name,relative_counts,ct,ct_0,barcode,ct_1,barcode_ind
ygeY_predicted,0.5058823529411764,126,84,AACGGACAGCGGTTTCCCGT,42,4799031
ygeY_predicted,0.6521739130434783,112,68,GGGGAGTTGGTCGATCTATA,44,4814602
ygeY_predicted,0.3333333333333333,90,68,CGCCTCAACCACGTTGTCGT,22,4798080
ygeY_predicted,0.35384615384615387,86,64,CGGGCACCTACGGGCCTAAA,22,4798242
ygeY_predicted,1.096774193548387,128,61,AGGCCGTCATCGGATATAAA,67,4802414
ygeY_predicted,0.3157894736842105,73,56,TTTATCATTCCACATATTAA,17,4794921
ygeY_predicted,0.21052631578947367,67,56,GGGCTGCTCAGGCAATCTAG,11,4803601
ygeY_predicted,1.4181818181818182,131,54,ATCGCCATCCTCCGCGGCTT,77,4808594
ygeY_predicted,0.49056603773584906,77,52,AAGAGCCCGTCGTGGAGAAT,25,4796459
ygeY_predicted,1.1764705882352942,109,50,ATCGATAAGCTCAAAGATAC,59,4797589
ygeY_predicted,0.0625,49,47,TTGAAGTGAGGCATGTCCTT,2,4795142
ygeY_predicted,0.4375,67,47,TAAGAGTACCATCCTAGCAA,20,4795575
ygeY_predicted,0.1702127659574468,53,46,TGTCACCCTATGGTATTCAG,7,4795550
ygeY_predicted,0.4888888888888889,65,44,GAGTGATCTACATAAGGCTG,21,4795084
ygeY_predicted,0.29545454545454547,55,43,GTGGATTGGGAGGTATTAGG,12,4812790
ygeY_predicted,0.36363636363636365,58,43,CCTACTGATTGCGATGCGAA,15,4795434
ygeY_predicted,0.13953488372093023,47,42,CGAGCAGTTTGGGCCTCAAT,5,4795026
ygeY_predicted,0.43902439024390244,57,40,ACCTGCAAAGCCGGACCTTA,17,4796165
ygeY_predicted,0.45,56,39,GGTTTGACAGGGAAACCAAC,17,4812965
ygeY_predicted,1.075,81,39,CGAGATGGTCTTCACATCCA,42,4795005
ygeY_predicted,0.358974358974359,51,38,TCGACCTTGGATCTGCAATG,13,4806104
ygeY_predicted,0.4864864864864865,53,36,GGAAAAGTAATATTGTTTTA,17,4795908
ygeY_predicted,0.24324324324324326,44,36,GAGATAGCTCAGATTAGATA,8,4801619
ygeY_predicted,0.05555555555555555,36,35,TCTCAGCGTCTCAGTAGAAC,1,4795094
ygeY_predicted,0.4722222222222222,51,35,TATCACACAGTAAGTTGCGA,16,4797863
ygeY_predicted,0.6,54,34,GCGAGGCAATCGACGTCGGT,20,4803417
ygeY_predicted,0.37142857142857144,46,34,AAGTCGCGTAGACGTATTAA,12,4796025
ygeY_predicted,0.8823529411764706,62,33,TGTTGTCAACGAGAAGGTGG,29,4813310
ygeY_predicted,0.2647058823529412,41,33,TACATATACACCCGGCTACA,8,4798938
ygeY_predicted,0.5294117647058824,50,33,GCATGTTACCCATACGGTCT,17,4796474
ygeY_predicted,0.9411764705882353,64,33,AATAGATGCGCCCTTGGGCT,31,4805883
ygeY_predicted,0.15151515151515152,36,32,TTTTCTAAAGTGTTGGCATG,4,4811332
ygeY_predicted,1.3333333333333333,75,32,GGGCCGGTCGAAGCCGTGGT,43,4803073
ygeY_predicted,0.09090909090909091,34,32,AGTGCAACGGGTGTGTCTGT,2,4802217
ygeY_predicted,1.3333333333333333,75,32,ACAAGTACAAAACACTGTAA,43,4795417
ygeY_predicted,0.53125,47,31,TTGCTCTGGACGTTCAGTCA,16,4795451
ygeY_predicted,0.8125,56,31,TGGCGCATTATCCCGTAGGA,25,4797345
ygeY_predicted,0.625,50,31,TCGAGGGACCAATGCTGCAA,19,4807039
ygeY_predicted,0.71875,53,31,TACGCAGGTCTCGATAGTTG,22,4803286
ygeY_predicted,0.6875,52,31,TAAGGGTCGATATGAACAAG,21,4805485
ygeY_predicted,0.28125,39,31,GTAGTCTTCTGGTTGCTCTT,8,4814399
ygeY_predicted,0.1875,36,31,GACTCCCTTGCTAGGCATGT,5,4801005
ygeY_predicted,0.96875,61,31,CTCCGGACAAAATTCGAAAG,30,4810192
ygeY_predicted,0.9375,60,31,CATACTTTTGAAGGGGAAGT,29,4802950
ygeY_predicted,0.40625,43,31,ACTTTCCCCAATCGATGAGT,12,4806987
ygeY_predicted,0.3225806451612903,39,30,TAATCATGGGGTTAGCGGGT,9,4797019
ygeY_predicted,0.6451612903225806,49,30,CTGGAGATCAATCGCACCTA,19,4796218
ygeY_predicted,0.7419354838709677,52,30,CTATATAGTCTGGCGCTTTG,22,4796873
ygeY_predicted,0.4838709677419355,44,30,AGAGGAGTCACATTTTAGAG,14,4796647
ygeY_predicted,1.1290322580645162,64,30,ACCAGCAGAGAATTCATCGT,34,4797487
ygeY_predicted,0.6,46,29,GATCAGCTGTGTCTCCCTTC,17,4796992
ygeY_predicted,1.4,70,29,CTCGGAAGTTTTTCACTCGA,41,4798926
ygeY_predicted,0.3333333333333333,38,29,ACCCAGTCTATGATTCCGGT,9,4804486
ygeY_predicted,1.0,56,28,TTGCAAAAGGTGCGGAGGGA,28,4795958
ygeY_predicted,0.8620689655172413,52,28,TTCCATGCGTTTGTTATTGA,24,4812690
ygeY_predicted,0.2413793103448276,34,28,TGATGGGCGATGTGCAGCCT,6,4809817
ygeY_predicted,0.4827586206896552,41,28,GTGCAAGTTACTTGTGCTTG,13,4810955
ygeY_predicted,0.896551724137931,53,28,GATATGCGATCGAATAGTTG,25,4795179
ygeY_predicted,0.3448275862068966,37,28,CTGGGGAAGTCGCATAAGGA,9,4804123
ygeY_predicted,0.896551724137931,53,28,CGGGGATAACCTTCTAGTGA,25,4811192
ygeY_predicted,0.20689655172413793,33,28,CCCAAAAGAAGGCGGTAAAA,5,4801173
ygeY_predicted,1.1379310344827587,60,28,ACTGAGCACTAACGCTTTCA,32,4800921
ygeY_predicted,0.1724137931034483,32,28,AAGCCCCAACAACTGTAGTT,4,4797273
ygeY_predicted,0.5517241379310345,43,28,AACACATCCGTCCATGCTCC,15,4797885
ygeY_predicted,1.0,54,27,TGTTGAAGGCGAACCTTAGA,27,4810011
ygeY_predicted,0.6785714285714286,45,27,GGTAGAGAGCAACAATATGT,18,4795328
ygeY_predicted,0.39285714285714285,37,27,CGGACCGGACTCATCCTCCT,10,4809279
ygeY_predicted,0.39285714285714285,37,27,CCAAGCCTCAGGCGCAACCA,10,4798792
ygeY_predicted,0.8214285714285714,49,27,CATGTTATGCAACGACCGAT,22,4815436
ygeY_predicted,0.5357142857142857,41,27,CAGATGACTAAGCGTCTCGT,14,4807252
ygeY_predicted,1.0714285714285714,56,27,CACTATATCTGAAAGTCACT,29,4799713
ygeY_predicted,0.6428571428571429,44,27,ACTTGTGAGCTTGCAGTCAC,17,4802672
ygeY_predicted,0.5185185185185185,39,26,TGCCTCTCAACTTCTGAAAC,13,4806075
ygeY_predicted,0.6666666666666666,43,26,TCCCAGACTGTCAAAATGCG,17,4804962
ygeY_predicted,0.6666666666666666,43,26,TACTAATAGCGAACACTAAA,17,4799720
ygeY_predicted,0.9629629629629629,51,26,TACATGACCCATGCTCACAG,25,4805078
ygeY_predicted,1.1111111111111112,55,26,CTCTTAAGGTCCCTATGGAG,29,4795507
ygeY_predicted,2.0,79,26,CGACAGAGACGTGTATCTAA,53,4795327
ygeY_predicted,0.7037037037037037,44,26,ATCACAACGCGAACTTTGTA,18,4814669
ygeY_predicted,3.074074074074074,108,26,AGCTAAAGACAGCCTCTTGT,82,4795353
ygeY_predicted,0.9259259259259259,50,26,ACTATCCTTGTCATACAAAA,24,4803333
ygeY_predicted,0.34615384615384615,33,25,GATATGCGCATCTGTGTAGT,8,4806981
ygeY_predicted,0.23076923076923078,30,25,CCTCCGTCAAGGTGTTCAGA,5,4796091
ygeY_predicted,0.9615384615384616,49,25,CAGTGCAACGCCTTGAAAGT,24,4807282
ygeY_predicted,0.8076923076923077,45,25,CAAGGGGGCCAGCTCGTGTG,20,4799514
ygeY_predicted,0.6153846153846154,40,25,ATGCGTCGCTCAACCTATGC,15,4801914
ygeY_predicted,0.6923076923076923,42,25,AGGAGCGTCGGATGGGAGGA,17,4813590
ygeY_predicted,0.6538461538461539,41,25,ACGGGATGCGCCCCCTGACG,16,4795272
ygeY_predicted,0.07692307692307693,26,25,AAAATTGGCGGATGTCTCCA,1,4804016
ygeY_predicted,0.8,43,24,GAGCGATCGGCATTGTCGCT,19,4797112
ygeY_predicted,1.28,55,24,CTGAAACTCTTATTGTTTAA,31,4804374
ygeY_predicted,0.28,30,24,CGTTGCACTCCGGACCTGAA,6,4795795
ygeY_predicted,0.56,37,24,CGCGGTAAATGACTTTGGTA,13,4805777
ygeY_predicted,0.6,38,24,CCTGGTCAGTTTGTATCCAA,14,4814063
ygeY_predicted,0.64,39,24,CCGTGACTTCTTACCACGCG,15,4812496
ygeY_predicted,0.48,35,24,CCCAATATTTGCACAGACGT,11,4802277
ygeY_predicted,0.48,35,24,AGACACAGCCCACAATTTAA,11,4795797
ygeY_predicted,0.72,41,24,ACCATTCCGACCTTGTTCTT,17,4796882
ygeY_predicted,1.1666666666666667,50,23,TTAGCCTCGCAGTGCTAAAA,27,4798374
ygeY_predicted,0.7083333333333334,39,23,TGGCCTGCTTCTGTTGGCGT,16,4804091
ygeY_predicted,0.625,37,23,TGAAAGCAGCCGGGACATCA,14,4800554
ygeY_predicted,0.9583333333333334,45,23,TATTTTCTCCATGCTCGGTT,22,4813005
ygeY_predicted,0.4583333333333333,33,23,TATGGAAAGATGTATTTGTC,10,4794963
ygeY_predicted,0.625,37,23,TAGGGAGCGCAATTATCTCA,14,4806524
ygeY_predicted,0.5416666666666666,35,23,TACGTATACCTCGCCCTTCG,12,4804569
ygeY_predicted,0.75,40,23,GTAGGACTTCGTTATAACGT,17,4801084
ygeY_predicted,0.5,34,23,GGTTCCCTAATAATGAGTAC,11,4807310
ygeY_predicted,1.5416666666666667,59,23,GGGCAATGCACCCATCCATA,36,4795640
ygeY_predicted,0.25,28,23,GGCTCCTTATCTCGCACTAC,5,4810100
ygeY_predicted,1.4166666666666667,56,23,GCTATAAGGATCGTGAGAGG,33,4806352
ygeY_predicted,0.8333333333333334,42,23,GCAACACATTACAATGAATT,19,4815268
ygeY_predicted,0.4583333333333333,33,23,GAGCATGGGTACCATTCAGT,10,4795337
ygeY_predicted,0.875,43,23,GAAACCCAAGGAGTATCAGT,20,4796801
ygeY_predicted,0.7916666666666666,41,23,CGTTCACCGGTCATTAGTGT,18,4795598
ygeY_predicted,0.375,31,23,CCGCTATTGCGGCAAACGCA,8,4799501
ygeY_predicted,1.5,58,23,CACCTGAGTCCACCTACGCT,35,4815597
ygeY_predicted,1.3478260869565217,52,22,TGACTGTAACCAGTATAAGA,30,4795551
ygeY_predicted,1.2608695652173914,50,22,TATTATGTCTACCAGGACTC,28,4795157
ygeY_predicted,0.08695652173913043,23,22,GTTTTTTGGGACAGAGGCAA,1,4807582
ygeY_predicted,0.6956521739130435,37,22,GTAATGTGTCTGGCTGATCT,15,4814128
ygeY_predicted,0.08695652173913043,23,22,CGGTTAAGGCACTTCGTGAA,1,4807880
ygeY_predicted,0.5652173913043478,34,22,CGACGAACCCGATCAGGATG,12,4809044
ygeY_predicted,0.4782608695652174,32,22,CCCTGCTTGCACTTTCGCAG,10,4796703
ygeY_predicted,0.4782608695652174,32,22,CATAGATGTTGAGGCTCCGT,10,4804549
ygeY_predicted,0.08695652173913043,23,22,AGGCAACACAGCGGCCGGAA,1,4796956
ygeY_predicted,0.9130434782608695,42,22,ACGACACGATAGGCATATCG,20,4796200
ygeY_predicted,0.7391304347826086,38,22,ACACGTTTCACTTTGCCCTA,16,4812176
ygeY_predicted,1.7826086956521738,62,22,AACTTCGCTCTGAGACTGTC,40,4802160
ygeY_predicted,0.6956521739130435,37,22,AACGAGGTGCCAGAAATAAT,15,4805584
ygeY_predicted,0.3181818181818182,27,21,TTCTCACAGAGGATCGTTAG,6,4807312
ygeY_predicted,0.3181818181818182,27,21,TGTTGTCTGGGTAGCGTTTA,6,4798993
ygeY_predicted,0.5454545454545454,32,21,TGACTGAGGACTCTAGGCAT,11,4795809
ygeY_predicted,0.5,31,21,TGAACGCAACTTGCAACTGT,10,4799278
ygeY_predicted,0.4090909090909091,29,21,TCGAAGTCCTAACCTTGCCA,8,4802742
ygeY_predicted,0.45454545454545453,30,21,TAGCGATGATCTTACATTTG,9,4802783
ygeY_predicted,1.2727272727272727,48,21,TAAACGGGCGGAGCTTTCAC,27,4797952
ygeY_predicted,1.8181818181818181,60,21,GGCACTTGATCTTCGCAGAT,39,4801639
ygeY_predicted,0.9090909090909091,40,21,GCCGGTCTTGGCGTGCCGTT,19,4808079
ygeY_predicted,0.6363636363636364,34,21,CTGGCCCGCAGATTTAATCC,13,4803549
ygeY_predicted,1.6363636363636365,56,21,CGTTGGTATACGTGCGCTTA,35,4801702
ygeY_predicted,0.36363636363636365,28,21,CGCAACGGGCGGTAACCCGA,7,4806166
ygeY_predicted,0.5,31,21,ACGGTAGGTCGGTTGCGCTA,10,4809737
ygeY_predicted,0.6818181818181818,35,21,AAAGCATCGACTCACAACGC,14,4799216
ygeY_predicted,0.09523809523809523,21,20,TTGTCAACTGATTTATTCCA,1,4799766
ygeY_predicted,0.7142857142857143,34,20,TGCGGACGCATCAGCTACAC,14,4798555
ygeY_predicted,1.3333333333333333,47,20,TGCGCGTGTAGGCAAGATGA,27,4815699
ygeY_predicted,0.6190476190476191,32,20,GTGACTCGTCAATTCCGGGA,12,4794968
ygeY_predicted,0.2857142857142857,25,20,GTCTCATCCGACTCTGATTT,5,4796230
ygeY_predicted,0.47619047619047616,29,20,GTATTGATCGGATTGCGTGC,9,4807549
ygeY_predicted,0.09523809523809523,21,20,CTTTATGAATGAGAGTCCCT,1,4808935
ygeY_predicted,0.09523809523809523,21,20,CTGGCCCACCGATAGTGTCA,1,4803957
ygeY_predicted,0.7142857142857143,34,20,CGGGGCGAACGCAATTCACC,14,4799879
ygeY_predicted,0.7619047619047619,35,20,CGATGGCCTCGCAAGTCTAA,15,4797399
ygeY_predicted,0.6190476190476191,32,20,CCTGCCGCTTTATGTTTTTA,12,4816449
ygeY_predicted,1.380952380952381,48,20,CCCCCGACGTTAATTGATGG,28,4795669
ygeY_predicted,0.9047619047619048,38,20,CCAGCCGTCCTCCATAATAG,18,4815357
ygeY_predicted,0.09523809523809523,21,20,CATTCAGAGCCTAGTTTTAA,1,4805285
ygeY_predicted,2.380952380952381,69,20,AGATCTCATACCTTTATCAC,49,4815454
ygeY_predicted,0.14285714285714285,22,20,ACATAGGCGTATGTCGTCAT,2,4796205
ygeY_predicted,0.09523809523809523,21,20,AATTCTGCGTACCCTTGCGA,1,4799798
ygeY_predicted,0.8095238095238095,36,20,AACAATGGATTTACATTTGC,16,4796839
ygeY_predicted,1.25,43,19,TTGTTTTGCGGGCATAAGAT,24,4795041
ygeY_predicted,0.45,27,19,TGACGTTGAAACACAAGTGT,8,4798328
ygeY_predicted,2.05,59,19,TCCTAGGGTCCGCTGGCGTG,40,4799447
ygeY_predicted,1.1,40,19,GGTCAGTATCATTGCACAGC,21,4797198
ygeY_predicted,0.95,37,19,GGCCCTCGGTGGAATTGGGT,18,4805884
ygeY_predicted,1.05,39,19,GGATTTTATCAAACCCTTGA,20,4800343
ygeY_predicted,1.25,43,19,GCAGGACGCCACATAGGAAT,24,4813231
ygeY_predicted,0.7,32,19,CTATTTGGGTCGCTCAGAAG,13,4814352
ygeY_predicted,0.65,31,19,CGCTTATGGATTACCAGTAG,12,4803171
ygeY_predicted,0.6,30,19,CGCTGCGCTACTAGCGGAGT,11,4805776
ygeY_predicted,2.2,62,19,CGAGGGTTAACTAACTTTCG,43,4803363
ygeY_predicted,0.8,34,19,CAAGGTGTGGGGAAGTGCTC,15,4814497
ygeY_predicted,0.5,28,19,ATACGCGGCGCCACGGAAGA,9,4811507
ygeY_predicted,1.05,39,19,ATACAACCCATCGGATGTGA,20,4810989
ygeY_predicted,0.95,37,19,AGTCATCAGTGCCTTAACCG,18,4808220
ygeY_predicted,0.1,20,19,AGCCGTGGTGGGTGTCCATG,1,4802231
ygeY_predicted,0.75,33,19,ACGGTACCGTCCTATACTGC,14,4796019
ygeY_predicted,0.75,33,19,ACAGTATTATAGGTGAGGTG,14,4800990
ygeY_predicted,0.9,36,19,AATTATGACGTCCGGTTAAA,17,4798046
ygeY_predicted,0.75,33,19,AACGTACCTCCGAGATCAGT,14,4809841
ygeY_predicted,0.7368421052631579,31,18,TTGTTGCTACCGAGGTTCCA,13,4799821
ygeY_predicted,0.3157894736842105,23,18,TTGACGCAACCAGACTTCTA,5,4816495
ygeY_predicted,0.6842105263157895,30,18,TGGGAAAAGGATTCAGCAGG,12,4799082
ygeY_predicted,2.4210526315789473,63,18,TCTCTAGCAGGTTAACTTGC,45,4803935
ygeY_predicted,1.631578947368421,48,18,TCGTGCGATTGGATTATACA,30,4804576
ygeY_predicted,1.3157894736842106,42,18,TAAGCGTACGCGATCTTGTC,24,4798850
ygeY_predicted,1.9473684210526316,54,18,GTTGAAAGTGAGTGGGGAAT,36,4813125
ygeY_predicted,0.8421052631578947,33,18,GTTCCAGTTGCTCAGTCGTA,15,4808800
ygeY_predicted,0.3684210526315789,24,18,GTTAGAAAGTGGTCACAAGC,6,4795116
ygeY_predicted,0.6842105263157895,30,18,GGCCCCTCCGGTGCCTAGCA,12,4808210
ygeY_predicted,0.2631578947368421,22,18,GGATGAATGGAAGAGCACCT,4,4815921
ygeY_predicted,0.15789473684210525,20,18,GCCTTCACGTGTTATTGAAT,2,4798159
ygeY_predicted,1.0,36,18,GATGTCGGGAGCGGCTCTCC,18,4799536
ygeY_predicted,0.6842105263157895,30,18,GAACAACAGATGCCACCACT,12,4798010
ygeY_predicted,0.10526315789473684,19,18,CTTCGGCTTATCGGAACTAA,1,4797437
ygeY_predicted,1.8421052631578947,52,18,CGGCCGCGTTCGTACATCGT,34,4797737
ygeY_predicted,0.631578947368421,29,18,CGATATTGACAACACACTCA,11,4802168
ygeY_predicted,1.6842105263157894,49,18,CCGGTAGCATTTTGGTTTTG,31,4796020
ygeY_predicted,0.9473684210526315,35,18,CAATAATCCCGGAACCGAAG,17,4816867
ygeY_predicted,0.631578947368421,29,18,AATAGCGCACATCGTGGCTC,11,4797780
ygeY_predicted,1.6842105263157894,49,18,AAGGAGTTTCCGGGCAATGC,31,4794885
ygeY_predicted,0.5555555555555556,26,17,TTCACGCGTTGCCATTTCTT,9,4795508
ygeY_predicted,0.1111111111111111,18,17,TGTAGCGCGTCTCACACATT,1,4796716
ygeY_predicted,2.0,52,17,TAGATTAGGCCCTTAATGTG,35,4811206
ygeY_predicted,1.3333333333333333,40,17,TAGAGCTCTGAGTTAGGTCA,23,4797795
ygeY_predicted,2.5555555555555554,62,17,GTGTCTATAGCTGCATTCAT,45,4803007
ygeY_predicted,0.8888888888888888,32,17,GTGCATGTTGCTGGTTCTCG,15,4797469
ygeY_predicted,0.9444444444444444,33,17,GGGATGGAGGGTATGTGTTA,16,4798386
ygeY_predicted,0.7222222222222222,29,17,GCCCGGCCTACTTTGCCTAT,12,4806783
ygeY_predicted,0.7777777777777778,30,17,GCACGCGAGCCACCGGTCTC,13,4804506
ygeY_predicted,0.5555555555555556,26,17,GAGTTAAATAATAGTCTGAT,9,4806683
ygeY_predicted,1.0555555555555556,35,17,GAGGTTTACAGTACACGAGG,18,4798635
ygeY_predicted,1.4444444444444444,42,17,CTATTGTGGGGACACAGGTG,25,4798309
ygeY_predicted,1.1666666666666667,37,17,CTATCTTTGTCATTGAACGT,20,4795717
ygeY_predicted,0.1111111111111111,18,17,CTAATCAGTTCGTCATTTTG,1,4813217
ygeY_predicted,1.2222222222222223,38,17,CCCAGTCTTTGCTTGGTAAC,21,4807040
ygeY_predicted,0.9444444444444444,33,17,CCACACGCCGTGATTGAACG,16,4805762
ygeY_predicted,0.16666666666666666,19,17,CATTTTTTGTGGCTTCGTAG,2,4814541
ygeY_predicted,0.3888888888888889,23,17,ATTATAAGTCGCGAATCGGA,6,4808866
ygeY_predicted,1.0,34,17,ATCCCTGCGTATGAACGGCC,17,4797929
ygeY_predicted,0.6111111111111112,27,17,AGGTAATCTGGCGGTTACCT,10,4800135
ygeY_predicted,0.8333333333333334,31,17,AAGTTATATGATCAATCTTC,14,4811687
ygeY_predicted,1.0555555555555556,35,17,AAGATGACCTCGTTTTGCTT,18,4809892
ygeY_predicted,0.8333333333333334,31,17,AACTTAAGACTCGCGCTCCA,14,4811656
ygeY_predicted,1.0,32,16,TCTAGTCGTGGTACAGGCTA,16,4816742
ygeY_predicted,2.823529411764706,63,16,TATTCAGTTCAGACGTTGGG,47,4805029
ygeY_predicted,0.8823529411764706,30,16,GTGTCGGTGGAGTACGGTCA,14,4796685
ygeY_predicted,0.7647058823529411,28,16,GGCCCAATTCCTGGTAAGCT,12,4800939
ygeY_predicted,0.9411764705882353,31,16,GCCTCGGCGTATGATAAGCT,15,4815608
ygeY_predicted,0.47058823529411764,23,16,GCCAGGAGTATGGCCATAAA,7,4809427
ygeY_predicted,0.23529411764705882,19,16,GCAATTGGCCCGCACAGTGT,3,4815386
ygeY_predicted,0.7058823529411765,27,16,CTGCAGTCTTCGGCAGAGCA,11,4799032
ygeY_predicted,0.4117647058823529,22,16,CTAGAGCCCCGGTTTGACAC,6,4816361
ygeY_predicted,0.8823529411764706,30,16,CTAGACCTCCGCGCCAGACA,14,4801973
ygeY_predicted,0.7647058823529411,28,16,CGTATTCTTCCATAGCTCAT,12,4808738
ygeY_predicted,0.4117647058823529,22,16,CGGGTTGGCGTTGTTTCTAG,6,4812768
ygeY_predicted,1.411764705882353,39,16,CGCCGAATTCCCGTGTCCGT,23,4800219
ygeY_predicted,2.0588235294117645,50,16,CGAGGGAGTTGGAAGCTAGT,34,4796567
ygeY_predicted,1.7647058823529411,45,16,CCTTCTATCTTTGGTTGTTT,29,4802284
ygeY_predicted,0.7647058823529411,28,16,CCTCCTCACCGAGAGGCATT,12,4806361
ygeY_predicted,1.1764705882352942,35,16,CCGTATCTACTCAGCTCCCA,19,4807919
ygeY_predicted,0.5294117647058824,24,16,CCCTAGCTGATCGCCAACTC,8,4804522
ygeY_predicted,0.9411764705882353,31,16,CATTTGTGCGTGAAGAACGT,15,4816210
ygeY_predicted,1.0588235294117647,33,16,CATATTCTCCATCGGCACAG,17,4796851
ygeY_predicted,0.11764705882352941,17,16,CAGCGATGGTTGAGAGGCTA,1,4795641
ygeY_predicted,1.0588235294117647,33,16,CAGCAACGGTCCATTGGGTC,17,4795143
ygeY_predicted,0.29411764705882354,20,16,ATGGGGTTTTGAGGTTCTTC,4,4807760
ygeY_predicted,0.47058823529411764,23,16,ATGACACGAGCGATCGCATT,7,4812728
ygeY_predicted,1.4705882352941178,40,16,ATCCGCGCCGACCGTTGTGC,24,4801609
ygeY_predicted,2.2941176470588234,54,16,AGGGGCAGAATAGGGCGCCG,38,4805953
ygeY_predicted,0.5294117647058824,24,16,AGCACCGCAGGTTATGGCCT,8,4816344
ygeY_predicted,0.47058823529411764,23,16,AGATCCAGAGAAATCACTCA,7,4815933
ygeY_predicted,1.2352941176470589,36,16,ACTTCAAAGCGCGGTTAACG,20,4805133
ygeY_predicted,1.1176470588235294,34,16,ACTCGTAGCTAGATAACCAT,18,4810446
ygeY_predicted,1.0,32,16,ACGCTTAGTCCTCCCGGCGT,16,4815687
ygeY_predicted,1.6470588235294117,43,16,ACCTGTGGACTGCTTTCGTT,27,4806053
ygeY_predicted,1.0588235294117647,33,16,AAGTGGGCCTCCCACACCTC,17,4801287
ygeY_predicted,3.176470588235294,69,16,AACACATGTCGTTCGGCCCT,53,4795199
ygeY_predicted,1.75,42,15,TTCTTGTGCCCTGTACGTCG,27,4795160
ygeY_predicted,2.5,54,15,TTCAACCGTGAAAACTATTG,39,4796209
ygeY_predicted,0.25,18,15,TGGCCTAAAGGAATCGCCAT,3,4806345
ygeY_predicted,1.5,38,15,TGAGTGTGACTACCCACAAT,23,4798175
ygeY_predicted,0.75,26,15,TCTGGGTGATGGGTTTTGAA,11,4803258
ygeY_predicted,0.875,28,15,TCCACCAAACGGTTTGGCAA,13,4809283
ygeY_predicted,0.5,22,15,TCAGTCTCCGTCTGATCGGA,7,4796863
ygeY_predicted,0.125,16,15,TCAAACGGCGCCGAGCGTCG,1,4802993
ygeY_predicted,1.1875,33,15,TAACTATGATCCGGTTCCAA,18,4801187
ygeY_predicted,0.125,16,15,TAAATGTACGGTCTTTACCA,1,4813463
ygeY_predicted,0.25,18,15,GTTTCCGTCCGATCCGGTAG,3,4800630
ygeY_predicted,1.625,40,15,GTTGAGAAGTCCATCGCTGC,25,4810807
ygeY_predicted,1.1875,33,15,GTGCGCTTTTTCGTATTGAT,18,4798650
ygeY_predicted,0.75,26,15,GGCGATGCCGATTCTACTTC,11,4800873
ygeY_predicted,0.3125,19,15,GGCCTCAAAAACGCTATAGT,4,4816817
ygeY_predicted,0.875,28,15,GCGGTAATCGAAGCCCTCCT,13,4799671
ygeY_predicted,0.8125,27,15,GCCTATGCTGCATTCCCTAG,12,4814368
ygeY_predicted,0.75,26,15,GATAGTACCGCGCTAAGAAC,11,4806398
ygeY_predicted,0.75,26,15,GAGACTCGCTTGCGATTCAA,11,4802471
ygeY_predicted,1.4375,37,15,CTGCCCTTCTTGCTCGAGCA,22,4816102
ygeY_predicted,0.5625,23,15,CTCAACTCGTCCATATGAAC,8,4796151
ygeY_predicted,0.6875,25,15,CGCCTCGACGTGCGTTATAG,10,4799310
ygeY_predicted,0.5625,23,15,CGAGCCCTGTCAACGCCGAG,8,4810251
ygeY_predicted,1.9375,45,15,CCTTTCAGTGATACATGAGT,30,4815224
ygeY_predicted,2.25,50,15,CCGAACGGCTGCCAGGGGCA,35,4802934
ygeY_predicted,1.1875,33,15,ATCCGTTTTATTTGCGCGAA,18,4807027
ygeY_predicted,1.5,38,15,AGGTATGAGCTACAGCTGAT,23,4806071
ygeY_predicted,1.0,30,15,AGCGCCCATTTTACAGGATG,15,4797424
ygeY_predicted,0.8125,27,15,AAGTATCATGGCATAAGTTA,12,4795812
ygeY_predicted,0.4375,21,15,AAAAACGCGTTCGACTGGGA,6,4802519
ygeY_predicted,1.0666666666666667,29,14,TCTCTTCAAACTGCATATCT,15,4801840
ygeY_predicted,0.26666666666666666,17,14,GTTGTCAGTGGAGAATAGAG,3,4798591
ygeY_predicted,1.4666666666666666,35,14,GTCTAGGATATACCGTGCTT,21,4804340
ygeY_predicted,1.2666666666666666,32,14,GGTCCATACGCCTGGCGCGT,18,4803744
ygeY_predicted,0.4666666666666667,20,14,GGCGGGAAGTAAGGTTTTGA,6,4805815
ygeY_predicted,1.2,31,14,GGCCCGATGCGTAAAACGTC,17,4813825
ygeY_predicted,0.4,19,14,GGATGAGTTCAGTTCACCTC,5,4816808
ygeY_predicted,1.8666666666666667,41,14,GCATTGTGTAGTAGCGGGTC,27,4811939
ygeY_predicted,0.3333333333333333,18,14,GCAAATATCGACAGCGACTC,4,4795233
ygeY_predicted,1.4666666666666666,35,14,GATTGATCGGACCCTGGTCA,21,4810180
ygeY_predicted,1.2666666666666666,32,14,CTGATGCCGCCGCCGGCGTA,18,4804422
ygeY_predicted,0.8666666666666667,26,14,CTGAGATACGCCTTGGTCAT,12,4805491
ygeY_predicted,1.7333333333333334,39,14,CTCCGCGCACGCCCCGGCTG,25,4795592
ygeY_predicted,1.2666666666666666,32,14,CGTATGACTAGCAGGTCGAG,18,4805421
ygeY_predicted,1.0666666666666667,29,14,CCCGAGTCCGCAATAGGTGC,15,4807343
ygeY_predicted,0.6666666666666666,23,14,CCAAATAAACGGACTCGCAA,9,4807683
ygeY_predicted,0.13333333333333333,15,14,CATAGCGTCAACCCTTGCAA,1,4796046
ygeY_predicted,0.6,22,14,CAATCGGTGATGGCAATTTA,8,4812591
ygeY_predicted,1.0,28,14,CAACTTACCCTACGGGATAT,14,4816424
ygeY_predicted,0.13333333333333333,15,14,ATGTCAGCCTACTATTCGGC,1,4804452
ygeY_predicted,1.9333333333333333,42,14,ATGCTGGCGCAACGTTGGGA,28,4798599
ygeY_predicted,1.6666666666666667,38,14,AGGCTACGCATGCCAAGTTT,24,4798025
ygeY_predicted,1.2666666666666666,32,14,AGGCATTGGGCACCCGTTAT,18,4809630
ygeY_predicted,0.9333333333333333,27,14,AGCAGGCTCGGAACCGTCCC,13,4796344
ygeY_predicted,0.9333333333333333,27,14,ACCACGAATCTCGAGCGCTT,13,4810661
ygeY_predicted,2.7333333333333334,54,14,AATCTCCAGACTGGTGAGTA,40,4804192
ygeY_predicted,1.0,28,14,AAGTTACACACGGGAATTAC,14,4802631
ygeY_predicted,0.14285714285714285,14,13,TTCGGTGCGTAAGTGGAGAT,1,4806781
ygeY_predicted,0.7142857142857143,22,13,TCGTCGGGGCGAAGAGAATT,9,4803712
ygeY_predicted,0.8571428571428571,24,13,TCGCCTGGTCTGTGTAGCTA,11,4806825
ygeY_predicted,0.7142857142857143,22,13,TCCGAGATAGCTACATGTCT,9,4813897
ygeY_predicted,1.9285714285714286,39,13,TCATCAGTATCAAACCCGTG,26,4795306
ygeY_predicted,2.2142857142857144,43,13,TACTATACCCTTCGCGTCCT,30,4805025
ygeY_predicted,1.9285714285714286,39,13,TACCTAATCACTCAGCGTTG,26,4803256
ygeY_predicted,0.5714285714285714,20,13,TAACAACGTGACTCTACCGC,7,4802842
ygeY_predicted,1.3571428571428572,31,13,GTCACTCCTTAAAGCAGCGG,18,4809562
ygeY_predicted,0.8571428571428571,24,13,GGTCACTGGGATACTTCTAA,11,4800392
ygeY_predicted,1.0,26,13,GGCTCCGCTAACACGAGATC,13,4803669
ygeY_predicted,1.0714285714285714,27,13,GGCAAACGGCGAGCCTTGCG,14,4798361
ygeY_predicted,1.1428571428571428,28,13,GGACACCGTTCAGGCGTTCA,15,4798331
ygeY_predicted,1.2142857142857142,29,13,GGAACAGCGACCCCGGAATG,16,4814690
ygeY_predicted,0.7857142857142857,23,13,GCTGCTTTTGCCGCCCGGCA,10,4815854
ygeY_predicted,0.35714285714285715,17,13,GCACCAGCACGTAAACGAAC,4,4812875
ygeY_predicted,2.9285714285714284,53,13,GATCGGATCACACTTATAAG,40,4802589
ygeY_predicted,0.7142857142857143,22,13,GACGGAATACGCGCATACTA,9,4807449
ygeY_predicted,0.9285714285714286,25,13,CTTGTTCGGTAAAAAGACAT,12,4795951
ygeY_predicted,1.4285714285714286,32,13,CTTACGTCGGCCCAGAGTCA,19,4805858
ygeY_predicted,1.0,26,13,CTGTTCCGAATGTAGGATTA,13,4814457
ygeY_predicted,1.3571428571428572,31,13,CTCGGCAAGGAGATCGCGAT,18,4798725
ygeY_predicted,2.142857142857143,42,13,CGTCCGGTAACTTTATGTGG,29,4811413
ygeY_predicted,1.6428571428571428,35,13,CCGGATTGCCGACCTCACCA,22,4803188
ygeY_predicted,0.6428571428571429,21,13,CCGAGTGCCCTGCCATTAAG,8,4804920
ygeY_predicted,1.7142857142857142,36,13,CCACGGTATCGTTCGCGCCA,23,4813616
ygeY_predicted,1.7857142857142858,37,13,CAGATCTGAAGAGGTCATTC,24,4796216
ygeY_predicted,0.7857142857142857,23,13,CAAGGTTTAACGTGCTATCA,10,4797533
ygeY_predicted,0.8571428571428571,24,13,ATTGGCTCAGAGTATCACCG,11,4796006
ygeY_predicted,0.14285714285714285,14,13,ATCGCAGTTATCTGACCTGG,1,4811101
ygeY_predicted,1.3571428571428572,31,13,ATCGACATGGTGTATGAACT,18,4811443
ygeY_predicted,0.7142857142857143,22,13,ATCACGTTCCCGGAGCCCAA,9,4796865
ygeY_predicted,0.9285714285714286,25,13,ACGGATTGTGCGTGAAAGTT,12,4797073
ygeY_predicted,2.7142857142857144,50,13,ACGATTGGTCTGTAATTGTA,37,4806347
ygeY_predicted,0.14285714285714285,14,13,AATCATGAAGGAAGGAGACT,1,4799290
ygeY_predicted,0.21428571428571427,15,13,AACCGTCAATACATTTCGTC,2,4796073
ygeY_predicted,0.35714285714285715,17,13,AAATTAGCCCGCCTCGGCTA,4,4797757
ygeY_predicted,1.0714285714285714,27,13,AAATGCATGAAGCATGACGA,14,4815641
ygeY_predicted,0.5714285714285714,20,13,AAACAGTTCTGCAGCCAACG,7,4795446
ygeY_predicted,1.0769230769230769,25,12,TTGGCGCTACTCCAACAATA,13,4812472
ygeY_predicted,0.46153846153846156,17,12,TTCGTTTATCTGGGTTGCGC,5,4797306
ygeY_predicted,1.3846153846153846,29,12,TTAATAGCATGACCCAGCTG,17,4795397
ygeY_predicted,1.2307692307692308,27,12,TGCTCTGCTGGTACCCAGGG,15,4806759
ygeY_predicted,0.6923076923076923,20,12,TCTGTTACAAGGATGGGATA,8,4812139
ygeY_predicted,1.9230769230769231,36,12,TCTACCAAGTGGATGAACTT,24,4806554
ygeY_predicted,0.38461538461538464,16,12,TCGATATCAACATAGTCGGT,4,4802694
ygeY_predicted,1.3076923076923077,28,12,TCGAAGCGTTGCCGGATCCT,16,4810320
ygeY_predicted,1.2307692307692308,27,12,TCATGCATCCAAAGGCGCAA,15,4799666
ygeY_predicted,1.5384615384615385,31,12,TAATAGGTCTATCACTACTT,19,4802102
ygeY_predicted,0.9230769230769231,23,12,TAACTGACTTCGCCTGACGT,11,4796130
ygeY_predicted,0.6153846153846154,19,12,GTAAGTGGTTTACATTTCGA,7,4795441
ygeY_predicted,1.5384615384615385,31,12,GGGTAGCCGGAGCAAATACG,19,4795907
ygeY_predicted,3.3846153846153846,55,12,GGAGCTTCGTCAAAGCAACA,43,4801610
ygeY_predicted,3.1538461538461537,52,12,GCCCTTATGACTGAATGTTC,40,4806859
ygeY_predicted,1.8461538461538463,35,12,GCATCATGCTCGTCCTGGGA,23,4797965
ygeY_predicted,1.0,24,12,GCATACGGATAAACGTTAGC,12,4796525
ygeY_predicted,0.8461538461538461,22,12,GCAGAGAGGTGCAAGTGCAA,10,4796560
ygeY_predicted,0.7692307692307693,21,12,GAGGACCCAATCGTTCAGTT,9,4799178
ygeY_predicted,0.6923076923076923,20,12,GACCGGTTACTTACCAGCTT,8,4814266
ygeY_predicted,0.6153846153846154,19,12,GAATCGCGTATGGTAGCTGC,7,4797488
ygeY_predicted,1.6153846153846154,32,12,CTTGTCGGACCACCTGCGTC,20,4811419
ygeY_predicted,1.6923076923076923,33,12,CTTGGGTTAAGTGAGTAGCG,21,4798528
ygeY_predicted,1.5384615384615385,31,12,CTTACGAATGCTAAGGACAA,19,4805402
ygeY_predicted,1.3846153846153846,29,12,CTGCTTTTTACGGAGCGGCA,17,4805483
ygeY_predicted,1.0,24,12,CTCATTCAATTCACGTGGCT,12,4804001
ygeY_predicted,1.3076923076923077,28,12,CGCCTGTTAATTGCTACCGC,16,4808362
ygeY_predicted,0.7692307692307693,21,12,CGCAACGCAAGTTTCGACAT,9,4797517
ygeY_predicted,2.6923076923076925,46,12,CGATCAAAGCCGCCTAGTGG,34,4808592
ygeY_predicted,1.4615384615384615,30,12,CCCTCCGAAACAGGCTCTGA,18,4813857
ygeY_predicted,0.15384615384615385,13,12,CACACGTGTTTCGGAGAATG,1,4795948
ygeY_predicted,1.6923076923076923,33,12,ATGCGAAGAATTAAGAACGA,21,4803856
ygeY_predicted,1.3846153846153846,29,12,ATCGAATGCGGCCCGGTTCG,17,4800580
ygeY_predicted,1.0769230769230769,25,12,AGTGTACTTGGTAAGCACCC,13,4815038
ygeY_predicted,1.0769230769230769,25,12,AGTCGGAACCTGAGCTCCGT,13,4799623
ygeY_predicted,0.15384615384615385,13,12,AGGAGCGGAATGCAGACCAA,1,4795279
ygeY_predicted,1.2307692307692308,27,12,AGCGTCTACTATGCCCCGAT,15,4805737
ygeY_predicted,1.0769230769230769,25,12,AGATGTAGCGATTAAGGTGT,13,4797388
ygeY_predicted,0.6923076923076923,20,12,AGAGTGGACCTCGTCTATTA,8,4810764
ygeY_predicted,1.0,24,12,ACCTATGTCGCCTCCGTGCA,12,4803518
ygeY_predicted,1.6923076923076923,33,12,ACCCTTCCTAAAATGCCGAA,21,4814335
ygeY_predicted,0.3076923076923077,15,12,ACATGTGTGGCCGGGAGTCC,3,4810138
ygeY_predicted,1.0,24,12,AAAACTTGAATTGACCGGTG,12,4806137
ygeY_predicted,1.4166666666666667,27,11,TTGGATACTCCGATCAACCC,16,4805754
ygeY_predicted,1.4166666666666667,27,11,TTCCTGATAAGTAGTAGTAT,16,4803479
ygeY_predicted,1.3333333333333333,26,11,TTATTAATTGCAGCCATTAC,15,4795114
ygeY_predicted,0.5,16,11,TGTACTTGGCCCAAATGCGA,5,4803708
ygeY_predicted,1.1666666666666667,24,11,TCTCCTGTGTCCACAGCGTC,13,4797257
ygeY_predicted,0.5,16,11,TCAGCACCAGTACCGGCGTA,5,4798033
ygeY_predicted,2.5,40,11,TAGGTAAGCACCCCTCTTGT,29,4800656
ygeY_predicted,1.5833333333333333,29,11,TACCCTACGGAACCCTAGTC,18,4814717
ygeY_predicted,2.8333333333333335,44,11,TACACTGTATAAGACACGTC,33,4795997
ygeY_predicted,1.25,25,11,TAACGGAACTGGACACCTAT,14,4809632
ygeY_predicted,0.75,19,11,GTATTCTTTTGTTAGGTCTT,8,4813465
ygeY_predicted,1.5833333333333333,29,11,GGTCGGGAGGGATGTGGGGC,18,4809487
ygeY_predicted,1.0,22,11,GGTATGACTGGTGTCAATAC,11,4795496
ygeY_predicted,0.9166666666666666,21,11,GGGCCTTCTACCTCGGAGGT,10,4795940
ygeY_predicted,1.1666666666666667,24,11,GGCCCCCGCACTGCTATCAT,13,4797373
ygeY_predicted,2.75,43,11,GCGGCCATCGGAATCCCTCA,32,4799917
ygeY_predicted,1.3333333333333333,26,11,GCGAGTTAGAGCTTCCCGTT,15,4801796
ygeY_predicted,0.16666666666666666,12,11,GCGAGGTACTTGTCTCTGAA,1,4807459
ygeY_predicted,0.16666666666666666,12,11,GCCTTAAGGTGATGTGTCAT,1,4806477
ygeY_predicted,1.3333333333333333,26,11,GCCTCTGTACCTTAAGGCAG,15,4814037
ygeY_predicted,1.75,31,11,GCCTATCGATGGATATTTAA,20,4802480
ygeY_predicted,0.9166666666666666,21,11,GAGCAGGTTACCATGGACAG,10,4812763
ygeY_predicted,0.75,19,11,CTTTGGCTAATCCTGTAGAC,8,4799181
ygeY_predicted,0.8333333333333334,20,11,CTTAATCACTTATTAAGCTC,9,4799680
ygeY_predicted,0.3333333333333333,14,11,CTGTTTGACTGTAGGGTTCA,3,4811947
ygeY_predicted,1.5,28,11,CTCTTATCGTGCGCCTTAAA,17,4805361
ygeY_predicted,1.25,25,11,CTCCGTAACTCGCTCTGGAA,14,4804120
ygeY_predicted,0.5833333333333334,17,11,CTCCGGCTGCACCGGGCTGC,6,4809501
ygeY_predicted,1.3333333333333333,26,11,CGTTATGTTCTCATAAGCCT,15,4799033
ygeY_predicted,1.75,31,11,CGCGCTCTACATTTAGGGGG,20,4800662
ygeY_predicted,1.75,31,11,CGCCAGCCGCCTCTCGGGGC,20,4807065
ygeY_predicted,2.3333333333333335,38,11,CGCAGCAATATTAATGCAAA,27,4814574
ygeY_predicted,2.0,34,11,CGAGAATGTTAGAGAACTCT,23,4813049
ygeY_predicted,1.0,22,11,CCTTGTGTGGTGGCATAATG,11,4813509
ygeY_predicted,2.25,37,11,CATAAAGTGCGCCTTATATT,26,4811486
ygeY_predicted,0.9166666666666666,21,11,CAGGAAGCTGGGGGCTAGTT,10,4811232
ygeY_predicted,3.1666666666666665,48,11,CAGCATAAGCCCCGGGTTGT,37,4797781
ygeY_predicted,1.0,22,11,CAGATGCGGGCTCCCTGCGC,11,4797136
ygeY_predicted,0.25,13,11,CACTGGGGATCGCCGAGATC,2,4799215
ygeY_predicted,1.0,22,11,CAATCGCTTTCATGGCATGT,11,4796662
ygeY_predicted,1.5,28,11,CAACGGATTAAAGCGGCCAT,17,4810921
ygeY_predicted,0.8333333333333334,20,11,ATGGGATCAGATGCCCCTAC,9,4810217
ygeY_predicted,2.3333333333333335,38,11,ATAGGTCTGAGTGATTCACT,27,4801700
ygeY_predicted,0.3333333333333333,14,11,ATACACAAGTTACGGAACTC,3,4816931
ygeY_predicted,1.25,25,11,AGCAATCCCATGCTATCCAG,14,4813920
ygeY_predicted,1.4166666666666667,27,11,AATTTATTCCGGGCAACGTA,16,4815358
ygeY_predicted,1.3333333333333333,26,11,AATTAGAGGCTCTGGAACGG,15,4795158
ygeY_predicted,1.3333333333333333,26,11,AAGTGCTGAAGATAAGCATA,15,4816200
ygeY_predicted,0.3333333333333333,14,11,AAGCCCACACATCAGGAACA,3,4798720
ygeY_predicted,0.7272727272727273,17,10,TTTCGGTAGTCTGAGCACTA,7,4810028
ygeY_predicted,2.0,31,10,TTTCACGCTCAGAAGCTTCT,21,4796665
ygeY_predicted,1.4545454545454546,25,10,TTCCCGGCATCCTGCAAGTG,15,4813520
ygeY_predicted,1.5454545454545454,26,10,TGGGCTTTATCAGCACTCAT,16,4796060
ygeY_predicted,1.7272727272727273,28,10,TGATTAGACCATATGCTTTA,18,4806320
ygeY_predicted,3.0,42,10,TCGTATCACCGACGTAAACA,32,4795719
ygeY_predicted,1.8181818181818181,29,10,TCGGTCAGTATTGCTAAATG,19,4808529
ygeY_predicted,1.2727272727272727,23,10,TCGCTGTGAGCCAGGCGTGG,13,4795202
ygeY_predicted,0.2727272727272727,12,10,TCGCGACACTGGTTGAAGAC,2,4813659
ygeY_predicted,0.6363636363636364,16,10,TAGCATTCAGTTTTCAGGGA,6,4803444
ygeY_predicted,1.2727272727272727,23,10,TACCTCGATTCACTTGCTCG,13,4812459
ygeY_predicted,2.0,31,10,TACCCACATTTCGCAGTGAC,21,4813242
ygeY_predicted,0.36363636363636365,13,10,TAAACATGGAGAATCGCCTT,3,4804411
ygeY_predicted,1.1818181818181819,22,10,GTTCATCGGTTGATGCTAAG,12,4796327
ygeY_predicted,1.4545454545454546,25,10,GTCGGCCGGGGAAGGACAAC,15,4796470
ygeY_predicted,0.45454545454545453,14,10,GTAGGCTTCATTGAAGATTG,4,4795513
ygeY_predicted,0.36363636363636365,13,10,GGGCATCTCTCTAGGGCGAC,3,4797918
ygeY_predicted,0.2727272727272727,12,10,GGCTCAGTATCAGCGTACAT,2,4805647
ygeY_predicted,1.6363636363636365,27,10,GATGCACCATACAGATGACA,17,4807805
ygeY_predicted,0.36363636363636365,13,10,GAGGTCCACCCGACCATAGG,3,4809710
ygeY_predicted,1.1818181818181819,22,10,GACGGGTAATACTCAAGGCC,12,4805621
ygeY_predicted,0.36363636363636365,13,10,CTCCAGGGTTCCATTGCATG,3,4801573
ygeY_predicted,7.7272727272727275,94,10,CTCCAGCAGAATCGTACGTA,84,4803338
ygeY_predicted,1.2727272727272727,23,10,CTAGTGGAGCAGACTCATTT,13,4812091
ygeY_predicted,0.36363636363636365,13,10,CTAATCTGCGCATTCAGGTA,3,4815431
ygeY_predicted,1.6363636363636365,27,10,CGGTAGTTCAAACACGAGAT,17,4799435
ygeY_predicted,1.2727272727272727,23,10,CGGCAATGGGTTCGGTCTGT,13,4809486
ygeY_predicted,1.0909090909090908,21,10,CGACTATCTCTTGTCCCCCA,11,4796570
ygeY_predicted,1.4545454545454546,25,10,CCTACCGGAATAGGCCTGCA,15,4813223
ygeY_predicted,1.2727272727272727,23,10,CCGGGTTTTCTTCCGGCGCG,13,4798739
ygeY_predicted,3.4545454545454546,47,10,CATATGTAGTCCAGAAACGC,37,4796982
ygeY_predicted,2.5454545454545454,37,10,CATAAGCGCTCCTATTGTGC,27,4804737
ygeY_predicted,1.0909090909090908,21,10,CAGTCGTGGCGGTCAATTGC,11,4799686
ygeY_predicted,0.45454545454545453,14,10,CACCATTGGCTCATGAGGTT,4,4809029
ygeY_predicted,2.909090909090909,41,10,ATGGGAGGGGAATCGCGGCC,31,4799902
ygeY_predicted,1.2727272727272727,23,10,ATGGGAAGGGTTGTGGCATA,13,4810609
ygeY_predicted,2.5454545454545454,37,10,ATGGATGTAGGACCGCCAAA,27,4801231
ygeY_predicted,1.9090909090909092,30,10,ATGCGGCGCCCCACTGTTAT,20,4806721
ygeY_predicted,1.0,20,10,ATCATTACATTTGGGATGTG,10,4813942
ygeY_predicted,2.4545454545454546,36,10,ATATGACACGCGAATGTCCC,26,4800432
ygeY_predicted,0.6363636363636364,16,10,ATAGATTACAGCAGGCAACT,6,4798665
ygeY_predicted,1.0909090909090908,21,10,AGTCCCTCCTGCCTTAGGTC,11,4815640
ygeY_predicted,0.2727272727272727,12,10,AGCGGACGCCGTGCGTTATA,2,4803857
ygeY_predicted,1.5454545454545454,26,10,AGAAATGAAACTCTTAGATT,16,4802178
ygeY_predicted,1.1818181818181819,22,10,ACTTTCCAACCTCACAGACA,12,4804695
ygeY_predicted,0.7272727272727273,17,10,ACGTAAATGTAAAGGGATCG,7,4799179
ygeY_predicted,2.4545454545454546,36,10,ACGCGCTGGCGGGCCTAGCT,26,4806107
ygeY_predicted,1.3636363636363635,24,10,ACGCCCGGCCCAACGGTTTC,14,4816000
ygeY_predicted,1.9090909090909092,30,10,ACGAAACGCTGAGCGTTGAA,20,4804358
ygeY_predicted,0.36363636363636365,13,10,AAGTGTTCAATGCTCATCTT,3,4797255
ygeY_predicted,0.18181818181818182,11,10,AAGTCTAAGCTCTGACTACA,1,4810650
ygeY_predicted,0.5454545454545454,15,10,AACCATCGTCGATTACCGTA,5,4801570
ygeY_predicted,1.0,18,9,TTTTGATGACTATCGGTGCT,9,4802804
ygeY_predicted,1.6,24,9,TTTTCTGCGCGACCCTACAG,15,4805396
ygeY_predicted,0.5,13,9,TTGTGCCTTGTTTACCAAGT,4,4810182
ygeY_predicted,1.4,22,9,TTGGAGCAACCAGATCGCAT,13,4814677
ygeY_predicted,2.9,37,9,TTGAGCTTTGCAAACTGGAC,28,4808069
ygeY_predicted,2.7,35,9,TTCTACTCGTCTGTTCCTTC,26,4805946
ygeY_predicted,1.2,20,9,TTACTCTCCCTCGAGCGAAA,11,4803579
ygeY_predicted,0.2,10,9,TTACAGCGTGCGGGTTATCC,1,4802856
ygeY_predicted,1.4,22,9,TTAACATGACTACCGGCAGG,13,4811331
ygeY_predicted,0.8,16,9,TGGCTCGGTAAATGGCGGGT,7,4806323
ygeY_predicted,1.0,18,9,TGCGCGAGCGAGGCATAGCC,9,4796589
ygeY_predicted,1.5,23,9,TCGACGGCGATCGAGACGCC,14,4800654
ygeY_predicted,0.9,17,9,TATCTCTCATCCCAATTCAG,8,4809593
ygeY_predicted,2.1,29,9,TAATTGCGGGGCTCGTGGCG,20,4795873
ygeY_predicted,1.3,21,9,TAATGCGCGAGCCCAGACTT,12,4810850
ygeY_predicted,1.0,18,9,TAAGGCGGTCGATGATTCAC,9,4808245
ygeY_predicted,1.8,26,9,GGTAAGATTAGCTATGAGAA,17,4795221
ygeY_predicted,0.6,14,9,GCCGCTTTCAAGATACAGTA,5,4796293
ygeY_predicted,0.2,10,9,GCCCGCGCAAGGGCTAAAAT,1,4801046
ygeY_predicted,1.3,21,9,GATTAACAACATATTGGCTA,12,4800115
ygeY_predicted,1.6,24,9,GAGCATGTTCTGGCAGGCTT,15,4801637
ygeY_predicted,1.3,21,9,GACTTACTGCAGTACGCAAC,12,4808183
ygeY_predicted,0.8,16,9,GAAATTGCAGCACCGCAGAG,7,4795841
ygeY_predicted,1.5,23,9,CTTCGATTACGATGGACGTT,14,4803519
ygeY_predicted,1.7,25,9,CTGCGGCGCTTGTGTTGGTG,16,4795596
ygeY_predicted,1.8,26,9,CTCTGCCCTTCCAGGGGAAA,17,4807008
ygeY_predicted,1.6,24,9,CGCATTTTGTATTCTGCATC,15,4813953
ygeY_predicted,1.5,23,9,CGAGTTATATTGGTTCACTC,14,4796932
ygeY_predicted,1.6,24,9,CCGATCATTAACGCTACAAC,15,4802050
ygeY_predicted,2.2,30,9,CCAACCCCCTTCTGTACGTA,21,4803614
ygeY_predicted,3.7,45,9,CACAGGGTGGTTGGCACTGT,36,4806811
ygeY_predicted,1.4,22,9,CAATATGCTATGAATTGGGA,13,4811654
ygeY_predicted,1.2,20,9,CAAACCCACTCCAAAAACAC,11,4805550
ygeY_predicted,0.7,15,9,ATTTGTGTACGGGTCCTGCA,6,4796387
ygeY_predicted,1.5,23,9,ATTCCTTAGTGCACACTAGG,14,4796911
ygeY_predicted,2.6,34,9,ATTAATAACCAAAACGGCCA,25,4797640
ygeY_predicted,0.2,10,9,ATGAACTTTCCCAACCACTC,1,4804467
ygeY_predicted,0.8,16,9,ATCGATTGTAGCAATTGTTA,7,4806479
ygeY_predicted,0.2,10,9,ATACATGGTTTTAACAACCC,1,4807086
ygeY_predicted,1.0,18,9,AGTCGTATTTATTCATTAAA,9,4802530
ygeY_predicted,1.1,19,9,AGGGCGTAAACTTCCATTAG,10,4814681
ygeY_predicted,0.5,13,9,ACTTAATGGACCTCGGTCTT,4,4800618
ygeY_predicted,1.1,19,9,ACGTGAACTGCCGGTGTGTT,10,4806736
ygeY_predicted,0.9,17,9,ACCTGGGAGGTGAAAGGCGG,8,4799176
ygeY_predicted,0.8,16,9,ACCGGCGATTCAGGTGCCCC,7,4801045
ygeY_predicted,0.2,10,9,AATAAAGAATCAAACAGTCC,1,4795622
ygeY_predicted,2.1,29,9,AAGGTAAACGCTTGTCGGCA,20,4815532
ygeY_predicted,5.7,65,9,AAGCGGCCAACGCCCTTTAT,56,4798865
ygeY_predicted,1.7,25,9,AAGACCGTGCGAATACGTCA,16,4799338
ygeY_predicted,3.1,39,9,AACGGTGCGTCCCGCTGTTT,30,4798009
ygeY_predicted,1.3,21,9,AACATGTTCATAGGAGCTCA,12,4803803
ygeY_predicted,3.1,39,9,AAACCCGCTGACGCTAGATA,30,4803447
ygeY_predicted,0.2,10,9,AAACAACCGTTAAGAGAGTA,1,4807522
ygeY_predicted,2.111111111111111,26,8,TTTGTATGGTATTCACGTTC,18,4802432
ygeY_predicted,3.3333333333333335,37,8,TTGTCACCGATATTCGATGT,29,4797454
ygeY_predicted,1.3333333333333333,19,8,TGTGTGTCGGTCTATACCAA,11,4802303
ygeY_predicted,1.2222222222222223,18,8,TGGGGAGAGTTGCCCAGCGT,10,4813605
ygeY_predicted,1.0,16,8,TGCTGGTGTCTCTTAGGATG,8,4812775
ygeY_predicted,3.888888888888889,42,8,TCCTCACTCTTCAGGCGGTT,34,4798935
ygeY_predicted,1.3333333333333333,19,8,TCAGGCTAATAACGAAGAAT,11,4809965
ygeY_predicted,3.3333333333333335,37,8,TCACAGTCTATGGCTTAAAA,29,4809197
ygeY_predicted,3.0,34,8,TATTTCCACGTCCAACTAGC,26,4796075
ygeY_predicted,1.8888888888888888,24,8,TAGGGGCAGATTCCAGGTTA,16,4812820
ygeY_predicted,5.333333333333333,55,8,TACTGCGGCATAGAGCCCAT,47,4796868
ygeY_predicted,0.5555555555555556,12,8,GTCTTAGATTCGGAAGGTAG,4,4812837
ygeY_predicted,1.6666666666666667,22,8,GTCCGTCGTACCCGTATAAC,14,4800440
ygeY_predicted,1.7777777777777777,23,8,GGTACTGAAGGTGTTGGAGA,15,4801680
ygeY_predicted,1.1111111111111112,17,8,GGTACTCACTCCCAACTCTC,9,4798487
ygeY_predicted,2.0,25,8,GGGTCTCGCTCTCGCAAAGA,17,4815697
ygeY_predicted,1.8888888888888888,24,8,GGGATCAAGGTCTTAACATT,16,4816052
ygeY_predicted,1.0,16,8,GGCGTTTCCTGATTCTTGAA,8,4801742
ygeY_predicted,1.8888888888888888,24,8,GCCTCGTATGGCACTGACGT,16,4816687
ygeY_predicted,1.3333333333333333,19,8,GATGTTCTCACCTCTCGGCG,11,4805495
ygeY_predicted,3.6666666666666665,40,8,GATGCTGTGCTACAATCGAG,32,4812104
ygeY_predicted,5.777777777777778,59,8,GAGGCCTCCATAGGACGGTT,51,4812746
ygeY_predicted,0.7777777777777778,14,8,GACATTCGCTTGCTACCCGA,6,4811568
ygeY_predicted,1.2222222222222223,18,8,GACAGGACATAGATACGTTT,10,4808701
ygeY_predicted,2.2222222222222223,27,8,GAATCTTTTCGCTCCCTTGA,19,4799832
ygeY_predicted,1.2222222222222223,18,8,CTTGGTGGCTTTCCTACGAA,10,4801210
ygeY_predicted,2.3333333333333335,28,8,CTGGTTGAAGAATGGGGGGT,20,4802321
ygeY_predicted,0.5555555555555556,12,8,CTGAGGGGTCGCGGGCACCA,4,4804262
ygeY_predicted,2.111111111111111,26,8,CGTTCCATTTCTAGTCCCCT,18,4797903
ygeY_predicted,4.666666666666667,49,8,CGTATTCTATGATAAAACCT,41,4799621
ygeY_predicted,2.2222222222222223,27,8,CGTATTACGCATCGCTGAAA,19,4805382
ygeY_predicted,0.3333333333333333,10,8,CGGCGCTTGAATGTCAGGAA,2,4809449
ygeY_predicted,1.3333333333333333,19,8,CGATTAAGTGGGCCGAAATG,11,4807799
ygeY_predicted,0.2222222222222222,9,8,CGAATGGGGTGGGGTTATTA,1,4803104
ygeY_predicted,1.5555555555555556,21,8,CCTGTGGACTTTTAACAGAG,13,4801867
ygeY_predicted,1.5555555555555556,21,8,CCGACTTCCTGTTATTTACA,13,4805663
ygeY_predicted,2.888888888888889,33,8,CCCTCTCGCTGCGAGGCGTT,25,4800528
ygeY_predicted,1.6666666666666667,22,8,CCATCGCGAGGGTTCCGGTT,14,4809983
ygeY_predicted,1.2222222222222223,18,8,CCAGGCGGGCTCTGGTTAGG,10,4802629
ygeY_predicted,1.6666666666666667,22,8,CCACAATTCCCTCGGTGCAA,14,4801098
ygeY_predicted,0.6666666666666666,13,8,CATGCGGCAGGCCAAGCGAC,5,4799066
ygeY_predicted,1.6666666666666667,22,8,CATCGGTCATTTGCGAGCGC,14,4817012
ygeY_predicted,2.111111111111111,26,8,CAGTCCGAGCAGCACAACCC,18,4814991
ygeY_predicted,0.2222222222222222,9,8,CAGCTGATCAATCTACCTAA,1,4800211
ygeY_predicted,4.111111111111111,44,8,CAAGGCCCTCGCGCGAAGCG,36,4801553
ygeY_predicted,1.7777777777777777,23,8,ATTCAAATGGAGGGAGCCCG,15,4799880
ygeY_predicted,2.7777777777777777,32,8,ATCCGGGATCTCAGTAAAGA,24,4796689
ygeY_predicted,2.2222222222222223,27,8,ATATTACCACTGCCGCATCA,19,4796045
ygeY_predicted,0.3333333333333333,10,8,AGTTATATGTGCGGTCCCTA,2,4805101
ygeY_predicted,1.7777777777777777,23,8,ACTTTAGCCGCTAATTATGT,15,4810428
ygeY_predicted,0.2222222222222222,9,8,ACTTGGCCCTTCTGGACTTA,1,4799002
ygeY_predicted,1.7777777777777777,23,8,ACTTCGTGGACCAACTCCTC,15,4804903
ygeY_predicted,1.6666666666666667,22,8,ACTTCAATGTCACGGTGAAG,14,4810242
ygeY_predicted,1.6666666666666667,22,8,ACGTACCCTTAGAATACCGA,14,4809795
ygeY_predicted,2.4444444444444446,29,8,ACCGTCTACCCGTCCACAGT,21,4816077
ygeY_predicted,0.6666666666666666,13,8,ACCCCTGTCTCCAGTAAGGT,5,4799392
ygeY_predicted,0.2222222222222222,9,8,AACTGTGATTTGCGTCAGGC,1,4803050
ygeY_predicted,2.5555555555555554,30,8,AACGTGAATCCAGCTTCAAG,22,4795802
ygeY_predicted,1.1111111111111112,17,8,AACCCGCACTATACACCATA,9,4799784
ygeY_predicted,1.0,16,8,AACAGTACTGCACACCAGCA,8,4798416
ygeY_predicted,2.0,22,7,TTTTTTGTCCGCGCGAGGAA,15,4813849
ygeY_predicted,1.375,17,7,TTTTGGCACATGTATATGTA,10,4811442
ygeY_predicted,1.625,19,7,TGGCCGTAACAATTGGTAGG,12,4795245
ygeY_predicted,1.875,21,7,TGGAAGCAGCCCCGGTACCG,14,4812730
ygeY_predicted,1.875,21,7,TGCTCCACCTCTCGAGGACA,14,4801666
ygeY_predicted,1.625,19,7,TGCACCCACCCCCAACCCCA,12,4815543
ygeY_predicted,2.375,25,7,TCTGATTGGGGACATCCGGG,18,4797066
ygeY_predicted,2.25,24,7,TCGGAACGATTGTTAGGCAA,17,4800472
ygeY_predicted,4.375,41,7,TCGCGTCCTGATAGCCCACA,34,4804151
ygeY_predicted,1.875,21,7,TCCCCCCTGTACTATAATAG,14,4810612
ygeY_predicted,1.125,15,7,TATATGAGTTTTGTCTCGAC,8,4814724
ygeY_predicted,1.875,21,7,TAGCGAAGGGAGATGAGTGT,14,4796516
ygeY_predicted,1.625,19,7,GGTGGTGGCACATAGGGAGC,12,4813868
ygeY_predicted,3.125,31,7,GGTGGGTCATTGCATACTAA,24,4816602
ygeY_predicted,2.5,26,7,GGTAAAGGTGCTATTCTTCT,19,4800491
ygeY_predicted,2.375,25,7,GGCGTCTGATGTCATTCCCA,18,4802795
ygeY_predicted,1.0,14,7,GGCGATCGACACGTTAGTGG,7,4811207
ygeY_predicted,2.0,22,7,GGACGGGGGCGCCGCTTGAA,15,4804834
ygeY_predicted,0.5,10,7,GCAGCTTTGTCCCGTGGTGT,3,4809104
ygeY_predicted,1.75,20,7,GAGGTCTTTGGCGTTCCGCA,13,4798485
ygeY_predicted,4.0,38,7,GACGGTGACAGTTCAGCTTG,31,4808145
ygeY_predicted,4.875,45,7,GAACTTTTTGCCCATCGGTT,38,4798984
ygeY_predicted,0.25,8,7,GAACACGTCTACAGAGCATC,1,4801312
ygeY_predicted,2.125,23,7,CTCAGGTAATTCGCTGGCCT,16,4797836
ygeY_predicted,0.25,8,7,CTACACCTGTTATAGGACTA,1,4797318
ygeY_predicted,1.5,18,7,CGTTAGGCACCCATACTCGC,11,4809260
ygeY_predicted,2.0,22,7,CGTCTAATAACGTTGCTATG,15,4815294
ygeY_predicted,1.0,14,7,CGTATAATTAAGATCATAAA,7,4795367
ygeY_predicted,1.5,18,7,CGGCTCAGATAAACCCAGCT,11,4809286
ygeY_predicted,2.625,27,7,CGCCCTGAATCATCGCCCTT,20,4797381
ygeY_predicted,0.625,11,7,CCTCCATTTACACATGAACA,4,4814259
ygeY_predicted,2.125,23,7,CCGGCCCGCCTAGGTGGTCG,16,4804108
ygeY_predicted,3.0,30,7,CCCCTATGTTGATTACCAAA,23,4802384
ygeY_predicted,2.875,29,7,CCCCTAGCGGCCTTTAAGGA,22,4813749
ygeY_predicted,1.875,21,7,CCCATTCTGTCAGAACCTTA,14,4815132
ygeY_predicted,2.25,24,7,CCACAACCTATAACTAAGTA,17,4811629
ygeY_predicted,2.375,25,7,CCAAGAGTAACGATGACCCC,18,4809620
ygeY_predicted,3.375,33,7,CAAGCACCGTTGTAACCAGT,26,4803400
ygeY_predicted,0.25,8,7,CAACATATGCAACTATATCA,1,4800715
ygeY_predicted,2.625,27,7,ATGAACACGAGCGGCACGGG,20,4811777
ygeY_predicted,2.5,26,7,ATAAGGTCTCCCGTGAAATA,19,4806789
ygeY_predicted,1.0,14,7,AGGTGTAGACGCAAATGCTA,7,4807014
ygeY_predicted,1.0,14,7,AGGTATAGGACGGGTACAAA,7,4805604
ygeY_predicted,3.625,35,7,AGCTTTAGCTCCGTCCTTTG,28,4805750
ygeY_predicted,1.5,18,7,AGCTCCACCTGGAAAGTGCA,11,4813123
ygeY_predicted,0.625,11,7,AGCAATTTATGCACTGGGCA,4,4796229
ygeY_predicted,0.25,8,7,ACTGCGAAAGCAAACCTGCG,1,4808553
ygeY_predicted,1.875,21,7,ACGTCGTGCTCGGGCTACTA,14,4806464
ygeY_predicted,1.875,21,7,ACGGGCGGTCAGATCAACCA,14,4800578
ygeY_predicted,1.375,17,7,ACGCTCGGGGTTGTTGCTTC,10,4814319
ygeY_predicted,0.25,8,7,ACGCGCCAAATTAGTGGAAC,1,4803300
ygeY_predicted,1.125,15,7,ACGAGAAATGGATTAAAAAG,8,4800268
ygeY_predicted,2.375,25,7,ACCTGCACCCAAAGGTGAAG,18,4805492
ygeY_predicted,4.0,38,7,ACCTATTTGCATGAACGGAT,31,4810597
ygeY_predicted,2.5,26,7,ACCTAGAATTTCAGACCCGT,19,4804919
ygeY_predicted,3.0,30,7,AAGGCCCTTGAAATCCTCTA,23,4801229
ygeY_predicted,4.0,38,7,AAGAAGAAGTCTGTCCTGAG,31,4809558
ygeY_predicted,4.5,42,7,AACTTCTCTGAACGAACGTT,35,4807755
ygeY_predicted,2.5,26,7,AACGAAGCTGTGTCTTGAGC,19,4812931
ygeY_predicted,3.625,35,7,AACATGTTACATATCGTAAT,28,4803113
ygeY_predicted,1.8571428571428572,18,6,TTTCAGGCACTTCCTAGACG,12,4795744
ygeY_predicted,2.4285714285714284,22,6,TTGTAGAGTTGTTCACGGTT,16,4805689
ygeY_predicted,0.2857142857142857,7,6,TTCGTGGAGCGAAACTCACT,1,4799616
ygeY_predicted,1.7142857142857142,17,6,TTCCTATTGGCCATAGAGCT,11,4809582
ygeY_predicted,1.5714285714285714,16,6,TTCCCTGTAAGTCTAAAAAT,10,4796324
ygeY_predicted,1.1428571428571428,13,6,TGTTAACAGGGTATTGGTAC,7,4811254
ygeY_predicted,3.0,26,6,TGTCGTATGCACGCTACAAG,20,4813369
ygeY_predicted,2.5714285714285716,23,6,TGGATGTCGCTTTTATTAGA,17,4806807
ygeY_predicted,3.5714285714285716,30,6,TGGAGGGCACATAACTACTG,24,4809189
ygeY_predicted,2.5714285714285716,23,6,TCTGCCAAGAAAGAACAGTG,17,4796228
ygeY_predicted,2.0,19,6,TCCGGGGGAGTTCCGTTTGT,13,4795656
ygeY_predicted,3.5714285714285716,30,6,TCCATAAGTGCAGGTGAGGT,24,4799679
ygeY_predicted,5.285714285714286,42,6,TCACCCATAATACTCCTTTT,36,4798139
ygeY_predicted,1.5714285714285714,16,6,TCAAGTCAGGCTCTGCGGCA,10,4816809
ygeY_predicted,3.5714285714285716,30,6,TATTTTGCATCAAAACGTCT,24,4801691
ygeY_predicted,0.7142857142857143,10,6,TATTCCTTTCAAAAATGGCA,4,4800357
ygeY_predicted,2.0,19,6,TATATAGACCCCTGTATCCC,13,4811154
ygeY_predicted,3.7142857142857144,31,6,TAGCGGGTAGGGGAACACGT,25,4809429
ygeY_predicted,2.4285714285714284,22,6,TAGCCGTGATCCAGAAATGC,16,4797700
ygeY_predicted,2.142857142857143,20,6,TAGCACGGGAGAGCGAAGAA,14,4799593
ygeY_predicted,1.0,12,6,TAAAGGCACCTATGTACTGC,6,4806589
ygeY_predicted,1.4285714285714286,15,6,TAAAGAACAGTGACCTTTCT,9,4798332
ygeY_predicted,1.7142857142857142,17,6,GTGTTCCTTCTATAGATGAT,11,4798553
ygeY_predicted,2.4285714285714284,22,6,GTGGCAGGATGGAAATCCTG,16,4802834
ygeY_predicted,2.142857142857143,20,6,GTCGGACGACTTAGTTCGTG,14,4812684
ygeY_predicted,2.5714285714285716,23,6,GTATATCCTTGACTTGACAC,17,4806408
ygeY_predicted,1.0,12,6,GTACTTTCTTATATGGTAAG,6,4807094
ygeY_predicted,2.4285714285714284,22,6,GTAAGGTTAGCTGGTGCGTC,16,4814750
ygeY_predicted,1.7142857142857142,17,6,GGTTTTCCAGTGCAGCAGAC,11,4807785
ygeY_predicted,2.2857142857142856,21,6,GGTTGTCAAAAGGGTTGTTA,15,4807735
ygeY_predicted,1.7142857142857142,17,6,GGTGATCGGAGCTCTACTGA,11,4798524
ygeY_predicted,1.4285714285714286,15,6,GCTACTTCCAATTTTGAATC,9,4809177
ygeY_predicted,0.8571428571428571,11,6,GCGCGCTTCCCGTTTGGTAA,5,4814272
ygeY_predicted,1.1428571428571428,13,6,GCCTGACAGTCAAGCCATGA,7,4810116
ygeY_predicted,1.7142857142857142,17,6,GCAAGCGCTGCTGCTCTCTA,11,4807011
ygeY_predicted,1.8571428571428572,18,6,GATTGGCGGAGGCATCGGAA,12,4800996
ygeY_predicted,4.142857142857143,34,6,GAGTAGATTGTGTGTTTAGG,28,4796596
ygeY_predicted,1.2857142857142858,14,6,GAGGCGTGGTGATGCCCCCT,8,4797207
ygeY_predicted,0.7142857142857143,10,6,GAATACGGGCAGTGTACCCC,4,4799398
ygeY_predicted,1.1428571428571428,13,6,GAAGCCCTGGCGTTTGGATG,7,4813245
ygeY_predicted,0.2857142857142857,7,6,CTTGGCGTTAAACTGCACCA,1,4796030
ygeY_predicted,1.2857142857142858,14,6,CTTGAGGGGTGTAAGCTCGG,8,4815312
ygeY_predicted,2.7142857142857144,24,6,CTTCTTGCTAGCAATGCCCC,18,4812927
ygeY_predicted,0.7142857142857143,10,6,CTTAGTATGGTCATAAGTCC,4,4811153
ygeY_predicted,1.8571428571428572,18,6,CTCTCAGCACTCGTGCCAGG,12,4796388
ygeY_predicted,2.4285714285714284,22,6,CTCAGGACGATGTCCCCGGA,16,4807553
ygeY_predicted,1.4285714285714286,15,6,CTATGAAGCTCTAGGTCGTC,9,4800420
ygeY_predicted,0.5714285714285714,9,6,CGTTTTCCTTTTGAGGCGTG,3,4803349
ygeY_predicted,3.7142857142857144,31,6,CGTTCAGCTGTGGCTAGACA,25,4797173
ygeY_predicted,0.2857142857142857,7,6,CGTATACGAATCAAATTTAA,1,4797018
ygeY_predicted,2.857142857142857,25,6,CGGGATCGTCAGAGCATTGG,19,4805463
ygeY_predicted,2.7142857142857144,24,6,CGGCGTTGGGGCGGTTGGTT,18,4799747
ygeY_predicted,1.0,12,6,CGCGAGGTTCATAACCGGTT,6,4811567
ygeY_predicted,0.7142857142857143,10,6,CGCAGTGGACTAGTGTGAGG,4,4812736
ygeY_predicted,2.0,19,6,CGAATGATCAAAGTTGGTTC,13,4796018
ygeY_predicted,1.8571428571428572,18,6,CCTGGTATATTAAATCCAAG,12,4801178
ygeY_predicted,0.42857142857142855,8,6,CCGGGCCCCAAGAGCTCGCT,2,4805806
ygeY_predicted,0.8571428571428571,11,6,CCGAGCTGGCACGGCTTGAA,5,4813567
ygeY_predicted,2.142857142857143,20,6,CCGAGAGTCCTAGGGCTAAT,14,4800613
ygeY_predicted,1.8571428571428572,18,6,CCCGTCGGTACTAAACCCTT,12,4796912
ygeY_predicted,0.42857142857142855,8,6,CCCGGGTGTATTGCATTGCA,2,4802744
ygeY_predicted,2.142857142857143,20,6,CACTCAAAACCCACGTCCGT,14,4803183
ygeY_predicted,0.8571428571428571,11,6,CACTACCGACAGTTCCCCGC,5,4809240
ygeY_predicted,3.142857142857143,27,6,CACGTAACAAACCGGGACTG,21,4802192
ygeY_predicted,0.2857142857142857,7,6,CACCTGGCTTTCTAGTGAAG,1,4797001
ygeY_predicted,6.142857142857143,48,6,CAAAGGGTTCTCTAAGGCTA,42,4814844
ygeY_predicted,3.4285714285714284,29,6,ATGTTTTGATTACTCGCCTC,23,4801612
ygeY_predicted,0.7142857142857143,10,6,ATGCCGGGTTAAGTATCGAA,4,4811399
ygeY_predicted,1.0,12,6,ATGAAATTAGTAGATCGAAA,6,4797408
ygeY_predicted,2.7142857142857144,24,6,ATCGATGAAACGTAGAAGTA,18,4796447
ygeY_predicted,6.571428571428571,51,6,ATCCTGAAACACCTAGCCCT,45,4800758
ygeY_predicted,3.0,26,6,ATCCTAGGGCCTAGGCGACG,20,4800663
ygeY_predicted,2.0,19,6,AGTTCGTGCGTCCAGAGTAA,13,4795159
ygeY_predicted,0.2857142857142857,7,6,AGTGGGTCGCAGCTGAGCCA,1,4804408
ygeY_predicted,2.2857142857142856,21,6,AGTGACCCATAATCAATCCA,15,4809126
ygeY_predicted,1.8571428571428572,18,6,AGTCCCAGAGTCAGTCATAC,12,4795673
ygeY_predicted,1.0,12,6,AGTAGCCTTCCGCGGCAATA,6,4815962
ygeY_predicted,1.8571428571428572,18,6,AGTAACCTGTCTCGTCTGTG,12,4806237
ygeY_predicted,3.0,26,6,AGGCTGTGCCTAAGCGCCAC,20,4803161
ygeY_predicted,5.0,40,6,ACTACAGGCGCCGGACAGCG,34,4811706
ygeY_predicted,0.5714285714285714,9,6,ACCTGACCGAGTAACGGTAT,3,4812140
ygeY_predicted,2.857142857142857,25,6,ACAGTAAGTTTCGGAGAGCA,19,4803277
ygeY_predicted,1.5714285714285714,16,6,AAGTCGGATGGGCCTTGCCG,10,4810345
ygeY_predicted,1.7142857142857142,17,6,AAGATCCTTCGTACAGCCAT,11,4796368
ygeY_predicted,1.4285714285714286,15,6,AAGACACGCGCGCGTTATAT,9,4806040
ygeY_predicted,2.6666666666666665,20,5,TTTTGTATACAACCTTCATG,15,4801993
ygeY_predicted,1.5,13,5,TTTAATGTGCACGCGACCCA,8,4798675
ygeY_predicted,3.6666666666666665,26,5,TTGTTGGTCGAATAGCGGAT,21,4800521
ygeY_predicted,5.5,37,5,TTGGTGCACCATCTGACCCT,32,4810398
ygeY_predicted,3.6666666666666665,26,5,TTGATTAGTCCCCAGTGAAC,21,4797253
ygeY_predicted,3.3333333333333335,24,5,TTCTCCACTGCATTGGATGT,19,4811519
ygeY_predicted,2.1666666666666665,17,5,TTCATTTGTTCCCGAAGGAC,12,4813713
ygeY_predicted,2.5,19,5,TTAAGTGTGGTTAGGGGTCG,14,4811905
ygeY_predicted,2.3333333333333335,18,5,TGTTAGTGACGCTTCAGTCA,13,4803749
ygeY_predicted,2.1666666666666665,17,5,TGTGCCGCAAGCGCAATATG,12,4815565
ygeY_predicted,0.6666666666666666,8,5,TGTCTGCCAGCGTCTGGATT,3,4811766
ygeY_predicted,3.0,22,5,TGTCGTTTGGTCACTTGCGG,17,4816525
ygeY_predicted,1.8333333333333333,15,5,TGTAGTAACAGAATGTGCCT,10,4813332
ygeY_predicted,2.1666666666666665,17,5,TGGTCAGCGAGGTGATCGTG,12,4802641
ygeY_predicted,3.5,25,5,TGGATTCGACACACAGGGGG,20,4798174
ygeY_predicted,3.0,22,5,TGGACTCAAGGAACTTCGTA,17,4804574
ygeY_predicted,2.6666666666666665,20,5,TGCACCTAGAAATAGGTCAG,15,4800591
ygeY_predicted,0.3333333333333333,6,5,TGCAAGCCCGAGGTCTCAGC,1,4800555
ygeY_predicted,3.0,22,5,TCTGCAGCCTTCTTCTGGGA,17,4797650
ygeY_predicted,2.1666666666666665,17,5,TCGTCTTATAAGTATAACTG,12,4796226
ygeY_predicted,2.5,19,5,TCGCGTGGCGCTAGTGACAT,14,4802505
ygeY_predicted,0.3333333333333333,6,5,TCCTCAGCATTATTTGCGCG,1,4802857
ygeY_predicted,1.6666666666666667,14,5,TCACGCAAGACTACACGCGA,9,4798173
ygeY_predicted,2.5,19,5,TATTTGTTCGCCTGGGGCAT,14,4805226
ygeY_predicted,5.333333333333333,36,5,TATGCTAGGAGCGGCGTACA,31,4814071
ygeY_predicted,2.6666666666666665,20,5,TACGCAAACTAGGTGGCCGA,15,4803109
ygeY_predicted,2.6666666666666665,20,5,TAACAGATGTTTTGACGCTT,15,4811472
ygeY_predicted,1.6666666666666667,14,5,TAAAGCGACGTTGATTATTG,9,4808136
ygeY_predicted,1.3333333333333333,12,5,GTTGGGGGGCAAGTGACGGA,7,4808887
ygeY_predicted,1.6666666666666667,14,5,GTTATGCGGTACTGGAGAAT,9,4803465
ygeY_predicted,0.3333333333333333,6,5,GTGTCGAAAAGGCGTGACAT,1,4816045
ygeY_predicted,1.3333333333333333,12,5,GTGCTGTTTGGGTGTAACCG,7,4815647
ygeY_predicted,2.5,19,5,GTCGCATGTAAGATGGGCGG,14,4805012
ygeY_predicted,1.8333333333333333,15,5,GGTTAACTACTTTATATAGG,10,4809842
ygeY_predicted,2.8333333333333335,21,5,GGGGCATCACGCCACTCCCA,16,4801991
ygeY_predicted,2.5,19,5,GGCCGAGTTCCGCGGGTAGT,14,4806744
ygeY_predicted,1.6666666666666667,14,5,GGCAGTTCGGCTTAATCCGC,9,4810836
ygeY_predicted,1.5,13,5,GGCAATCGCGATATTGGCAT,8,4803042
ygeY_predicted,3.6666666666666665,26,5,GGAGGAGCGGGTGGGGTACT,21,4799459
ygeY_predicted,2.1666666666666665,17,5,GGAAATTCTAAAGGGTCTAA,12,4799502
ygeY_predicted,1.5,13,5,GCTTATGGTCAATAAGCTTC,8,4794890
ygeY_predicted,2.0,16,5,GCGTTGTGGCTCAGCTGTGC,11,4814453
ygeY_predicted,1.8333333333333333,15,5,GCGTTCTGGGTTGTGACAAC,10,4796240
ygeY_predicted,2.1666666666666665,17,5,GATTCAGCGAGGCGCCTCTG,12,4798943
ygeY_predicted,2.8333333333333335,21,5,GATCGGTACAGATTCGGAAG,16,4807216
ygeY_predicted,1.8333333333333333,15,5,GAGCCCCGGAAATTGGCATG,10,4807123
ygeY_predicted,2.8333333333333335,21,5,GAACCGGGCCTGAGAGTAAT,16,4795161
ygeY_predicted,1.1666666666666667,11,5,CTGTCACCATGGGGTATCCA,6,4815310
ygeY_predicted,2.0,16,5,CTCTCCGCAAGAATCTCAGG,11,4808893
ygeY_predicted,3.0,22,5,CTCCATGGATCTTTAGGTTT,17,4811666
ygeY_predicted,0.3333333333333333,6,5,CTCCATCCCCTATGGTAGGT,1,4808855
ygeY_predicted,1.8333333333333333,15,5,CTATGTTTGCTGGGGTATAT,10,4808536
ygeY_predicted,0.3333333333333333,6,5,CTATGTACGGACTACTCCAA,1,4807270
ygeY_predicted,2.6666666666666665,20,5,CTACTGTCCTAGGATGTTAC,15,4801899
ygeY_predicted,1.0,10,5,CGTCTTAGGATTCGATGCTT,5,4810934
ygeY_predicted,3.3333333333333335,24,5,CGGACCTGCTTGTACTCTTG,19,4810088
ygeY_predicted,1.5,13,5,CGCCATCGGAACGGGTAGTG,8,4798000
ygeY_predicted,1.5,13,5,CGACCGCCTAAAGTCAGTGG,8,4800153
ygeY_predicted,1.5,13,5,CCTTTTGTAAGGACTCCGTG,8,4811655
ygeY_predicted,1.5,13,5,CCTGGCTTGGTGATCGACAT,8,4812370
ygeY_predicted,3.1666666666666665,23,5,CCTGCGAGTCGGTGAAAAAG,18,4802436
ygeY_predicted,5.5,37,5,CCTACGTGATCATAGTACCT,32,4794934
ygeY_predicted,1.5,13,5,CCCAGGTACAGTTTGGGATC,8,4805409
ygeY_predicted,2.8333333333333335,21,5,CCCACAGCGTAAAACAGCCG,16,4799291
ygeY_predicted,1.1666666666666667,11,5,CCAGGTGGATACCCAAGATA,6,4801429
ygeY_predicted,2.1666666666666665,17,5,CCAGACGTTGCGCGGGTTGA,12,4809560
ygeY_predicted,3.5,25,5,CAGTTCGACCTAGTAGGCTA,20,4805174
ygeY_predicted,2.5,19,5,CAGCTACCGTGTCTAGGAGA,14,4801195
ygeY_predicted,0.5,7,5,CAACCTCTTCATTTTTGGCG,2,4799020
ygeY_predicted,3.8333333333333335,27,5,ATTTCGCCGTGTATTGGCCC,22,4798021
ygeY_predicted,0.6666666666666666,8,5,ATTCAAACTCAGCGCATCGA,3,4808019
ygeY_predicted,2.5,19,5,ATTACAATTACCTCAGTGCC,14,4808452
ygeY_predicted,0.3333333333333333,6,5,ATTAAAATGCGTCTCGAACA,1,4802794
ygeY_predicted,1.5,13,5,ATGCAAGTGACGGCTAGGGT,8,4800586
ygeY_predicted,1.1666666666666667,11,5,ATGATTTGAGGCTTTCACTG,6,4797199
ygeY_predicted,1.8333333333333333,15,5,ATGATCCGTAAGTTAGGAAT,10,4796762
ygeY_predicted,2.8333333333333335,21,5,ATCGATAATGCAATATCTTA,16,4807140
ygeY_predicted,0.3333333333333333,6,5,ATCCTCTTCGGAACACTTAA,1,4804989
ygeY_predicted,3.0,22,5,ATACACGATACATGAAAAAG,17,4806691
ygeY_predicted,1.0,10,5,AGTCAGTCCTAAGTATCGTC,5,4801097
ygeY_predicted,0.8333333333333334,9,5,AGCTAGGCAGTGCGTACCAT,4,4799207
ygeY_predicted,0.5,7,5,AGCGTGTACCTGCGCACCTA,2,4799239
ygeY_predicted,5.5,37,5,AGCGCAGTTAACAACGTAAG,32,4797971
ygeY_predicted,2.5,19,5,ACTGTCGTGTTGGTGAAACA,14,4809709
ygeY_predicted,1.0,10,5,ACTGCACCATAGAATTCGAA,5,4813806
ygeY_predicted,3.3333333333333335,24,5,ACTCATGGAGTCTGTTATAG,19,4804677
ygeY_predicted,1.5,13,5,ACGTCTTTCTATTTTAACAA,8,4804295
ygeY_predicted,1.8333333333333333,15,5,AATTTCGTGTTTACATTGAT,10,4806350
ygeY_predicted,5.333333333333333,36,5,AATGTTGCCAAAGACGGACG,31,4810625
ygeY_predicted,0.5,7,5,AATCATGAAGTACTACTGAT,2,4806760
ygeY_predicted,3.6666666666666665,26,5,AAGGTACTTATCGGGGTAAG,21,4799641
ygeY_predicted,1.3333333333333333,12,5,AAGCCTATAGGGACAGCAAT,7,4797344
ygeY_predicted,0.3333333333333333,6,5,AACTCGATTCTGTTTAAGGC,1,4810732
ygeY_predicted,1.6666666666666667,14,5,AACTCCATCGCCTCAGGAGG,9,4809820
ygeY_predicted,1.8333333333333333,15,5,AACACAACTCGGCTCTATCA,10,4796212
ygeY_predicted,4.0,28,5,AAATGACAATCATCTGTGAA,23,4808212
ygeY_predicted,1.1666666666666667,11,5,AAATACCCAAGAGTTGGCGT,6,4798833
ygeY_predicted,2.0,13,4,TTTTACAATTGTCGGGGCAT,9,4806433
ygeY_predicted,3.8,22,4,TTTGCCCTCTAAGCGAGTGC,18,4797808
ygeY_predicted,2.2,14,4,TTTCAGCCACGGAGTTCACA,10,4810620
ygeY_predicted,7.6,41,4,TTGGTCGTGGATCCGGGGGT,37,4811263
ygeY_predicted,4.0,23,4,TTGCGTGTCACAAGGCTACA,19,4815616
ygeY_predicted,3.6,21,4,TTCAGGAAATTATTAGACGT,17,4803426
ygeY_predicted,1.4,10,4,TTAGCTACCGTCTGCGCACC,6,4798863
ygeY_predicted,6.0,33,4,TGTTTTATACGTCAGCATGT,29,4814505
ygeY_predicted,0.4,5,4,TGTGGGACCAGGGGCTTTGC,1,4797550
ygeY_predicted,4.6,26,4,TGTGGCACAGGTGTTTACTG,22,4800133
ygeY_predicted,3.4,20,4,TGGTTTCGGTTCTTCATCAT,16,4812528
ygeY_predicted,5.0,28,4,TGGTCGGACCGGTGCCAACA,24,4795151
ygeY_predicted,1.2,9,4,TGGATTGTTTGTCCGTGGTA,5,4800046
ygeY_predicted,4.2,24,4,TGCTTGATGGAGTGGATCGT,20,4815677
ygeY_predicted,3.2,19,4,TGCTGCGCCCTACATGCCTC,15,4810390
ygeY_predicted,0.6,6,4,TGATGCGTTCGTTAGATTAC,2,4807162
ygeY_predicted,4.8,27,4,TGATCGCCTAGTTTCAAGAA,23,4810322
ygeY_predicted,3.2,19,4,TGACTAGCAATGACCCATTC,15,4815401
ygeY_predicted,4.0,23,4,TGAAGAACCGCCTCATACAC,19,4799719
ygeY_predicted,2.2,14,4,TCTTTTACATGTAGGACCAG,10,4815900
ygeY_predicted,2.0,13,4,TCGTAAAGCGCAAAGGTGTA,9,4799647
ygeY_predicted,3.4,20,4,TCGAGAACTCCCGGGGTTCC,16,4796866
ygeY_predicted,3.6,21,4,TCCGGCCCTTTCCACCTTCC,17,4800927
ygeY_predicted,1.0,8,4,TCACGTGCGGTGACGTAACA,4,4799160
ygeY_predicted,3.6,21,4,TCACGGCTCAAGTCGTCATT,17,4813036
ygeY_predicted,2.0,13,4,TAGCGCGGCTCCAGGGTTAT,9,4798282
ygeY_predicted,3.0,18,4,TACGGCCCCCTGTCATACAT,14,4802353
ygeY_predicted,3.4,20,4,TACCTAGAGACTTTTTTATT,16,4801151
ygeY_predicted,6.0,33,4,TACCCACTCAACGTTGCAAA,29,4813001
ygeY_predicted,3.2,19,4,GTTCCTGATGGTCACTGCCG,15,4816676
ygeY_predicted,0.8,7,4,GTTACGCACCCGCCACGAAG,3,4813119
ygeY_predicted,4.0,23,4,GTGGCTGAACAACCAGCGGC,19,4808397
ygeY_predicted,8.2,44,4,GTGATGGTGAATTGAACACA,40,4804652
ygeY_predicted,7.4,40,4,GTCTATAGTGATTCTAATGA,36,4815869
ygeY_predicted,0.4,5,4,GTCGTAATTAGCCCCCGTGC,1,4803331
ygeY_predicted,3.6,21,4,GTCAGGCCACAATAGCGCTT,17,4795806
ygeY_predicted,2.8,17,4,GTCACGTGCCACCATCCTAG,13,4801753
ygeY_predicted,3.8,22,4,GTATATGACACCTCAGCATC,18,4806470
ygeY_predicted,4.4,25,4,GTAGCATAGCGTAAGAGCCA,21,4812131
ygeY_predicted,3.4,20,4,GTACGGCACGACTGAGACCG,16,4810280
ygeY_predicted,4.0,23,4,GGTGCGCAATTTAAGTGGAG,19,4799820
ygeY_predicted,3.0,18,4,GGTGAAATCGACATAAATGG,14,4815252
ygeY_predicted,2.2,14,4,GGTCAAAAGTCAATCCGTAC,10,4814463
ygeY_predicted,4.0,23,4,GGGAGCTAACGCGTTGTCCA,19,4795759
ygeY_predicted,3.2,19,4,GGGAAACAGGCGACTTGGTC,15,4804130
ygeY_predicted,4.4,25,4,GGATGTTAAGGTAGGCCGAG,21,4804774
ygeY_predicted,3.6,21,4,GGACTGCGGCGGCGAAATGT,17,4800056
ygeY_predicted,4.6,26,4,GGAAGGCTGATTCGCAATCA,22,4797409
ygeY_predicted,3.2,19,4,GCTCGAGCGATTGCGCTGAT,15,4812167
ygeY_predicted,4.8,27,4,GCGTGCTCTTATTCGGAAGA,23,4799516
ygeY_predicted,0.6,6,4,GCGGCGGGAGATAGTTAAAA,2,4798219
ygeY_predicted,0.4,5,4,GCCGCACTCGGCATGCTCCC,1,4800713
ygeY_predicted,2.2,14,4,GCCCTATGGGGCGCAAGACT,10,4812517
ygeY_predicted,1.0,8,4,GCCACCGAACTTGATGCATA,4,4811606
ygeY_predicted,4.8,27,4,GCACGACATTGTGTTTAACG,23,4798741
ygeY_predicted,5.2,29,4,GAGTGACCCGACCCCTCAAT,25,4804552
ygeY_predicted,2.8,17,4,GAGAGTGCGACTTCGTACTC,13,4813397
ygeY_predicted,2.2,14,4,GACGATTCCATCGGTCCGAG,10,4804521
ygeY_predicted,0.4,5,4,GAAGCTTATACCGCTCGCTG,1,4813350
ygeY_predicted,4.8,27,4,CTTGGCGCTGTGTTGATACA,23,4800035
ygeY_predicted,6.4,35,4,CTGTTATTTCGTTGGAACGG,31,4801047
ygeY_predicted,0.4,5,4,CTGGGAGCCAGCCACAAAAT,1,4807698
ygeY_predicted,4.6,26,4,CTGCGTTGTATCAATGAGGG,22,4805186
ygeY_predicted,5.2,29,4,CTGAGTGTGGTGCCCGCGGA,25,4799844
ygeY_predicted,2.2,14,4,CTCAGTGCATCACGAGCATT,10,4797592
ygeY_predicted,3.8,22,4,CTACTCACAGGTTCGAGTGA,18,4795223
ygeY_predicted,4.8,27,4,CTAACACAGACCAAATGCTT,23,4798931
ygeY_predicted,2.2,14,4,CTAAACTAGCTTGTTTAGGT,10,4795123
ygeY_predicted,3.2,19,4,CGTGCAATTGCCACCTGGTA,15,4805574
ygeY_predicted,2.0,13,4,CGGTTTCAGATCAAATTTTA,9,4811099
ygeY_predicted,1.8,12,4,CGGCGTCGCGAGTCAGTCTA,8,4816062
ygeY_predicted,4.0,23,4,CGGCGCCTGATGCTCAAAAA,19,4807920
ygeY_predicted,1.8,12,4,CGGCACCTCGACAAATTAAT,8,4811918
ygeY_predicted,2.0,13,4,CGAACACTGCATGTTGTATG,9,4806738
ygeY_predicted,1.4,10,4,CCTGGTTAGGAGCGCAGTTT,6,4804313
ygeY_predicted,3.2,19,4,CCTATGCCTTTACCTCATCA,15,4810514
ygeY_predicted,3.0,18,4,CCGCTGGTAACTTTGTCTGA,14,4815078
ygeY_predicted,1.0,8,4,CCGATGCGCGCGCTGCTCGT,4,4805274
ygeY_predicted,4.0,23,4,CCCGAGAGACAACGAGGGTG,19,4800971
ygeY_predicted,0.4,5,4,CCCCGTGACTCGCATGGAAT,1,4811372
ygeY_predicted,2.6,16,4,CCCCGATCGGGTTGAGCTTA,12,4805537
ygeY_predicted,0.4,5,4,CCATCGATATAGGGCCGTGC,1,4796910
ygeY_predicted,0.6,6,4,CCAGCTATTTTCAAGGGATC,2,4804213
ygeY_predicted,1.4,10,4,CCAACATACCAGGTGTTAAA,6,4800092
ygeY_predicted,2.6,16,4,CATGCTTGTATCGGAGAGTG,12,4805247
ygeY_predicted,5.4,30,4,CATCTTTAACTGGGTCGTCG,26,4795866
ygeY_predicted,4.4,25,4,CAGGTTATTAGGAATTGGTC,21,4806885
ygeY_predicted,0.4,5,4,CAGGCCCAATGAATGTACCT,1,4798203
ygeY_predicted,2.6,16,4,CAATGCCTCGAGCATAAGAC,12,4814073
ygeY_predicted,2.6,16,4,CAATAGGATTATATGATCGG,12,4797274
ygeY_predicted,7.4,40,4,CAAATTCGCCATGCGGTGCA,36,4795101
ygeY_predicted,1.0,8,4,ATTTCTCCTTCGGTTTAAAC,4,4804562
ygeY_predicted,0.4,5,4,ATTGTGGGGGCAGCCTCTAG,1,4803613
ygeY_predicted,3.0,18,4,ATGCCCAGACTGGTTTCTCG,14,4808741
ygeY_predicted,2.6,16,4,ATGATTTTGATCTTCAATCC,12,4811940
ygeY_predicted,3.2,19,4,ATCGTGTATTTCGATTAGAA,15,4805700
ygeY_predicted,1.4,10,4,ATCAGCCCCTTCACTCGTTC,6,4811093
ygeY_predicted,3.2,19,4,ATATTGAGAGAAGTTATCCT,15,4816980
ygeY_predicted,0.4,5,4,AGTGAGAGCAACTACGACCA,1,4807994
ygeY_predicted,3.2,19,4,AGTGACACGCTCTCTAAGGC,15,4809559
ygeY_predicted,0.6,6,4,AGTGAAAAAGAACACTTAGC,2,4802108
ygeY_predicted,2.6,16,4,AGTCAGGATCTCTTGGATCG,12,4808828
ygeY_predicted,0.8,7,4,AGGTTAGGTAGCGCTTACGT,3,4800542
ygeY_predicted,0.4,5,4,AGGATCAGTCTTGATGTCTC,1,4806899
ygeY_predicted,0.4,5,4,AGCTGTTTGATTCCGAATTA,1,4800193
ygeY_predicted,3.6,21,4,AGCTCTTTGCTGGTTGCTGT,17,4814469
ygeY_predicted,1.4,10,4,AGCCTTACCCCATCTCCTCT,6,4804757
ygeY_predicted,4.2,24,4,AGCCTCGTGAAGGGGTCTCT,20,4806688
ygeY_predicted,2.6,16,4,AGCACTCGGCATCATCCGTA,12,4815019
ygeY_predicted,2.0,13,4,AGATTTCATTAGGGGATTAT,9,4799304
ygeY_predicted,3.2,19,4,ACTCGGATACCGGGTTATTA,15,4806745
ygeY_predicted,2.6,16,4,ACGTACGGTTCCCTTAGCAT,12,4800975
ygeY_predicted,3.6,21,4,ACGCGCGGCGCTTTGCCCTA,17,4801793
ygeY_predicted,5.6,31,4,ACCCCTAGTACACGTCCCCA,27,4807854
ygeY_predicted,0.4,5,4,ACCATCCACCACAAGGAATG,1,4806552
ygeY_predicted,1.4,10,4,ACATCTGTCCCTCTTATATG,6,4815615
ygeY_predicted,2.6,16,4,ACACCTTGGCTGGTGCTTGG,12,4803337
ygeY_predicted,2.6,16,4,ACAAACGATGCCAATCTCCT,12,4797128
ygeY_predicted,2.6,16,4,AATGTCATCGCTGGCAAGCA,12,4810754
ygeY_predicted,8.6,46,4,AATGATGAGGGCCGTAGCTA,42,4811732
ygeY_predicted,8.0,43,4,AATGACAGACGAGCCATGGT,39,4803238
ygeY_predicted,1.4,10,4,AATGAACCGCACTAGGGACA,6,4808446
ygeY_predicted,2.0,13,4,AATAATTCAGTAGGGTTATG,9,4807559
ygeY_predicted,1.4,10,4,AAGCGGGCCAGTGGCACTCG,6,4804451
ygeY_predicted,4.0,23,4,AAGATCGTGTGCTACACTTC,19,4805369
ygeY_predicted,5.0,28,4,AACGATTCGCCAATTTTCCT,24,4804166
ygeY_predicted,2.4,15,4,AACCTTATCGGGTAACAACG,11,4798267
ygeY_predicted,3.4,20,4,AAAGGGATCCAATCACTTTT,16,4806158
ygeY_predicted,5.25,23,3,TTTGGCCTTATGCCGCGTGG,20,4805961
ygeY_predicted,0.5,4,3,TTTCCTAATAGCGCCAGACG,1,4816420
ygeY_predicted,1.5,8,3,TTTACGGAAATTAATATTGA,5,4799837
ygeY_predicted,3.5,16,3,TTTAAGTACCAATTGGCTGC,13,4802719
ygeY_predicted,1.5,8,3,TTCGCCTCCATGGAGGAGGG,5,4804178
ygeY_predicted,6.0,26,3,TTCCCCGGCGCGTGGTAACC,23,4799006
ygeY_predicted,3.0,14,3,TTCAGGGAGTCTGGCCAAGT,11,4809010
ygeY_predicted,6.0,26,3,TTCACTCCTCTTAAGTTGTA,23,4813640
ygeY_predicted,3.25,15,3,TTATACTACGGAGGATCGTA,12,4798691
ygeY_predicted,5.0,22,3,TGTGTTAAACCTGCCCGGGT,19,4797944
ygeY_predicted,4.25,19,3,TGTGTCAGGCTATCAAGTAA,16,4814029
ygeY_predicted,0.5,4,3,TGGGTTGCAAGAAGCACACA,1,4805920
ygeY_predicted,2.5,12,3,TGGCACATTCCGCTCGGCAG,9,4802529
ygeY_predicted,0.5,4,3,TGAACCCCCCTTACATGTGA,1,4801372
ygeY_predicted,3.5,16,3,TCTCCGAACGAGCCACCCGG,13,4802343
ygeY_predicted,3.5,16,3,TCTACGCGGCTGATTTACTC,13,4808749
ygeY_predicted,9.5,40,3,TCTACATGCAGAGGGACCCG,37,4804975
ygeY_predicted,5.75,25,3,TCGGGCTTCTAAGTAGGGAG,22,4800240
ygeY_predicted,4.5,20,3,TCGCCAAAACACATCCCATG,17,4807254
ygeY_predicted,2.75,13,3,TCCTAAACTTAGGGAATAAA,10,4814672
ygeY_predicted,8.0,34,3,TCCGTATTTTGTCATCTGGC,31,4812396
ygeY_predicted,4.25,19,3,TCCGCTGATATTAGTACCAC,16,4806266
ygeY_predicted,3.75,17,3,TCCAGAGCTGAGGGGTTGTT,14,4804396
ygeY_predicted,2.75,13,3,TCATCGGCATGTAACCGAAG,10,4798853
ygeY_predicted,3.75,17,3,TATCAACTGTGTTTGAGTAT,14,4808053
ygeY_predicted,3.75,17,3,TAGCGTCGAAGGCTAAGAGG,14,4807754
ygeY_predicted,3.0,14,3,TACTGCGTATTTCGATAGCG,11,4802169
ygeY_predicted,4.5,20,3,TACTCGTGGGTTGGTAATGA,17,4801205
ygeY_predicted,1.5,8,3,TACCGAACATCGGCACGAAA,5,4812352
ygeY_predicted,2.25,11,3,TAAGTTCAAACAAGTTTGTA,8,4802363
ygeY_predicted,8.0,34,3,TAAACTCTTATCTTGATATT,31,4798187
ygeY_predicted,3.0,14,3,GTGTTTATGTGGCGCCCTCG,11,4804054
ygeY_predicted,4.5,20,3,GTCTGCAAGAGCCGGAAGAA,17,4813823
ygeY_predicted,8.25,35,3,GTCAGTTGCTGTTAATTGGT,32,4807440
ygeY_predicted,2.25,11,3,GTCAAAACGTTAAGGTCATG,8,4807669
ygeY_predicted,3.0,14,3,GTACGATGGTTGCCGTTTAT,11,4797895
ygeY_predicted,3.25,15,3,GTACCCTTACGAAAGCGTAA,12,4808820
ygeY_predicted,3.25,15,3,GGTCTCCTTACACCCCATAT,12,4806179
ygeY_predicted,0.5,4,3,GGTAAATAGGCAATTCAGCT,1,4798188
ygeY_predicted,2.5,12,3,GGGGGCGGGAACTAATACGT,9,4801125
ygeY_predicted,0.5,4,3,GGCTGTATAACAGCCTCTCG,1,4806401
ygeY_predicted,10.25,43,3,GGCCCTCTTTCCGGCAACTA,40,4796804
ygeY_predicted,4.75,21,3,GGCATGTCCGGGAGTGGCGG,18,4807072
ygeY_predicted,6.0,26,3,GGCATCGACTGGATGGCATG,23,4809105
ygeY_predicted,2.5,12,3,GGAGTAAAGACATCGGGTGC,9,4805457
ygeY_predicted,4.75,21,3,GCCTGGACTTGGGGAGCAGC,18,4809151
ygeY_predicted,0.5,4,3,GCCTACACATATTAAGGGTA,1,4797739
ygeY_predicted,2.25,11,3,GATAGTAATTCGGATCATAC,8,4801695
ygeY_predicted,3.0,14,3,GAGGCCCGAAAAAGCTTAAA,11,4794991
ygeY_predicted,2.75,13,3,GAGAAGTAAGATCCTACTCT,10,4806826
ygeY_predicted,3.0,14,3,GACACGCGGGTGATCATGTT,11,4801009
ygeY_predicted,3.5,16,3,GAATGTTACTACTTTAATAT,13,4805454
ygeY_predicted,0.75,5,3,GAACGACGCTAACTTATATT,2,4796449
ygeY_predicted,2.5,12,3,CTTTGCAATCAGACGTGGCC,9,4801638
ygeY_predicted,3.25,15,3,CTGCGGCACCCACGACTGAT,12,4807722
ygeY_predicted,3.75,17,3,CTCCTTCGATTGTTAGGTAA,14,4803761
ygeY_predicted,3.75,17,3,CTCCTCTTCATGCTACGTCG,14,4799167
ygeY_predicted,3.25,15,3,CTACGGAGACGTGAACACCT,12,4812542
ygeY_predicted,4.5,20,3,CGTTGGTGACAGATCCGCGT,17,4805138
ygeY_predicted,3.0,14,3,CGTTGCGGTGGTGGCGTTTA,11,4804978
ygeY_predicted,1.5,8,3,CGTGGGGAGATCCTGAGCGC,5,4794977
ygeY_predicted,0.5,4,3,CGTACGTGGTTGACGTATTG,1,4816123
ygeY_predicted,2.75,13,3,CGGTTAGATTGACGCCCCTG,10,4812864
ygeY_predicted,0.5,4,3,CGGACAATCTACTAAACCAA,1,4815714
ygeY_predicted,5.75,25,3,CGCGGGTGCCTTTAGACCAT,22,4802669
ygeY_predicted,3.0,14,3,CGATCCACACTCAACGTCGG,11,4804761
ygeY_predicted,1.0,6,3,CGACGTCTGGACTGCGGCAA,3,4808910
ygeY_predicted,1.75,9,3,CGACAGCGTATAAGAACTAC,6,4807566
ygeY_predicted,4.5,20,3,CGAAGGGTATACCGGCAGGG,17,4797691
ygeY_predicted,3.0,14,3,CCTCACAAAGTTCGTAGAAG,11,4814348
ygeY_predicted,1.0,6,3,CCCGTTACTCTGAGTAAGGC,3,4800156
ygeY_predicted,2.0,10,3,CCCGGTGCTTTAGGGCACTA,7,4813900
ygeY_predicted,7.0,30,3,CCCGGCTCATCGCATGCCGT,27,4803416
ygeY_predicted,4.0,18,3,CCACGTAGGAGTATCTAAAT,15,4807661
ygeY_predicted,3.25,15,3,CCAACGAGCGCCTAAGTACT,12,4806701
ygeY_predicted,5.0,22,3,CATGCTCACAATACTGATGC,19,4802247
ygeY_predicted,4.5,20,3,CATGAGAGGCTCTCTCAGGT,17,4806704
ygeY_predicted,0.75,5,3,CATCCTGGTGAAAGTAATTT,2,4809344
ygeY_predicted,6.5,28,3,CAGACACCGAGAGGTCAGAA,25,4812605
ygeY_predicted,10.5,44,3,CACGGGCTACAGACCCCTAA,41,4809054
ygeY_predicted,0.5,4,3,CAACTCCTTACTCCTCTCTA,1,4808991
ygeY_predicted,4.25,19,3,ATTCAGCCAATTGTATGAGA,16,4816848
ygeY_predicted,5.5,24,3,ATTAGAAGCGGGGGTCCGCA,21,4803801
ygeY_predicted,4.0,18,3,ATGTAACGTGCTAGAGCCAA,15,4800499
ygeY_predicted,5.75,25,3,ATGGTTCCAAGGCGATAGCC,22,4815292
ygeY_predicted,1.0,6,3,ATGGGTAAGTGCTCTAGTAT,3,4805701
ygeY_predicted,4.0,18,3,ATCTTGGGCTCACATGCCTT,15,4806696
ygeY_predicted,3.5,16,3,ATCGCATTCCCCCTCTCGCG,13,4800413
ygeY_predicted,1.0,6,3,ATATGGGAATCCGCGGTGAA,3,4795533
ygeY_predicted,3.25,15,3,ATATCCCTCGTCACGAACGC,12,4801620
ygeY_predicted,3.5,16,3,ATATCACGGTACCCCCTGTA,13,4811453
ygeY_predicted,0.5,4,3,ATAGTTGGTTAATGGTGCTG,1,4808339
ygeY_predicted,1.75,9,3,ATAACGCTGGTTATCGTACG,6,4806295
ygeY_predicted,3.5,16,3,AGTCACAGCAAACGGAGCGC,13,4804017
ygeY_predicted,6.0,26,3,AGGCAAACAACAGGCGGTCA,23,4801767
ygeY_predicted,3.0,14,3,AGATCCGGCGCGGCAAGCCC,11,4813466
ygeY_predicted,0.5,4,3,AGACTTTTGAAATGAATTAA,1,4796092
ygeY_predicted,1.25,7,3,AGACATCTGGCTTATCGGTA,4,4802440
ygeY_predicted,4.5,20,3,ACTCACGTTATGCCGCAGCG,17,4812695
ygeY_predicted,2.25,11,3,ACGCGTAATTGACATTACCG,8,4796812
ygeY_predicted,1.0,6,3,ACCCGGCCAGTGACCCAATG,3,4802952
ygeY_predicted,3.75,17,3,ACCCACACGGCCTAACCAGT,14,4816787
ygeY_predicted,3.0,14,3,ACCACAGGTCTTGGTATGGC,11,4805032
ygeY_predicted,6.5,28,3,AACGCCAACACGGGGAGGGT,25,4812498
ygeY_predicted,3.6666666666666665,12,2,TTCTAGAGAACCCCGCAGAT,10,4798318
ygeY_predicted,4.333333333333333,14,2,TTCAGGGGCGTAGCCGTTAT,12,4799999
ygeY_predicted,6.0,19,2,TTATTTGTGCAGTGTATACT,17,4802494
ygeY_predicted,1.0,4,2,TTATTGCATAATATTTACCT,2,4811599
ygeY_predicted,2.3333333333333335,8,2,TTACAAGGGCACCCCTTCCT,6,4810746
ygeY_predicted,2.6666666666666665,9,2,TGTGGAAGGTCCAGATCCGC,7,4806523
ygeY_predicted,6.333333333333333,20,2,TGGTTGCAACTGGATGGGAT,18,4808028
ygeY_predicted,6.0,19,2,TGCTTATTCACCATACGTCG,17,4801404
ygeY_predicted,7.333333333333333,23,2,TGATCGTGTGGGGTAGCTCA,21,4809323
ygeY_predicted,5.666666666666667,18,2,TGAAACCCAACTCTCTCGGG,16,4802854
ygeY_predicted,3.0,10,2,TCTAATCAGTCCAATATCTT,8,4816839
ygeY_predicted,4.0,13,2,TCGTAAACGGACTTGGTCCT,11,4797406
ygeY_predicted,5.666666666666667,18,2,TCGGGGTTGATCAGCGCTGA,16,4813163
ygeY_predicted,9.666666666666666,30,2,TATCCTTGGGCTATGCACGT,28,4807712
ygeY_predicted,7.0,22,2,TACTTCCCTAAAGTCGGCGT,20,4800639
ygeY_predicted,5.0,16,2,TACTCTGTATTTTCCGAACT,14,4797804
ygeY_predicted,4.333333333333333,14,2,TACTCCTAGATTCAGTTCTC,12,4812788
ygeY_predicted,2.0,7,2,TACCGATCGCTCCCGCCTGA,5,4807682
ygeY_predicted,8.0,25,2,TAATTATAGAAGCCTCTGCA,23,4811537
ygeY_predicted,9.666666666666666,30,2,TAATGGGACGTAGCACACAC,28,4801888
ygeY_predicted,3.0,10,2,TAATACTGGTTAAGCCCAAA,8,4813728
ygeY_predicted,5.0,16,2,GTTGAGAACGTTCCTGCCTT,14,4811330
ygeY_predicted,1.3333333333333333,5,2,GTGTCACGTCACCGACACAC,3,4796795
ygeY_predicted,2.3333333333333335,8,2,GTGGATACGATCGAGTCCTG,6,4801072
ygeY_predicted,4.666666666666667,15,2,GTGATAAAGGTAAAATCATT,13,4806154
ygeY_predicted,0.6666666666666666,3,2,GTCTACCGGCGGGCCACTTA,1,4802994
ygeY_predicted,4.666666666666667,15,2,GTCGTGTGCCAGTACGTCTG,13,4797618
ygeY_predicted,0.6666666666666666,3,2,GTCAGGTACGCCTCACTATC,1,4808138
ygeY_predicted,2.0,7,2,GGTGGATGGGCACTGTACTA,5,4802520
ygeY_predicted,3.0,10,2,GGGTTGCTCGTTGTTAAACG,8,4809339
ygeY_predicted,3.0,10,2,GGGTGAGACGTTGCTCGTTC,8,4812739
ygeY_predicted,1.0,4,2,GGCACAGTCCTGGTGTCCCG,2,4799086
ygeY_predicted,9.666666666666666,30,2,GGAGCCAAATCGGTCTCCTC,28,4795874
ygeY_predicted,1.3333333333333333,5,2,GCTGTGTCTTCTAGCAGCGC,3,4815789
ygeY_predicted,4.0,13,2,GCTCGTCGAGGCTATTCACC,11,4805489
ygeY_predicted,7.0,22,2,GCTCGGCTTTCCCATGTATA,20,4811890
ygeY_predicted,1.3333333333333333,5,2,GCTCCACGACAGGGTTGTCT,3,4804020
ygeY_predicted,1.6666666666666667,6,2,GCACCAGGATTCCTTTCCTT,4,4795758
ygeY_predicted,6.666666666666667,21,2,GATTCACTTTGATCTCGATC,19,4816036
ygeY_predicted,0.6666666666666666,3,2,GATGTCCAGCTGGGTCACAT,1,4814017
ygeY_predicted,3.6666666666666665,12,2,GATGGCACTTTCAGCGCGTC,10,4812340
ygeY_predicted,4.666666666666667,15,2,GAGCCCCTCGGCCTTTGTTT,13,4800815
ygeY_predicted,3.6666666666666665,12,2,GACACAGTTTTCCCGCGGGA,10,4812686
ygeY_predicted,3.6666666666666665,12,2,GAATTGGAGGCGGCAGCCAT,10,4796552
ygeY_predicted,5.333333333333333,17,2,GAACATCGGCCAGGGACTGT,15,4800289
ygeY_predicted,1.0,4,2,CTTTTGCCCGTTTGAGTAAC,2,4804280
ygeY_predicted,2.3333333333333335,8,2,CTTGTGGGATCACCTTGATA,6,4812035
ygeY_predicted,6.0,19,2,CTTCAGGTATTGCATGACAA,17,4801258
ygeY_predicted,3.0,10,2,CTTAACCGGGTGTTAAGAAT,8,4812159
ygeY_predicted,4.333333333333333,14,2,CTGGGTCAACGAGATGGCCA,12,4811956
ygeY_predicted,2.3333333333333335,8,2,CGTCAACAACGCCCGTGTGA,6,4806364
ygeY_predicted,2.3333333333333335,8,2,CGGATCTTGCCGCCCGGGCC,6,4809833
ygeY_predicted,0.6666666666666666,3,2,CGCTGATGTAGTTATGCCAA,1,4807133
ygeY_predicted,1.6666666666666667,6,2,CGCCGCCTGAGGCGATGGGC,4,4801157
ygeY_predicted,0.6666666666666666,3,2,CGCAATTGAGATCAGCGGAC,1,4801250
ygeY_predicted,3.3333333333333335,11,2,CGAAGGCAAACGGGATCCAC,9,4805269
ygeY_predicted,2.0,7,2,CCTTGCATGCAACCTGGACT,5,4812899
ygeY_predicted,6.0,19,2,CCTACCACGGTAATTAAACG,17,4810767
ygeY_predicted,11.666666666666666,36,2,CCGGGTTTCGTAAAAATAGT,34,4806994
ygeY_predicted,0.6666666666666666,3,2,CCGAGGGCAGGAGTAAGCCA,1,4798668
ygeY_predicted,4.666666666666667,15,2,CCCTGATCATATCTCAGCCC,13,4809493
ygeY_predicted,2.6666666666666665,9,2,CCCGTAGTCACTGGAATCCT,7,4795998
ygeY_predicted,6.0,19,2,CCCACCAGGTAGCGGAGTTA,17,4799462
ygeY_predicted,7.333333333333333,23,2,CCAAACGAGTTTATAAACGT,21,4808708
ygeY_predicted,1.0,4,2,CATTTCCTCGGGATCTTCTC,2,4811255
ygeY_predicted,1.0,4,2,CATTCGGGATCGAAGCAGAG,2,4803289
ygeY_predicted,3.0,10,2,CAGGTCAAACACCTGCTTTT,8,4809887
ygeY_predicted,4.666666666666667,15,2,CACTCAGACGCTAAATATTG,13,4796786
ygeY_predicted,4.333333333333333,14,2,CACCAGAAATACTCCCCGCA,12,4799704
ygeY_predicted,5.666666666666667,18,2,CACATTAGAACTAATCCCCC,16,4815678
ygeY_predicted,4.666666666666667,15,2,CACAGGTTAACACTCTGTGT,13,4810970
ygeY_predicted,5.333333333333333,17,2,CAAAGCATCTCTTTGTTTCC,15,4816346
ygeY_predicted,6.333333333333333,20,2,ATTTACGTTGGGCCAGATGG,18,4809492
ygeY_predicted,5.0,16,2,ATTCGTGCAGCAGGTCGTTA,14,4814472
ygeY_predicted,1.6666666666666667,6,2,ATTACCCATTTTTTTGGGTA,4,4814862
ygeY_predicted,11.333333333333334,35,2,ATGTGGTAAGATTCTTTGAG,33,4799159
ygeY_predicted,5.666666666666667,18,2,ATGTAGGCTTTAGTCTACTA,16,4816631
ygeY_predicted,0.6666666666666666,3,2,ATCCTTAGTCCGCACATGTT,1,4801289
ygeY_predicted,6.333333333333333,20,2,ATCCCCCATGTTGTCGAGTC,18,4816701
ygeY_predicted,0.6666666666666666,3,2,ATATAAATGCACCAGAAAAC,1,4816630
ygeY_predicted,2.6666666666666665,9,2,AGGGGGAGGCCAGGATTCGT,7,4809362
ygeY_predicted,7.0,22,2,AGAGACGTTTCTGAGTGATC,20,4795623
ygeY_predicted,2.3333333333333335,8,2,AGAAGTTGGCCTATGTAATG,6,4796261
ygeY_predicted,2.0,7,2,ACGTTTTCTGAGCTCGGTGT,5,4814154
ygeY_predicted,8.666666666666666,27,2,ACCCAACAAGAAAGTCCCTA,25,4802961
ygeY_predicted,2.0,7,2,ACCCAAAGCACGTGATTCTT,5,4802791
ygeY_predicted,4.666666666666667,15,2,ACCATCACCGCATTAGCGTC,13,4808509
ygeY_predicted,1.6666666666666667,6,2,AATTTGCGAGTGTCCTGTAT,4,4796627
ygeY_predicted,8.0,25,2,AATGCATAAAGTTGTATAAT,23,4807930
ygeY_predicted,4.333333333333333,14,2,AATATTACGTTGACGGAAGT,12,4794952
ygeY_predicted,5.666666666666667,18,2,AAGGTACGTCCTCCCGTAAA,16,4812381
ygeY_predicted,0.6666666666666666,3,2,AAGCAGATGATAAGAACAAA,1,4806840
ygeY_predicted,5.5,11,1,TTGAAAAGGTATCATGGGCT,10,4807699
ygeY_predicted,6.0,12,1,TTCAGTTAGTCCTAAAGTAA,11,4797055
ygeY_predicted,3.5,7,1,TGGTTGTTTTGTGGGACAAA,6,4795934
ygeY_predicted,8.0,16,1,TGGTGGGATCCCCCATCTGG,15,4802811
ygeY_predicted,5.0,10,1,TGGCAACCGAAAGGGTCCCC,9,4798069
ygeY_predicted,4.5,9,1,TGCCACCGTGCTCCGCCCCT,8,4806374
ygeY_predicted,1.0,2,1,TGCACGTTTGACCGGTTAGT,1,4808797
ygeY_predicted,8.0,16,1,TGAAGGTTTTGTTCCAACGG,15,4794961
ygeY_predicted,4.0,8,1,TCTACGCGGTCCACGCCAGC,7,4816784
ygeY_predicted,9.0,18,1,TCGTGCAAACGGTTCCCCTG,17,4812264
ygeY_predicted,9.0,18,1,TCGTCAGGCGACCTGCTTGC,17,4805720
ygeY_predicted,7.0,14,1,TCGTAACGGACCGGGTAGCC,13,4804823
ygeY_predicted,10.0,20,1,TCGCCAGAGTAAACTGTTCA,19,4795595
ygeY_predicted,11.0,22,1,TCCTATGTATCAGCGATTAG,21,4802124
ygeY_predicted,8.0,16,1,TATAGTATCTCTAGTAATTC,15,4810525
ygeY_predicted,2.0,4,1,TACGTATCGGACGTCGCACC,3,4803780
ygeY_predicted,7.5,15,1,TAATAGCATGACTGGTGATC,14,4796371
ygeY_predicted,6.0,12,1,TAAATAACTCGAATTGGGTT,11,4798095
ygeY_predicted,1.0,2,1,GTTGTTTACACGACCGGGCG,1,4797417
ygeY_predicted,7.5,15,1,GTCGCGCTGCTCTGATCCAA,14,4795277
ygeY_predicted,4.0,8,1,GTCCTATGGGCGTTAGATTG,7,4805757
ygeY_predicted,1.0,2,1,GTCAGTGGCTACAGTCCTGG,1,4798617
ygeY_predicted,3.0,6,1,GTAAAGCGGGAATGTAAGGC,5,4802562
ygeY_predicted,13.5,27,1,GGTGTTGAAAAAGTTAGGAT,26,4813052
ygeY_predicted,8.5,17,1,GGTAGAATGCGGAGACCCTC,16,4810327
ygeY_predicted,9.0,18,1,GGTACTACAGACAGAATGGC,17,4810468
ygeY_predicted,11.0,22,1,GGCGACGGGGCTACGGAACC,21,4806275
ygeY_predicted,5.5,11,1,GCTTCCAACCCAAATCAAGA,10,4806700
ygeY_predicted,8.0,16,1,GCGTCTAATAGGCTGGTGTT,15,4804155
ygeY_predicted,4.0,8,1,GCGGCAACGTAAACCTAACC,7,4813498
ygeY_predicted,12.5,25,1,GCGCGCATCGATCTTCGTCG,24,4795593
ygeY_predicted,4.5,9,1,GCGCAGATGAGTCAGGCTCT,8,4812119
ygeY_predicted,4.5,9,1,GCATTTATCTCTTTGCCCTT,8,4807788
ygeY_predicted,2.5,5,1,GCAGCCTATGGACTGGGAAA,4,4801183
ygeY_predicted,8.0,16,1,GCACTTTCGGTTGGAGCAGG,15,4803422
ygeY_predicted,5.5,11,1,GCACATCCGGTTCCCCAGCA,10,4801757
ygeY_predicted,11.5,23,1,GCAAGGAACCTGAGGCCCAG,22,4798606
ygeY_predicted,1.0,2,1,GATACTAATGAACGCACAAT,1,4803072
ygeY_predicted,7.5,15,1,GAGAGGAATTACTAAGATAG,14,4804853
ygeY_predicted,13.5,27,1,CTGTGGGTCCGATGCTTCAA,26,4815975
ygeY_predicted,1.5,3,1,CTCTGGTGTGAGCGCGCAGG,2,4800250
ygeY_predicted,10.5,21,1,CTCATGTACACAGCCCCAGG,20,4805477
ygeY_predicted,1.0,2,1,CTACGTGCTGCGATGTAAAT,1,4806322
ygeY_predicted,7.0,14,1,CTACGATCCAGTCCCGAAGA,13,4795945
ygeY_predicted,9.0,18,1,CTACGATATTCAAGCGGTAA,17,4811114
ygeY_predicted,1.0,2,1,CGTCGTCTCCCCCCAATTGA,1,4795843
ygeY_predicted,5.5,11,1,CGGTTACTGACTACTGTGTT,10,4816533
ygeY_predicted,6.5,13,1,CGGCGCGCAAATTAGGTACA,12,4797987
ygeY_predicted,3.0,6,1,CGCCGAAGCTTACGTGTTAT,5,4800252
ygeY_predicted,3.5,7,1,CGCAGGCACGGAATAAACAT,6,4815168
ygeY_predicted,5.5,11,1,CGAGGCTATAGCTTTAACTT,10,4798314
ygeY_predicted,1.0,2,1,CGAGATCTGACCAAACCGTT,1,4812593
ygeY_predicted,9.0,18,1,CCTGGCATTTTGACAATGTT,17,4806707
ygeY_predicted,8.0,16,1,CCTGCTTCGTTTTTCCCTCA,15,4802674
ygeY_predicted,1.5,3,1,CCGTCCGTACTGCCTTGTGA,2,4802055
ygeY_predicted,10.0,20,1,CCGCTGAATGCTCAGTTCAT,19,4807697
ygeY_predicted,6.0,12,1,CCCAACGTAGATCGCCGGTG,11,4812440
ygeY_predicted,6.0,12,1,CCACTAGGTCAGCTTACATG,11,4814805
ygeY_predicted,2.0,4,1,CCAATTATTAATACTTCCCT,3,4795660
ygeY_predicted,6.0,12,1,CCAAGTAGGGTGGTTCTTAT,11,4805366
ygeY_predicted,1.5,3,1,CATGGACTAAATTTATTGTT,2,4806377
ygeY_predicted,10.5,21,1,CAGCTGGAACGGTATCGGAG,20,4803934
ygeY_predicted,9.5,19,1,CAGAGGCACTGGTTCACTTT,18,4800255
ygeY_predicted,2.0,4,1,CACGTGGTTAAGAACTGGTA,3,4798586
ygeY_predicted,10.0,20,1,ATGGTGGTCATTCATCCCGT,19,4805027
ygeY_predicted,5.0,10,1,ATAGGCAGCGTTGACGCAAG,9,4804755
ygeY_predicted,7.5,15,1,ATAAGCATAGTTCATGAATT,14,4795494
ygeY_predicted,3.0,6,1,ATAAAGGCTAGCCCTGCTTG,5,4808506
ygeY_predicted,1.0,2,1,AGTTCGTTGAATAAGAAAGA,1,4807391
ygeY_predicted,2.0,4,1,AGTTAGAGCATGGTAAATAG,3,4799478
ygeY_predicted,8.5,17,1,AGTGAAGGTAAGCGGATATC,16,4798671
ygeY_predicted,5.5,11,1,AGCTATAGAAATTGTAGTCC,10,4797220
ygeY_predicted,5.0,10,1,AGCGGAACCCCTCCACCTTG,9,4812099
ygeY_predicted,8.0,16,1,ACTGGTGGGTCTTTTTATGT,15,4814644
ygeY_predicted,1.0,2,1,ACTCACCGAGGCAACGTGAA,1,4795833
ygeY_predicted,6.0,12,1,ACTAAGCCATTAATTCAGAT,11,4813090
ygeY_predicted,1.0,2,1,ACTAAGCATTCTCCCAAGAT,1,4795980
ygeY_predicted,11.5,23,1,ACGGCCGTAAGCTCGATTGA,22,4816799
ygeY_predicted,3.5,7,1,ACCGTAAATGGTTTGGTTTA,6,4796635
ygeY_predicted,5.5,11,1,ACACTGACCGCCGAAAGTAA,10,4801978
ygeY_predicted,8.0,16,1,ACACAGGTTTCGTGAATTGT,15,4800230
ygeY_predicted,1.0,2,1,ACACACCTGACACAGACGGA,1,4799893
ygeY_predicted,10.5,21,1,AATCTGTCAATATGATAAGT,20,4795532
ygeY_predicted,6.5,13,1,AAGGTGCACTCCTTGTATAC,12,4798369
ygeY_predicted,5.5,11,1,AAGATGGCACGCGCGTAGCA,10,4807143
ygeY_predicted,1.0,2,1,AAGATAGGCGTATTGGGACA,1,4812894
ygeY_predicted,10.0,20,1,AACTACGTATGCTTTCCAGT,19,4806539
ygeY_predicted,1.0,2,1,AACCCTAGTCAATTTCGGTC,1,4799950
ygeY_predicted,4.5,9,1,AAACCTGGTTCTCATCTGTG,8,4798056
ygeY_predicted,0.016129032258064516,61,61,CTCTGCAGCGAATAAAATCA,0,4794907
ygeY_predicted,0.018518518518518517,53,53,AGCGTGACACAATAGCGAAG,0,4794943
ygeY_predicted,0.022727272727272728,43,43,GTCTTCGCACACAATGCTGT,0,4810424
ygeY_predicted,0.024390243902439025,40,40,ACGTGGTAAACACAGCGCAT,0,4800390
ygeY_predicted,0.025,39,39,ACCGTTTCTGGGACATTCAT,0,4806507
ygeY_predicted,0.027777777777777776,35,35,AGTACATTGCCGCGCAGCGG,0,4801044
ygeY_predicted,0.027777777777777776,35,35,AGAGTTCCCTGAGGCCGACT,0,4799606
ygeY_predicted,0.02857142857142857,34,34,TAAATCGTGAAGTTTTCAAT,0,4813855
ygeY_predicted,0.030303030303030304,32,32,GGAAGGTACTCGAGAACAGC,0,4795995
ygeY_predicted,0.03125,31,31,CTTCGGCTACCTTACGTTTT,0,4798049
ygeY_predicted,0.03125,31,31,CCTGGACAAGCCAGGCTCGT,0,4808031
ygeY_predicted,0.03125,31,31,CATTGCGCCAATTCCACCCA,0,4795363
ygeY_predicted,0.03225806451612903,30,30,GTTATGTGAGTCCTTAGGAC,0,4807656
ygeY_predicted,0.03225806451612903,30,30,CATCTACTTGTCGAAGTTAG,0,4795291
ygeY_predicted,0.03225806451612903,30,30,ACTCGGGCCAGGTCGCTCAG,0,4813747
ygeY_predicted,0.03333333333333333,29,29,GCTATTCCGGTATATAAAGT,0,4802880
ygeY_predicted,0.034482758620689655,28,28,CGTTGTCTGACTATATGGGG,0,4806565
ygeY_predicted,0.03571428571428571,27,27,TAAGTGCTTGGTCTGCCAAC,0,4798834
ygeY_predicted,0.03571428571428571,27,27,GTACCTTAAGGGCTCCGGAG,0,4795241
ygeY_predicted,0.03571428571428571,27,27,GGTGACCTGCCTTCCTCGGT,0,4806204
ygeY_predicted,0.03571428571428571,27,27,GAAGCGCGTGCCTAGCGGGA,0,4799337
ygeY_predicted,0.03571428571428571,27,27,CGCTGATTTCAGATATGGAG,0,4797062
ygeY_predicted,0.03571428571428571,27,27,ATGTTATCAAAGCCTCCTAA,0,4801521
ygeY_predicted,0.03571428571428571,27,27,AATTAGCGTGTTTTTTAACG,0,4801432
ygeY_predicted,0.037037037037037035,26,26,TTGCGCCCAATATTCACATT,0,4798061
ygeY_predicted,0.037037037037037035,26,26,GTGACACGCTCTCCATCAGG,0,4806044
ygeY_predicted,0.037037037037037035,26,26,GTCCCGGTTGACACGGGCAT,0,4802013
ygeY_predicted,0.037037037037037035,26,26,ACTCAAACAAATTGCGCTAG,0,4800008
ygeY_predicted,0.038461538461538464,25,25,TAATAAGGATCTGACAAGGA,0,4807348
ygeY_predicted,0.038461538461538464,25,25,CTCTGCTATATATATCGTGA,0,4801670
ygeY_predicted,0.038461538461538464,25,25,CAGATTGAGTTTAGACATAT,0,4805674
ygeY_predicted,0.038461538461538464,25,25,ATATAAATGTGTCCCCTGGG,0,4806370
ygeY_predicted,0.04,24,24,TTCCTGCACCCAGTGTTAAC,0,4797964
ygeY_predicted,0.04,24,24,TCCGGTCCTTGAAGCTATGT,0,4804781
ygeY_predicted,0.04,24,24,AGTAACAATCCCGTTGCCGG,0,4805325
ygeY_predicted,0.04,24,24,ACAGCACGGTCCCGTATGTG,0,4796951
ygeY_predicted,0.04,24,24,ACACTGACCACGCTTAGATA,0,4801126
ygeY_predicted,0.04,24,24,AACGCCTGCGGGACGCGGTA,0,4797331
ygeY_predicted,0.04,24,24,AAAGCACCTACAACCTGGAA,0,4799816
ygeY_predicted,0.041666666666666664,23,23,TTGGTCGGAAATAGGTCCTG,0,4815773
ygeY_predicted,0.041666666666666664,23,23,TGTGTAACACTAGCAAGCTG,0,4816395
ygeY_predicted,0.041666666666666664,23,23,TGGGGATAGACCTCTTCTCA,0,4794923
ygeY_predicted,0.041666666666666664,23,23,TGCAGCACGCCTCACACTCA,0,4796328
ygeY_predicted,0.041666666666666664,23,23,TCCCAAGGGTTTTAAACGCT,0,4795204
ygeY_predicted,0.041666666666666664,23,23,TACAACGACTGCCCCAACAT,0,4797091
ygeY_predicted,0.041666666666666664,23,23,GTAATGGTAAGCCACTTCGT,0,4813753
ygeY_predicted,0.041666666666666664,23,23,CTACTCCAGGGGCGCAACAG,0,4807617
ygeY_predicted,0.041666666666666664,23,23,CGTCCAACGTGCGGACGGAT,0,4795150
ygeY_predicted,0.041666666666666664,23,23,CGAGCCATGAGCATCCACGG,0,4804855
ygeY_predicted,0.041666666666666664,23,23,ACTTATACCTCTCCAAGGTT,0,4815290
ygeY_predicted,0.041666666666666664,23,23,ACTAATAGCTAATCAAGATG,0,4797276
ygeY_predicted,0.041666666666666664,23,23,ACGGGTACTCGTTCCGTCAA,0,4804300
ygeY_predicted,0.041666666666666664,23,23,ACCGCCTGGATAAAGGAACA,0,4804229
ygeY_predicted,0.043478260869565216,22,22,TACGTGAGAGGGCGGAGGGA,0,4796683
ygeY_predicted,0.043478260869565216,22,22,TACATCCGACGGGCCAGAAA,0,4809545
ygeY_predicted,0.043478260869565216,22,22,TAATTGTCTAGCCCCCTTAG,0,4813043
ygeY_predicted,0.043478260869565216,22,22,CTGTGCGTCGTCAGGATCGG,0,4802879
ygeY_predicted,0.043478260869565216,22,22,CCAACGTCTTGTTCGAAAGT,0,4796024
ygeY_predicted,0.043478260869565216,22,22,AACTTCGGCCATGGCGAAAT,0,4795281
ygeY_predicted,0.043478260869565216,22,22,AACTGCGCGTACAGGTGCGT,0,4816330
ygeY_predicted,0.045454545454545456,21,21,TGGGGACTACGCAATGGTTT,0,4799054
ygeY_predicted,0.045454545454545456,21,21,TGCCATTGCGTCAAGGTGCG,0,4795303
ygeY_predicted,0.045454545454545456,21,21,TATTTTAGTGGCACAAGTAA,0,4795565
ygeY_predicted,0.045454545454545456,21,21,TATACAGGCGCTAGATGAAT,0,4811514
ygeY_predicted,0.045454545454545456,21,21,GTTGAATCGCCCGATAACCC,0,4813008
ygeY_predicted,0.045454545454545456,21,21,GTACAGGTGAAATGAATGCT,0,4806538
ygeY_predicted,0.045454545454545456,21,21,CCTGCGAGGAGTCCCAGCCA,0,4805064
ygeY_predicted,0.045454545454545456,21,21,ATAGGGATCCGCGTCCAGGA,0,4811899
ygeY_predicted,0.045454545454545456,21,21,ACTTAGGAAATTTTGGTCTA,0,4806527
ygeY_predicted,0.045454545454545456,21,21,ACCAAAATGGACTGTATAGA,0,4803054
ygeY_predicted,0.047619047619047616,20,20,TCGGCCATACGAATCTCAGG,0,4795028
ygeY_predicted,0.047619047619047616,20,20,TCACCGCGGGGAGCCTTGGT,0,4810857
ygeY_predicted,0.047619047619047616,20,20,GTGCTCACGTGCACTCGCCA,0,4801719
ygeY_predicted,0.047619047619047616,20,20,GTATCTCGTGAGATTCCACA,0,4797913
ygeY_predicted,0.047619047619047616,20,20,GTACGAACCCAAGTTTCGAA,0,4801952
ygeY_predicted,0.047619047619047616,20,20,GGTCGTTGGAACTCCCTCAC,0,4795526
ygeY_predicted,0.047619047619047616,20,20,GCTTTTCTCCGTGCCGGGCG,0,4799204
ygeY_predicted,0.047619047619047616,20,20,GCACACGGTAGCTAATGGAT,0,4811133
ygeY_predicted,0.047619047619047616,20,20,GAAATTGAGTATGTATACAT,0,4797214
ygeY_predicted,0.047619047619047616,20,20,GAAAAAATGGTAGCCAAAAG,0,4808361
ygeY_predicted,0.047619047619047616,20,20,CTTGTTAAAACGACTGGAGA,0,4808331
ygeY_predicted,0.047619047619047616,20,20,CTTCACACGTTAGGTGTGTC,0,4813840
ygeY_predicted,0.047619047619047616,20,20,CTTAGAGCCTTGGTTAGCAA,0,4816723
ygeY_predicted,0.047619047619047616,20,20,CCGTTCTGCGGACAGGCACA,0,4796548
ygeY_predicted,0.047619047619047616,20,20,CACGCGCCTTATAGGCCCGG,0,4795525
ygeY_predicted,0.047619047619047616,20,20,AGGAGACTAGAATTGAACTA,0,4803207
ygeY_predicted,0.047619047619047616,20,20,AGACTACGCCGGGCTCGTCA,0,4803572
ygeY_predicted,0.047619047619047616,20,20,ACTGTAGAAGTCGCACGGCC,0,4802555
ygeY_predicted,0.047619047619047616,20,20,AAGCCAAAGGCCCCCGCTCT,0,4812503
ygeY_predicted,0.05,19,19,TTACGCGCGAACTGGCGGTA,0,4815577
ygeY_predicted,0.05,19,19,TGTAGAGTTCCCACGATTCA,0,4799288
ygeY_predicted,0.05,19,19,TGGCACGCTTGGGGGCAGAG,0,4810680
ygeY_predicted,0.05,19,19,TCAATGCTAACTTAACAATA,0,4797535
ygeY_predicted,0.05,19,19,TAAGGCTTCCGGGCCGAGAC,0,4804723
ygeY_predicted,0.05,19,19,GTACGTGGGGTGATCGGGGT,0,4802609
ygeY_predicted,0.05,19,19,GGAACTGAAGCCTCCCCGGC,0,4797842
ygeY_predicted,0.05,19,19,GCCTGTCTATACCGGGCCTT,0,4798601
ygeY_predicted,0.05,19,19,GAATTCTGTCGCTTAATGGA,0,4802404
ygeY_predicted,0.05,19,19,GAAGGAACGACAAGGTATCT,0,4797425
ygeY_predicted,0.05,19,19,CTATACCAAAAGCCACGTCG,0,4809964
ygeY_predicted,0.05,19,19,CAGTTTAGAGACGCTGCTAA,0,4812727
ygeY_predicted,0.05,19,19,CAAGGGTCCGTTTGGTCAGT,0,4809636
ygeY_predicted,0.05,19,19,ATGGTACATGGTATTAAGTA,0,4796110
ygeY_predicted,0.05,19,19,ATCAGCTGGGGTCCCGAGAC,0,4810481
ygeY_predicted,0.05,19,19,AGTAAAAGGGACTGCTTCGA,0,4803122
ygeY_predicted,0.05,19,19,AGGGTGGTGATCTCTAGGAC,0,4808244
ygeY_predicted,0.05,19,19,AAGGGGCTTAATATGTGCTC,0,4794944
ygeY_predicted,0.05,19,19,AAAGGTCGGCTAGGACGGAA,0,4799008
ygeY_predicted,0.05,19,19,AAAAGAGCGCCCGACTAGGG,0,4796306
ygeY_predicted,0.05263157894736842,18,18,TGCACAGGTAGGGCAACACG,0,4799367
ygeY_predicted,0.05263157894736842,18,18,TCGGCAATGGTGTAGCTATG,0,4795590
ygeY_predicted,0.05263157894736842,18,18,TCGGACATCGTCTATGTGAA,0,4806328
ygeY_predicted,0.05263157894736842,18,18,TATAACACCACTCAAGGACC,0,4812910
ygeY_predicted,0.05263157894736842,18,18,GTGCCACACGCCAACAATAT,0,4811834
ygeY_predicted,0.05263157894736842,18,18,GCTCGCTGCTAATGAAGTAC,0,4799421
ygeY_predicted,0.05263157894736842,18,18,GAGGGCAACGTTTCAGAGCA,0,4796699
ygeY_predicted,0.05263157894736842,18,18,GAGGAGCCTTCCTTCGAAAC,0,4795220
ygeY_predicted,0.05263157894736842,18,18,GAGAAGGAACTTGTGGACTC,0,4811952
ygeY_predicted,0.05263157894736842,18,18,GAACCGGACGTCACCCACAG,0,4811094
ygeY_predicted,0.05263157894736842,18,18,CTGCCTCGTCCATGATGGTG,0,4797495
ygeY_predicted,0.05263157894736842,18,18,CTCGTTTGACATTCCAGGGG,0,4803290
ygeY_predicted,0.05263157894736842,18,18,CTAAGCGGGTGCAAGTAATG,0,4797699
ygeY_predicted,0.05263157894736842,18,18,CGAGAGGGGAGGACGTGAAT,0,4797074
ygeY_predicted,0.05263157894736842,18,18,CCTTGGTGAGTCTGATTTCT,0,4809198
ygeY_predicted,0.05263157894736842,18,18,CCGTGCGTGCATTAGGATAT,0,4795975
ygeY_predicted,0.05263157894736842,18,18,ATGCCAGAAAGGGATCAGTT,0,4799535
ygeY_predicted,0.05263157894736842,18,18,AGTAGGACTCAGCCGAGCTG,0,4815413
ygeY_predicted,0.05263157894736842,18,18,AGGGACATACAGATCGGTGA,0,4798346
ygeY_predicted,0.05263157894736842,18,18,AGGAAACGGGGTTCGACATT,0,4801999
ygeY_predicted,0.05263157894736842,18,18,AGCACTTTAGGAGAAAGAGT,0,4795489
ygeY_predicted,0.05263157894736842,18,18,AGAGGATCTCAGTCAACGGT,0,4800579
ygeY_predicted,0.05263157894736842,18,18,ACTTGCGGTTCGTATAACGA,0,4798164
ygeY_predicted,0.05263157894736842,18,18,ACGTCAAACAGTGGCCGTGT,0,4801228
ygeY_predicted,0.05263157894736842,18,18,ACGGTGTACGGTTTTTAACC,0,4811714
ygeY_predicted,0.05263157894736842,18,18,ACACGACGGGAACGGAATGG,0,4799698
ygeY_predicted,0.05263157894736842,18,18,AATCGCTCTCTGTTTTCGGC,0,4802797
ygeY_predicted,0.05555555555555555,17,17,TCCTGGGATATTCTTGCGTA,0,4796430
ygeY_predicted,0.05555555555555555,17,17,TCAGGCACACAAGGGGGCGC,0,4810884
ygeY_predicted,0.05555555555555555,17,17,TATTATGTTGAGAACCTTTG,0,4799382
ygeY_predicted,0.05555555555555555,17,17,TACTACTCCGAATCAGCTGT,0,4816198
ygeY_predicted,0.05555555555555555,17,17,TAATCGCATCTCCCAAAGCA,0,4799900
ygeY_predicted,0.05555555555555555,17,17,GTGTATTACATTTGATCATT,0,4805707
ygeY_predicted,0.05555555555555555,17,17,GTGCTTCGAGTCTCCCGAAA,0,4797046
ygeY_predicted,0.05555555555555555,17,17,GGTTGCCGTTATATCTTGTG,0,4805455
ygeY_predicted,0.05555555555555555,17,17,GGAACTCATCGCGAGTGCTT,0,4802918
ygeY_predicted,0.05555555555555555,17,17,GCAATGCAAGCCTAAGGGAT,0,4810377
ygeY_predicted,0.05555555555555555,17,17,GAGGCTTCGTAAGGTAGAAT,0,4807966
ygeY_predicted,0.05555555555555555,17,17,GACGAGAGACGGTCCGCATA,0,4809379
ygeY_predicted,0.05555555555555555,17,17,CTTGTTTAATTTGATTAGAC,0,4799944
ygeY_predicted,0.05555555555555555,17,17,CTGCATTTATGAAGAACGTA,0,4796059
ygeY_predicted,0.05555555555555555,17,17,CTGAGCGTACCAGTCGGGAC,0,4805551
ygeY_predicted,0.05555555555555555,17,17,CTCAGATGCAAGCGGTGCAG,0,4798375
ygeY_predicted,0.05555555555555555,17,17,CCTGCGAAATTTGTCTTTAG,0,4809196
ygeY_predicted,0.05555555555555555,17,17,CCGACTCCACCAACCGCATT,0,4810521
ygeY_predicted,0.05555555555555555,17,17,CCCCCCTAACCGGCACTCCC,0,4805364
ygeY_predicted,0.05555555555555555,17,17,CCATTTAAGCATGAGTCAGT,0,4808511
ygeY_predicted,0.05555555555555555,17,17,CAGCGCTGAACCAGTCGCCA,0,4804382
ygeY_predicted,0.05555555555555555,17,17,AGTGATGGCGAGACATGGCC,0,4796023
ygeY_predicted,0.05555555555555555,17,17,AGGGCTTACGAACGTTGTAG,0,4797590
ygeY_predicted,0.05555555555555555,17,17,AGCGACGTGCTGCTACGCTT,0,4804336
ygeY_predicted,0.05555555555555555,17,17,AGCCCAGGTCGCCTGATCCC,0,4812083
ygeY_predicted,0.05555555555555555,17,17,ACTCAACCCCACATTTTAGT,0,4796547
ygeY_predicted,0.05555555555555555,17,17,AATATCACGGTTATATCTGG,0,4813549
ygeY_predicted,0.05555555555555555,17,17,AAGCCACTAGAATAATAGTA,0,4798664
ygeY_predicted,0.05555555555555555,17,17,AACTGATTGCTCTGGCTTAT,0,4802760
ygeY_predicted,0.058823529411764705,16,16,TTTCTATCGTGACAGCAATT,0,4797541
ygeY_predicted,0.058823529411764705,16,16,TTGCGTCGGATAATGTGTAG,0,4810712
ygeY_predicted,0.058823529411764705,16,16,TTGCCAAACAGGGATATCTA,0,4805856
ygeY_predicted,0.058823529411764705,16,16,TTATACTCAACAAGCGTTGA,0,4801416
ygeY_predicted,0.058823529411764705,16,16,TGTTGCCCGAACGCAGGCCC,0,4799814
ygeY_predicted,0.058823529411764705,16,16,TGCCGTAAGCCCGTGTGAGA,0,4801518
ygeY_predicted,0.058823529411764705,16,16,TCGCATGAAGTAGGAGCAGT,0,4802523
ygeY_predicted,0.058823529411764705,16,16,TCCGCAGACGTCAATCGCCC,0,4797371
ygeY_predicted,0.058823529411764705,16,16,TACTCCAGGATTGGCGGGAT,0,4803918
ygeY_predicted,0.058823529411764705,16,16,TACAATTGTCCGTTAGTTCA,0,4800700
ygeY_predicted,0.058823529411764705,16,16,GTCGAATCTCGATACATTTA,0,4796849
ygeY_predicted,0.058823529411764705,16,16,GTAGACGCAGGAGTTAGCGA,0,4797049
ygeY_predicted,0.058823529411764705,16,16,GGGTGTCAAGAGGAGTCGCT,0,4796290
ygeY_predicted,0.058823529411764705,16,16,GGAGAGAAGCGGCACTCGCA,0,4799105
ygeY_predicted,0.058823529411764705,16,16,GCCAGCAAACAGGCAGTGTC,0,4804308
ygeY_predicted,0.058823529411764705,16,16,GCACGTAGAAAGAATCTCGA,0,4804724
ygeY_predicted,0.058823529411764705,16,16,GATTTGAATAGAATCTTGTT,0,4795668
ygeY_predicted,0.058823529411764705,16,16,GATCGTGTGGAGGTATGTAC,0,4809473
ygeY_predicted,0.058823529411764705,16,16,GATCCTTAGAATGTTTCAAG,0,4799403
ygeY_predicted,0.058823529411764705,16,16,GACTTCTTCCGACACGATAT,0,4808901
ygeY_predicted,0.058823529411764705,16,16,GAATTAGCCACCCGGCAGGA,0,4795464
ygeY_predicted,0.058823529411764705,16,16,GAACGCTAGCCAGGGCGGTG,0,4810305
ygeY_predicted,0.058823529411764705,16,16,GAACATCCGTAGTTTCTATA,0,4796473
ygeY_predicted,0.058823529411764705,16,16,CGTAGTTTGTACGGTAACCA,0,4795683
ygeY_predicted,0.058823529411764705,16,16,CGGTCACATATTTTGAAGAA,0,4795394
ygeY_predicted,0.058823529411764705,16,16,CCTGTAATGTTCTGCGCGCG,0,4804801
ygeY_predicted,0.058823529411764705,16,16,CAACGCGAAGACGTAGTTCC,0,4812307
ygeY_predicted,0.058823529411764705,16,16,ATATGTTAATCGCGGCAATC,0,4809124
ygeY_predicted,0.058823529411764705,16,16,ATAAGAGGCCGGACCCGTGT,0,4804407
ygeY_predicted,0.058823529411764705,16,16,ACCCTTTACTCGTGCGCGAT,0,4801792
ygeY_predicted,0.058823529411764705,16,16,ACAGCATGTTTGCTTAGGTC,0,4801428
ygeY_predicted,0.0625,15,15,TTCGTGCGAACACGAATAAG,0,4803655
ygeY_predicted,0.0625,15,15,TCCCACCAGGTATTTCCCTT,0,4795527
ygeY_predicted,0.0625,15,15,TCAGGCAGCACGGTTGCTAC,0,4801269
ygeY_predicted,0.0625,15,15,TAATGAGATGACATGAAGGA,0,4813260
ygeY_predicted,0.0625,15,15,TAATCTTCGACTAGATTGGT,0,4796759
ygeY_predicted,0.0625,15,15,GTAACTCCTGTGTATCTAAC,0,4812379
ygeY_predicted,0.0625,15,15,GGGGTCGGCTTTCTAAAGAA,0,4801237
ygeY_predicted,0.0625,15,15,GGGCTGGAGGTACATGAATC,0,4797382
ygeY_predicted,0.0625,15,15,GGGAGAGAACGCTCCCGTAC,0,4804031
ygeY_predicted,0.0625,15,15,GGAGCATCTATGAGGTCTCG,0,4808649
ygeY_predicted,0.0625,15,15,GGAGAAGGGAGTCCTTAAGT,0,4813413
ygeY_predicted,0.0625,15,15,GATCGGGGGGTACAAATTAA,0,4797498
ygeY_predicted,0.0625,15,15,CTGCCTCGCTGGTCAATCCA,0,4812970
ygeY_predicted,0.0625,15,15,CTCGAACTTCGGAAATAAGA,0,4805365
ygeY_predicted,0.0625,15,15,CTACCCTAGACCCTGATACT,0,4809015
ygeY_predicted,0.0625,15,15,CGGATATTGGGAGGAGCTGA,0,4809539
ygeY_predicted,0.0625,15,15,CGCGTATCATACCTTCATGG,0,4798410
ygeY_predicted,0.0625,15,15,CGATCGCTCAAAACATGTCG,0,4808750
ygeY_predicted,0.0625,15,15,CCTTTGGCTCGCACAGCACT,0,4795180
ygeY_predicted,0.0625,15,15,CCGGTGTGTGAATGACCTAA,0,4805814
ygeY_predicted,0.0625,15,15,CCGGTCCGTATTCAATTTCA,0,4796749
ygeY_predicted,0.0625,15,15,CCCGGGAGTTAAGTCAGTGA,0,4802072
ygeY_predicted,0.0625,15,15,CCCGCGAGCGGCTATTCCGG,0,4799662
ygeY_predicted,0.0625,15,15,CCCAATCGTCACATGAGTAG,0,4807987
ygeY_predicted,0.0625,15,15,CATGTGTTCGTTCGATGTTC,0,4815696
ygeY_predicted,0.0625,15,15,CATGAACGATGTTCTACGAA,0,4815347
ygeY_predicted,0.0625,15,15,CATATTGTACTAGTACACTT,0,4804750
ygeY_predicted,0.0625,15,15,CAGGATTACAGGTTGCATAA,0,4809944
ygeY_predicted,0.0625,15,15,ATTATTTTTTATCGGTATTC,0,4809102
ygeY_predicted,0.0625,15,15,ATCTTCGAAGCGCGCGTGGT,0,4810181
ygeY_predicted,0.0625,15,15,ATCGCCCGCACAGCGTCCGG,0,4801972
ygeY_predicted,0.0625,15,15,ATCAAGAGGGATCTAGTCTG,0,4798365
ygeY_predicted,0.0625,15,15,AGGGCAGCTTCACCTGTTGC,0,4805482
ygeY_predicted,0.0625,15,15,AGCGTTGAAAAGCCTGCCGT,0,4814632
ygeY_predicted,0.0625,15,15,AGCAGCCCTAGTTATCATCG,0,4807377
ygeY_predicted,0.0625,15,15,ACTGGCAAAGGAGGATGCAA,0,4801450
ygeY_predicted,0.0625,15,15,ACTATGCCTATGAGAGACTG,0,4815568
ygeY_predicted,0.0625,15,15,AAGGGTGGAAAGATCGGAAA,0,4801359
ygeY_predicted,0.0625,15,15,AACTGAATGCCCACCTCAAT,0,4807591
ygeY_predicted,0.0625,15,15,AACTAGGGGCAGGTGTGCGG,0,4805127
ygeY_predicted,0.0625,15,15,AACAGGTGTCGCCCCCGTTT,0,4798995
ygeY_predicted,0.0625,15,15,AAACTGCCTGCCAGGGGAAA,0,4814939
ygeY_predicted,0.06666666666666667,14,14,TTGAACGGGTGTGCTATGCT,0,4798852
ygeY_predicted,0.06666666666666667,14,14,TTCAGAGGAATGTTCGTAAA,0,4796704
ygeY_predicted,0.06666666666666667,14,14,TGCCCAGACGCGACCCAGTA,0,4807700
ygeY_predicted,0.06666666666666667,14,14,TGATAGAGCGAAGGCTACAA,0,4800360
ygeY_predicted,0.06666666666666667,14,14,TCTCGCTTCCCTTAGCATGG,0,4797512
ygeY_predicted,0.06666666666666667,14,14,TCGGGGGGGTCCCAGCTACT,0,4805009
ygeY_predicted,0.06666666666666667,14,14,TCCTGTCATAATTCTGACTT,0,4799932
ygeY_predicted,0.06666666666666667,14,14,TCCCTCAGGACAGGCCTCAT,0,4801755
ygeY_predicted,0.06666666666666667,14,14,TAGGTTCAACGTAAGCTCGT,0,4807893
ygeY_predicted,0.06666666666666667,14,14,TACCTGCGATGGTCGTGTTT,0,4814539
ygeY_predicted,0.06666666666666667,14,14,TAACCATCACGCACCAGTTT,0,4815801
ygeY_predicted,0.06666666666666667,14,14,GTGTTAAGGGACAAGGGAGA,0,4795840
ygeY_predicted,0.06666666666666667,14,14,GTGACCATCCGGAAAGACAT,0,4808074
ygeY_predicted,0.06666666666666667,14,14,GTCCCACCGGACAAATACGG,0,4795509
ygeY_predicted,0.06666666666666667,14,14,GTACAGAGATCTTGGTAAAT,0,4797644
ygeY_predicted,0.06666666666666667,14,14,GGTTTTTTACGTATAAACGG,0,4798348
ygeY_predicted,0.06666666666666667,14,14,GGGCCGAAAAGCACGACGCA,0,4797690
ygeY_predicted,0.06666666666666667,14,14,GGCACAAGTGACCCCTGACG,0,4806035
ygeY_predicted,0.06666666666666667,14,14,GGCAAGTTTTACGGTCTTAA,0,4802691
ygeY_predicted,0.06666666666666667,14,14,GGATTTACAATCGTCCAGTC,0,4803639
ygeY_predicted,0.06666666666666667,14,14,GGATAAGATACAGCGATGAC,0,4796700
ygeY_predicted,0.06666666666666667,14,14,GGAACGCGCCCATCAAGTTT,0,4797954
ygeY_predicted,0.06666666666666667,14,14,GCACTACCAGTCTTCCCGCA,0,4797096
ygeY_predicted,0.06666666666666667,14,14,GAGTACCTTCTAAATCGGTG,0,4805634
ygeY_predicted,0.06666666666666667,14,14,GAACGATGTACTCCCCACAG,0,4797120
ygeY_predicted,0.06666666666666667,14,14,CTTCGTGGTGATAGTAATAA,0,4801348
ygeY_predicted,0.06666666666666667,14,14,CTTATAACAGTTATTTTGCT,0,4801591
ygeY_predicted,0.06666666666666667,14,14,CTCAGAGCAACTCTCAACTA,0,4796739
ygeY_predicted,0.06666666666666667,14,14,CTAGTATGACGTCTAAATTA,0,4811212
ygeY_predicted,0.06666666666666667,14,14,CTAGGTCTTATTAAGTTGTG,0,4797919
ygeY_predicted,0.06666666666666667,14,14,CTAGACATCACATCTGGGTG,0,4805105
ygeY_predicted,0.06666666666666667,14,14,CGGCAGGCTACAGGTACGGA,0,4809776
ygeY_predicted,0.06666666666666667,14,14,CGGCACTCGGTAACTCTCGC,0,4796080
ygeY_predicted,0.06666666666666667,14,14,CGGATTTCTGACCGGGATCA,0,4802028
ygeY_predicted,0.06666666666666667,14,14,CGACCTAAGTCAAATATCAA,0,4808047
ygeY_predicted,0.06666666666666667,14,14,CCTACCCCGTCCCAGCTCTA,0,4799035
ygeY_predicted,0.06666666666666667,14,14,CCTAACGTTTATTTGCACAT,0,4796823
ygeY_predicted,0.06666666666666667,14,14,CCGTTGCTTCCTGGAAGGCA,0,4809584
ygeY_predicted,0.06666666666666667,14,14,CCGGCCGGTTCGGAATGTTG,0,4812311
ygeY_predicted,0.06666666666666667,14,14,CCGGCCGCGCAGTTCCTTGT,0,4800607
ygeY_predicted,0.06666666666666667,14,14,CCCCGAGTACCTAGAAAGGT,0,4809417
ygeY_predicted,0.06666666666666667,14,14,CCCACAGCTTAGGATCTCCT,0,4811851
ygeY_predicted,0.06666666666666667,14,14,CATGAGGCGATCCCCCCCTA,0,4797401
ygeY_predicted,0.06666666666666667,14,14,CAGTAGTACTAATTCCTGGC,0,4803287
ygeY_predicted,0.06666666666666667,14,14,CACGGGACGCGTATGGGTCT,0,4802812
ygeY_predicted,0.06666666666666667,14,14,CACGACGGCGTTTTTTGTTT,0,4809546
ygeY_predicted,0.06666666666666667,14,14,CAATTACATTAGGGCGCTGT,0,4810179
ygeY_predicted,0.06666666666666667,14,14,CAAGACGGAACAAGTATAGT,0,4799752
ygeY_predicted,0.06666666666666667,14,14,ATTCCCGCTATCTCCGATAG,0,4809268
ygeY_predicted,0.06666666666666667,14,14,ATGGGTGAGGGCGATGAATG,0,4796894
ygeY_predicted,0.06666666666666667,14,14,ATACACTGGGTACAGGGCGA,0,4800868
ygeY_predicted,0.06666666666666667,14,14,AGGGTCGGACGACCAGATGT,0,4803823
ygeY_predicted,0.06666666666666667,14,14,AGCTTTCATCCCAAGATTGT,0,4805559
ygeY_predicted,0.06666666666666667,14,14,AGCCGAGCCTTATAGATAGT,0,4795776
ygeY_predicted,0.06666666666666667,14,14,AGCATTATAGCGAATATGTC,0,4799289
ygeY_predicted,0.06666666666666667,14,14,AGACGTCGCTCTTGGTCGCT,0,4811671
ygeY_predicted,0.06666666666666667,14,14,ACGTGTGGCAGACTCGACAA,0,4811816
ygeY_predicted,0.06666666666666667,14,14,ACCGGACGAGAAGTTCACTT,0,4797296
ygeY_predicted,0.06666666666666667,14,14,ACAGCGGCGAGTGACCAAAT,0,4810262
ygeY_predicted,0.06666666666666667,14,14,AATTCGGAGGTTATGCGAGT,0,4798886
ygeY_predicted,0.06666666666666667,14,14,AACCGTACTATGGTCTTCTT,0,4796135
ygeY_predicted,0.06666666666666667,14,14,AAATATGTCAGCAACGCATA,0,4803192
ygeY_predicted,0.07142857142857142,13,13,TTGTTGAGAGGGCCTGAAAG,0,4802022
ygeY_predicted,0.07142857142857142,13,13,TTGGTGGACGAAGAAAGCTA,0,4795419
ygeY_predicted,0.07142857142857142,13,13,TTCCTCATTCTTGACTCACA,0,4796008
ygeY_predicted,0.07142857142857142,13,13,TTCCATCATCTTCCGACCTA,0,4804104
ygeY_predicted,0.07142857142857142,13,13,TTATGTTTACGTTGGCCCAT,0,4802745
ygeY_predicted,0.07142857142857142,13,13,TGTGTTTACAAAGGTTTACG,0,4801689
ygeY_predicted,0.07142857142857142,13,13,TGGGACCAGAATAGAATCAT,0,4802237
ygeY_predicted,0.07142857142857142,13,13,TGACCGCAATTATGATTGCA,0,4811497
ygeY_predicted,0.07142857142857142,13,13,TCTTTATGAAGTAATACAGA,0,4816682
ygeY_predicted,0.07142857142857142,13,13,TCGTATTAAGCATTCCGGAA,0,4803575
ygeY_predicted,0.07142857142857142,13,13,TCGGATTCCACACGGAAAGA,0,4813817
ygeY_predicted,0.07142857142857142,13,13,TCCAGGCCTTCTACGACATG,0,4805107
ygeY_predicted,0.07142857142857142,13,13,TCACTGTGAGTCGTGGCTTG,0,4804974
ygeY_predicted,0.07142857142857142,13,13,TATTGATGTTTGTGATATGC,0,4807573
ygeY_predicted,0.07142857142857142,13,13,TAGGGTGATCCCTATCCGCT,0,4809982
ygeY_predicted,0.07142857142857142,13,13,TAGAGTTTGCAGCAAACTTC,0,4798228
ygeY_predicted,0.07142857142857142,13,13,TAATTATGGTCCGATCTTTC,0,4808776
ygeY_predicted,0.07142857142857142,13,13,TAATTACCGTGGCAATCGAT,0,4797480
ygeY_predicted,0.07142857142857142,13,13,TAAGGGGCTCGGTGGCTAGA,0,4799746
ygeY_predicted,0.07142857142857142,13,13,TAACGTGGAGAACCACTCAT,0,4800265
ygeY_predicted,0.07142857142857142,13,13,TAAAGAAGGGACCATTTTGG,0,4800657
ygeY_predicted,0.07142857142857142,13,13,GTTACAGCGCGTGGCACGAG,0,4809150
ygeY_predicted,0.07142857142857142,13,13,GTGCCCTACGCATAACCTAA,0,4796503
ygeY_predicted,0.07142857142857142,13,13,GTCTCGCCTCCCTAGTGTCA,0,4807916
ygeY_predicted,0.07142857142857142,13,13,GTCTAGCTAATACGGGCAGT,0,4804485
ygeY_predicted,0.07142857142857142,13,13,GTCGGTAAGTTCAATTGCAG,0,4811137
ygeY_predicted,0.07142857142857142,13,13,GGTGATATCACCAACGACCA,0,4798345
ygeY_predicted,0.07142857142857142,13,13,GGGACTTGAAGTCGTGCTAT,0,4795720
ygeY_predicted,0.07142857142857142,13,13,GGCTGAGATCCTAGCCAGGA,0,4805011
ygeY_predicted,0.07142857142857142,13,13,GGCGTTCGACTTTATAAATA,0,4799041
ygeY_predicted,0.07142857142857142,13,13,GGCATCTATACTTTTGCATT,0,4797827
ygeY_predicted,0.07142857142857142,13,13,GCGATGCCGAAAGTGGAAGT,0,4799007
ygeY_predicted,0.07142857142857142,13,13,GCCACTCCATAGAACTTTCT,0,4807817
ygeY_predicted,0.07142857142857142,13,13,GCACAGGTTCCCTAACTGCG,0,4795681
ygeY_predicted,0.07142857142857142,13,13,GATTTATGTTGGGTGATATG,0,4816643
ygeY_predicted,0.07142857142857142,13,13,GATTATTATACGCCGTTCAT,0,4804335
ygeY_predicted,0.07142857142857142,13,13,GATGCGGACCCTTGTATACT,0,4809415
ygeY_predicted,0.07142857142857142,13,13,GATATTTCAACGAGTGACGT,0,4799201
ygeY_predicted,0.07142857142857142,13,13,GAATGTGCATCCCGGTCCAG,0,4803862
ygeY_predicted,0.07142857142857142,13,13,GAAGCATTATGCAAAACGAT,0,4807663
ygeY_predicted,0.07142857142857142,13,13,GAACTGGGTACGGACGCTCC,0,4797300
ygeY_predicted,0.07142857142857142,13,13,CTACGAGAGGCACTCATCTG,0,4796334
ygeY_predicted,0.07142857142857142,13,13,CGGTGATAGGATGCCCGGTA,0,4798290
ygeY_predicted,0.07142857142857142,13,13,CGCCGATGTAGGTCGAACCA,0,4804322
ygeY_predicted,0.07142857142857142,13,13,CGATGGCGCTCCTGTACTAG,0,4802053
ygeY_predicted,0.07142857142857142,13,13,CGAGGATTGTGCGCGGCAAG,0,4798464
ygeY_predicted,0.07142857142857142,13,13,CGACCGGCGTAATTTTTCGA,0,4796117
ygeY_predicted,0.07142857142857142,13,13,CGAAGAAAGCAGCCTTGCAA,0,4815471
ygeY_predicted,0.07142857142857142,13,13,CGAACGATGTTACCAGACTA,0,4805444
ygeY_predicted,0.07142857142857142,13,13,CCGTCTAGTGGATATAGGAA,0,4804854
ygeY_predicted,0.07142857142857142,13,13,CCGATGGCGAGGAGAGATGA,0,4796176
ygeY_predicted,0.07142857142857142,13,13,CCGATACTTCGTTTTGCTAG,0,4800057
ygeY_predicted,0.07142857142857142,13,13,CCGAAGTGCACGCCGACATT,0,4797351
ygeY_predicted,0.07142857142857142,13,13,CCCGCGCGCTCCTGGCTGCA,0,4805228
ygeY_predicted,0.07142857142857142,13,13,CCATGTCCAACTGGATACTA,0,4803318
ygeY_predicted,0.07142857142857142,13,13,CATATTAGAGATGGCGTGAG,0,4814804
ygeY_predicted,0.07142857142857142,13,13,CAGCTCTCTGTGGTCATTAT,0,4806488
ygeY_predicted,0.07142857142857142,13,13,CACCTCCCCGGTTTTGTACA,0,4803800
ygeY_predicted,0.07142857142857142,13,13,CAACGGTTCCCTCATGTTTC,0,4808839
ygeY_predicted,0.07142857142857142,13,13,ATGGTTCATTTCTCCTGGCC,0,4816766
ygeY_predicted,0.07142857142857142,13,13,ATCCCAGACGGTGCAGTTAA,0,4801239
ygeY_predicted,0.07142857142857142,13,13,AGTCGCTCAGCTCCGGGTGG,0,4805137
ygeY_predicted,0.07142857142857142,13,13,AGTCATAGCGTACGGATTCG,0,4803889
ygeY_predicted,0.07142857142857142,13,13,AGTCAAAGCGGCGACGGCAG,0,4796382
ygeY_predicted,0.07142857142857142,13,13,AGCTACCGTGCCCAAAACTA,0,4810901
ygeY_predicted,0.07142857142857142,13,13,AGCGGGAACCGGGCAGCAGA,0,4796666
ygeY_predicted,0.07142857142857142,13,13,ACTTTTTCGGTACTCGGGAC,0,4805487
ygeY_predicted,0.07142857142857142,13,13,ACATGCGGCAGTTCGGGTAG,0,4796050
ygeY_predicted,0.07142857142857142,13,13,ACAAGTGGCCCACCGTCAAC,0,4812455
ygeY_predicted,0.07142857142857142,13,13,AAGGACCGTCATATGTGGAG,0,4808937
ygeY_predicted,0.07142857142857142,13,13,AAGCGAGCCCGATGGCGGAG,0,4796446
ygeY_predicted,0.07142857142857142,13,13,AACCGGGCAACTATACGTTA,0,4806460
ygeY_predicted,0.07142857142857142,13,13,AACATGCAATAGCCCCCGTA,0,4806632
ygeY_predicted,0.07692307692307693,12,12,TTTACCACACAATTGAGTTG,0,4816290
ygeY_predicted,0.07692307692307693,12,12,TTGCGTATCGTACCCTGTAC,0,4812065
ygeY_predicted,0.07692307692307693,12,12,TTGAAATTGACAGGGGACAA,0,4806590
ygeY_predicted,0.07692307692307693,12,12,TTCTGTTAGTAAGAAAGAGC,0,4810143
ygeY_predicted,0.07692307692307693,12,12,TTCAGAGCAGACTGGTTCGT,0,4798723
ygeY_predicted,0.07692307692307693,12,12,TTATATCTGTGTTTAGGTCT,0,4804905
ygeY_predicted,0.07692307692307693,12,12,TGTTCGAGGCAACTTCTCTC,0,4806110
ygeY_predicted,0.07692307692307693,12,12,TGTGACGGTGTAACTAGTAA,0,4799975
ygeY_predicted,0.07692307692307693,12,12,TGTCTAGGTAAGCTATTTTG,0,4806901
ygeY_predicted,0.07692307692307693,12,12,TGTAGATGTACCAACCGGTA,0,4798885
ygeY_predicted,0.07692307692307693,12,12,TGGTCGCACCGGTTGTGGCG,0,4803774
ygeY_predicted,0.07692307692307693,12,12,TGGCCGTTCCCCTGCGGTAC,0,4808049
ygeY_predicted,0.07692307692307693,12,12,TGGATGCAGTCACTGGAAGT,0,4809812
ygeY_predicted,0.07692307692307693,12,12,TGACAGTCTTCTATACGGCC,0,4812239
ygeY_predicted,0.07692307692307693,12,12,TCGTGGCACGATGTGTACCA,0,4805964
ygeY_predicted,0.07692307692307693,12,12,TAGGGTTACGAATGTAGTAC,0,4797114
ygeY_predicted,0.07692307692307693,12,12,TAGGGAAGTGTATCTACGCA,0,4801535
ygeY_predicted,0.07692307692307693,12,12,TAGCGAACTCGTAGTCTCGA,0,4813112
ygeY_predicted,0.07692307692307693,12,12,TAGCACGTGCCTCCTGTCCC,0,4804172
ygeY_predicted,0.07692307692307693,12,12,TACGTAAGCCCGCGGTCGTT,0,4800997
ygeY_predicted,0.07692307692307693,12,12,TAAGGGTAGGTTTGATGAGA,0,4799358
ygeY_predicted,0.07692307692307693,12,12,GTTGTTTGCGGTAGTAGCGC,0,4797943
ygeY_predicted,0.07692307692307693,12,12,GTTCGGTTTTCATAATTGAG,0,4800434
ygeY_predicted,0.07692307692307693,12,12,GTTCCAATAGCACATTTCTA,0,4807042
ygeY_predicted,0.07692307692307693,12,12,GTTCAGCGTTTAGTATGTGT,0,4805509
ygeY_predicted,0.07692307692307693,12,12,GTTAGGATAAATGCCCGAGA,0,4814580
ygeY_predicted,0.07692307692307693,12,12,GTGTGATGTATGTGGTGACT,0,4795059
ygeY_predicted,0.07692307692307693,12,12,GTGCTTCGTTTTCCTTTCTC,0,4809229
ygeY_predicted,0.07692307692307693,12,12,GGTGCTTCATGCACACAGGC,0,4811912
ygeY_predicted,0.07692307692307693,12,12,GGTAGAACGGTCCATTCAGA,0,4804423
ygeY_predicted,0.07692307692307693,12,12,GGGGGGGAATCGGGACGCTT,0,4802537
ygeY_predicted,0.07692307692307693,12,12,GGGGCAGACCTCTAAAACAG,0,4802781
ygeY_predicted,0.07692307692307693,12,12,GGCCGGGCAGTTCAGCAAAA,0,4797295
ygeY_predicted,0.07692307692307693,12,12,GGCAATGCATATAACATAGA,0,4797509
ygeY_predicted,0.07692307692307693,12,12,GGAAACTTTGGCCCATTCTA,0,4801209
ygeY_predicted,0.07692307692307693,12,12,GCTATCGGGGTTCCGTATAG,0,4802111
ygeY_predicted,0.07692307692307693,12,12,GCCAGGCATGGCACTGTCGT,0,4796950
ygeY_predicted,0.07692307692307693,12,12,GCATCACACCGTGCCGCTAT,0,4800393
ygeY_predicted,0.07692307692307693,12,12,GCACCCTGCGATGAAACTAA,0,4798637
ygeY_predicted,0.07692307692307693,12,12,GCAATCCAGGGGCATACACT,0,4811250
ygeY_predicted,0.07692307692307693,12,12,GACGCTTGGAGCCTCTTGAA,0,4816710
ygeY_predicted,0.07692307692307693,12,12,GACCGGGTCCGAAGCCAGTG,0,4801451
ygeY_predicted,0.07692307692307693,12,12,GACAGACTTTTTGACTGGGA,0,4814579
ygeY_predicted,0.07692307692307693,12,12,GAACGTACCCGAGACTCCGT,0,4795657
ygeY_predicted,0.07692307692307693,12,12,CTGACAGCGACCACCACTAT,0,4815686
ygeY_predicted,0.07692307692307693,12,12,CTCCGCCTGTTCACTACAAA,0,4816147
ygeY_predicted,0.07692307692307693,12,12,CTATGACTGATCATTTGCTG,0,4816795
ygeY_predicted,0.07692307692307693,12,12,CTATATGTACCCTTAACGGG,0,4803195
ygeY_predicted,0.07692307692307693,12,12,CTAACGCGACGTCTAGAATT,0,4814424
ygeY_predicted,0.07692307692307693,12,12,CGGTAGGTGAGTATATTTGT,0,4795760
ygeY_predicted,0.07692307692307693,12,12,CGGTACACAAGTGATGGGCT,0,4801268
ygeY_predicted,0.07692307692307693,12,12,CGGGTTTGAAGAAACGGCAG,0,4813232
ygeY_predicted,0.07692307692307693,12,12,CGCTTAACGTTGGATTGCTT,0,4813564
ygeY_predicted,0.07692307692307693,12,12,CGCCAACCGTACACTCACGT,0,4814546
ygeY_predicted,0.07692307692307693,12,12,CGCAACCTTGGATATGATTG,0,4799344
ygeY_predicted,0.07692307692307693,12,12,CGATTAGGGGTGACACCGCG,0,4799768
ygeY_predicted,0.07692307692307693,12,12,CGAACCTACGGGCCGTATGA,0,4798960
ygeY_predicted,0.07692307692307693,12,12,CCAGTACGAAAGACGCGTAG,0,4809777
ygeY_predicted,0.07692307692307693,12,12,CCAGGCCTACGACCAGCTGT,0,4808127
ygeY_predicted,0.07692307692307693,12,12,CATGGAATGCGAGGATACCG,0,4803668
ygeY_predicted,0.07692307692307693,12,12,CATCTTTCTTCGAGAAACTA,0,4816475
ygeY_predicted,0.07692307692307693,12,12,CAAGTGATCCAACCTAAAAA,0,4810285
ygeY_predicted,0.07692307692307693,12,12,CAAAATCGAGTGTCCTTCCA,0,4808964
ygeY_predicted,0.07692307692307693,12,12,ATTTGACTTCAGATCTTCCA,0,4808835
ygeY_predicted,0.07692307692307693,12,12,ATTCCCGACCGTTTTCAATA,0,4796100
ygeY_predicted,0.07692307692307693,12,12,ATGCATCTGCGTCTCCGCTG,0,4801240
ygeY_predicted,0.07692307692307693,12,12,ATCGGGACGTAAGTGTCGCG,0,4806900
ygeY_predicted,0.07692307692307693,12,12,ATACCAGGGCGCACGGAGTA,0,4798534
ygeY_predicted,0.07692307692307693,12,12,AGCCGGAGTACAGGATTCCA,0,4804044
ygeY_predicted,0.07692307692307693,12,12,AGCATGCGAAGCACATAGAG,0,4812416
ygeY_predicted,0.07692307692307693,12,12,AGACATGAGAGGACACGGGA,0,4804550
ygeY_predicted,0.07692307692307693,12,12,AGAATAATGCCCCCAATTCG,0,4797060
ygeY_predicted,0.07692307692307693,12,12,ACTTACAGTTGGTGCGCGTA,0,4806394
ygeY_predicted,0.07692307692307693,12,12,ACTATCGGATATTAGTCTTA,0,4802761
ygeY_predicted,0.07692307692307693,12,12,AATTACCAGATGCTTCGGTG,0,4802938
ygeY_predicted,0.07692307692307693,12,12,AATGGCTTCCTGCGGTTACT,0,4797560
ygeY_predicted,0.07692307692307693,12,12,AAGGTCCTACCGGATTCAAT,0,4808043
ygeY_predicted,0.07692307692307693,12,12,AAGGGCCCAGGCTGCGCCGG,0,4807280
ygeY_predicted,0.07692307692307693,12,12,AAGAATTGACGCCGCTCGCC,0,4798353
ygeY_predicted,0.07692307692307693,12,12,AACTCAATACCCACCGTACT,0,4808685
ygeY_predicted,0.07692307692307693,12,12,AACGCGCAGGATGCTAGAAC,0,4800617
ygeY_predicted,0.08333333333333333,11,11,TTTCCGTTCAAACACCAGGA,0,4798465
ygeY_predicted,0.08333333333333333,11,11,TTGCACAGGCTGACTCGGCT,0,4800176
ygeY_predicted,0.08333333333333333,11,11,TTCAACTCGCGCCAGGCATC,0,4797826
ygeY_predicted,0.08333333333333333,11,11,TTACCTTCTGACGCCTGCCT,0,4805531
ygeY_predicted,0.08333333333333333,11,11,TTACCAAGCAGGCAAGGAAC,0,4806407
ygeY_predicted,0.08333333333333333,11,11,TTAACTGGCTGATATCTTGC,0,4808232
ygeY_predicted,0.08333333333333333,11,11,TGTATGCTTTGGACCGGTGA,0,4796255
ygeY_predicted,0.08333333333333333,11,11,TGCACTCACTAAGCAAATAG,0,4805087
ygeY_predicted,0.08333333333333333,11,11,TGACTCGCGACGCCGCCGGG,0,4799402
ygeY_predicted,0.08333333333333333,11,11,TCGTTGTCGCATTTGGCTCA,0,4806761
ygeY_predicted,0.08333333333333333,11,11,TCGCATTATAGGCCCTTTTA,0,4813505
ygeY_predicted,0.08333333333333333,11,11,TCCGGCTGCACCAAAATGTA,0,4800922
ygeY_predicted,0.08333333333333333,11,11,TATGGGTAATTTACATTCAT,0,4799555
ygeY_predicted,0.08333333333333333,11,11,TATGCATCTACAAGGCGCGT,0,4798630
ygeY_predicted,0.08333333333333333,11,11,TAGGGTGGAAACACTCAGGA,0,4807038
ygeY_predicted,0.08333333333333333,11,11,TACCATAACTGGCCCGATCG,0,4796044
ygeY_predicted,0.08333333333333333,11,11,TACACGGCACTGTGTTAGCG,0,4799905
ygeY_predicted,0.08333333333333333,11,11,TAATATGTGCGCGCACAGCT,0,4812551
ygeY_predicted,0.08333333333333333,11,11,TAAGGACGTCGTCAATCGGG,0,4798466
ygeY_predicted,0.08333333333333333,11,11,TAAGAGCGAAGTATAGTGGT,0,4804535
ygeY_predicted,0.08333333333333333,11,11,TAAGAACTGATACACTGTCC,0,4801829
ygeY_predicted,0.08333333333333333,11,11,TAAACTAAGGGGGTAGGGCT,0,4797643
ygeY_predicted,0.08333333333333333,11,11,GTCCACAACAAATTTCCCGA,0,4805159
ygeY_predicted,0.08333333333333333,11,11,GTCATGATTAGATACGGACA,0,4795977
ygeY_predicted,0.08333333333333333,11,11,GTAGCCGGGCTTTCATAGTC,0,4806574
ygeY_predicted,0.08333333333333333,11,11,GTAGCATTAATGAATGACGA,0,4802779
ygeY_predicted,0.08333333333333333,11,11,GTACCGGCTGTTTAGCCTGG,0,4800759
ygeY_predicted,0.08333333333333333,11,11,GGTTTTCTCTCTTCTCATGG,0,4796881
ygeY_predicted,0.08333333333333333,11,11,GGTTTCCGACAGATGACATA,0,4807671
ygeY_predicted,0.08333333333333333,11,11,GGTCGTGGGAGTCTGAATCA,0,4809047
ygeY_predicted,0.08333333333333333,11,11,GGCGATTGCCAAGATAAGAT,0,4799037
ygeY_predicted,0.08333333333333333,11,11,GGCAATCGGGACACAGACGT,0,4803677
ygeY_predicted,0.08333333333333333,11,11,GGCAAGGTAGGAAAAACCTC,0,4809324
ygeY_predicted,0.08333333333333333,11,11,GGATAACCTACGGTGGGTGT,0,4796684
ygeY_predicted,0.08333333333333333,11,11,GGACATACCTTTGTGGGCCA,0,4796775
ygeY_predicted,0.08333333333333333,11,11,GCTCCCTGAGATAGGTGGGA,0,4805139
ygeY_predicted,0.08333333333333333,11,11,GCGTGTCACCCCCTGTGGTT,0,4804450
ygeY_predicted,0.08333333333333333,11,11,GCGGTGCTTGCGTTTGAAGA,0,4802612
ygeY_predicted,0.08333333333333333,11,11,GCGGTCACTAAGTGGTTATA,0,4803612
ygeY_predicted,0.08333333333333333,11,11,GCGCTGCTTCAACAGTAATT,0,4804835
ygeY_predicted,0.08333333333333333,11,11,GCCAGTAGGTTGAAGAGATG,0,4802299
ygeY_predicted,0.08333333333333333,11,11,GCCAGATGCGATAGCTTATT,0,4807438
ygeY_predicted,0.08333333333333333,11,11,GAGTGCAGAGTTGGGTACGC,0,4811910
ygeY_predicted,0.08333333333333333,11,11,GAGCACACACCTACATCGAA,0,4807476
ygeY_predicted,0.08333333333333333,11,11,GAGAATGTAGCTACCTACGT,0,4811909
ygeY_predicted,0.08333333333333333,11,11,GACCGTACCAGTTCACCTAG,0,4802094
ygeY_predicted,0.08333333333333333,11,11,GACCAGGATAGGCTCAGGTA,0,4803588
ygeY_predicted,0.08333333333333333,11,11,GAAGCTGGTAACCCCTAGAA,0,4804655
ygeY_predicted,0.08333333333333333,11,11,GAAACTTGGAGCGTGATAAT,0,4816965
ygeY_predicted,0.08333333333333333,11,11,GAAACATCAAAAGTTAAGAA,0,4802240
ygeY_predicted,0.08333333333333333,11,11,CTGGCACCTGACGAGCCTAA,0,4810160
ygeY_predicted,0.08333333333333333,11,11,CTCCCGCTGATTCTGCAATG,0,4810849
ygeY_predicted,0.08333333333333333,11,11,CGTGGCAGCCGGAGTCTTGT,0,4802486
ygeY_predicted,0.08333333333333333,11,11,CGTCCTATTCCAGACCCCCA,0,4800682
ygeY_predicted,0.08333333333333333,11,11,CGTCAGGCGCGCTTGCGACT,0,4808957
ygeY_predicted,0.08333333333333333,11,11,CGTATACTTTAGAACGGGGA,0,4795006
ygeY_predicted,0.08333333333333333,11,11,CGGTGTTGCTACGATGACTA,0,4814350
ygeY_predicted,0.08333333333333333,11,11,CGCTACCATCTGAATACGTG,0,4813767
ygeY_predicted,0.08333333333333333,11,11,CGATTACCGTTTTTACCATC,0,4796800
ygeY_predicted,0.08333333333333333,11,11,CGAATCCGGCCTAGTTGAGT,0,4805143
ygeY_predicted,0.08333333333333333,11,11,CGAATCAGTCAACGCGTACC,0,4795923
ygeY_predicted,0.08333333333333333,11,11,CCTCACGAAGAAGGCGGTAT,0,4796048
ygeY_predicted,0.08333333333333333,11,11,CCTCAAGAAGGGATGATGGG,0,4795655
ygeY_predicted,0.08333333333333333,11,11,CCGGACGTTGTTATCGCAGG,0,4813391
ygeY_predicted,0.08333333333333333,11,11,CCCCGTCTTTCGGGGTTGCA,0,4797163
ygeY_predicted,0.08333333333333333,11,11,CCCATGGACGTCTGTACGGA,0,4800088
ygeY_predicted,0.08333333333333333,11,11,CCACCTCTAGCCACACAGGA,0,4802595
ygeY_predicted,0.08333333333333333,11,11,CAGTCCATGGGTTGGCGGAC,0,4805224
ygeY_predicted,0.08333333333333333,11,11,CAGCTCTTGGTATGATTGCT,0,4804466
ygeY_predicted,0.08333333333333333,11,11,CAATTCCGCCGGGCGGTATA,0,4809941
ygeY_predicted,0.08333333333333333,11,11,CAAAATTGCAATGGGCCGGG,0,4803120
ygeY_predicted,0.08333333333333333,11,11,ATTCAGTAAAGGTAACTTGT,0,4801977
ygeY_predicted,0.08333333333333333,11,11,ATTATAAATACACGGGGTTA,0,4796687
ygeY_predicted,0.08333333333333333,11,11,ATGTCGGGAGCATGCTAAAG,0,4810409
ygeY_predicted,0.08333333333333333,11,11,ATGTATGATAAAAAGAAAAA,0,4809143
ygeY_predicted,0.08333333333333333,11,11,ATGGGGGGGGTACTGCTTAC,0,4812100
ygeY_predicted,0.08333333333333333,11,11,ATCTATTTTATGTGACAACG,0,4812960
ygeY_predicted,0.08333333333333333,11,11,ATCGCGATCGCGGTAAAAGG,0,4807300
ygeY_predicted,0.08333333333333333,11,11,ATCGATTAGATTAGTCACTC,0,4814942
ygeY_predicted,0.08333333333333333,11,11,ATATAGGAAGCATGGGGGAC,0,4795060
ygeY_predicted,0.08333333333333333,11,11,AGTCGTAGTTCACTTGCTCA,0,4808687
ygeY_predicted,0.08333333333333333,11,11,AGTCCCGGGATGTCGCCCTA,0,4799537
ygeY_predicted,0.08333333333333333,11,11,AGTAATGTGTGATGTACACC,0,4798999
ygeY_predicted,0.08333333333333333,11,11,AGGCCAAGCGTAACGACTGT,0,4810512
ygeY_predicted,0.08333333333333333,11,11,AGGCAGTTGTGGAGCCACTT,0,4807281
ygeY_predicted,0.08333333333333333,11,11,AGGACGGTCATAACTGCAGC,0,4796480
ygeY_predicted,0.08333333333333333,11,11,AGGAAGGCTAATTGCGAGCG,0,4813694
ygeY_predicted,0.08333333333333333,11,11,AGAGTGCTGGCGTTTGATTG,0,4799963
ygeY_predicted,0.08333333333333333,11,11,ACGTCGTCCGGCTAGCTTAG,0,4809256
ygeY_predicted,0.08333333333333333,11,11,ACCCGGTTCGCGGTAGAAAC,0,4806302
ygeY_predicted,0.08333333333333333,11,11,ACCAAATTAGAGGGCCGCAG,0,4815253
ygeY_predicted,0.08333333333333333,11,11,ACATGATAGTATGAGTACCT,0,4813860
ygeY_predicted,0.08333333333333333,11,11,ACAGCCCCAGGCTGTTGCTT,0,4803101
ygeY_predicted,0.08333333333333333,11,11,ACACCCTGGCTTAGTACCAC,0,4796316
ygeY_predicted,0.08333333333333333,11,11,ACACACCCAAATGACCGGAA,0,4808596
ygeY_predicted,0.08333333333333333,11,11,ACAACTGTGTTATTATCAAC,0,4799351
ygeY_predicted,0.08333333333333333,11,11,AATGCGCCAGGCCTTTACTG,0,4797229
ygeY_predicted,0.08333333333333333,11,11,AATACGGCCTAGGCAACGTC,0,4801624
ygeY_predicted,0.08333333333333333,11,11,AACCTAACGGTACTAATCCA,0,4812669
ygeY_predicted,0.08333333333333333,11,11,AACCGATCTATTTCAATCTT,0,4808702
ygeY_predicted,0.08333333333333333,11,11,AAACGCAGTCTTAGTACTGA,0,4806155
ygeY_predicted,0.09090909090909091,10,10,TTTGCCGAGCGGCATCAGAA,0,4801861
ygeY_predicted,0.09090909090909091,10,10,TTTGACGTCACTGAAGTGAT,0,4800332
ygeY_predicted,0.09090909090909091,10,10,TTTCTAAGCAGGATGAGTAG,0,4799475
ygeY_predicted,0.09090909090909091,10,10,TTTAATCGCCACTCGACTGC,0,4799648
ygeY_predicted,0.09090909090909091,10,10,TTGTTTTTATTAATGCGGCC,0,4805102
ygeY_predicted,0.09090909090909091,10,10,TTGCGCGTTCGCTACACTAT,0,4800412
ygeY_predicted,0.09090909090909091,10,10,TTCCTTCCAGACAATCTGTG,0,4804085
ygeY_predicted,0.09090909090909091,10,10,TTCATGCCTTGTGTTGTCAT,0,4801196
ygeY_predicted,0.09090909090909091,10,10,TTACGTGGTTAATTCATACG,0,4805510
ygeY_predicted,0.09090909090909091,10,10,TGTGCTACTCCAGCGTCCAA,0,4810445
ygeY_predicted,0.09090909090909091,10,10,TGTCCCATAAGCGTCCTATC,0,4801421
ygeY_predicted,0.09090909090909091,10,10,TGTCACCGGCGGCACATGCG,0,4810501
ygeY_predicted,0.09090909090909091,10,10,TGGTCGTGGCCGTTCATAAA,0,4798697
ygeY_predicted,0.09090909090909091,10,10,TGGTAAACCAAAACTCAATC,0,4806317
ygeY_predicted,0.09090909090909091,10,10,TGGATTGCATGGGGATAGCT,0,4800358
ygeY_predicted,0.09090909090909091,10,10,TGCCGCTTGTTGTTACGGTT,0,4815148
ygeY_predicted,0.09090909090909091,10,10,TGCCCAATGTAGATGAATTT,0,4797348
ygeY_predicted,0.09090909090909091,10,10,TGAGTAGAGGGCTTTGCGGT,0,4815265
ygeY_predicted,0.09090909090909091,10,10,TGACGTCCGACCGCTTAGTT,0,4813805
ygeY_predicted,0.09090909090909091,10,10,TGACCATCCTCACACTATGA,0,4814905
ygeY_predicted,0.09090909090909091,10,10,TCACACTGGAGCTAGAGAAT,0,4814875
ygeY_predicted,0.09090909090909091,10,10,TCAAGCAGATAGTCTACCAA,0,4804959
ygeY_predicted,0.09090909090909091,10,10,TAGGTGTGGAGTGCACGCAT,0,4795912
ygeY_predicted,0.09090909090909091,10,10,TAGGTAATAGCGATTAGATG,0,4804578
ygeY_predicted,0.09090909090909091,10,10,TAGCGCGATTTAGCGCTACG,0,4796622
ygeY_predicted,0.09090909090909091,10,10,TACTTAGCGCTCTGTTCTCG,0,4798233
ygeY_predicted,0.09090909090909091,10,10,TACTGAAACCGTATTCGGTC,0,4804721
ygeY_predicted,0.09090909090909091,10,10,TACCGCTCCTAGCCTCAGGG,0,4796527
ygeY_predicted,0.09090909090909091,10,10,TACAGCGTGGCGCACGCAAT,0,4815618
ygeY_predicted,0.09090909090909091,10,10,TAATGTAGCGGTTGTGAACG,0,4805988
ygeY_predicted,0.09090909090909091,10,10,TAATGCTCACCGTATGCCAG,0,4800494
ygeY_predicted,0.09090909090909091,10,10,GTTTCCGTGCAAGAGGCACG,0,4811998
ygeY_predicted,0.09090909090909091,10,10,GTTGCTGTCGGTGGAGTCCA,0,4806105
ygeY_predicted,0.09090909090909091,10,10,GTTCCGCCCGGGCGCAGGCC,0,4797398
ygeY_predicted,0.09090909090909091,10,10,GTTACGGAAATTCCTCATTA,0,4810599
ygeY_predicted,0.09090909090909091,10,10,GTGCGCGGAGGCATATATCA,0,4797489
ygeY_predicted,0.09090909090909091,10,10,GTCCAGTGCCGGATAGATCA,0,4799218
ygeY_predicted,0.09090909090909091,10,10,GTATGGGAGGGCATATTCAT,0,4809325
ygeY_predicted,0.09090909090909091,10,10,GTAACCTTTTATGAGCGATA,0,4795144
ygeY_predicted,0.09090909090909091,10,10,GGTTGAAATTCCGTCTTTCA,0,4811849
ygeY_predicted,0.09090909090909091,10,10,GGTTAAGACACCATACTTAG,0,4800073
ygeY_predicted,0.09090909090909091,10,10,GGGTGGACTCTTTACCTCTA,0,4799959
ygeY_predicted,0.09090909090909091,10,10,GGGGAGGTGTTTCAATTCGA,0,4815501
ygeY_predicted,0.09090909090909091,10,10,GGCCTACTTGAGGGCCTTAT,0,4800032
ygeY_predicted,0.09090909090909091,10,10,GGCCATGTCGAAGGTGACTG,0,4795113
ygeY_predicted,0.09090909090909091,10,10,GGCATGCGCCGGTCTGCCAG,0,4807247
ygeY_predicted,0.09090909090909091,10,10,GGCAAAAGGACGGGCAAGGC,0,4801564
ygeY_predicted,0.09090909090909091,10,10,GGAATGTCTGACCTCCGCGT,0,4802125
ygeY_predicted,0.09090909090909091,10,10,GCTACGTTCTGCTCAGTGAT,0,4802023
ygeY_predicted,0.09090909090909091,10,10,GCTAATAGATAGCTTCTAGG,0,4809880
ygeY_predicted,0.09090909090909091,10,10,GCTAACAATCGAGTAAGATG,0,4802896
ygeY_predicted,0.09090909090909091,10,10,GCGTCTGGAAGAGCCTTAGC,0,4803705
ygeY_predicted,0.09090909090909091,10,10,GCGTAATGGGAATGTCACTT,0,4805636
ygeY_predicted,0.09090909090909091,10,10,GCGCAATATTGGCTACGGCC,0,4798805
ygeY_predicted,0.09090909090909091,10,10,GCGACCTGAGGGCGCGAGAA,0,4798690
ygeY_predicted,0.09090909090909091,10,10,GCCTAATTCCCACCGGGGGT,0,4814210
ygeY_predicted,0.09090909090909091,10,10,GATGTAACGACAGCTCCGTG,0,4803884
ygeY_predicted,0.09090909090909091,10,10,GATCTAACACCATTGTGGTA,0,4808827
ygeY_predicted,0.09090909090909091,10,10,GATAATTCTCGTTGAAATAG,0,4798897
ygeY_predicted,0.09090909090909091,10,10,GAGTCACCTGTGGTTAACCA,0,4809745
ygeY_predicted,0.09090909090909091,10,10,GAGCAGAGCAATATCAAAAC,0,4799858
ygeY_predicted,0.09090909090909091,10,10,GACCTCCGAACGGGGAAAAT,0,4816793
ygeY_predicted,0.09090909090909091,10,10,GACCGAACAACGGTGCCAGT,0,4798432
ygeY_predicted,0.09090909090909091,10,10,GAATCAGTCGGCTTTGATCG,0,4808185
ygeY_predicted,0.09090909090909091,10,10,CTTGTCTCGGTTTGCAATTG,0,4798268
ygeY_predicted,0.09090909090909091,10,10,CTTAACACCCAGTGTGGGAA,0,4803757
ygeY_predicted,0.09090909090909091,10,10,CTGTGTTCTATGGTCCCGTC,0,4813650
ygeY_predicted,0.09090909090909091,10,10,CTGTGGCACCCACCGATCTT,0,4810483
ygeY_predicted,0.09090909090909091,10,10,CTGGTGATAAGAGCCTCTTA,0,4796136
ygeY_predicted,0.09090909090909091,10,10,CTGGGTGTGCCGAGATTAGC,0,4804932
ygeY_predicted,0.09090909090909091,10,10,CTGGAGTTGCATCATTCTAC,0,4806126
ygeY_predicted,0.09090909090909091,10,10,CTCTGGCCTTGCTCGACTGC,0,4799169
ygeY_predicted,0.09090909090909091,10,10,CTCGTAATGCCGTAGGATCT,0,4806116
ygeY_predicted,0.09090909090909091,10,10,CTCGCTTCATCTATCCCTGC,0,4801536
ygeY_predicted,0.09090909090909091,10,10,CTATTGCGTTAGAGACTCAC,0,4798215
ygeY_predicted,0.09090909090909091,10,10,CTATGCCTAATCATTGATAG,0,4796502
ygeY_predicted,0.09090909090909091,10,10,CTACGAACTATCAAACGTGA,0,4812880
ygeY_predicted,0.09090909090909091,10,10,CTACCGTGATATGGCTCAAG,0,4814937
ygeY_predicted,0.09090909090909091,10,10,CGTTGTAAGTATCGGTAACT,0,4802163
ygeY_predicted,0.09090909090909091,10,10,CGTATTGTAGAGGCAGGATG,0,4800087
ygeY_predicted,0.09090909090909091,10,10,CGCTCTATAACATTTACTTA,0,4813308
ygeY_predicted,0.09090909090909091,10,10,CGCTAAATCGCCGGAAAAAC,0,4815741
ygeY_predicted,0.09090909090909091,10,10,CGCCCGCGCGAAGTTCGGCA,0,4802689
ygeY_predicted,0.09090909090909091,10,10,CGCCCAGCGATACTGCGGCT,0,4806633
ygeY_predicted,0.09090909090909091,10,10,CGATGCAAGGGAGATTACGA,0,4794898
ygeY_predicted,0.09090909090909091,10,10,CGATGACGGGTTGGTCCCAT,0,4810926
ygeY_predicted,0.09090909090909091,10,10,CGATAGGTGTCCAGATGAAA,0,4803473
ygeY_predicted,0.09090909090909091,10,10,CGATAGATGCAATTCCTTTG,0,4810035
ygeY_predicted,0.09090909090909091,10,10,CGAGACCACGATGAATCAGT,0,4800436
ygeY_predicted,0.09090909090909091,10,10,CGACGAGCCTGGGTACACAG,0,4795922
ygeY_predicted,0.09090909090909091,10,10,CCTGCGCATCCACATGGCAG,0,4796948
ygeY_predicted,0.09090909090909091,10,10,CCGTTGATAGAGAACCGCAA,0,4798431
ygeY_predicted,0.09090909090909091,10,10,CCGTGCAGGATACCGCCAGG,0,4795146
ygeY_predicted,0.09090909090909091,10,10,CCGGGAGGACATGTCGGTAG,0,4798310
ygeY_predicted,0.09090909090909091,10,10,CCGGATTAGACTGTTGAAGG,0,4810343
ygeY_predicted,0.09090909090909091,10,10,CCGAGGTGCGCTGGTGTATC,0,4798901
ygeY_predicted,0.09090909090909091,10,10,CCGAAGCGGCACAGATTAGC,0,4803649
ygeY_predicted,0.09090909090909091,10,10,CCCTGACCCGGGTAACGAAT,0,4806397
ygeY_predicted,0.09090909090909091,10,10,CCCCGATTTCCCACTTGGCA,0,4800495
ygeY_predicted,0.09090909090909091,10,10,CCCCGATGGTGCCTTTCCAT,0,4802222
ygeY_predicted,0.09090909090909091,10,10,CCCCGAAGTATAAGGAACAA,0,4805069
ygeY_predicted,0.09090909090909091,10,10,CCATAGCTGCGCTGCACTCT,0,4809676
ygeY_predicted,0.09090909090909091,10,10,CCACCTCGCGTTCTTGCGCC,0,4804489
ygeY_predicted,0.09090909090909091,10,10,CATTTGACTACAAGCGTATG,0,4810885
ygeY_predicted,0.09090909090909091,10,10,CATTAGGCTGTGACAGCCTC,0,4814235
ygeY_predicted,0.09090909090909091,10,10,CATAGATCTTTTTCCCAGGA,0,4801938
ygeY_predicted,0.09090909090909091,10,10,CAGGGCTTTATTCAAAGGGA,0,4810205
ygeY_predicted,0.09090909090909091,10,10,CAGGCTCAATTAACAGAAAT,0,4795876
ygeY_predicted,0.09090909090909091,10,10,CAGCTTTTACGTTGAGCGTT,0,4812487
ygeY_predicted,0.09090909090909091,10,10,CACGACTTACCCTGATTATG,0,4803958
ygeY_predicted,0.09090909090909091,10,10,CAATTCGCTGCGACAGTTAG,0,4816011
ygeY_predicted,0.09090909090909091,10,10,ATGTGTGGCCTGGAGCACAA,0,4804301
ygeY_predicted,0.09090909090909091,10,10,ATGTCGTTGCCTCCCGGTCG,0,4809004
ygeY_predicted,0.09090909090909091,10,10,ATGGACGGCCACTCCCCCCC,0,4796141
ygeY_predicted,0.09090909090909091,10,10,ATGCTGAAATGCAACCCGAA,0,4803656
ygeY_predicted,0.09090909090909091,10,10,ATGCAGGCGTGAAGGGTCAA,0,4814534
ygeY_predicted,0.09090909090909091,10,10,ATCTAGTGCCGGGTGCACGG,0,4795066
ygeY_predicted,0.09090909090909091,10,10,ATCAAATAGATAGAGGGGGT,0,4801790
ygeY_predicted,0.09090909090909091,10,10,ATAGGAACTTTCAAGTGATT,0,4799428
ygeY_predicted,0.09090909090909091,10,10,ATAAGCAGAAAGTTTAGCTA,0,4811699
ygeY_predicted,0.09090909090909091,10,10,AGTTCGGCTCAACGTCGGGA,0,4803189
ygeY_predicted,0.09090909090909091,10,10,AGTGGCAGGACCCCCTTGCA,0,4812539
ygeY_predicted,0.09090909090909091,10,10,AGTACGATGTCTGTGGGTGG,0,4809106
ygeY_predicted,0.09090909090909091,10,10,AGTAATGACGACCCACTCCA,0,4797658
ygeY_predicted,0.09090909090909091,10,10,AGGCTTAGCGGCTCAGTTAA,0,4802700
ygeY_predicted,0.09090909090909091,10,10,AGGATATTTGCGATGGCGTT,0,4809254
ygeY_predicted,0.09090909090909091,10,10,AGCGCGTGGAGGAAGCGGCT,0,4795164
ygeY_predicted,0.09090909090909091,10,10,AGATCAATACTCTGTAGGGC,0,4797476
ygeY_predicted,0.09090909090909091,10,10,AGACCCCCGGCCTTGGTCTC,0,4815766
ygeY_predicted,0.09090909090909091,10,10,AGAAGTTGGTTCTAGGATTT,0,4810811
ygeY_predicted,0.09090909090909091,10,10,ACTTGGATGGACCGGGACTA,0,4807863
ygeY_predicted,0.09090909090909091,10,10,ACTCTAATCGAGGGCAGGAT,0,4811411
ygeY_predicted,0.09090909090909091,10,10,ACTCGACGTATAAGACTAAT,0,4815411
ygeY_predicted,0.09090909090909091,10,10,ACTCATACACGTTTTGGAGC,0,4804261
ygeY_predicted,0.09090909090909091,10,10,ACGTACTTTCTGTACGAAGG,0,4803931
ygeY_predicted,0.09090909090909091,10,10,ACGCGCCTTATTGCTCGTTG,0,4811693
ygeY_predicted,0.09090909090909091,10,10,ACCAAAAAGCGACAAACTTT,0,4798726
ygeY_predicted,0.09090909090909091,10,10,ACATTCCTCGCAATGAGGTA,0,4808531
ygeY_predicted,0.09090909090909091,10,10,ACACCTACATCAAGGCTCAC,0,4799754
ygeY_predicted,0.09090909090909091,10,10,ACAAGGCCCAATGGAGGGGA,0,4807404
ygeY_predicted,0.09090909090909091,10,10,ACAAAATCTGCCCGAAGGCC,0,4802621
ygeY_predicted,0.09090909090909091,10,10,AATTGTTCGCTACCACAGAG,0,4810930
ygeY_predicted,0.09090909090909091,10,10,AAACAATGCTCGTCTAATGT,0,4808807
ygeY_predicted,0.1,9,9,TTTTGGTACCGCCTTGGTAT,0,4805004
ygeY_predicted,0.1,9,9,TTTGTAACAAATAACGCATG,0,4805763
ygeY_predicted,0.1,9,9,TTTGGGAGAGCTATAGCTAT,0,4797118
ygeY_predicted,0.1,9,9,TTGTTACACATGAACAAAAC,0,4813978
ygeY_predicted,0.1,9,9,TTGACAGAAACCGAACGCTG,0,4803353
ygeY_predicted,0.1,9,9,TTCTCATGGCGGGACGTTCT,0,4809622
ygeY_predicted,0.1,9,9,TTCTCACGTCCAAGGGTCAC,0,4807861
ygeY_predicted,0.1,9,9,TTCCCGCCCGTAGCAAAAGT,0,4797930
ygeY_predicted,0.1,9,9,TTCCAGGGCTGGACATATAA,0,4797681
ygeY_predicted,0.1,9,9,TTCATTATGACTTCGCATAA,0,4801954
ygeY_predicted,0.1,9,9,TTCATCGAGCGTCACACAAG,0,4802617
ygeY_predicted,0.1,9,9,TGTGTTCGTAAAAGAACATT,0,4810554
ygeY_predicted,0.1,9,9,TGTGCGTATAATTTTTTCAT,0,4796386
ygeY_predicted,0.1,9,9,TGTCTTAGGGTACGTTTGGT,0,4816426
ygeY_predicted,0.1,9,9,TGTATCTCAATTGCGGCGTA,0,4807652
ygeY_predicted,0.1,9,9,TGTATATCGTTGATTCCTGC,0,4804214
ygeY_predicted,0.1,9,9,TGTAACGCTGGTTAATAAAT,0,4807416
ygeY_predicted,0.1,9,9,TGGGAGCCGACATTTAAATT,0,4806622
ygeY_predicted,0.1,9,9,TGGCTATATCGTTTTGTTGA,0,4799057
ygeY_predicted,0.1,9,9,TGGCAGGGATGTCACCCACC,0,4816416
ygeY_predicted,0.1,9,9,TGGACAGATACCCATAATTA,0,4807479
ygeY_predicted,0.1,9,9,TGAGATCGCCTACGCAGTGG,0,4801383
ygeY_predicted,0.1,9,9,TCTCTCAAGACTTGCAAAGG,0,4805196
ygeY_predicted,0.1,9,9,TCGTGTGGGCTGAGGTGGGT,0,4812376
ygeY_predicted,0.1,9,9,TCGGGTTCCTTACCGTTCTA,0,4803990
ygeY_predicted,0.1,9,9,TCGGGCCATGCCCTGCGATT,0,4797056
ygeY_predicted,0.1,9,9,TCGACGTTGGGGTTTTTCGT,0,4795561
ygeY_predicted,0.1,9,9,TCCTGGGTGATTTATTGCAT,0,4800449
ygeY_predicted,0.1,9,9,TCCCTCGTGCTAGATTCGCA,0,4799968
ygeY_predicted,0.1,9,9,TCAGGTCCGGTCTCACTGTA,0,4805229
ygeY_predicted,0.1,9,9,TCAGGTACCTGTATGCTTAA,0,4797627
ygeY_predicted,0.1,9,9,TCAGGGATAGGGGGGTCGAA,0,4812908
ygeY_predicted,0.1,9,9,TCACGGATGGCGCTAACCGT,0,4805985
ygeY_predicted,0.1,9,9,TCAAGTTGTCTGAGTCTCTC,0,4811748
ygeY_predicted,0.1,9,9,TATGTTGAAATGACTAGAAA,0,4798244
ygeY_predicted,0.1,9,9,TATGCTAGCTTGCCACGGCT,0,4798050
ygeY_predicted,0.1,9,9,TAGATATTACTCCAATGTCG,0,4806720
ygeY_predicted,0.1,9,9,TAGAGGCGTTGGATCCTTGG,0,4800036
ygeY_predicted,0.1,9,9,TAAGTCACTCCCGTCGCCTT,0,4799237
ygeY_predicted,0.1,9,9,GTTAGCGTATTCATAAACCA,0,4800511
ygeY_predicted,0.1,9,9,GTGTGCTAAAGCTGTACCTA,0,4813675
ygeY_predicted,0.1,9,9,GTCTTATCTGGGGTACGGAC,0,4799364
ygeY_predicted,0.1,9,9,GTCGGAGAATTCGGCGTCTT,0,4797477
ygeY_predicted,0.1,9,9,GTCGATCTCACCATACTCTT,0,4801087
ygeY_predicted,0.1,9,9,GTCAGTGGTGCGGCTTGCGG,0,4799087
ygeY_predicted,0.1,9,9,GTATGTGCAAGATTGCCCTG,0,4799785
ygeY_predicted,0.1,9,9,GTAGGATGCCGGGCTTGGGC,0,4808474
ygeY_predicted,0.1,9,9,GGTATTCGATTTGAGGCTAG,0,4816830
ygeY_predicted,0.1,9,9,GGTATATTTGGCCCGTCACT,0,4801051
ygeY_predicted,0.1,9,9,GGGTGCACCTGTCCAATTAT,0,4814734
ygeY_predicted,0.1,9,9,GGGTGATTGTGTCTTCCGGT,0,4799611
ygeY_predicted,0.1,9,9,GGGTAGTGCACTCACTCGGA,0,4799347
ygeY_predicted,0.1,9,9,GGGGTATAAAATTTTTGAAT,0,4801430
ygeY_predicted,0.1,9,9,GGGGGAATAGATAAAACACT,0,4795027
ygeY_predicted,0.1,9,9,GGGGAATCGAGAATGTACGG,0,4801174
ygeY_predicted,0.1,9,9,GGCTATGTCCACATACAGTG,0,4812914
ygeY_predicted,0.1,9,9,GGCCTGATATCTGGATCAAA,0,4797678
ygeY_predicted,0.1,9,9,GGCCCTAACGTGCCGTAATG,0,4815144
ygeY_predicted,0.1,9,9,GGAGTGGCTAGGGAAAAACA,0,4795608
ygeY_predicted,0.1,9,9,GGACCGCCAGAATTTTCGTG,0,4801190
ygeY_predicted,0.1,9,9,GCTGTACTGGCTCTTGGCTA,0,4816402
ygeY_predicted,0.1,9,9,GCTGCCTGCGCCAACCGGGA,0,4800635
ygeY_predicted,0.1,9,9,GCTGCAGGGTACAGCACCTG,0,4799448
ygeY_predicted,0.1,9,9,GCGTCAGCACTTCCCACTCA,0,4810087
ygeY_predicted,0.1,9,9,GCGGGGGTCACTCGTGTTTT,0,4797976
ygeY_predicted,0.1,9,9,GCCTATCTTTAATCCTGGCC,0,4802092
ygeY_predicted,0.1,9,9,GCCGGTTCGTCCACAAAGAT,0,4799142
ygeY_predicted,0.1,9,9,GCCCGTTATGTGGACTCGTC,0,4798154
ygeY_predicted,0.1,9,9,GCCCAGTTTAGTCACCAGGA,0,4808548
ygeY_predicted,0.1,9,9,GCCATGTACGATGGTGACGT,0,4806748
ygeY_predicted,0.1,9,9,GCATTTTGCATCCGGTGGCC,0,4798642
ygeY_predicted,0.1,9,9,GCATTCACACATCGCGGATC,0,4798140
ygeY_predicted,0.1,9,9,GCATGTCCGGGCGCCGACCA,0,4799610
ygeY_predicted,0.1,9,9,GCATGATCTAATTGACAATA,0,4810765
ygeY_predicted,0.1,9,9,GCACGCAGCGTTTCAATTAT,0,4806274
ygeY_predicted,0.1,9,9,GCACGATCTGGCTCGCTCTG,0,4816010
ygeY_predicted,0.1,9,9,GCACATTGATAGGTGCATTT,0,4795330
ygeY_predicted,0.1,9,9,GCAAGCAGCGAAGCCCGTAC,0,4807136
ygeY_predicted,0.1,9,9,GCAACTAGATATCAACTGCA,0,4802140
ygeY_predicted,0.1,9,9,GCAAAGGATTGGGGTTTCTT,0,4795145
ygeY_predicted,0.1,9,9,GAGTCCCATTTAGAGCATCT,0,4799022
ygeY_predicted,0.1,9,9,GAGAGCTAACTGCGCTCTAT,0,4806342
ygeY_predicted,0.1,9,9,GACGCCCAATGGAATTCTTT,0,4795396
ygeY_predicted,0.1,9,9,GACCCTCGGTAGTCATGCGC,0,4806555
ygeY_predicted,0.1,9,9,GACAGAGTCGAGGGGCCTTG,0,4806800
ygeY_predicted,0.1,9,9,GAATTCGCCCTACAAATATG,0,4804174
ygeY_predicted,0.1,9,9,CTTTACGGATTTTCTACATG,0,4802642
ygeY_predicted,0.1,9,9,CTTCTGAAAAAGGGAACGTT,0,4797899
ygeY_predicted,0.1,9,9,CTTCTATCTTTATCTTCATT,0,4802953
ygeY_predicted,0.1,9,9,CTTATAGTCTTCCAGATCAA,0,4812281
ygeY_predicted,0.1,9,9,CTGGAGTCGCCCTCACTGTA,0,4805376
ygeY_predicted,0.1,9,9,CTGACGTAGGTTGCCGGGGA,0,4811605
ygeY_predicted,0.1,9,9,CTGACCTCGGTTGAGGATGG,0,4796551
ygeY_predicted,0.1,9,9,CTCCAGCCCCGATCTGCGCA,0,4811042
ygeY_predicted,0.1,9,9,CTAGAGTGGGCGAGCGATTA,0,4804211
ygeY_predicted,0.1,9,9,CTAAATGAACTCCGAGCACT,0,4815807
ygeY_predicted,0.1,9,9,CGTGATGGCCTCCAATATCA,0,4804458
ygeY_predicted,0.1,9,9,CGGTCATACATCCTTGGTAC,0,4811865
ygeY_predicted,0.1,9,9,CGGTATGACAGCAGCTTCTC,0,4805292
ygeY_predicted,0.1,9,9,CGCCGGTGCGTATGCCTAGC,0,4806287
ygeY_predicted,0.1,9,9,CGCCCCACGCGAGTGACGGA,0,4806203
ygeY_predicted,0.1,9,9,CGATGGTTCCGGGTTGGGGA,0,4797178
ygeY_predicted,0.1,9,9,CGATAGGTCTCGTGCGGTTA,0,4806593
ygeY_predicted,0.1,9,9,CGAGCGGATGCGTATTAGAA,0,4797353
ygeY_predicted,0.1,9,9,CGAACACGAGATGGAGTCAA,0,4800946
ygeY_predicted,0.1,9,9,CCTCCTCAGGAGTTCCCCTC,0,4804912
ygeY_predicted,0.1,9,9,CCTATATTAAGCGTTTACAG,0,4812943
ygeY_predicted,0.1,9,9,CCTAGTGTTATCTCTTATTG,0,4810698
ygeY_predicted,0.1,9,9,CCTAAAAAAGGGAACAATTT,0,4800106
ygeY_predicted,0.1,9,9,CCCTCCAATTCATTGAATCA,0,4798240
ygeY_predicted,0.1,9,9,CCCTAAGCATGAGTGAGTGG,0,4798484
ygeY_predicted,0.1,9,9,CCAAATCGACCAGGGCTTCG,0,4797094
ygeY_predicted,0.1,9,9,CATAAAATAAAGCTGCAGTC,0,4800786
ygeY_predicted,0.1,9,9,CAGCATAGCCAGGGGTGCTG,0,4806686
ygeY_predicted,0.1,9,9,CACCCTTGTCGGTGAATGTT,0,4803121
ygeY_predicted,0.1,9,9,CAATACTTCAACTGGACCGC,0,4801943
ygeY_predicted,0.1,9,9,CAAGGCTGCCTCTACAGATG,0,4795053
ygeY_predicted,0.1,9,9,CAAGATCCAGGTAGTATGGT,0,4800344
ygeY_predicted,0.1,9,9,CAACCGCAACGGGTGTGGGA,0,4811348
ygeY_predicted,0.1,9,9,ATTGGCCCGGAGGGGGTAGT,0,4804544
ygeY_predicted,0.1,9,9,ATTGCACCTCTAGTGCGACT,0,4798065
ygeY_predicted,0.1,9,9,ATTGAAGGGTTTGAGTATCG,0,4813963
ygeY_predicted,0.1,9,9,ATATGCCCAGGTAGGAGGAT,0,4814567
ygeY_predicted,0.1,9,9,ATAATTCTGAGGCGAAACGG,0,4816162
ygeY_predicted,0.1,9,9,AGTCAACAGTCGGAAATCAA,0,4806199
ygeY_predicted,0.1,9,9,AGGTTTTAGCGCCCCAAATA,0,4807053
ygeY_predicted,0.1,9,9,AGGGGAGCGCGCTGAGCGAA,0,4801217
ygeY_predicted,0.1,9,9,AGGCATAGATCGTGTCTTGA,0,4808457
ygeY_predicted,0.1,9,9,AGGCAGCCAAGGGGTCAATA,0,4814494
ygeY_predicted,0.1,9,9,AGCTGTGCTACCACGTATCT,0,4798023
ygeY_predicted,0.1,9,9,AGCTCCTGCTGCCTTAGGGC,0,4802159
ygeY_predicted,0.1,9,9,AGCTCAGCTAAGTAAGAATC,0,4795302
ygeY_predicted,0.1,9,9,AGCGGAAATAGGCAGCAACA,0,4813681
ygeY_predicted,0.1,9,9,AGCGCGTACTCACGTTCACG,0,4801864
ygeY_predicted,0.1,9,9,AGCAATATGGTTCGTAATTG,0,4797626
ygeY_predicted,0.1,9,9,AGATTTCCGGCAGACAACAG,0,4810418
ygeY_predicted,0.1,9,9,AGACTCAGATGGCCCTATCT,0,4796884
ygeY_predicted,0.1,9,9,AGAAACTTACCACACCAGTT,0,4800959
ygeY_predicted,0.1,9,9,ACTGGCAATGGGCCTGACGT,0,4798525
ygeY_predicted,0.1,9,9,ACTCATACTTCAGTGCTATA,0,4795893
ygeY_predicted,0.1,9,9,ACGGTCGGGTCGTTGATAAT,0,4796366
ygeY_predicted,0.1,9,9,ACGCCATGGCATCGGCCGTT,0,4805245
ygeY_predicted,0.1,9,9,ACGAATGATTTAATAAGGAG,0,4797179
ygeY_predicted,0.1,9,9,ACCGCGCCGAACCCAAGAAT,0,4815708
ygeY_predicted,0.1,9,9,ACAGGTAGACGTACCCTAGG,0,4811041
ygeY_predicted,0.1,9,9,ACAAGGGGAACTTGCTCCGA,0,4813139
ygeY_predicted,0.1,9,9,AATTGTGTGGCGGGGTATCC,0,4806169
ygeY_predicted,0.1,9,9,AATGCAAAATACCTCTACAT,0,4795473
ygeY_predicted,0.1,9,9,AATCCTCAGGTACCGGAACC,0,4805185
ygeY_predicted,0.1,9,9,AATAAGCTCGTCGGATAGCG,0,4815210
ygeY_predicted,0.1,9,9,AATAAACATACTGATTCCCA,0,4807508
ygeY_predicted,0.1,9,9,AAGCTCCACTGGAATCGTGA,0,4795222
ygeY_predicted,0.1,9,9,AAGAATCGGTCATGATGATG,0,4806553
ygeY_predicted,0.1,9,9,AACTCAGCGTCATCAAAGCA,0,4815129
ygeY_predicted,0.1,9,9,AACGAGATCCGCCGCGGCGT,0,4812897
ygeY_predicted,0.1,9,9,AACCGGTCCTGGGGGTTGAT,0,4802177
ygeY_predicted,0.1,9,9,AAAGGTTAGCTGTGATCCTT,0,4816046
ygeY_predicted,0.1,9,9,AAAGCTAGTACAGGCGCTTA,0,4800760
ygeY_predicted,0.1,9,9,AAAATCGGCCTCGTTGCTAT,0,4804689
ygeY_predicted,0.1111111111111111,8,8,TTTTCGTGGTGAATCTTCAC,0,4811582
ygeY_predicted,0.1111111111111111,8,8,TTTGTCGGGGTAAGGGTATG,0,4806073
ygeY_predicted,0.1111111111111111,8,8,TTTGCTAGAAGCCTATAACT,0,4798643
ygeY_predicted,0.1111111111111111,8,8,TTTGACTTGGAGCAACCCAC,0,4795298
ygeY_predicted,0.1111111111111111,8,8,TTTCGACGTGCCGGGATACA,0,4813406
ygeY_predicted,0.1111111111111111,8,8,TTTCCTTCGACTCCCGGATC,0,4795949
ygeY_predicted,0.1111111111111111,8,8,TTGTTATCACAAATGGAATG,0,4811052
ygeY_predicted,0.1111111111111111,8,8,TTGGGTCAAACGCATTTAAC,0,4804137
ygeY_predicted,0.1111111111111111,8,8,TTGGGACATTGATTTTACGA,0,4795703
ygeY_predicted,0.1111111111111111,8,8,TTGCCATACCAGAAATAAGT,0,4802280
ygeY_predicted,0.1111111111111111,8,8,TTCGGAAAAGCAACTTCAAG,0,4799971
ygeY_predicted,0.1111111111111111,8,8,TTCGATAGGATCGGCACCCT,0,4800612
ygeY_predicted,0.1111111111111111,8,8,TTCCTCAGAATTGTCTAAGT,0,4809566
ygeY_predicted,0.1111111111111111,8,8,TTCAGGTTCCGCGACTCCAA,0,4795477
ygeY_predicted,0.1111111111111111,8,8,TTATTACTTGTTAGTCCGCA,0,4798560
ygeY_predicted,0.1111111111111111,8,8,TTAGTCCGCTCCAGTTCATA,0,4809373
ygeY_predicted,0.1111111111111111,8,8,TTACCAGTTTCTGCATACCC,0,4798609
ygeY_predicted,0.1111111111111111,8,8,TGTTAGCGGGCAGTCACAAA,0,4815420
ygeY_predicted,0.1111111111111111,8,8,TGTCGCCACCTCACTAAATT,0,4799177
ygeY_predicted,0.1111111111111111,8,8,TGTAGATTATAGGAACATTA,0,4799476
ygeY_predicted,0.1111111111111111,8,8,TGTAAGGGGCGTGCGTGAGT,0,4795015
ygeY_predicted,0.1111111111111111,8,8,TGGGTGACATGGTCTTCGCG,0,4814757
ygeY_predicted,0.1111111111111111,8,8,TGGCAGCGAAAGAGACGTGA,0,4806858
ygeY_predicted,0.1111111111111111,8,8,TGCTTTGGCAGTGCTTTCTC,0,4816032
ygeY_predicted,0.1111111111111111,8,8,TGCTTAATACCGTAGTTTCG,0,4802400
ygeY_predicted,0.1111111111111111,8,8,TGCTGACTGCAGAACAAAAC,0,4800764
ygeY_predicted,0.1111111111111111,8,8,TGCGTGCTGCCGTTTCATTG,0,4804171
ygeY_predicted,0.1111111111111111,8,8,TGCCGTTTCCCCTGATCACA,0,4801077
ygeY_predicted,0.1111111111111111,8,8,TGCAACTCGAAATTGTAGTC,0,4799878
ygeY_predicted,0.1111111111111111,8,8,TGATTGGCTGATACATACGT,0,4806872
ygeY_predicted,0.1111111111111111,8,8,TGAGGCTGGTTCGATGTGCA,0,4804048
ygeY_predicted,0.1111111111111111,8,8,TGACATATAATTCACACGGG,0,4807172
ygeY_predicted,0.1111111111111111,8,8,TCTTGATCTAGGAGCCAAGA,0,4798313
ygeY_predicted,0.1111111111111111,8,8,TCTGGGGCCGGTAGTCGGGA,0,4810224
ygeY_predicted,0.1111111111111111,8,8,TCGTTCAGGTATATGCTGTA,0,4801468
ygeY_predicted,0.1111111111111111,8,8,TCGTTAATTAAAGGGCTCCT,0,4815967
ygeY_predicted,0.1111111111111111,8,8,TCGACCCTAGTTCCCACAAG,0,4801452
ygeY_predicted,0.1111111111111111,8,8,TCGAACTGACAGATAGCATT,0,4803023
ygeY_predicted,0.1111111111111111,8,8,TCCCTCCGAGTAAAGCAAAG,0,4811536
ygeY_predicted,0.1111111111111111,8,8,TCCCAGAGTGTTGCCACTGC,0,4815983
ygeY_predicted,0.1111111111111111,8,8,TCCAATTCTGCGGATCTCCG,0,4796471
ygeY_predicted,0.1111111111111111,8,8,TCATCTATCACATTATTCAG,0,4809535
ygeY_predicted,0.1111111111111111,8,8,TCATCCTTAGAGTGAGCGCT,0,4798004
ygeY_predicted,0.1111111111111111,8,8,TCACGCATCAGGATTAGCTA,0,4814470
ygeY_predicted,0.1111111111111111,8,8,TCACAGTTAATTGGGCGATT,0,4800884
ygeY_predicted,0.1111111111111111,8,8,TATGCACCCGCGTTAGAAAG,0,4795338
ygeY_predicted,0.1111111111111111,8,8,TATCGGATTGCCATGGTGTT,0,4809083
ygeY_predicted,0.1111111111111111,8,8,TAGGTATATCAACAATGCTG,0,4816585
ygeY_predicted,0.1111111111111111,8,8,TAGGCGGCAGCGGAGCCAGG,0,4802822
ygeY_predicted,0.1111111111111111,8,8,TAGCTTCTATTACCGCGAAA,0,4812036
ygeY_predicted,0.1111111111111111,8,8,TAGCTACCACATCCTCATCC,0,4806505
ygeY_predicted,0.1111111111111111,8,8,TAGAGCAGGATTCCACTGGG,0,4795684
ygeY_predicted,0.1111111111111111,8,8,TACTGTGTGCGAGCTCGTGA,0,4798315
ygeY_predicted,0.1111111111111111,8,8,TACGATTAAAGGAAGACTCT,0,4810739
ygeY_predicted,0.1111111111111111,8,8,TACCGTATCTGAAGTACGTT,0,4804413
ygeY_predicted,0.1111111111111111,8,8,TACAGCGCCAGGTCCTATGG,0,4798808
ygeY_predicted,0.1111111111111111,8,8,TAAATTTGCTGCTGAAATCT,0,4801838
ygeY_predicted,0.1111111111111111,8,8,GTGTGTTTTTTGTGAGTATA,0,4807848
ygeY_predicted,0.1111111111111111,8,8,GTGTGGTCGGGGAGATCAAG,0,4810920
ygeY_predicted,0.1111111111111111,8,8,GTGTGGAGTGTGGTTCAGCA,0,4797611
ygeY_predicted,0.1111111111111111,8,8,GTGGGCTACCCCCAGAATCT,0,4812473
ygeY_predicted,0.1111111111111111,8,8,GTGGGATGTTAAGGCGTCAT,0,4796131
ygeY_predicted,0.1111111111111111,8,8,GTCAGGCCCCGTCAAAGTGT,0,4798086
ygeY_predicted,0.1111111111111111,8,8,GTATCCGTACAAGGTTCTAT,0,4800404
ygeY_predicted,0.1111111111111111,8,8,GTACTTCGCGAGTGGCTGTC,0,4808686
ygeY_predicted,0.1111111111111111,8,8,GTACCTGAAATGCTTGACAA,0,4810458
ygeY_predicted,0.1111111111111111,8,8,GGTTTGGCATCTATATGGGT,0,4801692
ygeY_predicted,0.1111111111111111,8,8,GGTTGACCCGGAACATAGGC,0,4801652
ygeY_predicted,0.1111111111111111,8,8,GGTGGAGTAAATTCTAGGGT,0,4799791
ygeY_predicted,0.1111111111111111,8,8,GGTCGGACCCCGGTTAGCCA,0,4801076
ygeY_predicted,0.1111111111111111,8,8,GGGATTTTTTGATTCGATTA,0,4795787
ygeY_predicted,0.1111111111111111,8,8,GGCTAAGTATTCCCAACTGA,0,4797924
ygeY_predicted,0.1111111111111111,8,8,GGCGCTGTTTGCAGATGGTG,0,4797307
ygeY_predicted,0.1111111111111111,8,8,GGAGCTCATTCTTCTAATAT,0,4801863
ygeY_predicted,0.1111111111111111,8,8,GGACTCGCGCCTCGCAGCGG,0,4799518
ygeY_predicted,0.1111111111111111,8,8,GGACGGCAAAGTGGGGTGCG,0,4800810
ygeY_predicted,0.1111111111111111,8,8,GGACGAACTCATCAAGTCAG,0,4803900
ygeY_predicted,0.1111111111111111,8,8,GCTGCTTGCGGGGGACGATT,0,4799952
ygeY_predicted,0.1111111111111111,8,8,GCTAACGTCTGCGAACTCTT,0,4798001
ygeY_predicted,0.1111111111111111,8,8,GCGTGTCTGACAAACACTAC,0,4808704
ygeY_predicted,0.1111111111111111,8,8,GCGGTAGTTGTACAAAAAGA,0,4799064
ygeY_predicted,0.1111111111111111,8,8,GCCGGTATTCTTGGTTATGG,0,4797861
ygeY_predicted,0.1111111111111111,8,8,GCCCTGCGTTTTACGTTCTA,0,4797783
ygeY_predicted,0.1111111111111111,8,8,GCCCAAATGGGGTCTCTGCT,0,4797430
ygeY_predicted,0.1111111111111111,8,8,GCCACACTCGAGAAAATGCC,0,4798746
ygeY_predicted,0.1111111111111111,8,8,GCAGCAGCGTAATAAATCTG,0,4797606
ygeY_predicted,0.1111111111111111,8,8,GCACCATGGCCATTAACCAC,0,4797718
ygeY_predicted,0.1111111111111111,8,8,GCACAATCATCGCTATTTGT,0,4814428
ygeY_predicted,0.1111111111111111,8,8,GCAATGAGAGATGCGAAGTT,0,4806879
ygeY_predicted,0.1111111111111111,8,8,GATGCGGGAAAGGTGGGATA,0,4795312
ygeY_predicted,0.1111111111111111,8,8,GATCGTACATACAAGAGGTC,0,4811780
ygeY_predicted,0.1111111111111111,8,8,GATAGAATGGGTCTAATCGA,0,4799299
ygeY_predicted,0.1111111111111111,8,8,GAGACCAAGCGGAGATACCT,0,4816711
ygeY_predicted,0.1111111111111111,8,8,GACCTTGTATTCAAATAGCG,0,4802104
ygeY_predicted,0.1111111111111111,8,8,GACCATCGGCGATCACTTGG,0,4807540
ygeY_predicted,0.1111111111111111,8,8,GAATCGACTCTGATAGGTAA,0,4795591
ygeY_predicted,0.1111111111111111,8,8,GAATCCACAGCAGGCTCACG,0,4802362
ygeY_predicted,0.1111111111111111,8,8,GAACCTGACATGCGTCTATA,0,4812047
ygeY_predicted,0.1111111111111111,8,8,GAACACCGGGTCCCGGGACA,0,4807604
ygeY_predicted,0.1111111111111111,8,8,GAAACGGCCGTGGGCGTGTA,0,4798602
ygeY_predicted,0.1111111111111111,8,8,CTTCGCAGCTTTTGTCCGGA,0,4816654
ygeY_predicted,0.1111111111111111,8,8,CTTAATCATCCGTTGTTGAC,0,4811707
ygeY_predicted,0.1111111111111111,8,8,CTGTGAGTTGACTGTACGTA,0,4806372
ygeY_predicted,0.1111111111111111,8,8,CTGGTTACAGTCATCAATCT,0,4798163
ygeY_predicted,0.1111111111111111,8,8,CTGCGCTGCTCCCTCTGGTC,0,4798883
ygeY_predicted,0.1111111111111111,8,8,CTGAATAATGTCGCTTTTCT,0,4814852
ygeY_predicted,0.1111111111111111,8,8,CTCCTAACTCTTGAGTCCTC,0,4809418
ygeY_predicted,0.1111111111111111,8,8,CTCAAGGCCGACTTTGACGG,0,4806360
ygeY_predicted,0.1111111111111111,8,8,CTCAAGCGCAGACATCCGGG,0,4811013
ygeY_predicted,0.1111111111111111,8,8,CTACACGCTAAGCGCTCCTA,0,4796061
ygeY_predicted,0.1111111111111111,8,8,CTAATCTTAGCGAGGGCTAC,0,4811900
ygeY_predicted,0.1111111111111111,8,8,CGTTTTGGAGTCATAAAATT,0,4800137
ygeY_predicted,0.1111111111111111,8,8,CGTTTGAGGGAATTTTTTCG,0,4803791
ygeY_predicted,0.1111111111111111,8,8,CGTTGGTATTCCCACGCGCC,0,4805363
ygeY_predicted,0.1111111111111111,8,8,CGTTGGCAGTTCAGTTAATC,0,4812134
ygeY_predicted,0.1111111111111111,8,8,CGGGCAGTGTCTTGGGGGTC,0,4808869
ygeY_predicted,0.1111111111111111,8,8,CGGCTAAGCAGGTTCAAAGG,0,4806127
ygeY_predicted,0.1111111111111111,8,8,CGGAGGTGCGAAGCCAGGTT,0,4799728
ygeY_predicted,0.1111111111111111,8,8,CGCGTCACAGATGCTTCGAA,0,4808873
ygeY_predicted,0.1111111111111111,8,8,CGCGGCTAGTAGCACTTCAA,0,4801155
ygeY_predicted,0.1111111111111111,8,8,CGCGCACTAGGAGATTAAAG,0,4801937
ygeY_predicted,0.1111111111111111,8,8,CGCGCACACACGCTTGCCGG,0,4805419
ygeY_predicted,0.1111111111111111,8,8,CGCGACTTTACCATGCCTCT,0,4810210
ygeY_predicted,0.1111111111111111,8,8,CGCCGTAGGCACGGGTATCG,0,4812882
ygeY_predicted,0.1111111111111111,8,8,CGCCGCTCATATTGGCATGA,0,4812005
ygeY_predicted,0.1111111111111111,8,8,CGAGGTGTCGGACATAATCT,0,4798074
ygeY_predicted,0.1111111111111111,8,8,CGAGGTGGAGCATTTGAGCA,0,4800415
ygeY_predicted,0.1111111111111111,8,8,CGAAAGGTCAGCATTACCCA,0,4802381
ygeY_predicted,0.1111111111111111,8,8,CGAAAGACGCAGGTGAGGTG,0,4808821
ygeY_predicted,0.1111111111111111,8,8,CCTGAGCTCGAATAGGGAAA,0,4809617
ygeY_predicted,0.1111111111111111,8,8,CCTCTACGGTCGGCAATGCT,0,4804614
ygeY_predicted,0.1111111111111111,8,8,CCGCTACAGGTTGGGGTTAG,0,4800684
ygeY_predicted,0.1111111111111111,8,8,CCGAGGGCCTGTAGGGTCAC,0,4804045
ygeY_predicted,0.1111111111111111,8,8,CCGACGTTGATACATAACAG,0,4799700
ygeY_predicted,0.1111111111111111,8,8,CCCTTGGGAACTAAGGAATG,0,4813521
ygeY_predicted,0.1111111111111111,8,8,CCCTGTAAGGAATATGTTGT,0,4814129
ygeY_predicted,0.1111111111111111,8,8,CCCTAACCCTGTTTGTATAT,0,4814142
ygeY_predicted,0.1111111111111111,8,8,CCCGTCTCAGATCAACCGTA,0,4804135
ygeY_predicted,0.1111111111111111,8,8,CCCAACCTCACTTTGCACTC,0,4804785
ygeY_predicted,0.1111111111111111,8,8,CCAGGGACGCGGGTATGCGC,0,4802398
ygeY_predicted,0.1111111111111111,8,8,CCAGCGCGCACCATGACGGA,0,4811274
ygeY_predicted,0.1111111111111111,8,8,CCACGGTAACAATCCTCCAT,0,4800090
ygeY_predicted,0.1111111111111111,8,8,CCACAATAAACGGACAGCCA,0,4795555
ygeY_predicted,0.1111111111111111,8,8,CATAGAACTTTGATTCAAAA,0,4805685
ygeY_predicted,0.1111111111111111,8,8,CAGTTTAAGCGGCGCTCAGC,0,4803419
ygeY_predicted,0.1111111111111111,8,8,CAGGGCATTTGCACATCTAT,0,4801361
ygeY_predicted,0.1111111111111111,8,8,CAGCCGTGTAAGCGGACGAA,0,4806440
ygeY_predicted,0.1111111111111111,8,8,CAGACTTGGGTATAAATATG,0,4813486
ygeY_predicted,0.1111111111111111,8,8,CAGACTACCCTCGCGGCAAG,0,4796154
ygeY_predicted,0.1111111111111111,8,8,CACTTCGACTAGGCACTTTA,0,4806289
ygeY_predicted,0.1111111111111111,8,8,CACTATTTATTGGACACGCA,0,4806368
ygeY_predicted,0.1111111111111111,8,8,CACTAATTCGTTCGAAGATG,0,4803085
ygeY_predicted,0.1111111111111111,8,8,CACGGGGGCTTCGAATAGTT,0,4804424
ygeY_predicted,0.1111111111111111,8,8,CACGAGTGAATTCATGCCCA,0,4814242
ygeY_predicted,0.1111111111111111,8,8,CACCGCATAAACGCATCAAT,0,4810545
ygeY_predicted,0.1111111111111111,8,8,CACAATCAATCCTAGTCAGT,0,4796580
ygeY_predicted,0.1111111111111111,8,8,CAACATAATCGATCTCTCAC,0,4796649
ygeY_predicted,0.1111111111111111,8,8,CAACAACTTATGCTGGCCAG,0,4802001
ygeY_predicted,0.1111111111111111,8,8,ATTGTAAAGATCGCATGGTA,0,4804906
ygeY_predicted,0.1111111111111111,8,8,ATTGGTAAATGACCACCTGT,0,4797886
ygeY_predicted,0.1111111111111111,8,8,ATTGCGAGGGAACACCTCGG,0,4803140
ygeY_predicted,0.1111111111111111,8,8,ATTCACGGGCTAGCCGTAAG,0,4816847
ygeY_predicted,0.1111111111111111,8,8,ATTATGGATCCAGCCGCCCG,0,4804560
ygeY_predicted,0.1111111111111111,8,8,ATTATAGGTGCTATTTGTAG,0,4802986
ygeY_predicted,0.1111111111111111,8,8,ATGTTTTATTAAGGGAGTCA,0,4807589
ygeY_predicted,0.1111111111111111,8,8,ATGTATAAAGTTGGGACTTC,0,4794984
ygeY_predicted,0.1111111111111111,8,8,ATGGATTGCTCGGCTTTTCG,0,4810789
ygeY_predicted,0.1111111111111111,8,8,ATGCGGCAGCGTCACACATA,0,4804622
ygeY_predicted,0.1111111111111111,8,8,ATCTGGTTCGAAAAATGATT,0,4807124
ygeY_predicted,0.1111111111111111,8,8,ATCAGGGTAAGGTTGTGAAC,0,4805715
ygeY_predicted,0.1111111111111111,8,8,ATATATGCAGTAAAGGATGA,0,4812510
ygeY_predicted,0.1111111111111111,8,8,ATAGGGCGTGCATTTGCATT,0,4813540
ygeY_predicted,0.1111111111111111,8,8,ATACGGCCTGTACTGGTTCA,0,4805066
ygeY_predicted,0.1111111111111111,8,8,ATACCCTGAGCAGATGCCTA,0,4807068
ygeY_predicted,0.1111111111111111,8,8,AGTTGGAATTCTACACATTC,0,4812156
ygeY_predicted,0.1111111111111111,8,8,AGTTAATCCGTAAGGCTCGA,0,4806984
ygeY_predicted,0.1111111111111111,8,8,AGTGAGTCGGACTTAGTGGA,0,4796559
ygeY_predicted,0.1111111111111111,8,8,AGTGACACCTTTACCATGAG,0,4796648
ygeY_predicted,0.1111111111111111,8,8,AGTCTTCAGGTTGGCAGCGC,0,4796072
ygeY_predicted,0.1111111111111111,8,8,AGTCTCGGTTACAGCGGTTA,0,4814927
ygeY_predicted,0.1111111111111111,8,8,AGGGCGCGGGGCGACTGGAC,0,4795552
ygeY_predicted,0.1111111111111111,8,8,AGGGACATTCTGGGGTCGTA,0,4808172
ygeY_predicted,0.1111111111111111,8,8,AGGCTGATTGGAAGTGATAG,0,4799800
ygeY_predicted,0.1111111111111111,8,8,AGGATCTTGCAATCCTGCAT,0,4802611
ygeY_predicted,0.1111111111111111,8,8,AGCCGGGCGAGTTGCGCTAT,0,4811593
ygeY_predicted,0.1111111111111111,8,8,AGCATTTGTCAAGTTCTAGC,0,4811180
ygeY_predicted,0.1111111111111111,8,8,AGATCCGAAACGATTCCGAC,0,4795201
ygeY_predicted,0.1111111111111111,8,8,AGAGACCAATGGAGCGGGGT,0,4806722
ygeY_predicted,0.1111111111111111,8,8,AGAAGCCTACACTCAGACAG,0,4815124
ygeY_predicted,0.1111111111111111,8,8,ACTGTGTACTGCTGTACGGG,0,4808251
ygeY_predicted,0.1111111111111111,8,8,ACGTGTAATACACACGCAGT,0,4814548
ygeY_predicted,0.1111111111111111,8,8,ACGTGATCCCATATGGCCCT,0,4804316
ygeY_predicted,0.1111111111111111,8,8,ACGGCAACTTGTCATAGTTA,0,4803132
ygeY_predicted,0.1111111111111111,8,8,ACGCGCGGGATTCCACAGGA,0,4802813
ygeY_predicted,0.1111111111111111,8,8,ACGAGGGAGTTACACGACGC,0,4799293
ygeY_predicted,0.1111111111111111,8,8,ACCTGTCCAGGCCCGTGAAC,0,4809908
ygeY_predicted,0.1111111111111111,8,8,ACATTTGGGACCTAGATTTT,0,4803584
ygeY_predicted,0.1111111111111111,8,8,ACATCGGGAATGAGACGGTT,0,4812081
ygeY_predicted,0.1111111111111111,8,8,ACAGGTATGTTTTGTAACAC,0,4817058
ygeY_predicted,0.1111111111111111,8,8,ACACTGTCCCAAGTGCCATT,0,4795268
ygeY_predicted,0.1111111111111111,8,8,ACAAAGACAACTCTCGTCCA,0,4816025
ygeY_predicted,0.1111111111111111,8,8,AATCTTCCGGCTGGGCTGAT,0,4810990
ygeY_predicted,0.1111111111111111,8,8,AAGTGGGATCTTAATACTTC,0,4814652
ygeY_predicted,0.1111111111111111,8,8,AAGTCGTTCGAGGTACATCC,0,4801512
ygeY_predicted,0.1111111111111111,8,8,AAGGTAAGAAGGTTTGTCCT,0,4816459
ygeY_predicted,0.1111111111111111,8,8,AAGCTTATTGTAGGAACCAC,0,4800969
ygeY_predicted,0.1111111111111111,8,8,AACTCCTTTTCTTCGGCCTA,0,4799780
ygeY_predicted,0.1111111111111111,8,8,AACTAACCTAAGGTGTCGAT,0,4800424
ygeY_predicted,0.1111111111111111,8,8,AACGCACAGGCTACTGCCCC,0,4802437
ygeY_predicted,0.1111111111111111,8,8,AACACAGCAGTCTGGGACTT,0,4803063
ygeY_predicted,0.1111111111111111,8,8,AAAGGTGCGATCAGTTTAAA,0,4805665
ygeY_predicted,0.1111111111111111,8,8,AAACTCACATATTTTGTAGG,0,4810778
ygeY_predicted,0.125,7,7,TTTTGCCACTAGATGACTGT,0,4812015
ygeY_predicted,0.125,7,7,TTTTAACAATAGGATATGCA,0,4815533
ygeY_predicted,0.125,7,7,TTTCACCCCGAGGTAATTGA,0,4801293
ygeY_predicted,0.125,7,7,TTGGGGTGAATCCGCAGTTT,0,4805343
ygeY_predicted,0.125,7,7,TTGCCCAGCTCTAGATGTTT,0,4801830
ygeY_predicted,0.125,7,7,TTCGGGCATACTTGAACCAA,0,4795960
ygeY_predicted,0.125,7,7,TTCGCGCACGGGGTCAAGAG,0,4810279
ygeY_predicted,0.125,7,7,TTCATGTAAATTTAGTATAA,0,4796033
ygeY_predicted,0.125,7,7,TTATGGACTGATAAGACCCG,0,4795909
ygeY_predicted,0.125,7,7,TTATGCAAGTTGTCGTTACA,0,4798880
ygeY_predicted,0.125,7,7,TTAGGAGATGGCGACCTCAC,0,4804032
ygeY_predicted,0.125,7,7,TTACGATCACCATATTCGCA,0,4795625
ygeY_predicted,0.125,7,7,TTAAAGCACAGCGTATGTCA,0,4800972
ygeY_predicted,0.125,7,7,TGTTACTTTCATAAGAACGT,0,4796900
ygeY_predicted,0.125,7,7,TGTGTACACTTAATTACGTG,0,4799886
ygeY_predicted,0.125,7,7,TGTCCACTGAGCCCGCATTC,0,4794927
ygeY_predicted,0.125,7,7,TGTCAACCGGTCATCCGCGT,0,4807875
ygeY_predicted,0.125,7,7,TGGTGTCCTTCCTGCGTCAT,0,4807359
ygeY_predicted,0.125,7,7,TGGTGACCAGCACCTATTAC,0,4796614
ygeY_predicted,0.125,7,7,TGGCAGCTAGAGGTATAATC,0,4815343
ygeY_predicted,0.125,7,7,TGGAGACCGGATGACCAGTA,0,4807266
ygeY_predicted,0.125,7,7,TGGACCATCGGTTTCTCTGG,0,4796657
ygeY_predicted,0.125,7,7,TGGAAATCGTGCACCTGCAG,0,4799630
ygeY_predicted,0.125,7,7,TGCTTCTTTTAAACAGGTTC,0,4813748
ygeY_predicted,0.125,7,7,TGCGTATTCACGGCGTTCCC,0,4797591
ygeY_predicted,0.125,7,7,TGCATTAACAATGCATCTAG,0,4816216
ygeY_predicted,0.125,7,7,TGCAACTTTGTTTTGCACAC,0,4807762
ygeY_predicted,0.125,7,7,TGATTCAGCACATGGTCATC,0,4801455
ygeY_predicted,0.125,7,7,TGATTAGCTGGTCCAACTTG,0,4796993
ygeY_predicted,0.125,7,7,TGATGTGTCCGAATGCCTAT,0,4810159
ygeY_predicted,0.125,7,7,TGAGTTCCGCCCACGGCGAT,0,4798940
ygeY_predicted,0.125,7,7,TGACATTGCCAAAACGGGGG,0,4803027
ygeY_predicted,0.125,7,7,TGAACATATCCGAACACTCT,0,4795426
ygeY_predicted,0.125,7,7,TCTTAGAGCGGCCGGCCGGC,0,4805758
ygeY_predicted,0.125,7,7,TCTGGAATGACATAATACCC,0,4796505
ygeY_predicted,0.125,7,7,TCTGACGCATGGTCTATGTA,0,4799009
ygeY_predicted,0.125,7,7,TCTGAAATCTGGTCAGATAC,0,4802220
ygeY_predicted,0.125,7,7,TCTCTCCATTACAGTAGCCC,0,4804278
ygeY_predicted,0.125,7,7,TCTATAGGCCAACCAGCTCG,0,4805983
ygeY_predicted,0.125,7,7,TCGTTAGCGACTGAGACTTC,0,4794924
ygeY_predicted,0.125,7,7,TCGGGAGTCCTCGCTGGATC,0,4806746
ygeY_predicted,0.125,7,7,TCCGAACCCGCAACCCAAAC,0,4810069
ygeY_predicted,0.125,7,7,TCCCCGTTGCGGGCGAATCC,0,4809319
ygeY_predicted,0.125,7,7,TCCAGGCTTATTCCGGCCTA,0,4805332
ygeY_predicted,0.125,7,7,TCACGGCCCACAATCGGTCT,0,4812284
ygeY_predicted,0.125,7,7,TCACCTGTTTATGCGTGGGT,0,4806835
ygeY_predicted,0.125,7,7,TCACCGTCCGCTTTCAAGGA,0,4809205
ygeY_predicted,0.125,7,7,TCACATCTGGAGTCTCCGGT,0,4813330
ygeY_predicted,0.125,7,7,TCACATCCAACTTCGTCTAT,0,4808555
ygeY_predicted,0.125,7,7,TCAATTGGGTCTACCAGAAG,0,4812946
ygeY_predicted,0.125,7,7,TATTGTGCCGTTATTGCGTT,0,4796263
ygeY_predicted,0.125,7,7,TATCGCCATGATATGTTCGA,0,4812046
ygeY_predicted,0.125,7,7,TATCCCACCTTTTCGTCGTA,0,4813947
ygeY_predicted,0.125,7,7,TAGTCATCATTTAAACCAGC,0,4811544
ygeY_predicted,0.125,7,7,TACTCCGGATCCAGGAACGG,0,4801236
ygeY_predicted,0.125,7,7,TACGTGGCTACGGTGGCATT,0,4804996
ygeY_predicted,0.125,7,7,TACGGTTACCACAGTTACCT,0,4797334
ygeY_predicted,0.125,7,7,TACCGTGGCTATTCTCGGTT,0,4811049
ygeY_predicted,0.125,7,7,TACACTAGGAGGGCTAATTT,0,4812153
ygeY_predicted,0.125,7,7,TACACGGTGCAGCCCGTCAA,0,4807971
ygeY_predicted,0.125,7,7,TAATTAATAGACCACGATAA,0,4811269
ygeY_predicted,0.125,7,7,TAATGCTACTTACCTACGGC,0,4799588
ygeY_predicted,0.125,7,7,TAAGCGACGGCGTCATTCCC,0,4804880
ygeY_predicted,0.125,7,7,TAAGAGGACCGAACGACCTC,0,4808470
ygeY_predicted,0.125,7,7,TAAATACTTACGCCTCGCGC,0,4813450
ygeY_predicted,0.125,7,7,TAAAGAAAAGGTATGGAAAT,0,4808472
ygeY_predicted,0.125,7,7,TAAACGCACGTAGTGGCCCA,0,4801912
ygeY_predicted,0.125,7,7,GTTTGTTGCGGGGAAATCGA,0,4801662
ygeY_predicted,0.125,7,7,GTTGGATCTATTTACCTGTG,0,4815186
ygeY_predicted,0.125,7,7,GTTGGACAGAATAAGACAGT,0,4809836
ygeY_predicted,0.125,7,7,GTTCGGCAGGTCGGGCTTAC,0,4803999
ygeY_predicted,0.125,7,7,GTTCCTAGACCGCGCCACTG,0,4809298
ygeY_predicted,0.125,7,7,GTTATGTACTACAAGCAGAT,0,4813660
ygeY_predicted,0.125,7,7,GTTATCGGGGTTGTCATAGT,0,4797442
ygeY_predicted,0.125,7,7,GTTATAGCCCGCGCCCTAGG,0,4795395
ygeY_predicted,0.125,7,7,GTTACCTTGATGAAAGTGAT,0,4813392
ygeY_predicted,0.125,7,7,GTTACAGGAGGATCGGCGTA,0,4804675
ygeY_predicted,0.125,7,7,GTGTTGTCATTAGCATCCCG,0,4806341
ygeY_predicted,0.125,7,7,GTGCACCAAGCACCAGTCCT,0,4805277
ygeY_predicted,0.125,7,7,GTGCAATTGGGCTTTATGTC,0,4795573
ygeY_predicted,0.125,7,7,GTGAGGCGGCTCGACCTGAC,0,4799570
ygeY_predicted,0.125,7,7,GTCTTGGGTTACAAGCGGGT,0,4805317
ygeY_predicted,0.125,7,7,GTCTGCAGCAGGGCCTGGGT,0,4803398
ygeY_predicted,0.125,7,7,GTCGTTGCCTGTTCACGGAC,0,4806106
ygeY_predicted,0.125,7,7,GTCGATCATTCAAGTGCGCC,0,4804003
ygeY_predicted,0.125,7,7,GTCGAGCAGATCGGCGTGTT,0,4800796
ygeY_predicted,0.125,7,7,GTCAGGTACTGCAATTTGTT,0,4800281
ygeY_predicted,0.125,7,7,GTCACGCCCCTTATATAAAT,0,4811077
ygeY_predicted,0.125,7,7,GTATCCCGGAGCTGCTTTAG,0,4802956
ygeY_predicted,0.125,7,7,GTAGACTACGCATTCGTATT,0,4804230
ygeY_predicted,0.125,7,7,GTAAGGCTATTAACACACGA,0,4811542
ygeY_predicted,0.125,7,7,GGTCCCAATAATCCGCACTG,0,4800741
ygeY_predicted,0.125,7,7,GGTAGTGAACCGTAGGGAAT,0,4797953
ygeY_predicted,0.125,7,7,GGGTATCGATTAGGTTCATT,0,4807761
ygeY_predicted,0.125,7,7,GGGTAATCGGTCGGAGAAGT,0,4798292
ygeY_predicted,0.125,7,7,GGGGTCCAATGTGAATAATG,0,4803227
ygeY_predicted,0.125,7,7,GGGCCGGTCTACCAGAAGCC,0,4803418
ygeY_predicted,0.125,7,7,GGGCATCTCCTGTTGGAATG,0,4816807
ygeY_predicted,0.125,7,7,GGGCACGGGGCATTCCAGGA,0,4797047
ygeY_predicted,0.125,7,7,GGCTAGATGAACTATTAATG,0,4804790
ygeY_predicted,0.125,7,7,GGCGCTAGGATAAATCCGTT,0,4810787
ygeY_predicted,0.125,7,7,GGCAGTCCTTCCGTATGTCG,0,4795984
ygeY_predicted,0.125,7,7,GGACTCCATGTAATCGCATT,0,4808559
ygeY_predicted,0.125,7,7,GGAACAAGGGCTCACGGTAC,0,4797609
ygeY_predicted,0.125,7,7,GCTTTTACAAGGCGGAGCGT,0,4798699
ygeY_predicted,0.125,7,7,GCTTGGACGTCCAATAAACC,0,4811756
ygeY_predicted,0.125,7,7,GCTGGATGAACACTCTAGAT,0,4800816
ygeY_predicted,0.125,7,7,GCTCTTTCGACTCCAGCTGA,0,4805024
ygeY_predicted,0.125,7,7,GCTCCAACGTCCACTACTGA,0,4798810
ygeY_predicted,0.125,7,7,GCTAATGGACATCTGAACTG,0,4807031
ygeY_predicted,0.125,7,7,GCGTGATGTCAAGTCACCAT,0,4812436
ygeY_predicted,0.125,7,7,GCGGGTATGCTCGATTGATG,0,4802382
ygeY_predicted,0.125,7,7,GCGCGTTGGTCCTAGTACCA,0,4795273
ygeY_predicted,0.125,7,7,GCCCTTACGCGGTTATGTGT,0,4802387
ygeY_predicted,0.125,7,7,GCCCACTTTTTCGAGCTCGT,0,4812339
ygeY_predicted,0.125,7,7,GCCACACCCAAGCAGAACCA,0,4797312
ygeY_predicted,0.125,7,7,GCATCCAGCGTCTTCCGTCT,0,4809666
ygeY_predicted,0.125,7,7,GCACGTCAGGAATCTGTTGC,0,4800419
ygeY_predicted,0.125,7,7,GCAAGGTAACGCCCGGGAGA,0,4810943
ygeY_predicted,0.125,7,7,GCAAATGGGTGCCTGGCGTT,0,4798500
ygeY_predicted,0.125,7,7,GATTCGAGTCAAGTTCCACA,0,4797349
ygeY_predicted,0.125,7,7,GATCCTCACACAAGAAAGGT,0,4813047
ygeY_predicted,0.125,7,7,GATCCGTCTACAGACACTTA,0,4803963
ygeY_predicted,0.125,7,7,GATCCGATCCGCACATCGTT,0,4816501
ygeY_predicted,0.125,7,7,GATCCCCATTAATCGAACTC,0,4812694
ygeY_predicted,0.125,7,7,GAGGTCGATGATCGATGATG,0,4812662
ygeY_predicted,0.125,7,7,GAGGGGCATCGTGGGGGAAT,0,4801267
ygeY_predicted,0.125,7,7,GAGCGATCAAGGGAATCAAG,0,4813662
ygeY_predicted,0.125,7,7,GACTAGCGCTATATCATTAA,0,4801831
ygeY_predicted,0.125,7,7,GACGTGTCCGCGCTAGCCAA,0,4807876
ygeY_predicted,0.125,7,7,GACGTGACGGTAGCACAAAG,0,4807730
ygeY_predicted,0.125,7,7,GACGCGCGCGGGTATGTGGT,0,4796550
ygeY_predicted,0.125,7,7,GACAAGTGCTTAGTGCGTAC,0,4798300
ygeY_predicted,0.125,7,7,GAATTTCACTTAACACGCAG,0,4807947
ygeY_predicted,0.125,7,7,GAATCGGTAAGTAGTACCCA,0,4804927
ygeY_predicted,0.125,7,7,GAACTGCGTGTACACATACC,0,4798535
ygeY_predicted,0.125,7,7,GAACCTACACCCGTAAGAAG,0,4801370
ygeY_predicted,0.125,7,7,GAACATAGAATAATAGGTAT,0,4807847
ygeY_predicted,0.125,7,7,CTTGCTACCCACCGGTAGCT,0,4809242
ygeY_predicted,0.125,7,7,CTTCGCTGGCTTCTCCATAC,0,4806880
ygeY_predicted,0.125,7,7,CTGTCAGTTTAGGAGGTTCA,0,4801308
ygeY_predicted,0.125,7,7,CTGGCCGAGCTGAAAGATCC,0,4795827
ygeY_predicted,0.125,7,7,CTGGACCGGGCGTAGCTTCA,0,4813140
ygeY_predicted,0.125,7,7,CTCTTTCAGACGCCAGTCGC,0,4802012
ygeY_predicted,0.125,7,7,CTAGCTTTGCGGATGGGAGC,0,4801981
ygeY_predicted,0.125,7,7,CGTTTCCATTTCGCCAGGGA,0,4812454
ygeY_predicted,0.125,7,7,CGTTCACGCTAGATAATCAT,0,4796262
ygeY_predicted,0.125,7,7,CGTGTTGTGATCCAATTTTT,0,4809450
ygeY_predicted,0.125,7,7,CGTCGTGCAGCGGCTCAATA,0,4812372
ygeY_predicted,0.125,7,7,CGTCCTCGTTCGATGTCCGT,0,4804169
ygeY_predicted,0.125,7,7,CGGTTACACTCTTGCCACAG,0,4811658
ygeY_predicted,0.125,7,7,CGGTCAAAGGTGTAGTGAGG,0,4807948
ygeY_predicted,0.125,7,7,CGGTATCGTCGCTGCAGATG,0,4804830
ygeY_predicted,0.125,7,7,CGGGTTTTTGAATTCAAATT,0,4795796
ygeY_predicted,0.125,7,7,CGGGGGTTTTATGGAGTTGA,0,4800282
ygeY_predicted,0.125,7,7,CGGCAAGATGCCCAGAATTC,0,4810265
ygeY_predicted,0.125,7,7,CGGAGCGAGTTCGCCGAAGG,0,4804495
ygeY_predicted,0.125,7,7,CGCTGTGCTTTTGAACCTAT,0,4808791
ygeY_predicted,0.125,7,7,CGCTCTGGCCTTTTGCTCTT,0,4802357
ygeY_predicted,0.125,7,7,CGCTACGTGATACTAGGACC,0,4811380
ygeY_predicted,0.125,7,7,CGCGCTCGGATTGGCTTAGA,0,4796524
ygeY_predicted,0.125,7,7,CGCGAATTGTGTAGCAACTG,0,4807551
ygeY_predicted,0.125,7,7,CGCCAACAAGTAGGATCGGA,0,4816350
ygeY_predicted,0.125,7,7,CGCAAAACCATCATTAGAGG,0,4808736
ygeY_predicted,0.125,7,7,CGATTAAATCGTATAAATTT,0,4808683
ygeY_predicted,0.125,7,7,CGATCCCGCGATCCGTTCTC,0,4801845
ygeY_predicted,0.125,7,7,CGAGGAAATGACGGGACTAC,0,4797796
ygeY_predicted,0.125,7,7,CGAGAATCTTTATGAAAGGT,0,4803543
ygeY_predicted,0.125,7,7,CGACAATACTAAGGGTCTCG,0,4804836
ygeY_predicted,0.125,7,7,CCTCTCCCAGAGTAACTCAG,0,4802835
ygeY_predicted,0.125,7,7,CCTAAGGACGGAAAGACAGT,0,4799186
ygeY_predicted,0.125,7,7,CCGTGAGCTTACTAACCTAG,0,4812567
ygeY_predicted,0.125,7,7,CCGTATTCGTAAGTATCCGA,0,4801655
ygeY_predicted,0.125,7,7,CCGGATGGGCGCCATCTAGG,0,4813067
ygeY_predicted,0.125,7,7,CCGCGTTCCCTAAGCGTATT,0,4809907
ygeY_predicted,0.125,7,7,CCGCGATACGTGTCTTCCGG,0,4811641
ygeY_predicted,0.125,7,7,CCGATGTCGGCATTTCTACT,0,4802764
ygeY_predicted,0.125,7,7,CCGACGTTGACGGTCATAAT,0,4803259
ygeY_predicted,0.125,7,7,CCCGTTCGAGCGTGGATCAG,0,4805182
ygeY_predicted,0.125,7,7,CCCCGACGCCCCGGGGGGTT,0,4805999
ygeY_predicted,0.125,7,7,CCCCCTCTTAGTGAGTCCGG,0,4808484
ygeY_predicted,0.125,7,7,CCCAGGCTGGCAACTGTTCA,0,4799460
ygeY_predicted,0.125,7,7,CCCACCACCGAACTGTATGC,0,4801085
ygeY_predicted,0.125,7,7,CCCAAAGTTTCAGATCATAA,0,4812163
ygeY_predicted,0.125,7,7,CCATATGCAAATTCGCTCGG,0,4796769
ygeY_predicted,0.125,7,7,CCATAGAGCAGGAGAGACCG,0,4805330
ygeY_predicted,0.125,7,7,CCAGCATAATTAAATTACTG,0,4810810
ygeY_predicted,0.125,7,7,CCACTGGACATGGTGCCTTG,0,4805062
ygeY_predicted,0.125,7,7,CCACGCCGACCATTGGAGAC,0,4808556
ygeY_predicted,0.125,7,7,CCAATTCGTTTGAGGCTTGT,0,4812043
ygeY_predicted,0.125,7,7,CCAAGCGTGCTGCATTAGGC,0,4809180
ygeY_predicted,0.125,7,7,CATTTGTCTATTGACCCACT,0,4802756
ygeY_predicted,0.125,7,7,CATTATCACGGCACAGTGCA,0,4805023
ygeY_predicted,0.125,7,7,CATGTCGCGTCGCGATGCTA,0,4797532
ygeY_predicted,0.125,7,7,CATGCCAATTTAAAAAAGTA,0,4802774
ygeY_predicted,0.125,7,7,CATGCATTAGCCTTGGTACT,0,4807886
ygeY_predicted,0.125,7,7,CATCTAATATTCATTGGACT,0,4805209
ygeY_predicted,0.125,7,7,CATCGGATAACCTTAAACAA,0,4794988
ygeY_predicted,0.125,7,7,CAGCTCCTACCCTTGTAGAT,0,4798966
ygeY_predicted,0.125,7,7,CAGCAATTCCTTTTAAGACA,0,4801431
ygeY_predicted,0.125,7,7,CAGAGTTTGGATCCTCGTTT,0,4807963
ygeY_predicted,0.125,7,7,CAGACAGGTAGAGAAACTTG,0,4797392
ygeY_predicted,0.125,7,7,CAGAAATCTGTCGCGACAAG,0,4798848
ygeY_predicted,0.125,7,7,CACATTTCTGGGCAGGGCCA,0,4798368
ygeY_predicted,0.125,7,7,CACATATCCTCCGACCGTTC,0,4798793
ygeY_predicted,0.125,7,7,CAACGGATTTATTCTCACTA,0,4802630
ygeY_predicted,0.125,7,7,CAAAGCGTCATCGGTCAGGA,0,4813034
ygeY_predicted,0.125,7,7,CAAACGATCGAATTTTAGTG,0,4816058
ygeY_predicted,0.125,7,7,ATTTCGATCATGATGCTGTT,0,4801773
ygeY_predicted,0.125,7,7,ATTTAGTAAGACCCATGCGC,0,4806230
ygeY_predicted,0.125,7,7,ATTTAAGTAGGGGGCCGAGC,0,4805293
ygeY_predicted,0.125,7,7,ATTGCGGCCTAGCAGACGGG,0,4803253
ygeY_predicted,0.125,7,7,ATTCTTTCTAGAGGCATTCA,0,4813635
ygeY_predicted,0.125,7,7,ATTACCCGGCCACCGTGTCA,0,4804888
ygeY_predicted,0.125,7,7,ATGTGTTCCCGTCGGATAAG,0,4798237
ygeY_predicted,0.125,7,7,ATGTAACACTAAACGTCCTT,0,4802497
ygeY_predicted,0.125,7,7,ATGGCGCAGGTTTGCGGCTG,0,4809085
ygeY_predicted,0.125,7,7,ATGAGGTGATGCCAGACGCA,0,4802733
ygeY_predicted,0.125,7,7,ATGAACTTCCAACCGCTTTT,0,4802271
ygeY_predicted,0.125,7,7,ATCGCCGCTAACGGTTCGTA,0,4800882
ygeY_predicted,0.125,7,7,ATCCCACGTTCCCCATACAT,0,4802570
ygeY_predicted,0.125,7,7,ATATGGCTAGTGGTAGGTGA,0,4811344
ygeY_predicted,0.125,7,7,ATAGGCGAGAGCATCTGCAA,0,4815233
ygeY_predicted,0.125,7,7,ATAAGGCGCGAATGGCGTGA,0,4809924
ygeY_predicted,0.125,7,7,ATAACCGCTCGTTCGCAGTT,0,4795195
ygeY_predicted,0.125,7,7,ATAAATCAGATCTCCCGGAT,0,4798900
ygeY_predicted,0.125,7,7,AGTCGATTACGAAGATGAGC,0,4796799
ygeY_predicted,0.125,7,7,AGGTCGCCCAACCCAGGGCT,0,4798927
ygeY_predicted,0.125,7,7,AGGTATGACCAGAATTCGTA,0,4804760
ygeY_predicted,0.125,7,7,AGGGGTCGCTGTCAAAAGCT,0,4804782
ygeY_predicted,0.125,7,7,AGGGCCAAGGCAGAGAGTCA,0,4807517
ygeY_predicted,0.125,7,7,AGCTTTGGAAGGTGATGCTA,0,4795676
ygeY_predicted,0.125,7,7,AGCCCGATCCGAAAGATAGT,0,4806101
ygeY_predicted,0.125,7,7,AGCAGTGGCACAGCATGAGT,0,4806666
ygeY_predicted,0.125,7,7,AGATACGAACAGATAGGAGT,0,4812032
ygeY_predicted,0.125,7,7,AGAGTAATGCTGCATGTACA,0,4803522
ygeY_predicted,0.125,7,7,AGAGGGAGCAATTGGGCGAA,0,4795539
ygeY_predicted,0.125,7,7,AGAATGCCAAGGCGAGTTAG,0,4801235
ygeY_predicted,0.125,7,7,ACTGTCAGTTCGATTTCTCA,0,4802637
ygeY_predicted,0.125,7,7,ACTGGTATGATTATTCCCGA,0,4799378
ygeY_predicted,0.125,7,7,ACTGGCAAAGTCGATCTGGA,0,4796856
ygeY_predicted,0.125,7,7,ACTGGACCGCTCGGGTTAAT,0,4814864
ygeY_predicted,0.125,7,7,ACTGCATTTCCTCCGGTTCA,0,4800314
ygeY_predicted,0.125,7,7,ACTCCAAGGGCAGTTTTGCT,0,4807386
ygeY_predicted,0.125,7,7,ACGGACCATGGAGGTACCGA,0,4805515
ygeY_predicted,0.125,7,7,ACGCGGACGTCCTAACGGGA,0,4805313
ygeY_predicted,0.125,7,7,ACGATGATAAAGAGAGATTC,0,4810892
ygeY_predicted,0.125,7,7,ACCTGGCCTCGCAACTTTAC,0,4806308
ygeY_predicted,0.125,7,7,ACCTGAGCCGGATCAAAATA,0,4803173
ygeY_predicted,0.125,7,7,ACCGCGGTGTATAAAAATGC,0,4796975
ygeY_predicted,0.125,7,7,ACATGACCTGTGCTCTTCGC,0,4814840
ygeY_predicted,0.125,7,7,ACATCCAGTCACACAGAGAA,0,4813949
ygeY_predicted,0.125,7,7,ACAGATGAGAATTAGAAAGC,0,4812338
ygeY_predicted,0.125,7,7,ACACTTTCTTAATGGACGGT,0,4803882
ygeY_predicted,0.125,7,7,ACAATGTTTTCTGATAGCCA,0,4800054
ygeY_predicted,0.125,7,7,ACAACTGATTATCCATGCTA,0,4795115
ygeY_predicted,0.125,7,7,AATTTTATAATTTCTCTTGT,0,4806860
ygeY_predicted,0.125,7,7,AATGTTTGGTTGGTTCGGGT,0,4796178
ygeY_predicted,0.125,7,7,AATCGAACGGGTATGATGTA,0,4815964
ygeY_predicted,0.125,7,7,AATATTTAATGTACGGTCCG,0,4807513
ygeY_predicted,0.125,7,7,AAGTTCACGCCTAGGACTCA,0,4812224
ygeY_predicted,0.125,7,7,AAGGACTTTTTACAAACGAA,0,4803895
ygeY_predicted,0.125,7,7,AAGCATGCCGCGCCTCACAC,0,4795766
ygeY_predicted,0.125,7,7,AAGAGCTCGAGGGATTGGCA,0,4798179
ygeY_predicted,0.125,7,7,AAGAAGTTTGCATCCCTGAC,0,4813354
ygeY_predicted,0.125,7,7,AACTAGGGCGCAGGTTCATG,0,4807759
ygeY_predicted,0.125,7,7,AACGGCCATTACTCGAGTAC,0,4808870
ygeY_predicted,0.125,7,7,AACCATGCAGGATAACCAAG,0,4797172
ygeY_predicted,0.125,7,7,AACAGGCCCGTCTAGTTGTT,0,4797115
ygeY_predicted,0.125,7,7,AACACTAGGAAGGATGACTC,0,4798412
ygeY_predicted,0.125,7,7,AAATACTGCACGAGTAGATA,0,4812909
ygeY_predicted,0.125,7,7,AAAGTATACCGCAGGCGGTT,0,4807153
ygeY_predicted,0.14285714285714285,6,6,TTTTCTAGACCACCTCGAGA,0,4806617
ygeY_predicted,0.14285714285714285,6,6,TTTGATTACGCCCCGTACAT,0,4807214
ygeY_predicted,0.14285714285714285,6,6,TTTCTCAGGTATTTTACGGG,0,4803902
ygeY_predicted,0.14285714285714285,6,6,TTTCTCAGAATGCAACCCCA,0,4801705
ygeY_predicted,0.14285714285714285,6,6,TTTCGAGGTCTGGGAGCGAC,0,4798199
ygeY_predicted,0.14285714285714285,6,6,TTTAACCGACTGCGGTTTAC,0,4799637
ygeY_predicted,0.14285714285714285,6,6,TTGTGAGTCCTCCATGCCAT,0,4808786
ygeY_predicted,0.14285714285714285,6,6,TTGGTCCTAAAAACGCATTT,0,4812855
ygeY_predicted,0.14285714285714285,6,6,TTGCCTCGCATTGTTACGGT,0,4794922
ygeY_predicted,0.14285714285714285,6,6,TTGCCCGGGTAAAATAGAAC,0,4803930
ygeY_predicted,0.14285714285714285,6,6,TTGAGGTCACGTTAACTTGG,0,4804428
ygeY_predicted,0.14285714285714285,6,6,TTCTGCAGACGTCTCCGCCA,0,4802666
ygeY_predicted,0.14285714285714285,6,6,TTCTCAGGATAATCCATAAG,0,4814151
ygeY_predicted,0.14285714285714285,6,6,TTCGTATCATGGAGAGTCGC,0,4801265
ygeY_predicted,0.14285714285714285,6,6,TTCGATCCAGTTGTTTCGGG,0,4813370
ygeY_predicted,0.14285714285714285,6,6,TTCATGGAGCGCCGGCCGCG,0,4795869
ygeY_predicted,0.14285714285714285,6,6,TTATTTTAGCCTGAGGTGGC,0,4810459
ygeY_predicted,0.14285714285714285,6,6,TTATCGTGAGTCTTCACGTT,0,4807626
ygeY_predicted,0.14285714285714285,6,6,TTAGGGGGATCTGCCATTGC,0,4802119
ygeY_predicted,0.14285714285714285,6,6,TTACGTCATCACCTCCGTTC,0,4809030
ygeY_predicted,0.14285714285714285,6,6,TTAATGGAATTTTATGTGGA,0,4799931
ygeY_predicted,0.14285714285714285,6,6,TGTTGTAAAGCCCATAAACT,0,4812625
ygeY_predicted,0.14285714285714285,6,6,TGTGCGTCGGAGGACACGGA,0,4797758
ygeY_predicted,0.14285714285714285,6,6,TGTGATTTGCCCGCATCTGT,0,4817059
ygeY_predicted,0.14285714285714285,6,6,TGTGAGGCTCGATTTATCAT,0,4807834
ygeY_predicted,0.14285714285714285,6,6,TGTCTTGAATGTTTCACGTA,0,4795658
ygeY_predicted,0.14285714285714285,6,6,TGTCTAAGGGTACTTTACAT,0,4805565
ygeY_predicted,0.14285714285714285,6,6,TGTAGAGCGCACCTTAGTTC,0,4809271
ygeY_predicted,0.14285714285714285,6,6,TGGGTGGGGTGTATTATGGT,0,4803152
ygeY_predicted,0.14285714285714285,6,6,TGGGCGCTGCGCATGCCAAA,0,4804288
ygeY_predicted,0.14285714285714285,6,6,TGGGCCGGGCGGCGAAAGCT,0,4806528
ygeY_predicted,0.14285714285714285,6,6,TGGGACAATTCGCCTCTTGA,0,4805416
ygeY_predicted,0.14285714285714285,6,6,TGGCGGAAGCGTACGAGACT,0,4804114
ygeY_predicted,0.14285714285714285,6,6,TGGCGCATAGGCGTGAGCAA,0,4810749
ygeY_predicted,0.14285714285714285,6,6,TGGCCTGCTCGAGTAGCTCT,0,4799626
ygeY_predicted,0.14285714285714285,6,6,TGGATTGCCGACCACTGACG,0,4806431
ygeY_predicted,0.14285714285714285,6,6,TGGATGGCTTGCTCTGTGGA,0,4807519
ygeY_predicted,0.14285714285714285,6,6,TGCTCACGGGTGGGGGGAAA,0,4803184
ygeY_predicted,0.14285714285714285,6,6,TGCGGCCTTCTTAGCCAGTG,0,4800320
ygeY_predicted,0.14285714285714285,6,6,TGCCTAAGTTCCGATTTGGC,0,4805918
ygeY_predicted,0.14285714285714285,6,6,TGCACCCATAGGCGCGCCCC,0,4813530
ygeY_predicted,0.14285714285714285,6,6,TGATGGCGGTAGCAGCGCCC,0,4797493
ygeY_predicted,0.14285714285714285,6,6,TGATCGTGTGTATTATATCT,0,4802405
ygeY_predicted,0.14285714285714285,6,6,TGAGTTGGCCACATCGTCTA,0,4812456
ygeY_predicted,0.14285714285714285,6,6,TGAGGGGTCAGTTGAAACCC,0,4809521
ygeY_predicted,0.14285714285714285,6,6,TGACACAACCTTTAGGACGT,0,4801517
ygeY_predicted,0.14285714285714285,6,6,TGAAGAGGTGATCCGCTATC,0,4812292
ygeY_predicted,0.14285714285714285,6,6,TCTTTCACCCAGGCGCGCAA,0,4804246
ygeY_predicted,0.14285714285714285,6,6,TCTCTGCATACAGTTATCTA,0,4802301
ygeY_predicted,0.14285714285714285,6,6,TCTCAGGCTGGGCGTCCTCG,0,4805349
ygeY_predicted,0.14285714285714285,6,6,TCTATGTAAGTGCAGTTTTC,0,4806782
ygeY_predicted,0.14285714285714285,6,6,TCGTCGCACTCCCATGCAAA,0,4805243
ygeY_predicted,0.14285714285714285,6,6,TCGTAAATATCCATGAGTGT,0,4799036
ygeY_predicted,0.14285714285714285,6,6,TCGGCGCTACAAGACAGGAG,0,4795936
ygeY_predicted,0.14285714285714285,6,6,TCGCCAACTCCGCAGCACCA,0,4806351
ygeY_predicted,0.14285714285714285,6,6,TCCTGACTCGAAATAGGAGT,0,4806319
ygeY_predicted,0.14285714285714285,6,6,TCCGCGGTAATTTCTTCCGA,0,4797237
ygeY_predicted,0.14285714285714285,6,6,TCCCTTACACGCGTGCTTAT,0,4801750
ygeY_predicted,0.14285714285714285,6,6,TCCAGCGTCCGTTTTTATAT,0,4798026
ygeY_predicted,0.14285714285714285,6,6,TCCAAGCTTCGTGCAGCTAC,0,4795086
ygeY_predicted,0.14285714285714285,6,6,TCAGGGTGGGCTTTGTACCT,0,4808460
ygeY_predicted,0.14285714285714285,6,6,TCACTATCAAATAATCCTCC,0,4804841
ygeY_predicted,0.14285714285714285,6,6,TCAAGGCCGAAATACCCTGA,0,4797999
ygeY_predicted,0.14285714285714285,6,6,TCAAGCGGCCATTTAGTCGT,0,4795020
ygeY_predicted,0.14285714285714285,6,6,TATTGCAACGGTGTCCCATC,0,4810353
ygeY_predicted,0.14285714285714285,6,6,TATCTGAGGGAGGAATCGTT,0,4802038
ygeY_predicted,0.14285714285714285,6,6,TATACACGAAGTGGAATCAG,0,4799815
ygeY_predicted,0.14285714285714285,6,6,TAGGTTAACATGTCTGCGTG,0,4816619
ygeY_predicted,0.14285714285714285,6,6,TAGCCCACCGAACGCGGTAT,0,4811349
ygeY_predicted,0.14285714285714285,6,6,TAGATTACCTGTATTCCTAA,0,4799430
ygeY_predicted,0.14285714285714285,6,6,TAGAAAGCGGCAATGGATAT,0,4806844
ygeY_predicted,0.14285714285714285,6,6,TACGTCGAGTACGAGTATCT,0,4805583
ygeY_predicted,0.14285714285714285,6,6,TACGATAGCCGGCGGCCAGT,0,4799919
ygeY_predicted,0.14285714285714285,6,6,TACCGCGATGATGGTCATGT,0,4810748
ygeY_predicted,0.14285714285714285,6,6,TAAGGCAGTATGGGATCCAA,0,4814813
ygeY_predicted,0.14285714285714285,6,6,TAAGCGTTGGGTGTCGACAG,0,4804448
ygeY_predicted,0.14285714285714285,6,6,TAACAGTGAAACGGGGCTCT,0,4794947
ygeY_predicted,0.14285714285714285,6,6,GTTTTACGGGGCGTTGAAGA,0,4797917
ygeY_predicted,0.14285714285714285,6,6,GTTTTAACCCATTCGTTGGT,0,4805981
ygeY_predicted,0.14285714285714285,6,6,GTTTGAGATACCTTCTTTAG,0,4795718
ygeY_predicted,0.14285714285714285,6,6,GTTCTGCACCCACTCGGCAT,0,4810467
ygeY_predicted,0.14285714285714285,6,6,GTTAGATATGTGTACATGAT,0,4812263
ygeY_predicted,0.14285714285714285,6,6,GTGTTATCTCAGGGTCGCCC,0,4798336
ygeY_predicted,0.14285714285714285,6,6,GTGGGGGGCGGGCTGGTCGG,0,4798435
ygeY_predicted,0.14285714285714285,6,6,GTGGCAAAGTTGGTCGGTAT,0,4802883
ygeY_predicted,0.14285714285714285,6,6,GTGGAGACGATTCAACTGAG,0,4799116
ygeY_predicted,0.14285714285714285,6,6,GTGATAGGGGCATCTTATAG,0,4806595
ygeY_predicted,0.14285714285714285,6,6,GTCGCAAAGATTGATCCTGA,0,4803323
ygeY_predicted,0.14285714285714285,6,6,GTCCTGTGGCTAGCTGTCGA,0,4810475
ygeY_predicted,0.14285714285714285,6,6,GTCACAGTTCAGGATTCGCG,0,4803051
ygeY_predicted,0.14285714285714285,6,6,GTCAAAAGACTTACAATCTG,0,4807816
ygeY_predicted,0.14285714285714285,6,6,GTAGTGGATCGGGCGGGCAG,0,4798641
ygeY_predicted,0.14285714285714285,6,6,GTAGCGCAAGTTTTTAGAGA,0,4795406
ygeY_predicted,0.14285714285714285,6,6,GTACTCATACCGAAGTTTAG,0,4808999
ygeY_predicted,0.14285714285714285,6,6,GTACCAGGTGACCGTATAGT,0,4808407
ygeY_predicted,0.14285714285714285,6,6,GTAATGATCACGGTTACAGT,0,4803010
ygeY_predicted,0.14285714285714285,6,6,GGTTGACATTCCCTAGATCA,0,4798835
ygeY_predicted,0.14285714285714285,6,6,GGTGTGTATGGAAACCGGAC,0,4806097
ygeY_predicted,0.14285714285714285,6,6,GGTCCACCCCACGTGATCGG,0,4805217
ygeY_predicted,0.14285714285714285,6,6,GGTCATGGAAGAGTAAGCTA,0,4799258
ygeY_predicted,0.14285714285714285,6,6,GGTCAGGCCATAAGCGGCAA,0,4813790
ygeY_predicted,0.14285714285714285,6,6,GGGTTGAGAACATAGCGGGT,0,4806163
ygeY_predicted,0.14285714285714285,6,6,GGGTTGAACCTTATGACCGT,0,4811426
ygeY_predicted,0.14285714285714285,6,6,GGGTTATCGCGGAGGTTACT,0,4795492
ygeY_predicted,0.14285714285714285,6,6,GGGTAGATGTGGCTTGATAC,0,4813349
ygeY_predicted,0.14285714285714285,6,6,GGGTACTGATGATGTGAGAT,0,4806138
ygeY_predicted,0.14285714285714285,6,6,GGGGATCGGGCAGAATGGGG,0,4813183
ygeY_predicted,0.14285714285714285,6,6,GGGAATGCACGTCATCACCT,0,4799495
ygeY_predicted,0.14285714285714285,6,6,GGCGTTTCGTGCTATTGTGC,0,4799882
ygeY_predicted,0.14285714285714285,6,6,GGCCTTGACTTCTAGCCTAC,0,4801567
ygeY_predicted,0.14285714285714285,6,6,GGCCGTACCGCACCCAGCGA,0,4813763
ygeY_predicted,0.14285714285714285,6,6,GGCCGGCAACTAAAGACTTT,0,4809142
ygeY_predicted,0.14285714285714285,6,6,GGATTCATGTAAGCATAGCG,0,4813617
ygeY_predicted,0.14285714285714285,6,6,GGAGTTCAACATGCAAGGGT,0,4801889
ygeY_predicted,0.14285714285714285,6,6,GGAGAGTATGGCGGGCGTTC,0,4811415
ygeY_predicted,0.14285714285714285,6,6,GGACGCAAGTCACTTTGCTA,0,4815582
ygeY_predicted,0.14285714285714285,6,6,GGACCGTTGTCTAGTTTCGT,0,4804589
ygeY_predicted,0.14285714285714285,6,6,GGACCCGTCGCTAATTCTAG,0,4800638
ygeY_predicted,0.14285714285714285,6,6,GCTTCTATATGTACCGGGGA,0,4799166
ygeY_predicted,0.14285714285714285,6,6,GCTGCCTCACGTTCTGCTGT,0,4810830
ygeY_predicted,0.14285714285714285,6,6,GCTCTAGGCGCGTAAATGGT,0,4798463
ygeY_predicted,0.14285714285714285,6,6,GCTCCTATCAAATTTCTAAT,0,4807995
ygeY_predicted,0.14285714285714285,6,6,GCTCCATCCCACACTGTAGG,0,4799477
ygeY_predicted,0.14285714285714285,6,6,GCTAGGACTCCAACCGTCGG,0,4802913
ygeY_predicted,0.14285714285714285,6,6,GCGTCAGGTAGATTGGCGTC,0,4801503
ygeY_predicted,0.14285714285714285,6,6,GCGGGGGTCACGATGCCGTT,0,4800515
ygeY_predicted,0.14285714285714285,6,6,GCCTGGTCCTCTCTGGTGTC,0,4808836
ygeY_predicted,0.14285714285714285,6,6,GCCGGACCGGGCACAACCCT,0,4812105
ygeY_predicted,0.14285714285714285,6,6,GCATGCAGCATTGCCAGTCG,0,4802233
ygeY_predicted,0.14285714285714285,6,6,GCATCGAGATGACCACATGC,0,4807329
ygeY_predicted,0.14285714285714285,6,6,GCACGCGTTTCCCTGATTGC,0,4803088
ygeY_predicted,0.14285714285714285,6,6,GCAACGTACGATTGACCACT,0,4798144
ygeY_predicted,0.14285714285714285,6,6,GCAAATCCAGTCTCTGTTGC,0,4816119
ygeY_predicted,0.14285714285714285,6,6,GCAAAGTATCACAGTGGTCA,0,4814908
ygeY_predicted,0.14285714285714285,6,6,GATTTCCGTGCGGCTCCGTA,0,4816390
ygeY_predicted,0.14285714285714285,6,6,GATGTGTCAGACCTGTTGGT,0,4808720
ygeY_predicted,0.14285714285714285,6,6,GATGGCCGTTTATGTGTATT,0,4798320
ygeY_predicted,0.14285714285714285,6,6,GATCTGTGTTCACTTTCGGA,0,4806188
ygeY_predicted,0.14285714285714285,6,6,GAGTGGCGCAGTACTGCTGG,0,4807806
ygeY_predicted,0.14285714285714285,6,6,GAGCGTTAGTAGCGGAAGCC,0,4805653
ygeY_predicted,0.14285714285714285,6,6,GAGCGCGAGTGCAGTTATCG,0,4815662
ygeY_predicted,0.14285714285714285,6,6,GAGCAGGCGACCGACAGCCC,0,4801895
ygeY_predicted,0.14285714285714285,6,6,GAGCACCGTAGGATAGGAAC,0,4814736
ygeY_predicted,0.14285714285714285,6,6,GAGATTTGCATATATACTGC,0,4811741
ygeY_predicted,0.14285714285714285,6,6,GAGAAGGGGGAGTCCACAAA,0,4805622
ygeY_predicted,0.14285714285714285,6,6,GACCTATGATGTATCCTATG,0,4809258
ygeY_predicted,0.14285714285714285,6,6,GACATCGCAAGCACAGGCGT,0,4803319
ygeY_predicted,0.14285714285714285,6,6,GAATCTAAGTAGTAGCCGAA,0,4808073
ygeY_predicted,0.14285714285714285,6,6,GAACATGTAGGTACCCACAT,0,4813042
ygeY_predicted,0.14285714285714285,6,6,GAAATGAGCACTTCGGCCAA,0,4806058
ygeY_predicted,0.14285714285714285,6,6,GAAATCGGCCAGTTTCGGGA,0,4815795
ygeY_predicted,0.14285714285714285,6,6,GAAAGGGTGGAGCTCAGCGA,0,4811272
ygeY_predicted,0.14285714285714285,6,6,GAAACACCAGAGTCTCACTA,0,4802365
ygeY_predicted,0.14285714285714285,6,6,CTTTGGTACCGTCGGCACGT,0,4810101
ygeY_predicted,0.14285714285714285,6,6,CTTTCAATAGGGGTCATGCC,0,4806668
ygeY_predicted,0.14285714285714285,6,6,CTTGGCCTTGCTCCACATCT,0,4811857
ygeY_predicted,0.14285714285714285,6,6,CTTGGCAAAGGTTCTGGATA,0,4798421
ygeY_predicted,0.14285714285714285,6,6,CTTGCCCCCGCGGTGACCAC,0,4803806
ygeY_predicted,0.14285714285714285,6,6,CTTCACCCGGATTTTGCCGA,0,4800313
ygeY_predicted,0.14285714285714285,6,6,CTGGTGGTCGGGGACCGCAA,0,4795305
ygeY_predicted,0.14285714285714285,6,6,CTGGGATTGCTTCACTAGAC,0,4799017
ygeY_predicted,0.14285714285714285,6,6,CTGATTAGAAGAGGCAATAT,0,4796562
ygeY_predicted,0.14285714285714285,6,6,CTGAACTAGAGGCCCGAATT,0,4807891
ygeY_predicted,0.14285714285714285,6,6,CTCGTAATAATCGTACATTG,0,4801511
ygeY_predicted,0.14285714285714285,6,6,CTCGAATAAGCGGGCCTAGA,0,4809653
ygeY_predicted,0.14285714285714285,6,6,CTCCTACCGGTGGGAACTTA,0,4809552
ygeY_predicted,0.14285714285714285,6,6,CTCCGTCTGCCGAATTTTCA,0,4811867
ygeY_predicted,0.14285714285714285,6,6,CTCCAATGCTTGACGAGATG,0,4810412
ygeY_predicted,0.14285714285714285,6,6,CTCAGCCGAGACTGTACGCT,0,4807471
ygeY_predicted,0.14285714285714285,6,6,CTCAGATCGATTCCTATTTC,0,4811173
ygeY_predicted,0.14285714285714285,6,6,CTATGTTTGTCACCGTAACA,0,4804320
ygeY_predicted,0.14285714285714285,6,6,CTATGGAGCTCTAGCGTTAT,0,4800535
ygeY_predicted,0.14285714285714285,6,6,CTACTCCTGCCTTGTATTAT,0,4800467
ygeY_predicted,0.14285714285714285,6,6,CTACGACTGACTATATCCGG,0,4796074
ygeY_predicted,0.14285714285714285,6,6,CTAAGTGGCTCCGCGGTATA,0,4802141
ygeY_predicted,0.14285714285714285,6,6,CTAAGTCGTCTTAGCACTAG,0,4809551
ygeY_predicted,0.14285714285714285,6,6,CTAACGAGTCGCTCCGCTAT,0,4813636
ygeY_predicted,0.14285714285714285,6,6,CTAAATAGGCACCTCATCGC,0,4801640
ygeY_predicted,0.14285714285714285,6,6,CTAAACTACATTCTTCAGTA,0,4811115
ygeY_predicted,0.14285714285714285,6,6,CGTTATCTTAAGTAGTCTTC,0,4802415
ygeY_predicted,0.14285714285714285,6,6,CGTCCCGGGTTAGGACACTC,0,4816376
ygeY_predicted,0.14285714285714285,6,6,CGTCCACGGAGACTACCATA,0,4805632
ygeY_predicted,0.14285714285714285,6,6,CGTAGCCGGCACGTGACATA,0,4798083
ygeY_predicted,0.14285714285714285,6,6,CGGGCGCGGCCACTGGGTTT,0,4802300
ygeY_predicted,0.14285714285714285,6,6,CGGCCTCCGGCTTAGATGGA,0,4812318
ygeY_predicted,0.14285714285714285,6,6,CGGCACCGCTGGCTCCCAAG,0,4804973
ygeY_predicted,0.14285714285714285,6,6,CGGATGACTGGCGCTTTGGT,0,4803602
ygeY_predicted,0.14285714285714285,6,6,CGGAGGGCAGAGCGGGTAGA,0,4808332
ygeY_predicted,0.14285714285714285,6,6,CGGAATTGCTCGCGCAGCTA,0,4809452
ygeY_predicted,0.14285714285714285,6,6,CGCTTCTTTTCCTTCGATGC,0,4814206
ygeY_predicted,0.14285714285714285,6,6,CGCGACCATCTCCGCGCCTC,0,4805817
ygeY_predicted,0.14285714285714285,6,6,CGCCAACGGGGCTATTCCCG,0,4810479
ygeY_predicted,0.14285714285714285,6,6,CGCACCACAACGCAGGTATT,0,4796472
ygeY_predicted,0.14285714285714285,6,6,CGATTTAGATACGATTAAGA,0,4796947
ygeY_predicted,0.14285714285714285,6,6,CGATAGCGTATAGTGGCACA,0,4803031
ygeY_predicted,0.14285714285714285,6,6,CGAGGTGGGGGGGTAAGGTA,0,4808306
ygeY_predicted,0.14285714285714285,6,6,CGACTTGTCCTATCCACTCC,0,4806568
ygeY_predicted,0.14285714285714285,6,6,CGACCCGCAATCCCAGAAAA,0,4813075
ygeY_predicted,0.14285714285714285,6,6,CGACACCATGCCTTGCAGAA,0,4802584
ygeY_predicted,0.14285714285714285,6,6,CGACAATACCCCTGCCAAGT,0,4804788
ygeY_predicted,0.14285714285714285,6,6,CGAATTCCGGCTTCAACAAA,0,4805271
ygeY_predicted,0.14285714285714285,6,6,CGAAAGTGATATAGCGAGCT,0,4805081
ygeY_predicted,0.14285714285714285,6,6,CCTTGCGCGTAAAGACCATG,0,4811765
ygeY_predicted,0.14285714285714285,6,6,CCTGGCACATGCTTGGAGCT,0,4809711
ygeY_predicted,0.14285714285714285,6,6,CCTCTTCCGAATTCTACCCG,0,4806575
ygeY_predicted,0.14285714285714285,6,6,CCTCCCTGCCTCTCTCTGAG,0,4799010
ygeY_predicted,0.14285714285714285,6,6,CCTCCATGGAAGGAGAGATT,0,4814570
ygeY_predicted,0.14285714285714285,6,6,CCTCAGCGGGTACCCAAGTT,0,4797540
ygeY_predicted,0.14285714285714285,6,6,CCGGTCGCAGTCGCTATAAG,0,4799154
ygeY_predicted,0.14285714285714285,6,6,CCGCTTCTCACTTAATACGG,0,4809500
ygeY_predicted,0.14285714285714285,6,6,CCGCATTTAGTTACCACCAG,0,4798006
ygeY_predicted,0.14285714285714285,6,6,CCGACCGAATCCCTCCAGTA,0,4810784
ygeY_predicted,0.14285714285714285,6,6,CCCTCCTAATGAGAATTTCA,0,4811541
ygeY_predicted,0.14285714285714285,6,6,CCCTATGGCTCGACGGCACA,0,4808487
ygeY_predicted,0.14285714285714285,6,6,CCCGTCTGGTGAAAGTTAGA,0,4813904
ygeY_predicted,0.14285714285714285,6,6,CCCGGGTATCCGCTATTATT,0,4795470
ygeY_predicted,0.14285714285714285,6,6,CCCCGGGGCGTGCTGCATTT,0,4800323
ygeY_predicted,0.14285714285714285,6,6,CCATGTTACAACCCAAGCTT,0,4804926
ygeY_predicted,0.14285714285714285,6,6,CCATCAACCTCGAAAAGACT,0,4805335
ygeY_predicted,0.14285714285714285,6,6,CCACAAGGTGAGATTGGCCC,0,4804680
ygeY_predicted,0.14285714285714285,6,6,CATTCAGGGGTCAGGCTGAT,0,4808050
ygeY_predicted,0.14285714285714285,6,6,CATTATATTCCAATGGGAAC,0,4814990
ygeY_predicted,0.14285714285714285,6,6,CATCGTATATAAACCTAAGT,0,4805392
ygeY_predicted,0.14285714285714285,6,6,CATCGGTACCGATAGAGTGG,0,4816484
ygeY_predicted,0.14285714285714285,6,6,CATCCACTAAGTTGTAGAGG,0,4803288
ygeY_predicted,0.14285714285714285,6,6,CATAATTCCCCACCCAGCCA,0,4814591
ygeY_predicted,0.14285714285714285,6,6,CAGTACAGTCCATGAAAGAT,0,4814027
ygeY_predicted,0.14285714285714285,6,6,CAGGCTCGCGAAACACTAAC,0,4799279
ygeY_predicted,0.14285714285714285,6,6,CAGGACTCTCGCCGAGATTG,0,4800144
ygeY_predicted,0.14285714285714285,6,6,CAGCGAAGCTTGAGTTCGAT,0,4812525
ygeY_predicted,0.14285714285714285,6,6,CAGCCTGACTCTACCTGTTC,0,4798753
ygeY_predicted,0.14285714285714285,6,6,CAGATCACGAATCGGGAAAG,0,4803848
ygeY_predicted,0.14285714285714285,6,6,CACGTTGGTTTAACCGGGCA,0,4802171
ygeY_predicted,0.14285714285714285,6,6,CACGAAGAGACCCAGAGGGG,0,4795174
ygeY_predicted,0.14285714285714285,6,6,CACATGAAAAGGGCGGCCGT,0,4804073
ygeY_predicted,0.14285714285714285,6,6,CACAGGCAGTGAAGTAAATT,0,4809267
ygeY_predicted,0.14285714285714285,6,6,CACAGCGGCAAAATTCTCGA,0,4804861
ygeY_predicted,0.14285714285714285,6,6,CAATGTCAATCAGGGGGCAG,0,4801892
ygeY_predicted,0.14285714285714285,6,6,CAATCACCCTGGCTCCAATG,0,4813373
ygeY_predicted,0.14285714285714285,6,6,CAATAGAGCATCCGTCTCGT,0,4798994
ygeY_predicted,0.14285714285714285,6,6,CAACCACGCGTACACTGCGC,0,4807780
ygeY_predicted,0.14285714285714285,6,6,CAAATCGAGGTATTAAATTG,0,4815899
ygeY_predicted,0.14285714285714285,6,6,ATTGTTGAGCGAGCACTGCG,0,4808104
ygeY_predicted,0.14285714285714285,6,6,ATTCGGGGTGTCCGAACCTG,0,4813710
ygeY_predicted,0.14285714285714285,6,6,ATTACAGGTTGAACGTCCGA,0,4816638
ygeY_predicted,0.14285714285714285,6,6,ATTAATGTGTAACAGACGAA,0,4799202
ygeY_predicted,0.14285714285714285,6,6,ATGTTCCTTGCAGGATTCTT,0,4803703
ygeY_predicted,0.14285714285714285,6,6,ATGTTCCTTCCTAGCAGCAT,0,4796686
ygeY_predicted,0.14285714285714285,6,6,ATGTGATTGTCCACCCGAAG,0,4812843
ygeY_predicted,0.14285714285714285,6,6,ATGTATGATTTCGGGATAAA,0,4800561
ygeY_predicted,0.14285714285714285,6,6,ATGGTAGGATTTTTCTTCTA,0,4805406
ygeY_predicted,0.14285714285714285,6,6,ATGCTCCCGGATTCACTTCT,0,4807090
ygeY_predicted,0.14285714285714285,6,6,ATGATGGGTGAATGAGCACA,0,4811767
ygeY_predicted,0.14285714285714285,6,6,ATGACGTTAAGGGGTGTGTA,0,4811705
ygeY_predicted,0.14285714285714285,6,6,ATCTGATTTGGACGAGGACG,0,4797252
ygeY_predicted,0.14285714285714285,6,6,ATATACCCGTTAGACCGGCT,0,4809463
ygeY_predicted,0.14285714285714285,6,6,ATAGTTACGGCTAGAGATTG,0,4808572
ygeY_predicted,0.14285714285714285,6,6,ATAGGGGTAGCCACAGTCTA,0,4795650
ygeY_predicted,0.14285714285714285,6,6,ATAGGCGTACCATAGGCCTC,0,4812054
ygeY_predicted,0.14285714285714285,6,6,ATAGACCCGGTGGTCCGGGT,0,4806288
ygeY_predicted,0.14285714285714285,6,6,ATACCTCCGCCTAAGCACGT,0,4804227
ygeY_predicted,0.14285714285714285,6,6,ATAATCGTGGGGTTAGCAAT,0,4798124
ygeY_predicted,0.14285714285714285,6,6,ATAAGCGGTGCTTGTCGTAA,0,4814176
ygeY_predicted,0.14285714285714285,6,6,ATAACGTTGCCTGTAAACCA,0,4801007
ygeY_predicted,0.14285714285714285,6,6,ATAAACGGGAACCCAGATGA,0,4807345
ygeY_predicted,0.14285714285714285,6,6,AGTTTGAGACCTGCGGAACG,0,4799554
ygeY_predicted,0.14285714285714285,6,6,AGTGGATATTTAATACTATT,0,4806300
ygeY_predicted,0.14285714285714285,6,6,AGTGCATATTTGAGTTTCGT,0,4803221
ygeY_predicted,0.14285714285714285,6,6,AGTCAAATCCTGATGTTTAC,0,4805048
ygeY_predicted,0.14285714285714285,6,6,AGTAGTCATAAAGAGTACCA,0,4799881
ygeY_predicted,0.14285714285714285,6,6,AGTAGGGGTATTCAGTACGT,0,4810532
ygeY_predicted,0.14285714285714285,6,6,AGGTCATGTTTTACGAAGTG,0,4795680
ygeY_predicted,0.14285714285714285,6,6,AGGGAGCTCGGTGGCTGCTG,0,4803191
ygeY_predicted,0.14285714285714285,6,6,AGGAGAAATGAACAAGTTAA,0,4807202
ygeY_predicted,0.14285714285714285,6,6,AGCTTTACCTGTAACGGCTG,0,4808363
ygeY_predicted,0.14285714285714285,6,6,AGCTGCTAGATGGGCAATAT,0,4806057
ygeY_predicted,0.14285714285714285,6,6,AGCCAGCAACTGTCGTCCTT,0,4815665
ygeY_predicted,0.14285714285714285,6,6,AGCAGATCAATAGCCAAACT,0,4810282
ygeY_predicted,0.14285714285714285,6,6,AGAGGACGCGCACACAAGTT,0,4813670
ygeY_predicted,0.14285714285714285,6,6,AGAAGATAAAGTTGGATAGT,0,4813249
ygeY_predicted,0.14285714285714285,6,6,AGAACTATAGGTTCACATAA,0,4796319
ygeY_predicted,0.14285714285714285,6,6,ACTTCTCCTGTAGAGTTCAA,0,4798811
ygeY_predicted,0.14285714285714285,6,6,ACTGTTGGTTCGAAGTTTCT,0,4806070
ygeY_predicted,0.14285714285714285,6,6,ACTGTTGCCCAGTTTCAGTT,0,4811289
ygeY_predicted,0.14285714285714285,6,6,ACTAGGGGCCGCCTTGTTAC,0,4798193
ygeY_predicted,0.14285714285714285,6,6,ACTAGATCGAAATACCGCAA,0,4796809
ygeY_predicted,0.14285714285714285,6,6,ACGTCCAACAGGTACACGAA,0,4811174
ygeY_predicted,0.14285714285714285,6,6,ACGGTAGCGCGGGTGTCATC,0,4804505
ygeY_predicted,0.14285714285714285,6,6,ACGGAATAGAGTGCATCTGA,0,4812400
ygeY_predicted,0.14285714285714285,6,6,ACGCCACTGTTATTTGTATT,0,4800938
ygeY_predicted,0.14285714285714285,6,6,ACGCACCCTTCGGACGAGAA,0,4800755
ygeY_predicted,0.14285714285714285,6,6,ACGCAATGCCTTAGGACTAA,0,4811932
ygeY_predicted,0.14285714285714285,6,6,ACGACCAGAAGTATTCGCGA,0,4798011
ygeY_predicted,0.14285714285714285,6,6,ACCTATGAATGGTTTAGACA,0,4806176
ygeY_predicted,0.14285714285714285,6,6,ACCGAGGGAATGTGGCTCTA,0,4804892
ygeY_predicted,0.14285714285714285,6,6,ACCCTCAGCCTCTCGGCTTC,0,4799394
ygeY_predicted,0.14285714285714285,6,6,ACCCCGTATCGTCGTGGTAG,0,4806667
ygeY_predicted,0.14285714285714285,6,6,ACCAGTATCTGAGCTAGTTG,0,4799238
ygeY_predicted,0.14285714285714285,6,6,ACCAGATTAGGTCTTCAAGA,0,4794976
ygeY_predicted,0.14285714285714285,6,6,ACATTCCCACTCTGGATGAT,0,4814749
ygeY_predicted,0.14285714285714285,6,6,ACATCCGAAGTATAACGACT,0,4796996
ygeY_predicted,0.14285714285714285,6,6,ACAGGAGTACGGTGGACATC,0,4809307
ygeY_predicted,0.14285714285714285,6,6,ACAGGAAACGCCATTAGCCA,0,4814323
ygeY_predicted,0.14285714285714285,6,6,AATTGTTTAGCGTCCAAATA,0,4811820
ygeY_predicted,0.14285714285714285,6,6,AATTGAAATGTCGTCGCGGT,0,4816214
ygeY_predicted,0.14285714285714285,6,6,AATTAAATTTTGCATCGCCG,0,4801777
ygeY_predicted,0.14285714285714285,6,6,AATGTCCGGGGACGCGTTGA,0,4795867
ygeY_predicted,0.14285714285714285,6,6,AATCCGCACACCAATCATCC,0,4801128
ygeY_predicted,0.14285714285714285,6,6,AAGTTGCATAAATCCTTTCT,0,4808819
ygeY_predicted,0.14285714285714285,6,6,AAGTTGAAAGGTACTCAAGT,0,4809366
ygeY_predicted,0.14285714285714285,6,6,AAGTGCAGTCGTGGCTCTTG,0,4813552
ygeY_predicted,0.14285714285714285,6,6,AAGTCTGTTAAGGGACAGAT,0,4800923
ygeY_predicted,0.14285714285714285,6,6,AAGGATGTTTGATGTGCGGG,0,4811703
ygeY_predicted,0.14285714285714285,6,6,AAGACAGTCTAGTCTTATTT,0,4796694
ygeY_predicted,0.14285714285714285,6,6,AAGAACCGTGAGCACTTTTG,0,4799838
ygeY_predicted,0.14285714285714285,6,6,AACTGTCTCGTCACCGAATA,0,4804751
ygeY_predicted,0.14285714285714285,6,6,AACGGTCAGTCGCTTACAAA,0,4795436
ygeY_predicted,0.14285714285714285,6,6,AACCTTTGTAAGAGATCTGT,0,4811922
ygeY_predicted,0.14285714285714285,6,6,AACCGCTACCATAATGCTGA,0,4800198
ygeY_predicted,0.14285714285714285,6,6,AACAGCCTTACTCGATCTAG,0,4801086
ygeY_predicted,0.14285714285714285,6,6,AAAGTTGCTGCCCAACGCCA,0,4803578
ygeY_predicted,0.14285714285714285,6,6,AAAGGAAGGTCCCCCCTTGA,0,4801653
ygeY_predicted,0.14285714285714285,6,6,AAACTGTTGACATAGCATAA,0,4795490
ygeY_predicted,0.14285714285714285,6,6,AAACGCATGTTCGGTTGAAA,0,4810751
ygeY_predicted,0.14285714285714285,6,6,AAAAGGGGCCGGTGGTGCAT,0,4801172
ygeY_predicted,0.16666666666666666,5,5,TTTTGTCAACGAGTTTGATG,0,4800249
ygeY_predicted,0.16666666666666666,5,5,TTTTGGTAAACGTTATAGAG,0,4816926
ygeY_predicted,0.16666666666666666,5,5,TTTGTCTGGAACAAACCCTA,0,4800881
ygeY_predicted,0.16666666666666666,5,5,TTTGAGGCTTGGGTTGGCCG,0,4801439
ygeY_predicted,0.16666666666666666,5,5,TTTGAGCCATACTTTTAAAG,0,4808365
ygeY_predicted,0.16666666666666666,5,5,TTTCGGGTCTGATAGGTATA,0,4809215
ygeY_predicted,0.16666666666666666,5,5,TTTATTATTGAGAGAGTGGA,0,4803102
ygeY_predicted,0.16666666666666666,5,5,TTGTATGCTTCTCATAGCAG,0,4809474
ygeY_predicted,0.16666666666666666,5,5,TTGTAGCAGAAGTATTGTCA,0,4803804
ygeY_predicted,0.16666666666666666,5,5,TTGCGGAGAAGCTTACGTCG,0,4807684
ygeY_predicted,0.16666666666666666,5,5,TTGACATATCCGCTGGTACC,0,4798868
ygeY_predicted,0.16666666666666666,5,5,TTCTTGGGTAACCTCTCCTA,0,4816048
ygeY_predicted,0.16666666666666666,5,5,TTCTTGATACCTGGCAGTCC,0,4806388
ygeY_predicted,0.16666666666666666,5,5,TTCTAGTGGGCTGGCGCTGG,0,4805458
ygeY_predicted,0.16666666666666666,5,5,TTCTACTGCGATCACGAACG,0,4808177
ygeY_predicted,0.16666666666666666,5,5,TTCTACTATAAGTCAAATCA,0,4797831
ygeY_predicted,0.16666666666666666,5,5,TTCTAAAACGTGCCAGGTCT,0,4794886
ygeY_predicted,0.16666666666666666,5,5,TTCGTTACGGAATACACGTT,0,4802008
ygeY_predicted,0.16666666666666666,5,5,TTCGGACCTATGGCGGTGCA,0,4808246
ygeY_predicted,0.16666666666666666,5,5,TTCGAACCGATATTCTGAGG,0,4807135
ygeY_predicted,0.16666666666666666,5,5,TTCCTGGTCATGACTCCCAT,0,4795068
ygeY_predicted,0.16666666666666666,5,5,TTCCGGGCAGCACCATGGGA,0,4812395
ygeY_predicted,0.16666666666666666,5,5,TTCCAATAGTGTGTTCCGCA,0,4814508
ygeY_predicted,0.16666666666666666,5,5,TTATGAGCCCGAGTACGAGC,0,4803272
ygeY_predicted,0.16666666666666666,5,5,TTAGTAAGTGTGTATGGCTG,0,4805527
ygeY_predicted,0.16666666666666666,5,5,TTAGGTGACAGTGAGACCAA,0,4805532
ygeY_predicted,0.16666666666666666,5,5,TTAGGTCTAGCAAGGGACCC,0,4796057
ygeY_predicted,0.16666666666666666,5,5,TTAGCCCGGTGAACGGAAAG,0,4803421
ygeY_predicted,0.16666666666666666,5,5,TTAGACGGACGGACCGGCAA,0,4798401
ygeY_predicted,0.16666666666666666,5,5,TTAGACATAAGCCTGCGGTT,0,4804160
ygeY_predicted,0.16666666666666666,5,5,TTACTGGTTTTGTGAATAAA,0,4805418
ygeY_predicted,0.16666666666666666,5,5,TTACTGCAGAAAGAGTAAAC,0,4802026
ygeY_predicted,0.16666666666666666,5,5,TTACTAGGGACTCTTTTACA,0,4803517
ygeY_predicted,0.16666666666666666,5,5,TTACCCTTTTCCGAGGTTTG,0,4797807
ygeY_predicted,0.16666666666666666,5,5,TTAACTTGAGCAGATACTAC,0,4812003
ygeY_predicted,0.16666666666666666,5,5,TTAACGCCGGATCTGGTATG,0,4795099
ygeY_predicted,0.16666666666666666,5,5,TGTGGCTAGGACTTGTGTGC,0,4797714
ygeY_predicted,0.16666666666666666,5,5,TGTCCGATGGCTTATTCCGC,0,4797254
ygeY_predicted,0.16666666666666666,5,5,TGTAATGCGACAGGGAGAAG,0,4804277
ygeY_predicted,0.16666666666666666,5,5,TGGGTTTAAATCCACCACTG,0,4803020
ygeY_predicted,0.16666666666666666,5,5,TGGGTTCTTATCTCGGGCGC,0,4812762
ygeY_predicted,0.16666666666666666,5,5,TGGCTGAATGGGCGCGAGTA,0,4797313
ygeY_predicted,0.16666666666666666,5,5,TGGAAAACCGGATTGAGTTC,0,4798673
ygeY_predicted,0.16666666666666666,5,5,TGCTGGAGATATCAGGCTGG,0,4807052
ygeY_predicted,0.16666666666666666,5,5,TGCTGAATTAATTTACCCGA,0,4808095
ygeY_predicted,0.16666666666666666,5,5,TGCTATGTACTGTGAATATG,0,4799669
ygeY_predicted,0.16666666666666666,5,5,TGCGCCACTTATAGATCCAT,0,4808744
ygeY_predicted,0.16666666666666666,5,5,TGCCTTTCGTTAAGCCGTCT,0,4801921
ygeY_predicted,0.16666666666666666,5,5,TGCCCGCCAAGGTGTAAAAT,0,4809046
ygeY_predicted,0.16666666666666666,5,5,TGCATTCTGGTATCTTGAAG,0,4809094
ygeY_predicted,0.16666666666666666,5,5,TGATCCTCAGCCGCACTACT,0,4796528
ygeY_predicted,0.16666666666666666,5,5,TGATCCATCTTGACATTAAG,0,4808133
ygeY_predicted,0.16666666666666666,5,5,TGAGTAAAATAATCATTTCT,0,4804050
ygeY_predicted,0.16666666666666666,5,5,TGAGCTTAACACAGGCCCAG,0,4799051
ygeY_predicted,0.16666666666666666,5,5,TGAGATGTATGCTGTAATAA,0,4804700
ygeY_predicted,0.16666666666666666,5,5,TGACGATCGAAAGGGTGCCC,0,4809986
ygeY_predicted,0.16666666666666666,5,5,TGACACAGCAACTACAAATA,0,4808304
ygeY_predicted,0.16666666666666666,5,5,TGAAAGTTTACAAGTCCACA,0,4808652
ygeY_predicted,0.16666666666666666,5,5,TCTTTGACTTCCACGACTCA,0,4798249
ygeY_predicted,0.16666666666666666,5,5,TCTTTCAAGCATTTGTGGGT,0,4802636
ygeY_predicted,0.16666666666666666,5,5,TCTTCTTCGGAATCCGAAGT,0,4808392
ygeY_predicted,0.16666666666666666,5,5,TCTGTCGTTGCTCGAAATCA,0,4802575
ygeY_predicted,0.16666666666666666,5,5,TCTCTTCATGTATTTCGAGG,0,4794970
ygeY_predicted,0.16666666666666666,5,5,TCTAGCGCGAATGGTATCAA,0,4803779
ygeY_predicted,0.16666666666666666,5,5,TCTAATCCATGCCGGTTCTT,0,4802673
ygeY_predicted,0.16666666666666666,5,5,TCGGAGATCCCGGTCCTGGT,0,4807753
ygeY_predicted,0.16666666666666666,5,5,TCGGAATCTTGTGTAAACGT,0,4798207
ygeY_predicted,0.16666666666666666,5,5,TCGCTCGCCATTATTTTGAG,0,4804503
ygeY_predicted,0.16666666666666666,5,5,TCGCCGTAAAGCGGCGAGCG,0,4813834
ygeY_predicted,0.16666666666666666,5,5,TCGCCGCAAGGCACCGACAG,0,4796274
ygeY_predicted,0.16666666666666666,5,5,TCGCCCACTGGCTAATCTAG,0,4813603
ygeY_predicted,0.16666666666666666,5,5,TCGAGCCACTAGACAGGGAC,0,4815415
ygeY_predicted,0.16666666666666666,5,5,TCGAAGTCTGTCATCTTGTA,0,4797569
ygeY_predicted,0.16666666666666666,5,5,TCCGGGCAACACTTCGCAGA,0,4811308
ygeY_predicted,0.16666666666666666,5,5,TCCCCCAACATGAGAAGAAG,0,4803972
ygeY_predicted,0.16666666666666666,5,5,TCCACGAGATACATCAGCGA,0,4803397
ygeY_predicted,0.16666666666666666,5,5,TCCACGAAGGGCAACTTGAT,0,4807182
ygeY_predicted,0.16666666666666666,5,5,TCCAACGCAGAAGTGGGTGA,0,4815370
ygeY_predicted,0.16666666666666666,5,5,TCAGTAGTCCGCAACGTCAT,0,4815079
ygeY_predicted,0.16666666666666666,5,5,TCAGGCCCCCTACACCAGTG,0,4807505
ygeY_predicted,0.16666666666666666,5,5,TATTACTGGCTGAAGACGGA,0,4794925
ygeY_predicted,0.16666666666666666,5,5,TATGGCGCAGGAGGCACCTT,0,4806877
ygeY_predicted,0.16666666666666666,5,5,TATGATGCGGGACTATCCGT,0,4809845
ygeY_predicted,0.16666666666666666,5,5,TATCATGACCTAAATAATCT,0,4802679
ygeY_predicted,0.16666666666666666,5,5,TAGGCTTAGACTCTATTAGC,0,4811423
ygeY_predicted,0.16666666666666666,5,5,TAGGCTTAAGGGATGGGCTT,0,4803765
ygeY_predicted,0.16666666666666666,5,5,TAGGCGCTTATCCAGACAAG,0,4807246
ygeY_predicted,0.16666666666666666,5,5,TAGGCCAAAAGTGACACGCG,0,4805312
ygeY_predicted,0.16666666666666666,5,5,TAGACTTAGCTCACACAATA,0,4810816
ygeY_predicted,0.16666666666666666,5,5,TAGACCAACCTAACAATAAA,0,4798623
ygeY_predicted,0.16666666666666666,5,5,TAGAATCGGTCGATAGGTTC,0,4798876
ygeY_predicted,0.16666666666666666,5,5,TACTTGGCCGTATTTGCGAT,0,4808386
ygeY_predicted,0.16666666666666666,5,5,TACGTATGTGGCGCGACGAA,0,4796099
ygeY_predicted,0.16666666666666666,5,5,TACGGTGGAATTAGCCCGAA,0,4808026
ygeY_predicted,0.16666666666666666,5,5,TACGAACGCCGGCGAAAGAT,0,4798141
ygeY_predicted,0.16666666666666666,5,5,TACAAACCTATCCGAAAGAG,0,4807839
ygeY_predicted,0.16666666666666666,5,5,TAATTGACGGACAGTAGACG,0,4799689
ygeY_predicted,0.16666666666666666,5,5,TAAGTCGAACGACGCATATT,0,4796896
ygeY_predicted,0.16666666666666666,5,5,TAAGCTTGCCATGGCGGGCA,0,4812972
ygeY_predicted,0.16666666666666666,5,5,TAAGCAGCATTGGTACGAAC,0,4799452
ygeY_predicted,0.16666666666666666,5,5,TAACCGAGTTAGATGGTAAG,0,4802667
ygeY_predicted,0.16666666666666666,5,5,TAACATAACGGCAGCCGGTC,0,4803086
ygeY_predicted,0.16666666666666666,5,5,TAAAGCACTAAAAGATGTAC,0,4814109
ygeY_predicted,0.16666666666666666,5,5,TAAACGCTGGTATGCTTGCC,0,4799681
ygeY_predicted,0.16666666666666666,5,5,GTTCACCAGCTTTATGCACT,0,4805668
ygeY_predicted,0.16666666666666666,5,5,GTTAGGAGTTATTCGAAGAT,0,4798142
ygeY_predicted,0.16666666666666666,5,5,GTTAAGCACCTGCCCGGCCA,0,4809588
ygeY_predicted,0.16666666666666666,5,5,GTGTATGGTCCCTGTCGCTC,0,4810184
ygeY_predicted,0.16666666666666666,5,5,GTGGTATCGTGGAGATTCTT,0,4812426
ygeY_predicted,0.16666666666666666,5,5,GTGGGCATCTTAAATACTAC,0,4811811
ygeY_predicted,0.16666666666666666,5,5,GTGCTGGCAATGCTTCAGGA,0,4800114
ygeY_predicted,0.16666666666666666,5,5,GTGAGGTATAAGTGTTAGTG,0,4794908
ygeY_predicted,0.16666666666666666,5,5,GTGAACATGTACGCTTCCAG,0,4802315
ygeY_predicted,0.16666666666666666,5,5,GTCTTGGTACGAGAAGAGCA,0,4809515
ygeY_predicted,0.16666666666666666,5,5,GTCTTCTCATAAAAGTGGAG,0,4814308
ygeY_predicted,0.16666666666666666,5,5,GTCGAAGTGGTTCGCTCTAA,0,4804659
ygeY_predicted,0.16666666666666666,5,5,GTCCGCTACACCGACTGAGG,0,4813115
ygeY_predicted,0.16666666666666666,5,5,GTCCCATCTCCGAGGCGGAT,0,4800020
ygeY_predicted,0.16666666666666666,5,5,GTCCAAGGGATGACTGTGTA,0,4808515
ygeY_predicted,0.16666666666666666,5,5,GTCACGTACAAATCTCTTAT,0,4810360
ygeY_predicted,0.16666666666666666,5,5,GTATAACTCGGAGGGCAGGG,0,4812514
ygeY_predicted,0.16666666666666666,5,5,GTACCCCGCAACGCGTTAAA,0,4807935
ygeY_predicted,0.16666666666666666,5,5,GTACCATCCTATTAGGCCTA,0,4811354
ygeY_predicted,0.16666666666666666,5,5,GTAAAGAGCAATGTATTTGT,0,4816408
ygeY_predicted,0.16666666666666666,5,5,GGTTTGAGAGTCACGGCGAT,0,4808605
ygeY_predicted,0.16666666666666666,5,5,GGTTCTTCGTATATTCACAG,0,4811498
ygeY_predicted,0.16666666666666666,5,5,GGTGTCAGTGGCACACTTGG,0,4803847
ygeY_predicted,0.16666666666666666,5,5,GGTGGCAGGAATCAAGACGG,0,4801924
ygeY_predicted,0.16666666666666666,5,5,GGTGACGTGCGGGGCAAAAC,0,4809371
ygeY_predicted,0.16666666666666666,5,5,GGTCTGATAAGCGCATGATA,0,4815614
ygeY_predicted,0.16666666666666666,5,5,GGTCGCAATCGTCTGAGGTC,0,4814444
ygeY_predicted,0.16666666666666666,5,5,GGTCAAGCACGGGCCTAGAA,0,4815655
ygeY_predicted,0.16666666666666666,5,5,GGTATCTTAAGCACTCCTTT,0,4810868
ygeY_predicted,0.16666666666666666,5,5,GGTAGTAGGACGGTGCGGCG,0,4796260
ygeY_predicted,0.16666666666666666,5,5,GGGTAAAGCTCCTCCCGATT,0,4798621
ygeY_predicted,0.16666666666666666,5,5,GGGGGGAGGCTGAAAGGAGC,0,4806685
ygeY_predicted,0.16666666666666666,5,5,GGGCAGCCTAGTGACGTTGA,0,4798600
ygeY_predicted,0.16666666666666666,5,5,GGGAATAATTGGAATATGGA,0,4807456
ygeY_predicted,0.16666666666666666,5,5,GGCTCGATATCAGAGAATGA,0,4813544
ygeY_predicted,0.16666666666666666,5,5,GGCTAGGTGCGACCAGCGAG,0,4811500
ygeY_predicted,0.16666666666666666,5,5,GGCCATACTGATAAACTCCT,0,4803424
ygeY_predicted,0.16666666666666666,5,5,GGCATAGATGATATAGAATT,0,4812092
ygeY_predicted,0.16666666666666666,5,5,GGATGATCCCAACGCAGGAC,0,4806573
ygeY_predicted,0.16666666666666666,5,5,GGATCAGGGTTTCCGAAAAT,0,4812944
ygeY_predicted,0.16666666666666666,5,5,GGAGGTCGGGTCTATCATTT,0,4811819
ygeY_predicted,0.16666666666666666,5,5,GGAGGGTGTGCACACTAGGT,0,4795691
ygeY_predicted,0.16666666666666666,5,5,GGAGGGGACTTTTGTGGAGG,0,4816493
ygeY_predicted,0.16666666666666666,5,5,GCTTGGGCTCAAGTTCTGTC,0,4799538
ygeY_predicted,0.16666666666666666,5,5,GCTTCTGCCTGTCAAGGCGG,0,4809945
ygeY_predicted,0.16666666666666666,5,5,GCTCGGGCAACCACTAATCT,0,4806089
ygeY_predicted,0.16666666666666666,5,5,GCTCGCCTCGATAATCCAGA,0,4812082
ygeY_predicted,0.16666666666666666,5,5,GCTCACAGGAGCCTTGGACC,0,4802638
ygeY_predicted,0.16666666666666666,5,5,GCTACTGTGGACCAGTTCGA,0,4796974
ygeY_predicted,0.16666666666666666,5,5,GCGTCCGGTTTGGTGCCTAG,0,4805747
ygeY_predicted,0.16666666666666666,5,5,GCGGCCTCTTTGTACTGGAT,0,4806509
ygeY_predicted,0.16666666666666666,5,5,GCGCCAGTGCCGCAAGGTCT,0,4812231
ygeY_predicted,0.16666666666666666,5,5,GCGATCGATGGTCACACTTC,0,4801129
ygeY_predicted,0.16666666666666666,5,5,GCGATCGACCGTAATCGCCA,0,4816855
ygeY_predicted,0.16666666666666666,5,5,GCGAGGCGTGGAGGACGTCA,0,4810516
ygeY_predicted,0.16666666666666666,5,5,GCCTTTATGGCACCAAATTA,0,4815867
ygeY_predicted,0.16666666666666666,5,5,GCCTCGGTATCTTTTGCATG,0,4799366
ygeY_predicted,0.16666666666666666,5,5,GCCGAGGGCGAACCCCCCGT,0,4796595
ygeY_predicted,0.16666666666666666,5,5,GCCGACAAACATCTTCTGCA,0,4816758
ygeY_predicted,0.16666666666666666,5,5,GCCCGCTGATTGACCGTCTA,0,4806052
ygeY_predicted,0.16666666666666666,5,5,GCCCAACCAGCATTGCTCTG,0,4809856
ygeY_predicted,0.16666666666666666,5,5,GCCACAAAAACTCTACGACA,0,4811501
ygeY_predicted,0.16666666666666666,5,5,GCCAAGATATCGCGCACCGG,0,4803316
ygeY_predicted,0.16666666666666666,5,5,GCATTAAGTGGAGGGGAGTA,0,4816163
ygeY_predicted,0.16666666666666666,5,5,GCATCGGTAGAACGGCCAAT,0,4801657
ygeY_predicted,0.16666666666666666,5,5,GCATACCCCATAAGACCCGC,0,4804670
ygeY_predicted,0.16666666666666666,5,5,GCATAACTTAAAGTTCGGAT,0,4801926
ygeY_predicted,0.16666666666666666,5,5,GCAGGCGATGCGCGCACAAG,0,4814178
ygeY_predicted,0.16666666666666666,5,5,GCACTTCAGTAATTTAAGAG,0,4807330
ygeY_predicted,0.16666666666666666,5,5,GCACAGCTCGGAGACTTGCT,0,4798928
ygeY_predicted,0.16666666666666666,5,5,GATTTCTGTAAACCGTCTGA,0,4806542
ygeY_predicted,0.16666666666666666,5,5,GATTGTACTTGCTGGGCCGG,0,4803383
ygeY_predicted,0.16666666666666666,5,5,GATTAAATTGGGTATTCGAC,0,4812335
ygeY_predicted,0.16666666666666666,5,5,GATGACTTAAAGGGATGAGC,0,4806801
ygeY_predicted,0.16666666666666666,5,5,GAGTTAGTGGTTACCCAAGT,0,4805839
ygeY_predicted,0.16666666666666666,5,5,GAGGCTTAGCAGCGCTAAAA,0,4808025
ygeY_predicted,0.16666666666666666,5,5,GAGCGTCGCACATTGCTCAG,0,4802568
ygeY_predicted,0.16666666666666666,5,5,GAGCCGGTAACTCCGCGCCT,0,4808524
ygeY_predicted,0.16666666666666666,5,5,GAGCCGGCAAGGTTCAGAAT,0,4806428
ygeY_predicted,0.16666666666666666,5,5,GAGCCGGACAGCAAGCTACG,0,4808209
ygeY_predicted,0.16666666666666666,5,5,GAGCAGGGTTTCATTCCCTG,0,4806536
ygeY_predicted,0.16666666666666666,5,5,GAGACACTCTCACAGCGGAA,0,4797552
ygeY_predicted,0.16666666666666666,5,5,GACGCGATACGTGAGCGGGG,0,4806846
ygeY_predicted,0.16666666666666666,5,5,GACATGCACACCGCCATCGT,0,4807134
ygeY_predicted,0.16666666666666666,5,5,GACACTACGCTTCTTGTACT,0,4801781
ygeY_predicted,0.16666666666666666,5,5,GACACGACGCCCAAGGTACC,0,4801961
ygeY_predicted,0.16666666666666666,5,5,GAATAATTGTCCCCGCAGAT,0,4802990
ygeY_predicted,0.16666666666666666,5,5,GAACCGAGACGCCGTACGTT,0,4802988
ygeY_predicted,0.16666666666666666,5,5,GAACCATGGCGAGTACAGGA,0,4816377
ygeY_predicted,0.16666666666666666,5,5,GAAAGCAGAGTTTTAGGGAG,0,4814108
ygeY_predicted,0.16666666666666666,5,5,GAAACAGCAATAAACTAATA,0,4811064
ygeY_predicted,0.16666666666666666,5,5,CTTTATACAGCCCGTATGAA,0,4803062
ygeY_predicted,0.16666666666666666,5,5,CTTGTAACAGTTGGCCCTGA,0,4800414
ygeY_predicted,0.16666666666666666,5,5,CTTGCGCTTCATAAGGCCCA,0,4808326
ygeY_predicted,0.16666666666666666,5,5,CTTGCCGGCGACTGTTATGG,0,4807361
ygeY_predicted,0.16666666666666666,5,5,CTTGACACCATTCGGTTCCT,0,4813179
ygeY_predicted,0.16666666666666666,5,5,CTTCGCAACACTCGCGTAAT,0,4803986
ygeY_predicted,0.16666666666666666,5,5,CTTAGAATCAGAGTAAACTG,0,4815987
ygeY_predicted,0.16666666666666666,5,5,CTGTGTGAATAAGTCAGACG,0,4796613
ygeY_predicted,0.16666666666666666,5,5,CTGGCTTTTCCCTGCACTTG,0,4797464
ygeY_predicted,0.16666666666666666,5,5,CTGGCCTGGGCCATCGGTGT,0,4807532
ygeY_predicted,0.16666666666666666,5,5,CTGGCCGGTCGCTTGGAATT,0,4801318
ygeY_predicted,0.16666666666666666,5,5,CTGATGAAACCCAGCCACTG,0,4805490
ygeY_predicted,0.16666666666666666,5,5,CTGACTTCCGCCGTATATGG,0,4815162
ygeY_predicted,0.16666666666666666,5,5,CTGACTACATACGGTACGAC,0,4804231
ygeY_predicted,0.16666666666666666,5,5,CTGAAGTTGGGGAGTAGTCA,0,4801528
ygeY_predicted,0.16666666666666666,5,5,CTCTGCACCCAGACGGAAGA,0,4801574
ygeY_predicted,0.16666666666666666,5,5,CTCTACTAGAGGTTCAGACG,0,4800180
ygeY_predicted,0.16666666666666666,5,5,CTCGTGGAAACCCCCGTTTT,0,4798062
ygeY_predicted,0.16666666666666666,5,5,CTCCCGAAATTTCGAGTACT,0,4813537
ygeY_predicted,0.16666666666666666,5,5,CTCCCACTTAATTCAGTATT,0,4800888
ygeY_predicted,0.16666666666666666,5,5,CTCCAGGGGCTGTGATGAGA,0,4810616
ygeY_predicted,0.16666666666666666,5,5,CTCAGTACTTTCCAGAACTT,0,4817003
ygeY_predicted,0.16666666666666666,5,5,CTCACTGGCCCTCATTCTGT,0,4802946
ygeY_predicted,0.16666666666666666,5,5,CTATTCACTAGGGCTTACAG,0,4814748
ygeY_predicted,0.16666666666666666,5,5,CTATCACATCAGCTCGTCGG,0,4802389
ygeY_predicted,0.16666666666666666,5,5,CTATCAACTACGTTCCGCTA,0,4812286
ygeY_predicted,0.16666666666666666,5,5,CTAGGTGAGGAGCTATGCTG,0,4804738
ygeY_predicted,0.16666666666666666,5,5,CTAGGGAGCCACACGGGATA,0,4796937
ygeY_predicted,0.16666666666666666,5,5,CTACTGTCTTAAGGTCAAGG,0,4805862
ygeY_predicted,0.16666666666666666,5,5,CTACATGCCTGCGGATATTT,0,4815127
ygeY_predicted,0.16666666666666666,5,5,CTAATTCACACTAATGCCCC,0,4797565
ygeY_predicted,0.16666666666666666,5,5,CGTTATAATAGTAACGCTGG,0,4807321
ygeY_predicted,0.16666666666666666,5,5,CGTGTGCCAATCCATCGATA,0,4806537
ygeY_predicted,0.16666666666666666,5,5,CGTCGCTGTCATGGGGCGGA,0,4810110
ygeY_predicted,0.16666666666666666,5,5,CGTACGAACCTGATAGCCTG,0,4807376
ygeY_predicted,0.16666666666666666,5,5,CGGTACGGTGTGCATTATAC,0,4799026
ygeY_predicted,0.16666666666666666,5,5,CGGTAAACGTACGAGATATA,0,4805044
ygeY_predicted,0.16666666666666666,5,5,CGGGTTCAGAAGATGCTGGC,0,4811172
ygeY_predicted,0.16666666666666666,5,5,CGGGTAATCGAGAGGTTCCA,0,4801748
ygeY_predicted,0.16666666666666666,5,5,CGGGCGACGACTCGCGAACT,0,4799180
ygeY_predicted,0.16666666666666666,5,5,CGGCGGAGTGGTCATTGGGG,0,4815886
ygeY_predicted,0.16666666666666666,5,5,CGGCGCGCGGATATAAACTA,0,4809002
ygeY_predicted,0.16666666666666666,5,5,CGCTGGCATTGTGACTCCTT,0,4803566
ygeY_predicted,0.16666666666666666,5,5,CGCGGAAATGGGTAGCCGAT,0,4814251
ygeY_predicted,0.16666666666666666,5,5,CGCGCACGACACCCGCCGAA,0,4803160
ygeY_predicted,0.16666666666666666,5,5,CGCCTTACTTCCCGCCCTCT,0,4810768
ygeY_predicted,0.16666666666666666,5,5,CGATGAACAGGTCCGCCAGA,0,4800433
ygeY_predicted,0.16666666666666666,5,5,CGATAATTCTGGACAGGGCT,0,4809181
ygeY_predicted,0.16666666666666666,5,5,CGACTACGCATCGACTTCAG,0,4798985
ygeY_predicted,0.16666666666666666,5,5,CGACCGGAGTTTTCCGTAAT,0,4798663
ygeY_predicted,0.16666666666666666,5,5,CGAATGAGTGACTGCTTCGT,0,4808688
ygeY_predicted,0.16666666666666666,5,5,CGAACATAAGTAAACGCCCA,0,4815435
ygeY_predicted,0.16666666666666666,5,5,CGAAACGTACCACTAAGTAC,0,4797278
ygeY_predicted,0.16666666666666666,5,5,CCTTTGCATAATCCTGAGCG,0,4796930
ygeY_predicted,0.16666666666666666,5,5,CCTTCGCTTCCGCCTTCGGG,0,4810533
ygeY_predicted,0.16666666666666666,5,5,CCTTAGTTAATGGGTATATT,0,4811451
ygeY_predicted,0.16666666666666666,5,5,CCTGTTCGGCTTCCTGACAG,0,4802583
ygeY_predicted,0.16666666666666666,5,5,CCTGGAAATGTCGAATAGGA,0,4798483
ygeY_predicted,0.16666666666666666,5,5,CCTGCCCGAGCTGGTGTCCA,0,4799833
ygeY_predicted,0.16666666666666666,5,5,CCTCTTGCTTTGATATTTCC,0,4798400
ygeY_predicted,0.16666666666666666,5,5,CCTCGCCGTGAGCACAGGAG,0,4796211
ygeY_predicted,0.16666666666666666,5,5,CCTCAGGTAATACGTGTGAA,0,4797833
ygeY_predicted,0.16666666666666666,5,5,CCTCACCCTCACATCTAAGT,0,4815070
ygeY_predicted,0.16666666666666666,5,5,CCTATTCGCCTTTATGTCTC,0,4804688
ygeY_predicted,0.16666666666666666,5,5,CCTACTAGCTAGACGTGGTT,0,4799829
ygeY_predicted,0.16666666666666666,5,5,CCGTGAAGTAAGCGGAACCC,0,4808405
ygeY_predicted,0.16666666666666666,5,5,CCGGTTTTTGAGCGAGTAAC,0,4804802
ygeY_predicted,0.16666666666666666,5,5,CCGGTTGTCTGACTCCCGAA,0,4796112
ygeY_predicted,0.16666666666666666,5,5,CCGGGAAACTTACAATGCGT,0,4815055
ygeY_predicted,0.16666666666666666,5,5,CCGGACGTGATTTTTTCGCG,0,4809815
ygeY_predicted,0.16666666666666666,5,5,CCGGAAAGCCTTCTTATTAG,0,4806815
ygeY_predicted,0.16666666666666666,5,5,CCGCAACTTTAGCCATTCGA,0,4799192
ygeY_predicted,0.16666666666666666,5,5,CCGACGCCAATCGCTTTTCA,0,4798666
ygeY_predicted,0.16666666666666666,5,5,CCGAAGGGTCCTGATTGTAA,0,4802571
ygeY_predicted,0.16666666666666666,5,5,CCCCGCTCCGATTTTAGGAA,0,4812984
ygeY_predicted,0.16666666666666666,5,5,CCCCGATGTATTTCAATCTT,0,4795491
ygeY_predicted,0.16666666666666666,5,5,CCCCAGACTGGAGCTATGCT,0,4801667
ygeY_predicted,0.16666666666666666,5,5,CCCAGCACTAAGGGCGACTA,0,4803420
ygeY_predicted,0.16666666666666666,5,5,CCCAGAGAAGTGACTTCATT,0,4798711
ygeY_predicted,0.16666666666666666,5,5,CCCACATCGATTGAAGGAAA,0,4814040
ygeY_predicted,0.16666666666666666,5,5,CCATCCGTAGCATCGTGAGA,0,4806739
ygeY_predicted,0.16666666666666666,5,5,CCATCACCGGGCCATACTTC,0,4811475
ygeY_predicted,0.16666666666666666,5,5,CCAGTCAGGACCTCAGAATG,0,4808171
ygeY_predicted,0.16666666666666666,5,5,CCAGAACTTTGCAGCAGACT,0,4810395
ygeY_predicted,0.16666666666666666,5,5,CCACGGCGCATGCACGTCAA,0,4804375
ygeY_predicted,0.16666666666666666,5,5,CCACCCGAGGGACCACAGCA,0,4801010
ygeY_predicted,0.16666666666666666,5,5,CCAAGGCGCTATAAGCCATT,0,4802007
ygeY_predicted,0.16666666666666666,5,5,CATGTTCATCCATGTATGGG,0,4814282
ygeY_predicted,0.16666666666666666,5,5,CATGTGTCCCAGTAATATTG,0,4808433
ygeY_predicted,0.16666666666666666,5,5,CATCAACCATTTGATCAGAG,0,4797967
ygeY_predicted,0.16666666666666666,5,5,CAGTTGTATCTAAGCTGTGG,0,4812829
ygeY_predicted,0.16666666666666666,5,5,CAGGTACGTCGCCCCTAGGA,0,4813846
ygeY_predicted,0.16666666666666666,5,5,CAGCTGGCCTTCCTAGATAA,0,4816110
ygeY_predicted,0.16666666666666666,5,5,CAGCGTTCACCGTATTCTAT,0,4803098
ygeY_predicted,0.16666666666666666,5,5,CAGCAATCGCGATAGAGGGT,0,4814635
ygeY_predicted,0.16666666666666666,5,5,CAGATGTAGAACCAGCGCGT,0,4795247
ygeY_predicted,0.16666666666666666,5,5,CAGAGCCGAGTATTCTAGCA,0,4808804
ygeY_predicted,0.16666666666666666,5,5,CAGAACTAGACATAACTGAT,0,4814332
ygeY_predicted,0.16666666666666666,5,5,CACGGTTGGACTATCGCTCT,0,4797516
ygeY_predicted,0.16666666666666666,5,5,CACGGTACGATGGTCCAAGT,0,4799119
ygeY_predicted,0.16666666666666666,5,5,CACCAGGGGAGAGGCAAAAA,0,4805100
ygeY_predicted,0.16666666666666666,5,5,CACCAAGAGGCTCTCGATCC,0,4804857
ygeY_predicted,0.16666666666666666,5,5,CACATCTGAGGCAAACTTGC,0,4805929
ygeY_predicted,0.16666666666666666,5,5,CACACCAGGTCTCACTCGTG,0,4799866
ygeY_predicted,0.16666666666666666,5,5,CACAAATGGTGGTGTAACGT,0,4801255
ygeY_predicted,0.16666666666666666,5,5,CAAGTAGGATGCAATAGGTA,0,4800963
ygeY_predicted,0.16666666666666666,5,5,CAACCGGATATTTGTGCCTT,0,4816987
ygeY_predicted,0.16666666666666666,5,5,CAAATGTGGTGATTCCTATT,0,4805165
ygeY_predicted,0.16666666666666666,5,5,CAAATCTTTTCTGCATAGAA,0,4817054
ygeY_predicted,0.16666666666666666,5,5,CAAAAATGTTCGGGTTGACT,0,4810200
ygeY_predicted,0.16666666666666666,5,5,ATTTTTCGATGTTTAGGTAG,0,4795370
ygeY_predicted,0.16666666666666666,5,5,ATTTTAGCGCGAGGATCGAC,0,4813080
ygeY_predicted,0.16666666666666666,5,5,ATTGTCACACACATTTACAA,0,4805994
ygeY_predicted,0.16666666666666666,5,5,ATTGCAGCTTTCAGTACAAG,0,4806909
ygeY_predicted,0.16666666666666666,5,5,ATTCCGCGACTATGAGAAAC,0,4794888
ygeY_predicted,0.16666666666666666,5,5,ATTATGGAGGTGGGAGTCCA,0,4797075
ygeY_predicted,0.16666666666666666,5,5,ATGTGGTCGGTGCTGGGACT,0,4798992
ygeY_predicted,0.16666666666666666,5,5,ATGGGCTGAACAAGCACCTA,0,4804993
ygeY_predicted,0.16666666666666666,5,5,ATGCTGGTCGCACTTACATA,0,4802273
ygeY_predicted,0.16666666666666666,5,5,ATCTAAAAACGAATTTGCGT,0,4809663
ygeY_predicted,0.16666666666666666,5,5,ATCAGTAAGTCGTTTGTCAT,0,4807823
ygeY_predicted,0.16666666666666666,5,5,ATCAGGACTCTTTATCCCAA,0,4803131
ygeY_predicted,0.16666666666666666,5,5,ATCAGCTTCAGCATACGGGA,0,4798036
ygeY_predicted,0.16666666666666666,5,5,ATATTTCCGAGTGCGTGGCG,0,4809069
ygeY_predicted,0.16666666666666666,5,5,ATAGAAGGAGAACACGCGAA,0,4808131
ygeY_predicted,0.16666666666666666,5,5,ATACAATGGCGTGCTACATG,0,4802219
ygeY_predicted,0.16666666666666666,5,5,ATAATTAGAGGTTATCCGGT,0,4800653
ygeY_predicted,0.16666666666666666,5,5,ATAAGAGCTTAGAGGAACAT,0,4814361
ygeY_predicted,0.16666666666666666,5,5,ATAAGAAGCTTCTCTTGTGA,0,4815410
ygeY_predicted,0.16666666666666666,5,5,AGTTGGCCATTAGAAATGGA,0,4798977
ygeY_predicted,0.16666666666666666,5,5,AGTGTCATCAGCTCTGCGGA,0,4812057
ygeY_predicted,0.16666666666666666,5,5,AGTGGCCATGACCTCGCATA,0,4809334
ygeY_predicted,0.16666666666666666,5,5,AGTCGGGGAGTCCTCGGGCA,0,4801400
ygeY_predicted,0.16666666666666666,5,5,AGTCAAGGGCATTTCACTTT,0,4801668
ygeY_predicted,0.16666666666666666,5,5,AGGTTTTCCCGATAGTGTGG,0,4798745
ygeY_predicted,0.16666666666666666,5,5,AGGTTCACTCTCCTCGGGCG,0,4797404
ygeY_predicted,0.16666666666666666,5,5,AGGTGTCCTCTAGTCACGCA,0,4815349
ygeY_predicted,0.16666666666666666,5,5,AGGTCCGGTCGCACCGATAC,0,4816144
ygeY_predicted,0.16666666666666666,5,5,AGGTCAGGTCTACAGGATCC,0,4802836
ygeY_predicted,0.16666666666666666,5,5,AGGTACAGGAACTGATGTCG,0,4795818
ygeY_predicted,0.16666666666666666,5,5,AGGGCATCAATGCCCGGCTC,0,4803394
ygeY_predicted,0.16666666666666666,5,5,AGGACTTAAAGGGGGTAATC,0,4809946
ygeY_predicted,0.16666666666666666,5,5,AGGAAGGGACGAGATCGATC,0,4796664
ygeY_predicted,0.16666666666666666,5,5,AGCTACTTGCACAATCTCAG,0,4796264
ygeY_predicted,0.16666666666666666,5,5,AGCGTGCGTCTATCCAGAGA,0,4797095
ygeY_predicted,0.16666666666666666,5,5,AGCGTCTGGCGTCAATGGTT,0,4815837
ygeY_predicted,0.16666666666666666,5,5,AGCGTCTGCCAAGGGGTTTG,0,4814560
ygeY_predicted,0.16666666666666666,5,5,AGCGTCCGGTATTAGGAATT,0,4802639
ygeY_predicted,0.16666666666666666,5,5,AGCGGGTTGCGCGGGGGTAG,0,4812640
ygeY_predicted,0.16666666666666666,5,5,AGCGGCTGGCTAGCAGGAGT,0,4805923
ygeY_predicted,0.16666666666666666,5,5,AGCGCCTATGTCCTGTCTAT,0,4797721
ygeY_predicted,0.16666666666666666,5,5,AGCGCCCATCATAGCATCAA,0,4798497
ygeY_predicted,0.16666666666666666,5,5,AGCGAATATACCAAAGAGCA,0,4803641
ygeY_predicted,0.16666666666666666,5,5,AGCCGCCTAGAAGATATCCA,0,4816070
ygeY_predicted,0.16666666666666666,5,5,AGCAACCGGTAGAGCTCAAC,0,4810238
ygeY_predicted,0.16666666666666666,5,5,AGATTATTCGTAATCACAAT,0,4811371
ygeY_predicted,0.16666666666666666,5,5,AGATAGCCTGGTTCTCCACA,0,4794926
ygeY_predicted,0.16666666666666666,5,5,AGAGGACCTTAAGCACCACT,0,4795046
ygeY_predicted,0.16666666666666666,5,5,AGAGACAAGTGATGAGTTAT,0,4803533
ygeY_predicted,0.16666666666666666,5,5,AGACGCGCACGGAAGGGGGC,0,4797911
ygeY_predicted,0.16666666666666666,5,5,AGAATGTGGCACATCGGCCC,0,4812184
ygeY_predicted,0.16666666666666666,5,5,AGAAACCATGTACGCTGAGT,0,4804844
ygeY_predicted,0.16666666666666666,5,5,ACTTGGGGTGTCTGGGTTCG,0,4807064
ygeY_predicted,0.16666666666666666,5,5,ACTTATTACAATATTTAAAA,0,4806672
ygeY_predicted,0.16666666666666666,5,5,ACTGTGATCGTCAGCATGGG,0,4812247
ygeY_predicted,0.16666666666666666,5,5,ACTGCGTTCGTCTACCGTCA,0,4797468
ygeY_predicted,0.16666666666666666,5,5,ACTCGCTAGCCAGTAACCCG,0,4815774
ygeY_predicted,0.16666666666666666,5,5,ACTCATTTGTCGCTGAGGCT,0,4796111
ygeY_predicted,0.16666666666666666,5,5,ACTAGCACGGGTTCTTGATT,0,4805047
ygeY_predicted,0.16666666666666666,5,5,ACGTCAGTGCCAACAGGTGG,0,4798978
ygeY_predicted,0.16666666666666666,5,5,ACGCGCCCCGAGGACGCAAG,0,4804362
ygeY_predicted,0.16666666666666666,5,5,ACGAGTATTCAACAAACGAC,0,4806006
ygeY_predicted,0.16666666666666666,5,5,ACGAAGGTAGTTCCTATTAG,0,4810615
ygeY_predicted,0.16666666666666666,5,5,ACCTTCGAGAGGTAGTCAGC,0,4801378
ygeY_predicted,0.16666666666666666,5,5,ACCTGTTCGGTTTGTAGGGG,0,4808885
ygeY_predicted,0.16666666666666666,5,5,ACCGGACCATATGTCGAGGG,0,4813066
ygeY_predicted,0.16666666666666666,5,5,ACCGCCCCAATAGAGTGCAA,0,4810198
ygeY_predicted,0.16666666666666666,5,5,ACCCATGCGGGGGTGCTTAC,0,4800787
ygeY_predicted,0.16666666666666666,5,5,ACCCAGAAAGTCAATGCTGT,0,4809677
ygeY_predicted,0.16666666666666666,5,5,ACCAGCACTCTACCGGTTAG,0,4808809
ygeY_predicted,0.16666666666666666,5,5,ACAGTGCCGGTACACAAGTT,0,4800595
ygeY_predicted,0.16666666666666666,5,5,ACACGATAAGAAGCTGAGGT,0,4806439
ygeY_predicted,0.16666666666666666,5,5,ACAAGTGATATACTCACGAC,0,4795872
ygeY_predicted,0.16666666666666666,5,5,AATTCGATGACTGCCCACAA,0,4807778
ygeY_predicted,0.16666666666666666,5,5,AATGGCGACTCGAGCTGTTG,0,4810812
ygeY_predicted,0.16666666666666666,5,5,AATGCGTACTAAAATACAGC,0,4807066
ygeY_predicted,0.16666666666666666,5,5,AATGCATGTACCTCCGGCAT,0,4798708
ygeY_predicted,0.16666666666666666,5,5,AATCTCGCTCCTATTGGATG,0,4808124
ygeY_predicted,0.16666666666666666,5,5,AATCGGCTCTTATCTATGGT,0,4795946
ygeY_predicted,0.16666666666666666,5,5,AATCGCAGGCTTAAGCCCGT,0,4797024
ygeY_predicted,0.16666666666666666,5,5,AATCGAGTAGTTATACTTCA,0,4805311
ygeY_predicted,0.16666666666666666,5,5,AATATACCGAACATGTGAGC,0,4797979
ygeY_predicted,0.16666666666666666,5,5,AAGGGCAGGGGCACGGAGAA,0,4797508
ygeY_predicted,0.16666666666666666,5,5,AAGGCGCACATTTTAGGATA,0,4803125
ygeY_predicted,0.16666666666666666,5,5,AAGCTTAGCCGTCCTGGATC,0,4808508
ygeY_predicted,0.16666666666666666,5,5,AAGCGGTATTCAACAGGTTA,0,4808027
ygeY_predicted,0.16666666666666666,5,5,AAGCAACCCCACTTGACCTG,0,4807651
ygeY_predicted,0.16666666666666666,5,5,AACGGAGGCTGTCGGGCACG,0,4804075
ygeY_predicted,0.16666666666666666,5,5,AACGACTTGTGGGCTTGAAA,0,4795970
ygeY_predicted,0.16666666666666666,5,5,AACCGTGTTCCTAGTCCGAC,0,4801111
ygeY_predicted,0.16666666666666666,5,5,AACATAGTGGCGCTCCGTAC,0,4799947
ygeY_predicted,0.16666666666666666,5,5,AACATACAATGGACAACTTT,0,4805683
ygeY_predicted,0.16666666666666666,5,5,AACAGCCCGGGAGTAAGACT,0,4816217
ygeY_predicted,0.16666666666666666,5,5,AAAGAGATTTCTCCGTCAGA,0,4804080
ygeY_predicted,0.2,4,4,TTTTATGGCCTCCACACATT,0,4797753
ygeY_predicted,0.2,4,4,TTTGGTGGATGTTGGATTAG,0,4803623
ygeY_predicted,0.2,4,4,TTTGGGGCCGCATCGCGTTG,0,4795147
ygeY_predicted,0.2,4,4,TTTGGCTACCCTGCGTATCG,0,4811609
ygeY_predicted,0.2,4,4,TTTGACTTAGCACATGTAAG,0,4801251
ygeY_predicted,0.2,4,4,TTTGAATGCGGAAGTATGCC,0,4800347
ygeY_predicted,0.2,4,4,TTTCCAGTGCAATTGCGAAG,0,4815440
ygeY_predicted,0.2,4,4,TTTATATGGGAAGTGTCTCA,0,4805003
ygeY_predicted,0.2,4,4,TTTATACGAAAGGATGCCGG,0,4815133
ygeY_predicted,0.2,4,4,TTTAGTCCAAGGGGATGCGA,0,4795808
ygeY_predicted,0.2,4,4,TTTAGTCACAGCTAATGTAG,0,4808775
ygeY_predicted,0.2,4,4,TTTAGCGAGTCTTTTGTTCA,0,4808899
ygeY_predicted,0.2,4,4,TTGTTCACGAATCAAGGTAA,0,4812041
ygeY_predicted,0.2,4,4,TTGGTTTCTTGTTAAGTCGG,0,4799907
ygeY_predicted,0.2,4,4,TTGGTAAAGAGTCCATCAGC,0,4809101
ygeY_predicted,0.2,4,4,TTGGCGGGTTGATTCAATCT,0,4809458
ygeY_predicted,0.2,4,4,TTGCTTCTTTGGAAGGCCTC,0,4805924
ygeY_predicted,0.2,4,4,TTGCGGTCTGACCACTTTAG,0,4809893
ygeY_predicted,0.2,4,4,TTCGGATTGGACACAGTCTT,0,4814487
ygeY_predicted,0.2,4,4,TTCGAACGGGTCGATGCTAC,0,4805006
ygeY_predicted,0.2,4,4,TTCCCGGTTCCAATAATTCG,0,4814726
ygeY_predicted,0.2,4,4,TTCCCAGCGTCTGATTAAGG,0,4796994
ygeY_predicted,0.2,4,4,TTCATCACAGCTTGATCGTT,0,4808825
ygeY_predicted,0.2,4,4,TTCAGGAGTAATTCCGGGCT,0,4810848
ygeY_predicted,0.2,4,4,TTCAATTCTGAGTGGTCCGA,0,4813730
ygeY_predicted,0.2,4,4,TTATCCGCCCAAGTGGGAGA,0,4804122
ygeY_predicted,0.2,4,4,TTATATTCGACTAACAAGTC,0,4800632
ygeY_predicted,0.2,4,4,TTAGATTATGCCTGCGCGGC,0,4810051
ygeY_predicted,0.2,4,4,TTACTATTAACCCCTATGTT,0,4798604
ygeY_predicted,0.2,4,4,TTAATTATTACTAACAACCA,0,4805017
ygeY_predicted,0.2,4,4,TGTTTCCTTATGGTGCGGCG,0,4801458
ygeY_predicted,0.2,4,4,TGTTCCGGGCGTCCCCCGCC,0,4797002
ygeY_predicted,0.2,4,4,TGTGTCGATCTGGCACTATA,0,4796959
ygeY_predicted,0.2,4,4,TGTGTCCTAGCTCTGTGTTT,0,4814089
ygeY_predicted,0.2,4,4,TGTGGTTAAGTGGACTGGTA,0,4799125
ygeY_predicted,0.2,4,4,TGTACTTCCTACATTCAAGC,0,4800368
ygeY_predicted,0.2,4,4,TGTACGACCCGACGGATCAG,0,4813262
ygeY_predicted,0.2,4,4,TGGTCATAGCTGGCAGTCGT,0,4800749
ygeY_predicted,0.2,4,4,TGGTCAGCACGCAGATGTCT,0,4801360
ygeY_predicted,0.2,4,4,TGGTATTCACGGGATAGGAC,0,4809988
ygeY_predicted,0.2,4,4,TGGGCTAATCTCTTACAGTT,0,4813671
ygeY_predicted,0.2,4,4,TGGGCATTGTAGAGTACGTC,0,4802874
ygeY_predicted,0.2,4,4,TGGGACCAGTTAAAGTTGCA,0,4805742
ygeY_predicted,0.2,4,4,TGGAGCAGAGAGGCGTCGGT,0,4814680
ygeY_predicted,0.2,4,4,TGGACTTGACCGTTCGTACG,0,4797798
ygeY_predicted,0.2,4,4,TGGAATATTGGACAAGTAAT,0,4815439
ygeY_predicted,0.2,4,4,TGCGTCGGCGTGTTCAGTTT,0,4805358
ygeY_predicted,0.2,4,4,TGCGGCCACACCTGGCAAAC,0,4816947
ygeY_predicted,0.2,4,4,TGCGCTAGGGGTTAAAGAGA,0,4807373
ygeY_predicted,0.2,4,4,TGCGATCTTATAGGGTGACG,0,4805797
ygeY_predicted,0.2,4,4,TGCCAACGATCAATAAGGCG,0,4800625
ygeY_predicted,0.2,4,4,TGAGTAGTCTATTCATTTTT,0,4800660
ygeY_predicted,0.2,4,4,TGAGGACCACTCATAAGTTT,0,4804529
ygeY_predicted,0.2,4,4,TGAGCGGATGCCCGTAACTG,0,4814001
ygeY_predicted,0.2,4,4,TGAAAGACTATGACAGAGTT,0,4813539
ygeY_predicted,0.2,4,4,TCTTGGCTAGATAAGGTCCG,0,4809053
ygeY_predicted,0.2,4,4,TCTTCTGTCTTTTGGCTCGA,0,4811252
ygeY_predicted,0.2,4,4,TCTGCACCGGCTCTCCCAAA,0,4810283
ygeY_predicted,0.2,4,4,TCTGAGTGCCCGATCTATGA,0,4814913
ygeY_predicted,0.2,4,4,TCTCCTAATACGTTTTTGTT,0,4812387
ygeY_predicted,0.2,4,4,TCTACCAGTGCCTCCTTTAC,0,4814636
ygeY_predicted,0.2,4,4,TCGTTCTAATTGCTCCCAGG,0,4800456
ygeY_predicted,0.2,4,4,TCGTATACAATTCTCACTCT,0,4809137
ygeY_predicted,0.2,4,4,TCGTACAGGGCCGAATGTAC,0,4809055
ygeY_predicted,0.2,4,4,TCGGGTTATATGTATCTCTG,0,4803176
ygeY_predicted,0.2,4,4,TCGGACTGTCCCGGAGCCTT,0,4796184
ygeY_predicted,0.2,4,4,TCGGACTATCGCTTTATGAA,0,4802596
ygeY_predicted,0.2,4,4,TCGACCATAACTCGCCACCA,0,4800435
ygeY_predicted,0.2,4,4,TCCGGTAGCTAAATCATTCC,0,4799313
ygeY_predicted,0.2,4,4,TCCCGACCTCAGCCCTTTAT,0,4805669
ygeY_predicted,0.2,4,4,TCCCCAAAACCGCTCAACAG,0,4805602
ygeY_predicted,0.2,4,4,TCCCACCTGGTTGAAACATA,0,4794948
ygeY_predicted,0.2,4,4,TCATGTTTAATGGGCAAGTT,0,4813833
ygeY_predicted,0.2,4,4,TCATCGGCTTTTCTAGATGG,0,4813783
ygeY_predicted,0.2,4,4,TCAGGGGGGGATAATCCGTG,0,4812223
ygeY_predicted,0.2,4,4,TCAGCACTCGCCTCAGCCAG,0,4807486
ygeY_predicted,0.2,4,4,TCAGATAGGACAGACACAGT,0,4801060
ygeY_predicted,0.2,4,4,TCACTGGATGGGGGGGCCAA,0,4806876
ygeY_predicted,0.2,4,4,TCACCCAGGGGTCGTCTCTT,0,4800869
ygeY_predicted,0.2,4,4,TCACAAGTACTGTCTCCCAC,0,4800955
ygeY_predicted,0.2,4,4,TATGACCAATTGGTTTATAA,0,4809282
ygeY_predicted,0.2,4,4,TATCACGCGCCAACCCTCCT,0,4810552
ygeY_predicted,0.2,4,4,TATATAGGCCACGCCTGGGA,0,4815223
ygeY_predicted,0.2,4,4,TATAGTAGGTTAAAGGACCT,0,4800717
ygeY_predicted,0.2,4,4,TATAGGGTGCATGAGCGAAA,0,4814203
ygeY_predicted,0.2,4,4,TATAAGAGAAGACGAGAACG,0,4800940
ygeY_predicted,0.2,4,4,TAGGAAACGAAGGACTCCGA,0,4805630
ygeY_predicted,0.2,4,4,TAGCTACGGTAGTTTTCGTA,0,4796625
ygeY_predicted,0.2,4,4,TAGCCCCCGCTGGAACTCGT,0,4805128
ygeY_predicted,0.2,4,4,TAGCATGCGCTTCCTCAGGT,0,4809525
ygeY_predicted,0.2,4,4,TACGTCAGGGCAAAGTTTAA,0,4803905
ygeY_predicted,0.2,4,4,TACGGGCTATCGCAAATTAG,0,4807674
ygeY_predicted,0.2,4,4,TACGATAGGTCTAAAGGACT,0,4810906
ygeY_predicted,0.2,4,4,TACGACGGAGGTGGGACTAT,0,4806472
ygeY_predicted,0.2,4,4,TACCGTCACTCGGGCTGAAA,0,4812052
ygeY_predicted,0.2,4,4,TACATTCATAGCGGGGTAAA,0,4811682
ygeY_predicted,0.2,4,4,TACATGCATGCGTGGCTGTC,0,4811184
ygeY_predicted,0.2,4,4,TAATCGTTAGATACGTACTT,0,4804616
ygeY_predicted,0.2,4,4,TAATCCGCGTGTCCAGCGCT,0,4795230
ygeY_predicted,0.2,4,4,TAAGGACAGCGTGTCAGCTT,0,4805782
ygeY_predicted,0.2,4,4,TAAGAGAAGGTAAAAGGACT,0,4811728
ygeY_predicted,0.2,4,4,TAACACCTTCCCCACTTTCC,0,4803351
ygeY_predicted,0.2,4,4,GTTTTTCTCCATTCAAGCTA,0,4810082
ygeY_predicted,0.2,4,4,GTTTTTAACGATACCTCATA,0,4815942
ygeY_predicted,0.2,4,4,GTTTGTTTGTTCCTCTGTTT,0,4796941
ygeY_predicted,0.2,4,4,GTTTGCGCGTGCCACCCAAG,0,4807913
ygeY_predicted,0.2,4,4,GTTTAGGGTGCCACGGCATT,0,4808777
ygeY_predicted,0.2,4,4,GTTGAAAAAACGTACCAATT,0,4804960
ygeY_predicted,0.2,4,4,GTTCCAGCCCGTACGATTGG,0,4804157
ygeY_predicted,0.2,4,4,GTTCAAGTGGAAGCAATTGC,0,4803858
ygeY_predicted,0.2,4,4,GTTAGTTCGGTCGATCTCGG,0,4811036
ygeY_predicted,0.2,4,4,GTTACACTCTTTGGTTCCAT,0,4795191
ygeY_predicted,0.2,4,4,GTGTGGACACGCAGAAGTTA,0,4810132
ygeY_predicted,0.2,4,4,GTGTCTTTGTGTGACATTAC,0,4803396
ygeY_predicted,0.2,4,4,GTGGGTGATGGCAGATGGAG,0,4797784
ygeY_predicted,0.2,4,4,GTGGGATCTAAGGGGGCGCA,0,4808514
ygeY_predicted,0.2,4,4,GTGCTAGGGCTGCCAAGGAT,0,4796034
ygeY_predicted,0.2,4,4,GTGATCATCCCCAATGAACG,0,4808429
ygeY_predicted,0.2,4,4,GTGACCCGGTTGTGTCAGAA,0,4801465
ygeY_predicted,0.2,4,4,GTGACATCGGGGGTCCCTCA,0,4800037
ygeY_predicted,0.2,4,4,GTCTGAGGCAGGTGATCCGC,0,4806767
ygeY_predicted,0.2,4,4,GTCGGCACTGCGTATAGACT,0,4803559
ygeY_predicted,0.2,4,4,GTCGCACCACCCCACAGCCT,0,4797760
ygeY_predicted,0.2,4,4,GTCCAATCCCCGGACGTGGT,0,4813021
ygeY_predicted,0.2,4,4,GTCAGGCCTAGCGGGGAGAT,0,4807204
ygeY_predicted,0.2,4,4,GTCACCATGATACGGGTCGG,0,4804618
ygeY_predicted,0.2,4,4,GTATATCTGGCATGAAACGA,0,4795828
ygeY_predicted,0.2,4,4,GTATAGGACTACTAAAAGTT,0,4806290
ygeY_predicted,0.2,4,4,GTAGTAGCAGATGTTACGAT,0,4812719
ygeY_predicted,0.2,4,4,GTAGGCCGAGTAGAGTTTGT,0,4807051
ygeY_predicted,0.2,4,4,GTACTGATGCGCCCCGCGGG,0,4796460
ygeY_predicted,0.2,4,4,GTACGTAGAATCAACTCCTG,0,4804536
ygeY_predicted,0.2,4,4,GTACCGCATAATCGTTCTGG,0,4795826
ygeY_predicted,0.2,4,4,GTACAAACATAGCCGACTGG,0,4805624
ygeY_predicted,0.2,4,4,GTAACCTGGAGAGAAGGCTC,0,4797654
ygeY_predicted,0.2,4,4,GTAAAGTCAGACCGAATCGC,0,4803709
ygeY_predicted,0.2,4,4,GGTTTAGATTTAGGTCAGAA,0,4797887
ygeY_predicted,0.2,4,4,GGTTTAATTCGCAAGAGTTA,0,4795042
ygeY_predicted,0.2,4,4,GGTTCTGAAGGGCTTGGGAC,0,4797052
ygeY_predicted,0.2,4,4,GGTTCTATTTTGGGCAGCAT,0,4803824
ygeY_predicted,0.2,4,4,GGTTAATAGCATTGAAGGGT,0,4803815
ygeY_predicted,0.2,4,4,GGTGTGTTTTACGGGCCCCT,0,4796132
ygeY_predicted,0.2,4,4,GGTGGGTGCTGCTTTTTGGG,0,4808526
ygeY_predicted,0.2,4,4,GGTGAACGTGTCCTGAGTAA,0,4807177
ygeY_predicted,0.2,4,4,GGTCTTAGCCCTGTGCCCCA,0,4796027
ygeY_predicted,0.2,4,4,GGTCCTGTTGATTCTAGCGC,0,4803488
ygeY_predicted,0.2,4,4,GGTCCTGGAACTATGACCGG,0,4813516
ygeY_predicted,0.2,4,4,GGTCCCCTTGAAACGACTAT,0,4813210
ygeY_predicted,0.2,4,4,GGTATTTGAGTCCAACTCGT,0,4811377
ygeY_predicted,0.2,4,4,GGTATAGGTCGGACTATTAT,0,4810887
ygeY_predicted,0.2,4,4,GGTAGATACCGCAGGTTGAG,0,4810108
ygeY_predicted,0.2,4,4,GGTACAGTAGTTAAAGACGG,0,4806478
ygeY_predicted,0.2,4,4,GGGTTATAACACCGAGGGCT,0,4808150
ygeY_predicted,0.2,4,4,GGGGTCTGAGACCGGCATGT,0,4804093
ygeY_predicted,0.2,4,4,GGGGTATGGAAGGTAAGATT,0,4803759
ygeY_predicted,0.2,4,4,GGGGCGTGGACTTAACCAAT,0,4813366
ygeY_predicted,0.2,4,4,GGGGACCAGAAAATTGGGGC,0,4813937
ygeY_predicted,0.2,4,4,GGGGACAGCCAATCCGGCTG,0,4801408
ygeY_predicted,0.2,4,4,GGGCGTACCTGAGGTTGCGG,0,4798042
ygeY_predicted,0.2,4,4,GGGCGCGCACGGAGCACTCT,0,4809523
ygeY_predicted,0.2,4,4,GGGATAACAGTCATGATGCA,0,4808822
ygeY_predicted,0.2,4,4,GGGAACGCAGATTATGCGGA,0,4795119
ygeY_predicted,0.2,4,4,GGCTTGATATTTTCTCTAAG,0,4813035
ygeY_predicted,0.2,4,4,GGCTGTTACAAATGTAGTAC,0,4801665
ygeY_predicted,0.2,4,4,GGCTCTGCATCTAAGCAACT,0,4800243
ygeY_predicted,0.2,4,4,GGCTACACGCGATTTTCAGA,0,4804175
ygeY_predicted,0.2,4,4,GGCTAATTCGCTACGGACCT,0,4807737
ygeY_predicted,0.2,4,4,GGCTAAATCCAGGCGCAGAT,0,4813122
ygeY_predicted,0.2,4,4,GGCGGCTAGTTAGGAGGGGA,0,4811412
ygeY_predicted,0.2,4,4,GGCGACCATGTATGAGTTGA,0,4804493
ygeY_predicted,0.2,4,4,GGCGAAGCACCTTTGCGGCA,0,4813655
ygeY_predicted,0.2,4,4,GGCCTGCCCGTGTATTCAGA,0,4813624
ygeY_predicted,0.2,4,4,GGCCCGTGCAGTGCACGTCT,0,4813011
ygeY_predicted,0.2,4,4,GGCCAATTACTTAGGAGTAA,0,4816782
ygeY_predicted,0.2,4,4,GGCCAACATGGTCTACTGTC,0,4803005
ygeY_predicted,0.2,4,4,GGCAATGTATTCACTGTGAG,0,4796556
ygeY_predicted,0.2,4,4,GGAGAAAGTCCAGGCCTTAC,0,4808059
ygeY_predicted,0.2,4,4,GGAACTTATTAACCGACAAA,0,4799520
ygeY_predicted,0.2,4,4,GGAAAAGCGACTTGGGGGTA,0,4797862
ygeY_predicted,0.2,4,4,GCTTCCCTCGCTTCAGCTCA,0,4806719
ygeY_predicted,0.2,4,4,GCTTACTAATGAATACCCCA,0,4799699
ygeY_predicted,0.2,4,4,GCTGCGGACGATGTACCTGG,0,4814585
ygeY_predicted,0.2,4,4,GCTGCCTAACTACCGTTTAA,0,4816884
ygeY_predicted,0.2,4,4,GCTCCAACATACTCTGGTTG,0,4803686
ygeY_predicted,0.2,4,4,GCTCAGTAACGGTATAAGTT,0,4807269
ygeY_predicted,0.2,4,4,GCTATCATCAGAGACTCACA,0,4797600
ygeY_predicted,0.2,4,4,GCTAGGATATACTTGAAACA,0,4812070
ygeY_predicted,0.2,4,4,GCGGTCCGTCCAGTGCCAAT,0,4807858
ygeY_predicted,0.2,4,4,GCGGGTCTTTTAAGGTTTTG,0,4809592
ygeY_predicted,0.2,4,4,GCGGGTAACTTGTTGGCACG,0,4801201
ygeY_predicted,0.2,4,4,GCGGGTAAACGTTTATTAAT,0,4804963
ygeY_predicted,0.2,4,4,GCGGGGTACTGATATTCTGA,0,4814790
ygeY_predicted,0.2,4,4,GCGCTCTGAGCGCAGGACCT,0,4803364
ygeY_predicted,0.2,4,4,GCGCGACTATGTAGGTATTT,0,4816291
ygeY_predicted,0.2,4,4,GCGCCCGGTACTACGTTATG,0,4800557
ygeY_predicted,0.2,4,4,GCGAGTCCCATATATTCGAT,0,4807773
ygeY_predicted,0.2,4,4,GCGACTTAAAATAATCCATA,0,4800421
ygeY_predicted,0.2,4,4,GCGACCGGGCCAAAAAGTAT,0,4801309
ygeY_predicted,0.2,4,4,GCGACAGTTACCGTCCCGCG,0,4811930
ygeY_predicted,0.2,4,4,GCGAAGTTCGCTTGGCCTAA,0,4797693
ygeY_predicted,0.2,4,4,GCCTGTGGGGTGGTCAGCCT,0,4798291
ygeY_predicted,0.2,4,4,GCCCAACTGAGTCCCTAAGC,0,4813705
ygeY_predicted,0.2,4,4,GCCATGTCCGCCTAGATGAA,0,4802493
ygeY_predicted,0.2,4,4,GCATCGACCATAGGCTCAAG,0,4815521
ygeY_predicted,0.2,4,4,GCATATATGTGGACATTACA,0,4810982
ygeY_predicted,0.2,4,4,GCAGTTCTTACAAAAATATT,0,4802723
ygeY_predicted,0.2,4,4,GCACGGGGGGCAAATGAGGG,0,4803692
ygeY_predicted,0.2,4,4,GCAAGTCGGAAGTGACCATA,0,4812165
ygeY_predicted,0.2,4,4,GCAACACGTCGTCCGCCCCT,0,4815319
ygeY_predicted,0.2,4,4,GATGTCTGTTTAAGCACTAA,0,4800492
ygeY_predicted,0.2,4,4,GATGTCAAACACCCGACCCT,0,4796644
ygeY_predicted,0.2,4,4,GATGGTCATCCAGGAATTAG,0,4795166
ygeY_predicted,0.2,4,4,GATGCTCGTACCAGGGGGCG,0,4812857
ygeY_predicted,0.2,4,4,GATGCAATTAAATACATGAA,0,4805652
ygeY_predicted,0.2,4,4,GATCGGAAACGATCTTTGTA,0,4813255
ygeY_predicted,0.2,4,4,GATAACCTCTAGAGACTACA,0,4811598
ygeY_predicted,0.2,4,4,GATAAACGGCCCGCTGTTAG,0,4809269
ygeY_predicted,0.2,4,4,GAGTACAACTCACCGGTCAC,0,4813346
ygeY_predicted,0.2,4,4,GAGGTAGGACGCAATCAATT,0,4813704
ygeY_predicted,0.2,4,4,GAGCTGGATCTTCTCTGTGA,0,4798101
ygeY_predicted,0.2,4,4,GAGCCCACCACCGGTTATGC,0,4798778
ygeY_predicted,0.2,4,4,GAGATATGGGGACAACCAAG,0,4814366
ygeY_predicted,0.2,4,4,GAGACTGCGTTAGATTCACC,0,4816935
ygeY_predicted,0.2,4,4,GACTTGTTGCGTTTGCCCTC,0,4805878
ygeY_predicted,0.2,4,4,GACTTGTTATCATGGACCTC,0,4804817
ygeY_predicted,0.2,4,4,GACTGCATAGTTTCTCAGAG,0,4803860
ygeY_predicted,0.2,4,4,GACTATGACTCGTCCTTACA,0,4806247
ygeY_predicted,0.2,4,4,GACTAGATTGTTAGTTGACA,0,4801271
ygeY_predicted,0.2,4,4,GACGCGGTAACATTGTCGAT,0,4813016
ygeY_predicted,0.2,4,4,GACCGTGGACTCCGGATCAA,0,4814994
ygeY_predicted,0.2,4,4,GACCCCGAGTGGGAGCAGAA,0,4808359
ygeY_predicted,0.2,4,4,GACATTCACGAGCCTAAACA,0,4796370
ygeY_predicted,0.2,4,4,GACAGCACCTATCTAGCTAC,0,4806099
ygeY_predicted,0.2,4,4,GAATTCGATGTCTTTGAGGT,0,4814270
ygeY_predicted,0.2,4,4,GAATGGAAGGTTTCGACTTC,0,4801712
ygeY_predicted,0.2,4,4,GAATCCGTGGCTTTCGGTGT,0,4798779
ygeY_predicted,0.2,4,4,GAATCAAACTAGGCCTAACC,0,4810699
ygeY_predicted,0.2,4,4,GAATACAGCACTCGTCCGGC,0,4809318
ygeY_predicted,0.2,4,4,GAATAATGAAGAGTGGATAC,0,4800950
ygeY_predicted,0.2,4,4,GAAGGGGGTACTTACTGTAA,0,4801322
ygeY_predicted,0.2,4,4,GAAGCGTAAGGTACCTGTAA,0,4803988
ygeY_predicted,0.2,4,4,GAAGAGTGCATCAAGTATGT,0,4807174
ygeY_predicted,0.2,4,4,GAAGAAAGTTAAATACCACT,0,4810423
ygeY_predicted,0.2,4,4,GAACTTGAGTGGACCCTAGG,0,4812206
ygeY_predicted,0.2,4,4,GAACAGAGAGTTTTTTTCCT,0,4805753
ygeY_predicted,0.2,4,4,GAAATCCGGGAGGGTCTAGT,0,4798838
ygeY_predicted,0.2,4,4,GAAAGCGTCTTGCGTCAATA,0,4806463
ygeY_predicted,0.2,4,4,GAAAATCACGTCAGCGGGGC,0,4811574
ygeY_predicted,0.2,4,4,GAAAATAGTTCGGTCCAAGT,0,4799831
ygeY_predicted,0.2,4,4,CTTTTCCACACCGACGGTGT,0,4802507
ygeY_predicted,0.2,4,4,CTTTGGCGGTCTGATTGATA,0,4798005
ygeY_predicted,0.2,4,4,CTTTCCTCATTCTGCGGACA,0,4801566
ygeY_predicted,0.2,4,4,CTTGGCGGTCTGAACCCTTG,0,4799292
ygeY_predicted,0.2,4,4,CTTCTTACAGGACATAGCTG,0,4795121
ygeY_predicted,0.2,4,4,CTTAAGCCATTGTGGTCGAG,0,4812364
ygeY_predicted,0.2,4,4,CTTAAGAACAGAGCCCCTGG,0,4800629
ygeY_predicted,0.2,4,4,CTGTGCTTAACCATCGGGTT,0,4796242
ygeY_predicted,0.2,4,4,CTGTCCAAGAGAGCGAGGGA,0,4802073
ygeY_predicted,0.2,4,4,CTGTCATGCGAAACGGGGTT,0,4808865
ygeY_predicted,0.2,4,4,CTGTACGTTTCTTGGTGAGT,0,4796376
ygeY_predicted,0.2,4,4,CTGGGGATGTGGGTAAACTT,0,4798229
ygeY_predicted,0.2,4,4,CTGCGTGCTATGCAGTATCA,0,4802033
ygeY_predicted,0.2,4,4,CTGCGTCTAAGTGGTTACTC,0,4806556
ygeY_predicted,0.2,4,4,CTGATGTCCGAGTGTATGCT,0,4798603
ygeY_predicted,0.2,4,4,CTGACTTTATCATATTAATG,0,4800079
ygeY_predicted,0.2,4,4,CTGAACTACTGGCGGGATCT,0,4813596
ygeY_predicted,0.2,4,4,CTCTGCATTGCATTGGCCAG,0,4800445
ygeY_predicted,0.2,4,4,CTCGAGGACATCCAAGTGAT,0,4796315
ygeY_predicted,0.2,4,4,CTCATTCATATGGTAGTCCG,0,4811338
ygeY_predicted,0.2,4,4,CTCAACCCCGGGTTGCGTCA,0,4809865
ygeY_predicted,0.2,4,4,CTCAACAGCGTTCACCTGGC,0,4808694
ygeY_predicted,0.2,4,4,CTACATTGTAATTGCATTAC,0,4806076
ygeY_predicted,0.2,4,4,CTACAGCGTCGGACTAGCTT,0,4813898
ygeY_predicted,0.2,4,4,CTAATGGACACTACGGGGTG,0,4809146
ygeY_predicted,0.2,4,4,CTAATCGGAAAGGCTGGATC,0,4796918
ygeY_predicted,0.2,4,4,CGTTTTCTAACGGACCTACC,0,4808707
ygeY_predicted,0.2,4,4,CGTTTTCAGATGAAACAACT,0,4798821
ygeY_predicted,0.2,4,4,CGTTTATTAAGGGGTCGGCC,0,4812515
ygeY_predicted,0.2,4,4,CGTTATAGCATTGAGGATAG,0,4802057
ygeY_predicted,0.2,4,4,CGTGCGAAATAGAAGACGAC,0,4812086
ygeY_predicted,0.2,4,4,CGTCGCAAGGATACTGTGAT,0,4800766
ygeY_predicted,0.2,4,4,CGTAGTCGTTAGCACCATTC,0,4806804
ygeY_predicted,0.2,4,4,CGGTTGCGCCACTTGGCTCG,0,4803090
ygeY_predicted,0.2,4,4,CGGTGGATTATTGTCTATCC,0,4809579
ygeY_predicted,0.2,4,4,CGGTCTTTTACAACGGCCCA,0,4813969
ygeY_predicted,0.2,4,4,CGGTCCGAACGACTACGAAT,0,4801737
ygeY_predicted,0.2,4,4,CGGGGATGCTCATTATATTT,0,4807624
ygeY_predicted,0.2,4,4,CGGGCGTTGCCCGTTACCAA,0,4804894
ygeY_predicted,0.2,4,4,CGGGCGGGTGGTAGTGTGTA,0,4808226
ygeY_predicted,0.2,4,4,CGGGATCGGCAATCTTCCAC,0,4797741
ygeY_predicted,0.2,4,4,CGGAGAAACATAAAAGCCGG,0,4797998
ygeY_predicted,0.2,4,4,CGCGGCCCATTTTCTTCGCT,0,4799946
ygeY_predicted,0.2,4,4,CGCGAACGAATGAAAGTCTT,0,4801824
ygeY_predicted,0.2,4,4,CGCCTCCACTTCCTACTATA,0,4809149
ygeY_predicted,0.2,4,4,CGCCGGGGGTTTGTCCGGCC,0,4811117
ygeY_predicted,0.2,4,4,CGCCATGATTAGCCCGGCTA,0,4796488
ygeY_predicted,0.2,4,4,CGCCAGTCCTACCAGAAGAC,0,4796963
ygeY_predicted,0.2,4,4,CGCATGCTGTCCGAACCTCT,0,4809668
ygeY_predicted,0.2,4,4,CGCAATCTCTCAAGGAAGGC,0,4804839
ygeY_predicted,0.2,4,4,CGATACATCGCTCCGGCCTC,0,4798417
ygeY_predicted,0.2,4,4,CGAGTAAGGCGTTAGGTTCT,0,4798167
ygeY_predicted,0.2,4,4,CGAGGATAAACGGCCAAGAC,0,4796770
ygeY_predicted,0.2,4,4,CGAGACGACCCGTAACGCCT,0,4813386
ygeY_predicted,0.2,4,4,CGACGTTTCCTTTAAAGTTG,0,4798089
ygeY_predicted,0.2,4,4,CGACGTCCGACGATCTCCTT,0,4797920
ygeY_predicted,0.2,4,4,CGAATATTATTTATGCAGCG,0,4807838
ygeY_predicted,0.2,4,4,CGAAGGATTTCGCCTAACAT,0,4801568
ygeY_predicted,0.2,4,4,CCTGTGGCCACCTCCTCCTA,0,4815958
ygeY_predicted,0.2,4,4,CCTGGCGCCTCTTTCCCCGG,0,4802746
ygeY_predicted,0.2,4,4,CCTGAGCCGTTTGGCGAGAC,0,4803230
ygeY_predicted,0.2,4,4,CCTCGAAAACTTTGGAAGAG,0,4807155
ygeY_predicted,0.2,4,4,CCTCATATGTAAACGCTACA,0,4809672
ygeY_predicted,0.2,4,4,CCTACTTAGCTAGCGTAGAC,0,4809615
ygeY_predicted,0.2,4,4,CCTAACGACCCCATGAGAGA,0,4797367
ygeY_predicted,0.2,4,4,CCGTTGGGACCCCATCGGTC,0,4812482
ygeY_predicted,0.2,4,4,CCGTTCCCGTTACTCCTTTC,0,4799453
ygeY_predicted,0.2,4,4,CCGTGAGTGCACAGCCAATC,0,4813565
ygeY_predicted,0.2,4,4,CCGTGAAAAGTTCTCATGCA,0,4814028
ygeY_predicted,0.2,4,4,CCGGGGGGCTGGGGGGACGG,0,4806141
ygeY_predicted,0.2,4,4,CCGCCGCTATACTCGTGAGT,0,4814187
ygeY_predicted,0.2,4,4,CCGATACAATGGTTGCTTGC,0,4804886
ygeY_predicted,0.2,4,4,CCGACCCGACCCCTTGATCA,0,4811739
ygeY_predicted,0.2,4,4,CCCTTGGCCCCGGCAAACCA,0,4813883
ygeY_predicted,0.2,4,4,CCCGACCATTACAGCGGCCC,0,4798108
ygeY_predicted,0.2,4,4,CCCATAATAGAAGAACTTTT,0,4816419
ygeY_predicted,0.2,4,4,CCCAGGACTAGGTCAGCGGA,0,4800740
ygeY_predicted,0.2,4,4,CCCAACACAGCCTCTCCGTA,0,4810666
ygeY_predicted,0.2,4,4,CCATCATCTGGACCCGGTGT,0,4816827
ygeY_predicted,0.2,4,4,CCAGTCTGCGTCAAGGCCTT,0,4815483
ygeY_predicted,0.2,4,4,CCAGGCACGTCACGCCATAG,0,4805201
ygeY_predicted,0.2,4,4,CCACTCCCGCTCATCGTGGG,0,4802615
ygeY_predicted,0.2,4,4,CCACGGGCACAGGTCGGCAA,0,4808494
ygeY_predicted,0.2,4,4,CCACGGGCAAATTTTTCCTA,0,4805658
ygeY_predicted,0.2,4,4,CCACGCACGCTTCGGATACA,0,4796428
ygeY_predicted,0.2,4,4,CCAACGTCTTGATATCATGT,0,4798751
ygeY_predicted,0.2,4,4,CCAAAGTTCGTGAACCCATT,0,4807528
ygeY_predicted,0.2,4,4,CATTTTCAATTCACGGAATA,0,4806570
ygeY_predicted,0.2,4,4,CATGTCGCCCTCATTCAGGT,0,4796478
ygeY_predicted,0.2,4,4,CATGGCTCTCCATCTTCTAT,0,4797717
ygeY_predicted,0.2,4,4,CATCGTCTAAACGTGCGTCA,0,4803936
ygeY_predicted,0.2,4,4,CATCGGTAAAGAAAGGACAA,0,4795292
ygeY_predicted,0.2,4,4,CATCGAAGCAGATACGACGA,0,4802351
ygeY_predicted,0.2,4,4,CATCAGATAATGTCATATCG,0,4798566
ygeY_predicted,0.2,4,4,CATAAGTTAGCCATTTGGTT,0,4802029
ygeY_predicted,0.2,4,4,CAGTGTGGTCACAGGGATAC,0,4809305
ygeY_predicted,0.2,4,4,CAGTCTGGCGGCTCTAATAA,0,4807619
ygeY_predicted,0.2,4,4,CAGTCGTGACTTCTTAGAGA,0,4800541
ygeY_predicted,0.2,4,4,CAGGTCGCCATGCGGTAATC,0,4813298
ygeY_predicted,0.2,4,4,CAGGCGGAAAACTACTTCGG,0,4803055
ygeY_predicted,0.2,4,4,CAGCAATCGAGGGACCCTGG,0,4810606
ygeY_predicted,0.2,4,4,CAGATTTTCGAAATATGGTT,0,4803142
ygeY_predicted,0.2,4,4,CAGAGACGAAGGGCCGTCAC,0,4808817
ygeY_predicted,0.2,4,4,CAGAAACGCTGGTGATAGTA,0,4804325
ygeY_predicted,0.2,4,4,CACGGAAGACGTCGCTCGCT,0,4809475
ygeY_predicted,0.2,4,4,CACGCATCAGACTTCGTACA,0,4814383
ygeY_predicted,0.2,4,4,CACGAGGTTGCGAATCCCGG,0,4803469
ygeY_predicted,0.2,4,4,CACGAGCTACCCGCAATTCC,0,4801332
ygeY_predicted,0.2,4,4,CACCCTTTCGGTTCAGCCAT,0,4812592
ygeY_predicted,0.2,4,4,CACCCGGATCCAGTCGCGGT,0,4803380
ygeY_predicted,0.2,4,4,CACCAGTGCATTATCAAACC,0,4811010
ygeY_predicted,0.2,4,4,CACACTAGAAGGGTACCTGA,0,4815063
ygeY_predicted,0.2,4,4,CAATCATAACGTTGTCTTAC,0,4796641
ygeY_predicted,0.2,4,4,CAATACCTGGGTGCTAGAGT,0,4814753
ygeY_predicted,0.2,4,4,CAACGGCGCTTCACCCAGGG,0,4804204
ygeY_predicted,0.2,4,4,CAAACTGACCGTACCTCCAA,0,4797562
ygeY_predicted,0.2,4,4,ATTTAGTGGATATAATCACT,0,4810923
ygeY_predicted,0.2,4,4,ATTGAGTATGAGATACTCTT,0,4805857
ygeY_predicted,0.2,4,4,ATTCTTAGCGAGGCCTCCGA,0,4795613
ygeY_predicted,0.2,4,4,ATTCAAGGACTGAAACCCAT,0,4802419
ygeY_predicted,0.2,4,4,ATTATTATCACGGCCACAAT,0,4795562
ygeY_predicted,0.2,4,4,ATTATAGTGCCACAAAGGAA,0,4801671
ygeY_predicted,0.2,4,4,ATGTTTCCTATAAAACGGCA,0,4800870
ygeY_predicted,0.2,4,4,ATGTTGGTTCCATAATATAG,0,4798809
ygeY_predicted,0.2,4,4,ATGTTCACCACGAATGCTTC,0,4810393
ygeY_predicted,0.2,4,4,ATGTTAACACATCGACGTCA,0,4801500
ygeY_predicted,0.2,4,4,ATGTCGGGCGGTTGTCAGTT,0,4813275
ygeY_predicted,0.2,4,4,ATGTCCTTGACGACTTCAGA,0,4804398
ygeY_predicted,0.2,4,4,ATGTAGCGGTTGTTTGCCCT,0,4811292
ygeY_predicted,0.2,4,4,ATGGGTGATCTCAACAGGGT,0,4809726
ygeY_predicted,0.2,4,4,ATGGCACAGCTTTTTTAATA,0,4799346
ygeY_predicted,0.2,4,4,ATGGAACCTGCACTTAGAAC,0,4799597
ygeY_predicted,0.2,4,4,ATGCTTTCTAAATGCCTGGA,0,4805958
ygeY_predicted,0.2,4,4,ATGCGGAATCATCACCGAGG,0,4813076
ygeY_predicted,0.2,4,4,ATGAGTTGCGTCAATTCCGG,0,4800694
ygeY_predicted,0.2,4,4,ATGAGCGCAAAATCGATGTA,0,4815325
ygeY_predicted,0.2,4,4,ATGACCACGACCCGCAGCAA,0,4802332
ygeY_predicted,0.2,4,4,ATGACACACTAGGCGTAACT,0,4804693
ygeY_predicted,0.2,4,4,ATGACAACGCTACAATCTGT,0,4811164
ygeY_predicted,0.2,4,4,ATCTGTATTTGATAAGTGTG,0,4805600
ygeY_predicted,0.2,4,4,ATCTATTGCCAGAACACTGG,0,4795243
ygeY_predicted,0.2,4,4,ATCTATACTGGAAGCGTACG,0,4809729
ygeY_predicted,0.2,4,4,ATCGTTATGTGAATATCCTT,0,4806096
ygeY_predicted,0.2,4,4,ATCGTAAAAATGCCGCGTGT,0,4813839
ygeY_predicted,0.2,4,4,ATCGGGTTACACTATCATCA,0,4810257
ygeY_predicted,0.2,4,4,ATCGGCGTTGCCCGAACGCA,0,4798933
ygeY_predicted,0.2,4,4,ATCGCATGCATACAGTACAG,0,4800712
ygeY_predicted,0.2,4,4,ATCGAACTCGGCTACTTTCA,0,4806601
ygeY_predicted,0.2,4,4,ATCCAGAACAGCAAAACTGG,0,4801460
ygeY_predicted,0.2,4,4,ATCAGTGATTAGCTTAAAGA,0,4798694
ygeY_predicted,0.2,4,4,ATCACGAATCGACAAAAGGA,0,4810270
ygeY_predicted,0.2,4,4,ATCAAGCTAGGATCACGCAG,0,4806467
ygeY_predicted,0.2,4,4,ATATCGTAGCCATATCAGGG,0,4806743
ygeY_predicted,0.2,4,4,ATACGCGGTCGCATTAAGGG,0,4799589
ygeY_predicted,0.2,4,4,ATACCCATCGCAAATATGCA,0,4802278
ygeY_predicted,0.2,4,4,ATAAGGAATGATATTTTATA,0,4801759
ygeY_predicted,0.2,4,4,ATAAATTAGGTGGCGTAGAC,0,4812900
ygeY_predicted,0.2,4,4,AGTTCCCTTGAGGAACCCCT,0,4798526
ygeY_predicted,0.2,4,4,AGTTCAGATGGATTTAAGGC,0,4813178
ygeY_predicted,0.2,4,4,AGTGTTCGATTAAACCGAGT,0,4810763
ygeY_predicted,0.2,4,4,AGTGTGCCGGGTTATAAGTC,0,4802279
ygeY_predicted,0.2,4,4,AGTGGATTGTCAATTGAAAC,0,4812867
ygeY_predicted,0.2,4,4,AGTGCCGGCGAGTCTCGCCG,0,4813309
ygeY_predicted,0.2,4,4,AGTCTGGTACACTGTCCAGT,0,4806816
ygeY_predicted,0.2,4,4,AGTCGTGTGGGGAGTCATAT,0,4807862
ygeY_predicted,0.2,4,4,AGTATTAAATTTGCAGTAGT,0,4805162
ygeY_predicted,0.2,4,4,AGTACTCGAAGACTGTTACT,0,4807837
ygeY_predicted,0.2,4,4,AGGTGAACATGATTTTTAGT,0,4804822
ygeY_predicted,0.2,4,4,AGGTCATTCCGCAAGGCCCC,0,4796784
ygeY_predicted,0.2,4,4,AGGTATAAGGAAACGCTCTA,0,4795881
ygeY_predicted,0.2,4,4,AGGGAACACTTGAGGTTCCT,0,4815130
ygeY_predicted,0.2,4,4,AGGCTTAAGAACCATCAGAC,0,4797017
ygeY_predicted,0.2,4,4,AGGCGTACCTTCCAAGAAAC,0,4803247
ygeY_predicted,0.2,4,4,AGGCGAGAAGGACCCGCGGA,0,4810632
ygeY_predicted,0.2,4,4,AGGCCTTTTTGCGTTCAAGG,0,4798611
ygeY_predicted,0.2,4,4,AGGAACGCGAAATCGCGTCA,0,4812155
ygeY_predicted,0.2,4,4,AGGAACATTTAAGGAGCGGC,0,4799615
ygeY_predicted,0.2,4,4,AGCTCGAGAGGCCCGCCGAA,0,4801008
ygeY_predicted,0.2,4,4,AGCGTCAGATTCATGCTTTC,0,4799479
ygeY_predicted,0.2,4,4,AGCGGTCGTAACGCACGGGT,0,4798615
ygeY_predicted,0.2,4,4,AGCGGATCAACAGAGGGTTA,0,4807085
ygeY_predicted,0.2,4,4,AGCGCCCCTACCGGTTCACA,0,4797684
ygeY_predicted,0.2,4,4,AGCCTTCAGGCTTTGCCGTT,0,4797116
ygeY_predicted,0.2,4,4,AGCCCTGTAATTATTTGAAG,0,4802815
ygeY_predicted,0.2,4,4,AGCCCATCGGCCCTTTAATC,0,4797250
ygeY_predicted,0.2,4,4,AGATGTGGGGGCTGAGAGCA,0,4809091
ygeY_predicted,0.2,4,4,AGATCATACGCATACTTGTA,0,4801197
ygeY_predicted,0.2,4,4,AGAGTTCGACGCAAGGTCCC,0,4797138
ygeY_predicted,0.2,4,4,AGAGCACATTCGCTAATATC,0,4804656
ygeY_predicted,0.2,4,4,AGAGAATGACCGACATACAG,0,4808231
ygeY_predicted,0.2,4,4,AGACCAGCCTATAAGCCGAA,0,4806114
ygeY_predicted,0.2,4,4,AGACACGCTCTAATTCCCTG,0,4798355
ygeY_predicted,0.2,4,4,AGAATTTCAGCGAGCAACAA,0,4799276
ygeY_predicted,0.2,4,4,AGAAGGGACATAGATATCCA,0,4811591
ygeY_predicted,0.2,4,4,ACTTGTCGGTCAGTGGAGAA,0,4805150
ygeY_predicted,0.2,4,4,ACTGTAAGTCTAAAGAGTAT,0,4808878
ygeY_predicted,0.2,4,4,ACTGGTATGACTTCACATCA,0,4805803
ygeY_predicted,0.2,4,4,ACTGATGACTTTTTCATCTT,0,4805384
ygeY_predicted,0.2,4,4,ACTCGGCATACATCTGCGTA,0,4815322
ygeY_predicted,0.2,4,4,ACTCGAACGAGGGTTAACTG,0,4815738
ygeY_predicted,0.2,4,4,ACTCAGCCGGGGGGGATAGT,0,4811439
ygeY_predicted,0.2,4,4,ACTATGGCTAGCTCAGCTGG,0,4813053
ygeY_predicted,0.2,4,4,ACTAGGGAGCTCTGGTTGCT,0,4810346
ygeY_predicted,0.2,4,4,ACGTGAGTACGTCCTTGAGT,0,4796395
ygeY_predicted,0.2,4,4,ACGGACTCAAGTAGACTCTA,0,4795926
ygeY_predicted,0.2,4,4,ACGCCCCAGCGCACTGAGTG,0,4800349
ygeY_predicted,0.2,4,4,ACGATTAGGTACACATACTC,0,4813061
ygeY_predicted,0.2,4,4,ACGAATATCATAGTGTACGA,0,4814192
ygeY_predicted,0.2,4,4,ACGAAGGTCGCCTTCCCATT,0,4796397
ygeY_predicted,0.2,4,4,ACGAAAGTCAACGATCACTA,0,4810585
ygeY_predicted,0.2,4,4,ACCTGACAACATTTTGTCTA,0,4801672
ygeY_predicted,0.2,4,4,ACCTCTGTAATGTTTAAGTC,0,4804504
ygeY_predicted,0.2,4,4,ACCGTCTTTACGGCAAGTCA,0,4801618
ygeY_predicted,0.2,4,4,ACCGGCGCACAACGCCTGAA,0,4806819
ygeY_predicted,0.2,4,4,ACCGCTAATACTTATGTAAT,0,4802924
ygeY_predicted,0.2,4,4,ACCGCATGTACGGGTAAGGT,0,4801891
ygeY_predicted,0.2,4,4,ACCCTTTACCTAAAATCATG,0,4816396
ygeY_predicted,0.2,4,4,ACCCTTAATATACGGGCGAC,0,4799645
ygeY_predicted,0.2,4,4,ACCCGAGGTTGCCGGGTTGT,0,4798681
ygeY_predicted,0.2,4,4,ACCATTATCTCCGGTAGACT,0,4805941
ygeY_predicted,0.2,4,4,ACCAATCCTCACAGGGATAA,0,4815638
ygeY_predicted,0.2,4,4,ACATGCTATTACCGACTTAT,0,4806087
ygeY_predicted,0.2,4,4,ACAGGCATTCGGGGAAAGGA,0,4802294
ygeY_predicted,0.2,4,4,ACAGGACCACCCGACGTCGA,0,4802195
ygeY_predicted,0.2,4,4,ACAGATACCGATCGTGATGA,0,4807603
ygeY_predicted,0.2,4,4,ACACGGAGATTCGTAGTTAC,0,4795989
ygeY_predicted,0.2,4,4,ACACAGATCTGAATCCTGAA,0,4808667
ygeY_predicted,0.2,4,4,ACAATTTCTGTCTACCCGAT,0,4807909
ygeY_predicted,0.2,4,4,ACAAGAGCCTTCCACTAGAC,0,4799712
ygeY_predicted,0.2,4,4,ACAACTGTCCACCGTCCTTG,0,4810966
ygeY_predicted,0.2,4,4,AATTCTTGGCCACGCGCGAA,0,4806771
ygeY_predicted,0.2,4,4,AATTCGGGAGGCGGCAATCC,0,4816423
ygeY_predicted,0.2,4,4,AATGTTAAGCTAAGTCAAGC,0,4812220
ygeY_predicted,0.2,4,4,AATCGTTCGTTAACGCGGTC,0,4805276
ygeY_predicted,0.2,4,4,AATACTCGTTCGTTCTCCAA,0,4803022
ygeY_predicted,0.2,4,4,AATACCTTTAGTACATTAGA,0,4812394
ygeY_predicted,0.2,4,4,AATAACTTTAGCTATTGCTC,0,4808955
ygeY_predicted,0.2,4,4,AATAAACCATCCACCAGTAA,0,4796294
ygeY_predicted,0.2,4,4,AAGTTGAGAAGGATGCAAAC,0,4797309
ygeY_predicted,0.2,4,4,AAGTTAAACGAAGTATCCGA,0,4805568
ygeY_predicted,0.2,4,4,AAGTGATGCCGAGCGACGGT,0,4809275
ygeY_predicted,0.2,4,4,AAGGTGCCATAGCCGAGCTC,0,4806423
ygeY_predicted,0.2,4,4,AAGGGACATTGAGTGTACGT,0,4800444
ygeY_predicted,0.2,4,4,AAGGCAGCAATTCCGGTGAG,0,4815392
ygeY_predicted,0.2,4,4,AAGGACATCCTTCCTTAACC,0,4798481
ygeY_predicted,0.2,4,4,AAGCAAAGGAGCGTTACTCA,0,4808471
ygeY_predicted,0.2,4,4,AAGATACGAGCACATCTAAC,0,4807758
ygeY_predicted,0.2,4,4,AACTCGAATGCGCTGTCCTC,0,4796772
ygeY_predicted,0.2,4,4,AACGTCACGAATGATACTGC,0,4806878
ygeY_predicted,0.2,4,4,AACGGCAACGAGTGCCCGCA,0,4805942
ygeY_predicted,0.2,4,4,AACGATGGAACGCCTTAGGT,0,4811700
ygeY_predicted,0.2,4,4,AACCTACGGGCGGCCCTATG,0,4795369
ygeY_predicted,0.2,4,4,AACCGGCTTTAACGTCGAGC,0,4810961
ygeY_predicted,0.2,4,4,AACAGGCAGGGACGCACCGA,0,4798105
ygeY_predicted,0.2,4,4,AAATGTGGCCTTTGCCGCTG,0,4810473
ygeY_predicted,0.2,4,4,AAAGGACACCCGATACTTAG,0,4811012
ygeY_predicted,0.2,4,4,AAACGACCGTTTAAGTAACA,0,4812191
ygeY_predicted,0.2,4,4,AAAATTAGAGCTAGCCCTAT,0,4797025
ygeY_predicted,0.2,4,4,AAAAGTCTAGGTTATGAATT,0,4807499
ygeY_predicted,0.2,4,4,AAAAAGACAAATATTAACAC,0,4807717
ygeY_predicted,0.25,3,3,TTTTTATTACCTGGTTACAC,0,4804982
ygeY_predicted,0.25,3,3,TTTTTAATCGGACGCGGAAC,0,4808333
ygeY_predicted,0.25,3,3,TTTTGGTGACAACGCCCGGA,0,4796780
ygeY_predicted,0.25,3,3,TTTTACACGGCGGCCATCGA,0,4812282
ygeY_predicted,0.25,3,3,TTTGTTCGGATTATACACCT,0,4814557
ygeY_predicted,0.25,3,3,TTTGGATCTTGCGCTCCAGT,0,4805323
ygeY_predicted,0.25,3,3,TTTGATTCAGTTAGAAAGAA,0,4798884
ygeY_predicted,0.25,3,3,TTTGACGGCAAGAGAGCTAC,0,4797456
ygeY_predicted,0.25,3,3,TTTCCGTCATTTCTAACGGA,0,4802531
ygeY_predicted,0.25,3,3,TTTCAGGCAGTGTAAAAACC,0,4801791
ygeY_predicted,0.25,3,3,TTTATCCGATTCTGGTCAAA,0,4814223
ygeY_predicted,0.25,3,3,TTTAGTGGCGCTTGCGCTCG,0,4809364
ygeY_predicted,0.25,3,3,TTTAGGGTTCGAACTACCCA,0,4813161
ygeY_predicted,0.25,3,3,TTTACTATTCTTATTCTGCT,0,4804034
ygeY_predicted,0.25,3,3,TTTAATTCTGGAGTCAAGTC,0,4803014
ygeY_predicted,0.25,3,3,TTTAACTAGCTCGTTGCTTC,0,4810465
ygeY_predicted,0.25,3,3,TTGTGGGGGGTTATTTTGGT,0,4810378
ygeY_predicted,0.25,3,3,TTGTGCCTTGTGGGACCAGC,0,4807423
ygeY_predicted,0.25,3,3,TTGTCGTAGAGTGTGTTACA,0,4805922
ygeY_predicted,0.25,3,3,TTGTATTTGGATAAAAATCA,0,4807248
ygeY_predicted,0.25,3,3,TTGGTTTACCGTGAACCCGT,0,4812502
ygeY_predicted,0.25,3,3,TTGGGGCGGTCCTTTGAGAG,0,4804018
ygeY_predicted,0.25,3,3,TTGGCATACAGGGTCTAACA,0,4810631
ygeY_predicted,0.25,3,3,TTGCTGGCCCGGCGAAGTCA,0,4810808
ygeY_predicted,0.25,3,3,TTGCTGCGGCGAAGTGTATA,0,4815280
ygeY_predicted,0.25,3,3,TTGCTCACTAAGCCCAGCAA,0,4807779
ygeY_predicted,0.25,3,3,TTGCTAAAGATGACGGGTGA,0,4815920
ygeY_predicted,0.25,3,3,TTGCCTTTCGGCATCGACTT,0,4796829
ygeY_predicted,0.25,3,3,TTGAAAAGCGCCTGGAAGCT,0,4797445
ygeY_predicted,0.25,3,3,TTCTTTTTATGGGCGCCGAG,0,4797584
ygeY_predicted,0.25,3,3,TTCTAGGACGATAACGTAGG,0,4801350
ygeY_predicted,0.25,3,3,TTCTACGTTCTTGGACTCGT,0,4807988
ygeY_predicted,0.25,3,3,TTCGGTCGCAGATGCGATGT,0,4806265
ygeY_predicted,0.25,3,3,TTCGGCACGGAGGGCTTAAG,0,4816418
ygeY_predicted,0.25,3,3,TTCGCTATAGACGTGATTTC,0,4811051
ygeY_predicted,0.25,3,3,TTCGCCATCACAACAGCAGT,0,4801499
ygeY_predicted,0.25,3,3,TTCGACGTTCTCAAGATGCC,0,4814981
ygeY_predicted,0.25,3,3,TTCGAAAGGGCTTAGTCCTA,0,4802295
ygeY_predicted,0.25,3,3,TTCCTACTCACGTAGCGCTA,0,4806072
ygeY_predicted,0.25,3,3,TTCCACAGGAATTTACGCAG,0,4802420
ygeY_predicted,0.25,3,3,TTCACTAATTCGGGGGCCTT,0,4798106
ygeY_predicted,0.25,3,3,TTCAATAGACGACCCGTCAG,0,4813081
ygeY_predicted,0.25,3,3,TTATGGGATTATGTACATAT,0,4795959
ygeY_predicted,0.25,3,3,TTAGGTTGCTTACCTGGGAA,0,4808001
ygeY_predicted,0.25,3,3,TTAGGGCTAAAAGTTTCGTG,0,4797448
ygeY_predicted,0.25,3,3,TTACTTTATCCAGATACTAG,0,4799849
ygeY_predicted,0.25,3,3,TTACCATCAAGGCGCTCGCC,0,4794972
ygeY_predicted,0.25,3,3,TTACATAACCAACCAATTAG,0,4815965
ygeY_predicted,0.25,3,3,TTACAAGGGCTGAACCTAGG,0,4803799
ygeY_predicted,0.25,3,3,TTAATTGGCAAATACCGAGA,0,4805417
ygeY_predicted,0.25,3,3,TTAATCGGGCCATCCCACAT,0,4808393
ygeY_predicted,0.25,3,3,TTAATAATTAGGCCCTAATA,0,4814369
ygeY_predicted,0.25,3,3,TTAACGGATTAGAGCATGTC,0,4805440
ygeY_predicted,0.25,3,3,TTAAAAGCTTCACGGCGGGA,0,4811843
ygeY_predicted,0.25,3,3,TGTTGCCGCATTGTTCATCT,0,4801310
ygeY_predicted,0.25,3,3,TGTTACAGACCTAACCGTCC,0,4816910
ygeY_predicted,0.25,3,3,TGTGTATCTTGTAATATCAA,0,4809684
ygeY_predicted,0.25,3,3,TGTGGGGGACTGCGCAGAAA,0,4806208
ygeY_predicted,0.25,3,3,TGTGACAGTACTGGGCGACA,0,4809480
ygeY_predicted,0.25,3,3,TGTCGATACTTCAGTCCAAT,0,4810626
ygeY_predicted,0.25,3,3,TGTATTGAAACCGTTCGCAT,0,4812582
ygeY_predicted,0.25,3,3,TGTAACCAAGTAGACAAGAA,0,4798334
ygeY_predicted,0.25,3,3,TGGTTTATAGTCACCATGAC,0,4795704
ygeY_predicted,0.25,3,3,TGGTGGCATAATATGTCCGT,0,4802971
ygeY_predicted,0.25,3,3,TGGGTCAGCAGCCAGTTCAT,0,4803976
ygeY_predicted,0.25,3,3,TGGGCTATTGCGCACTCATG,0,4813583
ygeY_predicted,0.25,3,3,TGGGACGACTGGCGATCCTG,0,4800523
ygeY_predicted,0.25,3,3,TGGGACCAAGGAGTACTTCT,0,4805345
ygeY_predicted,0.25,3,3,TGGCTGGGTGCCTCAACACA,0,4805860
ygeY_predicted,0.25,3,3,TGGCGGACCAGTTTCGCGAG,0,4806172
ygeY_predicted,0.25,3,3,TGGCCTTACCGGTGTTATCA,0,4797394
ygeY_predicted,0.25,3,3,TGGCACACGAGCAAGCGGTA,0,4812586
ygeY_predicted,0.25,3,3,TGGACGATGGTGACCGCACG,0,4799327
ygeY_predicted,0.25,3,3,TGGACCCCTAGGATCGCAGG,0,4811281
ygeY_predicted,0.25,3,3,TGGACATCTGTAATTACATC,0,4808881
ygeY_predicted,0.25,3,3,TGCTCTCAAGGTTCGAGGAT,0,4812862
ygeY_predicted,0.25,3,3,TGCTAAGGTACCGGCCGTTG,0,4798537
ygeY_predicted,0.25,3,3,TGCGTGAATCGAAGGCGAAA,0,4797224
ygeY_predicted,0.25,3,3,TGCGTCAGCTAAGGGGAGAA,0,4803129
ygeY_predicted,0.25,3,3,TGCGTATCTGTAAAGTTACA,0,4806307
ygeY_predicted,0.25,3,3,TGCGGGGTGCGCCCAGAACA,0,4806061
ygeY_predicted,0.25,3,3,TGCGGCCGCAGCTACTATAA,0,4813870
ygeY_predicted,0.25,3,3,TGCGGACATAAACAGGGTGG,0,4800117
ygeY_predicted,0.25,3,3,TGCGCGATCTTCAAGAGAGG,0,4811946
ygeY_predicted,0.25,3,3,TGCGCAACACTATCCGGTAC,0,4798311
ygeY_predicted,0.25,3,3,TGCGATGGTATACAGGATAA,0,4809228
ygeY_predicted,0.25,3,3,TGCGAGCGACGAATATATGA,0,4813126
ygeY_predicted,0.25,3,3,TGCCTGGGATATGCTGTGGT,0,4804260
ygeY_predicted,0.25,3,3,TGCCTGAGTAGCGGGCGTAC,0,4797496
ygeY_predicted,0.25,3,3,TGCCGATACGCATAATTGAG,0,4814948
ygeY_predicted,0.25,3,3,TGCATCCAAGGAGTGTGTGC,0,4816256
ygeY_predicted,0.25,3,3,TGCACAAGGTTGCCAAACGT,0,4814738
ygeY_predicted,0.25,3,3,TGCAACCAGTAGCTCAAGAC,0,4811323
ygeY_predicted,0.25,3,3,TGATTAATCGGATACCACAA,0,4805328
ygeY_predicted,0.25,3,3,TGATGGCGTCTGACGGCGCT,0,4803903
ygeY_predicted,0.25,3,3,TGATAAAATGCAAACTCTTT,0,4810866
ygeY_predicted,0.25,3,3,TGAGGTGACTTTTTGTGGGT,0,4810502
ygeY_predicted,0.25,3,3,TGAGGTACGTCTTGGCGATG,0,4806357
ygeY_predicted,0.25,3,3,TGACGGCAGACCGATCTTAC,0,4804990
ygeY_predicted,0.25,3,3,TGACGCGGCAAGTTTACTTA,0,4802032
ygeY_predicted,0.25,3,3,TGACGCCACGTGTTCAGGCA,0,4803899
ygeY_predicted,0.25,3,3,TGACCCGTCGCAACGTGTTC,0,4804647
ygeY_predicted,0.25,3,3,TGAATATTTAGGGTCCGACA,0,4805719
ygeY_predicted,0.25,3,3,TGAAGGGTTCACCTTAGCTC,0,4801272
ygeY_predicted,0.25,3,3,TCTTTCAAAACAAATGTCCG,0,4798837
ygeY_predicted,0.25,3,3,TCTTTACTTCCATTGACTTT,0,4811949
ygeY_predicted,0.25,3,3,TCTTAAATAGTACCATAAAG,0,4809990
ygeY_predicted,0.25,3,3,TCTGGGAATCTGCAATGTAA,0,4797249
ygeY_predicted,0.25,3,3,TCTCTTCATGATTCCCTGAA,0,4809846
ygeY_predicted,0.25,3,3,TCTCTCGGTACGTTTAGCGG,0,4813506
ygeY_predicted,0.25,3,3,TCTCGCGACTTACTGAACGA,0,4800354
ygeY_predicted,0.25,3,3,TCTCGCCAATCCTTGATAGA,0,4813566
ygeY_predicted,0.25,3,3,TCTCCTACTTTCAGGTATAT,0,4797754
ygeY_predicted,0.25,3,3,TCTCAGTACAGGCACAGATG,0,4813827
ygeY_predicted,0.25,3,3,TCTAGATTTTTTCCCGTTGC,0,4814074
ygeY_predicted,0.25,3,3,TCTAAGTGAATTATTGGATA,0,4797124
ygeY_predicted,0.25,3,3,TCGTGCCTATTCCTGCTCCA,0,4798220
ygeY_predicted,0.25,3,3,TCGTGAAACTCTTTCATTCT,0,4795511
ygeY_predicted,0.25,3,3,TCGTCGTGGCGTGCGGTTCC,0,4795512
ygeY_predicted,0.25,3,3,TCGTACCGCGGACGGCTTTA,0,4803711
ygeY_predicted,0.25,3,3,TCGGTGCGGACGTGTCATTG,0,4814845
ygeY_predicted,0.25,3,3,TCGGTCTTCCGATGCCGGAG,0,4802188
ygeY_predicted,0.25,3,3,TCGGTCATACCTGCCCCGAT,0,4806083
ygeY_predicted,0.25,3,3,TCGGCCCGTCCAAAGCGCGT,0,4797513
ygeY_predicted,0.25,3,3,TCGGATTCGAAATGGTCGTG,0,4797299
ygeY_predicted,0.25,3,3,TCGCTGCCTGTCCATTCCCC,0,4813515
ygeY_predicted,0.25,3,3,TCGCTGAAGAAGTCTAAAAA,0,4811870
ygeY_predicted,0.25,3,3,TCGCGTTTCGTGCCGTTCTC,0,4801923
ygeY_predicted,0.25,3,3,TCGCGATGGGGACAACGCTG,0,4807959
ygeY_predicted,0.25,3,3,TCGCGATGGCCAGGGCACCA,0,4795822
ygeY_predicted,0.25,3,3,TCGAGGCCTGAAGGGAACAA,0,4796348
ygeY_predicted,0.25,3,3,TCGACAGTAGAAACTGGTCC,0,4799286
ygeY_predicted,0.25,3,3,TCGAATGGTGAGTAAAGCGG,0,4803257
ygeY_predicted,0.25,3,3,TCCTTCAGCTGCCGGTTATC,0,4810425
ygeY_predicted,0.25,3,3,TCCTGAAGGCAGCTCAGGGA,0,4806418
ygeY_predicted,0.25,3,3,TCCATCATTACATAGTGCCG,0,4802601
ygeY_predicted,0.25,3,3,TCCACTCCCTCGTGCATGAG,0,4806974
ygeY_predicted,0.25,3,3,TCATTTAACCTGTCCTGCGT,0,4815027
ygeY_predicted,0.25,3,3,TCATTCGTTGGAGGGCGGTC,0,4800394
ygeY_predicted,0.25,3,3,TCATTATCACTCGTGGGACT,0,4806223
ygeY_predicted,0.25,3,3,TCATAGACCGTGCACCACGC,0,4795400
ygeY_predicted,0.25,3,3,TCAGTATTACCTAAGGGCCG,0,4805900
ygeY_predicted,0.25,3,3,TCACAAGCGTGACCACCCGT,0,4800562
ygeY_predicted,0.25,3,3,TCAACCTCTCTAAGGTTCAG,0,4815548
ygeY_predicted,0.25,3,3,TCAACCCCAATGCGGGTTGA,0,4808372
ygeY_predicted,0.25,3,3,TCAAACTCCCGGTCGCGTCC,0,4798186
ygeY_predicted,0.25,3,3,TATTGAAGAGGTGCGACTCT,0,4801127
ygeY_predicted,0.25,3,3,TATTCTGTGCGAATCGGGAA,0,4816454
ygeY_predicted,0.25,3,3,TATTCCATGTGACCATACAT,0,4802292
ygeY_predicted,0.25,3,3,TATGGGTTGTACACGAAGAG,0,4797957
ygeY_predicted,0.25,3,3,TATGGGTCTAGCTCTTGAAT,0,4816227
ygeY_predicted,0.25,3,3,TATGGGCACACGTTACAGAG,0,4812270
ygeY_predicted,0.25,3,3,TATGGATAAAACGTGGGTAT,0,4802653
ygeY_predicted,0.25,3,3,TATGCATGTATCATGGTGTA,0,4815021
ygeY_predicted,0.25,3,3,TATGATCGTGTAATAAGAGG,0,4812802
ygeY_predicted,0.25,3,3,TATGAGACGGCCAAAGACTC,0,4815005
ygeY_predicted,0.25,3,3,TATGACTTAGGCGTTGGCGA,0,4799706
ygeY_predicted,0.25,3,3,TATCGGGGATATGGAGCACT,0,4814441
ygeY_predicted,0.25,3,3,TATCGCAAAACCGGCCACTA,0,4816858
ygeY_predicted,0.25,3,3,TATCCAGACGCCTTTTTAGA,0,4814816
ygeY_predicted,0.25,3,3,TATCCAATTTTCATAGCGTT,0,4800245
ygeY_predicted,0.25,3,3,TATATCCGAATCACTCGCGG,0,4808631
ygeY_predicted,0.25,3,3,TATAGGCGTTGCCGCATAGG,0,4795067
ygeY_predicted,0.25,3,3,TATACGACGAAACCGTGCGT,0,4799757
ygeY_predicted,0.25,3,3,TATACAAAACTCTGTATATA,0,4805071
ygeY_predicted,0.25,3,3,TATAAGAGTCACTTTTAATT,0,4808920
ygeY_predicted,0.25,3,3,TATAAAATCACGGCACTGGA,0,4795939
ygeY_predicted,0.25,3,3,TAGGTATTAGCCGTCCGACG,0,4810321
ygeY_predicted,0.25,3,3,TAGCTACGCGGGGTCCGATG,0,4795913
ygeY_predicted,0.25,3,3,TAGCGTTAGGCAATAAGTGT,0,4801510
ygeY_predicted,0.25,3,3,TAGCCGCGTTTGGATGTTTC,0,4813998
ygeY_predicted,0.25,3,3,TAGCATTGAACCAGCTCTAA,0,4814509
ygeY_predicted,0.25,3,3,TAGCATGATAAGTATCATTG,0,4814053
ygeY_predicted,0.25,3,3,TAGACACGACATCCTCCGGT,0,4803146
ygeY_predicted,0.25,3,3,TAGAATCACTGAATCTTCAA,0,4816975
ygeY_predicted,0.25,3,3,TACTATACCCAGCGCGTCCC,0,4806808
ygeY_predicted,0.25,3,3,TACTAATCGTTGGGCATCAG,0,4795768
ygeY_predicted,0.25,3,3,TACGTAAGATCTACCATTTG,0,4800631
ygeY_predicted,0.25,3,3,TACGGGCGTTGGTTGCGGTC,0,4815297
ygeY_predicted,0.25,3,3,TACGCAACTCTGGCCAAACC,0,4809464
ygeY_predicted,0.25,3,3,TACCCCGGATATACTTGGTT,0,4801193
ygeY_predicted,0.25,3,3,TACCCCCCCAGAACAGCAAC,0,4798422
ygeY_predicted,0.25,3,3,TACAGGTATACGAAGAAACA,0,4799663
ygeY_predicted,0.25,3,3,TAATCCGCATATACATCGAT,0,4807991
ygeY_predicted,0.25,3,3,TAATAACATCATGGCTTCTT,0,4809455
ygeY_predicted,0.25,3,3,TAAGACCAGGTCTCGTCAGG,0,4804092
ygeY_predicted,0.25,3,3,TAACGGACCTGGGAAGCACC,0,4806333
ygeY_predicted,0.25,3,3,TAACGAAGCTCGGACACGCT,0,4814244
ygeY_predicted,0.25,3,3,TAACCAGTATCTCTGACAGC,0,4816221
ygeY_predicted,0.25,3,3,TAAAAGAGTTCGCGCGATAT,0,4807190
ygeY_predicted,0.25,3,3,GTTTAATGTTAGGGACTCAA,0,4811143
ygeY_predicted,0.25,3,3,GTTGTTGAACAGAGCTCTGG,0,4808129
ygeY_predicted,0.25,3,3,GTTGATTCTGGGATTTCGAT,0,4796581
ygeY_predicted,0.25,3,3,GTTGATCGGCCAGGTGGCGG,0,4801081
ygeY_predicted,0.25,3,3,GTTCGGCTATCCTTAAGCAG,0,4796475
ygeY_predicted,0.25,3,3,GTTAGCGGCGCAAAGAATAC,0,4807933
ygeY_predicted,0.25,3,3,GTTAATCAAGGACCGTGTAA,0,4796670
ygeY_predicted,0.25,3,3,GTTAAGGTTACGGAAGGGAT,0,4802403
ygeY_predicted,0.25,3,3,GTGTTGTACACGGGAGCTGG,0,4795224
ygeY_predicted,0.25,3,3,GTGTTGACCGGTCAAAACTT,0,4798424
ygeY_predicted,0.25,3,3,GTGTCGCGTTCACTGGAAAT,0,4800231
ygeY_predicted,0.25,3,3,GTGGGGCTTGACTTGAGGGG,0,4810460
ygeY_predicted,0.25,3,3,GTGCGGCCCGGCACTATGCG,0,4812146
ygeY_predicted,0.25,3,3,GTCTTTCCGAATATGTAAAT,0,4798295
ygeY_predicted,0.25,3,3,GTCTGCTGGTTAAGGAGCAA,0,4814641
ygeY_predicted,0.25,3,3,GTCGTTGATCAGGTCTACTA,0,4806543
ygeY_predicted,0.25,3,3,GTCGGGTGCGATTTCAATTC,0,4802340
ygeY_predicted,0.25,3,3,GTCGGCAACTAACTCGTCAT,0,4802080
ygeY_predicted,0.25,3,3,GTCGAAGGCTCCGTATAGTT,0,4806020
ygeY_predicted,0.25,3,3,GTCCTGTACGGATATGCGTT,0,4801425
ygeY_predicted,0.25,3,3,GTCCCGCGTGTCCTTAACTA,0,4807536
ygeY_predicted,0.25,3,3,GTATCAGATCCGAAGTACGC,0,4797465
ygeY_predicted,0.25,3,3,GTAGTACGGCCGCAAACTAT,0,4809005
ygeY_predicted,0.25,3,3,GTAGTAACACTGGACGGGCA,0,4802397
ygeY_predicted,0.25,3,3,GTAGGGCGGTGCATATATGG,0,4801137
ygeY_predicted,0.25,3,3,GTAGCGTGGCGCCGCCTCCT,0,4812451
ygeY_predicted,0.25,3,3,GTAGCAATTGTTCGTTTGTT,0,4798379
ygeY_predicted,0.25,3,3,GTAGATCTGCCACCCGAGTA,0,4812329
ygeY_predicted,0.25,3,3,GTAGAGGCATAGCTTATAGC,0,4799646
ygeY_predicted,0.25,3,3,GTACGTGCGAAAGGAAAGAA,0,4803632
ygeY_predicted,0.25,3,3,GTACGCTCTCCACAATGGCG,0,4813861
ygeY_predicted,0.25,3,3,GTACCTAGACTCTTAACTGG,0,4806074
ygeY_predicted,0.25,3,3,GTACATCGATTTCTTTGGTA,0,4810141
ygeY_predicted,0.25,3,3,GTACAAATGGAGGAGGCATG,0,4808544
ygeY_predicted,0.25,3,3,GTAAGAGCGGGCTTGCCTCG,0,4814144
ygeY_predicted,0.25,3,3,GGTTTGTCGAGTACAGCAAC,0,4805530
ygeY_predicted,0.25,3,3,GGTTTAATGTCCGTGGATCA,0,4810273
ygeY_predicted,0.25,3,3,GGTTGCAGTCACGCCAAGAG,0,4799594
ygeY_predicted,0.25,3,3,GGTTCTACATGGTTAGCCCT,0,4812527
ygeY_predicted,0.25,3,3,GGTTAGCTACACATGGATAT,0,4803128
ygeY_predicted,0.25,3,3,GGTGTATATTATTGTATCTT,0,4796374
ygeY_predicted,0.25,3,3,GGTGCGATAAAGGAACAGGT,0,4806874
ygeY_predicted,0.25,3,3,GGTCATGTCTACTGGGAACT,0,4805540
ygeY_predicted,0.25,3,3,GGTAGATCTCCTACTTTGTG,0,4814474
ygeY_predicted,0.25,3,3,GGTACCGACCGCGAGGCCGC,0,4800509
ygeY_predicted,0.25,3,3,GGTACATGCGCGCGCCTTGG,0,4808913
ygeY_predicted,0.25,3,3,GGTACAGAGACTATACATAG,0,4813180
ygeY_predicted,0.25,3,3,GGTAAGGTTTATAGTACGTA,0,4803694
ygeY_predicted,0.25,3,3,GGTAAATGGTAAGAGCCATC,0,4798118
ygeY_predicted,0.25,3,3,GGGTGCTTAGGGTTAATGTT,0,4812161
ygeY_predicted,0.25,3,3,GGGCTTATGTTTGAGTGCAG,0,4796535
ygeY_predicted,0.25,3,3,GGGCGCGTGCACGACCAGAC,0,4805344
ygeY_predicted,0.25,3,3,GGGCCTCAATGCCTCGTTCA,0,4810710
ygeY_predicted,0.25,3,3,GGGCCGACCATTAGTCTTTA,0,4794887
ygeY_predicted,0.25,3,3,GGGATAGATAGGGCGGGTGG,0,4808814
ygeY_predicted,0.25,3,3,GGGACCGGGTAGTCCAGAGT,0,4806019
ygeY_predicted,0.25,3,3,GGCTTGTCCTGGAAGCGACT,0,4802710
ygeY_predicted,0.25,3,3,GGCTTCCAGACGATCGAAGA,0,4806998
ygeY_predicted,0.25,3,3,GGCTTACGCGGACACATCTG,0,4816307
ygeY_predicted,0.25,3,3,GGCTACTTAAAGGAGGATTC,0,4806246
ygeY_predicted,0.25,3,3,GGCGGAACACACGAATAGCA,0,4808141
ygeY_predicted,0.25,3,3,GGCCTGCACACAAACTCTGC,0,4796914
ygeY_predicted,0.25,3,3,GGCCCGAACCAGCTATCAAG,0,4800047
ygeY_predicted,0.25,3,3,GGCCCACTAATGCCGAGTCT,0,4811913
ygeY_predicted,0.25,3,3,GGCATTTTACTGAGAGAGTG,0,4802438
ygeY_predicted,0.25,3,3,GGCACTCTTACCAACTGCGT,0,4812251
ygeY_predicted,0.25,3,3,GGCACTACTTCAGCTCGATC,0,4810908
ygeY_predicted,0.25,3,3,GGCACCCGCCCTATCCATTC,0,4816826
ygeY_predicted,0.25,3,3,GGCACAAGTGGTTTTATTTC,0,4795886
ygeY_predicted,0.25,3,3,GGCAAGGTTGAGGAGCTCCG,0,4803470
ygeY_predicted,0.25,3,3,GGAGTAATAGATATGTTTGC,0,4812751
ygeY_predicted,0.25,3,3,GGAGGTGACTGTCATCCGCG,0,4797607
ygeY_predicted,0.25,3,3,GGAGGGACTCTTACAACTCC,0,4802401
ygeY_predicted,0.25,3,3,GGAGATTTTGCGCAGACCCG,0,4795182
ygeY_predicted,0.25,3,3,GGACAATCGGGCATTACGGG,0,4814283
ygeY_predicted,0.25,3,3,GGAATTCACAGGCAGGAAGT,0,4815823
ygeY_predicted,0.25,3,3,GGAAGGTGCGTGACCTTTGT,0,4806630
ygeY_predicted,0.25,3,3,GGAAACGAAGCACGCGCCCT,0,4803953
ygeY_predicted,0.25,3,3,GGAAAAGCGACTTGGGGGGA,0,4797875
ygeY_predicted,0.25,3,3,GGAAAAAACGTATGTCGCGT,0,4800335
ygeY_predicted,0.25,3,3,GCTTGAAAGTGCACTGAATT,0,4800437
ygeY_predicted,0.25,3,3,GCTTCGAGGCTCGATTAGCT,0,4816798
ygeY_predicted,0.25,3,3,GCTTACCTGCTGGAGTGAGG,0,4808784
ygeY_predicted,0.25,3,3,GCTCGGTACTCCAGGTTGGT,0,4816534
ygeY_predicted,0.25,3,3,GCTACACCCGTGAGATACGT,0,4812581
ygeY_predicted,0.25,3,3,GCGTTTAACTACTCCCCTGT,0,4802780
ygeY_predicted,0.25,3,3,GCGTTCACAAGTAGTTGATT,0,4814205
ygeY_predicted,0.25,3,3,GCGTGCGTACGTCCAATTCA,0,4804380
ygeY_predicted,0.25,3,3,GCGTGAGGTAAGGAATAGCA,0,4812362
ygeY_predicted,0.25,3,3,GCGTATCACGAGTCTTTCGT,0,4796007
ygeY_predicted,0.25,3,3,GCGTAGGTCGAATTAATAGG,0,4799839
ygeY_predicted,0.25,3,3,GCGGGCAGCTAAGGGAACCG,0,4803237
ygeY_predicted,0.25,3,3,GCGGGATAACTGAAGCGGAA,0,4816308
ygeY_predicted,0.25,3,3,GCGGCAGCATCGCCAGGCAA,0,4812474
ygeY_predicted,0.25,3,3,GCGGATTCCTTGAAGGCCAT,0,4807884
ygeY_predicted,0.25,3,3,GCGGATAGCGCGCTGGGTCC,0,4801246
ygeY_predicted,0.25,3,3,GCGCTCGTCGAATGCACGAT,0,4814397
ygeY_predicted,0.25,3,3,GCGCTCGGACTGTTGAGCCT,0,4806875
ygeY_predicted,0.25,3,3,GCGCGAGGCCGAATAGGTGA,0,4795851
ygeY_predicted,0.25,3,3,GCGACTTCATCCCTTCATGA,0,4805639
ygeY_predicted,0.25,3,3,GCCTTTGATGGGACCTGTGC,0,4803577
ygeY_predicted,0.25,3,3,GCCTGGTGGAATGGCAAGGC,0,4803408
ygeY_predicted,0.25,3,3,GCCTGACTCCACGCCTGCAG,0,4809390
ygeY_predicted,0.25,3,3,GCCGTTTCTACGGATGCCAC,0,4805144
ygeY_predicted,0.25,3,3,GCCGTAGAATTTTACCCGTT,0,4795670
ygeY_predicted,0.25,3,3,GCCGACAGGTCACACGCAGG,0,4795773
ygeY_predicted,0.25,3,3,GCCAGGGCCGCATCGTCTGA,0,4814685
ygeY_predicted,0.25,3,3,GCCAATCGAACTCAACTGTT,0,4803281
ygeY_predicted,0.25,3,3,GCATCCGCATGGAGGTAGCA,0,4796774
ygeY_predicted,0.25,3,3,GCATCACCACTATACTAATA,0,4814485
ygeY_predicted,0.25,3,3,GCATATCCCATCCATACAAG,0,4805258
ygeY_predicted,0.25,3,3,GCAGTGATTTGGAGGTCAAA,0,4813261
ygeY_predicted,0.25,3,3,GCAGTCTGTCGTCCCGGTGC,0,4810313
ygeY_predicted,0.25,3,3,GCACTGGATACCTTGTGCTG,0,4807550
ygeY_predicted,0.25,3,3,GCACGCCAAGAATCCTCAGA,0,4799806
ygeY_predicted,0.25,3,3,GCACCTCACCCTGTGTCCAA,0,4813199
ygeY_predicted,0.25,3,3,GCACCAAGCCTGGTCAGCTG,0,4813343
ygeY_predicted,0.25,3,3,GCACCAAACAAGGGAACCTC,0,4811065
ygeY_predicted,0.25,3,3,GCAATCTATCGCTACCGTCT,0,4803186
ygeY_predicted,0.25,3,3,GCAACCTCCTTAATCACCAA,0,4806702
ygeY_predicted,0.25,3,3,GATTTGGCGGAGCGGCGCTG,0,4809066
ygeY_predicted,0.25,3,3,GATTTGAAGCCCGGAGAGGT,0,4814809
ygeY_predicted,0.25,3,3,GATTTCGTGGCGGGGCCAAG,0,4801238
ygeY_predicted,0.25,3,3,GATTTCGGGAGAAAAGTTGC,0,4805164
ygeY_predicted,0.25,3,3,GATTGTTTGTAGCATTAGCA,0,4798592
ygeY_predicted,0.25,3,3,GATTCCTGTATGGAAGTAGA,0,4811651
ygeY_predicted,0.25,3,3,GATTAGTTTGTTGTTAGCTG,0,4815072
ygeY_predicted,0.25,3,3,GATGTCAGGCGTTGCCACTG,0,4816375
ygeY_predicted,0.25,3,3,GATGCGCTGCTGCGAGGTGC,0,4798614
ygeY_predicted,0.25,3,3,GATGAGATGACCGTAGCGTT,0,4816406
ygeY_predicted,0.25,3,3,GATCTTCGGCGGTGCGTCTC,0,4804063
ygeY_predicted,0.25,3,3,GATCATGATGACCATATCAA,0,4806205
ygeY_predicted,0.25,3,3,GATATCCGTTTAAAGGAGGG,0,4807514
ygeY_predicted,0.25,3,3,GATATATGGGGAAGTTTAAG,0,4813663
ygeY_predicted,0.25,3,3,GATATACTCGAGGCATTTGG,0,4798589
ygeY_predicted,0.25,3,3,GATACGGTCTCGATAAATGT,0,4797302
ygeY_predicted,0.25,3,3,GATACCCCGAAGGTAGAAGA,0,4806409
ygeY_predicted,0.25,3,3,GAGTTTATGTCGTTTCATTT,0,4799259
ygeY_predicted,0.25,3,3,GAGTCAAGAGACCCCGGCTT,0,4801100
ygeY_predicted,0.25,3,3,GAGTAAGGGGCCATCTCTGT,0,4801524
ygeY_predicted,0.25,3,3,GAGTAAGGAAAAGAACGTAG,0,4799016
ygeY_predicted,0.25,3,3,GAGGTCTGGGCCTGTGCAGT,0,4796507
ygeY_predicted,0.25,3,3,GAGGTCGGGGCTGTTCAAAC,0,4797573
ygeY_predicted,0.25,3,3,GAGGGTGCTACATGTCGAAT,0,4805155
ygeY_predicted,0.25,3,3,GAGGGGAGTCTGGGGAGGTG,0,4795600
ygeY_predicted,0.25,3,3,GAGGCTCCGCTGTGTGAAGA,0,4799454
ygeY_predicted,0.25,3,3,GAGGCCCTGTGAGCATATGT,0,4801540
ygeY_predicted,0.25,3,3,GAGGAGTTCGCTGAGAATAT,0,4809061
ygeY_predicted,0.25,3,3,GAGCGCTCACTGATTGTCAG,0,4802968
ygeY_predicted,0.25,3,3,GAGCCTGCTTATCAACTAAT,0,4796155
ygeY_predicted,0.25,3,3,GAGCCAGCAATCAGAACTAT,0,4799070
ygeY_predicted,0.25,3,3,GAGCAGCATTTTTATAAATA,0,4805606
ygeY_predicted,0.25,3,3,GAGATAACTGCTATTAGTAG,0,4806231
ygeY_predicted,0.25,3,3,GAGAGCCGTATTGAATGGAT,0,4803069
ygeY_predicted,0.25,3,3,GACTTTCCACGGATGTGCAG,0,4795870
ygeY_predicted,0.25,3,3,GACTAGGAATCCACTGTCAA,0,4808593
ygeY_predicted,0.25,3,3,GACGTTTGATTGTTCAAACA,0,4801980
ygeY_predicted,0.25,3,3,GACGTAGGTCCAGTGAGCGG,0,4807009
ygeY_predicted,0.25,3,3,GACGGTCTCATTGCGGCCTT,0,4806131
ygeY_predicted,0.25,3,3,GACGCGAATGTATCCAAGGC,0,4807365
ygeY_predicted,0.25,3,3,GACGCCTGAATGGGAGACGT,0,4812261
ygeY_predicted,0.25,3,3,GACGATAGGGACAACAGCAT,0,4803155
ygeY_predicted,0.25,3,3,GACGATAATTTACAGTAAGG,0,4803091
ygeY_predicted,0.25,3,3,GACGATAAAAATGAAATACC,0,4807454
ygeY_predicted,0.25,3,3,GACATTGGCCGGACTAAAGT,0,4813761
ygeY_predicted,0.25,3,3,GACAGTAAGCCAAGGGCGGT,0,4807720
ygeY_predicted,0.25,3,3,GACAGCAGCCTCGCCCGGGT,0,4804342
ygeY_predicted,0.25,3,3,GACACGGGAATCACGTGACA,0,4795203
ygeY_predicted,0.25,3,3,GACACAGTGAGAATATTAAT,0,4808801
ygeY_predicted,0.25,3,3,GAATTCAACATATTAGGATA,0,4801515
ygeY_predicted,0.25,3,3,GAATGTCACTAACAGAACCG,0,4806567
ygeY_predicted,0.25,3,3,GAATATATATACTATGAGTA,0,4812336
ygeY_predicted,0.25,3,3,GAATACAGATCGCACTTAGA,0,4808906
ygeY_predicted,0.25,3,3,GAAGCTATTGTTAGTGCACT,0,4813824
ygeY_predicted,0.25,3,3,GAAGCCACCTAAGTATGACG,0,4798820
ygeY_predicted,0.25,3,3,GAAGACGGACAAGAATACAT,0,4809872
ygeY_predicted,0.25,3,3,GAAGACGATGTCCAGCAGGG,0,4805359
ygeY_predicted,0.25,3,3,GAACTGTCTCGCCCAGACGG,0,4802703
ygeY_predicted,0.25,3,3,GAACGTACCTCGCGAAATAC,0,4811837
ygeY_predicted,0.25,3,3,GAACCGCTCAGATGAGATTA,0,4816904
ygeY_predicted,0.25,3,3,CTTTTACTCGTCTCTTTAGC,0,4807498
ygeY_predicted,0.25,3,3,CTTTCTTCGTATGGATTAAG,0,4802058
ygeY_predicted,0.25,3,3,CTTTACCTAGGTTTGCGCCA,0,4807187
ygeY_predicted,0.25,3,3,CTTGGGCGGCCAAAGGCACG,0,4809690
ygeY_predicted,0.25,3,3,CTTGGATAGATGGCGATTCG,0,4813333
ygeY_predicted,0.25,3,3,CTTGAGGAATAACAAGCGAG,0,4800529
ygeY_predicted,0.25,3,3,CTTCCGTTGCCGTTATATGA,0,4810646
ygeY_predicted,0.25,3,3,CTTCCCGACAATTCCGCCAC,0,4810677
ygeY_predicted,0.25,3,3,CTTATCCTATTATTAAGCAA,0,4796690
ygeY_predicted,0.25,3,3,CTTAAACCAGAACCCGACAC,0,4800558
ygeY_predicted,0.25,3,3,CTGTTGCACCGGAGGCTACT,0,4807151
ygeY_predicted,0.25,3,3,CTGTCTCTGGTGCGATCAGC,0,4796244
ygeY_predicted,0.25,3,3,CTGGTGCATCACACGCGAAG,0,4810581
ygeY_predicted,0.25,3,3,CTGGGTCGGGGCACTGCTGG,0,4812248
ygeY_predicted,0.25,3,3,CTGGGTATCGTGCTCCGTAT,0,4807475
ygeY_predicted,0.25,3,3,CTGGGGATAGCTGAGAAGAC,0,4798462
ygeY_predicted,0.25,3,3,CTGGCCGTTTCCAAGTTAAA,0,4810827
ygeY_predicted,0.25,3,3,CTGGACGCCAGCCTCTACGT,0,4807606
ygeY_predicted,0.25,3,3,CTGCTGCCGGTGGAACAACA,0,4797181
ygeY_predicted,0.25,3,3,CTGCCTTCAGATTCAAAGCA,0,4800019
ygeY_predicted,0.25,3,3,CTGCAAGCGAACTGAAACCT,0,4799653
ygeY_predicted,0.25,3,3,CTCTGCCTAATTGGAGTGTT,0,4796615
ygeY_predicted,0.25,3,3,CTCTGACCCGCTGGACGGAC,0,4806716
ygeY_predicted,0.25,3,3,CTCTCGTAAGATACATGGGG,0,4812913
ygeY_predicted,0.25,3,3,CTCGTGTAAACTCCTAATAG,0,4800910
ygeY_predicted,0.25,3,3,CTCGGCTTACGCGACGCGGA,0,4806780
ygeY_predicted,0.25,3,3,CTCGAGGGTCGGGCGCTACG,0,4812325
ygeY_predicted,0.25,3,3,CTCGAGCACGTCCCGATCAT,0,4816728
ygeY_predicted,0.25,3,3,CTCCTAGTGCGCCGGAGCCT,0,4807946
ygeY_predicted,0.25,3,3,CTCCGTACGCCGGTAAACCA,0,4803374
ygeY_predicted,0.25,3,3,CTCCGACAGCGAGCCGCTTA,0,4797932
ygeY_predicted,0.25,3,3,CTCCAGTATTTCTGAGTTTG,0,4807943
ygeY_predicted,0.25,3,3,CTCACTCAATGACTAGCCAC,0,4808060
ygeY_predicted,0.25,3,3,CTATTGAGTAAAAGAGATCA,0,4815496
ygeY_predicted,0.25,3,3,CTATGGACATCGCATCCTAA,0,4806546
ygeY_predicted,0.25,3,3,CTATGATTCTGGTTGTATCC,0,4803789
ygeY_predicted,0.25,3,3,CTATCAATTCCTACTAGGGG,0,4800789
ygeY_predicted,0.25,3,3,CTAGTGAGTGGACACGTTTG,0,4797043
ygeY_predicted,0.25,3,3,CTAGGTTATCATCAATAAAC,0,4814874
ygeY_predicted,0.25,3,3,CTACGATGTGTCACTTGGGA,0,4809302
ygeY_predicted,0.25,3,3,CTACATTTGTCATGTGCCTG,0,4798180
ygeY_predicted,0.25,3,3,CGTTCTGATAATCACTACCT,0,4803523
ygeY_predicted,0.25,3,3,CGTTCGCGCGCTAGGAACTC,0,4813529
ygeY_predicted,0.25,3,3,CGTTATATGCGCCTAAGGTA,0,4800512
ygeY_predicted,0.25,3,3,CGTTAGAGGTAGCTCCAAAA,0,4797429
ygeY_predicted,0.25,3,3,CGTTACGGATCAGTCTCACT,0,4813141
ygeY_predicted,0.25,3,3,CGTGCGACTTTAGTCCTGGA,0,4805795
ygeY_predicted,0.25,3,3,CGTGACGAGTCCGGTGGCGT,0,4806751
ygeY_predicted,0.25,3,3,CGTCTTTTCTTCTGTTTCGT,0,4810689
ygeY_predicted,0.25,3,3,CGTCCTAGTTTCGGTATGGG,0,4796936
ygeY_predicted,0.25,3,3,CGTCCGCGACGGCTGCTGGA,0,4816739
ygeY_predicted,0.25,3,3,CGTCATAGGGACGGGTGGCA,0,4808971
ygeY_predicted,0.25,3,3,CGTCAGGCACACCCCTCCTA,0,4806802
ygeY_predicted,0.25,3,3,CGTCACTTTGGGCGTGCTTA,0,4798362
ygeY_predicted,0.25,3,3,CGTCACGAAGAGCTACACGC,0,4815406
ygeY_predicted,0.25,3,3,CGTCAAGGCCGACCTGCATG,0,4808803
ygeY_predicted,0.25,3,3,CGTACATTGACCGTTCTAGT,0,4814741
ygeY_predicted,0.25,3,3,CGTAAGGCCGTTATGTCCAT,0,4795536
ygeY_predicted,0.25,3,3,CGTAAACCCCGCTCAATAGT,0,4804056
ygeY_predicted,0.25,3,3,CGGTTACTGGCATCCTCTCA,0,4797438
ygeY_predicted,0.25,3,3,CGGTATTTCGTATCTCTTGA,0,4800096
ygeY_predicted,0.25,3,3,CGGTATGGATTCCGGCTCGT,0,4814296
ygeY_predicted,0.25,3,3,CGGTATAAGTCTCCCAACGT,0,4814645
ygeY_predicted,0.25,3,3,CGGGAAAGGGGTGCCGAGCC,0,4802921
ygeY_predicted,0.25,3,3,CGGCTTAATTCACGCTTTAT,0,4798798
ygeY_predicted,0.25,3,3,CGGCTAGATTCCAAAGCATG,0,4811673
ygeY_predicted,0.25,3,3,CGGCGGTGGAGAGCAGATCA,0,4795424
ygeY_predicted,0.25,3,3,CGGCCCAAAGCCACCACTCA,0,4814975
ygeY_predicted,0.25,3,3,CGGATGAGGCGGCCTTAACG,0,4797362
ygeY_predicted,0.25,3,3,CGGAATCTGGTACTAACACA,0,4797522
ygeY_predicted,0.25,3,3,CGCTCGACATGTCTGTTTCG,0,4795571
ygeY_predicted,0.25,3,3,CGCTAAATCGCACCCTCAGT,0,4807500
ygeY_predicted,0.25,3,3,CGCGCCCATTTCACGATAGT,0,4798979
ygeY_predicted,0.25,3,3,CGCGCATATTGGTTTATATA,0,4799921
ygeY_predicted,0.25,3,3,CGCCTAAACCATAGTCAACT,0,4812665
ygeY_predicted,0.25,3,3,CGCCCGCGTTCGTAGCTTCT,0,4804125
ygeY_predicted,0.25,3,3,CGCATGGATCAGTTCACTCT,0,4795700
ygeY_predicted,0.25,3,3,CGCAAGCGTACGCGTGGATC,0,4809738
ygeY_predicted,0.25,3,3,CGCAAAACCGCACTCGGAGG,0,4809233
ygeY_predicted,0.25,3,3,CGATTTGAATCCCTTCCCAA,0,4811104
ygeY_predicted,0.25,3,3,CGATGCTGGTGGCAACCCTG,0,4808921
ygeY_predicted,0.25,3,3,CGATCATATGGTATCGGTGG,0,4812148
ygeY_predicted,0.25,3,3,CGATATGACAATTCACCAGG,0,4804840
ygeY_predicted,0.25,3,3,CGATAACGAGAAGCTGGCCA,0,4802418
ygeY_predicted,0.25,3,3,CGAGTCCGGCATCCTTGCGG,0,4805688
ygeY_predicted,0.25,3,3,CGAGGTCGAGTGAGGACACT,0,4801836
ygeY_predicted,0.25,3,3,CGAGGGACACTGGGATATAC,0,4806189
ygeY_predicted,0.25,3,3,CGAGATCCTAACATTATGTG,0,4801945
ygeY_predicted,0.25,3,3,CGAGACCCTGCGTAGTCATC,0,4800508
ygeY_predicted,0.25,3,3,CGACTACGCACGGTGCCCCA,0,4803475
ygeY_predicted,0.25,3,3,CGAACTGCGCAAAGTCCTCA,0,4816840
ygeY_predicted,0.25,3,3,CGAAAAACTGCGATCCTGAG,0,4799230
ygeY_predicted,0.25,3,3,CCTTAGGGCTGTGTAGCAGA,0,4802122
ygeY_predicted,0.25,3,3,CCTGTTGTTATAAGAGAACT,0,4814682
ygeY_predicted,0.25,3,3,CCTATATATGGTGGTTAAAA,0,4795950
ygeY_predicted,0.25,3,3,CCGGGCAGTTTAAACACTAT,0,4816093
ygeY_predicted,0.25,3,3,CCGGCCGGTGAGATGTTCGC,0,4812543
ygeY_predicted,0.25,3,3,CCGGCCGATAAACTGAAGGC,0,4798846
ygeY_predicted,0.25,3,3,CCGGATTCCACTGCTGAAAT,0,4800637
ygeY_predicted,0.25,3,3,CCGGAAAGAGTGTCATACGA,0,4814382
ygeY_predicted,0.25,3,3,CCGCTTTAATTCGAAGAGAC,0,4797601
ygeY_predicted,0.25,3,3,CCGCTCACCCTTACGTAAAC,0,4798634
ygeY_predicted,0.25,3,3,CCGCGAAGGACCGGTCGCTT,0,4814267
ygeY_predicted,0.25,3,3,CCGCATACTTTGACATCTGG,0,4798085
ygeY_predicted,0.25,3,3,CCGCAGTGAACTTGCGGTGA,0,4803103
ygeY_predicted,0.25,3,3,CCGCAACATTGCATAGTGGA,0,4815775
ygeY_predicted,0.25,3,3,CCGATGCAGCGAACATGATG,0,4809981
ygeY_predicted,0.25,3,3,CCGAGAAAATCTACAGGCTG,0,4803208
ygeY_predicted,0.25,3,3,CCGACCGAGGTGTGACAGGC,0,4803733
ygeY_predicted,0.25,3,3,CCGACAATGTTGAACTAAGC,0,4812550
ygeY_predicted,0.25,3,3,CCCTTCTTATCATGACGCCA,0,4803670
ygeY_predicted,0.25,3,3,CCCTGTCTAGATTGTTGGAA,0,4798750
ygeY_predicted,0.25,3,3,CCCGTTAGCATGATTTGACT,0,4814269
ygeY_predicted,0.25,3,3,CCCGTGGGATCCGCAGCCTA,0,4797304
ygeY_predicted,0.25,3,3,CCCGGCCAACCTTTGGACTT,0,4808918
ygeY_predicted,0.25,3,3,CCCGGAGCGTTGTCTTTCAG,0,4796115
ygeY_predicted,0.25,3,3,CCCGCGGCGAGCCACATCAA,0,4795603
ygeY_predicted,0.25,3,3,CCCGAGACGAGTCTGTAGGA,0,4805170
ygeY_predicted,0.25,3,3,CCCGACCTCCATCGAAGAGG,0,4816502
ygeY_predicted,0.25,3,3,CCCCTCGAGGCAGTCTACCA,0,4801704
ygeY_predicted,0.25,3,3,CCCCTATAGGCACAAGTTAT,0,4807414
ygeY_predicted,0.25,3,3,CCCCGAGCCTCGCCCGCAAT,0,4809188
ygeY_predicted,0.25,3,3,CCCCCGATCCAGCTTTGGGA,0,4802973
ygeY_predicted,0.25,3,3,CCCCAGCTAGATAGCCGACG,0,4799365
ygeY_predicted,0.25,3,3,CCCATAAAATTGTATGTGCG,0,4807629
ygeY_predicted,0.25,3,3,CCCAGGTCAGCAAGCGTAGT,0,4816389
ygeY_predicted,0.25,3,3,CCCAGCATAAGAAATGCAAT,0,4815135
ygeY_predicted,0.25,3,3,CCCAGAGTCAGAAAGAATGC,0,4801141
ygeY_predicted,0.25,3,3,CCCACGACCGGAAGAGGATG,0,4807126
ygeY_predicted,0.25,3,3,CCCACGACCAGATTGGGCCT,0,4800582
ygeY_predicted,0.25,3,3,CCATTAGTTCGGCAAAGCTC,0,4810958
ygeY_predicted,0.25,3,3,CCATGAGGTCAAGCTGTCAC,0,4804679
ygeY_predicted,0.25,3,3,CCAGTGCATTAACCGTTGTA,0,4808340
ygeY_predicted,0.25,3,3,CCAGTCAGGGGTATTTACGC,0,4797613
ygeY_predicted,0.25,3,3,CCAGTAAAATACTTATCGCT,0,4813457
ygeY_predicted,0.25,3,3,CCAGGTGAAAGATCCGTCTA,0,4802227
ygeY_predicted,0.25,3,3,CCAGCCAGGAAAGAAGAGGT,0,4799219
ygeY_predicted,0.25,3,3,CCAGACCTAGATCGATCCGA,0,4795570
ygeY_predicted,0.25,3,3,CCACCTGGTACCCAGTAAAT,0,4808160
ygeY_predicted,0.25,3,3,CCAAGTGGATCTTCACAGGT,0,4809428
ygeY_predicted,0.25,3,3,CCAACCTAGATTCGAAGCGG,0,4810068
ygeY_predicted,0.25,3,3,CCAAAGCTCCTGCTCGAGAA,0,4815877
ygeY_predicted,0.25,3,3,CCAAAGCGATCAAGGGCTCA,0,4794913
ygeY_predicted,0.25,3,3,CCAAAGACGCCACCATGCCG,0,4800254
ygeY_predicted,0.25,3,3,CATTTTCTTGATGTTTAAGA,0,4812707
ygeY_predicted,0.25,3,3,CATTTGTCGGGGAGACTTCT,0,4811350
ygeY_predicted,0.25,3,3,CATTTCAGTGGCACCATACG,0,4804292
ygeY_predicted,0.25,3,3,CATTGAGTTATTAAACCTTC,0,4806186
ygeY_predicted,0.25,3,3,CATTCGGCTTTCGCTAACGG,0,4802286
ygeY_predicted,0.25,3,3,CATGTTGTTTCTCGTAATTC,0,4813592
ygeY_predicted,0.25,3,3,CATGGATCCTAGGGAGTAAC,0,4816491
ygeY_predicted,0.25,3,3,CATGCGGGCGGGCTTAATGA,0,4800825
ygeY_predicted,0.25,3,3,CATGCGGCTTTATTTGGGTA,0,4810937
ygeY_predicted,0.25,3,3,CATGCCCCGGAGTAATGTGC,0,4813209
ygeY_predicted,0.25,3,3,CATGCATGTGACCCGAACGA,0,4804457
ygeY_predicted,0.25,3,3,CATCGCTGATAGATTATTGA,0,4803185
ygeY_predicted,0.25,3,3,CATCAGCATCAAAATGCTAT,0,4801706
ygeY_predicted,0.25,3,3,CATATATTTGAGTCCGTGAA,0,4802939
ygeY_predicted,0.25,3,3,CATATATATTACGTTTCCAG,0,4808071
ygeY_predicted,0.25,3,3,CATAGGTTAGCTCACGGTAA,0,4806399
ygeY_predicted,0.25,3,3,CAGTGTCAGATGCGGTGCCC,0,4801699
ygeY_predicted,0.25,3,3,CAGTCGCGAGCTGATGTTAT,0,4807256
ygeY_predicted,0.25,3,3,CAGTCAGATTACGGGGTAGA,0,4812055
ygeY_predicted,0.25,3,3,CAGTACACAGGTGTGAATCA,0,4808260
ygeY_predicted,0.25,3,3,CAGGTGCTTACATTACAAAA,0,4808465
ygeY_predicted,0.25,3,3,CAGGTAGGCCTACGTGGGTT,0,4795378
ygeY_predicted,0.25,3,3,CAGCGCTGGTTATTGTATCA,0,4795315
ygeY_predicted,0.25,3,3,CAGCGCACACATAGGTCACC,0,4806412
ygeY_predicted,0.25,3,3,CAGCCCTAATCCGTCGCCCC,0,4806914
ygeY_predicted,0.25,3,3,CAGCCCGAAGTTAACGAGCA,0,4812603
ygeY_predicted,0.25,3,3,CAGCAACATATATGTTCCAT,0,4811075
ygeY_predicted,0.25,3,3,CAGATGGCAGTATATGAGGG,0,4805300
ygeY_predicted,0.25,3,3,CACTCTCTAACATGGTGCTT,0,4806375
ygeY_predicted,0.25,3,3,CACTCCGTTGCGGGACCTAA,0,4816816
ygeY_predicted,0.25,3,3,CACTATACGTAGACCCTCCC,0,4798243
ygeY_predicted,0.25,3,3,CACTAGCCATCGGGCGTAAT,0,4802243
ygeY_predicted,0.25,3,3,CACTAAATTCGGTGGGGCGG,0,4799935
ygeY_predicted,0.25,3,3,CACGGGCCTGGTGATCGATC,0,4803913
ygeY_predicted,0.25,3,3,CACGACGTTGGAATACCCGC,0,4799638
ygeY_predicted,0.25,3,3,CACGACGCCAATCCATTACG,0,4802859
ygeY_predicted,0.25,3,3,CACCTGGCCAAGTGCCCACC,0,4806348
ygeY_predicted,0.25,3,3,CACCGTTCTTGGTTTTGTTC,0,4814841
ygeY_predicted,0.25,3,3,CACAACGGTACTTCTTAGCC,0,4795689
ygeY_predicted,0.25,3,3,CAATGCTAGCCTTTCCTGGA,0,4810177
ygeY_predicted,0.25,3,3,CAATAGCGATCGACTTTAGT,0,4810014
ygeY_predicted,0.25,3,3,CAAGTCCAGTGGTCTATTCA,0,4802897
ygeY_predicted,0.25,3,3,CAAGGGGCCATCTAGAATTC,0,4810148
ygeY_predicted,0.25,3,3,CAAGGCCGTGAATTCTCATT,0,4807395
ygeY_predicted,0.25,3,3,CAAGGAAAAGACCGCTCGGT,0,4808248
ygeY_predicted,0.25,3,3,CAACCGCTATCACACGCGTT,0,4795153
ygeY_predicted,0.25,3,3,CAAATCCACGAGAGGACGTA,0,4813604
ygeY_predicted,0.25,3,3,CAAAGTGGACCATAAGCCCG,0,4816733
ygeY_predicted,0.25,3,3,CAAAATGCGAAATCAAAATT,0,4812345
ygeY_predicted,0.25,3,3,ATTTTCATCAGGTGGACAAA,0,4807331
ygeY_predicted,0.25,3,3,ATTTCAGATGCCGGGCCTCA,0,4807071
ygeY_predicted,0.25,3,3,ATTTCACAATCTAGAGACGA,0,4796367
ygeY_predicted,0.25,3,3,ATTTATTGAAGGGACCAGGA,0,4807411
ygeY_predicted,0.25,3,3,ATTTAACATAGCTGTGGGAG,0,4805367
ygeY_predicted,0.25,3,3,ATTGTTAGGGGGGTTCCATG,0,4800933
ygeY_predicted,0.25,3,3,ATTGTACTTAGCTGGGGTAT,0,4803790
ygeY_predicted,0.25,3,3,ATTGGGATGTAGCCCTGCTA,0,4816167
ygeY_predicted,0.25,3,3,ATTCGAGTTGGAGTCTCCTT,0,4799948
ygeY_predicted,0.25,3,3,ATTCAGTCATGGAGCTCTTA,0,4809848
ygeY_predicted,0.25,3,3,ATTATAACTTTCCTCGCCCC,0,4809419
ygeY_predicted,0.25,3,3,ATTACTTGCTAGATCGTGTG,0,4808723
ygeY_predicted,0.25,3,3,ATGTTTCCTGGGAGGGATGG,0,4803224
ygeY_predicted,0.25,3,3,ATGTTGTCGAACGTGCCACG,0,4799592
ygeY_predicted,0.25,3,3,ATGTGGGTTGCGTTTGCTGG,0,4808485
ygeY_predicted,0.25,3,3,ATGTAACGTGTTTTTAGCAT,0,4810326
ygeY_predicted,0.25,3,3,ATGTAACCTAGCAATAACCA,0,4800227
ygeY_predicted,0.25,3,3,ATGTAACAAATATTCACGAG,0,4801367
ygeY_predicted,0.25,3,3,ATGTAAATTGGGCCAAGAAC,0,4794996
ygeY_predicted,0.25,3,3,ATGGTCAGTTGACCACAAAA,0,4812178
ygeY_predicted,0.25,3,3,ATGGATCTGATGTGGGTGGA,0,4800378
ygeY_predicted,0.25,3,3,ATGGACCGGCATTACCATCT,0,4805873
ygeY_predicted,0.25,3,3,ATGATGGCGCATTCTTTGCC,0,4811429
ygeY_predicted,0.25,3,3,ATGAAGGGGTCTACGCCAGA,0,4808458
ygeY_predicted,0.25,3,3,ATCTCCTAGACTTCCTCGTC,0,4816496
ygeY_predicted,0.25,3,3,ATCGGAATTTACTAACCGTG,0,4796203
ygeY_predicted,0.25,3,3,ATCCTCGCTATTTATCCTGG,0,4816597
ygeY_predicted,0.25,3,3,ATCATCGGCCGGCTGATATG,0,4800566
ygeY_predicted,0.25,3,3,ATCAGGATTCTTTGGGCAGG,0,4800916
ygeY_predicted,0.25,3,3,ATCAGCGCTACCAAACCTAA,0,4804326
ygeY_predicted,0.25,3,3,ATCACGAAGTATTCGTTTCC,0,4813558
ygeY_predicted,0.25,3,3,ATATGCGCGCCTCAGGAGCT,0,4796533
ygeY_predicted,0.25,3,3,ATATGATTGTAGGAGCAGAT,0,4807088
ygeY_predicted,0.25,3,3,ATATAGATGCTCGTGGCCGA,0,4816717
ygeY_predicted,0.25,3,3,ATAGTTATTAAGTGACCCTA,0,4811875
ygeY_predicted,0.25,3,3,ATAGGCTTCCTGGCATCCGG,0,4802680
ygeY_predicted,0.25,3,3,ATAGCAGGGAACCGTCTCGA,0,4804317
ygeY_predicted,0.25,3,3,ATACTATGCTTATGATTCAA,0,4815098
ygeY_predicted,0.25,3,3,ATACCTCGAGTGAAAGGCGT,0,4795724
ygeY_predicted,0.25,3,3,ATACCGATGCTGTAAGTTTA,0,4795910
ygeY_predicted,0.25,3,3,ATACCGAGCTAAAGTCGTAT,0,4810994
ygeY_predicted,0.25,3,3,ATACAAAACACAACTGAAAC,0,4810852
ygeY_predicted,0.25,3,3,ATAATCATCTTTTGATCACA,0,4811425
ygeY_predicted,0.25,3,3,ATAATATACCTCAAAAGCGA,0,4800599
ygeY_predicted,0.25,3,3,ATAAGCATGTTAACTTCCGG,0,4803702
ygeY_predicted,0.25,3,3,AGTTGATAATTTGTTTATTT,0,4808432
ygeY_predicted,0.25,3,3,AGTTCCGGTGGCGTTTCACT,0,4815575
ygeY_predicted,0.25,3,3,AGTTAAATCTAGGTTCTCGG,0,4813372
ygeY_predicted,0.25,3,3,AGTGTTGGCCCCTGCGCGTG,0,4801847
ygeY_predicted,0.25,3,3,AGTGTGCCAGGCCCTATGTG,0,4807581
ygeY_predicted,0.25,3,3,AGTGGTAGTAGGTCCTGCCG,0,4798688
ygeY_predicted,0.25,3,3,AGTGGCGCCCGCTGCAGGGA,0,4815367
ygeY_predicted,0.25,3,3,AGTGACGGTTCATTGTCTAG,0,4811080
ygeY_predicted,0.25,3,3,AGTCGTTTTCTGAGTGGGGA,0,4813878
ygeY_predicted,0.25,3,3,AGTCGTACTCCTCGAATGAA,0,4798545
ygeY_predicted,0.25,3,3,AGTCATTCCTTTCCCGGATT,0,4809109
ygeY_predicted,0.25,3,3,AGTCATCGTTCATAGCCCTG,0,4795938
ygeY_predicted,0.25,3,3,AGTATAGAGACGCATTGTTA,0,4808864
ygeY_predicted,0.25,3,3,AGTAATCGCCGAGAGGGAAG,0,4802799
ygeY_predicted,0.25,3,3,AGGTTAAGGTATGGGGAGGT,0,4803095
ygeY_predicted,0.25,3,3,AGGTGTGTTTTCGCGAAAGG,0,4810991
ygeY_predicted,0.25,3,3,AGGTGAGGCATGACAACCCT,0,4804222
ygeY_predicted,0.25,3,3,AGGTCAGAGAAAACCTATCT,0,4808115
ygeY_predicted,0.25,3,3,AGGTAACGCTTGGGCTCTAA,0,4814756
ygeY_predicted,0.25,3,3,AGGGTTATAGCAGTAGCTAA,0,4805347
ygeY_predicted,0.25,3,3,AGGGTTAAGCCTTCGGCGTT,0,4808147
ygeY_predicted,0.25,3,3,AGGGTGGTTTATTCTCTAAA,0,4813491
ygeY_predicted,0.25,3,3,AGGGCTGGGCCGATATTCTT,0,4814131
ygeY_predicted,0.25,3,3,AGGCGTCGGCACATAGCCTC,0,4805423
ygeY_predicted,0.25,3,3,AGGCCTAAACCGCCGGGAAA,0,4797889
ygeY_predicted,0.25,3,3,AGGCCCCTAGGTAAACTCGC,0,4806250
ygeY_predicted,0.25,3,3,AGGCAGAGCCAATGCAGGGG,0,4810858
ygeY_predicted,0.25,3,3,AGGATTGGTTGAAGGAAATA,0,4808321
ygeY_predicted,0.25,3,3,AGGAACCCACCGGATATCTG,0,4797494
ygeY_predicted,0.25,3,3,AGCTGAGGTCTGCGAAGAAC,0,4807455
ygeY_predicted,0.25,3,3,AGCTAGTGGCCTTAAATTAC,0,4799850
ygeY_predicted,0.25,3,3,AGCGGCCATTACGGGGGCGC,0,4803844
ygeY_predicted,0.25,3,3,AGCGCATGGGTCCCAGGCTG,0,4816627
ygeY_predicted,0.25,3,3,AGCCTGCGAGCGTTGAGGAA,0,4815040
ygeY_predicted,0.25,3,3,AGCCTACTTTGTTTCCGTCT,0,4807887
ygeY_predicted,0.25,3,3,AGCCTAAGGGTGCTCGGATA,0,4807025
ygeY_predicted,0.25,3,3,AGCCACGTCGTTATTTTACA,0,4808344
ygeY_predicted,0.25,3,3,AGCAGCACTAGGCTGTCATT,0,4797747
ygeY_predicted,0.25,3,3,AGCAATTCCTGGCTTGGTGT,0,4803153
ygeY_predicted,0.25,3,3,AGCAATCGCGCCTAACCGGG,0,4807975
ygeY_predicted,0.25,3,3,AGATTTCTGAGCTCCGAGAG,0,4806017
ygeY_predicted,0.25,3,3,AGATGGGGGCCAACGACTGG,0,4814496
ygeY_predicted,0.25,3,3,AGATCTGCTCCTAATATTAA,0,4799297
ygeY_predicted,0.25,3,3,AGATATCCTGTGAAACGAGG,0,4807787
ygeY_predicted,0.25,3,3,AGACCTGCCGCTTATCTTGC,0,4811334
ygeY_predicted,0.25,3,3,AGACCCTTTCTGGCGACTGC,0,4802709
ygeY_predicted,0.25,3,3,AGACCACCTCCGTAGGCCAT,0,4800828
ygeY_predicted,0.25,3,3,AGACCAACCATCACCTACTC,0,4815327
ygeY_predicted,0.25,3,3,AGACAGTATTAACGAGGTAG,0,4798054
ygeY_predicted,0.25,3,3,AGACAGACTCGGTTCGCGGG,0,4807207
ygeY_predicted,0.25,3,3,AGAACGGGTTCCAAAGTGTC,0,4811282
ygeY_predicted,0.25,3,3,AGAACCTTAAATTATTCAGG,0,4797973
ygeY_predicted,0.25,3,3,AGAAAAATGACCGAAATGAG,0,4797267
ygeY_predicted,0.25,3,3,ACTTTAACCCGCAGCTCTTG,0,4806496
ygeY_predicted,0.25,3,3,ACTGTATTCCTCGACATGTA,0,4811839
ygeY_predicted,0.25,3,3,ACTGGAGTCGGAGCTGTCAT,0,4799027
ygeY_predicted,0.25,3,3,ACTGACCGTGTGATTGGCGG,0,4800820
ygeY_predicted,0.25,3,3,ACTCCAGCAGTAACAAGTCA,0,4805919
ygeY_predicted,0.25,3,3,ACTAGAATCGCTCGATTTTC,0,4798973
ygeY_predicted,0.25,3,3,ACTAACGCGGGAAGTACTCG,0,4801887
ygeY_predicted,0.25,3,3,ACGTTTAACTTTACGCGACA,0,4816252
ygeY_predicted,0.25,3,3,ACGGTTCGCGGCCTCTGGCT,0,4805528
ygeY_predicted,0.25,3,3,ACGGTGACAACGAAGTTGTC,0,4812315
ygeY_predicted,0.25,3,3,ACGGGCGGTATTTTTCGAAA,0,4803064
ygeY_predicted,0.25,3,3,ACGGCATCTCCCTAGCTACA,0,4803428
ygeY_predicted,0.25,3,3,ACGGATATCAGGAGTGGCTA,0,4813160
ygeY_predicted,0.25,3,3,ACGGAGTGATTAATCCTCAG,0,4807842
ygeY_predicted,0.25,3,3,ACGCTCAATCAAAACTTAGG,0,4803372
ygeY_predicted,0.25,3,3,ACGCGGTTCGACAATTGTGG,0,4809789
ygeY_predicted,0.25,3,3,ACGAGAATGCAAAACAATCG,0,4798492
ygeY_predicted,0.25,3,3,ACGAAATGCGAAGAACACAT,0,4813286
ygeY_predicted,0.25,3,3,ACCTTATATCGTAGGGGTTC,0,4807516
ygeY_predicted,0.25,3,3,ACCGTGGAGAGGACTAGAAG,0,4801457
ygeY_predicted,0.25,3,3,ACCGGCGGAGATGGTTCTGC,0,4808273
ygeY_predicted,0.25,3,3,ACCGGATTTCGGCATCCGAT,0,4809116
ygeY_predicted,0.25,3,3,ACCGCGGAGGCTAAATCAGG,0,4809673
ygeY_predicted,0.25,3,3,ACCGCGCAACCGAGAGGCTT,0,4800339
ygeY_predicted,0.25,3,3,ACCGCGAGCGATCCCGCACG,0,4799561
ygeY_predicted,0.25,3,3,ACCGCGAAAATTCTAAGGAG,0,4799714
ygeY_predicted,0.25,3,3,ACCGATCTGTGTAAATTGTC,0,4799059
ygeY_predicted,0.25,3,3,ACCGATAGGGGTTATGAGTT,0,4810779
ygeY_predicted,0.25,3,3,ACCCGGTCGAAAGCCCATCA,0,4816526
ygeY_predicted,0.25,3,3,ACCCCCATTCTAGGCTCCCC,0,4800091
ygeY_predicted,0.25,3,3,ACCCATGACAGGTCACTCAC,0,4811063
ygeY_predicted,0.25,3,3,ACCATTTCACGAACGATTTG,0,4796429
ygeY_predicted,0.25,3,3,ACCATCAGAGATAACACTTG,0,4812786
ygeY_predicted,0.25,3,3,ACCATAATAACACATGCGCA,0,4797492
ygeY_predicted,0.25,3,3,ACCAGGAATCAGGCAGCCCT,0,4798418
ygeY_predicted,0.25,3,3,ACCAGCACGAAAACGCTGTG,0,4805425
ygeY_predicted,0.25,3,3,ACCAACTAACAGGTAGGTAA,0,4802291
ygeY_predicted,0.25,3,3,ACATCTTAATGGTGTTTAGT,0,4802316
ygeY_predicted,0.25,3,3,ACAGGCACAATGAGTAGGCT,0,4803209
ygeY_predicted,0.25,3,3,ACAGCGGTCTCGGCTATCGA,0,4809255
ygeY_predicted,0.25,3,3,ACAGATGTGCAACTGCTTAT,0,4804193
ygeY_predicted,0.25,3,3,ACACGCCCTTGAATCGCAGT,0,4812193
ygeY_predicted,0.25,3,3,ACAATCTCTATAGCGTCAGG,0,4795811
ygeY_predicted,0.25,3,3,ACAACGCTGAAGTAGGCCCT,0,4804183
ygeY_predicted,0.25,3,3,AATTCTCCCCCTGGATTTTT,0,4815054
ygeY_predicted,0.25,3,3,AATTCGTTTTGGTTCTGGCG,0,4796192
ygeY_predicted,0.25,3,3,AATGCGTTCCCGCTGCGAAA,0,4812991
ygeY_predicted,0.25,3,3,AATGCGAGTAACCCGCAGGT,0,4805645
ygeY_predicted,0.25,3,3,AATGATTCACTCTAGCGTGT,0,4815099
ygeY_predicted,0.25,3,3,AATCTGAAAAGCCAATGTGC,0,4811414
ygeY_predicted,0.25,3,3,AATCGTCCTCCGGGACGACT,0,4804173
ygeY_predicted,0.25,3,3,AATCCCGCCTGGTATCGAAT,0,4800714
ygeY_predicted,0.25,3,3,AATCATTTGCGTGCGAGGTG,0,4796933
ygeY_predicted,0.25,3,3,AATCAGCGCCACGGAACTAT,0,4798486
ygeY_predicted,0.25,3,3,AAGTTTTAGAGGTATTGCTT,0,4815273
ygeY_predicted,0.25,3,3,AAGTTCGTCAGACAGGTAAT,0,4808560
ygeY_predicted,0.25,3,3,AAGTAACCAGCACAGTCCGA,0,4808054
ygeY_predicted,0.25,3,3,AAGGGCCACGAACGGGCTAA,0,4801352
ygeY_predicted,0.25,3,3,AAGGCTCTGATCAAACGTAG,0,4811003
ygeY_predicted,0.25,3,3,AAGGAGCTTTCGTGCGTCTT,0,4796302
ygeY_predicted,0.25,3,3,AAGCGACCATGTTTGGGACC,0,4815639
ygeY_predicted,0.25,3,3,AAGCCTAAGAACGTTAATCT,0,4811487
ygeY_predicted,0.25,3,3,AAGCCCCTATAGGTGCCTAG,0,4815313
ygeY_predicted,0.25,3,3,AAGCCAATGGTTAACCCTAG,0,4806889
ygeY_predicted,0.25,3,3,AAGCATCGCATAGTATGGTT,0,4805840
ygeY_predicted,0.25,3,3,AAGATGACATTAATAGCGCA,0,4815742
ygeY_predicted,0.25,3,3,AAGATAGTGCGTCAGTTGCG,0,4796568
ygeY_predicted,0.25,3,3,AAGAACCAGCTTTATTGACA,0,4812585
ygeY_predicted,0.25,3,3,AACTTTGGTCTTTACGACAT,0,4799461
ygeY_predicted,0.25,3,3,AACTCCAGCTCCGTATAAAA,0,4809654
ygeY_predicted,0.25,3,3,AACTCAAATAGTCAAACGCC,0,4800667
ygeY_predicted,0.25,3,3,AACGTTGGCATAGGTTATCA,0,4814285
ygeY_predicted,0.25,3,3,AACGGTTATGCAGCCAGGCT,0,4800196
ygeY_predicted,0.25,3,3,AACGGTGTTTGTTGAGCTGA,0,4799000
ygeY_predicted,0.25,3,3,AACGCCGGGTTTATCTGGTC,0,4810466
ygeY_predicted,0.25,3,3,AACCGTAGCACCGAATAAAC,0,4813912
ygeY_predicted,0.25,3,3,AACCGCCTGTTTAGTAGATG,0,4799745
ygeY_predicted,0.25,3,3,AACCCGGAGGCACGATCTAA,0,4801941
ygeY_predicted,0.25,3,3,AACAGTGATGCCCGCACGTT,0,4798279
ygeY_predicted,0.25,3,3,AACAATCGTATATGGTTCCA,0,4807866
ygeY_predicted,0.25,3,3,AACAAGCCCTCAGCGAATGA,0,4813692
ygeY_predicted,0.25,3,3,AACAACTGTAAAGTCCACTA,0,4801426
ygeY_predicted,0.25,3,3,AAATTTTAGCCGGGACGATA,0,4806982
ygeY_predicted,0.25,3,3,AAATTGGCTCGAGTGGCATT,0,4805687
ygeY_predicted,0.25,3,3,AAATGTATCTCGCCCGATAA,0,4806112
ygeY_predicted,0.25,3,3,AAATCTGCGGGGGCCGAGGC,0,4810385
ygeY_predicted,0.25,3,3,AAATCTATCCGCTGGTGAGA,0,4807647
ygeY_predicted,0.25,3,3,AAATAATACAGAAATTGTAC,0,4810447
ygeY_predicted,0.25,3,3,AAAGTGGAAAGGGGATCTGA,0,4809943
ygeY_predicted,0.25,3,3,AAAGTCTAGGAGTCGATCAG,0,4795073
ygeY_predicted,0.25,3,3,AAAGGGATACAATCGGGGCT,0,4805796
ygeY_predicted,0.25,3,3,AAAGGATACTCAGAAGCAGG,0,4800689
ygeY_predicted,0.25,3,3,AAACTAGAGCGTGGTCTCGT,0,4808552
ygeY_predicted,0.25,3,3,AAACATCTCTTTACGCCCCT,0,4816588
ygeY_predicted,0.25,3,3,AAACAGGTACGTCTATGCCT,0,4802413
ygeY_predicted,0.25,3,3,AAAATGTAAGTGCCGGCCCA,0,4803651
ygeY_predicted,0.25,3,3,AAAATAGTTTTAAGGCACGT,0,4809073
ygeY_predicted,0.25,3,3,AAAAAGTATCCGTTAACACA,0,4805726
ygeY_predicted,0.25,3,3,AAAAAAATCAATATTGAACA,0,4805548
ygeY_predicted,0.3333333333333333,2,2,TTTTGTACCAAATGTTTGAT,0,4794896
ygeY_predicted,0.3333333333333333,2,2,TTTGCATTGCGCACACGCAA,0,4809792
ygeY_predicted,0.3333333333333333,2,2,TTTGACCCCCCTCGTTCGGC,0,4795177
ygeY_predicted,0.3333333333333333,2,2,TTTCTGCAAAGGTTCCCGTG,0,4810401
ygeY_predicted,0.3333333333333333,2,2,TTTCGTCGGGCCGGTTTTTG,0,4814290
ygeY_predicted,0.3333333333333333,2,2,TTTCGTAGAGACTTGGTGGT,0,4810655
ygeY_predicted,0.3333333333333333,2,2,TTTCCTATGGGAAAGATCAA,0,4801509
ygeY_predicted,0.3333333333333333,2,2,TTTCATGATTGGCATTGTTT,0,4798131
ygeY_predicted,0.3333333333333333,2,2,TTTCAGTTTTCCAGGGAAAT,0,4796651
ygeY_predicted,0.3333333333333333,2,2,TTTAGTGCCAAAAATTTGTG,0,4799168
ygeY_predicted,0.3333333333333333,2,2,TTTAGGTTTCGTGGAAAGCC,0,4802120
ygeY_predicted,0.3333333333333333,2,2,TTTAGGATGTTTACTGTTTC,0,4798366
ygeY_predicted,0.3333333333333333,2,2,TTTAAGCTAAATTGGATGAT,0,4802416
ygeY_predicted,0.3333333333333333,2,2,TTGTTATTCGGTTTAATATC,0,4802743
ygeY_predicted,0.3333333333333333,2,2,TTGTGAGCGTACTTACCCAA,0,4812876
ygeY_predicted,0.3333333333333333,2,2,TTGTGAATATCGCGCATCTT,0,4814923
ygeY_predicted,0.3333333333333333,2,2,TTGGTCCGGGGACTGAGCAG,0,4802889
ygeY_predicted,0.3333333333333333,2,2,TTGGGATCGTTCTCCCTGAC,0,4803773
ygeY_predicted,0.3333333333333333,2,2,TTGGCTGAAGCCATGGGAGG,0,4804263
ygeY_predicted,0.3333333333333333,2,2,TTGGCTCACGAGAACTGATA,0,4798541
ygeY_predicted,0.3333333333333333,2,2,TTGGCAGAGGACCCGACCCC,0,4796705
ygeY_predicted,0.3333333333333333,2,2,TTGGACGATCTCTTCATGTC,0,4806387
ygeY_predicted,0.3333333333333333,2,2,TTGGACGACAAGTGTGACAC,0,4811320
ygeY_predicted,0.3333333333333333,2,2,TTGGAAACTGCGCACACCTG,0,4809327
ygeY_predicted,0.3333333333333333,2,2,TTGCTGGGCTCGCCAAAGTC,0,4809919
ygeY_predicted,0.3333333333333333,2,2,TTGCGAGTATTATCATGTTT,0,4813489
ygeY_predicted,0.3333333333333333,2,2,TTGCCACTTTTCAAACAACG,0,4795467
ygeY_predicted,0.3333333333333333,2,2,TTGACTCTTTAGCCTGCCGG,0,4798390
ygeY_predicted,0.3333333333333333,2,2,TTGACACGGCGGAGACCACT,0,4803987
ygeY_predicted,0.3333333333333333,2,2,TTCTTGTGTCCACTCCTTTG,0,4809844
ygeY_predicted,0.3333333333333333,2,2,TTCTGCCGTTGGCTAGCCGT,0,4805249
ygeY_predicted,0.3333333333333333,2,2,TTCGCTGGCCATTCGACGGC,0,4800866
ygeY_predicted,0.3333333333333333,2,2,TTCCTATTCAGGAGGGGTAT,0,4796920
ygeY_predicted,0.3333333333333333,2,2,TTCATCCAGGAGGATGGTGC,0,4800396
ygeY_predicted,0.3333333333333333,2,2,TTCACTAGCGGTCGGCCAAC,0,4799976
ygeY_predicted,0.3333333333333333,2,2,TTCACATGACGTCATTCGCT,0,4800226
ygeY_predicted,0.3333333333333333,2,2,TTATGTATCGGTTGTAGACG,0,4804871
ygeY_predicted,0.3333333333333333,2,2,TTATGCTAAGTTACCTATCC,0,4803898
ygeY_predicted,0.3333333333333333,2,2,TTAGTTAGATGGCGAGATAC,0,4816239
ygeY_predicted,0.3333333333333333,2,2,TTAGGGACCCCCGCCATGCA,0,4806655
ygeY_predicted,0.3333333333333333,2,2,TTAGGGAAAATGAAGACATA,0,4811142
ygeY_predicted,0.3333333333333333,2,2,TTAGCCAGTGTGCCATTTGA,0,4795594
ygeY_predicted,0.3333333333333333,2,2,TTACAAACAAGACTACGGGA,0,4806436
ygeY_predicted,0.3333333333333333,2,2,TTAATCGGATGAACCGTGTG,0,4808187
ygeY_predicted,0.3333333333333333,2,2,TTAACGCCTCGCCTGAACGC,0,4797864
ygeY_predicted,0.3333333333333333,2,2,TTAAAATGACATCCCCGATA,0,4806766
ygeY_predicted,0.3333333333333333,2,2,TGTTTGCTACTTACCAAGCA,0,4806194
ygeY_predicted,0.3333333333333333,2,2,TGTTTCCTGACAGGCAGTTA,0,4804770
ygeY_predicted,0.3333333333333333,2,2,TGTTCACTTCAGTTACAATG,0,4814764
ygeY_predicted,0.3333333333333333,2,2,TGTGTTGTTAACCATCGTAA,0,4798981
ygeY_predicted,0.3333333333333333,2,2,TGTGGTCGTACGGGCACCGC,0,4804787
ygeY_predicted,0.3333333333333333,2,2,TGTCTGCTCTCAGACCGCAG,0,4800075
ygeY_predicted,0.3333333333333333,2,2,TGTCGTAACTTCCGCTTCTG,0,4802572
ygeY_predicted,0.3333333333333333,2,2,TGTCCCGCTAGCAGGAGATG,0,4807283
ygeY_predicted,0.3333333333333333,2,2,TGTCCCAGAACCCATAAGAG,0,4809084
ygeY_predicted,0.3333333333333333,2,2,TGTCCCAATTGTTCCCGGTT,0,4798841
ygeY_predicted,0.3333333333333333,2,2,TGTATTATGATTGAAGCTCC,0,4807015
ygeY_predicted,0.3333333333333333,2,2,TGTATGCTCGCCTGAGAAAC,0,4811981
ygeY_predicted,0.3333333333333333,2,2,TGTAGTTGCACGACCCTGAC,0,4795162
ygeY_predicted,0.3333333333333333,2,2,TGTAGCATTGTTTGTCCATC,0,4799123
ygeY_predicted,0.3333333333333333,2,2,TGTACAGAGGCGACCTGATC,0,4814613
ygeY_predicted,0.3333333333333333,2,2,TGTAATAGTGAGGGCGGCGC,0,4810382
ygeY_predicted,0.3333333333333333,2,2,TGGTTGATTGAGATCATAGA,0,4802997
ygeY_predicted,0.3333333333333333,2,2,TGGTTCTCAGGTATCTCGTT,0,4806597
ygeY_predicted,0.3333333333333333,2,2,TGGTTCCTGAGTTAAGTAGA,0,4802569
ygeY_predicted,0.3333333333333333,2,2,TGGTGTCCACTGATCATCCC,0,4803105
ygeY_predicted,0.3333333333333333,2,2,TGGTCCACTAATTGCTACGG,0,4799005
ygeY_predicted,0.3333333333333333,2,2,TGGTCATACGCGCAGGGGGA,0,4810491
ygeY_predicted,0.3333333333333333,2,2,TGGGGGATGCCTCGTGGCAA,0,4808907
ygeY_predicted,0.3333333333333333,2,2,TGGGCTCGCTTTTTTTTACA,0,4801749
ygeY_predicted,0.3333333333333333,2,2,TGGGCACGGCGGAACTCGGA,0,4807833
ygeY_predicted,0.3333333333333333,2,2,TGGGATTAAGCGTCTAAGCA,0,4805846
ygeY_predicted,0.3333333333333333,2,2,TGGGATCGCGTACCCGTGGT,0,4810218
ygeY_predicted,0.3333333333333333,2,2,TGGGAGGGAGCTCTGAGTCT,0,4806034
ygeY_predicted,0.3333333333333333,2,2,TGGCGAAGATCGAATTGAAG,0,4804910
ygeY_predicted,0.3333333333333333,2,2,TGGCAAGTCGTGGAGTAAAG,0,4803466
ygeY_predicted,0.3333333333333333,2,2,TGGATGTAATGCACTATTAG,0,4801915
ygeY_predicted,0.3333333333333333,2,2,TGGACCGCGATCTCGCCCCA,0,4807616
ygeY_predicted,0.3333333333333333,2,2,TGCTTATACGGGCGTTTCTT,0,4813425
ygeY_predicted,0.3333333333333333,2,2,TGCTCTGGCAGGGCATCTGA,0,4798363
ygeY_predicted,0.3333333333333333,2,2,TGCGTTTTAGGGGTCTTGCT,0,4815081
ygeY_predicted,0.3333333333333333,2,2,TGCGGACGATTATTTCCATT,0,4803604
ygeY_predicted,0.3333333333333333,2,2,TGCGGACCTAATACGATTGG,0,4808285
ygeY_predicted,0.3333333333333333,2,2,TGCGCTTGGTAAACTGCAAA,0,4798439
ygeY_predicted,0.3333333333333333,2,2,TGCGCAACTTTGCTTACATC,0,4795693
ygeY_predicted,0.3333333333333333,2,2,TGCGACGCGTTCACCACGCT,0,4809955
ygeY_predicted,0.3333333333333333,2,2,TGCCGACGACTTTAACGGCA,0,4816105
ygeY_predicted,0.3333333333333333,2,2,TGCCAGAGATTTCACCCTGG,0,4796297
ygeY_predicted,0.3333333333333333,2,2,TGCCAGACGTCATCACTACT,0,4804127
ygeY_predicted,0.3333333333333333,2,2,TGCCACATGAAATTGGGTCG,0,4802095
ygeY_predicted,0.3333333333333333,2,2,TGCCAACCAAACATAGGGCT,0,4814822
ygeY_predicted,0.3333333333333333,2,2,TGCATGTACCAAGGTGTCAC,0,4797576
ygeY_predicted,0.3333333333333333,2,2,TGCACCTTGAGCAGGTAGAA,0,4811594
ygeY_predicted,0.3333333333333333,2,2,TGATGCGCCTGAAGTCCCAA,0,4799182
ygeY_predicted,0.3333333333333333,2,2,TGATCGTTGGGATTGTGAGG,0,4816140
ygeY_predicted,0.3333333333333333,2,2,TGAGTACACCGGCTAAGACT,0,4808250
ygeY_predicted,0.3333333333333333,2,2,TGAGAGATAAATTTTTGGAG,0,4814655
ygeY_predicted,0.3333333333333333,2,2,TGACTCTGAGGAATTGATGG,0,4809819
ygeY_predicted,0.3333333333333333,2,2,TGACGTGACGAGCGGATGTA,0,4800949
ygeY_predicted,0.3333333333333333,2,2,TGACCGACAACCCGGGACTC,0,4806827
ygeY_predicted,0.3333333333333333,2,2,TGACCAGCGATTTTTCTTCG,0,4796843
ygeY_predicted,0.3333333333333333,2,2,TGAAGCACGCCAAGTCCACC,0,4798079
ygeY_predicted,0.3333333333333333,2,2,TGAACGTTTACCCTCGGGTT,0,4808545
ygeY_predicted,0.3333333333333333,2,2,TGAACGTGAAACTCGGGTGT,0,4800477
ygeY_predicted,0.3333333333333333,2,2,TGAACGAAAGTGCTACAGAC,0,4815739
ygeY_predicted,0.3333333333333333,2,2,TCTTTAGGCCGGTACTGCCG,0,4808575
ygeY_predicted,0.3333333333333333,2,2,TCTTCTTTAACAGTAGAGAT,0,4794950
ygeY_predicted,0.3333333333333333,2,2,TCTGGCTGAGCCTCGCGGCG,0,4809793
ygeY_predicted,0.3333333333333333,2,2,TCTGGACTGTAGGGATAATT,0,4814207
ygeY_predicted,0.3333333333333333,2,2,TCTCTACATGGCCGGGCGAT,0,4799314
ygeY_predicted,0.3333333333333333,2,2,TCTCGACGTCAACCTCAGTT,0,4804911
ygeY_predicted,0.3333333333333333,2,2,TCTCCGGGAGAGTACAGTTA,0,4807157
ygeY_predicted,0.3333333333333333,2,2,TCTCCGGACACCGCCGCGTA,0,4816708
ygeY_predicted,0.3333333333333333,2,2,TCTCCACGAAAAAACAGTGG,0,4812077
ygeY_predicted,0.3333333333333333,2,2,TCTAGTGTGGCGACCATGGA,0,4815089
ygeY_predicted,0.3333333333333333,2,2,TCTACGCTCAGCCCAGCTAG,0,4806294
ygeY_predicted,0.3333333333333333,2,2,TCTACCTACCCATGCACCCC,0,4813313
ygeY_predicted,0.3333333333333333,2,2,TCTAACTGTTGACGCAGCCT,0,4811118
ygeY_predicted,0.3333333333333333,2,2,TCGTGCCGGACGGGATGACG,0,4809596
ygeY_predicted,0.3333333333333333,2,2,TCGTCCACTCCCCGGAGATG,0,4802753
ygeY_predicted,0.3333333333333333,2,2,TCGTATCGTCCCCTGAGACT,0,4813454
ygeY_predicted,0.3333333333333333,2,2,TCGGTTAAAACCTCCCGATA,0,4801244
ygeY_predicted,0.3333333333333333,2,2,TCGGTGTGTGTTCCGCACCT,0,4795735
ygeY_predicted,0.3333333333333333,2,2,TCGGGGACTAATAGTCCCAT,0,4811160
ygeY_predicted,0.3333333333333333,2,2,TCGCTCATGGAGTACAGCAT,0,4806260
ygeY_predicted,0.3333333333333333,2,2,TCGCTACTTACCGTTTGTGT,0,4810029
ygeY_predicted,0.3333333333333333,2,2,TCGCCGAGCACGGGCTTGGG,0,4812297
ygeY_predicted,0.3333333333333333,2,2,TCGCACCGCGCAATGTTATT,0,4808925
ygeY_predicted,0.3333333333333333,2,2,TCGATGCAGTGGGGCAACGC,0,4807695
ygeY_predicted,0.3333333333333333,2,2,TCGATATAGTTGAAAACCAT,0,4803597
ygeY_predicted,0.3333333333333333,2,2,TCGACTTCGTGGACACGCAT,0,4810490
ygeY_predicted,0.3333333333333333,2,2,TCGACAGGCTCAGACACTCC,0,4809742
ygeY_predicted,0.3333333333333333,2,2,TCGAATGCATGTGTTGGGAC,0,4798554
ygeY_predicted,0.3333333333333333,2,2,TCCTGTTCCTACTTGTTGAA,0,4809166
ygeY_predicted,0.3333333333333333,2,2,TCCTGTGCCCTCTTTATCAG,0,4815465
ygeY_predicted,0.3333333333333333,2,2,TCCTCTCGCATAAAGTTCTC,0,4796955
ygeY_predicted,0.3333333333333333,2,2,TCCTCACCGGAGCGCCTTTC,0,4809537
ygeY_predicted,0.3333333333333333,2,2,TCCGTCACCGACAAAATAAA,0,4796113
ygeY_predicted,0.3333333333333333,2,2,TCCGTAGCACGTTCTTTTTA,0,4803133
ygeY_predicted,0.3333333333333333,2,2,TCCGGGCTTGACCCGGGAGG,0,4796003
ygeY_predicted,0.3333333333333333,2,2,TCCGGCTTTCTCTATCCGTT,0,4809110
ygeY_predicted,0.3333333333333333,2,2,TCCGCCTGAGCACCGAGCAG,0,4804793
ygeY_predicted,0.3333333333333333,2,2,TCCGCAAGCATAACTGACAA,0,4803688
ygeY_predicted,0.3333333333333333,2,2,TCCCTAGGACCACCCGGGGT,0,4811318
ygeY_predicted,0.3333333333333333,2,2,TCCAATTTACGTCCGGGTGT,0,4801992
ygeY_predicted,0.3333333333333333,2,2,TCCAAAATACCGTTGTTTGC,0,4811340
ygeY_predicted,0.3333333333333333,2,2,TCATTTCGGAGATTCCAGTG,0,4815531
ygeY_predicted,0.3333333333333333,2,2,TCATCTTGATCTTGTTCTTG,0,4799481
ygeY_predicted,0.3333333333333333,2,2,TCATCTCATTTCTGTCTCAC,0,4810169
ygeY_predicted,0.3333333333333333,2,2,TCAGTGATGCTCATATGACG,0,4800290
ygeY_predicted,0.3333333333333333,2,2,TCAGATACTGGTACAATGTA,0,4795012
ygeY_predicted,0.3333333333333333,2,2,TCAGACCCCGGCCCTGGAGA,0,4808698
ygeY_predicted,0.3333333333333333,2,2,TCACCCAGTGAATAGGTCTA,0,4803956
ygeY_predicted,0.3333333333333333,2,2,TCACAGTCACTTCCGGCGTT,0,4803119
ygeY_predicted,0.3333333333333333,2,2,TCAAGCGGCTAAGCGCGAGT,0,4803832
ygeY_predicted,0.3333333333333333,2,2,TCAAGAGTCCGGAACGCTTG,0,4799781
ygeY_predicted,0.3333333333333333,2,2,TCAACCCTCACTCACGCTAG,0,4799542
ygeY_predicted,0.3333333333333333,2,2,TATTTTACTGCTTCTCCCCC,0,4811719
ygeY_predicted,0.3333333333333333,2,2,TATTTAGTTTGTACTATTGT,0,4798482
ygeY_predicted,0.3333333333333333,2,2,TATTGTGACCGGTGAGACTT,0,4809661
ygeY_predicted,0.3333333333333333,2,2,TATTGGGTTCCCAACCAGCA,0,4803371
ygeY_predicted,0.3333333333333333,2,2,TATTACTGTAACATCTGGGA,0,4795880
ygeY_predicted,0.3333333333333333,2,2,TATGCAGCTCGTCTATAGGA,0,4812271
ygeY_predicted,0.3333333333333333,2,2,TATGCACATGCTGAGAATAA,0,4798976
ygeY_predicted,0.3333333333333333,2,2,TATCTTGATGCGCCACGGCT,0,4804191
ygeY_predicted,0.3333333333333333,2,2,TATCGGCATGCGGGGATGGG,0,4795714
ygeY_predicted,0.3333333333333333,2,2,TATCGATGCTTCTAATTTCC,0,4797110
ygeY_predicted,0.3333333333333333,2,2,TATAAGGGGTTTTCTGCCAC,0,4801158
ygeY_predicted,0.3333333333333333,2,2,TAGTAGACTTAACAGGCTCT,0,4814345
ygeY_predicted,0.3333333333333333,2,2,TAGGTGCGTAGGGATTGCGT,0,4804808
ygeY_predicted,0.3333333333333333,2,2,TAGCGTGGTCAGACAATATA,0,4810226
ygeY_predicted,0.3333333333333333,2,2,TAGACTGTCGGCTACCTCGA,0,4809478
ygeY_predicted,0.3333333333333333,2,2,TAGACACTAGATATAGGTCT,0,4814225
ygeY_predicted,0.3333333333333333,2,2,TACTTGGATGATCAAATGCT,0,4809447
ygeY_predicted,0.3333333333333333,2,2,TACTATACCCGGTGCGTGAT,0,4799710
ygeY_predicted,0.3333333333333333,2,2,TACGTTAGCTCTCTGTTAAG,0,4797419
ygeY_predicted,0.3333333333333333,2,2,TACGCATAAAATAGGTAGCC,0,4805673
ygeY_predicted,0.3333333333333333,2,2,TACCTCTTTCTTTCATAAAG,0,4801259
ygeY_predicted,0.3333333333333333,2,2,TACCAGGAAAAGCTAAGCCC,0,4810865
ygeY_predicted,0.3333333333333333,2,2,TACATCGCTCTAAGTGGCTG,0,4815803
ygeY_predicted,0.3333333333333333,2,2,TACACATTAGTCCTCTCACT,0,4813111
ygeY_predicted,0.3333333333333333,2,2,TACACAACGCATCGTTCCGT,0,4809604
ygeY_predicted,0.3333333333333333,2,2,TACAAGGATATCCTTACCCT,0,4797005
ygeY_predicted,0.3333333333333333,2,2,TAATTTCTACTCACGGAAGT,0,4798758
ygeY_predicted,0.3333333333333333,2,2,TAATTTCAGAAGTCGCAATT,0,4798914
ygeY_predicted,0.3333333333333333,2,2,TAATTAAGGGAGGTGCGGCT,0,4810743
ygeY_predicted,0.3333333333333333,2,2,TAATGACTTTGCAGAGTATT,0,4807294
ygeY_predicted,0.3333333333333333,2,2,TAATATGTTGTCGGGGAGGT,0,4805623
ygeY_predicted,0.3333333333333333,2,2,TAAGTCGGGTCGTGTATCGT,0,4798802
ygeY_predicted,0.3333333333333333,2,2,TAAGGGTAGAAGACGAATCA,0,4803794
ygeY_predicted,0.3333333333333333,2,2,TAAGCGTTACCGGCTAGAGA,0,4796485
ygeY_predicted,0.3333333333333333,2,2,TAACTTTCTCGGAATCCGGA,0,4814503
ygeY_predicted,0.3333333333333333,2,2,TAACATGAATCTGACAGGAG,0,4813317
ygeY_predicted,0.3333333333333333,2,2,TAACATACAGATGCAGCCCG,0,4813577
ygeY_predicted,0.3333333333333333,2,2,TAAAGGTGGTGGTTAGTTCA,0,4800925
ygeY_predicted,0.3333333333333333,2,2,TAAAGATTGCACTCACAGTA,0,4798982
ygeY_predicted,0.3333333333333333,2,2,TAAAGATTAGCGAGCTCGAT,0,4806694
ygeY_predicted,0.3333333333333333,2,2,TAAACGTTCGATGAAAAAAA,0,4800995
ygeY_predicted,0.3333333333333333,2,2,TAAAAAAGACCCTGGAGACT,0,4800160
ygeY_predicted,0.3333333333333333,2,2,GTTTTTTTGAAGGCACCGGT,0,4804441
ygeY_predicted,0.3333333333333333,2,2,GTTTTTACATAGACTCTCAA,0,4800300
ygeY_predicted,0.3333333333333333,2,2,GTTTTAGTATGGGAAGCCTA,0,4807804
ygeY_predicted,0.3333333333333333,2,2,GTTTTACGCCTCAACACGGG,0,4813407
ygeY_predicted,0.3333333333333333,2,2,GTTTGTTTAGACTCATAACG,0,4795165
ygeY_predicted,0.3333333333333333,2,2,GTTTACTTGAGAATCGAAGG,0,4798134
ygeY_predicted,0.3333333333333333,2,2,GTTTAAAGGTTATGAGCACA,0,4812522
ygeY_predicted,0.3333333333333333,2,2,GTTGTGTGGCTTCCCCGTAT,0,4809697
ygeY_predicted,0.3333333333333333,2,2,GTTGCGTATTAGCACTACCA,0,4807308
ygeY_predicted,0.3333333333333333,2,2,GTTGACCGGCGCCGCTAAGA,0,4795022
ygeY_predicted,0.3333333333333333,2,2,GTTCCCACTCCAGTGGGGGT,0,4795626
ygeY_predicted,0.3333333333333333,2,2,GTTCATGAGGGACCCCGCAA,0,4813352
ygeY_predicted,0.3333333333333333,2,2,GTTCAAAGAGACCTACAGCG,0,4803352
ygeY_predicted,0.3333333333333333,2,2,GTTATGGCCTTATGATGAAT,0,4809601
ygeY_predicted,0.3333333333333333,2,2,GTTATGCATTAACAACCTGG,0,4810002
ygeY_predicted,0.3333333333333333,2,2,GTTAGCATGTGCAGGAAGTA,0,4812385
ygeY_predicted,0.3333333333333333,2,2,GTTACTTGCCTCATACTGAT,0,4799295
ygeY_predicted,0.3333333333333333,2,2,GTTACTGCCCTGATGGAAGG,0,4795577
ygeY_predicted,0.3333333333333333,2,2,GTTACCTGCAGAAGCGCCCA,0,4813170
ygeY_predicted,0.3333333333333333,2,2,GTGTTACCATTTAGACCTGA,0,4798272
ygeY_predicted,0.3333333333333333,2,2,GTGTTAATAGTCATCACGCT,0,4805534
ygeY_predicted,0.3333333333333333,2,2,GTGTGACGGGCTTCTTACGG,0,4803326
ygeY_predicted,0.3333333333333333,2,2,GTGTCCGGGGATTTCTGTCT,0,4807316
ygeY_predicted,0.3333333333333333,2,2,GTGTAAAGCCGTTCGCGTCA,0,4810203
ygeY_predicted,0.3333333333333333,2,2,GTGGCCGGTAATCCATATCA,0,4809753
ygeY_predicted,0.3333333333333333,2,2,GTGGCAGAGGGTTGTATTAC,0,4803526
ygeY_predicted,0.3333333333333333,2,2,GTGGATCACTTCATTGATCA,0,4800333
ygeY_predicted,0.3333333333333333,2,2,GTGCATTGTTCTGTTCTGGT,0,4803314
ygeY_predicted,0.3333333333333333,2,2,GTGAGTATAAAGCGAAAATG,0,4807811
ygeY_predicted,0.3333333333333333,2,2,GTGAGCGAAGAGAAGAAGGC,0,4811613
ygeY_predicted,0.3333333333333333,2,2,GTGACCAGTATCAGTGGTGT,0,4796832
ygeY_predicted,0.3333333333333333,2,2,GTCTTAAGGAACTTGCCCCT,0,4812681
ygeY_predicted,0.3333333333333333,2,2,GTCTGTAGGAGCATTCACCT,0,4813442
ygeY_predicted,0.3333333333333333,2,2,GTCTGGCTGCATATTAGTTT,0,4805605
ygeY_predicted,0.3333333333333333,2,2,GTCTAGGGAGTGACACCGCT,0,4804078
ygeY_predicted,0.3333333333333333,2,2,GTCTAGAATCCCTAAACGAC,0,4812371
ygeY_predicted,0.3333333333333333,2,2,GTCGTTGATTTGTGTGCCCG,0,4813219
ygeY_predicted,0.3333333333333333,2,2,GTCGATTCCGGGGGCGAATT,0,4807327
ygeY_predicted,0.3333333333333333,2,2,GTCGAATCTAGGGAGCACTC,0,4816465
ygeY_predicted,0.3333333333333333,2,2,GTCCGGTTGCCCGGAAACGC,0,4814056
ygeY_predicted,0.3333333333333333,2,2,GTCCGGCGACTACAATTCGG,0,4808399
ygeY_predicted,0.3333333333333333,2,2,GTCCCGCTAGACGTCCACTT,0,4810368
ygeY_predicted,0.3333333333333333,2,2,GTCCACGCCCGTCCGGCGCA,0,4799862
ygeY_predicted,0.3333333333333333,2,2,GTCCAACATATGAACGTCAA,0,4813256
ygeY_predicted,0.3333333333333333,2,2,GTCATGTGTCAGTGGCCGTT,0,4796479
ygeY_predicted,0.3333333333333333,2,2,GTCATGAATCCGAGTTTGTA,0,4800711
ygeY_predicted,0.3333333333333333,2,2,GTCATGAAAGCATAACTCAA,0,4809235
ygeY_predicted,0.3333333333333333,2,2,GTCATCTTACGCGTAAGGAC,0,4806340
ygeY_predicted,0.3333333333333333,2,2,GTCATAAGCATTGCTTGCGG,0,4812717
ygeY_predicted,0.3333333333333333,2,2,GTCACTTCAGGGTGGGGAAC,0,4800812
ygeY_predicted,0.3333333333333333,2,2,GTCACCAAATCGATAGGTCA,0,4800527
ygeY_predicted,0.3333333333333333,2,2,GTCAATAGGGTGTGAGCAAT,0,4802915
ygeY_predicted,0.3333333333333333,2,2,GTCAACTATTTCCCCTTGGA,0,4805514
ygeY_predicted,0.3333333333333333,2,2,GTCAAAGAGCCCAGCACGAT,0,4796233
ygeY_predicted,0.3333333333333333,2,2,GTATTTTTGTGCATTTAGGC,0,4808996
ygeY_predicted,0.3333333333333333,2,2,GTATGACTGAGGTGGAAAGC,0,4804945
ygeY_predicted,0.3333333333333333,2,2,GTATCAATCATCTTACATCT,0,4798536
ygeY_predicted,0.3333333333333333,2,2,GTATAGCATACGCGCCCATC,0,4806483
ygeY_predicted,0.3333333333333333,2,2,GTATACCACACACGTCAAGT,0,4802180
ygeY_predicted,0.3333333333333333,2,2,GTAGTATCTTTTGCTGAGCC,0,4811140
ygeY_predicted,0.3333333333333333,2,2,GTAGGGGGCACTTTCGGGAT,0,4802399
ygeY_predicted,0.3333333333333333,2,2,GTAGGGACAAAAGCGTATTT,0,4808973
ygeY_predicted,0.3333333333333333,2,2,GTAGGATTTGGTGGGCAATA,0,4801776
ygeY_predicted,0.3333333333333333,2,2,GTAGAGTCTCTCGTCCCAAT,0,4808005
ygeY_predicted,0.3333333333333333,2,2,GTAGAAGTATCTGCCCATAT,0,4804691
ygeY_predicted,0.3333333333333333,2,2,GTACTTTTACGCCGTTATAC,0,4811672
ygeY_predicted,0.3333333333333333,2,2,GTACTTCCCCCGCGGCTGGC,0,4796526
ygeY_predicted,0.3333333333333333,2,2,GTACTTCATCCATTAAAGGA,0,4809578
ygeY_predicted,0.3333333333333333,2,2,GTACTCTCATACTGGCGTAC,0,4815923
ygeY_predicted,0.3333333333333333,2,2,GTACGTCACGGGTAGGTAGG,0,4799266
ygeY_predicted,0.3333333333333333,2,2,GTACCACTTTTAATCTGAGC,0,4805940
ygeY_predicted,0.3333333333333333,2,2,GTACAAATGGTGCAGGTAAA,0,4798012
ygeY_predicted,0.3333333333333333,2,2,GTACAAAGGGTCCCCATGCA,0,4808046
ygeY_predicted,0.3333333333333333,2,2,GTAATTGGGGGTACCTGGCC,0,4799930
ygeY_predicted,0.3333333333333333,2,2,GTAACTTACCTTAGTAATTG,0,4809432
ygeY_predicted,0.3333333333333333,2,2,GTAACTGGCGAGGCCAGGCT,0,4796321
ygeY_predicted,0.3333333333333333,2,2,GGTTTGCTTCAACATTAGGG,0,4802561
ygeY_predicted,0.3333333333333333,2,2,GGTTTCTCAGGCGAGGAGTG,0,4796985
ygeY_predicted,0.3333333333333333,2,2,GGTTCGTGCTGAAACTATTC,0,4799433
ygeY_predicted,0.3333333333333333,2,2,GGTTCGTGAAGGGGGGACAA,0,4795557
ygeY_predicted,0.3333333333333333,2,2,GGTTCCCCAGTTGTAGGGAT,0,4803541
ygeY_predicted,0.3333333333333333,2,2,GGTTCAAGCGTTGTGAAACA,0,4807069
ygeY_predicted,0.3333333333333333,2,2,GGTTATGAGAATAACAGACC,0,4799539
ygeY_predicted,0.3333333333333333,2,2,GGTGTCCGCCGTATGCACAC,0,4797478
ygeY_predicted,0.3333333333333333,2,2,GGTGGTAAGGATGTCCAGCC,0,4812792
ygeY_predicted,0.3333333333333333,2,2,GGTGGGTAATACGAGTACCC,0,4799817
ygeY_predicted,0.3333333333333333,2,2,GGTGGGGAACAGTTTACAGA,0,4808162
ygeY_predicted,0.3333333333333333,2,2,GGTGGGACTCGGATTGCAAG,0,4809614
ygeY_predicted,0.3333333333333333,2,2,GGTCATCCAGTCCCCAGGCA,0,4805481
ygeY_predicted,0.3333333333333333,2,2,GGTATGGGACAACAGTTAAC,0,4814442
ygeY_predicted,0.3333333333333333,2,2,GGTATCGCCAGGTGTTAATC,0,4815905
ygeY_predicted,0.3333333333333333,2,2,GGTAGAATGGCCAAAACGAA,0,4799253
ygeY_predicted,0.3333333333333333,2,2,GGTACGTCAGCTGTTGTAGT,0,4800165
ygeY_predicted,0.3333333333333333,2,2,GGTAATCGAAGAAGTCAACG,0,4812118
ygeY_predicted,0.3333333333333333,2,2,GGTAAACAGACAGCGTGTAA,0,4806854
ygeY_predicted,0.3333333333333333,2,2,GGGTTGTCTGGTGCCGTATG,0,4795440
ygeY_predicted,0.3333333333333333,2,2,GGGTTGCCTTAGACGTTTCT,0,4799063
ygeY_predicted,0.3333333333333333,2,2,GGGTGGAACAATGATTCCAG,0,4801994
ygeY_predicted,0.3333333333333333,2,2,GGGTCGATGGGGAAACAACG,0,4798399
ygeY_predicted,0.3333333333333333,2,2,GGGTCATCGTTCCATACTGT,0,4809565
ygeY_predicted,0.3333333333333333,2,2,GGGGTTTGAGACGTAGTTAA,0,4815244
ygeY_predicted,0.3333333333333333,2,2,GGGGTTTAAGTTGACCAGAG,0,4804002
ygeY_predicted,0.3333333333333333,2,2,GGGGTTGGTACTACAAGGAT,0,4803587
ygeY_predicted,0.3333333333333333,2,2,GGGGTGTAATAGTTTTCGTA,0,4799617
ygeY_predicted,0.3333333333333333,2,2,GGGGTAATGGTATCAACCGA,0,4806907
ygeY_predicted,0.3333333333333333,2,2,GGGGGGAAAGCCGCTTTGTA,0,4802877
ygeY_predicted,0.3333333333333333,2,2,GGGGCAGTCCTTGAAAGTGC,0,4808336
ygeY_predicted,0.3333333333333333,2,2,GGGCGCACTGATCGTAGTGA,0,4799040
ygeY_predicted,0.3333333333333333,2,2,GGGCATTCAACTCCCTGCAG,0,4795686
ygeY_predicted,0.3333333333333333,2,2,GGGCAGAAATCCTAAGTGAA,0,4812477
ygeY_predicted,0.3333333333333333,2,2,GGGACAGCTCTCCTGTAGAG,0,4800446
ygeY_predicted,0.3333333333333333,2,2,GGCTGCTCTACCGCCGACCC,0,4808112
ygeY_predicted,0.3333333333333333,2,2,GGCTCGCAGACGAAAGGGCA,0,4803251
ygeY_predicted,0.3333333333333333,2,2,GGCTCATGCATGTTAGCCAC,0,4798877
ygeY_predicted,0.3333333333333333,2,2,GGCGTTACGGTGCATGGATA,0,4795804
ygeY_predicted,0.3333333333333333,2,2,GGCGCTGGTGGATTATAATC,0,4796745
ygeY_predicted,0.3333333333333333,2,2,GGCGCCCTCCCGAAACCTGA,0,4807149
ygeY_predicted,0.3333333333333333,2,2,GGCGAGGAATGCAATAAAAC,0,4812177
ygeY_predicted,0.3333333333333333,2,2,GGCCTTTAGTTCGTGATTGC,0,4802517
ygeY_predicted,0.3333333333333333,2,2,GGCCTGATTATGTGCTGCAA,0,4797330
ygeY_predicted,0.3333333333333333,2,2,GGCCGAGGTTATATACGTCA,0,4798696
ygeY_predicted,0.3333333333333333,2,2,GGCAGGGATGCCTTTCGGTG,0,4804285
ygeY_predicted,0.3333333333333333,2,2,GGCACTAGCTAGATCGCTTG,0,4813784
ygeY_predicted,0.3333333333333333,2,2,GGCACTAAGAGCTACTTTTA,0,4810403
ygeY_predicted,0.3333333333333333,2,2,GGCACGAACTTTAAGGCCGT,0,4799411
ygeY_predicted,0.3333333333333333,2,2,GGCAATCTCCATGGATTTAG,0,4800181
ygeY_predicted,0.3333333333333333,2,2,GGATTTTCTCGGTAGCACTC,0,4797346
ygeY_predicted,0.3333333333333333,2,2,GGATGCGGTGTTCTTGGTGT,0,4813700
ygeY_predicted,0.3333333333333333,2,2,GGAGTCCTCTCTAGACCGTT,0,4795040
ygeY_predicted,0.3333333333333333,2,2,GGAGGCGCGTCGTCTCAGAA,0,4810347
ygeY_predicted,0.3333333333333333,2,2,GGAGGAACGGGAGATGCAGT,0,4807421
ygeY_predicted,0.3333333333333333,2,2,GGAGCGCACGCTCAATGACA,0,4807964
ygeY_predicted,0.3333333333333333,2,2,GGAGACAAATCCTGATAAGC,0,4813563
ygeY_predicted,0.3333333333333333,2,2,GGACCAGCTACTTAGAACCG,0,4800059
ygeY_predicted,0.3333333333333333,2,2,GGAAGAGTAATACCACCTTT,0,4806177
ygeY_predicted,0.3333333333333333,2,2,GGAAGAAGGTTTCGAAGTTC,0,4808063
ygeY_predicted,0.3333333333333333,2,2,GGAACATAAACGCTAATACG,0,4796752
ygeY_predicted,0.3333333333333333,2,2,GGAAAGTCTAAGCTTCTGAC,0,4798347
ygeY_predicted,0.3333333333333333,2,2,GGAAAGGCGTACTCGCGGAG,0,4815864
ygeY_predicted,0.3333333333333333,2,2,GCTTTACACCCATACAAAAA,0,4804638
ygeY_predicted,0.3333333333333333,2,2,GCTTGCGACAAGACCGGAGC,0,4802390
ygeY_predicted,0.3333333333333333,2,2,GCTTCGCTCTCAACCGGAGA,0,4797692
ygeY_predicted,0.3333333333333333,2,2,GCTTATTTGATACCCACATG,0,4804496
ygeY_predicted,0.3333333333333333,2,2,GCTGGGACTAAAGGGTGTGG,0,4798747
ygeY_predicted,0.3333333333333333,2,2,GCTGGATTACCTGGAAAAAG,0,4802557
ygeY_predicted,0.3333333333333333,2,2,GCTCCGGAAATGATCTAGTC,0,4801940
ygeY_predicted,0.3333333333333333,2,2,GCTCCAGTTCCGAGGCCCAA,0,4813680
ygeY_predicted,0.3333333333333333,2,2,GCTCAATTCTCATTTCCTAC,0,4795196
ygeY_predicted,0.3333333333333333,2,2,GCTCAAGTATCCCATCTTAG,0,4813903
ygeY_predicted,0.3333333333333333,2,2,GCTATCATGTTTTGGGGCCT,0,4806379
ygeY_predicted,0.3333333333333333,2,2,GCTAGAAGTTAGTTTAAGAT,0,4805282
ygeY_predicted,0.3333333333333333,2,2,GCTACTTTTTGTAGGTCCGG,0,4817052
ygeY_predicted,0.3333333333333333,2,2,GCTAAGCGGACGGAGCTCGA,0,4807437
ygeY_predicted,0.3333333333333333,2,2,GCGTTTCAATACCAAGCTGT,0,4805891
ygeY_predicted,0.3333333333333333,2,2,GCGTGGCTGGCGTTCACTGG,0,4796122
ygeY_predicted,0.3333333333333333,2,2,GCGTCTGTAGGTGGATATCA,0,4808132
ygeY_predicted,0.3333333333333333,2,2,GCGTCCTTGTCCGTATAGAA,0,4816349
ygeY_predicted,0.3333333333333333,2,2,GCGTACTGGATAATATTCCG,0,4809896
ygeY_predicted,0.3333333333333333,2,2,GCGGTGATCGTCTGAGACAG,0,4796650
ygeY_predicted,0.3333333333333333,2,2,GCGGCTTCATGGAAGGTCTA,0,4798378
ygeY_predicted,0.3333333333333333,2,2,GCGGCGCCCTGCCTAATTGC,0,4804449
ygeY_predicted,0.3333333333333333,2,2,GCGGATGTCAGCAACAGCTT,0,4806143
ygeY_predicted,0.3333333333333333,2,2,GCGGAGGTACTTTCAAACAA,0,4795688
ygeY_predicted,0.3333333333333333,2,2,GCGGAGGAGACTCTTATCTC,0,4816635
ygeY_predicted,0.3333333333333333,2,2,GCGGAAGGTTGTACCGTTTC,0,4806963
ygeY_predicted,0.3333333333333333,2,2,GCGGAACGATCCCCGCGGGC,0,4810956
ygeY_predicted,0.3333333333333333,2,2,GCGCGTGTCTTCAAGATACG,0,4813077
ygeY_predicted,0.3333333333333333,2,2,GCGCGCCACGGTGGGCTCCG,0,4812754
ygeY_predicted,0.3333333333333333,2,2,GCGCCTGTGAAGTTTGTTAG,0,4812854
ygeY_predicted,0.3333333333333333,2,2,GCGCCGGGGCCTAATATTGT,0,4801015
ygeY_predicted,0.3333333333333333,2,2,GCGCATTAGTAAAGTCCCCC,0,4811231
ygeY_predicted,0.3333333333333333,2,2,GCGATAAACTAGGCAAGCAT,0,4816094
ygeY_predicted,0.3333333333333333,2,2,GCGACCAGGGAAACTTCGGA,0,4803154
ygeY_predicted,0.3333333333333333,2,2,GCCTTACTTCTACCGCCCCC,0,4799245
ygeY_predicted,0.3333333333333333,2,2,GCCTTACATTCACCTCGTGA,0,4814926
ygeY_predicted,0.3333333333333333,2,2,GCCTGGCCCTTTCATCTTCA,0,4810065
ygeY_predicted,0.3333333333333333,2,2,GCCTATGTACGATCATCCTG,0,4809067
ygeY_predicted,0.3333333333333333,2,2,GCCGTGAAGCTGCGGGATGT,0,4815065
ygeY_predicted,0.3333333333333333,2,2,GCCGTATCTTGTGGCCGGAG,0,4797685
ygeY_predicted,0.3333333333333333,2,2,GCCGTAATTGGCAGCTAATA,0,4802708
ygeY_predicted,0.3333333333333333,2,2,GCCGGTTTAAGCGCCAGTAG,0,4807729
ygeY_predicted,0.3333333333333333,2,2,GCCGGGAATCGTTCCGAAAC,0,4815387
ygeY_predicted,0.3333333333333333,2,2,GCCGGAGGCCTGACCGTTAG,0,4797647
ygeY_predicted,0.3333333333333333,2,2,GCCGCCTATTTGACTTCGCA,0,4803809
ygeY_predicted,0.3333333333333333,2,2,GCCGCAAGAACCAACGGCCG,0,4813426
ygeY_predicted,0.3333333333333333,2,2,GCCCGCTGGGTGTGCTTCGT,0,4814461
ygeY_predicted,0.3333333333333333,2,2,GCCCATCTATACGAGACGCT,0,4804639
ygeY_predicted,0.3333333333333333,2,2,GCCCACGGGCCGCTGCTAAA,0,4807141
ygeY_predicted,0.3333333333333333,2,2,GCCATCTGCTATATGCTGCT,0,4796118
ygeY_predicted,0.3333333333333333,2,2,GCCAGGTTAACGAGGTATAT,0,4800136
ygeY_predicted,0.3333333333333333,2,2,GCCAGCTCTGATAGTGTAGC,0,4813380
ygeY_predicted,0.3333333333333333,2,2,GCCACTTCCATCGCGACGGT,0,4802502
ygeY_predicted,0.3333333333333333,2,2,GCATTTTTTAACCCGGGGGT,0,4799318
ygeY_predicted,0.3333333333333333,2,2,GCATGCCACCCGATTTCGGA,0,4816033
ygeY_predicted,0.3333333333333333,2,2,GCATCTGTGTCCGGTACCCT,0,4806684
ygeY_predicted,0.3333333333333333,2,2,GCATCTATAGACCCGATAGC,0,4808551
ygeY_predicted,0.3333333333333333,2,2,GCATCCTCATAGTGTAGACT,0,4809824
ygeY_predicted,0.3333333333333333,2,2,GCAGTGTCATGCTCAAATCC,0,4801454
ygeY_predicted,0.3333333333333333,2,2,GCACTCTTGCTATGGGGGGT,0,4816522
ygeY_predicted,0.3333333333333333,2,2,GCACGAACGACAATCTTGTT,0,4796450
ygeY_predicted,0.3333333333333333,2,2,GCACATGTGCGCGAAACGGA,0,4798584
ygeY_predicted,0.3333333333333333,2,2,GCAAGTGCGGGTACTGACGT,0,4796676
ygeY_predicted,0.3333333333333333,2,2,GCAAAATCACCGACGACAAG,0,4812219
ygeY_predicted,0.3333333333333333,2,2,GATTCTTCGACAATGTGCCT,0,4796805
ygeY_predicted,0.3333333333333333,2,2,GATTCAGAGTGAAGAGTATG,0,4805984
ygeY_predicted,0.3333333333333333,2,2,GATTAGGACACTCGCGCTCA,0,4811205
ygeY_predicted,0.3333333333333333,2,2,GATGGTCGTGTACTCATGAG,0,4801194
ygeY_predicted,0.3333333333333333,2,2,GATGCTGACGAAGGCCGTCG,0,4813438
ygeY_predicted,0.3333333333333333,2,2,GATCCCGGAAGTGGGTTCTT,0,4797230
ygeY_predicted,0.3333333333333333,2,2,GATCCCCGCGGCGTGCAAGA,0,4809434
ygeY_predicted,0.3333333333333333,2,2,GATCATTGTCTCCAGACAAT,0,4809788
ygeY_predicted,0.3333333333333333,2,2,GATACCTCATGCCAACCTAT,0,4801092
ygeY_predicted,0.3333333333333333,2,2,GATACATATTAGATCTACCG,0,4797000
ygeY_predicted,0.3333333333333333,2,2,GAGTTGGACAGTACCTAAAC,0,4804289
ygeY_predicted,0.3333333333333333,2,2,GAGTCTTTGAGGCCCGGGGC,0,4815178
ygeY_predicted,0.3333333333333333,2,2,GAGTCGGGCTATATCGGACG,0,4814729
ygeY_predicted,0.3333333333333333,2,2,GAGGTTATTGATGTGAGGTC,0,4816698
ygeY_predicted,0.3333333333333333,2,2,GAGGTCGAATCATTAGCCTG,0,4811410
ygeY_predicted,0.3333333333333333,2,2,GAGGTATGATCAATCTTCGG,0,4802665
ygeY_predicted,0.3333333333333333,2,2,GAGGGTAATCTGGGCCATTG,0,4801433
ygeY_predicted,0.3333333333333333,2,2,GAGGGACTACGTATACTCCG,0,4799506
ygeY_predicted,0.3333333333333333,2,2,GAGGCGACCCCACGGGCCTA,0,4815293
ygeY_predicted,0.3333333333333333,2,2,GAGGCCGCAGCTTGGAATGT,0,4799620
ygeY_predicted,0.3333333333333333,2,2,GAGGCCCACGAGCCGGATTT,0,4801056
ygeY_predicted,0.3333333333333333,2,2,GAGCCTTAGAATGCACTTGC,0,4800346
ygeY_predicted,0.3333333333333333,2,2,GAGCAGTCCAGACCCCCGAT,0,4801586
ygeY_predicted,0.3333333333333333,2,2,GAGCAAATCGAACCGAGTAG,0,4800681
ygeY_predicted,0.3333333333333333,2,2,GAGATATAGCGTGTAATCGT,0,4797222
ygeY_predicted,0.3333333333333333,2,2,GAGACACGCCATCTTGAATT,0,4811821
ygeY_predicted,0.3333333333333333,2,2,GACTTGTGTGACACCAAAAC,0,4801052
ygeY_predicted,0.3333333333333333,2,2,GACTTGTCTTCCATCGAGTC,0,4816082
ygeY_predicted,0.3333333333333333,2,2,GACTTATAGACGAGCAGATC,0,4796022
ygeY_predicted,0.3333333333333333,2,2,GACTTAGTGCTTCCTCAATG,0,4815284
ygeY_predicted,0.3333333333333333,2,2,GACTCTGCCGATGACGGTTA,0,4800780
ygeY_predicted,0.3333333333333333,2,2,GACTCGTGAAGCGGGGCGAT,0,4810216
ygeY_predicted,0.3333333333333333,2,2,GACGGTGGTTCGTATCTGCA,0,4797537
ygeY_predicted,0.3333333333333333,2,2,GACCTTCAAGGTCTTACCTT,0,4814181
ygeY_predicted,0.3333333333333333,2,2,GACCTCGAACGACGGGTTCC,0,4806432
ygeY_predicted,0.3333333333333333,2,2,GACCGCGCACCAGGAGCCAG,0,4812420
ygeY_predicted,0.3333333333333333,2,2,GACCGCCTCCAATACGTTCA,0,4803265
ygeY_predicted,0.3333333333333333,2,2,GACCCGAGATCTTCTGGGGC,0,4807430
ygeY_predicted,0.3333333333333333,2,2,GACAGGCGCATGAGCGTTAA,0,4804502
ygeY_predicted,0.3333333333333333,2,2,GACAGGACGTGTAAAACAGT,0,4804671
ygeY_predicted,0.3333333333333333,2,2,GACAGAACGTTAGCTGAAGG,0,4809171
ygeY_predicted,0.3333333333333333,2,2,GACACCGTCTGCAACGTTTT,0,4801143
ygeY_predicted,0.3333333333333333,2,2,GACAAGTCAACAGCGGGTGC,0,4808692
ygeY_predicted,0.3333333333333333,2,2,GACAAGTAGGCCTGGTTTAT,0,4802457
ygeY_predicted,0.3333333333333333,2,2,GACAAATCAGGCCAAACGCC,0,4801188
ygeY_predicted,0.3333333333333333,2,2,GAATTCATTGAAGGGGCCTC,0,4811966
ygeY_predicted,0.3333333333333333,2,2,GAATCTTAATTTACCTGCGG,0,4797740
ygeY_predicted,0.3333333333333333,2,2,GAATATGTATCCATGGGTGT,0,4804897
ygeY_predicted,0.3333333333333333,2,2,GAAGTGCTTATAGGATTCTT,0,4796238
ygeY_predicted,0.3333333333333333,2,2,GAAGGTCGGATCTCTGGCAA,0,4814168
ygeY_predicted,0.3333333333333333,2,2,GAAGGAATTACACAATTCGG,0,4802962
ygeY_predicted,0.3333333333333333,2,2,GAAGCGGACGGACGCTTACG,0,4810915
ygeY_predicted,0.3333333333333333,2,2,GAACTCAAGTGAGAATGTGT,0,4812190
ygeY_predicted,0.3333333333333333,2,2,GAACGCGCAGGCTCCACCAT,0,4802805
ygeY_predicted,0.3333333333333333,2,2,GAACGACCATATGGGCGCTT,0,4809237
ygeY_predicted,0.3333333333333333,2,2,GAACCGGGGGCCTTAGGGTA,0,4805383
ygeY_predicted,0.3333333333333333,2,2,GAACAGGATGAATGGAATTT,0,4812013
ygeY_predicted,0.3333333333333333,2,2,GAAATCATGCGGTGTTACCC,0,4815843
ygeY_predicted,0.3333333333333333,2,2,GAAAGGCCATAAGTGATAAA,0,4813427
ygeY_predicted,0.3333333333333333,2,2,GAAACTCTCTGTTGTCGTCA,0,4807527
ygeY_predicted,0.3333333333333333,2,2,GAAACCTTAAGGCGCCTTCG,0,4812044
ygeY_predicted,0.3333333333333333,2,2,GAAAAGTGGTGTACGATAGA,0,4810643
ygeY_predicted,0.3333333333333333,2,2,CTTTGGTGGTCCATCCGGGA,0,4800748
ygeY_predicted,0.3333333333333333,2,2,CTTTCTACAGGAACCACTTA,0,4811309
ygeY_predicted,0.3333333333333333,2,2,CTTTACCGCTGCGTTTCAGG,0,4804907
ygeY_predicted,0.3333333333333333,2,2,CTTTAATGTATCACCGACAT,0,4810556
ygeY_predicted,0.3333333333333333,2,2,CTTTAATAGTTGATCCTGGG,0,4815056
ygeY_predicted,0.3333333333333333,2,2,CTTGAACGCACAGAGACTGA,0,4800074
ygeY_predicted,0.3333333333333333,2,2,CTTCGAACGAAGGTGTGTGG,0,4796114
ygeY_predicted,0.3333333333333333,2,2,CTTACACTGTAGTGAGGGTT,0,4811914
ygeY_predicted,0.3333333333333333,2,2,CTTAAACCACAGAATCATCA,0,4816888
ygeY_predicted,0.3333333333333333,2,2,CTGTTTGAAATTATACCCAT,0,4807704
ygeY_predicted,0.3333333333333333,2,2,CTGTTAGTAAGGGATTTAAG,0,4811463
ygeY_predicted,0.3333333333333333,2,2,CTGTATCAACACAATTGGCA,0,4800316
ygeY_predicted,0.3333333333333333,2,2,CTGTACTGTAGAGAGGGAAC,0,4812007
ygeY_predicted,0.3333333333333333,2,2,CTGTAATCAATTAACGAGTC,0,4807481
ygeY_predicted,0.3333333333333333,2,2,CTGTAACGCTTCAGCATATA,0,4800069
ygeY_predicted,0.3333333333333333,2,2,CTGGCGATTTACAGCAGGCC,0,4809602
ygeY_predicted,0.3333333333333333,2,2,CTGGCCAAGGGTTGGGCGGC,0,4804361
ygeY_predicted,0.3333333333333333,2,2,CTGGATTCGGCGTGACGTGA,0,4798467
ygeY_predicted,0.3333333333333333,2,2,CTGACAAGAAGCTCGTATCT,0,4805211
ygeY_predicted,0.3333333333333333,2,2,CTGAATGGTGGGCACTAACT,0,4816287
ygeY_predicted,0.3333333333333333,2,2,CTCTTATGCGCGGCCCAAAA,0,4811188
ygeY_predicted,0.3333333333333333,2,2,CTCTGGGAAGATGGCCACCT,0,4803681
ygeY_predicted,0.3333333333333333,2,2,CTCGTGAAGGCGCTCTATCT,0,4814313
ygeY_predicted,0.3333333333333333,2,2,CTCCTGGACTCGTTGCGAGC,0,4802288
ygeY_predicted,0.3333333333333333,2,2,CTCCGTCTTGTGCGTAACGC,0,4812084
ygeY_predicted,0.3333333333333333,2,2,CTCCCTAGTCTCTTTACCTT,0,4804946
ygeY_predicted,0.3333333333333333,2,2,CTCCCCAGACGGCTGTTCGG,0,4795978
ygeY_predicted,0.3333333333333333,2,2,CTCCCAATAGCCACGGGCAG,0,4800464
ygeY_predicted,0.3333333333333333,2,2,CTCAGGAGCCGGGGTATCGC,0,4796663
ygeY_predicted,0.3333333333333333,2,2,CTCACAATCTTTATAGCTAA,0,4809220
ygeY_predicted,0.3333333333333333,2,2,CTATTGGCAGGCTTAATTAT,0,4807405
ygeY_predicted,0.3333333333333333,2,2,CTATGGCTATGGTATTGATC,0,4801101
ygeY_predicted,0.3333333333333333,2,2,CTATGATGATCGAATTAAAG,0,4813214
ygeY_predicted,0.3333333333333333,2,2,CTAGTGTTCTACAGATATCT,0,4806637
ygeY_predicted,0.3333333333333333,2,2,CTAGCGGATGCGGATCGGAC,0,4798003
ygeY_predicted,0.3333333333333333,2,2,CTAGCGAGACTGGACTAGAA,0,4802533
ygeY_predicted,0.3333333333333333,2,2,CTACTGTTATATGAGCGCCG,0,4809050
ygeY_predicted,0.3333333333333333,2,2,CTACTGCGTTCAGACTTGTA,0,4809828
ygeY_predicted,0.3333333333333333,2,2,CTACTCTTAGAATGGTACGA,0,4813981
ygeY_predicted,0.3333333333333333,2,2,CTACCCAGTTACTGGAAGCT,0,4805874
ygeY_predicted,0.3333333333333333,2,2,CTAAGTTTGTATAAACTTAC,0,4809832
ygeY_predicted,0.3333333333333333,2,2,CTAACATTGACAAGACGACC,0,4816749
ygeY_predicted,0.3333333333333333,2,2,CGTTGGCTGCGCCCCGAGTC,0,4804364
ygeY_predicted,0.3333333333333333,2,2,CGTTACGTGGTAGCGTGCCC,0,4814094
ygeY_predicted,0.3333333333333333,2,2,CGTGTCAGATTAGTTGCCGG,0,4797846
ygeY_predicted,0.3333333333333333,2,2,CGTGGGTCCATGAACGTAGT,0,4805736
ygeY_predicted,0.3333333333333333,2,2,CGTGGCGTTAGACAACGGGA,0,4799670
ygeY_predicted,0.3333333333333333,2,2,CGTGCAAGTTCTGGCAAACA,0,4797657
ygeY_predicted,0.3333333333333333,2,2,CGTGACATCCTAGGACATCG,0,4804046
ygeY_predicted,0.3333333333333333,2,2,CGTGACAAGACCTGGTTCAC,0,4803434
ygeY_predicted,0.3333333333333333,2,2,CGTGAAGGGATATGGAGCAA,0,4805260
ygeY_predicted,0.3333333333333333,2,2,CGTGAAAGTCGGATTTGCTC,0,4805223
ygeY_predicted,0.3333333333333333,2,2,CGTCTTCTCTTTTGATAAAA,0,4806675
ygeY_predicted,0.3333333333333333,2,2,CGTCTGCAGCAGCAGGCGGA,0,4795311
ygeY_predicted,0.3333333333333333,2,2,CGTCTGATTAGTTGTTTTCC,0,4805498
ygeY_predicted,0.3333333333333333,2,2,CGTCGTCCGGTCGTATTTTT,0,4803906
ygeY_predicted,0.3333333333333333,2,2,CGTCGGAAAAGAGATACAAC,0,4804302
ygeY_predicted,0.3333333333333333,2,2,CGTCGCCCCAGCGTGAGTAG,0,4799906
ygeY_predicted,0.3333333333333333,2,2,CGTCCGCACTTCGCACATTA,0,4804036
ygeY_predicted,0.3333333333333333,2,2,CGTCAAAACTTACTTAGTTC,0,4816451
ygeY_predicted,0.3333333333333333,2,2,CGTATTGGACGTCCTGCTCA,0,4808945
ygeY_predicted,0.3333333333333333,2,2,CGTATGAGCAAGTAGTGTTT,0,4815309
ygeY_predicted,0.3333333333333333,2,2,CGTATACTCGTGACCCGGTT,0,4810484
ygeY_predicted,0.3333333333333333,2,2,CGTACCTTTGTTCCTATCGT,0,4815169
ygeY_predicted,0.3333333333333333,2,2,CGTACCTAACTATATCGACG,0,4815269
ygeY_predicted,0.3333333333333333,2,2,CGTACCATAGACGTGGACGG,0,4796434
ygeY_predicted,0.3333333333333333,2,2,CGTACAGTTAACATTCACTT,0,4799797
ygeY_predicted,0.3333333333333333,2,2,CGGTGTAAGCCAATCTTATA,0,4799047
ygeY_predicted,0.3333333333333333,2,2,CGGTGGTCCGGACCCCAGGG,0,4803707
ygeY_predicted,0.3333333333333333,2,2,CGGTACCTAATGAAAGATTG,0,4803381
ygeY_predicted,0.3333333333333333,2,2,CGGGGCCGTCGAGTGTAAGT,0,4808838
ygeY_predicted,0.3333333333333333,2,2,CGGGACATCGTTTTAAGACT,0,4803849
ygeY_predicted,0.3333333333333333,2,2,CGGCGATGTTCGGCTAGTCC,0,4807802
ygeY_predicted,0.3333333333333333,2,2,CGGCGACTTACACTCTTATA,0,4811663
ygeY_predicted,0.3333333333333333,2,2,CGGCCGGTTCGCCGACCACG,0,4815922
ygeY_predicted,0.3333333333333333,2,2,CGGCCCCCTGCGCGAGCGCG,0,4795723
ygeY_predicted,0.3333333333333333,2,2,CGGCCATCTAGCCGATTGGG,0,4809603
ygeY_predicted,0.3333333333333333,2,2,CGGATGTTCAATAAACACGA,0,4813666
ygeY_predicted,0.3333333333333333,2,2,CGGACCGACGAAGTTTCCCC,0,4809814
ygeY_predicted,0.3333333333333333,2,2,CGCTGTGCTACAGTCACGTT,0,4813482
ygeY_predicted,0.3333333333333333,2,2,CGCTCTTTCTGCTTGACGAC,0,4796332
ygeY_predicted,0.3333333333333333,2,2,CGCTCTCTCTTGCGTTAGTT,0,4804531
ygeY_predicted,0.3333333333333333,2,2,CGCTCGTGGATGAACCAGGT,0,4801726
ygeY_predicted,0.3333333333333333,2,2,CGCTCGCGAGTCAGTGGGGT,0,4809301
ygeY_predicted,0.3333333333333333,2,2,CGCGTCGATCTAAAGATTAA,0,4798488
ygeY_predicted,0.3333333333333333,2,2,CGCGCCATCAAAAAAGTAAT,0,4811696
ygeY_predicted,0.3333333333333333,2,2,CGCGATTGGATAAACCATGA,0,4813176
ygeY_predicted,0.3333333333333333,2,2,CGCCGTGCAGCCTGGATTCC,0,4815878
ygeY_predicted,0.3333333333333333,2,2,CGCCAGTATGTATAGAACTG,0,4805348
ygeY_predicted,0.3333333333333333,2,2,CGCAGTAAACTCGGTGGTCC,0,4797815
ygeY_predicted,0.3333333333333333,2,2,CGCACTGTAATTGCCGTTTG,0,4796133
ygeY_predicted,0.3333333333333333,2,2,CGCAACCATGGCTTAAAGGG,0,4808919
ygeY_predicted,0.3333333333333333,2,2,CGCAACAAATTAAGGCGTGC,0,4816532
ygeY_predicted,0.3333333333333333,2,2,CGCAAAGCGGAGCCTGGGTA,0,4807965
ygeY_predicted,0.3333333333333333,2,2,CGATTAGGTACAGTAAAGTT,0,4815141
ygeY_predicted,0.3333333333333333,2,2,CGATTAGGCTCACCCAGTTC,0,4800297
ygeY_predicted,0.3333333333333333,2,2,CGAGCGGGTTGAATACCTTT,0,4807747
ygeY_predicted,0.3333333333333333,2,2,CGAGAGTGGCTATTAAATTA,0,4810311
ygeY_predicted,0.3333333333333333,2,2,CGAGACTTGCGGAGGCTTGA,0,4805203
ygeY_predicted,0.3333333333333333,2,2,CGAGACCTCAGGGGGAGTTT,0,4812326
ygeY_predicted,0.3333333333333333,2,2,CGACTTGCATTCGCGTCCAA,0,4810471
ygeY_predicted,0.3333333333333333,2,2,CGACCGAACCCGTGTCTGAA,0,4802536
ygeY_predicted,0.3333333333333333,2,2,CGACATTCATGCTGTGGTCT,0,4799121
ygeY_predicted,0.3333333333333333,2,2,CGACATTAGTCAGGCTCAGG,0,4813945
ygeY_predicted,0.3333333333333333,2,2,CGACACTTGCAGCAGCGACC,0,4795574
ygeY_predicted,0.3333333333333333,2,2,CGACACCTAAGCTTTGGTCA,0,4809479
ygeY_predicted,0.3333333333333333,2,2,CGAATCGTCCAGATTTGAGT,0,4798066
ygeY_predicted,0.3333333333333333,2,2,CGAAGCAGCCCTAAATGGAA,0,4796891
ygeY_predicted,0.3333333333333333,2,2,CGAAAAAATGGCAGTCATTG,0,4803136
ygeY_predicted,0.3333333333333333,2,2,CCTTTATGGCATTGCAGGCA,0,4816509
ygeY_predicted,0.3333333333333333,2,2,CCTTCTCCTGTTTTTCTTGT,0,4810074
ygeY_predicted,0.3333333333333333,2,2,CCTTAGACCAAGCGCTCGAT,0,4800223
ygeY_predicted,0.3333333333333333,2,2,CCTTACGTAGGGAATTCAGG,0,4801597
ygeY_predicted,0.3333333333333333,2,2,CCTTACCCATTGTATTGGGT,0,4803755
ygeY_predicted,0.3333333333333333,2,2,CCTGTGTCCAAACGGTCCTC,0,4800937
ygeY_predicted,0.3333333333333333,2,2,CCTGCATTAAAAGTAATTTC,0,4803210
ygeY_predicted,0.3333333333333333,2,2,CCTGAGCACCGATAGAACGA,0,4797543
ygeY_predicted,0.3333333333333333,2,2,CCTCCTTTCCGGTTATTCCC,0,4799422
ygeY_predicted,0.3333333333333333,2,2,CCTCCGTTCTCCGGCTAGCA,0,4813628
ygeY_predicted,0.3333333333333333,2,2,CCTCCATCTCAAAGCGGCAG,0,4802556
ygeY_predicted,0.3333333333333333,2,2,CCTCCACGTTATACATACGA,0,4800874
ygeY_predicted,0.3333333333333333,2,2,CCTCATTCGTCTTGCTATTC,0,4813536
ygeY_predicted,0.3333333333333333,2,2,CCTCATAGGCAAGTGCGTTT,0,4800012
ygeY_predicted,0.3333333333333333,2,2,CCTCAGGGTGGTAGTATGCT,0,4814530
ygeY_predicted,0.3333333333333333,2,2,CCTCACCATGAGCCGCGGTA,0,4806723
ygeY_predicted,0.3333333333333333,2,2,CCTAGTAGATGTCAAGTGAA,0,4803452
ygeY_predicted,0.3333333333333333,2,2,CCTAGGTAGAAAGTAGTGGC,0,4811234
ygeY_predicted,0.3333333333333333,2,2,CCTACGCAAGGTGCCCTAAA,0,4815487
ygeY_predicted,0.3333333333333333,2,2,CCGTGAAAGCGCACCTTTAA,0,4813727
ygeY_predicted,0.3333333333333333,2,2,CCGTATAGAGCTGTACGGTT,0,4796887
ygeY_predicted,0.3333333333333333,2,2,CCGTACTGTGGTGTATTGTA,0,4801800
ygeY_predicted,0.3333333333333333,2,2,CCGGCCTATAAGGGACATCC,0,4810482
ygeY_predicted,0.3333333333333333,2,2,CCGCTGCACCAACGAGCTTT,0,4796431
ygeY_predicted,0.3333333333333333,2,2,CCGCGTTATTCCTTGCGCTT,0,4802254
ygeY_predicted,0.3333333333333333,2,2,CCGATTACAATTGATGACCT,0,4813688
ygeY_predicted,0.3333333333333333,2,2,CCGACCCAAAGAGCCGGATA,0,4801156
ygeY_predicted,0.3333333333333333,2,2,CCGAACTGGATCGGCGCCTA,0,4806343
ygeY_predicted,0.3333333333333333,2,2,CCGAACAGTACCTAGCAATC,0,4802802
ygeY_predicted,0.3333333333333333,2,2,CCCTTTCCTCGCCACTAGAT,0,4800113
ygeY_predicted,0.3333333333333333,2,2,CCCTTCGAGCGTTTCCCACG,0,4796702
ygeY_predicted,0.3333333333333333,2,2,CCCTTCGACCCGTCCCAGAT,0,4806038
ygeY_predicted,0.3333333333333333,2,2,CCCTCCGGATGGCGACTTGC,0,4801004
ygeY_predicted,0.3333333333333333,2,2,CCCTAATGCAGAGGACTAAT,0,4801537
ygeY_predicted,0.3333333333333333,2,2,CCCGTTACACTCCAGGAAGG,0,4804873
ygeY_predicted,0.3333333333333333,2,2,CCCGTGGGTTCGCGTCGATG,0,4811311
ygeY_predicted,0.3333333333333333,2,2,CCCGGGTTATCCGTGGTGGG,0,4812509
ygeY_predicted,0.3333333333333333,2,2,CCCCAAGTATGCAGTTTGGT,0,4804585
ygeY_predicted,0.3333333333333333,2,2,CCCATGGTGCCATGGTCGCG,0,4800350
ygeY_predicted,0.3333333333333333,2,2,CCCACGGTCCTCGTATAATT,0,4811287
ygeY_predicted,0.3333333333333333,2,2,CCCACGATAGCTACCCTCAC,0,4801932
ygeY_predicted,0.3333333333333333,2,2,CCATTCCCCTATAACTTCGC,0,4812114
ygeY_predicted,0.3333333333333333,2,2,CCATGATTAACGAACCGAAT,0,4798894
ygeY_predicted,0.3333333333333333,2,2,CCATCTTGGTCTGGCAGAGT,0,4795333
ygeY_predicted,0.3333333333333333,2,2,CCATAGCCTCACTTGGTTGG,0,4809476
ygeY_predicted,0.3333333333333333,2,2,CCAGTCCCCGTACTGCCAGT,0,4802499
ygeY_predicted,0.3333333333333333,2,2,CCAGTAGCCATTATTTACCT,0,4802527
ygeY_predicted,0.3333333333333333,2,2,CCACCGTGCATATAATTCAT,0,4813030
ygeY_predicted,0.3333333333333333,2,2,CCACCGATAGCTGTGCCATA,0,4810066
ygeY_predicted,0.3333333333333333,2,2,CCACCCGAACAGATACTACT,0,4805954
ygeY_predicted,0.3333333333333333,2,2,CCACAATAGTTGGTAAAGGT,0,4798757
ygeY_predicted,0.3333333333333333,2,2,CCAAGGTTTCGCATTAGTGT,0,4808288
ygeY_predicted,0.3333333333333333,2,2,CCAAGGGTAAACTATGCATG,0,4813714
ygeY_predicted,0.3333333333333333,2,2,CATTTGGGCGTTACAACAGA,0,4808994
ygeY_predicted,0.3333333333333333,2,2,CATTACGGTGAATAGTGTAT,0,4812866
ygeY_predicted,0.3333333333333333,2,2,CATTAACCTCCCAACTCAAT,0,4810302
ygeY_predicted,0.3333333333333333,2,2,CATGTAGGCATCTTTTGTGA,0,4796234
ygeY_predicted,0.3333333333333333,2,2,CATGGCTGGTAACGGGTGTT,0,4814150
ygeY_predicted,0.3333333333333333,2,2,CATGCTCCATGTAGCGGCAC,0,4802893
ygeY_predicted,0.3333333333333333,2,2,CATGCATATTCGAAGGCAAT,0,4795112
ygeY_predicted,0.3333333333333333,2,2,CATGATGTCACAGTCGTGAG,0,4816545
ygeY_predicted,0.3333333333333333,2,2,CATGAGTCCTAATCAGCTTT,0,4797564
ygeY_predicted,0.3333333333333333,2,2,CATAGGGCAGGTCCCTCGCC,0,4809498
ygeY_predicted,0.3333333333333333,2,2,CATACCCCGGTCGCGCCCCT,0,4799371
ygeY_predicted,0.3333333333333333,2,2,CAGTTGTCAATAATTCCGAG,0,4797219
ygeY_predicted,0.3333333333333333,2,2,CAGTGCGCTATAGGTTTATG,0,4801170
ygeY_predicted,0.3333333333333333,2,2,CAGTCCCGACGATTGGTCAA,0,4799250
ygeY_predicted,0.3333333333333333,2,2,CAGTACTGAACGAGACGCGA,0,4805603
ygeY_predicted,0.3333333333333333,2,2,CAGGTGCGCCGGTAAAGCGC,0,4796861
ygeY_predicted,0.3333333333333333,2,2,CAGGGAGGGGACAAGAGAGG,0,4805442
ygeY_predicted,0.3333333333333333,2,2,CAGGCTTTACCTTTGTAAGG,0,4797384
ygeY_predicted,0.3333333333333333,2,2,CAGGCCCCGTACCAAAGCGA,0,4815181
ygeY_predicted,0.3333333333333333,2,2,CAGCTGGACCCCGACGACAA,0,4809241
ygeY_predicted,0.3333333333333333,2,2,CAGCTAGCACTCCACTTGCG,0,4798613
ygeY_predicted,0.3333333333333333,2,2,CAGCCGTTGACTTATCTAAC,0,4814157
ygeY_predicted,0.3333333333333333,2,2,CAGCAGTTCGAGTCACGGGT,0,4815403
ygeY_predicted,0.3333333333333333,2,2,CAGCACCGTTGTTCCACCGC,0,4809634
ygeY_predicted,0.3333333333333333,2,2,CAGACCCTGGTGGTAGATTA,0,4809028
ygeY_predicted,0.3333333333333333,2,2,CAGAAGTGCGAGCGTCAAGG,0,4799608
ygeY_predicted,0.3333333333333333,2,2,CACTTTATTGACTATTGTTC,0,4807178
ygeY_predicted,0.3333333333333333,2,2,CACTGGCCACGATAGTGGAG,0,4816388
ygeY_predicted,0.3333333333333333,2,2,CACGTTTGCGATTGGTCTCG,0,4803474
ygeY_predicted,0.3333333333333333,2,2,CACGTTGGCCACAAAGGTTC,0,4816193
ygeY_predicted,0.3333333333333333,2,2,CACGTAGCCTCCCATCAACT,0,4811381
ygeY_predicted,0.3333333333333333,2,2,CACGGTTACGGACGTCCAAT,0,4809416
ygeY_predicted,0.3333333333333333,2,2,CACGATATTGCTCTTCAAAC,0,4812285
ygeY_predicted,0.3333333333333333,2,2,CACCTCTAAGGTCTTTTCTG,0,4812485
ygeY_predicted,0.3333333333333333,2,2,CACCGGCTACGGCCTGCCTA,0,4806108
ygeY_predicted,0.3333333333333333,2,2,CACCGCGTCGAAGAAAGTAC,0,4809123
ygeY_predicted,0.3333333333333333,2,2,CACCGAATCGCCATGGAACT,0,4804265
ygeY_predicted,0.3333333333333333,2,2,CACATCGGATTGACTCGCTG,0,4807099
ygeY_predicted,0.3333333333333333,2,2,CAATGTAGGACCCGTATTTT,0,4809165
ygeY_predicted,0.3333333333333333,2,2,CAAGGCGCCCCGCGACACTG,0,4808082
ygeY_predicted,0.3333333333333333,2,2,CAAGCTTCCGTGCCACTGCA,0,4804283
ygeY_predicted,0.3333333333333333,2,2,CAACTTTCGTACAGACTGTG,0,4797144
ygeY_predicted,0.3333333333333333,2,2,CAAATACGAGTTTTGAGCAA,0,4805079
ygeY_predicted,0.3333333333333333,2,2,CAAAGTATCTCAGTATAAAT,0,4796571
ygeY_predicted,0.3333333333333333,2,2,CAAAGACTGAAGCAGTTCAT,0,4808310
ygeY_predicted,0.3333333333333333,2,2,CAAAAGTGCATATGCTTTAG,0,4803912
ygeY_predicted,0.3333333333333333,2,2,ATTTCCGCTTCTAAGTTTAG,0,4808094
ygeY_predicted,0.3333333333333333,2,2,ATTTATTCTATGTATGTTTT,0,4801683
ygeY_predicted,0.3333333333333333,2,2,ATTGTTCGGCATGCGACACA,0,4805018
ygeY_predicted,0.3333333333333333,2,2,ATTGGGTAACTTCCTGGCAT,0,4801975
ygeY_predicted,0.3333333333333333,2,2,ATTGATTTGGAGGAGCTAGG,0,4804507
ygeY_predicted,0.3333333333333333,2,2,ATTGAAAAGGCGGAACCCAG,0,4810614
ygeY_predicted,0.3333333333333333,2,2,ATTCGCAGGTAGGACCTCAC,0,4812748
ygeY_predicted,0.3333333333333333,2,2,ATTCAACGCCATTTGTGCAT,0,4804868
ygeY_predicted,0.3333333333333333,2,2,ATTATTAACCCTTAATGGGC,0,4801108
ygeY_predicted,0.3333333333333333,2,2,ATTAGGTGGGACAATAGGCA,0,4802021
ygeY_predicted,0.3333333333333333,2,2,ATTAGGACGGCCGGATATGG,0,4810922
ygeY_predicted,0.3333333333333333,2,2,ATTAAACAATATATGCACAA,0,4813253
ygeY_predicted,0.3333333333333333,2,2,ATGTTGGGGTCGTACGCTAC,0,4802335
ygeY_predicted,0.3333333333333333,2,2,ATGTTAGAATGATTACCGCT,0,4811558
ygeY_predicted,0.3333333333333333,2,2,ATGTTAAACAATCCCCATGT,0,4804161
ygeY_predicted,0.3333333333333333,2,2,ATGTGCGCCCACCGAAGCAC,0,4808904
ygeY_predicted,0.3333333333333333,2,2,ATGTATTTAAGTAAGTCGCC,0,4797683
ygeY_predicted,0.3333333333333333,2,2,ATGTACCGGGGAAAGGGCGA,0,4803065
ygeY_predicted,0.3333333333333333,2,2,ATGTACAGGGAATTAACGCG,0,4805746
ygeY_predicted,0.3333333333333333,2,2,ATGTAAAAGAAGCGAATGTC,0,4807687
ygeY_predicted,0.3333333333333333,2,2,ATGGTTAATCTCTTCCGCAT,0,4796822
ygeY_predicted,0.3333333333333333,2,2,ATGGTCGGCGCAAACCGCAG,0,4806450
ygeY_predicted,0.3333333333333333,2,2,ATGGTAGTACTTGCCTCACT,0,4813801
ygeY_predicted,0.3333333333333333,2,2,ATGCGTGGTCATAAAATGTG,0,4815375
ygeY_predicted,0.3333333333333333,2,2,ATGCGCTGTTAAAGGCAGGA,0,4808902
ygeY_predicted,0.3333333333333333,2,2,ATGCCTGAGATATTGAGTTC,0,4810244
ygeY_predicted,0.3333333333333333,2,2,ATGCCGACATCTTAAGAGTC,0,4804877
ygeY_predicted,0.3333333333333333,2,2,ATGCAATGTGAATGAATCCC,0,4816916
ygeY_predicted,0.3333333333333333,2,2,ATGATGCTCTTAACACGCTA,0,4815663
ygeY_predicted,0.3333333333333333,2,2,ATGATCTCCCTAGGGTCTTT,0,4807186
ygeY_predicted,0.3333333333333333,2,2,ATGAGTTGCTCCCATGTCTG,0,4794914
ygeY_predicted,0.3333333333333333,2,2,ATCTCTCGGGAAGGTGTCAC,0,4796152
ygeY_predicted,0.3333333333333333,2,2,ATCTCCCTCCAAGGTCGTGT,0,4815540
ygeY_predicted,0.3333333333333333,2,2,ATCTCCACTGGAGATACTGC,0,4803211
ygeY_predicted,0.3333333333333333,2,2,ATCTACCGTGCTTGTCTTTC,0,4806623
ygeY_predicted,0.3333333333333333,2,2,ATCGTGAACGTATACAAGGT,0,4804427
ygeY_predicted,0.3333333333333333,2,2,ATCGGTCGTCCGGTCCGCCT,0,4795624
ygeY_predicted,0.3333333333333333,2,2,ATCGGGATATCCTTCGACAG,0,4796713
ygeY_predicted,0.3333333333333333,2,2,ATCGGCTCTCGCAGGTACTA,0,4804140
ygeY_predicted,0.3333333333333333,2,2,ATCGCGCTAATCTCCAAACA,0,4801592
ygeY_predicted,0.3333333333333333,2,2,ATCCTTGAGGCCTTCCAGGA,0,4816289
ygeY_predicted,0.3333333333333333,2,2,ATCCGTAAAGCCAGGCCAGC,0,4800312
ygeY_predicted,0.3333333333333333,2,2,ATCCCTATGGATAATTCATT,0,4795687
ygeY_predicted,0.3333333333333333,2,2,ATCCAATGGGGCCGCGCCGT,0,4809127
ygeY_predicted,0.3333333333333333,2,2,ATCATGGCGGAACATAAAAT,0,4811037
ygeY_predicted,0.3333333333333333,2,2,ATCATCTTAATAGCTGCGAG,0,4794945
ygeY_predicted,0.3333333333333333,2,2,ATCAGTCGTAGATGTGCTCC,0,4796629
ygeY_predicted,0.3333333333333333,2,2,ATCAGCCCCCTCCAAACGGC,0,4801189
ygeY_predicted,0.3333333333333333,2,2,ATCACATGGTAAACGCACGA,0,4806785
ygeY_predicted,0.3333333333333333,2,2,ATATGATGGTCGGGAGATAA,0,4813347
ygeY_predicted,0.3333333333333333,2,2,ATATCTTTGACAGTCTGCAA,0,4797067
ygeY_predicted,0.3333333333333333,2,2,ATATCTCATTGGAGCGGACG,0,4813258
ygeY_predicted,0.3333333333333333,2,2,ATATCGTGTACCTTTATACC,0,4809424
ygeY_predicted,0.3333333333333333,2,2,ATATCAAATCGTTTGACGGC,0,4805240
ygeY_predicted,0.3333333333333333,2,2,ATATAGCTGAAATTCCGATC,0,4813377
ygeY_predicted,0.3333333333333333,2,2,ATAGTTCAGCCCGGTCCGTA,0,4810969
ygeY_predicted,0.3333333333333333,2,2,ATAGGGCATAACTGGTTTTC,0,4817005
ygeY_predicted,0.3333333333333333,2,2,ATAGAGGGGCAGCCATGCGT,0,4797839
ygeY_predicted,0.3333333333333333,2,2,ATACTTCGGCCATAGAGACT,0,4805995
ygeY_predicted,0.3333333333333333,2,2,ATACTCAGAATCCTTCTAAG,0,4795780
ygeY_predicted,0.3333333333333333,2,2,ATACAGCTTATTACAGACAT,0,4795788
ygeY_predicted,0.3333333333333333,2,2,ATACACCCGTTCTGCCATCG,0,4801520
ygeY_predicted,0.3333333333333333,2,2,ATACACCAGACTTTGCACAC,0,4816998
ygeY_predicted,0.3333333333333333,2,2,ATAATGGGGTACTACCATCG,0,4812042
ygeY_predicted,0.3333333333333333,2,2,ATAACAGATTTCGTCCCCCA,0,4804818
ygeY_predicted,0.3333333333333333,2,2,ATAAACTTATAGGACAAGGG,0,4800132
ygeY_predicted,0.3333333333333333,2,2,ATAAACTGAAGGAGTATACC,0,4800556
ygeY_predicted,0.3333333333333333,2,2,AGTTTTCGTCGTCCGTAGGA,0,4804200
ygeY_predicted,0.3333333333333333,2,2,AGTTCGCAGCGTCTTCTAAT,0,4805173
ygeY_predicted,0.3333333333333333,2,2,AGTTAATTAAAGGTAGGATT,0,4804933
ygeY_predicted,0.3333333333333333,2,2,AGTGTGAACGATACAAGTGA,0,4807666
ygeY_predicted,0.3333333333333333,2,2,AGTGGTCCCGTAATAAACCA,0,4804811
ygeY_predicted,0.3333333333333333,2,2,AGTGGGTTAGTCGTGAACTA,0,4795402
ygeY_predicted,0.3333333333333333,2,2,AGTCTAGGAGCAGGTTGGAG,0,4811639
ygeY_predicted,0.3333333333333333,2,2,AGTCGAGCTGCATATAACTC,0,4795911
ygeY_predicted,0.3333333333333333,2,2,AGTCCTTGGTCCGGGAAACA,0,4797266
ygeY_predicted,0.3333333333333333,2,2,AGTATAACCTGGGGACCTGA,0,4794909
ygeY_predicted,0.3333333333333333,2,2,AGTAACAGATTCGTCTATGT,0,4800351
ygeY_predicted,0.3333333333333333,2,2,AGTAAAGCCACACAACTTGT,0,4805836
ygeY_predicted,0.3333333333333333,2,2,AGGTTCAACGTCCCGCTTGA,0,4800465
ygeY_predicted,0.3333333333333333,2,2,AGGTTATCGCCTGGCCGCTT,0,4808388
ygeY_predicted,0.3333333333333333,2,2,AGGTGCCGACAGGCCATAGA,0,4813841
ygeY_predicted,0.3333333333333333,2,2,AGGTCATTCCCTATTACGAA,0,4807650
ygeY_predicted,0.3333333333333333,2,2,AGGTCAGGGACATGCGAGAA,0,4804584
ygeY_predicted,0.3333333333333333,2,2,AGGTACCGTCGGAATGGACA,0,4809068
ygeY_predicted,0.3333333333333333,2,2,AGGGTTTATGACGCACGGTA,0,4800380
ygeY_predicted,0.3333333333333333,2,2,AGGGTCCGGTAATATGCAGT,0,4804471
ygeY_predicted,0.3333333333333333,2,2,AGGGCCTGGGAGGGACCATT,0,4806267
ygeY_predicted,0.3333333333333333,2,2,AGGGAGCATTTATGCTCTTG,0,4807132
ygeY_predicted,0.3333333333333333,2,2,AGGGACCGGTGGAAATTATT,0,4797328
ygeY_predicted,0.3333333333333333,2,2,AGGGAATTGTCTATTCAGGC,0,4802386
ygeY_predicted,0.3333333333333333,2,2,AGGCTTGCGTACCAAAAGCT,0,4805126
ygeY_predicted,0.3333333333333333,2,2,AGGCGTCTTCGTCCTAGGTA,0,4800559
ygeY_predicted,0.3333333333333333,2,2,AGGCCATGGCCACCGTGTTT,0,4801583
ygeY_predicted,0.3333333333333333,2,2,AGGCATCCCGTTCAAAATTA,0,4803615
ygeY_predicted,0.3333333333333333,2,2,AGGATTGCCGCCGCGACATG,0,4808324
ygeY_predicted,0.3333333333333333,2,2,AGGATATAACTATCTCAAGC,0,4811738
ygeY_predicted,0.3333333333333333,2,2,AGGAGTCCCGTTGCTGGTGC,0,4810960
ygeY_predicted,0.3333333333333333,2,2,AGGAGCTGGCGTGCGTTTAG,0,4795589
ygeY_predicted,0.3333333333333333,2,2,AGGAGAACCGCAAGAATAGA,0,4805393
ygeY_predicted,0.3333333333333333,2,2,AGGACGTTGGTGTTTAGAAG,0,4814502
ygeY_predicted,0.3333333333333333,2,2,AGGACAGTGACGAAAGGAAA,0,4804527
ygeY_predicted,0.3333333333333333,2,2,AGGAATGGAGAGCTATCGCA,0,4812673
ygeY_predicted,0.3333333333333333,2,2,AGCTTAGGCAAAAACGAATA,0,4796785
ygeY_predicted,0.3333333333333333,2,2,AGCTGTGCCTCGATTTATAG,0,4806032
ygeY_predicted,0.3333333333333333,2,2,AGCTCTTAGCCTATTACGGT,0,4815399
ygeY_predicted,0.3333333333333333,2,2,AGCTCGCTCCGCCTATTTCT,0,4801078
ygeY_predicted,0.3333333333333333,2,2,AGCTATTACGCAACTCGCGC,0,4814240
ygeY_predicted,0.3333333333333333,2,2,AGCGTTCTATGGATCATTAA,0,4804047
ygeY_predicted,0.3333333333333333,2,2,AGCGTTCGCAGAATACATGA,0,4801104
ygeY_predicted,0.3333333333333333,2,2,AGCGCGAACGTCATGCGCAA,0,4816770
ygeY_predicted,0.3333333333333333,2,2,AGCGCCTCTACCAATCGGGA,0,4804269
ygeY_predicted,0.3333333333333333,2,2,AGCGAGTCGGCATCGTGGAA,0,4812940
ygeY_predicted,0.3333333333333333,2,2,AGCCTATCTTCAGGGGTCGC,0,4800783
ygeY_predicted,0.3333333333333333,2,2,AGCCACTCCGGATCGTACCT,0,4800013
ygeY_predicted,0.3333333333333333,2,2,AGCACCGAAGCGACTATGGT,0,4804681
ygeY_predicted,0.3333333333333333,2,2,AGAGTGTGGCGCGAGAGCGC,0,4802522
ygeY_predicted,0.3333333333333333,2,2,AGAGTCTATGGAGGTCTCTC,0,4814718
ygeY_predicted,0.3333333333333333,2,2,AGAGCAGGCCTTCTTTTGAC,0,4794971
ygeY_predicted,0.3333333333333333,2,2,AGACTGTATTCACGCGCAAA,0,4805678
ygeY_predicted,0.3333333333333333,2,2,AGACTACCCGCTAATACTCA,0,4796940
ygeY_predicted,0.3333333333333333,2,2,AGACGTTATGACAGCACAAT,0,4804862
ygeY_predicted,0.3333333333333333,2,2,AGACGCGGAGCTAAGGGTCT,0,4800011
ygeY_predicted,0.3333333333333333,2,2,AGACCATTGTATCAATCGAT,0,4815815
ygeY_predicted,0.3333333333333333,2,2,AGACAAAGTTCGCAAGTTAT,0,4816192
ygeY_predicted,0.3333333333333333,2,2,AGAATTGGAATTCATACGTA,0,4803752
ygeY_predicted,0.3333333333333333,2,2,AGAAGTCCGTGCTTTAAGGA,0,4801751
ygeY_predicted,0.3333333333333333,2,2,AGAAGTCACTTATCGTTAGG,0,4813679
ygeY_predicted,0.3333333333333333,2,2,AGAAGGATAAGTGGTTTGGT,0,4806822
ygeY_predicted,0.3333333333333333,2,2,ACTTTGCAAACCGCGAAACT,0,4808582
ygeY_predicted,0.3333333333333333,2,2,ACTTGGATTAGGGGATCATG,0,4796101
ygeY_predicted,0.3333333333333333,2,2,ACTTGAAGCCACAACATGAG,0,4799753
ygeY_predicted,0.3333333333333333,2,2,ACTTCACCGCCTTAGCTATT,0,4796803
ygeY_predicted,0.3333333333333333,2,2,ACTTCAATTGGTGGGTAATA,0,4798123
ygeY_predicted,0.3333333333333333,2,2,ACTGAGGATTCTTGCCCCCC,0,4799369
ygeY_predicted,0.3333333333333333,2,2,ACTCGTGTGCGACCGGCAGA,0,4804244
ygeY_predicted,0.3333333333333333,2,2,ACTCATGACCTACGGAGTTG,0,4806245
ygeY_predicted,0.3333333333333333,2,2,ACTCAGTTGTACGAGAGGGT,0,4807894
ygeY_predicted,0.3333333333333333,2,2,ACTAGAGTTGAGGGGGCGTG,0,4806591
ygeY_predicted,0.3333333333333333,2,2,ACTACCGTCCGGGCTGCTTG,0,4805134
ygeY_predicted,0.3333333333333333,2,2,ACGTGTGTATTTGAAGTTGA,0,4807989
ygeY_predicted,0.3333333333333333,2,2,ACGTCCACGGCATACGATTT,0,4814445
ygeY_predicted,0.3333333333333333,2,2,ACGGCTCCGTTTATGGGGGA,0,4804360
ygeY_predicted,0.3333333333333333,2,2,ACGGATTGTTGTATGGTGGT,0,4797870
ygeY_predicted,0.3333333333333333,2,2,ACGGATGACCTTGCTGCAAC,0,4813316
ygeY_predicted,0.3333333333333333,2,2,ACGGACGCATAACAACGTAG,0,4800665
ygeY_predicted,0.3333333333333333,2,2,ACGCTTTCAAATTACGGTGG,0,4802987
ygeY_predicted,0.3333333333333333,2,2,ACGCTCCCCATTTTTGGATT,0,4812811
ygeY_predicted,0.3333333333333333,2,2,ACGCGTTTTTCACATGGGCC,0,4795154
ygeY_predicted,0.3333333333333333,2,2,ACGCGTCGGTACCCGGTCGC,0,4806845
ygeY_predicted,0.3333333333333333,2,2,ACGCGCACGGCCTTCGCGAG,0,4811604
ygeY_predicted,0.3333333333333333,2,2,ACGCGAATCCCACGCGAGCG,0,4796448
ygeY_predicted,0.3333333333333333,2,2,ACGCATTTCACAGGGACTCT,0,4805513
ygeY_predicted,0.3333333333333333,2,2,ACGCAATTGACCGAAGCAAC,0,4811009
ygeY_predicted,0.3333333333333333,2,2,ACGCAACGAGCCTAGTTCTT,0,4807766
ygeY_predicted,0.3333333333333333,2,2,ACGATAAGGAGCGCAAAAGC,0,4811974
ygeY_predicted,0.3333333333333333,2,2,ACGAGTAGGAGGTCCGTGAG,0,4803004
ygeY_predicted,0.3333333333333333,2,2,ACGAGGTTGCTACCGCGAAT,0,4810593
ygeY_predicted,0.3333333333333333,2,2,ACGACCTTTCCAGCCGTCTT,0,4815024
ygeY_predicted,0.3333333333333333,2,2,ACGAAAGACATATCACGTTT,0,4812037
ygeY_predicted,0.3333333333333333,2,2,ACCTGGCCAAGATCCCAGCA,0,4810204
ygeY_predicted,0.3333333333333333,2,2,ACCTCTTACGGTGCTTACTA,0,4811665
ygeY_predicted,0.3333333333333333,2,2,ACCTCCAGACTACCATATGC,0,4815656
ygeY_predicted,0.3333333333333333,2,2,ACCGGCGGATGCTGACCGGG,0,4796740
ygeY_predicted,0.3333333333333333,2,2,ACCGCCTATGTCCCTGATGA,0,4795018
ygeY_predicted,0.3333333333333333,2,2,ACCGATTGGCTAGCTACATA,0,4805847
ygeY_predicted,0.3333333333333333,2,2,ACCGATCCTGCGCACTCTGA,0,4804388
ygeY_predicted,0.3333333333333333,2,2,ACCCGACCAGCTATCGTCCA,0,4809120
ygeY_predicted,0.3333333333333333,2,2,ACCCCGAGAGTCAAAACGGG,0,4800468
ygeY_predicted,0.3333333333333333,2,2,ACCCCCACGTATTAACATGT,0,4800161
ygeY_predicted,0.3333333333333333,2,2,ACCCAGGGAATCCGCGCTCC,0,4806264
ygeY_predicted,0.3333333333333333,2,2,ACCCACTCACCAGTACCATC,0,4794893
ygeY_predicted,0.3333333333333333,2,2,ACCCAATGCGTTAGGTTCGA,0,4797874
ygeY_predicted,0.3333333333333333,2,2,ACCATTGTCCAGTCAAAGAA,0,4811236
ygeY_predicted,0.3333333333333333,2,2,ACCATCCTCTCAAACAGGTT,0,4811387
ygeY_predicted,0.3333333333333333,2,2,ACCAGGTTTCCCGTACACCC,0,4812424
ygeY_predicted,0.3333333333333333,2,2,ACCAGGGAGCGCCACGTTCG,0,4797092
ygeY_predicted,0.3333333333333333,2,2,ACCAGCCTAGCACTTGCTTA,0,4800905
ygeY_predicted,0.3333333333333333,2,2,ACCACTGGCTGCGATAGGCC,0,4796850
ygeY_predicted,0.3333333333333333,2,2,ACCAACTATGGAGGGGAGTG,0,4809202
ygeY_predicted,0.3333333333333333,2,2,ACATTGCATGCGTTTTAGTA,0,4809827
ygeY_predicted,0.3333333333333333,2,2,ACATCCACACTGACGTAGGA,0,4803894
ygeY_predicted,0.3333333333333333,2,2,ACATACAGCAGTATCAAGAC,0,4802000
ygeY_predicted,0.3333333333333333,2,2,ACATAAGTCGTTAGACCGGC,0,4806596
ygeY_predicted,0.3333333333333333,2,2,ACAGGCTCAGAGTACGGTAC,0,4816897
ygeY_predicted,0.3333333333333333,2,2,ACAGGCCAGCTTGGATGACT,0,4807262
ygeY_predicted,0.3333333333333333,2,2,ACAGCCCCACATGACGACGT,0,4794981
ygeY_predicted,0.3333333333333333,2,2,ACAGATCTGTTCCCAAAATC,0,4809349
ygeY_predicted,0.3333333333333333,2,2,ACAGAGTCATGTCAATGTAA,0,4815693
ygeY_predicted,0.3333333333333333,2,2,ACACTCGTGGGGAGGTCGGG,0,4802190
ygeY_predicted,0.3333333333333333,2,2,ACACTAAGAGATATAAGCGT,0,4799904
ygeY_predicted,0.3333333333333333,2,2,ACACCCTCTTATATTTTGTC,0,4799255
ygeY_predicted,0.3333333333333333,2,2,ACACAGATGTGGGAGAGCCT,0,4806890
ygeY_predicted,0.3333333333333333,2,2,ACAATGACCGTCACCGGACA,0,4797988
ygeY_predicted,0.3333333333333333,2,2,ACAAGTTTGAGCGAGGATTA,0,4806416
ygeY_predicted,0.3333333333333333,2,2,ACAAGCCCAGTTGGTAAAGC,0,4797363
ygeY_predicted,0.3333333333333333,2,2,ACAAATTCGATGGCGTCGGC,0,4811545
ygeY_predicted,0.3333333333333333,2,2,AATTTGAAAACGACCTAACC,0,4812031
ygeY_predicted,0.3333333333333333,2,2,AATTTCGGTTGAGCGATGTG,0,4801722
ygeY_predicted,0.3333333333333333,2,2,AATTTCAAATGTATTATGGG,0,4798662
ygeY_predicted,0.3333333333333333,2,2,AATTGGCTTATATTATTTTC,0,4795208
ygeY_predicted,0.3333333333333333,2,2,AATTCTGGACTCGCGTTGCA,0,4811627
ygeY_predicted,0.3333333333333333,2,2,AATGTTATTACGAGGTAGTA,0,4805963
ygeY_predicted,0.3333333333333333,2,2,AATCGCCAGTAGACCCTGAA,0,4803368
ygeY_predicted,0.3333333333333333,2,2,AATCCGACCCTGAAGTGTAA,0,4810522
ygeY_predicted,0.3333333333333333,2,2,AATATAAGGTTTGAGCACCA,0,4812682
ygeY_predicted,0.3333333333333333,2,2,AATACCGTGGAACATCCTAA,0,4815762
ygeY_predicted,0.3333333333333333,2,2,AATACCGGCCTGTCTCTTTT,0,4816231
ygeY_predicted,0.3333333333333333,2,2,AATAACCTCCTCCACCCGTA,0,4799770
ygeY_predicted,0.3333333333333333,2,2,AATAAACTAGAATCCCACAG,0,4805780
ygeY_predicted,0.3333333333333333,2,2,AAGTTTTTTGCACCTAGCGA,0,4808871
ygeY_predicted,0.3333333333333333,2,2,AAGTTCATAATCCCGACCAG,0,4805993
ygeY_predicted,0.3333333333333333,2,2,AAGTGTCAGTTTTTTATGAT,0,4807694
ygeY_predicted,0.3333333333333333,2,2,AAGTACGTTTTTATGCTTCA,0,4805834
ygeY_predicted,0.3333333333333333,2,2,AAGGGTCTCCTCAATGGGTC,0,4814952
ygeY_predicted,0.3333333333333333,2,2,AAGGCTGCACAAGGGCCAAT,0,4802090
ygeY_predicted,0.3333333333333333,2,2,AAGGCAGTCAGTCCCTGTAC,0,4795947
ygeY_predicted,0.3333333333333333,2,2,AAGGACCCCAAAACTTTGTC,0,4814100
ygeY_predicted,0.3333333333333333,2,2,AAGCTCTAGCGTCAAGAACA,0,4801274
ygeY_predicted,0.3333333333333333,2,2,AAGCTCATCCATGGCCCAGC,0,4813877
ygeY_predicted,0.3333333333333333,2,2,AAGCTATAAACGCTATTCTC,0,4809909
ygeY_predicted,0.3333333333333333,2,2,AAGCCTCGCCGCGCTGAGCG,0,4811815
ygeY_predicted,0.3333333333333333,2,2,AAGCCAGAGCGGAGCGACGC,0,4807146
ygeY_predicted,0.3333333333333333,2,2,AAGAGTCCGGCCCTGGGGAT,0,4802297
ygeY_predicted,0.3333333333333333,2,2,AACTTGTCTACGAGACTGAT,0,4796506
ygeY_predicted,0.3333333333333333,2,2,AACGTACCCAAAGACGGAAT,0,4805237
ygeY_predicted,0.3333333333333333,2,2,AACGGTCTAGGCAGATTTAC,0,4809499
ygeY_predicted,0.3333333333333333,2,2,AACGGGAGCCTCTTATATAT,0,4815787
ygeY_predicted,0.3333333333333333,2,2,AACGAACATTCACCGTGTGT,0,4803805
ygeY_predicted,0.3333333333333333,2,2,AACGAAACTGTATATTGGCA,0,4807355
ygeY_predicted,0.3333333333333333,2,2,AACCCATACTATCTGGTAAG,0,4809461
ygeY_predicted,0.3333333333333333,2,2,AACATTGGCTTTCAGCATGC,0,4796763
ygeY_predicted,0.3333333333333333,2,2,AACAGAAAGGGGGGCAAGTA,0,4812905
ygeY_predicted,0.3333333333333333,2,2,AAATTGGCAAATGCTCAAAA,0,4809586
ygeY_predicted,0.3333333333333333,2,2,AAATTCGGAGATAGACATCA,0,4806229
ygeY_predicted,0.3333333333333333,2,2,AAATGGTTCTGAGAGAAGAG,0,4810426
ygeY_predicted,0.3333333333333333,2,2,AAATGGCTGGAAGTGCGGGT,0,4805888
ygeY_predicted,0.3333333333333333,2,2,AAATGGAGTCAATTATGTAG,0,4812941
ygeY_predicted,0.3333333333333333,2,2,AAATGACGGGTTATCTTCTA,0,4816351
ygeY_predicted,0.3333333333333333,2,2,AAAGTCGATTCCATACTTTC,0,4804957
ygeY_predicted,0.3333333333333333,2,2,AAAGGCCGCGATGTCTGACA,0,4815566
ygeY_predicted,0.3333333333333333,2,2,AAAGAAACCTCTGTAAAAGC,0,4810373
ygeY_predicted,0.3333333333333333,2,2,AAACGTGTGGCACTGTTTCC,0,4799513
ygeY_predicted,0.3333333333333333,2,2,AAACGCAGCAAAATGCTCAT,0,4812797
ygeY_predicted,0.3333333333333333,2,2,AAACGAGATAACGGTCGAGT,0,4798246
ygeY_predicted,0.3333333333333333,2,2,AAACCCTGTTGGCGGCCCTT,0,4810112
ygeY_predicted,0.3333333333333333,2,2,AAACATTTTATGACGGTTCC,0,4797439
ygeY_predicted,0.3333333333333333,2,2,AAACAGACATATTAGCACAG,0,4801376
ygeY_predicted,0.3333333333333333,2,2,AAAATAGTCGATGTAGAGAT,0,4815607
ygeY_predicted,0.3333333333333333,2,2,AAAAGGCGTTTTGGTCTCGA,0,4798121
ygeY_predicted,0.3333333333333333,2,2,AAAAGAACCAGTATGCACGT,0,4802518
ygeY_predicted,0.3333333333333333,2,2,AAAAATCATAGACCACGTCA,0,4804784
ygeY_predicted,0.3333333333333333,2,2,AAAAAGTCCCAGAACCAAAA,0,4798222
ygeY_predicted,0.3333333333333333,2,2,AAAAAGGATGGCGCTGTAAC,0,4795229
ygeY_predicted,0.3333333333333333,2,2,AAAAAATCATGCAGTCGCGA,0,4806894
ygeY_predicted,0.3333333333333333,2,2,AAAAAATACCACTTAGAGAG,0,4799730
ygeY_predicted,0.5,1,1,TTTTTGAGGACAGTCCCGTG,0,4802267
ygeY_predicted,0.5,1,1,TTTTGATGCTTGATACCCTT,0,4812812
ygeY_predicted,0.5,1,1,TTTTGAATGGATACGAACTG,0,4795437
ygeY_predicted,0.5,1,1,TTTTCTTCGCTTTGCTCTTA,0,4806871
ygeY_predicted,0.5,1,1,TTTTACTCAGTGAATCATAG,0,4810038
ygeY_predicted,0.5,1,1,TTTTACAACATTTTAGCTTG,0,4796594
ygeY_predicted,0.5,1,1,TTTTAATAGGCTCTCCTGTA,0,4808611
ygeY_predicted,0.5,1,1,TTTGTGATAACCTAGGGGAA,0,4795475
ygeY_predicted,0.5,1,1,TTTGTGACACATTAACTCCT,0,4804425
ygeY_predicted,0.5,1,1,TTTGGGTTTAGCGTGGCCCG,0,4807507
ygeY_predicted,0.5,1,1,TTTGGCAGCTCCCGGTGTTA,0,4812647
ygeY_predicted,0.5,1,1,TTTGCCTATGGCAGGGTGTC,0,4795682
ygeY_predicted,0.5,1,1,TTTCATGGGGTGCAGCTAGA,0,4802487
ygeY_predicted,0.5,1,1,TTTATTACCAGCGGGTGGTT,0,4797529
ygeY_predicted,0.5,1,1,TTTATCGCCCCTACAGTCTC,0,4804547
ygeY_predicted,0.5,1,1,TTTATAAAGGAAGGATTGCT,0,4805563
ygeY_predicted,0.5,1,1,TTTAGGGGGCACCAGGCCGA,0,4814795
ygeY_predicted,0.5,1,1,TTTAGCGGGGAAGAAATTCA,0,4798156
ygeY_predicted,0.5,1,1,TTTACTTCCCTAAGCGAGGA,0,4814721
ygeY_predicted,0.5,1,1,TTTACCTCAAGACTTACCAG,0,4808191
ygeY_predicted,0.5,1,1,TTTACAGGTATCAACTTCGC,0,4811784
ygeY_predicted,0.5,1,1,TTTAACGACTCGTAGGGAGG,0,4808077
ygeY_predicted,0.5,1,1,TTGTGTTTGGTCACCGCGGT,0,4805959
ygeY_predicted,0.5,1,1,TTGTGGTTCAAGCCAAGTGT,0,4807673
ygeY_predicted,0.5,1,1,TTGTGATTGTGTAGCCCTAA,0,4804314
ygeY_predicted,0.5,1,1,TTGTGATAGCCCAATGATAT,0,4807095
ygeY_predicted,0.5,1,1,TTGTCTTCCGTAGGTCTCTC,0,4805765
ygeY_predicted,0.5,1,1,TTGTCCACCGCTCCCAGGGG,0,4815301
ygeY_predicted,0.5,1,1,TTGTATCTTGCGAAAAGGTT,0,4806392
ygeY_predicted,0.5,1,1,TTGTACTTATAGGGGTAATT,0,4802698
ygeY_predicted,0.5,1,1,TTGGTTTTCGGGAGCCGGTA,0,4799830
ygeY_predicted,0.5,1,1,TTGGTCGTGGCAGCTTGTGA,0,4810245
ygeY_predicted,0.5,1,1,TTGGTCGTACGCTCTGAAGT,0,4797702
ygeY_predicted,0.5,1,1,TTGGTAAACAAGTGAGAGAG,0,4815542
ygeY_predicted,0.5,1,1,TTGGAGATGTGTTTGTGCGG,0,4808598
ygeY_predicted,0.5,1,1,TTGCTCGTATCAGCACAAAC,0,4807743
ygeY_predicted,0.5,1,1,TTGCTATTTCCTGCGTGAAC,0,4804816
ygeY_predicted,0.5,1,1,TTGCGGGTATATCCCACGCC,0,4795304
ygeY_predicted,0.5,1,1,TTGCAGCTAGGCAGCCATCA,0,4806109
ygeY_predicted,0.5,1,1,TTGCACCCACCGCCACACAA,0,4810329
ygeY_predicted,0.5,1,1,TTGATCGTCCTGGAAGGGCC,0,4801886
ygeY_predicted,0.5,1,1,TTGATACACAGGGTGCCCGA,0,4796927
ygeY_predicted,0.5,1,1,TTGAGTCCGTGGGCGTTTCA,0,4800598
ygeY_predicted,0.5,1,1,TTGACGGATGTTAAGACGCA,0,4813382
ygeY_predicted,0.5,1,1,TTGACCTTTAAGAAACTACA,0,4805661
ygeY_predicted,0.5,1,1,TTGACAAGATCTCTCCCCTT,0,4812858
ygeY_predicted,0.5,1,1,TTGAAAGAGGCACATGCGCG,0,4807311
ygeY_predicted,0.5,1,1,TTGAAACACTGTCTCATTGG,0,4800116
ygeY_predicted,0.5,1,1,TTCTTGGCTTAGGGCTTTAA,0,4795439
ygeY_predicted,0.5,1,1,TTCTGTCCCCAAACTATGCT,0,4801758
ygeY_predicted,0.5,1,1,TTCTATTTTAGAACTAATTG,0,4795260
ygeY_predicted,0.5,1,1,TTCTAATCGAGTTTCCTAAG,0,4798822
ygeY_predicted,0.5,1,1,TTCGGCCACGCGCGCGACAG,0,4812570
ygeY_predicted,0.5,1,1,TTCGACGCGGCATCGTCTTT,0,4809590
ygeY_predicted,0.5,1,1,TTCCGTCGGCATACGAGAAC,0,4795443
ygeY_predicted,0.5,1,1,TTCCGTAAGTGGTTATCGCC,0,4808940
ygeY_predicted,0.5,1,1,TTCCGCGCACTTACTGAAGC,0,4802763
ygeY_predicted,0.5,1,1,TTCCGAACAAATTCTCCATC,0,4806682
ygeY_predicted,0.5,1,1,TTCCCGGTGCGACCTAGGGG,0,4801762
ygeY_predicted,0.5,1,1,TTCCAACCAGCCACGATCTC,0,4799387
ygeY_predicted,0.5,1,1,TTCAGCATCGTGGTCTTCTA,0,4811823
ygeY_predicted,0.5,1,1,TTCAGAAAAAGCAGCCTAAC,0,4798113
ygeY_predicted,0.5,1,1,TTCACTAAGGGCCATTACCG,0,4806996
ygeY_predicted,0.5,1,1,TTATTCTTCAATTAGACGGC,0,4802725
ygeY_predicted,0.5,1,1,TTATTCGTGGCGTAGGAGGT,0,4809599
ygeY_predicted,0.5,1,1,TTATGTTAAGCCTAAACTCT,0,4800719
ygeY_predicted,0.5,1,1,TTATGGGCCTAAGCTTGTCA,0,4810928
ygeY_predicted,0.5,1,1,TTAGTTGCGACGGCAGTGAA,0,4814646
ygeY_predicted,0.5,1,1,TTAGTTATTCCATACTGTTG,0,4798041
ygeY_predicted,0.5,1,1,TTAGTAATAGCTCGAAACGC,0,4815721
ygeY_predicted,0.5,1,1,TTAGGGCGTACAATGAGTGT,0,4812269
ygeY_predicted,0.5,1,1,TTAGGGATTTACGGTACAAG,0,4816992
ygeY_predicted,0.5,1,1,TTAGCTGGTCCTGGCTGCTT,0,4801050
ygeY_predicted,0.5,1,1,TTAGCGTTGCATAGGACATG,0,4814776
ygeY_predicted,0.5,1,1,TTAGAAGTGACTAATATAGA,0,4810176
ygeY_predicted,0.5,1,1,TTACTCGCAGGGAGTAGCAT,0,4812208
ygeY_predicted,0.5,1,1,TTACTATGTGGATTGACAAT,0,4807297
ygeY_predicted,0.5,1,1,TTACCGAGCTCATCTGTTGG,0,4805441
ygeY_predicted,0.5,1,1,TTACCAAAAGATTGCGCGAC,0,4815672
ygeY_predicted,0.5,1,1,TTACATGTGGGTCGGCGCTT,0,4813522
ygeY_predicted,0.5,1,1,TTAATGCTAAACCCAAGAAG,0,4805553
ygeY_predicted,0.5,1,1,TTAATGCCGGATAAAGAGGT,0,4811441
ygeY_predicted,0.5,1,1,TTAATCTTCTAGAACGCCAC,0,4798964
ygeY_predicted,0.5,1,1,TGTTTCGGACCTTGGCGTTC,0,4800530
ygeY_predicted,0.5,1,1,TGTTTCCACTGACCTTCCTT,0,4816656
ygeY_predicted,0.5,1,1,TGTTCGGTCCATGATGGGAA,0,4800128
ygeY_predicted,0.5,1,1,TGTTCGCAAGCACAGCTGTC,0,4805638
ygeY_predicted,0.5,1,1,TGTTAGCGTAGGCCGCGCAA,0,4797315
ygeY_predicted,0.5,1,1,TGTTAGATCGCGAAGCTACG,0,4808730
ygeY_predicted,0.5,1,1,TGTGTTTCATTAGGGTGTCA,0,4806007
ygeY_predicted,0.5,1,1,TGTGTGGTCGAGTTCTTCCG,0,4810523
ygeY_predicted,0.5,1,1,TGTGTGGAAGCGCATGGCCC,0,4805403
ygeY_predicted,0.5,1,1,TGTGTCTATGGGGGGCGGAA,0,4801707
ygeY_predicted,0.5,1,1,TGTGTCGGAGTAAAAATGGT,0,4797111
ygeY_predicted,0.5,1,1,TGTGTACGTTTTAGAAAAAT,0,4813884
ygeY_predicted,0.5,1,1,TGTGGGTTAGCACCTGGGCA,0,4805080
ygeY_predicted,0.5,1,1,TGTGGGTGAGACAGACGGGA,0,4811175
ygeY_predicted,0.5,1,1,TGTCTGCGCAGGGAGCCATG,0,4798096
ygeY_predicted,0.5,1,1,TGTCGGTGCTCTTTGCTGGC,0,4804248
ygeY_predicted,0.5,1,1,TGTCGGCCAGTGCATCGTGC,0,4808751
ygeY_predicted,0.5,1,1,TGTCATAAGGGCCTTAGCAG,0,4798151
ygeY_predicted,0.5,1,1,TGTCAATCCTCCTGACAGAG,0,4801761
ygeY_predicted,0.5,1,1,TGTATGGGGTAATTTTTGAC,0,4811006
ygeY_predicted,0.5,1,1,TGTATAGGGGCTTTGGCACG,0,4804928
ygeY_predicted,0.5,1,1,TGGTAAAAATGTTCTATAGG,0,4811622
ygeY_predicted,0.5,1,1,TGGGTAGGCAATATACTACT,0,4807865
ygeY_predicted,0.5,1,1,TGGGCTCGCAACGGACGCGT,0,4809977
ygeY_predicted,0.5,1,1,TGGGCATCGCAGCACGGGTT,0,4802434
ygeY_predicted,0.5,1,1,TGGGAGCGGAAACGGCGTTC,0,4803721
ygeY_predicted,0.5,1,1,TGGGACGACCGCTTCCAAGT,0,4796977
ygeY_predicted,0.5,1,1,TGGGAAGTGGGAACGCTGCA,0,4814224
ygeY_predicted,0.5,1,1,TGGCTTGTAGTCTTCTCTCC,0,4796921
ygeY_predicted,0.5,1,1,TGGCTGCTAGAGCCCCCGTG,0,4808437
ygeY_predicted,0.5,1,1,TGGCGTAAATGTGCGTATAC,0,4795887
ygeY_predicted,0.5,1,1,TGGCAATTGGGCCGAATCAC,0,4806481
ygeY_predicted,0.5,1,1,TGGCAACATGAGGCTCCGAC,0,4807592
ygeY_predicted,0.5,1,1,TGGATGTGCTGCGTGTTTGT,0,4806491
ygeY_predicted,0.5,1,1,TGGATAGGTAGCAACGCTTG,0,4801192
ygeY_predicted,0.5,1,1,TGGAGCTGCACAACAGTTCT,0,4801569
ygeY_predicted,0.5,1,1,TGGAGACCATACTCGTCCGT,0,4816352
ygeY_predicted,0.5,1,1,TGGACCCTACAATATTCGTA,0,4809881
ygeY_predicted,0.5,1,1,TGGACATTAACCTACCGCCA,0,4814425
ygeY_predicted,0.5,1,1,TGGACAGTGGCCGCACCTAC,0,4814307
ygeY_predicted,0.5,1,1,TGGAAGAGTTGTTCCGTCAG,0,4803633
ygeY_predicted,0.5,1,1,TGCTTGTGACGAACAGGAAC,0,4802477
ygeY_predicted,0.5,1,1,TGCTTATTATGTACTTGAGC,0,4814036
ygeY_predicted,0.5,1,1,TGCTGGGACATCGGCTTATA,0,4800205
ygeY_predicted,0.5,1,1,TGCTCTCTACTGTAAGTTGG,0,4802670
ygeY_predicted,0.5,1,1,TGCTCCGTTGAACAGCATTC,0,4814448
ygeY_predicted,0.5,1,1,TGCTCACATGATCACCCAGA,0,4801492
ygeY_predicted,0.5,1,1,TGCGTTTTGCGCCGCTGTTG,0,4804218
ygeY_predicted,0.5,1,1,TGCGGTTGTGTGTAGACGTA,0,4795456
ygeY_predicted,0.5,1,1,TGCGGTCTCTAAGGGAATAA,0,4802318
ygeY_predicted,0.5,1,1,TGCGACATTCAGAGGACCGT,0,4796508
ygeY_predicted,0.5,1,1,TGCCTCGTTGAAACGCTTAC,0,4809868
ygeY_predicted,0.5,1,1,TGCCGAATAGGATATGCATG,0,4812374
ygeY_predicted,0.5,1,1,TGCCCCTACTACGTAGGTAA,0,4800800
ygeY_predicted,0.5,1,1,TGCCCATCCGTAACTAATAG,0,4798556
ygeY_predicted,0.5,1,1,TGCCACCTTCGTTTGATTAT,0,4800811
ygeY_predicted,0.5,1,1,TGCACAGTTGTAGGCGCGGC,0,4801082
ygeY_predicted,0.5,1,1,TGCAAAATCGGGCAACGAGA,0,4807709
ygeY_predicted,0.5,1,1,TGATTTAAATATGTCCCAGT,0,4808578
ygeY_predicted,0.5,1,1,TGATTGTTTTGATATACCAT,0,4815817
ygeY_predicted,0.5,1,1,TGATGTTGGACTAGATGACA,0,4798063
ygeY_predicted,0.5,1,1,TGATCTTGGCCGTTCGGTTT,0,4815247
ygeY_predicted,0.5,1,1,TGATCGTCCCGGCAGATAGA,0,4795454
ygeY_predicted,0.5,1,1,TGATCGCTGCAGGTTTATCT,0,4795087
ygeY_predicted,0.5,1,1,TGATCCTGCCAGGCAGGAAA,0,4814002
ygeY_predicted,0.5,1,1,TGATCATGTGCCAACTATAT,0,4801453
ygeY_predicted,0.5,1,1,TGATATAATCGTCTTCGTTA,0,4816250
ygeY_predicted,0.5,1,1,TGATACGTACCAAGCGGACT,0,4810431
ygeY_predicted,0.5,1,1,TGATAATAAAAGCTTCCCTG,0,4798469
ygeY_predicted,0.5,1,1,TGAGTGCGTTAGCCCCCCGG,0,4807274
ygeY_predicted,0.5,1,1,TGAGGTTGAAGAGTGAGCAA,0,4806545
ygeY_predicted,0.5,1,1,TGAGGGGGGTGACTGATCGG,0,4801294
ygeY_predicted,0.5,1,1,TGAGCCCCGAAGAGACCGCA,0,4797905
ygeY_predicted,0.5,1,1,TGAGACCGAAATTGAGGTTA,0,4809801
ygeY_predicted,0.5,1,1,TGACTGACCGCGACATCCCT,0,4802778
ygeY_predicted,0.5,1,1,TGACTCAACCCGACAATTTA,0,4808414
ygeY_predicted,0.5,1,1,TGACGACGGAGGACCTTAAT,0,4815584
ygeY_predicted,0.5,1,1,TGAATCAACCGATTTAATGA,0,4802975
ygeY_predicted,0.5,1,1,TCTTCTCAACCAGGACGCCC,0,4797148
ygeY_predicted,0.5,1,1,TCTTCCGTACTCAAGACTAT,0,4795729
ygeY_predicted,0.5,1,1,TCTGCCTAGTGACCTGTCTC,0,4815931
ygeY_predicted,0.5,1,1,TCTGCCGCTATCTATCCGGT,0,4802283
ygeY_predicted,0.5,1,1,TCTGAGCCGAAACTGCTGGT,0,4802796
ygeY_predicted,0.5,1,1,TCTCCAGTTATTGGAATGGA,0,4797216
ygeY_predicted,0.5,1,1,TCTCAGGTTAAAAACGACTC,0,4812877
ygeY_predicted,0.5,1,1,TCTCACATATAAAATCAGTA,0,4802031
ygeY_predicted,0.5,1,1,TCTAGTCCGGATCACTTCAT,0,4814064
ygeY_predicted,0.5,1,1,TCTACTTTGGACCCAAGGCC,0,4799656
ygeY_predicted,0.5,1,1,TCTACATCCGTGTGGACTCC,0,4806618
ygeY_predicted,0.5,1,1,TCTAACTTCTACTAAGGTCG,0,4798906
ygeY_predicted,0.5,1,1,TCTAAATTGTGGTTAGGGAA,0,4796776
ygeY_predicted,0.5,1,1,TCGTTTTAGCGAGTGCTAAG,0,4812073
ygeY_predicted,0.5,1,1,TCGGTCATAGGCGGCACGTC,0,4800493
ygeY_predicted,0.5,1,1,TCGGTACCAGCGGTTGATGC,0,4796082
ygeY_predicted,0.5,1,1,TCGGTACACGACCCGGTTGC,0,4796558
ygeY_predicted,0.5,1,1,TCGGGTTTAAACGATATCGT,0,4804474
ygeY_predicted,0.5,1,1,TCGGGTTGGCGCCATTGATC,0,4802087
ygeY_predicted,0.5,1,1,TCGGGTTCCCATGGAGACTG,0,4814364
ygeY_predicted,0.5,1,1,TCGGGCACTCTTACACAATG,0,4802224
ygeY_predicted,0.5,1,1,TCGGCGCGCACCTTACAGGT,0,4808493
ygeY_predicted,0.5,1,1,TCGGAACACCGGGTGCATTA,0,4804995
ygeY_predicted,0.5,1,1,TCGCTGAACTTACGAAAGCA,0,4797982
ygeY_predicted,0.5,1,1,TCGCTATTCCATATTTCTCC,0,4803996
ygeY_predicted,0.5,1,1,TCGCGGGGTGGCTCTCTATC,0,4808475
ygeY_predicted,0.5,1,1,TCGCCTATCGTTTTCACCGA,0,4815764
ygeY_predicted,0.5,1,1,TCGATGGGTCATCCATTAGG,0,4805644
ygeY_predicted,0.5,1,1,TCGATGCTTAAGTGTCCCCT,0,4812813
ygeY_predicted,0.5,1,1,TCGATCGCAAGCGGACTCAT,0,4809114
ygeY_predicted,0.5,1,1,TCGACGAGTGTGCGGGGAAG,0,4803223
ygeY_predicted,0.5,1,1,TCGAATACGGCCCCATACCA,0,4796000
ygeY_predicted,0.5,1,1,TCGAACATTGCCCGGGAACA,0,4806139
ygeY_predicted,0.5,1,1,TCCTTGTTCCGCGCTGCAAG,0,4809618
ygeY_predicted,0.5,1,1,TCCTTAGAGTTCTTGATAAG,0,4812316
ygeY_predicted,0.5,1,1,TCCTGTCATATACGCGTTAG,0,4804426
ygeY_predicted,0.5,1,1,TCCTAAGTATTTACCGGTAC,0,4800183
ygeY_predicted,0.5,1,1,TCCGGGCGGCGTTTCTGGGA,0,4810050
ygeY_predicted,0.5,1,1,TCCGGACGTAACGAGGATAA,0,4796490
ygeY_predicted,0.5,1,1,TCCCGTCCTATATTCCCGTG,0,4801481
ygeY_predicted,0.5,1,1,TCCCGGTTGCCGCTCGGTCC,0,4804293
ygeY_predicted,0.5,1,1,TCCCGCTAGGCGTGGACGGG,0,4815311
ygeY_predicted,0.5,1,1,TCCCCGGCGTGCAGTGTTAA,0,4810098
ygeY_predicted,0.5,1,1,TCCCCCATTATGTCGTTTAA,0,4812166
ygeY_predicted,0.5,1,1,TCCATTGGCCATTCATATCA,0,4816637
ygeY_predicted,0.5,1,1,TCCATCGCATCGATAATAGT,0,4804984
ygeY_predicted,0.5,1,1,TCCATCATATCAATCAGTGT,0,4811271
ygeY_predicted,0.5,1,1,TCCACGTGCCGGGGCGATAT,0,4810102
ygeY_predicted,0.5,1,1,TCATTGTAAATTTGACTTAG,0,4811590
ygeY_predicted,0.5,1,1,TCATGCCTCCAGACGGTTCG,0,4798898
ygeY_predicted,0.5,1,1,TCATCTGCGTAAAACATGTA,0,4802929
ygeY_predicted,0.5,1,1,TCATCTAGTCGGCTCGTACG,0,4812701
ygeY_predicted,0.5,1,1,TCATACGGTTGTTTGTAGAA,0,4814856
ygeY_predicted,0.5,1,1,TCAGGTGTCTACTTTCTCAA,0,4809092
ygeY_predicted,0.5,1,1,TCAGCGTGAGTAAGTAGCCC,0,4813135
ygeY_predicted,0.5,1,1,TCAGCGCGGAGGACAAACTC,0,4813745
ygeY_predicted,0.5,1,1,TCACTGGTGGTACGCTCCGA,0,4810607
ygeY_predicted,0.5,1,1,TCACGTCCAGAATACACTGG,0,4813909
ygeY_predicted,0.5,1,1,TCACCAAAGCGTGTCATCAA,0,4807205
ygeY_predicted,0.5,1,1,TCACAATTGACTAGCCGTCT,0,4814552
ygeY_predicted,0.5,1,1,TCAATCAGACCGATTTATGA,0,4813831
ygeY_predicted,0.5,1,1,TCAACGCATTCTCCGATCAG,0,4814148
ygeY_predicted,0.5,1,1,TATTTTGTAGCGGGCGCTCT,0,4812461
ygeY_predicted,0.5,1,1,TATTTTCAAAACGCAGAAAC,0,4814865
ygeY_predicted,0.5,1,1,TATTTGGCCCAGAACGATGT,0,4803196
ygeY_predicted,0.5,1,1,TATTTCAAGTTATGGAATCA,0,4799651
ygeY_predicted,0.5,1,1,TATTGACTCGTCTTGAGTTT,0,4811977
ygeY_predicted,0.5,1,1,TATTAAACGTTCCGACGCTG,0,4803657
ygeY_predicted,0.5,1,1,TATGTATAAAGCTGTAATGT,0,4802435
ygeY_predicted,0.5,1,1,TATGGGTGTACTCATGGCTC,0,4796499
ygeY_predicted,0.5,1,1,TATGAGGCCAGATCGGCTAT,0,4804538
ygeY_predicted,0.5,1,1,TATGAACGAGCGAATGTGTC,0,4815142
ygeY_predicted,0.5,1,1,TATCTCGCTTCCGTAGATTT,0,4799345
ygeY_predicted,0.5,1,1,TATCGTGGGAATAGGTTCAA,0,4802814
ygeY_predicted,0.5,1,1,TATCGGAATAGGGAAGCGCG,0,4812479
ygeY_predicted,0.5,1,1,TATCATCCTAACTCGCGCTA,0,4808380
ygeY_predicted,0.5,1,1,TATATACGGCCCCAACAACC,0,4811369
ygeY_predicted,0.5,1,1,TATAGGCAATATACGGCGGC,0,4797703
ygeY_predicted,0.5,1,1,TATAGGATTGACGCTGTTCT,0,4812834
ygeY_predicted,0.5,1,1,TATAAGGCATAAAAACAGTA,0,4798100
ygeY_predicted,0.5,1,1,TAGGAACGCGATATCCGCGC,0,4807257
ygeY_predicted,0.5,1,1,TAGCGTCCCCGTCGACGGAA,0,4804954
ygeY_predicted,0.5,1,1,TAGCCGCTGACCGGCATCCC,0,4810973
ygeY_predicted,0.5,1,1,TAGCCAGGGGCAACTCTGTG,0,4797395
ygeY_predicted,0.5,1,1,TAGAGTTCCCTCCTGCGATA,0,4805022
ygeY_predicted,0.5,1,1,TAGAGAATAGCACGAATTTG,0,4804128
ygeY_predicted,0.5,1,1,TAGACGCGCTCACTAGGGGT,0,4808486
ygeY_predicted,0.5,1,1,TAGAAGGGAGAAGGGATCAC,0,4807147
ygeY_predicted,0.5,1,1,TACTTTTTAAGTATCTCACC,0,4798491
ygeY_predicted,0.5,1,1,TACTTCCAGTGTAAGTAACT,0,4814612
ygeY_predicted,0.5,1,1,TACTGTCGGATGGCTTAAGA,0,4801947
ygeY_predicted,0.5,1,1,TACTAGCTGATAGGCGGGCG,0,4809688
ygeY_predicted,0.5,1,1,TACGTGATCTCAACCTCTAC,0,4807050
ygeY_predicted,0.5,1,1,TACGGTAGCTGGAGTTTCCC,0,4801149
ygeY_predicted,0.5,1,1,TACGGCTCGGACCGTGGTAG,0,4803376
ygeY_predicted,0.5,1,1,TACGCTAAGCAACGTGGCCC,0,4808737
ygeY_predicted,0.5,1,1,TACGCCAAACATCTTAAGGC,0,4808924
ygeY_predicted,0.5,1,1,TACGATCATCGTGTATAAGG,0,4811972
ygeY_predicted,0.5,1,1,TACCTTCACCTTTAGACACC,0,4799847
ygeY_predicted,0.5,1,1,TACCTCGAGCCATGCACATG,0,4804949
ygeY_predicted,0.5,1,1,TACCGCGTCTCGGGGGGATA,0,4810988
ygeY_predicted,0.5,1,1,TACCGCCGAAGAGTAACTCC,0,4809914
ygeY_predicted,0.5,1,1,TACCGAGTCCAGTAACAGGA,0,4807822
ygeY_predicted,0.5,1,1,TACCCCATACAAACAATCAG,0,4806129
ygeY_predicted,0.5,1,1,TACATCATAGCCACCGGTCA,0,4803480
ygeY_predicted,0.5,1,1,TACATACCGGGGAATCGTGC,0,4809128
ygeY_predicted,0.5,1,1,TACAGAACCTTCCGCGTACA,0,4808404
ygeY_predicted,0.5,1,1,TACACGGCGTAACGTACTTG,0,4803301
ygeY_predicted,0.5,1,1,TACACATCTGAGAAAGTGTC,0,4799938
ygeY_predicted,0.5,1,1,TACAAAGCACTCCCGTTGAG,0,4804346
ygeY_predicted,0.5,1,1,TAATTCGGATCATGACTAAC,0,4797707
ygeY_predicted,0.5,1,1,TAATGTATCGAAAGTATGGT,0,4804570
ygeY_predicted,0.5,1,1,TAATGGGCTAATGGTTAGAA,0,4809477
ygeY_predicted,0.5,1,1,TAATGGGCCGGGATGCTGTA,0,4797568
ygeY_predicted,0.5,1,1,TAATCTGCACGACGAGTACT,0,4814484
ygeY_predicted,0.5,1,1,TAATCTGAAACCTACTCTTT,0,4810798
ygeY_predicted,0.5,1,1,TAATCGGGTATTCTACACTC,0,4803436
ygeY_predicted,0.5,1,1,TAATCATCGGAAGAGCAGTT,0,4799528
ygeY_predicted,0.5,1,1,TAATCAATAGGGACCTATCT,0,4799612
ygeY_predicted,0.5,1,1,TAATATGCGCATAGTTGCAA,0,4805386
ygeY_predicted,0.5,1,1,TAAGTTGGCCCTGGTGTACC,0,4800543
ygeY_predicted,0.5,1,1,TAAGTCAATTCGGGGGAACA,0,4808029
ygeY_predicted,0.5,1,1,TAAGTACCGGCTAAGCACGA,0,4810130
ygeY_predicted,0.5,1,1,TAAGGTATTTCATAAGGCCC,0,4810517
ygeY_predicted,0.5,1,1,TAAGGGGACGCCTAACCCAG,0,4801735
ygeY_predicted,0.5,1,1,TAAGCTGCCTTGACTACGAA,0,4816186
ygeY_predicted,0.5,1,1,TAAGCTCCTATCGCCCACGG,0,4805607
ygeY_predicted,0.5,1,1,TAAGCTCATTGAAACGACCT,0,4804454
ygeY_predicted,0.5,1,1,TAAGCGCGCGAATACCGGCG,0,4805470
ygeY_predicted,0.5,1,1,TAAGAGCCGGTAATTCTAGC,0,4806458
ygeY_predicted,0.5,1,1,TAAGACCTCAAGGGTTCCTT,0,4807719
ygeY_predicted,0.5,1,1,TAACTGAGCCAAATCTAGCA,0,4797284
ygeY_predicted,0.5,1,1,TAACGTGGTGGCATAAGAAT,0,4796195
ygeY_predicted,0.5,1,1,TAACGGAGTTGATAGACTCC,0,4811646
ygeY_predicted,0.5,1,1,TAACGCCCGTATCTAAGGCA,0,4815195
ygeY_predicted,0.5,1,1,TAACGAATTTCGTGGTGAAC,0,4807955
ygeY_predicted,0.5,1,1,TAACGAATTTCGCGTCGACC,0,4807956
ygeY_predicted,0.5,1,1,TAACGAAACGCGAAGACGAT,0,4814979
ygeY_predicted,0.5,1,1,TAACCGACCTTTGCTCAGAT,0,4797182
ygeY_predicted,0.5,1,1,TAACCATTTTTCCCCTGGGG,0,4812327
ygeY_predicted,0.5,1,1,TAACCATTCCAGGCTCACGG,0,4809122
ygeY_predicted,0.5,1,1,TAAATCATTAGCACCGAACG,0,4812895
ygeY_predicted,0.5,1,1,TAAAGGCGCGGTAATGATGA,0,4797150
ygeY_predicted,0.5,1,1,TAAAGCTTCCGATTAGGTTT,0,4808279
ygeY_predicted,0.5,1,1,TAAAGCTAGCAGAAGACCTG,0,4802308
ygeY_predicted,0.5,1,1,TAAACAGTCTATGAGGGGTC,0,4804769
ygeY_predicted,0.5,1,1,TAAAATGCGACGGAGAGTTT,0,4798446
ygeY_predicted,0.5,1,1,GTTTTACTACCAACATCCGC,0,4802302
ygeY_predicted,0.5,1,1,GTTTTAAGTCAATTGAGGTG,0,4811640
ygeY_predicted,0.5,1,1,GTTTGGCTCTGTTCGCGTTG,0,4811283
ygeY_predicted,0.5,1,1,GTTTCGACGGGATTTCCTGT,0,4809736
ygeY_predicted,0.5,1,1,GTTTATTACGTGTGCGGTCG,0,4806406
ygeY_predicted,0.5,1,1,GTTTATGCCATCCAACCTTG,0,4800533
ygeY_predicted,0.5,1,1,GTTTACGGAGGTAAAGTGAT,0,4807139
ygeY_predicted,0.5,1,1,GTTGTTGAGCCCTACTCTCT,0,4805168
ygeY_predicted,0.5,1,1,GTTGCGCTTGAGGTTACAGC,0,4800537
ygeY_predicted,0.5,1,1,GTTCTGTAGGGTTGCCATTC,0,4810900
ygeY_predicted,0.5,1,1,GTTCTCCGGCGAGGTATACT,0,4797873
ygeY_predicted,0.5,1,1,GTTCGGTATATCGGTGTTAC,0,4814162
ygeY_predicted,0.5,1,1,GTTCGAGGGGCCTAGACCCT,0,4809446
ygeY_predicted,0.5,1,1,GTTCCCAGTCCATGCTATCC,0,4806016
ygeY_predicted,0.5,1,1,GTTCATTCGGTCGATATACG,0,4812197
ygeY_predicted,0.5,1,1,GTTATCTCGCCTCGTGAAGT,0,4809520
ygeY_predicted,0.5,1,1,GTTAAGTTCTAGGCATGTCA,0,4802088
ygeY_predicted,0.5,1,1,GTTAACGGATGAGTATCGCA,0,4797333
ygeY_predicted,0.5,1,1,GTTAACAGATACTGGAGCCA,0,4804107
ygeY_predicted,0.5,1,1,GTTAAAACCTGGTCCTCTGA,0,4803260
ygeY_predicted,0.5,1,1,GTGTTACTTAAAACGCATGT,0,4796220
ygeY_predicted,0.5,1,1,GTGTGTTCTCACCTGCGGGG,0,4809786
ygeY_predicted,0.5,1,1,GTGTCCTATGATCGTGATAT,0,4812408
ygeY_predicted,0.5,1,1,GTGGTACTAAATATGGATTA,0,4799155
ygeY_predicted,0.5,1,1,GTGGTACCACGTATCGGGCA,0,4812399
ygeY_predicted,0.5,1,1,GTGGGTACACATGCATCTTA,0,4804179
ygeY_predicted,0.5,1,1,GTGGGCCTGTCTATAGGAAC,0,4807877
ygeY_predicted,0.5,1,1,GTGGGCCGCAAGTGTATTAC,0,4809345
ygeY_predicted,0.5,1,1,GTGGCTTGGTTGGAAGACTT,0,4798391
ygeY_predicted,0.5,1,1,GTGGCTTCTAGGGGTGAGTT,0,4815007
ygeY_predicted,0.5,1,1,GTGGCTAAACGGTTGTGCCT,0,4797484
ygeY_predicted,0.5,1,1,GTGGCCGATGACGGACAAAA,0,4796461
ygeY_predicted,0.5,1,1,GTGCTTTAGTTTACAAGGAA,0,4809270
ygeY_predicted,0.5,1,1,GTGCTAGTGCGGCAGTTTTA,0,4809281
ygeY_predicted,0.5,1,1,GTGCGGACGAGTTAGGTTGT,0,4808199
ygeY_predicted,0.5,1,1,GTGCCAGGACCTTCATTCTC,0,4800307
ygeY_predicted,0.5,1,1,GTGATAGACTAAAGGCATGA,0,4802482
ygeY_predicted,0.5,1,1,GTGATACCGAGGCAACTTTT,0,4815720
ygeY_predicted,0.5,1,1,GTGAGGGGGAATACATGATT,0,4797563
ygeY_predicted,0.5,1,1,GTGAACTATGTATTCGCAGT,0,4814931
ygeY_predicted,0.5,1,1,GTGAAAACTGCGAACTCATT,0,4809879
ygeY_predicted,0.5,1,1,GTCTTGTGTGCTTCCAGCTT,0,4806705
ygeY_predicted,0.5,1,1,GTCTCGCGCTCCCGGCTCTT,0,4811043
ygeY_predicted,0.5,1,1,GTCTCATGCGCGAGGGACCT,0,4802720
ygeY_predicted,0.5,1,1,GTCTCATAGGTGCATTTATG,0,4816986
ygeY_predicted,0.5,1,1,GTCGTAAAAACTGAGTACGT,0,4799736
ygeY_predicted,0.5,1,1,GTCGGGTCCAGAAAAGCAAG,0,4798839
ygeY_predicted,0.5,1,1,GTCGCTAGGGCTGAACCCAG,0,4809164
ygeY_predicted,0.5,1,1,GTCGATCTCTATCAATGCAG,0,4815438
ygeY_predicted,0.5,1,1,GTCGAGTTGCGCGCTCCAAT,0,4808987
ygeY_predicted,0.5,1,1,GTCCTGCACACGTAACGTCC,0,4804254
ygeY_predicted,0.5,1,1,GTCCGCTGTCCAACGTTCTC,0,4806459
ygeY_predicted,0.5,1,1,GTCCGCAGCGAGACTCCGAA,0,4807196
ygeY_predicted,0.5,1,1,GTCCCCGGTCTGCTATGGGC,0,4807344
ygeY_predicted,0.5,1,1,GTCATGGGAAGAACAGAATC,0,4812888
ygeY_predicted,0.5,1,1,GTCATCTCCCTCAGACAGAT,0,4807173
ygeY_predicted,0.5,1,1,GTCATAGCAACTCGTCGCCT,0,4807625
ygeY_predicted,0.5,1,1,GTCACCTTGGCGTGAAAATA,0,4797797
ygeY_predicted,0.5,1,1,GTCACAGAAGATTTATCATG,0,4796834
ygeY_predicted,0.5,1,1,GTCAAGTGGGGGGATCACCA,0,4808443
ygeY_predicted,0.5,1,1,GTCAAGGCCTTTGATGGGAT,0,4806005
ygeY_predicted,0.5,1,1,GTCAAGCGGACCGTTAGTTC,0,4805704
ygeY_predicted,0.5,1,1,GTATTGCCACTCAGGTATGC,0,4796554
ygeY_predicted,0.5,1,1,GTATGGGCTCGGTGTTCTGG,0,4795011
ygeY_predicted,0.5,1,1,GTATCTGCGCTCTTGGAATC,0,4800158
ygeY_predicted,0.5,1,1,GTATCCGTTTGAAGTAAGAC,0,4802899
ygeY_predicted,0.5,1,1,GTAGTTGACACCCTGGCAAG,0,4813786
ygeY_predicted,0.5,1,1,GTAGTCACTCGCTTATACCA,0,4810527
ygeY_predicted,0.5,1,1,GTAGGTATCCAGCGTTTGTA,0,4812548
ygeY_predicted,0.5,1,1,GTAGCGGCTCACAAACGGCT,0,4807138
ygeY_predicted,0.5,1,1,GTACTACTTCTCCGCCTTTT,0,4816213
ygeY_predicted,0.5,1,1,GTACGCCGACTCAAGGCCGT,0,4806559
ygeY_predicted,0.5,1,1,GTACATAGTTCGCCTTCGGA,0,4814629
ygeY_predicted,0.5,1,1,GTACAGATGCGAATTAAGCA,0,4794931
ygeY_predicted,0.5,1,1,GTAATTGATTGGTGCGAGTG,0,4814427
ygeY_predicted,0.5,1,1,GTAATACGTTATATAAAAAA,0,4808837
ygeY_predicted,0.5,1,1,GTAAGTGAATACAAGTTAGG,0,4810386
ygeY_predicted,0.5,1,1,GTAAGCCGTGCGCTAGTACG,0,4814023
ygeY_predicted,0.5,1,1,GTAAGCAATTGTACGCTGTT,0,4803973
ygeY_predicted,0.5,1,1,GTAACGGCTATAGGTGTCTG,0,4797061
ygeY_predicted,0.5,1,1,GGTTCTATATGTAAAGTGCC,0,4802112
ygeY_predicted,0.5,1,1,GGTTCCATAGGAAAAAAGGA,0,4813524
ygeY_predicted,0.5,1,1,GGTTAGATTGAACTAAGTCC,0,4811178
ygeY_predicted,0.5,1,1,GGTTAATACGCCTGCTTGAG,0,4815870
ygeY_predicted,0.5,1,1,GGTGTCTTTGTAAGGGTTTC,0,4816295
ygeY_predicted,0.5,1,1,GGTGTAGGGAAGGGCCTGTG,0,4811026
ygeY_predicted,0.5,1,1,GGTGGGTACGTCAATTCGGT,0,4811388
ygeY_predicted,0.5,1,1,GGTGGCTGCGGTAATCAAGA,0,4804918
ygeY_predicted,0.5,1,1,GGTCCTTGCTAGGTTTTCTT,0,4816299
ygeY_predicted,0.5,1,1,GGTCCGTATCAGGACGGCCC,0,4813085
ygeY_predicted,0.5,1,1,GGTCCACCAAGGCGCATGCC,0,4794969
ygeY_predicted,0.5,1,1,GGTCAATTAAACGTAATGGT,0,4801233
ygeY_predicted,0.5,1,1,GGTATCTCGGACCGGCCCGA,0,4806971
ygeY_predicted,0.5,1,1,GGTATCCGGGATGCGCAGGG,0,4815422
ygeY_predicted,0.5,1,1,GGTAGAGTTTTGTCCTATCT,0,4799381
ygeY_predicted,0.5,1,1,GGTACTGTGAGCGTGGACTT,0,4812995
ygeY_predicted,0.5,1,1,GGTACGTGTATTAAAGTACT,0,4796807
ygeY_predicted,0.5,1,1,GGTAAACTCATTTTAGTCGT,0,4808157
ygeY_predicted,0.5,1,1,GGGTTTGTGTTCAAGTCGTT,0,4814683
ygeY_predicted,0.5,1,1,GGGTTGGTATTGAGTTGTCG,0,4797185
ygeY_predicted,0.5,1,1,GGGTTCTCACGACGCTACAT,0,4814846
ygeY_predicted,0.5,1,1,GGGGTGTTGAACTTATGCTT,0,4811597
ygeY_predicted,0.5,1,1,GGGGTGGCACGTGGCCAGGA,0,4815670
ygeY_predicted,0.5,1,1,GGGGTCGTAGTGGTCCAGTG,0,4808680
ygeY_predicted,0.5,1,1,GGGGTCCTTTTTCAGCTATG,0,4802162
ygeY_predicted,0.5,1,1,GGGGTACAACATTCTAGGGT,0,4797986
ygeY_predicted,0.5,1,1,GGGGGGCATCTGCTAAAGCA,0,4802079
ygeY_predicted,0.5,1,1,GGGGGGAACGGTCACCGGAC,0,4794932
ygeY_predicted,0.5,1,1,GGGGCGGATGGTTCTCACCT,0,4803056
ygeY_predicted,0.5,1,1,GGGGCCGTCGGTAAGTTAGT,0,4809173
ygeY_predicted,0.5,1,1,GGGGCCACCTTGAAGGCAGG,0,4811103
ygeY_predicted,0.5,1,1,GGGGCATCTAGCGTGACCTC,0,4810528
ygeY_predicted,0.5,1,1,GGGGATCCATATCACAATTA,0,4803962
ygeY_predicted,0.5,1,1,GGGGAACACCGTTTCAGGAG,0,4807472
ygeY_predicted,0.5,1,1,GGGCTTTTGCCCTTGGGGAT,0,4811934
ygeY_predicted,0.5,1,1,GGGCTCACGCTTAAGTGGAA,0,4801558
ygeY_predicted,0.5,1,1,GGGCTATAGGGCACAATCAT,0,4816801
ygeY_predicted,0.5,1,1,GGGCTACTGGCTCCCGTAAG,0,4809605
ygeY_predicted,0.5,1,1,GGGCGTTGGGCACGTATCCA,0,4802900
ygeY_predicted,0.5,1,1,GGGCCTCAGTTGAGCCGGGT,0,4814363
ygeY_predicted,0.5,1,1,GGGCCATCCGTCGCATCCAG,0,4811916
ygeY_predicted,0.5,1,1,GGGCCATAAGGCTGCTCTTC,0,4804418
ygeY_predicted,0.5,1,1,GGGCCAGTACGAGCACACAG,0,4811152
ygeY_predicted,0.5,1,1,GGGCCAGGATGTGTGGGAAC,0,4807188
ygeY_predicted,0.5,1,1,GGGCAGGCCACTGGTTACTA,0,4814059
ygeY_predicted,0.5,1,1,GGGCAGCGATCTTATTTAAA,0,4794965
ygeY_predicted,0.5,1,1,GGGCAATTAGATCCATGCCG,0,4805819
ygeY_predicted,0.5,1,1,GGGATGGGCGTGAATGTAAG,0,4802354
ygeY_predicted,0.5,1,1,GGGAGATAGACCGGAACCAA,0,4810171
ygeY_predicted,0.5,1,1,GGGACTGCAGATAAGGCTGT,0,4804904
ygeY_predicted,0.5,1,1,GGGACGTCCTGGCACTTCAC,0,4802158
ygeY_predicted,0.5,1,1,GGGACACAGCATTCTGGGAT,0,4811296
ygeY_predicted,0.5,1,1,GGGAACGGTTTTTTGTAATT,0,4814535
ygeY_predicted,0.5,1,1,GGGAACCTACACAGCCCTCT,0,4803366
ygeY_predicted,0.5,1,1,GGGAAATAGGGATATGTACC,0,4813281
ygeY_predicted,0.5,1,1,GGCTTTAGGATGCCGAACTC,0,4813146
ygeY_predicted,0.5,1,1,GGCTGGAGACCCCCTCTTAG,0,4804722
ygeY_predicted,0.5,1,1,GGCTGCGCGAGCCAAGTCCA,0,4816482
ygeY_predicted,0.5,1,1,GGCGGCATCATAACTTGACA,0,4798442
ygeY_predicted,0.5,1,1,GGCGATTGCCAACTACAACC,0,4806167
ygeY_predicted,0.5,1,1,GGCGATACGAACGACGTGCA,0,4804291
ygeY_predicted,0.5,1,1,GGCCTACTGGAACTATGTTA,0,4804847
ygeY_predicted,0.5,1,1,GGCCGGATGTTTTCGAGTTA,0,4803229
ygeY_predicted,0.5,1,1,GGCCGAACGTGGTTCGCTTT,0,4814654
ygeY_predicted,0.5,1,1,GGCATTATCTCCAGGTTCAC,0,4809732
ygeY_predicted,0.5,1,1,GGCATGGGTATAATAGGGAA,0,4800331
ygeY_predicted,0.5,1,1,GGCATCCGAAGGCCCGGCTT,0,4803891
ygeY_predicted,0.5,1,1,GGCATACGGTGGCTGACATA,0,4813462
ygeY_predicted,0.5,1,1,GGCACATATCAAGAGTAACG,0,4798190
ygeY_predicted,0.5,1,1,GGATGTAGCATGGTGTCTGC,0,4808525
ygeY_predicted,0.5,1,1,GGATGCCGACTACCGCCCAA,0,4798947
ygeY_predicted,0.5,1,1,GGATCTTACTGGATTAGCAA,0,4799792
ygeY_predicted,0.5,1,1,GGAGGGAAATAGCTGTGTAT,0,4804279
ygeY_predicted,0.5,1,1,GGAGGCAATAGGGATAGGTT,0,4798744
ygeY_predicted,0.5,1,1,GGAGCGAACTCGTGCCTAGT,0,4813743
ygeY_predicted,0.5,1,1,GGACTAGAAGAGGGCGCAGT,0,4816072
ygeY_predicted,0.5,1,1,GGACGAAGCACCACCCACAC,0,4799056
ygeY_predicted,0.5,1,1,GGACCGGCGCATGAAAGGGG,0,4810766
ygeY_predicted,0.5,1,1,GGACCAATCCGAATGTTGAG,0,4811911
ygeY_predicted,0.5,1,1,GGAATAGTGTGAGGCGTGTA,0,4814260
ygeY_predicted,0.5,1,1,GGAACTGAAAAATCATATGG,0,4803933
ygeY_predicted,0.5,1,1,GGAACGCTCAGGATACCTTT,0,4806380
ygeY_predicted,0.5,1,1,GGAACAAGTTGAGTTGTAAA,0,4813319
ygeY_predicted,0.5,1,1,GGAAAAACCAACGTCCATAG,0,4813417
ygeY_predicted,0.5,1,1,GCTTTGTACGGCCTCATCTC,0,4804804
ygeY_predicted,0.5,1,1,GCTTTCATACAATCACGGAG,0,4805324
ygeY_predicted,0.5,1,1,GCTTGGGGATAATCTCTGCA,0,4816185
ygeY_predicted,0.5,1,1,GCTTGGCCACAAGCCCCGAT,0,4808886
ygeY_predicted,0.5,1,1,GCTTGCGGGTGACCGTCCAA,0,4803263
ygeY_predicted,0.5,1,1,GCTTCGAACAGGACCGGTTT,0,4807639
ygeY_predicted,0.5,1,1,GCTTATTCTTTCGTATATAA,0,4807253
ygeY_predicted,0.5,1,1,GCTTATCAGCTAGTTTAGTG,0,4808236
ygeY_predicted,0.5,1,1,GCTTATACAGGCTGCTGGTT,0,4812608
ygeY_predicted,0.5,1,1,GCTTAAGAGCTACTTGCGTC,0,4816232
ygeY_predicted,0.5,1,1,GCTTAAAAACGACCCTAGCC,0,4805681
ygeY_predicted,0.5,1,1,GCTGTTGTAGGTCGCTAGTG,0,4795961
ygeY_predicted,0.5,1,1,GCTGGAAGACGTATGCACAT,0,4810034
ygeY_predicted,0.5,1,1,GCTGCCGCGAGAGGTCACTG,0,4795920
ygeY_predicted,0.5,1,1,GCTGCAGGGTGTCCCAATAT,0,4796597
ygeY_predicted,0.5,1,1,GCTCTGTAACGTCGCCTCAA,0,4798299
ygeY_predicted,0.5,1,1,GCTCTAGAGGACGCTTGGCA,0,4804186
ygeY_predicted,0.5,1,1,GCTCGTACTCTCTTAGGTGA,0,4799571
ygeY_predicted,0.5,1,1,GCTCGCACGGACGGCTCCAG,0,4816266
ygeY_predicted,0.5,1,1,GCTCCGTCTCGGAAGCAGCT,0,4806173
ygeY_predicted,0.5,1,1,GCTCATCAGGTCTTGTCAGT,0,4804055
ygeY_predicted,0.5,1,1,GCTCACCGTACATGGTACCC,0,4808892
ygeY_predicted,0.5,1,1,GCTCAATGGGAGCGGTGAAA,0,4802881
ygeY_predicted,0.5,1,1,GCTCAAAAAATCCGCGTTAT,0,4805799
ygeY_predicted,0.5,1,1,GCTATCTGCATGGCCCCGTA,0,4812661
ygeY_predicted,0.5,1,1,GCTATATTGAGTCTTGCGCA,0,4799497
ygeY_predicted,0.5,1,1,GCTAGTCTGAGTGGCTGACT,0,4811235
ygeY_predicted,0.5,1,1,GCTAGGGACCCTTTGACTCA,0,4804000
ygeY_predicted,0.5,1,1,GCGTTGGCCCGGCACGAAGA,0,4803175
ygeY_predicted,0.5,1,1,GCGTTCGAGGACAAGAACAA,0,4802298
ygeY_predicted,0.5,1,1,GCGTGTTGAGGGGTCGTATG,0,4815610
ygeY_predicted,0.5,1,1,GCGTGTGATAAAAACGTCCT,0,4796802
ygeY_predicted,0.5,1,1,GCGTGCATACGGGATGACTC,0,4806498
ygeY_predicted,0.5,1,1,GCGTGATGCACGTGCTGAAC,0,4801290
ygeY_predicted,0.5,1,1,GCGTGAGATGCAGCCTGGCA,0,4812045
ygeY_predicted,0.5,1,1,GCGTCTTCACACAATCTCAC,0,4809913
ygeY_predicted,0.5,1,1,GCGTCCTAATGATGCATGCA,0,4812217
ygeY_predicted,0.5,1,1,GCGTATCGTGGGCTATAGGT,0,4801276
ygeY_predicted,0.5,1,1,GCGGTGTGTGCTCAGCGCGA,0,4801410
ygeY_predicted,0.5,1,1,GCGGTGCTAGAAACTGTTCC,0,4798185
ygeY_predicted,0.5,1,1,GCGGGTACGGAGGCACCCGA,0,4810673
ygeY_predicted,0.5,1,1,GCGGAGTAGTCTCTCTGACT,0,4811772
ygeY_predicted,0.5,1,1,GCGGAGACCTGAGAACTTGA,0,4797174
ygeY_predicted,0.5,1,1,GCGGACGTGGTCACGCGCAG,0,4798962
ygeY_predicted,0.5,1,1,GCGGACAATCCGGTGTAACA,0,4813954
ygeY_predicted,0.5,1,1,GCGGAACACGAGCCAAATCA,0,4811959
ygeY_predicted,0.5,1,1,GCGCTTGCTCACGTAACGTG,0,4815598
ygeY_predicted,0.5,1,1,GCGCTCACATAGGATATTAT,0,4803082
ygeY_predicted,0.5,1,1,GCGCTACCGATAACGAGAAG,0,4797788
ygeY_predicted,0.5,1,1,GCGCGCAGGATTGCTCTCAA,0,4809585
ygeY_predicted,0.5,1,1,GCGCCGTCTGCCTATGAGCA,0,4809273
ygeY_predicted,0.5,1,1,GCGCAGTGCCTACCAAATTC,0,4799312
ygeY_predicted,0.5,1,1,GCGATGATAAGAACCGTAGT,0,4814057
ygeY_predicted,0.5,1,1,GCGAGTGTTCGGTAGAACGA,0,4798148
ygeY_predicted,0.5,1,1,GCGAGTCACTCGAATTAGTA,0,4807601
ygeY_predicted,0.5,1,1,GCGACTCATAGTTAGGCGAC,0,4801855
ygeY_predicted,0.5,1,1,GCCTTCTGTTAGCGAACCAG,0,4799034
ygeY_predicted,0.5,1,1,GCCTGGCCGACGACTCGAGG,0,4800668
ygeY_predicted,0.5,1,1,GCCTGCCCTTGGAGCGTGGT,0,4809644
ygeY_predicted,0.5,1,1,GCCTACGCCCGGTACTTTAC,0,4800182
ygeY_predicted,0.5,1,1,GCCTAAGTGTTTTTACCACC,0,4811688
ygeY_predicted,0.5,1,1,GCCGTAACGAACTCTTTTTT,0,4799739
ygeY_predicted,0.5,1,1,GCCGCTCGCTGACCACGTAA,0,4812583
ygeY_predicted,0.5,1,1,GCCGCGCCTAGCATACAGAA,0,4810196
ygeY_predicted,0.5,1,1,GCCGATGATGGTGGGGCATT,0,4800400
ygeY_predicted,0.5,1,1,GCCGAGGAAGAATAGCTTTG,0,4805511
ygeY_predicted,0.5,1,1,GCCGAACATGTCCTAAATTG,0,4797175
ygeY_predicted,0.5,1,1,GCCCGAGTTCATCTGCTATT,0,4799296
ygeY_predicted,0.5,1,1,GCCCCGCGGTAGATACTTCG,0,4796138
ygeY_predicted,0.5,1,1,GCCCATACCTGTACAATGGG,0,4802051
ygeY_predicted,0.5,1,1,GCCCAGAATTTGTTTAGTGA,0,4813607
ygeY_predicted,0.5,1,1,GCCAGCGCATATACCTGGTG,0,4816130
ygeY_predicted,0.5,1,1,GCCAGATTGGGGGGGATCGC,0,4815177
ygeY_predicted,0.5,1,1,GCCACTAGATACCCTTCCAA,0,4813326
ygeY_predicted,0.5,1,1,GCCACTACTGGATTTTACAC,0,4802290
ygeY_predicted,0.5,1,1,GCCACAGATACCGAGACAAA,0,4810325
ygeY_predicted,0.5,1,1,GCCAATTCGTCCGAGGGAAG,0,4798742
ygeY_predicted,0.5,1,1,GCATTGCCTCGGCTACACGT,0,4807217
ygeY_predicted,0.5,1,1,GCATGCTGAAAGACTGGGGT,0,4803825
ygeY_predicted,0.5,1,1,GCATCCAATACGTAGACCCG,0,4806999
ygeY_predicted,0.5,1,1,GCATCCAAACTTCCCCCTTC,0,4795216
ygeY_predicted,0.5,1,1,GCAGTATGACCGGTTGTGGG,0,4796642
ygeY_predicted,0.5,1,1,GCAGTACGGTTCAAGTAGTT,0,4807163
ygeY_predicted,0.5,1,1,GCAGAGGCCGATCATGGTTG,0,4800833
ygeY_predicted,0.5,1,1,GCACTTGTATGCAAATACTG,0,4798961
ygeY_predicted,0.5,1,1,GCACTCTACTGGATGCAGAA,0,4809524
ygeY_predicted,0.5,1,1,GCACGTCTTGCGATGCGGTT,0,4811794
ygeY_predicted,0.5,1,1,GCACCTGTATACATGCTCAT,0,4804765
ygeY_predicted,0.5,1,1,GCACCCCACACCTCAAGTGG,0,4798527
ygeY_predicted,0.5,1,1,GCAATGGTGAGGGGGGAAAA,0,4803589
ygeY_predicted,0.5,1,1,GCAATGAGTTCGAGGTTGCG,0,4809136
ygeY_predicted,0.5,1,1,GCAAGATCTACCCTCCAGCG,0,4812696
ygeY_predicted,0.5,1,1,GCAAGAGGCTGAATCCGATG,0,4798221
ygeY_predicted,0.5,1,1,GCAACGTGCTTGTGGGTCGT,0,4801314
ygeY_predicted,0.5,1,1,GCAACGCAGCGGGGCGCGAA,0,4808990
ygeY_predicted,0.5,1,1,GCAAAGATTCGGAAACATCC,0,4801862
ygeY_predicted,0.5,1,1,GCAAAAGACGCGACCCCTGC,0,4812218
ygeY_predicted,0.5,1,1,GATTTAGAGGTGAGTATAGA,0,4808334
ygeY_predicted,0.5,1,1,GATTGTTTACACGCGGAACT,0,4807447
ygeY_predicted,0.5,1,1,GATTGGGACAACGATTACTA,0,4806206
ygeY_predicted,0.5,1,1,GATTGAACCGGGGGGGGTAT,0,4806634
ygeY_predicted,0.5,1,1,GATTCTATCTGGGGAGCCCT,0,4812756
ygeY_predicted,0.5,1,1,GATTCCGTAGGCTGAACCGC,0,4800525
ygeY_predicted,0.5,1,1,GATTCAATACATGCAATCTG,0,4802086
ygeY_predicted,0.5,1,1,GATTAGACGTACCAGTGGGT,0,4803187
ygeY_predicted,0.5,1,1,GATGTCCAAGACTGTATGTT,0,4795173
ygeY_predicted,0.5,1,1,GATGGCTAAAGGCGCATAAT,0,4795605
ygeY_predicted,0.5,1,1,GATGGCGGGGGAAACTTCTT,0,4808802
ygeY_predicted,0.5,1,1,GATGGCACTCAAAGTAGCCC,0,4806674
ygeY_predicted,0.5,1,1,GATGCTCACGACCTGAGCAA,0,4805008
ygeY_predicted,0.5,1,1,GATGCGTCTTAAGGCGAATA,0,4796672
ygeY_predicted,0.5,1,1,GATGCCAAAGGCTCCAATAC,0,4804771
ygeY_predicted,0.5,1,1,GATCTCAGGGCGCGAAATCC,0,4803212
ygeY_predicted,0.5,1,1,GATCCTTTCGGACTTTCGAT,0,4810558
ygeY_predicted,0.5,1,1,GATCCTTCCCATACGTGCTT,0,4807503
ygeY_predicted,0.5,1,1,GATCAACTACGTGTCTAGAT,0,4807689
ygeY_predicted,0.5,1,1,GATAGTTGTCAATCTTGGAT,0,4812480
ygeY_predicted,0.5,1,1,GATAGGGGACCGGGTGGAAC,0,4813643
ygeY_predicted,0.5,1,1,GATAGCTGGTGCCGAAAGCG,0,4811583
ygeY_predicted,0.5,1,1,GATACTCGCTCTGATAGCGA,0,4798394
ygeY_predicted,0.5,1,1,GAGTGTCAAAGCCTCATGAT,0,4815467
ygeY_predicted,0.5,1,1,GAGTATTAGCGCATCAGCTA,0,4800201
ygeY_predicted,0.5,1,1,GAGTAGAAATGCTAACGAAG,0,4798983
ygeY_predicted,0.5,1,1,GAGGGTCGTTTCACCACACA,0,4807407
ygeY_predicted,0.5,1,1,GAGGCGTATTGCTAGTTCTA,0,4800286
ygeY_predicted,0.5,1,1,GAGGCCATCCATGTACGTCA,0,4809466
ygeY_predicted,0.5,1,1,GAGGCCAGCGGATGCATTAC,0,4812506
ygeY_predicted,0.5,1,1,GAGGCATGCTTTGAGCTTAT,0,4815999
ygeY_predicted,0.5,1,1,GAGGAAGAACCCTCTGTGTC,0,4804386
ygeY_predicted,0.5,1,1,GAGCTAGGCTACACCGGCCT,0,4798273
ygeY_predicted,0.5,1,1,GAGCGTTCCACCGAGCCTCA,0,4812595
ygeY_predicted,0.5,1,1,GAGCGTGCTCTCACCGACCC,0,4809577
ygeY_predicted,0.5,1,1,GAGCGGGGTAACCCGAGACT,0,4806309
ygeY_predicted,0.5,1,1,GAGCCGGACTACGTTCTCAT,0,4801801
ygeY_predicted,0.5,1,1,GAGCCATGTGGTCACCAGCC,0,4808402
ygeY_predicted,0.5,1,1,GAGCACAAAAGGTATTGCTA,0,4798559
ygeY_predicted,0.5,1,1,GAGATAATGCTGGCTCGATC,0,4800093
ygeY_predicted,0.5,1,1,GAGAGCTGAGGGATATGATG,0,4811262
ygeY_predicted,0.5,1,1,GAGAAGACTTCCAGCCTATA,0,4805067
ygeY_predicted,0.5,1,1,GAGAACTTTTAGACCGTCCA,0,4813323
ygeY_predicted,0.5,1,1,GACTTCATTTATCCGGCTCT,0,4806144
ygeY_predicted,0.5,1,1,GACTTATGCCTCGCGGCGTT,0,4796227
ygeY_predicted,0.5,1,1,GACTGGCGAAGCGTTTTGGA,0,4795679
ygeY_predicted,0.5,1,1,GACTGCTAGCAAGTTAGTCT,0,4803760
ygeY_predicted,0.5,1,1,GACTGCATGATTAATGCAGT,0,4808793
ygeY_predicted,0.5,1,1,GACTAGGACTCGTCTTACAT,0,4813935
ygeY_predicted,0.5,1,1,GACCCAGGAACCACACAATC,0,4800964
ygeY_predicted,0.5,1,1,GACATCAGCTCTTGCCGTCA,0,4797491
ygeY_predicted,0.5,1,1,GACAGGGGCAGGGTAACAAG,0,4797036
ygeY_predicted,0.5,1,1,GACAGCTCACAAGCAAAATC,0,4807852
ygeY_predicted,0.5,1,1,GACACGTCGCGCTGGCGCGG,0,4802699
ygeY_predicted,0.5,1,1,GACACGCCGTCACCAATTAT,0,4810225
ygeY_predicted,0.5,1,1,GAATGGATACATCTGGTGAC,0,4803631
ygeY_predicted,0.5,1,1,GAATGAATCTCGTGGAAACC,0,4811868
ygeY_predicted,0.5,1,1,GAATCTTTCCCACTCATACT,0,4810820
ygeY_predicted,0.5,1,1,GAATCTTGTATATGTTGGAT,0,4797518
ygeY_predicted,0.5,1,1,GAATCGGTCCGGCTTCGATG,0,4800924
ygeY_predicted,0.5,1,1,GAATCGCTACTCTGGTGAAT,0,4805110
ygeY_predicted,0.5,1,1,GAAGTCACTAATATCACCGT,0,4812240
ygeY_predicted,0.5,1,1,GAAGGAGGTCCGTGTGTATT,0,4813348
ygeY_predicted,0.5,1,1,GAAGATAGGGAACCCCGCCC,0,4801241
ygeY_predicted,0.5,1,1,GAACTATAGACATGGTATGG,0,4813621
ygeY_predicted,0.5,1,1,GAACGGCGTAGGGGGCGAGA,0,4797080
ygeY_predicted,0.5,1,1,GAACGCGTGCTTGAGCAGTT,0,4801837
ygeY_predicted,0.5,1,1,GAACCTTTTAGGTCAGTGTA,0,4798735
ygeY_predicted,0.5,1,1,GAACCAACCTCGTACGTGGA,0,4816319
ygeY_predicted,0.5,1,1,GAACATACATATGTTCCTGC,0,4815447
ygeY_predicted,0.5,1,1,GAAAGTGGCCTATATGGATC,0,4803255
ygeY_predicted,0.5,1,1,GAAAGTGAGAGTGGGCTGGA,0,4797227
ygeY_predicted,0.5,1,1,GAAACGTCTCATCACTTGCA,0,4810350
ygeY_predicted,0.5,1,1,GAAAACCAGCTTCAGCGCGC,0,4799972
ygeY_predicted,0.5,1,1,CTTTTGTCGCGTTTATTCGC,0,4814086
ygeY_predicted,0.5,1,1,CTTTGGAGTTCTTATGGAGG,0,4813919
ygeY_predicted,0.5,1,1,CTTTCACATAAGAGATTTAT,0,4800790
ygeY_predicted,0.5,1,1,CTTTATAAGGCGCAATAATT,0,4802798
ygeY_predicted,0.5,1,1,CTTTAGTTTAGCTATCTGTC,0,4809309
ygeY_predicted,0.5,1,1,CTTGTGCTTGGCTCACCATT,0,4813916
ygeY_predicted,0.5,1,1,CTTGGTATATGTTATAGCAC,0,4813404
ygeY_predicted,0.5,1,1,CTTCTGTAATAGAGATAAGA,0,4808247
ygeY_predicted,0.5,1,1,CTTCTGGCGGCCCGCGGAAC,0,4814919
ygeY_predicted,0.5,1,1,CTTCTCAGGAGGTACCTCCC,0,4808607
ygeY_predicted,0.5,1,1,CTTCTCAGCGGCAAATCGAA,0,4810287
ygeY_predicted,0.5,1,1,CTTCCTCTAATGTTATCTTA,0,4813799
ygeY_predicted,0.5,1,1,CTTCCTCGACACCAACGTGT,0,4811437
ygeY_predicted,0.5,1,1,CTTCACCGTACATACGTTTG,0,4797403
ygeY_predicted,0.5,1,1,CTTCACACCCGGAATTGTCT,0,4813770
ygeY_predicted,0.5,1,1,CTTATTTTCCCTTCCCTGGT,0,4797335
ygeY_predicted,0.5,1,1,CTTATGTGGGACCACCTGTT,0,4799384
ygeY_predicted,0.5,1,1,CTTAATCCAGCCACTGACGT,0,4806326
ygeY_predicted,0.5,1,1,CTTAACGTTGACACGGTCCA,0,4807688
ygeY_predicted,0.5,1,1,CTGTTAGTTATGCCATATTC,0,4813933
ygeY_predicted,0.5,1,1,CTGTGTAATTATGCGTCGCG,0,4805646
ygeY_predicted,0.5,1,1,CTGTGGCGGGCACTCTGGCA,0,4798998
ygeY_predicted,0.5,1,1,CTGTGCATTTAGGATAATAT,0,4797079
ygeY_predicted,0.5,1,1,CTGTCAGCACCTAACGGACT,0,4798503
ygeY_predicted,0.5,1,1,CTGTACTTCCATCGTGTATA,0,4816034
ygeY_predicted,0.5,1,1,CTGGTGGCACACTCGGCCCT,0,4799573
ygeY_predicted,0.5,1,1,CTGGTACAGCGATGGTGAGA,0,4798903
ygeY_predicted,0.5,1,1,CTGGGGTGCGACGCACATGT,0,4811817
ygeY_predicted,0.5,1,1,CTGGGGATGTCGCAACGACC,0,4814386
ygeY_predicted,0.5,1,1,CTGGGAGCAGAGAGTGCAGC,0,4799173
ygeY_predicted,0.5,1,1,CTGGAAGGAATATCCATATA,0,4795332
ygeY_predicted,0.5,1,1,CTGCTGGAGGTGTTGCAGTT,0,4813626
ygeY_predicted,0.5,1,1,CTGCTCTATGTGGGCAGGTG,0,4797372
ygeY_predicted,0.5,1,1,CTGCTAGTCATTAACAGTAT,0,4810709
ygeY_predicted,0.5,1,1,CTGCGCTTGACTCTTGGATC,0,4798205
ygeY_predicted,0.5,1,1,CTGCGCTCGTGAGTGTGGAA,0,4814409
ygeY_predicted,0.5,1,1,CTGCCTAACGTACGAAGGTA,0,4814226
ygeY_predicted,0.5,1,1,CTGCAATCGAAGGTTTTGCT,0,4807003
ygeY_predicted,0.5,1,1,CTGAGACATAGGTGCGTTCG,0,4815414
ygeY_predicted,0.5,1,1,CTGAGAAGTGAGACAGGATG,0,4798275
ygeY_predicted,0.5,1,1,CTGAAGTATGAGAAGCGAAA,0,4809536
ygeY_predicted,0.5,1,1,CTGAACGAGGAATGCTTCGG,0,4809435
ygeY_predicted,0.5,1,1,CTCTTCTGTGGAAGGAGTAT,0,4808742
ygeY_predicted,0.5,1,1,CTCTGTCGGTCCTTATTATA,0,4808406
ygeY_predicted,0.5,1,1,CTCTCTAACGTCACCACTGT,0,4808875
ygeY_predicted,0.5,1,1,CTCTCCTCGGACCGTAAACT,0,4806980
ygeY_predicted,0.5,1,1,CTCTACGTACCATATATATT,0,4801107
ygeY_predicted,0.5,1,1,CTCGTTTAGGCGGAGGGTTG,0,4805225
ygeY_predicted,0.5,1,1,CTCGTCTTTCGGAGGTCAAG,0,4807258
ygeY_predicted,0.5,1,1,CTCGGTAGTAGTCATGGTTT,0,4796256
ygeY_predicted,0.5,1,1,CTCGCTATGTCTGCTCTGAA,0,4798055
ygeY_predicted,0.5,1,1,CTCCTTTCCTTTAATTATTA,0,4806147
ygeY_predicted,0.5,1,1,CTCCTTGTACCGTTCTCGAA,0,4808118
ygeY_predicted,0.5,1,1,CTCCTATTGGGGGTGTGGGA,0,4804658
ygeY_predicted,0.5,1,1,CTCCCTATTAGTAGGTCCCA,0,4798230
ygeY_predicted,0.5,1,1,CTCCATTCTAGGGGGGGCCC,0,4797605
ygeY_predicted,0.5,1,1,CTCCAGCTCTCACCACAGGA,0,4807781
ygeY_predicted,0.5,1,1,CTCATCGCGGTTAATAAGGA,0,4805721
ygeY_predicted,0.5,1,1,CTCAGGATTGACCATCTGCC,0,4798878
ygeY_predicted,0.5,1,1,CTCAGCAATGGGCGGAATTC,0,4804059
ygeY_predicted,0.5,1,1,CTCAGAAATAGTATTAACTG,0,4816343
ygeY_predicted,0.5,1,1,CTCAATTTTTTGTCGCGGCA,0,4816952
ygeY_predicted,0.5,1,1,CTCAATCCCAGACAGTCGCT,0,4816002
ygeY_predicted,0.5,1,1,CTATCGGTCCCTAGGTCGGT,0,4814096
ygeY_predicted,0.5,1,1,CTATCATGTACGAACAAAGT,0,4803874
ygeY_predicted,0.5,1,1,CTATCAGCGATCCAATAGCG,0,4805420
ygeY_predicted,0.5,1,1,CTAGTCGAGTGGATGAGCCC,0,4796349
ygeY_predicted,0.5,1,1,CTAGTCCAGCTGATTGGGGA,0,4815041
ygeY_predicted,0.5,1,1,CTAGGCTTCCATGATCGTGC,0,4797021
ygeY_predicted,0.5,1,1,CTAGGCGGTTGGGCGCTAGC,0,4797617
ygeY_predicted,0.5,1,1,CTAGCAGTTGGGCCGCGCAG,0,4795631
ygeY_predicted,0.5,1,1,CTACTTCAGCTTAGAATAGG,0,4802366
ygeY_predicted,0.5,1,1,CTACTCTTGAACAGAACTGC,0,4797622
ygeY_predicted,0.5,1,1,CTACTAGGCCTAACGCGTAC,0,4807705
ygeY_predicted,0.5,1,1,CTACATGCATGCCGGCGTTG,0,4810080
ygeY_predicted,0.5,1,1,CTAATGTCAGTTGTAAAGTC,0,4799311
ygeY_predicted,0.5,1,1,CTAAGGCAAGATGTGCCACT,0,4797614
ygeY_predicted,0.5,1,1,CTAAGCTCAGAGCGAAGTTC,0,4802600
ygeY_predicted,0.5,1,1,CTAAGAACGGGGTTCCAGGA,0,4795854
ygeY_predicted,0.5,1,1,CGTTTTGATTCCTAGAATGT,0,4813733
ygeY_predicted,0.5,1,1,CGTTTTCTACCGGCTGTGTA,0,4803740
ygeY_predicted,0.5,1,1,CGTTTGCGCGCGTATTACTT,0,4810319
ygeY_predicted,0.5,1,1,CGTTGTCGAGTGAGTGGTCT,0,4812030
ygeY_predicted,0.5,1,1,CGTGTGACGTGGAGAGGTTC,0,4810250
ygeY_predicted,0.5,1,1,CGTGGGTGGCATGTCGCGGG,0,4798740
ygeY_predicted,0.5,1,1,CGTGCAGTCAACGGCGTTCC,0,4815649
ygeY_predicted,0.5,1,1,CGTGCAAGGACGTTTTCTAC,0,4806490
ygeY_predicted,0.5,1,1,CGTCCTCTCAGACGACATAA,0,4804929
ygeY_predicted,0.5,1,1,CGTCAGGCCCACATACGCCA,0,4806378
ygeY_predicted,0.5,1,1,CGTATCGAATAACGGAAATC,0,4809850
ygeY_predicted,0.5,1,1,CGTACCGATATATTTTGGGT,0,4795250
ygeY_predicted,0.5,1,1,CGTAAGCCTGCGAAATTCAA,0,4816967
ygeY_predicted,0.5,1,1,CGTAACAATGTGGATCACAG,0,4797497
ygeY_predicted,0.5,1,1,CGGTGGAGCATGCACAATTT,0,4816832
ygeY_predicted,0.5,1,1,CGGTGCAGGGTTAATCTAGA,0,4810663
ygeY_predicted,0.5,1,1,CGGTGATCAATTATGCTGGT,0,4799143
ygeY_predicted,0.5,1,1,CGGTACTTAGAGCGAGTATC,0,4809140
ygeY_predicted,0.5,1,1,CGGGTACCTTATACCTTGGC,0,4808986
ygeY_predicted,0.5,1,1,CGGGGACCTTTCCAGGAACA,0,4809998
ygeY_predicted,0.5,1,1,CGGGGAAGGGGTAGGGGCGC,0,4814438
ygeY_predicted,0.5,1,1,CGGCGTTAAACCCGGTTCGT,0,4816675
ygeY_predicted,0.5,1,1,CGGCCTTTTTGGAGGAACGG,0,4813742
ygeY_predicted,0.5,1,1,CGGCAATGCTAAGGACTCGA,0,4802704
ygeY_predicted,0.5,1,1,CGGATTGTAGTGGAGTGCAG,0,4796973
ygeY_predicted,0.5,1,1,CGGATCGGCCGCAAACCCCT,0,4796853
ygeY_predicted,0.5,1,1,CGGATAGGGTCTCTGGCAGA,0,4808140
ygeY_predicted,0.5,1,1,CGGAGTCTGGTTTTACTCCT,0,4815949
ygeY_predicted,0.5,1,1,CGGAGTAGTCAGGGATTATG,0,4797738
ygeY_predicted,0.5,1,1,CGGAGGGCTAATTGAGTTGA,0,4796946
ygeY_predicted,0.5,1,1,CGGACTACCACGCTCAAACG,0,4795763
ygeY_predicted,0.5,1,1,CGGACATATCAGGTATCGAT,0,4807457
ygeY_predicted,0.5,1,1,CGGACAATTCGCACTCTCAT,0,4804447
ygeY_predicted,0.5,1,1,CGGAAAGGTGTCCGGGTGGG,0,4796359
ygeY_predicted,0.5,1,1,CGCTTGGACAGCGTCAAGGC,0,4800710
ygeY_predicted,0.5,1,1,CGCTTAAAAGTTGTCCGGAG,0,4808219
ygeY_predicted,0.5,1,1,CGCTCGTAGGAGATGGCTTT,0,4797470
ygeY_predicted,0.5,1,1,CGCTCGCATAGGAGTATAGA,0,4812594
ygeY_predicted,0.5,1,1,CGCTATCTCATTTTGTAATT,0,4804421
ygeY_predicted,0.5,1,1,CGCTAATGGCGGGATAATTA,0,4803298
ygeY_predicted,0.5,1,1,CGCGTCGTCAACTATAAGGT,0,4805091
ygeY_predicted,0.5,1,1,CGCGACTGGCGAACTCTCGA,0,4803117
ygeY_predicted,0.5,1,1,CGCCTATCGTCCTCGCTAAC,0,4804819
ygeY_predicted,0.5,1,1,CGCCGGAGCAAGGCATTCAC,0,4805783
ygeY_predicted,0.5,1,1,CGCCCGAGGCACTCCTTGTC,0,4797934
ygeY_predicted,0.5,1,1,CGCCCCGTTGACAGTCTTGT,0,4806551
ygeY_predicted,0.5,1,1,CGCCCAGCCCTGAGTGGAGG,0,4802722
ygeY_predicted,0.5,1,1,CGCCAAGTGTCGGATAGTTG,0,4800947
ygeY_predicted,0.5,1,1,CGCATTTGCACGCCGCAAGA,0,4802626
ygeY_predicted,0.5,1,1,CGCATTATAGGCCTCAAGGG,0,4800601
ygeY_predicted,0.5,1,1,CGCATAATCCGACATGTTTT,0,4801006
ygeY_predicted,0.5,1,1,CGCACTGTGCCCGTCTGGAC,0,4811881
ygeY_predicted,0.5,1,1,CGCACGCCGTATGGGGCTAC,0,4809951
ygeY_predicted,0.5,1,1,CGCACAAGGCATATGGCGGC,0,4812986
ygeY_predicted,0.5,1,1,CGCAATGTACCAGGGGTAGT,0,4808858
ygeY_predicted,0.5,1,1,CGCAAGGATCCAGCTCAAAG,0,4803645
ygeY_predicted,0.5,1,1,CGCAAACTTCGGAACGGAAT,0,4812700
ygeY_predicted,0.5,1,1,CGATTCGCGTACCCCTACAC,0,4802676
ygeY_predicted,0.5,1,1,CGATTCCTTGAATTTACCAA,0,4816564
ygeY_predicted,0.5,1,1,CGATTATTCCGGCAGTATCA,0,4795049
ygeY_predicted,0.5,1,1,CGATCACTCCAGCTCGTCCA,0,4802142
ygeY_predicted,0.5,1,1,CGATAAGTTTTATTCTAAAA,0,4798645
ygeY_predicted,0.5,1,1,CGAGTTTTCGCGCGGTGAGG,0,4814752
ygeY_predicted,0.5,1,1,CGAGTACACCCTAGGAGCTT,0,4802866
ygeY_predicted,0.5,1,1,CGAGATGTGGGTGGGAGTGA,0,4816505
ygeY_predicted,0.5,1,1,CGAGATACGCCGACGGAAGG,0,4795493
ygeY_predicted,0.5,1,1,CGACTTTCTCGACGGCAAGC,0,4796345
ygeY_predicted,0.5,1,1,CGACTCCGCACCAAGCTTCC,0,4814665
ygeY_predicted,0.5,1,1,CGACGTTTACTCATCGTTTA,0,4816107
ygeY_predicted,0.5,1,1,CGACGGTGTCGTATGTGCCT,0,4813874
ygeY_predicted,0.5,1,1,CGACCCAACAAGCCATAACT,0,4810876
ygeY_predicted,0.5,1,1,CGACCAATACCTGACGTGTA,0,4803464
ygeY_predicted,0.5,1,1,CGACAGTGAGAGCAGGCCAC,0,4796617
ygeY_predicted,0.5,1,1,CGACAGCTCACGTCATCATC,0,4802614
ygeY_predicted,0.5,1,1,CGACAGCTATGATGTTGCAT,0,4802388
ygeY_predicted,0.5,1,1,CGACACTCCTTCACCGGAAT,0,4799579
ygeY_predicted,0.5,1,1,CGAACGAGTGGAGTTAGGTT,0,4811712
ygeY_predicted,0.5,1,1,CGAAATCGAAATTGTTGTTT,0,4814398
ygeY_predicted,0.5,1,1,CGAAAGGTGAACCAGATCGG,0,4816592
ygeY_predicted,0.5,1,1,CCTTTGAGCGTAACGTCCGG,0,4804780
ygeY_predicted,0.5,1,1,CCTTGCAGGATAGCGCTGGT,0,4810027
ygeY_predicted,0.5,1,1,CCTGTTAAAATGGCTAGTGG,0,4795627
ygeY_predicted,0.5,1,1,CCTGAGCGTAGAAAACGGAT,0,4811050
ygeY_predicted,0.5,1,1,CCTCTCAATTCCCGCTGGTG,0,4802455
ygeY_predicted,0.5,1,1,CCTCAGTTCAATATCTAGAA,0,4811220
ygeY_predicted,0.5,1,1,CCTAGGGGATGCGAATCAGG,0,4810056
ygeY_predicted,0.5,1,1,CCTACCGGCTTAGTCCTTCT,0,4816412
ygeY_predicted,0.5,1,1,CCTAAACCAGGCAGTAGCTC,0,4807458
ygeY_predicted,0.5,1,1,CCTAAACAGCTGACTATATG,0,4802084
ygeY_predicted,0.5,1,1,CCTAAAAAATTACAAGTGGA,0,4808499
ygeY_predicted,0.5,1,1,CCGTTTGTTACGCTATGCAA,0,4800208
ygeY_predicted,0.5,1,1,CCGTTTCGAGGCATATCGAG,0,4810124
ygeY_predicted,0.5,1,1,CCGTTGTAAACGGATCCAGT,0,4797922
ygeY_predicted,0.5,1,1,CCGTGGCGAGATCTAGCTGC,0,4814516
ygeY_predicted,0.5,1,1,CCGTGCTAAGATCTGCTACT,0,4808724
ygeY_predicted,0.5,1,1,CCGTCAACTTTGAAGGAACA,0,4813121
ygeY_predicted,0.5,1,1,CCGTAAGGCAATAAGGTCCG,0,4813532
ygeY_predicted,0.5,1,1,CCGGTGCTTATGGGTTAAAC,0,4802128
ygeY_predicted,0.5,1,1,CCGGGTAACATTTGTGCATC,0,4795097
ygeY_predicted,0.5,1,1,CCGGGGTACTAAGACCGTGA,0,4814533
ygeY_predicted,0.5,1,1,CCGGGGAGTATCCTGGGAGC,0,4798232
ygeY_predicted,0.5,1,1,CCGGGAGACTCAATAGCCAG,0,4813782
ygeY_predicted,0.5,1,1,CCGGCCGTTTACCAATTTAC,0,4811638
ygeY_predicted,0.5,1,1,CCGGCCAGGAACGATAGTCA,0,4800524
ygeY_predicted,0.5,1,1,CCGGATCAGAAAAGTGCGGG,0,4814720
ygeY_predicted,0.5,1,1,CCGCTGGGTAGTTCCAGGCG,0,4796557
ygeY_predicted,0.5,1,1,CCGCGCATTACTAGGCCCGT,0,4809243
ygeY_predicted,0.5,1,1,CCGCCTCTGATTACGGGAGG,0,4816814
ygeY_predicted,0.5,1,1,CCGCCCGCCCTCTATAGACG,0,4796723
ygeY_predicted,0.5,1,1,CCGCAGTCTATATGTCCTGA,0,4801142
ygeY_predicted,0.5,1,1,CCGCACCCCAGGATGGGTGG,0,4816685
ygeY_predicted,0.5,1,1,CCGATAACCGCGGTATTAGG,0,4802274
ygeY_predicted,0.5,1,1,CCGAGACGCGCCTGGGCACT,0,4797849
ygeY_predicted,0.5,1,1,CCGAGAAAAGATACATGCAT,0,4802539
ygeY_predicted,0.5,1,1,CCGACTTTTCATGCTAACGC,0,4811403
ygeY_predicted,0.5,1,1,CCGACGAGCAGCTGGGACGT,0,4799983
ygeY_predicted,0.5,1,1,CCGAAGTGGGGTCCGCGGTA,0,4806100
ygeY_predicted,0.5,1,1,CCGAACACGTGATCGGGAGT,0,4815175
ygeY_predicted,0.5,1,1,CCCTTTGCCGAGCGTAGAGA,0,4798544
ygeY_predicted,0.5,1,1,CCCTTCGCTAGTGCCCGTAC,0,4811490
ygeY_predicted,0.5,1,1,CCCTGGTTTGAAGGCAAGAG,0,4810644
ygeY_predicted,0.5,1,1,CCCTAGGTCACGGCCTTATC,0,4803640
ygeY_predicted,0.5,1,1,CCCGTTACACGTGGGACGGC,0,4803070
ygeY_predicted,0.5,1,1,CCCGTAGCCCACAGCGTCGC,0,4795801
ygeY_predicted,0.5,1,1,CCCGGGTTACATAAATCCCA,0,4799122
ygeY_predicted,0.5,1,1,CCCGGAATAGTTCCTACACG,0,4812192
ygeY_predicted,0.5,1,1,CCCGCTTCGCGCATATCATT,0,4805561
ygeY_predicted,0.5,1,1,CCCGCGTCGCCATAGCGATG,0,4808178
ygeY_predicted,0.5,1,1,CCCGCCCTTGCTACCTACGA,0,4799023
ygeY_predicted,0.5,1,1,CCCGCAGAGGAATCTCGACC,0,4807425
ygeY_predicted,0.5,1,1,CCCCTGTACGAGCCGATAGG,0,4811060
ygeY_predicted,0.5,1,1,CCCCGCTACTTTATGTTTAC,0,4799463
ygeY_predicted,0.5,1,1,CCCCGATACCCTCTGGATTG,0,4813151
ygeY_predicted,0.5,1,1,CCCCGAGGCATAATTTGGCG,0,4809330
ygeY_predicted,0.5,1,1,CCCCATTGCACCTTGCCAAT,0,4811112
ygeY_predicted,0.5,1,1,CCCATGTGCTTTCAAGTGCA,0,4799416
ygeY_predicted,0.5,1,1,CCCAGCTGCCCCTGCACAAA,0,4796674
ygeY_predicted,0.5,1,1,CCCACTAATCAGACTCTGCG,0,4808948
ygeY_predicted,0.5,1,1,CCCACGAAATCGTTAGAGTT,0,4800229
ygeY_predicted,0.5,1,1,CCCAAATGTAAGGCCGAAGC,0,4815174
ygeY_predicted,0.5,1,1,CCATTAAAAGCTTCATTGAT,0,4798040
ygeY_predicted,0.5,1,1,CCATCAAACGGTGGTAAAAC,0,4815023
ygeY_predicted,0.5,1,1,CCAGTGTTACCGTTTATCAT,0,4804543
ygeY_predicted,0.5,1,1,CCAGGAGGCTCCAAGCAATT,0,4805533
ygeY_predicted,0.5,1,1,CCACGGGGTTCGTGAGTAAA,0,4809346
ygeY_predicted,0.5,1,1,CCACCCTAGTGGGCCGGTCG,0,4804121
ygeY_predicted,0.5,1,1,CCACATGTATGCGTAGTCGC,0,4810774
ygeY_predicted,0.5,1,1,CCACACCTTCAGGTACCACA,0,4813106
ygeY_predicted,0.5,1,1,CCACACCAAGCCGTGGCAAC,0,4808985
ygeY_predicted,0.5,1,1,CCAATCGCCTAAGATTAATC,0,4801542
ygeY_predicted,0.5,1,1,CCAATAGCAGCACCGTTGCA,0,4810402
ygeY_predicted,0.5,1,1,CCAAGGGTAACCTATGCATG,0,4813725
ygeY_predicted,0.5,1,1,CCAAATGTGCGCGGGGGCAC,0,4804958
ygeY_predicted,0.5,1,1,CCAAAGGTGGATAGTATATC,0,4809375
ygeY_predicted,0.5,1,1,CATTTCTACTATCAACCCTG,0,4798950
ygeY_predicted,0.5,1,1,CATTAGTCGCCATCGATGGG,0,4815190
ygeY_predicted,0.5,1,1,CATTAATGTTCCTCTGCGCC,0,4812265
ygeY_predicted,0.5,1,1,CATGGCCTGCCCTATTCGGC,0,4802803
ygeY_predicted,0.5,1,1,CATGGATCAGCACAAGCCGA,0,4798937
ygeY_predicted,0.5,1,1,CATGAATAGCTCGAGCCAGT,0,4796142
ygeY_predicted,0.5,1,1,CATCTTGGGTTTAAAGTCAG,0,4806248
ygeY_predicted,0.5,1,1,CATCGGGTCACGTAATGCCA,0,4802459
ygeY_predicted,0.5,1,1,CATATATATACCGTCGGAGG,0,4815004
ygeY_predicted,0.5,1,1,CATAGTATTTTTACCTTTCA,0,4800506
ygeY_predicted,0.5,1,1,CATAGTAACCTGCAATGATT,0,4803295
ygeY_predicted,0.5,1,1,CATACCATATAGTCTCTTCT,0,4813155
ygeY_predicted,0.5,1,1,CATAAGCACTTGTATGTATT,0,4809003
ygeY_predicted,0.5,1,1,CAGTTTACCGCACCGCGACT,0,4813936
ygeY_predicted,0.5,1,1,CAGTTCGGCGTGTTTTGTTC,0,4805177
ygeY_predicted,0.5,1,1,CAGTTCGATGATAAAGGTCA,0,4798161
ygeY_predicted,0.5,1,1,CAGTCTTGGCTCTATGATAA,0,4810290
ygeY_predicted,0.5,1,1,CAGTCTAGCAATGTTCGGTC,0,4799803
ygeY_predicted,0.5,1,1,CAGTATGTAAACTCTATCAA,0,4804196
ygeY_predicted,0.5,1,1,CAGGCGAGACTGCTTTTTCT,0,4802890
ygeY_predicted,0.5,1,1,CAGGCGAATTATAGCTTTTC,0,4804580
ygeY_predicted,0.5,1,1,CAGGCCACCTGTACCGCGAG,0,4802036
ygeY_predicted,0.5,1,1,CAGCTGGTACACGGAGTAGT,0,4803018
ygeY_predicted,0.5,1,1,CAGCTAATAACGTAGTTAAG,0,4810999
ygeY_predicted,0.5,1,1,CAGCCTGAAAGTCTGCTAGC,0,4811752
ygeY_predicted,0.5,1,1,CAGCATTGGATTGTCGTGAC,0,4802173
ygeY_predicted,0.5,1,1,CAGATCTTCGTCCTGCGCTC,0,4806836
ygeY_predicted,0.5,1,1,CAGATCTCAGTCCATTTCAA,0,4810783
ygeY_predicted,0.5,1,1,CAGAGGGCGGGATGTGCGCC,0,4803378
ygeY_predicted,0.5,1,1,CAGAGCTTCATCGCTCCCCA,0,4798607
ygeY_predicted,0.5,1,1,CAGAGCCGTACGTAACTCCC,0,4816759
ygeY_predicted,0.5,1,1,CACTTTCATCTTTCGCTAGA,0,4810947
ygeY_predicted,0.5,1,1,CACTGAGTCCTAGACCCTGG,0,4809280
ygeY_predicted,0.5,1,1,CACTGAAACACCGACACATA,0,4810793
ygeY_predicted,0.5,1,1,CACTCCGTTAGTATAAAAAA,0,4800961
ygeY_predicted,0.5,1,1,CACTCCCCTGGTAGTCCAAG,0,4798489
ygeY_predicted,0.5,1,1,CACTACGAGGAGTTTGTAGC,0,4798217
ygeY_predicted,0.5,1,1,CACGTGCTTCATTCTACCGA,0,4814447
ygeY_predicted,0.5,1,1,CACGTCTGGTGGGTTAGAAG,0,4808292
ygeY_predicted,0.5,1,1,CACGATCTTGAGCCCTGCAG,0,4815511
ygeY_predicted,0.5,1,1,CACGAGAGGTCACTTTCTAC,0,4808249
ygeY_predicted,0.5,1,1,CACATTTTTATCTTTAGACC,0,4815856
ygeY_predicted,0.5,1,1,CACATGACGCCCTGGCCCGT,0,4797449
ygeY_predicted,0.5,1,1,CACAGATCTGGGGTTATCCT,0,4811169
ygeY_predicted,0.5,1,1,CACAGAGATCTCCTCTGAAT,0,4808583
ygeY_predicted,0.5,1,1,CACACGGGCGACGTTTGACG,0,4801150
ygeY_predicted,0.5,1,1,CACACATATGATGTTCTCAG,0,4811449
ygeY_predicted,0.5,1,1,CACAATCGTCGTTCGAGCGT,0,4807489
ygeY_predicted,0.5,1,1,CAATTTCGAACTCCACGTAG,0,4805576
ygeY_predicted,0.5,1,1,CAATGCCATGCACCGCGGGT,0,4805956
ygeY_predicted,0.5,1,1,CAATCTTCTGTAGTATCCTC,0,4809768
ygeY_predicted,0.5,1,1,CAATCTTCCACAGGCATATG,0,4799738
ygeY_predicted,0.5,1,1,CAATCTCCGGAACGGGTGCG,0,4796952
ygeY_predicted,0.5,1,1,CAATCTCATGAGAGGTTTTA,0,4812708
ygeY_predicted,0.5,1,1,CAAGTCAATTGAGCTACCCA,0,4806015
ygeY_predicted,0.5,1,1,CAAGTAAACTCCCTGTTGTT,0,4806829
ygeY_predicted,0.5,1,1,CAAGAGACGTCCCGCGCTCA,0,4814678
ygeY_predicted,0.5,1,1,CAAGACTGCCGGTGACCTGC,0,4807653
ygeY_predicted,0.5,1,1,CAACTGCTAGCCAACCGCAA,0,4807681
ygeY_predicted,0.5,1,1,CAACTCGAGAAATTGAGATA,0,4796493
ygeY_predicted,0.5,1,1,CAACGGTGTACAACGCGTCA,0,4797268
ygeY_predicted,0.5,1,1,CAACGCCCAAAGGGAAGCTG,0,4811430
ygeY_predicted,0.5,1,1,CAACGACGGGTCACAGGGTT,0,4810780
ygeY_predicted,0.5,1,1,CAACATTATCGTCGAGCACG,0,4797329
ygeY_predicted,0.5,1,1,CAAATCCCTCCAAGACACCG,0,4802538
ygeY_predicted,0.5,1,1,CAAACTAACTTAAGTTTACA,0,4811275
ygeY_predicted,0.5,1,1,CAAACAACGCCATTTATGAT,0,4812770
ygeY_predicted,0.5,1,1,CAAAAACTGGCTGAGACGCT,0,4799522
ygeY_predicted,0.5,1,1,ATTTTTCCTTATGTACGGAT,0,4814894
ygeY_predicted,0.5,1,1,ATTTTCTCTGTAACTATAGC,0,4806762
ygeY_predicted,0.5,1,1,ATTTTATTGCTTATTCTTTG,0,4807791
ygeY_predicted,0.5,1,1,ATTTCGCAATCCGCGTAGCC,0,4807073
ygeY_predicted,0.5,1,1,ATTTCCCATCCCGATCCTAT,0,4796701
ygeY_predicted,0.5,1,1,ATTTAATGGGGGCTGCTAGC,0,4812574
ygeY_predicted,0.5,1,1,ATTGTTCGTGTCGCTTAACT,0,4810503
ygeY_predicted,0.5,1,1,ATTGTGTGTCGGCCAGCGAG,0,4805450
ygeY_predicted,0.5,1,1,ATTGCGCCCTATCTTACAAG,0,4800154
ygeY_predicted,0.5,1,1,ATTGCAATTGTCGGATAACA,0,4795384
ygeY_predicted,0.5,1,1,ATTGATCATTTACTGGCATT,0,4806908
ygeY_predicted,0.5,1,1,ATTCCCCTAACACTATACTT,0,4801780
ygeY_predicted,0.5,1,1,ATTCCCACACCCCGACACCA,0,4815283
ygeY_predicted,0.5,1,1,ATTCCACCGAGAGTGTGCCC,0,4806080
ygeY_predicted,0.5,1,1,ATTCCAAAGTTAACGTTGAG,0,4802838
ygeY_predicted,0.5,1,1,ATTATAGCCCTCGGCCTCAG,0,4799109
ygeY_predicted,0.5,1,1,ATTAGCGATCCACTGGTTTG,0,4803476
ygeY_predicted,0.5,1,1,ATTAGCATACGAATATCTTC,0,4802449
ygeY_predicted,0.5,1,1,ATTACGAACCTCTGGCGCGC,0,4808571
ygeY_predicted,0.5,1,1,ATTACAGGGTATATTCTTGT,0,4803880
ygeY_predicted,0.5,1,1,ATTAATGTGCGATGCACACT,0,4811146
ygeY_predicted,0.5,1,1,ATTAACCGTATATGGCTCCA,0,4795966
ygeY_predicted,0.5,1,1,ATGTTTTTAAGACGTAATCA,0,4803497
ygeY_predicted,0.5,1,1,ATGTTCATTGCAATAGTATA,0,4806219
ygeY_predicted,0.5,1,1,ATGTGTTTTTGACGTTATGT,0,4806454
ygeY_predicted,0.5,1,1,ATGGTGTTGAGAATAAAGCT,0,4796169
ygeY_predicted,0.5,1,1,ATGGTCCAGGTGGGTATAGA,0,4797610
ygeY_predicted,0.5,1,1,ATGGTCACCTTTTGTTGGTT,0,4812071
ygeY_predicted,0.5,1,1,ATGGGGGAGATCGTAGACCT,0,4798860
ygeY_predicted,0.5,1,1,ATGGCGTCTTAAACAAGGGA,0,4796572
ygeY_predicted,0.5,1,1,ATGGCAAGCCAAGGTTCGAG,0,4810653
ygeY_predicted,0.5,1,1,ATGGAGGTAACGTCTCAACC,0,4804925
ygeY_predicted,0.5,1,1,ATGCTTGTTTCCCGGGGTGA,0,4810419
ygeY_predicted,0.5,1,1,ATGCTTCCATACATCGGTAG,0,4800610
ygeY_predicted,0.5,1,1,ATGCGCTCCCAGCCAGAGCT,0,4811565
ygeY_predicted,0.5,1,1,ATGCGCGACCAGACTTCCAC,0,4813918
ygeY_predicted,0.5,1,1,ATGCCGACCACAAGTGCTTG,0,4815260
ygeY_predicted,0.5,1,1,ATGCAGCCCCCGAATGACAA,0,4809076
ygeY_predicted,0.5,1,1,ATGATTCGGCTACCGGAAAC,0,4812716
ygeY_predicted,0.5,1,1,ATGATGTTCCGACAACATTG,0,4802312
ygeY_predicted,0.5,1,1,ATGATGCACTGATAACTGGC,0,4802287
ygeY_predicted,0.5,1,1,ATGATACAAGGTTCATAGTG,0,4809224
ygeY_predicted,0.5,1,1,ATGAGGCTCCATTCGATGGT,0,4802464
ygeY_predicted,0.5,1,1,ATGAGCATGGTGCCACCCTT,0,4796497
ygeY_predicted,0.5,1,1,ATCTGTTATTTGACCCATGC,0,4813051
ygeY_predicted,0.5,1,1,ATCTGTGGAGGGGCCATATT,0,4815187
ygeY_predicted,0.5,1,1,ATCTATTCTTTCTCTAGTTC,0,4805655
ygeY_predicted,0.5,1,1,ATCTAATTGGTATCCTTTTC,0,4801516
ygeY_predicted,0.5,1,1,ATCGGCTCTGGATCCAGAGC,0,4816811
ygeY_predicted,0.5,1,1,ATCGCGCGTCGGTGGGTTGC,0,4802675
ygeY_predicted,0.5,1,1,ATCGCACGCACGACTACGCT,0,4800083
ygeY_predicted,0.5,1,1,ATCCTGATGGGCAACACCGG,0,4815841
ygeY_predicted,0.5,1,1,ATCCTCGGTATATGTGGCGC,0,4811531
ygeY_predicted,0.5,1,1,ATCCGGGCTAGTAGATCAAG,0,4795207
ygeY_predicted,0.5,1,1,ATCCAATTGCTTCAATCTAG,0,4801738
ygeY_predicted,0.5,1,1,ATCAGTGCCGTCGTATCCGA,0,4802671
ygeY_predicted,0.5,1,1,ATCAGGGGGACATAATTAGA,0,4797089
ygeY_predicted,0.5,1,1,ATCACGCTGTAGCTGCGCCA,0,4800274
ygeY_predicted,0.5,1,1,ATCAATCTAAAGGCCGTTTA,0,4805111
ygeY_predicted,0.5,1,1,ATCAATCGCGTTCTAGCTGC,0,4805362
ygeY_predicted,0.5,1,1,ATATTGTGGGGGATCAGTCT,0,4816394
ygeY_predicted,0.5,1,1,ATATTGTACGATCAATAAAC,0,4810433
ygeY_predicted,0.5,1,1,ATATTATTTTTCGCCGCGAC,0,4813974
ygeY_predicted,0.5,1,1,ATATGCCTTGGCGCAAAGAG,0,4801504
ygeY_predicted,0.5,1,1,ATATGACCGCGGGGCTTTCA,0,4795545
ygeY_predicted,0.5,1,1,ATATCAGCTAAGATTATAGA,0,4795500
ygeY_predicted,0.5,1,1,ATAGTGAGTCAAATCATATT,0,4796199
ygeY_predicted,0.5,1,1,ATAGTCGCTCATCGCCGGTC,0,4801839
ygeY_predicted,0.5,1,1,ATAGTCCCGCTAGGAACTAT,0,4802935
ygeY_predicted,0.5,1,1,ATAGTAATAGGTCTATTTTA,0,4800883
ygeY_predicted,0.5,1,1,ATAGGTCCACTTTTATAAGC,0,4812533
ygeY_predicted,0.5,1,1,ATAGGGTAGATTAAATCGCA,0,4810668
ygeY_predicted,0.5,1,1,ATAGGAAGAAGTCTCTCGCA,0,4797137
ygeY_predicted,0.5,1,1,ATAGGAAACCTTTAAGGGAG,0,4816166
ygeY_predicted,0.5,1,1,ATAGCTAGAATGTATTGATC,0,4813120
ygeY_predicted,0.5,1,1,ATAGCATTCCGTCGCTGTTA,0,4799726
ygeY_predicted,0.5,1,1,ATACGGCGCTCGAGCGATCT,0,4807137
ygeY_predicted,0.5,1,1,ATACACCTGGGCTTCACCGC,0,4807317
ygeY_predicted,0.5,1,1,ATAATCGCCTGGGTTTTAAA,0,4797844
ygeY_predicted,0.5,1,1,ATAAGTACCGGATCGCGTAA,0,4814976
ygeY_predicted,0.5,1,1,ATAACGTGTAGTATCATTTA,0,4799165
ygeY_predicted,0.5,1,1,AGTTTCGGGCCTAGTACTCA,0,4795371
ygeY_predicted,0.5,1,1,AGTTAGCCTTCGCTTAACGA,0,4805496
ygeY_predicted,0.5,1,1,AGTTACCGCTCACTGCGCTA,0,4813483
ygeY_predicted,0.5,1,1,AGTTAACGTGGTCAGTTATA,0,4803467
ygeY_predicted,0.5,1,1,AGTGTCTTTCATAGCGGAAC,0,4800633
ygeY_predicted,0.5,1,1,AGTGATGAAGAATGACTGTA,0,4817017
ygeY_predicted,0.5,1,1,AGTCGTATCTGTGTCCACAC,0,4813359
ygeY_predicted,0.5,1,1,AGTCGCGTGCGACTATGTTA,0,4795181
ygeY_predicted,0.5,1,1,AGTCGAGTCGTGTTTCAATA,0,4809300
ygeY_predicted,0.5,1,1,AGTCGAAGGTACAGGAATGA,0,4803842
ygeY_predicted,0.5,1,1,AGTCCGGTCAAAGATGACGA,0,4808403
ygeY_predicted,0.5,1,1,AGTCCATAAAGGAGAAAAGA,0,4807859
ygeY_predicted,0.5,1,1,AGTCAGGTCTGTCTCATGTT,0,4813518
ygeY_predicted,0.5,1,1,AGTAGTGCGTGGGTCGCCGC,0,4805879
ygeY_predicted,0.5,1,1,AGTAGGTTTTAGACGCAGTA,0,4797656
ygeY_predicted,0.5,1,1,AGTAGGTCGAGAGATCTGCC,0,4807241
ygeY_predicted,0.5,1,1,AGTAGGAAAGGCACGATTTC,0,4816039
ygeY_predicted,0.5,1,1,AGTAGCCCGTTACTCGAGTT,0,4799425
ygeY_predicted,0.5,1,1,AGTACGGCTTAGTCGAGCGC,0,4809246
ygeY_predicted,0.5,1,1,AGTAAGTGAATGAATGCATT,0,4815011
ygeY_predicted,0.5,1,1,AGTAAGGTTCTGTCTCCGTT,0,4810099
ygeY_predicted,0.5,1,1,AGGTTCTGAGCCTTTGTGGC,0,4795039
ygeY_predicted,0.5,1,1,AGGTGGGGAGTAGAAATATG,0,4801820
ygeY_predicted,0.5,1,1,AGGTGAATTTGTATTACTTA,0,4807845
ygeY_predicted,0.5,1,1,AGGTCCCCAGGTATCGGTCA,0,4807056
ygeY_predicted,0.5,1,1,AGGTATGGTTCCTGATCTTT,0,4804541
ygeY_predicted,0.5,1,1,AGGTAGTTATTGACCGTGAC,0,4803071
ygeY_predicted,0.5,1,1,AGGTAACCGGCTCTGATGTA,0,4797317
ygeY_predicted,0.5,1,1,AGGGTTTACCCCCCGCGAAG,0,4814815
ygeY_predicted,0.5,1,1,AGGGTGTCCACCCCATCAAT,0,4809522
ygeY_predicted,0.5,1,1,AGGGTGGCAGCAAAGTCGAG,0,4811691
ygeY_predicted,0.5,1,1,AGGGGGAATCGGAGGAGTCG,0,4797545
ygeY_predicted,0.5,1,1,AGGGGAAAAACGTAACGAGT,0,4812033
ygeY_predicted,0.5,1,1,AGGGCCATACGGAATGAAAT,0,4799161
ygeY_predicted,0.5,1,1,AGGCGTTTGGAAGCATATTA,0,4809734
ygeY_predicted,0.5,1,1,AGGCGTGATGGACCATCTAC,0,4798162
ygeY_predicted,0.5,1,1,AGGCGGAGAGCTGTTGATTT,0,4801409
ygeY_predicted,0.5,1,1,AGGCGAATAGTTTGGTAAGC,0,4798081
ygeY_predicted,0.5,1,1,AGGCCAACTGTGTTAGTTTG,0,4809389
ygeY_predicted,0.5,1,1,AGGCATTAGCAGCGGTCCGA,0,4810790
ygeY_predicted,0.5,1,1,AGGCATAAGGCGTTCAGATT,0,4798147
ygeY_predicted,0.5,1,1,AGGCACCTATAGAATACATC,0,4804133
ygeY_predicted,0.5,1,1,AGGAGTGATTTACCCGATGC,0,4814597
ygeY_predicted,0.5,1,1,AGGAGTACTTGTCCAAGACA,0,4802311
ygeY_predicted,0.5,1,1,AGGAGCTACACGTAAAGCCC,0,4796134
ygeY_predicted,0.5,1,1,AGGAGAAATCAAGCGCTTAA,0,4815295
ygeY_predicted,0.5,1,1,AGGAATAACAACGATGAATT,0,4795875
ygeY_predicted,0.5,1,1,AGGAACTCGCAAAGAGTACC,0,4804702
ygeY_predicted,0.5,1,1,AGGAAAGTGCCTAGTTAATG,0,4814209
ygeY_predicted,0.5,1,1,AGGAAAAAACCGCGTAGCCA,0,4811157
ygeY_predicted,0.5,1,1,AGCTGATCCGATCTCTTAAA,0,4811194
ygeY_predicted,0.5,1,1,AGCTGATCACTGGAACGCGA,0,4809294
ygeY_predicted,0.5,1,1,AGCTCTGGTCATTGTCTCAT,0,4807261
ygeY_predicted,0.5,1,1,AGCTATAAATGTGTCTATAC,0,4810215
ygeY_predicted,0.5,1,1,AGCGGGTTAGGTTAGCATAA,0,4815152
ygeY_predicted,0.5,1,1,AGCGGGGCACTAACGCGGCC,0,4808175
ygeY_predicted,0.5,1,1,AGCGGGGACATGCGCTGGTC,0,4803044
ygeY_predicted,0.5,1,1,AGCGGCGCACCCGGGCGTCT,0,4816271
ygeY_predicted,0.5,1,1,AGCGCGCACGATCTCCGCAC,0,4812262
ygeY_predicted,0.5,1,1,AGCGAAATAAGTCCTAGTGA,0,4802096
ygeY_predicted,0.5,1,1,AGCCGAATCTGTTAATGCAG,0,4802944
ygeY_predicted,0.5,1,1,AGCCCAGTGTATCCTGCAAT,0,4808342
ygeY_predicted,0.5,1,1,AGCATTAGACAAAAAGGACG,0,4806865
ygeY_predicted,0.5,1,1,AGCAGGACTCAGTGTCCCTG,0,4813973
ygeY_predicted,0.5,1,1,AGCAGGAATGCCTTCACTAT,0,4800143
ygeY_predicted,0.5,1,1,AGCACGCGTGAGTTAAACCA,0,4800204
ygeY_predicted,0.5,1,1,AGATTCTGAAGGTTGTACGG,0,4803937
ygeY_predicted,0.5,1,1,AGATTACGCCCCGGCGCGGG,0,4796619
ygeY_predicted,0.5,1,1,AGATGCTTCGGCCATATTAG,0,4810043
ygeY_predicted,0.5,1,1,AGATGCAGCTCACACATAGA,0,4814237
ygeY_predicted,0.5,1,1,AGATAGGAACGGTGACTTTT,0,4802296
ygeY_predicted,0.5,1,1,AGATAGCGTCCCGCTGATCG,0,4802236
ygeY_predicted,0.5,1,1,AGATACTATATTCAGCGTAG,0,4807998
ygeY_predicted,0.5,1,1,AGAGTTCTCGACGCGGGGCT,0,4805145
ygeY_predicted,0.5,1,1,AGAGTGCCCGGGTACCTACC,0,4798930
ygeY_predicted,0.5,1,1,AGAGCTATTGGGAACTGGTC,0,4801374
ygeY_predicted,0.5,1,1,AGAGCCACTGGAGTCACGCG,0,4796827
ygeY_predicted,0.5,1,1,AGAGCATTAGCTTAAAAGAA,0,4812069
ygeY_predicted,0.5,1,1,AGACCGTAAGTGCCGGGGAA,0,4807542
ygeY_predicted,0.5,1,1,AGAATCGGTAAAAACCAGTG,0,4803687
ygeY_predicted,0.5,1,1,AGAATACGTCACCCATACGG,0,4807309
ygeY_predicted,0.5,1,1,AGAATAACTACTGACGTCGC,0,4795651
ygeY_predicted,0.5,1,1,AGAAGTGTTAGTTCCATTGC,0,4806084
ygeY_predicted,0.5,1,1,AGAAGTGCCCTGATCACCTT,0,4798866
ygeY_predicted,0.5,1,1,AGAAATGCTTCCATACCTTC,0,4806002
ygeY_predicted,0.5,1,1,ACTTCTTCTCGCTACAGTCA,0,4807273
ygeY_predicted,0.5,1,1,ACTTCCTGTATAGTGGGTCA,0,4799043
ygeY_predicted,0.5,1,1,ACTTCCGAGCGCGGGGAGTT,0,4797500
ygeY_predicted,0.5,1,1,ACTTCAACGGCGACCGATAT,0,4804049
ygeY_predicted,0.5,1,1,ACTGTTTGGGACAACATTAC,0,4803441
ygeY_predicted,0.5,1,1,ACTGTGAGGGATGATGAAGC,0,4800045
ygeY_predicted,0.5,1,1,ACTGGCTGTCCCGGGAGCTG,0,4801635
ygeY_predicted,0.5,1,1,ACTGATTCTCTCTCTGCATA,0,4807093
ygeY_predicted,0.5,1,1,ACTGAATTCGGCGAACATCG,0,4808369
ygeY_predicted,0.5,1,1,ACTGAAGGCATACGCCGCAC,0,4815541
ygeY_predicted,0.5,1,1,ACTCTTGATATAAGTCAGGA,0,4814032
ygeY_predicted,0.5,1,1,ACTCATGTCCTGTCTTATCG,0,4801028
ygeY_predicted,0.5,1,1,ACTCAAAGTCAATCATTGTT,0,4795738
ygeY_predicted,0.5,1,1,ACTATGTATTCGACCCCTGG,0,4804087
ygeY_predicted,0.5,1,1,ACTATGCCGCAGGCTTCGAA,0,4801284
ygeY_predicted,0.5,1,1,ACTAGGATTGGCAGGGGCCA,0,4811456
ygeY_predicted,0.5,1,1,ACTACTGAGCGTGATGGTCG,0,4799664
ygeY_predicted,0.5,1,1,ACTACTCCCCATTGCTATGA,0,4798819
ygeY_predicted,0.5,1,1,ACTACAGTAAACTTTACCAA,0,4798204
ygeY_predicted,0.5,1,1,ACTAATTCTCGAGTTGCCAG,0,4795722
ygeY_predicted,0.5,1,1,ACGTTCTTGGCGTAAGCCGA,0,4801875
ygeY_predicted,0.5,1,1,ACGTTATCGACAACGCTTTC,0,4805135
ygeY_predicted,0.5,1,1,ACGTGTGGTAATAGGGGACT,0,4813807
ygeY_predicted,0.5,1,1,ACGTGAGCCCCCCACCTATT,0,4815452
ygeY_predicted,0.5,1,1,ACGTCCAATTCTGTGGGTTT,0,4807783
ygeY_predicted,0.5,1,1,ACGTACAGTCCACATTCCGG,0,4795829
ygeY_predicted,0.5,1,1,ACGTAAAGTATCCGGAAGCG,0,4816732
ygeY_predicted,0.5,1,1,ACGGTTACTCACCGAAAACC,0,4805549
ygeY_predicted,0.5,1,1,ACGGTACTTCTTATTGTCTC,0,4799385
ygeY_predicted,0.5,1,1,ACGGGGCCATTCACTGGACT,0,4795183
ygeY_predicted,0.5,1,1,ACGGGATGGGTTCTTTCGTG,0,4815797
ygeY_predicted,0.5,1,1,ACGGAAGTAGACATGACCAG,0,4809326
ygeY_predicted,0.5,1,1,ACGCGTTAGCCCACTCATTT,0,4797235
ygeY_predicted,0.5,1,1,ACGCGACTGTTCTCAGTAGA,0,4813399
ygeY_predicted,0.5,1,1,ACGCACCCCAGGCACACACA,0,4797063
ygeY_predicted,0.5,1,1,ACGCAAAGCACAACCCCTTA,0,4811303
ygeY_predicted,0.5,1,1,ACGATGTCATGACAAGCCTA,0,4803047
ygeY_predicted,0.5,1,1,ACGATCGACGATGACATTAT,0,4810524
ygeY_predicted,0.5,1,1,ACGAGTTCCACATCTCAGGG,0,4812022
ygeY_predicted,0.5,1,1,ACGAGTAGGGCTGGCTTGTA,0,4801944
ygeY_predicted,0.5,1,1,ACGAGAGTTTTTGGTGGGCG,0,4795418
ygeY_predicted,0.5,1,1,ACGACTCAGCAGAGCTCGAG,0,4811135
ygeY_predicted,0.5,1,1,ACGACCCCCGTTGATGGTCT,0,4805299
ygeY_predicted,0.5,1,1,ACCTTAGTGGGTGATATTAG,0,4802004
ygeY_predicted,0.5,1,1,ACCTACGGGACAGAGTTGGA,0,4807767
ygeY_predicted,0.5,1,1,ACCTAATGGGCATCCAGAAC,0,4795234
ygeY_predicted,0.5,1,1,ACCTAAGGGGGTTCCGCAGT,0,4801743
ygeY_predicted,0.5,1,1,ACCGTGCATGGCTCGACAAA,0,4806603
ygeY_predicted,0.5,1,1,ACCGGTCAAACGTGGGCATC,0,4811740
ygeY_predicted,0.5,1,1,ACCGCCTATGATGCGGAATA,0,4801625
ygeY_predicted,0.5,1,1,ACCCTTAGGAGCACAGAAAC,0,4807976
ygeY_predicted,0.5,1,1,ACCCTGTCATATTGGATTGT,0,4813072
ygeY_predicted,0.5,1,1,ACCCTCTAATCGGCGCACCA,0,4802191
ygeY_predicted,0.5,1,1,ACCCGTAGGCGTTTATAGCA,0,4797745
ygeY_predicted,0.5,1,1,ACCCCGTTAAAAGCGTCAGG,0,4799355
ygeY_predicted,0.5,1,1,ACCCCCTACGTCGCCATCAG,0,4807797
ygeY_predicted,0.5,1,1,ACCCCACGGGCTTTCACCCT,0,4797834
ygeY_predicted,0.5,1,1,ACCATATTTGTCTTTTCTCG,0,4812373
ygeY_predicted,0.5,1,1,ACCATATCAATCCTCAAGAT,0,4813062
ygeY_predicted,0.5,1,1,ACCAGCGCGCTAAGAAATTG,0,4809070
ygeY_predicted,0.5,1,1,ACCAAGGTTATAAACGTACG,0,4810306
ygeY_predicted,0.5,1,1,ACCAAGCGGGGAGGTATATC,0,4802759
ygeY_predicted,0.5,1,1,ACCAAATGCACAAAGGTAAC,0,4799605
ygeY_predicted,0.5,1,1,ACATGGAGTGTGTCGAGTCG,0,4801401
ygeY_predicted,0.5,1,1,ACATGAGGCGCAAGCTCTCG,0,4797146
ygeY_predicted,0.5,1,1,ACATCGTTGTGCTTCACTTC,0,4812915
ygeY_predicted,0.5,1,1,ACATACTTGGCGAGACCATA,0,4814024
ygeY_predicted,0.5,1,1,ACAGTACTGAGTCTCCATGA,0,4801253
ygeY_predicted,0.5,1,1,ACAGGAGCGAGGTCTTGGAC,0,4814544
ygeY_predicted,0.5,1,1,ACAGCCAGGATACCACGACG,0,4810791
ygeY_predicted,0.5,1,1,ACAGATTTAGGGTGTTGCCA,0,4806895
ygeY_predicted,0.5,1,1,ACACTGGCCATTGTAATTTT,0,4797147
ygeY_predicted,0.5,1,1,ACACTATCAGTATGTTTGAC,0,4815974
ygeY_predicted,0.5,1,1,ACACTAGGCGATGGTTAAGG,0,4799156
ygeY_predicted,0.5,1,1,ACACGACACCACCGGAGGCC,0,4811829
ygeY_predicted,0.5,1,1,ACACCTACCTGTTATGATCT,0,4798064
ygeY_predicted,0.5,1,1,ACACCACACGGGCGAGTGGT,0,4804220
ygeY_predicted,0.5,1,1,ACACAACGGCCAGTTTACTA,0,4805147
ygeY_predicted,0.5,1,1,ACAATGACAAGCATCTCCCA,0,4804124
ygeY_predicted,0.5,1,1,ACAACTTGGAGCTGACTCCT,0,4795043
ygeY_predicted,0.5,1,1,ACAACTGACTTTGTGCTACT,0,4809045
ygeY_predicted,0.5,1,1,ACAAATCGGGCAACCCCAAC,0,4795364
ygeY_predicted,0.5,1,1,ACAAAGGAGAATCCTTCCTT,0,4813716
ygeY_predicted,0.5,1,1,AATTTTGGAACATGCAAAGA,0,4801049
ygeY_predicted,0.5,1,1,AATTTGCCGTTCGCGTGCTT,0,4796531
ygeY_predicted,0.5,1,1,AATTTCTAATGACACAACAT,0,4796337
ygeY_predicted,0.5,1,1,AATTGTTTTACTCGCTAACC,0,4814549
ygeY_predicted,0.5,1,1,AATTGGACCTTAAAGCCGGC,0,4802894
ygeY_predicted,0.5,1,1,AATTGCTAGGTGTGGCCCTT,0,4814527
ygeY_predicted,0.5,1,1,AATTCATTAGACATTGACGC,0,4811245
ygeY_predicted,0.5,1,1,AATTCATCGCTAGGCCGAGT,0,4808490
ygeY_predicted,0.5,1,1,AATTCAAGAAATGCGACCGC,0,4811008
ygeY_predicted,0.5,1,1,AATTAGAATAATCCTTATCA,0,4797275
ygeY_predicted,0.5,1,1,AATTAGAAGAGGAATCATTC,0,4814686
ygeY_predicted,0.5,1,1,AATTACTGGGTACCTGTCAT,0,4810032
ygeY_predicted,0.5,1,1,AATTAAGGACTTACACCGAT,0,4805350
ygeY_predicted,0.5,1,1,AATTAAAATGATGGATTTTC,0,4803053
ygeY_predicted,0.5,1,1,AATGTAGTATTTCGTTATAA,0,4797977
ygeY_predicted,0.5,1,1,AATGGGCCGTTCGGGCGCCA,0,4815709
ygeY_predicted,0.5,1,1,AATGGATTTAACCAGTTCCA,0,4808395
ygeY_predicted,0.5,1,1,AATGCTGCCTTCAGAAGCCA,0,4798276
ygeY_predicted,0.5,1,1,AATGACATGGGAGGTTATAC,0,4807777
ygeY_predicted,0.5,1,1,AATCTTGATCAGGACATAAA,0,4812211
ygeY_predicted,0.5,1,1,AATCTGGCGCCCAACGCGCC,0,4817056
ygeY_predicted,0.5,1,1,AATCTCTCCGGCAGACTAGC,0,4807091
ygeY_predicted,0.5,1,1,AATCGAACATGTTCGATGAA,0,4802010
ygeY_predicted,0.5,1,1,AATCCTCCGCGATCACGAAC,0,4810348
ygeY_predicted,0.5,1,1,AATCATTAGCGAGCGCTGAA,0,4810436
ygeY_predicted,0.5,1,1,AATCATAGCGCCCCCGCCAT,0,4803698
ygeY_predicted,0.5,1,1,AATATTGGTGCGTAAGGATG,0,4805908
ygeY_predicted,0.5,1,1,AATATTGCGGTGACGGATTC,0,4795882
ygeY_predicted,0.5,1,1,AATATTAGTTGCCGCGCACA,0,4815071
ygeY_predicted,0.5,1,1,AATATCGAAGGCTACTACCT,0,4801643
ygeY_predicted,0.5,1,1,AATATACAGTTTCATGGTCC,0,4811876
ygeY_predicted,0.5,1,1,AATAGCAACAACTTCATTTG,0,4801478
ygeY_predicted,0.5,1,1,AATACGAGAAGCTCACGGGA,0,4811929
ygeY_predicted,0.5,1,1,AATAAGCTGACTTGACGGAT,0,4803468
ygeY_predicted,0.5,1,1,AATAACTTTGATTGGATGCT,0,4806834
ygeY_predicted,0.5,1,1,AAGTTGCCCAACAGTCCCAT,0,4798942
ygeY_predicted,0.5,1,1,AAGTTAGTGCGTTGCAGGGA,0,4797113
ygeY_predicted,0.5,1,1,AAGTTACGCTTCTTCGGGCG,0,4799929
ygeY_predicted,0.5,1,1,AAGTAGCCAGTAAGAGGCTC,0,4816417
ygeY_predicted,0.5,1,1,AAGGTTTTGCAAAGATACTT,0,4795697
ygeY_predicted,0.5,1,1,AAGGTGGGTAGTGGCGAGGA,0,4796049
ygeY_predicted,0.5,1,1,AAGGTGGAGCATAAATCCGT,0,4813934
ygeY_predicted,0.5,1,1,AAGGGTAATGCCAGCGAGCT,0,4810713
ygeY_predicted,0.5,1,1,AAGGCTCGGGGTCCCCTTGC,0,4795275
ygeY_predicted,0.5,1,1,AAGGCGGGTTTGAGAGTTAT,0,4807803
ygeY_predicted,0.5,1,1,AAGGCATGATATACGTTGGA,0,4810202
ygeY_predicted,0.5,1,1,AAGCTTCCTGCTGGCCGGAC,0,4795340
ygeY_predicted,0.5,1,1,AAGCGGTTTGTGCGACGTCA,0,4811749
ygeY_predicted,0.5,1,1,AAGCGGGGCGAAACGCGGGA,0,4811141
ygeY_predicted,0.5,1,1,AAGCGGCCTTACGATTAAAC,0,4813452
ygeY_predicted,0.5,1,1,AAGCCCCCGCGAGGTCCATG,0,4811718
ygeY_predicted,0.5,1,1,AAGCCCAGGGTCCAATCAGC,0,4808016
ygeY_predicted,0.5,1,1,AAGCCATATGCTAGCGTTAC,0,4811156
ygeY_predicted,0.5,1,1,AAGCCACCTAGAACATAACT,0,4807897
ygeY_predicted,0.5,1,1,AAGCAAATAAGTTATGTAGG,0,4815018
ygeY_predicted,0.5,1,1,AAGATCACCGTATCCAGGAT,0,4798490
ygeY_predicted,0.5,1,1,AAGAGCTTGCAAGGCCGCAT,0,4814038
ygeY_predicted,0.5,1,1,AAGAGCGTGCTTTTCCTGCA,0,4814495
ygeY_predicted,0.5,1,1,AAGAGCCCGTCGTGGAGTAT,0,4796469
ygeY_predicted,0.5,1,1,AAGAGAATAGAAGCCTTTGG,0,4798636
ygeY_predicted,0.5,1,1,AAGACAGCTGCGCCTCCTGT,0,4810560
ygeY_predicted,0.5,1,1,AAGAATTACGTGACAGCTAG,0,4813390
ygeY_predicted,0.5,1,1,AAGAAATGGGGACCTAGATG,0,4801048
ygeY_predicted,0.5,1,1,AACTTTCGTCTGCTAAATGG,0,4801832
ygeY_predicted,0.5,1,1,AACTGTATGTGGGATTTACA,0,4806363
ygeY_predicted,0.5,1,1,AACTCAAAGGTAGGGTCCAG,0,4806821
ygeY_predicted,0.5,1,1,AACTACATGTTATATTTCTA,0,4799639
ygeY_predicted,0.5,1,1,AACTAAAGAGTGGCTCCAAG,0,4816964
ygeY_predicted,0.5,1,1,AACGGTCCAGAGCTAGCGTG,0,4802891
ygeY_predicted,0.5,1,1,AACGGGGCCTCCAGCTTGTC,0,4813683
ygeY_predicted,0.5,1,1,AACGGCGCTCATCAACCCAG,0,4809612
ygeY_predicted,0.5,1,1,AACGCTTGGGGAGTCTCCCT,0,4802172
ygeY_predicted,0.5,1,1,AACGCCAGCGCCCAAGAGAC,0,4795852
ygeY_predicted,0.5,1,1,AACGATGGTGGATGTCAGAA,0,4815270
ygeY_predicted,0.5,1,1,AACGAGGTAAGTAACTTTAC,0,4801483
ygeY_predicted,0.5,1,1,AACGACCAGACGGGGGCCAC,0,4801482
ygeY_predicted,0.5,1,1,AACCTAGGGATGAAGACCCA,0,4805664
ygeY_predicted,0.5,1,1,AACCTACCGAGTACGGGCGT,0,4810720
ygeY_predicted,0.5,1,1,AACCGTTTTTTCAAATCAAT,0,4804141
ygeY_predicted,0.5,1,1,AACCCAGATTTCCGTGTTAC,0,4809107
ygeY_predicted,0.5,1,1,AACCCAGAGGGGCGATTTCG,0,4811814
ygeY_predicted,0.5,1,1,AACATTGTACGTGGGCGCAT,0,4810303
ygeY_predicted,0.5,1,1,AACATGGTTTCTTGGCCATT,0,4797819
ygeY_predicted,0.5,1,1,AACATCGAGATAACCTCTCG,0,4795725
ygeY_predicted,0.5,1,1,AACAGGACGTAACCCATATT,0,4800066
ygeY_predicted,0.5,1,1,AAATTTGGACAGAATTTGCA,0,4796693
ygeY_predicted,0.5,1,1,AAATTTAGATATCAGATCAC,0,4800744
ygeY_predicted,0.5,1,1,AAATTGTAGGCGGTGCTTTC,0,4809958
ygeY_predicted,0.5,1,1,AAATTCTCATTCTGAAGAGA,0,4800466
ygeY_predicted,0.5,1,1,AAATTCGCCACCGGAAGGAC,0,4797704
ygeY_predicted,0.5,1,1,AAATGGGCCTGAAACTAGTT,0,4811710
ygeY_predicted,0.5,1,1,AAATCTCGTTAACCTCGTAC,0,4814978
ygeY_predicted,0.5,1,1,AAATAGCAGAGCCCTCCACG,0,4815871
ygeY_predicted,0.5,1,1,AAAGTGGTTTCTCGATCCAA,0,4797901
ygeY_predicted,0.5,1,1,AAAGTGAGAGTGTTATCGGT,0,4814090
ygeY_predicted,0.5,1,1,AAAGCGGTTAGTCAGCAGCC,0,4817030
ygeY_predicted,0.5,1,1,AAAGACCATACCCTACTAAT,0,4816499
ygeY_predicted,0.5,1,1,AAACTTGGTTGCCGAGGAAT,0,4816275
ygeY_predicted,0.5,1,1,AAACTTGAAACTGGTAATAT,0,4808216
ygeY_predicted,0.5,1,1,AAACTCACCTGTACTCCCAA,0,4815236
ygeY_predicted,0.5,1,1,AAACGCTAAGTGTCGAGCAC,0,4803617
ygeY_predicted,0.5,1,1,AAACCTCTTCATTGTCGCGA,0,4796476
ygeY_predicted,0.5,1,1,AAAATTTTTGAGGTCTTACC,0,4794993
ygeY_predicted,0.5,1,1,AAAATTGCTCGCCGTGGCCC,0,4805567
ygeY_predicted,0.5,1,1,AAAATTCACGTATAGTGAAC,0,4799660
ygeY_predicted,0.5,1,1,AAAATAATATGCTCGAAGAA,0,4806330
ygeY_predicted,0.5,1,1,AAAAGGTAGAAGGGGACCGG,0,4803706
ygeY_predicted,0.5,1,1,AAAAGGACGTGCGCACACTC,0,4808366
ygeY_predicted,0.5,1,1,AAAAGCTCCGTCAATACTTC,0,4801857
ygeY_predicted,0.5,1,1,AAAACTTAGGCCTAGGCACC,0,4797623
ygeY_predicted,0.5,1,1,AAAAAGACGATGCCCCCGGA,0,4814243
ygeY_predicted,47.0,46,0,TCTTGGGGGCGTACGAACTG,46,4798403
ygeY_predicted,35.0,34,0,ATAACTCAATAGGTACAACC,34,4810605
ygeY_predicted,31.0,30,0,GGGACGCGCGCGCAATCTGA,30,4810508
ygeY_predicted,30.0,29,0,AGGATCGGATTGAATGTACC,29,4808753
ygeY_predicted,28.0,27,0,GTCCTCTCGGTGGATGGGGT,27,4812919
ygeY_predicted,28.0,27,0,CTCCGGGCATCAACGCCCAA,27,4801731
ygeY_predicted,28.0,27,0,CCACTCAAAGCGACCGTTTC,27,4809483
ygeY_predicted,28.0,27,0,AATTTAAAAAGGATGAACCC,27,4812260
ygeY_predicted,27.0,26,0,TTGTTTAACCCTCCTAACGT,26,4813158
ygeY_predicted,26.0,25,0,AGGGTTGTCCGTTATATGAA,25,4807808
ygeY_predicted,25.0,24,0,TCCGAAGGGGGTAGTACTGT,24,4813200
ygeY_predicted,25.0,24,0,AGCACAGCGTGCATACTGCA,24,4796667
ygeY_predicted,24.0,23,0,ACGCTGCAGTGTGTCACCAA,23,4814879
ygeY_predicted,24.0,23,0,AACGAAAGATGCTCTCGCTA,23,4808223
ygeY_predicted,23.0,22,0,CAGTAGGACATAAATCGGCC,22,4795924
ygeY_predicted,23.0,22,0,AAGGGATCTAGTCGGAGTAG,22,4815344
ygeY_predicted,22.0,21,0,GCAGGAGCGATCACCTTCGA,21,4797679
ygeY_predicted,21.0,20,0,GGCCCGGAATATGCGTTTTC,20,4811488
ygeY_predicted,20.0,19,0,GGGGTGCCGCTAGCGAGGCA,19,4800885
ygeY_predicted,19.0,18,0,TCGGCCGAGTGCAATACCTT,18,4796352
ygeY_predicted,19.0,18,0,GGGTTTTCAGGGAGTTACAG,18,4797431
ygeY_predicted,19.0,18,0,CCGACTAGAACGCCCGACAA,18,4806191
ygeY_predicted,18.0,17,0,GTCCAAAGTCTAGATAAGCG,17,4810463
ygeY_predicted,18.0,17,0,CTAAAGCACATGGGGCACTT,17,4813754
ygeY_predicted,17.0,16,0,GCGAAAGCAATGTATCCTAA,16,4803634
ygeY_predicted,17.0,16,0,CGAGGTCGTTCGCATTGTGT,16,4815061
ygeY_predicted,16.0,15,0,ATGTAAAAGATATTTGCTCC,15,4801594
ygeY_predicted,15.0,14,0,TAGATGCTTTATGGGTGCCC,14,4810740
ygeY_predicted,15.0,14,0,GTGTTGATGAACACGCCAAC,14,4813032
ygeY_predicted,15.0,14,0,GGCGACTCAATTTGGGAACT,14,4805684
ygeY_predicted,15.0,14,0,ATAGTATGGTCTCCAGGTGC,14,4810839
ygeY_predicted,15.0,14,0,AAAAGGGATCTGTAAGGAAT,14,4797034
ygeY_predicted,14.0,13,0,GGCGGGAAGCAGTCATCTGT,13,4807707
ygeY_predicted,14.0,13,0,CCCGCGGGTTATAATTTGTT,13,4804988
ygeY_predicted,14.0,13,0,CAGTATTGGACTCCTGAACC,13,4811460
ygeY_predicted,14.0,13,0,ACTTCAGGGCCTTGGTCGCG,13,4810277
ygeY_predicted,13.0,12,0,GGAGTTCATCAGGCCTGTGA,12,4811825
ygeY_predicted,13.0,12,0,GAAATCGGTAGACTGTCTAC,12,4804762
ygeY_predicted,13.0,12,0,CATCAGCAGGATGGGAGAAG,12,4797759
ygeY_predicted,13.0,12,0,AACGCCCGTAGCGGAAAATA,12,4802959
ygeY_predicted,12.0,11,0,GAACACCTCATCATGTATCC,11,4802633
ygeY_predicted,12.0,11,0,CGTCGTGACGCCTTCGCTAT,11,4815336
ygeY_predicted,12.0,11,0,CAAGTGGTAACTGCAAATTC,11,4801955
ygeY_predicted,12.0,11,0,AGGTCACAGATTTAGACGAC,11,4801998
ygeY_predicted,11.0,10,0,CACCCTAAGGACACGCCACA,10,4795566
ygeY_predicted,11.0,10,0,CAAATTGAGCTGATCTGGAC,10,4804845
ygeY_predicted,11.0,10,0,AGGCGTATTCGCGTTTGTGT,10,4797959
ygeY_predicted,11.0,10,0,ACACAAAACATCTAGGTTTC,10,4795553
ygeY_predicted,10.0,9,0,TTTTATCTTCCTCTAGTCTG,9,4809780
ygeY_predicted,10.0,9,0,GTCGCATGTATAAGCCCCCT,9,4805388
ygeY_predicted,10.0,9,0,GCATGACCCCGTTTCTCTGT,9,4813127
ygeY_predicted,10.0,9,0,CCGCAGGGGTCGTGTCCCTT,9,4801636
ygeY_predicted,10.0,9,0,ATGCTGAAACTCGGTCCGCG,9,4797782
ygeY_predicted,10.0,9,0,AATAATGGCATCCTTGGGTG,9,4809548
ygeY_predicted,9.0,8,0,TTAGAAAATCAAGCCGTGAG,8,4802424
ygeY_predicted,9.0,8,0,TGATAGACAACTTTGAGTTA,8,4799139
ygeY_predicted,9.0,8,0,CGAGTCTACGCGGCGTTATA,8,4800248
ygeY_predicted,9.0,8,0,ATCGTCTGATGTAACACAGG,8,4803654
ygeY_predicted,9.0,8,0,ACACAACTTACTCTGGGCAA,8,4795258
ygeY_predicted,8.0,7,0,TCTAATTATAATAAGTGGAA,7,4809549
ygeY_predicted,8.0,7,0,GTTCCCTGTGCAGCAGTCTC,7,4806438
ygeY_predicted,8.0,7,0,GGTGCCAATAGCGGGAGACA,7,4808108
ygeY_predicted,8.0,7,0,CGCTCGGTAAAAAATTGGAT,7,4800168
ygeY_predicted,8.0,7,0,CCAATGATCGCACCACCCAA,7,4812988
ygeY_predicted,7.0,6,0,TGACGAGACAAGTATCCTTT,6,4806209
ygeY_predicted,7.0,6,0,TCAAGGCTTGCCTAAGTGGT,6,4797801
ygeY_predicted,7.0,6,0,CTTCTCTAACTGAGACCATG,6,4811807
ygeY_predicted,7.0,6,0,CGGGATCTAACCCAATTGGA,6,4816863
ygeY_predicted,6.0,5,0,ACTGTTACTCGACTTTTCCC,5,4798743
ygeY_predicted,6.0,5,0,ACCCCGGATTGCGTGAACTC,5,4811502
ygeY_predicted,5.0,4,0,CCGTAAATGCGCTTCGTCAT,4,4799269
ygeY_predicted,5.0,4,0,CCGGCTCTAATTTAGCGTCA,4,4804037
ygeY_predicted,5.0,4,0,ACCGCGATGTGGGAACGACA,4,4809311
ygeY_predicted,3.0,2,0,AATCCGGGGGAACGGTTCTT,2,4816088
ygeY_predicted,3.0,2,0,AAACGAGTTCAGGAGCATCT,2,4803845
ygeY_predicted,2.0,1,0,TTATGTAAAAGTAGCCTTAA,1,4807002
ygeY_predicted,2.0,1,0,TAGAGTCTAGAGTCGGCTGG,1,4816856
ygeY_predicted,2.0,1,0,GTACTCCCTCACCCGCAGGC,1,4809187
ygeY_predicted,2.0,1,0,GGTATGCTTGAACAATCATT,1,4796857
ygeY_predicted,2.0,1,0,CGGTTGCCCCCTATTGAGAG,1,4802963
ygeY_predicted,2.0,1,0,CATAGTTTGAGTCTTTGTGG,1,4796193
ygeY_predicted,2.0,1,0,CACTCTAGGGGGATCGTCAT,1,4797314
ygeY_predicted,2.0,1,0,AGCCGCGTTGTTTGGGGATT,1,4816292
ygeY_predicted,2.0,1,0,AAGTATTACACGGTAAGGGT,1,4798625
