name,relative_counts,ct,ct_0,barcode,ct_1,barcode_ind
tisBp,1.7456,5146,1874,CGGTTGGCGTATCAGGAATT,3272,3595320
tisBp,1.1383399209486167,1080,505,GGCATTACGTGAACGTGCCT,575,3564197
tisBp,0.032432432432432434,189,184,ACCATGAGCCGGAAAGTAAA,5,3541724
tisBp,4.289655172413793,765,144,CACATGCCCTATGTGTGGGT,621,3542821
tisBp,0.022058823529411766,137,135,TCTCGATGTCCACCCAGGAA,2,3594731
tisBp,7.678260869565217,996,114,ACACGTACTCAGATCGGGGT,882,3599285
tisBp,6.87719298245614,896,113,TCAATCTTAACGCCTCAGAA,783,3543201
tisBp,0.018691588785046728,107,106,AGAATTTCTGGGAGAATACT,1,3545994
tisBp,2.144230769230769,325,103,ATGGCCCATGCCCGGCAGTT,222,3541283
tisBp,2.18,316,99,GAGAGAGGCCCGCCTTGGAG,217,3572830
tisBp,4.03,501,99,CGCTATTGCCTTATTGCCAG,402,3570122
tisBp,0.020618556701030927,97,96,TTAACCGGTCATGCCGAAAT,1,3543879
tisBp,0.041237113402061855,99,96,TAGCTGGTACCCAACAGCAT,3,3549833
tisBp,0.03125,97,95,AAAGTTCCCCTTGGATACAA,2,3582348
tisBp,0.054945054945054944,94,90,CGGAACGGTCATGCCCCATG,4,3561844
tisBp,0.07692307692307693,96,90,CAACACGTGCAATCATTACT,6,3563899
tisBp,14.933333333333334,1432,89,GGGCCTACCAAGACGCGGCA,1343,3577399
tisBp,2.4367816091954024,297,86,GGCGAGCGTGATTTAGGGAG,211,3557541
tisBp,0.024390243902439025,82,81,TAGCGCGATTCTATTTTCCA,1,3563931
tisBp,0.024691358024691357,81,80,TTAGTCTACCGCCAGTATTA,1,3559701
tisBp,2.308641975308642,266,80,AAGACGGACGTACCTATCTG,186,3544675
tisBp,0.025,80,79,GTTCCTCATCACTTCTACAT,1,3546530
tisBp,0.0379746835443038,80,78,GTGACAGAAAAGAGAGGGAG,2,3577123
tisBp,5.3924050632911396,503,78,CATGTGTAGTATGACAGGCG,425,3559333
tisBp,2.810126582278481,299,78,AATGTGACTTTGCTATACAG,221,3551171
tisBp,0.02564102564102564,78,77,AAGTATCTCGTAAAGATCAT,1,3566875
tisBp,0.03896103896103896,78,76,ATGTTCGTTCAAACCGACCG,2,3581552
tisBp,0.05333333333333334,77,74,AGTTCCACGTAAGATAGTTG,3,3545849
tisBp,3.452054794520548,323,72,CCACTGGCTACATTTTAGAC,251,3600079
tisBp,1.7536231884057971,188,68,ACACCGGGAAGTCCCATTGT,120,3574410
tisBp,0.04477611940298507,68,66,ACGATGTACCTGGTAGTACG,2,3557074
tisBp,0.045454545454545456,67,65,CCACCAGAGCACGCTTGATC,2,3548563
tisBp,3.3384615384615386,280,64,TGAAAACTCGATCACGATCA,216,3590102
tisBp,0.03076923076923077,65,64,TCCAACCCAGAGGTGAAAGT,1,3545463
tisBp,8.53968253968254,599,62,TGGTCCTGTTGATGTACGTA,537,3542234
tisBp,0.031746031746031744,63,62,GGGGCTTCTGCAGTGATAAT,1,3562760
tisBp,0.031746031746031744,63,62,CAATACCCTGATGCCCCTTA,1,3542875
tisBp,6.809523809523809,490,62,ATGGAACTTCTACTGCAGGT,428,3570530
tisBp,0.03225806451612903,62,61,GTAGATATCGGGCAGCATGA,1,3597243
tisBp,9.14516129032258,627,61,GAGAAAAAGTGTGTCCGTTA,566,3572488
tisBp,0.06451612903225806,64,61,AGACTGAATGGGAGAGTGCG,3,3596516
tisBp,3.8688524590163933,295,60,AGTTGCCGCCAAGCTTTGCT,235,3566155
tisBp,3.35,259,59,TTGGAGGCACGTGCAAACGT,200,3569339
tisBp,0.03333333333333333,60,59,CGTAGTTCACTCCACTCGGT,1,3541796
tisBp,0.03389830508474576,59,58,TGTAAGGCAAAATCGGTCCT,1,3551560
tisBp,15.137931034482758,934,57,CGCTGAGGAATAGACCCTTC,877,3600245
tisBp,0.07017543859649122,59,56,GTGCCAGTATTACTTTCCAA,3,3548395
tisBp,3.912280701754386,278,56,AGGTGCCTGATACTACGATT,222,3551425
tisBp,4.75,320,55,GTCCAGGGGTCATGAGGATC,265,3597447
tisBp,0.03571428571428571,56,55,GGCTGAGTAGGTGATAAAAT,1,3558158
tisBp,3.75,264,55,AACCGGCTTCGTCGGTAGTA,209,3576554
tisBp,0.03636363636363636,55,54,TTCGGGATGTCCGTTGCCGT,1,3558159
tisBp,0.03636363636363636,55,54,TGGAATATTTTATGGAGAGT,1,3544427
tisBp,0.03636363636363636,55,54,GCGAGCGGGCATTGTAGACC,1,3588427
tisBp,0.03636363636363636,55,54,GAATTTCCGACTCGACTGGG,1,3545160
tisBp,0.03636363636363636,55,54,CGGGAGTGGTCCCCCGGCTC,1,3542877
tisBp,3.574074074074074,245,53,TGCCGAGGCTGGTCGGACGA,192,3561173
tisBp,31.814814814814813,1770,53,ACCTACAAACACAGCATGTT,1717,3570568
tisBp,3.4339622641509435,233,52,TCTGCTTCACATACGACTTG,181,3557767
tisBp,2.7884615384615383,195,51,GCGCTGTAAGCCTTACACCA,144,3541437
tisBp,0.038461538461538464,52,51,CATAATGAACGTTTTTAACG,1,3543118
tisBp,0.09803921568627451,54,50,TGAACTATGCGGTTAAAGTG,4,3562872
tisBp,0.1568627450980392,57,50,GTTACGTGTGACGGCGGAAT,7,3597495
tisBp,4.294117647058823,268,50,CTGTTTATTCCAGGAGATAT,218,3543157
tisBp,3.607843137254902,233,50,CCTGCCCGGCCATCGGTGGC,183,3594654
tisBp,0.0392156862745098,51,50,ATCGTCATTACCGCAGGGGT,1,3576135
tisBp,0.04,50,49,TACAATCGGACCGCCCAGTC,1,3548018
tisBp,8.36,466,49,CTCTAGTTCCTTATCAGAAT,417,3566228
tisBp,0.06,51,49,CCCTTCGCCGTATGTGGCTA,2,3565168
tisBp,4.26,261,49,CATCAAGCCTACAAAGGTCT,212,3578793
tisBp,5.44,320,49,CACCCGTTCGTTAGAGCTAT,271,3587908
tisBp,0.04081632653061224,49,48,TTCTAGCCTCTTCTGTTGTA,1,3565466
tisBp,4.469387755102041,266,48,GTGACAGTAGGATGCTAAGT,218,3579363
tisBp,4.591836734693878,272,48,GGCTAACAAGCATTTCCCTA,224,3550872
tisBp,2.693877551020408,179,48,GCCACCACAGGGGATGTCAA,131,3583873
tisBp,0.04081632653061224,49,48,GATGTGCGTGTAGATATGTT,1,3556799
tisBp,9.10204081632653,493,48,ATACCAAGACTGGTCCAATG,445,3586254
tisBp,0.041666666666666664,48,47,TGTGAAAGGTATGGTATCGA,1,3547759
tisBp,0.041666666666666664,48,47,CTAGCGCTCCTGGGTCACCA,1,3568427
tisBp,2.0625,145,47,AGTCCAGTTTCTGGGCGCAA,98,3542206
tisBp,3.875,232,47,ACTAGAGTGTGTTCTTTTCT,185,3549180
tisBp,3.5208333333333335,215,47,ACAAGAATCGAGCTGTAGAG,168,3565865
tisBp,4.531914893617022,258,46,TTGCTAAAGGACCATGGTGA,212,3566733
tisBp,0.0425531914893617,47,46,TCTTAAGCGTGTCCGTTTTG,1,3569265
tisBp,2.8297872340425534,178,46,TCGCAGTGCTCGCTCTCGGT,132,3558443
tisBp,0.0425531914893617,47,46,GAAGGAGCCCAGTAGCGAAG,1,3560123
tisBp,2.0,139,46,CCCGCATCGAACGCATAACT,93,3552696
tisBp,4.446808510638298,254,46,CACGCATCTTCTTTGTAGTC,208,3547777
tisBp,0.0851063829787234,49,46,ATATAGAGGGGGATGATAAA,3,3575349
tisBp,4.760869565217392,263,45,TCTGGTAGGGCCTCAGATAT,218,3549894
tisBp,4.3478260869565215,244,45,TAAGGCGGACTCTGATCCAA,199,3551297
tisBp,0.06521739130434782,47,45,ATATCTTAACTCGTTCATAT,2,3568204
tisBp,0.044444444444444446,45,44,TGCCACTATAAGTCGTTGGA,1,3549445
tisBp,0.044444444444444446,45,44,TATAATCCTCCTGAGATCCA,1,3597131
tisBp,5.177777777777778,276,44,GGGGTTGGCTGTACGCCCAT,232,3592136
tisBp,0.044444444444444446,45,44,GGACATTTTCTAGTCTATCA,1,3583627
tisBp,3.6,205,44,CTATTAACGGAGGCCCAATA,161,3544847
tisBp,0.044444444444444446,45,44,CATCAACTCCGCTTCTAAAG,1,3555581
tisBp,0.044444444444444446,45,44,CAGGGCCATACATATCCCAA,1,3548487
tisBp,0.045454545454545456,44,43,TGGTTCTAGTACCATAGGCC,1,3581556
tisBp,10.0,482,43,GAGCGTCTTGGGCATGAGGC,439,3576175
tisBp,0.045454545454545456,44,43,CCTCGTCTGGACAAGGCAAT,1,3562856
tisBp,0.06818181818181818,45,43,ATCCATAATATGCGTGTCAT,2,3541816
tisBp,0.06976744186046512,44,42,TCTCGCGCTTCCAGCATCAG,2,3556539
tisBp,5.976744186046512,298,42,GCTGCTTTCACGTTCACGTT,256,3586442
tisBp,10.186046511627907,479,42,GCCTATCATTTTTGCACGGG,437,3566828
tisBp,9.55813953488372,452,42,CCCTATTGTAAGTGTAAAGA,410,3583431
tisBp,0.046511627906976744,43,42,CATATGCGATTACAACTAGA,1,3587572
tisBp,0.11627906976744186,46,42,ACTGTTGAATGGGTGGATTA,4,3585026
tisBp,10.595238095238095,485,41,TCAGGAAATGGGATCAAGGT,444,3556988
tisBp,0.07142857142857142,43,41,GTGATAAAAGACATTCAGCG,2,3571776
tisBp,4.761904761904762,240,41,GGTTCTTCTTAAATAATCAT,199,3558059
tisBp,3.880952380952381,203,41,GGTGCTTAGTGTGCGGCTGA,162,3565124
tisBp,5.642857142857143,277,41,GGTCAGACCGGTTCGGGGGG,236,3578647
tisBp,2.4761904761904763,144,41,GATGGCCGACGGTACGGCGG,103,3582209
tisBp,0.047619047619047616,42,41,GAGGCCCAGGAGCTGTGCGA,1,3547446
tisBp,0.047619047619047616,42,41,CTTGCGCAAGTGTGCGCAAT,1,3555904
tisBp,10.785714285714286,493,41,CCGAAGATTCTCGCTACTAT,452,3593786
tisBp,6.666666666666667,320,41,CAGCTCGCCAGTACTATCTT,279,3556580
tisBp,2.9285714285714284,163,41,CACGAACTCAAACTCTCTTT,122,3569769
tisBp,0.047619047619047616,42,41,CAAGGGAGCGGGTCAGACAC,1,3550226
tisBp,0.047619047619047616,42,41,ATGAACGTCACTTCGAGGTA,1,3564229
tisBp,0.047619047619047616,42,41,AACAACCCCAGTGCACATGC,1,3544398
tisBp,6.780487804878049,317,40,TCCATTCAGACAGTAATCGG,277,3545294
tisBp,5.341463414634147,258,40,GTATTGTGGAATGATGTTCA,218,3548885
tisBp,0.0975609756097561,43,40,GCCGCGCTCATAATGCCAGG,3,3572150
tisBp,0.04878048780487805,41,40,CTGGCGATTCCTTGATTAAA,1,3560476
tisBp,4.634146341463414,229,40,CAACAGTTCCAGTAGCACGA,189,3581499
tisBp,0.04878048780487805,41,40,ACCGCAATGTGGGTATTCGG,1,3545625
tisBp,0.04878048780487805,41,40,AAGCCGCGGTCTACAACACT,1,3545025
tisBp,0.05,40,39,TTACTCCCACAGTTAGATCC,1,3548394
tisBp,0.2,46,39,TGTCAAATGGGGGCATGTCA,7,3545664
tisBp,28.2,1166,39,GTTCATTTCTGTTGTATATG,1127,3551521
tisBp,0.05,40,39,GGTAGACATTGCGTGTCCCA,1,3563459
tisBp,5.275,249,39,GGAATAGATAAGCGCAGCGA,210,3576345
tisBp,13.325,571,39,GCGAAAGGCCGCGCCGCCTT,532,3550690
tisBp,5.15,244,39,GAACTCTCACTTGGTACATC,205,3543384
tisBp,8.825,391,39,AGGGAGTACTGTTGCCAGGA,352,3596111
tisBp,26.075,1081,39,AGGCCGGCCCTGCAAATAGT,1042,3565698
tisBp,0.07692307692307693,40,38,TTCCCTGGCAGGCAAACGTG,2,3594353
tisBp,0.05128205128205128,39,38,TTCCAGGATGGAAAGCCCAT,1,3574141
tisBp,0.07692307692307693,40,38,TTACTCGTACAATAGTTCCT,2,3569257
tisBp,0.07692307692307693,40,38,TCAAGTATTACTTCCGTACA,2,3569825
tisBp,0.46153846153846156,55,38,GTGTTATCTGTGTTATAATT,17,3548573
tisBp,0.05128205128205128,39,38,GTCTCGTGTGCAATCCTGAT,1,3580098
tisBp,0.05128205128205128,39,38,GCCCAATTTCGTTCTGCTAC,1,3574430
tisBp,0.05128205128205128,39,38,CCTGATGTCTGGGGATTGGT,1,3572256
tisBp,0.05128205128205128,39,38,CCTCCTTACTAACTTCATTA,1,3549223
tisBp,0.05128205128205128,39,38,ATGACCCCTCTAAGCTTCTT,1,3554919
tisBp,9.64102564102564,413,38,ATCCCCATCTGAGACCAAAT,375,3570348
tisBp,0.05263157894736842,38,37,TTCGTCGGGCACAGTTCATG,1,3556031
tisBp,4.526315789473684,208,37,TGGTCTCCCCTCGGCGTAAG,171,3575926
tisBp,0.10526315789473684,40,37,TCAACACCAAGGTCCTTGGC,3,3571031
tisBp,24.526315789473685,968,37,GTTTAGTCACCTAAAAAAAT,931,3558435
tisBp,0.07894736842105263,39,37,GTGTATAGTCTAAGGGAGGA,2,3552373
tisBp,0.07894736842105263,39,37,GTGAGGGATCTACCTGAGAC,2,3566028
tisBp,0.05263157894736842,38,37,GCTTATTACAATCTTTTAAG,1,3544943
tisBp,3.3421052631578947,163,37,GCTAAAATCTATTCAGTCAG,126,3559485
tisBp,12.421052631578947,508,37,GAGCGGTGCGTCGGACGAAA,471,3556672
tisBp,0.07894736842105263,39,37,CTGGAACTCATTCCGGACCA,2,3546413
tisBp,0.05263157894736842,38,37,CTGAGTGTTCAGGAAGAAGT,1,3567150
tisBp,0.05263157894736842,38,37,CTCAATTGTTACCGACCGAT,1,3555772
tisBp,0.10526315789473684,40,37,ATTCCAATTAGTCATTCGAT,3,3550691
tisBp,0.05263157894736842,38,37,ATACACGAAATGTTCATTTT,1,3563354
tisBp,3.289473684210526,161,37,ACTTACGGATACAGCTACTC,124,3544537
tisBp,44.526315789473685,1728,37,ACAAGTTTCTACGTTACTTA,1691,3542438
tisBp,0.05263157894736842,38,37,AAAATTTGATGATCCCATAT,1,3602672
tisBp,0.05405405405405406,37,36,TTAGCCTTGCGCCTGACTAA,1,3580683
tisBp,0.13513513513513514,40,36,TGTAAGGTTGGTGTACAGTT,4,3545038
tisBp,0.05405405405405406,37,36,GTCAGTTCTGGAAACTTTTA,1,3571749
tisBp,0.05405405405405406,37,36,GGTCTTTAATCCCCTTAGAC,1,3580039
tisBp,0.05405405405405406,37,36,GATCACAACGTATACCAAGT,1,3579278
tisBp,0.05405405405405406,37,36,GAATGGTCTCTTCACGATCC,1,3576121
tisBp,11.18918918918919,449,36,GAACGACTACCACATCAGGA,413,3549835
tisBp,0.05405405405405406,37,36,CTCGCGCCTCGCGAACTGAT,1,3590873
tisBp,0.05405405405405406,37,36,CTCGCACATGATTTTATGGG,1,3563435
tisBp,0.08108108108108109,38,36,CCTCAAATTTGCTGAGTACG,2,3554921
tisBp,5.783783783783784,249,36,ATTGCAGCACTTTTAAAGTA,213,3597811
tisBp,6.594594594594595,279,36,AGCGCCACGGTTTGGATCCT,243,3594643
tisBp,0.05405405405405406,37,36,ACCATTGGACCCTCGCGGAT,1,3575646
tisBp,0.1111111111111111,38,35,TTTCACCGCCAGGAATGGTT,3,3551804
tisBp,0.08333333333333333,37,35,TTCTTGAACGTTGGGGATAT,2,3569033
tisBp,0.05555555555555555,36,35,TTAAAAGGTTGCTAAGACCA,1,3587498
tisBp,0.05555555555555555,36,35,TCAGGTCTTAGCCGTACGTA,1,3595024
tisBp,4.388888888888889,192,35,GGTCAAAAGTCTCTGTGAAT,157,3545947
tisBp,0.08333333333333333,37,35,GGTAGATCGCCTCATCGGTT,2,3582042
tisBp,15.694444444444445,599,35,GGACACAAACATCCTTGTTG,564,3552933
tisBp,3.9444444444444446,176,35,GAGTTTGTTGAGTCTAAGAC,141,3564483
tisBp,27.055555555555557,1008,35,GAACTGAAATGGACTCGAAT,973,3598441
tisBp,0.05555555555555555,36,35,CTTCACCGAGTCCTTGGCTC,1,3551971
tisBp,0.05555555555555555,36,35,CTATCGGTTCTATTAGGGAA,1,3589984
tisBp,0.08333333333333333,37,35,CATCATGAGATGGTCTTATG,2,3546210
tisBp,0.05555555555555555,36,35,CAAATCGTGAACTGGCCCTT,1,3548696
tisBp,0.05555555555555555,36,35,ACAATGGTGGCAGGCGTCGC,1,3594269
tisBp,5.527777777777778,233,35,AATATCATTCGGACATACAG,198,3565867
tisBp,0.05555555555555555,36,35,AACTGTGCCCATTGCTGCCT,1,3562912
tisBp,12.666666666666666,490,35,AAACCACCTGGGTAGATCGT,455,3544940
tisBp,0.05714285714285714,35,34,TTGTCCGCACTAGCATGGTG,1,3577908
tisBp,11.457142857142857,434,34,TATTGGCTAATGACGATTCG,400,3562463
tisBp,0.05714285714285714,35,34,GTGCCACGGAAGTGCAATTG,1,3592573
tisBp,6.6,264,34,GTACCTTTAACATGGCTAGT,230,3593090
tisBp,0.05714285714285714,35,34,CTGACACATTGACTTCGATG,1,3564486
tisBp,0.05714285714285714,35,34,CATACCTAATAGGGAGCCAC,1,3542927
tisBp,0.11428571428571428,37,34,CAGATGATTGGGGCGCGCGA,3,3558026
tisBp,0.05714285714285714,35,34,ATTGCTGCGTTCCGTTTCAT,1,3576178
tisBp,0.05714285714285714,35,34,ACAATCTCCTGACCTGTGGG,1,3541729
tisBp,5.6571428571428575,231,34,AATTTGTTCGGGCAGGTTTG,197,3557463
tisBp,0.05714285714285714,35,34,AAGGATATCGGCCTATGGTA,1,3569446
tisBp,0.05714285714285714,35,34,AAGCTCTAGGTTTTCATTCC,1,3563743
tisBp,0.05714285714285714,35,34,AAGCCGACATGGGGAATTTT,1,3547707
tisBp,0.05714285714285714,35,34,AACGAACCGTCCAGCCCTCT,1,3593479
tisBp,6.205882352941177,243,33,TTAAGTAACCCTTGCTTCAT,210,3571897
tisBp,2.4705882352941178,116,33,TGGTCGAGTACTGCCCATAT,83,3562925
tisBp,0.058823529411764705,34,33,TGCGTAAATAAGTTGACAGT,1,3541434
tisBp,0.08823529411764706,35,33,TCTACGGGTGCCGGTGATAT,2,3548628
tisBp,0.058823529411764705,34,33,TACGCTCAAACGGGAGTCAA,1,3593222
tisBp,0.14705882352941177,37,33,GTTGGAATGGTGTCGGAAAT,4,3559708
tisBp,7.911764705882353,301,33,GTAACGTACATGACCCCTGA,268,3561393
tisBp,0.08823529411764706,35,33,GCCCTGTTGTCTGGGTGGTA,2,3547722
tisBp,0.058823529411764705,34,33,GAGAACTAAACCATAGTGCT,1,3560878
tisBp,6.617647058823529,257,33,GACTAAAACTGGTGTGATTA,224,3561611
tisBp,0.058823529411764705,34,33,CTTTTCGATTTGACGCACTG,1,3589307
tisBp,0.058823529411764705,34,33,CTTCCGATGTAGTAAGATAG,1,3569895
tisBp,0.058823529411764705,34,33,CTGTAACACAGCACAGAGCT,1,3557025
tisBp,0.23529411764705882,40,33,CTGACTTTACCATGCCCGCT,7,3599147
tisBp,0.08823529411764706,35,33,CCAGGGCTTTCGAAGGAACC,2,3576525
tisBp,0.11764705882352941,36,33,AGGTTAATTTGAGACCTTCA,3,3546877
tisBp,11.617647058823529,427,33,AAGGAGGGTTCCTTTATTAT,394,3587251
tisBp,6.333333333333333,240,32,TTAGATACGAGACAACTGGT,208,3549597
tisBp,0.06060606060606061,33,32,TGTTGTAGAAGACAGTGGAC,1,3563014
tisBp,22.818181818181817,784,32,TGCTGAGTTGCGACCACTCA,752,3544347
tisBp,6.878787878787879,258,32,TCCCTTAATCACGGTGTGCA,226,3578267
tisBp,0.06060606060606061,33,32,TCATATTACCGACTCGGGTT,1,3546020
tisBp,0.06060606060606061,33,32,GGCACTTGGCCTATCCTCAA,1,3598727
tisBp,0.06060606060606061,33,32,GCACTATAACTGCACCGAAA,1,3569180
tisBp,6.878787878787879,258,32,GAGCCACGCGGCGCACATCC,226,3559484
tisBp,0.06060606060606061,33,32,GAATATTGGAAGTTGCGATA,1,3595701
tisBp,6.121212121212121,233,32,CTTTGAATAGCTTGTCGCGA,201,3551066
tisBp,0.06060606060606061,33,32,CTGGGGGATTTCCGCCCTTC,1,3558269
tisBp,0.12121212121212122,35,32,CGCAAAAGCTTCCGAACATC,3,3548518
tisBp,6.818181818181818,256,32,CAAACCTCAGACCGTCTTTT,224,3556985
tisBp,0.09090909090909091,34,32,ATATACATCTTCATCGTTAT,2,3588016
tisBp,0.06060606060606061,33,32,AGTTAGCGAGACGTTAGGGT,1,3571966
tisBp,19.0,658,32,ACGTCTCGAACAGCTGAACT,626,3542356
tisBp,6.606060606060606,249,32,AACTCATTCTTCTGCAGGCC,217,3570986
tisBp,0.15625,35,31,TTGTGTTGATGTCCCAAAAA,4,3571426
tisBp,4.84375,185,31,TTGTCCGACCGACACCCTCT,154,3599282
tisBp,6.8125,248,31,TTGAGAATCAAGGATAAAAA,217,3594568
tisBp,0.125,34,31,TGGCTACAAGACGCCTCTGC,3,3574748
tisBp,0.09375,33,31,TCGCAGGTACACAATAACAT,2,3545568
tisBp,0.09375,33,31,GTTTGGCCGGCCTCTGGAGG,2,3551523
tisBp,0.0625,32,31,GATTCCAGGTCTGCAGGACT,1,3553927
tisBp,0.125,34,31,CTTCTGGTGTTTCACGGCCC,3,3566039
tisBp,0.09375,33,31,CATTTTGTGAAGCCGATGGA,2,3574065
tisBp,3.34375,137,31,ATATCCGTTCACTCTGTGGG,106,3589840
tisBp,0.0625,32,31,AGTATCATGCGAAATTCAAT,1,3570922
tisBp,0.09375,33,31,AGCGCTCTTGTAGAGAATAT,2,3555187
tisBp,0.0625,32,31,AGCCGATCGTTCCACTCCGC,1,3598569
tisBp,6.21875,229,31,ACTATTACCTTCACGTAAAA,198,3574064
tisBp,0.0625,32,31,ACAATCAGCCGGCCCAAGGA,1,3564222
tisBp,0.0625,32,31,ACAAGGATACCCACGGGCTG,1,3544109
tisBp,7.09375,257,31,AAGAGCGTACCGCGTGCGGA,226,3567923
tisBp,0.15625,35,31,AAACAAAGACTAAAGCTCAA,4,3573139
tisBp,0.0625,32,31,AAAAACCTGATTATTGTCAT,1,3575567
tisBp,15.935483870967742,523,30,TTGAGCAACAAGTTTAGTCA,493,3551522
tisBp,0.06451612903225806,31,30,TTAAATGTCGTGAGCGCATC,1,3563721
tisBp,7.580645161290323,264,30,TGTCTTACGCCTTTAGTATG,234,3544491
tisBp,0.0967741935483871,32,30,TCTGTGCAAGACGGGGGCTG,2,3555859
tisBp,6.419354838709677,228,30,TCACAACCGTAAAATGGTCT,198,3570839
tisBp,0.06451612903225806,31,30,GTAGCGCGAGACGTACGGCT,1,3561257
tisBp,7.387096774193548,258,30,GGCCAAATAACCGAAGGGAG,228,3554739
tisBp,0.06451612903225806,31,30,GATTCAGGTATGAAACTACT,1,3571702
tisBp,0.06451612903225806,31,30,GAGGAGCCCAACGGGTAACT,1,3572000
tisBp,23.387096774193548,754,30,CGTGGAATACCTGTGGCCGT,724,3544348
tisBp,0.6129032258064516,48,30,CCAGTTCAAGCACATCCTAG,18,3559975
tisBp,8.290322580645162,286,30,ATCGGGCACAGAGACGGACG,256,3583827
tisBp,8.258064516129032,285,30,AGGAGGAATGGCAAACCCCG,255,3597903
tisBp,0.06451612903225806,31,30,AGCATGGAAAGACAGGAACA,1,3551492
tisBp,0.12903225806451613,33,30,AGACGTAACTCGGGTAAACT,3,3546366
tisBp,0.06451612903225806,31,30,ACTATTTAATTAATCACCGT,1,3599855
tisBp,0.06451612903225806,31,30,ACGTGGGCCGTTTAAAGCAG,1,3580283
tisBp,0.06451612903225806,31,30,ACGAACTCCGGTGAGATAGA,1,3557380
tisBp,0.06451612903225806,31,30,AACCGTCCTATCACACTCGA,1,3544470
tisBp,8.766666666666667,291,29,TTGGATTAGTATATGCCTTT,262,3543637
tisBp,0.06666666666666667,30,29,TTCCGAAAGACCGTCGATAA,1,3570403
tisBp,21.9,685,29,TGTCAACGGGTCCCAGGGAA,656,3587948
tisBp,5.733333333333333,200,29,TCTCTCCTTACTTTGTCCAT,171,3582206
tisBp,7.433333333333334,251,29,TCCAGATAGTGACATTGAAC,222,3541565
tisBp,8.3,277,29,GTGCCTGTCGTCAGACTATA,248,3542315
tisBp,6.566666666666666,225,29,GGGCTTTGATAAGGGGACTA,196,3567187
tisBp,24.866666666666667,774,29,GGCGGGGCCGATGTGTTCAA,745,3542769
tisBp,0.06666666666666667,30,29,GGCAGTTACGGCCCCCGAGA,1,3548755
tisBp,0.06666666666666667,30,29,GCGTTAGAACGTCAGTATAT,1,3601056
tisBp,0.06666666666666667,30,29,GCGATCCATGTTTTAGGCAA,1,3563150
tisBp,5.333333333333333,188,29,GCAAAAAGTTTCCTCCTTGA,159,3578512
tisBp,0.06666666666666667,30,29,GAGGGTTTGGTCTGGGCACC,1,3549542
tisBp,33.1,1021,29,CTACCATGCAGATCTATACT,992,3570592
tisBp,6.866666666666666,234,29,CGCACGCCTCGGCCACGAGA,205,3577551
tisBp,0.06666666666666667,30,29,CGACTCAGCTACAGAGACCT,1,3581103
tisBp,6.9,235,29,CCGGTAAGGACCGTGTTTAG,206,3554612
tisBp,0.06666666666666667,30,29,CATTTGATGGCTTATCGGTC,1,3543278
tisBp,5.533333333333333,194,29,CAGTTCTCTAGCCTAGAACT,165,3590473
tisBp,7.866666666666666,264,29,AGAAGCTACAATCAGAAACA,235,3570870
tisBp,9.233333333333333,305,29,ACTGTGCTTAATCGGTGCAT,276,3555276
tisBp,5.733333333333333,200,29,ACCGTGAATCTAAGGTTGCA,171,3542840
tisBp,0.06666666666666667,30,29,ACCGTAGCTCGATGTGAGTG,1,3583821
tisBp,0.06896551724137931,29,28,TGTTGGGGACCTCACTGGCT,1,3552040
tisBp,7.413793103448276,242,28,TGTAAATTACACAGACGTGT,214,3559778
tisBp,16.17241379310345,496,28,TGGGACGCCCTGCGATGGGA,468,3594558
tisBp,14.89655172413793,459,28,TGCAGAGCACCCACCGGCAG,431,3545566
tisBp,8.275862068965518,267,28,TGACGCCAAGCGGGTATCCA,239,3542648
tisBp,7.689655172413793,250,28,TGAATGGACTCGCCGGAAAA,222,3589779
tisBp,8.448275862068966,272,28,TCTGGACCACGGGGTGTTAA,244,3547419
tisBp,7.724137931034483,251,28,TACAGTGTTCGGGTATTGTG,223,3563270
tisBp,0.06896551724137931,29,28,GTGGAGCAGGTCACGGTTCG,1,3586988
tisBp,6.310344827586207,210,28,GCTTGGCCCTTGTTGCCTAC,182,3556080
tisBp,7.344827586206897,240,28,GATTCGGGACGTAAGAACTG,212,3569393
tisBp,0.10344827586206896,30,28,GACCCAAACGTGTATGCATG,2,3555645
tisBp,5.275862068965517,180,28,CTTTGCGTCCGCCAGACTTC,152,3566383
tisBp,14.551724137931034,449,28,CTGTTAGGCTAGATATCTGT,421,3562555
tisBp,0.06896551724137931,29,28,CCAGAGAGCCTCGGGCGTTC,1,3576716
tisBp,0.06896551724137931,29,28,CCACCGTGCCCAATGGTCCT,1,3571315
tisBp,0.06896551724137931,29,28,CCAACCGGCGAGATAGGTTA,1,3562356
tisBp,6.103448275862069,204,28,CACATGGACGTCAGCCTGAA,176,3601102
tisBp,16.75862068965517,513,28,CAAATATCCAATCACAGCTC,485,3545712
tisBp,0.2413793103448276,34,28,ATAGCATGTTTACGACTCGT,6,3563267
tisBp,0.06896551724137931,29,28,AGAGCCTAGGATATTCACAA,1,3559962
tisBp,4.172413793103448,148,28,AGAAGCGAGTTGAGCTTCAC,120,3576888
tisBp,0.07142857142857142,28,27,TTGCGCCGCCAGTTCCAGAG,1,3557771
tisBp,18.25,537,27,TTGAGCCTTGGCTAACAGAT,510,3567811
tisBp,0.17857142857142858,31,27,TGCCTCGCCGAACAAAGACC,4,3579243
tisBp,10.464285714285714,319,27,TGATATCTTCGCTTTCGCAA,292,3554667
tisBp,7.107142857142857,225,27,TCGGTTCGGCCCTGGCAAAG,198,3545571
tisBp,0.07142857142857142,28,27,TCGAGTTTCTGCACGTGTTG,1,3570829
tisBp,0.07142857142857142,28,27,TCCGCGTCACTATTGGGTTG,1,3558276
tisBp,0.07142857142857142,28,27,TCAAGTTATTGGGATGGGAC,1,3583122
tisBp,0.07142857142857142,28,27,GTTGCGCGTCTAGGCCGTGT,1,3548891
tisBp,17.071428571428573,504,27,GTCGGTACCTTGTTTTCTCT,477,3557509
tisBp,7.678571428571429,241,27,GTCATCTGACAGACGGCCAA,214,3559716
tisBp,0.07142857142857142,28,27,GGCACGTATAGATGTTTTCC,1,3576719
tisBp,0.14285714285714285,30,27,GGATCCACACATCTACGAAA,3,3552721
tisBp,6.928571428571429,220,27,GGAGCTTAGTGACCCGCAGA,193,3567463
tisBp,8.142857142857142,254,27,GCTTGGACTCGAACTCCTGT,227,3545573
tisBp,7.5,236,27,GCTGGGCCTAGACTACATCT,209,3581109
tisBp,9.392857142857142,289,27,GCAAGCATTTGATTAATGCG,262,3595294
tisBp,0.07142857142857142,28,27,GACACCATGGCCCATCCGAA,1,3581754
tisBp,7.607142857142857,239,27,GAAGAGGGCTGGCATCTTTT,212,3557224
tisBp,0.07142857142857142,28,27,CTGCGATGTGATATCAGTTA,1,3592627
tisBp,0.07142857142857142,28,27,CGGTCCCAATCGGAACATCA,1,3563355
tisBp,1.8571428571428572,78,27,CGCCCCTCGTGTCAATTCAA,51,3564853
tisBp,0.14285714285714285,30,27,CCAACGTCGGAAGATGGAGG,3,3574574
tisBp,7.857142857142857,246,27,CAACTGGTGGACTTGGGTGG,219,3582404
tisBp,6.964285714285714,221,27,ATTGCCGAGTGAGTATACAC,194,3563470
tisBp,5.357142857142857,176,27,ATCCCAAGGCTGGGAGAGGA,149,3559783
tisBp,0.07142857142857142,28,27,AGGTAAGAGGCGCATCAGGT,1,3543526
tisBp,0.07142857142857142,28,27,ACCGGGTCAAGAAGGATGTC,1,3542583
tisBp,0.07142857142857142,28,27,ACACCGGCTAACTCACCAGG,1,3545676
tisBp,0.07142857142857142,28,27,AACAAGCACACCTCGATGGC,1,3587577
tisBp,19.178571428571427,563,27,AAATTAAAACTACCGCCGAT,536,3560511
tisBp,0.07407407407407407,27,26,TTTGGAGCCGGACACTACCG,1,3542306
tisBp,6.703703703703703,206,26,TTTCTAGTCTACGCAAAAAA,180,3582565
tisBp,0.07407407407407407,27,26,TTGTTTGCCCGAGAAGCTGC,1,3559667
tisBp,15.333333333333334,439,26,TTGTAGAGCCAATGCAGCCA,413,3599515
tisBp,5.111111111111111,163,26,TGCCGGGTGGCGGTGAAACC,137,3561926
tisBp,0.1111111111111111,28,26,TCCGTTTATAACCCCGCATA,2,3585862
tisBp,0.1111111111111111,28,26,TAGAAAGAGGTCTGAGCGTA,2,3564242
tisBp,8.407407407407407,252,26,GTCGCATCAGAAACGCAATA,226,3572886
tisBp,8.592592592592593,257,26,GACGTTACGAACTGTACGAA,231,3558501
tisBp,9.296296296296296,276,26,CGTAGACCATCGATGTCGTC,250,3571905
tisBp,0.07407407407407407,27,26,CGGAGTAATAGGGCGCTTTT,1,3544628
tisBp,9.777777777777779,289,26,CATTGATAGCTACGACGCAA,263,3573913
tisBp,0.07407407407407407,27,26,CATGGCGCAATATCCGGCTC,1,3580023
tisBp,0.1111111111111111,28,26,CACCGTACGCGGTGTGTATA,2,3581756
tisBp,16.925925925925927,482,26,ATTGCGGGGCGGAATACCGC,456,3570837
tisBp,0.07407407407407407,27,26,ATTACAATAGCTGTCAGATG,1,3564798
tisBp,0.07407407407407407,27,26,AGCCACGGGTCCTGTTGTTG,1,3555776
tisBp,0.07407407407407407,27,26,AGAATCAGGCAACGAATCAT,1,3588721
tisBp,0.07407407407407407,27,26,ACGTTGGCGGCCACCGACGG,1,3569593
tisBp,5.777777777777778,181,26,ACGAAGAAAAAACAGGAAGT,155,3597441
tisBp,0.07407407407407407,27,26,ACCCATCGGTTGTACGTCCG,1,3577540
tisBp,8.925925925925926,266,26,ACATTGATTACACAAAGCGT,240,3589451
tisBp,0.18518518518518517,30,26,AATCGTGCTTAAACCGACGT,4,3591096
tisBp,2.7777777777777777,100,26,AAATCACGACCGAAGTAGGT,74,3582028
tisBp,0.1111111111111111,28,26,AAAACCGACGTAAATATGTT,2,3555431
tisBp,0.07692307692307693,26,25,TTGTTGTAGTCATTGTATCG,1,3546138
tisBp,0.07692307692307693,26,25,TTCTTGGATACACAGTAGGG,1,3561658
tisBp,16.076923076923077,442,25,TGGCAGAGTCCACGAAAGCC,417,3542677
tisBp,0.07692307692307693,26,25,TGCGTTGCTCAAAATCAGGG,1,3543407
tisBp,8.038461538461538,233,25,TATGGCTACGCCAACGGAGT,208,3549533
tisBp,48.76923076923077,1292,25,TAGAGTCGCTGTTCTTGATA,1267,3602299
tisBp,7.538461538461538,220,25,GTGTATTGTTCCCCCATTAA,195,3600706
tisBp,16.26923076923077,447,25,GTACGAATGCTGTCTCATAC,422,3545709
tisBp,12.0,336,25,GGTCAGAGTCTCCTTTAATA,311,3543280
tisBp,7.1923076923076925,211,25,GCACCCCAGGCTTTATCCTA,186,3543894
tisBp,5.846153846153846,176,25,GAGATGAGTAACATACCGAT,151,3589758
tisBp,0.11538461538461539,27,25,CTGGGTTAAGGATAGTGTGG,2,3585792
tisBp,6.961538461538462,205,25,CTCGGGCAGTGTAGGGAGGC,180,3561238
tisBp,0.07692307692307693,26,25,CGGCAGACAGTGAGGAGGCC,1,3601142
tisBp,0.07692307692307693,26,25,CGGCAATCCAAAGACGGCGG,1,3589698
tisBp,7.884615384615385,229,25,CGAGTGTCGCGAGAGGTTTC,204,3567929
tisBp,0.07692307692307693,26,25,CGACTAAAAGGTAGGCCCTA,1,3593190
tisBp,0.07692307692307693,26,25,CGAAGGTGATGCACTTAATA,1,3553232
tisBp,16.26923076923077,447,25,CCTTGCACGCTGCGATACGA,422,3597620
tisBp,8.692307692307692,250,25,CCATGACCGAAAAGAAAGTT,225,3574512
tisBp,0.07692307692307693,26,25,CAGGTAAATCATCCACGCTG,1,3566154
tisBp,0.07692307692307693,26,25,CAAGTGAAAGTAGGGCACGG,1,3573969
tisBp,15.923076923076923,438,25,ATGCCGTTTCGAGGGGATAT,413,3597953
tisBp,0.07692307692307693,26,25,ACGACCTTATTGCGGACGCA,1,3579315
tisBp,0.07692307692307693,26,25,ACAGCCGCCAATGTGCACGG,1,3552154
tisBp,0.07692307692307693,26,25,ACACTGAATACCACAGTTTA,1,3595622
tisBp,19.346153846153847,527,25,ACACTCGACTCGCGTTCCTA,502,3562461
tisBp,0.07692307692307693,26,25,AATAAGTAGCGCAACTTTAC,1,3565427
tisBp,6.730769230769231,199,25,AACCTTATGCATAGAGGCTA,174,3564519
tisBp,7.76,217,24,TTTCACGGCAATCTATGCGA,193,3556212
tisBp,0.08,25,24,TGGTGGAATTCGAATCCTGT,1,3588974
tisBp,7.96,222,24,TGAGAAAGTCAGTGGCAAAA,198,3599979
tisBp,9.08,250,24,TCAACAGTTTTGGAAAAACC,226,3575937
tisBp,0.08,25,24,GTTGTTTTCGTGATCGTTCA,1,3563984
tisBp,0.08,25,24,GTTGAACAACATTGGGTTTT,1,3587535
tisBp,0.08,25,24,GTCCTTTAGGTGACGTTTCT,1,3566143
tisBp,0.16,27,24,GTACGTAAAATTTTTGGATT,3,3559225
tisBp,6.4,183,24,GTAAGCTGATGAAGCATTAT,159,3576606
tisBp,23.72,616,24,GGGGCAGCTATGCAAGCACC,592,3553776
tisBp,0.08,25,24,GGGAGATTGAACAACAACTA,1,3556532
tisBp,0.12,26,24,GGCACACCGTAAGTTGGTAC,2,3560349
tisBp,0.08,25,24,GGACTGACTGTCTCAACGGT,1,3545078
tisBp,0.08,25,24,GCTAATCCCTCTGGTCGGAT,1,3558994
tisBp,0.08,25,24,GCATCCATTGGATGTTCGGT,1,3573435
tisBp,0.08,25,24,GACAGGATCTTTGTTGTCAG,1,3584840
tisBp,6.0,173,24,GAAAAACCCTGCGGAGGACG,149,3551783
tisBp,0.08,25,24,CTTTCTCTCGGGTGAGTGTA,1,3552658
tisBp,6.36,182,24,CGTGATCGGGTTTCTCGCTT,158,3565863
tisBp,7.24,204,24,CGGCTCGGTTAGTCTACTCG,180,3568293
tisBp,1.52,61,24,CGGAGCTTAGTGATTTTTCA,37,3588880
tisBp,0.12,26,24,CCTGATCAGCTTGCGTTCAA,2,3592990
tisBp,0.08,25,24,CCTGACCATCGCATGAAGGT,1,3565459
tisBp,0.08,25,24,CCGGGAGCCGCCCAAAGGCC,1,3582551
tisBp,15.72,416,24,CCATAATCTTTACTTCGGAC,392,3592206
tisBp,0.08,25,24,CACCATAAACGACGCAGAGA,1,3584244
tisBp,0.08,25,24,CAAAACAACCGACGAGGGTT,1,3594375
tisBp,4.08,125,24,ATTTCGGAGATTTTGCTCCA,101,3542477
tisBp,0.08,25,24,ATTGAGGTGAGCGTTTAGTA,1,3549224
tisBp,0.12,26,24,ATGCTCGAAGCAGGGTTGTG,2,3587945
tisBp,0.08,25,24,ATAATTGACCGAATTACGCA,1,3542312
tisBp,0.08,25,24,ATAATGAGAAATCGGCATTA,1,3592903
tisBp,0.08,25,24,AGGCCGGGTCTGCCAGTCAA,1,3542789
tisBp,0.08,25,24,AGCATAAGTGTTTCTGCTCT,1,3562999
tisBp,8.24,229,24,AGCAGCTTCAGGCGTTCGTA,205,3602896
tisBp,0.08,25,24,ACTGCACACGCAAGGCAGGA,1,3590470
tisBp,0.08,25,24,ACGGACAATAAAAAGGGACT,1,3557452
tisBp,7.92,221,24,ACCACCCGATAAGCTGGACG,197,3594403
tisBp,7.92,221,24,AACAGCCCTAGCGGAGTCGG,197,3549744
tisBp,0.08333333333333333,24,23,TTCGGGCGAGTGTTCTGGCG,1,3571162
tisBp,0.08333333333333333,24,23,TTCGGCCCAAAAGTACGCAT,1,3552470
tisBp,0.16666666666666666,26,23,TGGAGGACAAACAGAGTGAA,3,3564860
tisBp,0.125,25,23,TCGCTCTGTTTTGACGAAGA,2,3587941
tisBp,22.666666666666668,566,23,TCATGTCTAGAAGAGTAAGT,543,3577392
tisBp,1.4166666666666667,56,23,TATTTATAAAACTCGTCTCG,33,3598735
tisBp,0.08333333333333333,24,23,TACCTCCCCTAAGTCATAGT,1,3550080
tisBp,9.125,241,23,GTGTGGATAAGAGGCACGGC,218,3568861
tisBp,0.08333333333333333,24,23,GTCTGCTCATGTCCATTGCT,1,3589812
tisBp,0.08333333333333333,24,23,GTATTCATGCTGCGGAAGTC,1,3548808
tisBp,0.125,25,23,GGTTCCCTTGACGCCTAGTT,2,3587419
tisBp,0.08333333333333333,24,23,GGGCGGGACACCTAGTTTTG,1,3580895
tisBp,9.666666666666666,254,23,GCTACTCAAAATTTTGGACA,231,3580727
tisBp,0.08333333333333333,24,23,GCCGGAAAACAGTACCGGCA,1,3576939
tisBp,0.4583333333333333,33,23,GAGTCAGCGCAGCTCTCTTT,10,3590285
tisBp,8.666666666666666,230,23,CGTCCGGCTAGGATTCACGA,207,3579762
tisBp,0.08333333333333333,24,23,CGCCTTTGAGCCGCCCCATC,1,3554580
tisBp,0.08333333333333333,24,23,CGAGTAATTGTACACAGTTT,1,3584838
tisBp,0.08333333333333333,24,23,CCTCTCACGTGCGGTGGAAG,1,3578981
tisBp,16.0,406,23,CCCAAAGTCGCCTAAGCTTT,383,3542376
tisBp,7.125,193,23,CATAGGCGGAAGGACGCGCT,170,3552774
tisBp,0.08333333333333333,24,23,CACTGCCTTCTAACGTTCTA,1,3566920
tisBp,0.08333333333333333,24,23,CAATCGGGGCTCGATCGAAT,1,3556626
tisBp,0.16666666666666666,26,23,CAAAATAGACGCTCGCTCCT,3,3580563
tisBp,0.08333333333333333,24,23,ATACGGTGATCGATGAATGA,1,3565307
tisBp,6.083333333333333,168,23,ATAAGCTTCTCCTATTGGGG,145,3557186
tisBp,7.166666666666667,194,23,AGTAAAAATGCAGGAAGGTG,171,3558992
tisBp,0.08333333333333333,24,23,AGGCCCCACAAGGACAACTA,1,3555745
tisBp,0.08333333333333333,24,23,AGCTATACGTTCTTATGCCC,1,3571681
tisBp,0.125,25,23,AGATTGCGGAGATAGGATGA,2,3587973
tisBp,17.333333333333332,438,23,ACGTTACCGATTACTTAAAA,415,3582140
tisBp,0.16666666666666666,26,23,ACGCTTAGGACTACCGTTGA,3,3596007
tisBp,0.08333333333333333,24,23,ACCATGATATAGAGAAATCC,1,3580106
tisBp,22.791666666666668,569,23,AACACTAGGGGACGCCACTA,546,3567393
tisBp,0.08333333333333333,24,23,AAAACCGTGGAAATATATTA,1,3547080
tisBp,8.043478260869565,206,22,TTTATCGGAAAAAACTGCTC,184,3542793
tisBp,0.13043478260869565,24,22,TTCTCATAGGCAAGTACTGC,2,3544408
tisBp,8.347826086956522,213,22,TTAGGTCGTCCTCACGTCCG,191,3566655
tisBp,0.08695652173913043,23,22,TGTGGCGAGGGGCTCAAATG,1,3563277
tisBp,0.08695652173913043,23,22,TGGAACAATTTTTCAAGTCG,1,3597621
tisBp,0.08695652173913043,23,22,TCTTCGTCTCGTAACTTTTA,1,3547709
tisBp,16.0,389,22,TCCGTCTAACCCGTGTCCCC,367,3586297
tisBp,2.3043478260869565,74,22,TCCAGATAGTTATCCATACG,52,3565754
tisBp,0.08695652173913043,23,22,TATGTGTAAACGAGGCATAA,1,3594417
tisBp,0.08695652173913043,23,22,TAGCTCGGGGATTGAAGAGC,1,3558650
tisBp,7.608695652173913,196,22,TAATTACGGCATACGCGCGT,174,3600947
tisBp,0.08695652173913043,23,22,GTTTAACGACCCCGCACCGT,1,3562012
tisBp,0.08695652173913043,23,22,GTGGCCCTTTGGCCGGCACG,1,3573495
tisBp,0.08695652173913043,23,22,GGACTTCGTACACTTCTTAT,1,3583485
tisBp,4.913043478260869,134,22,GGAACTTCTAGAGTTCTCCA,112,3570170
tisBp,0.08695652173913043,23,22,GCTGAGCTCGCGGGCATCTA,1,3585740
tisBp,5.521739130434782,148,22,GCTACGCGGCCTAATCCTGA,126,3603167
tisBp,5.956521739130435,158,22,GCCAAACAACGGGCTACTTT,136,3580302
tisBp,0.08695652173913043,23,22,CTGCGTAATCAATGAGTGAT,1,3597886
tisBp,0.08695652173913043,23,22,CGGTGATCCAATATCATCGA,1,3555612
tisBp,16.608695652173914,403,22,CGGGCCAAAAATCCAGGCGA,381,3570923
tisBp,0.17391304347826086,25,22,CCGGCTGGAGTTGGGGAACG,3,3559177
tisBp,8.826086956521738,224,22,CATGCGACCAGCTCACACGA,202,3575250
tisBp,0.13043478260869565,24,22,CACACTAATCCGGTATCAGT,2,3603370
tisBp,20.347826086956523,489,22,ATATCCAGTCCGGATGGGTT,467,3547263
tisBp,0.08695652173913043,23,22,ATAAAATAGCCCTCTCATTT,1,3594245
tisBp,9.130434782608695,231,22,AGTATAGCACAGCCAGCCGG,209,3557822
tisBp,9.434782608695652,238,22,AGCAAGCCACATGTACCCGG,216,3552934
tisBp,44.17391304347826,1037,22,ACGGGGCGACCATGCGGCTG,1015,3550100
tisBp,42.36363636363637,952,21,TTGGGCGAGTTACTTGAACA,931,3602843
tisBp,0.13636363636363635,23,21,TTGCGCCGGACAAATTCGGG,2,3558800
tisBp,3.9545454545454546,107,21,TTCCCCAAGTCTAATCCGGG,86,3570284
tisBp,11.681818181818182,277,21,TGTTAAGTCTCGCCGGGGTG,256,3542646
tisBp,20.272727272727273,466,21,TGTGCGCGCGAGGCCTCTTT,445,3543479
tisBp,0.09090909090909091,22,21,TGAGGAGGGACGCTTTTCCC,1,3546411
tisBp,10.454545454545455,250,21,TAAAGTAGTCGTTCAAGAAT,229,3578352
tisBp,9.590909090909092,231,21,GGTACTGAAAGGTAGTTGAG,210,3581727
tisBp,9.363636363636363,226,21,GGGTCTATCATGCGTGTGTT,205,3596673
tisBp,0.13636363636363635,23,21,GGCACGTTCGAATAAGCTGA,2,3601805
tisBp,0.09090909090909091,22,21,GGCAAGAGTGCCGTAAGACA,1,3546262
tisBp,0.09090909090909091,22,21,GCGGGTCAGGACGCCGTTTG,1,3556287
tisBp,7.363636363636363,182,21,CTGACTTGTGTGGCCTCTTA,161,3558600
tisBp,0.13636363636363635,23,21,CGCAAGCAGACTGACTAGGA,2,3585997
tisBp,0.13636363636363635,23,21,CGACCGTAACTTTGCTTAAT,2,3569653
tisBp,0.09090909090909091,22,21,CCATGTCATAGGACACAATT,1,3577339
tisBp,21.40909090909091,491,21,CCACCCTCAGCGGCGAATGA,470,3586903
tisBp,9.136363636363637,221,21,CCAAGACGCGTTATCTCGCT,200,3571173
tisBp,0.09090909090909091,22,21,CATACGTACTATTTCACAAT,1,3546596
tisBp,0.09090909090909091,22,21,CAGCGTGGCGGCCACACGTA,1,3551580
tisBp,33.22727272727273,751,21,CACAAGTACGTCGCCGTTTC,730,3556810
tisBp,0.18181818181818182,24,21,ATCACCAAGTTCATTTATTA,3,3589163
tisBp,0.13636363636363635,23,21,AGTTAGGGAACCTGCTCCCG,2,3566521
tisBp,8.318181818181818,203,21,AGTCGTAGGCGATATTTACA,182,3559774
tisBp,0.13636363636363635,23,21,AGGCGACAAGCTCGCGTAAC,2,3567604
tisBp,0.09090909090909091,22,21,AGGAGCCACGTTCAAAGCCT,1,3563823
tisBp,0.09090909090909091,22,21,ACCTTTGGCTGCGGGGTCCC,1,3557931
tisBp,0.09090909090909091,22,21,AAGTCCTTATGCTCTAGTCT,1,3551877
tisBp,11.727272727272727,278,21,AAGGTTCACAAACTTATGTT,257,3561256
tisBp,0.09090909090909091,22,21,AAGAACGGCGAGCGTTCCGC,1,3573185
tisBp,0.09090909090909091,22,21,AAAGTTCTGGGGGGCTAGGG,1,3577079
tisBp,0.14285714285714285,22,20,TTGGGTGATGCCGGGGCTGG,2,3587532
tisBp,7.666666666666667,180,20,TTCATGATCGTACCGGCAAT,160,3569530
tisBp,0.09523809523809523,21,20,TTAACGACAACGCTTGTCGT,1,3587783
tisBp,0.09523809523809523,21,20,TTAAATGCTTAAATCGCGGC,1,3582331
tisBp,0.09523809523809523,21,20,TGATATGCTGGGGCCTTCGG,1,3563671
tisBp,0.19047619047619047,23,20,TGAATCCATACACAGCTCGA,3,3576542
tisBp,0.09523809523809523,21,20,TCTATAAAACACGCCCTTAA,1,3545070
tisBp,11.380952380952381,258,20,TCGTGACTGACCGATGAAGC,238,3594022
tisBp,10.523809523809524,240,20,TCGCATAACCGTCTGCGCCA,220,3595662
tisBp,0.09523809523809523,21,20,TAGGTCGCAGAGGTCGCTGG,1,3546825
tisBp,0.14285714285714285,22,20,GTGGAGTGGAATTAAGCGAA,2,3551543
tisBp,15.095238095238095,336,20,GCGATGGTGGAACCGGCGGG,316,3597313
tisBp,0.14285714285714285,22,20,GCCAGAGACAGCAAAAATAT,2,3585617
tisBp,8.380952380952381,195,20,GATAGATAACTCAGATAAAG,175,3557184
tisBp,31.761904761904763,686,20,CTGTCAGAGCTATTGGACTG,666,3551530
tisBp,5.0476190476190474,125,20,CTGACAGTCTGCCAAGAGTA,105,3565705
tisBp,0.09523809523809523,21,20,CTCTTCCCAAGATGTCGATG,1,3570234
tisBp,6.761904761904762,161,20,CTCAGGTGCGAGAAGTGATT,141,3586006
tisBp,0.09523809523809523,21,20,CTACACTAGCGCTGGACGAG,1,3556604
tisBp,0.09523809523809523,21,20,CGTCCAGATAAACTGTCTGT,1,3584896
tisBp,9.666666666666666,222,20,CGGAGAGGATGTGTGACTAC,202,3548596
tisBp,1.4761904761904763,50,20,CGACGCCTAACTCACCCCCT,30,3580287
tisBp,0.09523809523809523,21,20,CCTCGCGTGAACGACACAAC,1,3575447
tisBp,0.14285714285714285,22,20,CCGTCTTGCGATCAAGGGAT,2,3583168
tisBp,0.09523809523809523,21,20,CCGGCACGCACTTTCTCCCC,1,3575396
tisBp,9.285714285714286,214,20,CCGCCTTGTAAAAGATAGGT,194,3577064
tisBp,0.14285714285714285,22,20,CCCATTAGAAACTCATCAAT,2,3594989
tisBp,0.42857142857142855,28,20,CCAAACAACCGGTGTCCAGT,8,3557695
tisBp,9.380952380952381,216,20,CATTGGACATTGTTTAAAAT,196,3591300
tisBp,1.0,40,20,CATTGAAGTCCCTCATTCCT,20,3589296
tisBp,0.09523809523809523,21,20,CAGGGGAGGTCAAACCCTAA,1,3551989
tisBp,0.09523809523809523,21,20,CAGGGAAGAAGTTGTTGCGA,1,3556587
tisBp,0.09523809523809523,21,20,CACATCCAAAGGGTAATGGA,1,3573042
tisBp,9.952380952380953,228,20,ATTGGTCTGTCTTGCGCCCG,208,3561613
tisBp,0.09523809523809523,21,20,ATCCGTCCGACAAGTCACCT,1,3585483
tisBp,0.19047619047619047,23,20,ATATCTACTACCTCCGCTTG,3,3587844
tisBp,0.14285714285714285,22,20,AGTGCTGATACGGCCCGTGG,2,3602641
tisBp,0.09523809523809523,21,20,AGCCGGAGGTAGTGCATTAT,1,3557465
tisBp,0.09523809523809523,21,20,AGAAATCAACGACCAGGTGT,1,3549997
tisBp,4.857142857142857,121,20,ACTCGGGCCAAGGGAGCATC,101,3571977
tisBp,0.19047619047619047,23,20,ACAGATGAGCCCGTAAACCT,3,3583108
tisBp,0.09523809523809523,21,20,AATCAGCGTGGATAGCGTTC,1,3594746
tisBp,0.09523809523809523,21,20,AAACCATCGACATATCGCGG,1,3603571
tisBp,0.15,21,19,TTTGCAGCTCAAGCTTGTCG,2,3565443
tisBp,0.1,20,19,TTGATTGACAAAGCGTTAAA,1,3586950
tisBp,0.15,21,19,TGGGGAGCATCCAGAGGCCT,2,3555875
tisBp,0.1,20,19,TGACGGGTCTAGTTCATGAA,1,3549601
tisBp,0.1,20,19,TCTTGGTTGACGGGGGGGCG,1,3557932
tisBp,10.4,226,19,TCTTACGCCAAAGATCTCGA,207,3580718
tisBp,0.15,21,19,TCGAAGCGTGTCATGAGTTT,2,3581939
tisBp,0.1,20,19,TCATTCCTTTAAGGCCTGAA,1,3591454
tisBp,9.8,214,19,TATGAATATTTAGTGTCGCG,195,3602475
tisBp,49.9,1016,19,TATCTTGCTAGGTCTGCGCA,997,3601106
tisBp,0.15,21,19,TAGACGACAGACTGGGGCAT,2,3598265
tisBp,0.1,20,19,TAGAAATGTTTCAAAGTTAA,1,3544813
tisBp,8.0,178,19,TACGCATGCTGCATATCTGT,159,3554643
tisBp,0.45,27,19,GGTTGGTGCTCGGGACGTAT,8,3553473
tisBp,0.2,22,19,GGCTTACTGGTGACCATAAC,3,3586307
tisBp,8.85,195,19,GGCCTCAGTTCGAACAGTCA,176,3580285
tisBp,9.5,208,19,GCTTGGAGGCTTGAGCAGTT,189,3544026
tisBp,0.1,20,19,GCTACGGGGCTACACCGTCG,1,3564226
tisBp,9.4,206,19,GCGGTAATCCATCGTAGCTT,187,3548137
tisBp,32.45,667,19,GCACAATAGTGAACCCGTTT,648,3556584
tisBp,2.9,76,19,GAGGGGATAATATGTCGTGT,57,3601037
tisBp,10.5,228,19,GAATGGAGTTGTATCAGGTT,209,3576332
tisBp,5.55,129,19,CTGGCCGTAACTGTTTTTTT,110,3564851
tisBp,0.15,21,19,CTCCGCGTCAACGTACTTTA,2,3570164
tisBp,0.15,21,19,CTAGTCAGTTCTATTCCGGT,2,3566029
tisBp,0.1,20,19,CTACAGATGACCGTCGGCAA,1,3561614
tisBp,0.1,20,19,CTAACTTAAAACACTCCGAT,1,3555441
tisBp,0.25,23,19,CGTTGACTGATCACCCCAAT,4,3545699
tisBp,10.95,237,19,CGGAAATAACACGCCTTAGG,218,3561615
tisBp,0.1,20,19,CGATAAAGTCGAGAGGGAGC,1,3555117
tisBp,0.1,20,19,CCTCCTGAGACCCACGACAC,1,3570611
tisBp,9.65,211,19,CCCTGGTCTCAACCTGTTAA,192,3583430
tisBp,12.85,275,19,CAGCCCACTAGGTTCGCTTG,256,3564375
tisBp,0.1,20,19,CACTACACTTGCCTACCAGA,1,3552490
tisBp,10.25,223,19,CAAATGAGCGGAAAGGGTAA,204,3566826
tisBp,0.1,20,19,ATTTCGAACTGCTCGCGGTA,1,3555570
tisBp,0.15,21,19,ATGTGAGGTAACCTCGGATC,2,3554644
tisBp,0.1,20,19,ATCCGGGCTTATTGCGGCGG,1,3545401
tisBp,27.4,566,19,ATCCGCAAGACGTCAGGTTT,547,3553488
tisBp,12.8,274,19,AGTAAACTGAATCCGATATA,255,3558780
tisBp,9.25,203,19,AGGTAAGCTGTCCGTCGGTC,184,3567640
tisBp,11.4,246,19,AGATAAAATCAGGGAGACTC,227,3592613
tisBp,0.1,20,19,ACTCCGTTGTTTTCTATCCC,1,3595175
tisBp,0.1,20,19,ACGGTGCTTGTAGACGCTAT,1,3561313
tisBp,0.1,20,19,AATGCCACCGAGAACAAGGA,1,3541797
tisBp,0.15,21,19,AAGGGGTTCTTCAATGGGAC,2,3561367
tisBp,13.052631578947368,265,18,TTTCTGACTTGTATGAGTTC,247,3594848
tisBp,0.10526315789473684,19,18,TTCGCATTCAGGTTGATCCT,1,3580436
tisBp,10.947368421052632,225,18,TTAGACCGCAGGCGGTTTAA,207,3565832
tisBp,0.21052631578947367,21,18,TGTTGCGCACGCCGCCGAAT,3,3561200
tisBp,0.15789473684210525,20,18,TGGTCGTATCTCTCATTCTA,2,3550201
tisBp,13.263157894736842,269,18,TGGGCCGAGTACTGAAAATT,251,3569342
tisBp,11.526315789473685,236,18,TCCAAGGCTCTAGCGTATGA,218,3544904
tisBp,10.052631578947368,208,18,TCATCCTTTCACGCAATCTC,190,3574731
tisBp,14.842105263157896,299,18,TATTGCATAGACGTATCGGA,281,3559704
tisBp,0.10526315789473684,19,18,TATGTCTTACGGTGCAGGAG,1,3581883
tisBp,23.68421052631579,467,18,TAAGTACGCGTTGGCGAGAC,449,3542162
tisBp,0.10526315789473684,19,18,TAACATAAGGTGCTTTCAAC,1,3547688
tisBp,11.368421052631579,233,18,GTTTTCTATGCCGAAGGCCG,215,3551838
tisBp,0.10526315789473684,19,18,GTTAATCTGTGTAGCCATAC,1,3555344
tisBp,12.842105263157896,261,18,GTTAAAACGCAATCTTTTCA,243,3579306
tisBp,12.31578947368421,251,18,GTAGGACTAATTTGTTATCC,233,3549404
tisBp,0.10526315789473684,19,18,GTAAGAATCTGGTGAGAACA,1,3542476
tisBp,11.842105263157896,242,18,GGGCGTTGAATGGGATGTTA,224,3583510
tisBp,0.15789473684210525,20,18,GCTAGTGCCCGGCACAAGGA,2,3567284
tisBp,0.10526315789473684,19,18,GCAGCTTGTTTCAGCCGCCC,1,3582233
tisBp,0.10526315789473684,19,18,GAGTTCTTGTTCGATTGGTG,1,3558404
tisBp,0.10526315789473684,19,18,GAGTCTTCAACCTTAAACTC,1,3581435
tisBp,0.10526315789473684,19,18,CTTTAAATAGCGACGAACCA,1,3546764
tisBp,0.10526315789473684,19,18,CTTGGGGGATTTCGCTCCCC,1,3562415
tisBp,12.157894736842104,248,18,CTTCGTGCGTTCCAGTGTAA,230,3597038
tisBp,0.10526315789473684,19,18,CTTCAACTGAGAGTTGGTGT,1,3586726
tisBp,0.10526315789473684,19,18,CTGTAACACTGCATTTAAGG,1,3590662
tisBp,10.894736842105264,224,18,CTGGTATACTCGCTGAACTT,206,3567063
tisBp,0.10526315789473684,19,18,CTGGAAATCCGCGTTAGTAA,1,3559840
tisBp,4.842105263157895,109,18,CTCGTCACCTATCTTCTGGT,91,3550305
tisBp,9.052631578947368,189,18,CTATGCCACCTGCATAGACG,171,3593780
tisBp,0.10526315789473684,19,18,CGTTGAGGATGTACTTTATA,1,3593713
tisBp,10.526315789473685,217,18,CGGTACATCGCATCTTTATT,199,3581879
tisBp,0.10526315789473684,19,18,CGCCGACTCATTTGTCGTAG,1,3552722
tisBp,0.10526315789473684,19,18,CGAGCCCAACGAGAGGCTGA,1,3573374
tisBp,12.421052631578947,253,18,CCACTGCTGTCGCACGCGTG,235,3564313
tisBp,0.10526315789473684,19,18,CCACAAGGGCTCACGTAACA,1,3598699
tisBp,0.10526315789473684,19,18,CATTAACCACGTAGGGCTGC,1,3570928
tisBp,0.10526315789473684,19,18,CACGGTTCCCCTCTGCGATA,1,3587515
tisBp,0.10526315789473684,19,18,CACCGGCTAGGTAACGCAAT,1,3554560
tisBp,29.05263157894737,569,18,CAATAAGTCGCCTCTCCCGG,551,3573465
tisBp,0.15789473684210525,20,18,CAAATTATAGTCGCTTCCTA,2,3557458
tisBp,0.10526315789473684,19,18,ATCGCGGGCGTGCCACTGGT,1,3578869
tisBp,12.31578947368421,251,18,ATAGTAGGTTACGCTCGAGC,233,3563339
tisBp,0.10526315789473684,19,18,AGTAGACCCCGTGCGAAGAG,1,3575126
tisBp,0.15789473684210525,20,18,AGGACCTGTGCACGTAACCT,2,3584307
tisBp,13.0,264,18,AGACTAAGACTGAAGATTAA,246,3580300
tisBp,0.10526315789473684,19,18,ACGGGCATCGTATCTGACAG,1,3554005
tisBp,33.26315789473684,649,18,ACGCGGTCGCCTTGTATGCA,631,3585976
tisBp,12.736842105263158,259,18,ACCTTGTGTTACGATGTGAC,241,3557586
tisBp,0.10526315789473684,19,18,ACAGGACGCGAGTATGCCTA,1,3590191
tisBp,0.10526315789473684,19,18,ACAGGAACGCCAGACGGTCT,1,3568733
tisBp,0.3684210526315789,24,18,AATAGCTTCTCGGTTAATAG,6,3596021
tisBp,0.10526315789473684,19,18,AAGCGTCCTATGACTGTAGA,1,3564808
tisBp,11.31578947368421,232,18,AAGATTTGACGTCCCAGAGC,214,3583441
tisBp,0.10526315789473684,19,18,AAAAAATCTATTGCGTACAT,1,3594694
tisBp,0.1111111111111111,18,17,TTGGCTCGATCAAAAGTTAA,1,3585119
tisBp,33.388888888888886,617,17,TTCCTGCAATTTAGCGGTAC,600,3546313
tisBp,0.1111111111111111,18,17,TTCCTAGATGATCCGAGAAC,1,3552575
tisBp,10.38888888888889,203,17,TTACCCAACTAACCAACGTA,186,3566549
tisBp,0.1111111111111111,18,17,TTAACTGCGCATGGAGGGTC,1,3557027
tisBp,0.1111111111111111,18,17,TTAAACCTCTGGCGGCGAGT,1,3569113
tisBp,13.333333333333334,256,17,TGGCTTGATTAATTTTTCCT,239,3547951
tisBp,13.666666666666666,262,17,TGCGGTAACCTTAGTCTAAG,245,3589573
tisBp,0.1111111111111111,18,17,TGCGGCTAATTGGAAAAAGA,1,3561374
tisBp,0.1111111111111111,18,17,TCCTTCTTACGCTAAGTCTT,1,3580500
tisBp,44.77777777777778,822,17,TCAATATTGGCTGACATTCC,805,3562554
tisBp,0.1111111111111111,18,17,TATGGGGGTTCCCCCTACAT,1,3559031
tisBp,0.2222222222222222,20,17,TATCGAAATGGCTAACGTTT,3,3547771
tisBp,23.61111111111111,441,17,TACCCGGCGACTTATCCGGT,424,3544526
tisBp,0.1111111111111111,18,17,GTGTCCTGGGCGTGCAAAAT,1,3560760
tisBp,0.1111111111111111,18,17,GTGGTATCGGCTAATTCATA,1,3563596
tisBp,0.1111111111111111,18,17,GGTTGCTAGGGCGTTTTTGA,1,3563902
tisBp,0.1111111111111111,18,17,GGGCTAATTCGTCTTAGACC,1,3552740
tisBp,0.1111111111111111,18,17,GGGAATACATGCCCTTGGGA,1,3592278
tisBp,0.16666666666666666,19,17,GGCTTATGCTCTTCATTGCA,2,3585929
tisBp,12.666666666666666,244,17,GCTCGTGGACTCTTAGCGAT,227,3541440
tisBp,0.1111111111111111,18,17,GCGTGTCTCTGGGTCACTGA,1,3556714
tisBp,0.1111111111111111,18,17,GCGGCAATGTAATAGTAAAA,1,3579756
tisBp,0.1111111111111111,18,17,GCCATTTGGTTAGCTACGGT,1,3587346
tisBp,21.055555555555557,395,17,GAACGGCATAAACTTAACCT,378,3572158
tisBp,13.11111111111111,252,17,GAAACTATCCCGGCGCCGCT,235,3564917
tisBp,0.1111111111111111,18,17,CTTTACAAGAGCACGCTAAG,1,3578798
tisBp,11.722222222222221,227,17,CTGGTTGTTTGCGAAAAAGT,210,3550190
tisBp,0.1111111111111111,18,17,CTAAGCATTGGTACCATAAT,1,3591569
tisBp,0.1111111111111111,18,17,CGTATAATTGGGTCTTTTTA,1,3553580
tisBp,11.055555555555555,215,17,CGAAGCGCGTATTTAGGGGT,198,3581651
tisBp,0.1111111111111111,18,17,CCCACTGAGCAACGATCCGG,1,3550096
tisBp,0.1111111111111111,18,17,CCATGGGTCAATATTAGAAA,1,3569659
tisBp,0.1111111111111111,18,17,CAGACACCTGTTAAAAAGGT,1,3551681
tisBp,0.5555555555555556,26,17,CACCGCACTGCGATTCGTAG,9,3591451
tisBp,24.555555555555557,458,17,ATTGAGACACGGCGCTTTAC,441,3602830
tisBp,0.1111111111111111,18,17,ATTCCATACAGTAAACATGG,1,3545489
tisBp,0.1111111111111111,18,17,ATCGGTTGAGTTATTGGCTA,1,3556599
tisBp,0.1111111111111111,18,17,AGGCCTCTCGTCCTGACATA,1,3589816
tisBp,0.1111111111111111,18,17,AGGAATAGGCGTGCCTATTG,1,3559132
tisBp,0.1111111111111111,18,17,AGCTTACTTAGCCTGCTCGA,1,3594132
tisBp,0.1111111111111111,18,17,ACTAAAGATAGTGGAAGTGC,1,3558000
tisBp,0.1111111111111111,18,17,ACGCTTGACGCGGCACCGCA,1,3549063
tisBp,25.333333333333332,472,17,AATTTAGCTCCGTACACAGA,455,3583763
tisBp,0.17647058823529413,18,16,TTGTTATCGAAGGGAAAGCT,2,3595129
tisBp,0.11764705882352941,17,16,TTGGGCTAGAGACGTGGATT,1,3548604
tisBp,10.352941176470589,191,16,TTCGGAGACCCCCACGGTCG,175,3602753
tisBp,0.11764705882352941,17,16,TTAGTCCGCTTTTAATATCT,1,3550123
tisBp,0.11764705882352941,17,16,TGGATGCAGTCCAAGATGTT,1,3559600
tisBp,11.529411764705882,211,16,TGCTATACGGGAGGCGGATT,195,3553478
tisBp,11.823529411764707,216,16,TCGTTATTACTATCGCCTAT,200,3551075
tisBp,7.705882352941177,146,16,TCGATTCTTAATCCAACCGT,130,3550694
tisBp,0.11764705882352941,17,16,TCCTGCCGCCGGGCACTGGT,1,3585898
tisBp,6.235294117647059,121,16,TCAGCCACTGGAGCTATCGT,105,3545293
tisBp,7.9411764705882355,150,16,TACCACGCTCCTTCTTGTAT,134,3576431
tisBp,0.11764705882352941,17,16,TAACAATTCGAAGTCTTTGT,1,3589815
tisBp,0.11764705882352941,17,16,GTCGAATTAGGTCGGTGAGT,1,3598524
tisBp,0.7058823529411765,27,16,GTAGGATCCTCACGTGGAGT,11,3573899
tisBp,10.823529411764707,199,16,GGTAGATTGCGTAACGCTTT,183,3577395
tisBp,0.11764705882352941,17,16,GGGCATGAACATATTTCGAC,1,3564261
tisBp,13.176470588235293,239,16,GGAGTCGGTTACGACAAGGT,223,3561861
tisBp,13.058823529411764,237,16,GGACCAGTTAAGAGAATGCG,221,3575821
tisBp,0.11764705882352941,17,16,GGACCACTAAGATCGTGGCG,1,3577757
tisBp,9.411764705882353,175,16,GGAAAGGAACGCTAAACACT,159,3549088
tisBp,0.23529411764705882,19,16,GCTAGTTGACATAAATGAAT,3,3590471
tisBp,0.11764705882352941,17,16,GCTAAGACCTTAAATCGGGT,1,3554284
tisBp,0.17647058823529413,18,16,GCGGGGGGACGCACGGTTAA,2,3598861
tisBp,0.11764705882352941,17,16,GCCTCGCGAAGCCACTTGTC,1,3556523
tisBp,0.17647058823529413,18,16,GCATCTTTCTCGTACCGCAA,2,3561481
tisBp,0.11764705882352941,17,16,GCACATATAGTTCACACGGA,1,3551940
tisBp,0.17647058823529413,18,16,GATTGAGCGTTAAACTCTAG,2,3556285
tisBp,0.29411764705882354,20,16,GAGTCCATAGCCGGCACAGG,4,3544501
tisBp,0.11764705882352941,17,16,GAATCGTACCGAAATGTCAT,1,3566359
tisBp,11.529411764705882,211,16,GAATCCTCCAGGAGGATCCA,195,3590038
tisBp,0.11764705882352941,17,16,CTTATCTATACGGTCAACAC,1,3541289
tisBp,0.11764705882352941,17,16,CTGTGACTCCTACACTGCAT,1,3547039
tisBp,0.11764705882352941,17,16,CTGCTTATGGGCTGTCGAGG,1,3596044
tisBp,10.529411764705882,194,16,CTGCGTCTATCTTCGGAGGA,178,3561849
tisBp,29.88235294117647,523,16,CTCAAACTTCAGGGTGAGAG,507,3544468
tisBp,16.823529411764707,301,16,CTATAGGTCTGCACCGAATT,285,3567889
tisBp,14.294117647058824,258,16,CGTTCATAGTATGGCAGGTA,242,3593510
tisBp,0.11764705882352941,17,16,CGCGCCCAGCGCTCTATGTG,1,3592525
tisBp,0.11764705882352941,17,16,CCCGGTCCTGAAGCCACATG,1,3579533
tisBp,0.23529411764705882,19,16,CCATTGGCGATATCTGAGAA,3,3579310
tisBp,0.11764705882352941,17,16,CCATCTTGAACTACGATCAC,1,3559864
tisBp,10.647058823529411,196,16,CATTTCGCTGGTACGAACGC,180,3550076
tisBp,5.882352941176471,115,16,CAGGGAAGTCCACAGGTTCT,99,3572528
tisBp,0.17647058823529413,18,16,CACGTGCGACACGTTGCTCT,2,3590520
tisBp,0.17647058823529413,18,16,CACGGCGGCCGCGCTGGATG,2,3570358
tisBp,0.11764705882352941,17,16,CACATATCACTTGACCCATC,1,3584826
tisBp,18.647058823529413,332,16,CAAGGGTAGTGCTGGCCACA,316,3574938
tisBp,0.11764705882352941,17,16,CAACGGGGACACACGAGGTA,1,3551519
tisBp,0.11764705882352941,17,16,ATGTCGTTGTACCGTGATCC,1,3555537
tisBp,26.647058823529413,468,16,ATCACAGGTTAGGGATGAGA,452,3587533
tisBp,11.058823529411764,203,16,ATATTAAGGACAACCAAATT,187,3553555
tisBp,33.294117647058826,581,16,ATATCTGGCAACAATGCTTG,565,3567810
tisBp,0.11764705882352941,17,16,AGTATACGAGTCAATTTTAA,1,3593213
tisBp,0.11764705882352941,17,16,AGGTGACGATGTAGGGCAAT,1,3594092
tisBp,14.764705882352942,266,16,AGATTGACAGGTATCATTGT,250,3563535
tisBp,0.11764705882352941,17,16,ACTGGACTGGATATAATCCG,1,3597623
tisBp,0.11764705882352941,17,16,ACGGGCGGGGACATATTGAA,1,3583513
tisBp,35.94117647058823,626,16,ACACACCAGCTGACAATCCT,610,3542115
tisBp,25.058823529411764,441,16,ACAAATAAAATATGCCACAA,425,3549587
tisBp,0.23529411764705882,19,16,AATTTCGCAGGGTAGCGCAT,3,3602300
tisBp,0.11764705882352941,17,16,AATATAGGCTGCTTCACAGA,1,3566144
tisBp,0.11764705882352941,17,16,AAGTGGTCCTCGAGTCTTAA,1,3575691
tisBp,12.823529411764707,233,16,AACCCATGAGACGCCATTGC,217,3565836
tisBp,0.11764705882352941,17,16,AAAGGGTACCTATTCGTTTT,1,3564310
tisBp,0.125,16,15,TTGGTTCGGAATTCCCTTTA,1,3580430
tisBp,0.125,16,15,TTCGGGTGGCTCGAGATTGT,1,3554073
tisBp,0.125,16,15,TGTGGACAAATATCGATGAG,1,3566661
tisBp,0.125,16,15,TGAATCTCTCCGGGCGCACT,1,3566911
tisBp,0.125,16,15,TGAATATCCATATGAGCCTG,1,3595774
tisBp,9.25,162,15,TCGCTGCCGCCATGACGATA,147,3571560
tisBp,0.25,18,15,TCCTGAGTAATGGTCGATCT,3,3553500
tisBp,13.25,226,15,TCCCCGAGGCTGGGAGCGAG,211,3602249
tisBp,11.625,200,15,TCAACTGCGTTTTGCGAAAT,185,3578430
tisBp,0.125,16,15,TACATGGCTAAGCACTTGCA,1,3590024
tisBp,0.125,16,15,GTTGCGTGACCTCCGTGACC,1,3543215
tisBp,20.125,336,15,GTCAGCCCACTATGTTTGAA,321,3578669
tisBp,0.125,16,15,GGTTAACAACTTCTTTCAGA,1,3552936
tisBp,0.125,16,15,GGCCACGCAAAGCTCTCCGA,1,3570119
tisBp,12.1875,209,15,GGAGGAGCCTCAGCATGGCG,194,3552937
tisBp,0.125,16,15,GCACAGTCTTGAATCTGCTT,1,3552689
tisBp,0.125,16,15,GATTCATGATCAATGGACCC,1,3577816
tisBp,28.6875,473,15,GAGTACGTAAACTTAAGGTC,458,3543478
tisBp,0.125,16,15,GACTGGCCGGACAATCCTAC,1,3589090
tisBp,12.9375,221,15,CTTTAGCCACCATGTGGCCC,206,3583060
tisBp,0.125,16,15,CTTGTCGTAGGTCAATCCTA,1,3562153
tisBp,13.5625,231,15,CTTGGGGGCATACGCTAGGG,216,3557683
tisBp,16.3125,275,15,CTTATCTATTCCCCCCAGTA,260,3560216
tisBp,0.125,16,15,CTGGTGTGGCCTCAGTGGCA,1,3580804
tisBp,14.8125,251,15,CTGCAGAGTGCGTCGTCTTA,236,3549335
tisBp,0.125,16,15,CGTCGTAACATACGTATCGC,1,3577105
tisBp,0.125,16,15,CGTACCGATTAGTCACCGAT,1,3583522
tisBp,0.125,16,15,CGGGCGTGTCCGGCCATAAG,1,3582207
tisBp,14.0625,239,15,CGGAATTGATTGGTCACTCG,224,3596022
tisBp,16.125,272,15,CCGTGCCACGATGCGACAGC,257,3586484
tisBp,0.125,16,15,CCGGTCACGGGTCAGACATC,1,3549400
tisBp,0.125,16,15,CCGGGTTATTACGATAGTTC,1,3581694
tisBp,0.125,16,15,CCGGGTAAATCGTCTGCACG,1,3592881
tisBp,0.125,16,15,CCGGCGGATACGCATTTCTA,1,3557418
tisBp,0.125,16,15,CCAATAGAAACCGGCAGAGG,1,3573912
tisBp,0.125,16,15,CATTGCTACGAGGCGATGTA,1,3555543
tisBp,13.875,236,15,CATTAAAACAGAGTCTGGCT,221,3579359
tisBp,14.1875,241,15,CACCAGATAGATCGACATGT,226,3590993
tisBp,0.125,16,15,ATTACTTCGCATGCGGCCAT,1,3581253
tisBp,14.75,250,15,ATGGCTTAGCTTACGCCAAA,235,3582937
tisBp,14.4375,245,15,ATCGGCTAGCAGTCAACGAA,230,3599622
tisBp,0.125,16,15,ATAGTATTTTTAAATAGGTT,1,3567910
tisBp,0.125,16,15,AGTTTGTCAGTTGTCTGGAG,1,3560962
tisBp,14.5625,247,15,ACGACACCGTTGTCCCTAAA,232,3589031
tisBp,28.25,466,15,AATCCTACGCGCTGGGACCC,451,3562238
tisBp,11.8125,203,15,AAGATTTAAAAGCCGAGAGA,188,3555469
tisBp,0.125,16,15,AACCACCTTGTAACAGGTGA,1,3577724
tisBp,0.125,16,15,AACCAACGGGCTCGTGAGGA,1,3551143
tisBp,0.13333333333333333,15,14,TTTTTGACTATTTAGTAGGT,1,3566608
tisBp,43.86666666666667,671,14,TTGTATCGTTTGATGGCAGT,657,3587782
tisBp,0.13333333333333333,15,14,TTGGGGCGCACCGATATCTG,1,3574401
tisBp,0.2,16,14,TTGCGGGGTTCTATCGGTTA,2,3580496
tisBp,0.13333333333333333,15,14,TTGCATTAGAACTTTACAGT,1,3553565
tisBp,0.13333333333333333,15,14,TTATCTTTCGTGGCCAAGCG,1,3544773
tisBp,14.333333333333334,228,14,TGTTTCGGGCCTATACTATA,214,3544835
tisBp,0.13333333333333333,15,14,TGGGAGTTGCCGCCTAACTA,1,3585564
tisBp,0.13333333333333333,15,14,TGGCCAATCATCTTAGGCTA,1,3600517
tisBp,0.13333333333333333,15,14,TGGACTTCCGAACGCTCCGG,1,3554204
tisBp,13.933333333333334,222,14,TGACGCTAGGACGACGGCAT,208,3591354
tisBp,27.066666666666666,419,14,TCTTTTCCATTTGTTGACGT,405,3569778
tisBp,0.13333333333333333,15,14,TCTCACACCTTCAGCTACAT,1,3572340
tisBp,17.533333333333335,276,14,TCTATTTACGAGTTTAGTCA,262,3590524
tisBp,23.066666666666666,359,14,TCGTCAGGCTCTAGAGCGCT,345,3581657
tisBp,0.13333333333333333,15,14,TCGCTACTGAGATGTGGGCA,1,3571938
tisBp,20.866666666666667,326,14,TCGAGATATGGACTGGCGGC,312,3573481
tisBp,0.2,16,14,TCAGCATCTTATTTTGTCAT,2,3578932
tisBp,0.3333333333333333,18,14,TCAGAGCAGTGCCGTGCATG,4,3592402
tisBp,25.8,400,14,TATTATGGGTTATAGATTAG,386,3542790
tisBp,13.866666666666667,221,14,TATGCAGACAAGCGTCGATT,207,3565047
tisBp,11.333333333333334,183,14,TAACGAAACAGAGTCTCGTG,169,3564320
tisBp,0.13333333333333333,15,14,GTTTTTGACGCTTGATGTAA,1,3550225
tisBp,12.866666666666667,206,14,GTCTCCCCGCAAGTGTTGAA,192,3542245
tisBp,25.866666666666667,401,14,GGTCTCCAGTGGATACTATC,387,3565697
tisBp,0.13333333333333333,15,14,GGGTTCGCTTGCGTGCTGGT,1,3590884
tisBp,0.3333333333333333,18,14,GGGGAATATTTGCAAGGTCG,4,3585972
tisBp,14.266666666666667,227,14,GGCCGGTGTTAATTTATTCA,213,3586772
tisBp,0.13333333333333333,15,14,GCGAGTCATTATTTGGGAGA,1,3554198
tisBp,0.13333333333333333,15,14,GCCTCTATAAATAATGCGAT,1,3599888
tisBp,0.5333333333333333,21,14,GCCGACCATCACAACGCCCA,7,3549652
tisBp,0.26666666666666666,17,14,GCAGCCAATCGGTAAACTGT,3,3566665
tisBp,14.4,229,14,GAGCGGCCAGCGTTGTGTAA,215,3579304
tisBp,0.13333333333333333,15,14,GACGTTTGACGAAGAAATCT,1,3598998
tisBp,0.13333333333333333,15,14,CTTCGACAAAGCGCGCGTAC,1,3601475
tisBp,0.13333333333333333,15,14,CTTATACAGTCTCAAGCACA,1,3601175
tisBp,15.333333333333334,243,14,CTGTATTTCCTTCTGGCACC,229,3588557
tisBp,0.13333333333333333,15,14,CTGGACCATTGTGGCGGTGG,1,3544176
tisBp,0.2,16,14,CTGATAACCTGCTCTCGTTA,2,3582018
tisBp,0.13333333333333333,15,14,CTCTTAGCAATTGTTCCCTG,1,3595041
tisBp,14.266666666666667,227,14,CTCCTAAAAGAAGAGATTAG,213,3585219
tisBp,42.733333333333334,654,14,CTAATAAGTTAGCTCCGCCT,640,3544534
tisBp,8.133333333333333,135,14,CGCTTGTGGCCCTTGCTTTT,121,3551070
tisBp,0.13333333333333333,15,14,CGCAAAGGAGCAGAAAAGTT,1,3588510
tisBp,13.733333333333333,219,14,CGATGGCTTATGGCCAATGA,205,3569103
tisBp,0.2,16,14,CGATCTATTGTACCAGAGTT,2,3571289
tisBp,11.466666666666667,185,14,CGAACTCAGGATATGGTAAA,171,3581833
tisBp,0.4,19,14,CCTTAAGCTTCAGTCATAAT,5,3555062
tisBp,15.933333333333334,252,14,CCGTACTCGAGCATTAATCG,238,3566788
tisBp,0.13333333333333333,15,14,CCGGCTGAAGACATTGAAAA,1,3564065
tisBp,0.13333333333333333,15,14,CCGCTGTTCTGTGTCGTGTT,1,3600313
tisBp,0.2,16,14,CCGAGTTAAGTGTATCAGGA,2,3564920
tisBp,11.8,190,14,CCGAGGTTCTGTGTCTGGGT,176,3576458
tisBp,0.8,25,14,CCCTTGCTAGCCGTCCGCAA,11,3583797
tisBp,0.2,16,14,CCAGGCGGGATGCCGGATAC,2,3585616
tisBp,13.866666666666667,221,14,CATGCATCGATTGTTGATAC,207,3553474
tisBp,12.066666666666666,194,14,CAGTTCTATGGAACCTAGAT,180,3583844
tisBp,13.4,214,14,CAGTACGTAGTTGCTCGATT,200,3569338
tisBp,0.13333333333333333,15,14,CAAGCGTCACCATAATCAAT,1,3570869
tisBp,12.4,199,14,CAAGACATCGCTTGGCCCTA,185,3565217
tisBp,0.13333333333333333,15,14,CAACCTAGAAGCGATTAAGA,1,3564523
tisBp,9.066666666666666,149,14,CAAACCTAAAATACCCACAA,135,3601004
tisBp,17.933333333333334,282,14,CAAAACTATCTGTCCAGTTA,268,3555105
tisBp,38.13333333333333,585,14,ATTTCGTCTGCAGTAGCAAC,571,3601115
tisBp,16.333333333333332,258,14,ATTTCAACGTCAGGGTTACT,244,3559927
tisBp,17.133333333333333,270,14,ATGGTCTCAACCGACGGGGT,256,3583754
tisBp,13.8,220,14,ATCCCGGGACCCGCGTAAGG,206,3576733
tisBp,13.4,214,14,ATCCCGCTTTACCGACCCTT,200,3588392
tisBp,11.6,187,14,ATCAAATGAGGCGACGATCA,173,3582614
tisBp,0.13333333333333333,15,14,ATAACGCTAGAGTATGTGTT,1,3585561
tisBp,0.3333333333333333,18,14,AGTTGCATCCTGTCCGCGTA,4,3553207
tisBp,0.13333333333333333,15,14,AGGGTCCGTCAGGTTGGCAG,1,3560288
tisBp,0.26666666666666666,17,14,AGACTAACCCATTAGCGAAT,3,3553828
tisBp,0.13333333333333333,15,14,AGAAGGCTCAGTGAAGAGGA,1,3587307
tisBp,6.6,112,14,ACTAACCAGGGGAACGAAAT,98,3572991
tisBp,31.933333333333334,492,14,ACGGTGCTTTCCGTGAATGC,478,3542736
tisBp,0.13333333333333333,15,14,ACCTTTTCCAAGGACAGATG,1,3589420
tisBp,16.266666666666666,257,14,ACCAGGTGTTAGCGAGCCGG,243,3588881
tisBp,0.13333333333333333,15,14,ACCAAGTTTCCGGAAAGGGG,1,3570766
tisBp,0.13333333333333333,15,14,ACATCGACAGCGGCTCTTGC,1,3557099
tisBp,12.933333333333334,207,14,ACAGTTCTAACTCAAGTCCT,193,3579305
tisBp,12.266666666666667,197,14,AATGAAGGCCGGTGGGCAAG,183,3585150
tisBp,0.26666666666666666,17,14,AAGGTTGTTACAAGAGCATG,3,3591351
tisBp,0.13333333333333333,15,14,AAGGCTTCAAGCCGGTCATC,1,3556077
tisBp,14.666666666666666,233,14,AAGCCCTCGTGACCGGGGGC,219,3599489
tisBp,0.13333333333333333,15,14,AACTTAAACTCAAATGGATT,1,3577561
tisBp,12.8,205,14,AAATTGTTGGCTGTAACCCG,191,3570357
tisBp,0.13333333333333333,15,14,AAACCTAACTCCGCGCGCGA,1,3576366
tisBp,0.14285714285714285,14,13,TTTTTTACGACACAACGCGT,1,3572979
tisBp,0.14285714285714285,14,13,TTTTTCGACAGCGATGCATA,1,3596058
tisBp,0.21428571428571427,15,13,TTGTTAGAAGACCGATAGAC,2,3573399
tisBp,27.5,397,13,TTCTTTGGCGTGTGATGACA,384,3541501
tisBp,36.785714285714285,527,13,TTCTCGATATTCGAAGGCCA,514,3575311
tisBp,14.642857142857142,217,13,TGTTGGAGCATCGTCACAGG,204,3602076
tisBp,0.14285714285714285,14,13,TGTCTTATACCAAGGGTAGT,1,3590564
tisBp,0.14285714285714285,14,13,TGGTTTGGGGGCTTACACGC,1,3547224
tisBp,0.14285714285714285,14,13,TCGGTTAGATGGCTCAACAT,1,3562289
tisBp,14.214285714285714,211,13,TCGGGTACCTGGAGCAACAA,198,3591413
tisBp,27.0,390,13,TCGGCGAGTCGCTCCCGGCT,377,3597341
tisBp,0.14285714285714285,14,13,TCGCGGTCATCGGTGGGACG,1,3551123
tisBp,0.21428571428571427,15,13,TCGAGTTTTGGAGCAAGTAG,2,3561275
tisBp,0.14285714285714285,14,13,TCCGGTTTCAATATAGAGCG,1,3571253
tisBp,0.14285714285714285,14,13,TCCATCGTGCTTGCGCAGAG,1,3602910
tisBp,0.14285714285714285,14,13,TATTTGACCTGGCTCCGGTG,1,3559711
tisBp,18.642857142857142,273,13,TAGGAATGTATACTGTTCTA,260,3580137
tisBp,17.5,257,13,TAGATTTTGAGTTCCAACCC,244,3558820
tisBp,14.785714285714286,219,13,TAGAAGGCGATGGGCGTCAT,206,3559563
tisBp,0.14285714285714285,14,13,TACTAGGAATTTCAGAGGGC,1,3573843
tisBp,0.14285714285714285,14,13,TACGGGAATTTTTTATACTT,1,3557394
tisBp,0.2857142857142857,16,13,TAACGCGCCCTTCGTCCACG,3,3596644
tisBp,0.14285714285714285,14,13,GTTCGACTTAGTGGTTTATC,1,3546408
tisBp,3.9285714285714284,67,13,GTTAGCATGTTTCAACGTCT,54,3602341
tisBp,15.0,222,13,GTGTGAAATTTTCTCACGGG,209,3598829
tisBp,8.214285714285714,127,13,GTGATCGCCAGGAACCCGCC,114,3562857
tisBp,0.14285714285714285,14,13,GTCCTCAGTAACAAAACAGT,1,3557999
tisBp,0.21428571428571427,15,13,GTCAAATGGCAGGGCCAACA,2,3570472
tisBp,0.14285714285714285,14,13,GGACCTGACTAGCTTGCATT,1,3550263
tisBp,7.5,117,13,GCTCGTTCGGGCGTCTCATC,104,3546604
tisBp,0.21428571428571427,15,13,GCTAAGTCACAGGCTCATAC,2,3570622
tisBp,0.14285714285714285,14,13,GCTAAGCTCCGTATCGCCAG,1,3568168
tisBp,0.2857142857142857,16,13,GCCATCGGCCCGTACAGTGA,3,3586342
tisBp,19.285714285714285,282,13,GATTGTAGACCTTTGACGGA,269,3602456
tisBp,18.642857142857142,273,13,GATCATGTGCTTGGCCCAGC,260,3579912
tisBp,0.21428571428571427,15,13,GAGCCGTATTCTATACACCT,2,3566950
tisBp,0.14285714285714285,14,13,GACTTGTCAACCGAGGGCAG,1,3569951
tisBp,11.714285714285714,176,13,GAACCTTTTTCCTACTTTTT,163,3583213
tisBp,0.14285714285714285,14,13,CTTGCCATCTCAGAATCGCC,1,3564741
tisBp,0.14285714285714285,14,13,CTGTAAGAGAAAAGTTCTCT,1,3567726
tisBp,0.21428571428571427,15,13,CTGTAAATCGGACTACGGCA,2,3552835
tisBp,12.642857142857142,189,13,CTGCCGTAACGCGCGACCTT,176,3543119
tisBp,0.14285714285714285,14,13,CTCTGTTCAAGTTTTAGTAC,1,3547030
tisBp,11.0,166,13,CTCCATACACGACAGCCGGA,153,3550697
tisBp,0.14285714285714285,14,13,CTCAGTTCCAGAGGCGTATG,1,3599385
tisBp,17.857142857142858,262,13,CTACAAAGGATTAGCCTAAG,249,3575607
tisBp,8.571428571428571,132,13,CTAATTGACGGGGGAGTAAT,119,3564857
tisBp,12.5,187,13,CGGTTTATTAACTGCCCGAT,174,3559091
tisBp,13.642857142857142,203,13,CGCTTGAAGTCAATTAACGA,190,3578656
tisBp,6.571428571428571,104,13,CGCTACTAGGTCCACTCCTT,91,3550074
tisBp,12.285714285714286,184,13,CGCGCTATGGACATGGGCCA,171,3600651
tisBp,0.14285714285714285,14,13,CGCACAGTTACTCTCGACTT,1,3586810
tisBp,17.0,250,13,CGATTAGTACCTGAGACTTA,237,3542314
tisBp,0.6428571428571429,21,13,CGAGACTTTTCCACGCCACA,8,3542879
tisBp,0.14285714285714285,14,13,CGACCCGGGCCTAACTCCTG,1,3567394
tisBp,0.14285714285714285,14,13,CCTTAGCTGCAGGAAAACTC,1,3582242
tisBp,0.14285714285714285,14,13,CCTGTGAGGACTCCGTCTAC,1,3573891
tisBp,10.428571428571429,158,13,CCGATTCGGTGCCTCTCGAC,145,3565115
tisBp,16.428571428571427,242,13,CCCTGACGTTGAACGCGATG,229,3594744
tisBp,0.35714285714285715,17,13,CCAGTAGGCCTACTCAGAGC,4,3544579
tisBp,0.14285714285714285,14,13,CCAGGCATGCTCAGCGGCTA,1,3567612
tisBp,14.857142857142858,220,13,CATTGACAGTTTCTCCGCTG,207,3559662
tisBp,0.14285714285714285,14,13,CATAACGTTGCACCGGCAAG,1,3561419
tisBp,0.14285714285714285,14,13,CAGACGACCTGGGCGTGTAA,1,3548191
tisBp,0.21428571428571427,15,13,CACAACGTGGCTTCTACTAA,2,3564373
tisBp,0.42857142857142855,18,13,CAATCCCATGAGCACCGGGA,5,3558850
tisBp,0.14285714285714285,14,13,ATTTCAGCTACACTGGGCCT,1,3543167
tisBp,0.14285714285714285,14,13,ATTTAGTCCCCCACGGCGGC,1,3561189
tisBp,0.14285714285714285,14,13,ATCTGTTGGTTGCTCTAGGT,1,3586132
tisBp,0.14285714285714285,14,13,ATCACTCCGACCCCCTGGTA,1,3550650
tisBp,27.642857142857142,399,13,ATATAAACCTAGCACGATTG,386,3550077
tisBp,0.14285714285714285,14,13,AGTGGGATACGTGCGTGACA,1,3562288
tisBp,0.14285714285714285,14,13,AGGGTTCATATCGTCTACAG,1,3542158
tisBp,0.14285714285714285,14,13,AGGGGAGGTAATCTCGGGTG,1,3602947
tisBp,0.21428571428571427,15,13,AGGAGACCGGGTAGTATACG,2,3585256
tisBp,17.642857142857142,259,13,AGCTTTGACCAGCTAGCGTA,246,3541472
tisBp,14.357142857142858,213,13,AGAAAGTTTGGTGTGATAGG,200,3560033
tisBp,0.14285714285714285,14,13,ACTGAATGTGCGAATATGCA,1,3557272
tisBp,0.14285714285714285,14,13,ACTACAGATCTGGCCTGAGT,1,3559027
tisBp,0.14285714285714285,14,13,ACGCTAATCTGCACCCCGGG,1,3574364
tisBp,31.428571428571427,452,13,ACGACCGAAGCACTTCGACA,439,3586346
tisBp,0.14285714285714285,14,13,ACCTGTTGGTTGCCCCTTTA,1,3585481
tisBp,0.21428571428571427,15,13,AATGCTATGGTTGAAGAATT,2,3550646
tisBp,16.357142857142858,241,13,AAGGTCCTGTTCCAAGTCTA,228,3545914
tisBp,0.21428571428571427,15,13,AAGACCTCGCCATAGCCCTG,2,3587068
tisBp,0.14285714285714285,14,13,AACCTCGTTTTTGCCATTGG,1,3550193
tisBp,7.285714285714286,114,13,AACACCAATGCGTTTTCTAG,101,3581353
tisBp,0.15384615384615385,13,12,TTTGCAACTCGTTCGTTGAG,1,3544465
tisBp,1.0,24,12,TTGTCTAAAGTACTAAACCT,12,3567279
tisBp,18.846153846153847,256,12,TGTTATCGTGTTGGTTTCCG,244,3568554
tisBp,51.84615384615385,685,12,TGGTGTGCTGTTGCGACTTC,673,3576023
tisBp,0.3076923076923077,15,12,TGGGGTGACTAACCCGATCA,3,3598439
tisBp,17.307692307692307,236,12,TGGGACTCTGCGATTTACGT,224,3553732
tisBp,17.384615384615383,237,12,TGGGACGCGGTCCGCTTTAG,225,3541454
tisBp,0.15384615384615385,13,12,TGGGACACTCTGTCACTGTT,1,3553218
tisBp,18.23076923076923,248,12,TGGCCAGGCTAAAGTTGCAA,236,3602462
tisBp,14.23076923076923,196,12,TGGAGTCCGTTGCACAACCC,184,3590160
tisBp,54.92307692307692,725,12,TGCTCCCCTCATAGAGGGAT,713,3596645
tisBp,0.15384615384615385,13,12,TGAGAAGTAGTTAGACGTTA,1,3602423
tisBp,14.692307692307692,202,12,TGACCACACAGGGAAATGCT,190,3588130
tisBp,0.15384615384615385,13,12,TCTCTGGATCACCGGTGAGT,1,3592502
tisBp,30.0,401,12,TCGTGTAGTCCCATCTAAAT,389,3592540
tisBp,12.692307692307692,176,12,TCGTGGATAAGAGCGTGATT,164,3562032
tisBp,0.15384615384615385,13,12,TCCCATCTGTGAAGCCGAAT,1,3556708
tisBp,6.153846153846154,91,12,TCAGAAATGACAGGGTAATC,79,3591093
tisBp,0.15384615384615385,13,12,TATTTGGGCCGGGCTCCCAA,1,3583171
tisBp,17.076923076923077,233,12,TATCCGTATAGACAACCCGG,221,3553781
tisBp,16.153846153846153,221,12,TAGGTTGATGCACGATAAAT,209,3582402
tisBp,0.15384615384615385,13,12,TAGCACCGTGACCGGAACCA,1,3566771
tisBp,0.38461538461538464,16,12,GTTTCCGCGCCCAGTCAGTA,4,3593656
tisBp,15.153846153846153,208,12,GTATAGCTTGTGCCGGGTAT,196,3601240
tisBp,12.461538461538462,173,12,GGTGAATTCTAGGATACGTC,161,3576724
tisBp,16.53846153846154,226,12,GGTCGGAGGAACCTTTCGTG,214,3582172
tisBp,0.15384615384615385,13,12,GGCTCAAGGGCGTCACGCTA,1,3564020
tisBp,15.76923076923077,216,12,GGCGGTTGTCCAAATTATGC,204,3602724
tisBp,0.23076923076923078,14,12,GGAGATTTATCAGGCCTATT,2,3546553
tisBp,49.30769230769231,652,12,GGAACATTCTTTATTCTGTG,640,3589151
tisBp,0.15384615384615385,13,12,GGAAATAGCTATCCTTGCTG,1,3560088
tisBp,14.23076923076923,196,12,GCTTTCTAGCCTGGATATTT,184,3556540
tisBp,0.15384615384615385,13,12,GCTAGGGTAATCTCGGGAAA,1,3558349
tisBp,16.384615384615383,224,12,GATGGTAAAGGAGCCCGGGG,212,3576079
tisBp,28.53846153846154,382,12,GATCGCCGCATTGATCGCCT,370,3590670
tisBp,0.3076923076923077,15,12,GAATGCATGCGCCGCTCATA,3,3567690
tisBp,0.15384615384615385,13,12,GAAGCAACTTTTGGTCACTC,1,3541520
tisBp,17.384615384615383,237,12,CTTGGCTCGAAAGCCGACTA,225,3581801
tisBp,0.3076923076923077,15,12,CTGTTCGACGAAACGTAGGT,3,3542239
tisBp,29.307692307692307,392,12,CTGAGTATTAAAGAAAGAAT,380,3557655
tisBp,63.84615384615385,841,12,CTCGAGAGGGCGCCAAAATC,829,3586589
tisBp,17.076923076923077,233,12,CTCAAAACGGTCGGTATATA,221,3592243
tisBp,15.76923076923077,216,12,CTAGGCTGGGTGTTTGAGAC,204,3576869
tisBp,2.1538461538461537,39,12,CTAACGTTGATAACAAACAA,27,3549703
tisBp,0.5384615384615384,18,12,CGTCGCAACCGGGCGCAGAC,6,3572351
tisBp,16.23076923076923,222,12,CGGCTATTAGTGCCGATCAG,210,3576705
tisBp,15.461538461538462,212,12,CGCGCCGGTAGCTTTACAGA,200,3595447
tisBp,0.15384615384615385,13,12,CGAGATTGAAACCCGTAGAC,1,3550495
tisBp,46.84615384615385,620,12,CGAGATTAACCTCTGGTTGG,608,3583843
tisBp,0.15384615384615385,13,12,CGACCCGTATAGGAGACGAT,1,3542390
tisBp,0.15384615384615385,13,12,CCTGTATTTCGGATGCCCGA,1,3543746
tisBp,0.3076923076923077,15,12,CCTCGGGCCTTGTATCTCTT,3,3585022
tisBp,0.15384615384615385,13,12,CCTATCGACGTCCTCATGTA,1,3550016
tisBp,0.23076923076923078,14,12,CCTAGATGGCGTTATCCTAG,2,3545997
tisBp,0.15384615384615385,13,12,CCAGTAACGGGTATCACTCA,1,3587732
tisBp,0.23076923076923078,14,12,CCAATTAGTTTCCTGACCAC,2,3593604
tisBp,0.15384615384615385,13,12,CACTGGCCATTCTCGGCAGT,1,3577613
tisBp,0.15384615384615385,13,12,CAATCAACAGCACAACGTTT,1,3561501
tisBp,0.15384615384615385,13,12,CAAAAAATATTTCGGCAGAA,1,3553496
tisBp,15.615384615384615,214,12,ATTGTTCACTCGACCGGAAT,202,3551741
tisBp,0.15384615384615385,13,12,ATTCCTCCCCCCAGTGCTCT,1,3563833
tisBp,0.15384615384615385,13,12,AGTTTGACAATGTTAGTGAC,1,3545893
tisBp,0.15384615384615385,13,12,AGTTGTTTGCTAACCAGTTA,1,3553829
tisBp,31.0,414,12,AGGCATCCCCTTCGGGAGCC,402,3597304
tisBp,0.15384615384615385,13,12,AGATGTTATGGGTATAGGTC,1,3572531
tisBp,0.15384615384615385,13,12,AGATGGCAGAGTAGTGCGTG,1,3578841
tisBp,15.153846153846153,208,12,AGACCGAGGCTGCTGGGAGA,196,3555114
tisBp,62.07692307692308,818,12,ACGTTGGTTAAGGGTGAATC,806,3558590
tisBp,31.384615384615383,419,12,ACGATATCGTACCCTGTGAA,407,3559596
tisBp,0.15384615384615385,13,12,ACATTGCGGCGTTTTAGTAG,1,3582939
tisBp,33.84615384615385,451,12,ACATGTTGATGGCGGCCATT,439,3596124
tisBp,0.23076923076923078,14,12,ACATACGTGGGTCCATCTTA,2,3602613
tisBp,0.15384615384615385,13,12,ACAGTCCCTGATTCATGAAG,1,3601144
tisBp,0.23076923076923078,14,12,ACACATTCAATAACACGGGG,2,3564787
tisBp,0.15384615384615385,13,12,AAGAACACACCCCTAGCGAT,1,3578044
tisBp,0.15384615384615385,13,12,AACTCATGATTCCTGAGTCT,1,3601643
tisBp,39.76923076923077,528,12,AACGGATTTCGATAGAGATG,516,3575649
tisBp,15.461538461538462,212,12,AACATGTAATTGAGACACCA,200,3594411
tisBp,16.692307692307693,228,12,AAAAATGCTATTGAGCTACA,216,3576679
tisBp,0.16666666666666666,12,11,TTTTCCAGGGGAAGGAACTG,1,3551002
tisBp,0.16666666666666666,12,11,TTTATCGATAGCAGATCCTC,1,3589884
tisBp,0.16666666666666666,12,11,TTCGAAATGTACGTGGGAGA,1,3568519
tisBp,0.16666666666666666,12,11,TTAACAGCGCGCCGTCACTC,1,3557599
tisBp,0.16666666666666666,12,11,TTAAAGCAATGTAGATCTCA,1,3573371
tisBp,0.16666666666666666,12,11,TGTTGGCGGAAACTGCCCGA,1,3598834
tisBp,16.5,208,11,TGTTCTGTTTCAAGCAATCA,197,3594032
tisBp,0.16666666666666666,12,11,TGTTACCCGTCGTGCCAGCG,1,3592045
tisBp,0.16666666666666666,12,11,TGTGTTACTCGCTGGACCAG,1,3582461
tisBp,12.583333333333334,161,11,TGTGGAGTAGGGGAGCAGCG,150,3553308
tisBp,26.416666666666668,327,11,TGGTACATGATGATATAATC,316,3576714
tisBp,0.3333333333333333,14,11,TGATCCTTTTGTTCGAATCT,3,3556400
tisBp,14.75,187,11,TGAGTGGCGGGTTTGGTTAT,176,3547763
tisBp,0.16666666666666666,12,11,TGAGATCAACTTGCTTTTAC,1,3579705
tisBp,18.5,232,11,TCGCTTCCTGCTCCTGAGCC,221,3599301
tisBp,13.666666666666666,174,11,TCCCGAAGATCTGAAGTCTG,163,3601728
tisBp,16.083333333333332,203,11,TACGCTCTTGGGCTTACAGA,192,3593897
tisBp,1.9166666666666667,33,11,TACAATTGCTTCACAGTGCT,22,3547497
tisBp,17.833333333333332,224,11,TACAACGCGGGTTGTCGAGA,213,3543161
tisBp,0.16666666666666666,12,11,TAAGTACTCAACCCTCAGCC,1,3552571
tisBp,19.083333333333332,239,11,GTTGTTGAGTTTTGATGCCC,228,3546829
tisBp,0.16666666666666666,12,11,GTTAGGCTTGTTCGGCTGTA,1,3565308
tisBp,0.25,13,11,GTGACACCTAGAATGCGCTT,2,3574703
tisBp,0.16666666666666666,12,11,GTGAACACAGCTTCGCACCG,1,3575587
tisBp,0.16666666666666666,12,11,GTCTTTAGGTGCGCGTATCA,1,3560510
tisBp,0.4166666666666667,15,11,GTCGTTGGGGCTATAACTTT,4,3602434
tisBp,0.16666666666666666,12,11,GTCCGATGACTACGAAACAA,1,3548965
tisBp,0.16666666666666666,12,11,GTCCAAGGGTGGTGAGTTGA,1,3597057
tisBp,0.16666666666666666,12,11,GTACAATCTGGGAACCGGAT,1,3555306
tisBp,18.916666666666668,237,11,GGTCCGGGATGAAGATGGTG,226,3574954
tisBp,0.16666666666666666,12,11,GGGTCTGTGGGCATTACGGC,1,3582570
tisBp,0.16666666666666666,12,11,GGGCGAATAGACTACTGTCG,1,3544599
tisBp,0.16666666666666666,12,11,GGGAGAAGGGAAGAAAATCA,1,3583882
tisBp,24.0,298,11,GGCGAGTTGGTAAGGCTGCG,287,3581602
tisBp,0.25,13,11,GGCACTACAATATGATGAAA,2,3553256
tisBp,0.25,13,11,GCTCAACTATTGCTAAACGC,2,3548761
tisBp,0.16666666666666666,12,11,GCTAGTTCTATCAGCAACTG,1,3562364
tisBp,21.583333333333332,269,11,GCTACGTAGCTCCAGGGCTA,258,3574712
tisBp,15.666666666666666,198,11,GCGTCTCAACGCTCACTGAT,187,3594760
tisBp,20.666666666666668,258,11,GCCTGTTACGTGGAGACGCT,247,3567185
tisBp,13.416666666666666,171,11,GCCTGCGGTATTTTCCGTCA,160,3585023
tisBp,44.25,541,11,GCCCTGTCGTAGACTAAGGA,530,3582482
tisBp,55.25,673,11,GCATGGCAACAAGCCTAAAA,662,3553227
tisBp,0.5,16,11,GCATATTTCAGCATTCGTCG,5,3588416
tisBp,18.583333333333332,233,11,GCAGGATAGTGGGCCGAAAT,222,3558561
tisBp,24.416666666666668,303,11,GCACCGACCTTACATCCGAG,292,3551528
tisBp,0.25,13,11,GATATAAGACGATACTAACT,2,3572565
tisBp,0.16666666666666666,12,11,GAGCGTGTGCATTTCTTATA,1,3564060
tisBp,0.16666666666666666,12,11,GACTCCCCCTGGTATGTCAC,1,3602088
tisBp,0.16666666666666666,12,11,GACCTCTTGATCTGCGCCGA,1,3548009
tisBp,0.16666666666666666,12,11,GACCATTGGTATACGGAATC,1,3566388
tisBp,20.833333333333332,260,11,GAACCAGGTGACCACTTGAA,249,3561270
tisBp,20.833333333333332,260,11,CTTGTTAGTTAGGAGCTAAA,249,3575206
tisBp,0.16666666666666666,12,11,CTTGACCGGAAGGCGAAGGC,1,3583646
tisBp,0.4166666666666667,15,11,CTGACGCAAATGGGCTAATA,4,3566236
tisBp,0.4166666666666667,15,11,CTCGGTCTCATGGCTATCCC,4,3560765
tisBp,15.666666666666666,198,11,CTCGATCGTTGCGATGTCTT,187,3544029
tisBp,0.16666666666666666,12,11,CTCATCAGGTATGCCGATAG,1,3586634
tisBp,37.166666666666664,456,11,CGATTAGTCGGATAGACTTA,445,3600604
tisBp,4.666666666666667,66,11,CCTCAGTCCCTGGAGAGTGG,55,3544499
tisBp,12.916666666666666,165,11,CCCGCTGACCCTGTCGAGCG,154,3546406
tisBp,0.3333333333333333,14,11,CCCCAGAACCCAGTGTCGAA,3,3579971
tisBp,0.16666666666666666,12,11,CATTGTTTTGGCATACAGAG,1,3600523
tisBp,0.16666666666666666,12,11,CATGGGACTGCCGATTACTA,1,3558518
tisBp,53.916666666666664,657,11,CATCCCGAGCATTGCCTGGT,646,3595535
tisBp,47.666666666666664,582,11,CATATCCTGAGAATAAGACA,571,3567555
tisBp,30.75,379,11,CATATCATCCGTGAAAGACG,368,3572247
tisBp,0.16666666666666666,12,11,CAGCCGGCAGTCAGTTTATA,1,3600830
tisBp,0.16666666666666666,12,11,CAGACAATTCGCTACAGTCA,1,3594563
tisBp,32.5,400,11,CACGTGTCTAACCACAGAAT,389,3550236
tisBp,0.16666666666666666,12,11,CAATGGCCCCTTACGGAAAT,1,3551236
tisBp,0.16666666666666666,12,11,CAAGGGGCTCGAAATGGCCC,1,3559602
tisBp,0.16666666666666666,12,11,CAACCCACATGTGGGATGTG,1,3550331
tisBp,18.583333333333332,233,11,ATTCCATATGAAGCATCCAA,222,3582041
tisBp,17.833333333333332,224,11,ATTAAATGGGGGGGCTAGGC,213,3562427
tisBp,0.16666666666666666,12,11,ATCTTTGGCATGACTGTCCC,1,3579631
tisBp,36.416666666666664,447,11,ATCTGGGTCAACCTCAGTCA,436,3598716
tisBp,0.16666666666666666,12,11,ATCTGCGTACCTGTCGAAAC,1,3599160
tisBp,19.083333333333332,239,11,ATCGTAGTAAGCGCGAGGAT,228,3578565
tisBp,0.16666666666666666,12,11,AGTGACGGTACTGGTCCAGA,1,3601028
tisBp,0.16666666666666666,12,11,AGCTGCAATACGAACCGGGC,1,3591359
tisBp,0.16666666666666666,12,11,AGACCTCTTTCTTGCTTGAG,1,3566785
tisBp,0.16666666666666666,12,11,AGACATAACCAAGGGGTGAA,1,3549184
tisBp,0.25,13,11,AGAATGACGATAAATCGTAT,2,3600755
tisBp,0.16666666666666666,12,11,ACTGTCTGTCGCATCCTGTA,1,3569788
tisBp,0.25,13,11,ACGTTGCTTCAATGTGACTG,2,3555868
tisBp,0.16666666666666666,12,11,ACAGGGAAACTATATGACGG,1,3569447
tisBp,14.083333333333334,179,11,AATGGTGACAACGAACCAAG,168,3576642
tisBp,14.833333333333334,188,11,AACCCCTCGTACGGCTGCCC,177,3602977
tisBp,18.416666666666668,231,11,AAAGACCACAGGTAGCCTTG,220,3597265
tisBp,15.5,196,11,AAACGCCCCCCTCCTGCGGC,185,3594803
tisBp,33.81818181818182,381,10,TTTCGTATCTGAAGGGATTG,371,3569337
tisBp,0.18181818181818182,11,10,TTTAAAAGTCAGTCAACGGG,1,3563502
tisBp,18.363636363636363,211,10,TTGGGTATTGGAACTGAGCA,201,3602661
tisBp,0.18181818181818182,11,10,TTGAGGGGTCTTTGGTGACA,1,3581843
tisBp,0.18181818181818182,11,10,TTCCCGGGTTTAGGCGCGTA,1,3585565
tisBp,15.909090909090908,184,10,TTCACTGTATGCAGAACTTT,174,3576665
tisBp,0.18181818181818182,11,10,TGTCTGGTGAAACGAACATT,1,3577137
tisBp,19.727272727272727,226,10,TGTCAGTTAGGAGCGCTTAT,216,3597311
tisBp,0.18181818181818182,11,10,TGGTTCGAAGTTTAGAAGAG,1,3572001
tisBp,22.272727272727273,254,10,TGGAGCAGTGCGTCACCAAA,244,3553304
tisBp,19.727272727272727,226,10,TGAGTCGATGAGAGGCGTAT,216,3560514
tisBp,20.272727272727273,232,10,TGAGACATCACGTCACAGTG,222,3568049
tisBp,0.18181818181818182,11,10,TCTGTTAGTCCTCAATTCAC,1,3545508
tisBp,32.63636363636363,368,10,TCTAGATATGGACGGGCCGA,358,3596468
tisBp,0.18181818181818182,11,10,TCGCACAACTCTTCCCCATA,1,3567186
tisBp,0.18181818181818182,11,10,TCCAGCTCTGGTGAAGGCGA,1,3542256
tisBp,40.36363636363637,453,10,TATCGGTTTTACCAAAACCA,443,3555987
tisBp,0.2727272727272727,12,10,TATATCAACTTGCAGTACTA,2,3542160
tisBp,0.18181818181818182,11,10,TACGTGAGATTCGGTGGTCT,1,3566986
tisBp,0.18181818181818182,11,10,TACGGCAGCTGCAACAAGGT,1,3586485
tisBp,17.636363636363637,203,10,TACCACGTCAGGACAAGCCA,193,3575486
tisBp,18.727272727272727,215,10,TAAGCCCTAGGGTGATAGGA,205,3571721
tisBp,0.18181818181818182,11,10,GTTCTGGTGCCTGGTTGCGT,1,3545954
tisBp,0.18181818181818182,11,10,GTTACCGCCGAGCTCCCGAA,1,3565919
tisBp,12.454545454545455,146,10,GTGGAATGACTGACAAGCCA,136,3555467
tisBp,0.18181818181818182,11,10,GTGATCGGCTGTGATGACTG,1,3578946
tisBp,0.18181818181818182,11,10,GTGAGTAGGACAGGCTTGCT,1,3545218
tisBp,0.18181818181818182,11,10,GTCCATCGTTACGGGTCTTG,1,3573047
tisBp,17.363636363636363,200,10,GTCACACCATTGAATCTCGT,190,3574761
tisBp,0.2727272727272727,12,10,GTATTTTACAAGTGGAGGAG,2,3563279
tisBp,16.09090909090909,186,10,GTATATGCTGTCACCGATGC,176,3568602
tisBp,0.18181818181818182,11,10,GTACAATACTGGTAGGTATC,1,3592421
tisBp,35.36363636363637,398,10,GGTTGCCGTACATAAGAACA,388,3586570
tisBp,0.18181818181818182,11,10,GGTTCGCTTTCAATAAGCAA,1,3560347
tisBp,0.18181818181818182,11,10,GGTTAATTGTAGGCACGCTC,1,3558278
tisBp,19.818181818181817,227,10,GGTGGCGCGGCGTCAAGCGC,217,3600774
tisBp,0.18181818181818182,11,10,GGTCATAGTAGCAATGCAGT,1,3577356
tisBp,0.18181818181818182,11,10,GGGTCCGGAGCGAAACCTCG,1,3560798
tisBp,0.36363636363636365,13,10,GGGTCCCTACCCTCGCCGCA,3,3556593
tisBp,39.27272727272727,441,10,GGGGTACGTAGGTCCGCAAT,431,3591172
tisBp,20.09090909090909,230,10,GGGCCAGAGGACCAATTGCT,220,3601754
tisBp,0.18181818181818182,11,10,GGCGGACTATTGACTACTTA,1,3542238
tisBp,37.36363636363637,420,10,GGCGCTAACCGATCAGACGC,410,3572243
tisBp,0.18181818181818182,11,10,GGCATGACGCATGAGGAAAT,1,3579978
tisBp,20.636363636363637,236,10,GCATAACAGCGGTAAACAGG,226,3571873
tisBp,60.27272727272727,672,10,GCAGCAAGAATCGGTCTATA,662,3584431
tisBp,0.18181818181818182,11,10,GCAAATGGACTCGTTACTTT,1,3587155
tisBp,0.18181818181818182,11,10,GCAAAGTGGTTCTAGCAACG,1,3593798
tisBp,0.18181818181818182,11,10,GATATGTCTGGGTTTTTCGC,1,3570353
tisBp,0.18181818181818182,11,10,GAGTTTCTATGCGCTGTGAT,1,3586915
tisBp,17.90909090909091,206,10,GAGTTCTCCTATCATATGTC,196,3568695
tisBp,0.18181818181818182,11,10,GAGGGATCTAGCCTGTGATG,1,3599084
tisBp,0.18181818181818182,11,10,GAGCATTAACGGCACAGCTC,1,3549139
tisBp,20.454545454545453,234,10,GACTGGTGTACTGGTGGATA,224,3560076
tisBp,0.2727272727272727,12,10,GAATTGTAATCTTGTGGTCA,2,3587831
tisBp,17.545454545454547,202,10,GAATCCGAGTACATCACTGT,192,3598732
tisBp,20.727272727272727,237,10,GAATACACATTCTGACTGAG,227,3583013
tisBp,0.5454545454545454,15,10,GAACGTTTTTGCTCTGGATA,5,3590161
tisBp,0.8181818181818182,18,10,GAAAGTAACTAGCCTAGGAT,8,3544369
tisBp,42.27272727272727,474,10,CTTGGGAGTGGTAAAATAAA,464,3581356
tisBp,0.2727272727272727,12,10,CTTGGCTCGTAACTGTAACA,2,3568209
tisBp,0.18181818181818182,11,10,CTTAACAGATTCGCCGATAG,1,3578750
tisBp,0.18181818181818182,11,10,CTGTTATTGTCAATGATGGT,1,3583634
tisBp,12.636363636363637,148,10,CTGCCATGAGCGGAAAGTCG,138,3587836
tisBp,23.0,262,10,CTGAGGTGTTACCTCTTAGC,252,3593948
tisBp,19.272727272727273,221,10,CTCGATCTTGAAATCGACCA,211,3565759
tisBp,0.2727272727272727,12,10,CTATTTGACCCCAGATGCGT,2,3564694
tisBp,17.363636363636363,200,10,CGTGTGTCCCCGGTTATGCG,190,3568473
tisBp,0.18181818181818182,11,10,CGTGACCTTCCAAACCTTGA,1,3544437
tisBp,18.363636363636363,211,10,CGGGGTTGCGGCCGAGCTCC,201,3599145
tisBp,0.18181818181818182,11,10,CGGGCACTTGGTTTTACCCC,1,3561679
tisBp,17.818181818181817,205,10,CGGAGTGATTTCTCTCTGGC,195,3581235
tisBp,28.454545454545453,322,10,CGAACATCTCTCACCCGCTG,312,3564679
tisBp,0.18181818181818182,11,10,CCTTTCGGTATCTAATTCTC,1,3578245
tisBp,36.45454545454545,410,10,CCTTTACAACTATATGAAAG,400,3567851
tisBp,35.90909090909091,404,10,CCTTCTAAGATTTCACGTAA,394,3576566
tisBp,0.18181818181818182,11,10,CCTGGTAGGTTCATTATTTA,1,3579976
tisBp,0.45454545454545453,14,10,CCTGCGGCGACCTTTCAAGG,4,3565167
tisBp,0.2727272727272727,12,10,CCGATTTTAGCGATAAATTA,2,3576442
tisBp,0.18181818181818182,11,10,CCGAAGCCACGACTTTCAGT,1,3582141
tisBp,41.90909090909091,470,10,CCCTCTATGATCAGACAAGA,460,3551536
tisBp,19.727272727272727,226,10,CCAGGTTTCGCATGTCGTGT,216,3591761
tisBp,14.818181818181818,172,10,CCACGTCAAAAGTGTCGTTG,162,3572962
tisBp,9.363636363636363,112,10,CCAAAGATGCCTAACACTCA,102,3562508
tisBp,19.181818181818183,220,10,CATGGCCCACTTCATTCCTA,210,3579577
tisBp,11.636363636363637,137,10,CATGCGGTTGTTTCGACGTG,127,3585685
tisBp,0.18181818181818182,11,10,CATGATCGTTGCCCTTGTGA,1,3577907
tisBp,0.2727272727272727,12,10,CATCCGCATTAGCCCCACGG,2,3545669
tisBp,0.18181818181818182,11,10,CAGGACAACGTTCGGTTCCT,1,3541550
tisBp,16.727272727272727,193,10,CACGCCGCATGGTGAGTTGA,183,3588407
tisBp,0.18181818181818182,11,10,CACCGTAGATACAAGCCTTA,1,3564544
tisBp,0.36363636363636365,13,10,ATGCACCAAACGTGGCCGGT,3,3585409
tisBp,27.272727272727273,309,10,ATCGGTTTCAGACGGCGATA,299,3578017
tisBp,22.181818181818183,253,10,ATCCATGCGCCCGCCAGTTA,243,3578563
tisBp,0.18181818181818182,11,10,ATACTTCGTGGGGCGTAGCT,1,3552297
tisBp,0.18181818181818182,11,10,AGTCATCGGTGTCAAACATG,1,3591981
tisBp,77.45454545454545,861,10,AGGTCTTACCGCAAGGAGTG,851,3594161
tisBp,0.18181818181818182,11,10,AGGTCGTCACCTAGAATGTA,1,3583442
tisBp,17.818181818181817,205,10,AGCGATAAAGTTGCTGCAAG,195,3561208
tisBp,31.181818181818183,352,10,AGCCGTCCGATGTGACGCCG,342,3598618
tisBp,16.818181818181817,194,10,AGATGAACGTATCCTAGCCA,184,3586639
tisBp,0.18181818181818182,11,10,ACTTGGGCTGTCTGAAGTAA,1,3603302
tisBp,0.18181818181818182,11,10,ACTGACCTTGTGCGGTTGCC,1,3545807
tisBp,0.18181818181818182,11,10,ACGCAGCGGCTATGGTTGTA,1,3592654
tisBp,20.90909090909091,239,10,ACCACCCGTTTCGCGGATGT,229,3567615
tisBp,0.18181818181818182,11,10,ACCAAGGACGGTTAGAGACC,1,3548798
tisBp,0.2727272727272727,12,10,ACATTATACGGTCCTTGTAA,2,3575707
tisBp,0.18181818181818182,11,10,AATGGAGCTAAATGTCTCCC,1,3600012
tisBp,0.18181818181818182,11,10,AAGAGGCTATACAATTTCGG,1,3577166
tisBp,19.6,204,9,TTTGTGCACTCATTCAAAAG,195,3553995
tisBp,0.2,10,9,TTTGCGCCACTATACTTCCG,1,3544721
tisBp,0.2,10,9,TTTGCCCAGAAGGTGGCAGG,1,3545684
tisBp,0.2,10,9,TTGTCGGAAGGTGCACTTAT,1,3581950
tisBp,0.2,10,9,TTGTAGGCTCTCTTGGCCAG,1,3550518
tisBp,8.5,93,9,TTGCGAGCCTCACGCGCTCG,84,3583746
tisBp,14.5,153,9,TTCCCTAGATTGACAAGCCA,144,3552793
tisBp,18.4,192,9,TTAACCACCGCATGAGATTA,183,3543418
tisBp,21.1,219,9,TGGGCCATAAGAGTGAAACT,210,3554600
tisBp,0.2,10,9,TGCTCGCTTGAAATTTAGTC,1,3589706
tisBp,0.3,11,9,TGCGCCCCTATTAGCGGCCT,2,3603832
tisBp,11.7,125,9,TGCATTCCTGTAGCACCTTA,116,3597280
tisBp,20.7,215,9,TGATAGATTGAGAATAGGAT,206,3561282
tisBp,38.4,392,9,TGAACCCATCGCTTTACGAA,383,3591514
tisBp,0.2,10,9,TCTGTCAAATTGGTGTTGTA,1,3578233
tisBp,0.2,10,9,TCGGTAACCAATGCGTCATG,1,3566889
tisBp,0.2,10,9,TCCGGGTTTTAATAAACCCG,1,3548410
tisBp,0.2,10,9,TCCCCGTGCTGGACAGCTCA,1,3598741
tisBp,19.3,201,9,TCACGTGTTGCACTTCTGGA,192,3591095
tisBp,21.3,221,9,TCACAAATCCATAAATGATG,212,3572041
tisBp,22.2,230,9,TAGCTGAGTCGATAACCACT,221,3603788
tisBp,42.0,428,9,TAGATGCTTGAATTCTCCCC,419,3598445
tisBp,42.7,435,9,TACCGGGTATCCGCTGACAT,426,3544543
tisBp,0.2,10,9,GTTGCCTGCTATTCAATCTA,1,3578743
tisBp,0.2,10,9,GTTAATTGTGTTGCCGTACA,1,3573174
tisBp,0.2,10,9,GTGTTGCTCTAAACTGAAGT,1,3567985
tisBp,22.7,235,9,GTGTACAATAGATGGGCCAG,226,3596198
tisBp,0.3,11,9,GTCCTGCCGGGTCCTATTGG,2,3580756
tisBp,23.8,246,9,GTCACACTTCCTCGAGTGGT,237,3577841
tisBp,0.2,10,9,GTACGTCAATAGAATCCTAC,1,3567497
tisBp,0.2,10,9,GGTATACGGCACTTTAGACA,1,3582173
tisBp,0.2,10,9,GGGGAGTTTCTGATTACCAT,1,3578929
tisBp,0.2,10,9,GGGAAGGCGGTCTCATTGGT,1,3591330
tisBp,47.2,480,9,GGCGCTGGTACAGGGGGATC,471,3577817
tisBp,23.7,245,9,GGCACGGACGCCTCAGATTT,236,3584095
tisBp,11.2,120,9,GGCACACTCGGGACCCGAAG,111,3569711
tisBp,17.9,187,9,GGAGATCCAAGGTGCTGACC,178,3560254
tisBp,0.2,10,9,GCTCGAGGCGGCGTGACTAT,1,3548922
tisBp,38.4,392,9,GCGTGAAATAAAGATTAAGT,383,3545271
tisBp,17.0,178,9,GCGCAGCACGAATGAGCCAA,169,3573539
tisBp,19.4,202,9,GCCCGCCATAGGAAACGCGT,193,3563207
tisBp,0.2,10,9,GCAAATGGCACTGTCACGGC,1,3558603
tisBp,7.7,85,9,GATCTGGCACACGATACGAT,76,3565821
tisBp,0.2,10,9,GATCGCAGCTGCTAAAACTA,1,3553029
tisBp,0.2,10,9,GAGTACTATATTAAGTCCGT,1,3597017
tisBp,0.2,10,9,GAGGAATAAGTGTTGCGGTG,1,3556019
tisBp,21.0,218,9,GAAGACCTTTATCAGAGAAA,209,3550645
tisBp,0.2,10,9,GAACCGACGTTACGAAATAA,1,3599544
tisBp,0.2,10,9,CTTAGTTTTGCGTCGGCGTT,1,3562413
tisBp,0.2,10,9,CTGTTCCTGAATTCCCATGT,1,3542706
tisBp,14.3,151,9,CTGGAACTGGGTGAACTCTG,142,3563078
tisBp,18.0,188,9,CTGAGGAGCTCCAAGGAGCG,179,3590822
tisBp,7.9,87,9,CTGACAAATTCGATGCCGGG,78,3573142
tisBp,0.4,12,9,CTATGGATACGCAGTAACTT,3,3571696
tisBp,0.2,10,9,CTATATACCAGCAGTGTCAA,1,3552521
tisBp,0.2,10,9,CGTTCTGTTATCGTTGTTTA,1,3566797
tisBp,0.3,11,9,CGTGCCCAATGGATTGCATA,2,3597173
tisBp,0.2,10,9,CGTATTAGGGACGGAGGACT,1,3557804
tisBp,0.2,10,9,CGTATTAAACGTAATGTAGC,1,3594146
tisBp,0.2,10,9,CGGTACCCCGCCACGAAGGA,1,3559134
tisBp,0.2,10,9,CGGTAAGGGTGATTTGTTTT,1,3553999
tisBp,14.6,154,9,CGGATGACTCAACTGTACCA,145,3586060
tisBp,0.2,10,9,CGGAAGTAGTGTGACTCTCA,1,3601064
tisBp,22.1,229,9,CGCGTAGCATAGGCTGATAT,220,3594806
tisBp,0.2,10,9,CGCACATTGACGGGTTTATA,1,3551311
tisBp,0.2,10,9,CGCAACGAATGCATAGCACG,1,3571246
tisBp,0.2,10,9,CGAATCCTTCGTAGCGGAGA,1,3602503
tisBp,41.6,424,9,CCGTTAGAAGCAATACAGCC,415,3597307
tisBp,0.2,10,9,CCACCGTAGGCTCCTGTATA,1,3574978
tisBp,0.2,10,9,CATTATCCACGGCTCCTTTT,1,3559343
tisBp,25.7,265,9,CAGTGCACCTAGCATAGAGT,256,3576490
tisBp,7.6,84,9,CAGCCAGGGCCTCTTTCAAA,75,3584929
tisBp,0.2,10,9,CACGCTAAGAGGGTGTATTG,1,3543944
tisBp,23.3,241,9,CAATACTGACTGGCAAGGTC,232,3576609
tisBp,22.6,234,9,CAATACGTAGTCCGTGGGGG,225,3582045
tisBp,12.6,134,9,CAATACCTATATACGGCGCG,125,3596258
tisBp,22.7,235,9,CAAAACTGACATACATATGA,226,3591042
tisBp,0.2,10,9,ATTCCCACACGGTACTCAGC,1,3591944
tisBp,0.2,10,9,ATTCAAGTGGCAACCTCCCA,1,3597666
tisBp,0.2,10,9,ATTACTGAATTCCAATGTAT,1,3603540
tisBp,20.4,212,9,ATTACATCTCTCAGGCCGTT,203,3567627
tisBp,0.2,10,9,ATGGTCGTGTGTTGCATCCT,1,3569352
tisBp,0.2,10,9,ATGGCGCGGGCTCATGAGAA,1,3565582
tisBp,21.6,224,9,ATGCCGGAAGGGTTCGGTCT,215,3570614
tisBp,22.9,237,9,ATGAAGAGCGACTACCGCGA,228,3580890
tisBp,0.2,10,9,ATCACGCCGCTCCTTTTTGG,1,3560023
tisBp,0.3,11,9,ATAGTTTCCGCGCTTGAAAG,2,3574777
tisBp,0.2,10,9,ATACTTTGAACGCAGTTGTC,1,3594440
tisBp,0.2,10,9,ATACAACAGAGTTGGCTTTA,1,3567151
tisBp,21.4,222,9,ATAACGAAGGCGGCTTGATT,213,3586270
tisBp,20.0,208,9,AGTGGTTGCGGGCATTTATA,199,3566390
tisBp,24.5,253,9,AGTATGACTTTTATCCCCAG,244,3600879
tisBp,24.5,253,9,AGGTTTTGAAATCAGTCAGC,244,3553853
tisBp,44.7,455,9,AGGGGAGACTCCGATTCAGT,446,3589582
tisBp,0.2,10,9,AGGGAACGTAAGGTCGAGTG,1,3586808
tisBp,40.7,415,9,AGCATTTCGGCTTCTATATT,406,3554619
tisBp,18.8,196,9,AGAGATGACCTTTTGATGAG,187,3569952
tisBp,23.3,241,9,AGACGCCAAGGTGTGACCGA,232,3578429
tisBp,0.2,10,9,ACTTTTAGACGGGAAGGTCC,1,3589180
tisBp,0.2,10,9,ACTTCGCGGTCGGTTATTTT,1,3578930
tisBp,34.8,356,9,ACTTAGGTTACAAAGGGGGG,347,3602008
tisBp,22.0,228,9,ACTAGATGGCTAGCTTGCTC,219,3567603
tisBp,17.6,184,9,ACCGGCCTTCTTTTCCCTGG,175,3581784
tisBp,0.2,10,9,ACCCAGTGTGATACGTAGAG,1,3598483
tisBp,0.3,11,9,ACATTGTGTTTCAGCGTCGT,2,3601274
tisBp,0.3,11,9,ACATCCATGCGACTTGTCTA,2,3588546
tisBp,20.3,211,9,AATAGTATCCACGGTCCGTA,202,3598728
tisBp,0.2,10,9,AATAGCCGCGATTGTTGAGT,1,3555335
tisBp,1.0,18,9,AAGCGCCATGATCTGAACGT,9,3570407
tisBp,24.9,257,9,AAGCCAATCTTCCGGAGTGT,248,3565996
tisBp,0.2,10,9,AAGAGTGAGTCGTTATTATT,1,3602272
tisBp,20.3,211,9,AACTTGTCATCATGCATTGT,202,3597810
tisBp,40.9,417,9,AACGTGTGACCTTCTGATTT,408,3556211
tisBp,0.2,10,9,AACGGTATGACACGTTGGGT,1,3602664
tisBp,0.2,10,9,AACGCGTCATATTTTTTATG,1,3569679
tisBp,23.8,246,9,AACCGATGTTTAAGCGCAGG,237,3575013
tisBp,20.5,213,9,AAATGCTAACCCACGCATAC,204,3558436
tisBp,24.8,256,9,AAACGTCGCTCCGCGGTAAA,247,3549290
tisBp,0.2,10,9,AAAAACACGTCAGGCATGCA,1,3559633
tisBp,0.2222222222222222,9,8,TTTTGCAATTTTGTGCATAT,1,3554293
tisBp,49.333333333333336,451,8,TTTGTCCCACCCAGCGACAT,443,3551532
tisBp,25.666666666666668,238,8,TTTCTTATGCGGTATGGATT,230,3553219
tisBp,23.22222222222222,216,8,TTGCCTGTGCATTTCCTGAT,208,3545608
tisBp,1.2222222222222223,18,8,TTGAAAACGTCCGATGGTGA,10,3574699
tisBp,49.888888888888886,456,8,TTCACCGAAGATTCTCGCTA,448,3563754
tisBp,0.2222222222222222,9,8,TTATTGAATATGGGGAGGCC,1,3576244
tisBp,0.2222222222222222,9,8,TTAGCACGGGCGCATTGACT,1,3561827
tisBp,0.2222222222222222,9,8,TTACCAAAACAAGTTGACTT,1,3571505
tisBp,29.444444444444443,272,8,TTAAACACGTCGTATCTACT,264,3601724
tisBp,0.2222222222222222,9,8,TGTGATGCAGGCGATGCGCC,1,3543753
tisBp,0.2222222222222222,9,8,TGTCGTTTTCGATTATACCG,1,3598155
tisBp,0.2222222222222222,9,8,TGTCCGCTGTCTCGGGTTCA,1,3591622
tisBp,0.5555555555555556,12,8,TGGGAGGCCGACCTTTGGCA,4,3551520
tisBp,55.0,502,8,TGGCGCTAGCACAATACCCC,494,3572746
tisBp,0.2222222222222222,9,8,TGGATAAGATTTGGATCTCG,1,3602298
tisBp,0.2222222222222222,9,8,TGCTCCAGGCGGTTGAGGCT,1,3567530
tisBp,0.2222222222222222,9,8,TGCGCCCTGCAACCCCCTCC,1,3575286
tisBp,0.2222222222222222,9,8,TGACAATCTGCGCTACCTTC,1,3567410
tisBp,21.88888888888889,204,8,TCTTCACACGCAGGGGTAGG,196,3552872
tisBp,15.222222222222221,144,8,TCTTACGGTCATAAACAACT,136,3583427
tisBp,0.2222222222222222,9,8,TCTGAGCGGGTGATTCCTCG,1,3573926
tisBp,0.2222222222222222,9,8,TCTCAGTCGTCTATAGGTGT,1,3572993
tisBp,51.0,466,8,TCGTGCCTGATGGGTACCTC,458,3599142
tisBp,20.11111111111111,188,8,TCGGTGATGAGTACGGTGAC,180,3585981
tisBp,0.2222222222222222,9,8,TCGCTGTCCGCATCAGAGAC,1,3575566
tisBp,0.2222222222222222,9,8,TCGCGGCCGCGGTACTCCCT,1,3564782
tisBp,29.444444444444443,272,8,TCGAAGTGAGTTGGTATATG,264,3592542
tisBp,0.3333333333333333,10,8,TCCGCAAGGAGATAAGGGCT,2,3542794
tisBp,23.666666666666668,220,8,TCCCTCCCCCAGTTTCTGGT,212,3587437
tisBp,0.2222222222222222,9,8,TCCCGTTATTAGTGTAGTTA,1,3563901
tisBp,0.5555555555555556,12,8,TCAGTTAATGAGCAGCTCTT,4,3574647
tisBp,15.11111111111111,143,8,TATCCCCCATAGGTACGTAC,135,3545957
tisBp,0.2222222222222222,9,8,TATCAGTACCTTTGTGACTC,1,3568430
tisBp,0.2222222222222222,9,8,TATAGGCTGCGGATAAACTT,1,3550143
tisBp,22.444444444444443,209,8,TAGATTTAGGCCACACCGGA,201,3546383
tisBp,75.88888888888889,690,8,TAGATCTTGAGGCACGGCGC,682,3588783
tisBp,0.2222222222222222,9,8,TAGAATACAGCTGGCCGCAT,1,3600016
tisBp,0.3333333333333333,10,8,TACTCTTCGTATAGTCAGTG,2,3586573
tisBp,0.2222222222222222,9,8,TAAGACTGGGTCTATAGAGG,1,3558517
tisBp,0.2222222222222222,9,8,GTTTTGCTCGGTCGCCCATA,1,3549464
tisBp,36.333333333333336,334,8,GTTGAAGTTGTTGACCGATG,326,3559565
tisBp,21.88888888888889,204,8,GTGTTTATTTCCATATAGGG,196,3542697
tisBp,24.77777777777778,230,8,GTGGTCTACTACATATGTCC,222,3572091
tisBp,0.2222222222222222,9,8,GTCTCGGGCTTAAAGAAGCT,1,3541517
tisBp,0.5555555555555556,12,8,GTCTCAACTGACGGCCAGTC,4,3588976
tisBp,0.2222222222222222,9,8,GTCCTACTATTAATATGACT,1,3585260
tisBp,0.2222222222222222,9,8,GTCCAGGCCAACCGCCCGTC,1,3581040
tisBp,0.4444444444444444,11,8,GTCAACACCTCACCTTCTGG,3,3550078
tisBp,0.5555555555555556,12,8,GTACTTATCGGTACTGTGCC,4,3594580
tisBp,0.2222222222222222,9,8,GTAATGCAGCCCCTAGTGGA,1,3548804
tisBp,0.2222222222222222,9,8,GGGCGGCCGGGTCTCAGATA,1,3555838
tisBp,82.44444444444444,749,8,GGCGTGTCATATAGTTAGTT,741,3603264
tisBp,0.3333333333333333,10,8,GGATGTCAGGTTACGGCATG,2,3556296
tisBp,17.666666666666668,166,8,GGAGTGGTAGGAGTGTTTTA,158,3583429
tisBp,0.3333333333333333,10,8,GCTCCACCGGTTAATGGGCA,2,3558579
tisBp,0.2222222222222222,9,8,GCTAGGTTAATAGAATTACC,1,3567815
tisBp,24.0,223,8,GCGTGGCCACCCGTGTAACT,215,3581831
tisBp,23.22222222222222,216,8,GCGTCCTAAGGCTGAGCTTG,208,3548198
tisBp,42.666666666666664,391,8,GCGGTTGTGACATCCACTCA,383,3550454
tisBp,39.666666666666664,364,8,GCGAAGCGTCTCCGCGCCCT,356,3542244
tisBp,0.2222222222222222,9,8,GCCTGAATCTCGCGACCGTA,1,3557127
tisBp,25.77777777777778,239,8,GCCGAAGAGGCGGGTACGCA,231,3542123
tisBp,0.2222222222222222,9,8,GCCCGTAGAGTTCCGAGCGT,1,3576797
tisBp,0.2222222222222222,9,8,GCCACACGATCTAACCAAAA,1,3554343
tisBp,0.2222222222222222,9,8,GATTCCCAGAGCGGGCGGCG,1,3564658
tisBp,43.55555555555556,399,8,GACTCTTCTCCCGTATTTTT,391,3588790
tisBp,6.888888888888889,69,8,GACTCTGTCGAAAAAAAATT,61,3542127
tisBp,10.222222222222221,99,8,GACCGGTGCAAGGAACGTGA,91,3585554
tisBp,17.666666666666668,166,8,GAATAAATGCACCGCGAATC,158,3577991
tisBp,1.5555555555555556,21,8,CTGGCTCGAAGGTTATCCCC,13,3599418
tisBp,0.2222222222222222,9,8,CTGAGGGACCGTTACTATCA,1,3593674
tisBp,0.3333333333333333,10,8,CTCTCGCTAGACCTGTACAC,2,3582143
tisBp,18.0,169,8,CTCGGTCGGCTTGCAAAGGG,161,3579675
tisBp,28.22222222222222,261,8,CTCATGGTAATAAGGTAAAC,253,3583852
tisBp,21.88888888888889,204,8,CTAACGTGACTGGGTCGGTG,196,3551770
tisBp,23.22222222222222,216,8,CTAACGAGGATACTTCGATT,208,3578983
tisBp,28.444444444444443,263,8,CTAAAGGCCGGTTGAGATCT,255,3586558
tisBp,26.0,241,8,CGTCTAACTCTCCGAGCAGA,233,3600786
tisBp,22.666666666666668,211,8,CGTCACTCGTAAAGTGGCAT,203,3592733
tisBp,0.2222222222222222,9,8,CGCTTCGCGAGTCCACAATA,1,3544230
tisBp,27.333333333333332,253,8,CGCGAACGAATTTTGTTGAG,245,3580927
tisBp,0.3333333333333333,10,8,CGCCCCGCTACCGAAACTCG,2,3552849
tisBp,5.222222222222222,54,8,CGAGTCAGTGAGAAACCGTC,46,3590233
tisBp,0.2222222222222222,9,8,CGAGACCCTAGTTCGGTGAC,1,3595930
tisBp,0.2222222222222222,9,8,CGACGCACCTATGAGGACGT,1,3594982
tisBp,12.555555555555555,120,8,CCTCATGGCGAAATGTCAGA,112,3592011
tisBp,37.44444444444444,344,8,CCGTCTCATGCACAACACAC,336,3561232
tisBp,0.2222222222222222,9,8,CCGGTTCGCTCAGCTCTACA,1,3571386
tisBp,0.2222222222222222,9,8,CCCGCATAGAACGTATAACA,1,3599872
tisBp,23.444444444444443,218,8,CCATAAGTACGGTAACGAGC,210,3573000
tisBp,0.2222222222222222,9,8,CATTGGTCTAGGTCATTGAG,1,3598256
tisBp,0.2222222222222222,9,8,CATATTGATGCAGAGTTATC,1,3559815
tisBp,0.2222222222222222,9,8,CAGTTGGTCCAACCGGCCAT,1,3545679
tisBp,0.2222222222222222,9,8,CAGCCAAAAACGCCTTTTAA,1,3574929
tisBp,23.88888888888889,222,8,CACCAAATGGGGGGTTAGAG,214,3568567
tisBp,76.11111111111111,692,8,ATTCACCCGAGCGCAAAGGG,684,3553209
tisBp,26.444444444444443,245,8,ATTATCTTCAAGCACTTGAC,237,3582566
tisBp,22.88888888888889,213,8,ATCTGGCCCAACGTTTCGCA,205,3549497
tisBp,0.2222222222222222,9,8,ATCCTGCAGAAGGTAGTGAT,1,3541441
tisBp,23.22222222222222,216,8,ATACCCACACGGCGATGATC,208,3583399
tisBp,0.2222222222222222,9,8,AGTTAACTCTCACAACTCTC,1,3564648
tisBp,26.0,241,8,AGGTTGCGGTAGTCCCTTCA,233,3557468
tisBp,0.2222222222222222,9,8,AGGAACGCTGCCGGGTTTAC,1,3577815
tisBp,0.2222222222222222,9,8,AGATTCGCAGCCGCAGACGA,1,3555539
tisBp,0.2222222222222222,9,8,AGAGCTGGTATAGATAACCA,1,3582118
tisBp,16.555555555555557,156,8,AGAATGCCAACGTGACACAA,148,3589156
tisBp,29.666666666666668,274,8,AGAAGACCGTCGATAGGCGT,266,3547442
tisBp,20.0,187,8,AGAAAGGGACGAATCCGACG,179,3583064
tisBp,0.2222222222222222,9,8,ACTCATGTAACATCAGAGAC,1,3587127
tisBp,0.2222222222222222,9,8,ACCTCCTGTAATAAATGGGT,1,3594967
tisBp,0.5555555555555556,12,8,ACCCTTTAAAGCCAAGAGTT,4,3567078
tisBp,107.0,970,8,ACATTCGGTCGTAACTTCCA,962,3573822
tisBp,26.0,241,8,ACAGTGACAGGCTCTCGGTA,233,3565113
tisBp,0.2222222222222222,9,8,ACAGCGACGACGTAATCGGT,1,3571206
tisBp,0.3333333333333333,10,8,ACAATTCCATCGCATAATTT,2,3585551
tisBp,0.2222222222222222,9,8,AATATAAGATATCATCCGAA,1,3598590
tisBp,11.11111111111111,107,8,AATAGTATTACCTAACATAC,99,3569777
tisBp,0.2222222222222222,9,8,AATACAATCCAACACTACGG,1,3586537
tisBp,20.444444444444443,191,8,AAGGTTTCTGCAACCCGCCC,183,3573972
tisBp,25.88888888888889,240,8,AAGACGCAGAACCACTAGAT,232,3582529
tisBp,8.555555555555555,84,8,AACTGTTAGATCACAGGCCT,76,3551539
tisBp,23.88888888888889,222,8,AACGATTAGACGAATCCACT,214,3584613
tisBp,0.7777777777777778,14,8,AACATCAGCGCGCAAGGATA,6,3559583
tisBp,0.2222222222222222,9,8,AAAGTGCATTTCCTCCGCGT,1,3569954
tisBp,23.5,194,7,TTGGCTCCGTACCTTAGGAC,187,3597821
tisBp,13.625,115,7,TTGGCAGTTACGCGGTCGGC,108,3566833
tisBp,24.5,202,7,TTGCACCTCCACCCTCCAAC,195,3558503
tisBp,29.875,245,7,TTCCGTTAGTTGGTCTGCCA,238,3577502
tisBp,25.75,212,7,TTCATGGCCTTCCTCGGACT,205,3567212
tisBp,0.25,8,7,TTCATAGTAGATCCTCCGTT,1,3546260
tisBp,0.25,8,7,TTAATGAAACGAGCAACCTT,1,3562556
tisBp,0.25,8,7,TGTGCTGGTACGCGTTAGTT,1,3576534
tisBp,6.625,59,7,TGTGCAGAAGGCCTACCCAT,52,3597197
tisBp,48.75,396,7,TGTCAGCCTGACGAACGTTA,389,3543480
tisBp,0.375,9,7,TGTCAAATAGAGATTATAAT,2,3600658
tisBp,0.25,8,7,TGTAGTACAGATGAGGTCGT,1,3572086
tisBp,0.375,9,7,TGGGGGCGTGCTTGGTTGCT,2,3582543
tisBp,0.25,8,7,TGGGGCCTTCGAAGGACGCA,1,3603079
tisBp,0.25,8,7,TGCGATCGACTTCGACACTG,1,3566882
tisBp,0.25,8,7,TGCATACAATTCGACGTCCA,1,3565631
tisBp,27.25,224,7,TCTTGGCAGAACCTGTCTGA,217,3550647
tisBp,33.5,274,7,TCTTATCAAATAAAGTAGTG,267,3568500
tisBp,0.25,8,7,TCTGGGCAATATTCGAACTA,1,3587125
tisBp,0.25,8,7,TCGTCCGGAATATCTGTTAA,1,3588630
tisBp,0.25,8,7,TCGTATCTGGTGTATGTGCT,1,3580193
tisBp,26.5,218,7,TCGCGTGAGGTGCTTCCCGG,211,3581670
tisBp,0.25,8,7,TCCAGTTTAATGGAGCTGTC,1,3574744
tisBp,21.125,175,7,TCCACTCTTCTCACGCGCGC,168,3555621
tisBp,0.25,8,7,TAGGTACGCCACCAAGTCCT,1,3601500
tisBp,0.25,8,7,TAGCTCACGCAGCCCACGGC,1,3559546
tisBp,16.5,138,7,TAGCGGCCATACATTGACCT,131,3573890
tisBp,0.375,9,7,TACACTAAGAAGGCCCGTGG,2,3565181
tisBp,26.375,217,7,TACACCCCGGATTGCGTTAG,210,3579311
tisBp,15.125,127,7,TAAAAGGCGATGATGGCATA,120,3557967
tisBp,22.75,188,7,GTGATTCATAGGCATACGTA,181,3565280
tisBp,0.25,8,7,GTGACTATCTAGTACCACTG,1,3597049
tisBp,29.25,240,7,GTCGCGCCCATGTATCGTTG,233,3566327
tisBp,60.125,487,7,GTCCGGATGACATCCCCGTT,480,3601634
tisBp,27.25,224,7,GTAATCTTCGCACACCGTCG,217,3567602
tisBp,0.25,8,7,GGGTAATTTCGCAGAACGAC,1,3591495
tisBp,0.25,8,7,GGGGTCTAGCCATTCATCGT,1,3594213
tisBp,0.25,8,7,GGGGTCCTTGCCTCGACTTA,1,3564237
tisBp,22.25,184,7,GGGGCTCATGGTGGGTGATG,177,3565310
tisBp,28.875,237,7,GGGGACTAGGTCTCACAGAT,230,3588621
tisBp,30.0,246,7,GGCGCTAGAGTGGTAGGCAG,239,3562897
tisBp,0.25,8,7,GGACGTCATCGATAGGAGAT,1,3591396
tisBp,0.25,8,7,GCTGTCGAGAGGTGCCTGAC,1,3602553
tisBp,28.5,234,7,GCTCCACTTCGACAGCAAGG,227,3556514
tisBp,0.25,8,7,GCGCTGGCTAGGCTATTCAG,1,3566884
tisBp,13.25,112,7,GCGCCTTCCTCTTGTGCATC,105,3569231
tisBp,0.25,8,7,GCCGGAGCAAACAGACCCGG,1,3556972
tisBp,0.25,8,7,GCCATCATGTTAATCCCATC,1,3571009
tisBp,27.625,227,7,GCATTCCAGGAAGAATCAGT,220,3591087
tisBp,0.25,8,7,GCAGGTGGGTTTTACAGCTG,1,3556362
tisBp,0.25,8,7,GATGACGTAATCGGCAACAG,1,3594921
tisBp,0.25,8,7,GATAGGGGCGCCCGCTTGGA,1,3572980
tisBp,25.5,210,7,GAATCTGCAAGTCTCCTGTA,203,3597325
tisBp,50.25,408,7,CTTGCCCGCGTGTCACCAGA,401,3588799
tisBp,0.25,8,7,CTTCAGGTTCGGGAAGTTAG,1,3590028
tisBp,0.25,8,7,CTGCATCCAGCTCGCGTTAT,1,3577185
tisBp,14.125,119,7,CTCTGCGCCCGATTAGAAGT,112,3546668
tisBp,0.25,8,7,CTCGTCGTAATGCAGTTCGT,1,3582305
tisBp,27.5,226,7,CTCGAAATTTCAGGTGGTGC,219,3544365
tisBp,22.75,188,7,CGTTGTCCCACAGTGTGCAT,181,3561802
tisBp,41.5,338,7,CGTAACTCCTTCGGAGCTCA,331,3591094
tisBp,0.25,8,7,CGGGTTCCCCGTCATAGTAG,1,3550373
tisBp,0.875,13,7,CGGGCACAGGCTCATATCAG,6,3557925
tisBp,0.25,8,7,CGGCTATTCGCCCAGTGCGG,1,3556360
tisBp,18.875,157,7,CGGATTGATAATCTACCTCC,150,3572975
tisBp,0.375,9,7,CGGACAGAGCAGGCGTGCTG,2,3542116
tisBp,0.375,9,7,CGCGAGGGGCGCTTGGTAGC,2,3599386
tisBp,0.25,8,7,CGCCAGGCAATCCGTAGGAG,1,3548524
tisBp,0.375,9,7,CGCAGTGGAAGGGATCACGC,2,3549538
tisBp,0.25,8,7,CGATTAATTAGTCGGCTAGG,1,3579711
tisBp,0.25,8,7,CGACTCCCACTAGGGGAACT,1,3599243
tisBp,0.375,9,7,CCTCGCCTCTGGAGCATATG,2,3587799
tisBp,25.625,211,7,CCTCCTAAAGAAAGCCAGAG,204,3542128
tisBp,58.625,475,7,CCTCCCAGTATGGCTTCCGG,468,3598068
tisBp,25.375,209,7,CCTATTTTAGGTCTAATGCA,202,3585120
tisBp,16.875,141,7,CCGACAGGGGACAAGTTCAA,134,3593784
tisBp,31.25,256,7,CCGAATGTGTCATGCCTCCC,249,3588714
tisBp,106.75,860,7,CCCTACGTTCGAAAGTACAC,853,3583062
tisBp,40.5,330,7,CATACTTAGGGTATGTTTTC,323,3601605
tisBp,29.625,243,7,CAGGGTGGCCTATCGGATTT,236,3591109
tisBp,0.25,8,7,CAGCGACATGCCCGGCGCAT,1,3559297
tisBp,0.375,9,7,CACTGTCGCTTTTAGGGCTA,2,3594477
tisBp,33.0,270,7,CACGATATCCCTGTCGTCTC,263,3584597
tisBp,23.75,196,7,CACCAATGTTGTACCCTGTG,189,3574798
tisBp,0.25,8,7,CACATAAGATATCTTCATGC,1,3546997
tisBp,0.375,9,7,ATTGTTTCAGTAAACGGAAC,2,3592950
tisBp,14.5,122,7,ATTATGTTAGCAATAGCGGA,115,3577803
tisBp,23.625,195,7,ATTAGGAATGCTGACCTTTG,188,3591414
tisBp,0.25,8,7,ATGTCCAGATCGTCGGGCCT,1,3582373
tisBp,23.625,195,7,ATGGTTACGTCTGTCTAGCT,188,3564677
tisBp,26.75,220,7,ATCTGCGAGGTCCTGATGGT,213,3580926
tisBp,0.25,8,7,ATCGCCGACTCCCCGACGGT,1,3576424
tisBp,0.375,9,7,ATAGTGAATTACAACGACTG,2,3548687
tisBp,0.25,8,7,ATACTCTCGAGTCCGATGCC,1,3564053
tisBp,13.75,116,7,ATAACAGTGGGGCAGATTGG,109,3565860
tisBp,24.875,205,7,AGGTCCGCGACCATGGCAAC,198,3563914
tisBp,0.25,8,7,AGGCAACGATTCGCTCATCT,1,3558155
tisBp,0.25,8,7,AGGAAGTCTTCACGTTGAAA,1,3586644
tisBp,0.25,8,7,AGCTCATTTGCATGTGTCAT,1,3561677
tisBp,0.25,8,7,AGCGTCGATACCACCTTCTA,1,3573980
tisBp,0.375,9,7,AGCCTCATCCCGATGTTCAA,2,3571531
tisBp,0.5,10,7,AGAGCTTTCGGCCGTAAATA,3,3554662
tisBp,0.25,8,7,AGAGACTCTTCCCGACAGTC,1,3574636
tisBp,0.25,8,7,AGAATAACGCTCCAGAGATG,1,3554332
tisBp,0.25,8,7,AGAAGTGTCAGTTGGGTTGC,1,3594156
tisBp,0.375,9,7,AGAAAGTGGGACCGAGGGCT,2,3562864
tisBp,0.25,8,7,ACTGTGGCCCCAGAGATCAG,1,3587510
tisBp,0.25,8,7,ACTACTCGCGACTTTTGGAA,1,3591262
tisBp,0.25,8,7,ACGGTCCAGTATCCAGGCAA,1,3556826
tisBp,0.25,8,7,ACCTTGCGGTTAGTAGGGAT,1,3601962
tisBp,73.625,595,7,ACCTTCGTAGCCCGTTTGCT,588,3542126
tisBp,15.125,127,7,ACCTCTTCTCAATATTGTAC,120,3597637
tisBp,0.375,9,7,ACAGGGTTGATCGCATCGCA,2,3568176
tisBp,26.75,220,7,ACACCCCAACTGGCCCTCGA,213,3565613
tisBp,54.875,445,7,AAATATGCTTACTTGGGTGA,438,3599188
tisBp,0.2857142857142857,7,6,TTTGGTTTTGTTATAGGGAC,1,3542365
tisBp,0.2857142857142857,7,6,TTTACTGACTGATGGTACCT,1,3590108
tisBp,27.857142857142858,200,6,TTTAATTGGTCGCTGAAAAA,194,3595764
tisBp,30.857142857142858,221,6,TTGTAGTAGTAGTTATTCTG,215,3601959
tisBp,15.714285714285714,115,6,TTGCGCATCAGCGAATCTTT,109,3558743
tisBp,57.57142857142857,408,6,TTACCCTCTATCCCTCCATA,402,3580152
tisBp,33.857142857142854,242,6,TTAAACATGTATTCGAAAGG,236,3588806
tisBp,0.42857142857142855,8,6,TGTGATATTTACAGTATCCA,2,3590376
tisBp,0.2857142857142857,7,6,TGTATCGGGATTGTGGATTG,1,3555800
tisBp,27.285714285714285,196,6,TGGGGGAGCACGGGCGCCAA,190,3548964
tisBp,31.428571428571427,225,6,TGGGGCGCCATTTTCAGGGA,219,3587974
tisBp,0.8571428571428571,11,6,TGGCATATTCATTTCAGTAA,5,3590823
tisBp,0.2857142857142857,7,6,TGGAGTCAACGCCACAGACT,1,3566069
tisBp,0.2857142857142857,7,6,TGCGCACCTGAAGCACGTGG,1,3543883
tisBp,0.2857142857142857,7,6,TGCGCAAAGGAAATTATGAA,1,3572703
tisBp,0.2857142857142857,7,6,TGCAAAGCTCTTATTCCACA,1,3545705
tisBp,0.2857142857142857,7,6,TGAGGCGGTGTAAACCGTCC,1,3569837
tisBp,0.2857142857142857,7,6,TGAGCCTTATATTTGTGCGC,1,3596008
tisBp,0.2857142857142857,7,6,TGAAGCGTGGGTTCGATGTC,1,3593028
tisBp,32.714285714285715,234,6,TCGGATTACTGTTTCAGAGT,228,3590381
tisBp,0.2857142857142857,7,6,TCCCATATCTTACACAGTCA,1,3601469
tisBp,33.0,236,6,TATTTGAGGAGTAAGGCGTA,230,3574743
tisBp,31.714285714285715,227,6,TATTACAATATCTACTAGAA,221,3565127
tisBp,52.857142857142854,375,6,TATGCTCAGTGGTCCAAGGC,369,3595022
tisBp,0.2857142857142857,7,6,TATGCTCAGGATCAGTTCCA,1,3576555
tisBp,17.857142857142858,130,6,TATCACTCATAGGCCCTAGG,124,3565123
tisBp,0.2857142857142857,7,6,TAGGAACTATGGAACATTCT,1,3544244
tisBp,0.2857142857142857,7,6,TAGCGGCATATAGGTTTCGG,1,3559960
tisBp,0.2857142857142857,7,6,TAGACGAGTCGAATCTGTAA,1,3598526
tisBp,35.42857142857143,253,6,TAGAAAGAAGGATGCAACTG,247,3543654
tisBp,0.2857142857142857,7,6,TACTTTCACACGTCGGATCA,1,3599359
tisBp,0.42857142857142855,8,6,TACTGCCGATTGCCTACGAA,2,3546955
tisBp,0.42857142857142855,8,6,TACTATGATGTTCATTGGAA,2,3562016
tisBp,0.2857142857142857,7,6,TACCTAAGACGCGGTTGTAC,1,3555288
tisBp,29.428571428571427,211,6,TAATTCTTGATATCTGCAAC,205,3595193
tisBp,0.2857142857142857,7,6,TAATTAAAATATCTAAAGGG,1,3550505
tisBp,37.0,264,6,TAAGGATGTTTTTCGAGGCC,258,3599920
tisBp,0.2857142857142857,7,6,TAAGGAGCGATCTTGGCCGT,1,3594831
tisBp,0.2857142857142857,7,6,TAACAGTCTATTTGTCACAG,1,3591045
tisBp,0.2857142857142857,7,6,GTTCCCATAGACCGCTCAGG,1,3554645
tisBp,0.42857142857142855,8,6,GTTATTTTGAACTTAACCGA,2,3593794
tisBp,0.2857142857142857,7,6,GTCGTGTACAAACCTATCCT,1,3564316
tisBp,18.857142857142858,137,6,GTCCTGGATTCACGTAGCGT,131,3542586
tisBp,0.2857142857142857,7,6,GTATGTAGACTGTTGCCGTC,1,3558221
tisBp,30.714285714285715,220,6,GTATCGTACGCACTTCCAGG,214,3575928
tisBp,29.857142857142858,214,6,GTACTGTACGTAGCGTGAAC,208,3566724
tisBp,31.285714285714285,224,6,GTACACATCTAACAGTGAGA,218,3567398
tisBp,78.0,551,6,GGTGACGGGGAGAGGGAACG,545,3603081
tisBp,0.2857142857142857,7,6,GGCGTAATTAACGTGGTGGA,1,3555388
tisBp,0.5714285714285714,9,6,GGCCCTGTACTGGAGTCACT,3,3578931
tisBp,32.142857142857146,230,6,GGATTAACCGTTTGGGCGTC,224,3545031
tisBp,89.42857142857143,631,6,GGAGTTTAATATTCACAGAT,625,3570580
tisBp,28.857142857142858,207,6,GGAGGCAGAAGACAAAGTTG,201,3594499
tisBp,2.142857142857143,20,6,GCTTTCTTCCCATGACGTTT,14,3562247
tisBp,0.2857142857142857,7,6,GCTCGCATGCACATGAACTA,1,3556102
tisBp,0.2857142857142857,7,6,GCTATGACGCCCGAGGAATG,1,3560928
tisBp,0.2857142857142857,7,6,GCTAGAGGGGTCAGTAAAGA,1,3541569
tisBp,5.571428571428571,44,6,GCTACTAAACAGTGCCATCG,38,3583070
tisBp,0.2857142857142857,7,6,GCGTTCCAGTGATGCTAAAT,1,3561758
tisBp,29.142857142857142,209,6,GCCTTATTTCCCCGGAACGA,203,3577296
tisBp,31.285714285714285,224,6,GCCTAGCTATTTTGCAACTA,218,3578794
tisBp,0.7142857142857143,10,6,GCCGAACGGATGATTCATAA,4,3583722
tisBp,28.428571428571427,204,6,GCCCACCTCGGCGGACGGAC,198,3558525
tisBp,34.857142857142854,249,6,GCCAGACAGACCAGACCGAT,243,3597595
tisBp,0.2857142857142857,7,6,GCCACGAGAGAGAGCGGGAA,1,3547134
tisBp,0.2857142857142857,7,6,GCACATCGATTCAAGATTAA,1,3557001
tisBp,29.571428571428573,212,6,GATTTAAATCCCTACCGGGA,206,3571251
tisBp,27.285714285714285,196,6,GACTTTCTCTCGTGGGCAAA,190,3564406
tisBp,0.2857142857142857,7,6,GACTACATCACAGTCCCTCC,1,3545939
tisBp,0.42857142857142855,8,6,GACCACCCAGGTGTACGGTA,2,3599770
tisBp,0.2857142857142857,7,6,GAACCCAGGCGGTCCTTCGG,1,3584913
tisBp,33.857142857142854,242,6,CTTGCTAACCTCCCCGTTAT,236,3575620
tisBp,25.428571428571427,183,6,CTTAGTGGCTATGTAACTTC,177,3572206
tisBp,0.2857142857142857,7,6,CTGGAACGAGCTGACTGAAC,1,3555582
tisBp,0.2857142857142857,7,6,CTGCTGCCGCTTCGCTCGTT,1,3558445
tisBp,9.428571428571429,71,6,CTGCCTGGAAAGCGCGAACT,65,3546316
tisBp,0.2857142857142857,7,6,CTCGCAGGCATGGCGATTGT,1,3550232
tisBp,0.42857142857142855,8,6,CTATAACCCCGCTTCTCCCT,2,3597795
tisBp,0.42857142857142855,8,6,CTAATACTGCACAGTCGCCA,2,3556990
tisBp,30.0,215,6,CGTTGAATGTTCAAACTCCT,209,3578834
tisBp,0.2857142857142857,7,6,CGTGACTATCGAGAGAGCAG,1,3567619
tisBp,68.42857142857143,484,6,CGTCCACTTCCCTAAGTTTT,478,3588624
tisBp,0.2857142857142857,7,6,CGTCACGAGCCTGTCTCATA,1,3593076
tisBp,32.285714285714285,231,6,CGTACTGCGCCGTTCGTTAG,225,3566027
tisBp,0.2857142857142857,7,6,CGGGAATTTAGTGAATAACG,1,3594660
tisBp,60.285714285714285,427,6,CGGCGGTCCCGTAGCTGGGT,421,3577880
tisBp,25.428571428571427,183,6,CGCCACATTGTGACTGTCGT,177,3583655
tisBp,30.714285714285715,220,6,CGATGTCAGCCGACGGCCGA,214,3603596
tisBp,13.571428571428571,100,6,CCTCCGTCCCATACGGGGGG,94,3574773
tisBp,60.857142857142854,431,6,CCTAGCGGGAACAATGGGTT,425,3575652
tisBp,50.57142857142857,359,6,CCGACCGGCCGTAGGTGTTA,353,3575488
tisBp,0.2857142857142857,7,6,CCGACAATCCTTGATCTCCA,1,3554693
tisBp,15.714285714285714,115,6,CCCCCATTAAGCACCTGGGA,109,3561266
tisBp,0.2857142857142857,7,6,CCCATCCAGGAGAGCCAGTA,1,3581785
tisBp,27.857142857142858,200,6,CCCAGGGGCGTTTACCGTGA,194,3558465
tisBp,52.57142857142857,373,6,CCCACGCAGTGATGAGATAA,367,3571596
tisBp,0.2857142857142857,7,6,CCACTGGCAAAGCGATCAAT,1,3542236
tisBp,0.2857142857142857,7,6,CCACAGTTTCCTGGGTCGCT,1,3563344
tisBp,27.285714285714285,196,6,CATTTTTACGTCAGTTTTGT,190,3583629
tisBp,0.2857142857142857,7,6,CATCAAGGCCCGGAATACAC,1,3582475
tisBp,0.2857142857142857,7,6,CAGATCTCAGCCTTCCCGCT,1,3552939
tisBp,29.285714285714285,210,6,CACGTTACCGCACTGCAATC,204,3601723
tisBp,0.2857142857142857,7,6,CACCCTTGGTGCGAGTTCGA,1,3572893
tisBp,0.2857142857142857,7,6,CAACCCCCGGCCCACAGAGG,1,3548046
tisBp,32.0,229,6,ATGTTTTGCGCGCATGCTAA,223,3565814
tisBp,29.142857142857142,209,6,ATGTACTCAGGGTAATGACA,203,3587838
tisBp,0.2857142857142857,7,6,ATGCTCCGTGGTATCCGCTA,1,3580811
tisBp,0.2857142857142857,7,6,ATGATACGCTTGACGGAGGT,1,3598782
tisBp,29.428571428571427,211,6,ATGACCATAGTATCGAAGGC,205,3555414
tisBp,0.2857142857142857,7,6,ATCAGTTATCTTAGGCGCGC,1,3547288
tisBp,55.57142857142857,394,6,ATAGAAAGCGGATGATTAAA,388,3542300
tisBp,0.2857142857142857,7,6,ATACTATACGTGCCCGTAGA,1,3573182
tisBp,22.857142857142858,165,6,ATACCCCGCATCGGAATGGA,159,3554038
tisBp,0.2857142857142857,7,6,AGTTGCACCGGGCGCGCTCC,1,3544678
tisBp,42.285714285714285,301,6,AGTGTATATGGCCGTAGTAT,295,3587040
tisBp,0.42857142857142855,8,6,AGTAGTTCACTGTGGCCTGC,2,3588124
tisBp,0.2857142857142857,7,6,AGGTGTTCAGCTATTGACTT,1,3555778
tisBp,0.2857142857142857,7,6,AGGTACCCATTCTTTCTTAG,1,3569200
tisBp,0.2857142857142857,7,6,AGGGGATAAGTCCTAGAACT,1,3560512
tisBp,0.2857142857142857,7,6,AGGAAGATCGGCAGGCTATT,1,3567304
tisBp,32.0,229,6,AGCGGCGAGGCCTACTCCGT,223,3543943
tisBp,31.714285714285715,227,6,AGCGCAAGGCGCAAAACTGA,221,3587570
tisBp,0.2857142857142857,7,6,AGCGAGACCGTGGGCAGATT,1,3592201
tisBp,0.2857142857142857,7,6,AGAGGCTGAGCCCTGGTAAT,1,3598619
tisBp,0.2857142857142857,7,6,AGACATATGTAAATATAACT,1,3584824
tisBp,22.0,159,6,ACTTGAATATTACTAAGGCC,153,3545301
tisBp,39.0,278,6,ACTGGCGGGATCCGAGTCCC,272,3577047
tisBp,25.857142857142858,186,6,ACTACTCGTACCTTAGTGCA,180,3556187
tisBp,60.42857142857143,428,6,ACGTTCCTTTTTGTGTGTTT,422,3546266
tisBp,0.2857142857142857,7,6,ACGTTCATCCTGGGAGTACG,1,3556542
tisBp,0.2857142857142857,7,6,ACGGGACAACATTATGCAAG,1,3570877
tisBp,24.857142857142858,179,6,ACGGATCATACACCACCGTC,173,3564050
tisBp,57.857142857142854,410,6,ACGCGTTGCCCAATTCCGGT,404,3564873
tisBp,19.428571428571427,141,6,ACGCACAGGCTGATTGAAGC,135,3548802
tisBp,0.2857142857142857,7,6,ACGATCATTAATGGGTACAG,1,3548799
tisBp,0.2857142857142857,7,6,ACCTTGCGGACAACTCCTTA,1,3567162
tisBp,0.2857142857142857,7,6,ACCTGTGAGGTGGGGGCGAA,1,3580425
tisBp,0.2857142857142857,7,6,ACCGGATAGAGATTTTTCAT,1,3566836
tisBp,40.42857142857143,288,6,ACCCCGACGCTTCGCCCTGC,282,3598603
tisBp,31.285714285714285,224,6,ACCAAATCGTACGTCCAATG,218,3591086
tisBp,0.2857142857142857,7,6,AATGAGTGACAACAAAAATC,1,3602128
tisBp,0.2857142857142857,7,6,AATACCACCGTCGGTCAAAT,1,3596641
tisBp,57.42857142857143,407,6,AACAGCGCGTCGTCGTCAAT,401,3600648
tisBp,37.57142857142857,268,6,AAATCGATATATTTCAGGTG,262,3591083
tisBp,0.2857142857142857,7,6,AAATAGATAGCCGCTTGCCC,1,3577132
tisBp,66.71428571428571,472,6,AAAGTGTTTTCGTATTTCAA,466,3590547
tisBp,31.428571428571427,225,6,AAAGTCAGGACCCCGGGAGT,219,3566556
tisBp,52.857142857142854,375,6,AAACGGGCGTGTCCTGTTTT,369,3562564
tisBp,0.2857142857142857,7,6,AAACGAGAGTAACAAACCAC,1,3598070
tisBp,30.428571428571427,218,6,AAACATGGCTTAAGGGATTA,212,3545369
tisBp,11.5,73,5,TTTTCTTATATACGCTCACA,68,3578173
tisBp,33.0,202,5,TTTGGTCCGTGGATTACCCA,197,3593596
tisBp,0.3333333333333333,6,5,TTTGACCGTCCGGCGCGTGT,1,3550624
tisBp,41.833333333333336,255,5,TTGCTCAGGTGATGGGAGGA,250,3557651
tisBp,39.333333333333336,240,5,TTGAATTGCAAACAAATGGT,235,3602662
tisBp,0.3333333333333333,6,5,TTCGTTGGTAGGGCGATTGC,1,3545532
tisBp,38.833333333333336,237,5,TTCAATCAAGTCCTAGACTA,232,3562700
tisBp,0.5,7,5,TTATATCCTAGATTACATGT,2,3569928
tisBp,0.3333333333333333,6,5,TTAGAAAACTTCAGGGGAGG,1,3572261
tisBp,0.3333333333333333,6,5,TTAATATTACTGGTTTTAAA,1,3579313
tisBp,0.3333333333333333,6,5,TGTGTACTCTCTCGTCCCCA,1,3547291
tisBp,34.666666666666664,212,5,TGTACGGTCTAACTATTTAG,207,3552763
tisBp,0.3333333333333333,6,5,TGTACCACCCCTAGAACTCT,1,3574619
tisBp,38.333333333333336,234,5,TGGTATTTGTGCTGTTCGGG,229,3574147
tisBp,0.5,7,5,TGGGACTTTCACTGATACTT,2,3554849
tisBp,36.333333333333336,222,5,TGGATTGAAGCGGACCAATG,217,3545419
tisBp,40.166666666666664,245,5,TGGAAGTGCATAATTTCTAT,240,3550499
tisBp,33.0,202,5,TGATAGGTTGCCCTCCCGTG,197,3602356
tisBp,71.16666666666667,431,5,TGAACGGAGAAATCGCCGGA,426,3575251
tisBp,48.333333333333336,294,5,TCTCATGAGGAAGCCAGTAA,289,3597267
tisBp,0.3333333333333333,6,5,TCTAGCGTCGTCGTCAACGG,1,3584655
tisBp,36.166666666666664,221,5,TCGGGTAGTTCTTTCTATCA,216,3559718
tisBp,0.3333333333333333,6,5,TCGGCGCGGTGTATTTAGTA,1,3541838
tisBp,0.3333333333333333,6,5,TCCACTGGCTAGCGGCAAGT,1,3578003
tisBp,0.3333333333333333,6,5,TCACGTAACAGGATGTGGCG,1,3561457
tisBp,4.666666666666667,32,5,TATTTGCCGGCGGGTGGAGA,27,3565978
tisBp,37.833333333333336,231,5,TATATCGGGTACCTTATCTT,226,3566547
tisBp,36.833333333333336,225,5,TATAAGGCTGGTAGTCACAA,220,3562510
tisBp,36.666666666666664,224,5,TAGAGTTGCGAATCCCGCAT,219,3548671
tisBp,0.3333333333333333,6,5,GTTGCCCACAGTTATCATTA,1,3578566
tisBp,0.3333333333333333,6,5,GTTCTATTTAAAGTGCGCTT,1,3549995
tisBp,4.0,28,5,GTGTTCGAATCATCTATTGT,23,3553794
tisBp,0.3333333333333333,6,5,GTGGCCCACCAGACAGAGAT,1,3601030
tisBp,20.833333333333332,129,5,GTCGTCGTAGTAAAAGGGAA,124,3541450
tisBp,30.166666666666668,185,5,GTCGGAAGCGCGTTGGCCTT,180,3578662
tisBp,36.5,223,5,GTATTAGTCAGAACTCACGA,218,3580931
tisBp,0.3333333333333333,6,5,GTAGCACTTTGATGAGCATA,1,3573173
tisBp,34.666666666666664,212,5,GTAACACATCCGTGCGTGTT,207,3555170
tisBp,0.5,7,5,GGTTTTCTTGTCTTTCCGGC,2,3549056
tisBp,42.166666666666664,257,5,GGTTCCTCACTCCGTACAAC,252,3581516
tisBp,0.3333333333333333,6,5,GGTCATATGCAGGCACAACT,1,3541496
tisBp,65.66666666666667,398,5,GGGTTCACAATCGTGGCGGT,393,3553216
tisBp,65.33333333333333,396,5,GGGAGGGCTGTGCGCCGCTC,391,3548924
tisBp,0.3333333333333333,6,5,GGCCTCTGGTTATCCAAATC,1,3568037
tisBp,0.3333333333333333,6,5,GGCATCTCCCTCAGCTCATG,1,3602237
tisBp,0.3333333333333333,6,5,GGCAACTTTTACGTAGGGTT,1,3602675
tisBp,19.5,121,5,GGACACAAGGCCAAGGGAAA,116,3579321
tisBp,0.3333333333333333,6,5,GCTGGACCTGCGTCTCAGAT,1,3577630
tisBp,31.5,193,5,GCTCCCTGGTCCTGGGGGGG,188,3558693
tisBp,36.666666666666664,224,5,GCTATAAAAGGAAAGTTTTT,219,3593087
tisBp,0.3333333333333333,6,5,GCGGGCACGCACGGGGGATG,1,3587794
tisBp,36.333333333333336,222,5,GCGAGGAGCAGCTAGAGGAT,217,3582157
tisBp,32.333333333333336,198,5,GCGACGCTGAACAGTAACTG,193,3598236
tisBp,36.833333333333336,225,5,GCATGTTGGAAAGATCGCGT,220,3593779
tisBp,0.3333333333333333,6,5,GCACAGCATGCTTTGCCAAC,1,3592902
tisBp,14.166666666666666,89,5,GATGAGTCACTGTAGCTCGC,84,3587422
tisBp,0.3333333333333333,6,5,GAGTATCTTCCTGAGAGAAT,1,3593086
tisBp,19.666666666666668,122,5,GAGATACCTGAGACTAAACT,117,3587975
tisBp,33.333333333333336,204,5,GAGATACAACACACAGGCCC,199,3583016
tisBp,40.0,244,5,GAGAGCACGGAAGTTGGCCA,239,3586624
tisBp,0.3333333333333333,6,5,GAGAGAAAAGTCAGGTCAAC,1,3580574
tisBp,33.0,202,5,GACCGCTGACATAACTGTCG,197,3552981
tisBp,0.3333333333333333,6,5,GACCCCGAGTTGAGCTACGA,1,3552524
tisBp,41.166666666666664,251,5,GAATATGTCGAGCCACTGTA,246,3602655
tisBp,0.3333333333333333,6,5,GAAGCATACCCGAGAAGGTT,1,3544385
tisBp,0.3333333333333333,6,5,GAACTACCAACAGCATTTTT,1,3593811
tisBp,38.0,232,5,GAAACTTTGAAGTGTGCCCA,227,3576564
tisBp,118.33333333333333,714,5,CTTTATTCTTCTTCGTTAGT,709,3565703
tisBp,0.3333333333333333,6,5,CTTTAATTAAGGTTCCGAAT,1,3577515
tisBp,28.666666666666668,176,5,CTTGGACACACAATAGGTAT,171,3591091
tisBp,0.3333333333333333,6,5,CTTCGGGAACTTGACGCAGG,1,3556753
tisBp,37.166666666666664,227,5,CTTACATTAAGACTGGTACC,222,3596279
tisBp,0.3333333333333333,6,5,CTCTCACCAAGGATCATAGT,1,3546137
tisBp,0.3333333333333333,6,5,CTCGAGGCAGTTAAGTGTCC,1,3552111
tisBp,29.666666666666668,182,5,CTCAAGTATGAGCCAAGTAA,177,3565695
tisBp,39.5,241,5,CTAAGAACTTGGTGTTGATT,236,3586139
tisBp,0.3333333333333333,6,5,CGGGTGATGGATGATAAGAG,1,3583376
tisBp,0.3333333333333333,6,5,CGGGGCTTCAGTCACTGGAA,1,3551361
tisBp,0.3333333333333333,6,5,CGGCCGGAAACGTCTGTCTA,1,3545469
tisBp,31.833333333333332,195,5,CGCGCTCCGTACTCTCGTAT,190,3571493
tisBp,0.3333333333333333,6,5,CGCGAGCCTGGTGCTTGGGT,1,3556620
tisBp,26.5,163,5,CGAGCTCAGGGAATAGCCAT,158,3581231
tisBp,39.333333333333336,240,5,CGACACCAGAGGGAGTGTAC,235,3582967
tisBp,0.3333333333333333,6,5,CCTGCATACCCAGGCGTGCT,1,3567464
tisBp,0.3333333333333333,6,5,CCTAGCTTCGACTAAGGTAG,1,3559466
tisBp,0.3333333333333333,6,5,CCGGTCTATGACGGCGTGTA,1,3595823
tisBp,100.0,604,5,CCCTCAGGCCTGTTCATACT,599,3583819
tisBp,0.5,7,5,CCCCCAATTTCAATAGGATA,2,3603053
tisBp,0.3333333333333333,6,5,CCATCACTTCACGACCATAG,1,3552244
tisBp,0.3333333333333333,6,5,CCAGTGCCTGATTGAGTTGA,1,3564649
tisBp,41.166666666666664,251,5,CCAAAAAGGTATGTTGGCTT,246,3574926
tisBp,0.6666666666666666,8,5,CATCGTTTGATCCGTCGTTG,3,3544645
tisBp,0.3333333333333333,6,5,CATAGGTCCAACGTTTGTAT,1,3552214
tisBp,26.833333333333332,165,5,CATAACCCGCAGGTTGCGTG,160,3572445
tisBp,0.3333333333333333,6,5,CAGTTAGTAGCAGACGCGCC,1,3588883
tisBp,6.166666666666667,41,5,CAGCGGAGAGTGGGTCCCGG,36,3566209
tisBp,0.3333333333333333,6,5,CAGCAGTGCTCCTGCCTAGG,1,3564684
tisBp,0.3333333333333333,6,5,CAGAGGCAACGCCTATTGGA,1,3594855
tisBp,0.3333333333333333,6,5,CAGAGGAACAGTGTTGACGA,1,3568175
tisBp,0.3333333333333333,6,5,CACGAGCTGCTCCGCCGCTG,1,3593535
tisBp,0.3333333333333333,6,5,CACCGTAGCGGGACTTCATG,1,3600490
tisBp,0.5,7,5,CACCGGAAAACTAATCTGAT,2,3601990
tisBp,0.5,7,5,CACCGCTCATGATGACCGTT,2,3598688
tisBp,0.3333333333333333,6,5,CACAAAGAGTCGTGCGGGGG,1,3545512
tisBp,36.666666666666664,224,5,CAACGAGGGGAGGGTAGGTT,219,3555341
tisBp,0.5,7,5,CAACAGCAATAATTGTTACT,2,3583732
tisBp,0.3333333333333333,6,5,CAACACTCCAGGCCTCCTAT,1,3547470
tisBp,25.333333333333332,156,5,CAAATTGTCTGGACTCCAGA,151,3544314
tisBp,35.166666666666664,215,5,ATTGCCGCCGTCCACATGTC,210,3600602
tisBp,36.833333333333336,225,5,ATTCATCCTACCCAGACCTG,220,3547905
tisBp,0.6666666666666666,8,5,ATGTTTTACTGGGTTTGTCA,3,3599242
tisBp,0.5,7,5,ATGTATGCGCACTCTAATAA,2,3583518
tisBp,0.3333333333333333,6,5,ATCTCCACGCCGGTACTGTT,1,3595023
tisBp,0.3333333333333333,6,5,ATCGTGCTACGCAATACGGC,1,3598578
tisBp,0.3333333333333333,6,5,ATCCAGTCGTCTAAGACTCG,1,3581991
tisBp,0.3333333333333333,6,5,ATACGTTGTATGCTGCACAA,1,3548878
tisBp,41.333333333333336,252,5,AGTGCTGGTGAACGGCATGG,247,3557911
tisBp,0.3333333333333333,6,5,AGTCATTATATGTAACCGGC,1,3553208
tisBp,93.16666666666667,563,5,AGTCATCACGACTTCCACCT,558,3602297
tisBp,0.3333333333333333,6,5,AGTATCCTCGGCGGGCTCGT,1,3576455
tisBp,0.3333333333333333,6,5,AGGTGACGATCATTACCAAT,1,3556571
tisBp,0.3333333333333333,6,5,AGGGTATGGCGCACTTCGCA,1,3551334
tisBp,32.333333333333336,198,5,AGGGCTACCATGACTTAACC,193,3595797
tisBp,35.166666666666664,215,5,AGGATTCTAGGTCTCCGATA,210,3591809
tisBp,0.3333333333333333,6,5,AGGATGAATGCTTCGTAGGC,1,3589575
tisBp,0.5,7,5,AGCTTGTCCAAAACTGGGTC,2,3550658
tisBp,39.0,238,5,AGATCGCATGAATATAGAGT,233,3585268
tisBp,0.3333333333333333,6,5,AGAGTTTCACAGTCGGGAAA,1,3598726
tisBp,31.833333333333332,195,5,AGAGCAACAACAGATTGGAC,190,3573966
tisBp,0.5,7,5,ACTCGTGATACTCGCCCGTT,2,3576267
tisBp,31.333333333333332,192,5,ACTAGGATCACGAGCCAAGA,187,3577771
tisBp,0.3333333333333333,6,5,ACGTTTTCGTGGCTATCTTA,1,3570406
tisBp,0.3333333333333333,6,5,ACGGTGAATTGATTTTTCTC,1,3577985
tisBp,33.666666666666664,206,5,ACGAGAGGTGGATACAACGT,201,3581734
tisBp,31.0,190,5,ACGAATGTTCATAAGCTTCT,185,3588006
tisBp,0.5,7,5,ACGAACACGGGTCCCCCCGC,2,3593576
tisBp,0.3333333333333333,6,5,ACCATTCATTGGATACGCGA,1,3566277
tisBp,109.66666666666667,662,5,ACCATGGATTATTGTGGGTA,657,3558563
tisBp,48.0,292,5,ACATCATAACTGGTTCGCGC,287,3595753
tisBp,0.3333333333333333,6,5,ACAGCGGGTGCACGGAACAG,1,3588367
tisBp,31.5,193,5,ACAAATTGCAAAGAGGTGAT,188,3564682
tisBp,0.3333333333333333,6,5,AATTCAGGATCGGTTCAGGC,1,3558656
tisBp,0.3333333333333333,6,5,AATGACAGGGCGCAAGCCTT,1,3598443
tisBp,0.3333333333333333,6,5,AATGACACAGCAAGGATGTA,1,3580292
tisBp,1.6666666666666667,14,5,AATACCGATCAGTTGTAAGC,9,3596648
tisBp,31.333333333333332,192,5,AAGGACAGGCCAAGCGTGGA,187,3579023
tisBp,13.833333333333334,87,5,AACCGTTATGACCCAGTGGC,82,3586688
tisBp,71.66666666666667,434,5,AAATGTTCGCCATGCATGGA,429,3573865
tisBp,37.333333333333336,228,5,AAAGGTGTGCTTAACGAGAC,223,3583820
tisBp,36.0,220,5,AAAGCCTTGGAGCAGCTCAG,215,3581720
tisBp,0.4,5,4,TTTCTCCAAACTAGCCGAAG,1,3596079
tisBp,6.4,35,4,TTGTACGGTATCAACGATAG,31,3603880
tisBp,0.4,5,4,TTGGGAAGGAATTGCGATTT,1,3586571
tisBp,0.6,6,4,TTCGGAAATGCGCCCTGCCA,2,3568496
tisBp,1.0,8,4,TTCGAAATGACCGCCTTTCA,4,3600948
tisBp,23.2,119,4,TTCCTGCTTGATGGTTACGG,115,3551527
tisBp,45.0,228,4,TTCCGCATCCGGCTACAAGT,224,3582567
tisBp,0.4,5,4,TTCACGCACTATTGGAACCT,1,3588886
tisBp,39.4,200,4,TTCAAAATCCCCCATGAGAG,196,3583121
tisBp,0.6,6,4,TTATTTCGATCGAGAATGGG,2,3601479
tisBp,60.8,307,4,TTATTGAAGTAATGTCACCG,303,3562557
tisBp,39.8,202,4,TTACGCGGTTGCATCGACAT,198,3541508
tisBp,0.4,5,4,TTAAGGTATCTAACAAGTGG,1,3569021
tisBp,19.8,102,4,TGTTAGAGACTAAGGCCTCT,98,3571385
tisBp,48.0,243,4,TGTGGTATAGTCGCACCGAC,239,3594193
tisBp,38.4,195,4,TGTGCTTGCCACTGTATTAA,191,3565128
tisBp,0.8,7,4,TGTCATTTACAGGTCCGCCA,3,3571858
tisBp,0.6,6,4,TGTAAGTTCGAATACTATCC,2,3579784
tisBp,41.6,211,4,TGGTGCTCAGGAACACTCGG,207,3573138
tisBp,21.6,111,4,TGGGCCTAGTCATAGACTAT,107,3550079
tisBp,49.6,251,4,TGGCAGGAATATAATTATGG,247,3603575
tisBp,46.0,233,4,TGGCACAATTGCGGTAGGAA,229,3569139
tisBp,1.0,8,4,TGGACAATCTGCGACGTAGC,4,3592318
tisBp,89.2,449,4,TGCATGTCCAGTAAAAAGGT,445,3576351
tisBp,30.0,153,4,TGATGCCCCGGCCAAGCAGC,149,3576348
tisBp,44.4,225,4,TGAGTATTGGCTTGCATGAC,221,3587268
tisBp,41.6,211,4,TGAGAGAGCATCCCACAGTC,207,3598446
tisBp,48.8,247,4,TCGCACGAAGTGCTGTTCAT,243,3573155
tisBp,48.8,247,4,TCGACGTGGTGCAGGTCAAG,243,3567269
tisBp,43.8,222,4,TCCGCTCATCTCCTCGCTAA,218,3562671
tisBp,51.0,258,4,TCATCTATCGAAGGGTGTTC,254,3554344
tisBp,0.4,5,4,TCAGGGTTGCAAGGGGAACC,1,3596411
tisBp,91.4,460,4,TCACACTGCTACCCAGAAGA,456,3577663
tisBp,0.6,6,4,TATGACAGGCATTCAGGCCC,2,3557147
tisBp,0.4,5,4,TATCTGATGGGTTTCAAATA,1,3598051
tisBp,0.6,6,4,TAGCAAGAAAGGTCGTGTAC,2,3573792
tisBp,1.0,8,4,GTTTGTGGGCAGGGTGAGCC,4,3586586
tisBp,1.0,8,4,GTCTAGTTGTCAGGTCTTTT,4,3586568
tisBp,89.6,451,4,GTCGGTAGAAGGAGTCCGAG,447,3557081
tisBp,21.6,111,4,GTATATGCAACCATACACTT,107,3586582
tisBp,24.6,126,4,GTAGTACTGCTTGTTTGGAC,122,3599112
tisBp,0.4,5,4,GTAGCACGCTAAAGCAGCAA,1,3582694
tisBp,0.6,6,4,GTAGCAATTCAGCTCTTAGT,2,3559572
tisBp,45.8,232,4,GTAGATCGGGCTTAACTGCA,228,3542290
tisBp,0.4,5,4,GTACTTGTCGGCAGGCGGGA,1,3564661
tisBp,0.4,5,4,GTACCCCTACGATTTACACA,1,3568057
tisBp,0.4,5,4,GTACCAGAGGAGTTCGGCTT,1,3592207
tisBp,38.6,196,4,GGTGATACCAGCGTTTTCTC,192,3576025
tisBp,56.0,283,4,GGTCTCGGTTGTTGCCACAT,279,3574735
tisBp,0.4,5,4,GGGGATGCCTCCTAACCGAC,1,3579889
tisBp,37.8,192,4,GGGCGTGTAGCGAAGTGCGT,188,3596675
tisBp,0.4,5,4,GGCGGTGGGCTAGCGGAGGA,1,3547141
tisBp,41.2,209,4,GGCGGCAGAATCTCAGCGTG,205,3582134
tisBp,50.0,253,4,GGCCTGGCTCTCAGATTGAA,249,3557192
tisBp,0.4,5,4,GGATACTTTCCTACTTCATT,1,3552435
tisBp,0.4,5,4,GCGTGGGAGGCGAGGCAGGA,1,3586567
tisBp,0.4,5,4,GCGTCTGTTATGGCAATGAT,1,3582526
tisBp,0.4,5,4,GCGAGGACGCGGACGGTTTT,1,3582753
tisBp,47.2,239,4,GCAACGTCCAGTCAACGCTC,235,3591170
tisBp,0.4,5,4,GATGGCCGGCCATGATCTAT,1,3557591
tisBp,30.0,153,4,GACGTCCAGGACATAATCAA,149,3594584
tisBp,42.2,214,4,GACACTGCTTCTATCAGCGC,210,3542443
tisBp,0.4,5,4,GAATTATGTGGCCAAGTACT,1,3550228
tisBp,81.6,411,4,GAACGACGGGATTTTGGACC,407,3545716
tisBp,0.8,7,4,GAACAGTAAGAATTCAATCA,3,3568932
tisBp,21.2,109,4,GAACACGTCGAGGTTCAGTC,105,3548533
tisBp,0.8,7,4,CTTTGGTCCGGTGGTGCCAA,3,3564248
tisBp,32.0,163,4,CTTTCAACAACGTTCACTAC,159,3600521
tisBp,0.4,5,4,CTTGCTAACCTGCCGAGCCA,1,3563543
tisBp,0.4,5,4,CTTAAACTTTTCTCGCCCTT,1,3584502
tisBp,0.4,5,4,CTGGCTTGTTGAGTGGAGGC,1,3584505
tisBp,0.4,5,4,CTGCCCCACGCGGGGCATGT,1,3594067
tisBp,0.4,5,4,CTATAACTACTGCCCTCTCA,1,3577191
tisBp,82.2,414,4,CTAGAGGGATAGGACGCAAT,410,3582185
tisBp,52.2,264,4,CTACGGTCCAGAAACTGCCG,260,3548543
tisBp,39.2,199,4,CTAAGGGAAGTGCGAACGAC,195,3580420
tisBp,48.8,247,4,CTAACATACTACTAAGTGTA,243,3573538
tisBp,0.4,5,4,CGTTTCCTACCGTGTGTAGT,1,3565362
tisBp,0.4,5,4,CGTATCGCCCTTCGAGTAGC,1,3589165
tisBp,24.2,124,4,CGGTGGCACGCGGCGTGTGT,120,3569836
tisBp,20.8,107,4,CGGGAACAGGGATCAAGTCC,103,3557346
tisBp,0.4,5,4,CGCTTAAAAGACGAGACTTA,1,3585747
tisBp,0.4,5,4,CGCGTGCGGCGTCGGCCGAA,1,3598608
tisBp,41.6,211,4,CGCCTCTCAACTCGCCGTCA,207,3554335
tisBp,66.8,337,4,CGCATCGGAGAGTTAACTCT,333,3570585
tisBp,38.6,196,4,CCTGTCAACAACTCCACGGG,192,3542643
tisBp,0.6,6,4,CCTACTCCGTCCGGTAACGA,2,3572428
tisBp,34.2,174,4,CCGGAGTCCCAGCTGTTGTT,170,3574746
tisBp,0.6,6,4,CCGCTGCGGACAGCATCCCA,2,3544494
tisBp,0.4,5,4,CCGCTGATGAGTCCGATGAT,1,3583237
tisBp,39.4,200,4,CCGCCCGACGGAGCGAACTA,196,3591081
tisBp,0.4,5,4,CCGATATACTTCCTATAAGT,1,3572160
tisBp,0.4,5,4,CCGACCGGTCCGGTAACTCT,1,3597459
tisBp,44.6,226,4,CCCTGCTCGATAGTAAAAGA,222,3548113
tisBp,36.0,183,4,CCCATAAAAGGGTGGTCATT,179,3571898
tisBp,72.2,364,4,CCACTTATCCGCTACTTTTC,360,3594560
tisBp,0.4,5,4,CCACAAAAGAATTACAACTC,1,3577864
tisBp,45.8,232,4,CATTAGGTGTCCAGTAATGA,228,3569634
tisBp,48.4,245,4,CAGTATTTGGCCTTCTCGTG,241,3572354
tisBp,0.4,5,4,CACGGTTGACCTAATTACGC,1,3549676
tisBp,0.4,5,4,CACCTCACTCTAAAGGCGGC,1,3594404
tisBp,0.4,5,4,CACCGTATGTCCGTTATCGC,1,3598016
tisBp,15.0,78,4,CAATTCTGGTTGACGTCGCC,74,3560022
tisBp,42.2,214,4,CAATCTTTGATGGCTTCGCT,210,3567687
tisBp,0.4,5,4,CAAAGGATGAGTTTTCTAGC,1,3601357
tisBp,48.6,246,4,ATTTGCAGGACAGCTTGGGA,242,3588636
tisBp,0.4,5,4,ATTGGCCTAGCACACGCAAT,1,3578463
tisBp,0.4,5,4,ATCGGCTGATACGCCTTACT,1,3588113
tisBp,0.4,5,4,ATCCGCTCCCGGGTAAGTCG,1,3546368
tisBp,0.6,6,4,ATCATGCAAAAGCATACAAG,2,3563773
tisBp,34.0,173,4,AGTATTGTCGAACGCGACGT,169,3583372
tisBp,43.2,219,4,AGGCGGCATATTATAGTAGA,215,3546150
tisBp,89.2,449,4,AGCGGGGGTATTCATGACAG,445,3595835
tisBp,0.4,5,4,AGCATACACGGTTGCACGGT,1,3564463
tisBp,42.2,214,4,AGATGAGTAGAGGCAAGCCT,210,3562676
tisBp,0.4,5,4,AGAAAAATGCACGCGTAGCA,1,3545804
tisBp,0.4,5,4,ACTGCCCTCGTTTAACCACG,1,3598440
tisBp,0.4,5,4,ACTATTGTTGTACAGATCGA,1,3575558
tisBp,0.4,5,4,ACGGGCATACTGGGCGCGAC,1,3601985
tisBp,16.4,85,4,ACGGAGTAGACGTGAGGCAA,81,3575402
tisBp,22.8,117,4,ACGAGGACATCTTTTATTTT,113,3569646
tisBp,0.4,5,4,ACGACGTGGTCCCAAGGCGG,1,3544036
tisBp,40.2,204,4,ACGAACGACCGAGCAAGGTA,200,3597209
tisBp,99.6,501,4,ACGAACCAACCATTTAACAT,497,3599186
tisBp,0.4,5,4,ACCTGATTCGTGCACGATTT,1,3593350
tisBp,15.4,80,4,ACCGGCCGCACAACGGGTAG,76,3600657
tisBp,45.4,230,4,ACCCCACGGAGACTCCTGGT,226,3562514
tisBp,0.4,5,4,ACCATAGGAAACACTGGAGG,1,3558652
tisBp,0.4,5,4,ACACGCTCCGGAACTTTTTT,1,3557414
tisBp,0.6,6,4,AATTGCGTGCTTATACTCAA,2,3569348
tisBp,3.0,18,4,AACTCGTTGAGAGTATCACA,14,3602402
tisBp,43.6,221,4,AACTCGCGGTGAACAGCCGG,217,3572623
tisBp,54.2,274,4,AACCCGGTTGTCCGAGTGGA,270,3594859
tisBp,0.4,5,4,AAATTGCTTAGTCTTTCTCA,1,3596210
tisBp,49.2,249,4,AAATGTGTCCGATCCTTTAG,245,3563190
tisBp,0.4,5,4,AAACCCGGCCATTAGGGACA,1,3579104
tisBp,0.5,4,3,TTTACAAGCGTCCAGAAACA,1,3573381
tisBp,108.5,436,3,TTGGCATTAAAACAAACAAG,433,3597074
tisBp,0.5,4,3,TTCTCTTCGATCAGGCAACA,1,3579358
tisBp,0.75,5,3,TTCTAGGAAACACTTGAACG,2,3547647
tisBp,0.5,4,3,TTCGGGTTGCAATACCAGGT,1,3594688
tisBp,0.5,4,3,TTATCATGTGCCAGCGCGAG,1,3576770
tisBp,29.25,119,3,TGTTCGCTTGAGTGTGTGGG,116,3576362
tisBp,52.0,210,3,TGTACGGGGGAGATTGGGAC,207,3575197
tisBp,96.75,389,3,TGGGGCTCCTGCCGGAGCAG,386,3570562
tisBp,0.5,4,3,TGGCCGTAAGCGAGAAAGTA,1,3595292
tisBp,0.75,5,3,TGGAATTGTGATCTCTCGAT,2,3558564
tisBp,52.5,212,3,TGCTTCCTAGGCGGCCCAGG,209,3581901
tisBp,34.25,139,3,TGCAAAACTGGTAGTATTGA,136,3558811
tisBp,0.75,5,3,TGAAGGTGTTTGTATTCATA,2,3600241
tisBp,61.0,246,3,TCTGTTTACTATGGAGAGTC,243,3560105
tisBp,49.5,200,3,TCGTTTCCGTGTTACTACAT,197,3565136
tisBp,0.5,4,3,TCGGCGTTAAGTGACACTTA,1,3584474
tisBp,27.5,112,3,TCGGACTTTGGGCACCCCCA,109,3598088
tisBp,1.25,7,3,TCGCACCATGCTGGTAACAT,4,3587539
tisBp,0.5,4,3,TCGACATCAATCATCTAAAA,1,3592056
tisBp,49.75,201,3,TCATCCCTTGGCTCTGCTCT,198,3585746
tisBp,26.0,106,3,TCAGGGGTACCAGCAGTTTT,103,3543495
tisBp,47.0,190,3,TCAGGAATCCATGCTGGCTC,187,3558442
tisBp,35.25,143,3,TCACCATATCAGGGTTACAG,140,3569186
tisBp,0.5,4,3,TATGGACCTATGAGGAAGCG,1,3541558
tisBp,0.5,4,3,TAGGCAATAACCAGTGAGCA,1,3549813
tisBp,118.5,476,3,TAGACTATAGGCCGATGCAA,473,3585973
tisBp,161.0,646,3,TACTTGCTGTTCGGAGGCGT,643,3547202
tisBp,0.5,4,3,TAAGTTTATCATATGATCGC,1,3602067
tisBp,0.5,4,3,TAACAATAACGGTTCATATT,1,3555648
tisBp,0.5,4,3,GTGGCCCGCGTCTTCATGCG,1,3567190
tisBp,0.5,4,3,GTGCCAGGACCCGATGCTAT,1,3593853
tisBp,0.5,4,3,GTGAATGCACCTCCCGACGT,1,3594026
tisBp,51.5,208,3,GTGAACTCTAGATGTACTAT,205,3544597
tisBp,0.5,4,3,GTCTGATTCACCGGCGTGTA,1,3595329
tisBp,0.5,4,3,GTCGGGTCCCCGATCCCCGT,1,3560402
tisBp,62.0,250,3,GTCCCCATATATCCGACGGC,247,3556875
tisBp,36.5,148,3,GTAGGGTCGAGAGGTCTTCC,145,3567403
tisBp,0.75,5,3,GGTTTGGCGAAAGCCTAACT,2,3599968
tisBp,91.75,369,3,GGTGTAAAACTAGGTCGAGG,366,3543481
tisBp,0.5,4,3,GGTAAGTACCGGGACAATAG,1,3585806
tisBp,55.0,222,3,GGGGCCGGGGTTGTAGACGT,219,3580415
tisBp,59.5,240,3,GGGCTGAAATGTTGTCGCTT,237,3546965
tisBp,0.5,4,3,GGCATTAGCTCCTCTACGTA,1,3582156
tisBp,53.75,217,3,GGAGCGGCGGAGCTGAGATT,214,3568828
tisBp,0.5,4,3,GGAGCAAAAAGAGTGAACTA,1,3570531
tisBp,55.5,224,3,GGAGAGTATCGTGGTAAGTA,221,3602077
tisBp,0.75,5,3,GGACCGTCAGTATTGCTTCT,2,3552156
tisBp,0.5,4,3,GGAATGCAACTGATAGGCTT,1,3579191
tisBp,0.5,4,3,GCTATCAGGTAGCAACGCCT,1,3596432
tisBp,0.5,4,3,GCGTACTAGCACTGGCGGCT,1,3566732
tisBp,163.25,655,3,GCGCATAATGGCAGCGGGTT,652,3583241
tisBp,0.5,4,3,GCCCGGGTAGTTTTTTGCGG,1,3544486
tisBp,46.25,187,3,GCCCCTCTACTTGAAATTCT,184,3543120
tisBp,0.5,4,3,GATTGCCGATATTCTGATTT,1,3568098
tisBp,0.5,4,3,GAGTCAGTTCTGAACAGAGA,1,3590345
tisBp,43.75,177,3,GAGGCAAAGCCCGCCCCATG,174,3602725
tisBp,62.0,250,3,GAGACAAAAACAACTAATAG,247,3596674
tisBp,111.25,447,3,GAGAAGTAGGTAATTCGCCT,444,3578723
tisBp,0.5,4,3,GAGAAGCTGTTCACGCAGAC,1,3561531
tisBp,0.5,4,3,GACTGCAAATAACAAATAGT,1,3564377
tisBp,0.5,4,3,GAATGTATTCGCTAGTCTCT,1,3566700
tisBp,0.5,4,3,GAAAGAGGTAGCTGAGGAAA,1,3586564
tisBp,0.5,4,3,GAAACGGTCTCCGTATCATG,1,3571524
tisBp,57.0,230,3,CTTCTGGGACGAGGACAGAA,227,3576728
tisBp,0.5,4,3,CTTAAGTCGGTAGATTGGCT,1,3589713
tisBp,0.5,4,3,CTGTGTCCGGTAACGATGGA,1,3576293
tisBp,0.75,5,3,CTGTACTGTTTAGAGGGCAT,2,3582638
tisBp,0.5,4,3,CTGAGCGTTGCCACAGTCTA,1,3572405
tisBp,49.5,200,3,CTGAAGCCTTCGACCGATCT,197,3600105
tisBp,1.75,9,3,CTCTCGCCTATACGCTCCCT,6,3573116
tisBp,0.5,4,3,CTCTCAAGCGCCCTGAAGAT,1,3603115
tisBp,0.5,4,3,CTCGCGAGAGCTATTAGTGT,1,3557349
tisBp,0.5,4,3,CTATTACAGTCCTCTCAATT,1,3598119
tisBp,30.75,125,3,CTACCAGTGGGAGATGATAT,122,3544512
tisBp,26.0,106,3,CGTTACCGGCATACAAGCTG,103,3547097
tisBp,56.5,228,3,CGTAATACGTCGTGTAGCCC,225,3573491
tisBp,55.5,224,3,CGGTTACAGTGTGTGAGAGG,221,3554646
tisBp,0.5,4,3,CGGACCAGATATCGATTTGT,1,3549954
tisBp,0.5,4,3,CGCACCTAGTCCATTGTAGA,1,3579753
tisBp,0.5,4,3,CGCACCGAAAAACGTGAAGG,1,3598729
tisBp,46.0,186,3,CGATTAACAGCGGTCCAGCT,183,3582486
tisBp,0.5,4,3,CGACTTGATCTTCAAAAAGG,1,3564919
tisBp,1.25,7,3,CGAAGCCAGACATGTTATTC,4,3555192
tisBp,1.0,6,3,CCTTATTAATCTTTGCGTGA,3,3587800
tisBp,0.5,4,3,CCGGTTTCTCAAGCAATGCT,1,3563637
tisBp,50.5,204,3,CCGATTGTGTTATAAATAAC,201,3543797
tisBp,0.5,4,3,CCGACGCGCGGTTTTCGATA,1,3559018
tisBp,64.0,258,3,CCAGAGTGTGTATGTTTCAG,255,3550524
tisBp,53.5,216,3,CCACATTCGCCTCTGCTTGC,213,3595761
tisBp,0.5,4,3,CATGATCAGATACGTTGAGT,1,3600826
tisBp,0.5,4,3,CATGATATGTCCCAGGACCT,1,3570489
tisBp,56.75,229,3,CATCTAGGTTCTTTGGTCAC,226,3549040
tisBp,51.25,207,3,CATAATGAAGGGTTCTCTCT,204,3587824
tisBp,0.5,4,3,CAGGGCTAGTCGTTCTCGAG,1,3587362
tisBp,0.5,4,3,CAGCGTAGTTCGTGTAATCT,1,3603046
tisBp,0.5,4,3,CACCCGAAATTTTTGTGAGG,1,3594814
tisBp,0.75,5,3,CAATCGGCTACTGTGCGAGG,2,3573761
tisBp,0.5,4,3,ATTCCTAAAAGTCGTCTCAT,1,3599144
tisBp,0.5,4,3,ATTATCTAGTAGGGGGGGGA,1,3562068
tisBp,0.5,4,3,ATGGTCCCAAGGACTAATTG,1,3581599
tisBp,47.5,192,3,ATGCCGCAGATCCCGTGAAT,189,3574891
tisBp,0.5,4,3,ATGCCCCAAATCGCCTTGAA,1,3562926
tisBp,108.25,435,3,ATGACCCGAGACGAATAATG,432,3571849
tisBp,0.5,4,3,ATCGTTCGTCGTGGACTGTA,1,3591570
tisBp,0.5,4,3,ATCGTATTTCCCGTAGGTAA,1,3556608
tisBp,0.5,4,3,ATCATTAGATAGGGCAGTAA,1,3578568
tisBp,19.75,81,3,ATATTAACGTTCCCAATTGT,78,3559593
tisBp,40.75,165,3,ATAGCGGAGATTTGGGGTGT,162,3602818
tisBp,0.5,4,3,ATACCTTCCAGTAATCGAAT,1,3591350
tisBp,53.75,217,3,ATACAAAGAAATCCGGTGTA,214,3546826
tisBp,31.5,128,3,AGTGCATTAATGTAGGATAT,125,3567389
tisBp,208.0,834,3,AGTGAGCACGTGCAATCGGC,831,3554446
tisBp,0.5,4,3,AGTAGCTGAGACGCCAGTCC,1,3542164
tisBp,13.25,55,3,AGGTGTGTTATCCTTTCGAG,52,3596278
tisBp,59.0,238,3,AGGGGGAGAGGTTCGCCGGG,235,3583822
tisBp,0.5,4,3,AGGGATTGGCAGTGCATACC,1,3589589
tisBp,0.5,4,3,AGGCGAGGCATTCGGACTGA,1,3570563
tisBp,0.5,4,3,AGGAGTAGCGTGATTAAATT,1,3588374
tisBp,0.5,4,3,AGAATTAACGGGTCAACGGC,1,3571558
tisBp,64.5,260,3,AGAAATCTGACGGTGTCCCT,257,3585214
tisBp,0.5,4,3,ACTTGGCAAAGAGAAACCGT,1,3575440
tisBp,0.5,4,3,ACTTAGTGATAAACCGAGAA,1,3550064
tisBp,0.75,5,3,ACTGGATGCCCACGTATGTT,2,3570958
tisBp,69.25,279,3,ACTGAGCCCAGCGACCTCGT,276,3542117
tisBp,0.5,4,3,ACTCAGTAAGTGCCTGGCAA,1,3596998
tisBp,0.5,4,3,ACTAAGGGCTTACAGGAGAG,1,3577148
tisBp,0.5,4,3,ACGGTAATCGACAGATTCAT,1,3556161
tisBp,0.5,4,3,ACGCATGGTTAGACGTAGGG,1,3574737
tisBp,70.25,283,3,ACGAAACCTAAGTTCCTTGT,280,3597905
tisBp,46.25,187,3,ACAGTCGATTCTGTCGTCAA,184,3567684
tisBp,0.5,4,3,ACAACCGGTGAATTACCGTT,1,3566318
tisBp,14.25,59,3,AATCGGCACACTGGTATCCT,56,3594073
tisBp,0.5,4,3,AATCGCCTAGTATTTCAAAA,1,3592462
tisBp,0.5,4,3,AATCCCGCCTATGGTCTCGG,1,3558599
tisBp,0.5,4,3,AAGGTTTTTCCTCGTGTCCG,1,3554981
tisBp,0.75,5,3,AAGCTAATCTGTCATCATTT,2,3576035
tisBp,0.5,4,3,AAGCGAGTCTTCGGCGTCAT,1,3589299
tisBp,23.25,95,3,AACCATTTTGCGTCGATGGA,92,3583490
tisBp,0.5,4,3,AACCATGAGGTACAAGGCGA,1,3590685
tisBp,72.25,291,3,AACACCAACAGGCTTGCAGA,288,3599227
tisBp,53.25,215,3,AAATGGTTATTTGTCAAGGG,212,3551535
tisBp,44.25,179,3,AAAGTTCGGCTTAGCCTCTT,176,3567683
tisBp,0.5,4,3,AAAGTCGATCTTAGAAAGAA,1,3545590
tisBp,39.75,161,3,AAAGGGACCAAGTTAAATAA,158,3566089
tisBp,0.5,4,3,AAACCTACGAACAGAAAACA,1,3577700
tisBp,71.66666666666667,216,2,TTTTAACTGCTGGTGAGATG,214,3573425
tisBp,55.333333333333336,167,2,TTAAACATTCTCGGGGAGAT,165,3592555
tisBp,0.6666666666666666,3,2,TGGTCCATCTCGAAGGCGCG,1,3552272
tisBp,65.0,196,2,TGGGGATCGCATACAAAACG,194,3554896
tisBp,1.3333333333333333,5,2,TGGCTCTTTACGGTTGCCAG,3,3567861
tisBp,142.33333333333334,428,2,TGCTACTCCGGGAGTCTGTA,426,3590373
tisBp,0.6666666666666666,3,2,TGCGCCCCCCGCAACCAAAT,1,3576350
tisBp,19.666666666666668,60,2,TGATCCGTCACAAGGAGCCG,58,3584605
tisBp,0.6666666666666666,3,2,TCTGGCCAATAATGACAGCC,1,3566660
tisBp,0.6666666666666666,3,2,TCCCAGGAATAGGCATATAT,1,3594233
tisBp,0.6666666666666666,3,2,TCCACGCTGCCGCTTGACTG,1,3592606
tisBp,72.33333333333333,218,2,TCATCTAAAGCTCCGAGGCA,216,3586991
tisBp,137.66666666666666,414,2,TCACCTAAGCCGTATAGATC,412,3557647
tisBp,70.33333333333333,212,2,TATTTCAGACCTCGGGTGGT,210,3578878
tisBp,124.0,373,2,TATCAACAGAAATCGCTAGT,371,3547994
tisBp,67.66666666666667,204,2,TATACTTGTTAGCTAAAGAT,202,3599752
tisBp,62.666666666666664,189,2,TAGCTATACCCCAGTACAGG,187,3597001
tisBp,41.333333333333336,125,2,TAGAGGAGACTTCGGAAGAC,123,3603248
tisBp,0.6666666666666666,3,2,TAGACTCAGGCGGAATTAAA,1,3581312
tisBp,30.666666666666668,93,2,TAGACACATTGAAATCATAC,91,3591092
tisBp,83.0,250,2,TACCTAGGCTGCAATGTACA,248,3601256
tisBp,1.0,4,2,TACCACAAAGTGATCTTTCT,2,3569350
tisBp,62.666666666666664,189,2,GTTTTCCGTACCCGGGGAAC,187,3599757
tisBp,0.6666666666666666,3,2,GTTTGGGCTCCCGGGGTAAC,1,3579227
tisBp,63.666666666666664,192,2,GTTTGAGTCGGAGTTTGTTT,190,3563032
tisBp,0.6666666666666666,3,2,GTTGTACGGGTTTAAGGATT,1,3602682
tisBp,0.6666666666666666,3,2,GTTCCCGCAATGGCCAGACA,1,3564206
tisBp,0.6666666666666666,3,2,GTGCTCCGGGCCGGGACCAA,1,3553263
tisBp,0.6666666666666666,3,2,GTGCAACGCTCTTTCGCACT,1,3602080
tisBp,0.6666666666666666,3,2,GTGAGGTTCCTCTAGTTTGT,1,3542652
tisBp,32.666666666666664,99,2,GTCCCACACCTTTAGATGAG,97,3564524
tisBp,0.6666666666666666,3,2,GTCAGCACATGGACAGGTGC,1,3575710
tisBp,69.66666666666667,210,2,GTATTTTTAGGTGATGTAAA,208,3569392
tisBp,0.6666666666666666,3,2,GTATTTAATCGATACCAATC,1,3554013
tisBp,0.6666666666666666,3,2,GTAGATCAAACATAGTTGAT,1,3599980
tisBp,0.6666666666666666,3,2,GTAATAGTGCGGCACTAATA,1,3595122
tisBp,0.6666666666666666,3,2,GGTCCGGATCCGTCCAGGGA,1,3592569
tisBp,70.33333333333333,212,2,GGTAGAGACCCGTGATGCTG,210,3571958
tisBp,0.6666666666666666,3,2,GGTACTTTGGTAACTCTGTT,1,3574627
tisBp,0.6666666666666666,3,2,GGGTGAGTTTTCGCTTCTGT,1,3566515
tisBp,1.0,4,2,GGGTAGGTTCACGGTATTAG,2,3545817
tisBp,0.6666666666666666,3,2,GGGGGGCTGGCGCGCATGCT,1,3574702
tisBp,1.0,4,2,GGGGACGAAGATAATAGTTC,2,3573144
tisBp,33.333333333333336,101,2,GGGCAGGAGTCTAACATCTG,99,3588754
tisBp,0.6666666666666666,3,2,GGGAGATCACAAGATACGTT,1,3588650
tisBp,0.6666666666666666,3,2,GGCTCCACCGATCATTTTGT,1,3558965
tisBp,1.0,4,2,GGCGCGACAGGCCCAGTAGA,2,3587636
tisBp,61.666666666666664,186,2,GGCACGTAGCCGGCACTATA,184,3572128
tisBp,1.0,4,2,GGCAACAAGTCAGTCAAATA,2,3573804
tisBp,184.0,553,2,GGATGTGTACTCGGTTACTG,551,3579180
tisBp,0.6666666666666666,3,2,GGAGGAACCATCGTTGAACC,1,3597624
tisBp,83.0,250,2,GCTTGAAGCGGCAGTCGCGG,248,3575499
tisBp,44.666666666666664,135,2,GCTTCGGCCATGCACGTATT,133,3583636
tisBp,130.0,391,2,GCTGATATATGTCTATCAAC,389,3545298
tisBp,48.0,145,2,GCTCTGTGATTGTACATTTT,143,3548401
tisBp,0.6666666666666666,3,2,GCTCAATTGGTTTCTAAGTG,1,3595779
tisBp,64.66666666666667,195,2,GCGGGGGTGCAAGCCCCTTC,193,3591429
tisBp,62.666666666666664,189,2,GCGAAGTTAGTGGAGGACGT,187,3594562
tisBp,2.6666666666666665,9,2,GCAGGTATTCTTCTGCAGAT,7,3591117
tisBp,0.6666666666666666,3,2,GCACTGGCTTCACGTGTCAT,1,3545855
tisBp,0.6666666666666666,3,2,GATCTCCCTTTACTGGCTTC,1,3596163
tisBp,1.0,4,2,GATCGAAATGGGCTTAGGCA,2,3582589
tisBp,126.66666666666667,381,2,GATAGATAGATTCGATCCCG,379,3587255
tisBp,0.6666666666666666,3,2,GATACCTCAGTGTGCAAAGA,1,3547457
tisBp,0.6666666666666666,3,2,GAGTTAGTCCTCCCGCCTAC,1,3542820
tisBp,0.6666666666666666,3,2,GAGTGCGCTATTATCCTTAT,1,3596989
tisBp,0.6666666666666666,3,2,GAGTCTTTTGCCCGAGCCCG,1,3563343
tisBp,0.6666666666666666,3,2,GAGGACGGGCCAATCAATGT,1,3565961
tisBp,0.6666666666666666,3,2,GAGCAGCCGATGAAGTGGTC,1,3554647
tisBp,62.0,187,2,GACTGATCATTGTATGCAGA,185,3566317
tisBp,64.33333333333333,194,2,GACTACCAAGGATCTGATAT,192,3593071
tisBp,58.0,175,2,GACGCCAATTTAAGCGTGCA,173,3578033
tisBp,61.666666666666664,186,2,GACAGCGTTAGCCATCTCAT,184,3557952
tisBp,90.66666666666667,273,2,GAAGCGGTCGGGGACTCAAC,271,3546737
tisBp,28.0,85,2,CTTTTGCAATTAGTGCTTGG,83,3603016
tisBp,0.6666666666666666,3,2,CTTGTATTCTGCCGCAAGTG,1,3565507
tisBp,30.0,91,2,CTGTAGGAGGAATTGCTGTA,89,3590794
tisBp,104.66666666666667,315,2,CTGACCGTTATAAGAATAGG,313,3581600
tisBp,0.6666666666666666,3,2,CTCGGAGCAGGGGGTCTAGG,1,3568110
tisBp,0.6666666666666666,3,2,CTCCTGACCGTTATTACCAC,1,3574158
tisBp,1.6666666666666667,6,2,CTCCGCCCTTACTCAGAACG,4,3561125
tisBp,164.33333333333334,494,2,CTAGCGTTCGAGTACCGCCT,492,3601561
tisBp,1.3333333333333333,5,2,CGGGGCGGCCGCTTTATCGT,3,3556966
tisBp,0.6666666666666666,3,2,CGGGCGAGCCGGCTCAACAG,1,3558372
tisBp,0.6666666666666666,3,2,CGGGACATCTTGGTCTCCCG,1,3575705
tisBp,55.0,166,2,CGGCATTACCCCGCAAAGCT,164,3601901
tisBp,0.6666666666666666,3,2,CGAGCTAGCTTGGGCAACTA,1,3542991
tisBp,1.6666666666666667,6,2,CGACGAATGGTTTGCTTGGG,4,3550323
tisBp,0.6666666666666666,3,2,CCTGGCAAGACGTGCGTGTT,1,3555301
tisBp,0.6666666666666666,3,2,CCGGGGAGGGTTGGCCACTG,1,3542645
tisBp,100.0,301,2,CCGGCCTAGCAGCTTGTAGT,299,3553480
tisBp,0.6666666666666666,3,2,CCGCATCCAACCATACTGCC,1,3546081
tisBp,0.6666666666666666,3,2,CCGCAGCATCATCAGGTCCG,1,3595005
tisBp,61.333333333333336,185,2,CCGCAGACACGTAATTAAAT,183,3570304
tisBp,0.6666666666666666,3,2,CCGAGAGCTTCGGGCGACTC,1,3588366
tisBp,0.6666666666666666,3,2,CCCCGGATCTACATGAAACG,1,3576248
tisBp,0.6666666666666666,3,2,CCATTCTCTGAAATATGGCT,1,3552410
tisBp,0.6666666666666666,3,2,CCAGTCGGTGGTGGGGACAT,1,3544505
tisBp,1.3333333333333333,5,2,CCACTGTTTACGCTAGGGTA,3,3572493
tisBp,0.6666666666666666,3,2,CCACAGTTGCAAACCAAAGT,1,3555286
tisBp,9.333333333333334,29,2,CATGCTCGTGAGACGTCCCT,27,3575822
tisBp,0.6666666666666666,3,2,CATCCTGGAGTTACAATGCA,1,3582029
tisBp,0.6666666666666666,3,2,CATCAGTGGGCTACCGAAAG,1,3555900
tisBp,0.6666666666666666,3,2,CAGGGCGGCTGGGCGGGAAG,1,3542251
tisBp,74.0,223,2,ATTATGCTCGCCTAAACTAA,221,3561938
tisBp,0.6666666666666666,3,2,ATGGCAAGCGTAGTGTCGTC,1,3544171
tisBp,0.6666666666666666,3,2,ATGACAAATGAGAAGCGTCA,1,3589271
tisBp,0.6666666666666666,3,2,ATCTGAGAGTCTCACGGGAC,1,3587943
tisBp,2.6666666666666665,9,2,ATCGTCTCACGTACCTTGGG,7,3578008
tisBp,208.66666666666666,627,2,ATCGCGGTCAGTTATCTCCA,625,3567839
tisBp,0.6666666666666666,3,2,ATCCAGTCCCAGGGCCACTG,1,3579539
tisBp,80.0,241,2,ATATAAGATCGAGGATACAA,239,3565364
tisBp,0.6666666666666666,3,2,ATAGTCATGCCTTGTAACCC,1,3598328
tisBp,63.0,190,2,ATAGGCTTGGCTGCACTTAA,188,3602352
tisBp,2.3333333333333335,8,2,AGTGGATCCAATCGTTACAA,6,3543044
tisBp,0.6666666666666666,3,2,AGTCCTAGAGACAGAGTCCA,1,3547240
tisBp,0.6666666666666666,3,2,AGTAATTTCGTAGATGGCAT,1,3571725
tisBp,1.0,4,2,AGGTCTGATGTAAGGCGCTT,2,3591108
tisBp,69.0,208,2,AGGCCAGAATATTATCAGCT,206,3550663
tisBp,59.0,178,2,AGCCTGTCACTCGCCCTGGA,176,3547170
tisBp,1.0,4,2,AGCCCACCCGGATAGTGGGG,2,3554449
tisBp,0.6666666666666666,3,2,AGAGTCCCCTAATGAGAGCA,1,3581980
tisBp,0.6666666666666666,3,2,AGAGAGTCGGGTTAGTAGAT,1,3599232
tisBp,0.6666666666666666,3,2,ACTATGTCCGTTCGATATAG,1,3583642
tisBp,61.666666666666664,186,2,ACCTTGACTCCTACATCCAA,184,3561633
tisBp,0.6666666666666666,3,2,ACCCTAAGTGGCGTCACTAA,1,3583657
tisBp,0.6666666666666666,3,2,ACCATTTGCTTGCAATTTAA,1,3571857
tisBp,29.333333333333332,89,2,ACATACGGCGCTAAGGAGAG,87,3592553
tisBp,33.666666666666664,102,2,ACAGCGGTCCACTACACTTA,100,3597456
tisBp,0.6666666666666666,3,2,ACACCCCTCGAGGCGCGACA,1,3548159
tisBp,0.6666666666666666,3,2,ACAATCTCATCGAGTCTGCG,1,3565522
tisBp,48.333333333333336,146,2,ACAAGGCGGGAAACAGCGGC,144,3558450
tisBp,0.6666666666666666,3,2,AATCACTGTTTTTACGTCGT,1,3555650
tisBp,0.6666666666666666,3,2,AAGGGCCGGGATCCTCGTAT,1,3578286
tisBp,2.6666666666666665,9,2,AAGGCCAAAGTCAGTCGAGT,7,3575043
tisBp,1.3333333333333333,5,2,AAGGACGCTGTAAGCTAGCG,3,3556583
tisBp,68.0,205,2,AAGCGTACCGTCAAATCACA,203,3554579
tisBp,0.6666666666666666,3,2,AACCTTTACCTTATTTACCT,1,3589008
tisBp,172.33333333333334,518,2,AACCGTCTGAGGAAGTATCA,516,3545713
tisBp,0.6666666666666666,3,2,AACCCGCCAGGGACTCATCT,1,3547229
tisBp,86.66666666666667,261,2,AACCATCGAGCTCTCAGCAA,259,3591663
tisBp,66.0,199,2,AACCAGCGACACTTCGTGAG,197,3590802
tisBp,0.6666666666666666,3,2,AACATTGAGGTCCACTACTT,1,3593072
tisBp,66.0,199,2,AAATGATCCATGGTTGGTAC,197,3552094
tisBp,0.6666666666666666,3,2,AAATAGCGGGAGGGTTTATT,1,3547379
tisBp,75.33333333333333,227,2,AAAGTTTAGACACCCTCGTT,225,3602864
tisBp,85.0,256,2,AAAGCACTTTAATACGGTTA,254,3557522
tisBp,78.0,235,2,AAACGCAACACGACCAGCAT,233,3567693
tisBp,1.0,2,1,TTTTCCGTTTGCGCTCGCGT,1,3583002
tisBp,76.0,152,1,TTTGCCATTGCGCAAATTTT,151,3575106
tisBp,1.0,2,1,TTTGATTTAGCCCACGTCCT,1,3577207
tisBp,112.5,225,1,TTTCAGCAGCGTGCAGTCGG,224,3581630
tisBp,1.0,2,1,TTTATTGACCGCAGGCTAAT,1,3593178
tisBp,42.0,84,1,TTGTCCTGTGCCAAAGATAT,83,3563533
tisBp,1.0,2,1,TTGAGCATAGGACCCTGGTT,1,3583527
tisBp,1.0,2,1,TTCTTAGGCTCATGTGCCCC,1,3568596
tisBp,1.0,2,1,TTCCGGCCCTCTCGCCATCG,1,3570561
tisBp,1.0,2,1,TTACGGGGACGTGTACACTT,1,3574701
tisBp,2.5,5,1,TTAAGGGTTTGACACAGCCG,4,3566568
tisBp,60.0,120,1,TTAAGCCGGTCGCTTCTCTC,119,3541405
tisBp,1.0,2,1,TGTGCGGGACAGAAGGTATC,1,3595639
tisBp,95.5,191,1,TGTGCAATTAGATCGGCGAG,190,3559569
tisBp,1.5,3,1,TGTCTAATCAAATCCGCAGG,2,3542681
tisBp,2.5,5,1,TGGGAGTGCCGGTTGCTGAC,4,3590533
tisBp,1.0,2,1,TGGCGAGATGTCAGTCGAAA,1,3597656
tisBp,88.5,177,1,TGGAGTCAGTAGGGGCTACA,176,3569644
tisBp,1.0,2,1,TGGAAATCGGCGAGTGATTC,1,3557646
tisBp,360.5,721,1,TGCTGGCTTTTAATGCATAA,720,3542122
tisBp,101.5,203,1,TGATGGGGTACACCAGGGCG,202,3569765
tisBp,461.5,923,1,TGATCAGAATTCGGCTAACA,922,3588780
tisBp,96.5,193,1,TGATACACGCCATATGTAAT,192,3579331
tisBp,111.5,223,1,TGACATGCCGGAATAGGTAT,222,3555315
tisBp,137.0,274,1,TCTTCCCAACCCCGTATCAT,273,3562250
tisBp,1.0,2,1,TCTGCATCCACGGCACGAAC,1,3547720
tisBp,50.5,101,1,TCTCTATTTTCGTGTCCCAA,100,3565065
tisBp,1.0,2,1,TCTATGACGCAAGTTAAAAC,1,3593016
tisBp,1.5,3,1,TCGACAGCCCCGAGAGGCAG,2,3542816
tisBp,97.5,195,1,TCCGGTACGAGCTACAGGGC,194,3588625
tisBp,40.5,81,1,TCCGCATCCGTAGGTCACAG,80,3591294
tisBp,1.5,3,1,TCAGTTCCCGTCAGCACATA,2,3573720
tisBp,1.0,2,1,TAGGTATGTTGGTGGCACAC,1,3562525
tisBp,1.0,2,1,TAGGCGAAGTTCCGCGCGAT,1,3583790
tisBp,84.0,168,1,TAGCCGCTGGAGAACGAAAT,167,3577407
tisBp,1.0,2,1,TACCATGCCAGGCCCCCACT,1,3543121
tisBp,1.5,3,1,TAATTTCACAGGACATAGGT,2,3547546
tisBp,1.0,2,1,TAAGTTGTACCCAGAAAATG,1,3544748
tisBp,1.0,2,1,TAAAATATTGGTGGTCAACA,1,3603015
tisBp,1.0,2,1,GTTTTTCTTCCGGGCGCCAT,1,3600976
tisBp,1.0,2,1,GTTGTCCGTCTTATCGACGG,1,3559588
tisBp,93.0,186,1,GTTCGATATGAGATACGGGC,185,3582568
tisBp,122.0,244,1,GTGTGTTAGGTCTGATCTAC,243,3547167
tisBp,1.0,2,1,GTGTCACACGTAAATCCTTT,1,3554675
tisBp,1.5,3,1,GTGGGTAAACGACACACAAG,2,3553058
tisBp,1.0,2,1,GTCGTCATAGGGTCTAGATT,1,3562183
tisBp,1.5,3,1,GTCGGTAATTGTACTTGTGA,2,3574704
tisBp,2.5,5,1,GTCAGTGGGTGGAAACGGCA,4,3546196
tisBp,105.5,211,1,GTATAGTCACCCCGAGGAAG,210,3563665
tisBp,1.0,2,1,GTAGTTGAGTTTACGCGCTC,1,3569785
tisBp,1.0,2,1,GTACTACCATTACCAAATAG,1,3551059
tisBp,92.5,185,1,GGTTATCTGCCAGTCGTCTG,184,3543024
tisBp,78.0,156,1,GGTCCGCCATTTACGTAAAT,155,3570564
tisBp,106.5,213,1,GGGTCAGGGCGAGGCGTCGA,212,3573706
tisBp,1.0,2,1,GGGGCTGGGGTCCGCACAAG,1,3567812
tisBp,1.0,2,1,GGGGCACCAGGGTATTTGTA,1,3542367
tisBp,2.0,4,1,GGGACATGTTGACGGCTATT,3,3581721
tisBp,1.0,2,1,GGCTAGGCGTTCGCGCATCT,1,3586059
tisBp,1.0,2,1,GGATCACTTAGCTGCTGGAC,1,3588270
tisBp,151.0,302,1,GGAGTAAGACGCAAGCTGTC,301,3587265
tisBp,78.0,156,1,GGAATGATTAGTAAACGGTC,155,3579375
tisBp,76.5,153,1,GGAAGTCAGATTGATATGGT,152,3566558
tisBp,1.0,2,1,GCTTAGCTTGGTCGCATTGC,1,3560306
tisBp,123.5,247,1,GCTGCAGGGCGGCGCAACAG,246,3598966
tisBp,80.5,161,1,GCGTATCTCGCACGCGGATC,160,3592653
tisBp,1.0,2,1,GCGGGCATCTACTTAACACT,1,3585049
tisBp,1.0,2,1,GCGGGAGTTGACGTTGCCGC,1,3602306
tisBp,1.0,2,1,GCCTTGCGGTAACGGTAACT,1,3588525
tisBp,365.5,731,1,GCCATTAAAAAGTGACCTGG,730,3602305
tisBp,1.0,2,1,GCCATCCTTTTCCTATGCTA,1,3568864
tisBp,92.5,185,1,GCACACGGAATTGTGTACTC,184,3589760
tisBp,1.0,2,1,GCAAGTAGAAGGCTGTGTGT,1,3578434
tisBp,1.0,2,1,GCAAAGGTATCTCGCTCTTC,1,3562038
tisBp,1.0,2,1,GATTATCCCGGGCCTTCATG,1,3567688
tisBp,134.5,269,1,GATGTGGGAGGTTACACCCA,268,3597043
tisBp,1.5,3,1,GATCGCTCTTGGCACACTAA,2,3595656
tisBp,104.0,208,1,GATACCCTGACCAAAAGACG,207,3576607
tisBp,1.0,2,1,GAGATGCCTTGCTTCGAGCC,1,3555409
tisBp,111.0,222,1,GACAGAGTGCCTGCGATCTT,221,3561649
tisBp,2.0,4,1,GAATGGTGCCCACCGGCGCA,3,3579683
tisBp,1.0,2,1,GAACTTCCGTCGAACCCGAA,1,3547716
tisBp,1.0,2,1,GAACGTGGGATCTAGGGCTT,1,3588782
tisBp,102.5,205,1,GAACGCTCAACAGATAAGCT,204,3558456
tisBp,1.0,2,1,CTTTGGTCAGCCAGCTATGA,1,3548833
tisBp,94.0,188,1,CTTGTGAGAACACTCGAAAT,187,3575546
tisBp,1.0,2,1,CTTGTAATTGAGATACACTC,1,3599248
tisBp,139.5,279,1,CTTGCGCCGCCCACGTCCCA,278,3545722
tisBp,1.0,2,1,CTTGAAGGGCAAGTTTTTGA,1,3565707
tisBp,1.5,3,1,CTGTGCGCATAGGGGAAGCT,2,3603325
tisBp,104.5,209,1,CTGAATCCTGGTCGTTGATT,208,3553486
tisBp,110.5,221,1,CTCTTCCTAATGCATATCCC,220,3554588
tisBp,2.0,4,1,CTCCGGGGCTCCACTCCTCT,3,3572384
tisBp,1.0,2,1,CTCCATTCGAGGCGCCGAAT,1,3598498
tisBp,215.5,431,1,CTATCTCATGCCCAGTTAGG,430,3596985
tisBp,1.0,2,1,CTAGCCGCACTGATACGCAA,1,3557142
tisBp,1.0,2,1,CTAAGAAAAGGCTCTTTTCG,1,3557376
tisBp,1.0,2,1,CTAACTGTGTACATGAATTC,1,3547967
tisBp,1.0,2,1,CTAAACAAGTTGATGGGCCT,1,3553940
tisBp,1.0,2,1,CGTGGGTACTGAAGGTTGTT,1,3542132
tisBp,57.0,114,1,CGTGACCTAATTTTCCCATG,113,3542885
tisBp,79.0,158,1,CGGGGCTAAGGTAAGTCGCC,157,3576846
tisBp,1.0,2,1,CGGGGATCGTTACAGGCAAA,1,3585787
tisBp,1.0,2,1,CGGCGCAATCGCCTTCGAGA,1,3566958
tisBp,1.0,2,1,CGCCAGGGCTGCATTACGTA,1,3582356
tisBp,1.0,2,1,CGATGAATTACGTATAAGGG,1,3554098
tisBp,88.0,176,1,CGAGTGAGAGAATATGGATG,175,3602819
tisBp,1.5,3,1,CCTCTGTCGTCTCGCATCTT,2,3550900
tisBp,1.0,2,1,CCGGATCACTGACTCCTCCC,1,3576568
tisBp,1.0,2,1,CCGGAGGGTGTAGGTGGCCC,1,3553524
tisBp,1.0,2,1,CCGATCTTACGCTAGGGTTG,1,3584602
tisBp,99.0,198,1,CCGATAGCGTCAACTCCGGG,197,3603014
tisBp,1.0,2,1,CCGAGTATTGCGCTCAGGAT,1,3591113
tisBp,61.0,122,1,CCGAATTTGTTTATTGATTT,121,3596579
tisBp,1.0,2,1,CCCGTAATTAATTCCTGTCT,1,3595442
tisBp,1.0,2,1,CCATGGCTTTATCCGCGATC,1,3579355
tisBp,1.0,2,1,CCACAAGCGTGGAAGATGCA,1,3551161
tisBp,1.0,2,1,CCAAATCAGCCTCCCACTGC,1,3547648
tisBp,1.0,2,1,CATCGTTTCACGAGCCTACT,1,3587210
tisBp,225.0,450,1,CAGCTAAGTTTGTCCATTCC,449,3584723
tisBp,1.0,2,1,CAGACCTTCGTCCAGTTCAA,1,3595020
tisBp,119.0,238,1,CAATTAAAATCTTTGACCTC,237,3589029
tisBp,107.0,214,1,CAATAAACACCTCTTCCGGA,213,3586352
tisBp,1.0,2,1,CAAGGTGGATCCGCAGTGTA,1,3595139
tisBp,233.5,467,1,CAACTGGATCAGCTGGAAGG,466,3561305
tisBp,55.5,111,1,ATTTGTTCAACAGTATGATA,110,3557778
tisBp,185.5,371,1,ATTTGTACGACTAACTAGCG,370,3602872
tisBp,108.0,216,1,ATTTGCCAATGTAATCTAGT,215,3579565
tisBp,87.5,175,1,ATTGATCCCCAATGGCGTAT,174,3598107
tisBp,95.5,191,1,ATTGACATCGTCGTTTGAGG,190,3575838
tisBp,1.0,2,1,ATGTTTCGAAATTCAGGATC,1,3555324
tisBp,1.0,2,1,ATGTGTGCCCCTGCGAGTCA,1,3566319
tisBp,1.0,2,1,ATGGTTGGAATATACAAGCA,1,3541307
tisBp,52.0,104,1,ATGGTTATATGGCGACTCCT,103,3602998
tisBp,110.0,220,1,ATATGACGGTGCGGAATTCG,219,3582490
tisBp,52.5,105,1,ATATCGGGTGTCATGGCCAA,104,3571584
tisBp,122.0,244,1,ATATCCATCGATAATGCCCA,243,3551122
tisBp,1.0,2,1,ATAGCATAACGTCATTATAA,1,3600906
tisBp,1.0,2,1,AGTATCACCTATAAAAATTA,1,3547296
tisBp,86.0,172,1,AGGGTGATCTCCGGATGTAG,171,3561261
tisBp,110.5,221,1,AGGCGACCTCGCAGGAACCT,220,3582464
tisBp,35.5,71,1,AGCGAGGGATCCGCAAATAC,70,3553236
tisBp,1.0,2,1,AGCCCAAGGGATTTTCAGGG,1,3564688
tisBp,108.5,217,1,ACTGAGGACCGTAAACGGCT,216,3593509
tisBp,1.0,2,1,ACGTGACTCGGTTTTGGCTA,1,3543348
tisBp,1.0,2,1,ACGTCTGACACATCGGTATT,1,3561735
tisBp,1.0,2,1,ACGGGTGCACGCGGACGCAA,1,3560304
tisBp,110.0,220,1,ACGCGTACAAGTGGCCAATA,219,3555173
tisBp,1.0,2,1,ACCTGTGAAGAGCCGATTAT,1,3544993
tisBp,1.0,2,1,ACCGTGGGAAATGGGTTTAG,1,3578349
tisBp,1.0,2,1,ACCCACTTAATACCATGTTT,1,3565733
tisBp,79.0,158,1,ACAGACCAGCTGACCTTGAT,157,3565153
tisBp,99.0,198,1,AATCTATGTTTTAGCTTTAT,197,3588456
tisBp,57.0,114,1,AATATCGGGGTGGAGCTATT,113,3576440
tisBp,1.0,2,1,AATACACGCATTGGCATGAC,1,3582375
tisBp,1.0,2,1,AAGCTTAGTGTTCGATCCCA,1,3597776
tisBp,1.0,2,1,AAGCTGTTCGCAAACAGATC,1,3549747
tisBp,124.5,249,1,AAGAAGCCCGGGGGCGCTAG,248,3595759
tisBp,86.0,172,1,AACAAGTACGTAAGCAAAAG,171,3562070
tisBp,0.010101010101010102,98,98,AACTTCTCTAGACCAACTTC,0,3542012
tisBp,0.011363636363636364,87,87,TATGTATTTGTGTTTCAGGG,0,3541644
tisBp,0.011764705882352941,84,84,AAATGTTGATTTTTATTAGC,0,3575974
tisBp,0.012987012987012988,76,76,GCTTTCGATGTTACCCATCG,0,3554845
tisBp,0.013513513513513514,73,73,ATGGGGTGAATTGGGCGCAT,0,3583934
tisBp,0.013513513513513514,73,73,AAGCCTGAATGGGCCGCGCA,0,3565027
tisBp,0.0136986301369863,72,72,TGGACAGCTTATTATGACAA,0,3584530
tisBp,0.0136986301369863,72,72,GGATGTAGCTGTTGGCTAAG,0,3547640
tisBp,0.013888888888888888,71,71,CTTTCGTGATTTTCGTCAAA,0,3546580
tisBp,0.013888888888888888,71,71,CCTTGTATTATCTGGACCCA,0,3548104
tisBp,0.014084507042253521,70,70,ATACGGCAGATCGGATTCAT,0,3555382
tisBp,0.015625,63,63,TTACAGGCGCCACTAGGTCT,0,3570688
tisBp,0.015873015873015872,62,62,CCGTAAGCCATCGCTCAGAC,0,3556788
tisBp,0.015873015873015872,62,62,CACATGCAACGTTCCGCGTT,0,3551906
tisBp,0.016129032258064516,61,61,AGTAGCTGCGCTGAAGACTT,0,3544722
tisBp,0.01639344262295082,60,60,ACAGTAATGCGGAACGACTT,0,3552866
tisBp,0.016666666666666666,59,59,GTCTAAAAAGGCGTGCTCGA,0,3546456
tisBp,0.01694915254237288,58,58,GGGATAACGGGTAGCCGGTG,0,3546910
tisBp,0.01694915254237288,58,58,GATGTTGGGGAGTTCAAGTT,0,3573234
tisBp,0.01694915254237288,58,58,CAGGTCCCCGCAGTAAAAAC,0,3541553
tisBp,0.017543859649122806,56,56,TAACGCGCGGCCACCCGGTG,0,3563337
tisBp,0.017543859649122806,56,56,CCTTGACTCAAGTAAGCATG,0,3568968
tisBp,0.017543859649122806,56,56,AGGGTAGTAAGCTTGCTAAG,0,3559820
tisBp,0.017543859649122806,56,56,AACTACAGACTGAGGAAGAT,0,3547592
tisBp,0.017857142857142856,55,55,CGTAATTGGCGTGTGTGGCT,0,3556410
tisBp,0.017857142857142856,55,55,CATATTGTATCGGTGGGAAT,0,3596532
tisBp,0.01818181818181818,54,54,ATGAACGCCATTGACAGATT,0,3561034
tisBp,0.018518518518518517,53,53,TCGGATGTAGTCACCGGATA,0,3552078
tisBp,0.018518518518518517,53,53,TAGATGACTTAATAACGGTG,0,3600338
tisBp,0.018867924528301886,52,52,TAGTGTTGTATCGACCTAGT,0,3567884
tisBp,0.018867924528301886,52,52,GGAGTTCACTCCTCTGCCAT,0,3559078
tisBp,0.018867924528301886,52,52,GCTAGGAAGCCTCTGAGATC,0,3553827
tisBp,0.018867924528301886,52,52,GCAATTGGCGCTGCTCCCAT,0,3588431
tisBp,0.018867924528301886,52,52,CCTATGGACGACGTAAGTTC,0,3562280
tisBp,0.018867924528301886,52,52,ACTGAGATCTTATGTGAAAA,0,3550184
tisBp,0.019230769230769232,51,51,TGGCTAGGATGTTTTGGCTA,0,3586659
tisBp,0.019230769230769232,51,51,CCTTGGATCTCTACAGGCAA,0,3543881
tisBp,0.0196078431372549,50,50,TCGCGCCGCAAGTAAAATTA,0,3575041
tisBp,0.0196078431372549,50,50,TAGGATTTAGGTAGACAGAT,0,3597077
tisBp,0.0196078431372549,50,50,GGTACTCCTATTGGGCCGTA,0,3542156
tisBp,0.0196078431372549,50,50,GCCTTTGAGTGCTCCGGCTT,0,3544811
tisBp,0.0196078431372549,50,50,GCCGACGCAAGGCAATCTAG,0,3560433
tisBp,0.0196078431372549,50,50,GACAGACGCGGCACTTTCGT,0,3545999
tisBp,0.0196078431372549,50,50,CCAACTGATTCAGATCAAGA,0,3569415
tisBp,0.0196078431372549,50,50,CACAACGGCGAGAGACCATA,0,3602063
tisBp,0.0196078431372549,50,50,ATTCATTATGAGCTTAGGTG,0,3565051
tisBp,0.02,49,49,GGAGGCCGGAAACTTAGCCG,0,3587037
tisBp,0.02,49,49,CATGATAAACGTGTAGCTCT,0,3598825
tisBp,0.02040816326530612,48,48,TTTGTGAACTAGCTTAACGT,0,3547642
tisBp,0.02040816326530612,48,48,TGAGACGATTAATACTTGAG,0,3553154
tisBp,0.02040816326530612,48,48,GATAGGGTACTTGGTTAAAA,0,3584598
tisBp,0.02040816326530612,48,48,GAGGCATCGGTCTCCGTCCT,0,3553349
tisBp,0.02040816326530612,48,48,CCATATCAACAAGACGGCAT,0,3575059
tisBp,0.020833333333333332,47,47,TGAGGTACTTAGGGGATTAA,0,3583473
tisBp,0.020833333333333332,47,47,TAAAGCTATCACGGCACCTA,0,3593017
tisBp,0.020833333333333332,47,47,GTTGAGCGAATCGTAGAAAC,0,3570797
tisBp,0.020833333333333332,47,47,GTGACTCGATTCACCTATCT,0,3562758
tisBp,0.020833333333333332,47,47,GGTGGGAGTTTTCCTGGTAA,0,3548491
tisBp,0.020833333333333332,47,47,GCGTTTTCGCTTGATCTGAT,0,3554570
tisBp,0.020833333333333332,47,47,CAAGGTTCCTACCCCGCGCA,0,3567475
tisBp,0.020833333333333332,47,47,AGCTCTTTGGACGTTCTTAG,0,3554695
tisBp,0.02127659574468085,46,46,TCCCCGAGGGTCCATTACTA,0,3543981
tisBp,0.02127659574468085,46,46,GTGGGGGAATAATGCTGGAT,0,3561889
tisBp,0.02127659574468085,46,46,GGTGAGACGGACAGCGTCCT,0,3565973
tisBp,0.02127659574468085,46,46,CTATGGACCGTCTATGGAAC,0,3559913
tisBp,0.02127659574468085,46,46,CGCTACATTTAAAGATCGCG,0,3557083
tisBp,0.02127659574468085,46,46,CCGCATACGCGACGGAGTTG,0,3569524
tisBp,0.02127659574468085,46,46,CACCGCAGGTCTCCCTCCAG,0,3576985
tisBp,0.021739130434782608,45,45,TGTTCACCGGGCATGAAATC,0,3585682
tisBp,0.021739130434782608,45,45,TGCTCCGCGCGCGTACAAGC,0,3567468
tisBp,0.021739130434782608,45,45,CGTCAAGACATAGCACCTTA,0,3554212
tisBp,0.021739130434782608,45,45,CATGAGGAGCCCCATACGTT,0,3580821
tisBp,0.021739130434782608,45,45,CAGCGGACTTAATGCCGGGG,0,3585711
tisBp,0.021739130434782608,45,45,AGACATTCATACTCGAGTCA,0,3582260
tisBp,0.021739130434782608,45,45,ACGCATCGCGCGTCCGGTAG,0,3564492
tisBp,0.021739130434782608,45,45,ACAACTATTCAGCTCACGCC,0,3570469
tisBp,0.022222222222222223,44,44,TTCGGGCACTAACCATGAAC,0,3560762
tisBp,0.022222222222222223,44,44,TTAGGTACAACCCGATGCTT,0,3563016
tisBp,0.022222222222222223,44,44,TGCCTCCCACGTTTAAGCGT,0,3602674
tisBp,0.022222222222222223,44,44,GCAGTATGACTTGCCTTACG,0,3543074
tisBp,0.022222222222222223,44,44,GAGTTAGTTGCATAGGTTTT,0,3578742
tisBp,0.022222222222222223,44,44,CCTGATGGAGGTTAAAGAGC,0,3546251
tisBp,0.022222222222222223,44,44,CCAGTGTGAACGAGGGGAGA,0,3548403
tisBp,0.022222222222222223,44,44,CCAGAGAATGGTTTCGCTCC,0,3560759
tisBp,0.022222222222222223,44,44,CAATACGGATTTAACCCCTC,0,3560591
tisBp,0.022222222222222223,44,44,ACGCTAATTAATCGGGCCGA,0,3545071
tisBp,0.022727272727272728,43,43,GTCGGTACTTCGTTCGCGCA,0,3561966
tisBp,0.022727272727272728,43,43,GTCCGATATAGGTGGCTTCA,0,3599643
tisBp,0.022727272727272728,43,43,GGCAATCCCTCTACCCGGCT,0,3565256
tisBp,0.022727272727272728,43,43,GCTGAGGCCACATTTGGCTA,0,3545129
tisBp,0.022727272727272728,43,43,ATCGAGTGATTACAATGTAG,0,3570516
tisBp,0.022727272727272728,43,43,ATCACACGGTCAGGCTATCT,0,3573036
tisBp,0.022727272727272728,43,43,ATATTAGCCAACTCGGGATT,0,3549607
tisBp,0.022727272727272728,43,43,AGCGCGCGCATGCGACTCAG,0,3574646
tisBp,0.022727272727272728,43,43,ACTACAAAGTGTAAAAGAGA,0,3548447
tisBp,0.023255813953488372,42,42,TGAATATGCCTTTTCTTCGT,0,3560367
tisBp,0.023255813953488372,42,42,TATGTGGTACCGGACTGGCA,0,3558272
tisBp,0.023255813953488372,42,42,GTGTGATCGACTGTTAACAT,0,3547037
tisBp,0.023255813953488372,42,42,GTCTGGGGACCAGGCAGTCA,0,3563432
tisBp,0.023255813953488372,42,42,GTAGAGACCTTATAGAGGAA,0,3577846
tisBp,0.023255813953488372,42,42,GGATTGATCTGAGTAAGGAC,0,3546136
tisBp,0.023255813953488372,42,42,GCCTATCGTGGGACACATAT,0,3554846
tisBp,0.023255813953488372,42,42,GCCGAATCTTGGTAAGACTA,0,3552189
tisBp,0.023255813953488372,42,42,GCCATTCGCCAGGGACACAG,0,3553003
tisBp,0.023255813953488372,42,42,CTGCACGGCCGGGATGTGAA,0,3562606
tisBp,0.023255813953488372,42,42,CTGATGCAGGGATTAAGCAG,0,3547706
tisBp,0.023255813953488372,42,42,CCAAGTGATAGCTGGACTGT,0,3551222
tisBp,0.023255813953488372,42,42,CACGCGTTATGCCCATACTA,0,3563461
tisBp,0.023255813953488372,42,42,CACGATAGCGCTTTTGGCTA,0,3556024
tisBp,0.023255813953488372,42,42,CAAACCGGAACCCAGTCAGG,0,3587004
tisBp,0.023255813953488372,42,42,ATGAGGCGCGAGGACTATCA,0,3542047
tisBp,0.023255813953488372,42,42,ATCCTAGATGATATTGGTCG,0,3557263
tisBp,0.023255813953488372,42,42,ATATACCCATGACGGCTTCA,0,3574465
tisBp,0.023255813953488372,42,42,AGTATAGCTGGCCTGTGGCA,0,3543022
tisBp,0.023255813953488372,42,42,AAAGTATCATGGCGTGCGAC,0,3567773
tisBp,0.023809523809523808,41,41,TGGTACTCCGTCGATATAAG,0,3548711
tisBp,0.023809523809523808,41,41,TGAGTTCTAGGTTCGTGGGA,0,3552944
tisBp,0.023809523809523808,41,41,GCGTCGTTTACAGGGACAAT,0,3552431
tisBp,0.023809523809523808,41,41,CTTTTTCTATGTCGTAAGAG,0,3559480
tisBp,0.023809523809523808,41,41,CTCGGGTTAGAACACGGTAC,0,3587101
tisBp,0.023809523809523808,41,41,CGCGATATGTCAGGGTCACA,0,3587488
tisBp,0.023809523809523808,41,41,CCCCCAGGCTAGTGCAAAGA,0,3599918
tisBp,0.023809523809523808,41,41,CATTCTGTCGTACATATAGG,0,3544632
tisBp,0.023809523809523808,41,41,AGGTGTTGTGGAGAACGTAC,0,3563200
tisBp,0.023809523809523808,41,41,AGGGAGCAGATACTTCCAAT,0,3561553
tisBp,0.023809523809523808,41,41,ACAGACTGTGGAAAATCATT,0,3557684
tisBp,0.024390243902439025,40,40,TGGGAACTCCTTTATTACTG,0,3583762
tisBp,0.024390243902439025,40,40,TCGATCGCATTGCGACATAC,0,3568085
tisBp,0.024390243902439025,40,40,TCGAAATGATTCAAAGTACT,0,3563629
tisBp,0.024390243902439025,40,40,TAGAGAGAAGAGACGGGTCT,0,3562767
tisBp,0.024390243902439025,40,40,TACAGTAGCAGATGAGTTTA,0,3601275
tisBp,0.024390243902439025,40,40,GTTTAGCTTTAGGTCGTTGC,0,3568234
tisBp,0.024390243902439025,40,40,GTGGATGTCTGACGTATTTT,0,3546498
tisBp,0.024390243902439025,40,40,GCGATACCCAGAGCAGCCCC,0,3603886
tisBp,0.024390243902439025,40,40,GCCGACTCTATACGGGTATC,0,3564062
tisBp,0.024390243902439025,40,40,GAGGCCGAACACTGGCTAGC,0,3552190
tisBp,0.024390243902439025,40,40,GAGGACGTGTGGGCTGCTCC,0,3556202
tisBp,0.024390243902439025,40,40,CGTAGCCCTTTCCGGTAGGA,0,3553155
tisBp,0.024390243902439025,40,40,CGCATTCAGCCTGGTTAGGC,0,3556909
tisBp,0.024390243902439025,40,40,CGCATAAATCACCTGGGGGG,0,3543347
tisBp,0.024390243902439025,40,40,AGGGTTGCTTCTAGCCGACC,0,3546583
tisBp,0.024390243902439025,40,40,AGGCCTCCGTCTGGGCTACT,0,3542161
tisBp,0.024390243902439025,40,40,AGATGGCGGCCTTTAGTCAA,0,3581095
tisBp,0.025,39,39,TTGGGCAAGTGACGTCTAAG,0,3578213
tisBp,0.025,39,39,TGCCGAAGTCAGGTCAAGCA,0,3545514
tisBp,0.025,39,39,TAAATTAGGTAACGTAACGG,0,3550409
tisBp,0.025,39,39,GTAAGCCATATGTGTAGGAA,0,3550189
tisBp,0.025,39,39,GGGACTATGAAGCCTGAATC,0,3588080
tisBp,0.025,39,39,CTCAAGCTTCCCGCTCTCTA,0,3581000
tisBp,0.025,39,39,CTAAGTAGCGATATCGAGAT,0,3571465
tisBp,0.025,39,39,CAGGTACGGGTTAGGGCGAG,0,3553053
tisBp,0.025,39,39,AGCCAACCATTCCTAAATAA,0,3541687
tisBp,0.025,39,39,ACTGGACTAGAATAGCAGGA,0,3574922
tisBp,0.025,39,39,AAGAGTGGATGAGTTTATTA,0,3547075
tisBp,0.02564102564102564,38,38,TTCTACTTTATTCTATGTGC,0,3559399
tisBp,0.02564102564102564,38,38,TGAGGACTGTTACCTCGATT,0,3563825
tisBp,0.02564102564102564,38,38,TCATAGACAATACAGAGATT,0,3586045
tisBp,0.02564102564102564,38,38,TAGGGAGGTGAGCCTAAGCT,0,3573208
tisBp,0.02564102564102564,38,38,TAGCCAAGTGGCACATACAA,0,3558951
tisBp,0.02564102564102564,38,38,TACGGTGGGCTTACGGATTA,0,3547900
tisBp,0.02564102564102564,38,38,GAGGACGTAGTCTCTCCGAT,0,3581246
tisBp,0.02564102564102564,38,38,CGCTGGGTAGGTTGGGGCTA,0,3548144
tisBp,0.02564102564102564,38,38,CGCGAACATACTCGAATGAA,0,3574361
tisBp,0.02564102564102564,38,38,CAGAGTAAAGCAGGTATTGT,0,3563056
tisBp,0.02564102564102564,38,38,ATGCATGATATGCCGCGCAT,0,3546631
tisBp,0.02564102564102564,38,38,ATCAGAGTGAGTTCTAACGA,0,3559376
tisBp,0.02564102564102564,38,38,AGCTACCGCATCTCCATAAG,0,3562017
tisBp,0.02564102564102564,38,38,ACGGCTGGTCTGTAAGTCCT,0,3550452
tisBp,0.02564102564102564,38,38,ACGCGATAGACATAGGCCAT,0,3575253
tisBp,0.02631578947368421,37,37,TGGATTTGTAAATTCGCGAT,0,3583975
tisBp,0.02631578947368421,37,37,GTATTTTACGATAGATGGAA,0,3553348
tisBp,0.02631578947368421,37,37,GGATTAGGGAGTATTGGAAA,0,3585306
tisBp,0.02631578947368421,37,37,GACAAACAGAGGCTATCTTG,0,3583348
tisBp,0.02631578947368421,37,37,GAATGTGTGGTCAGGATCTC,0,3573259
tisBp,0.02631578947368421,37,37,CTTGTAAGCGACCTTTCTCC,0,3583923
tisBp,0.02631578947368421,37,37,CCTTGCCCAAGTCTCTCTCT,0,3555022
tisBp,0.02631578947368421,37,37,CCCCAAACTCGCTGGTGACG,0,3595068
tisBp,0.02631578947368421,37,37,CCCACAAGGCAAAGATAATT,0,3572680
tisBp,0.02631578947368421,37,37,ATGTTTGCGCTGTTATCTAG,0,3553609
tisBp,0.02631578947368421,37,37,ATCAACGCGTGTGGGTAGAT,0,3590649
tisBp,0.02631578947368421,37,37,ATAGGTGAGTTTTATCGCAA,0,3562168
tisBp,0.02631578947368421,37,37,AGTTGGTTATCGGCACGAAC,0,3582212
tisBp,0.02631578947368421,37,37,AAAAGAATCCAGAGCCCATT,0,3599518
tisBp,0.02702702702702703,36,36,TACTCGCGGGAGAATAAATG,0,3544269
tisBp,0.02702702702702703,36,36,GTACTCCGCTTTGTCACGAG,0,3550329
tisBp,0.02702702702702703,36,36,GTAAGTGTAGCGTTAGTCAA,0,3552834
tisBp,0.02702702702702703,36,36,GGGATGTGATCAAGCTGGTT,0,3567956
tisBp,0.02702702702702703,36,36,GATAGCTATCCCCTAGAAAT,0,3571667
tisBp,0.02702702702702703,36,36,GATAAAGAAGCCCACGTGTA,0,3575556
tisBp,0.02702702702702703,36,36,GAGTGCACTGGATAATTCCT,0,3542880
tisBp,0.02702702702702703,36,36,GACTCCTTCTCGACGATTAG,0,3572890
tisBp,0.02702702702702703,36,36,CTATACGTTGGTGACGAACA,0,3562114
tisBp,0.02702702702702703,36,36,CTAGATTGCGTCTCTCCGGC,0,3554234
tisBp,0.02702702702702703,36,36,CCCCGATTTGCGTAGACATG,0,3565662
tisBp,0.02702702702702703,36,36,ATAAGTAGACGACGCGTGGT,0,3548251
tisBp,0.02702702702702703,36,36,AGTGTTTGCCCGTACACGCT,0,3558058
tisBp,0.02702702702702703,36,36,AGGTGAGTAACACGAAGATC,0,3573833
tisBp,0.02702702702702703,36,36,AATCCGTGGTAGGCTACCTT,0,3581251
tisBp,0.02702702702702703,36,36,AACGAGGGGAGCCCACCACT,0,3556215
tisBp,0.02702702702702703,36,36,AAACTCCAGGACTAAGAAGA,0,3576110
tisBp,0.02702702702702703,36,36,AAACGCACACAAGCGCATTC,0,3549402
tisBp,0.027777777777777776,35,35,TTGTTGACGTGCTGAAAAGT,0,3593585
tisBp,0.027777777777777776,35,35,TTCGGTTCCGCGTAATGAAC,0,3558045
tisBp,0.027777777777777776,35,35,TTATTGAGGCCCATCTTCTC,0,3556859
tisBp,0.027777777777777776,35,35,TGCTGACAATCAACCGGGCG,0,3593122
tisBp,0.027777777777777776,35,35,TATACGCCACCTGGAGGACA,0,3556911
tisBp,0.027777777777777776,35,35,GTATACTAAGACCAATTCTT,0,3545513
tisBp,0.027777777777777776,35,35,GGTACTGCCAGGTAGGTACA,0,3567467
tisBp,0.027777777777777776,35,35,GGAGGTGTGGTCCCCTGAGG,0,3570169
tisBp,0.027777777777777776,35,35,GCCCCACGATGCATTATCGT,0,3554743
tisBp,0.027777777777777776,35,35,GCAAGCCTCCCTCATCGGGG,0,3543792
tisBp,0.027777777777777776,35,35,GATTGCCTAAAGGGGCCGAA,0,3593104
tisBp,0.027777777777777776,35,35,GATCCAGGTTTGAATCCGGT,0,3567769
tisBp,0.027777777777777776,35,35,GACTTGAACCACTTATTAAA,0,3547509
tisBp,0.027777777777777776,35,35,GAAGGATCATTTCATTCGGA,0,3583874
tisBp,0.027777777777777776,35,35,CTGTGTCGATATAGCCGACC,0,3588232
tisBp,0.027777777777777776,35,35,CTCTACCGAGTAGACAGACA,0,3567152
tisBp,0.027777777777777776,35,35,CCTGGCAACATACGACATGT,0,3564439
tisBp,0.027777777777777776,35,35,CCGATCCAAAAGGCAGGTCC,0,3590568
tisBp,0.027777777777777776,35,35,CCAATTCCTCGGCCACTCAA,0,3589455
tisBp,0.027777777777777776,35,35,ATATACAGAACCTGCTACAT,0,3544152
tisBp,0.027777777777777776,35,35,AGGTGGTTGACAAACGGTTG,0,3592901
tisBp,0.027777777777777776,35,35,ACACTATTGGTAGCTGTGCG,0,3549915
tisBp,0.027777777777777776,35,35,AATCTCCAAAAGGCTGAAAC,0,3559958
tisBp,0.02857142857142857,34,34,TTCGGCACACCTGTGGAGTA,0,3546446
tisBp,0.02857142857142857,34,34,TCAGATGCAGGTACTGTTCT,0,3543751
tisBp,0.02857142857142857,34,34,TACAAACGACCTTTGGCGAT,0,3594664
tisBp,0.02857142857142857,34,34,TAAAGGACTTCGCTGTCAGA,0,3593462
tisBp,0.02857142857142857,34,34,GGAGCCACATGCAAGCGAGG,0,3547514
tisBp,0.02857142857142857,34,34,GGAATCGGATATTGGACTCA,0,3550191
tisBp,0.02857142857142857,34,34,GCTACGGACACTCGGGGCTA,0,3548658
tisBp,0.02857142857142857,34,34,GAGCACTCAAGCGCCAAACA,0,3546714
tisBp,0.02857142857142857,34,34,GACATGGACCAAAGCGGAGT,0,3557580
tisBp,0.02857142857142857,34,34,GAAGTTAGGGCGCGAAGCAG,0,3551744
tisBp,0.02857142857142857,34,34,CTACGACGCAGGCAGAAGAT,0,3568638
tisBp,0.02857142857142857,34,34,CGTCTTCCTGTGGCCATTAT,0,3566702
tisBp,0.02857142857142857,34,34,CGGGGATCTTACCATTGGGA,0,3557983
tisBp,0.02857142857142857,34,34,CGATAGCGGGTTCGATGATA,0,3568316
tisBp,0.02857142857142857,34,34,CCTAAAGGATGATACCGGTA,0,3566136
tisBp,0.02857142857142857,34,34,CCCCGTACGACAGTGCAGCA,0,3552889
tisBp,0.02857142857142857,34,34,CCCAAATAAAGTGCACTGCG,0,3580806
tisBp,0.02857142857142857,34,34,CCACTTTCAACCAGTTAAAA,0,3554193
tisBp,0.02857142857142857,34,34,CATGGTCTGCAAATTTTGAT,0,3575353
tisBp,0.02857142857142857,34,34,CAGTGATGACACTCTGGGAC,0,3591508
tisBp,0.02857142857142857,34,34,ATAGCAGACTCTGCCCTTTA,0,3575645
tisBp,0.02857142857142857,34,34,AGGGAGCTGTTCAAAATCGA,0,3582727
tisBp,0.02857142857142857,34,34,AAGCGGCTGACCTCATCGCT,0,3572530
tisBp,0.029411764705882353,33,33,TTGTATGCATCCGGGGCCGT,0,3589709
tisBp,0.029411764705882353,33,33,TTGGTTCACACATTAGTTCT,0,3582803
tisBp,0.029411764705882353,33,33,TTCGGTACCGCCTTTAAACC,0,3562418
tisBp,0.029411764705882353,33,33,TGTAGTATTACAGACCTACA,0,3591705
tisBp,0.029411764705882353,33,33,TGGCCCTGTTTTACAAGTCT,0,3586047
tisBp,0.029411764705882353,33,33,TCTTCTGATAACAGGTGATG,0,3549946
tisBp,0.029411764705882353,33,33,GTTTCTTGGGGACCCTGTCT,0,3568738
tisBp,0.029411764705882353,33,33,GGGCACAGGGTGTGTCGGCC,0,3550453
tisBp,0.029411764705882353,33,33,GGCGCATCCCTGTGAGGAGA,0,3551431
tisBp,0.029411764705882353,33,33,GCTCTCCGGTGGCTTAGATG,0,3594285
tisBp,0.029411764705882353,33,33,GCTAGATTTGTTCGGTATGT,0,3557108
tisBp,0.029411764705882353,33,33,GAGGGGCCATGCGTTTCGAT,0,3574736
tisBp,0.029411764705882353,33,33,GACTTAAGGCCCGTTCGCGT,0,3567336
tisBp,0.029411764705882353,33,33,GACTCGCCCCTCAGAGCTAG,0,3548918
tisBp,0.029411764705882353,33,33,GACGCGAAAAGTAGGGCGAA,0,3567149
tisBp,0.029411764705882353,33,33,CTGTGGGTGTCCGAATACCA,0,3559179
tisBp,0.029411764705882353,33,33,CGGGGGTACATCGCTTGAGT,0,3560596
tisBp,0.029411764705882353,33,33,CGCGTCACCATAACCACCTA,0,3551350
tisBp,0.029411764705882353,33,33,CAGCTCTTCTAAATAGTAAT,0,3575973
tisBp,0.029411764705882353,33,33,CAACTCATCAGGAAGCAATG,0,3575971
tisBp,0.029411764705882353,33,33,ATTTCCCTAGGTCTTTCTGC,0,3559176
tisBp,0.029411764705882353,33,33,AGTACTGTCATGCCAAGGTA,0,3557078
tisBp,0.029411764705882353,33,33,AGTAACCATTCTACCTTTCA,0,3541549
tisBp,0.029411764705882353,33,33,AGCGCAACTGTTAGATCGGA,0,3558352
tisBp,0.029411764705882353,33,33,ACTTATTCACAATAATGGGA,0,3557954
tisBp,0.029411764705882353,33,33,ACGGACATTCAGTCGAAGGG,0,3575213
tisBp,0.029411764705882353,33,33,ACAGGGATGTGGGCTCAGTC,0,3558157
tisBp,0.029411764705882353,33,33,AATTTGGCAGTCATATGTAA,0,3588448
tisBp,0.029411764705882353,33,33,AACTGGCATATTACTCAGAT,0,3596368
tisBp,0.030303030303030304,32,32,TTTCTGGCACATACGGGGTT,0,3554370
tisBp,0.030303030303030304,32,32,TTAATTGCTAAGCGGGCGCT,0,3543983
tisBp,0.030303030303030304,32,32,TTAATCTTGGGACAGGAGGC,0,3563295
tisBp,0.030303030303030304,32,32,TGGCAGCTAGATTGGCCAAT,0,3550306
tisBp,0.030303030303030304,32,32,TGACGGGCATATTGCTAGTA,0,3574378
tisBp,0.030303030303030304,32,32,TCAATGCGTCTATAAGTGCT,0,3588499
tisBp,0.030303030303030304,32,32,TATAGCGCGAGACCATTAGC,0,3552519
tisBp,0.030303030303030304,32,32,TAGGCAACCGGCTCCCCTGA,0,3556986
tisBp,0.030303030303030304,32,32,GTAAGTCGCGTAGACGCTTG,0,3578543
tisBp,0.030303030303030304,32,32,GGTGGGTTTAGAAAGATAAA,0,3589928
tisBp,0.030303030303030304,32,32,GGTCATCTAGCGGAAACAGG,0,3589789
tisBp,0.030303030303030304,32,32,GGTCAGCATCGGGATAAAAG,0,3561153
tisBp,0.030303030303030304,32,32,GGTATTATGTTTCAGCGGTG,0,3549148
tisBp,0.030303030303030304,32,32,GGGCTGTATGCAATCGCGGC,0,3569892
tisBp,0.030303030303030304,32,32,GGACTCGTTGGGTGCATTGG,0,3548330
tisBp,0.030303030303030304,32,32,GCCGGTAGTTATGATAGCTA,0,3566765
tisBp,0.030303030303030304,32,32,GATGAGTACAGGCTAGAATA,0,3562781
tisBp,0.030303030303030304,32,32,GAGCTCTCCGGAAAAGTGTT,0,3566469
tisBp,0.030303030303030304,32,32,CTTTGAGAGGCGTCGGTGTG,0,3547219
tisBp,0.030303030303030304,32,32,CTGATGCTGCATTAAGGACC,0,3580020
tisBp,0.030303030303030304,32,32,CGGTTGACATCTACTCCACA,0,3560279
tisBp,0.030303030303030304,32,32,CGCGATGTACAACGTCATTA,0,3550918
tisBp,0.030303030303030304,32,32,CGATTCACCCGGCATCGAAA,0,3553096
tisBp,0.030303030303030304,32,32,CGATCGTCTGCTCATCCATT,0,3581136
tisBp,0.030303030303030304,32,32,CGATATTGGATCGGCCGTCT,0,3542079
tisBp,0.030303030303030304,32,32,CCGTAGGGTTGGTTCCCGAC,0,3549214
tisBp,0.030303030303030304,32,32,CCCAGCTTGGTGGGACTTAA,0,3577338
tisBp,0.030303030303030304,32,32,CAGTTCCATTTAATGTTCGA,0,3563057
tisBp,0.030303030303030304,32,32,CAGCCATTTAAACCTTATCG,0,3578073
tisBp,0.030303030303030304,32,32,ATTTACGATCCGCTCCGCAT,0,3584434
tisBp,0.030303030303030304,32,32,ACTCGCCCCGATGTGGATGA,0,3543743
tisBp,0.030303030303030304,32,32,ACCTATGGGAAAGTACTGTC,0,3560148
tisBp,0.030303030303030304,32,32,ACACGTCAGCTCGAGCACAT,0,3552725
tisBp,0.03125,31,31,TGACGCATTTGCCATGTGGG,0,3588197
tisBp,0.03125,31,31,TCTGCTGCCGTTTAGCTCGG,0,3559706
tisBp,0.03125,31,31,TCTATGTCTTCAGGGTGCCT,0,3569344
tisBp,0.03125,31,31,TCTACACGTGTAGATGCAAA,0,3575104
tisBp,0.03125,31,31,GTTACTTGGCTTATGTCCCT,0,3550137
tisBp,0.03125,31,31,GTGGAGTAATTCGGTAAGGC,0,3589125
tisBp,0.03125,31,31,GGTCTACGCTTCCGGGACCA,0,3576180
tisBp,0.03125,31,31,GGCTTCGTGTTACGACGAAC,0,3550620
tisBp,0.03125,31,31,GCCATAGGTTTCGGCTCCGT,0,3569820
tisBp,0.03125,31,31,GACAATAAGACAAGGGTTGT,0,3543159
tisBp,0.03125,31,31,CTCGACATCTGCGCCGGGGT,0,3558953
tisBp,0.03125,31,31,CTCCCGACTGCCAGACCTGC,0,3567477
tisBp,0.03125,31,31,CGTATGTTACTTGGGACGGT,0,3591677
tisBp,0.03125,31,31,CGGCCGATAGCCCGTTATGC,0,3541726
tisBp,0.03125,31,31,CGCCGTGTATGCCTCTACGG,0,3551232
tisBp,0.03125,31,31,CGCCCAAATCAGTTCCAGGA,0,3579813
tisBp,0.03125,31,31,CCGTTAACTTTGGCACATCA,0,3574830
tisBp,0.03125,31,31,CAGTTCTCGAGACCGACCAT,0,3587333
tisBp,0.03125,31,31,CACACTGACTTAATTGGGAT,0,3557915
tisBp,0.03125,31,31,ATTTAAACTTCTCTTCAATG,0,3580024
tisBp,0.03125,31,31,ATTATGAACTCCGGCCTGCG,0,3541799
tisBp,0.03125,31,31,AGTTTAACTCTGGTGGCTCA,0,3557917
tisBp,0.03125,31,31,AGGTCGTGTGGGCCCGGGAC,0,3567155
tisBp,0.03125,31,31,AGGCTGAGACGTAGACTTTG,0,3546593
tisBp,0.03125,31,31,AATGTGTCGTCACATAACCG,0,3580614
tisBp,0.03125,31,31,AAGTTTCCCATAGCCTTCGC,0,3566780
tisBp,0.03225806451612903,30,30,TGGGTTGACAAGAGGCAGCT,0,3554973
tisBp,0.03225806451612903,30,30,TCGGCTACGAACGTTAGTTT,0,3595027
tisBp,0.03225806451612903,30,30,TACTTGTGGCGGTACATTTT,0,3546723
tisBp,0.03225806451612903,30,30,GTGTAAGCCACCCGGAAGTG,0,3586518
tisBp,0.03225806451612903,30,30,GTGAAGCATCGATCCCACCA,0,3596886
tisBp,0.03225806451612903,30,30,GTATAATCGACAACTACGTC,0,3544490
tisBp,0.03225806451612903,30,30,GTACCCAGGCAATTGAAGAA,0,3588012
tisBp,0.03225806451612903,30,30,GGTGCTGCTTGGGTCTCTTG,0,3548678
tisBp,0.03225806451612903,30,30,GGGTACGGCAATGGAGGGCA,0,3569839
tisBp,0.03225806451612903,30,30,GCAGTCTAATAGACGGCCAG,0,3573368
tisBp,0.03225806451612903,30,30,GATGGTGCGGGAAGGATTCG,0,3579806
tisBp,0.03225806451612903,30,30,GATGCGTAGCAGACGAATGT,0,3549048
tisBp,0.03225806451612903,30,30,GAGTGAGCAAGTGATCTGTC,0,3596537
tisBp,0.03225806451612903,30,30,GAGCTATTGCTGGTAATTCT,0,3579763
tisBp,0.03225806451612903,30,30,GACGACTCCTCACGGCATCG,0,3553418
tisBp,0.03225806451612903,30,30,CTTCATCGTGAATCTGGTCG,0,3565071
tisBp,0.03225806451612903,30,30,CTGGTCGTATGTCCCGTTCA,0,3554207
tisBp,0.03225806451612903,30,30,CTCTCCTACCGTTCGTAGAT,0,3581282
tisBp,0.03225806451612903,30,30,CTCGTGGAGTAAGACGTTAT,0,3546903
tisBp,0.03225806451612903,30,30,CGAGTAAGATGACTTGCAAT,0,3560932
tisBp,0.03225806451612903,30,30,CGAGCAGTCTGTTACCTGAT,0,3571815
tisBp,0.03225806451612903,30,30,AGCCGGCGAGATGGGGACCA,0,3573442
tisBp,0.03225806451612903,30,30,AGCAATAGGAGCGATGATAT,0,3567400
tisBp,0.03225806451612903,30,30,ACTGCACGATTCTTGTTGCT,0,3580200
tisBp,0.03225806451612903,30,30,ACTCTGTGATACGAGAGCGC,0,3542475
tisBp,0.03225806451612903,30,30,ACCGCCCCGGCGTAAGACGA,0,3559524
tisBp,0.03225806451612903,30,30,ACCCGGCCGGGACCTATTGT,0,3584470
tisBp,0.03225806451612903,30,30,AAGAGCAGCTATTGCGCCGG,0,3546302
tisBp,0.03225806451612903,30,30,AACCCTCCCACGCTGCACCC,0,3549225
tisBp,0.03333333333333333,29,29,TTTTTTTTGGACGTAGCTAT,0,3570981
tisBp,0.03333333333333333,29,29,TTGGCCAAAACATCAACCTA,0,3556087
tisBp,0.03333333333333333,29,29,TTGGACCGGAATACTTACTG,0,3550425
tisBp,0.03333333333333333,29,29,TTCTAAAGGTTCAGCTTTAT,0,3585201
tisBp,0.03333333333333333,29,29,TGTTGTATAAACTGGATCTA,0,3563362
tisBp,0.03333333333333333,29,29,TGGATAAGATGCCCTACGTC,0,3556463
tisBp,0.03333333333333333,29,29,TGGAGGGAACAGGCCCTTCG,0,3549860
tisBp,0.03333333333333333,29,29,TGACTATGTGCGTCAGCGTC,0,3571247
tisBp,0.03333333333333333,29,29,TCTTGTATCCACGGTTACGG,0,3568036
tisBp,0.03333333333333333,29,29,TCAGGCAGCCCGCACAAATA,0,3569955
tisBp,0.03333333333333333,29,29,TCAATTCTCGGGAAAAGTTA,0,3546635
tisBp,0.03333333333333333,29,29,TACAAACGTTGCCTAAGTCT,0,3570759
tisBp,0.03333333333333333,29,29,GTTTGTTCGGGTTGGTGAAC,0,3561086
tisBp,0.03333333333333333,29,29,GTCTCTATCGATTGTTCTTT,0,3550737
tisBp,0.03333333333333333,29,29,GGTTTTCGCAATCATCCGAC,0,3541804
tisBp,0.03333333333333333,29,29,GGTCGGGTCTCAAAGTTTGT,0,3589413
tisBp,0.03333333333333333,29,29,GGTCGGAGGTTCTACTCTTC,0,3544271
tisBp,0.03333333333333333,29,29,GGCGCATGGACATGAATCCA,0,3553060
tisBp,0.03333333333333333,29,29,GGACAGTGGTGTCCGGGGAC,0,3546461
tisBp,0.03333333333333333,29,29,GCTCATAGGATTCACCATTT,0,3556168
tisBp,0.03333333333333333,29,29,GCTCATAGACTTGCGTGAAA,0,3597253
tisBp,0.03333333333333333,29,29,GCCGCGTATCCCCTAGGAAT,0,3600336
tisBp,0.03333333333333333,29,29,GCAGCTGGGATCACCCCGAG,0,3600007
tisBp,0.03333333333333333,29,29,GATTTTTTGCTCCCGGACTG,0,3579486
tisBp,0.03333333333333333,29,29,GATCAGAATGCGACTAAAGT,0,3554273
tisBp,0.03333333333333333,29,29,GACCAGTGGCTAAGGATTGA,0,3581094
tisBp,0.03333333333333333,29,29,CTGGATTCAGAAAATCATAT,0,3573867
tisBp,0.03333333333333333,29,29,CTCACAGCGGTTTACCAAAA,0,3592757
tisBp,0.03333333333333333,29,29,CGCTTTGCAACCAGGATCAC,0,3574920
tisBp,0.03333333333333333,29,29,CGCGTAAAAGTGGAAGCGTC,0,3564383
tisBp,0.03333333333333333,29,29,CCTTGCACGCAGACCTTTGC,0,3568270
tisBp,0.03333333333333333,29,29,CCGTGTACGGGTGTCGGGTC,0,3579815
tisBp,0.03333333333333333,29,29,CCCTTTCAGAGTCATAAGAA,0,3581689
tisBp,0.03333333333333333,29,29,CATAGTGAGGAAAGGCGCGT,0,3578792
tisBp,0.03333333333333333,29,29,CATACGTGGGCCAAGTGGAA,0,3542388
tisBp,0.03333333333333333,29,29,CATACATGGGCTCCAAGGTA,0,3572301
tisBp,0.03333333333333333,29,29,CAGAACCTAAGCAGGGCCAA,0,3551689
tisBp,0.03333333333333333,29,29,CACGTGGCGACACACACGGA,0,3550850
tisBp,0.03333333333333333,29,29,ATTTTCGTACTCCTAGTTCC,0,3581984
tisBp,0.03333333333333333,29,29,ATGTTTGAATTGGATGCGGC,0,3599748
tisBp,0.03333333333333333,29,29,ATCGTACTTTAGAACGTTTG,0,3581390
tisBp,0.03333333333333333,29,29,AGTAGAAGTAGGAAAAGTGC,0,3544497
tisBp,0.03333333333333333,29,29,AGATGTCCGTCACAGCATTT,0,3564972
tisBp,0.03333333333333333,29,29,ACGACGCGATAGTTGTAAGG,0,3551082
tisBp,0.03333333333333333,29,29,ACCCCGTCAATAATCTTCTG,0,3545096
tisBp,0.03333333333333333,29,29,AATTGCACACGCGCGGGCGT,0,3558789
tisBp,0.03333333333333333,29,29,AAGGCAGATGATACCGACTG,0,3590200
tisBp,0.034482758620689655,28,28,TTGCCGATGGCCTACCTTAC,0,3549050
tisBp,0.034482758620689655,28,28,TGGGATGCTTGTCTAGAGCA,0,3553883
tisBp,0.034482758620689655,28,28,TGACTACCATCTGTTGCATT,0,3565093
tisBp,0.034482758620689655,28,28,TCTCGCTGGCTTTCCGGCCG,0,3583169
tisBp,0.034482758620689655,28,28,TCGGACCTATCCGCCATGCG,0,3576217
tisBp,0.034482758620689655,28,28,TCGCGTCGTCTTTTGTCAAC,0,3563469
tisBp,0.034482758620689655,28,28,TCGATCAACCCTTGAATAAC,0,3564778
tisBp,0.034482758620689655,28,28,TCCCGCTATCCGGTGTTTTG,0,3586419
tisBp,0.034482758620689655,28,28,TCCCGACCCTGCTTTGGTCT,0,3590415
tisBp,0.034482758620689655,28,28,TATAAGTGGGTCCAGTCCGA,0,3556932
tisBp,0.034482758620689655,28,28,TACACCACGTGTCATGCCTC,0,3573035
tisBp,0.034482758620689655,28,28,GTTGACCCTCCTAACTCAGG,0,3577495
tisBp,0.034482758620689655,28,28,GTGGACATTTTTCAGCGACA,0,3554605
tisBp,0.034482758620689655,28,28,GTGCATGTTTTGCTCATTCC,0,3584877
tisBp,0.034482758620689655,28,28,GTCCAACCGAACCCTCTGTA,0,3556348
tisBp,0.034482758620689655,28,28,GTAGCAGGACAGGCAGTACA,0,3562596
tisBp,0.034482758620689655,28,28,GGGTTAGACTAAATGGGTCG,0,3589860
tisBp,0.034482758620689655,28,28,GGGGTGAAAAACCTCATGGT,0,3553126
tisBp,0.034482758620689655,28,28,GGCTAATTTCAAAATCACGG,0,3599716
tisBp,0.034482758620689655,28,28,GGCGTGCGCTAGCATTTGTG,0,3591940
tisBp,0.034482758620689655,28,28,GGCGCTACACAACGGTAAGG,0,3552517
tisBp,0.034482758620689655,28,28,GGCAACGTATCCGGATTTCC,0,3550046
tisBp,0.034482758620689655,28,28,GGACGTCATTATTTAGATCA,0,3559236
tisBp,0.034482758620689655,28,28,GCGTAGACGGAACCGATATG,0,3564629
tisBp,0.034482758620689655,28,28,GCGGCTGGAATGGAACTTGA,0,3567986
tisBp,0.034482758620689655,28,28,GATTACGACAGCGGAATTAT,0,3569389
tisBp,0.034482758620689655,28,28,GATATGAATTAGGTTATTTT,0,3559663
tisBp,0.034482758620689655,28,28,CTTTGACATTCAACCAGCCA,0,3581828
tisBp,0.034482758620689655,28,28,CTTGATGGGTACTAGTGTAT,0,3559715
tisBp,0.034482758620689655,28,28,CTATGAATCGGGTACGATGT,0,3561845
tisBp,0.034482758620689655,28,28,CTATCCTTTCTTACCGGCTT,0,3547997
tisBp,0.034482758620689655,28,28,CTAACCCGGGGGCGCTAGAT,0,3576111
tisBp,0.034482758620689655,28,28,CTAACAGCGCGTGACGAACT,0,3558305
tisBp,0.034482758620689655,28,28,CGTCTCTGCTAATCAGCTTT,0,3572619
tisBp,0.034482758620689655,28,28,CGGTGGGATCACAGAAGGTC,0,3599123
tisBp,0.034482758620689655,28,28,CGGAATCCTGCATGAGTCCT,0,3559702
tisBp,0.034482758620689655,28,28,CGCCGATCGAAATGCGACGT,0,3580842
tisBp,0.034482758620689655,28,28,CCTTTCAGGACGCAGCCGCG,0,3586453
tisBp,0.034482758620689655,28,28,CCTGGCTCTCATGCATTCTA,0,3564059
tisBp,0.034482758620689655,28,28,CCTGCGTTTACGTAAAGAGA,0,3569387
tisBp,0.034482758620689655,28,28,CCTCAATAACAGAGATGGTC,0,3582497
tisBp,0.034482758620689655,28,28,CCGGTCCTATCTTGCGGAGC,0,3546597
tisBp,0.034482758620689655,28,28,CCCTCGCCTCTGCGTCTGGG,0,3550121
tisBp,0.034482758620689655,28,28,CAGTACTACGGAGTCGGGCA,0,3591149
tisBp,0.034482758620689655,28,28,CAGCGAGATGCGTTGGAGGT,0,3554920
tisBp,0.034482758620689655,28,28,CAGATTCTCTACCACATAGT,0,3591299
tisBp,0.034482758620689655,28,28,ATGGCTGTTGTTACTCTTTG,0,3547138
tisBp,0.034482758620689655,28,28,ATCCATACTATGATGCGCCG,0,3570350
tisBp,0.034482758620689655,28,28,AGGATGCTAGAGTGGAATTC,0,3584506
tisBp,0.034482758620689655,28,28,ACGATCTGATTAGACGCCAC,0,3548884
tisBp,0.034482758620689655,28,28,ACATCTCGTACAGTTTGATA,0,3585417
tisBp,0.034482758620689655,28,28,AACTAGACGCGTTCATCGTG,0,3580689
tisBp,0.034482758620689655,28,28,AACATTGCCAATCCCGCAGA,0,3580726
tisBp,0.03571428571428571,27,27,TTTGGGCTCACGTCCTGCTA,0,3594589
tisBp,0.03571428571428571,27,27,TTTATACCGGTTGTCCGCGC,0,3550029
tisBp,0.03571428571428571,27,27,TTAAATACTGAACTTTCATC,0,3589494
tisBp,0.03571428571428571,27,27,TGTTCAGCCCAGCACGTTCA,0,3574218
tisBp,0.03571428571428571,27,27,TGTGCACCAGGGATAGAACT,0,3586149
tisBp,0.03571428571428571,27,27,TGTCCAGAAAGCTACCGCAA,0,3563672
tisBp,0.03571428571428571,27,27,TGCGGTCTACGGGTGTAATA,0,3578546
tisBp,0.03571428571428571,27,27,TGCCCGTGATGGCCGCTATA,0,3546503
tisBp,0.03571428571428571,27,27,TGCATCAATTATTTCTGCAT,0,3544075
tisBp,0.03571428571428571,27,27,TCTCATATGCCTCCGTGCAT,0,3548826
tisBp,0.03571428571428571,27,27,TCCTCCGATACTAATTAGAA,0,3550120
tisBp,0.03571428571428571,27,27,TCCATACTAGCCGAGCTGCC,0,3576543
tisBp,0.03571428571428571,27,27,TACGTACACGGGGTTGGGCT,0,3564497
tisBp,0.03571428571428571,27,27,TACAGGGGTAACAAGGGGTC,0,3547764
tisBp,0.03571428571428571,27,27,GTTACGATCGTCCCGAGTCA,0,3591491
tisBp,0.03571428571428571,27,27,GTGCTTTCGAGACTCCGAAC,0,3553729
tisBp,0.03571428571428571,27,27,GTCAGGACGGGCGCACGCCT,0,3542514
tisBp,0.03571428571428571,27,27,GTACGTCTGACAAAGGTCCA,0,3564311
tisBp,0.03571428571428571,27,27,GTAAGGGTCAGCCCTGGGAT,0,3564969
tisBp,0.03571428571428571,27,27,GGGGCCTATACGCCCCATTA,0,3572152
tisBp,0.03571428571428571,27,27,GGCAGTGCAGCGGCCCCCTC,0,3549797
tisBp,0.03571428571428571,27,27,GGACGTTAGATAGCATTCAT,0,3567328
tisBp,0.03571428571428571,27,27,GCGGAAGGCTGTCGTACGAC,0,3588712
tisBp,0.03571428571428571,27,27,GCAGAGTGACTGTAGGACCA,0,3594881
tisBp,0.03571428571428571,27,27,GCAAGTCAGCGGCATTCAAT,0,3590291
tisBp,0.03571428571428571,27,27,GATTCTCGCTGTGGACGTTA,0,3575771
tisBp,0.03571428571428571,27,27,GACTTCCTTCGTGTTACTTA,0,3554132
tisBp,0.03571428571428571,27,27,GACATCCTGCCCAAGACGTC,0,3566763
tisBp,0.03571428571428571,27,27,CTTTCTGGATACCATAAGTG,0,3542433
tisBp,0.03571428571428571,27,27,CTGTCGGCCTAGTTGATAGT,0,3565910
tisBp,0.03571428571428571,27,27,CTGCCGACATCCGGACCATT,0,3560317
tisBp,0.03571428571428571,27,27,CTGCAGAATCCCCTGCTTTT,0,3564592
tisBp,0.03571428571428571,27,27,CTGACCAAACTGAGTACTCC,0,3548136
tisBp,0.03571428571428571,27,27,CTGACAAAAGTAACAGTATT,0,3588115
tisBp,0.03571428571428571,27,27,CTCGGAAACCACGAGGCAAG,0,3601059
tisBp,0.03571428571428571,27,27,CGGAGTAATGCTTAGTCACA,0,3556103
tisBp,0.03571428571428571,27,27,CGGAGGTGTAGTGGCAATCT,0,3578710
tisBp,0.03571428571428571,27,27,CGCTGTCTGGGATTTGGTTC,0,3571048
tisBp,0.03571428571428571,27,27,CGCCTAAGACATAAAACCTT,0,3570806
tisBp,0.03571428571428571,27,27,CGAGGCGAATAAGCCTTAGT,0,3601658
tisBp,0.03571428571428571,27,27,CGACGAGCTCATCCCAACCA,0,3587339
tisBp,0.03571428571428571,27,27,CGAAGATGTGGGGTAGCGGA,0,3566219
tisBp,0.03571428571428571,27,27,CCGGGCAGGCATTAAATGGT,0,3570719
tisBp,0.03571428571428571,27,27,CCATTACTAGACCCAGGCGA,0,3545735
tisBp,0.03571428571428571,27,27,CACTGCTACTCGTCGTAAGT,0,3585931
tisBp,0.03571428571428571,27,27,CAATCTTCGCGGGACGTCGG,0,3545215
tisBp,0.03571428571428571,27,27,CAAGGGGGAACAGAAGTTAG,0,3549398
tisBp,0.03571428571428571,27,27,ATGTTAAGGAGGGGCTCAGT,0,3602670
tisBp,0.03571428571428571,27,27,ATGGGATGAGGATTCCTGCA,0,3595172
tisBp,0.03571428571428571,27,27,AGTAGGGGGAGTTCTTAAGG,0,3569863
tisBp,0.03571428571428571,27,27,AGTAGCCGGCATAACTCTCG,0,3565224
tisBp,0.03571428571428571,27,27,AGGCTCAAGTTGTAAATTCT,0,3548803
tisBp,0.03571428571428571,27,27,AGGCGAACGGCGAGGGTCTG,0,3543709
tisBp,0.03571428571428571,27,27,AGCCAGCGTGGGGTGTGAAG,0,3594754
tisBp,0.03571428571428571,27,27,ACTTAAACAGCTCACCGCAT,0,3559712
tisBp,0.03571428571428571,27,27,ACGAGTAAGGTGACTACACA,0,3550702
tisBp,0.03571428571428571,27,27,AAGTTCACTACTACCGTAAT,0,3556314
tisBp,0.03571428571428571,27,27,AAGTGTGGAAACGAATGCGT,0,3543540
tisBp,0.03571428571428571,27,27,AACTTGAAAATTTACAAAAT,0,3554281
tisBp,0.03571428571428571,27,27,AACGCTACTTCTTAGTCAGT,0,3570470
tisBp,0.037037037037037035,26,26,TTTATACTTCCACATGAGTA,0,3554766
tisBp,0.037037037037037035,26,26,TTGGAGAATACGGGAGTCAT,0,3577548
tisBp,0.037037037037037035,26,26,TTGCGGTTACTCCAGGCAGG,0,3561554
tisBp,0.037037037037037035,26,26,TTAATTACGAGGCCACCATA,0,3551841
tisBp,0.037037037037037035,26,26,TGTAATGCATATATTAGGAA,0,3542305
tisBp,0.037037037037037035,26,26,TGGTTCATACGACCACGCAA,0,3557144
tisBp,0.037037037037037035,26,26,TGGTTAAAAGCGGGGTTTGA,0,3568740
tisBp,0.037037037037037035,26,26,TGGTAATGCTTCCGAGACGG,0,3579426
tisBp,0.037037037037037035,26,26,TGGGGTACTATTTCAGTAGA,0,3602265
tisBp,0.037037037037037035,26,26,TGCTCGGGATAGGGTGTAGT,0,3548753
tisBp,0.037037037037037035,26,26,TGCGAGTGGGACCTGGCGTA,0,3585468
tisBp,0.037037037037037035,26,26,TGACGTGACCCTGGCAACTA,0,3545567
tisBp,0.037037037037037035,26,26,TGAAATAGTCCAAAGCCGAA,0,3556921
tisBp,0.037037037037037035,26,26,TCAACTCGCCTACGGTAAAG,0,3546454
tisBp,0.037037037037037035,26,26,TATAGGCACACCCGGTGGAT,0,3563149
tisBp,0.037037037037037035,26,26,TAAACCGTCGGTTTTCGCCA,0,3554825
tisBp,0.037037037037037035,26,26,GTGGGGCTTAGACGTACGAT,0,3552553
tisBp,0.037037037037037035,26,26,GTCCATCGAAGTTGGACCTT,0,3587031
tisBp,0.037037037037037035,26,26,GGTACTGGTTCATAGGAGGA,0,3569483
tisBp,0.037037037037037035,26,26,GGCTCAGGGACAACGATCGT,0,3546763
tisBp,0.037037037037037035,26,26,GGAGGGGGTGCGGAGGAGAA,0,3568720
tisBp,0.037037037037037035,26,26,GGAACGTGTTGAGCATGATG,0,3587531
tisBp,0.037037037037037035,26,26,GCGCAGTTGCAATCGAACCA,0,3553615
tisBp,0.037037037037037035,26,26,GCCTCCACAATGAGGTCTAT,0,3560126
tisBp,0.037037037037037035,26,26,GCAAAGGTAGGCAAACTGTA,0,3576558
tisBp,0.037037037037037035,26,26,GATACCTGCGACCGTCCTAG,0,3567556
tisBp,0.037037037037037035,26,26,GAGTAGAATTGCCCTTCGTA,0,3549891
tisBp,0.037037037037037035,26,26,GAGGGCAACTTGGTTATAGA,0,3552294
tisBp,0.037037037037037035,26,26,GAATCAGGTGTACCGCGTCA,0,3583639
tisBp,0.037037037037037035,26,26,GAAGTGGACTTAACGTCGGA,0,3600520
tisBp,0.037037037037037035,26,26,CTTTTCACTCGATCGCCTCA,0,3581722
tisBp,0.037037037037037035,26,26,CTTAGTGCCTTCGGCCTGGT,0,3590453
tisBp,0.037037037037037035,26,26,CTATATATTACTATACACTT,0,3569529
tisBp,0.037037037037037035,26,26,CTAAGTCAACGCGTCAATTC,0,3572587
tisBp,0.037037037037037035,26,26,CGTATCAGCAGTCAGGTTTT,0,3546009
tisBp,0.037037037037037035,26,26,CGTAGGGGGACAATGCATTC,0,3555874
tisBp,0.037037037037037035,26,26,CGGGCCTTGCGGGGGTAGGC,0,3567379
tisBp,0.037037037037037035,26,26,CGGACGTGGAACCAGTAAGA,0,3554956
tisBp,0.037037037037037035,26,26,CGCGCACATTGCATCGTTAA,0,3575694
tisBp,0.037037037037037035,26,26,CGCAAAGGTAATCATTCTGA,0,3582797
tisBp,0.037037037037037035,26,26,CCTATCGAGCATGTTAGCCT,0,3542598
tisBp,0.037037037037037035,26,26,CCTAATGGACTCTCACTCGT,0,3572122
tisBp,0.037037037037037035,26,26,CCGTCTGCAGCGGGTATTGC,0,3581987
tisBp,0.037037037037037035,26,26,CCCGACACTTTTAGTGATAG,0,3564526
tisBp,0.037037037037037035,26,26,CAGTGTCCTCCTAAAGCGCA,0,3566712
tisBp,0.037037037037037035,26,26,CAGTATAGAGGTATCAATGC,0,3577770
tisBp,0.037037037037037035,26,26,CACGCGATGGGATCCGGGCT,0,3598804
tisBp,0.037037037037037035,26,26,CAAACGTATTCAAGTGCCGA,0,3547989
tisBp,0.037037037037037035,26,26,ATTGCGGGCCAAAGTCTATC,0,3573115
tisBp,0.037037037037037035,26,26,ATGTTGCATCCTTAGCTCGT,0,3545853
tisBp,0.037037037037037035,26,26,ATGCAGGCGACTAAGGTCGT,0,3554195
tisBp,0.037037037037037035,26,26,ATCATGAGTAGAACAGGAAC,0,3574301
tisBp,0.037037037037037035,26,26,ATATGAACTCTCAGAACATT,0,3594373
tisBp,0.037037037037037035,26,26,AGTGCCGCAATAGCGGATGT,0,3543356
tisBp,0.037037037037037035,26,26,AGTCGAGTGAGGAAGGTTAT,0,3587516
tisBp,0.037037037037037035,26,26,AGTCACGGCCTTTCGATGGC,0,3580754
tisBp,0.037037037037037035,26,26,AGGGCAATCTCCGCGGGGAG,0,3583992
tisBp,0.037037037037037035,26,26,AGGCCCGGGGCCTCATACAA,0,3565216
tisBp,0.037037037037037035,26,26,AAAGTTCTGATAGCTCCATT,0,3600454
tisBp,0.038461538461538464,25,25,TTTAGCACGGAAAGGTCCAA,0,3594968
tisBp,0.038461538461538464,25,25,TGTTCGAGGGTTTGCTCCCA,0,3585356
tisBp,0.038461538461538464,25,25,TGTCGCGGGGGTGGTCTGTC,0,3591771
tisBp,0.038461538461538464,25,25,TGTCATGGTTAGGTTGGCAA,0,3542685
tisBp,0.038461538461538464,25,25,TGGGCTTAGTCTTATTATTA,0,3595044
tisBp,0.038461538461538464,25,25,TGCGGCGGTCTGTACTGCTC,0,3567776
tisBp,0.038461538461538464,25,25,TCTGGGATAATACCCCCCGC,0,3566025
tisBp,0.038461538461538464,25,25,TCGGGGTGGGCCTACTGGAT,0,3598589
tisBp,0.038461538461538464,25,25,TCCATCAGTACCGCTGGCGA,0,3541400
tisBp,0.038461538461538464,25,25,TCAGAGTTTGGAGAGTGGAT,0,3578187
tisBp,0.038461538461538464,25,25,TCACTGTTCCCGATCTGGAC,0,3580077
tisBp,0.038461538461538464,25,25,TATTGAGATACGTATGAGGT,0,3568889
tisBp,0.038461538461538464,25,25,TATTAAAGCTGCTTATCATA,0,3578113
tisBp,0.038461538461538464,25,25,TATAAGTTTTTTTATCGTGC,0,3555881
tisBp,0.038461538461538464,25,25,TAGGGATGTGGCTGAAAGCC,0,3543389
tisBp,0.038461538461538464,25,25,TACCCAATTACACAGGATAG,0,3558434
tisBp,0.038461538461538464,25,25,TACACGTCAGGGCTAGCAAG,0,3586486
tisBp,0.038461538461538464,25,25,TAAAGACCTCTGCGCAGAGC,0,3545752
tisBp,0.038461538461538464,25,25,GTTAGCGAGCTGCGCGATGC,0,3587505
tisBp,0.038461538461538464,25,25,GTGAGCATATGTTCGCTTGG,0,3562350
tisBp,0.038461538461538464,25,25,GTGACCTGTTGTTGGCTGCC,0,3555822
tisBp,0.038461538461538464,25,25,GTCCGTCTAGCGAAAGCATG,0,3562717
tisBp,0.038461538461538464,25,25,GTACCGGTTGACTTTTCGTT,0,3548259
tisBp,0.038461538461538464,25,25,GGTTGGTCGTCATTGGGTTC,0,3568044
tisBp,0.038461538461538464,25,25,GGCATGCTCACGCTAAGGTA,0,3550202
tisBp,0.038461538461538464,25,25,GGAGACGATCGTTACACCTA,0,3565012
tisBp,0.038461538461538464,25,25,GGACCGCGTCTTGGTGCACT,0,3580190
tisBp,0.038461538461538464,25,25,GGAACATCCTTAAATGAGAC,0,3542432
tisBp,0.038461538461538464,25,25,GCTGTGAGTTGTGCAAATTA,0,3547363
tisBp,0.038461538461538464,25,25,GCTGGTGTTTAGATGCACTT,0,3547285
tisBp,0.038461538461538464,25,25,GCTGATGCCTGAAACAACCC,0,3576938
tisBp,0.038461538461538464,25,25,GCTATGATGTACATTCGATT,0,3597538
tisBp,0.038461538461538464,25,25,GCTATAATCAATGTAGACAG,0,3579703
tisBp,0.038461538461538464,25,25,GCGCAGGTATACCCCAACAA,0,3581788
tisBp,0.038461538461538464,25,25,GCCCCTTCAACGTAGGAGAG,0,3598378
tisBp,0.038461538461538464,25,25,GCATAATTACTTGGGGAGTA,0,3576806
tisBp,0.038461538461538464,25,25,GAAACGCGTCTGAGTTTTTG,0,3543740
tisBp,0.038461538461538464,25,25,CTTTTGGGGCGGTTCTGCGT,0,3585681
tisBp,0.038461538461538464,25,25,CTCTCCTCCTGGTGAGAATA,0,3561000
tisBp,0.038461538461538464,25,25,CTCGGCAGACTGTATACTCG,0,3547518
tisBp,0.038461538461538464,25,25,CTCGCGTACGCTGTCCATCG,0,3589715
tisBp,0.038461538461538464,25,25,CTACGTCCTGTTCGCATCGC,0,3567719
tisBp,0.038461538461538464,25,25,CGGGCAACACTTTAAGCAAT,0,3555554
tisBp,0.038461538461538464,25,25,CGGACAAGTGGGGACGTCTA,0,3598373
tisBp,0.038461538461538464,25,25,CGCTAAGGAAATCTCAGCTG,0,3592010
tisBp,0.038461538461538464,25,25,CGCAGGTATTTGGGTCAATG,0,3544401
tisBp,0.038461538461538464,25,25,CGAGTTCGGGAATAGTAAGG,0,3573172
tisBp,0.038461538461538464,25,25,CGAACAATCGTACAATGACG,0,3544399
tisBp,0.038461538461538464,25,25,CCGTCCGGCTTTCGACGGTG,0,3557123
tisBp,0.038461538461538464,25,25,CCGCTGGCACCTGAAAGGGA,0,3555666
tisBp,0.038461538461538464,25,25,CCCTCGATTAACGCGGGAGA,0,3582217
tisBp,0.038461538461538464,25,25,CCCGGGTCGCCAACAAGATA,0,3596213
tisBp,0.038461538461538464,25,25,CCCGGGATCTCGCGCATGAA,0,3591422
tisBp,0.038461538461538464,25,25,CATCCCAACGCGCACAAGAG,0,3577146
tisBp,0.038461538461538464,25,25,CATAGAGATGGAAAGCTTGG,0,3576547
tisBp,0.038461538461538464,25,25,CATAACTATAAACGAGCCGA,0,3548959
tisBp,0.038461538461538464,25,25,CAGGGGCTAAGCCAGGGTCG,0,3543078
tisBp,0.038461538461538464,25,25,CAGCACGGTAGCTAGCGAGG,0,3544635
tisBp,0.038461538461538464,25,25,CACTGAAGATGGATCGTACT,0,3570291
tisBp,0.038461538461538464,25,25,CAAGATAGCCACCTCCGCTT,0,3593183
tisBp,0.038461538461538464,25,25,ATGTTGCTGTTGGTTCTCAG,0,3555891
tisBp,0.038461538461538464,25,25,ATGGTGGTCCGCCGATTCAA,0,3559725
tisBp,0.038461538461538464,25,25,ATCACGAGCTAAACCCTGTG,0,3595667
tisBp,0.038461538461538464,25,25,AGGGTTTTCCGGTTTACTCG,0,3565866
tisBp,0.038461538461538464,25,25,AGGCCAGCGGAAAGTGGATT,0,3580808
tisBp,0.038461538461538464,25,25,AGCTTGGATGCTGGGCCGGA,0,3543910
tisBp,0.038461538461538464,25,25,ACTGGCCCCCTCCCTTTATG,0,3579543
tisBp,0.038461538461538464,25,25,ACAGGTCATCGCAATCGTCG,0,3557028
tisBp,0.038461538461538464,25,25,ACAAATATGCCAATCAGGAT,0,3542172
tisBp,0.038461538461538464,25,25,AAGGTTGGTTCTGCCGTGTT,0,3563475
tisBp,0.038461538461538464,25,25,AAGCCGGATTTTCCCTCACT,0,3543718
tisBp,0.038461538461538464,25,25,AAGATTGGCTAACTTTACTA,0,3562351
tisBp,0.038461538461538464,25,25,AAGATGGATGGGTGGAGTAA,0,3561725
tisBp,0.038461538461538464,25,25,AACCACGTGTACTTGAAAGA,0,3561752
tisBp,0.04,24,24,TTGGGGGCTAATAGGACTCT,0,3552756
tisBp,0.04,24,24,TTGGAAAAGAGCTAAGAACA,0,3548157
tisBp,0.04,24,24,TTGAGGGATCACGTCTAATC,0,3555463
tisBp,0.04,24,24,TTGAATACCAACCCGCGCAT,0,3542032
tisBp,0.04,24,24,TTGAAAAGACAGCACGATAC,0,3566491
tisBp,0.04,24,24,TTCCGGTATATTGGTGAATG,0,3576493
tisBp,0.04,24,24,TGTGTTGAATTCAACGGGAA,0,3563338
tisBp,0.04,24,24,TGTCTAAAGAGTGTCCTATC,0,3574183
tisBp,0.04,24,24,TGGACGTTCGATCGTACTCT,0,3581099
tisBp,0.04,24,24,TGGAATTGCTTCGTAAGGCA,0,3581509
tisBp,0.04,24,24,TCTATTCGAGGGGCGCGCTG,0,3572300
tisBp,0.04,24,24,TCTACTGCTCCTGTCAGTTC,0,3583305
tisBp,0.04,24,24,TCGTACGGTACAAATAGGCT,0,3545289
tisBp,0.04,24,24,TCGACGAGATTAGGTATGTA,0,3551919
tisBp,0.04,24,24,TCCTCATCCGGCTTTAGAAG,0,3599856
tisBp,0.04,24,24,TCCCTCGTCGGAAGGGCAGA,0,3542803
tisBp,0.04,24,24,TCATCTACCCGTGTTTTTTT,0,3565272
tisBp,0.04,24,24,TAACGTTGCGGTCTTGTTAT,0,3591573
tisBp,0.04,24,24,GTTTTTTAGGGCCATGGTGT,0,3585578
tisBp,0.04,24,24,GTTTGAACCCAGTATGCCTT,0,3556166
tisBp,0.04,24,24,GTGTTGCCCAACGTGTACGC,0,3576001
tisBp,0.04,24,24,GTGATGTGATTTCATAGAGT,0,3594745
tisBp,0.04,24,24,GTCCGTGAGTCTATCGTTAA,0,3550455
tisBp,0.04,24,24,GTAAACACACTGGTTGTATG,0,3561229
tisBp,0.04,24,24,GGTTAGACCTCCAAATGGGA,0,3552229
tisBp,0.04,24,24,GGGGATTCCCTTGAACCAGT,0,3559731
tisBp,0.04,24,24,GGGCGAACGAGCACCTTCGA,0,3575384
tisBp,0.04,24,24,GGCACGGCCAACCCTTATAT,0,3573414
tisBp,0.04,24,24,GGAAAGATGGGGTATCAGAT,0,3600019
tisBp,0.04,24,24,GCGGTTTAGAGGTACAAGTT,0,3551076
tisBp,0.04,24,24,GCACGTTCACGTCCGGGTCT,0,3546083
tisBp,0.04,24,24,GAAGAAACAGATATGTATTA,0,3571169
tisBp,0.04,24,24,GAACACAGAGCTCGCCCCGT,0,3546581
tisBp,0.04,24,24,CTTGGGTCCCCGGATGAATC,0,3559219
tisBp,0.04,24,24,CTGGTGATCGAACTGGCTAA,0,3588369
tisBp,0.04,24,24,CTGCGTCATATTCGTGGTCG,0,3599276
tisBp,0.04,24,24,CTCAACATTCTAGCGACGGT,0,3569217
tisBp,0.04,24,24,CTAGCGACATCCGGGAGGTA,0,3569824
tisBp,0.04,24,24,CTAATGGACATCTTCATAGG,0,3572129
tisBp,0.04,24,24,CGTTCATCGTGCGCGGTATT,0,3547644
tisBp,0.04,24,24,CGTGGTGGGATTGGGTTCTT,0,3553281
tisBp,0.04,24,24,CGTCGCGGAAAATACTGTGT,0,3569390
tisBp,0.04,24,24,CGGGGGGGTAACCTAGCGTT,0,3585413
tisBp,0.04,24,24,CGGGCGAAGGAGGATCCAGT,0,3541944
tisBp,0.04,24,24,CGCTCCCCTGGGACACGTAG,0,3546022
tisBp,0.04,24,24,CGCTAGCAAGAGGCGTTTCT,0,3583690
tisBp,0.04,24,24,CCTGATTGCGAGAAAGGGCT,0,3557702
tisBp,0.04,24,24,CCTCGGGTATCAAAGGCCAC,0,3541566
tisBp,0.04,24,24,CCGATGCACCGTATGGTCAT,0,3556436
tisBp,0.04,24,24,CCCGGTTTGCAGTAGAGCTG,0,3543007
tisBp,0.04,24,24,CAAGCTTCATTACCTTATCG,0,3594369
tisBp,0.04,24,24,CAAGAGTTTCACCAGCCAGT,0,3551221
tisBp,0.04,24,24,ATTGTTCTGATGCCCTCAGA,0,3554773
tisBp,0.04,24,24,ATCAGTCCTTTTGAATCGAT,0,3544724
tisBp,0.04,24,24,ATAGTGTGCGTGTCTACGCG,0,3585262
tisBp,0.04,24,24,ATAGCAGCACATACGGTGGG,0,3583185
tisBp,0.04,24,24,ATAATCGTGACTGACCAGTA,0,3595340
tisBp,0.04,24,24,AGTCGTATGTCACCTTACAT,0,3548245
tisBp,0.04,24,24,AGTACCTTAAAACCGAGTAC,0,3568251
tisBp,0.04,24,24,AGGTTCGGACTTGTAACATT,0,3597125
tisBp,0.04,24,24,AGGGTATTACACGAGAGGCC,0,3548672
tisBp,0.04,24,24,AGCGTCATTCCGTAAATTTA,0,3589220
tisBp,0.04,24,24,AGCCGGATACGGTTTCGGCA,0,3560032
tisBp,0.04,24,24,AGCAAAAGTCTCGAGAGAGA,0,3562718
tisBp,0.04,24,24,AGAGACGACAATAAGCGGCC,0,3546077
tisBp,0.04,24,24,AGACGTCCGAGGGATTTGAA,0,3564734
tisBp,0.04,24,24,AGAACGCTTTATGGTCAAAT,0,3593270
tisBp,0.04,24,24,ACTTAACTTAAAGCTTTAAG,0,3583492
tisBp,0.04,24,24,ACGGAGTGGCACTTGCCGCA,0,3564308
tisBp,0.04,24,24,ACCAGTGATGTGGCCAGTGG,0,3577934
tisBp,0.04,24,24,ACACCAGGGGGTCAACCCCG,0,3544652
tisBp,0.04,24,24,ACAAGCGGTCGAACGAGCTG,0,3545899
tisBp,0.04,24,24,AAATCGTTAGTATTACGCGA,0,3556736
tisBp,0.04,24,24,AAAGTGTAAAGTAGGGGCTA,0,3562878
tisBp,0.04,24,24,AAAACCATTTAGTGACAGGC,0,3580613
tisBp,0.041666666666666664,23,23,TTTTTAGGGGTAGGAGCGGT,0,3560403
tisBp,0.041666666666666664,23,23,TTTGAGCCCACGATTCGCCA,0,3544112
tisBp,0.041666666666666664,23,23,TTTCTAGAATCAAAGTAGCT,0,3552833
tisBp,0.041666666666666664,23,23,TTTCCGGCCCACGATACAAT,0,3574475
tisBp,0.041666666666666664,23,23,TTGAGTTAAACGATTCTCAA,0,3597174
tisBp,0.041666666666666664,23,23,TGGTCAGAGAAACCTTTAGT,0,3588828
tisBp,0.041666666666666664,23,23,TGGTAAGATATGTTCGATAT,0,3557226
tisBp,0.041666666666666664,23,23,TGGCAAACCGGGCACCAGCT,0,3588753
tisBp,0.041666666666666664,23,23,TGGATAGAAGCTCACCGACA,0,3576482
tisBp,0.041666666666666664,23,23,TGCTAGGAGCATCCCCGCGT,0,3559436
tisBp,0.041666666666666664,23,23,TGATCGGTGGCCTTGTACTA,0,3543846
tisBp,0.041666666666666664,23,23,TCTACCACGCTTGCCTCCAG,0,3565782
tisBp,0.041666666666666664,23,23,TCGTTTCCAACGTCATATTA,0,3560473
tisBp,0.041666666666666664,23,23,TCGTCCCGTTTTTACAGTCA,0,3595443
tisBp,0.041666666666666664,23,23,TCGGAAGCGGAGCACATCTC,0,3585027
tisBp,0.041666666666666664,23,23,TCGCCATCTCACCTAGCAGG,0,3594915
tisBp,0.041666666666666664,23,23,TCATTGGCGTCAGATCCGAT,0,3577730
tisBp,0.041666666666666664,23,23,TATGATCTTTTCATGGAGGG,0,3550182
tisBp,0.041666666666666664,23,23,TATCGGTTGTTACCGTAGCA,0,3583447
tisBp,0.041666666666666664,23,23,TAGGCTCGCTTGCGTGAAAG,0,3587972
tisBp,0.041666666666666664,23,23,TAGCGACATTACCGGTACGA,0,3564520
tisBp,0.041666666666666664,23,23,TACGCTATCCGGCGCCGATA,0,3587105
tisBp,0.041666666666666664,23,23,TACGAGCGCGAAAAATTCGA,0,3586094
tisBp,0.041666666666666664,23,23,TACCTCAACCAAGATTGCCT,0,3572778
tisBp,0.041666666666666664,23,23,TAACGCCTATTACTAATTGT,0,3544435
tisBp,0.041666666666666664,23,23,TAAAAGTGCCCAGAGCTGAG,0,3562073
tisBp,0.041666666666666664,23,23,TAAAACGGGTCTCACGAGGT,0,3549668
tisBp,0.041666666666666664,23,23,GTTGCGTCGATCTCCACCTT,0,3542884
tisBp,0.041666666666666664,23,23,GTGGTCTAGGCCCAACTTGG,0,3552688
tisBp,0.041666666666666664,23,23,GTGACGCAGGGAAAAAGGTG,0,3550569
tisBp,0.041666666666666664,23,23,GTCGTGGCCCCCCGTGGGTA,0,3574100
tisBp,0.041666666666666664,23,23,GGTCCAGCTTGGGGCTGGGA,0,3560395
tisBp,0.041666666666666664,23,23,GGTACCAAAGATTAACAGTA,0,3560977
tisBp,0.041666666666666664,23,23,GGCCCCGCGCTGTACCTGCA,0,3581036
tisBp,0.041666666666666664,23,23,GGAACAACGTCAACTGAAAT,0,3557696
tisBp,0.041666666666666664,23,23,GCGTCAAGAGTGAATGTAGA,0,3583439
tisBp,0.041666666666666664,23,23,GCGGGACGCCGTGGCATTCC,0,3600818
tisBp,0.041666666666666664,23,23,GCGGCGTCTGTTGTGGGGTG,0,3597510
tisBp,0.041666666666666664,23,23,GCGCGACGGTTGGAAAATAC,0,3558271
tisBp,0.041666666666666664,23,23,GCGAGGATTCAATGTGTTGC,0,3544655
tisBp,0.041666666666666664,23,23,GCCCCATCACCGACACCGAG,0,3559255
tisBp,0.041666666666666664,23,23,GCATTTCGGATCCTTTAAGT,0,3542933
tisBp,0.041666666666666664,23,23,GCACAAGAAAGTAATCCACC,0,3602656
tisBp,0.041666666666666664,23,23,GAGCTACGGCGGCGGTGATA,0,3566274
tisBp,0.041666666666666664,23,23,GAGAGAACGTTAGTCAATAG,0,3562343
tisBp,0.041666666666666664,23,23,GACTTTATATCACTCGAGAT,0,3586949
tisBp,0.041666666666666664,23,23,GACTCTCGAACTCACTGTCA,0,3595167
tisBp,0.041666666666666664,23,23,CTTTGATGAAAGGGGTTTTA,0,3575442
tisBp,0.041666666666666664,23,23,CTGGGGACTGGTTTGCAAAG,0,3592192
tisBp,0.041666666666666664,23,23,CTGCACAGGATTTATATCAG,0,3603650
tisBp,0.041666666666666664,23,23,CTGACTCATGAGCCATGGTT,0,3573807
tisBp,0.041666666666666664,23,23,CTATAACGGAACCCAGACTC,0,3566775
tisBp,0.041666666666666664,23,23,CTAAAATGTTCTCAACATTG,0,3589791
tisBp,0.041666666666666664,23,23,CGTCTATGCGCGGGCGGTAG,0,3559976
tisBp,0.041666666666666664,23,23,CGGGAGGCCCACCAAGCCGA,0,3561622
tisBp,0.041666666666666664,23,23,CGGACACTCGAGAGTCCTGT,0,3582603
tisBp,0.041666666666666664,23,23,CGCCAGGATATGGTTCACGA,0,3580816
tisBp,0.041666666666666664,23,23,CGATAAGGAGCATTCAATTC,0,3552620
tisBp,0.041666666666666664,23,23,CCTTAAAAATGGGACCTGTA,0,3549264
tisBp,0.041666666666666664,23,23,CCTCTAACAGCGATCGTAAA,0,3544725
tisBp,0.041666666666666664,23,23,CCTCGGATAAAGGATGCGTA,0,3563718
tisBp,0.041666666666666664,23,23,CCTAACTTCCGACTTAGTGT,0,3596534
tisBp,0.041666666666666664,23,23,CCATTCTATAGTTAGATAGA,0,3561413
tisBp,0.041666666666666664,23,23,CCAGTGGATTGAGGCACACA,0,3572914
tisBp,0.041666666666666664,23,23,CCAGTAGTCAACTGAATCAA,0,3594400
tisBp,0.041666666666666664,23,23,CAGTTAAGGAAAAACGAACA,0,3599871
tisBp,0.041666666666666664,23,23,CAGGTCAGACACATGTCACT,0,3545867
tisBp,0.041666666666666664,23,23,CACGACGTATAGACTTAAAT,0,3563220
tisBp,0.041666666666666664,23,23,ATTTCTCACGAGATTTGTTT,0,3545876
tisBp,0.041666666666666664,23,23,ATTCCGATCGCTTCACCGAT,0,3551927
tisBp,0.041666666666666664,23,23,ATTAGGATGTGGACGTCGAT,0,3543997
tisBp,0.041666666666666664,23,23,ATGACGTGGTCACGTCCTTT,0,3569520
tisBp,0.041666666666666664,23,23,ATCTCCGACCCGACCCCCAG,0,3543936
tisBp,0.041666666666666664,23,23,ATCGGAATCCATGGTACTTA,0,3568736
tisBp,0.041666666666666664,23,23,AGGGGTGACGACTCATCAGA,0,3581170
tisBp,0.041666666666666664,23,23,AGGCCGCATGGAACCGTAAG,0,3591601
tisBp,0.041666666666666664,23,23,AGAGATCGGTTTTGCTACTA,0,3570349
tisBp,0.041666666666666664,23,23,AGAACCTGGCACCCTCGATA,0,3577863
tisBp,0.041666666666666664,23,23,ACGTAAGTGTAGTACGAGGC,0,3545408
tisBp,0.041666666666666664,23,23,ACCAGACGAGTCGCCCCATC,0,3589101
tisBp,0.041666666666666664,23,23,ACATGAATTAACCCCACTGG,0,3588150
tisBp,0.041666666666666664,23,23,AATTCCATGTTAAAAGCCCA,0,3554146
tisBp,0.041666666666666664,23,23,AATCTTGCGATAAGGCGCTC,0,3545995
tisBp,0.041666666666666664,23,23,AAGGACGGTTCCTGGGCAAC,0,3557284
tisBp,0.041666666666666664,23,23,AAGAAGCATGGTGCCGAAGG,0,3546912
tisBp,0.041666666666666664,23,23,AACTTTTTGAGGATGTGCGG,0,3574858
tisBp,0.041666666666666664,23,23,AACGGTTATTAGCTTCGTTA,0,3579960
tisBp,0.041666666666666664,23,23,AACACAAAGTCCCACGATTC,0,3550810
tisBp,0.041666666666666664,23,23,AAACATAGATGCGTGGGACA,0,3601960
tisBp,0.043478260869565216,22,22,TTTGTGATCTCTGGGGAGTA,0,3595613
tisBp,0.043478260869565216,22,22,TTTAATCAAAACAGACCGTA,0,3593042
tisBp,0.043478260869565216,22,22,TTGATGAAACTATGTTAGGC,0,3589923
tisBp,0.043478260869565216,22,22,TTCGAGATAACATCTCCGAA,0,3554374
tisBp,0.043478260869565216,22,22,TGTTGTATGGGTTAGGGATG,0,3590683
tisBp,0.043478260869565216,22,22,TGGGTCGAGATGCGCTTGAT,0,3578753
tisBp,0.043478260869565216,22,22,TGGGGCGCTGAACCATCAAG,0,3571813
tisBp,0.043478260869565216,22,22,TGGCGCTAAGTACGTCCCGC,0,3573372
tisBp,0.043478260869565216,22,22,TGCGGACACATCTTCTTGCC,0,3557342
tisBp,0.043478260869565216,22,22,TGCCGCGGCCGTCAGCATTC,0,3557343
tisBp,0.043478260869565216,22,22,TCTCCCTGACGTGCTAGACG,0,3592367
tisBp,0.043478260869565216,22,22,TCTAGAGACTATTTCTTCTG,0,3542893
tisBp,0.043478260869565216,22,22,TCGAGGCAGAGGAACGAATG,0,3590349
tisBp,0.043478260869565216,22,22,TCACGCATCTGGATGCCACG,0,3563768
tisBp,0.043478260869565216,22,22,TATAGAAGGAACGTAGAAAC,0,3596500
tisBp,0.043478260869565216,22,22,TACCTACAGGACTTATCTGC,0,3548183
tisBp,0.043478260869565216,22,22,TAATTGGATGTTTAAATGGT,0,3580469
tisBp,0.043478260869565216,22,22,TAATTCTGGAACCGAGCCGA,0,3550271
tisBp,0.043478260869565216,22,22,TAACGATTCCTCTTCCGATC,0,3596729
tisBp,0.043478260869565216,22,22,TAACACGGGAGACATCACTT,0,3547128
tisBp,0.043478260869565216,22,22,GTTGGAGCGTACAGAGTAAA,0,3592193
tisBp,0.043478260869565216,22,22,GTTATATCGTGAAGAGAGTA,0,3547221
tisBp,0.043478260869565216,22,22,GTGCCCCTGTGGTTACAGTT,0,3584250
tisBp,0.043478260869565216,22,22,GTCGTGGTTGTTACCCGGAT,0,3549314
tisBp,0.043478260869565216,22,22,GTCCCGGTCTGCGTATCCCA,0,3559426
tisBp,0.043478260869565216,22,22,GTCCCGGCTCAGCGCACGGG,0,3586102
tisBp,0.043478260869565216,22,22,GTATATGGGAGACTGAGAGT,0,3548485
tisBp,0.043478260869565216,22,22,GTAAACCTTCCGGGTGCATC,0,3563938
tisBp,0.043478260869565216,22,22,GGTTTTCGTGTCTTTTCGTG,0,3582605
tisBp,0.043478260869565216,22,22,GGTAAACTCACCTATACGAT,0,3585894
tisBp,0.043478260869565216,22,22,GGCGTGCCGCATGACTGATG,0,3596524
tisBp,0.043478260869565216,22,22,GGACCTAGTTGACTCCACCC,0,3549409
tisBp,0.043478260869565216,22,22,GCTGGGTGATTTTTTCTCGT,0,3545507
tisBp,0.043478260869565216,22,22,GCTGATGAGAAGCATGTTGA,0,3554860
tisBp,0.043478260869565216,22,22,GCTGAAATCTGGATTCTAAA,0,3564597
tisBp,0.043478260869565216,22,22,GCTCCCCGTTTGTACTTCAC,0,3560129
tisBp,0.043478260869565216,22,22,GCGACTCACCTACAGCGGCC,0,3584437
tisBp,0.043478260869565216,22,22,GCATGATGGAATATATTCGA,0,3579425
tisBp,0.043478260869565216,22,22,GCAACGCGATTTCCGGTAAT,0,3584762
tisBp,0.043478260869565216,22,22,GATACCAGGCCACTAATATG,0,3588846
tisBp,0.043478260869565216,22,22,GACCTGACCGATGACATCAG,0,3570120
tisBp,0.043478260869565216,22,22,CTCTTCGGGAAGTCAAGAAA,0,3551173
tisBp,0.043478260869565216,22,22,CTACATGTTCTAAATGGATC,0,3603828
tisBp,0.043478260869565216,22,22,CTAAGACGGGGGTGTTTCGC,0,3574275
tisBp,0.043478260869565216,22,22,CGTCTGGGCTGCATACAAAC,0,3589863
tisBp,0.043478260869565216,22,22,CGCGGGTCGCCAGCGATCAC,0,3572895
tisBp,0.043478260869565216,22,22,CGCGCAAACGAATGTTGTAT,0,3566186
tisBp,0.043478260869565216,22,22,CGAATGTGACGTGCAGATCC,0,3587164
tisBp,0.043478260869565216,22,22,CCTTGTTCGCTCAGGTGTGA,0,3580088
tisBp,0.043478260869565216,22,22,CCTTGGGCCTGTGCCCCATA,0,3581398
tisBp,0.043478260869565216,22,22,CCTGAAATGCTTATAGATCT,0,3586754
tisBp,0.043478260869565216,22,22,CCTCACGAACGGGGTCTGGA,0,3547616
tisBp,0.043478260869565216,22,22,CCGTATGGGGTGTAGGGCGT,0,3579323
tisBp,0.043478260869565216,22,22,CCGGGGGCGGTCAGGGCTAG,0,3557227
tisBp,0.043478260869565216,22,22,CCGAATGTTATTTTGGCGAT,0,3552704
tisBp,0.043478260869565216,22,22,CCCCCAGCTTCCATCGGAGG,0,3554072
tisBp,0.043478260869565216,22,22,CCCATCAATCGGGGTACTTC,0,3584832
tisBp,0.043478260869565216,22,22,CATTCCTCCTGCGTAAATTT,0,3544111
tisBp,0.043478260869565216,22,22,CAGTTGTCCCACGGGGCGGT,0,3555354
tisBp,0.043478260869565216,22,22,CACTTTGCCAATTGGCACCC,0,3543411
tisBp,0.043478260869565216,22,22,CAACTATGAAGGGACGTAGT,0,3574867
tisBp,0.043478260869565216,22,22,CAACCAGGACACTAAAGTGA,0,3560817
tisBp,0.043478260869565216,22,22,CAAATATCTACTAGCCAGGG,0,3593363
tisBp,0.043478260869565216,22,22,CAAAGATCTCGTCGGTGTAC,0,3598560
tisBp,0.043478260869565216,22,22,CAAAAGTTTTCCGATGCTAC,0,3597500
tisBp,0.043478260869565216,22,22,ATTTCCTATGAACGCTACAA,0,3559738
tisBp,0.043478260869565216,22,22,ATGGGGCGGGCGACGCGGCA,0,3595597
tisBp,0.043478260869565216,22,22,ATCTACGCTAACACTAATTG,0,3556707
tisBp,0.043478260869565216,22,22,ATCAGAGACTCCTCAAATAC,0,3563986
tisBp,0.043478260869565216,22,22,ATAGGAATTGCGGCATAGGA,0,3571637
tisBp,0.043478260869565216,22,22,AGTTAATGGACCTATGAACA,0,3546873
tisBp,0.043478260869565216,22,22,AGTGCCTTTCCGGTGGTTAG,0,3589509
tisBp,0.043478260869565216,22,22,AGGTGTACAGGTTGGTAAGC,0,3542978
tisBp,0.043478260869565216,22,22,AGGTGCCCAGCGGATATCTA,0,3587485
tisBp,0.043478260869565216,22,22,AGGTCGGTTTGTCCGGTTGA,0,3561934
tisBp,0.043478260869565216,22,22,AGGAAGAGCCATAAGAGTCA,0,3581500
tisBp,0.043478260869565216,22,22,AGCGTGGAGACTAAGACGCG,0,3554753
tisBp,0.043478260869565216,22,22,AGCGGTTTTGGATCAGCATT,0,3546356
tisBp,0.043478260869565216,22,22,AGCACCAAGGACCTATTGTC,0,3584719
tisBp,0.043478260869565216,22,22,AGATCCCGTTACCAGATCAA,0,3546827
tisBp,0.043478260869565216,22,22,AGAGCTATAGCGGTTGCCTT,0,3560555
tisBp,0.043478260869565216,22,22,AGACCTACACTTTGAGTCTT,0,3542308
tisBp,0.043478260869565216,22,22,ACGCACGGTCAGCAGTCTGA,0,3553097
tisBp,0.043478260869565216,22,22,ACGACATTCAGGAGTAGCCA,0,3574799
tisBp,0.043478260869565216,22,22,ACGAAGAAGACATGAAAAAA,0,3545329
tisBp,0.043478260869565216,22,22,ACACCACAAAGGATATGATA,0,3548140
tisBp,0.043478260869565216,22,22,ACAATTCCATTACTCCGTCT,0,3583463
tisBp,0.043478260869565216,22,22,ACAATCCGCAGCTATCTAAT,0,3567486
tisBp,0.043478260869565216,22,22,ACAAGGGCGCAGGACGGACT,0,3589297
tisBp,0.043478260869565216,22,22,AATCAATCGGGTGTTTTAGT,0,3590979
tisBp,0.043478260869565216,22,22,AAGTGGTTAGTATTACCCCG,0,3598437
tisBp,0.043478260869565216,22,22,AAGTGCCCTTCGCGCAGAGT,0,3548393
tisBp,0.043478260869565216,22,22,AACAAATATGTACGAGTTGG,0,3541547
tisBp,0.043478260869565216,22,22,AAAAGCCGCGGATCTCGCCC,0,3562627
tisBp,0.045454545454545456,21,21,TTGTGCAGCAGATGAGGTGT,0,3555660
tisBp,0.045454545454545456,21,21,TTGTAGCTATGGATTAATTG,0,3593603
tisBp,0.045454545454545456,21,21,TTGCTAACTCCATGGATAGA,0,3541665
tisBp,0.045454545454545456,21,21,TTCCTTGGCTTTAGTGGTGC,0,3555063
tisBp,0.045454545454545456,21,21,TGTGGTTTTTAGGCCACGCG,0,3547109
tisBp,0.045454545454545456,21,21,TGTCTACACGTTACTTCATG,0,3585549
tisBp,0.045454545454545456,21,21,TGGCTAGCCCTTATTTCAGC,0,3562682
tisBp,0.045454545454545456,21,21,TGGCACCGGAGGGAAACTGT,0,3551847
tisBp,0.045454545454545456,21,21,TGCTTCACAGCTCAATCCGA,0,3583932
tisBp,0.045454545454545456,21,21,TGCTGTCTTATACAAATGCT,0,3560262
tisBp,0.045454545454545456,21,21,TGCGTCTGGTAACCTATTGA,0,3589924
tisBp,0.045454545454545456,21,21,TGAGCATAATGTAGATATGT,0,3556205
tisBp,0.045454545454545456,21,21,TCTGGGGATATGATACTGGT,0,3542026
tisBp,0.045454545454545456,21,21,TCGTCAGCTTCATCCACGGA,0,3580397
tisBp,0.045454545454545456,21,21,TCCGCTTGGTGCGTTCACAC,0,3593944
tisBp,0.045454545454545456,21,21,TATTCTTCGGCACCCTGCGG,0,3590645
tisBp,0.045454545454545456,21,21,TATGTAACCGTCGCATACTT,0,3587642
tisBp,0.045454545454545456,21,21,TAGGGGTCTCCAATGTCGTG,0,3590827
tisBp,0.045454545454545456,21,21,TAGGGGGCACCGACAGCTGA,0,3560049
tisBp,0.045454545454545456,21,21,TAGCATTGGCAATCTTCGTA,0,3552661
tisBp,0.045454545454545456,21,21,TAGACTACCCTCACCGACTA,0,3575438
tisBp,0.045454545454545456,21,21,TACTATACCGACGGGTCACC,0,3558895
tisBp,0.045454545454545456,21,21,TACACTTAAATCGTCGATTA,0,3591666
tisBp,0.045454545454545456,21,21,TACACACGGGGGTTCTCCGC,0,3564999
tisBp,0.045454545454545456,21,21,TAATTTCGAAGGTTACGGAC,0,3551789
tisBp,0.045454545454545456,21,21,GTTATTCATTTCAGCACCTG,0,3570670
tisBp,0.045454545454545456,21,21,GTGTTCTAACAAATAATCCA,0,3545136
tisBp,0.045454545454545456,21,21,GTCGGGGACATGTCTAATTA,0,3578432
tisBp,0.045454545454545456,21,21,GTCAGTATAAACATTGAACC,0,3581467
tisBp,0.045454545454545456,21,21,GTAGCCACCGGCGAAGCTTC,0,3549486
tisBp,0.045454545454545456,21,21,GGTATTTGCATATGAAGGAT,0,3544896
tisBp,0.045454545454545456,21,21,GGTACTCTAATCCAGTCTAG,0,3580657
tisBp,0.045454545454545456,21,21,GGTAACAGCCCCACTGCTGA,0,3572825
tisBp,0.045454545454545456,21,21,GGGGTCAGTTAAGGTTGAAA,0,3553054
tisBp,0.045454545454545456,21,21,GGCAGCCGATTGAATAGGAA,0,3544027
tisBp,0.045454545454545456,21,21,GGACGGAGCTACACCGCATA,0,3560711
tisBp,0.045454545454545456,21,21,GCTGGCAATTTCACAGGGCG,0,3582082
tisBp,0.045454545454545456,21,21,GCTGAGCTCTCCCCCCGAAA,0,3566596
tisBp,0.045454545454545456,21,21,GCGGGCGGCGTTACACGAAT,0,3561480
tisBp,0.045454545454545456,21,21,GCGCAATGTAAGATTATGCT,0,3556406
tisBp,0.045454545454545456,21,21,GCCGGGTGCGCTCATTAGTG,0,3576106
tisBp,0.045454545454545456,21,21,GCCATTACTACTCTCGATAA,0,3544887
tisBp,0.045454545454545456,21,21,GATAAAGTGGGCGGTATATG,0,3585516
tisBp,0.045454545454545456,21,21,GAGTTAGAGGACCGACCAGG,0,3594653
tisBp,0.045454545454545456,21,21,GAGGGGGAGCAGCAGGGCCA,0,3542891
tisBp,0.045454545454545456,21,21,GAGGCAAATCGCAATCCTGA,0,3563716
tisBp,0.045454545454545456,21,21,GAGACGATGCACTTCATCCG,0,3544322
tisBp,0.045454545454545456,21,21,GACTGCTGCTTCGAGCGCGT,0,3577504
tisBp,0.045454545454545456,21,21,GACGGCGTAGAACAGCTAAA,0,3593745
tisBp,0.045454545454545456,21,21,GACATCGGCCATCTGCGGCT,0,3593402
tisBp,0.045454545454545456,21,21,CTTGGTGGCACCAGGTATCT,0,3554581
tisBp,0.045454545454545456,21,21,CTGCCATGTGCTAACTTCGC,0,3549775
tisBp,0.045454545454545456,21,21,CTCGTGCGTTCGCGTGGCGG,0,3560592
tisBp,0.045454545454545456,21,21,CTCGTCATACGACCATTTCA,0,3582644
tisBp,0.045454545454545456,21,21,CTCCCTATACGTACTTTTAG,0,3573776
tisBp,0.045454545454545456,21,21,CTAATGGGGATGTGGCCCGG,0,3541495
tisBp,0.045454545454545456,21,21,CGTCCGTGCCATAGGTTTTT,0,3596144
tisBp,0.045454545454545456,21,21,CGTACAGGTCCCAGAGGAAC,0,3548020
tisBp,0.045454545454545456,21,21,CGGGGGACTTGAGGGTGCGC,0,3570118
tisBp,0.045454545454545456,21,21,CGCCGTCCGCTTCAGGGAAC,0,3579141
tisBp,0.045454545454545456,21,21,CGATGGAGTTGGTGAACATA,0,3590689
tisBp,0.045454545454545456,21,21,CCTTTTAAGAAGGCCTCGGG,0,3567132
tisBp,0.045454545454545456,21,21,CCTTAGACGTAATTTCCCTA,0,3569601
tisBp,0.045454545454545456,21,21,CCTATTGGTGCGGTTGCTAA,0,3574279
tisBp,0.045454545454545456,21,21,CCGGCGTCCGAGAATACTGG,0,3582205
tisBp,0.045454545454545456,21,21,CCGCAGAAGTCGGAAAACGG,0,3560208
tisBp,0.045454545454545456,21,21,CCCGGCCCGTTTGTAAGTAG,0,3562067
tisBp,0.045454545454545456,21,21,CCAACGACCCCTAGAATGCG,0,3583384
tisBp,0.045454545454545456,21,21,CATTGCTAATGGGGATAAAT,0,3544587
tisBp,0.045454545454545456,21,21,CATGAGTTTCGAGAGATGGC,0,3558741
tisBp,0.045454545454545456,21,21,CAGTTCTGCTCGTCGTTACA,0,3546762
tisBp,0.045454545454545456,21,21,CAGCCACTGGTTGGCTTATT,0,3575972
tisBp,0.045454545454545456,21,21,CAACGCCTGCGAAAGTGCAA,0,3575102
tisBp,0.045454545454545456,21,21,ATGCTGACACGGAATCCGTG,0,3567018
tisBp,0.045454545454545456,21,21,ATGCGTTGGTTATGCGGGAA,0,3545209
tisBp,0.045454545454545456,21,21,ATGATAGCGGATATAAGGGG,0,3561619
tisBp,0.045454545454545456,21,21,ATCAGTAAGTGATGGAACCT,0,3553144
tisBp,0.045454545454545456,21,21,AGTTTGGCTACACGTAAAAT,0,3595714
tisBp,0.045454545454545456,21,21,AGTGTCCTGTCAGAGCACCA,0,3582405
tisBp,0.045454545454545456,21,21,AGTCCGCCGGACTACCTTAG,0,3545920
tisBp,0.045454545454545456,21,21,AGTAAGCTTGAGTTCCACAG,0,3585146
tisBp,0.045454545454545456,21,21,AGGTCTCTGGAGCATCGATA,0,3589102
tisBp,0.045454545454545456,21,21,AGGCTTTGGCGCGAAGCAGG,0,3541406
tisBp,0.045454545454545456,21,21,AGCTATTCAGATTGTTACTG,0,3581598
tisBp,0.045454545454545456,21,21,AGCGGATTCTACCGCGGAAT,0,3553718
tisBp,0.045454545454545456,21,21,AGATTAAAGATTATATACTC,0,3544072
tisBp,0.045454545454545456,21,21,AGACACATCGAGTTCGGGGG,0,3597808
tisBp,0.045454545454545456,21,21,ACTTCCTCGTCTGGGCACCA,0,3584100
tisBp,0.045454545454545456,21,21,ACTATATTGAAAGTAGCCCC,0,3582607
tisBp,0.045454545454545456,21,21,ACCTGTCATCATATCATGGG,0,3563489
tisBp,0.045454545454545456,21,21,ACACGAGGGCTCGCCTAGTA,0,3595075
tisBp,0.045454545454545456,21,21,AAGTGAGGACGCAGAATAAG,0,3585257
tisBp,0.045454545454545456,21,21,AAGGAATGTGCTGTGCCTTG,0,3571260
tisBp,0.045454545454545456,21,21,AAGACTGAGTCCAGCAACGA,0,3541881
tisBp,0.045454545454545456,21,21,AACCTTAAGCCTAACAGTGC,0,3569232
tisBp,0.045454545454545456,21,21,AACCATGACCGACGCAGTCT,0,3568296
tisBp,0.045454545454545456,21,21,AACAATTCAGCCGCGAGCCT,0,3581247
tisBp,0.045454545454545456,21,21,AAATAGTTGCCACACCCCGA,0,3551182
tisBp,0.045454545454545456,21,21,AAAGGGTCGTCAGCCATTCA,0,3597409
tisBp,0.045454545454545456,21,21,AAAAACCAGATTCCACGTGA,0,3553992
tisBp,0.047619047619047616,20,20,TTTAAATATACTTTGACCAT,0,3593667
tisBp,0.047619047619047616,20,20,TTGTGTGCTGATTGTGCCCT,0,3553822
tisBp,0.047619047619047616,20,20,TTGCAGACAAGTAAATCCGT,0,3580759
tisBp,0.047619047619047616,20,20,TTGATCCGAAGCTTTGTAAT,0,3588947
tisBp,0.047619047619047616,20,20,TTCTTGTGCCTATCTAACCT,0,3544554
tisBp,0.047619047619047616,20,20,TTCGGCGACGGCTTGCGACG,0,3596492
tisBp,0.047619047619047616,20,20,TTCCGGAGACACTGACAAAC,0,3552112
tisBp,0.047619047619047616,20,20,TTCCAAACGAGATTTGCTCC,0,3580598
tisBp,0.047619047619047616,20,20,TTAAGGGGTCTAATGGTCGG,0,3548914
tisBp,0.047619047619047616,20,20,TGTTGCAAAAAACTCCACTC,0,3596929
tisBp,0.047619047619047616,20,20,TGTCACCGGTGTAGGTGCCA,0,3555389
tisBp,0.047619047619047616,20,20,TGGGCATGCCATTGAAGCAG,0,3561729
tisBp,0.047619047619047616,20,20,TGCCTATGGCACTAATGATA,0,3597379
tisBp,0.047619047619047616,20,20,TGACATTGCTGCGTAAGTAA,0,3541552
tisBp,0.047619047619047616,20,20,TGAATGTTATCGGACACGGT,0,3542560
tisBp,0.047619047619047616,20,20,TGAATGAGGATCACTACGGA,0,3566103
tisBp,0.047619047619047616,20,20,TGAAAGGTTTCTCAAGCCTG,0,3583302
tisBp,0.047619047619047616,20,20,TCTTACCCTTTAACTGGACA,0,3558348
tisBp,0.047619047619047616,20,20,TCTGGTGGGGGGGTGCTCGC,0,3554768
tisBp,0.047619047619047616,20,20,TCGGTGACCAAAGTAAAGTA,0,3550436
tisBp,0.047619047619047616,20,20,TCGGCTGCGCGATCACAGAA,0,3584865
tisBp,0.047619047619047616,20,20,TCGAACCGAGAATTATCTTT,0,3564225
tisBp,0.047619047619047616,20,20,TCCCAGCTAGGGACAGGTAC,0,3566827
tisBp,0.047619047619047616,20,20,TCCCAAGCATCATACAAGGT,0,3600539
tisBp,0.047619047619047616,20,20,TCCAGGAGAGTATCTCACCC,0,3558120
tisBp,0.047619047619047616,20,20,TCACCACGAGTGAATAATAT,0,3595182
tisBp,0.047619047619047616,20,20,TATGTCTGAAGCCCACTCGT,0,3597771
tisBp,0.047619047619047616,20,20,TAGGAGCATGTCGTAATTTA,0,3583371
tisBp,0.047619047619047616,20,20,TACTGATACAACCTCGTCTT,0,3602919
tisBp,0.047619047619047616,20,20,TACCGCATGTTACTATTTAT,0,3593754
tisBp,0.047619047619047616,20,20,TACCAAGGCCTGACAGTAGA,0,3572003
tisBp,0.047619047619047616,20,20,TAACGGACGCCGGTACCTGG,0,3569710
tisBp,0.047619047619047616,20,20,TAACCCAACAGCTACACGAC,0,3543398
tisBp,0.047619047619047616,20,20,TAAAGAAATTCTGCGGACCT,0,3570222
tisBp,0.047619047619047616,20,20,GTTTCCGATGAATGATAATC,0,3573038
tisBp,0.047619047619047616,20,20,GTTGTGGATTGCGCCAATGC,0,3563491
tisBp,0.047619047619047616,20,20,GTTGATAATAAGATTGTTAC,0,3548327
tisBp,0.047619047619047616,20,20,GTTAGCCGCAACCGCATGTT,0,3574801
tisBp,0.047619047619047616,20,20,GTGTGTCGGAATGATGACCG,0,3592910
tisBp,0.047619047619047616,20,20,GTGGATCCCTGGCGAATAGC,0,3594439
tisBp,0.047619047619047616,20,20,GTCTTTATCAGGTCACGTGG,0,3566919
tisBp,0.047619047619047616,20,20,GTAAGATGTAAACAGTTCTG,0,3556028
tisBp,0.047619047619047616,20,20,GGTAGTCCATGCAAGAGGCT,0,3597812
tisBp,0.047619047619047616,20,20,GGGGGCGACCAGTTAATGGT,0,3551220
tisBp,0.047619047619047616,20,20,GGGCTTCGTGTAAAGCAGCT,0,3545166
tisBp,0.047619047619047616,20,20,GGGCGCTGGCAACGAGGGAA,0,3594198
tisBp,0.047619047619047616,20,20,GGGCGCTAGCAGAGGACCCG,0,3587002
tisBp,0.047619047619047616,20,20,GGGCCTGCTAGGTCGGATCC,0,3558174
tisBp,0.047619047619047616,20,20,GGCTTGTCAAGACACGTGAA,0,3550957
tisBp,0.047619047619047616,20,20,GGAGGTACTCTCGGAGTGAC,0,3542207
tisBp,0.047619047619047616,20,20,GGACTTTTGGGTTCCCCTCC,0,3575606
tisBp,0.047619047619047616,20,20,GCTCTGATAAAACAAGTTTC,0,3589126
tisBp,0.047619047619047616,20,20,GCGCCGTCACGTGAATCTAC,0,3550739
tisBp,0.047619047619047616,20,20,GCGAATTCCTTGGCCAGCCT,0,3549817
tisBp,0.047619047619047616,20,20,GCCCAGTTGTGATGTTGGTG,0,3560179
tisBp,0.047619047619047616,20,20,GCCAGATACTGCCTTATAGT,0,3543023
tisBp,0.047619047619047616,20,20,GATTCGGCTGCCTGCGGCGA,0,3560400
tisBp,0.047619047619047616,20,20,GATATAGACCGGGTCGTACA,0,3565877
tisBp,0.047619047619047616,20,20,GATACTCGTCGAGGTGACCT,0,3547918
tisBp,0.047619047619047616,20,20,GACTCCGATTCTGGTGGATG,0,3595773
tisBp,0.047619047619047616,20,20,GACTCACCACGTATGCGGCG,0,3579052
tisBp,0.047619047619047616,20,20,GACGATTCATAGACCTGCAG,0,3572192
tisBp,0.047619047619047616,20,20,GACGAACCCCGGAAGCCATG,0,3589423
tisBp,0.047619047619047616,20,20,GACCTATCAGTATGTAAGGA,0,3542048
tisBp,0.047619047619047616,20,20,GACACACGGACTCCATGTCC,0,3597721
tisBp,0.047619047619047616,20,20,GAAGAGCACGTTCTGGAGCA,0,3587967
tisBp,0.047619047619047616,20,20,GAAATCATCACTGACGGTGG,0,3565218
tisBp,0.047619047619047616,20,20,GAAACCGGGTCATCCCTAGA,0,3574511
tisBp,0.047619047619047616,20,20,CTTTTGACACGCGGATCCAA,0,3585030
tisBp,0.047619047619047616,20,20,CTTTTATCTTTCTCTACAAC,0,3576802
tisBp,0.047619047619047616,20,20,CTTCGAATACCGGCGAGTTA,0,3574463
tisBp,0.047619047619047616,20,20,CTGGGCCACTTCTACGACGT,0,3580575
tisBp,0.047619047619047616,20,20,CTGCACCGATATCGCTCAAA,0,3542082
tisBp,0.047619047619047616,20,20,CTGAGTACCTTTCCATCCAC,0,3545087
tisBp,0.047619047619047616,20,20,CTACGACGCGGCGCCGCTCA,0,3542309
tisBp,0.047619047619047616,20,20,CTACATGTAATGAGGACGTT,0,3564529
tisBp,0.047619047619047616,20,20,CTACAGAAGCGAAGCGTGGC,0,3557557
tisBp,0.047619047619047616,20,20,CTAATCCATCAGCCAGATTT,0,3550413
tisBp,0.047619047619047616,20,20,CGTACACGGTAGTCAACGAG,0,3565108
tisBp,0.047619047619047616,20,20,CGGTAGTGAACTGTCAGAAG,0,3543026
tisBp,0.047619047619047616,20,20,CGGGGGCTCTGGTTCCCTGA,0,3585147
tisBp,0.047619047619047616,20,20,CGGGCTCGGTAGTTACGAAT,0,3556163
tisBp,0.047619047619047616,20,20,CGGGAATATCCAGTCTGAAG,0,3549751
tisBp,0.047619047619047616,20,20,CGGCTGACTAAGTTCGGATT,0,3548025
tisBp,0.047619047619047616,20,20,CGCTAGGTATCACCTAGGGG,0,3603491
tisBp,0.047619047619047616,20,20,CGCGTACTCCTTAGTTAGTT,0,3547085
tisBp,0.047619047619047616,20,20,CGCCTTTAACGTGGGTTTCG,0,3549795
tisBp,0.047619047619047616,20,20,CGCCATGGCTATTTAGGTGA,0,3597236
tisBp,0.047619047619047616,20,20,CGATTCGAGGCGTCGGCTGT,0,3580733
tisBp,0.047619047619047616,20,20,CGAAGGAGGGGGACCACCGA,0,3585084
tisBp,0.047619047619047616,20,20,CCTGTACTTTGAGTGATTTA,0,3578796
tisBp,0.047619047619047616,20,20,CCTCTTAGTAAAGCACGTCA,0,3553552
tisBp,0.047619047619047616,20,20,CCTCCACCCGGGATAGCTAT,0,3566769
tisBp,0.047619047619047616,20,20,CCTATGCGCCGATATCCCTT,0,3548404
tisBp,0.047619047619047616,20,20,CCGGCCCGCGTTGATCCTTA,0,3577909
tisBp,0.047619047619047616,20,20,CCGCTCAAACTAATCTTTGC,0,3576176
tisBp,0.047619047619047616,20,20,CCATTAATCCGTTTTAGGCA,0,3594988
tisBp,0.047619047619047616,20,20,CCATAGCATATGTGCAGGGG,0,3584168
tisBp,0.047619047619047616,20,20,CCACGACTACAGGCGATTTA,0,3570778
tisBp,0.047619047619047616,20,20,CCACGACATATGGGTGGGAT,0,3560787
tisBp,0.047619047619047616,20,20,CCACCACAGCTTCACACGCA,0,3587580
tisBp,0.047619047619047616,20,20,CATCCTCACTAAACCTGGTG,0,3595720
tisBp,0.047619047619047616,20,20,CATACCGTTCTCAACGTGTG,0,3545667
tisBp,0.047619047619047616,20,20,CAGTTAGATCCGATATGTTG,0,3567469
tisBp,0.047619047619047616,20,20,CAGGATAACCAGACAAAGCA,0,3555413
tisBp,0.047619047619047616,20,20,CAGAGCCAGCGCGCTTTCAA,0,3589687
tisBp,0.047619047619047616,20,20,CACCATTCCGAGAGGAGTCG,0,3562025
tisBp,0.047619047619047616,20,20,CACATTGGATCCTTTCCACT,0,3596342
tisBp,0.047619047619047616,20,20,CACATTAGGCTTCAGCCTTG,0,3563116
tisBp,0.047619047619047616,20,20,CACACCAATCTACTTATCGT,0,3542923
tisBp,0.047619047619047616,20,20,CACAATCACAGTGCAAGGGC,0,3551267
tisBp,0.047619047619047616,20,20,CAAGCTCTGTGGGGCGGGTA,0,3580244
tisBp,0.047619047619047616,20,20,CAAGCCTGATGCAGGGCATA,0,3552687
tisBp,0.047619047619047616,20,20,CAACCGCCCTCCTCCGTCCA,0,3576302
tisBp,0.047619047619047616,20,20,CAACATGCTAGTAGCGAACT,0,3579366
tisBp,0.047619047619047616,20,20,ATTTTTTATCTGGTGTACCC,0,3577463
tisBp,0.047619047619047616,20,20,ATTCTATGAGTCCTCCTTTT,0,3544313
tisBp,0.047619047619047616,20,20,ATTCATGGCGCTCTGTTCGC,0,3591119
tisBp,0.047619047619047616,20,20,ATTAGTCCGACTACAGCGCG,0,3548812
tisBp,0.047619047619047616,20,20,ATGTTTGAGACCTTTATATA,0,3558679
tisBp,0.047619047619047616,20,20,ATGGGATAACAATGCCTGCA,0,3545402
tisBp,0.047619047619047616,20,20,AGTTTTGGGGCTAAGGTACC,0,3597887
tisBp,0.047619047619047616,20,20,AGTCGTACTTGAAGATGCGG,0,3583702
tisBp,0.047619047619047616,20,20,AGTACCCGGTTTCGATGGGG,0,3549135
tisBp,0.047619047619047616,20,20,AGGGGGACGCATATGAGACC,0,3575923
tisBp,0.047619047619047616,20,20,AGGGATTTGTTCTAATTATA,0,3574871
tisBp,0.047619047619047616,20,20,AGGCTATGCCGGGTCTCTGG,0,3551335
tisBp,0.047619047619047616,20,20,AGGCACGGCAAGGCGATCTT,0,3572591
tisBp,0.047619047619047616,20,20,AGGATATTCAGGTGCGGCAA,0,3559407
tisBp,0.047619047619047616,20,20,AGCTCTGTCTTACTCTCATC,0,3553653
tisBp,0.047619047619047616,20,20,ACTACCCAGACGCTTGCGCG,0,3560174
tisBp,0.047619047619047616,20,20,ACGTGCCCGACTGTTCCTCT,0,3565991
tisBp,0.047619047619047616,20,20,ACGGGGGTTTAACTGGGGCG,0,3592989
tisBp,0.047619047619047616,20,20,ACGCGAGGTAAGGTGGACGT,0,3556467
tisBp,0.047619047619047616,20,20,ACCTGGGCAGGTCATAAGAC,0,3548023
tisBp,0.047619047619047616,20,20,ACCTATCCCTGAGTGCAAGC,0,3567059
tisBp,0.047619047619047616,20,20,ACCGTTGTCGCACTAAGGAA,0,3551085
tisBp,0.047619047619047616,20,20,ACCACTTAATGCTGGCGTAC,0,3579485
tisBp,0.047619047619047616,20,20,ACCAAGTTGAATAGCGAATA,0,3573723
tisBp,0.047619047619047616,20,20,AATTATTCTGGTTACCGGTG,0,3560963
tisBp,0.047619047619047616,20,20,AATGAAAGTGAATCTTCTGA,0,3549057
tisBp,0.047619047619047616,20,20,AAGGGTGAATGCTATGATAA,0,3581260
tisBp,0.047619047619047616,20,20,AAGCCGTCGGGAACATAGCG,0,3556173
tisBp,0.047619047619047616,20,20,AAAACCGCATAGCAAGGAAT,0,3559874
tisBp,0.05,19,19,TTTCCATTTTACAGACGGTA,0,3571241
tisBp,0.05,19,19,TTGCCAACGCAACGCTGTTG,0,3562210
tisBp,0.05,19,19,TTGACAATCATTCAGGAAAT,0,3552758
tisBp,0.05,19,19,TTCGGAATTGGAGTTCTGAT,0,3586093
tisBp,0.05,19,19,TTCACGGGCCAGGCGATAAT,0,3560870
tisBp,0.05,19,19,TTCACCCTTTCGTTATTGGG,0,3545945
tisBp,0.05,19,19,TTCAACATTGTGGCGTTTGC,0,3558896
tisBp,0.05,19,19,TTATGAGCCTTGTTCTACCG,0,3561007
tisBp,0.05,19,19,TTATAAGACCCTGCTATTAA,0,3564217
tisBp,0.05,19,19,TTAGTAGTCATCGTGCGGCA,0,3561765
tisBp,0.05,19,19,TTACGGACGATCCGCATATG,0,3586196
tisBp,0.05,19,19,TTAAGTTGGATGGCCTATAT,0,3591899
tisBp,0.05,19,19,TTAACCATCGACCGGACGCT,0,3600746
tisBp,0.05,19,19,TGTCTAGACAGGGACCCGTA,0,3571188
tisBp,0.05,19,19,TGTAAAACACCGCTTGGCGT,0,3559916
tisBp,0.05,19,19,TGGTGACGTGGTCACTCGTG,0,3556910
tisBp,0.05,19,19,TGGTATGAGTGCATCATCTG,0,3557234
tisBp,0.05,19,19,TGGGTCCTTGACGGTAGTCT,0,3592151
tisBp,0.05,19,19,TGCTAGTGATCCCCATTCAC,0,3566101
tisBp,0.05,19,19,TGATTCGACCCGACTGGAAG,0,3549718
tisBp,0.05,19,19,TGATATGCAGCCTTTTTAAT,0,3597479
tisBp,0.05,19,19,TGAATCACAGCATTACAGAC,0,3586787
tisBp,0.05,19,19,TGAATAAACAGAATGTGCAA,0,3552303
tisBp,0.05,19,19,TCTCTCGTTCACAGCGGGGG,0,3579126
tisBp,0.05,19,19,TCTCGACATTCACTCAGTTG,0,3570295
tisBp,0.05,19,19,TCGAATGTGAAGGAGTATAT,0,3591497
tisBp,0.05,19,19,TCCGGGTGATCCGATCAAAT,0,3598128
tisBp,0.05,19,19,TCCAACTGTGGCAGTGCCAA,0,3563217
tisBp,0.05,19,19,TATGTATGCGCATTTGGGTA,0,3555229
tisBp,0.05,19,19,TATGTACCGGCGAGAAGGTC,0,3564537
tisBp,0.05,19,19,TATGATGAGTCTGGCTTAGG,0,3552206
tisBp,0.05,19,19,TAGGGTAATAACCACAACCC,0,3594328
tisBp,0.05,19,19,TAGGAGAGCGGATGCCCTGT,0,3572859
tisBp,0.05,19,19,TACCCGCCCCCGGAGGCCTG,0,3545145
tisBp,0.05,19,19,TAATTTCCCTATTCCTCCTA,0,3566734
tisBp,0.05,19,19,GTTTTGCTTCAGATCAAGGT,0,3543916
tisBp,0.05,19,19,GTGTCAGGGCAAGCGTGCAG,0,3541645
tisBp,0.05,19,19,GTGTAGACTTCAGTCTTTAT,0,3559531
tisBp,0.05,19,19,GTGGGTACGTTATAGATCAT,0,3593287
tisBp,0.05,19,19,GTGCATGCGAGAATAGTATT,0,3559092
tisBp,0.05,19,19,GTCTTCCAGAAGCAGCGTTG,0,3598386
tisBp,0.05,19,19,GTCTACGCGGTGGGGCTTAA,0,3589039
tisBp,0.05,19,19,GTCTAAACAGGGAGGAGGTT,0,3573265
tisBp,0.05,19,19,GTCCGTAGACGGTGGACATG,0,3548915
tisBp,0.05,19,19,GTCCATTGGTCCAAACGTCA,0,3559867
tisBp,0.05,19,19,GTAGTTGTCTGGAACAAGCG,0,3567200
tisBp,0.05,19,19,GTACGGAACATCTTCGGCGC,0,3592932
tisBp,0.05,19,19,GTACCATGGCGAACCAGAAA,0,3573067
tisBp,0.05,19,19,GTACAACTTTTCCGAAGTAA,0,3549720
tisBp,0.05,19,19,GGTTTCGAGCAGGTCGAAAC,0,3553731
tisBp,0.05,19,19,GGTGCAGGTAACATGGGTTC,0,3543989
tisBp,0.05,19,19,GGTGAGAACTTTCAACCAGA,0,3602308
tisBp,0.05,19,19,GGTACCGGCCAGTCTATTGG,0,3595718
tisBp,0.05,19,19,GGTAACATCCCCTCGCATAC,0,3591770
tisBp,0.05,19,19,GGGTTTCGTTGGGGGTCACA,0,3547566
tisBp,0.05,19,19,GGGTTATAAGGTTCTGTTTC,0,3588363
tisBp,0.05,19,19,GGGATTACGGAGTAGTGGCG,0,3573580
tisBp,0.05,19,19,GGCCGGGCGCAAAGCGTGCT,0,3588244
tisBp,0.05,19,19,GCTTGTCGGGTTGCGGGTGC,0,3579303
tisBp,0.05,19,19,GCTGTACGCCTGGACGACAA,0,3592575
tisBp,0.05,19,19,GCTGACGTGCGATCCAACAC,0,3566618
tisBp,0.05,19,19,GCTCACTATAGGACTAGCTA,0,3602286
tisBp,0.05,19,19,GCGCGCGACAAAGGGTACCT,0,3600641
tisBp,0.05,19,19,GCCCGGTTTCATTTTCAACT,0,3579811
tisBp,0.05,19,19,GATTCGTAATTTCGGCATTT,0,3595169
tisBp,0.05,19,19,GATATACAAACCAAGCCAGC,0,3599279
tisBp,0.05,19,19,GACTTCAGGTAAAGGGCGCA,0,3556710
tisBp,0.05,19,19,CTTTCTCTTCATGCCAGCTT,0,3563325
tisBp,0.05,19,19,CTTTACCTGTATAGGAACAG,0,3545637
tisBp,0.05,19,19,CTTGTTTACGAAGCAAGCTG,0,3558704
tisBp,0.05,19,19,CTTAAACAAACTCGGGTGGT,0,3572586
tisBp,0.05,19,19,CTGTAGTAATTTGTGTGAGT,0,3549487
tisBp,0.05,19,19,CTGGTCAAGCTTCATAAACC,0,3548698
tisBp,0.05,19,19,CTGGAAATGGGCACGGGTCG,0,3597469
tisBp,0.05,19,19,CTGCTTCCCTAATAAGAAAA,0,3592042
tisBp,0.05,19,19,CTGCGGTATTGTTTCGGGAT,0,3587491
tisBp,0.05,19,19,CTCGAAGACGGGACGCCAGG,0,3574670
tisBp,0.05,19,19,CTCATTAGCGTCTTATTCAC,0,3549725
tisBp,0.05,19,19,CTAGTTTAGCTGGGCGACAT,0,3560874
tisBp,0.05,19,19,CTAGAGTGAAATTGTACGTC,0,3542190
tisBp,0.05,19,19,CGTTAACTTTCACATTAGGA,0,3548264
tisBp,0.05,19,19,CGTCGTGGCAAGAAGCTCCG,0,3546453
tisBp,0.05,19,19,CGTACTAGCATATATGCATG,0,3565974
tisBp,0.05,19,19,CGGTTGGGGTGCAACGGAGT,0,3557190
tisBp,0.05,19,19,CGGCGATTGTGTATGTACAG,0,3592387
tisBp,0.05,19,19,CGGAAGCTTGACCCCTGAGT,0,3580565
tisBp,0.05,19,19,CGAGGTATGGGAGGTATCCC,0,3568347
tisBp,0.05,19,19,CCTCTGGACCGGCCATGATT,0,3549702
tisBp,0.05,19,19,CCGTGTACTTAGTCGAAGTA,0,3546281
tisBp,0.05,19,19,CCGCACTATCACGTGTGGAT,0,3592823
tisBp,0.05,19,19,CCAAAAAGGGTATGATGCTC,0,3595328
tisBp,0.05,19,19,CATTCCGGTGTGCTCCTGGT,0,3544682
tisBp,0.05,19,19,CATGAACTCAGGCTCAGTTC,0,3587439
tisBp,0.05,19,19,CATCGTAACGTTTCCTTCTT,0,3600613
tisBp,0.05,19,19,CATCCAGGACTTGTGGGCGA,0,3555585
tisBp,0.05,19,19,CAGTGCACATTCGAGATTAG,0,3582911
tisBp,0.05,19,19,CAGGACTGTGCTCTACGTAA,0,3563875
tisBp,0.05,19,19,CAGATTGGACACAGAACGTT,0,3598176
tisBp,0.05,19,19,CACTACGGAAGGACCTTCCG,0,3563457
tisBp,0.05,19,19,CACGAAGTCATCGTTGAGAG,0,3548380
tisBp,0.05,19,19,CAATGTGACTCACAAATTAT,0,3541673
tisBp,0.05,19,19,CAACGGCAAAACACGCACAA,0,3589050
tisBp,0.05,19,19,CAAAGATGACCATTAGGATA,0,3548448
tisBp,0.05,19,19,CAAACAAGGGCTAATTGTAA,0,3550443
tisBp,0.05,19,19,ATTGTTGTGCTCACTTTTTC,0,3569107
tisBp,0.05,19,19,ATTGAATCTGATAGGGTTAC,0,3584604
tisBp,0.05,19,19,ATTCCAGAGTTCCGGTATGC,0,3544745
tisBp,0.05,19,19,ATTCACGGACTTCTGGTTGT,0,3591038
tisBp,0.05,19,19,ATTAGCAGGAATATCAAGCC,0,3574615
tisBp,0.05,19,19,ATGTAGGGATTCACTGCGCA,0,3570477
tisBp,0.05,19,19,ATGGGATCCATTTCGTATAT,0,3554217
tisBp,0.05,19,19,ATGGCCATTATTAACGTGGT,0,3554559
tisBp,0.05,19,19,ATGCCGTAACGTATCTACAG,0,3558285
tisBp,0.05,19,19,ATGCCCTACCACGGGACATG,0,3549900
tisBp,0.05,19,19,ATCTGTGGGTGGATATGCAG,0,3592855
tisBp,0.05,19,19,ATCCAAGCATTTTTGTGGGT,0,3565013
tisBp,0.05,19,19,ATAATGAAGGATCGCTTGTT,0,3557204
tisBp,0.05,19,19,ATAAGCGGTTCAATCCGATT,0,3552614
tisBp,0.05,19,19,AGTGTAGTCTCCGCTCCCGT,0,3582610
tisBp,0.05,19,19,AGTGGCAAACCGAGCTCTAC,0,3578551
tisBp,0.05,19,19,AGGTCACTCGACACACGTAT,0,3550919
tisBp,0.05,19,19,AGGGGTTATGTGTCACCAAT,0,3574732
tisBp,0.05,19,19,AGGATACAGAGGCATGTTCT,0,3568084
tisBp,0.05,19,19,AGCACACGTGTTACCTGGTG,0,3588183
tisBp,0.05,19,19,AGAGTGCGCACGCAAATAGG,0,3560625
tisBp,0.05,19,19,ACTGTTCTGCAACTCCCGGC,0,3567338
tisBp,0.05,19,19,ACTGGGGGAGACGTGGTCAT,0,3579134
tisBp,0.05,19,19,ACTGCCAATTAATCGGAGCA,0,3598336
tisBp,0.05,19,19,ACTGATGATAAAAGGGCAAT,0,3546715
tisBp,0.05,19,19,ACTAGGATATGGAGGTCGTT,0,3587341
tisBp,0.05,19,19,ACTAAAAATCACCGTCAGGC,0,3580454
tisBp,0.05,19,19,ACGGTAGATATGGGAAATGG,0,3557026
tisBp,0.05,19,19,ACGAAACGGCCTCAGATGAC,0,3560145
tisBp,0.05,19,19,ACCTCTTAATACGACCAAGT,0,3599637
tisBp,0.05,19,19,ACCGTGTATCCTATCAGGCA,0,3561415
tisBp,0.05,19,19,ACCGGAGCTCGGGATTCAGA,0,3560554
tisBp,0.05,19,19,ACCCCCACACCTGAGTTTCC,0,3565943
tisBp,0.05,19,19,ACATGCGTCCGGTAAGGGTC,0,3542157
tisBp,0.05,19,19,ACATAATGCCCCAGGTGATT,0,3574668
tisBp,0.05,19,19,ACACTATACTATATCACCGA,0,3572953
tisBp,0.05,19,19,AATGCACACAGCCCGTTTTT,0,3555817
tisBp,0.05,19,19,AATCTCAGGCGCCTTCCGCT,0,3577375
tisBp,0.05,19,19,AATCTACCGATTAATCATGG,0,3545073
tisBp,0.05,19,19,AATCGCTAGACATTGATAGC,0,3586945
tisBp,0.05,19,19,AATCGCAGACATTATCAGGT,0,3545993
tisBp,0.05,19,19,AAGGGGATTGGTAAGCAGTT,0,3552951
tisBp,0.05,19,19,AAGCGAGGCATCGCTGTCAA,0,3576966
tisBp,0.05,19,19,AAGATGAGTCGGTGGGGAAG,0,3541749
tisBp,0.05,19,19,AAGAAGCCGTTTAGTAGTAA,0,3602927
tisBp,0.05,19,19,AACTACTGTAATGGTTGCAA,0,3558189
tisBp,0.05,19,19,AACGGCTCAAACTCCAACAT,0,3546199
tisBp,0.05,19,19,AACCGTCCACGAACGGTAAA,0,3586399
tisBp,0.05,19,19,AAATGTCCGAGATGGTGCGG,0,3556818
tisBp,0.05,19,19,AAATAGCACGCCTATATATT,0,3556510
tisBp,0.05,19,19,AAAGTCGCGGTCGGTCGGCA,0,3553112
tisBp,0.05,19,19,AAACTGTCTGGACGATTACC,0,3594125
tisBp,0.05,19,19,AAACGAAAAATTATACGCTC,0,3583925
tisBp,0.05263157894736842,18,18,TTTGCACAACCCCTTGGCTG,0,3541725
tisBp,0.05263157894736842,18,18,TTTCAGCTCCGACGACGATA,0,3561454
tisBp,0.05263157894736842,18,18,TTGGGTGCCTCTGAGAAATT,0,3583953
tisBp,0.05263157894736842,18,18,TTCTCGCGGACGTGCCGAAG,0,3596947
tisBp,0.05263157894736842,18,18,TTCGGGGCGTGTGTTCACAC,0,3571354
tisBp,0.05263157894736842,18,18,TTCCGCGGCTTCATGGGCGA,0,3571884
tisBp,0.05263157894736842,18,18,TTCACGTGAACCCGGCGGAA,0,3560177
tisBp,0.05263157894736842,18,18,TTATGACAAGCCCAATAGAA,0,3603515
tisBp,0.05263157894736842,18,18,TTATCAGAAAAGGGGGGCGG,0,3593598
tisBp,0.05263157894736842,18,18,TTAGCTGTTCTATGAAGTGA,0,3580198
tisBp,0.05263157894736842,18,18,TTAAAGCTGTATATGATCAA,0,3569126
tisBp,0.05263157894736842,18,18,TGTTCGGTGTGAACGGGACA,0,3547539
tisBp,0.05263157894736842,18,18,TGTTCAGAGAACAATAATCA,0,3591384
tisBp,0.05263157894736842,18,18,TGTTAAGTACTAGGGTTAGT,0,3545330
tisBp,0.05263157894736842,18,18,TGTGTCGGGACCTGACCCCA,0,3595090
tisBp,0.05263157894736842,18,18,TGTGGCCGTTGAATCTGCGT,0,3566718
tisBp,0.05263157894736842,18,18,TGGTCCAGGGTAGACCCCAT,0,3559231
tisBp,0.05263157894736842,18,18,TGGGTGCACGCCCCAAATGT,0,3601297
tisBp,0.05263157894736842,18,18,TGGGTAAGCGCTCCGCCGAA,0,3561629
tisBp,0.05263157894736842,18,18,TGGCATGCAGATAGAAGTCT,0,3543993
tisBp,0.05263157894736842,18,18,TGCTCTGGTCCTGGACTCAT,0,3555743
tisBp,0.05263157894736842,18,18,TGAGTCTCTCTCAGGGAATG,0,3580352
tisBp,0.05263157894736842,18,18,TGACTCTGTGTAGCTGGTCC,0,3548141
tisBp,0.05263157894736842,18,18,TGACGTCACCCAATGTCTTC,0,3562359
tisBp,0.05263157894736842,18,18,TCTTTGACTTATGGCTTAGG,0,3555275
tisBp,0.05263157894736842,18,18,TCTTGGGGGAAAGCTTTTAA,0,3578911
tisBp,0.05263157894736842,18,18,TCGGGGAAGTTAGTCACTCG,0,3544707
tisBp,0.05263157894736842,18,18,TCGCCGACACAAGAGACGTT,0,3564743
tisBp,0.05263157894736842,18,18,TCCCCTGGGTTTCCATTATC,0,3597234
tisBp,0.05263157894736842,18,18,TCCCATACCAGTGGAAGTTT,0,3562014
tisBp,0.05263157894736842,18,18,TCAGGTGCTTATGCCCCACC,0,3561496
tisBp,0.05263157894736842,18,18,TCAAGCTCTTCCCCATGTAA,0,3557532
tisBp,0.05263157894736842,18,18,TATTTAGACATGAGATGTTT,0,3552906
tisBp,0.05263157894736842,18,18,TATCTAATTTCGCTGATCGG,0,3558648
tisBp,0.05263157894736842,18,18,TATCGTGGAACCATCCCGGT,0,3574947
tisBp,0.05263157894736842,18,18,TAGCTATCGCTTCACGTAGG,0,3573369
tisBp,0.05263157894736842,18,18,TAGCGCCTTGTATGCGGTAC,0,3566881
tisBp,0.05263157894736842,18,18,TAATACACGTTTAGAGTGGA,0,3563213
tisBp,0.05263157894736842,18,18,TAAGGTTAGTATGTCTGGCA,0,3543857
tisBp,0.05263157894736842,18,18,TAAAGTCAAGCTCGGACGGA,0,3575565
tisBp,0.05263157894736842,18,18,GTTCTACATATCCTTTCGCT,0,3556800
tisBp,0.05263157894736842,18,18,GTTATGGACTAGGTCAACCA,0,3559260
tisBp,0.05263157894736842,18,18,GTGGATGAATCACTCGCACC,0,3569275
tisBp,0.05263157894736842,18,18,GTGCTTCAATGTTGCCTGGC,0,3578812
tisBp,0.05263157894736842,18,18,GTCTGGGATTAGCTTCGTAC,0,3549296
tisBp,0.05263157894736842,18,18,GTCGAACCCTATGGGACTTA,0,3570449
tisBp,0.05263157894736842,18,18,GTCATGTATTCGGGGCAACC,0,3577426
tisBp,0.05263157894736842,18,18,GTCATCACCAGTTACATGAA,0,3575441
tisBp,0.05263157894736842,18,18,GTCACGCGATCGGTCTTAAT,0,3585103
tisBp,0.05263157894736842,18,18,GTATAAGCAACGTGGAATAC,0,3541827
tisBp,0.05263157894736842,18,18,GTAGTCTCGGCCACTGGCTT,0,3554074
tisBp,0.05263157894736842,18,18,GTACTACCTGATCGGTCCTT,0,3582083
tisBp,0.05263157894736842,18,18,GTAAAATTAACATGTAAGGA,0,3581004
tisBp,0.05263157894736842,18,18,GGTTGATTGTGGGTGGAACC,0,3549651
tisBp,0.05263157894736842,18,18,GGTACGGTCAATTTCACCCA,0,3547556
tisBp,0.05263157894736842,18,18,GGTAATCCACAGAGGCAAGT,0,3553275
tisBp,0.05263157894736842,18,18,GGGGTGCTCCGTTAAGAGGG,0,3567991
tisBp,0.05263157894736842,18,18,GGGCGGCCCAAGGCCATTAC,0,3557548
tisBp,0.05263157894736842,18,18,GGGATATATGTATGGGACCT,0,3557007
tisBp,0.05263157894736842,18,18,GGGAGGTGGCCTAACACTCG,0,3554886
tisBp,0.05263157894736842,18,18,GGCCCGAATTGAGTTCGCTG,0,3559790
tisBp,0.05263157894736842,18,18,GGCAGTTTTAAATCTCGTTG,0,3542967
tisBp,0.05263157894736842,18,18,GGATAGAGTCCAGCGCGTCA,0,3557601
tisBp,0.05263157894736842,18,18,GGACCCATCATGAACTCGGT,0,3547010
tisBp,0.05263157894736842,18,18,GCTTATAGAGACAGCGCTGG,0,3551815
tisBp,0.05263157894736842,18,18,GCTCCACGTCTGCTGCGCCA,0,3592157
tisBp,0.05263157894736842,18,18,GCTATGGACAACGGAGTGCT,0,3583345
tisBp,0.05263157894736842,18,18,GCGTACTAAGTTTATTTAGT,0,3565434
tisBp,0.05263157894736842,18,18,GCGATTTCACACGTAGCAGA,0,3579161
tisBp,0.05263157894736842,18,18,GCCCGCCTACGATGCAGGGA,0,3552842
tisBp,0.05263157894736842,18,18,GCCAGGGGGAATGGTCAAAC,0,3582180
tisBp,0.05263157894736842,18,18,GCATTGGCCAAACGCATCCG,0,3586621
tisBp,0.05263157894736842,18,18,GCATTCTGTACAAAGCGATG,0,3595574
tisBp,0.05263157894736842,18,18,GCACTTTTCGCCTATAGCCC,0,3547772
tisBp,0.05263157894736842,18,18,GCACGTGGCGGTGTACCAAA,0,3549845
tisBp,0.05263157894736842,18,18,GCACATCTTCGATCCGGTGT,0,3543805
tisBp,0.05263157894736842,18,18,GCAAGCCTTCATTTACGAAT,0,3560763
tisBp,0.05263157894736842,18,18,GCAAGACGCTATAAAAAAGA,0,3558016
tisBp,0.05263157894736842,18,18,GATACTAACCGTAGGATTAC,0,3561083
tisBp,0.05263157894736842,18,18,GATAAATGAATGAGCATAAA,0,3566766
tisBp,0.05263157894736842,18,18,GAGGGCGTTTCCTGCGATCA,0,3559294
tisBp,0.05263157894736842,18,18,GACATCGTCGGGCAGGTTTT,0,3559875
tisBp,0.05263157894736842,18,18,GAATTTATTACATCCCGTGC,0,3549774
tisBp,0.05263157894736842,18,18,GAACCCGTACCCATAGGGAT,0,3590202
tisBp,0.05263157894736842,18,18,GAACAACAGCCGCCCTTAAT,0,3586455
tisBp,0.05263157894736842,18,18,GAAATGAGGACTCTTAGTGA,0,3597496
tisBp,0.05263157894736842,18,18,GAAATCTCTTGTATACGAGA,0,3550122
tisBp,0.05263157894736842,18,18,CTTTTGGGTCTTAGTGATGG,0,3561096
tisBp,0.05263157894736842,18,18,CTTTGCGACGTCCGGGTTGC,0,3594284
tisBp,0.05263157894736842,18,18,CTTGTCAGCTTTACAAATGA,0,3593215
tisBp,0.05263157894736842,18,18,CTTACAACGGCGCTATGGCG,0,3596426
tisBp,0.05263157894736842,18,18,CTGTTATTTTTACATATTTA,0,3566087
tisBp,0.05263157894736842,18,18,CTCTAGTCCCTCATGTGAGA,0,3551908
tisBp,0.05263157894736842,18,18,CTATGTGAACGCGTTATCCA,0,3549838
tisBp,0.05263157894736842,18,18,CTATATTGTCTCGCATGTCG,0,3591509
tisBp,0.05263157894736842,18,18,CTACGCAATACCACTGTGCA,0,3544945
tisBp,0.05263157894736842,18,18,CTAATAAATATTAGGGATTA,0,3564781
tisBp,0.05263157894736842,18,18,CTAACTGCGAATTCGACCTT,0,3582758
tisBp,0.05263157894736842,18,18,CGTGGCGAAAGCTTAATAGG,0,3579007
tisBp,0.05263157894736842,18,18,CGTCCGCCACGGGCACTGTT,0,3567094
tisBp,0.05263157894736842,18,18,CGCCTAGTCGGATGGTTCCC,0,3562728
tisBp,0.05263157894736842,18,18,CGCCTACTGTAAGATGGGTA,0,3559334
tisBp,0.05263157894736842,18,18,CGCCGCTATGGATTCGCTTA,0,3558779
tisBp,0.05263157894736842,18,18,CGCCGATATACAGAGAGGAG,0,3553885
tisBp,0.05263157894736842,18,18,CGCAAACAAAAGAGGTACTT,0,3568245
tisBp,0.05263157894736842,18,18,CGAGCGGCACATGCCTTTAC,0,3549701
tisBp,0.05263157894736842,18,18,CGAGCATGACTGTATCTTGG,0,3561669
tisBp,0.05263157894736842,18,18,CGACAGCATAACAGGTCGTA,0,3549999
tisBp,0.05263157894736842,18,18,CGAACGCGTCATTCCTAACT,0,3566226
tisBp,0.05263157894736842,18,18,CCTTCCGTTCGCGGATACTG,0,3547963
tisBp,0.05263157894736842,18,18,CCTGGTGTATTGAAGTCCTT,0,3557770
tisBp,0.05263157894736842,18,18,CCTATAAGTACTTGACTCCA,0,3574138
tisBp,0.05263157894736842,18,18,CCTACGAGCGTATTATACAT,0,3543899
tisBp,0.05263157894736842,18,18,CCTACCACTACAACTCACCA,0,3588182
tisBp,0.05263157894736842,18,18,CCGTCGGGGGCTACGCTTTG,0,3551883
tisBp,0.05263157894736842,18,18,CCGTATAAGGTTGTTGCTAG,0,3565516
tisBp,0.05263157894736842,18,18,CCGGACGGTTCTGCTCGATG,0,3567115
tisBp,0.05263157894736842,18,18,CCGCCCGAGAGAAGCCGGGA,0,3557137
tisBp,0.05263157894736842,18,18,CCCGCCCGCTCAATTACGCG,0,3599512
tisBp,0.05263157894736842,18,18,CCATGGCGCTTGCGATCAAT,0,3567886
tisBp,0.05263157894736842,18,18,CCAGGGGAGTAGGGACGAAG,0,3579090
tisBp,0.05263157894736842,18,18,CCAGGCAAGTTCTTGGGAAC,0,3546765
tisBp,0.05263157894736842,18,18,CCAGCCCCCGTTTGATATAG,0,3552528
tisBp,0.05263157894736842,18,18,CCAGCCAGTTTATTGTCGAG,0,3567722
tisBp,0.05263157894736842,18,18,CCAATTCAGTAGAGAATTTT,0,3557697
tisBp,0.05263157894736842,18,18,CATCACGAATGAAGGGTACC,0,3560487
tisBp,0.05263157894736842,18,18,CAGTGGGAGCCTTCAGCAGC,0,3583880
tisBp,0.05263157894736842,18,18,CAGTGCCCCTCTAGCGATCT,0,3561482
tisBp,0.05263157894736842,18,18,CAGATATTTGTGGACGACGT,0,3582085
tisBp,0.05263157894736842,18,18,CAGAATGGAGTAGGAGCAAA,0,3578137
tisBp,0.05263157894736842,18,18,CACGTTCTGGACCTAGACCA,0,3546139
tisBp,0.05263157894736842,18,18,CACCAGTGGCCCGTCTGTTT,0,3568612
tisBp,0.05263157894736842,18,18,CAATCGTATCTTGGGATTTC,0,3599818
tisBp,0.05263157894736842,18,18,CAATCGGCCGGATGATTACG,0,3585508
tisBp,0.05263157894736842,18,18,CAACTATATGTTTGCGCCAG,0,3553414
tisBp,0.05263157894736842,18,18,CAACAACGGCAGGGATATAT,0,3555333
tisBp,0.05263157894736842,18,18,ATTTAGCTTATTGGATCGTC,0,3568039
tisBp,0.05263157894736842,18,18,ATTATTCCCTGTCGTAAACG,0,3599616
tisBp,0.05263157894736842,18,18,ATTAGATTCCGCATGTCTAT,0,3559220
tisBp,0.05263157894736842,18,18,ATTACGAGCCATTCCCTTGG,0,3598964
tisBp,0.05263157894736842,18,18,ATTAAGACGTGTGCCCACCT,0,3600182
tisBp,0.05263157894736842,18,18,ATGTGCGGATACAGAATCCT,0,3593397
tisBp,0.05263157894736842,18,18,ATGGAGGAGTCAGCATCTCA,0,3589007
tisBp,0.05263157894736842,18,18,ATGATTCAGCCATAGGGGTA,0,3541975
tisBp,0.05263157894736842,18,18,ATGATCCGACTGTGGTAGGC,0,3594692
tisBp,0.05263157894736842,18,18,ATCGCGTGGGGAGCCCACAC,0,3563859
tisBp,0.05263157894736842,18,18,ATCACGGACACATGAGCGGT,0,3557492
tisBp,0.05263157894736842,18,18,ATATTATGTGTGGCCCGCTA,0,3554821
tisBp,0.05263157894736842,18,18,ATATCGGGCCAATTCTTGTT,0,3563780
tisBp,0.05263157894736842,18,18,ATAGTGGACCCCACTGCTTA,0,3542539
tisBp,0.05263157894736842,18,18,AGTTCGACACAACCGACTGC,0,3549945
tisBp,0.05263157894736842,18,18,AGTCTTACACGCAGACCTGT,0,3556860
tisBp,0.05263157894736842,18,18,AGGGCATAGAGTTGCCAGCC,0,3556403
tisBp,0.05263157894736842,18,18,AGGACCATGACTCCTCGTTA,0,3600997
tisBp,0.05263157894736842,18,18,AGCCTAGCACATCGATAAGT,0,3549458
tisBp,0.05263157894736842,18,18,AGCCATACGTTTCGAATTTA,0,3567727
tisBp,0.05263157894736842,18,18,AGACTCCACAGCGGAACGAT,0,3581434
tisBp,0.05263157894736842,18,18,ACTTTAGATCTGGAATACTC,0,3576425
tisBp,0.05263157894736842,18,18,ACTGCTCAAGGCTATCCGAG,0,3553314
tisBp,0.05263157894736842,18,18,ACTAGGGCGCGATGGGTGTA,0,3601440
tisBp,0.05263157894736842,18,18,ACGTTCAGGGACCCTTGCGT,0,3593065
tisBp,0.05263157894736842,18,18,ACGTCTGAAAGAAGCTACGT,0,3600928
tisBp,0.05263157894736842,18,18,ACCTTTGGGGCATCTTTACA,0,3573864
tisBp,0.05263157894736842,18,18,ACCAGGCATTCCCCTCGCTA,0,3560865
tisBp,0.05263157894736842,18,18,ACCAGCAAAGGTGATGGCTA,0,3581549
tisBp,0.05263157894736842,18,18,ACAGCTTCGATGCCTGTTGA,0,3558304
tisBp,0.05263157894736842,18,18,AATCGTGGATCCGTAGACAA,0,3554303
tisBp,0.05263157894736842,18,18,AAGCTTAATACGCAGCCGCG,0,3553180
tisBp,0.05263157894736842,18,18,AAGACTGTCATATTTATAGA,0,3585634
tisBp,0.05263157894736842,18,18,AACTTTTTGCGCGCTCGGGG,0,3577005
tisBp,0.05263157894736842,18,18,AACGTATGCAGTCGTAACTA,0,3585357
tisBp,0.05263157894736842,18,18,AACGACGCGCCAGCCCATAG,0,3579677
tisBp,0.05263157894736842,18,18,AAAGTGCGAAACGTAGTTAT,0,3543036
tisBp,0.05263157894736842,18,18,AAAAGCTCTAGCAGCCAGTG,0,3584218
tisBp,0.05555555555555555,17,17,TTTTTGGTTACCTGAGGTAG,0,3567553
tisBp,0.05555555555555555,17,17,TTTTGTGCACAACCGACACA,0,3595080
tisBp,0.05555555555555555,17,17,TTTTGGGCTCTGTGTTCGAC,0,3548461
tisBp,0.05555555555555555,17,17,TTTATCTGTCGCTTAAGAAC,0,3546259
tisBp,0.05555555555555555,17,17,TTGTTTAAGGAGAGAATGTT,0,3574536
tisBp,0.05555555555555555,17,17,TTGGGGCGACCACACACAGG,0,3551680
tisBp,0.05555555555555555,17,17,TTGCCCAGGTCCACTCGGAC,0,3589270
tisBp,0.05555555555555555,17,17,TTCGTAGAGAAACTGTCGGC,0,3599821
tisBp,0.05555555555555555,17,17,TTCGGTGTTGGGCTCGAGTG,0,3543175
tisBp,0.05555555555555555,17,17,TTCCTGAACAACGAGGGCTA,0,3569891
tisBp,0.05555555555555555,17,17,TTCCGACTTCCCGGGGGGGT,0,3587492
tisBp,0.05555555555555555,17,17,TTCCACGCAGTGAGTAAAAG,0,3543525
tisBp,0.05555555555555555,17,17,TTCATGATTCCACTAGCGGA,0,3573802
tisBp,0.05555555555555555,17,17,TTCACTAACGCGGCCCCACT,0,3563631
tisBp,0.05555555555555555,17,17,TTATTTACTCAAATCGATAG,0,3572559
tisBp,0.05555555555555555,17,17,TTACTCGACTCAGAACGTTT,0,3576480
tisBp,0.05555555555555555,17,17,TGTGTGTCATCTCAGCAGCA,0,3587804
tisBp,0.05555555555555555,17,17,TGTACAAGCGTACACCGACC,0,3593352
tisBp,0.05555555555555555,17,17,TGGTTGACTCCACGGATATT,0,3593303
tisBp,0.05555555555555555,17,17,TGGTTAAGCGACCCCTAGCA,0,3598376
tisBp,0.05555555555555555,17,17,TGGGTGCACATCTGTACCTT,0,3552699
tisBp,0.05555555555555555,17,17,TGGGGCTTCCGCAGTCGCTT,0,3592810
tisBp,0.05555555555555555,17,17,TGGCGTTGGCGTTAATGGAC,0,3572744
tisBp,0.05555555555555555,17,17,TGGCGGAGTCAAGTCCCACA,0,3597475
tisBp,0.05555555555555555,17,17,TGCCAGTTAAGAGGACGGGG,0,3560709
tisBp,0.05555555555555555,17,17,TGCAGAGGATAACACCGACT,0,3563029
tisBp,0.05555555555555555,17,17,TGACTGTTAGAAGAGTGAAG,0,3589926
tisBp,0.05555555555555555,17,17,TGACAGCACTCGGTATCGCA,0,3601441
tisBp,0.05555555555555555,17,17,TCTTCGTGATCGATTACTTT,0,3564527
tisBp,0.05555555555555555,17,17,TCTAATCGGAGGATGCCACG,0,3550410
tisBp,0.05555555555555555,17,17,TCGGTGGGTTGAATTTCATG,0,3558156
tisBp,0.05555555555555555,17,17,TCGGCACAATAATGGCATGT,0,3582200
tisBp,0.05555555555555555,17,17,TCGGATACTATTCGCGTTTC,0,3561228
tisBp,0.05555555555555555,17,17,TCGCTAAGAATCGATTATCG,0,3579883
tisBp,0.05555555555555555,17,17,TCGCCCCGTCGCGGCCGGAA,0,3571373
tisBp,0.05555555555555555,17,17,TCCGTTATGGGAACTAGACA,0,3591040
tisBp,0.05555555555555555,17,17,TCCATTATCCGCTTCTCTTG,0,3598615
tisBp,0.05555555555555555,17,17,TCAGGGTGATTATTCCCTGC,0,3583891
tisBp,0.05555555555555555,17,17,TCAGCCTTTCTGGGTGGTCG,0,3571649
tisBp,0.05555555555555555,17,17,TATTGCAAACCTGAGGCAAC,0,3572827
tisBp,0.05555555555555555,17,17,TATGTTCATGTTGGGACAAG,0,3593351
tisBp,0.05555555555555555,17,17,TATGTAGCGTTGAATAAGCG,0,3549532
tisBp,0.05555555555555555,17,17,TAGCATATATTGGGCGTCAC,0,3576557
tisBp,0.05555555555555555,17,17,TAGCATATATATGCCAAAGG,0,3554926
tisBp,0.05555555555555555,17,17,TAGAGTTTGATTAAGGTCTG,0,3560880
tisBp,0.05555555555555555,17,17,TACTTGAATTTTTGGGCGAG,0,3565050
tisBp,0.05555555555555555,17,17,TACTCGGTTGAGGCTGGGAG,0,3585729
tisBp,0.05555555555555555,17,17,TACTCCGGGCCTTTCGTAAT,0,3559079
tisBp,0.05555555555555555,17,17,TACCTTCACCCCACGACACG,0,3550568
tisBp,0.05555555555555555,17,17,GTTTTTTCAATGTTAACGAC,0,3545902
tisBp,0.05555555555555555,17,17,GTTTTTACTATATAGACACA,0,3579814
tisBp,0.05555555555555555,17,17,GTTGTCTTTGCAAATCGGTT,0,3551915
tisBp,0.05555555555555555,17,17,GTTGCCCCAGGAGATATTTA,0,3590867
tisBp,0.05555555555555555,17,17,GTTCCTCACACCGAAGCAAG,0,3587603
tisBp,0.05555555555555555,17,17,GTGGCCCAGGTTTGGGCCAA,0,3577549
tisBp,0.05555555555555555,17,17,GTCTTAAGGTCTAACGGCGA,0,3589114
tisBp,0.05555555555555555,17,17,GTCACAACCCGCGGAGCATA,0,3592671
tisBp,0.05555555555555555,17,17,GTATGGCCCGCGGGTGCTGT,0,3581439
tisBp,0.05555555555555555,17,17,GTACCCCTGGGACGAGCCTT,0,3595173
tisBp,0.05555555555555555,17,17,GGTGAAGTGCGACTGCCAGT,0,3603202
tisBp,0.05555555555555555,17,17,GGTACATAAGCTGCGAAGCG,0,3571245
tisBp,0.05555555555555555,17,17,GGGTGCCCGAGGTATGGAGA,0,3591047
tisBp,0.05555555555555555,17,17,GGGTATCTTTGATAATATGA,0,3585889
tisBp,0.05555555555555555,17,17,GGGGGCGGTTGCACTCTTAG,0,3542924
tisBp,0.05555555555555555,17,17,GGGCCGCTAAGTCAAAACAG,0,3565428
tisBp,0.05555555555555555,17,17,GGCTATGGGTAAAATAGGTT,0,3567471
tisBp,0.05555555555555555,17,17,GGCGCCGCGGGGTAAATAGG,0,3598374
tisBp,0.05555555555555555,17,17,GCTTAGATGGACGCGTTTAA,0,3560258
tisBp,0.05555555555555555,17,17,GCTGATGAGTTTTAGATCTT,0,3592860
tisBp,0.05555555555555555,17,17,GCTATTCTGCACCATCGTCG,0,3550729
tisBp,0.05555555555555555,17,17,GCGTTGTGAACTGAATGTTA,0,3597427
tisBp,0.05555555555555555,17,17,GCGGAAGATCCAGCTCGTTT,0,3568308
tisBp,0.05555555555555555,17,17,GCGGAAATTTTTTTGTTCGA,0,3548676
tisBp,0.05555555555555555,17,17,GCGAAAAGCTAGACCGTACT,0,3599820
tisBp,0.05555555555555555,17,17,GCCTGAATTACGGGTTTTTT,0,3570221
tisBp,0.05555555555555555,17,17,GCCTAAGAGGTGCGATCCGT,0,3600270
tisBp,0.05555555555555555,17,17,GCCGGCTCACATGGCATTTG,0,3547262
tisBp,0.05555555555555555,17,17,GCCGATCCGACGCGTCTGGG,0,3569233
tisBp,0.05555555555555555,17,17,GCCCTTGCAGAGAGTGAATC,0,3563633
tisBp,0.05555555555555555,17,17,GCCAGATTGTACCGAATTAG,0,3567993
tisBp,0.05555555555555555,17,17,GCATGGCGCATGTCTACGAC,0,3590416
tisBp,0.05555555555555555,17,17,GCATCTGGCCGGCAGAAGTA,0,3568357
tisBp,0.05555555555555555,17,17,GCACTGCTGGTATCAACTAT,0,3570937
tisBp,0.05555555555555555,17,17,GATGAAGAGGAGTTTGTGTG,0,3545056
tisBp,0.05555555555555555,17,17,GAGTCGGCTGCATCGCGAAC,0,3572164
tisBp,0.05555555555555555,17,17,GACGGACGGGTAGCTGGTAA,0,3599930
tisBp,0.05555555555555555,17,17,GACGAAAATGATTGCGGGGA,0,3578481
tisBp,0.05555555555555555,17,17,GACCGTGCCGCCGGGGGCCT,0,3572748
tisBp,0.05555555555555555,17,17,GACAGAGCAGACTCTACATC,0,3592104
tisBp,0.05555555555555555,17,17,GACACTTGATATAACGACAT,0,3549540
tisBp,0.05555555555555555,17,17,GAATCGTCACTATATCGCTC,0,3597680
tisBp,0.05555555555555555,17,17,GAAATATCTTTTTCGATACA,0,3556402
tisBp,0.05555555555555555,17,17,CTTTGTTTTAAGCTCACTGC,0,3565595
tisBp,0.05555555555555555,17,17,CTTTAGGCTCATAAAACGTG,0,3577802
tisBp,0.05555555555555555,17,17,CTTGAGGCATTCAGAGATAG,0,3595355
tisBp,0.05555555555555555,17,17,CTTCGGCATCTACGCCCTAC,0,3574307
tisBp,0.05555555555555555,17,17,CTGTTTACATCAAAGACAGC,0,3551170
tisBp,0.05555555555555555,17,17,CTGGGTGTGTTGTGATATCT,0,3559196
tisBp,0.05555555555555555,17,17,CTGCGTATGAATAGCAGCAA,0,3547045
tisBp,0.05555555555555555,17,17,CTGATTTACGAGGGGGCTAT,0,3555622
tisBp,0.05555555555555555,17,17,CTCGAACAAATAGGGTTCGG,0,3581098
tisBp,0.05555555555555555,17,17,CTCCGGGCGGTCCATCATCG,0,3566092
tisBp,0.05555555555555555,17,17,CTCACCAACTCGCCGGTGGT,0,3579079
tisBp,0.05555555555555555,17,17,CTATATCTTGCAGGACTATA,0,3544350
tisBp,0.05555555555555555,17,17,CTAAGAGGCTCCCGCATTGT,0,3569117
tisBp,0.05555555555555555,17,17,CGTAGCACTCTTGGTCCATG,0,3555419
tisBp,0.05555555555555555,17,17,CGTACGACCCACGAAAAATT,0,3561974
tisBp,0.05555555555555555,17,17,CGGGCGCGTTTGTGTCCGTC,0,3555533
tisBp,0.05555555555555555,17,17,CGGGCGCCTTGGCCAGAGCT,0,3574869
tisBp,0.05555555555555555,17,17,CGGCATTCTCTATGACTTAG,0,3566037
tisBp,0.05555555555555555,17,17,CGGCAAAGATGGAGTGTAAG,0,3580800
tisBp,0.05555555555555555,17,17,CGCTGCCGACCATCCTCCGT,0,3561656
tisBp,0.05555555555555555,17,17,CGCGGTTGCTGGTACAAGCT,0,3571447
tisBp,0.05555555555555555,17,17,CGCATTAAGGACATATTTTC,0,3551427
tisBp,0.05555555555555555,17,17,CGAAGACAAGAGGGCCGCGA,0,3564484
tisBp,0.05555555555555555,17,17,CCTTTGTTTTCAAACTAATG,0,3567125
tisBp,0.05555555555555555,17,17,CCTGCACGTTCCGTAGCTAC,0,3594682
tisBp,0.05555555555555555,17,17,CCTCCGATACACTAGCTTGC,0,3589868
tisBp,0.05555555555555555,17,17,CCGGGCAAGTTATCGCCGAC,0,3545008
tisBp,0.05555555555555555,17,17,CCGCTCTGACAAGACGAGGT,0,3547140
tisBp,0.05555555555555555,17,17,CCGCATGATGGGTAGTCAAA,0,3589751
tisBp,0.05555555555555555,17,17,CCGATCCGCGTTCTAATCGC,0,3550514
tisBp,0.05555555555555555,17,17,CCCTTCGTAGGGACGCGCAA,0,3593681
tisBp,0.05555555555555555,17,17,CCCTGCTGACGCAAGACCCG,0,3575421
tisBp,0.05555555555555555,17,17,CCCTCGGACACGTTTCCAGA,0,3588864
tisBp,0.05555555555555555,17,17,CCCGTCTGCTGCTTAAAATT,0,3586444
tisBp,0.05555555555555555,17,17,CCCGCAAGCTTCCTTAGATC,0,3572274
tisBp,0.05555555555555555,17,17,CCCCCTATAGGTGGCACCTA,0,3567339
tisBp,0.05555555555555555,17,17,CCCCATGGGTGAATCTTACC,0,3598568
tisBp,0.05555555555555555,17,17,CCCAAGGATATAATTACCAC,0,3581016
tisBp,0.05555555555555555,17,17,CCACTAAGTGTTGCGACCAC,0,3573411
tisBp,0.05555555555555555,17,17,CCACGGGCACACTTACACGC,0,3572570
tisBp,0.05555555555555555,17,17,CATGATGCATACGCGAACTT,0,3591646
tisBp,0.05555555555555555,17,17,CATACCCACTCTGTCTAGGA,0,3576301
tisBp,0.05555555555555555,17,17,CAGTTATTAGCAGCCCGTAT,0,3599932
tisBp,0.05555555555555555,17,17,CAGTGCTAGAACTAGCGCTA,0,3591488
tisBp,0.05555555555555555,17,17,CAGATAGGCAATTCAGCTGT,0,3586369
tisBp,0.05555555555555555,17,17,CAGACTGCTTTCAATTTGGC,0,3547993
tisBp,0.05555555555555555,17,17,CACTTAGCGTATAAATCCCT,0,3559044
tisBp,0.05555555555555555,17,17,CACGTTGTAACTGTCACCAC,0,3583344
tisBp,0.05555555555555555,17,17,CACAGTCAGCTATGGCCAAA,0,3564790
tisBp,0.05555555555555555,17,17,CAAGTTTCAGAACTTAGAAA,0,3570701
tisBp,0.05555555555555555,17,17,CAACTGACGCTGCTCGCGAT,0,3573604
tisBp,0.05555555555555555,17,17,CAAATAAATAGATACGCAAT,0,3562237
tisBp,0.05555555555555555,17,17,CAAAAAACGGGATGAGCGCG,0,3556590
tisBp,0.05555555555555555,17,17,ATTCGCAACTACGTGTATAG,0,3555818
tisBp,0.05555555555555555,17,17,ATTATCAGGCCGCCTTGTAC,0,3593354
tisBp,0.05555555555555555,17,17,ATTAGTTTGGCCCGGGTGCA,0,3568088
tisBp,0.05555555555555555,17,17,ATTAGTTTCCAGATGGCTCC,0,3567480
tisBp,0.05555555555555555,17,17,ATGGGCCAAAATTAACTGCG,0,3587197
tisBp,0.05555555555555555,17,17,ATGGCTAAATCGGGTAATAG,0,3572341
tisBp,0.05555555555555555,17,17,ATGCTGCGTCCAGACACTCT,0,3593349
tisBp,0.05555555555555555,17,17,ATGCTGAAAACACCCAAGAT,0,3590093
tisBp,0.05555555555555555,17,17,ATGCGCTTAAATCCCTAAAA,0,3601288
tisBp,0.05555555555555555,17,17,ATGCCGTTTCCAGCACGAAC,0,3569950
tisBp,0.05555555555555555,17,17,ATGAGTGTGAGATCCTATAT,0,3591456
tisBp,0.05555555555555555,17,17,ATCGCGGCGAATCGCAGCTC,0,3580564
tisBp,0.05555555555555555,17,17,ATCCAAGCTTCGTAGAGGCC,0,3574679
tisBp,0.05555555555555555,17,17,ATCAGCATAACGGATCACGC,0,3549893
tisBp,0.05555555555555555,17,17,ATACCCGTTAAGGGGAGTTA,0,3546670
tisBp,0.05555555555555555,17,17,AGTTGCTCAGGCATTTGATA,0,3542940
tisBp,0.05555555555555555,17,17,AGTCAGCGATCCGTGCTATA,0,3574142
tisBp,0.05555555555555555,17,17,AGTAAAAATTATGTGAGGAG,0,3553113
tisBp,0.05555555555555555,17,17,AGGTGCTCGTACTCTTAAGG,0,3578243
tisBp,0.05555555555555555,17,17,AGGTATTTCAGCCGTAGTTA,0,3546582
tisBp,0.05555555555555555,17,17,AGGGGTTAGCACGGAGCGGA,0,3591378
tisBp,0.05555555555555555,17,17,AGGGCTCAGATTCACCCTGC,0,3579488
tisBp,0.05555555555555555,17,17,AGGCGGGGTTCCTAGGAAGT,0,3568593
tisBp,0.05555555555555555,17,17,AGGCGCGCTAAAGCTTTACA,0,3602267
tisBp,0.05555555555555555,17,17,AGCTGCGGAGATCGTAACCG,0,3568291
tisBp,0.05555555555555555,17,17,AGCTCAACAGGGGACGACCT,0,3545456
tisBp,0.05555555555555555,17,17,AGCAGGGATAATAAAGGCTA,0,3585534
tisBp,0.05555555555555555,17,17,AGAGTTCCGAGTCGGCACTT,0,3561324
tisBp,0.05555555555555555,17,17,AGACTCGCACTGGATCTCCT,0,3560210
tisBp,0.05555555555555555,17,17,AGACGCTCGGCTACTCCAGA,0,3578124
tisBp,0.05555555555555555,17,17,AGACCCAGTTATGTGAAAAT,0,3592276
tisBp,0.05555555555555555,17,17,AGAATCGGCCCGCAAGACCT,0,3586189
tisBp,0.05555555555555555,17,17,ACTGGTAATAAGACACTGCA,0,3569731
tisBp,0.05555555555555555,17,17,ACTCTAGGAAAAGCGTGAAG,0,3549053
tisBp,0.05555555555555555,17,17,ACTCGCCACAGGCTTAGTTT,0,3556117
tisBp,0.05555555555555555,17,17,ACGCTAGCCATAATTCTCGT,0,3574755
tisBp,0.05555555555555555,17,17,ACGATGAGCGTGAAAGCAAG,0,3547011
tisBp,0.05555555555555555,17,17,ACCTGGCCACGCCCAGACTT,0,3580101
tisBp,0.05555555555555555,17,17,ACCGGGAGGGACGTAGTTTC,0,3572134
tisBp,0.05555555555555555,17,17,ACCGCTTGACATATCCTCTT,0,3559525
tisBp,0.05555555555555555,17,17,ACCATTGGCTAATCACAGAG,0,3561560
tisBp,0.05555555555555555,17,17,ACCATTATGGAACGTCAAGT,0,3599414
tisBp,0.05555555555555555,17,17,ACATATGGGAGATCTGAAGA,0,3601381
tisBp,0.05555555555555555,17,17,ACAGTTCCGTTGGTCCAATA,0,3556679
tisBp,0.05555555555555555,17,17,AATGTCATATAGCGGATAAA,0,3595330
tisBp,0.05555555555555555,17,17,AATCTTAGAAGCAGTGTGTA,0,3588851
tisBp,0.05555555555555555,17,17,AATACAATCAACTACCGTTT,0,3591821
tisBp,0.05555555555555555,17,17,AAGCGCACGTCCGCGCATAA,0,3581799
tisBp,0.05555555555555555,17,17,AAGCCTACGAATAGTGACGG,0,3593844
tisBp,0.05555555555555555,17,17,AACGTAGCGAAATGTGTCGT,0,3550924
tisBp,0.05555555555555555,17,17,AACGCACATCGTTCCTTCGT,0,3589298
tisBp,0.05555555555555555,17,17,AACCCCTAAAGGTAATCCAT,0,3595416
tisBp,0.05555555555555555,17,17,AAATTATTTCATTCCCATAA,0,3603031
tisBp,0.05555555555555555,17,17,AAATCACCCTTCTACTTAGT,0,3574306
tisBp,0.05555555555555555,17,17,AAAATTGCTCGATATCCGAA,0,3547368
tisBp,0.05555555555555555,17,17,AAAAGGAACTTAATGCAAGA,0,3588425
tisBp,0.058823529411764705,16,16,TTTTGATTTGGATTCGGTTT,0,3600082
tisBp,0.058823529411764705,16,16,TTTTCACACACGCGCAATAG,0,3589499
tisBp,0.058823529411764705,16,16,TTTGCTCGTTCATCCGTGGC,0,3564892
tisBp,0.058823529411764705,16,16,TTTGCCGCAGGCAAAGGAAT,0,3580301
tisBp,0.058823529411764705,16,16,TTTCGACTCTTGGTAGTTGT,0,3561675
tisBp,0.058823529411764705,16,16,TTTCCTTCACTGGATGTAAA,0,3557738
tisBp,0.058823529411764705,16,16,TTTCCGGCGCTGAATTCCCA,0,3569673
tisBp,0.058823529411764705,16,16,TTTCCGATTTTGACGGTGTG,0,3552759
tisBp,0.058823529411764705,16,16,TTTCCACTCGCAGTGGCCAG,0,3564521
tisBp,0.058823529411764705,16,16,TTTCAGTACCCCTGTTCCTT,0,3551721
tisBp,0.058823529411764705,16,16,TTGTTTGTGCGCTTTGGCAT,0,3576484
tisBp,0.058823529411764705,16,16,TTGTCACATTGTACGTTGTC,0,3598902
tisBp,0.058823529411764705,16,16,TTGGGTTGTAAATATTAAAT,0,3557191
tisBp,0.058823529411764705,16,16,TTGCACTTAGATAACTCGTA,0,3559882
tisBp,0.058823529411764705,16,16,TTCTGATATGACAAAAAGAT,0,3599007
tisBp,0.058823529411764705,16,16,TTCAGCCATAAGCACGCAGA,0,3573260
tisBp,0.058823529411764705,16,16,TTATAACATCGATACGAATA,0,3560867
tisBp,0.058823529411764705,16,16,TTAGGCATTCGTAGTCACTC,0,3598510
tisBp,0.058823529411764705,16,16,TTACACACTTGGCAAGGTCG,0,3579968
tisBp,0.058823529411764705,16,16,TTAAAGCAGTCCGAATTGTT,0,3576990
tisBp,0.058823529411764705,16,16,TGTGGGCAATGACAGACGAG,0,3546318
tisBp,0.058823529411764705,16,16,TGTCGGTTGTGATGTTCGCC,0,3546023
tisBp,0.058823529411764705,16,16,TGTCGAATGGACACAGGTCA,0,3573232
tisBp,0.058823529411764705,16,16,TGTCCCTAATCTAGGGGTGG,0,3572490
tisBp,0.058823529411764705,16,16,TGGTTCGTGACGGGTTGTTT,0,3555610
tisBp,0.058823529411764705,16,16,TGGTGCCCCGGGGAGGGTTC,0,3579967
tisBp,0.058823529411764705,16,16,TGGCTTAGGGCGCATGCACG,0,3559009
tisBp,0.058823529411764705,16,16,TGCGTGAAGCTGACACGTTC,0,3549892
tisBp,0.058823529411764705,16,16,TGCCAGTCGAATGCCCGGCA,0,3566790
tisBp,0.058823529411764705,16,16,TGCCAGGCTCAGAATTATCC,0,3560768
tisBp,0.058823529411764705,16,16,TGCAATGCAAGTCATGTCCA,0,3586062
tisBp,0.058823529411764705,16,16,TGATGCTTTAGAGGCCTCTT,0,3546387
tisBp,0.058823529411764705,16,16,TGAGGCCTCCATTTCGGCCT,0,3593989
tisBp,0.058823529411764705,16,16,TGAGAATAGTCCCCCTTCCA,0,3555247
tisBp,0.058823529411764705,16,16,TCGGCGCTCGGGATTGCCAT,0,3588897
tisBp,0.058823529411764705,16,16,TCGCTGCACGCAATGGCTCC,0,3599874
tisBp,0.058823529411764705,16,16,TCGCCTGTACCGCAATAAAT,0,3546606
tisBp,0.058823529411764705,16,16,TCGAACATTGGATGTGCAAA,0,3579578
tisBp,0.058823529411764705,16,16,TCCGTTTGGTGAACAAACTT,0,3578935
tisBp,0.058823529411764705,16,16,TCAGCTGTGACGCTAAGAAC,0,3552292
tisBp,0.058823529411764705,16,16,TCAGACAACACTGTCTAATC,0,3600311
tisBp,0.058823529411764705,16,16,TCACTTCGGGGCTCCCTGGC,0,3555281
tisBp,0.058823529411764705,16,16,TCACGTACCGTGGAGATGCC,0,3556541
tisBp,0.058823529411764705,16,16,TCAACAACGTGTAACTGGCT,0,3562385
tisBp,0.058823529411764705,16,16,TATTGTTCTTTGCCTGAGTT,0,3580383
tisBp,0.058823529411764705,16,16,TATTGGCAGATAATCAAATC,0,3552830
tisBp,0.058823529411764705,16,16,TATCCTAATTTGCCCCCGGA,0,3585157
tisBp,0.058823529411764705,16,16,TATACGAGCTTTTTTCCACA,0,3551731
tisBp,0.058823529411764705,16,16,TAGCGCAGATGTCGAATGTG,0,3595178
tisBp,0.058823529411764705,16,16,TAGCAACCTAGTGTTCCAAT,0,3563659
tisBp,0.058823529411764705,16,16,TACTCGACGCACTTCCAGCT,0,3560246
tisBp,0.058823529411764705,16,16,TACTCGAATACTGGTAGCAA,0,3576762
tisBp,0.058823529411764705,16,16,TACGGTTGATAATAAGGTAA,0,3566026
tisBp,0.058823529411764705,16,16,TACGATGAAGATACTGCGGC,0,3565679
tisBp,0.058823529411764705,16,16,TACCTTGGGGTTTTAGCATA,0,3576898
tisBp,0.058823529411764705,16,16,TACCAGTGAGTCTATTCGTC,0,3549952
tisBp,0.058823529411764705,16,16,TACAAAACGTTAGAGCCTGC,0,3566915
tisBp,0.058823529411764705,16,16,TAATCCCGAACCGCCCTACC,0,3597806
tisBp,0.058823529411764705,16,16,TAAGGTCTAAGGCTGCCATC,0,3566093
tisBp,0.058823529411764705,16,16,TAAGGGCTGAAAATCTCGAC,0,3557686
tisBp,0.058823529411764705,16,16,TAAGGGCGCGTAGGACGGGT,0,3543124
tisBp,0.058823529411764705,16,16,TAAGGAGGGCGGTCTGGCAG,0,3599677
tisBp,0.058823529411764705,16,16,TAACTAACCACGAAAGTTGC,0,3576046
tisBp,0.058823529411764705,16,16,TAAATGAGTCCGACCCTAAT,0,3550774
tisBp,0.058823529411764705,16,16,TAAAGGTAACCGATCTCCAG,0,3595377
tisBp,0.058823529411764705,16,16,GTTCTGAGTGTGAATTTATA,0,3584395
tisBp,0.058823529411764705,16,16,GTTCATAACCTCCCATGCAA,0,3543848
tisBp,0.058823529411764705,16,16,GTTAGCGACTAGAGCAGAAT,0,3584875
tisBp,0.058823529411764705,16,16,GTGGCCGCGTCAAGAGCCAC,0,3571775
tisBp,0.058823529411764705,16,16,GTGAATCACATACGTCGTAT,0,3587030
tisBp,0.058823529411764705,16,16,GTCAGTGTTACGGGGTCAAT,0,3557581
tisBp,0.058823529411764705,16,16,GTCAAATGATGCACTGCCCA,0,3559257
tisBp,0.058823529411764705,16,16,GTATGTGGCCATTTTAAGCA,0,3545024
tisBp,0.058823529411764705,16,16,GTATCCCCCGAACGTGGTTA,0,3567883
tisBp,0.058823529411764705,16,16,GTAGTGCGAAACTGCTGGAT,0,3562075
tisBp,0.058823529411764705,16,16,GTACCTTAACTGGACGTCAT,0,3547032
tisBp,0.058823529411764705,16,16,GTAAAGACCTTGTGTATCAT,0,3568435
tisBp,0.058823529411764705,16,16,GGTGGTCGGATTTCAGTTCT,0,3554847
tisBp,0.058823529411764705,16,16,GGTGGGTGAGGTGGCCCGGT,0,3546209
tisBp,0.058823529411764705,16,16,GGTGCAGGTGTGGAGACACA,0,3552938
tisBp,0.058823529411764705,16,16,GGTCCGTAATGCCACTCAAA,0,3560408
tisBp,0.058823529411764705,16,16,GGTCACTCGTCACTTTCTTC,0,3568300
tisBp,0.058823529411764705,16,16,GGGTGGGTAATCGAAAACAG,0,3598802
tisBp,0.058823529411764705,16,16,GGGTATTTCTCGACACTGTG,0,3575034
tisBp,0.058823529411764705,16,16,GGGGTGATGGCTAGGTACAA,0,3574473
tisBp,0.058823529411764705,16,16,GGGGTATTCCCGGGCAAATA,0,3593407
tisBp,0.058823529411764705,16,16,GGGGGAAAAATAAGCTGCGC,0,3595601
tisBp,0.058823529411764705,16,16,GGGGAAATTGCCCGGTCTGT,0,3596760
tisBp,0.058823529411764705,16,16,GGGATTCTAGCTGAGTCAAT,0,3603582
tisBp,0.058823529411764705,16,16,GGCTGGAGCCTGGGGGGTTC,0,3590499
tisBp,0.058823529411764705,16,16,GGCTAATGACATATACGAAC,0,3570699
tisBp,0.058823529411764705,16,16,GGCGGGATGAGAGAATCACA,0,3586482
tisBp,0.058823529411764705,16,16,GGCCGTCCCCGAGCAGGTGT,0,3542802
tisBp,0.058823529411764705,16,16,GGCCCAACAATTTACTGCTT,0,3542604
tisBp,0.058823529411764705,16,16,GGCACTGCGGACTGCACCAG,0,3566591
tisBp,0.058823529411764705,16,16,GCTTCACCACAGCATGGCCC,0,3548654
tisBp,0.058823529411764705,16,16,GCTGGAAACCTTTCTACGTC,0,3587725
tisBp,0.058823529411764705,16,16,GCTCTTCAGTAGGTTGTGCG,0,3569531
tisBp,0.058823529411764705,16,16,GCTAGCACGGGTTGTACCAA,0,3558657
tisBp,0.058823529411764705,16,16,GCTACGTTACTCCTCTGTAC,0,3575445
tisBp,0.058823529411764705,16,16,GCGTTGCATGCCGACGTCAA,0,3556890
tisBp,0.058823529411764705,16,16,GCGTCGGTCGCGTAACCAGT,0,3564231
tisBp,0.058823529411764705,16,16,GCGTCGGGATATATTTGCCG,0,3595489
tisBp,0.058823529411764705,16,16,GCGGGTGGCGTGGGCCGTGT,0,3553157
tisBp,0.058823529411764705,16,16,GCGGGGCGTAGCGGGTTGCA,0,3558063
tisBp,0.058823529411764705,16,16,GCGCAGGTTGGCATTGTGAA,0,3568918
tisBp,0.058823529411764705,16,16,GCCTATTCGCTTTCCCTGGC,0,3565665
tisBp,0.058823529411764705,16,16,GCCGTGCCTTATTGATACTG,0,3600086
tisBp,0.058823529411764705,16,16,GCCGTCTACTGACTAACGAC,0,3583892
tisBp,0.058823529411764705,16,16,GCCATGCGAGAGGGTTCCCT,0,3572560
tisBp,0.058823529411764705,16,16,GCAGGCAGTTTGTACGTTGT,0,3598895
tisBp,0.058823529411764705,16,16,GCACGTGGCGATAGTCTTGT,0,3580620
tisBp,0.058823529411764705,16,16,GCACGTGAATGCTATTTTGC,0,3571642
tisBp,0.058823529411764705,16,16,GATCCATCAAAACGCGCTAC,0,3556293
tisBp,0.058823529411764705,16,16,GAGGTTGGCTGGAGGTACCA,0,3593569
tisBp,0.058823529411764705,16,16,GAGGGCATTCTGTTTTTGAA,0,3564984
tisBp,0.058823529411764705,16,16,GACGCGGCGCCTGTCGGTGA,0,3556398
tisBp,0.058823529411764705,16,16,GAATAAGTAATCTCTAGTAT,0,3543888
tisBp,0.058823529411764705,16,16,GAACAAAGGGCCGCTATCAC,0,3572832
tisBp,0.058823529411764705,16,16,GAAATATGCCGTAACTTGAG,0,3549453
tisBp,0.058823529411764705,16,16,GAAACTCATCAAATCGGCAG,0,3590750
tisBp,0.058823529411764705,16,16,CTTGGAAATATTCATCGACT,0,3580638
tisBp,0.058823529411764705,16,16,CTTGATTACTAAAACCATTA,0,3563227
tisBp,0.058823529411764705,16,16,CTTGAATACAAACTTACCTA,0,3557125
tisBp,0.058823529411764705,16,16,CTTCGAGGGACATGTTTTTT,0,3602683
tisBp,0.058823529411764705,16,16,CTGGTGAAATGCCACCCACT,0,3558138
tisBp,0.058823529411764705,16,16,CTGGTATGCGTCCCTAATTG,0,3552805
tisBp,0.058823529411764705,16,16,CTGAACGTTTGCCAGCGGAT,0,3556725
tisBp,0.058823529411764705,16,16,CTCCGACGAATACTTGGATT,0,3583179
tisBp,0.058823529411764705,16,16,CTCCAGGACGAAGGTTCCTG,0,3579809
tisBp,0.058823529411764705,16,16,CTATGGGGTAGTGAATCACG,0,3552877
tisBp,0.058823529411764705,16,16,CTATATCAACCTTGCCGTTG,0,3597213
tisBp,0.058823529411764705,16,16,CTAACCTAGGGCCCCAAAGT,0,3583145
tisBp,0.058823529411764705,16,16,CTAAATGCAGTATTATGGCC,0,3549921
tisBp,0.058823529411764705,16,16,CGTTTGACAAGTTGGGTGCC,0,3572926
tisBp,0.058823529411764705,16,16,CGTCGTTAGAAGGGGTAGAT,0,3571095
tisBp,0.058823529411764705,16,16,CGGCGCAGTCGAACATCAGT,0,3552604
tisBp,0.058823529411764705,16,16,CGGAGCGGTTCTATTTGGCA,0,3542864
tisBp,0.058823529411764705,16,16,CGCGGTTGTTACCTTCGCCA,0,3561035
tisBp,0.058823529411764705,16,16,CGCAGGCTCAGGAACGGGAC,0,3577360
tisBp,0.058823529411764705,16,16,CGCAGCCGAGACTGTATCTT,0,3561555
tisBp,0.058823529411764705,16,16,CGCACGTCCGCCTAATCTCT,0,3551912
tisBp,0.058823529411764705,16,16,CGATTAATCCGGCCTTCTCC,0,3558274
tisBp,0.058823529411764705,16,16,CGACCGGAGAGCATACGGTT,0,3543885
tisBp,0.058823529411764705,16,16,CGACCAGTGTTATCAGTGAT,0,3583464
tisBp,0.058823529411764705,16,16,CGAATTTAAAGGCAGCTGCC,0,3587349
tisBp,0.058823529411764705,16,16,CGAATCAACAGACAACCAAG,0,3553825
tisBp,0.058823529411764705,16,16,CGAAACTGATTGCATTATGT,0,3569540
tisBp,0.058823529411764705,16,16,CCTATATGTTTGCAAAAGGT,0,3556862
tisBp,0.058823529411764705,16,16,CCTATAGTTGAAATTTCAGG,0,3589750
tisBp,0.058823529411764705,16,16,CCTAACCTGAATCTTAGGAA,0,3567558
tisBp,0.058823529411764705,16,16,CCGGTTGATTATTCAAATGA,0,3578982
tisBp,0.058823529411764705,16,16,CCGGTATTTATTATTCTAAT,0,3579043
tisBp,0.058823529411764705,16,16,CCGCACTAATTCCAGCATGC,0,3577252
tisBp,0.058823529411764705,16,16,CCGAATCAATAACGGCTGGG,0,3582333
tisBp,0.058823529411764705,16,16,CCGAAACACAGTGACATCTA,0,3557228
tisBp,0.058823529411764705,16,16,CCCTCCAATGCCGATCGCCT,0,3557075
tisBp,0.058823529411764705,16,16,CCCCGATTTCTACTCAAACT,0,3585890
tisBp,0.058823529411764705,16,16,CCCCCAAATGGCCAGTGCGA,0,3565484
tisBp,0.058823529411764705,16,16,CCCATCCTGGGTCCAATCCT,0,3591352
tisBp,0.058823529411764705,16,16,CCACCTGACACTAATGTAAG,0,3546021
tisBp,0.058823529411764705,16,16,CCAATACCACACCAGTGCCT,0,3556204
tisBp,0.058823529411764705,16,16,CCAAGCAAACCCGCACGGGA,0,3577028
tisBp,0.058823529411764705,16,16,CATTTAGCACATCATTATAA,0,3597468
tisBp,0.058823529411764705,16,16,CATTGAATCGTATCTTTGTA,0,3562870
tisBp,0.058823529411764705,16,16,CATGGTGGCACACTTCTAAA,0,3601466
tisBp,0.058823529411764705,16,16,CATCGGTTCGGATCCGATAT,0,3577759
tisBp,0.058823529411764705,16,16,CATATCGGAGAGGCCTATAG,0,3575279
tisBp,0.058823529411764705,16,16,CATAACTGCCGGTACGCGAG,0,3585906
tisBp,0.058823529411764705,16,16,CATAACATCCCGCTCAGTGC,0,3599118
tisBp,0.058823529411764705,16,16,CAGCATCGATCGACTTCCTA,0,3545533
tisBp,0.058823529411764705,16,16,CACGATATCTCCTGAGTATG,0,3593125
tisBp,0.058823529411764705,16,16,CACCGAAGGTGCCGCTAGGA,0,3543813
tisBp,0.058823529411764705,16,16,CAATTAATCGTGTCGGCTGT,0,3589935
tisBp,0.058823529411764705,16,16,CAAAATATACCTACGGGCGT,0,3559229
tisBp,0.058823529411764705,16,16,ATTCCTTCCAGTCATGATTT,0,3555024
tisBp,0.058823529411764705,16,16,ATTCAAGAGCATGATTGTCT,0,3590998
tisBp,0.058823529411764705,16,16,ATTAGATGGTGGATGAATAT,0,3564235
tisBp,0.058823529411764705,16,16,ATGTGCTAACGTGTCGGTAT,0,3558024
tisBp,0.058823529411764705,16,16,ATGTAAAGGGACTTCACGAC,0,3556846
tisBp,0.058823529411764705,16,16,ATGGGTTCGTGGACACGCGA,0,3550877
tisBp,0.058823529411764705,16,16,ATGGAGCTTCGGACTGGGTA,0,3580643
tisBp,0.058823529411764705,16,16,ATGATTGCTGAACATAGCCC,0,3571028
tisBp,0.058823529411764705,16,16,ATGATACTTCTCTGATCTAC,0,3592158
tisBp,0.058823529411764705,16,16,ATGAAGAATGTGCATGTGCC,0,3561730
tisBp,0.058823529411764705,16,16,ATCTTCTAAATCGGTGGAGA,0,3556711
tisBp,0.058823529411764705,16,16,ATCTACTGAGGCAACTAGAG,0,3603636
tisBp,0.058823529411764705,16,16,ATCCGGTTGCCTAAGACGCA,0,3561621
tisBp,0.058823529411764705,16,16,ATCATCGCGGGCTGAGTTAC,0,3584103
tisBp,0.058823529411764705,16,16,ATATGCTCGGGCTGTCGTTT,0,3579308
tisBp,0.058823529411764705,16,16,ATAGCGTTGGTGGTTATGTT,0,3590047
tisBp,0.058823529411764705,16,16,ATAATACTACAAGAGCTCTG,0,3579241
tisBp,0.058823529411764705,16,16,AGTTTTAGCGGTTTGTGCTT,0,3578815
tisBp,0.058823529411764705,16,16,AGTTAGGGTTGCTCATTTTG,0,3590227
tisBp,0.058823529411764705,16,16,AGTGGGGCCACAAATTTAGC,0,3552378
tisBp,0.058823529411764705,16,16,AGTCGGAGGCTCTTGCCTAG,0,3576107
tisBp,0.058823529411764705,16,16,AGTCAAGTGTTTCAGCTTTA,0,3544689
tisBp,0.058823529411764705,16,16,AGGTGTTATAAAGCGATGGT,0,3562242
tisBp,0.058823529411764705,16,16,AGGTCATTTGGGTACAACAT,0,3559354
tisBp,0.058823529411764705,16,16,AGGCTGTAATGGTTAGGCGT,0,3565358
tisBp,0.058823529411764705,16,16,AGGATCATCGCGGGTTCGGA,0,3561209
tisBp,0.058823529411764705,16,16,AGGAGCTCTGACCCGATATA,0,3580122
tisBp,0.058823529411764705,16,16,AGCTCATTAAAAGGCACTTC,0,3550622
tisBp,0.058823529411764705,16,16,AGCGTGAGATAGAGGAGAAA,0,3594992
tisBp,0.058823529411764705,16,16,AGCGTAGACGCAACTCGGGT,0,3582264
tisBp,0.058823529411764705,16,16,AGCGTACCATCCTGCAACCT,0,3578604
tisBp,0.058823529411764705,16,16,AGCGGCATCAGTACACATGG,0,3552755
tisBp,0.058823529411764705,16,16,AGCGGAACCAATGCCAGCGG,0,3571529
tisBp,0.058823529411764705,16,16,AGCGCCTCATGTTCGAACTA,0,3546269
tisBp,0.058823529411764705,16,16,AGCGCAGAGTGCTTGCATCC,0,3588421
tisBp,0.058823529411764705,16,16,AGCCACGTCATTCGGGAACG,0,3544003
tisBp,0.058823529411764705,16,16,AGATATCTGTAACGATCAAG,0,3566878
tisBp,0.058823529411764705,16,16,AGAGTCTTCGTGGCTTTTAG,0,3599487
tisBp,0.058823529411764705,16,16,AGAGGTGTGGGGACATGTAC,0,3569500
tisBp,0.058823529411764705,16,16,AGACAAAAAAGGTTGTACCA,0,3575807
tisBp,0.058823529411764705,16,16,AGAATAAAGCGTCCTAGTTC,0,3545336
tisBp,0.058823529411764705,16,16,ACTTCATGAACTACAGAGTT,0,3555614
tisBp,0.058823529411764705,16,16,ACTGTCCCACATAGATGATG,0,3548474
tisBp,0.058823529411764705,16,16,ACTCGGAGAAGGGAGCACAA,0,3561117
tisBp,0.058823529411764705,16,16,ACTACCGGCGCGTCGGTGCT,0,3575385
tisBp,0.058823529411764705,16,16,ACGTTTTTAGAACACTACTA,0,3583465
tisBp,0.058823529411764705,16,16,ACGGCTCTTTAGCCATACGT,0,3595577
tisBp,0.058823529411764705,16,16,ACGATGGAATCACCTCTTCG,0,3568397
tisBp,0.058823529411764705,16,16,ACGAGCTACGTAACATCCTG,0,3554584
tisBp,0.058823529411764705,16,16,ACCTTTTGAAATTATAGATC,0,3558114
tisBp,0.058823529411764705,16,16,ACCTTGGTCCCGGGTAGGCT,0,3598554
tisBp,0.058823529411764705,16,16,ACCGCTGGTCATATAGGAAG,0,3541563
tisBp,0.058823529411764705,16,16,ACATGTATATGTACGCATCA,0,3602478
tisBp,0.058823529411764705,16,16,ACATACACCCGGGGACGGGT,0,3598835
tisBp,0.058823529411764705,16,16,ACAGACTGCTATTGCACTGG,0,3552935
tisBp,0.058823529411764705,16,16,AATTATGTAGTCACGCAGCA,0,3546472
tisBp,0.058823529411764705,16,16,AATTACTTATGTTGCGACAA,0,3571008
tisBp,0.058823529411764705,16,16,AATGGTCGAAAGTGCTCGAG,0,3548331
tisBp,0.058823529411764705,16,16,AATGGGTACATTTGTTGCGT,0,3574429
tisBp,0.058823529411764705,16,16,AAGCCGTGCGGACGTACTAC,0,3582898
tisBp,0.058823529411764705,16,16,AAGATGATATAGCCTGCAGT,0,3548639
tisBp,0.058823529411764705,16,16,AACGAACCATGGCGGACATG,0,3594408
tisBp,0.058823529411764705,16,16,AACCGACTGTTCAGATTATC,0,3553277
tisBp,0.058823529411764705,16,16,AACCAGGACAGGCTGCCGTT,0,3580380
tisBp,0.058823529411764705,16,16,AAACACAGTTGTACTCTATG,0,3566189
tisBp,0.058823529411764705,16,16,AAAAGATTTGTGACCGCGCT,0,3560475
tisBp,0.0625,15,15,TTTGAGCAGGAAAGATGGAT,0,3561084
tisBp,0.0625,15,15,TTTCCACAGCATATATTGAG,0,3548567
tisBp,0.0625,15,15,TTGTTATACACTATGTAGGT,0,3551279
tisBp,0.0625,15,15,TTGGATCCTCTTTCAAATGA,0,3567573
tisBp,0.0625,15,15,TTGCGAGTTTAGTACTCTAT,0,3549808
tisBp,0.0625,15,15,TTGCATTAAGCCAGTATATA,0,3563824
tisBp,0.0625,15,15,TTGCAGAAGGTGTGCATCGC,0,3562273
tisBp,0.0625,15,15,TTCTTCACTGCTATGTGTGT,0,3547038
tisBp,0.0625,15,15,TTCTGCACGGTATCAAACCA,0,3552587
tisBp,0.0625,15,15,TTCGCTACGAACCTGGAAAA,0,3560973
tisBp,0.0625,15,15,TTCGCCGTTAATGTCGGGTA,0,3548912
tisBp,0.0625,15,15,TTATGGGTCGTCCGCTTAGA,0,3552530
tisBp,0.0625,15,15,TTATCTCTTCGTTCGCAATG,0,3568290
tisBp,0.0625,15,15,TTAGGTGCTACCTTGTACGG,0,3577246
tisBp,0.0625,15,15,TTAGGCACTTGTACATACAT,0,3595335
tisBp,0.0625,15,15,TTACGCAACGGCCACATAAC,0,3541728
tisBp,0.0625,15,15,TTAATGGACATGTGCCTTAA,0,3544477
tisBp,0.0625,15,15,TGTTTTCTGGGAATACCAGT,0,3583672
tisBp,0.0625,15,15,TGTGGTGATGAACTGCTATG,0,3563110
tisBp,0.0625,15,15,TGTGACTGTTTTTTCCTGTG,0,3602403
tisBp,0.0625,15,15,TGTCCGAGCATGCCTCCGGA,0,3559289
tisBp,0.0625,15,15,TGTATCCGGGTGGCTCTGCC,0,3598341
tisBp,0.0625,15,15,TGGGTAACTTGCTGGTCTCA,0,3558802
tisBp,0.0625,15,15,TGGCCAACGGAACTAGCAAC,0,3551916
tisBp,0.0625,15,15,TGGCAACATCGAGTTGTGAC,0,3591224
tisBp,0.0625,15,15,TGGACGCGACCATGATTTAA,0,3546361
tisBp,0.0625,15,15,TGCTTATGGTTACGCCGGGT,0,3555774
tisBp,0.0625,15,15,TGCGTATTCCAGGTTAGTGT,0,3563632
tisBp,0.0625,15,15,TGCCCCAGTGAGTAATGTAT,0,3557923
tisBp,0.0625,15,15,TGATGGTTGAGACCATGAGG,0,3591492
tisBp,0.0625,15,15,TGATCCGTATTGGCAAATCA,0,3567355
tisBp,0.0625,15,15,TCTTGCGACCAAACAATTCG,0,3560815
tisBp,0.0625,15,15,TCTGGATTGCTATGTAATAT,0,3549009
tisBp,0.0625,15,15,TCTCAACATAACGCTTGGGT,0,3544629
tisBp,0.0625,15,15,TCTAGTAACTTGTTGGCAGG,0,3603869
tisBp,0.0625,15,15,TCTACCGTCCCGTACCCCCC,0,3600017
tisBp,0.0625,15,15,TCTAAATGAGGGTTTGTATA,0,3572826
tisBp,0.0625,15,15,TCGTTTAGTTTGCCGTTCAG,0,3560311
tisBp,0.0625,15,15,TCGTGCCCTGTGACCCCATA,0,3561801
tisBp,0.0625,15,15,TCGTAAGGACGCCCGGAGCC,0,3552757
tisBp,0.0625,15,15,TCGTAAGAGTCGTTGAGACT,0,3562402
tisBp,0.0625,15,15,TCGGGAGGTGCTAGGGCTCC,0,3570616
tisBp,0.0625,15,15,TCCATATTCGGGCGATCTGT,0,3564045
tisBp,0.0625,15,15,TCATAGACGGTAAGCTTTTC,0,3596656
tisBp,0.0625,15,15,TCAGAATGGGTGCCGGTTGG,0,3550311
tisBp,0.0625,15,15,TCACCTCTCGTGCGACTCCC,0,3558782
tisBp,0.0625,15,15,TAGCGTAAAGTGGGGGCCTT,0,3586183
tisBp,0.0625,15,15,TAGCGCAGGCGAAAGTCGAT,0,3568403
tisBp,0.0625,15,15,TACGTCCAGGGTATTCTAGG,0,3582871
tisBp,0.0625,15,15,TACGGCCCGGATACCTAGGA,0,3560696
tisBp,0.0625,15,15,TACGAGCGCCGGGTCGCAGG,0,3576193
tisBp,0.0625,15,15,TACCGTAGGAGCAAACGCTA,0,3571646
tisBp,0.0625,15,15,TAAGGGCCATTGGCTGGACG,0,3574045
tisBp,0.0625,15,15,TAACCGCAACCTCGAAGAAT,0,3543932
tisBp,0.0625,15,15,TAACCGACGCAGCCGCTAAA,0,3603494
tisBp,0.0625,15,15,GTTTGCCATATGACAGGACA,0,3546632
tisBp,0.0625,15,15,GTTTGATAAAAAAGGCAGAA,0,3564943
tisBp,0.0625,15,15,GTTTGAACGGGACCTTGACA,0,3553564
tisBp,0.0625,15,15,GTTGTCACAGTGTGCGGCGT,0,3549198
tisBp,0.0625,15,15,GTTGGCGCATAGATCTTCAA,0,3567863
tisBp,0.0625,15,15,GTTGGAGTTCACATTCTGAC,0,3596262
tisBp,0.0625,15,15,GTTCTTCGGAGCAGCAACAA,0,3592564
tisBp,0.0625,15,15,GTTCGAACGTCAAGTATTTC,0,3568888
tisBp,0.0625,15,15,GTTAAAGATGGCTTGTAGTC,0,3558859
tisBp,0.0625,15,15,GTGTTGTTTCTAAGTGCCCT,0,3579635
tisBp,0.0625,15,15,GTGCCTTAGAGGCCCGCACT,0,3558350
tisBp,0.0625,15,15,GTCTACGCATGCGGCGATAC,0,3598001
tisBp,0.0625,15,15,GTCGTGAGGCTGGTCCCGGC,0,3570165
tisBp,0.0625,15,15,GTCCTTATCTATATCAAATC,0,3581314
tisBp,0.0625,15,15,GTATTCGCTGGGACAAGCCT,0,3565430
tisBp,0.0625,15,15,GTACGCTCTAGGCGACGGAA,0,3549068
tisBp,0.0625,15,15,GTACCTCCCTAATCGGTAGC,0,3561684
tisBp,0.0625,15,15,GTAAGGTTCCTTGAGGGTTT,0,3571926
tisBp,0.0625,15,15,GGTGTCTCCGGATCCTGTGA,0,3571276
tisBp,0.0625,15,15,GGTGCCAGAGCAGGCCGACG,0,3593787
tisBp,0.0625,15,15,GGTGAAAGCCCGGCCCGGAT,0,3591513
tisBp,0.0625,15,15,GGGTGACCTAGAGCTATCGC,0,3548416
tisBp,0.0625,15,15,GGGGTCCACAAAGGCCCTGC,0,3576330
tisBp,0.0625,15,15,GGGGACAACGCTTAGGGCGA,0,3561036
tisBp,0.0625,15,15,GGGGAATAGCCTAAAACACA,0,3561557
tisBp,0.0625,15,15,GGCTTCAGACTTAACTGTGG,0,3581403
tisBp,0.0625,15,15,GGCTAACTCACTTCAAGCAG,0,3572684
tisBp,0.0625,15,15,GGCGTCTGTTGCAGCAATCT,0,3599934
tisBp,0.0625,15,15,GGCAGGTAGGGACTTAGAGA,0,3561673
tisBp,0.0625,15,15,GGCAATGTGGAATTCAAAAG,0,3576531
tisBp,0.0625,15,15,GGAATTCTCGGCGGCGGCTA,0,3595919
tisBp,0.0625,15,15,GGAATCTCCGCAGGGTACCC,0,3560180
tisBp,0.0625,15,15,GGAAATGGAGGCAGCTGACA,0,3567229
tisBp,0.0625,15,15,GCTTGACCTATATTGGCGTT,0,3550515
tisBp,0.0625,15,15,GCTTCAACTGCCACGTTCTC,0,3555959
tisBp,0.0625,15,15,GCTGTCGAAGTGGTCGGCCA,0,3569591
tisBp,0.0625,15,15,GCTGGTTTGATGCAAATCGC,0,3562090
tisBp,0.0625,15,15,GCTCGTGTATTCGGTTCGGG,0,3591917
tisBp,0.0625,15,15,GCTAGCGATGCCCCCAACGC,0,3567657
tisBp,0.0625,15,15,GCGTACGCAGTTTCGTGCGA,0,3543958
tisBp,0.0625,15,15,GCGTACCAGTCATCGGGGGA,0,3581388
tisBp,0.0625,15,15,GCGGGAAGGCGTAACGATGG,0,3555167
tisBp,0.0625,15,15,GCGCCCCCCTGATAGGCTAT,0,3544040
tisBp,0.0625,15,15,GCGAGCTGTAATACTGTTCA,0,3581752
tisBp,0.0625,15,15,GCGAACTTAAGGTATCCGGG,0,3565055
tisBp,0.0625,15,15,GCCTTGATACGGCATGCAGT,0,3598730
tisBp,0.0625,15,15,GCCTACTGGCACACGATATC,0,3558117
tisBp,0.0625,15,15,GCCTACTGCCTATTGTAAAA,0,3547096
tisBp,0.0625,15,15,GCCGAAATGCCATGTGTGGT,0,3571380
tisBp,0.0625,15,15,GCCCGTAAGACGAAGCGACA,0,3578148
tisBp,0.0625,15,15,GCCAAGGTATTGAGGCTGAC,0,3546981
tisBp,0.0625,15,15,GCCAAAACGAGTAACTCGCT,0,3573517
tisBp,0.0625,15,15,GCAGCCTGCTGTACGCTAGC,0,3544838
tisBp,0.0625,15,15,GATTATTCGCTCGTACTACC,0,3550780
tisBp,0.0625,15,15,GATGCTTCTAGCAAGACATT,0,3574488
tisBp,0.0625,15,15,GATCAGCCAGCGCCTTAGTT,0,3560209
tisBp,0.0625,15,15,GATAATTTATAGTGGTGAAA,0,3546078
tisBp,0.0625,15,15,GAGGCCGGCCCATTTGCTTA,0,3544727
tisBp,0.0625,15,15,GAGCATTCTCTGTCTACAGA,0,3593038
tisBp,0.0625,15,15,GAGATTTGTCCCAACAGCTA,0,3558220
tisBp,0.0625,15,15,GACATCACCTTAGCAAGGGG,0,3592941
tisBp,0.0625,15,15,GAAGGCTCTGGTATCGTAAA,0,3579579
tisBp,0.0625,15,15,GAACATGCTAATCGATGCTT,0,3568637
tisBp,0.0625,15,15,CTTTCTGTAGGTGCGCTAAG,0,3592563
tisBp,0.0625,15,15,CTTTACGGGGAAACTGGCTA,0,3579188
tisBp,0.0625,15,15,CTTCCTCGTCTCGTTTCGTG,0,3572130
tisBp,0.0625,15,15,CTTCAGGGGCTTTGCCGGGG,0,3571901
tisBp,0.0625,15,15,CTGTTTTTGGTAGTGGACGA,0,3560712
tisBp,0.0625,15,15,CTGGTCGAGATGCACGGGAA,0,3580330
tisBp,0.0625,15,15,CTGGTACCTTTGATTGGCAA,0,3575208
tisBp,0.0625,15,15,CTGCTTGCACGCTTATACTA,0,3558282
tisBp,0.0625,15,15,CTGCTCGTTAGTAGTTCCCC,0,3583459
tisBp,0.0625,15,15,CTGCCAATATCGTTGTGGGG,0,3599542
tisBp,0.0625,15,15,CTGCAGTTCGAGCCTGGTAG,0,3582929
tisBp,0.0625,15,15,CTGCAAGTTAGTAAAAGAGA,0,3552041
tisBp,0.0625,15,15,CTCTTCCGTGCCTAAGTGAT,0,3560933
tisBp,0.0625,15,15,CTCTGTATCGGTGACTCGAC,0,3568428
tisBp,0.0625,15,15,CTCCGACTTATATCTCGCGT,0,3593266
tisBp,0.0625,15,15,CTCCGAACGGGAGCCTGTCT,0,3586640
tisBp,0.0625,15,15,CTCAATTAGCCCAACGCTAC,0,3564198
tisBp,0.0625,15,15,CTAGGATCAAGTCAACAGGG,0,3599648
tisBp,0.0625,15,15,CTAGACGGAATCTGCATTTC,0,3583280
tisBp,0.0625,15,15,CTAAGCAGCGAGTTGTGCGG,0,3558023
tisBp,0.0625,15,15,CGTCACCTCGTAAGTTAACT,0,3553095
tisBp,0.0625,15,15,CGTATTTGGGATCATGCACA,0,3565835
tisBp,0.0625,15,15,CGGGTCACGGCACAAGATCA,0,3563341
tisBp,0.0625,15,15,CGGGATGGAACATACAATGC,0,3560357
tisBp,0.0625,15,15,CGGCGTTTGTGGAGCGTTAG,0,3597235
tisBp,0.0625,15,15,CGGATTTCCAGACTGTATAG,0,3560723
tisBp,0.0625,15,15,CGGAGATACGCCCTCCTGTT,0,3558457
tisBp,0.0625,15,15,CGGACGAGGACGTGGCGACA,0,3566030
tisBp,0.0625,15,15,CGCGGGCGCACATCCAGTGG,0,3575563
tisBp,0.0625,15,15,CGCGCTACCGGTAGAAACCT,0,3541745
tisBp,0.0625,15,15,CGATTTTGGCCAAATACTCA,0,3552695
tisBp,0.0625,15,15,CGAACCTTACACCCGTAGCA,0,3577117
tisBp,0.0625,15,15,CCTGCCTTTAACCCCGATAT,0,3543880
tisBp,0.0625,15,15,CCTCAGACCGATTAGTGAGA,0,3584841
tisBp,0.0625,15,15,CCTAACCATATCTGCCAGGG,0,3601929
tisBp,0.0625,15,15,CCGTTCAATTTTCCATTGAT,0,3573862
tisBp,0.0625,15,15,CCGTCGCGAGGTCTTGCGTT,0,3543446
tisBp,0.0625,15,15,CCGGTCAATAACATGCGTGG,0,3589844
tisBp,0.0625,15,15,CCGAGCTGCCTAAGCCTCTA,0,3573786
tisBp,0.0625,15,15,CCGAACCCTTCTTGGACAGC,0,3541740
tisBp,0.0625,15,15,CCGAAACAAATGCCGTCCCG,0,3573177
tisBp,0.0625,15,15,CCCTCATTGGTGCGCCAGAA,0,3602232
tisBp,0.0625,15,15,CCCTATAGGGTAAGCTACTC,0,3573473
tisBp,0.0625,15,15,CCCGGGTCTTTTCTAAACAA,0,3580908
tisBp,0.0625,15,15,CCCCCAAGGCTTGCCTCGAG,0,3561447
tisBp,0.0625,15,15,CCCACCTTGAGGTCCGTGGC,0,3554620
tisBp,0.0625,15,15,CCATTGGCCCCTTGCTCATA,0,3564378
tisBp,0.0625,15,15,CCACCGCTCGTGAATGGGAA,0,3551419
tisBp,0.0625,15,15,CCAATATTGGTATCCAGCAT,0,3565680
tisBp,0.0625,15,15,CCAAAGGCTGGCTTCATCTG,0,3547602
tisBp,0.0625,15,15,CATGTAAATGATGTGGGGCT,0,3576406
tisBp,0.0625,15,15,CATCCTGCTAGGTGAGAATG,0,3552241
tisBp,0.0625,15,15,CATCCGCCCACACGGCCTGG,0,3592735
tisBp,0.0625,15,15,CATCCGCAACCCCCGGTAGG,0,3546141
tisBp,0.0625,15,15,CAGGTTTCGAAAAAGCGACG,0,3586375
tisBp,0.0625,15,15,CAGGTGGCATTCACAGCAAG,0,3580803
tisBp,0.0625,15,15,CAGGCTTCACGGGCCATTCT,0,3593878
tisBp,0.0625,15,15,CAGATAGGTTTGCCCGTTTG,0,3552574
tisBp,0.0625,15,15,CAGAAAGTGACCTTGACGCG,0,3597842
tisBp,0.0625,15,15,CACTTCGTTTGGCCGTGTCA,0,3585424
tisBp,0.0625,15,15,CACGGTTCGGGAGCCTTCGG,0,3554384
tisBp,0.0625,15,15,CACCATTGGCTGTATACGGA,0,3572891
tisBp,0.0625,15,15,CAAACGAAAGTTGCGCTATT,0,3578487
tisBp,0.0625,15,15,ATTGAATAGGTCCTAGAAGT,0,3589323
tisBp,0.0625,15,15,ATTATAGCCAGATGTCACAA,0,3552475
tisBp,0.0625,15,15,ATGTGGCCGCGTGATGCTCT,0,3574638
tisBp,0.0625,15,15,ATGGCCTTGCCATATATCGC,0,3550826
tisBp,0.0625,15,15,ATGGACACGACACGCGAGGT,0,3587691
tisBp,0.0625,15,15,ATGATCCCTCTCTCATTAAT,0,3571861
tisBp,0.0625,15,15,ATGACATACGGGCGTAGCTG,0,3571774
tisBp,0.0625,15,15,ATGAACCCAAACGAAGGTAT,0,3554816
tisBp,0.0625,15,15,ATGAACAGAAAAGGTGCTCT,0,3574765
tisBp,0.0625,15,15,ATGAAATTCAGAGACCGTGT,0,3579928
tisBp,0.0625,15,15,ATCTATTCACATCGCTGGGG,0,3592580
tisBp,0.0625,15,15,ATCGAAGCGCTACAGTGGAA,0,3580255
tisBp,0.0625,15,15,ATCCGTCTGTTCATAGCCTC,0,3557033
tisBp,0.0625,15,15,ATATTTTGGCAGTTAGTCGT,0,3573040
tisBp,0.0625,15,15,ATATTCTACTTGATACTGAG,0,3595917
tisBp,0.0625,15,15,ATAGTTTTCCCATCAGTCCT,0,3589191
tisBp,0.0625,15,15,ATAGGGTCAGCCGTTATTAT,0,3549137
tisBp,0.0625,15,15,ATAGCTGGATGGCGCCTACG,0,3557542
tisBp,0.0625,15,15,ATAAGGCTACCTCCAGACAC,0,3574885
tisBp,0.0625,15,15,AGTGACGCACGTTTATATTG,0,3541939
tisBp,0.0625,15,15,AGTCTCAGCCCCAACAGAGC,0,3551800
tisBp,0.0625,15,15,AGTCTAGCGCCTATATGGGT,0,3543982
tisBp,0.0625,15,15,AGTCCTATATGGAAGGCAGC,0,3567768
tisBp,0.0625,15,15,AGTCCGGTCCGCAAGTTACA,0,3572927
tisBp,0.0625,15,15,AGTATGAAAGTCGAGGATAA,0,3587977
tisBp,0.0625,15,15,AGTACTTCAAGACAAAGTCC,0,3545474
tisBp,0.0625,15,15,AGTAAATCGGTCCACAGCGA,0,3550854
tisBp,0.0625,15,15,AGGTTACATGCCCGGCATAT,0,3597177
tisBp,0.0625,15,15,AGGTTAAGAGTGTGGTCTGC,0,3579171
tisBp,0.0625,15,15,AGGTAGGGATATGTTTGTTC,0,3542479
tisBp,0.0625,15,15,AGGTACCATCGTGCGTGGCA,0,3545151
tisBp,0.0625,15,15,AGGGGATACGGGGTTGGATT,0,3557293
tisBp,0.0625,15,15,AGGCGAGTACAAACGGATAA,0,3591206
tisBp,0.0625,15,15,AGGAATTGTAAGCCGAAGTG,0,3601957
tisBp,0.0625,15,15,AGGAAACGCCACTTTAAGGC,0,3585831
tisBp,0.0625,15,15,AGCTATTTTGAGAGAGTCTA,0,3550664
tisBp,0.0625,15,15,AGCTATGGGAGTCGGGTTAA,0,3579423
tisBp,0.0625,15,15,AGCGGGTACTGCGTCCAATT,0,3568091
tisBp,0.0625,15,15,AGCCCCACACCCTTATCCCT,0,3552870
tisBp,0.0625,15,15,AGCCCACCTATACGCCTGCA,0,3544951
tisBp,0.0625,15,15,AGCATTAGGATCCTCCGTGG,0,3559375
tisBp,0.0625,15,15,AGCAAACCACCAGAAGTCTA,0,3576031
tisBp,0.0625,15,15,AGATTGTTGTTCGGCAATCT,0,3552392
tisBp,0.0625,15,15,AGAGCGCGGTTTACTTCCTG,0,3591578
tisBp,0.0625,15,15,AGACTGGCCACGCTCTGAGA,0,3541985
tisBp,0.0625,15,15,AGACCTGTAGGCCACAATCG,0,3553006
tisBp,0.0625,15,15,ACTTTGTGCATTAGCACCTA,0,3600743
tisBp,0.0625,15,15,ACTTCGGATACGACGTGGCG,0,3599833
tisBp,0.0625,15,15,ACTTCAGCTTGCACTCGTTA,0,3588077
tisBp,0.0625,15,15,ACTGTTTCCGCATCCCACTA,0,3586186
tisBp,0.0625,15,15,ACGTTAACTGCATTGTGGCT,0,3576958
tisBp,0.0625,15,15,ACGTGACCCCGGCGTTTACA,0,3568117
tisBp,0.0625,15,15,ACGTCGTTTCTTAATGATGT,0,3561320
tisBp,0.0625,15,15,ACGTCAGGTAGGCGCTCCAC,0,3559133
tisBp,0.0625,15,15,ACGCAGTATTCATGGTGTAT,0,3569341
tisBp,0.0625,15,15,ACGACAGAATCTACCCGGCA,0,3581138
tisBp,0.0625,15,15,ACCTGCAAGGGATCCCATAA,0,3572456
tisBp,0.0625,15,15,ACCGGGACTGGGTCTAATAC,0,3578452
tisBp,0.0625,15,15,ACCGGATTCGCATCACGTTG,0,3553059
tisBp,0.0625,15,15,ACCGCGTTACTACCAATCAT,0,3545636
tisBp,0.0625,15,15,ACCGCAACTATAAGCTCGAG,0,3564490
tisBp,0.0625,15,15,ACCCATGTTTCCGTGAACCA,0,3577684
tisBp,0.0625,15,15,ACCCAAGATAGATTGGGTCA,0,3574550
tisBp,0.0625,15,15,ACCACCTGGTAACCTGGCCA,0,3564006
tisBp,0.0625,15,15,ACCAAGGTCTCATATTCTAT,0,3547076
tisBp,0.0625,15,15,ACATTTAGTCACTGCCAGTA,0,3580251
tisBp,0.0625,15,15,ACATTTAAAACCCCGGCACG,0,3544508
tisBp,0.0625,15,15,ACAATTAAACGGTCTTCCTA,0,3566031
tisBp,0.0625,15,15,AATTTGGCATGTAGGTAAAA,0,3577818
tisBp,0.0625,15,15,AATTGGGACCCGCAGTAAGG,0,3592041
tisBp,0.0625,15,15,AATTCTGCTTGGCTGGCCAA,0,3545996
tisBp,0.0625,15,15,AATTCGTAGCAACAAGAGAA,0,3561900
tisBp,0.0625,15,15,AAGCCGTGTCAGCTGTAATT,0,3549077
tisBp,0.0625,15,15,AAGAAGCCGATACACTCGAG,0,3573431
tisBp,0.0625,15,15,AACTCTTCTTTAATGCACTT,0,3560594
tisBp,0.0625,15,15,AACGGCCTTGACTCCCAGAA,0,3551117
tisBp,0.0625,15,15,AACGCAGCATGTCGGTCATG,0,3598900
tisBp,0.0625,15,15,AACCAATCTTAGGGCAGTAC,0,3560196
tisBp,0.0625,15,15,AAATTGAGAGGTGGGCTTGA,0,3544327
tisBp,0.0625,15,15,AAATTCTGGCACTCACAGTG,0,3571257
tisBp,0.0625,15,15,AAATACCAGACACGGAGAGT,0,3569585
tisBp,0.0625,15,15,AAACGCTACGGATCACAATT,0,3570985
tisBp,0.0625,15,15,AAACCAGGTCGGTCATCTGT,0,3596666
tisBp,0.0625,15,15,AAAATTTAAGCTTATACGGC,0,3572005
tisBp,0.0625,15,15,AAAACGCAGTCGGCGATATG,0,3566363
tisBp,0.06666666666666667,14,14,TTTTGTGATGGCTTCCATTG,0,3545665
tisBp,0.06666666666666667,14,14,TTTGGACAAAACTGGTTGAG,0,3574229
tisBp,0.06666666666666667,14,14,TTTGATCGAATCAACAATAT,0,3579893
tisBp,0.06666666666666667,14,14,TTTCCCTAACAGAATATGTA,0,3558454
tisBp,0.06666666666666667,14,14,TTTATTACAGTGTCGTTTTG,0,3546929
tisBp,0.06666666666666667,14,14,TTGTAGGGTCCGGGCGACCA,0,3574078
tisBp,0.06666666666666667,14,14,TTGGGATTTCTGGTTGTCTG,0,3560345
tisBp,0.06666666666666667,14,14,TTGATGCACACATCACCGGT,0,3569734
tisBp,0.06666666666666667,14,14,TTGATAGGGTACCTTGGCTA,0,3546872
tisBp,0.06666666666666667,14,14,TTGAGTGGGCAGACGAACGT,0,3558712
tisBp,0.06666666666666667,14,14,TTCTTGTACTGACTTGTCTT,0,3571673
tisBp,0.06666666666666667,14,14,TTCTCGACTTGGACTATTAT,0,3568314
tisBp,0.06666666666666667,14,14,TTCAACTGTATTCCTCTTGA,0,3565009
tisBp,0.06666666666666667,14,14,TTATGCACTCTTCATTCTTT,0,3584618
tisBp,0.06666666666666667,14,14,TTATACTCGGCCAGCAAAAG,0,3568035
tisBp,0.06666666666666667,14,14,TTAGGATACGGCAGGAGTTT,0,3586272
tisBp,0.06666666666666667,14,14,TTAGATTCTGGCGGCCAGGT,0,3572620
tisBp,0.06666666666666667,14,14,TTAGATAGTAGATTTCAGTG,0,3548823
tisBp,0.06666666666666667,14,14,TTACCCAGGCTTACTTGTTG,0,3569260
tisBp,0.06666666666666667,14,14,TTAACTCTCCCCGGTCAGAA,0,3567234
tisBp,0.06666666666666667,14,14,TTAACTATCGAGTTTAGATT,0,3556941
tisBp,0.06666666666666667,14,14,TGTTTGTCCTTCTGGTAGTG,0,3561488
tisBp,0.06666666666666667,14,14,TGTTGTAAATACTCGAAGCA,0,3569768
tisBp,0.06666666666666667,14,14,TGTGCAGTAAATGGTTTTTC,0,3598489
tisBp,0.06666666666666667,14,14,TGTCTGAGTCACCCCTGTCT,0,3579129
tisBp,0.06666666666666667,14,14,TGTCATATAGTTAAAACCGA,0,3600610
tisBp,0.06666666666666667,14,14,TGGTGATCGACTTAGATGCA,0,3576778
tisBp,0.06666666666666667,14,14,TGGTATCAAATCGTTTATAA,0,3593360
tisBp,0.06666666666666667,14,14,TGGGGATCCGAAAGTCGGGC,0,3601430
tisBp,0.06666666666666667,14,14,TGGCTGTATGGTGACTAGGG,0,3564227
tisBp,0.06666666666666667,14,14,TGGAGCCGAACTTAGAAAAC,0,3602486
tisBp,0.06666666666666667,14,14,TGCTAGGGTGGGGCTGCATT,0,3601214
tisBp,0.06666666666666667,14,14,TGCCAAAAACCTTGAGCTAA,0,3561924
tisBp,0.06666666666666667,14,14,TGAGACATCGAGCGGTGATG,0,3596203
tisBp,0.06666666666666667,14,14,TGACTCTACAGGCTTTACTT,0,3553156
tisBp,0.06666666666666667,14,14,TGACTCGATTAAACAAATGA,0,3556811
tisBp,0.06666666666666667,14,14,TGACAAACGACGCTCTAGAC,0,3577844
tisBp,0.06666666666666667,14,14,TCTTCGTGAACACCAGTCTC,0,3562284
tisBp,0.06666666666666667,14,14,TCTGACCAGGACTAGCATCC,0,3593255
tisBp,0.06666666666666667,14,14,TCTCGTACGACGTTCGGGAT,0,3570573
tisBp,0.06666666666666667,14,14,TCGTTTTTTTCGGGTTACGC,0,3547074
tisBp,0.06666666666666667,14,14,TCGTCTAGGCGGCGAAATGA,0,3541958
tisBp,0.06666666666666667,14,14,TCGGTACGCACTGAACACCT,0,3560535
tisBp,0.06666666666666667,14,14,TCGGGTCGCGGATAAAGGGT,0,3561678
tisBp,0.06666666666666667,14,14,TCGGGAGGGGATTAACTTCA,0,3568228
tisBp,0.06666666666666667,14,14,TCGCTTTCAGATGGCTTCGA,0,3544743
tisBp,0.06666666666666667,14,14,TCGCATTCTTATAAAGAGCG,0,3551021
tisBp,0.06666666666666667,14,14,TCGAGCTGTTTAACAGGTAA,0,3599617
tisBp,0.06666666666666667,14,14,TCCGTGTGTGCTACTACCTC,0,3556295
tisBp,0.06666666666666667,14,14,TCCCGCTAAAGGTCAGTGAT,0,3590447
tisBp,0.06666666666666667,14,14,TCCATATGGCGTCTACGTAC,0,3557916
tisBp,0.06666666666666667,14,14,TCCAGCCGCACCAGTGTTAT,0,3578751
tisBp,0.06666666666666667,14,14,TCCAAGTAGACCTCAGAGGT,0,3553881
tisBp,0.06666666666666667,14,14,TCATAGCGAGTAAATACGAT,0,3571319
tisBp,0.06666666666666667,14,14,TCATAAACAATTCGACATGT,0,3552905
tisBp,0.06666666666666667,14,14,TCAATTCGCATTGGACCGTG,0,3598191
tisBp,0.06666666666666667,14,14,TCAAATCCGACTGCGGGGGG,0,3542196
tisBp,0.06666666666666667,14,14,TCAAAAGGGTAGGGAAGTAT,0,3582514
tisBp,0.06666666666666667,14,14,TCAAAAACTATCTCATTACT,0,3567982
tisBp,0.06666666666666667,14,14,TATGTGACAATCAGAGCGCC,0,3552299
tisBp,0.06666666666666667,14,14,TATGCAGAACCCATGGGCCA,0,3559147
tisBp,0.06666666666666667,14,14,TATCCTTTATTTCACTGGCA,0,3590743
tisBp,0.06666666666666667,14,14,TAGGGGCGATCCAAAGATCA,0,3550511
tisBp,0.06666666666666667,14,14,TAGCGATGAACGGGCTCCAC,0,3560906
tisBp,0.06666666666666667,14,14,TAGCCACCAAAGGGGACGGT,0,3545032
tisBp,0.06666666666666667,14,14,TAGCAAGGCCATCTTTGCTG,0,3584815
tisBp,0.06666666666666667,14,14,TACTGGCTGGGCTAGACTAA,0,3571201
tisBp,0.06666666666666667,14,14,TACCCTCAAAGCGTCCCGTT,0,3543420
tisBp,0.06666666666666667,14,14,TACATGGAGGATGATCTAAA,0,3549704
tisBp,0.06666666666666667,14,14,TACAGGCATTAGTAGGCTCA,0,3589721
tisBp,0.06666666666666667,14,14,TACAGGAGCGTACCCAGGTC,0,3545998
tisBp,0.06666666666666667,14,14,TAAGAATTCTAGAGATCAAA,0,3546466
tisBp,0.06666666666666667,14,14,GTTTTCATCCGAAGGAGGTT,0,3593657
tisBp,0.06666666666666667,14,14,GTTAAAATCGCCCAGACGTG,0,3580332
tisBp,0.06666666666666667,14,14,GTGTTGACTGCCTTGTGCAG,0,3582676
tisBp,0.06666666666666667,14,14,GTGTCCCACAAGAGACCCTA,0,3545746
tisBp,0.06666666666666667,14,14,GTGCGATCACCGCAAATAAA,0,3548839
tisBp,0.06666666666666667,14,14,GTGATATCTAAAAAGCAGGT,0,3553190
tisBp,0.06666666666666667,14,14,GTGAATCCCTGTATCCCGGA,0,3544223
tisBp,0.06666666666666667,14,14,GTCTGCCTTGCGCCTCCTTT,0,3559727
tisBp,0.06666666666666667,14,14,GTCAACGTGGAGTGGCTCAT,0,3543281
tisBp,0.06666666666666667,14,14,GTATGAGGCATCGATAAAGT,0,3595290
tisBp,0.06666666666666667,14,14,GTAGGTATGCCCATCAATCT,0,3599060
tisBp,0.06666666666666667,14,14,GTACATACAAAGTCCTAGGA,0,3582970
tisBp,0.06666666666666667,14,14,GGTTGTCGGCGTCTCCACAT,0,3597686
tisBp,0.06666666666666667,14,14,GGTTCGGCTGTAGTCTGAAC,0,3542043
tisBp,0.06666666666666667,14,14,GGTTCACTATTAGTAGCGAA,0,3555909
tisBp,0.06666666666666667,14,14,GGTTAGTCGGTCTGCCGTGT,0,3548632
tisBp,0.06666666666666667,14,14,GGTCTCAACTAGACGCGGGC,0,3567516
tisBp,0.06666666666666667,14,14,GGTAAGAATTAACCAAACAC,0,3544157
tisBp,0.06666666666666667,14,14,GGGTCGTTGTGCCAACGGTC,0,3569147
tisBp,0.06666666666666667,14,14,GGGGGCGGCCGTAAAGCCCA,0,3567470
tisBp,0.06666666666666667,14,14,GGGGCACTGCAGCATGGCAG,0,3572279
tisBp,0.06666666666666667,14,14,GGGAGGGGTTGTGGGTTCGC,0,3556760
tisBp,0.06666666666666667,14,14,GGGAGGACCGGAAATCCGAG,0,3578348
tisBp,0.06666666666666667,14,14,GGGAAACACTTCCACCACCA,0,3598563
tisBp,0.06666666666666667,14,14,GGCTGGACGTAGCCATATAA,0,3571921
tisBp,0.06666666666666667,14,14,GGCGGTAGGCAAACGGAGCT,0,3590751
tisBp,0.06666666666666667,14,14,GGCGCGTTGTGAATAGATCT,0,3559638
tisBp,0.06666666666666667,14,14,GGCGAATATCAACAAGTAGG,0,3567580
tisBp,0.06666666666666667,14,14,GGCAACGAATAAGCCACCAT,0,3572791
tisBp,0.06666666666666667,14,14,GGATACATTCCAGTTCACCC,0,3567515
tisBp,0.06666666666666667,14,14,GGACGGAAGTTGACCAGCGG,0,3571411
tisBp,0.06666666666666667,14,14,GGACATAACTGCACAGAATG,0,3596467
tisBp,0.06666666666666667,14,14,GGACAGCATTCCGGCGTCGG,0,3595417
tisBp,0.06666666666666667,14,14,GGACACTATAAATCAGAGCA,0,3574362
tisBp,0.06666666666666667,14,14,GCTTTTGTGCCTGTGAAACA,0,3557478
tisBp,0.06666666666666667,14,14,GCTAGACGCGCCGATATAGC,0,3548260
tisBp,0.06666666666666667,14,14,GCGTGGAACTACTGGACGAG,0,3559684
tisBp,0.06666666666666667,14,14,GCGGGTAGAGGTCCCAACAG,0,3573518
tisBp,0.06666666666666667,14,14,GCGATGTGCTGGATACCACA,0,3592088
tisBp,0.06666666666666667,14,14,GCGAGTTTCGAGGTGCTAAG,0,3591828
tisBp,0.06666666666666667,14,14,GCGAATTTACCGGGGTATAC,0,3557285
tisBp,0.06666666666666667,14,14,GCGAAAGACGACTTTCACTG,0,3561767
tisBp,0.06666666666666667,14,14,GCCGCGTGCCACGGTGCTCA,0,3595375
tisBp,0.06666666666666667,14,14,GCCACGTGTCCACTGCCCGA,0,3600742
tisBp,0.06666666666666667,14,14,GCCACGATCCCGATAGTTAA,0,3599221
tisBp,0.06666666666666667,14,14,GCATGGGAGTCAAAATATAT,0,3565258
tisBp,0.06666666666666667,14,14,GCATGACCACAACTCCAGTC,0,3552110
tisBp,0.06666666666666667,14,14,GCAGCGGACTCACCTATTTA,0,3552016
tisBp,0.06666666666666667,14,14,GCAGAAGCAGACAACCTTGG,0,3557806
tisBp,0.06666666666666667,14,14,GCAGAACTGCACGACCCACG,0,3567600
tisBp,0.06666666666666667,14,14,GCACGGTTCCCGCCCCGGTC,0,3555023
tisBp,0.06666666666666667,14,14,GCAATCTACTGAGGGTAGTT,0,3543935
tisBp,0.06666666666666667,14,14,GCAACTTTTTAGCTTAGTCT,0,3582642
tisBp,0.06666666666666667,14,14,GCAAAAGTCCTCAATGGCTT,0,3550047
tisBp,0.06666666666666667,14,14,GATTCGAGGGGGCGAGGGAA,0,3559360
tisBp,0.06666666666666667,14,14,GATATGTGTTTCATTGAGTA,0,3585498
tisBp,0.06666666666666667,14,14,GATATCAGATGGCATTGATA,0,3603502
tisBp,0.06666666666666667,14,14,GAGGTCGTCTGCCTGGCTTT,0,3544874
tisBp,0.06666666666666667,14,14,GAGGCTCAAGAATTGTGTAT,0,3598602
tisBp,0.06666666666666667,14,14,GAGCGCGGGCTGGAAAGATC,0,3591896
tisBp,0.06666666666666667,14,14,GACTGAAGTTAACGCAGTGC,0,3560937
tisBp,0.06666666666666667,14,14,GACTCGAGGGATCTAACACA,0,3558328
tisBp,0.06666666666666667,14,14,GACCTTTGGCTTCTTGTTTT,0,3559626
tisBp,0.06666666666666667,14,14,GACCGTCCAATTCAGTCACC,0,3594893
tisBp,0.06666666666666667,14,14,GAATGGAGGCGGACCCAACC,0,3552444
tisBp,0.06666666666666667,14,14,GAATCGTGTTCTCGTACTAT,0,3599062
tisBp,0.06666666666666667,14,14,GAAGGTCGCCCTTATGGTGA,0,3558961
tisBp,0.06666666666666667,14,14,GAAGGTCCTTGTGAACTACT,0,3603526
tisBp,0.06666666666666667,14,14,GAACTCGCCCATAAGGTTTT,0,3594590
tisBp,0.06666666666666667,14,14,GAAATCCGTTTTTGGGAAGG,0,3555225
tisBp,0.06666666666666667,14,14,CTTGGGTAATATGTAGACAA,0,3551068
tisBp,0.06666666666666667,14,14,CTTACTGTCAGCGGGTTTAT,0,3585507
tisBp,0.06666666666666667,14,14,CTGTTCCTCGACATCGAGGG,0,3555299
tisBp,0.06666666666666667,14,14,CTGCGTTACCGGATCTGCCC,0,3592101
tisBp,0.06666666666666667,14,14,CTGCCTTAGTTAAAGTTTCT,0,3564773
tisBp,0.06666666666666667,14,14,CTGCATTGGCCACGGCGAAG,0,3573790
tisBp,0.06666666666666667,14,14,CTCAGCGTGCCGGACGTACC,0,3562315
tisBp,0.06666666666666667,14,14,CTATTAGTTTATACTCCGAG,0,3546676
tisBp,0.06666666666666667,14,14,CTATTAGAGTTTGCGATTAC,0,3603505
tisBp,0.06666666666666667,14,14,CTATATAGGAAGTTTAAGGA,0,3559384
tisBp,0.06666666666666667,14,14,CTAGGCGCCGTCCGCCGCGA,0,3595436
tisBp,0.06666666666666667,14,14,CTAGCTTGTGCGGCGAGAGA,0,3593625
tisBp,0.06666666666666667,14,14,CTAGATCACCCTCTACTGTT,0,3545940
tisBp,0.06666666666666667,14,14,CTACTATCTAATCAAGCGTT,0,3598255
tisBp,0.06666666666666667,14,14,CTAAGTAGAAAGTAGGCAGG,0,3601431
tisBp,0.06666666666666667,14,14,CTAACTGATGCGAGGGGCAA,0,3571313
tisBp,0.06666666666666667,14,14,CGTCTGACTCTATGCGCCGG,0,3572888
tisBp,0.06666666666666667,14,14,CGTCACTGCATCAAGTCCAG,0,3583175
tisBp,0.06666666666666667,14,14,CGTCAAGAGTTCATGTTAGC,0,3549236
tisBp,0.06666666666666667,14,14,CGTACAGCGTAATTGCTTCA,0,3578295
tisBp,0.06666666666666667,14,14,CGGTGTGCATTATAACAACA,0,3546506
tisBp,0.06666666666666667,14,14,CGGGGTTGGACTGTTTACTG,0,3550734
tisBp,0.06666666666666667,14,14,CGGCCTTGAACCCTCGTTGG,0,3598104
tisBp,0.06666666666666667,14,14,CGGCCAATAATCTGGGAAGA,0,3576847
tisBp,0.06666666666666667,14,14,CGGATAGCCAATACCCTTAT,0,3567559
tisBp,0.06666666666666667,14,14,CGCACCGTTCCACAAGGGAC,0,3593355
tisBp,0.06666666666666667,14,14,CGCAACGAATGTAAGGTCCA,0,3545075
tisBp,0.06666666666666667,14,14,CGCAAAAACGTTTCGGCGTA,0,3585170
tisBp,0.06666666666666667,14,14,CGATCGCCGGGTAGATACGA,0,3549055
tisBp,0.06666666666666667,14,14,CGATCCGGCGATTTGACGAC,0,3585412
tisBp,0.06666666666666667,14,14,CCTTGGCAGAATAGCAGGAG,0,3562171
tisBp,0.06666666666666667,14,14,CCTTAAAGTGGGGCTCCGGA,0,3550811
tisBp,0.06666666666666667,14,14,CCTATTGGCTGTAGAGTATT,0,3576174
tisBp,0.06666666666666667,14,14,CCTATCGAACACTGCTTTAA,0,3586112
tisBp,0.06666666666666667,14,14,CCTACGTATGACAGATGCAG,0,3563943
tisBp,0.06666666666666667,14,14,CCTAAAATGCGATCCGCGTA,0,3553161
tisBp,0.06666666666666667,14,14,CCGCGCAAGCTGTGGCTAAT,0,3554154
tisBp,0.06666666666666667,14,14,CCGCCTCTAATTACCCTTGT,0,3602218
tisBp,0.06666666666666667,14,14,CCCCCTTGGCCCGCACTTCA,0,3573744
tisBp,0.06666666666666667,14,14,CCACGCTCTTCTCGCCTAGC,0,3576139
tisBp,0.06666666666666667,14,14,CCACGCCGCGTGAGTATTTC,0,3586899
tisBp,0.06666666666666667,14,14,CATTGGCACGGGTCCCGCGG,0,3562858
tisBp,0.06666666666666667,14,14,CATGAGCGTGAGCGGTCGTT,0,3569452
tisBp,0.06666666666666667,14,14,CATAGAAACTCACGTTTTAC,0,3567476
tisBp,0.06666666666666667,14,14,CAGGAAGGCGGAGCACCATC,0,3560725
tisBp,0.06666666666666667,14,14,CAGCAGCAAAGGGTTCTTCG,0,3562481
tisBp,0.06666666666666667,14,14,CAGACAACGTAGCGTTCATC,0,3593358
tisBp,0.06666666666666667,14,14,CACCTATGATATTGGCGTGG,0,3571496
tisBp,0.06666666666666667,14,14,CACATAGTGTAGATGCCTCC,0,3549571
tisBp,0.06666666666666667,14,14,CACACTACGTACACCTGAAT,0,3573964
tisBp,0.06666666666666667,14,14,CAAGTCTGGCTCACTTAAAC,0,3596166
tisBp,0.06666666666666667,14,14,CAAATCTACGTCAATTAACT,0,3559005
tisBp,0.06666666666666667,14,14,ATTGGACAGCTAAGTGAGTT,0,3595017
tisBp,0.06666666666666667,14,14,ATTGCGCCGATGTCAATCCC,0,3586046
tisBp,0.06666666666666667,14,14,ATTCTTCGAGTTCGGTTTGT,0,3551991
tisBp,0.06666666666666667,14,14,ATTCGTTCAGTTTGTGATCT,0,3542457
tisBp,0.06666666666666667,14,14,ATGTCGAGTAAAGGCTCTTA,0,3563729
tisBp,0.06666666666666667,14,14,ATGGTCGCGGCCTAGCATTT,0,3572835
tisBp,0.06666666666666667,14,14,ATGCCACCACTCCTCCATGT,0,3548291
tisBp,0.06666666666666667,14,14,ATGAATCTGCGGCGTTATTT,0,3603287
tisBp,0.06666666666666667,14,14,ATCGCGAGCTGGAGAGCCCA,0,3580848
tisBp,0.06666666666666667,14,14,ATCCGGAGCACACGCGCATG,0,3543882
tisBp,0.06666666666666667,14,14,ATCCAATTCGCAACCTATCC,0,3568744
tisBp,0.06666666666666667,14,14,ATATCTAACTAACATGCCAA,0,3565322
tisBp,0.06666666666666667,14,14,ATATATTTGGAAGACAACAG,0,3586665
tisBp,0.06666666666666667,14,14,ATATAGGACAGATGAGGTTG,0,3569589
tisBp,0.06666666666666667,14,14,ATAGTGCATGGCAGAGTCCG,0,3600771
tisBp,0.06666666666666667,14,14,ATAGGGAGTCGTCAGTAGTA,0,3578740
tisBp,0.06666666666666667,14,14,ATAAACCAAGTGTGAGTCTT,0,3544351
tisBp,0.06666666666666667,14,14,ATAAAACATCCTGATAAAAA,0,3564975
tisBp,0.06666666666666667,14,14,AGTTTAATTGTAAATCTATT,0,3595174
tisBp,0.06666666666666667,14,14,AGTGAGGCCATTGGCAGTGG,0,3597753
tisBp,0.06666666666666667,14,14,AGTCCGTGCTCAAGGCTGAG,0,3561968
tisBp,0.06666666666666667,14,14,AGTATAAACGGGAATTGATT,0,3574672
tisBp,0.06666666666666667,14,14,AGTAGCGTGATTACTGCTCT,0,3564591
tisBp,0.06666666666666667,14,14,AGGTCGTGTGTACAGAACAG,0,3586972
tisBp,0.06666666666666667,14,14,AGGGTTTTCCCCGCAAAGTA,0,3544121
tisBp,0.06666666666666667,14,14,AGGGTCAGGAGACACAATGT,0,3590199
tisBp,0.06666666666666667,14,14,AGGGGATTCCCCGGCAGGAT,0,3563640
tisBp,0.06666666666666667,14,14,AGGGCGGTCCGCCATTGACA,0,3571668
tisBp,0.06666666666666667,14,14,AGCTAGTAGAACAGGGGTCT,0,3582466
tisBp,0.06666666666666667,14,14,AGCCGTTCAGTCCAGAGGAT,0,3576136
tisBp,0.06666666666666667,14,14,AGCCGTCTCCATAAGGCGCA,0,3554324
tisBp,0.06666666666666667,14,14,AGCAGGGCTAAACCTGAGTA,0,3550775
tisBp,0.06666666666666667,14,14,AGCAGGCATCCGATTCATGA,0,3541732
tisBp,0.06666666666666667,14,14,AGACAGCGGCGTACTAACAT,0,3567581
tisBp,0.06666666666666667,14,14,ACTTGTAATCCTAGCTGTAA,0,3551172
tisBp,0.06666666666666667,14,14,ACTGTTCGTTAAGAATGAGG,0,3599523
tisBp,0.06666666666666667,14,14,ACTGTGGCGCGTTAACAGAA,0,3548828
tisBp,0.06666666666666667,14,14,ACTGATGGACAGATCAATTA,0,3545754
tisBp,0.06666666666666667,14,14,ACTCGATGTTGTCCTAGAAA,0,3575254
tisBp,0.06666666666666667,14,14,ACTCAGCTTATATAGCATCT,0,3596601
tisBp,0.06666666666666667,14,14,ACTCACCCGCTTGGAACGAC,0,3593999
tisBp,0.06666666666666667,14,14,ACTAATTAGCTTAATGACGT,0,3545734
tisBp,0.06666666666666667,14,14,ACGTTTGAGTGGGGCCGTCA,0,3597586
tisBp,0.06666666666666667,14,14,ACGTATGTTAGATCTAAAGC,0,3542668
tisBp,0.06666666666666667,14,14,ACGTAGATTTTAGTAAGAGT,0,3548184
tisBp,0.06666666666666667,14,14,ACGAAGCGACTAGCATGTTC,0,3596597
tisBp,0.06666666666666667,14,14,ACCATCATGGCAAGACCCTT,0,3556857
tisBp,0.06666666666666667,14,14,ACATCACGACTCGCCTCTGT,0,3541663
tisBp,0.06666666666666667,14,14,ACATAGACGCTTTTGATTTA,0,3570517
tisBp,0.06666666666666667,14,14,ACATAAGGGCTGTTGACCTT,0,3554418
tisBp,0.06666666666666667,14,14,ACAGTCGGAAGTATACCGAA,0,3580523
tisBp,0.06666666666666667,14,14,ACAGTCCACTTGACTGGGTA,0,3541564
tisBp,0.06666666666666667,14,14,ACACGGCTCCGTTCACCGTA,0,3550136
tisBp,0.06666666666666667,14,14,ACAACGGGTTAATTTTCAGA,0,3599454
tisBp,0.06666666666666667,14,14,ACAAAAAGCCGTGTCGCAGA,0,3552195
tisBp,0.06666666666666667,14,14,AATGTTACTCGCTTCCAAAG,0,3589788
tisBp,0.06666666666666667,14,14,AATGTGGTGTTACTTGCAGT,0,3551745
tisBp,0.06666666666666667,14,14,AATCGTTCCCGAGCCTAAAG,0,3555861
tisBp,0.06666666666666667,14,14,AATCAGTAGTGGCGACCTAA,0,3599420
tisBp,0.06666666666666667,14,14,AATCAATTCGCAGACCTAGG,0,3558316
tisBp,0.06666666666666667,14,14,AATAGTACCTTTGATGATCT,0,3594674
tisBp,0.06666666666666667,14,14,AAGTCGCTCCCGGATGTGGG,0,3553191
tisBp,0.06666666666666667,14,14,AAGTACATTACTATTTGCAA,0,3585650
tisBp,0.06666666666666667,14,14,AAGTAAAGTCACAAAGGTGT,0,3568988
tisBp,0.06666666666666667,14,14,AAGGCATTTCGAGTACTGCC,0,3594478
tisBp,0.06666666666666667,14,14,AAGCCGCGCGAGCGTGTATG,0,3562252
tisBp,0.06666666666666667,14,14,AAGCCGAAGCTGTATAAACT,0,3572393
tisBp,0.06666666666666667,14,14,AAGCACGCTCTTGAGCAGCA,0,3550772
tisBp,0.06666666666666667,14,14,AACTGGCAAACCTGTCGAAA,0,3592262
tisBp,0.06666666666666667,14,14,AACAAAACAAACAGTAGGCA,0,3567335
tisBp,0.06666666666666667,14,14,AAAGGAAGCGAGCAACTCAG,0,3594887
tisBp,0.06666666666666667,14,14,AAACGTTGTAGCGTTTTATG,0,3590154
tisBp,0.06666666666666667,14,14,AAACCACAGTGATTCAATTG,0,3587847
tisBp,0.06666666666666667,14,14,AAAATGAGCCCCCATCATAG,0,3543213
tisBp,0.07142857142857142,13,13,TTTTTGAGGGACTTGGTAGA,0,3594108
tisBp,0.07142857142857142,13,13,TTTTATGATCACTTATGGAA,0,3558727
tisBp,0.07142857142857142,13,13,TTTGTTAGTAGATAGTGGCC,0,3557010
tisBp,0.07142857142857142,13,13,TTTAGAAATGTGATGATATA,0,3585086
tisBp,0.07142857142857142,13,13,TTTACTCGACTTTGCTTTTC,0,3570765
tisBp,0.07142857142857142,13,13,TTTACCTTACTGTGTTTCCC,0,3594990
tisBp,0.07142857142857142,13,13,TTGTGGCCTCTTTTTCCCTC,0,3541806
tisBp,0.07142857142857142,13,13,TTGCTTCGGTCTTCTCACCA,0,3543895
tisBp,0.07142857142857142,13,13,TTGATCATAAGATTGGTCCC,0,3557798
tisBp,0.07142857142857142,13,13,TTCTCTCCTTGATGTTCTCC,0,3591948
tisBp,0.07142857142857142,13,13,TTCTCGACCAGAGGATGGTC,0,3557979
tisBp,0.07142857142857142,13,13,TTCCTTAAGCTTGACTGCGT,0,3573109
tisBp,0.07142857142857142,13,13,TTCCTAGCCCCACCGCGAGT,0,3564916
tisBp,0.07142857142857142,13,13,TTCCAGACCAACACGATGTT,0,3593670
tisBp,0.07142857142857142,13,13,TTCACGTTTATAACCAGATA,0,3554823
tisBp,0.07142857142857142,13,13,TTCACCCGTAACACTGGGAT,0,3568475
tisBp,0.07142857142857142,13,13,TTCAATTAGCCTTTACGATG,0,3569030
tisBp,0.07142857142857142,13,13,TTATACCATTTGCTCGGCCA,0,3575927
tisBp,0.07142857142857142,13,13,TTAGACCCGTGGAATGTTGG,0,3597498
tisBp,0.07142857142857142,13,13,TTAAAGCAGGCTGTGAAATA,0,3571860
tisBp,0.07142857142857142,13,13,TGTTCGCCATCAGCCAATGT,0,3550814
tisBp,0.07142857142857142,13,13,TGTTAGTCATTTGACCAGAG,0,3547735
tisBp,0.07142857142857142,13,13,TGTCTATTTGCTAAACGCTA,0,3562040
tisBp,0.07142857142857142,13,13,TGTCGCTGTACTACATTTGT,0,3586737
tisBp,0.07142857142857142,13,13,TGTATAGAATATGAGGCTCC,0,3568189
tisBp,0.07142857142857142,13,13,TGGTGCGTTACGAACATAGC,0,3586190
tisBp,0.07142857142857142,13,13,TGGCACGAACTCTAGCAATT,0,3550496
tisBp,0.07142857142857142,13,13,TGGAAGTCTTAGAGTTAATC,0,3558798
tisBp,0.07142857142857142,13,13,TGCTTCTGCTACGTCAGGTC,0,3562765
tisBp,0.07142857142857142,13,13,TGCGACTAACAACTACAGAC,0,3561411
tisBp,0.07142857142857142,13,13,TGCCAGTCCTATAACGACAA,0,3558738
tisBp,0.07142857142857142,13,13,TGCCAGTATCGATGCCTCTT,0,3570708
tisBp,0.07142857142857142,13,13,TGATACGGGGTGCGTGAGGG,0,3571242
tisBp,0.07142857142857142,13,13,TGAGCTCGGACGGGACCTGG,0,3547942
tisBp,0.07142857142857142,13,13,TCTTCACGGGGGATTTTATT,0,3573595
tisBp,0.07142857142857142,13,13,TCTTACTATAAGTCGAATAG,0,3542456
tisBp,0.07142857142857142,13,13,TCTGTCACGGGAGCTTTTCT,0,3601609
tisBp,0.07142857142857142,13,13,TCTCCACAGTACCGAGGGTA,0,3594475
tisBp,0.07142857142857142,13,13,TCTAGCGCAGCACTCGTTAA,0,3554595
tisBp,0.07142857142857142,13,13,TCTAATGGCACGTCCAGTGG,0,3599851
tisBp,0.07142857142857142,13,13,TCTAAACTCGGATGTGTGGT,0,3590672
tisBp,0.07142857142857142,13,13,TCGTGCAGAGTCAACCGTGA,0,3586451
tisBp,0.07142857142857142,13,13,TCGCGTTTAGGCTCAGGACA,0,3563933
tisBp,0.07142857142857142,13,13,TCGAGGGTCCCAGGAATTGA,0,3578749
tisBp,0.07142857142857142,13,13,TCGAGGCACGGAACCTTTTG,0,3586445
tisBp,0.07142857142857142,13,13,TCGAATAATTCTAGCCAATT,0,3594126
tisBp,0.07142857142857142,13,13,TCCGTGGGCAGGTGGGACTC,0,3574464
tisBp,0.07142857142857142,13,13,TCCGATAATGAGCGGGGATC,0,3566516
tisBp,0.07142857142857142,13,13,TCCCCCAGCAGCATTAAAAT,0,3567371
tisBp,0.07142857142857142,13,13,TCCCCCAAGCAGCAGAATCA,0,3577498
tisBp,0.07142857142857142,13,13,TCCACCCTCCGTGCATGACA,0,3600172
tisBp,0.07142857142857142,13,13,TCATTTACGAACCTATACGA,0,3595928
tisBp,0.07142857142857142,13,13,TCATGGTAGATGTGACATCC,0,3571105
tisBp,0.07142857142857142,13,13,TCACTCCTACGGATCACCAT,0,3587493
tisBp,0.07142857142857142,13,13,TCAATGACACCCCACCTCCC,0,3543289
tisBp,0.07142857142857142,13,13,TCAAATGGATCATGCACGAC,0,3572598
tisBp,0.07142857142857142,13,13,TCAAAGCGTCATGGAGCATG,0,3580385
tisBp,0.07142857142857142,13,13,TATTGATCGGGAGGTAATAT,0,3558354
tisBp,0.07142857142857142,13,13,TATTCCATGGATAATTTCTA,0,3579082
tisBp,0.07142857142857142,13,13,TATTAAAACGCGGTTTCGGT,0,3557071
tisBp,0.07142857142857142,13,13,TATGCACTTGGGACTGCTGA,0,3594905
tisBp,0.07142857142857142,13,13,TATACTATCTTAAGTATGAT,0,3546358
tisBp,0.07142857142857142,13,13,TATACACCGGTTTCACGCAG,0,3550693
tisBp,0.07142857142857142,13,13,TATAACATTCGCGGTTCCTC,0,3551048
tisBp,0.07142857142857142,13,13,TAGGTAGAGGGTTCGCTACT,0,3542014
tisBp,0.07142857142857142,13,13,TAGGAGTTCATTGCTTTCAG,0,3554042
tisBp,0.07142857142857142,13,13,TAGCCGTAGGTCAGTTGCTG,0,3544418
tisBp,0.07142857142857142,13,13,TAGACAACCTTAGAGACTCC,0,3600952
tisBp,0.07142857142857142,13,13,TAGAACTCGCGGGATCCCCC,0,3559210
tisBp,0.07142857142857142,13,13,TACTATAAATTTATCTCCTT,0,3544846
tisBp,0.07142857142857142,13,13,TACCGGACGCGTCAGACAAA,0,3548203
tisBp,0.07142857142857142,13,13,TACCCCGGGATTGATTTCTG,0,3588435
tisBp,0.07142857142857142,13,13,TAATCTGATTTATCAGCCAG,0,3548112
tisBp,0.07142857142857142,13,13,TAATAACGCGTGCGTCAGAT,0,3555780
tisBp,0.07142857142857142,13,13,TAAGTATTGCACGAAGGGTT,0,3546724
tisBp,0.07142857142857142,13,13,TAAGGTACTGACCGATCATT,0,3562080
tisBp,0.07142857142857142,13,13,TAAAGGTGCTGCATCCATAT,0,3574308
tisBp,0.07142857142857142,13,13,TAAAAATAAAAGACACTGGT,0,3571699
tisBp,0.07142857142857142,13,13,GTTTTCGGGACGTTAATTTA,0,3550457
tisBp,0.07142857142857142,13,13,GTTTCGCGAGGGCTGGGATG,0,3550567
tisBp,0.07142857142857142,13,13,GTTGATCTTCGTAGAATCTG,0,3556309
tisBp,0.07142857142857142,13,13,GTTCGCGACGGATGCGTGTA,0,3556737
tisBp,0.07142857142857142,13,13,GTTCGCCGTACCGGAATTCG,0,3553493
tisBp,0.07142857142857142,13,13,GTTCCCATCCGGTGCGAAAT,0,3564052
tisBp,0.07142857142857142,13,13,GTTAATAAAAACGCAGTGAC,0,3546075
tisBp,0.07142857142857142,13,13,GTGTGATGACCGTGCGCAAA,0,3580999
tisBp,0.07142857142857142,13,13,GTGGTGCCGGTCCGGAGGAC,0,3566353
tisBp,0.07142857142857142,13,13,GTGCATATTTGTGGGGCTTT,0,3585950
tisBp,0.07142857142857142,13,13,GTGAGTATCGTACAACGGCC,0,3556955
tisBp,0.07142857142857142,13,13,GTGAATGGGAGTGAATGAAA,0,3595776
tisBp,0.07142857142857142,13,13,GTCTGTCAACATCGTTGCTT,0,3595459
tisBp,0.07142857142857142,13,13,GTCGAGGTGGAGGATACCTT,0,3571248
tisBp,0.07142857142857142,13,13,GTCCAGGATTCACAGAATTA,0,3547133
tisBp,0.07142857142857142,13,13,GTCAGTGATGCTCGACTCTG,0,3547261
tisBp,0.07142857142857142,13,13,GTATGTGTCTGAGTATTCTC,0,3549270
tisBp,0.07142857142857142,13,13,GTATCGACGCTACGGAGGCA,0,3548816
tisBp,0.07142857142857142,13,13,GTATCCAATCGGCATTCTCA,0,3545356
tisBp,0.07142857142857142,13,13,GTATATTAAGTACCGTCCAT,0,3554246
tisBp,0.07142857142857142,13,13,GTAGGGACAATGTCATTAGG,0,3561969
tisBp,0.07142857142857142,13,13,GTACTGCACCCAGGATATTT,0,3599849
tisBp,0.07142857142857142,13,13,GTACATACGCAGCCAAAACT,0,3595215
tisBp,0.07142857142857142,13,13,GTAAGGATATCGCAAGGACC,0,3559666
tisBp,0.07142857142857142,13,13,GGTTCAGGCCCGTACATCAA,0,3603573
tisBp,0.07142857142857142,13,13,GGTGACATCAAACGCATAGT,0,3576399
tisBp,0.07142857142857142,13,13,GGTCGACTGGAGCCAGAGCT,0,3598552
tisBp,0.07142857142857142,13,13,GGTCCAGGGCGAGGTCCATG,0,3573742
tisBp,0.07142857142857142,13,13,GGTCAACGCTACGACAAATA,0,3574088
tisBp,0.07142857142857142,13,13,GGGTTGGTCGTTTCTCTCAG,0,3566699
tisBp,0.07142857142857142,13,13,GGGTGGGGGCGAACCGCAGT,0,3560276
tisBp,0.07142857142857142,13,13,GGGTCTGGGTGTTGTTTCAG,0,3559293
tisBp,0.07142857142857142,13,13,GGGTCTACCTTGTGAGCGTA,0,3602264
tisBp,0.07142857142857142,13,13,GGGTCGGGGGAAGTAGCGTT,0,3583343
tisBp,0.07142857142857142,13,13,GGGTAGCAAAAGACTCCTTG,0,3575542
tisBp,0.07142857142857142,13,13,GGGGCGACCTGGCGTCTCGT,0,3592156
tisBp,0.07142857142857142,13,13,GGGGATGGTTTTTATACTAA,0,3599697
tisBp,0.07142857142857142,13,13,GGGGATGAGAGACGAATAAC,0,3595700
tisBp,0.07142857142857142,13,13,GGGCTCCTTCTGGTTCGAGT,0,3575708
tisBp,0.07142857142857142,13,13,GGGATGCACATTGAATCTTG,0,3582965
tisBp,0.07142857142857142,13,13,GGGATCGCAGCTCTTCATAG,0,3559683
tisBp,0.07142857142857142,13,13,GGGAGAAGAAAACGTCAATC,0,3599928
tisBp,0.07142857142857142,13,13,GGGACTATGACCCCCAAAAT,0,3591349
tisBp,0.07142857142857142,13,13,GGCGTTTCGGCCCTCTTCCA,0,3583342
tisBp,0.07142857142857142,13,13,GGCGGGGAGTACCGTCCATC,0,3583625
tisBp,0.07142857142857142,13,13,GGCGGAGTTCGTACATTTAG,0,3574870
tisBp,0.07142857142857142,13,13,GGCCTCCGCCTTCGAATCCA,0,3554611
tisBp,0.07142857142857142,13,13,GGCCCGCGGTGAGCGACCAT,0,3553098
tisBp,0.07142857142857142,13,13,GGCCCGATGTACTTGCGAGT,0,3596400
tisBp,0.07142857142857142,13,13,GGCCATCAATATAACTATTG,0,3573860
tisBp,0.07142857142857142,13,13,GGCCAACCTTCAAAGCTGCG,0,3558654
tisBp,0.07142857142857142,13,13,GGCCAAAGTGTCTCCACGGT,0,3568654
tisBp,0.07142857142857142,13,13,GGCAGTCGCGCATGGCGGAC,0,3582691
tisBp,0.07142857142857142,13,13,GGCAGGGCCTCGTATTGTCA,0,3545416
tisBp,0.07142857142857142,13,13,GGATGATTACACTAGGTGTG,0,3597907
tisBp,0.07142857142857142,13,13,GGATGAGCCGCATGCCATGA,0,3567082
tisBp,0.07142857142857142,13,13,GGAGGTAGGCCGGGGTTTAA,0,3544900
tisBp,0.07142857142857142,13,13,GGAGGCTCATAGCTGAGCTG,0,3561115
tisBp,0.07142857142857142,13,13,GGAGCGGTGGTTAGATGGAG,0,3580416
tisBp,0.07142857142857142,13,13,GGAGACTCTTTTTCGGTCAG,0,3576907
tisBp,0.07142857142857142,13,13,GGACTCAGGGTCTGGACCGC,0,3545651
tisBp,0.07142857142857142,13,13,GGACGGGTTCCACTTCCGGT,0,3553502
tisBp,0.07142857142857142,13,13,GCTTCATCCCAGGTACACGT,0,3554373
tisBp,0.07142857142857142,13,13,GCTATGACCGAGGGGGCGGA,0,3601397
tisBp,0.07142857142857142,13,13,GCTACGAAATTATAATTTTT,0,3548022
tisBp,0.07142857142857142,13,13,GCGTGGCGGTTAGCATCTAT,0,3575704
tisBp,0.07142857142857142,13,13,GCGTCTCACACGTACCTAGG,0,3544939
tisBp,0.07142857142857142,13,13,GCGGGAACGGAGGTGTGTCA,0,3559338
tisBp,0.07142857142857142,13,13,GCGGCCACGGCCTTAAAGTA,0,3567926
tisBp,0.07142857142857142,13,13,GCGGAAGATAGGTAAAATAA,0,3552478
tisBp,0.07142857142857142,13,13,GCGGAAACGATAATGGTAGT,0,3596490
tisBp,0.07142857142857142,13,13,GCGCTTAATGGGATTTACGT,0,3544594
tisBp,0.07142857142857142,13,13,GCCGATGGGATAGGCTGTCC,0,3593758
tisBp,0.07142857142857142,13,13,GCCCCCATTGTGTACAGGGA,0,3580878
tisBp,0.07142857142857142,13,13,GCCAGTTAATGGAGGATTAC,0,3561848
tisBp,0.07142857142857142,13,13,GCATTGCTACACTGCCGACG,0,3589712
tisBp,0.07142857142857142,13,13,GCATGCCAATAAGATGAATC,0,3602266
tisBp,0.07142857142857142,13,13,GCATCTGATCCAAGAGAAAT,0,3582261
tisBp,0.07142857142857142,13,13,GCAGCGGAGTGGCCGACAGC,0,3581201
tisBp,0.07142857142857142,13,13,GCAAGACGGCTGGGGAACAA,0,3602574
tisBp,0.07142857142857142,13,13,GATTGATGATGTTGCCGGAG,0,3545903
tisBp,0.07142857142857142,13,13,GATGTCCATGTGTTGATATG,0,3566187
tisBp,0.07142857142857142,13,13,GATCTGAGGCTCACAATGTG,0,3563906
tisBp,0.07142857142857142,13,13,GATCGCTACGTTGAGGTCCA,0,3586411
tisBp,0.07142857142857142,13,13,GATCAACACTTCTTAGTTTC,0,3593092
tisBp,0.07142857142857142,13,13,GAGTTCGGGTTCTGATTTTA,0,3580627
tisBp,0.07142857142857142,13,13,GAGGTATTGCTTCGAACCAC,0,3559340
tisBp,0.07142857142857142,13,13,GAGGGAGTATTCGCTATATA,0,3567309
tisBp,0.07142857142857142,13,13,GAGAGGACGCTATCCGGGGA,0,3550929
tisBp,0.07142857142857142,13,13,GAGAGACAATACGCAATCCA,0,3560251
tisBp,0.07142857142857142,13,13,GAGACCTACCCGTGAATTCG,0,3584112
tisBp,0.07142857142857142,13,13,GACTTCACGCGAATTCGTTG,0,3555609
tisBp,0.07142857142857142,13,13,GACTGGCTCTGGATATGGCT,0,3587600
tisBp,0.07142857142857142,13,13,GACTCATGCGGTAATCCCGT,0,3563229
tisBp,0.07142857142857142,13,13,GACTACACAGGTGCGATGTA,0,3549232
tisBp,0.07142857142857142,13,13,GACGTGAATGATCTGGGTGT,0,3554700
tisBp,0.07142857142857142,13,13,GACCTACCACAAAATTAGTG,0,3568943
tisBp,0.07142857142857142,13,13,GACATCATGTTTTTCGTGAT,0,3582956
tisBp,0.07142857142857142,13,13,GAATGGGTAGTATTCATTCT,0,3576068
tisBp,0.07142857142857142,13,13,GAATCGATTCAATTCAGCCA,0,3566979
tisBp,0.07142857142857142,13,13,CTTTTTAGAAAGGGCGCGTA,0,3599068
tisBp,0.07142857142857142,13,13,CTTTCACCCGGTCGCTCACT,0,3553163
tisBp,0.07142857142857142,13,13,CTTTACGTGTGTTGATCTTT,0,3546725
tisBp,0.07142857142857142,13,13,CTTATTTTGGTTTTCTTCAG,0,3542996
tisBp,0.07142857142857142,13,13,CTGGCCAATTTAATTAAGGT,0,3578741
tisBp,0.07142857142857142,13,13,CTGGAGTGCTGTCGGTTCTA,0,3563201
tisBp,0.07142857142857142,13,13,CTGCACCGCCAGGATTGCAT,0,3541411
tisBp,0.07142857142857142,13,13,CTCTCTCCGAGTAGCACCGG,0,3544167
tisBp,0.07142857142857142,13,13,CTCTAGGTCGTATGGTTCTC,0,3551067
tisBp,0.07142857142857142,13,13,CTCCTCGGAAAATCTAAGAG,0,3548111
tisBp,0.07142857142857142,13,13,CTCCTACGTGCGGCTTATTT,0,3549947
tisBp,0.07142857142857142,13,13,CTCCCAGTCTTAGGTCGAGC,0,3549129
tisBp,0.07142857142857142,13,13,CTCATCTGTCCTTCAGTTGA,0,3586372
tisBp,0.07142857142857142,13,13,CTATCCCTCATCTCCCTCCG,0,3590396
tisBp,0.07142857142857142,13,13,CTATAAGTGGCCTCGGTGTG,0,3565637
tisBp,0.07142857142857142,13,13,CTAGTGTTGCCGCGAGTCAA,0,3591644
tisBp,0.07142857142857142,13,13,CTAGAGGCGCTCACAGACAA,0,3587813
tisBp,0.07142857142857142,13,13,CTACCAGTGTGCCGGCCACT,0,3544403
tisBp,0.07142857142857142,13,13,CTAAATAAGTCTCCTGGTGG,0,3580706
tisBp,0.07142857142857142,13,13,CGTGAACAATTTCTGTTCTC,0,3566600
tisBp,0.07142857142857142,13,13,CGTCCGAGGTAGCGAAAGGT,0,3568315
tisBp,0.07142857142857142,13,13,CGTAGACATGATTTACGACT,0,3546500
tisBp,0.07142857142857142,13,13,CGGTCTCACAGGACGGATTA,0,3574924
tisBp,0.07142857142857142,13,13,CGGGTAGCACTGTCAATCGG,0,3558655
tisBp,0.07142857142857142,13,13,CGGGCTGAGTACAGAGGTGA,0,3602614
tisBp,0.07142857142857142,13,13,CGGGCGACCATACGTCGGTA,0,3584608
tisBp,0.07142857142857142,13,13,CGGGCAGGTTGGCGATCTGG,0,3589830
tisBp,0.07142857142857142,13,13,CGGCGATGTGAGATAACTGT,0,3588924
tisBp,0.07142857142857142,13,13,CGGCCTCCGATCTTTCCTAA,0,3585515
tisBp,0.07142857142857142,13,13,CGGCACTTTCGGGTGTCCCT,0,3572610
tisBp,0.07142857142857142,13,13,CGCTCTAGGAAATCGTCCAT,0,3577635
tisBp,0.07142857142857142,13,13,CGCTACAGCCCTGGCCTTGA,0,3555594
tisBp,0.07142857142857142,13,13,CGCGGTTCATTGATTATGAA,0,3568236
tisBp,0.07142857142857142,13,13,CGCCGGACACCAAAGGCGCC,0,3564746
tisBp,0.07142857142857142,13,13,CGCAGAGATGACTCCAGCCG,0,3562466
tisBp,0.07142857142857142,13,13,CGATTCCTGAGTAAAAGCGA,0,3568590
tisBp,0.07142857142857142,13,13,CGATGGGAATTACGGTTCAA,0,3553607
tisBp,0.07142857142857142,13,13,CGATCAAGCGTTCGAGGTTG,0,3553477
tisBp,0.07142857142857142,13,13,CGAGTGCGCGTACGAAGGTT,0,3558111
tisBp,0.07142857142857142,13,13,CGAGGCCCGAGCCGCGCTCC,0,3573530
tisBp,0.07142857142857142,13,13,CGACGTTCAAGGCGGCAAGT,0,3560084
tisBp,0.07142857142857142,13,13,CGAACCGGGCAGTAGTTGGT,0,3571710
tisBp,0.07142857142857142,13,13,CCTTACCGTGATACATTTCT,0,3551561
tisBp,0.07142857142857142,13,13,CCTCTTTACATATGATGGCT,0,3556206
tisBp,0.07142857142857142,13,13,CCTCTCACCGGTTAATCATT,0,3593649
tisBp,0.07142857142857142,13,13,CCTAGGCTCAAGTTCCATTT,0,3562320
tisBp,0.07142857142857142,13,13,CCTAGGATGATGTATTGTCG,0,3551867
tisBp,0.07142857142857142,13,13,CCGTTTACAGTTCATGCTGT,0,3560701
tisBp,0.07142857142857142,13,13,CCGTTAGCGACTCACTTTTG,0,3583990
tisBp,0.07142857142857142,13,13,CCGTAACATTGAGCTCCAGG,0,3542192
tisBp,0.07142857142857142,13,13,CCGCTGTGACGGACGTATAT,0,3563433
tisBp,0.07142857142857142,13,13,CCGCCCATGCAGCTCGGATG,0,3549619
tisBp,0.07142857142857142,13,13,CCGATAAGACTAAAACAGAG,0,3593223
tisBp,0.07142857142857142,13,13,CCCGTCTCGCGACACTCTGA,0,3551184
tisBp,0.07142857142857142,13,13,CCCGACAGAGAGTCACCTGA,0,3583440
tisBp,0.07142857142857142,13,13,CCCGAACGCGAGCGACACGT,0,3542979
tisBp,0.07142857142857142,13,13,CCATCGGTGTGCCATTAGGA,0,3544691
tisBp,0.07142857142857142,13,13,CCATCCAATATCGGTTTCGC,0,3576851
tisBp,0.07142857142857142,13,13,CCATATTGGACCAAAGATAA,0,3548160
tisBp,0.07142857142857142,13,13,CATTGCATCGACCAATGGAA,0,3550878
tisBp,0.07142857142857142,13,13,CATGAATCGAGGAAGCGTGT,0,3556195
tisBp,0.07142857142857142,13,13,CAGGTTCAAACTGTTAGATC,0,3589104
tisBp,0.07142857142857142,13,13,CAGGCTGCGCCCATGCAGGT,0,3576765
tisBp,0.07142857142857142,13,13,CAGCGTTCGGGGATGCAGGT,0,3570807
tisBp,0.07142857142857142,13,13,CAGCCTGTGTTCACCGTAGT,0,3572478
tisBp,0.07142857142857142,13,13,CACTGCAATCCATTGAGGGA,0,3558871
tisBp,0.07142857142857142,13,13,CACTCGTGGTTGTTGCGCCT,0,3590057
tisBp,0.07142857142857142,13,13,CACTACCTAGCAGGAAAGTT,0,3544178
tisBp,0.07142857142857142,13,13,CACGGTGTCGCCCATACCGA,0,3581313
tisBp,0.07142857142857142,13,13,CACGGGTTCGAGCGTCAATG,0,3581161
tisBp,0.07142857142857142,13,13,CACGCCTGTTTTGAATCCTA,0,3569121
tisBp,0.07142857142857142,13,13,CACAATAATAAAGGGTAACG,0,3599781
tisBp,0.07142857142857142,13,13,CAATACCTGTTCTATGGGTG,0,3585363
tisBp,0.07142857142857142,13,13,CAACGTCAAGCGTAATCCTA,0,3595387
tisBp,0.07142857142857142,13,13,ATTTTTTTAACGGCATGCTC,0,3568318
tisBp,0.07142857142857142,13,13,ATTTTCTTCGCGTCGGGTGG,0,3574418
tisBp,0.07142857142857142,13,13,ATTTTAGTAGCGTGTTACAA,0,3545019
tisBp,0.07142857142857142,13,13,ATTGGTCGGGCTCGAAAGGA,0,3588477
tisBp,0.07142857142857142,13,13,ATTGAATCCTTTATAATCTA,0,3598862
tisBp,0.07142857142857142,13,13,ATTCTACGGTCAAACAAGTC,0,3573110
tisBp,0.07142857142857142,13,13,ATTCCGTTCAGGAATTAGTC,0,3580410
tisBp,0.07142857142857142,13,13,ATTATCCAATGCACCGAGGT,0,3556231
tisBp,0.07142857142857142,13,13,ATTATCAGGTATATATTGTA,0,3561479
tisBp,0.07142857142857142,13,13,ATTAGAAAGTTTTGTACTTA,0,3574120
tisBp,0.07142857142857142,13,13,ATTAAGTAAGTTTATTTGTC,0,3595339
tisBp,0.07142857142857142,13,13,ATGTAGCTGTCTCAGTGTCT,0,3568309
tisBp,0.07142857142857142,13,13,ATGGTTTAGCTTGGTGCCCA,0,3565426
tisBp,0.07142857142857142,13,13,ATGGGGCCTTCGCTACGTTA,0,3567052
tisBp,0.07142857142857142,13,13,ATGGCCCCGGAGGGAGTTCT,0,3598324
tisBp,0.07142857142857142,13,13,ATGCGGTGCATAAAGGGCCT,0,3603814
tisBp,0.07142857142857142,13,13,ATGAGGTGCCATAGGCCGAA,0,3595819
tisBp,0.07142857142857142,13,13,ATCTTCCGTGATTCAAGCCA,0,3598814
tisBp,0.07142857142857142,13,13,ATCGGTTGATGACACTTTTA,0,3596882
tisBp,0.07142857142857142,13,13,ATCGCAGGTCCTAAGCCTCG,0,3558507
tisBp,0.07142857142857142,13,13,ATCCCCAAATGACACCGCTC,0,3559703
tisBp,0.07142857142857142,13,13,ATCAGGACCTGATACGGAAT,0,3596572
tisBp,0.07142857142857142,13,13,ATAGCCTGGCGACCACAATT,0,3549071
tisBp,0.07142857142857142,13,13,ATAGAGTTACTTGTCTAATC,0,3556084
tisBp,0.07142857142857142,13,13,ATACTTTAGGACCATGAGGA,0,3545332
tisBp,0.07142857142857142,13,13,ATACCTAACGGTGTGATCTA,0,3600091
tisBp,0.07142857142857142,13,13,ATACATTCGGGAGACGTGTT,0,3599391
tisBp,0.07142857142857142,13,13,AGTCTGTTCGCTAAGAGCGG,0,3567772
tisBp,0.07142857142857142,13,13,AGTCTCGATAGATGAATGCC,0,3588829
tisBp,0.07142857142857142,13,13,AGTCAATTAGCAGCGATCAG,0,3574334
tisBp,0.07142857142857142,13,13,AGGTTTTCGGTATAATCCAC,0,3546191
tisBp,0.07142857142857142,13,13,AGGGCTATGGATTGGTTTTA,0,3586853
tisBp,0.07142857142857142,13,13,AGGGCGCCGCGCTCAATATA,0,3555113
tisBp,0.07142857142857142,13,13,AGGGATTAGTAATGTAGTCG,0,3584684
tisBp,0.07142857142857142,13,13,AGGGACAGGTACGCCCCCGA,0,3575485
tisBp,0.07142857142857142,13,13,AGCTTCGGAACGCGCGTGCC,0,3564600
tisBp,0.07142857142857142,13,13,AGCTGCATTGAAGTTACACG,0,3575256
tisBp,0.07142857142857142,13,13,AGCCTTGTCCTGGGAATAGA,0,3546536
tisBp,0.07142857142857142,13,13,AGCCTGTCGTGTACAGGTAA,0,3548903
tisBp,0.07142857142857142,13,13,AGATGAGTCGGGTCCATATG,0,3553482
tisBp,0.07142857142857142,13,13,AGATCTGAGAAACCACGAGC,0,3546673
tisBp,0.07142857142857142,13,13,AGAGTTAGACAGTCAAGTAC,0,3545361
tisBp,0.07142857142857142,13,13,AGAGATACCGGGAGTTGGGA,0,3544153
tisBp,0.07142857142857142,13,13,AGAGACGCGGGTCACTAACA,0,3549109
tisBp,0.07142857142857142,13,13,ACTTGTGGCTGCCGCCCAGA,0,3569551
tisBp,0.07142857142857142,13,13,ACTTGCCAACGCCGCGTAGA,0,3551129
tisBp,0.07142857142857142,13,13,ACTGGGTGTGGATTCCCCGT,0,3585213
tisBp,0.07142857142857142,13,13,ACTCCGGTACTCTTCGACGT,0,3594802
tisBp,0.07142857142857142,13,13,ACTCAGAGGCAAGAGCTTTA,0,3568055
tisBp,0.07142857142857142,13,13,ACTAGACCCTTTACTGGCAG,0,3593307
tisBp,0.07142857142857142,13,13,ACGGTTATAATTGGATGGGA,0,3575591
tisBp,0.07142857142857142,13,13,ACGGAATGAGCGGGTCCCTG,0,3586871
tisBp,0.07142857142857142,13,13,ACGCCAGTACGCTTAACAAA,0,3556709
tisBp,0.07142857142857142,13,13,ACGATAAATGGGAGAAATTT,0,3559919
tisBp,0.07142857142857142,13,13,ACCTTATCGAAAAGGAGGTG,0,3557185
tisBp,0.07142857142857142,13,13,ACCCGATATGTCAGGAGTAG,0,3544992
tisBp,0.07142857142857142,13,13,ACCCCTGGTCGGTTATCAGG,0,3575350
tisBp,0.07142857142857142,13,13,ACCCCGTGCTACGGAACACT,0,3580746
tisBp,0.07142857142857142,13,13,ACCAGCTACCAGGATCAAAG,0,3588449
tisBp,0.07142857142857142,13,13,ACCAAGCGTCGCAGTTATTG,0,3549295
tisBp,0.07142857142857142,13,13,ACCAACTATAAGTTTACAAC,0,3590952
tisBp,0.07142857142857142,13,13,ACATCCATCCTACCCCAACG,0,3567785
tisBp,0.07142857142857142,13,13,ACAGTCCCGCCAAGCTCTGT,0,3565825
tisBp,0.07142857142857142,13,13,ACAGGGGCCAGAAATTCGCT,0,3546370
tisBp,0.07142857142857142,13,13,ACAGAGAAAGCACTTTAATA,0,3561919
tisBp,0.07142857142857142,13,13,ACACCGCGAGTGGCTATATA,0,3578659
tisBp,0.07142857142857142,13,13,ACAAAGCGCCTAGGTTCTCT,0,3545511
tisBp,0.07142857142857142,13,13,AATTTCGAACCAAATCACGC,0,3575052
tisBp,0.07142857142857142,13,13,AATTAAACTGGATTCGATTC,0,3560732
tisBp,0.07142857142857142,13,13,AATGTAGTATGATTAATGAA,0,3595254
tisBp,0.07142857142857142,13,13,AATCGCCATCTGGACTTCGA,0,3588370
tisBp,0.07142857142857142,13,13,AATATTGTGCCGGAGCAGAA,0,3557818
tisBp,0.07142857142857142,13,13,AATACCTATCTCAGGTGTCC,0,3591769
tisBp,0.07142857142857142,13,13,AATACCGGTTAAAGGATGAG,0,3559526
tisBp,0.07142857142857142,13,13,AAGGAACAAGTACTCGATGT,0,3541987
tisBp,0.07142857142857142,13,13,AAGCCGTGAAAGGCCGGGTG,0,3579532
tisBp,0.07142857142857142,13,13,AAGAACACACCAAGGGTGAA,0,3589498
tisBp,0.07142857142857142,13,13,AACTCGACTGAACGCCTAGA,0,3595069
tisBp,0.07142857142857142,13,13,AACAGGAGCTATTCAACGCA,0,3578159
tisBp,0.07142857142857142,13,13,AAAGGGGTGAAATGCAGTGT,0,3568366
tisBp,0.07142857142857142,13,13,AAACCCGAATGGCTCATATA,0,3585553
tisBp,0.07142857142857142,13,13,AAAATTAGCCCAATTATATG,0,3552813
tisBp,0.07142857142857142,13,13,AAAACGGGGACCTGATTTAA,0,3588118
tisBp,0.07692307692307693,12,12,TTTTTAGTCTCATAATGATA,0,3575474
tisBp,0.07692307692307693,12,12,TTTTTAGCCAGCCCAGTCTA,0,3563904
tisBp,0.07692307692307693,12,12,TTTTCCGTGTTTCTTCAGTA,0,3559991
tisBp,0.07692307692307693,12,12,TTTTCAGTGCTAATAGGGAC,0,3583109
tisBp,0.07692307692307693,12,12,TTTTAAATGGTGTGGAACTT,0,3542650
tisBp,0.07692307692307693,12,12,TTTGATCTTGATTTGCACAC,0,3581686
tisBp,0.07692307692307693,12,12,TTTGAGGTTTTATCGAGTGT,0,3549415
tisBp,0.07692307692307693,12,12,TTTCTGGGTTTCTCACCCAT,0,3574942
tisBp,0.07692307692307693,12,12,TTTCGCATGTCCTACAATCG,0,3553764
tisBp,0.07692307692307693,12,12,TTTCAGGACACGAATGCAGC,0,3584710
tisBp,0.07692307692307693,12,12,TTTCACCGATATCTAAGTGA,0,3547945
tisBp,0.07692307692307693,12,12,TTTAATATATATGGGCCTTC,0,3549303
tisBp,0.07692307692307693,12,12,TTGTGGTCAGTAGAACGTGT,0,3580872
tisBp,0.07692307692307693,12,12,TTGTGAGGGCATATATTAAT,0,3601426
tisBp,0.07692307692307693,12,12,TTGGGGCAATTACAGATGTG,0,3591619
tisBp,0.07692307692307693,12,12,TTGCACGTACTCCGCTACAC,0,3543128
tisBp,0.07692307692307693,12,12,TTCTGCTAGGCGACGATGAC,0,3554097
tisBp,0.07692307692307693,12,12,TTCGGCAATATGAGCTGATG,0,3599713
tisBp,0.07692307692307693,12,12,TTCATCCCCATGTCACTGTA,0,3545761
tisBp,0.07692307692307693,12,12,TTATGGCCGTTAACCTTTTC,0,3556221
tisBp,0.07692307692307693,12,12,TTAGCTGTAAATAAAGGTCC,0,3589817
tisBp,0.07692307692307693,12,12,TTACCCGATGGTGCCACCTC,0,3574814
tisBp,0.07692307692307693,12,12,TTACACAGCAACCCTTGCTA,0,3587808
tisBp,0.07692307692307693,12,12,TTAAGCCCTAAGGGGAGGAC,0,3573136
tisBp,0.07692307692307693,12,12,TGTTGCTTGTTTGCGCGCCC,0,3590238
tisBp,0.07692307692307693,12,12,TGTTGCACGGTTTATGGCAT,0,3580139
tisBp,0.07692307692307693,12,12,TGTTCTGTGGTATGTTACGT,0,3586742
tisBp,0.07692307692307693,12,12,TGTTCGCTGGGCCTACCTAA,0,3593871
tisBp,0.07692307692307693,12,12,TGTACTAGGTTATTATCACG,0,3575831
tisBp,0.07692307692307693,12,12,TGGTCACAAATAACGTGTTT,0,3597661
tisBp,0.07692307692307693,12,12,TGGGGAAAACCTGCGGATTG,0,3572749
tisBp,0.07692307692307693,12,12,TGGCCCGCTCGCCAGCTAAT,0,3562743
tisBp,0.07692307692307693,12,12,TGGAGATTCCAACGCTTAAC,0,3589754
tisBp,0.07692307692307693,12,12,TGCTTCTAATAGCTCAGCCC,0,3569193
tisBp,0.07692307692307693,12,12,TGCCCGTCTGGATCGTGCGA,0,3552871
tisBp,0.07692307692307693,12,12,TGCCCGTCAAATTGGCTAGT,0,3593799
tisBp,0.07692307692307693,12,12,TGATATGGCTCGTGCGGCTA,0,3591386
tisBp,0.07692307692307693,12,12,TGATAAGAGCAACCGGAGTT,0,3569681
tisBp,0.07692307692307693,12,12,TGAGTAGCCTACCAGTGCAA,0,3547077
tisBp,0.07692307692307693,12,12,TGAGGAGACAAGGTGAACTG,0,3603647
tisBp,0.07692307692307693,12,12,TGAGCTTGTAGTTCTGGCCG,0,3541574
tisBp,0.07692307692307693,12,12,TGAGATGTTCAGATGACTGG,0,3556803
tisBp,0.07692307692307693,12,12,TGAGACAGACCAGGTAAAGA,0,3595916
tisBp,0.07692307692307693,12,12,TGACCGACGAGGGCTTGACA,0,3583469
tisBp,0.07692307692307693,12,12,TCTTTCAATACGCACCCTAA,0,3566770
tisBp,0.07692307692307693,12,12,TCTTACCCAGAACGAGCGGT,0,3568753
tisBp,0.07692307692307693,12,12,TCTAGTACCTCAGTAAGTTT,0,3576108
tisBp,0.07692307692307693,12,12,TCTAGGCGTAGCCTGGCGTC,0,3553832
tisBp,0.07692307692307693,12,12,TCGGGTTAAATTAGACGGTC,0,3587345
tisBp,0.07692307692307693,12,12,TCGCAACGGCGTTAGTCGCA,0,3560140
tisBp,0.07692307692307693,12,12,TCGATGACCTAAATCCTTGA,0,3588246
tisBp,0.07692307692307693,12,12,TCGAGTATTGGTCGTGGGGT,0,3548614
tisBp,0.07692307692307693,12,12,TCGAAATGTTCATGGGGTGT,0,3596520
tisBp,0.07692307692307693,12,12,TCCTGCACAGAAGCGGATAA,0,3593210
tisBp,0.07692307692307693,12,12,TCCCTTGCGTGAGCCGTTAT,0,3586373
tisBp,0.07692307692307693,12,12,TCCCCAAGAGGCATCGGCCT,0,3568982
tisBp,0.07692307692307693,12,12,TCCCATAATTTGTACGGCCG,0,3545738
tisBp,0.07692307692307693,12,12,TCCATGGGCAAAATACCGCT,0,3581143
tisBp,0.07692307692307693,12,12,TCCATACACACCTCCCCAGA,0,3594711
tisBp,0.07692307692307693,12,12,TCCAACGGGAACAATCATCT,0,3585865
tisBp,0.07692307692307693,12,12,TCATGATGACAGTCAACGGC,0,3560048
tisBp,0.07692307692307693,12,12,TCATAGTCACTCATCTGACA,0,3544633
tisBp,0.07692307692307693,12,12,TCACGTCATATTACCGATTA,0,3590305
tisBp,0.07692307692307693,12,12,TCACCCCTTCGAGTGGTCAA,0,3543296
tisBp,0.07692307692307693,12,12,TCACAGCCTTAAAACTCAGA,0,3586805
tisBp,0.07692307692307693,12,12,TCAAGACAGGTCAATAGATG,0,3591235
tisBp,0.07692307692307693,12,12,TATTGGCAGACAGGTTATAG,0,3544883
tisBp,0.07692307692307693,12,12,TATTATGCGCATGATGCTTA,0,3546146
tisBp,0.07692307692307693,12,12,TATGTCTCGTTTACGGGTCA,0,3546633
tisBp,0.07692307692307693,12,12,TATGTAGTCGTCACATGAAT,0,3552095
tisBp,0.07692307692307693,12,12,TATGGCTACGTCTACCACTA,0,3563357
tisBp,0.07692307692307693,12,12,TATGCTGGAGACAGCGTCGT,0,3542925
tisBp,0.07692307692307693,12,12,TATCTGTTTTCTTCAACCCC,0,3569507
tisBp,0.07692307692307693,12,12,TAGGGGCGAGCGACCGTTAA,0,3556210
tisBp,0.07692307692307693,12,12,TAGGCACGATCTTACAAGGT,0,3574281
tisBp,0.07692307692307693,12,12,TAGCCCGCCCATCACTGTTG,0,3579754
tisBp,0.07692307692307693,12,12,TAGACTCAATCTCTAGCGTT,0,3572632
tisBp,0.07692307692307693,12,12,TACTTTCCGGGTTGGGTGGT,0,3597508
tisBp,0.07692307692307693,12,12,TACTTCGCTGGTAAATTCGT,0,3567114
tisBp,0.07692307692307693,12,12,TAATAGCAGTTGAAGTAGCA,0,3585933
tisBp,0.07692307692307693,12,12,TAAGGTAGTTTCGCCGCTCA,0,3572121
tisBp,0.07692307692307693,12,12,TAAGCCGGTCAGTCTCACAT,0,3541931
tisBp,0.07692307692307693,12,12,TAACAGACAACAACACAGGC,0,3586909
tisBp,0.07692307692307693,12,12,GTTTTATGACTCAAGATGAC,0,3572682
tisBp,0.07692307692307693,12,12,GTTTGTGGTGGCTTACGAAG,0,3545880
tisBp,0.07692307692307693,12,12,GTTTCTCGGGCGCTTAGGGG,0,3551688
tisBp,0.07692307692307693,12,12,GTTCTATTAGTCCAGATTGA,0,3548244
tisBp,0.07692307692307693,12,12,GTTCGTAAAATATCATGCAG,0,3578955
tisBp,0.07692307692307693,12,12,GTTCCCAAGATGAGAGACAG,0,3562862
tisBp,0.07692307692307693,12,12,GTTCACGCTCCGTCCTAGGC,0,3585712
tisBp,0.07692307692307693,12,12,GTTAGCCGATTTGTATATTT,0,3568997
tisBp,0.07692307692307693,12,12,GTTAGCACGAGGTGACCTCT,0,3553660
tisBp,0.07692307692307693,12,12,GTGTGGGTCGCGCATTGTAA,0,3583466
tisBp,0.07692307692307693,12,12,GTGTCTGGGTAGCAGTATAA,0,3572976
tisBp,0.07692307692307693,12,12,GTGTCAATAAAACGTAGTTG,0,3543985
tisBp,0.07692307692307693,12,12,GTGGTAATGAATCCTGCCTG,0,3567346
tisBp,0.07692307692307693,12,12,GTGGCCTGCCCATCGGTGAT,0,3549905
tisBp,0.07692307692307693,12,12,GTGCAAACATACTGTAGACC,0,3560766
tisBp,0.07692307692307693,12,12,GTGAGGTTTTCTACACATCT,0,3556680
tisBp,0.07692307692307693,12,12,GTGACTGCAGTGGTAGCCGT,0,3557497
tisBp,0.07692307692307693,12,12,GTGACATTTCATGATGCATG,0,3561414
tisBp,0.07692307692307693,12,12,GTGAAGAGAGGATTATGCGC,0,3562863
tisBp,0.07692307692307693,12,12,GTCCGTACTCAAGGCTTAAG,0,3573748
tisBp,0.07692307692307693,12,12,GTCCACTTTAACTATTCCGT,0,3577849
tisBp,0.07692307692307693,12,12,GTCCAATCGTTTATTTTAGA,0,3549228
tisBp,0.07692307692307693,12,12,GTCCAACTGCATCGCCTTTG,0,3603288
tisBp,0.07692307692307693,12,12,GTCATCGCACCTCGGTCTAC,0,3584624
tisBp,0.07692307692307693,12,12,GTCATATGCAACTTCTATTC,0,3592772
tisBp,0.07692307692307693,12,12,GTATTCCGTTCGTAAAGGTG,0,3558218
tisBp,0.07692307692307693,12,12,GTATGTAAAGTTTCCTCGGG,0,3554087
tisBp,0.07692307692307693,12,12,GTAGTTGCTTGGAGTAAGTT,0,3579589
tisBp,0.07692307692307693,12,12,GTAGAGCATCATCGCAAGTA,0,3602284
tisBp,0.07692307692307693,12,12,GTACTCTGGATTTGCACAAA,0,3549266
tisBp,0.07692307692307693,12,12,GTACGCGCTACCTATCTAAT,0,3576859
tisBp,0.07692307692307693,12,12,GTACGAGTACCCAGTACATA,0,3592191
tisBp,0.07692307692307693,12,12,GTACCGTAGCCAGTAGGGTG,0,3545794
tisBp,0.07692307692307693,12,12,GTACAAGAGGGGTCTTTAGT,0,3594368
tisBp,0.07692307692307693,12,12,GGTTGGAGCAATCTTCTCGG,0,3561921
tisBp,0.07692307692307693,12,12,GGTGGATTGTGGAGGAATCT,0,3562331
tisBp,0.07692307692307693,12,12,GGTGCCCACCCGCACCGGCT,0,3598184
tisBp,0.07692307692307693,12,12,GGTCTTGCCGAAACCTCCAG,0,3557926
tisBp,0.07692307692307693,12,12,GGTCGCGCCGTTGGTACAGT,0,3566777
tisBp,0.07692307692307693,12,12,GGTCCACTGTCGTTTAATGT,0,3578129
tisBp,0.07692307692307693,12,12,GGTATTCACGTTGAACCCGG,0,3596300
tisBp,0.07692307692307693,12,12,GGGTCTGTCTAAATGCATAT,0,3584124
tisBp,0.07692307692307693,12,12,GGGTAAGGGCGCTCCAATTC,0,3552960
tisBp,0.07692307692307693,12,12,GGGCTCCCACCTGGACCAAA,0,3582942
tisBp,0.07692307692307693,12,12,GGGCACTGGATAAACCCGGT,0,3578021
tisBp,0.07692307692307693,12,12,GGGATTTAAGACCCAACATT,0,3549675
tisBp,0.07692307692307693,12,12,GGGAGGTCTCGTCGTTCAGA,0,3554382
tisBp,0.07692307692307693,12,12,GGGAAGGAGACGCCTGTGGT,0,3549417
tisBp,0.07692307692307693,12,12,GGGAAAGCATATCAGGGTCG,0,3542489
tisBp,0.07692307692307693,12,12,GGCGACGAGCGGACCCGCGA,0,3599645
tisBp,0.07692307692307693,12,12,GGCCGGGACCAGGTGCCACG,0,3554887
tisBp,0.07692307692307693,12,12,GGCAGGACCTACAGACGCTA,0,3542738
tisBp,0.07692307692307693,12,12,GGCAGCAGCTGCCTATTCAT,0,3547444
tisBp,0.07692307692307693,12,12,GGCAGACGGTATGGGCCAGA,0,3555347
tisBp,0.07692307692307693,12,12,GGATCAAGATCGCGTAAAGC,0,3554083
tisBp,0.07692307692307693,12,12,GGAGACTCCTTGATTTCCTA,0,3552118
tisBp,0.07692307692307693,12,12,GGACTAGCTGGTGAGTGGAG,0,3562196
tisBp,0.07692307692307693,12,12,GGACCAAAGGGTTCCAGTGA,0,3596012
tisBp,0.07692307692307693,12,12,GGAATAATACTGGCTCCCGA,0,3590287
tisBp,0.07692307692307693,12,12,GGAAGCGCGGAACAATGAGT,0,3566091
tisBp,0.07692307692307693,12,12,GGAACCCGGCTGTCCGAGAT,0,3570504
tisBp,0.07692307692307693,12,12,GGAAAGCTCACCGACATTAC,0,3573392
tisBp,0.07692307692307693,12,12,GGAAACGTTACCATATCGAC,0,3571163
tisBp,0.07692307692307693,12,12,GCTACACACTAATTAGCCGA,0,3579080
tisBp,0.07692307692307693,12,12,GCGTTGACCCGGGTGACACT,0,3596892
tisBp,0.07692307692307693,12,12,GCGGTTCGGCATGTCCAGCA,0,3548385
tisBp,0.07692307692307693,12,12,GCGGCCACTCTTCCAGTAAA,0,3565766
tisBp,0.07692307692307693,12,12,GCGAGGTAATTACGGTTCCA,0,3572990
tisBp,0.07692307692307693,12,12,GCGACCCTGACCCTTCCCAC,0,3589765
tisBp,0.07692307692307693,12,12,GCGAAAAGCTAAGTTTAGAG,0,3590834
tisBp,0.07692307692307693,12,12,GCCTAGCAGGCGTAACGGCT,0,3553468
tisBp,0.07692307692307693,12,12,GCCGTGGTCATGTTCCCTTG,0,3572602
tisBp,0.07692307692307693,12,12,GCCGTCGTTAACAATGTCAC,0,3580191
tisBp,0.07692307692307693,12,12,GCCGGCACAATTTAATGCAA,0,3549901
tisBp,0.07692307692307693,12,12,GCCGCGGACACGGAACACCA,0,3549960
tisBp,0.07692307692307693,12,12,GCCGACCTCAGATCGTAAAT,0,3600931
tisBp,0.07692307692307693,12,12,GCCCGCGAAAGTTCCTCGAT,0,3579766
tisBp,0.07692307692307693,12,12,GCAGCAGTACGGTATATTCT,0,3597527
tisBp,0.07692307692307693,12,12,GCAAATTTTTTCTTGTTCCA,0,3569398
tisBp,0.07692307692307693,12,12,GATTGACTGGGACCCGGGTT,0,3549338
tisBp,0.07692307692307693,12,12,GATTATCATTGCTGTGAAGC,0,3558011
tisBp,0.07692307692307693,12,12,GATGCAGTGGTCCAGAAAAC,0,3547903
tisBp,0.07692307692307693,12,12,GATCTGGGACGGCAAATCTT,0,3572588
tisBp,0.07692307692307693,12,12,GATAGATTCGCTAGGAGTAT,0,3545093
tisBp,0.07692307692307693,12,12,GATAATACCTGTGAGAAACA,0,3554975
tisBp,0.07692307692307693,12,12,GAGTTTCTAACATGCGGACC,0,3571212
tisBp,0.07692307692307693,12,12,GAGTGTGGTTACCAGGAGGT,0,3572447
tisBp,0.07692307692307693,12,12,GAGGCCCCATAAGGATGGGA,0,3581682
tisBp,0.07692307692307693,12,12,GAGCAGGTTCGGTTGCGAAA,0,3551972
tisBp,0.07692307692307693,12,12,GAGAGGAATGGTCATCATAC,0,3597966
tisBp,0.07692307692307693,12,12,GAGAAATTCAACCACAATAA,0,3598592
tisBp,0.07692307692307693,12,12,GACTTGCGTCCTGATGGTAT,0,3547907
tisBp,0.07692307692307693,12,12,GACTGGGCGCCGGTCCTGGG,0,3544217
tisBp,0.07692307692307693,12,12,GACTATACTGCATTGGATCT,0,3542058
tisBp,0.07692307692307693,12,12,GACGCAACTATATTACCCAA,0,3567809
tisBp,0.07692307692307693,12,12,GACGACCTCTAGCCGGGCTC,0,3572840
tisBp,0.07692307692307693,12,12,GACCTAACAACTACATGTAT,0,3556104
tisBp,0.07692307692307693,12,12,GACCACCTGTTGGTATCTTT,0,3549598
tisBp,0.07692307692307693,12,12,GACCACCACGGGGATACAGA,0,3549850
tisBp,0.07692307692307693,12,12,GACATATCGGTAAAGAGATT,0,3581503
tisBp,0.07692307692307693,12,12,GACAGCATTTGTAAATGGAT,0,3586044
tisBp,0.07692307692307693,12,12,GAAGGAGAGTATTTGGAACG,0,3599519
tisBp,0.07692307692307693,12,12,GAAGCACACACTTAGTCTAG,0,3563939
tisBp,0.07692307692307693,12,12,GAAGAAGCTAGGCGTTCTGA,0,3596305
tisBp,0.07692307692307693,12,12,GAACGGAGCTCGAAGGTCTA,0,3574305
tisBp,0.07692307692307693,12,12,GAACGAAAAAGAGAGTTCTA,0,3600600
tisBp,0.07692307692307693,12,12,GAAAGACATAGCATTTTCTG,0,3544884
tisBp,0.07692307692307693,12,12,GAAAAGGGGTGCATCTTTCC,0,3542834
tisBp,0.07692307692307693,12,12,GAAAAGACTCCCGGGGCATC,0,3562298
tisBp,0.07692307692307693,12,12,CTTGTGATCGAGAGGAATAT,0,3584309
tisBp,0.07692307692307693,12,12,CTTGCCAAATCCTACGGTAG,0,3587723
tisBp,0.07692307692307693,12,12,CTTGATGATGCGGCCCAGAG,0,3574359
tisBp,0.07692307692307693,12,12,CTTATCGTTGGTAGGCTATT,0,3552713
tisBp,0.07692307692307693,12,12,CTTACGTGCGCTTAGGCGTC,0,3566142
tisBp,0.07692307692307693,12,12,CTTAATATAGATAGAACCTA,0,3555785
tisBp,0.07692307692307693,12,12,CTGTTAATTTGACCCAAAAG,0,3571320
tisBp,0.07692307692307693,12,12,CTGTGTTTTATGTCACCCGA,0,3553004
tisBp,0.07692307692307693,12,12,CTGTATACCCCCAGTGGCGA,0,3585218
tisBp,0.07692307692307693,12,12,CTGTAGGAGGGATGCAGACG,0,3546447
tisBp,0.07692307692307693,12,12,CTGGCAACAGGCCTCGTAGT,0,3556987
tisBp,0.07692307692307693,12,12,CTCTGATCAGGTACAGTGAC,0,3555393
tisBp,0.07692307692307693,12,12,CTCGCTGTAAGGTGGTGTTA,0,3550185
tisBp,0.07692307692307693,12,12,CTCCTAGCAGCCCAAAGAGT,0,3559489
tisBp,0.07692307692307693,12,12,CTCATTTGTTGAATGGTCAG,0,3561039
tisBp,0.07692307692307693,12,12,CTCAGCTTCCAGATCTCCCG,0,3600855
tisBp,0.07692307692307693,12,12,CTCAAGGGACTTCACCCCAA,0,3552626
tisBp,0.07692307692307693,12,12,CTAGTCACTCTACATAGATT,0,3594947
tisBp,0.07692307692307693,12,12,CTAGGACAGTCCAGCCCATA,0,3542294
tisBp,0.07692307692307693,12,12,CTAAGTGTAGAGCATTTTCG,0,3585304
tisBp,0.07692307692307693,12,12,CTAACGCTGTCGTTGGCGGG,0,3545297
tisBp,0.07692307692307693,12,12,CTAACAGCACGAGATGGTGA,0,3568616
tisBp,0.07692307692307693,12,12,CTAAAGTCAGGTGAGAACTG,0,3577774
tisBp,0.07692307692307693,12,12,CGTTTGCTCTTACGTTTAGC,0,3562243
tisBp,0.07692307692307693,12,12,CGTGAGCACAGTCTGGGATA,0,3551840
tisBp,0.07692307692307693,12,12,CGTCAAGTATGGTTCTGCAT,0,3575316
tisBp,0.07692307692307693,12,12,CGTATGGAATACATGTCCTA,0,3548363
tisBp,0.07692307692307693,12,12,CGGTGCCTTGCGGCGAGCGG,0,3595665
tisBp,0.07692307692307693,12,12,CGGTATAGAACTACTCGCTA,0,3576764
tisBp,0.07692307692307693,12,12,CGGTAGGGGCTCTGCTATCT,0,3560350
tisBp,0.07692307692307693,12,12,CGGTAGCCCTTGGATCGGTG,0,3541535
tisBp,0.07692307692307693,12,12,CGGTAGAAATCGGATAACTT,0,3578582
tisBp,0.07692307692307693,12,12,CGGGTAAGTCCACATGTATC,0,3592661
tisBp,0.07692307692307693,12,12,CGGGCAATGAGGTCGAAAAT,0,3562724
tisBp,0.07692307692307693,12,12,CGGCCCTGGTTCAATAGGCA,0,3568229
tisBp,0.07692307692307693,12,12,CGCTACCACTCTCCCTGTCT,0,3566395
tisBp,0.07692307692307693,12,12,CGCGAAAAACCTGTCAGTGG,0,3549452
tisBp,0.07692307692307693,12,12,CGCCTCGGGTTACAGGGTGA,0,3569584
tisBp,0.07692307692307693,12,12,CGCCATGATAGCTAGCATGG,0,3602791
tisBp,0.07692307692307693,12,12,CGCAATCTGTCAGATAAACG,0,3583699
tisBp,0.07692307692307693,12,12,CGATTGGGGGCAGACACAGA,0,3551049
tisBp,0.07692307692307693,12,12,CGATCTAACTCTAGAGCCGG,0,3584937
tisBp,0.07692307692307693,12,12,CGAGTGCGAAGGAGTGAAGT,0,3592912
tisBp,0.07692307692307693,12,12,CCTTAGTGAGCACACTTCAT,0,3601525
tisBp,0.07692307692307693,12,12,CCTGGTTGGTCCAAAAAGCA,0,3553684
tisBp,0.07692307692307693,12,12,CCTGCTCACAAAGTGCTGAC,0,3591735
tisBp,0.07692307692307693,12,12,CCTCAGGGGACAGAGAGTAG,0,3553305
tisBp,0.07692307692307693,12,12,CCGTGATGTGGCGTGATACC,0,3590939
tisBp,0.07692307692307693,12,12,CCGTGATGCCGACCGTTGCA,0,3589065
tisBp,0.07692307692307693,12,12,CCGCATTGGCAAAATATCGT,0,3548372
tisBp,0.07692307692307693,12,12,CCGCAACAGGTTAATGTCAC,0,3597526
tisBp,0.07692307692307693,12,12,CCGACCGATTCCGAATCTAT,0,3553333
tisBp,0.07692307692307693,12,12,CCCTTTGAGCCGTGCATTTT,0,3563122
tisBp,0.07692307692307693,12,12,CCCTGGATAGTTGGGTTAAA,0,3598438
tisBp,0.07692307692307693,12,12,CCCGCCGCATGACTAGCTTA,0,3550960
tisBp,0.07692307692307693,12,12,CCCAAAGTGGTGCACACGAG,0,3552048
tisBp,0.07692307692307693,12,12,CCATCTGTCACTTCGCGTAT,0,3580959
tisBp,0.07692307692307693,12,12,CCAGCCTTAGACAGTGGGAG,0,3547130
tisBp,0.07692307692307693,12,12,CCACTTATGTAAGCCGGCGA,0,3565175
tisBp,0.07692307692307693,12,12,CCACGGAGTGTATGGCGCCA,0,3569417
tisBp,0.07692307692307693,12,12,CATGTGGGGAGGCTTGGAGC,0,3562412
tisBp,0.07692307692307693,12,12,CATCTAGGTGTACCGCCCGG,0,3547356
tisBp,0.07692307692307693,12,12,CAGGTAGCAGGTGTACAGTC,0,3561438
tisBp,0.07692307692307693,12,12,CAGGTAATCTTATGAGTGCG,0,3548726
tisBp,0.07692307692307693,12,12,CAGGCCAGGGGGAGACCGTT,0,3568709
tisBp,0.07692307692307693,12,12,CAGCGGGCCGGGTTTCCTTC,0,3594936
tisBp,0.07692307692307693,12,12,CAGCCGTCCGAGGACCATCC,0,3587046
tisBp,0.07692307692307693,12,12,CAGATCGTCTATGACTGTAG,0,3594852
tisBp,0.07692307692307693,12,12,CAGAGAAGATCAAAGGGAGT,0,3545132
tisBp,0.07692307692307693,12,12,CACTCTATCACAGCATAGGC,0,3548449
tisBp,0.07692307692307693,12,12,CACATTAGGGGGAGTATTGG,0,3585277
tisBp,0.07692307692307693,12,12,CAATTTCAATTATTGTCGGT,0,3589272
tisBp,0.07692307692307693,12,12,CAATTGCGAGCAGAGCGATT,0,3557124
tisBp,0.07692307692307693,12,12,CAATGGGGATGCCGCTCAGC,0,3565684
tisBp,0.07692307692307693,12,12,CAATCCCTAACCCAACGATA,0,3590668
tisBp,0.07692307692307693,12,12,CAAGTGTGCTATAATCGGAA,0,3575579
tisBp,0.07692307692307693,12,12,CAAGGGGTGAAGGCATATTT,0,3582296
tisBp,0.07692307692307693,12,12,CAAGCACATCCGACCATCGG,0,3546832
tisBp,0.07692307692307693,12,12,CAAGAATCGCAGCCCGTCCC,0,3558701
tisBp,0.07692307692307693,12,12,CAAATCTCCGGGGGCCTCAC,0,3544636
tisBp,0.07692307692307693,12,12,CAAATAGGAACGTTTGCGTT,0,3558061
tisBp,0.07692307692307693,12,12,CAAAGAGGCAAAGGAGTTGC,0,3549008
tisBp,0.07692307692307693,12,12,CAAACCATCAAAGATAAAGT,0,3564785
tisBp,0.07692307692307693,12,12,ATTTAGTTCACTAGGCAACG,0,3594174
tisBp,0.07692307692307693,12,12,ATTTAATGACAAGCCCATCG,0,3564775
tisBp,0.07692307692307693,12,12,ATTCTGTGAGTCGATCTTAG,0,3583478
tisBp,0.07692307692307693,12,12,ATTAGGCGGGGGACCACAAT,0,3574119
tisBp,0.07692307692307693,12,12,ATGTTTTTTCGCTCATCGTT,0,3565460
tisBp,0.07692307692307693,12,12,ATGTCTGAACTGCTTATTCG,0,3598103
tisBp,0.07692307692307693,12,12,ATGGTGCGGCGCGTTAATCT,0,3599191
tisBp,0.07692307692307693,12,12,ATGGGTGTGGGTCACGATCT,0,3564245
tisBp,0.07692307692307693,12,12,ATGATCAAGAACCTTTCGCT,0,3563017
tisBp,0.07692307692307693,12,12,ATGAATGGAAATTGATAAGC,0,3574927
tisBp,0.07692307692307693,12,12,ATCTCGCGAACGCAACCCGG,0,3563169
tisBp,0.07692307692307693,12,12,ATCTATTTTTGGGTGCCGAC,0,3554976
tisBp,0.07692307692307693,12,12,ATCGGCTAAGTCGGTCCCTG,0,3554085
tisBp,0.07692307692307693,12,12,ATCGGAAAATAGGGTGGGGG,0,3543158
tisBp,0.07692307692307693,12,12,ATCGCGGAACAGAGCCGGCA,0,3595786
tisBp,0.07692307692307693,12,12,ATCGACCGAGTCTTTGTGTA,0,3561565
tisBp,0.07692307692307693,12,12,ATCCGAGGTCCCCTGGTCCC,0,3550773
tisBp,0.07692307692307693,12,12,ATCACATAAGATATCAGCCA,0,3585279
tisBp,0.07692307692307693,12,12,ATAGGTAATAGGAACCGACT,0,3566991
tisBp,0.07692307692307693,12,12,ATAACCCGTGCCATCGCCTC,0,3545805
tisBp,0.07692307692307693,12,12,ATAAACGAGTCAGAAAGAGT,0,3564786
tisBp,0.07692307692307693,12,12,ATAAACGAATTACCTCTCAC,0,3548688
tisBp,0.07692307692307693,12,12,AGTTTCAAAGGTCCTACTTT,0,3560665
tisBp,0.07692307692307693,12,12,AGTTCGATTTCGTGTCGAGA,0,3541861
tisBp,0.07692307692307693,12,12,AGTTCCGTTGTTCACTATGC,0,3579049
tisBp,0.07692307692307693,12,12,AGTGTTCCGTAGATGGAGCG,0,3595464
tisBp,0.07692307692307693,12,12,AGTGTCAAGGAGTCTTTAGG,0,3576481
tisBp,0.07692307692307693,12,12,AGTGGTCCACGCTCATACAG,0,3552851
tisBp,0.07692307692307693,12,12,AGTGGCCCACTGTGGAACTA,0,3553661
tisBp,0.07692307692307693,12,12,AGTCCGAAGCCTATTCTACT,0,3571167
tisBp,0.07692307692307693,12,12,AGTCAACTGGTAGTGTGCGT,0,3541651
tisBp,0.07692307692307693,12,12,AGTAGGGGATACATACCAGA,0,3569583
tisBp,0.07692307692307693,12,12,AGGGCGCTAACTCCCTGTTA,0,3566190
tisBp,0.07692307692307693,12,12,AGGGCCGGTTCCAGCGCCGG,0,3561973
tisBp,0.07692307692307693,12,12,AGGCTGTAAGAGGGTAAATG,0,3568823
tisBp,0.07692307692307693,12,12,AGGCGTCTTTAACTTTTAGA,0,3553583
tisBp,0.07692307692307693,12,12,AGGCCAATAGCTTCGGAAAC,0,3581248
tisBp,0.07692307692307693,12,12,AGCGCACAGGCAGTGCTGGA,0,3557138
tisBp,0.07692307692307693,12,12,AGCCTTTGCAGATTGTGCGC,0,3580177
tisBp,0.07692307692307693,12,12,AGCCCATAGAGGATGCGAAT,0,3558387
tisBp,0.07692307692307693,12,12,AGCAGTCTGACCGCTCACTT,0,3553067
tisBp,0.07692307692307693,12,12,AGCAGGGCGACTGTTGCATT,0,3587802
tisBp,0.07692307692307693,12,12,AGCACGCAACACGTGAGAAC,0,3566565
tisBp,0.07692307692307693,12,12,AGCAACGCCGTAGTTCTCTA,0,3544055
tisBp,0.07692307692307693,12,12,AGATTCCCTCCACCCCAAAC,0,3574583
tisBp,0.07692307692307693,12,12,AGATTCAGGGACTGTTCGAA,0,3545028
tisBp,0.07692307692307693,12,12,AGATACCTCGCCGCAACGCA,0,3574363
tisBp,0.07692307692307693,12,12,AGAGTGCCAGTTAGGGTACG,0,3581985
tisBp,0.07692307692307693,12,12,AGAGGAACACGTGTGGATCA,0,3559314
tisBp,0.07692307692307693,12,12,AGAGCGGGTGACCCTCTAAC,0,3598864
tisBp,0.07692307692307693,12,12,AGACTATTTCTTGATAGCTC,0,3595414
tisBp,0.07692307692307693,12,12,AGAAAGGTCCATCCCTAACT,0,3570226
tisBp,0.07692307692307693,12,12,ACTTCATAGTCTACTTTGCA,0,3576517
tisBp,0.07692307692307693,12,12,ACTCTCGATGTCAGGCGCGA,0,3556223
tisBp,0.07692307692307693,12,12,ACTCCTACGTGCCCGTCCTT,0,3547131
tisBp,0.07692307692307693,12,12,ACTAACTCGGATTCTATCGC,0,3564332
tisBp,0.07692307692307693,12,12,ACGTTATTTGTCCGCCGTCT,0,3584933
tisBp,0.07692307692307693,12,12,ACGTATGGCACGAGGTTGGC,0,3583939
tisBp,0.07692307692307693,12,12,ACGTATCATCCAAACCGCAG,0,3543491
tisBp,0.07692307692307693,12,12,ACGTAGCTGTTTGAGCAACT,0,3572007
tisBp,0.07692307692307693,12,12,ACGCTGGTTCTGTTATCCCC,0,3544825
tisBp,0.07692307692307693,12,12,ACGCTCCCTTTCGAAGGGGG,0,3568642
tisBp,0.07692307692307693,12,12,ACGCCCACTCACAGGGATCT,0,3545393
tisBp,0.07692307692307693,12,12,ACCTTTAACCAGCTTCAACG,0,3572561
tisBp,0.07692307692307693,12,12,ACCTTCCCAGATGACAGAGG,0,3556914
tisBp,0.07692307692307693,12,12,ACCTAGGTTTGTACTATGTC,0,3572949
tisBp,0.07692307692307693,12,12,ACCTAGCGCAGTCATTTACT,0,3546904
tisBp,0.07692307692307693,12,12,ACCGCGGAACGTTACAACAG,0,3569588
tisBp,0.07692307692307693,12,12,ACCGCAGGCGACAATGTGCT,0,3574946
tisBp,0.07692307692307693,12,12,ACCGATAGGTATACGCCCAC,0,3569263
tisBp,0.07692307692307693,12,12,ACCCGTTGATTTTTCGGTAA,0,3592334
tisBp,0.07692307692307693,12,12,ACCCCCAAGCCCGTCCCGAA,0,3545163
tisBp,0.07692307692307693,12,12,ACCATAGGTAAGCCTCCGTA,0,3580721
tisBp,0.07692307692307693,12,12,ACATACTCAGTAACTCCTTT,0,3564970
tisBp,0.07692307692307693,12,12,ACAGTACCCACGCAGACCTC,0,3565360
tisBp,0.07692307692307693,12,12,ACAGCTGGCACCCCGCGAAA,0,3557415
tisBp,0.07692307692307693,12,12,ACAAGGGGAGCCTGTCAAAC,0,3571986
tisBp,0.07692307692307693,12,12,AATTGTTTCGTATAGCCCAA,0,3577138
tisBp,0.07692307692307693,12,12,AATTCAGTGGCTTACACGCG,0,3561410
tisBp,0.07692307692307693,12,12,AATTAGTATCTCGACAGCAA,0,3602428
tisBp,0.07692307692307693,12,12,AATGGTTCGGGTATTCTTAG,0,3591900
tisBp,0.07692307692307693,12,12,AATGGCGCAAACGAAAACAG,0,3561522
tisBp,0.07692307692307693,12,12,AATGGAGTTTTCCATGCCTC,0,3563434
tisBp,0.07692307692307693,12,12,AATAGGTGTTATCTCCCCTT,0,3593460
tisBp,0.07692307692307693,12,12,AAGTTTCCCCTAGGCGAAGT,0,3578889
tisBp,0.07692307692307693,12,12,AAGGCGATGCTAAAGGCATC,0,3581012
tisBp,0.07692307692307693,12,12,AAGGCAAGATGGGCAGGTGC,0,3542266
tisBp,0.07692307692307693,12,12,AAGGATTTGACAATTAATAA,0,3550880
tisBp,0.07692307692307693,12,12,AAGGACGGTACCATACAGTG,0,3543166
tisBp,0.07692307692307693,12,12,AAGCCAGGTTTAGAACGTGT,0,3558509
tisBp,0.07692307692307693,12,12,AACAGCAGTTAAAGTGTTAC,0,3565046
tisBp,0.07692307692307693,12,12,AAATCGAGCTTTAGGATGAC,0,3572817
tisBp,0.07692307692307693,12,12,AAATAGTGTCGCACCATGGT,0,3555819
tisBp,0.07692307692307693,12,12,AAAATCGATGCCAGGACTTT,0,3546488
tisBp,0.07692307692307693,12,12,AAAAGTCGCTTAGTTCGTCA,0,3565302
tisBp,0.07692307692307693,12,12,AAAAACCGTGAAACCGGACC,0,3552191
tisBp,0.08333333333333333,11,11,TTTTGGTCGTCGGGGCATCC,0,3564814
tisBp,0.08333333333333333,11,11,TTTTACCAGGAGGTACACGG,0,3573112
tisBp,0.08333333333333333,11,11,TTTGTATGGAATGTATAGGA,0,3552113
tisBp,0.08333333333333333,11,11,TTTGGTTAGGCCGCGTTGAA,0,3589418
tisBp,0.08333333333333333,11,11,TTTGGGTAAACTCGAAGTCC,0,3592513
tisBp,0.08333333333333333,11,11,TTTGCATAGACACTTTAATA,0,3563675
tisBp,0.08333333333333333,11,11,TTTCCAGATTCATCTCCGGA,0,3584425
tisBp,0.08333333333333333,11,11,TTTATCCGTCATGGTACGGC,0,3562509
tisBp,0.08333333333333333,11,11,TTTACCGAGAGGAAACCTCA,0,3558067
tisBp,0.08333333333333333,11,11,TTTAATTGCACCCTCTTTAT,0,3550571
tisBp,0.08333333333333333,11,11,TTGGCCCCGAAGGCTATTGT,0,3580170
tisBp,0.08333333333333333,11,11,TTGATCATAGGAAGGTCGAT,0,3568092
tisBp,0.08333333333333333,11,11,TTGATATAGAACAGTCAGAA,0,3590653
tisBp,0.08333333333333333,11,11,TTGAGTCGTGTAATCCTGTC,0,3544536
tisBp,0.08333333333333333,11,11,TTGAGGGGTGGGCATGCGGA,0,3554568
tisBp,0.08333333333333333,11,11,TTCTTTACTGAGATCTTAAG,0,3584423
tisBp,0.08333333333333333,11,11,TTCTCGTGTGCCTTTGTAGC,0,3587450
tisBp,0.08333333333333333,11,11,TTCGGTACGATCAATTATCA,0,3547664
tisBp,0.08333333333333333,11,11,TTCCTGGGTTTTTTAGGGCA,0,3552448
tisBp,0.08333333333333333,11,11,TTCCGATTGCTAGGAGGGCT,0,3603294
tisBp,0.08333333333333333,11,11,TTCACAAAGTTAAGTAATGT,0,3551988
tisBp,0.08333333333333333,11,11,TTCAACTGCAGATACAACGT,0,3593147
tisBp,0.08333333333333333,11,11,TTATTCGCTCCAAATTATCG,0,3577112
tisBp,0.08333333333333333,11,11,TTATGCAAGAATTAAATAGA,0,3598937
tisBp,0.08333333333333333,11,11,TTATCCCCTGATTTTGCAAT,0,3575701
tisBp,0.08333333333333333,11,11,TTATCCATAATACAAATGTA,0,3557720
tisBp,0.08333333333333333,11,11,TTACCGCCGAGACCAGGAGA,0,3569104
tisBp,0.08333333333333333,11,11,TTACCCCTGGCATAGCCTAT,0,3557082
tisBp,0.08333333333333333,11,11,TTAACCATTCACACTGTGTG,0,3545146
tisBp,0.08333333333333333,11,11,TTAAACAAGGAGGTCGAATG,0,3570532
tisBp,0.08333333333333333,11,11,TGTTCGGTTCCTGTCCCAAT,0,3578072
tisBp,0.08333333333333333,11,11,TGTTCGAAGCGGTGACTAGA,0,3569105
tisBp,0.08333333333333333,11,11,TGTGGGTTCACCCCCGTTGG,0,3599083
tisBp,0.08333333333333333,11,11,TGTGCGCGGAGAAGAACATA,0,3564397
tisBp,0.08333333333333333,11,11,TGTGAGTGGGCGGAGCCTGG,0,3584322
tisBp,0.08333333333333333,11,11,TGTGAGCGTTGATCAGGAGT,0,3552425
tisBp,0.08333333333333333,11,11,TGTCTACTTGAAATCATTGA,0,3560860
tisBp,0.08333333333333333,11,11,TGTCGCGACATGTCCCGCAA,0,3582414
tisBp,0.08333333333333333,11,11,TGTCGAGACTCTACCGACAA,0,3599239
tisBp,0.08333333333333333,11,11,TGTCAAACACTCCGCACCGT,0,3571350
tisBp,0.08333333333333333,11,11,TGTAGGTGGAGCACTTAAGT,0,3550386
tisBp,0.08333333333333333,11,11,TGTACGTGTATATTGGTGCC,0,3572114
tisBp,0.08333333333333333,11,11,TGGTTCACCAGCAACGGAGA,0,3575660
tisBp,0.08333333333333333,11,11,TGGTACATCGACGTCCCAAG,0,3560054
tisBp,0.08333333333333333,11,11,TGGTAATACGTAGTCAACAT,0,3558069
tisBp,0.08333333333333333,11,11,TGGGGCTCAACGTAACCGTA,0,3582790
tisBp,0.08333333333333333,11,11,TGGGACGTCATTAGGAGAGT,0,3576109
tisBp,0.08333333333333333,11,11,TGGCCTTGGCCGGGCAATAT,0,3577103
tisBp,0.08333333333333333,11,11,TGGCCGTCCTGCGCACCCCA,0,3591826
tisBp,0.08333333333333333,11,11,TGGCAACCCGACGCGCGCAA,0,3552676
tisBp,0.08333333333333333,11,11,TGGATTTGTGCAAACGCCAA,0,3542387
tisBp,0.08333333333333333,11,11,TGGACGAGAACATGTAGATT,0,3560261
tisBp,0.08333333333333333,11,11,TGCGGCTTTGTTAGTTGCCT,0,3544284
tisBp,0.08333333333333333,11,11,TGCGGCATCCAGTTTGTGTC,0,3552660
tisBp,0.08333333333333333,11,11,TGCCGGTTCTGCCGTTGCCT,0,3585576
tisBp,0.08333333333333333,11,11,TGCCAATACGCACTAGGCCT,0,3588756
tisBp,0.08333333333333333,11,11,TGATGCGTGCGGTACGAGGC,0,3590595
tisBp,0.08333333333333333,11,11,TGATCGTCATGGATTTGCAT,0,3571970
tisBp,0.08333333333333333,11,11,TGAGTCAGGGAATGGTAGAA,0,3568923
tisBp,0.08333333333333333,11,11,TGAGTAACAGTAGGGGTGGT,0,3587693
tisBp,0.08333333333333333,11,11,TGAGGTCCTCAGTAACACAC,0,3594324
tisBp,0.08333333333333333,11,11,TGAGCTGGCATATAAAGTAC,0,3583788
tisBp,0.08333333333333333,11,11,TGAGAATCTTCGGCATGTAA,0,3562301
tisBp,0.08333333333333333,11,11,TGACGGAGCACTAGATGGTA,0,3586142
tisBp,0.08333333333333333,11,11,TGAATTATTATGAGTCGTGG,0,3587678
tisBp,0.08333333333333333,11,11,TGAAGAATTCATTTTTCGGA,0,3561747
tisBp,0.08333333333333333,11,11,TCTTAATGACAGCTTTATTG,0,3556858
tisBp,0.08333333333333333,11,11,TCTCAACATTCGCGCATTGG,0,3556689
tisBp,0.08333333333333333,11,11,TCTATTATGGTCTCCACTAT,0,3542896
tisBp,0.08333333333333333,11,11,TCTAAGGGGCAGAGTGGTTT,0,3580595
tisBp,0.08333333333333333,11,11,TCGTTTGTATAACTCTCGAT,0,3580386
tisBp,0.08333333333333333,11,11,TCGTTGGAGCCGCTACTGTC,0,3544232
tisBp,0.08333333333333333,11,11,TCGGTTGGTGGTATCACCAG,0,3565062
tisBp,0.08333333333333333,11,11,TCGGTTGATTAAAGCTGGAC,0,3592441
tisBp,0.08333333333333333,11,11,TCGGTTACGATGAGACAGTT,0,3541913
tisBp,0.08333333333333333,11,11,TCGGGGCGTAGGATCTCAAT,0,3552867
tisBp,0.08333333333333333,11,11,TCGGGCGCATCCTTGCGCAA,0,3557390
tisBp,0.08333333333333333,11,11,TCGGGATATAATGTGAACGT,0,3558641
tisBp,0.08333333333333333,11,11,TCGGCGGTCGGCATAGATTA,0,3545942
tisBp,0.08333333333333333,11,11,TCGGAATCAGGTCCGGTCTG,0,3566513
tisBp,0.08333333333333333,11,11,TCGCGATGAAAAGGACCCTC,0,3587677
tisBp,0.08333333333333333,11,11,TCGAGAGCGGTCTTTCTCCC,0,3589970
tisBp,0.08333333333333333,11,11,TCGACAGTTTAGAAAGTGAT,0,3541872
tisBp,0.08333333333333333,11,11,TCCGGTGGAAGCACCAATAG,0,3546217
tisBp,0.08333333333333333,11,11,TCCGGGGACGAAGCGTCATG,0,3560422
tisBp,0.08333333333333333,11,11,TCCCTTTAGGTGGTTGGGTG,0,3592106
tisBp,0.08333333333333333,11,11,TCCAGGGCAGGACGCAGAAA,0,3562945
tisBp,0.08333333333333333,11,11,TCCAATTAGATGCGCATAAG,0,3596740
tisBp,0.08333333333333333,11,11,TCCAAAGTAAATGGTTCGAC,0,3586099
tisBp,0.08333333333333333,11,11,TCATTGGGATATCGGACCCA,0,3542926
tisBp,0.08333333333333333,11,11,TCAGCGTGCTATGGGCTCGC,0,3574921
tisBp,0.08333333333333333,11,11,TCAGAACTCGTGCCATTGGT,0,3587358
tisBp,0.08333333333333333,11,11,TCACATAGCGGCACTGGTGG,0,3562244
tisBp,0.08333333333333333,11,11,TCAATGCCTCACAACTTAAC,0,3583189
tisBp,0.08333333333333333,11,11,TCAAGGGTTTTCGGCTTACT,0,3548495
tisBp,0.08333333333333333,11,11,TCAACTCAGGTCCAACTACA,0,3581803
tisBp,0.08333333333333333,11,11,TCAACCCTTCCGACGTACGT,0,3596375
tisBp,0.08333333333333333,11,11,TATTGATCGGTAACATCGGA,0,3565359
tisBp,0.08333333333333333,11,11,TATCTAGAGATGGTGGTAAT,0,3546363
tisBp,0.08333333333333333,11,11,TATCAGGTTCGACCACCGGT,0,3561338
tisBp,0.08333333333333333,11,11,TATAGACGCCGCGGGGGGCA,0,3554282
tisBp,0.08333333333333333,11,11,TATACTTAAGGTTACAACGT,0,3563112
tisBp,0.08333333333333333,11,11,TATAATCATCGCGGTGGGAT,0,3590700
tisBp,0.08333333333333333,11,11,TAGGGTTGAAACGCACACGG,0,3565794
tisBp,0.08333333333333333,11,11,TAGCTGGGATGATCAAACTG,0,3555611
tisBp,0.08333333333333333,11,11,TAGATTCACGATAGAGAACA,0,3563800
tisBp,0.08333333333333333,11,11,TAGATGTAGGAGTTTATGAA,0,3572403
tisBp,0.08333333333333333,11,11,TAGAGACATCAACAGGAAGC,0,3560053
tisBp,0.08333333333333333,11,11,TACTTGCTGGCCCTGGCTTT,0,3572841
tisBp,0.08333333333333333,11,11,TACTTAGGTGCTGACGGCGG,0,3563677
tisBp,0.08333333333333333,11,11,TACGGCAGATACGGAGCCGA,0,3561980
tisBp,0.08333333333333333,11,11,TACGATAGACACCAATCAGC,0,3591938
tisBp,0.08333333333333333,11,11,TACCGAAACGTCGCGCCGCC,0,3542596
tisBp,0.08333333333333333,11,11,TACCCAGCACTTTTTCCAAG,0,3558068
tisBp,0.08333333333333333,11,11,TACATTTTGGAACGTCCAGA,0,3552084
tisBp,0.08333333333333333,11,11,TACAGGGGTTAGATGATCTT,0,3593432
tisBp,0.08333333333333333,11,11,TACACTGCCAAGGAGTCCAC,0,3582527
tisBp,0.08333333333333333,11,11,TACAACGCGGCATGTTGAAT,0,3593348
tisBp,0.08333333333333333,11,11,TAATAGTCAGGAAGATCGAC,0,3597952
tisBp,0.08333333333333333,11,11,TAATACGGATTTGATGTTCT,0,3578716
tisBp,0.08333333333333333,11,11,TAAGTTTCTCTGATATTCCA,0,3551962
tisBp,0.08333333333333333,11,11,TAAAGCGATGCTCAACATAT,0,3567989
tisBp,0.08333333333333333,11,11,GTTTCTATATACGAATGCTA,0,3565675
tisBp,0.08333333333333333,11,11,GTTTAGCTCATCTATTGTAA,0,3560556
tisBp,0.08333333333333333,11,11,GTTGTATCTTCCCAAACATT,0,3555995
tisBp,0.08333333333333333,11,11,GTTGGGGCAGGTGTTTGCAT,0,3552386
tisBp,0.08333333333333333,11,11,GTTGCTCCTTGTGTATTATA,0,3602739
tisBp,0.08333333333333333,11,11,GTTGATGTGTATAGGCGATT,0,3569472
tisBp,0.08333333333333333,11,11,GTTCAGTGTCTAATCATCAG,0,3567086
tisBp,0.08333333333333333,11,11,GTTAGTTATGTTGGCGTCGT,0,3585938
tisBp,0.08333333333333333,11,11,GTGTGTTATCTGCGCATAGC,0,3579884
tisBp,0.08333333333333333,11,11,GTGTCGTCAGTTGAGAAAGT,0,3587494
tisBp,0.08333333333333333,11,11,GTGTCCCACACAGAGTGGAC,0,3580178
tisBp,0.08333333333333333,11,11,GTGTACGCAACTCTTAGCTG,0,3589832
tisBp,0.08333333333333333,11,11,GTGTAATGGATTATTCACAA,0,3588503
tisBp,0.08333333333333333,11,11,GTGCTAGCTATTAAAGCCAA,0,3551881
tisBp,0.08333333333333333,11,11,GTGCGTGCCTACTCGAAGAT,0,3554122
tisBp,0.08333333333333333,11,11,GTGATGGGGTGGGTAGCATG,0,3563352
tisBp,0.08333333333333333,11,11,GTGAACCTGACATTAGCGCT,0,3593514
tisBp,0.08333333333333333,11,11,GTCTGCAACTAAGTTATGAT,0,3566906
tisBp,0.08333333333333333,11,11,GTCGTCTACCTACGTTAATC,0,3569482
tisBp,0.08333333333333333,11,11,GTCGGCGGTAATCGAGCTTT,0,3595822
tisBp,0.08333333333333333,11,11,GTCGCGCGGAGGACATGAAA,0,3550375
tisBp,0.08333333333333333,11,11,GTCCCAAGAGAACAGGATTC,0,3585310
tisBp,0.08333333333333333,11,11,GTCAAGAGAGCGCCTGGTAT,0,3561142
tisBp,0.08333333333333333,11,11,GTCAAAAGGCTCTCCAAAAT,0,3551491
tisBp,0.08333333333333333,11,11,GTATCTTGTTGATTGTTTTT,0,3541734
tisBp,0.08333333333333333,11,11,GTATACGTGTAAAGTTTTCA,0,3577500
tisBp,0.08333333333333333,11,11,GTAGGAAAAATAGGTCGCTC,0,3561144
tisBp,0.08333333333333333,11,11,GTACTCGTTCGGTAGTGGCG,0,3568289
tisBp,0.08333333333333333,11,11,GTACGACCGGCTTTGGCAAT,0,3580688
tisBp,0.08333333333333333,11,11,GTACAGGACATTCAAGTTAA,0,3568161
tisBp,0.08333333333333333,11,11,GTAAGTAAGATAATACTCTA,0,3578562
tisBp,0.08333333333333333,11,11,GTAAGACCTTTATCGACTTT,0,3555847
tisBp,0.08333333333333333,11,11,GTAAATACCGCGCCACACGT,0,3587852
tisBp,0.08333333333333333,11,11,GGTTTTGCCGGCTGCGCGTA,0,3565423
tisBp,0.08333333333333333,11,11,GGTTAAGTCCATGGTTACCG,0,3560769
tisBp,0.08333333333333333,11,11,GGTGCGCAGGGAGCCCCACC,0,3544156
tisBp,0.08333333333333333,11,11,GGTCCCTCATTGTTGGGGTT,0,3572777
tisBp,0.08333333333333333,11,11,GGTCCCGACACCCAGGCCGT,0,3571186
tisBp,0.08333333333333333,11,11,GGTCCCACGGCATGAGTGAT,0,3545344
tisBp,0.08333333333333333,11,11,GGTAGGTATAATGTATAGAA,0,3601699
tisBp,0.08333333333333333,11,11,GGTAGGGCACACGAGGCGGA,0,3587106
tisBp,0.08333333333333333,11,11,GGTAAAGAACGACTATTTGA,0,3544757
tisBp,0.08333333333333333,11,11,GGGTGCCGTTGGAAAGTGAA,0,3562383
tisBp,0.08333333333333333,11,11,GGGGTCTGGATCAAGGGCTT,0,3586223
tisBp,0.08333333333333333,11,11,GGGGGAAAAGAACAGCATCG,0,3584749
tisBp,0.08333333333333333,11,11,GGGGCGTAGGCGAGCCCACT,0,3552050
tisBp,0.08333333333333333,11,11,GGGGAAGGAGACTCAGATCA,0,3555913
tisBp,0.08333333333333333,11,11,GGGCTATTCGAGACTGTGAG,0,3570365
tisBp,0.08333333333333333,11,11,GGGCCGGGTGGGAAGGTGTG,0,3570651
tisBp,0.08333333333333333,11,11,GGGCCAAATCCCCTGGTATG,0,3580760
tisBp,0.08333333333333333,11,11,GGGATTAGGCTGATTGCGAG,0,3589375
tisBp,0.08333333333333333,11,11,GGGATGGCGTCAGCGCACGG,0,3573405
tisBp,0.08333333333333333,11,11,GGGACCGGCGAACCCATGTT,0,3575225
tisBp,0.08333333333333333,11,11,GGGAAACTGATGACGACATG,0,3584420
tisBp,0.08333333333333333,11,11,GGCTTGCGACTTGGGCCATA,0,3571202
tisBp,0.08333333333333333,11,11,GGCTGTGCGGGAGTCCAACT,0,3576964
tisBp,0.08333333333333333,11,11,GGCTCGGCGGTCAGGCTCCG,0,3596464
tisBp,0.08333333333333333,11,11,GGCTCACTTGGGTGACGCTC,0,3572273
tisBp,0.08333333333333333,11,11,GGCTAGCGGCGGTGAGGACT,0,3545472
tisBp,0.08333333333333333,11,11,GGCGTCGGGTGGCCAATGAA,0,3593912
tisBp,0.08333333333333333,11,11,GGCGAATGGGTGGTCTCAAC,0,3593365
tisBp,0.08333333333333333,11,11,GGCCTGCTGGAGGACATGAC,0,3563788
tisBp,0.08333333333333333,11,11,GGCCTCCGCTCCGCAACGAA,0,3564485
tisBp,0.08333333333333333,11,11,GGCCCTCGATTTAGACCGGT,0,3552093
tisBp,0.08333333333333333,11,11,GGCCAAATCTGGGAACCGAA,0,3545026
tisBp,0.08333333333333333,11,11,GGCAGAAAATTGCGCAGCGC,0,3589729
tisBp,0.08333333333333333,11,11,GGCAAGGGTAAAATATAAAT,0,3569831
tisBp,0.08333333333333333,11,11,GGATCAGATAATGCCAACAC,0,3572621
tisBp,0.08333333333333333,11,11,GGACTCCCCCGGCACAGCGA,0,3599638
tisBp,0.08333333333333333,11,11,GGAATGTAAACACACCGTCC,0,3591730
tisBp,0.08333333333333333,11,11,GGAAGCGGAAGGGCATGAGT,0,3553994
tisBp,0.08333333333333333,11,11,GGAACCCCTTCCAGGCTTCC,0,3574278
tisBp,0.08333333333333333,11,11,GCTTTTTATGCCCACGGGGG,0,3563985
tisBp,0.08333333333333333,11,11,GCTTTAGTGCAAGCTGCTTT,0,3577025
tisBp,0.08333333333333333,11,11,GCTGTTCGGCCTAATAATCT,0,3561636
tisBp,0.08333333333333333,11,11,GCTGTCTGGCATTCGAGACT,0,3558570
tisBp,0.08333333333333333,11,11,GCTGGTGCGACAATCCGACT,0,3567351
tisBp,0.08333333333333333,11,11,GCTGGGATTCAGGCATATCC,0,3543928
tisBp,0.08333333333333333,11,11,GCTGAGGAGTCTGACTTAAC,0,3551925
tisBp,0.08333333333333333,11,11,GCTCCTCGGATAGTGTGCAA,0,3567286
tisBp,0.08333333333333333,11,11,GCTACGCTTAGGCCGGATGT,0,3579915
tisBp,0.08333333333333333,11,11,GCGTTTGACCAGAGTCCAAT,0,3546155
tisBp,0.08333333333333333,11,11,GCGTGATTGGCGGGTTTGCA,0,3562161
tisBp,0.08333333333333333,11,11,GCGTAGGGCCTTGATCGCTA,0,3590738
tisBp,0.08333333333333333,11,11,GCGGTGTAGTTGGTCGAAGG,0,3547089
tisBp,0.08333333333333333,11,11,GCGGGCTCTCCGGGGTTAGA,0,3588325
tisBp,0.08333333333333333,11,11,GCGGGCGTTCTACGTGCCGT,0,3547770
tisBp,0.08333333333333333,11,11,GCGCATCAAGCGTTACCACC,0,3575942
tisBp,0.08333333333333333,11,11,GCGATTGATGTCCTTGGCTA,0,3597551
tisBp,0.08333333333333333,11,11,GCGACGAATTGGAAGACTGA,0,3579503
tisBp,0.08333333333333333,11,11,GCCGTCAGCAAACCCTTAGT,0,3550590
tisBp,0.08333333333333333,11,11,GCCGCGCCGGAAGGTTCCGG,0,3601292
tisBp,0.08333333333333333,11,11,GCCGCAGAAGCAACGACAAG,0,3546010
tisBp,0.08333333333333333,11,11,GCCCTCATTAGGAGACGTTA,0,3588038
tisBp,0.08333333333333333,11,11,GCCCGCTTTTGTAATTGCGC,0,3554772
tisBp,0.08333333333333333,11,11,GCCATGTGATTTGCCGCAGT,0,3561483
tisBp,0.08333333333333333,11,11,GCCAATAACATGTGTGTTTT,0,3580789
tisBp,0.08333333333333333,11,11,GCATGAATGGGTTAGAGTGT,0,3580994
tisBp,0.08333333333333333,11,11,GCAGTAGCAAAGCAGCTATG,0,3546450
tisBp,0.08333333333333333,11,11,GCACTCCCGCAGGATCTCAC,0,3580970
tisBp,0.08333333333333333,11,11,GCACATGTCTCCCTAGGTCG,0,3581145
tisBp,0.08333333333333333,11,11,GCACATACAGATGGTGTAAT,0,3585860
tisBp,0.08333333333333333,11,11,GCAAACACATAACCACTCTC,0,3592099
tisBp,0.08333333333333333,11,11,GATTTGAGTCTCTCTCAAAC,0,3569423
tisBp,0.08333333333333333,11,11,GATTACCATACGGTGGCTCG,0,3597772
tisBp,0.08333333333333333,11,11,GATGTCACATTGCCTGTCAG,0,3565894
tisBp,0.08333333333333333,11,11,GATGCTTAATGGGGCTCAGC,0,3552395
tisBp,0.08333333333333333,11,11,GATCCGGTTATCTAAGTTGC,0,3588957
tisBp,0.08333333333333333,11,11,GATATTTGGCAGAGTTACTT,0,3564998
tisBp,0.08333333333333333,11,11,GAGTTCTCAGGTGGATATGA,0,3587442
tisBp,0.08333333333333333,11,11,GAGGAGCGTTTAACAGCACC,0,3564788
tisBp,0.08333333333333333,11,11,GAGGACCAATTTAGAAACCG,0,3567596
tisBp,0.08333333333333333,11,11,GAGAGTATGCTGTCATCTAC,0,3552471
tisBp,0.08333333333333333,11,11,GAGAACGTGAGGCCCCTCCA,0,3548353
tisBp,0.08333333333333333,11,11,GACTTCCATCCGCTCTCAAT,0,3577687
tisBp,0.08333333333333333,11,11,GACTTAGCACTATTCCGCAA,0,3556026
tisBp,0.08333333333333333,11,11,GACTTAAAAACCGGTGCAGC,0,3588885
tisBp,0.08333333333333333,11,11,GACCGGGCTGAGGGGTTTCA,0,3568866
tisBp,0.08333333333333333,11,11,GACACTTCGATTATAGCTGT,0,3596046
tisBp,0.08333333333333333,11,11,GAATTTGTCAAGAATTAAAG,0,3601042
tisBp,0.08333333333333333,11,11,GAATATGGGCATTGTTGATA,0,3559503
tisBp,0.08333333333333333,11,11,GAAGCGGACAGATTCCTAGT,0,3561124
tisBp,0.08333333333333333,11,11,GAACTGTACACATAAAATAT,0,3580030
tisBp,0.08333333333333333,11,11,CTTTCCGTGCTTACAGAGTC,0,3561089
tisBp,0.08333333333333333,11,11,CTTGTACGCGGCCTGTACGA,0,3550498
tisBp,0.08333333333333333,11,11,CTTATTAACTTTATGGGGCT,0,3601860
tisBp,0.08333333333333333,11,11,CTTAAAGGAGTTTGTGTTTC,0,3571146
tisBp,0.08333333333333333,11,11,CTGTGACAGGAAGATACTTA,0,3597524
tisBp,0.08333333333333333,11,11,CTGTCTCGTCAATGCATTGA,0,3597168
tisBp,0.08333333333333333,11,11,CTGTCTATTTGAGGCTAGGG,0,3577225
tisBp,0.08333333333333333,11,11,CTGTAGCATGCCAACTATTG,0,3577503
tisBp,0.08333333333333333,11,11,CTGGAGCGACCAAGCAGACC,0,3548886
tisBp,0.08333333333333333,11,11,CTGCTTCTTGGGGACACTCC,0,3543927
tisBp,0.08333333333333333,11,11,CTGAGATGCTATTACCGATA,0,3577460
tisBp,0.08333333333333333,11,11,CTGACATCACGCCCATGACA,0,3583907
tisBp,0.08333333333333333,11,11,CTCTGGTGCTATATTAACGA,0,3569887
tisBp,0.08333333333333333,11,11,CTCTCGTCGGACCGAACACG,0,3598910
tisBp,0.08333333333333333,11,11,CTCGTATATCACGACTTCAA,0,3575725
tisBp,0.08333333333333333,11,11,CTCCGTGACTGAGGCAGCTT,0,3599277
tisBp,0.08333333333333333,11,11,CTATGGCCACCGTACACATC,0,3579966
tisBp,0.08333333333333333,11,11,CTATCATCAAGCTGTACGAT,0,3569234
tisBp,0.08333333333333333,11,11,CTAGCCTTCAATGTTAGGCA,0,3582293
tisBp,0.08333333333333333,11,11,CTAGATCCTTACGCCGTGAA,0,3588578
tisBp,0.08333333333333333,11,11,CTAACCCCTTTCGCCTCCGA,0,3594199
tisBp,0.08333333333333333,11,11,CTAAAACAGGACAATCGTGA,0,3589059
tisBp,0.08333333333333333,11,11,CGTGTCACCGATGCTTTCTA,0,3565257
tisBp,0.08333333333333333,11,11,CGTGAACTGCCGCACTGGAT,0,3577090
tisBp,0.08333333333333333,11,11,CGTCTTTTCGATATACAACT,0,3566032
tisBp,0.08333333333333333,11,11,CGTCAGCACAGCGGTACCTG,0,3558004
tisBp,0.08333333333333333,11,11,CGGTTGACAGCTGCTTTACT,0,3553292
tisBp,0.08333333333333333,11,11,CGGTCCCGAGACACCGTGTT,0,3569842
tisBp,0.08333333333333333,11,11,CGGGTCTCGTTAAGGTTCGA,0,3558423
tisBp,0.08333333333333333,11,11,CGGGTACAGAGGAAGCTTGC,0,3590616
tisBp,0.08333333333333333,11,11,CGGGATCTCGCGGGAACAAC,0,3558873
tisBp,0.08333333333333333,11,11,CGGGAGTTGACCGACATTAT,0,3553410
tisBp,0.08333333333333333,11,11,CGCGTCTCACGCCAATTATT,0,3547132
tisBp,0.08333333333333333,11,11,CGCGCTTCCGAAAACTCGTG,0,3561928
tisBp,0.08333333333333333,11,11,CGCCTATTAGTCTGGGCTAG,0,3546849
tisBp,0.08333333333333333,11,11,CGCCGGCCAACCGCGTTGTC,0,3569537
tisBp,0.08333333333333333,11,11,CGCAGGGAGTCGGTCCGCCG,0,3557583
tisBp,0.08333333333333333,11,11,CGAGCGAGACTGTTTTCAGT,0,3545310
tisBp,0.08333333333333333,11,11,CGACAGGGCCAGGAGTGCGC,0,3592841
tisBp,0.08333333333333333,11,11,CCTGGTGTTAGTGCGTTACA,0,3599916
tisBp,0.08333333333333333,11,11,CCTGACAGGTTAGCGTCTTA,0,3601283
tisBp,0.08333333333333333,11,11,CCTCGAGGGGCGATAAACAG,0,3554962
tisBp,0.08333333333333333,11,11,CCTATTGAGACATTCACGTT,0,3551723
tisBp,0.08333333333333333,11,11,CCTAGGAAAGGCTTCTCTTT,0,3575490
tisBp,0.08333333333333333,11,11,CCTACACACATCCTGTGAGA,0,3588015
tisBp,0.08333333333333333,11,11,CCGTGGGATTAACTGCAGTT,0,3572250
tisBp,0.08333333333333333,11,11,CCGTATCTTGGGATCACGGT,0,3595131
tisBp,0.08333333333333333,11,11,CCGTATAAAGGAGGCGATGC,0,3593105
tisBp,0.08333333333333333,11,11,CCGGTATACATATTGCTTAT,0,3545741
tisBp,0.08333333333333333,11,11,CCGGCTAAATCGAGGGGCCT,0,3546717
tisBp,0.08333333333333333,11,11,CCGGCGAGGAGGCTATACTG,0,3586379
tisBp,0.08333333333333333,11,11,CCGGCCAGGGATATTACAAG,0,3555902
tisBp,0.08333333333333333,11,11,CCGGAGATTGAATTGCGTAA,0,3558273
tisBp,0.08333333333333333,11,11,CCGGAATATATGCCACGTAT,0,3545520
tisBp,0.08333333333333333,11,11,CCGCGCGACAGGGACTGCGT,0,3589746
tisBp,0.08333333333333333,11,11,CCGCCAGATGCGTCAGCGGC,0,3568660
tisBp,0.08333333333333333,11,11,CCGCAATGATGTCGCGGAGT,0,3590054
tisBp,0.08333333333333333,11,11,CCGAGGACCCGCGTGGGCGA,0,3553620
tisBp,0.08333333333333333,11,11,CCGACATGAGCTACTGGTAC,0,3577049
tisBp,0.08333333333333333,11,11,CCGAATATTCATATTCCGTC,0,3554152
tisBp,0.08333333333333333,11,11,CCGAAGCTAATGATCGGGCT,0,3587052
tisBp,0.08333333333333333,11,11,CCGAACAGATTGCTCCACAC,0,3586807
tisBp,0.08333333333333333,11,11,CCCTCCGATTTTTTAGTCTT,0,3584475
tisBp,0.08333333333333333,11,11,CCCGAATAGCGGATGTGATT,0,3571614
tisBp,0.08333333333333333,11,11,CCCCGGAGCGTAGACGATAG,0,3555876
tisBp,0.08333333333333333,11,11,CCCACTCGCCTTTACCATTA,0,3592708
tisBp,0.08333333333333333,11,11,CCCAAAGATCTAGGCGATGG,0,3557155
tisBp,0.08333333333333333,11,11,CCATTCCAGACGTAAACGTG,0,3556093
tisBp,0.08333333333333333,11,11,CCATACGCACGTTTTAAAGG,0,3599341
tisBp,0.08333333333333333,11,11,CCAGCTCCCGAGAGGTTCCC,0,3556434
tisBp,0.08333333333333333,11,11,CCAGCAGGTTGCAAATATTC,0,3581261
tisBp,0.08333333333333333,11,11,CCAGCAGGCGGCAAATGCAT,0,3596399
tisBp,0.08333333333333333,11,11,CCAGCAATCATTAGTGAGTA,0,3570706
tisBp,0.08333333333333333,11,11,CCAGACAGTTTTTGCAGTCT,0,3572747
tisBp,0.08333333333333333,11,11,CCAATTGCTTTAGGTCGAAG,0,3558198
tisBp,0.08333333333333333,11,11,CCAACGTAGTATTAGATACG,0,3560134
tisBp,0.08333333333333333,11,11,CATTTGGATAAAGCCAAGAG,0,3546545
tisBp,0.08333333333333333,11,11,CATTGGTGACCTGCTGTACA,0,3556367
tisBp,0.08333333333333333,11,11,CATGTACTAGACCTCCGGCC,0,3566166
tisBp,0.08333333333333333,11,11,CATGACTACAACCAGGCAGG,0,3557250
tisBp,0.08333333333333333,11,11,CATCTCTCAGGTAACCCTCG,0,3594987
tisBp,0.08333333333333333,11,11,CATCCTTAGTAAAAACCTAG,0,3571850
tisBp,0.08333333333333333,11,11,CATATAGCCGATGCGCCGCT,0,3550149
tisBp,0.08333333333333333,11,11,CAGGTGCAACTCTCTACGAT,0,3590697
tisBp,0.08333333333333333,11,11,CAGGGCTCACACTTTCAGAT,0,3593866
tisBp,0.08333333333333333,11,11,CAGGGCGTGGGTGCACGATT,0,3547559
tisBp,0.08333333333333333,11,11,CAGGGAGGAATCAGGTATGC,0,3585308
tisBp,0.08333333333333333,11,11,CAGGCCCGTCCGGAGCTATA,0,3598501
tisBp,0.08333333333333333,11,11,CAGCTGTCCGCTTCCGTTTT,0,3578613
tisBp,0.08333333333333333,11,11,CAGCAAGTTTGTCCACTGCT,0,3592662
tisBp,0.08333333333333333,11,11,CACTTATGCAGCCCGACCCA,0,3578926
tisBp,0.08333333333333333,11,11,CACTCAGCGTTGCACGCATG,0,3565585
tisBp,0.08333333333333333,11,11,CACTATCGTAGGTTAATATT,0,3575107
tisBp,0.08333333333333333,11,11,CACTAACGTACTGCCAGTTC,0,3584944
tisBp,0.08333333333333333,11,11,CACGTTACATGGGCATGGGC,0,3551846
tisBp,0.08333333333333333,11,11,CACCTTCCATAGACCGTAGG,0,3545762
tisBp,0.08333333333333333,11,11,CACCGATCATAGGAAGTCAG,0,3601478
tisBp,0.08333333333333333,11,11,CACCATAAATGCCACCAAGT,0,3569896
tisBp,0.08333333333333333,11,11,CACACGCCACACTTCCGTGT,0,3558327
tisBp,0.08333333333333333,11,11,CAACGACCTGGCATTCGGTG,0,3555477
tisBp,0.08333333333333333,11,11,CAACCTTTGTAGATGATCTC,0,3565174
tisBp,0.08333333333333333,11,11,CAAAGACGCCTAATATTTGT,0,3578827
tisBp,0.08333333333333333,11,11,ATTTTTCATTGACAGTTTCG,0,3576087
tisBp,0.08333333333333333,11,11,ATTTTCGTCCTTTCACGACT,0,3601190
tisBp,0.08333333333333333,11,11,ATTTTCATTCGATATGGAAC,0,3566945
tisBp,0.08333333333333333,11,11,ATTGTCCCGCGTAAGTAATG,0,3548633
tisBp,0.08333333333333333,11,11,ATTGGGCACTTGGAGATCCA,0,3585350
tisBp,0.08333333333333333,11,11,ATTGCCAGCAGGAGTTCTTA,0,3567922
tisBp,0.08333333333333333,11,11,ATTGAACGCCCGGCGGGGAT,0,3603144
tisBp,0.08333333333333333,11,11,ATTCTCTCGGTCCACCCTCA,0,3560259
tisBp,0.08333333333333333,11,11,ATTCGGTAGTGTCGGCTCGG,0,3572889
tisBp,0.08333333333333333,11,11,ATTCGAAGCGGAGTCGTACG,0,3597930
tisBp,0.08333333333333333,11,11,ATTCACGGTGGGTGTGAAAA,0,3560693
tisBp,0.08333333333333333,11,11,ATTATGCGTATGAGCCGCAG,0,3553409
tisBp,0.08333333333333333,11,11,ATTACGTGCCCTCGCGTAGG,0,3570422
tisBp,0.08333333333333333,11,11,ATGTTGTGCAAACGTCGTTG,0,3595100
tisBp,0.08333333333333333,11,11,ATGTCAGAAAACATACGTCT,0,3549456
tisBp,0.08333333333333333,11,11,ATGTCAAAAGGTCTGGTCCT,0,3590605
tisBp,0.08333333333333333,11,11,ATGTATGGCTCGTCCCACAG,0,3593711
tisBp,0.08333333333333333,11,11,ATGGAAGTGTAAAAACCGAG,0,3558807
tisBp,0.08333333333333333,11,11,ATGCTTATATTAATCCAGGA,0,3599472
tisBp,0.08333333333333333,11,11,ATGCTTACATGTCCTGCTCT,0,3594124
tisBp,0.08333333333333333,11,11,ATCGTTCGGCGCCCCTTGTT,0,3589766
tisBp,0.08333333333333333,11,11,ATCGGCCTCGGTACTCTCGT,0,3549911
tisBp,0.08333333333333333,11,11,ATCCAATACCTTGAGAGGAT,0,3572848
tisBp,0.08333333333333333,11,11,ATCATACGTGGTAGACTCAA,0,3575103
tisBp,0.08333333333333333,11,11,ATCACCGAGGTCCGCGAGGG,0,3555189
tisBp,0.08333333333333333,11,11,ATATGGCCGGTAACCAGTAA,0,3568743
tisBp,0.08333333333333333,11,11,ATATAATTCGTGCATTAAAG,0,3544684
tisBp,0.08333333333333333,11,11,ATAGAGGAGTTGTTGGTAGA,0,3577610
tisBp,0.08333333333333333,11,11,ATACTTGATCTATGGTTACA,0,3551980
tisBp,0.08333333333333333,11,11,ATACCCCTCGACCGAGCCCG,0,3587734
tisBp,0.08333333333333333,11,11,ATACACTATAGAGACTGGGC,0,3572994
tisBp,0.08333333333333333,11,11,AGTTTTCCTATGTAATATTG,0,3578117
tisBp,0.08333333333333333,11,11,AGTTTGGTCGAAGTGTTTTG,0,3560183
tisBp,0.08333333333333333,11,11,AGTGGTCGCTGGGATTAGGC,0,3556601
tisBp,0.08333333333333333,11,11,AGTCACAATCGCCTCCCTGT,0,3602203
tisBp,0.08333333333333333,11,11,AGTATGCTGACAAACGGATA,0,3561235
tisBp,0.08333333333333333,11,11,AGTAGTCAAGCTTAATTCAC,0,3583479
tisBp,0.08333333333333333,11,11,AGTAAATAGTGTTTCGCAGT,0,3544224
tisBp,0.08333333333333333,11,11,AGTAAAGGGCAGCCTGGTGC,0,3563680
tisBp,0.08333333333333333,11,11,AGTAAAATGAGGTCTCTCTA,0,3598024
tisBp,0.08333333333333333,11,11,AGGGTCTTCCACCTAGTGAG,0,3595287
tisBp,0.08333333333333333,11,11,AGGGTAAACCAGGATGATCC,0,3549656
tisBp,0.08333333333333333,11,11,AGGGGCGAGTCGCCGTAATG,0,3575782
tisBp,0.08333333333333333,11,11,AGGCTGGCGTACGTAGTCGT,0,3594877
tisBp,0.08333333333333333,11,11,AGGCTCTCTATATACTTGGC,0,3574357
tisBp,0.08333333333333333,11,11,AGGCCATGTCCCGAGCGTCT,0,3559505
tisBp,0.08333333333333333,11,11,AGGACAAAGAGAACCCGTAC,0,3563218
tisBp,0.08333333333333333,11,11,AGGAAGCCTGCGTTCGAGGT,0,3585619
tisBp,0.08333333333333333,11,11,AGCTGCCGTTTACAACGATG,0,3594299
tisBp,0.08333333333333333,11,11,AGCGGCGAGCTACTAAGCTT,0,3593212
tisBp,0.08333333333333333,11,11,AGCGGCCCGGGACAAAATTC,0,3592988
tisBp,0.08333333333333333,11,11,AGCGGATATCCGCCCGCGGT,0,3551843
tisBp,0.08333333333333333,11,11,AGCCTGAGGCATTGTAACTG,0,3566607
tisBp,0.08333333333333333,11,11,AGCCCTTAGACTATTGGTCC,0,3589643
tisBp,0.08333333333333333,11,11,AGCCATTGGAAGCATGCCCC,0,3597210
tisBp,0.08333333333333333,11,11,AGCAATGGGTGTGTTCGGAT,0,3600618
tisBp,0.08333333333333333,11,11,AGATTGAGTGTGATTGAGCG,0,3545148
tisBp,0.08333333333333333,11,11,AGATGAGGATTCGAGTGTTA,0,3590328
tisBp,0.08333333333333333,11,11,AGAGGGACCTAATCCTGAGT,0,3575291
tisBp,0.08333333333333333,11,11,AGAGATGGCCCGATAGCGGG,0,3587104
tisBp,0.08333333333333333,11,11,AGAGAAGGCACGCTTTCCCA,0,3600107
tisBp,0.08333333333333333,11,11,AGAACCATTGGTCCGAAACG,0,3574132
tisBp,0.08333333333333333,11,11,ACTTTGTGATACTCGAATCA,0,3577918
tisBp,0.08333333333333333,11,11,ACTTCCGGCAATCACCACAG,0,3551169
tisBp,0.08333333333333333,11,11,ACTGTGGGCTCACTGGACAA,0,3546540
tisBp,0.08333333333333333,11,11,ACTCACCCCGTCGGTAGGGG,0,3587001
tisBp,0.08333333333333333,11,11,ACGTTGCCGGCGCGCCCACC,0,3592230
tisBp,0.08333333333333333,11,11,ACGTGAGTACGTGCAGATGG,0,3556513
tisBp,0.08333333333333333,11,11,ACGTGAAGTGCATATAATTA,0,3543539
tisBp,0.08333333333333333,11,11,ACGTATTAGCGTACTCGATG,0,3591823
tisBp,0.08333333333333333,11,11,ACGGTTACTTAGCAGTCCCA,0,3574762
tisBp,0.08333333333333333,11,11,ACGGTGTGTATAAATACCAC,0,3580997
tisBp,0.08333333333333333,11,11,ACGCGTATGACCGGTGCTAT,0,3566052
tisBp,0.08333333333333333,11,11,ACGCGCTCCTCCGGAATGAA,0,3580755
tisBp,0.08333333333333333,11,11,ACGCCAGGATATGCATACGC,0,3548156
tisBp,0.08333333333333333,11,11,ACGAGGGGCTATTGATGAAT,0,3549897
tisBp,0.08333333333333333,11,11,ACGAGGAGACTAGCGACTAT,0,3553727
tisBp,0.08333333333333333,11,11,ACCTGTGACCATAGTCCTTT,0,3557000
tisBp,0.08333333333333333,11,11,ACCTCCGTAGATTGAAGTGG,0,3587971
tisBp,0.08333333333333333,11,11,ACCCGCCGTTAATGGATTAA,0,3599165
tisBp,0.08333333333333333,11,11,ACCACTTTGCAAGTTTCAAG,0,3566096
tisBp,0.08333333333333333,11,11,ACCAATCGTATTTAGCACAA,0,3575768
tisBp,0.08333333333333333,11,11,ACATTACCCCAAAGATAAGA,0,3572812
tisBp,0.08333333333333333,11,11,ACATGAGAAATACTTAGATT,0,3600519
tisBp,0.08333333333333333,11,11,ACATAATGAGGTCTAGGTTA,0,3564792
tisBp,0.08333333333333333,11,11,ACATAAGCTATTCCCTCAAA,0,3579093
tisBp,0.08333333333333333,11,11,ACAGGAGGCGGTTTACTACT,0,3594200
tisBp,0.08333333333333333,11,11,ACAGCGGGGTATCCACTATG,0,3592335
tisBp,0.08333333333333333,11,11,ACACTGGGGGCCAAAACGAT,0,3579170
tisBp,0.08333333333333333,11,11,ACACAGCGAGCGAGGAGGTC,0,3541659
tisBp,0.08333333333333333,11,11,ACAAGTTAAGTGCAAAAGGC,0,3588734
tisBp,0.08333333333333333,11,11,ACAAAACAATACCAAAGCAT,0,3574365
tisBp,0.08333333333333333,11,11,AATGCGGGACCAAGAGGATG,0,3596378
tisBp,0.08333333333333333,11,11,AATCTACAGGTGTGCGTGCG,0,3557546
tisBp,0.08333333333333333,11,11,AATCGTAGAACATGTCCTGA,0,3570983
tisBp,0.08333333333333333,11,11,AATCAGATACCACATGCTTT,0,3551179
tisBp,0.08333333333333333,11,11,AATAAATTTATCGGAATGAG,0,3603709
tisBp,0.08333333333333333,11,11,AAGTGTGAAGGGACATTTTT,0,3548673
tisBp,0.08333333333333333,11,11,AAGGTTGGATAAAGGATCCC,0,3564191
tisBp,0.08333333333333333,11,11,AAGGAACAGCATGCGCTGGA,0,3544889
tisBp,0.08333333333333333,11,11,AAGCTTTAGTGGATCTGAAG,0,3559671
tisBp,0.08333333333333333,11,11,AAGCGTACGACCATGGAGTG,0,3571778
tisBp,0.08333333333333333,11,11,AAGCGGAGCGCCAACGGGAC,0,3599641
tisBp,0.08333333333333333,11,11,AAGCATTGTGTACCAGTGGA,0,3580456
tisBp,0.08333333333333333,11,11,AACTGGACAACCATACTAGA,0,3595828
tisBp,0.08333333333333333,11,11,AACTAGAGCGACGCCGCAAT,0,3586286
tisBp,0.08333333333333333,11,11,AACGCAGTACAGAGAGAGAT,0,3559218
tisBp,0.08333333333333333,11,11,AACCGCTCGCGGGTTTACCA,0,3565541
tisBp,0.08333333333333333,11,11,AAATTAGCACTCGGGTTGTA,0,3591522
tisBp,0.08333333333333333,11,11,AAAGGCGCCTTGCGCCTGCG,0,3575828
tisBp,0.08333333333333333,11,11,AAAGATACGCCACTCACGGT,0,3546362
tisBp,0.08333333333333333,11,11,AAAAAGCGCAGTGGGCTGGG,0,3599016
tisBp,0.09090909090909091,10,10,TTTTTTTTTACCAGGCAACC,0,3556033
tisBp,0.09090909090909091,10,10,TTTTTTCTCAGGCGAGTAAC,0,3588574
tisBp,0.09090909090909091,10,10,TTTTTCGGCACTTGGACAGA,0,3550886
tisBp,0.09090909090909091,10,10,TTTCCTTGGGAGATCGACCC,0,3564361
tisBp,0.09090909090909091,10,10,TTTATGCACGAATCACGAGC,0,3588371
tisBp,0.09090909090909091,10,10,TTGTATGCCGCTCGTGCCAA,0,3585270
tisBp,0.09090909090909091,10,10,TTGGTTTGCACGCGTATTCG,0,3586229
tisBp,0.09090909090909091,10,10,TTGGTGCTCCTAGAGCAGCC,0,3576961
tisBp,0.09090909090909091,10,10,TTGGGCCAGACTATGCGTAA,0,3561693
tisBp,0.09090909090909091,10,10,TTGGGAGAGACTGGTGGCTG,0,3588532
tisBp,0.09090909090909091,10,10,TTGGCCCGCACGTGTTTCTC,0,3553102
tisBp,0.09090909090909091,10,10,TTGGAAGGCGGGAATCGAAC,0,3573053
tisBp,0.09090909090909091,10,10,TTGCGTGAGTAGCTTCCAGT,0,3550262
tisBp,0.09090909090909091,10,10,TTGCGCTACATCGACTGGGA,0,3570656
tisBp,0.09090909090909091,10,10,TTGCATATCCCATGCGACTG,0,3576512
tisBp,0.09090909090909091,10,10,TTGCATAATAATCTTAAACA,0,3560862
tisBp,0.09090909090909091,10,10,TTCTTGCGGTGGCAGCAGGC,0,3585216
tisBp,0.09090909090909091,10,10,TTCTGGCCCACGAACCGCAT,0,3560597
tisBp,0.09090909090909091,10,10,TTCTGCATTGGCAACTTTGG,0,3564733
tisBp,0.09090909090909091,10,10,TTCTCGTAGTGTTGCCTTTA,0,3558702
tisBp,0.09090909090909091,10,10,TTCGTTTAACCCAGGACAAT,0,3557520
tisBp,0.09090909090909091,10,10,TTCGTTCGTAATAAGGCGTA,0,3550147
tisBp,0.09090909090909091,10,10,TTCGTTCGACACAGGCCGAA,0,3572799
tisBp,0.09090909090909091,10,10,TTCCCAACGTACGTTTTTCT,0,3564460
tisBp,0.09090909090909091,10,10,TTCACGAGAGCGGAGGTGTG,0,3588013
tisBp,0.09090909090909091,10,10,TTCACGAAATTGGAGCAAGC,0,3568700
tisBp,0.09090909090909091,10,10,TTAGTACTGTGCGGGTGTAG,0,3591515
tisBp,0.09090909090909091,10,10,TTACTTTCATATTTAGTATC,0,3559194
tisBp,0.09090909090909091,10,10,TTACGAGTCTGTCAGGACTA,0,3542740
tisBp,0.09090909090909091,10,10,TTAATAGATGGATTTGTTTC,0,3549024
tisBp,0.09090909090909091,10,10,TTAATACTTTATGAACAAGA,0,3563059
tisBp,0.09090909090909091,10,10,TTAACCGTAAGGAGCTTAAG,0,3557187
tisBp,0.09090909090909091,10,10,TGTTCGATCTAGCTCAAAGG,0,3554380
tisBp,0.09090909090909091,10,10,TGTTCACAAAACCGACACTA,0,3597166
tisBp,0.09090909090909091,10,10,TGTGGGGACTTGGGAAGAGA,0,3594112
tisBp,0.09090909090909091,10,10,TGTGGGATTAGTGGGGGCAG,0,3546613
tisBp,0.09090909090909091,10,10,TGTGGCTTATCTCTGTACAA,0,3572678
tisBp,0.09090909090909091,10,10,TGTGGCCCGCCCAATTATCG,0,3571434
tisBp,0.09090909090909091,10,10,TGTGCGTCGGCAGTGTCGAT,0,3574175
tisBp,0.09090909090909091,10,10,TGTGAATTGGTAACTTCTGT,0,3576349
tisBp,0.09090909090909091,10,10,TGGTAATTATGAATAATGAG,0,3545569
tisBp,0.09090909090909091,10,10,TGGGGGGCGGCATAGAGCGA,0,3568089
tisBp,0.09090909090909091,10,10,TGGGGAATACATGATATTCA,0,3549227
tisBp,0.09090909090909091,10,10,TGGCCGAGATCTTTCGGTTC,0,3560967
tisBp,0.09090909090909091,10,10,TGGATAGCCTGCTAAAGACT,0,3555870
tisBp,0.09090909090909091,10,10,TGGACGGCGAGCAGAGCTAA,0,3571869
tisBp,0.09090909090909091,10,10,TGCTTGTTAGTTAATCGGGT,0,3552881
tisBp,0.09090909090909091,10,10,TGCTGAGGCATTTAGGCATA,0,3595710
tisBp,0.09090909090909091,10,10,TGCTCGTGGCTTAGGAATCC,0,3550441
tisBp,0.09090909090909091,10,10,TGCTCGGGGGGTTTTATACA,0,3569548
tisBp,0.09090909090909091,10,10,TGCGTGACTGGGCAATATGT,0,3556802
tisBp,0.09090909090909091,10,10,TGCGTAGTATGATCCCTTCT,0,3564758
tisBp,0.09090909090909091,10,10,TGCGTACTGAGATAGATAGC,0,3550827
tisBp,0.09090909090909091,10,10,TGCCGAAACAATGTGCTTTT,0,3573044
tisBp,0.09090909090909091,10,10,TGCCAGGGATACCGGATCGT,0,3582421
tisBp,0.09090909090909091,10,10,TGCCAGGGAGTCCGTGAAGG,0,3550921
tisBp,0.09090909090909091,10,10,TGCCACTCCGAATTGCAGCT,0,3555336
tisBp,0.09090909090909091,10,10,TGCAAAACTGGGCTGAGGCA,0,3573056
tisBp,0.09090909090909091,10,10,TGATTGTGGTTGCCGATTTC,0,3559445
tisBp,0.09090909090909091,10,10,TGAGGCCTGTCCAGCGGGTG,0,3577496
tisBp,0.09090909090909091,10,10,TGACATGCCGTTAATGACAG,0,3563620
tisBp,0.09090909090909091,10,10,TGAACTCTCAACGCAGTCCT,0,3599925
tisBp,0.09090909090909091,10,10,TGAAAGCGAAATTCGGTGGG,0,3590887
tisBp,0.09090909090909091,10,10,TGAAAAATTTTAATGTAACA,0,3594665
tisBp,0.09090909090909091,10,10,TCTTCCTATTGGGCACCTCG,0,3541336
tisBp,0.09090909090909091,10,10,TCTGTTCTTGCCCTTTCTGT,0,3580412
tisBp,0.09090909090909091,10,10,TCTGTCGTCACGTCATCCAT,0,3556816
tisBp,0.09090909090909091,10,10,TCTGTAACTCTTCAACCCTT,0,3542453
tisBp,0.09090909090909091,10,10,TCTGACCAATGGCCCGAGCT,0,3575697
tisBp,0.09090909090909091,10,10,TCTCTGCCCAACATTCACTC,0,3543122
tisBp,0.09090909090909091,10,10,TCTCCTCTTATGCGTTACTG,0,3547225
tisBp,0.09090909090909091,10,10,TCTACCGGGCCTGCTAAGTG,0,3573630
tisBp,0.09090909090909091,10,10,TCGTGCGGGCTCCAAGCTAG,0,3602344
tisBp,0.09090909090909091,10,10,TCGTACGGTGCGCCTTTAGG,0,3546767
tisBp,0.09090909090909091,10,10,TCGCACCCGCGGCGATAAAG,0,3551734
tisBp,0.09090909090909091,10,10,TCGATCAGAGGGGTTCGAGA,0,3595002
tisBp,0.09090909090909091,10,10,TCGACCCGCAAGGGGTGATT,0,3593321
tisBp,0.09090909090909091,10,10,TCGACATCCTCTGCTGGACA,0,3545486
tisBp,0.09090909090909091,10,10,TCCTGTGACTCCTTCGTCGA,0,3602942
tisBp,0.09090909090909091,10,10,TCCTATCCAAGCTGATTCAC,0,3584631
tisBp,0.09090909090909091,10,10,TCCGTGGTACGTGAAGGAAT,0,3586221
tisBp,0.09090909090909091,10,10,TCCCGGTTGGAGAAGGGAAG,0,3601968
tisBp,0.09090909090909091,10,10,TCCCCTCAATTCTTGCGTGA,0,3587552
tisBp,0.09090909090909091,10,10,TCCCCGCCAAAGACATTATC,0,3581909
tisBp,0.09090909090909091,10,10,TCCATTCGAACCCAGTATAA,0,3555866
tisBp,0.09090909090909091,10,10,TCCAGCGGGGGTCACATTCA,0,3565301
tisBp,0.09090909090909091,10,10,TCCACTCAAACGTAGGCACG,0,3561575
tisBp,0.09090909090909091,10,10,TCCACATGAGCTTCATAGGC,0,3564330
tisBp,0.09090909090909091,10,10,TCCAAGAACACGCTCCCAGG,0,3566654
tisBp,0.09090909090909091,10,10,TCACGCGTGATCGAACTTGC,0,3572084
tisBp,0.09090909090909091,10,10,TCACCGAGCACCATACATCC,0,3583509
tisBp,0.09090909090909091,10,10,TATTGCACACACGGAAGTGT,0,3593141
tisBp,0.09090909090909091,10,10,TATGCGCTGGGAAGAATAGG,0,3550203
tisBp,0.09090909090909091,10,10,TATCTTAGCTGGGAATCAGT,0,3568177
tisBp,0.09090909090909091,10,10,TATCTGTTCTTTCTCGGGCA,0,3560107
tisBp,0.09090909090909091,10,10,TATCAGACATAGATATTCTG,0,3593829
tisBp,0.09090909090909091,10,10,TATCACCCTTAATCATTCTA,0,3588580
tisBp,0.09090909090909091,10,10,TAGGTTGGGGACCGCTAAGA,0,3583919
tisBp,0.09090909090909091,10,10,TAGGTACATTTCCTGGGAGC,0,3560789
tisBp,0.09090909090909091,10,10,TAGGGCGGGAACAGCAGTCA,0,3591994
tisBp,0.09090909090909091,10,10,TAGGATAGAATCGGTCTTGG,0,3573710
tisBp,0.09090909090909091,10,10,TAGGACGTTGGCATATAGAG,0,3558781
tisBp,0.09090909090909091,10,10,TAGCTACTAACAAATAAAGT,0,3563376
tisBp,0.09090909090909091,10,10,TAGCACGCACTGCCCATTCA,0,3595605
tisBp,0.09090909090909091,10,10,TAGATGTCACCGATTTGAAA,0,3567779
tisBp,0.09090909090909091,10,10,TAGAACGAAAATGTGAGAAG,0,3563717
tisBp,0.09090909090909091,10,10,TACTGTAACTTATTAGCGGA,0,3591147
tisBp,0.09090909090909091,10,10,TACGTATGACCGCCCGAGCA,0,3560972
tisBp,0.09090909090909091,10,10,TACGCGCACGACCTGCGTAG,0,3593571
tisBp,0.09090909090909091,10,10,TACGCATTCTACTCAGCGGT,0,3563051
tisBp,0.09090909090909091,10,10,TACCTGAACAATGGCAGACG,0,3584132
tisBp,0.09090909090909091,10,10,TACAAGAGCAATTCGTACTA,0,3594758
tisBp,0.09090909090909091,10,10,TAATTTTATTGTTGGCCTTA,0,3596595
tisBp,0.09090909090909091,10,10,TAATCAGTGGGACTGCTAGG,0,3577330
tisBp,0.09090909090909091,10,10,TAATAGGGCGGCCTGTTATG,0,3590600
tisBp,0.09090909090909091,10,10,TAACGATGCGCTGAGGGAAC,0,3562344
tisBp,0.09090909090909091,10,10,TAACCGCTAGACGGGGGGCT,0,3602908
tisBp,0.09090909090909091,10,10,TAAAATATGCTATCGCGCAG,0,3591418
tisBp,0.09090909090909091,10,10,GTTTGTCGTACCTGTACTGC,0,3574832
tisBp,0.09090909090909091,10,10,GTTTCTAAGCACAGTCCTAG,0,3603312
tisBp,0.09090909090909091,10,10,GTTGTGGGCTTAGTTAAGTT,0,3601332
tisBp,0.09090909090909091,10,10,GTTGTGACCTTGATTTAAAG,0,3563490
tisBp,0.09090909090909091,10,10,GTTGGCGTTCGAGCTTTGGT,0,3546793
tisBp,0.09090909090909091,10,10,GTTGAGTGTTATTCGCGAGT,0,3562278
tisBp,0.09090909090909091,10,10,GTTCTGGTGCTCAGGTCGAA,0,3554285
tisBp,0.09090909090909091,10,10,GTTCGTGGTAAAGCAAGGGA,0,3574522
tisBp,0.09090909090909091,10,10,GTTCGTGCGCCCTTGATGAA,0,3543439
tisBp,0.09090909090909091,10,10,GTTCCGTCCGGTCATGAAGC,0,3578905
tisBp,0.09090909090909091,10,10,GTTCATCGCGAATATATTAT,0,3561197
tisBp,0.09090909090909091,10,10,GTTATCGTATGTATCAGAAT,0,3574738
tisBp,0.09090909090909091,10,10,GTTACGGTTTGCGCTTCTTC,0,3569459
tisBp,0.09090909090909091,10,10,GTGTGCTGATAGACGTTCCT,0,3587372
tisBp,0.09090909090909091,10,10,GTGTCAGCGGGATCGGCGCC,0,3555169
tisBp,0.09090909090909091,10,10,GTGCCCGCATCGTGACCGGA,0,3581683
tisBp,0.09090909090909091,10,10,GTGAGTCAAACCGTCTATGG,0,3581551
tisBp,0.09090909090909091,10,10,GTCGGTAGTTGAGGGAGAGT,0,3569109
tisBp,0.09090909090909091,10,10,GTCGCCATCTGTTTGCTAGG,0,3601035
tisBp,0.09090909090909091,10,10,GTCGAGAAAACTATTCTGGT,0,3556091
tisBp,0.09090909090909091,10,10,GTCAAGAGGGGCGAGCAAGC,0,3592806
tisBp,0.09090909090909091,10,10,GTAGTGCTACAACAGGGAGC,0,3598106
tisBp,0.09090909090909091,10,10,GTAGGGCGGACAGTACTTTA,0,3585859
tisBp,0.09090909090909091,10,10,GTACGTTGTTAGACACGAGG,0,3556435
tisBp,0.09090909090909091,10,10,GTACCGGCGTGATCGATACT,0,3589200
tisBp,0.09090909090909091,10,10,GTACAGCAAAGACTACAATG,0,3566483
tisBp,0.09090909090909091,10,10,GTAATTCCGAATCACTTCAA,0,3546901
tisBp,0.09090909090909091,10,10,GTAAGCGCCAATCGGTCTAC,0,3558113
tisBp,0.09090909090909091,10,10,GTAACCTCAACATGCGACAA,0,3589461
tisBp,0.09090909090909091,10,10,GTAAATCCTACGAGGTCTTG,0,3587913
tisBp,0.09090909090909091,10,10,GTAAACTCTGTTCTAAGGTT,0,3576297
tisBp,0.09090909090909091,10,10,GGTTTCCGCGGGGGCCAACA,0,3577119
tisBp,0.09090909090909091,10,10,GGTTTCAAGTCTTGCCCGAT,0,3564013
tisBp,0.09090909090909091,10,10,GGTGTTACGCACGAGCTGCT,0,3584191
tisBp,0.09090909090909091,10,10,GGTGTGCACCAGGGGTGACC,0,3574070
tisBp,0.09090909090909091,10,10,GGTGTGAGAGTGGACCGTTA,0,3591696
tisBp,0.09090909090909091,10,10,GGTGCTGGGACCACTACTAC,0,3543482
tisBp,0.09090909090909091,10,10,GGTCGAGCTATAATGTTAGA,0,3582536
tisBp,0.09090909090909091,10,10,GGTCAGATACTTTGAGCTTC,0,3573889
tisBp,0.09090909090909091,10,10,GGTCACGTTCGAGTCGTGTA,0,3592943
tisBp,0.09090909090909091,10,10,GGTATTCTAGCATTGCATTT,0,3585369
tisBp,0.09090909090909091,10,10,GGGTGTGATAGTTAGAGCGC,0,3578572
tisBp,0.09090909090909091,10,10,GGGTAACTCCGCCTTAAGTC,0,3554927
tisBp,0.09090909090909091,10,10,GGGGTATCGAGTCGAGCCGT,0,3585719
tisBp,0.09090909090909091,10,10,GGGGTACTTCGGATGGAGAA,0,3569086
tisBp,0.09090909090909091,10,10,GGGGTACCAGGTGTCCATAC,0,3565010
tisBp,0.09090909090909091,10,10,GGGCTACTATACTTTCAGTC,0,3596346
tisBp,0.09090909090909091,10,10,GGGCGTTGCACCTCAGCATG,0,3588268
tisBp,0.09090909090909091,10,10,GGGCGGGGGAGTACACGTGG,0,3590540
tisBp,0.09090909090909091,10,10,GGGCGACCATATTTTTGGCG,0,3590880
tisBp,0.09090909090909091,10,10,GGGACGTGTGGTTGGCGGCT,0,3551880
tisBp,0.09090909090909091,10,10,GGGACACGTCTTGGCGGGAC,0,3592073
tisBp,0.09090909090909091,10,10,GGCTCAGGCCAAGTAAACTG,0,3560939
tisBp,0.09090909090909091,10,10,GGCGAGGCAGGTGAACCTTG,0,3562612
tisBp,0.09090909090909091,10,10,GGCCCGGGGGGCCGTATCCC,0,3553007
tisBp,0.09090909090909091,10,10,GGCATTCGGCCCCTCAAACG,0,3546796
tisBp,0.09090909090909091,10,10,GGCACTGCTCATTACAGCTC,0,3583631
tisBp,0.09090909090909091,10,10,GGCAAAAGCCTAGGCATTCC,0,3588940
tisBp,0.09090909090909091,10,10,GGATGTTGGCGATTCAGAAC,0,3587727
tisBp,0.09090909090909091,10,10,GGATGGAAGTTGCGGCAGAT,0,3541921
tisBp,0.09090909090909091,10,10,GGATGAATGGAACTGCTAAT,0,3571160
tisBp,0.09090909090909091,10,10,GGATACCCACTCTAATTTTA,0,3573048
tisBp,0.09090909090909091,10,10,GGAGTCAGTTAGAATGCGGC,0,3593848
tisBp,0.09090909090909091,10,10,GGAGTCAATAAGTTTGCTAA,0,3555654
tisBp,0.09090909090909091,10,10,GGAGGGCGTGACACCGGGTC,0,3557948
tisBp,0.09090909090909091,10,10,GGAGCGTTCTTGATGCTCTC,0,3598957
tisBp,0.09090909090909091,10,10,GGAGAAATCACCCGTCGGAA,0,3554901
tisBp,0.09090909090909091,10,10,GGACCTTCGAAATCCGGTGC,0,3549895
tisBp,0.09090909090909091,10,10,GGACACAAAAGGCTCCGCGC,0,3591041
tisBp,0.09090909090909091,10,10,GCTGATGATGTGTCCCTTTA,0,3557087
tisBp,0.09090909090909091,10,10,GCTCGAGATAGGTTAGTAGT,0,3584515
tisBp,0.09090909090909091,10,10,GCTCAGGGTAACAGAATTCA,0,3577910
tisBp,0.09090909090909091,10,10,GCTAGACAATTGGGGACAGA,0,3542486
tisBp,0.09090909090909091,10,10,GCGTGTTGCTGGGTATCAAT,0,3563685
tisBp,0.09090909090909091,10,10,GCGTGTGCGGACTCACAGTC,0,3574707
tisBp,0.09090909090909091,10,10,GCGTGCTCGTATCCGCTTTA,0,3598596
tisBp,0.09090909090909091,10,10,GCGTACAACACGGGGAATAC,0,3564525
tisBp,0.09090909090909091,10,10,GCGGTATCGAACACTAACTT,0,3567763
tisBp,0.09090909090909091,10,10,GCGGCCAGTTCCTGGCTCAA,0,3596048
tisBp,0.09090909090909091,10,10,GCGCATTAACCCCCAGCATC,0,3563747
tisBp,0.09090909090909091,10,10,GCGAACGCTTAAACGTTTAG,0,3567970
tisBp,0.09090909090909091,10,10,GCGAACACGCAATGCGACAG,0,3591064
tisBp,0.09090909090909091,10,10,GCCTGGTCCTCACTGGACCG,0,3556356
tisBp,0.09090909090909091,10,10,GCCGTTAGGTGAGTAGGACT,0,3582506
tisBp,0.09090909090909091,10,10,GCCGGTTCCAGCAACTAGGT,0,3584600
tisBp,0.09090909090909091,10,10,GCCCATTTTGATATTCCCCG,0,3555425
tisBp,0.09090909090909091,10,10,GCCCATGATTATCCGAATCG,0,3564791
tisBp,0.09090909090909091,10,10,GCCCATAGCGCGCACCATGC,0,3541811
tisBp,0.09090909090909091,10,10,GCCAGTTCATTATGTGTAAG,0,3583306
tisBp,0.09090909090909091,10,10,GCCAGTGATCGACCAGTTCA,0,3562678
tisBp,0.09090909090909091,10,10,GCATTTGGACCGTGGGAGAC,0,3550054
tisBp,0.09090909090909091,10,10,GCATGGTGGAGTCTGGTAAA,0,3544818
tisBp,0.09090909090909091,10,10,GCATCAGCAGGTCGCCCGTA,0,3575698
tisBp,0.09090909090909091,10,10,GCAGGATCCCTGTGATTGAA,0,3576771
tisBp,0.09090909090909091,10,10,GCAGCGAAGGGTCTGACTTA,0,3591520
tisBp,0.09090909090909091,10,10,GCAGCATGTCAAAGAGTCGT,0,3578075
tisBp,0.09090909090909091,10,10,GCAGCACGGCTACGCTGCAG,0,3569178
tisBp,0.09090909090909091,10,10,GCAGCACGATTTATGCGCGC,0,3591266
tisBp,0.09090909090909091,10,10,GCAGATTGTACGGTCGATAG,0,3556082
tisBp,0.09090909090909091,10,10,GCAAACAGCGAATGACCACC,0,3555903
tisBp,0.09090909090909091,10,10,GATTTGGGCTTTCTGTGCCA,0,3571326
tisBp,0.09090909090909091,10,10,GATTGCACAGGTTGTTACTC,0,3571643
tisBp,0.09090909090909091,10,10,GATTCTCCACTGTAACCAGG,0,3558118
tisBp,0.09090909090909091,10,10,GATGCAACCGGCTTGGACGA,0,3557962
tisBp,0.09090909090909091,10,10,GATGCAAATTTGTCTCCGTT,0,3550956
tisBp,0.09090909090909091,10,10,GATCTCACGCGTCCCCCATG,0,3561967
tisBp,0.09090909090909091,10,10,GATCAACTCCCCGGGACATC,0,3542656
tisBp,0.09090909090909091,10,10,GATAGGGTACAGCGTCACAT,0,3545403
tisBp,0.09090909090909091,10,10,GATAGAATCAAGAGCAATGG,0,3569289
tisBp,0.09090909090909091,10,10,GATACTACGTACAGCAGGGT,0,3548142
tisBp,0.09090909090909091,10,10,GAGGTGATAGTACCCAGCCT,0,3569484
tisBp,0.09090909090909091,10,10,GAGGTCACGCGCTGGCCAGC,0,3547081
tisBp,0.09090909090909091,10,10,GAGGGTGACGGATCGAGTCA,0,3551087
tisBp,0.09090909090909091,10,10,GAGGGGCCTTAGCTTCTAAT,0,3600889
tisBp,0.09090909090909091,10,10,GAGCGGCCCACGGCTGACTT,0,3546089
tisBp,0.09090909090909091,10,10,GAGCGATTTTACAACATATT,0,3563360
tisBp,0.09090909090909091,10,10,GAGCAAATATATAATTCATC,0,3596528
tisBp,0.09090909090909091,10,10,GAGAGATTGTGCTGCAGGTC,0,3560470
tisBp,0.09090909090909091,10,10,GACGAGCTAAGAGCGGGCTT,0,3591829
tisBp,0.09090909090909091,10,10,GACCGCAACGATCACGTTCA,0,3566448
tisBp,0.09090909090909091,10,10,GACCAGTGTGGTTCCAGTCG,0,3581904
tisBp,0.09090909090909091,10,10,GACATTGTACTATGACGTCA,0,3544436
tisBp,0.09090909090909091,10,10,GACACCTGTGAGACAAGCGG,0,3566120
tisBp,0.09090909090909091,10,10,GAAGATTGGCGTATCTTGAT,0,3593162
tisBp,0.09090909090909091,10,10,GAAGAATACAAAGTTGTGGT,0,3555978
tisBp,0.09090909090909091,10,10,CTTTTTAGTTGATATGGAGA,0,3559548
tisBp,0.09090909090909091,10,10,CTTTGCAAACATATACAGCA,0,3580117
tisBp,0.09090909090909091,10,10,CTTTCGAATGGGCAGGGAAA,0,3572585
tisBp,0.09090909090909091,10,10,CTTCGAGGATCATTAACATA,0,3586529
tisBp,0.09090909090909091,10,10,CTTCCACAATGCGACAGTTG,0,3587724
tisBp,0.09090909090909091,10,10,CTTATGTAATCCGTAAGAAA,0,3574117
tisBp,0.09090909090909091,10,10,CTTACGTAGCTGAACAGAAA,0,3590339
tisBp,0.09090909090909091,10,10,CTTACCGGGGTGATCGTGCC,0,3590312
tisBp,0.09090909090909091,10,10,CTGAGAACTCATTACTTCCG,0,3557538
tisBp,0.09090909090909091,10,10,CTGACTACAGAACCGCTAGG,0,3590696
tisBp,0.09090909090909091,10,10,CTGACACCTACATCAGTCTC,0,3569884
tisBp,0.09090909090909091,10,10,CTCTGTTGCTAAGCAGTAAG,0,3551308
tisBp,0.09090909090909091,10,10,CTCTGAACTTATATGCCGTG,0,3580056
tisBp,0.09090909090909091,10,10,CTCTACGACTAGGTCGTATG,0,3599451
tisBp,0.09090909090909091,10,10,CTCGTGGCACGATTGAGGAC,0,3589315
tisBp,0.09090909090909091,10,10,CTCGCGAGCCGGAAAACTAC,0,3549049
tisBp,0.09090909090909091,10,10,CTCCAAAACGCATAGGGACA,0,3577144
tisBp,0.09090909090909091,10,10,CTCAGGGCGTGACGTATTTT,0,3583265
tisBp,0.09090909090909091,10,10,CTCAGACGACGTTCGCTGCG,0,3571455
tisBp,0.09090909090909091,10,10,CTCAAAGTGTTCTCCCAACT,0,3563936
tisBp,0.09090909090909091,10,10,CTAGAGGGGGCAACACAATG,0,3577061
tisBp,0.09090909090909091,10,10,CTAGAAGGATACGCGAAGCG,0,3571918
tisBp,0.09090909090909091,10,10,CTAATGGGAGAAGCGTTGCT,0,3554151
tisBp,0.09090909090909091,10,10,CTAATGACGAACACTGTGTG,0,3598894
tisBp,0.09090909090909091,10,10,CTAATCGCTCTAGAACGGTA,0,3592188
tisBp,0.09090909090909091,10,10,CTAACTGCGGTTCACCCAGG,0,3587320
tisBp,0.09090909090909091,10,10,CTAAATTCGAAGACGATAGT,0,3555400
tisBp,0.09090909090909091,10,10,CTAAAAGCCAGGGTTAGAGT,0,3559877
tisBp,0.09090909090909091,10,10,CGTTTCCGGTTAGGTCCCAC,0,3559017
tisBp,0.09090909090909091,10,10,CGTTGGGTCGAGTTTGAGGT,0,3577226
tisBp,0.09090909090909091,10,10,CGTTCTACTGTAAGGCCCGT,0,3557968
tisBp,0.09090909090909091,10,10,CGTTAGCACAATTCGGGCGT,0,3566197
tisBp,0.09090909090909091,10,10,CGTGGAAAAATTGAAATATT,0,3570982
tisBp,0.09090909090909091,10,10,CGTGAATTTTGATGTCTTTG,0,3594741
tisBp,0.09090909090909091,10,10,CGTCTCCTTCGAAGGTTCAG,0,3573803
tisBp,0.09090909090909091,10,10,CGTAGGCCCAAAACTACTAA,0,3550769
tisBp,0.09090909090909091,10,10,CGTAGCTTGTAGGCCGACTT,0,3548207
tisBp,0.09090909090909091,10,10,CGTAGCATACTTCATTCGGT,0,3569874
tisBp,0.09090909090909091,10,10,CGTAATTCACGAAAGTAAGC,0,3571196
tisBp,0.09090909090909091,10,10,CGGTAAGCTGCTTTGAATCC,0,3592160
tisBp,0.09090909090909091,10,10,CGGGTCCACGAGCATTGTCA,0,3564317
tisBp,0.09090909090909091,10,10,CGGGTAAGTTTGTTTGACAC,0,3563021
tisBp,0.09090909090909091,10,10,CGGGGACATTAGGCTCGCTC,0,3555587
tisBp,0.09090909090909091,10,10,CGGCAAGCGCTAATTGGAGT,0,3544402
tisBp,0.09090909090909091,10,10,CGGAGTTGGTACCGGCCTCA,0,3555616
tisBp,0.09090909090909091,10,10,CGGACCAGTGCTATACTCAT,0,3562933
tisBp,0.09090909090909091,10,10,CGGACAGCCCTCGGGCGGTC,0,3544642
tisBp,0.09090909090909091,10,10,CGCTACGAGATTTTCGTTTG,0,3543742
tisBp,0.09090909090909091,10,10,CGCGTGCAAGACGACATTAT,0,3585776
tisBp,0.09090909090909091,10,10,CGCGCCCGAATCTTATCAGA,0,3589496
tisBp,0.09090909090909091,10,10,CGCGCATAAAGACGGGCTCT,0,3556696
tisBp,0.09090909090909091,10,10,CGCGAGCAGTTACGTAAGTA,0,3550309
tisBp,0.09090909090909091,10,10,CGCCGTTGCAATATGATGTA,0,3551855
tisBp,0.09090909090909091,10,10,CGCCACTCCAGGGTGGCAAA,0,3582271
tisBp,0.09090909090909091,10,10,CGATCGCCGTCAATCAGGCA,0,3588474
tisBp,0.09090909090909091,10,10,CGATCACCAGCGCGACGCCC,0,3571688
tisBp,0.09090909090909091,10,10,CGAGTGTTTCACAGCACTTG,0,3587203
tisBp,0.09090909090909091,10,10,CGAGGGCGTCCCCAAAGCTA,0,3588206
tisBp,0.09090909090909091,10,10,CGACTACACCGCCGACGCAG,0,3566038
tisBp,0.09090909090909091,10,10,CGACGCTGTATATCGTCTGT,0,3563148
tisBp,0.09090909090909091,10,10,CGACAGGGCAAGTAAAGAAA,0,3598015
tisBp,0.09090909090909091,10,10,CGAAATATCTTCGCAAATTA,0,3572952
tisBp,0.09090909090909091,10,10,CGAAAGGCTGATCGGGGTTG,0,3558610
tisBp,0.09090909090909091,10,10,CCTTGCGTGGTAAAGAACAT,0,3594029
tisBp,0.09090909090909091,10,10,CCTTATTAGTGCTTCAACAT,0,3599101
tisBp,0.09090909090909091,10,10,CCTGCCGGCGCGCAACGGAC,0,3565869
tisBp,0.09090909090909091,10,10,CCTAATGCCACACCCACGTC,0,3578201
tisBp,0.09090909090909091,10,10,CCGTACATAAGTTAGCAATT,0,3564001
tisBp,0.09090909090909091,10,10,CCGGTCAGTAACATCATCCA,0,3593613
tisBp,0.09090909090909091,10,10,CCGCATAATCCCTCGACCGG,0,3599793
tisBp,0.09090909090909091,10,10,CCGCAATTGCAAGTGTGCTG,0,3545079
tisBp,0.09090909090909091,10,10,CCGAGTAGTGAGGATCGGCT,0,3600493
tisBp,0.09090909090909091,10,10,CCGACGCAGATCGTGTCTTC,0,3577062
tisBp,0.09090909090909091,10,10,CCGAAGAAGCCAACACGATG,0,3541772
tisBp,0.09090909090909091,10,10,CCGAAACAGGATCGGGATCT,0,3549502
tisBp,0.09090909090909091,10,10,CCCTTGGCAACGTGCTCACG,0,3557398
tisBp,0.09090909090909091,10,10,CCCTGCTCTTGGCCGCTTCT,0,3544728
tisBp,0.09090909090909091,10,10,CCCTAATAGGATGCCACATA,0,3580977
tisBp,0.09090909090909091,10,10,CCCCGTCCCGTCATCGCTAA,0,3555595
tisBp,0.09090909090909091,10,10,CCCCGGATCTTTGAGGTTTG,0,3585175
tisBp,0.09090909090909091,10,10,CCCCCGTGGTCTTATGTAAC,0,3568434
tisBp,0.09090909090909091,10,10,CCCCATCTCTCTGTACGTAA,0,3556027
tisBp,0.09090909090909091,10,10,CCCATGTAAGTGGCATCAGT,0,3596013
tisBp,0.09090909090909091,10,10,CCCACTGTAGACGGAGCGGT,0,3587152
tisBp,0.09090909090909091,10,10,CCATTGTCGGCGTGCATTGG,0,3597734
tisBp,0.09090909090909091,10,10,CCATTAAACCCTTTCCTCTG,0,3599041
tisBp,0.09090909090909091,10,10,CCATATTCCTCACCTTCTGT,0,3543929
tisBp,0.09090909090909091,10,10,CCATAGGCCTTGAAGTCCTA,0,3578283
tisBp,0.09090909090909091,10,10,CCAGTTGAAGAAATACGCTT,0,3570233
tisBp,0.09090909090909091,10,10,CCAGGCCACTGCTGAATAAC,0,3572049
tisBp,0.09090909090909091,10,10,CCACGAAACAGGTTAACAGA,0,3564314
tisBp,0.09090909090909091,10,10,CCAAGTCACACACTGTTATG,0,3559409
tisBp,0.09090909090909091,10,10,CATTTGGGGGGGCAGAACCA,0,3549789
tisBp,0.09090909090909091,10,10,CATTGGTTTGTTGATACGAC,0,3572884
tisBp,0.09090909090909091,10,10,CATTCCATACACCAAAGAGG,0,3596925
tisBp,0.09090909090909091,10,10,CATGGTAACGGCGCAAAGGT,0,3583428
tisBp,0.09090909090909091,10,10,CATGATAATCTTTAATATAG,0,3546242
tisBp,0.09090909090909091,10,10,CATCTAATAGTGGAGCCCAA,0,3553782
tisBp,0.09090909090909091,10,10,CATCACTGGACAGAATTTGA,0,3584255
tisBp,0.09090909090909091,10,10,CATAATATAACGATGATCTC,0,3588273
tisBp,0.09090909090909091,10,10,CAGTTGCGTGTGGCCCTATA,0,3569456
tisBp,0.09090909090909091,10,10,CAGTTGATTACCGACCGAAC,0,3549455
tisBp,0.09090909090909091,10,10,CAGTCGGTCTCATTTGCGGT,0,3588720
tisBp,0.09090909090909091,10,10,CAGGTTATCCATGCGTTGAC,0,3591653
tisBp,0.09090909090909091,10,10,CAGGGTACCTCTGAGCATCG,0,3578746
tisBp,0.09090909090909091,10,10,CAGGACAGACAGGCATACGA,0,3554257
tisBp,0.09090909090909091,10,10,CAGACGGACTGAATCTAGTT,0,3559481
tisBp,0.09090909090909091,10,10,CACTTGGGCTTACACACGAA,0,3557152
tisBp,0.09090909090909091,10,10,CACTAGACAGGATCCTTGGC,0,3546875
tisBp,0.09090909090909091,10,10,CACGGTTATAGGCATTCCGA,0,3547406
tisBp,0.09090909090909091,10,10,CACGATTGAATGCGCGCTTT,0,3590454
tisBp,0.09090909090909091,10,10,CACCTGAACATCCGTGACCT,0,3592949
tisBp,0.09090909090909091,10,10,CACCTCTCGGCCGAAAGAGG,0,3542590
tisBp,0.09090909090909091,10,10,CACCGGTTCGCCCCTAAAGC,0,3589203
tisBp,0.09090909090909091,10,10,CACCGATTTTTAGACACGGA,0,3579582
tisBp,0.09090909090909091,10,10,CACCACGTGTTGCAATAGGA,0,3550963
tisBp,0.09090909090909091,10,10,CACAGGACTTGCTACGCATT,0,3556300
tisBp,0.09090909090909091,10,10,CACAACCAAACCCTACCGCT,0,3587692
tisBp,0.09090909090909091,10,10,CAATTTTTGCAGTCACTTAG,0,3571825
tisBp,0.09090909090909091,10,10,CAATGATATCAAGGACGGAC,0,3564190
tisBp,0.09090909090909091,10,10,CAAGCATGATCCGTGGTGCA,0,3590677
tisBp,0.09090909090909091,10,10,CAAATTGGCAGGGGCGCGTT,0,3582544
tisBp,0.09090909090909091,10,10,CAAAGGGGAAAGCGTTAGAA,0,3579452
tisBp,0.09090909090909091,10,10,ATTTTGTTAACAACGTAGAT,0,3600614
tisBp,0.09090909090909091,10,10,ATTGATGGACTTTCTAAAAA,0,3590892
tisBp,0.09090909090909091,10,10,ATTGAGCCGGGATCTAGGAT,0,3578952
tisBp,0.09090909090909091,10,10,ATTCGCTGAAAACACAACAA,0,3573868
tisBp,0.09090909090909091,10,10,ATTATCGCCCCGAGCCGACG,0,3541727
tisBp,0.09090909090909091,10,10,ATTAGGATACGTCAACAAAC,0,3598664
tisBp,0.09090909090909091,10,10,ATTACAGTGACGAGTATCTT,0,3579726
tisBp,0.09090909090909091,10,10,ATGTCGCACATCGGTTGGTT,0,3567321
tisBp,0.09090909090909091,10,10,ATGTACAGTATATGCTCTGA,0,3559393
tisBp,0.09090909090909091,10,10,ATGGTTTTTTTAGAGACGTA,0,3599375
tisBp,0.09090909090909091,10,10,ATGGTGAAGATCGCAGCAAG,0,3571290
tisBp,0.09090909090909091,10,10,ATGGGGTCGGTATCGGAGTG,0,3585094
tisBp,0.09090909090909091,10,10,ATGGGCGCATTGTACCTGGG,0,3566664
tisBp,0.09090909090909091,10,10,ATGGGATGACTGAACGACAT,0,3565194
tisBp,0.09090909090909091,10,10,ATGGCATGGGACGTGTTACT,0,3578700
tisBp,0.09090909090909091,10,10,ATGGAGCTATGAGTAAACAC,0,3562317
tisBp,0.09090909090909091,10,10,ATGCACGCGAACGGGAACGT,0,3577939
tisBp,0.09090909090909091,10,10,ATGATTGCCATCAGGGCATC,0,3545174
tisBp,0.09090909090909091,10,10,ATGATCCCGCAATCGCGCAA,0,3582792
tisBp,0.09090909090909091,10,10,ATCTTGGACTTCGAACAGCC,0,3546716
tisBp,0.09090909090909091,10,10,ATCTTCTAATAGCTCATCGC,0,3571165
tisBp,0.09090909090909091,10,10,ATCTTATTGAACACACATGG,0,3562597
tisBp,0.09090909090909091,10,10,ATCGTGGACTCGTATCCGCA,0,3584857
tisBp,0.09090909090909091,10,10,ATCGTCGAGAAGAGTTAACC,0,3556222
tisBp,0.09090909090909091,10,10,ATCGGAAACGGTACCCCTGC,0,3602866
tisBp,0.09090909090909091,10,10,ATCATATTGTGAAGGTCATA,0,3584554
tisBp,0.09090909090909091,10,10,ATATTATACCGAAAGTAATC,0,3582435
tisBp,0.09090909090909091,10,10,ATATCCGCAGCGTTTCGTAC,0,3569479
tisBp,0.09090909090909091,10,10,ATATAGAAATACTGTGAGAG,0,3597190
tisBp,0.09090909090909091,10,10,ATAGTGTTTTGGGCGCAGAT,0,3580961
tisBp,0.09090909090909091,10,10,ATAGCTTGCGCTCATCCACT,0,3575109
tisBp,0.09090909090909091,10,10,ATAGAATGTACGGAGGTAGA,0,3599619
tisBp,0.09090909090909091,10,10,ATACTTCCAGCTTACAGGCT,0,3584998
tisBp,0.09090909090909091,10,10,ATACATTTATGGCCTCACGG,0,3556527
tisBp,0.09090909090909091,10,10,ATAACCTGAAGCAAACTAGC,0,3585028
tisBp,0.09090909090909091,10,10,ATAAACGGGCACTTGAGAAT,0,3580617
tisBp,0.09090909090909091,10,10,AGTTATGGGAGGTACTAGAG,0,3542480
tisBp,0.09090909090909091,10,10,AGTGATCTATAGCTACAAGA,0,3570715
tisBp,0.09090909090909091,10,10,AGTCTGCGGTATCTCCACGT,0,3547357
tisBp,0.09090909090909091,10,10,AGTAGTTTGGCGCTTAAACA,0,3571194
tisBp,0.09090909090909091,10,10,AGTAACCCGAGTCAAAATTC,0,3593024
tisBp,0.09090909090909091,10,10,AGTAAAACAGTGAACGGCCA,0,3582534
tisBp,0.09090909090909091,10,10,AGGTGATAGGCACCGGGACT,0,3589219
tisBp,0.09090909090909091,10,10,AGGGTGGAACGCTGCGTTCA,0,3596197
tisBp,0.09090909090909091,10,10,AGGGTAGACGACCACGAAAA,0,3583721
tisBp,0.09090909090909091,10,10,AGGGGCTCCAACGTTCACGG,0,3546263
tisBp,0.09090909090909091,10,10,AGGGCTAGAGTTTTATCCTC,0,3551042
tisBp,0.09090909090909091,10,10,AGGCGGCTCAAAGTCTTCCA,0,3602752
tisBp,0.09090909090909091,10,10,AGGCCCCGAGTGGATGAGCG,0,3562281
tisBp,0.09090909090909091,10,10,AGGCAGCCACTACTAACTGC,0,3568301
tisBp,0.09090909090909091,10,10,AGGAATTAGGTCATTAAGGG,0,3552523
tisBp,0.09090909090909091,10,10,AGCTTAATTTAGAAATCACT,0,3568754
tisBp,0.09090909090909091,10,10,AGCTCTTGAGTTTCACGAGG,0,3584099
tisBp,0.09090909090909091,10,10,AGCGTTCACAAAAGCAAGGG,0,3566940
tisBp,0.09090909090909091,10,10,AGCCCGTGCTTCGGCGGTGC,0,3561805
tisBp,0.09090909090909091,10,10,AGCCACCCGGATCGCTTGGC,0,3553824
tisBp,0.09090909090909091,10,10,AGCATCGGTAACGTACGTAC,0,3549784
tisBp,0.09090909090909091,10,10,AGCAAAGTATTCAGACTCTG,0,3589487
tisBp,0.09090909090909091,10,10,AGATTGACGTTAGATTTTGC,0,3597787
tisBp,0.09090909090909091,10,10,AGAGGGACCTCAGTTATAAT,0,3585599
tisBp,0.09090909090909091,10,10,AGAGAATTGCCGTTAGCCCA,0,3581529
tisBp,0.09090909090909091,10,10,AGACTAAACAGTCGCTCCTT,0,3570316
tisBp,0.09090909090909091,10,10,AGACAGCGGCCCGGTGCTCA,0,3571862
tisBp,0.09090909090909091,10,10,AGAAGATGAAAGAACGGTAC,0,3552148
tisBp,0.09090909090909091,10,10,AGAAATGCATTTTTTTAGCA,0,3578043
tisBp,0.09090909090909091,10,10,AGAAACACGGAGTAATGGCA,0,3556713
tisBp,0.09090909090909091,10,10,ACTTGGCCGGAGCGGTAGAC,0,3580458
tisBp,0.09090909090909091,10,10,ACTTCGGCTAACGCTGTGAC,0,3577628
tisBp,0.09090909090909091,10,10,ACTTCGGCAAACTCGGATAC,0,3602888
tisBp,0.09090909090909091,10,10,ACTTCGACGTTATGGAAGCA,0,3576763
tisBp,0.09090909090909091,10,10,ACTGTCCCCACAGTAGCGTT,0,3566071
tisBp,0.09090909090909091,10,10,ACTGCCGTCCAATCGTGCGT,0,3558320
tisBp,0.09090909090909091,10,10,ACTGACGGTGGGGAGCTCTA,0,3584925
tisBp,0.09090909090909091,10,10,ACTCTATCTGACAACGTTAC,0,3577611
tisBp,0.09090909090909091,10,10,ACTCCCGCAGACTCTCCTTG,0,3559234
tisBp,0.09090909090909091,10,10,ACGTTGAAGAGCTTATGTAG,0,3560175
tisBp,0.09090909090909091,10,10,ACGTTATATCGTGGTCCCAG,0,3549340
tisBp,0.09090909090909091,10,10,ACGTTAAGTGGCCATTGGTT,0,3593742
tisBp,0.09090909090909091,10,10,ACGTGATATTTCGGTAAGTA,0,3565627
tisBp,0.09090909090909091,10,10,ACGTGAAGACTTACAGCGTA,0,3551188
tisBp,0.09090909090909091,10,10,ACGGGGTTATAGAACAGTAA,0,3584247
tisBp,0.09090909090909091,10,10,ACGGGAAAATCTGCAGGTAT,0,3574159
tisBp,0.09090909090909091,10,10,ACGGAGCGGCCGTTTCCCCC,0,3562495
tisBp,0.09090909090909091,10,10,ACGCTGCGTACAAGGCAAAA,0,3579964
tisBp,0.09090909090909091,10,10,ACGCTCGCCCCATCTACCAA,0,3543748
tisBp,0.09090909090909091,10,10,ACGCCAGCGGACGTGGGTTG,0,3592786
tisBp,0.09090909090909091,10,10,ACGAACTGTCTACCCCAGAG,0,3546985
tisBp,0.09090909090909091,10,10,ACGAAAAGTTGCACAACCAT,0,3598963
tisBp,0.09090909090909091,10,10,ACCTCCACCGTTCAATGTCT,0,3572023
tisBp,0.09090909090909091,10,10,ACCTAGGGGTGCACCTGAGC,0,3591265
tisBp,0.09090909090909091,10,10,ACCGTGTTTTGTCCGCCGGT,0,3582039
tisBp,0.09090909090909091,10,10,ACCGCGCCATACTCCATGAC,0,3574194
tisBp,0.09090909090909091,10,10,ACCGCACCGTAGCTAGTTCT,0,3586986
tisBp,0.09090909090909091,10,10,ACCCTAATGCTTCGGTGTGG,0,3601012
tisBp,0.09090909090909091,10,10,ACCCCGGATAGTCCACTGGT,0,3589755
tisBp,0.09090909090909091,10,10,ACCATGAATGACCACCTATC,0,3555226
tisBp,0.09090909090909091,10,10,ACCACTGCCCATATGCGTGT,0,3586681
tisBp,0.09090909090909091,10,10,ACATTCCAGAGGTCCGGCCC,0,3554197
tisBp,0.09090909090909091,10,10,ACATCTGTCGCTGGGTTCGA,0,3593855
tisBp,0.09090909090909091,10,10,ACATATGAATTCTGTCAGCA,0,3558030
tisBp,0.09090909090909091,10,10,ACAGTGCTTAAGCGTGGGGT,0,3557360
tisBp,0.09090909090909091,10,10,ACAGCCTCCCGGCCGGAGCT,0,3588248
tisBp,0.09090909090909091,10,10,ACACCGGGATTAAGAACAAA,0,3597757
tisBp,0.09090909090909091,10,10,ACAACTCTGATGTCCTTGTT,0,3551975
tisBp,0.09090909090909091,10,10,AATTTAGACGGCCAGCTTCT,0,3556917
tisBp,0.09090909090909091,10,10,AATTCATCCTGCGTTATACA,0,3552146
tisBp,0.09090909090909091,10,10,AATGGTACGCTCACACGGGC,0,3596605
tisBp,0.09090909090909091,10,10,AATGGAAGGTTTACTAGAAT,0,3554075
tisBp,0.09090909090909091,10,10,AATCTGGTAGTGAACATTGT,0,3598233
tisBp,0.09090909090909091,10,10,AATCTGATCTTTAGGCTCTT,0,3557128
tisBp,0.09090909090909091,10,10,AATCGGCTGGCCTCATTGAT,0,3547078
tisBp,0.09090909090909091,10,10,AATCCTGACCGAGTGTGACA,0,3575275
tisBp,0.09090909090909091,10,10,AATCCGTTTTTTGGGGGTTC,0,3595319
tisBp,0.09090909090909091,10,10,AATCCGAATAACTTACCGTA,0,3595176
tisBp,0.09090909090909091,10,10,AATCAACCGCCGCGAGTTTG,0,3580474
tisBp,0.09090909090909091,10,10,AATATTGTCCAGGACCAGTT,0,3598171
tisBp,0.09090909090909091,10,10,AATAAACATGCTTAAAACTG,0,3554155
tisBp,0.09090909090909091,10,10,AAGTGCAACTTATGCCTCCC,0,3566880
tisBp,0.09090909090909091,10,10,AAGTGACCCCCCTGACAGAT,0,3576337
tisBp,0.09090909090909091,10,10,AAGGGCGCGGCAGTTTCTAA,0,3549666
tisBp,0.09090909090909091,10,10,AAGGCTGATGAGGTACATCA,0,3541649
tisBp,0.09090909090909091,10,10,AAGCAGTCCAAATGTAAACG,0,3600719
tisBp,0.09090909090909091,10,10,AAGATGCACTGGAATCCCGA,0,3555908
tisBp,0.09090909090909091,10,10,AAGAGAGTCACGGCCGTATC,0,3588998
tisBp,0.09090909090909091,10,10,AACTCCCCAAAACATTCATT,0,3553116
tisBp,0.09090909090909091,10,10,AACGTTGACGGTACTCATGA,0,3566385
tisBp,0.09090909090909091,10,10,AACGCGTGGTGCCAGGTACT,0,3562913
tisBp,0.09090909090909091,10,10,AACGATTAGGCTCCCATTCT,0,3559135
tisBp,0.09090909090909091,10,10,AACCTGCAGATGCCCTGGGT,0,3565049
tisBp,0.09090909090909091,10,10,AACAGTGAGTCGAATGGATG,0,3578274
tisBp,0.09090909090909091,10,10,AACAGCAACGCTATACCGTA,0,3547082
tisBp,0.09090909090909091,10,10,AACAGATGTACAAATCACAA,0,3602271
tisBp,0.09090909090909091,10,10,AAATATCCTCAGGAGTTTGA,0,3588344
tisBp,0.09090909090909091,10,10,AAAGTAAGACTTAATTTACG,0,3597505
tisBp,0.09090909090909091,10,10,AAAGGATCCAGGAGGTTAAA,0,3590744
tisBp,0.09090909090909091,10,10,AAAATTTGTTGGAACACGCT,0,3586487
tisBp,0.09090909090909091,10,10,AAAACGGGCGAACGGGAAAA,0,3585155
tisBp,0.1,9,9,TTTTGAAGCTAGAAAGGCCC,0,3563940
tisBp,0.1,9,9,TTTTATCAGCGCTGTCGCAT,0,3545415
tisBp,0.1,9,9,TTTTAAGTTATCTTACGCAG,0,3551206
tisBp,0.1,9,9,TTTTAACGAGCAAGATTACA,0,3552690
tisBp,0.1,9,9,TTTGTGCGTCGGGGAGGAAG,0,3562425
tisBp,0.1,9,9,TTTGTCACCGCGAACAAACA,0,3543344
tisBp,0.1,9,9,TTTGTAGAATCTGGCGAGGA,0,3577756
tisBp,0.1,9,9,TTTGGAATGAATGAGTCCAC,0,3590329
tisBp,0.1,9,9,TTTGATGCAATCACCGAACT,0,3600956
tisBp,0.1,9,9,TTTCAATCCCACTCTGAGGA,0,3561461
tisBp,0.1,9,9,TTTAAGATTGACGGCCGGAT,0,3547593
tisBp,0.1,9,9,TTGTAACCGCAAAGCAAGCT,0,3558035
tisBp,0.1,9,9,TTGGTACACTGTACAGACAC,0,3589453
tisBp,0.1,9,9,TTGGTAATGCAAAGTTAGAG,0,3572306
tisBp,0.1,9,9,TTGCGGTTTGGATGGTGGAC,0,3561113
tisBp,0.1,9,9,TTGAGTGACAGTGCAGGTTA,0,3548522
tisBp,0.1,9,9,TTGAGGTATCTTACTGAGTG,0,3583262
tisBp,0.1,9,9,TTGACAAACAAGTCATCCAG,0,3568933
tisBp,0.1,9,9,TTCGAACTACTTCGACGGGA,0,3569985
tisBp,0.1,9,9,TTCCGCACTCATCAACCGTC,0,3597471
tisBp,0.1,9,9,TTATTCACTTTCGACAACCA,0,3553666
tisBp,0.1,9,9,TTATTACACTTCCTGACGAT,0,3581989
tisBp,0.1,9,9,TTATCTTGACCAGCGCCACG,0,3556298
tisBp,0.1,9,9,TTAGTATAAGACTGTGTGTG,0,3552802
tisBp,0.1,9,9,TTAGCCCCTCTGTACCAACG,0,3552615
tisBp,0.1,9,9,TTACCTTGGTTTCAAATCAA,0,3602561
tisBp,0.1,9,9,TTACCTGGGCGGTCCCTAAT,0,3586847
tisBp,0.1,9,9,TTACAAGTCATTACTGTAGA,0,3550503
tisBp,0.1,9,9,TGTTGTTTTATTGGCACAGC,0,3587500
tisBp,0.1,9,9,TGTGTGAGATTCATATGCCA,0,3595243
tisBp,0.1,9,9,TGTGGGGGGGTTGAGTGGCG,0,3559292
tisBp,0.1,9,9,TGTCGTATTCGTGGCGCGTT,0,3562336
tisBp,0.1,9,9,TGTCATGAAAGACACTCGAG,0,3554793
tisBp,0.1,9,9,TGTAGTGGAAACTCCCGCTT,0,3576601
tisBp,0.1,9,9,TGTAGCAGAAGAAGGTTAAA,0,3550214
tisBp,0.1,9,9,TGTAAGGGCGGGATTTTTTC,0,3575706
tisBp,0.1,9,9,TGTAAGAACGCCTCAACAAC,0,3579128
tisBp,0.1,9,9,TGTAAATGACACTGATCATG,0,3542173
tisBp,0.1,9,9,TGGTTTCCGATTGGTAGACT,0,3573583
tisBp,0.1,9,9,TGGTGATGCAACGGTTGCGA,0,3543072
tisBp,0.1,9,9,TGGTCCCTTTTGTCCCTAAG,0,3556952
tisBp,0.1,9,9,TGGGTTTGATCCACCTGTGC,0,3579130
tisBp,0.1,9,9,TGGGGTTGCAGTGGGAACTA,0,3593705
tisBp,0.1,9,9,TGGGCAGGGTAATTTGCATA,0,3568619
tisBp,0.1,9,9,TGGGAATATGCGCATGAAGG,0,3563903
tisBp,0.1,9,9,TGGCCATGCCCGGAAGATTC,0,3589382
tisBp,0.1,9,9,TGGCAGGCATTGACTCGGAC,0,3585220
tisBp,0.1,9,9,TGGATGATTCACGAACTCGA,0,3587043
tisBp,0.1,9,9,TGGATAACTCAGGGGCAGCG,0,3562163
tisBp,0.1,9,9,TGGAGCAGGTGCTTCCAAAG,0,3558270
tisBp,0.1,9,9,TGGAACCTATGAACCCGCAA,0,3582224
tisBp,0.1,9,9,TGCTTTTATGGTAGTCGAAC,0,3575517
tisBp,0.1,9,9,TGCTGGAGAAGTAGCGAAAT,0,3602234
tisBp,0.1,9,9,TGCTGCGTGCCCGGCGCGAT,0,3566470
tisBp,0.1,9,9,TGCTCTGGCAAGCTGTTAGA,0,3545162
tisBp,0.1,9,9,TGCGCTGCATAGTTTGCCGG,0,3560431
tisBp,0.1,9,9,TGCGAGTGTGTTCGGACTGA,0,3552045
tisBp,0.1,9,9,TGCCTGGATCTGGTGCAAGG,0,3590688
tisBp,0.1,9,9,TGCCTAGGGCGGCGCCCGTA,0,3576429
tisBp,0.1,9,9,TGCCGACCGTTGTGTCGGAT,0,3575590
tisBp,0.1,9,9,TGCCGACCGCCCCCGGAAAG,0,3543788
tisBp,0.1,9,9,TGCAGCAGTAGATTCATTGT,0,3600745
tisBp,0.1,9,9,TGCACCTGTATGGTCGTTGG,0,3548060
tisBp,0.1,9,9,TGATGGCTCTCGTTCTTCGG,0,3586224
tisBp,0.1,9,9,TGATCTCCGCATTATGACCA,0,3549164
tisBp,0.1,9,9,TGATCAGAACATGCCTGCGT,0,3544089
tisBp,0.1,9,9,TGATATACGTGGGGTGAAGG,0,3584747
tisBp,0.1,9,9,TGATACACGCAGTAGGACAA,0,3581425
tisBp,0.1,9,9,TGAGCTTTTGAATATTCTCA,0,3557388
tisBp,0.1,9,9,TCTTGTTGTCAAGGCTTGTG,0,3558713
tisBp,0.1,9,9,TCTTATTTGGTGTGCACGAA,0,3590013
tisBp,0.1,9,9,TCTGTAATGCGGGGCCTTAT,0,3555555
tisBp,0.1,9,9,TCTGGACCGTATTTTGAGTG,0,3564326
tisBp,0.1,9,9,TCTGCTTTGTTGTATCACTC,0,3575036
tisBp,0.1,9,9,TCTGAAAACGTATCGCTGGA,0,3584478
tisBp,0.1,9,9,TCTCGGGTTGAGCGCGGTCA,0,3586007
tisBp,0.1,9,9,TCTCGGCCCTAGTTGGTATT,0,3575386
tisBp,0.1,9,9,TCTAGTAGGCGATTGCTATG,0,3542981
tisBp,0.1,9,9,TCGTCATTGGTTAACCTGCC,0,3542661
tisBp,0.1,9,9,TCGTAGGTATTTGACGGTAC,0,3593419
tisBp,0.1,9,9,TCGGTTTTTCACTGGATAAA,0,3584639
tisBp,0.1,9,9,TCGGTGGATTACGCATCCTT,0,3569185
tisBp,0.1,9,9,TCGGTCGCAAGGGTCGAACC,0,3557072
tisBp,0.1,9,9,TCGCGGGTCGTTCGGATTCT,0,3561670
tisBp,0.1,9,9,TCGCGCCGCAGTGGGGAGTT,0,3590772
tisBp,0.1,9,9,TCGCCCAGGCAGCCCAACGA,0,3575676
tisBp,0.1,9,9,TCGCCAGTGCGACTTTGTGG,0,3582463
tisBp,0.1,9,9,TCGATTTAAGAGGGTAAAAG,0,3591085
tisBp,0.1,9,9,TCCTGTCCTCCGCTGGTGAA,0,3546003
tisBp,0.1,9,9,TCCTGAGCGTCTTGCAGAAC,0,3578901
tisBp,0.1,9,9,TCCTCTGGGGCTCATCCTCG,0,3595211
tisBp,0.1,9,9,TCCGTTCAGCCTAATCATTA,0,3545859
tisBp,0.1,9,9,TCCGACTGTGGCCCACATAT,0,3558898
tisBp,0.1,9,9,TCCCATCTACGTCAGCGTAG,0,3544162
tisBp,0.1,9,9,TCCATACTGTGTGCTCAAGG,0,3549460
tisBp,0.1,9,9,TCCAGCAAGGTAATCAGTGT,0,3571670
tisBp,0.1,9,9,TCCAAAGGAGTGTTGACCGG,0,3543710
tisBp,0.1,9,9,TCCAAACGTTTATCCATACG,0,3599337
tisBp,0.1,9,9,TCATGTAAACACCTCATACA,0,3601927
tisBp,0.1,9,9,TCATCCGCCGTGTGAGGTTT,0,3589707
tisBp,0.1,9,9,TCAGGGGGTTAAGGAAGTTA,0,3593907
tisBp,0.1,9,9,TCAGATTAAGAGCGGTTTGT,0,3550267
tisBp,0.1,9,9,TCACGCTACGACTAGATATA,0,3561929
tisBp,0.1,9,9,TCACCTGGACACGCGCCGTG,0,3561045
tisBp,0.1,9,9,TCACCGCAAGAGTGTCGTAA,0,3556162
tisBp,0.1,9,9,TCACATCTCTCGTTGGAATC,0,3549078
tisBp,0.1,9,9,TCAAGACTAAATTGGGGTCT,0,3587630
tisBp,0.1,9,9,TCAACACGCGGTGTTACCTA,0,3545498
tisBp,0.1,9,9,TATGGACCTCTCGCTCATTT,0,3578602
tisBp,0.1,9,9,TATCGTGGCAAGGTGTGCAG,0,3568294
tisBp,0.1,9,9,TATCGGTGAGCAAATTAATG,0,3551920
tisBp,0.1,9,9,TATCAAGTCCAACCCACACT,0,3585847
tisBp,0.1,9,9,TAGACCGATAGAACTAGACT,0,3550466
tisBp,0.1,9,9,TAGACAAAAGCGCGTGAAGA,0,3588632
tisBp,0.1,9,9,TAGAATTCGGTAATTGCTTA,0,3564241
tisBp,0.1,9,9,TACGGAGTAGGTGGCCATTT,0,3577084
tisBp,0.1,9,9,TACGCTGCGATTTTTCCTTT,0,3542993
tisBp,0.1,9,9,TACGCCGATCTCCGTTCTTA,0,3580597
tisBp,0.1,9,9,TACAGTTTCTCAAAGTGAGG,0,3551249
tisBp,0.1,9,9,TACAGTGGCTACATTTCCGA,0,3570794
tisBp,0.1,9,9,TACAAGGCGTATGCGACCAT,0,3572564
tisBp,0.1,9,9,TAATATTGATGAGGGCGGGC,0,3576514
tisBp,0.1,9,9,TAATATTACGTTCCGACTAT,0,3569586
tisBp,0.1,9,9,TAAGTAAATTCAGCAAAGTT,0,3549359
tisBp,0.1,9,9,TAACTAATTGCGCTATAAGT,0,3576849
tisBp,0.1,9,9,TAACGCCCGCTCGCTCTTTA,0,3601147
tisBp,0.1,9,9,TAAATGGGTACGCAGTCTGT,0,3597449
tisBp,0.1,9,9,TAAAGCTCCTTGCTTCAGGT,0,3590326
tisBp,0.1,9,9,GTTTGCGCGGCAGTTCCCTT,0,3568981
tisBp,0.1,9,9,GTTGGCCGCCGATGACTCTA,0,3552006
tisBp,0.1,9,9,GTTGCTAACAAGACATAGTC,0,3554134
tisBp,0.1,9,9,GTTGCGCTCAAGACTCTGTG,0,3585313
tisBp,0.1,9,9,GTTGATAGCATATTTATCTG,0,3588326
tisBp,0.1,9,9,GTTCCGTCTTCTCGAGTGGG,0,3592663
tisBp,0.1,9,9,GTTATAGATCCAGTCGCGGA,0,3559668
tisBp,0.1,9,9,GTGGATATAAAATCGGCATG,0,3558446
tisBp,0.1,9,9,GTGGACTACTCTATAAGTGC,0,3594329
tisBp,0.1,9,9,GTGCATCGGGCATGTAATGA,0,3594104
tisBp,0.1,9,9,GTGATCCCCGCAGCCATATC,0,3580108
tisBp,0.1,9,9,GTGACTTCCCGCAAATTCCC,0,3598896
tisBp,0.1,9,9,GTGAATGTGACACTGCTCAG,0,3572302
tisBp,0.1,9,9,GTGAATCTAGCACCGGTGAA,0,3562762
tisBp,0.1,9,9,GTCTGGTACCCAAGCTCATG,0,3594474
tisBp,0.1,9,9,GTCGTAGAGGTGGTTCGATT,0,3576941
tisBp,0.1,9,9,GTCGCGGCCTAGACTGTAAG,0,3579881
tisBp,0.1,9,9,GTCGAGACAAGGCTAAGCAA,0,3564082
tisBp,0.1,9,9,GTCCCTCGTTTGGTCCGAAT,0,3541751
tisBp,0.1,9,9,GTCCCTCCAAGTTTGGAGAG,0,3597169
tisBp,0.1,9,9,GTCCACCTACGTCCGCCGAT,0,3552085
tisBp,0.1,9,9,GTCCAACGGCGCTACCTATG,0,3582343
tisBp,0.1,9,9,GTCCAACATGAGGGTCCAAG,0,3551987
tisBp,0.1,9,9,GTCATTACATAACTCATCGC,0,3563114
tisBp,0.1,9,9,GTCATCGGTTATCCTCGATA,0,3554219
tisBp,0.1,9,9,GTCAGGTCAGACGGTACGGT,0,3567856
tisBp,0.1,9,9,GTCAGAGGTGCTTAGAGTCG,0,3569509
tisBp,0.1,9,9,GTATTCCAGTAAGTCTAATA,0,3548110
tisBp,0.1,9,9,GTATGACTCCGTTTTCTGCG,0,3586725
tisBp,0.1,9,9,GTAGGGTGGCAAAAGGTAAT,0,3548900
tisBp,0.1,9,9,GTAGACATAAGTGGGACGAA,0,3560082
tisBp,0.1,9,9,GTACCGGACATCTTACGTAA,0,3553411
tisBp,0.1,9,9,GTAACCGAGCCCGCTAGCAG,0,3544535
tisBp,0.1,9,9,GGTTTTAGGTACATCTCGAT,0,3588339
tisBp,0.1,9,9,GGTGTGCAGGCAATTGTAAA,0,3572795
tisBp,0.1,9,9,GGTGAGTCTTCCGGATGACA,0,3580907
tisBp,0.1,9,9,GGTGACCAATCTTCGGCGTG,0,3546775
tisBp,0.1,9,9,GGTGAATAGGATGTTCTTAT,0,3562401
tisBp,0.1,9,9,GGTCGTACTTCAGTCTCATG,0,3566949
tisBp,0.1,9,9,GGTATCAGTTCAATCAGCGG,0,3580312
tisBp,0.1,9,9,GGTAGGGTGCGGTATTCACT,0,3551438
tisBp,0.1,9,9,GGTAGGAAATGAAATTAGAC,0,3594939
tisBp,0.1,9,9,GGTACGGCCACCTCGATAGT,0,3559002
tisBp,0.1,9,9,GGTACGCCGTTACGTTTCAT,0,3562217
tisBp,0.1,9,9,GGTAAAAGACGATGTAGCCA,0,3549188
tisBp,0.1,9,9,GGGTTTAAATCGGCGTACCA,0,3579085
tisBp,0.1,9,9,GGGGTATGGACAATGTAAGT,0,3549536
tisBp,0.1,9,9,GGGGCTTCTTATAGGAATTG,0,3575446
tisBp,0.1,9,9,GGGGAAGCAATAGCCTGTGC,0,3568006
tisBp,0.1,9,9,GGGCTCGGCCGTCCCAGAAA,0,3551130
tisBp,0.1,9,9,GGGCGTCCGCGCGCAACTGA,0,3598805
tisBp,0.1,9,9,GGGCGGTGATACAGCCCAAT,0,3546449
tisBp,0.1,9,9,GGGCCGGATGCCCGGCGCTA,0,3584994
tisBp,0.1,9,9,GGGCAGTAGCCGTGGAGCAT,0,3594993
tisBp,0.1,9,9,GGGACTTGTTATTCGCTTGG,0,3589922
tisBp,0.1,9,9,GGCTCATGCACTTTCAAATA,0,3560559
tisBp,0.1,9,9,GGCGTTAGCGTCTGCTAGCT,0,3596041
tisBp,0.1,9,9,GGCGTTACAAATCCGTGGTC,0,3584908
tisBp,0.1,9,9,GGCGTGTTGAGGCCCGGAGG,0,3555424
tisBp,0.1,9,9,GGCGGGCGACTGGTTTATGG,0,3593149
tisBp,0.1,9,9,GGCCTCTAGCATGTCTGATA,0,3564979
tisBp,0.1,9,9,GGCCAATGCCTTGATAACGT,0,3551791
tisBp,0.1,9,9,GGCATTTACATGTACAAAGG,0,3559492
tisBp,0.1,9,9,GGCATGAGCGATTTCTCTAT,0,3593857
tisBp,0.1,9,9,GGCACAGTCCAAAAACCACA,0,3571187
tisBp,0.1,9,9,GGCACAAAACCAAGTGGACT,0,3553585
tisBp,0.1,9,9,GGCAACTCAGGGGGTCGAAT,0,3571805
tisBp,0.1,9,9,GGATGAGAGCCTGACTATCA,0,3594736
tisBp,0.1,9,9,GGATATCCATGATCTTTACT,0,3570125
tisBp,0.1,9,9,GGAGGAGCTTTGACAAGTCT,0,3592664
tisBp,0.1,9,9,GGAGGAACCTGAACCAATTG,0,3553651
tisBp,0.1,9,9,GGAGCGCACTGTAATAGCGA,0,3562776
tisBp,0.1,9,9,GGACCTCGATTGCGTCTGTC,0,3582650
tisBp,0.1,9,9,GGACCTCCTCCCGACATGGA,0,3545173
tisBp,0.1,9,9,GGAAAGTTGGGAGAAATTTG,0,3592566
tisBp,0.1,9,9,GCTTAGGTGACCAGTTTAGC,0,3569917
tisBp,0.1,9,9,GCTTAATAGAAGACCGACTG,0,3560898
tisBp,0.1,9,9,GCTGGTGGGAGTAGTCATCA,0,3575562
tisBp,0.1,9,9,GCTGAAGAGACTATGACACA,0,3579758
tisBp,0.1,9,9,GCTCTGGTTTATATAGGCTG,0,3581017
tisBp,0.1,9,9,GCTCGTCCCATGCGCTTGTT,0,3556047
tisBp,0.1,9,9,GCTCCGATAACCGGAATACA,0,3595003
tisBp,0.1,9,9,GCTCCCCACACGGCCGGTTT,0,3591577
tisBp,0.1,9,9,GCTAGCATATAAAGGCCACG,0,3590020
tisBp,0.1,9,9,GCGTTAGGGCTAGCGCGCGT,0,3568465
tisBp,0.1,9,9,GCGGCGACTACAAGGACTTT,0,3549899
tisBp,0.1,9,9,GCGCTGTTATTTTGGTACTT,0,3588423
tisBp,0.1,9,9,GCGCGTTAACTGTTGGGCTA,0,3570182
tisBp,0.1,9,9,GCGCGCTGGAGTGGCGCGCT,0,3558353
tisBp,0.1,9,9,GCGATCGGTATCTTCTATAT,0,3553517
tisBp,0.1,9,9,GCCTAGACAAAATCAGACTT,0,3589644
tisBp,0.1,9,9,GCCTACTCAAAACCAGGTAT,0,3552916
tisBp,0.1,9,9,GCCGTATGGTCAGCGTACAT,0,3546148
tisBp,0.1,9,9,GCCGCGCCACTGTAAGCCGT,0,3568355
tisBp,0.1,9,9,GCCCTTCTTGTACCGGATAA,0,3603704
tisBp,0.1,9,9,GCCCCGTTCAGACTTCATCC,0,3559425
tisBp,0.1,9,9,GCCCAATTGGGCGAGGGGAG,0,3559377
tisBp,0.1,9,9,GCCAGGCCAGTATTAGGGAG,0,3565769
tisBp,0.1,9,9,GCCACTCCTCATAGGGATTG,0,3564253
tisBp,0.1,9,9,GCCAAGGAAGGAGTTGGGCT,0,3578614
tisBp,0.1,9,9,GCATTGTTCGGAGTTATCTA,0,3555385
tisBp,0.1,9,9,GCATGCTTACCTACCCGCCA,0,3549973
tisBp,0.1,9,9,GCATCTGCGAAACATGTGGT,0,3554664
tisBp,0.1,9,9,GCACTGGTTAGAGTATGCTG,0,3545470
tisBp,0.1,9,9,GCACTCGGGGTCCCTACCAA,0,3592695
tisBp,0.1,9,9,GCACGTGGCCTCAGCTATAG,0,3591044
tisBp,0.1,9,9,GCACGGTAGGAGGGGTTGAA,0,3551344
tisBp,0.1,9,9,GCACCCGGAAACAGGAATAA,0,3550235
tisBp,0.1,9,9,GCAATCATAGGCAACGGTTA,0,3570652
tisBp,0.1,9,9,GCAATAGCAATGGCTCGGAT,0,3556209
tisBp,0.1,9,9,GCAACTTAGCGGAAAATCAC,0,3574543
tisBp,0.1,9,9,GCAACAAGGGATAAAGTGTT,0,3589051
tisBp,0.1,9,9,GATTGAGCTCACTCGTTCGT,0,3548488
tisBp,0.1,9,9,GATTCTCCAAAGATGTGGCT,0,3601520
tisBp,0.1,9,9,GATTCACAGGTTCAACCCTT,0,3589925
tisBp,0.1,9,9,GATGCAGAAGACGAGCTTTT,0,3594447
tisBp,0.1,9,9,GATAGCCCGCACCGGTGACG,0,3570356
tisBp,0.1,9,9,GATAGATACCGATCGTATGG,0,3590122
tisBp,0.1,9,9,GATAACATGGCTTGTTCGAG,0,3598593
tisBp,0.1,9,9,GAGTCGTGCGTCTTCACTGA,0,3577347
tisBp,0.1,9,9,GAGTATCGGTTTGTTGTGAA,0,3580131
tisBp,0.1,9,9,GAGGGCTGGCGTTCCATAGT,0,3548764
tisBp,0.1,9,9,GAGGGAGCCTCTGCTCTCGT,0,3547411
tisBp,0.1,9,9,GAGGCGTTGGTACAGTTCGC,0,3565056
tisBp,0.1,9,9,GAGGATGTATGAACCCACTC,0,3579704
tisBp,0.1,9,9,GAGCTTTTGATTTGCATAGC,0,3582376
tisBp,0.1,9,9,GAGCGCTATAGTATGTGTAC,0,3545412
tisBp,0.1,9,9,GAGCGCACATGATGTCGCTT,0,3570243
tisBp,0.1,9,9,GAGCGACCATGGTCAGCTAT,0,3589740
tisBp,0.1,9,9,GAGCAACAGGCCGAGAAACA,0,3569670
tisBp,0.1,9,9,GAGAGAGCGAACGTTTGGCC,0,3596336
tisBp,0.1,9,9,GAGAGAATGTACTTTGGCGG,0,3590330
tisBp,0.1,9,9,GACTGCCTTTTCAGGGTGCA,0,3579044
tisBp,0.1,9,9,GACTCTGACCAGTAGTGGGT,0,3549961
tisBp,0.1,9,9,GACGTAGAACACAACGGAGG,0,3589479
tisBp,0.1,9,9,GACGGTGTACCGAACTTCGA,0,3586100
tisBp,0.1,9,9,GACCTCTACCATTGGTTATA,0,3594759
tisBp,0.1,9,9,GACCGCGATTAGTGACAAAG,0,3563724
tisBp,0.1,9,9,GACCAAAGAGGCTGCCGGAC,0,3562434
tisBp,0.1,9,9,GACACTAAGAAAGTCTCTCA,0,3563063
tisBp,0.1,9,9,GAATATCACCGGTCTCTATT,0,3571750
tisBp,0.1,9,9,GAAGGCGTCCTATGCGTTAG,0,3596374
tisBp,0.1,9,9,GAAGATGAAACAGTCCACGG,0,3567796
tisBp,0.1,9,9,GAAGACATCCAAGTCACACT,0,3583172
tisBp,0.1,9,9,GAACTGTTTTTTTATAGGCC,0,3564385
tisBp,0.1,9,9,GAACCTCGCAGGTTTTTGGG,0,3578849
tisBp,0.1,9,9,GAACCCCCATGCACCACAAT,0,3581807
tisBp,0.1,9,9,GAAATTGCTGCAATTCCCCC,0,3578096
tisBp,0.1,9,9,GAAATCGGGCGAATCATCCA,0,3558851
tisBp,0.1,9,9,GAAATACCAGTTGACGGCTC,0,3553497
tisBp,0.1,9,9,GAAAGCGGTATGTCGGCTGG,0,3601125
tisBp,0.1,9,9,CTTTGCTCCACCAATCAGTG,0,3565451
tisBp,0.1,9,9,CTTTCAAGTCAAAGGCGCCT,0,3563676
tisBp,0.1,9,9,CTTTAGATAGATAGGGTCCC,0,3585469
tisBp,0.1,9,9,CTTGGGCATGGACGTTATCA,0,3567060
tisBp,0.1,9,9,CTTGGCTCGCCGCATGAACA,0,3582502
tisBp,0.1,9,9,CTTGGCGGATGTCCGGTCGG,0,3547359
tisBp,0.1,9,9,CTTCATCGCGGGGACCTTTT,0,3563264
tisBp,0.1,9,9,CTTCAGGCTGTGCCAGCGAG,0,3561318
tisBp,0.1,9,9,CTTATGTATCCGTGGGAGGA,0,3574374
tisBp,0.1,9,9,CTGTTGACTGTCGTACGAAT,0,3595168
tisBp,0.1,9,9,CTGTAACGCAATGTAGGAAC,0,3577755
tisBp,0.1,9,9,CTGGTTCCGTTGTTAAAGAT,0,3544852
tisBp,0.1,9,9,CTGGGCTTCCAGTACAGGAT,0,3576644
tisBp,0.1,9,9,CTGGAAGAAAAAAGGGGGTA,0,3575510
tisBp,0.1,9,9,CTGCTGGGGGCTCATGCTCA,0,3562920
tisBp,0.1,9,9,CTGCTAATATGACTCATTCG,0,3574469
tisBp,0.1,9,9,CTGCCGGATGCGCATTGGTA,0,3562215
tisBp,0.1,9,9,CTGATACAGGATTCAGTTTC,0,3594657
tisBp,0.1,9,9,CTGATAAGAGGGGTTCTGAA,0,3546928
tisBp,0.1,9,9,CTGAGTGGTCGTGGGACCAC,0,3557739
tisBp,0.1,9,9,CTGAGAACGTATTCTCCTTG,0,3586310
tisBp,0.1,9,9,CTGAATTCGGTATTTGGGCG,0,3600316
tisBp,0.1,9,9,CTCTCAATGTTAGGGAGAAC,0,3575813
tisBp,0.1,9,9,CTCGTGACACATTATCTTTT,0,3548686
tisBp,0.1,9,9,CTCGCGTGGCGTCAATACTA,0,3577489
tisBp,0.1,9,9,CTCGATATGACTAGGAAAGA,0,3546586
tisBp,0.1,9,9,CTCCTACTGACGATAGACGG,0,3603057
tisBp,0.1,9,9,CTCCAAGCCAAAGTAGTCAG,0,3586941
tisBp,0.1,9,9,CTCAGGCAGGTCGGGACGTA,0,3566386
tisBp,0.1,9,9,CTCACTACATGTTCGGCCTA,0,3564058
tisBp,0.1,9,9,CTCAACTGCTGTTGTAGCGT,0,3548274
tisBp,0.1,9,9,CTCAAAGTATTTGTAACTGA,0,3564735
tisBp,0.1,9,9,CTATTCGTCAGGAACGCAGT,0,3602606
tisBp,0.1,9,9,CTATGCTCGCGACACACAGT,0,3581553
tisBp,0.1,9,9,CTATACCAGGTATTAGCCTT,0,3571900
tisBp,0.1,9,9,CTAGTTTTGGACTCTCCAGG,0,3596576
tisBp,0.1,9,9,CTAGTCTTGATAGTTGCGAC,0,3558466
tisBp,0.1,9,9,CTAGTATGGGGCCAGGGGAT,0,3588586
tisBp,0.1,9,9,CTAGCTAGGGGGGTTGCCAT,0,3570802
tisBp,0.1,9,9,CTAGATCGTGCAATTGGGAG,0,3563299
tisBp,0.1,9,9,CTAGACGTAAGATAAGGGGG,0,3578730
tisBp,0.1,9,9,CTAACAGATCGCTCTTGTAC,0,3601086
tisBp,0.1,9,9,CTAAATACGAATGTACAAAT,0,3557104
tisBp,0.1,9,9,CTAAAAGAGGGTCGCAGCCG,0,3555584
tisBp,0.1,9,9,CGTTGGTAAGAATCTTGGGT,0,3599116
tisBp,0.1,9,9,CGTTCTCGACATCCCTCACA,0,3602479
tisBp,0.1,9,9,CGTTCGAGGGACGAAATACG,0,3580536
tisBp,0.1,9,9,CGTGTGGGAACTCCACGCCT,0,3578665
tisBp,0.1,9,9,CGTGCCACAATGAGGGCTTG,0,3547294
tisBp,0.1,9,9,CGTATGATCTCCTTAAAGAG,0,3561465
tisBp,0.1,9,9,CGTACCTATAACGCGATTAC,0,3572123
tisBp,0.1,9,9,CGGTATCCGCAGGCCTGCGA,0,3575984
tisBp,0.1,9,9,CGGGGAAAGTAGCAAATCCT,0,3571844
tisBp,0.1,9,9,CGGGAATGTACACCTACTCT,0,3561146
tisBp,0.1,9,9,CGGCTGATGGGGAGAGACCG,0,3560410
tisBp,0.1,9,9,CGGCCATTAAGGCACCCAAC,0,3579152
tisBp,0.1,9,9,CGGCATTGAGTGTCGTTCGA,0,3570292
tisBp,0.1,9,9,CGGATGAGCCAAGGCCAAGT,0,3548827
tisBp,0.1,9,9,CGGAGTTCCTAGGACCAGGC,0,3554988
tisBp,0.1,9,9,CGGACGGGCTGGGGGTTCAA,0,3556316
tisBp,0.1,9,9,CGGAAGAGCATCGATTGGTA,0,3584259
tisBp,0.1,9,9,CGCGCGATCCGGAGTATCGA,0,3570448
tisBp,0.1,9,9,CGCGAATTCTTAAGTCTCTC,0,3596337
tisBp,0.1,9,9,CGCCTTGTGACTCAGATCTC,0,3550157
tisBp,0.1,9,9,CGCCGTGGTAACAGCTGAGA,0,3596477
tisBp,0.1,9,9,CGCCCTTATCTGAGGCTGGT,0,3560728
tisBp,0.1,9,9,CGCCCTCTCCACAAAGTTCC,0,3544270
tisBp,0.1,9,9,CGCATTTCCAGAGATGGGGC,0,3577718
tisBp,0.1,9,9,CGATTTCGGCGCAGACTCCT,0,3563282
tisBp,0.1,9,9,CGATTCACATTTCATTCACT,0,3590877
tisBp,0.1,9,9,CGAGGGGCGATTACGATGTC,0,3556967
tisBp,0.1,9,9,CGAGGGCTGAATTTTCAGGC,0,3558531
tisBp,0.1,9,9,CGACTTGTTTCCCTCCCGCG,0,3584503
tisBp,0.1,9,9,CGAAGGCCGTTCATCGACGT,0,3563146
tisBp,0.1,9,9,CCTCTTAGTACAGTTGTCGC,0,3548758
tisBp,0.1,9,9,CCTCTCATTGGTGAGGTGGT,0,3566590
tisBp,0.1,9,9,CCTCTAGCACTACTTAGATA,0,3555842
tisBp,0.1,9,9,CCTCCGATAGCAGTACGTTT,0,3580114
tisBp,0.1,9,9,CCGTTGCTTGACGAGCGGGG,0,3557094
tisBp,0.1,9,9,CCGTGTATTTTAAATTTATA,0,3584023
tisBp,0.1,9,9,CCGTCTGGCGAAAATGCCTT,0,3588419
tisBp,0.1,9,9,CCGTATTATCCAAGGTTGAT,0,3592615
tisBp,0.1,9,9,CCGGTGGAGCGGAACATGGA,0,3552832
tisBp,0.1,9,9,CCGGGGACTCCGCATATCGT,0,3599338
tisBp,0.1,9,9,CCGCTTACTATTGGCGCTAC,0,3588590
tisBp,0.1,9,9,CCGCTGACGCGAGTGTAACG,0,3561059
tisBp,0.1,9,9,CCGCGTTCACACTCTACCTC,0,3577104
tisBp,0.1,9,9,CCGCACAACCTAGCCACCCT,0,3551974
tisBp,0.1,9,9,CCGAGCTCACAATGTATATC,0,3567882
tisBp,0.1,9,9,CCGACCTGCGGAAAATAGCC,0,3592747
tisBp,0.1,9,9,CCGAATCTCGATAAAGGGCT,0,3593515
tisBp,0.1,9,9,CCCGTCGGGTTAAAAAGCGG,0,3559346
tisBp,0.1,9,9,CCCGGATGATAACTACTCGA,0,3574426
tisBp,0.1,9,9,CCCCGCCTGACGAGGCTAAA,0,3580417
tisBp,0.1,9,9,CCCCATACCCCATAGATATA,0,3572132
tisBp,0.1,9,9,CCCATACTATCCATAGGGTG,0,3550204
tisBp,0.1,9,9,CCCAAGCCTTATTGAGGAAA,0,3582838
tisBp,0.1,9,9,CCCAACGGGTGCCACACAGG,0,3550779
tisBp,0.1,9,9,CCATACGATACATTGGACCT,0,3588146
tisBp,0.1,9,9,CCAGTGACGGCGGCCAAAGC,0,3549848
tisBp,0.1,9,9,CCAGAAGGCCAATCTCAGTT,0,3548031
tisBp,0.1,9,9,CCACCTCAACTCCTCCAGTT,0,3583628
tisBp,0.1,9,9,CCACCCAGCTCCACGCTGGT,0,3577396
tisBp,0.1,9,9,CCAATTGGGAGCGTCCAGGA,0,3542679
tisBp,0.1,9,9,CCAAGTCCCGAAGGGATTTT,0,3563225
tisBp,0.1,9,9,CATCAAACCATACGCCAGAT,0,3556712
tisBp,0.1,9,9,CATACCCCAGTATTTCAGAG,0,3590156
tisBp,0.1,9,9,CAGTTAATCGGGTCAAGTGT,0,3581731
tisBp,0.1,9,9,CAGTCTGCTCAAGGTAGGGG,0,3564563
tisBp,0.1,9,9,CAGGGGCTAGCTGGCGTCTC,0,3559523
tisBp,0.1,9,9,CAGGGGCTAAGGCCCTTCGC,0,3557233
tisBp,0.1,9,9,CAGGAATCACCGGTCTCATC,0,3570727
tisBp,0.1,9,9,CAGCCAAAGAGTAGTGTCGT,0,3541500
tisBp,0.1,9,9,CAGCATTGGGGAAGCGCAAG,0,3596261
tisBp,0.1,9,9,CAGCAGTATTCTCGTAACAA,0,3566048
tisBp,0.1,9,9,CAGATCCGCACGAATATTCA,0,3585148
tisBp,0.1,9,9,CAGAGTATTTTATAATGTGG,0,3585303
tisBp,0.1,9,9,CAGACGGCGTCAAATCTCTC,0,3581786
tisBp,0.1,9,9,CACGTGTGCCTTACAAAGAG,0,3541444
tisBp,0.1,9,9,CACATCAAAAGGATCACAAG,0,3580612
tisBp,0.1,9,9,CACAGGGAGGTACTGTTTTC,0,3599826
tisBp,0.1,9,9,CACAGCCTGGGAAGTTGGAC,0,3578443
tisBp,0.1,9,9,CACAAACGTAAGCGTGGTAA,0,3588836
tisBp,0.1,9,9,CAATCTAGTCACACGTAATC,0,3551784
tisBp,0.1,9,9,CAACGTGAACGCAACAGCTA,0,3574816
tisBp,0.1,9,9,CAACCAATGCGGGTATCTTA,0,3558065
tisBp,0.1,9,9,CAAATCTGAGCCTTCGAGTG,0,3593018
tisBp,0.1,9,9,ATTGTGGCCTAACATTCAGT,0,3563630
tisBp,0.1,9,9,ATTGGTGTTTGCCCCAGCTT,0,3560905
tisBp,0.1,9,9,ATTGCGGTCTTTAGGTTGTA,0,3600747
tisBp,0.1,9,9,ATTGATCCGCGCTCGGGGGA,0,3587102
tisBp,0.1,9,9,ATTCAAGGGTCATGTGCTCT,0,3591210
tisBp,0.1,9,9,ATTACACCGCACTGGAGTCC,0,3586502
tisBp,0.1,9,9,ATGTTGTAACCTGCATGTTT,0,3591003
tisBp,0.1,9,9,ATGTTGGACCGTTAATGTTC,0,3592050
tisBp,0.1,9,9,ATGTGTTGAGCAAACGTGGG,0,3567512
tisBp,0.1,9,9,ATGTGAAGGTATTATCGGCA,0,3555941
tisBp,0.1,9,9,ATGGGTTTGGAGCTGTAATT,0,3544995
tisBp,0.1,9,9,ATGGCGACAAAGTGGCCATA,0,3594950
tisBp,0.1,9,9,ATGGCATTAATGGATTCCGA,0,3599094
tisBp,0.1,9,9,ATGGAATACCCTTGCGACAT,0,3577636
tisBp,0.1,9,9,ATGCACAAGCGCCGAAATCA,0,3588906
tisBp,0.1,9,9,ATGACCTACACGACACCTGA,0,3598987
tisBp,0.1,9,9,ATGACCGGTTTGTGTACGTT,0,3542434
tisBp,0.1,9,9,ATCTATGGATCTTCCCCCAC,0,3541510
tisBp,0.1,9,9,ATCGTTAAGCAATGTTTGAG,0,3581912
tisBp,0.1,9,9,ATCGCAACTCGCCGCAGCTA,0,3591626
tisBp,0.1,9,9,ATCCTGACCAGTCAAAGGAA,0,3576289
tisBp,0.1,9,9,ATCCGGGGTGCGAACAGGCA,0,3542169
tisBp,0.1,9,9,ATCCGATTGCATCTGACCCC,0,3581194
tisBp,0.1,9,9,ATCCGAAGGCATTTACCTAC,0,3594945
tisBp,0.1,9,9,ATCATCTGACGCGACACCAG,0,3562507
tisBp,0.1,9,9,ATATTTAAGTCCATACTTGC,0,3571528
tisBp,0.1,9,9,ATATTACGAGCAGGCCAATC,0,3577994
tisBp,0.1,9,9,ATATGCCGGGAGAGACGATA,0,3559742
tisBp,0.1,9,9,ATATAGAAAGACAATACCTT,0,3543799
tisBp,0.1,9,9,ATATAATGCTCCCAAGTCAT,0,3586171
tisBp,0.1,9,9,ATAGGGTCGGTGATAATTAT,0,3598243
tisBp,0.1,9,9,ATAGGCGTTTTGACTAGGTT,0,3555119
tisBp,0.1,9,9,ATAGGCAACAGGTTGCAGTC,0,3570890
tisBp,0.1,9,9,ATAGCGACATTATGGTGTCT,0,3583881
tisBp,0.1,9,9,ATACGGCTTGGGTCGATCAA,0,3600577
tisBp,0.1,9,9,ATACCGTGAATTGGTGAAGA,0,3552949
tisBp,0.1,9,9,AGTTTGCTCAGAACAACGAT,0,3589927
tisBp,0.1,9,9,AGTTGCGCCTTGTTTCTTTG,0,3544891
tisBp,0.1,9,9,AGTTGATATTAACAGAGACC,0,3599885
tisBp,0.1,9,9,AGTTCTCCAGGTAGCTAACA,0,3583142
tisBp,0.1,9,9,AGTTATTGCGCTAGGGCTAC,0,3603855
tisBp,0.1,9,9,AGTGTAAAACTACGATCGTC,0,3554145
tisBp,0.1,9,9,AGTGGAGCGATTTCCGCGAT,0,3603127
tisBp,0.1,9,9,AGTGCGGTTGTTGATGGATG,0,3566839
tisBp,0.1,9,9,AGTGAGAACATCCATGGTGG,0,3588462
tisBp,0.1,9,9,AGTCTTTCCGGTGCGTCACA,0,3550372
tisBp,0.1,9,9,AGTCTACCGTGGATTTAACG,0,3596509
tisBp,0.1,9,9,AGTCGTCCTGCATTGTTAGC,0,3566994
tisBp,0.1,9,9,AGTCCTCAGAAACGAAAACG,0,3560299
tisBp,0.1,9,9,AGTCAAAGTCTTGGCCTATC,0,3555064
tisBp,0.1,9,9,AGTATTTGGCCTCTCCGGCC,0,3587169
tisBp,0.1,9,9,AGTACTTTGGCGATATCTAA,0,3575693
tisBp,0.1,9,9,AGGTCCTCGCCACTGAGAGC,0,3572526
tisBp,0.1,9,9,AGGTCCACCTAAAGCGTGTG,0,3572838
tisBp,0.1,9,9,AGGGTTATCAGGGAATCTGC,0,3542313
tisBp,0.1,9,9,AGGGTCTTGATGAGGTGTGC,0,3560432
tisBp,0.1,9,9,AGGGGTTTTATCGTGTGGCA,0,3603178
tisBp,0.1,9,9,AGGGCGGGTAATTCTTACCT,0,3546585
tisBp,0.1,9,9,AGGGACATAGTTGCAGGATG,0,3588334
tisBp,0.1,9,9,AGGCGTAAACCTTCCTCGAA,0,3593759
tisBp,0.1,9,9,AGGCGCGAAAGGTAACGTGT,0,3555011
tisBp,0.1,9,9,AGGCGACCGGCGAATGGACA,0,3602755
tisBp,0.1,9,9,AGGAATCGTGGGAACCTGAA,0,3592194
tisBp,0.1,9,9,AGGAATCGAAACTGCAGTCT,0,3565132
tisBp,0.1,9,9,AGGAAGCTCGAACAAAATTC,0,3591348
tisBp,0.1,9,9,AGGAAGCGCGGAGTCTAAAT,0,3599421
tisBp,0.1,9,9,AGGAACTACATGTATTAGCT,0,3553919
tisBp,0.1,9,9,AGCGTCGCCTGTCGCTCTGT,0,3594625
tisBp,0.1,9,9,AGCCTCTCCCCCCGCAAATT,0,3583297
tisBp,0.1,9,9,AGCCTACGGCCGTTGACATT,0,3585327
tisBp,0.1,9,9,AGCCCTTGGTCGGCCCAGTA,0,3548295
tisBp,0.1,9,9,AGCCATATCCAGGAGGCGGT,0,3580233
tisBp,0.1,9,9,AGCCAGCATACTGTAGACCA,0,3549879
tisBp,0.1,9,9,AGCCAAGTTGGGTAGGACGA,0,3569448
tisBp,0.1,9,9,AGCAGGCGGATTCTAGCTGG,0,3579434
tisBp,0.1,9,9,AGCACTCTGGTGTATGGATC,0,3591822
tisBp,0.1,9,9,AGCACACGTAAAGTTGAAAT,0,3600721
tisBp,0.1,9,9,AGATCTTCGCAGCCAGCCGG,0,3601031
tisBp,0.1,9,9,AGATCGGCAGCATGCCAAGG,0,3542015
tisBp,0.1,9,9,AGATCGCGCTCATAACAGGA,0,3588045
tisBp,0.1,9,9,AGATAGCGGGCGGAGATCTC,0,3585255
tisBp,0.1,9,9,AGATAAACTTTTCGCTCGTA,0,3585517
tisBp,0.1,9,9,AGAGGTGGGTGCATGTATGG,0,3576937
tisBp,0.1,9,9,AGAGACAAGTCGCCGGGGTC,0,3543930
tisBp,0.1,9,9,AGACTTGCGGAGTATGAGAA,0,3559262
tisBp,0.1,9,9,ACTTACGTGCTATAGATTGG,0,3549745
tisBp,0.1,9,9,ACTTACCCAATCTCGGCAGT,0,3587180
tisBp,0.1,9,9,ACTTAACAATTGGGAGACGT,0,3561983
tisBp,0.1,9,9,ACTGTTCTCATACCACTGCT,0,3552087
tisBp,0.1,9,9,ACTCAATAGCGCAGAGCTAA,0,3547957
tisBp,0.1,9,9,ACTAGCAGGCTTGTTCGGAC,0,3597804
tisBp,0.1,9,9,ACTACGGTCGAAAATTTGAG,0,3583133
tisBp,0.1,9,9,ACTACACGTAGCCCCGCTAA,0,3562267
tisBp,0.1,9,9,ACTAATAATTCTCTATCTGA,0,3595236
tisBp,0.1,9,9,ACGTTTCGCTGGTGCAGTTG,0,3558460
tisBp,0.1,9,9,ACGTCCCGCCTAGGTCTTGG,0,3582025
tisBp,0.1,9,9,ACGTCCACTGATGGGAAAAG,0,3580105
tisBp,0.1,9,9,ACGTCATGTGCAGTCTCTGA,0,3587342
tisBp,0.1,9,9,ACGTACTATGCAGCTGGGTT,0,3563715
tisBp,0.1,9,9,ACGGTTTTTATGCGAGTGGG,0,3587899
tisBp,0.1,9,9,ACGGTAGAAGAACCCTGGGG,0,3587604
tisBp,0.1,9,9,ACGGGATACACCTCGGGTGC,0,3571651
tisBp,0.1,9,9,ACGGGACAACAGACTCTTTC,0,3600062
tisBp,0.1,9,9,ACGCGCAAGTTATCACTGTA,0,3567079
tisBp,0.1,9,9,ACGCATTGATTGACGGGAAT,0,3596551
tisBp,0.1,9,9,ACGCAGCACTTAGCGATTCG,0,3545084
tisBp,0.1,9,9,ACGATGTGGTACAGTACCCG,0,3544002
tisBp,0.1,9,9,ACGAGTCGATGCCATGTATT,0,3545210
tisBp,0.1,9,9,ACCTTTATGAACACGGTGCA,0,3560608
tisBp,0.1,9,9,ACCTCTGCGCACAGTGCGCA,0,3553108
tisBp,0.1,9,9,ACCTAACGCTTTCCAATTAT,0,3585259
tisBp,0.1,9,9,ACCGAGACGTGGGTGAAAAA,0,3561944
tisBp,0.1,9,9,ACCCTAGCGAATCTGTTAAA,0,3543429
tisBp,0.1,9,9,ACCCGCGGACGATTGCATAC,0,3549235
tisBp,0.1,9,9,ACCCCCGCAACTGTTTGCAT,0,3553612
tisBp,0.1,9,9,ACCATTCCCTCGACCTGCCG,0,3579825
tisBp,0.1,9,9,ACCACCATTAGCTAGTGAAC,0,3555198
tisBp,0.1,9,9,ACATCCGTTTTTTATTAGCA,0,3588620
tisBp,0.1,9,9,ACAGTACGGGCTGTAGCTCA,0,3559227
tisBp,0.1,9,9,ACAGCTAGGTCCATCTCGTA,0,3560207
tisBp,0.1,9,9,ACACTAGCTCAATGTTATGC,0,3570612
tisBp,0.1,9,9,ACAATCTTTAAAGTCTCAAC,0,3579576
tisBp,0.1,9,9,AATTTCATTTGCGGTACGTG,0,3560291
tisBp,0.1,9,9,AATTCGGATGCTAAGTAGTA,0,3591995
tisBp,0.1,9,9,AATTAATGCTATTGTAGGTA,0,3599869
tisBp,0.1,9,9,AATGGAAGCTCCGTCTAGTT,0,3574256
tisBp,0.1,9,9,AATCTGTAGTAAATAAGGCT,0,3592457
tisBp,0.1,9,9,AATCCTGAAATCCAAGGAGT,0,3564489
tisBp,0.1,9,9,AATCAGTCCAATGTCAGGCC,0,3561008
tisBp,0.1,9,9,AATACAAGGGTTCCCTTTTT,0,3562610
tisBp,0.1,9,9,AAGGTAGTGAGTACTTGTGT,0,3563439
tisBp,0.1,9,9,AAGGGAGTTCCTATATGGCC,0,3581757
tisBp,0.1,9,9,AAGCGCTTGAAAGTCAACAC,0,3544241
tisBp,0.1,9,9,AAGATGGACACCCGTTTAAA,0,3551900
tisBp,0.1,9,9,AAGATCTATCTATAGTATTA,0,3560674
tisBp,0.1,9,9,AAGAGTGATAGTGCCACGTT,0,3594237
tisBp,0.1,9,9,AACGGGATTTTAAACATTAT,0,3580524
tisBp,0.1,9,9,AAATGGTCTTCGTGGCCTAA,0,3543142
tisBp,0.1,9,9,AAATCTCAGGAAGCTCCATG,0,3590337
tisBp,0.1,9,9,AAAGTTAATCGGCCGCGGGG,0,3587368
tisBp,0.1,9,9,AAACTCGCTACGTTTGTTCC,0,3594742
tisBp,0.1,9,9,AAACGATATGCCTGCAACCT,0,3556487
tisBp,0.1,9,9,AAACCCCAGCTTAAGCGGCC,0,3543430
tisBp,0.1,9,9,AAACCAGCTTCGGCAGTAGA,0,3592930
tisBp,0.1,9,9,AAACATGCGGGATACGGTCA,0,3567070
tisBp,0.1,9,9,AAACAGGGAGTTTATGCAAG,0,3603142
tisBp,0.1,9,9,AAAATCCCAGTCTGGGGAAA,0,3553331
tisBp,0.1,9,9,AAAACTATTCCTTCCGGCCA,0,3587980
tisBp,0.1,9,9,AAAAACGATGAGTACTCCGT,0,3592345
tisBp,0.1111111111111111,8,8,TTTTTCATCCAAGTCGAGCG,0,3599571
tisBp,0.1111111111111111,8,8,TTTTTCACATTCCACGATCG,0,3574513
tisBp,0.1111111111111111,8,8,TTTTGGGTGTCTAATGTTAA,0,3581502
tisBp,0.1111111111111111,8,8,TTTTGCTTTCAGCTTGCTTG,0,3550945
tisBp,0.1111111111111111,8,8,TTTTCACTCGCGGTATAGGC,0,3559291
tisBp,0.1111111111111111,8,8,TTTTCAAGGTGGCGCCAGCA,0,3589689
tisBp,0.1111111111111111,8,8,TTTGCGCGCCTCAGATTGTG,0,3553982
tisBp,0.1111111111111111,8,8,TTTCGGCCTAGTACTCTCGC,0,3564556
tisBp,0.1111111111111111,8,8,TTTCCACGGCCAAACGATCT,0,3563152
tisBp,0.1111111111111111,8,8,TTTCAGTAGTAATAGGTCAT,0,3572784
tisBp,0.1111111111111111,8,8,TTTATCTAACTGTGCTACGA,0,3543809
tisBp,0.1111111111111111,8,8,TTTAGATGTTGAATAGAAAA,0,3597084
tisBp,0.1111111111111111,8,8,TTTACGCTACGGCAGTGGGT,0,3599006
tisBp,0.1111111111111111,8,8,TTTAATGAAAGCAAGGTCCC,0,3561050
tisBp,0.1111111111111111,8,8,TTTAATCAGAAAAGGACTTA,0,3546907
tisBp,0.1111111111111111,8,8,TTTAAACGTAACCCAAAAAG,0,3571811
tisBp,0.1111111111111111,8,8,TTGTTCTGATACACCCGGAC,0,3563464
tisBp,0.1111111111111111,8,8,TTGTGGGCAGCCATGGGTGG,0,3559949
tisBp,0.1111111111111111,8,8,TTGTGACTTCCGAACATCAT,0,3597494
tisBp,0.1111111111111111,8,8,TTGTCTCTTGAACTGAGTGA,0,3573735
tisBp,0.1111111111111111,8,8,TTGTAGTACGTCCAGCTATA,0,3598182
tisBp,0.1111111111111111,8,8,TTGGTCCAGGCTGTGTCGCC,0,3593503
tisBp,0.1111111111111111,8,8,TTGCTGGGCTCACGAACCCT,0,3602974
tisBp,0.1111111111111111,8,8,TTGCTAACCACACGGGTGGG,0,3555677
tisBp,0.1111111111111111,8,8,TTGCGGGAAACCGATTTGCT,0,3559791
tisBp,0.1111111111111111,8,8,TTGAGGGGACGGCTTACATC,0,3584455
tisBp,0.1111111111111111,8,8,TTGAGGACCGTCGGCCTTGA,0,3592373
tisBp,0.1111111111111111,8,8,TTGAATTGTAGACTATACTG,0,3548859
tisBp,0.1111111111111111,8,8,TTGAATTCTGGTGTTAAACT,0,3583551
tisBp,0.1111111111111111,8,8,TTGAAGTCCGACTTTTGAAA,0,3546867
tisBp,0.1111111111111111,8,8,TTCTTTATGCACGGCCTTTA,0,3547031
tisBp,0.1111111111111111,8,8,TTCTTCTAGACGAAAGCAGA,0,3596494
tisBp,0.1111111111111111,8,8,TTCTCGGCTTTGCCACTTGT,0,3572157
tisBp,0.1111111111111111,8,8,TTCTCCATCCCGCAAACAGT,0,3574282
tisBp,0.1111111111111111,8,8,TTCTATTTGTATAGCACCGG,0,3571299
tisBp,0.1111111111111111,8,8,TTCTATTGGCAATGAAATAG,0,3555366
tisBp,0.1111111111111111,8,8,TTCGGCCCGGACACTAAAAC,0,3576891
tisBp,0.1111111111111111,8,8,TTCGCTGCCCTGCTACTCTA,0,3565577
tisBp,0.1111111111111111,8,8,TTCGATCATAACGGCAAACT,0,3577439
tisBp,0.1111111111111111,8,8,TTCGAACTCGCCGAGTTAAA,0,3599668
tisBp,0.1111111111111111,8,8,TTCCGGTACAAGGTCTTCTA,0,3579594
tisBp,0.1111111111111111,8,8,TTCCGGATTATGGTAAGAGA,0,3584945
tisBp,0.1111111111111111,8,8,TTCCGCAGATACCGGTTATA,0,3591302
tisBp,0.1111111111111111,8,8,TTCATGGAGGCATAGCCAAC,0,3555416
tisBp,0.1111111111111111,8,8,TTCACGGCTCCTATGCAAGT,0,3597716
tisBp,0.1111111111111111,8,8,TTATTTTGAGCAGGTTATAG,0,3568167
tisBp,0.1111111111111111,8,8,TTATCCAAGTTCATTAAAAC,0,3564820
tisBp,0.1111111111111111,8,8,TTATATTCTCGCATGCCTTA,0,3596536
tisBp,0.1111111111111111,8,8,TTATACCAGACCTAGATGAA,0,3600339
tisBp,0.1111111111111111,8,8,TTAGCTCACCGCAGAGGGGG,0,3549916
tisBp,0.1111111111111111,8,8,TTAGCCGATTTCCGTAACAA,0,3581357
tisBp,0.1111111111111111,8,8,TTAGCAGATCTAAGACTATA,0,3584864
tisBp,0.1111111111111111,8,8,TTAGAACGCGCAATTTATGG,0,3584996
tisBp,0.1111111111111111,8,8,TTACGGACCTTCAAGGACTC,0,3575174
tisBp,0.1111111111111111,8,8,TTAAGTCTGCAAAAGACGAA,0,3555074
tisBp,0.1111111111111111,8,8,TGTTTTTCGCGATTTATTTT,0,3586682
tisBp,0.1111111111111111,8,8,TGTTGCCTGTGCCAGCAGCC,0,3568090
tisBp,0.1111111111111111,8,8,TGTTCGAGGCGTCATGGTGC,0,3572043
tisBp,0.1111111111111111,8,8,TGTGGTCCGTTTAACGAGCA,0,3555343
tisBp,0.1111111111111111,8,8,TGTGGCAGCATTACGGTAGT,0,3552747
tisBp,0.1111111111111111,8,8,TGTCTGTCAGCTTCCTATCG,0,3571108
tisBp,0.1111111111111111,8,8,TGTCCGGGCGATCATTTGAA,0,3586144
tisBp,0.1111111111111111,8,8,TGTCCCTCCTAAATAGGACA,0,3588622
tisBp,0.1111111111111111,8,8,TGTCATCGCGGCAATCTTTA,0,3544855
tisBp,0.1111111111111111,8,8,TGTCAGGAGACGTGGACTAC,0,3562095
tisBp,0.1111111111111111,8,8,TGGTAAGCTTGGACTGCCTT,0,3547460
tisBp,0.1111111111111111,8,8,TGGGAAATGTCATCACTCCT,0,3595457
tisBp,0.1111111111111111,8,8,TGGCGTTATCCCCACAAACC,0,3583701
tisBp,0.1111111111111111,8,8,TGGCGCTCTTGCAGGACGAT,0,3573861
tisBp,0.1111111111111111,8,8,TGGCCATGCTAGCTGTCTCG,0,3585797
tisBp,0.1111111111111111,8,8,TGGATCTACCATTGGGAACA,0,3570887
tisBp,0.1111111111111111,8,8,TGGACTACCAACAGGCATCT,0,3579707
tisBp,0.1111111111111111,8,8,TGGACCACTCGCGAGATGGT,0,3600244
tisBp,0.1111111111111111,8,8,TGCTGGCCATTTCCTTCCCG,0,3571724
tisBp,0.1111111111111111,8,8,TGCTGCCACTACGCTCGTGC,0,3592649
tisBp,0.1111111111111111,8,8,TGCGCGGCGTATGTGCCTGC,0,3572779
tisBp,0.1111111111111111,8,8,TGCGACAGGTTATCATGTTT,0,3603354
tisBp,0.1111111111111111,8,8,TGCCCTGGGCCCTTAGGCCA,0,3559189
tisBp,0.1111111111111111,8,8,TGCCACTCACACAGACCAAT,0,3577497
tisBp,0.1111111111111111,8,8,TGCATCGCAGTACATTTATC,0,3595533
tisBp,0.1111111111111111,8,8,TGCACCGATTTTAGGCCCTG,0,3584504
tisBp,0.1111111111111111,8,8,TGCAAGCCGTAATTCTTCTC,0,3586096
tisBp,0.1111111111111111,8,8,TGCAACTTTTTTGTGATTTT,0,3545035
tisBp,0.1111111111111111,8,8,TGCAAACAATGTCTGCGCCT,0,3566879
tisBp,0.1111111111111111,8,8,TGATTACCCACGTATGCCGG,0,3568887
tisBp,0.1111111111111111,8,8,TGATGCTAGTATTGGGTGGT,0,3545627
tisBp,0.1111111111111111,8,8,TGATCGCTATGTGTAAGAAT,0,3574623
tisBp,0.1111111111111111,8,8,TGATCATAAGAAGACAACCT,0,3546417
tisBp,0.1111111111111111,8,8,TGAGTTGATCTTACCGGCGC,0,3559154
tisBp,0.1111111111111111,8,8,TGAGGTAGTTAAGATCTATT,0,3588647
tisBp,0.1111111111111111,8,8,TGAGGGTACCTTCGGGGGTG,0,3592658
tisBp,0.1111111111111111,8,8,TGAGCGTACTCTTGTCATTG,0,3572844
tisBp,0.1111111111111111,8,8,TGAGCGAATAGAACGACAAA,0,3584248
tisBp,0.1111111111111111,8,8,TGAGAGAAACATCCGGCATA,0,3574824
tisBp,0.1111111111111111,8,8,TGACGGGGGACACCTGGGTA,0,3565629
tisBp,0.1111111111111111,8,8,TGACAAAGCGCATGGCTAAG,0,3574823
tisBp,0.1111111111111111,8,8,TGAAGACGCGCATGCTTACG,0,3575196
tisBp,0.1111111111111111,8,8,TCTTTTAGCTGCTCTACGGG,0,3571804
tisBp,0.1111111111111111,8,8,TCTTGAACGGGGTAACCGAT,0,3543303
tisBp,0.1111111111111111,8,8,TCTTCGAGTTCGGAATCTAT,0,3601721
tisBp,0.1111111111111111,8,8,TCTGTGATAGGTTCGGACTG,0,3595094
tisBp,0.1111111111111111,8,8,TCTGATTTAGGTTTCATGTG,0,3585547
tisBp,0.1111111111111111,8,8,TCTGACCGCAAAAATTTCAT,0,3602788
tisBp,0.1111111111111111,8,8,TCTGACATGGACGAATAAGA,0,3598350
tisBp,0.1111111111111111,8,8,TCTCTACGTTCGGAATCAGC,0,3581041
tisBp,0.1111111111111111,8,8,TCTAATGGAAACGGCCCCTT,0,3558124
tisBp,0.1111111111111111,8,8,TCTAACAGCAGGCGCCTCTT,0,3550414
tisBp,0.1111111111111111,8,8,TCGTTAGGAAGCTGGGATGA,0,3573554
tisBp,0.1111111111111111,8,8,TCGTGTGAATCAAAGTTTAC,0,3591059
tisBp,0.1111111111111111,8,8,TCGTGGTCAAACGAGGAGTC,0,3569976
tisBp,0.1111111111111111,8,8,TCGGTTACTGTTTAAGCTAA,0,3576177
tisBp,0.1111111111111111,8,8,TCGGGCAGGTAGTCCCGATC,0,3578080
tisBp,0.1111111111111111,8,8,TCGAGTGGGCTTAGCATTAT,0,3558380
tisBp,0.1111111111111111,8,8,TCGAGTATCGAATGCAATGT,0,3577150
tisBp,0.1111111111111111,8,8,TCGAGCCTTCGCGCAGCCGA,0,3578939
tisBp,0.1111111111111111,8,8,TCGACTACTCAGACCAGGAT,0,3591253
tisBp,0.1111111111111111,8,8,TCCTTTAACACTCTAATCAG,0,3551193
tisBp,0.1111111111111111,8,8,TCCTCGATCTGCTTGCTGAA,0,3580250
tisBp,0.1111111111111111,8,8,TCCGAATGTCATATGCGAAG,0,3597262
tisBp,0.1111111111111111,8,8,TCCCTTGTGTGCCCATCAAC,0,3575098
tisBp,0.1111111111111111,8,8,TCCCTGATATCCTAAGGCTC,0,3591256
tisBp,0.1111111111111111,8,8,TCCCGGCCGCCCAAGAAGGT,0,3601237
tisBp,0.1111111111111111,8,8,TCCCGAGAAGATACGCACAC,0,3573895
tisBp,0.1111111111111111,8,8,TCCCGAACCCACGAAAGGGA,0,3564776
tisBp,0.1111111111111111,8,8,TCATTAGCTTGACGGGTCTC,0,3541404
tisBp,0.1111111111111111,8,8,TCATTAGAGATATCGGAAGA,0,3544620
tisBp,0.1111111111111111,8,8,TCATCACCTTCCACAATGTG,0,3564049
tisBp,0.1111111111111111,8,8,TCAGTCTTCGGCCAGATGTG,0,3576397
tisBp,0.1111111111111111,8,8,TCACCTCTAAGTTATCTTCG,0,3550976
tisBp,0.1111111111111111,8,8,TCACCACTGCCAATCCTATG,0,3585479
tisBp,0.1111111111111111,8,8,TCACAGGACCATTAAGCGAT,0,3565710
tisBp,0.1111111111111111,8,8,TCACACGGAGTCAGAGTACC,0,3595296
tisBp,0.1111111111111111,8,8,TATTTTAGGAGCAACGTTGA,0,3558706
tisBp,0.1111111111111111,8,8,TATTTCTTGAGGAGGCTTAG,0,3566234
tisBp,0.1111111111111111,8,8,TATTCTCCCAGGGTTCCTTT,0,3567057
tisBp,0.1111111111111111,8,8,TATGTTCTGAGTGTATCCCT,0,3572451
tisBp,0.1111111111111111,8,8,TATGAATTCTGCTCAGTTCC,0,3572845
tisBp,0.1111111111111111,8,8,TATCCCGCGATGCTCCCTCG,0,3599712
tisBp,0.1111111111111111,8,8,TATCAGGGGCACAATCGATG,0,3572919
tisBp,0.1111111111111111,8,8,TATCAAGGCGCCATTTAAGG,0,3542013
tisBp,0.1111111111111111,8,8,TATAATATCATGGTGGCAAC,0,3599173
tisBp,0.1111111111111111,8,8,TATAAGTGTGACTAATTCAT,0,3599618
tisBp,0.1111111111111111,8,8,TAGGGGCAAAGTAAGGATAT,0,3565979
tisBp,0.1111111111111111,8,8,TAGGCTGTTTCCCGGATACT,0,3582757
tisBp,0.1111111111111111,8,8,TAGGCTCGGAAGTTGGGCGT,0,3551926
tisBp,0.1111111111111111,8,8,TAGGCTAAACCGAACAGGTT,0,3589990
tisBp,0.1111111111111111,8,8,TAGGCGCAAGACGCAATTGC,0,3547901
tisBp,0.1111111111111111,8,8,TAGCTGCAAGCTCTATAACT,0,3589981
tisBp,0.1111111111111111,8,8,TAGCAAGACGACAAAGGTTG,0,3597450
tisBp,0.1111111111111111,8,8,TAGAGATGGTAGTGTGATTT,0,3580107
tisBp,0.1111111111111111,8,8,TAGACATTATCCAAAGCCAA,0,3549092
tisBp,0.1111111111111111,8,8,TAGACAACGACCGTTCAAGG,0,3569068
tisBp,0.1111111111111111,8,8,TAGAAGGATCAAAAGTTGTA,0,3598371
tisBp,0.1111111111111111,8,8,TAGAAGCAAGTTCTCTCTCC,0,3560255
tisBp,0.1111111111111111,8,8,TACTGAAGCATTAACTAGCA,0,3594229
tisBp,0.1111111111111111,8,8,TACTAAAGGACACTCTGGCG,0,3580100
tisBp,0.1111111111111111,8,8,TACGGTGGGGCGTGAAATGG,0,3589944
tisBp,0.1111111111111111,8,8,TACCCGATAGAGCTGAGGAG,0,3561331
tisBp,0.1111111111111111,8,8,TACATGCTCATTAGGCATGC,0,3599398
tisBp,0.1111111111111111,8,8,TACATAGGGGGTTTCGGATG,0,3577723
tisBp,0.1111111111111111,8,8,TAATTCCCTAAACAAGGTCA,0,3591574
tisBp,0.1111111111111111,8,8,TAATCTACCTGTTCTTGTTA,0,3597415
tisBp,0.1111111111111111,8,8,TAATCGGAATTGGAAATTCC,0,3546908
tisBp,0.1111111111111111,8,8,TAATCGAACTCTCCGAATAC,0,3550849
tisBp,0.1111111111111111,8,8,TAATAACAGAAGGCATACCT,0,3590301
tisBp,0.1111111111111111,8,8,TAAGGTATTACTTAGGCGAC,0,3553739
tisBp,0.1111111111111111,8,8,TAAGGGTCCATTCAGCTCGT,0,3558669
tisBp,0.1111111111111111,8,8,TAAGGAATTCGACCAGGTCT,0,3557704
tisBp,0.1111111111111111,8,8,TAAGCTTCAATCCCACCTCG,0,3569159
tisBp,0.1111111111111111,8,8,TAACCGCTATCTCATGAATC,0,3544886
tisBp,0.1111111111111111,8,8,TAAAGTCCTGTGATCTTGAT,0,3566605
tisBp,0.1111111111111111,8,8,TAAACGTACTAACACCCGGA,0,3566492
tisBp,0.1111111111111111,8,8,TAAACGATACAGTCCTGCGG,0,3545400
tisBp,0.1111111111111111,8,8,TAAAATATACCATAGGCGCA,0,3575817
tisBp,0.1111111111111111,8,8,GTTGGCTGTAATCTTCCGAG,0,3583477
tisBp,0.1111111111111111,8,8,GTTGCCCACACAATAGAATT,0,3573775
tisBp,0.1111111111111111,8,8,GTTGAGGACTTTTCTTGCCT,0,3577758
tisBp,0.1111111111111111,8,8,GTTCTTGCTCTACGCAACTA,0,3588820
tisBp,0.1111111111111111,8,8,GTTCCTGGTAGGGTGTCATG,0,3564504
tisBp,0.1111111111111111,8,8,GTTCACGCGGGAAGAGAGCT,0,3571526
tisBp,0.1111111111111111,8,8,GTTCAATTCGTGTCCATAAT,0,3585559
tisBp,0.1111111111111111,8,8,GTTCAACGGGAGATCCAGTT,0,3590236
tisBp,0.1111111111111111,8,8,GTTATGCTATATCATTGGTT,0,3559400
tisBp,0.1111111111111111,8,8,GTGTTTCTGTTCTCATCATC,0,3575367
tisBp,0.1111111111111111,8,8,GTGTCGTTCGTCTGGGTATG,0,3582533
tisBp,0.1111111111111111,8,8,GTGGGATGGCGGCCAGTTGA,0,3564315
tisBp,0.1111111111111111,8,8,GTGGCAGATGATGAATTAGG,0,3592707
tisBp,0.1111111111111111,8,8,GTGGAGCCCGAAATACAGCT,0,3587687
tisBp,0.1111111111111111,8,8,GTGCTGGTAGCCTCCGAAGA,0,3584033
tisBp,0.1111111111111111,8,8,GTGATTTGATAGGCTTTCTT,0,3550264
tisBp,0.1111111111111111,8,8,GTGAAAAGTGAGGGTCATTC,0,3562572
tisBp,0.1111111111111111,8,8,GTCTTTGCTTTACTGTATCA,0,3580673
tisBp,0.1111111111111111,8,8,GTCTGTCAGTCCGTAAGCTA,0,3554618
tisBp,0.1111111111111111,8,8,GTCGGGAGGATCTCAGTTGA,0,3589147
tisBp,0.1111111111111111,8,8,GTCGATTAAACTGGGGAGTC,0,3549000
tisBp,0.1111111111111111,8,8,GTCCCTAGGACATCCGGCTG,0,3595642
tisBp,0.1111111111111111,8,8,GTCCAACGACCCCATACGGG,0,3546502
tisBp,0.1111111111111111,8,8,GTCATGGGGATTACTCGTCC,0,3568688
tisBp,0.1111111111111111,8,8,GTCAATGCGCTAATGCGATT,0,3602212
tisBp,0.1111111111111111,8,8,GTATGGCAGGTGCGCCAGCC,0,3593570
tisBp,0.1111111111111111,8,8,GTATCATCCCCAAAGAAATG,0,3559559
tisBp,0.1111111111111111,8,8,GTAGGTATTGTACGCTGTAT,0,3548576
tisBp,0.1111111111111111,8,8,GTAGAGTTGCCCCATTTTGA,0,3545355
tisBp,0.1111111111111111,8,8,GTAGACCTTTACCGGTTCGC,0,3553413
tisBp,0.1111111111111111,8,8,GTACTCTAAGAATCAGCGCA,0,3573638
tisBp,0.1111111111111111,8,8,GTAAGGGTTTCGGCCCGAGT,0,3545815
tisBp,0.1111111111111111,8,8,GTAAGGGCATGCCATAATTA,0,3547407
tisBp,0.1111111111111111,8,8,GTAAGGCCTTGGTGCTGCTG,0,3541923
tisBp,0.1111111111111111,8,8,GTAAGGACAGGATAACTCTT,0,3592001
tisBp,0.1111111111111111,8,8,GTAACCGTGGTTATTGGTCA,0,3552911
tisBp,0.1111111111111111,8,8,GGTTTTGAAAACTGTGAAGT,0,3549967
tisBp,0.1111111111111111,8,8,GGTTGCCATACTACTACGAT,0,3589975
tisBp,0.1111111111111111,8,8,GGTTATAGTCTGGGTCACTT,0,3544885
tisBp,0.1111111111111111,8,8,GGTCGATAGGTCGCCGAGGA,0,3557188
tisBp,0.1111111111111111,8,8,GGTCCGTATATAACGGCACG,0,3547675
tisBp,0.1111111111111111,8,8,GGTCAATCAAAAATCAGTAT,0,3546228
tisBp,0.1111111111111111,8,8,GGTCAACATAACAGATTTAT,0,3551391
tisBp,0.1111111111111111,8,8,GGTATAGATATGCTGCGCTC,0,3597893
tisBp,0.1111111111111111,8,8,GGTACTGAACTTTCCCGGTC,0,3592994
tisBp,0.1111111111111111,8,8,GGGTATAAGTTCTGCTCTAT,0,3578007
tisBp,0.1111111111111111,8,8,GGGGGCGCCATGAATACCAG,0,3543327
tisBp,0.1111111111111111,8,8,GGGGAGTGGTCAACCCAACA,0,3574311
tisBp,0.1111111111111111,8,8,GGGCTCACGAACTGCTCAGT,0,3561732
tisBp,0.1111111111111111,8,8,GGGCCGCTCCTACATGAATG,0,3556809
tisBp,0.1111111111111111,8,8,GGGCCAGACATCGTAGACAC,0,3580581
tisBp,0.1111111111111111,8,8,GGGCACGGTGGGAGGACTCA,0,3563118
tisBp,0.1111111111111111,8,8,GGGATTAGGCAGCTCGAATA,0,3571894
tisBp,0.1111111111111111,8,8,GGGAGAAGACAGGGGACCCT,0,3550943
tisBp,0.1111111111111111,8,8,GGGACCAGGCCCTTAGAAAA,0,3544602
tisBp,0.1111111111111111,8,8,GGGAAGATCTCTGATCGCCT,0,3556615
tisBp,0.1111111111111111,8,8,GGGAACGGCGACTAGCTTAG,0,3583115
tisBp,0.1111111111111111,8,8,GGCTGTGGTTTCCCATGCTC,0,3586516
tisBp,0.1111111111111111,8,8,GGCTAGGCGCATTAGACAAG,0,3573248
tisBp,0.1111111111111111,8,8,GGCGTTCCTGGGGTGATTTT,0,3547002
tisBp,0.1111111111111111,8,8,GGCGTAGAGTATACCCGTGG,0,3564797
tisBp,0.1111111111111111,8,8,GGCGGGCCAGTGAAGGTTGT,0,3574806
tisBp,0.1111111111111111,8,8,GGCCCGTCAGAGGAGACTTA,0,3589301
tisBp,0.1111111111111111,8,8,GGCCATAGGTCAGAGGTTCA,0,3575826
tisBp,0.1111111111111111,8,8,GGCATTGCCTATGTTGGGCT,0,3551500
tisBp,0.1111111111111111,8,8,GGCACCGGAACGAGACCATG,0,3582406
tisBp,0.1111111111111111,8,8,GGCACCAACCCGCGAGCACG,0,3553352
tisBp,0.1111111111111111,8,8,GGATGGAATATAACCGAAAG,0,3567890
tisBp,0.1111111111111111,8,8,GGATGCTACTGAAAAGGAGG,0,3565623
tisBp,0.1111111111111111,8,8,GGAGGTGTAGTCTGCTAATG,0,3572347
tisBp,0.1111111111111111,8,8,GGAGGGATCAGCTCTGCACG,0,3578771
tisBp,0.1111111111111111,8,8,GGACGGGTCCTTATGAGAGA,0,3554126
tisBp,0.1111111111111111,8,8,GGACAAGGGACTGCGCTCGC,0,3564595
tisBp,0.1111111111111111,8,8,GGAATTCGCGATTTCGTACA,0,3597383
tisBp,0.1111111111111111,8,8,GGAAGGTGAAGGGTGGGCGG,0,3574242
tisBp,0.1111111111111111,8,8,GGAAAAGAGGACCTCACTGT,0,3563723
tisBp,0.1111111111111111,8,8,GCTGTATAAATTTGGTTCAG,0,3551850
tisBp,0.1111111111111111,8,8,GCTCCAGCGGTGACTAGCTG,0,3564749
tisBp,0.1111111111111111,8,8,GCTCAACCCCATGAAATCTG,0,3581209
tisBp,0.1111111111111111,8,8,GCTATAAGACCACGTGGGGC,0,3596895
tisBp,0.1111111111111111,8,8,GCTACCCACCGGCAACATCT,0,3581374
tisBp,0.1111111111111111,8,8,GCTAAATGTACCGACCCCAT,0,3568233
tisBp,0.1111111111111111,8,8,GCTAAAGGTAATTGCCTGAA,0,3595388
tisBp,0.1111111111111111,8,8,GCGTTTTTGTCCCACGCTGA,0,3602392
tisBp,0.1111111111111111,8,8,GCGTTATGGTAGAAGGGTAA,0,3556872
tisBp,0.1111111111111111,8,8,GCGTGTGCCAGTGTCTACCT,0,3569276
tisBp,0.1111111111111111,8,8,GCGTGTAAGAAAAGGCTACA,0,3563647
tisBp,0.1111111111111111,8,8,GCGTGGGGATCTCTGGCCGG,0,3570924
tisBp,0.1111111111111111,8,8,GCGTAAATGGCTCGCCAGGA,0,3558660
tisBp,0.1111111111111111,8,8,GCGGTACATGAGCCGGACCA,0,3568003
tisBp,0.1111111111111111,8,8,GCGGCGTTTGGGAAGCTGTC,0,3602269
tisBp,0.1111111111111111,8,8,GCGGCGTCAAGCTTGCGTTA,0,3551341
tisBp,0.1111111111111111,8,8,GCGCTCTGGTACGTAACACT,0,3572212
tisBp,0.1111111111111111,8,8,GCGCCGTCAAAGTCGAATTT,0,3565075
tisBp,0.1111111111111111,8,8,GCGCAGCCAGCGGAACGTGA,0,3560352
tisBp,0.1111111111111111,8,8,GCGATTTTCTGTTTTATGGG,0,3554328
tisBp,0.1111111111111111,8,8,GCGAGTTACCACCTCTACGA,0,3552701
tisBp,0.1111111111111111,8,8,GCGAAGATTACGTCCCATCC,0,3550881
tisBp,0.1111111111111111,8,8,GCCTTCGAGGTGCACTATGT,0,3559530
tisBp,0.1111111111111111,8,8,GCCTTATACGATGTCTCGAA,0,3545077
tisBp,0.1111111111111111,8,8,GCCGGTCATCGATTCGCAAA,0,3553442
tisBp,0.1111111111111111,8,8,GCCCGCTTCATGATACCACA,0,3548339
tisBp,0.1111111111111111,8,8,GCCATTTAGGACCACCGGAG,0,3557150
tisBp,0.1111111111111111,8,8,GCCATTCCGGTCCCTGGATG,0,3579487
tisBp,0.1111111111111111,8,8,GCCATATGCGTCGGGCGGCC,0,3574880
tisBp,0.1111111111111111,8,8,GCCAATCGGCTGTCCTACCC,0,3580504
tisBp,0.1111111111111111,8,8,GCATTACCTACTTCCAGTCC,0,3585902
tisBp,0.1111111111111111,8,8,GCATCGCATTCACGGCCACA,0,3548346
tisBp,0.1111111111111111,8,8,GCATCACATTGTGACTTAAC,0,3573454
tisBp,0.1111111111111111,8,8,GCATACTTATTGACAAGTGC,0,3544786
tisBp,0.1111111111111111,8,8,GCATACCGCCTGAATTGCGC,0,3585589
tisBp,0.1111111111111111,8,8,GCAGTCGTTTACAATTGACT,0,3559959
tisBp,0.1111111111111111,8,8,GCAGTCCGGTTTAGGTTCTT,0,3572283
tisBp,0.1111111111111111,8,8,GCAGTAGCCAGTAAAACAAT,0,3594895
tisBp,0.1111111111111111,8,8,GCAGGGCGCCTGTTCCGTTT,0,3546187
tisBp,0.1111111111111111,8,8,GCAGATTCTCTTAGTGGGGG,0,3602235
tisBp,0.1111111111111111,8,8,GCAGATCGAGACTTTATCTA,0,3569744
tisBp,0.1111111111111111,8,8,GCAGAACGAACACCAACAAG,0,3598577
tisBp,0.1111111111111111,8,8,GCACAGTCTTGTAAAATGGA,0,3560964
tisBp,0.1111111111111111,8,8,GCAATTCTTAAGTTTTGTTG,0,3576932
tisBp,0.1111111111111111,8,8,GCAAGGTCCCTCTAGGGGAT,0,3577211
tisBp,0.1111111111111111,8,8,GCAAGCGACAGTTTATCTGT,0,3557589
tisBp,0.1111111111111111,8,8,GCAAAAATTTCGGTTTTACC,0,3563552
tisBp,0.1111111111111111,8,8,GATTGCGAGTTGTGTGAAAC,0,3554616
tisBp,0.1111111111111111,8,8,GATTCGGGTTCGTACGAAAC,0,3562769
tisBp,0.1111111111111111,8,8,GATTACGTATTTCACAGTAA,0,3556290
tisBp,0.1111111111111111,8,8,GATGACAGAGGAACTGAGAA,0,3550710
tisBp,0.1111111111111111,8,8,GATACTCCTTTTAAGGTGCC,0,3575597
tisBp,0.1111111111111111,8,8,GAGTGACATCTCGTGGCGAC,0,3573579
tisBp,0.1111111111111111,8,8,GAGGTTGTTGCGTAATCCTG,0,3565701
tisBp,0.1111111111111111,8,8,GAGGTGCAGAACCAAAGGAC,0,3568287
tisBp,0.1111111111111111,8,8,GAGGCATGGGTCCCCCCAGG,0,3590978
tisBp,0.1111111111111111,8,8,GAGGACGGTAAAAAGGGAAA,0,3574200
tisBp,0.1111111111111111,8,8,GAGGACGAACTATCCGATTA,0,3595384
tisBp,0.1111111111111111,8,8,GAGGAAGCGGTGTGAGAAGT,0,3542796
tisBp,0.1111111111111111,8,8,GAGCCTGTGCAGGTAGAATG,0,3560639
tisBp,0.1111111111111111,8,8,GAGCATGGCAAATCGTGCAG,0,3572551
tisBp,0.1111111111111111,8,8,GAGCACGCTCATCCAAAGTC,0,3543351
tisBp,0.1111111111111111,8,8,GAGAATCGCCGAGTAATGCG,0,3553412
tisBp,0.1111111111111111,8,8,GACTCGTACCACAAAGACTT,0,3559705
tisBp,0.1111111111111111,8,8,GACTATAGCGGTACGCCCCT,0,3590284
tisBp,0.1111111111111111,8,8,GACGGGTTACTTTGCCTTTT,0,3544541
tisBp,0.1111111111111111,8,8,GACGGCATAAAATCTCCTGC,0,3568800
tisBp,0.1111111111111111,8,8,GACCATCTCAAGCCGGGGAC,0,3550732
tisBp,0.1111111111111111,8,8,GACCAGCCATTATCGTCCGG,0,3571153
tisBp,0.1111111111111111,8,8,GACCAAACAATTCGGAAGGA,0,3557238
tisBp,0.1111111111111111,8,8,GACAGATAGCTTGCCGTCTA,0,3558993
tisBp,0.1111111111111111,8,8,GAATTTTATATCGGGTCGGC,0,3599159
tisBp,0.1111111111111111,8,8,GAATGTTAGCTACTTGAGCA,0,3570889
tisBp,0.1111111111111111,8,8,GAATCCGGATCCAGTTCATT,0,3574368
tisBp,0.1111111111111111,8,8,GAAGCGCTAACCAGATTTTA,0,3592162
tisBp,0.1111111111111111,8,8,GAAGATATAGCCTGCCGTCG,0,3563775
tisBp,0.1111111111111111,8,8,GAACGAACTCTCATGTAGGT,0,3564214
tisBp,0.1111111111111111,8,8,GAACCGCTCAAGAAGCCGTA,0,3556589
tisBp,0.1111111111111111,8,8,GAACATAGCACGTACCATTT,0,3553897
tisBp,0.1111111111111111,8,8,GAAATGATTCGATGTTATAA,0,3541409
tisBp,0.1111111111111111,8,8,GAAAACTACCTTAAAACGAT,0,3568047
tisBp,0.1111111111111111,8,8,CTTTAGAGAAGACCCTCTAG,0,3581328
tisBp,0.1111111111111111,8,8,CTTGTGGCTATTCCTGAGAG,0,3578309
tisBp,0.1111111111111111,8,8,CTTGTAGCAGGTAAAAAGTC,0,3588017
tisBp,0.1111111111111111,8,8,CTTCGGTTTCTCCTGCAGCA,0,3558675
tisBp,0.1111111111111111,8,8,CTTCCTGCAGTGACCGGATG,0,3565873
tisBp,0.1111111111111111,8,8,CTTCAAGTTGGTCAACATCA,0,3590966
tisBp,0.1111111111111111,8,8,CTTACCGCCCATACTATAAT,0,3584458
tisBp,0.1111111111111111,8,8,CTTAAGCGAAGTGAATCGAC,0,3554746
tisBp,0.1111111111111111,8,8,CTGTTAGGGCGGTTTTCCTA,0,3571963
tisBp,0.1111111111111111,8,8,CTGTGTTACGGAGCTACAGG,0,3565097
tisBp,0.1111111111111111,8,8,CTGTAAGCGAGGCGTCTCTA,0,3544551
tisBp,0.1111111111111111,8,8,CTGGGCACTGTAGTACCTGC,0,3569261
tisBp,0.1111111111111111,8,8,CTGGATTCCCGTGCTGATCC,0,3588715
tisBp,0.1111111111111111,8,8,CTGAGCTCTAAAGTGGTGCA,0,3549856
tisBp,0.1111111111111111,8,8,CTGACGCAGTGTTTACGACT,0,3552572
tisBp,0.1111111111111111,8,8,CTGAATTTCGGTAAGCGAAC,0,3551903
tisBp,0.1111111111111111,8,8,CTGAACCTATCTTGGTAATC,0,3561052
tisBp,0.1111111111111111,8,8,CTGAAAGTGTGGCGTAGAAC,0,3595186
tisBp,0.1111111111111111,8,8,CTCTCTGTTTACCAAAGCTT,0,3587846
tisBp,0.1111111111111111,8,8,CTCTCCCCGTAAATACAACG,0,3548800
tisBp,0.1111111111111111,8,8,CTCTACATAGTATGTCAGCC,0,3543527
tisBp,0.1111111111111111,8,8,CTCCTACATCAACAGGCCTT,0,3581133
tisBp,0.1111111111111111,8,8,CTCCGTCAATATCGCCATTA,0,3560868
tisBp,0.1111111111111111,8,8,CTCCCAAGAGCAATAGGGAA,0,3594158
tisBp,0.1111111111111111,8,8,CTCCACGGTTAATAGGTACT,0,3549937
tisBp,0.1111111111111111,8,8,CTATCCTTCTGGGAAGTTAT,0,3565210
tisBp,0.1111111111111111,8,8,CTATCCGCCTTGGGTTATCG,0,3560469
tisBp,0.1111111111111111,8,8,CTATACTAGGGGTCAGGTTC,0,3576936
tisBp,0.1111111111111111,8,8,CTAGGAAGTGACAGAAGCCG,0,3542881
tisBp,0.1111111111111111,8,8,CTACCCGAATGTCATTTATT,0,3582669
tisBp,0.1111111111111111,8,8,CTAACGCTGTCGCGGTAGTC,0,3542584
tisBp,0.1111111111111111,8,8,CTAACAACTGCGATGACCGG,0,3579981
tisBp,0.1111111111111111,8,8,CTAAACGTGAGTCGGTCAAT,0,3569386
tisBp,0.1111111111111111,8,8,CTAAAATCGCTCAAGTCGCA,0,3568262
tisBp,0.1111111111111111,8,8,CGTTTATGGTGGTGTTGAAT,0,3599623
tisBp,0.1111111111111111,8,8,CGTTCGACCCATGGCATAAT,0,3595829
tisBp,0.1111111111111111,8,8,CGTTCATGTGGATCATTGTT,0,3557455
tisBp,0.1111111111111111,8,8,CGTTATTTAACTCCTGGCTG,0,3552536
tisBp,0.1111111111111111,8,8,CGTGGCAGGTGCAGTATCGA,0,3582861
tisBp,0.1111111111111111,8,8,CGTGCAGTGTTACGTCGTTT,0,3587165
tisBp,0.1111111111111111,8,8,CGTCGGCCATATGAAGTGTG,0,3578620
tisBp,0.1111111111111111,8,8,CGTAGAACTTGGTTGTGACA,0,3601340
tisBp,0.1111111111111111,8,8,CGTACCGATCGACCACACTG,0,3550937
tisBp,0.1111111111111111,8,8,CGTACACGTATCCTTAGCAT,0,3584081
tisBp,0.1111111111111111,8,8,CGTAAAACATCCCCTCGGTC,0,3554931
tisBp,0.1111111111111111,8,8,CGGTTGTTGCCCTCATTCTT,0,3600541
tisBp,0.1111111111111111,8,8,CGGTTGCCTACGTGAAACAG,0,3594401
tisBp,0.1111111111111111,8,8,CGGTCGCAGTAACATCGTTT,0,3576378
tisBp,0.1111111111111111,8,8,CGGTCCTTACACTTACGGTT,0,3577842
tisBp,0.1111111111111111,8,8,CGGTATGGGACTCTAATAGT,0,3580172
tisBp,0.1111111111111111,8,8,CGGTACTCCCAGCTACTGAA,0,3576780
tisBp,0.1111111111111111,8,8,CGGGCAAGTGCCGTAGGCTC,0,3579360
tisBp,0.1111111111111111,8,8,CGGGCAAAACACCGGGAAAT,0,3599529
tisBp,0.1111111111111111,8,8,CGGGACCCATGGCATTTGAT,0,3575114
tisBp,0.1111111111111111,8,8,CGGCATCGATAGTCATCCGT,0,3591177
tisBp,0.1111111111111111,8,8,CGGCATATTGAGTTTAGTGA,0,3603157
tisBp,0.1111111111111111,8,8,CGGATTGTGGACATTCAATG,0,3558478
tisBp,0.1111111111111111,8,8,CGGATGGACCTGTTGGAATC,0,3574804
tisBp,0.1111111111111111,8,8,CGGAGGGAAATTCGTAAGAT,0,3579041
tisBp,0.1111111111111111,8,8,CGCTTAAACGGTTCTGAGGG,0,3579823
tisBp,0.1111111111111111,8,8,CGCTCTCGTAGATGAAAAAC,0,3581994
tisBp,0.1111111111111111,8,8,CGCGCCTCGAACCCTTCCGG,0,3601141
tisBp,0.1111111111111111,8,8,CGCCCCGAGTGAGCTTCCTA,0,3546183
tisBp,0.1111111111111111,8,8,CGCCAGAGGTAAGCGTCTTT,0,3545017
tisBp,0.1111111111111111,8,8,CGCAGGACTGGAGATAAGGT,0,3578852
tisBp,0.1111111111111111,8,8,CGCAACAGTGGTGACTTAAC,0,3567521
tisBp,0.1111111111111111,8,8,CGATAGATGCGTATGGGAAG,0,3597599
tisBp,0.1111111111111111,8,8,CGAGCCGTCGGCGACCATTA,0,3585494
tisBp,0.1111111111111111,8,8,CGACTTGGCTCCAATCTATA,0,3590004
tisBp,0.1111111111111111,8,8,CGACCTATCCATGGTTCGCT,0,3565557
tisBp,0.1111111111111111,8,8,CGAATTTGAGAATTGAGTTA,0,3541647
tisBp,0.1111111111111111,8,8,CGAATCATCATTTCCTCGTA,0,3557290
tisBp,0.1111111111111111,8,8,CGAAGGGCGTCCTTACCCAT,0,3596658
tisBp,0.1111111111111111,8,8,CGAAATTGGTACGCATTGAT,0,3562081
tisBp,0.1111111111111111,8,8,CGAAACTGCGGCTATATCTC,0,3602792
tisBp,0.1111111111111111,8,8,CCTTGGACCCGGACCCCGGC,0,3543807
tisBp,0.1111111111111111,8,8,CCTTCCTGCCGGAGCTGTTG,0,3545263
tisBp,0.1111111111111111,8,8,CCTGGGACGCGCATCGTGGT,0,3579686
tisBp,0.1111111111111111,8,8,CCTGATTACCACAGCGGGAT,0,3563189
tisBp,0.1111111111111111,8,8,CCTCACCCATTCCCGACCGT,0,3588430
tisBp,0.1111111111111111,8,8,CCTCACAATCATACAAGGTT,0,3553676
tisBp,0.1111111111111111,8,8,CCTCAAACGTACTCACCCCC,0,3601799
tisBp,0.1111111111111111,8,8,CCGTTCCACGCTAGCACTTC,0,3580247
tisBp,0.1111111111111111,8,8,CCGTCTACGCCCCGACACAG,0,3590231
tisBp,0.1111111111111111,8,8,CCGTCGGGCACCGGCTCTTG,0,3570635
tisBp,0.1111111111111111,8,8,CCGTATGCGGTTTTAGGATA,0,3594794
tisBp,0.1111111111111111,8,8,CCGGTATGTATCTTCGAGAG,0,3579491
tisBp,0.1111111111111111,8,8,CCGGGGGCGCCGCCTGGTCA,0,3571755
tisBp,0.1111111111111111,8,8,CCGGGAGCTACTCGGGGCAA,0,3570902
tisBp,0.1111111111111111,8,8,CCGGCATGGCTAGAAGAAGT,0,3599262
tisBp,0.1111111111111111,8,8,CCGCGCGGTTGGGACCTCTT,0,3584155
tisBp,0.1111111111111111,8,8,CCGCATTGCACATTGGAAAG,0,3591648
tisBp,0.1111111111111111,8,8,CCGAGTTAGGTATGGGGGGA,0,3556995
tisBp,0.1111111111111111,8,8,CCGAAAGTATGAAAGGGGTC,0,3589483
tisBp,0.1111111111111111,8,8,CCCGTCTGAGTACCAAACAT,0,3599442
tisBp,0.1111111111111111,8,8,CCCGTAGTTCCGACGGAGAC,0,3556359
tisBp,0.1111111111111111,8,8,CCCGCTCGCACATCTAGCGG,0,3598175
tisBp,0.1111111111111111,8,8,CCCGCGACAGTACTCCGGAT,0,3559914
tisBp,0.1111111111111111,8,8,CCCGATGCATGGGTTTTTTT,0,3590171
tisBp,0.1111111111111111,8,8,CCCGAACGGGCCTACCTTGA,0,3599298
tisBp,0.1111111111111111,8,8,CCCCTGTCCGCGTTGGTATC,0,3572092
tisBp,0.1111111111111111,8,8,CCCCTCGTGACTCCTCGATA,0,3591767
tisBp,0.1111111111111111,8,8,CCCCAGTAAGCAAATTATGC,0,3567491
tisBp,0.1111111111111111,8,8,CCCAGTCGGGAATCCATCAA,0,3584709
tisBp,0.1111111111111111,8,8,CCATTGCTCTTTAAATGAGC,0,3578799
tisBp,0.1111111111111111,8,8,CCATGTGGTCATGTGTCTTA,0,3542941
tisBp,0.1111111111111111,8,8,CCATCAAACTCTTGATTGCA,0,3588934
tisBp,0.1111111111111111,8,8,CCATAACTTTAACATATGTG,0,3601084
tisBp,0.1111111111111111,8,8,CCAGTCACCGGTTAGATGCG,0,3579805
tisBp,0.1111111111111111,8,8,CCAGCTTGGCGGGGCACCAA,0,3564106
tisBp,0.1111111111111111,8,8,CCAGAAACACTGACACTGAC,0,3541915
tisBp,0.1111111111111111,8,8,CCACGGGAACATTACGCTCC,0,3554307
tisBp,0.1111111111111111,8,8,CCACATGAGGGAGTACTGGC,0,3545466
tisBp,0.1111111111111111,8,8,CCAAGTCCACCTCTTGTGAA,0,3579917
tisBp,0.1111111111111111,8,8,CCAACACTGTCCGGGGGGCG,0,3588840
tisBp,0.1111111111111111,8,8,CATTTCTACTGAAACACTGC,0,3593093
tisBp,0.1111111111111111,8,8,CATTTCAAGAAAGCGCTTGA,0,3594211
tisBp,0.1111111111111111,8,8,CATTGAAAACCAGACTCGGG,0,3569286
tisBp,0.1111111111111111,8,8,CATTAAAGGAATGCAGATTA,0,3592044
tisBp,0.1111111111111111,8,8,CATGTGAAATTCGGGGTCCT,0,3582947
tisBp,0.1111111111111111,8,8,CATGTCAGGGGTAAGTTTAA,0,3556333
tisBp,0.1111111111111111,8,8,CATGCAACAGAGCCCGTGAT,0,3547093
tisBp,0.1111111111111111,8,8,CATGAGGACTCATGAGCACA,0,3588114
tisBp,0.1111111111111111,8,8,CATGAGCACGCTCCTACCTG,0,3600784
tisBp,0.1111111111111111,8,8,CATCTGGCCCCGGCTCGCTT,0,3587423
tisBp,0.1111111111111111,8,8,CATCGTCAAGACTAAGATTT,0,3566517
tisBp,0.1111111111111111,8,8,CATCCCCAAAACGATATGAG,0,3582027
tisBp,0.1111111111111111,8,8,CATCAGCCACCCGTACGACC,0,3580048
tisBp,0.1111111111111111,8,8,CATCAGAGAAGAGTGAACGC,0,3555661
tisBp,0.1111111111111111,8,8,CATATCCCTGAGGAATCAGC,0,3587978
tisBp,0.1111111111111111,8,8,CATACCCCTGAAAACAAGTA,0,3597099
tisBp,0.1111111111111111,8,8,CATAATCAGTTGCACATAAG,0,3583638
tisBp,0.1111111111111111,8,8,CATAAACGATTCCCAGTTTG,0,3582982
tisBp,0.1111111111111111,8,8,CAGTTGGAGGCTGCTTGATT,0,3572441
tisBp,0.1111111111111111,8,8,CAGTTCCGAACTAAGGTCTG,0,3544242
tisBp,0.1111111111111111,8,8,CAGTGCATCAGTATGACTGG,0,3576974
tisBp,0.1111111111111111,8,8,CAGTCTGGCGTGTTTTCTCT,0,3583474
tisBp,0.1111111111111111,8,8,CAGTCACATTTGTTATTAGC,0,3563288
tisBp,0.1111111111111111,8,8,CAGGATTGGGAGGAGTGCGC,0,3583017
tisBp,0.1111111111111111,8,8,CAGCCTTTCGGCCCACCCGG,0,3585824
tisBp,0.1111111111111111,8,8,CAGAGGTAAGAGTTAGCCTA,0,3592992
tisBp,0.1111111111111111,8,8,CAGAGGCTTGAGCAATAACG,0,3573261
tisBp,0.1111111111111111,8,8,CAGACCCGCATCACTAAAAT,0,3564087
tisBp,0.1111111111111111,8,8,CACTTCCCAGGTGGGCCACT,0,3562998
tisBp,0.1111111111111111,8,8,CACTTCACTGACCCTTTCCC,0,3592945
tisBp,0.1111111111111111,8,8,CACTCGTGACGTTAACTTCT,0,3577308
tisBp,0.1111111111111111,8,8,CACTCACAGTGATTTCAAGG,0,3593993
tisBp,0.1111111111111111,8,8,CACGTCGAAATACGAACGCA,0,3552879
tisBp,0.1111111111111111,8,8,CACGGTGTTAGTTATGGCTC,0,3603768
tisBp,0.1111111111111111,8,8,CACGACGATTATGCCCAATA,0,3574252
tisBp,0.1111111111111111,8,8,CACCTACGTGCTGTTTTTTC,0,3588383
tisBp,0.1111111111111111,8,8,CACCTAATGCAGTGGCAATA,0,3573476
tisBp,0.1111111111111111,8,8,CACCGTCGCGTAAGTACGGC,0,3587955
tisBp,0.1111111111111111,8,8,CACCCATCGGGACTTAAACG,0,3573151
tisBp,0.1111111111111111,8,8,CACACTCTATTCGCTGACCA,0,3559728
tisBp,0.1111111111111111,8,8,CAATTTAACCAGCAGATCTG,0,3562570
tisBp,0.1111111111111111,8,8,CAAGGGCAAATGTCGAACTA,0,3596567
tisBp,0.1111111111111111,8,8,CAACGTTGAGGGGCAGGCCA,0,3582383
tisBp,0.1111111111111111,8,8,CAACCATTAAGGTCATCGCA,0,3571669
tisBp,0.1111111111111111,8,8,CAACCAAATAATTTAGATTG,0,3557307
tisBp,0.1111111111111111,8,8,CAACATGGACATTGAAATAC,0,3544326
tisBp,0.1111111111111111,8,8,CAACACTCCTATTGCCTAGT,0,3552547
tisBp,0.1111111111111111,8,8,CAAAATCCAGGAGTATACAT,0,3563302
tisBp,0.1111111111111111,8,8,CAAAATAGATTTTCAGTAAC,0,3580802
tisBp,0.1111111111111111,8,8,CAAAAACCCTTGACTTGCCG,0,3566656
tisBp,0.1111111111111111,8,8,ATTTCGATAGGGCCGTTAAG,0,3587196
tisBp,0.1111111111111111,8,8,ATTTAGAGTAAGTCTTACAT,0,3586993
tisBp,0.1111111111111111,8,8,ATTGTTCCTATAGACGCAGC,0,3542322
tisBp,0.1111111111111111,8,8,ATTGGGTTTAACGAGCTTGC,0,3573657
tisBp,0.1111111111111111,8,8,ATTGACGGGCTAAATTACTT,0,3563211
tisBp,0.1111111111111111,8,8,ATTGACAAGCGTACCACGAT,0,3565874
tisBp,0.1111111111111111,8,8,ATTGAACTGTGGGAGAGGGT,0,3547622
tisBp,0.1111111111111111,8,8,ATTCTCCATTTTATCTGAGG,0,3558177
tisBp,0.1111111111111111,8,8,ATTCATGGTTGATACCATGA,0,3553733
tisBp,0.1111111111111111,8,8,ATTATTTGAAAGTTGTGCTA,0,3561690
tisBp,0.1111111111111111,8,8,ATTACGGTTTGGTACTTAGC,0,3587579
tisBp,0.1111111111111111,8,8,ATGTTACCTTAAACATAGTC,0,3547944
tisBp,0.1111111111111111,8,8,ATGTCAGGTTGCCACTCATG,0,3555534
tisBp,0.1111111111111111,8,8,ATGTATGTAGCCGAGCTTAG,0,3566657
tisBp,0.1111111111111111,8,8,ATGGTTCATGTTGTATCGAA,0,3582409
tisBp,0.1111111111111111,8,8,ATGGGTGGGGCGGGTTAACA,0,3564044
tisBp,0.1111111111111111,8,8,ATGGCTAGATATCATGAGAT,0,3568081
tisBp,0.1111111111111111,8,8,ATGGCGAGACGCTAGAAGTA,0,3556582
tisBp,0.1111111111111111,8,8,ATGGAAGAAGAATTCGTTCA,0,3554047
tisBp,0.1111111111111111,8,8,ATGGAACGGTGTGAGATTTA,0,3587999
tisBp,0.1111111111111111,8,8,ATGCATATATAGACTACACT,0,3559873
tisBp,0.1111111111111111,8,8,ATGATGATTCTCGAAGATAA,0,3562185
tisBp,0.1111111111111111,8,8,ATGAGACCGTACTGTCGTGT,0,3560219
tisBp,0.1111111111111111,8,8,ATCTTCTATTATGTATCAGC,0,3548146
tisBp,0.1111111111111111,8,8,ATCTTCGCCGGTCTGAGCTG,0,3581982
tisBp,0.1111111111111111,8,8,ATCTGGGGCTCATAAGATCT,0,3554194
tisBp,0.1111111111111111,8,8,ATCTCTTTATGAGGGAATAG,0,3583757
tisBp,0.1111111111111111,8,8,ATCTCCCTTTCAGGTTCCGT,0,3572692
tisBp,0.1111111111111111,8,8,ATCTCAGGCGGAGGCTTTAA,0,3579581
tisBp,0.1111111111111111,8,8,ATCTCACAAGTCGTCGTGAG,0,3585431
tisBp,0.1111111111111111,8,8,ATCTAAAGGCACGAGATATG,0,3601465
tisBp,0.1111111111111111,8,8,ATCGGTGTGATCGTGCATGG,0,3600817
tisBp,0.1111111111111111,8,8,ATCGGCTCGTTCTTATATGG,0,3553101
tisBp,0.1111111111111111,8,8,ATCGGCCTTTCCTCATTGCT,0,3590089
tisBp,0.1111111111111111,8,8,ATCGCCGGATCGCACACCTA,0,3600489
tisBp,0.1111111111111111,8,8,ATCGATTTTCAGCACGAGAA,0,3554421
tisBp,0.1111111111111111,8,8,ATCGACGGTATTGTGAGCCA,0,3554649
tisBp,0.1111111111111111,8,8,ATCAGTTTTCAACGCCATAT,0,3549717
tisBp,0.1111111111111111,8,8,ATCAGGGGTGTAGTGCTAGT,0,3570181
tisBp,0.1111111111111111,8,8,ATCAGGAATGGCAATCAGCC,0,3590251
tisBp,0.1111111111111111,8,8,ATCAAACGAGGTTCCCGCTC,0,3581782
tisBp,0.1111111111111111,8,8,ATATACGGGTAATAAAGGCC,0,3556083
tisBp,0.1111111111111111,8,8,ATAGGCCGGCGTTAAATCTA,0,3542437
tisBp,0.1111111111111111,8,8,ATAGCTCTGAGGCGGGACTC,0,3562633
tisBp,0.1111111111111111,8,8,ATACTTTAGTCTAGTCAGGA,0,3552027
tisBp,0.1111111111111111,8,8,ATACTCACTATTAAGTGCGC,0,3578114
tisBp,0.1111111111111111,8,8,ATACAGGTCCCTCGTAACAC,0,3581280
tisBp,0.1111111111111111,8,8,ATACAGAGTGGTGCAATTTG,0,3602926
tisBp,0.1111111111111111,8,8,ATACAACAGCAATACTCCAC,0,3573039
tisBp,0.1111111111111111,8,8,ATAACAATGGTAAATCGAGG,0,3556731
tisBp,0.1111111111111111,8,8,ATAAATACGAACCGACGTTA,0,3560074
tisBp,0.1111111111111111,8,8,AGTTCGGCCGTCCTTAGGTT,0,3593984
tisBp,0.1111111111111111,8,8,AGTTCCATGGTTTCCCAGGT,0,3568230
tisBp,0.1111111111111111,8,8,AGTTCAAGCCTGGTTTTGTG,0,3585061
tisBp,0.1111111111111111,8,8,AGTGTTTCTTTGATCAACAA,0,3580089
tisBp,0.1111111111111111,8,8,AGTGGCCCGGCCTGTTCAAT,0,3595451
tisBp,0.1111111111111111,8,8,AGTGCTTCATTCCATAGGTT,0,3542644
tisBp,0.1111111111111111,8,8,AGTGCCCGGGCCGGCTTCGC,0,3601061
tisBp,0.1111111111111111,8,8,AGTGCATTGGAGGCCGAGAG,0,3573967
tisBp,0.1111111111111111,8,8,AGTCCAGGGCACCTATGTTT,0,3560481
tisBp,0.1111111111111111,8,8,AGTCACTATTGGCGTCGAGT,0,3545747
tisBp,0.1111111111111111,8,8,AGTATTGTTGCAGAGGGTAA,0,3543866
tisBp,0.1111111111111111,8,8,AGTAGCATTACCTGTATCGT,0,3580148
tisBp,0.1111111111111111,8,8,AGTAGAGTGCCTCATCTAAT,0,3551562
tisBp,0.1111111111111111,8,8,AGGTTGCGGTTCAGTGAGCA,0,3546236
tisBp,0.1111111111111111,8,8,AGGTACCCTCGCATGTCTCA,0,3549823
tisBp,0.1111111111111111,8,8,AGGGTGCTGAGGATCCAGAG,0,3579979
tisBp,0.1111111111111111,8,8,AGGGCCTTGGGTTATGGGTC,0,3571626
tisBp,0.1111111111111111,8,8,AGGGCCGTGTTAGAGGTTAT,0,3565663
tisBp,0.1111111111111111,8,8,AGGACTTAAATAGGACCGGG,0,3554235
tisBp,0.1111111111111111,8,8,AGGAATTCCGCACGCATCGA,0,3549051
tisBp,0.1111111111111111,8,8,AGCTTTTTGGGCCACTACGA,0,3589017
tisBp,0.1111111111111111,8,8,AGCTTGAGATAGATAATAGA,0,3562169
tisBp,0.1111111111111111,8,8,AGCTACAATCTAAATGGCTG,0,3565625
tisBp,0.1111111111111111,8,8,AGCTAACGTCAACACGCTGG,0,3566546
tisBp,0.1111111111111111,8,8,AGCCGTCCGCAGGAGCCTTA,0,3582714
tisBp,0.1111111111111111,8,8,AGCCGACACTGGGAGTAACT,0,3582019
tisBp,0.1111111111111111,8,8,AGCCCCCCTAATTCGAATGG,0,3590962
tisBp,0.1111111111111111,8,8,AGCCAGCCTAATGCAACATA,0,3592152
tisBp,0.1111111111111111,8,8,AGCATTTGATACGCCGAATG,0,3547142
tisBp,0.1111111111111111,8,8,AGCATACGGACGCTTACCTA,0,3565712
tisBp,0.1111111111111111,8,8,AGAGGGGACTTGTGGTAAGA,0,3563683
tisBp,0.1111111111111111,8,8,AGACGGAGAATTTCTCGATT,0,3542499
tisBp,0.1111111111111111,8,8,AGACGAGTCTTAAGCCTTAT,0,3546100
tisBp,0.1111111111111111,8,8,AGAATTCTGGTCTATACAAT,0,3548409
tisBp,0.1111111111111111,8,8,AGAAGCAGCGGCACTGCCGG,0,3582678
tisBp,0.1111111111111111,8,8,AGAAGATGACACATTGTGGT,0,3590673
tisBp,0.1111111111111111,8,8,AGAAGACCTTGATCGAGCTA,0,3552052
tisBp,0.1111111111111111,8,8,AGAACGAACCGCGTAAATAC,0,3591571
tisBp,0.1111111111111111,8,8,ACTTGGATCCCTTCTCCAGT,0,3551826
tisBp,0.1111111111111111,8,8,ACTTCCATTGTGTTCGAGGA,0,3554972
tisBp,0.1111111111111111,8,8,ACTGTAGTCGGGTCTCTGTA,0,3542958
tisBp,0.1111111111111111,8,8,ACTGCTAAGAGAGAGTGTCC,0,3544915
tisBp,0.1111111111111111,8,8,ACTGATTTAAATAGTCACAG,0,3554078
tisBp,0.1111111111111111,8,8,ACTCTTTTTCCGCGGTCCTT,0,3547524
tisBp,0.1111111111111111,8,8,ACTCCATGTGATGAAACCTT,0,3574539
tisBp,0.1111111111111111,8,8,ACTCCAGACCGTTGTCGGGT,0,3587335
tisBp,0.1111111111111111,8,8,ACGTTTTGGATATGAGAGAG,0,3574292
tisBp,0.1111111111111111,8,8,ACGTGGACCAACTCCAGACG,0,3577035
tisBp,0.1111111111111111,8,8,ACGTCAAGAATTGAACTGAC,0,3595098
tisBp,0.1111111111111111,8,8,ACGGTCAACTGCATGCGCCC,0,3603641
tisBp,0.1111111111111111,8,8,ACGGATCCGGAGTGTTCGCG,0,3563070
tisBp,0.1111111111111111,8,8,ACGGAGTCAGTGGACACGGC,0,3585024
tisBp,0.1111111111111111,8,8,ACGGAGCAAGGTCAGAATGC,0,3553557
tisBp,0.1111111111111111,8,8,ACGCGATGTATACGGAGTTT,0,3576854
tisBp,0.1111111111111111,8,8,ACGCGATGGCCTCACGCTGC,0,3552611
tisBp,0.1111111111111111,8,8,ACGCAGTCAAACGCGCCAAA,0,3549474
tisBp,0.1111111111111111,8,8,ACGATTCAGAAGAGCTTTTG,0,3582243
tisBp,0.1111111111111111,8,8,ACGAAGGGTTACGGTCAGGC,0,3543886
tisBp,0.1111111111111111,8,8,ACCTTAAGCGTGAGAATTCA,0,3590034
tisBp,0.1111111111111111,8,8,ACCTGCGTTTCGGTGGATGG,0,3584141
tisBp,0.1111111111111111,8,8,ACCTAGGTCAGCATCCAAGG,0,3562069
tisBp,0.1111111111111111,8,8,ACCTACTGACAACAATCAAC,0,3548242
tisBp,0.1111111111111111,8,8,ACCGCTCGCGTCCTGTTTGG,0,3544685
tisBp,0.1111111111111111,8,8,ACCAGGTATCGTACTTACTA,0,3566326
tisBp,0.1111111111111111,8,8,ACCAGCTTTACTCTTGACTA,0,3561616
tisBp,0.1111111111111111,8,8,ACCACCCCAACAGAGTCAGA,0,3584376
tisBp,0.1111111111111111,8,8,ACCACCACAAAGGGTGGCAT,0,3592507
tisBp,0.1111111111111111,8,8,ACCACAGTTTGGGGGGAATC,0,3578525
tisBp,0.1111111111111111,8,8,ACATTCATACTCGAGTCTGG,0,3543202
tisBp,0.1111111111111111,8,8,ACATGGATGCGGGGCAGTCT,0,3567822
tisBp,0.1111111111111111,8,8,ACATAGTAAACGCGAGCGAG,0,3546451
tisBp,0.1111111111111111,8,8,ACAGAGTCTGCAAGGTCTTA,0,3593901
tisBp,0.1111111111111111,8,8,ACAGACTCCGGCAATATAGG,0,3571486
tisBp,0.1111111111111111,8,8,ACACAAGCTGCCGCAGCGCG,0,3544540
tisBp,0.1111111111111111,8,8,ACACAAGAGCGACCATTGAT,0,3571980
tisBp,0.1111111111111111,8,8,ACAATTAGCCCTGACCGCGG,0,3564363
tisBp,0.1111111111111111,8,8,ACAATGCGCGGCCATCGGGT,0,3555499
tisBp,0.1111111111111111,8,8,ACAATACAAGGTCATGTGCT,0,3591824
tisBp,0.1111111111111111,8,8,ACAACTGTTTACCTTGAGAT,0,3597019
tisBp,0.1111111111111111,8,8,ACAACATTCGGAACCCTAGA,0,3598536
tisBp,0.1111111111111111,8,8,ACAAACATCAAATTACGACC,0,3561365
tisBp,0.1111111111111111,8,8,AATTATTTTACAGCGTCCTT,0,3553996
tisBp,0.1111111111111111,8,8,AATCGTGGGTAGGGTTATGT,0,3590646
tisBp,0.1111111111111111,8,8,AATCAACTAGCGCAGTTTGA,0,3585850
tisBp,0.1111111111111111,8,8,AATAGGAGGGTTAAGTCGTA,0,3562763
tisBp,0.1111111111111111,8,8,AAGGGTGCGGAGTCCACACT,0,3567888
tisBp,0.1111111111111111,8,8,AAGGAGGTTCGTTACCCGTT,0,3586706
tisBp,0.1111111111111111,8,8,AAGCGAGCAGGCAGCAATAT,0,3544096
tisBp,0.1111111111111111,8,8,AAGCCGGCAATTGCTTGGGC,0,3581252
tisBp,0.1111111111111111,8,8,AAGATTGGTACTACAATTTA,0,3595025
tisBp,0.1111111111111111,8,8,AAGAGTATAAAAGGGCTCTG,0,3595924
tisBp,0.1111111111111111,8,8,AAGAGCGTGTCAAATGAGCC,0,3566068
tisBp,0.1111111111111111,8,8,AAGACGTACCGTAAGTGATA,0,3544400
tisBp,0.1111111111111111,8,8,AAGACCTTAGTTCTCATGTA,0,3581097
tisBp,0.1111111111111111,8,8,AAGACAGTTAAACGAGATTA,0,3555415
tisBp,0.1111111111111111,8,8,AACTTATTGGCCGACTCATC,0,3585057
tisBp,0.1111111111111111,8,8,AACTCGGTACCAGCAGGTTG,0,3583468
tisBp,0.1111111111111111,8,8,AACGTGTCCCGGTCTATAAA,0,3579682
tisBp,0.1111111111111111,8,8,AACGGTTCCCGCCAGTTGGG,0,3560580
tisBp,0.1111111111111111,8,8,AACCTCATGTTTTATACGGA,0,3544580
tisBp,0.1111111111111111,8,8,AACCAGCGCGTTCACATCCA,0,3561446
tisBp,0.1111111111111111,8,8,AACATTGTAGAAATCCAGTA,0,3569779
tisBp,0.1111111111111111,8,8,AACAGTTGGTTGCTATTAGG,0,3546561
tisBp,0.1111111111111111,8,8,AACAATATCATCGAGACCTC,0,3544762
tisBp,0.1111111111111111,8,8,AAATTAGTTTGCGCACGTGG,0,3578514
tisBp,0.1111111111111111,8,8,AAACTATGGACTAGGTTAGT,0,3583771
tisBp,0.1111111111111111,8,8,AAACCATCAACGTACGGGCA,0,3575444
tisBp,0.1111111111111111,8,8,AAACAGAGGACGGGAATTAC,0,3565237
tisBp,0.1111111111111111,8,8,AAAATGAATAGGCTGGGTTT,0,3578217
tisBp,0.1111111111111111,8,8,AAAACCATCTTTGGACCAAC,0,3589752
tisBp,0.1111111111111111,8,8,AAAAACGAAGGTTTGGATAA,0,3546950
tisBp,0.125,7,7,TTTTAGTACCAATTTAAGTA,0,3544411
tisBp,0.125,7,7,TTTTACTGGTAGATACGCTG,0,3558735
tisBp,0.125,7,7,TTTTACGCCGCTTGTCACTT,0,3589388
tisBp,0.125,7,7,TTTTACGACTTGACCAACAA,0,3561322
tisBp,0.125,7,7,TTTTAAACTTAATGTCCATT,0,3601969
tisBp,0.125,7,7,TTTGGGAATTATTAGCCATT,0,3552025
tisBp,0.125,7,7,TTTGCCCCCGGATCACCCAT,0,3570634
tisBp,0.125,7,7,TTTGACTGCGGAAACATAGT,0,3584321
tisBp,0.125,7,7,TTTCTAAGGTGTACGGCGTA,0,3599136
tisBp,0.125,7,7,TTTCCGGTGCGTCCACGCGC,0,3600921
tisBp,0.125,7,7,TTTCCCTGCGTTTGTGCCAA,0,3541782
tisBp,0.125,7,7,TTTCCAAGGGAACCGGGGTT,0,3558145
tisBp,0.125,7,7,TTTCAGGCTATGCCATAACG,0,3561736
tisBp,0.125,7,7,TTTATTAAGGTTCAGTATTA,0,3587986
tisBp,0.125,7,7,TTTATGATGTAGGCCTCAGC,0,3596501
tisBp,0.125,7,7,TTTACATCAAATAATCCGGG,0,3595026
tisBp,0.125,7,7,TTGTTTTATAAGTCAGCGTT,0,3544779
tisBp,0.125,7,7,TTGTTGGCCTGTGCAACCAG,0,3581886
tisBp,0.125,7,7,TTGTTGCCCAATACACAACA,0,3579776
tisBp,0.125,7,7,TTGGTAGTGCCAACCGGAGG,0,3564232
tisBp,0.125,7,7,TTGGGCACACTGCATCCACA,0,3592189
tisBp,0.125,7,7,TTGGGACCGTCCTTAATCTT,0,3584334
tisBp,0.125,7,7,TTGGACACCCGCTTCTGCCT,0,3591593
tisBp,0.125,7,7,TTGGAAGTACATTCGGCGTC,0,3542089
tisBp,0.125,7,7,TTGCTACTTAACCTTCCTAC,0,3557501
tisBp,0.125,7,7,TTGCTACGAGACCCACATTT,0,3553957
tisBp,0.125,7,7,TTGACAATACGTAGCGATCG,0,3567893
tisBp,0.125,7,7,TTCTTTTAGTTAAAAGTGTG,0,3600399
tisBp,0.125,7,7,TTCTTAGAGCATGCGCAGCT,0,3581762
tisBp,0.125,7,7,TTCTCTTTGAAGTATGACAT,0,3545399
tisBp,0.125,7,7,TTCTATTACTTTAAGTGATG,0,3602549
tisBp,0.125,7,7,TTCTATGTCATAATGTGGTT,0,3556721
tisBp,0.125,7,7,TTCGTTCTCTGTACAGGCAA,0,3546779
tisBp,0.125,7,7,TTCGGCGAGGGGAGCTAGGT,0,3579193
tisBp,0.125,7,7,TTCGGACGCTTTATTTCGTT,0,3589786
tisBp,0.125,7,7,TTCGCCAGCTCAGCTTTAAT,0,3555472
tisBp,0.125,7,7,TTCGAAGTATGCCGTGCAGT,0,3548188
tisBp,0.125,7,7,TTCCTTGCAACTTAATTCAT,0,3544680
tisBp,0.125,7,7,TTCCTGAGAGTCACCGAGGT,0,3591980
tisBp,0.125,7,7,TTCCTACGGCCAGCTGGTAG,0,3586172
tisBp,0.125,7,7,TTCCGGTCTCCGGGCGACCG,0,3568977
tisBp,0.125,7,7,TTCCAGTTCGTAGATTGGCA,0,3573717
tisBp,0.125,7,7,TTCAGGACGGGGACGGGTTA,0,3577320
tisBp,0.125,7,7,TTCAGATTGCAGCTCAATGA,0,3569128
tisBp,0.125,7,7,TTCAGACCACGGCCGGCCCC,0,3556461
tisBp,0.125,7,7,TTCACTACAGGCGTACACAG,0,3549425
tisBp,0.125,7,7,TTCACCGTCAAAGTACCCGT,0,3575268
tisBp,0.125,7,7,TTATGTCCAGTAGTAGGCCC,0,3546835
tisBp,0.125,7,7,TTATCTTCGATAGCGCGGGA,0,3573724
tisBp,0.125,7,7,TTATCGGAGATGGTGCCATA,0,3570368
tisBp,0.125,7,7,TTATCATTAACCACAACATG,0,3597974
tisBp,0.125,7,7,TTAGCCAGCTTCGGCTCGCC,0,3551494
tisBp,0.125,7,7,TTACTTGTTGGAGCGTGCAA,0,3600782
tisBp,0.125,7,7,TTACGTAATGCTTCTAAGCT,0,3600551
tisBp,0.125,7,7,TTACGCCTTCCGTGCAGGGC,0,3586970
tisBp,0.125,7,7,TTACAGGGACGTCAAAATGT,0,3597486
tisBp,0.125,7,7,TTAATTGTTATTGGACTTCA,0,3593075
tisBp,0.125,7,7,TTAAAAACTCTATCTACCTC,0,3572589
tisBp,0.125,7,7,TGTTTGGTTGTGGGGATACT,0,3603183
tisBp,0.125,7,7,TGTTTCCAACGCCCCACAGC,0,3587681
tisBp,0.125,7,7,TGTTGGTTCGTACACGTGGA,0,3582049
tisBp,0.125,7,7,TGTTCTTGTTACAGATCAGG,0,3568974
tisBp,0.125,7,7,TGTTCTACCATAGGCGAACC,0,3565019
tisBp,0.125,7,7,TGTTCGGTTCAAAACTCAAC,0,3566696
tisBp,0.125,7,7,TGTTCCCTGCTACAGGCTTT,0,3566164
tisBp,0.125,7,7,TGTTACAAACCGACTGTGGG,0,3561753
tisBp,0.125,7,7,TGTGTGGTCAAGGGCATTCT,0,3550692
tisBp,0.125,7,7,TGTGGCTTTTAGATGTACGG,0,3544686
tisBp,0.125,7,7,TGTGGATGATTTGCGACGTA,0,3548756
tisBp,0.125,7,7,TGTGAAAGTCAGCAGTGTTA,0,3584044
tisBp,0.125,7,7,TGTCGCGCCAATTTCGACTA,0,3575351
tisBp,0.125,7,7,TGTACTGCCCATCACAACCA,0,3587369
tisBp,0.125,7,7,TGTAATTCGCATGTTAGGAG,0,3550923
tisBp,0.125,7,7,TGGTTCTCTTAGTTCCGCTA,0,3584946
tisBp,0.125,7,7,TGGTCCGAATCCTCAAGCAT,0,3561922
tisBp,0.125,7,7,TGGTCCAGCAAATTTCCGGC,0,3576356
tisBp,0.125,7,7,TGGGAGCTCTAAGCATGACA,0,3585095
tisBp,0.125,7,7,TGGGAGCACTAGAAGGGCTA,0,3547741
tisBp,0.125,7,7,TGGCCCGAGTGTTGTTCGTT,0,3551979
tisBp,0.125,7,7,TGGCAGACTCCATCATTCAC,0,3594117
tisBp,0.125,7,7,TGGCAAACTCTGTGAAGAGT,0,3599955
tisBp,0.125,7,7,TGGATAGCGGGGCTCGCAGG,0,3586110
tisBp,0.125,7,7,TGCTTTATGATTTGATGTCC,0,3565363
tisBp,0.125,7,7,TGCTGTTGGAGGTGATTACG,0,3572485
tisBp,0.125,7,7,TGCTCAACCATTGACTTAGG,0,3576489
tisBp,0.125,7,7,TGCGTCGCGCTGAATTGTGA,0,3566544
tisBp,0.125,7,7,TGCGCTGATCTAGGCTTTCC,0,3575734
tisBp,0.125,7,7,TGCGATCCGTGAGTCTTCCT,0,3548757
tisBp,0.125,7,7,TGCCTCGCCCGGGCTTAATG,0,3556815
tisBp,0.125,7,7,TGCCGAGAAAAAAGGACCAA,0,3588496
tisBp,0.125,7,7,TGCCAGCTACCTACTCTCAA,0,3564351
tisBp,0.125,7,7,TGCCAAAACCCCGACCCCAC,0,3558031
tisBp,0.125,7,7,TGCATCTGATCCCTGTCGCA,0,3592336
tisBp,0.125,7,7,TGCAGGTACAAGGTCCGGTT,0,3601610
tisBp,0.125,7,7,TGATCTATCTGCGCACCTTC,0,3563642
tisBp,0.125,7,7,TGATCAAGGCCAGCTACTTC,0,3560029
tisBp,0.125,7,7,TGATATTATAAGTACAGGGC,0,3542321
tisBp,0.125,7,7,TGAGTACGCAGCCCGTGGTA,0,3584743
tisBp,0.125,7,7,TGAGGGGTCGTCATTGGGGG,0,3569900
tisBp,0.125,7,7,TGAGGGGAGAATGTGTGAAT,0,3580064
tisBp,0.125,7,7,TGAGGCTCACCTTAGTTAAG,0,3567249
tisBp,0.125,7,7,TGACGACCAAGAACCAGAGA,0,3587384
tisBp,0.125,7,7,TGACCTACAGCGAAACCCCT,0,3564621
tisBp,0.125,7,7,TGACATGCAGAGAGAGTAGG,0,3598359
tisBp,0.125,7,7,TGACAGTTACGCGCTACCGT,0,3554711
tisBp,0.125,7,7,TGAATTATACGGGGAAAGGC,0,3591171
tisBp,0.125,7,7,TGAATAGCATAGGCTCAGCC,0,3590544
tisBp,0.125,7,7,TGAACTGTTTTTATAAGGTG,0,3601406
tisBp,0.125,7,7,TGAACCGCCTATGGTTCTGC,0,3580463
tisBp,0.125,7,7,TGAACAAGAGTAACTGTATT,0,3583679
tisBp,0.125,7,7,TGAACAAAGACTGCCCGGTG,0,3586764
tisBp,0.125,7,7,TCTTTTAGGATCTGGTGGAA,0,3600035
tisBp,0.125,7,7,TCTTTTAAGAACCAGTTATA,0,3583928
tisBp,0.125,7,7,TCTTGTGCGTCGTTGGACAT,0,3602572
tisBp,0.125,7,7,TCTTGGAATTTGACATGCTA,0,3596555
tisBp,0.125,7,7,TCTGGCCGCTGCAGTTGGTC,0,3546463
tisBp,0.125,7,7,TCTGCAGCGTCCTATACGCA,0,3579437
tisBp,0.125,7,7,TCTGATCAGGGGCGCGTCGT,0,3562927
tisBp,0.125,7,7,TCTGATAAGCTCTTTATAGC,0,3567656
tisBp,0.125,7,7,TCTCCAGTTTGTGCTCGGCC,0,3542371
tisBp,0.125,7,7,TCTATCATACCTGATATTTG,0,3594118
tisBp,0.125,7,7,TCTAGCTATCTGACATTTGC,0,3593214
tisBp,0.125,7,7,TCGTTTACTGAATGACTTGG,0,3556096
tisBp,0.125,7,7,TCGTGGCGGTCTTACATTTA,0,3569183
tisBp,0.125,7,7,TCGGTGGGCTTTTTCCACCC,0,3565316
tisBp,0.125,7,7,TCGGTACTCATATCTTACTT,0,3580246
tisBp,0.125,7,7,TCGGGGCGAGGCACTATCGA,0,3567490
tisBp,0.125,7,7,TCGGGCGAGGCAGAGGGCGT,0,3592058
tisBp,0.125,7,7,TCGGGCATTTACGCTCAAAA,0,3591156
tisBp,0.125,7,7,TCGGGACCGATTGCTCGTCC,0,3556256
tisBp,0.125,7,7,TCGGGAAACCGGGTTGTCTG,0,3554702
tisBp,0.125,7,7,TCGAGTGCGCGTAATCCTAC,0,3562807
tisBp,0.125,7,7,TCCTGATTGAATCCAATGAC,0,3564258
tisBp,0.125,7,7,TCCTGAGCCATATAAATTTA,0,3598816
tisBp,0.125,7,7,TCCTCTCCCGGCCGAGGTAG,0,3598464
tisBp,0.125,7,7,TCCTATAAAGTTCTAGGCTG,0,3578517
tisBp,0.125,7,7,TCCGTCAAACGGCCCACATA,0,3581301
tisBp,0.125,7,7,TCCGGGAATGACACGCGTGG,0,3580586
tisBp,0.125,7,7,TCCGCCTCTTTTGGGTAGGT,0,3573795
tisBp,0.125,7,7,TCCCCACGAGGTTCTCTCTG,0,3572088
tisBp,0.125,7,7,TCATTACGTAACCGACTCGA,0,3573224
tisBp,0.125,7,7,TCATAGGTATTGCTCTATCG,0,3571822
tisBp,0.125,7,7,TCAGTCCTCGCTGTAGATCC,0,3573983
tisBp,0.125,7,7,TCAGGGGGACGCAGTGGCGT,0,3566265
tisBp,0.125,7,7,TCAGCTATCATGAGGTCTAT,0,3601645
tisBp,0.125,7,7,TCAGATTAGCTAGTCTATCC,0,3546367
tisBp,0.125,7,7,TCAGATAGTGCAAATGCGAA,0,3601276
tisBp,0.125,7,7,TCACGGCACGGTATGGTCGA,0,3586777
tisBp,0.125,7,7,TCACGATTGACCCGAGCAGG,0,3552963
tisBp,0.125,7,7,TCACCGCGTATAACTTCAAA,0,3570493
tisBp,0.125,7,7,TCACCGCCTAACGCGGGACG,0,3592742
tisBp,0.125,7,7,TCACCAGAAGATAGGCGCTT,0,3588941
tisBp,0.125,7,7,TCAAGGCACGATATCATTAG,0,3556279
tisBp,0.125,7,7,TATTTGTCCTTTGATACATG,0,3599111
tisBp,0.125,7,7,TATTTGGGTTGGGCCTTGCG,0,3574811
tisBp,0.125,7,7,TATTTACCGTACCTACTAAC,0,3560393
tisBp,0.125,7,7,TATTTAAGACGGGATCCCAT,0,3580169
tisBp,0.125,7,7,TATTGCTTCGAACAATGTGA,0,3568921
tisBp,0.125,7,7,TATTCACTCTACTGAAAGAA,0,3548280
tisBp,0.125,7,7,TATTATCCTAAGGATGGACG,0,3591373
tisBp,0.125,7,7,TATTAACCCACTGTTGATAA,0,3588948
tisBp,0.125,7,7,TATGTGCTTCAGCGGTTCGG,0,3571964
tisBp,0.125,7,7,TATGGCGCAATTATCAGTCC,0,3548701
tisBp,0.125,7,7,TATGAAGTCAAGCAGTCCTT,0,3566237
tisBp,0.125,7,7,TATCGGTCAGCTAATAGGAA,0,3587034
tisBp,0.125,7,7,TATCGACCTTAGGCACCTAT,0,3552876
tisBp,0.125,7,7,TATCATCGGGCATCCAGTGT,0,3593401
tisBp,0.125,7,7,TATATTTTGATGGTAGTCAA,0,3554415
tisBp,0.125,7,7,TATATATATCCCGGAGGAAA,0,3565313
tisBp,0.125,7,7,TATATAGGAGGGATATCGGG,0,3577986
tisBp,0.125,7,7,TATACCAAACGTATCACTTG,0,3545357
tisBp,0.125,7,7,TATAATGTTGTATTAGAGAA,0,3578590
tisBp,0.125,7,7,TATAACGAATGAATTTGGGC,0,3545643
tisBp,0.125,7,7,TAGTCGGCGTGCCCTCTGCC,0,3591546
tisBp,0.125,7,7,TAGTAAGTGATTCTTCTATA,0,3562256
tisBp,0.125,7,7,TAGGGCAGGGAGCCTTAAAC,0,3579913
tisBp,0.125,7,7,TAGGGCAGCACCGTTCCACA,0,3541978
tisBp,0.125,7,7,TAGAGCCGCTTGGGACTTAT,0,3555427
tisBp,0.125,7,7,TAGAACGGCAGATGGAGGTG,0,3589769
tisBp,0.125,7,7,TACTGCTCCCGACGCGCATT,0,3556950
tisBp,0.125,7,7,TACTCTTACTTCGTTTGACT,0,3567561
tisBp,0.125,7,7,TACTCCGGTCCGGCCATTTT,0,3546669
tisBp,0.125,7,7,TACGTCCGGAACGGCTGGGA,0,3589411
tisBp,0.125,7,7,TACGTAAAGAATGAAGGTGT,0,3594677
tisBp,0.125,7,7,TACCTATTTGCTATGGATAA,0,3579184
tisBp,0.125,7,7,TACCTATCGTCATAAAGTCT,0,3573533
tisBp,0.125,7,7,TACCGGACCCATGTGGCTTT,0,3596397
tisBp,0.125,7,7,TACCGCCCCGTCTTGCAGGG,0,3600176
tisBp,0.125,7,7,TACCCTATGTCCCAACTCTA,0,3600120
tisBp,0.125,7,7,TACCAACGAGTTGCCACCCT,0,3546557
tisBp,0.125,7,7,TACAATACAGAGAAATGGGT,0,3583534
tisBp,0.125,7,7,TAATTCGTCTAAGGCGTAAC,0,3588180
tisBp,0.125,7,7,TAATTAAAACAAGACATGAT,0,3574537
tisBp,0.125,7,7,TAATGGATTTGTGACAGAAC,0,3572743
tisBp,0.125,7,7,TAATCCGTGCGGAACACTGT,0,3573230
tisBp,0.125,7,7,TAATAGGCAATATCTGCTCC,0,3558110
tisBp,0.125,7,7,TAATAATCAAATTCGACACG,0,3578609
tisBp,0.125,7,7,TAAGTGCTAACAGTGTAGGG,0,3553843
tisBp,0.125,7,7,TAAGCAACCAATGACAGGTC,0,3570648
tisBp,0.125,7,7,TAACACTCTCAACTGCGCAG,0,3584825
tisBp,0.125,7,7,TAAAGGTCGTTCGGTCGGAA,0,3574081
tisBp,0.125,7,7,TAAACTTCACCGTCACTGCT,0,3546996
tisBp,0.125,7,7,GTTTTGTGATTAAGGGAGCA,0,3575924
tisBp,0.125,7,7,GTTTGCTATGTATTTCAGGT,0,3562918
tisBp,0.125,7,7,GTTTCGCTGGTGGAGGCTCT,0,3554984
tisBp,0.125,7,7,GTTCGTGGGGCTTCGCAAAT,0,3592781
tisBp,0.125,7,7,GTTCCGAGGCTATGTCTCCA,0,3552371
tisBp,0.125,7,7,GTTATGCTTAGTTACTCGAT,0,3600006
tisBp,0.125,7,7,GTTAGGAGATGACGGGTTAC,0,3568847
tisBp,0.125,7,7,GTTAGCTGTAAACGCAGTCA,0,3568432
tisBp,0.125,7,7,GTTACTGGTACCGTCGCTAT,0,3602517
tisBp,0.125,7,7,GTTACGGCTGCATTTTTAGA,0,3594330
tisBp,0.125,7,7,GTTACCTCCTACCCTGGGGG,0,3574375
tisBp,0.125,7,7,GTGTGGCCGTACACTCACAG,0,3597662
tisBp,0.125,7,7,GTGTCGTGCCCGTGGTGCAG,0,3552145
tisBp,0.125,7,7,GTGGTGATTCCCAAAAGTCT,0,3577114
tisBp,0.125,7,7,GTGGGGCTCCCGTGCGCTGC,0,3596623
tisBp,0.125,7,7,GTGGACGATTAGTCATGCTT,0,3595332
tisBp,0.125,7,7,GTGCTTTTACCCTCGTCGCA,0,3571779
tisBp,0.125,7,7,GTGCCGGGAGGCTACAACCG,0,3549501
tisBp,0.125,7,7,GTGAGAAAGCTACTGCTGGC,0,3557034
tisBp,0.125,7,7,GTGAACATGACTAATACATC,0,3557803
tisBp,0.125,7,7,GTCTTCTGCGCACCCGTAAG,0,3547348
tisBp,0.125,7,7,GTCTGCTGTGTTGTGACCCA,0,3543419
tisBp,0.125,7,7,GTCTCAGGGGGTAGCCATAT,0,3557805
tisBp,0.125,7,7,GTCTCAATTCGGGTGAGGCA,0,3549134
tisBp,0.125,7,7,GTCTATTGTTCCGTCTCTTC,0,3589105
tisBp,0.125,7,7,GTCTACAATAGCTTTATACA,0,3569747
tisBp,0.125,7,7,GTCCTCGCCAATGCTTGAAA,0,3582416
tisBp,0.125,7,7,GTCCCTCCCTAAATGCTGCT,0,3590755
tisBp,0.125,7,7,GTCCCGGAACAATCCCTGCC,0,3582793
tisBp,0.125,7,7,GTCATGTTCAGTACGGGTGG,0,3579843
tisBp,0.125,7,7,GTCAGTTAACATTGAACATG,0,3541812
tisBp,0.125,7,7,GTCACCCTTAACGCACATGG,0,3576316
tisBp,0.125,7,7,GTCAAAATATTCCCTGCCTT,0,3553171
tisBp,0.125,7,7,GTATTCAGGTGCATGTCATC,0,3560176
tisBp,0.125,7,7,GTATGCAGGGCGCCCTTCTA,0,3588288
tisBp,0.125,7,7,GTATCTCGGTGAAAATCAGG,0,3584111
tisBp,0.125,7,7,GTATCAACAACCCCTCACCG,0,3544113
tisBp,0.125,7,7,GTAGTATAACACATAGCTGA,0,3603036
tisBp,0.125,7,7,GTAGGGAGAAGTGTCATGTT,0,3548809
tisBp,0.125,7,7,GTAGGCTAGAGAAATACAAA,0,3572204
tisBp,0.125,7,7,GTAGCTGATACTGGACCATA,0,3583995
tisBp,0.125,7,7,GTACCACGGCGGGCGACTCC,0,3553417
tisBp,0.125,7,7,GTACATCCTCGTATATGCTC,0,3548902
tisBp,0.125,7,7,GTACAAACTTAACGACAGTC,0,3598654
tisBp,0.125,7,7,GTAAGATCGAACAGCAAATG,0,3554338
tisBp,0.125,7,7,GGTTTGTGGGTGTGCCGCGT,0,3571145
tisBp,0.125,7,7,GGTTGGCTCCAGGGATTACA,0,3565787
tisBp,0.125,7,7,GGTGTAGGTACCAATCATTG,0,3547040
tisBp,0.125,7,7,GGTGGGCGACTCACAGACAA,0,3588179
tisBp,0.125,7,7,GGTGCCTATTAGAGTGGCCG,0,3544677
tisBp,0.125,7,7,GGTGCACGATGGCGCATGCA,0,3545370
tisBp,0.125,7,7,GGTGATAGATGGGTAAGGTT,0,3544856
tisBp,0.125,7,7,GGTGACTCGCTCTGGTGCAT,0,3596259
tisBp,0.125,7,7,GGTGAATATGCCACAAACGG,0,3577358
tisBp,0.125,7,7,GGTATAGAGGCTCGACTTGG,0,3591212
tisBp,0.125,7,7,GGTAGGAAGCTTCCAGGGGA,0,3554974
tisBp,0.125,7,7,GGTAGATGCCCAGAAGGTAA,0,3545714
tisBp,0.125,7,7,GGTAGACATAACCCACTAAT,0,3554785
tisBp,0.125,7,7,GGGTTAGCAAGATAACTTGA,0,3561042
tisBp,0.125,7,7,GGGTGCTCGCCACTTGGAAC,0,3567524
tisBp,0.125,7,7,GGGTACCGGGCGTGTAAATT,0,3574933
tisBp,0.125,7,7,GGGGTTCTCGGGAGGCACTA,0,3590134
tisBp,0.125,7,7,GGGGTCCGTAGTTGTACGCC,0,3578215
tisBp,0.125,7,7,GGGGTAAAAAAGTCAAGTCA,0,3572977
tisBp,0.125,7,7,GGGGGGAGCTTAAGGTAATG,0,3567983
tisBp,0.125,7,7,GGGGGCTCTCACCTGCCTCT,0,3555503
tisBp,0.125,7,7,GGGGAAGGTTGGACCGTCCC,0,3565370
tisBp,0.125,7,7,GGGCTAGGGCAAAATGATGT,0,3581208
tisBp,0.125,7,7,GGGCGTCGGTACGTAGCGGC,0,3554247
tisBp,0.125,7,7,GGGCGCCCGGCGCCTTCCCA,0,3560626
tisBp,0.125,7,7,GGGCCTACAGTGTACGATGG,0,3595203
tisBp,0.125,7,7,GGGCATTCAGAAACGCCATT,0,3581907
tisBp,0.125,7,7,GGGATTGCACCATCGACTGA,0,3575048
tisBp,0.125,7,7,GGGATTCAACTCACCCGGCT,0,3541519
tisBp,0.125,7,7,GGGAGAAGTTCTTTATAGCA,0,3601815
tisBp,0.125,7,7,GGGAAATGCGTCGCCGCCTA,0,3578518
tisBp,0.125,7,7,GGCTTGAAAGCCGTGTATTC,0,3563276
tisBp,0.125,7,7,GGCTGCGTCATTGCAGGCTC,0,3554311
tisBp,0.125,7,7,GGCTATAATCTGAGTGCTGC,0,3573534
tisBp,0.125,7,7,GGCTACATTGCTAATCGCTC,0,3594025
tisBp,0.125,7,7,GGCGTGCAGACCACTGCGTA,0,3577765
tisBp,0.125,7,7,GGCGGGTTTTGAAGTCCCCA,0,3599919
tisBp,0.125,7,7,GGCCTCGGCGGGATGAGTTA,0,3587593
tisBp,0.125,7,7,GGCCGTTTCCATACAGTCAC,0,3550813
tisBp,0.125,7,7,GGCCGTGTCAACGCCACGGT,0,3563492
tisBp,0.125,7,7,GGCCCGGTCCTATATGAGAA,0,3578469
tisBp,0.125,7,7,GGCCCGGACGGCGGGGTTTT,0,3544942
tisBp,0.125,7,7,GGCCATGGCGGCACACGTGC,0,3600291
tisBp,0.125,7,7,GGCATTAAAACACGAACGTA,0,3591264
tisBp,0.125,7,7,GGCAGGGACTCGCCCCAAGA,0,3563363
tisBp,0.125,7,7,GGCAGGCCCCTGGCCTGGTA,0,3580725
tisBp,0.125,7,7,GGATTTTCGAGAAACCGCTT,0,3563650
tisBp,0.125,7,7,GGATTCTATGTGTGAGCTCA,0,3548571
tisBp,0.125,7,7,GGATTACGTTCCTCGTCGCG,0,3589109
tisBp,0.125,7,7,GGATAGGTCGGACGGAGGCA,0,3591516
tisBp,0.125,7,7,GGACCCGATGGGAGTACCTC,0,3562853
tisBp,0.125,7,7,GGACAGTAGAATTAGCGGAC,0,3551298
tisBp,0.125,7,7,GGACAGGGCCGTGAAAGCAT,0,3572996
tisBp,0.125,7,7,GGAACTGGACGGGTGGCGGC,0,3567543
tisBp,0.125,7,7,GGAAAGGGTGCCTGTTCGAG,0,3585825
tisBp,0.125,7,7,GCTTTTTCCAGCTAACGGTT,0,3600475
tisBp,0.125,7,7,GCTTTGCTACCTAAGTGGTC,0,3561972
tisBp,0.125,7,7,GCTTGGAGATCGCACATATT,0,3586584
tisBp,0.125,7,7,GCTTCTATTGCGGCCAGGTT,0,3590472
tisBp,0.125,7,7,GCTTCCTGTCCCGGAGCGAT,0,3551092
tisBp,0.125,7,7,GCTTCACTCGAAAGTTGTCG,0,3582679
tisBp,0.125,7,7,GCTTCACCTGCCCTAAAGAC,0,3557350
tisBp,0.125,7,7,GCTGTAATCAGGCTCACATA,0,3561563
tisBp,0.125,7,7,GCTGGAAAGTTCTATCTCCG,0,3550733
tisBp,0.125,7,7,GCTGAGGTTACGGTTGGTAC,0,3554744
tisBp,0.125,7,7,GCTGACGCCACCGGTCTGTT,0,3571971
tisBp,0.125,7,7,GCTCGTATCTCAGGCATTGT,0,3568802
tisBp,0.125,7,7,GCTCGGGTTTAGAGGGTGTC,0,3574324
tisBp,0.125,7,7,GCTCCCGACCCGGACAGGCA,0,3564515
tisBp,0.125,7,7,GCTATTAGCAGGGAGGAGGT,0,3562023
tisBp,0.125,7,7,GCTACATCGTTTCCCTTTCT,0,3581114
tisBp,0.125,7,7,GCTACAGAAGCAGCGACAAA,0,3568244
tisBp,0.125,7,7,GCTAAGCGTTAGATGTAGCT,0,3592904
tisBp,0.125,7,7,GCGTTTCCCTAGTTCAGTGT,0,3577450
tisBp,0.125,7,7,GCGTTTATCCGAACTGCATA,0,3596085
tisBp,0.125,7,7,GCGTTCACTGCGCCAGACTA,0,3576190
tisBp,0.125,7,7,GCGTTCAACCTGGGATTTAC,0,3596119
tisBp,0.125,7,7,GCGTCCGCTGATCAAGGGAC,0,3586012
tisBp,0.125,7,7,GCGGTGTTGAGCACCTGCGC,0,3579739
tisBp,0.125,7,7,GCGGGACGGTAGATGCCATA,0,3582302
tisBp,0.125,7,7,GCGGGAATCAACAGGTCTGA,0,3545436
tisBp,0.125,7,7,GCGGATTGCCTGGCTTAGGC,0,3553889
tisBp,0.125,7,7,GCGGATCCCAGTATTACTTA,0,3557606
tisBp,0.125,7,7,GCGGATACGTGAGAACGTTA,0,3552432
tisBp,0.125,7,7,GCGCCTACGTTATACCACGA,0,3587487
tisBp,0.125,7,7,GCGATCTTATCAGATTGACA,0,3590500
tisBp,0.125,7,7,GCGATCGTGGCTCGGAGCGT,0,3591023
tisBp,0.125,7,7,GCGATCGAGCTTCGTGCCCC,0,3558877
tisBp,0.125,7,7,GCGAGAAACTCCTCCGGCGA,0,3586163
tisBp,0.125,7,7,GCCTCCTTCAGTACGTCACG,0,3544489
tisBp,0.125,7,7,GCCGTTAATGAATTCCTCAC,0,3567064
tisBp,0.125,7,7,GCCGCGATGCACAAGGCCCA,0,3558957
tisBp,0.125,7,7,GCCGCCTGAGAGTCGCTTTC,0,3547451
tisBp,0.125,7,7,GCCCAAATTCCCCGTAGCAG,0,3555386
tisBp,0.125,7,7,GCCACGCAATTAAGCCAGCA,0,3595830
tisBp,0.125,7,7,GCCACGAGGGTCGCACACTT,0,3567707
tisBp,0.125,7,7,GCCAATCGTTATCCAGGTCA,0,3560630
tisBp,0.125,7,7,GCCAAGAGTGCCTTACCGTA,0,3598327
tisBp,0.125,7,7,GCAGGCTACCCGCAGCATAC,0,3590426
tisBp,0.125,7,7,GCAAGGGATGTCTCTCGACG,0,3569683
tisBp,0.125,7,7,GCAACGATTTCATGGTGTCT,0,3571500
tisBp,0.125,7,7,GCAAATGTAACTTTCTACCT,0,3600286
tisBp,0.125,7,7,GCAAACTGGCTATAGATTCT,0,3593903
tisBp,0.125,7,7,GATTGAATCGAAATCCCCGT,0,3557604
tisBp,0.125,7,7,GATGGGGAAAAGACGTGATT,0,3542368
tisBp,0.125,7,7,GATGCCGTCAGATTCTTTTT,0,3551496
tisBp,0.125,7,7,GATCTTCGGAATCAACCATG,0,3546147
tisBp,0.125,7,7,GATCTCTTGATAAAGACTAG,0,3550192
tisBp,0.125,7,7,GATCCTCGAGCAACGATGAT,0,3573799
tisBp,0.125,7,7,GATCATAAGAGAAATAGGGT,0,3586844
tisBp,0.125,7,7,GATCAGGATAACTTAGCTGA,0,3599663
tisBp,0.125,7,7,GATAGCGTTGGTCAGTAAAC,0,3545334
tisBp,0.125,7,7,GATACTCAACGGACGGTTGT,0,3583956
tisBp,0.125,7,7,GAGTCCTTGAGAAGCCCCAA,0,3580455
tisBp,0.125,7,7,GAGTCATAGAATCTATCGAC,0,3559921
tisBp,0.125,7,7,GAGGGTAACTTTTAGTTTTA,0,3583107
tisBp,0.125,7,7,GAGGCGCACCCAGTGATGGT,0,3592853
tisBp,0.125,7,7,GAGCCACTTAACGAATGAAT,0,3554208
tisBp,0.125,7,7,GACTGTTAGTGGAGACTCCG,0,3592845
tisBp,0.125,7,7,GACTGAGACCTTTTGGAGGC,0,3556644
tisBp,0.125,7,7,GACTCTTACAAGCGAGGATT,0,3552731
tisBp,0.125,7,7,GACTCTGAGGCGCTAAACCA,0,3590265
tisBp,0.125,7,7,GACGTTTTGCTACACCACTC,0,3579047
tisBp,0.125,7,7,GACGTCTCCGACTACTCCGA,0,3555052
tisBp,0.125,7,7,GACGGGCCAAGTAGCGGTAT,0,3556622
tisBp,0.125,7,7,GACGGATCAGGACCCAGGAG,0,3569158
tisBp,0.125,7,7,GACCGCCAGATGCTTAGTGT,0,3573728
tisBp,0.125,7,7,GACAGCAAGCCTTGTCCTCG,0,3591623
tisBp,0.125,7,7,GACACTTGGAGACTTAAGAA,0,3543947
tisBp,0.125,7,7,GACACTCCTGTATACAAAAA,0,3592815
tisBp,0.125,7,7,GAATCGAAGTTTAATACGCA,0,3545425
tisBp,0.125,7,7,GAATACGTACGGCCTCACTG,0,3544381
tisBp,0.125,7,7,GAATACACTGGGCGACGCTT,0,3600343
tisBp,0.125,7,7,GAAGGCGGGGATTCCAACTA,0,3600816
tisBp,0.125,7,7,GAAGCTGGGCACTCTTCTGT,0,3555239
tisBp,0.125,7,7,GAAGCTCTGCTATATCTATA,0,3551103
tisBp,0.125,7,7,GAAGCGCCCCGGACCTTTTC,0,3542587
tisBp,0.125,7,7,GAAGAATGATCAAGAGTACA,0,3559183
tisBp,0.125,7,7,GAACGGTCCAAAGAAAGCGC,0,3596098
tisBp,0.125,7,7,GAACGAACTGGTCTTAGTAG,0,3576339
tisBp,0.125,7,7,GAACGAAAGCACCAGCTGTA,0,3603140
tisBp,0.125,7,7,GAACCGCCTTGCCACCGGAT,0,3551799
tisBp,0.125,7,7,GAAATCGCACTTCTGAAGCA,0,3552218
tisBp,0.125,7,7,GAAAGCGTCGCTCGGAACAG,0,3558752
tisBp,0.125,7,7,GAAAATGCCGCTCAAGATGT,0,3586432
tisBp,0.125,7,7,GAAAAGTTCACCGAGCACAG,0,3568179
tisBp,0.125,7,7,GAAAACGCTTTCAGACCGAA,0,3570767
tisBp,0.125,7,7,CTTTCGGTTCAGTTCACCAG,0,3584472
tisBp,0.125,7,7,CTTTCGGCGTTACGAGTGCC,0,3554406
tisBp,0.125,7,7,CTTTAGGAATCTTTTCGCGT,0,3563667
tisBp,0.125,7,7,CTTGTCTGGCGTCACCCCCT,0,3550861
tisBp,0.125,7,7,CTTGGGCTCAGCGTGATGGA,0,3570955
tisBp,0.125,7,7,CTTGGCGCTGTATAGACGCG,0,3593474
tisBp,0.125,7,7,CTTGATGGACAAGTCTCGGG,0,3568867
tisBp,0.125,7,7,CTTCTCTTATATCATTTCCT,0,3545331
tisBp,0.125,7,7,CTTCGGAGGTTGAGTCGGAT,0,3558227
tisBp,0.125,7,7,CTTCCGTCTCTAGGGCCTGC,0,3570351
tisBp,0.125,7,7,CTTCCAAAGTTGCGCCAGAC,0,3568414
tisBp,0.125,7,7,CTTATTTTAGTAAGGGTGTG,0,3545055
tisBp,0.125,7,7,CTTAGCCCACTGTCCTGTAC,0,3560370
tisBp,0.125,7,7,CTTAGACATGCGAGGGAATA,0,3552890
tisBp,0.125,7,7,CTGTTTATCGCTCAATCTAT,0,3587058
tisBp,0.125,7,7,CTGTGCGGCTTTGCAGCAAG,0,3595052
tisBp,0.125,7,7,CTGTCACAACGTTTTCGGGA,0,3545383
tisBp,0.125,7,7,CTGGTGAACTCGAGGATTCT,0,3574865
tisBp,0.125,7,7,CTGGCTCCTGGTCTATTTCT,0,3580691
tisBp,0.125,7,7,CTGGCGAGTTTAGCTATATT,0,3542691
tisBp,0.125,7,7,CTGGAACCGAATTATATATC,0,3599081
tisBp,0.125,7,7,CTGCTCGGTATTGTCCTGTA,0,3581733
tisBp,0.125,7,7,CTGCTCGCCCCACGAAAAAG,0,3588138
tisBp,0.125,7,7,CTGCTAAAAGGTAATCAGTC,0,3553652
tisBp,0.125,7,7,CTGCGTCGGGAGCTCGTAGT,0,3573800
tisBp,0.125,7,7,CTGCGCGCCATTGGTGGTCG,0,3589895
tisBp,0.125,7,7,CTGCCGCAAGAGGGGGCCAC,0,3573893
tisBp,0.125,7,7,CTGATAAGGACCTGAACCAG,0,3546465
tisBp,0.125,7,7,CTGAGCCGAACCAACCATAT,0,3551268
tisBp,0.125,7,7,CTGACCGAACCGTGGCATCC,0,3585624
tisBp,0.125,7,7,CTGACAGGGCTCTTAAGTGA,0,3564780
tisBp,0.125,7,7,CTGACAGGGAACCCGACTCC,0,3556459
tisBp,0.125,7,7,CTCTAAACCAGATATGAGAA,0,3590829
tisBp,0.125,7,7,CTCCTTCCTCAATAAGCAAA,0,3560331
tisBp,0.125,7,7,CTCCCTTGGTTCTGCGTCAA,0,3590469
tisBp,0.125,7,7,CTCATCGATCTCGCTTCCGA,0,3566499
tisBp,0.125,7,7,CTATTGCGTGACTCCCCTTA,0,3542409
tisBp,0.125,7,7,CTATGCTCAGTCTATGTGAA,0,3565972
tisBp,0.125,7,7,CTATCGTGGAACCGACCAGA,0,3570023
tisBp,0.125,7,7,CTATCATGGTTTGGACATAA,0,3592102
tisBp,0.125,7,7,CTAGCTGAGTGCGCTCATGG,0,3553852
tisBp,0.125,7,7,CTAGATCTAACTACCCTGCC,0,3560461
tisBp,0.125,7,7,CTAGAACGCGCATTCAATTT,0,3593040
tisBp,0.125,7,7,CTACGAGAGTAGGTACATCG,0,3554666
tisBp,0.125,7,7,CTACCTTTATTTTGTCCAGA,0,3587592
tisBp,0.125,7,7,CTAATTCGGAAACTTTGCTC,0,3558275
tisBp,0.125,7,7,CTAATGGCGCACTACCGTGG,0,3589892
tisBp,0.125,7,7,CTAAGGTGCGAGTCCCCCTT,0,3560042
tisBp,0.125,7,7,CGTTAGTCTTGGATCTAGGT,0,3560131
tisBp,0.125,7,7,CGTTAGTAATCAGGGGGCGG,0,3546564
tisBp,0.125,7,7,CGTTACCGGATTCGATGGTT,0,3553313
tisBp,0.125,7,7,CGTGGCTTTTACGCTGGCTT,0,3554697
tisBp,0.125,7,7,CGTGCGTCCACGATCACCGC,0,3576251
tisBp,0.125,7,7,CGTGATGTAGGAAGTTGCTT,0,3544033
tisBp,0.125,7,7,CGTCTTGACGCGTCAAACGC,0,3588265
tisBp,0.125,7,7,CGTCGATGGATAGTGAGCCC,0,3547787
tisBp,0.125,7,7,CGTCCGACCAGCGGAGCGGC,0,3568701
tisBp,0.125,7,7,CGTATGCGTGAATATGTACA,0,3582109
tisBp,0.125,7,7,CGTAGGCGCCACCCGCGTAA,0,3578076
tisBp,0.125,7,7,CGTACAGGTTTATACTGATA,0,3556861
tisBp,0.125,7,7,CGTAACGACCGGGTGAGGGA,0,3562478
tisBp,0.125,7,7,CGGGTGCCGGTTCCTGAATG,0,3601526
tisBp,0.125,7,7,CGGGGATGGACCGCGTTAAC,0,3574595
tisBp,0.125,7,7,CGGGACCCTCTAAGTGGCAG,0,3579676
tisBp,0.125,7,7,CGGCTTACTGCATTAATCCA,0,3587845
tisBp,0.125,7,7,CGGCGATCATTGTCTGCCTA,0,3566108
tisBp,0.125,7,7,CGGCCTACCTCCACACTCGA,0,3559364
tisBp,0.125,7,7,CGGCACCTCGTTACAGTAAG,0,3560155
tisBp,0.125,7,7,CGGATAGGCTGGAACCTGTG,0,3561899
tisBp,0.125,7,7,CGGAGTGCCCAATGGAAATA,0,3585125
tisBp,0.125,7,7,CGGAGGTTGTTCCAAAGCAT,0,3546637
tisBp,0.125,7,7,CGGACTTCACACCGTTAGGT,0,3582142
tisBp,0.125,7,7,CGGACTCGTTACTCTAGATA,0,3571644
tisBp,0.125,7,7,CGGACAATATGCCCTGAGGG,0,3557712
tisBp,0.125,7,7,CGCTCGCCTTAGATCGGCAA,0,3560680
tisBp,0.125,7,7,CGCTCATATGACACTCTAAG,0,3565173
tisBp,0.125,7,7,CGCTATATTAATGTCTGGGT,0,3543071
tisBp,0.125,7,7,CGCGGTAGACTAGCGGTTAA,0,3564930
tisBp,0.125,7,7,CGCCTAGAGAGTAAAACAAC,0,3583686
tisBp,0.125,7,7,CGCCCGCAATATCCTTATAG,0,3588267
tisBp,0.125,7,7,CGCAGGGCTAGACTAATCAT,0,3596596
tisBp,0.125,7,7,CGCAGGACAGGTCAGGCCTA,0,3569988
tisBp,0.125,7,7,CGCAGACAAGGTAGGCGTCA,0,3548831
tisBp,0.125,7,7,CGCAATGTCATCTTTGGGAG,0,3600894
tisBp,0.125,7,7,CGATTCGCGAGGCGTTCTTC,0,3570617
tisBp,0.125,7,7,CGAGTCACAGTTGGGCGCAC,0,3580273
tisBp,0.125,7,7,CGAGGTGTTCCGTACTGGAC,0,3551693
tisBp,0.125,7,7,CGAGGGTCCTCACTGTAATA,0,3576143
tisBp,0.125,7,7,CGAGCTGTGTGGCGTTGCTC,0,3594109
tisBp,0.125,7,7,CGACTTGGCGTTAGGCGTTG,0,3591607
tisBp,0.125,7,7,CGACATCGGTTAGGGTCGAT,0,3573180
tisBp,0.125,7,7,CGAATTCGTGTCTCAACAAG,0,3593406
tisBp,0.125,7,7,CGAATCCTGGGTGAACATGA,0,3566223
tisBp,0.125,7,7,CCTTGCGTACGTAACAGCCC,0,3585725
tisBp,0.125,7,7,CCTTCGGCAAACGCATGTCA,0,3542551
tisBp,0.125,7,7,CCTTACCCACTACACTCTCG,0,3579127
tisBp,0.125,7,7,CCTGTCGGCGCCAGCCAGAT,0,3590575
tisBp,0.125,7,7,CCTGCTCTCACAACTGTGTA,0,3579240
tisBp,0.125,7,7,CCTGCGGAATAAGTGGAGCG,0,3589757
tisBp,0.125,7,7,CCTGAGCGTTGAATAATTTA,0,3554759
tisBp,0.125,7,7,CCTCTGTTAAAGGATCGATT,0,3541288
tisBp,0.125,7,7,CCTCCGAATGCATTCCTAGA,0,3561199
tisBp,0.125,7,7,CCTCAGTCGCACCCGTCGAT,0,3597045
tisBp,0.125,7,7,CCTACCCGAAAGCCAATAGG,0,3601701
tisBp,0.125,7,7,CCTACACCAAAAAACCAGGA,0,3581783
tisBp,0.125,7,7,CCTAATGGTCCCACTAGCTC,0,3545256
tisBp,0.125,7,7,CCTAATCCTGGTGTAAAACG,0,3577490
tisBp,0.125,7,7,CCGTTGTGAATCTCTGCTAA,0,3553416
tisBp,0.125,7,7,CCGTGTAGGCGCTATCCGCA,0,3576191
tisBp,0.125,7,7,CCGTGTACAAGAGTTTAGCC,0,3560227
tisBp,0.125,7,7,CCGTCCGAGTCATAATACGT,0,3554987
tisBp,0.125,7,7,CCGTAGACGTCAGCCAACCG,0,3584856
tisBp,0.125,7,7,CCGGCGCCAGCCCACCGCTG,0,3572276
tisBp,0.125,7,7,CCGAGTGGTCATAACTATCG,0,3545956
tisBp,0.125,7,7,CCGACAGTATTCGGATCCGT,0,3593347
tisBp,0.125,7,7,CCCTGGTTTATGCAAATCAT,0,3594537
tisBp,0.125,7,7,CCCTGCTTGGAGGGTACCCC,0,3553385
tisBp,0.125,7,7,CCCTGCCAAAGATGAATAAC,0,3548438
tisBp,0.125,7,7,CCCGGCAAACTTCGCCCTAG,0,3589688
tisBp,0.125,7,7,CCCGATCCATGCCTCCGTAC,0,3598108
tisBp,0.125,7,7,CCCCTTTTCTGGGTTTGAAG,0,3576528
tisBp,0.125,7,7,CCCCCGCTAAGTATGATCAC,0,3594298
tisBp,0.125,7,7,CCCCACACTAGCCTTCTCAC,0,3544421
tisBp,0.125,7,7,CCCATTAACGCCCGTCCGAC,0,3574110
tisBp,0.125,7,7,CCCAGTTCTTTGACTAATTT,0,3580113
tisBp,0.125,7,7,CCCAAGCCTAGGACCAAATC,0,3570724
tisBp,0.125,7,7,CCCAACTAAGTGGCAGCACA,0,3598687
tisBp,0.125,7,7,CCCAAATATATCTAGACGTG,0,3596610
tisBp,0.125,7,7,CCATGACATCATCTTTGTCT,0,3584097
tisBp,0.125,7,7,CCATCGAACGCAGCTCACTT,0,3580489
tisBp,0.125,7,7,CCAGTTATCGCTTACTACAG,0,3583470
tisBp,0.125,7,7,CCAGGCGGATACACAGTCCC,0,3550415
tisBp,0.125,7,7,CCAGAGTAGAGTGCTACCAA,0,3569527
tisBp,0.125,7,7,CCAGAGACGGCCTTAGGAGA,0,3565555
tisBp,0.125,7,7,CCACTTCCTGGTTCACGTGT,0,3582408
tisBp,0.125,7,7,CCACTATTGGCTCCCCGGTT,0,3572773
tisBp,0.125,7,7,CCACGCGGTCCAGTTTGCAT,0,3566086
tisBp,0.125,7,7,CCACGAGGGCTTCGCACGTT,0,3550870
tisBp,0.125,7,7,CCACCGGTCTGGATGTCGCC,0,3591412
tisBp,0.125,7,7,CCAATACAATACCCCGCAAT,0,3561164
tisBp,0.125,7,7,CCAACGTCCACCAGTCCCGA,0,3591692
tisBp,0.125,7,7,CCAAATCCTCCGCTGGTACT,0,3571613
tisBp,0.125,7,7,CATTATTGTGTACTTTAGGG,0,3596460
tisBp,0.125,7,7,CATTATGAACCGGCGCGGGA,0,3587917
tisBp,0.125,7,7,CATTATCACTGTGGATAGGA,0,3543127
tisBp,0.125,7,7,CATTAGGAGCTTGTTTTGAT,0,3582783
tisBp,0.125,7,7,CATGTACTGCTAACCGTGGA,0,3584633
tisBp,0.125,7,7,CATGGGGTTTTGGATAGACC,0,3564438
tisBp,0.125,7,7,CATGGCCCCTAGCCGTGCAA,0,3587940
tisBp,0.125,7,7,CATGAGGGACACGCCCAGAG,0,3570644
tisBp,0.125,7,7,CATCGTTAAGCTCTGTCATT,0,3571597
tisBp,0.125,7,7,CATATGGCACGCAAGGTATT,0,3550304
tisBp,0.125,7,7,CAGTGGTTCTGCGTAAGTGT,0,3543346
tisBp,0.125,7,7,CAGTGGCGCTAGAGCTGACT,0,3558161
tisBp,0.125,7,7,CAGTCTGGATCCTAACAATA,0,3572156
tisBp,0.125,7,7,CAGTCCGAGTTGTTCTGCGG,0,3588898
tisBp,0.125,7,7,CAGTATTGAGACTTACTCCA,0,3595671
tisBp,0.125,7,7,CAGTAGGGAACGGGAGACAT,0,3543302
tisBp,0.125,7,7,CAGCTTCATGCCAGCACAGC,0,3581677
tisBp,0.125,7,7,CAGCTTATCTAATCGCTATT,0,3601290
tisBp,0.125,7,7,CAGCGTGGGTTCTTACGAAT,0,3556307
tisBp,0.125,7,7,CAGCGACAGTCCTATACGTG,0,3571355
tisBp,0.125,7,7,CAGCAATCATCGGTCGTAGA,0,3563885
tisBp,0.125,7,7,CAGATACACAGGAGTCAAAT,0,3573210
tisBp,0.125,7,7,CAGAGACGCTAGGCCACAGC,0,3549065
tisBp,0.125,7,7,CAGACGAGTCGCACAAAAAA,0,3591512
tisBp,0.125,7,7,CACTGGCCTGGGAGATAAGG,0,3549187
tisBp,0.125,7,7,CACTGCGGTCAAACCGTCTG,0,3583910
tisBp,0.125,7,7,CACTAGGTAGTTGGGCACAG,0,3571184
tisBp,0.125,7,7,CACGTATAGGATCCATCCAA,0,3552578
tisBp,0.125,7,7,CACGGTAAGTGAGCCGGGAG,0,3559528
tisBp,0.125,7,7,CACGGGCCGCTTCGGCACAA,0,3573546
tisBp,0.125,7,7,CACCTTATTCTGTTGCGCAA,0,3544031
tisBp,0.125,7,7,CACCTATGGGTCCGGCAGCT,0,3581134
tisBp,0.125,7,7,CACCGCATAGGCAACATCGA,0,3590956
tisBp,0.125,7,7,CACCATTTTTTTTGCGAATT,0,3567949
tisBp,0.125,7,7,CACAGGGGGTCGCGTGCCCT,0,3569076
tisBp,0.125,7,7,CAATTCAAAGGGCAGCGATG,0,3577189
tisBp,0.125,7,7,CAATCACATGCAGCACGAGC,0,3586443
tisBp,0.125,7,7,CAAGTGTGGGCGGGCATTCT,0,3573344
tisBp,0.125,7,7,CAAGGCTCGGACAGATACGA,0,3565589
tisBp,0.125,7,7,CAAGCCAGCCGCTTTTGCTT,0,3562799
tisBp,0.125,7,7,CAAGATAGGAGTTACAAGGT,0,3561316
tisBp,0.125,7,7,CAACGGGGACCGTAACCCTT,0,3562022
tisBp,0.125,7,7,CAACATTTAGAAACCACGCC,0,3587177
tisBp,0.125,7,7,CAAATCTCCAGCTACCGCGT,0,3560784
tisBp,0.125,7,7,CAAAGATCCTCTGCCTCGAA,0,3571056
tisBp,0.125,7,7,ATTTTGCACCGGATACGGGA,0,3594486
tisBp,0.125,7,7,ATTTGCGAGCAGCTTTCTCT,0,3595811
tisBp,0.125,7,7,ATTTCCCTTAGCCAGGATAG,0,3582851
tisBp,0.125,7,7,ATTGTGCTGTCGGTGCCGAT,0,3552653
tisBp,0.125,7,7,ATTGACAGTACGCTCACCCC,0,3598803
tisBp,0.125,7,7,ATTGACACGGGTATGTCAGG,0,3565549
tisBp,0.125,7,7,ATTCCACGCAACACTTACTA,0,3559000
tisBp,0.125,7,7,ATTCAGGCCGTGTTTCCTGG,0,3577580
tisBp,0.125,7,7,ATTACTCAGAGCCAGCTGGC,0,3563900
tisBp,0.125,7,7,ATTACCTAGTGGGTCAGTAG,0,3590666
tisBp,0.125,7,7,ATTACAGGCCAACGCAGGTC,0,3575657
tisBp,0.125,7,7,ATGTTAGTCCCAATTTCCTA,0,3574330
tisBp,0.125,7,7,ATGTGTGCCTTTAAGCCTGT,0,3554817
tisBp,0.125,7,7,ATGTGCGTTAGCTACGTATG,0,3602681
tisBp,0.125,7,7,ATGTGCGCCAAAGCTTTAGA,0,3559459
tisBp,0.125,7,7,ATGTGCGACAATACACAGTC,0,3546002
tisBp,0.125,7,7,ATGGGTTCACGGGGAAACAA,0,3600111
tisBp,0.125,7,7,ATGGGCAGCGTAACGACCCC,0,3558856
tisBp,0.125,7,7,ATGGGATGAATCCATGACCA,0,3596870
tisBp,0.125,7,7,ATGGCGCCCGCTTTCGACCC,0,3554330
tisBp,0.125,7,7,ATGGCAACGGATACTGCGCC,0,3585548
tisBp,0.125,7,7,ATGCGGATGTACTAAGTACT,0,3587354
tisBp,0.125,7,7,ATGCCAGCCGTATCCGCGAA,0,3594795
tisBp,0.125,7,7,ATGCCACGCAATATTGTGGG,0,3555081
tisBp,0.125,7,7,ATGAGTACCATTTGGACGAT,0,3579077
tisBp,0.125,7,7,ATGAGCGGTATGACTTCCTG,0,3582751
tisBp,0.125,7,7,ATGACCCAGGGCGACCGCGA,0,3561412
tisBp,0.125,7,7,ATGAATGTGGTCACCTTTCA,0,3581794
tisBp,0.125,7,7,ATGAACGCGGACTGCGGATG,0,3569497
tisBp,0.125,7,7,ATGAAAGTGAATGTAGCACT,0,3569721
tisBp,0.125,7,7,ATCTTCTGCCGAGGGGTCGC,0,3565094
tisBp,0.125,7,7,ATCTCGGTTTTCCATAGTAA,0,3582381
tisBp,0.125,7,7,ATCGTCATCAACTTCGTGAT,0,3564859
tisBp,0.125,7,7,ATCGCCCGTGTGCTGGTATT,0,3574669
tisBp,0.125,7,7,ATCGACTGTTTCCAGGAGCT,0,3591057
tisBp,0.125,7,7,ATCCGCCAGAACTGACTATT,0,3546666
tisBp,0.125,7,7,ATCCCCGGGTAATCATGTCT,0,3601394
tisBp,0.125,7,7,ATCATTCGGAGTTGGTAAAG,0,3556962
tisBp,0.125,7,7,ATCAGCAACGGAGGAAACCC,0,3587610
tisBp,0.125,7,7,ATCACCTGGCGCGTGCCGCT,0,3573606
tisBp,0.125,7,7,ATCAAGAGGAGGCCAATCAT,0,3556964
tisBp,0.125,7,7,ATATTACCTATAATGCTATA,0,3557248
tisBp,0.125,7,7,ATAGGGTAACTCAAACCCTC,0,3563183
tisBp,0.125,7,7,ATAGGATTGCGACGCGGCCT,0,3553830
tisBp,0.125,7,7,ATAGCTAAGCCTCGAATTGA,0,3542168
tisBp,0.125,7,7,ATAATATGAGTGCAACCATC,0,3556363
tisBp,0.125,7,7,ATAATACCAGCTGGCCGGAA,0,3586559
tisBp,0.125,7,7,ATAAGGCTAGTTATCACGAA,0,3549615
tisBp,0.125,7,7,ATAAGCCCAGTCGATTATTA,0,3558060
tisBp,0.125,7,7,ATAAATTGCTCCAATGGCCC,0,3578704
tisBp,0.125,7,7,AGTTGTTTAATTGAACGGAT,0,3548574
tisBp,0.125,7,7,AGTTGAGAGCATTGGGTGTT,0,3592800
tisBp,0.125,7,7,AGTTCATTACAGGCTCTAAG,0,3557914
tisBp,0.125,7,7,AGTTAGATGAACTCGCTCAG,0,3569680
tisBp,0.125,7,7,AGTGCAAGTATAGGGCTACG,0,3559493
tisBp,0.125,7,7,AGTCTCAAAGAGGTGCTCCT,0,3597467
tisBp,0.125,7,7,AGTCGGAACTCACCTGTGTT,0,3544161
tisBp,0.125,7,7,AGTACTGGGAGCGACGGGCA,0,3571151
tisBp,0.125,7,7,AGGTGTCAGCAATAGTTGTG,0,3560437
tisBp,0.125,7,7,AGGTGGCTTATGAGACTAAC,0,3561268
tisBp,0.125,7,7,AGGTGGCCTCATCAACAGAA,0,3561761
tisBp,0.125,7,7,AGGTCGGTCTACTATACAGC,0,3555339
tisBp,0.125,7,7,AGGGTGATAGAAGTCCCAAC,0,3555752
tisBp,0.125,7,7,AGGGTAAAAGCATATCCTTT,0,3571377
tisBp,0.125,7,7,AGGGGTGCGCCTTAACTTGG,0,3563291
tisBp,0.125,7,7,AGGGGGCACAGCCTACCAAG,0,3573897
tisBp,0.125,7,7,AGGGGGAATAAAAAAGATTC,0,3590377
tisBp,0.125,7,7,AGGGATCTGCTAAGGACTTG,0,3595799
tisBp,0.125,7,7,AGGCTAGTGGAATGTAAACT,0,3597414
tisBp,0.125,7,7,AGGCCGTAAAATGAAGGAAA,0,3563564
tisBp,0.125,7,7,AGGAATTAGATCGAGCGCTT,0,3582006
tisBp,0.125,7,7,AGGAACCACATCCAGGTGTT,0,3585827
tisBp,0.125,7,7,AGGAAATCTCTGGTCAACTC,0,3561321
tisBp,0.125,7,7,AGCTGGCATTCACCGAAGAT,0,3552708
tisBp,0.125,7,7,AGCTGGAAGTCGTTCAGAAA,0,3559741
tisBp,0.125,7,7,AGCTGCTGAACTCCCCTAGG,0,3577068
tisBp,0.125,7,7,AGCTGAAGCAGCAAGGGGAT,0,3568886
tisBp,0.125,7,7,AGCTATCCAGGATTTCGTCT,0,3602391
tisBp,0.125,7,7,AGCGGGTAATTCTTCGCGGT,0,3556310
tisBp,0.125,7,7,AGCGGCTTCCAAAGATAGCG,0,3555295
tisBp,0.125,7,7,AGCCATCTTTGCAAGTTCCC,0,3571062
tisBp,0.125,7,7,AGCATCACCTGAAAACTTAT,0,3596622
tisBp,0.125,7,7,AGCAGACCTACGGAGTTTAG,0,3603601
tisBp,0.125,7,7,AGCACTCCAGTCACTCGGGC,0,3571255
tisBp,0.125,7,7,AGCAAGGCCGTGAATCAGAT,0,3546123
tisBp,0.125,7,7,AGCAAACGTTGTAGCATTCC,0,3554011
tisBp,0.125,7,7,AGATTGTCTGCATTCAAGTG,0,3559379
tisBp,0.125,7,7,AGATTATTCGGCACCGGTTC,0,3565922
tisBp,0.125,7,7,AGATCCGGCGAGCGCGGGCG,0,3552958
tisBp,0.125,7,7,AGAGTCGGACTCTGGGTGGG,0,3548347
tisBp,0.125,7,7,AGAGTACATGGAGAGCCGTA,0,3549846
tisBp,0.125,7,7,AGAGGTTCCCGGGGCCATAC,0,3595036
tisBp,0.125,7,7,AGAGGAAGTCCCTAAAAGAC,0,3543096
tisBp,0.125,7,7,AGAGCGCTGCAGCACAACGC,0,3579687
tisBp,0.125,7,7,AGACGTGGTTGCAACGTTGT,0,3595599
tisBp,0.125,7,7,AGACAAGCGCACAGAGACTT,0,3548343
tisBp,0.125,7,7,AGAAGACGTGGAGGTTATTG,0,3581289
tisBp,0.125,7,7,ACTTTAAATGTATGGGACGC,0,3602633
tisBp,0.125,7,7,ACTTCACAACAATTAACGCC,0,3582380
tisBp,0.125,7,7,ACTTAGTGGGGCCGCAGACT,0,3574075
tisBp,0.125,7,7,ACTTAGACTCGATTAATTCG,0,3568042
tisBp,0.125,7,7,ACTGTCAACTATACCTCTTA,0,3601900
tisBp,0.125,7,7,ACTGCAATCTTCCCGCTTAG,0,3584260
tisBp,0.125,7,7,ACTGAGTCGGTTCCGTCTAT,0,3567685
tisBp,0.125,7,7,ACTCGATATGTACGTTTAAG,0,3555923
tisBp,0.125,7,7,ACTAGCTCCGGACTGATAAT,0,3551441
tisBp,0.125,7,7,ACGTTTCCTCGGAGATCGGC,0,3550871
tisBp,0.125,7,7,ACGTGGCAACACGCCGAAGT,0,3568041
tisBp,0.125,7,7,ACGTGACAAAAGGCAAATGT,0,3565718
tisBp,0.125,7,7,ACGTCTTATTCTGTAAAAAG,0,3569763
tisBp,0.125,7,7,ACGGTCCATTTTCAACGCCC,0,3595721
tisBp,0.125,7,7,ACGGGTCTGGTCCCGAGCTG,0,3578612
tisBp,0.125,7,7,ACGGGTAAAGGGTTTGGGCT,0,3557242
tisBp,0.125,7,7,ACGGCAACGTGCTGAACGGG,0,3571076
tisBp,0.125,7,7,ACGGAAGGCTTTCGCGCTGC,0,3562630
tisBp,0.125,7,7,ACGCTGGCAATGCGAACTGA,0,3592386
tisBp,0.125,7,7,ACGCTAGCGCCCTGTTTGTT,0,3549442
tisBp,0.125,7,7,ACGCAGTTGAAGGCTTCTTG,0,3601439
tisBp,0.125,7,7,ACGACTGGGCAGTCGGATCT,0,3590664
tisBp,0.125,7,7,ACGACCTGGTGCATCATTCT,0,3583924
tisBp,0.125,7,7,ACGAATTACTTGCATTCGCC,0,3587103
tisBp,0.125,7,7,ACGAACAGCACCTATGTATA,0,3578887
tisBp,0.125,7,7,ACCTTGCTCCGTTTCGTCTA,0,3563946
tisBp,0.125,7,7,ACCTGGTAAAAACTAGAAAG,0,3582606
tisBp,0.125,7,7,ACCTAGATAGCGCACATGGG,0,3596298
tisBp,0.125,7,7,ACCGGGATATTTCGTCAGTG,0,3581215
tisBp,0.125,7,7,ACCGCCTTTCGTCTCTTAGC,0,3581396
tisBp,0.125,7,7,ACCGCCATTGCTACTGAGTG,0,3587113
tisBp,0.125,7,7,ACCCATCTAGAGCAGATTGT,0,3567418
tisBp,0.125,7,7,ACCATATTAGAGTTCAACGG,0,3577147
tisBp,0.125,7,7,ACCAATGGCACAAGTTAATA,0,3573588
tisBp,0.125,7,7,ACCAACCAAAGTCTGCTGTG,0,3559545
tisBp,0.125,7,7,ACATTTGTGGGGATTTGCTG,0,3557126
tisBp,0.125,7,7,ACATTCGCCATTTCTTACAT,0,3584229
tisBp,0.125,7,7,ACATGCGCGTCCCGCGGTAA,0,3574197
tisBp,0.125,7,7,ACATGATCGTCGTGGTCTGT,0,3548336
tisBp,0.125,7,7,ACATCTCTGCACTACGCAAG,0,3546646
tisBp,0.125,7,7,ACAGGGTACGGCGGCCCGGT,0,3576845
tisBp,0.125,7,7,ACAGGCCCTGGGTCCGGCGT,0,3574231
tisBp,0.125,7,7,ACACTGACGCTTTGAACTGC,0,3542760
tisBp,0.125,7,7,ACACCGTCCACCTCGTACCT,0,3589190
tisBp,0.125,7,7,ACACATGAGAACGTTAAGAA,0,3586700
tisBp,0.125,7,7,ACACACACTTAAAAATCTCC,0,3550970
tisBp,0.125,7,7,ACAATGCGGTATTATAAACC,0,3559984
tisBp,0.125,7,7,ACAATATAAATAGGCCCCTG,0,3547333
tisBp,0.125,7,7,ACAAGGGCAAACGCTTCTTT,0,3573054
tisBp,0.125,7,7,ACAACTGGCCCGTGGCCACA,0,3599714
tisBp,0.125,7,7,ACAACACGCGGTCAGGCATA,0,3543855
tisBp,0.125,7,7,ACAAATGCTCCCAGGCCGAA,0,3550133
tisBp,0.125,7,7,ACAAATCGAAGTCGAATCAT,0,3597826
tisBp,0.125,7,7,AATTTGTGAGTGACGTCGGT,0,3544128
tisBp,0.125,7,7,AATTGGGGCAGAGGAACTTA,0,3584257
tisBp,0.125,7,7,AATTGATTGATGCTACTTGG,0,3556511
tisBp,0.125,7,7,AATGTGTCGTAAGTTCTGCG,0,3560614
tisBp,0.125,7,7,AATGTGTCCAGCACTGGCGA,0,3570933
tisBp,0.125,7,7,AATGGGGATCTGCACGAAGG,0,3546272
tisBp,0.125,7,7,AATGAGTATGACAGGATTCA,0,3543077
tisBp,0.125,7,7,AATGAGCTATAGCAGCACGT,0,3592395
tisBp,0.125,7,7,AATGACCACTTCGTTATAGG,0,3556543
tisBp,0.125,7,7,AATCTAGTCAGTACTCGTTC,0,3561880
tisBp,0.125,7,7,AATCGTTAAATTCTATGCGT,0,3576505
tisBp,0.125,7,7,AATCCCGGGTCCCGTTGACG,0,3549262
tisBp,0.125,7,7,AATCAGGGCGAAGAGATTGC,0,3574621
tisBp,0.125,7,7,AATATATTTGTGCCAATTGA,0,3576415
tisBp,0.125,7,7,AATACTCCCGAGACAAAACT,0,3571207
tisBp,0.125,7,7,AATAAGTGCTGGTTCGTGTT,0,3600885
tisBp,0.125,7,7,AAGTTTGATGTGGCAGGTCG,0,3564425
tisBp,0.125,7,7,AAGGTATGGTAGGCACATGG,0,3589377
tisBp,0.125,7,7,AAGGCGTTCACTCTGCTCAG,0,3562997
tisBp,0.125,7,7,AAGCGATACCCTGAGTCGGT,0,3557140
tisBp,0.125,7,7,AAGCCAATCAAACGGACGAA,0,3546838
tisBp,0.125,7,7,AAGATTAGACCAGTGGATTC,0,3576535
tisBp,0.125,7,7,AAGATGACGGAATAATGGCA,0,3601217
tisBp,0.125,7,7,AAGAGTAACTCGTAACGATA,0,3554407
tisBp,0.125,7,7,AAGAGCGTCGATAGCCAAGT,0,3569391
tisBp,0.125,7,7,AAGACTGCGGTCCGAAACAA,0,3592254
tisBp,0.125,7,7,AAGACGAATGAGTGTCGATG,0,3588912
tisBp,0.125,7,7,AAGAATTCATCACAGAGTAA,0,3585846
tisBp,0.125,7,7,AAGAACGCGCTCGCTGCAGG,0,3585082
tisBp,0.125,7,7,AACTTTGTGAGTGTATGCGC,0,3570269
tisBp,0.125,7,7,AACTGGGCGAGTATGTTCAC,0,3574192
tisBp,0.125,7,7,AACTGCAGTGCCCGAGCATC,0,3578795
tisBp,0.125,7,7,AACGTCCTTTAGACCTCAGA,0,3563688
tisBp,0.125,7,7,AACGTCATGGGGTCACTGGT,0,3543349
tisBp,0.125,7,7,AACGAAAGGGTCATCAGGCA,0,3563076
tisBp,0.125,7,7,AACCTCCGCATGTTGATTCA,0,3560361
tisBp,0.125,7,7,AACCGGGGGCAGCGCACGTT,0,3572267
tisBp,0.125,7,7,AACCCTGAAAGAGTAAGGAG,0,3590597
tisBp,0.125,7,7,AACCCTATCAGTATCTGAAA,0,3544073
tisBp,0.125,7,7,AACATTATCATATGGGTTCA,0,3595378
tisBp,0.125,7,7,AACACTACACTAATGGTCGG,0,3543801
tisBp,0.125,7,7,AAATGCAGCGCGAGCGTACA,0,3545941
tisBp,0.125,7,7,AAATCCACAAGAGAGCGCTA,0,3570645
tisBp,0.125,7,7,AAAGCCACCTAAGAAAACAC,0,3603885
tisBp,0.125,7,7,AAAGATGTTGGACGAGCAGG,0,3547302
tisBp,0.125,7,7,AAACTCGTCATTTACTACCT,0,3549069
tisBp,0.125,7,7,AAAATTACGAAGGCAATAAC,0,3579174
tisBp,0.125,7,7,AAAATGCATCCGGCCACTTT,0,3563963
tisBp,0.125,7,7,AAAATCGCAATTTCACAATT,0,3574681
tisBp,0.125,7,7,AAAATATGATCATAATTACA,0,3543382
tisBp,0.125,7,7,AAAAGGCATAGGTGGTTATT,0,3559357
tisBp,0.14285714285714285,6,6,TTTTGGTTCCTAGTTTCGGT,0,3575099
tisBp,0.14285714285714285,6,6,TTTTCCGTGTGACCGCCCAA,0,3543115
tisBp,0.14285714285714285,6,6,TTTTCCAGTGAGAACAAGCC,0,3569209
tisBp,0.14285714285714285,6,6,TTTTCAAAAAACTCTGTACA,0,3566450
tisBp,0.14285714285714285,6,6,TTTGTAACGGGCCTAGACTT,0,3550576
tisBp,0.14285714285714285,6,6,TTTGACCGTTGGTATTGAAT,0,3587166
tisBp,0.14285714285714285,6,6,TTTCTCGTGGCTGGTATGTA,0,3590130
tisBp,0.14285714285714285,6,6,TTTCGCGACCAACATTCGCG,0,3557169
tisBp,0.14285714285714285,6,6,TTTCGAGTTCTAATCGGTAC,0,3543431
tisBp,0.14285714285714285,6,6,TTTACGGACCAAACTCTGCC,0,3554412
tisBp,0.14285714285714285,6,6,TTTACCTACCTAGATTTACT,0,3594737
tisBp,0.14285714285714285,6,6,TTTACAGAGGTACCTGAGGG,0,3593033
tisBp,0.14285714285714285,6,6,TTGTGAGCTCGCAGAACTCC,0,3555623
tisBp,0.14285714285714285,6,6,TTGGTAGTTGCTCCGCGTTG,0,3562471
tisBp,0.14285714285714285,6,6,TTGGGACGGTTCTCTAATTT,0,3603242
tisBp,0.14285714285714285,6,6,TTGGCGACATTCGAACGTCG,0,3559467
tisBp,0.14285714285714285,6,6,TTGGAGCTCGGACGATCCTT,0,3589442
tisBp,0.14285714285714285,6,6,TTGCGTCGAGCTTGGAACGA,0,3561552
tisBp,0.14285714285714285,6,6,TTGCGGTGCATGAGCATCTC,0,3544115
tisBp,0.14285714285714285,6,6,TTGCCTGAGACGTGATTCAT,0,3549716
tisBp,0.14285714285714285,6,6,TTGACTGTATAGAGAGATCT,0,3572195
tisBp,0.14285714285714285,6,6,TTGACAAGTTCTGGGTAAAA,0,3542658
tisBp,0.14285714285714285,6,6,TTCTTTCGGCAAATTTCTCT,0,3601843
tisBp,0.14285714285714285,6,6,TTCTTAGGGCCTGGAACAGG,0,3547670
tisBp,0.14285714285714285,6,6,TTCTTAGCTATCCGCGTGGT,0,3562249
tisBp,0.14285714285714285,6,6,TTCTCTATGAACGCTTGTCA,0,3553379
tisBp,0.14285714285714285,6,6,TTCTAATTTGCCCCGTATGA,0,3589500
tisBp,0.14285714285714285,6,6,TTCGGGACTCAGGTTATTCT,0,3556968
tisBp,0.14285714285714285,6,6,TTCATATTGTTATACAGTGT,0,3566036
tisBp,0.14285714285714285,6,6,TTCAGAAGGGGACTCATGTT,0,3594483
tisBp,0.14285714285714285,6,6,TTCACTATGACGTGTTTAGG,0,3542323
tisBp,0.14285714285714285,6,6,TTCACGGTAGGAAGGTATTT,0,3567575
tisBp,0.14285714285714285,6,6,TTCAAAGTGCATTGCGGACT,0,3573084
tisBp,0.14285714285714285,6,6,TTATTAGGAAATTGTAGTGT,0,3585867
tisBp,0.14285714285714285,6,6,TTATCATATCGTTGGTATAC,0,3579159
tisBp,0.14285714285714285,6,6,TTAGAGAAGGAACCACATTG,0,3593221
tisBp,0.14285714285714285,6,6,TTACGGAACGGTCGCTAGCT,0,3594206
tisBp,0.14285714285714285,6,6,TTAATTAAGAAAGGCATCTC,0,3554582
tisBp,0.14285714285714285,6,6,TTAATATAGGCTCAGTATGT,0,3570235
tisBp,0.14285714285714285,6,6,TTAAGTTCATACTGAGCCTA,0,3571947
tisBp,0.14285714285714285,6,6,TGTTTGGCGACAACTATGCG,0,3561260
tisBp,0.14285714285714285,6,6,TGTTGTCTCATAGACGCGTT,0,3564384
tisBp,0.14285714285714285,6,6,TGTTGGCAAGTAGAGCCATC,0,3549098
tisBp,0.14285714285714285,6,6,TGTTGACTCTCAAGGTTTGA,0,3602978
tisBp,0.14285714285714285,6,6,TGTTCTAAGGTCGTGCACGC,0,3591128
tisBp,0.14285714285714285,6,6,TGTTATTGCGTTAAATTTCT,0,3541733
tisBp,0.14285714285714285,6,6,TGTGTCCCGTGCCGTTTTAC,0,3595260
tisBp,0.14285714285714285,6,6,TGTGTAGTGAATCATAGTAT,0,3595390
tisBp,0.14285714285714285,6,6,TGTGTAAGAAGGCGAGAATA,0,3561420
tisBp,0.14285714285714285,6,6,TGTGCCGAGTAGAGCCTCCT,0,3569401
tisBp,0.14285714285714285,6,6,TGTGAAGGGATTGTATTACG,0,3546025
tisBp,0.14285714285714285,6,6,TGTCTATAAAACCCTTATGG,0,3597782
tisBp,0.14285714285714285,6,6,TGTCGCGCTTATATAACCAA,0,3566150
tisBp,0.14285714285714285,6,6,TGTCAAGTGGCTGCGTTTGT,0,3561694
tisBp,0.14285714285714285,6,6,TGTATGTGAGTTGAGGATTT,0,3601660
tisBp,0.14285714285714285,6,6,TGTATGGACTCGACGCCTGG,0,3602595
tisBp,0.14285714285714285,6,6,TGTATCAACAAGGTCCTTAC,0,3588426
tisBp,0.14285714285714285,6,6,TGTAGGGGGAGCTCAAATGT,0,3558964
tisBp,0.14285714285714285,6,6,TGTAGCGGCGCTTAGCCGGA,0,3561698
tisBp,0.14285714285714285,6,6,TGTACGTCAATCGTCATTCC,0,3571116
tisBp,0.14285714285714285,6,6,TGGTTGTCGTGGGGTCGGTT,0,3569409
tisBp,0.14285714285714285,6,6,TGGTTGATTTGTTAGATGGT,0,3563831
tisBp,0.14285714285714285,6,6,TGGTTCATCAGATCCCACAT,0,3562419
tisBp,0.14285714285714285,6,6,TGGTCAATCCTGAAGAAGGG,0,3564331
tisBp,0.14285714285714285,6,6,TGGTAGCCCCACAACTACCT,0,3572284
tisBp,0.14285714285714285,6,6,TGGGTTAGCAAGCCGAACCT,0,3585501
tisBp,0.14285714285714285,6,6,TGGGTTAGAAAGGTCACGTC,0,3590928
tisBp,0.14285714285714285,6,6,TGGGCCACAAAATTTAGAAA,0,3596393
tisBp,0.14285714285714285,6,6,TGGGACGTATAAAACTTTTT,0,3541847
tisBp,0.14285714285714285,6,6,TGGCCTTAATCATGGAATAA,0,3571899
tisBp,0.14285714285714285,6,6,TGGCATCCACCACTAAGTTT,0,3557289
tisBp,0.14285714285714285,6,6,TGGCAAAGGCAACGCTCCGG,0,3563462
tisBp,0.14285714285714285,6,6,TGGCAAAAAGATCCCATCCC,0,3544405
tisBp,0.14285714285714285,6,6,TGGATCATGCGTCGGAGCTG,0,3578617
tisBp,0.14285714285714285,6,6,TGGAGCACCTTCACGCGAAC,0,3570259
tisBp,0.14285714285714285,6,6,TGGAACTGAACTGTACGTAA,0,3576428
tisBp,0.14285714285714285,6,6,TGGAACTCCCAGGTCGCTTA,0,3576430
tisBp,0.14285714285714285,6,6,TGGAAATAGGAGAGCCTCAC,0,3554945
tisBp,0.14285714285714285,6,6,TGGAAACGATAATGCAAGTC,0,3548196
tisBp,0.14285714285714285,6,6,TGCTTTAAAATGACCGTGGC,0,3557965
tisBp,0.14285714285714285,6,6,TGCTATCATGATTTTGGAAA,0,3554899
tisBp,0.14285714285714285,6,6,TGCTAGCGTAAAATAGAGAC,0,3557592
tisBp,0.14285714285714285,6,6,TGCTACGAACACATTGCCCT,0,3600354
tisBp,0.14285714285714285,6,6,TGCGTACCGACATGAAGCAA,0,3551147
tisBp,0.14285714285714285,6,6,TGCGAACTCAGTTATAACAT,0,3557047
tisBp,0.14285714285714285,6,6,TGCCCAAGCATGACAAATCT,0,3575461
tisBp,0.14285714285714285,6,6,TGCCATCAGACGGTACGTCG,0,3599250
tisBp,0.14285714285714285,6,6,TGCCAGACTGCTAGCGTTGG,0,3550317
tisBp,0.14285714285714285,6,6,TGCATATTACCTTATAAAAA,0,3589195
tisBp,0.14285714285714285,6,6,TGCACGCAGGTCCTCACATG,0,3597219
tisBp,0.14285714285714285,6,6,TGATGCGAAGGGGATTTGCT,0,3560672
tisBp,0.14285714285714285,6,6,TGATCGGGCTAGTCATTCGT,0,3567337
tisBp,0.14285714285714285,6,6,TGATAATCTCCAAGATCACC,0,3596965
tisBp,0.14285714285714285,6,6,TGATAAGATTGCATTGCGTT,0,3597263
tisBp,0.14285714285714285,6,6,TGAGTTTGTGATGCGATTAA,0,3572190
tisBp,0.14285714285714285,6,6,TGAGTTTGAATCTTGTGCAG,0,3578203
tisBp,0.14285714285714285,6,6,TGAGGACTCAGAGCTCTATG,0,3581364
tisBp,0.14285714285714285,6,6,TGAGCTGGGCGGAGGATCGA,0,3547558
tisBp,0.14285714285714285,6,6,TGAGCAAGCGGGATGGTTTT,0,3582359
tisBp,0.14285714285714285,6,6,TGAGACCCATCAGCCGGGGC,0,3555334
tisBp,0.14285714285714285,6,6,TGACTATTGTTCAAATCGTG,0,3591055
tisBp,0.14285714285714285,6,6,TGACCTCATTATCCTATTTG,0,3573565
tisBp,0.14285714285714285,6,6,TGACCGGGGGTATACCGACG,0,3569536
tisBp,0.14285714285714285,6,6,TGACAGCGTTCAGGATACCC,0,3548916
tisBp,0.14285714285714285,6,6,TGAATCTCATGTTCATAAAA,0,3578094
tisBp,0.14285714285714285,6,6,TGAAAACGGCTTTCGTCAGA,0,3603181
tisBp,0.14285714285714285,6,6,TCTTGGTATTAGCGATCATA,0,3602274
tisBp,0.14285714285714285,6,6,TCTTGGCGCGACGGTCATTG,0,3550815
tisBp,0.14285714285714285,6,6,TCTTGCATGATTGCACGAGT,0,3586161
tisBp,0.14285714285714285,6,6,TCTCAATCTCGAGACGTTTT,0,3551285
tisBp,0.14285714285714285,6,6,TCTATAGGTCGTGTAAGGGT,0,3571125
tisBp,0.14285714285714285,6,6,TCTAAGTTAAATTGTGCATC,0,3555746
tisBp,0.14285714285714285,6,6,TCTAACGTGGTGCATTTTGT,0,3583183
tisBp,0.14285714285714285,6,6,TCGTAGAAGACCTTTAAGCT,0,3559676
tisBp,0.14285714285714285,6,6,TCGGCATGTGGTTCAAACTT,0,3603460
tisBp,0.14285714285714285,6,6,TCGCTGTCTCCAGCACTTGC,0,3568040
tisBp,0.14285714285714285,6,6,TCGCGTTCGCGATTCATAGC,0,3559527
tisBp,0.14285714285714285,6,6,TCGCGATTCGGCGGATTGGG,0,3581018
tisBp,0.14285714285714285,6,6,TCGCCATTGATGCTTGGCCA,0,3564606
tisBp,0.14285714285714285,6,6,TCGCCACAACGTACTGAGTT,0,3566393
tisBp,0.14285714285714285,6,6,TCGAGGTATAGAACCGGGAC,0,3559974
tisBp,0.14285714285714285,6,6,TCGACGGCGTGCAGCTCTAC,0,3565266
tisBp,0.14285714285714285,6,6,TCGACACAGGGGTAAGTAAT,0,3573409
tisBp,0.14285714285714285,6,6,TCCTTATCGCATAACGATCC,0,3561781
tisBp,0.14285714285714285,6,6,TCCTGGCGTTGAAAAAGAGT,0,3595666
tisBp,0.14285714285714285,6,6,TCCGGGTTCGTATGATCGTG,0,3568243
tisBp,0.14285714285714285,6,6,TCCGCACTCACGCGTCTGTG,0,3541292
tisBp,0.14285714285714285,6,6,TCCGATCGTCAATGAGTCAA,0,3547448
tisBp,0.14285714285714285,6,6,TCCCGACTAAGTACTGGACA,0,3566711
tisBp,0.14285714285714285,6,6,TCCCAGTGTTCCAGAGTCTC,0,3560110
tisBp,0.14285714285714285,6,6,TCATTTCCCTAGTGCGAAGA,0,3551005
tisBp,0.14285714285714285,6,6,TCATTGGGTTTTGGCCTCAA,0,3551811
tisBp,0.14285714285714285,6,6,TCATGTACACCATTCCCGGC,0,3588785
tisBp,0.14285714285714285,6,6,TCATCAGCTGCATCCGTGAG,0,3576858
tisBp,0.14285714285714285,6,6,TCATAGGGATACATTTATCA,0,3585655
tisBp,0.14285714285714285,6,6,TCATAAGACGACCGGCTAAT,0,3577612
tisBp,0.14285714285714285,6,6,TCAGCTTACATGTAAAACTT,0,3586947
tisBp,0.14285714285714285,6,6,TCAGACTATCAGGGAAGCGG,0,3561152
tisBp,0.14285714285714285,6,6,TCACGCTTGCGCACCTAGTA,0,3577624
tisBp,0.14285714285714285,6,6,TCACACAATCTAACTCAGCA,0,3601598
tisBp,0.14285714285714285,6,6,TCAAGGTACGTAATGGTGCC,0,3582715
tisBp,0.14285714285714285,6,6,TCAAGGGTACCGCAGAATAT,0,3556675
tisBp,0.14285714285714285,6,6,TCAAGCGCGGAGATTGAGTA,0,3584119
tisBp,0.14285714285714285,6,6,TCAAATAGGTACTATACCTT,0,3591682
tisBp,0.14285714285714285,6,6,TCAAATACTCGGACTCCGGC,0,3587383
tisBp,0.14285714285714285,6,6,TATTTATCTTCACATACGGG,0,3581548
tisBp,0.14285714285714285,6,6,TATTCGTAGGAGAGAGGTAT,0,3570361
tisBp,0.14285714285714285,6,6,TATTCGCAAACTTCTATTTC,0,3592233
tisBp,0.14285714285714285,6,6,TATTCCATAGCAGAGTCCTA,0,3593709
tisBp,0.14285714285714285,6,6,TATGGGGGCCGGGTTAAAAC,0,3558178
tisBp,0.14285714285714285,6,6,TATGCTACGTAACACGTCGC,0,3580900
tisBp,0.14285714285714285,6,6,TATGCGCGGAAGTTTAACTT,0,3563777
tisBp,0.14285714285714285,6,6,TATGCGACCGTGGTGCAATG,0,3581256
tisBp,0.14285714285714285,6,6,TATGACAGCCGAGATTTCGA,0,3577029
tisBp,0.14285714285714285,6,6,TATCGGAAACGAGTCTATGC,0,3569871
tisBp,0.14285714285714285,6,6,TATCCCCGGTTATTATGAAT,0,3547643
tisBp,0.14285714285714285,6,6,TATCATCACGCCATATCGGT,0,3593508
tisBp,0.14285714285714285,6,6,TATCAGTGTGCGGGCGTACC,0,3596256
tisBp,0.14285714285714285,6,6,TATAGTCGATCTGCGATCTT,0,3595643
tisBp,0.14285714285714285,6,6,TATAACCCTGTTTAATGCGT,0,3564345
tisBp,0.14285714285714285,6,6,TAGTGTTGATATTCTTCACC,0,3557347
tisBp,0.14285714285714285,6,6,TAGTATATGTACCCTTCCGT,0,3574474
tisBp,0.14285714285714285,6,6,TAGGGAGATGCACACAACCT,0,3555180
tisBp,0.14285714285714285,6,6,TAGGAGCGTGTCATGGATCC,0,3593064
tisBp,0.14285714285714285,6,6,TAGCGCTGTTTTCACTGGGG,0,3585667
tisBp,0.14285714285714285,6,6,TAGATATTATCCAGGAAGTA,0,3588543
tisBp,0.14285714285714285,6,6,TAGAGATAATTTTTATTGCA,0,3549602
tisBp,0.14285714285714285,6,6,TAGACTTCATCATACACGCG,0,3542749
tisBp,0.14285714285714285,6,6,TACTAGGGGTTAGTGTCATT,0,3587901
tisBp,0.14285714285714285,6,6,TACTAGCCTTCTTCGACCCA,0,3585935
tisBp,0.14285714285714285,6,6,TACGGTGACAGTTGCTGATG,0,3602964
tisBp,0.14285714285714285,6,6,TACGCCTAAATGGCCTTCAA,0,3587645
tisBp,0.14285714285714285,6,6,TACCTCACATAAACACCTGT,0,3591888
tisBp,0.14285714285714285,6,6,TACCGCCACACCATAGCAGA,0,3549405
tisBp,0.14285714285714285,6,6,TACCATAGTGCCTAACTTTT,0,3545950
tisBp,0.14285714285714285,6,6,TACATCCTCTGGCAATCGTC,0,3567404
tisBp,0.14285714285714285,6,6,TACACTGCTAGAATCAACAA,0,3595072
tisBp,0.14285714285714285,6,6,TAAGTGTGTCTCCCGCCTCT,0,3601759
tisBp,0.14285714285714285,6,6,TAAGTCAAGTGGCTCTCCAC,0,3579764
tisBp,0.14285714285714285,6,6,TAAGGTATGGAAACGGAATG,0,3573901
tisBp,0.14285714285714285,6,6,TAAGGGCCGCATAGAAGGTT,0,3568297
tisBp,0.14285714285714285,6,6,TAAGGCGCTCCCTTACTGTT,0,3556628
tisBp,0.14285714285714285,6,6,TAAGCCGTATAAATTTACCT,0,3602226
tisBp,0.14285714285714285,6,6,TAACTGTCGGCAGCCAGGTT,0,3578398
tisBp,0.14285714285714285,6,6,TAACAGTGTTGTCGTTGCGG,0,3590306
tisBp,0.14285714285714285,6,6,TAAATATCAATGCAATGACT,0,3554295
tisBp,0.14285714285714285,6,6,TAAAGTATCCCGGGCTTCGG,0,3600129
tisBp,0.14285714285714285,6,6,TAAAGCTCATAAGTGGATCT,0,3566514
tisBp,0.14285714285714285,6,6,GTTTTTGGTAAAGTATGCGA,0,3592413
tisBp,0.14285714285714285,6,6,GTTTGTCCGATCCACAGAAA,0,3583194
tisBp,0.14285714285714285,6,6,GTTTGGGGCTTATAACAGTA,0,3554288
tisBp,0.14285714285714285,6,6,GTTTGCTTATCATCGGATCA,0,3568163
tisBp,0.14285714285714285,6,6,GTTTCCAAAGACAAGGCAGT,0,3552015
tisBp,0.14285714285714285,6,6,GTTTCAACCTTCCGCTTTTC,0,3560256
tisBp,0.14285714285714285,6,6,GTTGCGGTACGAGGAGTTGA,0,3559571
tisBp,0.14285714285714285,6,6,GTTGAGAGAGAGGCGAAGCC,0,3545912
tisBp,0.14285714285714285,6,6,GTTCGCAGGAGCACTTCATG,0,3558363
tisBp,0.14285714285714285,6,6,GTTATATCTAGACATGTCTG,0,3583166
tisBp,0.14285714285714285,6,6,GTTAGTGCCCTGCGCGCGGT,0,3544738
tisBp,0.14285714285714285,6,6,GTTAGATGAAAAAGCCAACC,0,3565583
tisBp,0.14285714285714285,6,6,GTTACTTACTCTTAGGTATA,0,3561145
tisBp,0.14285714285714285,6,6,GTTAAGACGACTATAGAGTT,0,3585728
tisBp,0.14285714285714285,6,6,GTTAACCATCTGGCTCTCAG,0,3565887
tisBp,0.14285714285714285,6,6,GTGTGGAATTAATTTTGGTT,0,3573487
tisBp,0.14285714285714285,6,6,GTGTAGAGGGAAGATGCTGC,0,3580747
tisBp,0.14285714285714285,6,6,GTGTACGATGCAAGCTTCGA,0,3545666
tisBp,0.14285714285714285,6,6,GTGGCATCCAACCCTCCCGT,0,3599050
tisBp,0.14285714285714285,6,6,GTGCGCCACCCTTTTGCAAA,0,3556518
tisBp,0.14285714285714285,6,6,GTGCCTGGTAAGAAGAAATA,0,3572442
tisBp,0.14285714285714285,6,6,GTGAGCCACTTGCGTGGACT,0,3550419
tisBp,0.14285714285714285,6,6,GTGACGCCTTCATCGTACGT,0,3560837
tisBp,0.14285714285714285,6,6,GTCTGGTGCCGGCCCAGGCT,0,3571101
tisBp,0.14285714285714285,6,6,GTCTGGCGCCCGGTGGCCTA,0,3572345
tisBp,0.14285714285714285,6,6,GTCTCGCCATGTTCTCGCGC,0,3558790
tisBp,0.14285714285714285,6,6,GTCTCGAACCCATACTAGGA,0,3559193
tisBp,0.14285714285714285,6,6,GTCTCAGAGATATGGCATAA,0,3548836
tisBp,0.14285714285714285,6,6,GTCGTTCAGGCTCAGGTGCC,0,3599115
tisBp,0.14285714285714285,6,6,GTCGGTGTAATGCAGTTTTC,0,3594239
tisBp,0.14285714285714285,6,6,GTCGGTACGCCGATGTCACC,0,3591317
tisBp,0.14285714285714285,6,6,GTCGCGGGGAGTAGGTGCGT,0,3600710
tisBp,0.14285714285714285,6,6,GTCGCGCCTTCGTAAAAATG,0,3544676
tisBp,0.14285714285714285,6,6,GTCGAACGTCAGTGGTCTAA,0,3573281
tisBp,0.14285714285714285,6,6,GTCCTGACCTCACATTCTTA,0,3549962
tisBp,0.14285714285714285,6,6,GTCCTCAACGATCGTGTATT,0,3546971
tisBp,0.14285714285714285,6,6,GTCCGTGAGTTCGAAATCCG,0,3586848
tisBp,0.14285714285714285,6,6,GTCAGCTGCTTGTCTGGAGC,0,3547405
tisBp,0.14285714285714285,6,6,GTCAGCGACGTTCCTAGAAA,0,3570196
tisBp,0.14285714285714285,6,6,GTCACCACAACCGTTAAAAA,0,3590111
tisBp,0.14285714285714285,6,6,GTCAACTATCTGCGTGCTCG,0,3544191
tisBp,0.14285714285714285,6,6,GTCAAAAGTATTTGTGCCTT,0,3556438
tisBp,0.14285714285714285,6,6,GTATTTGCGGACGTCCGTAT,0,3577298
tisBp,0.14285714285714285,6,6,GTATAACTGTGTCCGACTTA,0,3565950
tisBp,0.14285714285714285,6,6,GTATAAACTTCAGTGGAAGT,0,3565975
tisBp,0.14285714285714285,6,6,GTAGCTCATAGTGTGAGTAG,0,3588856
tisBp,0.14285714285714285,6,6,GTAGCGCGAGCGGGTCGAAA,0,3597354
tisBp,0.14285714285714285,6,6,GTAGAGTTTGGATATGTAGA,0,3549054
tisBp,0.14285714285714285,6,6,GTACGGTCATACGAGCAGAA,0,3547498
tisBp,0.14285714285714285,6,6,GTACCATCAGATTTATGATA,0,3597083
tisBp,0.14285714285714285,6,6,GTAAGCGGAGTGTAAAGAAG,0,3584484
tisBp,0.14285714285714285,6,6,GTAACGCACGGTTCTCACAG,0,3559965
tisBp,0.14285714285714285,6,6,GGTTTCTGACAGGGAGCAGG,0,3593177
tisBp,0.14285714285714285,6,6,GGTTGTTCGCAGTAACTTCT,0,3576182
tisBp,0.14285714285714285,6,6,GGTTCGACCGCGGTGCGTTA,0,3594120
tisBp,0.14285714285714285,6,6,GGTTAAGAAACGAGCCCAAG,0,3597777
tisBp,0.14285714285714285,6,6,GGTGTCGTATTGCGCCTCCG,0,3585848
tisBp,0.14285714285714285,6,6,GGTGTAGGCTCGTGCTCGTA,0,3579767
tisBp,0.14285714285714285,6,6,GGTGCTGCGAGTGCAACATA,0,3563101
tisBp,0.14285714285714285,6,6,GGTGCCGGACTCCACCATAC,0,3567053
tisBp,0.14285714285714285,6,6,GGTGCATCAGGGCTTGGAAC,0,3591421
tisBp,0.14285714285714285,6,6,GGTCTTGAAGGAGTCGGACG,0,3554331
tisBp,0.14285714285714285,6,6,GGTCTGTCAACCTGGCGAAA,0,3578127
tisBp,0.14285714285714285,6,6,GGTCTGTCAAACGGTATATC,0,3552171
tisBp,0.14285714285714285,6,6,GGTCTGGGTCCGTCAGCAGT,0,3545547
tisBp,0.14285714285714285,6,6,GGTCCCGCACATCGTACAAA,0,3561198
tisBp,0.14285714285714285,6,6,GGTCATCACATATATTGCTA,0,3559016
tisBp,0.14285714285714285,6,6,GGTATTATGCCTCGTATCGG,0,3555093
tisBp,0.14285714285714285,6,6,GGTACCTAAGGATAGCGGTC,0,3561314
tisBp,0.14285714285714285,6,6,GGTACCCGCTCACAATGTTG,0,3551512
tisBp,0.14285714285714285,6,6,GGTAAGTACGATCTGTTCGC,0,3569294
tisBp,0.14285714285714285,6,6,GGGTTTCACCATATATCGAG,0,3583836
tisBp,0.14285714285714285,6,6,GGGTTGGATACAGGCTGCTT,0,3583897
tisBp,0.14285714285714285,6,6,GGGTAAACCCATAAGAGGCG,0,3563206
tisBp,0.14285714285714285,6,6,GGGGTGGTACCGTGGACTAC,0,3544693
tisBp,0.14285714285714285,6,6,GGGGGGGCTGGCAAGACCTT,0,3597167
tisBp,0.14285714285714285,6,6,GGGGCTAAGCGAAAGAGAGA,0,3576367
tisBp,0.14285714285714285,6,6,GGGGCGCGCTCATGCGGTTC,0,3601729
tisBp,0.14285714285714285,6,6,GGGCTTGTTACTCCCTAATA,0,3582227
tisBp,0.14285714285714285,6,6,GGGCTTCTTGGTAGCTGGTT,0,3587337
tisBp,0.14285714285714285,6,6,GGGCCGAAGGTAAGAACGTC,0,3577505
tisBp,0.14285714285714285,6,6,GGGCCATAGTGACCAGTGGT,0,3558970
tisBp,0.14285714285714285,6,6,GGGCAATTTAGTTCTGGTCC,0,3563733
tisBp,0.14285714285714285,6,6,GGGAATGGAACCACGAACGT,0,3580963
tisBp,0.14285714285714285,6,6,GGCTTTCCTCCAAACTTCAA,0,3554297
tisBp,0.14285714285714285,6,6,GGCTTTACCCTTTCAGCGTC,0,3602648
tisBp,0.14285714285714285,6,6,GGCTGGTTCGCTCCTATGCT,0,3587170
tisBp,0.14285714285714285,6,6,GGCTGGGAGCCGGTGTTGCG,0,3589003
tisBp,0.14285714285714285,6,6,GGCTCTATCATCCAATCGGT,0,3567858
tisBp,0.14285714285714285,6,6,GGCTCCTTAACAGCTCACGG,0,3563036
tisBp,0.14285714285714285,6,6,GGCTACCCGTTACTCCTAGT,0,3600553
tisBp,0.14285714285714285,6,6,GGCGTAGGCCTAATGGCGGG,0,3573467
tisBp,0.14285714285714285,6,6,GGCGCCAGAAGACGATAGTT,0,3550513
tisBp,0.14285714285714285,6,6,GGCCTCTCCACGGGGGAAAA,0,3596701
tisBp,0.14285714285714285,6,6,GGCCGGGACTGAGCAAACTC,0,3592616
tisBp,0.14285714285714285,6,6,GGCCGAGACTCCTGGATCAA,0,3546937
tisBp,0.14285714285714285,6,6,GGCCATGGGGTGCCTTCATG,0,3563091
tisBp,0.14285714285714285,6,6,GGCCATACGTACTTCATTTT,0,3580036
tisBp,0.14285714285714285,6,6,GGCCACTGTGAACTAGACTC,0,3561628
tisBp,0.14285714285714285,6,6,GGCAGTTTCGCCAGATGGCA,0,3544236
tisBp,0.14285714285714285,6,6,GGCAGTGAAGTGCATACAAA,0,3559095
tisBp,0.14285714285714285,6,6,GGCAGGATTAGGGATGAGCT,0,3566471
tisBp,0.14285714285714285,6,6,GGCAATGAAGCGTGGGGCAC,0,3574879
tisBp,0.14285714285714285,6,6,GGATTGTGGTAAAGAGTTTC,0,3591639
tisBp,0.14285714285714285,6,6,GGATTGCGCTCTCCGAACAT,0,3589691
tisBp,0.14285714285714285,6,6,GGATGGGACCCGCCGTCGAG,0,3567966
tisBp,0.14285714285714285,6,6,GGATAAGTCTACTTGTGAGG,0,3562371
tisBp,0.14285714285714285,6,6,GGAGGGTGCGGGCCTCGGAG,0,3597440
tisBp,0.14285714285714285,6,6,GGAGGGGCAAAACCGCAATA,0,3566767
tisBp,0.14285714285714285,6,6,GGAGCTCGGGGCCAGACGTT,0,3599664
tisBp,0.14285714285714285,6,6,GGACTGGGTGTTCATCTCCA,0,3571836
tisBp,0.14285714285714285,6,6,GGACTCAGCCTTCCAACAAC,0,3548085
tisBp,0.14285714285714285,6,6,GGACGGTGCGTAGACTGGGC,0,3581281
tisBp,0.14285714285714285,6,6,GGACGGCTAATAGTTTGTGC,0,3544126
tisBp,0.14285714285714285,6,6,GGACGGACGTGTTATGTGAG,0,3546014
tisBp,0.14285714285714285,6,6,GGACCTCTTTTAATAACAGG,0,3582108
tisBp,0.14285714285714285,6,6,GGACCTCTACAGCGCCTAGC,0,3559995
tisBp,0.14285714285714285,6,6,GGACCGATTGGGCCATCGTA,0,3564333
tisBp,0.14285714285714285,6,6,GGACACGATGACTAAATCCA,0,3568652
tisBp,0.14285714285714285,6,6,GGAAGTACAGGACTGGATTT,0,3565367
tisBp,0.14285714285714285,6,6,GGAAGCTTCAGTTCCAGTGA,0,3599808
tisBp,0.14285714285714285,6,6,GGAAGAAAGACCCCGTGCCT,0,3584254
tisBp,0.14285714285714285,6,6,GGAACCGTGGGTATTACCCC,0,3548572
tisBp,0.14285714285714285,6,6,GGAAATTTGCTTCGCGCTGA,0,3603718
tisBp,0.14285714285714285,6,6,GCTTGGTATCACTACCAACC,0,3582940
tisBp,0.14285714285714285,6,6,GCTTGAACTCTTCGTCAGCC,0,3574479
tisBp,0.14285714285714285,6,6,GCTTAGGCTTTTGCCGAATC,0,3594446
tisBp,0.14285714285714285,6,6,GCTGTATCCAATCATAAGCA,0,3584371
tisBp,0.14285714285714285,6,6,GCTGCGGCCCGGTGTCGTAC,0,3585631
tisBp,0.14285714285714285,6,6,GCTCGATATTGGTAGCCGAA,0,3560887
tisBp,0.14285714285714285,6,6,GCTCCCCTGTATAGGTTCGG,0,3563945
tisBp,0.14285714285714285,6,6,GCTAGCCCTGGCGGGATTAG,0,3593263
tisBp,0.14285714285714285,6,6,GCTACCAGCCTTCAACGTCA,0,3543851
tisBp,0.14285714285714285,6,6,GCTACACCACCAGTATTAAT,0,3578011
tisBp,0.14285714285714285,6,6,GCTAAGACCATACGTTTTAA,0,3595586
tisBp,0.14285714285714285,6,6,GCGTTTCGTCACATTACCGG,0,3602210
tisBp,0.14285714285714285,6,6,GCGTTGAGATCCTACAGCCC,0,3596848
tisBp,0.14285714285714285,6,6,GCGTAGTCTCTCACGCAATA,0,3561551
tisBp,0.14285714285714285,6,6,GCGGTTTGGTGCTAGGTTGA,0,3577151
tisBp,0.14285714285714285,6,6,GCGGTTGGGATGTTAATGGG,0,3577345
tisBp,0.14285714285714285,6,6,GCGGGGACTGCCGGTCATTG,0,3568599
tisBp,0.14285714285714285,6,6,GCGGGATTGCCCTCGGGCCT,0,3582379
tisBp,0.14285714285714285,6,6,GCGGATTTAATCTGCAGGAA,0,3580856
tisBp,0.14285714285714285,6,6,GCGGAGATCGGAATTACCCT,0,3548890
tisBp,0.14285714285714285,6,6,GCGCTTGCTGTCTCAGCCAC,0,3585273
tisBp,0.14285714285714285,6,6,GCGCTAATCAAAGGCTGCGA,0,3579169
tisBp,0.14285714285714285,6,6,GCGCGCTGGAGGAGTTAGCT,0,3581737
tisBp,0.14285714285714285,6,6,GCGCGAAAGGGATCCCGATA,0,3566543
tisBp,0.14285714285714285,6,6,GCGATGTGCAGCACGTAGTT,0,3542951
tisBp,0.14285714285714285,6,6,GCGAGGTTACGTCTTCGTTA,0,3599387
tisBp,0.14285714285714285,6,6,GCGAATAAGAAAGTGTATAT,0,3577192
tisBp,0.14285714285714285,6,6,GCCTCGAGCTCTTGTGCATC,0,3575295
tisBp,0.14285714285714285,6,6,GCCTATTAGTAAGGAATGAT,0,3559119
tisBp,0.14285714285714285,6,6,GCCTAATTAATATTTTAAAG,0,3546620
tisBp,0.14285714285714285,6,6,GCCGTCATTTAGTTCGATAT,0,3593555
tisBp,0.14285714285714285,6,6,GCCGGGCTAGCGACCCAGGA,0,3552248
tisBp,0.14285714285714285,6,6,GCCGCATGCCATAGAGCGAA,0,3580894
tisBp,0.14285714285714285,6,6,GCCGATTATATAAAAATTTT,0,3568524
tisBp,0.14285714285714285,6,6,GCCGAACGAAGCGTTATGTG,0,3541435
tisBp,0.14285714285714285,6,6,GCCCGCACTCCCTCGACGGG,0,3551167
tisBp,0.14285714285714285,6,6,GCCCCGTGTTATCAGTGGCA,0,3560181
tisBp,0.14285714285714285,6,6,GCCCATTTTCTGGAGACTTG,0,3554104
tisBp,0.14285714285714285,6,6,GCCAGGAAACTAGGGTTTTA,0,3567165
tisBp,0.14285714285714285,6,6,GCCAAGCCATAGTCTGCTTT,0,3547689
tisBp,0.14285714285714285,6,6,GCATTAGCTCTTGACAGGCA,0,3599914
tisBp,0.14285714285714285,6,6,GCATGTGCTTGTCCTTCCCA,0,3594164
tisBp,0.14285714285714285,6,6,GCATGGAAACGCCCGACTTG,0,3557845
tisBp,0.14285714285714285,6,6,GCATGCTTGGGACAGGTTTC,0,3575220
tisBp,0.14285714285714285,6,6,GCATATTCCTAGTAAAATAT,0,3586846
tisBp,0.14285714285714285,6,6,GCATAGCAGTATGTACGCGT,0,3547092
tisBp,0.14285714285714285,6,6,GCAGGCGGAAATCGATAATA,0,3572786
tisBp,0.14285714285714285,6,6,GCAGACCATAATAAGTTCCT,0,3567062
tisBp,0.14285714285714285,6,6,GCAGAAGGGGACACTGGGAC,0,3552868
tisBp,0.14285714285714285,6,6,GCACTTAGATGGACCTCAGA,0,3548222
tisBp,0.14285714285714285,6,6,GCACTCCCAGGCGGTCCATG,0,3591518
tisBp,0.14285714285714285,6,6,GCACCGTTTTTTCAACTATC,0,3562157
tisBp,0.14285714285714285,6,6,GCACATGGGAGGTGATCGTA,0,3582301
tisBp,0.14285714285714285,6,6,GCAACTATGTGCCTTACTTG,0,3568776
tisBp,0.14285714285714285,6,6,GCAACTACGGCGAGCCTCAA,0,3590092
tisBp,0.14285714285714285,6,6,GCAACGCCGACATGAATTAC,0,3585698
tisBp,0.14285714285714285,6,6,GCAAATCGTATGTCCAGGAC,0,3570209
tisBp,0.14285714285714285,6,6,GCAAACGACGAAGATGTAGG,0,3591103
tisBp,0.14285714285714285,6,6,GATTTCCCTTGCCAGATCAA,0,3544426
tisBp,0.14285714285714285,6,6,GATTCCTACGTGAGAAAGAT,0,3584817
tisBp,0.14285714285714285,6,6,GATTACCTACGTGCTTTTAA,0,3582951
tisBp,0.14285714285714285,6,6,GATGTAGAAGCCTGGACGGA,0,3586869
tisBp,0.14285714285714285,6,6,GATGCTTTTCCCACAGGATG,0,3550696
tisBp,0.14285714285714285,6,6,GATGCATCCGATCGAGGTTC,0,3602774
tisBp,0.14285714285714285,6,6,GATGATTAGTGGTTCTACTT,0,3566406
tisBp,0.14285714285714285,6,6,GATGAAGTGAGCGGTTCCGT,0,3573413
tisBp,0.14285714285714285,6,6,GATCGCGCGGGCCGAAATAC,0,3577400
tisBp,0.14285714285714285,6,6,GATCCCAGAGCTAGGGCCGA,0,3545057
tisBp,0.14285714285714285,6,6,GATCCATTATGATTGTTCAA,0,3547712
tisBp,0.14285714285714285,6,6,GATATTCAGGGAATTGCGAC,0,3568696
tisBp,0.14285714285714285,6,6,GATATCTGGACGCTCCGAAA,0,3590334
tisBp,0.14285714285714285,6,6,GATATATGCGCGCCCACAGT,0,3563013
tisBp,0.14285714285714285,6,6,GATAGTAGGGGGGCTAACTA,0,3550761
tisBp,0.14285714285714285,6,6,GATAGCTGGTTTGGGAATTG,0,3545944
tisBp,0.14285714285714285,6,6,GATACATCTGGGGATCAAGA,0,3579724
tisBp,0.14285714285714285,6,6,GATAATTTCTCGTTGGCGGT,0,3579273
tisBp,0.14285714285714285,6,6,GAGTTCGGAGACAGTCCCAT,0,3543089
tisBp,0.14285714285714285,6,6,GAGTCTAGCATAAATAAGGT,0,3601223
tisBp,0.14285714285714285,6,6,GAGTCTAATTGATAAGGCCG,0,3587108
tisBp,0.14285714285714285,6,6,GAGTCGGGTTCTGAACAAGT,0,3550194
tisBp,0.14285714285714285,6,6,GAGGGATTTTCGACATGCAG,0,3560858
tisBp,0.14285714285714285,6,6,GAGGCTTTCCTGGATCGATG,0,3566862
tisBp,0.14285714285714285,6,6,GAGGATCGCGCGCAATCTAG,0,3565586
tisBp,0.14285714285714285,6,6,GAGGAAGTATAGGACGCACT,0,3571437
tisBp,0.14285714285714285,6,6,GAGCGAATTTCCGTCATGCT,0,3549289
tisBp,0.14285714285714285,6,6,GAGCAGAGATGGCTGTAAGA,0,3591144
tisBp,0.14285714285714285,6,6,GAGCACAAGATTGCAAGGAT,0,3596678
tisBp,0.14285714285714285,6,6,GAGATGAATTTTTTACCGGT,0,3557510
tisBp,0.14285714285714285,6,6,GAGAGCTCCCGATTACAAGT,0,3550531
tisBp,0.14285714285714285,6,6,GAGAGCCGCGCAGGCCCAAT,0,3573551
tisBp,0.14285714285714285,6,6,GAGAAGCAGAAGCTACCATG,0,3584316
tisBp,0.14285714285714285,6,6,GACTTTGACCGGGGACGCGT,0,3560671
tisBp,0.14285714285714285,6,6,GACTATCTATTAAGTAAGTA,0,3596542
tisBp,0.14285714285714285,6,6,GACTACCTACTTAGAATATT,0,3551385
tisBp,0.14285714285714285,6,6,GACTAATAGAATCAATTATT,0,3593810
tisBp,0.14285714285714285,6,6,GACGTACACATTGTATATAA,0,3586106
tisBp,0.14285714285714285,6,6,GACGGGATTAGCGAATCTGC,0,3588826
tisBp,0.14285714285714285,6,6,GACGACTCGGATAGCCTTGT,0,3593094
tisBp,0.14285714285714285,6,6,GACCGGCATATTTCTCAAAG,0,3558081
tisBp,0.14285714285714285,6,6,GACATTTCGAACACGACGAT,0,3578874
tisBp,0.14285714285714285,6,6,GACATTCAACCCATTATAGT,0,3566487
tisBp,0.14285714285714285,6,6,GAATTACTTGCTTCGGCGAT,0,3574480
tisBp,0.14285714285714285,6,6,GAATGTCATGCTGCCACGTG,0,3574118
tisBp,0.14285714285714285,6,6,GAATGAGGTACAGGGGGTGG,0,3565935
tisBp,0.14285714285714285,6,6,GAATGACCACCCGTCCGCGA,0,3588651
tisBp,0.14285714285714285,6,6,GAATCGGGGTGCTGAATCGC,0,3573496
tisBp,0.14285714285714285,6,6,GAATATGTGAATCCACGTTG,0,3548765
tisBp,0.14285714285714285,6,6,GAATATCAACACACCTGGCT,0,3562187
tisBp,0.14285714285714285,6,6,GAAGGCTGCGAGCTTTACAG,0,3571435
tisBp,0.14285714285714285,6,6,GAAGCTTGCGAAGGGAGATC,0,3582575
tisBp,0.14285714285714285,6,6,GAAGCGGAGATTCTGTCACT,0,3548966
tisBp,0.14285714285714285,6,6,GAAGCCTAAATATTAATCTA,0,3581433
tisBp,0.14285714285714285,6,6,GAAGAGCGTCGTTGCACGTC,0,3542181
tisBp,0.14285714285714285,6,6,GAAGAGAGCGAGTGAAACTA,0,3545892
tisBp,0.14285714285714285,6,6,GAACTGGTAGAGTTAACTCA,0,3545949
tisBp,0.14285714285714285,6,6,GAACCAGCTTCTTTTCCTCT,0,3546983
tisBp,0.14285714285714285,6,6,GAACACTCCCATAGTAATTC,0,3571665
tisBp,0.14285714285714285,6,6,GAAATGGACAATCTACGAGT,0,3544250
tisBp,0.14285714285714285,6,6,CTTTTTCTAGTAATGGTTAG,0,3558290
tisBp,0.14285714285714285,6,6,CTTTTGAATCCAGATGCATA,0,3560184
tisBp,0.14285714285714285,6,6,CTTTTCCCACGTACGTCTGT,0,3577428
tisBp,0.14285714285714285,6,6,CTTGTAACAGAGTTATCGGC,0,3550892
tisBp,0.14285714285714285,6,6,CTTGGAGCACGTTGTGTACC,0,3596859
tisBp,0.14285714285714285,6,6,CTTGCTCTGGGACGGTGGCT,0,3560125
tisBp,0.14285714285714285,6,6,CTTGCGTTATTTTTTAAGCA,0,3570287
tisBp,0.14285714285714285,6,6,CTTGCGCTGGGCTCAACAAA,0,3551882
tisBp,0.14285714285714285,6,6,CTTCGCCAGATCGACGGTTG,0,3570828
tisBp,0.14285714285714285,6,6,CTTCCACGCATACTTTACGC,0,3557145
tisBp,0.14285714285714285,6,6,CTTAGTCCACAGAAATAAAA,0,3569397
tisBp,0.14285714285714285,6,6,CTTACACGTCTTTTAATAGA,0,3548807
tisBp,0.14285714285714285,6,6,CTTAATACTAGCCCAGGATG,0,3585684
tisBp,0.14285714285714285,6,6,CTGTCGGAAAGGATAGGTGA,0,3553861
tisBp,0.14285714285714285,6,6,CTGTATGACGCGCTACGTTA,0,3588338
tisBp,0.14285714285714285,6,6,CTGGTGCTCTGATTAAGTCG,0,3555227
tisBp,0.14285714285714285,6,6,CTGGTCTTCACAACGGGAAA,0,3542922
tisBp,0.14285714285714285,6,6,CTGGTAAGTTGTCATATCCA,0,3577434
tisBp,0.14285714285714285,6,6,CTGGGCATTCCTATCAGCGA,0,3585395
tisBp,0.14285714285714285,6,6,CTGGGACCGAATTGCCAACC,0,3579428
tisBp,0.14285714285714285,6,6,CTGGGAACGCTGCGCGCTGC,0,3553570
tisBp,0.14285714285714285,6,6,CTGCACTATATGGTAAGTAA,0,3585856
tisBp,0.14285714285714285,6,6,CTGAGTTACAAGGTTCTTTT,0,3587590
tisBp,0.14285714285714285,6,6,CTGAGATCTGAGTCGCTTGG,0,3556218
tisBp,0.14285714285714285,6,6,CTCTTCCTCGTGCATAGGTA,0,3564481
tisBp,0.14285714285714285,6,6,CTCTTATTCGCACCACGGCG,0,3584514
tisBp,0.14285714285714285,6,6,CTCTGTTATTGGCCAAGCTC,0,3553835
tisBp,0.14285714285714285,6,6,CTCGTCGTTTGCGAACACCT,0,3549906
tisBp,0.14285714285714285,6,6,CTCGGCTAAGCCACAGCCCG,0,3569485
tisBp,0.14285714285714285,6,6,CTCGCACGTGCCCCGTTTAT,0,3570300
tisBp,0.14285714285714285,6,6,CTCGAGTTGCCTAATCGGTC,0,3597676
tisBp,0.14285714285714285,6,6,CTCCTTATCGTGAATCTCGG,0,3580202
tisBp,0.14285714285714285,6,6,CTCCGTTTCAGAACCAGTGA,0,3586107
tisBp,0.14285714285714285,6,6,CTCCGCCGGTACTCCACAAC,0,3582369
tisBp,0.14285714285714285,6,6,CTCCCGCGGGATGCCGTTAT,0,3585625
tisBp,0.14285714285714285,6,6,CTCAGGGGGGGTCTACCCAA,0,3603110
tisBp,0.14285714285714285,6,6,CTCAATCCTGGTACCATAGA,0,3586826
tisBp,0.14285714285714285,6,6,CTATGGCATGAACCGTGTTG,0,3592439
tisBp,0.14285714285714285,6,6,CTATGCCTTTGTGTCGGGTT,0,3599913
tisBp,0.14285714285714285,6,6,CTATATCTATTACTCCGAGA,0,3590103
tisBp,0.14285714285714285,6,6,CTATAAAGTCGCCACGAGGG,0,3548109
tisBp,0.14285714285714285,6,6,CTAGTGTAGCACTATCCGTC,0,3556820
tisBp,0.14285714285714285,6,6,CTAGTAGGGATAGGTGGGGA,0,3557493
tisBp,0.14285714285714285,6,6,CTAGGCGTGCAACAAACTGG,0,3588982
tisBp,0.14285714285714285,6,6,CTAGCGCCCTATGTAGGCCT,0,3571073
tisBp,0.14285714285714285,6,6,CTAGCAGAGCGCTCGGGCCG,0,3543207
tisBp,0.14285714285714285,6,6,CTACGTGGCTTAATGGGTCA,0,3565002
tisBp,0.14285714285714285,6,6,CTACGATCCGGGATACACAA,0,3577555
tisBp,0.14285714285714285,6,6,CTACAATTAGTTAAAGGAAA,0,3595728
tisBp,0.14285714285714285,6,6,CTACAATAAGCACTAAGCAG,0,3557014
tisBp,0.14285714285714285,6,6,CTAATGTCACACTGACTCCT,0,3595659
tisBp,0.14285714285714285,6,6,CTAATAGACACGATCAGCAG,0,3574876
tisBp,0.14285714285714285,6,6,CTAAGATGTGTTGAAGACAA,0,3590446
tisBp,0.14285714285714285,6,6,CTAACGTAGATTCTGTTTTC,0,3597792
tisBp,0.14285714285714285,6,6,CTAACACTGATACACCAGCT,0,3571499
tisBp,0.14285714285714285,6,6,CTAAATGTCGGGAATCATTC,0,3579755
tisBp,0.14285714285714285,6,6,CTAAATCACACATCACCGAG,0,3562797
tisBp,0.14285714285714285,6,6,CTAAAGGTGTGCCCGAGTCA,0,3586540
tisBp,0.14285714285714285,6,6,CTAAAAGATAGAATACCAAG,0,3578569
tisBp,0.14285714285714285,6,6,CGTTCGCCTTTGTTCCAACT,0,3594689
tisBp,0.14285714285714285,6,6,CGTTCAGGGGGTACTTAGGT,0,3541937
tisBp,0.14285714285714285,6,6,CGTTAACTCTTGATAGTCCA,0,3587112
tisBp,0.14285714285714285,6,6,CGTGGGTTCAATTCGTCACA,0,3568824
tisBp,0.14285714285714285,6,6,CGTGAAATAGCGTGAGCGCA,0,3598185
tisBp,0.14285714285714285,6,6,CGTCGCCATTACTCGGGGAT,0,3560876
tisBp,0.14285714285714285,6,6,CGTCGAAGCGGTGAGCCGTA,0,3596498
tisBp,0.14285714285714285,6,6,CGTCCCGTAGCACGCTTCAG,0,3581808
tisBp,0.14285714285714285,6,6,CGTCCCACTGAGCACGTATA,0,3554139
tisBp,0.14285714285714285,6,6,CGTCCAGTCAGCCACTAACA,0,3553654
tisBp,0.14285714285714285,6,6,CGTCAAATGTGAAAGCGGTG,0,3582515
tisBp,0.14285714285714285,6,6,CGTAAGTCATTAAGAGGGTG,0,3555974
tisBp,0.14285714285714285,6,6,CGTAACCGCGGGTAGATTCT,0,3545212
tisBp,0.14285714285714285,6,6,CGGTTTATTAACTATGCAGG,0,3571618
tisBp,0.14285714285714285,6,6,CGGTCTGTTTTGATTTGACC,0,3545200
tisBp,0.14285714285714285,6,6,CGGTACCCGGGGAGGACACA,0,3544711
tisBp,0.14285714285714285,6,6,CGGGGCGTGCGCTAGAACAC,0,3581162
tisBp,0.14285714285714285,6,6,CGGGGATATCATCCAATACA,0,3588050
tisBp,0.14285714285714285,6,6,CGGGCGCGACGGTGGGTCAG,0,3577704
tisBp,0.14285714285714285,6,6,CGGGACTTTTTTTTACATAC,0,3583626
tisBp,0.14285714285714285,6,6,CGGCTAGAGGGATACGGGTT,0,3566130
tisBp,0.14285714285714285,6,6,CGGCCATGTGCCTTGGTAGT,0,3583530
tisBp,0.14285714285714285,6,6,CGGCAACCGCGGCTCTTATC,0,3569025
tisBp,0.14285714285714285,6,6,CGGAGAATTCACCCGGGCTA,0,3573564
tisBp,0.14285714285714285,6,6,CGGACGCTTTTAGTACCTAC,0,3559190
tisBp,0.14285714285714285,6,6,CGGACCGGGATGTTAGCAAG,0,3593107
tisBp,0.14285714285714285,6,6,CGGAAGCGGGAGAGTCAATG,0,3579086
tisBp,0.14285714285714285,6,6,CGCTTCTGGCACAAATTCTG,0,3565321
tisBp,0.14285714285714285,6,6,CGCGAACGGCTCCCCCCTGA,0,3582171
tisBp,0.14285714285714285,6,6,CGCCTTCGGATTCCTGACTT,0,3573892
tisBp,0.14285714285714285,6,6,CGCCGTGGACACTCGCAAGG,0,3590372
tisBp,0.14285714285714285,6,6,CGCCGAGCGTACGTGACAGG,0,3588575
tisBp,0.14285714285714285,6,6,CGCCATAACATTTCCTCGAC,0,3556754
tisBp,0.14285714285714285,6,6,CGCAGGATCCGGGACAGCCT,0,3577477
tisBp,0.14285714285714285,6,6,CGCACGCTGGGACAAGCTTT,0,3553887
tisBp,0.14285714285714285,6,6,CGCAATGGCAAAATATGATA,0,3555597
tisBp,0.14285714285714285,6,6,CGATTTTTTTTCTCCCTCAG,0,3543098
tisBp,0.14285714285714285,6,6,CGATGGGCCGCTTGAGCTCT,0,3578826
tisBp,0.14285714285714285,6,6,CGATACATGCTCACCGGACA,0,3588220
tisBp,0.14285714285714285,6,6,CGATAATTCAAGATGAGACA,0,3563460
tisBp,0.14285714285714285,6,6,CGAGTAAGACAGTACCTAGT,0,3551340
tisBp,0.14285714285714285,6,6,CGAGGGAGGAGAAAAAGCAT,0,3548972
tisBp,0.14285714285714285,6,6,CGAGAACGGTGGTCCGCGTT,0,3566943
tisBp,0.14285714285714285,6,6,CGACGTACTGTGGATTTTAC,0,3562759
tisBp,0.14285714285714285,6,6,CGACGCTGGCTAGGACGCAT,0,3549722
tisBp,0.14285714285714285,6,6,CGACCTACATCGTAAAGGTT,0,3582230
tisBp,0.14285714285714285,6,6,CGACCCGGTTACTAGAGCGG,0,3581457
tisBp,0.14285714285714285,6,6,CGAATTAGGACTCTGGGTTT,0,3580215
tisBp,0.14285714285714285,6,6,CGAATGACGTACCGCTGGCT,0,3548278
tisBp,0.14285714285714285,6,6,CGAAGTCGCATAGGAAGAAA,0,3562416
tisBp,0.14285714285714285,6,6,CGAAGATCAACGTTGCCGGT,0,3594679
tisBp,0.14285714285714285,6,6,CGAACTAGATTACGGAGATG,0,3573582
tisBp,0.14285714285714285,6,6,CCTTGGTAGGCATTTTTCAC,0,3559239
tisBp,0.14285714285714285,6,6,CCTTAAGGACTTATCTCTTG,0,3597699
tisBp,0.14285714285714285,6,6,CCTGTGAATGCGAGAGGGGG,0,3591935
tisBp,0.14285714285714285,6,6,CCTGGTAATGCTCCGTGGAA,0,3575994
tisBp,0.14285714285714285,6,6,CCTGATGTACTGTATAATGA,0,3590599
tisBp,0.14285714285714285,6,6,CCTGATCATAACTGGGAAAT,0,3552333
tisBp,0.14285714285714285,6,6,CCTGAGAGTCCAGATGCTCA,0,3589196
tisBp,0.14285714285714285,6,6,CCTCTGATGGCGCAAGGTCA,0,3566512
tisBp,0.14285714285714285,6,6,CCTCGAGTTTACGGTTTTGA,0,3602790
tisBp,0.14285714285714285,6,6,CCTATCTCAAATACTTTGTC,0,3588718
tisBp,0.14285714285714285,6,6,CCTAGCGAGCTGCTATGTGC,0,3558112
tisBp,0.14285714285714285,6,6,CCTAATACGAAAGTGGCCGA,0,3585423
tisBp,0.14285714285714285,6,6,CCTAAGGACACCTTTAAGTT,0,3572645
tisBp,0.14285714285714285,6,6,CCTAACTCGGGCCGGTCTGT,0,3562279
tisBp,0.14285714285714285,6,6,CCTAAAAGTTTCAGCTATGA,0,3595920
tisBp,0.14285714285714285,6,6,CCGTTGGACAATGGCCTCGT,0,3574128
tisBp,0.14285714285714285,6,6,CCGTGTCGCTGTTTGCGTAG,0,3593756
tisBp,0.14285714285714285,6,6,CCGTGCGGTTAGATCGCGTA,0,3559983
tisBp,0.14285714285714285,6,6,CCGTACTCGCCCGTACAACA,0,3547607
tisBp,0.14285714285714285,6,6,CCGGTCAGCCCCTTGTCGTT,0,3562668
tisBp,0.14285714285714285,6,6,CCGGGTTGCTCAGCCCACGG,0,3597981
tisBp,0.14285714285714285,6,6,CCGGGGCAATCTGGCTCCTG,0,3559915
tisBp,0.14285714285714285,6,6,CCGGGCATATTGGCCCAGTA,0,3580462
tisBp,0.14285714285714285,6,6,CCGGAATGCGGATAGCGGTC,0,3561561
tisBp,0.14285714285714285,6,6,CCGCTTGGGGACCAATTAGC,0,3572355
tisBp,0.14285714285714285,6,6,CCGCTGCTACGGGCAAAAGC,0,3598724
tisBp,0.14285714285714285,6,6,CCGCCTTCTACTTACACCGG,0,3561116
tisBp,0.14285714285714285,6,6,CCGATTACGGCTCATCCTAC,0,3544776
tisBp,0.14285714285714285,6,6,CCGAGGATCACCTCCGTCCT,0,3585502
tisBp,0.14285714285714285,6,6,CCGAACCTTCGTGATCACGC,0,3563045
tisBp,0.14285714285714285,6,6,CCCTTCATATCAACAGTCGG,0,3589369
tisBp,0.14285714285714285,6,6,CCCTCCAAGGTCTGCGCTTC,0,3603291
tisBp,0.14285714285714285,6,6,CCCTAATACGCTACCGACAT,0,3545167
tisBp,0.14285714285714285,6,6,CCCGTCTGTTATAGAAGGTC,0,3570565
tisBp,0.14285714285714285,6,6,CCCGGGAGATCCATTTTGTT,0,3583494
tisBp,0.14285714285714285,6,6,CCCGCTAGCAAAGGCGGTCT,0,3583914
tisBp,0.14285714285714285,6,6,CCCGCGGATTCCGCCGACCA,0,3555489
tisBp,0.14285714285714285,6,6,CCCCTGCCTTAGTCCGTCAC,0,3562283
tisBp,0.14285714285714285,6,6,CCCCGGCTACTGCATGAGTG,0,3599290
tisBp,0.14285714285714285,6,6,CCCCCTCGTGTTTGACGGGT,0,3561455
tisBp,0.14285714285714285,6,6,CCCATGGGTCGGACCTCTAA,0,3583351
tisBp,0.14285714285714285,6,6,CCCATGGATGCCGCTTTTGG,0,3596478
tisBp,0.14285714285714285,6,6,CCCAGTCGGTCCAATCATTC,0,3569488
tisBp,0.14285714285714285,6,6,CCCACATTGCGCATGCAGTC,0,3574538
tisBp,0.14285714285714285,6,6,CCCAAGCCACCATTATCCTA,0,3573106
tisBp,0.14285714285714285,6,6,CCCAAAGCGGTCTCCGCAGA,0,3574467
tisBp,0.14285714285714285,6,6,CCATTGTGTACACATTTTGT,0,3572048
tisBp,0.14285714285714285,6,6,CCATGGGTACGCAGGCGGAT,0,3586940
tisBp,0.14285714285714285,6,6,CCATCTTGATGTCCGAGGAC,0,3558882
tisBp,0.14285714285714285,6,6,CCATACTGAAGACGCAGAGG,0,3544091
tisBp,0.14285714285714285,6,6,CCATACGTCCTGGATGGGTA,0,3542357
tisBp,0.14285714285714285,6,6,CCATAAGTAGATTGGTGCGA,0,3586812
tisBp,0.14285714285714285,6,6,CCAGGTAACCTAGCTTCTGA,0,3562719
tisBp,0.14285714285714285,6,6,CCAGGCGGGTTCCGTATCGA,0,3596499
tisBp,0.14285714285714285,6,6,CCAGGCGCACGAAGAGCGGG,0,3565826
tisBp,0.14285714285714285,6,6,CCAGCAGGAAGTGATTACCA,0,3581899
tisBp,0.14285714285714285,6,6,CCAGACGATGTGAGAGCTAA,0,3572323
tisBp,0.14285714285714285,6,6,CCACTCTTCCGTTATAAATA,0,3593677
tisBp,0.14285714285714285,6,6,CCAAGGGCGCCTGAATTGCC,0,3558991
tisBp,0.14285714285714285,6,6,CCAAGGCTTTGGGCAATGCC,0,3586923
tisBp,0.14285714285714285,6,6,CCAAGGATTCTTATGAGGGG,0,3597238
tisBp,0.14285714285714285,6,6,CCAAGAGTAGGACGGCAGGG,0,3574685
tisBp,0.14285714285714285,6,6,CCAAGAGGGCGCCTACAATG,0,3557910
tisBp,0.14285714285714285,6,6,CCAACGAAACTTCTACGACG,0,3586423
tisBp,0.14285714285714285,6,6,CATTTTCGCCGTCTGGAAAC,0,3575192
tisBp,0.14285714285714285,6,6,CATTTGCATTGGTGCCGTCA,0,3577682
tisBp,0.14285714285714285,6,6,CATTGGTCGTGTGGCAAATA,0,3578830
tisBp,0.14285714285714285,6,6,CATTCCACTTCAACTCCTGT,0,3550138
tisBp,0.14285714285714285,6,6,CATGTTAACGGCATTGGGCA,0,3573809
tisBp,0.14285714285714285,6,6,CATGTCTTACTGAATACCAT,0,3550336
tisBp,0.14285714285714285,6,6,CATGACCGGGTACCAAAGGA,0,3580289
tisBp,0.14285714285714285,6,6,CATCTATCTGTGCTTTTGAA,0,3570798
tisBp,0.14285714285714285,6,6,CATCGTTCTCGGATGAATTA,0,3594937
tisBp,0.14285714285714285,6,6,CATCGGCCAACAAAATATGT,0,3571796
tisBp,0.14285714285714285,6,6,CATCCAAAGGCCTCTGTATC,0,3553372
tisBp,0.14285714285714285,6,6,CATATGTGTCCTGACAGGGT,0,3602772
tisBp,0.14285714285714285,6,6,CATATGCTATAAAGCGTCGG,0,3566098
tisBp,0.14285714285714285,6,6,CATACAGTTCCGACGAATGT,0,3579541
tisBp,0.14285714285714285,6,6,CATAAGCGCTCAGTTTTGCC,0,3581318
tisBp,0.14285714285714285,6,6,CAGTTTTAAACGTGCTTGTT,0,3554089
tisBp,0.14285714285714285,6,6,CAGTTCTATGATATGATGCA,0,3549185
tisBp,0.14285714285714285,6,6,CAGTGACACTTTGGTGTCAC,0,3542025
tisBp,0.14285714285714285,6,6,CAGGGAAGGATGTTGGCCGG,0,3568265
tisBp,0.14285714285714285,6,6,CAGGCGTCCCTGCAGTGTAT,0,3577109
tisBp,0.14285714285714285,6,6,CAGGACGCTACGTCCAACGA,0,3598525
tisBp,0.14285714285714285,6,6,CAGCTGGAGTTTGATGGAGT,0,3573483
tisBp,0.14285714285714285,6,6,CAGCTAACATTTCAAATCGA,0,3591661
tisBp,0.14285714285714285,6,6,CAGCGGAGTTTTTCTCTCGT,0,3544165
tisBp,0.14285714285714285,6,6,CAGCCTACAATAAACGGGAA,0,3548334
tisBp,0.14285714285714285,6,6,CAGCCATGAGTCAATTTTAC,0,3599045
tisBp,0.14285714285714285,6,6,CAGATGATGCCGCCGACGCG,0,3581696
tisBp,0.14285714285714285,6,6,CAGAGCATGCGAGATCTGAA,0,3586314
tisBp,0.14285714285714285,6,6,CAGAGCAACCATCAGTATGT,0,3595202
tisBp,0.14285714285714285,6,6,CAGAACCCCTGGTAGTCTAA,0,3584647
tisBp,0.14285714285714285,6,6,CACTCCGATAAGCCCGTGCT,0,3558662
tisBp,0.14285714285714285,6,6,CACGTTCGCTCTAAAGCGCA,0,3565514
tisBp,0.14285714285714285,6,6,CACGTCGTGATGTGGCGGTC,0,3569259
tisBp,0.14285714285714285,6,6,CACCGTTCCCACTCCGAATG,0,3548854
tisBp,0.14285714285714285,6,6,CACCGATATCATATGAAGGA,0,3596530
tisBp,0.14285714285714285,6,6,CACCAAACGGGGCCGCGTCT,0,3571078
tisBp,0.14285714285714285,6,6,CACAACGGGGGATGCGTATA,0,3574617
tisBp,0.14285714285714285,6,6,CAATGGCGTCAATTTGTACA,0,3598189
tisBp,0.14285714285714285,6,6,CAATCTACCACGATTAAAAT,0,3592816
tisBp,0.14285714285714285,6,6,CAATCGACCATGTCAGTTAT,0,3567237
tisBp,0.14285714285714285,6,6,CAATATTTCCCGGTCTAATG,0,3594275
tisBp,0.14285714285714285,6,6,CAATATCCGGAATCGATTAG,0,3601547
tisBp,0.14285714285714285,6,6,CAAGTAACTGAGTATTCCAT,0,3571473
tisBp,0.14285714285714285,6,6,CAAGCTATTGCGGTTAAGAG,0,3561738
tisBp,0.14285714285714285,6,6,CAACTGATAGGCCACAGCAT,0,3572369
tisBp,0.14285714285714285,6,6,CAACTCGGCTGGCACTGAGC,0,3541784
tisBp,0.14285714285714285,6,6,CAACCAGATTGTCATCCGCC,0,3555072
tisBp,0.14285714285714285,6,6,CAACATCTATAAGCAGTTGC,0,3564646
tisBp,0.14285714285714285,6,6,CAAATGCTGGTACAGTCAGG,0,3549898
tisBp,0.14285714285714285,6,6,CAAAGCGCGCAATCGGAAAT,0,3571090
tisBp,0.14285714285714285,6,6,CAAAAGGAGTAGGTGACGGG,0,3592718
tisBp,0.14285714285714285,6,6,ATTTTGTGAAAACGTCTCTC,0,3581148
tisBp,0.14285714285714285,6,6,ATTTCATGCCCTCGTACAAC,0,3577875
tisBp,0.14285714285714285,6,6,ATTGTTTATTTCAGTTGGCT,0,3588185
tisBp,0.14285714285714285,6,6,ATTGTTTATTCCCAAAAGTG,0,3575557
tisBp,0.14285714285714285,6,6,ATTGTCCTGAGATCTTGCTT,0,3583472
tisBp,0.14285714285714285,6,6,ATTGCGGCCCCATGGATGAG,0,3572797
tisBp,0.14285714285714285,6,6,ATTGAGGTGTCGATTAGAGA,0,3569776
tisBp,0.14285714285714285,6,6,ATTGAGCAGTCATCTTAGGA,0,3568425
tisBp,0.14285714285714285,6,6,ATTCGTAATTCACTCTCCTC,0,3556817
tisBp,0.14285714285714285,6,6,ATTCGCCGGACCGTTCGTCG,0,3598967
tisBp,0.14285714285714285,6,6,ATTATCCTGCGCTCAATGAC,0,3587178
tisBp,0.14285714285714285,6,6,ATTAATGGGGGTAGTTTATT,0,3555564
tisBp,0.14285714285714285,6,6,ATTAATCATTGCTGGCCGAG,0,3573118
tisBp,0.14285714285714285,6,6,ATGTTGAAGATTAAAGTCCA,0,3588936
tisBp,0.14285714285714285,6,6,ATGTTATAAGGATCGGAACG,0,3587073
tisBp,0.14285714285714285,6,6,ATGTGTCGGTGTACATGGCA,0,3597845
tisBp,0.14285714285714285,6,6,ATGTAGCTACCGCTCGACCT,0,3590611
tisBp,0.14285714285714285,6,6,ATGTACGGGCTCTAAGGCTC,0,3581462
tisBp,0.14285714285714285,6,6,ATGGTGGAGACATGTAGGGG,0,3569087
tisBp,0.14285714285714285,6,6,ATGGGTCGCGGATCCGAACA,0,3555862
tisBp,0.14285714285714285,6,6,ATGGGATTCCGAGCTTTGGG,0,3577714
tisBp,0.14285714285714285,6,6,ATGGGAGCTATATCAGATCC,0,3587092
tisBp,0.14285714285714285,6,6,ATGGCGGTCTGCGCTCTGTT,0,3546655
tisBp,0.14285714285714285,6,6,ATGCTGTGGGTAACTGGGTA,0,3581663
tisBp,0.14285714285714285,6,6,ATGCGGATGGTTTATCTTTG,0,3545353
tisBp,0.14285714285714285,6,6,ATGCGCGTATTAGCAGATAC,0,3561847
tisBp,0.14285714285714285,6,6,ATGCCCGCCATCTTGGATCC,0,3581096
tisBp,0.14285714285714285,6,6,ATGCAAGTCGCCACCGATCG,0,3574151
tisBp,0.14285714285714285,6,6,ATGACGGCATGTCGAAGTTA,0,3556991
tisBp,0.14285714285714285,6,6,ATGAAGGAAGGGAGTGATAT,0,3552239
tisBp,0.14285714285714285,6,6,ATGAAGCAAGGGTTCGCTTG,0,3555041
tisBp,0.14285714285714285,6,6,ATCTGGATGGCTTTTGTCGT,0,3561317
tisBp,0.14285714285714285,6,6,ATCTCCGGTCGGGGGCTGCG,0,3590286
tisBp,0.14285714285714285,6,6,ATCGTGCATAGAGCGGCCTT,0,3572012
tisBp,0.14285714285714285,6,6,ATCGGTTTGAATGTTAGTGC,0,3556698
tisBp,0.14285714285714285,6,6,ATCGCGCGGCTTACGCGTAC,0,3592155
tisBp,0.14285714285714285,6,6,ATCGCACGAATCGGCATGGA,0,3591972
tisBp,0.14285714285714285,6,6,ATCGATGAATCCTATCATGA,0,3559410
tisBp,0.14285714285714285,6,6,ATCCTCACCAAATTGAGTTT,0,3548749
tisBp,0.14285714285714285,6,6,ATCCCGGTTTATAGTCAAGC,0,3580596
tisBp,0.14285714285714285,6,6,ATCCCCCCCCAGCATGGACC,0,3563770
tisBp,0.14285714285714285,6,6,ATCATCGCATGTTACCAAGT,0,3591643
tisBp,0.14285714285714285,6,6,ATCACGGGACATTTTTAGAT,0,3600793
tisBp,0.14285714285714285,6,6,ATCAAGCGTGGATCATAGTC,0,3584027
tisBp,0.14285714285714285,6,6,ATCAACTGGAGCACTTATGT,0,3591257
tisBp,0.14285714285714285,6,6,ATCAACTAACCCCCGTCAGT,0,3591367
tisBp,0.14285714285714285,6,6,ATCAAAACGCTGGTGATATT,0,3557554
tisBp,0.14285714285714285,6,6,ATATTGTGAAGGTACGTACC,0,3556089
tisBp,0.14285714285714285,6,6,ATATAGTAGCACAGGTCGCA,0,3551973
tisBp,0.14285714285714285,6,6,ATAGTATGGGGGACCGAAGC,0,3565584
tisBp,0.14285714285714285,6,6,ATAGCGTGGTACGGTGTTAG,0,3571711
tisBp,0.14285714285714285,6,6,ATACGATCTTCTTCGTGACG,0,3595698
tisBp,0.14285714285714285,6,6,ATACGACTAGGATAGTGATC,0,3580338
tisBp,0.14285714285714285,6,6,ATAAAGGTCGCTATATCGTC,0,3583061
tisBp,0.14285714285714285,6,6,ATAAAATGAGAGTTGCGGCG,0,3559353
tisBp,0.14285714285714285,6,6,AGTTTTCACGCAGCAGGGCA,0,3586734
tisBp,0.14285714285714285,6,6,AGTTTGTCATACGGCGCTTT,0,3564779
tisBp,0.14285714285714285,6,6,AGTTTAAAGATTGGCCCACA,0,3562517
tisBp,0.14285714285714285,6,6,AGTTGCTTTCTGTAGTCGGC,0,3583637
tisBp,0.14285714285714285,6,6,AGTTCCCGAATTCCTCTCGG,0,3564968
tisBp,0.14285714285714285,6,6,AGTGGTGGTTGGGCTAGATC,0,3587412
tisBp,0.14285714285714285,6,6,AGTGCCCGTGTGACAGCCAA,0,3586092
tisBp,0.14285714285714285,6,6,AGTCGTCAAACGTTGTGTAT,0,3549369
tisBp,0.14285714285714285,6,6,AGTCGCCGCGGACCCGTAGA,0,3589813
tisBp,0.14285714285714285,6,6,AGTCCTGTGACAGCGGGGGA,0,3575673
tisBp,0.14285714285714285,6,6,AGTCCGGTACGGGATGCATA,0,3602219
tisBp,0.14285714285714285,6,6,AGTAGATCCGCACCTGGAAC,0,3582503
tisBp,0.14285714285714285,6,6,AGTACGGTGGTCGCATAGGC,0,3573424
tisBp,0.14285714285714285,6,6,AGGTTCTCAGCGAGCGCAAT,0,3586804
tisBp,0.14285714285714285,6,6,AGGTCCAGGGGGCTAATAGG,0,3575074
tisBp,0.14285714285714285,6,6,AGGTACGGTATAGAGTTAAG,0,3546455
tisBp,0.14285714285714285,6,6,AGGTACATGCATAAGTATAT,0,3561971
tisBp,0.14285714285714285,6,6,AGGGGGGGCATGAGTATATG,0,3574575
tisBp,0.14285714285714285,6,6,AGGGCGTGAGACAGCAATCT,0,3581967
tisBp,0.14285714285714285,6,6,AGGGCACTCCAGCTCAGAAA,0,3575700
tisBp,0.14285714285714285,6,6,AGGGATTGCCCACCATCTCT,0,3600089
tisBp,0.14285714285714285,6,6,AGGCTGTCTCAGATGTACGG,0,3555905
tisBp,0.14285714285714285,6,6,AGGCGTCATATCTGTGACCA,0,3594141
tisBp,0.14285714285714285,6,6,AGGCGGTAGTTCCTTCTATC,0,3564936
tisBp,0.14285714285714285,6,6,AGGCGGATTGTAATTTGTAA,0,3581228
tisBp,0.14285714285714285,6,6,AGGCCTAGCTTTAACACTCA,0,3588709
tisBp,0.14285714285714285,6,6,AGGCACGGACTGGTCCTTTA,0,3559464
tisBp,0.14285714285714285,6,6,AGGATTGGGAGATTGAGTAA,0,3568038
tisBp,0.14285714285714285,6,6,AGCTCTCTCGCTCAGTACAT,0,3567945
tisBp,0.14285714285714285,6,6,AGCTCTACGTCAGCTAACCT,0,3592057
tisBp,0.14285714285714285,6,6,AGCTCCCAGAGCGCTGGTGT,0,3582272
tisBp,0.14285714285714285,6,6,AGCTATGTCGCCTGGTATGT,0,3573979
tisBp,0.14285714285714285,6,6,AGCTACAACGTGTCTTATTT,0,3556462
tisBp,0.14285714285714285,6,6,AGCGTGACATTGAAGGTCTT,0,3590875
tisBp,0.14285714285714285,6,6,AGCGGTTTATATTCCCCGAT,0,3541489
tisBp,0.14285714285714285,6,6,AGCGGCACAGTAACGAGTAT,0,3577458
tisBp,0.14285714285714285,6,6,AGCGCAGGGGGAAAGCGACA,0,3555350
tisBp,0.14285714285714285,6,6,AGCGAGCACTTCTTGACCTT,0,3575249
tisBp,0.14285714285714285,6,6,AGCGACAAGAGTCATCGTTG,0,3543125
tisBp,0.14285714285714285,6,6,AGCCTCCCGAGACACAGCAT,0,3571962
tisBp,0.14285714285714285,6,6,AGCCTAAGTCTAACTTTGTG,0,3565830
tisBp,0.14285714285714285,6,6,AGCCATGCCTTTCTCATTTC,0,3563911
tisBp,0.14285714285714285,6,6,AGCCATCATGACGCATCCCT,0,3589246
tisBp,0.14285714285714285,6,6,AGCCAAGAAACATCAAAAGG,0,3563948
tisBp,0.14285714285714285,6,6,AGCATTGGCTAGGATTTCCG,0,3562607
tisBp,0.14285714285714285,6,6,AGCAGTGTGCCATCGTACGA,0,3561671
tisBp,0.14285714285714285,6,6,AGCAGCCCGGTTTCTGTCGT,0,3594661
tisBp,0.14285714285714285,6,6,AGCAATGATAGCTCATGCTG,0,3580349
tisBp,0.14285714285714285,6,6,AGCAAGTAGAAGAAGTTCGA,0,3552437
tisBp,0.14285714285714285,6,6,AGATTTTCCTGCGACAGCCT,0,3546770
tisBp,0.14285714285714285,6,6,AGATTTAAGTCTCGCGCGAA,0,3560505
tisBp,0.14285714285714285,6,6,AGAGACAGACGCTTTGCCGG,0,3547467
tisBp,0.14285714285714285,6,6,AGACGGTACCAACAGTACTT,0,3544044
tisBp,0.14285714285714285,6,6,AGAATAGTCACATTAGATCG,0,3549352
tisBp,0.14285714285714285,6,6,AGAAGTTGTTGCAGGCGCTG,0,3557436
tisBp,0.14285714285714285,6,6,AGAAGGATTCGGATGCGTCT,0,3597172
tisBp,0.14285714285714285,6,6,ACTTTTTCTTCGCTGCCCAG,0,3584001
tisBp,0.14285714285714285,6,6,ACTTTAATTCCCAAGCGTCT,0,3558374
tisBp,0.14285714285714285,6,6,ACTTGAGGTGTTTCAACCAA,0,3565311
tisBp,0.14285714285714285,6,6,ACTTCAGAACCCTTTCTCAT,0,3598519
tisBp,0.14285714285714285,6,6,ACTGTTCCAAGCCCTGAGAT,0,3545577
tisBp,0.14285714285714285,6,6,ACTGTGGGCACCAGTACCCT,0,3580384
tisBp,0.14285714285714285,6,6,ACTGGGTAGAATTCTGTGCT,0,3592171
tisBp,0.14285714285714285,6,6,ACTGGCGACTCACAGCAAAC,0,3563047
tisBp,0.14285714285714285,6,6,ACTGGACGGGCTAGACAGAG,0,3583011
tisBp,0.14285714285714285,6,6,ACTGCTCCAGCGACCCTCCT,0,3580109
tisBp,0.14285714285714285,6,6,ACTGCACAACTAACTCCATG,0,3574872
tisBp,0.14285714285714285,6,6,ACTCTTGTCATGGGCCATGG,0,3566169
tisBp,0.14285714285714285,6,6,ACTCGCCGAGCACAAAGGTC,0,3585525
tisBp,0.14285714285714285,6,6,ACTCCTGCCCAGAGGGAGTA,0,3598951
tisBp,0.14285714285714285,6,6,ACTCCGAAAGGGCAAGGTAA,0,3589343
tisBp,0.14285714285714285,6,6,ACTCATCTCCCGCTTTCTGA,0,3563830
tisBp,0.14285714285714285,6,6,ACTAGATATCATCCCCCTTA,0,3601800
tisBp,0.14285714285714285,6,6,ACTACAGGTGCCCAAAGAGC,0,3549671
tisBp,0.14285714285714285,6,6,ACTAAGTCGGCTAAGCGCCA,0,3601518
tisBp,0.14285714285714285,6,6,ACTAACGTCGATTCGGCCCT,0,3550532
tisBp,0.14285714285714285,6,6,ACTAACGGCGAGTTTTAAGC,0,3587608
tisBp,0.14285714285714285,6,6,ACGTTGTGGTCTGATAGACA,0,3572479
tisBp,0.14285714285714285,6,6,ACGTTGGATCACGCGTGGAC,0,3549147
tisBp,0.14285714285714285,6,6,ACGTGACCCCCGCTTAAAAG,0,3553212
tisBp,0.14285714285714285,6,6,ACGGGATCTCGTCCAGATAT,0,3567329
tisBp,0.14285714285714285,6,6,ACGGCTCAACCGAGTCTGCT,0,3565517
tisBp,0.14285714285714285,6,6,ACGGCAAAATGCCCATCTCT,0,3558784
tisBp,0.14285714285714285,6,6,ACGGATCGGATGGACGATTA,0,3543854
tisBp,0.14285714285714285,6,6,ACGCATGTTGGCCACAGCGT,0,3587069
tisBp,0.14285714285714285,6,6,ACGATCAAGTCACCTGAATA,0,3563042
tisBp,0.14285714285714285,6,6,ACGATAACGGGTTACCCCGT,0,3593995
tisBp,0.14285714285714285,6,6,ACGACTGGTTAATGAGATTT,0,3587413
tisBp,0.14285714285714285,6,6,ACGAAGTTCTCCTAGAACGA,0,3599852
tisBp,0.14285714285714285,6,6,ACGAAAAGACGGATTGCATA,0,3593760
tisBp,0.14285714285714285,6,6,ACCTTATCGCGTCGCTACGC,0,3552691
tisBp,0.14285714285714285,6,6,ACCTGTGCTATAAAGTACGG,0,3599924
tisBp,0.14285714285714285,6,6,ACCTGCGCGATAATGTCATC,0,3592957
tisBp,0.14285714285714285,6,6,ACCTAGGGTGAACTACCCGT,0,3588838
tisBp,0.14285714285714285,6,6,ACCTAATGCACTCTATTTAA,0,3556458
tisBp,0.14285714285714285,6,6,ACCGTTATGCCCGTGTACCA,0,3572136
tisBp,0.14285714285714285,6,6,ACCGTAGTAGTGTTGCGGTT,0,3558340
tisBp,0.14285714285714285,6,6,ACCGGTAGACCCGCTCATGT,0,3568375
tisBp,0.14285714285714285,6,6,ACCGGCGGCATCGACTATTT,0,3568362
tisBp,0.14285714285714285,6,6,ACCGCTCACTTCCCCTGTGC,0,3555551
tisBp,0.14285714285714285,6,6,ACCGCGTGTTCGACGGATTC,0,3590572
tisBp,0.14285714285714285,6,6,ACCGCGGGAGGCCAGATTTT,0,3573733
tisBp,0.14285714285714285,6,6,ACCCTACGCTCATCCACGTG,0,3575772
tisBp,0.14285714285714285,6,6,ACCCACTCACGCTTTTTGAT,0,3569268
tisBp,0.14285714285714285,6,6,ACCAGAACCACGTGGCGTTG,0,3586055
tisBp,0.14285714285714285,6,6,ACCACCTCCAACCCTCGTAG,0,3597485
tisBp,0.14285714285714285,6,6,ACCAATCAAAAGATGGTGGG,0,3550925
tisBp,0.14285714285714285,6,6,ACATTCTATAGCGAACGCGG,0,3589410
tisBp,0.14285714285714285,6,6,ACATGGGCTCCAAGAGGGAA,0,3592332
tisBp,0.14285714285714285,6,6,ACATGCCAAGCGTCCACGGT,0,3570238
tisBp,0.14285714285714285,6,6,ACATCCTTTTAAAGTGGCGC,0,3561450
tisBp,0.14285714285714285,6,6,ACATATCGGCCCCAATTTAA,0,3581719
tisBp,0.14285714285714285,6,6,ACAGGGAGCTGTACTCATGC,0,3570925
tisBp,0.14285714285714285,6,6,ACAGGCCGTAGTCATAGTAG,0,3577142
tisBp,0.14285714285714285,6,6,ACAGATCATTGCTAAGGTCC,0,3574316
tisBp,0.14285714285714285,6,6,ACACTGCTAGCCACTACTGT,0,3560213
tisBp,0.14285714285714285,6,6,ACACTAGCCCAAAGCACACA,0,3587186
tisBp,0.14285714285714285,6,6,ACACGGGGTATGGAACACGC,0,3559084
tisBp,0.14285714285714285,6,6,ACACGATGGAATGTAACAAA,0,3560879
tisBp,0.14285714285714285,6,6,AATTTTTGGCGGGCAGAGGA,0,3586063
tisBp,0.14285714285714285,6,6,AATTTCTCTACCACCCACCG,0,3553028
tisBp,0.14285714285714285,6,6,AATTGTGGATACAGTTGCGT,0,3577323
tisBp,0.14285714285714285,6,6,AATTGTCTCCCATGGATCTA,0,3558017
tisBp,0.14285714285714285,6,6,AATTGTCGGGAGGTGGGAGC,0,3573832
tisBp,0.14285714285714285,6,6,AATTGCGTCTCCGCCCACAC,0,3581007
tisBp,0.14285714285714285,6,6,AATGTTCGTTGTGCTGCGCC,0,3601427
tisBp,0.14285714285714285,6,6,AATGGGCGACATCATTGAAT,0,3591423
tisBp,0.14285714285714285,6,6,AATGCTACGGATCGCTCCGT,0,3546738
tisBp,0.14285714285714285,6,6,AATGCGGTAGATAAAGAAGT,0,3570674
tisBp,0.14285714285714285,6,6,AATGAGCTTTAGGGTAGTGT,0,3599046
tisBp,0.14285714285714285,6,6,AATCGTGCTGGCCCTCGGAG,0,3580782
tisBp,0.14285714285714285,6,6,AATCGCGAGGGTCTGCGACT,0,3579251
tisBp,0.14285714285714285,6,6,AATCGCATTATACAAATCCC,0,3559386
tisBp,0.14285714285714285,6,6,AATCCTCACCGTCGAATCAG,0,3603346
tisBp,0.14285714285714285,6,6,AATCATCTACAGATACTTCT,0,3583009
tisBp,0.14285714285714285,6,6,AATCAAGAATCGGTGCTGAT,0,3554851
tisBp,0.14285714285714285,6,6,AATATTGGGAACACTATATC,0,3584256
tisBp,0.14285714285714285,6,6,AATATGACCTCTCCCCGCGT,0,3571079
tisBp,0.14285714285714285,6,6,AATAGCCCAGCGTTTGCCAA,0,3601298
tisBp,0.14285714285714285,6,6,AAGTTTGGCACGTGGTGCTT,0,3586746
tisBp,0.14285714285714285,6,6,AAGTTACCGATTACTAGGCC,0,3566942
tisBp,0.14285714285714285,6,6,AAGTGGCGGATTGATGCGAT,0,3552662
tisBp,0.14285714285714285,6,6,AAGTGCGCGATACGCATAGA,0,3601391
tisBp,0.14285714285714285,6,6,AAGTCTTACCGGGACGCTGC,0,3559866
tisBp,0.14285714285714285,6,6,AAGTCTCAACTGTTTGCAGC,0,3556516
tisBp,0.14285714285714285,6,6,AAGTCAGAGTCCGCAGTGTA,0,3589574
tisBp,0.14285714285714285,6,6,AAGGGCGTGTCTACAAATTG,0,3550965
tisBp,0.14285714285714285,6,6,AAGGCTGTTTAAAGAGGCCC,0,3587745
tisBp,0.14285714285714285,6,6,AAGGATCCGTGCTGCGGACG,0,3587686
tisBp,0.14285714285714285,6,6,AAGGAAGGCGATTCTGCTTC,0,3599452
tisBp,0.14285714285714285,6,6,AAGCCTCGCTGCGCCGTCTT,0,3567129
tisBp,0.14285714285714285,6,6,AAGATCTACGTTATCACTCC,0,3596260
tisBp,0.14285714285714285,6,6,AAGAGGCTCTAAGGTCATAT,0,3544286
tisBp,0.14285714285714285,6,6,AAGAGCCCGCCAATAGACAT,0,3559717
tisBp,0.14285714285714285,6,6,AAGAATTATGCCTATCAGTG,0,3578170
tisBp,0.14285714285714285,6,6,AACTCAACGCTCTAGATTCC,0,3591976
tisBp,0.14285714285714285,6,6,AACGTTCGGTTATCCTGGGT,0,3577869
tisBp,0.14285714285714285,6,6,AACGTAGGCATCAGGCCAGA,0,3557550
tisBp,0.14285714285714285,6,6,AACGAAGAAGTATCACTGCC,0,3592808
tisBp,0.14285714285714285,6,6,AACGAACGTCACCGTCTGCA,0,3550130
tisBp,0.14285714285714285,6,6,AACCTAATAGTATTACAGTG,0,3571271
tisBp,0.14285714285714285,6,6,AACCGTCCTTAAACTGTTGT,0,3549518
tisBp,0.14285714285714285,6,6,AACCGCGCCAACAACCGGTC,0,3594077
tisBp,0.14285714285714285,6,6,AACCAGGTTCTCTGTCCCGT,0,3543812
tisBp,0.14285714285714285,6,6,AACCAACCAGTTATGTGTAG,0,3568934
tisBp,0.14285714285714285,6,6,AACATCTTTGTGTTTTCTCT,0,3543849
tisBp,0.14285714285714285,6,6,AACATCGGTTGCAAACATGA,0,3577379
tisBp,0.14285714285714285,6,6,AACATATAGTGCACAAGACA,0,3546412
tisBp,0.14285714285714285,6,6,AACAGACCGCTAAATGAAGT,0,3595709
tisBp,0.14285714285714285,6,6,AACACACCGACGTTAGGCGG,0,3568165
tisBp,0.14285714285714285,6,6,AAATTTCAATGTGCTTGATG,0,3584375
tisBp,0.14285714285714285,6,6,AAATTGCCAGTCGATAAGGT,0,3564452
tisBp,0.14285714285714285,6,6,AAATTCACGGCAAAACGATA,0,3592195
tisBp,0.14285714285714285,6,6,AAATACATGGATGATTGTTC,0,3579834
tisBp,0.14285714285714285,6,6,AAAGTATTATGACGTCTAGC,0,3571286
tisBp,0.14285714285714285,6,6,AAAGCACTGTAGCGGGACAG,0,3582958
tisBp,0.14285714285714285,6,6,AAAGCAAATGTCACCTGCAA,0,3587788
tisBp,0.14285714285714285,6,6,AAACGGCACTTAGGCGTGAT,0,3562685
tisBp,0.14285714285714285,6,6,AAACGCGACACATCTAGAGT,0,3556291
tisBp,0.14285714285714285,6,6,AAACCAGCTCTTGCACCTTG,0,3552800
tisBp,0.14285714285714285,6,6,AAAATGTTCTGCGGTATAAG,0,3579810
tisBp,0.14285714285714285,6,6,AAAAGGGTCATAGTGTGTGT,0,3568303
tisBp,0.14285714285714285,6,6,AAAAGGGACATTGGAGGTAC,0,3581287
tisBp,0.14285714285714285,6,6,AAAACCGAAGGTGAACTACA,0,3593990
tisBp,0.14285714285714285,6,6,AAAACCCGTGCGACATTTCA,0,3577018
tisBp,0.16666666666666666,5,5,TTTTGGTACATAGGTACATC,0,3542684
tisBp,0.16666666666666666,5,5,TTTTGCGCACGTAAACTGGA,0,3597788
tisBp,0.16666666666666666,5,5,TTTTGACCGCCTGGATGCGG,0,3599882
tisBp,0.16666666666666666,5,5,TTTTACTCTGATTAATTATA,0,3592487
tisBp,0.16666666666666666,5,5,TTTGTGGCTTCTTTAGCTCC,0,3559920
tisBp,0.16666666666666666,5,5,TTTGTATAGTATACGGCGTG,0,3603518
tisBp,0.16666666666666666,5,5,TTTGGATCTTTGTTTTGTGC,0,3572898
tisBp,0.16666666666666666,5,5,TTTGGAGCTTCGCTTCAGTA,0,3549427
tisBp,0.16666666666666666,5,5,TTTGCCTTACGAATTACCGG,0,3602514
tisBp,0.16666666666666666,5,5,TTTGATTCGTACTCTTCCGG,0,3542037
tisBp,0.16666666666666666,5,5,TTTCTGTTTGCGCTTCTTTA,0,3579121
tisBp,0.16666666666666666,5,5,TTTCCCATTTTCGAAAAGGG,0,3582613
tisBp,0.16666666666666666,5,5,TTTAGAAGCCCAGACGTCCC,0,3552132
tisBp,0.16666666666666666,5,5,TTTAATGCCACCGGCAATTA,0,3591319
tisBp,0.16666666666666666,5,5,TTTAACTCGACTTTTAACGG,0,3592341
tisBp,0.16666666666666666,5,5,TTGTTGGAGCGCTCTCTCAG,0,3585584
tisBp,0.16666666666666666,5,5,TTGTTATTTACTGAGTTCGA,0,3559307
tisBp,0.16666666666666666,5,5,TTGTGGCTGACTTACTCGTA,0,3581835
tisBp,0.16666666666666666,5,5,TTGTCCGTAAATGAAGTAGT,0,3546007
tisBp,0.16666666666666666,5,5,TTGTCCATACGCTAACGAAA,0,3543837
tisBp,0.16666666666666666,5,5,TTGTAAGGACCTTGAAACAA,0,3556474
tisBp,0.16666666666666666,5,5,TTGGGGATTTGCTATGTTAG,0,3567402
tisBp,0.16666666666666666,5,5,TTGGGCGCTCCGGCAGGAAG,0,3576761
tisBp,0.16666666666666666,5,5,TTGGCCTCAGGTATCAACTG,0,3587008
tisBp,0.16666666666666666,5,5,TTGGATATCCTAGGTGATCG,0,3568863
tisBp,0.16666666666666666,5,5,TTGCTTTTACACCCGCGGGA,0,3579997
tisBp,0.16666666666666666,5,5,TTGCTCTAATGATAGAACTT,0,3582571
tisBp,0.16666666666666666,5,5,TTGCGATATGTGCATTCTGT,0,3545409
tisBp,0.16666666666666666,5,5,TTGCAGTAGTTTGCCGCGAG,0,3549966
tisBp,0.16666666666666666,5,5,TTGCAGCATTCCTCTCTTGT,0,3585506
tisBp,0.16666666666666666,5,5,TTGATGATTAATCCCCTGTT,0,3556464
tisBp,0.16666666666666666,5,5,TTGATACTGCGAAGCATGTG,0,3554218
tisBp,0.16666666666666666,5,5,TTGAGGTGTGAGTCGCAGCC,0,3545339
tisBp,0.16666666666666666,5,5,TTGAGCGCCCTCCAAGAATG,0,3549160
tisBp,0.16666666666666666,5,5,TTGACTGCCGACGTACGGAT,0,3567644
tisBp,0.16666666666666666,5,5,TTGACACACCGAGTGTGCCT,0,3556054
tisBp,0.16666666666666666,5,5,TTGACAAATGCAGCGCGGGT,0,3572168
tisBp,0.16666666666666666,5,5,TTGAACAGGGATGGTTTATA,0,3560185
tisBp,0.16666666666666666,5,5,TTGAAACCCCCATCCGCAGT,0,3555821
tisBp,0.16666666666666666,5,5,TTCTTGGCGCACTAATTATA,0,3600179
tisBp,0.16666666666666666,5,5,TTCTTACGCACAGCAGAGAA,0,3594880
tisBp,0.16666666666666666,5,5,TTCTGCACAGGCGGGCGGTT,0,3565245
tisBp,0.16666666666666666,5,5,TTCTATGGACTAAGCCAGAT,0,3599848
tisBp,0.16666666666666666,5,5,TTCTACAGTTGTCCCCGGCA,0,3568879
tisBp,0.16666666666666666,5,5,TTCGTTGCAGAAAGGCCCAT,0,3563496
tisBp,0.16666666666666666,5,5,TTCGTCGTTGGGGACTTAGC,0,3556148
tisBp,0.16666666666666666,5,5,TTCGGGGTAGGAATAGGTCA,0,3542876
tisBp,0.16666666666666666,5,5,TTCGCTCACAACATCCAAGA,0,3565590
tisBp,0.16666666666666666,5,5,TTCGAAATTGCTCAGGCGCC,0,3596427
tisBp,0.16666666666666666,5,5,TTCCGGTTGGGATCCGGGCG,0,3599432
tisBp,0.16666666666666666,5,5,TTCCCGATCCGCGCGGCTGC,0,3546031
tisBp,0.16666666666666666,5,5,TTCCAGCAAGATGCCTGTCA,0,3558705
tisBp,0.16666666666666666,5,5,TTCCACGGTACATGACTCTA,0,3544195
tisBp,0.16666666666666666,5,5,TTCATAACCCCATCGCAGTT,0,3557685
tisBp,0.16666666666666666,5,5,TTCAGTCTAGGAAGCAGCTC,0,3585940
tisBp,0.16666666666666666,5,5,TTCAGGCGCTAACTTTCAAG,0,3549600
tisBp,0.16666666666666666,5,5,TTCAAGCTGACGCTGGAGGG,0,3584939
tisBp,0.16666666666666666,5,5,TTATCTTCCCGGGTTTTTTC,0,3582687
tisBp,0.16666666666666666,5,5,TTATCGACTTGCAGTTAATA,0,3598023
tisBp,0.16666666666666666,5,5,TTATCCGGTTGCCCCAAACT,0,3580514
tisBp,0.16666666666666666,5,5,TTAGTTTTCGATGTACGATC,0,3590124
tisBp,0.16666666666666666,5,5,TTAGTGCTCACGGGACCACT,0,3589363
tisBp,0.16666666666666666,5,5,TTAGTATAGGCATGTAAGAG,0,3546224
tisBp,0.16666666666666666,5,5,TTAGCGAGCGTCAACTGAGT,0,3590487
tisBp,0.16666666666666666,5,5,TTAGATGAGACTACGCTGAC,0,3554237
tisBp,0.16666666666666666,5,5,TTAGATAGACGGGATGCTTT,0,3552226
tisBp,0.16666666666666666,5,5,TTAGAGCACTTCAAGAATAT,0,3566350
tisBp,0.16666666666666666,5,5,TTACTGGTGCACGAATAAAA,0,3559152
tisBp,0.16666666666666666,5,5,TTACCCCGGCCTATGTATTC,0,3589632
tisBp,0.16666666666666666,5,5,TTACATAGCTAAGTTTCGTC,0,3559888
tisBp,0.16666666666666666,5,5,TTACAGTTTTTCAGATAAGC,0,3557275
tisBp,0.16666666666666666,5,5,TTAATTACACCACCGGTAGT,0,3586783
tisBp,0.16666666666666666,5,5,TTAATCCATTGTGTAGGAAT,0,3544233
tisBp,0.16666666666666666,5,5,TTAACTAACTAAAAGTAACG,0,3554769
tisBp,0.16666666666666666,5,5,TTAAACTTGAGCGATGAGGT,0,3590508
tisBp,0.16666666666666666,5,5,TGTTGATAAGGGGTCATCCA,0,3603060
tisBp,0.16666666666666666,5,5,TGTTGAAAACAATGAAACTT,0,3587167
tisBp,0.16666666666666666,5,5,TGTTCTTTTACGACTCTTTT,0,3561569
tisBp,0.16666666666666666,5,5,TGTTATTGACACATGCTCAG,0,3588143
tisBp,0.16666666666666666,5,5,TGTGTGTACCTACAGTACGA,0,3550601
tisBp,0.16666666666666666,5,5,TGTGCCTTTGTGAAGTGAGT,0,3562464
tisBp,0.16666666666666666,5,5,TGTGAGAACTGCAGTCGAGG,0,3556718
tisBp,0.16666666666666666,5,5,TGTCTGCGCAGCACTGCCCA,0,3581648
tisBp,0.16666666666666666,5,5,TGTCTCTACGCTACAGCATA,0,3577808
tisBp,0.16666666666666666,5,5,TGTCGAGGTGCGCTCTGTGA,0,3555664
tisBp,0.16666666666666666,5,5,TGTCCGTGTACCTAAGTGTT,0,3552390
tisBp,0.16666666666666666,5,5,TGTCAAGTCAATCATCTCAG,0,3546261
tisBp,0.16666666666666666,5,5,TGTATAACTGAATTGGTTGG,0,3562030
tisBp,0.16666666666666666,5,5,TGTAGTGCACAGACAATTAA,0,3588839
tisBp,0.16666666666666666,5,5,TGTACGGGGTACATCGGAAG,0,3587313
tisBp,0.16666666666666666,5,5,TGTAAGTTGAGCCGACGATT,0,3547557
tisBp,0.16666666666666666,5,5,TGTAAGCCCTGTAGACTATT,0,3568639
tisBp,0.16666666666666666,5,5,TGGTTTTTGTTCATGCGTGG,0,3568874
tisBp,0.16666666666666666,5,5,TGGTGTCTCGGATAATCCGA,0,3573610
tisBp,0.16666666666666666,5,5,TGGTCTAGGCACAGCACTCA,0,3565776
tisBp,0.16666666666666666,5,5,TGGTCACCTGTTGGTTGCCC,0,3558918
tisBp,0.16666666666666666,5,5,TGGTACGGTAGTCCGCATCA,0,3546274
tisBp,0.16666666666666666,5,5,TGGGTTTTACTGATGCCTTA,0,3548706
tisBp,0.16666666666666666,5,5,TGGGTGTCTGTATCTGTTTA,0,3571485
tisBp,0.16666666666666666,5,5,TGGGGGTTCCGGCTCCTCGC,0,3560595
tisBp,0.16666666666666666,5,5,TGGGGCATAGGTCCAAGCTA,0,3570876
tisBp,0.16666666666666666,5,5,TGGGGATTGAAGTTGCTTTA,0,3573965
tisBp,0.16666666666666666,5,5,TGGGCCTCATTGTAAGGTGT,0,3583417
tisBp,0.16666666666666666,5,5,TGGGACTGGGTGCAAATAGC,0,3566983
tisBp,0.16666666666666666,5,5,TGGGACCAGAGCAGATGTAT,0,3570450
tisBp,0.16666666666666666,5,5,TGGGACAATCTGCCATGGCC,0,3549749
tisBp,0.16666666666666666,5,5,TGGCTCTGATCATTACCCGT,0,3576150
tisBp,0.16666666666666666,5,5,TGGCTCATATTGTCTGCTCA,0,3574667
tisBp,0.16666666666666666,5,5,TGGCTCAGCTCTCGATCATG,0,3576290
tisBp,0.16666666666666666,5,5,TGGCCCTTAGTACACCATTT,0,3545140
tisBp,0.16666666666666666,5,5,TGGCCCCTCACGTGTGCGTG,0,3559086
tisBp,0.16666666666666666,5,5,TGGCCAGCAAGGCAATTGGT,0,3569826
tisBp,0.16666666666666666,5,5,TGGAGTTTGTTTTCTCAATT,0,3587267
tisBp,0.16666666666666666,5,5,TGGACATAGCACTGGTAATC,0,3593483
tisBp,0.16666666666666666,5,5,TGGAATCACAATCATGGACT,0,3553933
tisBp,0.16666666666666666,5,5,TGGAAGATTCATAAAGTATG,0,3579438
tisBp,0.16666666666666666,5,5,TGGAACGGGTAGTATGTGAT,0,3588585
tisBp,0.16666666666666666,5,5,TGCTTCCTTCTCCTCAACGA,0,3554755
tisBp,0.16666666666666666,5,5,TGCTTATATGACGTACATAT,0,3566970
tisBp,0.16666666666666666,5,5,TGCTGTGGGTTCTAGTATTA,0,3568373
tisBp,0.16666666666666666,5,5,TGCTGCTCGGCGGTACGAGG,0,3560397
tisBp,0.16666666666666666,5,5,TGCGGCTGGCTGGATCTGGA,0,3575527
tisBp,0.16666666666666666,5,5,TGCGCTTTGGTAGTAACGTC,0,3568713
tisBp,0.16666666666666666,5,5,TGCGCTCTCCCACGACAATG,0,3545857
tisBp,0.16666666666666666,5,5,TGCGCATGCAAGGCTTCCTG,0,3580720
tisBp,0.16666666666666666,5,5,TGCGCACATTACTGTATAAC,0,3561856
tisBp,0.16666666666666666,5,5,TGCGCAATAATCTTTCTAAC,0,3566195
tisBp,0.16666666666666666,5,5,TGCCTTCATATCTCATCAAT,0,3565092
tisBp,0.16666666666666666,5,5,TGCCCTCGAACCGCTGTGGA,0,3578564
tisBp,0.16666666666666666,5,5,TGCCCCCGCATATAACAATA,0,3555202
tisBp,0.16666666666666666,5,5,TGCCACGTCCTCTCAAGCCA,0,3597241
tisBp,0.16666666666666666,5,5,TGCATCGCTTTGAAATCGAG,0,3549627
tisBp,0.16666666666666666,5,5,TGCAGGGCAAAACCTGGTGA,0,3593650
tisBp,0.16666666666666666,5,5,TGCAGGATATACAAGATCAA,0,3566225
tisBp,0.16666666666666666,5,5,TGCACGGAGCTAAGGGAACG,0,3562041
tisBp,0.16666666666666666,5,5,TGCAACGCAGAGTCTGTGTG,0,3556074
tisBp,0.16666666666666666,5,5,TGATGTCGGCTTGACACGCA,0,3559162
tisBp,0.16666666666666666,5,5,TGATGCATCCATTGTTGGAA,0,3561667
tisBp,0.16666666666666666,5,5,TGATCTTTGGTTTAAGAGAA,0,3600642
tisBp,0.16666666666666666,5,5,TGAGCTATTTGATTACGTGT,0,3551928
tisBp,0.16666666666666666,5,5,TGAGCCTGATGGTACCACAT,0,3592103
tisBp,0.16666666666666666,5,5,TGAGACCAATAGCTTGCTAC,0,3562723
tisBp,0.16666666666666666,5,5,TGACTCAACTTGTTAAGATA,0,3561090
tisBp,0.16666666666666666,5,5,TGACGTAATCTAATTAGAAT,0,3563807
tisBp,0.16666666666666666,5,5,TGACGAATCTATGCGGCGGG,0,3592975
tisBp,0.16666666666666666,5,5,TGACATGGCGGTCTACAGCA,0,3542544
tisBp,0.16666666666666666,5,5,TGACATCGAGTCGCTATAGG,0,3580971
tisBp,0.16666666666666666,5,5,TGAATTGTAGGTATGGACCG,0,3565099
tisBp,0.16666666666666666,5,5,TGAAAAGATGATCTTGCACT,0,3573382
tisBp,0.16666666666666666,5,5,TCTTTGGTATCCGAAACGTA,0,3584599
tisBp,0.16666666666666666,5,5,TCTTTCGCACGAACCACCAT,0,3560406
tisBp,0.16666666666666666,5,5,TCTTCTAACTTCGGTGGCCC,0,3592446
tisBp,0.16666666666666666,5,5,TCTTCCTTCAACAGGGTCGC,0,3562020
tisBp,0.16666666666666666,5,5,TCTTCCCATACTGTGGTACA,0,3547287
tisBp,0.16666666666666666,5,5,TCTGTGAGTAGCACAATAAT,0,3591416
tisBp,0.16666666666666666,5,5,TCTCTTGGTTAACTAAGCCA,0,3585090
tisBp,0.16666666666666666,5,5,TCTCTAAGAGTGCGGACATG,0,3552880
tisBp,0.16666666666666666,5,5,TCTCAGTGGGAGACGCATAT,0,3544950
tisBp,0.16666666666666666,5,5,TCTAGTTATTGGCATACTTC,0,3572708
tisBp,0.16666666666666666,5,5,TCGTGTGGGTTGACGAGTGC,0,3562213
tisBp,0.16666666666666666,5,5,TCGTGCTGACTAGGGTACCT,0,3566974
tisBp,0.16666666666666666,5,5,TCGTCTCGGATAAGGGATTT,0,3565531
tisBp,0.16666666666666666,5,5,TCGTATCTAGAGTCCCCTAT,0,3556923
tisBp,0.16666666666666666,5,5,TCGTAGACCTCGTCGAGCGT,0,3567483
tisBp,0.16666666666666666,5,5,TCGTACATGACTATCAGCAA,0,3557596
tisBp,0.16666666666666666,5,5,TCGTAAGGGCACGTCCAAGG,0,3562306
tisBp,0.16666666666666666,5,5,TCGGTAACCGATTATTATTA,0,3559584
tisBp,0.16666666666666666,5,5,TCGGGATAGGGATGGACGCT,0,3560235
tisBp,0.16666666666666666,5,5,TCGGCTGCCTACGTCAATGC,0,3571219
tisBp,0.16666666666666666,5,5,TCGGCGCGGACAATGAGTCA,0,3576796
tisBp,0.16666666666666666,5,5,TCGGCGCCAGGCAGTTTACG,0,3563000
tisBp,0.16666666666666666,5,5,TCGGCCTGATAGTGGCAACT,0,3553192
tisBp,0.16666666666666666,5,5,TCGCTAGCGACACGTACACA,0,3596140
tisBp,0.16666666666666666,5,5,TCGCCTGAACCACTCCCACT,0,3556489
tisBp,0.16666666666666666,5,5,TCGCAGTAAGCCCGGCCGGC,0,3597550
tisBp,0.16666666666666666,5,5,TCGATGGCTTGAAATAGACC,0,3541592
tisBp,0.16666666666666666,5,5,TCGATAAGCATTTTGAGTAA,0,3592648
tisBp,0.16666666666666666,5,5,TCGAGCAGACAGTGCATAAA,0,3587352
tisBp,0.16666666666666666,5,5,TCGAAGTCCCGATTGAACTG,0,3593701
tisBp,0.16666666666666666,5,5,TCCTTCTTTATGTTCACCCT,0,3583301
tisBp,0.16666666666666666,5,5,TCCTGGCCTGGGCTCTAGAG,0,3574893
tisBp,0.16666666666666666,5,5,TCCTCAAAAGTCCCTCGTGT,0,3589842
tisBp,0.16666666666666666,5,5,TCCTAAAATCTCAGACGTGA,0,3555920
tisBp,0.16666666666666666,5,5,TCCGTTCGGACCCCGAGACC,0,3562939
tisBp,0.16666666666666666,5,5,TCCGGGTGCTCATTTGTGGT,0,3600274
tisBp,0.16666666666666666,5,5,TCCGATGCGGCAATTCGCGC,0,3544860
tisBp,0.16666666666666666,5,5,TCCCGCGAGGGCGCCACTTG,0,3587701
tisBp,0.16666666666666666,5,5,TCCCCGGGTTCCAATGCTGA,0,3567407
tisBp,0.16666666666666666,5,5,TCCATGCAGACCGTTATCTT,0,3603468
tisBp,0.16666666666666666,5,5,TCCAGTTCATATGTGAGTTT,0,3557252
tisBp,0.16666666666666666,5,5,TCCAGCTACGTAATCGTGGG,0,3545002
tisBp,0.16666666666666666,5,5,TCCAGCCGTGTGTCCTGGGA,0,3586295
tisBp,0.16666666666666666,5,5,TCCAGAGGCTCCACGGGACG,0,3558795
tisBp,0.16666666666666666,5,5,TCCACTACAATCTGTGTAAG,0,3559824
tisBp,0.16666666666666666,5,5,TCCACCAGCTGCGGGCCAGT,0,3588502
tisBp,0.16666666666666666,5,5,TCCACACCTAAGGTAGCCGG,0,3592384
tisBp,0.16666666666666666,5,5,TCCAATGTAGATTTAGCGTC,0,3597602
tisBp,0.16666666666666666,5,5,TCCAATGATCGACTGCTTGC,0,3590027
tisBp,0.16666666666666666,5,5,TCATTTAGCGGGACTAACCG,0,3580770
tisBp,0.16666666666666666,5,5,TCATTAAATTCAAGGCTCCC,0,3588938
tisBp,0.16666666666666666,5,5,TCATGGCCGTGTATTGCCAA,0,3563625
tisBp,0.16666666666666666,5,5,TCATGACGTGTAACAGGACG,0,3560021
tisBp,0.16666666666666666,5,5,TCATCACTGGTATCTTACCC,0,3566522
tisBp,0.16666666666666666,5,5,TCATAACCATTCGACCGTCA,0,3584182
tisBp,0.16666666666666666,5,5,TCAGTAGCGGAGTTCGGGAG,0,3554930
tisBp,0.16666666666666666,5,5,TCAGCATGCTTCACAGTGAG,0,3547088
tisBp,0.16666666666666666,5,5,TCAGAGGCATGCAATCTTTT,0,3595000
tisBp,0.16666666666666666,5,5,TCACGGCAGACAGAATATAT,0,3599815
tisBp,0.16666666666666666,5,5,TCACGCTACACACAGGTCGT,0,3559823
tisBp,0.16666666666666666,5,5,TCACGACGCCCGTCAAATTT,0,3548841
tisBp,0.16666666666666666,5,5,TCACGAAACCGATCTCACCC,0,3599674
tisBp,0.16666666666666666,5,5,TCACCTAATCAAGCTAGTGT,0,3541456
tisBp,0.16666666666666666,5,5,TCACCGTCAAAAGTACGGAC,0,3566402
tisBp,0.16666666666666666,5,5,TCACCCAGGCCAGTTTGTTA,0,3594321
tisBp,0.16666666666666666,5,5,TCAACTACGTCTCCTGTGAT,0,3564913
tisBp,0.16666666666666666,5,5,TCAACCGAATAACTGCCCGA,0,3548279
tisBp,0.16666666666666666,5,5,TCAACCAAATTCGACGGCGT,0,3597211
tisBp,0.16666666666666666,5,5,TATTTTCATAACGGTACACA,0,3559099
tisBp,0.16666666666666666,5,5,TATTTGCCAAGCTAGTTGAA,0,3569285
tisBp,0.16666666666666666,5,5,TATTGGGTCCCGGTCGGTGC,0,3584906
tisBp,0.16666666666666666,5,5,TATGGTCTGTCCCCAAAGCA,0,3549920
tisBp,0.16666666666666666,5,5,TATGGAGTCCGACGTCGTAA,0,3556057
tisBp,0.16666666666666666,5,5,TATCTTTACGGTGCCACTCA,0,3595458
tisBp,0.16666666666666666,5,5,TATCCCATGGGCGAGACACA,0,3563738
tisBp,0.16666666666666666,5,5,TATAGTCGATTTCCACAATT,0,3562128
tisBp,0.16666666666666666,5,5,TATAGGAAGGCCGTCTACAC,0,3576991
tisBp,0.16666666666666666,5,5,TATAATTACAACCTTTCTAG,0,3580891
tisBp,0.16666666666666666,5,5,TATAAAATGAACATAGCGCG,0,3556673
tisBp,0.16666666666666666,5,5,TAGGTATGTTGACCTAACCA,0,3561366
tisBp,0.16666666666666666,5,5,TAGGGTAGGTTCATGCTCAA,0,3560083
tisBp,0.16666666666666666,5,5,TAGGGAGTCGTTCGTTACTT,0,3602986
tisBp,0.16666666666666666,5,5,TAGCTTGCAGATCTTCATAA,0,3568783
tisBp,0.16666666666666666,5,5,TAGCTCGCCAACTATATCTT,0,3585208
tisBp,0.16666666666666666,5,5,TAGCCTCGGGGTAACACGGT,0,3599011
tisBp,0.16666666666666666,5,5,TAGCAACGCAACCATAAGAC,0,3596600
tisBp,0.16666666666666666,5,5,TAGAGGTACAGAGCTTCTGT,0,3564762
tisBp,0.16666666666666666,5,5,TAGAGCGGAGCGGGTCACCC,0,3543953
tisBp,0.16666666666666666,5,5,TAGACTAGCAAAAAAGCTAC,0,3566446
tisBp,0.16666666666666666,5,5,TAGACGGCGACCGGGTATAA,0,3581397
tisBp,0.16666666666666666,5,5,TAGAATTAGCCTGGAATAGT,0,3577203
tisBp,0.16666666666666666,5,5,TACTTCCAATGAGCTGAGGT,0,3599671
tisBp,0.16666666666666666,5,5,TACTGTGCATAAAGTATCTG,0,3561051
tisBp,0.16666666666666666,5,5,TACTGGGTCCGGTAGTGCTA,0,3574329
tisBp,0.16666666666666666,5,5,TACTGCGCTGTCGCTCGCGA,0,3597773
tisBp,0.16666666666666666,5,5,TACGTTACGATTAATTCAAG,0,3549783
tisBp,0.16666666666666666,5,5,TACGTGGCAGCATTGTCCGG,0,3598033
tisBp,0.16666666666666666,5,5,TACGGGGGCTGTTTTTCAGC,0,3560718
tisBp,0.16666666666666666,5,5,TACGCTTCGATACCGATAGG,0,3579885
tisBp,0.16666666666666666,5,5,TACGATAGCGGGGGTTAGTG,0,3563160
tisBp,0.16666666666666666,5,5,TACGAGGCTTGAGTTATGAT,0,3575814
tisBp,0.16666666666666666,5,5,TACGAGAGTGCGAGACGTTA,0,3595256
tisBp,0.16666666666666666,5,5,TACCTATCGTTGAGCGTTAT,0,3549822
tisBp,0.16666666666666666,5,5,TACATCGACCTACTGATGGC,0,3575497
tisBp,0.16666666666666666,5,5,TACACTAAGGACTCTTAATT,0,3575354
tisBp,0.16666666666666666,5,5,TACAAAGCATTGTGTGCAAC,0,3543794
tisBp,0.16666666666666666,5,5,TAATTTGCCGTCTTATTTAG,0,3586325
tisBp,0.16666666666666666,5,5,TAATTTCGTCCAGAGGAAAA,0,3556030
tisBp,0.16666666666666666,5,5,TAATTATATCAGTTGATATA,0,3573910
tisBp,0.16666666666666666,5,5,TAATGGACTACAGCCCAGAC,0,3557561
tisBp,0.16666666666666666,5,5,TAAGTGAGCCGCCTAAGTAT,0,3561581
tisBp,0.16666666666666666,5,5,TAACTATTAGGTAGAAGCAG,0,3596009
tisBp,0.16666666666666666,5,5,TAACGGGATCGGACTCGAAA,0,3602196
tisBp,0.16666666666666666,5,5,TAACCACGTGGCAGGCACAC,0,3545900
tisBp,0.16666666666666666,5,5,TAACACAACCACTTTGAGGC,0,3566617
tisBp,0.16666666666666666,5,5,TAAAGACTTCTCGTCCTAAT,0,3586481
tisBp,0.16666666666666666,5,5,TAAAAGTACCTCGGGGGAAA,0,3563300
tisBp,0.16666666666666666,5,5,GTTTTTCGGGGGGGATGAGC,0,3569277
tisBp,0.16666666666666666,5,5,GTTTTCGTCAATAGCTGGTT,0,3589070
tisBp,0.16666666666666666,5,5,GTTTTACACGCGTGAAATAC,0,3582938
tisBp,0.16666666666666666,5,5,GTTTGTTGCTACCCATAAGG,0,3579182
tisBp,0.16666666666666666,5,5,GTTTGTAACTACGCATCGGT,0,3565031
tisBp,0.16666666666666666,5,5,GTTTGCTAGCACGTGTGTTA,0,3558447
tisBp,0.16666666666666666,5,5,GTTTAGTTAGAAATCGGAAT,0,3581836
tisBp,0.16666666666666666,5,5,GTTGGTTGAGTAAGTCAGGT,0,3601100
tisBp,0.16666666666666666,5,5,GTTGGCCCGTGAATGGAACA,0,3591974
tisBp,0.16666666666666666,5,5,GTTGGATAGTCACTCGAAAA,0,3547570
tisBp,0.16666666666666666,5,5,GTTGCTAACATAGAATCACT,0,3542447
tisBp,0.16666666666666666,5,5,GTTGCGACGAGCGACACGGC,0,3553950
tisBp,0.16666666666666666,5,5,GTTGAACACGACGGATCATT,0,3577349
tisBp,0.16666666666666666,5,5,GTTCTTTTCGGGTAGTGATG,0,3551984
tisBp,0.16666666666666666,5,5,GTTCTGTATTGCTTGCATCC,0,3595641
tisBp,0.16666666666666666,5,5,GTTCCTTCGAGATGACATAC,0,3551567
tisBp,0.16666666666666666,5,5,GTTAGGGCGTCGGTCGTTAC,0,3582086
tisBp,0.16666666666666666,5,5,GTGGCAGACAACGGGGCGGT,0,3565098
tisBp,0.16666666666666666,5,5,GTGCTCTGCATGATATGAAG,0,3594240
tisBp,0.16666666666666666,5,5,GTGCGGCGAAGGCCCGCCAG,0,3583433
tisBp,0.16666666666666666,5,5,GTGCCGACTCACGACGTATG,0,3587109
tisBp,0.16666666666666666,5,5,GTGCAGATATACCTGTGTTC,0,3550128
tisBp,0.16666666666666666,5,5,GTGCAAGTTCGTTGTTTCGG,0,3581100
tisBp,0.16666666666666666,5,5,GTGATTGCTGTAGCCTATGG,0,3567934
tisBp,0.16666666666666666,5,5,GTGATCCACGCTTGCAATTT,0,3556439
tisBp,0.16666666666666666,5,5,GTGACAGGTTGGCATAGTGC,0,3588453
tisBp,0.16666666666666666,5,5,GTGAAAGCGCTTCGAGGCTA,0,3580896
tisBp,0.16666666666666666,5,5,GTCTTGAGATAAGATGCGGT,0,3600881
tisBp,0.16666666666666666,5,5,GTCTGAGGCTTCGCTCAATA,0,3545812
tisBp,0.16666666666666666,5,5,GTCTCATATCTCAAAAGAAA,0,3556354
tisBp,0.16666666666666666,5,5,GTCTAAGTATAAATCGATAT,0,3557783
tisBp,0.16666666666666666,5,5,GTCGGAAGTTAAGCCGGTTT,0,3543288
tisBp,0.16666666666666666,5,5,GTCCTCGAACGTAATACTCT,0,3574802
tisBp,0.16666666666666666,5,5,GTCCTCCGCGTTGCGCTCCA,0,3579197
tisBp,0.16666666666666666,5,5,GTCCGAAGTTGTGATAATTG,0,3578639
tisBp,0.16666666666666666,5,5,GTCCCTCCATCCGTATCCTT,0,3574018
tisBp,0.16666666666666666,5,5,GTCCAGAGGTAGGTATGAGA,0,3563131
tisBp,0.16666666666666666,5,5,GTCAGCACCCTTTTCGTTAC,0,3551018
tisBp,0.16666666666666666,5,5,GTCAGAGTAGAGGCGGCCTG,0,3548962
tisBp,0.16666666666666666,5,5,GTATTGTGGGCTCCCAGGAC,0,3562462
tisBp,0.16666666666666666,5,5,GTATGTGTCGTCTAGGAAAA,0,3571102
tisBp,0.16666666666666666,5,5,GTATGGAGATGCAACAAAGG,0,3572920
tisBp,0.16666666666666666,5,5,GTATGCTCATCTGATGCAAC,0,3565914
tisBp,0.16666666666666666,5,5,GTATGCGGATTCTCTTGCTC,0,3549840
tisBp,0.16666666666666666,5,5,GTATGCACTATCCGGTCCAG,0,3547273
tisBp,0.16666666666666666,5,5,GTATCTGGCTACCTTGCTGT,0,3573298
tisBp,0.16666666666666666,5,5,GTATAGTCATGTTTCGGCCC,0,3576358
tisBp,0.16666666666666666,5,5,GTAGTGGAGGTGGGACTGAC,0,3566193
tisBp,0.16666666666666666,5,5,GTAGGTCCGGGACGCTCAGC,0,3571148
tisBp,0.16666666666666666,5,5,GTAGCCACGATGCTTAATAT,0,3565609
tisBp,0.16666666666666666,5,5,GTACTTAGGTTTTGGACGGT,0,3561726
tisBp,0.16666666666666666,5,5,GTACTTAGGGTTAACAACGT,0,3549485
tisBp,0.16666666666666666,5,5,GTACGTTCGAAGGGGGACTC,0,3556920
tisBp,0.16666666666666666,5,5,GTACGTCTCTTAACTTCATC,0,3576857
tisBp,0.16666666666666666,5,5,GTACCTGTGGTATAGGACTT,0,3574073
tisBp,0.16666666666666666,5,5,GTACCCCTAATGGACCGTAG,0,3548830
tisBp,0.16666666666666666,5,5,GTACATAGTCTGGAACGAGA,0,3580159
tisBp,0.16666666666666666,5,5,GTACAAGAGGTCATGCATAT,0,3599917
tisBp,0.16666666666666666,5,5,GTAATCCCCACTCGTCGCCC,0,3556602
tisBp,0.16666666666666666,5,5,GTAATAGGGAGATAGAGACC,0,3561047
tisBp,0.16666666666666666,5,5,GTAATAAAGAATGTTCATAC,0,3552617
tisBp,0.16666666666666666,5,5,GTAAGCTGTTGTCAGAGAAT,0,3573905
tisBp,0.16666666666666666,5,5,GTAAACGAAAGTAAGTGGGG,0,3556097
tisBp,0.16666666666666666,5,5,GGTTTGGTAGCTCTGTAATA,0,3593096
tisBp,0.16666666666666666,5,5,GGTTGGTGATGGCATTCACA,0,3570832
tisBp,0.16666666666666666,5,5,GGTTGAATCAGCCTTTTTCA,0,3584626
tisBp,0.16666666666666666,5,5,GGTTGAAACGGCGCACCGGA,0,3575038
tisBp,0.16666666666666666,5,5,GGTTATACGGCAAAGACTTC,0,3564349
tisBp,0.16666666666666666,5,5,GGTGTCTACTCCTAGGGCGT,0,3581804
tisBp,0.16666666666666666,5,5,GGTGGTACCACTGGTGGCCT,0,3577912
tisBp,0.16666666666666666,5,5,GGTGGATCCAGACTGGGTCT,0,3555775
tisBp,0.16666666666666666,5,5,GGTGAGTTGGCTCGAGCCAA,0,3589306
tisBp,0.16666666666666666,5,5,GGTCGCACGATTGGCACTTG,0,3572383
tisBp,0.16666666666666666,5,5,GGTCCTCAAGTAGTGGATTC,0,3601221
tisBp,0.16666666666666666,5,5,GGTCCAACGCTACCTTATTT,0,3551785
tisBp,0.16666666666666666,5,5,GGTCACAGAAGATTAGAGGG,0,3558010
tisBp,0.16666666666666666,5,5,GGTATTATGCGGTTTTGTAA,0,3545810
tisBp,0.16666666666666666,5,5,GGTATGGGGGTGCACGGCAT,0,3579429
tisBp,0.16666666666666666,5,5,GGTAATAGATGATTTGAAAC,0,3590969
tisBp,0.16666666666666666,5,5,GGTAAGAGTGGCATCCACCT,0,3600010
tisBp,0.16666666666666666,5,5,GGGTGTAGGAGACCACATAG,0,3562600
tisBp,0.16666666666666666,5,5,GGGTGGGAGCATTTCTAGCC,0,3570325
tisBp,0.16666666666666666,5,5,GGGTGGAGTGAGGAGCTAGC,0,3591797
tisBp,0.16666666666666666,5,5,GGGTGCATTCAAAGCCTTTG,0,3572913
tisBp,0.16666666666666666,5,5,GGGTCCCGGGCGCTCGCATA,0,3573433
tisBp,0.16666666666666666,5,5,GGGTACATGGAGGCGGGACC,0,3591111
tisBp,0.16666666666666666,5,5,GGGGTTCCGGTGAACATGTG,0,3564031
tisBp,0.16666666666666666,5,5,GGGGTAAGAGTGAAAAGCGG,0,3580615
tisBp,0.16666666666666666,5,5,GGGGGCACCCTCGAAGGATT,0,3564265
tisBp,0.16666666666666666,5,5,GGGGCACTCTGACCTCAAAC,0,3559111
tisBp,0.16666666666666666,5,5,GGGGACCTCGCGAGTCACCA,0,3598194
tisBp,0.16666666666666666,5,5,GGGGAAACCTGAGCATTGTT,0,3579164
tisBp,0.16666666666666666,5,5,GGGCTGCACTTGGCACAGTC,0,3573598
tisBp,0.16666666666666666,5,5,GGGCCTTAAGTGCACCAATC,0,3598865
tisBp,0.16666666666666666,5,5,GGGCAGTAAGACATCACGTT,0,3595204
tisBp,0.16666666666666666,5,5,GGGCACTTGAACGGAGACAG,0,3590119
tisBp,0.16666666666666666,5,5,GGGCACTCGATAACGCCTTC,0,3544634
tisBp,0.16666666666666666,5,5,GGGAGAGCAAGTCTTGTGTG,0,3557909
tisBp,0.16666666666666666,5,5,GGGACTCTGAGGGGTCTGTT,0,3589321
tisBp,0.16666666666666666,5,5,GGGACCCCCTTCGGTACTAC,0,3568171
tisBp,0.16666666666666666,5,5,GGGAACTAGGGGCACGCAGA,0,3580758
tisBp,0.16666666666666666,5,5,GGCTGTCACAACGTCGGCGG,0,3555026
tisBp,0.16666666666666666,5,5,GGCTCGCAGATTTCTCTTTG,0,3595210
tisBp,0.16666666666666666,5,5,GGCTATCAGGCTCACCGAGA,0,3559614
tisBp,0.16666666666666666,5,5,GGCGTCTTATTGAACATGGT,0,3550085
tisBp,0.16666666666666666,5,5,GGCGTATATAGTCGTTCAGT,0,3584442
tisBp,0.16666666666666666,5,5,GGCGCAGGGAAACATTTTTA,0,3576181
tisBp,0.16666666666666666,5,5,GGCGACCGGTTTGGTTAGTA,0,3562785
tisBp,0.16666666666666666,5,5,GGCCGTGATGGAGGTTGCAG,0,3602011
tisBp,0.16666666666666666,5,5,GGCCGTCGGAACCGTGCACT,0,3585893
tisBp,0.16666666666666666,5,5,GGCCCGCCTCTCCACACGCC,0,3564455
tisBp,0.16666666666666666,5,5,GGCCATTAGCCGGTAGTACG,0,3578480
tisBp,0.16666666666666666,5,5,GGCCAGATCCAGACTTGGGG,0,3555602
tisBp,0.16666666666666666,5,5,GGCCACGTGACACTTCGGTT,0,3576603
tisBp,0.16666666666666666,5,5,GGCATTTGATTACCCATGGA,0,3584601
tisBp,0.16666666666666666,5,5,GGCATCCCTGGGAGGCGAGT,0,3564392
tisBp,0.16666666666666666,5,5,GGCAGTAATAGTTAAAGAGA,0,3553934
tisBp,0.16666666666666666,5,5,GGCACATATGCTAAAACATA,0,3585029
tisBp,0.16666666666666666,5,5,GGCAAGATTGAATTATTTGC,0,3590604
tisBp,0.16666666666666666,5,5,GGATTTCCCTGAGAGTGATC,0,3588450
tisBp,0.16666666666666666,5,5,GGATTCAGGAAAGGCTCAAC,0,3587123
tisBp,0.16666666666666666,5,5,GGATGCTATCGGTCCGTAGT,0,3572100
tisBp,0.16666666666666666,5,5,GGATCGTAGTATCGACTATT,0,3577073
tisBp,0.16666666666666666,5,5,GGATAGAGGATGGACACAAT,0,3551541
tisBp,0.16666666666666666,5,5,GGAGGGGGCCAATTTTGCAT,0,3575319
tisBp,0.16666666666666666,5,5,GGAGGAAGCCGGTACGACCC,0,3582050
tisBp,0.16666666666666666,5,5,GGAGCTGGAGACACCGACAT,0,3600337
tisBp,0.16666666666666666,5,5,GGAGACAGCCTACAAAAGTC,0,3582197
tisBp,0.16666666666666666,5,5,GGACTATGGCGCCAGACGAC,0,3568539
tisBp,0.16666666666666666,5,5,GGACGAGGAGGCCATATGGC,0,3601864
tisBp,0.16666666666666666,5,5,GGACATTGTGGGCGCAGCCT,0,3563734
tisBp,0.16666666666666666,5,5,GGACAGGTGTGCGAATAATC,0,3559380
tisBp,0.16666666666666666,5,5,GGAAGGTATTAGTTAACCGA,0,3586505
tisBp,0.16666666666666666,5,5,GGAACGCTCAGCAGCGGTAT,0,3574992
tisBp,0.16666666666666666,5,5,GGAACCAGGCTCGAAAGAAG,0,3573175
tisBp,0.16666666666666666,5,5,GGAACACTTGAGGGCTGCTT,0,3569890
tisBp,0.16666666666666666,5,5,GGAAATATGTTTGCTCGAGT,0,3552398
tisBp,0.16666666666666666,5,5,GGAAACTCCCGCCTGATCCC,0,3554980
tisBp,0.16666666666666666,5,5,GGAAACTCCCCGACCGGGAT,0,3542805
tisBp,0.16666666666666666,5,5,GGAAACCAGATCAAATGCTC,0,3593865
tisBp,0.16666666666666666,5,5,GGAAAACGGTCTCGAGATCA,0,3559463
tisBp,0.16666666666666666,5,5,GCTTCGATCTCGTGGGGTAA,0,3561061
tisBp,0.16666666666666666,5,5,GCTTCGACACATTGGCAACA,0,3590925
tisBp,0.16666666666666666,5,5,GCTTAGCACGCTACGAGGGG,0,3591380
tisBp,0.16666666666666666,5,5,GCTGTTGATGGTCGCGGCTA,0,3544639
tisBp,0.16666666666666666,5,5,GCTGTTACTGCCTGCACGCA,0,3550984
tisBp,0.16666666666666666,5,5,GCTGTCTCTAATATGCGCCA,0,3580511
tisBp,0.16666666666666666,5,5,GCTGGGTGAATGCATGATCA,0,3586116
tisBp,0.16666666666666666,5,5,GCTGCCGGCCCACGGGAGGG,0,3566286
tisBp,0.16666666666666666,5,5,GCTGATAGTGGCTTCCTCTT,0,3573209
tisBp,0.16666666666666666,5,5,GCTCGTGGTCGCTAAAAATC,0,3563340
tisBp,0.16666666666666666,5,5,GCTCGTAGGGTTATAACCCA,0,3570352
tisBp,0.16666666666666666,5,5,GCTCGCGTGATTTACTGACC,0,3559529
tisBp,0.16666666666666666,5,5,GCTATTCGGATCTCTTGACA,0,3573472
tisBp,0.16666666666666666,5,5,GCTACTCCCTGGTACAGTAC,0,3562922
tisBp,0.16666666666666666,5,5,GCTACCAGCTTTCATGGATT,0,3602847
tisBp,0.16666666666666666,5,5,GCTACAGGGGTGGTATTTAT,0,3553833
tisBp,0.16666666666666666,5,5,GCGTTTTGAATAAATGAGAG,0,3581409
tisBp,0.16666666666666666,5,5,GCGTTCACGGATTTCTCTTC,0,3592055
tisBp,0.16666666666666666,5,5,GCGTACATTGGTTTGCTGTT,0,3573218
tisBp,0.16666666666666666,5,5,GCGGTTGGGGCGTTCAGCCT,0,3591054
tisBp,0.16666666666666666,5,5,GCGGTCGTAAGCGATCCATC,0,3549896
tisBp,0.16666666666666666,5,5,GCGGTCCTACGGGACCAGCA,0,3549097
tisBp,0.16666666666666666,5,5,GCGGGCACTGGAGAGTCCAA,0,3554561
tisBp,0.16666666666666666,5,5,GCGGGAGTGCTTGCCCGGTG,0,3590239
tisBp,0.16666666666666666,5,5,GCGGCGTGAATGTACACGGG,0,3591983
tisBp,0.16666666666666666,5,5,GCGGCGTCAATTCCGGTCTT,0,3557817
tisBp,0.16666666666666666,5,5,GCGGAGCGCCGCAAAGCAAG,0,3561046
tisBp,0.16666666666666666,5,5,GCGCAGCAGATACGTTGGTG,0,3558510
tisBp,0.16666666666666666,5,5,GCGAGGAGCGGGCGACCCGC,0,3552592
tisBp,0.16666666666666666,5,5,GCGAGCGAGTATTCCTGCTG,0,3566740
tisBp,0.16666666666666666,5,5,GCGACATCGGGCTATGGCGG,0,3565483
tisBp,0.16666666666666666,5,5,GCCTGGTTTCGCAGCGGGGG,0,3585714
tisBp,0.16666666666666666,5,5,GCCTGGGAGTTAATGAGAGG,0,3597137
tisBp,0.16666666666666666,5,5,GCCGTGACTAGCCGGCTGGT,0,3586255
tisBp,0.16666666666666666,5,5,GCCGGGGTCGCGCCTTAGTG,0,3557545
tisBp,0.16666666666666666,5,5,GCCGGGGGTACCGTTATTTA,0,3576103
tisBp,0.16666666666666666,5,5,GCCGGACGCCGTAACGATGG,0,3586814
tisBp,0.16666666666666666,5,5,GCCGATCGACTTTACCGATC,0,3585566
tisBp,0.16666666666666666,5,5,GCCGACGGAATGGTCAGGCG,0,3549337
tisBp,0.16666666666666666,5,5,GCCCGTTCGCTTGAGGGGAT,0,3598566
tisBp,0.16666666666666666,5,5,GCCCGGTGATAAAGGAGGAA,0,3590679
tisBp,0.16666666666666666,5,5,GCCCATAGAACCAGTTATGC,0,3557231
tisBp,0.16666666666666666,5,5,GCCCAATGCACAAGAGATTG,0,3583040
tisBp,0.16666666666666666,5,5,GCCCAAAAGTGTACGGGTCT,0,3546962
tisBp,0.16666666666666666,5,5,GCCATTCACGTTATTGCTGG,0,3547568
tisBp,0.16666666666666666,5,5,GCCAGTCTTCGCATAGGCTA,0,3555773
tisBp,0.16666666666666666,5,5,GCCAGCTCGTTAGGGCTCCT,0,3549251
tisBp,0.16666666666666666,5,5,GCATTGGGACCTATAGTGAT,0,3543909
tisBp,0.16666666666666666,5,5,GCATGGCACTACCAGGACAC,0,3602930
tisBp,0.16666666666666666,5,5,GCATATTCACACCTAATCAG,0,3549182
tisBp,0.16666666666666666,5,5,GCATACGGGCTCGTCTTTGA,0,3569962
tisBp,0.16666666666666666,5,5,GCATAAAGGCACAGGAACGA,0,3571334
tisBp,0.16666666666666666,5,5,GCAGTCGTTCAAGCCGGTCC,0,3596371
tisBp,0.16666666666666666,5,5,GCAGGTCCTTTTAACAGCTT,0,3543294
tisBp,0.16666666666666666,5,5,GCAGGCTCGGCACTAAAGGT,0,3595379
tisBp,0.16666666666666666,5,5,GCACGAGGCAATCGTACTCT,0,3548842
tisBp,0.16666666666666666,5,5,GCACCCGTGTACGCACCAGA,0,3573420
tisBp,0.16666666666666666,5,5,GCAATAAACTCGCTCCTCAT,0,3557717
tisBp,0.16666666666666666,5,5,GCAAGTTAGATCTAGGTGCA,0,3600119
tisBp,0.16666666666666666,5,5,GCAAGCCCCCCCCTCCAGAC,0,3552670
tisBp,0.16666666666666666,5,5,GCAACGAAAAACTTGGCAAC,0,3570524
tisBp,0.16666666666666666,5,5,GCAACCCAGACGGTGATTGG,0,3594325
tisBp,0.16666666666666666,5,5,GCAAACAGCGCTGGCGTTAA,0,3557129
tisBp,0.16666666666666666,5,5,GATTTCAAAGAGAGCATCGC,0,3567708
tisBp,0.16666666666666666,5,5,GATTAGTAGTTGCACTTTAA,0,3581983
tisBp,0.16666666666666666,5,5,GATTAAGTGAAATACGGTTC,0,3584242
tisBp,0.16666666666666666,5,5,GATGTTCCCTACATCCAGCT,0,3552117
tisBp,0.16666666666666666,5,5,GATGTATTCGAGTTATTGTT,0,3559428
tisBp,0.16666666666666666,5,5,GATGTAATCTGTCATGCAGT,0,3584643
tisBp,0.16666666666666666,5,5,GATGCTTAAACGAGATAAAG,0,3593518
tisBp,0.16666666666666666,5,5,GATCGTCCGTCGCCTAATCG,0,3595604
tisBp,0.16666666666666666,5,5,GATCCCGAAAGGCCACTACT,0,3567224
tisBp,0.16666666666666666,5,5,GATATTTCGATTGTTACCGA,0,3560078
tisBp,0.16666666666666666,5,5,GATATTTAGAGCTACACCAA,0,3582859
tisBp,0.16666666666666666,5,5,GATATATTGGAGGTAAGGCG,0,3568694
tisBp,0.16666666666666666,5,5,GATACTATCAATATAGGCAA,0,3596550
tisBp,0.16666666666666666,5,5,GATAATATTACCTTTGATTG,0,3563654
tisBp,0.16666666666666666,5,5,GATAAATATCATTGCTTCAA,0,3594669
tisBp,0.16666666666666666,5,5,GAGTTCATTACTCACCATTT,0,3590874
tisBp,0.16666666666666666,5,5,GAGTGCTCCAGTGGACTGGA,0,3573380
tisBp,0.16666666666666666,5,5,GAGTCTTTCCTGAATCATAA,0,3564609
tisBp,0.16666666666666666,5,5,GAGGTTGGCGACGTGCGCCA,0,3578884
tisBp,0.16666666666666666,5,5,GAGGTTCCACTCTCGCGTGT,0,3558295
tisBp,0.16666666666666666,5,5,GAGGGACTATGCAACGCCAT,0,3584951
tisBp,0.16666666666666666,5,5,GAGGCTCTTTGCAAGGACAC,0,3573412
tisBp,0.16666666666666666,5,5,GAGGCCTTCAGACTATATTG,0,3552577
tisBp,0.16666666666666666,5,5,GAGGCCTCTCTGATATTATG,0,3545296
tisBp,0.16666666666666666,5,5,GAGGATCGATGTGGCGAGAT,0,3574675
tisBp,0.16666666666666666,5,5,GAGCTCGTCGATGCGAAAAA,0,3595914
tisBp,0.16666666666666666,5,5,GAGCTAGTAACGCCAGTATT,0,3570702
tisBp,0.16666666666666666,5,5,GAGCGCTCCGCCAGGTGCCG,0,3570756
tisBp,0.16666666666666666,5,5,GAGCCCAAACCACTTTGGTT,0,3582945
tisBp,0.16666666666666666,5,5,GAGCAGATAATTGAACAGTC,0,3596369
tisBp,0.16666666666666666,5,5,GAGCAAAGTATATCATAGCC,0,3578178
tisBp,0.16666666666666666,5,5,GAGATTGCGCAGCAATCTTC,0,3567408
tisBp,0.16666666666666666,5,5,GAGAGCGGCCACCCATCGCA,0,3562501
tisBp,0.16666666666666666,5,5,GAGACGATGTCTTTATCTAT,0,3591777
tisBp,0.16666666666666666,5,5,GAGAATGCGTTGGCTTGTAT,0,3564974
tisBp,0.16666666666666666,5,5,GACTGCGACGACTAATCGAG,0,3582484
tisBp,0.16666666666666666,5,5,GACTGCCAAGATGAACGGCC,0,3543906
tisBp,0.16666666666666666,5,5,GACTCGAAAGCGTGGTCATG,0,3590230
tisBp,0.16666666666666666,5,5,GACTATTATCGGATTGGGGA,0,3554583
tisBp,0.16666666666666666,5,5,GACGAGGGTTGTGCGTACAA,0,3595649
tisBp,0.16666666666666666,5,5,GACCTTTGCAGGCTTAATGT,0,3544916
tisBp,0.16666666666666666,5,5,GACCTAGGGCGAAGTCTTGT,0,3572307
tisBp,0.16666666666666666,5,5,GACCTACGATGTTCTAGCTT,0,3595070
tisBp,0.16666666666666666,5,5,GACCGGAGGTGGTTTGTTCT,0,3542339
tisBp,0.16666666666666666,5,5,GACCCCTAACGGCTGTAGTT,0,3557719
tisBp,0.16666666666666666,5,5,GACAATTTGGGGAAAAGTGT,0,3569189
tisBp,0.16666666666666666,5,5,GAATGTCGAACAGTCATTAA,0,3577950
tisBp,0.16666666666666666,5,5,GAATGGGTCGAACCTTTAGA,0,3549539
tisBp,0.16666666666666666,5,5,GAATGCTCAGCCAGCCACCG,0,3562931
tisBp,0.16666666666666666,5,5,GAATATTGTCTACAGTAGCA,0,3545500
tisBp,0.16666666666666666,5,5,GAAGTCAGGGAATCCCCACG,0,3593610
tisBp,0.16666666666666666,5,5,GAAGGGTAGGCCCTTATGCA,0,3543767
tisBp,0.16666666666666666,5,5,GAAGGGCACTGCTTCTATTC,0,3547220
tisBp,0.16666666666666666,5,5,GAAGGACCTCGGGAGAGAGA,0,3558389
tisBp,0.16666666666666666,5,5,GAAGCTTGCCGAGCAATGCC,0,3556808
tisBp,0.16666666666666666,5,5,GAACTTCTATAAGGGATGCA,0,3558796
tisBp,0.16666666666666666,5,5,GAACATTTTTCAGGCATGAA,0,3597954
tisBp,0.16666666666666666,5,5,GAACACAGCTTGGTCTGTTT,0,3603399
tisBp,0.16666666666666666,5,5,GAAACTTTACAAAATGCACA,0,3581137
tisBp,0.16666666666666666,5,5,GAAACCAACCAACCCTTTTA,0,3561728
tisBp,0.16666666666666666,5,5,GAAAAGGCTCGGAATGCCGC,0,3591285
tisBp,0.16666666666666666,5,5,GAAAAACATGTTAACATCTG,0,3576183
tisBp,0.16666666666666666,5,5,CTTTTTTGAGGATCCGGCCG,0,3570858
tisBp,0.16666666666666666,5,5,CTTTTCTCACTGCCCAATGC,0,3554660
tisBp,0.16666666666666666,5,5,CTTTTCAGAGCGGATTTTGC,0,3572246
tisBp,0.16666666666666666,5,5,CTTTGTTACACGAGTAGTTA,0,3560124
tisBp,0.16666666666666666,5,5,CTTTCAACAATCGGGAGGTT,0,3594949
tisBp,0.16666666666666666,5,5,CTTTAGTAGGACGGCGGCTA,0,3559341
tisBp,0.16666666666666666,5,5,CTTGTCCCTCCTCCAGCAGC,0,3558520
tisBp,0.16666666666666666,5,5,CTTGTCAAATCGGGTTTGGG,0,3584861
tisBp,0.16666666666666666,5,5,CTTGTACAGTTCGAGCCTTT,0,3576184
tisBp,0.16666666666666666,5,5,CTTGGCCAGAACATCCATCT,0,3572436
tisBp,0.16666666666666666,5,5,CTTGCTGGGAGAACGTGTAC,0,3542094
tisBp,0.16666666666666666,5,5,CTTGCAGGTAACTCAATCAT,0,3582759
tisBp,0.16666666666666666,5,5,CTTCTGGCCAACTACGACTA,0,3589146
tisBp,0.16666666666666666,5,5,CTTCGGCAACGAAATTACAA,0,3602823
tisBp,0.16666666666666666,5,5,CTTCGGAAGACTTGCAGGGT,0,3566666
tisBp,0.16666666666666666,5,5,CTTATTCAGATTTGAACCAT,0,3557499
tisBp,0.16666666666666666,5,5,CTTATCTCGGTTCACAACGG,0,3587489
tisBp,0.16666666666666666,5,5,CTTAGGGGCTAGGAGCAAGA,0,3581258
tisBp,0.16666666666666666,5,5,CTTAGACTCATAAGGGGTGG,0,3603253
tisBp,0.16666666666666666,5,5,CTTACGATATACTTTACGAG,0,3582837
tisBp,0.16666666666666666,5,5,CTTAATCTCAGATATTCTCT,0,3583235
tisBp,0.16666666666666666,5,5,CTGTTTGACTGCTTGCCAGA,0,3563719
tisBp,0.16666666666666666,5,5,CTGTTGCAGGATTGAGTAGC,0,3553553
tisBp,0.16666666666666666,5,5,CTGTTACTTTTACGGTTTAT,0,3568983
tisBp,0.16666666666666666,5,5,CTGTGGAAAGGTATAACTGG,0,3552573
tisBp,0.16666666666666666,5,5,CTGTCTGGTCAGGGAAGGCT,0,3586388
tisBp,0.16666666666666666,5,5,CTGTATGGCACAACATTGCT,0,3565668
tisBp,0.16666666666666666,5,5,CTGTATCGCTCGTACTATTA,0,3550546
tisBp,0.16666666666666666,5,5,CTGTACTATTAGGATGGCGA,0,3542016
tisBp,0.16666666666666666,5,5,CTGGTGGGTCCGGGTTCAAA,0,3597675
tisBp,0.16666666666666666,5,5,CTGGTGACAATCCATTGCGG,0,3544155
tisBp,0.16666666666666666,5,5,CTGGGTGGTACAATATCCTC,0,3565672
tisBp,0.16666666666666666,5,5,CTGCTGTTCAACTGCATGCC,0,3587932
tisBp,0.16666666666666666,5,5,CTGCGTGGTATTGTTTAGGA,0,3563060
tisBp,0.16666666666666666,5,5,CTGCGTCGGGCCAGAAGGCT,0,3586526
tisBp,0.16666666666666666,5,5,CTGCGAATCCTATGGTCAAG,0,3586817
tisBp,0.16666666666666666,5,5,CTGCGAAAACCATCTGATCC,0,3589929
tisBp,0.16666666666666666,5,5,CTGCCGTCGGGCCGGACACA,0,3542101
tisBp,0.16666666666666666,5,5,CTGCCACTAATCAGTTTCCC,0,3555926
tisBp,0.16666666666666666,5,5,CTGCCACGATCTCAAGAACA,0,3596297
tisBp,0.16666666666666666,5,5,CTGCCAAGATGATCCAGTAT,0,3587606
tisBp,0.16666666666666666,5,5,CTGCATGTGTGAAGGAGTTA,0,3543137
tisBp,0.16666666666666666,5,5,CTGATAGCGAGGGCTCCGTA,0,3583964
tisBp,0.16666666666666666,5,5,CTGAATGGGCCGCCGACGGT,0,3549908
tisBp,0.16666666666666666,5,5,CTCTCTGCGTTACGAGGAGA,0,3545515
tisBp,0.16666666666666666,5,5,CTCTCCTCGCTTGGACTTGA,0,3593102
tisBp,0.16666666666666666,5,5,CTCTCCAAACAAGTATTCGC,0,3571826
tisBp,0.16666666666666666,5,5,CTCGTTATATCCCAGCCTCT,0,3602711
tisBp,0.16666666666666666,5,5,CTCGTGTTGTGCGGTCGCTG,0,3579822
tisBp,0.16666666666666666,5,5,CTCGTCCATTTTCTCGGTAC,0,3575978
tisBp,0.16666666666666666,5,5,CTCGTCATTAGAAGTGTGTT,0,3549944
tisBp,0.16666666666666666,5,5,CTCGGGTAACACCGGAGCCC,0,3558742
tisBp,0.16666666666666666,5,5,CTCGGCAGCACGCAGTATAT,0,3599349
tisBp,0.16666666666666666,5,5,CTCGAGAGAGGCCACTTTTT,0,3557198
tisBp,0.16666666666666666,5,5,CTCGACGTGCTCCGTGTAGT,0,3583446
tisBp,0.16666666666666666,5,5,CTCCTTGGCAAACGAGAATT,0,3571351
tisBp,0.16666666666666666,5,5,CTCCTATCCCTTGACCGAAT,0,3596457
tisBp,0.16666666666666666,5,5,CTCCGGCCCCTTACCCAGTA,0,3547992
tisBp,0.16666666666666666,5,5,CTCCCGTGATCCACCGGAGT,0,3553656
tisBp,0.16666666666666666,5,5,CTCAAGCTTCAGTCTTGTTC,0,3586845
tisBp,0.16666666666666666,5,5,CTCAACGTGGAGATGGTGCC,0,3570621
tisBp,0.16666666666666666,5,5,CTATTTGTCACCAACTATAG,0,3591498
tisBp,0.16666666666666666,5,5,CTATTTCCCGGAGGGCTTAT,0,3584020
tisBp,0.16666666666666666,5,5,CTATTGGAAAACTCCTAGAT,0,3591768
tisBp,0.16666666666666666,5,5,CTATTCGCATATACGAACTC,0,3601219
tisBp,0.16666666666666666,5,5,CTATGTTACGGGTCCGTCAC,0,3569832
tisBp,0.16666666666666666,5,5,CTATCTCGTTATAAACCGCA,0,3599831
tisBp,0.16666666666666666,5,5,CTAGCCCAAACATATACTGT,0,3558814
tisBp,0.16666666666666666,5,5,CTACGGGTCACCGTCTATGA,0,3554248
tisBp,0.16666666666666666,5,5,CTACGGGGCCAGATGTCTAA,0,3597499
tisBp,0.16666666666666666,5,5,CTACCTCAGGTAACCAGTCC,0,3546001
tisBp,0.16666666666666666,5,5,CTACATGTTGAACACTAGAA,0,3550801
tisBp,0.16666666666666666,5,5,CTACAGCATAAGGCACCACG,0,3547441
tisBp,0.16666666666666666,5,5,CTAATATTGGCGTCGTCTAT,0,3591890
tisBp,0.16666666666666666,5,5,CTAAGAGGTCTTGTAAGCAA,0,3577854
tisBp,0.16666666666666666,5,5,CTAACGGATATTGCGCTTAA,0,3565829
tisBp,0.16666666666666666,5,5,CTAAATGCTTACGGGCTCGG,0,3548289
tisBp,0.16666666666666666,5,5,CGTTGTAGGACCATAGGCAG,0,3584269
tisBp,0.16666666666666666,5,5,CGTTGGTGTGCCCATCTCAT,0,3599974
tisBp,0.16666666666666666,5,5,CGTTGATGGCCTGTCTTATA,0,3588485
tisBp,0.16666666666666666,5,5,CGTTCTTAGTACACCACGCT,0,3594851
tisBp,0.16666666666666666,5,5,CGTTCTGGGTTGCACTTGAG,0,3559256
tisBp,0.16666666666666666,5,5,CGTTCTATGTAGAACAACTA,0,3548660
tisBp,0.16666666666666666,5,5,CGTTCCCATCCTTAGACACT,0,3581293
tisBp,0.16666666666666666,5,5,CGTTATTGTCACGTTATCGC,0,3579229
tisBp,0.16666666666666666,5,5,CGTTAATATTTGCGTCGATC,0,3602233
tisBp,0.16666666666666666,5,5,CGTGTTGGTTATCAGATCTT,0,3545349
tisBp,0.16666666666666666,5,5,CGTGTGTGCGCTCTTAACGG,0,3570803
tisBp,0.16666666666666666,5,5,CGTGCCCATCAAAGCCGTTT,0,3549076
tisBp,0.16666666666666666,5,5,CGTGAGAGGCGCCACTTTCA,0,3564477
tisBp,0.16666666666666666,5,5,CGTCTTTCATCTTTTTAAGT,0,3556146
tisBp,0.16666666666666666,5,5,CGTCTTCATACTGAGCGAGT,0,3590193
tisBp,0.16666666666666666,5,5,CGTCTGGGCGGGCAAATACT,0,3571856
tisBp,0.16666666666666666,5,5,CGTCTGAGCAAGAGGGCCTG,0,3574900
tisBp,0.16666666666666666,5,5,CGTCATGGAAAGACGGAGGT,0,3548097
tisBp,0.16666666666666666,5,5,CGTCAGCTCAGGGGAATTTC,0,3599628
tisBp,0.16666666666666666,5,5,CGTATTGTGCTGAGCCCACG,0,3592309
tisBp,0.16666666666666666,5,5,CGTAATTACAGGCCGCCTAT,0,3592323
tisBp,0.16666666666666666,5,5,CGGTTTGCCACCGGTGGGAC,0,3558284
tisBp,0.16666666666666666,5,5,CGGTTGGAGGGTAACAAAGT,0,3599004
tisBp,0.16666666666666666,5,5,CGGTCCGGAACCTTGCAAAC,0,3588227
tisBp,0.16666666666666666,5,5,CGGTAGCCTTTGAAAATTCC,0,3599649
tisBp,0.16666666666666666,5,5,CGGTAAATGGTGGGGTCTTC,0,3589606
tisBp,0.16666666666666666,5,5,CGGGGGAAAGTGGGCCTGAA,0,3570412
tisBp,0.16666666666666666,5,5,CGGGGCGCGCTGCCTTTACC,0,3544814
tisBp,0.16666666666666666,5,5,CGGGCAACGCGACGCGCACA,0,3550744
tisBp,0.16666666666666666,5,5,CGGCCCGACGCAGCAAGTAC,0,3545748
tisBp,0.16666666666666666,5,5,CGGCAACTTTTAGGGAAGCC,0,3558536
tisBp,0.16666666666666666,5,5,CGGCAAAGAGGCTCGGTTCC,0,3552368
tisBp,0.16666666666666666,5,5,CGGATATAGAATGTGCCATC,0,3579177
tisBp,0.16666666666666666,5,5,CGGAGAGCATTCTGTGTTCG,0,3563187
tisBp,0.16666666666666666,5,5,CGGACGAATTTGCTTCGAGA,0,3545907
tisBp,0.16666666666666666,5,5,CGGACAGCGACTCGAACGCT,0,3570557
tisBp,0.16666666666666666,5,5,CGCTTTCGCCATCCTGGGAA,0,3549018
tisBp,0.16666666666666666,5,5,CGCTTTAGGATCAAACGGAA,0,3555536
tisBp,0.16666666666666666,5,5,CGCTTACGTCACTTATTTTG,0,3549412
tisBp,0.16666666666666666,5,5,CGCTGCTGCACACGTGTACA,0,3578699
tisBp,0.16666666666666666,5,5,CGCTGATCCATCATACGTGT,0,3570264
tisBp,0.16666666666666666,5,5,CGCTCTCAGCGGGGGGGGAA,0,3557961
tisBp,0.16666666666666666,5,5,CGCTCGGTCTTGACACGGCG,0,3590032
tisBp,0.16666666666666666,5,5,CGCTAGACAGGACTCCCTCA,0,3542882
tisBp,0.16666666666666666,5,5,CGCGGCGTTTCCTCTGTATA,0,3563832
tisBp,0.16666666666666666,5,5,CGCGCTCACCTCTATTTGGT,0,3579501
tisBp,0.16666666666666666,5,5,CGCGCTCAAAAGGATACCTA,0,3582335
tisBp,0.16666666666666666,5,5,CGCGCGGATCGTGGCGGTCT,0,3599782
tisBp,0.16666666666666666,5,5,CGCGCCGATCCGCGTGGATT,0,3586434
tisBp,0.16666666666666666,5,5,CGCGATGTGCAATGACCAGC,0,3601604
tisBp,0.16666666666666666,5,5,CGCGACGCCAGGTCGAGCAT,0,3574402
tisBp,0.16666666666666666,5,5,CGCGACATTGACTCCTTACC,0,3569615
tisBp,0.16666666666666666,5,5,CGCCTATATCTCACTTATAG,0,3581829
tisBp,0.16666666666666666,5,5,CGCCGTCGGAAGAATGCGTG,0,3557922
tisBp,0.16666666666666666,5,5,CGCCGTAATCTTACATGTAG,0,3565189
tisBp,0.16666666666666666,5,5,CGCCGGGCATTGACAGGAGG,0,3582208
tisBp,0.16666666666666666,5,5,CGCCGGATTGCAGTCCGCCC,0,3551691
tisBp,0.16666666666666666,5,5,CGCCCTGAATTATTATGGTC,0,3594234
tisBp,0.16666666666666666,5,5,CGCCCATAGCCTCATCGACT,0,3559917
tisBp,0.16666666666666666,5,5,CGCACCTAACAGCGTCTATC,0,3543552
tisBp,0.16666666666666666,5,5,CGCAATGTACCAGGAAGGGA,0,3580028
tisBp,0.16666666666666666,5,5,CGATTGGAGCAACCGTACTC,0,3561005
tisBp,0.16666666666666666,5,5,CGATCTCCGATCGGGTGATA,0,3542902
tisBp,0.16666666666666666,5,5,CGATACCGGTACACATTCTC,0,3548190
tisBp,0.16666666666666666,5,5,CGAGTAGTCTATGCGAGGTG,0,3552221
tisBp,0.16666666666666666,5,5,CGAGGCGGACGTTGGCCCAA,0,3570655
tisBp,0.16666666666666666,5,5,CGAGGATTTACAGAAGCAGG,0,3586809
tisBp,0.16666666666666666,5,5,CGAGCCAACATGGTGTATGT,0,3577559
tisBp,0.16666666666666666,5,5,CGACTCGCGTCGCCGAGGAA,0,3553392
tisBp,0.16666666666666666,5,5,CGACTCCAGATTGCCGGAAC,0,3573320
tisBp,0.16666666666666666,5,5,CGACGCAGCGCTCCATCATT,0,3597882
tisBp,0.16666666666666666,5,5,CGACCTCCATTTAAAGGAAT,0,3551888
tisBp,0.16666666666666666,5,5,CGACCCTCCCCGTAAATAGG,0,3542614
tisBp,0.16666666666666666,5,5,CGACCCACCACTCTGCGTGG,0,3556727
tisBp,0.16666666666666666,5,5,CGAATTTGAGATACACCATT,0,3546113
tisBp,0.16666666666666666,5,5,CGAACTCATACGCAATTCTC,0,3581371
tisBp,0.16666666666666666,5,5,CGAACACCGGGTCAATGTTA,0,3556468
tisBp,0.16666666666666666,5,5,CCTTGGCATATTCAGAGTGG,0,3602519
tisBp,0.16666666666666666,5,5,CCTTGATCTACCGCTCCGAC,0,3549243
tisBp,0.16666666666666666,5,5,CCTTCGTTTCGTATCACAGC,0,3546653
tisBp,0.16666666666666666,5,5,CCTTCATTTATAGGAGAGGT,0,3599261
tisBp,0.16666666666666666,5,5,CCTGTCGTGATTAAACTTCA,0,3573747
tisBp,0.16666666666666666,5,5,CCTGTAGGGTTTAGAGGCGG,0,3562099
tisBp,0.16666666666666666,5,5,CCTGGATATCCGGACATAGA,0,3562730
tisBp,0.16666666666666666,5,5,CCTGACGGCACAATACAGGA,0,3581774
tisBp,0.16666666666666666,5,5,CCTCTTATCGTTACGGGATG,0,3601850
tisBp,0.16666666666666666,5,5,CCTCGGCTTAAAGTATCGCG,0,3562170
tisBp,0.16666666666666666,5,5,CCTCGCGGTGCAAGCGTTTC,0,3573269
tisBp,0.16666666666666666,5,5,CCTCGAGTTACAACAATAAC,0,3562258
tisBp,0.16666666666666666,5,5,CCTCGAATATGGGCTGCTCT,0,3602695
tisBp,0.16666666666666666,5,5,CCTCATATGCGTTTCGGGGA,0,3580481
tisBp,0.16666666666666666,5,5,CCTAGTAAGCCGGTTCGCTT,0,3580453
tisBp,0.16666666666666666,5,5,CCTAGGACATCCTCATTACG,0,3587308
tisBp,0.16666666666666666,5,5,CCTAATGTTGTCAGCGGTCT,0,3585009
tisBp,0.16666666666666666,5,5,CCTAATGCATTTCCGGAAAT,0,3566725
tisBp,0.16666666666666666,5,5,CCTAATCCGTCTAGCGTATG,0,3566773
tisBp,0.16666666666666666,5,5,CCTAAAACCGGAACGGTTTG,0,3549912
tisBp,0.16666666666666666,5,5,CCTAAAAAGGCAGAGGGCCA,0,3547608
tisBp,0.16666666666666666,5,5,CCGTTTTTGAGCGGTTCGAC,0,3583027
tisBp,0.16666666666666666,5,5,CCGTGTCTGGCGACGCCCAC,0,3552023
tisBp,0.16666666666666666,5,5,CCGTGCGTTCATTCGCGAAT,0,3569273
tisBp,0.16666666666666666,5,5,CCGTGCATCATTCGATGCCC,0,3556025
tisBp,0.16666666666666666,5,5,CCGTACTATATTGGCGCCGC,0,3567669
tisBp,0.16666666666666666,5,5,CCGTAATTATAATAAGCGAG,0,3600559
tisBp,0.16666666666666666,5,5,CCGGTCATATCGGGGCCGCC,0,3603017
tisBp,0.16666666666666666,5,5,CCGGTCAAATAACTAACGGG,0,3563111
tisBp,0.16666666666666666,5,5,CCGGCCTTGTATCCATGGAA,0,3577857
tisBp,0.16666666666666666,5,5,CCGGCCTGATCATTGAACTG,0,3586261
tisBp,0.16666666666666666,5,5,CCGGCCTCGCTCTCCCTGTT,0,3579492
tisBp,0.16666666666666666,5,5,CCGGCCGCCATCGAAACACA,0,3597529
tisBp,0.16666666666666666,5,5,CCGGACACTATGGCGTTTGG,0,3600773
tisBp,0.16666666666666666,5,5,CCGCTAGGAATTTGCAAGCA,0,3592758
tisBp,0.16666666666666666,5,5,CCGCGTCCGGGTTCAGGCCT,0,3589033
tisBp,0.16666666666666666,5,5,CCGCGGCGCGGTAGGAAATA,0,3581042
tisBp,0.16666666666666666,5,5,CCGCGCTCCCGGTTTGAATA,0,3546587
tisBp,0.16666666666666666,5,5,CCGCCACAGAGGGAATTGTA,0,3555872
tisBp,0.16666666666666666,5,5,CCGCCAACCGTGGCTTCCGA,0,3595719
tisBp,0.16666666666666666,5,5,CCGCAGCCTGGTGGTGGATC,0,3594655
tisBp,0.16666666666666666,5,5,CCGATGGTGCATGAATCAGG,0,3575809
tisBp,0.16666666666666666,5,5,CCGAGTCAGAGACTTGGGCC,0,3546839
tisBp,0.16666666666666666,5,5,CCGAAGCAAGTTCATAGAGT,0,3568808
tisBp,0.16666666666666666,5,5,CCCTTGTCACGCGCTCTCTT,0,3542215
tisBp,0.16666666666666666,5,5,CCCGTAACTCCTAGTGGCTT,0,3580447
tisBp,0.16666666666666666,5,5,CCCGCTCGGGGATTTACACC,0,3541765
tisBp,0.16666666666666666,5,5,CCCGCGCCTCTGGTCATCAG,0,3580051
tisBp,0.16666666666666666,5,5,CCCGCATCCAGTGGGAACTG,0,3546508
tisBp,0.16666666666666666,5,5,CCCGCACTGCTTCATTACTA,0,3563864
tisBp,0.16666666666666666,5,5,CCCCGGGTCTGCCCATCGGG,0,3546058
tisBp,0.16666666666666666,5,5,CCCCGGGTAGTGTCATATGG,0,3545632
tisBp,0.16666666666666666,5,5,CCCCGGGACTTCAAGGACGT,0,3592681
tisBp,0.16666666666666666,5,5,CCCCGGAAGTGCTGAGTTGG,0,3555490
tisBp,0.16666666666666666,5,5,CCCCGCAAGTGGAAGGAGCT,0,3585636
tisBp,0.16666666666666666,5,5,CCCCAAACCTTTCTATTACG,0,3565425
tisBp,0.16666666666666666,5,5,CCCACTTGTAGGGTCGAAGT,0,3582556
tisBp,0.16666666666666666,5,5,CCCAAACTTTTAATCGAATA,0,3588634
tisBp,0.16666666666666666,5,5,CCATTTGGCGGATAAAAGTG,0,3581442
tisBp,0.16666666666666666,5,5,CCATTAATCCCAGCCGTTCG,0,3572305
tisBp,0.16666666666666666,5,5,CCATGAGGGTCTGACCAGCT,0,3593706
tisBp,0.16666666666666666,5,5,CCATGACTTGTATGGCGCAT,0,3584252
tisBp,0.16666666666666666,5,5,CCATCTCACCAGAGCATGCG,0,3565261
tisBp,0.16666666666666666,5,5,CCATCGTGCCCTGGGAATAT,0,3577014
tisBp,0.16666666666666666,5,5,CCATATCCCCCCGTCGAGTG,0,3546876
tisBp,0.16666666666666666,5,5,CCAGGGCGTCGAAGGGAAAG,0,3542504
tisBp,0.16666666666666666,5,5,CCAGGACAGGATGGGTTCCC,0,3596657
tisBp,0.16666666666666666,5,5,CCAGCCCTCGTCCTTGGCGT,0,3556229
tisBp,0.16666666666666666,5,5,CCAGCATTAAGAGAGCATAA,0,3570475
tisBp,0.16666666666666666,5,5,CCAGCAAGGCAGCGATTTGA,0,3602089
tisBp,0.16666666666666666,5,5,CCACTTGATCAGAGAACCTG,0,3570761
tisBp,0.16666666666666666,5,5,CCACGTCGTAAGTAGGGCCG,0,3567280
tisBp,0.16666666666666666,5,5,CCACGAGCGAGGGTGACAAG,0,3560081
tisBp,0.16666666666666666,5,5,CCACCGACGTGACAGGGTTC,0,3579768
tisBp,0.16666666666666666,5,5,CCACATGAAGAATTCAAGTT,0,3559934
tisBp,0.16666666666666666,5,5,CCACAAACGAAACTATCGCA,0,3601377
tisBp,0.16666666666666666,5,5,CCAATTCCCTCAAAAAGCAT,0,3561567
tisBp,0.16666666666666666,5,5,CCAATTAGCGGACATTGGAC,0,3548123
tisBp,0.16666666666666666,5,5,CCAATGTCCGTCTGGTCGAA,0,3571029
tisBp,0.16666666666666666,5,5,CCAAGCTGGGACGCCTGCGT,0,3555278
tisBp,0.16666666666666666,5,5,CCAAGACGTCCAACCGGAAC,0,3558375
tisBp,0.16666666666666666,5,5,CATTTCACGTTACCACGAAC,0,3565548
tisBp,0.16666666666666666,5,5,CATTACCTGTAATAACTAAG,0,3543755
tisBp,0.16666666666666666,5,5,CATTAAACCGGACCAGTGGT,0,3556383
tisBp,0.16666666666666666,5,5,CATGGCAAGGTCAAACCAAA,0,3594242
tisBp,0.16666666666666666,5,5,CATGCTTGGTCTGGCTTTAC,0,3563771
tisBp,0.16666666666666666,5,5,CATGCTCATTTATCGTTCGT,0,3587809
tisBp,0.16666666666666666,5,5,CATGAGTGTTTCAGGCGAAC,0,3593470
tisBp,0.16666666666666666,5,5,CATCTTACGGTGGGCCATAG,0,3579972
tisBp,0.16666666666666666,5,5,CATCGTTCAAACCTTGGACA,0,3577289
tisBp,0.16666666666666666,5,5,CATCGGGAGGATAGTCCGAG,0,3563479
tisBp,0.16666666666666666,5,5,CATCGATTAATGCATAGTGG,0,3602477
tisBp,0.16666666666666666,5,5,CATATCAAATGTAGTTTAGG,0,3559601
tisBp,0.16666666666666666,5,5,CATAGCTGTGGATACCTTGG,0,3597591
tisBp,0.16666666666666666,5,5,CATACTGCGCTCTAGTTCGT,0,3585215
tisBp,0.16666666666666666,5,5,CATACAAGTGGCCGGCGCTG,0,3580995
tisBp,0.16666666666666666,5,5,CATAATCTACAAATCTCGAT,0,3565267
tisBp,0.16666666666666666,5,5,CATAACTTTCGTCCGGCTCG,0,3553892
tisBp,0.16666666666666666,5,5,CAGTTGCCAGAGGTTCAAGG,0,3573340
tisBp,0.16666666666666666,5,5,CAGTTCGAGGACCCTCAAAC,0,3567552
tisBp,0.16666666666666666,5,5,CAGTTCAGGGTGGGGCGCGA,0,3570989
tisBp,0.16666666666666666,5,5,CAGTGAATGGTTAAAGTAAA,0,3566113
tisBp,0.16666666666666666,5,5,CAGTCTTATGGTGCAACTTG,0,3551795
tisBp,0.16666666666666666,5,5,CAGTCCTCGTCTGCGGTATT,0,3587195
tisBp,0.16666666666666666,5,5,CAGTATAAGTGTCTAGAGCT,0,3570232
tisBp,0.16666666666666666,5,5,CAGGCCCCAAGCGCGTCAAA,0,3570289
tisBp,0.16666666666666666,5,5,CAGCTAATGCCAACAGCACT,0,3572833
tisBp,0.16666666666666666,5,5,CAGCGACCGGCGCGGGCGGT,0,3578486
tisBp,0.16666666666666666,5,5,CAGCCACTGGAGCCTTTTTA,0,3589405
tisBp,0.16666666666666666,5,5,CAGCAATGCCACGGTCGCTA,0,3579887
tisBp,0.16666666666666666,5,5,CAGACAATATCATTACTTAT,0,3583326
tisBp,0.16666666666666666,5,5,CAGAAACCCAGACTGCCGAA,0,3582274
tisBp,0.16666666666666666,5,5,CACTTCAGCAATTGCGATCG,0,3562417
tisBp,0.16666666666666666,5,5,CACTGGCAGGGCAAGTAGTG,0,3597303
tisBp,0.16666666666666666,5,5,CACTACCGTGATGTCCATTG,0,3545104
tisBp,0.16666666666666666,5,5,CACCTTGGGTGACGATTTCG,0,3593330
tisBp,0.16666666666666666,5,5,CACCTAAGGATAACCGGTTG,0,3566589
tisBp,0.16666666666666666,5,5,CACCAGAGTGACGTTAGCGT,0,3567156
tisBp,0.16666666666666666,5,5,CACCAAGCGGCACAGCGGTC,0,3596051
tisBp,0.16666666666666666,5,5,CACATTCGGGAGAGGCCCGA,0,3575803
tisBp,0.16666666666666666,5,5,CACATACGCAGTGTCTCGTA,0,3591114
tisBp,0.16666666666666666,5,5,CACAGCAACGGGTTAGTAAT,0,3591084
tisBp,0.16666666666666666,5,5,CACAACTGGCGATTGTAAAG,0,3586989
tisBp,0.16666666666666666,5,5,CAATGTTCAATTAGGTAGGC,0,3588161
tisBp,0.16666666666666666,5,5,CAATCGATTGTGTTTACAAA,0,3542361
tisBp,0.16666666666666666,5,5,CAATCGAAGGTGGGTTATAT,0,3543130
tisBp,0.16666666666666666,5,5,CAAGTTAAGATAATATGGAT,0,3569642
tisBp,0.16666666666666666,5,5,CAAGGCTAGATATACCAAAT,0,3578047
tisBp,0.16666666666666666,5,5,CAAGCTGTGGTTACCCATGT,0,3560946
tisBp,0.16666666666666666,5,5,CAAGCTCGGGAAGCTGTATG,0,3587391
tisBp,0.16666666666666666,5,5,CAAGAAACCGTAAGATTAAG,0,3599690
tisBp,0.16666666666666666,5,5,CAACTCAATGTCTATGGAAG,0,3552434
tisBp,0.16666666666666666,5,5,CAACCACGTCATCAGCCCGA,0,3585081
tisBp,0.16666666666666666,5,5,CAACAGTATAACCCGGGTAT,0,3603038
tisBp,0.16666666666666666,5,5,CAACAACGAAAGTGTAACAA,0,3565862
tisBp,0.16666666666666666,5,5,CAAATGAGGATAACTGCTGC,0,3572149
tisBp,0.16666666666666666,5,5,CAAATCATGGGCTTGAAGAC,0,3596663
tisBp,0.16666666666666666,5,5,CAAAGTCCACAAGCGAAATA,0,3586752
tisBp,0.16666666666666666,5,5,CAAAGGCAGTTGCGAGCTAT,0,3559138
tisBp,0.16666666666666666,5,5,CAAACTCAGGACGCAAGTAA,0,3567413
tisBp,0.16666666666666666,5,5,CAAACGTTAGATGCTGAGTA,0,3554958
tisBp,0.16666666666666666,5,5,CAAAATGCACCGTACGCTTA,0,3571214
tisBp,0.16666666666666666,5,5,ATTTTCTCAGCGTTATACTA,0,3599665
tisBp,0.16666666666666666,5,5,ATTTTCGTCGGTGGAACAGG,0,3579185
tisBp,0.16666666666666666,5,5,ATTTTCGTCAAAAATCATTT,0,3556289
tisBp,0.16666666666666666,5,5,ATTTGTTATCCCGTATTAGC,0,3590298
tisBp,0.16666666666666666,5,5,ATTTGATAACTCGTTTACTC,0,3573124
tisBp,0.16666666666666666,5,5,ATTTCTTATACAAGGGCATG,0,3561452
tisBp,0.16666666666666666,5,5,ATTTCCCAACTACCGCAGGC,0,3601904
tisBp,0.16666666666666666,5,5,ATTTACCAATACATGGAGGT,0,3543413
tisBp,0.16666666666666666,5,5,ATTGTTAGGGTGGTAAGCCC,0,3542310
tisBp,0.16666666666666666,5,5,ATTGTCGCGTAGTGCTAGTG,0,3541805
tisBp,0.16666666666666666,5,5,ATTGAGTGTATTTCACATAA,0,3572655
tisBp,0.16666666666666666,5,5,ATTCTCGACTGATTGCCTTT,0,3588099
tisBp,0.16666666666666666,5,5,ATTCCGAACGTCAACCGGGT,0,3575322
tisBp,0.16666666666666666,5,5,ATTCCACAATCAACTGGAGC,0,3551534
tisBp,0.16666666666666666,5,5,ATTATTCTAATAGAGCACTA,0,3577425
tisBp,0.16666666666666666,5,5,ATTAGTAGGACCCCCCGATT,0,3590266
tisBp,0.16666666666666666,5,5,ATTACGCGTAGAATATCTAA,0,3552706
tisBp,0.16666666666666666,5,5,ATGTTAGAGCCATTTTCACG,0,3563151
tisBp,0.16666666666666666,5,5,ATGTGGCAGGAGCCTTCAGG,0,3566542
tisBp,0.16666666666666666,5,5,ATGTAGTCACGGCCGCAATA,0,3549347
tisBp,0.16666666666666666,5,5,ATGTAAAGGCCATAAGCGGC,0,3582709
tisBp,0.16666666666666666,5,5,ATGGTTTTTTATGGGAAAGG,0,3573821
tisBp,0.16666666666666666,5,5,ATGGTTGAACGGATTCCGGA,0,3582569
tisBp,0.16666666666666666,5,5,ATGGTGTCAAATTGCCTCTT,0,3587406
tisBp,0.16666666666666666,5,5,ATGGGGTTGCACATGTAGGC,0,3547289
tisBp,0.16666666666666666,5,5,ATGGATTAGCCGACTGACCA,0,3557625
tisBp,0.16666666666666666,5,5,ATGCCGCTCCATATAACACT,0,3579249
tisBp,0.16666666666666666,5,5,ATGCAAGTGAGTAAGAGGCA,0,3578244
tisBp,0.16666666666666666,5,5,ATGATCGAAGTCTCAACGGA,0,3573104
tisBp,0.16666666666666666,5,5,ATGATCCCCGTCAGTAAGGC,0,3541285
tisBp,0.16666666666666666,5,5,ATGAGCTTCTCATTGTTTAG,0,3542055
tisBp,0.16666666666666666,5,5,ATGAAGCAGCAATTCGCGGC,0,3547599
tisBp,0.16666666666666666,5,5,ATGAAAGGGGTGGATTGTTC,0,3544081
tisBp,0.16666666666666666,5,5,ATCTTGCGTTCTGGGCAGCT,0,3584262
tisBp,0.16666666666666666,5,5,ATCTCAAATGAGTTCGCACT,0,3570835
tisBp,0.16666666666666666,5,5,ATCTAATCACTGACTGACTT,0,3582430
tisBp,0.16666666666666666,5,5,ATCGTCGGCCCTCCCGGTTA,0,3550574
tisBp,0.16666666666666666,5,5,ATCGTATCTATTAGTACGTG,0,3585774
tisBp,0.16666666666666666,5,5,ATCGGGGCCGGTGAGGCCCG,0,3566102
tisBp,0.16666666666666666,5,5,ATCGAGATATGGTATCTTAT,0,3598898
tisBp,0.16666666666666666,5,5,ATCGACTATATAGGCGGATT,0,3552558
tisBp,0.16666666666666666,5,5,ATCGACGAGTTAAAGAACGA,0,3549237
tisBp,0.16666666666666666,5,5,ATCCTCTAAGGTGGTCGGTT,0,3595323
tisBp,0.16666666666666666,5,5,ATCCGTCTCCCCGATCACTA,0,3573272
tisBp,0.16666666666666666,5,5,ATCCGGCCTAGAGAGTTTCC,0,3547591
tisBp,0.16666666666666666,5,5,ATCCGCCAGCCCAGATTAGG,0,3550743
tisBp,0.16666666666666666,5,5,ATCCCCCAGCCTGATTTCAG,0,3581352
tisBp,0.16666666666666666,5,5,ATCCACGGAAATTCAAGCAA,0,3599412
tisBp,0.16666666666666666,5,5,ATCAGGGCCTTTGCACAGGG,0,3596401
tisBp,0.16666666666666666,5,5,ATCAGCGATGAAGCGCGTAG,0,3571819
tisBp,0.16666666666666666,5,5,ATCAGAACTCGGGGCTTCTA,0,3559156
tisBp,0.16666666666666666,5,5,ATCACGGCCCGGGTTTTACT,0,3568162
tisBp,0.16666666666666666,5,5,ATCAACGAAGCCATAGTAAT,0,3597869
tisBp,0.16666666666666666,5,5,ATATTATCGAGATTCTATCT,0,3558952
tisBp,0.16666666666666666,5,5,ATATGTGGCCCAAAGAATCT,0,3568444
tisBp,0.16666666666666666,5,5,ATATGGTGGTACTGCTTAAC,0,3542075
tisBp,0.16666666666666666,5,5,ATATGGGAGTGTTCCCAGAT,0,3544713
tisBp,0.16666666666666666,5,5,ATAGTGATCTAAGCTCTTTA,0,3550183
tisBp,0.16666666666666666,5,5,ATAGGGTTTCACTGGGTACG,0,3553420
tisBp,0.16666666666666666,5,5,ATAGATTTGGAATTTTTTGC,0,3564774
tisBp,0.16666666666666666,5,5,ATACTGCGTCTTAGGTTTTA,0,3558632
tisBp,0.16666666666666666,5,5,ATACTACAGGGAGGTGCCGG,0,3585499
tisBp,0.16666666666666666,5,5,ATACGAGTTCAACTTTCTGC,0,3544297
tisBp,0.16666666666666666,5,5,ATAATAAGTGACACGTCTAA,0,3589820
tisBp,0.16666666666666666,5,5,AGTTCGTGTCAATCGGCCTT,0,3554854
tisBp,0.16666666666666666,5,5,AGTTCGCCACTGCTGCGTAT,0,3547596
tisBp,0.16666666666666666,5,5,AGTTCACATCTTTTGAGTGT,0,3542263
tisBp,0.16666666666666666,5,5,AGTTAGTCACCGGCTTTCCC,0,3558217
tisBp,0.16666666666666666,5,5,AGTGTTTCAAATGTTTGTTC,0,3595258
tisBp,0.16666666666666666,5,5,AGTGCCCGCGTACAGCGGGA,0,3591025
tisBp,0.16666666666666666,5,5,AGTGATAGCTGTGGCTGTGC,0,3551408
tisBp,0.16666666666666666,5,5,AGTCCCCGTCGGGTTTGTTG,0,3557595
tisBp,0.16666666666666666,5,5,AGTATTCGCTATGGCCTTCG,0,3570245
tisBp,0.16666666666666666,5,5,AGTAGCTCAGGAGAATGATT,0,3546909
tisBp,0.16666666666666666,5,5,AGTACATGGGCTCAGCCGAA,0,3580467
tisBp,0.16666666666666666,5,5,AGTACACAACTGCTTGGTGA,0,3545901
tisBp,0.16666666666666666,5,5,AGTAACAAAGAGCAATATCT,0,3588990
tisBp,0.16666666666666666,5,5,AGTAAATCTGGGCGTAAACC,0,3560077
tisBp,0.16666666666666666,5,5,AGGTGAGTTACAGTCATAGG,0,3600518
tisBp,0.16666666666666666,5,5,AGGTGAACAGAGCAGTATTA,0,3571154
tisBp,0.16666666666666666,5,5,AGGTCCTCTACTCATGCTGA,0,3594281
tisBp,0.16666666666666666,5,5,AGGTCCTCGCAGGTTTTTGG,0,3576989
tisBp,0.16666666666666666,5,5,AGGGTTAGACTCTGACCGTC,0,3576355
tisBp,0.16666666666666666,5,5,AGGGTCTAGAAAAGGGGCCG,0,3568845
tisBp,0.16666666666666666,5,5,AGGGTCCGACTCTAATTCTT,0,3547682
tisBp,0.16666666666666666,5,5,AGGGAGCTAAAGATGTATCT,0,3560384
tisBp,0.16666666666666666,5,5,AGGCTTACGGAAGCACTCGA,0,3575391
tisBp,0.16666666666666666,5,5,AGGCGTAGAATATACGCGTG,0,3590370
tisBp,0.16666666666666666,5,5,AGGCGGTTTTACATCAACTC,0,3589120
tisBp,0.16666666666666666,5,5,AGGCGGAAGGTTGGCTGGCG,0,3593473
tisBp,0.16666666666666666,5,5,AGGCCTGTTATTCTGTATGT,0,3588222
tisBp,0.16666666666666666,5,5,AGGCCTCGCGATACGTGAGC,0,3596540
tisBp,0.16666666666666666,5,5,AGGCCTAACTCTCTAGGTCA,0,3558962
tisBp,0.16666666666666666,5,5,AGGCACGAAACCCGTTTAGC,0,3557490
tisBp,0.16666666666666666,5,5,AGGCAATCCGTCCCGGGATC,0,3589799
tisBp,0.16666666666666666,5,5,AGGATGAGAATATCGTCGTA,0,3583862
tisBp,0.16666666666666666,5,5,AGGACATCTTAAACCTGCCA,0,3598899
tisBp,0.16666666666666666,5,5,AGGAAGTTGGGATTACTCCG,0,3557693
tisBp,0.16666666666666666,5,5,AGCTTTCTACGGAAATATTA,0,3593724
tisBp,0.16666666666666666,5,5,AGCTTCCTACGACATCCCGC,0,3554892
tisBp,0.16666666666666666,5,5,AGCTTAGCGTACTCGAACAT,0,3600538
tisBp,0.16666666666666666,5,5,AGCTGCTTCATCCAAAACTT,0,3559290
tisBp,0.16666666666666666,5,5,AGCTGACCAAATAGATCCTT,0,3594133
tisBp,0.16666666666666666,5,5,AGCTCTCCATCCACGTCAAT,0,3567396
tisBp,0.16666666666666666,5,5,AGCTCCCGTCCATGGCACGT,0,3570312
tisBp,0.16666666666666666,5,5,AGCTATGACGAGACGTACAA,0,3591920
tisBp,0.16666666666666666,5,5,AGCTACGCGCATTTGATCCC,0,3591803
tisBp,0.16666666666666666,5,5,AGCTAAACGAACACAAATTG,0,3590795
tisBp,0.16666666666666666,5,5,AGCGGACAAGTATCTTCTCA,0,3570171
tisBp,0.16666666666666666,5,5,AGCGCGCAGCATTGATCGTT,0,3562303
tisBp,0.16666666666666666,5,5,AGCCCGTTCTGGAGCCAGTT,0,3582332
tisBp,0.16666666666666666,5,5,AGCCAGGCTTCTAGATGAAT,0,3590346
tisBp,0.16666666666666666,5,5,AGCACTTGGGCGGCGGATAT,0,3569480
tisBp,0.16666666666666666,5,5,AGCAAGTTCGATAGTAGGGT,0,3571708
tisBp,0.16666666666666666,5,5,AGATGTCTAGCGGTGCTCAG,0,3588231
tisBp,0.16666666666666666,5,5,AGATGCGGATCTAGAGGACC,0,3578748
tisBp,0.16666666666666666,5,5,AGATCAACGAATGTTATCAC,0,3593559
tisBp,0.16666666666666666,5,5,AGATATTCTCAGCTACGGAT,0,3600050
tisBp,0.16666666666666666,5,5,AGATACGCTTCGGCTGGGTG,0,3574164
tisBp,0.16666666666666666,5,5,AGAGTTAATATCTGTGCCGT,0,3598396
tisBp,0.16666666666666666,5,5,AGAGGCGAACCACCTCGAAA,0,3576048
tisBp,0.16666666666666666,5,5,AGAGCCACTAGCACAGGCCA,0,3547271
tisBp,0.16666666666666666,5,5,AGACGTACTGTCCAAGACAA,0,3566846
tisBp,0.16666666666666666,5,5,AGACGGTTGAACGGGACATT,0,3602874
tisBp,0.16666666666666666,5,5,AGACCAGAACCCAGATCGAC,0,3578519
tisBp,0.16666666666666666,5,5,AGAACTAAGCGGGACACGAG,0,3595737
tisBp,0.16666666666666666,5,5,AGAAACTGGTTATGCTGTAA,0,3567744
tisBp,0.16666666666666666,5,5,AGAAACACTTAAGTCCTGGT,0,3570805
tisBp,0.16666666666666666,5,5,AGAAAATCTAGAGCTTGCTG,0,3567478
tisBp,0.16666666666666666,5,5,ACTTTTGTTTAAGTCCATTC,0,3603613
tisBp,0.16666666666666666,5,5,ACTTTGTAACGCTCTTGATC,0,3564446
tisBp,0.16666666666666666,5,5,ACTTTGAAGTGCGGAACTTG,0,3576861
tisBp,0.16666666666666666,5,5,ACTTGGTTTAAAGGAGGGTC,0,3590675
tisBp,0.16666666666666666,5,5,ACTTGGACTCGTACAGAAAC,0,3584752
tisBp,0.16666666666666666,5,5,ACTTGCAACTGTTCGTCTTG,0,3589795
tisBp,0.16666666666666666,5,5,ACTTCTTTCGAACATGACGT,0,3573068
tisBp,0.16666666666666666,5,5,ACTTCCGTACTTTGGCCATA,0,3584863
tisBp,0.16666666666666666,5,5,ACTTCAGGGCTCTGTCAGTA,0,3559818
tisBp,0.16666666666666666,5,5,ACTGTCTCCCCTGGGCCCCT,0,3587538
tisBp,0.16666666666666666,5,5,ACTGGCAGGATTATGAACAC,0,3585971
tisBp,0.16666666666666666,5,5,ACTGGCAAAACCTTCTCTTT,0,3571479
tisBp,0.16666666666666666,5,5,ACTGCGGTTACAACTCGTGA,0,3570225
tisBp,0.16666666666666666,5,5,ACTCTTCACGACAGACCGGG,0,3580138
tisBp,0.16666666666666666,5,5,ACTCGGAATGCATTACATAG,0,3553969
tisBp,0.16666666666666666,5,5,ACTCCCCGGACTGAGCCCGA,0,3599877
tisBp,0.16666666666666666,5,5,ACTCATCCCATCCGAGGGTA,0,3564451
tisBp,0.16666666666666666,5,5,ACTATAAGCACTACTGTGAT,0,3572954
tisBp,0.16666666666666666,5,5,ACTAGGCTGAGCTCTCACAG,0,3567334
tisBp,0.16666666666666666,5,5,ACGTGAAAACCTAGTCCAAT,0,3603501
tisBp,0.16666666666666666,5,5,ACGTAAAATCTGAAGATTGG,0,3564336
tisBp,0.16666666666666666,5,5,ACGGTTTTCGTCGTGGGTCC,0,3546672
tisBp,0.16666666666666666,5,5,ACGGTTATTGTGACGTGGAC,0,3593375
tisBp,0.16666666666666666,5,5,ACGGGCCGTTCCTCCATTGA,0,3573985
tisBp,0.16666666666666666,5,5,ACGGGATCTGCGTCTCACGG,0,3592516
tisBp,0.16666666666666666,5,5,ACGGCCGCCTACGATTGCTC,0,3556733
tisBp,0.16666666666666666,5,5,ACGCGTTCAATTACAGGGTA,0,3545391
tisBp,0.16666666666666666,5,5,ACGCATTGGTAGGTTAGACT,0,3586517
tisBp,0.16666666666666666,5,5,ACGCATCAAACTTTAAAACG,0,3558861
tisBp,0.16666666666666666,5,5,ACGCACAAAGAAAGCAAGGC,0,3590250
tisBp,0.16666666666666666,5,5,ACGCAATTCAGCGAAATATA,0,3576187
tisBp,0.16666666666666666,5,5,ACGCAACCTACATGTAGCCT,0,3542159
tisBp,0.16666666666666666,5,5,ACGCAAACCGGCAAGTACCC,0,3550928
tisBp,0.16666666666666666,5,5,ACGATCTGGGTCGTGAGATG,0,3545818
tisBp,0.16666666666666666,5,5,ACGATATGAAACCTGGTGCT,0,3584833
tisBp,0.16666666666666666,5,5,ACGACTCGTCAATATAGAGC,0,3565259
tisBp,0.16666666666666666,5,5,ACGACTCATACCGTTGAAAC,0,3544221
tisBp,0.16666666666666666,5,5,ACGAAGACTAGGTTTGCCAA,0,3591470
tisBp,0.16666666666666666,5,5,ACGAAAACCGAGGGCGAGGT,0,3603801
tisBp,0.16666666666666666,5,5,ACCTGGATTTTCGGCGGATT,0,3577683
tisBp,0.16666666666666666,5,5,ACCGCAACATGGGGTTGTCA,0,3557700
tisBp,0.16666666666666666,5,5,ACCCGTAGGGCTGAGTTGCT,0,3585699
tisBp,0.16666666666666666,5,5,ACCCCTACACCAAAGTGGTG,0,3592009
tisBp,0.16666666666666666,5,5,ACCCCAGATTGGCAACATGA,0,3556702
tisBp,0.16666666666666666,5,5,ACCCATCGGCCGTTATGGCG,0,3550940
tisBp,0.16666666666666666,5,5,ACCCATATTTTGTCTCGTGC,0,3593930
tisBp,0.16666666666666666,5,5,ACCATAGAGTGCCCTGTCTT,0,3541739
tisBp,0.16666666666666666,5,5,ACCAGGGAGTCAATGGTCAA,0,3587338
tisBp,0.16666666666666666,5,5,ACCAAGTGGTTTAAGGGCAA,0,3597785
tisBp,0.16666666666666666,5,5,ACATTTGAGCTACCCGAGCG,0,3582764
tisBp,0.16666666666666666,5,5,ACATTATCAAGGGCAAGATG,0,3575394
tisBp,0.16666666666666666,5,5,ACATCTCCATACATACACAC,0,3563205
tisBp,0.16666666666666666,5,5,ACAGTGAGGAGGCTAGGCTC,0,3550794
tisBp,0.16666666666666666,5,5,ACAGCACGCGGGTTATTCAC,0,3593277
tisBp,0.16666666666666666,5,5,ACACTGGGACATTGTGGAAC,0,3543868
tisBp,0.16666666666666666,5,5,ACACGTAGGCCACTCGCGTA,0,3583829
tisBp,0.16666666666666666,5,5,ACACGCAATAACGATTTAGC,0,3590110
tisBp,0.16666666666666666,5,5,ACACCATTCAAAAGAGAGAA,0,3583123
tisBp,0.16666666666666666,5,5,ACACAGGTTCCTGTGCATTG,0,3552945
tisBp,0.16666666666666666,5,5,ACAAGTCCACTCGTGAACAC,0,3601641
tisBp,0.16666666666666666,5,5,ACAACGCGAGTTCCCTTTCT,0,3564433
tisBp,0.16666666666666666,5,5,ACAACCGTCGCATTCGACGC,0,3565489
tisBp,0.16666666666666666,5,5,ACAACAGAACTCGCTCAGTC,0,3545895
tisBp,0.16666666666666666,5,5,AATTTTTGCTCTGGAAGTTC,0,3565788
tisBp,0.16666666666666666,5,5,AATTTGTTGGTAAACCTCAC,0,3546312
tisBp,0.16666666666666666,5,5,AATTTGCTCCTTCTATCGAA,0,3555337
tisBp,0.16666666666666666,5,5,AATTCGTCAGGGTACCCGAA,0,3555351
tisBp,0.16666666666666666,5,5,AATTCAGAGTACCCCCTGAC,0,3579058
tisBp,0.16666666666666666,5,5,AATTCAAAGTGGGCTTGACA,0,3545871
tisBp,0.16666666666666666,5,5,AATTATGTAGCTTCTCAGGA,0,3591645
tisBp,0.16666666666666666,5,5,AATTAGGACAGTGTCGCGCA,0,3584820
tisBp,0.16666666666666666,5,5,AATTACAGACAGCGGGTATG,0,3563155
tisBp,0.16666666666666666,5,5,AATGGTCGTGAACGTGCGTG,0,3576775
tisBp,0.16666666666666666,5,5,AATGGGTAACTGTGGCTTCC,0,3551742
tisBp,0.16666666666666666,5,5,AATGGCTAGATGGTGTGAGG,0,3578027
tisBp,0.16666666666666666,5,5,AATGCTACTTTAACGAGTCA,0,3588000
tisBp,0.16666666666666666,5,5,AATGAAGAGCGTGCGACCGA,0,3575783
tisBp,0.16666666666666666,5,5,AATCGTCTATTAGATAGCTT,0,3595780
tisBp,0.16666666666666666,5,5,AATCGTATCACCCTTGCCGG,0,3585196
tisBp,0.16666666666666666,5,5,AATCCGGGACTCATGAGGAC,0,3547765
tisBp,0.16666666666666666,5,5,AATCCAAAGCATGTTTGTAG,0,3578991
tisBp,0.16666666666666666,5,5,AATCATGGTAATCGCGCCTA,0,3577027
tisBp,0.16666666666666666,5,5,AATATTAGGAGGCCTCCTGG,0,3589005
tisBp,0.16666666666666666,5,5,AATATGATTGTGCGTACGTG,0,3547013
tisBp,0.16666666666666666,5,5,AATATCTCCGGCTTTGTGTA,0,3570817
tisBp,0.16666666666666666,5,5,AATAGTCGTTGTCACAGCGC,0,3596630
tisBp,0.16666666666666666,5,5,AATACGGTCGGCGGCCAATA,0,3556677
tisBp,0.16666666666666666,5,5,AATACGGGGTATTCAGGGTA,0,3577184
tisBp,0.16666666666666666,5,5,AATACATGTCCGAAATAAAT,0,3577553
tisBp,0.16666666666666666,5,5,AATAAAACTTATACCAAATC,0,3586821
tisBp,0.16666666666666666,5,5,AAGTTGAGGTCTGCGGGCTA,0,3598357
tisBp,0.16666666666666666,5,5,AAGTTATTATCTCGTTGTAT,0,3570623
tisBp,0.16666666666666666,5,5,AAGTGTGCGCCCAACGATTT,0,3570173
tisBp,0.16666666666666666,5,5,AAGTCCCGTCGCTCCGTTAG,0,3546462
tisBp,0.16666666666666666,5,5,AAGTATGCAGAGAAGCTGGT,0,3602466
tisBp,0.16666666666666666,5,5,AAGTAATTACCCTGCAAAGG,0,3554124
tisBp,0.16666666666666666,5,5,AAGGTCGTGCTCGCTACAAC,0,3557036
tisBp,0.16666666666666666,5,5,AAGGTAGGTCGGCCGCCTGG,0,3585058
tisBp,0.16666666666666666,5,5,AAGGATTTTGTCTTGGGTCA,0,3588602
tisBp,0.16666666666666666,5,5,AAGCGGAGGAGCGTGGATTA,0,3592774
tisBp,0.16666666666666666,5,5,AAGCCGATTAGTTTGAACCT,0,3558506
tisBp,0.16666666666666666,5,5,AAGCATTCTTGCTTATACAC,0,3555545
tisBp,0.16666666666666666,5,5,AAGCATCAGGATTCCACGCA,0,3595334
tisBp,0.16666666666666666,5,5,AAGATTCGATCGTGGGAAGC,0,3558082
tisBp,0.16666666666666666,5,5,AAGATCCAGACTTTTCGTTG,0,3546013
tisBp,0.16666666666666666,5,5,AAGAGCGCCACCGTCAAGCG,0,3585482
tisBp,0.16666666666666666,5,5,AAGACTCTATATGTTGGAAC,0,3558863
tisBp,0.16666666666666666,5,5,AAGAATCATAGAATGACAAG,0,3559894
tisBp,0.16666666666666666,5,5,AAGAACTTTTCAAAACAGGA,0,3584546
tisBp,0.16666666666666666,5,5,AAGAAACTGGGTGGCCTGAA,0,3562421
tisBp,0.16666666666666666,5,5,AACTGAGAACCTCTATACGG,0,3560122
tisBp,0.16666666666666666,5,5,AACTGAATCTTGTGTCAATT,0,3589580
tisBp,0.16666666666666666,5,5,AACGTTGAAATAACCAAACT,0,3599933
tisBp,0.16666666666666666,5,5,AACGTCTAGATCGCCCGACG,0,3565126
tisBp,0.16666666666666666,5,5,AACGGGGCACCATGTTTGTG,0,3566148
tisBp,0.16666666666666666,5,5,AACGGATTTCTGTGTCAGTA,0,3588514
tisBp,0.16666666666666666,5,5,AACGCTGAAACGTTGCTTGT,0,3561092
tisBp,0.16666666666666666,5,5,AACGAGTCAATGTCACAGGT,0,3570813
tisBp,0.16666666666666666,5,5,AACCTTGCAGCCGCTCATAC,0,3563493
tisBp,0.16666666666666666,5,5,AACCTAAAGCGCGTCGGGGT,0,3585098
tisBp,0.16666666666666666,5,5,AACCGCGTGGTTATTTCGGC,0,3600072
tisBp,0.16666666666666666,5,5,AACCCCGGGAAATCTTGCGT,0,3583926
tisBp,0.16666666666666666,5,5,AACCAGTACCGTTTTAGAGT,0,3573984
tisBp,0.16666666666666666,5,5,AACCAACAGGCAAGTGAACT,0,3587495
tisBp,0.16666666666666666,5,5,AACACTCATTGTTTCACACT,0,3546501
tisBp,0.16666666666666666,5,5,AACACCTAGGGGCCTTCTTT,0,3562652
tisBp,0.16666666666666666,5,5,AACAATGCCCCCACGGTGCA,0,3552583
tisBp,0.16666666666666666,5,5,AACAATCCCCTAGGAAAGCA,0,3562706
tisBp,0.16666666666666666,5,5,AAATCCCGTGATTGTCAATT,0,3579708
tisBp,0.16666666666666666,5,5,AAATATTAGCTGATAGAAAC,0,3597367
tisBp,0.16666666666666666,5,5,AAATAGTGACCAAGACATTT,0,3578263
tisBp,0.16666666666666666,5,5,AAATACTGTAGGCAACGTTC,0,3555986
tisBp,0.16666666666666666,5,5,AAAGGCCGGTGGCAGAGCCT,0,3576611
tisBp,0.16666666666666666,5,5,AAAGCAATCCGCAAATCACC,0,3586095
tisBp,0.16666666666666666,5,5,AAACCCTCGGTGGATGGGGC,0,3582234
tisBp,0.16666666666666666,5,5,AAACCAAACATTAACGCTAG,0,3548040
tisBp,0.16666666666666666,5,5,AAACATCCCTCGAGATTAAA,0,3567333
tisBp,0.16666666666666666,5,5,AAACACAAAAAAACCCGAGC,0,3592795
tisBp,0.16666666666666666,5,5,AAAATTCTATAGAAACTCCC,0,3577619
tisBp,0.2,4,4,TTTTTGCTAAGATCCTGAAC,0,3552739
tisBp,0.2,4,4,TTTTTCGAGCGTTCCAGCTC,0,3566753
tisBp,0.2,4,4,TTTTCATGCGGACCTGCCGC,0,3594443
tisBp,0.2,4,4,TTTTCATAACTGGTTGCTGT,0,3588743
tisBp,0.2,4,4,TTTTAAGGGTGTACGCGAGA,0,3564083
tisBp,0.2,4,4,TTTGTCTAACAAGTCTGGGA,0,3576977
tisBp,0.2,4,4,TTTGCGCTGCTGGCAATTCT,0,3571383
tisBp,0.2,4,4,TTTGACTCGCCAACTTGTGC,0,3575647
tisBp,0.2,4,4,TTTGACCCATCCGGAAGGCA,0,3546777
tisBp,0.2,4,4,TTTCGAACCATTCCGCTTAC,0,3583079
tisBp,0.2,4,4,TTTCCTGTTGATCGACACAG,0,3574471
tisBp,0.2,4,4,TTTCCACTACTTTTCTTTAC,0,3556603
tisBp,0.2,4,4,TTTCATACTAGGTTTGACAG,0,3541408
tisBp,0.2,4,4,TTTAGTTCAATTGATCCTTT,0,3577801
tisBp,0.2,4,4,TTTAACGAATTTGAAAGGTG,0,3553840
tisBp,0.2,4,4,TTTAAACAGACAACAGCAGA,0,3563165
tisBp,0.2,4,4,TTTAAAAGCAGAGGGGCTCT,0,3559816
tisBp,0.2,4,4,TTGTGTCATCAGTACTTCTT,0,3555896
tisBp,0.2,4,4,TTGTCGGTAGGAGGCTTGAC,0,3586374
tisBp,0.2,4,4,TTGGGTCATCATCACGCGAA,0,3595189
tisBp,0.2,4,4,TTGGGCACCGAAGCTTGGCT,0,3576022
tisBp,0.2,4,4,TTGGGATGCTCAGTTTGCCA,0,3549810
tisBp,0.2,4,4,TTGGAATTCCGGGCTTGGCA,0,3593856
tisBp,0.2,4,4,TTGGAAGTGCTGTTTAGAGA,0,3545883
tisBp,0.2,4,4,TTGCTGGTGATCGTACCATG,0,3572568
tisBp,0.2,4,4,TTGCTGGGGTGTAAACATGT,0,3542051
tisBp,0.2,4,4,TTGCTAAACGGAAGTCGAGA,0,3550211
tisBp,0.2,4,4,TTGCGTGGGTTGGTCTAATA,0,3544914
tisBp,0.2,4,4,TTGCGTCTAAAGGCTTGGGA,0,3551289
tisBp,0.2,4,4,TTGCCTAGTGTGTGCCTGAC,0,3577499
tisBp,0.2,4,4,TTGCCTAAGCTGCAGCGAAG,0,3588283
tisBp,0.2,4,4,TTGCCGACATATGGCCATTT,0,3566358
tisBp,0.2,4,4,TTGCATACTTGTACGCTCCA,0,3542699
tisBp,0.2,4,4,TTGAGTGCCCGACGAAGATT,0,3558968
tisBp,0.2,4,4,TTGAGACACACCACCAGTCA,0,3589881
tisBp,0.2,4,4,TTGACGATAGAGGTATCATA,0,3602637
tisBp,0.2,4,4,TTGAATACGCACCACTAAGA,0,3560447
tisBp,0.2,4,4,TTCTTTGCCTGGCCATCTTT,0,3572002
tisBp,0.2,4,4,TTCTCATTTCGGGCGATATG,0,3559634
tisBp,0.2,4,4,TTCTCAGAATATTGTCGGGT,0,3544466
tisBp,0.2,4,4,TTCTACAAAGAGATGTAAGC,0,3549837
tisBp,0.2,4,4,TTCTAATTGCGAAGACGGTA,0,3541927
tisBp,0.2,4,4,TTCGCTGTAAAAGTGAGGCT,0,3603754
tisBp,0.2,4,4,TTCCTTCTAGCCAGCGGGAT,0,3547569
tisBp,0.2,4,4,TTCCGTATGTTTGCGGGCGG,0,3598549
tisBp,0.2,4,4,TTCCGTATAAGATGAGCCCA,0,3553650
tisBp,0.2,4,4,TTCCGCGTTAATATCTGCTG,0,3544823
tisBp,0.2,4,4,TTCCCGTAAGTCAATAGGTA,0,3576083
tisBp,0.2,4,4,TTCCCACAACCTGTCGAACC,0,3600342
tisBp,0.2,4,4,TTCCATCTGGCCAACTTTTA,0,3578783
tisBp,0.2,4,4,TTCCAAGTCGCATTAGACCG,0,3575390
tisBp,0.2,4,4,TTCCAAGCTTTAATAGCTCA,0,3582962
tisBp,0.2,4,4,TTCATTCCGTGGCTCCTTCT,0,3584275
tisBp,0.2,4,4,TTCATCTAGTCAGTAGGCTA,0,3552312
tisBp,0.2,4,4,TTCATCAATACCAAACAGTG,0,3544117
tisBp,0.2,4,4,TTCAGGGGACTCCATGCGGT,0,3566316
tisBp,0.2,4,4,TTCAGCTGCTTTGGACGAAC,0,3584021
tisBp,0.2,4,4,TTCAGATACGATAGGTATCG,0,3552293
tisBp,0.2,4,4,TTCAATTCCCGGGCTGCTGA,0,3577448
tisBp,0.2,4,4,TTCAACGATTTCTCCCCGCA,0,3591758
tisBp,0.2,4,4,TTCAACCCCGCGAGTCGAGA,0,3565469
tisBp,0.2,4,4,TTCAAAACGCGACTGATACT,0,3599456
tisBp,0.2,4,4,TTATGCTTTTTAATTATGGC,0,3583994
tisBp,0.2,4,4,TTATAGAAGCTCGGCTTTGT,0,3600100
tisBp,0.2,4,4,TTAGGTTAATAATAGATGAA,0,3582752
tisBp,0.2,4,4,TTAGCTCCGTTCGTTACCCA,0,3582619
tisBp,0.2,4,4,TTAGCGGGCACTCCTAACGC,0,3548294
tisBp,0.2,4,4,TTAGCGACTATGTTCCAGAG,0,3565263
tisBp,0.2,4,4,TTAGCACTTAGATGGACTGT,0,3593381
tisBp,0.2,4,4,TTAGACCGAGGAACGAAGGC,0,3542562
tisBp,0.2,4,4,TTACGTGAGGGAAAGGCGGC,0,3555069
tisBp,0.2,4,4,TTACGACTATTGGGAGCGGT,0,3541568
tisBp,0.2,4,4,TTACAGACGCCTGGTCCGCA,0,3542557
tisBp,0.2,4,4,TTAATTAAACCGTTCCTCCT,0,3548145
tisBp,0.2,4,4,TTAATGAATGTCCCAAGGTT,0,3551053
tisBp,0.2,4,4,TTAATCCACTGTCGCACTAA,0,3571874
tisBp,0.2,4,4,TTAATCAGACGTGTTGGGAA,0,3550374
tisBp,0.2,4,4,TTAACTTGTTAGATTCAATA,0,3545866
tisBp,0.2,4,4,TTAAATTCGAACATCCGTGG,0,3567545
tisBp,0.2,4,4,TTAAATCTCCATAAGAGGCA,0,3595812
tisBp,0.2,4,4,TTAAACAAAAGAGAATAGCT,0,3562574
tisBp,0.2,4,4,TTAAAAGGACCTAATTCGAC,0,3598163
tisBp,0.2,4,4,TGTTTTATTCCAGACTACAT,0,3549904
tisBp,0.2,4,4,TGTTTGTTGTCGCTGGTTCT,0,3586803
tisBp,0.2,4,4,TGTTTGATCTGATGCTCCGG,0,3542928
tisBp,0.2,4,4,TGTTTCGTAATTAGAAGCGC,0,3542482
tisBp,0.2,4,4,TGTGTTCGACTGACTAACCG,0,3553834
tisBp,0.2,4,4,TGTGTGGATTATCTAATAAG,0,3551458
tisBp,0.2,4,4,TGTGTCGCAAGCATTAGCTG,0,3574540
tisBp,0.2,4,4,TGTGGCACGTTCCCAACGCT,0,3592668
tisBp,0.2,4,4,TGTGGACCGAGGAAGACATG,0,3543285
tisBp,0.2,4,4,TGTGCCCGCTAGATACAAGG,0,3565087
tisBp,0.2,4,4,TGTCGATGTCTTACATTACT,0,3588307
tisBp,0.2,4,4,TGTCCTTAGCATGGGGGGCA,0,3577717
tisBp,0.2,4,4,TGTCACACTGGCCCGGTCTT,0,3592998
tisBp,0.2,4,4,TGTATGGTGTAGGCAATTAG,0,3572042
tisBp,0.2,4,4,TGTAGTCCAAACACCCCCGG,0,3593764
tisBp,0.2,4,4,TGTACTGGCTGGCTTGAAGT,0,3573839
tisBp,0.2,4,4,TGGTTAATCACGTATATATC,0,3598736
tisBp,0.2,4,4,TGGTTAAGCAGCGCAATATC,0,3574584
tisBp,0.2,4,4,TGGTGTGTGCACTCGTTCTT,0,3572197
tisBp,0.2,4,4,TGGTGAGAGCTCAGTTTGGC,0,3555869
tisBp,0.2,4,4,TGGTCTGTGGAAGGCCGCGC,0,3553926
tisBp,0.2,4,4,TGGTAAGATCGGTCTCACTG,0,3591070
tisBp,0.2,4,4,TGGGGGAGTGCGAGCCCTGC,0,3577752
tisBp,0.2,4,4,TGGGGCTCAGACGTTCGCTA,0,3593304
tisBp,0.2,4,4,TGGGCTGAACGAATTCTAAA,0,3551426
tisBp,0.2,4,4,TGGGCATAAAAATCCCACAT,0,3578493
tisBp,0.2,4,4,TGGGCACAGGAGTCTGAGTT,0,3563382
tisBp,0.2,4,4,TGGGAAGTAACCCCTTCTCT,0,3592222
tisBp,0.2,4,4,TGGCGGATCATTCTATTGCA,0,3545367
tisBp,0.2,4,4,TGGCGCTCGCAGGAACCCCA,0,3574427
tisBp,0.2,4,4,TGGATTTAAAGCGTTAGACC,0,3543803
tisBp,0.2,4,4,TGGAGTGCGTGATGTCATAA,0,3569360
tisBp,0.2,4,4,TGGAGGCACTGGACGATCCT,0,3554815
tisBp,0.2,4,4,TGGACTTTGGACTCGAAAAG,0,3594994
tisBp,0.2,4,4,TGGACGACAGGATACACGTC,0,3586775
tisBp,0.2,4,4,TGGAAGCGGCTGTGACGTGC,0,3593029
tisBp,0.2,4,4,TGCTGTTTGCGAACGACACT,0,3587340
tisBp,0.2,4,4,TGCTCAGTACCATGGGCCTA,0,3567941
tisBp,0.2,4,4,TGCTATGATTTCATCTTGCA,0,3566976
tisBp,0.2,4,4,TGCGTCACGGCCCTACTGGT,0,3556232
tisBp,0.2,4,4,TGCGCGAGCACGAACTACGC,0,3554016
tisBp,0.2,4,4,TGCGCAATAAGTGGCCTCTA,0,3587807
tisBp,0.2,4,4,TGCGATACCGGGGCTCCCTT,0,3552585
tisBp,0.2,4,4,TGCCTCACAGCGTATTGGAA,0,3576238
tisBp,0.2,4,4,TGCCTAGGCTCTCTAGGCGT,0,3543176
tisBp,0.2,4,4,TGCCGGAACGTGATAGACGC,0,3563030
tisBp,0.2,4,4,TGCCCTTTTCGCGGTTCAGC,0,3574380
tisBp,0.2,4,4,TGCCCGCAGGCCTGCCGTGG,0,3543938
tisBp,0.2,4,4,TGCCCAGGTACTCCTACCGT,0,3586857
tisBp,0.2,4,4,TGCCAATAGGTATCGTGTGA,0,3588939
tisBp,0.2,4,4,TGCATGGCCAGTGTGAAAAC,0,3603760
tisBp,0.2,4,4,TGCATATCCGATGGAGTTTA,0,3584449
tisBp,0.2,4,4,TGCATAAGACCGGGGTTGCC,0,3565462
tisBp,0.2,4,4,TGCAGGTTGTCTCGTCCTGT,0,3590176
tisBp,0.2,4,4,TGCACTGGCAGGGCAAGGTC,0,3555216
tisBp,0.2,4,4,TGATGTGATTTGCCTCTTGT,0,3561056
tisBp,0.2,4,4,TGATCACGGGGTCACCGTCT,0,3592515
tisBp,0.2,4,4,TGAGTGTTTGGCAAGAGCTG,0,3591941
tisBp,0.2,4,4,TGAGGGCATAGGGTTTTCAG,0,3599244
tisBp,0.2,4,4,TGAGCCGTTCAACAACGCAG,0,3567287
tisBp,0.2,4,4,TGAGACTGGTCGAAAAGTAC,0,3554080
tisBp,0.2,4,4,TGAGAATTTCTACAGTGCAT,0,3570992
tisBp,0.2,4,4,TGACGGTTAGCTGGCAACCA,0,3574066
tisBp,0.2,4,4,TGACCAGCTAGCGTAATGTG,0,3559166
tisBp,0.2,4,4,TGAATTTCTGGTGAGCGCGT,0,3547057
tisBp,0.2,4,4,TGAAAGTCATGTAAGGGGTA,0,3554003
tisBp,0.2,4,4,TGAAAGGCCCACAGTTCAGT,0,3568646
tisBp,0.2,4,4,TCTTTGGCTTTGAGCACGAA,0,3592059
tisBp,0.2,4,4,TCTTTCAGCGCAAGTTATAC,0,3581993
tisBp,0.2,4,4,TCTTTAGCAATTCGGGGTCA,0,3601775
tisBp,0.2,4,4,TCTTGGTAGAGTGAACTAAT,0,3555779
tisBp,0.2,4,4,TCTTGCAGCGATTAATGGTC,0,3568242
tisBp,0.2,4,4,TCTTGAGCGTTGAAGACGTT,0,3552208
tisBp,0.2,4,4,TCTTCTTAACAGACACATTA,0,3541798
tisBp,0.2,4,4,TCTGTGCCAGTGAGCGGGGT,0,3544609
tisBp,0.2,4,4,TCTGTGACTTTTTGGTTGAG,0,3593557
tisBp,0.2,4,4,TCTGTCCGCGTGGAGGGGAC,0,3547286
tisBp,0.2,4,4,TCTGAAATTCTGGACGCGTC,0,3556929
tisBp,0.2,4,4,TCTCTAGCTATACGATACTA,0,3583267
tisBp,0.2,4,4,TCTCGACGACCAACTAAGGT,0,3547671
tisBp,0.2,4,4,TCTCCTGCGGAGACACGAGT,0,3548218
tisBp,0.2,4,4,TCTCCGGTACGAACACTGCT,0,3578289
tisBp,0.2,4,4,TCTCATTGTATAGAGCAAGT,0,3597902
tisBp,0.2,4,4,TCTCAGGGCTACTCCGTCAT,0,3553076
tisBp,0.2,4,4,TCTATTGACATTGCGGAGGT,0,3585773
tisBp,0.2,4,4,TCTATTCTCACAGGTGAATT,0,3543529
tisBp,0.2,4,4,TCTAGGTTATAATTACGTAG,0,3543995
tisBp,0.2,4,4,TCTAGCCACCACGGTTGAGA,0,3550873
tisBp,0.2,4,4,TCTACTCCATTTTTTGGCAT,0,3595925
tisBp,0.2,4,4,TCTACGCGGTATTTAATCTA,0,3559088
tisBp,0.2,4,4,TCGTTTTTTATGGGGTTAGT,0,3575257
tisBp,0.2,4,4,TCGTTGGTAACATTGTCGCA,0,3590606
tisBp,0.2,4,4,TCGTGGTCCGGCAATTATGC,0,3591365
tisBp,0.2,4,4,TCGTCATTTGGTGTCGCGTA,0,3601266
tisBp,0.2,4,4,TCGTACAATACATTCCGAAC,0,3588090
tisBp,0.2,4,4,TCGTAAATCCCACGGGTGTC,0,3558917
tisBp,0.2,4,4,TCGGTCGCCGTCTGACAAGG,0,3574663
tisBp,0.2,4,4,TCGGAGCCATATGTTGCTTA,0,3556178
tisBp,0.2,4,4,TCGGACTTCCCTAAAAGCCC,0,3561339
tisBp,0.2,4,4,TCGCGTATGGGTATAACATC,0,3586743
tisBp,0.2,4,4,TCGCCTGATATGTATACCCG,0,3581562
tisBp,0.2,4,4,TCGCCGGATGACTTGAGACA,0,3545171
tisBp,0.2,4,4,TCGCCCCCACACGGGAATCT,0,3560017
tisBp,0.2,4,4,TCGAAGACTAGATCTTACAA,0,3563951
tisBp,0.2,4,4,TCCTTACGGAGGTCGCTAGG,0,3579045
tisBp,0.2,4,4,TCCTTAAAAGATATCTACCT,0,3568825
tisBp,0.2,4,4,TCCTCGTACGGCTGGGACGG,0,3576496
tisBp,0.2,4,4,TCCTCGGCCGCCTTGTTGCT,0,3565686
tisBp,0.2,4,4,TCCTCGAAACCTGCCCGGAT,0,3561451
tisBp,0.2,4,4,TCCTCAGATCGTTTATCATG,0,3588027
tisBp,0.2,4,4,TCCTAGGCTGGCCTGAACCA,0,3592365
tisBp,0.2,4,4,TCCTAGACGTCCAGCAAACT,0,3576479
tisBp,0.2,4,4,TCCGTTGACAGAGGACAGGA,0,3556254
tisBp,0.2,4,4,TCCGGCTCGGCAAGGGCTTT,0,3596343
tisBp,0.2,4,4,TCCGGAAAAGGCATATATGT,0,3562433
tisBp,0.2,4,4,TCCGCAACGGGCTGTCGTTC,0,3570717
tisBp,0.2,4,4,TCCCCTTAGCACTTCCGGTC,0,3561383
tisBp,0.2,4,4,TCCATCACAGTGAATGCCCT,0,3556224
tisBp,0.2,4,4,TCCATAAAGGTGTCAGGGTA,0,3549989
tisBp,0.2,4,4,TCCAGTCTACCGTATTCGCT,0,3596981
tisBp,0.2,4,4,TCATCCATCATCATGGCAAA,0,3555553
tisBp,0.2,4,4,TCATAATGGTATGGCCTCTT,0,3546211
tisBp,0.2,4,4,TCAGTGGGTTGGGCGATACC,0,3562775
tisBp,0.2,4,4,TCAGTGGATGAAATCACGGA,0,3588837
tisBp,0.2,4,4,TCAGTCCGTAGATGGTACTC,0,3599178
tisBp,0.2,4,4,TCAGGTCAACCTTCGTTATC,0,3553173
tisBp,0.2,4,4,TCAGGCGTTCGTTGTACACA,0,3562860
tisBp,0.2,4,4,TCAGCATGAACCTTCGGGGG,0,3559575
tisBp,0.2,4,4,TCAGCAACTCCATATGTTTC,0,3576894
tisBp,0.2,4,4,TCAGACAGAGCCGGCTCGGA,0,3582941
tisBp,0.2,4,4,TCACTGGTCATGAGCCCTTA,0,3598339
tisBp,0.2,4,4,TCACTGAACCGAGCATAGAA,0,3576118
tisBp,0.2,4,4,TCACTCTACACATACCCTGG,0,3585552
tisBp,0.2,4,4,TCACGCGCGAGCCGGAGTCC,0,3573652
tisBp,0.2,4,4,TCACGCGAAGGAAGTCCAAG,0,3588287
tisBp,0.2,4,4,TCACCGCATAAACCATCACA,0,3547601
tisBp,0.2,4,4,TCACCACCTGTATCGGATAT,0,3542332
tisBp,0.2,4,4,TCACATGCCAAATGCATAAA,0,3583683
tisBp,0.2,4,4,TCAACATCCAGGCCCACCGA,0,3591314
tisBp,0.2,4,4,TCAAACGTAACCATAGAATC,0,3592577
tisBp,0.2,4,4,TCAAACGGCTATTTGGCGGA,0,3563058
tisBp,0.2,4,4,TCAAAATCGGGTTTATTTCA,0,3549611
tisBp,0.2,4,4,TCAAAAAAGACCCCAGGAGC,0,3549021
tisBp,0.2,4,4,TATTTGTCGATGACTCGCCA,0,3584430
tisBp,0.2,4,4,TATTGGCGCGTCGAGCGCTG,0,3547604
tisBp,0.2,4,4,TATTGCTTCCCCACATGTAT,0,3568295
tisBp,0.2,4,4,TATTCCTCGTATACTTCTTT,0,3595245
tisBp,0.2,4,4,TATTATGTTAGTAAGGCACT,0,3570476
tisBp,0.2,4,4,TATTAACGTGGCGAGATAGC,0,3558955
tisBp,0.2,4,4,TATGTGGTCCGCCACACAAG,0,3593217
tisBp,0.2,4,4,TATGTATGGGGTCCCGCTCC,0,3542091
tisBp,0.2,4,4,TATGTATAGGCCGATAGACT,0,3590427
tisBp,0.2,4,4,TATGGGCTGTTGCTGCGGTA,0,3600958
tisBp,0.2,4,4,TATGGCTATGTTATGTCGCC,0,3569313
tisBp,0.2,4,4,TATGAGAGGATGAGCCCGGG,0,3556728
tisBp,0.2,4,4,TATGACTCGCGAGGGTTTGG,0,3591908
tisBp,0.2,4,4,TATCTGAAGTCTTGTTAACA,0,3562224
tisBp,0.2,4,4,TATCCCGATAATTACTGTAC,0,3577390
tisBp,0.2,4,4,TATATTGCACACTACAAGCC,0,3585562
tisBp,0.2,4,4,TATATAGGAAGAGGTGGTGG,0,3561091
tisBp,0.2,4,4,TATACTAGCGCCCAGTGGAT,0,3559992
tisBp,0.2,4,4,TAGGGGGCACCAAAGTTTTT,0,3560059
tisBp,0.2,4,4,TAGGGCTTGGTTGATTTAAA,0,3591804
tisBp,0.2,4,4,TAGGGATCCGTGTTGGCTTA,0,3554694
tisBp,0.2,4,4,TAGGACACTCGACAGCGATC,0,3543871
tisBp,0.2,4,4,TAGCGACGATTCGCGGGTAC,0,3558308
tisBp,0.2,4,4,TAGCCGGATCTTCCTCGGAC,0,3581913
tisBp,0.2,4,4,TAGCCAGATAGAACCCGCAT,0,3601857
tisBp,0.2,4,4,TAGCAGTCGCCAATTATGCT,0,3553356
tisBp,0.2,4,4,TAGATCAACGGGAGCGTGAG,0,3555538
tisBp,0.2,4,4,TACTTTCCGGTCTTACACTC,0,3593601
tisBp,0.2,4,4,TACTTATTGTGTTATGACGC,0,3566368
tisBp,0.2,4,4,TACTGGTTCATGCCAATCCT,0,3584620
tisBp,0.2,4,4,TACGGGCAGCAGCCCGATTA,0,3577325
tisBp,0.2,4,4,TACGAGGGGACTACGCAGAT,0,3564236
tisBp,0.2,4,4,TACCTGCCTAGCTGTGTTAG,0,3548888
tisBp,0.2,4,4,TACCTCACCTCACCCTGACG,0,3594627
tisBp,0.2,4,4,TACCGTCATCAGACGGGGGG,0,3566100
tisBp,0.2,4,4,TACCGGCTGCTTGATAAAAT,0,3568439
tisBp,0.2,4,4,TACCGACTGGAAGGACTCGA,0,3567289
tisBp,0.2,4,4,TACCCCGACCACGGTGCAAG,0,3587900
tisBp,0.2,4,4,TACCATGGCGAATGCACCCA,0,3571903
tisBp,0.2,4,4,TACCATCGGCTGAATTCGTA,0,3576708
tisBp,0.2,4,4,TACCAGAACGATACACCGTT,0,3574556
tisBp,0.2,4,4,TACCAAATACGCAGTGCCTG,0,3562613
tisBp,0.2,4,4,TACAATCGGGGAATGTCGGA,0,3590968
tisBp,0.2,4,4,TAATTGGCAGCACCACGTAA,0,3588935
tisBp,0.2,4,4,TAATCCGGGGAGGTTTATAG,0,3549657
tisBp,0.2,4,4,TAATCCGCACAGAAGCGCGA,0,3590855
tisBp,0.2,4,4,TAATACTTGCAGATTCTGTA,0,3584450
tisBp,0.2,4,4,TAAGTCACCCGGGGGCCGGT,0,3557457
tisBp,0.2,4,4,TAAGCGGCAGTGTGGCCGTG,0,3589153
tisBp,0.2,4,4,TAAGCAAGGGTCCAACGTTA,0,3553387
tisBp,0.2,4,4,TAAGACTTGTCCGGGATACT,0,3568591
tisBp,0.2,4,4,TAACTCGAGTAGTGCGTGGA,0,3574935
tisBp,0.2,4,4,TAACTCAGAACCTAAAACGA,0,3600418
tisBp,0.2,4,4,TAACGGGGTTACACATTCCT,0,3541551
tisBp,0.2,4,4,TAACGCTAAATTTATCCTCT,0,3592934
tisBp,0.2,4,4,TAACATGGATCGCAGGCGCA,0,3594883
tisBp,0.2,4,4,TAAAGCGGCGGATAAGTGTC,0,3567474
tisBp,0.2,4,4,TAAAGACCCATGTGTTGATT,0,3546611
tisBp,0.2,4,4,GTTTGAAGCGCAGTGCGGGA,0,3564339
tisBp,0.2,4,4,GTTTCTACATCCTTTAAATT,0,3561526
tisBp,0.2,4,4,GTTTAGTGCAACTCGCACGT,0,3548399
tisBp,0.2,4,4,GTTTAGTACCAGGCGGAATG,0,3573400
tisBp,0.2,4,4,GTTTACGGAGGGAAACTATG,0,3550021
tisBp,0.2,4,4,GTTGTCTCATCTTAGATGTA,0,3590343
tisBp,0.2,4,4,GTTGGTTTCAGCTATCCAAC,0,3553616
tisBp,0.2,4,4,GTTGCGGGAATGATCGCAGG,0,3586992
tisBp,0.2,4,4,GTTGAGATACTTTACCCAGG,0,3557032
tisBp,0.2,4,4,GTTGAAGGAACCGACCGATC,0,3542548
tisBp,0.2,4,4,GTTCTCACCATACGTCCCTT,0,3574027
tisBp,0.2,4,4,GTTCGTTGTCGTTCGGACCA,0,3563871
tisBp,0.2,4,4,GTTCGCTGTCTGGTCATCGT,0,3562819
tisBp,0.2,4,4,GTTCGCATAGAGTCGCCACT,0,3570649
tisBp,0.2,4,4,GTTCATGCTCATTTACATTG,0,3600789
tisBp,0.2,4,4,GTTCATGAGGACTACGAGTG,0,3553716
tisBp,0.2,4,4,GTTCATAGCTAAAGGATTGC,0,3543169
tisBp,0.2,4,4,GTTATAGAGACCGCAAGCAG,0,3545342
tisBp,0.2,4,4,GTTACCCTTCTGATTGGGTT,0,3542240
tisBp,0.2,4,4,GTTAATTGAATCTCTGCGGT,0,3546404
tisBp,0.2,4,4,GTTAATTAATGTACTCTTTG,0,3579168
tisBp,0.2,4,4,GTTAATCAAACAAAGGCCCG,0,3586017
tisBp,0.2,4,4,GTTAAAGATGTCGCGCAAGC,0,3564202
tisBp,0.2,4,4,GTGTTAGTTGTTTATGTGCT,0,3572677
tisBp,0.2,4,4,GTGTGTTCTACTCTTTAGGC,0,3590821
tisBp,0.2,4,4,GTGTGTATAGGATCTGTGAA,0,3576906
tisBp,0.2,4,4,GTGTAACTACACAGCCGTTT,0,3543073
tisBp,0.2,4,4,GTGGTTTGGTCGGACGGTTA,0,3545582
tisBp,0.2,4,4,GTGGTATCAGTAACTAGACA,0,3553554
tisBp,0.2,4,4,GTGGGAGGACCTCGCAACCG,0,3569867
tisBp,0.2,4,4,GTGGCTTGGCTATTCTACAA,0,3566229
tisBp,0.2,4,4,GTGGCATCGATGCACGACGC,0,3598034
tisBp,0.2,4,4,GTGGCAGTCCATACCCCCTG,0,3546140
tisBp,0.2,4,4,GTGGACCTGTATTAGTTCTT,0,3583434
tisBp,0.2,4,4,GTGGAAAAACTTGGCGCCCG,0,3565845
tisBp,0.2,4,4,GTGCGACAGGCTCTGGCGGT,0,3584928
tisBp,0.2,4,4,GTGCCCTGCCTTGGGATCAA,0,3576069
tisBp,0.2,4,4,GTGCCAGGTGACAGTGACAA,0,3552254
tisBp,0.2,4,4,GTGACGCGGTACCTCACTCA,0,3598612
tisBp,0.2,4,4,GTGAAAGGGCAGATGGGGAT,0,3588547
tisBp,0.2,4,4,GTCTTTTGGCGAGGGCTCTA,0,3577206
tisBp,0.2,4,4,GTCTTGGTAAGTCTGATCTG,0,3569195
tisBp,0.2,4,4,GTCTGGTAGTAATTTAGCAG,0,3599958
tisBp,0.2,4,4,GTCTGGGGAGTTAGCGGCGC,0,3597472
tisBp,0.2,4,4,GTCTCTTCGGGTAAGACGAG,0,3558803
tisBp,0.2,4,4,GTCTCGCGGTAGTAAATCAT,0,3596417
tisBp,0.2,4,4,GTCTCCAAGTTTAGGGCAGG,0,3590598
tisBp,0.2,4,4,GTCTATCGGTTAATACGTGT,0,3587737
tisBp,0.2,4,4,GTCGTTCGTAGCTCTCACTT,0,3593409
tisBp,0.2,4,4,GTCGTTACAATTGTCTTTAT,0,3553354
tisBp,0.2,4,4,GTCGGCTTTATCGACCCAGA,0,3542370
tisBp,0.2,4,4,GTCGGCTGGAGGCATCATGC,0,3585560
tisBp,0.2,4,4,GTCGCGCAGGCTTTAAGGCA,0,3595251
tisBp,0.2,4,4,GTCGCAGAGTCTAACACCTC,0,3553498
tisBp,0.2,4,4,GTCCTTACTCAGACCTCAAC,0,3568801
tisBp,0.2,4,4,GTCCTGCGAGTGACATAGGT,0,3582704
tisBp,0.2,4,4,GTCCTCACGGAGCCCGTCGT,0,3594405
tisBp,0.2,4,4,GTCCGCATGGAGGCCGCGAT,0,3581045
tisBp,0.2,4,4,GTCCCATGACTGGTCTATAC,0,3544654
tisBp,0.2,4,4,GTCCAGCGCCCCTCATAGAG,0,3544781
tisBp,0.2,4,4,GTCCACGCCAGGCTCGTACA,0,3544413
tisBp,0.2,4,4,GTCCACACGATCTTTTAATC,0,3578334
tisBp,0.2,4,4,GTCAGGTAGTGATACATATC,0,3577433
tisBp,0.2,4,4,GTCAGCGCAGCGCCACTCCA,0,3581377
tisBp,0.2,4,4,GTCACGCACAATTAGTCAGA,0,3574577
tisBp,0.2,4,4,GTCAATAGGACTCTGAGGGG,0,3599517
tisBp,0.2,4,4,GTATATTGATGCGGTAAGAT,0,3598548
tisBp,0.2,4,4,GTATATCATAGCGGGTGAGG,0,3545027
tisBp,0.2,4,4,GTAGTATTGTACATTGCTTC,0,3583273
tisBp,0.2,4,4,GTAGTAGATATGTAAGACTA,0,3556559
tisBp,0.2,4,4,GTAGCCCGATCATCCAATCA,0,3573801
tisBp,0.2,4,4,GTAGCCCAAGAATGTTTTGA,0,3567712
tisBp,0.2,4,4,GTAGAATGTAGTCAAGACCA,0,3578900
tisBp,0.2,4,4,GTACTGTTTAAGAGGATAGG,0,3543484
tisBp,0.2,4,4,GTACTGTTGTCTGTATGATC,0,3582023
tisBp,0.2,4,4,GTACTGGCATGCATGTAAGC,0,3552036
tisBp,0.2,4,4,GTACTACGTCTGGCCTTTCA,0,3548608
tisBp,0.2,4,4,GTACGGAAACATTAGATAAG,0,3553561
tisBp,0.2,4,4,GTACGCGACATGTGAAGAGG,0,3571960
tisBp,0.2,4,4,GTACGCACGGTTATTTCTAT,0,3567479
tisBp,0.2,4,4,GTACCCCCTTTACATCACTC,0,3596899
tisBp,0.2,4,4,GTAATGGTCCTTACACGCTA,0,3552053
tisBp,0.2,4,4,GTAATGAACAGTAGTCAGTT,0,3593126
tisBp,0.2,4,4,GTAAGTGAGCTAACTGACAA,0,3554778
tisBp,0.2,4,4,GTAAGTATCATAAGTGGCTA,0,3587569
tisBp,0.2,4,4,GTAACGAGTACCATTTGGAG,0,3586067
tisBp,0.2,4,4,GTAAACTTTAGAACCTAGTA,0,3566697
tisBp,0.2,4,4,GTAAACCATTCTACAGGTCA,0,3575663
tisBp,0.2,4,4,GTAAAAGTCGCATTGTGGAA,0,3544737
tisBp,0.2,4,4,GTAAAAGACTGCCTTACCGT,0,3567080
tisBp,0.2,4,4,GGTTTTTAGGCTGTTTTAGC,0,3574366
tisBp,0.2,4,4,GGTTTGATCGTTTAGGAAGC,0,3589054
tisBp,0.2,4,4,GGTTTACCGTTTACATCGAC,0,3563778
tisBp,0.2,4,4,GGTTTACAATATCGTCAGAA,0,3551752
tisBp,0.2,4,4,GGTTGTTCATCAGATCTAAT,0,3573323
tisBp,0.2,4,4,GGTTGTGTGGCGAAATACCC,0,3594645
tisBp,0.2,4,4,GGTTGGGCAGGCGCATATAG,0,3575492
tisBp,0.2,4,4,GGTTGACCGTATTAATGTCT,0,3562735
tisBp,0.2,4,4,GGTTCCCCCGAGATGGGCTC,0,3582986
tisBp,0.2,4,4,GGTGGCACCATGGACCGGGT,0,3599025
tisBp,0.2,4,4,GGTGCTGATGCGCAAGACCA,0,3546914
tisBp,0.2,4,4,GGTGAGGATGGGAGGCACTT,0,3551078
tisBp,0.2,4,4,GGTGAGCGGCTGTACAGTAG,0,3601792
tisBp,0.2,4,4,GGTGAACCCCCACTTGCGGG,0,3598904
tisBp,0.2,4,4,GGTCTCGTCTCTTATGAATC,0,3550313
tisBp,0.2,4,4,GGTCGCGCTAACTCTATATC,0,3574395
tisBp,0.2,4,4,GGTCACGCGTTCGGCTAAAG,0,3591660
tisBp,0.2,4,4,GGTCAATGGCACCTCTTGCA,0,3587805
tisBp,0.2,4,4,GGTCAAGCCTGCTTACATGT,0,3550126
tisBp,0.2,4,4,GGTCAAACGGAAAGCGTCCT,0,3583487
tisBp,0.2,4,4,GGTCAAACCGTTCTCACAGA,0,3557489
tisBp,0.2,4,4,GGTATCATGTTAAAGTTCTG,0,3550380
tisBp,0.2,4,4,GGTAGCCTCCGGCTGGGTAT,0,3542999
tisBp,0.2,4,4,GGGTTCTTCCACAGTCACAC,0,3584959
tisBp,0.2,4,4,GGGTGTGATAAAAGCAGCGC,0,3559863
tisBp,0.2,4,4,GGGTGCGGCGATCGTACTCG,0,3557009
tisBp,0.2,4,4,GGGTCTAAAGTGGTCTAGTG,0,3547990
tisBp,0.2,4,4,GGGTCGGGCTGGCAGCGTTG,0,3555542
tisBp,0.2,4,4,GGGTCGCTGACTGGGATATG,0,3574452
tisBp,0.2,4,4,GGGTCCTTTACAGCGACCCT,0,3547469
tisBp,0.2,4,4,GGGTAACATAGGCGTAAACT,0,3591612
tisBp,0.2,4,4,GGGGTTAAATTACCCAACGT,0,3549965
tisBp,0.2,4,4,GGGGTGTGAGATTAGATTTA,0,3562144
tisBp,0.2,4,4,GGGGCGAAGATTAGCCCGAT,0,3559051
tisBp,0.2,4,4,GGGGCCGTGACCATGAGCGT,0,3562348
tisBp,0.2,4,4,GGGCTGTCTGTTAATTAGTT,0,3576789
tisBp,0.2,4,4,GGGCTGGGCAAAGCTCGTCT,0,3574309
tisBp,0.2,4,4,GGGCTCCTGGCTAGATGCCA,0,3563209
tisBp,0.2,4,4,GGGCGAAGACCTGGGAGCAA,0,3552376
tisBp,0.2,4,4,GGGCCTCTGGTGAGTGCATC,0,3585227
tisBp,0.2,4,4,GGGCCAGGGAGTAAACTATA,0,3545495
tisBp,0.2,4,4,GGGCAGCCCTATAAGAAGGA,0,3596461
tisBp,0.2,4,4,GGGATTGAGGTGGCGCGTCA,0,3584999
tisBp,0.2,4,4,GGGACACCAGTTCGGCTCAT,0,3551227
tisBp,0.2,4,4,GGGAAATGCAGTTGCTCAGG,0,3586014
tisBp,0.2,4,4,GGGAAATCAAGTTATGGGAA,0,3562042
tisBp,0.2,4,4,GGCTTTTTACTGGATCACCT,0,3601442
tisBp,0.2,4,4,GGCTTGAACGCGTTGCTAAC,0,3565169
tisBp,0.2,4,4,GGCTTCCCGAATGCGTTTAC,0,3581697
tisBp,0.2,4,4,GGCTTACGTGAGCGGTCAGT,0,3601804
tisBp,0.2,4,4,GGCTTACCCTACCAGGGTCA,0,3585092
tisBp,0.2,4,4,GGCTGTTAAAGTGTTCCTCA,0,3585118
tisBp,0.2,4,4,GGCTGACTGCAATTTGGGGT,0,3603306
tisBp,0.2,4,4,GGCTACGGAGCCTGCGATAT,0,3600181
tisBp,0.2,4,4,GGCGTTTTCCCGATTGGTTC,0,3571817
tisBp,0.2,4,4,GGCGGCTCGTTTGATAAATT,0,3550698
tisBp,0.2,4,4,GGCGGCGCACATACTAATGT,0,3574160
tisBp,0.2,4,4,GGCGGATCGGCCATGATAGT,0,3592852
tisBp,0.2,4,4,GGCGCCTGCTCTACCCAGTA,0,3593736
tisBp,0.2,4,4,GGCGACCACGCTGTGACGGG,0,3574873
tisBp,0.2,4,4,GGCCTGCCCCACTTAGATTA,0,3590232
tisBp,0.2,4,4,GGCCGTTTGACATGGGTAAG,0,3575570
tisBp,0.2,4,4,GGCCGGGGTGACCACGTCCG,0,3600317
tisBp,0.2,4,4,GGCCCTATCCAGATACTCAG,0,3549226
tisBp,0.2,4,4,GGCATAGATAATGTTATCAA,0,3593744
tisBp,0.2,4,4,GGCAGCTATCGTTTGACACC,0,3595241
tisBp,0.2,4,4,GGCAGACGGTCTCTTATGGG,0,3583674
tisBp,0.2,4,4,GGCACTTTACATTAGAAGTA,0,3593023
tisBp,0.2,4,4,GGCACGGGATCTGCATACTC,0,3587679
tisBp,0.2,4,4,GGCAACTCTGAAGGTAGAGA,0,3597532
tisBp,0.2,4,4,GGATTTATGTCTTGCTGACC,0,3548411
tisBp,0.2,4,4,GGATTCCGTCGAAAGGTCTG,0,3548005
tisBp,0.2,4,4,GGATGTTGATAAAGTCGATT,0,3584178
tisBp,0.2,4,4,GGATAGTACCTCATTGCTTC,0,3558006
tisBp,0.2,4,4,GGAGTTCCATTGGAACTCTA,0,3545333
tisBp,0.2,4,4,GGAGTCCGTCTCCGGCATTA,0,3562358
tisBp,0.2,4,4,GGAGGTAGTGTCCACTATTA,0,3594632
tisBp,0.2,4,4,GGAGCTCTGTTTTGCTGTGC,0,3545312
tisBp,0.2,4,4,GGAGAGTCAAGGTAGTTTTA,0,3555036
tisBp,0.2,4,4,GGAGAGATGACACATGGCTA,0,3565422
tisBp,0.2,4,4,GGAGAAGATTAGACGCGATA,0,3549142
tisBp,0.2,4,4,GGAGAAACTACCCCCCTGTT,0,3562212
tisBp,0.2,4,4,GGACTCAGCGACGGGAAGAT,0,3569746
tisBp,0.2,4,4,GGACTAGAACGTTCATCCGG,0,3565106
tisBp,0.2,4,4,GGACGGCCCGGTGGTCTCAC,0,3593366
tisBp,0.2,4,4,GGACGAGGCTGTCGGGTATA,0,3543108
tisBp,0.2,4,4,GGACCGCCAACCGATATCTA,0,3592244
tisBp,0.2,4,4,GGACAACTCAATTTATGAAG,0,3546039
tisBp,0.2,4,4,GGAAAGTAAGTCGGTCGGTC,0,3572782
tisBp,0.2,4,4,GCTTTTTCGCATCATGATGT,0,3571243
tisBp,0.2,4,4,GCTTGGGGACCCTTCAACGT,0,3548345
tisBp,0.2,4,4,GCTTGACCCTTCAACCGCGA,0,3580624
tisBp,0.2,4,4,GCTTCCGTAGTCGCAAGCGA,0,3557314
tisBp,0.2,4,4,GCTTACGGGCCGCCTCGAAG,0,3569282
tisBp,0.2,4,4,GCTTAATTATGCCCCTACGG,0,3599366
tisBp,0.2,4,4,GCTTAACGAACGATGGTATT,0,3553998
tisBp,0.2,4,4,GCTGACGAAGAGGACTCTGA,0,3566049
tisBp,0.2,4,4,GCTCTGAACCTCAACGGCAA,0,3589697
tisBp,0.2,4,4,GCTCTCTTCGCTCAGAGAAG,0,3554385
tisBp,0.2,4,4,GCTCGAGTGCCCATTTACAC,0,3588333
tisBp,0.2,4,4,GCTCGACCAATGCATCGTAT,0,3562732
tisBp,0.2,4,4,GCTCCGAACAGACGCTGTTG,0,3574148
tisBp,0.2,4,4,GCTCCCATGTCGTCTGGGAT,0,3564393
tisBp,0.2,4,4,GCTCCCATCGGCGAGGGTAA,0,3547102
tisBp,0.2,4,4,GCTCATCAGGCGACATTCTC,0,3558240
tisBp,0.2,4,4,GCTCAGCACGGAATATTCCC,0,3546589
tisBp,0.2,4,4,GCTCAAATGAAAGTGACGCA,0,3594336
tisBp,0.2,4,4,GCTATGAAGGTCCACTGAGG,0,3561236
tisBp,0.2,4,4,GCTAGTTTTTGCCTGCGACA,0,3574591
tisBp,0.2,4,4,GCTAGTGCCGACCGCTTAAA,0,3584932
tisBp,0.2,4,4,GCTAGTCCATGAAGCTCCCT,0,3568976
tisBp,0.2,4,4,GCTAGGAAAAAGACTGCTTA,0,3592129
tisBp,0.2,4,4,GCTAAAAGAGGGTTGACCAT,0,3560698
tisBp,0.2,4,4,GCGTTGGAACGAAGGGGGTA,0,3565649
tisBp,0.2,4,4,GCGTGTAGGGATCGAAATAC,0,3559829
tisBp,0.2,4,4,GCGTGGTTATTATCTATTCC,0,3586730
tisBp,0.2,4,4,GCGTCTACAAAAAATTAAGG,0,3580601
tisBp,0.2,4,4,GCGTCGGCGAGGGCCAAGCT,0,3601451
tisBp,0.2,4,4,GCGTCGCCTGCTACATGAGG,0,3570121
tisBp,0.2,4,4,GCGGTCGCGTGTCTCGCACA,0,3552024
tisBp,0.2,4,4,GCGGTCCGAAGGATGTTAAA,0,3560971
tisBp,0.2,4,4,GCGGTACCTGGTATCCCGTG,0,3579000
tisBp,0.2,4,4,GCGGGTATTTGCTTAGCAAA,0,3572834
tisBp,0.2,4,4,GCGGGAATATCTTTATTCGC,0,3543639
tisBp,0.2,4,4,GCGGGAACAAAATCCTCAAT,0,3545109
tisBp,0.2,4,4,GCGGCTTCAACGATAAAGGG,0,3569684
tisBp,0.2,4,4,GCGGCGGCTTAGAGCAAGCA,0,3565515
tisBp,0.2,4,4,GCGGCCTTGCGTGAGGCCAG,0,3595325
tisBp,0.2,4,4,GCGGCAGGGCATTGTGCTTT,0,3601865
tisBp,0.2,4,4,GCGGATGTAACTCCCTGGAT,0,3595534
tisBp,0.2,4,4,GCGCTTGTGTAGAGCTATTT,0,3555983
tisBp,0.2,4,4,GCGCTTGCTGTGCCACGGGC,0,3598572
tisBp,0.2,4,4,GCGCTATTGCGAGTAACTGA,0,3569864
tisBp,0.2,4,4,GCGCGCGTGAGAGGTAAGTG,0,3603035
tisBp,0.2,4,4,GCGCATAGCCCGTTCAAAGT,0,3603795
tisBp,0.2,4,4,GCGCAAACTTGCTCTCAGTG,0,3551270
tisBp,0.2,4,4,GCGATGTATTCTTACTAACC,0,3571150
tisBp,0.2,4,4,GCGAGGCGCCACGCGGAACA,0,3583875
tisBp,0.2,4,4,GCGACCCTTAGATGCATTGA,0,3566851
tisBp,0.2,4,4,GCGAAGTGTGGGCAAAGTAC,0,3554175
tisBp,0.2,4,4,GCCTTTGAATGTTAATTCAG,0,3559868
tisBp,0.2,4,4,GCCTTGTTAATGGGGAAATT,0,3565553
tisBp,0.2,4,4,GCCTGGGCTAGCTTTAGACA,0,3554128
tisBp,0.2,4,4,GCCTCTTGGAATCACCAGGT,0,3549201
tisBp,0.2,4,4,GCCTCGAATTTGAGGCAAAC,0,3580566
tisBp,0.2,4,4,GCCTCCAAATAACTAGGTAC,0,3566044
tisBp,0.2,4,4,GCCTAGTCATCTTGGCTCGT,0,3603343
tisBp,0.2,4,4,GCCTAATGACTCAGGAGGAA,0,3602016
tisBp,0.2,4,4,GCCGTGGGGGGTATCTCTAA,0,3544032
tisBp,0.2,4,4,GCCGGTGTGGACTTGTTGAA,0,3576218
tisBp,0.2,4,4,GCCGGAAGAACGGTCGCTGC,0,3546005
tisBp,0.2,4,4,GCCGATGGGGTTTCAAAAGT,0,3557035
tisBp,0.2,4,4,GCCCTACGGGGGCAAATCGA,0,3557467
tisBp,0.2,4,4,GCCCCACAATAGTCACGGAG,0,3590023
tisBp,0.2,4,4,GCCCAGTAGCTACAACTCCA,0,3584812
tisBp,0.2,4,4,GCCAGTTCTTTAAGACAGTA,0,3551690
tisBp,0.2,4,4,GCCAGCATGTTACCAAAAGC,0,3564980
tisBp,0.2,4,4,GCCACCCGTACGAGCACGAG,0,3576292
tisBp,0.2,4,4,GCCAATGATCCTCGAAGCCT,0,3545813
tisBp,0.2,4,4,GCCAATCACCAAACTGTGTA,0,3571081
tisBp,0.2,4,4,GCCAACTGCTGATAAATTGA,0,3579489
tisBp,0.2,4,4,GCATTCTAGCTCGAGGACCT,0,3549342
tisBp,0.2,4,4,GCATCAGCGCCACTCACACG,0,3577187
tisBp,0.2,4,4,GCAGTTGAGGCGTACCGCAG,0,3556716
tisBp,0.2,4,4,GCAGGTCGAGAAGATATTAG,0,3570544
tisBp,0.2,4,4,GCAGGGTTTCCGCTTCCAGT,0,3559136
tisBp,0.2,4,4,GCAGGGTGAAGTGCGCCCGG,0,3575450
tisBp,0.2,4,4,GCAGGGCACGCTGCGCCTTT,0,3583215
tisBp,0.2,4,4,GCAGCAGTTCACGATGCTTG,0,3592082
tisBp,0.2,4,4,GCAGCAGGTTTGGTCTGCCG,0,3556255
tisBp,0.2,4,4,GCACTTCCTCGTGCGCGGTC,0,3565001
tisBp,0.2,4,4,GCACGTTTGCACGCCCCTGA,0,3580134
tisBp,0.2,4,4,GCACCCATGTATGACTTGAC,0,3551272
tisBp,0.2,4,4,GCACATTTTCCGGATTCCTG,0,3590504
tisBp,0.2,4,4,GCACATCATACGTCTAACCA,0,3562820
tisBp,0.2,4,4,GCAATACCATATTGAGATCC,0,3598454
tisBp,0.2,4,4,GCAATAAGGCCAATTAGCTC,0,3591453
tisBp,0.2,4,4,GCAAGCGACATGCGCATGCG,0,3586937
tisBp,0.2,4,4,GCAACGATTTGAGATTATAT,0,3582637
tisBp,0.2,4,4,GCAACAGTTGTCATAGCTCC,0,3578859
tisBp,0.2,4,4,GCAAATGACTTCCGGACGAC,0,3558245
tisBp,0.2,4,4,GATTTCGGAGGCGTCAATAA,0,3592440
tisBp,0.2,4,4,GATTTATGCTGAATAGATCA,0,3580360
tisBp,0.2,4,4,GATTGCGGAAAACGCTTTGT,0,3569179
tisBp,0.2,4,4,GATTCTCGCGGGCTGACGAC,0,3572093
tisBp,0.2,4,4,GATTCGTGGCCTGGTACTTA,0,3564089
tisBp,0.2,4,4,GATTCGCCTAATACAGGAAC,0,3554262
tisBp,0.2,4,4,GATTCGAAGCTTCGTCCGAT,0,3589680
tisBp,0.2,4,4,GATTCACGTCAACCTTTAAT,0,3552736
tisBp,0.2,4,4,GATGTTCGAAGTTAAGCGCT,0,3586755
tisBp,0.2,4,4,GATGTATTTAATACAGCGCA,0,3544949
tisBp,0.2,4,4,GATGGGGCCGGTGGTAGGAT,0,3563285
tisBp,0.2,4,4,GATGGCCTCTAGAGTGTCCC,0,3593089
tisBp,0.2,4,4,GATGAGAAAGTCGCTCCCAA,0,3547491
tisBp,0.2,4,4,GATGACACAGCCGCGCACGA,0,3573626
tisBp,0.2,4,4,GATGAATGGGCTTCTCGGCA,0,3555750
tisBp,0.2,4,4,GATGAATGATTATGTGTATC,0,3557812
tisBp,0.2,4,4,GATCTTCGTTGACAGCAACG,0,3580294
tisBp,0.2,4,4,GATCTCCCTGTCAGAGGGTG,0,3569310
tisBp,0.2,4,4,GATCCGTAAGTAATTCCTTC,0,3602687
tisBp,0.2,4,4,GATCCGGTAGGTGTCCCTTC,0,3601931
tisBp,0.2,4,4,GATCAAGAGTTCCTTCAGCA,0,3557725
tisBp,0.2,4,4,GATAGCAGTTCGAGTAGCAT,0,3549336
tisBp,0.2,4,4,GATACTTTAGGCTGACGGCG,0,3573783
tisBp,0.2,4,4,GATACCCTCGTCAGGCGGGC,0,3584379
tisBp,0.2,4,4,GATACCCATTATGCGCTACT,0,3559087
tisBp,0.2,4,4,GATAATCCCCAATCCTTAGA,0,3590995
tisBp,0.2,4,4,GATAAAGTGGATTCACAACT,0,3593110
tisBp,0.2,4,4,GAGTGCTCCATCACCTGTAT,0,3545211
tisBp,0.2,4,4,GAGTCTCCCACAATGCTTGA,0,3550713
tisBp,0.2,4,4,GAGGTGGGTTCTTTGAGAGC,0,3595706
tisBp,0.2,4,4,GAGGGGTTGATTAAACTTTT,0,3577398
tisBp,0.2,4,4,GAGGGGTGATATTGTATCAT,0,3581506
tisBp,0.2,4,4,GAGGCCTTTGTCGGTCAATC,0,3568737
tisBp,0.2,4,4,GAGGCAATCTACCTGCAGCT,0,3582839
tisBp,0.2,4,4,GAGCTGCTATCGTGTGTGGA,0,3572438
tisBp,0.2,4,4,GAGCTACAATGTACGAGGGG,0,3585158
tisBp,0.2,4,4,GAGCGTTATGCTCAATATTA,0,3545827
tisBp,0.2,4,4,GAGCGGAGGATAGCTAACCC,0,3549924
tisBp,0.2,4,4,GAGCGCTGCACGCGGAAAAT,0,3566634
tisBp,0.2,4,4,GAGCCGGAAGAAACAATAGG,0,3550284
tisBp,0.2,4,4,GAGCAAGCACGAAATACGCT,0,3546931
tisBp,0.2,4,4,GAGATGCCGTGTCCAGACGC,0,3557607
tisBp,0.2,4,4,GAGATGAAAAGGCCAACCTG,0,3566778
tisBp,0.2,4,4,GAGATAGCGTCGGACACTGC,0,3599935
tisBp,0.2,4,4,GAGAGTCTCTTACACTACAT,0,3568401
tisBp,0.2,4,4,GAGAGGGATGCAACTGAGTG,0,3551287
tisBp,0.2,4,4,GAGAGCCTCCCACGCCGGGC,0,3588472
tisBp,0.2,4,4,GAGACCTGAAGGGACAAGGG,0,3580525
tisBp,0.2,4,4,GACTCTCTGTTTGTATATAA,0,3592061
tisBp,0.2,4,4,GACTATAAAGACGACTTTTC,0,3566787
tisBp,0.2,4,4,GACGGGTTCCGGTACGATCA,0,3550001
tisBp,0.2,4,4,GACGGGTCTATACTACCGGC,0,3570189
tisBp,0.2,4,4,GACGGCGGCTAGAGAGATTT,0,3542683
tisBp,0.2,4,4,GACGGCCCTGCGTTACAATG,0,3548138
tisBp,0.2,4,4,GACGCCATGAGCGGCTTTAC,0,3545824
tisBp,0.2,4,4,GACGACTTGCATCGTACCGT,0,3603034
tisBp,0.2,4,4,GACCGTACGCTCGTGACGAG,0,3592647
tisBp,0.2,4,4,GACCCGTTAGTCTCATGGAC,0,3545230
tisBp,0.2,4,4,GACAACAGTAAGTCGCCGGC,0,3567800
tisBp,0.2,4,4,GAATATGTGGTATATTTAAC,0,3565229
tisBp,0.2,4,4,GAAGGGCTCCCGGGATGGAC,0,3587347
tisBp,0.2,4,4,GAAGGGCCGGCTTGAGCATC,0,3572858
tisBp,0.2,4,4,GAAGCATTCGCGATGCGTCA,0,3544404
tisBp,0.2,4,4,GAACTGGAGGATGCGGCCCT,0,3582411
tisBp,0.2,4,4,GAACGTTATCAGGCCCGGCT,0,3571664
tisBp,0.2,4,4,GAACCAGCAAAGCCCAGCCT,0,3602398
tisBp,0.2,4,4,GAACATGACTTAGTCAAGAA,0,3602440
tisBp,0.2,4,4,GAACATCTGGGTTATGCCAA,0,3563441
tisBp,0.2,4,4,GAACACATTAGATGGCGACT,0,3550700
tisBp,0.2,4,4,GAAACAAAGTAGGCAGTTTC,0,3577659
tisBp,0.2,4,4,GAAAAGTCAAGTCGATGCAA,0,3550625
tisBp,0.2,4,4,CTTTTTGAAGCGGATAGATC,0,3557787
tisBp,0.2,4,4,CTTTTCGGTATTCACAAAGT,0,3600874
tisBp,0.2,4,4,CTTTTAAGTGTCCTCAGAGG,0,3600130
tisBp,0.2,4,4,CTTTGGCCGGGTGGCAAGAT,0,3602863
tisBp,0.2,4,4,CTTTCGCGAACGTACTCTAT,0,3580414
tisBp,0.2,4,4,CTTTAGGAAGGTGAGCAAAC,0,3577437
tisBp,0.2,4,4,CTTGGTCCCCGGTACCTTAA,0,3557080
tisBp,0.2,4,4,CTTGCTCGCGTATCCGCGCA,0,3549355
tisBp,0.2,4,4,CTTGACACGTCCCGGGGTTG,0,3579276
tisBp,0.2,4,4,CTTCTTATAAGCGGGGAACA,0,3601013
tisBp,0.2,4,4,CTTCTGGGAGAAGCATGGTC,0,3586426
tisBp,0.2,4,4,CTTCCGGTACGGGGACGCAA,0,3550242
tisBp,0.2,4,4,CTTCCCGGTCCACGGGGCGT,0,3599051
tisBp,0.2,4,4,CTTCACATACTGTTGAGCCT,0,3553953
tisBp,0.2,4,4,CTTAGTGAATAGTGACACGA,0,3544235
tisBp,0.2,4,4,CTTAGGCGTATATCCGTACA,0,3578845
tisBp,0.2,4,4,CTTAGAGTAAATATTCCCTT,0,3558472
tisBp,0.2,4,4,CTTACTTACTTGCTCCGTGG,0,3553997
tisBp,0.2,4,4,CTTAATGCCAAGGGACTGTG,0,3569467
tisBp,0.2,4,4,CTTAAGTGTCACGTTCTGTT,0,3577432
tisBp,0.2,4,4,CTGTTTTAAATGAATCAAAG,0,3550936
tisBp,0.2,4,4,CTGTGCGAAGATTTTCAGAT,0,3550207
tisBp,0.2,4,4,CTGTGCACGAGCTTAGGGGA,0,3585359
tisBp,0.2,4,4,CTGTGAAAGGTCTTCTGCGA,0,3587334
tisBp,0.2,4,4,CTGTAATCGTGAAACCTCCT,0,3547762
tisBp,0.2,4,4,CTGTAACAGCGGGCTGATCG,0,3589391
tisBp,0.2,4,4,CTGTAAAGGACACTGGACTC,0,3588966
tisBp,0.2,4,4,CTGGTTGTAGGGCTCCGCGA,0,3556409
tisBp,0.2,4,4,CTGGTTCGAGTGCGCGGTAC,0,3567251
tisBp,0.2,4,4,CTGGTGCTGGTTGCCCATCA,0,3566275
tisBp,0.2,4,4,CTGGTCTTTCCGCCGCGTAC,0,3589006
tisBp,0.2,4,4,CTGGGACTGCGGCTCGTCAG,0,3593519
tisBp,0.2,4,4,CTGGATGTTCGCAAAAGAGA,0,3587309
tisBp,0.2,4,4,CTGCTTCAAAGCCATCCGCG,0,3574928
tisBp,0.2,4,4,CTGCTGAGGAAAATGCTGCG,0,3547334
tisBp,0.2,4,4,CTGCTATAATATGAGACCTA,0,3576426
tisBp,0.2,4,4,CTGCGTTACCGGGTCCCCGC,0,3548897
tisBp,0.2,4,4,CTGCGTGGATCCGGACGAGC,0,3590331
tisBp,0.2,4,4,CTGCCCGGATTCTTACGTTT,0,3577930
tisBp,0.2,4,4,CTGCATTGCCGTATATGCAT,0,3550933
tisBp,0.2,4,4,CTGCATAGGCACAGGGTATT,0,3545685
tisBp,0.2,4,4,CTGCAATATGTTACTACTAC,0,3577488
tisBp,0.2,4,4,CTGAGACATTAAAACGGCAA,0,3558717
tisBp,0.2,4,4,CTGACGTTGGGTTGCAAATT,0,3575623
tisBp,0.2,4,4,CTGACCACGTGGCCGGACTT,0,3598779
tisBp,0.2,4,4,CTCTTGGTCCAATGAAAGGG,0,3544648
tisBp,0.2,4,4,CTCTCGCGCGCTCCAGTAAT,0,3554658
tisBp,0.2,4,4,CTCTCAGTGGTCGGAAGCAT,0,3598665
tisBp,0.2,4,4,CTCTAAACGGAGTCAGGCCG,0,3574470
tisBp,0.2,4,4,CTCGTTTCCGCAAACGGTCT,0,3584679
tisBp,0.2,4,4,CTCGGTAAAAGTCAATCCGA,0,3546385
tisBp,0.2,4,4,CTCGCAACTAATGTTCATCA,0,3541821
tisBp,0.2,4,4,CTCCGTGCGTCCACGGGGCG,0,3553623
tisBp,0.2,4,4,CTCCGATGGCTCGAGATGGA,0,3549851
tisBp,0.2,4,4,CTCCCTAGAGGCTGGCTAGG,0,3562832
tisBp,0.2,4,4,CTCCCTAACGAGAAGACCTG,0,3580665
tisBp,0.2,4,4,CTCCCTAAACGACACACCAA,0,3552242
tisBp,0.2,4,4,CTCCCCACAACCTACCTCTG,0,3581436
tisBp,0.2,4,4,CTCCCATGAGGGCGGTATGT,0,3555825
tisBp,0.2,4,4,CTCCAATGCTTGTTCGCTCC,0,3566601
tisBp,0.2,4,4,CTCATTACCGGCGGGTGTGC,0,3575261
tisBp,0.2,4,4,CTCATGGTGCTTATAAGTTT,0,3564931
tisBp,0.2,4,4,CTCAGCGATTATGGGGATGT,0,3582992
tisBp,0.2,4,4,CTCAGACAGGTGGGAGCTGT,0,3548889
tisBp,0.2,4,4,CTCAACAGCTGGCCCGAGGC,0,3560211
tisBp,0.2,4,4,CTATTCCAAGCAGTTAGAAA,0,3558703
tisBp,0.2,4,4,CTATCACGTGGGCATCCACT,0,3589999
tisBp,0.2,4,4,CTAGTTTCACCATCCTAAGT,0,3588321
tisBp,0.2,4,4,CTAGTTTAGTCCCGTTAGCT,0,3595240
tisBp,0.2,4,4,CTAGTCGTCCACGCCACATC,0,3546840
tisBp,0.2,4,4,CTAGTAGCCCATTTGCCGTT,0,3593528
tisBp,0.2,4,4,CTAGGGAGAGCGGCCTCCAT,0,3571216
tisBp,0.2,4,4,CTAGGGACTCGGATCAACAA,0,3564894
tisBp,0.2,4,4,CTAGCTAAGAGACGCTACAA,0,3590240
tisBp,0.2,4,4,CTAGCGCAGACTATAGTTTC,0,3590129
tisBp,0.2,4,4,CTACGATAGGTTACATCAGA,0,3545570
tisBp,0.2,4,4,CTACCTGTAAATGGATGAAT,0,3573740
tisBp,0.2,4,4,CTAATTATTGCGATGTTTTT,0,3601966
tisBp,0.2,4,4,CTAAGTTGGGCAAGATACTT,0,3572191
tisBp,0.2,4,4,CTAAGACATAGTGCAAGGAC,0,3552152
tisBp,0.2,4,4,CTAACGTCCTCTTTATCAGA,0,3593690
tisBp,0.2,4,4,CTAACCCGAGCCAGAAGTGT,0,3601215
tisBp,0.2,4,4,CGTTTTTAGACTCTAAGGCA,0,3549520
tisBp,0.2,4,4,CGTTTGTACGAGCCACGCCG,0,3572950
tisBp,0.2,4,4,CGTTATCAGACGATAGCTCA,0,3590984
tisBp,0.2,4,4,CGTTAGGTCACATCCACCGC,0,3556322
tisBp,0.2,4,4,CGTTAAGTGAGAACGACGGT,0,3582440
tisBp,0.2,4,4,CGTGTTGCCACACGTTAGTA,0,3571785
tisBp,0.2,4,4,CGTGTTCAGCGAATTCACTA,0,3555544
tisBp,0.2,4,4,CGTGTGCTTGACTTAAACCT,0,3574123
tisBp,0.2,4,4,CGTGTATAGTTAAAGCTTTA,0,3590953
tisBp,0.2,4,4,CGTGGTTTGATGAAGTTTGT,0,3568086
tisBp,0.2,4,4,CGTGGGACCCGCCAGAAAGC,0,3560513
tisBp,0.2,4,4,CGTGGATTTGGTCTAGGGAG,0,3574163
tisBp,0.2,4,4,CGTGCTTACCGATCGTCAAA,0,3557703
tisBp,0.2,4,4,CGTGAGGAGTCTGGTCGTCA,0,3585718
tisBp,0.2,4,4,CGTCTCTCTTGTGTTGGCAT,0,3551942
tisBp,0.2,4,4,CGTCGTTCTGGCAAACGCAT,0,3544954
tisBp,0.2,4,4,CGTCGGAGTCACAATCCATG,0,3576911
tisBp,0.2,4,4,CGTCGATTGTGTGTTCGAGA,0,3592789
tisBp,0.2,4,4,CGTCGAGTTGCATTGATATC,0,3564611
tisBp,0.2,4,4,CGTCCACTGCTTAGCCGCAG,0,3582471
tisBp,0.2,4,4,CGTCACATGTCACGCGAAGG,0,3585587
tisBp,0.2,4,4,CGTAGCCAAAACCGTTCTTC,0,3580805
tisBp,0.2,4,4,CGTACTTAAGTTCGCTGGAC,0,3576122
tisBp,0.2,4,4,CGTACCGCTTGATCCAGGTG,0,3599901
tisBp,0.2,4,4,CGTAAAGCATCACCCGAATT,0,3576573
tisBp,0.2,4,4,CGGTGCCATCGGTTAGATTT,0,3559963
tisBp,0.2,4,4,CGGTCAATTAGAGAAAGTAA,0,3554861
tisBp,0.2,4,4,CGGTAGCGAGCCCGGACTCG,0,3572262
tisBp,0.2,4,4,CGGGTTGGCCAGTACCTAAT,0,3558167
tisBp,0.2,4,4,CGGGTTACATGAGTTCAGTG,0,3579444
tisBp,0.2,4,4,CGGGGGGACCACATTAGCAA,0,3581149
tisBp,0.2,4,4,CGGGGGCTGGCACAGTCTTG,0,3558160
tisBp,0.2,4,4,CGGGGCTGTATCAGAGCCCA,0,3603141
tisBp,0.2,4,4,CGGGCTGCTTTCGTTTGACA,0,3577665
tisBp,0.2,4,4,CGGGCTAGTGCCATCCTCGA,0,3576563
tisBp,0.2,4,4,CGGGCGAATTAGAGGCACTC,0,3595084
tisBp,0.2,4,4,CGGGCCAGGAAAGTGTAAGC,0,3558127
tisBp,0.2,4,4,CGGGCAATATGGGGGCAGTG,0,3554091
tisBp,0.2,4,4,CGGCTTCAAGACTAAGAAAC,0,3546731
tisBp,0.2,4,4,CGGCTCACAGCCGAATACAT,0,3541912
tisBp,0.2,4,4,CGGCGGACTTGGGGGACGTT,0,3601882
tisBp,0.2,4,4,CGGCGGAAAATCCAGGAACA,0,3567937
tisBp,0.2,4,4,CGGCCTCTGTCTTGGCGTAG,0,3566146
tisBp,0.2,4,4,CGGCAGCACAGGCTTCGTAG,0,3583208
tisBp,0.2,4,4,CGGATCACGTACCAAAGGGT,0,3563779
tisBp,0.2,4,4,CGGAGTGCACTCGAGGTCTA,0,3561494
tisBp,0.2,4,4,CGGAGTCTCTCCATACGAAG,0,3570482
tisBp,0.2,4,4,CGGAGGCCTACGCTTCCAAT,0,3554429
tisBp,0.2,4,4,CGGACTCGAGTGCCGCTGTT,0,3592750
tisBp,0.2,4,4,CGGACTACCTTGTCTTTGAT,0,3553107
tisBp,0.2,4,4,CGGACATATTGGTGGGCGCG,0,3598772
tisBp,0.2,4,4,CGCTCTTTAAGCGAGCCTGT,0,3570270
tisBp,0.2,4,4,CGCTCCTAGATATGCGCACT,0,3564522
tisBp,0.2,4,4,CGCTCCCTAGGCTATAGTGA,0,3553499
tisBp,0.2,4,4,CGCTAAGACGCTAGAGTACA,0,3583281
tisBp,0.2,4,4,CGCTAACTTTGCAACAGCTA,0,3597216
tisBp,0.2,4,4,CGCGTGGTAGCGCAACATAA,0,3597516
tisBp,0.2,4,4,CGCGTGGCCAGCGCTACGGG,0,3568756
tisBp,0.2,4,4,CGCGTCGGAGTCACTCTCTG,0,3582262
tisBp,0.2,4,4,CGCGTCGCGCTTTAATGTGA,0,3566960
tisBp,0.2,4,4,CGCGTCCGTGTACTCTTCTC,0,3562118
tisBp,0.2,4,4,CGCGGTCCTCTGCCATCCCT,0,3574751
tisBp,0.2,4,4,CGCGGATCCAGAGAAAGCCT,0,3603493
tisBp,0.2,4,4,CGCGCAAGGCTGGGATCCAT,0,3564904
tisBp,0.2,4,4,CGCGATTCACTATTTGTGAA,0,3591997
tisBp,0.2,4,4,CGCGAACTGTTCTTGCTCGT,0,3601934
tisBp,0.2,4,4,CGCCGTTTAATGGCACGAGT,0,3572102
tisBp,0.2,4,4,CGCCCTAGGCATTAAGATAA,0,3593353
tisBp,0.2,4,4,CGCCATCGTCTCCGAGAACA,0,3596529
tisBp,0.2,4,4,CGCCAAGCGCTGGGACTACT,0,3582846
tisBp,0.2,4,4,CGCATAGGAACTCCGGAACA,0,3542909
tisBp,0.2,4,4,CGCAGAGGGTTGATTTTCCC,0,3583073
tisBp,0.2,4,4,CGCACGCAAAAAAGTACTGG,0,3566112
tisBp,0.2,4,4,CGATTTAGTTCCACAGCATC,0,3566518
tisBp,0.2,4,4,CGATTACTTGACTATGATTG,0,3556006
tisBp,0.2,4,4,CGATGCTGCTGTCAGCGCGT,0,3559222
tisBp,0.2,4,4,CGATGCAGGTAGGGCCGCTG,0,3590798
tisBp,0.2,4,4,CGATGAACTGTGCGCTGAGA,0,3569724
tisBp,0.2,4,4,CGATCACGGTATTATAACGT,0,3599557
tisBp,0.2,4,4,CGAGTGTACAATGATTCATA,0,3588613
tisBp,0.2,4,4,CGAGTGGCATCAATGTTAGC,0,3593502
tisBp,0.2,4,4,CGAGGTACGTCACTCACTTC,0,3598867
tisBp,0.2,4,4,CGAGGGCGTTGGATTTCGTT,0,3560468
tisBp,0.2,4,4,CGACTGACTTAACGTGTAAG,0,3583111
tisBp,0.2,4,4,CGACGTGATTCTTGCGCTTT,0,3571103
tisBp,0.2,4,4,CGACGTCCCTCGAATTAGTC,0,3569565
tisBp,0.2,4,4,CGACACGATATTGTGCGATT,0,3585512
tisBp,0.2,4,4,CGACACAGCAAGTCATATAA,0,3564989
tisBp,0.2,4,4,CGACAAGTTAACACGTAATT,0,3546788
tisBp,0.2,4,4,CGAAGCTGCGGTGTCAGAAG,0,3548333
tisBp,0.2,4,4,CCTTTTACCCCGTCCACCAG,0,3547362
tisBp,0.2,4,4,CCTTTAGAGCTGTGTCACGC,0,3565998
tisBp,0.2,4,4,CCTTCTCCAGAAGAGATCTG,0,3573450
tisBp,0.2,4,4,CCTTCACAGCGGCTTGCTCT,0,3555895
tisBp,0.2,4,4,CCTGTGAGTGATAGTCTCAC,0,3573267
tisBp,0.2,4,4,CCTGTAGCGTAGGGGCGTCA,0,3564491
tisBp,0.2,4,4,CCTGGGCTCTTTTAGGCTCT,0,3574932
tisBp,0.2,4,4,CCTGGGCCATCGGCCGATTG,0,3592170
tisBp,0.2,4,4,CCTGGAGTGGGATTGTCTTT,0,3573458
tisBp,0.2,4,4,CCTGCATGAAAAGTCTCATG,0,3563154
tisBp,0.2,4,4,CCTCTCGTCTCCGGCGGTCG,0,3585881
tisBp,0.2,4,4,CCTCGGCTAAGTTTGGAGGT,0,3597416
tisBp,0.2,4,4,CCTCCCACGCGAGATCTGCG,0,3581048
tisBp,0.2,4,4,CCTCAGGCCGTTCATCGCCT,0,3554928
tisBp,0.2,4,4,CCTCACGGGGAGAAGACGCA,0,3576992
tisBp,0.2,4,4,CCTATTGTCATTATCCTCCC,0,3599255
tisBp,0.2,4,4,CCTAGTTGGCCGACATTTCA,0,3585775
tisBp,0.2,4,4,CCTAGACGGTTCTCCTCTGC,0,3560577
tisBp,0.2,4,4,CCTAATGATTGGCCTTTTAG,0,3565551
tisBp,0.2,4,4,CCGTTACATGCGCTGGGTAT,0,3557416
tisBp,0.2,4,4,CCGTGGACCCGAATAACGCA,0,3576307
tisBp,0.2,4,4,CCGTCGCATGATAACGCTTG,0,3549292
tisBp,0.2,4,4,CCGTCACTAATACGCCCTTC,0,3569146
tisBp,0.2,4,4,CCGTATAGTGGTCACCAAAC,0,3580757
tisBp,0.2,4,4,CCGGTTCGCTGAAACTCAAA,0,3574259
tisBp,0.2,4,4,CCGGTGCCTAGCGAGATTGG,0,3582798
tisBp,0.2,4,4,CCGGTAGCGCACGTGGTTCG,0,3569074
tisBp,0.2,4,4,CCGGTAGAAATTCTTGAGGC,0,3542211
tisBp,0.2,4,4,CCGGGTTCGACAGGCAGATT,0,3582968
tisBp,0.2,4,4,CCGGATTGTTCACAAACGGC,0,3580687
tisBp,0.2,4,4,CCGGAGAATTTGTCAACGAC,0,3590486
tisBp,0.2,4,4,CCGGACTAATCCGGGATGAA,0,3563238
tisBp,0.2,4,4,CCGCTTACCTTAAATGCCTG,0,3588100
tisBp,0.2,4,4,CCGCGACATATTAAAATAGA,0,3601936
tisBp,0.2,4,4,CCGCGAATGTAATTTAACGC,0,3600954
tisBp,0.2,4,4,CCGCCTGTAGCGTCACCGTG,0,3581572
tisBp,0.2,4,4,CCGCCAGCGGAGGGAAGGTC,0,3603226
tisBp,0.2,4,4,CCGCACAAGAGCACACTATC,0,3546215
tisBp,0.2,4,4,CCGATGTAAAGATGGGGTTT,0,3562019
tisBp,0.2,4,4,CCGAGATCAAGTCAGTACGG,0,3545583
tisBp,0.2,4,4,CCGACTTTTCAGTCTGTGTT,0,3548601
tisBp,0.2,4,4,CCGACGCTTAGCTGTTCCAC,0,3599927
tisBp,0.2,4,4,CCGAAGAAATGTCACGCTGA,0,3545898
tisBp,0.2,4,4,CCCTTTCTCTCTGGGGCCTA,0,3543975
tisBp,0.2,4,4,CCCTTGTTCGCGCACCGTGT,0,3593179
tisBp,0.2,4,4,CCCGGTCGGCACGACACTTT,0,3579333
tisBp,0.2,4,4,CCCGGTAAAACATGGACACC,0,3567517
tisBp,0.2,4,4,CCCGGGTAGAGAGAATGAAT,0,3584107
tisBp,0.2,4,4,CCCGGCACTTACGGGCCAGG,0,3591379
tisBp,0.2,4,4,CCCGGAAGCAGCATTCAAGC,0,3558960
tisBp,0.2,4,4,CCCGATAGCGGTTCGTCTCC,0,3550084
tisBp,0.2,4,4,CCCGACGATTCAATTCTGGG,0,3599859
tisBp,0.2,4,4,CCCGACCAATTTTGGCTGGA,0,3551750
tisBp,0.2,4,4,CCCGAAGTTCAGTAGTTGAT,0,3544772
tisBp,0.2,4,4,CCCCTTGGTAAAAACCATTC,0,3588944
tisBp,0.2,4,4,CCCCTAATAGGGTAAAAGAA,0,3561572
tisBp,0.2,4,4,CCCAGAGGCCTCTCGTATAG,0,3590882
tisBp,0.2,4,4,CCCACTCGAGCCGGATACAA,0,3571969
tisBp,0.2,4,4,CCCAATCGCTACCATCAATA,0,3586490
tisBp,0.2,4,4,CCATGGGATCGGCACCGGTC,0,3552199
tisBp,0.2,4,4,CCATGGCACGGTTCCTTTCC,0,3554044
tisBp,0.2,4,4,CCATATATGGGACGGTTCCA,0,3583521
tisBp,0.2,4,4,CCATAAGGTCTATCGGGGTT,0,3546122
tisBp,0.2,4,4,CCAGGTGAGATTGTTACTTC,0,3561428
tisBp,0.2,4,4,CCAGGTAGGATCATCTTAGG,0,3563274
tisBp,0.2,4,4,CCAGAGAGGTTAGGTAATCT,0,3601970
tisBp,0.2,4,4,CCACGTTCGTCCACAGACAA,0,3557740
tisBp,0.2,4,4,CCACGGAGGCCGGTAGTAAG,0,3575975
tisBp,0.2,4,4,CCACGAGTTCGCCGTAACCC,0,3597578
tisBp,0.2,4,4,CCACGAACTTATGCTGACGT,0,3579274
tisBp,0.2,4,4,CCACCTGACCGTGGACGGCC,0,3576536
tisBp,0.2,4,4,CCACCCACCCCACGACTCTA,0,3589170
tisBp,0.2,4,4,CCAATCAGGGAGTATTTCGG,0,3549669
tisBp,0.2,4,4,CCAATACTAATCGGGGTCCT,0,3591466
tisBp,0.2,4,4,CCAACATCGATGACCGACAT,0,3553728
tisBp,0.2,4,4,CCAACAGTCCGGCAGTCAAC,0,3592702
tisBp,0.2,4,4,CCAAAGGTCCGTAACATGAA,0,3597369
tisBp,0.2,4,4,CCAAAGGGAAGTCTGATGAA,0,3558005
tisBp,0.2,4,4,CCAAAGAAATGTCGCCAGGT,0,3600829
tisBp,0.2,4,4,CATTTGCCGCTCAAAGACGA,0,3567518
tisBp,0.2,4,4,CATTTGATCCATAGACTGGC,0,3566704
tisBp,0.2,4,4,CATTTCGTACGAGAAAAGGT,0,3597693
tisBp,0.2,4,4,CATTCTTCATCGGTACACCT,0,3582222
tisBp,0.2,4,4,CATTCGGTGCTCGTGTTCCG,0,3592245
tisBp,0.2,4,4,CATTCCTAGATGGTGGTTAG,0,3573629
tisBp,0.2,4,4,CATTCCCCATTCGTAGCGTA,0,3601935
tisBp,0.2,4,4,CATTATTATGGCCAATCCCA,0,3550169
tisBp,0.2,4,4,CATTAGAGCCTCGCTTTCAT,0,3601833
tisBp,0.2,4,4,CATGTTCGGTGGTAGGATGA,0,3553514
tisBp,0.2,4,4,CATGTGCAAAACTCAAGTAT,0,3548771
tisBp,0.2,4,4,CATGGGAGCGGCCCCGGTTC,0,3554782
tisBp,0.2,4,4,CATGGCTTGCCTGCGTTAGT,0,3582336
tisBp,0.2,4,4,CATGCGAGAAATGGGCTTAA,0,3543027
tisBp,0.2,4,4,CATCGCAGGTTGGGTGTAGA,0,3559155
tisBp,0.2,4,4,CATCCCTACGTGTGGGGGAT,0,3601101
tisBp,0.2,4,4,CATCAGGCTCGACTATGCTT,0,3553080
tisBp,0.2,4,4,CATCACACGTACAGAGCATT,0,3593253
tisBp,0.2,4,4,CATCAAGGAACAGTGTAAGA,0,3578860
tisBp,0.2,4,4,CATATCTTGGAAGCACTATT,0,3551446
tisBp,0.2,4,4,CATAGTGAATGTGGTGGCAA,0,3573062
tisBp,0.2,4,4,CATACGTACTACCATCAAAA,0,3545683
tisBp,0.2,4,4,CATACGGTAGCTCGAGGTCT,0,3579803
tisBp,0.2,4,4,CATAATCCTTCTGTGTCTCA,0,3562044
tisBp,0.2,4,4,CATAACGCATCCATGCTCAA,0,3591894
tisBp,0.2,4,4,CAGTTTCAACTATGGTCCTT,0,3585410
tisBp,0.2,4,4,CAGTCCCCTAGGCACGCCAC,0,3578611
tisBp,0.2,4,4,CAGGCCCATTGTCCCAGCCC,0,3553475
tisBp,0.2,4,4,CAGCTTCTCTCTGCGATTTA,0,3543304
tisBp,0.2,4,4,CAGCTCCCTCACAAAGCGTG,0,3573759
tisBp,0.2,4,4,CAGCGGTCATGGCTAATGAC,0,3563147
tisBp,0.2,4,4,CAGCCTCGACCTCCAACACA,0,3577019
tisBp,0.2,4,4,CAGCCGGATAGATGCGCGTC,0,3572299
tisBp,0.2,4,4,CAGCCGAGCATCCCGGTTTT,0,3559479
tisBp,0.2,4,4,CAGCCCTCTATTAGCCAGTG,0,3589727
tisBp,0.2,4,4,CAGCAGGCAGAGTTTTCCCG,0,3588030
tisBp,0.2,4,4,CAGCAATGTGCTGGACATAT,0,3549766
tisBp,0.2,4,4,CAGCAAGATACTTGGAACTT,0,3546615
tisBp,0.2,4,4,CAGATTTATAGCTCTATGGG,0,3595092
tisBp,0.2,4,4,CAGATGTGGAAACATTTACG,0,3569636
tisBp,0.2,4,4,CAGATGCTTTTCGTAGATCC,0,3583373
tisBp,0.2,4,4,CAGATCAGAGCGTAGTGAAG,0,3593898
tisBp,0.2,4,4,CAGAGGGTTGGCAGCGCCAT,0,3578772
tisBp,0.2,4,4,CAGAAATTCCCACCCCAGAT,0,3598210
tisBp,0.2,4,4,CACTTGGATTTACACGAGGC,0,3582874
tisBp,0.2,4,4,CACTCTGTGACGTTCTAATG,0,3556546
tisBp,0.2,4,4,CACTCCGTGTGAAAGCAGTT,0,3592047
tisBp,0.2,4,4,CACTATATCAAATCCACAAC,0,3561646
tisBp,0.2,4,4,CACGGTCTAGCGGTTGATAT,0,3571416
tisBp,0.2,4,4,CACCTCATACCCCATACGCT,0,3596049
tisBp,0.2,4,4,CACCGGTTGCGTGGTGTTTA,0,3546315
tisBp,0.2,4,4,CACCGCACCTCGTATTAGCT,0,3563741
tisBp,0.2,4,4,CACCCTGTTAATATCTCAGG,0,3601798
tisBp,0.2,4,4,CACCCCTGAGACCTCAAGGC,0,3598882
tisBp,0.2,4,4,CACCAGTTATCGAGCATAGG,0,3590972
tisBp,0.2,4,4,CACCAGGCTACGAACCCGCT,0,3545538
tisBp,0.2,4,4,CACATGGGACGCGTGCGGAT,0,3584207
tisBp,0.2,4,4,CACATGAGCTCAGTTTAACT,0,3586371
tisBp,0.2,4,4,CACATAAGTCCATATCTAGA,0,3544028
tisBp,0.2,4,4,CACACTTAGTCGGATACACA,0,3578138
tisBp,0.2,4,4,CACACTAAAAGACAAGCCTC,0,3549413
tisBp,0.2,4,4,CACACAAAGTGGGCAAAAGC,0,3597061
tisBp,0.2,4,4,CACAATCTATGCGCCGACTG,0,3559720
tisBp,0.2,4,4,CACAAGGTTAAACGTGAAAC,0,3581917
tisBp,0.2,4,4,CAATTCCCCTGTTAGGCTGC,0,3576768
tisBp,0.2,4,4,CAATTCCACCACGGGGGCGA,0,3583218
tisBp,0.2,4,4,CAATACGTAAATGGGTTCGC,0,3571060
tisBp,0.2,4,4,CAATAAAGTCCGTCCCAGTT,0,3550951
tisBp,0.2,4,4,CAAGGGAGACGTGATTCGTT,0,3571773
tisBp,0.2,4,4,CAAGGCATAGTGCCATAGAT,0,3570952
tisBp,0.2,4,4,CAAGCTATATAAGTCCGGTC,0,3560767
tisBp,0.2,4,4,CAAGCCTGGAGCAAGGGCCG,0,3564063
tisBp,0.2,4,4,CAAGACAGTGGGAACGACAG,0,3600271
tisBp,0.2,4,4,CAACTCGGTACTCGCATTCA,0,3569908
tisBp,0.2,4,4,CAACTCATGGTGAGTTTGAT,0,3548398
tisBp,0.2,4,4,CAACTAGGAAACTTCGGTAC,0,3590797
tisBp,0.2,4,4,CAACGGAGTGACCTTGTCTG,0,3560931
tisBp,0.2,4,4,CAACCACTGTACCAGCGGAG,0,3564836
tisBp,0.2,4,4,CAACCACGAGGATCGCTAGA,0,3544086
tisBp,0.2,4,4,CAACAAGTGGAGGGCCGTGA,0,3598931
tisBp,0.2,4,4,CAAATCACGTGATTTAAATA,0,3556869
tisBp,0.2,4,4,CAAAGTTTCACCCGTACCCA,0,3574941
tisBp,0.2,4,4,CAAACTACGAGGTGTTTTCG,0,3542057
tisBp,0.2,4,4,CAAAAAACAGCGACGCTTGT,0,3567084
tisBp,0.2,4,4,ATTTTCCCAGTTTCCCCTAC,0,3555592
tisBp,0.2,4,4,ATTTCTCACGGCTCGCAAGT,0,3580328
tisBp,0.2,4,4,ATTTCGACGAAAGGTCGGCA,0,3580165
tisBp,0.2,4,4,ATTTCCATGCCCACTGAACT,0,3581389
tisBp,0.2,4,4,ATTTCAGACCCTTGGCTATG,0,3542888
tisBp,0.2,4,4,ATTTAACCGCACCCGTGCAT,0,3570178
tisBp,0.2,4,4,ATTGCTAGGTCTATAGGGAG,0,3571961
tisBp,0.2,4,4,ATTGATGCTCCGTGTAGGAA,0,3575410
tisBp,0.2,4,4,ATTCGTGTCGATGAAGCTCC,0,3570478
tisBp,0.2,4,4,ATTCGCCGTTCCGGGACAGC,0,3575571
tisBp,0.2,4,4,ATTCGAATTTGGTGAACAAC,0,3579039
tisBp,0.2,4,4,ATTCCTTGGGAAGAAAAACG,0,3552766
tisBp,0.2,4,4,ATTCCGGCGATATTGTCGCT,0,3578747
tisBp,0.2,4,4,ATTCAGATTACTTGTCGAGA,0,3560986
tisBp,0.2,4,4,ATTCAGACACGGCCTAACTT,0,3572385
tisBp,0.2,4,4,ATTAGTCTCACGAACTGAGA,0,3563019
tisBp,0.2,4,4,ATTACTGCGTACGTCGGGTG,0,3576653
tisBp,0.2,4,4,ATTACTAGCGTTTAAATTAA,0,3560426
tisBp,0.2,4,4,ATTAATTACTCATTCCTATG,0,3552852
tisBp,0.2,4,4,ATGTTGGCAGCCGGTGATCA,0,3574868
tisBp,0.2,4,4,ATGTTACTTCATTGGGCAAT,0,3585944
tisBp,0.2,4,4,ATGTCTTAAGACATTCCAGT,0,3577627
tisBp,0.2,4,4,ATGTATACAGCGCTGGTCTA,0,3542022
tisBp,0.2,4,4,ATGTAGGGCTCTGAGAGTTT,0,3546917
tisBp,0.2,4,4,ATGTACCCAGTAGGAGTGGC,0,3572644
tisBp,0.2,4,4,ATGTAAGTCATCCCTGTCCC,0,3563132
tisBp,0.2,4,4,ATGGGATTGTGACTCAACTG,0,3594105
tisBp,0.2,4,4,ATGGCGTGTGGCTACACGTC,0,3545952
tisBp,0.2,4,4,ATGGAGCCCTCTGAGCTTCA,0,3558347
tisBp,0.2,4,4,ATGCTAATAAGTTTTCGAGG,0,3589304
tisBp,0.2,4,4,ATGCGGATCTACTCGAGTCA,0,3576407
tisBp,0.2,4,4,ATGCCATATACGCTCTTAAT,0,3551231
tisBp,0.2,4,4,ATGATACCTGCGGCCCTGAT,0,3550884
tisBp,0.2,4,4,ATGACTTATGGGCGGGATGT,0,3542841
tisBp,0.2,4,4,ATGACGAGTGCTAGTTGCAC,0,3563018
tisBp,0.2,4,4,ATCTACTGTAATAATCCTTG,0,3579634
tisBp,0.2,4,4,ATCGTCCATCATAGTCTGGC,0,3566703
tisBp,0.2,4,4,ATCGCATGATTTTGATTTGA,0,3581330
tisBp,0.2,4,4,ATCGATGATATGGACGACGC,0,3571476
tisBp,0.2,4,4,ATCGAGGTTCGTCTTGCCGA,0,3584989
tisBp,0.2,4,4,ATCCTCTTGGGAGGTACTCG,0,3574447
tisBp,0.2,4,4,ATCCGTGACACGGTTCGCTA,0,3580734
tisBp,0.2,4,4,ATCCGTCAGACATGGTCAAG,0,3596016
tisBp,0.2,4,4,ATCCGGGGGGGAAAAAGGCT,0,3598032
tisBp,0.2,4,4,ATCCGACGCTGTCAACGGAT,0,3594498
tisBp,0.2,4,4,ATCCCATAGGGACCGGATGG,0,3548027
tisBp,0.2,4,4,ATCCACTTACCAGAGCACGA,0,3588126
tisBp,0.2,4,4,ATCATTATGGCCCACGACAG,0,3599480
tisBp,0.2,4,4,ATCATCTATTGCCTAGCAAG,0,3560985
tisBp,0.2,4,4,ATCATCGTGCGACAAAGATT,0,3597668
tisBp,0.2,4,4,ATCATCACAGGTAGCTCGAG,0,3593905
tisBp,0.2,4,4,ATCAGTGGTCAGTTCTGGTT,0,3546473
tisBp,0.2,4,4,ATCAGTCAAATCTATCTCCT,0,3567987
tisBp,0.2,4,4,ATCACGCGAGGGTAGTGCTC,0,3543135
tisBp,0.2,4,4,ATCACCGGAGCGTTTATGTT,0,3575980
tisBp,0.2,4,4,ATCAAGGAATAATCATGAGC,0,3598813
tisBp,0.2,4,4,ATCAACTGGGAGTTCATATA,0,3572850
tisBp,0.2,4,4,ATATTGTTCTATCTCATTTA,0,3573086
tisBp,0.2,4,4,ATATCACGGGGACACGGCCC,0,3546000
tisBp,0.2,4,4,ATATATAGGATTTTGACTGT,0,3585365
tisBp,0.2,4,4,ATAGGTTTCATGTCAGTTGG,0,3575248
tisBp,0.2,4,4,ATAGCTTGTGAGAGAAGGTT,0,3597046
tisBp,0.2,4,4,ATAGCCAATGCACTGGGGGT,0,3567088
tisBp,0.2,4,4,ATAGAAGCATGTCATAATAT,0,3588454
tisBp,0.2,4,4,ATACTCACGCATGCTTAGGT,0,3551844
tisBp,0.2,4,4,ATACTATAGGTATGCGGTTT,0,3562290
tisBp,0.2,4,4,ATACGTTTCACAAGACTCCA,0,3573461
tisBp,0.2,4,4,ATACGAACGGCGCATACAGT,0,3585901
tisBp,0.2,4,4,ATACCTGTGGCCGCAGGCAA,0,3552380
tisBp,0.2,4,4,ATACCCGACGATAAGGCAGG,0,3596006
tisBp,0.2,4,4,ATACACAAATATCGTTACTC,0,3580845
tisBp,0.2,4,4,ATACAAACTCTACCGGTCAA,0,3542660
tisBp,0.2,4,4,ATAATTGTCCCAGGGTAGCT,0,3565921
tisBp,0.2,4,4,ATAAGTGTCGAGCCCGTTGC,0,3572085
tisBp,0.2,4,4,ATAACTAAGAGGAAGATTCC,0,3545987
tisBp,0.2,4,4,ATAACGCGCATCCTCTTTGC,0,3581262
tisBp,0.2,4,4,ATAAAACCGTGGTTTAATAC,0,3582148
tisBp,0.2,4,4,AGTTTTAGTAGTAACCATGG,0,3560624
tisBp,0.2,4,4,AGTTGGGCAATTGGGGTGGT,0,3555889
tisBp,0.2,4,4,AGTTGATTCATCGGTCATCA,0,3560136
tisBp,0.2,4,4,AGTTCACTCTAACCCTTGGA,0,3584186
tisBp,0.2,4,4,AGTTATCCTGGTACGTATAT,0,3600616
tisBp,0.2,4,4,AGTTACGTATGGACCGGCGA,0,3592168
tisBp,0.2,4,4,AGTTAATCACTCCAATCTAA,0,3591181
tisBp,0.2,4,4,AGTGTGGCTTTGTATCTGTG,0,3547526
tisBp,0.2,4,4,AGTGTCCCGACGAACATACC,0,3557353
tisBp,0.2,4,4,AGTGGGCTGCGATTCGTGGC,0,3597972
tisBp,0.2,4,4,AGTGCTCAGCGGTCAGGAAC,0,3589859
tisBp,0.2,4,4,AGTCTGGAACAATGTAGGCT,0,3582175
tisBp,0.2,4,4,AGTCTGAGCACGACTACCGG,0,3558920
tisBp,0.2,4,4,AGTCGGAGCTACAGCGGAAA,0,3584822
tisBp,0.2,4,4,AGTCGCTTACTGCATGCTTA,0,3601398
tisBp,0.2,4,4,AGTCCGGACAGTATATCTAT,0,3545005
tisBp,0.2,4,4,AGTCCCAGGCTAATAAAGGG,0,3571361
tisBp,0.2,4,4,AGTCATCTGACGCCTCGAAT,0,3595805
tisBp,0.2,4,4,AGTCAGGCGACGTATTAACT,0,3568799
tisBp,0.2,4,4,AGTCACATTCACGAGATAAG,0,3582353
tisBp,0.2,4,4,AGTACAAGCGCTCTCAGACC,0,3587441
tisBp,0.2,4,4,AGGTTTGTGGTATCGTCGCT,0,3602766
tisBp,0.2,4,4,AGGTTAGATTTGACTGAGTC,0,3559387
tisBp,0.2,4,4,AGGTGGACAGGTACACTTTC,0,3553860
tisBp,0.2,4,4,AGGTGAGCGCCACTCGGGGA,0,3602396
tisBp,0.2,4,4,AGGGTTCCTCTGGCGGTTTG,0,3596316
tisBp,0.2,4,4,AGGGGCTTCGCTGTTGGCTT,0,3550818
tisBp,0.2,4,4,AGGGCTGTCGGTGAAGACGT,0,3566573
tisBp,0.2,4,4,AGGGATACACGAATTGGGGT,0,3559922
tisBp,0.2,4,4,AGGCGGCATATACCGCCCGG,0,3595015
tisBp,0.2,4,4,AGGATACTTTAGGGATTCTT,0,3603392
tisBp,0.2,4,4,AGGATACCGATCCTTAATAG,0,3545918
tisBp,0.2,4,4,AGGAGCGGTAGCTTTAGTGG,0,3549189
tisBp,0.2,4,4,AGGAGAGCTTCCTGGGAGGT,0,3587854
tisBp,0.2,4,4,AGGACAAATTCTAATTCGGT,0,3587939
tisBp,0.2,4,4,AGGAAAAGGTATGCGCATCT,0,3542435
tisBp,0.2,4,4,AGCTTTCACGCGTCTTCGCT,0,3555430
tisBp,0.2,4,4,AGCTGTCCGTAGATTTCCTC,0,3567780
tisBp,0.2,4,4,AGCTGAGGTTGGTTGCTATA,0,3554698
tisBp,0.2,4,4,AGCTATGTAACCGTCACGGA,0,3561606
tisBp,0.2,4,4,AGCGTGTGGGCTGAAGGCAA,0,3599830
tisBp,0.2,4,4,AGCGGTAGGACATCAGCCGT,0,3577988
tisBp,0.2,4,4,AGCGGGCGGAGTAAAAGCGC,0,3556034
tisBp,0.2,4,4,AGCGGGAGTTCTATAAAAAG,0,3567651
tisBp,0.2,4,4,AGCGGCTGCAAATTTAGTCA,0,3593924
tisBp,0.2,4,4,AGCGGCAAATGCCACGCTGA,0,3575067
tisBp,0.2,4,4,AGCGGAGCGAAATCTGGCGG,0,3554131
tisBp,0.2,4,4,AGCGGAAGGTCGGCAATCGC,0,3591272
tisBp,0.2,4,4,AGCGCCTTAGTCTTCGGCGT,0,3569239
tisBp,0.2,4,4,AGCGCAGCCATGAGTTAGCC,0,3582358
tisBp,0.2,4,4,AGCGACAAACCGTTGCCGGT,0,3588968
tisBp,0.2,4,4,AGCCTTTTGAAGCAACACAG,0,3578873
tisBp,0.2,4,4,AGCCGGGTGGCCACGGCGGA,0,3548569
tisBp,0.2,4,4,AGCCCTTCGAGGTATCCCAC,0,3545147
tisBp,0.2,4,4,AGCCAGTGTACGACAATTAT,0,3559010
tisBp,0.2,4,4,AGCATCGCACAGGTTAATAT,0,3576862
tisBp,0.2,4,4,AGCATAAGTCACCCACCTTA,0,3553831
tisBp,0.2,4,4,AGCAGAAGGAGTCTCGGAAT,0,3542446
tisBp,0.2,4,4,AGATGTTATTACTGAGTGCA,0,3570743
tisBp,0.2,4,4,AGATGGCAGATGATCCTCAC,0,3577243
tisBp,0.2,4,4,AGATCTTTAACAGATAAGTA,0,3586546
tisBp,0.2,4,4,AGATCTATGACAGACTCTCT,0,3577427
tisBp,0.2,4,4,AGATCGCTAAGCGTGGGCTT,0,3574620
tisBp,0.2,4,4,AGAGTCTTCGCGGCGTGGTG,0,3583244
tisBp,0.2,4,4,AGAGGTTTCTATATTAATCA,0,3549605
tisBp,0.2,4,4,AGAGGTCTGCTGTGAAGACA,0,3578063
tisBp,0.2,4,4,AGAGGCTATAGAAGCTCGCC,0,3578222
tisBp,0.2,4,4,AGAGCTTGCTACCTGAACGG,0,3560715
tisBp,0.2,4,4,AGAGCGCTGCCAGAAGATAG,0,3543383
tisBp,0.2,4,4,AGAGCGCGGTAAATCGGACA,0,3590853
tisBp,0.2,4,4,AGAGAGCAAAGTGTGACTCT,0,3573331
tisBp,0.2,4,4,AGAGAACAGGATTCCGACTA,0,3568374
tisBp,0.2,4,4,AGACGTAGTAAGTTCCGCAA,0,3560031
tisBp,0.2,4,4,AGACGAGTGAGTTATACACG,0,3559385
tisBp,0.2,4,4,AGACCGGACCATCAAAACCT,0,3556922
tisBp,0.2,4,4,AGACATGTAAGGTAACTGCC,0,3590107
tisBp,0.2,4,4,AGACAAGTCAAAGGCTGTGG,0,3555805
tisBp,0.2,4,4,AGAATGGTGAAAATTCAATA,0,3575323
tisBp,0.2,4,4,AGAAGCGCGGTCAATTGTAG,0,3563588
tisBp,0.2,4,4,AGAAGACACTGGTATATTGA,0,3560396
tisBp,0.2,4,4,AGAACATGGCAGCCTTCTAC,0,3583858
tisBp,0.2,4,4,AGAACAGTACGACAGTTGCA,0,3603722
tisBp,0.2,4,4,AGAAAAACTGCCAGGGCAAA,0,3559534
tisBp,0.2,4,4,ACTTGTAGCGTAAGCGTCTG,0,3600077
tisBp,0.2,4,4,ACTTCCTCCCTCAAAATGTC,0,3549834
tisBp,0.2,4,4,ACTTCATCTGCCACAGATGT,0,3571645
tisBp,0.2,4,4,ACTTACTAGCTCCTAGTGGA,0,3569728
tisBp,0.2,4,4,ACTGTGCAATAACGAGTTGT,0,3570453
tisBp,0.2,4,4,ACTGCTGTCCAGCCCCTGTG,0,3585627
tisBp,0.2,4,4,ACTGAGTCTAGAGGAGGGCT,0,3547041
tisBp,0.2,4,4,ACTCGGGTTCGAGCACCACA,0,3598101
tisBp,0.2,4,4,ACTCGGAGCGTAGGACTCAT,0,3562722
tisBp,0.2,4,4,ACTCGCTACATCAATGCCGA,0,3547995
tisBp,0.2,4,4,ACTCCTTCCTACCGCTCCCA,0,3565537
tisBp,0.2,4,4,ACTCCCCAGCACTCGTATGC,0,3543987
tisBp,0.2,4,4,ACTATCTTCATGTGATTCCA,0,3599424
tisBp,0.2,4,4,ACTAGGTAACTGTTGAGAAA,0,3571959
tisBp,0.2,4,4,ACTAGCAATCACCGCATCTA,0,3546850
tisBp,0.2,4,4,ACTAGACTATCTCATACGGG,0,3585892
tisBp,0.2,4,4,ACTACTCACGGAGCCACGTG,0,3565357
tisBp,0.2,4,4,ACTACGATGAGCAGCGGGAT,0,3565521
tisBp,0.2,4,4,ACTAATGTAGGTAGCTCTTC,0,3571072
tisBp,0.2,4,4,ACGTTGACGTGATCCCATGA,0,3569356
tisBp,0.2,4,4,ACGTGATGGTAAGTTTGTTG,0,3582456
tisBp,0.2,4,4,ACGTAAATACCTCAGTCTCT,0,3578494
tisBp,0.2,4,4,ACGGTATATGGTGTGATCCG,0,3549047
tisBp,0.2,4,4,ACGGTAGGGATCGCATTTCC,0,3548340
tisBp,0.2,4,4,ACGGGGGGTTCGATCTAACC,0,3556824
tisBp,0.2,4,4,ACGGGGGGATAAACCTCGTC,0,3592068
tisBp,0.2,4,4,ACGGGCGGATTAAGTATAGC,0,3588891
tisBp,0.2,4,4,ACGGCGGGTCCTTTGCCGTT,0,3546372
tisBp,0.2,4,4,ACGGCAGGCATCGCCGCGCC,0,3548564
tisBp,0.2,4,4,ACGGAATGAAAGGTACAGGG,0,3551790
tisBp,0.2,4,4,ACGCAACATCTCAAAATCGA,0,3550727
tisBp,0.2,4,4,ACGATTATATAGCGCATGTT,0,3589332
tisBp,0.2,4,4,ACGATGCACAGAGATACCAA,0,3599217
tisBp,0.2,4,4,ACGATCGGCTGGAGCCGTGA,0,3556807
tisBp,0.2,4,4,ACGATAGGATACCTGCCGCG,0,3584517
tisBp,0.2,4,4,ACGACGTCATGAGGGTTGCG,0,3562335
tisBp,0.2,4,4,ACGAAATCGCACACATTAAA,0,3568946
tisBp,0.2,4,4,ACCTTGGTTACGCGCCAGAT,0,3586475
tisBp,0.2,4,4,ACCTTCACCTCATCAGATTT,0,3559998
tisBp,0.2,4,4,ACCTGATATGAAGTCATCAT,0,3574134
tisBp,0.2,4,4,ACCTCTTGCATGCTGCCACG,0,3574221
tisBp,0.2,4,4,ACCTATTTCCGGATGGATAC,0,3595717
tisBp,0.2,4,4,ACCTAAGGGACTGGGGATGC,0,3553430
tisBp,0.2,4,4,ACCGATAAGGACACTAAACG,0,3599878
tisBp,0.2,4,4,ACCCGTTGAAGGTGAACTCT,0,3597140
tisBp,0.2,4,4,ACCCGCGAAAAAGGACTCTT,0,3599015
tisBp,0.2,4,4,ACCCATCGCCGTTCGTGGTG,0,3597684
tisBp,0.2,4,4,ACCATGAAGTAGGCTGGTAG,0,3544189
tisBp,0.2,4,4,ACCAAGTCTTCTAACCGTTG,0,3565714
tisBp,0.2,4,4,ACATTTTCTTATCTATCAGG,0,3599522
tisBp,0.2,4,4,ACATTTGATCCGGACTACCA,0,3600575
tisBp,0.2,4,4,ACATTGTAGAAGTGATGTTC,0,3554252
tisBp,0.2,4,4,ACATGGGTGAGCCAAGTGCT,0,3555120
tisBp,0.2,4,4,ACATGGGTCTGGTCCTGCCT,0,3551223
tisBp,0.2,4,4,ACATGGCTGGTATTTCGGTA,0,3586179
tisBp,0.2,4,4,ACATGGCATGAAATTAGTCA,0,3560289
tisBp,0.2,4,4,ACATGGCAAGCCGGTTGGTG,0,3575260
tisBp,0.2,4,4,ACATGCCCCAGGCGCCCTCA,0,3547594
tisBp,0.2,4,4,ACATACACTGACCCTGGCGA,0,3565037
tisBp,0.2,4,4,ACAGATGGGGGACAACGCTG,0,3577570
tisBp,0.2,4,4,ACAGACCAACACTCGTGTTT,0,3581606
tisBp,0.2,4,4,ACACTTACTATTACGTCGCG,0,3598939
tisBp,0.2,4,4,ACACTCCACCGATATCACGG,0,3584045
tisBp,0.2,4,4,ACACGCGCACACGGCTCATT,0,3583110
tisBp,0.2,4,4,ACACAATTAGTCTGCCTCAA,0,3573326
tisBp,0.2,4,4,ACAAGCATCATAATCAGTGC,0,3561925
tisBp,0.2,4,4,ACAACCCAACCCCGATTGAA,0,3577340
tisBp,0.2,4,4,ACAACATAAAACTCTTTAAC,0,3552447
tisBp,0.2,4,4,ACAAAGGTTCAGTAAAAACT,0,3555940
tisBp,0.2,4,4,ACAAACTAATGGAGGGGTTG,0,3574925
tisBp,0.2,4,4,ACAAAAGAGCCCTTAGCTGT,0,3542121
tisBp,0.2,4,4,AATTTGGGATTCGGTGGTGC,0,3581981
tisBp,0.2,4,4,AATTTCGTTCATATCAAGAG,0,3543711
tisBp,0.2,4,4,AATTTCGGGTCAGTGAAGTA,0,3573545
tisBp,0.2,4,4,AATTATTCGAAGTAGACGGG,0,3549250
tisBp,0.2,4,4,AATGTTCAGAAATGACGGGA,0,3593170
tisBp,0.2,4,4,AATGTGCGCCGGTGTAGATC,0,3551699
tisBp,0.2,4,4,AATGTCTGTCATATTGGTTG,0,3546153
tisBp,0.2,4,4,AATGTACAGCCCGTCACTCC,0,3557024
tisBp,0.2,4,4,AATGGATGTATATCGGAAGA,0,3576706
tisBp,0.2,4,4,AATGCGTTAATTTCGTTGAC,0,3556606
tisBp,0.2,4,4,AATCTTAACCTCTTGCTGCA,0,3593074
tisBp,0.2,4,4,AATCTGCTCAAATATTAGGA,0,3594650
tisBp,0.2,4,4,AATCCCGGGGTAACGCATGT,0,3601450
tisBp,0.2,4,4,AATCATTGTTCCACATCTTC,0,3547242
tisBp,0.2,4,4,AATATAACTAGATGTATGGG,0,3548835
tisBp,0.2,4,4,AATATAAAATCGGTCCTGCG,0,3568852
tisBp,0.2,4,4,AATACTTGATCGCGATATCT,0,3554655
tisBp,0.2,4,4,AATACCGCGCTTCAAAACTC,0,3600024
tisBp,0.2,4,4,AATACACATAGGATCATGGC,0,3548503
tisBp,0.2,4,4,AATAACTTTAAGTGGGACCC,0,3584052
tisBp,0.2,4,4,AAGTTTCTAAATGATGGTGG,0,3591440
tisBp,0.2,4,4,AAGTTGACCAAACCTGGCCA,0,3542062
tisBp,0.2,4,4,AAGTTACCGGGTTGCCAATA,0,3566163
tisBp,0.2,4,4,AAGTGTAATAACATGTCAGT,0,3548677
tisBp,0.2,4,4,AAGTGGTCGAAGAAAACTGG,0,3544888
tisBp,0.2,4,4,AAGTGGGAGCAACACCAAGG,0,3578715
tisBp,0.2,4,4,AAGTCGAGGGTTGGGGCTAA,0,3556216
tisBp,0.2,4,4,AAGTCCGAAACTGTCTTGGC,0,3561631
tisBp,0.2,4,4,AAGTCCCGTTTATTGATGCA,0,3547510
tisBp,0.2,4,4,AAGTATCTTGATATAGATGA,0,3562725
tisBp,0.2,4,4,AAGTAGCTCGTGATTGTAGG,0,3577807
tisBp,0.2,4,4,AAGTAGCAATACGGTTGAGT,0,3576998
tisBp,0.2,4,4,AAGGGCTTTTGATTCTGTAA,0,3590965
tisBp,0.2,4,4,AAGGGAACTGTGCCTTGAAT,0,3576890
tisBp,0.2,4,4,AAGGGAACTACCAACTGGAA,0,3559244
tisBp,0.2,4,4,AAGGATAAGCGGGAAGAAAA,0,3549307
tisBp,0.2,4,4,AAGCTTGCGCTTGCTATCCG,0,3597207
tisBp,0.2,4,4,AAGCTCCGGCTTGCTAGAAA,0,3550481
tisBp,0.2,4,4,AAGCGGAGTCAGAGATCGCC,0,3559884
tisBp,0.2,4,4,AAGCAATGTTGTTAAACCAA,0,3543126
tisBp,0.2,4,4,AAGATTATACCTATGACTAC,0,3558307
tisBp,0.2,4,4,AAGATAACAACACTGCCCTA,0,3570768
tisBp,0.2,4,4,AAGATAAAGAACCAGCTTCT,0,3559714
tisBp,0.2,4,4,AAGAGGAATCAGGCTTAGGG,0,3542806
tisBp,0.2,4,4,AAGACTGCCCGAGTTCGCGG,0,3560520
tisBp,0.2,4,4,AAGACTCATGTGCAAACGTA,0,3590971
tisBp,0.2,4,4,AAGACGTCGGTTTTATTCTC,0,3567609
tisBp,0.2,4,4,AAGAATTGCGGGAACAATTG,0,3570613
tisBp,0.2,4,4,AAGAAGCCTCAGTGCCTTGA,0,3593875
tisBp,0.2,4,4,AACTTACGAGTACTTTACAT,0,3571357
tisBp,0.2,4,4,AACGGATAGGATAGATGGAC,0,3586420
tisBp,0.2,4,4,AACGGAACAGACTATATTCT,0,3589585
tisBp,0.2,4,4,AACGCCAGAAGAATACCGTC,0,3588552
tisBp,0.2,4,4,AACGCAGCATCTGCACCTTA,0,3545980
tisBp,0.2,4,4,AACCTTGTATTAGCAGGGAT,0,3556585
tisBp,0.2,4,4,AACCTCAAGCAGGCCGCTCA,0,3576400
tisBp,0.2,4,4,AACCCCGAGGTTTCAGCCTT,0,3584660
tisBp,0.2,4,4,AACATGGTTATAATTGCGCT,0,3564500
tisBp,0.2,4,4,AACAGTTCAACCCCTTATGT,0,3581504
tisBp,0.2,4,4,AACAGCTTGGTTCAGTCTTA,0,3549144
tisBp,0.2,4,4,AACACTGAGTGGGTCCTAGG,0,3583232
tisBp,0.2,4,4,AACACTATGGACTCGACGAA,0,3592153
tisBp,0.2,4,4,AACACGCCGCAAACGGTATC,0,3588895
tisBp,0.2,4,4,AACACCAATCGCCCCCAGTC,0,3601040
tisBp,0.2,4,4,AACACAGGCTCATACAGTGG,0,3580775
tisBp,0.2,4,4,AACAACGGAGGCCCATGATA,0,3559047
tisBp,0.2,4,4,AAATTGCACTGCCCGTCGGA,0,3583537
tisBp,0.2,4,4,AAATGGGGCGTGGAAGGGGA,0,3594374
tisBp,0.2,4,4,AAATGGGCGAGGACGCTAGA,0,3553432
tisBp,0.2,4,4,AAATGCGGTCCTACAATGGT,0,3597626
tisBp,0.2,4,4,AAATGAGTGCAATACTCCGT,0,3590835
tisBp,0.2,4,4,AAATATCCCACCGGCTGGGT,0,3555221
tisBp,0.2,4,4,AAATATACTTAGAGTCGGGT,0,3568615
tisBp,0.2,4,4,AAAGTCCCATCGTAGTGTAC,0,3569044
tisBp,0.2,4,4,AAAGTAACACAAGATTCGTA,0,3569426
tisBp,0.2,4,4,AAAGGAACAGAAATGCAAGA,0,3586750
tisBp,0.2,4,4,AAAGCCACGCGCGAACCTCG,0,3567023
tisBp,0.2,4,4,AAAGAGCTTATAATATAGGA,0,3543891
tisBp,0.2,4,4,AAAGAACACACTTGGACTAC,0,3593762
tisBp,0.2,4,4,AAACTTAGTTACGCTTGGCC,0,3575589
tisBp,0.2,4,4,AAACGCGGATACTTTGTAAA,0,3576216
tisBp,0.2,4,4,AAACCCTTGCCTTCGCTCGG,0,3542265
tisBp,0.2,4,4,AAACATGGAGAGTGAGTATT,0,3592782
tisBp,0.2,4,4,AAAATTCGCAGTCGCCTTTT,0,3555029
tisBp,0.2,4,4,AAAATGCTTGTAATGGGCAG,0,3568980
tisBp,0.2,4,4,AAAAGCGCAATCCTAGGGCA,0,3597738
tisBp,0.2,4,4,AAAAGCCGCGTGTTTCGGCT,0,3589305
tisBp,0.2,4,4,AAAACTATAGCTGGTGAATG,0,3556916
tisBp,0.2,4,4,AAAAAGTGCCACCCAATCGC,0,3572492
tisBp,0.2,4,4,AAAAAAGGGCGCGCCGATAG,0,3552882
tisBp,0.25,3,3,TTTTTTACGCTATTGGCACA,0,3597678
tisBp,0.25,3,3,TTTTTAAACTTGCCCCAAAA,0,3568657
tisBp,0.25,3,3,TTTTGGAGGGAAGGCGGGGT,0,3575692
tisBp,0.25,3,3,TTTTGGACTTTTATACTCTT,0,3558999
tisBp,0.25,3,3,TTTGTTACCGCTGGGTGAGA,0,3548961
tisBp,0.25,3,3,TTTGTGAATAGAGACGTGAT,0,3572090
tisBp,0.25,3,3,TTTGTCCAGTAAAGGAGTCA,0,3546256
tisBp,0.25,3,3,TTTGCTCACGACGGACACAG,0,3543892
tisBp,0.25,3,3,TTTGCGTTGTCCATCGCGGG,0,3575920
tisBp,0.25,3,3,TTTGCACAAACGGTCTTTTA,0,3561685
tisBp,0.25,3,3,TTTGATTTGGTTATCGAATG,0,3592737
tisBp,0.25,3,3,TTTGATTCCAGTCCTGCAAT,0,3542268
tisBp,0.25,3,3,TTTGATCGCTAGTCCGCAGT,0,3569983
tisBp,0.25,3,3,TTTGAAGCAGATGGTTTCTC,0,3545527
tisBp,0.25,3,3,TTTCTTGTAGTTGGGTCTAT,0,3563444
tisBp,0.25,3,3,TTTCTGCATCTACACACGGC,0,3548344
tisBp,0.25,3,3,TTTCTGAGCGCACAATGGGA,0,3554399
tisBp,0.25,3,3,TTTCTAGAGCAACTGCTTGA,0,3569764
tisBp,0.25,3,3,TTTCGTAGTTCGAGTCTACT,0,3570841
tisBp,0.25,3,3,TTTCCGCTTGGCCTCATTTC,0,3573640
tisBp,0.25,3,3,TTTCCGCCCTAGACTTTAAA,0,3560609
tisBp,0.25,3,3,TTTCCCACGGCAACGGCGGA,0,3576485
tisBp,0.25,3,3,TTTCAGTTATGCGCACCTGT,0,3547915
tisBp,0.25,3,3,TTTCAGCGAGTCCGCTTCGG,0,3572590
tisBp,0.25,3,3,TTTCAATTCGTATCCGACCC,0,3587193
tisBp,0.25,3,3,TTTCAAGACCTGCACCTCAA,0,3562575
tisBp,0.25,3,3,TTTATCGTCTGCGTTCTAAG,0,3590105
tisBp,0.25,3,3,TTTATCATGTTGGGGACACA,0,3602047
tisBp,0.25,3,3,TTTATCACACATCACTCAGC,0,3569063
tisBp,0.25,3,3,TTTATATAACTCCAAACTTC,0,3548257
tisBp,0.25,3,3,TTTAGTGGTAGAGCCAAAGT,0,3571829
tisBp,0.25,3,3,TTTAGTCCGGTAGCAATCTC,0,3555777
tisBp,0.25,3,3,TTTAATGAGAGCCTAGAGTG,0,3555066
tisBp,0.25,3,3,TTGTTTTGTCATTATTGTTT,0,3571814
tisBp,0.25,3,3,TTGTTAATTCAAGCTTTTAA,0,3587472
tisBp,0.25,3,3,TTGTGGCTATGTGAAATGAC,0,3572241
tisBp,0.25,3,3,TTGTGAAAACGTAGGTGGCC,0,3554355
tisBp,0.25,3,3,TTGTCGCTGGAGGATAGCCG,0,3569132
tisBp,0.25,3,3,TTGTCCTACCCAAGGCCTGT,0,3568103
tisBp,0.25,3,3,TTGTCATCCGAGAACTTAGA,0,3554051
tisBp,0.25,3,3,TTGTCACCCGGTATATAGGA,0,3601730
tisBp,0.25,3,3,TTGTATCCCTGCTATGCGTC,0,3573216
tisBp,0.25,3,3,TTGTATAGTTTTTTTAGACA,0,3590659
tisBp,0.25,3,3,TTGTATACTTCCAAGCGTCA,0,3570698
tisBp,0.25,3,3,TTGTAACCTAGATCCTGGCA,0,3573462
tisBp,0.25,3,3,TTGGTTAATCTGTTCAACCA,0,3595099
tisBp,0.25,3,3,TTGGGCCTGCAATGGGTTAC,0,3598932
tisBp,0.25,3,3,TTGGCCAATTATCATAATCA,0,3570542
tisBp,0.25,3,3,TTGCTGTAACCGGCTCGGGT,0,3557344
tisBp,0.25,3,3,TTGCTGGTATTAGATCAGGT,0,3555404
tisBp,0.25,3,3,TTGCGTGAGTCAACGGGTCC,0,3602615
tisBp,0.25,3,3,TTGATTCAAGTTTGTACAGG,0,3594706
tisBp,0.25,3,3,TTGATTAGTCCCTGAAACGA,0,3548855
tisBp,0.25,3,3,TTGATGTCTAGCTGAAAGAT,0,3592175
tisBp,0.25,3,3,TTGATACAACCATAAGTTTA,0,3579819
tisBp,0.25,3,3,TTGAGCTGTAATGAGAACGA,0,3553741
tisBp,0.25,3,3,TTGAGAATTGCGTCAGCCAA,0,3546095
tisBp,0.25,3,3,TTGACGAATGGGCGAAAAAG,0,3582077
tisBp,0.25,3,3,TTCTTTGATCGCGCATTAGG,0,3555482
tisBp,0.25,3,3,TTCTTTCTCTTCTAAGCGTT,0,3571180
tisBp,0.25,3,3,TTCTCGTACCAGCACACAAT,0,3553540
tisBp,0.25,3,3,TTCGTACCCATTCGACATTA,0,3577188
tisBp,0.25,3,3,TTCGCAACCAAAATGGATTG,0,3543498
tisBp,0.25,3,3,TTCCTGTGCATCTCGGTACA,0,3559298
tisBp,0.25,3,3,TTCCTACCAGGCTGCAAAAT,0,3563191
tisBp,0.25,3,3,TTCCCTACCAAGAGTTGGCT,0,3574982
tisBp,0.25,3,3,TTCCATGGGAACCCTTTTCG,0,3591800
tisBp,0.25,3,3,TTCCAAATTCGCAAAACGGT,0,3603119
tisBp,0.25,3,3,TTCATGGCCCTAGCTGTAGG,0,3546623
tisBp,0.25,3,3,TTCAGCGAGAGCGAGCCTTG,0,3575789
tisBp,0.25,3,3,TTCACACACCGTGCAGATGG,0,3571006
tisBp,0.25,3,3,TTCAAACCCCTGTCTGCCGA,0,3582771
tisBp,0.25,3,3,TTATTGACGGAGCTTACTGC,0,3603464
tisBp,0.25,3,3,TTATTCACTGTAGTAAAGGT,0,3576983
tisBp,0.25,3,3,TTATCTTCCGGTAGTTTTGG,0,3551705
tisBp,0.25,3,3,TTATCCGTAATAGCCTGTGT,0,3588576
tisBp,0.25,3,3,TTATCAGTTCCCTCAGTCCG,0,3561112
tisBp,0.25,3,3,TTATATGTCAGTTGTCAGTT,0,3555420
tisBp,0.25,3,3,TTATAGGAATCGTCTGTCAA,0,3572303
tisBp,0.25,3,3,TTATAAGCTCCGCCGGTAGT,0,3546042
tisBp,0.25,3,3,TTAGTACGTTCATGTGTTCA,0,3589454
tisBp,0.25,3,3,TTAGCTGGGATTTGACCATC,0,3561240
tisBp,0.25,3,3,TTAGCGGAGTCAATACTTGG,0,3580333
tisBp,0.25,3,3,TTAGAGTTCCAGAACCGCAC,0,3556715
tisBp,0.25,3,3,TTAGAGCCTTCTAATGATAT,0,3598935
tisBp,0.25,3,3,TTACTTCCGCGCGACGTCGC,0,3551740
tisBp,0.25,3,3,TTACGAAGTGCGCCCCTCGT,0,3598169
tisBp,0.25,3,3,TTACCCCACGCATCTCCAAA,0,3574313
tisBp,0.25,3,3,TTACAGCTCATGCGAATTAT,0,3566057
tisBp,0.25,3,3,TTACACTGGTGTGTATCAAG,0,3553613
tisBp,0.25,3,3,TTACACTCCCCTCCCGCTAC,0,3578913
tisBp,0.25,3,3,TTACAAATTAGATAGGTCCA,0,3593996
tisBp,0.25,3,3,TTACAAACTGATGCATGTTG,0,3579706
tisBp,0.25,3,3,TTAATTCGCGTCCAAGTGCG,0,3599783
tisBp,0.25,3,3,TTAAGGACGTCTGAGTACTC,0,3567788
tisBp,0.25,3,3,TTAAGATTGCGCATCCGGGA,0,3591743
tisBp,0.25,3,3,TGTTTCGTTATTCTATGTGG,0,3602453
tisBp,0.25,3,3,TGTTGTAGGCATCAGGTTAA,0,3557229
tisBp,0.25,3,3,TGTTCGCCTCAATCTCTCTC,0,3559006
tisBp,0.25,3,3,TGTTAGAATCGGGTGTCTTT,0,3583999
tisBp,0.25,3,3,TGTGTGGACTCTTCTTTCTT,0,3597883
tisBp,0.25,3,3,TGTGTGCGCGTAAGACTGAA,0,3581355
tisBp,0.25,3,3,TGTGTACTTTTGAACACGAA,0,3587969
tisBp,0.25,3,3,TGTGGCGAATGAAACCACCT,0,3578718
tisBp,0.25,3,3,TGTGAGGCCAGTTAGTCGAT,0,3557039
tisBp,0.25,3,3,TGTGAAAAATGTACGTTCCT,0,3541562
tisBp,0.25,3,3,TGTCTCCGGCGATATGCAAG,0,3546905
tisBp,0.25,3,3,TGTCATTAGGTGTTATTCTG,0,3589983
tisBp,0.25,3,3,TGTCAAAGGGTAGTCATTTT,0,3554172
tisBp,0.25,3,3,TGTACCCGTTGAACTTTGAG,0,3562060
tisBp,0.25,3,3,TGGTTTTCCAAGGTATTGCA,0,3571936
tisBp,0.25,3,3,TGGTGTCAGCCACACGGTAA,0,3544572
tisBp,0.25,3,3,TGGTGCACTGCTCGGGATGC,0,3567175
tisBp,0.25,3,3,TGGTGAGTACATTCCGGCAA,0,3547046
tisBp,0.25,3,3,TGGTGAAGCTCGTCGGTTGG,0,3597736
tisBp,0.25,3,3,TGGTCTTGACCAAGAAAATA,0,3547255
tisBp,0.25,3,3,TGGTATAGGTAAGCGCTTGA,0,3554566
tisBp,0.25,3,3,TGGGAAGTTCACTAATTGTG,0,3549451
tisBp,0.25,3,3,TGGGAACGTTTTAACAATAC,0,3572936
tisBp,0.25,3,3,TGGCTTTCTCCCAGTGGTAC,0,3600949
tisBp,0.25,3,3,TGGCTTATCAAGTCTTCGAT,0,3552533
tisBp,0.25,3,3,TGGCTCCCGATCGTTCTCCT,0,3564289
tisBp,0.25,3,3,TGGCGGTTAATTATGAGCTA,0,3562684
tisBp,0.25,3,3,TGGCGATTCGACTGTATTGG,0,3593302
tisBp,0.25,3,3,TGGCGAGGCCGGTCACCACC,0,3562097
tisBp,0.25,3,3,TGGCCTAGGGGGCATCCGGT,0,3590619
tisBp,0.25,3,3,TGGCATGCCTAACTGAGCAA,0,3557947
tisBp,0.25,3,3,TGGCATAAGAACCTGGCGGG,0,3602617
tisBp,0.25,3,3,TGGCACGGTCCAACGCCTAT,0,3599125
tisBp,0.25,3,3,TGGATTAGCTGGCTCTCGTA,0,3590307
tisBp,0.25,3,3,TGGATGACTGCACTCAGGAT,0,3576841
tisBp,0.25,3,3,TGGATCTTGGGTGCCTATAA,0,3571026
tisBp,0.25,3,3,TGGAGTTTGTGATTCATTTA,0,3586052
tisBp,0.25,3,3,TGGACGTGAAGTTCCCTATT,0,3544185
tisBp,0.25,3,3,TGCTTCACAGGTATGAGGGT,0,3566222
tisBp,0.25,3,3,TGCTTATCCATTCGAAACCT,0,3557232
tisBp,0.25,3,3,TGCTGATACTCAGTAAGGTC,0,3548013
tisBp,0.25,3,3,TGCTCAGGTCAAAGCAACTG,0,3601949
tisBp,0.25,3,3,TGCTAGATGTCGGTCACCAC,0,3576893
tisBp,0.25,3,3,TGCTAAGGTCTTACTCATCG,0,3572112
tisBp,0.25,3,3,TGCGTGTAAATGATTCATCA,0,3567563
tisBp,0.25,3,3,TGCGGGTTTACGTAGCTGTA,0,3602294
tisBp,0.25,3,3,TGCGCTGAAAGTAGACGTAG,0,3602417
tisBp,0.25,3,3,TGCGCGTTCAACCACGTTCT,0,3570615
tisBp,0.25,3,3,TGCGACAGGTGAAACAAACA,0,3579770
tisBp,0.25,3,3,TGCCTTCGAAACGGTTCAGT,0,3558213
tisBp,0.25,3,3,TGCCACTGTCAGGCCACTGA,0,3566111
tisBp,0.25,3,3,TGCATACGACCAGGTCCTGT,0,3588983
tisBp,0.25,3,3,TGCAGTTCGGAAAACGGCGC,0,3592811
tisBp,0.25,3,3,TGCAGAAGAGAATGTATTCC,0,3571331
tisBp,0.25,3,3,TGCACCAGAGAGGGACAGTC,0,3581607
tisBp,0.25,3,3,TGATTGGCCGCCGACTCCAA,0,3551563
tisBp,0.25,3,3,TGATTATGAGTGATTGGCCC,0,3589685
tisBp,0.25,3,3,TGATGGTAGACATGACTAGG,0,3591478
tisBp,0.25,3,3,TGATGGACAACGAAGCGGGT,0,3548856
tisBp,0.25,3,3,TGATCTGTCAGGAAGCGCGA,0,3574490
tisBp,0.25,3,3,TGAGTATGCTCTTACATAGA,0,3599569
tisBp,0.25,3,3,TGAGGTTCGCGCGTGATGAC,0,3581849
tisBp,0.25,3,3,TGAGGCTGCTCGATGATTAG,0,3544292
tisBp,0.25,3,3,TGAGACAGGTGCGCATGGAG,0,3584638
tisBp,0.25,3,3,TGACGTCTCGACAGTGGCTA,0,3551849
tisBp,0.25,3,3,TGACCATCGCGTTCCCTGGG,0,3556248
tisBp,0.25,3,3,TGACATGTATCCGCGATGCT,0,3566442
tisBp,0.25,3,3,TGACATCCCATTCTCCCGCA,0,3585096
tisBp,0.25,3,3,TGACACCTGCGTTAGGTCTA,0,3588158
tisBp,0.25,3,3,TGACACATTTAATCTGTAGT,0,3572126
tisBp,0.25,3,3,TGAAGATCTACAGACCCAAC,0,3581447
tisBp,0.25,3,3,TGAACGTGTTAAGACGTAGT,0,3570939
tisBp,0.25,3,3,TGAAATACCTCGGGATGTGT,0,3559486
tisBp,0.25,3,3,TGAAAGTTAGGCCCGAGTAA,0,3597633
tisBp,0.25,3,3,TGAAACCCGGGGTACGTTGT,0,3545362
tisBp,0.25,3,3,TCTTTAATGGGGCGTCTAAT,0,3564192
tisBp,0.25,3,3,TCTTGCATAACTCAACGCGG,0,3583207
tisBp,0.25,3,3,TCTTAGGCGATTTGATTCAC,0,3551976
tisBp,0.25,3,3,TCTGTTGTGCAATCTAAGGA,0,3589396
tisBp,0.25,3,3,TCTGTAGGCTTATCGGTGCA,0,3566004
tisBp,0.25,3,3,TCTGGTAAAGTTTGATACTC,0,3567789
tisBp,0.25,3,3,TCTGGGGTGCCAAGTAGCTA,0,3563113
tisBp,0.25,3,3,TCTGGCTCTCATGAGGGCTA,0,3590109
tisBp,0.25,3,3,TCTGGCTCGAACGTCAAGCA,0,3595074
tisBp,0.25,3,3,TCTGATCTCTGTGGTAGGGT,0,3578934
tisBp,0.25,3,3,TCTGAGTAAGGGGCACTTAG,0,3541918
tisBp,0.25,3,3,TCTGAACGACGGGCCTGGGA,0,3543649
tisBp,0.25,3,3,TCTCTAGATCATAGAGCGCA,0,3598520
tisBp,0.25,3,3,TCTATTTTTTTTGTATCGAG,0,3544364
tisBp,0.25,3,3,TCTATTTTGTCGCCGACACA,0,3545358
tisBp,0.25,3,3,TCTAGGGCATTAATCCTATT,0,3575325
tisBp,0.25,3,3,TCTACGGCGGAGGCCAGACC,0,3557135
tisBp,0.25,3,3,TCTACAGCGGATTCCAAAAA,0,3580381
tisBp,0.25,3,3,TCTAAGGTGTGTACTGAGAG,0,3560024
tisBp,0.25,3,3,TCGTTGTGAGGCCGTCTGTA,0,3548616
tisBp,0.25,3,3,TCGTTCCGAGCTGGTGGGGT,0,3549922
tisBp,0.25,3,3,TCGTGCCAGGCAACAATCAT,0,3549842
tisBp,0.25,3,3,TCGTCTCTTCGGTTATCTCC,0,3548486
tisBp,0.25,3,3,TCGTCGCCAGATTCGCAGCA,0,3575227
tisBp,0.25,3,3,TCGTATACGGGCGACTATTA,0,3569347
tisBp,0.25,3,3,TCGTAGTCGGGACTTGCATA,0,3594019
tisBp,0.25,3,3,TCGGTTATGGCCTAAGCATG,0,3596101
tisBp,0.25,3,3,TCGGTCGCTTCGACAGTGGG,0,3566188
tisBp,0.25,3,3,TCGGGTTTGTCTTTTAATCT,0,3555586
tisBp,0.25,3,3,TCGCTAGAGTGAGACAAGGT,0,3590324
tisBp,0.25,3,3,TCGCGGGAATCGACCCCTCA,0,3558504
tisBp,0.25,3,3,TCGCGCGCAGGGAAGCTCGA,0,3591799
tisBp,0.25,3,3,TCGCGCAGAGCTAAGCGAAA,0,3579989
tisBp,0.25,3,3,TCGCCCGGTTCGGCAGACAA,0,3550926
tisBp,0.25,3,3,TCGCATTCCATACAGCCCAT,0,3574285
tisBp,0.25,3,3,TCGCATGAGCAGGAGGGCGT,0,3556614
tisBp,0.25,3,3,TCGCAAGAGCTACGTGTAAG,0,3574750
tisBp,0.25,3,3,TCGATCCGCCGGCAGATCGC,0,3578707
tisBp,0.25,3,3,TCGAGTTCCGAAAGTGGACG,0,3556412
tisBp,0.25,3,3,TCGACAGCATAGACGCATGT,0,3553742
tisBp,0.25,3,3,TCGAACTCCTCGCGTGTCAT,0,3557960
tisBp,0.25,3,3,TCCTTGGGTTAACGCGCCTT,0,3588834
tisBp,0.25,3,3,TCCTTGGGAATGAGTAACTC,0,3567302
tisBp,0.25,3,3,TCCTTGAAATCGTCTTTCTT,0,3571164
tisBp,0.25,3,3,TCCTGGAGCCAATGCTGTTC,0,3603602
tisBp,0.25,3,3,TCCTGATCTTTTGAGCAAAA,0,3594166
tisBp,0.25,3,3,TCCTGAATTCCACCTGGGGT,0,3592699
tisBp,0.25,3,3,TCCTCTTATGGTCACGGCAT,0,3593151
tisBp,0.25,3,3,TCCTCCTAGAACTTCAACCA,0,3587042
tisBp,0.25,3,3,TCCTCCGATCTACCCCGAGG,0,3600809
tisBp,0.25,3,3,TCCTATCCCTCGGAGCTCCC,0,3560685
tisBp,0.25,3,3,TCCTAACATGAAGCGTGCGT,0,3574232
tisBp,0.25,3,3,TCCGAGCAGGCACCCTTTTC,0,3553888
tisBp,0.25,3,3,TCCGAGATGCCTATGGGGGT,0,3561278
tisBp,0.25,3,3,TCCGAACCCAATGGGGTTAT,0,3546811
tisBp,0.25,3,3,TCCCGTTCTACGTGACAATA,0,3583396
tisBp,0.25,3,3,TCCCGTAGGAAACAACACTT,0,3562522
tisBp,0.25,3,3,TCCCGGTATCGGAGGAGCCA,0,3555123
tisBp,0.25,3,3,TCCCGACCCTAGCGGGACGA,0,3544074
tisBp,0.25,3,3,TCCCAGCTGGCAATACAGAC,0,3593757
tisBp,0.25,3,3,TCCCACTTTCTCTGGTTCGA,0,3603565
tisBp,0.25,3,3,TCCATTCTATTTAACCGTCA,0,3561264
tisBp,0.25,3,3,TCCATGACCGAGCCAACTCT,0,3568445
tisBp,0.25,3,3,TCCATCACTGACCTATGTTC,0,3580428
tisBp,0.25,3,3,TCCACGCCAGTCTTGCGGTC,0,3543000
tisBp,0.25,3,3,TCCAATTTTAACTTTAACCA,0,3590764
tisBp,0.25,3,3,TCCAACTTGTGCTCGGAATG,0,3542955
tisBp,0.25,3,3,TCATTCCACGGTTCTGGACT,0,3602952
tisBp,0.25,3,3,TCATTATCTATGGGAACGAC,0,3558046
tisBp,0.25,3,3,TCAGTGATCTCATTGAGGAC,0,3588144
tisBp,0.25,3,3,TCAGGGCTTAAATAATCCAG,0,3585550
tisBp,0.25,3,3,TCACGTATTGCCCGCGCAAA,0,3583008
tisBp,0.25,3,3,TCACCACTTGAACTTCTCAC,0,3553658
tisBp,0.25,3,3,TCACAGGACGTTGTGCTGAA,0,3562889
tisBp,0.25,3,3,TCAATGTGATGCCCAGCACG,0,3544353
tisBp,0.25,3,3,TCAATGGTGCTCCACCCAAT,0,3569394
tisBp,0.25,3,3,TCAATGACCCCCGTCTTAAC,0,3557485
tisBp,0.25,3,3,TCAAGTGCAGGACTTATTTA,0,3542857
tisBp,0.25,3,3,TCAAAAACGGAAAGCTCCCG,0,3561566
tisBp,0.25,3,3,TATTTGGACAACCCTCTCTC,0,3545630
tisBp,0.25,3,3,TATTTAAGATTGCTGTAACT,0,3551071
tisBp,0.25,3,3,TATTGCGGTTAACTATCGCG,0,3573750
tisBp,0.25,3,3,TATTGAGTGGGAGCGCGAGC,0,3550786
tisBp,0.25,3,3,TATTAGGAATTATGTCCGCA,0,3581243
tisBp,0.25,3,3,TATTAACGTTACATCACGGC,0,3570734
tisBp,0.25,3,3,TATGTGAGGTAAGAGGGACG,0,3576437
tisBp,0.25,3,3,TATGGCAATCCCATGACCAA,0,3596353
tisBp,0.25,3,3,TATGCTTGAATATAGCGATT,0,3582300
tisBp,0.25,3,3,TATGCCAAGTAACGTACTCT,0,3563368
tisBp,0.25,3,3,TATGAGGCCCGACGACTAAC,0,3557533
tisBp,0.25,3,3,TATCTTCCTGGGCATACGGG,0,3548775
tisBp,0.25,3,3,TATCGATGCTAAACCATCTG,0,3551764
tisBp,0.25,3,3,TATCCTGGGTGCGTTGCGTG,0,3542018
tisBp,0.25,3,3,TATACTGTGCACTTAGTCTG,0,3580026
tisBp,0.25,3,3,TATACGCGCTTTGTCTCTTT,0,3546414
tisBp,0.25,3,3,TATACCGGCGCAATATTCCA,0,3595911
tisBp,0.25,3,3,TATAAATCTAGAGATCCTTG,0,3566799
tisBp,0.25,3,3,TAGTTGGCAATTCTTTGTTC,0,3596000
tisBp,0.25,3,3,TAGTGTCGCTCTGCCAGCAT,0,3562526
tisBp,0.25,3,3,TAGTAATTTACCCTTCCAAG,0,3545164
tisBp,0.25,3,3,TAGGTGCCACGAATTTCTAT,0,3562219
tisBp,0.25,3,3,TAGGGTTTTTGACTTCAACC,0,3566849
tisBp,0.25,3,3,TAGGGTCTTCTGCTTCATGT,0,3584102
tisBp,0.25,3,3,TAGGGGCTTGCAGGAAGTTA,0,3556942
tisBp,0.25,3,3,TAGGGAGGGTCCATGTAGAC,0,3589841
tisBp,0.25,3,3,TAGGCTACGTTGAGCCTATC,0,3543796
tisBp,0.25,3,3,TAGGCTAAGGCTTTCGAATG,0,3544935
tisBp,0.25,3,3,TAGGCGGGGAGCTTTTTACT,0,3566735
tisBp,0.25,3,3,TAGGCCTGCGGACACGGAAT,0,3581298
tisBp,0.25,3,3,TAGGACCTCTGTCGTTTACT,0,3588240
tisBp,0.25,3,3,TAGCTTTATCTCACGTATTC,0,3600722
tisBp,0.25,3,3,TAGCCGGCGTTAGGGTCTAG,0,3548894
tisBp,0.25,3,3,TAGCCGGCATGACGTCAATT,0,3599850
tisBp,0.25,3,3,TAGCCCGGGAAAGGACAGGT,0,3545036
tisBp,0.25,3,3,TAGCAGTTCGCCATTTCACG,0,3581690
tisBp,0.25,3,3,TAGATTGTCCCGCAGAAGAG,0,3558905
tisBp,0.25,3,3,TAGATTCTCGACCTGCGGAG,0,3577767
tisBp,0.25,3,3,TAGATACGACCGATGCCGAA,0,3576605
tisBp,0.25,3,3,TAGAGTTAGCAAGCCGGATG,0,3601468
tisBp,0.25,3,3,TAGAGCTCGTACTACACGTA,0,3589492
tisBp,0.25,3,3,TAGAGCCGCAACATTGCTGT,0,3580387
tisBp,0.25,3,3,TAGAATCAGTTCATCCCTTA,0,3592442
tisBp,0.25,3,3,TAGAACCCTTTCGGACGATT,0,3592720
tisBp,0.25,3,3,TAGAACATCAGGGCGGTATG,0,3551336
tisBp,0.25,3,3,TAGAAACCGGGCAGTACATT,0,3565471
tisBp,0.25,3,3,TACTTTGGCTAGACGACTCC,0,3598573
tisBp,0.25,3,3,TACTTGATCCCTACTCAGTC,0,3563538
tisBp,0.25,3,3,TACTTCAATGGGGCTAAAAA,0,3544255
tisBp,0.25,3,3,TACTCCGGTCGTGACGCCAG,0,3584245
tisBp,0.25,3,3,TACTATGCGAATGTGGGTCC,0,3547761
tisBp,0.25,3,3,TACTAACAATCGGCCCTGGA,0,3549854
tisBp,0.25,3,3,TACGTTAACAACATCCCTCA,0,3585917
tisBp,0.25,3,3,TACGTGGTACGATCAAATGT,0,3586138
tisBp,0.25,3,3,TACGTGGCGCATCTGTCCGT,0,3546253
tisBp,0.25,3,3,TACGTGCGCGAATGCAGAAC,0,3595336
tisBp,0.25,3,3,TACGGCGTCGCGCGATGTGC,0,3563027
tisBp,0.25,3,3,TACGCCACATCCTGTCTAGG,0,3588509
tisBp,0.25,3,3,TACCTTTTGTAACCGGTGTC,0,3553182
tisBp,0.25,3,3,TACCGTGCTTATCGGGGCAT,0,3582577
tisBp,0.25,3,3,TACCGGCGAGGCCCGAATCA,0,3541653
tisBp,0.25,3,3,TACCGCTAATACACCGTGGT,0,3593846
tisBp,0.25,3,3,TACCGCCTTTTATATGCGCT,0,3541933
tisBp,0.25,3,3,TACCCGAGCCAATGAAGATA,0,3552197
tisBp,0.25,3,3,TACAGCTCAGATGGACGACT,0,3555304
tisBp,0.25,3,3,TACACCATGCGCCATTCCCC,0,3557956
tisBp,0.25,3,3,TACAAGTAACCACTTATCCC,0,3599497
tisBp,0.25,3,3,TAATTTGTCCGCAGCGACAT,0,3597182
tisBp,0.25,3,3,TAATTTGCTGGCCATGTAGA,0,3546030
tisBp,0.25,3,3,TAATTGTAACAATTTTTACT,0,3579092
tisBp,0.25,3,3,TAATTAGTCTAACTACCTCA,0,3578049
tisBp,0.25,3,3,TAATGTTGACAATACCACTC,0,3553707
tisBp,0.25,3,3,TAATGGTCGAGGTTCCCACC,0,3586376
tisBp,0.25,3,3,TAATCGGACTCCGGTATCGC,0,3558173
tisBp,0.25,3,3,TAATCCATACGGACTTACTT,0,3587556
tisBp,0.25,3,3,TAAGTGCTTGTATCAATAGT,0,3577238
tisBp,0.25,3,3,TAAGCTGGCTCGGATTTAAG,0,3574482
tisBp,0.25,3,3,TAAGCTCCACAAATTAGCAA,0,3587524
tisBp,0.25,3,3,TAAGCGTCTTGTTGTAGCAA,0,3588187
tisBp,0.25,3,3,TAAGCGCGCTAACGATGCTA,0,3552828
tisBp,0.25,3,3,TAACTCAGGCGGTTCAGTTA,0,3580626
tisBp,0.25,3,3,TAACAGGTCGTCTCAACGGA,0,3573464
tisBp,0.25,3,3,TAACAGAACCTATCTTGTTA,0,3572127
tisBp,0.25,3,3,TAACACACGGGCTCGGTGCT,0,3556443
tisBp,0.25,3,3,TAAATATGGCTGCCGGCATT,0,3543369
tisBp,0.25,3,3,TAAATACACTTAGAATGGGT,0,3541743
tisBp,0.25,3,3,TAAAACCTCTCGCGTGCATA,0,3588710
tisBp,0.25,3,3,TAAAAAATACGCAACGTGTG,0,3599650
tisBp,0.25,3,3,GTTTTGTAAGCCGTTACGGC,0,3563769
tisBp,0.25,3,3,GTTTTGCGATTTAAGCGATA,0,3595271
tisBp,0.25,3,3,GTTTGCGACGGGGGAAACAG,0,3601209
tisBp,0.25,3,3,GTTTGCAGCTCGGCAATCCA,0,3594919
tisBp,0.25,3,3,GTTTCTAGTGGCCTGTTAGT,0,3550324
tisBp,0.25,3,3,GTTTCAGGGTATAGTTCATG,0,3544409
tisBp,0.25,3,3,GTTGTCCGCCAGTAATCTGA,0,3570400
tisBp,0.25,3,3,GTTGGCCAAAAATGTATCCA,0,3592019
tisBp,0.25,3,3,GTTGCGACCACATAAATACT,0,3558715
tisBp,0.25,3,3,GTTGCATGGTGGCCTGCTAT,0,3586227
tisBp,0.25,3,3,GTTGACTAGGAGGACACGTC,0,3600281
tisBp,0.25,3,3,GTTGACATGCAGACCCTCGG,0,3591346
tisBp,0.25,3,3,GTTGAAACCGGCTCGTTAGT,0,3591146
tisBp,0.25,3,3,GTTCTATATTTAGAGGTTCG,0,3550384
tisBp,0.25,3,3,GTTCCACCCCTTGATTCAAT,0,3561006
tisBp,0.25,3,3,GTTCCAAGCATCTTTGGTCA,0,3603311
tisBp,0.25,3,3,GTTATTTGGCCCACGGACGA,0,3559872
tisBp,0.25,3,3,GTTACTATCCAGTAGTTTTC,0,3573050
tisBp,0.25,3,3,GTTAAAGCAGTCTTGCGGCG,0,3590503
tisBp,0.25,3,3,GTGTTCTCCTGTAAGGGTCT,0,3580634
tisBp,0.25,3,3,GTGTTACTTCGCGTAATTCT,0,3578909
tisBp,0.25,3,3,GTGTCGCGAGGAATGTCCGG,0,3550506
tisBp,0.25,3,3,GTGTCAACCAACGTGCGGTC,0,3546024
tisBp,0.25,3,3,GTGGTTCGCGCTCTAAGAAT,0,3546033
tisBp,0.25,3,3,GTGGTAGTTTACGGGGACAG,0,3560864
tisBp,0.25,3,3,GTGGGTCACGGAGACGGCCG,0,3560691
tisBp,0.25,3,3,GTGGCGCCTCGGATCCCGTT,0,3567764
tisBp,0.25,3,3,GTGGCCGTCTCCCGGATGAC,0,3551338
tisBp,0.25,3,3,GTGGCATCCAGGCTGGAAAA,0,3560710
tisBp,0.25,3,3,GTGGACTTCAACTGCTCCAT,0,3571466
tisBp,0.25,3,3,GTGGAACCAGCGTGCGGTGT,0,3544964
tisBp,0.25,3,3,GTGGAACAGGCAGTGACTCG,0,3576237
tisBp,0.25,3,3,GTGCTGCACCGCAACTGCCC,0,3590169
tisBp,0.25,3,3,GTGCGTTCAAGCGTAATAAT,0,3554571
tisBp,0.25,3,3,GTGCGGGGGCGGCGACTGAT,0,3563536
tisBp,0.25,3,3,GTGCGATGTGAATAATGACG,0,3545510
tisBp,0.25,3,3,GTGCCGCGTCGGGTCCAATT,0,3598700
tisBp,0.25,3,3,GTGCCACGCGTGAACGAGTG,0,3574547
tisBp,0.25,3,3,GTGCATCTTGGCGGACAACT,0,3565673
tisBp,0.25,3,3,GTGCAGCCTATTTCACTAGG,0,3555917
tisBp,0.25,3,3,GTGATATCTAGCCGATATGC,0,3559564
tisBp,0.25,3,3,GTGAGTTGCCGTCCTAACGA,0,3598777
tisBp,0.25,3,3,GTGAGGACCCTTTAACGGCC,0,3576219
tisBp,0.25,3,3,GTGACGGACGTACGCTTATC,0,3580136
tisBp,0.25,3,3,GTGACCGTTGGAATAGCGCT,0,3588717
tisBp,0.25,3,3,GTCTTGCTGCGGTCCATAGC,0,3553610
tisBp,0.25,3,3,GTCTTCATTTTGGCCCCCGA,0,3595218
tisBp,0.25,3,3,GTCTTCATCTGAAGCACGCA,0,3594755
tisBp,0.25,3,3,GTCTTATCAGCCGTGGTGGT,0,3564209
tisBp,0.25,3,3,GTCTCTCGGATCGACTAATC,0,3577378
tisBp,0.25,3,3,GTCTCGGGGTAAAAAGTCCC,0,3550049
tisBp,0.25,3,3,GTCTAGAGGGGAGCAGGAAA,0,3555652
tisBp,0.25,3,3,GTCTACCCATTTAAACAGAT,0,3597799
tisBp,0.25,3,3,GTCTAAGGGATCCGCAGCTA,0,3566016
tisBp,0.25,3,3,GTCGTTCGGTGGGTCCCTAG,0,3554902
tisBp,0.25,3,3,GTCGTGGATCTCATCGTCCT,0,3596847
tisBp,0.25,3,3,GTCGGCGCGCTTACGGACAA,0,3545751
tisBp,0.25,3,3,GTCGCGCTCAGCAAAGATGT,0,3570176
tisBp,0.25,3,3,GTCCTGTTCTGCTCTTGTGT,0,3559461
tisBp,0.25,3,3,GTCCGAACTCCTCGCCCAGG,0,3574600
tisBp,0.25,3,3,GTCCCTTCGAACGCCAAGCA,0,3569991
tisBp,0.25,3,3,GTCCCGGACATCGCTCTCCT,0,3562167
tisBp,0.25,3,3,GTCCCATTGTAAGCGACGGT,0,3563159
tisBp,0.25,3,3,GTCCAGTTACGCGGTGGAGT,0,3563994
tisBp,0.25,3,3,GTCCAACGCATAATCGAGGG,0,3560138
tisBp,0.25,3,3,GTCATTGAGGTGATCGTAGC,0,3598130
tisBp,0.25,3,3,GTCAGGGCAGTGACGCTGGG,0,3602513
tisBp,0.25,3,3,GTCACGATGAACAACTCGGG,0,3543415
tisBp,0.25,3,3,GTCACCGGGTTTAACGGGGT,0,3551069
tisBp,0.25,3,3,GTATTGGGAAAGGTAACATT,0,3590424
tisBp,0.25,3,3,GTATTAAACGCACGTACGTA,0,3559765
tisBp,0.25,3,3,GTATCCGATAGGCAAGTGTT,0,3546395
tisBp,0.25,3,3,GTATAGCGCCAGGTCGCAAA,0,3547728
tisBp,0.25,3,3,GTATAGAAGCAAACGATCGG,0,3579443
tisBp,0.25,3,3,GTAGTTAGCCTACGCGACGA,0,3594370
tisBp,0.25,3,3,GTAGTGCGCGTAATAACCCT,0,3541991
tisBp,0.25,3,3,GTAGGTTTAGTATTGTCGTG,0,3569064
tisBp,0.25,3,3,GTAGGGTTCTTCCGCATTCT,0,3547653
tisBp,0.25,3,3,GTAGCTATGGATGCTGGTGT,0,3593241
tisBp,0.25,3,3,GTAGATTTGTCTTGTACTTT,0,3581283
tisBp,0.25,3,3,GTAGATGTCCTGAAAAGTTA,0,3544805
tisBp,0.25,3,3,GTAGACTCTCTGTGTCTCAG,0,3586263
tisBp,0.25,3,3,GTAGAAGTACGGTATAAGGC,0,3556446
tisBp,0.25,3,3,GTACTCAAATGTTTGCCGGA,0,3578853
tisBp,0.25,3,3,GTACTACTATTACTGGTCAT,0,3549202
tisBp,0.25,3,3,GTACTAAGTTGTGTGGTGCA,0,3549462
tisBp,0.25,3,3,GTACGCTGGCAGCATTCTCA,0,3589208
tisBp,0.25,3,3,GTACCAATATCCGTCGTCTA,0,3585808
tisBp,0.25,3,3,GTAAGGTACGGCGTATACTT,0,3573653
tisBp,0.25,3,3,GTAAGGCATATTTTTATCCC,0,3548173
tisBp,0.25,3,3,GTAAGCCGTTTTAGACGACA,0,3595573
tisBp,0.25,3,3,GTAACCCTGAGTTTCATGTC,0,3543006
tisBp,0.25,3,3,GGTTTTTTCTTGTCTGCGAG,0,3600177
tisBp,0.25,3,3,GGTTTATCCAGTCACCGGGT,0,3572096
tisBp,0.25,3,3,GGTTGTGAACGAAGCGACTC,0,3555045
tisBp,0.25,3,3,GGTTGTCCCAATTTCGTGCT,0,3588978
tisBp,0.25,3,3,GGTTCTTATATTTTGGTTTG,0,3600341
tisBp,0.25,3,3,GGTTCGTAGTCCTTCCAGTT,0,3563996
tisBp,0.25,3,3,GGTTCCATTTAATTGCAAAA,0,3562221
tisBp,0.25,3,3,GGTTAGGCGAACTACGTGTC,0,3573283
tisBp,0.25,3,3,GGTTAGAGAGGAGTCGTAAT,0,3566663
tisBp,0.25,3,3,GGTGGGTCACAGGATAAGTT,0,3567453
tisBp,0.25,3,3,GGTGGCAGACTAGAGTCCGG,0,3566094
tisBp,0.25,3,3,GGTGGACCGGCAATAGTCTT,0,3550935
tisBp,0.25,3,3,GGTCTTCGGCCTCTGAATTG,0,3599297
tisBp,0.25,3,3,GGTCTATAAGACCAATCTAG,0,3569714
tisBp,0.25,3,3,GGTCGAGTGGTCTGCGACTA,0,3600455
tisBp,0.25,3,3,GGTCGAGGTTGTTGTTAGAC,0,3597762
tisBp,0.25,3,3,GGTATGCGGTTCTTACTTGT,0,3596482
tisBp,0.25,3,3,GGTATCGCAAGCTTAAGTAT,0,3580296
tisBp,0.25,3,3,GGTATAGGCGTTTCTGAATA,0,3557251
tisBp,0.25,3,3,GGTATAAGGGAACCGAGTAG,0,3575956
tisBp,0.25,3,3,GGTAGTTCACCTGTCCTTAG,0,3602407
tisBp,0.25,3,3,GGTAGGAAGGGTCAGGAACA,0,3543326
tisBp,0.25,3,3,GGTAGCGAATAGATTTTTGG,0,3565117
tisBp,0.25,3,3,GGTAGCCATGGAAGGCCACT,0,3601779
tisBp,0.25,3,3,GGTACTACAGTTATTTTAGC,0,3585665
tisBp,0.25,3,3,GGTACGCCACGTTGTGGTTC,0,3550875
tisBp,0.25,3,3,GGTACGAGAGTAGTCCATTT,0,3551851
tisBp,0.25,3,3,GGTAACTATGGTTATGGGAC,0,3586881
tisBp,0.25,3,3,GGTAAACGAAGGAAGCTCTG,0,3567166
tisBp,0.25,3,3,GGTAAACAGGTTCCCTAAAG,0,3547017
tisBp,0.25,3,3,GGGTTTTACTACATTATCCA,0,3568618
tisBp,0.25,3,3,GGGTTGGGGGCGCAGGGACG,0,3588830
tisBp,0.25,3,3,GGGTTCCCAGAGTTATTATT,0,3575946
tisBp,0.25,3,3,GGGTTAATGGACATACCTGT,0,3552433
tisBp,0.25,3,3,GGGTGCCAGCTCACACCAAC,0,3573448
tisBp,0.25,3,3,GGGTGAACGTCGTAGGGTGA,0,3577866
tisBp,0.25,3,3,GGGTGAAAATGCCAACGCGT,0,3545385
tisBp,0.25,3,3,GGGTCCCTAGAATGAAAACC,0,3561846
tisBp,0.25,3,3,GGGTCACTCGAATCAATAGG,0,3559430
tisBp,0.25,3,3,GGGTACTGAACGGTATCTTG,0,3575993
tisBp,0.25,3,3,GGGGTGTAGTACGGCCTGTG,0,3593400
tisBp,0.25,3,3,GGGGTCGTTATTGCGTGCTA,0,3556944
tisBp,0.25,3,3,GGGGTATTATGTTGTCTTTA,0,3550858
tisBp,0.25,3,3,GGGGGCCTGCGCCCAACCAA,0,3544076
tisBp,0.25,3,3,GGGGGCACAGTGACAGAGGC,0,3594735
tisBp,0.25,3,3,GGGGCCGTTCGGCACATTAT,0,3599562
tisBp,0.25,3,3,GGGGACTAGGCGGCGCGGAG,0,3556552
tisBp,0.25,3,3,GGGCGACCCCTTTTCCGTCT,0,3577139
tisBp,0.25,3,3,GGGCCGGGGACACCTGTCCT,0,3579817
tisBp,0.25,3,3,GGGCCGGATCTGCAATCGGA,0,3574936
tisBp,0.25,3,3,GGGCCATTGCACAAATAATT,0,3600779
tisBp,0.25,3,3,GGGCCAAGAGAGCACAAGTC,0,3542617
tisBp,0.25,3,3,GGGATTAGTCGGTCGTGCGG,0,3589415
tisBp,0.25,3,3,GGGATTAAGAGAACAACGGT,0,3547473
tisBp,0.25,3,3,GGGATGGAAATATTCATCTG,0,3580832
tisBp,0.25,3,3,GGGATGCCTACTTAAAAATG,0,3545178
tisBp,0.25,3,3,GGGAGTTTGGACGTGAAGCA,0,3593994
tisBp,0.25,3,3,GGGAGGTCCTTCTTGTGTTG,0,3574367
tisBp,0.25,3,3,GGGAGACAGTAACAGTCGGG,0,3583259
tisBp,0.25,3,3,GGGAAGAAACACGCGCGTTT,0,3549276
tisBp,0.25,3,3,GGGAACTTGCACAATATGTC,0,3570138
tisBp,0.25,3,3,GGGAACGCTGCACGCTGTGT,0,3556989
tisBp,0.25,3,3,GGGAAAAACGGTGTTGACTT,0,3549555
tisBp,0.25,3,3,GGCTTGGGGAGGAGACAGGA,0,3600377
tisBp,0.25,3,3,GGCTTACCCCGCAGTAGATT,0,3594119
tisBp,0.25,3,3,GGCTGGGGTAATACGGTTAA,0,3581488
tisBp,0.25,3,3,GGCTAGGTACTCGAAGCGTC,0,3569306
tisBp,0.25,3,3,GGCTAACCGCTGATGTACAA,0,3573328
tisBp,0.25,3,3,GGCGCTTCACAATACCCGAC,0,3579181
tisBp,0.25,3,3,GGCGCTCATTGACCGGACCT,0,3556761
tisBp,0.25,3,3,GGCGAATTGAGTGGGAAATT,0,3569050
tisBp,0.25,3,3,GGCCTTTTACTCATTGATAG,0,3559233
tisBp,0.25,3,3,GGCCGTTGTGTAACTTCTTT,0,3588987
tisBp,0.25,3,3,GGCCGGGGGCTAGGGCCCTA,0,3549183
tisBp,0.25,3,3,GGCCCTTCGGACGCAGCCCC,0,3563674
tisBp,0.25,3,3,GGCCCCCCTTAAACACAATA,0,3551501
tisBp,0.25,3,3,GGCCATGGTGCGTCGCAATT,0,3584510
tisBp,0.25,3,3,GGCCATCCAATGGCTACAGC,0,3603206
tisBp,0.25,3,3,GGCCACGCCCCGGTACTTTG,0,3556213
tisBp,0.25,3,3,GGCATTTCCGCAGACTCACA,0,3568827
tisBp,0.25,3,3,GGCATAAGTTCACTTAGAAC,0,3581249
tisBp,0.25,3,3,GGCAGTGCCTCACGGGTATT,0,3542436
tisBp,0.25,3,3,GGCAGGGTAGAGGCGAAATA,0,3586969
tisBp,0.25,3,3,GGCAGGGTACCTAAGCAGTG,0,3601541
tisBp,0.25,3,3,GGCACGCAATGATGGACGGC,0,3568254
tisBp,0.25,3,3,GGCACAGTCGCTGTTAGTAT,0,3598188
tisBp,0.25,3,3,GGCAAGATTTATACCGGCAG,0,3603225
tisBp,0.25,3,3,GGCAACAAGGCTTGATCAGC,0,3561373
tisBp,0.25,3,3,GGATTGCGTTTTTGTGTTCA,0,3581725
tisBp,0.25,3,3,GGATTCCAATCCAGTGACCA,0,3545682
tisBp,0.25,3,3,GGATCTCGGACCTAGCTCTA,0,3559786
tisBp,0.25,3,3,GGATCTACGTGAGCTAAGTG,0,3575117
tisBp,0.25,3,3,GGATCGGTTCTCGCCCTATG,0,3554936
tisBp,0.25,3,3,GGATATTGTAGGAGTCATAT,0,3558870
tisBp,0.25,3,3,GGAGGTCTCGCACTGTGTTA,0,3584957
tisBp,0.25,3,3,GGAGGGTACTGTGAAACTCA,0,3603597
tisBp,0.25,3,3,GGAGCTATCTTACCCATCGG,0,3548169
tisBp,0.25,3,3,GGAGCGGTCGCAGTTTGTTG,0,3586867
tisBp,0.25,3,3,GGAGCGGCGAAGTTCATGCA,0,3563740
tisBp,0.25,3,3,GGAGCCGGGGTGGGTTTACT,0,3573806
tisBp,0.25,3,3,GGAGCCCGAGACTACGTCGC,0,3572424
tisBp,0.25,3,3,GGAGCCAAAGATTAGACTCG,0,3599302
tisBp,0.25,3,3,GGAGCACGGGGAAATCGAAT,0,3551444
tisBp,0.25,3,3,GGACTCAATAGTCTGACTTG,0,3552384
tisBp,0.25,3,3,GGACGAAGCCACCTCCTTTT,0,3542613
tisBp,0.25,3,3,GGACAGTAACAAAAGGGACG,0,3541974
tisBp,0.25,3,3,GGAATTTGCATCAAAAGTGG,0,3585433
tisBp,0.25,3,3,GGAATAACAGCTGAAACTGC,0,3580934
tisBp,0.25,3,3,GGAAGTCTAAGAAGTGGAGT,0,3591376
tisBp,0.25,3,3,GGAAGCTGAAGTTTAGCCGA,0,3593445
tisBp,0.25,3,3,GGAACGCTTCTAGTGCGAAG,0,3590951
tisBp,0.25,3,3,GGAAAGCGGTTGATTTTCAG,0,3548586
tisBp,0.25,3,3,GGAAACGTCTCTGTGAAAAT,0,3547575
tisBp,0.25,3,3,GCTTTGACTGTAATCGCTAG,0,3577631
tisBp,0.25,3,3,GCTTTCCCCAAGGGTTTTCA,0,3575407
tisBp,0.25,3,3,GCTTGGAATTTGCTGTCCCT,0,3586167
tisBp,0.25,3,3,GCTTCCTGTCGGCTTTACCT,0,3603881
tisBp,0.25,3,3,GCTTAGCACGTTAAATACGC,0,3602826
tisBp,0.25,3,3,GCTTACGCGCCGCCCAGCGG,0,3592971
tisBp,0.25,3,3,GCTGTTGGCAGATAAACTTT,0,3564541
tisBp,0.25,3,3,GCTGTCGTTTAATTATCCCA,0,3589173
tisBp,0.25,3,3,GCTGTCCGTATACAATTCTT,0,3601151
tisBp,0.25,3,3,GCTGGTCAGAATAATTAACC,0,3567058
tisBp,0.25,3,3,GCTGGGTACTACACTTAAAT,0,3593845
tisBp,0.25,3,3,GCTGGCCAGGATGAACGTTT,0,3573329
tisBp,0.25,3,3,GCTGCAGTCTCAACTGCGCG,0,3558857
tisBp,0.25,3,3,GCTGACCAGTAACCGATGCC,0,3547313
tisBp,0.25,3,3,GCTCTGTGGGCGGGGTGACC,0,3555816
tisBp,0.25,3,3,GCTCTAAACAGGGAGTAGTA,0,3578428
tisBp,0.25,3,3,GCTCGTGCATGAATGCTAAC,0,3553586
tisBp,0.25,3,3,GCTCATCCTGCGGGAAGGGG,0,3594107
tisBp,0.25,3,3,GCTCATAAATGGACTTCACC,0,3603300
tisBp,0.25,3,3,GCTCACTTCGCTGCTGTCTC,0,3563537
tisBp,0.25,3,3,GCTCAACTTATTCATGCCCA,0,3574979
tisBp,0.25,3,3,GCTCAACGTGCACGCGTGCA,0,3578294
tisBp,0.25,3,3,GCTAGGGGGATGGCAAGGTT,0,3576058
tisBp,0.25,3,3,GCTAGGACGGTTTGTTTTAT,0,3550057
tisBp,0.25,3,3,GCTACATGGATACCATCCGT,0,3541646
tisBp,0.25,3,3,GCTACAATAAGGGGCCGCTG,0,3585505
tisBp,0.25,3,3,GCGTTCGCCCGGCCGGGCAT,0,3592740
tisBp,0.25,3,3,GCGTTACGCTCATAATACGC,0,3569522
tisBp,0.25,3,3,GCGTGAATAATACATGCCAT,0,3549577
tisBp,0.25,3,3,GCGTCGTCAGGGTGATGGAA,0,3568803
tisBp,0.25,3,3,GCGTCACTGGTGCTTTAGAC,0,3595425
tisBp,0.25,3,3,GCGTATATTCGCGAGTACAG,0,3603490
tisBp,0.25,3,3,GCGTAGGGCTCGAATGACAC,0,3599642
tisBp,0.25,3,3,GCGGTCGCTGCAGGTGTCGT,0,3546727
tisBp,0.25,3,3,GCGGGGGAGAAGTGCTGCTC,0,3562024
tisBp,0.25,3,3,GCGGGAACCTATATTACTGC,0,3577573
tisBp,0.25,3,3,GCGGCGTCTCCTCTTTGATA,0,3552487
tisBp,0.25,3,3,GCGGACTTGAATCCGTTATC,0,3596547
tisBp,0.25,3,3,GCGGACTCTTGGGGCGGTCG,0,3551495
tisBp,0.25,3,3,GCGCTAGTATCGACCCGCCG,0,3586636
tisBp,0.25,3,3,GCGCGTTCTGGCAATAGGCC,0,3580423
tisBp,0.25,3,3,GCGCGGGAGGTGCGTAAAGC,0,3577811
tisBp,0.25,3,3,GCGCGAGAATAAGGGACCCA,0,3588667
tisBp,0.25,3,3,GCGCCGGGGTCTGGATAAGT,0,3559174
tisBp,0.25,3,3,GCGCATGTGGAAGCCTTCAG,0,3586508
tisBp,0.25,3,3,GCGCAACGGTAGATACAGTA,0,3565221
tisBp,0.25,3,3,GCGATTTTTCGTTTTCACGT,0,3594768
tisBp,0.25,3,3,GCGATGGACAATCTTCATTT,0,3569084
tisBp,0.25,3,3,GCGAGCCTCGAAATTCTTAC,0,3545585
tisBp,0.25,3,3,GCGAAGGATATCCGCTTCGA,0,3594991
tisBp,0.25,3,3,GCCTTTACCCACCGATCCTA,0,3567340
tisBp,0.25,3,3,GCCTGCCTGGTATATTTATA,0,3598069
tisBp,0.25,3,3,GCCTCAGTATCTCTGTGCGA,0,3566010
tisBp,0.25,3,3,GCCTCACTCTGTGCCGCGCT,0,3561370
tisBp,0.25,3,3,GCCTAGGGACTGTGACTACC,0,3557544
tisBp,0.25,3,3,GCCTACGGTTTCCGTTCGTA,0,3582865
tisBp,0.25,3,3,GCCGGGTGTAAAAGTTGAGA,0,3554383
tisBp,0.25,3,3,GCCGGAATCCGATATACGGA,0,3552436
tisBp,0.25,3,3,GCCGCTGACATCTCGTCCTT,0,3575418
tisBp,0.25,3,3,GCCGATAGCGGATCTAGCAT,0,3542995
tisBp,0.25,3,3,GCCCTGTTTATTCGCGGCGC,0,3581605
tisBp,0.25,3,3,GCCCGAGGGCAGGGAATGGT,0,3594975
tisBp,0.25,3,3,GCCCCTCGCGTTGCGTAGAT,0,3585866
tisBp,0.25,3,3,GCCCCTCAAAAAGCCAAACA,0,3587746
tisBp,0.25,3,3,GCCCATGGTGCGTATAACAA,0,3570947
tisBp,0.25,3,3,GCCCACGAGGGACTTCGGGA,0,3550376
tisBp,0.25,3,3,GCCATCGTAAAAGGAAATTG,0,3603900
tisBp,0.25,3,3,GCCATATTGTTTTTTCGGTT,0,3579771
tisBp,0.25,3,3,GCCATAAGGGGATCGGGCGA,0,3584819
tisBp,0.25,3,3,GCCAGCCGACCGCGCACATG,0,3563658
tisBp,0.25,3,3,GCCAAGTCCGATGCTTTCTC,0,3558388
tisBp,0.25,3,3,GCCAAAGACTCCGACGGTTG,0,3567829
tisBp,0.25,3,3,GCATGAAGGCGCTAAAGGCG,0,3560526
tisBp,0.25,3,3,GCATCAATGTTTGTTAGCTG,0,3599346
tisBp,0.25,3,3,GCAGGGACTGCCAGCGAATG,0,3555176
tisBp,0.25,3,3,GCAGCTGGGACGCTCACCGC,0,3562429
tisBp,0.25,3,3,GCAGCCCTGATCTATGCAAA,0,3547354
tisBp,0.25,3,3,GCAGCCATGCTAGAATATCA,0,3587683
tisBp,0.25,3,3,GCACGTTATCTCCAAAGCGT,0,3556631
tisBp,0.25,3,3,GCACGGCTAAAATCATAAAA,0,3571777
tisBp,0.25,3,3,GCACCTTAGAGGCACCACTG,0,3574288
tisBp,0.25,3,3,GCACCTGCCCGCCTATTATG,0,3591906
tisBp,0.25,3,3,GCACCAATTCCTGATAGTAC,0,3601902
tisBp,0.25,3,3,GCAATGGTTGCACAATACCC,0,3588471
tisBp,0.25,3,3,GCAATGAATGGTCGGCGGCT,0,3576570
tisBp,0.25,3,3,GCAATCGTGTAGTTCAAAAA,0,3579292
tisBp,0.25,3,3,GATTTGGGGTACCTTTAGCA,0,3572624
tisBp,0.25,3,3,GATTCGCCGCTTTGTGCGAT,0,3557930
tisBp,0.25,3,3,GATTATCTATCTTCCGCCTG,0,3597205
tisBp,0.25,3,3,GATTAACCATACAAGACTCC,0,3555996
tisBp,0.25,3,3,GATGTGCGCCGACACGTCCG,0,3555076
tisBp,0.25,3,3,GATGGTTATCTGGTATACGC,0,3589024
tisBp,0.25,3,3,GATGCGGCCATCGCCTTGAT,0,3554409
tisBp,0.25,3,3,GATGAGGCCTGGTGTGTCAG,0,3597058
tisBp,0.25,3,3,GATCTCCATATATAAGGCAT,0,3566642
tisBp,0.25,3,3,GATCGCCGGACGCCGGCGCA,0,3588184
tisBp,0.25,3,3,GATCCTAGCAGATCTTGAAA,0,3593612
tisBp,0.25,3,3,GATCCACTCCGACGTGTGCC,0,3556308
tisBp,0.25,3,3,GATCACTAGGGTTCCACCAC,0,3548407
tisBp,0.25,3,3,GATATTCGTCAAGTTCTTTA,0,3552686
tisBp,0.25,3,3,GATAATGGATCGATTCTGAT,0,3548837
tisBp,0.25,3,3,GATAAGCATTAGGGGGCGTT,0,3584672
tisBp,0.25,3,3,GAGTTTCGCACGGTACACAA,0,3559094
tisBp,0.25,3,3,GAGTCTCCGGTAAGACACGT,0,3564246
tisBp,0.25,3,3,GAGTAGCCGTCAGAGTAACA,0,3593370
tisBp,0.25,3,3,GAGGTTGGGAATGACCTACA,0,3565912
tisBp,0.25,3,3,GAGGTGGGATGAGTGGGAAT,0,3579006
tisBp,0.25,3,3,GAGGGTACGAATGGGTCTGG,0,3560686
tisBp,0.25,3,3,GAGGCCGGGACAACTGCCCA,0,3546547
tisBp,0.25,3,3,GAGCTTCCAATGCAGACTTC,0,3560560
tisBp,0.25,3,3,GAGCTGCTGCCGCGTAATCT,0,3573186
tisBp,0.25,3,3,GAGCTGCCCGGCGCCGTTCA,0,3574405
tisBp,0.25,3,3,GAGCTGAGGTTCGCAAAGAG,0,3554891
tisBp,0.25,3,3,GAGCCTGTCAAGCGTCAAGC,0,3590527
tisBp,0.25,3,3,GAGCATCATCCACAAACTGA,0,3587063
tisBp,0.25,3,3,GAGCATCATACCTTTCGAAT,0,3574592
tisBp,0.25,3,3,GAGCAACGTCTACAGAATGG,0,3596592
tisBp,0.25,3,3,GAGAGATGATTCGGCGAAAG,0,3592854
tisBp,0.25,3,3,GAGACCGTAGCCAAATGGCG,0,3573628
tisBp,0.25,3,3,GACTTTCTGGTGGCGGCATC,0,3564806
tisBp,0.25,3,3,GACTTTAGGCCCAAGAGCGG,0,3584069
tisBp,0.25,3,3,GACTTCAGTGGCAGACCAGG,0,3560969
tisBp,0.25,3,3,GACTGTGCCTATTCCACGCA,0,3565424
tisBp,0.25,3,3,GACTGGCCCGTACAGAACTT,0,3594707
tisBp,0.25,3,3,GACTGCTATGGTTTTGGGGA,0,3575437
tisBp,0.25,3,3,GACTCCTCGAGCTTCAACAT,0,3579807
tisBp,0.25,3,3,GACTAGGTAAGGCACACCAT,0,3588952
tisBp,0.25,3,3,GACTACTATGGTGGGACTAT,0,3597298
tisBp,0.25,3,3,GACTACCACGTTGTCTTCCT,0,3548985
tisBp,0.25,3,3,GACTACATGCGTCGCTCATC,0,3597967
tisBp,0.25,3,3,GACGTCAGACCCCGTAGCTG,0,3588967
tisBp,0.25,3,3,GACGGTTGATAATGTGGATT,0,3573157
tisBp,0.25,3,3,GACGCTTCGTATTAGATGGT,0,3600605
tisBp,0.25,3,3,GACGCTCTCCTTCGGCCATA,0,3566643
tisBp,0.25,3,3,GACGCGCTTGCTGTTAAGTC,0,3570995
tisBp,0.25,3,3,GACGAGGTAATCGTGCATCA,0,3582869
tisBp,0.25,3,3,GACGACCGAGTGTCCAACTT,0,3572878
tisBp,0.25,3,3,GACGAATTGGGATTCAGAAA,0,3565928
tisBp,0.25,3,3,GACCTTCGTCTAGCTGGCAG,0,3576495
tisBp,0.25,3,3,GACCTCCGGGTCCATCTGCG,0,3591973
tisBp,0.25,3,3,GACCTATGGTAGGCTAGCGA,0,3590051
tisBp,0.25,3,3,GACCGTGATTCTACGCACAC,0,3546728
tisBp,0.25,3,3,GACCGGTAAACAGGCATGTT,0,3583723
tisBp,0.25,3,3,GACCGCAAACTGGACAATGT,0,3573914
tisBp,0.25,3,3,GACCCTGTCTTTGACGTAAA,0,3592062
tisBp,0.25,3,3,GACCACGGTATTACCCAGAT,0,3572344
tisBp,0.25,3,3,GACATGATTTGCGGCGTCTG,0,3589158
tisBp,0.25,3,3,GACAGTATGGGCGACGACTT,0,3564865
tisBp,0.25,3,3,GACACCTCCCCAGCAAAGCT,0,3542606
tisBp,0.25,3,3,GACACATGCCCGGAGTGAAA,0,3561907
tisBp,0.25,3,3,GACACACCTACCTACCTGTG,0,3596564
tisBp,0.25,3,3,GAATTTTAAGTAGAAGCCCG,0,3580875
tisBp,0.25,3,3,GAATCTTGGATTGACTCAAG,0,3551449
tisBp,0.25,3,3,GAATCGGTTAAACGCGGCAA,0,3566916
tisBp,0.25,3,3,GAATCAAACTGATGGAAAAT,0,3547786
tisBp,0.25,3,3,GAAGGGCTGCAGGTTGCGGT,0,3586767
tisBp,0.25,3,3,GAACTGTATAGTTGAATAAC,0,3568647
tisBp,0.25,3,3,GAACCTGTCTGTTTTTTGAC,0,3596743
tisBp,0.25,3,3,GAACCCAACGACGGGCGGAG,0,3548396
tisBp,0.25,3,3,GAAATCAATTACACTGTAGT,0,3546874
tisBp,0.25,3,3,GAAACGCGTGACTTCACTTT,0,3591118
tisBp,0.25,3,3,GAAACGATCTATGGTGGTGT,0,3560543
tisBp,0.25,3,3,GAAACATACTACAGGGATCA,0,3579287
tisBp,0.25,3,3,GAAAACTTAGGCAATGTATA,0,3597420
tisBp,0.25,3,3,GAAAAAAGGCATACCGTCCC,0,3566099
tisBp,0.25,3,3,CTTTTTGGGTTTTACCTGTG,0,3588025
tisBp,0.25,3,3,CTTTTTCGTTATGCCATAGT,0,3570487
tisBp,0.25,3,3,CTTTTGGATTGCAGCTACGG,0,3573051
tisBp,0.25,3,3,CTTTGACAGAGCACTTGTTA,0,3550516
tisBp,0.25,3,3,CTTTCGATTGTCGAGCTACG,0,3574890
tisBp,0.25,3,3,CTTTCGATATTGAACGCAAT,0,3570775
tisBp,0.25,3,3,CTTTATGCGATGGACGGAAC,0,3565544
tisBp,0.25,3,3,CTTTACCTAAGGTGCCAGCG,0,3566104
tisBp,0.25,3,3,CTTTACCCTGGATACTTCTA,0,3564064
tisBp,0.25,3,3,CTTGGTAGGCTTAGCGCGTA,0,3550411
tisBp,0.25,3,3,CTTGCATTGCGGACGTCAAA,0,3590015
tisBp,0.25,3,3,CTTGATTTCACGACACACAT,0,3551792
tisBp,0.25,3,3,CTTGAGGCATTCAGGAAAGA,0,3596593
tisBp,0.25,3,3,CTTCGTCTAGGCTTGTATGT,0,3552304
tisBp,0.25,3,3,CTTCCGTTATTGGGAAGGAT,0,3552343
tisBp,0.25,3,3,CTTCAGCTATGACGCGGGAG,0,3572196
tisBp,0.25,3,3,CTTCAAGTTTGCCCAATGGT,0,3553433
tisBp,0.25,3,3,CTTAGAGAGAAATGCTAGTG,0,3543279
tisBp,0.25,3,3,CTTACCGTACGGACCAATGT,0,3596778
tisBp,0.25,3,3,CTTACCAGGGACGATTGTCG,0,3544166
tisBp,0.25,3,3,CTTAAAACAGATGATCGGCC,0,3597006
tisBp,0.25,3,3,CTGTGTGCCGGACTGATATG,0,3574101
tisBp,0.25,3,3,CTGTGGGTCTTAGCTCCAAG,0,3546071
tisBp,0.25,3,3,CTGTGGCAACAATAGACTCA,0,3568418
tisBp,0.25,3,3,CTGTCCAAGGTGCACGGAAT,0,3576294
tisBp,0.25,3,3,CTGTACTTTGTCGGGCGAAT,0,3554125
tisBp,0.25,3,3,CTGTACAAAGTAGAAGGTGT,0,3575272
tisBp,0.25,3,3,CTGTAATCGCACTGTTATAA,0,3586260
tisBp,0.25,3,3,CTGGTTAAATTACCCGGTCC,0,3571639
tisBp,0.25,3,3,CTGGGTACTAACGTCCAATT,0,3598826
tisBp,0.25,3,3,CTGGGGCGTGACAAAACTGG,0,3598595
tisBp,0.25,3,3,CTGGCGCGGTACTCAATCAA,0,3594634
tisBp,0.25,3,3,CTGGCCTGAACAATAAGATC,0,3573189
tisBp,0.25,3,3,CTGGCCTAAGCCTCGCCGGG,0,3597536
tisBp,0.25,3,3,CTGGCCGGGAACGTGACTGA,0,3552332
tisBp,0.25,3,3,CTGGCAGACTACACCAAGAG,0,3581230
tisBp,0.25,3,3,CTGGATCTTGGCCCCGGAGA,0,3541800
tisBp,0.25,3,3,CTGGAGCACAGCGAGTGTAC,0,3595309
tisBp,0.25,3,3,CTGGACACAATACCGATGCC,0,3584473
tisBp,0.25,3,3,CTGCTTGCCCACTGCGACTT,0,3546644
tisBp,0.25,3,3,CTGCTCATTGGTCCAATTTT,0,3546778
tisBp,0.25,3,3,CTGCGGCAAGTAAGCGTTAT,0,3569024
tisBp,0.25,3,3,CTGCGAGCGTGTTCACGCAC,0,3557050
tisBp,0.25,3,3,CTGCCTATAGTCCCGCGGTT,0,3582860
tisBp,0.25,3,3,CTGCCATGTGGAGTACCGAT,0,3583947
tisBp,0.25,3,3,CTGCCACCCACTAGACGTTT,0,3550463
tisBp,0.25,3,3,CTGCATACCTTATGATTTGA,0,3603465
tisBp,0.25,3,3,CTGCACTTCTTTGGACCTTG,0,3598334
tisBp,0.25,3,3,CTGCACAGCCCTTGTGAATG,0,3582668
tisBp,0.25,3,3,CTGATGCCATTGGGCGAGTT,0,3572181
tisBp,0.25,3,3,CTGAGTGAACGATATCGAAT,0,3593567
tisBp,0.25,3,3,CTGAGGGTCTCCCTAGTAGC,0,3547496
tisBp,0.25,3,3,CTGACTAATCCTAGTAAGCC,0,3582718
tisBp,0.25,3,3,CTGACCTTCTCAGGCCAGCC,0,3587050
tisBp,0.25,3,3,CTGACCGTCGTTACGGCAAA,0,3564233
tisBp,0.25,3,3,CTGAATTGTCTCCAGCGCCA,0,3591261
tisBp,0.25,3,3,CTGAAGTCTCGCCAGCTTGA,0,3591176
tisBp,0.25,3,3,CTGAAGTATTCATCGGCAGT,0,3584427
tisBp,0.25,3,3,CTCTGAGACAATTTTCATCC,0,3545633
tisBp,0.25,3,3,CTCTCTAGCTAAGCGTTTCA,0,3584166
tisBp,0.25,3,3,CTCTCGGCAACAAGGCACAG,0,3586562
tisBp,0.25,3,3,CTCTCGGATAGTATCATCTA,0,3579132
tisBp,0.25,3,3,CTCTCAGAGGTTTCAATATG,0,3592973
tisBp,0.25,3,3,CTCTAACCATTTGTTGCGAG,0,3587757
tisBp,0.25,3,3,CTCGTGATGAATATAGCTCG,0,3561809
tisBp,0.25,3,3,CTCGTCGCGCCATGTGCGAT,0,3562801
tisBp,0.25,3,3,CTCGCCTGATCAAGTTCTAG,0,3580355
tisBp,0.25,3,3,CTCGATTCCGCGTGCTTCGT,0,3566314
tisBp,0.25,3,3,CTCCTCGTATGCTGTAACGA,0,3598648
tisBp,0.25,3,3,CTCCTATCCCTTCACGTGCA,0,3575699
tisBp,0.25,3,3,CTCCTAAGTGTATTGCTGCC,0,3561204
tisBp,0.25,3,3,CTCCGTTGCCAGGGACACGG,0,3592348
tisBp,0.25,3,3,CTCCGAAAGCCAGTGGCGCT,0,3591907
tisBp,0.25,3,3,CTCCCACAGCTTAGAGCGCT,0,3581841
tisBp,0.25,3,3,CTCCCAAAACACAGTCCTAT,0,3579590
tisBp,0.25,3,3,CTCATTCCAAAGTGATATTC,0,3588330
tisBp,0.25,3,3,CTCATGCTATGGGCTTCCTG,0,3587211
tisBp,0.25,3,3,CTCAGTGATTCACCGATACG,0,3575712
tisBp,0.25,3,3,CTCAGCTGACCTGTAAACAC,0,3586010
tisBp,0.25,3,3,CTCAGATGAAGCTGCTGCTC,0,3560465
tisBp,0.25,3,3,CTATTCTCGCATTGACAGAT,0,3567198
tisBp,0.25,3,3,CTATGTGTACATTGAGGAGC,0,3586769
tisBp,0.25,3,3,CTATGAAGTGTTCCTGACGC,0,3555662
tisBp,0.25,3,3,CTATCACTAGGGAAGGTCTG,0,3584499
tisBp,0.25,3,3,CTATCAAAGGGCAATACAAA,0,3576784
tisBp,0.25,3,3,CTATATCGGGCCTTCTCCAA,0,3574029
tisBp,0.25,3,3,CTATACAGGGCATCTGATGC,0,3556762
tisBp,0.25,3,3,CTAGTTGATAAGGCCTCGTT,0,3580841
tisBp,0.25,3,3,CTAGTGCTCTCGGTGGTCCG,0,3548233
tisBp,0.25,3,3,CTAGTACAAGCTGAAAAGCT,0,3593020
tisBp,0.25,3,3,CTAGGGTGAGCACGAGTAAG,0,3576759
tisBp,0.25,3,3,CTAGGAGCAATCTTAACCAA,0,3581584
tisBp,0.25,3,3,CTAGGACTGCGAGCCGTGCG,0,3573390
tisBp,0.25,3,3,CTAGCGCCGTTCGGTCTCGT,0,3582555
tisBp,0.25,3,3,CTAGATCGGGAAGATGGAGT,0,3588365
tisBp,0.25,3,3,CTACTCGCTTTGTTCCTTGA,0,3589189
tisBp,0.25,3,3,CTACGGTGCGCCGCCTGCGG,0,3578626
tisBp,0.25,3,3,CTACGGAAAGCTCGTTGAGC,0,3588672
tisBp,0.25,3,3,CTACGCTTTGGTAGCGATCA,0,3545808
tisBp,0.25,3,3,CTACGCTCATCTGGCCATAC,0,3556230
tisBp,0.25,3,3,CTACGACTTAACTCACGCGA,0,3573108
tisBp,0.25,3,3,CTACATGCTAGCTATGTCAC,0,3564398
tisBp,0.25,3,3,CTACAGGCAAGTCAAACGTT,0,3583298
tisBp,0.25,3,3,CTAATGTTGAGGATAGCAAT,0,3579963
tisBp,0.25,3,3,CTAAGTGCGACCTAAATGTC,0,3580299
tisBp,0.25,3,3,CTAACGTGCTCTTCCGAGGC,0,3596544
tisBp,0.25,3,3,CTAACCTATTGTAGAGTTGG,0,3550197
tisBp,0.25,3,3,CTAAAGGATAGGCCTGACGT,0,3581135
tisBp,0.25,3,3,CTAAAAAAGGGGTGACATTA,0,3589346
tisBp,0.25,3,3,CGTTTTGCATGGAATATCCA,0,3593943
tisBp,0.25,3,3,CGTTTGGGCATGCTGCGAAC,0,3546254
tisBp,0.25,3,3,CGTTGGCCCCGCGTGCGTAT,0,3585896
tisBp,0.25,3,3,CGTTCACGATACGGGCAGTC,0,3603307
tisBp,0.25,3,3,CGTTATAGAAACACTTGTTA,0,3589389
tisBp,0.25,3,3,CGTTAGTAATGTTCATCGTG,0,3580924
tisBp,0.25,3,3,CGTGTTACCCGGCAGGACGA,0,3543790
tisBp,0.25,3,3,CGTGGAGCTATAAGTCACGC,0,3568346
tisBp,0.25,3,3,CGTGCTTAAGGCAATGAATT,0,3581237
tisBp,0.25,3,3,CGTGCAAGGCTCTTGTATCA,0,3550125
tisBp,0.25,3,3,CGTCTCGGATTCCGCTGACT,0,3559580
tisBp,0.25,3,3,CGTCGTGCGCAATTCAATTT,0,3587810
tisBp,0.25,3,3,CGTCGGAATTGGATTTTCAA,0,3603662
tisBp,0.25,3,3,CGTCGCACCAGTGGAGCGAA,0,3575981
tisBp,0.25,3,3,CGTCCGCCTCCATGTTCATC,0,3589800
tisBp,0.25,3,3,CGTCCCTAACTGCGAAGGCA,0,3577236
tisBp,0.25,3,3,CGTCATTCGTCTGTAGGGCG,0,3595279
tisBp,0.25,3,3,CGTCAGTGTAGAAGGTGGAA,0,3574190
tisBp,0.25,3,3,CGTCAGTATAATAATTGGGA,0,3574519
tisBp,0.25,3,3,CGTATGGGGAAAACCGAGTT,0,3564738
tisBp,0.25,3,3,CGTATGGCGCACGTTACGAC,0,3575288
tisBp,0.25,3,3,CGTATAGCGGTGAACTGATC,0,3578218
tisBp,0.25,3,3,CGTAGAGGTAGGTTATCCCG,0,3561276
tisBp,0.25,3,3,CGTAATTTGGTTAATGCTGG,0,3550148
tisBp,0.25,3,3,CGTAAGAAACTCTCCTCTGA,0,3577445
tisBp,0.25,3,3,CGGTTTCATACATACCAGTC,0,3577915
tisBp,0.25,3,3,CGGTGAACGAGCAATAAAAC,0,3550371
tisBp,0.25,3,3,CGGTCTATTAGAGCCGGGTC,0,3551176
tisBp,0.25,3,3,CGGTCGCTAAGAACAAGCAT,0,3546061
tisBp,0.25,3,3,CGGTCATTGGGCCTGGCCTT,0,3582717
tisBp,0.25,3,3,CGGTATAACGTCGGGTGGAT,0,3569055
tisBp,0.25,3,3,CGGGTTCAACACTTCCGATT,0,3546102
tisBp,0.25,3,3,CGGGTGGTCTCATTGTCGGG,0,3591004
tisBp,0.25,3,3,CGGGGAGCCTATTATGTGCC,0,3580938
tisBp,0.25,3,3,CGGGCGTAGCATCGTGACGA,0,3590569
tisBp,0.25,3,3,CGGGCCTTAATGCAAGCCAG,0,3578532
tisBp,0.25,3,3,CGGGCAGATCCCCCGGCTGT,0,3558760
tisBp,0.25,3,3,CGGGACCGCAAGAGGGGGAC,0,3559589
tisBp,0.25,3,3,CGGCTATCGGGCTTCTGAGG,0,3596742
tisBp,0.25,3,3,CGGCTACGATGACTCAGGAT,0,3559673
tisBp,0.25,3,3,CGGCGAGGACGTAACAGTTG,0,3566153
tisBp,0.25,3,3,CGGCCGTAGAAAAGTGAGAT,0,3569841
tisBp,0.25,3,3,CGGCCGGGAACCCCCGCTTT,0,3598174
tisBp,0.25,3,3,CGGCCCCTGGGTTAACCGCA,0,3578004
tisBp,0.25,3,3,CGGCAGTTGGGCTCCGGGTC,0,3591904
tisBp,0.25,3,3,CGGAGCTTCTAAGAGCCAAG,0,3550308
tisBp,0.25,3,3,CGGAGAACTTGCACAACACT,0,3549557
tisBp,0.25,3,3,CGGACGGAGAATTCTTAGTG,0,3574022
tisBp,0.25,3,3,CGGAAGCCGGGCATTCCAGG,0,3585053
tisBp,0.25,3,3,CGGAAAGCTGTGCAGATGGT,0,3567118
tisBp,0.25,3,3,CGCTGGTGGTCCGTTCTTGC,0,3543160
tisBp,0.25,3,3,CGCTGCTTGAAAATGTTCGA,0,3578994
tisBp,0.25,3,3,CGCTGCCCGGAACTCGAGGG,0,3581945
tisBp,0.25,3,3,CGCTGCACTCGTGCTATGAG,0,3592933
tisBp,0.25,3,3,CGCTGAGCGCCCACGGGGTC,0,3545137
tisBp,0.25,3,3,CGCTCATGCAGTGTCGCCGG,0,3578544
tisBp,0.25,3,3,CGCTAACCGCTTAAGTGTGG,0,3571537
tisBp,0.25,3,3,CGCGTAAGGGTCGTGCTCCC,0,3593864
tisBp,0.25,3,3,CGCGGTGACCCTGTACTGCA,0,3545668
tisBp,0.25,3,3,CGCGGTCGATCGGGTGAGGT,0,3582841
tisBp,0.25,3,3,CGCGGTAGGTAGTGAACCCT,0,3592584
tisBp,0.25,3,3,CGCGGGGGTCAAGAACGTGC,0,3544621
tisBp,0.25,3,3,CGCGCTCCCCCTCTAGCACA,0,3548949
tisBp,0.25,3,3,CGCGCCGCCTCGCGTTTGAC,0,3576105
tisBp,0.25,3,3,CGCGCAGGCGATGGGTATTC,0,3550237
tisBp,0.25,3,3,CGCGACCTCATGTGTCCGAA,0,3567775
tisBp,0.25,3,3,CGCGACCAGCCTGATGAAAT,0,3578985
tisBp,0.25,3,3,CGCCTTACTATTTGAGCAAC,0,3541530
tisBp,0.25,3,3,CGCCTGTTCGCCAATAATTC,0,3551581
tisBp,0.25,3,3,CGCCTACGACTCGCTTTGCC,0,3562102
tisBp,0.25,3,3,CGCCGATAGGCTCTAGTTGA,0,3564426
tisBp,0.25,3,3,CGCCCACAGGTATCAGGGAA,0,3557692
tisBp,0.25,3,3,CGCCCAATCTATTCGAAGGA,0,3556871
tisBp,0.25,3,3,CGCCATATGCATACTATATA,0,3583375
tisBp,0.25,3,3,CGCCAGGGACACAGGGTGTC,0,3589318
tisBp,0.25,3,3,CGCATGCGGTAAGAGATGCG,0,3550740
tisBp,0.25,3,3,CGCATCCACGTCAGTAACCT,0,3585858
tisBp,0.25,3,3,CGCAGTAGGGTACATAATTA,0,3548529
tisBp,0.25,3,3,CGCAGGTCGCGTTAGCGAAG,0,3565929
tisBp,0.25,3,3,CGCAGCGGCTCCGGGATCTA,0,3541849
tisBp,0.25,3,3,CGCAGATACCTAGTACAACA,0,3566000
tisBp,0.25,3,3,CGCACTCGACTTGTTTTGTC,0,3594128
tisBp,0.25,3,3,CGCAACCCGCACACAGCTAA,0,3592511
tisBp,0.25,3,3,CGCAAAATGACATTGGGCAG,0,3548568
tisBp,0.25,3,3,CGATTCGGAGCAGACAGCAA,0,3542319
tisBp,0.25,3,3,CGATTCCTGAATATCGCTGA,0,3580132
tisBp,0.25,3,3,CGATGGGAAAAATGTCAATA,0,3547618
tisBp,0.25,3,3,CGATGCCAAAGTCCGCGGGA,0,3602558
tisBp,0.25,3,3,CGATAGCGACAATCCTTCAA,0,3543164
tisBp,0.25,3,3,CGAGTTGGCCGCCGAAACAA,0,3575262
tisBp,0.25,3,3,CGAGGGGTAGCTCCGGCAAG,0,3556730
tisBp,0.25,3,3,CGAGGACGCACATGTCAGAA,0,3546333
tisBp,0.25,3,3,CGAGCGGTCACCTATAAGCT,0,3572402
tisBp,0.25,3,3,CGAGCCTCAATAAAGCTGCT,0,3580823
tisBp,0.25,3,3,CGAGCACCTTAAGTATTTAC,0,3592519
tisBp,0.25,3,3,CGAGAGACAGTCTGTACGTT,0,3592052
tisBp,0.25,3,3,CGACGCCCGGGAACATATCG,0,3590031
tisBp,0.25,3,3,CGACGACCGACTATCGTCCT,0,3542243
tisBp,0.25,3,3,CGACATGGTCTTATCGGTTC,0,3580722
tisBp,0.25,3,3,CGAATTTGAGTGCCATAGGA,0,3565859
tisBp,0.25,3,3,CGAATGTATAGGACATGCAT,0,3542801
tisBp,0.25,3,3,CGAATGCTTATCATTTCCGA,0,3560731
tisBp,0.25,3,3,CGAATGAGGCAAAAACTAAA,0,3599834
tisBp,0.25,3,3,CGAACTTCGATGTCATGGCA,0,3553141
tisBp,0.25,3,3,CGAACTCCTGGATCAGTTGG,0,3560025
tisBp,0.25,3,3,CGAAAAGGCTGATTCTCGCT,0,3579424
tisBp,0.25,3,3,CGAAAAGCAAATGTCAGGAA,0,3580340
tisBp,0.25,3,3,CGAAAAAGCGCAGCGCTTGG,0,3546040
tisBp,0.25,3,3,CCTTGGTTCTTGGGCACCGT,0,3570408
tisBp,0.25,3,3,CCTTGCGGAAGCTAATTAAA,0,3546114
tisBp,0.25,3,3,CCTTGATTGATTAATGCGTT,0,3599300
tisBp,0.25,3,3,CCTTCGAGGTCCACCCCTAA,0,3584466
tisBp,0.25,3,3,CCTTCATCTCACTTTTGTGC,0,3553962
tisBp,0.25,3,3,CCTTATATGCCATTTAACAT,0,3593947
tisBp,0.25,3,3,CCTTAGGTTGTTCTACGCGT,0,3568718
tisBp,0.25,3,3,CCTGTTGCCTCGGTTATCGA,0,3586760
tisBp,0.25,3,3,CCTGTGAGGGCCAAACGTAG,0,3553286
tisBp,0.25,3,3,CCTGTACTAAGTGTCGTTTA,0,3600628
tisBp,0.25,3,3,CCTGGGACTCGGGATTTCGG,0,3555981
tisBp,0.25,3,3,CCTGCTCTAGGATGTAAGCA,0,3588406
tisBp,0.25,3,3,CCTGCCCCGCCCGTGCCAGG,0,3572637
tisBp,0.25,3,3,CCTCTAGCCGCTTTAATTGT,0,3554371
tisBp,0.25,3,3,CCTCGTTCGTGCGGTTGTTA,0,3601058
tisBp,0.25,3,3,CCTCGTAAGTGTCAGCACAA,0,3583268
tisBp,0.25,3,3,CCTCGCCGCCACGGTCGGAT,0,3555464
tisBp,0.25,3,3,CCTCCACCAATGTTTCGTAT,0,3600142
tisBp,0.25,3,3,CCTCAGCCTGATGGACTCGG,0,3542327
tisBp,0.25,3,3,CCTCACGTACCTGACCCTAT,0,3542085
tisBp,0.25,3,3,CCTCACCGCCCAGCGGCAGA,0,3588481
tisBp,0.25,3,3,CCTATACGACATCAACGCTC,0,3571828
tisBp,0.25,3,3,CCTAGTAACTTCTAGCGGAC,0,3572753
tisBp,0.25,3,3,CCTAGCTTCGTTCGTTCTAT,0,3556894
tisBp,0.25,3,3,CCTAGACCTGTTGGTAGGAT,0,3558770
tisBp,0.25,3,3,CCTACGTTAAGCTGGCTCGT,0,3562133
tisBp,0.25,3,3,CCTACGCAGTGAGGACAACC,0,3548450
tisBp,0.25,3,3,CCGTGGGACGACCCGTTCCT,0,3590206
tisBp,0.25,3,3,CCGTGGCGTGCCATACATGC,0,3575711
tisBp,0.25,3,3,CCGTGCATGTGACCTGGCAA,0,3544119
tisBp,0.25,3,3,CCGTGATTCAGGTGCAGGTA,0,3588054
tisBp,0.25,3,3,CCGTGATAATTTTCTCGCTT,0,3568292
tisBp,0.25,3,3,CCGTGAACGCAACACAAGTC,0,3565006
tisBp,0.25,3,3,CCGTATTCACCCGTAGTTAA,0,3567424
tisBp,0.25,3,3,CCGGTTGGACCCCTTTACTG,0,3543171
tisBp,0.25,3,3,CCGGGCTACCATACCGTCCT,0,3558312
tisBp,0.25,3,3,CCGGCATGTAATCACCGCAG,0,3570510
tisBp,0.25,3,3,CCGGCATAAATCAACAAGAT,0,3575658
tisBp,0.25,3,3,CCGGCAACGAGTCGATAATT,0,3542130
tisBp,0.25,3,3,CCGGATCTAACGAATCGTGG,0,3574895
tisBp,0.25,3,3,CCGGAGGCTGGTCGCAACTT,0,3563697
tisBp,0.25,3,3,CCGGAGCGCGGAATAAAGTC,0,3574127
tisBp,0.25,3,3,CCGGAGCAATATTCCTCCAT,0,3594418
tisBp,0.25,3,3,CCGGACAAGTTGTGATTAAG,0,3582505
tisBp,0.25,3,3,CCGCTTTCTCGGCCCGCCAA,0,3584823
tisBp,0.25,3,3,CCGCTCCGTCATAGTAGTCT,0,3582532
tisBp,0.25,3,3,CCGCTCAGAGAATCCATGAT,0,3562951
tisBp,0.25,3,3,CCGCCCCCTTCAGGCAGCGG,0,3542612
tisBp,0.25,3,3,CCGCCAGATCTCTCGCTTAT,0,3546474
tisBp,0.25,3,3,CCGCACGTTCAAACTTGGGG,0,3561108
tisBp,0.25,3,3,CCGCAATGATACGATGGATA,0,3567077
tisBp,0.25,3,3,CCGCAAGTATCAGTCGGCTT,0,3555546
tisBp,0.25,3,3,CCGATTCGATATTTCCATTA,0,3552430
tisBp,0.25,3,3,CCGAGGTGGTCTGAGGACTC,0,3571606
tisBp,0.25,3,3,CCGAGCGCACATCCGACGAT,0,3572594
tisBp,0.25,3,3,CCGAGAGTCATGGGTAGGTG,0,3545138
tisBp,0.25,3,3,CCGACTGAAGCCATCAGCAG,0,3564561
tisBp,0.25,3,3,CCGACAGGAGTTTCAAAGGC,0,3580295
tisBp,0.25,3,3,CCGAACCATAGACGGGCATA,0,3559080
tisBp,0.25,3,3,CCCTTTTCCGCCGATGGTTG,0,3569993
tisBp,0.25,3,3,CCCTTTTATGATGTACTAAT,0,3556152
tisBp,0.25,3,3,CCCTGTCGAGCGGGAATCTC,0,3588051
tisBp,0.25,3,3,CCCTCACCATAGTGACCGCG,0,3550417
tisBp,0.25,3,3,CCCTACGGAGCAACAACATA,0,3554701
tisBp,0.25,3,3,CCCGTGCGACCAATGTAATA,0,3585689
tisBp,0.25,3,3,CCCGGCGCGCTTTGACGAGG,0,3578872
tisBp,0.25,3,3,CCCGCCCATTAGGTCTATGT,0,3587350
tisBp,0.25,3,3,CCCGCATCGGCGGGGAGACA,0,3549844
tisBp,0.25,3,3,CCCGAGGGGTAAACAGAGGT,0,3580395
tisBp,0.25,3,3,CCCCTTGGTGTTAACGATCC,0,3548108
tisBp,0.25,3,3,CCCCTCTCAGCCGAAGGTAG,0,3596491
tisBp,0.25,3,3,CCCCTATTGCACATAAATCT,0,3557711
tisBp,0.25,3,3,CCCCGGCTAAGTATGATGAG,0,3598488
tisBp,0.25,3,3,CCCCGCAGTGGTGCGAGAAA,0,3558115
tisBp,0.25,3,3,CCCCGACCTACTAGCCCTTC,0,3597929
tisBp,0.25,3,3,CCCCCGTGGGGAGAGAAATG,0,3584314
tisBp,0.25,3,3,CCCCATGACTCCTACTCTCC,0,3575696
tisBp,0.25,3,3,CCCCACGGGCACCTCGAATC,0,3557053
tisBp,0.25,3,3,CCCATGTACAAGCTTGTAGT,0,3576340
tisBp,0.25,3,3,CCCATGGGGTGTTGCGCGGA,0,3576246
tisBp,0.25,3,3,CCCAAGTTTTTGAACCATAC,0,3578242
tisBp,0.25,3,3,CCCAAGGTGAAGCCGTGGGA,0,3571439
tisBp,0.25,3,3,CCCAAGATCGCCCCAGCGTC,0,3557973
tisBp,0.25,3,3,CCATTTAGTGGTGCCCAGGA,0,3563860
tisBp,0.25,3,3,CCATTCCGTGGACTTAGCCT,0,3575218
tisBp,0.25,3,3,CCATTAGCGAAGCCGTTGTA,0,3544132
tisBp,0.25,3,3,CCATGCGTGGGCGCTTGAGC,0,3555901
tisBp,0.25,3,3,CCATGCAACGGGCATGGCCG,0,3551564
tisBp,0.25,3,3,CCATCTGACGTGTATTCCGT,0,3570402
tisBp,0.25,3,3,CCAGTACACCCAGGATGGAG,0,3564239
tisBp,0.25,3,3,CCAGGTTATCGGGCACGGAT,0,3544319
tisBp,0.25,3,3,CCAGGGCTAGGATGGGCGCA,0,3572098
tisBp,0.25,3,3,CCAGCTAGCGCTTCACACAT,0,3586168
tisBp,0.25,3,3,CCAGCCAGTGACGGTATGTA,0,3567238
tisBp,0.25,3,3,CCACTTCCTGTAACATATCT,0,3580461
tisBp,0.25,3,3,CCACTTATGACATTGGTGGT,0,3558976
tisBp,0.25,3,3,CCACTGAGATAAATCGTAGC,0,3594262
tisBp,0.25,3,3,CCACCTCGGCTGGTAGTCCA,0,3562300
tisBp,0.25,3,3,CCAATAGGGTATCTTACCGG,0,3554133
tisBp,0.25,3,3,CCAAGTTGGCCACTCTAGTA,0,3573025
tisBp,0.25,3,3,CCAAGCGGCGGTTACTAACT,0,3549641
tisBp,0.25,3,3,CCAAGCGATCAGGTATTCCT,0,3570434
tisBp,0.25,3,3,CCAACTTGGTCATTCTTTAT,0,3596376
tisBp,0.25,3,3,CCAAAGCGTCATTCATGGAT,0,3558716
tisBp,0.25,3,3,CCAAAACGCTATCGCGCTGC,0,3563574
tisBp,0.25,3,3,CATTTTGACAAGTGAAATTC,0,3543713
tisBp,0.25,3,3,CATTTCCTGCAGTGAGAGAA,0,3598832
tisBp,0.25,3,3,CATTGTACACCGGCCAGACG,0,3602028
tisBp,0.25,3,3,CATTGCCCGTTACAGGACTA,0,3598259
tisBp,0.25,3,3,CATTCCTTGGCCCGGGTCAT,0,3560772
tisBp,0.25,3,3,CATTCCTCGCAAGGTTTCGA,0,3597080
tisBp,0.25,3,3,CATTCAATGGAGAGCAGTAG,0,3549802
tisBp,0.25,3,3,CATTAACGAGGCCCATTCAG,0,3573572
tisBp,0.25,3,3,CATGTCTGTAAATGAGCTTA,0,3568734
tisBp,0.25,3,3,CATGTAGTCAAGAAGCAAAC,0,3589311
tisBp,0.25,3,3,CATGGCGCCAGCCCGTAGGC,0,3596603
tisBp,0.25,3,3,CATGGCGCAGTCATTAAGCA,0,3551273
tisBp,0.25,3,3,CATGCGTGAGAAGCGGGCAG,0,3547361
tisBp,0.25,3,3,CATCTGGCTTAGAACCGGAT,0,3586219
tisBp,0.25,3,3,CATCCTTGGTCAGAAATGAA,0,3586463
tisBp,0.25,3,3,CATCACGCGCCTAGCACCAG,0,3542732
tisBp,0.25,3,3,CATCAATTTAGTGGGGGTGA,0,3558901
tisBp,0.25,3,3,CATCAACAAGGCTACACTTC,0,3582286
tisBp,0.25,3,3,CATATAAGTGTAACCTCAAA,0,3594822
tisBp,0.25,3,3,CATAGACTGTGATAGCAGCT,0,3542733
tisBp,0.25,3,3,CATACTCAAGCAAGGCCAGT,0,3579433
tisBp,0.25,3,3,CAGTTTTTGCTACGGTCATG,0,3580783
tisBp,0.25,3,3,CAGTTGCCTTTCGACCTGCT,0,3590602
tisBp,0.25,3,3,CAGTTATGGAATGGGAGGTG,0,3579440
tisBp,0.25,3,3,CAGTTACCCGCACTACTATG,0,3598377
tisBp,0.25,3,3,CAGTGCCACTGGTTCGCGAT,0,3592576
tisBp,0.25,3,3,CAGTCTACTCATCCCGCTTG,0,3589387
tisBp,0.25,3,3,CAGTCAGTTAAATCGGGAAA,0,3576572
tisBp,0.25,3,3,CAGTATAAAAGAGGCGCCAC,0,3548165
tisBp,0.25,3,3,CAGTAAGTAGCGGTGCCCCC,0,3597802
tisBp,0.25,3,3,CAGTAACAACCAGCAACAGG,0,3584622
tisBp,0.25,3,3,CAGGTCCCATTGTAGGTATA,0,3597217
tisBp,0.25,3,3,CAGGTCCAGAGAACGTCACA,0,3547563
tisBp,0.25,3,3,CAGGTAGTTACGGGAGCAAG,0,3553921
tisBp,0.25,3,3,CAGGTACAAATCGTTCACGC,0,3555748
tisBp,0.25,3,3,CAGGGGGCCACCTAAGTATT,0,3565309
tisBp,0.25,3,3,CAGGGCCTCCTAACGCAAGT,0,3597445
tisBp,0.25,3,3,CAGGGCAGGTGATGCGAACG,0,3596655
tisBp,0.25,3,3,CAGGGAAACACCGTCAACGT,0,3565653
tisBp,0.25,3,3,CAGGCACGGACGTTATGAAT,0,3560359
tisBp,0.25,3,3,CAGCTATACACTGGCGACGT,0,3584481
tisBp,0.25,3,3,CAGCGTGGGGGACGGAAGTG,0,3548595
tisBp,0.25,3,3,CAGCGAGAGATCGCGTAGAT,0,3602692
tisBp,0.25,3,3,CAGCCTGATCATAAGAGCAA,0,3590647
tisBp,0.25,3,3,CAGCATGCTACACTTCCAGC,0,3543887
tisBp,0.25,3,3,CAGATTTTACTGGAGGAGAT,0,3585083
tisBp,0.25,3,3,CAGATTGGTGGTGGCCTCGG,0,3557927
tisBp,0.25,3,3,CAGAGCCTTGAGTAAGAGGA,0,3565746
tisBp,0.25,3,3,CAGACTTGTAGTGGACCTCT,0,3542605
tisBp,0.25,3,3,CAGACCAACTGCCGTTAACA,0,3572563
tisBp,0.25,3,3,CAGAACTGTTCCGCAATAAG,0,3584308
tisBp,0.25,3,3,CACTTTCTAGCCAGAAGTAT,0,3551720
tisBp,0.25,3,3,CACTTGTTGGTTCTCTCGAG,0,3594131
tisBp,0.25,3,3,CACTTCGGTTGGATGTAGGT,0,3577654
tisBp,0.25,3,3,CACTTACGGTACGCATCGTG,0,3574215
tisBp,0.25,3,3,CACTGTGGATAGACTCCGTA,0,3580682
tisBp,0.25,3,3,CACTGACCGTTAAGTTTCTG,0,3567061
tisBp,0.25,3,3,CACTCCTTTCCAGCAGCGCA,0,3573591
tisBp,0.25,3,3,CACTAGCAACGGCACACGTC,0,3548019
tisBp,0.25,3,3,CACTAGATCAGCATCTTCAG,0,3570770
tisBp,0.25,3,3,CACTACTTTTGCTACAAGCT,0,3596888
tisBp,0.25,3,3,CACGTTTTGGGAACTCACTT,0,3585573
tisBp,0.25,3,3,CACGTACTTCCAAGCCGACC,0,3585261
tisBp,0.25,3,3,CACGGTGTGTACAACAGCGC,0,3588442
tisBp,0.25,3,3,CACGGTAAGTCCCACAACTG,0,3570843
tisBp,0.25,3,3,CACGGGTATGTGTCAAACCA,0,3598257
tisBp,0.25,3,3,CACGGAATTAGTCACCCACA,0,3556548
tisBp,0.25,3,3,CACGCTCAATTAGTGGTTGA,0,3565230
tisBp,0.25,3,3,CACGCATGGACATTAAACTG,0,3543852
tisBp,0.25,3,3,CACCTGCGAGCATCGACTAT,0,3585720
tisBp,0.25,3,3,CACCGGACGTATCGGGAGGC,0,3601956
tisBp,0.25,3,3,CACCGCTGTCCGAGCTGTCT,0,3566251
tisBp,0.25,3,3,CACCGATCGAGGCGCATCAG,0,3556741
tisBp,0.25,3,3,CACCCTGTCCTCACTCCGCA,0,3580424
tisBp,0.25,3,3,CACCCATGACTGGTCCCTGA,0,3560128
tisBp,0.25,3,3,CACATTTAAGCAGAGGCGCC,0,3588887
tisBp,0.25,3,3,CACACTGCTTACGTGGTTGT,0,3564323
tisBp,0.25,3,3,CACACGGGTGTAATCAAGTG,0,3549919
tisBp,0.25,3,3,CACACATAGAAAGGACCACA,0,3586556
tisBp,0.25,3,3,CAATTCGAAAGCCCTGTTAT,0,3568745
tisBp,0.25,3,3,CAATGTTAAGGACTTTTTAG,0,3572045
tisBp,0.25,3,3,CAATCAATTATGCGCGCGGA,0,3580470
tisBp,0.25,3,3,CAATATAAATTGGCTGCGTG,0,3562771
tisBp,0.25,3,3,CAATAGTTGCGTCCCTGGTG,0,3592804
tisBp,0.25,3,3,CAAGTTTATGTGTGCAATGA,0,3566400
tisBp,0.25,3,3,CAAGTCGGCAGTGAGTATAA,0,3552021
tisBp,0.25,3,3,CAAGGTTCATGAGGTAATGC,0,3571607
tisBp,0.25,3,3,CAAGGAGTGAGTGTGTAGAC,0,3593554
tisBp,0.25,3,3,CAAGCACCAGGCCAACACGT,0,3589865
tisBp,0.25,3,3,CAAGATCCTAGGCCTGCCCT,0,3549431
tisBp,0.25,3,3,CAAGATATAAGACTAATGGC,0,3553960
tisBp,0.25,3,3,CAAGAGTCAAAAACTAACCA,0,3576904
tisBp,0.25,3,3,CAAGAACCTTGGTGTCCTGC,0,3585408
tisBp,0.25,3,3,CAACTCTTCACAGTACAGGT,0,3592777
tisBp,0.25,3,3,CAACGTCCCTCAGCCGGTTA,0,3583799
tisBp,0.25,3,3,CAACCGCATAGTAAAGAAGG,0,3602984
tisBp,0.25,3,3,CAAATCCGGGTCGGGCGGAT,0,3541284
tisBp,0.25,3,3,CAAATACCCGCGAATCGGCA,0,3570966
tisBp,0.25,3,3,CAAAGAACTTACGCGCGAGT,0,3556801
tisBp,0.25,3,3,CAAAATCGCCTATCACTAGC,0,3599482
tisBp,0.25,3,3,CAAAAGTGAGCCAGGGCAAA,0,3563935
tisBp,0.25,3,3,CAAAAGGCTGTCTGTAGTTG,0,3541802
tisBp,0.25,3,3,CAAAACGTCAGGCATAAGGC,0,3579525
tisBp,0.25,3,3,ATTTGTCGGTGGAATTTCCT,0,3556999
tisBp,0.25,3,3,ATTTGCGAGCCTTAAGTTTT,0,3543531
tisBp,0.25,3,3,ATTTATAGAAATCCCCAACG,0,3584827
tisBp,0.25,3,3,ATTTAGTTCGTACTAAAGAT,0,3592130
tisBp,0.25,3,3,ATTTAGACGTGATACGTCCC,0,3543752
tisBp,0.25,3,3,ATTGTGATAAGCTGTTCCGT,0,3586319
tisBp,0.25,3,3,ATTGTCGAGTGCGGGGGTGT,0,3560655
tisBp,0.25,3,3,ATTGGGTTGTAGTGGAAAAA,0,3544851
tisBp,0.25,3,3,ATTGCGTAGCAGTTGCCCGT,0,3549172
tisBp,0.25,3,3,ATTCTGAGGCTAAACTCTTT,0,3596986
tisBp,0.25,3,3,ATTCCCGATATAGAGAATAG,0,3595810
tisBp,0.25,3,3,ATTCCACTGACTGCGTCAGT,0,3591419
tisBp,0.25,3,3,ATTATCCCACCTTACTTCCC,0,3548460
tisBp,0.25,3,3,ATTAATTGTACCGGCACGGA,0,3545911
tisBp,0.25,3,3,ATTAAGCTGTTGAGTTGAGA,0,3600145
tisBp,0.25,3,3,ATTAAGACTTAATCTTTAGT,0,3599524
tisBp,0.25,3,3,ATGTTTCGATCTGTACCGAG,0,3578557
tisBp,0.25,3,3,ATGTTATGTGCTAGCGCGGC,0,3544445
tisBp,0.25,3,3,ATGTGGTCTCACAAGTACAT,0,3597127
tisBp,0.25,3,3,ATGTCCGAATGTCTAACTGT,0,3600960
tisBp,0.25,3,3,ATGTACTGAGCTTCCATAAT,0,3564647
tisBp,0.25,3,3,ATGTACACGAGAAGGCGAGG,0,3547923
tisBp,0.25,3,3,ATGTACAATCATTATCCTGG,0,3562773
tisBp,0.25,3,3,ATGTAAGTATTGTAGTTGGG,0,3548397
tisBp,0.25,3,3,ATGGGGCCTCAGACATTAGG,0,3556046
tisBp,0.25,3,3,ATGGGATAACTCTCGAGTCG,0,3545134
tisBp,0.25,3,3,ATGGGAGGCTGGAATGTCCT,0,3543934
tisBp,0.25,3,3,ATGGACCATCTGCACGATAA,0,3558566
tisBp,0.25,3,3,ATGGAATTCCCAGCTTACCA,0,3597635
tisBp,0.25,3,3,ATGGAACGGGTATACCGATA,0,3577311
tisBp,0.25,3,3,ATGCTATCAGCCTAGGATAA,0,3581798
tisBp,0.25,3,3,ATGCGGTGTTGGTAACCGCA,0,3562018
tisBp,0.25,3,3,ATGCGATGCGAGGGATAGCA,0,3543069
tisBp,0.25,3,3,ATGCGAATTGTAAACTAGCT,0,3555550
tisBp,0.25,3,3,ATGCCTTACGAGATTCATCT,0,3552484
tisBp,0.25,3,3,ATGCCAGAATTGTAGGTTCA,0,3566842
tisBp,0.25,3,3,ATGCATTCTGCGGTCAAGAC,0,3583408
tisBp,0.25,3,3,ATGCAGTATTTCCTTGCAAC,0,3566834
tisBp,0.25,3,3,ATGCAGGGCACCTGGTAACA,0,3588751
tisBp,0.25,3,3,ATGATTAACGTACTTATACA,0,3543538
tisBp,0.25,3,3,ATGACGCCAGCGGACAGGTC,0,3549190
tisBp,0.25,3,3,ATCTGGCACCTGATCTTTAA,0,3554294
tisBp,0.25,3,3,ATCTGATCAGAGATGTAGGC,0,3570899
tisBp,0.25,3,3,ATCTCTCTAAGATTGATTGA,0,3554585
tisBp,0.25,3,3,ATCTAAACCCACATTTATAT,0,3592340
tisBp,0.25,3,3,ATCGTCCAAGGATATCCTAT,0,3543937
tisBp,0.25,3,3,ATCGTATCGCTTGGAAAATG,0,3550817
tisBp,0.25,3,3,ATCGTACCCACTGTGGGCTG,0,3585742
tisBp,0.25,3,3,ATCGGATCACGCCCATTACT,0,3577048
tisBp,0.25,3,3,ATCGCCGTCTCGGAGCCTCT,0,3570479
tisBp,0.25,3,3,ATCGAGTAAGAGGACCGCTA,0,3564428
tisBp,0.25,3,3,ATCCTGAGGGCACCACGATT,0,3568083
tisBp,0.25,3,3,ATCCTGACCAGCATGGTATA,0,3581060
tisBp,0.25,3,3,ATCCGTCTCGGCGGTTTTAC,0,3558378
tisBp,0.25,3,3,ATCCCTGTGAAAAGAGGCAA,0,3544272
tisBp,0.25,3,3,ATCCCTGTAGTCGCTGCTGG,0,3545884
tisBp,0.25,3,3,ATCCCGTCCGCCGTGGCCAT,0,3567176
tisBp,0.25,3,3,ATCAGTTGAGTAATCAGCTC,0,3598105
tisBp,0.25,3,3,ATCAGTTGAGTAAGTAGAGA,0,3570227
tisBp,0.25,3,3,ATCACTCCAGCCTTGTAACG,0,3585704
tisBp,0.25,3,3,ATATTCCGATTTGGCAGCCT,0,3586729
tisBp,0.25,3,3,ATATTATAATCCGTGATAGC,0,3564924
tisBp,0.25,3,3,ATATCTCGGGTGTTAGGGAC,0,3559785
tisBp,0.25,3,3,ATATATTCCGGCTTAGGAAA,0,3557498
tisBp,0.25,3,3,ATATATAGGCTGTATGGATC,0,3590589
tisBp,0.25,3,3,ATAGTTCGAATCAGTAGCGA,0,3585387
tisBp,0.25,3,3,ATAGTAATAGCCTACGCTCA,0,3570886
tisBp,0.25,3,3,ATAGAAGTAGTCGCTAGGCG,0,3544431
tisBp,0.25,3,3,ATAGAACCCGGAAGCACAGC,0,3603223
tisBp,0.25,3,3,ATACTTTATATGAGGCAGCA,0,3577806
tisBp,0.25,3,3,ATACTTATTACTTGTGGGCG,0,3571166
tisBp,0.25,3,3,ATACTTATGGTGGACCACGA,0,3555921
tisBp,0.25,3,3,ATACTATTAACATGCTCGAA,0,3591065
tisBp,0.25,3,3,ATACGGGCTAAGGTTCGCTT,0,3594996
tisBp,0.25,3,3,ATACCTCCCGTAGTGAGTTG,0,3594449
tisBp,0.25,3,3,ATACCGTTTATGGCCCGGGC,0,3541497
tisBp,0.25,3,3,ATACCGCCTGCACCATTCGA,0,3577851
tisBp,0.25,3,3,ATACCCGCCTGTGTGTCGGT,0,3598851
tisBp,0.25,3,3,ATACCATGCATCAGGTACCC,0,3573469
tisBp,0.25,3,3,ATACAGTTCGGATCATGGTG,0,3592820
tisBp,0.25,3,3,ATACAATGTGAGAATATCGT,0,3548506
tisBp,0.25,3,3,ATAATTTGTCCAATGAGTGC,0,3586861
tisBp,0.25,3,3,ATAATTTAATATCGTTATCC,0,3545029
tisBp,0.25,3,3,ATAATTATAGGATGACTGGC,0,3593035
tisBp,0.25,3,3,ATAATCATCGGATCCATTCC,0,3573322
tisBp,0.25,3,3,ATAATATTCAAAGGTTGGGA,0,3575144
tisBp,0.25,3,3,ATAAATGGCGAGTTATAAGC,0,3553160
tisBp,0.25,3,3,ATAAATCCTTGCCCTATTAC,0,3592483
tisBp,0.25,3,3,ATAAAAAGGTATTTAAGAAT,0,3543942
tisBp,0.25,3,3,AGTTTTCCTCGAAAACGGTC,0,3594106
tisBp,0.25,3,3,AGTTTGCGAAAGATACTTAC,0,3551728
tisBp,0.25,3,3,AGTTTCGATCGCGTCATTGG,0,3585153
tisBp,0.25,3,3,AGTTTAACTACTCGCGCAAT,0,3557977
tisBp,0.25,3,3,AGTTGGGTTCACAGGCCGTG,0,3566235
tisBp,0.25,3,3,AGTTCCTTGTAGTCCGAATG,0,3567472
tisBp,0.25,3,3,AGTTCCATCTGAGGCCCACA,0,3564341
tisBp,0.25,3,3,AGTTATGCGGGTCAGGCAAT,0,3551080
tisBp,0.25,3,3,AGTTAGATTTGCTAGTTCCT,0,3553744
tisBp,0.25,3,3,AGTGTTCCACTAAGGCCCCC,0,3565779
tisBp,0.25,3,3,AGTGGTGTGCACGTTGAGGC,0,3596717
tisBp,0.25,3,3,AGTGGGAGCAGATTCGAGTG,0,3590162
tisBp,0.25,3,3,AGTCGGACCTATCGTCTCCG,0,3571126
tisBp,0.25,3,3,AGTCGAACGACCAACAAGTG,0,3587445
tisBp,0.25,3,3,AGTCCTAGGGCCACGCCACA,0,3587886
tisBp,0.25,3,3,AGTCCGACGGAGATCTGTTT,0,3589476
tisBp,0.25,3,3,AGTCATGCTAAAGTACTATC,0,3593882
tisBp,0.25,3,3,AGTCATCAAGTCTGCGTACT,0,3560490
tisBp,0.25,3,3,AGTCAGGTTGCCTTTTATGC,0,3597531
tisBp,0.25,3,3,AGTCAAGTTTCTAAAAAATG,0,3570211
tisBp,0.25,3,3,AGTCAAGTGAGCATCCTCGG,0,3580762
tisBp,0.25,3,3,AGTATCGTCGCACGGGTGAG,0,3602020
tisBp,0.25,3,3,AGTATACAGAACACACTATT,0,3601876
tisBp,0.25,3,3,AGTACTCTTCCGGTCGTCAT,0,3581378
tisBp,0.25,3,3,AGTAACTACGATACCGCCAG,0,3557239
tisBp,0.25,3,3,AGGTTGCACCATCTGAGGGG,0,3556086
tisBp,0.25,3,3,AGGTGGTCTCGCGAGTTCGT,0,3587998
tisBp,0.25,3,3,AGGTGGGGGGGCTTCCTAGG,0,3584774
tisBp,0.25,3,3,AGGTGACTCTGTGGGCTCCA,0,3596927
tisBp,0.25,3,3,AGGTCAGACGATGAACTCCC,0,3558222
tisBp,0.25,3,3,AGGTATAGTACTAACTGCGG,0,3561148
tisBp,0.25,3,3,AGGTACTGGTCGGTACAGGT,0,3593187
tisBp,0.25,3,3,AGGGTATCCCCCTAGGTCTA,0,3590308
tisBp,0.25,3,3,AGGGGCGATCCCATTTGACA,0,3544692
tisBp,0.25,3,3,AGGGGCAGTGCTCAGCAGGA,0,3570728
tisBp,0.25,3,3,AGGGCGTGATGAGCATACCT,0,3583307
tisBp,0.25,3,3,AGGGCATTTTGGGTAGTAGG,0,3551353
tisBp,0.25,3,3,AGGGACCCTTCTGTCAAAGT,0,3566708
tisBp,0.25,3,3,AGGCCGTAAAGAAAGTGACT,0,3554932
tisBp,0.25,3,3,AGGCCGAATGCTGATGGTAA,0,3541989
tisBp,0.25,3,3,AGGCATATAAATGAAATGCT,0,3596026
tisBp,0.25,3,3,AGGATTATATATAACGGCCA,0,3544850
tisBp,0.25,3,3,AGGAGTTCGCAGGGCCTGGT,0,3592159
tisBp,0.25,3,3,AGGAGTCGGTGCTCCGGCGA,0,3587689
tisBp,0.25,3,3,AGGAGTCACTTGGGGCACGA,0,3577314
tisBp,0.25,3,3,AGGAGTACGTCTAAGTCGAA,0,3598953
tisBp,0.25,3,3,AGGAGGATCGTGATTCAGAA,0,3603887
tisBp,0.25,3,3,AGGACTCGGATCAGCTTGTG,0,3596282
tisBp,0.25,3,3,AGGACAGCAAATTAGGGCCG,0,3576803
tisBp,0.25,3,3,AGGAATTAATCAAGTGATAA,0,3599305
tisBp,0.25,3,3,AGGAACCGTTCCCGACCGAA,0,3559568
tisBp,0.25,3,3,AGGAAACAGAAAGGGTATTC,0,3591368
tisBp,0.25,3,3,AGCTGATGGCAGACCCTCCG,0,3562669
tisBp,0.25,3,3,AGCTGAGGCTTCGACACCCA,0,3552946
tisBp,0.25,3,3,AGCTCTAATTCAAACTTACT,0,3572639
tisBp,0.25,3,3,AGCTCGGGTACAGAAATAGT,0,3551796
tisBp,0.25,3,3,AGCTCCCAGGCCACCGTCGC,0,3588053
tisBp,0.25,3,3,AGCTCACGCTTGTCGATAGC,0,3603409
tisBp,0.25,3,3,AGCTATTGGTGAAAAGTATA,0,3565593
tisBp,0.25,3,3,AGCTATATACATGGATAAGT,0,3591151
tisBp,0.25,3,3,AGCGCTCAGATCCGGGCCGA,0,3582944
tisBp,0.25,3,3,AGCGCTAGACCTAGTTGGTG,0,3580812
tisBp,0.25,3,3,AGCGCCTAGCAGGCCGACGA,0,3546429
tisBp,0.25,3,3,AGCGCCATAAGGACTTAGTG,0,3600249
tisBp,0.25,3,3,AGCGCATCCTTGTTAGAAAC,0,3556888
tisBp,0.25,3,3,AGCGATGTCATGACTGGAGT,0,3563766
tisBp,0.25,3,3,AGCGAGTCTTGATTTAGTGT,0,3570230
tisBp,0.25,3,3,AGCCTCCCTTTGACACCTTC,0,3585006
tisBp,0.25,3,3,AGCCGGTTCAACGGTAGTTC,0,3582864
tisBp,0.25,3,3,AGCCGCAGTTATATGCGGTG,0,3541443
tisBp,0.25,3,3,AGCCCGCCCCCCGGGGCTGT,0,3588163
tisBp,0.25,3,3,AGCCATCGTGCTTGCGGGGT,0,3552296
tisBp,0.25,3,3,AGCCATCCCTTTGCCCGTGC,0,3557955
tisBp,0.25,3,3,AGCATGGTCATGTTTCTGAC,0,3562158
tisBp,0.25,3,3,AGCATCCACCGACGGGGACC,0,3571907
tisBp,0.25,3,3,AGCATAACTCCAACTGGGAT,0,3583091
tisBp,0.25,3,3,AGCACCTGTGAAGCACGGTC,0,3587100
tisBp,0.25,3,3,AGCACCAGGCTCGACGCTGC,0,3582469
tisBp,0.25,3,3,AGCACAGCTGTCGTCGCCCC,0,3552892
tisBp,0.25,3,3,AGCACAATGCCAGAGAACTG,0,3552479
tisBp,0.25,3,3,AGATTTGGATTCGGTATCCT,0,3584894
tisBp,0.25,3,3,AGATTGTTTCACCCCGACGA,0,3596204
tisBp,0.25,3,3,AGATGTCAAGCGAATTCGGT,0,3581141
tisBp,0.25,3,3,AGATGCGACAGACCATCTAC,0,3599554
tisBp,0.25,3,3,AGATGATGACGGTTGTCACT,0,3544859
tisBp,0.25,3,3,AGATCCAGGGGGTTATTCCC,0,3586159
tisBp,0.25,3,3,AGAGTGAGGTGCACTTCGGG,0,3590525
tisBp,0.25,3,3,AGAGTCGGTTTTTAAACGTA,0,3577998
tisBp,0.25,3,3,AGAGCATTAAGTCGAGTGAC,0,3585334
tisBp,0.25,3,3,AGAGATCTGGTACTATCTAG,0,3584246
tisBp,0.25,3,3,AGAGAGATGAAGATGACATG,0,3553648
tisBp,0.25,3,3,AGACTACGGTTGGCGGACAG,0,3596861
tisBp,0.25,3,3,AGACGCCTCTTAGCCACTGG,0,3597588
tisBp,0.25,3,3,AGACGACTCCTGAGCAACGG,0,3592759
tisBp,0.25,3,3,AGACAGTCCGAGAAGAAAGA,0,3547952
tisBp,0.25,3,3,AGAATGCCCAAGGGCGGGAC,0,3550659
tisBp,0.25,3,3,AGAAGTTGGTATGGTGTACC,0,3596846
tisBp,0.25,3,3,AGAAGCCCGACGGCAAATAA,0,3602393
tisBp,0.25,3,3,AGAAGCCACCAGAGCCATCT,0,3546094
tisBp,0.25,3,3,AGAACGTATTCTAACGCCGC,0,3598686
tisBp,0.25,3,3,AGAACGAATGACTCCTGTTA,0,3544996
tisBp,0.25,3,3,AGAAAGTTACACGGAAGAAC,0,3556106
tisBp,0.25,3,3,AGAAAGTGTTTAGAATATCC,0,3566723
tisBp,0.25,3,3,AGAAACCGCAGGACATATAT,0,3579324
tisBp,0.25,3,3,AGAAAAGAACCCGCTTCGAA,0,3555565
tisBp,0.25,3,3,ACTTTTTGGGCGGTTACCTT,0,3568699
tisBp,0.25,3,3,ACTTTTCGTCAAATACGAAC,0,3588855
tisBp,0.25,3,3,ACTTTCAGAACTAGGCAGCA,0,3557648
tisBp,0.25,3,3,ACTTTAAGGATACCGATGTT,0,3548919
tisBp,0.25,3,3,ACTTAGCCGTATGTTTTGCT,0,3587644
tisBp,0.25,3,3,ACTGGTCACACACGGTAAAC,0,3581856
tisBp,0.25,3,3,ACTGCTCTCTCATTCAGTGA,0,3568348
tisBp,0.25,3,3,ACTGCGTAATAATTAAAAAG,0,3562938
tisBp,0.25,3,3,ACTGATGGAGGAATATTAAT,0,3568620
tisBp,0.25,3,3,ACTGAGTTAGTAGGGCCGGC,0,3546402
tisBp,0.25,3,3,ACTCTTGCCAGCACAGGCGC,0,3554283
tisBp,0.25,3,3,ACTCTGTCTCAGTTGGTATC,0,3552831
tisBp,0.25,3,3,ACTCTGGTTAGCTCTCCTTA,0,3554143
tisBp,0.25,3,3,ACTCTACCTAATGGAACTCG,0,3599428
tisBp,0.25,3,3,ACTCTAATATTTAAATGGCA,0,3551801
tisBp,0.25,3,3,ACTCGTGATGTGGTGCGTTT,0,3603489
tisBp,0.25,3,3,ACTCCTCTGTAAGCGATCCG,0,3569187
tisBp,0.25,3,3,ACTCCATGGGTTGATATCTA,0,3596117
tisBp,0.25,3,3,ACTCATTTTCTTAAGTACCA,0,3579914
tisBp,0.25,3,3,ACTCAGAAGTAATCTCCTGG,0,3563290
tisBp,0.25,3,3,ACTCACGTGCTATTGGCTGG,0,3543488
tisBp,0.25,3,3,ACTATTGTGAGTACCGGTTC,0,3570452
tisBp,0.25,3,3,ACTATTCATGACGCAAATAC,0,3572679
tisBp,0.25,3,3,ACTATCTCCGGGGGGCGAAC,0,3568595
tisBp,0.25,3,3,ACTATCCAGTCGGCTCCACA,0,3598121
tisBp,0.25,3,3,ACTAGCGTTGACGGCGAGTA,0,3584312
tisBp,0.25,3,3,ACTACCTCGACGAAAAAGAG,0,3545737
tisBp,0.25,3,3,ACTAAGGTCGCGTCGGTTCG,0,3593564
tisBp,0.25,3,3,ACGTTTGTCTCATTCTAGAT,0,3591415
tisBp,0.25,3,3,ACGTTGTTTACTGAGGTGTT,0,3592976
tisBp,0.25,3,3,ACGTTCGCAGGTTGTAATTA,0,3563656
tisBp,0.25,3,3,ACGTTCAAAAGAATATGTAT,0,3594042
tisBp,0.25,3,3,ACGTGTCTGGGGGGGCCGTT,0,3558306
tisBp,0.25,3,3,ACGTGCTCGCCCCCGCTACT,0,3565543
tisBp,0.25,3,3,ACGTGACATCTCGCTCTACC,0,3581510
tisBp,0.25,3,3,ACGGTGTTACTGTAGGTTTG,0,3591006
tisBp,0.25,3,3,ACGGTAGCTTGAGGGCGGAT,0,3580692
tisBp,0.25,3,3,ACGGGTGGTCCTCGAGTGAC,0,3580508
tisBp,0.25,3,3,ACGGGTCCTAACAATACTGT,0,3553307
tisBp,0.25,3,3,ACGGGCCAACGAAATGTATT,0,3581107
tisBp,0.25,3,3,ACGGGATCATCTTGGCAAGG,0,3578709
tisBp,0.25,3,3,ACGGCCTTCTACGAACTACA,0,3561757
tisBp,0.25,3,3,ACGGAGTTGGTGCGCATTAG,0,3598620
tisBp,0.25,3,3,ACGGACTCTCCTTTTAAGCA,0,3601487
tisBp,0.25,3,3,ACGGACCTCATGACTACTTA,0,3544106
tisBp,0.25,3,3,ACGCTGCAATAGCCATGACA,0,3601378
tisBp,0.25,3,3,ACGCGTGTATCCCTCCGGTC,0,3572885
tisBp,0.25,3,3,ACGCCTTATAGAAATGGGAC,0,3559985
tisBp,0.25,3,3,ACGCCGTGGCTCATGCCCCT,0,3541753
tisBp,0.25,3,3,ACGCCGCATAGTTCGTCCAG,0,3545890
tisBp,0.25,3,3,ACGCCCCATTGCTTGAGGCA,0,3596773
tisBp,0.25,3,3,ACGCACCATCTGTCCGACTT,0,3582978
tisBp,0.25,3,3,ACGATTCTGATGACACTACC,0,3552149
tisBp,0.25,3,3,ACGATATGTTCAATGGGGTC,0,3566747
tisBp,0.25,3,3,ACGAGATTCCTGTGATGCCT,0,3573271
tisBp,0.25,3,3,ACGAGACGCGACGGAAACAA,0,3600402
tisBp,0.25,3,3,ACGACTGCCATTACCCTGGA,0,3552405
tisBp,0.25,3,3,ACGAATTGAGTCACACGGTA,0,3603841
tisBp,0.25,3,3,ACCTGTCCTATGTGCAGCAA,0,3581008
tisBp,0.25,3,3,ACCTGGGCTGTTCCGGCCCC,0,3569543
tisBp,0.25,3,3,ACCTGGACTTCCGGACATGT,0,3565384
tisBp,0.25,3,3,ACCTGCTAACGTCATCAGTT,0,3578948
tisBp,0.25,3,3,ACCTCAGATGTATGGGTGGA,0,3566588
tisBp,0.25,3,3,ACCTATGTAAGTGGACAAAT,0,3584203
tisBp,0.25,3,3,ACCTAGGCGATTGCTCTAAC,0,3554674
tisBp,0.25,3,3,ACCTAATGCGTCTTGTGACG,0,3542546
tisBp,0.25,3,3,ACCGTTGTCGGGGGTTAGTA,0,3574527
tisBp,0.25,3,3,ACCGTGTGGTGTCACAGGCT,0,3591703
tisBp,0.25,3,3,ACCGTCGGGGGTCCAGTGGT,0,3541929
tisBp,0.25,3,3,ACCGTACAGAGACAGGAATG,0,3578325
tisBp,0.25,3,3,ACCGGTGTTGGCCGGGCTTA,0,3568717
tisBp,0.25,3,3,ACCGGCGTCCCCTAGCTAAT,0,3543376
tisBp,0.25,3,3,ACCGCTGCGGTACTTACGGG,0,3562721
tisBp,0.25,3,3,ACCCTCGTATAAGTTCGTAT,0,3561918
tisBp,0.25,3,3,ACCCGCTCGGAGGTTTATAA,0,3560561
tisBp,0.25,3,3,ACCCCTGGCGAAACATTGCC,0,3577886
tisBp,0.25,3,3,ACCCCCGTTTGGCCGGATCA,0,3565482
tisBp,0.25,3,3,ACCCAGCATATCCGTCGCAA,0,3583500
tisBp,0.25,3,3,ACCCAAAGAATTTTTTGTCA,0,3542269
tisBp,0.25,3,3,ACCATTACCCGGTGGAAAAG,0,3572798
tisBp,0.25,3,3,ACCATGCGGATTCAAACTTT,0,3547453
tisBp,0.25,3,3,ACCAGTCTGGGATATAGGTG,0,3596749
tisBp,0.25,3,3,ACCAGCGGTCAGCGAACGTT,0,3550634
tisBp,0.25,3,3,ACCAGCCTACGTTGATATGA,0,3587826
tisBp,0.25,3,3,ACCAGCCGTCCCATCTAGTA,0,3578133
tisBp,0.25,3,3,ACCACCAAACAGGCACCAGA,0,3573831
tisBp,0.25,3,3,ACCAATGCCCGGTTAACCCT,0,3584286
tisBp,0.25,3,3,ACCAAGTCTGAAGACTCGGA,0,3581257
tisBp,0.25,3,3,ACCAAAGTTAATGGTGCTTG,0,3594740
tisBp,0.25,3,3,ACATTTATCTAGGAAAGGCA,0,3581850
tisBp,0.25,3,3,ACATTATATTTTTGGGCCAT,0,3548249
tisBp,0.25,3,3,ACATGGGTCAATAGGCTCCA,0,3598444
tisBp,0.25,3,3,ACATGGGGAAGTCTCGTTGT,0,3570525
tisBp,0.25,3,3,ACATGAGAATAGGTAGGGTA,0,3597114
tisBp,0.25,3,3,ACATAGCCCTGTTACCGCAG,0,3586385
tisBp,0.25,3,3,ACATACAATCGAGACAACCT,0,3601752
tisBp,0.25,3,3,ACATAATTAAGCCAGTGTGC,0,3564312
tisBp,0.25,3,3,ACATAAGGGCGTTCTTCACC,0,3553172
tisBp,0.25,3,3,ACAGTGGCTTCGGATAACAT,0,3561049
tisBp,0.25,3,3,ACAGTGCGTTTGAGATACAT,0,3561364
tisBp,0.25,3,3,ACAGATCGAATGATGATATG,0,3543034
tisBp,0.25,3,3,ACAGAAATCGTCCGCCAAGG,0,3548592
tisBp,0.25,3,3,ACACTCTGTGACTAGACGCC,0,3569201
tisBp,0.25,3,3,ACACATGCCGCCTTCACATC,0,3552591
tisBp,0.25,3,3,ACAATTATCACGGGTTTCCA,0,3555918
tisBp,0.25,3,3,ACAATTATACCTAGAAGGTG,0,3546129
tisBp,0.25,3,3,ACAATCATAGTGGATAATTT,0,3556453
tisBp,0.25,3,3,ACAACTGTCGTTAGTTTATC,0,3581900
tisBp,0.25,3,3,ACAACTGAAGCTGGCCGGGA,0,3601294
tisBp,0.25,3,3,ACAACCAAACTGTCTAATGT,0,3587735
tisBp,0.25,3,3,AATTTGATAAGAACCCATTG,0,3582677
tisBp,0.25,3,3,AATTGCGTTCCATCATAGTA,0,3585154
tisBp,0.25,3,3,AATTCGATCCCTCCGATGTA,0,3566303
tisBp,0.25,3,3,AATTCCTGGCACACACGTCT,0,3559652
tisBp,0.25,3,3,AATTAGCTTGGCGAACTCGG,0,3563812
tisBp,0.25,3,3,AATTAGCCGTCTGGCATCGC,0,3587449
tisBp,0.25,3,3,AATGTGTGCAACAAACCCAA,0,3588551
tisBp,0.25,3,3,AATGCTTGACTCGATCCCTG,0,3574069
tisBp,0.25,3,3,AATCTGCACGATCTTTCGGA,0,3547414
tisBp,0.25,3,3,AATCGCCGATCTCTAGAAAA,0,3544699
tisBp,0.25,3,3,AATCATTCCGGCAAGAAAAG,0,3567750
tisBp,0.25,3,3,AATCAAAAAGATCCCGTGGG,0,3551011
tisBp,0.25,3,3,AATATTGATGGAACCCGATT,0,3599703
tisBp,0.25,3,3,AATATGGTCTGAGAGCATGG,0,3590281
tisBp,0.25,3,3,AATAGGGAGTATACGCTGTA,0,3559751
tisBp,0.25,3,3,AATAGCACGGTCACTGAACA,0,3593584
tisBp,0.25,3,3,AATAAGTAATAAGGGCAGGG,0,3593339
tisBp,0.25,3,3,AAGTGGAGATTTATCATTGC,0,3576089
tisBp,0.25,3,3,AAGTCTCCGGAACAGCAGCA,0,3558982
tisBp,0.25,3,3,AAGTATCTCCTGCTTTTCGA,0,3578141
tisBp,0.25,3,3,AAGTAGAGCCGGAGAGGGAA,0,3562311
tisBp,0.25,3,3,AAGTACCAGACCAGGGGTTA,0,3600589
tisBp,0.25,3,3,AAGTAATCTTGACAGATGGC,0,3568452
tisBp,0.25,3,3,AAGTAAAAAATATTCTCGGA,0,3556502
tisBp,0.25,3,3,AAGGTCCTGGTCCTGCACAT,0,3566081
tisBp,0.25,3,3,AAGGGTATCCCGGATAGCCA,0,3593140
tisBp,0.25,3,3,AAGGGGCGCAGACATTGGCC,0,3587284
tisBp,0.25,3,3,AAGGACTGGAAAGAGTCCCA,0,3581765
tisBp,0.25,3,3,AAGGAAATCAAGCAAATAGC,0,3556722
tisBp,0.25,3,3,AAGCTATATGGATTTAAATA,0,3543933
tisBp,0.25,3,3,AAGCGCGACAGCCGTTTTGG,0,3544410
tisBp,0.25,3,3,AAGCGCCGTCTATTTCGGGA,0,3544731
tisBp,0.25,3,3,AAGCGACCCCAGGGATTCAT,0,3565538
tisBp,0.25,3,3,AAGCCTCCAGAGGGAGTTAC,0,3603251
tisBp,0.25,3,3,AAGCCGGAGAGGCGCCAGAG,0,3555973
tisBp,0.25,3,3,AAGCAAGCTTGACAATATTT,0,3585989
tisBp,0.25,3,3,AAGATGGCGACAATTACTAC,0,3547769
tisBp,0.25,3,3,AAGAGCCCGCTGACTTGGTG,0,3578840
tisBp,0.25,3,3,AAGACAGCCAAGGCACCCCA,0,3601535
tisBp,0.25,3,3,AAGAATGATGCGGTCTAACG,0,3584373
tisBp,0.25,3,3,AAGAATGAAGATCGCGAATC,0,3574576
tisBp,0.25,3,3,AAGAAGGAAGCGTCGGCCCA,0,3576578
tisBp,0.25,3,3,AAGAAACGCGCCTATGGTAT,0,3578492
tisBp,0.25,3,3,AACTTCGCAACGCACCTCAC,0,3541561
tisBp,0.25,3,3,AACTTAATTGGGTGCAATGA,0,3558383
tisBp,0.25,3,3,AACTCTTGTTGTTGTATCGA,0,3577371
tisBp,0.25,3,3,AACTCCAGGAAAAGGCTCCT,0,3564941
tisBp,0.25,3,3,AACTATGGAGAGCGGACTTG,0,3581787
tisBp,0.25,3,3,AACTATGATGTTTGCTCCAT,0,3596089
tisBp,0.25,3,3,AACGTGGCAAATATGCATGC,0,3591311
tisBp,0.25,3,3,AACGTACGAGTTGCAATTCT,0,3600289
tisBp,0.25,3,3,AACGGTTGTACAGAGAATTA,0,3546682
tisBp,0.25,3,3,AACGGTGTTGCGTACAAGTG,0,3570324
tisBp,0.25,3,3,AACGGGAGGCGCCGATTCAT,0,3577456
tisBp,0.25,3,3,AACGGCATGTAAGGCACTCG,0,3547603
tisBp,0.25,3,3,AACGCTAGACGACTTTCGCC,0,3550003
tisBp,0.25,3,3,AACCTTGGAAGCTATGTGCT,0,3560733
tisBp,0.25,3,3,AACCGGGTAAATGGCATTGA,0,3559109
tisBp,0.25,3,3,AACCGAGCGTACCTTCCTCC,0,3549599
tisBp,0.25,3,3,AACCAGTTGCCTTTCGTGTC,0,3572461
tisBp,0.25,3,3,AACCACGCTCCCGGACAAAA,0,3586990
tisBp,0.25,3,3,AACCAAGATAAAAACTCACC,0,3575456
tisBp,0.25,3,3,AACATTCTGAACTCCGCAAT,0,3573947
tisBp,0.25,3,3,AACATGTTTCCGTCACTGTC,0,3559681
tisBp,0.25,3,3,AACATATTTTCGGACGACCA,0,3569460
tisBp,0.25,3,3,AACATACATACCCTCAGAAA,0,3554043
tisBp,0.25,3,3,AACAGCCCGAAGTTGAAATA,0,3582431
tisBp,0.25,3,3,AACAGCATCGCTGGACGTAT,0,3594944
tisBp,0.25,3,3,AACACGCATAAGTAGGGAGG,0,3546531
tisBp,0.25,3,3,AAATTCCTATCCGGGCCAGA,0,3571104
tisBp,0.25,3,3,AAATTCATCTCTTGGCGGCG,0,3594300
tisBp,0.25,3,3,AAATGCTCGTAGTCGGATAT,0,3551592
tisBp,0.25,3,3,AAATGACGTGGTCAACTCTA,0,3568469
tisBp,0.25,3,3,AAATCTTCAAATGGCCCTAC,0,3565378
tisBp,0.25,3,3,AAATCTGGCATTCGAGGAAT,0,3600471
tisBp,0.25,3,3,AAATCCACCTAACGTGGAAT,0,3550628
tisBp,0.25,3,3,AAATCAGGACAGAATGATCA,0,3581005
tisBp,0.25,3,3,AAATATGCCCAAGATCCGTT,0,3543117
tisBp,0.25,3,3,AAAGTGCCACTGCGCATTGA,0,3565436
tisBp,0.25,3,3,AAAGTGAAAGGACCGGCCCA,0,3550341
tisBp,0.25,3,3,AAAGTCGGCCAATCGCCCCC,0,3596697
tisBp,0.25,3,3,AAACTGAAAGTATAGCGTAG,0,3571717
tisBp,0.25,3,3,AAACTATGCCGTAACGGTTA,0,3571638
tisBp,0.25,3,3,AAACGTGCGGCTGCACGAAG,0,3596418
tisBp,0.25,3,3,AAACGCACACGCTGAGTATC,0,3552377
tisBp,0.25,3,3,AAACCTTTTGAGGGACGGAG,0,3542449
tisBp,0.25,3,3,AAACCTGGCCACTGTCTGGC,0,3589199
tisBp,0.25,3,3,AAACCTCCCCCGGTTACGAA,0,3600620
tisBp,0.25,3,3,AAACCGGGCCTAGGAGTGTC,0,3574734
tisBp,0.25,3,3,AAAATGGCATGTACCGTATT,0,3584674
tisBp,0.25,3,3,AAAATCGTTTAGCTACAGCT,0,3550068
tisBp,0.25,3,3,AAAAGGGGTAGCCACGATGA,0,3586291
tisBp,0.25,3,3,AAAAGAGGTAGTCAATGTGG,0,3578677
tisBp,0.25,3,3,AAAACTGGGCACCTGCTTAT,0,3596885
tisBp,0.25,3,3,AAAACTGGAGTACGAGCTGA,0,3552897
tisBp,0.25,3,3,AAAACGCCCGTATAACAGTT,0,3566914
tisBp,0.25,3,3,AAAAATTGTATTCTTACAGC,0,3545530
tisBp,0.25,3,3,AAAAAGAATCATCCTAATAC,0,3584123
tisBp,0.25,3,3,AAAAAACGGAAATAAAGCGG,0,3574477
tisBp,0.3333333333333333,2,2,TTTTTGGTTCTCCTACGGCC,0,3571975
tisBp,0.3333333333333333,2,2,TTTTTCTGGCAAGGTAATAT,0,3562159
tisBp,0.3333333333333333,2,2,TTTTTAACCGTATTTATTCT,0,3564811
tisBp,0.3333333333333333,2,2,TTTTGCGGTAGGTAGATTCG,0,3583780
tisBp,0.3333333333333333,2,2,TTTTGCGCAGCGACATCTAG,0,3579326
tisBp,0.3333333333333333,2,2,TTTTGCATAGGTGCGATGGT,0,3564739
tisBp,0.3333333333333333,2,2,TTTGTTAGGCTCTTTAGTCC,0,3549019
tisBp,0.3333333333333333,2,2,TTTGGTCGCTGTACTCGCAG,0,3593070
tisBp,0.3333333333333333,2,2,TTTGGAATCAACCAGGGAGA,0,3598781
tisBp,0.3333333333333333,2,2,TTTGCCTCGAATCACCTGCT,0,3543410
tisBp,0.3333333333333333,2,2,TTTGATTCCCACAAAGCATA,0,3588033
tisBp,0.3333333333333333,2,2,TTTGACAGCACGTGCTGGCC,0,3583170
tisBp,0.3333333333333333,2,2,TTTCTTGTCAAACCAAGCAT,0,3571046
tisBp,0.3333333333333333,2,2,TTTCGTGCCCCCGATAGGTC,0,3557271
tisBp,0.3333333333333333,2,2,TTTCCGGCCAAGTGACCGTC,0,3545967
tisBp,0.3333333333333333,2,2,TTTCACGAGGACAATCAGGT,0,3562894
tisBp,0.3333333333333333,2,2,TTTCAATAGTCCGGGCCAGT,0,3575292
tisBp,0.3333333333333333,2,2,TTTATTTTCGGACAAATCTC,0,3603583
tisBp,0.3333333333333333,2,2,TTTATCGACATGTCACCATA,0,3571498
tisBp,0.3333333333333333,2,2,TTTAGTTGGACGGTCCAAGA,0,3557241
tisBp,0.3333333333333333,2,2,TTTAGGCCGGCGTTTGTCTT,0,3566220
tisBp,0.3333333333333333,2,2,TTTACATCCCCGCTAAAAAC,0,3542792
tisBp,0.3333333333333333,2,2,TTTACAGGAGAGCCTACCCA,0,3581847
tisBp,0.3333333333333333,2,2,TTTAATGTCACTCCAGACAG,0,3580033
tisBp,0.3333333333333333,2,2,TTTAATGAATACATTAAGCT,0,3580382
tisBp,0.3333333333333333,2,2,TTTAACGACATCAGAGCAGT,0,3544782
tisBp,0.3333333333333333,2,2,TTGTTGCGTTTAGGCGAGAC,0,3549541
tisBp,0.3333333333333333,2,2,TTGTTCCCCTCCACAGGATA,0,3577248
tisBp,0.3333333333333333,2,2,TTGTTCAGTACATTATGACA,0,3595262
tisBp,0.3333333333333333,2,2,TTGTTCAATCTGTCATTTTA,0,3545074
tisBp,0.3333333333333333,2,2,TTGTTATGGGAGACTAGATA,0,3553120
tisBp,0.3333333333333333,2,2,TTGTGCCAGGGATGTTGTCT,0,3594170
tisBp,0.3333333333333333,2,2,TTGTCTAGTCACGGTCCCCG,0,3549411
tisBp,0.3333333333333333,2,2,TTGTCCGCTCTTAGAATCAG,0,3596162
tisBp,0.3333333333333333,2,2,TTGTAGTATAAGTGTTGTCT,0,3572579
tisBp,0.3333333333333333,2,2,TTGTACGTGAGGGCCATCGG,0,3565186
tisBp,0.3333333333333333,2,2,TTGGTCCCTGTATTTGCATT,0,3561109
tisBp,0.3333333333333333,2,2,TTGGTCATTATGTTAATCAG,0,3543764
tisBp,0.3333333333333333,2,2,TTGGTCATGATCGACCAGAT,0,3562919
tisBp,0.3333333333333333,2,2,TTGGTACGCCACGAAGTGTC,0,3581174
tisBp,0.3333333333333333,2,2,TTGGGGCGACTATTGGATCT,0,3582213
tisBp,0.3333333333333333,2,2,TTGGGCGTGTTCCGTTAGTT,0,3579176
tisBp,0.3333333333333333,2,2,TTGGGAATTGTCTACGCGCG,0,3602340
tisBp,0.3333333333333333,2,2,TTGGCTAGAGTCCGATGGAC,0,3571641
tisBp,0.3333333333333333,2,2,TTGGCGAACAGCAAAATGAT,0,3552107
tisBp,0.3333333333333333,2,2,TTGGAGTGCGTGTCAGCGCG,0,3571855
tisBp,0.3333333333333333,2,2,TTGCTGTGTCAACACGGATG,0,3582225
tisBp,0.3333333333333333,2,2,TTGCGCGTTGGCCATTGCTG,0,3585756
tisBp,0.3333333333333333,2,2,TTGCGCCGCGTCACTGTGCA,0,3577726
tisBp,0.3333333333333333,2,2,TTGCCTCCGGAATGCAACTA,0,3544892
tisBp,0.3333333333333333,2,2,TTGCCGGAGGTCGATTGGGG,0,3585156
tisBp,0.3333333333333333,2,2,TTGATCTCCTTATGCTAAAA,0,3544909
tisBp,0.3333333333333333,2,2,TTGAGACCCACGCCGTGTGA,0,3545467
tisBp,0.3333333333333333,2,2,TTGACCGGTGCTTAGAAATA,0,3582856
tisBp,0.3333333333333333,2,2,TTGAATGTCGTGGAGAAAGG,0,3585953
tisBp,0.3333333333333333,2,2,TTGAACCCTCAGATCAAGTG,0,3549070
tisBp,0.3333333333333333,2,2,TTCTGGTCAGACAGGCTAAC,0,3588081
tisBp,0.3333333333333333,2,2,TTCTCCTGGTCTCGACATTT,0,3559758
tisBp,0.3333333333333333,2,2,TTCTCCGTCGTGGACGCCAC,0,3572986
tisBp,0.3333333333333333,2,2,TTCTCCAAAACATACTGCTC,0,3594922
tisBp,0.3333333333333333,2,2,TTCTCACACGTAACCTGGGC,0,3602183
tisBp,0.3333333333333333,2,2,TTCGTTACCGTACTCCAGAG,0,3589942
tisBp,0.3333333333333333,2,2,TTCGTCTGTCCCTCAAGGGT,0,3594011
tisBp,0.3333333333333333,2,2,TTCGTCAGCTCTTAAAGTAC,0,3559967
tisBp,0.3333333333333333,2,2,TTCGGGCGGTATATGTACGA,0,3601092
tisBp,0.3333333333333333,2,2,TTCGCTGAACGTGAGTGCCG,0,3551568
tisBp,0.3333333333333333,2,2,TTCGCCCGCCTAGCGTGTAA,0,3564179
tisBp,0.3333333333333333,2,2,TTCGAATAGGGCATAGACGA,0,3586048
tisBp,0.3333333333333333,2,2,TTCCTAGTGTGTGTATCATA,0,3548026
tisBp,0.3333333333333333,2,2,TTCCGCCTTGCGGAGGGCTG,0,3592485
tisBp,0.3333333333333333,2,2,TTCCGAAGGGGCATTGCGTA,0,3560034
tisBp,0.3333333333333333,2,2,TTCCCGTTATCAAATCCTTA,0,3570228
tisBp,0.3333333333333333,2,2,TTCCCCCATTACGCAATCAC,0,3550480
tisBp,0.3333333333333333,2,2,TTCCCAGGATGGGTGGGATT,0,3566594
tisBp,0.3333333333333333,2,2,TTCCACGCAAGGTCAGTCCA,0,3549818
tisBp,0.3333333333333333,2,2,TTCCACCGTAATAAGAACTA,0,3563386
tisBp,0.3333333333333333,2,2,TTCCACAGGGGATAGAGAAA,0,3595247
tisBp,0.3333333333333333,2,2,TTCATTGTTGAGTTTGAGGC,0,3585264
tisBp,0.3333333333333333,2,2,TTCATGGGTACTCAGAAGAG,0,3573401
tisBp,0.3333333333333333,2,2,TTCATGAGGAAAGGTGCCCT,0,3592374
tisBp,0.3333333333333333,2,2,TTCATGACGCGGTAGATATA,0,3550316
tisBp,0.3333333333333333,2,2,TTCATCAAACGCATACTGCT,0,3587402
tisBp,0.3333333333333333,2,2,TTCAGTAATTAGAAGTGAAA,0,3598785
tisBp,0.3333333333333333,2,2,TTCAGGTGAGACCACCGCTA,0,3585059
tisBp,0.3333333333333333,2,2,TTCAGCGAGCTTGTGTGAGC,0,3580659
tisBp,0.3333333333333333,2,2,TTCACTGCAAAGCTAGGAGC,0,3597911
tisBp,0.3333333333333333,2,2,TTCACGGAGCACCAAGCTAC,0,3543512
tisBp,0.3333333333333333,2,2,TTCAATTATCAAGGGGTTTG,0,3569600
tisBp,0.3333333333333333,2,2,TTATTGTTAGCCCTTGTGAG,0,3584754
tisBp,0.3333333333333333,2,2,TTATTCAACCCATAGCATTT,0,3550581
tisBp,0.3333333333333333,2,2,TTATTATTTCATTGTGAAGA,0,3551439
tisBp,0.3333333333333333,2,2,TTATGTTTACGAATGCACTC,0,3559971
tisBp,0.3333333333333333,2,2,TTATAGCGCACATGTTCTGA,0,3592813
tisBp,0.3333333333333333,2,2,TTATAACTCGCCCCCCCAGA,0,3573585
tisBp,0.3333333333333333,2,2,TTAGTGCACAACCTCTCGTC,0,3579150
tisBp,0.3333333333333333,2,2,TTAGGTAACGATGCTAAATA,0,3591901
tisBp,0.3333333333333333,2,2,TTAGGGATGAATGAAGAGAA,0,3579507
tisBp,0.3333333333333333,2,2,TTAGGCGTTGGGGTGCCCTT,0,3553166
tisBp,0.3333333333333333,2,2,TTAGCGGGTTGCGTTATGTG,0,3542328
tisBp,0.3333333333333333,2,2,TTAGCGCGAGATTTTAGTGC,0,3543900
tisBp,0.3333333333333333,2,2,TTAGCCGACGGTGGATATTA,0,3554201
tisBp,0.3333333333333333,2,2,TTAGAAAGAGCCCCAGGAAA,0,3549561
tisBp,0.3333333333333333,2,2,TTACCCAGGACGATGTCATA,0,3592604
tisBp,0.3333333333333333,2,2,TTACAAGGTACCTGCGCTGG,0,3557328
tisBp,0.3333333333333333,2,2,TTAATTTTCGGACTGGCATT,0,3588120
tisBp,0.3333333333333333,2,2,TTAATCAGACGTGCTGTGCT,0,3600277
tisBp,0.3333333333333333,2,2,TTAACGCCATTAAGTACAAT,0,3581071
tisBp,0.3333333333333333,2,2,TTAACCAGGACCATCCAAGC,0,3571851
tisBp,0.3333333333333333,2,2,TTAACATGGACTCTGTTAAG,0,3601424
tisBp,0.3333333333333333,2,2,TTAACAGACGAAACAGCGGC,0,3567736
tisBp,0.3333333333333333,2,2,TTAAAGTATCTCTTCGCGCA,0,3567423
tisBp,0.3333333333333333,2,2,TTAAAGGCTCAAATAGGGAA,0,3571467
tisBp,0.3333333333333333,2,2,TTAAACTTGGGTTACCTTTT,0,3576388
tisBp,0.3333333333333333,2,2,TTAAAAGTATCCCACCTCGA,0,3575541
tisBp,0.3333333333333333,2,2,TGTTTTGTACCACGACTAAA,0,3572928
tisBp,0.3333333333333333,2,2,TGTTTGGCGCACGTAGTCTT,0,3549688
tisBp,0.3333333333333333,2,2,TGTTTGCGTACACTGACCCC,0,3597497
tisBp,0.3333333333333333,2,2,TGTTTGCGGCCTTCAAGCTT,0,3553730
tisBp,0.3333333333333333,2,2,TGTTTCAGATGGAGCGGGGC,0,3563744
tisBp,0.3333333333333333,2,2,TGTTGACTTGAGATGGCTGC,0,3565523
tisBp,0.3333333333333333,2,2,TGTTCTTATACCTCATGGTG,0,3546890
tisBp,0.3333333333333333,2,2,TGTTCTATTCTTGGGATCTG,0,3550004
tisBp,0.3333333333333333,2,2,TGTTACCTCGGCTTAGCTAC,0,3544585
tisBp,0.3333333333333333,2,2,TGTGTTAGCTTCTGCCTGGA,0,3598337
tisBp,0.3333333333333333,2,2,TGTGGTCCGCGTAGATCAAC,0,3548328
tisBp,0.3333333333333333,2,2,TGTGGGGTTTGCTGAAATAA,0,3559746
tisBp,0.3333333333333333,2,2,TGTGGGAACTCAGCCTATCG,0,3600011
tisBp,0.3333333333333333,2,2,TGTGCGTGACTTCCCAAAGC,0,3549449
tisBp,0.3333333333333333,2,2,TGTGCCGTTATCGAAACCGT,0,3570326
tisBp,0.3333333333333333,2,2,TGTGACGGGTGAGTGGTAAT,0,3584332
tisBp,0.3333333333333333,2,2,TGTGACCTGATTCAGAGAGG,0,3578270
tisBp,0.3333333333333333,2,2,TGTCTGTTCATGTCTAACTA,0,3593390
tisBp,0.3333333333333333,2,2,TGTCTCGTATATACACGGGT,0,3561530
tisBp,0.3333333333333333,2,2,TGTCGTCCGGCTTTTACACT,0,3589333
tisBp,0.3333333333333333,2,2,TGTCGTCCCCTACAGATCGG,0,3582419
tisBp,0.3333333333333333,2,2,TGTCGGGGGCTAGAGTTCAA,0,3558785
tisBp,0.3333333333333333,2,2,TGTCCTATGTTAGGCATTTC,0,3572480
tisBp,0.3333333333333333,2,2,TGTCCCTGCAGACTGATTGG,0,3577141
tisBp,0.3333333333333333,2,2,TGTCACTTCACCTGAGGGCT,0,3563980
tisBp,0.3333333333333333,2,2,TGTCACAGCGCTGACACCAT,0,3588827
tisBp,0.3333333333333333,2,2,TGTATTAGGGGATGCTCCTT,0,3594023
tisBp,0.3333333333333333,2,2,TGTATGAACTGGTTTAATAG,0,3562218
tisBp,0.3333333333333333,2,2,TGTACTGGGATTACATCAGG,0,3583877
tisBp,0.3333333333333333,2,2,TGTACATTACTAAACAGACT,0,3541960
tisBp,0.3333333333333333,2,2,TGGTGGTCAGTCCTTTATCA,0,3562473
tisBp,0.3333333333333333,2,2,TGGTGGCCGCAATCGCCCTG,0,3563342
tisBp,0.3333333333333333,2,2,TGGTAAGCTTACAGCCCGTC,0,3550468
tisBp,0.3333333333333333,2,2,TGGGTCCGACCCGGGCGGGA,0,3573877
tisBp,0.3333333333333333,2,2,TGGGGAGATAAAATCAGGAC,0,3587571
tisBp,0.3333333333333333,2,2,TGGGGAGAATAAGACCCTTT,0,3565020
tisBp,0.3333333333333333,2,2,TGGGCCTCCATAGGCTTATG,0,3591063
tisBp,0.3333333333333333,2,2,TGGGATTTTGCGGCACGGCA,0,3586491
tisBp,0.3333333333333333,2,2,TGGGATGCTAATCACTGCCT,0,3592886
tisBp,0.3333333333333333,2,2,TGGGATACCGAGAAATGCTG,0,3584941
tisBp,0.3333333333333333,2,2,TGGGAGTGACGTTTGCGGAC,0,3556107
tisBp,0.3333333333333333,2,2,TGGGAGCGGCCCGAAGGTAT,0,3565709
tisBp,0.3333333333333333,2,2,TGGCTGAGGACAAAGCCAAC,0,3588327
tisBp,0.3333333333333333,2,2,TGGCGACATTTGTCGCTGAA,0,3586695
tisBp,0.3333333333333333,2,2,TGGCCTTCGGGATCTGTTGG,0,3581385
tisBp,0.3333333333333333,2,2,TGGCCGTCGCCTTACCGATA,0,3574673
tisBp,0.3333333333333333,2,2,TGGCCATTTCTGTTAACGAA,0,3562390
tisBp,0.3333333333333333,2,2,TGGCATAGCTGTGAAAGCAA,0,3600346
tisBp,0.3333333333333333,2,2,TGGCAGTGGGTATGAAACAC,0,3566883
tisBp,0.3333333333333333,2,2,TGGCACTTGGATCGGCGGAT,0,3603093
tisBp,0.3333333333333333,2,2,TGGCACTGTTAACTATGAGC,0,3591014
tisBp,0.3333333333333333,2,2,TGGATTTCAGTGCACGAATA,0,3579179
tisBp,0.3333333333333333,2,2,TGGATTATGCTCAAACCTGT,0,3579125
tisBp,0.3333333333333333,2,2,TGGATGAGACACCGGATTCA,0,3565361
tisBp,0.3333333333333333,2,2,TGGAGTTGATGCAACCTTGA,0,3587983
tisBp,0.3333333333333333,2,2,TGGAGCTTGATGGGACTCCG,0,3583020
tisBp,0.3333333333333333,2,2,TGGAGCAGTGGGAGACTGTA,0,3595466
tisBp,0.3333333333333333,2,2,TGGACGCCTCGCTGCACAGC,0,3570704
tisBp,0.3333333333333333,2,2,TGGAATAGCGTCAGTCTAGG,0,3559880
tisBp,0.3333333333333333,2,2,TGGAATAACATCTCAAATCA,0,3566392
tisBp,0.3333333333333333,2,2,TGCTTTTCTCGCCTATGTGC,0,3600788
tisBp,0.3333333333333333,2,2,TGCTTCGAGACCAGTCAGGT,0,3564023
tisBp,0.3333333333333333,2,2,TGCTGCGCTCCGCAATCTAT,0,3546252
tisBp,0.3333333333333333,2,2,TGCTCTGCCTATGCAAGTGG,0,3564603
tisBp,0.3333333333333333,2,2,TGCTCGATGTGACGACAGGA,0,3581519
tisBp,0.3333333333333333,2,2,TGCTCATACTTCGAATGGGT,0,3569582
tisBp,0.3333333333333333,2,2,TGCTAGGTGCGTGAGACGGA,0,3585694
tisBp,0.3333333333333333,2,2,TGCTACTCGATGGACACGGA,0,3585337
tisBp,0.3333333333333333,2,2,TGCGTCTGAGAGATCCCGGG,0,3572440
tisBp,0.3333333333333333,2,2,TGCGGGAAGCAAAACTGGTC,0,3575518
tisBp,0.3333333333333333,2,2,TGCGGCTACGCGGACAAGTA,0,3600624
tisBp,0.3333333333333333,2,2,TGCGGACGAGTGATTGATAC,0,3565104
tisBp,0.3333333333333333,2,2,TGCGACTCTAGTGTCCTGTG,0,3543206
tisBp,0.3333333333333333,2,2,TGCGACGAGGAGATATATTA,0,3586343
tisBp,0.3333333333333333,2,2,TGCGAATTATTGATGGCGTT,0,3566191
tisBp,0.3333333333333333,2,2,TGCGAAAGACCTGAGGTCCA,0,3557420
tisBp,0.3333333333333333,2,2,TGCCTAGAGGCCCCAGTGTA,0,3561911
tisBp,0.3333333333333333,2,2,TGCCTAACTATTAGTCTCCT,0,3565242
tisBp,0.3333333333333333,2,2,TGCCGCGCTGCAGCAATCGC,0,3591329
tisBp,0.3333333333333333,2,2,TGCCGACGAACATGTCCATC,0,3544546
tisBp,0.3333333333333333,2,2,TGCCCTCCAAAGCTCCCTTA,0,3586293
tisBp,0.3333333333333333,2,2,TGCCCTACACCTAGATACGA,0,3578485
tisBp,0.3333333333333333,2,2,TGCCCGTTCGAGTTAGCTAA,0,3552369
tisBp,0.3333333333333333,2,2,TGCCCCGGCAGGTTCGCACT,0,3597381
tisBp,0.3333333333333333,2,2,TGCCATGACGCGTAGGCGGT,0,3550205
tisBp,0.3333333333333333,2,2,TGCCAACCAACGAACGTATG,0,3567668
tisBp,0.3333333333333333,2,2,TGCATTTTTTGGCAATTCAT,0,3563964
tisBp,0.3333333333333333,2,2,TGCATGATTCTTATCAAAGG,0,3593506
tisBp,0.3333333333333333,2,2,TGCATAGGATATGGACACGT,0,3557503
tisBp,0.3333333333333333,2,2,TGCAGAATTTATCTAACGGA,0,3596692
tisBp,0.3333333333333333,2,2,TGCACTAGAAAAATAGTGAC,0,3598973
tisBp,0.3333333333333333,2,2,TGCACACCGCGGGTACCCTG,0,3569123
tisBp,0.3333333333333333,2,2,TGATGTAATGCCTCCGACAT,0,3568376
tisBp,0.3333333333333333,2,2,TGATGAGACTACATACGTTG,0,3603572
tisBp,0.3333333333333333,2,2,TGATCAAGCACAACTAACCC,0,3575569
tisBp,0.3333333333333333,2,2,TGATACCGCTGGGGTTGCCA,0,3563022
tisBp,0.3333333333333333,2,2,TGATACAGACAACGATTGTG,0,3601726
tisBp,0.3333333333333333,2,2,TGAGTGTTGGCTTGTACGAA,0,3568948
tisBp,0.3333333333333333,2,2,TGAGTGGGTATTATAGGAAC,0,3593265
tisBp,0.3333333333333333,2,2,TGAGGTTTGGTGCCAGCCCT,0,3562895
tisBp,0.3333333333333333,2,2,TGAGGGGTCCCACCCAACAG,0,3579371
tisBp,0.3333333333333333,2,2,TGAGGACAGTATGCTCCGCT,0,3547719
tisBp,0.3333333333333333,2,2,TGAGGAACAGTTTGTTCTTT,0,3584167
tisBp,0.3333333333333333,2,2,TGAGGAACACGTTGGGGCGA,0,3594445
tisBp,0.3333333333333333,2,2,TGAGCTGCTTACGTCGGCGG,0,3589116
tisBp,0.3333333333333333,2,2,TGAGCATTAGTGCGGCGCCT,0,3577227
tisBp,0.3333333333333333,2,2,TGACTCACAATAGACCCCGT,0,3574411
tisBp,0.3333333333333333,2,2,TGACGGGTGATTTGTTCTTA,0,3563312
tisBp,0.3333333333333333,2,2,TGACCCATTGTAACCCCTTT,0,3543806
tisBp,0.3333333333333333,2,2,TGACATTGGAAGGCCTAAGG,0,3569422
tisBp,0.3333333333333333,2,2,TGAATTCTGATCCATACTTT,0,3548980
tisBp,0.3333333333333333,2,2,TGAATGTCATCTTCTCAAGA,0,3545131
tisBp,0.3333333333333333,2,2,TGAACCCAGGGAACACGTAG,0,3574930
tisBp,0.3333333333333333,2,2,TGAACATGCCTCGTGGGCTC,0,3576513
tisBp,0.3333333333333333,2,2,TCTTTTCTTTCCCCAAAACC,0,3542061
tisBp,0.3333333333333333,2,2,TCTTTTCCGGTTCTTGGGCG,0,3554012
tisBp,0.3333333333333333,2,2,TCTTTGTGGTGTCTCGGAAG,0,3582287
tisBp,0.3333333333333333,2,2,TCTTGTTCTTACAAAAGTAT,0,3568272
tisBp,0.3333333333333333,2,2,TCTTGTCCACGACTTGCAGG,0,3548045
tisBp,0.3333333333333333,2,2,TCTTGGGGATATATTTTCAG,0,3583120
tisBp,0.3333333333333333,2,2,TCTTGGCGTTATATGCTGGC,0,3553756
tisBp,0.3333333333333333,2,2,TCTTGCGGCTATCCATAGAT,0,3583118
tisBp,0.3333333333333333,2,2,TCTTGAACTACCGTCTGATC,0,3578160
tisBp,0.3333333333333333,2,2,TCTTCTCGCGTCTAACGGGT,0,3566885
tisBp,0.3333333333333333,2,2,TCTGTAAACCAACCTATGGC,0,3553862
tisBp,0.3333333333333333,2,2,TCTGGGCACGATCTTCGGCA,0,3550523
tisBp,0.3333333333333333,2,2,TCTGGATTTGTTTCGTTAGG,0,3566675
tisBp,0.3333333333333333,2,2,TCTGCTTAAAGATGTTAGCC,0,3583901
tisBp,0.3333333333333333,2,2,TCTGCACAGACGTTAATTTC,0,3563257
tisBp,0.3333333333333333,2,2,TCTGATGCCATCTCTTGGAT,0,3550159
tisBp,0.3333333333333333,2,2,TCTGAGATTGGAGCTAAGAT,0,3558064
tisBp,0.3333333333333333,2,2,TCTCTTGGATTGCAAACCAC,0,3553355
tisBp,0.3333333333333333,2,2,TCTCGGACGATAGTAACTCT,0,3572829
tisBp,0.3333333333333333,2,2,TCTCCTTTTTCATTCTCAAT,0,3554437
tisBp,0.3333333333333333,2,2,TCTCATCTATAGTCATAATA,0,3589055
tisBp,0.3333333333333333,2,2,TCTCAACACGTCAGTCATTT,0,3561609
tisBp,0.3333333333333333,2,2,TCTATTGGAACATTGGTCAT,0,3552552
tisBp,0.3333333333333333,2,2,TCTAGGGTTCGAACGGCTCA,0,3543421
tisBp,0.3333333333333333,2,2,TCTACTCACAATAAGCGCAC,0,3545421
tisBp,0.3333333333333333,2,2,TCTAAATGAAGGAAGCGTGA,0,3550279
tisBp,0.3333333333333333,2,2,TCGTTTAATGACCACCGGCA,0,3551436
tisBp,0.3333333333333333,2,2,TCGTTCGTCGGAAGTAGCAG,0,3577552
tisBp,0.3333333333333333,2,2,TCGTGTAGCGCAGTAAATCT,0,3565802
tisBp,0.3333333333333333,2,2,TCGTCCTTGTCCCGCGTGGT,0,3578483
tisBp,0.3333333333333333,2,2,TCGTCATTAGTAAAGCTGAA,0,3555867
tisBp,0.3333333333333333,2,2,TCGTCAGGGCACTGCGCGAG,0,3597643
tisBp,0.3333333333333333,2,2,TCGTAGCTGTCAGAGCACCA,0,3589326
tisBp,0.3333333333333333,2,2,TCGTAAGGATGATGTCCTGT,0,3589770
tisBp,0.3333333333333333,2,2,TCGGTTGGCACGGTAAATTT,0,3585448
tisBp,0.3333333333333333,2,2,TCGGTTGCGATAATATGACC,0,3550570
tisBp,0.3333333333333333,2,2,TCGGTCGATCTGTTCCGTCA,0,3581407
tisBp,0.3333333333333333,2,2,TCGGCTGCGCACACAATTCC,0,3554992
tisBp,0.3333333333333333,2,2,TCGGCCTCATGTCAACCAAT,0,3543432
tisBp,0.3333333333333333,2,2,TCGGCCGACTAACTCTGATC,0,3600101
tisBp,0.3333333333333333,2,2,TCGGCAATGCAGGGGGCTTA,0,3565760
tisBp,0.3333333333333333,2,2,TCGGACAATGACAGGAGTCT,0,3559722
tisBp,0.3333333333333333,2,2,TCGCTTCCGAGTTGTGCGAA,0,3599148
tisBp,0.3333333333333333,2,2,TCGCGACGAATGATCGTACA,0,3561431
tisBp,0.3333333333333333,2,2,TCGCCTCACCTTTACAGAGA,0,3569771
tisBp,0.3333333333333333,2,2,TCGCCCTTAGAATTTAAAGG,0,3572046
tisBp,0.3333333333333333,2,2,TCGCCCAACTCGAGTCTTGC,0,3558709
tisBp,0.3333333333333333,2,2,TCGCACATAGTAGGCTCGGG,0,3562126
tisBp,0.3333333333333333,2,2,TCGCACAGATTTAGGCTTGA,0,3596018
tisBp,0.3333333333333333,2,2,TCGATTTTCACATATAGGTA,0,3544816
tisBp,0.3333333333333333,2,2,TCGATGAGATCCGGTGCAAC,0,3567211
tisBp,0.3333333333333333,2,2,TCGAGCCTGCTACGGTTTTT,0,3603317
tisBp,0.3333333333333333,2,2,TCGACTATTTACCAAGGCTG,0,3573618
tisBp,0.3333333333333333,2,2,TCGACGGCTCTAACATGATC,0,3560292
tisBp,0.3333333333333333,2,2,TCGACAGTGCGGCTCTACAC,0,3575769
tisBp,0.3333333333333333,2,2,TCGAATTTATACAAGGATTT,0,3544100
tisBp,0.3333333333333333,2,2,TCCTTCATGCTGCCATTATA,0,3546594
tisBp,0.3333333333333333,2,2,TCCTTATAAGGCTCCAGTGT,0,3562325
tisBp,0.3333333333333333,2,2,TCCTGTTGTCCGGGGACCCA,0,3595699
tisBp,0.3333333333333333,2,2,TCCTGGGATTAGATAAGATT,0,3588545
tisBp,0.3333333333333333,2,2,TCCTGGGACGGGCGAGCGGG,0,3549410
tisBp,0.3333333333333333,2,2,TCCTCATCCTAACTAAGGAG,0,3602945
tisBp,0.3333333333333333,2,2,TCCTCAACTGTAGCTAATAC,0,3567076
tisBp,0.3333333333333333,2,2,TCCTAATTTACACAAGATTC,0,3574753
tisBp,0.3333333333333333,2,2,TCCTAACCTTAGACGGGGGT,0,3546932
tisBp,0.3333333333333333,2,2,TCCGTTGCGAGCTACGTATC,0,3554427
tisBp,0.3333333333333333,2,2,TCCGTCACAGAATAAGCATA,0,3565901
tisBp,0.3333333333333333,2,2,TCCGCTTTATGTGAGTGGGC,0,3566441
tisBp,0.3333333333333333,2,2,TCCGCTCAAAGTATTAGCGG,0,3545839
tisBp,0.3333333333333333,2,2,TCCGATCATAGACCGTGATT,0,3557694
tisBp,0.3333333333333333,2,2,TCCCTTTGTAAGCAGTTAGT,0,3598124
tisBp,0.3333333333333333,2,2,TCCCTTACCGTTGCCCGCAT,0,3570296
tisBp,0.3333333333333333,2,2,TCCCTGAAAGCCGACAGTGT,0,3542217
tisBp,0.3333333333333333,2,2,TCCCTCTTCCTACCTGAGAA,0,3566384
tisBp,0.3333333333333333,2,2,TCCCGTTCACTACCTTACTC,0,3582791
tisBp,0.3333333333333333,2,2,TCCCGTAAACACTCCAATAT,0,3601700
tisBp,0.3333333333333333,2,2,TCCCGAAATTACGGCGGTTA,0,3576221
tisBp,0.3333333333333333,2,2,TCCCCCTATATACTACAGAG,0,3571474
tisBp,0.3333333333333333,2,2,TCCCCCGACGGTACTCAATT,0,3555803
tisBp,0.3333333333333333,2,2,TCCCCCAAGGTCAAAAGAAT,0,3560294
tisBp,0.3333333333333333,2,2,TCCCATACGAGGTTGGAGAT,0,3588075
tisBp,0.3333333333333333,2,2,TCCATGAGCCTTCGCGGACG,0,3551932
tisBp,0.3333333333333333,2,2,TCCATAACGGCAACAGGCCA,0,3572481
tisBp,0.3333333333333333,2,2,TCCAGCCACAAACCGCTTTT,0,3541764
tisBp,0.3333333333333333,2,2,TCCAACAAACCCTAATCTAG,0,3567565
tisBp,0.3333333333333333,2,2,TCATTTGACTCCTACTCGCG,0,3547827
tisBp,0.3333333333333333,2,2,TCATTTAACCAAGGATTCTT,0,3601762
tisBp,0.3333333333333333,2,2,TCATTCGGTGCCTGGCACTA,0,3600908
tisBp,0.3333333333333333,2,2,TCATTCGAGCCTGGGGCATT,0,3575931
tisBp,0.3333333333333333,2,2,TCATTATGTAAGTACCCGGC,0,3549903
tisBp,0.3333333333333333,2,2,TCATTACGCAGTCTATTGCT,0,3593144
tisBp,0.3333333333333333,2,2,TCATGGCGTAAAAGCGCAAA,0,3550851
tisBp,0.3333333333333333,2,2,TCATACTCCAATAGGACGGT,0,3571582
tisBp,0.3333333333333333,2,2,TCATACGACCCATAACTCAC,0,3596911
tisBp,0.3333333333333333,2,2,TCATACAGCCAGGTTTCTGT,0,3548195
tisBp,0.3333333333333333,2,2,TCATAACGAATAAGGCCGGC,0,3559268
tisBp,0.3333333333333333,2,2,TCAGTTTTAAGCGCGCATCT,0,3557161
tisBp,0.3333333333333333,2,2,TCAGGTCTGGCCGGCAATTC,0,3574853
tisBp,0.3333333333333333,2,2,TCAGGGGGAGCAGACAACTA,0,3555200
tisBp,0.3333333333333333,2,2,TCAGGGATGTGTCCGTGGGA,0,3557729
tisBp,0.3333333333333333,2,2,TCAGCAAATCATTGAATACT,0,3597987
tisBp,0.3333333333333333,2,2,TCACGTAAGGTCCCATGAGT,0,3560824
tisBp,0.3333333333333333,2,2,TCACCGGGGCTGCCGACGAG,0,3557567
tisBp,0.3333333333333333,2,2,TCACCCGATGCTAATGTGTC,0,3566832
tisBp,0.3333333333333333,2,2,TCAACCATCTTCAACAGATG,0,3563498
tisBp,0.3333333333333333,2,2,TCAAAGTCGTTGCCTGGGGG,0,3566847
tisBp,0.3333333333333333,2,2,TCAAACGCTAGGGAGTCCGA,0,3602975
tisBp,0.3333333333333333,2,2,TCAAAACAGTTGGGTGTTAG,0,3560627
tisBp,0.3333333333333333,2,2,TATTTCATGTCGGGCGCCTA,0,3570124
tisBp,0.3333333333333333,2,2,TATTTAGGTTGCGTTTATCC,0,3575650
tisBp,0.3333333333333333,2,2,TATTGTTTGTAATCAGCCTC,0,3545048
tisBp,0.3333333333333333,2,2,TATTCCCCGCGTTGGAGCTC,0,3581837
tisBp,0.3333333333333333,2,2,TATTAGATTTGATTAAATCC,0,3558825
tisBp,0.3333333333333333,2,2,TATGTTGTTCCTATGAATAT,0,3577558
tisBp,0.3333333333333333,2,2,TATGTGTAGGACTTAGAACG,0,3569449
tisBp,0.3333333333333333,2,2,TATGTGCGACTATACGAGCA,0,3563988
tisBp,0.3333333333333333,2,2,TATGTGCCTTGGAGTGCAAG,0,3585305
tisBp,0.3333333333333333,2,2,TATGGTCTGGTCTGGCTGGA,0,3557593
tisBp,0.3333333333333333,2,2,TATGACCTGGATACTAGCTA,0,3601210
tisBp,0.3333333333333333,2,2,TATCTTGAGCACTGGTTCTC,0,3550927
tisBp,0.3333333333333333,2,2,TATCTGGCTAAAGGTTTTCG,0,3553705
tisBp,0.3333333333333333,2,2,TATCTCAAATCTGAATTTGT,0,3575039
tisBp,0.3333333333333333,2,2,TATCCAAATCACAAATTATG,0,3581662
tisBp,0.3333333333333333,2,2,TATCATGGTCCATCGCGGCA,0,3597927
tisBp,0.3333333333333333,2,2,TATATGTGTATAGCGAAGGT,0,3566888
tisBp,0.3333333333333333,2,2,TATATGTAAATCGACCTAGA,0,3590249
tisBp,0.3333333333333333,2,2,TATATCGATGGAGATCAGTA,0,3557435
tisBp,0.3333333333333333,2,2,TATATCCTGTCTAGACACGT,0,3578552
tisBp,0.3333333333333333,2,2,TATATCAGTATAGGTTTACC,0,3580413
tisBp,0.3333333333333333,2,2,TATATAGTCAGAAGCTCAAT,0,3550602
tisBp,0.3333333333333333,2,2,TATAGTATAGAAACCCTTCT,0,3587981
tisBp,0.3333333333333333,2,2,TATAGGGTAAAACTCCACAC,0,3586483
tisBp,0.3333333333333333,2,2,TATAGGATGTCAGCACACGA,0,3562562
tisBp,0.3333333333333333,2,2,TATAGCGTTAGTTGACTCAA,0,3575472
tisBp,0.3333333333333333,2,2,TATAATCGCAGGTGCGTGGT,0,3564061
tisBp,0.3333333333333333,2,2,TATAATAGTGCCGCAACATA,0,3572836
tisBp,0.3333333333333333,2,2,TATAAGTCGCTGCGCTATGG,0,3577295
tisBp,0.3333333333333333,2,2,TAGTTTCACCGCAAGTCTGT,0,3567944
tisBp,0.3333333333333333,2,2,TAGTCGCAAGTTAACCTAAT,0,3545674
tisBp,0.3333333333333333,2,2,TAGTATTAGCTAAGTTTTCA,0,3565632
tisBp,0.3333333333333333,2,2,TAGGGTCGAAAAGCCTACTT,0,3560182
tisBp,0.3333333333333333,2,2,TAGGGCCAGGAACAACATCA,0,3558613
tisBp,0.3333333333333333,2,2,TAGGGATTCTGCCCAAGGGT,0,3555593
tisBp,0.3333333333333333,2,2,TAGGCTGTTTAGGGTGATTG,0,3563627
tisBp,0.3333333333333333,2,2,TAGGCGTTTTGGGCCTGGGT,0,3553109
tisBp,0.3333333333333333,2,2,TAGGACAGGGGCAGTATGAT,0,3590242
tisBp,0.3333333333333333,2,2,TAGCTGTCGCTCTGACAATC,0,3570713
tisBp,0.3333333333333333,2,2,TAGCTGCTGCCCGCGTGACA,0,3581796
tisBp,0.3333333333333333,2,2,TAGCTCTTCAATTCAGAGTG,0,3554923
tisBp,0.3333333333333333,2,2,TAGCTCGAAATCTACCCGCT,0,3593769
tisBp,0.3333333333333333,2,2,TAGCTCCGGAATATGGAGAA,0,3553168
tisBp,0.3333333333333333,2,2,TAGCGTCCGAACATATGCAA,0,3570663
tisBp,0.3333333333333333,2,2,TAGCGACCTCGTGGCACACA,0,3554780
tisBp,0.3333333333333333,2,2,TAGCCTTCTGAGTTATATAA,0,3541988
tisBp,0.3333333333333333,2,2,TAGCCGTGCCACATGCACAT,0,3588738
tisBp,0.3333333333333333,2,2,TAGCCAACCCGATTTCTAGG,0,3601807
tisBp,0.3333333333333333,2,2,TAGATTCCCGCCATCAGCGC,0,3601972
tisBp,0.3333333333333333,2,2,TAGATTAAACGAACACGCCC,0,3572322
tisBp,0.3333333333333333,2,2,TAGAGTACGACACACGTTCG,0,3544134
tisBp,0.3333333333333333,2,2,TAGAGGAAGCTCACCGTTCT,0,3547472
tisBp,0.3333333333333333,2,2,TAGACTAAGGTAATTATCCG,0,3549959
tisBp,0.3333333333333333,2,2,TAGACGAGGTCGCACCGCTA,0,3562941
tisBp,0.3333333333333333,2,2,TAGAAGTGCATTCCTACCCC,0,3582972
tisBp,0.3333333333333333,2,2,TACTTTCGGCGATTCAGAGA,0,3542500
tisBp,0.3333333333333333,2,2,TACTTTAGTAGTGTAACAAA,0,3581537
tisBp,0.3333333333333333,2,2,TACTTGTCACAAGCGCGGCA,0,3561002
tisBp,0.3333333333333333,2,2,TACTTGGTTTATCGAAATAC,0,3579231
tisBp,0.3333333333333333,2,2,TACTTCTTGCACGCTTTCGC,0,3594882
tisBp,0.3333333333333333,2,2,TACTTCGTACCAAGCTCGCT,0,3574478
tisBp,0.3333333333333333,2,2,TACTTAGCTTATGTTTGTCA,0,3559889
tisBp,0.3333333333333333,2,2,TACTGCCAGCCATTCGTTAT,0,3590761
tisBp,0.3333333333333333,2,2,TACTGAAACCTATCTCATTT,0,3586287
tisBp,0.3333333333333333,2,2,TACTCGGCTTCTCCTGCTAA,0,3559347
tisBp,0.3333333333333333,2,2,TACTCACCATACGTAGACTT,0,3553902
tisBp,0.3333333333333333,2,2,TACTACAAGTGGCGATAGCT,0,3554657
tisBp,0.3333333333333333,2,2,TACTAACGTTTTGGTGTGTC,0,3541694
tisBp,0.3333333333333333,2,2,TACGGGTATCAAGTATTCCT,0,3552256
tisBp,0.3333333333333333,2,2,TACGGGATTCTCATCATAGC,0,3583304
tisBp,0.3333333333333333,2,2,TACGGCTGGAAGACATATGC,0,3546273
tisBp,0.3333333333333333,2,2,TACGCGTGGTCAGGGATATT,0,3560908
tisBp,0.3333333333333333,2,2,TACGCCTGCCTTATCTAATC,0,3560430
tisBp,0.3333333333333333,2,2,TACGATCGACGTTACAGAGT,0,3590258
tisBp,0.3333333333333333,2,2,TACCGGTTCCGGGAGGTCTA,0,3602981
tisBp,0.3333333333333333,2,2,TACCGCCTCAGAGGTATCCT,0,3548858
tisBp,0.3333333333333333,2,2,TACCGAGATTGCATGTATGT,0,3592790
tisBp,0.3333333333333333,2,2,TACCAGAAGGGCCGCGTACC,0,3556292
tisBp,0.3333333333333333,2,2,TACATGGCGGTCGCTCTTGG,0,3577921
tisBp,0.3333333333333333,2,2,TACATCCAGGGGTAGAAGTG,0,3575317
tisBp,0.3333333333333333,2,2,TACAGGAAAGATGCGAGGGA,0,3572600
tisBp,0.3333333333333333,2,2,TACAGCTGTGCAAGATAGTT,0,3585312
tisBp,0.3333333333333333,2,2,TACAGCAGTTGGCCTCACTA,0,3598122
tisBp,0.3333333333333333,2,2,TACAGATCTGATAAGCGACT,0,3578221
tisBp,0.3333333333333333,2,2,TACACCCTGGGTTAAAGGAA,0,3590826
tisBp,0.3333333333333333,2,2,TACACACTTAGCTCTCGATC,0,3574838
tisBp,0.3333333333333333,2,2,TACAATATTTGGGAATCATT,0,3550459
tisBp,0.3333333333333333,2,2,TACAAGTAATGGAGAGATAA,0,3590955
tisBp,0.3333333333333333,2,2,TACAAGAGTCAATGATCAGG,0,3583285
tisBp,0.3333333333333333,2,2,TAATTACGAGAGTGTACAGT,0,3571285
tisBp,0.3333333333333333,2,2,TAATGGAGGTAGACTGGAAT,0,3553757
tisBp,0.3333333333333333,2,2,TAATCCCTCGCTCCCACTGC,0,3581840
tisBp,0.3333333333333333,2,2,TAATATTATCAGGGTAGCTT,0,3554202
tisBp,0.3333333333333333,2,2,TAATAGAAAGCATTCCTATC,0,3568936
tisBp,0.3333333333333333,2,2,TAATACGCACTCCCGTGGCC,0,3542401
tisBp,0.3333333333333333,2,2,TAAGTTTTCGGACTGAAGAG,0,3580186
tisBp,0.3333333333333333,2,2,TAAGTTCGCCCGAATAAAAT,0,3591772
tisBp,0.3333333333333333,2,2,TAAGCAGTATGGCTCCACTG,0,3575131
tisBp,0.3333333333333333,2,2,TAAGAGTAAGCGCCATTAAA,0,3542615
tisBp,0.3333333333333333,2,2,TAAATCCATGCTGTGATTTG,0,3548061
tisBp,0.3333333333333333,2,2,TAAAGGACGCGATCGCACCT,0,3562026
tisBp,0.3333333333333333,2,2,TAAAGCTAAGATCACTAACT,0,3562699
tisBp,0.3333333333333333,2,2,TAAAGCGGTCTTACTGATGA,0,3547162
tisBp,0.3333333333333333,2,2,TAAAGCCTCATAGGTTATCG,0,3564929
tisBp,0.3333333333333333,2,2,TAAAGACATACACTAGCCGA,0,3567466
tisBp,0.3333333333333333,2,2,TAAAGAAGTGGCGTTGACAT,0,3554840
tisBp,0.3333333333333333,2,2,TAAACGCAGGGTAACTAAAT,0,3584526
tisBp,0.3333333333333333,2,2,TAAACCTTTAGGTTGCTAAT,0,3583015
tisBp,0.3333333333333333,2,2,GTTTTAGACCATGGCCGGAT,0,3596624
tisBp,0.3333333333333333,2,2,GTTTTAAGGATGGGATTAAT,0,3597270
tisBp,0.3333333333333333,2,2,GTTTGACTGAAAGAACGGAA,0,3587266
tisBp,0.3333333333333333,2,2,GTTTCTCGCGGAAGGCCCGG,0,3577124
tisBp,0.3333333333333333,2,2,GTTTCTCCTACGGACATACG,0,3553285
tisBp,0.3333333333333333,2,2,GTTTCGTTGATCAGCGCGTC,0,3583523
tisBp,0.3333333333333333,2,2,GTTTCAGGATGTGTCCTGGT,0,3548713
tisBp,0.3333333333333333,2,2,GTTTATTGAATAATGGAGAT,0,3597315
tisBp,0.3333333333333333,2,2,GTTGTAGTGGAGGTATCGGG,0,3553008
tisBp,0.3333333333333333,2,2,GTTGGTAGAGATGATCAGGA,0,3590101
tisBp,0.3333333333333333,2,2,GTTGGGCTATACCGGCCACG,0,3602669
tisBp,0.3333333333333333,2,2,GTTGGAATACGATTCTTCTT,0,3601259
tisBp,0.3333333333333333,2,2,GTTGCTCCATCGCCGTGGCC,0,3572916
tisBp,0.3333333333333333,2,2,GTTGCGATAGGCAAACGGCT,0,3542017
tisBp,0.3333333333333333,2,2,GTTGCCGCCCGCCTACGAAC,0,3563466
tisBp,0.3333333333333333,2,2,GTTGCCCGCGGCGTGAATAT,0,3576712
tisBp,0.3333333333333333,2,2,GTTGCATTTTTGTATCATCG,0,3591263
tisBp,0.3333333333333333,2,2,GTTGACGTCGGTGTGGGAGT,0,3562172
tisBp,0.3333333333333333,2,2,GTTCTTTAAGCCATGTGGCG,0,3563890
tisBp,0.3333333333333333,2,2,GTTCTGCCGAACCGACTGTA,0,3588358
tisBp,0.3333333333333333,2,2,GTTCTGAATGGATGTTAAAG,0,3551909
tisBp,0.3333333333333333,2,2,GTTCTACGTACTGTTATTGG,0,3547515
tisBp,0.3333333333333333,2,2,GTTCGTTATGGGAAAAATTA,0,3569354
tisBp,0.3333333333333333,2,2,GTTCCTGCGTTATAACTCGA,0,3557298
tisBp,0.3333333333333333,2,2,GTTCCGACCTCGTACAGGTC,0,3547154
tisBp,0.3333333333333333,2,2,GTTCCCCCAGGTGAGACTGA,0,3544790
tisBp,0.3333333333333333,2,2,GTTCAGTCACCTAGTATGTT,0,3550307
tisBp,0.3333333333333333,2,2,GTTAGGTCGTAACCGGTCAC,0,3589228
tisBp,0.3333333333333333,2,2,GTTAGGTCCAAATAGGCAAA,0,3568735
tisBp,0.3333333333333333,2,2,GTTACGCAATGTGTGGTGGT,0,3545943
tisBp,0.3333333333333333,2,2,GTTACCGTGGGCCATCTGGC,0,3548106
tisBp,0.3333333333333333,2,2,GTTAAAGCAGCGGTGAAAAC,0,3550575
tisBp,0.3333333333333333,2,2,GTGTTTGTGCAGACAAAATT,0,3548699
tisBp,0.3333333333333333,2,2,GTGTTGTCCCCCAGAGAGAT,0,3570650
tisBp,0.3333333333333333,2,2,GTGTGTGCAGAACATCTATC,0,3580007
tisBp,0.3333333333333333,2,2,GTGTCCCTATAGGATATTAA,0,3550844
tisBp,0.3333333333333333,2,2,GTGTCCCGGACGGTCAGTCA,0,3573377
tisBp,0.3333333333333333,2,2,GTGTCCCGATGAGATGCAGA,0,3542218
tisBp,0.3333333333333333,2,2,GTGTACTAGAGGAGCGTGCA,0,3573211
tisBp,0.3333333333333333,2,2,GTGTAATGCCTGTGCCTTAG,0,3592651
tisBp,0.3333333333333333,2,2,GTGTAAACTGTAGACAGCGG,0,3543945
tisBp,0.3333333333333333,2,2,GTGGTTTATAGTTCTTGGAA,0,3585358
tisBp,0.3333333333333333,2,2,GTGGTCTATCCCGCGGATGC,0,3588835
tisBp,0.3333333333333333,2,2,GTGGTCCGCATAGAGTCCCT,0,3576817
tisBp,0.3333333333333333,2,2,GTGGGTAAGAGTCACACGGC,0,3551430
tisBp,0.3333333333333333,2,2,GTGGGATGTTTGGAAGGCTA,0,3576088
tisBp,0.3333333333333333,2,2,GTGGGACAGGGATGCTCAAT,0,3578902
tisBp,0.3333333333333333,2,2,GTGGACTGCGTTTAGACACT,0,3577026
tisBp,0.3333333333333333,2,2,GTGCTTTTATAACAGGGAGA,0,3555820
tisBp,0.3333333333333333,2,2,GTGCTTGTGGGTTTGGGTTT,0,3563472
tisBp,0.3333333333333333,2,2,GTGCTCTCGTTTCGTTAGCA,0,3568975
tisBp,0.3333333333333333,2,2,GTGCGGACCCTACTTAGATT,0,3581284
tisBp,0.3333333333333333,2,2,GTGCAGCCGAGTGACTACGA,0,3577156
tisBp,0.3333333333333333,2,2,GTGCAAGGGCGATCCGCCCA,0,3549788
tisBp,0.3333333333333333,2,2,GTGCAACCCTTATCTAGGCA,0,3542445
tisBp,0.3333333333333333,2,2,GTGATGGTTAGTGTTGTTTC,0,3581858
tisBp,0.3333333333333333,2,2,GTGATCGAACATTAATCCCC,0,3545801
tisBp,0.3333333333333333,2,2,GTGATATTCGACGTAGCTGC,0,3576333
tisBp,0.3333333333333333,2,2,GTGAGTCTATCAGAGTGCTG,0,3563522
tisBp,0.3333333333333333,2,2,GTGACTCATCGTGGCACCAG,0,3563702
tisBp,0.3333333333333333,2,2,GTGACACCTTGATCTAACTA,0,3544754
tisBp,0.3333333333333333,2,2,GTGACAATGGCACGCAAAAG,0,3581393
tisBp,0.3333333333333333,2,2,GTCTTTTCGTAAAGAAATAC,0,3552311
tisBp,0.3333333333333333,2,2,GTCTTAAAGTGGGATCGTAT,0,3601809
tisBp,0.3333333333333333,2,2,GTCTGGAGATACCTCGTGGA,0,3588122
tisBp,0.3333333333333333,2,2,GTCTATGCGCAGACTGTGCG,0,3580567
tisBp,0.3333333333333333,2,2,GTCGTACCCCATGCTTGATT,0,3581418
tisBp,0.3333333333333333,2,2,GTCGGGTCTCCAAGTGTGCG,0,3543905
tisBp,0.3333333333333333,2,2,GTCGGGTACCGCTTTCCATG,0,3585686
tisBp,0.3333333333333333,2,2,GTCGGAAATGGTCACCTAGT,0,3549163
tisBp,0.3333333333333333,2,2,GTCGCTCTTTCTTTCGTCCC,0,3574516
tisBp,0.3333333333333333,2,2,GTCGCGGAGGTTGTGGATCT,0,3597463
tisBp,0.3333333333333333,2,2,GTCGAGGCAAATTGCTTTGA,0,3573858
tisBp,0.3333333333333333,2,2,GTCCTTGCTTATGTCTTTCG,0,3560405
tisBp,0.3333333333333333,2,2,GTCCTAAATGGACTTTTTCG,0,3569503
tisBp,0.3333333333333333,2,2,GTCCGTCTAAATCGGGAGGG,0,3554136
tisBp,0.3333333333333333,2,2,GTCCGGTACTAATCAAATAT,0,3558607
tisBp,0.3333333333333333,2,2,GTCCGCCGGAGTCTGCCGTT,0,3554150
tisBp,0.3333333333333333,2,2,GTCCGATGGCCTTGCTACAT,0,3569702
tisBp,0.3333333333333333,2,2,GTCCGAGATAAGTAGGTTAG,0,3575498
tisBp,0.3333333333333333,2,2,GTCCCCCATCACATAGTTCT,0,3592196
tisBp,0.3333333333333333,2,2,GTCCAGAGCTGCCAGTTAGT,0,3566043
tisBp,0.3333333333333333,2,2,GTCCACTATTATCCATCCTG,0,3575417
tisBp,0.3333333333333333,2,2,GTCCAATAGACATTCGCTGT,0,3585149
tisBp,0.3333333333333333,2,2,GTCATTTATGTAACGCAAAA,0,3572638
tisBp,0.3333333333333333,2,2,GTCATCACCTGTGTCCGGTG,0,3568829
tisBp,0.3333333333333333,2,2,GTCAGGCATAGTCTATGCTT,0,3590348
tisBp,0.3333333333333333,2,2,GTCAGATATTTGTTCAGCGA,0,3592169
tisBp,0.3333333333333333,2,2,GTCACTGTCTTTGAAGGTCA,0,3556886
tisBp,0.3333333333333333,2,2,GTCACCCGCTCACTGCGGAC,0,3545106
tisBp,0.3333333333333333,2,2,GTCAAAACAAATGGTTGACT,0,3587014
tisBp,0.3333333333333333,2,2,GTATTTATTGAGCTCGTCAG,0,3558707
tisBp,0.3333333333333333,2,2,GTATTGTATACTCTGTATCT,0,3584185
tisBp,0.3333333333333333,2,2,GTATTCGGTAACTAGCGCAG,0,3574251
tisBp,0.3333333333333333,2,2,GTATTCCTATATGTAACTAT,0,3572683
tisBp,0.3333333333333333,2,2,GTATGTTATGTTTGTGGGGC,0,3573417
tisBp,0.3333333333333333,2,2,GTATGTGATTGCGAAAACGG,0,3546871
tisBp,0.3333333333333333,2,2,GTATGGCATCATTGCTCGTC,0,3562727
tisBp,0.3333333333333333,2,2,GTATGACCGAGTGTAATTTG,0,3567897
tisBp,0.3333333333333333,2,2,GTATCTTGGTTATGTGCTAA,0,3579720
tisBp,0.3333333333333333,2,2,GTATCTGTGCTCTCCGTGAT,0,3576305
tisBp,0.3333333333333333,2,2,GTATCCGTACCCCCACAAAG,0,3579601
tisBp,0.3333333333333333,2,2,GTATCAGCTATCCCGACTTG,0,3556214
tisBp,0.3333333333333333,2,2,GTATATCCCGGCGCGGTCAC,0,3556302
tisBp,0.3333333333333333,2,2,GTATAGGTACCGGCCGACCA,0,3571071
tisBp,0.3333333333333333,2,2,GTATAGAGAACAGAAGAGTA,0,3587049
tisBp,0.3333333333333333,2,2,GTAGGGGGAATATAATACGT,0,3564424
tisBp,0.3333333333333333,2,2,GTAGGATTCGTGAGACTCTT,0,3554135
tisBp,0.3333333333333333,2,2,GTAGGAGTTCCGTCAAGTGG,0,3567401
tisBp,0.3333333333333333,2,2,GTAGCGGCCCCGGACTACCA,0,3590033
tisBp,0.3333333333333333,2,2,GTAGCGGAATAAGACGTAGG,0,3581147
tisBp,0.3333333333333333,2,2,GTAGATGGTCATTATAGCTG,0,3561014
tisBp,0.3333333333333333,2,2,GTAGAGTGTTGGTAGTGAAG,0,3544761
tisBp,0.3333333333333333,2,2,GTAGACCAATACGAGTTGAA,0,3592652
tisBp,0.3333333333333333,2,2,GTACGTTGCAGCGCTAGGTT,0,3562774
tisBp,0.3333333333333333,2,2,GTACGTTAATAGAGCTACCG,0,3567465
tisBp,0.3333333333333333,2,2,GTACGTAACCGGGCGGGGCT,0,3546794
tisBp,0.3333333333333333,2,2,GTACGGCGTGTTCACACTAC,0,3569478
tisBp,0.3333333333333333,2,2,GTACGGATCTGGTCCCTAGT,0,3568015
tisBp,0.3333333333333333,2,2,GTACGGAATGCGTCTCATTA,0,3592166
tisBp,0.3333333333333333,2,2,GTACCGCTGTGCTCGCTTTT,0,3556976
tisBp,0.3333333333333333,2,2,GTACAGACACGCGCCCAGTA,0,3555327
tisBp,0.3333333333333333,2,2,GTACAAACCCATCCCCTTCT,0,3558003
tisBp,0.3333333333333333,2,2,GTAATGCCAGCTAAGGATCG,0,3571444
tisBp,0.3333333333333333,2,2,GTAACCTCTATAAGTTCTCA,0,3574649
tisBp,0.3333333333333333,2,2,GTAACATATTGGCCATTAGA,0,3593900
tisBp,0.3333333333333333,2,2,GTAAACAGGTCAATCGCGAT,0,3594925
tisBp,0.3333333333333333,2,2,GTAAAATATCCAGCTTCGGC,0,3578586
tisBp,0.3333333333333333,2,2,GTAAAAAAATGCGTCTCGTT,0,3592784
tisBp,0.3333333333333333,2,2,GGTTTGGTCCTTCGAATCTG,0,3561262
tisBp,0.3333333333333333,2,2,GGTTGAACGATGTAGTATCG,0,3587696
tisBp,0.3333333333333333,2,2,GGTTCTAGGCGCTGACTGTA,0,3548062
tisBp,0.3333333333333333,2,2,GGTTCGTAGTATATCGGAGC,0,3581512
tisBp,0.3333333333333333,2,2,GGTTCGCAACTGGAGGTCTA,0,3581928
tisBp,0.3333333333333333,2,2,GGTTCATGGGGACAACATAC,0,3580928
tisBp,0.3333333333333333,2,2,GGTTAGATGTACATAGTGGT,0,3598558
tisBp,0.3333333333333333,2,2,GGTTACTCGCCTGGCTTCCC,0,3560771
tisBp,0.3333333333333333,2,2,GGTTACGGGTAAGAGGAGCT,0,3560761
tisBp,0.3333333333333333,2,2,GGTGTGTCAGGTTACATACG,0,3581441
tisBp,0.3333333333333333,2,2,GGTGTCTTACGCACGGATCA,0,3553327
tisBp,0.3333333333333333,2,2,GGTGGAGCGCTACCGCATAA,0,3584034
tisBp,0.3333333333333333,2,2,GGTGCGGGCGCTGTACCAAG,0,3584216
tisBp,0.3333333333333333,2,2,GGTGATTCCTGGATTGACCC,0,3602550
tisBp,0.3333333333333333,2,2,GGTGAGTATTATGGTCGAAA,0,3543640
tisBp,0.3333333333333333,2,2,GGTGAACGCTTTACGATCTG,0,3542362
tisBp,0.3333333333333333,2,2,GGTGAACAGTCGGAACTGAG,0,3574466
tisBp,0.3333333333333333,2,2,GGTCTTAGCCCTTAAGGCCT,0,3590254
tisBp,0.3333333333333333,2,2,GGTCGCTTAGTTCCGAGCTA,0,3579330
tisBp,0.3333333333333333,2,2,GGTCCGCGGGGCAAGCTTGG,0,3584388
tisBp,0.3333333333333333,2,2,GGTCCCACACGGAAACCCTA,0,3560436
tisBp,0.3333333333333333,2,2,GGTCCAGTCCGGAGGGACTT,0,3562189
tisBp,0.3333333333333333,2,2,GGTCATCGTGACTACAGCGG,0,3574021
tisBp,0.3333333333333333,2,2,GGTATTGTATAAAATCTTAG,0,3548185
tisBp,0.3333333333333333,2,2,GGTATTGACACATTTTCATA,0,3559040
tisBp,0.3333333333333333,2,2,GGTATTCGTGACGCGGACTG,0,3545108
tisBp,0.3333333333333333,2,2,GGTATTACCAGTTAGTTACA,0,3579042
tisBp,0.3333333333333333,2,2,GGTATATCGGTTGTAAGACA,0,3545750
tisBp,0.3333333333333333,2,2,GGTAGTTTTCGCGCGCTTAG,0,3566701
tisBp,0.3333333333333333,2,2,GGTAGTGATGTGAACTTCAT,0,3602780
tisBp,0.3333333333333333,2,2,GGTAGGGGGTCCGCGTTGCA,0,3573471
tisBp,0.3333333333333333,2,2,GGTAGACGGCATGAACGACG,0,3593461
tisBp,0.3333333333333333,2,2,GGTACGTAGTGGTCGAAGGG,0,3553890
tisBp,0.3333333333333333,2,2,GGTACATGTCTCTTTCTCTA,0,3563690
tisBp,0.3333333333333333,2,2,GGTAACAAAGGGGCAAGTGA,0,3582201
tisBp,0.3333333333333333,2,2,GGGTTCCGAGTGAGGCCCGA,0,3573156
tisBp,0.3333333333333333,2,2,GGGTTATGGAATAAGTACAT,0,3545225
tisBp,0.3333333333333333,2,2,GGGTGTGGGTCCACGCCTTG,0,3555148
tisBp,0.3333333333333333,2,2,GGGTGGCGGGGCTTCGACGT,0,3573325
tisBp,0.3333333333333333,2,2,GGGTCCAGTGGGTCTAACGC,0,3589518
tisBp,0.3333333333333333,2,2,GGGTCCACTCCTGGTGGTCG,0,3553778
tisBp,0.3333333333333333,2,2,GGGTATAGAAGGTTGCACTT,0,3598553
tisBp,0.3333333333333333,2,2,GGGTAGTCTGGTGTAACGAA,0,3554255
tisBp,0.3333333333333333,2,2,GGGTAGGCGAGCTCGGCACA,0,3571992
tisBp,0.3333333333333333,2,2,GGGGTTATGGCCTAATCGAA,0,3590942
tisBp,0.3333333333333333,2,2,GGGGTCTAAGTTTCCAAGTA,0,3597889
tisBp,0.3333333333333333,2,2,GGGGTCCATTAGCTGCGCGA,0,3544273
tisBp,0.3333333333333333,2,2,GGGGTACGATCGTACTATGC,0,3554142
tisBp,0.3333333333333333,2,2,GGGGGTGCTTTTGGTCTCAG,0,3559858
tisBp,0.3333333333333333,2,2,GGGGGCATGCAAGAGATCAA,0,3553213
tisBp,0.3333333333333333,2,2,GGGGCTACTGTCTGCCGGGT,0,3570799
tisBp,0.3333333333333333,2,2,GGGGCGTCAGTTGTCAAGTC,0,3603391
tisBp,0.3333333333333333,2,2,GGGGCCACGGGGACAACCCA,0,3582441
tisBp,0.3333333333333333,2,2,GGGGCACATGTCCTCCCAGG,0,3561105
tisBp,0.3333333333333333,2,2,GGGGAGTAACCCCGCCCCAC,0,3555191
tisBp,0.3333333333333333,2,2,GGGGAGAACCTCTTTGATCA,0,3589853
tisBp,0.3333333333333333,2,2,GGGGACACTTAATAAGTATA,0,3586693
tisBp,0.3333333333333333,2,2,GGGCTGTGGGGAATGCACTC,0,3544085
tisBp,0.3333333333333333,2,2,GGGCTGGTGAGGCTCCACCC,0,3561265
tisBp,0.3333333333333333,2,2,GGGCTGCCACAGGCCCGGAA,0,3577051
tisBp,0.3333333333333333,2,2,GGGCGGTAAGTAGAACCGAA,0,3580648
tisBp,0.3333333333333333,2,2,GGGCGCCGACAAGGGCTGGT,0,3584480
tisBp,0.3333333333333333,2,2,GGGCCTAGGCACCTACACGC,0,3562605
tisBp,0.3333333333333333,2,2,GGGCACCGCTAAATTGACCC,0,3590996
tisBp,0.3333333333333333,2,2,GGGATGTCGCTAATGCTCAC,0,3544220
tisBp,0.3333333333333333,2,2,GGGACCAATAAAACTCTGAC,0,3585500
tisBp,0.3333333333333333,2,2,GGGACAAGCAACCAACCGCT,0,3571110
tisBp,0.3333333333333333,2,2,GGGAAGAGCAAGTTATGGAG,0,3566221
tisBp,0.3333333333333333,2,2,GGGAACGAGGACGATAAGCC,0,3555860
tisBp,0.3333333333333333,2,2,GGCTTGACCGGCGAGTTATA,0,3600910
tisBp,0.3333333333333333,2,2,GGCTGTGTGCCGGGTCGAGT,0,3543435
tisBp,0.3333333333333333,2,2,GGCTGCATTCTAGCCTGATG,0,3578712
tisBp,0.3333333333333333,2,2,GGCTGAAGTTCGGTTGCGTT,0,3547595
tisBp,0.3333333333333333,2,2,GGCGTGTGATAATATTTCTG,0,3546693
tisBp,0.3333333333333333,2,2,GGCGGCCTATGGCTGCCGAT,0,3566387
tisBp,0.3333333333333333,2,2,GGCGGAATGCGTGTTCCGAG,0,3585054
tisBp,0.3333333333333333,2,2,GGCGACTTTCAACTCTTGAG,0,3598449
tisBp,0.3333333333333333,2,2,GGCGACACTCCCTTAGTAGT,0,3584240
tisBp,0.3333333333333333,2,2,GGCCTTATTAATTTTGGCAG,0,3543412
tisBp,0.3333333333333333,2,2,GGCCTCTATATTCGTTTTTC,0,3567733
tisBp,0.3333333333333333,2,2,GGCCTCGGTGTGTTCATTAT,0,3562794
tisBp,0.3333333333333333,2,2,GGCCGATAATCGCTTAACGT,0,3541286
tisBp,0.3333333333333333,2,2,GGCCCTACAAAATTGGCGAT,0,3551686
tisBp,0.3333333333333333,2,2,GGCCCCTTATAGTGAAATGG,0,3568862
tisBp,0.3333333333333333,2,2,GGCCCCGTATAGAACGCTAA,0,3555619
tisBp,0.3333333333333333,2,2,GGCCCCCTACTCCAATTTAT,0,3548847
tisBp,0.3333333333333333,2,2,GGCCAATGGGACAGCCCTAT,0,3565603
tisBp,0.3333333333333333,2,2,GGCATTCCTCAGTCCCCTTT,0,3592892
tisBp,0.3333333333333333,2,2,GGCATGAAGTGGGACGGGAA,0,3586851
tisBp,0.3333333333333333,2,2,GGCATCTGCAACGAGCATCT,0,3561323
tisBp,0.3333333333333333,2,2,GGCATCGGACCGCTAGGGAA,0,3576645
tisBp,0.3333333333333333,2,2,GGCAGGATGATAGTATGATT,0,3543641
tisBp,0.3333333333333333,2,2,GGCACTTTCCGGTGAGAAGA,0,3557621
tisBp,0.3333333333333333,2,2,GGCACCGGGCTCACCTCCTA,0,3599169
tisBp,0.3333333333333333,2,2,GGATTGCAAGTCTCTTGTCA,0,3560217
tisBp,0.3333333333333333,2,2,GGATGGCATGGATGGCTGCA,0,3584211
tisBp,0.3333333333333333,2,2,GGATGGATTCCTGTCTGCGT,0,3600562
tisBp,0.3333333333333333,2,2,GGATGCAGCTCCATGCAGCA,0,3552957
tisBp,0.3333333333333333,2,2,GGATGAGGCTGCTAGCAGCC,0,3583760
tisBp,0.3333333333333333,2,2,GGATCCGTGTGCATGTCATC,0,3568555
tisBp,0.3333333333333333,2,2,GGATAGTTCATCATGGGCAT,0,3575321
tisBp,0.3333333333333333,2,2,GGATACCACTCCGGGGAGCT,0,3572009
tisBp,0.3333333333333333,2,2,GGAGGGGTGCAAGGGAAGGC,0,3581926
tisBp,0.3333333333333333,2,2,GGAGCGTCAGTGTCCGTTAT,0,3595230
tisBp,0.3333333333333333,2,2,GGAGACGCTGCACCTACAGA,0,3580201
tisBp,0.3333333333333333,2,2,GGAGAAGCTAGCAACGTATA,0,3544183
tisBp,0.3333333333333333,2,2,GGACTTTTGTCGAAGTTGTA,0,3569042
tisBp,0.3333333333333333,2,2,GGACTGCCAATCTCGAAGAG,0,3578355
tisBp,0.3333333333333333,2,2,GGACTGCACCCCAGTAACTC,0,3563646
tisBp,0.3333333333333333,2,2,GGACGTGGACCGCGAACTGT,0,3571445
tisBp,0.3333333333333333,2,2,GGACGTCTAAACACATCATG,0,3595612
tisBp,0.3333333333333333,2,2,GGACGATGCAAACGTGTCCT,0,3571676
tisBp,0.3333333333333333,2,2,GGACCGCGAGAATTCTTGCC,0,3583920
tisBp,0.3333333333333333,2,2,GGACCCTCTTCGAGGTTTGA,0,3595938
tisBp,0.3333333333333333,2,2,GGACCCGTTTGAAGAACACA,0,3601379
tisBp,0.3333333333333333,2,2,GGACATCCCTGGTATAAACA,0,3566230
tisBp,0.3333333333333333,2,2,GGACATCCCGGACGCATGTG,0,3570354
tisBp,0.3333333333333333,2,2,GGACAATCAGATTTGGGAGA,0,3570536
tisBp,0.3333333333333333,2,2,GGAATGCGGCACTCAAGCAG,0,3552707
tisBp,0.3333333333333333,2,2,GGAATCGTACACGGGAATAC,0,3548201
tisBp,0.3333333333333333,2,2,GGAAGTGAGTCGCGGTAAAT,0,3599390
tisBp,0.3333333333333333,2,2,GGAAGCAGGTCTGCCAATCT,0,3590994
tisBp,0.3333333333333333,2,2,GGAAGATTACTTTCTGTCCA,0,3570285
tisBp,0.3333333333333333,2,2,GGAAATTGGTAAGTGTACTT,0,3546584
tisBp,0.3333333333333333,2,2,GGAAAGACTTCTCCTTAGGG,0,3602056
tisBp,0.3333333333333333,2,2,GCTTTGAGCGCCTTACTGCT,0,3574104
tisBp,0.3333333333333333,2,2,GCTTGGGGGAATTGCCGTTA,0,3599119
tisBp,0.3333333333333333,2,2,GCTTCTTGGGTTCTTGGCGG,0,3598084
tisBp,0.3333333333333333,2,2,GCTTCAGCCCATTGTTCGCA,0,3566425
tisBp,0.3333333333333333,2,2,GCTTAGCAAAGGCGGGGGTA,0,3571599
tisBp,0.3333333333333333,2,2,GCTTAATCGGACATGTCTGA,0,3579442
tisBp,0.3333333333333333,2,2,GCTGTGTCTGCCCGTGACGG,0,3568597
tisBp,0.3333333333333333,2,2,GCTGTGTCGTTAGTAAGACC,0,3559707
tisBp,0.3333333333333333,2,2,GCTGTCGCGTACTTAGAAAA,0,3570871
tisBp,0.3333333333333333,2,2,GCTGCAGTGGACTATACAAA,0,3597134
tisBp,0.3333333333333333,2,2,GCTGCAAGTCAGATCGTGAC,0,3543758
tisBp,0.3333333333333333,2,2,GCTGATAACGTCCTTTTCTG,0,3580022
tisBp,0.3333333333333333,2,2,GCTGAGGCATCCCTAAGAAA,0,3548694
tisBp,0.3333333333333333,2,2,GCTGAATCAGATTTAGTTCG,0,3585805
tisBp,0.3333333333333333,2,2,GCTGAAATCCTATTGCACCA,0,3565989
tisBp,0.3333333333333333,2,2,GCTCTATCGTAGGCACTCCA,0,3568839
tisBp,0.3333333333333333,2,2,GCTCGCCGCGTAGTTAGCTG,0,3558606
tisBp,0.3333333333333333,2,2,GCTCCTCAAATCATTATCCC,0,3544669
tisBp,0.3333333333333333,2,2,GCTCATGCTTGCTTGTACGA,0,3565133
tisBp,0.3333333333333333,2,2,GCTCAGTGCGGGTCTCGGAA,0,3564025
tisBp,0.3333333333333333,2,2,GCTCAGATCTTTGCACTGTC,0,3593310
tisBp,0.3333333333333333,2,2,GCTCACGATACTGCATGCGT,0,3577167
tisBp,0.3333333333333333,2,2,GCTCACATTCTGCTCTAGGA,0,3571468
tisBp,0.3333333333333333,2,2,GCTATGGACAGATGATGCGA,0,3577812
tisBp,0.3333333333333333,2,2,GCTAGGGAACTGGGCCGGGA,0,3584424
tisBp,0.3333333333333333,2,2,GCTAGATAGCAGTCATTGGG,0,3567967
tisBp,0.3333333333333333,2,2,GCTACCAGGTCCTACTTTTC,0,3578310
tisBp,0.3333333333333333,2,2,GCGTATCCTGACTTGTAATC,0,3587615
tisBp,0.3333333333333333,2,2,GCGTAGGCGGTTCAGGTACT,0,3541595
tisBp,0.3333333333333333,2,2,GCGTAAGTGAATAGTAATAT,0,3565432
tisBp,0.3333333333333333,2,2,GCGGTCGTTACCTTATCGAA,0,3571379
tisBp,0.3333333333333333,2,2,GCGGGTTGTTCAAAGAGCAA,0,3579005
tisBp,0.3333333333333333,2,2,GCGGGTACGGTCCCTGACCT,0,3588116
tisBp,0.3333333333333333,2,2,GCGGCTTGTGACTAATAGCC,0,3603164
tisBp,0.3333333333333333,2,2,GCGGCCACTGACAATCTCTT,0,3581676
tisBp,0.3333333333333333,2,2,GCGGAAGGGTGTACATACTT,0,3601808
tisBp,0.3333333333333333,2,2,GCGGAACCGGTTCGAGTGTA,0,3596526
tisBp,0.3333333333333333,2,2,GCGCTTGTCATGGCCGGGAA,0,3548704
tisBp,0.3333333333333333,2,2,GCGCTGTCGCCAGAATTGGC,0,3600033
tisBp,0.3333333333333333,2,2,GCGCTCTTGTTCGGTTTCGA,0,3597132
tisBp,0.3333333333333333,2,2,GCGCTATTTACGATAATGCA,0,3563240
tisBp,0.3333333333333333,2,2,GCGCCAGTCGGTCCCCGTAG,0,3582979
tisBp,0.3333333333333333,2,2,GCGCATGGAAAAACGGAACT,0,3596341
tisBp,0.3333333333333333,2,2,GCGATTCGATGGGTTAATCA,0,3576521
tisBp,0.3333333333333333,2,2,GCGATTATCAGATTTTAATA,0,3589427
tisBp,0.3333333333333333,2,2,GCGATCCACCAGTCTCTGAA,0,3597185
tisBp,0.3333333333333333,2,2,GCGAGTTTCCTGTGAGGTAA,0,3575180
tisBp,0.3333333333333333,2,2,GCGAGGCCATGGGATGTATT,0,3588956
tisBp,0.3333333333333333,2,2,GCGAGCTCACTAGGCCTATG,0,3547620
tisBp,0.3333333333333333,2,2,GCGACTTGGGACGCTATGGT,0,3556965
tisBp,0.3333333333333333,2,2,GCGACGCTTCTCGTACTGTG,0,3560371
tisBp,0.3333333333333333,2,2,GCGACAAAGACTCCCTTCGA,0,3569510
tisBp,0.3333333333333333,2,2,GCGAAGATTTCTCAGGATGG,0,3576959
tisBp,0.3333333333333333,2,2,GCCTTCCATGAAGTATCCAA,0,3560593
tisBp,0.3333333333333333,2,2,GCCTGTTACATCACCTTCGG,0,3594807
tisBp,0.3333333333333333,2,2,GCCTGGTGCGTGCGCCCCGA,0,3568970
tisBp,0.3333333333333333,2,2,GCCTGCCATTAGTGCCCCTA,0,3576427
tisBp,0.3333333333333333,2,2,GCCTCGTGCTCTGGCGTACA,0,3559904
tisBp,0.3333333333333333,2,2,GCCTCCTATGCAAAAGTTCA,0,3595803
tisBp,0.3333333333333333,2,2,GCCGTTTTACCCTGGTCTTA,0,3572083
tisBp,0.3333333333333333,2,2,GCCGGCGTCCATCGATGCGT,0,3566716
tisBp,0.3333333333333333,2,2,GCCGGCGTCAGTGATCGAGA,0,3554477
tisBp,0.3333333333333333,2,2,GCCGGCGGCTTCGGGAACTC,0,3553925
tisBp,0.3333333333333333,2,2,GCCGGCCGCGCGTACACCTT,0,3547315
tisBp,0.3333333333333333,2,2,GCCGGCAGACCGGCTATTTA,0,3573646
tisBp,0.3333333333333333,2,2,GCCGGAGTAAACCCGGAATC,0,3548751
tisBp,0.3333333333333333,2,2,GCCGCGCTGTGGCATGGCGG,0,3551445
tisBp,0.3333333333333333,2,2,GCCGATAACCAGACGTCGGA,0,3541883
tisBp,0.3333333333333333,2,2,GCCCGTGGAAAAGCACTTAC,0,3557773
tisBp,0.3333333333333333,2,2,GCCCGCGTACGGTGGACCCC,0,3598601
tisBp,0.3333333333333333,2,2,GCCCGACCTGTAAGGAGCGA,0,3581882
tisBp,0.3333333333333333,2,2,GCCCCGAACGAGCGAAATTC,0,3588610
tisBp,0.3333333333333333,2,2,GCCATAGTCCAACCGATGTG,0,3550253
tisBp,0.3333333333333333,2,2,GCCAGTTGTAGAGATCTTTA,0,3582298
tisBp,0.3333333333333333,2,2,GCCAGGGCTCGGCAATCCTC,0,3587038
tisBp,0.3333333333333333,2,2,GCCACCTGGCGTTTTTAGCA,0,3558376
tisBp,0.3333333333333333,2,2,GCCAAGTGAAAAAGGCCCAC,0,3574388
tisBp,0.3333333333333333,2,2,GCCAACTAGACTTTACATCA,0,3559363
tisBp,0.3333333333333333,2,2,GCCAAAAGGCGGTTACAATG,0,3589640
tisBp,0.3333333333333333,2,2,GCATTTTCGTACTCCGTGTT,0,3544414
tisBp,0.3333333333333333,2,2,GCATGGGAGCGCTCCGTGCT,0,3594016
tisBp,0.3333333333333333,2,2,GCATACAGCTCCTTCTGTAA,0,3583010
tisBp,0.3333333333333333,2,2,GCATACACTCACCTACCAAA,0,3572406
tisBp,0.3333333333333333,2,2,GCAGTGTAGAGTAGAGGCGC,0,3593942
tisBp,0.3333333333333333,2,2,GCAGGACTGGTTGTCACCTA,0,3575736
tisBp,0.3333333333333333,2,2,GCAGGACTCTGAACCTAATC,0,3573045
tisBp,0.3333333333333333,2,2,GCAGCATATGCCGAAAATAC,0,3592937
tisBp,0.3333333333333333,2,2,GCAGATCCAGTGGACGGCTT,0,3575058
tisBp,0.3333333333333333,2,2,GCAGACATCCGCTAAAATTT,0,3603357
tisBp,0.3333333333333333,2,2,GCACTTTGTTGACTCTGGTT,0,3544496
tisBp,0.3333333333333333,2,2,GCACTGGATTACTGTGATGA,0,3568051
tisBp,0.3333333333333333,2,2,GCACGTCGAGGCCTGCTCTA,0,3599745
tisBp,0.3333333333333333,2,2,GCACGGTTACAAGCTAGTTC,0,3568645
tisBp,0.3333333333333333,2,2,GCACGCATGGGGTAGAGTTA,0,3602239
tisBp,0.3333333333333333,2,2,GCACCGCGGTCCGCTTCCGC,0,3573922
tisBp,0.3333333333333333,2,2,GCACCGCCTTCCGACGCGTC,0,3549269
tisBp,0.3333333333333333,2,2,GCACCCGTGGACGGGCGAGA,0,3591892
tisBp,0.3333333333333333,2,2,GCACAAAAATGGGTCACACT,0,3546212
tisBp,0.3333333333333333,2,2,GCAATGCGCAGATGCCCACG,0,3555049
tisBp,0.3333333333333333,2,2,GCAATCAGTCGTGACCACAA,0,3576876
tisBp,0.3333333333333333,2,2,GCAAGTGATTACCCGTCCCT,0,3592619
tisBp,0.3333333333333333,2,2,GCAAGTCCGTATATGTGGCT,0,3597851
tisBp,0.3333333333333333,2,2,GCAACGGCAAGCGTACCACG,0,3556879
tisBp,0.3333333333333333,2,2,GCAAATTTTCATCGGTAGAA,0,3578097
tisBp,0.3333333333333333,2,2,GATTTGTCACTACGCTATAA,0,3583402
tisBp,0.3333333333333333,2,2,GATTTAGGTTGCGATCTTTG,0,3561510
tisBp,0.3333333333333333,2,2,GATTGAATGTACCTTTTCGG,0,3587005
tisBp,0.3333333333333333,2,2,GATTGAAGGCCTGGATCCAA,0,3545276
tisBp,0.3333333333333333,2,2,GATTCGAGCCCGTCCATTTA,0,3572676
tisBp,0.3333333333333333,2,2,GATTCCAGGCCAAAGGTGAC,0,3547713
tisBp,0.3333333333333333,2,2,GATTAGGGTGCAAAGTGTTT,0,3544595
tisBp,0.3333333333333333,2,2,GATTAGCTCGTAGGAGCAAA,0,3583131
tisBp,0.3333333333333333,2,2,GATTAGCTCACCGATTCCGC,0,3587287
tisBp,0.3333333333333333,2,2,GATTAAAACCGAGGACTAGC,0,3568312
tisBp,0.3333333333333333,2,2,GATGTTCGAACTGTCCCCTT,0,3587817
tisBp,0.3333333333333333,2,2,GATGTGGCGACAGAAAAAAT,0,3575641
tisBp,0.3333333333333333,2,2,GATGGTTGGGCGCTGTTATA,0,3599396
tisBp,0.3333333333333333,2,2,GATGCTTTATTAGAACAAAG,0,3593098
tisBp,0.3333333333333333,2,2,GATGCGGCGGTTATCGGCCT,0,3552396
tisBp,0.3333333333333333,2,2,GATGCGAAGCTGGTATGGGA,0,3567999
tisBp,0.3333333333333333,2,2,GATGCCCATCTAGCACCAGG,0,3558805
tisBp,0.3333333333333333,2,2,GATGCAAGGTGAGGGCCACA,0,3593191
tisBp,0.3333333333333333,2,2,GATGATAAATGCCGTAGATA,0,3583353
tisBp,0.3333333333333333,2,2,GATCTTCACTCTTTGCTGAA,0,3541591
tisBp,0.3333333333333333,2,2,GATCTGGCCTCCTGGGATTA,0,3577727
tisBp,0.3333333333333333,2,2,GATCTCCTGAAGGCGTCGAA,0,3568052
tisBp,0.3333333333333333,2,2,GATCTCCGTGCCACTGATGG,0,3594038
tisBp,0.3333333333333333,2,2,GATCGGCTACAAGTCAGGTC,0,3593418
tisBp,0.3333333333333333,2,2,GATCGCTGGTCGAGGCACAC,0,3562160
tisBp,0.3333333333333333,2,2,GATCGACATCGACCCCGACT,0,3579098
tisBp,0.3333333333333333,2,2,GATCCCCGTTTAATTAAACG,0,3548707
tisBp,0.3333333333333333,2,2,GATCACCAGATGAGTTGGCC,0,3549158
tisBp,0.3333333333333333,2,2,GATATCTATCTCAGGGTTTA,0,3570371
tisBp,0.3333333333333333,2,2,GATAGTGCGGGGCGGGGCCA,0,3569781
tisBp,0.3333333333333333,2,2,GATACGTGGGGGGATAGCCC,0,3551443
tisBp,0.3333333333333333,2,2,GATACGTCCTCGTTGAGGAC,0,3558726
tisBp,0.3333333333333333,2,2,GATACGAACAACATCAATGC,0,3569272
tisBp,0.3333333333333333,2,2,GATAATAGAGAACGTCTGGG,0,3541291
tisBp,0.3333333333333333,2,2,GATAAAACCGCTTTGAATCC,0,3588372
tisBp,0.3333333333333333,2,2,GAGTTTAACTACGCGGCCGT,0,3544210
tisBp,0.3333333333333333,2,2,GAGTCGGGTAAAACGGGCGG,0,3592506
tisBp,0.3333333333333333,2,2,GAGTCGAATAATGTGTAGAG,0,3541903
tisBp,0.3333333333333333,2,2,GAGTCAATTCTCGTTGGCCC,0,3543433
tisBp,0.3333333333333333,2,2,GAGTAGCTCGACCCAGACAG,0,3571030
tisBp,0.3333333333333333,2,2,GAGTAGCCAACCCTCTAAGA,0,3585754
tisBp,0.3333333333333333,2,2,GAGGTCTGATTGCCGCTCCC,0,3575397
tisBp,0.3333333333333333,2,2,GAGGTCAACACCCCCGTATG,0,3586643
tisBp,0.3333333333333333,2,2,GAGGCGGGGATTTTGTGAAA,0,3570996
tisBp,0.3333333333333333,2,2,GAGGCAGTGTAATCAAAGGG,0,3591431
tisBp,0.3333333333333333,2,2,GAGGCACCCGGCCGCGTTCC,0,3556023
tisBp,0.3333333333333333,2,2,GAGGCAATAGCGCCGGAGCC,0,3594082
tisBp,0.3333333333333333,2,2,GAGCTCCCGAAAAGTCTTAG,0,3547238
tisBp,0.3333333333333333,2,2,GAGCTCATGCAGCGCACCTA,0,3553959
tisBp,0.3333333333333333,2,2,GAGCGCGCGGAATCACTCAA,0,3573894
tisBp,0.3333333333333333,2,2,GAGCGCCGTGACCCTCGGAT,0,3559535
tisBp,0.3333333333333333,2,2,GAGCCAAAGTACGCTGTGGG,0,3568069
tisBp,0.3333333333333333,2,2,GAGCATAGTCGTAGCACGAA,0,3573231
tisBp,0.3333333333333333,2,2,GAGCAGCATGTTCGCGTAAG,0,3567117
tisBp,0.3333333333333333,2,2,GAGCACTGACATCTCCGCAG,0,3574903
tisBp,0.3333333333333333,2,2,GAGCACCTCCGGGACACCTG,0,3588439
tisBp,0.3333333333333333,2,2,GAGCACATAAAAAGGGTGTC,0,3572700
tisBp,0.3333333333333333,2,2,GAGATCCGGGTGTTCGTGGG,0,3564967
tisBp,0.3333333333333333,2,2,GAGAGTAGGTGTGTCATGCA,0,3567228
tisBp,0.3333333333333333,2,2,GAGAGCTCAGACCCTTCCGC,0,3547533
tisBp,0.3333333333333333,2,2,GAGAGACCATACGGAGCAAA,0,3572004
tisBp,0.3333333333333333,2,2,GAGACGTACCTAGCCAAAAA,0,3551579
tisBp,0.3333333333333333,2,2,GAGAACCGCTGACATATTGT,0,3579431
tisBp,0.3333333333333333,2,2,GACTTCGAAGCGATGATCAG,0,3593273
tisBp,0.3333333333333333,2,2,GACTGGGAGACATTTATCTG,0,3557588
tisBp,0.3333333333333333,2,2,GACTGGCAACCTATTTAGGA,0,3576969
tisBp,0.3333333333333333,2,2,GACTCTATTGGAAATTCGCT,0,3565421
tisBp,0.3333333333333333,2,2,GACTCCGGTGATGTAAACCA,0,3582884
tisBp,0.3333333333333333,2,2,GACTAAGTTTGCCGAAGTAA,0,3568045
tisBp,0.3333333333333333,2,2,GACGTCCGAGTGGCGATATG,0,3561234
tisBp,0.3333333333333333,2,2,GACGTACTTTCATTTAGCCG,0,3595661
tisBp,0.3333333333333333,2,2,GACGCGCACTTCAATTTGGT,0,3577455
tisBp,0.3333333333333333,2,2,GACGCACAGACGACTGGCGA,0,3572759
tisBp,0.3333333333333333,2,2,GACGATCCCGTGTATCGCGA,0,3574628
tisBp,0.3333333333333333,2,2,GACGAGTGAATTGGTTCGGT,0,3600714
tisBp,0.3333333333333333,2,2,GACCTTCGCTGATGGATGCG,0,3543350
tisBp,0.3333333333333333,2,2,GACCTGTTCCTACGGTGGTA,0,3570932
tisBp,0.3333333333333333,2,2,GACCTGTCGGCATTTACGTA,0,3584954
tisBp,0.3333333333333333,2,2,GACCGTTGGTCTTCTAACCA,0,3565611
tisBp,0.3333333333333333,2,2,GACCGTGGTGAAACCCTTAG,0,3571659
tisBp,0.3333333333333333,2,2,GACCAGTACAAGTACAAGAG,0,3598038
tisBp,0.3333333333333333,2,2,GACCAGGCCCCGCCCACTCG,0,3599533
tisBp,0.3333333333333333,2,2,GACATGTTGCTGGAGCAATG,0,3583283
tisBp,0.3333333333333333,2,2,GACAGTCACCGCTCCTTGCA,0,3549291
tisBp,0.3333333333333333,2,2,GACAAAGCAGGGACCCGATA,0,3552271
tisBp,0.3333333333333333,2,2,GAATTTGTATGTCTAATTGT,0,3580197
tisBp,0.3333333333333333,2,2,GAATGGTAAGTGACAAGGCG,0,3593908
tisBp,0.3333333333333333,2,2,GAATCGGAGGTGATACTTGC,0,3594270
tisBp,0.3333333333333333,2,2,GAATCCTCGGCTATTGGGGT,0,3594647
tisBp,0.3333333333333333,2,2,GAATCCGTGGCTGTTGTGCT,0,3544812
tisBp,0.3333333333333333,2,2,GAATCAGTCCAATGGGCTAG,0,3577501
tisBp,0.3333333333333333,2,2,GAATATAGCGAACATAGGCG,0,3578342
tisBp,0.3333333333333333,2,2,GAAGTTGGTCTGTAAGTATT,0,3554651
tisBp,0.3333333333333333,2,2,GAAGGTGAATTAGAAGCCTG,0,3593715
tisBp,0.3333333333333333,2,2,GAAGCATCGCAAGGTGAGGA,0,3550012
tisBp,0.3333333333333333,2,2,GAAGACCCGAAGAGTTCAGA,0,3569264
tisBp,0.3333333333333333,2,2,GAAGACCCCTGAGCGACCCA,0,3559781
tisBp,0.3333333333333333,2,2,GAACTCTTTTCGCTTCCTCA,0,3553057
tisBp,0.3333333333333333,2,2,GAACTCCCCTGGCGTCATCA,0,3567154
tisBp,0.3333333333333333,2,2,GAACGATAGTGCTGCGACAA,0,3567210
tisBp,0.3333333333333333,2,2,GAACCCGCTGGTATCACGTT,0,3599093
tisBp,0.3333333333333333,2,2,GAACCAGACAGCGGGGATCG,0,3603499
tisBp,0.3333333333333333,2,2,GAACAGGCCAAGATACCAAT,0,3557598
tisBp,0.3333333333333333,2,2,GAAATACCGGGGGTAGGAAC,0,3598349
tisBp,0.3333333333333333,2,2,GAAACGTCATGCCCTTAAGA,0,3588757
tisBp,0.3333333333333333,2,2,GAAACATATTCTAGGTCTTA,0,3562173
tisBp,0.3333333333333333,2,2,GAAAATGCGTATAAATTTCC,0,3560193
tisBp,0.3333333333333333,2,2,GAAAACCTTGCCTAGGCGTC,0,3560295
tisBp,0.3333333333333333,2,2,GAAAAAGATCGTTCACGAGG,0,3580071
tisBp,0.3333333333333333,2,2,CTTTTTCGTTTCAGGCATGT,0,3593398
tisBp,0.3333333333333333,2,2,CTTTTGCAAGGCCAATCTTT,0,3579302
tisBp,0.3333333333333333,2,2,CTTTTGAGCTGGGTACGGCG,0,3541460
tisBp,0.3333333333333333,2,2,CTTTTATTGGGAATATCGCC,0,3580735
tisBp,0.3333333333333333,2,2,CTTTTACTATTTAAGACTCA,0,3549928
tisBp,0.3333333333333333,2,2,CTTTGATGTCGAAGTATCTG,0,3574355
tisBp,0.3333333333333333,2,2,CTTTGATACTGAGGGGCTGT,0,3553673
tisBp,0.3333333333333333,2,2,CTTTCTCGATGCCCCTACGA,0,3600200
tisBp,0.3333333333333333,2,2,CTTTCGGGATTCATCTAAAG,0,3548465
tisBp,0.3333333333333333,2,2,CTTTATCTAGCGTGGGCGGG,0,3594656
tisBp,0.3333333333333333,2,2,CTTTAATGTAGGAGCATGGT,0,3600967
tisBp,0.3333333333333333,2,2,CTTGTGGCCACAACTAATAA,0,3572308
tisBp,0.3333333333333333,2,2,CTTGTAACAGTTTTGCCGTA,0,3601856
tisBp,0.3333333333333333,2,2,CTTGTAAAGGGCAGACAACA,0,3597641
tisBp,0.3333333333333333,2,2,CTTGGTGGTCAATTAGCTGT,0,3552613
tisBp,0.3333333333333333,2,2,CTTGATGTTCACATAGACCA,0,3569631
tisBp,0.3333333333333333,2,2,CTTGATGCGACACGTCGAAG,0,3564810
tisBp,0.3333333333333333,2,2,CTTCTTTGGCCCGATGGGGC,0,3567205
tisBp,0.3333333333333333,2,2,CTTCTTAGGCCTCGGCTATT,0,3588581
tisBp,0.3333333333333333,2,2,CTTCTCGTTTACGTGCTCGG,0,3553779
tisBp,0.3333333333333333,2,2,CTTCTCAGGGGACTTCGGAA,0,3561043
tisBp,0.3333333333333333,2,2,CTTCGGACACCACACCAGGT,0,3541819
tisBp,0.3333333333333333,2,2,CTTCGAGTATTCCCACGAGT,0,3596621
tisBp,0.3333333333333333,2,2,CTTCGAGAATCGTCGCTATC,0,3587548
tisBp,0.3333333333333333,2,2,CTTCCAGGTGATAGCGAAGA,0,3552476
tisBp,0.3333333333333333,2,2,CTTCCACCTAGATGGGAGAC,0,3561895
tisBp,0.3333333333333333,2,2,CTTCATTGGATATGCTTCAT,0,3543939
tisBp,0.3333333333333333,2,2,CTTAGTTGGATAAGGTCTTG,0,3575468
tisBp,0.3333333333333333,2,2,CTTAGTTACTCGGATTAAAA,0,3550265
tisBp,0.3333333333333333,2,2,CTTAGGTTCACGACCTTCAA,0,3569661
tisBp,0.3333333333333333,2,2,CTTAGGTTAGTCCGATGAAA,0,3588539
tisBp,0.3333333333333333,2,2,CTTAGAGATACTGTGCGTCA,0,3558714
tisBp,0.3333333333333333,2,2,CTTAATCGACGCATTCTGGT,0,3590120
tisBp,0.3333333333333333,2,2,CTGTTGTAGACAAGTCAAGA,0,3545963
tisBp,0.3333333333333333,2,2,CTGTTAGATAGAGGCGGATA,0,3562329
tisBp,0.3333333333333333,2,2,CTGTGTTGAATTTCCCCAGT,0,3558135
tisBp,0.3333333333333333,2,2,CTGTCTTACGTACAGGTTAC,0,3593197
tisBp,0.3333333333333333,2,2,CTGTATCTAGGGTGTACCGG,0,3587594
tisBp,0.3333333333333333,2,2,CTGTAGTGTGGGCGGTCGTC,0,3583680
tisBp,0.3333333333333333,2,2,CTGTAGCCTCGACCACGTAA,0,3552941
tisBp,0.3333333333333333,2,2,CTGGTTTGCACTCACTGTCC,0,3555659
tisBp,0.3333333333333333,2,2,CTGGTCGAACAAGCTCGAGG,0,3575112
tisBp,0.3333333333333333,2,2,CTGGGTAACTCGGCACCATG,0,3576774
tisBp,0.3333333333333333,2,2,CTGGCTTTGAGCCCTAATTC,0,3554671
tisBp,0.3333333333333333,2,2,CTGGATTAGACGGAACTAAT,0,3568437
tisBp,0.3333333333333333,2,2,CTGGAGTGAGTCGGCGGGAA,0,3561970
tisBp,0.3333333333333333,2,2,CTGGAAAGAGTGAGTGGAGA,0,3572806
tisBp,0.3333333333333333,2,2,CTGCTATTCTCGTATCATGT,0,3596739
tisBp,0.3333333333333333,2,2,CTGCCCTTGCGCCGGCACTG,0,3563644
tisBp,0.3333333333333333,2,2,CTGCAGAGTTATAATCAGTA,0,3601765
tisBp,0.3333333333333333,2,2,CTGATGCCTAGCGGAACGGT,0,3557260
tisBp,0.3333333333333333,2,2,CTGAGGTTGGTGTATCATTA,0,3603145
tisBp,0.3333333333333333,2,2,CTGAGCAGAAGCTGCCCCGT,0,3551985
tisBp,0.3333333333333333,2,2,CTGAGACCTGGATTAACGTG,0,3595789
tisBp,0.3333333333333333,2,2,CTGACTCCTGTGGGAACTAA,0,3575209
tisBp,0.3333333333333333,2,2,CTGAAATGCAGGCCAATTTT,0,3582500
tisBp,0.3333333333333333,2,2,CTCTTCATACTTCAGCACAA,0,3594273
tisBp,0.3333333333333333,2,2,CTCTGGCCTTGCACCGCCAA,0,3588943
tisBp,0.3333333333333333,2,2,CTCTGATTTCGGGAACAGGG,0,3561426
tisBp,0.3333333333333333,2,2,CTCTGACTTACCGTTTAAAC,0,3599861
tisBp,0.3333333333333333,2,2,CTCTCTGGTTTAGCTATCAC,0,3571652
tisBp,0.3333333333333333,2,2,CTCTCTAGTGCTTGCAGACC,0,3585852
tisBp,0.3333333333333333,2,2,CTCTCCGAAAAGGATTGGCC,0,3573808
tisBp,0.3333333333333333,2,2,CTCTAGTACCTGCGTCTTCG,0,3559803
tisBp,0.3333333333333333,2,2,CTCTAGGCCCCGTGCGCAGA,0,3559455
tisBp,0.3333333333333333,2,2,CTCGTAATCTTCTGGCCGAA,0,3592794
tisBp,0.3333333333333333,2,2,CTCGTAAACTGGAATCCCAG,0,3584008
tisBp,0.3333333333333333,2,2,CTCGGGCACTCACACTCAGT,0,3600461
tisBp,0.3333333333333333,2,2,CTCGGCGAAGAGGGATGCGC,0,3595248
tisBp,0.3333333333333333,2,2,CTCGGAAACCCTCGACATGG,0,3557585
tisBp,0.3333333333333333,2,2,CTCGCTGGTTAGATGCGTTT,0,3584942
tisBp,0.3333333333333333,2,2,CTCGCTCCACATGCTAGTAC,0,3567096
tisBp,0.3333333333333333,2,2,CTCCTGTGAGCGGGGCGGCG,0,3582216
tisBp,0.3333333333333333,2,2,CTCCGCCCGATCAGGCTTGG,0,3602644
tisBp,0.3333333333333333,2,2,CTCCGCCACTCGAAGGCTTT,0,3585522
tisBp,0.3333333333333333,2,2,CTCCGCACGGCGGTTAATCA,0,3561337
tisBp,0.3333333333333333,2,2,CTCCCGCTTATCACGCGAGA,0,3588999
tisBp,0.3333333333333333,2,2,CTCCCATGTGAAATACCGTT,0,3548216
tisBp,0.3333333333333333,2,2,CTCCATGGAAAAAATGGTAG,0,3567630
tisBp,0.3333333333333333,2,2,CTCCATGCATTCAAGGCAGT,0,3587564
tisBp,0.3333333333333333,2,2,CTCCACCGAATTAAGCAAAT,0,3548834
tisBp,0.3333333333333333,2,2,CTCATGCCACAGCATGATGC,0,3563722
tisBp,0.3333333333333333,2,2,CTCATCCGTCTATGTAATTA,0,3591303
tisBp,0.3333333333333333,2,2,CTCAGTAGCGGTGCTAGGAC,0,3600693
tisBp,0.3333333333333333,2,2,CTCAGACTCCCGGGGTCACG,0,3547054
tisBp,0.3333333333333333,2,2,CTCAGAACGACAGAGATAAG,0,3567936
tisBp,0.3333333333333333,2,2,CTCACTTCCCGCGGTAGTTT,0,3569190
tisBp,0.3333333333333333,2,2,CTCACCAATCGGGTGCAGGA,0,3551583
tisBp,0.3333333333333333,2,2,CTCAATAATCTGTCGGACTC,0,3562923
tisBp,0.3333333333333333,2,2,CTATTTCGCTCATACCCCTG,0,3574877
tisBp,0.3333333333333333,2,2,CTATTATACTCCACTTTGCG,0,3569153
tisBp,0.3333333333333333,2,2,CTATGCGAGTGAGTAGGGGG,0,3577346
tisBp,0.3333333333333333,2,2,CTATCGGGTCAAATCTTGAA,0,3545345
tisBp,0.3333333333333333,2,2,CTATCATGGTACTGTCGTAT,0,3595602
tisBp,0.3333333333333333,2,2,CTATATGCCAAATGTACGAT,0,3555574
tisBp,0.3333333333333333,2,2,CTAGTTTTTTCGACTGGGGG,0,3584384
tisBp,0.3333333333333333,2,2,CTAGTTTTGCTTAGCAGAAG,0,3584067
tisBp,0.3333333333333333,2,2,CTAGTTCTCGTTGAGTGTAT,0,3603592
tisBp,0.3333333333333333,2,2,CTAGGTTGTGCAGATGCATT,0,3596948
tisBp,0.3333333333333333,2,2,CTAGGACCATCTCGCTCGGG,0,3578867
tisBp,0.3333333333333333,2,2,CTAGCCAATCAGATACAAGG,0,3576138
tisBp,0.3333333333333333,2,2,CTAGAGAACAGCTATCAATG,0,3545696
tisBp,0.3333333333333333,2,2,CTACTTATGACATCGTAAAT,0,3553310
tisBp,0.3333333333333333,2,2,CTACTAGATAAACACTGAAG,0,3546853
tisBp,0.3333333333333333,2,2,CTACGTCAGAGTTATCCCCT,0,3600696
tisBp,0.3333333333333333,2,2,CTACCGAGTAACCGATGCAT,0,3583275
tisBp,0.3333333333333333,2,2,CTACATCTTTCAGAAGTCAG,0,3571604
tisBp,0.3333333333333333,2,2,CTAACTTTTTGTTAGATGTT,0,3546222
tisBp,0.3333333333333333,2,2,CGTTTTGCCAAGAAACCGCT,0,3565870
tisBp,0.3333333333333333,2,2,CGTTTATTCAACGTCCAGCG,0,3564978
tisBp,0.3333333333333333,2,2,CGTTCTGCTTAAATCTCGGT,0,3593653
tisBp,0.3333333333333333,2,2,CGTTCTAGTCATGTTAAGGA,0,3548944
tisBp,0.3333333333333333,2,2,CGTGTTGAAACGTTCGGTCC,0,3593083
tisBp,0.3333333333333333,2,2,CGTGTAGTGATCGCCTACAT,0,3562693
tisBp,0.3333333333333333,2,2,CGTGGTATTGCGTGGGTGGG,0,3591738
tisBp,0.3333333333333333,2,2,CGTGGGGAAGGCAAAGCGTT,0,3573266
tisBp,0.3333333333333333,2,2,CGTGGGACAGCGCAACCATT,0,3564201
tisBp,0.3333333333333333,2,2,CGTGCTCACCCCATCGGTGG,0,3553176
tisBp,0.3333333333333333,2,2,CGTGCCTCGACTACCTGCGC,0,3541507
tisBp,0.3333333333333333,2,2,CGTGCATAAAAGAATATGTC,0,3562087
tisBp,0.3333333333333333,2,2,CGTGATCAATTACGTCACTA,0,3591726
tisBp,0.3333333333333333,2,2,CGTGATATCAGTTCCTCATC,0,3578111
tisBp,0.3333333333333333,2,2,CGTGAACACTGAAGATAATA,0,3599972
tisBp,0.3333333333333333,2,2,CGTCTCGCTCGGAAGTAGGC,0,3541807
tisBp,0.3333333333333333,2,2,CGTCGTGATTAGGCTCTCAG,0,3578444
tisBp,0.3333333333333333,2,2,CGTCGGAGTTCGCCGCCGGA,0,3548577
tisBp,0.3333333333333333,2,2,CGTCCTCGTTTAGCCGACGG,0,3561710
tisBp,0.3333333333333333,2,2,CGTCCGATCGTCAAATCTCA,0,3579399
tisBp,0.3333333333333333,2,2,CGTCCCTTATTGTCCGCACT,0,3550662
tisBp,0.3333333333333333,2,2,CGTCCCTTACACTCCCCTTC,0,3562632
tisBp,0.3333333333333333,2,2,CGTCCCGTATTCGTCCGGCC,0,3578224
tisBp,0.3333333333333333,2,2,CGTCATTACATGGGGTCAAA,0,3572694
tisBp,0.3333333333333333,2,2,CGTCACCGTTCGTGATCGCG,0,3556745
tisBp,0.3333333333333333,2,2,CGTCAAACCTCAAGCTCCTG,0,3552073
tisBp,0.3333333333333333,2,2,CGTATTCCCTTGCCGCCGTC,0,3578833
tisBp,0.3333333333333333,2,2,CGTATGCATCCAACTATGGT,0,3542936
tisBp,0.3333333333333333,2,2,CGTAGTATCAAAAGCTTTAC,0,3568865
tisBp,0.3333333333333333,2,2,CGTAATTTTGTACGTATGGT,0,3586765
tisBp,0.3333333333333333,2,2,CGTAATAGGGGGGATTATTT,0,3558483
tisBp,0.3333333333333333,2,2,CGGTTCGCCCTCATCCTGCA,0,3592453
tisBp,0.3333333333333333,2,2,CGGTTAGGCTACAGACGCCC,0,3556036
tisBp,0.3333333333333333,2,2,CGGTCTAAAATAGGATGACA,0,3598773
tisBp,0.3333333333333333,2,2,CGGTCATCCCTCTCAACATG,0,3567232
tisBp,0.3333333333333333,2,2,CGGTATTAGCTAGGCCTCAT,0,3580171
tisBp,0.3333333333333333,2,2,CGGGTTTGAGTTTCGGATCT,0,3553078
tisBp,0.3333333333333333,2,2,CGGGTCGATCACCGGGAAAT,0,3594953
tisBp,0.3333333333333333,2,2,CGGGTACCCGTAGGATAAGC,0,3546636
tisBp,0.3333333333333333,2,2,CGGGTAATTGTGCATGCCAG,0,3563957
tisBp,0.3333333333333333,2,2,CGGGTAACAACCCCGATAAG,0,3558083
tisBp,0.3333333333333333,2,2,CGGGGTAGGCGCTGGTCGCA,0,3595096
tisBp,0.3333333333333333,2,2,CGGGGCAAAATATACCTTGA,0,3555342
tisBp,0.3333333333333333,2,2,CGGGGACGGGTACTACTACT,0,3546017
tisBp,0.3333333333333333,2,2,CGGGATAGGCTAGTCAAAGG,0,3584414
tisBp,0.3333333333333333,2,2,CGGGAGCGTGTCGCGCTGCG,0,3574040
tisBp,0.3333333333333333,2,2,CGGGAAATTCGAGAATGTCA,0,3575314
tisBp,0.3333333333333333,2,2,CGGCGGTCACCTGGATTCAA,0,3558974
tisBp,0.3333333333333333,2,2,CGGCGGCATTGGGATTGTGG,0,3596951
tisBp,0.3333333333333333,2,2,CGGCGCCCTAAGGAGGTCGG,0,3569454
tisBp,0.3333333333333333,2,2,CGGCCTTTCGATGTAACCGC,0,3590513
tisBp,0.3333333333333333,2,2,CGGCCTGTGGAAGGTGGGGG,0,3552147
tisBp,0.3333333333333333,2,2,CGGCCTAGATCGCTCGCTAA,0,3566673
tisBp,0.3333333333333333,2,2,CGGCCGGTCGGACCGACCAG,0,3553509
tisBp,0.3333333333333333,2,2,CGGCCGCTAATATCTCGTTA,0,3567172
tisBp,0.3333333333333333,2,2,CGGCCGCATACGTCCGGGTA,0,3566853
tisBp,0.3333333333333333,2,2,CGGCCCTTGTGCGCATAAGC,0,3600590
tisBp,0.3333333333333333,2,2,CGGCACAGTCAACGGGAGCT,0,3546780
tisBp,0.3333333333333333,2,2,CGGATTTCAAGGCTGGTAGC,0,3553350
tisBp,0.3333333333333333,2,2,CGGATGGGGAAGTGCGGGAC,0,3574618
tisBp,0.3333333333333333,2,2,CGGAGCGTTTGCGTACGGGG,0,3564899
tisBp,0.3333333333333333,2,2,CGGAGAGCACAAGCTTTGTC,0,3602509
tisBp,0.3333333333333333,2,2,CGGACAGCTTACGGTCTAGG,0,3573739
tisBp,0.3333333333333333,2,2,CGCTTGTTAGCACTTTTCTT,0,3581934
tisBp,0.3333333333333333,2,2,CGCTTGTAACGAACCTCCAA,0,3546883
tisBp,0.3333333333333333,2,2,CGCTTCAAAGCCTCAGGCCT,0,3585478
tisBp,0.3333333333333333,2,2,CGCTGTGCCTACTGTTGCCC,0,3599351
tisBp,0.3333333333333333,2,2,CGCTATTTGGCAATATCGGA,0,3596508
tisBp,0.3333333333333333,2,2,CGCTATATCCGCAAAAAAAG,0,3546911
tisBp,0.3333333333333333,2,2,CGCGTTCACTTCCGCGGGGT,0,3572831
tisBp,0.3333333333333333,2,2,CGCGTAGAGCGGTGCGAGCC,0,3558184
tisBp,0.3333333333333333,2,2,CGCGGGCAAACGTGAGAACA,0,3599795
tisBp,0.3333333333333333,2,2,CGCGCGGTGGAGCAGGTCCG,0,3566532
tisBp,0.3333333333333333,2,2,CGCGATTGATTAGGAGACTA,0,3586294
tisBp,0.3333333333333333,2,2,CGCGATCCGAGTGCCCCATG,0,3592100
tisBp,0.3333333333333333,2,2,CGCGACTAAGGGGAAAATTA,0,3542939
tisBp,0.3333333333333333,2,2,CGCCCTGGATCGCGGAAGTC,0,3558121
tisBp,0.3333333333333333,2,2,CGCCCTGAGCACATATGGGT,0,3564016
tisBp,0.3333333333333333,2,2,CGCCCGGACGCGCCGTGAGA,0,3573929
tisBp,0.3333333333333333,2,2,CGCCCCTAAGCAAGCTCAAT,0,3570897
tisBp,0.3333333333333333,2,2,CGCCAGTTCGATACGGTCAT,0,3589764
tisBp,0.3333333333333333,2,2,CGCCAAAGAGTAGAATTAGT,0,3581296
tisBp,0.3333333333333333,2,2,CGCATGGAGGGATTCCCCCA,0,3556349
tisBp,0.3333333333333333,2,2,CGCATCTAGTATGGTGCCGC,0,3542908
tisBp,0.3333333333333333,2,2,CGCATCCTACACAGTTTCCG,0,3559869
tisBp,0.3333333333333333,2,2,CGCATCAAACTGCGAATAGT,0,3566982
tisBp,0.3333333333333333,2,2,CGCATATGTTGCGTCCACCA,0,3578861
tisBp,0.3333333333333333,2,2,CGCAGCTGAGTTTTTGTGAT,0,3565260
tisBp,0.3333333333333333,2,2,CGCAGCGGCCGACGAGTACT,0,3575044
tisBp,0.3333333333333333,2,2,CGCAATATTCTCTGAGTATC,0,3587803
tisBp,0.3333333333333333,2,2,CGCAATAAGTTCGGTTTACA,0,3602213
tisBp,0.3333333333333333,2,2,CGATTTGGCAGACCAACCCT,0,3593609
tisBp,0.3333333333333333,2,2,CGATTTGAATCTAATGTCTT,0,3551787
tisBp,0.3333333333333333,2,2,CGATTGGGCATAGGGTGGGT,0,3590474
tisBp,0.3333333333333333,2,2,CGATTGGAGAGAACATTCAG,0,3550816
tisBp,0.3333333333333333,2,2,CGATTAACCTAATCTTAAAC,0,3568644
tisBp,0.3333333333333333,2,2,CGATGGCGTTCGGTGCGTAT,0,3562618
tisBp,0.3333333333333333,2,2,CGATGACGAGTCGTCACCGA,0,3580040
tisBp,0.3333333333333333,2,2,CGATGACAGATTCTCATATT,0,3565235
tisBp,0.3333333333333333,2,2,CGATGAAGTGCGTTTCGGGT,0,3561902
tisBp,0.3333333333333333,2,2,CGATCCCACGGCAGAATCGA,0,3599847
tisBp,0.3333333333333333,2,2,CGATAGTGAAACATGGCTCA,0,3544227
tisBp,0.3333333333333333,2,2,CGAGTGGGGAACGCTACATA,0,3583549
tisBp,0.3333333333333333,2,2,CGAGGCTTTTTTGGGGTAAG,0,3567485
tisBp,0.3333333333333333,2,2,CGAGCTTGGTTGCTATACCA,0,3573577
tisBp,0.3333333333333333,2,2,CGAGCGAAGAGTCAGAGGGA,0,3588217
tisBp,0.3333333333333333,2,2,CGAGCCAATCACGGATTATA,0,3596909
tisBp,0.3333333333333333,2,2,CGAGCAGCCCTGGCCATGTA,0,3577656
tisBp,0.3333333333333333,2,2,CGAGATCCATTCGTGATCCA,0,3590784
tisBp,0.3333333333333333,2,2,CGAGAGTAGAACATGACTTA,0,3555116
tisBp,0.3333333333333333,2,2,CGAGACGCTAGGCTGTCTCG,0,3554120
tisBp,0.3333333333333333,2,2,CGAGACCTACAGAGCTCGAC,0,3573049
tisBp,0.3333333333333333,2,2,CGAGACAGCTGCACGCACAA,0,3588418
tisBp,0.3333333333333333,2,2,CGACTTTGCCCTCAATATAG,0,3545806
tisBp,0.3333333333333333,2,2,CGACTTTCGAGGGTCCTGGT,0,3541882
tisBp,0.3333333333333333,2,2,CGACGAAATTTACCGCAAGC,0,3563281
tisBp,0.3333333333333333,2,2,CGACAAATTCCGTGTGTAAC,0,3558244
tisBp,0.3333333333333333,2,2,CGAATCACTTACTCCCCGGG,0,3543204
tisBp,0.3333333333333333,2,2,CGAATCAACTCGGGGTGCCT,0,3563039
tisBp,0.3333333333333333,2,2,CGAATAGCCCCCTCGTGTGT,0,3565333
tisBp,0.3333333333333333,2,2,CGAAGTTGACATAGTCCATG,0,3544868
tisBp,0.3333333333333333,2,2,CGAACGAAGCAAGGCGGCTC,0,3557964
tisBp,0.3333333333333333,2,2,CGAAAGAGCACGTCAGACGA,0,3546469
tisBp,0.3333333333333333,2,2,CGAAACTAGCTGCATAGACG,0,3542851
tisBp,0.3333333333333333,2,2,CGAAACCCTTAAAGGAGCGG,0,3550430
tisBp,0.3333333333333333,2,2,CCTTTGGATGAGTCGATCCT,0,3546304
tisBp,0.3333333333333333,2,2,CCTTCCGGCGGTCTGCGCTT,0,3545819
tisBp,0.3333333333333333,2,2,CCTTAATTGAGCTTTGTGCG,0,3593987
tisBp,0.3333333333333333,2,2,CCTTAATTAAGTACGCGTAC,0,3590661
tisBp,0.3333333333333333,2,2,CCTTAACCTCGGTGATCCCA,0,3571482
tisBp,0.3333333333333333,2,2,CCTGTATCAGCAATTATCAT,0,3588441
tisBp,0.3333333333333333,2,2,CCTGGTTATGCACTATCCGG,0,3551907
tisBp,0.3333333333333333,2,2,CCTGCTGTTATTCCCAATAT,0,3553111
tisBp,0.3333333333333333,2,2,CCTGCCTCGCCACATTCTGG,0,3590418
tisBp,0.3333333333333333,2,2,CCTGATGTTCAGTCTCCACC,0,3570940
tisBp,0.3333333333333333,2,2,CCTCTTCGCTCAATAGACCT,0,3595082
tisBp,0.3333333333333333,2,2,CCTCTCCGTGAGCTGCCATT,0,3596035
tisBp,0.3333333333333333,2,2,CCTCGTGCAGACTAGCTAAA,0,3564230
tisBp,0.3333333333333333,2,2,CCTCGGGTTTGATGTGAAAA,0,3593531
tisBp,0.3333333333333333,2,2,CCTCGCAGCCTAGTGGTATG,0,3575545
tisBp,0.3333333333333333,2,2,CCTCGATACCTTGTGTCGTC,0,3562602
tisBp,0.3333333333333333,2,2,CCTCCTCTTGGCAGCTGAAG,0,3556633
tisBp,0.3333333333333333,2,2,CCTCCGAAAACGGGGTCGTA,0,3592726
tisBp,0.3333333333333333,2,2,CCTCCAAGGAGTGACACGGC,0,3592275
tisBp,0.3333333333333333,2,2,CCTCATTGCCCATGGTACTC,0,3549334
tisBp,0.3333333333333333,2,2,CCTCAGCTCCTCGTCCCCCT,0,3582446
tisBp,0.3333333333333333,2,2,CCTCAATGTCATAGAGCAGG,0,3543093
tisBp,0.3333333333333333,2,2,CCTATCACCCCGTATGATGG,0,3558515
tisBp,0.3333333333333333,2,2,CCTATACTACTGCGACAGGT,0,3577213
tisBp,0.3333333333333333,2,2,CCTAGGGTGCACGGGGTCGT,0,3545483
tisBp,0.3333333333333333,2,2,CCTAGCGGCGGACGACAGGA,0,3588735
tisBp,0.3333333333333333,2,2,CCTACTACTAAGGCATCGCA,0,3548539
tisBp,0.3333333333333333,2,2,CCTAAGTGCTCTGCTGTATC,0,3560231
tisBp,0.3333333333333333,2,2,CCTAAGGCATCGCGAGGGGA,0,3551276
tisBp,0.3333333333333333,2,2,CCTAAGATGTGACAAGCAGA,0,3553220
tisBp,0.3333333333333333,2,2,CCTAAACGCTATTGGGCTTG,0,3560572
tisBp,0.3333333333333333,2,2,CCGTTTATGTGCAATTACAC,0,3556554
tisBp,0.3333333333333333,2,2,CCGTTCCAAGCTCTTGGTAA,0,3568878
tisBp,0.3333333333333333,2,2,CCGTTCATACGGCGGCTCGT,0,3560222
tisBp,0.3333333333333333,2,2,CCGTGTTGTACTTTGGTAAT,0,3577643
tisBp,0.3333333333333333,2,2,CCGTGTATCGCCATGTCACC,0,3558236
tisBp,0.3333333333333333,2,2,CCGTGCACACATCGGGTGGT,0,3597906
tisBp,0.3333333333333333,2,2,CCGTGACTTTGATGCGAGCT,0,3558793
tisBp,0.3333333333333333,2,2,CCGGTTTGCGAATATTCAGT,0,3542208
tisBp,0.3333333333333333,2,2,CCGGTTGCCAGGTGTCAGTA,0,3594359
tisBp,0.3333333333333333,2,2,CCGGTCTCTGGAGCACGATT,0,3586140
tisBp,0.3333333333333333,2,2,CCGGTCCCATATGCTGGTAT,0,3592504
tisBp,0.3333333333333333,2,2,CCGGTCCAATTCCCACAGTC,0,3568000
tisBp,0.3333333333333333,2,2,CCGGTAGCAATACAAGATGG,0,3588884
tisBp,0.3333333333333333,2,2,CCGGGTGACCGATTTAATCA,0,3602948
tisBp,0.3333333333333333,2,2,CCGGGGAAACCGGCTTGGTT,0,3554108
tisBp,0.3333333333333333,2,2,CCGGCACTAGGCTTTACTCG,0,3602815
tisBp,0.3333333333333333,2,2,CCGCTTATTTTGTAATACCG,0,3575143
tisBp,0.3333333333333333,2,2,CCGCTGTAATTATGTGTCAC,0,3570764
tisBp,0.3333333333333333,2,2,CCGCGGGTCGTACATGCCAT,0,3553369
tisBp,0.3333333333333333,2,2,CCGCGATTCTATGGGACCGG,0,3563999
tisBp,0.3333333333333333,2,2,CCGCGATACAATATACGTTA,0,3594030
tisBp,0.3333333333333333,2,2,CCGCGAGAACGAACCGGCCA,0,3562066
tisBp,0.3333333333333333,2,2,CCGCCCAGTAGAAAAAGTGG,0,3597758
tisBp,0.3333333333333333,2,2,CCGCACAGAGAAAAGATACT,0,3548971
tisBp,0.3333333333333333,2,2,CCGCAATTTAAAGATATTGT,0,3573794
tisBp,0.3333333333333333,2,2,CCGATTATCTGTGAACCACA,0,3599646
tisBp,0.3333333333333333,2,2,CCGATGGACTTTTCCTGCCA,0,3545631
tisBp,0.3333333333333333,2,2,CCGATGCTCGAAGGAGATAC,0,3565114
tisBp,0.3333333333333333,2,2,CCGATCAATCTGAAAATGGG,0,3595654
tisBp,0.3333333333333333,2,2,CCGATACGCCAAACGGGAAA,0,3575049
tisBp,0.3333333333333333,2,2,CCGAGCGTTTGAGACGGGAA,0,3593663
tisBp,0.3333333333333333,2,2,CCGACGGTAGTCGGCCTCAT,0,3593812
tisBp,0.3333333333333333,2,2,CCGAATGGGCATTTATATCA,0,3586658
tisBp,0.3333333333333333,2,2,CCGAATACAACCGATTCAGG,0,3547766
tisBp,0.3333333333333333,2,2,CCCTTAGAAATAGCCACGAA,0,3595031
tisBp,0.3333333333333333,2,2,CCCTGTAGCCGAAACTAGGT,0,3551743
tisBp,0.3333333333333333,2,2,CCCTCTCCCGTTATTTCTCG,0,3571868
tisBp,0.3333333333333333,2,2,CCCTCTACTTAGAAACAAAT,0,3557130
tisBp,0.3333333333333333,2,2,CCCTCTACCCCCGCTTCCCT,0,3574991
tisBp,0.3333333333333333,2,2,CCCTCCACGATCAGCATGGC,0,3563079
tisBp,0.3333333333333333,2,2,CCCTACGGGCAGCAACGTTT,0,3543860
tisBp,0.3333333333333333,2,2,CCCGTACAGTGGTGCTAATA,0,3596577
tisBp,0.3333333333333333,2,2,CCCGGTACTTAACAACAAGT,0,3560435
tisBp,0.3333333333333333,2,2,CCCGGTACTACGGTGTTGAA,0,3589226
tisBp,0.3333333333333333,2,2,CCCGGCTCTTCAGAGCTCAC,0,3562766
tisBp,0.3333333333333333,2,2,CCCGGCACTCCCATCCTATC,0,3583247
tisBp,0.3333333333333333,2,2,CCCGCCATGAATGTGTCTAG,0,3581848
tisBp,0.3333333333333333,2,2,CCCGATTCCTGCTCTGTCCC,0,3578427
tisBp,0.3333333333333333,2,2,CCCGAAGAAACGAAAGGCCA,0,3546936
tisBp,0.3333333333333333,2,2,CCCCTGCAATCGGTTGACGT,0,3573923
tisBp,0.3333333333333333,2,2,CCCCTACTTTAAGTTCAAGG,0,3545103
tisBp,0.3333333333333333,2,2,CCCCGGATAGTGTATATCGA,0,3592305
tisBp,0.3333333333333333,2,2,CCCCGAACGTTTTCATCGAA,0,3591208
tisBp,0.3333333333333333,2,2,CCCCCGTGTCAACGGTGTGT,0,3593558
tisBp,0.3333333333333333,2,2,CCCCCCTGTAAATCGTAAAG,0,3574155
tisBp,0.3333333333333333,2,2,CCCCACTCCTGGACGTTTGT,0,3579941
tisBp,0.3333333333333333,2,2,CCCCACGAGTGATCGGCCAT,0,3556065
tisBp,0.3333333333333333,2,2,CCCATTATTATGAAGCTTAT,0,3548120
tisBp,0.3333333333333333,2,2,CCCATCGTGCTTCTCGGACA,0,3547683
tisBp,0.3333333333333333,2,2,CCCATACTCCATCTGTCCTC,0,3555145
tisBp,0.3333333333333333,2,2,CCCAGATCATTCTGGGTGGT,0,3576942
tisBp,0.3333333333333333,2,2,CCCACATGGGCAAGAGCACT,0,3586858
tisBp,0.3333333333333333,2,2,CCCAAAGAGTTTTCCGACAC,0,3585276
tisBp,0.3333333333333333,2,2,CCATTTCGAATAACCGAGCT,0,3582487
tisBp,0.3333333333333333,2,2,CCATTTAGGTTCTATTGATA,0,3571927
tisBp,0.3333333333333333,2,2,CCATGTCGATACTGCGCTTT,0,3590475
tisBp,0.3333333333333333,2,2,CCATCAATCGGACTAGGTAA,0,3579365
tisBp,0.3333333333333333,2,2,CCATATTACTCGCTTTTTGA,0,3548364
tisBp,0.3333333333333333,2,2,CCATACTCTAACTGGCTTCA,0,3591524
tisBp,0.3333333333333333,2,2,CCAGTGCACGGGTCCTAAGT,0,3595645
tisBp,0.3333333333333333,2,2,CCAGGTTCTTAGCGCGGCTA,0,3602120
tisBp,0.3333333333333333,2,2,CCAGGAGAGCTCCCACAGCG,0,3596194
tisBp,0.3333333333333333,2,2,CCAGCACACCTGCCACAGTC,0,3571280
tisBp,0.3333333333333333,2,2,CCAGATTTCCAAAGATTATA,0,3582712
tisBp,0.3333333333333333,2,2,CCAGAGATGTCGTATACTGA,0,3577350
tisBp,0.3333333333333333,2,2,CCAGAATGGAGTCGTTGCGT,0,3600127
tisBp,0.3333333333333333,2,2,CCAGAACTTATCGCGCCATG,0,3599353
tisBp,0.3333333333333333,2,2,CCAGAAAAAGGAGTCATGAT,0,3584482
tisBp,0.3333333333333333,2,2,CCACTTGCGCAGTACGTTAG,0,3588226
tisBp,0.3333333333333333,2,2,CCACTTGACAATAGTCGCGG,0,3554565
tisBp,0.3333333333333333,2,2,CCACGACTCACAGCTAGCCA,0,3548618
tisBp,0.3333333333333333,2,2,CCACGAATCGATAGGTCGCA,0,3541942
tisBp,0.3333333333333333,2,2,CCACCTCCAGCACCTCCACC,0,3566742
tisBp,0.3333333333333333,2,2,CCACCCGCACACCATCCAGA,0,3602743
tisBp,0.3333333333333333,2,2,CCACCAGATTACGCTCTAGT,0,3598599
tisBp,0.3333333333333333,2,2,CCACCACGGCTCTCCCAAAT,0,3566941
tisBp,0.3333333333333333,2,2,CCACACAATCGACGGGAGCC,0,3601291
tisBp,0.3333333333333333,2,2,CCAATCCACCCTCTAAGATT,0,3563090
tisBp,0.3333333333333333,2,2,CCAATATTAGTTCATGCGGC,0,3581855
tisBp,0.3333333333333333,2,2,CCAAGGTCCGGGAAGTTCCC,0,3563127
tisBp,0.3333333333333333,2,2,CCAAGAAAGTAAAAACCAAG,0,3566774
tisBp,0.3333333333333333,2,2,CCAACTATGTGACCCTATAC,0,3580911
tisBp,0.3333333333333333,2,2,CCAACAGTATGAACACTGTG,0,3579606
tisBp,0.3333333333333333,2,2,CATTTTACCACTCATTCACA,0,3554192
tisBp,0.3333333333333333,2,2,CATTTCAGGCGTAGCCTACG,0,3588186
tisBp,0.3333333333333333,2,2,CATTGCGACACCTCAGCATG,0,3587312
tisBp,0.3333333333333333,2,2,CATTCTCGATCTTGAAGTAG,0,3552565
tisBp,0.3333333333333333,2,2,CATTCGGCCCGCCACGGGCA,0,3599253
tisBp,0.3333333333333333,2,2,CATTCGACTGAGGGGCTTAT,0,3586770
tisBp,0.3333333333333333,2,2,CATTCACCTAGGAACACAGT,0,3593286
tisBp,0.3333333333333333,2,2,CATGTGTGATCAGCTCTCCC,0,3563436
tisBp,0.3333333333333333,2,2,CATGTCATTGTCCAAAAAAT,0,3556413
tisBp,0.3333333333333333,2,2,CATGTATGAACGCGGGTACG,0,3602345
tisBp,0.3333333333333333,2,2,CATGGTCAGCTGCCACGAGA,0,3557650
tisBp,0.3333333333333333,2,2,CATGGCGTGAGTCTATAGTT,0,3582954
tisBp,0.3333333333333333,2,2,CATGGAATCAAAACTGGACA,0,3584370
tisBp,0.3333333333333333,2,2,CATGCTCCTCGCTAACCGGT,0,3568337
tisBp,0.3333333333333333,2,2,CATGCAGCTACGGCGCTCAA,0,3559187
tisBp,0.3333333333333333,2,2,CATGCAGATAGACACCGACG,0,3602432
tisBp,0.3333333333333333,2,2,CATGACTCTTGATTAAACGG,0,3571655
tisBp,0.3333333333333333,2,2,CATCTCTCTATGACGAGGCC,0,3598696
tisBp,0.3333333333333333,2,2,CATCGTCTGCCGTATGCACA,0,3573080
tisBp,0.3333333333333333,2,2,CATCGAGAGTTTTTTGGTCA,0,3599499
tisBp,0.3333333333333333,2,2,CATCGACGCGTCAACTGTCA,0,3558792
tisBp,0.3333333333333333,2,2,CATCGAATTGGTGCAGTCTT,0,3555310
tisBp,0.3333333333333333,2,2,CATCCGATTTGGCTCTAGGC,0,3592893
tisBp,0.3333333333333333,2,2,CATCCAGGCAATAGCTGGCG,0,3541548
tisBp,0.3333333333333333,2,2,CATCATTGTCTATATCCGGA,0,3559059
tisBp,0.3333333333333333,2,2,CATCACACACCGTAACAGCA,0,3560356
tisBp,0.3333333333333333,2,2,CATATGAATTAAATATATCT,0,3585328
tisBp,0.3333333333333333,2,2,CATAGGTGGTGTCCACGTAA,0,3566232
tisBp,0.3333333333333333,2,2,CATAGGTAGGATGGTGCTTT,0,3577520
tisBp,0.3333333333333333,2,2,CATACATTTCTTGCTCGTTT,0,3601750
tisBp,0.3333333333333333,2,2,CATACATTTCAAGGGACCGG,0,3550847
tisBp,0.3333333333333333,2,2,CATAAGCGAGGCAAAGCATG,0,3571368
tisBp,0.3333333333333333,2,2,CATAACGGTATGATCCCAAC,0,3552121
tisBp,0.3333333333333333,2,2,CATAACCAGTAAAGGCGGCT,0,3602346
tisBp,0.3333333333333333,2,2,CAGTTTCGGCATCAATAAAT,0,3544009
tisBp,0.3333333333333333,2,2,CAGTCGGTATGCTGCGACAC,0,3594666
tisBp,0.3333333333333333,2,2,CAGTCCGTAGTGTAAGGACT,0,3602594
tisBp,0.3333333333333333,2,2,CAGTCCAGCCCTCTTAGACT,0,3563275
tisBp,0.3333333333333333,2,2,CAGTACGAGAATTCATCCGG,0,3579347
tisBp,0.3333333333333333,2,2,CAGGTTTGAAAATATCCGCA,0,3576433
tisBp,0.3333333333333333,2,2,CAGGTGACTGCAGGTTGATC,0,3567885
tisBp,0.3333333333333333,2,2,CAGGGGTGTTAGAGGAGGAC,0,3564985
tisBp,0.3333333333333333,2,2,CAGGGGGGGCACGTTCCACT,0,3591731
tisBp,0.3333333333333333,2,2,CAGCTTCTTGCACGGGGGCG,0,3602710
tisBp,0.3333333333333333,2,2,CAGCGTCTCAGGAACTCAAC,0,3564756
tisBp,0.3333333333333333,2,2,CAGCGTATAGGACCGAGAGC,0,3546011
tisBp,0.3333333333333333,2,2,CAGCGGACAGTATTTGGCCC,0,3586637
tisBp,0.3333333333333333,2,2,CAGCGCATCAGGCCAACGCC,0,3601383
tisBp,0.3333333333333333,2,2,CAGCGAGGTGAAGCGTTAGT,0,3581845
tisBp,0.3333333333333333,2,2,CAGCCACATCAGTGGTTATA,0,3595299
tisBp,0.3333333333333333,2,2,CAGCAGGTGACATGTCAGTA,0,3555541
tisBp,0.3333333333333333,2,2,CAGATTAAACCTAGTAAGCG,0,3581844
tisBp,0.3333333333333333,2,2,CAGATAACGCTCCCTACATT,0,3568939
tisBp,0.3333333333333333,2,2,CAGAGTTTTGCACGCGGGGA,0,3601062
tisBp,0.3333333333333333,2,2,CAGAGCCCCGCAATGGAAGC,0,3558854
tisBp,0.3333333333333333,2,2,CAGAGACTCACTAGGTTTGC,0,3589378
tisBp,0.3333333333333333,2,2,CAGACGCACTCGGTTGAAAC,0,3596195
tisBp,0.3333333333333333,2,2,CAGACGATCTAAATCATAAT,0,3600576
tisBp,0.3333333333333333,2,2,CAGAAGACGCGATCGGGGAC,0,3595777
tisBp,0.3333333333333333,2,2,CAGAAGACCCCTTATGACGG,0,3603657
tisBp,0.3333333333333333,2,2,CAGAAATGGGGGAGCGGATT,0,3603113
tisBp,0.3333333333333333,2,2,CACTTTTTAGTGTTGTCTTC,0,3601347
tisBp,0.3333333333333333,2,2,CACTTTCACCTAAGCGCACT,0,3542363
tisBp,0.3333333333333333,2,2,CACTTAAGATTAAGGGCCAT,0,3542216
tisBp,0.3333333333333333,2,2,CACTGTCCCACTTTGTGAGA,0,3545749
tisBp,0.3333333333333333,2,2,CACTCTACTCAGACCGCTAC,0,3570942
tisBp,0.3333333333333333,2,2,CACTCGCACCGTTCGTGTAC,0,3554745
tisBp,0.3333333333333333,2,2,CACTCATTAGCTCCAGAGAA,0,3547301
tisBp,0.3333333333333333,2,2,CACTAATTTACCTAATCTGA,0,3565220
tisBp,0.3333333333333333,2,2,CACTAATTCCGGTTATATTT,0,3557799
tisBp,0.3333333333333333,2,2,CACGGGTCTAGCATAGTGAT,0,3600703
tisBp,0.3333333333333333,2,2,CACGGGGGATACAAGGCGGT,0,3572796
tisBp,0.3333333333333333,2,2,CACGGCCTGCTACCATCGGG,0,3569262
tisBp,0.3333333333333333,2,2,CACGCTTCATACGGTCCGGG,0,3572389
tisBp,0.3333333333333333,2,2,CACGCGGCCGGTAGCACTGG,0,3583377
tisBp,0.3333333333333333,2,2,CACGCAGCCGGGTCGCACCG,0,3567075
tisBp,0.3333333333333333,2,2,CACCTGCGAGTCCCGGGAAT,0,3593459
tisBp,0.3333333333333333,2,2,CACCTCCGGTCCGTTTGACA,0,3563795
tisBp,0.3333333333333333,2,2,CACCCGGTGGCGAGACGGCA,0,3562328
tisBp,0.3333333333333333,2,2,CACCCGGCAATTGATCAAAC,0,3597484
tisBp,0.3333333333333333,2,2,CACCCCTAGTAAGCACTTAA,0,3570773
tisBp,0.3333333333333333,2,2,CACCAGTTGGCGTCAGTTGG,0,3554692
tisBp,0.3333333333333333,2,2,CACCAGGCACCAATACGAGT,0,3550270
tisBp,0.3333333333333333,2,2,CACCAGCGCTGAGTCGTTTA,0,3585937
tisBp,0.3333333333333333,2,2,CACCAGCCATTAGATTTCGC,0,3543793
tisBp,0.3333333333333333,2,2,CACCACCTTGAAGGTCACAG,0,3572537
tisBp,0.3333333333333333,2,2,CACATTATATATCTAAAGGG,0,3549399
tisBp,0.3333333333333333,2,2,CACATGTCGTCATACAGGCC,0,3541878
tisBp,0.3333333333333333,2,2,CACATCAGTCCGATTGGTGG,0,3601390
tisBp,0.3333333333333333,2,2,CACAGTTCTGAAGTGTTTAC,0,3559585
tisBp,0.3333333333333333,2,2,CACAGGCACGCAGCGTTGCC,0,3554562
tisBp,0.3333333333333333,2,2,CACAGCTTGGGGTAATGGGA,0,3572491
tisBp,0.3333333333333333,2,2,CACAGCTGATCAACGGGGCA,0,3549066
tisBp,0.3333333333333333,2,2,CACACTCGTGCGATATGGTT,0,3596556
tisBp,0.3333333333333333,2,2,CACACAGGAAGAGATCTACT,0,3589772
tisBp,0.3333333333333333,2,2,CACACAAATACTGGTTGGAC,0,3541888
tisBp,0.3333333333333333,2,2,CACAATGGGGATACTGAATG,0,3572766
tisBp,0.3333333333333333,2,2,CACAAGGGCGGTATTAGCAT,0,3545321
tisBp,0.3333333333333333,2,2,CAATTTTCGTTCTATTTATC,0,3588384
tisBp,0.3333333333333333,2,2,CAATTCCGGGGTACTACCGG,0,3579731
tisBp,0.3333333333333333,2,2,CAATGTCGGTGCTTATGCGT,0,3592048
tisBp,0.3333333333333333,2,2,CAATCTGAATAGATGGTCCG,0,3592200
tisBp,0.3333333333333333,2,2,CAATAGGTCCACGTGTAATC,0,3565292
tisBp,0.3333333333333333,2,2,CAAGTTTCCCAACTATTGTC,0,3601057
tisBp,0.3333333333333333,2,2,CAAGTTTCAAGGATGATGAA,0,3585299
tisBp,0.3333333333333333,2,2,CAAGTTCTTTGATGAGACCT,0,3551097
tisBp,0.3333333333333333,2,2,CAAGTGGAACATGACTGGGT,0,3576602
tisBp,0.3333333333333333,2,2,CAAGTGCTTGCGCTATGAAT,0,3564665
tisBp,0.3333333333333333,2,2,CAAGTGAGGTTCTCTGTAGG,0,3571852
tisBp,0.3333333333333333,2,2,CAAGTCGGGACAAACCAGTA,0,3594010
tisBp,0.3333333333333333,2,2,CAAGGTTTGCGCTAATCCAT,0,3553423
tisBp,0.3333333333333333,2,2,CAAGGTTTAACAAGGCCATA,0,3566271
tisBp,0.3333333333333333,2,2,CAAGGGTGAACGTCCGGTCA,0,3552928
tisBp,0.3333333333333333,2,2,CAAGGCCTTACCCCAGCCTT,0,3593482
tisBp,0.3333333333333333,2,2,CAAGGCCGATCTTGGCTGAC,0,3595795
tisBp,0.3333333333333333,2,2,CAAGGCCGACACAGGGCATC,0,3597910
tisBp,0.3333333333333333,2,2,CAAGGAGGCGCACTACATCT,0,3586684
tisBp,0.3333333333333333,2,2,CAAGGAGGACATTTGTGGAG,0,3562037
tisBp,0.3333333333333333,2,2,CAAGGAACTTAAGTATTATG,0,3595587
tisBp,0.3333333333333333,2,2,CAAGCGCGAGTAATCATGTT,0,3573946
tisBp,0.3333333333333333,2,2,CAAGCCGCACCGGCGACTTG,0,3582913
tisBp,0.3333333333333333,2,2,CAAGATGCTAGTAATGTCTA,0,3545887
tisBp,0.3333333333333333,2,2,CAAGAACCTCCCCCGCAAGC,0,3555211
tisBp,0.3333333333333333,2,2,CAACTTCAAGGCAGTTTTGT,0,3555558
tisBp,0.3333333333333333,2,2,CAACTCTTTCCTAGCAAATT,0,3562868
tisBp,0.3333333333333333,2,2,CAACGGCACTCTCCACATTA,0,3584098
tisBp,0.3333333333333333,2,2,CAACCGGGCGCATACAAATA,0,3583883
tisBp,0.3333333333333333,2,2,CAACATAAAAGGACGAAAGC,0,3547284
tisBp,0.3333333333333333,2,2,CAAATTGGAGTCGCACAGAT,0,3563606
tisBp,0.3333333333333333,2,2,CAAATAACGTTTGCTTAGGA,0,3541322
tisBp,0.3333333333333333,2,2,CAAAGAGTTCTGATACTTCT,0,3544287
tisBp,0.3333333333333333,2,2,CAAACCTCGAAGAGGGCTGC,0,3545189
tisBp,0.3333333333333333,2,2,CAAAATGCGTCCGGTACGTT,0,3571909
tisBp,0.3333333333333333,2,2,CAAAAGCTTGTGCCCACGTG,0,3550464
tisBp,0.3333333333333333,2,2,CAAAAACTGCACGGGGTTTT,0,3549489
tisBp,0.3333333333333333,2,2,ATTTTCGTGCTGCAATGGGT,0,3594857
tisBp,0.3333333333333333,2,2,ATTTCCACGAGGATGAGGGT,0,3556493
tisBp,0.3333333333333333,2,2,ATTTAAATTCCAATTCGCTC,0,3585618
tisBp,0.3333333333333333,2,2,ATTGTTTTGGGCTGAGCAGC,0,3581050
tisBp,0.3333333333333333,2,2,ATTGTTACTGTAGATATGGT,0,3576398
tisBp,0.3333333333333333,2,2,ATTGTCTGGTTGTGCTATAT,0,3580133
tisBp,0.3333333333333333,2,2,ATTGGGCACTCCCAGACATG,0,3580322
tisBp,0.3333333333333333,2,2,ATTGGCTCAGCATGAATTCT,0,3578997
tisBp,0.3333333333333333,2,2,ATTGCTTTGGCGATCCGCTT,0,3563809
tisBp,0.3333333333333333,2,2,ATTGCAGTCTCTAGGTACCG,0,3557958
tisBp,0.3333333333333333,2,2,ATTGACAATGTTTAAAATAA,0,3564362
tisBp,0.3333333333333333,2,2,ATTCTTCCTCGAATCACTGC,0,3587811
tisBp,0.3333333333333333,2,2,ATTCTCATAAAGACTTAGGT,0,3546421
tisBp,0.3333333333333333,2,2,ATTCGCGATAATAAATTCTT,0,3558089
tisBp,0.3333333333333333,2,2,ATTCGATAGGTGCTTTGGAG,0,3587785
tisBp,0.3333333333333333,2,2,ATTCCAAGGTGATACTGGGC,0,3580849
tisBp,0.3333333333333333,2,2,ATTCATAGACAGCGGGTCCA,0,3550378
tisBp,0.3333333333333333,2,2,ATTCAAGTGAGGGGGGGCAT,0,3581702
tisBp,0.3333333333333333,2,2,ATTAGTTATGATTTCGGCTC,0,3575226
tisBp,0.3333333333333333,2,2,ATTACGCGTGGTGCTTGCCC,0,3593939
tisBp,0.3333333333333333,2,2,ATTACGACGACCGCTAGTAG,0,3580293
tisBp,0.3333333333333333,2,2,ATTACCATGGGATCATCGCT,0,3575982
tisBp,0.3333333333333333,2,2,ATTAATTTAGTCAGAACAGC,0,3568095
tisBp,0.3333333333333333,2,2,ATTAAGGGACTCATGCCGAC,0,3588478
tisBp,0.3333333333333333,2,2,ATTAAATATTCCAATAGTTA,0,3573037
tisBp,0.3333333333333333,2,2,ATGTTTGCATACCGAATCAA,0,3573542
tisBp,0.3333333333333333,2,2,ATGTTCCGTATCGCTTTTTC,0,3562330
tisBp,0.3333333333333333,2,2,ATGTTCATACGCAGTCGTCG,0,3542588
tisBp,0.3333333333333333,2,2,ATGTTATCTGCATCTTAGAG,0,3546019
tisBp,0.3333333333333333,2,2,ATGTTACCTGTGTTGAAACT,0,3578524
tisBp,0.3333333333333333,2,2,ATGTGGGACATGGTGAGTTT,0,3576342
tisBp,0.3333333333333333,2,2,ATGTGCGGAATTTCTATGAT,0,3569300
tisBp,0.3333333333333333,2,2,ATGTGACAAGGCCGATTAAT,0,3552715
tisBp,0.3333333333333333,2,2,ATGTCTCGGGGCGCAAGGGG,0,3598778
tisBp,0.3333333333333333,2,2,ATGTCACCGTCAGGGAGCCT,0,3563507
tisBp,0.3333333333333333,2,2,ATGTACGCCCTTTATTAGGC,0,3569924
tisBp,0.3333333333333333,2,2,ATGGTTGTAAAGTTACGAAG,0,3572446
tisBp,0.3333333333333333,2,2,ATGGGGCAAACAGAATTCCT,0,3600366
tisBp,0.3333333333333333,2,2,ATGGGCTGCTACGCGCTGGG,0,3541654
tisBp,0.3333333333333333,2,2,ATGGGAGTCGCCTGGGTAGA,0,3602446
tisBp,0.3333333333333333,2,2,ATGGCCTTTACTGATAAAAT,0,3577205
tisBp,0.3333333333333333,2,2,ATGGCCCCATAAACCGGTGC,0,3548559
tisBp,0.3333333333333333,2,2,ATGGCCAGAACACTTCCTAT,0,3552775
tisBp,0.3333333333333333,2,2,ATGGCCAAACTCATGCCGTA,0,3553428
tisBp,0.3333333333333333,2,2,ATGGAGCCAAAACAAGGGGT,0,3544747
tisBp,0.3333333333333333,2,2,ATGGAAGCCCAGGTAGTGCT,0,3553516
tisBp,0.3333333333333333,2,2,ATGGAAAAAAATCACCGCGA,0,3576214
tisBp,0.3333333333333333,2,2,ATGCTCGGGGGTACCTCTAT,0,3567870
tisBp,0.3333333333333333,2,2,ATGCGCGAGGTCAGGCCTCG,0,3587344
tisBp,0.3333333333333333,2,2,ATGCCTGCTCATCGGGGCTT,0,3565275
tisBp,0.3333333333333333,2,2,ATGCCGGCCTGGGTTACCAT,0,3590127
tisBp,0.3333333333333333,2,2,ATGCCCCACATTGTCCTCAA,0,3583689
tisBp,0.3333333333333333,2,2,ATGATGAAATTTGTTCGTCA,0,3567065
tisBp,0.3333333333333333,2,2,ATGATCCTATTACTGACTTA,0,3593428
tisBp,0.3333333333333333,2,2,ATGAGTATCTTCCGCTCTCA,0,3553149
tisBp,0.3333333333333333,2,2,ATGAGATTGCGGGCCTCAAC,0,3596398
tisBp,0.3333333333333333,2,2,ATGAGATCGTGGAATGAGGG,0,3595019
tisBp,0.3333333333333333,2,2,ATGACTTAGCGTTAAACGCA,0,3567695
tisBp,0.3333333333333333,2,2,ATGAAATTGACTACCCGTGC,0,3602610
tisBp,0.3333333333333333,2,2,ATGAAAAGATTACAAATGAA,0,3595252
tisBp,0.3333333333333333,2,2,ATCTTTTCGGAGTACTTTTG,0,3593611
tisBp,0.3333333333333333,2,2,ATCTTTGGATCGATGGCGAA,0,3577898
tisBp,0.3333333333333333,2,2,ATCTTGTGACATTTTGCAAC,0,3567122
tisBp,0.3333333333333333,2,2,ATCTTGACGTTAAGTTTTAT,0,3601811
tisBp,0.3333333333333333,2,2,ATCTGAGGCCTGCTCGGACG,0,3579545
tisBp,0.3333333333333333,2,2,ATCTCTGCCGTCCCTTGTTC,0,3542710
tisBp,0.3333333333333333,2,2,ATCTCGCGCGCGAATCCCAT,0,3563791
tisBp,0.3333333333333333,2,2,ATCTATTTGTCCTATCAGGT,0,3589383
tisBp,0.3333333333333333,2,2,ATCGTGGGGGGCCGCGTTTG,0,3585777
tisBp,0.3333333333333333,2,2,ATCGGGGGAATTCAGCGCCA,0,3550596
tisBp,0.3333333333333333,2,2,ATCGCTCGAATGAAGGATGG,0,3576128
tisBp,0.3333333333333333,2,2,ATCGATTTCGCCCGGAGTCT,0,3574171
tisBp,0.3333333333333333,2,2,ATCGATAACCCTGTAGCCTT,0,3588848
tisBp,0.3333333333333333,2,2,ATCGAGACATTGTGATTGCG,0,3590153
tisBp,0.3333333333333333,2,2,ATCGACAGTTTGTGCTTCCG,0,3544783
tisBp,0.3333333333333333,2,2,ATCGAACCGTACTGGATATA,0,3586262
tisBp,0.3333333333333333,2,2,ATCCTCTTACGCGGTACCCG,0,3547036
tisBp,0.3333333333333333,2,2,ATCCGGCACCGGTGCAAAGT,0,3559789
tisBp,0.3333333333333333,2,2,ATCCGATTCAGGAATATACT,0,3558710
tisBp,0.3333333333333333,2,2,ATCCGAGTACAACCTTGTGT,0,3581763
tisBp,0.3333333333333333,2,2,ATCCCCGTACTCGTGGTCAT,0,3562520
tisBp,0.3333333333333333,2,2,ATCCCAATCTACTGTCTCTA,0,3558007
tisBp,0.3333333333333333,2,2,ATCCAGGGGCGTCAGGAGTC,0,3565700
tisBp,0.3333333333333333,2,2,ATCCAATCGTCAATCTTCAT,0,3599303
tisBp,0.3333333333333333,2,2,ATCAGTCTCCCGCCGTCGTC,0,3543566
tisBp,0.3333333333333333,2,2,ATCAGTAGCATCCGTGTGCC,0,3565324
tisBp,0.3333333333333333,2,2,ATCAGGAACTAATTTAGTGG,0,3598916
tisBp,0.3333333333333333,2,2,ATCAGATGTGTCGTAGACTG,0,3560678
tisBp,0.3333333333333333,2,2,ATCAGATGGTCTCCTGATCT,0,3579880
tisBp,0.3333333333333333,2,2,ATCAGAGTGCTCGATTGATT,0,3562151
tisBp,0.3333333333333333,2,2,ATCAGAGTATTGATACCCAT,0,3560212
tisBp,0.3333333333333333,2,2,ATCACAATGTGATAAGCGGT,0,3553893
tisBp,0.3333333333333333,2,2,ATCAATAGAAGTGCGGGATG,0,3548593
tisBp,0.3333333333333333,2,2,ATATTGCGGCCTCTCCGAGG,0,3577186
tisBp,0.3333333333333333,2,2,ATATTGCCCCTGGTGTCATT,0,3563179
tisBp,0.3333333333333333,2,2,ATATGGTTAACAACTATGAG,0,3596074
tisBp,0.3333333333333333,2,2,ATATGCTTGAGACACCTCGA,0,3570166
tisBp,0.3333333333333333,2,2,ATATGCGCTCAATTTTGTAC,0,3584024
tisBp,0.3333333333333333,2,2,ATATGCCGATTACCAGAAAC,0,3587198
tisBp,0.3333333333333333,2,2,ATATCCTTTACGGGATAACA,0,3571567
tisBp,0.3333333333333333,2,2,ATAGTTTCCAAGGGTTAGTA,0,3579053
tisBp,0.3333333333333333,2,2,ATAGTTACGCCCAGTGGCCA,0,3582963
tisBp,0.3333333333333333,2,2,ATAGGGCTGTTATCTTGTGA,0,3572985
tisBp,0.3333333333333333,2,2,ATAGGCACTGCAAAGGCTCC,0,3553611
tisBp,0.3333333333333333,2,2,ATAGCGTCAGGTAAGTGTAC,0,3575603
tisBp,0.3333333333333333,2,2,ATAGAGCGAGAATTAAGACT,0,3598544
tisBp,0.3333333333333333,2,2,ATAGAAGGTTAGACGTTCTC,0,3574625
tisBp,0.3333333333333333,2,2,ATACGCTATAGGTAGGCATA,0,3566876
tisBp,0.3333333333333333,2,2,ATACCGCATCATAATACAGC,0,3554244
tisBp,0.3333333333333333,2,2,ATACCAGTTCGTTAGAATGT,0,3582121
tisBp,0.3333333333333333,2,2,ATACAATTAAGCATGGAATT,0,3589450
tisBp,0.3333333333333333,2,2,ATAATTTTTCTACCAAATAT,0,3575625
tisBp,0.3333333333333333,2,2,ATAATCTCGCGGCTACGTAT,0,3547572
tisBp,0.3333333333333333,2,2,ATAAGTCATGGTGGGGTGGC,0,3576364
tisBp,0.3333333333333333,2,2,ATAACCACCTCTCGGAAGTC,0,3593686
tisBp,0.3333333333333333,2,2,ATAACATCGCGGCTCAGTTT,0,3552518
tisBp,0.3333333333333333,2,2,ATAAATCTTTGGACTGGTCG,0,3579095
tisBp,0.3333333333333333,2,2,AGTTTGTGCCACCACAGATA,0,3568410
tisBp,0.3333333333333333,2,2,AGTTTATTCGGCTGCGCGGC,0,3601719
tisBp,0.3333333333333333,2,2,AGTTTAGAAATGCCCCGCAA,0,3554221
tisBp,0.3333333333333333,2,2,AGTTTACTGTAGATTGGATT,0,3556160
tisBp,0.3333333333333333,2,2,AGTTGTCAAACACCAACTTG,0,3583212
tisBp,0.3333333333333333,2,2,AGTTGCTTGAACTAGCATCT,0,3575938
tisBp,0.3333333333333333,2,2,AGTTCTACCGCAACGTGGTA,0,3543757
tisBp,0.3333333333333333,2,2,AGTTCGAGTTTCAAGATACA,0,3591548
tisBp,0.3333333333333333,2,2,AGTTCATCGAACGTACATAA,0,3553229
tisBp,0.3333333333333333,2,2,AGTTCATATTCTTTCTCCGA,0,3603355
tisBp,0.3333333333333333,2,2,AGTTAGTCTGGGTAGTCTGT,0,3555345
tisBp,0.3333333333333333,2,2,AGTTAGTACGCAACATGATA,0,3595606
tisBp,0.3333333333333333,2,2,AGTTAGCCATAAGCTGATTC,0,3592040
tisBp,0.3333333333333333,2,2,AGTTACCGGGCAGCCAACGA,0,3541814
tisBp,0.3333333333333333,2,2,AGTGGCTGAGCATGGGCGTA,0,3555047
tisBp,0.3333333333333333,2,2,AGTGGCGAGACAGTCCCGGA,0,3579294
tisBp,0.3333333333333333,2,2,AGTGCCGGTTAATGTGACAG,0,3589422
tisBp,0.3333333333333333,2,2,AGTCTGGGGGAACCAATACG,0,3572874
tisBp,0.3333333333333333,2,2,AGTCTCAATACCTACGCCCA,0,3566803
tisBp,0.3333333333333333,2,2,AGTCGTTTAGGATTTGCCAT,0,3588784
tisBp,0.3333333333333333,2,2,AGTCGGACTTTGAGACTGGT,0,3549346
tisBp,0.3333333333333333,2,2,AGTCGATCGAATCCTCAAAA,0,3584407
tisBp,0.3333333333333333,2,2,AGTCCGGCGAAGGGGAAAGT,0,3555121
tisBp,0.3333333333333333,2,2,AGTCCCCGACACTGGTGAAG,0,3603818
tisBp,0.3333333333333333,2,2,AGTCATAGTGGAGTTTTTTT,0,3555437
tisBp,0.3333333333333333,2,2,AGTCAGTTTGTGAAGGAGCC,0,3559582
tisBp,0.3333333333333333,2,2,AGTCAAAGACCGCGGCATTA,0,3580546
tisBp,0.3333333333333333,2,2,AGTACCTACCTCATTTCCTC,0,3562046
tisBp,0.3333333333333333,2,2,AGTAAAAAGTTTGAATGCGT,0,3594343
tisBp,0.3333333333333333,2,2,AGGTTGGAGAACCGCTGACA,0,3577127
tisBp,0.3333333333333333,2,2,AGGTTGCCGATCGTTGGTAC,0,3557978
tisBp,0.3333333333333333,2,2,AGGTTGATCTTCTTTGCACT,0,3580705
tisBp,0.3333333333333333,2,2,AGGTTGACTAGGCAGCGAGG,0,3587294
tisBp,0.3333333333333333,2,2,AGGTGGTTGAAAATTTTTCA,0,3573746
tisBp,0.3333333333333333,2,2,AGGTCAGATAAGATTGCTCA,0,3603428
tisBp,0.3333333333333333,2,2,AGGGTGACCATTTTCATGTT,0,3577911
tisBp,0.3333333333333333,2,2,AGGGTCCCGTCTTGTGTGTA,0,3594272
tisBp,0.3333333333333333,2,2,AGGGGTGTTGCACCGTGTGA,0,3581054
tisBp,0.3333333333333333,2,2,AGGGGGACTACTGTCACGAG,0,3561490
tisBp,0.3333333333333333,2,2,AGGGGCCTGAGCGTCCCTGA,0,3558853
tisBp,0.3333333333333333,2,2,AGGGGAGTAGTATGACTCGA,0,3600416
tisBp,0.3333333333333333,2,2,AGGGCTACGCATACTGGCAA,0,3548117
tisBp,0.3333333333333333,2,2,AGGGCCAAAGACCCCGGTCC,0,3580335
tisBp,0.3333333333333333,2,2,AGGGATCACCTGAGCCCTTG,0,3563749
tisBp,0.3333333333333333,2,2,AGGGACTTATCTGGCATGCT,0,3548297
tisBp,0.3333333333333333,2,2,AGGCTTCCCTAATAGCGGCT,0,3578216
tisBp,0.3333333333333333,2,2,AGGCTACCAATGACCCCGGG,0,3562460
tisBp,0.3333333333333333,2,2,AGGCGCTAATTAGGCGTCGT,0,3544957
tisBp,0.3333333333333333,2,2,AGGCGATGGATTTCTAATGA,0,3560616
tisBp,0.3333333333333333,2,2,AGGCGAATCACGACGCTCTT,0,3586917
tisBp,0.3333333333333333,2,2,AGGCCGGGCTCTACCGGGCT,0,3590022
tisBp,0.3333333333333333,2,2,AGGCCCAAGTGCTAATTGGT,0,3559438
tisBp,0.3333333333333333,2,2,AGGATTGTCTAAATGTAATG,0,3587688
tisBp,0.3333333333333333,2,2,AGGATACTTAATCTTTTAAA,0,3558734
tisBp,0.3333333333333333,2,2,AGGATAACTGGATTTCCCCT,0,3577688
tisBp,0.3333333333333333,2,2,AGGACGTTTTCTGTGATAAG,0,3559050
tisBp,0.3333333333333333,2,2,AGGACGCTCTGCTCGAGAGA,0,3574277
tisBp,0.3333333333333333,2,2,AGGAAACGAACTCTAGTCGG,0,3552494
tisBp,0.3333333333333333,2,2,AGCTTTACGAGCCCAGAAGT,0,3600544
tisBp,0.3333333333333333,2,2,AGCTTGGTGATACCTGGTAT,0,3576962
tisBp,0.3333333333333333,2,2,AGCTGTATCTATCAACATGT,0,3559734
tisBp,0.3333333333333333,2,2,AGCTGAACATAAACCAAAAA,0,3557957
tisBp,0.3333333333333333,2,2,AGCTCGAGTGATTGAGTAAC,0,3595831
tisBp,0.3333333333333333,2,2,AGCTACTTAAACATCAACAG,0,3598980
tisBp,0.3333333333333333,2,2,AGCTACAAATTAGTTCACTT,0,3565711
tisBp,0.3333333333333333,2,2,AGCGTTCCGGGTGAGTTTGT,0,3562186
tisBp,0.3333333333333333,2,2,AGCGTCATTTGCATTAGGGA,0,3598875
tisBp,0.3333333333333333,2,2,AGCGGGTCGAATGCCCGGCC,0,3594698
tisBp,0.3333333333333333,2,2,AGCGGGACCCTACGAAGACT,0,3561487
tisBp,0.3333333333333333,2,2,AGCGCGTCGGCCAATATCTA,0,3602086
tisBp,0.3333333333333333,2,2,AGCGCGCTCGGGGGTCCTGT,0,3547838
tisBp,0.3333333333333333,2,2,AGCGCATATTCATTCGTTTT,0,3559456
tisBp,0.3333333333333333,2,2,AGCGACCAAACTGCGCCGGT,0,3563559
tisBp,0.3333333333333333,2,2,AGCGAACTCGACATATTATG,0,3548400
tisBp,0.3333333333333333,2,2,AGCCTTACCGGAGAGGGGTT,0,3574090
tisBp,0.3333333333333333,2,2,AGCCTCTTACGGGTAACATT,0,3582521
tisBp,0.3333333333333333,2,2,AGCCTAGTGTATTTCTGTCA,0,3573614
tisBp,0.3333333333333333,2,2,AGCCGCTGACCCGGTGACTT,0,3578842
tisBp,0.3333333333333333,2,2,AGCCGCAAACTTTGGCAATA,0,3562859
tisBp,0.3333333333333333,2,2,AGCCCATCTTCCCGAGTCTT,0,3556690
tisBp,0.3333333333333333,2,2,AGCCAGTTCAACGGCGTCAG,0,3548255
tisBp,0.3333333333333333,2,2,AGCCAGATGATTTTTTCGCG,0,3576766
tisBp,0.3333333333333333,2,2,AGCATCCCCTGGCACGTGTA,0,3544755
tisBp,0.3333333333333333,2,2,AGCAGTGAGTTTGCAATAGA,0,3585101
tisBp,0.3333333333333333,2,2,AGCACTCGGTAAGCAGACAT,0,3574383
tisBp,0.3333333333333333,2,2,AGCACAAGTATACCCACTCG,0,3590824
tisBp,0.3333333333333333,2,2,AGCAATTTAGTGGTCCAGCA,0,3564898
tisBp,0.3333333333333333,2,2,AGCAAGCACTTCCTGATGGC,0,3549059
tisBp,0.3333333333333333,2,2,AGCAAGCAAGGACATGGTCT,0,3568707
tisBp,0.3333333333333333,2,2,AGCAAACTTAGAATATGGCA,0,3548126
tisBp,0.3333333333333333,2,2,AGATGTGCGATGTGCTGCGG,0,3557084
tisBp,0.3333333333333333,2,2,AGATGGTAAAATAGTATTCT,0,3582923
tisBp,0.3333333333333333,2,2,AGATATATCCTCAGCCTCCT,0,3561549
tisBp,0.3333333333333333,2,2,AGATAGAGTTCTGCACCGAA,0,3600327
tisBp,0.3333333333333333,2,2,AGATACAGAGTAGAGAAATG,0,3584315
tisBp,0.3333333333333333,2,2,AGAGTGGTAGCTCCGACGCA,0,3602985
tisBp,0.3333333333333333,2,2,AGAGTCGGCTCCCAAGATTA,0,3556525
tisBp,0.3333333333333333,2,2,AGAGTATGAATCCTAGGCGT,0,3543535
tisBp,0.3333333333333333,2,2,AGAGTAGCGAACGTGGCCAA,0,3590652
tisBp,0.3333333333333333,2,2,AGAGGTCCCGGCAAATCACC,0,3598639
tisBp,0.3333333333333333,2,2,AGAGGGTATACATATTGGCT,0,3555174
tisBp,0.3333333333333333,2,2,AGAGGCCCGGATCATGCGTC,0,3572601
tisBp,0.3333333333333333,2,2,AGAGCTGTGGGCTGCTGTAG,0,3577620
tisBp,0.3333333333333333,2,2,AGAGCGAATGCAAAGCAGGC,0,3553064
tisBp,0.3333333333333333,2,2,AGAGCCCAAGTTCATCACAA,0,3554941
tisBp,0.3333333333333333,2,2,AGAGATGCGCTAAGACAGAA,0,3573181
tisBp,0.3333333333333333,2,2,AGAGACGGCGCGCGATTTTC,0,3597424
tisBp,0.3333333333333333,2,2,AGACTAAACCCGACTAACGA,0,3569280
tisBp,0.3333333333333333,2,2,AGACCTGGACTGTATCAGTT,0,3543781
tisBp,0.3333333333333333,2,2,AGACACTACCAGTGCAGGAG,0,3578495
tisBp,0.3333333333333333,2,2,AGAAGCTCAGGTACCCTGAT,0,3553351
tisBp,0.3333333333333333,2,2,AGAAGAGCGGCTTGACGGTA,0,3567436
tisBp,0.3333333333333333,2,2,AGAAGACGGGAAGAAATCAG,0,3548528
tisBp,0.3333333333333333,2,2,AGAACGTACGCTCCACAAGG,0,3601871
tisBp,0.3333333333333333,2,2,AGAACGCTGAACGACTGGAT,0,3577397
tisBp,0.3333333333333333,2,2,AGAACATACAGAGGGCGATA,0,3543436
tisBp,0.3333333333333333,2,2,AGAAAATCGAGAGTCGGTTC,0,3560744
tisBp,0.3333333333333333,2,2,ACTTTTGTACGCAGGCGCAT,0,3554774
tisBp,0.3333333333333333,2,2,ACTTTTGAGTTCCGACTGAG,0,3601821
tisBp,0.3333333333333333,2,2,ACTTTGGTATTGACGCCTTG,0,3579956
tisBp,0.3333333333333333,2,2,ACTTTAGCGCGAGCCGACCT,0,3583222
tisBp,0.3333333333333333,2,2,ACTTTACCCCTAGCGTAGAG,0,3581753
tisBp,0.3333333333333333,2,2,ACTTGTCTGTAGTGCGTCGG,0,3559833
tisBp,0.3333333333333333,2,2,ACTTGGATCAAAAGCGCCAC,0,3554329
tisBp,0.3333333333333333,2,2,ACTTCATGGTAAGTGCCTCC,0,3577253
tisBp,0.3333333333333333,2,2,ACTTAATGTTAAAGGTGAGG,0,3548973
tisBp,0.3333333333333333,2,2,ACTGTCTTAGGTTTGAGTTA,0,3560750
tisBp,0.3333333333333333,2,2,ACTGTAATCGGACCTATGTT,0,3544588
tisBp,0.3333333333333333,2,2,ACTGGTCGTTGCAAGATTCT,0,3557642
tisBp,0.3333333333333333,2,2,ACTGGCCGTATGAATACAGA,0,3543408
tisBp,0.3333333333333333,2,2,ACTGGCACATGCTGATGGGA,0,3587781
tisBp,0.3333333333333333,2,2,ACTGGAGTCCGATCGACTTC,0,3575416
tisBp,0.3333333333333333,2,2,ACTGCTGGTGCAGTGACCAT,0,3569343
tisBp,0.3333333333333333,2,2,ACTGACTTCGATTGCTCGAA,0,3602857
tisBp,0.3333333333333333,2,2,ACTCTGCGGTCTGTAGCACA,0,3546230
tisBp,0.3333333333333333,2,2,ACTCATTGCGTCCGGAGATA,0,3546321
tisBp,0.3333333333333333,2,2,ACTCACCGCCAGTCAGTCAA,0,3554286
tisBp,0.3333333333333333,2,2,ACTCAACAACCCACCTGGAT,0,3541986
tisBp,0.3333333333333333,2,2,ACTATAACATAGTAGACAAC,0,3581437
tisBp,0.3333333333333333,2,2,ACTAGCAAGATCGCCTGTCT,0,3560270
tisBp,0.3333333333333333,2,2,ACTACTGCGACTAGATGGGG,0,3589676
tisBp,0.3333333333333333,2,2,ACTACCGCTAGCTAATAAAC,0,3595583
tisBp,0.3333333333333333,2,2,ACTAATACCCACACCCGTAT,0,3588076
tisBp,0.3333333333333333,2,2,ACTAACCAGTGGTGCTTCGG,0,3558165
tisBp,0.3333333333333333,2,2,ACTAAAGGCACTCTTCATAT,0,3584507
tisBp,0.3333333333333333,2,2,ACGTTGTCATAAGGGTTGTG,0,3556893
tisBp,0.3333333333333333,2,2,ACGTTCTAGCGTCTCCCTGA,0,3545863
tisBp,0.3333333333333333,2,2,ACGTGTGCCGCCCGTAGCTC,0,3588960
tisBp,0.3333333333333333,2,2,ACGTGTAACGGCGCTTTTTA,0,3583300
tisBp,0.3333333333333333,2,2,ACGTGGGTTGGCCCCTGTCT,0,3580210
tisBp,0.3333333333333333,2,2,ACGTGGCTAGCGGCAAGCTT,0,3586131
tisBp,0.3333333333333333,2,2,ACGTGGCATGTCCCTCTCTT,0,3550949
tisBp,0.3333333333333333,2,2,ACGTGCTCGAGCTTGCCGGA,0,3593627
tisBp,0.3333333333333333,2,2,ACGTCTACTTGCGAGGCCGT,0,3543785
tisBp,0.3333333333333333,2,2,ACGTCGTTTGATTTGGATAA,0,3569345
tisBp,0.3333333333333333,2,2,ACGTCGTCCGCCCCGACAGG,0,3588228
tisBp,0.3333333333333333,2,2,ACGTCCCAGTGCGTCTGACC,0,3593648
tisBp,0.3333333333333333,2,2,ACGTCCACGCTAATAGTGTT,0,3570796
tisBp,0.3333333333333333,2,2,ACGTATTGGCTCATCTACGC,0,3552789
tisBp,0.3333333333333333,2,2,ACGTAGGTTATTAATAGACC,0,3560047
tisBp,0.3333333333333333,2,2,ACGTAGGGATACTTAAGCGG,0,3570303
tisBp,0.3333333333333333,2,2,ACGTAACTTCGAAAAACGAG,0,3542485
tisBp,0.3333333333333333,2,2,ACGGTTACCTATTGTTTGTT,0,3590163
tisBp,0.3333333333333333,2,2,ACGGGTTTCGCCACGTAATG,0,3563346
tisBp,0.3333333333333333,2,2,ACGGGTATTAATCCATAGAG,0,3571561
tisBp,0.3333333333333333,2,2,ACGGGGATGTCTATAATGTC,0,3559230
tisBp,0.3333333333333333,2,2,ACGGGGAAGGTGCCACAACT,0,3567513
tisBp,0.3333333333333333,2,2,ACGGGAGCTAGCGGGATTCC,0,3571365
tisBp,0.3333333333333333,2,2,ACGGCGGCCGCATCCACCCC,0,3563698
tisBp,0.3333333333333333,2,2,ACGGCGATACTCGACGTTCC,0,3574967
tisBp,0.3333333333333333,2,2,ACGGCCTAGCCTCCGCCTCG,0,3551550
tisBp,0.3333333333333333,2,2,ACGGCACATAGTCACGCGCG,0,3580528
tisBp,0.3333333333333333,2,2,ACGGCAAAGTACAGGTCATT,0,3580998
tisBp,0.3333333333333333,2,2,ACGGACGACAGGAAAACCGT,0,3565022
tisBp,0.3333333333333333,2,2,ACGCTTTTACCATCATTATA,0,3543286
tisBp,0.3333333333333333,2,2,ACGCGTGTCCAACAAAAATG,0,3598021
tisBp,0.3333333333333333,2,2,ACGCGGTGGGCAGGAGGCCT,0,3578140
tisBp,0.3333333333333333,2,2,ACGCGGGTACCTCCTCCTAA,0,3603231
tisBp,0.3333333333333333,2,2,ACGCCTTATGAGAAATTAGT,0,3603185
tisBp,0.3333333333333333,2,2,ACGCCAGATCTCACCCGGCA,0,3593743
tisBp,0.3333333333333333,2,2,ACGCCACGGATTGAAGGGCT,0,3568087
tisBp,0.3333333333333333,2,2,ACGCACATCCAGATTGTGGG,0,3559085
tisBp,0.3333333333333333,2,2,ACGCAATAGACCAAAAAGAC,0,3585713
tisBp,0.3333333333333333,2,2,ACGATTCAACGTATTTCTAC,0,3558661
tisBp,0.3333333333333333,2,2,ACGATTATATACCCTAGTTC,0,3566903
tisBp,0.3333333333333333,2,2,ACGATTAGTAGATTGTCTTC,0,3573419
tisBp,0.3333333333333333,2,2,ACGAGTACATTTTGGCGCCT,0,3589068
tisBp,0.3333333333333333,2,2,ACGACTACAACCAAGTAAGG,0,3546135
tisBp,0.3333333333333333,2,2,ACGACGGAAAGCCGATTTGT,0,3581200
tisBp,0.3333333333333333,2,2,ACGACGCCGTCCAAGCGTGT,0,3552522
tisBp,0.3333333333333333,2,2,ACGACGATGACTAACCACTC,0,3542545
tisBp,0.3333333333333333,2,2,ACGACAGGCATCTACTTTGC,0,3576423
tisBp,0.3333333333333333,2,2,ACCTGATGCACCGTACATTT,0,3596590
tisBp,0.3333333333333333,2,2,ACCTGAGGTAGACTCGGACA,0,3588724
tisBp,0.3333333333333333,2,2,ACCTCTACCAGGCCTAGTTT,0,3585414
tisBp,0.3333333333333333,2,2,ACCTCGCGCCTGAAAGTCTG,0,3603080
tisBp,0.3333333333333333,2,2,ACCTCCGTATATCGAGACAT,0,3566637
tisBp,0.3333333333333333,2,2,ACCTAGGGATCCGTCGGAGG,0,3563874
tisBp,0.3333333333333333,2,2,ACCTACATTCAAGGGTCTCC,0,3557073
tisBp,0.3333333333333333,2,2,ACCGTTTGGAACGCTGGCCC,0,3596275
tisBp,0.3333333333333333,2,2,ACCGTGATGAGATACCTGTA,0,3584876
tisBp,0.3333333333333333,2,2,ACCGGACGCTGCCGGATACA,0,3577195
tisBp,0.3333333333333333,2,2,ACCGCAGCGTTGAATACGGA,0,3558303
tisBp,0.3333333333333333,2,2,ACCGACGTTCGGAGTTGCCG,0,3559968
tisBp,0.3333333333333333,2,2,ACCCTGTTTGGTCAACAGTC,0,3584210
tisBp,0.3333333333333333,2,2,ACCCGCTTCGATTTTCCTGG,0,3599887
tisBp,0.3333333333333333,2,2,ACCCGCGTCACACACTGAGC,0,3572124
tisBp,0.3333333333333333,2,2,ACCCGCAGAAGAAGAAGCCT,0,3587330
tisBp,0.3333333333333333,2,2,ACCCCTGCGGGCTCAGCGCC,0,3545509
tisBp,0.3333333333333333,2,2,ACCCCGCTAACAGCTCGGGA,0,3543514
tisBp,0.3333333333333333,2,2,ACCCCCAGATCCACCGAAAA,0,3550071
tisBp,0.3333333333333333,2,2,ACCCAGACATCCAAGCCAGG,0,3564922
tisBp,0.3333333333333333,2,2,ACCCACTTGATAAACGCATT,0,3566477
tisBp,0.3333333333333333,2,2,ACCCAAGGAATGGTAATTTC,0,3574422
tisBp,0.3333333333333333,2,2,ACCATTAATGTATGGTCCTG,0,3603084
tisBp,0.3333333333333333,2,2,ACCAGTGTTCCGGATCGTGG,0,3574145
tisBp,0.3333333333333333,2,2,ACCAGTGCCGGATGGAGGCC,0,3597408
tisBp,0.3333333333333333,2,2,ACCAGCTAGAGCCTTTCTAG,0,3575365
tisBp,0.3333333333333333,2,2,ACCACGCACTCCAGGCTAAG,0,3569464
tisBp,0.3333333333333333,2,2,ACCACGAACAGGGGCAGCTG,0,3563826
tisBp,0.3333333333333333,2,2,ACCAATGAGCAATAGCCCTC,0,3561409
tisBp,0.3333333333333333,2,2,ACATTTGCGCGGTCCCCATT,0,3551786
tisBp,0.3333333333333333,2,2,ACATGTAATAGCACTTTCAA,0,3550660
tisBp,0.3333333333333333,2,2,ACAGTTCTGGGCTCGTAGAC,0,3583432
tisBp,0.3333333333333333,2,2,ACAGGGTTGTATTATCATCA,0,3557045
tisBp,0.3333333333333333,2,2,ACAGGGGAGTAGGTCCTACT,0,3554336
tisBp,0.3333333333333333,2,2,ACAGGGCCAGGATTTGGCCT,0,3548691
tisBp,0.3333333333333333,2,2,ACAGGGCACTGTCGCCGTTG,0,3594748
tisBp,0.3333333333333333,2,2,ACAGGATGTATAAGAGAAGG,0,3551578
tisBp,0.3333333333333333,2,2,ACAGATGCCTATGTTAGTTG,0,3594438
tisBp,0.3333333333333333,2,2,ACAGAATAAAGACTCTTGTA,0,3561865
tisBp,0.3333333333333333,2,2,ACAGAAAGATAGGGCGGCAT,0,3558558
tisBp,0.3333333333333333,2,2,ACACTGTGAAAGGCTCAGAG,0,3578126
tisBp,0.3333333333333333,2,2,ACACTGAGACCACATACTCC,0,3602909
tisBp,0.3333333333333333,2,2,ACACTATGGAACCCTGCTCT,0,3559161
tisBp,0.3333333333333333,2,2,ACACGGCGTGCGATAGCCAT,0,3598780
tisBp,0.3333333333333333,2,2,ACACGCCCTTATGATTCTGG,0,3582084
tisBp,0.3333333333333333,2,2,ACACCTAGCCGGCTTCTCGG,0,3558012
tisBp,0.3333333333333333,2,2,ACACCGCAATTTGCACTTAA,0,3541556
tisBp,0.3333333333333333,2,2,ACACATAAGGTAATATGGGG,0,3552720
tisBp,0.3333333333333333,2,2,ACACAAGCCGAGTGTTCCTC,0,3597679
tisBp,0.3333333333333333,2,2,ACAAGCACTACCACATCGGA,0,3582794
tisBp,0.3333333333333333,2,2,ACAACCCATATATGAGGCTA,0,3547020
tisBp,0.3333333333333333,2,2,ACAACCACTAAAGAATGTAA,0,3544656
tisBp,0.3333333333333333,2,2,ACAAATGAGCACCTATCGCA,0,3559008
tisBp,0.3333333333333333,2,2,ACAAACCTGTGGCCGGCACA,0,3544147
tisBp,0.3333333333333333,2,2,ACAAACCTAGTAGCCAATGT,0,3592538
tisBp,0.3333333333333333,2,2,ACAAAAACCAGGGAGGCGAA,0,3555087
tisBp,0.3333333333333333,2,2,AATTTTCGATCGACGGAATG,0,3588589
tisBp,0.3333333333333333,2,2,AATTTTAAAGGTGGTCGGGA,0,3565810
tisBp,0.3333333333333333,2,2,AATTTGCCTGCATCGAACCA,0,3593679
tisBp,0.3333333333333333,2,2,AATTGTAGCAAGCGTATGCG,0,3562239
tisBp,0.3333333333333333,2,2,AATTGCTCAGGCGATGGATA,0,3585591
tisBp,0.3333333333333333,2,2,AATTCTCTGTAAGGCACATT,0,3578835
tisBp,0.3333333333333333,2,2,AATTCCATGTTCCGGTCGCC,0,3569466
tisBp,0.3333333333333333,2,2,AATTATTTATACGGACGAGT,0,3569395
tisBp,0.3333333333333333,2,2,AATGTTAGAGCAGCCTGGAA,0,3549786
tisBp,0.3333333333333333,2,2,AATGTCGATCTACCGGAAGT,0,3602532
tisBp,0.3333333333333333,2,2,AATGTACTGGCTCGTTTGTT,0,3593565
tisBp,0.3333333333333333,2,2,AATGGTTGCCAGTCTAACTC,0,3546534
tisBp,0.3333333333333333,2,2,AATGGACCAGTGAATTTCGC,0,3554130
tisBp,0.3333333333333333,2,2,AATGCTTTTGTACAAAGGAC,0,3598562
tisBp,0.3333333333333333,2,2,AATGCACGTACGATTATAGA,0,3595362
tisBp,0.3333333333333333,2,2,AATGCACCTTAGCCTTGCTA,0,3568742
tisBp,0.3333333333333333,2,2,AATGATAAATGTTATTCTAT,0,3546460
tisBp,0.3333333333333333,2,2,AATGACAGGTAGGTAGGATC,0,3590095
tisBp,0.3333333333333333,2,2,AATGAAATGTAACGACGCAA,0,3568614
tisBp,0.3333333333333333,2,2,AATCTGTGAGGAGCTTGGCG,0,3597729
tisBp,0.3333333333333333,2,2,AATCTGCGGCCCATAGTATA,0,3564949
tisBp,0.3333333333333333,2,2,AATCTCGGCGCCAGCACCTG,0,3598640
tisBp,0.3333333333333333,2,2,AATCGTGGTAGTCTAGACCT,0,3598892
tisBp,0.3333333333333333,2,2,AATCGTACCAATAGAGGCCT,0,3553971
tisBp,0.3333333333333333,2,2,AATCCTAACACAGGGAACGT,0,3549245
tisBp,0.3333333333333333,2,2,AATCCGAAGCACGAGCCATT,0,3590660
tisBp,0.3333333333333333,2,2,AATCCAGTTACCATGATCGG,0,3549081
tisBp,0.3333333333333333,2,2,AATATAGGATACTGGTGCGG,0,3599929
tisBp,0.3333333333333333,2,2,AATAGGACATCGCAACTAAA,0,3593525
tisBp,0.3333333333333333,2,2,AATAGCCTAGTGTCGTATTG,0,3556508
tisBp,0.3333333333333333,2,2,AATAGACGATCGAGCGCTCC,0,3548149
tisBp,0.3333333333333333,2,2,AATAATATGGGACTATGACA,0,3545375
tisBp,0.3333333333333333,2,2,AATAATAATTCATAAATTTC,0,3579685
tisBp,0.3333333333333333,2,2,AATAAGTGGTTTTGGACCTA,0,3585361
tisBp,0.3333333333333333,2,2,AAGTTCTTGGAAAAGAAGTA,0,3569491
tisBp,0.3333333333333333,2,2,AAGTTACTTGAAGGCCGGTT,0,3575393
tisBp,0.3333333333333333,2,2,AAGTTACGGGAGCGATCGAA,0,3548928
tisBp,0.3333333333333333,2,2,AAGTGTCAGGTCCAGACTTG,0,3563004
tisBp,0.3333333333333333,2,2,AAGTGCCTTAAACAGTCCCC,0,3589991
tisBp,0.3333333333333333,2,2,AAGTCTCGGTAATTCCAGCC,0,3559910
tisBp,0.3333333333333333,2,2,AAGTCGTAATTCTGTTGCAA,0,3599870
tisBp,0.3333333333333333,2,2,AAGTAGTGTTCAGCGCACTT,0,3596205
tisBp,0.3333333333333333,2,2,AAGTAAGGTTAATTCGCCAG,0,3584180
tisBp,0.3333333333333333,2,2,AAGGTTCAGGGTTCAGGTTT,0,3574546
tisBp,0.3333333333333333,2,2,AAGGTGAACCCCGATTTAAG,0,3551006
tisBp,0.3333333333333333,2,2,AAGGGGTCAGTCCCCCCAAG,0,3603241
tisBp,0.3333333333333333,2,2,AAGGGGAGGCCGTGCTTAAC,0,3574977
tisBp,0.3333333333333333,2,2,AAGGGCACTTTCCTCGTGTG,0,3552251
tisBp,0.3333333333333333,2,2,AAGGCTTGTCGTTATGACCA,0,3555924
tisBp,0.3333333333333333,2,2,AAGGCGCTTATGCATTAGGA,0,3592666
tisBp,0.3333333333333333,2,2,AAGGCAAACATCTCATCCGA,0,3600917
tisBp,0.3333333333333333,2,2,AAGGAGGGCATAAGTGCGTC,0,3585563
tisBp,0.3333333333333333,2,2,AAGGACACAATCCTGCTTTC,0,3595130
tisBp,0.3333333333333333,2,2,AAGCTGTAGAACCCTAGTTA,0,3555786
tisBp,0.3333333333333333,2,2,AAGCTCGGGCGTGGAGGGGT,0,3559342
tisBp,0.3333333333333333,2,2,AAGCGTCAGTAAAAAGTTTA,0,3600573
tisBp,0.3333333333333333,2,2,AAGCCCCCTTGCGGAGGAAG,0,3587631
tisBp,0.3333333333333333,2,2,AAGATGTTAATCTTGATTTT,0,3565388
tisBp,0.3333333333333333,2,2,AAGATAAAGGGTTTAAAGCA,0,3590180
tisBp,0.3333333333333333,2,2,AAGAGACTAGTAGGAGATTA,0,3578706
tisBp,0.3333333333333333,2,2,AAGACCTCAAATATACACTT,0,3565226
tisBp,0.3333333333333333,2,2,AAGAATGCATAACGCAATCT,0,3600998
tisBp,0.3333333333333333,2,2,AACTTACGGTTATTCATGAA,0,3547500
tisBp,0.3333333333333333,2,2,AACTGTCCCGTCCGTGCTTT,0,3588332
tisBp,0.3333333333333333,2,2,AACTAGCGTATAGGTTCTGG,0,3586997
tisBp,0.3333333333333333,2,2,AACTACTATAGAACTAGACT,0,3587355
tisBp,0.3333333333333333,2,2,AACGTTGACGATCGAACACT,0,3568043
tisBp,0.3333333333333333,2,2,AACGGGGACGGCGCAGTGGC,0,3588860
tisBp,0.3333333333333333,2,2,AACGGGACTTTTTGCTTAGT,0,3546684
tisBp,0.3333333333333333,2,2,AACGGAGGGTCTCATCACTT,0,3600025
tisBp,0.3333333333333333,2,2,AACGGAGCCTTAGCTGTCAA,0,3547023
tisBp,0.3333333333333333,2,2,AACGGAAGGGCTCAGATTCA,0,3552669
tisBp,0.3333333333333333,2,2,AACGCTTGCCTGCTGCGCTA,0,3597165
tisBp,0.3333333333333333,2,2,AACGCCGTAACACACCTATT,0,3561190
tisBp,0.3333333333333333,2,2,AACGCCCTCCGACACAATAT,0,3574054
tisBp,0.3333333333333333,2,2,AACGACCCGCACAGACGGAG,0,3555824
tisBp,0.3333333333333333,2,2,AACCGTGTCGCGGAGTCAAG,0,3589679
tisBp,0.3333333333333333,2,2,AACCGCATCATCTAGGCATG,0,3558019
tisBp,0.3333333333333333,2,2,AACCCGCAGTATAGGGACGT,0,3556076
tisBp,0.3333333333333333,2,2,AACCACGACTGAAACTGAAC,0,3595915
tisBp,0.3333333333333333,2,2,AACCACGAACAGCAATGGTG,0,3553605
tisBp,0.3333333333333333,2,2,AACATAGCAGGCGCGTTAAT,0,3587643
tisBp,0.3333333333333333,2,2,AACAGGGGCCACCTCCACGG,0,3548969
tisBp,0.3333333333333333,2,2,AACAGCTATTCTGCGCGGGT,0,3546142
tisBp,0.3333333333333333,2,2,AACACTCCAAGTAGTGGTTA,0,3550175
tisBp,0.3333333333333333,2,2,AACACGCTTCAGCATCGGCA,0,3601964
tisBp,0.3333333333333333,2,2,AAATTTTACTCCAGTTGACG,0,3585924
tisBp,0.3333333333333333,2,2,AAATCCAGTGGGTTTTGAGC,0,3578980
tisBp,0.3333333333333333,2,2,AAATCATGGAATTTAGTGGT,0,3587353
tisBp,0.3333333333333333,2,2,AAATATGATGGGTGACATTT,0,3550092
tisBp,0.3333333333333333,2,2,AAAGTGGCAACGTCAAACTG,0,3554989
tisBp,0.3333333333333333,2,2,AAAGTCGGACAGCGTTTGTA,0,3568371
tisBp,0.3333333333333333,2,2,AAAGGTGACGATTTCGAGTG,0,3582545
tisBp,0.3333333333333333,2,2,AAAGGGGATTAAACACTGAG,0,3593620
tisBp,0.3333333333333333,2,2,AAAGGGCGCAGGGCCCAGGG,0,3562414
tisBp,0.3333333333333333,2,2,AAAGGATGCTTTTAGGCGTT,0,3562565
tisBp,0.3333333333333333,2,2,AAAGGATAATTTATCGGTTT,0,3543162
tisBp,0.3333333333333333,2,2,AAAGCTTAACAGTTCAACGA,0,3547055
tisBp,0.3333333333333333,2,2,AAAGCGTTTCGCCCTAGGTC,0,3551050
tisBp,0.3333333333333333,2,2,AAAGCCTGGTGGTACTCCGA,0,3589110
tisBp,0.3333333333333333,2,2,AAAGCCCTTTTGGTGTACAA,0,3580261
tisBp,0.3333333333333333,2,2,AAAGAGGACCGGCCGCCACC,0,3574657
tisBp,0.3333333333333333,2,2,AAAGACTACTAAATGGACGA,0,3597247
tisBp,0.3333333333333333,2,2,AAAGAATACTAAAGAGCAGC,0,3541750
tisBp,0.3333333333333333,2,2,AAAGAAATGGTTGCACGGGT,0,3598375
tisBp,0.3333333333333333,2,2,AAACTGACGCTAAAACTTAA,0,3552779
tisBp,0.3333333333333333,2,2,AAACTCACAAACGGATCGGT,0,3541576
tisBp,0.3333333333333333,2,2,AAACGGACTACGTAGTTTGA,0,3578179
tisBp,0.3333333333333333,2,2,AAACGCATTCCCTCTCATTA,0,3541518
tisBp,0.3333333333333333,2,2,AAACGAGGTATCGTCGCGGA,0,3558033
tisBp,0.3333333333333333,2,2,AAACCTCCTGTAGGCCTCTT,0,3544700
tisBp,0.3333333333333333,2,2,AAACCGGTATTCAGCGATTT,0,3566123
tisBp,0.3333333333333333,2,2,AAACCGCGGCCCAGTATTTA,0,3564704
tisBp,0.3333333333333333,2,2,AAACCCGGGTCAGTATCAAA,0,3596614
tisBp,0.3333333333333333,2,2,AAACCCGAAGGCTGAAACGT,0,3590615
tisBp,0.3333333333333333,2,2,AAACACACTCGAATGACCAC,0,3549233
tisBp,0.3333333333333333,2,2,AAAATACCAAGGGAGGACAT,0,3592053
tisBp,0.3333333333333333,2,2,AAAAGGTGGGATATAGTTTC,0,3603455
tisBp,0.3333333333333333,2,2,AAAAGGGTTGTTTAGAAAAG,0,3582767
tisBp,0.3333333333333333,2,2,AAAAATTGTCTAAAGGCCGT,0,3586987
tisBp,0.3333333333333333,2,2,AAAAAGCACAGGAAAAATGT,0,3544120
tisBp,0.3333333333333333,2,2,AAAAAACACAGATACTCCGA,0,3596914
tisBp,0.5,1,1,TTTTTTTTATCGGCAATATT,0,3574966
tisBp,0.5,1,1,TTTTTCGCTAACGTCCCGGC,0,3583191
tisBp,0.5,1,1,TTTTTAGTGAAAACTAAAAT,0,3569437
tisBp,0.5,1,1,TTTTGGTTGCCCCGTTTAAG,0,3563891
tisBp,0.5,1,1,TTTTGCGTCGGATAGGGTCG,0,3597214
tisBp,0.5,1,1,TTTTCGGTTGGTCAATTCCA,0,3568196
tisBp,0.5,1,1,TTTTATACCGTTCCGAAGCT,0,3578214
tisBp,0.5,1,1,TTTTACCTTTAGCTCCGTAC,0,3559427
tisBp,0.5,1,1,TTTGTTTGTCAGGCAGACAA,0,3579083
tisBp,0.5,1,1,TTTGTCCCAGTGACTTGATC,0,3580161
tisBp,0.5,1,1,TTTGTCAGCCTCTAGACCTC,0,3574247
tisBp,0.5,1,1,TTTGTAAGGGGGATGCATTA,0,3597252
tisBp,0.5,1,1,TTTGCGGAGATGTAACGTCG,0,3583114
tisBp,0.5,1,1,TTTGCGCATTTTGGCAACGT,0,3547464
tisBp,0.5,1,1,TTTGCGCACTCTTTACGCTT,0,3545037
tisBp,0.5,1,1,TTTGCCACGCTGGTTTTCAG,0,3599555
tisBp,0.5,1,1,TTTGCATCCGTCTCCCAAAA,0,3567330
tisBp,0.5,1,1,TTTGATCACCAGACAACAAT,0,3587121
tisBp,0.5,1,1,TTTGAGACGGGTCGAAAGCA,0,3579923
tisBp,0.5,1,1,TTTGACCATTGGCCTAGTTA,0,3591695
tisBp,0.5,1,1,TTTGACATTGACATATCTAA,0,3567192
tisBp,0.5,1,1,TTTCTTATCACAGGGCGATT,0,3553353
tisBp,0.5,1,1,TTTCTTAACAGGTTAAGAAC,0,3575709
tisBp,0.5,1,1,TTTCTGCGAGACCTAGCTCA,0,3543070
tisBp,0.5,1,1,TTTCGTCCAACACTTTGGAG,0,3551887
tisBp,0.5,1,1,TTTCGTATAAACTTAAGAAC,0,3594493
tisBp,0.5,1,1,TTTCGTAGTCTAAAATATGT,0,3577377
tisBp,0.5,1,1,TTTCGGTGATTGCATACTAT,0,3544474
tisBp,0.5,1,1,TTTCGGGGCGCGCTGGGGCT,0,3557779
tisBp,0.5,1,1,TTTCGCTATGAGCGAGGCGG,0,3553740
tisBp,0.5,1,1,TTTCCTTGCGCGTCATGGAA,0,3590094
tisBp,0.5,1,1,TTTCCTGGGGGAAGTTGCGC,0,3598694
tisBp,0.5,1,1,TTTCCCGGGATTCCTGGTAT,0,3547056
tisBp,0.5,1,1,TTTCCCGGAAGATAGATCTA,0,3547392
tisBp,0.5,1,1,TTTCATGACAGGACCGCTCA,0,3568185
tisBp,0.5,1,1,TTTCAGTGGTCGCAAGCGTG,0,3544517
tisBp,0.5,1,1,TTTCACTCCTCTTACACACG,0,3561406
tisBp,0.5,1,1,TTTATGCCGGTCAGTGCCAC,0,3577265
tisBp,0.5,1,1,TTTATCCGTCTAGATAAACT,0,3551083
tisBp,0.5,1,1,TTTAGTCATCCGCGGGCAAA,0,3590682
tisBp,0.5,1,1,TTTAGCCACTTGCGCACCGG,0,3576344
tisBp,0.5,1,1,TTTACATGATGAGTCCCGCG,0,3541559
tisBp,0.5,1,1,TTTAATGCTAAGACCCAGCG,0,3555131
tisBp,0.5,1,1,TTTAAGATTAATTCGACTCA,0,3543485
tisBp,0.5,1,1,TTTAACATGAGAGAATGGAC,0,3591556
tisBp,0.5,1,1,TTGTTTCAATAGGCCACCCC,0,3542080
tisBp,0.5,1,1,TTGTTTACTGTGCTTCTCCT,0,3581052
tisBp,0.5,1,1,TTGTTGACAGTGTCATACTC,0,3581083
tisBp,0.5,1,1,TTGTTATCATCGGAGCCATG,0,3580099
tisBp,0.5,1,1,TTGTTAGTGTTAGACTCTAG,0,3599784
tisBp,0.5,1,1,TTGTGCAGTAGACAGCCAAT,0,3562282
tisBp,0.5,1,1,TTGTCTTACTAAAACAGGGT,0,3556564
tisBp,0.5,1,1,TTGTCATGACCGGCCCGGTG,0,3565166
tisBp,0.5,1,1,TTGTAACGGGCTGTAGAGTT,0,3557819
tisBp,0.5,1,1,TTGGTTATTGTGGAAAGTAC,0,3554289
tisBp,0.5,1,1,TTGGTCAAGAACCAGCTTCA,0,3557356
tisBp,0.5,1,1,TTGGGTGCACCGACAATACG,0,3567377
tisBp,0.5,1,1,TTGGGTCTCCTCAACTTAGC,0,3573765
tisBp,0.5,1,1,TTGGGGTACACATCAAACCC,0,3572921
tisBp,0.5,1,1,TTGGGGACGAAGGAGCTCCG,0,3568471
tisBp,0.5,1,1,TTGGGCCGGTGTCTACTGAG,0,3583922
tisBp,0.5,1,1,TTGGCGTGACCTGGGGGACC,0,3587486
tisBp,0.5,1,1,TTGGCGCAGTCGTAGGTACC,0,3553823
tisBp,0.5,1,1,TTGGCATCGCTAAGGAAAGA,0,3550489
tisBp,0.5,1,1,TTGGATAGGACGGCGAGGGC,0,3587257
tisBp,0.5,1,1,TTGGACAATTGGGCAAAAGA,0,3577989
tisBp,0.5,1,1,TTGCTTCTGCATTTTGATGT,0,3572336
tisBp,0.5,1,1,TTGCTTATTTTTCATCGGTA,0,3602303
tisBp,0.5,1,1,TTGCTTAAGTGGGCATCAGT,0,3582756
tisBp,0.5,1,1,TTGCTCATGGCGTAGCTTCG,0,3561484
tisBp,0.5,1,1,TTGCGGGAGGCATCAACTCC,0,3586344
tisBp,0.5,1,1,TTGCGAACTTTAGTACTGCC,0,3555053
tisBp,0.5,1,1,TTGCCTGGCCGGCAATCTCC,0,3565299
tisBp,0.5,1,1,TTGCCTGCATGTTCTGCAAG,0,3587653
tisBp,0.5,1,1,TTGCCTCAAACCATATGAAT,0,3551185
tisBp,0.5,1,1,TTGCCGGCACTTAACCCCAT,0,3560930
tisBp,0.5,1,1,TTGCCCTCGGAATGTCACAC,0,3565798
tisBp,0.5,1,1,TTGCATCTGATCGCTAACTT,0,3585791
tisBp,0.5,1,1,TTGCAGTCAACAACCTTATT,0,3552631
tisBp,0.5,1,1,TTGCACTGCCACAACTCATA,0,3585185
tisBp,0.5,1,1,TTGCAAGCTGGCTGCGTATC,0,3575543
tisBp,0.5,1,1,TTGCAACTGATCCGCAGCGT,0,3557076
tisBp,0.5,1,1,TTGATTGAGGCACGGATACA,0,3568804
tisBp,0.5,1,1,TTGAGCGTCCATTTTGCGGG,0,3577640
tisBp,0.5,1,1,TTGAGCGCCAGCAACTCCCT,0,3570844
tisBp,0.5,1,1,TTGAGAGAGAGCCCCTACGC,0,3568875
tisBp,0.5,1,1,TTGAGAAATACAGCAGGAAC,0,3552790
tisBp,0.5,1,1,TTGACGCGGAGGAGGGTCCC,0,3556934
tisBp,0.5,1,1,TTGACGATGGACATAGGATC,0,3569909
tisBp,0.5,1,1,TTGACCACATGTTATGTGAG,0,3565628
tisBp,0.5,1,1,TTGAACACAGCTCAAGAGAG,0,3544130
tisBp,0.5,1,1,TTCTTCACATCTAGGTAGCT,0,3565383
tisBp,0.5,1,1,TTCTGTTTCGTGCGAATGAG,0,3585710
tisBp,0.5,1,1,TTCTGGCGATGTTTACTGAT,0,3589593
tisBp,0.5,1,1,TTCTGCACGCATATTCTTCT,0,3568115
tisBp,0.5,1,1,TTCTGAGACACGCCCAAGGG,0,3551305
tisBp,0.5,1,1,TTCTCGTTCGTGGTGGTCTT,0,3586511
tisBp,0.5,1,1,TTCTCGTATAGGCCATAATA,0,3563184
tisBp,0.5,1,1,TTCTATTAGTCTTCCTATTA,0,3582105
tisBp,0.5,1,1,TTCGTCGAATAAGGGCAAGG,0,3584614
tisBp,0.5,1,1,TTCGTATAAACCTTGAAAGG,0,3554452
tisBp,0.5,1,1,TTCGCACCACGTGTAGATGA,0,3571598
tisBp,0.5,1,1,TTCGATGTAGCGCCCATCTT,0,3565096
tisBp,0.5,1,1,TTCGAGAGGCGTACCAGATT,0,3578697
tisBp,0.5,1,1,TTCGACGAGTCCCGTACGCG,0,3603352
tisBp,0.5,1,1,TTCGAATCACAACAGGACCA,0,3567784
tisBp,0.5,1,1,TTCGAAGCGGTTCGCACGCG,0,3590926
tisBp,0.5,1,1,TTCCTGCGGGCTGAGGGAGA,0,3600315
tisBp,0.5,1,1,TTCCTCGGGGTGCGTCATGG,0,3572208
tisBp,0.5,1,1,TTCCTAGCGGACCGACACGT,0,3567557
tisBp,0.5,1,1,TTCCGTTCCAAAAGCATTGG,0,3603450
tisBp,0.5,1,1,TTCCGCCTTTAACAAGGTCA,0,3602343
tisBp,0.5,1,1,TTCCCGGGGTCCGTCATGGA,0,3591521
tisBp,0.5,1,1,TTCCCGAAGCAGAGAGTTGA,0,3564268
tisBp,0.5,1,1,TTCCCCACTGGAACAGCTCA,0,3572697
tisBp,0.5,1,1,TTCCATGCCGCGGGCGGTCT,0,3590025
tisBp,0.5,1,1,TTCCAGAATTCAACTTTCGC,0,3542235
tisBp,0.5,1,1,TTCCACAGCTGGGGGCACCG,0,3598837
tisBp,0.5,1,1,TTCATTTAATGGCTAATAAC,0,3571458
tisBp,0.5,1,1,TTCATTGGGCATTGACGTGC,0,3550812
tisBp,0.5,1,1,TTCATAGGATTCCAAGGATG,0,3599271
tisBp,0.5,1,1,TTCATAACGGTGAAAGATGG,0,3561210
tisBp,0.5,1,1,TTCATAAACGGAAGGTTAAG,0,3570991
tisBp,0.5,1,1,TTCAGTCTCAGATCGCACCT,0,3590035
tisBp,0.5,1,1,TTCAGGGAAGTGTTTTGGTT,0,3544188
tisBp,0.5,1,1,TTCAGGATAATCAACAATTG,0,3564809
tisBp,0.5,1,1,TTCAGGAGGTGCGGCCTGAA,0,3565587
tisBp,0.5,1,1,TTCAGCGCCGACGTACGGGT,0,3575622
tisBp,0.5,1,1,TTCAAGAATAGATCTGAAGA,0,3598733
tisBp,0.5,1,1,TTCAAAAGTAACCAGTGCAA,0,3548038
tisBp,0.5,1,1,TTATTGATGGCGGAGAGCTC,0,3597142
tisBp,0.5,1,1,TTATTGACGAAATGAGCGGC,0,3564508
tisBp,0.5,1,1,TTATTCACCAGGGTAAGTTG,0,3573466
tisBp,0.5,1,1,TTATGGTCGTGCCTCCACTT,0,3589819
tisBp,0.5,1,1,TTATGGCCCGGGCAAGTCCA,0,3598352
tisBp,0.5,1,1,TTATGGATTTGGGCTTTCGC,0,3586994
tisBp,0.5,1,1,TTATGCTATCGCCAAATCCG,0,3599639
tisBp,0.5,1,1,TTATCTGTCACCGGGGAGAA,0,3591763
tisBp,0.5,1,1,TTATCTCATGAGTATTTGCA,0,3545411
tisBp,0.5,1,1,TTATCCGAACCACCCCATTA,0,3583793
tisBp,0.5,1,1,TTATCCCTGGTCTTCGCTTA,0,3587282
tisBp,0.5,1,1,TTATCATCCCGCAAAACCAT,0,3596487
tisBp,0.5,1,1,TTATATTTAACGGGGGCCAC,0,3578241
tisBp,0.5,1,1,TTATATCCGGTCGGGAACGT,0,3563324
tisBp,0.5,1,1,TTATAGTCTCATCTTGGTTG,0,3586146
tisBp,0.5,1,1,TTATAAGACGGATGCTTTCC,0,3545831
tisBp,0.5,1,1,TTAGTCTGAGTCATAGCCGA,0,3575232
tisBp,0.5,1,1,TTAGTCTCAGAGCTTTTCTA,0,3565990
tisBp,0.5,1,1,TTAGTCGTTTAGTGCGGTAT,0,3550393
tisBp,0.5,1,1,TTAGTATGGAATGGACCGAC,0,3555152
tisBp,0.5,1,1,TTAGTATCTAGCGAACTAAT,0,3545856
tisBp,0.5,1,1,TTAGTAGGTCACAAAGCTTT,0,3567002
tisBp,0.5,1,1,TTAGTACTCGCTCAAAGGTC,0,3599419
tisBp,0.5,1,1,TTAGGTTCTCGACGTCGATT,0,3568711
tisBp,0.5,1,1,TTAGGGCTTGACTAACAGTA,0,3557761
tisBp,0.5,1,1,TTAGGCGCCCTGTGGATACG,0,3545161
tisBp,0.5,1,1,TTAGCGCCGGGGGCGAGGAT,0,3601364
tisBp,0.5,1,1,TTAGCATGCGGCCACAAGGA,0,3562932
tisBp,0.5,1,1,TTAGATGCCAGAGTTGGCAA,0,3594399
tisBp,0.5,1,1,TTAGACTGAAACGTTCTGGT,0,3569351
tisBp,0.5,1,1,TTAGAACCTACAAAACGTTG,0,3582199
tisBp,0.5,1,1,TTAGAACCACTGTTATAAGC,0,3542747
tisBp,0.5,1,1,TTACTCCCTCGATTTCTACG,0,3586971
tisBp,0.5,1,1,TTACTATCGCTATATGCCTG,0,3582952
tisBp,0.5,1,1,TTACGTAACTGGGACCCTGC,0,3586011
tisBp,0.5,1,1,TTACCTGATGGGACTGAGTG,0,3541977
tisBp,0.5,1,1,TTACCGTTTGTCGGCATACG,0,3574645
tisBp,0.5,1,1,TTACCGAGCAGGCCTTGAGT,0,3587048
tisBp,0.5,1,1,TTACCCAGGTCCAAGGCAAG,0,3547091
tisBp,0.5,1,1,TTACATGTTTGGCCGCAGGT,0,3595827
tisBp,0.5,1,1,TTACAGGTCTCACCGGAAGA,0,3576946
tisBp,0.5,1,1,TTAATTTTTCAGCATTACGA,0,3587752
tisBp,0.5,1,1,TTAATTGGTATCATACCAAG,0,3582655
tisBp,0.5,1,1,TTAATGGTGCCGGTCTCAAA,0,3569455
tisBp,0.5,1,1,TTAATGGCCAGGAATTAATC,0,3551168
tisBp,0.5,1,1,TTAATCTCTGCGTCGGGAAC,0,3557539
tisBp,0.5,1,1,TTAATCAGAGGAGCTACATG,0,3603484
tisBp,0.5,1,1,TTAAGTGCCCTTAGCGCGGC,0,3588516
tisBp,0.5,1,1,TTAAGACGGCATCATGCCGA,0,3576228
tisBp,0.5,1,1,TTAACATTGTTGTCATGCAA,0,3558332
tisBp,0.5,1,1,TTAAATGGGTTCATGTTGTT,0,3555308
tisBp,0.5,1,1,TTAAAGTCCTACCGCTCCGA,0,3577023
tisBp,0.5,1,1,TTAAAAGATCGCGCCGCCCA,0,3580435
tisBp,0.5,1,1,TGTTTTCGGTCTTGCCATTG,0,3568587
tisBp,0.5,1,1,TGTTTGCCGCGTACTTTCAT,0,3548750
tisBp,0.5,1,1,TGTTTCAAAAAAGCACATAG,0,3564691
tisBp,0.5,1,1,TGTTTATTTGATGCTTTGAG,0,3601955
tisBp,0.5,1,1,TGTTTAGTACCGATGTGAGC,0,3555133
tisBp,0.5,1,1,TGTTCATCGGTATAGTTGAA,0,3591225
tisBp,0.5,1,1,TGTTAGATTTGGGCGGCCGG,0,3549032
tisBp,0.5,1,1,TGTGTTAATGCGCTGCACCG,0,3586285
tisBp,0.5,1,1,TGTGTCGGAAGATTGGCAGG,0,3599042
tisBp,0.5,1,1,TGTGTCCCCTTAGGTAAAAA,0,3553510
tisBp,0.5,1,1,TGTGGGGGTAATATAAAAGA,0,3545420
tisBp,0.5,1,1,TGTGGGCGACGCTATCCAAT,0,3588530
tisBp,0.5,1,1,TGTGGCCGATGGATTTTTAC,0,3575238
tisBp,0.5,1,1,TGTGGATCAGTTAGAGAGGT,0,3587458
tisBp,0.5,1,1,TGTGCCAAGATTCCCGATTC,0,3590294
tisBp,0.5,1,1,TGTGCATCAGGACGTTACCA,0,3544630
tisBp,0.5,1,1,TGTGACCCTAATACTTTCTT,0,3575560
tisBp,0.5,1,1,TGTCTGGTTATACGTTACCT,0,3559444
tisBp,0.5,1,1,TGTCTATTTGTGCGCTCCGG,0,3574960
tisBp,0.5,1,1,TGTCTACGAATCCGGTCCAT,0,3565977
tisBp,0.5,1,1,TGTCGGAGCGTCATACTTTC,0,3573939
tisBp,0.5,1,1,TGTCGCATTCCAAGGGTTTA,0,3590144
tisBp,0.5,1,1,TGTCGAATCAGGGTCTTCGG,0,3572066
tisBp,0.5,1,1,TGTCGAAGAAATCAGGTCAG,0,3575352
tisBp,0.5,1,1,TGTCCGCTCCTCGTCTGCGT,0,3583360
tisBp,0.5,1,1,TGTCCATGACACGGCGGGAA,0,3573383
tisBp,0.5,1,1,TGTCCAACGGACGCTATCCA,0,3581554
tisBp,0.5,1,1,TGTCACAGTAACCCGGCATC,0,3560764
tisBp,0.5,1,1,TGTATGATTGACGCCTTATA,0,3601755
tisBp,0.5,1,1,TGTATCTGACCGGGAGTCTC,0,3545700
tisBp,0.5,1,1,TGTATCAACTACAGGCGCGC,0,3549060
tisBp,0.5,1,1,TGTATACGCTAGAAGAGTGT,0,3583158
tisBp,0.5,1,1,TGTATAATATTTGGTCTGAA,0,3544283
tisBp,0.5,1,1,TGTAGTCAGGAGCTACTACT,0,3592669
tisBp,0.5,1,1,TGTACTGGTACTTGCGATTC,0,3573280
tisBp,0.5,1,1,TGTACGGGCCTTCCAGTTCA,0,3592880
tisBp,0.5,1,1,TGTAACGCGAGGGCATCTGG,0,3573306
tisBp,0.5,1,1,TGTAAAGACACAAGTATTGA,0,3590753
tisBp,0.5,1,1,TGGTTGAACTAATACGGCGG,0,3599393
tisBp,0.5,1,1,TGGTGCCCCGTGGCATCCAC,0,3589774
tisBp,0.5,1,1,TGGTGCCAATGGCACTTCTG,0,3565706
tisBp,0.5,1,1,TGGTGAGCACGGTACACATG,0,3600149
tisBp,0.5,1,1,TGGTGACCACCATTCTGCTA,0,3589988
tisBp,0.5,1,1,TGGTGAAGAGGTATCTGAAC,0,3600914
tisBp,0.5,1,1,TGGTCTTCCCTCGTCGAATG,0,3586026
tisBp,0.5,1,1,TGGTCTCACTGCGTGTATGT,0,3580206
tisBp,0.5,1,1,TGGTCCTTCGTTCGTTGGGT,0,3548649
tisBp,0.5,1,1,TGGTATCCGGGATTAAGCAA,0,3569617
tisBp,0.5,1,1,TGGTAAACTTCCCCCCTACG,0,3541920
tisBp,0.5,1,1,TGGTAAACAGTTCACCCAAG,0,3569366
tisBp,0.5,1,1,TGGGGGTATACACGCTGGAA,0,3585630
tisBp,0.5,1,1,TGGGGGGGACTCCAGGGCTG,0,3574356
tisBp,0.5,1,1,TGGGGCCTAAGTTTCGACCC,0,3558288
tisBp,0.5,1,1,TGGGGCCGAAAGGAGAGTAT,0,3591610
tisBp,0.5,1,1,TGGGAGTGTGGATGATAGAC,0,3560096
tisBp,0.5,1,1,TGGGAATCACCGCGGCATCC,0,3557673
tisBp,0.5,1,1,TGGCTTCCGTAGTGCCTGAA,0,3584199
tisBp,0.5,1,1,TGGCGTTGCAGGGATGGTGC,0,3596591
tisBp,0.5,1,1,TGGCGTCGGGTTTGTTATCA,0,3556549
tisBp,0.5,1,1,TGGCGCTGTTCTCTCCTCGC,0,3570697
tisBp,0.5,1,1,TGGCGCTGGCCGGATATGGG,0,3578301
tisBp,0.5,1,1,TGGCGAGTCTATGGGGTGTA,0,3600453
tisBp,0.5,1,1,TGGCCTTGACGAACGCAGTG,0,3582026
tisBp,0.5,1,1,TGGCCCAAGCTCTGTGACTT,0,3550241
tisBp,0.5,1,1,TGGCAATAAGGCGAAATAAA,0,3564068
tisBp,0.5,1,1,TGGATCTTTGGATGGATGCC,0,3548200
tisBp,0.5,1,1,TGGATACAGGATCAATCGTT,0,3597728
tisBp,0.5,1,1,TGGAGGCTTTCCCCGTGGTA,0,3545335
tisBp,0.5,1,1,TGGAGGACACGACATCTCGG,0,3580854
tisBp,0.5,1,1,TGGAGCCTATCATTGACTCC,0,3550843
tisBp,0.5,1,1,TGGACTTCGCATCGGTACTT,0,3567271
tisBp,0.5,1,1,TGGACTGATAAAGAGGGAAA,0,3553577
tisBp,0.5,1,1,TGGACAGAGGCGACCTGCCG,0,3574652
tisBp,0.5,1,1,TGGAATTGTTGTACAATCCG,0,3543496
tisBp,0.5,1,1,TGGAACTCTGCGTAGCAGAG,0,3563952
tisBp,0.5,1,1,TGGAACCACGACAGAAAAAG,0,3602970
tisBp,0.5,1,1,TGCTGTAGAATCGTTGTACG,0,3563473
tisBp,0.5,1,1,TGCTGCGTGTGGACTTAGAT,0,3568675
tisBp,0.5,1,1,TGCTGAACATTCTGATGGAC,0,3592308
tisBp,0.5,1,1,TGCTACACATCTATGTCAGG,0,3551368
tisBp,0.5,1,1,TGCTAACAAAATCTTCAGTT,0,3594236
tisBp,0.5,1,1,TGCGTGTGGCGTTCACCTAT,0,3589020
tisBp,0.5,1,1,TGCGTGATGTGACGATGAAC,0,3590338
tisBp,0.5,1,1,TGCGTCGGCCCGAGGAAATC,0,3550006
tisBp,0.5,1,1,TGCGTCGCGCATGATGATAA,0,3594204
tisBp,0.5,1,1,TGCGTCCAAGGCGGCGGCTG,0,3591218
tisBp,0.5,1,1,TGCGTATGCGTGATCAAGTG,0,3583933
tisBp,0.5,1,1,TGCGGTTCCCTACGCCTAGG,0,3562261
tisBp,0.5,1,1,TGCGGAAGTTGGATCCGTGG,0,3602754
tisBp,0.5,1,1,TGCGATTCGAATCATGAGAA,0,3582334
tisBp,0.5,1,1,TGCGATATTGTTTAAAATCA,0,3597754
tisBp,0.5,1,1,TGCGAGTGTAACAGATATGC,0,3584047
tisBp,0.5,1,1,TGCCTGATCCCGCTGCGTCC,0,3597961
tisBp,0.5,1,1,TGCCGGATAGATCAATTTTA,0,3567239
tisBp,0.5,1,1,TGCCCATATCCAGAGCTCAG,0,3578995
tisBp,0.5,1,1,TGCCATTCTGGCATTGCACG,0,3547100
tisBp,0.5,1,1,TGCCACCGCAACAAGGGTAG,0,3586973
tisBp,0.5,1,1,TGCCACATAAGAATTACTTA,0,3576043
tisBp,0.5,1,1,TGCATATGAGGAACCCAGAA,0,3564891
tisBp,0.5,1,1,TGCAGTTAGTTCGGCCCATG,0,3548366
tisBp,0.5,1,1,TGCAGTGTTGACAACCCGTT,0,3589144
tisBp,0.5,1,1,TGCAGTCGCCGGTTGTTTGA,0,3550199
tisBp,0.5,1,1,TGCAGATCTGATAAACTCCA,0,3572194
tisBp,0.5,1,1,TGCAATTGGTGTGAACTGAG,0,3561705
tisBp,0.5,1,1,TGCAAAGTGGTCCGGCTGCA,0,3568537
tisBp,0.5,1,1,TGATTTTTTGCAACGCGTTG,0,3549300
tisBp,0.5,1,1,TGATTTCGTTTACGATGTGA,0,3563233
tisBp,0.5,1,1,TGATTGGGTCTCCCCGGCAT,0,3560819
tisBp,0.5,1,1,TGATTGCACAATTGTTACTG,0,3595101
tisBp,0.5,1,1,TGATTCCCACGCTCGCAATC,0,3577491
tisBp,0.5,1,1,TGATGATGCATGCAATAGGA,0,3582912
tisBp,0.5,1,1,TGATGAAGAAATCCTGGGTC,0,3542494
tisBp,0.5,1,1,TGATCGTTGCCGCACATTGA,0,3551902
tisBp,0.5,1,1,TGATCGCGAAACGTGTGACT,0,3594286
tisBp,0.5,1,1,TGATCAGTGGCATTAAGGTC,0,3543363
tisBp,0.5,1,1,TGATATTTTTATAGTGTGCG,0,3570842
tisBp,0.5,1,1,TGATAGTTTCGGTTGATTTT,0,3578202
tisBp,0.5,1,1,TGATAAGTGTAGGTGAGGTA,0,3566396
tisBp,0.5,1,1,TGATAAATCGCCCAGAAACA,0,3547335
tisBp,0.5,1,1,TGAGTTTTCCGCTCGATCGG,0,3562679
tisBp,0.5,1,1,TGAGTTTGCCCCGCAATACA,0,3589175
tisBp,0.5,1,1,TGAGTGATCGTGGACCACAA,0,3590198
tisBp,0.5,1,1,TGAGTAGTGGTCAATCTTTT,0,3557537
tisBp,0.5,1,1,TGAGGTTGGACATTTCACCA,0,3585723
tisBp,0.5,1,1,TGAGGCGAAGTCGGGTTCAA,0,3547297
tisBp,0.5,1,1,TGAGGCAGCTTGTAGCTATC,0,3600008
tisBp,0.5,1,1,TGAGCTACAACACGAGCATA,0,3590852
tisBp,0.5,1,1,TGAGCGATCGTTCCGTCATA,0,3561825
tisBp,0.5,1,1,TGAGCACGATGGGATGGTTT,0,3570757
tisBp,0.5,1,1,TGAGATGTAACAGGGGATTC,0,3603117
tisBp,0.5,1,1,TGAGAGTGAGGGGAGTCCCT,0,3582572
tisBp,0.5,1,1,TGAGAGGTGCTGTTCCCCTC,0,3600070
tisBp,0.5,1,1,TGAGAGGCGCGGGGCAGTTG,0,3584170
tisBp,0.5,1,1,TGACTCGCCGTATTGCAAAC,0,3559181
tisBp,0.5,1,1,TGACTCACGCTCTGACATTA,0,3556993
tisBp,0.5,1,1,TGACTCACACACTGTGCAAC,0,3555620
tisBp,0.5,1,1,TGACCTGATGTTGGTACGTA,0,3602276
tisBp,0.5,1,1,TGACATTCGGCAGCGTGGGA,0,3568351
tisBp,0.5,1,1,TGACACGATCGGCAGCATTT,0,3593472
tisBp,0.5,1,1,TGACACCGGTATTTTAGGGT,0,3577290
tisBp,0.5,1,1,TGACACAGGCCGGTTAGGCA,0,3569834
tisBp,0.5,1,1,TGACAAGTGAAACGCGCACT,0,3597581
tisBp,0.5,1,1,TGAATTGATTTGTGGGTAGT,0,3566890
tisBp,0.5,1,1,TGAATCCGGATAATATAATT,0,3557698
tisBp,0.5,1,1,TGAATCAAGGAGACTGGGCT,0,3567853
tisBp,0.5,1,1,TGAAGGTTGGGGGAGGTGCT,0,3545981
tisBp,0.5,1,1,TGAAGGACAGAGTGTCGGTT,0,3573236
tisBp,0.5,1,1,TGAACCCCGCCCCTCATACA,0,3593896
tisBp,0.5,1,1,TGAAATTTACTTATCAAGTA,0,3585955
tisBp,0.5,1,1,TGAAATGTGCTGTGCTTCGC,0,3577993
tisBp,0.5,1,1,TGAAAACTCCCGTTTCGAGG,0,3550611
tisBp,0.5,1,1,TCTTTTCTACTTGTACTAAG,0,3566315
tisBp,0.5,1,1,TCTTTCTTGCTGCCAGCATT,0,3556984
tisBp,0.5,1,1,TCTTTATCAATATCGAGGTT,0,3594255
tisBp,0.5,1,1,TCTTTACGTGGAGTAAGGAC,0,3573332
tisBp,0.5,1,1,TCTTGTCTCGCGTGAGTCCG,0,3591673
tisBp,0.5,1,1,TCTTGAGGAGGATTGCAGTC,0,3563001
tisBp,0.5,1,1,TCTTCGCCGTCGATGGCGTA,0,3575592
tisBp,0.5,1,1,TCTTATACATCGCAAAAATA,0,3597183
tisBp,0.5,1,1,TCTGTTATCAATCTTCCCTT,0,3570831
tisBp,0.5,1,1,TCTGTGAGTGGACATGGGTC,0,3560980
tisBp,0.5,1,1,TCTGTCCCGGAACTGTAAGT,0,3566062
tisBp,0.5,1,1,TCTGTACTCATGTATTCTTG,0,3549674
tisBp,0.5,1,1,TCTGTACGAGGGAGGTCTTG,0,3562101
tisBp,0.5,1,1,TCTGGGTCGGAGAGATCATC,0,3592744
tisBp,0.5,1,1,TCTGGGGGTTGGTATAACTA,0,3579773
tisBp,0.5,1,1,TCTGGGGGGGGAAAGTCTCG,0,3551977
tisBp,0.5,1,1,TCTGGCCACTCCTGGCAACA,0,3582799
tisBp,0.5,1,1,TCTCTCTGGCGATTACGCGT,0,3545964
tisBp,0.5,1,1,TCTCTAGTAGAAGGTGCCGG,0,3599496
tisBp,0.5,1,1,TCTCGTTACTATATCCCGTT,0,3589062
tisBp,0.5,1,1,TCTCGGAACTTCCGCAACTG,0,3549604
tisBp,0.5,1,1,TCTCGCTGGGCGCGGTTTAA,0,3554046
tisBp,0.5,1,1,TCTCGAGTAGGGGTCATTGT,0,3561737
tisBp,0.5,1,1,TCTCCCACAGGATAAGGTGG,0,3570620
tisBp,0.5,1,1,TCTCATTCTTCTGGGGCGGG,0,3583180
tisBp,0.5,1,1,TCTCATTCTGCAGATCCCCG,0,3542843
tisBp,0.5,1,1,TCTCATGCGTAATTCAATGC,0,3547438
tisBp,0.5,1,1,TCTCAGAAGCACACGCTGCT,0,3597153
tisBp,0.5,1,1,TCTATTTTGGGCACCACAAC,0,3549776
tisBp,0.5,1,1,TCTATGAGATTTGCATGGCG,0,3575101
tisBp,0.5,1,1,TCTAGGGTATGGGCAATATA,0,3555122
tisBp,0.5,1,1,TCTAGGGCCGATGATTGCTT,0,3567438
tisBp,0.5,1,1,TCTAGGACTCAAGTACGCGT,0,3594282
tisBp,0.5,1,1,TCTACTCTGGGTGCTGCTTC,0,3573152
tisBp,0.5,1,1,TCTACGTTCAATATCATCCG,0,3545795
tisBp,0.5,1,1,TCTACCACATCACGGGGATT,0,3558723
tisBp,0.5,1,1,TCTACAAGAAGAGAGCTGGG,0,3546378
tisBp,0.5,1,1,TCTAATTTGCGGCATTCGTT,0,3599427
tisBp,0.5,1,1,TCTAAGGGATGCTTGAAGCA,0,3550322
tisBp,0.5,1,1,TCTAACTCTAAACCGCCTTG,0,3541853
tisBp,0.5,1,1,TCGTTCATGTCCTGCTATCT,0,3568022
tisBp,0.5,1,1,TCGTTAGGGTGCAGTAGCCG,0,3584518
tisBp,0.5,1,1,TCGTGCGCCAGCGTGAGTAA,0,3566196
tisBp,0.5,1,1,TCGTGACAGGTCTAACTTGC,0,3579136
tisBp,0.5,1,1,TCGTCCACATCCCCGGGTAC,0,3559586
tisBp,0.5,1,1,TCGTAGCATTTGTAAGCTGA,0,3581469
tisBp,0.5,1,1,TCGGTGGGCAATTAGCGGGA,0,3575267
tisBp,0.5,1,1,TCGGTATGGGATACCGGTCC,0,3592270
tisBp,0.5,1,1,TCGGTACGGCGATCTTGGTA,0,3585039
tisBp,0.5,1,1,TCGGGTGGAATCCGAAGCGT,0,3565926
tisBp,0.5,1,1,TCGGGTAATTCTTTCCCTGG,0,3546188
tisBp,0.5,1,1,TCGGGGCACCTTGGCCGCGA,0,3563618
tisBp,0.5,1,1,TCGGGAATCAAGGTAGCCCT,0,3547243
tisBp,0.5,1,1,TCGGCGGAAGGCCGTTGGCC,0,3599670
tisBp,0.5,1,1,TCGGCGCAGTTTGTCTGGAC,0,3592043
tisBp,0.5,1,1,TCGGCAATCGCCCTGAGTAT,0,3602773
tisBp,0.5,1,1,TCGCTTCAATGGCGAAGAGC,0,3592680
tisBp,0.5,1,1,TCGCTGGTCCGTCGGCACAG,0,3578776
tisBp,0.5,1,1,TCGCGCATGCGGGTTCAAGC,0,3551995
tisBp,0.5,1,1,TCGCGATCGTCTATCCGCGG,0,3571182
tisBp,0.5,1,1,TCGCGACTGGCATTGATAGT,0,3602254
tisBp,0.5,1,1,TCGCCGCTCTCGAGGTAACC,0,3573516
tisBp,0.5,1,1,TCGCATGCGTTCGCCTGACC,0,3586206
tisBp,0.5,1,1,TCGCATAAATCACGCTGTCA,0,3552579
tisBp,0.5,1,1,TCGCACGTCTCCTTCGTGTA,0,3542984
tisBp,0.5,1,1,TCGCACGTCAGCAATAACGG,0,3550426
tisBp,0.5,1,1,TCGATTTAAAGTGAGTTTTG,0,3584686
tisBp,0.5,1,1,TCGATGTCCGTTAATCCATC,0,3557300
tisBp,0.5,1,1,TCGATCCACCTCGCTGCCCG,0,3548589
tisBp,0.5,1,1,TCGATATGCAAACCATTGTA,0,3541916
tisBp,0.5,1,1,TCGACCGTGCCTCTGCCTTA,0,3585874
tisBp,0.5,1,1,TCGACCGTGAAGATCTCCAT,0,3558384
tisBp,0.5,1,1,TCGACAGTACCGCTGAGGCT,0,3582081
tisBp,0.5,1,1,TCGAAGCCAGGATCACGCTC,0,3602560
tisBp,0.5,1,1,TCGAACTGTTAGATATGAGG,0,3582275
tisBp,0.5,1,1,TCGAACGGGAGCACCAGCCC,0,3559300
tisBp,0.5,1,1,TCGAAATTCGGACCGTGCAA,0,3594948
tisBp,0.5,1,1,TCCTTTTGGGCGGCTACGAT,0,3561126
tisBp,0.5,1,1,TCCTTCATCGCTCTTCGTAG,0,3597387
tisBp,0.5,1,1,TCCTTACGCGATTAGGTTCC,0,3589052
tisBp,0.5,1,1,TCCTGGTTTAAGAACTATTA,0,3595376
tisBp,0.5,1,1,TCCTGCTAAGAATTGATGGT,0,3560736
tisBp,0.5,1,1,TCCGTGCTTAAGCCTAGAGC,0,3572437
tisBp,0.5,1,1,TCCGGTGTCGCCATGACGCT,0,3548024
tisBp,0.5,1,1,TCCGGGGTGGCTACTGGCAT,0,3602275
tisBp,0.5,1,1,TCCGCGGATTACGGCTGAAA,0,3570168
tisBp,0.5,1,1,TCCGAAATGTAGTTCACCTA,0,3602270
tisBp,0.5,1,1,TCCCTTCGACTCAAAGGCGC,0,3603721
tisBp,0.5,1,1,TCCCTGGATTGTCAAATTTC,0,3572277
tisBp,0.5,1,1,TCCCTGCTACACATTATGCT,0,3553128
tisBp,0.5,1,1,TCCCGTGTAGGAGAAACATC,0,3590237
tisBp,0.5,1,1,TCCCCGGAAGAACAATCGGC,0,3552550
tisBp,0.5,1,1,TCCCCAGACCACGTACTCCG,0,3601858
tisBp,0.5,1,1,TCCATTCAGTAGGATTTGCT,0,3587163
tisBp,0.5,1,1,TCCAATAGTCCAAGCGCATG,0,3547300
tisBp,0.5,1,1,TCCAACTACCTTATTTTACG,0,3555837
tisBp,0.5,1,1,TCCAAAGATGAGCACAGTCT,0,3603603
tisBp,0.5,1,1,TCATTTGTAGGTACATCAAC,0,3550195
tisBp,0.5,1,1,TCATTTCTAGGTTTGGACGA,0,3599567
tisBp,0.5,1,1,TCATTGCAGGCCCGCCAACA,0,3587731
tisBp,0.5,1,1,TCATGTAAGCTTTCGTATTT,0,3541690
tisBp,0.5,1,1,TCATGGTGATTTGGGTCGTC,0,3583139
tisBp,0.5,1,1,TCATGGTAGAAACAGCACTT,0,3579741
tisBp,0.5,1,1,TCATGGCATACCACGATGAT,0,3600112
tisBp,0.5,1,1,TCATGCGGATGTCGGGCGAT,0,3590788
tisBp,0.5,1,1,TCATGCAGGTTTAGACACGC,0,3590960
tisBp,0.5,1,1,TCATCGAATGCAATGCCTCA,0,3580965
tisBp,0.5,1,1,TCATCAATCCAGGGTGCCGA,0,3598335
tisBp,0.5,1,1,TCATCAATAGATCGGTACTG,0,3564223
tisBp,0.5,1,1,TCAGTCTCGACCTCATCGAC,0,3546718
tisBp,0.5,1,1,TCAGTCCAACAATCGAGGCC,0,3552727
tisBp,0.5,1,1,TCAGTATTTGCGTGGCAGTA,0,3601851
tisBp,0.5,1,1,TCAGTAAGTTAATTATTCAT,0,3550150
tisBp,0.5,1,1,TCAGGTTGCTAGGCTACAGG,0,3555478
tisBp,0.5,1,1,TCAGGCCTCCATGCAATACT,0,3542488
tisBp,0.5,1,1,TCAGCGCTCACACTGTTAGG,0,3597239
tisBp,0.5,1,1,TCAGCGCATAGCGTCCTAAA,0,3588600
tisBp,0.5,1,1,TCAGATTCCAGCCTAAGGTT,0,3562149
tisBp,0.5,1,1,TCAGAAGTACCATCCACAAG,0,3593862
tisBp,0.5,1,1,TCACTTGAACCCGCGATTCC,0,3584096
tisBp,0.5,1,1,TCACTGAATCTTTAGGGGGA,0,3570135
tisBp,0.5,1,1,TCACTAAATGACTGTCAAGG,0,3569368
tisBp,0.5,1,1,TCACGTGTCACGAAGCCATA,0,3548299
tisBp,0.5,1,1,TCACGTAGTTGCCCCGCAGG,0,3575792
tisBp,0.5,1,1,TCACCGGAGACGTCAGAAGC,0,3572742
tisBp,0.5,1,1,TCACCGACCAGGGGCCAGGT,0,3559313
tisBp,0.5,1,1,TCACCATGAACCTACACGAT,0,3595647
tisBp,0.5,1,1,TCACATATTTTTAAATGTCG,0,3555600
tisBp,0.5,1,1,TCAATTCGTGCGGGCCTCTG,0,3558413
tisBp,0.5,1,1,TCAATCCGGGCTCCCTGATT,0,3577516
tisBp,0.5,1,1,TCAAGGTGCGCTGCTGCATT,0,3566730
tisBp,0.5,1,1,TCAAGAGTCCGGTTATGTTG,0,3563126
tisBp,0.5,1,1,TCAACTGAGATTTCGCGAGC,0,3600772
tisBp,0.5,1,1,TCAACATCTTTCCATGCATG,0,3590192
tisBp,0.5,1,1,TCAAAGCGGAAAATGAGGAA,0,3594587
tisBp,0.5,1,1,TATTTTTTTATCGGCGAAAA,0,3546841
tisBp,0.5,1,1,TATTTTCCGGTTTAGCCGAT,0,3552542
tisBp,0.5,1,1,TATTTTATGCCCGATCGTCG,0,3572253
tisBp,0.5,1,1,TATTTCGCCGGGCAACCACG,0,3555695
tisBp,0.5,1,1,TATTTATCCGTAAGAGGATT,0,3597429
tisBp,0.5,1,1,TATTGGGTATCGGATTCATG,0,3598956
tisBp,0.5,1,1,TATTGAGGGAACAATCTTGT,0,3574067
tisBp,0.5,1,1,TATTCCTTTTATTTTTACTG,0,3600697
tisBp,0.5,1,1,TATTCCTTTGGTGCAAGGAT,0,3542023
tisBp,0.5,1,1,TATTCAATAGCCCACAAGGA,0,3557079
tisBp,0.5,1,1,TATTATATGGTGAAAGGCAA,0,3580203
tisBp,0.5,1,1,TATGTTGGGTATTACAATGG,0,3558027
tisBp,0.5,1,1,TATGTGTTTAGGTACTCTTC,0,3555071
tisBp,0.5,1,1,TATGTAGGGGATAGTAAATT,0,3543789
tisBp,0.5,1,1,TATGGTTGTATTATTTGGGG,0,3564918
tisBp,0.5,1,1,TATGGGGCGGTTAAGGGGTA,0,3568930
tisBp,0.5,1,1,TATGGGCCGGGGCCAAGAAA,0,3593945
tisBp,0.5,1,1,TATGGATGGCCCGTGCGCAA,0,3560353
tisBp,0.5,1,1,TATGGACAAGCACTCGCGGT,0,3601041
tisBp,0.5,1,1,TATGCTCCCCGGAAGTTAGC,0,3593768
tisBp,0.5,1,1,TATGCCCAGATCGTAAGCAG,0,3553104
tisBp,0.5,1,1,TATGCCAATGATGGGGGCAA,0,3543136
tisBp,0.5,1,1,TATGAGATCAAGAGGGAGGT,0,3593859
tisBp,0.5,1,1,TATGACGCCTTGAGGCGCTA,0,3588156
tisBp,0.5,1,1,TATCTGTCCGTTGTGCCTAG,0,3548929
tisBp,0.5,1,1,TATCTCAGTTGACAGGCTAT,0,3545359
tisBp,0.5,1,1,TATCGCGACTAACAGGCACA,0,3601281
tisBp,0.5,1,1,TATCATAAGCCCTAAAGCGA,0,3543423
tisBp,0.5,1,1,TATCAGACCAGACAGAGCGC,0,3571506
tisBp,0.5,1,1,TATCAAGACATTGATCTATA,0,3555144
tisBp,0.5,1,1,TATATTAGGGATACGCGGGG,0,3547367
tisBp,0.5,1,1,TATATCGTACCAATTCAAGA,0,3567924
tisBp,0.5,1,1,TATAGTCCTCGGTTAAGTTT,0,3592030
tisBp,0.5,1,1,TATAGACGATCTGCGTGACT,0,3588234
tisBp,0.5,1,1,TATAGAAAGTTACGATCGGA,0,3582289
tisBp,0.5,1,1,TATACTCATTATTACCGGTG,0,3576151
tisBp,0.5,1,1,TATACGGACGAATATGCTCG,0,3580181
tisBp,0.5,1,1,TATACCTTAGATCAGTTCAA,0,3549699
tisBp,0.5,1,1,TATACCTCACAAAGGGTACC,0,3549778
tisBp,0.5,1,1,TATAACGACCCTGCAGTCAT,0,3586882
tisBp,0.5,1,1,TATAAAACAATACTCCTTGA,0,3597934
tisBp,0.5,1,1,TAGTACACCATGCAGTCCTG,0,3584169
tisBp,0.5,1,1,TAGGTGTTAGCGGTCGTGTG,0,3599012
tisBp,0.5,1,1,TAGGTACTTATTACCGGCTT,0,3596903
tisBp,0.5,1,1,TAGGTAAGAATTACGATAGT,0,3564099
tisBp,0.5,1,1,TAGGGGGTGGAATGATACGC,0,3561612
tisBp,0.5,1,1,TAGGGGAAGCGCCCAGGTCT,0,3565976
tisBp,0.5,1,1,TAGGACACCTGTAGTTTGCG,0,3550821
tisBp,0.5,1,1,TAGGACAAGGGTAGTCGTGC,0,3582845
tisBp,0.5,1,1,TAGCTTTTGACTTGCACTAC,0,3590002
tisBp,0.5,1,1,TAGCTGACAAAATACCGCCT,0,3567514
tisBp,0.5,1,1,TAGCCAATGGGACGCGCTTG,0,3581515
tisBp,0.5,1,1,TAGCCAATCCACCGCCAACT,0,3560708
tisBp,0.5,1,1,TAGCAAGATGCGTTTGGATT,0,3576211
tisBp,0.5,1,1,TAGATTCAGCTGATAATAGG,0,3563863
tisBp,0.5,1,1,TAGATGTTTGGGGGGCTTGT,0,3573436
tisBp,0.5,1,1,TAGATGGGCAAGCAGTCTGA,0,3563176
tisBp,0.5,1,1,TAGATGGACTCCATAAACTC,0,3584931
tisBp,0.5,1,1,TAGATGCCGCTATTGCCAAT,0,3597293
tisBp,0.5,1,1,TAGAGGCATGTCAAGTATAC,0,3599580
tisBp,0.5,1,1,TAGAGCCCGGACGTGCACTC,0,3574800
tisBp,0.5,1,1,TAGAACCTTAGCGTACAATT,0,3566042
tisBp,0.5,1,1,TACTGTTAAGGGGCTCTGAG,0,3580809
tisBp,0.5,1,1,TACTGGTATCGTTAGCAGCT,0,3588537
tisBp,0.5,1,1,TACTGGCGCACGCTGTCCCA,0,3582204
tisBp,0.5,1,1,TACTCCTTCTATTCCAAACG,0,3541674
tisBp,0.5,1,1,TACTCCTACTTAGCGGACAC,0,3591511
tisBp,0.5,1,1,TACTCACGATCAAACTATTT,0,3552520
tisBp,0.5,1,1,TACTCACCAGCACCTGCTTT,0,3585660
tisBp,0.5,1,1,TACTAGCAATCAACGAGCCA,0,3566954
tisBp,0.5,1,1,TACTACGGCCCCGAGCAAAG,0,3547312
tisBp,0.5,1,1,TACTACGGAGATCCCTAGGG,0,3585529
tisBp,0.5,1,1,TACTACCACGCGGGGTTTTT,0,3576944
tisBp,0.5,1,1,TACTAAGTTGGATAGTTCAC,0,3559142
tisBp,0.5,1,1,TACTAACTTCTGTCATGGAA,0,3598806
tisBp,0.5,1,1,TACTAACCGGGTACAATGGC,0,3582413
tisBp,0.5,1,1,TACTAAAGGAAAAGATCCAC,0,3597388
tisBp,0.5,1,1,TACGTTGGCTTTGCTTCGAC,0,3587044
tisBp,0.5,1,1,TACGTAGATCGTCCGAGCGC,0,3552609
tisBp,0.5,1,1,TACGGCAAAACACATGAGCT,0,3588607
tisBp,0.5,1,1,TACGCAGATGTGGGCCGGTA,0,3577337
tisBp,0.5,1,1,TACCTCACATACGCAGAGTT,0,3569150
tisBp,0.5,1,1,TACCGGTACGGTGGTAACTT,0,3599342
tisBp,0.5,1,1,TACCGCTAGTGCCTGATGGC,0,3573213
tisBp,0.5,1,1,TACCCGGCGAGTGGTATTAG,0,3550989
tisBp,0.5,1,1,TACCCCTGGATCAGCGTAGG,0,3549624
tisBp,0.5,1,1,TACATTATTCTCTTAAGTCA,0,3541567
tisBp,0.5,1,1,TACATCGACCTTTCCGATAC,0,3575504
tisBp,0.5,1,1,TACAGTGCTAGTGCTATGAT,0,3587915
tisBp,0.5,1,1,TACAGGGAACTTTTTCTTGG,0,3590638
tisBp,0.5,1,1,TACAGACTAGACCGCATCCC,0,3567761
tisBp,0.5,1,1,TACACAAAGAACACAGTGAT,0,3598026
tisBp,0.5,1,1,TACAATGCGAACCATTTGCA,0,3555980
tisBp,0.5,1,1,TACAATCGTATGAGATCTAA,0,3555985
tisBp,0.5,1,1,TACAAGGGTAAGTTAGTCCG,0,3578916
tisBp,0.5,1,1,TACAACTTACGTAATCGCTA,0,3597329
tisBp,0.5,1,1,TACAAAGAGGACTAAATATA,0,3579234
tisBp,0.5,1,1,TACAAACTCGCACATTAATG,0,3568643
tisBp,0.5,1,1,TAATTTTGATCGTGTCCTGT,0,3566791
tisBp,0.5,1,1,TAATTCGCGTGAGTGTTGCC,0,3564195
tisBp,0.5,1,1,TAATTCGCGGTGGAGAGATA,0,3556823
tisBp,0.5,1,1,TAATTCACCGTTGTGTGAAG,0,3549391
tisBp,0.5,1,1,TAATGTGGCTCGTGTCTGAT,0,3598763
tisBp,0.5,1,1,TAATGGAGGTGTCGTGGGCA,0,3590300
tisBp,0.5,1,1,TAATGAGGCGTGGATCGCTC,0,3541662
tisBp,0.5,1,1,TAATCGTCTCTGTTACAATT,0,3582090
tisBp,0.5,1,1,TAATCCGTCATGGACCCTGG,0,3582378
tisBp,0.5,1,1,TAATCAGGTACGGCGGACAA,0,3568931
tisBp,0.5,1,1,TAATCAGCGGCTTTGCTGGA,0,3575754
tisBp,0.5,1,1,TAATATGAGAATGCTCGCTT,0,3554838
tisBp,0.5,1,1,TAATAGTACTCATTAACACA,0,3569750
tisBp,0.5,1,1,TAAGTCTGTTTTTACTTACT,0,3553368
tisBp,0.5,1,1,TAAGGGGAGTGGGATAATAT,0,3558806
tisBp,0.5,1,1,TAAGGGCTGTGATAATGGCA,0,3556959
tisBp,0.5,1,1,TAAGGAACGCCCAGGTCCGA,0,3594320
tisBp,0.5,1,1,TAAGCAAGAGATATCATTCA,0,3600466
tisBp,0.5,1,1,TAAGATCATCTCGCCGGTTG,0,3560601
tisBp,0.5,1,1,TAAGAGATTCCTAGCAGTTG,0,3552090
tisBp,0.5,1,1,TAAGACGCGGGCAATTGTTA,0,3548642
tisBp,0.5,1,1,TAACTAAAGCGGCCCTGCAG,0,3546933
tisBp,0.5,1,1,TAACGTTTTCGCGGCAGGCG,0,3592455
tisBp,0.5,1,1,TAACGGTGTTTTCGGGGAAC,0,3574391
tisBp,0.5,1,1,TAACGGCCAAGCAGTACGTG,0,3549239
tisBp,0.5,1,1,TAACGGCACTGTGCCTGACG,0,3553015
tisBp,0.5,1,1,TAACGCGAGTGCAGATCAGC,0,3573422
tisBp,0.5,1,1,TAACGCCTTACATAGGGGAA,0,3584093
tisBp,0.5,1,1,TAACAATTCGCAAGTAAAAT,0,3601756
tisBp,0.5,1,1,TAAATTACATAGGCAGGGCA,0,3582665
tisBp,0.5,1,1,TAAATGGTAGAACAACACCT,0,3566381
tisBp,0.5,1,1,TAAAGGGTAAATAAGACTAT,0,3559682
tisBp,0.5,1,1,TAAAGGGGGCACTTTAAATA,0,3580893
tisBp,0.5,1,1,TAAAGGCTCTCAAGCGAACG,0,3568556
tisBp,0.5,1,1,TAAACTATTGGCTCTATGCT,0,3566813
tisBp,0.5,1,1,TAAAATGTTGCTCATGGCGC,0,3546982
tisBp,0.5,1,1,TAAAAATTGATCTTATGTTG,0,3591701
tisBp,0.5,1,1,TAAAAATTACCGGTTAGCAC,0,3585265
tisBp,0.5,1,1,GTTTTTGACTATCCGATCAC,0,3554650
tisBp,0.5,1,1,GTTTTCTTATTGATTGATGC,0,3549132
tisBp,0.5,1,1,GTTTTATCCTCGGCTATTAT,0,3589107
tisBp,0.5,1,1,GTTTTAGCTCACCTACATTG,0,3565633
tisBp,0.5,1,1,GTTTCAGTTACATTTCAAGG,0,3558813
tisBp,0.5,1,1,GTTTATCCACCTTGGTTGCT,0,3550621
tisBp,0.5,1,1,GTTTAGGGCGCCCCAGGAGT,0,3566887
tisBp,0.5,1,1,GTTTAGCTTAAAGTCCTACA,0,3568305
tisBp,0.5,1,1,GTTGTTATCGTTCTAAGCCC,0,3602069
tisBp,0.5,1,1,GTTGTCATTTTGCCTTTGGG,0,3570223
tisBp,0.5,1,1,GTTGTACTCAGAGGTGAGGA,0,3558188
tisBp,0.5,1,1,GTTGGTTCGCCCGTAACACT,0,3601438
tisBp,0.5,1,1,GTTGGTCCTGCCACAAGCGT,0,3578239
tisBp,0.5,1,1,GTTGGGAGCTGGGAAACTAG,0,3542838
tisBp,0.5,1,1,GTTGGCTATCTCGCACCCGT,0,3599903
tisBp,0.5,1,1,GTTGGCACCGCCGATATCGC,0,3594899
tisBp,0.5,1,1,GTTGCTGGCTCCCCTCCGGC,0,3596869
tisBp,0.5,1,1,GTTGCACCATCTTGGGGTAG,0,3570666
tisBp,0.5,1,1,GTTCTGGGGCACTCGCGAAT,0,3598305
tisBp,0.5,1,1,GTTCTGAAGCTTCTCGGATC,0,3555231
tisBp,0.5,1,1,GTTCCAGTTCCGTTGACGAG,0,3595249
tisBp,0.5,1,1,GTTCCACCGAACATTAGAAA,0,3541737
tisBp,0.5,1,1,GTTATTAGTATTGACGCAAT,0,3551242
tisBp,0.5,1,1,GTTATGGATCGGCGACATTC,0,3567241
tisBp,0.5,1,1,GTTATATTAATTGTCTCAGC,0,3598831
tisBp,0.5,1,1,GTTAGGCTCGCATTAAGGCC,0,3553450
tisBp,0.5,1,1,GTTAGCCGAGCCTTCGCTGA,0,3593413
tisBp,0.5,1,1,GTTAGAACCAAGCTTACTAG,0,3600684
tisBp,0.5,1,1,GTTACCGGTAGGTATGGGTT,0,3550623
tisBp,0.5,1,1,GTTAACCCATATTTATCTTA,0,3547773
tisBp,0.5,1,1,GTGTGTACCTGGGCCGACAT,0,3585669
tisBp,0.5,1,1,GTGTGCGAAAATTGTTCGGG,0,3553302
tisBp,0.5,1,1,GTGTGCCACGTCGTTCGTCC,0,3559879
tisBp,0.5,1,1,GTGTGATGATATCTTATGAA,0,3549130
tisBp,0.5,1,1,GTGTCGCCATAGAGGTGTGT,0,3588436
tisBp,0.5,1,1,GTGTCATGTTCGACGCGGTA,0,3547917
tisBp,0.5,1,1,GTGTCAAACCCGTAAGAGGA,0,3558415
tisBp,0.5,1,1,GTGTACCCCTTGGAGTTGCT,0,3558783
tisBp,0.5,1,1,GTGTACAGCCTGCCGACAAT,0,3559137
tisBp,0.5,1,1,GTGGTTGTGCTTATGAGGTT,0,3561201
tisBp,0.5,1,1,GTGGTCTGGGGTATCGGACT,0,3592915
tisBp,0.5,1,1,GTGGTAAGGTTAAGAGAAAC,0,3593399
tisBp,0.5,1,1,GTGGTAACAAGAACGCGCAT,0,3582277
tisBp,0.5,1,1,GTGGGTGCACTCTGTCTAAG,0,3546986
tisBp,0.5,1,1,GTGGGCCTTTCTACGCCGAT,0,3599669
tisBp,0.5,1,1,GTGGCTGTCTCTCAAATTGA,0,3559392
tisBp,0.5,1,1,GTGGCTCCATACATCTCATT,0,3564528
tisBp,0.5,1,1,GTGGCAGCGTATCGTACTAG,0,3555603
tisBp,0.5,1,1,GTGGCAGCCCCCCCGAGGCA,0,3600386
tisBp,0.5,1,1,GTGCTTCATATCAGGAATTG,0,3557043
tisBp,0.5,1,1,GTGCTGACTGCTTCACGTTA,0,3555624
tisBp,0.5,1,1,GTGCTGACGAACCTGGAGGC,0,3559344
tisBp,0.5,1,1,GTGCTCATCCTCGATTTCTT,0,3565248
tisBp,0.5,1,1,GTGCGGCCCAGACTGGCCAT,0,3602013
tisBp,0.5,1,1,GTGCGGAGCGTACGTTTATC,0,3599912
tisBp,0.5,1,1,GTGCGCCGCTCCTAGCCGAT,0,3567056
tisBp,0.5,1,1,GTGCCCATCGATGACTCCGG,0,3580014
tisBp,0.5,1,1,GTGCCACTGACCTAGGTTTT,0,3578490
tisBp,0.5,1,1,GTGCATTTGACCGTCCCGGT,0,3560727
tisBp,0.5,1,1,GTGCAGCAGTCTACAATAAT,0,3549143
tisBp,0.5,1,1,GTGCACCTCGGTTATTATTC,0,3546675
tisBp,0.5,1,1,GTGATCAGAATTCCTGTACT,0,3591145
tisBp,0.5,1,1,GTGATAGCAATACACCGACA,0,3571484
tisBp,0.5,1,1,GTGATAATCAATGATCCTTG,0,3565277
tisBp,0.5,1,1,GTGACGTCGAATTCGACGCT,0,3559969
tisBp,0.5,1,1,GTGACGCACTCTCTTACGTT,0,3548844
tisBp,0.5,1,1,GTGACCCATGTTGGTGCAGA,0,3561178
tisBp,0.5,1,1,GTGAAGTCATTATCGCGAAC,0,3561590
tisBp,0.5,1,1,GTCTTGTAGATCTACTGTCA,0,3582821
tisBp,0.5,1,1,GTCTGCTGAGGGAAGGAGCG,0,3600895
tisBp,0.5,1,1,GTCTGCTATGGTCGGCTCAC,0,3553743
tisBp,0.5,1,1,GTCTCTGGATGGCGGTCAGT,0,3576897
tisBp,0.5,1,1,GTCTCGGTGGCATTGAGGTA,0,3557780
tisBp,0.5,1,1,GTCTCCTGCTCTTGGGGATA,0,3603244
tisBp,0.5,1,1,GTCTAGTACCATTGGGAGCA,0,3566347
tisBp,0.5,1,1,GTCTAAGGGTGAGACGTAGT,0,3543829
tisBp,0.5,1,1,GTCGTTGCCCCCGGGAAGTC,0,3560782
tisBp,0.5,1,1,GTCGTGTCCATGGACACGGG,0,3591018
tisBp,0.5,1,1,GTCGTATTGGCATATGATCG,0,3588092
tisBp,0.5,1,1,GTCGCGGTGATGTTCTAGTG,0,3542093
tisBp,0.5,1,1,GTCGCGGCTTAGTGGTATCA,0,3552026
tisBp,0.5,1,1,GTCGCATTTGGCGTACCTAA,0,3575743
tisBp,0.5,1,1,GTCGATGGAATAGTATCGGA,0,3562778
tisBp,0.5,1,1,GTCGAGAAAGGCTCGTAGGG,0,3586427
tisBp,0.5,1,1,GTCGAAAATATCAAGGAATT,0,3548189
tisBp,0.5,1,1,GTCCTGGTAAAAAGTGAAAG,0,3584717
tisBp,0.5,1,1,GTCCTGCGCGAAGAGCCGGA,0,3571137
tisBp,0.5,1,1,GTCCTGAATGCTATGGTAGG,0,3555137
tisBp,0.5,1,1,GTCCGGATGTGCCTGATGGT,0,3602310
tisBp,0.5,1,1,GTCCGAAGCTTCGGCATACC,0,3554076
tisBp,0.5,1,1,GTCCCTAACAAACGTGGGGT,0,3599853
tisBp,0.5,1,1,GTCCCGGGACCCAAGATTAG,0,3565917
tisBp,0.5,1,1,GTCCCATCATCGGTATTCAA,0,3587067
tisBp,0.5,1,1,GTCCACGCGGACAATAGTCC,0,3578553
tisBp,0.5,1,1,GTCCACCCCGAAGAATGGAA,0,3600574
tisBp,0.5,1,1,GTCCACACCCTAGCTAGAAA,0,3591926
tisBp,0.5,1,1,GTCCAAACCACAGGAACAAT,0,3600689
tisBp,0.5,1,1,GTCATTTAGGATGGCTCCAT,0,3553606
tisBp,0.5,1,1,GTCATTGTCGAGGATGAAGG,0,3586497
tisBp,0.5,1,1,GTCATGGCCCAAGGTTCTCT,0,3562558
tisBp,0.5,1,1,GTCATCGGTTGGATCTACTA,0,3555417
tisBp,0.5,1,1,GTCATAATAGTTTGCCCCTA,0,3568990
tisBp,0.5,1,1,GTCAGGGTCTCTACTACTGG,0,3596245
tisBp,0.5,1,1,GTCAGGGGTGTTTATGGTCA,0,3563829
tisBp,0.5,1,1,GTCAGCCTGAGTAGGCTCTA,0,3584036
tisBp,0.5,1,1,GTCAGAGTGTATAAATCCCC,0,3600084
tisBp,0.5,1,1,GTCAAGTGCGGGTGCGCCCC,0,3554086
tisBp,0.5,1,1,GTCAAGACTAACACGCACGT,0,3589340
tisBp,0.5,1,1,GTATTTCGCACTAGCTGCTG,0,3571816
tisBp,0.5,1,1,GTATTCGGACGGGGAGGGAG,0,3600965
tisBp,0.5,1,1,GTATGGGTATGGCTGAAATT,0,3587035
tisBp,0.5,1,1,GTATGCACTTTACTCCAAAA,0,3599514
tisBp,0.5,1,1,GTATGACCCAAAGCGTCCTT,0,3559710
tisBp,0.5,1,1,GTATCTGCTCCTCCAGCCGT,0,3553162
tisBp,0.5,1,1,GTATCTACCGTTGAATTCGC,0,3550777
tisBp,0.5,1,1,GTATCCGGCATAGACTTACC,0,3553074
tisBp,0.5,1,1,GTATCAACCCAGCTAAGTAC,0,3549234
tisBp,0.5,1,1,GTATAGGGTTCTTTTGTGTC,0,3594693
tisBp,0.5,1,1,GTATAGGGCGAGCTACAAGA,0,3548968
tisBp,0.5,1,1,GTAGTGGGAGTCCGGTATGA,0,3582135
tisBp,0.5,1,1,GTAGGGGGGTGGCAATGACA,0,3558455
tisBp,0.5,1,1,GTAGGCATAGCTAAAGTCTG,0,3557417
tisBp,0.5,1,1,GTAGGCAGGGCGGTCACAGG,0,3597670
tisBp,0.5,1,1,GTAGGAACCAGACGTATTGG,0,3554704
tisBp,0.5,1,1,GTAGCGTAACGACATCCCAA,0,3562516
tisBp,0.5,1,1,GTAGATTTCAGCCAACCTCA,0,3546464
tisBp,0.5,1,1,GTAGATAGCCCTTCGGTTAG,0,3592107
tisBp,0.5,1,1,GTAGATAATTAATCGCACCC,0,3556079
tisBp,0.5,1,1,GTAGAAGGTGTAGCAGATTA,0,3561923
tisBp,0.5,1,1,GTACTGTTCCACATTGCTGA,0,3544218
tisBp,0.5,1,1,GTACTCGGAGGTTTACCCAT,0,3548187
tisBp,0.5,1,1,GTACGTCAGTCCGTGGTTCG,0,3544080
tisBp,0.5,1,1,GTACGATTTATTCCCAAATA,0,3592689
tisBp,0.5,1,1,GTACCAACGCATGTTACGAT,0,3578744
tisBp,0.5,1,1,GTACATGATCCCTTGTTTCC,0,3583263
tisBp,0.5,1,1,GTACAATTCTCTCCATATGA,0,3561386
tisBp,0.5,1,1,GTAATCCAGTCGCACCCAGT,0,3557989
tisBp,0.5,1,1,GTAAGTGGGTAGTGGTTTAT,0,3552153
tisBp,0.5,1,1,GTAAGTCACAGGCCTGGCGT,0,3603179
tisBp,0.5,1,1,GTAAGCACTCGGAATCCGCC,0,3564570
tisBp,0.5,1,1,GTAACGACACTCGGTGTATT,0,3594018
tisBp,0.5,1,1,GTAACAGGATTATAGCTCCG,0,3552887
tisBp,0.5,1,1,GTAAAGCTTTGACGTCGCGC,0,3544282
tisBp,0.5,1,1,GTAAACCCCCACAGCTGCTA,0,3570946
tisBp,0.5,1,1,GGTTTCAACGCCAGCGAGCA,0,3572483
tisBp,0.5,1,1,GGTTTAACCCGACAAAAAAC,0,3556227
tisBp,0.5,1,1,GGTTTAAAATTGCAACGCCA,0,3579194
tisBp,0.5,1,1,GGTTGGTCGGAAGATAGTAG,0,3587871
tisBp,0.5,1,1,GGTTGATAAAGAGATATATG,0,3597473
tisBp,0.5,1,1,GGTTGACCTCAGTGTGGGGA,0,3543173
tisBp,0.5,1,1,GGTTCTACGGCCAACACGGA,0,3580732
tisBp,0.5,1,1,GGTTCCTCTGATGTTGAACA,0,3589201
tisBp,0.5,1,1,GGTTAGGACGGGATTAGGGT,0,3587377
tisBp,0.5,1,1,GGTTAACCCTCGACCCCTAG,0,3584064
tisBp,0.5,1,1,GGTGTTCAGCGCTTCCTGTT,0,3600957
tisBp,0.5,1,1,GGTGTTAAACACCGAACCTA,0,3548197
tisBp,0.5,1,1,GGTGGTGGTCCTCCCCGGCG,0,3580044
tisBp,0.5,1,1,GGTGGTACGCGACTCAGGTC,0,3568112
tisBp,0.5,1,1,GGTGGGGGTCCGGCCTCCAC,0,3559846
tisBp,0.5,1,1,GGTGGACTGCAACCTGGCCC,0,3559961
tisBp,0.5,1,1,GGTGCTGGCTGAACATTTTT,0,3548494
tisBp,0.5,1,1,GGTGCGTCTCAGGAGTTCAT,0,3560346
tisBp,0.5,1,1,GGTGCGGTAGTGCAGGCACT,0,3568054
tisBp,0.5,1,1,GGTGCCAGTCGGTTATGCCA,0,3555465
tisBp,0.5,1,1,GGTGCAACCGCACAGATCTC,0,3580675
tisBp,0.5,1,1,GGTGACCACGGCGTGAACTC,0,3568382
tisBp,0.5,1,1,GGTCTTGGATTCTCCCACGC,0,3573787
tisBp,0.5,1,1,GGTCTGTACCATAATTTAGA,0,3563358
tisBp,0.5,1,1,GGTCTGGGGCTGCGATTTAA,0,3589134
tisBp,0.5,1,1,GGTCTGGGGAAACCGCTAAA,0,3583094
tisBp,0.5,1,1,GGTCTGAATTCGGCCATGTT,0,3568882
tisBp,0.5,1,1,GGTCTAGAACGCGCTCGTTC,0,3553010
tisBp,0.5,1,1,GGTCGTCTTGATATCGGGAC,0,3580843
tisBp,0.5,1,1,GGTCGCCAGTCTTAACTGTT,0,3556483
tisBp,0.5,1,1,GGTCCTCAGCATAGTTAGAT,0,3544430
tisBp,0.5,1,1,GGTCAGGTTGCAAGGAGGAA,0,3565897
tisBp,0.5,1,1,GGTCACCCTAGAATCCTTTA,0,3595331
tisBp,0.5,1,1,GGTATCGTGCTGATCCGTCG,0,3594559
tisBp,0.5,1,1,GGTATCGCTACGGTATTCGT,0,3599189
tisBp,0.5,1,1,GGTATATGAACCGTATAATC,0,3580763
tisBp,0.5,1,1,GGTAGTAATCTCTCTTTGGA,0,3551266
tisBp,0.5,1,1,GGTAGGGAGAGGCAAGGCCC,0,3544953
tisBp,0.5,1,1,GGTAGCCGGGCTATAATCAG,0,3568944
tisBp,0.5,1,1,GGTAGACTCAGTACAGAGCG,0,3541837
tisBp,0.5,1,1,GGTAGAAGCGGAACAGACAA,0,3581448
tisBp,0.5,1,1,GGTACAGCTCGCCATATGAT,0,3578279
tisBp,0.5,1,1,GGTAAGTACGATTCTTTGTT,0,3598044
tisBp,0.5,1,1,GGTAAGAGTTGTGGAGTGCG,0,3586184
tisBp,0.5,1,1,GGTAACTTCTAATGGCGAGT,0,3553939
tisBp,0.5,1,1,GGGTTCTAGGTGATAAAATT,0,3598550
tisBp,0.5,1,1,GGGTTCGGAAGGAGGTCGCC,0,3569296
tisBp,0.5,1,1,GGGTGTTTGGAGCACCCTAG,0,3548254
tisBp,0.5,1,1,GGGTGTACCACGCTTGCGAA,0,3572374
tisBp,0.5,1,1,GGGTGACGTTTTTTGTTGCT,0,3542465
tisBp,0.5,1,1,GGGTGAACGGAATGTGCGGA,0,3556746
tisBp,0.5,1,1,GGGTCGGGTTACGACAGGGA,0,3559986
tisBp,0.5,1,1,GGGTCCTGCTTAAAGTTACG,0,3602949
tisBp,0.5,1,1,GGGTCAAGGTTACCCGTGAA,0,3551729
tisBp,0.5,1,1,GGGTATACCCACACATACAT,0,3575263
tisBp,0.5,1,1,GGGTAGTGGCCCCCCCGGGT,0,3589308
tisBp,0.5,1,1,GGGTAGCCGGCAGGCTACAC,0,3601845
tisBp,0.5,1,1,GGGTACTCAATTGTATTGAT,0,3552953
tisBp,0.5,1,1,GGGTACATTATCGTGACGGT,0,3574379
tisBp,0.5,1,1,GGGGTTTTCGCAGTAAGCCC,0,3575057
tisBp,0.5,1,1,GGGGTTTCTATTGACCGGGA,0,3563497
tisBp,0.5,1,1,GGGGTTCTTGACCTAAACCA,0,3588046
tisBp,0.5,1,1,GGGGTTCTGGAATCCCTTGT,0,3589172
tisBp,0.5,1,1,GGGGTGTTTCGTTCGCGGCA,0,3585999
tisBp,0.5,1,1,GGGGTATAGGCACGGCTACA,0,3548519
tisBp,0.5,1,1,GGGGGTAGACGCACTAATCA,0,3562326
tisBp,0.5,1,1,GGGGGCCTCGGGGTCAATAC,0,3552277
tisBp,0.5,1,1,GGGGGACTGACGTCGCCTCC,0,3549465
tisBp,0.5,1,1,GGGGAGATGGGGAGTCCGGA,0,3559951
tisBp,0.5,1,1,GGGCTCTATCAGGCTCGATT,0,3574222
tisBp,0.5,1,1,GGGCTCGGGTAACATCACTA,0,3582080
tisBp,0.5,1,1,GGGCTAGTTGTATCATAGGA,0,3546357
tisBp,0.5,1,1,GGGCTACTGGGAGGGCCGTC,0,3599884
tisBp,0.5,1,1,GGGCGCCAAATATCATATAC,0,3559185
tisBp,0.5,1,1,GGGCCGGGGCTATCTCGTGT,0,3567421
tisBp,0.5,1,1,GGGCCAAATCATCGGGAAGC,0,3587806
tisBp,0.5,1,1,GGGCAGTTTTATTGAGCCCA,0,3594267
tisBp,0.5,1,1,GGGATTTCCTTTTTCATGGT,0,3595187
tisBp,0.5,1,1,GGGAGTTAAACAGACATTCT,0,3596732
tisBp,0.5,1,1,GGGAGGAGGGATGGGTCTAT,0,3573709
tisBp,0.5,1,1,GGGAGAAATCCCCTATTATC,0,3558996
tisBp,0.5,1,1,GGGACGGTTACAACAAGGTC,0,3570838
tisBp,0.5,1,1,GGGACCTTCCCTCAGCAAGT,0,3564017
tisBp,0.5,1,1,GGGAAGCATGTGACTCTTGT,0,3601899
tisBp,0.5,1,1,GGGAAGAGCTGTTAGCTGTA,0,3595448
tisBp,0.5,1,1,GGCTTTAACGAGTTCGTTCA,0,3594017
tisBp,0.5,1,1,GGCTTCGAGAAGAGCCACAC,0,3568910
tisBp,0.5,1,1,GGCTGTCTATACCCAGCCGC,0,3593815
tisBp,0.5,1,1,GGCTGTCCGCGCCGGCCCGG,0,3553018
tisBp,0.5,1,1,GGCTGAATATTCGGTGGGGC,0,3545141
tisBp,0.5,1,1,GGCTCGGGTCAACCCCCCGA,0,3563398
tisBp,0.5,1,1,GGCTAGGGTCAATCATACGT,0,3543901
tisBp,0.5,1,1,GGCTAAGACGTCCCACATTT,0,3553451
tisBp,0.5,1,1,GGCTAAATCTCAACACTCGC,0,3570658
tisBp,0.5,1,1,GGCGTTACCGAAATATGACT,0,3554082
tisBp,0.5,1,1,GGCGTGCCCTTGTGCCGTCT,0,3543284
tisBp,0.5,1,1,GGCGCCTATGGCACGGAGGT,0,3597921
tisBp,0.5,1,1,GGCCTTATTTGAACGAGGTC,0,3541504
tisBp,0.5,1,1,GGCCTCGCTCACGACGTTAG,0,3579131
tisBp,0.5,1,1,GGCCGGGTGGTGGCGGCCAG,0,3557830
tisBp,0.5,1,1,GGCCGGCGAACAGGTAGATG,0,3584369
tisBp,0.5,1,1,GGCCCCAGCTGCATGAGCCC,0,3569901
tisBp,0.5,1,1,GGCCATGTGCCCGCCATATC,0,3592625
tisBp,0.5,1,1,GGCCATGAATGGGAAGAATA,0,3559335
tisBp,0.5,1,1,GGCCAGTGGATTAATCACTC,0,3599053
tisBp,0.5,1,1,GGCCAACTTATAAAAGCCTC,0,3556456
tisBp,0.5,1,1,GGCCAAACAACGATACATAC,0,3559447
tisBp,0.5,1,1,GGCATTGACTATTATAATCG,0,3558336
tisBp,0.5,1,1,GGCATTATTGACATGCATGC,0,3561381
tisBp,0.5,1,1,GGCAGTCTTGAGGTGATAGC,0,3547715
tisBp,0.5,1,1,GGCAGGCATTATCGGTATCG,0,3586647
tisBp,0.5,1,1,GGCAGCAAGAATTGCGCGTG,0,3546991
tisBp,0.5,1,1,GGCAGATCCTCAGCTACAAA,0,3575627
tisBp,0.5,1,1,GGCACCGTGGCAGATTCATA,0,3548148
tisBp,0.5,1,1,GGCACCAGAATTAGCCATGA,0,3541855
tisBp,0.5,1,1,GGCACACTCGCTACGTCGGA,0,3565795
tisBp,0.5,1,1,GGCAATCAGACCAGTTAACG,0,3594034
tisBp,0.5,1,1,GGCAAGAGTTAGTTGTCCTT,0,3560640
tisBp,0.5,1,1,GGATTTAAGAACAGCTGTAG,0,3561776
tisBp,0.5,1,1,GGATTGCCCCCAGGCAGGCC,0,3593867
tisBp,0.5,1,1,GGATTCCCAGGCACTTAGCG,0,3577359
tisBp,0.5,1,1,GGATGCGCGTGAGTTCCGGA,0,3580731
tisBp,0.5,1,1,GGATCATTATTAGGAAACCC,0,3582092
tisBp,0.5,1,1,GGATATGATGTGCGGAAGGT,0,3574224
tisBp,0.5,1,1,GGATATAGCCGATCTTCCTG,0,3600392
tisBp,0.5,1,1,GGATAGCCCCGCGCTCCGTC,0,3580599
tisBp,0.5,1,1,GGATAAGTCTCTGTTGTCTC,0,3574549
tisBp,0.5,1,1,GGAGTTAATGGATGTTGCGT,0,3566356
tisBp,0.5,1,1,GGAGTCGGTCATAGGCAGGC,0,3565797
tisBp,0.5,1,1,GGAGTAAGTCTGTGATTCCC,0,3593703
tisBp,0.5,1,1,GGAGCGCGGGAGGGATGTCA,0,3561127
tisBp,0.5,1,1,GGAGCACGCAGCCCCGGCGT,0,3545224
tisBp,0.5,1,1,GGAGCACCAGGGCCTGACGA,0,3583248
tisBp,0.5,1,1,GGAGATCGTCCCGGATGCAT,0,3542248
tisBp,0.5,1,1,GGAGATCCGCGTGTTGGCCC,0,3581800
tisBp,0.5,1,1,GGAGACGGCGGCTCAAGACG,0,3602066
tisBp,0.5,1,1,GGAGACCCGTAGCGGACGTG,0,3563221
tisBp,0.5,1,1,GGAGAAGTCGTCGGGGCCGG,0,3582661
tisBp,0.5,1,1,GGACTGGACTCTAGAAATGT,0,3549809
tisBp,0.5,1,1,GGACTCTAACAATTAAGCTA,0,3562123
tisBp,0.5,1,1,GGACGGAAATTCGAATGTGG,0,3565913
tisBp,0.5,1,1,GGACGCTCGACAGTTGTTCT,0,3579087
tisBp,0.5,1,1,GGACGATTCGAATACGGGTT,0,3599175
tisBp,0.5,1,1,GGACATCCGGTAGTGCAAAG,0,3589836
tisBp,0.5,1,1,GGAATTTAGTATGATCTCCG,0,3567163
tisBp,0.5,1,1,GGAATTCTCATTTTGTTCTC,0,3553217
tisBp,0.5,1,1,GGAATCGCACGCGGTGGCAA,0,3596480
tisBp,0.5,1,1,GGAATATGACTCCCTCTCTC,0,3562346
tisBp,0.5,1,1,GGAATAGCTGGGAACAAGAA,0,3586819
tisBp,0.5,1,1,GGAAGCCTTACTCCCCCCAG,0,3582769
tisBp,0.5,1,1,GGAAGATTACAGGGCTCTGA,0,3559395
tisBp,0.5,1,1,GGAACATCTAGGTTATGCGT,0,3549575
tisBp,0.5,1,1,GGAAATATTCCCGACCAGTT,0,3600796
tisBp,0.5,1,1,GGAAAAATCATCAAGCCCTT,0,3589932
tisBp,0.5,1,1,GCTTTTGAGCCAGACTCAAT,0,3569066
tisBp,0.5,1,1,GCTTTTACCTGTCCGCAAAG,0,3557136
tisBp,0.5,1,1,GCTTTCGATCTCCCGTGGGA,0,3592706
tisBp,0.5,1,1,GCTTGTCCCTTTGGGGATGC,0,3578516
tisBp,0.5,1,1,GCTTGGGGTTGCCCAACAGT,0,3598702
tisBp,0.5,1,1,GCTTGCACCACGGAGTCCCA,0,3568205
tisBp,0.5,1,1,GCTTCGCCGGCTTTAGTCGA,0,3552859
tisBp,0.5,1,1,GCTTAGCACGCACTCTATAA,0,3588272
tisBp,0.5,1,1,GCTTACTCCCCGTGCTACGC,0,3578800
tisBp,0.5,1,1,GCTTAACGACAATTCCAACA,0,3544478
tisBp,0.5,1,1,GCTGTTTCCGGGCTCGCTAT,0,3597774
tisBp,0.5,1,1,GCTGTATGTGAGATGTCCCA,0,3582341
tisBp,0.5,1,1,GCTGGCATGATTGGATAGAT,0,3567492
tisBp,0.5,1,1,GCTGCCGTATTCAAGTGACT,0,3554345
tisBp,0.5,1,1,GCTGCCGCATCAGGGTCCCC,0,3563369
tisBp,0.5,1,1,GCTGCCACGGTTGCCGGGTT,0,3559942
tisBp,0.5,1,1,GCTGCATCTAATGCTGTTGG,0,3544848
tisBp,0.5,1,1,GCTCTGGTAAAGCCTCAGGC,0,3576660
tisBp,0.5,1,1,GCTCTCCTGCTAAGTAGTTG,0,3591334
tisBp,0.5,1,1,GCTCTCCCATCTATGACACT,0,3598325
tisBp,0.5,1,1,GCTCGGAGTCTCTACGACTT,0,3596698
tisBp,0.5,1,1,GCTCGATCGACGAAGGTCTT,0,3553530
tisBp,0.5,1,1,GCTCGAATAGATGATTTCTT,0,3562375
tisBp,0.5,1,1,GCTCCAGGTTGCTCTGCCAT,0,3580000
tisBp,0.5,1,1,GCTCATTCGTTGCGCCATGA,0,3548508
tisBp,0.5,1,1,GCTCATCGCAGTAGGGACGT,0,3585062
tisBp,0.5,1,1,GCTATCACCACTTCCAAGTC,0,3570273
tisBp,0.5,1,1,GCTAGGTCTTCGGCAGGTGG,0,3572567
tisBp,0.5,1,1,GCTAGGATACAATTAACAGT,0,3548414
tisBp,0.5,1,1,GCTAGCGGTGGTAAAATGCG,0,3550286
tisBp,0.5,1,1,GCTACTGGGATTGTTAGAAC,0,3566829
tisBp,0.5,1,1,GCTACTACTGCATAAAATGA,0,3600730
tisBp,0.5,1,1,GCTACCTCTTGATGGCTCAT,0,3588279
tisBp,0.5,1,1,GCTACCGATCTAGCAGACAG,0,3584520
tisBp,0.5,1,1,GCTAAGTGGGAGCTGGGACC,0,3596068
tisBp,0.5,1,1,GCTAAGAGAAGGCTAAGTGG,0,3558373
tisBp,0.5,1,1,GCGTTTGTACTATATGGCTT,0,3575265
tisBp,0.5,1,1,GCGTTGTCCAGTAGCTTCTG,0,3603338
tisBp,0.5,1,1,GCGTTACCCGGATGTAGGAT,0,3556352
tisBp,0.5,1,1,GCGTGGCTGGCCGAGTCAGC,0,3588654
tisBp,0.5,1,1,GCGTGCGGCCAAAGTATGGA,0,3541787
tisBp,0.5,1,1,GCGTGCCGACTGACCTGATG,0,3581846
tisBp,0.5,1,1,GCGTGCACAGAACCCCGCAT,0,3552030
tisBp,0.5,1,1,GCGTCGGTGGATGCGGACAA,0,3550200
tisBp,0.5,1,1,GCGTCGGAGAGATTTTACGG,0,3602691
tisBp,0.5,1,1,GCGTATTCGTACACCGTAAC,0,3560375
tisBp,0.5,1,1,GCGGTGGACTCGAACATATC,0,3584671
tisBp,0.5,1,1,GCGGTATTAAGCGTAGGGGG,0,3580488
tisBp,0.5,1,1,GCGGGTGCTATCAGAAATTC,0,3547789
tisBp,0.5,1,1,GCGGGGCACTAGAAAATAGG,0,3589636
tisBp,0.5,1,1,GCGGGAGACACCACCGTCAT,0,3547383
tisBp,0.5,1,1,GCGGCACCGACGCCTTCTAC,0,3564740
tisBp,0.5,1,1,GCGGATCCCCCGAACAGGCC,0,3555168
tisBp,0.5,1,1,GCGGAGGCGAAGCGGGACAT,0,3556668
tisBp,0.5,1,1,GCGCTTGACCCGCGTAACTT,0,3569604
tisBp,0.5,1,1,GCGCTGTCTGACTATTCTCC,0,3598152
tisBp,0.5,1,1,GCGCTATGGTTCTGGACAAA,0,3577625
tisBp,0.5,1,1,GCGCTACGGACGGTTTCACG,0,3576707
tisBp,0.5,1,1,GCGCGTTCTCCGAACCCGGT,0,3577436
tisBp,0.5,1,1,GCGCGTGGGTTATTAGCCAG,0,3576220
tisBp,0.5,1,1,GCGCGGGGACTAGCTAGTGA,0,3555976
tisBp,0.5,1,1,GCGCGCCCATTACGCGCGTA,0,3551871
tisBp,0.5,1,1,GCGCGACGCGACACCGAGGT,0,3559432
tisBp,0.5,1,1,GCGCCATACCCCCAAAGTGC,0,3554890
tisBp,0.5,1,1,GCGCACGGGTGCGTCTAAGG,0,3542989
tisBp,0.5,1,1,GCGCACCTCATCTGCATACC,0,3582088
tisBp,0.5,1,1,GCGCAATACAGTATACTAGA,0,3600034
tisBp,0.5,1,1,GCGAGTCGTGGTAGGGCGAA,0,3568947
tisBp,0.5,1,1,GCGAGGTCTAATAATTCAAT,0,3572689
tisBp,0.5,1,1,GCGACCTCATAAAAGTCCCA,0,3592202
tisBp,0.5,1,1,GCGACAACTGCCGGCCGCAG,0,3565177
tisBp,0.5,1,1,GCGAATCTCGTAATTTTGAG,0,3558601
tisBp,0.5,1,1,GCGAACCTAAGCGTTTTGCG,0,3567984
tisBp,0.5,1,1,GCCTCCACAGAGTTGAGTTC,0,3583755
tisBp,0.5,1,1,GCCTCAATACAGCTGTTCTA,0,3584426
tisBp,0.5,1,1,GCCTACTTCGGTAGTAGTTG,0,3556839
tisBp,0.5,1,1,GCCTACTTATCTAAAACCCT,0,3599018
tisBp,0.5,1,1,GCCTACGGACTAGACCGCAC,0,3591699
tisBp,0.5,1,1,GCCGTCTACGTCATCTTGAT,0,3559665
tisBp,0.5,1,1,GCCGCGAAGGGGATGAATCT,0,3552088
tisBp,0.5,1,1,GCCGATTCCTCGGAACGTTA,0,3587557
tisBp,0.5,1,1,GCCGACGTAGACTCATCAAC,0,3598463
tisBp,0.5,1,1,GCCGACAACCAACACTCGTT,0,3542609
tisBp,0.5,1,1,GCCGAAGGAAGTTCTCCTCG,0,3572562
tisBp,0.5,1,1,GCCCTCGCTCGACACGTACT,0,3596910
tisBp,0.5,1,1,GCCCGTCCAAGCCTCCGACT,0,3558279
tisBp,0.5,1,1,GCCCCTGTAATTTGTTCAAA,0,3558313
tisBp,0.5,1,1,GCCCCGGAGCTCGTTTAGGG,0,3573593
tisBp,0.5,1,1,GCCCCAGTTGAATAGGTTAG,0,3541876
tisBp,0.5,1,1,GCCCCACGTAGAGGCTACTG,0,3565269
tisBp,0.5,1,1,GCCCCACAGGGTCGGCATTA,0,3568053
tisBp,0.5,1,1,GCCATTGGCAGGCCTTGGAA,0,3565083
tisBp,0.5,1,1,GCCATGCCAAGTGTACGGGT,0,3543282
tisBp,0.5,1,1,GCCATGAGCCCGCGTGATTG,0,3542095
tisBp,0.5,1,1,GCCATCTTCGGGGTTTTCCT,0,3568650
tisBp,0.5,1,1,GCCATCGACCAGACAATGCC,0,3563474
tisBp,0.5,1,1,GCCAGTGGCCAACGGCTGGT,0,3582106
tisBp,0.5,1,1,GCCAGGGCGGAGGTCCTTAA,0,3545659
tisBp,0.5,1,1,GCCACTAACACCGCGAGTTT,0,3569256
tisBp,0.5,1,1,GCCACGTTTGCTGTGAGGTC,0,3573386
tisBp,0.5,1,1,GCATTCGAGTACATGGCTAC,0,3586741
tisBp,0.5,1,1,GCATTATATGGTAAAACTGT,0,3601760
tisBp,0.5,1,1,GCATGACCGTGCGGCCCAGT,0,3599181
tisBp,0.5,1,1,GCATATTCGCTCCTTAATGA,0,3576809
tisBp,0.5,1,1,GCATAGATCACGATTTTGAA,0,3591487
tisBp,0.5,1,1,GCATAAAGACACCGCGCATG,0,3551363
tisBp,0.5,1,1,GCAGGTCCATTAGTCATTAG,0,3553061
tisBp,0.5,1,1,GCAGGTACTTTGGTGAATCC,0,3551896
tisBp,0.5,1,1,GCAGGACACATAAAGTCAAA,0,3595135
tisBp,0.5,1,1,GCAGCTGTGGGGCATCGCCT,0,3575593
tisBp,0.5,1,1,GCAGCTGGGTAGTCTCCCGC,0,3550131
tisBp,0.5,1,1,GCAGCGTGGACTAGACTCTC,0,3565542
tisBp,0.5,1,1,GCAGACCGGATCGTGGACCA,0,3591572
tisBp,0.5,1,1,GCAGACACGGTGGAATTTCA,0,3563573
tisBp,0.5,1,1,GCACTTCTTTACAATAGACT,0,3560658
tisBp,0.5,1,1,GCACTGTGAATCAAGTACGT,0,3544239
tisBp,0.5,1,1,GCACTCCGGCGGGGTAAGCT,0,3602680
tisBp,0.5,1,1,GCACGGAAGCTGGAAGTTGT,0,3586904
tisBp,0.5,1,1,GCACGACCGGTGAGATCCGG,0,3567928
tisBp,0.5,1,1,GCACCGTCGGATGATACGGC,0,3588328
tisBp,0.5,1,1,GCACCATCCCAGGAGCTCCT,0,3559223
tisBp,0.5,1,1,GCACATTATATTTGCACACT,0,3587759
tisBp,0.5,1,1,GCAATTTCAACGGCCGCGGT,0,3555788
tisBp,0.5,1,1,GCAATCTATTAACTGGCGGA,0,3583261
tisBp,0.5,1,1,GCAAGTTCCGGCGTCTCTCT,0,3547001
tisBp,0.5,1,1,GCAACGAGAGGCGCATTCAA,0,3549535
tisBp,0.5,1,1,GCAACGACGGAGTAGAGAAA,0,3591818
tisBp,0.5,1,1,GCAACCGCTAGAAGTATTTG,0,3600467
tisBp,0.5,1,1,GCAAACAAAAAGTACATGCC,0,3542659
tisBp,0.5,1,1,GATTTCGGCACGTGCGGAAC,0,3593872
tisBp,0.5,1,1,GATTGGCTTCCGGGATTGCT,0,3599983
tisBp,0.5,1,1,GATTCTTAAGTTACCCCAGG,0,3585849
tisBp,0.5,1,1,GATTCGCCAGTTATTTCCTG,0,3569284
tisBp,0.5,1,1,GATTATTGACTACATAGTGG,0,3552391
tisBp,0.5,1,1,GATTATGAGGTCGTGGTTCC,0,3590698
tisBp,0.5,1,1,GATTATCCAGAGCGGGTGTG,0,3543075
tisBp,0.5,1,1,GATTAGAGGGGATTGGATGT,0,3542916
tisBp,0.5,1,1,GATTAGACCGGGGCGAGTGG,0,3561858
tisBp,0.5,1,1,GATGTGCCTCCGGGGAGAAG,0,3567896
tisBp,0.5,1,1,GATGTCTTCTTATAGACATA,0,3583789
tisBp,0.5,1,1,GATGGGTGGGAAGGAGTACT,0,3571709
tisBp,0.5,1,1,GATGGGGGACCAGGCTTTAT,0,3551941
tisBp,0.5,1,1,GATGGGGACAGGGAGTTAGT,0,3603595
tisBp,0.5,1,1,GATGGAGCACGCCGTGGGCC,0,3548705
tisBp,0.5,1,1,GATGCTTTATGTACAGTGTA,0,3597564
tisBp,0.5,1,1,GATGCTAGACTCCCTTGATT,0,3571863
tisBp,0.5,1,1,GATGCGCTTATGAACTTAAA,0,3600712
tisBp,0.5,1,1,GATGCCTACGCTAGTATTTT,0,3568538
tisBp,0.5,1,1,GATGAGATATCTTCATTCTG,0,3571571
tisBp,0.5,1,1,GATCTTTAATGTAGCGCGGA,0,3576933
tisBp,0.5,1,1,GATCTGGAAACCATGCACTA,0,3600893
tisBp,0.5,1,1,GATCGGGTATGATCACCTAA,0,3584521
tisBp,0.5,1,1,GATCCCGGATGGCCTGCAAA,0,3562673
tisBp,0.5,1,1,GATCATGTATCAGCCTTACC,0,3592993
tisBp,0.5,1,1,GATCAGTCCAGGGATCACGG,0,3554767
tisBp,0.5,1,1,GATCAGGGGAACGCTACGCT,0,3594397
tisBp,0.5,1,1,GATATGGGGATAGTTGATCG,0,3543994
tisBp,0.5,1,1,GATATCTTAGCAATGCAACT,0,3586914
tisBp,0.5,1,1,GATAGGCCACGCACGGAGGT,0,3549841
tisBp,0.5,1,1,GATAGATAGTGATGGGAATG,0,3571612
tisBp,0.5,1,1,GATACTGACAGGAGGTATTT,0,3585152
tisBp,0.5,1,1,GATACTACTCTACATACACG,0,3602589
tisBp,0.5,1,1,GATACAGCGGCGCAGTGTTT,0,3585317
tisBp,0.5,1,1,GATAAGAGTCCGTTCCTTTT,0,3595199
tisBp,0.5,1,1,GATAAAGGGCAAAGCTAAAA,0,3585960
tisBp,0.5,1,1,GATAAAATCATCATTAAAGT,0,3575520
tisBp,0.5,1,1,GAGTTGCTGCTGCAACAGCT,0,3572460
tisBp,0.5,1,1,GAGTGGGTCCTTCCGCCGCG,0,3564028
tisBp,0.5,1,1,GAGTGAATCTGTTGTTGTCA,0,3544321
tisBp,0.5,1,1,GAGTCTGGTCGTAGATTTAT,0,3550522
tisBp,0.5,1,1,GAGTCGCATCCTTCTGGTCC,0,3592020
tisBp,0.5,1,1,GAGTCGCAGGCCCTGGGTTA,0,3559733
tisBp,0.5,1,1,GAGTCCAGTGGGGGCAGTCT,0,3590742
tisBp,0.5,1,1,GAGTCACTTTGACGAGAGAA,0,3558637
tisBp,0.5,1,1,GAGTACCCGTTCTCCAGCGA,0,3603707
tisBp,0.5,1,1,GAGTAAGCTGCTGCCACCGC,0,3562601
tisBp,0.5,1,1,GAGTAAATGGACCCGTGAGT,0,3584962
tisBp,0.5,1,1,GAGGTCGCTTAAATAAGGTG,0,3545130
tisBp,0.5,1,1,GAGGTAGACAATTCGAAATA,0,3601238
tisBp,0.5,1,1,GAGGGGGAGGTGTACCCAGA,0,3584193
tisBp,0.5,1,1,GAGGGGAGACTGCTGAGAAA,0,3601458
tisBp,0.5,1,1,GAGGGATAGTACTGGGCTAG,0,3563932
tisBp,0.5,1,1,GAGGCATGATCGCAGTCTTC,0,3598177
tisBp,0.5,1,1,GAGGATGCTCACACCGGCTC,0,3601257
tisBp,0.5,1,1,GAGGATGCGGTAGGCGGGCA,0,3573160
tisBp,0.5,1,1,GAGGAGCATGATGAGACAGA,0,3555831
tisBp,0.5,1,1,GAGCTTTGTCCCTGTTGTAC,0,3569267
tisBp,0.5,1,1,GAGCTTCTTTCCCATCGCTA,0,3577157
tisBp,0.5,1,1,GAGCTGAAAATGAGTCAGAA,0,3560308
tisBp,0.5,1,1,GAGCTACTGGTGAAATGGTC,0,3602117
tisBp,0.5,1,1,GAGCGAGTAGTGCTGCTTGC,0,3567814
tisBp,0.5,1,1,GAGCCCACTGTCGATGGCCT,0,3576627
tisBp,0.5,1,1,GAGATTTTAGATATCTTTAC,0,3583341
tisBp,0.5,1,1,GAGATTTATGTTGAGCGCGA,0,3573589
tisBp,0.5,1,1,GAGATTGCTGCATGGTTCGC,0,3553947
tisBp,0.5,1,1,GAGATCGGCTTCGCCTCGAT,0,3589639
tisBp,0.5,1,1,GAGATCATGGGCGATTGCGG,0,3582202
tisBp,0.5,1,1,GAGAGCAGGTGTCTTTGTTA,0,3560293
tisBp,0.5,1,1,GAGACAGACCAGTCTTGACA,0,3599740
tisBp,0.5,1,1,GAGACACTGAACCAGGTTTA,0,3599719
tisBp,0.5,1,1,GAGACAAGTGTTAGTTAGCA,0,3552874
tisBp,0.5,1,1,GAGAAGGGCATGCGAACCTG,0,3593403
tisBp,0.5,1,1,GAGAACCCGCATGGCATGCT,0,3580046
tisBp,0.5,1,1,GACTTTTTGACAACACTACG,0,3578745
tisBp,0.5,1,1,GACTTGTTGCCGGAAACTCT,0,3542125
tisBp,0.5,1,1,GACTTGGTAAGGAAATGTCA,0,3566895
tisBp,0.5,1,1,GACTTAGCCTCTGAATTCAT,0,3549403
tisBp,0.5,1,1,GACTGTGCGAGTTAGTTGCG,0,3568901
tisBp,0.5,1,1,GACTGGTACCACGGGGATAA,0,3566427
tisBp,0.5,1,1,GACTGGCACCTGGACACATA,0,3560247
tisBp,0.5,1,1,GACTCGCAGAGGGTAGCTAC,0,3566909
tisBp,0.5,1,1,GACTCATATACGTACGGTGT,0,3597357
tisBp,0.5,1,1,GACTCAGCACTAACTATACG,0,3600880
tisBp,0.5,1,1,GACTCAACGCCCGCCTCTGT,0,3560529
tisBp,0.5,1,1,GACTATATGTATTAAGACCA,0,3555190
tisBp,0.5,1,1,GACTACGCCAGCTCAGCCAT,0,3542589
tisBp,0.5,1,1,GACGGTACTTATTGTATTGC,0,3574763
tisBp,0.5,1,1,GACGGGCGGAGCCGGTGAGT,0,3556512
tisBp,0.5,1,1,GACGGACCCGGTTCTGAGAC,0,3602014
tisBp,0.5,1,1,GACGCGCCTCCATATTGCTA,0,3575790
tisBp,0.5,1,1,GACGCAAGGGACCTGCTCAG,0,3600134
tisBp,0.5,1,1,GACCTGCGGGAATTCCACCA,0,3545441
tisBp,0.5,1,1,GACCCGATACGTCTCGGTCA,0,3569961
tisBp,0.5,1,1,GACCCCAGTCATCGCGGCAT,0,3592218
tisBp,0.5,1,1,GACCATATAACGAGGTATCG,0,3600318
tisBp,0.5,1,1,GACCATACCCCAGCCAGCCA,0,3574196
tisBp,0.5,1,1,GACCAGTAGTAAAGTATGAT,0,3557382
tisBp,0.5,1,1,GACCAATGCAGCTAGCAACT,0,3578832
tisBp,0.5,1,1,GACATCCCAGTGCCTAGGAT,0,3564043
tisBp,0.5,1,1,GACAGGTCGAGAATTCACTT,0,3570035
tisBp,0.5,1,1,GACAGCCCGGGATCACCGCC,0,3563418
tisBp,0.5,1,1,GACACGGCGCCCCCGGCTAT,0,3595589
tisBp,0.5,1,1,GACACCAAATGATTACCGCG,0,3587201
tisBp,0.5,1,1,GAATTGAATCATGAATGTAG,0,3565365
tisBp,0.5,1,1,GAATGGAGGGTGGGAGAGCA,0,3551514
tisBp,0.5,1,1,GAATGATCAACCGAGGCCCT,0,3594432
tisBp,0.5,1,1,GAATCGGCGGCTTATTCGAA,0,3595631
tisBp,0.5,1,1,GAATATTCGCGCAACTGTGG,0,3572828
tisBp,0.5,1,1,GAATATCAGTAGAAGGCCGG,0,3566606
tisBp,0.5,1,1,GAATAGCAACGAGATCCAAT,0,3591954
tisBp,0.5,1,1,GAATAGACGGAGACATTTTT,0,3547171
tisBp,0.5,1,1,GAAGTGTCTCCTTGGTGCCG,0,3601753
tisBp,0.5,1,1,GAAGGTTTTTCACATTGGGG,0,3585231
tisBp,0.5,1,1,GAAGGTCGTTGGGGGTTTTT,0,3557287
tisBp,0.5,1,1,GAAGGCCCCTGACCTAGCGG,0,3598193
tisBp,0.5,1,1,GAAGGAAAATAATAACCCAC,0,3586635
tisBp,0.5,1,1,GAAGCTGCCAGAGCCCTTTG,0,3578986
tisBp,0.5,1,1,GAAGCACCCTGCATAGATTT,0,3542601
tisBp,0.5,1,1,GAAGAGTTCCCCTAGTGCAG,0,3541945
tisBp,0.5,1,1,GAAGACGACGCGGACAAATG,0,3596313
tisBp,0.5,1,1,GAAGAATGAGATCGTAGAAG,0,3558163
tisBp,0.5,1,1,GAAGAACGAAGTCAGAAGGC,0,3555588
tisBp,0.5,1,1,GAACTGTTATAGGACGCTAA,0,3547517
tisBp,0.5,1,1,GAACGCGCTTTTCGACTCCG,0,3549341
tisBp,0.5,1,1,GAACCTTTTCGCCCCGCAAT,0,3558096
tisBp,0.5,1,1,GAACATTGGGACGGGAAGGA,0,3578910
tisBp,0.5,1,1,GAACACGTGACTGATTTGGA,0,3585106
tisBp,0.5,1,1,GAAAGCGTGAACATGCAGGT,0,3553977
tisBp,0.5,1,1,GAAACTTAGACCAGCCTTTT,0,3581857
tisBp,0.5,1,1,GAAAAGTCACTGTAGACTAC,0,3542746
tisBp,0.5,1,1,GAAAAAAGCCGACGTCAGCG,0,3546018
tisBp,0.5,1,1,CTTTTCATAGTGGCCATGGC,0,3563910
tisBp,0.5,1,1,CTTTGGATCGGAACCATAGT,0,3556720
tisBp,0.5,1,1,CTTTGAAACTAACGGTCTAG,0,3592071
tisBp,0.5,1,1,CTTTCGTTCATAGTGTCTGT,0,3573870
tisBp,0.5,1,1,CTTTCCCCCCGATATGAGGG,0,3570129
tisBp,0.5,1,1,CTTTCCCATGGTCCCGTTAT,0,3603414
tisBp,0.5,1,1,CTTTATGGCCGCGTTGAGGT,0,3589222
tisBp,0.5,1,1,CTTTATATGTTCCAAGAAGT,0,3589106
tisBp,0.5,1,1,CTTTACGCTACGCTGGGAGC,0,3587183
tisBp,0.5,1,1,CTTTAAGGTATAGTGTGGCT,0,3596271
tisBp,0.5,1,1,CTTGTTTTCCGTATCGTATT,0,3555906
tisBp,0.5,1,1,CTTGTCCGGTTCGACATAGA,0,3583825
tisBp,0.5,1,1,CTTGTCACGTTAGCCCACCG,0,3563942
tisBp,0.5,1,1,CTTGTACGGTCGGGCAAGGA,0,3583125
tisBp,0.5,1,1,CTTGTAAGGGGAATAGCGAG,0,3543390
tisBp,0.5,1,1,CTTGGAGAAATTGTGCAGGT,0,3558325
tisBp,0.5,1,1,CTTGGAAGGGAGCACGCATG,0,3600178
tisBp,0.5,1,1,CTTGCGCTGTGTATGTTTTT,0,3544893
tisBp,0.5,1,1,CTTGCCCGGTGTTTGGCTCC,0,3573258
tisBp,0.5,1,1,CTTGCATATTGGTTCTCCAT,0,3575979
tisBp,0.5,1,1,CTTCTATTATTTAGCGAGTA,0,3545861
tisBp,0.5,1,1,CTTCTAGCACACGATATACT,0,3557143
tisBp,0.5,1,1,CTTCGATGATAGCATGCAGG,0,3573541
tisBp,0.5,1,1,CTTCGAGCCAGGGAAGGGTG,0,3593047
tisBp,0.5,1,1,CTTCCCGGGTAGTATCTAGC,0,3584344
tisBp,0.5,1,1,CTTCCCGCAAAAGGTTGTGT,0,3544539
tisBp,0.5,1,1,CTTCATTTTAAGCGGCATAC,0,3573251
tisBp,0.5,1,1,CTTCATGATGGTCGCCCGTC,0,3596335
tisBp,0.5,1,1,CTTCACATACCACATCCGTG,0,3553125
tisBp,0.5,1,1,CTTATTCCAACATGCAATCT,0,3548619
tisBp,0.5,1,1,CTTAGGGCTTCAACACAGAA,0,3543306
tisBp,0.5,1,1,CTTAGGAGTCGTCGATAAGG,0,3586164
tisBp,0.5,1,1,CTTAGATTTCTTAGCTAGCT,0,3564296
tisBp,0.5,1,1,CTTAGATCAATTACTGCGAT,0,3587291
tisBp,0.5,1,1,CTTACTACCATCGTGGTAGT,0,3592256
tisBp,0.5,1,1,CTTACGGGCAAGTAACTGAC,0,3552581
tisBp,0.5,1,1,CTTACCTTATTGCGGGTGAC,0,3597846
tisBp,0.5,1,1,CTTACATCCGCCAATGTGGG,0,3585932
tisBp,0.5,1,1,CTTAACATCTGAAGTCCTCA,0,3567068
tisBp,0.5,1,1,CTGTTAACGGTAAACACCGA,0,3566242
tisBp,0.5,1,1,CTGTGACACATCCTTGGGGG,0,3554922
tisBp,0.5,1,1,CTGTCAGCTCGGGTGCGTCT,0,3591213
tisBp,0.5,1,1,CTGTCAAGGACCCTCGTATT,0,3575551
tisBp,0.5,1,1,CTGTAGACAGCTGCTGACTT,0,3541936
tisBp,0.5,1,1,CTGTACTACATCCGGGGTTT,0,3559414
tisBp,0.5,1,1,CTGTACCAATCCACGACCCT,0,3575125
tisBp,0.5,1,1,CTGGTCCCATAACATGGTTG,0,3596458
tisBp,0.5,1,1,CTGGGTGTTGAGGACGTCGG,0,3567429
tisBp,0.5,1,1,CTGGCTGGGGGCGGGAGTAC,0,3567661
tisBp,0.5,1,1,CTGGCTAGAAACGGCCCACA,0,3588985
tisBp,0.5,1,1,CTGGCGAGAAGTGCCTGCAG,0,3566835
tisBp,0.5,1,1,CTGGATTCGCTAGAAGTGGG,0,3577492
tisBp,0.5,1,1,CTGGATAGCCTGGACCCATG,0,3575368
tisBp,0.5,1,1,CTGGAGGGGAAAAGGGTAAG,0,3560456
tisBp,0.5,1,1,CTGGACGAAATGACTTTTGT,0,3582762
tisBp,0.5,1,1,CTGGACATTGGCTGCACGAG,0,3599292
tisBp,0.5,1,1,CTGGAACTTCCCGTTTCTGG,0,3595166
tisBp,0.5,1,1,CTGCTATAGCCATATGTAAC,0,3578607
tisBp,0.5,1,1,CTGCTAATGTGCGCCCTTCC,0,3586418
tisBp,0.5,1,1,CTGCTAAGTGTCAGGACGAG,0,3569652
tisBp,0.5,1,1,CTGCGGTGTCATTATGACAG,0,3597512
tisBp,0.5,1,1,CTGCCTTAACCTTGTAAAGC,0,3590596
tisBp,0.5,1,1,CTGCCCGCGCTGCAGCTTAA,0,3552734
tisBp,0.5,1,1,CTGCCACAAGGCTGACATGG,0,3564868
tisBp,0.5,1,1,CTGCACGGACGCTCTGAGCA,0,3599494
tisBp,0.5,1,1,CTGCACAGTCTCGCACCAAC,0,3592980
tisBp,0.5,1,1,CTGCAACTCGAGGGGCAATG,0,3578302
tisBp,0.5,1,1,CTGATGGCAGTTTTAGCAGA,0,3553283
tisBp,0.5,1,1,CTGATAGGGAGTGAGAAAAT,0,3550649
tisBp,0.5,1,1,CTGATAACCTTTCTACCTAA,0,3590663
tisBp,0.5,1,1,CTGATAACATTCCGTTAGGT,0,3602547
tisBp,0.5,1,1,CTGAGTGTATTCTCGATCTT,0,3587728
tisBp,0.5,1,1,CTGAGTCTCGGGCGAGGAGC,0,3593001
tisBp,0.5,1,1,CTGAGGACCCTCCCATTAGG,0,3572887
tisBp,0.5,1,1,CTGACTGAACGTGCATGGAT,0,3601691
tisBp,0.5,1,1,CTGACGGGCTAATGCTAGGG,0,3573766
tisBp,0.5,1,1,CTGACCTCTCAAGTGGTGCT,0,3587536
tisBp,0.5,1,1,CTGAACTAACAAGAGTATGA,0,3561807
tisBp,0.5,1,1,CTGAAACCAGGTTTATGATA,0,3591362
tisBp,0.5,1,1,CTCTTGCATTGGGTCCGGCG,0,3587311
tisBp,0.5,1,1,CTCTTCACGAGCGGTGCTCC,0,3552246
tisBp,0.5,1,1,CTCTTAGCTAACCGGTCACC,0,3581354
tisBp,0.5,1,1,CTCTGTTAGTTGGGGCTGTG,0,3594021
tisBp,0.5,1,1,CTCTGTATGTAAGCAACGCA,0,3574843
tisBp,0.5,1,1,CTCTGGGGAACTTTGAAGCC,0,3553859
tisBp,0.5,1,1,CTCTGGGATCATGTAAATAT,0,3602230
tisBp,0.5,1,1,CTCTGATAGGTCTCCGGTTC,0,3599389
tisBp,0.5,1,1,CTCTCTAGACTTCCATCTAT,0,3574044
tisBp,0.5,1,1,CTCTCAAAGGGACACCGATG,0,3552159
tisBp,0.5,1,1,CTCTAGTTAAATCAGGCGAG,0,3551365
tisBp,0.5,1,1,CTCTAGGAGGTCATACCCCC,0,3567551
tisBp,0.5,1,1,CTCTAGCTTGAGGCATCGGA,0,3560826
tisBp,0.5,1,1,CTCGTTCTTTCACTCTGACA,0,3561315
tisBp,0.5,1,1,CTCGTGGGGGCTAGGAGGGA,0,3588598
tisBp,0.5,1,1,CTCGGGTGATGGAAAGGTAT,0,3555893
tisBp,0.5,1,1,CTCGGGGCTCTGAACATTGA,0,3544219
tisBp,0.5,1,1,CTCGGAGGCTCCATACGAAC,0,3583325
tisBp,0.5,1,1,CTCGCTGTATTGATAGGGGT,0,3576506
tisBp,0.5,1,1,CTCGCAGGGTGGGGGCTGCC,0,3558438
tisBp,0.5,1,1,CTCGATCATTGTTTTATTCG,0,3570518
tisBp,0.5,1,1,CTCCTGACGCCGGCGAATGA,0,3577615
tisBp,0.5,1,1,CTCCTCAGAAGAACTTCAGA,0,3569910
tisBp,0.5,1,1,CTCCTATGGTAGAGCTACAC,0,3544180
tisBp,0.5,1,1,CTCCGGCATTCCGTCGAACC,0,3545518
tisBp,0.5,1,1,CTCCGAGTTCTCTCACACCA,0,3577509
tisBp,0.5,1,1,CTCCCTCGTGCCACCCCTGT,0,3571640
tisBp,0.5,1,1,CTCCCCCGGAAGGGCATTGA,0,3542758
tisBp,0.5,1,1,CTCCCATAAGGCTCATCGTC,0,3597665
tisBp,0.5,1,1,CTCCAACCTGTGACCTTAGC,0,3602507
tisBp,0.5,1,1,CTCAGCCGCTCAAGAAACTA,0,3567721
tisBp,0.5,1,1,CTCACGGTGATCAAGTTCAC,0,3560965
tisBp,0.5,1,1,CTCACGGGCCAAATCAACAG,0,3588278
tisBp,0.5,1,1,CTCACATATAAATATCCTAG,0,3543950
tisBp,0.5,1,1,CTCACAGGTCGTGAGTTTGC,0,3598638
tisBp,0.5,1,1,CTCAATTCGCGGAACAAATC,0,3587801
tisBp,0.5,1,1,CTCAAGCCGCCGCTTCCTAG,0,3565143
tisBp,0.5,1,1,CTCAAGCAGCGAAGAGATTT,0,3554341
tisBp,0.5,1,1,CTATTGGAGCGAGTTGTCTT,0,3565199
tisBp,0.5,1,1,CTATTCGGGTCACTAAACGG,0,3580337
tisBp,0.5,1,1,CTATTCGCTCGCTGTCGCGA,0,3552020
tisBp,0.5,1,1,CTATGGATTCAACCATCCGG,0,3549910
tisBp,0.5,1,1,CTATCGCTATACATTAAACG,0,3592298
tisBp,0.5,1,1,CTATCAATCCCCTTGAGAAT,0,3572394
tisBp,0.5,1,1,CTATACCACAAAAAGGCACA,0,3567662
tisBp,0.5,1,1,CTAGGCGGCCCTTGAAGACC,0,3595054
tisBp,0.5,1,1,CTAGGAAGTCCGAAGCGTAC,0,3548579
tisBp,0.5,1,1,CTAGCCTCATAGTCCGATAG,0,3573976
tisBp,0.5,1,1,CTAGATTTGGCCCGTCAGTC,0,3574024
tisBp,0.5,1,1,CTACTTCTCAAGGTTTCTCG,0,3578903
tisBp,0.5,1,1,CTACTATCCTGAGGCACCAC,0,3592711
tisBp,0.5,1,1,CTACGTCTGCCGGAGGAACT,0,3555910
tisBp,0.5,1,1,CTACGTACGAAAATCCGATG,0,3576075
tisBp,0.5,1,1,CTACCGATGTAAATACGGGT,0,3557549
tisBp,0.5,1,1,CTACATGGTTTTCTTACTCA,0,3557021
tisBp,0.5,1,1,CTACAGTAAGTGTCTCAGAG,0,3564037
tisBp,0.5,1,1,CTACAGCATCAAGGTAGGTG,0,3601830
tisBp,0.5,1,1,CTACAAGGCTTGCTCATTGC,0,3554304
tisBp,0.5,1,1,CTAATGTTCTCGTGCAAAAA,0,3551685
tisBp,0.5,1,1,CTAATGAGGGCCAGGTCTGA,0,3558502
tisBp,0.5,1,1,CTAATATCATGTCACGGATA,0,3547522
tisBp,0.5,1,1,CTAACGGCGTCATACTGCCA,0,3591694
tisBp,0.5,1,1,CTAAATTGGCTGAGGTGTTG,0,3583921
tisBp,0.5,1,1,CTAAATATGAACCCCAGCCA,0,3553574
tisBp,0.5,1,1,CGTTTCCTGTACTACGGTGC,0,3582604
tisBp,0.5,1,1,CGTTGTTCGCTATGCGTAAT,0,3586951
tisBp,0.5,1,1,CGTTGTGGTGTCTAGGCACA,0,3550819
tisBp,0.5,1,1,CGTTGACGTTAATCCGCTTT,0,3590954
tisBp,0.5,1,1,CGTTGAAGCCAACGAATCCA,0,3550280
tisBp,0.5,1,1,CGTTCGGTCCACTCTCTCAG,0,3568299
tisBp,0.5,1,1,CGTTAATCACCCGGTAACAA,0,3542397
tisBp,0.5,1,1,CGTTAACATCACAGTGGATC,0,3543035
tisBp,0.5,1,1,CGTGTGTACAGCTCCGCAGC,0,3587061
tisBp,0.5,1,1,CGTGGGGGAGAGCGTTCAGT,0,3569036
tisBp,0.5,1,1,CGTGGGCTACGCTCTCTATG,0,3573552
tisBp,0.5,1,1,CGTGGATATTCGAATATGCT,0,3570808
tisBp,0.5,1,1,CGTGCATTTTCCGTTTGATT,0,3584628
tisBp,0.5,1,1,CGTGCACATCTCGGGAGTTT,0,3600283
tisBp,0.5,1,1,CGTCTGTCGAATTTATTTCA,0,3603730
tisBp,0.5,1,1,CGTCGGGTCCGGATTTCTTA,0,3571268
tisBp,0.5,1,1,CGTCGAGCTAAGGAAATGCT,0,3578851
tisBp,0.5,1,1,CGTCGAAAATTTCTCAGTGT,0,3585923
tisBp,0.5,1,1,CGTCCTACATCGAATGAGCT,0,3545267
tisBp,0.5,1,1,CGTCATTCCCAACAACGGCG,0,3573631
tisBp,0.5,1,1,CGTCACCATGGCTAACGGCA,0,3572650
tisBp,0.5,1,1,CGTATGAGATAGGTAATTGC,0,3595743
tisBp,0.5,1,1,CGTATCTGCTTGTAGGCATT,0,3564670
tisBp,0.5,1,1,CGTATCGAATTTATCCGTTA,0,3546505
tisBp,0.5,1,1,CGTAGTATACAGGGGCTATA,0,3562866
tisBp,0.5,1,1,CGTAGTACTATCGACCTTGC,0,3587736
tisBp,0.5,1,1,CGTAGTAAGCATCAAGAGTT,0,3544821
tisBp,0.5,1,1,CGTAGGCGGTGGCGCATAAT,0,3574937
tisBp,0.5,1,1,CGTACGCTGCAGAAGTTCAA,0,3588433
tisBp,0.5,1,1,CGTACCTCGAAGTCGCCTGA,0,3570454
tisBp,0.5,1,1,CGTACACTGGAAGAATTTAC,0,3563867
tisBp,0.5,1,1,CGGTTTGCGGCAGCCTCAAA,0,3599240
tisBp,0.5,1,1,CGGTTTATCTTTCACATCTG,0,3571312
tisBp,0.5,1,1,CGGTTTAACAAATTGATATT,0,3546649
tisBp,0.5,1,1,CGGTTGACTCGAGGAGTCCT,0,3586195
tisBp,0.5,1,1,CGGTTCCAGGGTCCGGCAAT,0,3543003
tisBp,0.5,1,1,CGGTGTATACCAACCCGGAT,0,3549765
tisBp,0.5,1,1,CGGTGCGCGTTTACGTCCAC,0,3583395
tisBp,0.5,1,1,CGGTGAATCCATCGTAATCT,0,3580550
tisBp,0.5,1,1,CGGTCTGTCGAATTGGAGTA,0,3581039
tisBp,0.5,1,1,CGGTCTCATCGGATTCGTCG,0,3563015
tisBp,0.5,1,1,CGGTCTACACCCGGTCATGA,0,3571107
tisBp,0.5,1,1,CGGTCGACGCCATAGCAGTT,0,3573484
tisBp,0.5,1,1,CGGTCACTCTATGCTACCCA,0,3564030
tisBp,0.5,1,1,CGGTAGGTTACGATACTATT,0,3550706
tisBp,0.5,1,1,CGGTACGGTTTATGGTACCA,0,3583529
tisBp,0.5,1,1,CGGGTCGGCGGATCGAGCTA,0,3568849
tisBp,0.5,1,1,CGGGTCAAATGTACCGCTGT,0,3586525
tisBp,0.5,1,1,CGGGTAGGAGTGGTCTTAAC,0,3590099
tisBp,0.5,1,1,CGGGCGTTTGTTGCGCACGA,0,3592719
tisBp,0.5,1,1,CGGGCGTAACCATTTGCCTC,0,3545691
tisBp,0.5,1,1,CGGGCCGAGAGGCCTGCATG,0,3598661
tisBp,0.5,1,1,CGGGATAGTTAACCGGCCTG,0,3576550
tisBp,0.5,1,1,CGGGACAGTCTTTCTCATTT,0,3550325
tisBp,0.5,1,1,CGGGACACCGTCCACCCAGT,0,3595018
tisBp,0.5,1,1,CGGCTTGGCCAAGCTGCCAC,0,3572400
tisBp,0.5,1,1,CGGCTCGGTGCGTACCAGTC,0,3572288
tisBp,0.5,1,1,CGGCTATACGCCTCAATTAT,0,3542982
tisBp,0.5,1,1,CGGCGGCTTAGGGCGCAAGA,0,3597395
tisBp,0.5,1,1,CGGCGGCCATAACTGGATGT,0,3543335
tisBp,0.5,1,1,CGGCCCAGTTGCTAGACGTA,0,3550988
tisBp,0.5,1,1,CGGCCATCGTTACGGACAGG,0,3542649
tisBp,0.5,1,1,CGGCATACCGCCTCAATACT,0,3561608
tisBp,0.5,1,1,CGGCAGTCACATTAGTACAA,0,3551861
tisBp,0.5,1,1,CGGCACGTCTGTGTGGGGGG,0,3544955
tisBp,0.5,1,1,CGGCACGAAGTAACGGGGAA,0,3603672
tisBp,0.5,1,1,CGGCACCAGACCTGATGGAC,0,3551034
tisBp,0.5,1,1,CGGCAACGGGACGTTTTAGA,0,3578993
tisBp,0.5,1,1,CGGATGGTCTCGGCTTACCG,0,3597242
tisBp,0.5,1,1,CGGATCGCTTGCAATCCTTG,0,3555280
tisBp,0.5,1,1,CGGACCAGGACTAGAAGTTA,0,3560713
tisBp,0.5,1,1,CGGACAAGGGTATTAGTCGT,0,3563271
tisBp,0.5,1,1,CGCTTTGTCACCAGAATGGG,0,3554603
tisBp,0.5,1,1,CGCTGGCCACGTTTCCCAGA,0,3590166
tisBp,0.5,1,1,CGCTGATTAATCCTAACCGA,0,3547711
tisBp,0.5,1,1,CGCTGATGTGACACCGATTA,0,3594311
tisBp,0.5,1,1,CGCTATTTGCGCTGCAGAGC,0,3564745
tisBp,0.5,1,1,CGCTAGACGCTTCCCGGGCA,0,3603360
tisBp,0.5,1,1,CGCTACGACTAGGTAAAGTA,0,3580573
tisBp,0.5,1,1,CGCGTATGATCGCCCGCTTT,0,3589233
tisBp,0.5,1,1,CGCGGGGCCGTACCGTACGT,0,3555911
tisBp,0.5,1,1,CGCGGCCCCGACCCCCATTC,0,3557631
tisBp,0.5,1,1,CGCGGAGGCTCTCGGGAATG,0,3593025
tisBp,0.5,1,1,CGCGCTGTAAAGCACGGTGC,0,3567153
tisBp,0.5,1,1,CGCGCCAAAGCTTGCAATGC,0,3597848
tisBp,0.5,1,1,CGCGCCAAACGCTTGAGAAC,0,3593589
tisBp,0.5,1,1,CGCGCATGCCTCATTAAGTA,0,3547375
tisBp,0.5,1,1,CGCGCAATCCTTAAAATCGT,0,3573788
tisBp,0.5,1,1,CGCGCAAGGTATAACGAGTC,0,3588331
tisBp,0.5,1,1,CGCGCAAGAAGATGGTCTAG,0,3599082
tisBp,0.5,1,1,CGCGATACGCGACATGTGTT,0,3556595
tisBp,0.5,1,1,CGCGAGGCCATGAAACAACG,0,3574168
tisBp,0.5,1,1,CGCGACCTTTGCCTGAGGAC,0,3596116
tisBp,0.5,1,1,CGCCTTAATCCCTGTCAGCT,0,3592492
tisBp,0.5,1,1,CGCCTCGCACACATAGCGGC,0,3597374
tisBp,0.5,1,1,CGCCTCCCGTTCCCGCGAGC,0,3546171
tisBp,0.5,1,1,CGCCTAGGATTAGCTGTGGG,0,3592812
tisBp,0.5,1,1,CGCCTAGAACGGAATCACAC,0,3591988
tisBp,0.5,1,1,CGCCTACACGTCGGGAAAGA,0,3558170
tisBp,0.5,1,1,CGCCTAAGGTGAGATCAAAC,0,3574491
tisBp,0.5,1,1,CGCCCCCTGACTCGGGTTAC,0,3552353
tisBp,0.5,1,1,CGCATTAGGCTTTACACCTT,0,3595310
tisBp,0.5,1,1,CGCATCGGGGGTACTGGGGT,0,3589445
tisBp,0.5,1,1,CGCATCACCCAGTAAGCATA,0,3573695
tisBp,0.5,1,1,CGCAGGGAGCACAATCAGAG,0,3600955
tisBp,0.5,1,1,CGCAATAGGATGCTTCGCGA,0,3558658
tisBp,0.5,1,1,CGCAATACGCTGTGTTAGGA,0,3570174
tisBp,0.5,1,1,CGCAATAAAGCGCCTCACGC,0,3551748
tisBp,0.5,1,1,CGCAAGGTTTGGATAAAGAA,0,3547426
tisBp,0.5,1,1,CGCAAGGGGAGGTACCTGGA,0,3554267
tisBp,0.5,1,1,CGCAAGCCCGCCCCAAATCG,0,3593077
tisBp,0.5,1,1,CGCAACCCGGTGGGTTGGGC,0,3565708
tisBp,0.5,1,1,CGATGGATCATCACGTTTGG,0,3548532
tisBp,0.5,1,1,CGATGCCTCGGACCGAAGAA,0,3548806
tisBp,0.5,1,1,CGATGAGGGGAGCAGTCCGT,0,3550055
tisBp,0.5,1,1,CGATCTGGTGCGTTTCAGAC,0,3582394
tisBp,0.5,1,1,CGATCCCGCAGACGCGCCAG,0,3559797
tisBp,0.5,1,1,CGATCACTGGGTGCCTTGTC,0,3588890
tisBp,0.5,1,1,CGATCACCAAAAGCCAAGTG,0,3545139
tisBp,0.5,1,1,CGATATGAAAAAGTCCATGC,0,3582639
tisBp,0.5,1,1,CGATAGGATCTCGGTCATGC,0,3562015
tisBp,0.5,1,1,CGAGTCGGGACTGTGTATGA,0,3586057
tisBp,0.5,1,1,CGAGTACCACTGGTGATCGT,0,3565119
tisBp,0.5,1,1,CGAGGTGCAAATCATTCATA,0,3556481
tisBp,0.5,1,1,CGAGGGGCGGTTTGTTCATA,0,3580740
tisBp,0.5,1,1,CGAGGAAGCTCCGACATGAC,0,3601740
tisBp,0.5,1,1,CGAGCTCGCATTTTTATAAC,0,3560358
tisBp,0.5,1,1,CGAGCTAAGGCCGTGATTGT,0,3549606
tisBp,0.5,1,1,CGAGCATTTGTCAGATACTT,0,3602901
tisBp,0.5,1,1,CGAGAATTCGGCCAGGCATA,0,3565598
tisBp,0.5,1,1,CGAGAATAACGGTGGTAGCT,0,3585035
tisBp,0.5,1,1,CGACTTGAATGCGGGTGCTT,0,3560562
tisBp,0.5,1,1,CGACTGACATAGACTACTCA,0,3584122
tisBp,0.5,1,1,CGACAGTAACGCAGTTGCAG,0,3599640
tisBp,0.5,1,1,CGACAGCCAATGTTGCCAAA,0,3574472
tisBp,0.5,1,1,CGACAACCACTTGGCCGTTC,0,3542067
tisBp,0.5,1,1,CGACAAACGCCTACCCTGCC,0,3555988
tisBp,0.5,1,1,CGAATTGCGCCTAGCCATTA,0,3586887
tisBp,0.5,1,1,CGAATTGCATCAAGTGTGTG,0,3600946
tisBp,0.5,1,1,CGAATGAAGGCAGGCGATGT,0,3541412
tisBp,0.5,1,1,CGAATCAGAAACGGAAATCT,0,3554461
tisBp,0.5,1,1,CGAATATCCCTAGTTGGTGA,0,3548408
tisBp,0.5,1,1,CGAAGGATTTTGGAGGAGTA,0,3586966
tisBp,0.5,1,1,CGAAGGAGGCCTTTTAGATA,0,3543016
tisBp,0.5,1,1,CGAACTTTTGGCATATGCAT,0,3593220
tisBp,0.5,1,1,CGAACTTCGTCACACGGAGG,0,3580465
tisBp,0.5,1,1,CGAACGTCATTCTCTGGAGT,0,3545283
tisBp,0.5,1,1,CGAAAGTTTTTTTAGTGGGA,0,3543791
tisBp,0.5,1,1,CGAAAGGACGTGCAGCTGAA,0,3602036
tisBp,0.5,1,1,CGAAACTTACTAGATTGTGC,0,3580196
tisBp,0.5,1,1,CGAAAATCACGGCCAGAGCA,0,3593316
tisBp,0.5,1,1,CGAAAAGCTGGATCCAACAC,0,3562571
tisBp,0.5,1,1,CCTTTAAGTGTGGCACCGTC,0,3603348
tisBp,0.5,1,1,CCTTGTTGACCGTGATATGC,0,3587758
tisBp,0.5,1,1,CCTTGGGCCAACAATGTTTA,0,3545860
tisBp,0.5,1,1,CCTTGGACAGTCGTAACGCT,0,3586447
tisBp,0.5,1,1,CCTTGCGAGAAGCTCTACGA,0,3549196
tisBp,0.5,1,1,CCTTAGCCACACGCCACGAC,0,3566706
tisBp,0.5,1,1,CCTGTTTGGCGCGTGCTCAA,0,3593852
tisBp,0.5,1,1,CCTGTGTACTGAAGTTTGAG,0,3597186
tisBp,0.5,1,1,CCTGTAACTACCTAACGATG,0,3571906
tisBp,0.5,1,1,CCTGGTTCGGCGTCGGCTAC,0,3580457
tisBp,0.5,1,1,CCTGGGCAACTCACGAGGTC,0,3577843
tisBp,0.5,1,1,CCTGCTCAAGATCTAAGTGT,0,3555028
tisBp,0.5,1,1,CCTGCGCGACCCTCGTTTAC,0,3544320
tisBp,0.5,1,1,CCTGAGGGGGAAGCTCACCC,0,3580058
tisBp,0.5,1,1,CCTCTGACCGTATATTCATG,0,3591053
tisBp,0.5,1,1,CCTCTCTCTGTAACGGCAGT,0,3592285
tisBp,0.5,1,1,CCTCTACATGGGAACGGTTA,0,3543486
tisBp,0.5,1,1,CCTCTAAAGTGGCACTACAG,0,3568873
tisBp,0.5,1,1,CCTCGTTAGAATGATATGGC,0,3595365
tisBp,0.5,1,1,CCTCGGTATCGTCGAAGAGA,0,3554236
tisBp,0.5,1,1,CCTCGGAGTCTCTACGCCGT,0,3582438
tisBp,0.5,1,1,CCTCATGGTAAGAAGCGTGA,0,3578984
tisBp,0.5,1,1,CCTCATCGAATCACGTACAT,0,3601344
tisBp,0.5,1,1,CCTAGTGCCGGCAGGCCGCC,0,3548342
tisBp,0.5,1,1,CCTAGCTGTCCCGTCTCTCC,0,3592562
tisBp,0.5,1,1,CCTAGCCAAACCTGGGTCTG,0,3583842
tisBp,0.5,1,1,CCTAGCATCATACTAAGGTT,0,3587036
tisBp,0.5,1,1,CCTACGGCTTTTGGCAAGAA,0,3560482
tisBp,0.5,1,1,CCTAAGACTTGGACGGACGG,0,3570519
tisBp,0.5,1,1,CCTAACTAGATATGACGCCT,0,3590678
tisBp,0.5,1,1,CCTAAATGATAGGTAAATGC,0,3595913
tisBp,0.5,1,1,CCGTTTGGTCTTAAATTTGG,0,3562251
tisBp,0.5,1,1,CCGTTGGAACGGCGCCGTAG,0,3565985
tisBp,0.5,1,1,CCGTCGGGATGATATTCCCA,0,3578951
tisBp,0.5,1,1,CCGTCATCAAATGATTGATG,0,3591963
tisBp,0.5,1,1,CCGTATTCAAGCAGCTACTA,0,3581059
tisBp,0.5,1,1,CCGTAAGCCCGAGTGACTCC,0,3594227
tisBp,0.5,1,1,CCGGTCCGGCAATTGCTTTG,0,3546972
tisBp,0.5,1,1,CCGGTAACATATGTCAACAT,0,3570496
tisBp,0.5,1,1,CCGGGTAAGAATTCCTAGGA,0,3559787
tisBp,0.5,1,1,CCGGGGACGAGTGAGCAGTT,0,3569481
tisBp,0.5,1,1,CCGGGACACAAGTAACGTGG,0,3597533
tisBp,0.5,1,1,CCGGGAATTACTTGCCCTGA,0,3579172
tisBp,0.5,1,1,CCGGCTCAAGTGACCCGTTG,0,3575113
tisBp,0.5,1,1,CCGGCAGCCGGGGTTCGTAA,0,3546671
tisBp,0.5,1,1,CCGGACCTAGACCGGGCCGT,0,3584220
tisBp,0.5,1,1,CCGGAAATTCCGCCGACCGA,0,3588795
tisBp,0.5,1,1,CCGCTCTCTAAATATTCTCC,0,3549200
tisBp,0.5,1,1,CCGCTCGACTGTAGGTATTA,0,3581511
tisBp,0.5,1,1,CCGCTCATAATACGTCCCGC,0,3579271
tisBp,0.5,1,1,CCGCTAACTAGGAAATAGGA,0,3546292
tisBp,0.5,1,1,CCGCGTTAGCAGTAACACGT,0,3587646
tisBp,0.5,1,1,CCGCGGCACACGTGCACAAG,0,3598181
tisBp,0.5,1,1,CCGCGCGGTAAATTTCATAA,0,3550745
tisBp,0.5,1,1,CCGCGCAGGCCTGTAGCCTA,0,3581728
tisBp,0.5,1,1,CCGCATTCCCGATACGTAAA,0,3549849
tisBp,0.5,1,1,CCGCAAGGTTGTAAGTATTC,0,3583706
tisBp,0.5,1,1,CCGCAAATCCGAATGCACGA,0,3554004
tisBp,0.5,1,1,CCGATCGAAGGAACTTGGTC,0,3548246
tisBp,0.5,1,1,CCGACACCCGACTAGACATG,0,3570250
tisBp,0.5,1,1,CCGAATATCAGACCTCGATG,0,3563534
tisBp,0.5,1,1,CCGAAAACTCGCTGTAAAGT,0,3589390
tisBp,0.5,1,1,CCCTTTACATTCTCGGAGCG,0,3585362
tisBp,0.5,1,1,CCCTTGGGGCTATTTTCGGA,0,3569291
tisBp,0.5,1,1,CCCTTCGTTTATTCGAAAGT,0,3559978
tisBp,0.5,1,1,CCCTTATTCGCTCGAGGTGA,0,3598114
tisBp,0.5,1,1,CCCTTATTAATGGACTTGAT,0,3545736
tisBp,0.5,1,1,CCCTGGCCTATCACCTTTAC,0,3586774
tisBp,0.5,1,1,CCCTGATGCGTGTTTTCGTC,0,3559081
tisBp,0.5,1,1,CCCTGAATTGATTAGGGTAG,0,3546338
tisBp,0.5,1,1,CCCTCATTGTAATATAACGT,0,3570951
tisBp,0.5,1,1,CCCTATTGTTGGGGGCGTGT,0,3565982
tisBp,0.5,1,1,CCCGTGGTTTGGTCTTCCGA,0,3547007
tisBp,0.5,1,1,CCCGTGCGGGGCGACGGACA,0,3581391
tisBp,0.5,1,1,CCCGTGCAGGGAGCCGGACA,0,3547505
tisBp,0.5,1,1,CCCGTACTGTTTGGGGGAGA,0,3593575
tisBp,0.5,1,1,CCCGGTCTCCCGCGTCGCTG,0,3546930
tisBp,0.5,1,1,CCCGGGCTGCCTCCAACAGG,0,3578729
tisBp,0.5,1,1,CCCGGCCCGAGGCCTGTATG,0,3560130
tisBp,0.5,1,1,CCCGCTTCCCCGCGTCCTCA,0,3547084
tisBp,0.5,1,1,CCCGCTCGTCCAGAATTACG,0,3545767
tisBp,0.5,1,1,CCCGCACCCGTGACAGGCGT,0,3550757
tisBp,0.5,1,1,CCCGATAAACGCCACGTTCC,0,3543364
tisBp,0.5,1,1,CCCGAACTCAGGCTAGTTTT,0,3577430
tisBp,0.5,1,1,CCCGAACGCGTGTGCTCCTA,0,3561754
tisBp,0.5,1,1,CCCCGTGTGAGGGTGAGTTA,0,3558604
tisBp,0.5,1,1,CCCCGTCTAGACCGGGCAAC,0,3545076
tisBp,0.5,1,1,CCCCGGAAGGCAAGGCAGGG,0,3590091
tisBp,0.5,1,1,CCCCGCGCTCTGGGGGGGTT,0,3566511
tisBp,0.5,1,1,CCCCGATTGGCTTAGCCGCC,0,3597507
tisBp,0.5,1,1,CCCCGACAATTTGGTCTCCA,0,3575550
tisBp,0.5,1,1,CCCCCTTCGATCTACATCGA,0,3603024
tisBp,0.5,1,1,CCCCCTCATGTCGCCGGGTT,0,3571736
tisBp,0.5,1,1,CCCCCCAGTGCTCGCGTCGG,0,3547843
tisBp,0.5,1,1,CCCCCACACCTGAGACTCTA,0,3547292
tisBp,0.5,1,1,CCCCCAAGGCCACTGGTAGG,0,3596568
tisBp,0.5,1,1,CCCCATGTTTGACGGAAAGG,0,3548958
tisBp,0.5,1,1,CCCCATAAGCTCAAGGCGGT,0,3553427
tisBp,0.5,1,1,CCCATGCATGTGCTATCCTC,0,3574241
tisBp,0.5,1,1,CCCAGTCTTAAGCAACGAAT,0,3556203
tisBp,0.5,1,1,CCCAGTAGTAGAGCCGCTGG,0,3590617
tisBp,0.5,1,1,CCCAGAAAGCCACTTCTCGT,0,3563278
tisBp,0.5,1,1,CCCACCATCTGACTGCAGCG,0,3595201
tisBp,0.5,1,1,CCCAACAGCGTCCCCAAAGA,0,3591274
tisBp,0.5,1,1,CCCAAACTTAGATATCGGAC,0,3559931
tisBp,0.5,1,1,CCCAAACCGTTTGCCTTAAC,0,3549298
tisBp,0.5,1,1,CCCAAAAGCTATGGGTTCAG,0,3583671
tisBp,0.5,1,1,CCATTTCGTCATGACTCCTC,0,3577161
tisBp,0.5,1,1,CCATTGCGTCGATAGTTCCC,0,3544077
tisBp,0.5,1,1,CCATTATTTCAGTGAGCCTA,0,3602855
tisBp,0.5,1,1,CCATTATCTGCGGTTGCAGG,0,3561640
tisBp,0.5,1,1,CCATTAATCTGGGAATCAGA,0,3593382
tisBp,0.5,1,1,CCATCTTACATTATATACGT,0,3564212
tisBp,0.5,1,1,CCATCTCTCCTTAAGTGAAG,0,3547073
tisBp,0.5,1,1,CCATCATGCGAGCGGTTAGC,0,3588055
tisBp,0.5,1,1,CCATATAACGGCGGAGCTTC,0,3588221
tisBp,0.5,1,1,CCAGTTATTAATATTAGACC,0,3578074
tisBp,0.5,1,1,CCAGGCAACTTCCGGAAATA,0,3591460
tisBp,0.5,1,1,CCAGCTAAAACTTAGACTGC,0,3557044
tisBp,0.5,1,1,CCAGATTCAGTCGGGGTCTA,0,3597081
tisBp,0.5,1,1,CCACTTTAGAAAACTTTTAA,0,3581575
tisBp,0.5,1,1,CCACCTGTCTCACTATAGAT,0,3591889
tisBp,0.5,1,1,CCACCCACAATATATAGAGA,0,3567090
tisBp,0.5,1,1,CCACCAACCCTCGCAAATAC,0,3557824
tisBp,0.5,1,1,CCACAGGTGGCGGGATACCA,0,3599363
tisBp,0.5,1,1,CCACAAACTACGACCCCTTA,0,3572646
tisBp,0.5,1,1,CCAATTCGCCCGACCAGCCA,0,3551303
tisBp,0.5,1,1,CCAATTATCCGTCTTTTGTA,0,3546458
tisBp,0.5,1,1,CCAATATGATCGAGAGAGAC,0,3582818
tisBp,0.5,1,1,CCAAGACCATTTCCTATGCA,0,3586396
tisBp,0.5,1,1,CCAACTAGCCTGATGGACCG,0,3570498
tisBp,0.5,1,1,CCAACAACGCAGCTTACATT,0,3577511
tisBp,0.5,1,1,CCAAATACCCATGCGCTTGC,0,3574700
tisBp,0.5,1,1,CCAAAATAAGTCTTCCTCGT,0,3548829
tisBp,0.5,1,1,CCAAAAAGCAGCTATCTTAT,0,3552202
tisBp,0.5,1,1,CATTGTTATATCAGTGACAG,0,3580334
tisBp,0.5,1,1,CATTGGAATAGGTGTGGACC,0,3551233
tisBp,0.5,1,1,CATTGCCCCTCATAATCTGA,0,3560045
tisBp,0.5,1,1,CATTCGTGAACCGCAGCGGC,0,3559483
tisBp,0.5,1,1,CATTCGGACCTTTCTGTTGC,0,3548412
tisBp,0.5,1,1,CATTCGATATCGCAATCAGA,0,3583258
tisBp,0.5,1,1,CATTCCGAGATACAGTGGTC,0,3597956
tisBp,0.5,1,1,CATTAGCATCCGGGACATCC,0,3603544
tisBp,0.5,1,1,CATTACGCATGCCCGGGCGC,0,3564429
tisBp,0.5,1,1,CATGTTTGATCGCACTGGTC,0,3567358
tisBp,0.5,1,1,CATGTTAAATTCTCTCAGTC,0,3595653
tisBp,0.5,1,1,CATGTGTCAAGGACTCACCC,0,3593646
tisBp,0.5,1,1,CATGTCCGTTTTACCACGGC,0,3570521
tisBp,0.5,1,1,CATGTAACCGCCCGCGCTAT,0,3567995
tisBp,0.5,1,1,CATGGTACGCCGGGGATCCT,0,3545354
tisBp,0.5,1,1,CATGGCGGCGTCGGGTCGGA,0,3567363
tisBp,0.5,1,1,CATGGAGTAAACGGAATAGT,0,3565761
tisBp,0.5,1,1,CATGCGACGTATTGACATTC,0,3561497
tisBp,0.5,1,1,CATGCCGAAAGTGAAATTGG,0,3601930
tisBp,0.5,1,1,CATGATATACTTGGGGGGCT,0,3593717
tisBp,0.5,1,1,CATCTTAGTTTCTCACCGGA,0,3559180
tisBp,0.5,1,1,CATCTCGGCTAAAGATTCTC,0,3587922
tisBp,0.5,1,1,CATCGGTCCAGAACTCTTAT,0,3565393
tisBp,0.5,1,1,CATCGGGGGTTATCATCCCC,0,3572167
tisBp,0.5,1,1,CATCGCTTCTGGATTCCAGG,0,3547044
tisBp,0.5,1,1,CATCGCGACTAACGCAGTGA,0,3592127
tisBp,0.5,1,1,CATCGAAGTGCGGACAACGG,0,3565953
tisBp,0.5,1,1,CATCCTTTTTTTCGAGTCTG,0,3563005
tisBp,0.5,1,1,CATCAGGTTACAAATTGGCA,0,3577044
tisBp,0.5,1,1,CATCAAATTCGCTGGCGACA,0,3601903
tisBp,0.5,1,1,CATATCAGCTTATAATCCAA,0,3601343
tisBp,0.5,1,1,CATATACGGAGGAGCAAACG,0,3577678
tisBp,0.5,1,1,CATAGTACGGCAGAGTATAA,0,3560333
tisBp,0.5,1,1,CATAGCGGAAGAGGGGGGGT,0,3548710
tisBp,0.5,1,1,CATACCTATACTAGATGGTT,0,3561618
tisBp,0.5,1,1,CATACCGCAAGTCCAGTTAT,0,3571502
tisBp,0.5,1,1,CATACCCATATACGGTCGCG,0,3560676
tisBp,0.5,1,1,CATACATGCGGACAGGGAAA,0,3601216
tisBp,0.5,1,1,CATACAGAGCTTAGGTCTTG,0,3589938
tisBp,0.5,1,1,CATAAGATCGATGGGTTCCT,0,3563652
tisBp,0.5,1,1,CATAACTGGCACATCTCCGA,0,3571129
tisBp,0.5,1,1,CAGTTGCGGTCCTGCGCGTT,0,3597039
tisBp,0.5,1,1,CAGTTATTAAACAGGCGGGG,0,3543417
tisBp,0.5,1,1,CAGTTAGCCCGCGTCGCTTC,0,3587970
tisBp,0.5,1,1,CAGTGTCGGTGAAAGTGCTT,0,3571124
tisBp,0.5,1,1,CAGTGACGTCAACAAGTCAA,0,3591861
tisBp,0.5,1,1,CAGTAATACAGGAGCTGGCG,0,3600288
tisBp,0.5,1,1,CAGTAACGGGCCGCAGGAAG,0,3577010
tisBp,0.5,1,1,CAGGTGGTGTTTGATACCCG,0,3594398
tisBp,0.5,1,1,CAGGTGCGTAACGTAGGTAC,0,3550857
tisBp,0.5,1,1,CAGGTCATACCGACGATTGT,0,3565284
tisBp,0.5,1,1,CAGGTCAACAAACTTACCTC,0,3589508
tisBp,0.5,1,1,CAGGGTTAAAGTAAACAAGA,0,3567570
tisBp,0.5,1,1,CAGGGTAACATATCTGATAC,0,3585594
tisBp,0.5,1,1,CAGGGGTCCAAATTAGCGGA,0,3553738
tisBp,0.5,1,1,CAGGGGCTAGGGACCCACTG,0,3598551
tisBp,0.5,1,1,CAGGGGCCACATTGTTTAGC,0,3569717
tisBp,0.5,1,1,CAGGGCGCCGTCTGGTTAGG,0,3579886
tisBp,0.5,1,1,CAGGCTGTCTTTACAGATTT,0,3598740
tisBp,0.5,1,1,CAGGCAGTCCACACGGTTCT,0,3542603
tisBp,0.5,1,1,CAGGCACCTTTGGGGAGACG,0,3575715
tisBp,0.5,1,1,CAGCTTTTATAATTAGCTAG,0,3596884
tisBp,0.5,1,1,CAGCTATCGCAGATGTACAT,0,3545528
tisBp,0.5,1,1,CAGCGTTGTATGTCCTAGAA,0,3546956
tisBp,0.5,1,1,CAGCGGTAGCCGAGCTCGGC,0,3601225
tisBp,0.5,1,1,CAGCGCCCAAGAAAGGAGAT,0,3542221
tisBp,0.5,1,1,CAGCCGCCGTATCTTGCTAA,0,3603250
tisBp,0.5,1,1,CAGCCCCGGTATATAAGAAA,0,3586200
tisBp,0.5,1,1,CAGCCACCGCTGTGCGGACG,0,3546479
tisBp,0.5,1,1,CAGCCAAACATTGGGACACA,0,3561291
tisBp,0.5,1,1,CAGCATTTCGATAAGGATTA,0,3547449
tisBp,0.5,1,1,CAGCAGTTCAAAGCGACAAA,0,3580135
tisBp,0.5,1,1,CAGCACTCTTGGATTGTATT,0,3560877
tisBp,0.5,1,1,CAGCACCAGGGACACAATGT,0,3592508
tisBp,0.5,1,1,CAGCAAATCAGTTAAGGATG,0,3579970
tisBp,0.5,1,1,CAGATGGAAATTTTGGGTAC,0,3550276
tisBp,0.5,1,1,CAGATGCGTGTTTAGGGAGA,0,3574803
tisBp,0.5,1,1,CAGAGGTTCAACGGGGACCA,0,3567988
tisBp,0.5,1,1,CAGAGGTATTTACTGAATCT,0,3557276
tisBp,0.5,1,1,CAGAGGATCTCCTACGTACA,0,3554243
tisBp,0.5,1,1,CAGAGCTTCAGTAGTCAAAG,0,3570007
tisBp,0.5,1,1,CAGACTACGGGGCCCTTCCT,0,3587818
tisBp,0.5,1,1,CAGACAAACTTCATGATGAT,0,3551793
tisBp,0.5,1,1,CAGAAAGCAAACAGATGTAA,0,3600139
tisBp,0.5,1,1,CACTTTAGTTCGGTAGAGCC,0,3562916
tisBp,0.5,1,1,CACTTCTTTGAGATGGTCGT,0,3568286
tisBp,0.5,1,1,CACTTCTGGGAGGCACGCAG,0,3550655
tisBp,0.5,1,1,CACTTCACTAATTGAACCTG,0,3576656
tisBp,0.5,1,1,CACTGGCAACTTCACGGAGC,0,3588601
tisBp,0.5,1,1,CACTCGCGTTGATACATCGC,0,3562094
tisBp,0.5,1,1,CACTCCCGAGCATTCCGTGG,0,3565513
tisBp,0.5,1,1,CACTCACAAAGTCTCTGCGA,0,3552529
tisBp,0.5,1,1,CACTCAAGTCGAGGGATGAA,0,3546957
tisBp,0.5,1,1,CACTAGGCCTCTATCTAATT,0,3600877
tisBp,0.5,1,1,CACTACGGCTGCTAGCGGTC,0,3542483
tisBp,0.5,1,1,CACGTTGGCCTAGGAGCTCA,0,3574579
tisBp,0.5,1,1,CACGTTATGCTAATAAGAAC,0,3546882
tisBp,0.5,1,1,CACGTTAGTCAGGATCCAAT,0,3570875
tisBp,0.5,1,1,CACGTGGCAAGCAGTTATTG,0,3599043
tisBp,0.5,1,1,CACGTGATACAGGTATATGA,0,3557508
tisBp,0.5,1,1,CACGTCAGTCGCAACGATTC,0,3596307
tisBp,0.5,1,1,CACGGTGTAGAGGGTAATGC,0,3564505
tisBp,0.5,1,1,CACGGCCGTGCGTCACCGCC,0,3600775
tisBp,0.5,1,1,CACGGCCCCTACACTAGGGC,0,3553441
tisBp,0.5,1,1,CACGGATCCCAACTGAGGGA,0,3560063
tisBp,0.5,1,1,CACGCGGTCTCAATGGCGTC,0,3601207
tisBp,0.5,1,1,CACGCGGACCCCAGTTTTGA,0,3569303
tisBp,0.5,1,1,CACGACTTACCCAAGGATAG,0,3590633
tisBp,0.5,1,1,CACCTGTGCCCCCTTAATCG,0,3564906
tisBp,0.5,1,1,CACCGTAGCTAGAAGGTAGG,0,3580702
tisBp,0.5,1,1,CACCGGTGTCATGAGAGACA,0,3577653
tisBp,0.5,1,1,CACCGGACTGCCTACTTAAG,0,3594406
tisBp,0.5,1,1,CACCGCTAATACAACACAAA,0,3554346
tisBp,0.5,1,1,CACCGAGAAAGATTAGATTC,0,3590478
tisBp,0.5,1,1,CACCCTCGGCGTTATACCTG,0,3555598
tisBp,0.5,1,1,CACCCAACTTATTGAACCAA,0,3555429
tisBp,0.5,1,1,CACCAGATACAGGCTTATAA,0,3581779
tisBp,0.5,1,1,CACCACTTGTCATCCGGTTA,0,3542737
tisBp,0.5,1,1,CACATCAAAGGTTAAACGTG,0,3548594
tisBp,0.5,1,1,CACATATCCTATCTCCTACT,0,3545072
tisBp,0.5,1,1,CACATAAGTGGCGCATGTCT,0,3587071
tisBp,0.5,1,1,CACAGCATCTAACATTGAGC,0,3562795
tisBp,0.5,1,1,CACAGATCACAAGAGGGCGA,0,3601306
tisBp,0.5,1,1,CACACCTCAATTCGTCCCGT,0,3556170
tisBp,0.5,1,1,CACAATATCGACACGCCCCC,0,3557405
tisBp,0.5,1,1,CACAAGTTGCCCGTGTATTG,0,3563284
tisBp,0.5,1,1,CACAAAACCTACGCCTGAAC,0,3556544
tisBp,0.5,1,1,CAATTTTGGCTAATTCGGCC,0,3602243
tisBp,0.5,1,1,CAATTTAGCCCCGGAAGGTA,0,3549145
tisBp,0.5,1,1,CAATTCGTAAAAACTGCGTT,0,3560173
tisBp,0.5,1,1,CAATGTTCGGCGACTACCCA,0,3554699
tisBp,0.5,1,1,CAATGTCACGAAGAGGCGAG,0,3587041
tisBp,0.5,1,1,CAATGCGTCGGCACTGCGAG,0,3591371
tisBp,0.5,1,1,CAATGCGCATCCAAACTTGC,0,3545348
tisBp,0.5,1,1,CAATCGACCTTAGGTCTGAT,0,3586816
tisBp,0.5,1,1,CAATCCTCTAGAGGGCGACC,0,3554240
tisBp,0.5,1,1,CAATCAGATTGAAGTTTCCA,0,3594421
tisBp,0.5,1,1,CAATACAGGGATAAATAACC,0,3563353
tisBp,0.5,1,1,CAATAATTGTAGGACATATT,0,3554625
tisBp,0.5,1,1,CAATAACATTAGGCAACGTT,0,3574948
tisBp,0.5,1,1,CAAGTTCTCGCAAATATATT,0,3575362
tisBp,0.5,1,1,CAAGTGTGACTCGCCATGCG,0,3553511
tisBp,0.5,1,1,CAAGTGTCAAATGTCAAACG,0,3557453
tisBp,0.5,1,1,CAAGTCTTCCTAACCCCCTT,0,3583380
tisBp,0.5,1,1,CAAGTCGCTCCGCGACGGCC,0,3602554
tisBp,0.5,1,1,CAAGTCACGCAGACCGGAGT,0,3581233
tisBp,0.5,1,1,CAAGGTATAGTGGCATGGAC,0,3585368
tisBp,0.5,1,1,CAAGGCAACATAGTACGCTG,0,3592014
tisBp,0.5,1,1,CAAGCGCGAAGTCGAAACTG,0,3553533
tisBp,0.5,1,1,CAACTTAGATCTGTATATTA,0,3548634
tisBp,0.5,1,1,CAACTCTATAATAGCGTGAA,0,3555787
tisBp,0.5,1,1,CAACGGGAAGACTATCATTT,0,3583308
tisBp,0.5,1,1,CAACCTCGGGTATAGAATTC,0,3561387
tisBp,0.5,1,1,CAACCGGACGATAGGTAGGC,0,3594155
tisBp,0.5,1,1,CAACCCACGGTAACTGCGTT,0,3562307
tisBp,0.5,1,1,CAACAGACGAGTACGTACGA,0,3588859
tisBp,0.5,1,1,CAACACGCTATGTCTAGTAT,0,3568871
tisBp,0.5,1,1,CAACAAGGACCTCATAATCT,0,3556600
tisBp,0.5,1,1,CAAATGGTGCAACTGGGGTT,0,3566058
tisBp,0.5,1,1,CAAATCTTTTTTCGGGCTGG,0,3590959
tisBp,0.5,1,1,CAAATACGCTTGTTAGCTGA,0,3545832
tisBp,0.5,1,1,CAAATACCAGCAGGGAGTTG,0,3585942
tisBp,0.5,1,1,CAAAGTTTAGAACCTTCTAC,0,3549333
tisBp,0.5,1,1,CAAAGGGCCTTTGTTACAAG,0,3596323
tisBp,0.5,1,1,CAAAGGCAGAGAGATGGCTA,0,3547710
tisBp,0.5,1,1,CAAAGCGCGTCAGTCTGCAT,0,3563822
tisBp,0.5,1,1,CAAAGACACGGTGTTCGTGT,0,3592097
tisBp,0.5,1,1,CAAAATCCCGGTGAATATCG,0,3543847
tisBp,0.5,1,1,CAAAAAGAGGAGTAACTGTG,0,3544740
tisBp,0.5,1,1,ATTTTTTTCTGTTGTATGAC,0,3601385
tisBp,0.5,1,1,ATTTTCTAGCAGTCGTACTC,0,3553009
tisBp,0.5,1,1,ATTTTCCAGGCACTCTCCTT,0,3561038
tisBp,0.5,1,1,ATTTTATTATCCATGGTCTA,0,3553186
tisBp,0.5,1,1,ATTTTATGCTGGAAGTCCGC,0,3577414
tisBp,0.5,1,1,ATTTGTGTAGATGTTCGTCG,0,3582855
tisBp,0.5,1,1,ATTTGGCGGCCACCTGGATG,0,3562440
tisBp,0.5,1,1,ATTTGATTCAAAGACAGGCC,0,3568239
tisBp,0.5,1,1,ATTTGATCTAAGACGATTGT,0,3557966
tisBp,0.5,1,1,ATTTGAAAGGCTTGTGAACA,0,3581941
tisBp,0.5,1,1,ATTTCCAGCCCCTTCCCGGT,0,3577686
tisBp,0.5,1,1,ATTTATGAGTCTTCAGAGAC,0,3573264
tisBp,0.5,1,1,ATTTATAGATCCAAATCGTT,0,3545534
tisBp,0.5,1,1,ATTTAATGCAATCGCACCTC,0,3561493
tisBp,0.5,1,1,ATTTAATAAGCTTTAGATTC,0,3595845
tisBp,0.5,1,1,ATTTAAGCGCCCTTTAACTG,0,3573734
tisBp,0.5,1,1,ATTGTATTGCTCCCGCGGAG,0,3544506
tisBp,0.5,1,1,ATTGGGTGACTAATCTCAAC,0,3563783
tisBp,0.5,1,1,ATTGCTCCCGCGAAGAGTCA,0,3542381
tisBp,0.5,1,1,ATTGATGGTTAAGACGCTTA,0,3585721
tisBp,0.5,1,1,ATTGATAAAGCTTCAGTGCT,0,3581358
tisBp,0.5,1,1,ATTGAGTCACGTAGATTGCT,0,3590528
tisBp,0.5,1,1,ATTGACAGCCGCGACTGCCG,0,3563878
tisBp,0.5,1,1,ATTCTTTGGGACCACTTAGA,0,3557491
tisBp,0.5,1,1,ATTCTTTCGCTGGTACCGTA,0,3588188
tisBp,0.5,1,1,ATTCTGCCTGTGATCCGTGC,0,3575777
tisBp,0.5,1,1,ATTCTCGCCCCGGCACAGCA,0,3553360
tisBp,0.5,1,1,ATTCTATCTAAGCAGCTCGA,0,3542478
tisBp,0.5,1,1,ATTCTAGTTTCTTTAAGGCA,0,3597481
tisBp,0.5,1,1,ATTCGTTTACGTGCAGACAC,0,3574433
tisBp,0.5,1,1,ATTCGTGTCAGAAATAGCAC,0,3587351
tisBp,0.5,1,1,ATTCGGAACGATTTAGGTAT,0,3587370
tisBp,0.5,1,1,ATTCGAGTGTTTGAATAGCC,0,3603727
tisBp,0.5,1,1,ATTCATGCCACATTTCTCGA,0,3548321
tisBp,0.5,1,1,ATTCAAGGAAATCCTAAATG,0,3588277
tisBp,0.5,1,1,ATTCAAACCCACCCAGCTAT,0,3578071
tisBp,0.5,1,1,ATTATCGATGAATAACTCAG,0,3546265
tisBp,0.5,1,1,ATTAGGGGATGCATCCACGA,0,3557030
tisBp,0.5,1,1,ATTAGGCACACCAAGGACCA,0,3591947
tisBp,0.5,1,1,ATTAAAATGTCGGCCACCGT,0,3564340
tisBp,0.5,1,1,ATGTTGATAAGGGTCTCCGG,0,3570646
tisBp,0.5,1,1,ATGTTAATGCCTTTCGCAAA,0,3564567
tisBp,0.5,1,1,ATGTTAATAGCCATTTAGTT,0,3584881
tisBp,0.5,1,1,ATGTCTGCAACGACGTCCGT,0,3552623
tisBp,0.5,1,1,ATGTCCGCTGGGGCCGGATT,0,3576498
tisBp,0.5,1,1,ATGTCAACAAAAGAGTACTG,0,3575042
tisBp,0.5,1,1,ATGTAGCGTTCCGCTCGACT,0,3574226
tisBp,0.5,1,1,ATGTAATGGTACGGTTCCAT,0,3561859
tisBp,0.5,1,1,ATGGTGAAGCGGCGCGTTGC,0,3599521
tisBp,0.5,1,1,ATGGTCATTCGTGGGCCTAA,0,3559402
tisBp,0.5,1,1,ATGGGCTAGATTTTATGCTG,0,3548223
tisBp,0.5,1,1,ATGGGAACTTGGTGGCTCGG,0,3542360
tisBp,0.5,1,1,ATGGCGCTCTCTGATGGTCA,0,3574342
tisBp,0.5,1,1,ATGGCAGAAGGGATCGAGTT,0,3564983
tisBp,0.5,1,1,ATGGATCTCAACTACGGCCT,0,3584523
tisBp,0.5,1,1,ATGGAACTCTATGGGATGAC,0,3575820
tisBp,0.5,1,1,ATGCTTGAGAAGCGCACCAT,0,3566017
tisBp,0.5,1,1,ATGCTGCAACTAGGTGAGTT,0,3576713
tisBp,0.5,1,1,ATGCACGCAATCTGTGCTTG,0,3558708
tisBp,0.5,1,1,ATGCACACTCTCTAGAGATG,0,3566287
tisBp,0.5,1,1,ATGATTTGAAACGTCAAGTG,0,3583859
tisBp,0.5,1,1,ATGATTACCTCCTTTCGGTC,0,3565765
tisBp,0.5,1,1,ATGATCGAAAACACTTGATA,0,3582101
tisBp,0.5,1,1,ATGATAATCTAGTTAGTGAA,0,3561814
tisBp,0.5,1,1,ATGAGTTAACATGGGAGTCT,0,3544820
tisBp,0.5,1,1,ATGACTTTACCTCCTCCGAC,0,3542965
tisBp,0.5,1,1,ATGACCCTGTGGATAAATCA,0,3543741
tisBp,0.5,1,1,ATGAATTGCGTCACCTCTGT,0,3553363
tisBp,0.5,1,1,ATCTTGGTGGATCATCTCGC,0,3544829
tisBp,0.5,1,1,ATCTTCCCGCCTGAGCATTA,0,3575129
tisBp,0.5,1,1,ATCTTAAACAGGCTACCAGC,0,3565755
tisBp,0.5,1,1,ATCTGGCCAACATAAGTATT,0,3585930
tisBp,0.5,1,1,ATCTGCCCTGACATATTTGG,0,3556814
tisBp,0.5,1,1,ATCTCGTGCCGTAGATGGTG,0,3568636
tisBp,0.5,1,1,ATCTCGTACTGGTACCGCAA,0,3599003
tisBp,0.5,1,1,ATCTCGTAAATAACAAAGAC,0,3577016
tisBp,0.5,1,1,ATCTAGGAGAATCGAGCCTT,0,3544209
tisBp,0.5,1,1,ATCGTTGTATTACATCTCGG,0,3562670
tisBp,0.5,1,1,ATCGTGCCAGCAAAATGAGT,0,3569829
tisBp,0.5,1,1,ATCGTCAGCGACGCTGTTCC,0,3581326
tisBp,0.5,1,1,ATCGGGGACTACCGAGTTAT,0,3576519
tisBp,0.5,1,1,ATCGGGCATCGCAAGCAATT,0,3597305
tisBp,0.5,1,1,ATCGGGACCTTTTGTGACGT,0,3582881
tisBp,0.5,1,1,ATCGGCTACACGGGACATGC,0,3603715
tisBp,0.5,1,1,ATCGCTGTTCTTTGCCGGGG,0,3541680
tisBp,0.5,1,1,ATCGCGGTAGGAGGTTCTGA,0,3545184
tisBp,0.5,1,1,ATCGATCCCTGTAGTATGAT,0,3566040
tisBp,0.5,1,1,ATCGAGGGAAATTACCTCGC,0,3585485
tisBp,0.5,1,1,ATCGACATCTGGCAAGCGTA,0,3562818
tisBp,0.5,1,1,ATCCTGCGAATCGTCGAACG,0,3586689
tisBp,0.5,1,1,ATCCTACCAACCTAGGTATA,0,3585717
tisBp,0.5,1,1,ATCCGTGTTATTACGGTCCG,0,3563866
tisBp,0.5,1,1,ATCCGTGAGTAGTTGACATT,0,3581550
tisBp,0.5,1,1,ATCCGTCTGAACCATTCTTG,0,3549565
tisBp,0.5,1,1,ATCCGTAAGAACCAGAGGAC,0,3600021
tisBp,0.5,1,1,ATCCGGTTGGCTTTCACTTT,0,3557751
tisBp,0.5,1,1,ATCCGGAATTGACCGGATGT,0,3556401
tisBp,0.5,1,1,ATCCCTGTGGTGTGCTTTCC,0,3556813
tisBp,0.5,1,1,ATCCCGCCATCCTGTACATC,0,3586614
tisBp,0.5,1,1,ATCCCAAATATATAACGGAC,0,3574223
tisBp,0.5,1,1,ATCCACGGCGAGAAAAGCTT,0,3599009
tisBp,0.5,1,1,ATCATGTAAGTCAACGGAAC,0,3595195
tisBp,0.5,1,1,ATCATGAGATTGATCGCGCG,0,3603358
tisBp,0.5,1,1,ATCATAGCGAGGCCTCAGAC,0,3586701
tisBp,0.5,1,1,ATCAGAGAGTGATAACCTGT,0,3562829
tisBp,0.5,1,1,ATCACGTAAATCCTCGGTTA,0,3545599
tisBp,0.5,1,1,ATCAATTTTCTAGTGTCTAG,0,3561891
tisBp,0.5,1,1,ATCAAGGCAAGTCGTTTGAT,0,3578698
tisBp,0.5,1,1,ATCAAGCAACCGAGCTTATT,0,3561931
tisBp,0.5,1,1,ATCAACACTGAAATCCAGGT,0,3576620
tisBp,0.5,1,1,ATATTGGACGAATGCCAGGG,0,3571713
tisBp,0.5,1,1,ATATTGCCTAGTGCCCCGAG,0,3591897
tisBp,0.5,1,1,ATATTCAACAAGCTATTTAC,0,3573215
tisBp,0.5,1,1,ATATCGTAGATTAAGGAACA,0,3549344
tisBp,0.5,1,1,ATATCGGAACAGCTCAAATT,0,3585386
tisBp,0.5,1,1,ATATCATGTCTTACTGCACC,0,3548570
tisBp,0.5,1,1,ATATCAAGATCCTTGTTCTA,0,3584393
tisBp,0.5,1,1,ATAGTGTTGGATTGGGCCTA,0,3586739
tisBp,0.5,1,1,ATAGCTAGTGGTGTGCTGTT,0,3585033
tisBp,0.5,1,1,ATAGCCAACGCATAGGGTGT,0,3576374
tisBp,0.5,1,1,ATAGCCAACCTTACACCGCA,0,3576166
tisBp,0.5,1,1,ATAGCAGCTCGTTGCCTGGA,0,3572785
tisBp,0.5,1,1,ATAGAGTGTGGATACTGATC,0,3589474
tisBp,0.5,1,1,ATAGAGACGCACGCGGTTAC,0,3565558
tisBp,0.5,1,1,ATACTTGTGAAATGCTTTCC,0,3543532
tisBp,0.5,1,1,ATACGCTACTAAAATTTCAA,0,3560923
tisBp,0.5,1,1,ATACGCTAATGCGAGTAGAT,0,3561683
tisBp,0.5,1,1,ATACCTCGGTATGCGCAAGT,0,3547462
tisBp,0.5,1,1,ATACCTCGAAGCTGTTTAGT,0,3554852
tisBp,0.5,1,1,ATACCTAGTGGTGTAAATTA,0,3569845
tisBp,0.5,1,1,ATACCGAATCTACAGTCCTC,0,3583036
tisBp,0.5,1,1,ATACCATAGATCCCGGTATA,0,3547343
tisBp,0.5,1,1,ATACATCGAATAAGAGAGGG,0,3562051
tisBp,0.5,1,1,ATACAGGGCAAAGGGCCCTT,0,3544948
tisBp,0.5,1,1,ATACAAGGGGTAGAGTGACG,0,3571213
tisBp,0.5,1,1,ATACAACCCCACGTTGCTGA,0,3570894
tisBp,0.5,1,1,ATACAAAAATGTCAAAGACT,0,3564093
tisBp,0.5,1,1,ATAATGGAGTGGACGGCATG,0,3590371
tisBp,0.5,1,1,ATAATCACACTAAAACGTAT,0,3592272
tisBp,0.5,1,1,ATAATAAAGATCGGGCCGCG,0,3588536
tisBp,0.5,1,1,ATAAGGAAGGTAACGCATTT,0,3561759
tisBp,0.5,1,1,ATAACGGGGTCCACGCTCAC,0,3545516
tisBp,0.5,1,1,AGTTTAGCGAAAGTAAGCAA,0,3554818
tisBp,0.5,1,1,AGTTTACATTGGGACAAGGA,0,3594767
tisBp,0.5,1,1,AGTTGGTAGGGTACACCAGT,0,3582352
tisBp,0.5,1,1,AGTTGGTACAAGACAGGCTT,0,3584758
tisBp,0.5,1,1,AGTTGGGTTCGATGCTAAGA,0,3578308
tisBp,0.5,1,1,AGTTGGGTCATGTCCCGGAG,0,3564072
tisBp,0.5,1,1,AGTTGGGTATATGTGAATTC,0,3564055
tisBp,0.5,1,1,AGTTGCCGAATGGGGCCTAT,0,3575274
tisBp,0.5,1,1,AGTTCTGCCGAGAAGGAGTC,0,3550876
tisBp,0.5,1,1,AGTTCCGGCATCAACAGATG,0,3543717
tisBp,0.5,1,1,AGTGTTGTACTGGTCGCGGT,0,3575561
tisBp,0.5,1,1,AGTGTTCGCGACGGGTGGTG,0,3599430
tisBp,0.5,1,1,AGTGTGGGGGGAAACCAGTA,0,3560820
tisBp,0.5,1,1,AGTGGTGGGTAGACCCAACA,0,3546090
tisBp,0.5,1,1,AGTGGCAAGATCTCCTACAC,0,3576299
tisBp,0.5,1,1,AGTGCGTGTACTAGCCATAG,0,3565844
tisBp,0.5,1,1,AGTGCCTACTCCAAGTACAC,0,3593484
tisBp,0.5,1,1,AGTGCAGGTCTCACTCGAAC,0,3587154
tisBp,0.5,1,1,AGTGAATCAGGTTTTGACGA,0,3553754
tisBp,0.5,1,1,AGTCTGTGAGGCATATCTTC,0,3561818
tisBp,0.5,1,1,AGTCTGTATACACAGGAGCC,0,3599761
tisBp,0.5,1,1,AGTCTGCTACTTGAATCGCT,0,3577224
tisBp,0.5,1,1,AGTCTACCGTCAGGGACGCC,0,3564718
tisBp,0.5,1,1,AGTCGCGCTGTGGGTCGACT,0,3543105
tisBp,0.5,1,1,AGTCGATCGAATCCTACATT,0,3569595
tisBp,0.5,1,1,AGTCCTGGGATTGGATGGAA,0,3547732
tisBp,0.5,1,1,AGTCCGGAGATCAAATCGAG,0,3567659
tisBp,0.5,1,1,AGTCCCTATCTTGAAATGTT,0,3573930
tisBp,0.5,1,1,AGTCATCAGCTTAAAGGCTC,0,3545502
tisBp,0.5,1,1,AGTCAACTAATCTGAAGGTA,0,3542591
tisBp,0.5,1,1,AGTATGGTCTCCCGTTAACG,0,3598775
tisBp,0.5,1,1,AGTATGCTAATCGATCAAGA,0,3603044
tisBp,0.5,1,1,AGTATCCAGGAACTTCCGCT,0,3563844
tisBp,0.5,1,1,AGTAGGGCACTCAAAGAGCC,0,3586998
tisBp,0.5,1,1,AGTAGAGATCGCGCCGAGGT,0,3603327
tisBp,0.5,1,1,AGTACTGCCTAACAAACAAA,0,3584978
tisBp,0.5,1,1,AGTACTAGGTTCTAAGTCCC,0,3546692
tisBp,0.5,1,1,AGTAATCGGGTGTTCTTTTG,0,3589157
tisBp,0.5,1,1,AGGTTTGAATGCGGACAGCT,0,3578802
tisBp,0.5,1,1,AGGTTGTCCGGTACCGTCGT,0,3547385
tisBp,0.5,1,1,AGGTTGCATAGTGGGGAGCA,0,3603600
tisBp,0.5,1,1,AGGTTAGTGAGGGGCTCGCC,0,3558860
tisBp,0.5,1,1,AGGTGCTCAGTCATGGTGTC,0,3592447
tisBp,0.5,1,1,AGGTATCGCCGTGGTCGAAA,0,3546808
tisBp,0.5,1,1,AGGTATCGCAGACCCTTTGT,0,3593662
tisBp,0.5,1,1,AGGTATCCTGTAGATGATCA,0,3562084
tisBp,0.5,1,1,AGGTATCCGTGCAGCCGGAT,0,3588888
tisBp,0.5,1,1,AGGTATAAGTTAACCCGGTC,0,3553560
tisBp,0.5,1,1,AGGTACTGTGGGGATTATCC,0,3556415
tisBp,0.5,1,1,AGGTACATGGAGTCCCCTGA,0,3570703
tisBp,0.5,1,1,AGGTAAAAATGCGGAATTTG,0,3556915
tisBp,0.5,1,1,AGGGTTCCCCTGATGGAGTA,0,3556475
tisBp,0.5,1,1,AGGGTGTCAAGTACGGGCGT,0,3571820
tisBp,0.5,1,1,AGGGTGCTTTCAGGGGTATC,0,3573379
tisBp,0.5,1,1,AGGGTGCAGGCATAAAGATA,0,3591356
tisBp,0.5,1,1,AGGGTCAAGATCCGGGCGCA,0,3549211
tisBp,0.5,1,1,AGGGTACTGTCTTCGTAATG,0,3545100
tisBp,0.5,1,1,AGGGGTCTCTCGGTTAACGC,0,3563727
tisBp,0.5,1,1,AGGGGGGGTCCAACTGAACG,0,3583134
tisBp,0.5,1,1,AGGGCTTGGTGCTTGTCCCA,0,3601149
tisBp,0.5,1,1,AGGGCACCCGCCTGGCCCCT,0,3568589
tisBp,0.5,1,1,AGGGATCGTAATTTAGTTTA,0,3586370
tisBp,0.5,1,1,AGGGACAGGCTCGGTATAGG,0,3595844
tisBp,0.5,1,1,AGGGAATTGCGCAACACCGT,0,3597098
tisBp,0.5,1,1,AGGGAATAAATTGACTGTTC,0,3542171
tisBp,0.5,1,1,AGGCTCGCGGGATCAAATCC,0,3585974
tisBp,0.5,1,1,AGGCTAGTCAGGTAGGAAGT,0,3585903
tisBp,0.5,1,1,AGGCGGCCACTGTCATGATG,0,3556581
tisBp,0.5,1,1,AGGCGGACGGAATTAAGCGA,0,3583028
tisBp,0.5,1,1,AGGCGGAATGCGCGTATTGG,0,3598828
tisBp,0.5,1,1,AGGCGAGATGCCTCTGGGTA,0,3582395
tisBp,0.5,1,1,AGGCGAAGAGGTGGCCTAAA,0,3564982
tisBp,0.5,1,1,AGGCCTTCCCTAAGAGGGAT,0,3564747
tisBp,0.5,1,1,AGGCCGCAATGTCGCACCTG,0,3579198
tisBp,0.5,1,1,AGGCCAATGATATCTTCAAT,0,3545377
tisBp,0.5,1,1,AGGCACGTTACAGGTACTGT,0,3566046
tisBp,0.5,1,1,AGGCACACCAGGTGACCCTA,0,3572651
tisBp,0.5,1,1,AGGATTCGATGACAGTGGTG,0,3599052
tisBp,0.5,1,1,AGGATTAAAGTTTACGGAAA,0,3588582
tisBp,0.5,1,1,AGGATCGAGAACGACGCGGC,0,3559238
tisBp,0.5,1,1,AGGATCACAGCAGTTTGGGG,0,3574369
tisBp,0.5,1,1,AGGATATTTAACTATTTTTC,0,3590217
tisBp,0.5,1,1,AGGAGTTCCGCACGTCCTTA,0,3560615
tisBp,0.5,1,1,AGGAGGACTCCAGAACACTC,0,3547501
tisBp,0.5,1,1,AGGAGATGAATCTGAGTAAC,0,3543984
tisBp,0.5,1,1,AGGACTTTGATGTCGTTTCT,0,3584004
tisBp,0.5,1,1,AGCTTGACAATTACTAAATT,0,3585217
tisBp,0.5,1,1,AGCTTGAAGGGAGAATCAAT,0,3549907
tisBp,0.5,1,1,AGCTGATTGCACCGTGCGTT,0,3542935
tisBp,0.5,1,1,AGCTGAAATTTTGATCCTGG,0,3571054
tisBp,0.5,1,1,AGCTCCGGAAGTTGAGGGTC,0,3598238
tisBp,0.5,1,1,AGCTCCATGGGCCAAAAAGT,0,3571780
tisBp,0.5,1,1,AGCTATCGGGTTCATCAAAA,0,3542441
tisBp,0.5,1,1,AGCTACGATTGCCAAATACA,0,3565264
tisBp,0.5,1,1,AGCTACCCGTTGATCAACAA,0,3559096
tisBp,0.5,1,1,AGCTAATTACCCCTGTGATC,0,3602697
tisBp,0.5,1,1,AGCGTTTAAGACTGGGAGAG,0,3544598
tisBp,0.5,1,1,AGCGTGTCCCAGCCCCGTAA,0,3542131
tisBp,0.5,1,1,AGCGTCCGGTACTAGACTTG,0,3594160
tisBp,0.5,1,1,AGCGTAGTCCGCCCGTATCT,0,3594250
tisBp,0.5,1,1,AGCGGGCGTATAGTTCGAAC,0,3581216
tisBp,0.5,1,1,AGCGCTTAACGGGTGTGGGG,0,3598478
tisBp,0.5,1,1,AGCGCAAGAGTCGTCGTACT,0,3563367
tisBp,0.5,1,1,AGCGAAATCGTTAAACGATA,0,3566804
tisBp,0.5,1,1,AGCCGTGACCTCGCGAAGCC,0,3571376
tisBp,0.5,1,1,AGCCGTAGGCGGCGAACTTC,0,3561894
tisBp,0.5,1,1,AGCCGGGTCCATTTAGTACT,0,3547507
tisBp,0.5,1,1,AGCCGAAGGTGAGCAAACGT,0,3573642
tisBp,0.5,1,1,AGCCCTTCTGCAAATGATAA,0,3552209
tisBp,0.5,1,1,AGCCCACGGCGCCTCGCAGT,0,3587909
tisBp,0.5,1,1,AGCCAGATCCTGTGAGGATT,0,3544366
tisBp,0.5,1,1,AGCCAGACATTACACTAGGT,0,3564033
tisBp,0.5,1,1,AGCCAACATCAGCACACACA,0,3594866
tisBp,0.5,1,1,AGCATTACCACCACCAACGT,0,3574149
tisBp,0.5,1,1,AGCATGCAACAGCGCTTGCG,0,3569590
tisBp,0.5,1,1,AGCAGGTATGGCGAGGCCTT,0,3569787
tisBp,0.5,1,1,AGCAGGGTTCAATAGTATCT,0,3542756
tisBp,0.5,1,1,AGCAGCTCGATATATACATT,0,3560704
tisBp,0.5,1,1,AGCAGAGATCGTAGCCGTGA,0,3596604
tisBp,0.5,1,1,AGCACGCTAGGGTCAGTGCA,0,3559925
tisBp,0.5,1,1,AGCAAGGGAGCAGCTCGGTG,0,3561617
tisBp,0.5,1,1,AGCAACCTTATCGTTAAATT,0,3572242
tisBp,0.5,1,1,AGATTTTTCGCTTATGGGCA,0,3556526
tisBp,0.5,1,1,AGATTTGCATGTATGCGTCT,0,3592650
tisBp,0.5,1,1,AGATTAACGTACACCTCTCA,0,3588786
tisBp,0.5,1,1,AGATATGGGGATCACCAGGA,0,3567636
tisBp,0.5,1,1,AGATAGAACATGGGATCCGA,0,3571178
tisBp,0.5,1,1,AGATAAAGTGCGAATTGATA,0,3589497
tisBp,0.5,1,1,AGAGCTGGATTCCTTATAAT,0,3582688
tisBp,0.5,1,1,AGAGCGATGTCCTAGCAGTC,0,3558651
tisBp,0.5,1,1,AGAGCCCAAAAGGGGGATTG,0,3572955
tisBp,0.5,1,1,AGAGCATTCCGAGAGTGTAC,0,3546733
tisBp,0.5,1,1,AGAGACTTAGGTGTCCCCTA,0,3552324
tisBp,0.5,1,1,AGAGAATGTTTACTTCAAAA,0,3584335
tisBp,0.5,1,1,AGACCGAAATGATGAATGCA,0,3595421
tisBp,0.5,1,1,AGACCAACGATTAATGTAGC,0,3575588
tisBp,0.5,1,1,AGACATGTCACGCTTTGATT,0,3561943
tisBp,0.5,1,1,AGAATGCAGTTACCTGCCGT,0,3583023
tisBp,0.5,1,1,AGAATGATCCGTCTCTATCG,0,3554447
tisBp,0.5,1,1,AGAATATAAATAGCTCCATG,0,3570721
tisBp,0.5,1,1,AGAATACCCTCCTCTGAAGC,0,3548525
tisBp,0.5,1,1,AGAAGTCAGCCTTTGTCCGC,0,3548923
tisBp,0.5,1,1,AGAAGAGGAGCGAGCTTTAC,0,3564712
tisBp,0.5,1,1,AGAACTGACGCAAAGTATGG,0,3561632
tisBp,0.5,1,1,AGAACCGTGGATTGGCACAA,0,3549115
tisBp,0.5,1,1,AGAAAGATTAATGAAGGTTT,0,3595616
tisBp,0.5,1,1,ACTTTTGCTGATTAGCGTGA,0,3585828
tisBp,0.5,1,1,ACTTTGGAGGCGACACAAAC,0,3565971
tisBp,0.5,1,1,ACTTCGGTCTTCTACAACGT,0,3598025
tisBp,0.5,1,1,ACTTCAGATATTACTTTCCA,0,3551766
tisBp,0.5,1,1,ACTGGGAGCGCAGGGCACAT,0,3598692
tisBp,0.5,1,1,ACTGGCCTTATTTTGGTATT,0,3600022
tisBp,0.5,1,1,ACTGGATGGGCACCATAAAC,0,3601143
tisBp,0.5,1,1,ACTGCTTCCACACTGTATGT,0,3576781
tisBp,0.5,1,1,ACTGCGTACCCAGTACCTTT,0,3553084
tisBp,0.5,1,1,ACTGCCCTCCGAACGCCAGA,0,3600723
tisBp,0.5,1,1,ACTGCATTGATGCAGAGAAG,0,3574154
tisBp,0.5,1,1,ACTCTCTAATTGGTATGCGG,0,3550090
tisBp,0.5,1,1,ACTCGACACCCATTCAACTC,0,3541930
tisBp,0.5,1,1,ACTCGAACCTCACGTCCCTC,0,3603700
tisBp,0.5,1,1,ACTCCTGATTGATTTCGGGA,0,3548927
tisBp,0.5,1,1,ACTCCGTCAGACAGCGTCCC,0,3603552
tisBp,0.5,1,1,ACTCCGAAGCGGCCATAAGT,0,3556785
tisBp,0.5,1,1,ACTCCCCGTCAACATCCACC,0,3567071
tisBp,0.5,1,1,ACTCCAGATTACGGCCTATA,0,3596788
tisBp,0.5,1,1,ACTCATATAATCGAGTTTGA,0,3545521
tisBp,0.5,1,1,ACTCATAGTAGTGGCCTATC,0,3578970
tisBp,0.5,1,1,ACTCAGGCTCTAAATGCAAT,0,3596019
tisBp,0.5,1,1,ACTCAGATGTATTCCAAAAT,0,3584174
tisBp,0.5,1,1,ACTATGTTGCGTCAACAATG,0,3582163
tisBp,0.5,1,1,ACTATCCGGCAGCCACAGAG,0,3549197
tisBp,0.5,1,1,ACTATCAGATTGATCGTCCC,0,3585727
tisBp,0.5,1,1,ACTAGCCGGTGTTTTCACTG,0,3559993
tisBp,0.5,1,1,ACTACCGGTCCTGTGCCTCG,0,3586948
tisBp,0.5,1,1,ACTACACGACTTACTGAAGC,0,3593654
tisBp,0.5,1,1,ACTAATCAAGATGGTCCAGA,0,3555065
tisBp,0.5,1,1,ACTAAAAAAGCGGAACGTAA,0,3603508
tisBp,0.5,1,1,ACGTGTGTACCGCGTGTGTT,0,3542848
tisBp,0.5,1,1,ACGTGGAGGAGAGGTGTATG,0,3564257
tisBp,0.5,1,1,ACGTGCCCCCGGGCCTTGCT,0,3597224
tisBp,0.5,1,1,ACGTCGAGCAAATTTTCCGT,0,3549547
tisBp,0.5,1,1,ACGTCAGATACTGCCGCACA,0,3590836
tisBp,0.5,1,1,ACGTACTCACAAAGTAATGA,0,3578457
tisBp,0.5,1,1,ACGGTTGGTCATGTACGTTA,0,3576800
tisBp,0.5,1,1,ACGGTTAATTGCGCATTGAG,0,3582849
tisBp,0.5,1,1,ACGGTGTTACCGATACATCC,0,3563007
tisBp,0.5,1,1,ACGGTCTAGACGCAGTTGAT,0,3552438
tisBp,0.5,1,1,ACGGGTTCGTGGATGCGATA,0,3566905
tisBp,0.5,1,1,ACGGGTACCTGGATTGTCCG,0,3543233
tisBp,0.5,1,1,ACGGGGGGAGAATTGTACCT,0,3561093
tisBp,0.5,1,1,ACGGGGGCGAGGCCACTGTT,0,3587976
tisBp,0.5,1,1,ACGGGCATCACAACGCGGCA,0,3568869
tisBp,0.5,1,1,ACGGGAGGATTGGTCCTTCT,0,3569419
tisBp,0.5,1,1,ACGGCTCTAGTTCGTTGCCA,0,3575454
tisBp,0.5,1,1,ACGGCGTGAATGCGCCATTG,0,3573636
tisBp,0.5,1,1,ACGGCGCTAAAAACGGCCCT,0,3547641
tisBp,0.5,1,1,ACGGCCAGTCTTCCTTGAAT,0,3584860
tisBp,0.5,1,1,ACGCTGATGTCTTCCTGGTC,0,3576071
tisBp,0.5,1,1,ACGCTCTAAACCCACTTTAA,0,3560229
tisBp,0.5,1,1,ACGCTAGCGGCGATAGGTCA,0,3599425
tisBp,0.5,1,1,ACGCGATCAATCTACCTACG,0,3601351
tisBp,0.5,1,1,ACGCCGGTTTACATACATGG,0,3596883
tisBp,0.5,1,1,ACGCCGGTATATTGTTCACA,0,3602954
tisBp,0.5,1,1,ACGCCGGAGTGTGAGACAAA,0,3542847
tisBp,0.5,1,1,ACGCACCTACTATACCAGTG,0,3592213
tisBp,0.5,1,1,ACGATTCCCTGTCAAAGTCT,0,3555922
tisBp,0.5,1,1,ACGATACGCGAATCTTAGAG,0,3569396
tisBp,0.5,1,1,ACGATAAGTGCGAGAGGACC,0,3603830
tisBp,0.5,1,1,ACGAGTTGTCCGCTCATCAT,0,3573184
tisBp,0.5,1,1,ACGAGTATATGGCTAGTATC,0,3583069
tisBp,0.5,1,1,ACGAGCAGAACTATATATGG,0,3541682
tisBp,0.5,1,1,ACGAGATTGGTACCGTGAGC,0,3553563
tisBp,0.5,1,1,ACGACGTCCAGTGTAAAATA,0,3548162
tisBp,0.5,1,1,ACGACGCAAAATGCCTCAGA,0,3546377
tisBp,0.5,1,1,ACGACAGAAACCATCGGTCT,0,3592674
tisBp,0.5,1,1,ACGAAGGGCGGAAGTGTGCT,0,3572635
tisBp,0.5,1,1,ACGAACTTTTACCGGAAGGT,0,3603895
tisBp,0.5,1,1,ACGAACCGGAGATGTCCAAG,0,3586241
tisBp,0.5,1,1,ACCTTATATATTGGCACTCT,0,3544231
tisBp,0.5,1,1,ACCTGTATTCAAAAATGAGT,0,3550146
tisBp,0.5,1,1,ACCTGCCCTGCGGATTGGTA,0,3542842
tisBp,0.5,1,1,ACCTGCCCGGAGGGTCACAC,0,3569772
tisBp,0.5,1,1,ACCTGACTTGCTATCCCCCA,0,3568050
tisBp,0.5,1,1,ACCTCACCCGTTGATTGGGG,0,3545561
tisBp,0.5,1,1,ACCGTTTGTATAGAACGCGC,0,3568732
tisBp,0.5,1,1,ACCGTTTGGGAGAAGACCAA,0,3544696
tisBp,0.5,1,1,ACCGTTGGAACTAACCATGC,0,3585897
tisBp,0.5,1,1,ACCGTTATGTTGCTAGTGAC,0,3563215
tisBp,0.5,1,1,ACCGTGGTGTCACAATTTTA,0,3581294
tisBp,0.5,1,1,ACCGTGGTCCCTCATACTGC,0,3554938
tisBp,0.5,1,1,ACCGTAAGGCGTGCTCGTTC,0,3591891
tisBp,0.5,1,1,ACCGGGGTAGGGAGGGTGTA,0,3582387
tisBp,0.5,1,1,ACCGGCGGGGTCACGACATC,0,3555171
tisBp,0.5,1,1,ACCGCTGTCCGGAGGATGCC,0,3561227
tisBp,0.5,1,1,ACCGCCGGAGACGGCGTGAC,0,3586738
tisBp,0.5,1,1,ACCGAGGGGTTGTCTGGGAG,0,3555067
tisBp,0.5,1,1,ACCGAGGAAATCGCGATTCG,0,3599531
tisBp,0.5,1,1,ACCCTCCCGGTATGGCTAAT,0,3555139
tisBp,0.5,1,1,ACCCTAATTAGTAGACTCTG,0,3597331
tisBp,0.5,1,1,ACCCGTAGCATCCCGTCTCT,0,3553279
tisBp,0.5,1,1,ACCCGGGGACAGCGGCACCC,0,3549052
tisBp,0.5,1,1,ACCCGACCAGGTTAAAAAAA,0,3565588
tisBp,0.5,1,1,ACCCCGATCAAAAAGGGTTC,0,3577922
tisBp,0.5,1,1,ACCCCCTTGTGCTTGCAGAA,0,3580618
tisBp,0.5,1,1,ACCCCCGGAGGGGGTTTACA,0,3570984
tisBp,0.5,1,1,ACCCAACAGGCTGCAAGTCT,0,3602801
tisBp,0.5,1,1,ACCATGGTATGCGACTCTAC,0,3554310
tisBp,0.5,1,1,ACCATCCATATCCGGGCAAT,0,3588616
tisBp,0.5,1,1,ACCATAACCCCTTGAACTTT,0,3557291
tisBp,0.5,1,1,ACCACGCCTTCTACCCACGG,0,3576647
tisBp,0.5,1,1,ACCACCGTGCCTATCAACAT,0,3598448
tisBp,0.5,1,1,ACCAAACTGTGTTTCTGACC,0,3546452
tisBp,0.5,1,1,ACATTGCTGGGCCATGAGGG,0,3575925
tisBp,0.5,1,1,ACATTCTGTCACGCGTATCA,0,3553491
tisBp,0.5,1,1,ACATTCGCTCCGCGGGCTGC,0,3560929
tisBp,0.5,1,1,ACATTATACACAAATTGGTA,0,3575451
tisBp,0.5,1,1,ACATTAGACCGACGAGCCAG,0,3593101
tisBp,0.5,1,1,ACATTACCTACATGTCATCA,0,3542084
tisBp,0.5,1,1,ACATGTAGGGCAAGTTCCTC,0,3587726
tisBp,0.5,1,1,ACATGGTTCAGTTGCAGCTT,0,3591258
tisBp,0.5,1,1,ACATCTAGGGAACCCTATTT,0,3589416
tisBp,0.5,1,1,ACATATTAATGGGGGGATTA,0,3572871
tisBp,0.5,1,1,ACATAGGGACTACGGGGTTT,0,3577045
tisBp,0.5,1,1,ACATAGCTCAGATCGACCAA,0,3597915
tisBp,0.5,1,1,ACATACTAAGGAGTCTGTTT,0,3576486
tisBp,0.5,1,1,ACATAAAGAAAGTCTGTTAT,0,3591776
tisBp,0.5,1,1,ACAGTTTGCCACGTCGGAGT,0,3575514
tisBp,0.5,1,1,ACAGTCAGACGTGTGCCGAA,0,3590313
tisBp,0.5,1,1,ACAGTAAGAGTACTCAATTA,0,3590368
tisBp,0.5,1,1,ACAGGTAGGCTCGCGGATCA,0,3549136
tisBp,0.5,1,1,ACAGGCCACGCAAAACGGCA,0,3602195
tisBp,0.5,1,1,ACAGGAGGGCGCATCTTCAG,0,3587574
tisBp,0.5,1,1,ACAGCTCATTCTGTATGCTT,0,3548623
tisBp,0.5,1,1,ACAGCTATAGCATCTATATT,0,3586257
tisBp,0.5,1,1,ACAGATTGTCTTGTCGTGTC,0,3597715
tisBp,0.5,1,1,ACAGACTAGGGCTTTCAGAG,0,3597644
tisBp,0.5,1,1,ACAGACTAGACACAGTGGAA,0,3548689
tisBp,0.5,1,1,ACAGACGTCCCCGCGGGTCT,0,3578070
tisBp,0.5,1,1,ACAGAAGGCTAAAAAGATTA,0,3550340
tisBp,0.5,1,1,ACACTTAGTTGATAACGCCT,0,3561489
tisBp,0.5,1,1,ACACTCCTGTACAAAGCCTA,0,3552262
tisBp,0.5,1,1,ACACGCTGCGTCACTGAGGT,0,3564536
tisBp,0.5,1,1,ACACCGGAACTCTGGGCCTA,0,3595402
tisBp,0.5,1,1,ACACCGATAATATCCGGAGT,0,3586785
tisBp,0.5,1,1,ACAAGCTTCTGCCGGACAAG,0,3546541
tisBp,0.5,1,1,ACAAGCCTAATGTATTGAAC,0,3565757
tisBp,0.5,1,1,ACAAGAGATTAGCAGACAAT,0,3588422
tisBp,0.5,1,1,ACAACGTGCCTCGTCGAACG,0,3555547
tisBp,0.5,1,1,ACAACGCGGCCTATTCATGT,0,3579544
tisBp,0.5,1,1,ACAACCTAAGACGACTCACG,0,3551051
tisBp,0.5,1,1,ACAAATATAGAACCCTATTT,0,3583387
tisBp,0.5,1,1,ACAAACACATAACTCCCAAG,0,3572854
tisBp,0.5,1,1,ACAAAAGTGGCGAGGTTCGG,0,3564700
tisBp,0.5,1,1,AATTTTCGGCGGGGCAACTC,0,3556167
tisBp,0.5,1,1,AATTTGCCTCGGATGCGCAT,0,3582510
tisBp,0.5,1,1,AATTCAACGCGCGGTTATGA,0,3547083
tisBp,0.5,1,1,AATTCAACCGGCGTAAGTAT,0,3583555
tisBp,0.5,1,1,AATTAATCGTATCCACCCGT,0,3584444
tisBp,0.5,1,1,AATGTTGTCTGGCGGGCAAA,0,3591796
tisBp,0.5,1,1,AATGTGCACCTGTTACATTG,0,3582424
tisBp,0.5,1,1,AATGCGGGTCACAGTTCCTG,0,3602787
tisBp,0.5,1,1,AATGCCCTACCCAGGGCTAA,0,3541875
tisBp,0.5,1,1,AATGCATTTGGCTTGTCAGG,0,3553425
tisBp,0.5,1,1,AATGCAGCTTCCTCCCCGGT,0,3580441
tisBp,0.5,1,1,AATCTTGTGTACTGAGGTCA,0,3543744
tisBp,0.5,1,1,AATCGGTTGGTTTCCCTTAC,0,3570526
tisBp,0.5,1,1,AATCGGGTAGGTGGGAAGAG,0,3548712
tisBp,0.5,1,1,AATCCATCTGTGCTCGTGCT,0,3562674
tisBp,0.5,1,1,AATCAGCCGTGGGTTTCGGT,0,3571983
tisBp,0.5,1,1,AATATTACTCCCTCCCGGAT,0,3596209
tisBp,0.5,1,1,AATATGCCGGTTCGAGTGAG,0,3572503
tisBp,0.5,1,1,AATAGTCAATCTTTTTAAAG,0,3546651
tisBp,0.5,1,1,AATAGAGCTCTTGGCGACCC,0,3574080
tisBp,0.5,1,1,AATACAACGGCCTGCTGGCG,0,3592401
tisBp,0.5,1,1,AATAAGCCCGAGCATGTGTG,0,3586113
tisBp,0.5,1,1,AATAAAGCCCGCTTGCGGTG,0,3572228
tisBp,0.5,1,1,AAGTTTGATGCTATCTTAAT,0,3552255
tisBp,0.5,1,1,AAGTGTTTTGACGGGCCGAA,0,3560716
tisBp,0.5,1,1,AAGTGTGTACACTTTTTACA,0,3561151
tisBp,0.5,1,1,AAGTGTGAGCAGCGAAAGTT,0,3571262
tisBp,0.5,1,1,AAGTCACCTACATGGGTCGT,0,3586615
tisBp,0.5,1,1,AAGTAAAGAAGTATAGTGTC,0,3583316
tisBp,0.5,1,1,AAGGTTTTCACCCAGGGACT,0,3570126
tisBp,0.5,1,1,AAGGGTTGTACGCGTTGGGA,0,3569258
tisBp,0.5,1,1,AAGGGTAGTTGGCATCTGAA,0,3558505
tisBp,0.5,1,1,AAGGGGTATGGTATCGATAA,0,3552798
tisBp,0.5,1,1,AAGGGGCACAGTATAGCCTT,0,3556035
tisBp,0.5,1,1,AAGGGCGATACAGGGGGCAA,0,3580996
tisBp,0.5,1,1,AAGGCTTTCTCGGTGCCATG,0,3544667
tisBp,0.5,1,1,AAGGCCGTCAACCATGGCGA,0,3550301
tisBp,0.5,1,1,AAGGCCGATATGCGGGTCCA,0,3573277
tisBp,0.5,1,1,AAGGCCAGCTAAATCAAGTT,0,3572282
tisBp,0.5,1,1,AAGGCACTCGAGATGGTCAT,0,3572161
tisBp,0.5,1,1,AAGGATCTAGCTTCTGCAAG,0,3544370
tisBp,0.5,1,1,AAGGACCGGCAGATCCTAAC,0,3557732
tisBp,0.5,1,1,AAGGAAGTGGCGATGGTTAC,0,3571701
tisBp,0.5,1,1,AAGCGTAGGTAGGATGGTTT,0,3586211
tisBp,0.5,1,1,AAGCGGGGTACCCCCAGCGG,0,3561639
tisBp,0.5,1,1,AAGCGGGACGAGACACTGCC,0,3569388
tisBp,0.5,1,1,AAGCGGGAAAGCAGCTGCAT,0,3541578
tisBp,0.5,1,1,AAGCGGCTTCGGTCCCACAC,0,3570455
tisBp,0.5,1,1,AAGCCGGCGGACTCGAGGAA,0,3592684
tisBp,0.5,1,1,AAGCAGTCTTGGGAGACGAG,0,3576113
tisBp,0.5,1,1,AAGCAAACAAAAGACCGCAG,0,3546679
tisBp,0.5,1,1,AAGATGCGCTCGGGGGTTAG,0,3569370
tisBp,0.5,1,1,AAGATCTAAGAACCTTTGTG,0,3601211
tisBp,0.5,1,1,AAGATATGTGAAAGGCGGCA,0,3573229
tisBp,0.5,1,1,AAGAGGAAATACTAAAGCGT,0,3546546
tisBp,0.5,1,1,AAGAGCTTAGGGCCGATATA,0,3556048
tisBp,0.5,1,1,AAGAGCCAATGCGAACCCCC,0,3554879
tisBp,0.5,1,1,AAGAGAGCCTTCCTGTAGGC,0,3590228
tisBp,0.5,1,1,AAGACTTATGGGAGGTTACG,0,3583885
tisBp,0.5,1,1,AAGACTGGAATACCTCCAGT,0,3578754
tisBp,0.5,1,1,AAGACGGGGTCCGTATCGAC,0,3577645
tisBp,0.5,1,1,AAGACCTTCACCGGCCAGAT,0,3545051
tisBp,0.5,1,1,AAGAAGGCCCGTATGAACTA,0,3580852
tisBp,0.5,1,1,AACTTGTCTAGTAACTTCAT,0,3565527
tisBp,0.5,1,1,AACTGTGGGACTTCGGGGGG,0,3596865
tisBp,0.5,1,1,AACTGGGTGGGAAATAGAGC,0,3570935
tisBp,0.5,1,1,AACTGGGTGCTGCGCACGGA,0,3547193
tisBp,0.5,1,1,AACTGATTCTCATTCCAGTG,0,3569913
tisBp,0.5,1,1,AACTCTTACGCGGCTTTTCA,0,3576045
tisBp,0.5,1,1,AACTCGACGACTTTATGAAG,0,3585571
tisBp,0.5,1,1,AACTCCAAACTAACCGCGTA,0,3560150
tisBp,0.5,1,1,AACTCACATACAGATGGTTA,0,3554828
tisBp,0.5,1,1,AACGTTTGTATGGTTAAACT,0,3547783
tisBp,0.5,1,1,AACGTGCGCATTTTGATGTA,0,3596619
tisBp,0.5,1,1,AACGTCCAAGCCCCACGGTT,0,3578082
tisBp,0.5,1,1,AACGTAGCAACGTTGTTGGT,0,3567506
tisBp,0.5,1,1,AACGTACACGGAGAACCCAA,0,3546220
tisBp,0.5,1,1,AACGGTTTGGGACGCACTGT,0,3545430
tisBp,0.5,1,1,AACGGTCATGGTTCCCATGT,0,3595093
tisBp,0.5,1,1,AACGGAATGGGGAACCTAGA,0,3596160
tisBp,0.5,1,1,AACGCTCGTCATTGGGGTAG,0,3567522
tisBp,0.5,1,1,AACGAGTCCATTTACCTTTC,0,3590428
tisBp,0.5,1,1,AACGAGAACCACCCGACGAT,0,3572364
tisBp,0.5,1,1,AACGACCCCTCGCGGCGCTA,0,3550932
tisBp,0.5,1,1,AACCTCATCGATAAGCAGCC,0,3550060
tisBp,0.5,1,1,AACCTACGGAAGTGTCATCC,0,3584498
tisBp,0.5,1,1,AACCGCCGGATCCGTTCTGT,0,3562245
tisBp,0.5,1,1,AACCGATCTCACCTTTAGCA,0,3598883
tisBp,0.5,1,1,AACCCTCTAATTTACGTCCG,0,3597212
tisBp,0.5,1,1,AACCCGGAAAGGGCTCATCC,0,3596580
tisBp,0.5,1,1,AACCCAACTTCGCCCCGTCT,0,3600709
tisBp,0.5,1,1,AACATGTTCGTAACCTGTGA,0,3569070
tisBp,0.5,1,1,AACATCTATCAAGAATTCCC,0,3553954
tisBp,0.5,1,1,AACATCCATAGTAGTACGGC,0,3577523
tisBp,0.5,1,1,AACATATACCACATTGCCCC,0,3603405
tisBp,0.5,1,1,AACAATTCCCGAGCATCCCA,0,3580840
tisBp,0.5,1,1,AACAATCAAAACACGAAAAT,0,3548043
tisBp,0.5,1,1,AACAATACTTCCCGTATCGT,0,3542318
tisBp,0.5,1,1,AAATTGCACAAAACTGTCAG,0,3583196
tisBp,0.5,1,1,AAATTCACAATCGTGGCTGC,0,3549918
tisBp,0.5,1,1,AAATGATCAGAACATTGAGG,0,3584029
tisBp,0.5,1,1,AAATCTAGGTTCTCTAATTG,0,3577431
tisBp,0.5,1,1,AAATCGTTGTCATGCCAGCC,0,3563790
tisBp,0.5,1,1,AAATCGTTCCAAAAATTAGT,0,3559267
tisBp,0.5,1,1,AAATCGGAAGCCGGATACAA,0,3550879
tisBp,0.5,1,1,AAATCGGAAAATAGCCCGGA,0,3566473
tisBp,0.5,1,1,AAATCCTCTGTTCAGGCGGT,0,3573004
tisBp,0.5,1,1,AAATCACTTAAATTCGTTAT,0,3597920
tisBp,0.5,1,1,AAATATCGGGTCACAGACTA,0,3586449
tisBp,0.5,1,1,AAATATAAACAACATCTCTG,0,3569243
tisBp,0.5,1,1,AAATAATGTTCCAGACAGGA,0,3563696
tisBp,0.5,1,1,AAATAAACCAGAGTTCACGG,0,3591830
tisBp,0.5,1,1,AAAGTCTCGGGAGATCAATC,0,3571481
tisBp,0.5,1,1,AAAGTAAACCCTATTATGCA,0,3602307
tisBp,0.5,1,1,AAAGGGGTTGTAGGGCACCC,0,3561697
tisBp,0.5,1,1,AAAGGAACGCGTCTTCAATA,0,3585657
tisBp,0.5,1,1,AAAGCTTGGAAACCGTCCTC,0,3573592
tisBp,0.5,1,1,AAAGATAGGCGTTGAGGCTG,0,3548253
tisBp,0.5,1,1,AAACTGTGATCAGGATAAAC,0,3543343
tisBp,0.5,1,1,AAACGCCTATCCATATTACT,0,3585861
tisBp,0.5,1,1,AAACCGCACGGCATGCGTCC,0,3564376
tisBp,0.5,1,1,AAACAGATGCCCATTGAATT,0,3558737
tisBp,0.5,1,1,AAACAATGGGCAGCTAAGCG,0,3594231
tisBp,0.5,1,1,AAACAAATTACACGTAGGAG,0,3559695
tisBp,0.5,1,1,AAACAAATCCTTCAGGGGCG,0,3553130
tisBp,0.5,1,1,AAACAAAATTCAACGTGCCC,0,3547461
tisBp,0.5,1,1,AAAATGAGAAGTACGAAACG,0,3583823
tisBp,0.5,1,1,AAAAGTTGCGTCGCCAGTAG,0,3549156
tisBp,0.5,1,1,AAAAGGGGGTATGCAGAATA,0,3593268
tisBp,0.5,1,1,AAAAGAGAGTTGTCCACCAA,0,3589877
tisBp,0.5,1,1,AAAACTTACCCGACATCACG,0,3573384
tisBp,0.5,1,1,AAAACATTACTGTGACCTGG,0,3589100
tisBp,0.5,1,1,AAAACAGGCGGGTTAACGGG,0,3555201
tisBp,0.5,1,1,AAAAAATGAGGTGATCAGGA,0,3579729
tisBp,976.0,975,0,TGGTCGCGATGTATCTCGAG,975,3602295
tisBp,866.0,865,0,GTTACGACAGTTTTTAGGTG,865,3586563
tisBp,515.0,514,0,GTGAAGTTCGGCGCTGAAAA,514,3553946
tisBp,417.0,416,0,TAGGACAGGAAGCAGCGCAA,416,3594409
tisBp,393.0,392,0,AAGTAGATGAACTTCATGAA,392,3592545
tisBp,392.0,391,0,TTGGTCGTTTTTGGTATATC,391,3551142
tisBp,355.0,354,0,CTCTGCCTCTTTTCGCTGTT,354,3545711
tisBp,313.0,312,0,ACACCAACGGTATCTTCTAT,312,3598689
tisBp,274.0,273,0,ACTCGTGCGTTTCCATGGCA,273,3571559
tisBp,263.0,262,0,GCTTACGCGTCCCTCTGTTA,262,3568479
tisBp,263.0,262,0,GAGGACCGCTTCGTTCGTCG,262,3597347
tisBp,262.0,261,0,TGTTTTCACGCTGTCCGGAA,261,3571557
tisBp,257.0,256,0,AGAGGCACTTAGTTTTTATG,256,3593730
tisBp,256.0,255,0,GCACGGGAACCTTTGGAGAT,255,3603249
tisBp,249.0,248,0,AACCGGATGGGGTTGACTCC,248,3561385
tisBp,243.0,242,0,ACTGGTCAACACGCTTGAAT,242,3553123
tisBp,243.0,242,0,ACCGAACGACAGTTTTGGCC,242,3591455
tisBp,241.0,240,0,GATACCTTGGAGTGCCCAAT,240,3555766
tisBp,237.0,236,0,GTTTGAGCCAGACTGTTAAA,236,3601099
tisBp,237.0,236,0,ACTCAATTCGAGGCGACAAA,236,3588088
tisBp,234.0,233,0,TCGCTATCTTCGCATCATTA,233,3603161
tisBp,234.0,233,0,GTTCTCCTGTATCCGTACTC,233,3585779
tisBp,234.0,233,0,AGACGATGCTTTGATTCCAT,233,3561976
tisBp,229.0,228,0,TCAGCGCCGTTGCATGGGGA,228,3560508
tisBp,229.0,228,0,GGCGATGAACTGCAAAGAAT,228,3583095
tisBp,228.0,227,0,TGGGCATTTGAGAACTGGTT,227,3544853
tisBp,228.0,227,0,TACCACTGCGTGGAAGGACG,227,3542994
tisBp,227.0,226,0,TACGGACGCTCCCCCTAGGC,226,3573632
tisBp,227.0,226,0,AGGAGAAGGGTAGCGCCTAT,226,3595757
tisBp,224.0,223,0,TCTCATCAGCCGGGACCTGG,223,3592381
tisBp,220.0,219,0,TCGCCAAAAAAGCATTTTTA,219,3581940
tisBp,219.0,218,0,GCATAAGTCTCTGCGCCGAG,218,3556865
tisBp,218.0,217,0,CATATTGTTTTTCCCTAGTG,217,3580583
tisBp,217.0,216,0,CGTGTCTAAACTTTGGGCAA,216,3553671
tisBp,217.0,216,0,CAGTTCAGCAAGGTAAACCT,216,3566382
tisBp,217.0,216,0,CACACTGGCGTGGTGCACAT,216,3597737
tisBp,217.0,216,0,AAAAGCTAGGCAGTACTAAA,216,3602106
tisBp,213.0,212,0,CGATTTTGAGGCCATTGTAG,212,3597904
tisBp,212.0,211,0,ACGCGCGCCCAGGCGGGTCT,211,3594176
tisBp,209.0,208,0,GCTTTGTAGTTACGGCGGCC,208,3572148
tisBp,209.0,208,0,GCTTTGATATTCGGAAAGGT,208,3591339
tisBp,209.0,208,0,GCTAACACAAATACCTCACG,208,3552243
tisBp,209.0,208,0,AAATTGTGGTCGAACATGGG,208,3559826
tisBp,208.0,207,0,AACTTGACGTGGCACGGCGG,207,3583096
tisBp,206.0,205,0,TAACACACTCTGTAAATGGA,205,3559713
tisBp,205.0,204,0,CTGGGAAATCTGGAACACGT,204,3576243
tisBp,205.0,204,0,CGAGCATATCGGGTTATCTA,204,3544941
tisBp,205.0,204,0,CCCCTGTATGCGAGCGAATG,204,3566559
tisBp,204.0,203,0,GAGTGGCGTTGATGGAGTTT,203,3563541
tisBp,203.0,202,0,GTGGTGAGGACTCTTCGCCT,202,3594097
tisBp,203.0,202,0,ACTTGGTCTCATTGCAGTGG,202,3598684
tisBp,201.0,200,0,TGCTGCACGTCAAGCGTTCA,200,3599294
tisBp,200.0,199,0,CGAGTCGCCCTTAGCAACCG,199,3572497
tisBp,200.0,199,0,CCAGGAATACATCCCAATAT,199,3585804
tisBp,199.0,198,0,GTTCTGTAGCAGGTTTGACA,198,3562457
tisBp,199.0,198,0,AGATCTATTGGCTACAAACT,198,3564379
tisBp,195.0,194,0,TTGTATGTCTACAACGCACA,194,3600580
tisBp,192.0,191,0,CTGTAGGATGATGTGTGTTT,191,3602862
tisBp,191.0,190,0,GTGCTCCGCGATAAGGTCGA,190,3601104
tisBp,186.0,185,0,AGGGGCAGTAGGGTACCACG,185,3592688
tisBp,181.0,180,0,TAGGCGAGGTGCAGGAGCGG,180,3586013
tisBp,179.0,178,0,ACAATGGGTTAATAAAATGC,178,3601576
tisBp,176.0,175,0,GGCTCCTAGCACGTCTTGTG,175,3559495
tisBp,174.0,173,0,CAGCCACGAATGTTGCGACC,173,3560536
tisBp,173.0,172,0,GTAGCTAATTACGCCTGCCC,172,3572361
tisBp,169.0,168,0,TCACTATGCGCCTCCCAAGA,168,3567451
tisBp,165.0,164,0,TGGAGTCCTCACGCCTCATG,164,3587259
tisBp,164.0,163,0,TTTGGATGTGTACTAACTCC,163,3573729
tisBp,159.0,158,0,GGTGGTCTCGGACACTAACA,158,3588364
tisBp,159.0,158,0,CTTGTATATCGATGTTTAGG,158,3543632
tisBp,157.0,156,0,GCCGCAACAAAACCTGAGTT,156,3555070
tisBp,153.0,152,0,CATATCTAGTTGGCCAGGCC,152,3570488
tisBp,149.0,148,0,GTAGCAGTCATCGGCTTTAG,148,3586264
tisBp,148.0,147,0,AGACGCACGAAACGCATTAT,147,3541754
tisBp,130.0,129,0,AAACTTAGGCCGCACTTCTC,129,3587585
tisBp,125.0,124,0,GCCCTACGGTTGACATATAT,124,3567445
tisBp,119.0,118,0,GCCATGGCTCCAAGGATCAA,118,3598959
tisBp,119.0,118,0,AGGTTGCTAATGGTGATTTC,118,3559609
tisBp,116.0,115,0,CGAGCATTTCAGGCATGCTT,115,3576828
tisBp,116.0,115,0,ATTCTTTTGGGGTACTCCGA,115,3599260
tisBp,112.0,111,0,TTTGTCCCTAGGACATACGC,111,3563349
tisBp,112.0,111,0,CGAGGTGGTGTCCATCCGCT,111,3551140
tisBp,104.0,103,0,GATATTAGGGGTGCATCATT,103,3595007
tisBp,104.0,103,0,GAAATGCAGCTGGTGAGACT,103,3549534
tisBp,93.0,92,0,GTGCCAGACGCTAGCCCTTC,92,3593791
tisBp,82.0,81,0,GCGCAAACCCGGATCTCATG,81,3601694
tisBp,80.0,79,0,GTGAGATGGTTGCGGCAAAA,79,3573217
tisBp,78.0,77,0,CGTAGGGCCGGTAGATGGAC,77,3601129
tisBp,60.0,59,0,AGGTCTAAAACTACAGGTGA,59,3587549
tisBp,54.0,53,0,AAGTACCTTGAAAGACTGTA,53,3573537
tisBp,6.0,5,0,CAATCATTAGAGTAGTGTAT,5,3591417
tisBp,5.0,4,0,TAATGAGCTGGCGGGTGGTT,4,3577804
tisBp,5.0,4,0,GTAGTACGTTACTGCCTGCC,4,3566667
tisBp,5.0,4,0,CCGCATATCTCCCGGGGGGA,4,3581229
tisBp,4.0,3,0,TTTCATTTTAGAGAGCTCCA,3,3580535
tisBp,4.0,3,0,TCTTAGTGGCGGAGGATGGC,3,3563728
tisBp,4.0,3,0,GGCCGGCGCTGCCTAGTTTC,3,3589160
tisBp,4.0,3,0,CACGATGTTAGGAAACATGA,3,3542246
tisBp,4.0,3,0,ACCCACCACATTAAGTCTTA,3,3597316
tisBp,3.0,2,0,TGGGTCGTGTAGGTCCTGTA,2,3594805
tisBp,3.0,2,0,TGGATTCTATTTTGGCGTGC,2,3587578
tisBp,3.0,2,0,TCACCTAGATTCGTTCTTCA,2,3580418
tisBp,3.0,2,0,GTGACCTCTAGATGTACTAT,2,3544627
tisBp,3.0,2,0,GGACACAACCATCCTTGTTG,2,3553000
tisBp,3.0,2,0,GGAACTATGAAGAGGAAAAC,2,3572981
tisBp,3.0,2,0,GCAGAGGTTCGATCTGCGGG,2,3570426
tisBp,3.0,2,0,CTGTGCTGTAGCAGTCCTCG,2,3561273
tisBp,3.0,2,0,CGGAAACGGAAACAGCGCTA,2,3596578
tisBp,3.0,2,0,CAGAGAGTGAACCCACGAAT,2,3594069
tisBp,3.0,2,0,CACCCAGATATGCATTTCTA,2,3589162
tisBp,3.0,2,0,ATTCCGTCGGGCGCCAAGTC,2,3577845
tisBp,2.0,1,0,TTTCTATGCCGCGGCACCGA,1,3563203
tisBp,2.0,1,0,TTTCGGTGTTCTCGGGTATA,1,3542242
tisBp,2.0,1,0,TTGGGGCGGGGCTGTCAGTT,1,3550460
tisBp,2.0,1,0,TTCACACCGGATGGTGGTGA,1,3570936
tisBp,2.0,1,0,TTAGTGGTTGTACCTACTGT,1,3581758
tisBp,2.0,1,0,TGTGAACTACACTTTTTAAA,1,3583838
tisBp,2.0,1,0,TGTCAAGAGGTCATATGTAA,1,3571847
tisBp,2.0,1,0,TGTACCAACGCATCCGTTAC,1,3584435
tisBp,2.0,1,0,TGTAATAATACTGGCTTGCA,1,3582294
tisBp,2.0,1,0,TGCAACTGTCATAATGTGCA,1,3544201
tisBp,2.0,1,0,TCTATTATCGACAGACTCCG,1,3571563
tisBp,2.0,1,0,TCGGTAATACAAGCTATCTC,1,3594338
tisBp,2.0,1,0,TCCTAGGCCTCCTCGCGCCA,1,3587902
tisBp,2.0,1,0,TATTTGAGAGTTGCGGAGTT,1,3561756
tisBp,2.0,1,0,TATTGTGGGCTCCCCGTCGG,1,3593860
tisBp,2.0,1,0,TATGTGGACCGGGGGACTGG,1,3599091
tisBp,2.0,1,0,TAGGCTCACTCACCTAATAA,1,3586454
tisBp,2.0,1,0,TAGCAGATTCCTAGTAAGCA,1,3561672
tisBp,2.0,1,0,TACTGTGGAAAACAAGTGCA,1,3570711
tisBp,2.0,1,0,TACGGTACTGAAGCTGGACT,1,3586901
tisBp,2.0,1,0,GTTTAGTATAACATGGACCC,1,3565984
tisBp,2.0,1,0,GTCTTGGGCGATATTTGAGA,1,3570265
tisBp,2.0,1,0,GTCACGAAGCCACAAATTGA,1,3545675
tisBp,2.0,1,0,GTAGCTGGCACATGTTGACT,1,3562672
tisBp,2.0,1,0,GTAAATCGTGAAAGTCACTG,1,3580576
tisBp,2.0,1,0,GGTTCCCACAGGGAGAACTG,1,3542396
tisBp,2.0,1,0,GGTCCGCAGCGATCCATTCA,1,3595246
tisBp,2.0,1,0,GGTCAATCTCCGAAACTAAG,1,3566001
tisBp,2.0,1,0,GGGGGATTGTTATTGCCGTT,1,3565196
tisBp,2.0,1,0,GGAGTACTGAAGGGGGGTGA,1,3579924
tisBp,2.0,1,0,GGACTCTAGTAAATGCGTGC,1,3597501
tisBp,2.0,1,0,GGACTACCCACGTCAAGGCC,1,3550048
tisBp,2.0,1,0,GCTCCAATGCAGCTAGATAT,1,3573385
tisBp,2.0,1,0,GCCACCTAGAAAGGCGGCCT,1,3566183
tisBp,2.0,1,0,GCATTTGTTCAGAAGATTAC,1,3590391
tisBp,2.0,1,0,GCAGATGCCATTTACGAGGT,1,3552534
tisBp,2.0,1,0,GCAATACCCACCATCGCTTT,1,3588121
tisBp,2.0,1,0,GAGAAATTCCCGCAGTAAGT,1,3573982
tisBp,2.0,1,0,GACGAACATAAGTATGTGAT,1,3595318
tisBp,2.0,1,0,GACCTCTCGGTATTAGCAGG,1,3559579
tisBp,2.0,1,0,CTTGTACTGATACAATCAGT,1,3599891
tisBp,2.0,1,0,CTGTTCCCTGAAGATCACCT,1,3574425
tisBp,2.0,1,0,CTGCGGAGATGCTGCAGAAC,1,3578547
tisBp,2.0,1,0,CTCTGGTAATCGGGAAATTC,1,3597746
tisBp,2.0,1,0,CTCGTGGTCCTTCAGGTTAA,1,3597537
tisBp,2.0,1,0,CTCCTGTCAAATGACAGGTG,1,3584883
tisBp,2.0,1,0,CTATAACCAGAACGGCACGA,1,3593189
tisBp,2.0,1,0,CTAAACCCAGTAGCTCGGTG,1,3602304
tisBp,2.0,1,0,CGGGCACGCCCCACAGTGCA,1,3571321
tisBp,2.0,1,0,CGGATCTGTCTCACCGGGAA,1,3564019
tisBp,2.0,1,0,CGCGTGGCGTTTTGGAGCCA,1,3593782
tisBp,2.0,1,0,CGCACGGAGCTCCATGTCCA,1,3566156
tisBp,2.0,1,0,CGAGTACTATCATACCTGTT,1,3587690
tisBp,2.0,1,0,CCTGCTAATGCGACCGAGGG,1,3560568
tisBp,2.0,1,0,CCTATAATAGGGGTGTAGTA,1,3602019
tisBp,2.0,1,0,CCGCTTTTAAGGCAATTAAG,1,3570360
tisBp,2.0,1,0,CCGACTCTAACGCCGCCCCA,1,3589063
tisBp,2.0,1,0,CCCGCCAGTCGGTGTACCTG,1,3595539
tisBp,2.0,1,0,CCCCTGCAAGCGACAACCTA,1,3577669
tisBp,2.0,1,0,CCATAACCTGAGGTGGCCCG,1,3591090
tisBp,2.0,1,0,CCAGGGCCTCGTAGTGACGC,1,3575670
tisBp,2.0,1,0,CCAAGAGCAGTACTCGAGAC,1,3552527
tisBp,2.0,1,0,CATTTAGCAGCGTACGCCCC,1,3592246
tisBp,2.0,1,0,CATTGACAACTTTAGATCCC,1,3587784
tisBp,2.0,1,0,CATCACCTTATCGTACTGGC,1,3564944
tisBp,2.0,1,0,CAGCTTTCGGCGCTTCGACT,1,3599017
tisBp,2.0,1,0,CAGCCGTTTACCTTTTAAGC,1,3562733
tisBp,2.0,1,0,CACAGCTCTATGACCACGGT,1,3600930
tisBp,2.0,1,0,CAAGTCTATAGCCTGGTGCA,1,3558816
tisBp,2.0,1,0,CAAGCGATGTAAACCAGAAT,1,3551524
tisBp,2.0,1,0,CAACATGAGTAGATCATCGT,1,3570132
tisBp,2.0,1,0,ATTCATACGAAGGAGACCTA,1,3590510
tisBp,2.0,1,0,ATGTTATAACAAGAGTCTCG,1,3572255
tisBp,2.0,1,0,ATGGTAACGTTAGACGCAGG,1,3557826
tisBp,2.0,1,0,ATGCTATCGAACCGGGCCAC,1,3543301
tisBp,2.0,1,0,AGTTGACCGCTGGGGCATTG,1,3568468
tisBp,2.0,1,0,AGTGAAAAAGGAACCTAGGA,1,3546697
tisBp,2.0,1,0,AGTCGTCACGGGTTACGTCG,1,3549855
tisBp,2.0,1,0,AGTCAGATCGTTTCTAGTTA,1,3596660
tisBp,2.0,1,0,AGCTTAATGCTGTCCCCTGA,1,3594756
tisBp,2.0,1,0,AGCGTATGCTACGACGGACT,1,3593180
tisBp,2.0,1,0,AGCGCAGCACCGGGAGATTA,1,3586025
tisBp,2.0,1,0,AGATGAATTAGGAAGGCTAT,1,3559618
tisBp,2.0,1,0,AGATATTTATTAACCAAGGA,1,3580933
tisBp,2.0,1,0,AGATAATCCTCTGATTTAAA,1,3578534
tisBp,2.0,1,0,AGAGTTGACCCGGTACGTAC,1,3555649
tisBp,2.0,1,0,ACTTAAATTGCTCTGGCGGG,1,3551775
tisBp,2.0,1,0,ACTGCGGACCCTTTCTGTCG,1,3561098
tisBp,2.0,1,0,ACGTTGTTGATCGCTTGCGT,1,3559987
tisBp,2.0,1,0,ACGGCACAGCACGAATCGTA,1,3593439
tisBp,2.0,1,0,ACGGAACAACCTCACATGTT,1,3560948
tisBp,2.0,1,0,ACCGACCCGGCTCGCATTTT,1,3549660
tisBp,2.0,1,0,ACCCCACGTAAGGTAATCAG,1,3556899
tisBp,2.0,1,0,ACACTCGTCTTATGACGAAT,1,3599747
tisBp,2.0,1,0,AAGTGCCCCTACTTCTACGA,1,3578354
tisBp,2.0,1,0,AAGGTTCTTATTCACAATGA,1,3579882
tisBp,2.0,1,0,AAGGTCGCCGTCTCCCGGAA,1,3565638
tisBp,2.0,1,0,AAGAGGGTCTTCCGTCTATA,1,3578269
tisBp,2.0,1,0,AACGTATTTAACTTACTTCG,1,3583250
tisBp,2.0,1,0,AACGAGTGGTCGCGGGAAAA,1,3599399
tisBp,2.0,1,0,AACATGCAGTGGGGGAGAAC,1,3555943
tisBp,2.0,1,0,AAATAGATAAGCAAAGCTAC,1,3564624
