name,relative_counts,ct,ct_0,barcode,ct_1,barcode_ind
TSS_1414_storz_regulondb,0.009836065573770493,306,304,CCGGGAGGATCTGTGCAGGG,2,55044
TSS_1414_storz_regulondb,0.01838235294117647,275,271,CTTTAGTATGAAAACTTTTA,4,75391
TSS_1414_storz_regulondb,0.9362549800796812,484,250,AACTTGCTGGAACGAAGCAG,234,27148
TSS_1414_storz_regulondb,0.023255813953488372,174,171,CGTTTCAGCGTGTAACAAAA,3,35830
TSS_1414_storz_regulondb,0.012121212121212121,165,164,TTGCGTGTTCATCGACACGA,1,39431
TSS_1414_storz_regulondb,2.5875,572,159,CATAGAGCAATCTGTGTTGT,413,42496
TSS_1414_storz_regulondb,5.707006369426751,1051,156,CTCCAAGTTGATATCCCGAA,895,45729
TSS_1414_storz_regulondb,0.4647887323943662,206,141,GCAGTATGAGTGTAGCGGCG,65,24391
TSS_1414_storz_regulondb,0.07092198581560284,149,140,ATGGTTTAACTTGTCGTTTG,9,602
TSS_1414_storz_regulondb,0.015625,128,127,CTCATTACGACGTGTCCGTT,1,12600
TSS_1414_storz_regulondb,0.1016949152542373,128,117,CGGAAGCATGTCGCCTGGAA,11,9777
TSS_1414_storz_regulondb,0.09734513274336283,122,112,GTCGGGCATACCTCCACGGC,10,10584
TSS_1414_storz_regulondb,0.047619047619047616,108,104,TAATACCGGTAACTATTCCA,4,72249
TSS_1414_storz_regulondb,0.1262135922330097,114,102,GTTCGCTGAACGATTAGCTT,12,33785
TSS_1414_storz_regulondb,0.0196078431372549,102,101,CTTGATCAGAAACGGATACC,1,5630
TSS_1414_storz_regulondb,0.019801980198019802,101,100,AGCAGCTACCTGATAATTAT,1,14352
TSS_1414_storz_regulondb,0.1717171717171717,114,98,ATTTGATTTGTCTCGGCGAG,16,59992
TSS_1414_storz_regulondb,0.04081632653061224,100,97,ACCGGCCGGTAGAGACGAAG,3,30492
TSS_1414_storz_regulondb,0.020618556701030927,97,96,TTCGCGGGCGCGATGTGCTT,1,66372
TSS_1414_storz_regulondb,1.9793814432989691,287,96,GAATCACTACTTGCCCCATG,191,21349
TSS_1414_storz_regulondb,0.125,106,95,TTTGTCACGTTCTTTAATCA,11,56851
TSS_1414_storz_regulondb,0.1827956989247312,108,92,GCCGGTCTATTTGAATACAT,16,14272
TSS_1414_storz_regulondb,9.197802197802197,926,90,TCTAACGATAGATTACAGAC,836,49611
TSS_1414_storz_regulondb,0.05555555555555555,93,89,GAATACTAAAAGTTGTATGT,4,850
TSS_1414_storz_regulondb,0.022222222222222223,90,89,ATATTTCCGGGGTTCGCAAT,1,53125
TSS_1414_storz_regulondb,0.10112359550561797,96,88,AGAGCGCACCCGAACCTTTT,8,15181
TSS_1414_storz_regulondb,0.02247191011235955,89,88,ACAGGATATAACGGCTCGAA,1,54112
TSS_1414_storz_regulondb,0.03409090909090909,89,87,TCAACGGGACCTGCACTCAA,2,27644
TSS_1414_storz_regulondb,0.022727272727272728,88,87,CCGTTTTGTTATTGTCGAGG,1,718
TSS_1414_storz_regulondb,0.022988505747126436,87,86,TTTGATCCGTATCACTTAAA,1,24439
TSS_1414_storz_regulondb,0.022988505747126436,87,86,GCAGCGTACGTTATTAGGTT,1,11561
TSS_1414_storz_regulondb,3.471264367816092,387,86,CGTCCAATCCCAACGAGTTA,301,37015
TSS_1414_storz_regulondb,0.034482758620689655,88,86,AGCTTGCTTGCGGCGTTTCT,2,65941
TSS_1414_storz_regulondb,0.023255813953488372,86,85,TTCTGCTGAAATCGTATTTC,1,53956
TSS_1414_storz_regulondb,0.023255813953488372,86,85,TAAAACGTGCTCCTTATAAA,1,34217
TSS_1414_storz_regulondb,0.12790697674418605,95,85,GCGGTGAGAGATAATCATCT,10,12732
TSS_1414_storz_regulondb,0.07058823529411765,89,84,TCACTCGGCACCCCAGGGCA,5,40491
TSS_1414_storz_regulondb,0.023529411764705882,85,84,CGATGGCATAGGTCGTCTTA,1,5272
TSS_1414_storz_regulondb,0.023809523809523808,84,83,GGGTCCGCGTACTGCAAATG,1,24664
TSS_1414_storz_regulondb,0.15476190476190477,95,83,CATCTTATGTGCCCAATTAA,12,29932
TSS_1414_storz_regulondb,0.023809523809523808,84,83,ATATGTAGTCTGCGGTAGAA,1,36633
TSS_1414_storz_regulondb,0.07142857142857142,88,83,ACTCCGGCTTCCAGCTATTA,5,2423
TSS_1414_storz_regulondb,0.03614457831325301,84,82,TGCCGCCCGCAAGAAGGTAA,2,68769
TSS_1414_storz_regulondb,0.04819277108433735,85,82,GAGGAACTACGATACGCAAG,3,30110
TSS_1414_storz_regulondb,0.21686746987951808,99,82,CTTGGCATAGAAGCTGGGCA,17,23568
TSS_1414_storz_regulondb,0.04938271604938271,83,80,GTTAGGGCGCTGAGGGTGCT,3,61521
TSS_1414_storz_regulondb,0.16049382716049382,92,80,GTAGGCAAGGTAACTGTTGA,12,58088
TSS_1414_storz_regulondb,0.025,80,79,TGGCCGGAAGGCTTCAAAAT,1,36960
TSS_1414_storz_regulondb,0.025,80,79,ACGCTATCAGCGGTAAAGTA,1,1415
TSS_1414_storz_regulondb,0.05063291139240506,81,78,GGAAATCCAAATTACATGAT,3,79920
TSS_1414_storz_regulondb,0.02531645569620253,79,78,GAAATACGCTGGCCCGGTGA,1,77677
TSS_1414_storz_regulondb,0.02531645569620253,79,78,CTAGATTACCCCGTCCTGCA,1,45957
TSS_1414_storz_regulondb,0.0379746835443038,80,78,ACAATCCAAATGAGCTTCTC,2,18501
TSS_1414_storz_regulondb,0.16666666666666666,89,77,TTGCCGTGTTCTACAGTGTT,12,24802
TSS_1414_storz_regulondb,0.038461538461538464,79,77,ACAACCGAGTATTCACACTG,2,37740
TSS_1414_storz_regulondb,0.06493506493506493,80,76,TCCCTCACGTGACGCCCGTA,4,50591
TSS_1414_storz_regulondb,0.03896103896103896,78,76,CGCGCGTCCGCATGTACTAC,2,17525
TSS_1414_storz_regulondb,0.15584415584415584,87,76,AAACCGAGTGCTCCGGAGAT,11,61388
TSS_1414_storz_regulondb,0.06578947368421052,79,75,GCTACTCGTCACTTCGAATT,4,78401
TSS_1414_storz_regulondb,0.13157894736842105,84,75,GATCCCGGCGCGTGCCGTCA,9,40861
TSS_1414_storz_regulondb,0.05263157894736842,78,75,CTATCCCAATGTTGGGACGA,3,14357
TSS_1414_storz_regulondb,0.039473684210526314,77,75,CGTCACCGGGTATAATGGCG,2,8369
TSS_1414_storz_regulondb,0.05405405405405406,76,73,GTGGAGAACACCTTAGGTAA,3,59250
TSS_1414_storz_regulondb,0.05405405405405406,76,73,CGCTACGTTCAGGACATCTA,3,17125
TSS_1414_storz_regulondb,0.4864864864864865,108,73,ATTAGGCGTAGGCTCCAGAT,35,23566
TSS_1414_storz_regulondb,0.02702702702702703,74,73,ATATTGCAGCTTTTAGGACT,1,24882
TSS_1414_storz_regulondb,0.16216216216216217,84,73,ACACACGGGAGGATTAATCT,11,23477
TSS_1414_storz_regulondb,0.02702702702702703,74,73,ACAAGGCGAGTCAAACTCAG,1,59594
TSS_1414_storz_regulondb,0.0547945205479452,75,72,GATGCGACCGGATCGTATGT,3,5030
TSS_1414_storz_regulondb,0.0821917808219178,77,72,CTCCTGCTACTCGCTTTCAC,5,34417
TSS_1414_storz_regulondb,0.041666666666666664,73,71,TGGCTTCCGTGGCGCATGTG,2,9430
TSS_1414_storz_regulondb,0.027777777777777776,72,71,TGGAGTGGCTTTGCAGCCAG,1,37727
TSS_1414_storz_regulondb,0.027777777777777776,72,71,GTGGAACACAGCGAATGTCA,1,8895
TSS_1414_storz_regulondb,0.09859154929577464,76,70,AAAAAGTGGTTCAGACCCAA,6,53526
TSS_1414_storz_regulondb,11.928571428571429,903,69,GGGAAGCCTTCAGGTGCGAT,834,2903
TSS_1414_storz_regulondb,2.9857142857142858,277,69,GGATGAGAAGCCTCCCGGTA,208,55024
TSS_1414_storz_regulondb,0.1,75,69,ACCCGCTTAGACTGGACGCA,6,16788
TSS_1414_storz_regulondb,0.028985507246376812,69,68,ATACAATCCTGTCATAAATA,1,66171
TSS_1414_storz_regulondb,0.11764705882352941,74,67,CTGGCGATCGGGCACGTTCT,7,3555
TSS_1414_storz_regulondb,0.1323529411764706,75,67,AGGGTCGTCATAATCGGTTA,8,78155
TSS_1414_storz_regulondb,11.705882352941176,862,67,ACTTGATGAAGTATGGCATT,795,9840
TSS_1414_storz_regulondb,0.029850746268656716,67,66,TGGAAGGCGGTTGGTTTTTA,1,26149
TSS_1414_storz_regulondb,0.14925373134328357,75,66,GGCCCTTACCTCTCAGGGGA,9,40127
TSS_1414_storz_regulondb,0.08955223880597014,71,66,GGATACGTTTACGGTCGGAG,5,11620
TSS_1414_storz_regulondb,23.16417910447761,1617,66,GCCACGTGGGTTCATAGAAG,1551,58364
TSS_1414_storz_regulondb,0.030303030303030304,66,65,TGTTTATTTAGCAAGGACGA,1,32346
TSS_1414_storz_regulondb,0.06153846153846154,67,64,TATGAGTTTCAACAGAGTCA,3,77420
TSS_1414_storz_regulondb,0.03076923076923077,65,64,TACGATGCTGCTTTATTCTG,1,11906
TSS_1414_storz_regulondb,0.15384615384615385,73,64,GCGATCTGCACATACATCGG,9,51486
TSS_1414_storz_regulondb,0.03076923076923077,65,64,GCCAATTATGTGGACTTGCA,1,38911
TSS_1414_storz_regulondb,0.03076923076923077,65,64,CTTGGTACTAGATGGAGGTG,1,39042
TSS_1414_storz_regulondb,0.03076923076923077,65,64,ACTCAGAAATGTCTCCGGAT,1,17532
TSS_1414_storz_regulondb,0.18461538461538463,75,64,ACCGGCAAATGACATCGATA,11,35927
TSS_1414_storz_regulondb,0.06153846153846154,67,64,AAAGACGGTTAGTAGTCCAT,3,58086
TSS_1414_storz_regulondb,0.046875,65,63,TGTACCGGTGCGCTAATCTC,2,50407
TSS_1414_storz_regulondb,0.03125,64,63,GTCCGACATGTATCCCGGAG,1,28256
TSS_1414_storz_regulondb,0.03125,64,63,CCTACAGGGGAACCGAGGCT,1,24158
TSS_1414_storz_regulondb,0.21875,76,63,AATATCTACGTGTCTCACAC,13,2125
TSS_1414_storz_regulondb,0.031746031746031744,63,62,TGTTTTACCGACCGACACGT,1,792
TSS_1414_storz_regulondb,0.031746031746031744,63,62,TGTTATCATTGTTCAGAAGA,1,1793
TSS_1414_storz_regulondb,0.07936507936507936,66,62,TCAGTTTCTTAGACGTTGTA,4,51947
TSS_1414_storz_regulondb,0.06349206349206349,65,62,GTAAGGGACGAGGTGCCTGT,3,64101
TSS_1414_storz_regulondb,0.031746031746031744,63,62,GACACTCTGACTAAGGGGAC,1,54010
TSS_1414_storz_regulondb,0.2222222222222222,75,62,ATGAGAAGGCATACTCGAAC,13,71692
TSS_1414_storz_regulondb,11.380952380952381,778,62,ACGTCGGCCGTAGTTCAAAT,716,26486
TSS_1414_storz_regulondb,0.06349206349206349,65,62,AACGAGTATACAGACCGAGC,3,32557
TSS_1414_storz_regulondb,0.031746031746031744,63,62,AAATCGACCCTTCAGACCAT,1,45578
TSS_1414_storz_regulondb,0.047619047619047616,64,62,AAAGGTGGGTGTCGGGAATT,2,36184
TSS_1414_storz_regulondb,0.14516129032258066,69,61,TCCAACTCTGGAAAGAGAAG,8,57403
TSS_1414_storz_regulondb,0.0967741935483871,66,61,CGGGACTCCCGATACAATTT,5,40228
TSS_1414_storz_regulondb,0.06451612903225806,64,61,CATTCCAGCGCTGCCGCCGT,3,721
TSS_1414_storz_regulondb,0.03225806451612903,62,61,CATAGATTCCTATCGCGGCT,1,44401
TSS_1414_storz_regulondb,0.03225806451612903,62,61,AGATCACGGAAGGTTACCCA,1,5089
TSS_1414_storz_regulondb,0.06557377049180328,63,60,TTAGTCAGTCATACGAATCA,3,5727
TSS_1414_storz_regulondb,0.03278688524590164,61,60,TCGTCGAGATCTCGGGCAAT,1,11435
TSS_1414_storz_regulondb,0.09836065573770492,65,60,TCAATATAACGCGGTGGGCA,5,21305
TSS_1414_storz_regulondb,0.06557377049180328,63,60,GGTCAGTTCGGAGACGAGGT,3,45498
TSS_1414_storz_regulondb,0.14754098360655737,68,60,CTACCATAGCAAGGTACTTA,8,2857
TSS_1414_storz_regulondb,0.13114754098360656,67,60,CGCTTTAACGTAAAATTATT,7,23622
TSS_1414_storz_regulondb,0.06557377049180328,63,60,CCAATGTAGGTCTGCGAGGT,3,42246
TSS_1414_storz_regulondb,0.03278688524590164,61,60,CAGCCGATGCTCCGGACTTT,1,5677
TSS_1414_storz_regulondb,0.03333333333333333,60,59,TGTAATTACCTTCACTGGTA,1,5406
TSS_1414_storz_regulondb,0.11666666666666667,65,59,TCAAGCACATAGTTGGCAGG,6,3864
TSS_1414_storz_regulondb,0.26666666666666666,74,59,GGTGCGCGGTTCAGGCACCA,15,47647
TSS_1414_storz_regulondb,0.03333333333333333,60,59,GCATTAGGTTAGATAAAGGT,1,50022
TSS_1414_storz_regulondb,28.2,1750,59,GATAGTTCTGATATCGGGGT,1691,80731
TSS_1414_storz_regulondb,0.03333333333333333,60,59,CTTATCCGACGTGCGCTTAT,1,30559
TSS_1414_storz_regulondb,9.116666666666667,605,59,CCTCCGTGACACAGATTATG,546,9272
TSS_1414_storz_regulondb,0.1,64,59,CAAGTCTCCGGGGCGCGGAG,5,35476
TSS_1414_storz_regulondb,0.06666666666666667,62,59,AGGGTGCCCGCTTCCCGGTT,3,46026
TSS_1414_storz_regulondb,0.03389830508474576,59,58,TTGAATCCAGGTGGTCCAAA,1,20665
TSS_1414_storz_regulondb,0.0847457627118644,62,58,TAAGTTTCCCGCTCGGATTG,4,42344
TSS_1414_storz_regulondb,0.0847457627118644,62,58,CCTGTCGGGTACCACTGTGC,4,35393
TSS_1414_storz_regulondb,0.03389830508474576,59,58,CCGAGGTAACATTTTCGTTA,1,45259
TSS_1414_storz_regulondb,0.06779661016949153,61,58,CCAAAGGGCTGCTATAACTA,3,39444
TSS_1414_storz_regulondb,0.03389830508474576,59,58,ATCGACCTGATGATGCGGGG,1,40426
TSS_1414_storz_regulondb,0.03389830508474576,59,58,ATCCTCACACGTTACACCGC,1,26419
TSS_1414_storz_regulondb,0.08620689655172414,61,57,TGTAGTCAAATTGAATAGAA,4,4721
TSS_1414_storz_regulondb,0.2413793103448276,70,57,TGCGTCGGGTCTGTGGATGT,13,12515
TSS_1414_storz_regulondb,0.034482758620689655,58,57,TCAGATGATCTTTGACCGGT,1,69090
TSS_1414_storz_regulondb,19.25862068965517,1173,57,CCTCGTTGTTGTTCGATGTA,1116,7890
TSS_1414_storz_regulondb,18.93103448275862,1154,57,CAGCGGTCTCGACTTCGTGA,1097,56836
TSS_1414_storz_regulondb,0.06896551724137931,60,57,AAGTTAGCGTTCAGAGGTCA,3,65812
TSS_1414_storz_regulondb,0.03508771929824561,57,56,TTATTTATTTATCGAGGCTC,1,30845
TSS_1414_storz_regulondb,0.03508771929824561,57,56,GTATAAGTACGAGACCGCGT,1,65990
TSS_1414_storz_regulondb,0.15789473684210525,64,56,GCCGAAGTGCTCATCGACAC,8,44805
TSS_1414_storz_regulondb,0.08771929824561403,60,56,GATAAGTTTCACCAGTTATT,4,3072
TSS_1414_storz_regulondb,0.17543859649122806,65,56,GACCGTAACTTGGATTGGAT,9,3948
TSS_1414_storz_regulondb,11.894736842105264,733,56,CTAGGGAAAGGGCGCTGGTT,677,4900
TSS_1414_storz_regulondb,0.03508771929824561,57,56,CCCGAGCACTATGCACAGCG,1,30440
TSS_1414_storz_regulondb,18.196428571428573,1073,55,TTCCGGATTTTCACTACGTG,1018,19304
TSS_1414_storz_regulondb,0.35714285714285715,74,55,TGGATGTGTTCATAGCAACA,19,31241
TSS_1414_storz_regulondb,0.10714285714285714,60,55,TAACGCATTCGGAGGGGCTG,5,34611
TSS_1414_storz_regulondb,0.05357142857142857,57,55,GATCGATTAAATCTCATTGC,2,7086
TSS_1414_storz_regulondb,0.03571428571428571,56,55,CTTTGTTGATATGCGTGTTG,1,70357
TSS_1414_storz_regulondb,0.07142857142857142,58,55,CTCAGTGCGGCTCCGCGGTG,3,20360
TSS_1414_storz_regulondb,0.07142857142857142,58,55,AGCTCTTTGAATACCCAAAG,3,75634
TSS_1414_storz_regulondb,0.09090909090909091,58,54,TTATCAACACCCTACTACTG,4,4725
TSS_1414_storz_regulondb,0.03636363636363636,55,54,TGAGCGGGGGATACGCTATA,1,39613
TSS_1414_storz_regulondb,0.05454545454545454,56,54,TCGTCGGAATAAAGCCTTAT,2,12908
TSS_1414_storz_regulondb,0.12727272727272726,60,54,TCAAATAGCCGCCGAATTAT,6,34305
TSS_1414_storz_regulondb,0.03636363636363636,55,54,GTGAAAGAATCCGATCATGG,1,24392
TSS_1414_storz_regulondb,0.05454545454545454,56,54,GGATTACGGGCAGTCTCGGA,2,49716
TSS_1414_storz_regulondb,0.07272727272727272,57,54,CATTCCAGATCAACCGTCCA,3,7145
TSS_1414_storz_regulondb,0.05454545454545454,56,54,AGAGTTTAGGGACAGACTTG,2,59978
TSS_1414_storz_regulondb,0.12727272727272726,60,54,ACTGGTTAGGTCATGCGTAC,6,80093
TSS_1414_storz_regulondb,0.2545454545454545,67,54,AATGCCCGTTCTTGGTCCCT,13,23802
TSS_1414_storz_regulondb,0.07407407407407407,56,53,TGTGTAGCCCTAGGGATTGT,3,26987
TSS_1414_storz_regulondb,0.18518518518518517,62,53,TGCAGGCCCCAACACGGACA,9,43436
TSS_1414_storz_regulondb,0.07407407407407407,56,53,TCGTTGTCGGCAAGGGAGTA,3,42521
TSS_1414_storz_regulondb,0.05555555555555555,55,53,GGCATAAACTTACGTCAAAT,2,65092
TSS_1414_storz_regulondb,0.037037037037037035,54,53,GAAACCGTGTGAACAAATAA,1,7484
TSS_1414_storz_regulondb,11.222222222222221,658,53,CAGGGAGGAAAAACTAGGCG,605,17021
TSS_1414_storz_regulondb,4.296296296296297,284,53,ATGCCCCGTCTAATGTCCGT,231,24986
TSS_1414_storz_regulondb,0.037037037037037035,54,53,AGGGGAATGGCACTTACGCG,1,36309
TSS_1414_storz_regulondb,0.05555555555555555,55,53,AATCGTGTTCAGCTATTTGC,2,36008
TSS_1414_storz_regulondb,0.05660377358490566,54,52,TTGTTGATAGCCTCAATTTA,2,75635
TSS_1414_storz_regulondb,0.2830188679245283,66,52,TTGTTCTTCGTAATGACCTG,14,7483
TSS_1414_storz_regulondb,0.03773584905660377,53,52,TCTAGGTTTACCCGTAGTAC,1,6379
TSS_1414_storz_regulondb,0.03773584905660377,53,52,TCAATGCAGCTCCTCAGCTA,1,2616
TSS_1414_storz_regulondb,0.11320754716981132,57,52,GGATTCAGGAATGGGAACAA,5,64490
TSS_1414_storz_regulondb,0.05660377358490566,54,52,GACTTCGTTGGCGGCACCTA,2,56059
TSS_1414_storz_regulondb,0.03773584905660377,53,52,GAAGACGCGCGTGTTGGTGT,1,15050
TSS_1414_storz_regulondb,0.05660377358490566,54,52,CGGTATTTTGAATTTCAGGA,2,48716
TSS_1414_storz_regulondb,0.24528301886792453,64,52,ATGGTGAACGTTGCGGGCAT,12,33927
TSS_1414_storz_regulondb,0.09433962264150944,56,52,ACCACCAGTGGGCAGGCATT,4,41654
TSS_1414_storz_regulondb,0.1320754716981132,58,52,AACGCCGTTCACGGCTAGTA,6,21915
TSS_1414_storz_regulondb,0.1346153846153846,57,51,TTACTATTGCTGACTGTTGT,6,67564
TSS_1414_storz_regulondb,0.038461538461538464,52,51,TACGGCAACAATCTGAGGGT,1,20488
TSS_1414_storz_regulondb,0.23076923076923078,62,51,GGCTAGAGTGTTTCAGGAGG,11,19049
TSS_1414_storz_regulondb,0.038461538461538464,52,51,GCTGTGCAATGCTCTAGCGT,1,59477
TSS_1414_storz_regulondb,0.057692307692307696,53,51,GCGTCTATTTGCTAGGGCTA,2,45836
TSS_1414_storz_regulondb,0.057692307692307696,53,51,GACCGCAGGGGGGGGTGTTT,2,54601
TSS_1414_storz_regulondb,0.11538461538461539,56,51,GAAATGTTGGCTCTTTTCCC,5,4722
TSS_1414_storz_regulondb,0.17307692307692307,59,51,CCGGCAACAAGAACCTGACT,8,26372
TSS_1414_storz_regulondb,0.07692307692307693,54,51,CCCAGTGAGCGGGTGACAAA,3,20545
TSS_1414_storz_regulondb,0.057692307692307696,53,51,ATGACGGCCATGTATTCGTC,2,8920
TSS_1414_storz_regulondb,0.038461538461538464,52,51,AGATTTTACCTCGGATGGAG,1,7301
TSS_1414_storz_regulondb,0.038461538461538464,52,51,ACCGGTTCGAGGTACCGATA,1,16896
TSS_1414_storz_regulondb,0.038461538461538464,52,51,AAGCCCCATCCTCAGAGGGG,1,30974
TSS_1414_storz_regulondb,0.057692307692307696,53,51,AACACTTGTCGCAACTAAGC,2,45402
TSS_1414_storz_regulondb,37.34615384615385,1992,51,AAATTGTGTTTCGTGAGGGA,1941,75193
TSS_1414_storz_regulondb,0.0784313725490196,53,50,TGTATCGCGTCTGGTAGCAG,3,29526
TSS_1414_storz_regulondb,0.058823529411764705,52,50,TGCTAAGAGTATCTGTGGCA,2,21271
TSS_1414_storz_regulondb,0.0392156862745098,51,50,GGGCGTCAGTATGCTGGCCA,1,50153
TSS_1414_storz_regulondb,0.058823529411764705,52,50,GCTAAACTACTCTAGCGGGT,2,43686
TSS_1414_storz_regulondb,0.0392156862745098,51,50,GAGCAGAGCGGCATGGATAG,1,48206
TSS_1414_storz_regulondb,0.058823529411764705,52,50,CTCGTTACCACATGATCATG,2,72217
TSS_1414_storz_regulondb,0.0392156862745098,51,50,CTAGGGATAGGACCTGCCCC,1,17226
TSS_1414_storz_regulondb,0.0392156862745098,51,50,CGGGAATTGCTTTGCTCAAT,1,70602
TSS_1414_storz_regulondb,0.0392156862745098,51,50,CAAGCTGATGCAGCCTCGCA,1,3234
TSS_1414_storz_regulondb,0.058823529411764705,52,50,AGTGGTCGTTCGAGGCAGAG,2,10131
TSS_1414_storz_regulondb,0.1568627450980392,57,50,AGAGTTGTATTGGTACAGGT,7,27511
TSS_1414_storz_regulondb,0.11764705882352941,55,50,AATGTGCTCGTCGTACTCAG,5,13378
TSS_1414_storz_regulondb,0.2,58,49,TTAGGGGCAGCTAACCATTT,9,39145
TSS_1414_storz_regulondb,0.08,52,49,TGCATTCAGGAAGGCTAGGG,3,17526
TSS_1414_storz_regulondb,0.14,55,49,TATATGTCGGCATACGCGGA,6,74141
TSS_1414_storz_regulondb,0.04,50,49,GTCGCACAAAAGTAGAACTA,1,64337
TSS_1414_storz_regulondb,0.16,56,49,GGTGCTAGAGTCTGCTTCCT,7,2425
TSS_1414_storz_regulondb,0.04,50,49,GCGTGTTGAAAAGTTGGCAA,1,25955
TSS_1414_storz_regulondb,0.1,53,49,GCAGAAGTACTGATGGCGTA,4,60927
TSS_1414_storz_regulondb,0.1,53,49,CTACTCGCACAAAGTGACGA,4,31254
TSS_1414_storz_regulondb,0.04,50,49,ATATGTAGCGGTAGGCATGT,1,29811
TSS_1414_storz_regulondb,0.04,50,49,ATAGCGTCCAGGGACTTGGT,1,70891
TSS_1414_storz_regulondb,0.08,52,49,ATAGCCGGTATTCAGGGGAT,3,46369
TSS_1414_storz_regulondb,0.12,54,49,AGTGCAAGGCCGAGGTTTTT,5,31421
TSS_1414_storz_regulondb,0.08,52,49,ACCGTTCAGGAACCATTTGC,3,50553
TSS_1414_storz_regulondb,0.04081632653061224,49,48,TGGGATCTGTACCGGACTTG,1,22523
TSS_1414_storz_regulondb,0.08163265306122448,51,48,TGACCGTGACACCCTGGTTT,3,1959
TSS_1414_storz_regulondb,0.061224489795918366,50,48,TCCGGTCGCTGTATTCGTTA,2,22104
TSS_1414_storz_regulondb,0.12244897959183673,53,48,TCCCGATAATCGCGCTAAAT,5,42198
TSS_1414_storz_regulondb,0.08163265306122448,51,48,TCACAACGAAAACGGCCGAT,3,48465
TSS_1414_storz_regulondb,0.061224489795918366,50,48,GGTGACCATTTCGTTCTATG,2,34778
TSS_1414_storz_regulondb,0.24489795918367346,59,48,CTGCCCGACGAGTCGTGGGA,11,12023
TSS_1414_storz_regulondb,0.14285714285714285,54,48,CTCTTTCTCCTGGCTTACCT,6,48318
TSS_1414_storz_regulondb,34.285714285714285,1727,48,CTACTGTGGCATGTTGGTGG,1679,29459
TSS_1414_storz_regulondb,3.306122448979592,209,48,CTACGAATTGGGTAATATAG,161,9889
TSS_1414_storz_regulondb,0.061224489795918366,50,48,CAGTTCCTGGAGCGCTCGCC,2,79297
TSS_1414_storz_regulondb,0.7346938775510204,83,48,ACTCTGCTCAACAATACATT,35,78232
TSS_1414_storz_regulondb,0.04081632653061224,49,48,ACCAGTTCCCCAATTTGGGT,1,9887
TSS_1414_storz_regulondb,0.14285714285714285,54,48,ACAACCTGTCTCACACTTAT,6,71394
TSS_1414_storz_regulondb,0.041666666666666664,48,47,TGTGGCAGGAGCGATAATGT,1,64688
TSS_1414_storz_regulondb,0.10416666666666667,51,47,TCTCGGCGTCCACATTTTAG,4,64134
TSS_1414_storz_regulondb,47.0,2302,47,TCCATCAGTGCCTTTACAGT,2255,45929
TSS_1414_storz_regulondb,0.3333333333333333,62,47,GTCGTATCGTTTGTATCTAG,15,62127
TSS_1414_storz_regulondb,0.041666666666666664,48,47,GACCGGATAAGTCCACAACA,1,24104
TSS_1414_storz_regulondb,0.08333333333333333,50,47,CTCATTGATCCGTGCATCAT,3,6671
TSS_1414_storz_regulondb,0.041666666666666664,48,47,ATTTTATGATCTTCGAGCTT,1,42084
TSS_1414_storz_regulondb,0.10416666666666667,51,47,ATTGCGTCTGATGGCGAACT,4,51209
TSS_1414_storz_regulondb,0.0625,49,47,AAGGGAGGGACCTGGGGGCT,2,67101
TSS_1414_storz_regulondb,0.06382978723404255,48,46,TGCATTGCTCTAATTGACAG,2,36054
TSS_1414_storz_regulondb,0.3404255319148936,61,46,TGCATCACAGTTGTAACCTC,15,75660
TSS_1414_storz_regulondb,0.19148936170212766,54,46,TCGGCTTCCCGGGATACTAA,8,49287
TSS_1414_storz_regulondb,0.06382978723404255,48,46,TCACTAACCCACGAGTCTTT,2,45298
TSS_1414_storz_regulondb,0.06382978723404255,48,46,TATAGAAAGAGTGCGTCTCA,2,21067
TSS_1414_storz_regulondb,0.1702127659574468,53,46,GTGAGTCTTACATGCCCGGC,7,48777
TSS_1414_storz_regulondb,0.1276595744680851,51,46,GGAGCCGCCTCCGTGGTCTT,5,54607
TSS_1414_storz_regulondb,0.1276595744680851,51,46,GATACTAATCAATAGTACAT,5,36142
TSS_1414_storz_regulondb,0.14893617021276595,52,46,GACCGGCCGCGGACGCGTTA,6,48635
TSS_1414_storz_regulondb,0.0425531914893617,47,46,CTTGTCGTCCCTAACGGAAG,1,23565
TSS_1414_storz_regulondb,0.06382978723404255,48,46,CTAGTAAGTCAGGTGGCTCA,2,44616
TSS_1414_storz_regulondb,0.06382978723404255,48,46,CTACAAGCTCGAGTTCGAAT,2,76074
TSS_1414_storz_regulondb,0.0425531914893617,47,46,CGCGAAACTCACGTTATTAT,1,20954
TSS_1414_storz_regulondb,0.0425531914893617,47,46,CCTCATATCGCTACTTGTGC,1,24196
TSS_1414_storz_regulondb,0.23404255319148937,56,46,CATGGCCATCTCGCTAGACC,10,59157
TSS_1414_storz_regulondb,10.48936170212766,538,46,CAACTAAGCCTTCATTTAGT,492,30267
TSS_1414_storz_regulondb,0.0851063829787234,49,46,AGCCTGGGGGTGCTCAAAAA,3,40981
TSS_1414_storz_regulondb,0.0425531914893617,47,46,ACTCAGAGGCGACCCCGGAT,1,55109
TSS_1414_storz_regulondb,0.0851063829787234,49,46,ACAGTGCCACCGGGCGAATA,3,57007
TSS_1414_storz_regulondb,0.1702127659574468,53,46,AATATGTATATTAGTCGCGA,7,5368
TSS_1414_storz_regulondb,0.0851063829787234,49,46,AACTATTGGCATTCTTCCTG,3,68498
TSS_1414_storz_regulondb,0.08695652173913043,48,45,TGCTGACTAAGTAGAACAGT,3,22765
TSS_1414_storz_regulondb,0.21739130434782608,54,45,TACGGTTATGAGAACCTTTT,9,38222
TSS_1414_storz_regulondb,9.326086956521738,473,45,TACGGCAAAGGCCTCGGCCG,428,9790
TSS_1414_storz_regulondb,0.13043478260869565,50,45,GTGAGCACTGCGGAGTAGAT,5,25903
TSS_1414_storz_regulondb,0.2391304347826087,55,45,GTCCTCGCCAAGACCATCGT,10,37683
TSS_1414_storz_regulondb,0.043478260869565216,46,45,GTCAGCGGTGCCCAGCATTG,1,76227
TSS_1414_storz_regulondb,0.06521739130434782,47,45,GTACGTCTTCTTATTATCTT,2,63645
TSS_1414_storz_regulondb,0.21739130434782608,54,45,GCCTAGCCACCAATTCTCTT,9,23740
TSS_1414_storz_regulondb,0.043478260869565216,46,45,GCCGGGAAGCAATACTGCGA,1,5452
TSS_1414_storz_regulondb,0.043478260869565216,46,45,GAGTTCTCGTCAATTCCTCC,1,2907
TSS_1414_storz_regulondb,0.17391304347826086,52,45,GACATTTCGATTGTCGTTAT,7,55813
TSS_1414_storz_regulondb,0.043478260869565216,46,45,CTAAGGCAGGTTCACGAGTC,1,33723
TSS_1414_storz_regulondb,0.13043478260869565,50,45,CGAACTCGCCAAGTGGCATA,5,45731
TSS_1414_storz_regulondb,0.2826086956521739,57,45,CCGTGTATCCTAGTCGGGAG,12,29355
TSS_1414_storz_regulondb,0.043478260869565216,46,45,CAGTGCAACGCTAAACGTAT,1,19596
TSS_1414_storz_regulondb,15.152173913043478,741,45,CAGTGCAAAGAAAACGCGTC,696,4425
TSS_1414_storz_regulondb,0.043478260869565216,46,45,ATCCGCCAGGACTCTCCTAG,1,17124
TSS_1414_storz_regulondb,0.21739130434782608,54,45,AGTTGGCCTTAGCCATCGCG,9,5848
TSS_1414_storz_regulondb,6.130434782608695,326,45,AGTCAAGTTCCGATCGCCTC,281,53339
TSS_1414_storz_regulondb,0.10869565217391304,49,45,AGATAGTTCAAGTTTTATGT,4,32181
TSS_1414_storz_regulondb,0.043478260869565216,46,45,AGAGGTCACTTTCGCTACGT,1,72393
TSS_1414_storz_regulondb,0.17391304347826086,52,45,ACGTCTCGATCCGAAGTTTT,7,64875
TSS_1414_storz_regulondb,0.043478260869565216,46,45,AAGTCCCGTAACCGTTCTAA,1,16296
TSS_1414_storz_regulondb,7.391304347826087,384,45,AAAACCCGCGACTTTACACA,339,30019
TSS_1414_storz_regulondb,0.044444444444444446,45,44,TTTTAGTGTATTGTGAATAT,1,13124
TSS_1414_storz_regulondb,0.08888888888888889,47,44,TACGTTCGCGTCTCAGAGTC,3,7749
TSS_1414_storz_regulondb,0.044444444444444446,45,44,GTTCAGCGGGCGAATTACGC,1,17406
TSS_1414_storz_regulondb,0.06666666666666667,46,44,GTGCCGGCAGTAGCTATTGA,2,52800
TSS_1414_storz_regulondb,0.044444444444444446,45,44,GTCTACAACACCGAGATAAA,1,19467
TSS_1414_storz_regulondb,0.044444444444444446,45,44,GGGAGGACGAGCTCAAGAGT,1,12961
TSS_1414_storz_regulondb,0.08888888888888889,47,44,GGCCTAAGAACCGTGGGAGA,3,662
TSS_1414_storz_regulondb,0.044444444444444446,45,44,GCGCCGGACTATTATCGGAC,1,1345
TSS_1414_storz_regulondb,0.15555555555555556,50,44,GCAATGCAGAAGACATTTTC,6,75636
TSS_1414_storz_regulondb,0.044444444444444446,45,44,CTCTGTCTGAGATTGTTCTA,1,24736
TSS_1414_storz_regulondb,0.08888888888888889,47,44,CGCGGCTCTTCGGCCGGGAA,3,44602
TSS_1414_storz_regulondb,0.044444444444444446,45,44,CCTGTTGTATGTATAATCGT,1,50252
TSS_1414_storz_regulondb,0.24444444444444444,54,44,AGGGCTCTTACCTCAGTGAA,10,39386
TSS_1414_storz_regulondb,0.06666666666666667,46,44,AGCAAACCTGGTGCTGGCCT,2,16642
TSS_1414_storz_regulondb,0.15555555555555556,50,44,AGATTGTTAGGCCTACAGGA,6,30928
TSS_1414_storz_regulondb,0.06666666666666667,46,44,AATGGCGAGACGGGCACCGT,2,66555
TSS_1414_storz_regulondb,0.08888888888888889,47,44,AAATGCTCACAGCGGTCTCA,3,17476
TSS_1414_storz_regulondb,0.06818181818181818,45,43,TGTCCTTTAATGCGCGCGAG,2,32536
TSS_1414_storz_regulondb,0.13636363636363635,48,43,TACTGAACGGTTTTACATGT,5,32580
TSS_1414_storz_regulondb,2.1363636363636362,136,43,GTGCACCCAACCTGCCGGTA,93,16977
TSS_1414_storz_regulondb,0.045454545454545456,44,43,GGGCAACAAAGCGACAAGGT,1,3637
TSS_1414_storz_regulondb,0.06818181818181818,45,43,GAATCTGGATCATCGGCTTT,2,49921
TSS_1414_storz_regulondb,0.1590909090909091,49,43,GAATCCGGTTGGTCGTGGTG,6,16161
TSS_1414_storz_regulondb,0.13636363636363635,48,43,GAAGTACGTGCAAGACCGAG,5,41028
TSS_1414_storz_regulondb,0.06818181818181818,45,43,CTTACCGAGAGTAATACTTT,2,65919
TSS_1414_storz_regulondb,8.386363636363637,411,43,CGTCACCTACACTAAGAGAT,368,48297
TSS_1414_storz_regulondb,11.659090909090908,555,43,CCTTATACTCCCTGGGCTAC,512,24206
TSS_1414_storz_regulondb,0.045454545454545456,44,43,CCGCGCTAGTCTAAGCGATA,1,20868
TSS_1414_storz_regulondb,20.295454545454547,935,43,CCAGACTTGGATAGTCCCCA,892,42651
TSS_1414_storz_regulondb,0.045454545454545456,44,43,CATCGTTTACAGCTCAAGGG,1,57665
TSS_1414_storz_regulondb,0.045454545454545456,44,43,CAGCCGATCTTGTTCCGCCC,1,9270
TSS_1414_storz_regulondb,0.09090909090909091,46,43,CAGAGCGCCGGACGAGGTAT,3,67640
TSS_1414_storz_regulondb,0.045454545454545456,44,43,CAAGTTACCACCCAAATCGT,1,24292
TSS_1414_storz_regulondb,0.06818181818181818,45,43,ATGTTCGTTAAGTAAATACT,2,29356
TSS_1414_storz_regulondb,0.045454545454545456,44,43,AGGGTTTGTCAAGGATAGTA,1,50964
TSS_1414_storz_regulondb,0.20454545454545456,51,43,AGGGTTATCGTCTCCACTCA,8,20015
TSS_1414_storz_regulondb,0.045454545454545456,44,43,ACGTGCATCTTTCTTCCCAT,1,54707
TSS_1414_storz_regulondb,0.09090909090909091,46,43,ACGTACACAGAGATGATAGT,3,68768
TSS_1414_storz_regulondb,0.045454545454545456,44,43,AACGACAAAACATTGTATGA,1,63234
TSS_1414_storz_regulondb,0.046511627906976744,43,42,TTTCAGGGCTCCACTACCCT,1,9563
TSS_1414_storz_regulondb,0.046511627906976744,43,42,TTGCCCAATGGAGTGTGAAA,1,23335
TSS_1414_storz_regulondb,0.11627906976744186,46,42,TGGGGCGGGGAAAGGTAGTC,4,60921
TSS_1414_storz_regulondb,0.046511627906976744,43,42,TGGGAAAGCTTTACGGTATA,1,27374
TSS_1414_storz_regulondb,7.534883720930233,365,42,TGCCATCGGATATCTGTGAG,323,27567
TSS_1414_storz_regulondb,0.046511627906976744,43,42,TCGTTCCGGATCCATCCGTA,1,44711
TSS_1414_storz_regulondb,0.06976744186046512,44,42,TATTGTAGGGGCAACACTGT,2,27817
TSS_1414_storz_regulondb,0.09302325581395349,45,42,TATGTTTCTAGGTCAAGGGC,3,47546
TSS_1414_storz_regulondb,0.046511627906976744,43,42,GCTTTGGGTGAAACCACGCT,1,77512
TSS_1414_storz_regulondb,0.11627906976744186,46,42,GCGTCTTGGGTGCACCGGCC,4,8294
TSS_1414_storz_regulondb,0.046511627906976744,43,42,GCCGAACACGAGGGACGGCT,1,9490
TSS_1414_storz_regulondb,0.16279069767441862,48,42,GCATGTGACGTATAGTTAAT,6,55026
TSS_1414_storz_regulondb,0.06976744186046512,44,42,GATTCGACTGATGGTGCGCG,2,21806
TSS_1414_storz_regulondb,2.2093023255813953,136,42,GAGTTTGGATAGGGGACTAC,94,52773
TSS_1414_storz_regulondb,0.09302325581395349,45,42,GAGCCTCCCGTTTGTCTATT,3,36358
TSS_1414_storz_regulondb,0.3488372093023256,56,42,GACGAAAACGGATGGAAGCC,14,5251
TSS_1414_storz_regulondb,0.046511627906976744,43,42,CGTCTCAAAGCGAGGGTCAT,1,51653
TSS_1414_storz_regulondb,0.046511627906976744,43,42,CGGATGTCGTAGGTCGGCTG,1,17274
TSS_1414_storz_regulondb,0.27906976744186046,53,42,CAGTCTATGACGAGAGAGGT,11,26538
TSS_1414_storz_regulondb,0.046511627906976744,43,42,ATATGGAAGGTAATACGTGT,1,45027
TSS_1414_storz_regulondb,0.13953488372093023,47,42,AGGCTAGAATTACGTCGAGT,5,72331
TSS_1414_storz_regulondb,0.06976744186046512,44,42,ACTGATACAACCCCTGCTGG,2,59449
TSS_1414_storz_regulondb,0.11627906976744186,46,42,ACAGGGGCTATGACAAGAAC,4,37828
TSS_1414_storz_regulondb,0.046511627906976744,43,42,AAGCCGCTCCGGCTTATGCG,1,70598
TSS_1414_storz_regulondb,0.046511627906976744,43,42,AACAAATCACGTTTTTCTTC,1,12951
TSS_1414_storz_regulondb,0.047619047619047616,42,41,TATTCACCCCTGGACACTAC,1,11554
TSS_1414_storz_regulondb,0.09523809523809523,44,41,TAAGAAGAGAAAGGATTCAT,3,5665
TSS_1414_storz_regulondb,0.047619047619047616,42,41,GTGTAGAATCAATGCGAGAA,1,13762
TSS_1414_storz_regulondb,0.07142857142857142,43,41,GGTTCGGCTGCGGCAGCGAT,2,25094
TSS_1414_storz_regulondb,0.07142857142857142,43,41,GGACAACGGCCGAAAGCACT,2,77231
TSS_1414_storz_regulondb,0.047619047619047616,42,41,GAAGGTATCCAGGACAAGGT,1,62807
TSS_1414_storz_regulondb,0.07142857142857142,43,41,CTCGGCACCGACGTGTGTAT,2,48301
TSS_1414_storz_regulondb,0.07142857142857142,43,41,CTCGGATACCTCCATTATAG,2,7842
TSS_1414_storz_regulondb,0.047619047619047616,42,41,CTATTCTTACTGTGTTGTTC,1,58889
TSS_1414_storz_regulondb,0.38095238095238093,56,41,CGGTCCACTGCCCCCAGATA,15,18676
TSS_1414_storz_regulondb,0.6428571428571429,67,41,CCTTCTTATAAGAGACTCTG,26,58123
TSS_1414_storz_regulondb,0.2619047619047619,51,41,CCGCATCACTGGGTCTAGAG,10,50923
TSS_1414_storz_regulondb,0.047619047619047616,42,41,CCCTGAAGCAAAGGGGGATC,1,23185
TSS_1414_storz_regulondb,0.047619047619047616,42,41,CATCCAATGTCTTGAAGCGT,1,80799
TSS_1414_storz_regulondb,0.11904761904761904,45,41,CAAGTGTGCACGGACGAGCA,4,16428
TSS_1414_storz_regulondb,0.047619047619047616,42,41,ATTCGGCTGACAATATTATG,1,42446
TSS_1414_storz_regulondb,0.047619047619047616,42,41,ATCGAAGGTCCGTCCGTGAA,1,44406
TSS_1414_storz_regulondb,0.047619047619047616,42,41,AGTCGAAAAGAGGTACTCCT,1,25823
TSS_1414_storz_regulondb,0.047619047619047616,42,41,AGTACATGCGCGCAGGGCGA,1,58946
TSS_1414_storz_regulondb,0.047619047619047616,42,41,AGAAATTCGCCGAGCTTATT,1,3519
TSS_1414_storz_regulondb,0.047619047619047616,42,41,ACCCGTGTGATTCCGTGCGT,1,37821
TSS_1414_storz_regulondb,0.04878048780487805,41,40,TCTTGGAGTGTCGTAAATCA,1,57327
TSS_1414_storz_regulondb,0.2926829268292683,51,40,TCTTGCGACATCGCCTGCCA,11,74715
TSS_1414_storz_regulondb,0.07317073170731707,42,40,TCTACCGCTACCGTCAATCT,2,1642
TSS_1414_storz_regulondb,0.14634146341463414,45,40,GGGCATGTCTGATCCTCAGT,5,9779
TSS_1414_storz_regulondb,0.0975609756097561,43,40,GCTGAGCTTTCAGGTTGGGA,3,43510
TSS_1414_storz_regulondb,0.04878048780487805,41,40,GCGGTCCCTCCTGAATCGGC,1,30130
TSS_1414_storz_regulondb,0.04878048780487805,41,40,GCCTCGAGGATCAAACGCGT,1,56224
TSS_1414_storz_regulondb,0.04878048780487805,41,40,CGTGCTTTTCTGCACTTTCA,1,49345
TSS_1414_storz_regulondb,10.902439024390244,486,40,CGACACATAATTTCCCAAAG,446,59586
TSS_1414_storz_regulondb,0.04878048780487805,41,40,CCGTTCGACGATCTGGCTTT,1,78987
TSS_1414_storz_regulondb,5.2439024390243905,254,40,CCGCGGTGGTTGTACAGTTA,214,23744
TSS_1414_storz_regulondb,0.12195121951219512,44,40,CCCCCAGGATGGGGCCAAAC,4,20192
TSS_1414_storz_regulondb,0.07317073170731707,42,40,CATGTACTGCCCTTGAAAAT,2,39138
TSS_1414_storz_regulondb,9.536585365853659,430,40,CAGAGGGAACTCAGCAACCA,390,6590
TSS_1414_storz_regulondb,0.07317073170731707,42,40,CACGTTGACTCTTCGGCTTA,2,63825
TSS_1414_storz_regulondb,0.04878048780487805,41,40,CAACGCTTGCCGGTGCTCCT,1,33505
TSS_1414_storz_regulondb,0.04878048780487805,41,40,ATAATAAATCTTGCTCGCGA,1,28262
TSS_1414_storz_regulondb,0.04878048780487805,41,40,AGCCGCCCAAAGATCCTTAG,1,23423
TSS_1414_storz_regulondb,0.36585365853658536,54,40,AGACTGCCATCCGAACTCAA,14,4199
TSS_1414_storz_regulondb,0.04878048780487805,41,40,ACGTGAGGTTGCGGGAGTGA,1,63028
TSS_1414_storz_regulondb,9.341463414634147,422,40,AAGCAGACCGTGTGCAAGAA,382,58732
TSS_1414_storz_regulondb,0.1,42,39,TTCCGTAGGCTTCTGGCTTC,3,75222
TSS_1414_storz_regulondb,0.2,46,39,TGCACAGATCTCTACCCATT,7,33208
TSS_1414_storz_regulondb,0.3,50,39,TCCCAATAGCTCAAGTCTAT,11,25139
TSS_1414_storz_regulondb,14.075,601,39,TAGCGGTTGGGTCACAGAGG,562,34987
TSS_1414_storz_regulondb,0.05,40,39,TACATCTCCATTCCTTTCTA,1,23486
TSS_1414_storz_regulondb,0.05,40,39,TACAGTATGTATCTTGAACT,1,25416
TSS_1414_storz_regulondb,0.05,40,39,GTGTACTTCTGGACCGCATT,1,79656
TSS_1414_storz_regulondb,0.175,45,39,GGTTCAAAATGCCTTCTCCC,6,26152
TSS_1414_storz_regulondb,0.2,46,39,GGGTGTACATGCCGGCACGA,7,51472
TSS_1414_storz_regulondb,0.075,41,39,GGCTTTCAAGATTCTTGCAA,2,45037
TSS_1414_storz_regulondb,0.05,40,39,GGCCCAATGAGGTGTTACTG,1,51655
TSS_1414_storz_regulondb,0.05,40,39,GGAGTACTGGCACCTTGGAT,1,16151
TSS_1414_storz_regulondb,0.05,40,39,GCAGGCCCTGCGCTAGAATA,1,9720
TSS_1414_storz_regulondb,0.05,40,39,GCACGCGAGCGCCCCACGCT,1,51855
TSS_1414_storz_regulondb,0.05,40,39,GACCCCCCTATTACTTCTCA,1,75426
TSS_1414_storz_regulondb,16.5,698,39,CTACCGGTCCTAGTATCCTT,659,32888
TSS_1414_storz_regulondb,0.05,40,39,CGGACCCGCCACCACTGCTA,1,5443
TSS_1414_storz_regulondb,0.05,40,39,CCTCCTGACTCGCCGCTGAT,1,3363
TSS_1414_storz_regulondb,0.225,47,39,CCGGCGGCCGCATAAAGACA,8,13388
TSS_1414_storz_regulondb,0.1,42,39,CCCTCGAAGCCAAAATCCGT,3,27417
TSS_1414_storz_regulondb,0.05,40,39,CCATCATACCTGAAACATAT,1,35690
TSS_1414_storz_regulondb,0.05,40,39,CCAGTCGGCCCTACGGAGCT,1,54248
TSS_1414_storz_regulondb,0.2,46,39,CAGGCTGTAGCAGCAAACTG,7,30222
TSS_1414_storz_regulondb,0.05,40,39,CAGCTCCGCCTCCCATGTCA,1,42953
TSS_1414_storz_regulondb,23.85,992,39,CAGCAAAGCTGCGGGTCTCT,953,9730
TSS_1414_storz_regulondb,0.05,40,39,CACGCACTAACTACATTAGG,1,74132
TSS_1414_storz_regulondb,0.075,41,39,AGACACTCCTCAGTCAGCGA,2,22003
TSS_1414_storz_regulondb,4.6,222,39,ACGTTAATCTTTACATTCTG,183,44300
TSS_1414_storz_regulondb,0.05,40,39,ACCTGAGTAGTCCACTGTCC,1,17792
TSS_1414_storz_regulondb,0.325,51,39,AATGTACCTCAGAACGTTTT,12,34787
TSS_1414_storz_regulondb,0.10256410256410256,41,38,TTTCGGCTTCTGTGCAATCT,3,57335
TSS_1414_storz_regulondb,0.358974358974359,51,38,TCTAGTCCCTCCACCTGCAG,13,12952
TSS_1414_storz_regulondb,0.1282051282051282,42,38,TCCTATAGAGCACGAAGGAA,4,57326
TSS_1414_storz_regulondb,0.05128205128205128,39,38,TAGGGCAACGCAGTACGACT,1,80666
TSS_1414_storz_regulondb,0.05128205128205128,39,38,TAGCGCCAACGCAATATGGC,1,30482
TSS_1414_storz_regulondb,0.07692307692307693,40,38,TAGACCCTCCTGTTTAATTA,2,52794
TSS_1414_storz_regulondb,23.794871794871796,965,38,TACGCAGAGGGCCAAACGAA,927,35026
TSS_1414_storz_regulondb,22.28205128205128,906,38,TACAGTTCCAGAGGTTACGT,868,27298
TSS_1414_storz_regulondb,0.05128205128205128,39,38,GTGAGTTGAGGCCGAATAAT,1,38245
TSS_1414_storz_regulondb,0.1282051282051282,42,38,GTCAGCCAGGCAATGTGGAG,4,46022
TSS_1414_storz_regulondb,0.05128205128205128,39,38,GGGAGGAGAGTACACAAATG,1,33281
TSS_1414_storz_regulondb,0.05128205128205128,39,38,GCTGTGGATCGGTATCAAAA,1,25098
TSS_1414_storz_regulondb,0.05128205128205128,39,38,GCTCCCGACTTAGCGAGATC,1,47676
TSS_1414_storz_regulondb,0.05128205128205128,39,38,GCGCTGCAGGGTCGGTACGA,1,60054
TSS_1414_storz_regulondb,0.05128205128205128,39,38,GCGAGGCTCTAGCAGTCGCA,1,50260
TSS_1414_storz_regulondb,0.10256410256410256,41,38,GCCGTCGCGCAGCAACGAGG,3,76456
TSS_1414_storz_regulondb,0.07692307692307693,40,38,GAGTAAGTGTGTATTACCTA,2,61613
TSS_1414_storz_regulondb,0.20512820512820512,45,38,GAGCTAATGGGTACCTTTTT,7,34106
TSS_1414_storz_regulondb,0.05128205128205128,39,38,GACGCGTGGGGGCGGACTTT,1,69329
TSS_1414_storz_regulondb,0.05128205128205128,39,38,CTAGACGGCTACGCCAGAAT,1,26988
TSS_1414_storz_regulondb,0.05128205128205128,39,38,CGTGTGGTTATGAAAAGGGT,1,5450
TSS_1414_storz_regulondb,0.05128205128205128,39,38,CGCTGGTTGGGTCTCACCCA,1,63288
TSS_1414_storz_regulondb,0.10256410256410256,41,38,CCTAGTCGTTTTCCGCAGAC,3,30705
TSS_1414_storz_regulondb,0.07692307692307693,40,38,CCGTACTACTTGACAGCCGT,2,61056
TSS_1414_storz_regulondb,0.10256410256410256,41,38,CCAGTGTGTAACGTCTTGGC,3,58028
TSS_1414_storz_regulondb,4.487179487179487,212,38,CAGCGGCATAGATTCTGGGT,174,34311
TSS_1414_storz_regulondb,0.07692307692307693,40,38,CACCCGAACGTTTTTCAGAT,2,20753
TSS_1414_storz_regulondb,0.23076923076923078,46,38,ATTAGACTTTAGGTCGGTAC,8,54769
TSS_1414_storz_regulondb,0.05128205128205128,39,38,ATGGTCAGCCCAGGTTCGAA,1,69367
TSS_1414_storz_regulondb,0.1282051282051282,42,38,ATAGGATGCTGAGAGTCAGA,4,8330
TSS_1414_storz_regulondb,0.07692307692307693,40,38,AGGAGTCTTATTTTCGGGGT,2,49351
TSS_1414_storz_regulondb,0.05128205128205128,39,38,AGCTCTTGTGGTCATCGGAA,1,56711
TSS_1414_storz_regulondb,0.20512820512820512,45,38,ACCGTAGCTGGGGCCTAGAT,7,47984
TSS_1414_storz_regulondb,0.1282051282051282,42,38,AACGACTTTTGAACAGGTGA,4,13846
TSS_1414_storz_regulondb,0.05128205128205128,39,38,AAAAAAAATGAGCGAGGGCG,1,21362
TSS_1414_storz_regulondb,13.263157894736842,540,37,TTAATCTTACTGACGGCCTG,503,54771
TSS_1414_storz_regulondb,0.05263157894736842,38,37,TGCCAGATTTCGCAGAGATA,1,4973
TSS_1414_storz_regulondb,0.05263157894736842,38,37,TGAATTTAGCGCCGGACGGT,1,59246
TSS_1414_storz_regulondb,0.05263157894736842,38,37,TCGAACGGAGAAGAACTATT,1,37641
TSS_1414_storz_regulondb,0.05263157894736842,38,37,TAGGCGGTGTGTTCTGTTAG,1,43298
TSS_1414_storz_regulondb,0.05263157894736842,38,37,TACTCCCAGGGGGTTCTACA,1,62396
TSS_1414_storz_regulondb,0.05263157894736842,38,37,TACGATGCATTAGTGATGCT,1,49785
TSS_1414_storz_regulondb,0.05263157894736842,38,37,GTAGTTATAACATCTATGAC,1,38158
TSS_1414_storz_regulondb,0.18421052631578946,43,37,GGTTTCCCGAGGGTAGCTGC,6,33932
TSS_1414_storz_regulondb,0.23684210526315788,45,37,GGTGAGTGTATGAATGGAGT,8,57566
TSS_1414_storz_regulondb,0.07894736842105263,39,37,GCGGTGGAGCTCACGGATCG,2,59302
TSS_1414_storz_regulondb,0.05263157894736842,38,37,GCCTTTAGTCGACAGTCGCT,1,54452
TSS_1414_storz_regulondb,0.05263157894736842,38,37,GACCTGACCCCGGCGCAGTG,1,35627
TSS_1414_storz_regulondb,0.05263157894736842,38,37,CTGTCGCACACATAAGAGAA,1,50866
TSS_1414_storz_regulondb,0.15789473684210525,42,37,CTATGTATGGTTTTTGCGAT,5,31247
TSS_1414_storz_regulondb,0.05263157894736842,38,37,CGGGACCTCGGGCGGAGTGT,1,38147
TSS_1414_storz_regulondb,0.05263157894736842,38,37,CGGCCCCTGTTTAAGCGGCG,1,47544
TSS_1414_storz_regulondb,0.3157894736842105,48,37,CCCGCTTTTTTACCGAAAGA,11,47729
TSS_1414_storz_regulondb,0.05263157894736842,38,37,CATCTCGTCTTATAGTGTAA,1,47637
TSS_1414_storz_regulondb,0.10526315789473684,40,37,AGATCCCCCAATCTTCTGTA,3,1571
TSS_1414_storz_regulondb,0.10810810810810811,39,36,TTCTGGCGGGGGAACTTCTC,3,52624
TSS_1414_storz_regulondb,0.05405405405405406,37,36,TGCATATGGTCTATGTACAA,1,31433
TSS_1414_storz_regulondb,0.35135135135135137,48,36,TCTCCTGTAGGGGTTTCCAC,12,79187
TSS_1414_storz_regulondb,0.16216216216216217,41,36,TCCAACGCTTGAGATCCGTA,5,61042
TSS_1414_storz_regulondb,0.08108108108108109,38,36,TCAAGGAGTATGATTTGGGT,2,4971
TSS_1414_storz_regulondb,0.05405405405405406,37,36,GTTATTAACTGCCGGTTCAT,1,68679
TSS_1414_storz_regulondb,0.24324324324324326,44,36,GTACAGTCTGGAGACCCGGT,8,55490
TSS_1414_storz_regulondb,0.05405405405405406,37,36,GGGTCTTTGCCCTTTCCGAT,1,42640
TSS_1414_storz_regulondb,0.05405405405405406,37,36,GGGTCGATACCCCTAATTGA,1,3008
TSS_1414_storz_regulondb,0.05405405405405406,37,36,GGGCACTTGGACGAGTTAAA,1,25140
TSS_1414_storz_regulondb,0.4594594594594595,52,36,GCTTCGCCGCCGATGTACAT,16,36637
TSS_1414_storz_regulondb,0.08108108108108109,38,36,GCTCTTTCAGGGTTCGGCTT,2,37139
TSS_1414_storz_regulondb,2.675675675675676,134,36,GCGTGAAGCCAGCTGATCAA,98,50635
TSS_1414_storz_regulondb,0.05405405405405406,37,36,GATCGGATCACTAGCAGGAT,1,51450
TSS_1414_storz_regulondb,0.05405405405405406,37,36,CTTTGCTAACGTCCAGACAA,1,16467
TSS_1414_storz_regulondb,0.05405405405405406,37,36,CGGTGGATCTACATTGCGCT,1,1773
TSS_1414_storz_regulondb,0.1891891891891892,42,36,CGAGGCGCCCGAACCACAAG,6,7029
TSS_1414_storz_regulondb,0.08108108108108109,38,36,CCCGCGCGGAGGCGTTGGTT,2,21524
TSS_1414_storz_regulondb,0.24324324324324326,44,36,CAGTTCTTCTTCGCCCAAGA,8,60602
TSS_1414_storz_regulondb,19.35135135135135,751,36,CAATCGTTGCGCTGTCCGGA,715,57519
TSS_1414_storz_regulondb,0.2702702702702703,45,36,CAAATTCCGAAATCTTGTGA,9,62338
TSS_1414_storz_regulondb,0.05405405405405406,37,36,ATTGTGTAAATTCCTGCGCT,1,11221
TSS_1414_storz_regulondb,0.10810810810810811,39,36,AGTGTTCCTACTGAAGGGAC,3,46310
TSS_1414_storz_regulondb,0.10810810810810811,39,36,AGGGTATCGCACTCGGATGT,3,26740
TSS_1414_storz_regulondb,44.91891891891892,1697,36,AGATCGAGGAGGCTCAAACT,1661,11856
TSS_1414_storz_regulondb,0.05405405405405406,37,36,AGAGCTTCACGCATGGGTAG,1,48711
TSS_1414_storz_regulondb,0.08108108108108109,38,36,ACCTACATGCATCGCCGATT,2,35415
TSS_1414_storz_regulondb,0.3783783783783784,49,36,ACACTTTAGCCGTTGACGCT,13,35326
TSS_1414_storz_regulondb,18.756756756756758,729,36,AAGCGTTATTGCACACAAGT,693,61798
TSS_1414_storz_regulondb,0.05555555555555555,36,35,TTTATGCTCAGTGAATCTCA,1,65595
TSS_1414_storz_regulondb,0.1111111111111111,38,35,TGGCAACCGTGCCACCCTTG,3,18641
TSS_1414_storz_regulondb,0.05555555555555555,36,35,TGAGCTAGCAGACATGATCG,1,37244
TSS_1414_storz_regulondb,10.61111111111111,416,35,TGACCACTTAGGTGATCATG,381,27512
TSS_1414_storz_regulondb,0.05555555555555555,36,35,TCTCCGATTGGTGCTGGTAG,1,12110
TSS_1414_storz_regulondb,0.19444444444444445,41,35,TCGCACAAGGTGAGCTAGAC,6,38835
TSS_1414_storz_regulondb,18.27777777777778,692,35,TCCATTCCCTGTAGACACCT,657,273
TSS_1414_storz_regulondb,0.7222222222222222,60,35,TCACCAGCGGCATATTCCGG,25,56131
TSS_1414_storz_regulondb,0.19444444444444445,41,35,GTTAGTATAAACAATCAAGA,6,35485
TSS_1414_storz_regulondb,0.1388888888888889,39,35,GTGCCCATCGCCGCTATTGT,4,8677
TSS_1414_storz_regulondb,0.16666666666666666,40,35,GTCGGGGCCAAATGCGGTAG,5,28860
TSS_1414_storz_regulondb,0.08333333333333333,37,35,GGTTCCGGATGCAGGATGCT,2,54190
TSS_1414_storz_regulondb,0.05555555555555555,36,35,GCTCGTACCTTGGCGGCGCT,1,40692
TSS_1414_storz_regulondb,5.305555555555555,225,35,GCCCAGTAACAAGGCATATT,190,66307
TSS_1414_storz_regulondb,0.08333333333333333,37,35,GCATAGCATGAGCCCGGCAA,2,75068
TSS_1414_storz_regulondb,0.05555555555555555,36,35,GATACTCCATTCCTATGAAT,1,22422
TSS_1414_storz_regulondb,0.08333333333333333,37,35,GACGTATTATTTTCAGCACC,2,14699
TSS_1414_storz_regulondb,0.1111111111111111,38,35,GAATGGTTTGACAGGATGAC,3,38533
TSS_1414_storz_regulondb,0.08333333333333333,37,35,CTTAAGTGCGTGGCGCATAT,2,39846
TSS_1414_storz_regulondb,21.25,799,35,CTATCCAGGGAAAAGTCCTC,764,30127
TSS_1414_storz_regulondb,0.05555555555555555,36,35,CTAGAGGAGGTTTTAGACTG,1,69094
TSS_1414_storz_regulondb,0.05555555555555555,36,35,CTACGTTTGCCCGCTAGTGT,1,48700
TSS_1414_storz_regulondb,0.05555555555555555,36,35,CGGGTTAAAGGATCAACGCT,1,60637
TSS_1414_storz_regulondb,14.11111111111111,542,35,CGGATTTCGCCCCTGTATAA,507,38280
TSS_1414_storz_regulondb,0.1111111111111111,38,35,CGCAAACTGCGTAGATATCT,3,69929
TSS_1414_storz_regulondb,0.16666666666666666,40,35,CGACGGGCATCTTCCGAAGG,5,54005
TSS_1414_storz_regulondb,0.08333333333333333,37,35,CCTGAGGGGACGGCACGTCT,2,24665
TSS_1414_storz_regulondb,0.05555555555555555,36,35,CCAGTTTCCCCGGCGTTGCG,1,15647
TSS_1414_storz_regulondb,0.05555555555555555,36,35,CATCCCGTACAAATTAATAT,1,23624
TSS_1414_storz_regulondb,0.05555555555555555,36,35,CAGAGCCGTCCCTCCACCGA,1,719
TSS_1414_storz_regulondb,0.19444444444444445,41,35,CACTGCTCATTAATGAATTG,6,8283
TSS_1414_storz_regulondb,0.1111111111111111,38,35,CAATTTTGCTGATATGCGCA,3,23905
TSS_1414_storz_regulondb,0.08333333333333333,37,35,ATTCCAAACCAACTAGCATC,2,43235
TSS_1414_storz_regulondb,0.08333333333333333,37,35,ATGAGAGTATCTAAATTTTA,2,23133
TSS_1414_storz_regulondb,0.05555555555555555,36,35,ATCCCGACACGAGGTTGAAA,1,31240
TSS_1414_storz_regulondb,0.1388888888888889,39,35,AGAGCTTACTCTCTACCGCG,4,1064
TSS_1414_storz_regulondb,0.05555555555555555,36,35,AAGTTCGAAGCAGGGCATCT,1,60466
TSS_1414_storz_regulondb,0.05555555555555555,36,35,AACAAACGCTCATTGTAGTT,1,30613
TSS_1414_storz_regulondb,0.05714285714285714,35,34,TTGTGGTATTGTGACTCGTA,1,12017
TSS_1414_storz_regulondb,0.08571428571428572,36,34,TTCCGACCGTCAGCCAGCCT,2,70960
TSS_1414_storz_regulondb,0.05714285714285714,35,34,TTACCGTGGAGCAAAGGTTT,1,51871
TSS_1414_storz_regulondb,0.05714285714285714,35,34,TGTGGGCTCCCTGGTACACT,1,56028
TSS_1414_storz_regulondb,6.2,250,34,TGTCAGCCCCCTGCTGTTCT,216,71485
TSS_1414_storz_regulondb,0.11428571428571428,37,34,TGGTCGCCTCTCGTCGGGTA,3,48179
TSS_1414_storz_regulondb,0.08571428571428572,36,34,TGCTGGAATCCCGTCCTAAC,2,21365
TSS_1414_storz_regulondb,0.05714285714285714,35,34,TCTAGGGATTGAGGATCGTT,1,15180
TSS_1414_storz_regulondb,0.08571428571428572,36,34,TCGAGCTTAGCAGATACAAC,2,59031
TSS_1414_storz_regulondb,0.08571428571428572,36,34,TAGGTCACTCAGTTCCAGAA,2,24493
TSS_1414_storz_regulondb,0.17142857142857143,39,34,TACGCGAATTGCATGTGATT,5,52688
TSS_1414_storz_regulondb,0.05714285714285714,35,34,GTTATGTACCTCCCAACCTG,1,48796
TSS_1414_storz_regulondb,0.05714285714285714,35,34,GTGCTGCAATAAGACCCCTT,1,13956
TSS_1414_storz_regulondb,0.14285714285714285,38,34,GCCCATGAAGTATCGACATA,4,14752
TSS_1414_storz_regulondb,0.11428571428571428,37,34,GATGATCCGGCGAAACCTGT,3,14981
TSS_1414_storz_regulondb,0.14285714285714285,38,34,CTGGAATTTTGGGGTCACCT,4,25245
TSS_1414_storz_regulondb,0.4857142857142857,50,34,CAGGACCGAGGGGTTAGGGT,16,54768
TSS_1414_storz_regulondb,0.22857142857142856,41,34,CACCGTATGCAACTAAGCGT,7,41129
TSS_1414_storz_regulondb,0.45714285714285713,49,34,CACAATCCGTACGGGTTCAT,15,15412
TSS_1414_storz_regulondb,0.08571428571428572,36,34,ATTTCCGTCGTCCCCTATAT,2,20741
TSS_1414_storz_regulondb,0.17142857142857143,39,34,ATGTTTTGTACGTTTGGGGA,5,80046
TSS_1414_storz_regulondb,0.05714285714285714,35,34,ATGTCTCTTCGAGTACCCTG,1,69221
TSS_1414_storz_regulondb,26.4,957,34,ATCCCGGTCTCTACTCAACG,923,12274
TSS_1414_storz_regulondb,0.11428571428571428,37,34,ATATTCTCTTGTTGCCTACT,3,51034
TSS_1414_storz_regulondb,11.114285714285714,422,34,AGGGATAAGCGTACAAGGGA,388,65585
TSS_1414_storz_regulondb,0.05714285714285714,35,34,AGCAGCCGCGCCATACGGCT,1,19378
TSS_1414_storz_regulondb,0.11428571428571428,37,34,AGCAAATAACAACCTCTGTG,3,50146
TSS_1414_storz_regulondb,0.05714285714285714,35,34,ACGGCCTGCAAGTGGACCAT,1,54858
TSS_1414_storz_regulondb,0.14285714285714285,38,34,ACGCACTGTCACACAGTGAT,4,32247
TSS_1414_storz_regulondb,0.05714285714285714,35,34,ACGCACGAATAAGACCAAGG,1,6330
TSS_1414_storz_regulondb,0.08571428571428572,36,34,AATTGTGTGTATTGATAGTT,2,75905
TSS_1414_storz_regulondb,0.05714285714285714,35,34,AAGTTCTGCCTAGATTGGTA,1,53675
TSS_1414_storz_regulondb,0.058823529411764705,34,33,TGGAGCCGAGCGTACGAATC,1,43951
TSS_1414_storz_regulondb,0.11764705882352941,36,33,TGATTGTCCTACTGATCTTA,3,70322
TSS_1414_storz_regulondb,0.11764705882352941,36,33,TGAGCCGCTTAAACGGGTAA,3,77603
TSS_1414_storz_regulondb,0.058823529411764705,34,33,TCTGCGTGAGTTGCGCGAAT,1,33394
TSS_1414_storz_regulondb,0.38235294117647056,45,33,TCATTCTGACGGCGTTCTAT,12,75800
TSS_1414_storz_regulondb,0.058823529411764705,34,33,TCATGGCGGCAGGTTTAAAA,1,15098
TSS_1414_storz_regulondb,0.08823529411764706,35,33,GTGAACGGCGGAGCTATGTC,2,16643
TSS_1414_storz_regulondb,0.14705882352941177,37,33,GGTCGTGCCAGCCCGAAGCA,4,52260
TSS_1414_storz_regulondb,0.058823529411764705,34,33,GGGTTATAGGAGCAATTAAT,1,17242
TSS_1414_storz_regulondb,0.058823529411764705,34,33,GGCGGTCGATACACTGATGA,1,16376
TSS_1414_storz_regulondb,0.4411764705882353,47,33,GGCACAAAACCATGGGGAAA,14,24944
TSS_1414_storz_regulondb,0.058823529411764705,34,33,GGACACACACAGGGTTAACG,1,336
TSS_1414_storz_regulondb,1.9705882352941178,99,33,GGAATTCAATCGAACGCGTA,66,8048
TSS_1414_storz_regulondb,0.058823529411764705,34,33,GCTTGGGAAAAGCTCTTGAT,1,54013
TSS_1414_storz_regulondb,0.08823529411764706,35,33,GCTGGTAGAACCAGTTCCCA,2,74093
TSS_1414_storz_regulondb,0.058823529411764705,34,33,GCTAGCTGACCTATTGCCTT,1,11855
TSS_1414_storz_regulondb,0.058823529411764705,34,33,GCGCCATCCGACACCTATGT,1,67129
TSS_1414_storz_regulondb,0.11764705882352941,36,33,GCCTGGAGTATGGGGGGAGT,3,4990
TSS_1414_storz_regulondb,0.11764705882352941,36,33,GATGCAGCCCAGAATAGCTG,3,56196
TSS_1414_storz_regulondb,0.23529411764705882,40,33,GACACAGCCTTCCCCGAGAC,7,60852
TSS_1414_storz_regulondb,0.2647058823529412,41,33,CTATCGCCACAGCCCCTCAC,8,73747
TSS_1414_storz_regulondb,0.23529411764705882,40,33,CTAATCGTGGTGGGCAACGT,7,17071
TSS_1414_storz_regulondb,0.35294117647058826,44,33,CGTTGTCCATGTTAGGCGTA,11,65279
TSS_1414_storz_regulondb,0.2647058823529412,41,33,CGTCTTATTTACACCCCGTC,8,63642
TSS_1414_storz_regulondb,0.17647058823529413,38,33,CGCTAACCGGGCGGTATACT,5,21140
TSS_1414_storz_regulondb,0.3235294117647059,43,33,CCCGACGGAAAGGCCTGAGT,10,56663
TSS_1414_storz_regulondb,0.08823529411764706,35,33,CATTAGAGCTACTAAGGGGT,2,30988
TSS_1414_storz_regulondb,0.058823529411764705,34,33,ATGTGTATCGTTGCGGTCCG,1,4897
TSS_1414_storz_regulondb,0.5294117647058824,50,33,ATCGAAGGTGCGGCTAACAT,17,54944
TSS_1414_storz_regulondb,26.147058823529413,921,33,ATATGAGCCACGCCGAGCAA,888,24160
TSS_1414_storz_regulondb,0.058823529411764705,34,33,AGGGACTAACCCTATCATTA,1,29303
TSS_1414_storz_regulondb,0.058823529411764705,34,33,AGGCTGCTTTGGAGGCGACA,1,665
TSS_1414_storz_regulondb,0.23529411764705882,40,33,ACTTTAATAAGCAGTGCATT,7,47992
TSS_1414_storz_regulondb,0.14705882352941177,37,33,ACGCGCGAGTGACATGGTTA,4,44745
TSS_1414_storz_regulondb,0.08823529411764706,35,33,AACGTCTCCCCCGTGCCTTT,2,66707
TSS_1414_storz_regulondb,0.15151515151515152,36,32,TTCCAGGGACTTTTCCCTCG,4,37017
TSS_1414_storz_regulondb,0.30303030303030304,41,32,TTCAGTTGATGCCTATGTTA,9,48123
TSS_1414_storz_regulondb,0.06060606060606061,33,32,TTAGTGCAAGGACTCTGGCA,1,40926
TSS_1414_storz_regulondb,0.3939393939393939,44,32,TTACAGCGCATAGGTGTCCT,12,77342
TSS_1414_storz_regulondb,0.09090909090909091,34,32,TGAGTGGAACAGCCCCTCTG,2,67447
TSS_1414_storz_regulondb,0.15151515151515152,36,32,TCCTCTCTTACTGGTTGATG,4,62110
TSS_1414_storz_regulondb,0.06060606060606061,33,32,TAGGCCCTCCTCACATCTCT,1,20802
TSS_1414_storz_regulondb,0.3939393939393939,44,32,TAATGTTGTCGTACATATAC,12,9842
TSS_1414_storz_regulondb,0.09090909090909091,34,32,GTGCCTGAGCCCCCTATAAG,2,8531
TSS_1414_storz_regulondb,7.303030303030303,272,32,GTCCTGCAGTGGAATTTCTT,240,78967
TSS_1414_storz_regulondb,0.3939393939393939,44,32,GTACCCGTATGCTATCGCTC,12,9078
TSS_1414_storz_regulondb,0.06060606060606061,33,32,GGTTGATGCGGCGGGTACAG,1,77517
TSS_1414_storz_regulondb,0.18181818181818182,37,32,GGTGAGTTCAAGCGAGAGCG,5,10183
TSS_1414_storz_regulondb,0.06060606060606061,33,32,GGCACAGAAGAACAGAGCAT,1,20182
TSS_1414_storz_regulondb,0.06060606060606061,33,32,GCATGCGATTACGTCATATA,1,12661
TSS_1414_storz_regulondb,12.878787878787879,456,32,GAGAGGGAGTACCTCCTGCA,424,39044
TSS_1414_storz_regulondb,0.06060606060606061,33,32,GAATATGGGTCAACGGGAAA,1,34661
TSS_1414_storz_regulondb,0.2727272727272727,40,32,CTTTGTGAATGTGCCCATAA,8,48848
TSS_1414_storz_regulondb,0.15151515151515152,36,32,CTTTGAACGGTTTCTCTCAC,4,16524
TSS_1414_storz_regulondb,0.21212121212121213,38,32,CTGTCAGGAACCTTGGTGTT,6,73159
TSS_1414_storz_regulondb,0.2727272727272727,40,32,CTGATTATAAATTATGAGGC,8,1641
TSS_1414_storz_regulondb,0.06060606060606061,33,32,CGTTACCGTTCTCCCTTGCA,1,69233
TSS_1414_storz_regulondb,0.18181818181818182,37,32,CGTTAATTCGCTGCTGCTAT,5,80800
TSS_1414_storz_regulondb,0.06060606060606061,33,32,CGGAAATGCTTGGCATCTGT,1,32416
TSS_1414_storz_regulondb,0.3333333333333333,42,32,CGCCCTGTCAGAGCTTATGT,10,35413
TSS_1414_storz_regulondb,0.06060606060606061,33,32,CCTGTACTCCTTGGCCCATA,1,8635
TSS_1414_storz_regulondb,0.12121212121212122,35,32,CCGTCCGAATTACCGTGAAA,3,48785
TSS_1414_storz_regulondb,0.06060606060606061,33,32,CCGTATCAAAATAAGATGGG,1,37048
TSS_1414_storz_regulondb,0.06060606060606061,33,32,CCGCGCCTGGTACCGTTTAG,1,4988
TSS_1414_storz_regulondb,0.06060606060606061,33,32,CCGATCGGTCGCCGCTGAAC,1,48370
TSS_1414_storz_regulondb,0.06060606060606061,33,32,CCAAACTGCTTCATCGGGTA,1,33507
TSS_1414_storz_regulondb,13.909090909090908,490,32,CACGGCTGGTCACTTGCGCA,458,10252
TSS_1414_storz_regulondb,12.454545454545455,442,32,ATTTTATCGACAGTCTGCCC,410,43626
TSS_1414_storz_regulondb,22.21212121212121,764,32,ATTGGTAGAAAACTTGCGAA,732,16842
TSS_1414_storz_regulondb,0.18181818181818182,37,32,ATGTGTTGGTTGTCAAAGAT,5,73166
TSS_1414_storz_regulondb,0.30303030303030304,41,32,ATGGCTACCGACTTTACAGC,9,35237
TSS_1414_storz_regulondb,0.2727272727272727,40,32,ATGCGCTATGGCAAATGCTT,8,66059
TSS_1414_storz_regulondb,0.2727272727272727,40,32,ATGCCTAACCTTGAGAGTTC,8,27893
TSS_1414_storz_regulondb,0.21212121212121213,38,32,ATCTAAGTCTTGTCGAGCTG,6,8155
TSS_1414_storz_regulondb,0.21212121212121213,38,32,ATCATGCTGTGTATAGTCTG,6,42031
TSS_1414_storz_regulondb,0.09090909090909091,34,32,ATCAAGGCGGGCGCTAGCCA,2,57402
TSS_1414_storz_regulondb,0.06060606060606061,33,32,ATAGCGCCCGCTATGAATTA,1,22421
TSS_1414_storz_regulondb,0.09090909090909091,34,32,AGTGTATCATCGCGAGGAGA,2,36962
TSS_1414_storz_regulondb,0.06060606060606061,33,32,AGGTGGGGACCATACTACCG,1,55350
TSS_1414_storz_regulondb,0.06060606060606061,33,32,AGAGTCAAGATGCAGAAGTA,1,74889
TSS_1414_storz_regulondb,0.06060606060606061,33,32,ACCACCCCCCCTGAATTCTT,1,35389
TSS_1414_storz_regulondb,0.2727272727272727,40,32,ACCACATGATTAATCCCTAT,8,77314
TSS_1414_storz_regulondb,0.06060606060606061,33,32,AATAGGTTGCAGAGCGGCTG,1,71313
TSS_1414_storz_regulondb,0.30303030303030304,41,32,AAGTAGCTGCATCTGAGTGT,9,43130
TSS_1414_storz_regulondb,0.06060606060606061,33,32,AACCGAACATTCACTCAGAG,1,50192
TSS_1414_storz_regulondb,0.09090909090909091,34,32,AACAAAAGGCGAAACCTCGT,2,44335
TSS_1414_storz_regulondb,0.3333333333333333,42,32,AAATGCAAGCGACAACACGG,10,23382
TSS_1414_storz_regulondb,0.125,34,31,TTTGGTGGCGAGTTAGGTGT,3,40058
TSS_1414_storz_regulondb,0.1875,36,31,TTTAGCTTCTCCTAAGACTA,5,25144
TSS_1414_storz_regulondb,0.09375,33,31,TTGACGATCCACGTTGGACT,2,50833
TSS_1414_storz_regulondb,0.0625,32,31,TTCCCTACAGGATCCGAAAC,1,9869
TSS_1414_storz_regulondb,0.125,34,31,TTACGCTCGCGTGTGGTGAT,3,67706
TSS_1414_storz_regulondb,0.3125,40,31,TGTTGATAACGGACACAATG,9,23904
TSS_1414_storz_regulondb,0.1875,36,31,TCCATATGGCTTCTTACGAT,5,8122
TSS_1414_storz_regulondb,0.0625,32,31,TATTTCGATCTCCAGCGAAC,1,11010
TSS_1414_storz_regulondb,0.09375,33,31,TAGCCACTGCAGAATTTAGC,2,12262
TSS_1414_storz_regulondb,0.15625,35,31,TAAAACGTTTGGGACGAATA,4,38576
TSS_1414_storz_regulondb,0.3125,40,31,GTGCGAAACCAGAAATTGGT,9,42245
TSS_1414_storz_regulondb,0.0625,32,31,GGTCAAACGGACCTCTCGTT,1,3149
TSS_1414_storz_regulondb,0.0625,32,31,GGGTATACACGTCGTCTGGT,1,9172
TSS_1414_storz_regulondb,0.1875,36,31,GGAGCGCGCTCTAGCTACTT,5,9571
TSS_1414_storz_regulondb,0.09375,33,31,GGACACTCGGGCGACCTGTT,2,54027
TSS_1414_storz_regulondb,0.0625,32,31,GCGTATTCGTTCGAATTCTG,1,28616
TSS_1414_storz_regulondb,0.0625,32,31,GAATAGATCAATGCTACTCA,1,50629
TSS_1414_storz_regulondb,0.0625,32,31,CTGACCGCCATGCATCTCAG,1,67645
TSS_1414_storz_regulondb,0.1875,36,31,CTAAATATGGATTCAGCGAC,5,27423
TSS_1414_storz_regulondb,0.125,34,31,CGGGGGTATCGATGTCCGTG,3,50258
TSS_1414_storz_regulondb,0.21875,37,31,CGCTTATTCAACTGCCACAT,6,18145
TSS_1414_storz_regulondb,0.28125,39,31,CGAGCTTAGTTGTCCGTAGC,8,17583
TSS_1414_storz_regulondb,0.15625,35,31,CGAATTCCCGCGCCGCGTTT,4,9491
TSS_1414_storz_regulondb,0.15625,35,31,CCTATGAATGCGCGCGCTAG,4,59030
TSS_1414_storz_regulondb,0.5,46,31,CCGTGCACGGTTGTGAGAAG,15,6560
TSS_1414_storz_regulondb,0.0625,32,31,CCGGCGGGTGGAGTCAACTG,1,78517
TSS_1414_storz_regulondb,0.0625,32,31,CCCCGGTTTGGTAGGACCTT,1,28747
TSS_1414_storz_regulondb,0.0625,32,31,CAGCATAGGAAGCTCCGGTA,1,66864
TSS_1414_storz_regulondb,0.0625,32,31,CAGAACCCCCTAATCTAAGC,1,75503
TSS_1414_storz_regulondb,0.0625,32,31,CACGATTCTCTATCCGATCG,1,71597
TSS_1414_storz_regulondb,0.28125,39,31,CACGACTACAGATACGATTA,8,51351
TSS_1414_storz_regulondb,0.34375,41,31,CAATGCAACGATGGCTCAGT,10,603
TSS_1414_storz_regulondb,26.6875,884,31,CAAAGTCGCTCAAACTAAGT,853,16292
TSS_1414_storz_regulondb,0.125,34,31,ATTCACAGATAGCCTACTGT,3,73470
TSS_1414_storz_regulondb,0.1875,36,31,ATTATGTTCCATATTGGGAC,5,8183
TSS_1414_storz_regulondb,0.0625,32,31,ATGTCTGTCCCTGGACGAAG,1,3861
TSS_1414_storz_regulondb,0.34375,41,31,ATGACGAGGGAGATGACGCA,10,57822
TSS_1414_storz_regulondb,0.0625,32,31,AGAGCATCAACGACGTGGGT,1,9271
TSS_1414_storz_regulondb,0.1875,36,31,ACGCCATTTCAGCTCTAAGG,5,20017
TSS_1414_storz_regulondb,0.125,34,31,AATAGGCCTTGAAATTCTAG,3,27937
TSS_1414_storz_regulondb,0.3125,40,31,AACTCTTACGGTAGATACGA,9,7121
TSS_1414_storz_regulondb,0.25,38,31,AACCTAAAAGTCGTTGGTAT,7,51155
TSS_1414_storz_regulondb,0.0967741935483871,32,30,TTTGAATCTACATTTTCGAG,2,16936
TSS_1414_storz_regulondb,0.0967741935483871,32,30,TTGGTTCCCTGAATACTGGG,2,29815
TSS_1414_storz_regulondb,0.16129032258064516,34,30,TTACCTTGAAATAGGCGATT,4,15593
TSS_1414_storz_regulondb,0.06451612903225806,31,30,TGGCCTTGGGAGCGAGGAAT,1,22198
TSS_1414_storz_regulondb,0.12903225806451613,33,30,TGATCTCGGGCCTCGTCGAT,3,26301
TSS_1414_storz_regulondb,0.1935483870967742,35,30,TCTTGCGCCACGGTCTAACA,5,4728
TSS_1414_storz_regulondb,0.3548387096774194,40,30,TCTGCTCGATCATCGAATAA,10,24119
TSS_1414_storz_regulondb,0.06451612903225806,31,30,TCTACCGACCTAATAGACGC,1,729
TSS_1414_storz_regulondb,0.06451612903225806,31,30,TCCGTGCCCTTGCGGCATGC,1,64716
TSS_1414_storz_regulondb,0.06451612903225806,31,30,TCCAACCGTCATCACAGTTG,1,13039
TSS_1414_storz_regulondb,0.0967741935483871,32,30,TCATTGGTGGAGGGTCTGAT,2,34954
TSS_1414_storz_regulondb,0.06451612903225806,31,30,TCACATATATATGGGAGGGC,1,37301
TSS_1414_storz_regulondb,0.0967741935483871,32,30,TACCGTCCATTCATTGTCGT,2,19862
TSS_1414_storz_regulondb,0.3225806451612903,39,30,TAATCAACCTAACCGTCCTC,9,55664
TSS_1414_storz_regulondb,0.0967741935483871,32,30,GTGTCGCGATGTCCGGCTTC,2,47543
TSS_1414_storz_regulondb,0.06451612903225806,31,30,GGTTAGGGTGGCAGTTGGCA,1,63698
TSS_1414_storz_regulondb,0.06451612903225806,31,30,GGTGTGGACGTCTCCTCACC,1,26368
TSS_1414_storz_regulondb,0.06451612903225806,31,30,GGCACTTACGTCCCTAGGAC,1,51537
TSS_1414_storz_regulondb,0.16129032258064516,34,30,GGAGTGCCTGGTGGTTGGTC,4,66862
TSS_1414_storz_regulondb,0.0967741935483871,32,30,GCCTTTCCTGAGCTTTTTAT,2,39089
TSS_1414_storz_regulondb,0.0967741935483871,32,30,GCCGGACAAATCGACACCAC,2,28347
TSS_1414_storz_regulondb,0.12903225806451613,33,30,GCCACTTTTACTCCACATTT,3,1564
TSS_1414_storz_regulondb,0.06451612903225806,31,30,GCAAGATTTATACTTCGCAT,1,26160
TSS_1414_storz_regulondb,0.16129032258064516,34,30,GATGCCGAATAGCCGTGATA,4,13598
TSS_1414_storz_regulondb,0.06451612903225806,31,30,GAGCGCATCGTGCACATACT,1,75223
TSS_1414_storz_regulondb,0.06451612903225806,31,30,GACGACTCCAGTGGAGGCTT,1,13158
TSS_1414_storz_regulondb,0.12903225806451613,33,30,GAATCACTATCGAAGATTTT,3,49760
TSS_1414_storz_regulondb,0.06451612903225806,31,30,CTGTGATAGATTAAATCTTG,1,47785
TSS_1414_storz_regulondb,0.3870967741935484,41,30,CTCTGGGTGCCAGGCACCAA,11,14273
TSS_1414_storz_regulondb,0.3870967741935484,41,30,CTCGGTCCAGTGGCCAAGGG,11,72999
TSS_1414_storz_regulondb,0.967741935483871,59,30,CTCCTGTCTTTCTTCCGTAA,29,38505
TSS_1414_storz_regulondb,0.0967741935483871,32,30,CTAGCTCTCACGTGTCTAGC,2,40854
TSS_1414_storz_regulondb,0.16129032258064516,34,30,CGGTGCAGTAATGGTAGGCA,4,22571
TSS_1414_storz_regulondb,0.16129032258064516,34,30,CGACGGGCAAACTTGCTGTG,4,26104
TSS_1414_storz_regulondb,12.0,401,30,CGAACGGCGTATGCCCGGCA,371,26735
TSS_1414_storz_regulondb,0.16129032258064516,34,30,CCTTATCTCGCTATGGAAGT,4,23749
TSS_1414_storz_regulondb,0.12903225806451613,33,30,CCTACGGGTTCTAATTACGG,3,12280
TSS_1414_storz_regulondb,0.22580645161290322,36,30,CCGCGCGTCCATTTACAAGA,6,72608
TSS_1414_storz_regulondb,0.06451612903225806,31,30,CCATTCCCGCACAGATACCT,1,23491
TSS_1414_storz_regulondb,0.06451612903225806,31,30,CACCTTCCAAGTTTCAATTA,1,63823
TSS_1414_storz_regulondb,0.06451612903225806,31,30,ATCATTAGTCTGCCCAAGCA,1,15673
TSS_1414_storz_regulondb,0.06451612903225806,31,30,ATAGTCGTTTTACCCGGATC,1,12667
TSS_1414_storz_regulondb,0.967741935483871,59,30,AGGGTAATTAGCATGTATGG,29,53140
TSS_1414_storz_regulondb,0.3870967741935484,41,30,AGCGAGCGAGTATGTAACTC,11,34108
TSS_1414_storz_regulondb,0.06451612903225806,31,30,AGCATCCAAAGATATATCGG,1,41729
TSS_1414_storz_regulondb,3.225806451612903,129,30,ACTCGTGTTTCTGTGGCATG,99,10519
TSS_1414_storz_regulondb,0.16129032258064516,34,30,ACGGAACACACCAATCAGTA,4,60459
TSS_1414_storz_regulondb,0.12903225806451613,33,30,ACGACTGTTTCTATGGAGCA,3,20016
TSS_1414_storz_regulondb,0.0967741935483871,32,30,ACGACATGCTGAAATTCTAG,2,75539
TSS_1414_storz_regulondb,0.45161290322580644,43,30,ACCATAACATCGCGGGACGT,13,23741
TSS_1414_storz_regulondb,0.06451612903225806,31,30,ACAGCATAACCAAGCATTAA,1,39860
TSS_1414_storz_regulondb,0.06451612903225806,31,30,ACAATGTCCGTGCAAGCCCT,1,18907
TSS_1414_storz_regulondb,0.06451612903225806,31,30,AAGTAGCTCCCTACGAAGTA,1,77608
TSS_1414_storz_regulondb,0.2903225806451613,38,30,AAATCTTTCTGGCGTTGTTA,8,43946
TSS_1414_storz_regulondb,0.23333333333333334,35,29,TTTGTGTTTCTGACAGCAGC,6,50950
TSS_1414_storz_regulondb,0.06666666666666667,30,29,TTGTTATGTGACTTCAGAAA,1,40313
TSS_1414_storz_regulondb,0.06666666666666667,30,29,TGTAACTTCCATCTAGGATT,1,38182
TSS_1414_storz_regulondb,0.06666666666666667,30,29,TGGCCATAAGTTCAACACTG,1,16016
TSS_1414_storz_regulondb,0.1,31,29,TGGAGTCGTGGGGTCATTAT,2,23341
TSS_1414_storz_regulondb,0.1,31,29,TCCGTTACGGTGTTGGGAAA,2,72789
TSS_1414_storz_regulondb,0.2,34,29,TCACTCAAGGAGCACGACTT,5,57163
TSS_1414_storz_regulondb,0.1,31,29,TATGTGCCCTACGGCCAGCC,2,64009
TSS_1414_storz_regulondb,2.066666666666667,90,29,TACACCACTGGTGTATTTCA,61,38470
TSS_1414_storz_regulondb,0.06666666666666667,30,29,GTGCTGCATGGGGTACAAGT,1,37655
TSS_1414_storz_regulondb,0.5,43,29,GTCCTGTATAACAGAATTGT,14,19874
TSS_1414_storz_regulondb,0.1,31,29,GTACTTGGTCCACACACTAG,2,74780
TSS_1414_storz_regulondb,0.13333333333333333,32,29,GGTTTGCTATCCGATGGTCG,3,66126
TSS_1414_storz_regulondb,0.06666666666666667,30,29,GGTACATCGCGACTACGGAT,1,51044
TSS_1414_storz_regulondb,0.1,31,29,GGGCTTCCGTGGCGAGAGTC,2,33503
TSS_1414_storz_regulondb,0.4666666666666667,42,29,GCTAGCGTGGGGTGAGACTT,13,20881
TSS_1414_storz_regulondb,1.0333333333333334,59,29,GCCAATGAGTAGGGATAAGG,30,26495
TSS_1414_storz_regulondb,0.13333333333333333,32,29,GCCAACCGACGCCGCGCGGA,3,15276
TSS_1414_storz_regulondb,0.13333333333333333,32,29,GCATGTATAGTGGAATGGGG,3,18462
TSS_1414_storz_regulondb,0.1,31,29,GACCCTGCTGGCCTAACTTA,2,28851
TSS_1414_storz_regulondb,0.06666666666666667,30,29,CTTTTCACCGTAATGTAACG,1,5587
TSS_1414_storz_regulondb,0.06666666666666667,30,29,CTGGAGCTTTAAGTTTGAAA,1,4429
TSS_1414_storz_regulondb,0.16666666666666666,33,29,CTGCGAGGACTGGATTTGCA,4,64056
TSS_1414_storz_regulondb,0.06666666666666667,30,29,CTCTGGTTTCCAGAGCTGTA,1,40618
TSS_1414_storz_regulondb,0.06666666666666667,30,29,CTACCCACGGGGGGAAGAAG,1,3079
TSS_1414_storz_regulondb,0.06666666666666667,30,29,CGGTTTGCAAGGCGTAAAAC,1,75493
TSS_1414_storz_regulondb,0.26666666666666666,36,29,CGGGCTGTTCATGAAAAGCC,7,79774
TSS_1414_storz_regulondb,0.06666666666666667,30,29,CGGACAAAACCCGGTAAAGA,1,69996
TSS_1414_storz_regulondb,0.3,37,29,CGCACAACAGGTGACGCCGG,8,63939
TSS_1414_storz_regulondb,0.23333333333333334,35,29,CGACGCAAAAGGGTATAATC,6,13713
TSS_1414_storz_regulondb,0.3333333333333333,38,29,CCTACCGTCCATAAGCTTGC,9,34644
TSS_1414_storz_regulondb,0.16666666666666666,33,29,CCGCACGGGACAGTCCCGGT,4,41612
TSS_1414_storz_regulondb,0.3,37,29,CCACGTAATGGCCATGTTCA,8,36915
TSS_1414_storz_regulondb,32.733333333333334,1010,29,CCACCATTACTGTAGTGATA,981,30194
TSS_1414_storz_regulondb,0.1,31,29,CATGTAACTTCCTTGCTAAC,2,67325
TSS_1414_storz_regulondb,0.06666666666666667,30,29,CAGAGAATAGCCTAAAGTGT,1,72843
TSS_1414_storz_regulondb,0.16666666666666666,33,29,CACGCCCCCTTACGCGGCCA,4,43124
TSS_1414_storz_regulondb,0.23333333333333334,35,29,ATTTGACTAAATTCCTTATA,6,66661
TSS_1414_storz_regulondb,0.1,31,29,ATAAGTTTCAACGAGCAGGT,2,1970
TSS_1414_storz_regulondb,0.06666666666666667,30,29,AGTATCTGTATTCGGGTTGT,1,42827
TSS_1414_storz_regulondb,0.06666666666666667,30,29,AGGCTACTTGGCAACTGCCT,1,54870
TSS_1414_storz_regulondb,0.3,37,29,ACTCTCGACGTTTATCCAAC,8,31836
TSS_1414_storz_regulondb,0.23333333333333334,35,29,ACGCTATTCTGTCGTGATCT,6,35253
TSS_1414_storz_regulondb,0.13333333333333333,32,29,ACCTTCGGATCGAAGGCCTC,3,67947
TSS_1414_storz_regulondb,0.06666666666666667,30,29,AATTGGTACCGGCTTCGGTG,1,68974
TSS_1414_storz_regulondb,0.23333333333333334,35,29,AAGGTTGGGACATTCCGAAG,6,65483
TSS_1414_storz_regulondb,0.06666666666666667,30,29,AAGAACACCGGCTTGTACAG,1,80419
TSS_1414_storz_regulondb,0.2,34,29,AACTCGGACAAGTAGTGCTC,5,26158
TSS_1414_storz_regulondb,0.06666666666666667,30,29,AAACGCTCCGTCTGCTTGGT,1,64818
TSS_1414_storz_regulondb,0.1724137931034483,32,28,TTTGATTCACCTTTCCTGAG,4,72350
TSS_1414_storz_regulondb,0.06896551724137931,29,28,TTAGGGTGGTTGTATTTAAA,1,37055
TSS_1414_storz_regulondb,0.3448275862068966,37,28,TGGCTTCGTTCCGGCTTTGC,9,50725
TSS_1414_storz_regulondb,21.482758620689655,650,28,TCTGACGTAACAGGGTGGCG,622,6440
TSS_1414_storz_regulondb,0.10344827586206896,30,28,TCTACTGTGCTGAAAATTAA,2,40154
TSS_1414_storz_regulondb,0.20689655172413793,33,28,TCGGACATATCGGGCATAGT,5,25039
TSS_1414_storz_regulondb,0.06896551724137931,29,28,TCGAATACTGTGTATGGTCA,1,43239
TSS_1414_storz_regulondb,0.06896551724137931,29,28,TCCTGGACGTAATGAGACTT,1,13703
TSS_1414_storz_regulondb,0.10344827586206896,30,28,TCATCCGTTCGGTGATGGCA,2,35674
TSS_1414_storz_regulondb,0.27586206896551724,35,28,TCAGTAAAGGCAGGGCGAAT,7,13229
TSS_1414_storz_regulondb,0.10344827586206896,30,28,TATCGGAATGCCAAAGGGCA,2,31428
TSS_1414_storz_regulondb,0.4482758620689655,40,28,TATCAGCCGTGACTTCAACC,12,30746
TSS_1414_storz_regulondb,0.06896551724137931,29,28,TAGAGTCTGGTGCTTACGGA,1,78152
TSS_1414_storz_regulondb,0.3103448275862069,36,28,GTTTTAGCTCATCTGAGACA,8,44798
TSS_1414_storz_regulondb,0.06896551724137931,29,28,GTGTTACCGTTGTATGATCT,1,31099
TSS_1414_storz_regulondb,0.06896551724137931,29,28,GTCGCTGACGCACGGCCAAA,1,18174
TSS_1414_storz_regulondb,0.06896551724137931,29,28,GTCCTTGACCCGGCGCTCGC,1,61912
TSS_1414_storz_regulondb,0.10344827586206896,30,28,GTACGCGCCGGAGAAGCCGT,2,55816
TSS_1414_storz_regulondb,0.13793103448275862,31,28,GGCGTAAGTCTTATGCTGAT,3,47281
TSS_1414_storz_regulondb,0.06896551724137931,29,28,GGCGCCGGCTCATCGAGCGT,1,35863
TSS_1414_storz_regulondb,0.10344827586206896,30,28,GCGTCACGAAAAATCATTCT,2,25046
TSS_1414_storz_regulondb,0.3793103448275862,38,28,GCGCACTCTGCAGACAAGCA,10,61829
TSS_1414_storz_regulondb,0.06896551724137931,29,28,GAGTTCTGGGCAGCATGCTG,1,14466
TSS_1414_storz_regulondb,0.06896551724137931,29,28,GAGCCGGGACGGGACCGTGC,1,9180
TSS_1414_storz_regulondb,0.10344827586206896,30,28,GAAGTATACTTGTCACGTTT,2,57829
TSS_1414_storz_regulondb,0.1724137931034483,32,28,GAACTGTAGTGCATAAACGG,4,9891
TSS_1414_storz_regulondb,0.13793103448275862,31,28,CTCTGTCCCGTGTCATTCGC,3,51474
TSS_1414_storz_regulondb,0.06896551724137931,29,28,CTAATTAAACGGGTCAAGAA,1,21490
TSS_1414_storz_regulondb,0.10344827586206896,30,28,CGTTCGTTTCCTAACAAGTC,2,7894
TSS_1414_storz_regulondb,0.3103448275862069,36,28,CGGGAGCTGGGCTCGCGCGT,8,28510
TSS_1414_storz_regulondb,0.27586206896551724,35,28,CGGATCCAGACTGGAGAATT,7,33730
TSS_1414_storz_regulondb,0.3448275862068966,37,28,CGATTTGCCAATGTTGGCCC,9,29057
TSS_1414_storz_regulondb,0.06896551724137931,29,28,CGACCCCCGACACAAAGACT,1,64476
TSS_1414_storz_regulondb,0.1724137931034483,32,28,CCTCGAGCAAATGATATCAT,4,71428
TSS_1414_storz_regulondb,16.75862068965517,513,28,CCTACATTATGGGATTGAGG,485,80035
TSS_1414_storz_regulondb,0.06896551724137931,29,28,CCCCGGTGCCTGAGTAGCGG,1,61002
TSS_1414_storz_regulondb,0.06896551724137931,29,28,CCCAGCCGAGTGGATTTATA,1,27999
TSS_1414_storz_regulondb,0.27586206896551724,35,28,CCACTCCTGGTATAAGGGGG,7,55025
TSS_1414_storz_regulondb,0.1724137931034483,32,28,CCACGTCTTCGTGCTTTATA,4,55879
TSS_1414_storz_regulondb,0.06896551724137931,29,28,CATGACGTTAAGACGTCGTG,1,4829
TSS_1414_storz_regulondb,0.41379310344827586,39,28,CACTGAGTATAAAGTCTCAA,11,78649
TSS_1414_storz_regulondb,0.06896551724137931,29,28,CACGCCGCGGCCCAATCCTT,1,47879
TSS_1414_storz_regulondb,0.27586206896551724,35,28,ATGCGTACCCAGAGTTTACG,7,42883
TSS_1414_storz_regulondb,0.06896551724137931,29,28,ATGACAGCCAGGGCAATCGC,1,1423
TSS_1414_storz_regulondb,0.06896551724137931,29,28,AGGTGGGAGGGTGTTTACAT,1,28352
TSS_1414_storz_regulondb,0.13793103448275862,31,28,AGATTCTCGACTAACCCTGA,3,31359
TSS_1414_storz_regulondb,0.06896551724137931,29,28,AGAGTCGGGGGTGCGCTCGT,1,35328
TSS_1414_storz_regulondb,0.06896551724137931,29,28,ACGATGTGAACGAGCAGATG,1,77003
TSS_1414_storz_regulondb,0.13793103448275862,31,28,ACCAACTCCAGCGGACATTT,3,46922
TSS_1414_storz_regulondb,0.06896551724137931,29,28,ACCAAACACGCGCCCAAATG,1,43549
TSS_1414_storz_regulondb,0.3103448275862069,36,28,AATCTTAAGTTAAGTTAGAC,8,25237
TSS_1414_storz_regulondb,0.13793103448275862,31,28,AACGCTTTTGGTCAGGATCA,3,52591
TSS_1414_storz_regulondb,0.10714285714285714,29,27,TTTGGCGTATGGGGCCAAGC,2,5730
TSS_1414_storz_regulondb,0.14285714285714285,30,27,TTTGAGCATCACACCACGGA,3,72650
TSS_1414_storz_regulondb,0.07142857142857142,28,27,TTGTTATGATTTATTCTATG,1,1
TSS_1414_storz_regulondb,0.07142857142857142,28,27,TTATTGACATGATTACCCTA,1,36402
TSS_1414_storz_regulondb,16.964285714285715,501,27,TGGCTCATTATCGGATAAGG,474,3359
TSS_1414_storz_regulondb,0.07142857142857142,28,27,TGGCCCAAGAGGACTCGTGT,1,12676
TSS_1414_storz_regulondb,30.642857142857142,884,27,TGCTTGCGAGGTAGGCTCTG,857,74314
TSS_1414_storz_regulondb,0.14285714285714285,30,27,TGCGAATGCGTTAGTTTTTG,3,28189
TSS_1414_storz_regulondb,25.535714285714285,741,27,TCGAACGGCAATTATATAGG,714,44060
TSS_1414_storz_regulondb,0.14285714285714285,30,27,TATATTTAAACGGAAAAGCA,3,22244
TSS_1414_storz_regulondb,0.07142857142857142,28,27,TAACGAACGTCGGACTCTAG,1,50792
TSS_1414_storz_regulondb,0.07142857142857142,28,27,GTTTGAACGCCGCCGACGGG,1,6823
TSS_1414_storz_regulondb,0.14285714285714285,30,27,GTGCACAGGAGACACTTAAT,3,45732
TSS_1414_storz_regulondb,0.10714285714285714,29,27,GTCGTCTTGCGGGTGTTATA,2,65852
TSS_1414_storz_regulondb,0.17857142857142858,31,27,GTATCATACAGAGTACGCGT,4,54294
TSS_1414_storz_regulondb,0.21428571428571427,32,27,GGTGTGACCGATCTACTGAG,5,40927
TSS_1414_storz_regulondb,0.2857142857142857,34,27,GGTGAGCCTCCACGGTCATG,7,74321
TSS_1414_storz_regulondb,0.07142857142857142,28,27,GGTATTGCTTCTCGTGTGGC,1,47554
TSS_1414_storz_regulondb,0.07142857142857142,28,27,GCCCTCGGGTCAGTGCCACC,1,13524
TSS_1414_storz_regulondb,4.928571428571429,164,27,GCATCAAGGGGGGATCCAAG,137,12805
TSS_1414_storz_regulondb,2.4642857142857144,95,27,CTTCATAGGAACTGACTACT,68,29127
TSS_1414_storz_regulondb,0.07142857142857142,28,27,CTCGCTCCGACACTTTAGCG,1,60591
TSS_1414_storz_regulondb,0.07142857142857142,28,27,CTCGCCTAATGAGCATTTAA,1,43312
TSS_1414_storz_regulondb,0.07142857142857142,28,27,CTCGAGGGGGCTCCGATCGC,1,65918
TSS_1414_storz_regulondb,0.07142857142857142,28,27,CTCGAAAGCGTACAACGGCC,1,55219
TSS_1414_storz_regulondb,0.17857142857142858,31,27,CTCCGATAGCTCCCCCCAGA,4,18176
TSS_1414_storz_regulondb,0.2857142857142857,34,27,CTCCCAGGGAGTAACACAAG,7,69979
TSS_1414_storz_regulondb,2.607142857142857,99,27,CGTGTTCTTATCCCTTGCAG,72,78696
TSS_1414_storz_regulondb,0.21428571428571427,32,27,CGGTAAGGGCTAATGAACTT,5,47662
TSS_1414_storz_regulondb,0.07142857142857142,28,27,CGGACCCTAGGCGGTGGTAT,1,19362
TSS_1414_storz_regulondb,34.607142857142854,995,27,CGCCTTCACCGGATTGGTAA,968,12231
TSS_1414_storz_regulondb,0.25,33,27,CGATGTGAGCCTTAGGTGTA,6,21523
TSS_1414_storz_regulondb,0.10714285714285714,29,27,CGAGAATGACTCGTCCACAC,2,45615
TSS_1414_storz_regulondb,0.6071428571428571,43,27,CCGGGTCAAGCGACAAGCTT,16,24743
TSS_1414_storz_regulondb,0.07142857142857142,28,27,CCGGCTCCTCTTACTAGCCT,1,32148
TSS_1414_storz_regulondb,0.07142857142857142,28,27,CCATGACAGCCTCCGACGAT,1,18081
TSS_1414_storz_regulondb,0.07142857142857142,28,27,CAGGCTTCAACGGGTTGTGC,1,4504
TSS_1414_storz_regulondb,0.25,33,27,CAGCCACCTGATACAATCTC,6,44609
TSS_1414_storz_regulondb,0.07142857142857142,28,27,CAGCAGTCTGTCGTCAAGGA,1,11658
TSS_1414_storz_regulondb,0.07142857142857142,28,27,CAATAACGGGTACCCCAACA,1,49633
TSS_1414_storz_regulondb,0.07142857142857142,28,27,ATGACGAGTTCGTCACCTCA,1,18584
TSS_1414_storz_regulondb,0.2857142857142857,34,27,ATCGGGTTACAACGGCTCAC,7,19866
TSS_1414_storz_regulondb,0.10714285714285714,29,27,AGTGGTGTCTGTCCGTTCTG,2,29383
TSS_1414_storz_regulondb,0.14285714285714285,30,27,AGTAGCTCGATCATGGCGCT,3,5065
TSS_1414_storz_regulondb,0.07142857142857142,28,27,AGGTCGGGTTGCGCGTACCT,1,31357
TSS_1414_storz_regulondb,0.17857142857142858,31,27,AGGCCCCGTATTTGCTTAGA,4,39606
TSS_1414_storz_regulondb,0.6071428571428571,43,27,AGCTCCAAGAATTCTAAGAG,16,78354
TSS_1414_storz_regulondb,0.07142857142857142,28,27,AATGGACCGAAGATGCTTTG,1,24100
TSS_1414_storz_regulondb,9.071428571428571,280,27,AAGCTCGCAACCACGCAGCT,253,79529
TSS_1414_storz_regulondb,0.07142857142857142,28,27,AAGCGAATCTACGAACCCAG,1,7584
TSS_1414_storz_regulondb,0.07142857142857142,28,27,AACGTAACCTTCGCAGTCGT,1,52796
TSS_1414_storz_regulondb,0.10714285714285714,29,27,AACCATCCCATACCCTTCGT,2,70568
TSS_1414_storz_regulondb,0.07142857142857142,28,27,AAAGGCCCTGTTTACTCTGA,1,27825
TSS_1414_storz_regulondb,0.07142857142857142,28,27,AAACACTCCGGATGAAAAAA,1,66876
TSS_1414_storz_regulondb,0.1111111111111111,28,26,TTGCGGGCGCAGGCTGGGTG,2,5053
TSS_1414_storz_regulondb,0.07407407407407407,27,26,TTGAGGTCGCCAGCGCACTC,1,34902
TSS_1414_storz_regulondb,0.07407407407407407,27,26,TTCCACTCGGGCGAGGCGAG,1,64552
TSS_1414_storz_regulondb,0.07407407407407407,27,26,TTCCAATGCGGAGTAGATCA,1,11770
TSS_1414_storz_regulondb,0.1111111111111111,28,26,TGTGGTTATGCACGAGACAC,2,47562
TSS_1414_storz_regulondb,0.07407407407407407,27,26,TGTATTGTGATGGCGCCTCA,1,74436
TSS_1414_storz_regulondb,0.07407407407407407,27,26,TGGTAGTTCATACCCTTGTT,1,7980
TSS_1414_storz_regulondb,0.4074074074074074,36,26,TCTTCACTCTCGTCTTAGTT,10,35239
TSS_1414_storz_regulondb,4.555555555555555,148,26,TCTCAGGATCTGACGAGACT,122,57666
TSS_1414_storz_regulondb,0.2222222222222222,31,26,TCAGTTCGTAGATTATCCGT,5,66868
TSS_1414_storz_regulondb,0.07407407407407407,27,26,TCAGGTGGTGTAGGTGAGTT,1,64888
TSS_1414_storz_regulondb,0.14814814814814814,29,26,TCACCGAATATACGGCTCAG,3,66556
TSS_1414_storz_regulondb,0.07407407407407407,27,26,TATTCCTTCACTAGGACATT,1,7087
TSS_1414_storz_regulondb,30.88888888888889,859,26,TATGTATTCAGTCCCTTATA,833,41843
TSS_1414_storz_regulondb,0.3333333333333333,34,26,TATAAATGTGATCTCTACGA,8,64468
TSS_1414_storz_regulondb,0.18518518518518517,30,26,TAAGAATAACCGCCTTAGGT,4,50203
TSS_1414_storz_regulondb,0.1111111111111111,28,26,GTGGAAGAGGCTATCGAGCA,2,1283
TSS_1414_storz_regulondb,12.25925925925926,356,26,GTCATGTTTGACACTGAAAC,330,5491
TSS_1414_storz_regulondb,0.2962962962962963,33,26,GTATCTGCGAAGCCATGGCA,7,49300
TSS_1414_storz_regulondb,0.2962962962962963,33,26,GTAACATTCTGTCCTGGTCT,7,51860
TSS_1414_storz_regulondb,0.25925925925925924,32,26,GTAAAATAAAGGAGCCGCGA,6,22416
TSS_1414_storz_regulondb,0.1111111111111111,28,26,GGTTTCGCTGCTAGGCTCTG,2,24379
TSS_1414_storz_regulondb,0.1111111111111111,28,26,GGTAATTGCTCCGATGCTGA,2,41373
TSS_1414_storz_regulondb,0.18518518518518517,30,26,GGGGTGTAACCCTTCGTGGG,4,20240
TSS_1414_storz_regulondb,0.07407407407407407,27,26,GGAGCTGCAAATCACGGAGG,1,65053
TSS_1414_storz_regulondb,0.25925925925925924,32,26,GCTGAAAAAGTCACATTGTC,6,29316
TSS_1414_storz_regulondb,0.07407407407407407,27,26,GCGTTACCGCCACTTCCAAG,1,68488
TSS_1414_storz_regulondb,0.07407407407407407,27,26,GCGACGTCTCCGCATGTTAC,1,34751
TSS_1414_storz_regulondb,16.333333333333332,466,26,GCCGTATTATTGAACATGTA,440,75163
TSS_1414_storz_regulondb,0.07407407407407407,27,26,GCATGCAGCCGGGAGTGGTA,1,40257
TSS_1414_storz_regulondb,0.14814814814814814,29,26,GATATTCGATGGTACTATTT,3,3557
TSS_1414_storz_regulondb,0.1111111111111111,28,26,GAGTCCTGAGCGATGGGAAA,2,19200
TSS_1414_storz_regulondb,0.18518518518518517,30,26,GAGGTCGAAGCGGCTCTAGA,4,41769
TSS_1414_storz_regulondb,0.3333333333333333,34,26,GAGACGTTACACTTTCAAGG,8,68987
TSS_1414_storz_regulondb,0.1111111111111111,28,26,GACCCAGCCGGGTAGACAGA,2,34949
TSS_1414_storz_regulondb,0.14814814814814814,29,26,GAATTCACGAGGCTTGAGGT,3,38652
TSS_1414_storz_regulondb,0.07407407407407407,27,26,GAATCTGCGATTGCGTTCAG,1,34471
TSS_1414_storz_regulondb,0.07407407407407407,27,26,CTGAATTTAGTTGGACTATA,1,6035
TSS_1414_storz_regulondb,0.14814814814814814,29,26,CTCGAATGGAGACATTGCCA,3,60871
TSS_1414_storz_regulondb,0.07407407407407407,27,26,CGTTGGGAACGAGCTAATAG,1,35387
TSS_1414_storz_regulondb,0.14814814814814814,29,26,CGGTCCGTATGCCTATCATG,3,68206
TSS_1414_storz_regulondb,0.1111111111111111,28,26,CCTTGTCGCAGTATGATTCT,2,69241
TSS_1414_storz_regulondb,0.2222222222222222,31,26,CCTTCTGGGAGCTTATCAGG,5,34215
TSS_1414_storz_regulondb,0.14814814814814814,29,26,CCTCGGTTCAGAAGTAGTGC,3,37811
TSS_1414_storz_regulondb,0.14814814814814814,29,26,CCGTCACAGAAAGCTCCCCG,3,40444
TSS_1414_storz_regulondb,0.18518518518518517,30,26,CCAGTGAACTATACCGGGGG,4,57280
TSS_1414_storz_regulondb,0.07407407407407407,27,26,CCACGACGCAAACAGGGGCT,1,16076
TSS_1414_storz_regulondb,0.1111111111111111,28,26,CATCGCTTTCTGCTTGAGGT,2,25617
TSS_1414_storz_regulondb,1.1851851851851851,57,26,CAGGACATCTCGGAGTGTTG,31,44811
TSS_1414_storz_regulondb,0.1111111111111111,28,26,CACACGTAGGATAACGTTGT,2,41501
TSS_1414_storz_regulondb,0.14814814814814814,29,26,CAAATCTCGAATCGTTCCCT,3,64991
TSS_1414_storz_regulondb,0.25925925925925924,32,26,ATTGCAGTTTGTCTTTGTCT,6,61334
TSS_1414_storz_regulondb,0.25925925925925924,32,26,ATTACCACGAACTTGCAATT,6,61587
TSS_1414_storz_regulondb,0.07407407407407407,27,26,ATTACCAAAGATGAGAAGGA,1,59249
TSS_1414_storz_regulondb,0.18518518518518517,30,26,ATGGTTCTCCTAGTTCGCAT,4,49930
TSS_1414_storz_regulondb,0.1111111111111111,28,26,ATGGATTCCAGAAAGAGATA,2,43360
TSS_1414_storz_regulondb,0.07407407407407407,27,26,ATGAACAAAGAAAAAGTGCT,1,16840
TSS_1414_storz_regulondb,0.2222222222222222,31,26,ATACCGATCTTCGGAAGTCG,5,32734
TSS_1414_storz_regulondb,0.07407407407407407,27,26,ACTCACATCCCCCGCAAGAT,1,15499
TSS_1414_storz_regulondb,0.6296296296296297,42,26,ACTAGAGGGCATCGGAGGCA,16,29968
TSS_1414_storz_regulondb,0.07407407407407407,27,26,ACGGTCACATTGTCACAGAT,1,71685
TSS_1414_storz_regulondb,0.07407407407407407,27,26,ACGAACTGTGTTCCCACGTA,1,6885
TSS_1414_storz_regulondb,0.07407407407407407,27,26,AATTTACTACCAGTTTTTAC,1,4514
TSS_1414_storz_regulondb,7.7407407407407405,234,26,AAGCTTGCGAGTACCTATGA,208,29288
TSS_1414_storz_regulondb,0.07407407407407407,27,26,AACGCGTTTCCGATTCGATG,1,23055
TSS_1414_storz_regulondb,0.18518518518518517,30,26,AACCTTAAACTCTATCTGGA,4,28121
TSS_1414_storz_regulondb,0.07692307692307693,26,25,TTTGCACTTCCTTGGCAGGT,1,8248
TSS_1414_storz_regulondb,0.38461538461538464,34,25,TTGTGACCAGGTCTCCAGAC,9,51373
TSS_1414_storz_regulondb,0.11538461538461539,27,25,TTATGGGTACGGCTAATTGG,2,38556
TSS_1414_storz_regulondb,0.11538461538461539,27,25,TTATGGACTGCAGTGGATAT,2,40382
TSS_1414_storz_regulondb,0.19230769230769232,29,25,TTAGGACAGAAATAACCATA,4,35873
TSS_1414_storz_regulondb,0.2692307692307692,31,25,TTACAGTGAGAGCGCCCGCG,6,19468
TSS_1414_storz_regulondb,0.11538461538461539,27,25,TGTCTTGCTCACATGCGTAT,2,2789
TSS_1414_storz_regulondb,0.15384615384615385,28,25,TGGGGCCTCTCGCGCGTATA,3,77313
TSS_1414_storz_regulondb,0.07692307692307693,26,25,TGCTTCTAAGTATTAAGAAA,1,38044
TSS_1414_storz_regulondb,0.07692307692307693,26,25,TGCAAACTAATTCTTACTAT,1,23893
TSS_1414_storz_regulondb,0.07692307692307693,26,25,TGACCAGACACTCATGGGTC,1,68599
TSS_1414_storz_regulondb,0.3076923076923077,32,25,TATGCAGAGTATTCGCACTC,7,68702
TSS_1414_storz_regulondb,0.07692307692307693,26,25,TAGACGTGAGGGCTGTGCTA,1,49124
TSS_1414_storz_regulondb,0.38461538461538464,34,25,TACGACGTGCAACGCCGATT,9,14742
TSS_1414_storz_regulondb,0.15384615384615385,28,25,TAAAGAATATAGAATAGTGG,3,4982
TSS_1414_storz_regulondb,0.38461538461538464,34,25,GTGCTCCGATACGAACTATG,9,37964
TSS_1414_storz_regulondb,11.384615384615385,320,25,GTCGCACGCCATTCGATCCT,295,10497
TSS_1414_storz_regulondb,0.3076923076923077,32,25,GCTATTGGATGCTCTTGGTA,7,44234
TSS_1414_storz_regulondb,0.38461538461538464,34,25,GCGAAACTGCAGACACGCAT,9,75855
TSS_1414_storz_regulondb,0.11538461538461539,27,25,GCCGCGCCCGAACAGGATCG,2,12524
TSS_1414_storz_regulondb,0.19230769230769232,29,25,GCCCCCTAGTTCTCAACTTT,4,10511
TSS_1414_storz_regulondb,0.07692307692307693,26,25,GAGGAGGACTAAAGCTCTTG,1,28973
TSS_1414_storz_regulondb,0.5769230769230769,39,25,GAGCAGTGTCGGCGGGCTCC,14,65811
TSS_1414_storz_regulondb,0.07692307692307693,26,25,GACGGGGCTGTTAAGCACGT,1,67001
TSS_1414_storz_regulondb,0.15384615384615385,28,25,CTTTCTCACGGGCCGCTTTT,3,40156
TSS_1414_storz_regulondb,0.07692307692307693,26,25,CTGAGCACTGCCAGTGTTCT,1,35272
TSS_1414_storz_regulondb,0.07692307692307693,26,25,CTAGTCCGGAATACTAGATG,1,61065
TSS_1414_storz_regulondb,0.07692307692307693,26,25,CGTGTGCACGCGGTTACGAG,1,69715
TSS_1414_storz_regulondb,0.07692307692307693,26,25,CGCTTCTTGGCCTACAGGGA,1,997
TSS_1414_storz_regulondb,0.07692307692307693,26,25,CGCTTAACTCGAGTCGGGTG,1,11955
TSS_1414_storz_regulondb,0.15384615384615385,28,25,CGACGTTCCTAGTTCCATGC,3,17892
TSS_1414_storz_regulondb,0.19230769230769232,29,25,CCTTCGGACACTGTGGTCCC,4,33118
TSS_1414_storz_regulondb,0.07692307692307693,26,25,CCTGGATTGAGCTAGGTTAA,1,45247
TSS_1414_storz_regulondb,0.07692307692307693,26,25,CCCCTACATTTGAGTACTTG,1,68940
TSS_1414_storz_regulondb,0.11538461538461539,27,25,CCAGAAGAGATCCACTCAAG,2,22
TSS_1414_storz_regulondb,0.07692307692307693,26,25,CCACTAATAATCGGCCCAAA,1,1962
TSS_1414_storz_regulondb,0.15384615384615385,28,25,CCACGTGATATCCGTACGAG,3,64049
TSS_1414_storz_regulondb,0.7692307692307693,44,25,CATCTGCGCCGGTTTCCATG,19,50284
TSS_1414_storz_regulondb,0.07692307692307693,26,25,CATCCGGATTGCGGCTTAGG,1,22236
TSS_1414_storz_regulondb,0.07692307692307693,26,25,CAGGTGGACACGATCGCTAG,1,57281
TSS_1414_storz_regulondb,13.346153846153847,371,25,CACAGAGTCTAGTTTCGGCC,346,58835
TSS_1414_storz_regulondb,0.11538461538461539,27,25,CAATTCCCACCGGTGTACAC,2,11306
TSS_1414_storz_regulondb,0.11538461538461539,27,25,CAATCTAGGGTGACATCTCG,2,5736
TSS_1414_storz_regulondb,0.07692307692307693,26,25,ATTATGTAGTGATGTCAGAT,1,43674
TSS_1414_storz_regulondb,0.07692307692307693,26,25,ATCTAGGGAGGAGTTGTGGA,1,33557
TSS_1414_storz_regulondb,0.07692307692307693,26,25,ATCGCCAGATACTTTCTCTG,1,65862
TSS_1414_storz_regulondb,0.3076923076923077,32,25,ATAGACTCATCTTCCACTTA,7,33513
TSS_1414_storz_regulondb,0.19230769230769232,29,25,AGGAGCGTTGAAGTTCGTCT,4,53876
TSS_1414_storz_regulondb,27.346153846153847,735,25,AGCTTATACGTGAGAGTCAC,710,54511
TSS_1414_storz_regulondb,0.15384615384615385,28,25,AGCATACCATACACTATCCA,3,40225
TSS_1414_storz_regulondb,0.07692307692307693,26,25,AGAATACAGCCAGGTCCCGT,1,14204
TSS_1414_storz_regulondb,0.15384615384615385,28,25,ACGCGCTTCTGTTGATTCTC,3,51381
TSS_1414_storz_regulondb,0.07692307692307693,26,25,ACACCCATGTTCGGTCCGAT,1,3823
TSS_1414_storz_regulondb,0.07692307692307693,26,25,ACAATTATCTCACAAATTTG,1,15742
TSS_1414_storz_regulondb,0.07692307692307693,26,25,AATTGGATTGTCCCTCGTGG,1,35759
TSS_1414_storz_regulondb,0.07692307692307693,26,25,AATTCAAGGGAAAAAGATCT,1,18297
TSS_1414_storz_regulondb,23.923076923076923,646,25,AATGGTTAAGCTTATTTAAC,621,23623
TSS_1414_storz_regulondb,0.23076923076923078,30,25,AAGCGAAGTTTTGATAGTAA,5,37912
TSS_1414_storz_regulondb,0.07692307692307693,26,25,AACTATTTGAGACTTAATGA,1,29970
TSS_1414_storz_regulondb,0.23076923076923078,30,25,AACTAAAAGTGGCGACTATG,5,73076
TSS_1414_storz_regulondb,0.07692307692307693,26,25,AACGTCCCTCGGCATTAACT,1,35763
TSS_1414_storz_regulondb,0.07692307692307693,26,25,AAACCCGATGGCCTGTTAAT,1,26666
TSS_1414_storz_regulondb,0.08,25,24,TTTTGCCGCTGACTAGAAAA,1,14274
TSS_1414_storz_regulondb,0.2,28,24,TTTTGATAAGCATCGGTGGT,4,49037
TSS_1414_storz_regulondb,0.16,27,24,TTTGCATCGGAGAGATCGTT,3,10983
TSS_1414_storz_regulondb,0.08,25,24,TTGTAACCTGGTAGACCGAC,1,25581
TSS_1414_storz_regulondb,0.28,30,24,TTGAGTGGATTAGACTCCTA,6,22676
TSS_1414_storz_regulondb,1.4,58,24,TTCTTCACCGGTTTGTCATG,34,68532
TSS_1414_storz_regulondb,0.2,28,24,TGGGCTGTAAGCACCATTGG,4,70499
TSS_1414_storz_regulondb,0.08,25,24,TGCGACGTTTGCAGGCTCCA,1,60164
TSS_1414_storz_regulondb,25.44,659,24,TGCCTTCAAACGACATTGCA,635,74525
TSS_1414_storz_regulondb,0.2,28,24,TGCAGGAGTCGTCGTCGTGT,4,68696
TSS_1414_storz_regulondb,0.08,25,24,TGCACGGATGGAAGATACGC,1,30742
TSS_1414_storz_regulondb,0.08,25,24,TCAGGGGGGCGCTAGATCGG,1,57079
TSS_1414_storz_regulondb,0.08,25,24,TACTGACTGCGGACCATTGA,1,72251
TSS_1414_storz_regulondb,0.24,29,24,TAAGCTACAGCTCAATAATT,5,32347
TSS_1414_storz_regulondb,0.32,31,24,GTTTAATAGTCCGTCACAGA,7,70081
TSS_1414_storz_regulondb,0.32,31,24,GTGTCCGCTATATTGCGGAA,7,68551
TSS_1414_storz_regulondb,0.2,28,24,GTCACGAATTCCAAAACCGT,4,39667
TSS_1414_storz_regulondb,0.08,25,24,GTAACGTTCGCGACCCCGGT,1,22989
TSS_1414_storz_regulondb,0.08,25,24,GGTTTATTTTCTAAGGCCCG,1,74154
TSS_1414_storz_regulondb,21.76,567,24,GGTTGCTCCGATTGTGTTTG,543,77050
TSS_1414_storz_regulondb,0.48,35,24,GGTGTGAGATGCGAAGTGGT,11,30504
TSS_1414_storz_regulondb,0.08,25,24,GGTACCCGATCATATACAAT,1,65248
TSS_1414_storz_regulondb,0.56,37,24,GGGCTGGTAGGATAATCGAG,13,23365
TSS_1414_storz_regulondb,0.08,25,24,GGACGACGCGTGGCCATTTG,1,67985
TSS_1414_storz_regulondb,0.08,25,24,GGAATCCCGCTGTCAAGCCA,1,61530
TSS_1414_storz_regulondb,0.08,25,24,GCTCAGGGAACCGTGGTAAT,1,66120
TSS_1414_storz_regulondb,0.24,29,24,GCTAGTATACGTTCTCCTCC,5,33933
TSS_1414_storz_regulondb,0.12,26,24,GCGTCTGTCTACCAGATCCA,2,54598
TSS_1414_storz_regulondb,0.08,25,24,GCGGGGATCTGAAACGTCAG,1,6305
TSS_1414_storz_regulondb,0.08,25,24,GCGGATCACTGTTACCTGCC,1,52941
TSS_1414_storz_regulondb,0.08,25,24,GCAATCAAACCAGCGACCCT,1,7176
TSS_1414_storz_regulondb,0.2,28,24,GATAAGGACAGTGGCTACAA,4,49067
TSS_1414_storz_regulondb,0.2,28,24,GAGGCATAGGGCAGCACCAC,4,60914
TSS_1414_storz_regulondb,0.08,25,24,GACGCGTATTGCACGAGTGC,1,33510
TSS_1414_storz_regulondb,0.08,25,24,GAAGTCCATTCACCAGTTGT,1,60183
TSS_1414_storz_regulondb,0.08,25,24,GAACTCCTTGGGTGATGTTG,1,2040
TSS_1414_storz_regulondb,0.08,25,24,CTTTGTAATTTGTCTCCAGT,1,28145
TSS_1414_storz_regulondb,0.88,45,24,CTTTATGTAACCCCAATGGT,21,50990
TSS_1414_storz_regulondb,0.24,29,24,CTTCGACGAAACTTACAGGA,5,17024
TSS_1414_storz_regulondb,0.08,25,24,CGTGCTATAGCAGAGTGTTG,1,22441
TSS_1414_storz_regulondb,0.28,30,24,CGTCGCATGCACCCGCGAGT,6,49223
TSS_1414_storz_regulondb,0.08,25,24,CGGGTGCGCGGTAATCAACC,1,34550
TSS_1414_storz_regulondb,0.2,28,24,CCCCTCGCGATTTCCTCCGT,4,79097
TSS_1414_storz_regulondb,0.08,25,24,CCCCATTGCCACCGTCAGTC,1,47411
TSS_1414_storz_regulondb,0.16,27,24,CACATACTATCTGCGCACGT,3,77569
TSS_1414_storz_regulondb,0.08,25,24,ATTATGCGCGTTGCGACATC,1,50478
TSS_1414_storz_regulondb,0.2,28,24,ATTAGCACCATGGAACGTGA,4,1534
TSS_1414_storz_regulondb,0.08,25,24,ATCTGCACTTTCTGAGGCTT,1,71261
TSS_1414_storz_regulondb,0.08,25,24,ATATTATAAGCGGGCTCGCA,1,14982
TSS_1414_storz_regulondb,0.08,25,24,AGTATAGGTGTTTTCTAATT,1,77263
TSS_1414_storz_regulondb,0.24,29,24,AGCACGGGGTACGCTGCCGT,5,36869
TSS_1414_storz_regulondb,37.0,948,24,AGAGTACATATGCTTTTGTT,924,70700
TSS_1414_storz_regulondb,0.12,26,24,ACGTGAGGGTAGGTTCGGGA,2,71491
TSS_1414_storz_regulondb,0.16,27,24,ACCTCGCCGACGGCCTTGAT,3,52180
TSS_1414_storz_regulondb,0.12,26,24,ACCGGGCGCATTTTACTCAT,2,30072
TSS_1414_storz_regulondb,0.08,25,24,AATAAAGGAATTTAGTGATA,1,36797
TSS_1414_storz_regulondb,0.08,25,24,AAGTATGGGCTGTGAAGTTG,1,44946
TSS_1414_storz_regulondb,0.08,25,24,AAGGGCGAACCTGAAACCCT,1,43945
TSS_1414_storz_regulondb,0.12,26,24,AACAGGGGTGTCTGCAGGAT,2,15398
TSS_1414_storz_regulondb,0.5416666666666666,35,23,TTTGTCGTTGAGGATACTTG,12,49842
TSS_1414_storz_regulondb,0.3333333333333333,30,23,TTTAACGGGTTCTTCACAGT,7,65732
TSS_1414_storz_regulondb,0.125,25,23,TTGCCGGACTCAATGGCAGT,2,35532
TSS_1414_storz_regulondb,0.125,25,23,TTAGGGGTTATTAAGCCCAC,2,35831
TSS_1414_storz_regulondb,0.2916666666666667,29,23,TGGATGAACCGTGCCGCCTC,6,18706
TSS_1414_storz_regulondb,0.2916666666666667,29,23,TGAGAGTATGTCCGTCTAAT,6,73787
TSS_1414_storz_regulondb,0.2916666666666667,29,23,TCTTATATCAATACTTTCCT,6,57620
TSS_1414_storz_regulondb,0.125,25,23,TCTGGGAGGGACAAAGGGGA,2,41950
TSS_1414_storz_regulondb,0.16666666666666666,26,23,TCTCATCAGGTTCCCTAAAT,3,40009
TSS_1414_storz_regulondb,0.25,28,23,TCCTAGAGGTCACCAAGGTG,5,19802
TSS_1414_storz_regulondb,0.125,25,23,TCCGTGGCTTGTAGATCCAT,2,58279
TSS_1414_storz_regulondb,0.25,28,23,TCCATACCTGAACGTCCATT,5,21153
TSS_1414_storz_regulondb,0.20833333333333334,27,23,TCACAGTTCTAGCACTACCT,4,25983
TSS_1414_storz_regulondb,9.291666666666666,245,23,TATCGGCGCCGCCCCGGACA,222,11115
TSS_1414_storz_regulondb,0.2916666666666667,29,23,TATACTGGCCGGGTACCCCG,6,54324
TSS_1414_storz_regulondb,0.08333333333333333,24,23,TAGGTTTGGCTAATAGGAGA,1,79396
TSS_1414_storz_regulondb,0.08333333333333333,24,23,TAGGTAACGGCTTAGCACGG,1,27211
TSS_1414_storz_regulondb,0.08333333333333333,24,23,TAATTGCTTACGTCTCTCCC,1,63442
TSS_1414_storz_regulondb,0.4166666666666667,32,23,TAAACGTGAGACGTGGCAAT,9,26169
TSS_1414_storz_regulondb,0.08333333333333333,24,23,GTGCTTCCCCTGTGGTGATT,1,78609
TSS_1414_storz_regulondb,0.125,25,23,GTGCTGAAGTGGCGTCCTGT,2,44873
TSS_1414_storz_regulondb,0.125,25,23,GGTACGGCTGTGGGAAATTT,2,65589
TSS_1414_storz_regulondb,0.16666666666666666,26,23,GGGTCGGAAGTCTCGGGTGA,3,41637
TSS_1414_storz_regulondb,0.08333333333333333,24,23,GGCCTCACGACTTGTTCAGC,1,15319
TSS_1414_storz_regulondb,0.08333333333333333,24,23,GGCCGTACGTGCCATATTGT,1,74786
TSS_1414_storz_regulondb,0.16666666666666666,26,23,GGATGATGTCCGGAAAACTA,3,17767
TSS_1414_storz_regulondb,0.4583333333333333,33,23,GGAGTCCTTGGGGCTTTTAG,10,20493
TSS_1414_storz_regulondb,0.125,25,23,GCTCTGACAGTGTAAGTACG,2,5369
TSS_1414_storz_regulondb,0.08333333333333333,24,23,GCGCGTGCGTCTATGGCCGC,1,25319
TSS_1414_storz_regulondb,0.16666666666666666,26,23,GCATTACATGAGTTGTCGGA,3,13855
TSS_1414_storz_regulondb,0.375,31,23,GCAGGCAAGGCGAGCGCCAA,8,14282
TSS_1414_storz_regulondb,0.08333333333333333,24,23,GATCCGCTCTAAAAGGATAC,1,55094
TSS_1414_storz_regulondb,0.08333333333333333,24,23,GACTAGCACTGTTGTTAGGT,1,61685
TSS_1414_storz_regulondb,0.25,28,23,CTACTTTTTCCCGATCTACA,5,52936
TSS_1414_storz_regulondb,0.25,28,23,CTAATCCAACCATCGTCACT,5,31245
TSS_1414_storz_regulondb,0.25,28,23,CTAAGATACGCTTAGCATTA,5,37335
TSS_1414_storz_regulondb,0.5416666666666666,35,23,CGTGTGCGTGAAATCAGCCT,12,59320
TSS_1414_storz_regulondb,0.125,25,23,CGGCTAGGGGTGATTCACGT,2,79955
TSS_1414_storz_regulondb,0.08333333333333333,24,23,CGCCAGTTCTCCCAGCCATT,1,11967
TSS_1414_storz_regulondb,0.08333333333333333,24,23,CCTTTACCGTGAGCGCTATG,1,10946
TSS_1414_storz_regulondb,0.08333333333333333,24,23,CCCGTAGAGGATGTTTTCTA,1,48224
TSS_1414_storz_regulondb,30.375,751,23,CCCAATCTACATGTGTTTAA,728,56864
TSS_1414_storz_regulondb,0.08333333333333333,24,23,CCATCCCCTCGTGGGGATAG,1,9213
TSS_1414_storz_regulondb,0.25,28,23,CCATACCAAGCGGACGCCTT,5,48208
TSS_1414_storz_regulondb,21.333333333333332,534,23,CCACAATTATCGACCCAAGA,511,28082
TSS_1414_storz_regulondb,0.16666666666666666,26,23,CCAAGGTAGTGTGAGGTGCT,3,31293
TSS_1414_storz_regulondb,6.083333333333333,168,23,CCAAGGATAACGAAGGTAAG,145,69561
TSS_1414_storz_regulondb,0.125,25,23,CATTTAGAATGGCAATATCC,2,1147
TSS_1414_storz_regulondb,0.375,31,23,CAGTGACCCAGTAAGCGTTT,8,6167
TSS_1414_storz_regulondb,0.20833333333333334,27,23,CAAGGATTGACGATAGGGTA,4,50931
TSS_1414_storz_regulondb,0.08333333333333333,24,23,ATGTGCACCACGGACATGAT,1,46365
TSS_1414_storz_regulondb,0.125,25,23,ATGGTAACGATGTAGGGCAT,2,17899
TSS_1414_storz_regulondb,0.125,25,23,ATCTGAAGGACTTCCCCCCA,2,14200
TSS_1414_storz_regulondb,0.20833333333333334,27,23,ATCCTAGGGTTCACAACTGC,4,19649
TSS_1414_storz_regulondb,0.20833333333333334,27,23,ATATTGACAGGGCGCTCATT,4,7544
TSS_1414_storz_regulondb,0.2916666666666667,29,23,ATAGGCCGGACTTTAAGGCG,6,56648
TSS_1414_storz_regulondb,0.20833333333333334,27,23,AGGCCCAAGAGACGATAAAC,4,31050
TSS_1414_storz_regulondb,0.08333333333333333,24,23,AGGATGTCCAAATCTTTTGA,1,78739
TSS_1414_storz_regulondb,0.375,31,23,AGGACTCAGGACTTTCAGCT,8,60496
TSS_1414_storz_regulondb,0.16666666666666666,26,23,AGGACGGTGCCATCTCTATA,3,50103
TSS_1414_storz_regulondb,0.375,31,23,AGCCAATGGCGTACCGAACA,8,17488
TSS_1414_storz_regulondb,0.2916666666666667,29,23,AGAATGGTGGGCTGCGCAGG,6,11907
TSS_1414_storz_regulondb,0.20833333333333334,27,23,ACTTGCTCTATGGTACGCGA,4,36353
TSS_1414_storz_regulondb,0.125,25,23,ACTGACAGATAACATTGTGT,2,68641
TSS_1414_storz_regulondb,11.041666666666666,287,23,ACTACTTGGACGGCAGGTGG,264,2367
TSS_1414_storz_regulondb,0.16666666666666666,26,23,ACGGCATGGGTATCGCTGTA,3,37383
TSS_1414_storz_regulondb,0.08333333333333333,24,23,ACGCGTCGGGATTGTACTCT,1,35084
TSS_1414_storz_regulondb,0.08333333333333333,24,23,ACGCATCGCTCGACCTACAG,1,28201
TSS_1414_storz_regulondb,0.5,34,23,ACAATGTTCACATCTTTAAC,11,41202
TSS_1414_storz_regulondb,0.125,25,23,AATAGGGCCGCTTTAGATGC,2,65522
TSS_1414_storz_regulondb,0.125,25,23,AAGGGTCTACTGCCGCACGT,2,34607
TSS_1414_storz_regulondb,0.125,25,23,AAGCCTAAAACCGGGTTAGC,2,66635
TSS_1414_storz_regulondb,0.08333333333333333,24,23,AAATTCTAGGACGAACGAGA,1,45924
TSS_1414_storz_regulondb,0.125,25,23,AAAGGGGTTTTACAGGTGCA,2,7329
TSS_1414_storz_regulondb,0.08333333333333333,24,23,AAACCCACTCCGCCCAGTCT,1,57731
TSS_1414_storz_regulondb,0.08333333333333333,24,23,AAAAAGAGGTGTTAAGGATC,1,73995
TSS_1414_storz_regulondb,0.08695652173913043,23,22,TGTTTGTTAGCTATATCAAA,1,18036
TSS_1414_storz_regulondb,0.17391304347826086,25,22,TGTCATCGACTAAAACCGGG,3,36398
TSS_1414_storz_regulondb,0.13043478260869565,24,22,TGACAACGTGAGTGGCCCAT,2,1502
TSS_1414_storz_regulondb,0.4782608695652174,32,22,TGAATTGTTCCTCATCGCCT,10,25042
TSS_1414_storz_regulondb,0.21739130434782608,26,22,TGAAAGCATTGGCAGTCGCT,4,50196
TSS_1414_storz_regulondb,0.34782608695652173,29,22,TCGTCCACATCGGCCCGTAT,7,65689
TSS_1414_storz_regulondb,0.08695652173913043,23,22,TCGTACTGCGGACTTTCCTA,1,73316
TSS_1414_storz_regulondb,0.2608695652173913,27,22,TCCGATCTAGATTTGAAAAC,5,31375
TSS_1414_storz_regulondb,0.17391304347826086,25,22,TATTATTCTCCTGAAGATTT,3,58292
TSS_1414_storz_regulondb,0.08695652173913043,23,22,TAAGCTTGCCCCGTCATTTA,1,3439
TSS_1414_storz_regulondb,0.17391304347826086,25,22,GTTGGTGCACCATTTCGGTG,3,61915
TSS_1414_storz_regulondb,0.08695652173913043,23,22,GTGTAGCGGGAAACTTTTCC,1,63497
TSS_1414_storz_regulondb,0.08695652173913043,23,22,GTGCACTCGTCAGCGCAATT,1,30975
TSS_1414_storz_regulondb,23.91304347826087,571,22,GGTCTCGTAAACGTTCGGTA,549,34537
TSS_1414_storz_regulondb,0.08695652173913043,23,22,GGTAGCGCATGCATTAGCTA,1,16390
TSS_1414_storz_regulondb,0.30434782608695654,28,22,GGGTGAGAATGGATTCAGTA,6,69288
TSS_1414_storz_regulondb,20.391304347826086,490,22,GGGGCGAGGGCGAGGGGCGA,468,75085
TSS_1414_storz_regulondb,0.2608695652173913,27,22,GGAGGGGTTCAGCTCCGCAA,5,75823
TSS_1414_storz_regulondb,9.565217391304348,241,22,GCTATAGTAGTCCGAGATCG,219,60695
TSS_1414_storz_regulondb,29.608695652173914,702,22,GCGTGACCGTTTTTAATGCA,680,9562
TSS_1414_storz_regulondb,0.08695652173913043,23,22,GAGCGAGAGCGTTGGTCACA,1,50992
TSS_1414_storz_regulondb,0.08695652173913043,23,22,GAGCAAAGTCGCGCTTAACT,1,17533
TSS_1414_storz_regulondb,0.43478260869565216,31,22,GACTACCTTTCCTAGGCTTC,9,71823
TSS_1414_storz_regulondb,0.17391304347826086,25,22,GACGCGCAACCCAATGCCTA,3,25660
TSS_1414_storz_regulondb,0.21739130434782608,26,22,GACCCTAGCGCGACAAACTT,4,25838
TSS_1414_storz_regulondb,35.43478260869565,836,22,CTTGACGGTGACTGTGTAGA,814,30261
TSS_1414_storz_regulondb,0.08695652173913043,23,22,CTTATGAATTTCGATGCTAG,1,931
TSS_1414_storz_regulondb,0.5217391304347826,33,22,CTTACTTGTCGGCCCCAAGG,11,32825
TSS_1414_storz_regulondb,0.13043478260869565,24,22,CTCCCTTACAGGCATCACTC,2,55723
TSS_1414_storz_regulondb,0.30434782608695654,28,22,CTAAGCCGGCACATGTCGTG,6,61447
TSS_1414_storz_regulondb,0.21739130434782608,26,22,CTAAAGTCTGAAATATCGGG,4,3223
TSS_1414_storz_regulondb,0.13043478260869565,24,22,CGTGCATTTGCCTTGAATGA,2,42879
TSS_1414_storz_regulondb,0.34782608695652173,29,22,CGTATCCTACCGGGCGCACC,7,3632
TSS_1414_storz_regulondb,0.08695652173913043,23,22,CGCGTGCGATGGATCGGTCA,1,25627
TSS_1414_storz_regulondb,0.08695652173913043,23,22,CGCGATCCATCAGTACTAAA,1,13961
TSS_1414_storz_regulondb,26.47826086956522,630,22,CGCCACGTCGATATCGGTCG,608,28702
TSS_1414_storz_regulondb,0.08695652173913043,23,22,CGCCAATCTTAACACGTATG,1,6208
TSS_1414_storz_regulondb,30.782608695652176,729,22,CGCAGTAGCGCACTGAAATA,707,29309
TSS_1414_storz_regulondb,19.565217391304348,471,22,CGCAATTTGGTCACAGGCAA,449,57366
TSS_1414_storz_regulondb,0.13043478260869565,24,22,CCGTGGACCCGGCCCTCAGT,2,17080
TSS_1414_storz_regulondb,0.08695652173913043,23,22,CCGCCCGCAGCGCCATGAAA,1,46159
TSS_1414_storz_regulondb,0.17391304347826086,25,22,CCCGAGTTACTAGAATTGTT,3,64045
TSS_1414_storz_regulondb,0.8695652173913043,41,22,CCCCGGGAATCCGCAGAACT,19,47795
TSS_1414_storz_regulondb,0.30434782608695654,28,22,CCAGACCGTGAATCGGCTCA,6,15790
TSS_1414_storz_regulondb,0.4782608695652174,32,22,CAGTTGGTGAGTACTCGGAC,10,76568
TSS_1414_storz_regulondb,0.17391304347826086,25,22,CAGTGCCTATTAGTACCCGG,3,61106
TSS_1414_storz_regulondb,0.08695652173913043,23,22,CAGATCGGTGCTTATACTGA,1,3026
TSS_1414_storz_regulondb,0.08695652173913043,23,22,CACTCTGCGGCCGCGTGTGA,1,67406
TSS_1414_storz_regulondb,0.08695652173913043,23,22,CACTCCCGAGTGTGACATAT,1,46783
TSS_1414_storz_regulondb,0.43478260869565216,31,22,ATTAAGTGTGCATTCCCGCG,9,70873
TSS_1414_storz_regulondb,0.13043478260869565,24,22,ATGTGGTCTTAGAACCCGCG,2,16866
TSS_1414_storz_regulondb,0.08695652173913043,23,22,ATGTCTCCTAAACTTTGTGC,1,32582
TSS_1414_storz_regulondb,0.08695652173913043,23,22,ATGCTAACCGCGACATCCAT,1,23809
TSS_1414_storz_regulondb,0.08695652173913043,23,22,AGTTTGTGTGTAGAGACGTT,1,70438
TSS_1414_storz_regulondb,12.91304347826087,318,22,AGTTCGGCGGCTCCCAGAGG,296,13761
TSS_1414_storz_regulondb,0.13043478260869565,24,22,AGTACGCTCGTAGGTGCGTT,2,18959
TSS_1414_storz_regulondb,0.17391304347826086,25,22,AGGTTCGAGATCCTGTTAAG,3,7765
TSS_1414_storz_regulondb,0.34782608695652173,29,22,AGGGCTGTCAGTAGTCAGGT,7,37132
TSS_1414_storz_regulondb,0.17391304347826086,25,22,AGGGATTGCTACGCCGAATG,3,80375
TSS_1414_storz_regulondb,0.08695652173913043,23,22,AGACGTAAAAGTTACGAAGT,1,35375
TSS_1414_storz_regulondb,0.08695652173913043,23,22,ACTAAACGGCAAGAAAGGTA,1,25501
TSS_1414_storz_regulondb,0.08695652173913043,23,22,ACGCAGGCCAGAGCAATTAA,1,42501
TSS_1414_storz_regulondb,0.43478260869565216,31,22,ACAGGAGACAAGTGCGCGAC,9,60857
TSS_1414_storz_regulondb,0.08695652173913043,23,22,ACAGCGAACCAGTGGGTAAG,1,5728
TSS_1414_storz_regulondb,0.08695652173913043,23,22,ACAATCTCACGTGATAATAT,1,23628
TSS_1414_storz_regulondb,0.08695652173913043,23,22,AAGCTCTGGCGGAATGTGAT,1,71534
TSS_1414_storz_regulondb,0.13043478260869565,24,22,AAAAGGCGTGCGAGTGGACT,2,15394
TSS_1414_storz_regulondb,0.09090909090909091,22,21,TTCGCGAGGTTATTAGTGAA,1,8987
TSS_1414_storz_regulondb,0.09090909090909091,22,21,TGTAGCTTGGACTCTTTAGT,1,79883
TSS_1414_storz_regulondb,39.27272727272727,884,21,TGTACGAAGGGGTACGAAGG,863,70501
TSS_1414_storz_regulondb,0.22727272727272727,25,21,TGTACCTATGTCCCTCACAT,4,23518
TSS_1414_storz_regulondb,0.22727272727272727,25,21,TGGCCTTATATAGACGCTGA,4,7238
TSS_1414_storz_regulondb,0.45454545454545453,30,21,TGGCCTGATGAAAGGCCTAT,9,8478
TSS_1414_storz_regulondb,0.13636363636363635,23,21,TGCGCCTGAGCGCCGGGTAT,2,12739
TSS_1414_storz_regulondb,0.09090909090909091,22,21,TCTGCTTGAAAGTAGGCCTC,1,23336
TSS_1414_storz_regulondb,0.09090909090909091,22,21,TCTCGTACCTGCAACGAGCA,1,22170
TSS_1414_storz_regulondb,0.09090909090909091,22,21,TCTCAGCCGACGCATGGATC,1,46078
TSS_1414_storz_regulondb,0.22727272727272727,25,21,TCCATTGGTGCACCGAGAAC,4,14929
TSS_1414_storz_regulondb,0.09090909090909091,22,21,TAGCACCCCAGCCCTTCGAT,1,40642
TSS_1414_storz_regulondb,0.09090909090909091,22,21,TACGGAAAATCTAGGACCTA,1,79404
TSS_1414_storz_regulondb,31.681818181818183,717,21,TACGCAGGGTCTCTCTTAGT,696,6591
TSS_1414_storz_regulondb,0.2727272727272727,26,21,TAATGTCTGTTTAGCCACAG,5,45346
TSS_1414_storz_regulondb,0.18181818181818182,24,21,TAAGTCCTGATAGCCGCACA,3,55990
TSS_1414_storz_regulondb,0.09090909090909091,22,21,GTATGAATGAGTGTGTTCTT,1,64244
TSS_1414_storz_regulondb,0.09090909090909091,22,21,GTAGGACTCAGAGGTGAAAA,1,28038
TSS_1414_storz_regulondb,47.22727272727273,1059,21,GGTCGGCGTAAGAACCAAGA,1038,74824
TSS_1414_storz_regulondb,0.09090909090909091,22,21,GGGGGTAACACTGCTAGTCA,1,39437
TSS_1414_storz_regulondb,0.09090909090909091,22,21,GGGCGATCGTTGGGTCTGGA,1,75896
TSS_1414_storz_regulondb,0.09090909090909091,22,21,GGCTGCTGGCACTAAATCTT,1,30443
TSS_1414_storz_regulondb,0.09090909090909091,22,21,GGCTGATGAGAGCGGGGGAT,1,63339
TSS_1414_storz_regulondb,0.09090909090909091,22,21,GGCTCAAGAGATTTTGTTTG,1,12194
TSS_1414_storz_regulondb,0.36363636363636365,28,21,GCCCACGTGATACAGAGCTA,7,23569
TSS_1414_storz_regulondb,0.13636363636363635,23,21,GCAACTATAGTCCGTCGTGC,2,66881
TSS_1414_storz_regulondb,0.18181818181818182,24,21,GCAACCGTCCCCACGCTGCA,3,75188
TSS_1414_storz_regulondb,0.13636363636363635,23,21,GAGGAGCACAGCCGACTGAC,2,52397
TSS_1414_storz_regulondb,0.36363636363636365,28,21,GAGCGGACAGTGGGACAGTG,7,33981
TSS_1414_storz_regulondb,0.4090909090909091,29,21,GAGAGTTTTCATGTAGGCCG,8,23686
TSS_1414_storz_regulondb,0.22727272727272727,25,21,GACCGGCAAAACACAAGGGA,4,80483
TSS_1414_storz_regulondb,0.09090909090909091,22,21,GACCACCAGGTGATTTTTAT,1,45882
TSS_1414_storz_regulondb,0.18181818181818182,24,21,CTTTAGTCGGGGTAAGGCGT,3,4533
TSS_1414_storz_regulondb,0.18181818181818182,24,21,CTCTGGTAGATTCAGTTTCC,3,48616
TSS_1414_storz_regulondb,0.3181818181818182,27,21,CTCATGTCAACGGTTGCACT,6,76967
TSS_1414_storz_regulondb,0.09090909090909091,22,21,CGTACTTAATGTAGTTCAAA,1,73990
TSS_1414_storz_regulondb,0.13636363636363635,23,21,CGTACGATGATCCGCCTTCA,2,27953
TSS_1414_storz_regulondb,6.090909090909091,154,21,CGGTGCGACTATCTCGCAAA,133,69471
TSS_1414_storz_regulondb,0.09090909090909091,22,21,CGGTCTAGGCTCGGTGGGGT,1,37020
TSS_1414_storz_regulondb,0.3181818181818182,27,21,CGGGAGCAGGGCGGGATACA,6,38521
TSS_1414_storz_regulondb,0.7727272727272727,37,21,CGGAGATTACGTCTATTAGT,16,52730
TSS_1414_storz_regulondb,0.22727272727272727,25,21,CGCTGGGGGAAATAATTGCC,4,80143
TSS_1414_storz_regulondb,0.09090909090909091,22,21,CGAACGGGTTACGCCAGTCG,1,28081
TSS_1414_storz_regulondb,16.772727272727273,389,21,CCTTGATCGGCGGTCGCGAT,368,39514
TSS_1414_storz_regulondb,0.09090909090909091,22,21,CCTGTTCCCAACTGAGTAAA,1,12405
TSS_1414_storz_regulondb,0.09090909090909091,22,21,CCGACATACCTCATCGCGAC,1,3150
TSS_1414_storz_regulondb,0.09090909090909091,22,21,CCCGCTAATCCTGTCCCCTA,1,16946
TSS_1414_storz_regulondb,0.36363636363636365,28,21,CCAGAGACCAGGGACTTCCA,7,10952
TSS_1414_storz_regulondb,0.22727272727272727,25,21,CATCTATACGCGATAATTTA,4,60255
TSS_1414_storz_regulondb,0.09090909090909091,22,21,CATCAAGGGCGCAAGAGCGA,1,22574
TSS_1414_storz_regulondb,0.7272727272727273,36,21,CATAGTAATTCAGCTGAAGG,15,35692
TSS_1414_storz_regulondb,0.09090909090909091,22,21,CATAACTCACTCGTTTCTGT,1,46973
TSS_1414_storz_regulondb,0.2727272727272727,26,21,CACCTCCGCAATGGATTTTG,5,53039
TSS_1414_storz_regulondb,0.09090909090909091,22,21,CAACTGGCTCCTAGAGCGAG,1,54856
TSS_1414_storz_regulondb,0.18181818181818182,24,21,ATTTATAAAGGAAGGTCTTG,3,40429
TSS_1414_storz_regulondb,0.09090909090909091,22,21,ATTATAGGTATCCATTGCCT,1,11708
TSS_1414_storz_regulondb,0.09090909090909091,22,21,ATGTGGTAACAACTGTCAGT,1,62301
TSS_1414_storz_regulondb,0.18181818181818182,24,21,ATCGCTTGGTGACCAGTAGT,3,40544
TSS_1414_storz_regulondb,0.13636363636363635,23,21,ATACTGTATAATCAAATCGG,2,7175
TSS_1414_storz_regulondb,0.3181818181818182,27,21,ATACATTGCCAATACATGTG,6,5247
TSS_1414_storz_regulondb,0.09090909090909091,22,21,AGTCTACATACATGGCAATT,1,55621
TSS_1414_storz_regulondb,0.13636363636363635,23,21,AGGTATCCTTCACGGTGGCG,2,33240
TSS_1414_storz_regulondb,0.3181818181818182,27,21,AGGCCTATCTCCTGTTCTGG,6,47553
TSS_1414_storz_regulondb,0.18181818181818182,24,21,AGAAGGTCGTTATGTGGCGG,3,69286
TSS_1414_storz_regulondb,0.09090909090909091,22,21,ACTGTCTACCATAATAATGG,1,72403
TSS_1414_storz_regulondb,0.6818181818181818,35,21,ACGGGTAGCTTGCTTAGTAA,14,16980
TSS_1414_storz_regulondb,0.09090909090909091,22,21,ACCCAGCAATTTCTACAGGA,1,43947
TSS_1414_storz_regulondb,0.09090909090909091,22,21,ACATAGAACGTGTCGTATTT,1,71741
TSS_1414_storz_regulondb,0.09090909090909091,22,21,ACAGTTCGGGCGTTTCTATT,1,76653
TSS_1414_storz_regulondb,0.45454545454545453,30,21,AATTGCTCGGCTTTGGCAGA,9,47572
TSS_1414_storz_regulondb,21.863636363636363,501,21,AAGTACTAAACAGGCGAACA,480,30693
TSS_1414_storz_regulondb,0.13636363636363635,23,21,AAATTCCGCCAGGTACGGCG,2,51718
TSS_1414_storz_regulondb,0.18181818181818182,24,21,AAATAATCGTTCATGTCAGA,3,12052
TSS_1414_storz_regulondb,1.7272727272727273,58,21,AAACAATGCTGATTATTCGA,37,46154
TSS_1414_storz_regulondb,0.14285714285714285,22,20,TTTCATTGAGGGTCGATTAT,2,7859
TSS_1414_storz_regulondb,0.09523809523809523,21,20,TTGTCCGCCAAGAAAGCAAT,1,22105
TSS_1414_storz_regulondb,0.38095238095238093,27,20,TTGGAAACATGCGGACACTG,7,3957
TSS_1414_storz_regulondb,0.3333333333333333,26,20,TTGCATTGCCGTGTTAGTCA,6,51933
TSS_1414_storz_regulondb,0.09523809523809523,21,20,TTGACGATTTTCGTTAGTTG,1,65108
TSS_1414_storz_regulondb,0.09523809523809523,21,20,TTCTTGAGTGTCTAGTACTG,1,71034
TSS_1414_storz_regulondb,0.14285714285714285,22,20,TTCTCTAAATCCTCTGACTG,2,54414
TSS_1414_storz_regulondb,0.09523809523809523,21,20,TGGTAGATGGATCTTGCACT,1,71253
TSS_1414_storz_regulondb,0.09523809523809523,21,20,TGGTAACCGAATATTAACCA,1,62477
TSS_1414_storz_regulondb,0.09523809523809523,21,20,TGGCCCTATGCAGCCTGCGC,1,50791
TSS_1414_storz_regulondb,0.09523809523809523,21,20,TGCTACTGCGGGAGGCTGTG,1,2985
TSS_1414_storz_regulondb,0.19047619047619047,23,20,TGAGGGAGGTAGACGCCCAT,3,79737
TSS_1414_storz_regulondb,0.19047619047619047,23,20,TCTTTACCAACCATGTTCGG,3,42445
TSS_1414_storz_regulondb,0.09523809523809523,21,20,TCTTGCTGTGAATCTGCCAA,1,54916
TSS_1414_storz_regulondb,0.09523809523809523,21,20,TCTCCGAAAAGGGCTGCGCT,1,58777
TSS_1414_storz_regulondb,0.3333333333333333,26,20,TCGTTGGTGCCTACTTTGGA,6,68263
TSS_1414_storz_regulondb,1.0,40,20,TCGGGCCGCCCATATCATTG,20,52722
TSS_1414_storz_regulondb,0.6190476190476191,32,20,TCGCATTCATCACTGTTCAC,12,29814
TSS_1414_storz_regulondb,46.42857142857143,994,20,TCCGCTACTTGTGTAATTGT,974,51816
TSS_1414_storz_regulondb,0.09523809523809523,21,20,TCATCTGGAAGGCCAAGGCG,1,48126
TSS_1414_storz_regulondb,0.3333333333333333,26,20,TCATCACATCGGTGGACGAT,6,68109
TSS_1414_storz_regulondb,0.47619047619047616,29,20,TCAGTCACTAAAATAGTGCT,9,52878
TSS_1414_storz_regulondb,0.09523809523809523,21,20,GTTTTTTCCAGGGCGACTTG,1,80661
TSS_1414_storz_regulondb,0.8095238095238095,36,20,GTTGACGAATGTGCAGCTTA,16,64850
TSS_1414_storz_regulondb,20.047619047619047,440,20,GTTCTCCTTCCCTACCCGGA,420,71589
TSS_1414_storz_regulondb,0.19047619047619047,23,20,GTGGCGCCTATTGGTGAAGA,3,57075
TSS_1414_storz_regulondb,0.09523809523809523,21,20,GTGGCAGCGCTCGCGTACAG,1,52815
TSS_1414_storz_regulondb,0.09523809523809523,21,20,GTGCTAAGTCGCAACTTGAT,1,7903
TSS_1414_storz_regulondb,0.14285714285714285,22,20,GTCTGCACGTCGCCCTGCCA,2,55944
TSS_1414_storz_regulondb,0.2857142857142857,25,20,GTCGGGCGATGGGCTCGTAC,5,13463
TSS_1414_storz_regulondb,0.47619047619047616,29,20,GGTGACAATCGAGATACGCA,9,30506
TSS_1414_storz_regulondb,0.2857142857142857,25,20,GGGTAGCTCTTGCAGTCTGA,5,72126
TSS_1414_storz_regulondb,0.09523809523809523,21,20,GGGCTTGGTCTGATCACTCG,1,53361
TSS_1414_storz_regulondb,0.3333333333333333,26,20,GGGATCTTATAGGGGTCGCG,6,27476
TSS_1414_storz_regulondb,0.14285714285714285,22,20,GGGACTTAGCGGACCTAGCT,2,11628
TSS_1414_storz_regulondb,0.2857142857142857,25,20,GGCTAGATAGACCCCGTGTA,5,52944
TSS_1414_storz_regulondb,1.2857142857142858,46,20,GGATAGTGAACGGTGTCGGC,26,47679
TSS_1414_storz_regulondb,0.38095238095238093,27,20,GGAGTCCATAGATGCATCGT,7,33272
TSS_1414_storz_regulondb,0.2857142857142857,25,20,GCTGGCGCAATTCGAATACA,5,46455
TSS_1414_storz_regulondb,0.19047619047619047,23,20,GCGCGGACGTTGCAACTTAG,3,66449
TSS_1414_storz_regulondb,5.0476190476190474,125,20,GCCTTGCGCTAGGCAGCGCA,105,73404
TSS_1414_storz_regulondb,0.19047619047619047,23,20,GCCTACCTCAATAGGTAGTC,3,11776
TSS_1414_storz_regulondb,0.3333333333333333,26,20,GCCCGATGGCCGAGGCAAAT,6,2435
TSS_1414_storz_regulondb,0.09523809523809523,21,20,GCAGGCGAACCGACCGGATG,1,75509
TSS_1414_storz_regulondb,0.47619047619047616,29,20,GCAGAATAGAGCTCAGAATC,9,32240
TSS_1414_storz_regulondb,0.14285714285714285,22,20,GATAACCGCTTACCAGTTCG,2,37623
TSS_1414_storz_regulondb,30.238095238095237,654,20,GAACGCATGTAATCTGCCAT,634,21821
TSS_1414_storz_regulondb,0.23809523809523808,24,20,GAACCTGTCATATGCCGCTT,4,34849
TSS_1414_storz_regulondb,0.09523809523809523,21,20,CTTCGGGTTATATGGGGCCA,1,19597
TSS_1414_storz_regulondb,0.09523809523809523,21,20,CTCACCTGATAGGAAACTTG,1,1834
TSS_1414_storz_regulondb,0.09523809523809523,21,20,CGTCGGGGTTCATATAACTC,1,45403
TSS_1414_storz_regulondb,0.09523809523809523,21,20,CGTAATGGCCAATGCGAAAA,1,5931
TSS_1414_storz_regulondb,0.09523809523809523,21,20,CGGTCTCCTCTTCGGAATAA,1,11008
TSS_1414_storz_regulondb,0.23809523809523808,24,20,CGGTCATTCCGTGCAAGTAG,4,22417
TSS_1414_storz_regulondb,0.5714285714285714,31,20,CGGTAGGCGCTGACTGTACA,11,54793
TSS_1414_storz_regulondb,2.6666666666666665,75,20,CCTAGGCGATATAAACTACC,55,27317
TSS_1414_storz_regulondb,0.42857142857142855,28,20,CCGTCGGCTAATGTATACCT,8,54492
TSS_1414_storz_regulondb,0.09523809523809523,21,20,CCCACTAAGGCGCAACAATT,1,29442
TSS_1414_storz_regulondb,0.19047619047619047,23,20,CATTCCATCCACACCATCAA,3,35704
TSS_1414_storz_regulondb,43.57142857142857,934,20,CATGCTCAGGAGACGCCAGG,914,67467
TSS_1414_storz_regulondb,0.09523809523809523,21,20,CATGCGAGGAGCGTTCCCTA,1,13262
TSS_1414_storz_regulondb,0.09523809523809523,21,20,CATCCGGTTGCCCTCCACCA,1,60865
TSS_1414_storz_regulondb,0.14285714285714285,22,20,CATATAGAAATCAGTTGGGC,2,9576
TSS_1414_storz_regulondb,0.23809523809523808,24,20,CAGATCGACGCACAAAAGTA,4,23195
TSS_1414_storz_regulondb,0.09523809523809523,21,20,CACTGCCCTAAGGCTCATGT,1,54285
TSS_1414_storz_regulondb,0.09523809523809523,21,20,CAACTCAAGAGGCAAAAACA,1,77847
TSS_1414_storz_regulondb,0.14285714285714285,22,20,ATTGTCGGGTTCACGCAAGG,2,42504
TSS_1414_storz_regulondb,0.2857142857142857,25,20,ATTCTCCACCGTGGAAAAAC,5,13238
TSS_1414_storz_regulondb,0.14285714285714285,22,20,ATTCAGTGCATACACCATAA,2,21647
TSS_1414_storz_regulondb,0.09523809523809523,21,20,ATTAAAGTCCCTAGAGCTTT,1,77734
TSS_1414_storz_regulondb,0.19047619047619047,23,20,ATGCGCAGTCCCCTAGTTCA,3,29002
TSS_1414_storz_regulondb,0.23809523809523808,24,20,ATGCATGAGCTGGGGCTGGA,4,73055
TSS_1414_storz_regulondb,0.3333333333333333,26,20,ATGACGGTTAGGCTCAATGG,6,49866
TSS_1414_storz_regulondb,30.714285714285715,664,20,AGTGTCTACCTTAACTATTA,644,9176
TSS_1414_storz_regulondb,0.42857142857142855,28,20,AGTCGGAGGAAACATACTGC,8,37432
TSS_1414_storz_regulondb,0.09523809523809523,21,20,AGCACGCACGTTTCAAGCCG,1,3556
TSS_1414_storz_regulondb,0.42857142857142855,28,20,AGATGCTTCTTATGGGTCCA,8,49833
TSS_1414_storz_regulondb,0.19047619047619047,23,20,AGAATCCCGTCAATGGGGCA,3,76388
TSS_1414_storz_regulondb,0.09523809523809523,21,20,ACTACCTTGGACAATGTGCG,1,9382
TSS_1414_storz_regulondb,0.09523809523809523,21,20,ACGGTCTGCTTTCCCTTTCC,1,33587
TSS_1414_storz_regulondb,0.09523809523809523,21,20,ACGCAGTTCCGTAAGACTTC,1,47094
TSS_1414_storz_regulondb,0.6666666666666666,33,20,ACCCACATTCAGCCGATCGT,13,65666
TSS_1414_storz_regulondb,0.19047619047619047,23,20,AATCCGGATACATAACACAA,3,52518
TSS_1414_storz_regulondb,0.7619047619047619,35,20,AAGTGCACCAACGAATCAAA,15,50991
TSS_1414_storz_regulondb,0.09523809523809523,21,20,AAGCTCGAAAAAGGACGCTA,1,34226
TSS_1414_storz_regulondb,0.25,23,19,TTGCAACTCCTGCGTCGTAC,4,79629
TSS_1414_storz_regulondb,0.1,20,19,TTCCAGGTGGCTCGCTTAGA,1,2947
TSS_1414_storz_regulondb,0.25,23,19,TGTTGCCAAAGTGGAGCTAT,4,75320
TSS_1414_storz_regulondb,0.1,20,19,TGTAATCGCAATGAAAAGGC,1,34235
TSS_1414_storz_regulondb,0.3,24,19,TGGCACAGAGGCGCGAAGTG,5,68005
TSS_1414_storz_regulondb,0.1,20,19,TGGACCTGCCCTATTGTTGT,1,61254
TSS_1414_storz_regulondb,0.1,20,19,TGCCTTTTCATTGATCGCGT,1,79534
TSS_1414_storz_regulondb,0.1,20,19,TGATTCCGTCGGGCACCTTG,1,46378
TSS_1414_storz_regulondb,0.3,24,19,TCTATCGGAGGTGTACGGAG,5,69598
TSS_1414_storz_regulondb,0.15,21,19,TCGGTGCGCGTCCGCAACCA,2,74391
TSS_1414_storz_regulondb,0.45,27,19,TCCATAGTATCTAGTGGATG,8,74124
TSS_1414_storz_regulondb,0.2,22,19,TATTGGTGGGTTCTACCGGG,3,68976
TSS_1414_storz_regulondb,0.25,23,19,TATCTTAGGAACAGTTTACA,4,62327
TSS_1414_storz_regulondb,0.15,21,19,TATAGACCTGGCAGATAGAA,2,36726
TSS_1414_storz_regulondb,0.15,21,19,TACATGTGACGAAGAACACT,2,25353
TSS_1414_storz_regulondb,0.1,20,19,GTTCCGTGGCACTCTAGAAA,1,46150
TSS_1414_storz_regulondb,0.6,30,19,GTGGTTAGAACATTTTCGGT,11,75050
TSS_1414_storz_regulondb,0.1,20,19,GTCACAGCGGTTCCCCAGAT,1,33474
TSS_1414_storz_regulondb,0.1,20,19,GTATAAGATTAAAGTTTCTA,1,1211
TSS_1414_storz_regulondb,10.15,221,19,GTAAGCGAATCTGTTTTGAG,202,19204
TSS_1414_storz_regulondb,0.4,26,19,GGTGATGCTCGGTGAATCGT,7,28286
TSS_1414_storz_regulondb,0.15,21,19,GGCGTTAATGAGGAGGGTAT,2,76663
TSS_1414_storz_regulondb,0.1,20,19,GGCATTGTCTAACCGAGGAC,1,64541
TSS_1414_storz_regulondb,0.1,20,19,GGCACATACCAACAGGTCTA,1,22106
TSS_1414_storz_regulondb,38.95,797,19,GGAGCGCAAAACGCTCGGCT,778,1595
TSS_1414_storz_regulondb,0.55,29,19,GGAACATGGAGCGGGCGTTA,10,47104
TSS_1414_storz_regulondb,0.5,28,19,GAGGATAGGACGGAGACCGT,9,78755
TSS_1414_storz_regulondb,0.35,25,19,GACTCTATACCTGTCCGGCG,6,66164
TSS_1414_storz_regulondb,0.1,20,19,GAATTTACACACGAAGTAGA,1,2592
TSS_1414_storz_regulondb,0.15,21,19,CTTACTGTTGATGGCTCGAA,2,11861
TSS_1414_storz_regulondb,0.5,28,19,CTGGGTCTTTCTCATTATTT,9,29404
TSS_1414_storz_regulondb,0.1,20,19,CTGATATGTAAATCTGTCCA,1,7016
TSS_1414_storz_regulondb,0.1,20,19,CTGAGTGGCCCATGAAACAA,1,23084
TSS_1414_storz_regulondb,0.15,21,19,CTCGGTATGCTGTTGCACCT,2,51106
TSS_1414_storz_regulondb,0.45,27,19,CTACGAGTAACAAGCCGGCC,8,73570
TSS_1414_storz_regulondb,0.1,20,19,CGTGTCTTCTCGCACTCAAT,1,25772
TSS_1414_storz_regulondb,0.1,20,19,CGTAGGGTGTAACCTAGCCG,1,62918
TSS_1414_storz_regulondb,0.15,21,19,CGGGAATGGACTAATGCAGT,2,60404
TSS_1414_storz_regulondb,0.1,20,19,CGGATTCCTAGAGGATAGGT,1,15229
TSS_1414_storz_regulondb,0.1,20,19,CGAAGTGGGAACTGGATCCC,1,3520
TSS_1414_storz_regulondb,0.45,27,19,CCTGTGAACAGGGACTCCCA,8,43720
TSS_1414_storz_regulondb,0.2,22,19,CCTCGACAGTAAGGGATCCA,3,19291
TSS_1414_storz_regulondb,0.15,21,19,CCTACCGGTTATTCATGAGT,2,65602
TSS_1414_storz_regulondb,0.1,20,19,CCGTTGTTTACGAGACTGAG,1,32395
TSS_1414_storz_regulondb,0.1,20,19,CCGGCGAAGGAGTTACTAAT,1,46167
TSS_1414_storz_regulondb,0.2,22,19,CCATGGACTTCCATTTGGCT,3,70882
TSS_1414_storz_regulondb,0.1,20,19,CCATGAACATCAGCGAAGAG,1,14146
TSS_1414_storz_regulondb,0.2,22,19,CCAGGTATCCGCTCTACCTT,3,44792
TSS_1414_storz_regulondb,0.35,25,19,CACAGTGTGGGCTTGTCACA,6,45663
TSS_1414_storz_regulondb,0.1,20,19,CACACCAGCAGCCCCTGGGT,1,47740
TSS_1414_storz_regulondb,0.1,20,19,CAAAGCTTCCCCGAGCCAGT,1,3444
TSS_1414_storz_regulondb,0.15,21,19,ATTGATCCTCAATCCAGTGC,2,49128
TSS_1414_storz_regulondb,0.35,25,19,ATGTTGTTTTGTCGAGAACC,6,37422
TSS_1414_storz_regulondb,0.3,24,19,ATGCTTCGAATTACGAGTAA,5,16022
TSS_1414_storz_regulondb,10.55,229,19,ATGATTGGGGCCATTGGTCT,210,31244
TSS_1414_storz_regulondb,0.1,20,19,ATCCTTCGTAGTCTGACGGA,1,52578
TSS_1414_storz_regulondb,0.1,20,19,ATAAGCAAACGTTGTGCGGT,1,79299
TSS_1414_storz_regulondb,0.3,24,19,AGTTTATTATGCGAAGCAAT,5,12538
TSS_1414_storz_regulondb,0.1,20,19,AGTTCCTGCCCTGCTACCGT,1,10472
TSS_1414_storz_regulondb,47.3,964,19,AGTGCTGACTTCGACCATCT,945,71016
TSS_1414_storz_regulondb,0.1,20,19,AGTCGTTCGGACGCGATGCC,1,27645
TSS_1414_storz_regulondb,0.35,25,19,AGCGTCCCTGGGGTGGTGCT,6,50264
TSS_1414_storz_regulondb,0.15,21,19,AGATACCGCATCATACTGAA,2,78551
TSS_1414_storz_regulondb,0.1,20,19,AGAGTCAACCAATCGGTCTT,1,68387
TSS_1414_storz_regulondb,0.1,20,19,ACTTTGTCTTCGAGAGCGTG,1,15726
TSS_1414_storz_regulondb,0.1,20,19,ACTGCTACATAGAGATTGAG,1,44935
TSS_1414_storz_regulondb,0.15,21,19,ACTCGTTTCATAGGATACGA,2,61973
TSS_1414_storz_regulondb,0.1,20,19,ACCATAGGTATTCAACTTCT,1,34119
TSS_1414_storz_regulondb,0.6,30,19,AATCGCTCCTGACCTATAGA,11,1074
TSS_1414_storz_regulondb,0.6,30,19,AACTGTGATCCGAGGTTAGA,11,10013
TSS_1414_storz_regulondb,0.35,25,19,AACATAGGACCGGTTTTTAG,6,66557
TSS_1414_storz_regulondb,0.3684210526315789,24,18,TTTCGTCAGGTTACTTCAGA,6,72283
TSS_1414_storz_regulondb,13.157894736842104,267,18,TTGGTTCCGGCGCCGACCGA,249,9751
TSS_1414_storz_regulondb,0.42105263157894735,25,18,TTGACATAGCTCGTCGGTTT,7,77437
TSS_1414_storz_regulondb,0.10526315789473684,19,18,TTACCAGTATCAAATGATAG,1,29829
TSS_1414_storz_regulondb,0.10526315789473684,19,18,TGTGTAGCGGCTATAATGAT,1,32323
TSS_1414_storz_regulondb,0.3157894736842105,23,18,TGGGGATGAAGCACATGTTA,5,43692
TSS_1414_storz_regulondb,0.10526315789473684,19,18,TGGCTTACGGCTATGGCATT,1,5199
TSS_1414_storz_regulondb,0.21052631578947367,21,18,TGGCCGTTATGCTGCTGAAC,3,55066
TSS_1414_storz_regulondb,0.10526315789473684,19,18,TGGACTCTGCGTAGGGGTTT,1,74195
TSS_1414_storz_regulondb,0.3684210526315789,24,18,TGGAACAGAACCAGTAGTGG,6,29273
TSS_1414_storz_regulondb,0.10526315789473684,19,18,TGCCTAGGGTGGTGCGATAC,1,5636
TSS_1414_storz_regulondb,0.15789473684210525,20,18,TGACATTTACGAGGGTACTT,2,5375
TSS_1414_storz_regulondb,0.2631578947368421,22,18,TCTGCATGCTTGATCGGCCG,4,78268
TSS_1414_storz_regulondb,0.10526315789473684,19,18,TCGGGCATAGTTACTCACAT,1,55600
TSS_1414_storz_regulondb,0.10526315789473684,19,18,TCGCCCGTTAAACTCTCGCA,1,41863
TSS_1414_storz_regulondb,0.10526315789473684,19,18,TCGAAAGGGAAAGCGGAGGG,1,41862
TSS_1414_storz_regulondb,0.631578947368421,29,18,TCCTTCTTTTCGTATGGTGG,11,6335
TSS_1414_storz_regulondb,0.10526315789473684,19,18,TCCCGAAGCGCAACGGGCAA,1,5374
TSS_1414_storz_regulondb,0.2631578947368421,22,18,TATATGGCTTCTACATTACA,4,8144
TSS_1414_storz_regulondb,0.15789473684210525,20,18,TAGGACGTATTTTGATGTAC,2,78431
TSS_1414_storz_regulondb,0.3157894736842105,23,18,TACCCCTGTGGGTAGTTGCA,5,41365
TSS_1414_storz_regulondb,0.10526315789473684,19,18,TAACAGAGCTTTAACTTCCA,1,43552
TSS_1414_storz_regulondb,0.3684210526315789,24,18,GTTTATTTGGTTTTCTATAG,6,56843
TSS_1414_storz_regulondb,0.10526315789473684,19,18,GTTCATGGGAGCCAATTGCG,1,13
TSS_1414_storz_regulondb,0.10526315789473684,19,18,GTGGTAGTCGCACGCTTGCG,1,128
TSS_1414_storz_regulondb,0.2631578947368421,22,18,GTCGTGAGGATTCGTCACGA,4,6973
TSS_1414_storz_regulondb,0.47368421052631576,26,18,GTCGTCTCTACTAGAAGGAG,8,23343
TSS_1414_storz_regulondb,0.10526315789473684,19,18,GTCATGTAGGAAACGCCTAA,1,72402
TSS_1414_storz_regulondb,23.210526315789473,458,18,GTCAAGTGGCGGCTGCGATA,440,30930
TSS_1414_storz_regulondb,0.47368421052631576,26,18,GGTAATCACTCACCCAACAG,8,38824
TSS_1414_storz_regulondb,0.10526315789473684,19,18,GGGTCCTATACTATCTTTCT,1,71314
TSS_1414_storz_regulondb,0.21052631578947367,21,18,GGGGGGTCCTCGGTGGCGCT,3,64489
TSS_1414_storz_regulondb,0.3157894736842105,23,18,GGGAGTCTCCGAAAAAATTG,5,40850
TSS_1414_storz_regulondb,0.2631578947368421,22,18,GGCGACCGCAGGATTGTCGT,4,6211
TSS_1414_storz_regulondb,0.21052631578947367,21,18,GGAGTATAGGCAGTGTATTC,3,56932
TSS_1414_storz_regulondb,0.10526315789473684,19,18,GGAGAGCGATAAATGTCAAG,1,40140
TSS_1414_storz_regulondb,0.10526315789473684,19,18,GCTTCCATTTCAGAATCATT,1,1008
TSS_1414_storz_regulondb,0.10526315789473684,19,18,GCTTAGGCGCTAGTGGTATC,1,29681
TSS_1414_storz_regulondb,0.10526315789473684,19,18,GCTGGGGGGTCAGGCCCACT,1,18455
TSS_1414_storz_regulondb,20.894736842105264,414,18,GCTCCTTATCGCCGTAATCT,396,8828
TSS_1414_storz_regulondb,0.5263157894736842,27,18,GCCGAAGCGATCATCACAAT,9,25040
TSS_1414_storz_regulondb,0.10526315789473684,19,18,GCACCCGTAGGCTTCCCGTC,1,23807
TSS_1414_storz_regulondb,0.7368421052631579,31,18,GATTTCATCTTTTTGAGATA,13,72609
TSS_1414_storz_regulondb,0.2631578947368421,22,18,GATTTACTGCGCGGATCTAC,4,39912
TSS_1414_storz_regulondb,0.2631578947368421,22,18,GATTGTTTGTCAGGATACGT,4,10796
TSS_1414_storz_regulondb,33.8421052631579,660,18,GATTCACTTTTAGGTTTGAT,642,17964
TSS_1414_storz_regulondb,0.10526315789473684,19,18,GAGGAAGGTTTAATAGTATA,1,1280
TSS_1414_storz_regulondb,0.10526315789473684,19,18,GACAGATCAGTCGGAATGCT,1,68718
TSS_1414_storz_regulondb,0.10526315789473684,19,18,CTTCTTGTGTTGTTATATCG,1,22646
TSS_1414_storz_regulondb,0.10526315789473684,19,18,CTTCAGCTAAGATCTTCGAG,1,66212
TSS_1414_storz_regulondb,0.42105263157894735,25,18,CTTATGAGTCAGCTGGGCCA,7,8202
TSS_1414_storz_regulondb,0.3157894736842105,23,18,CTCGTTCTCGAATGCGTGTG,5,19097
TSS_1414_storz_regulondb,0.42105263157894735,25,18,CTCCCGGCAGTTCCTGCTGA,7,1749
TSS_1414_storz_regulondb,0.3684210526315789,24,18,CTACGTCTCTAGGCGTTTCA,6,39006
TSS_1414_storz_regulondb,0.10526315789473684,19,18,CGTGGAGCAGTGGCAGGATC,1,42822
TSS_1414_storz_regulondb,0.3684210526315789,24,18,CGTAAGTCGCGCACCAGTTT,6,44304
TSS_1414_storz_regulondb,0.10526315789473684,19,18,CGGCGGCGAGGAATGAACCC,1,77413
TSS_1414_storz_regulondb,0.631578947368421,29,18,CGCTCGTAATTTCAAGGGGC,11,62690
TSS_1414_storz_regulondb,0.10526315789473684,19,18,CCGCAACGAGGTCGCTGGTT,1,42312
TSS_1414_storz_regulondb,0.10526315789473684,19,18,CCCAAGTAACGACACGCAAG,1,9099
TSS_1414_storz_regulondb,0.3157894736842105,23,18,CCAAATGCGTTATTGACCAA,5,79150
TSS_1414_storz_regulondb,38.10526315789474,741,18,CACTCATGCATAGTTGTAAC,723,75003
TSS_1414_storz_regulondb,0.47368421052631576,26,18,CACTAGATGGTGTGACTATC,8,27003
TSS_1414_storz_regulondb,0.21052631578947367,21,18,CACGTCAAGATTTTGAAAAT,3,9799
TSS_1414_storz_regulondb,0.3157894736842105,23,18,CAAGTTCAGCCCGGAGGCGT,5,9651
TSS_1414_storz_regulondb,0.42105263157894735,25,18,CAAGCTGAACGCCCCGATCA,7,36620
TSS_1414_storz_regulondb,0.10526315789473684,19,18,CAAAGTGGGGGCCTTATCAA,1,23903
TSS_1414_storz_regulondb,0.10526315789473684,19,18,ATTTACACGTGTACTAAGAT,1,74495
TSS_1414_storz_regulondb,0.10526315789473684,19,18,ATTCCAACTGAAGACTGTAC,1,51932
TSS_1414_storz_regulondb,0.21052631578947367,21,18,ATGTTATCTACGTTTCGTAT,3,32070
TSS_1414_storz_regulondb,0.21052631578947367,21,18,ATGGGAGACCGGTTGTCTGG,3,59040
TSS_1414_storz_regulondb,0.15789473684210525,20,18,ATGACGTAATTTTGGATGAT,2,22210
TSS_1414_storz_regulondb,0.8947368421052632,34,18,ATCTAGCTGCAGGCGTACAT,16,63392
TSS_1414_storz_regulondb,0.3684210526315789,24,18,ATCGTATACCCGTACGCACA,6,38498
TSS_1414_storz_regulondb,0.10526315789473684,19,18,ATACGTAGTTGCAATCCTTG,1,37376
TSS_1414_storz_regulondb,0.2631578947368421,22,18,ATACGGTCATGCTGGACCAT,4,41136
TSS_1414_storz_regulondb,0.2631578947368421,22,18,AGTGAGCCCAGTTTGATCGT,4,28541
TSS_1414_storz_regulondb,0.10526315789473684,19,18,AGGGGCAAAGGCAGAGGGAA,1,43944
TSS_1414_storz_regulondb,0.10526315789473684,19,18,AGGGGAAGATAACGTAGACA,1,23578
TSS_1414_storz_regulondb,0.15789473684210525,20,18,AGGCCACTCTGCAACTCCAG,2,16371
TSS_1414_storz_regulondb,0.21052631578947367,21,18,AGCTAGCATTTGGCATAATG,3,25539
TSS_1414_storz_regulondb,0.10526315789473684,19,18,AGCCCCACAGATATCGGATG,1,60249
TSS_1414_storz_regulondb,0.47368421052631576,26,18,AGCACTGCGCAAGTCACCGA,8,80199
TSS_1414_storz_regulondb,0.3684210526315789,24,18,AGACGAAGACTTGATCCGTG,6,56387
TSS_1414_storz_regulondb,0.15789473684210525,20,18,ACGTATGACTTCCTCATTTA,2,56515
TSS_1414_storz_regulondb,24.526315789473685,483,18,ACGGGCGATTCTAGTAGATT,465,33736
TSS_1414_storz_regulondb,0.42105263157894735,25,18,ACGCACTTCAGCCGACTTGA,7,15674
TSS_1414_storz_regulondb,0.21052631578947367,21,18,ACCTGAAGCCGCTGTAGGCG,3,40064
TSS_1414_storz_regulondb,0.5789473684210527,28,18,ACCTATTGAAGCTTTAAAAT,10,5772
TSS_1414_storz_regulondb,0.2631578947368421,22,18,ACCTATATATTCCTGTAGTA,4,49839
TSS_1414_storz_regulondb,0.3684210526315789,24,18,ACAGTTGGTTAAACGAGTAA,6,69513
TSS_1414_storz_regulondb,0.10526315789473684,19,18,ACAGAGTTACATCCAAACTC,1,25154
TSS_1414_storz_regulondb,0.10526315789473684,19,18,ACACGGGGTTTACACACCGG,1,34862
TSS_1414_storz_regulondb,0.5263157894736842,27,18,AAGGCCATCCTCTTGTGTAC,9,18075
TSS_1414_storz_regulondb,0.47368421052631576,26,18,AAGCAGGTTCTATCAAAGTA,8,32558
TSS_1414_storz_regulondb,64.6842105263158,1246,18,AAGAAGGCCGCGCAACGGGG,1228,54826
TSS_1414_storz_regulondb,0.2631578947368421,22,18,AACCTGGAATTCATTTGATC,4,78033
TSS_1414_storz_regulondb,0.10526315789473684,19,18,AACAGCCTTTTGTGTGTAAA,1,65992
TSS_1414_storz_regulondb,0.10526315789473684,19,18,AAATACGGGAAGGTAGCAGC,1,3433
TSS_1414_storz_regulondb,6.7368421052631575,145,18,AAACGTGCAACGTGACGGAT,127,62560
TSS_1414_storz_regulondb,0.2631578947368421,22,18,AAAAATCACATAGGAGGGAT,4,47283
TSS_1414_storz_regulondb,0.2222222222222222,20,17,TTTCAGGGGAATCCTGGATT,3,17697
TSS_1414_storz_regulondb,0.8333333333333334,31,17,TTCATCGCTCTGCTGGTACT,14,58859
TSS_1414_storz_regulondb,2.111111111111111,54,17,TTATTACAGACTTATACGTT,37,29473
TSS_1414_storz_regulondb,0.2777777777777778,21,17,TTAAACTATCGCCAATTTCT,4,5054
TSS_1414_storz_regulondb,0.1111111111111111,18,17,TGTTCCGGTTGGCTTACTGA,1,10610
TSS_1414_storz_regulondb,0.16666666666666666,19,17,TGTCCAAGAAGCGCCGCACG,2,56949
TSS_1414_storz_regulondb,0.2222222222222222,20,17,TGTCACTCTAGCGGTGTTAG,3,51094
TSS_1414_storz_regulondb,0.16666666666666666,19,17,TGCCTCTGAACATCTTAACG,2,33674
TSS_1414_storz_regulondb,0.2777777777777778,21,17,TCTCCTCAAACCTCTTGGAT,4,34667
TSS_1414_storz_regulondb,0.2222222222222222,20,17,TCTAAGTTTTGACGAGGCTG,3,70542
TSS_1414_storz_regulondb,0.2222222222222222,20,17,TCATATGGAAAGGCCTACAC,3,69275
TSS_1414_storz_regulondb,0.1111111111111111,18,17,TCAATGGGACACTGTGCTGG,1,12958
TSS_1414_storz_regulondb,0.6111111111111112,27,17,TCAAGGGCCAGCGCGTGCTC,10,52428
TSS_1414_storz_regulondb,0.16666666666666666,19,17,TATGGTCCTTGTAACGGGGT,2,21072
TSS_1414_storz_regulondb,0.2222222222222222,20,17,TATGGCCCAGCTTTAAAGGC,3,4049
TSS_1414_storz_regulondb,0.1111111111111111,18,17,TATGGAGTCTTGCGAGTATC,1,15857
TSS_1414_storz_regulondb,0.2777777777777778,21,17,TATCTAATTCGGTTCGATTA,4,35572
TSS_1414_storz_regulondb,0.1111111111111111,18,17,TAGGCAGGGGCAATGGCAAG,1,13773
TSS_1414_storz_regulondb,0.1111111111111111,18,17,TAGCGCTGTATATCAATCTT,1,76891
TSS_1414_storz_regulondb,0.16666666666666666,19,17,TAGATGCAATTGATCTCGCT,2,77269
TSS_1414_storz_regulondb,0.1111111111111111,18,17,TACTTGTTGGGGGGTAATTA,1,59945
TSS_1414_storz_regulondb,1.1666666666666667,37,17,TACTTCCGAGGGGACGCATA,20,56839
TSS_1414_storz_regulondb,11.944444444444445,231,17,TAACGATCCGATACCCGGTC,214,78695
TSS_1414_storz_regulondb,0.1111111111111111,18,17,GTGTTTTCACCTCCAGACGT,1,17414
TSS_1414_storz_regulondb,0.1111111111111111,18,17,GTGATTGATTGCGTTCCTCA,1,37259
TSS_1414_storz_regulondb,29.944444444444443,555,17,GTCTTAAACGGCCACAGTAA,538,52513
TSS_1414_storz_regulondb,0.3888888888888889,23,17,GTCCGCCACTGGAGGTAATG,6,46090
TSS_1414_storz_regulondb,0.1111111111111111,18,17,GTCATACCCGCTAGAAGCTG,1,19743
TSS_1414_storz_regulondb,0.1111111111111111,18,17,GTCAACGGTGAGCAAGCCAA,1,67986
TSS_1414_storz_regulondb,0.2777777777777778,21,17,GGTTATAAATCGGGTACAAG,4,12767
TSS_1414_storz_regulondb,0.1111111111111111,18,17,GGGTCCAGAGATACGCTCTC,1,23188
TSS_1414_storz_regulondb,0.3333333333333333,22,17,GGGGGACGGACAGGAGAAGA,5,7070
TSS_1414_storz_regulondb,0.2777777777777778,21,17,GGGGCTCTGACCCCCTGTGA,4,55455
TSS_1414_storz_regulondb,0.1111111111111111,18,17,GGCGGTTATGCTCCGGCAGT,1,32679
TSS_1414_storz_regulondb,0.1111111111111111,18,17,GGCCAGATACAGGTTCTGGG,1,203
TSS_1414_storz_regulondb,0.2222222222222222,20,17,GGCAGAAAGTCTGTCCAGCA,3,36312
TSS_1414_storz_regulondb,0.1111111111111111,18,17,GGCAATATGTAGTTAAGAAT,1,5954
TSS_1414_storz_regulondb,0.16666666666666666,19,17,GGATCACGGCATGTTTGACG,2,5935
TSS_1414_storz_regulondb,35.27777777777778,651,17,GGACCTATTTTTAGACTGGG,634,16646
TSS_1414_storz_regulondb,0.1111111111111111,18,17,GCTCGGAAGCCCTTCGTACG,1,22981
TSS_1414_storz_regulondb,0.16666666666666666,19,17,GCTCACGTCGCCGTGCGTCA,2,22135
TSS_1414_storz_regulondb,0.2777777777777778,21,17,GCGGCTTGACCGCTGTCTGC,4,10786
TSS_1414_storz_regulondb,0.3333333333333333,22,17,GCATTGGGAACCAGGGCTAG,5,27099
TSS_1414_storz_regulondb,0.5,25,17,GATTTGTTGCCATAGTAGCC,8,38493
TSS_1414_storz_regulondb,0.1111111111111111,18,17,GATCCGGCTCTACAACCGTT,1,6846
TSS_1414_storz_regulondb,0.1111111111111111,18,17,GATAGATGTAATGCGATGAT,1,49299
TSS_1414_storz_regulondb,0.1111111111111111,18,17,GAGAGCGTTACATACGTTGA,1,75499
TSS_1414_storz_regulondb,40.5,745,17,GAGACGCGAAATACCAACTG,728,73630
TSS_1414_storz_regulondb,0.2222222222222222,20,17,CTTTCGAGCCTATTCCATCT,3,78122
TSS_1414_storz_regulondb,0.1111111111111111,18,17,CTGGCCGATGCCCGATGAAG,1,26375
TSS_1414_storz_regulondb,0.1111111111111111,18,17,CTGGATGGTATACGGCATAA,1,76085
TSS_1414_storz_regulondb,0.1111111111111111,18,17,CTGCTAGAACAAACCTTCTG,1,43178
TSS_1414_storz_regulondb,0.16666666666666666,19,17,CTCTAACTTGTTTCAGTAGC,2,26266
TSS_1414_storz_regulondb,0.1111111111111111,18,17,CTCGGGGTATCGGGCATCGG,1,53129
TSS_1414_storz_regulondb,0.8333333333333334,31,17,CTCGCGCAGAGCAAGGCAGT,14,46309
TSS_1414_storz_regulondb,27.11111111111111,504,17,CTCCAGCCGTGGCTATGTGT,487,71577
TSS_1414_storz_regulondb,0.7777777777777778,30,17,CTCCAGAGTAAGCCCTCTAT,13,57630
TSS_1414_storz_regulondb,0.1111111111111111,18,17,CTCACGCCCTTCGTGATGAC,1,79494
TSS_1414_storz_regulondb,0.6111111111111112,27,17,CTAAGATGCGCATATCAAGC,10,27522
TSS_1414_storz_regulondb,0.2777777777777778,21,17,CGTTGGCCACGGCCGATTAA,4,35868
TSS_1414_storz_regulondb,0.16666666666666666,19,17,CGTACGTGACCATATGCGAT,2,75596
TSS_1414_storz_regulondb,0.5555555555555556,26,17,CGGGAGTAGCCCAGCCCCAT,9,40593
TSS_1414_storz_regulondb,0.16666666666666666,19,17,CGGCAGCAATAATAGACGAC,2,13250
TSS_1414_storz_regulondb,0.3333333333333333,22,17,CCTTCATGCAAGAATAGGAA,5,27514
TSS_1414_storz_regulondb,0.2777777777777778,21,17,CCTGCTCTATAGGGGTATTA,4,67071
TSS_1414_storz_regulondb,0.1111111111111111,18,17,CCTAAGGAATTTATTCATTT,1,60853
TSS_1414_storz_regulondb,0.3333333333333333,22,17,CCTAACGGTATGCGTGGAAT,5,12733
TSS_1414_storz_regulondb,0.16666666666666666,19,17,CCGCTAACACAATGGAGAGC,2,66057
TSS_1414_storz_regulondb,0.5,25,17,CCGAGATCTAAACTTCACCC,8,24553
TSS_1414_storz_regulondb,0.5,25,17,CCCGTTGATAGGCTTTTACA,8,2621
TSS_1414_storz_regulondb,0.6666666666666666,28,17,CCCGGAACAGAGATCCCATG,11,62058
TSS_1414_storz_regulondb,0.8333333333333334,31,17,CCCACCGGAACTACACTTCT,14,29461
TSS_1414_storz_regulondb,0.3888888888888889,23,17,CATGCGTACAGGTCATCTTA,6,13143
TSS_1414_storz_regulondb,0.2222222222222222,20,17,CATCCGTACTGTAGCCCTCC,3,75271
TSS_1414_storz_regulondb,0.1111111111111111,18,17,CATCCGACCGGCACAGAGAT,1,2427
TSS_1414_storz_regulondb,19.11111111111111,360,17,CATCCCACAGTCCACACCCA,343,22448
TSS_1414_storz_regulondb,0.1111111111111111,18,17,CATCAGAATTTTGAACCGTA,1,5183
TSS_1414_storz_regulondb,0.2222222222222222,20,17,CAGGGTAGCGCAAGCCCTCG,3,143
TSS_1414_storz_regulondb,0.6111111111111112,27,17,CACTGGAGCTCATATTTAGA,10,6525
TSS_1414_storz_regulondb,0.1111111111111111,18,17,CACAGAGGCCGTCGGTGAGC,1,6956
TSS_1414_storz_regulondb,0.1111111111111111,18,17,CAACGTATTCGCTGCAGTAG,1,33048
TSS_1414_storz_regulondb,0.2222222222222222,20,17,CAACCGTGTGTGTCTTTCAC,3,48302
TSS_1414_storz_regulondb,0.2222222222222222,20,17,ATTGTAGACACAAGAGAAGG,3,23856
TSS_1414_storz_regulondb,0.1111111111111111,18,17,ATTGAACGGGGAGCCTGTGC,1,67483
TSS_1414_storz_regulondb,0.2222222222222222,20,17,ATTCCCGTTGTAGATACCGG,3,36481
TSS_1414_storz_regulondb,0.7222222222222222,29,17,ATGGGTGCCGTTTCGATCAC,12,54725
TSS_1414_storz_regulondb,5.277777777777778,111,17,ATCCCAATGTTGGGACTGAA,94,21809
TSS_1414_storz_regulondb,40.666666666666664,748,17,ATATACGAGAGTTGCCGGAT,731,51206
TSS_1414_storz_regulondb,0.1111111111111111,18,17,ATAGCTTGTCCCTAGCTCAC,1,68676
TSS_1414_storz_regulondb,0.1111111111111111,18,17,ATAGCAGAGAAATCCTGTTG,1,3073
TSS_1414_storz_regulondb,0.1111111111111111,18,17,ATAAACCAGGTCTATAGACA,1,146
TSS_1414_storz_regulondb,0.16666666666666666,19,17,AGTTACACGCGAGGCTATAG,2,42199
TSS_1414_storz_regulondb,0.2222222222222222,20,17,AGTGCGTACTGGATGAACTG,3,22599
TSS_1414_storz_regulondb,0.1111111111111111,18,17,AGCGTGTTGATATGCTGCGC,1,69398
TSS_1414_storz_regulondb,0.1111111111111111,18,17,AGCGTCTACTCGAAATGCTT,1,18261
TSS_1414_storz_regulondb,0.1111111111111111,18,17,AGCGAGTATGTTAGAATTGT,1,65988
TSS_1414_storz_regulondb,0.1111111111111111,18,17,AGCACAGCCCCAGCTGCCTG,1,40469
TSS_1414_storz_regulondb,0.1111111111111111,18,17,AGATGTTCAATGCTTTTTTT,1,29734
TSS_1414_storz_regulondb,0.4444444444444444,24,17,ACTTACAGACTGGCCGATCG,7,24171
TSS_1414_storz_regulondb,0.1111111111111111,18,17,ACTTAACGGTTTCCGTTGTA,1,37768
TSS_1414_storz_regulondb,0.6111111111111112,27,17,ACTGTGCGGCGAATGTCCAA,10,66890
TSS_1414_storz_regulondb,46.5,853,17,ACGCGGCTTTCCTGCCCGCT,836,70776
TSS_1414_storz_regulondb,0.16666666666666666,19,17,ACGCACGACGATCTACACTA,2,39572
TSS_1414_storz_regulondb,0.1111111111111111,18,17,ACGATGAAAGTGAGGAGCTA,1,9664
TSS_1414_storz_regulondb,24.666666666666668,460,17,ACCCCTCCCAAGAGACGACC,443,78933
TSS_1414_storz_regulondb,0.2777777777777778,21,17,ACATAAATGAATTTTGCCAC,4,68040
TSS_1414_storz_regulondb,0.5555555555555556,26,17,AATGCATTCTGGTTCGAGAT,9,43254
TSS_1414_storz_regulondb,0.16666666666666666,19,17,AATCTTTCAAAGGCACTCGT,2,8108
TSS_1414_storz_regulondb,0.2222222222222222,20,17,AATATAGATAACAGTCCTGA,3,46061
TSS_1414_storz_regulondb,0.2222222222222222,20,17,AAAGTGGTAACCGTCACTCA,3,20750
TSS_1414_storz_regulondb,0.16666666666666666,19,17,AAAGTATTACCCGAGTTAAC,2,30503
TSS_1414_storz_regulondb,0.16666666666666666,19,17,AAAGATATCTACCCAGTGCA,2,44085
TSS_1414_storz_regulondb,1.1666666666666667,37,17,AAAAGATCCGCATACCTGAT,20,8636
TSS_1414_storz_regulondb,0.11764705882352941,17,16,TTTAGTTCGTGTCCAGGCGC,1,44161
TSS_1414_storz_regulondb,0.23529411764705882,19,16,TTGGCGGCGACGTCGTGGAT,3,32755
TSS_1414_storz_regulondb,0.11764705882352941,17,16,TTGCTTCCTACACAGGTGTT,1,18080
TSS_1414_storz_regulondb,0.11764705882352941,17,16,TTCATCGTCGAAGAGTAGTT,1,75011
TSS_1414_storz_regulondb,0.29411764705882354,20,16,TTAGAGGTGGTGTCTTTTTT,4,40258
TSS_1414_storz_regulondb,0.23529411764705882,19,16,TCTGTAGAGTCAGGATTTTT,3,31318
TSS_1414_storz_regulondb,0.11764705882352941,17,16,TCTGCCCGTGGACCGTTGCT,1,12921
TSS_1414_storz_regulondb,26.41176470588235,464,16,TCGCGGACGGTCTGGAATAT,448,27054
TSS_1414_storz_regulondb,0.29411764705882354,20,16,TCGAAACTGTTTTTTGATTG,4,15350
TSS_1414_storz_regulondb,0.11764705882352941,17,16,TCCGTCTCGGGGACCGCCTT,1,28622
TSS_1414_storz_regulondb,0.11764705882352941,17,16,TCATTCGCAGTCAGTTATGT,1,3099
TSS_1414_storz_regulondb,0.11764705882352941,17,16,TATAGGTAACTAGGTCGCTC,1,12046
TSS_1414_storz_regulondb,0.11764705882352941,17,16,TATAACGGCGGATCCGCGCT,1,59642
TSS_1414_storz_regulondb,0.11764705882352941,17,16,TAGATGGTCCCCCTCGTCCA,1,76177
TSS_1414_storz_regulondb,0.11764705882352941,17,16,TACGTGAGGCTGTTATATCT,1,16987
TSS_1414_storz_regulondb,0.11764705882352941,17,16,TACAGCACGGGAAAACCACT,1,41990
TSS_1414_storz_regulondb,2.1176470588235294,51,16,TAATGGACTTAGCCCTCCCA,35,10512
TSS_1414_storz_regulondb,0.11764705882352941,17,16,TAAGTTTATGATCTTGGGTT,1,42021
TSS_1414_storz_regulondb,0.11764705882352941,17,16,TAAGCGAGGATGTAGACGGG,1,14763
TSS_1414_storz_regulondb,0.29411764705882354,20,16,GTTGGTGAGGAGTTAAAGGC,4,59588
TSS_1414_storz_regulondb,31.823529411764707,556,16,GTTGCTAGAGTGAATCGATT,540,17996
TSS_1414_storz_regulondb,0.17647058823529413,18,16,GTTGCAAAACGGGTTGCCAT,2,2873
TSS_1414_storz_regulondb,0.11764705882352941,17,16,GTCGGTAACCCGACCCAATA,1,23218
TSS_1414_storz_regulondb,0.11764705882352941,17,16,GTAATTCAAAGGGACACGAC,1,21760
TSS_1414_storz_regulondb,0.11764705882352941,17,16,GTAAGCAAAGAATAACTTTT,1,63533
TSS_1414_storz_regulondb,0.29411764705882354,20,16,GGTGGGTTTTCGGCGGCGCA,4,9911
TSS_1414_storz_regulondb,9.882352941176471,183,16,GGTCGATTGGTACGCGTCAG,167,77930
TSS_1414_storz_regulondb,3.6470588235294117,77,16,GGGTCTCCTCGTGTTGCGTT,61,75821
TSS_1414_storz_regulondb,0.11764705882352941,17,16,GGGTCAATATTCGCAGGTAT,1,52877
TSS_1414_storz_regulondb,0.11764705882352941,17,16,GGGCTCTTCTGGCCAGCACC,1,58905
TSS_1414_storz_regulondb,0.23529411764705882,19,16,GGGCTCGAGCAGTATTTTAT,3,32606
TSS_1414_storz_regulondb,0.11764705882352941,17,16,GGCAACGTCAGGCTGATCAG,1,25247
TSS_1414_storz_regulondb,0.17647058823529413,18,16,GGACTGTCGGTTGAAGGGTA,2,60702
TSS_1414_storz_regulondb,0.11764705882352941,17,16,GGACCAGGGCCTCATTAAGC,1,38655
TSS_1414_storz_regulondb,0.29411764705882354,20,16,GCTAGTACCCATCGAATAGA,4,14747
TSS_1414_storz_regulondb,4.882352941176471,98,16,GCGTACCTGTTGACCCCCTT,82,64117
TSS_1414_storz_regulondb,0.11764705882352941,17,16,GCCATTGGTGACTTCGGGTG,1,27108
TSS_1414_storz_regulondb,0.7647058823529411,28,16,GCATAAGTGTCTCAGGTGTT,12,69190
TSS_1414_storz_regulondb,0.11764705882352941,17,16,GCAATCGCGTGGCTCATGAG,1,44603
TSS_1414_storz_regulondb,0.11764705882352941,17,16,GCAAGGGGGTACGTGTCATA,1,49489
TSS_1414_storz_regulondb,0.11764705882352941,17,16,GATTACACGCCCCAAAGACA,1,56846
TSS_1414_storz_regulondb,0.23529411764705882,19,16,GAGATCAGTCCCAACGAATT,3,70566
TSS_1414_storz_regulondb,0.47058823529411764,23,16,GACTTGTATGCAAAATTCAA,7,51761
TSS_1414_storz_regulondb,0.17647058823529413,18,16,GACTGTGGCTCACAGAGTAA,2,57933
TSS_1414_storz_regulondb,0.11764705882352941,17,16,GAAGGTGCTTTTGAGAGCTA,1,27477
TSS_1414_storz_regulondb,0.17647058823529413,18,16,CTGGTAGGCACGCCTCACTC,2,76245
TSS_1414_storz_regulondb,0.5294117647058824,24,16,CTCTGATCTGCACGAGCGAT,8,12229
TSS_1414_storz_regulondb,0.11764705882352941,17,16,CTCGAGATCTGTGGTCCGTT,1,46640
TSS_1414_storz_regulondb,0.11764705882352941,17,16,CTACACCTTAACGTAAAGCA,1,41266
TSS_1414_storz_regulondb,0.11764705882352941,17,16,CTAACTTCCACTTCACGACA,1,66645
TSS_1414_storz_regulondb,0.4117647058823529,22,16,CGTTAGAGGTTACCGTCGGT,6,55352
TSS_1414_storz_regulondb,0.23529411764705882,19,16,CGTCTGATTCCTCGACATGT,3,9723
TSS_1414_storz_regulondb,0.11764705882352941,17,16,CGGTCGTCCTGTCCTTGTTC,1,44658
TSS_1414_storz_regulondb,0.11764705882352941,17,16,CGGATCGTGCCCGGCTCATA,1,20206
TSS_1414_storz_regulondb,0.35294117647058826,21,16,CGCTAAAGTGCGAATACTCA,5,43925
TSS_1414_storz_regulondb,0.29411764705882354,20,16,CGCGTTGCCTCACAACGAGC,4,7149
TSS_1414_storz_regulondb,0.11764705882352941,17,16,CGCACGTCAGCTAGCGTGCT,1,1194
TSS_1414_storz_regulondb,0.11764705882352941,17,16,CGAATAGACCACTTGTTAGA,1,12012
TSS_1414_storz_regulondb,0.23529411764705882,19,16,CGAAAACGGTAATTTCCAAC,3,47032
TSS_1414_storz_regulondb,0.4117647058823529,22,16,CCTCATGTTGCACATCGGGT,6,50555
TSS_1414_storz_regulondb,0.11764705882352941,17,16,CCTCAACCCCGATTACTCGT,1,77461
TSS_1414_storz_regulondb,0.17647058823529413,18,16,CCTACAATGGATGTTGCTGA,2,30631
TSS_1414_storz_regulondb,0.11764705882352941,17,16,CCGTTTCCGTAGTAAGAGAT,1,35024
TSS_1414_storz_regulondb,0.29411764705882354,20,16,CCGGAGTCATCATGAGCTAT,4,56849
TSS_1414_storz_regulondb,0.35294117647058826,21,16,CCGCGTTTAGCCCCTGGTGT,5,49552
TSS_1414_storz_regulondb,0.11764705882352941,17,16,CCGACCCAGATAAAACTGGG,1,24700
TSS_1414_storz_regulondb,0.11764705882352941,17,16,CCATCCGCTACTCAAGTCTC,1,70441
TSS_1414_storz_regulondb,0.11764705882352941,17,16,CCAGTAGCATATTAATCAGC,1,81048
TSS_1414_storz_regulondb,0.11764705882352941,17,16,CCACGAACCGGTTGTGCATG,1,14604
TSS_1414_storz_regulondb,0.11764705882352941,17,16,CATGTTATTACCTCCCTTGG,1,58925
TSS_1414_storz_regulondb,0.11764705882352941,17,16,CACCTGACACGCATTTATGG,1,25554
TSS_1414_storz_regulondb,0.23529411764705882,19,16,ATGCCCGGAGGTCGCCACAG,3,37919
TSS_1414_storz_regulondb,0.11764705882352941,17,16,ATCAGTCTGGACTCGGATTG,1,17891
TSS_1414_storz_regulondb,0.23529411764705882,19,16,ATACTCATAATCGGTCCGAG,3,16299
TSS_1414_storz_regulondb,0.11764705882352941,17,16,ATACACGCGGCCACTGTTAA,1,26852
TSS_1414_storz_regulondb,41.0,712,16,AGTTTATGACCGTGGGTATT,696,6431
TSS_1414_storz_regulondb,0.17647058823529413,18,16,AGTGGAGTCTGTTATGTTAC,2,39803
TSS_1414_storz_regulondb,0.17647058823529413,18,16,AGTCAGGTATTGCCCTCACG,2,12016
TSS_1414_storz_regulondb,0.17647058823529413,18,16,AGGATTCGAGTCCGATGACT,2,19930
TSS_1414_storz_regulondb,0.6470588235294118,26,16,AGGAGTTCATGTGTGTGGCA,10,27513
TSS_1414_storz_regulondb,0.23529411764705882,19,16,AGCTGGTAAGGTTATCGTTA,3,30265
TSS_1414_storz_regulondb,41.294117647058826,717,16,AGATCTAACTTGTCCATATT,701,8830
TSS_1414_storz_regulondb,0.4117647058823529,22,16,AGATAGCTGGTCGCTGCGGG,6,68695
TSS_1414_storz_regulondb,0.23529411764705882,19,16,AGAGCTTTGCGCTTTGTCTG,3,70888
TSS_1414_storz_regulondb,0.17647058823529413,18,16,ACTTGACAAACGTCAACCGT,2,11302
TSS_1414_storz_regulondb,0.11764705882352941,17,16,ACTTCTGGTCGGTCATGACC,1,54305
TSS_1414_storz_regulondb,0.11764705882352941,17,16,ACTTCATCCGGGGGCCTTTA,1,28209
TSS_1414_storz_regulondb,0.11764705882352941,17,16,ACTTATTCGGCTATGGGGTA,1,12956
TSS_1414_storz_regulondb,0.11764705882352941,17,16,ACGTAGGACCCGTCTACGCG,1,20370
TSS_1414_storz_regulondb,45.470588235294116,788,16,ACCCAGGGTCACACCGCATC,772,7609
TSS_1414_storz_regulondb,0.35294117647058826,21,16,ACCAATCACAGTAAAGAATC,5,61968
TSS_1414_storz_regulondb,0.17647058823529413,18,16,AATGCAACTCAGTATCTTCC,2,15320
TSS_1414_storz_regulondb,0.23529411764705882,19,16,AATCATAACAGTAGGGTTAA,3,8062
TSS_1414_storz_regulondb,0.11764705882352941,17,16,AATATTAGCAGACACATCTA,1,36343
TSS_1414_storz_regulondb,0.11764705882352941,17,16,AAGTTAAAATACCGGCACGG,1,16215
TSS_1414_storz_regulondb,20.941176470588236,371,16,AAGGGTCCGCTTCGTGTCAC,355,21205
TSS_1414_storz_regulondb,39.705882352941174,690,16,AAGGGGTCCAGTGCGACGAC,674,45410
TSS_1414_storz_regulondb,0.47058823529411764,23,16,AAGCTTAACCTTTAGTGTCG,7,36746
TSS_1414_storz_regulondb,0.47058823529411764,23,16,AAAGGTACAGTCGTTCGCGT,7,39086
TSS_1414_storz_regulondb,32.1875,529,15,TTGCGATTTCATTGGGAGAT,514,36865
TSS_1414_storz_regulondb,0.125,16,15,TTCTCGCAGCAACCGCGCTA,1,48621
TSS_1414_storz_regulondb,0.1875,17,15,TTCTCCCCTCGTCAGATCGA,2,994
TSS_1414_storz_regulondb,11.6875,201,15,TTCCCGACAAGGTAGATAGT,186,79775
TSS_1414_storz_regulondb,0.1875,17,15,TTAGAGGCCCGATAAGCCTT,2,62345
TSS_1414_storz_regulondb,0.125,16,15,TTAGAGCAGATAATGCACTT,1,3202
TSS_1414_storz_regulondb,0.1875,17,15,TGTGACAAGTCTCTAGACAG,2,32828
TSS_1414_storz_regulondb,0.3125,19,15,TGTAAACCTACCCGTAGTGA,4,3987
TSS_1414_storz_regulondb,0.6875,25,15,TGGTGAGGGCGTACCGCTCT,10,52971
TSS_1414_storz_regulondb,0.1875,17,15,TGGTAGCAAACAAGGTTCGA,2,78317
TSS_1414_storz_regulondb,0.5,22,15,TGGGTGCCGGAGGCATCGAG,7,351
TSS_1414_storz_regulondb,0.125,16,15,TGGGATGAGTTATGCTTTTG,1,17951
TSS_1414_storz_regulondb,60.8125,987,15,TGGCTAGCACGGTTAACCAT,972,6689
TSS_1414_storz_regulondb,0.125,16,15,TGGCAGTGGCTTCCATGCAT,1,44722
TSS_1414_storz_regulondb,0.375,20,15,TGCTACAGTTAGCATGGTAA,5,24234
TSS_1414_storz_regulondb,0.375,20,15,TGCGCGTGCGGCCTTTACGT,5,18751
TSS_1414_storz_regulondb,0.375,20,15,TCTCATCAGCGACTTTACTC,5,70192
TSS_1414_storz_regulondb,0.125,16,15,TCTACAGTATAGGAGCCTCA,1,79300
TSS_1414_storz_regulondb,0.125,16,15,TCGCTCAGTGGGGCGTGACC,1,31143
TSS_1414_storz_regulondb,0.1875,17,15,TCGCGTATCAAAGGAAAAAT,2,62900
TSS_1414_storz_regulondb,0.125,16,15,TCCGCGGTTTGTTGAAGCAG,1,20293
TSS_1414_storz_regulondb,0.125,16,15,TCCATCTGGACAAGTAACGA,1,46535
TSS_1414_storz_regulondb,0.625,24,15,TCACTCAGCAGTAACGGTTT,9,23808
TSS_1414_storz_regulondb,0.1875,17,15,TCACCACATAAGAATTTCTA,2,36864
TSS_1414_storz_regulondb,0.1875,17,15,TATGTCATATGAGGTTTTAC,2,27571
TSS_1414_storz_regulondb,0.4375,21,15,TATCTAAGCGTGGACATAGC,6,37197
TSS_1414_storz_regulondb,0.9375,29,15,TATACTGCAGAATCGGGCTA,14,5248
TSS_1414_storz_regulondb,0.125,16,15,TACTGCATACCACGGGGAGT,1,38754
TSS_1414_storz_regulondb,0.125,16,15,TACGGATTAAAATGTAGCAA,1,12075
TSS_1414_storz_regulondb,0.125,16,15,TAATATTTGAGCCGAGCCTA,1,58046
TSS_1414_storz_regulondb,0.125,16,15,GTTCTCGACTAACATTATAC,1,67647
TSS_1414_storz_regulondb,0.125,16,15,GTTAACAATTCTGTCCGGTA,1,40492
TSS_1414_storz_regulondb,0.3125,19,15,GTGGTCAAGGGCGGACCGTG,4,12191
TSS_1414_storz_regulondb,0.4375,21,15,GTGCGCCTGAGCTATGAGTA,6,14809
TSS_1414_storz_regulondb,0.25,18,15,GTGAACTCCTATAATGTTTT,3,74308
TSS_1414_storz_regulondb,0.25,18,15,GTGAAACGGGCGCCTTCAGA,3,31268
TSS_1414_storz_regulondb,0.125,16,15,GTCGCTGTTACGGGGACAAA,1,59892
TSS_1414_storz_regulondb,0.5625,23,15,GTCCCCGTTAGAGGATGCGA,8,13704
TSS_1414_storz_regulondb,0.25,18,15,GTCACCCAGGTCCCTGGCAT,3,38735
TSS_1414_storz_regulondb,0.125,16,15,GTACGGACAGCAACTTTCTA,1,43739
TSS_1414_storz_regulondb,0.125,16,15,GGTTCCTTAACAGAGAGATC,1,30956
TSS_1414_storz_regulondb,0.125,16,15,GGTGACTCGACGTGGAGCCT,1,63126
TSS_1414_storz_regulondb,0.25,18,15,GGGGAGTCCTATGAGACAAG,3,76428
TSS_1414_storz_regulondb,0.125,16,15,GGGCCAATTATAGACTCCGC,1,46837
TSS_1414_storz_regulondb,0.25,18,15,GGCCTCCTAGGATTCTGGTA,3,75078
TSS_1414_storz_regulondb,0.875,28,15,GGCAGCACACCTGCTGGGGC,13,75053
TSS_1414_storz_regulondb,0.375,20,15,GGAGCCCTAAATCCCAAAAA,5,26994
TSS_1414_storz_regulondb,0.125,16,15,GGACCGGAGGATGCGAGGCT,1,29218
TSS_1414_storz_regulondb,10.9375,189,15,GGAACCCTATAGATCCAGTT,174,61049
TSS_1414_storz_regulondb,0.5625,23,15,GCTCGGTGAGGGATACGGTT,8,71047
TSS_1414_storz_regulondb,0.125,16,15,GCTCAAAGCATTTAGCAGAA,1,4571
TSS_1414_storz_regulondb,0.125,16,15,GCTAGTTCACCCTTGTGTGT,1,32595
TSS_1414_storz_regulondb,0.25,18,15,GCGTCTGATTCCAAACCAGG,3,48130
TSS_1414_storz_regulondb,25.6875,425,15,GCGTACTAAACCCGCTCTAG,410,26625
TSS_1414_storz_regulondb,0.1875,17,15,GCCTTTTTCAGGTTAGCGAG,2,47730
TSS_1414_storz_regulondb,0.5,22,15,GCATCTCGGATCATTATTGA,7,9971
TSS_1414_storz_regulondb,0.4375,21,15,GATGTGAAAGGGCTGGTCTG,6,20893
TSS_1414_storz_regulondb,19.4375,325,15,GATAGGATATTCACATGCGA,310,52720
TSS_1414_storz_regulondb,0.25,18,15,GAGTTTTTGGACCAACAACT,3,12922
TSS_1414_storz_regulondb,0.25,18,15,GAGGTCATTGCGCCTTGTCT,3,64321
TSS_1414_storz_regulondb,0.3125,19,15,GAGATTTACGACCGCCCGTT,4,34720
TSS_1414_storz_regulondb,0.125,16,15,GACGTATGACAGACCGACCT,1,59535
TSS_1414_storz_regulondb,0.125,16,15,GACCGATACACTCGCGAGCG,1,62762
TSS_1414_storz_regulondb,0.75,26,15,GAAGCTCTGATGCATGGGCT,11,19926
TSS_1414_storz_regulondb,0.1875,17,15,GAACAATGGCTGCATAATTT,2,52803
TSS_1414_storz_regulondb,0.25,18,15,GAAACAGTGTGACCGATTAG,3,68
TSS_1414_storz_regulondb,0.1875,17,15,CTTGGCTGACCTGAATGGTT,2,7622
TSS_1414_storz_regulondb,8.875,156,15,CTTAAACACGAGTGCCGCTG,141,65207
TSS_1414_storz_regulondb,0.125,16,15,CTGTTCACAGTTGATGCATA,1,13382
TSS_1414_storz_regulondb,0.1875,17,15,CTGTCACTACGTGCGAAGAT,2,8247
TSS_1414_storz_regulondb,0.5,22,15,CTGGAACGCCCATAGCTTAT,7,52626
TSS_1414_storz_regulondb,0.1875,17,15,CTATACTCGCTAATTCCCAG,2,21919
TSS_1414_storz_regulondb,0.3125,19,15,CTAGTTATCATGGGAAGCAG,4,2536
TSS_1414_storz_regulondb,0.25,18,15,CTAGGTTAGACCAGCGTCTC,3,55120
TSS_1414_storz_regulondb,0.1875,17,15,CTAATGAATAAGGGTCTATG,2,62064
TSS_1414_storz_regulondb,0.125,16,15,CGTTCCAGGGTATGTTCTAC,1,47379
TSS_1414_storz_regulondb,40.75,666,15,CGGTGGTCAGGCCGGACAAA,651,48468
TSS_1414_storz_regulondb,0.25,18,15,CGGTGGCTTAATGCAAGACA,3,47380
TSS_1414_storz_regulondb,0.125,16,15,CGCTTCAGTTGGATTTCACA,1,62297
TSS_1414_storz_regulondb,0.25,18,15,CGCAGTGGCATGTTCGTAGT,3,12028
TSS_1414_storz_regulondb,0.5,22,15,CCTCTATTATTGACGGTTGC,7,79562
TSS_1414_storz_regulondb,0.1875,17,15,CCTCCAGGATCCATGAGATA,2,25058
TSS_1414_storz_regulondb,0.125,16,15,CCTCAGGAACTTGGGAGCGT,1,7758
TSS_1414_storz_regulondb,0.125,16,15,CCGGGCGCTGTGACCTGCCC,1,5087
TSS_1414_storz_regulondb,0.25,18,15,CCGCCAGGATTGTAACTTAA,3,53349
TSS_1414_storz_regulondb,0.1875,17,15,CCCACTCTGCCCTAGCGCGC,2,46945
TSS_1414_storz_regulondb,0.125,16,15,CCAGATCCGGCGCGTGCAGA,1,30601
TSS_1414_storz_regulondb,0.125,16,15,CCAGAGCGTTCTTAATTTGG,1,49704
TSS_1414_storz_regulondb,0.125,16,15,CATAGCGGCCCGATGCGTAG,1,81097
TSS_1414_storz_regulondb,0.125,16,15,CACTAGCGCTAAAGAATTGT,1,50481
TSS_1414_storz_regulondb,0.1875,17,15,CACCTCGTGTCCGGTAAAGC,2,33293
TSS_1414_storz_regulondb,0.125,16,15,ATTGTAGTCGGGCTATCTCG,1,31095
TSS_1414_storz_regulondb,0.25,18,15,ATTGCGCCTTTATGAACTGT,3,3658
TSS_1414_storz_regulondb,0.125,16,15,ATTAAGTATGCCCAGAACGA,1,5101
TSS_1414_storz_regulondb,0.125,16,15,ATGGAGGTACCCGGGACCCC,1,34326
TSS_1414_storz_regulondb,0.125,16,15,ATCAGTTGGGCCGGCCGCTT,1,1174
TSS_1414_storz_regulondb,0.125,16,15,ATAGAGCTGACGATGCAATA,1,3022
TSS_1414_storz_regulondb,0.1875,17,15,ATAGACCGCTTCGGTAGGTC,2,80635
TSS_1414_storz_regulondb,0.1875,17,15,ATAACGAAATTTGGGTCAGG,2,46545
TSS_1414_storz_regulondb,0.375,20,15,AGTTTGACTCCTAGAGCAGA,5,9273
TSS_1414_storz_regulondb,0.5,22,15,AGGGAGCTCCAGTTTAGAAA,7,9396
TSS_1414_storz_regulondb,0.1875,17,15,AGCCTCTTCGACAAACGGTT,2,52736
TSS_1414_storz_regulondb,0.125,16,15,AGATGGGATATTGCAGGTCC,1,25356
TSS_1414_storz_regulondb,0.125,16,15,AGATAACTTTGTGAATGAAT,1,66303
TSS_1414_storz_regulondb,0.125,16,15,AGAAAGGCGTACAGCAAGGG,1,51973
TSS_1414_storz_regulondb,0.1875,17,15,ACTAGAAGGCTTCAGCTTGT,2,17940
TSS_1414_storz_regulondb,0.125,16,15,ACGGCTCAAGTCGATAGTTC,1,23067
TSS_1414_storz_regulondb,63.9375,1037,15,ACGGATGGAATAGAAGTATA,1022,19072
TSS_1414_storz_regulondb,0.125,16,15,ACGATCTCCGGGCGGGGCGT,1,67702
TSS_1414_storz_regulondb,0.1875,17,15,ACCCGGTCTCTTCCATACAG,2,42016
TSS_1414_storz_regulondb,0.4375,21,15,ACATAGGGCTATCCCTGAGA,6,34788
TSS_1414_storz_regulondb,0.375,20,15,ACAGCTTACCGTGTGTCATG,5,38396
TSS_1414_storz_regulondb,0.5,22,15,AATTGCCTCCGGCCCAACGC,7,78829
TSS_1414_storz_regulondb,0.125,16,15,AATCTAGCGGCAGGTACCAA,1,11443
TSS_1414_storz_regulondb,0.125,16,15,AATCAGGCGGCCCGATGGCC,1,17147
TSS_1414_storz_regulondb,0.125,16,15,AATACACCGAACTACAGAGT,1,10595
TSS_1414_storz_regulondb,0.375,20,15,AAGTTTAGGTCGAACTCTTT,5,50052
TSS_1414_storz_regulondb,0.125,16,15,AAGTAAGGCTATTCGAAGCA,1,31098
TSS_1414_storz_regulondb,0.125,16,15,AAGCTGAGCGTAGTGGTTGT,1,44653
TSS_1414_storz_regulondb,60.75,986,15,AAGCAACTCGCTGAAGAATT,971,3
TSS_1414_storz_regulondb,0.3125,19,15,AACCTATGGATCTAGCAACA,4,28688
TSS_1414_storz_regulondb,0.125,16,15,AACATCGTGACACCTAGCGA,1,79093
TSS_1414_storz_regulondb,0.1875,17,15,AACAGGCGTGATGGACCTGT,2,20618
TSS_1414_storz_regulondb,81.75,1322,15,AAACTACCGAGAGACGCAAA,1307,40524
TSS_1414_storz_regulondb,43.8125,715,15,AAACCTATAGGCTATATCTG,700,50921
TSS_1414_storz_regulondb,0.125,16,15,AAACCATAATATCGTACCCC,1,40626
TSS_1414_storz_regulondb,0.13333333333333333,15,14,TTTTAGCATGCGCACCGGGA,1,21844
TSS_1414_storz_regulondb,0.13333333333333333,15,14,TTTCTCCTTTTTATATAATG,1,32979
TSS_1414_storz_regulondb,0.26666666666666666,17,14,TTTAATCAATTAAAGATGTA,3,71248
TSS_1414_storz_regulondb,0.4666666666666667,20,14,TTGGCACGTTTGAGGGTTCT,6,55480
TSS_1414_storz_regulondb,0.13333333333333333,15,14,TTGGAGATGGAGTGTGCTTG,1,71393
TSS_1414_storz_regulondb,0.13333333333333333,15,14,TTGCACACTGGCCGGGATCA,1,56834
TSS_1414_storz_regulondb,0.13333333333333333,15,14,TTGATCCGGTATGATGGCCA,1,38439
TSS_1414_storz_regulondb,0.13333333333333333,15,14,TTCGACTGGGGCGACTGTAA,1,18764
TSS_1414_storz_regulondb,0.3333333333333333,18,14,TTACCGGTAACCGCTCAGCT,4,80159
TSS_1414_storz_regulondb,28.666666666666668,443,14,TTAACACCAATATAGAGCCC,429,6469
TSS_1414_storz_regulondb,0.13333333333333333,15,14,TGTTTAATACGATCCTAAGT,1,4628
TSS_1414_storz_regulondb,0.13333333333333333,15,14,TGGGATTAGAAGATGAAGTC,1,32298
TSS_1414_storz_regulondb,0.26666666666666666,17,14,TGCTATATGGGTTTGGCTGG,3,8121
TSS_1414_storz_regulondb,0.13333333333333333,15,14,TGCAATACCAACACAGTATG,1,55058
TSS_1414_storz_regulondb,0.13333333333333333,15,14,TGAGTTCCATTAACAACGAT,1,764
TSS_1414_storz_regulondb,0.13333333333333333,15,14,TGAGTATATAAATTTATTAG,1,47852
TSS_1414_storz_regulondb,0.3333333333333333,18,14,TGAGCATACTTTACTACTCT,4,75979
TSS_1414_storz_regulondb,0.13333333333333333,15,14,TGAACAGACCCCTGACCATA,1,77850
TSS_1414_storz_regulondb,0.13333333333333333,15,14,TCTTATGCGGTGTCCGCGCG,1,69184
TSS_1414_storz_regulondb,0.13333333333333333,15,14,TCTGGGTCTCCTACATTTTG,1,70520
TSS_1414_storz_regulondb,0.3333333333333333,18,14,TCTGCTATGGTATGTAAACA,4,2961
TSS_1414_storz_regulondb,0.6666666666666666,23,14,TCGATTCCTGTTGGACCAGA,9,41438
TSS_1414_storz_regulondb,0.13333333333333333,15,14,TCCAATGGGTAATGATCTTG,1,29253
TSS_1414_storz_regulondb,0.26666666666666666,17,14,TCATCCAGCCTCGTGGCTGA,3,56962
TSS_1414_storz_regulondb,0.6,22,14,TCAGCTTACTACGAAGAATC,8,56885
TSS_1414_storz_regulondb,0.13333333333333333,15,14,TCAAGGGAGGATCTGGTGGA,1,42764
TSS_1414_storz_regulondb,0.13333333333333333,15,14,TATTGACAGAGAGCGCCAAA,1,73165
TSS_1414_storz_regulondb,0.2,16,14,TATAGTGGGATCTCACTAAT,2,32138
TSS_1414_storz_regulondb,0.26666666666666666,17,14,TACTACTACCAATCGAAGTA,3,26601
TSS_1414_storz_regulondb,0.2,16,14,TAAGATATTCATGCAATTCT,2,17352
TSS_1414_storz_regulondb,0.13333333333333333,15,14,GTGGCCCCAGGGCACGTGGG,1,57368
TSS_1414_storz_regulondb,0.13333333333333333,15,14,GTGAGTTTAGAGACCATGCT,1,61298
TSS_1414_storz_regulondb,0.13333333333333333,15,14,GTAGTCGAAGGTGCTCGATT,1,4427
TSS_1414_storz_regulondb,0.13333333333333333,15,14,GTAGACCTATACGATCTCAC,1,57963
TSS_1414_storz_regulondb,0.13333333333333333,15,14,GTACTCATTTGCTAAAGTCT,1,39653
TSS_1414_storz_regulondb,0.26666666666666666,17,14,GTACCGGCAGAGTGCTCTCT,3,77303
TSS_1414_storz_regulondb,0.3333333333333333,18,14,GGTGTTGGATTGACATAGAC,4,57750
TSS_1414_storz_regulondb,0.13333333333333333,15,14,GGTGGCAGCACATCCACTGA,1,58374
TSS_1414_storz_regulondb,0.26666666666666666,17,14,GGTGCTCTTCAGCGATCTGT,3,21605
TSS_1414_storz_regulondb,1.2,31,14,GGGGAAAAGGAGCAACACGC,17,26143
TSS_1414_storz_regulondb,0.13333333333333333,15,14,GGGCCAACCAATCTGAGAAA,1,12295
TSS_1414_storz_regulondb,0.5333333333333333,21,14,GGGCACAGTTGGCTTTTACT,7,41560
TSS_1414_storz_regulondb,0.3333333333333333,18,14,GGCATAAACTAGATATGCTT,4,58347
TSS_1414_storz_regulondb,0.6,22,14,GGATAAACTCCTACGGATCT,8,52732
TSS_1414_storz_regulondb,0.2,16,14,GGAACTCTCCTCGCAAGGTA,2,38703
TSS_1414_storz_regulondb,0.5333333333333333,21,14,GCTTCTTACTTGATATATCC,7,35330
TSS_1414_storz_regulondb,0.13333333333333333,15,14,GCGTAGGGGCGATTGTCGGG,1,26017
TSS_1414_storz_regulondb,114.53333333333333,1731,14,GCCTCGCAGAACCATTTAGG,1717,27232
TSS_1414_storz_regulondb,0.3333333333333333,18,14,GCCTACTATCCGCCTGTAGT,4,3034
TSS_1414_storz_regulondb,0.13333333333333333,15,14,GCCCCCCCAGAACTTACATT,1,50354
TSS_1414_storz_regulondb,0.5333333333333333,21,14,GCAGGGGAGACCCAAGCAAG,7,40402
TSS_1414_storz_regulondb,0.26666666666666666,17,14,GCAGCTAATCTGATCACCTT,3,73617
TSS_1414_storz_regulondb,0.13333333333333333,15,14,GCAAGCTTCATATTTTTGGC,1,10876
TSS_1414_storz_regulondb,0.13333333333333333,15,14,GATTACTTTCTTCTTCAGTT,1,39612
TSS_1414_storz_regulondb,0.13333333333333333,15,14,GATGCGACCTAATGCGGTAT,1,42018
TSS_1414_storz_regulondb,0.13333333333333333,15,14,GATCACCAGCTAAAGAGTTC,1,72125
TSS_1414_storz_regulondb,0.4,19,14,GAGTCCCCCAATGCCTTATG,5,4843
TSS_1414_storz_regulondb,0.13333333333333333,15,14,GAGGGTGCCGCCAGCAGAAG,1,29813
TSS_1414_storz_regulondb,0.13333333333333333,15,14,GACTCTCATGGGAAGAACTC,1,36724
TSS_1414_storz_regulondb,0.2,16,14,GACAGCTACTGGGTGCTATA,2,27685
TSS_1414_storz_regulondb,0.26666666666666666,17,14,GAATTCGTAATGAGGTTTAA,3,8178
TSS_1414_storz_regulondb,0.13333333333333333,15,14,CTTAACTACTCCCTGGCGGT,1,53161
TSS_1414_storz_regulondb,0.26666666666666666,17,14,CTGGGGTCACTGGTTCATAC,3,40978
TSS_1414_storz_regulondb,0.13333333333333333,15,14,CTCGTCTATATAGCGAATGG,1,33327
TSS_1414_storz_regulondb,0.13333333333333333,15,14,CTATATCCCCAACGAGCGGA,1,3691
TSS_1414_storz_regulondb,0.6,22,14,CGTGCACGTCGGGTACCGCG,8,5393
TSS_1414_storz_regulondb,0.13333333333333333,15,14,CGTCGCGCTTTACCCCAGTG,1,77143
TSS_1414_storz_regulondb,0.13333333333333333,15,14,CGTCATCGTACGGAATGCAA,1,71538
TSS_1414_storz_regulondb,0.13333333333333333,15,14,CGTATCCAGTACATTGTGGG,1,38540
TSS_1414_storz_regulondb,12.933333333333334,207,14,CGGAATGACTGCTCATGGTA,193,12107
TSS_1414_storz_regulondb,0.2,16,14,CGCTATGGTTCTAATGATTT,2,66648
TSS_1414_storz_regulondb,0.13333333333333333,15,14,CGCAAAGATTTACGGCAGAC,1,13915
TSS_1414_storz_regulondb,0.2,16,14,CGAACTTGCGGCGGCGCGTA,2,40531
TSS_1414_storz_regulondb,0.2,16,14,CGAACAATGTCGCCTTCGGA,2,55029
TSS_1414_storz_regulondb,0.9333333333333333,27,14,CCTTCAATGCATATTTATCG,13,17129
TSS_1414_storz_regulondb,0.13333333333333333,15,14,CCTCTCCTTATCGGTTTTCC,1,42048
TSS_1414_storz_regulondb,0.13333333333333333,15,14,CCGTAGCTTATTGCTGGCAG,1,32169
TSS_1414_storz_regulondb,0.13333333333333333,15,14,CCGCCACATTGCCCCCGGCA,1,46035
TSS_1414_storz_regulondb,0.13333333333333333,15,14,CCGATTCGTCACTTGGTGGA,1,48941
TSS_1414_storz_regulondb,0.2,16,14,CCCTGCCCCTTCCAATGTGG,2,36867
TSS_1414_storz_regulondb,1.2,31,14,CCCTAATGAATTACGACGCG,17,63723
TSS_1414_storz_regulondb,0.6,22,14,CCCGGCCTACATATTATCGT,8,58372
TSS_1414_storz_regulondb,0.13333333333333333,15,14,CCCATGCACAAGAATGTGTT,1,64383
TSS_1414_storz_regulondb,0.13333333333333333,15,14,CCCACGAGGGGTCCTATTAA,1,65343
TSS_1414_storz_regulondb,0.13333333333333333,15,14,CCAGTTTCGTGTAAATGGGA,1,10184
TSS_1414_storz_regulondb,0.13333333333333333,15,14,CCAGCTTGCGGACCCCGTTG,1,56950
TSS_1414_storz_regulondb,0.13333333333333333,15,14,CCACGTCCGGGCCAACGGCA,1,59054
TSS_1414_storz_regulondb,0.7333333333333333,24,14,CATACGGAATCTACGCGGTG,10,76502
TSS_1414_storz_regulondb,0.26666666666666666,17,14,CAGGAAACGGCGGCACGCAA,3,38757
TSS_1414_storz_regulondb,0.4666666666666667,20,14,CACTGTATACTCGCGCCGAA,6,22564
TSS_1414_storz_regulondb,0.13333333333333333,15,14,CACGCTAATTTAGAGCACTT,1,536
TSS_1414_storz_regulondb,0.13333333333333333,15,14,CAAGGTTTGACATGGGGTTA,1,60394
TSS_1414_storz_regulondb,0.13333333333333333,15,14,CAAGCCTTGTCTTGCAAGAC,1,8385
TSS_1414_storz_regulondb,0.4666666666666667,20,14,CAAAATCTTCTGTAGGGGCA,6,45358
TSS_1414_storz_regulondb,0.13333333333333333,15,14,ATTTTGCTATCACAGGGGGA,1,200
TSS_1414_storz_regulondb,0.3333333333333333,18,14,ATGTTCGGATGACGCCAAGT,4,58700
TSS_1414_storz_regulondb,0.26666666666666666,17,14,ATGCCTAAGGTTCAGTCTCT,3,73052
TSS_1414_storz_regulondb,0.13333333333333333,15,14,ATCGATGATTATTTGGGTTA,1,29864
TSS_1414_storz_regulondb,0.13333333333333333,15,14,ATCATGCACAACCATGATGT,1,66247
TSS_1414_storz_regulondb,26.866666666666667,416,14,ATCAAGTGCATGGCTCTGTG,402,65718
TSS_1414_storz_regulondb,0.6666666666666666,23,14,ATAGCCAGTATACGTTAGAA,9,62048
TSS_1414_storz_regulondb,0.2,16,14,AGTAGTTCTTCTGGTACTTA,2,64808
TSS_1414_storz_regulondb,0.13333333333333333,15,14,AGGCAGTTTAAAAGGCTCGG,1,33147
TSS_1414_storz_regulondb,0.26666666666666666,17,14,AGCGTAAGGGACTCTATGTG,3,14806
TSS_1414_storz_regulondb,0.13333333333333333,15,14,AGATTTGCTTGAATTGCACT,1,25826
TSS_1414_storz_regulondb,0.5333333333333333,21,14,AGAGGAAGGCCTATCTTTAC,7,60588
TSS_1414_storz_regulondb,0.13333333333333333,15,14,AGACCTGGAGTCACGCGTCT,1,2946
TSS_1414_storz_regulondb,0.13333333333333333,15,14,ACTGGTGTAAAGGGTGACAA,1,56427
TSS_1414_storz_regulondb,0.4,19,14,ACTGCCGGTGCCACACATTG,5,42756
TSS_1414_storz_regulondb,0.26666666666666666,17,14,ACGCCCAGAGTTCTCAGCGT,3,10012
TSS_1414_storz_regulondb,0.8666666666666667,26,14,ACGCAGTTCCGCGTACTTTT,12,62113
TSS_1414_storz_regulondb,0.2,16,14,ACCTCGGACAAGTGAATCGT,2,79548
TSS_1414_storz_regulondb,0.7333333333333333,24,14,AATCATGTTTAGGTGGCATC,10,35151
TSS_1414_storz_regulondb,0.26666666666666666,17,14,AAGATAGGAGTGTCCAACAT,3,69564
TSS_1414_storz_regulondb,0.13333333333333333,15,14,AACCCGGAGCCCGTGGAAAC,1,23498
TSS_1414_storz_regulondb,67.73333333333333,1029,14,AACAGGCGGGATGTTATCGT,1015,75020
TSS_1414_storz_regulondb,0.5,19,13,TTTACCCTTGGGTGGTATCA,6,30999
TSS_1414_storz_regulondb,0.14285714285714285,14,13,TTTAAGGCCGAAGCACGTTA,1,77652
TSS_1414_storz_regulondb,0.14285714285714285,14,13,TTGGTTATAGTACCATAGAG,1,13874
TSS_1414_storz_regulondb,0.14285714285714285,14,13,TTCCTCCTGAGTAGCCTAGT,1,51282
TSS_1414_storz_regulondb,0.5,19,13,TGTTTTGTAGCTCCACATCT,6,29142
TSS_1414_storz_regulondb,50.642857142857146,721,13,TGTTTATTGATTTCCTCTTA,708,52752
TSS_1414_storz_regulondb,0.14285714285714285,14,13,TGTATGGCTTCAAGCTCCGT,1,71574
TSS_1414_storz_regulondb,0.21428571428571427,15,13,TGGGTTTAATCCGCAGGGCT,2,11789
TSS_1414_storz_regulondb,0.14285714285714285,14,13,TGGGGAGATCTCTTGTCGGC,1,29015
TSS_1414_storz_regulondb,0.2857142857142857,16,13,TGGAAACAAAAACCGATTCG,3,1277
TSS_1414_storz_regulondb,0.35714285714285715,17,13,TGCGTACTAAATACATGCGT,4,39478
TSS_1414_storz_regulondb,0.14285714285714285,14,13,TCTGTCTCAATAGCGGGGGG,1,36345
TSS_1414_storz_regulondb,0.42857142857142855,18,13,TCTCGCATGTCTTTTGGGTT,5,79483
TSS_1414_storz_regulondb,0.14285714285714285,14,13,TCTCCCGAGGTGAATTTTGT,1,35402
TSS_1414_storz_regulondb,0.42857142857142855,18,13,TCGTGTCCGTCGGCTCCAGT,5,6991
TSS_1414_storz_regulondb,0.35714285714285715,17,13,TCGGCATGAGAAGGATAGGG,4,7994
TSS_1414_storz_regulondb,0.14285714285714285,14,13,TCGCTCGCGTTTGCCGAACA,1,60073
TSS_1414_storz_regulondb,0.2857142857142857,16,13,TCGCCACCACCCCTGTGGTG,3,26215
TSS_1414_storz_regulondb,0.14285714285714285,14,13,TCGCCAAGTAAGGTACGATC,1,34734
TSS_1414_storz_regulondb,0.14285714285714285,14,13,TCGACGCTCAAAGCTTGCGT,1,50149
TSS_1414_storz_regulondb,17.5,257,13,TCCTCCAGCCGGGGATTTGC,244,31495
TSS_1414_storz_regulondb,0.14285714285714285,14,13,TCCGATGGAAATTCCGACCT,1,18457
TSS_1414_storz_regulondb,0.14285714285714285,14,13,TCAAATAAGTGGTACATAGA,1,50002
TSS_1414_storz_regulondb,0.14285714285714285,14,13,TATCTCCGGATGCGTGTGCT,1,46843
TSS_1414_storz_regulondb,0.35714285714285715,17,13,TATCCGGAGAATTTGTTGAT,4,12909
TSS_1414_storz_regulondb,0.2857142857142857,16,13,TATCACGACAGGTAGCTATT,3,5597
TSS_1414_storz_regulondb,0.5714285714285714,20,13,TAGCCCGGGGGTGTGGAAAT,7,14276
TSS_1414_storz_regulondb,37.714285714285715,540,13,TACTGAGGGCCGCACGTGAT,527,4803
TSS_1414_storz_regulondb,0.14285714285714285,14,13,TACTCGAGTGGCTGGATGGG,1,75494
TSS_1414_storz_regulondb,0.14285714285714285,14,13,TACACACTAGAACAGACCTG,1,73996
TSS_1414_storz_regulondb,0.42857142857142855,18,13,TAATGGCAAGAACATTTTAC,5,64575
TSS_1414_storz_regulondb,0.14285714285714285,14,13,TAACACTTGTTCACGACGTT,1,59480
TSS_1414_storz_regulondb,0.35714285714285715,17,13,TAAATATGGGCGAGGTCGAA,4,66886
TSS_1414_storz_regulondb,0.14285714285714285,14,13,GTTCTAATGGGAGCAAAGGT,1,40644
TSS_1414_storz_regulondb,0.21428571428571427,15,13,GTTCGCATGCGGCTAAGTGT,2,8212
TSS_1414_storz_regulondb,0.21428571428571427,15,13,GTTAAGTTAAACGGGGTCTC,2,62052
TSS_1414_storz_regulondb,0.21428571428571427,15,13,GTGTTCTCTGAGCGGGGGGA,2,9164
TSS_1414_storz_regulondb,0.5,19,13,GTGTGCACCGCAATGCGGAA,6,35222
TSS_1414_storz_regulondb,0.14285714285714285,14,13,GTGTCCGAAAGTAGCAGAGC,1,36295
TSS_1414_storz_regulondb,0.5,19,13,GTGGAAGGTCCGACACAGAA,6,28445
TSS_1414_storz_regulondb,0.14285714285714285,14,13,GTGCATGAGTATCAGAACAC,1,36478
TSS_1414_storz_regulondb,0.14285714285714285,14,13,GTCTGAACAATCTTCCGTGG,1,43952
TSS_1414_storz_regulondb,0.14285714285714285,14,13,GTCGCGTTCCAAGACCGAGC,1,80627
TSS_1414_storz_regulondb,0.2857142857142857,16,13,GTCCTCTACGAGTTTCTGGT,3,55588
TSS_1414_storz_regulondb,0.7142857142857143,22,13,GTCCCTTCTGTGTGCGACAG,9,10510
TSS_1414_storz_regulondb,42.0,600,13,GTATTAATCTATATATTGGC,587,17959
TSS_1414_storz_regulondb,0.14285714285714285,14,13,GGTTTTCCAGCAGCTATTCT,1,31947
TSS_1414_storz_regulondb,0.6428571428571429,21,13,GGTCCCATTCTACGTATATC,8,73896
TSS_1414_storz_regulondb,0.14285714285714285,14,13,GGGGTGTCCGTCGGGCGAGT,1,37837
TSS_1414_storz_regulondb,0.14285714285714285,14,13,GGGGGAAGGTTTGAGGTTTT,1,54704
TSS_1414_storz_regulondb,0.7857142857142857,23,13,GGGCTTGTATCCGAGAATAC,10,63090
TSS_1414_storz_regulondb,0.14285714285714285,14,13,GGGACTCCTGAACCCGCGAC,1,26856
TSS_1414_storz_regulondb,0.14285714285714285,14,13,GGGAAGAGTGACTCCGTATA,1,13550
TSS_1414_storz_regulondb,0.5,19,13,GGATGCACGCGGAAGCGTGG,6,27302
TSS_1414_storz_regulondb,60.285714285714285,856,13,GGATCATCACAACTCATTAC,843,3822
TSS_1414_storz_regulondb,0.14285714285714285,14,13,GGACAGCAATGGTTGCAATA,1,76948
TSS_1414_storz_regulondb,0.21428571428571427,15,13,GCTGGTTTCACAGCGATGGT,2,65369
TSS_1414_storz_regulondb,0.14285714285714285,14,13,GCTAACCCTTACTGCTCAGA,1,5446
TSS_1414_storz_regulondb,0.14285714285714285,14,13,GCGTGGCGTGGAACTCGCTT,1,74876
TSS_1414_storz_regulondb,0.21428571428571427,15,13,GCGGGCCAGCTTGGGAAATT,2,3086
TSS_1414_storz_regulondb,0.2857142857142857,16,13,GCGGACAAGAAACCGAGAGT,3,20214
TSS_1414_storz_regulondb,0.35714285714285715,17,13,GCGAGAGTCGTTAACAGTTT,4,40409
TSS_1414_storz_regulondb,0.2857142857142857,16,13,GCGAAAGTCATCGTAATCGT,3,55541
TSS_1414_storz_regulondb,0.42857142857142855,18,13,GCCTTTCACTTGGGGCTGGT,5,52731
TSS_1414_storz_regulondb,0.14285714285714285,14,13,GCCTATCGCACGGGTAAATC,1,4210
TSS_1414_storz_regulondb,0.14285714285714285,14,13,GCCGTGTCTCCCAGTTAGAT,1,9781
TSS_1414_storz_regulondb,0.14285714285714285,14,13,GCCCCCTTGCTACTCACACC,1,17835
TSS_1414_storz_regulondb,0.14285714285714285,14,13,GCATTGGATGGTCAAGCTTC,1,24114
TSS_1414_storz_regulondb,0.21428571428571427,15,13,GCATAAGGGGATCCATTGAC,2,3874
TSS_1414_storz_regulondb,0.35714285714285715,17,13,GCAGCAACTATGGCCCTTTG,4,23345
TSS_1414_storz_regulondb,0.21428571428571427,15,13,GCAGATCAACGTACGGAGTT,2,51154
TSS_1414_storz_regulondb,0.2857142857142857,16,13,GCACTTCGCTCATCTAAATG,3,64393
TSS_1414_storz_regulondb,0.35714285714285715,17,13,GCACTGTCTGTAGGGCCTAA,4,18193
TSS_1414_storz_regulondb,0.21428571428571427,15,13,GATTTTACGATCCAGGGATC,2,18598
TSS_1414_storz_regulondb,0.14285714285714285,14,13,GATGGAACGTATTAACGGTC,1,57993
TSS_1414_storz_regulondb,0.2857142857142857,16,13,GATGAAGGTGAGTGACATGG,3,4224
TSS_1414_storz_regulondb,0.2857142857142857,16,13,GACTTTCGGGCAAAACTTAT,3,58529
TSS_1414_storz_regulondb,31.357142857142858,451,13,GACTGAATCCCAGCGTGGGG,438,11878
TSS_1414_storz_regulondb,0.14285714285714285,14,13,GACGTGTTCGCCATCAAACG,1,19716
TSS_1414_storz_regulondb,0.35714285714285715,17,13,GACCTTCGTTGTACGTTTCG,4,32769
TSS_1414_storz_regulondb,0.42857142857142855,18,13,GACACAGGGCTCACCGGAGT,5,19972
TSS_1414_storz_regulondb,0.21428571428571427,15,13,GAAGGGTTGTCTTCAGACCA,2,21643
TSS_1414_storz_regulondb,0.14285714285714285,14,13,GAAAGCGGCGGACGCCAACC,1,41049
TSS_1414_storz_regulondb,0.2857142857142857,16,13,GAAAACCTACAGAAATCGGG,3,60584
TSS_1414_storz_regulondb,0.21428571428571427,15,13,CTGTTAGTTAGCTTGATGAT,2,1899
TSS_1414_storz_regulondb,0.14285714285714285,14,13,CTGTGGTACAGAGCCGCCAA,1,2228
TSS_1414_storz_regulondb,0.14285714285714285,14,13,CTCTTCGCATGCACTCCTGA,1,26416
TSS_1414_storz_regulondb,0.5714285714285714,20,13,CGTATTACTTAAGCGAGGAC,7,73897
TSS_1414_storz_regulondb,0.2857142857142857,16,13,CGTAACGAGTGCAGACTTTA,3,72841
TSS_1414_storz_regulondb,0.2857142857142857,16,13,CGGAACTATGGTATCGTGGT,3,53300
TSS_1414_storz_regulondb,0.14285714285714285,14,13,CGCGAATCGGGCAATGACAC,1,62042
TSS_1414_storz_regulondb,0.5714285714285714,20,13,CGCGAACTCTAGGTTTTCAC,7,63035
TSS_1414_storz_regulondb,0.14285714285714285,14,13,CGCCCGGCGGGTGCGACAAA,1,16523
TSS_1414_storz_regulondb,0.5,19,13,CGCAATACTCACGGAAAGCA,6,22330
TSS_1414_storz_regulondb,0.6428571428571429,21,13,CGATTTTAATTGGTGCACAA,8,70427
TSS_1414_storz_regulondb,0.35714285714285715,17,13,CGAAGCGGTACCGCGATGAG,4,76381
TSS_1414_storz_regulondb,0.2857142857142857,16,13,CGAAGATCAGGCCCGGACTC,3,3663
TSS_1414_storz_regulondb,0.35714285714285715,17,13,CCGTCAACCCCAGAAGTGCA,4,5264
TSS_1414_storz_regulondb,19.928571428571427,291,13,CCGGCCCCGCAGTATCGTTT,278,55034
TSS_1414_storz_regulondb,0.21428571428571427,15,13,CCGATAGAATTCAAGGGCAT,2,6807
TSS_1414_storz_regulondb,0.42857142857142855,18,13,CCATGTATGGATTCATAGCT,5,26492
TSS_1414_storz_regulondb,0.14285714285714285,14,13,CCATAATTTCGGTCTAGATC,1,31595
TSS_1414_storz_regulondb,0.14285714285714285,14,13,CATAGAGTTCGACCATGTAC,1,17157
TSS_1414_storz_regulondb,0.35714285714285715,17,13,CACTGGCTGCGTATTTTCGT,4,42819
TSS_1414_storz_regulondb,0.14285714285714285,14,13,CACGTGACAGGAAGTACGCA,1,57889
TSS_1414_storz_regulondb,0.14285714285714285,14,13,CACGCCTGGAAGACTTGGTA,1,53343
TSS_1414_storz_regulondb,24.785714285714285,359,13,CACGAAATAGCCGCTTTTAA,346,3023
TSS_1414_storz_regulondb,0.14285714285714285,14,13,CAAGGCATATGAGCACGTTC,1,64335
TSS_1414_storz_regulondb,0.14285714285714285,14,13,CAAGAATTTGGTAGGTAAAA,1,15626
TSS_1414_storz_regulondb,26.642857142857142,385,13,CAACCTAGATTATACACTGC,372,68950
TSS_1414_storz_regulondb,0.42857142857142855,18,13,CAAAAGGGTGGCATAGCCAA,5,16444
TSS_1414_storz_regulondb,0.21428571428571427,15,13,ATTTAGTAAGGCGCCAAGAA,2,29474
TSS_1414_storz_regulondb,0.14285714285714285,14,13,ATTACGGCCAGGGTGGGATC,1,25024
TSS_1414_storz_regulondb,0.21428571428571427,15,13,ATGTCCTTCCTCGGGTTTAT,2,10017
TSS_1414_storz_regulondb,0.14285714285714285,14,13,ATGGCACCGAACCGTGGGTA,1,62328
TSS_1414_storz_regulondb,0.5714285714285714,20,13,ATGACACCCTAGTAGAACAT,7,58860
TSS_1414_storz_regulondb,0.5,19,13,ATCAGATACTGTAAGATGTA,6,19121
TSS_1414_storz_regulondb,0.14285714285714285,14,13,ATAGACGACCAGGGCCTAGT,1,25389
TSS_1414_storz_regulondb,0.14285714285714285,14,13,ATAAGTTGGTCGTTACACCT,1,58561
TSS_1414_storz_regulondb,0.21428571428571427,15,13,AGTCGTCCATTCCTTGACGG,2,55414
TSS_1414_storz_regulondb,0.2857142857142857,16,13,AGTCCCTCTTCGAGCATTAC,3,8286
TSS_1414_storz_regulondb,0.14285714285714285,14,13,AGTAATACTTGGCAGTGAGG,1,58100
TSS_1414_storz_regulondb,0.5714285714285714,20,13,AGGTCGTGGCTTCGGCTGAA,7,63670
TSS_1414_storz_regulondb,0.2857142857142857,16,13,AGGATGCCTGGGCTTTATGG,3,20460
TSS_1414_storz_regulondb,0.14285714285714285,14,13,AGCTTTGTGGCGAAAAGGAC,1,45980
TSS_1414_storz_regulondb,0.6428571428571429,21,13,AGCGGCAACCAAAAAAAGTA,8,56279
TSS_1414_storz_regulondb,1.3571428571428572,31,13,AGCCGACAGCGACCATATAA,18,55805
TSS_1414_storz_regulondb,0.35714285714285715,17,13,AGCATTCCTTAGTTAGTCCA,4,61800
TSS_1414_storz_regulondb,0.35714285714285715,17,13,AGAACTCAAACGACGGAAAA,4,958
TSS_1414_storz_regulondb,0.42857142857142855,18,13,ACTGTGTCGTGCGCTAGGTG,5,67957
TSS_1414_storz_regulondb,0.5714285714285714,20,13,ACGTAACGGGGGTTACATAC,7,57169
TSS_1414_storz_regulondb,0.14285714285714285,14,13,ACGACTTTGCTCAGCGCTCA,1,59538
TSS_1414_storz_regulondb,0.14285714285714285,14,13,ACCTTTGCTATCTAACTAGT,1,29466
TSS_1414_storz_regulondb,0.14285714285714285,14,13,ACCTAATGCAAGATGTCTCT,1,2757
TSS_1414_storz_regulondb,0.14285714285714285,14,13,ACCGGGGGACGGGCGCTGTC,1,7916
TSS_1414_storz_regulondb,0.7857142857142857,23,13,ACCCAGACGCCTATTCCTGC,10,7887
TSS_1414_storz_regulondb,0.14285714285714285,14,13,ACCATTCTTTGGGAAACGAC,1,75147
TSS_1414_storz_regulondb,0.6428571428571429,21,13,ACAGACTCAGTCGGATCATC,8,37242
TSS_1414_storz_regulondb,0.42857142857142855,18,13,ACAAAGGACTGTTGCCGTCT,5,40431
TSS_1414_storz_regulondb,0.21428571428571427,15,13,AATGTGGGGCTCCCGGACCA,2,61053
TSS_1414_storz_regulondb,0.42857142857142855,18,13,AATCGTGCCTAGCCATACTT,5,44552
TSS_1414_storz_regulondb,0.21428571428571427,15,13,AAGGTAATGTAACCCGGCGT,2,20752
TSS_1414_storz_regulondb,0.14285714285714285,14,13,AACTGTGGTGGTAATAGTGC,1,6276
TSS_1414_storz_regulondb,0.21428571428571427,15,13,AACGTAATCTTATCGTTAGC,2,19189
TSS_1414_storz_regulondb,0.5,19,13,AACCGGAAAGCATTTATTCA,6,33120
TSS_1414_storz_regulondb,0.14285714285714285,14,13,AAATTAAATCATCTCACAAA,1,32756
TSS_1414_storz_regulondb,0.21428571428571427,15,13,AAAGTCCCTGCTCCCAGCCT,2,28697
TSS_1414_storz_regulondb,0.2857142857142857,16,13,AAAGAACGAATCTGATAGAG,3,29661
TSS_1414_storz_regulondb,0.14285714285714285,14,13,AAACTACTATTGGTAGGGCG,1,33727
TSS_1414_storz_regulondb,0.14285714285714285,14,13,AAACGTCATAGCGTCTCATT,1,56693
TSS_1414_storz_regulondb,0.14285714285714285,14,13,AAAATATCCAGGCACCATCA,1,49178
TSS_1414_storz_regulondb,0.15384615384615385,13,12,TTGCACATGTTGACGCCAAT,1,25257
TSS_1414_storz_regulondb,0.6923076923076923,20,12,TTATTTAATCAGCCAAAAGG,8,33540
TSS_1414_storz_regulondb,0.3076923076923077,15,12,TTATTCAAAGTGCCTATTCA,3,56354
TSS_1414_storz_regulondb,0.15384615384615385,13,12,TTATAGATATTTTAAAAGGT,1,23478
TSS_1414_storz_regulondb,0.15384615384615385,13,12,TTATAACCTTCAATACGGAT,1,53315
TSS_1414_storz_regulondb,0.3076923076923077,15,12,TGTGTACCTCATAATCGGCC,3,69123
TSS_1414_storz_regulondb,0.5384615384615384,18,12,TGTCTTGATCAGGTGAGTGA,6,19130
TSS_1414_storz_regulondb,0.15384615384615385,13,12,TGTCGGTCGGGAGCAACGGG,1,63748
TSS_1414_storz_regulondb,0.6923076923076923,20,12,TGTAGTTTCAATCCTTTCGA,8,3754
TSS_1414_storz_regulondb,0.3076923076923077,15,12,TGGTGAGGAAGCGGTCAGCC,3,9561
TSS_1414_storz_regulondb,0.15384615384615385,13,12,TGGGTAAGCTTGCGTGTTAT,1,20188
TSS_1414_storz_regulondb,0.15384615384615385,13,12,TGGGATCGCAGTCCCTGAAT,1,56632
TSS_1414_storz_regulondb,0.3076923076923077,15,12,TGGGAGTGACTACGATAGAA,3,18451
TSS_1414_storz_regulondb,0.7692307692307693,21,12,TGCGGTAGGCTAGTCGTCCA,9,11378
TSS_1414_storz_regulondb,0.6923076923076923,20,12,TGCGACCACGTTTGGGTCAT,8,77941
TSS_1414_storz_regulondb,0.46153846153846156,17,12,TGCAGTATACGCACTCGGCT,5,39817
TSS_1414_storz_regulondb,0.15384615384615385,13,12,TGATTTGGCAATATCAAGGA,1,262
TSS_1414_storz_regulondb,0.15384615384615385,13,12,TGAGCTATATGCACTGCTTA,1,3075
TSS_1414_storz_regulondb,0.23076923076923078,14,12,TGACCACTCAGTCGGGGGAA,2,44800
TSS_1414_storz_regulondb,0.15384615384615385,13,12,TCTTAACTTCTATTGCTATA,1,33804
TSS_1414_storz_regulondb,25.76923076923077,346,12,TCTCGTCCTGATTTGGTAAC,334,38249
TSS_1414_storz_regulondb,0.5384615384615384,18,12,TCCAGCAATAGCCTTGCCAC,6,47697
TSS_1414_storz_regulondb,0.46153846153846156,17,12,TCACTCAATGTGATGAACTT,5,24613
TSS_1414_storz_regulondb,0.15384615384615385,13,12,TCACCCGTCCTGCATACAAG,1,55300
TSS_1414_storz_regulondb,0.15384615384615385,13,12,TATGACCCCCGAACCACGAG,1,67475
TSS_1414_storz_regulondb,27.46153846153846,368,12,TATAGAACGCTCATCTCAGA,356,17126
TSS_1414_storz_regulondb,8.615384615384615,123,12,TAGCCACACATTGGGTTTCT,111,75803
TSS_1414_storz_regulondb,0.23076923076923078,14,12,TAGAAGACACATGGACTCTA,2,9232
TSS_1414_storz_regulondb,0.15384615384615385,13,12,TACTGCCTTGAATAAACGCA,1,48649
TSS_1414_storz_regulondb,0.15384615384615385,13,12,TACTCCGTTCTACGACTCGC,1,42215
TSS_1414_storz_regulondb,39.15384615384615,520,12,TACTATAACCGGCACGTGTT,508,59180
TSS_1414_storz_regulondb,0.23076923076923078,14,12,TACAATTTGGCCCCCCATTG,2,4771
TSS_1414_storz_regulondb,0.23076923076923078,14,12,TAATGCTGCGCAATGCAATC,2,79143
TSS_1414_storz_regulondb,0.15384615384615385,13,12,GTGTATGTCACGTCGTGAGA,1,39907
TSS_1414_storz_regulondb,0.23076923076923078,14,12,GTGGGCCACTACGTTCAATG,2,58594
TSS_1414_storz_regulondb,0.23076923076923078,14,12,GTGCAACGCCTGATTTGTTG,2,37144
TSS_1414_storz_regulondb,22.53846153846154,304,12,GTCCATGACGACATAATTCG,292,15154
TSS_1414_storz_regulondb,0.3076923076923077,15,12,GTAACCCAAGGAAACGCTCG,3,66643
TSS_1414_storz_regulondb,0.15384615384615385,13,12,GTAAAAGAGGGTCTCGGAAG,1,3758
TSS_1414_storz_regulondb,0.38461538461538464,16,12,GGGTTAAATTAGCAACGCAG,4,65822
TSS_1414_storz_regulondb,0.15384615384615385,13,12,GGGTATCTGTTACTCAAAAA,1,7987
TSS_1414_storz_regulondb,0.15384615384615385,13,12,GGGTAGCTAAGGTTCTCTAC,1,42359
TSS_1414_storz_regulondb,1.0,24,12,GGCTTTACGTTGGGGTACAA,12,21995
TSS_1414_storz_regulondb,0.15384615384615385,13,12,GGCGATGCTTGTGTTCGGTG,1,18061
TSS_1414_storz_regulondb,24.23076923076923,326,12,GGCCGGAACCTTTTCAAATA,314,72948
TSS_1414_storz_regulondb,0.5384615384615384,18,12,GGCCCTGCGCCTCGAGGTTG,6,25900
TSS_1414_storz_regulondb,0.38461538461538464,16,12,GGATATCACGGGTTGTAGAG,4,31748
TSS_1414_storz_regulondb,0.15384615384615385,13,12,GGAATTCCGTCAATCGAATA,1,45299
TSS_1414_storz_regulondb,0.46153846153846156,17,12,GCGTACATCACGTATGCGCC,5,41760
TSS_1414_storz_regulondb,0.15384615384615385,13,12,GCGGTCGCCTAGAATTGCCT,1,941
TSS_1414_storz_regulondb,0.15384615384615385,13,12,GCGCATTGTTGCTGTGTGGA,1,78148
TSS_1414_storz_regulondb,0.5384615384615384,18,12,GCACGGTTGTGGCGCCGTGT,6,49346
TSS_1414_storz_regulondb,0.23076923076923078,14,12,GATTCGAGACGCAAAAGAGA,2,79711
TSS_1414_storz_regulondb,0.15384615384615385,13,12,GATTCCATTCCATCAGCAAA,1,74307
TSS_1414_storz_regulondb,0.15384615384615385,13,12,GAGGTATTTGTCATACGTCT,1,79803
TSS_1414_storz_regulondb,0.6923076923076923,20,12,CTGCCCTTCTTCGTGTCGCG,8,55591
TSS_1414_storz_regulondb,0.15384615384615385,13,12,CTATCGATGGCGTACGCCCC,1,24495
TSS_1414_storz_regulondb,0.7692307692307693,21,12,CGTTTCGCTTTTGCGAAGTC,9,28061
TSS_1414_storz_regulondb,0.3076923076923077,15,12,CGGTGAAGTCAGCTTAGCCA,3,62775
TSS_1414_storz_regulondb,0.38461538461538464,16,12,CGCTTCGTCCTCGGCAAACT,4,5096
TSS_1414_storz_regulondb,0.6923076923076923,20,12,CGAGGACAGTCAGGGCTGGA,8,7893
TSS_1414_storz_regulondb,0.23076923076923078,14,12,CGACGGATTAGTCATCGATA,2,50475
TSS_1414_storz_regulondb,0.23076923076923078,14,12,CGACCATTCATTAACCAGTC,2,13251
TSS_1414_storz_regulondb,0.15384615384615385,13,12,CGAAGCGGCGCACCAAACTC,1,69464
TSS_1414_storz_regulondb,0.15384615384615385,13,12,CCTATCTCTGTTGCTTTAGT,1,8767
TSS_1414_storz_regulondb,1.0769230769230769,25,12,CCCACGAGGCTGAACCCGTT,13,46386
TSS_1414_storz_regulondb,27.692307692307693,371,12,CCCACGAGAATTTGATAAGT,359,73627
TSS_1414_storz_regulondb,0.6923076923076923,20,12,CCAGTAGCAGTGTAACACAT,8,18181
TSS_1414_storz_regulondb,0.23076923076923078,14,12,CCAAACCAAAGGTGGTGGGT,2,14458
TSS_1414_storz_regulondb,0.23076923076923078,14,12,CATTGCGCCTTCCCAGCCTA,2,71143
TSS_1414_storz_regulondb,0.15384615384615385,13,12,CACTTTGAATCGCTTGCACA,1,79570
TSS_1414_storz_regulondb,1.0,24,12,CACTTCTCGTATTCAGGAAA,12,27104
TSS_1414_storz_regulondb,0.3076923076923077,15,12,CACAACCAATGAAAGTAATA,3,11229
TSS_1414_storz_regulondb,0.15384615384615385,13,12,CAAGGCCGTACATGGCCCAT,1,22766
TSS_1414_storz_regulondb,0.6923076923076923,20,12,ATTGCAAAAGGGATGCGGCT,8,38170
TSS_1414_storz_regulondb,0.8461538461538461,22,12,ATTGAGAACGGCCTTGTCCA,10,67495
TSS_1414_storz_regulondb,0.15384615384615385,13,12,ATTCAGTTGCAGGCCTCTAT,1,63331
TSS_1414_storz_regulondb,0.23076923076923078,14,12,ATTATCGAGCGGTGGCAGCA,2,55738
TSS_1414_storz_regulondb,0.6153846153846154,19,12,ATTACGGGACATCTCTGAGC,7,56350
TSS_1414_storz_regulondb,0.6923076923076923,20,12,ATTAACCTGGCATTAGGATC,8,53427
TSS_1414_storz_regulondb,0.15384615384615385,13,12,ATCGTTTCGCCCAGTACGAC,1,54362
TSS_1414_storz_regulondb,0.15384615384615385,13,12,ATCACCTTTCGGCATGGATC,1,66158
TSS_1414_storz_regulondb,0.6153846153846154,19,12,ATATCTACAGGCAAGATCGA,7,77180
TSS_1414_storz_regulondb,14.615384615384615,201,12,ATACCGCCCACAGACTTTCA,189,23590
TSS_1414_storz_regulondb,0.38461538461538464,16,12,AGTGGACATAGCTAGCAGCT,4,57824
TSS_1414_storz_regulondb,0.15384615384615385,13,12,AGTGAGCTTTGGCACATGAT,1,77987
TSS_1414_storz_regulondb,0.15384615384615385,13,12,AGTCCTTTGAATGCGTTGTA,1,18299
TSS_1414_storz_regulondb,0.15384615384615385,13,12,AGGTTCGAATTTCACCTGGA,1,673
TSS_1414_storz_regulondb,0.15384615384615385,13,12,AGGGGAGAAAAGTCCGGGTA,1,34646
TSS_1414_storz_regulondb,0.15384615384615385,13,12,AGGGCAAGGAACGCGTTCTT,1,68816
TSS_1414_storz_regulondb,0.6923076923076923,20,12,AGGATGCCATTAGCGATGCT,8,50053
TSS_1414_storz_regulondb,1.0769230769230769,25,12,AGCGGTCGATAATGGGGTCC,13,79444
TSS_1414_storz_regulondb,0.15384615384615385,13,12,AGATCAATCGCGACACTCGA,1,50694
TSS_1414_storz_regulondb,0.46153846153846156,17,12,AGAGCCCTGACCGAAGTGGC,5,23048
TSS_1414_storz_regulondb,0.38461538461538464,16,12,ACTGGCATGCCCTCGACTCA,4,70766
TSS_1414_storz_regulondb,0.15384615384615385,13,12,ACCATTTTTGGGGACCCCTT,1,4603
TSS_1414_storz_regulondb,0.15384615384615385,13,12,ACAGCGTAAAAGTAGACGAT,1,60273
TSS_1414_storz_regulondb,0.15384615384615385,13,12,ACACCAAGGCTGGTTCGAGT,1,74042
TSS_1414_storz_regulondb,0.3076923076923077,15,12,AATTTATTAAATCTTGATGA,3,63868
TSS_1414_storz_regulondb,0.3076923076923077,15,12,AATCTCCTCGAGTTGGACCT,3,22842
TSS_1414_storz_regulondb,0.23076923076923078,14,12,AACGCCCACGATTACCCCAT,2,74677
TSS_1414_storz_regulondb,0.46153846153846156,17,12,AACATGTGTCAATGGCGTTT,5,1783
TSS_1414_storz_regulondb,0.15384615384615385,13,12,AAAATTACCATACCCGACGT,1,52675
TSS_1414_storz_regulondb,0.15384615384615385,13,12,AAAATGTAATTAAAAAAGGG,1,46966
TSS_1414_storz_regulondb,0.25,13,11,TTTTTTCCGGTTTCCCTCAT,2,49634
TSS_1414_storz_regulondb,0.9166666666666666,21,11,TTTTTATTCGGGTGCAACAG,10,17662
TSS_1414_storz_regulondb,43.75,535,11,TTTTACGCGTCCAGTTGTTT,524,77252
TSS_1414_storz_regulondb,0.16666666666666666,12,11,TTTTACCACTCACCTGACTC,1,39544
TSS_1414_storz_regulondb,0.6666666666666666,18,11,TTTCACACGTAAACCCTGCA,7,33389
TSS_1414_storz_regulondb,0.16666666666666666,12,11,TTTAACTTGGCTTGCGACAT,1,50042
TSS_1414_storz_regulondb,0.8333333333333334,20,11,TTGTATACATTAGCATGCGT,9,40447
TSS_1414_storz_regulondb,0.75,19,11,TTGCAACGCACAGTGAGGGT,8,60261
TSS_1414_storz_regulondb,0.5,16,11,TTCTCGTGCATAGGTGTTTA,5,68264
TSS_1414_storz_regulondb,0.16666666666666666,12,11,TTCACGATTCCAGTCGAATC,1,47460
TSS_1414_storz_regulondb,0.5,16,11,TTCACAGTCTCCCTGGCCGG,5,19009
TSS_1414_storz_regulondb,0.16666666666666666,12,11,TTATGCATCATCCCACTAAC,1,77090
TSS_1414_storz_regulondb,0.25,13,11,TTAATATGTATCAACTACAG,2,2201
TSS_1414_storz_regulondb,0.25,13,11,TTAACTAGCATACTAACTGT,2,77973
TSS_1414_storz_regulondb,0.4166666666666667,15,11,TTAAAGGCAGACAGGGCCGT,4,71366
TSS_1414_storz_regulondb,0.16666666666666666,12,11,TGTCGCATTTCGTGTGGGGG,1,8780
TSS_1414_storz_regulondb,0.3333333333333333,14,11,TGTACTAGCTGAGCTCTTAG,3,32730
TSS_1414_storz_regulondb,0.25,13,11,TGGTCTCGTTGGCGCGAGGA,2,5267
TSS_1414_storz_regulondb,0.5,16,11,TGGGCCTAGTGAGAATACGC,5,2067
TSS_1414_storz_regulondb,0.3333333333333333,14,11,TGGCCGCGCAAAGGTCTTGG,3,63041
TSS_1414_storz_regulondb,0.16666666666666666,12,11,TGAGCACGCACCATTCCCCC,1,78773
TSS_1414_storz_regulondb,0.4166666666666667,15,11,TGAGATGCGCAGGCCTATGT,4,59782
TSS_1414_storz_regulondb,0.16666666666666666,12,11,TGAATATCGATTTCATCTTC,1,60527
TSS_1414_storz_regulondb,0.25,13,11,TGAAATCACCCTGAGGAATG,2,69625
TSS_1414_storz_regulondb,0.5833333333333334,17,11,TCTCCTCTGGCGCTATTTAA,6,34609
TSS_1414_storz_regulondb,0.6666666666666666,18,11,TCTAGCACATCCGGTATAAG,7,27605
TSS_1414_storz_regulondb,0.16666666666666666,12,11,TCGCGTTGCGTTTAGTGCCT,1,75175
TSS_1414_storz_regulondb,0.3333333333333333,14,11,TCGCCTCGGAAAACTGCCGA,3,17500
TSS_1414_storz_regulondb,0.25,13,11,TCGATTTAAGACGGAACGAC,2,44241
TSS_1414_storz_regulondb,1.0833333333333333,23,11,TCCTTTAACAATAGTATGTT,12,11021
TSS_1414_storz_regulondb,0.8333333333333334,20,11,TCATGGGCGTGAGGGGGGCA,9,617
TSS_1414_storz_regulondb,51.5,628,11,TCATCCGAAACACACGTCAC,617,10506
TSS_1414_storz_regulondb,58.5,712,11,TCATACCAGGCCCGGTAGGT,701,26183
TSS_1414_storz_regulondb,0.8333333333333334,20,11,TATTCTGTAATCTATACCCA,9,25007
TSS_1414_storz_regulondb,0.25,13,11,TATGGTTAGGCGAAATTCTG,2,30692
TSS_1414_storz_regulondb,0.16666666666666666,12,11,TATCTATGGCGCCAGTATCA,1,52259
TSS_1414_storz_regulondb,0.16666666666666666,12,11,TAGCGGCTTACCATCCGCCA,1,77730
TSS_1414_storz_regulondb,0.16666666666666666,12,11,TACTGAGGCGAGCAAGGCGG,1,8135
TSS_1414_storz_regulondb,0.25,13,11,TACGTCCCGTACCACGATAA,2,33425
TSS_1414_storz_regulondb,0.25,13,11,TACGGCTCACACTTATAGGG,2,17988
TSS_1414_storz_regulondb,0.16666666666666666,12,11,TACCAATCCGTCAGATTGCT,1,71584
TSS_1414_storz_regulondb,0.16666666666666666,12,11,TAAGGTTTCAATTAACTTGT,1,56011
TSS_1414_storz_regulondb,34.5,424,11,GTTTCAGTGGCGGTTAGATG,413,19909
TSS_1414_storz_regulondb,0.25,13,11,GTTCCGAGCAGAATCTCTCT,2,41903
TSS_1414_storz_regulondb,0.16666666666666666,12,11,GTGGAGAATAAGTGATGGCG,1,7243
TSS_1414_storz_regulondb,86.33333333333333,1046,11,GTGGACCAAACCGCGGAGTT,1035,23739
TSS_1414_storz_regulondb,0.16666666666666666,12,11,GTCGGATTAATGGCATTCAT,1,28533
TSS_1414_storz_regulondb,0.3333333333333333,14,11,GTCACAGTAGGTCAGGGAAC,3,58619
TSS_1414_storz_regulondb,73.25,889,11,GGTCTCCTGCTCAGAGTGGT,878,43157
TSS_1414_storz_regulondb,0.16666666666666666,12,11,GGGTTAGCGTTAGACCTCGG,1,45466
TSS_1414_storz_regulondb,0.16666666666666666,12,11,GGGTGTTTAAAAACTCCCTC,1,5834
TSS_1414_storz_regulondb,0.25,13,11,GGGACAGTAAAAGTAGAACA,2,60353
TSS_1414_storz_regulondb,1.25,25,11,GGCTCTGCCCGCCCGATGTG,14,27517
TSS_1414_storz_regulondb,28.083333333333332,347,11,GGCGTTGCATTATCGATCCT,336,63027
TSS_1414_storz_regulondb,0.16666666666666666,12,11,GGCCTTCTATAGAAGAGTGT,1,80329
TSS_1414_storz_regulondb,0.3333333333333333,14,11,GGATACCCTTTTTGGGCTCA,3,47464
TSS_1414_storz_regulondb,0.5833333333333334,17,11,GCTGTGTGCGTCTGGGCTAA,6,64520
TSS_1414_storz_regulondb,0.16666666666666666,12,11,GCTGATCTTACAACTAGGGA,1,55277
TSS_1414_storz_regulondb,0.3333333333333333,14,11,GCTAAATGCCTGAAAATTAC,3,12395
TSS_1414_storz_regulondb,0.16666666666666666,12,11,GCCTGCTAGGATGAATACCT,1,7268
TSS_1414_storz_regulondb,0.16666666666666666,12,11,GCATGATCATATACGATGGG,1,44546
TSS_1414_storz_regulondb,1.1666666666666667,24,11,GATTGCTAACCTGTAGACAG,13,65472
TSS_1414_storz_regulondb,8.416666666666666,111,11,GAGCTTATGTTCGTTACTCA,100,75037
TSS_1414_storz_regulondb,0.16666666666666666,12,11,GAGAAGGATTACTGGACAGA,1,78123
TSS_1414_storz_regulondb,0.4166666666666667,15,11,GACTGCCCTGCGACGGAGTA,4,62387
TSS_1414_storz_regulondb,0.16666666666666666,12,11,GACTCCGCACTCTTGTGAAG,1,5328
TSS_1414_storz_regulondb,0.5833333333333334,17,11,GAAGAGGGTCTTTTTGGGAT,6,66257
TSS_1414_storz_regulondb,0.6666666666666666,18,11,CTGGTCAGGCACTCGCGCAG,7,61083
TSS_1414_storz_regulondb,0.16666666666666666,12,11,CTGATAATACAGAGAACGGC,1,3018
TSS_1414_storz_regulondb,0.3333333333333333,14,11,CTCCGATTGCAGGCTACCTC,3,59676
TSS_1414_storz_regulondb,0.9166666666666666,21,11,CTCCCGCGCTTCTTTGGTTT,10,1213
TSS_1414_storz_regulondb,0.25,13,11,CTATCGCATATGGGCTAGGA,2,55478
TSS_1414_storz_regulondb,0.6666666666666666,18,11,CTAGTGTCAATGTAAAGACA,7,74438
TSS_1414_storz_regulondb,0.16666666666666666,12,11,CTACAGATGGAGGAGCTATT,1,5733
TSS_1414_storz_regulondb,0.5,16,11,CGTCTTTTTCCAGCCCGTGT,5,57406
TSS_1414_storz_regulondb,0.16666666666666666,12,11,CGGGTTAGCAGACGACTTGT,1,28041
TSS_1414_storz_regulondb,0.16666666666666666,12,11,CGGGGGTCCAGGCGGATGGA,1,18009
TSS_1414_storz_regulondb,0.16666666666666666,12,11,CGGGGCTGAGATTTTTAACT,1,59533
TSS_1414_storz_regulondb,0.5833333333333334,17,11,CGGGGCAATATGGCTAAGTG,6,12864
TSS_1414_storz_regulondb,0.16666666666666666,12,11,CGGAGAGTAGAGCGTCCTCC,1,18721
TSS_1414_storz_regulondb,0.16666666666666666,12,11,CGCCGACTGGCATCATACGC,1,62576
TSS_1414_storz_regulondb,0.16666666666666666,12,11,CGCCCACTGAACGCGACGCG,1,2545
TSS_1414_storz_regulondb,0.25,13,11,CGAGCCTTGCAGTCATCTTA,2,69133
TSS_1414_storz_regulondb,0.75,19,11,CGACAGATAGTGACTGAGGG,8,7237
TSS_1414_storz_regulondb,0.16666666666666666,12,11,CGACAATGTTGTTCAACAGC,1,54977
TSS_1414_storz_regulondb,0.16666666666666666,12,11,CCGTGAACTAATGTTATTGA,1,65000
TSS_1414_storz_regulondb,0.16666666666666666,12,11,CCCTCAGAATAGGTGAGGGG,1,67372
TSS_1414_storz_regulondb,0.16666666666666666,12,11,CCCGACTCAACGACTATTCT,1,71193
TSS_1414_storz_regulondb,0.16666666666666666,12,11,CCCATGTACCTCATGTTGGA,1,44566
TSS_1414_storz_regulondb,0.3333333333333333,14,11,CCATCGGGCTGCTCTAGGAA,3,35262
TSS_1414_storz_regulondb,0.4166666666666667,15,11,CCAGACCGAGCATCTCAACT,4,7898
TSS_1414_storz_regulondb,5.583333333333333,77,11,CCACCGCGTTTAGATCGAAC,66,81047
TSS_1414_storz_regulondb,0.16666666666666666,12,11,CCACAATACCACGTGATTGG,1,36507
TSS_1414_storz_regulondb,0.5,16,11,CATAGACTTTATTATTTGAT,5,6707
TSS_1414_storz_regulondb,0.16666666666666666,12,11,CATAATTAGTTATAGCCGAT,1,63963
TSS_1414_storz_regulondb,0.5,16,11,CAGTCAGAAATTCCGCCAAC,5,21207
TSS_1414_storz_regulondb,0.16666666666666666,12,11,CAGTAGGGGCTGCTCTCCCA,1,74524
TSS_1414_storz_regulondb,0.16666666666666666,12,11,CAGCGGTTACATGGGAGTCA,1,29175
TSS_1414_storz_regulondb,0.16666666666666666,12,11,CAGAATGGTCAAATATAGAA,1,58616
TSS_1414_storz_regulondb,0.3333333333333333,14,11,CACTCTGGTCATGTCGCTGG,3,34796
TSS_1414_storz_regulondb,0.16666666666666666,12,11,CACAGGTACTGAAGGGAGCG,1,45673
TSS_1414_storz_regulondb,0.16666666666666666,12,11,CAACGTGGAGACGCTTTGAG,1,13681
TSS_1414_storz_regulondb,0.6666666666666666,18,11,CAACAGACCCGTTCGTAAAA,7,56449
TSS_1414_storz_regulondb,0.16666666666666666,12,11,CAAATCACCTCCAAAGGGCT,1,81121
TSS_1414_storz_regulondb,0.3333333333333333,14,11,ATTTATCCCTGCATCGAGAC,3,22173
TSS_1414_storz_regulondb,0.16666666666666666,12,11,ATTAGGTCTAAATACCTCCA,1,7461
TSS_1414_storz_regulondb,0.16666666666666666,12,11,ATGGCCAACACCAGCTGAGG,1,62951
TSS_1414_storz_regulondb,0.25,13,11,ATGGAGTCCTGAGTCATAGC,2,25147
TSS_1414_storz_regulondb,0.16666666666666666,12,11,ATATCGTGCCCATTTCTGTA,1,31696
TSS_1414_storz_regulondb,0.3333333333333333,14,11,ATAGCTGATACAGCGTTCGT,3,78110
TSS_1414_storz_regulondb,0.16666666666666666,12,11,ATACTTTGCCGTGTACGACT,1,66476
TSS_1414_storz_regulondb,3.3333333333333335,50,11,ATACTGCGGGTCCACACAGA,39,38472
TSS_1414_storz_regulondb,0.16666666666666666,12,11,ATACAACCCCGGGGGTCTGA,1,65592
TSS_1414_storz_regulondb,0.5,16,11,ATAAAACAGGATCGAGATAA,5,37765
TSS_1414_storz_regulondb,0.25,13,11,AGTAGACTTCGGCGGATGCG,2,38127
TSS_1414_storz_regulondb,0.16666666666666666,12,11,AGGTTGACGATCCACATTAC,1,32464
TSS_1414_storz_regulondb,0.25,13,11,AGGTGGCACCGGTAGCGGGT,2,28014
TSS_1414_storz_regulondb,1.1666666666666667,24,11,AGGTGCACTTTGAGCGACAA,13,28744
TSS_1414_storz_regulondb,0.25,13,11,AGGTCGCACGTATCGGCTGT,2,80211
TSS_1414_storz_regulondb,0.6666666666666666,18,11,AGGTCCCGTCAGCCACCAAA,7,75566
TSS_1414_storz_regulondb,0.5833333333333334,17,11,AGGCAGCTTTCTTGATTCAT,6,38479
TSS_1414_storz_regulondb,0.25,13,11,AGGAGTATAGAGCTTGAGTA,2,859
TSS_1414_storz_regulondb,0.16666666666666666,12,11,AGCGCATGCACTCCGATTTA,1,45098
TSS_1414_storz_regulondb,0.16666666666666666,12,11,AGATCGTATCGTCGTTTTAA,1,47381
TSS_1414_storz_regulondb,0.16666666666666666,12,11,ACTGGGCGATCCTGGCGTGA,1,31100
TSS_1414_storz_regulondb,0.25,13,11,ACTCAGGGCGTCCAAACGAG,2,16845
TSS_1414_storz_regulondb,0.16666666666666666,12,11,ACGTGGACCGGTCCTGGCTA,1,62561
TSS_1414_storz_regulondb,1.0833333333333333,23,11,ACGAGTTAAGGTAATCCAGA,12,7847
TSS_1414_storz_regulondb,0.16666666666666666,12,11,ACCAGGGGTGACCCTATACA,1,57888
TSS_1414_storz_regulondb,0.25,13,11,ACATTTTGACCCATACCTTA,2,33803
TSS_1414_storz_regulondb,0.5,16,11,AATTCACCGGTATGAAATGG,5,41737
TSS_1414_storz_regulondb,0.16666666666666666,12,11,AATGCTTCATCGACATATCC,1,69452
TSS_1414_storz_regulondb,0.3333333333333333,14,11,AATGAGTTCCGGGGGAGCTC,3,44172
TSS_1414_storz_regulondb,0.16666666666666666,12,11,AATCACCGTTGGGTCCCGAT,1,55719
TSS_1414_storz_regulondb,0.16666666666666666,12,11,AAGGTGCGTTGCATTGTACT,1,39233
TSS_1414_storz_regulondb,0.5,16,11,AAGCCGCCGCATCCGATGAT,5,68823
TSS_1414_storz_regulondb,0.16666666666666666,12,11,AACGCCTAATCGCACTCACT,1,31847
TSS_1414_storz_regulondb,0.25,13,11,AACCCACGGGTCAAGACAGT,2,23880
TSS_1414_storz_regulondb,0.25,13,11,AAATCGTAGATTCATCGTTG,2,36178
TSS_1414_storz_regulondb,0.5833333333333334,17,11,AAATAATGTTAATCGACACA,6,7866
TSS_1414_storz_regulondb,0.16666666666666666,12,11,AAAGCTTGTGGTATAGTTGC,1,76172
TSS_1414_storz_regulondb,0.18181818181818182,11,10,TTGTTCATATAGGTAATGAA,1,59733
TSS_1414_storz_regulondb,0.6363636363636364,16,10,TTGGGGCTATTATTGTTTTG,6,37457
TSS_1414_storz_regulondb,0.36363636363636365,13,10,TTGCAGTGACAGGTCCACCC,3,1596
TSS_1414_storz_regulondb,0.18181818181818182,11,10,TTGACACCGATACATGTCGC,1,77555
TSS_1414_storz_regulondb,81.72727272727273,908,10,TTCTCCCTCTCCAGCTTCCG,898,49922
TSS_1414_storz_regulondb,20.09090909090909,230,10,TTCCCAAGGCATCCGGCTGT,220,23782
TSS_1414_storz_regulondb,0.5454545454545454,15,10,TTAAAAGGACATCGAAAATT,5,21477
TSS_1414_storz_regulondb,0.18181818181818182,11,10,TGTGATAATACGTGCACGGC,1,44670
TSS_1414_storz_regulondb,0.18181818181818182,11,10,TGTCTAGGCCCTGTAGCGAT,1,10614
TSS_1414_storz_regulondb,0.2727272727272727,12,10,TGTCCAGGTTCGAGGGTTTC,2,44536
TSS_1414_storz_regulondb,0.6363636363636364,16,10,TGTACGTCACGGGTACCAAA,6,31544
TSS_1414_storz_regulondb,0.6363636363636364,16,10,TGGCTGATCATCGCTACCAG,6,72814
TSS_1414_storz_regulondb,0.2727272727272727,12,10,TGGATGCACCAGTCGGAGGT,2,23137
TSS_1414_storz_regulondb,0.5454545454545454,15,10,TGCGGCATCAAAATGAACTG,5,16846
TSS_1414_storz_regulondb,0.18181818181818182,11,10,TGCCATCCCCTGCACTATGC,1,14717
TSS_1414_storz_regulondb,0.2727272727272727,12,10,TGCAAGTACAGATAGCCTAA,2,79090
TSS_1414_storz_regulondb,0.18181818181818182,11,10,TGAGATCTGGTTGTAATACT,1,31252
TSS_1414_storz_regulondb,0.2727272727272727,12,10,TGACAACGGCTCACAGCGGA,2,44272
TSS_1414_storz_regulondb,0.2727272727272727,12,10,TCTGAACTACTGCCTGCATG,2,37450
TSS_1414_storz_regulondb,0.6363636363636364,16,10,TCTCGTGTTGCGCATGTTCT,6,31662
TSS_1414_storz_regulondb,22.90909090909091,261,10,TCTCACGCAGGCCCCACGAG,251,65206
TSS_1414_storz_regulondb,0.45454545454545453,14,10,TCTACTCGGGATTGCATACG,4,10272
TSS_1414_storz_regulondb,0.2727272727272727,12,10,TCTAAGCCAGATTAGGGCTC,2,14807
TSS_1414_storz_regulondb,0.18181818181818182,11,10,TCGCTACTGTCTGTCTCACA,1,23682
TSS_1414_storz_regulondb,0.18181818181818182,11,10,TCGATCCACAATCTGGACTG,1,9566
TSS_1414_storz_regulondb,0.18181818181818182,11,10,TCCTAATGCCACAAGCGATT,1,382
TSS_1414_storz_regulondb,0.45454545454545453,14,10,TCCGGTCATTTGGTTACATA,4,36032
TSS_1414_storz_regulondb,53.63636363636363,599,10,TCCCACAATGAATGCTGAGA,589,25025
TSS_1414_storz_regulondb,0.18181818181818182,11,10,TCATCGTCAGTTAATTAGTT,1,35997
TSS_1414_storz_regulondb,0.18181818181818182,11,10,TCAGACCCATACAACCGTAA,1,18319
TSS_1414_storz_regulondb,0.18181818181818182,11,10,TCACAGGTCATCCTCGTGGG,1,17603
TSS_1414_storz_regulondb,0.6363636363636364,16,10,TATTTTGAATCGGGGCCTCG,6,5525
TSS_1414_storz_regulondb,0.18181818181818182,11,10,TATCATGCTGTCAACTCATT,1,4730
TSS_1414_storz_regulondb,155.9090909090909,1724,10,TATATCCTCATGCTTAATCT,1714,69056
TSS_1414_storz_regulondb,19.0,218,10,TACTTTCGAAGGGGCTTATT,208,51008
TSS_1414_storz_regulondb,0.18181818181818182,11,10,TACTTGATGGTAAGATCGCG,1,31857
TSS_1414_storz_regulondb,0.5454545454545454,15,10,TACTGGTCACTCCAGAGTAG,5,32960
TSS_1414_storz_regulondb,0.18181818181818182,11,10,TACCTAGTTAATAAAATTTC,1,32991
TSS_1414_storz_regulondb,0.36363636363636365,13,10,TACACTCGCTGCATGGAGTA,3,20958
TSS_1414_storz_regulondb,0.18181818181818182,11,10,GTTTCATAAGTGGTTTCAAG,1,1659
TSS_1414_storz_regulondb,0.18181818181818182,11,10,GTTTAACATAGCCGGTTAGT,1,65680
TSS_1414_storz_regulondb,0.45454545454545453,14,10,GTGGAGTAATAAACGAGCGA,4,56491
TSS_1414_storz_regulondb,0.18181818181818182,11,10,GTCGTTGCTGAAGCTCTCGT,1,6952
TSS_1414_storz_regulondb,0.2727272727272727,12,10,GTCCAACGGACAGATAGCGC,2,14530
TSS_1414_storz_regulondb,0.36363636363636365,13,10,GTATGCTTTGGGGGCCAAAT,3,48082
TSS_1414_storz_regulondb,0.45454545454545453,14,10,GTAGAAGTCCGATCTGGGTG,4,62734
TSS_1414_storz_regulondb,1.0909090909090908,21,10,GTACTCTAGTTGCTCACCTG,11,80422
TSS_1414_storz_regulondb,0.18181818181818182,11,10,GTACGCATGCATGGTATGAC,1,66922
TSS_1414_storz_regulondb,11.272727272727273,133,10,GTAAATTTGTACTAGGGGTC,123,40880
TSS_1414_storz_regulondb,0.6363636363636364,16,10,GTAAATTTCCTAGGCCCGAA,6,62611
TSS_1414_storz_regulondb,0.36363636363636365,13,10,GGTACCTACGAAGTGCATTG,3,51013
TSS_1414_storz_regulondb,0.18181818181818182,11,10,GGTAAGAACGTCGGGGCGTT,1,45001
TSS_1414_storz_regulondb,0.45454545454545453,14,10,GGGTTTCGGCCCAGTGGATA,4,67368
TSS_1414_storz_regulondb,0.36363636363636365,13,10,GGGTGTCCTCCGCCACTGTA,3,24956
TSS_1414_storz_regulondb,0.18181818181818182,11,10,GGATGCCTAAGCTAAGCTAG,1,77830
TSS_1414_storz_regulondb,0.18181818181818182,11,10,GGACCTTCCCGACTAACAGT,1,25324
TSS_1414_storz_regulondb,0.18181818181818182,11,10,GGACAATCGGATATGGATTA,1,37044
TSS_1414_storz_regulondb,0.18181818181818182,11,10,GCTCGGGGTCCCCCTGCCCG,1,45117
TSS_1414_storz_regulondb,0.7272727272727273,17,10,GCGGATGTAGGCGTCAAAAT,7,52799
TSS_1414_storz_regulondb,0.18181818181818182,11,10,GCCTTGATCCTCTAGACGTC,1,60672
TSS_1414_storz_regulondb,0.18181818181818182,11,10,GCCATCCGTTAAAGCCAATG,1,8130
TSS_1414_storz_regulondb,0.5454545454545454,15,10,GCCAAAGTGCGAGCAGACAA,5,13003
TSS_1414_storz_regulondb,0.2727272727272727,12,10,GCATTGTGTCACATCGAGAC,2,7753
TSS_1414_storz_regulondb,0.18181818181818182,11,10,GCATGCTGTATACACTGCCA,1,10190
TSS_1414_storz_regulondb,0.18181818181818182,11,10,GCAGGTCTGTGTGAGGGATA,1,35452
TSS_1414_storz_regulondb,0.36363636363636365,13,10,GATTAATGTAAACCTGAATA,3,32577
TSS_1414_storz_regulondb,0.18181818181818182,11,10,GATGCGGGCCAAGAACTTTG,1,17696
TSS_1414_storz_regulondb,0.6363636363636364,16,10,GATCACGTATGGCCATATGT,6,29772
TSS_1414_storz_regulondb,30.545454545454547,345,10,GAGTGAATTGGTAAGTCGGA,335,39008
TSS_1414_storz_regulondb,0.18181818181818182,11,10,GAGCGAGGCTAGCCTTCAAA,1,79625
TSS_1414_storz_regulondb,0.9090909090909091,19,10,GAGCATATCCAGGTGAGTAG,9,5805
TSS_1414_storz_regulondb,0.2727272727272727,12,10,GACGTCTACCATGAACTGCA,2,50418
TSS_1414_storz_regulondb,0.18181818181818182,11,10,GACCCGCCAACGGGCAAGTC,1,79043
TSS_1414_storz_regulondb,1.2727272727272727,23,10,GAATTCTTGACATTTATGCA,13,7930
TSS_1414_storz_regulondb,0.18181818181818182,11,10,GAAGCCCTAGGCTACGCTAC,1,62163
TSS_1414_storz_regulondb,0.18181818181818182,11,10,GAACAACTACTTTAAAGTCT,1,291
TSS_1414_storz_regulondb,0.18181818181818182,11,10,CTTTCTGGATTCCCTTGGTG,1,25872
TSS_1414_storz_regulondb,0.8181818181818182,18,10,CTTGTAGGTTTATTTACCGT,8,27826
TSS_1414_storz_regulondb,0.18181818181818182,11,10,CTTCGCCCGGACAGTCTGTC,1,32706
TSS_1414_storz_regulondb,0.5454545454545454,15,10,CTGTTACGGGTGGGCAGATA,5,21410
TSS_1414_storz_regulondb,0.18181818181818182,11,10,CTGGGATCCAGAGAGATGTT,1,10969
TSS_1414_storz_regulondb,0.2727272727272727,12,10,CTGCGAACCGCATTCTAGAA,2,67664
TSS_1414_storz_regulondb,0.18181818181818182,11,10,CTGACTCTGGGAACGCACAT,1,77089
TSS_1414_storz_regulondb,0.45454545454545453,14,10,CTGAAAGTGCGTTCTCCGTA,4,69502
TSS_1414_storz_regulondb,0.45454545454545453,14,10,CTCGGAACTCTGACAGGGTA,4,29819
TSS_1414_storz_regulondb,0.18181818181818182,11,10,CTATGCAGAGTGGCCTGAAA,1,5454
TSS_1414_storz_regulondb,0.18181818181818182,11,10,CTATACCACCTTTTTCATTA,1,50941
TSS_1414_storz_regulondb,0.18181818181818182,11,10,CTAGACGTAAGATATCCACC,1,40086
TSS_1414_storz_regulondb,54.09090909090909,604,10,CGTTTCAGTCTTATTGCGCC,594,79652
TSS_1414_storz_regulondb,0.36363636363636365,13,10,CGTCACCTCTGGTTGGGGTG,3,62059
TSS_1414_storz_regulondb,0.18181818181818182,11,10,CGCCTCCTGACTGTTATCGT,1,68844
TSS_1414_storz_regulondb,0.2727272727272727,12,10,CGAATCCCGCAGCTCGTACG,2,6412
TSS_1414_storz_regulondb,0.45454545454545453,14,10,CCTGGGGACCATGAGTTTGA,4,12535
TSS_1414_storz_regulondb,0.18181818181818182,11,10,CCTGAGTTTGTAAGGGGGGA,1,3901
TSS_1414_storz_regulondb,0.5454545454545454,15,10,CCTAGCTTAGACGAAAAACT,5,12601
TSS_1414_storz_regulondb,1.0,20,10,CCGGTTTCTGGGTTCCACCT,10,14054
TSS_1414_storz_regulondb,0.18181818181818182,11,10,CATGTGCCGCGCGTGCCAGG,1,51354
TSS_1414_storz_regulondb,0.2727272727272727,12,10,CATGGCGTTCCCTACCCGCG,2,38142
TSS_1414_storz_regulondb,0.36363636363636365,13,10,CATCAAGTCGCCAATCCATG,3,7304
TSS_1414_storz_regulondb,0.18181818181818182,11,10,CATATGAGAGATGCGCAGAC,1,75862
TSS_1414_storz_regulondb,0.18181818181818182,11,10,CAGACTGGGGCACACATGAG,1,76454
TSS_1414_storz_regulondb,42.45454545454545,476,10,CACCATACGGAGAGTGAAAG,466,77230
TSS_1414_storz_regulondb,0.2727272727272727,12,10,CAATACGGCCTCCTCGACCG,2,50097
TSS_1414_storz_regulondb,0.18181818181818182,11,10,ATTGCCTAGGATAAGATGCT,1,7514
TSS_1414_storz_regulondb,0.36363636363636365,13,10,ATTAATGAGGCAGCGTTCGA,3,27456
TSS_1414_storz_regulondb,0.5454545454545454,15,10,ATGTAAAGCATGGGTAACAC,5,27301
TSS_1414_storz_regulondb,0.45454545454545453,14,10,ATGCATAAATCCACCCATCA,4,35055
TSS_1414_storz_regulondb,0.45454545454545453,14,10,ATCTGAGACGGGTGCCAGGT,4,65322
TSS_1414_storz_regulondb,0.2727272727272727,12,10,ATCGCTCGTAAAAATCCCGG,2,3899
TSS_1414_storz_regulondb,1.3636363636363635,24,10,AGTTGACTCACGCTAACCGT,14,47873
TSS_1414_storz_regulondb,74.36363636363636,827,10,AGGGGACCAGGTCTGCGTCA,817,72890
TSS_1414_storz_regulondb,2.909090909090909,41,10,AGGCACATCTGGTCGGATAT,31,7902
TSS_1414_storz_regulondb,0.9090909090909091,19,10,AGGACCCTGTACTTAACACA,9,49808
TSS_1414_storz_regulondb,0.45454545454545453,14,10,AGCGTAATCTAGAATACTCA,4,74181
TSS_1414_storz_regulondb,0.7272727272727273,17,10,AGCGTAAGACATAGAATCCA,7,35171
TSS_1414_storz_regulondb,11.0,130,10,AGCCTATACTAATACCGATT,120,16739
TSS_1414_storz_regulondb,0.5454545454545454,15,10,AGCCCTCAGGCATTGGTCAC,5,11385
TSS_1414_storz_regulondb,65.81818181818181,733,10,AGCATTGGCCAGAAGGACTC,723,52142
TSS_1414_storz_regulondb,21.545454545454547,246,10,AGAAAGTAGAGTAGGGCCGT,236,13543
TSS_1414_storz_regulondb,0.18181818181818182,11,10,ACGCGGCCTTGAGGTATATG,1,16403
TSS_1414_storz_regulondb,0.18181818181818182,11,10,ACCGTCGGCGTCGAAATACC,1,15633
TSS_1414_storz_regulondb,0.18181818181818182,11,10,ACCGCACTCGCCACTTATTG,1,36600
TSS_1414_storz_regulondb,21.363636363636363,244,10,ACCCCTATGGTTTACGTCAG,234,35925
TSS_1414_storz_regulondb,0.18181818181818182,11,10,ACCACGAGGAGGAGTAGCCC,1,4861
TSS_1414_storz_regulondb,0.36363636363636365,13,10,ACAGGGCTAAATACGGGACG,3,63384
TSS_1414_storz_regulondb,0.36363636363636365,13,10,ACACCAGTTCTTTTACATTC,3,66559
TSS_1414_storz_regulondb,0.45454545454545453,14,10,AATTATGTACCATTTTTATC,4,3436
TSS_1414_storz_regulondb,0.9090909090909091,19,10,AAGTGGCGCTTAGTTTTCCT,9,5276
TSS_1414_storz_regulondb,0.36363636363636365,13,10,AAGCAGCTCATTCAAGTTAG,3,80027
TSS_1414_storz_regulondb,0.36363636363636365,13,10,AAGAGCTCTTAAATCAGATC,3,12053
TSS_1414_storz_regulondb,0.2727272727272727,12,10,AACCATGAGCCATGTTAGCG,2,74399
TSS_1414_storz_regulondb,0.45454545454545453,14,10,AACAAAGTCGCGGGTAGGGG,4,23670
TSS_1414_storz_regulondb,0.18181818181818182,11,10,AAATTGCGGAAAGCCCCCGA,1,41680
TSS_1414_storz_regulondb,0.18181818181818182,11,10,AAATGTTCACGCGCGGCCCC,1,2473
TSS_1414_storz_regulondb,0.18181818181818182,11,10,AAATAACCCACGTGTCCCAT,1,67041
TSS_1414_storz_regulondb,0.9090909090909091,19,10,AAACGCTTATGGCGCTCCGA,9,9668
TSS_1414_storz_regulondb,0.18181818181818182,11,10,AAACATCAAAGTCTGAAAAG,1,64876
TSS_1414_storz_regulondb,0.18181818181818182,11,10,AAAATCCTGGTAAAGTAACT,1,38149
TSS_1414_storz_regulondb,33.8,346,9,TTTGCCTCATACTTATCATA,337,37433
TSS_1414_storz_regulondb,0.2,10,9,TTTCTTCCATCGCAGCGAAA,1,55686
TSS_1414_storz_regulondb,0.8,16,9,TTGTGTGCCAGCGGTGTCTT,7,45112
TSS_1414_storz_regulondb,0.2,10,9,TTGCTACCACTCCACAACCA,1,69827
TSS_1414_storz_regulondb,0.2,10,9,TTCTCACCTATGTTGAATTA,1,62488
TSS_1414_storz_regulondb,0.2,10,9,TTCGTGAAAAACCTTCTAGA,1,16122
TSS_1414_storz_regulondb,0.2,10,9,TTCCTTACATCGCTTGTCCA,1,63489
TSS_1414_storz_regulondb,0.2,10,9,TTCCTCGAGGACCAAAAGTG,1,5102
TSS_1414_storz_regulondb,0.2,10,9,TTATATACCACGCTAAACGG,1,16469
TSS_1414_storz_regulondb,0.3,11,9,TTATAATGAGTTGTTCCTTT,2,73739
TSS_1414_storz_regulondb,0.2,10,9,TTAGAGTGTTGAACGTATTT,1,33992
TSS_1414_storz_regulondb,0.4,12,9,TTACAAAATCGAAGGCCAGC,3,32656
TSS_1414_storz_regulondb,0.3,11,9,TTAAACCTGGAGGGGGGGCG,2,45425
TSS_1414_storz_regulondb,0.2,10,9,TGTTTCTATCTTTAGCGGAT,1,59010
TSS_1414_storz_regulondb,0.2,10,9,TGTTTACGAATCAGCCCTCC,1,58126
TSS_1414_storz_regulondb,0.2,10,9,TGTGCGATGTGGGTTGCTAC,1,45735
TSS_1414_storz_regulondb,0.4,12,9,TGTGATCGCATGTCAGGTGA,3,15292
TSS_1414_storz_regulondb,0.3,11,9,TGTCAAACGACACTGGAGTA,2,73645
TSS_1414_storz_regulondb,1.0,18,9,TGGTGAGAGTCCGCATATTG,9,47547
TSS_1414_storz_regulondb,0.2,10,9,TGGCGTGACAAGTGAGGACA,1,51939
TSS_1414_storz_regulondb,0.2,10,9,TGCTTATTATTGATCACTTT,1,66418
TSS_1414_storz_regulondb,0.2,10,9,TGCTGGTTGATCGGTCTTTT,1,48419
TSS_1414_storz_regulondb,0.4,12,9,TGCTCTCACATCCTTGGGTC,3,70965
TSS_1414_storz_regulondb,0.2,10,9,TGCGTCGTATCGATCTCAGT,1,51719
TSS_1414_storz_regulondb,0.5,13,9,TGAGCGTGTAGAAGGATGCA,4,55413
TSS_1414_storz_regulondb,0.4,12,9,TCTGCTGAAGTGGCGACCTC,3,14313
TSS_1414_storz_regulondb,0.5,13,9,TCTGCACAGGATGTTCGAAC,4,17492
TSS_1414_storz_regulondb,1.3,21,9,TCTAGGCAGCAGTCGAATTA,12,58614
TSS_1414_storz_regulondb,0.3,11,9,TCGCGACCTCAGTGCCCAAT,2,25397
TSS_1414_storz_regulondb,0.2,10,9,TCCTTCTCCTATGAACATTG,1,41586
TSS_1414_storz_regulondb,0.8,16,9,TCCCGAGTGATCACGTGTTA,7,63640
TSS_1414_storz_regulondb,0.4,12,9,TCCAACCAAGGCAAGCCCAA,3,48651
TSS_1414_storz_regulondb,0.2,10,9,TCAGCCTGGTTCGGTGCAGT,1,21147
TSS_1414_storz_regulondb,0.2,10,9,TATTGTAACTATAGATTCTC,1,47102
TSS_1414_storz_regulondb,0.4,12,9,TATTAGAGAGTGGATTTACC,3,15599
TSS_1414_storz_regulondb,0.4,12,9,TATTACGGTCGATTGGCAGT,3,230
TSS_1414_storz_regulondb,0.2,10,9,TATGGTACCGGGCTTGGGAA,1,34673
TSS_1414_storz_regulondb,0.2,10,9,TATCTCTATCCCTTGGGAGC,1,41607
TSS_1414_storz_regulondb,0.5,13,9,TATACATGACCAAAGACACG,4,33146
TSS_1414_storz_regulondb,0.2,10,9,TAGATTACGACTGTACGACT,1,36001
TSS_1414_storz_regulondb,0.2,10,9,TAGAGCGATTTACACAGTGA,1,12286
TSS_1414_storz_regulondb,0.2,10,9,TAATATAATACAAGTTCCGA,1,25186
TSS_1414_storz_regulondb,0.2,10,9,TAACCGCGATTATCGTAATT,1,39948
TSS_1414_storz_regulondb,0.2,10,9,TAACCGAACATACAGGGGAG,1,39256
TSS_1414_storz_regulondb,0.5,13,9,TAAAGTTCCCCACCATCCAC,4,11728
TSS_1414_storz_regulondb,0.2,10,9,GTTTGCCTGGCCTATCTCCT,1,54815
TSS_1414_storz_regulondb,0.4,12,9,GTTATTTAAATTGGAGAGGG,3,34538
TSS_1414_storz_regulondb,0.4,12,9,GTGCGTTAAAGCTCAAGGTT,3,70975
TSS_1414_storz_regulondb,0.5,13,9,GTGAGCGATGCTGGAGAACA,4,44803
TSS_1414_storz_regulondb,0.2,10,9,GTCTCACGTTTTTTTCCTAT,1,71274
TSS_1414_storz_regulondb,0.6,14,9,GTCGCGGGCTTGCCTCGTGA,5,46570
TSS_1414_storz_regulondb,0.2,10,9,GTCCGGAACCAAGATGAGGC,1,16536
TSS_1414_storz_regulondb,136.2,1370,9,GTATCTGTCTTTTAACGTTC,1361,29471
TSS_1414_storz_regulondb,0.2,10,9,GTAGAAAACATAAAGCACAT,1,40879
TSS_1414_storz_regulondb,0.2,10,9,GTAAAAGAAAGATGGGTAGG,1,41198
TSS_1414_storz_regulondb,0.7,15,9,GGGTAGGACCTAGATCTTGA,6,17926
TSS_1414_storz_regulondb,0.2,10,9,GGCTGACCACTGGAACACTG,1,916
TSS_1414_storz_regulondb,0.2,10,9,GGATAAAGGAGACGAGCTTA,1,44370
TSS_1414_storz_regulondb,0.7,15,9,GGACTGCTCGCGAGTATCGA,6,67383
TSS_1414_storz_regulondb,0.4,12,9,GGACATGCTCAGAGAGCCTG,3,49344
TSS_1414_storz_regulondb,0.6,14,9,GCTTTTGGTGTTGGCATTGG,5,80042
TSS_1414_storz_regulondb,0.5,13,9,GCTGTGCACGCTTTAGGCAA,4,53146
TSS_1414_storz_regulondb,0.7,15,9,GCTACGGTGCCCTTGATAGA,6,66366
TSS_1414_storz_regulondb,70.8,716,9,GCGCGTGACCCATCGGCTAT,707,13330
TSS_1414_storz_regulondb,0.3,11,9,GCATTACACATATACACCCT,2,1032
TSS_1414_storz_regulondb,0.2,10,9,GATTGGTGAACAAGTACCTT,1,40657
TSS_1414_storz_regulondb,0.2,10,9,GATCATCGCTCCCAGAGTGA,1,8111
TSS_1414_storz_regulondb,2.0,28,9,GATAGCTCGGGGGAGGGAGT,19,52986
TSS_1414_storz_regulondb,73.8,746,9,GAGTAGTCTTCATCGCATGT,737,61939
TSS_1414_storz_regulondb,0.5,13,9,GAGGAAGAGATCCGGAGCGC,4,27678
TSS_1414_storz_regulondb,0.8,16,9,GAGAAAAGCACAGTTCTTAA,7,4051
TSS_1414_storz_regulondb,0.4,12,9,GACTATGTGTGAGGTGGTGT,3,64938
TSS_1414_storz_regulondb,1.0,18,9,GACGGACTGGGCAGAACGAG,9,18783
TSS_1414_storz_regulondb,0.2,10,9,GACCTGTTGGGGCTCACGCA,1,23422
TSS_1414_storz_regulondb,0.2,10,9,GACCTCATTCTTATCCCAGG,1,51780
TSS_1414_storz_regulondb,0.2,10,9,GAAAGCCTGGGCATAAGGCG,1,50463
TSS_1414_storz_regulondb,0.6,14,9,CTTTAATAAATGTCGGTGCT,5,14584
TSS_1414_storz_regulondb,0.2,10,9,CTTGGATACTAGCTCTTGGT,1,62942
TSS_1414_storz_regulondb,8.0,88,9,CTTCGTATGGAGCTTGACCG,79,41139
TSS_1414_storz_regulondb,0.2,10,9,CTGTCTCCGGTTACCGATGG,1,34838
TSS_1414_storz_regulondb,0.2,10,9,CTGCTTCTGTCGTCGTCGGT,1,56201
TSS_1414_storz_regulondb,0.2,10,9,CTCCCGTACAGTACCTCAGG,1,23049
TSS_1414_storz_regulondb,0.4,12,9,CTCAGTTCAAGGCTTGTCCG,3,15093
TSS_1414_storz_regulondb,0.3,11,9,CTCACAAAGTTCACACGGTA,2,53366
TSS_1414_storz_regulondb,0.4,12,9,CTATACATCAGGAAACCGAG,3,16358
TSS_1414_storz_regulondb,1.3,21,9,CTAATACCGATTCTGCGGCT,12,75007
TSS_1414_storz_regulondb,0.5,13,9,CTAAGACCAGTTAGGATTTA,4,52774
TSS_1414_storz_regulondb,0.4,12,9,CGTGATCACTCCCGAGCTCT,3,48384
TSS_1414_storz_regulondb,104.8,1056,9,CGTCAGTTCCCAGCGGATGA,1047,73066
TSS_1414_storz_regulondb,0.2,10,9,CGGTAACACGGTGGTCACAG,1,31250
TSS_1414_storz_regulondb,0.2,10,9,CGGCTGAGGCGTGGCCCCTG,1,50216
TSS_1414_storz_regulondb,1.2,20,9,CGGATTATATCTAATTCGTG,11,27306
TSS_1414_storz_regulondb,0.3,11,9,CGGACAATGTGCTTAAGTTG,2,17836
TSS_1414_storz_regulondb,5.9,67,9,CGCTGAACCTTTCCACTAGC,58,59898
TSS_1414_storz_regulondb,0.7,15,9,CGCTAACAATGTTTGGTGCA,6,17647
TSS_1414_storz_regulondb,0.3,11,9,CGCGTGTTCCGCAGCCAAGT,2,38417
TSS_1414_storz_regulondb,0.3,11,9,CGCGTACGGCCCCGATATCA,2,72607
TSS_1414_storz_regulondb,14.9,157,9,CGATTCTCAGACGTTGGATG,148,71989
TSS_1414_storz_regulondb,0.2,10,9,CGATGCCGAGTAAACGACCT,1,28055
TSS_1414_storz_regulondb,0.2,10,9,CGAGAAGACTCTTCCTGGGT,1,8849
TSS_1414_storz_regulondb,0.4,12,9,CGACCCGGCATAGTTAAGAC,3,56194
TSS_1414_storz_regulondb,0.2,10,9,CCTGCACCTCGTGTGTACAA,1,52527
TSS_1414_storz_regulondb,0.6,14,9,CCTGATACATACATATGGAC,5,75243
TSS_1414_storz_regulondb,1.1,19,9,CCTAAGCGGACACGGCCCTA,10,57972
TSS_1414_storz_regulondb,96.8,976,9,CCGTCGGGACAACCATAGGT,967,63143
TSS_1414_storz_regulondb,0.6,14,9,CCATGCGATCTCGGTATCAA,5,50003
TSS_1414_storz_regulondb,0.3,11,9,CCATCTGGGGGGCCTTGACC,2,67112
TSS_1414_storz_regulondb,0.5,13,9,CCAGTGTTGCTGAAATACCA,4,43182
TSS_1414_storz_regulondb,0.2,10,9,CCAAAAACTAAGGTTTAAAA,1,10366
TSS_1414_storz_regulondb,0.2,10,9,CATTTCCCAATGATCGGGGC,1,30803
TSS_1414_storz_regulondb,0.3,11,9,CATTTCACTAAATTTTGATG,2,13937
TSS_1414_storz_regulondb,0.2,10,9,CATCAAGGCATTTTCTAACC,1,10226
TSS_1414_storz_regulondb,0.2,10,9,CAGGTCCCTTTACCACCGGG,1,24456
TSS_1414_storz_regulondb,0.5,13,9,CAGCGCTATGCGCATTAAGT,4,50253
TSS_1414_storz_regulondb,0.2,10,9,CAGCCGTTTCGGCCAGTGCT,1,47224
TSS_1414_storz_regulondb,0.2,10,9,CACTCTGAAGTACATAAGTG,1,64354
TSS_1414_storz_regulondb,0.2,10,9,CAACTGTATGGGGATACTAT,1,22046
TSS_1414_storz_regulondb,0.5,13,9,CAAATCCCCCCCCAGCCTCG,4,31060
TSS_1414_storz_regulondb,0.7,15,9,ATTTTGTATTTTACGGTCTG,6,39273
TSS_1414_storz_regulondb,0.5,13,9,ATTGCTAGAACCGTATAGAT,4,41971
TSS_1414_storz_regulondb,0.2,10,9,ATTGAGTCCAGACCAATTTA,1,68542
TSS_1414_storz_regulondb,0.2,10,9,ATTCGGGAACATGCAACATC,1,1720
TSS_1414_storz_regulondb,0.3,11,9,ATGTCTCCAACAGATTTTCG,2,40074
TSS_1414_storz_regulondb,84.8,856,9,ATGTCAGAACTGAAGGCGCT,847,62565
TSS_1414_storz_regulondb,0.2,10,9,ATCGTACTAGGTTTCCGCCG,1,75517
TSS_1414_storz_regulondb,0.2,10,9,ATCGCGCTTGTGACAACAAG,1,23494
TSS_1414_storz_regulondb,0.4,12,9,AGTTCGCCACATGGTTTCTC,3,32213
TSS_1414_storz_regulondb,0.2,10,9,AGTGGCGGTTGGTTACCGTG,1,18755
TSS_1414_storz_regulondb,0.2,10,9,AGTAACCTTCACCCTGATTT,1,41148
TSS_1414_storz_regulondb,0.2,10,9,AGGTTGGTTTGTGTGCTACG,1,42508
TSS_1414_storz_regulondb,0.4,12,9,AGGCCCTCAATGAAGATCGA,3,17421
TSS_1414_storz_regulondb,0.2,10,9,AGGACAGATGCGTAGGCTTT,1,253
TSS_1414_storz_regulondb,0.2,10,9,AGCTTCGGTGTTTATCGCGA,1,5853
TSS_1414_storz_regulondb,0.2,10,9,AGCGGACCGATCCCGACTAC,1,35887
TSS_1414_storz_regulondb,0.3,11,9,ACTTAGCAGCACGCCCAAGG,2,55103
TSS_1414_storz_regulondb,0.2,10,9,ACTGGGGAATACTACACAAT,1,27672
TSS_1414_storz_regulondb,0.3,11,9,ACTCAACAGAAGAAAAGTAG,2,20235
TSS_1414_storz_regulondb,0.2,10,9,ACGGGAGTTTAGAAGTGCCC,1,64727
TSS_1414_storz_regulondb,0.7,15,9,ACGCGCTGCGTCACGCCAAT,6,49132
TSS_1414_storz_regulondb,1.1,19,9,ACGAATCTAAGGTGGCGTAA,10,20378
TSS_1414_storz_regulondb,0.7,15,9,ACCAGTATGGCCAGGTAATA,6,20446
TSS_1414_storz_regulondb,0.3,11,9,ACATGGAACTGCGGCGGGTT,2,33590
TSS_1414_storz_regulondb,0.9,17,9,AATTGTTGCAACCAAGCGTT,8,19406
TSS_1414_storz_regulondb,0.5,13,9,AATGCCAATCGCTATACCTA,4,1577
TSS_1414_storz_regulondb,0.3,11,9,AATCCGGCAACTTTCACACC,2,43980
TSS_1414_storz_regulondb,68.5,693,9,AATCAATCCCCCTATCACGT,684,41841
TSS_1414_storz_regulondb,0.5,13,9,AAGTTGTTGAACTGCGATCA,4,35481
TSS_1414_storz_regulondb,0.3,11,9,AAGTGCATACCTAACTCGGA,2,37653
TSS_1414_storz_regulondb,0.2,10,9,AAGGACTAGGTGCTGACCAA,1,68709
TSS_1414_storz_regulondb,0.2,10,9,AAGAGGATCTTCGGTCCTAG,1,33430
TSS_1414_storz_regulondb,0.3,11,9,AACTCGATATGGTTTAACCA,2,6271
TSS_1414_storz_regulondb,0.7,15,9,AACAGGGTTTCGAGAAAGTC,6,76885
TSS_1414_storz_regulondb,0.2,10,9,AACAGATGATCAGGTGTCGC,1,46581
TSS_1414_storz_regulondb,96.6,974,9,AAATCGCTATGACTTCGCGC,965,29588
TSS_1414_storz_regulondb,0.3,11,9,AAAACTGCAAGCCAAAACCA,2,60501
TSS_1414_storz_regulondb,0.5555555555555556,12,8,TTTTGCGAACAGCATCTGTC,4,65468
TSS_1414_storz_regulondb,0.4444444444444444,11,8,TTTGGCATCAGCGACTGATG,3,6363
TSS_1414_storz_regulondb,0.2222222222222222,9,8,TTGTCCCCGGAAATTATAAA,1,36641
TSS_1414_storz_regulondb,0.4444444444444444,11,8,TTGGAATGTAATATACATAT,3,32306
TSS_1414_storz_regulondb,0.2222222222222222,9,8,TTACTGGACGCGACCTCTCG,1,21258
TSS_1414_storz_regulondb,0.5555555555555556,12,8,TTACTGAGGTAGCTTAGTGT,4,1127
TSS_1414_storz_regulondb,0.3333333333333333,10,8,TTACCACTTGTTCGCGATGA,2,47313
TSS_1414_storz_regulondb,0.2222222222222222,9,8,TTACAAAAAATCTCTTCAAG,1,58247
TSS_1414_storz_regulondb,0.2222222222222222,9,8,TTAAGAACATTGCATCCCCG,1,63335
TSS_1414_storz_regulondb,0.2222222222222222,9,8,TGTTGAGACGCTCGTCGCGA,1,9306
TSS_1414_storz_regulondb,0.4444444444444444,11,8,TGTAAACGCTGTGTTCAAAT,3,79809
TSS_1414_storz_regulondb,0.6666666666666666,13,8,TGGACGACAGCGACTCGCTA,5,2337
TSS_1414_storz_regulondb,1.2222222222222223,18,8,TGGAACGGAACGAATTGTGT,10,11050
TSS_1414_storz_regulondb,0.5555555555555556,12,8,TGCGAGCAAGTCTTTTTAAT,4,5691
TSS_1414_storz_regulondb,1.1111111111111112,17,8,TGCCTCTGGCCAGCTGACTT,9,20022
TSS_1414_storz_regulondb,0.2222222222222222,9,8,TGCCCGGTTCCTATTTGGAA,1,5399
TSS_1414_storz_regulondb,0.2222222222222222,9,8,TGCACATGGGCCGAGGCAAT,1,60029
TSS_1414_storz_regulondb,0.6666666666666666,13,8,TGAGTAAGTAGCGTGCTGTC,5,36818
TSS_1414_storz_regulondb,1.2222222222222223,18,8,TGAGGTTGTGGCCCCTGATC,10,3970
TSS_1414_storz_regulondb,0.3333333333333333,10,8,TCTTTTATATTATAGAATCG,2,25832
TSS_1414_storz_regulondb,0.3333333333333333,10,8,TCTGCAGGTATGGAGCCAGC,2,7926
TSS_1414_storz_regulondb,0.4444444444444444,11,8,TCGGGCTTAGTTGTGATGAT,3,36370
TSS_1414_storz_regulondb,0.4444444444444444,11,8,TCGCAGTTCATACGCACTAT,3,35199
TSS_1414_storz_regulondb,0.2222222222222222,9,8,TCCTGGAGCGCAATGAACTT,1,27368
TSS_1414_storz_regulondb,0.2222222222222222,9,8,TCCGCTAATACGATATCGCA,1,29130
TSS_1414_storz_regulondb,1.2222222222222223,18,8,TCAGGTTTATTAGATCTTGA,10,19449
TSS_1414_storz_regulondb,0.3333333333333333,10,8,TATTCGGTGACTGCCTGGTA,2,52129
TSS_1414_storz_regulondb,0.2222222222222222,9,8,TAGGGGCTCATGATGAATGT,1,29830
TSS_1414_storz_regulondb,0.2222222222222222,9,8,TAGACTCACCGCAACTAGAA,1,24620
TSS_1414_storz_regulondb,0.6666666666666666,13,8,TACTTTTCCTTAGAAGCCCC,5,55544
TSS_1414_storz_regulondb,1.1111111111111112,17,8,TACGATATTGGTTCGTAAGT,9,77431
TSS_1414_storz_regulondb,0.2222222222222222,9,8,TACCCGCTCCTCGGAAGACC,1,68951
TSS_1414_storz_regulondb,0.2222222222222222,9,8,TAATTCCCCCTGCGGCTCGA,1,48768
TSS_1414_storz_regulondb,0.2222222222222222,9,8,TAACGGGCTGTCCGAAGGGT,1,12609
TSS_1414_storz_regulondb,0.2222222222222222,9,8,TAAAGAAAGACGCTATCAGG,1,77262
TSS_1414_storz_regulondb,0.3333333333333333,10,8,GTGTTTAATTGTGAGAATGA,2,39958
TSS_1414_storz_regulondb,0.8888888888888888,15,8,GTGGGGCAATCCTAGCGTCC,7,3702
TSS_1414_storz_regulondb,0.3333333333333333,10,8,GTGCGCAGTGTGTTTGGACC,2,73024
TSS_1414_storz_regulondb,0.2222222222222222,9,8,GTGCCTATTGGTTGTCTAGT,1,50561
TSS_1414_storz_regulondb,0.2222222222222222,9,8,GTATCCCGCCCATCCCAGGT,1,59541
TSS_1414_storz_regulondb,0.8888888888888888,15,8,GTACACGGCCGAGTACAATA,7,52071
TSS_1414_storz_regulondb,1.0,16,8,GGTTGGATATGGTACAGCCC,8,25041
TSS_1414_storz_regulondb,0.5555555555555556,12,8,GGGTTGGAGGCAGTCAGACA,4,75843
TSS_1414_storz_regulondb,0.2222222222222222,9,8,GGCTCACAGCTACGCAGCTG,1,54954
TSS_1414_storz_regulondb,0.2222222222222222,9,8,GGCGCGACAGTCGGTATCTA,1,1784
TSS_1414_storz_regulondb,1.5555555555555556,21,8,GGCCGCACCGCGAACATACT,13,38726
TSS_1414_storz_regulondb,0.2222222222222222,9,8,GGCCATATCATCCGGCAAAT,1,54205
TSS_1414_storz_regulondb,0.2222222222222222,9,8,GGCCACAGTATTAGACGGGA,1,41384
TSS_1414_storz_regulondb,0.2222222222222222,9,8,GCTGCTCTGATAGACGCAAT,1,42347
TSS_1414_storz_regulondb,0.2222222222222222,9,8,GCTGCGCCCACTCCTGCCAT,1,5391
TSS_1414_storz_regulondb,0.2222222222222222,9,8,GCTCTGTCGTGGATCTTTTC,1,40493
TSS_1414_storz_regulondb,0.2222222222222222,9,8,GCCTCACTGATCTAAGGGAA,1,735
TSS_1414_storz_regulondb,0.6666666666666666,13,8,GCCCGCGTAAGCGGGTTTAC,5,25954
TSS_1414_storz_regulondb,0.5555555555555556,12,8,GCCAGATCAAAAGGTACGAT,4,43547
TSS_1414_storz_regulondb,0.2222222222222222,9,8,GATCATGGGACCGGAAACGG,1,14506
TSS_1414_storz_regulondb,0.5555555555555556,12,8,GAGAGCGAGGCCATAGAATT,4,4847
TSS_1414_storz_regulondb,0.2222222222222222,9,8,GACTTGCATCGCGGGGGGGG,1,29258
TSS_1414_storz_regulondb,0.4444444444444444,11,8,GACTGCCTAGGCGGGCTAAG,3,68122
TSS_1414_storz_regulondb,0.5555555555555556,12,8,GACGGGGCTCATTATCCAGT,4,14192
TSS_1414_storz_regulondb,0.7777777777777778,14,8,GACAGGGAAACGGTCGGCAG,6,75463
TSS_1414_storz_regulondb,0.8888888888888888,15,8,GAATGCGCAGCACACCTTGT,7,23197
TSS_1414_storz_regulondb,0.2222222222222222,9,8,GAATAACCCGCCAGCCTTTA,1,58007
TSS_1414_storz_regulondb,0.6666666666666666,13,8,GAAAGGCGTATTCGCAGGGG,5,17300
TSS_1414_storz_regulondb,83.11111111111111,755,8,CTTTCATAATTATCAATGGA,747,43230
TSS_1414_storz_regulondb,0.2222222222222222,9,8,CTTGGGCAGTTGTGGTTCCA,1,67410
TSS_1414_storz_regulondb,0.2222222222222222,9,8,CTTGATACCGTTCGAAGCAT,1,17636
TSS_1414_storz_regulondb,0.2222222222222222,9,8,CTGCACGACGCACTTTCACT,1,46924
TSS_1414_storz_regulondb,0.3333333333333333,10,8,CTCTATACAATTCCCCGCTT,2,19992
TSS_1414_storz_regulondb,0.2222222222222222,9,8,CTCGAGACTTGCAGCGACAA,1,27151
TSS_1414_storz_regulondb,0.3333333333333333,10,8,CTCGAAACAGGCGCTCTAAA,2,46979
TSS_1414_storz_regulondb,0.2222222222222222,9,8,CTCCTTTCGGACTCATCATA,1,36513
TSS_1414_storz_regulondb,0.5555555555555556,12,8,CTCCAAGGTGAATTGGTCTT,4,56385
TSS_1414_storz_regulondb,0.7777777777777778,14,8,CTCACGACGAGCACCAGAGT,6,8954
TSS_1414_storz_regulondb,0.6666666666666666,13,8,CGTATTATGCGCATTAGAAG,5,34728
TSS_1414_storz_regulondb,0.2222222222222222,9,8,CGGCTCTCTTGTTCAAACGT,1,42649
TSS_1414_storz_regulondb,0.3333333333333333,10,8,CGCTTTTATGTCAATTCTAG,2,70323
TSS_1414_storz_regulondb,0.2222222222222222,9,8,CGCTTTCTACGTCGTATAAA,1,57221
TSS_1414_storz_regulondb,0.2222222222222222,9,8,CGCGGGTTACAGCTTGTGAT,1,68554
TSS_1414_storz_regulondb,0.2222222222222222,9,8,CGCAGTCCCGTTTCAGCATA,1,38163
TSS_1414_storz_regulondb,0.2222222222222222,9,8,CGATCGGGCGATTGACTCCC,1,50457
TSS_1414_storz_regulondb,0.7777777777777778,14,8,CGAACGGCAAGGTACAGGAG,6,26597
TSS_1414_storz_regulondb,0.2222222222222222,9,8,CGAAAATGCGTTACGGGCAA,1,9037
TSS_1414_storz_regulondb,0.2222222222222222,9,8,CCTTGTCCGTAAACGGCCGC,1,38769
TSS_1414_storz_regulondb,0.2222222222222222,9,8,CCTGACGATGCGGTCTAGTC,1,52023
TSS_1414_storz_regulondb,0.2222222222222222,9,8,CCGTGTATGGTCGGTCGTAA,1,41223
TSS_1414_storz_regulondb,0.2222222222222222,9,8,CCGGGAACTCAAACAAGGGA,1,64766
TSS_1414_storz_regulondb,0.8888888888888888,15,8,CCGCCAGTCTGCTGCCTTGT,7,49244
TSS_1414_storz_regulondb,0.2222222222222222,9,8,CCCCAGAATACGGGGGTTCT,1,71600
TSS_1414_storz_regulondb,0.6666666666666666,13,8,CCACTTTCATAGAGTTCGGA,5,28032
TSS_1414_storz_regulondb,0.4444444444444444,11,8,CCAAATCTTCAGGGTACGAG,3,41597
TSS_1414_storz_regulondb,0.2222222222222222,9,8,CATTGCTTTTAACTTTTCAT,1,70043
TSS_1414_storz_regulondb,0.2222222222222222,9,8,CATTCCAGTGACGGGAGATG,1,77315
TSS_1414_storz_regulondb,0.2222222222222222,9,8,CATTCCAGTAGGGGCTTATA,1,43506
TSS_1414_storz_regulondb,0.2222222222222222,9,8,CATTATGAAGTACATGATCA,1,3807
TSS_1414_storz_regulondb,0.2222222222222222,9,8,CATACAGAGTTTCTGTGTGA,1,14596
TSS_1414_storz_regulondb,0.2222222222222222,9,8,CAGCCTATTTGGTTCCGCAG,1,66586
TSS_1414_storz_regulondb,0.2222222222222222,9,8,CACGGGCTTGCGCCGTTCTC,1,19489
TSS_1414_storz_regulondb,0.3333333333333333,10,8,CACGAATGGTAACAAGGCTA,2,80801
TSS_1414_storz_regulondb,0.2222222222222222,9,8,CAATACGCGCCCTGGGGTGT,1,3814
TSS_1414_storz_regulondb,0.5555555555555556,12,8,ATTTGCTTTAATACGGGGTA,4,6324
TSS_1414_storz_regulondb,0.2222222222222222,9,8,ATTGTGCGTCGCGGCGTCTC,1,27697
TSS_1414_storz_regulondb,1.7777777777777777,23,8,ATTCAGTACATTGAGCGACA,15,68828
TSS_1414_storz_regulondb,1.3333333333333333,19,8,ATGTTTTTCCTTGTAACCGG,11,61250
TSS_1414_storz_regulondb,0.2222222222222222,9,8,ATGTGCTAACAGTACGGACT,1,44240
TSS_1414_storz_regulondb,0.2222222222222222,9,8,ATGTGACCGATTTAGCGCCT,1,40485
TSS_1414_storz_regulondb,101.11111111111111,917,8,ATGGGATATAAAACGGTCTT,909,29485
TSS_1414_storz_regulondb,0.3333333333333333,10,8,ATCAACAGGGAATGCATAAC,2,17598
TSS_1414_storz_regulondb,0.2222222222222222,9,8,ATCAAATCCAGGCACCATTG,1,69637
TSS_1414_storz_regulondb,0.2222222222222222,9,8,ATATCATTCTACGTTGACCC,1,43249
TSS_1414_storz_regulondb,0.3333333333333333,10,8,ATAGCAGATCTACTGTGAGG,2,37650
TSS_1414_storz_regulondb,26.666666666666668,247,8,ATAGAAACAAGCTTTCCGGT,239,76375
TSS_1414_storz_regulondb,0.7777777777777778,14,8,AGTTGACGCGCTTTCCACTC,6,40868
TSS_1414_storz_regulondb,0.2222222222222222,9,8,AGTTCCTTTTGCTCGCCCTT,1,49286
TSS_1414_storz_regulondb,0.2222222222222222,9,8,AGTCCGCAATAACCTATTAC,1,35258
TSS_1414_storz_regulondb,0.5555555555555556,12,8,AGTAGCCACAGCCGTCATGA,4,53354
TSS_1414_storz_regulondb,0.3333333333333333,10,8,AGGTTCCTAGCTAATGCGAC,2,72396
TSS_1414_storz_regulondb,0.2222222222222222,9,8,AGGCGCTTTCATCACGTTTA,1,7989
TSS_1414_storz_regulondb,0.2222222222222222,9,8,AGGAACAATCGGGCGTTATC,1,31979
TSS_1414_storz_regulondb,0.5555555555555556,12,8,AGATCACGTCCTGAGGCTGG,4,54504
TSS_1414_storz_regulondb,0.3333333333333333,10,8,AGAAACATAGCACTATGTGA,2,22575
TSS_1414_storz_regulondb,0.2222222222222222,9,8,ACTCACAATTGTATCCCCCA,1,16860
TSS_1414_storz_regulondb,33.44444444444444,308,8,ACTATTCCGTGTCAGTTTGG,300,36952
TSS_1414_storz_regulondb,0.2222222222222222,9,8,ACTAAGCGATTGCGGAGAAA,1,25664
TSS_1414_storz_regulondb,0.3333333333333333,10,8,ACCGGCCACGTGGAGCTAAT,2,24404
TSS_1414_storz_regulondb,0.5555555555555556,12,8,ACCCTGGTCTCCATACCCAA,4,43258
TSS_1414_storz_regulondb,0.2222222222222222,9,8,ACAGGCGTTCTCCTAATCCA,1,40869
TSS_1414_storz_regulondb,85.22222222222223,774,8,ACAAGTGTTTTTAACCGTGC,766,43514
TSS_1414_storz_regulondb,0.2222222222222222,9,8,ACAACACTCTTAGAAGTCGC,1,9584
TSS_1414_storz_regulondb,0.7777777777777778,14,8,AATTGTTAGTTGTGAGGACG,6,80328
TSS_1414_storz_regulondb,0.2222222222222222,9,8,AATCAGAAGGATATCCGAAT,1,14504
TSS_1414_storz_regulondb,0.2222222222222222,9,8,AAGGTACTCGCGATATAAGA,1,71718
TSS_1414_storz_regulondb,0.4444444444444444,11,8,AAGGCTGCCAAGAAGGCTAA,3,2070
TSS_1414_storz_regulondb,0.3333333333333333,10,8,AAGCTGAAAGACTGAGCCTC,2,23051
TSS_1414_storz_regulondb,0.2222222222222222,9,8,AACAAAAAACTTCCCTTAAT,1,37825
TSS_1414_storz_regulondb,0.3333333333333333,10,8,AAATTATTCCTTCCTATCCC,2,72493
TSS_1414_storz_regulondb,0.5555555555555556,12,8,AAACGGCTCAGAGCGCGTGT,4,73018
TSS_1414_storz_regulondb,0.6666666666666666,13,8,AAACACGGAGTAGCCGAGGC,5,65249
TSS_1414_storz_regulondb,0.5555555555555556,12,8,AAAAATGTTCCGGGGAGCAT,4,22703
TSS_1414_storz_regulondb,1.0,14,7,TTTTGAGATTTCAATCGGCG,7,68350
TSS_1414_storz_regulondb,0.5,10,7,TTTTCTGGATTCTGGGGAAG,3,29672
TSS_1414_storz_regulondb,0.25,8,7,TTTTCAACGATAGGCTCCCA,1,6202
TSS_1414_storz_regulondb,0.25,8,7,TTTCTTTTATGCAAATTGCC,1,50850
TSS_1414_storz_regulondb,0.625,11,7,TTTCTCACAAAGCTTTCGAG,4,70741
TSS_1414_storz_regulondb,0.75,12,7,TTGTAAGTATTCGTTGATCG,5,75913
TSS_1414_storz_regulondb,0.5,10,7,TTCGTACGCTACGAGGGAGT,3,19129
TSS_1414_storz_regulondb,0.25,8,7,TTCATCAGCGCGTTTATCGC,1,76283
TSS_1414_storz_regulondb,35.0,286,7,TTAGCGGGCCTAGTAGCCTC,279,12256
TSS_1414_storz_regulondb,1.0,14,7,TTACGAAAAGATAAATGTTC,7,11919
TSS_1414_storz_regulondb,0.5,10,7,TGTTGTCTCCACCCTATTCA,3,11041
TSS_1414_storz_regulondb,0.75,12,7,TGTTATGGTAGAAGAAATAT,5,39969
TSS_1414_storz_regulondb,0.625,11,7,TGTGTCATTATTCAACGTCT,4,35245
TSS_1414_storz_regulondb,0.25,8,7,TGTATGGAGTTAAGGTAGGA,1,57253
TSS_1414_storz_regulondb,0.375,9,7,TGGGTATAGACGGATGCAAA,2,42310
TSS_1414_storz_regulondb,111.375,897,7,TGGGGTTGACTTCCTATCGC,890,50946
TSS_1414_storz_regulondb,0.375,9,7,TGGGCAGGGAGTCCTATGGT,2,50106
TSS_1414_storz_regulondb,92.625,747,7,TGGGATGCTCGCCCTCTGAT,740,30982
TSS_1414_storz_regulondb,0.25,8,7,TGGCTCTCGCTAAGCCTGCT,1,15436
TSS_1414_storz_regulondb,0.375,9,7,TGGCGTTCAATCCGCTGTAG,2,52801
TSS_1414_storz_regulondb,1.5,18,7,TGCTTGATACTTCAGCGCAA,11,32897
TSS_1414_storz_regulondb,0.25,8,7,TCTGCTCTCAGATCGGTGAT,1,13392
TSS_1414_storz_regulondb,1.0,14,7,TCTGCGCAGTCTTGGATGCG,7,61646
TSS_1414_storz_regulondb,0.5,10,7,TCTCTTCACATGACGCAAGT,3,20050
TSS_1414_storz_regulondb,0.5,10,7,TCTCTAACGTTGGAAGACAA,3,34112
TSS_1414_storz_regulondb,122.375,985,7,TCTCCAGGACAGACCAACTA,978,57364
TSS_1414_storz_regulondb,0.25,8,7,TCGTTTCGAAGTTGTATCAG,1,39529
TSS_1414_storz_regulondb,0.25,8,7,TCGATGCAGACGAGAGTTTT,1,59045
TSS_1414_storz_regulondb,0.375,9,7,TCGACAGTATCCCCGAATGT,2,39539
TSS_1414_storz_regulondb,0.25,8,7,TCCCGGTATCAGGCCGCAAA,1,77088
TSS_1414_storz_regulondb,1.0,14,7,TCAGTCCTATAAAGCGTTTA,7,53307
TSS_1414_storz_regulondb,0.25,8,7,TCAGCCTGCTAGGTCAGTAA,1,54298
TSS_1414_storz_regulondb,0.875,13,7,TCAGCCTCCCCTATTAAGTT,6,44497
TSS_1414_storz_regulondb,0.375,9,7,TATTCACCTCGTGGTTTACG,2,54953
TSS_1414_storz_regulondb,0.25,8,7,TATTAATCCAAGGCCACCGG,1,2959
TSS_1414_storz_regulondb,1.0,14,7,TATGAGTCGTGCACGGCGAG,7,51987
TSS_1414_storz_regulondb,0.375,9,7,TATCGTACCCACGAAACTGA,2,42367
TSS_1414_storz_regulondb,0.25,8,7,TATCATCATTAGGACCTTTT,1,49748
TSS_1414_storz_regulondb,0.25,8,7,TATACTCTCTATTCCTACGT,1,59330
TSS_1414_storz_regulondb,0.25,8,7,TAGGCCAGGGGCATGCAGTG,1,75314
TSS_1414_storz_regulondb,0.375,9,7,TAGCGCTTAAGATGTCCGCT,2,8293
TSS_1414_storz_regulondb,0.75,12,7,TACTTTCGCGTGTTGTCACT,5,67468
TSS_1414_storz_regulondb,0.375,9,7,TACGTGGTTTACAATGTAGC,2,27363
TSS_1414_storz_regulondb,1.0,14,7,TACAGCGATTGGTGAAAAAT,7,66159
TSS_1414_storz_regulondb,0.25,8,7,TAACGGCCCGCGAACGTGAA,1,68543
TSS_1414_storz_regulondb,0.5,10,7,TAAAGACCCGCCAGGTTTCC,3,41086
TSS_1414_storz_regulondb,0.25,8,7,GTTTGAGGCACGCTATAGTA,1,221
TSS_1414_storz_regulondb,86.5,698,7,GTTGCCTCTCTAAGTTAGTG,691,74784
TSS_1414_storz_regulondb,0.25,8,7,GTTATTGTGGGGGACACAAA,1,20439
TSS_1414_storz_regulondb,85.125,687,7,GTGTCTCAGTAGGGATATCG,680,23757
TSS_1414_storz_regulondb,13.625,115,7,GTGTAATTATCCCGCCAAAG,108,42034
TSS_1414_storz_regulondb,0.375,9,7,GTCTCATCAATGTTATGCCG,2,27538
TSS_1414_storz_regulondb,0.25,8,7,GTCGAGTCTGGACTATGGCT,1,72593
TSS_1414_storz_regulondb,0.375,9,7,GTCATCTAAACCCCCTTACA,2,32597
TSS_1414_storz_regulondb,0.25,8,7,GGTTTTAAGGCCGCTCAGGG,1,42889
TSS_1414_storz_regulondb,0.25,8,7,GGTTATGGTTCTCTACTCCT,1,49324
TSS_1414_storz_regulondb,0.25,8,7,GGTAGCGGGGAGCAACTCTA,1,78549
TSS_1414_storz_regulondb,0.5,10,7,GGGCGTGGGGCATGAGTACT,3,10980
TSS_1414_storz_regulondb,0.875,13,7,GGCTTGGTTCTGAAGTGAAA,6,16082
TSS_1414_storz_regulondb,65.75,532,7,GGCTGGCCTTAGGCACGGAT,525,27350
TSS_1414_storz_regulondb,0.25,8,7,GGCCTCCGGACTAAGGGGGT,1,59537
TSS_1414_storz_regulondb,0.375,9,7,GGAGCATTATGCGTACCGCT,2,5876
TSS_1414_storz_regulondb,0.25,8,7,GGACTAGCGTGTCATTCTGT,1,5807
TSS_1414_storz_regulondb,0.25,8,7,GCTTCAGGCATGGGGTAGAA,1,79544
TSS_1414_storz_regulondb,0.5,10,7,GCTTAAACTATAGTGCCGGA,3,796
TSS_1414_storz_regulondb,0.25,8,7,GCTGAGGTGTATCAACTCCA,1,30854
TSS_1414_storz_regulondb,88.125,711,7,GCGTTTATAGCACGGAACCC,704,71038
TSS_1414_storz_regulondb,92.0,742,7,GCGTCTCAATGAGTTAGAAT,735,58096
TSS_1414_storz_regulondb,1.125,15,7,GCGAGCTCACGGGGTATTTA,8,67897
TSS_1414_storz_regulondb,0.375,9,7,GCCCCAATATTAGTTATGAA,2,76176
TSS_1414_storz_regulondb,0.25,8,7,GCCAGGTAATTTCACAGCCC,1,42667
TSS_1414_storz_regulondb,0.25,8,7,GCATGTTGTATGCTTATCGG,1,14813
TSS_1414_storz_regulondb,0.25,8,7,GCAGGCGCTACCAGTATCCT,1,14526
TSS_1414_storz_regulondb,0.25,8,7,GCACTCTGACGTGGGATCAA,1,29689
TSS_1414_storz_regulondb,57.0,462,7,GCACGGGATCCTTTATCCCT,455,17276
TSS_1414_storz_regulondb,0.25,8,7,GCAATCGACCACCACTGTTG,1,18459
TSS_1414_storz_regulondb,0.25,8,7,GATTCAAAGTGTAGTCAATA,1,15078
TSS_1414_storz_regulondb,0.5,10,7,GATCGCGCCGCGTTAGAGAA,3,68116
TSS_1414_storz_regulondb,0.25,8,7,GAGGTTTTAATTGCTGGGAG,1,43129
TSS_1414_storz_regulondb,0.375,9,7,GAGGCAACTATCTGGTGGAC,2,78488
TSS_1414_storz_regulondb,0.375,9,7,GAGCAAATCGTTGTCTCCAA,2,23853
TSS_1414_storz_regulondb,0.75,12,7,GACAGTTATAGTTCGCTGGT,5,33121
TSS_1414_storz_regulondb,0.25,8,7,GAAGTGGAGATTGGTTGCAA,1,73002
TSS_1414_storz_regulondb,1.125,15,7,GAAGGATTACGGAATATTCT,8,43429
TSS_1414_storz_regulondb,0.625,11,7,CTTTGTAGGCTACGACCCAT,4,60253
TSS_1414_storz_regulondb,0.375,9,7,CTTGTCGGGCCAGAATTATA,2,68720
TSS_1414_storz_regulondb,0.375,9,7,CTTAGGAGTTGAAGCGTCGC,2,47734
TSS_1414_storz_regulondb,0.25,8,7,CTGTAGCCTTGTCCGAAATC,1,7095
TSS_1414_storz_regulondb,0.875,13,7,CTGGCCGAAGAGAGCAATGC,6,274
TSS_1414_storz_regulondb,1.125,15,7,CTGAGATCACAGACATTTGG,8,17585
TSS_1414_storz_regulondb,0.625,11,7,CTCGCTTATATTATGTTGAT,4,51369
TSS_1414_storz_regulondb,0.25,8,7,CTCGCTACAGTATATGCCAT,1,9578
TSS_1414_storz_regulondb,0.5,10,7,CTCGAGATCATTATGGCATC,3,75008
TSS_1414_storz_regulondb,0.25,8,7,CGTTTGACGTTTGTACCTGA,1,60368
TSS_1414_storz_regulondb,0.625,11,7,CGTGGCGTAGATTAGGGGTG,4,20034
TSS_1414_storz_regulondb,0.625,11,7,CGGGGTTGAAAAAAGGTATC,4,49225
TSS_1414_storz_regulondb,0.875,13,7,CGGGAGTTGAAGGATCTTTA,6,64185
TSS_1414_storz_regulondb,1.875,21,7,CGGCACAGACAATACTCACC,14,25433
TSS_1414_storz_regulondb,0.375,9,7,CGCTGAACACGTGCCCTTGC,2,44799
TSS_1414_storz_regulondb,1.5,18,7,CGCCGAAACGGGCACGGTTG,11,69716
TSS_1414_storz_regulondb,0.375,9,7,CGAGATCTGCGGCTTTCCGT,2,11864
TSS_1414_storz_regulondb,0.5,10,7,CGACCCCTGACTGAGCTGGA,3,58606
TSS_1414_storz_regulondb,0.625,11,7,CGAATAATGACGACGATCAA,4,64625
TSS_1414_storz_regulondb,0.5,10,7,CCTTCTGAGTAAAAGACGGG,3,22586
TSS_1414_storz_regulondb,0.5,10,7,CCGTTTTCAGGTGAATTGAC,3,52412
TSS_1414_storz_regulondb,0.25,8,7,CCGCGAGTTCCCCTAAAATG,1,37967
TSS_1414_storz_regulondb,0.25,8,7,CCGCAAGAAGTATTGTACCT,1,73535
TSS_1414_storz_regulondb,0.375,9,7,CCCTGATATCTCGTAAGCCA,2,70052
TSS_1414_storz_regulondb,0.375,9,7,CCCTATGCTATATTCAATTT,2,5748
TSS_1414_storz_regulondb,0.25,8,7,CCCGAAACAGGGAAAACTGG,1,21069
TSS_1414_storz_regulondb,0.875,13,7,CCCCTGGGCTCAGCAGCCTA,6,50588
TSS_1414_storz_regulondb,0.5,10,7,CCATTCTAGCCTGGGACTCT,3,48312
TSS_1414_storz_regulondb,0.25,8,7,CCAGAGTGCGGTTCATCACA,1,56008
TSS_1414_storz_regulondb,0.375,9,7,CCAAAGGTTGGGTATGTATT,2,12226
TSS_1414_storz_regulondb,0.375,9,7,CATGTCACTGGCTTACCCCA,2,4860
TSS_1414_storz_regulondb,0.875,13,7,CATCGGGTGTTTACTTGCAA,6,55410
TSS_1414_storz_regulondb,0.25,8,7,CATCACGAATAGAACTTCAT,1,28235
TSS_1414_storz_regulondb,104.375,841,7,CAGACACCCGCCGCTTTTCT,834,10709
TSS_1414_storz_regulondb,0.625,11,7,CACTGTTCTGTTGCCGCGTC,4,12736
TSS_1414_storz_regulondb,0.375,9,7,CAACTCTTCAGGTCCCGGGC,2,17192
TSS_1414_storz_regulondb,0.875,13,7,CAACGAGTTGTTTCTACGGC,6,60890
TSS_1414_storz_regulondb,1.5,18,7,CAACCGGGTGACCAGGCTAT,11,80208
TSS_1414_storz_regulondb,0.25,8,7,CAAATATAGTTTGAATGCAG,1,36969
TSS_1414_storz_regulondb,0.375,9,7,ATTTGCGCCTACGGGACGAG,2,24250
TSS_1414_storz_regulondb,0.625,11,7,ATTTATACCGAAAATGCTTA,4,22129
TSS_1414_storz_regulondb,0.75,12,7,ATTCGACTGTTTCGGGTTGG,5,30989
TSS_1414_storz_regulondb,0.75,12,7,ATGTGAATGTTCGACCTTAT,5,11610
TSS_1414_storz_regulondb,1.0,14,7,ATGTATTACCCGTCTTGGCG,7,62393
TSS_1414_storz_regulondb,0.875,13,7,ATGGGTCAGAAGTAAGTAGG,6,79397
TSS_1414_storz_regulondb,0.625,11,7,ATGCTCTCTGAAGGGACACA,4,63870
TSS_1414_storz_regulondb,0.5,10,7,ATGCGAGGTCGGAACGCCAA,3,30635
TSS_1414_storz_regulondb,0.375,9,7,ATGCCTTCTGACCGTAATGG,2,66177
TSS_1414_storz_regulondb,0.5,10,7,ATGATCGGCATGTGGCGTAA,3,27531
TSS_1414_storz_regulondb,19.0,158,7,ATCTGGGTGGCAACGGGGCT,151,68741
TSS_1414_storz_regulondb,0.75,12,7,ATCCGGCTTCAGGTCCAAGT,5,45984
TSS_1414_storz_regulondb,1.25,16,7,ATAGGTCACAGTCCCCAGTC,9,78158
TSS_1414_storz_regulondb,57.125,463,7,ATAGACGCCGGAGGATCAAC,456,72450
TSS_1414_storz_regulondb,0.5,10,7,ATAATTGTTCGGATAACCCG,3,80664
TSS_1414_storz_regulondb,0.375,9,7,AGTTTTCACCTCATATGAGG,2,69694
TSS_1414_storz_regulondb,1.125,15,7,AGTTCGGGCTGATATGCTTA,8,8484
TSS_1414_storz_regulondb,0.375,9,7,AGTGTGTGGCCTGGATGGCT,2,31364
TSS_1414_storz_regulondb,1.375,17,7,AGTGGGAGAGAATTTAGGTC,10,23574
TSS_1414_storz_regulondb,0.25,8,7,AGTGCCGTAAGAAGTCCTAA,1,1727
TSS_1414_storz_regulondb,0.25,8,7,AGGAAATGGAGTACGCGTGG,1,74316
TSS_1414_storz_regulondb,0.25,8,7,AGCTCCGAGTTTACACAGTA,1,16184
TSS_1414_storz_regulondb,0.375,9,7,AGATTGGATCAAACGTGGAC,2,21817
TSS_1414_storz_regulondb,0.5,10,7,AGAGGAACGCACCTACAGGC,3,75841
TSS_1414_storz_regulondb,0.375,9,7,ACTCTTCGCTAGGGAGGTAC,2,14546
TSS_1414_storz_regulondb,1.25,16,7,ACTAACGCAGTAGAAGGCCC,9,55110
TSS_1414_storz_regulondb,0.25,8,7,ACGTCATACCGGCTTAGTAC,1,32588
TSS_1414_storz_regulondb,0.875,13,7,ACGCGCTCGTTAAGACACAG,6,29007
TSS_1414_storz_regulondb,1.0,14,7,ACGCAGGTACTCTCGACAAC,7,58040
TSS_1414_storz_regulondb,0.375,9,7,ACCATTCCGCGCGTTTACCT,2,55583
TSS_1414_storz_regulondb,0.25,8,7,ACATAGAACCGAAACCTCCC,1,67370
TSS_1414_storz_regulondb,0.375,9,7,ACACTGTTCACGGATGTGAC,2,54486
TSS_1414_storz_regulondb,0.25,8,7,ACACCGAACGGCGGTAACCA,1,41732
TSS_1414_storz_regulondb,97.75,788,7,ACACAGATGATTAAATGCGA,781,7895
TSS_1414_storz_regulondb,0.25,8,7,ACACAATCGGTTCTCTTTGT,1,74268
TSS_1414_storz_regulondb,0.5,10,7,AATTGTCGCTTTATGTCTTT,3,42272
TSS_1414_storz_regulondb,20.25,168,7,AATCAGTAGTTCTTTGATAA,161,61969
TSS_1414_storz_regulondb,0.25,8,7,AATAAAGATTGGGGCACAGG,1,21994
TSS_1414_storz_regulondb,0.625,11,7,AAGTCGGCGTCTATCTTGTT,4,37527
TSS_1414_storz_regulondb,0.5,10,7,AAGCCAGGAAAATTCTAAAG,3,72107
TSS_1414_storz_regulondb,0.25,8,7,AACGTCATTCGGATCAGTGC,1,66324
TSS_1414_storz_regulondb,0.25,8,7,AACGGACTTCTACAAGCGAC,1,31736
TSS_1414_storz_regulondb,0.25,8,7,AAACTCACTGAAAACATCCA,1,7779
TSS_1414_storz_regulondb,0.25,8,7,AAACAGGAGTGGCACACTCC,1,4557
TSS_1414_storz_regulondb,0.8571428571428571,11,6,TTTTTCAGGGAGCACCAAGG,5,36364
TSS_1414_storz_regulondb,0.2857142857142857,7,6,TTTGCAGGTAGCAGGCGTAA,1,65456
TSS_1414_storz_regulondb,0.42857142857142855,8,6,TTGCGGGCGCCAGTGTGACA,2,17027
TSS_1414_storz_regulondb,0.2857142857142857,7,6,TTGCCTACAGCGAGTCCGTG,1,5344
TSS_1414_storz_regulondb,0.2857142857142857,7,6,TTCGCATCTTTCTGGCCAGG,1,79178
TSS_1414_storz_regulondb,0.42857142857142855,8,6,TTCGAGCGTTGACCTTGATG,2,75292
TSS_1414_storz_regulondb,0.8571428571428571,11,6,TTCATTTACTGAAGGGTCCA,5,79474
TSS_1414_storz_regulondb,0.5714285714285714,9,6,TTCAAGAGGGGTTTGGAGGC,3,53245
TSS_1414_storz_regulondb,1.5714285714285714,16,6,TTAGAGATTCGTCTGGCGAG,10,8844
TSS_1414_storz_regulondb,0.5714285714285714,9,6,TTACCCCTTGTTGAGTCCCA,3,56137
TSS_1414_storz_regulondb,0.2857142857142857,7,6,TTACCAAAATGCGTTACTTC,1,1236
TSS_1414_storz_regulondb,0.2857142857142857,7,6,TGTTGTCGGAATGAGATTCA,1,20392
TSS_1414_storz_regulondb,0.5714285714285714,9,6,TGTTCATTTTTTGTATGGAC,3,5729
TSS_1414_storz_regulondb,0.42857142857142855,8,6,TGTTATACTGTTTCCAATAT,2,5488
TSS_1414_storz_regulondb,0.7142857142857143,10,6,TGTGTTAAACGTTGAAGCAA,4,27303
TSS_1414_storz_regulondb,0.2857142857142857,7,6,TGTCTTGCCCTCACGAAGAG,1,54419
TSS_1414_storz_regulondb,0.2857142857142857,7,6,TGTCCAAGTCCAGTCGAGGA,1,2636
TSS_1414_storz_regulondb,1.2857142857142858,14,6,TGTCAACAAAGTCAAGTTAT,8,46101
TSS_1414_storz_regulondb,0.2857142857142857,7,6,TGTATGAATACCAAGCCCCA,1,27278
TSS_1414_storz_regulondb,0.2857142857142857,7,6,TGTAAGTTTAATAATCTGGA,1,2976
TSS_1414_storz_regulondb,0.5714285714285714,9,6,TGGCCCAGTGGTCGGCTCAG,3,26801
TSS_1414_storz_regulondb,0.2857142857142857,7,6,TGGAGACGTCGTAGAAGCCC,1,46356
TSS_1414_storz_regulondb,0.8571428571428571,11,6,TGCTAGGACGTGTCGCAACG,5,79531
TSS_1414_storz_regulondb,1.2857142857142858,14,6,TGCGCGTCAACGATACCTAA,8,47862
TSS_1414_storz_regulondb,0.42857142857142855,8,6,TGCGAAGGAGAAGCTTATAC,2,13061
TSS_1414_storz_regulondb,0.7142857142857143,10,6,TGAGTTACTGGATGTTGCTG,4,37082
TSS_1414_storz_regulondb,0.2857142857142857,7,6,TGAGTGTCCCACATAACTGT,1,71743
TSS_1414_storz_regulondb,0.2857142857142857,7,6,TGAATGTGTGTAACCATAAA,1,69070
TSS_1414_storz_regulondb,1.1428571428571428,13,6,TCTTATTCCTATTGTTGCAA,7,19610
TSS_1414_storz_regulondb,0.42857142857142855,8,6,TCTGTCTCCTCCTTCACCTA,2,45926
TSS_1414_storz_regulondb,1.0,12,6,TCTCTCGAAATAATCCGCTG,6,61052
TSS_1414_storz_regulondb,129.0,908,6,TCTAATTAGGTAGACGGCAA,902,7888
TSS_1414_storz_regulondb,0.2857142857142857,7,6,TCGCGTCTCGGTCTTGCTCA,1,4907
TSS_1414_storz_regulondb,0.7142857142857143,10,6,TCGATTAACGTTTTTACATC,4,59557
TSS_1414_storz_regulondb,127.28571428571429,896,6,TCCAAATGGTCTGATGCTAC,890,21025
TSS_1414_storz_regulondb,0.42857142857142855,8,6,TCATATGCGGGCGGTTGGTT,2,73367
TSS_1414_storz_regulondb,0.2857142857142857,7,6,TATATACTACATTCGCCAGT,1,48525
TSS_1414_storz_regulondb,0.2857142857142857,7,6,TATAGGTGCCGCAGTCCCCG,1,56535
TSS_1414_storz_regulondb,0.2857142857142857,7,6,TATAGGATACATGGAAGGGG,1,13918
TSS_1414_storz_regulondb,0.2857142857142857,7,6,TACTCATAGTGGTGAAATAC,1,36468
TSS_1414_storz_regulondb,0.2857142857142857,7,6,TACCTTATTACAGTTATTTG,1,5386
TSS_1414_storz_regulondb,0.2857142857142857,7,6,TACATGGTTCGCACGGCGCT,1,23530
TSS_1414_storz_regulondb,65.28571428571429,462,6,TACACTTCAATAAAACGTTC,456,14608
TSS_1414_storz_regulondb,0.42857142857142855,8,6,TACAAATAGGAGTAGATCAT,2,36248
TSS_1414_storz_regulondb,0.2857142857142857,7,6,TAATTGGAACACCTTCCTGT,1,4120
TSS_1414_storz_regulondb,0.2857142857142857,7,6,TAAGTCTTAAGGACGGCGTT,1,29822
TSS_1414_storz_regulondb,0.8571428571428571,11,6,GTTTTCAGTTAAAAGACAGA,5,68266
TSS_1414_storz_regulondb,0.42857142857142855,8,6,GTTTTACAGTTTAGAATCAT,2,17335
TSS_1414_storz_regulondb,121.71428571428571,857,6,GTTAACGTCCCTAGACTACC,851,69930
TSS_1414_storz_regulondb,0.2857142857142857,7,6,GTGGGGGATTAGTGCAAAAC,1,20211
TSS_1414_storz_regulondb,0.5714285714285714,9,6,GTGAACTAAGGGGCGCAAAG,3,41275
TSS_1414_storz_regulondb,0.2857142857142857,7,6,GTCTTCCATGTACTTTGAGC,1,46489
TSS_1414_storz_regulondb,1.5714285714285714,16,6,GTCGGCCCGGTACGAAGACA,10,19012
TSS_1414_storz_regulondb,0.2857142857142857,7,6,GTCGAGGATTGTGCCACCCC,1,1143
TSS_1414_storz_regulondb,0.2857142857142857,7,6,GTCCTACTCTGTGTGATACT,1,79235
TSS_1414_storz_regulondb,0.7142857142857143,10,6,GGTCGCCGACTGGAACACCC,4,29627
TSS_1414_storz_regulondb,0.7142857142857143,10,6,GGTAAAAACCGTGTCCCACA,4,52784
TSS_1414_storz_regulondb,0.8571428571428571,11,6,GGGGGCACCTCTGTACTTCA,5,15750
TSS_1414_storz_regulondb,0.7142857142857143,10,6,GGGCTTGCGTTTGCTTGCAT,4,37817
TSS_1414_storz_regulondb,0.2857142857142857,7,6,GGCTTATTCCCGATCGCATA,1,76030
TSS_1414_storz_regulondb,0.7142857142857143,10,6,GGCACCTGCAGCTAGGAACA,4,35654
TSS_1414_storz_regulondb,0.7142857142857143,10,6,GGATCTGTAGCATGCCTAGT,4,7906
TSS_1414_storz_regulondb,0.2857142857142857,7,6,GGATCGGGTGCGGCTGATCA,1,17079
TSS_1414_storz_regulondb,1.5714285714285714,16,6,GCTGAAATATTGTCACCGTT,10,77654
TSS_1414_storz_regulondb,0.7142857142857143,10,6,GCTAGACTCGACGGCGCACA,4,2401
TSS_1414_storz_regulondb,1.5714285714285714,16,6,GCGTCTCGTGCCACACCGCC,10,4282
TSS_1414_storz_regulondb,1.0,12,6,GCGTATGAAAAAAACGCTAA,6,1507
TSS_1414_storz_regulondb,0.2857142857142857,7,6,GCGGGATACTATCGTCGCGC,1,19913
TSS_1414_storz_regulondb,1.1428571428571428,13,6,GCCTTTCAGATTAATTATAT,7,17131
TSS_1414_storz_regulondb,0.2857142857142857,7,6,GCCTATTAGGTTCACCGGTC,1,59345
TSS_1414_storz_regulondb,0.2857142857142857,7,6,GCCGGTATCGCTCCTATAGT,1,67015
TSS_1414_storz_regulondb,0.2857142857142857,7,6,GCCAACCCGTTGCGTCCGCG,1,49143
TSS_1414_storz_regulondb,0.42857142857142855,8,6,GCATTCCATGAGGGACTAAG,2,40059
TSS_1414_storz_regulondb,0.2857142857142857,7,6,GCATTACTCTGTGAGTGTTT,1,72483
TSS_1414_storz_regulondb,0.7142857142857143,10,6,GCAGATCGCAAGTCCTGTTT,4,12901
TSS_1414_storz_regulondb,0.2857142857142857,7,6,GATGTCGCCGAAGAAGGGCG,1,66873
TSS_1414_storz_regulondb,0.42857142857142855,8,6,GATACTGGCACCTGATACAT,2,68712
TSS_1414_storz_regulondb,0.2857142857142857,7,6,GAGTCTGTTGCTCGATAGTT,1,26275
TSS_1414_storz_regulondb,0.2857142857142857,7,6,GAGCATCAGTCGAAAACTGA,1,16391
TSS_1414_storz_regulondb,0.2857142857142857,7,6,GACGGATCAAACTCTAGTGC,1,1782
TSS_1414_storz_regulondb,0.2857142857142857,7,6,GACGATCATTTGCAGCTTAG,1,38656
TSS_1414_storz_regulondb,0.2857142857142857,7,6,GAAACCATATTCAGAATGCT,1,7999
TSS_1414_storz_regulondb,0.2857142857142857,7,6,CTTTTCAGGGACACTCTGAG,1,13802
TSS_1414_storz_regulondb,0.2857142857142857,7,6,CTTTGAACTTGGGGAAAGGC,1,58357
TSS_1414_storz_regulondb,0.2857142857142857,7,6,CTTCCAACGGTCCAACTTTG,1,23743
TSS_1414_storz_regulondb,0.2857142857142857,7,6,CTTAGTACCTGACGCCGTGT,1,52819
TSS_1414_storz_regulondb,1.4285714285714286,15,6,CTGGACCGTAATCTATAGAG,9,44534
TSS_1414_storz_regulondb,0.2857142857142857,7,6,CTGATGCGCAGAGCCACGAG,1,72307
TSS_1414_storz_regulondb,0.42857142857142855,8,6,CTGAACTTAGCTCAACACAT,2,81106
TSS_1414_storz_regulondb,0.5714285714285714,9,6,CTCTGGCGTTGATACCGCAT,3,49996
TSS_1414_storz_regulondb,0.5714285714285714,9,6,CTCTCGCACAGATTATAACG,3,26825
TSS_1414_storz_regulondb,0.42857142857142855,8,6,CTCTAGTGTGGGTTCCCACC,2,58796
TSS_1414_storz_regulondb,0.2857142857142857,7,6,CTCGGGAGTAGTGCCCCTCT,1,39548
TSS_1414_storz_regulondb,0.42857142857142855,8,6,CTATCGCTGAGCACCGGCAG,2,72878
TSS_1414_storz_regulondb,0.42857142857142855,8,6,CGTTCCCTCATACATCTGTT,2,28820
TSS_1414_storz_regulondb,0.5714285714285714,9,6,CGGTTCTTGAAAAGTGGAGA,3,79559
TSS_1414_storz_regulondb,0.2857142857142857,7,6,CGGGTGGTCACAGAATAACG,1,12811
TSS_1414_storz_regulondb,1.1428571428571428,13,6,CGGGTGGATCCTAGCCTCGG,7,38474
TSS_1414_storz_regulondb,0.2857142857142857,7,6,CGGCTGCCGACTTATGAAGC,1,80275
TSS_1414_storz_regulondb,0.5714285714285714,9,6,CGGCCTTAGGTGGATGATGA,3,46631
TSS_1414_storz_regulondb,0.2857142857142857,7,6,CGGCCGTCCCCAATGGCTCA,1,49745
TSS_1414_storz_regulondb,0.8571428571428571,11,6,CGCTGGGGGATTCACAAATA,5,5195
TSS_1414_storz_regulondb,0.2857142857142857,7,6,CGCCCTTGGATGATAGTTTG,1,78400
TSS_1414_storz_regulondb,0.2857142857142857,7,6,CGCCCTTGGACCGGAGGTTT,1,67539
TSS_1414_storz_regulondb,0.42857142857142855,8,6,CGCCCTAAACAATCGTCAGT,2,19852
TSS_1414_storz_regulondb,0.5714285714285714,9,6,CGCCCAGCCGTAGATGGAAC,3,13461
TSS_1414_storz_regulondb,0.42857142857142855,8,6,CGACTCTCGCAAGGACTGGT,2,63772
TSS_1414_storz_regulondb,0.2857142857142857,7,6,CGAACCGTCGTTTTCAGCCA,1,5400
TSS_1414_storz_regulondb,1.1428571428571428,13,6,CGAAAGGGTCGCCTGATTGC,7,25905
TSS_1414_storz_regulondb,1.0,12,6,CCTTGGGAAGTTTGCAAAGG,6,1841
TSS_1414_storz_regulondb,0.2857142857142857,7,6,CCTTGGCATACGCATTTGAT,1,1667
TSS_1414_storz_regulondb,0.2857142857142857,7,6,CCTTGCCTTGGAAAAGAGAA,1,16900
TSS_1414_storz_regulondb,0.2857142857142857,7,6,CCTTCGTGTGTTCGTTTTCT,1,74142
TSS_1414_storz_regulondb,0.8571428571428571,11,6,CCTGCCTCATTCCTTGGTGA,5,2247
TSS_1414_storz_regulondb,0.2857142857142857,7,6,CCGGGGTGCTGTTCACTCAC,1,52676
TSS_1414_storz_regulondb,77.85714285714286,550,6,CCGGAGTTAATCGAGAGATA,544,79061
TSS_1414_storz_regulondb,0.2857142857142857,7,6,CCGAACGATCTGCAGGATAC,1,28579
TSS_1414_storz_regulondb,0.2857142857142857,7,6,CCCAAAATACCGCATCGGCC,1,49125
TSS_1414_storz_regulondb,0.5714285714285714,9,6,CCATGAAATGTGTTCAAAGG,3,76073
TSS_1414_storz_regulondb,0.5714285714285714,9,6,CCATATACACTGTGCAGTTC,3,23339
TSS_1414_storz_regulondb,0.42857142857142855,8,6,CCACCTACACTGCTCGACGG,2,31181
TSS_1414_storz_regulondb,0.2857142857142857,7,6,CCAACCGGAACCAGTACGAG,1,74286
TSS_1414_storz_regulondb,0.2857142857142857,7,6,CATGACCCGAGCTTTGCGCC,1,16156
TSS_1414_storz_regulondb,0.2857142857142857,7,6,CATCCCTTCGCCATTCCGTG,1,80670
TSS_1414_storz_regulondb,0.42857142857142855,8,6,CATCACCTGTGATTCGGGAT,2,76337
TSS_1414_storz_regulondb,0.2857142857142857,7,6,CATATTTGTGATGCGAAGGA,1,31581
TSS_1414_storz_regulondb,34.142857142857146,244,6,CAGTGTTCAGTATCTTTACC,238,60604
TSS_1414_storz_regulondb,0.2857142857142857,7,6,CAGTGGACAGGAGGCTGTCA,1,62893
TSS_1414_storz_regulondb,0.7142857142857143,10,6,CAGTCGGGCAGACAGTCATA,4,3579
TSS_1414_storz_regulondb,123.71428571428571,871,6,CAGGTCGCCGTATTGAACTC,865,14722
TSS_1414_storz_regulondb,1.8571428571428572,18,6,CAGGAGCTTGGATATCTGGT,12,7928
TSS_1414_storz_regulondb,45.0,320,6,CAGCCAATTATCCCCGGCGG,314,27900
TSS_1414_storz_regulondb,1.1428571428571428,13,6,CAGAATGCGTATTGTCAACG,7,9086
TSS_1414_storz_regulondb,0.2857142857142857,7,6,CAGAATAAATCGAAGGGAAG,1,18304
TSS_1414_storz_regulondb,0.2857142857142857,7,6,CACTTGTTGGGATCGCGAAG,1,54389
TSS_1414_storz_regulondb,0.2857142857142857,7,6,CACCGAATCCTCGTATATCG,1,19264
TSS_1414_storz_regulondb,1.1428571428571428,13,6,CACATTCGATTGGCCGGTAT,7,80928
TSS_1414_storz_regulondb,1.1428571428571428,13,6,CACAGAACGCATATCGAGGA,7,20767
TSS_1414_storz_regulondb,0.42857142857142855,8,6,CAAGGAAAGGGCACCCGCTT,2,14154
TSS_1414_storz_regulondb,0.8571428571428571,11,6,CAAGATACCAATTTCGTTAC,5,27828
TSS_1414_storz_regulondb,0.42857142857142855,8,6,CAACTTCAGAATAGCGATGA,2,32859
TSS_1414_storz_regulondb,0.7142857142857143,10,6,ATTTATGATATAGATTAGGT,4,51029
TSS_1414_storz_regulondb,0.2857142857142857,7,6,ATTGGGCACGAAATCCATTC,1,37345
TSS_1414_storz_regulondb,0.2857142857142857,7,6,ATTGCTGGATTCCATCAACT,1,5256
TSS_1414_storz_regulondb,0.8571428571428571,11,6,ATTACTTTGCAGAGGGTAGT,5,13661
TSS_1414_storz_regulondb,0.8571428571428571,11,6,ATGTCTAGAGTCTATTGGGT,5,28146
TSS_1414_storz_regulondb,26.428571428571427,190,6,ATGTATTCGCTACTTTCCCG,184,43806
TSS_1414_storz_regulondb,0.2857142857142857,7,6,ATGTAACATCTGGTGAACAA,1,76316
TSS_1414_storz_regulondb,1.5714285714285714,16,6,ATGCGTCAAAGTTTCCAGAG,10,6273
TSS_1414_storz_regulondb,0.2857142857142857,7,6,ATCTAAATGGCGGTTGTCAG,1,55867
TSS_1414_storz_regulondb,0.8571428571428571,11,6,ATCGCAGCCAAAATCCTTTC,5,54352
TSS_1414_storz_regulondb,1.0,12,6,ATCAAGGGTTAGTCGAGGCT,6,78187
TSS_1414_storz_regulondb,0.42857142857142855,8,6,ATCAAGGGCGGTGTACTGGC,2,57164
TSS_1414_storz_regulondb,0.7142857142857143,10,6,ATACCGGTGTACCCACTTCC,4,17938
TSS_1414_storz_regulondb,0.2857142857142857,7,6,ATAATTATGTTCTTAATAAA,1,79266
TSS_1414_storz_regulondb,0.2857142857142857,7,6,AGTGTAAACGAGCCAAAATC,1,44259
TSS_1414_storz_regulondb,0.8571428571428571,11,6,AGTGCCCGCCCAGCCCTATT,5,58873
TSS_1414_storz_regulondb,0.42857142857142855,8,6,AGGTTCAGGCCGGAGTGTTA,2,45113
TSS_1414_storz_regulondb,0.2857142857142857,7,6,AGCTAGGCAATTCTGTGTTA,1,67455
TSS_1414_storz_regulondb,0.2857142857142857,7,6,AGCGAGAAAGACGTCATCTC,1,924
TSS_1414_storz_regulondb,0.5714285714285714,9,6,AGATGGCGGTGCGTGGTCTC,3,57260
TSS_1414_storz_regulondb,1.0,12,6,AGACAGAAGGGTGGCAGCGT,6,46905
TSS_1414_storz_regulondb,0.42857142857142855,8,6,ACGTTTCCTACGGGCTGTTT,2,78104
TSS_1414_storz_regulondb,0.5714285714285714,9,6,ACGCGGCGACAGTAGTCAAC,3,75552
TSS_1414_storz_regulondb,0.2857142857142857,7,6,ACGCGCGCTAGCCCATGTAT,1,67894
TSS_1414_storz_regulondb,0.2857142857142857,7,6,ACGAGCGGTTTCGCCTTGAA,1,63769
TSS_1414_storz_regulondb,0.8571428571428571,11,6,ACCCGCTTGGAAGCTGATCT,5,12764
TSS_1414_storz_regulondb,0.2857142857142857,7,6,ACAAAACCACCTGCCGGCCA,1,22712
TSS_1414_storz_regulondb,0.2857142857142857,7,6,AATTTTATCATTGACCGGAG,1,2439
TSS_1414_storz_regulondb,0.2857142857142857,7,6,AATTGGTTAGGAGTTTAGCA,1,35702
TSS_1414_storz_regulondb,0.42857142857142855,8,6,AAGCCACTGCCCATCACGAT,2,58219
TSS_1414_storz_regulondb,0.5714285714285714,9,6,AACTTTCGTTCCACCGCATA,3,72453
TSS_1414_storz_regulondb,0.2857142857142857,7,6,AAACTACACGTACCCGGGCC,1,42327
TSS_1414_storz_regulondb,1.0,10,5,TTTACGTTTCCGCTTCAAGT,5,40328
TSS_1414_storz_regulondb,0.3333333333333333,6,5,TTGTGCACAAGAATGCAAAT,1,80072
TSS_1414_storz_regulondb,0.6666666666666666,8,5,TTGGGGTTAGATATAGCGAG,3,67557
TSS_1414_storz_regulondb,0.5,7,5,TTGATTTCGCTTGAGAGAGT,2,39528
TSS_1414_storz_regulondb,0.5,7,5,TTGATCAAGCGGCCTACTTA,2,32198
TSS_1414_storz_regulondb,0.3333333333333333,6,5,TTGACGGTACCCTGCCTTAT,1,21415
TSS_1414_storz_regulondb,1.6666666666666667,14,5,TTCCGAATGCAACCTCTATG,9,18232
TSS_1414_storz_regulondb,0.3333333333333333,6,5,TTCATTTGACTGAAGCTCCC,1,3354
TSS_1414_storz_regulondb,0.6666666666666666,8,5,TTCATCCTTTCACTCCTTCT,3,69728
TSS_1414_storz_regulondb,0.5,7,5,TTACAATTCCGCCTTGCTAG,2,65390
TSS_1414_storz_regulondb,1.3333333333333333,12,5,TGTTCCCATGTCCGTATGGG,7,80051
TSS_1414_storz_regulondb,0.3333333333333333,6,5,TGTACGCTAGGGAGTCTCAT,1,16814
TSS_1414_storz_regulondb,1.8333333333333333,15,5,TGAGGTGATGCGTCACGAGG,10,20447
TSS_1414_storz_regulondb,47.0,286,5,TCTTTGTCAAGGTTCACCTT,281,18990
TSS_1414_storz_regulondb,0.3333333333333333,6,5,TCTGCTCAGCTAAGAGCTTC,1,15134
TSS_1414_storz_regulondb,0.3333333333333333,6,5,TCGGCATTTTCGTTGTCCTT,1,65594
TSS_1414_storz_regulondb,0.3333333333333333,6,5,TCGCCTCGCCGTCAATGTCG,1,54790
TSS_1414_storz_regulondb,141.33333333333334,852,5,TCGATACACCGCGGGACTGG,847,23424
TSS_1414_storz_regulondb,0.3333333333333333,6,5,TCATATTTGCTAAAGCTCTA,1,37160
TSS_1414_storz_regulondb,0.6666666666666666,8,5,TCAGGGCGGGATGCCAGTAG,3,70050
TSS_1414_storz_regulondb,0.8333333333333334,9,5,TCAGACATTACCTTGCACGC,4,22292
TSS_1414_storz_regulondb,0.3333333333333333,6,5,TCACCCTTCACAGATCGATT,1,51038
TSS_1414_storz_regulondb,3.0,22,5,TCAACCCAGAAATCGCTAGA,17,75025
TSS_1414_storz_regulondb,0.3333333333333333,6,5,TATATTTCAGTCGGTTACCG,1,44094
TSS_1414_storz_regulondb,0.3333333333333333,6,5,TATACATAATTTGAGCTCTC,1,77645
TSS_1414_storz_regulondb,1.3333333333333333,12,5,TAGCTAGTATGCATTCGTGA,7,19982
TSS_1414_storz_regulondb,0.5,7,5,TACTTTGTCACTCTATTACG,2,31301
TSS_1414_storz_regulondb,16.833333333333332,105,5,TACCACACTTGTCGGGTCGA,100,39737
TSS_1414_storz_regulondb,0.3333333333333333,6,5,TAACGAAACTCGACAGATCG,1,65520
TSS_1414_storz_regulondb,1.0,10,5,TAAACTCCTCTGCGCACATA,5,33276
TSS_1414_storz_regulondb,0.3333333333333333,6,5,GTTGTTATATTCGGCGATCT,1,41837
TSS_1414_storz_regulondb,0.3333333333333333,6,5,GTTATGAATGTAATAAGCAC,1,51519
TSS_1414_storz_regulondb,0.3333333333333333,6,5,GTGTAGCCCGTCTACGACTA,1,23811
TSS_1414_storz_regulondb,0.3333333333333333,6,5,GTGGTAAAGCGGTGATTGAA,1,16947
TSS_1414_storz_regulondb,0.3333333333333333,6,5,GTAGTCTTTGCTTGGTAGTA,1,51770
TSS_1414_storz_regulondb,0.3333333333333333,6,5,GTACTGGTCACTAAATACGT,1,31189
TSS_1414_storz_regulondb,1.0,10,5,GGTGTCAAGCAACGGACGCA,5,14705
TSS_1414_storz_regulondb,0.3333333333333333,6,5,GGTCGGACGTGCAAAATGGC,1,5682
TSS_1414_storz_regulondb,0.5,7,5,GGTATTTAGGCCAGACGTGG,2,45742
TSS_1414_storz_regulondb,1.0,10,5,GGGGTGCCTACTAACATGCG,5,63595
TSS_1414_storz_regulondb,0.3333333333333333,6,5,GGGGACTGTAAGTCTCTCTT,1,78089
TSS_1414_storz_regulondb,0.3333333333333333,6,5,GGCCCAGCAAGTACTCATAC,1,66085
TSS_1414_storz_regulondb,0.5,7,5,GGCAAGGATAACTTACTTGC,2,60935
TSS_1414_storz_regulondb,0.3333333333333333,6,5,GGACAGTGGAATGTCGGCAA,1,69181
TSS_1414_storz_regulondb,93.33333333333333,564,5,GCTGAAGTAAGGCGGGGATG,559,25162
TSS_1414_storz_regulondb,0.3333333333333333,6,5,GCTCGGTCAACCGCTGCGCA,1,16083
TSS_1414_storz_regulondb,0.3333333333333333,6,5,GCTCGGCTATGCGTCACAAA,1,79033
TSS_1414_storz_regulondb,0.3333333333333333,6,5,GCTATTTCAATTACCGCGCT,1,19131
TSS_1414_storz_regulondb,0.5,7,5,GCCGCCTTGGATTGACCCAG,2,62184
TSS_1414_storz_regulondb,0.6666666666666666,8,5,GCCCGTAGTCATATAACGAG,3,70879
TSS_1414_storz_regulondb,0.3333333333333333,6,5,GCCCCCTATAAGAAATTCGT,1,18647
TSS_1414_storz_regulondb,0.3333333333333333,6,5,GCAGTACGGTCGCCACGGGT,1,75655
TSS_1414_storz_regulondb,32.833333333333336,201,5,GCAGGTTGGGTGACTGGGTA,196,8317
TSS_1414_storz_regulondb,1.0,10,5,GCAACTATAAAAGACCCTGG,5,40638
TSS_1414_storz_regulondb,1.0,10,5,GATGTCATACTAGATCCGAC,5,3955
TSS_1414_storz_regulondb,0.8333333333333334,9,5,GATGTAGCGAGTACTCTCTA,4,72330
TSS_1414_storz_regulondb,1.1666666666666667,11,5,GATCTTAGTAGCCGATAGTC,6,5988
TSS_1414_storz_regulondb,3.3333333333333335,24,5,GATCAGAGCATATTTCGCGG,19,5417
TSS_1414_storz_regulondb,0.3333333333333333,6,5,GATAACACTAAACTGTTCCT,1,23570
TSS_1414_storz_regulondb,0.3333333333333333,6,5,GAGGTTAGTTCTGTAGGCAA,1,42762
TSS_1414_storz_regulondb,0.3333333333333333,6,5,GAGCCTTCTCAGGGAGTGGA,1,20607
TSS_1414_storz_regulondb,0.5,7,5,GAGATTATGTTGGTTCATAT,2,48103
TSS_1414_storz_regulondb,0.3333333333333333,6,5,GAGACGATGACTCCGTTGAA,1,8192
TSS_1414_storz_regulondb,0.8333333333333334,9,5,GAGAATTCTCAGGGTATGGA,4,8641
TSS_1414_storz_regulondb,0.3333333333333333,6,5,GACGTTTGGCGCTACCCAGT,1,37686
TSS_1414_storz_regulondb,0.3333333333333333,6,5,GACATCGAAGTGTTATGTCG,1,51683
TSS_1414_storz_regulondb,0.5,7,5,GACATACGGGGATATAGGTA,2,16068
TSS_1414_storz_regulondb,0.3333333333333333,6,5,GAACTTGCTCCCTCGCAAAG,1,72166
TSS_1414_storz_regulondb,0.3333333333333333,6,5,GAACTCGACTATGCCCTGAT,1,58841
TSS_1414_storz_regulondb,1.5,13,5,CTTGACTCTGTAAGCCTCTC,8,50205
TSS_1414_storz_regulondb,0.3333333333333333,6,5,CTTCCATCCTCTCCCTTAAC,1,52209
TSS_1414_storz_regulondb,0.3333333333333333,6,5,CTGGCGGCGTGGCAGGTAGC,1,45140
TSS_1414_storz_regulondb,0.3333333333333333,6,5,CTCTCGACTCACTATTGGCG,1,63077
TSS_1414_storz_regulondb,0.3333333333333333,6,5,CTCTATAGGCGCGGTCACCG,1,26953
TSS_1414_storz_regulondb,1.0,10,5,CTCTACGTACGGTTCCCGCT,5,39911
TSS_1414_storz_regulondb,0.5,7,5,CTCTACGGGCCAACGCATTA,2,73817
TSS_1414_storz_regulondb,0.5,7,5,CTCGAAAGGTGGACAGGACA,2,60032
TSS_1414_storz_regulondb,0.3333333333333333,6,5,CTATTGAAGCTAAATTGCAT,1,69404
TSS_1414_storz_regulondb,91.66666666666667,554,5,CTAGAGTATTTGTGACGTAG,549,26192
TSS_1414_storz_regulondb,0.3333333333333333,6,5,CGTGGGCCCTATCGTGGGTT,1,32396
TSS_1414_storz_regulondb,0.3333333333333333,6,5,CGTGAGCCCGCCAGAAACGT,1,68533
TSS_1414_storz_regulondb,1.1666666666666667,11,5,CGTCTTCATGTTCTCGATCA,6,72911
TSS_1414_storz_regulondb,0.3333333333333333,6,5,CGTATCGCAACCGTCTCTAG,1,43675
TSS_1414_storz_regulondb,1.1666666666666667,11,5,CGGGCTTGAGTTCTTAACTC,6,60398
TSS_1414_storz_regulondb,0.5,7,5,CGGGCATATTCGCGAACCAT,2,10806
TSS_1414_storz_regulondb,1.5,13,5,CGGCAGCCCTTACCCTGTGT,8,57417
TSS_1414_storz_regulondb,0.6666666666666666,8,5,CGCGTTTTCATTGTGTAGAC,3,76480
TSS_1414_storz_regulondb,0.3333333333333333,6,5,CGCCGGGTGTGCTATGGCAT,1,12328
TSS_1414_storz_regulondb,0.3333333333333333,6,5,CGCATTTCGGTAGGCGGAGC,1,53309
TSS_1414_storz_regulondb,0.3333333333333333,6,5,CGCATGTTTCCAGACTTCAC,1,51330
TSS_1414_storz_regulondb,0.8333333333333334,9,5,CGAGCTAAATACGCTCTACG,4,7324
TSS_1414_storz_regulondb,0.3333333333333333,6,5,CGACGCTGCCATCAGCGCAA,1,21665
TSS_1414_storz_regulondb,0.3333333333333333,6,5,CGACCCGTGTGCCCTAATCC,1,27599
TSS_1414_storz_regulondb,1.3333333333333333,12,5,CCTTTTACTCACTGATTTAG,7,73653
TSS_1414_storz_regulondb,0.3333333333333333,6,5,CCTCTACGTGGGCGCATGAT,1,3293
TSS_1414_storz_regulondb,0.3333333333333333,6,5,CCTACCTGCGGGCTTCGTAC,1,53252
TSS_1414_storz_regulondb,0.6666666666666666,8,5,CCGCTGCGCAGGTTCTTTTT,3,71825
TSS_1414_storz_regulondb,0.3333333333333333,6,5,CCGAGGTGGGTACACATAGG,1,53069
TSS_1414_storz_regulondb,0.3333333333333333,6,5,CCCGTTAGAACAGGAAGAAT,1,139
TSS_1414_storz_regulondb,0.3333333333333333,6,5,CCATTTCTAGCAAAAGCAGG,1,41839
TSS_1414_storz_regulondb,165.0,994,5,CCAGGTGTTACCATGAGAAA,989,72989
TSS_1414_storz_regulondb,0.6666666666666666,8,5,CCAGAATTTCACAGCTTCTC,3,8747
TSS_1414_storz_regulondb,0.8333333333333334,9,5,CATTCTGCTCCTAAAGACGA,4,17554
TSS_1414_storz_regulondb,0.3333333333333333,6,5,CATTACGGTCTGGAGCCAGG,1,13051
TSS_1414_storz_regulondb,0.3333333333333333,6,5,CATCGAAAAGCGTTTATTAT,1,31732
TSS_1414_storz_regulondb,0.3333333333333333,6,5,CATATGTAAGTCAGTTAGCT,1,70727
TSS_1414_storz_regulondb,0.3333333333333333,6,5,CATATCGTTGGCCGAATGAC,1,9874
TSS_1414_storz_regulondb,0.3333333333333333,6,5,CATAGTCCCCCACGAGCAGC,1,77893
TSS_1414_storz_regulondb,0.6666666666666666,8,5,CAGGTTGTCATGCCTCGCTT,3,74946
TSS_1414_storz_regulondb,1.3333333333333333,12,5,CAGGCGTCTGGGCGCATGGG,7,42591
TSS_1414_storz_regulondb,0.3333333333333333,6,5,CAGGCGACATGGTTCTGAAG,1,38250
TSS_1414_storz_regulondb,0.3333333333333333,6,5,CACGGCGTCCCTCACGTCAG,1,64548
TSS_1414_storz_regulondb,0.5,7,5,CACGCAACAAGGGTGCGCTA,2,44802
TSS_1414_storz_regulondb,0.3333333333333333,6,5,CACGAATTCCCCCTAGCTTG,1,24087
TSS_1414_storz_regulondb,0.5,7,5,CAACTCGTTGTTGTATCATA,2,79405
TSS_1414_storz_regulondb,0.6666666666666666,8,5,CAACGCGCAGGTTAGAGATC,3,72227
TSS_1414_storz_regulondb,0.3333333333333333,6,5,CAACCGAGCGGCCGGGTCGT,1,21525
TSS_1414_storz_regulondb,0.6666666666666666,8,5,CAACAATGTGGTAGCTCAGG,3,29572
TSS_1414_storz_regulondb,0.3333333333333333,6,5,CAAATTTAAATGATGGTTAT,1,11971
TSS_1414_storz_regulondb,0.3333333333333333,6,5,ATTTTGTATACCTAATCGGC,1,14940
TSS_1414_storz_regulondb,1.1666666666666667,11,5,ATTGTATATAGTGGTAAGTA,6,50957
TSS_1414_storz_regulondb,0.3333333333333333,6,5,ATTGATGGGTCAGCCCCTCT,1,52345
TSS_1414_storz_regulondb,0.3333333333333333,6,5,ATTCATGCGCGGCCTTGGAC,1,56838
TSS_1414_storz_regulondb,0.3333333333333333,6,5,ATTATCAGCATCCTTGCTCG,1,27680
TSS_1414_storz_regulondb,0.3333333333333333,6,5,ATGTGTAAGATTGCGGGTAG,1,73506
TSS_1414_storz_regulondb,0.5,7,5,ATGATGGGTTGTCAGTTGTA,2,51925
TSS_1414_storz_regulondb,14.166666666666666,89,5,ATATCGTGAAGCGGCTATGT,84,38502
TSS_1414_storz_regulondb,148.0,892,5,ATACCCTTGAAGGGCAAAGT,887,12035
TSS_1414_storz_regulondb,1.0,10,5,ATACCAACTGCTCGTTTGAT,5,41679
TSS_1414_storz_regulondb,0.5,7,5,AGTTCCAACAAAGACTCTAT,2,57882
TSS_1414_storz_regulondb,0.3333333333333333,6,5,AGTGTGTTTGAACGACCTGC,1,1971
TSS_1414_storz_regulondb,0.3333333333333333,6,5,AGTGTAGGCAGCGTATAGGC,1,14114
TSS_1414_storz_regulondb,0.6666666666666666,8,5,AGTGGGCTAGGTACGCGACC,3,16521
TSS_1414_storz_regulondb,0.3333333333333333,6,5,AGTGGATCCTTGCAAATAAA,1,7621
TSS_1414_storz_regulondb,1.0,10,5,AGTGATAAGCCGACTTCTGT,5,60281
TSS_1414_storz_regulondb,0.6666666666666666,8,5,AGTCATAATCAGCGTTAGGT,3,48161
TSS_1414_storz_regulondb,0.3333333333333333,6,5,AGGTATAGAGGAGTTTGGCT,1,18838
TSS_1414_storz_regulondb,0.3333333333333333,6,5,AGGGTGCCGTTACATATTAG,1,74654
TSS_1414_storz_regulondb,0.5,7,5,AGCGTGGGTCCGCTTCACGA,2,74981
TSS_1414_storz_regulondb,0.3333333333333333,6,5,AGAGCACGAGTGGGAAAATA,1,15955
TSS_1414_storz_regulondb,151.66666666666666,914,5,AGACCGCCCCTGTTCATCAT,909,78329
TSS_1414_storz_regulondb,0.5,7,5,ACTTGAGGGGTGTTTAGAAC,2,50577
TSS_1414_storz_regulondb,0.5,7,5,ACTAAAGACGAATAATAGAT,2,47568
TSS_1414_storz_regulondb,0.5,7,5,ACGTGGCAAGGCAAAAGGCA,2,64285
TSS_1414_storz_regulondb,0.3333333333333333,6,5,ACGTAAGTAGATTCTATCCA,1,19136
TSS_1414_storz_regulondb,0.5,7,5,ACGGCGAGATTATCCTCCTC,2,41505
TSS_1414_storz_regulondb,0.3333333333333333,6,5,ACCTTCAACGTCCAACATTC,1,25894
TSS_1414_storz_regulondb,0.5,7,5,ACATATAGATGGTTAGTAAA,2,64768
TSS_1414_storz_regulondb,0.3333333333333333,6,5,ACAACTGATCGCGGAAGCAT,1,59067
TSS_1414_storz_regulondb,1.6666666666666667,14,5,AATTGAGGAGCGACCGTCTG,9,3817
TSS_1414_storz_regulondb,0.8333333333333334,9,5,AATTCTCAGCCGTCCTGATG,4,56645
TSS_1414_storz_regulondb,0.3333333333333333,6,5,AATTACCACCCTTTTAACGT,1,68268
TSS_1414_storz_regulondb,0.3333333333333333,6,5,AATCTCTTGTAGAGAGTAGA,1,27252
TSS_1414_storz_regulondb,0.3333333333333333,6,5,AATCGCCCACAAATGGCTCA,1,37508
TSS_1414_storz_regulondb,0.3333333333333333,6,5,AATCATTCCCAGGGCAGTTT,1,51442
TSS_1414_storz_regulondb,76.5,463,5,AATATCAAAGGGGAGCAGAT,458,27521
TSS_1414_storz_regulondb,0.3333333333333333,6,5,AATAAATGCGGAATCCGTAA,1,19608
TSS_1414_storz_regulondb,0.6666666666666666,8,5,AAGGTATTGCATAGTCAACT,3,36219
TSS_1414_storz_regulondb,0.3333333333333333,6,5,AAGACGTAGATTATTATGTA,1,60694
TSS_1414_storz_regulondb,64.33333333333333,390,5,AAATAAATACGACCCTAGCG,385,80031
TSS_1414_storz_regulondb,1.1666666666666667,11,5,AAAGCGCCGCTCATCATTGT,6,51074
TSS_1414_storz_regulondb,0.8333333333333334,9,5,AAACGGTAATTCAAGAGTTT,4,50199
TSS_1414_storz_regulondb,1.6666666666666667,14,5,AAAACGTTTTCCAGGTCGTA,9,54835
TSS_1414_storz_regulondb,0.3333333333333333,6,5,AAAACAAAGTACCTCCGAGA,1,20573
TSS_1414_storz_regulondb,1.2,9,4,TTTTCGGCTTGCTACGTTTG,5,8979
TSS_1414_storz_regulondb,1.2,9,4,TTTGGGGAGTTTACCCGTAC,5,41134
TSS_1414_storz_regulondb,0.6,6,4,TTTCCACACGCTCATATATT,2,9782
TSS_1414_storz_regulondb,1.2,9,4,TTGGTGGGGCAAGCTGTTGC,5,32475
TSS_1414_storz_regulondb,1.2,9,4,TTGCACACTCCTAGTGTCCT,5,17145
TSS_1414_storz_regulondb,0.4,5,4,TTCTGGCCCGGTAATCGTGG,1,74049
TSS_1414_storz_regulondb,1.0,8,4,TTCTACGAATGGGGGCGGTT,4,77623
TSS_1414_storz_regulondb,1.8,12,4,TTCGCTGCCCTGTATAGGGA,8,74632
TSS_1414_storz_regulondb,39.0,198,4,TTCGCTCCAGCCGTATTGTG,194,29063
TSS_1414_storz_regulondb,0.4,5,4,TTAATTTCTTCGTCTATCAC,1,3512
TSS_1414_storz_regulondb,0.6,6,4,TGTTAACAGGCTAGACGGTT,2,45131
TSS_1414_storz_regulondb,0.6,6,4,TGTCTGTGGTTCCGTTTAGG,2,1099
TSS_1414_storz_regulondb,30.8,157,4,TGTATTTACTCTATTAGATG,153,29974
TSS_1414_storz_regulondb,0.4,5,4,TGTATACCTTATAGAAACAT,1,42908
TSS_1414_storz_regulondb,0.4,5,4,TGGGCTGGCTTACCAACTAA,1,7015
TSS_1414_storz_regulondb,2.0,13,4,TGGACCAGTTATGACATTGA,9,71733
TSS_1414_storz_regulondb,166.4,835,4,TGGACAAGTTTTTACGATGT,831,26176
TSS_1414_storz_regulondb,0.6,6,4,TGCTGTGCAGTCTCGGGTCC,2,66487
TSS_1414_storz_regulondb,1.8,12,4,TGCGTGGAGCCATATCTTAT,8,11721
TSS_1414_storz_regulondb,0.4,5,4,TGATGTCATGGGTCAAGCGA,1,16080
TSS_1414_storz_regulondb,1.8,12,4,TCTTTTCAGGGTAGCCAGTT,8,50619
TSS_1414_storz_regulondb,0.4,5,4,TCTGCTTATAGGTCAAACCT,1,8694
TSS_1414_storz_regulondb,27.4,140,4,TCTGCTCCTCGTTTACTTTT,136,25871
TSS_1414_storz_regulondb,0.4,5,4,TCTGCATGCGGAAAGTATTT,1,48510
TSS_1414_storz_regulondb,0.4,5,4,TCTGAAAACAAGGTGTAGAT,1,58608
TSS_1414_storz_regulondb,0.6,6,4,TCTCCTCATGACGTCACGTG,2,49928
TSS_1414_storz_regulondb,0.4,5,4,TCTATTTACGCCCCCTTCGC,1,29237
TSS_1414_storz_regulondb,0.6,6,4,TCTACCCCAAATGGTTGCCA,2,41441
TSS_1414_storz_regulondb,0.4,5,4,TCTAAGTTATTGCAAGTGTT,1,6969
TSS_1414_storz_regulondb,0.4,5,4,TCGTTGCAGCCTAGCCTTCT,1,21437
TSS_1414_storz_regulondb,0.4,5,4,TCCGGATCTAGTGGACGAAA,1,22378
TSS_1414_storz_regulondb,2.4,15,4,TCCCTATGATTATTGGCTAC,11,10516
TSS_1414_storz_regulondb,0.8,7,4,TCCACATTACGTCCATCGAG,3,76847
TSS_1414_storz_regulondb,0.4,5,4,TCATGCACCTTCGTAGACGG,1,66830
TSS_1414_storz_regulondb,1.4,10,4,TCAAGAGGCTACACGAGGTA,6,43901
TSS_1414_storz_regulondb,0.4,5,4,TAGGGAAGAAAAATGGATAA,1,7909
TSS_1414_storz_regulondb,2.0,13,4,TAGACTAGCGTACTACTAAC,9,31502
TSS_1414_storz_regulondb,0.4,5,4,TAACGCCCCAGTAGGAGCAT,1,56282
TSS_1414_storz_regulondb,0.6,6,4,TAAAGATCAACTCGTTTGTT,2,29385
TSS_1414_storz_regulondb,0.4,5,4,TAAAAATATAGAGGCGTTGA,1,64466
TSS_1414_storz_regulondb,0.6,6,4,GTTTCAGATTCGCTGTTTTT,2,35721
TSS_1414_storz_regulondb,0.4,5,4,GTTCTTCTCGCAGTATTCCC,1,58121
TSS_1414_storz_regulondb,0.4,5,4,GTTCCGATCGTTACACTCGG,1,46671
TSS_1414_storz_regulondb,1.6,11,4,GTGTCCCGGGAACTCGGCTT,7,75013
TSS_1414_storz_regulondb,0.8,7,4,GTCTCGCGCGAGCTCCTGGC,3,37985
TSS_1414_storz_regulondb,2.2,14,4,GTATTTGTGGCGACGTCATA,10,58037
TSS_1414_storz_regulondb,0.8,7,4,GTATGTCATGAATGAAGGTT,3,49381
TSS_1414_storz_regulondb,1.2,9,4,GGTTGATTCATTGACAATCC,5,50367
TSS_1414_storz_regulondb,0.6,6,4,GGTTGAGCACTCATCGTGCT,2,31133
TSS_1414_storz_regulondb,0.6,6,4,GGTTAGAGTGCCACCGCTGG,2,68645
TSS_1414_storz_regulondb,0.6,6,4,GGTCGCTGTCAGTTCTTTCT,2,74480
TSS_1414_storz_regulondb,1.6,11,4,GGTCCATCTACAATCACGGG,7,42213
TSS_1414_storz_regulondb,0.4,5,4,GGGTAAGTCTGACGATCCTA,1,49443
TSS_1414_storz_regulondb,1.4,10,4,GGGGAGCATTGTTGGCCTCC,6,58990
TSS_1414_storz_regulondb,0.4,5,4,GGGATCTCCGCCGGGTCCTA,1,26006
TSS_1414_storz_regulondb,0.4,5,4,GGCTTCAATCTGTCCCTTCT,1,64820
TSS_1414_storz_regulondb,1.6,11,4,GGCCTGTGCAAATAGGTCCG,7,68534
TSS_1414_storz_regulondb,1.0,8,4,GGCCGTGTCGCAGGAGCGCC,4,47120
TSS_1414_storz_regulondb,1.2,9,4,GGCACCACGGGACACAGTCC,5,1409
TSS_1414_storz_regulondb,1.6,11,4,GGATCTACGAGAGTAATTAA,7,13397
TSS_1414_storz_regulondb,0.4,5,4,GCTGGTTACAGAATTTTCTC,1,17972
TSS_1414_storz_regulondb,1.0,8,4,GCTCACGCTACGCTGCCTAA,4,57873
TSS_1414_storz_regulondb,0.4,5,4,GCGGCGCGCACTCGCAGATT,1,11080
TSS_1414_storz_regulondb,26.6,136,4,GCGCCTCCGTTTACGGTGGA,132,23678
TSS_1414_storz_regulondb,0.4,5,4,GCCCAGGGCAACGAAGGGAA,1,7285
TSS_1414_storz_regulondb,0.6,6,4,GCCAACTCTTGCTCTACGAA,2,31727
TSS_1414_storz_regulondb,0.4,5,4,GCACCACGGGGGGTGCGGCG,1,73206
TSS_1414_storz_regulondb,1.6,11,4,GCAACGGTGTCTGCTGACTT,7,38484
TSS_1414_storz_regulondb,0.4,5,4,GATTTGTGTCCGTCTCACCG,1,5847
TSS_1414_storz_regulondb,0.4,5,4,GATCTGTTTGGTGAGGGTTT,1,41726
TSS_1414_storz_regulondb,0.8,7,4,GACTCATATGTGCGATTAGC,3,11482
TSS_1414_storz_regulondb,1.0,8,4,GACAAACTGGGCGGTTTTGC,4,41576
TSS_1414_storz_regulondb,1.2,9,4,GAAGGGTGGAAAACTGGTTA,5,61479
TSS_1414_storz_regulondb,2.2,14,4,GAAGCAAGACATGAGAAGGT,10,9493
TSS_1414_storz_regulondb,1.4,10,4,GAAGAACAACAGAATCGGAA,6,55512
TSS_1414_storz_regulondb,0.4,5,4,GAAACATCCATCCATACATC,1,51614
TSS_1414_storz_regulondb,0.4,5,4,CTTTAGACAACGATCGATTT,1,1778
TSS_1414_storz_regulondb,0.4,5,4,CTTGGCGGGGTTATATAAGT,1,43895
TSS_1414_storz_regulondb,2.4,15,4,CTTCACCCTATGTCAAAGTG,11,52721
TSS_1414_storz_regulondb,0.4,5,4,CTTCAATCTGGAAATAACCT,1,11996
TSS_1414_storz_regulondb,181.0,908,4,CTGGTCGTGGGATCTCCATT,904,17722
TSS_1414_storz_regulondb,0.4,5,4,CTGAGGCTCATTAACTACGT,1,503
TSS_1414_storz_regulondb,0.4,5,4,CTGAAGCGCCCCACTGACCT,1,34571
TSS_1414_storz_regulondb,0.8,7,4,CTCGGAACCATACGTACAGG,3,22788
TSS_1414_storz_regulondb,0.4,5,4,CTCAGGATTTCTCTTTCCTG,1,35127
TSS_1414_storz_regulondb,1.0,8,4,CTCAGCCGTTCGGTGCACCC,4,4070
TSS_1414_storz_regulondb,1.8,12,4,CTATTGATGCACAGATCGAA,8,34613
TSS_1414_storz_regulondb,2.2,14,4,CTATATTTGCACGTTGGACG,10,52747
TSS_1414_storz_regulondb,2.0,13,4,CTAGTCCTTCCTGTACACGG,9,44993
TSS_1414_storz_regulondb,0.8,7,4,CTAGGTATGCCGGGACCCAG,3,56269
TSS_1414_storz_regulondb,0.6,6,4,CTAATTGGTCCCACCATGCT,2,75372
TSS_1414_storz_regulondb,0.8,7,4,CGTTTATCCTACAGTGCCAA,3,47195
TSS_1414_storz_regulondb,2.2,14,4,CGGTTTAACAATCAAGTGAC,10,34843
TSS_1414_storz_regulondb,0.4,5,4,CGGGTCGGCACCGGAGGTTG,1,11795
TSS_1414_storz_regulondb,56.8,287,4,CGGGGTACTCGATTCGTCAA,283,28446
TSS_1414_storz_regulondb,0.4,5,4,CGGGGGGACGCCCTAAGGGG,1,24294
TSS_1414_storz_regulondb,0.6,6,4,CGCAGAGGCAGTTAATCGCA,2,8197
TSS_1414_storz_regulondb,225.6,1131,4,CGAGTGACCCAGGCTGGACT,1127,62669
TSS_1414_storz_regulondb,0.4,5,4,CGAGCTTTTGTCACGGGGCA,1,33337
TSS_1414_storz_regulondb,0.6,6,4,CGAGCTCACATAAACCATCT,2,32696
TSS_1414_storz_regulondb,2.6,16,4,CCTCGACAAGTCCGGCAGAC,12,11305
TSS_1414_storz_regulondb,2.6,16,4,CCTCAGAGAGATATCGCGTA,12,75005
TSS_1414_storz_regulondb,0.4,5,4,CCTCAGAACGACGCCCCTTT,1,9907
TSS_1414_storz_regulondb,0.4,5,4,CCGCGTATTAGCGATTAGGA,1,66670
TSS_1414_storz_regulondb,0.8,7,4,CCGCGCGCTTGGTAAAAGAT,3,75801
TSS_1414_storz_regulondb,0.4,5,4,CCCTGATGTAGCAGTCCGTA,1,12135
TSS_1414_storz_regulondb,3.4,20,4,CCCATGCACTCCCGGAGACT,16,3712
TSS_1414_storz_regulondb,0.4,5,4,CATGGATACACCATTTACAC,1,35016
TSS_1414_storz_regulondb,1.2,9,4,CATCCAGTTGTGCCGTGGCT,5,38155
TSS_1414_storz_regulondb,0.4,5,4,CAGCGTATGCATATGCGGTA,1,43509
TSS_1414_storz_regulondb,0.8,7,4,CAGCCAATTTGGAAGGACGG,3,2011
TSS_1414_storz_regulondb,144.4,725,4,CAGACTTGCTTCTCGCTGTC,721,78971
TSS_1414_storz_regulondb,2.4,15,4,CACGCTTTTCACCCGGTAAC,11,20553
TSS_1414_storz_regulondb,0.4,5,4,CACCAAGAACTTCCTCTAAA,1,25474
TSS_1414_storz_regulondb,1.6,11,4,CACAAACTATCAGTACAGCG,7,43546
TSS_1414_storz_regulondb,0.4,5,4,CAAGGTTGTCGTTATATGCC,1,1272
TSS_1414_storz_regulondb,70.4,355,4,CAAATTCGGGAAATTGCAGG,351,35601
TSS_1414_storz_regulondb,0.6,6,4,CAAATCGTTGATCATTGAAT,2,28314
TSS_1414_storz_regulondb,0.4,5,4,ATTTTTGTCCCAGGTGTTTC,1,6691
TSS_1414_storz_regulondb,0.4,5,4,ATTTGCGGAATCTTACCTGA,1,39736
TSS_1414_storz_regulondb,0.4,5,4,ATTGTTACAGCGGTTGCAGT,1,24398
TSS_1414_storz_regulondb,0.4,5,4,ATTATGGACTTGAGCGTCCT,1,64695
TSS_1414_storz_regulondb,1.0,8,4,ATGTCGCAGATCTAGCTGTT,4,9124
TSS_1414_storz_regulondb,1.4,10,4,ATGTCCTGCTCGGGACTAGC,6,12251
TSS_1414_storz_regulondb,188.8,947,4,ATGGCAAACGCTGACTTGTG,943,51114
TSS_1414_storz_regulondb,1.2,9,4,ATCTTGATTTTTCCAACCAT,5,64891
TSS_1414_storz_regulondb,1.0,8,4,ATCTTCACGTTCTAGTCTAT,4,9113
TSS_1414_storz_regulondb,0.6,6,4,ATCGTGGAAAAAAGCTGCTC,2,61408
TSS_1414_storz_regulondb,0.4,5,4,ATCGTGATTTTCCTATGGGC,1,47078
TSS_1414_storz_regulondb,0.6,6,4,ATCGAACAAACGAGGTGAAT,2,6634
TSS_1414_storz_regulondb,0.4,5,4,ATACCACTACAGGATACGCA,1,12815
TSS_1414_storz_regulondb,0.4,5,4,ATAATTCTATGCGGTCTTCA,1,21228
TSS_1414_storz_regulondb,50.4,255,4,AGTTAGCACACATAATTTTA,251,26249
TSS_1414_storz_regulondb,0.4,5,4,AGTGTCCTTATTGTTTCTGA,1,26165
TSS_1414_storz_regulondb,0.8,7,4,AGTCTTGAATGAAAACGAAT,3,69553
TSS_1414_storz_regulondb,0.8,7,4,AGTCGTCATATGGCGATCAA,3,51007
TSS_1414_storz_regulondb,0.6,6,4,AGTCCAAACGCTTTCCAATA,2,63281
TSS_1414_storz_regulondb,0.8,7,4,AGGGTTGGTAGCATTAAGCG,3,57776
TSS_1414_storz_regulondb,1.0,8,4,AGGGAGAGGCGCAAAGCCGA,4,74398
TSS_1414_storz_regulondb,0.4,5,4,AGGCTTCGTTCGAAATAATG,1,11310
TSS_1414_storz_regulondb,0.4,5,4,AGCTAGCAGGCACGGGTGAG,1,69557
TSS_1414_storz_regulondb,0.4,5,4,AGCCCGTTCCAGACTGGTGC,1,27993
TSS_1414_storz_regulondb,0.8,7,4,AGCATCACAGATGGATCTTC,3,66524
TSS_1414_storz_regulondb,0.4,5,4,AGCAAGTTCTCGAGGTCCTG,1,13118
TSS_1414_storz_regulondb,0.6,6,4,AGCAAATTCACCCGAGGTAA,2,5333
TSS_1414_storz_regulondb,0.4,5,4,AGAGAGGCCGGATCGAACCA,1,39332
TSS_1414_storz_regulondb,20.6,106,4,ACTTTGCTAGAAAAGTTTCG,102,43766
TSS_1414_storz_regulondb,1.2,9,4,ACTTATTACGGGATAAAGTA,5,15428
TSS_1414_storz_regulondb,0.6,6,4,ACGCTGACGATTGCCTAGTC,2,68585
TSS_1414_storz_regulondb,0.8,7,4,ACCGGACGCCAACACAACCT,3,40949
TSS_1414_storz_regulondb,70.4,355,4,ACATTTCTGTGGACAAGCAT,351,36866
TSS_1414_storz_regulondb,0.4,5,4,ACATGTATATTTCGTACCAT,1,38489
TSS_1414_storz_regulondb,0.4,5,4,ACAAAAACGTACGCGACGGG,1,12173
TSS_1414_storz_regulondb,2.0,13,4,AATGTTGTCTGGCCTTATGG,9,7901
TSS_1414_storz_regulondb,0.8,7,4,AATAAGTTCCTGTGCCGCGT,3,69177
TSS_1414_storz_regulondb,0.6,6,4,AACTTACTCCGAAGCGTAAC,2,61807
TSS_1414_storz_regulondb,0.4,5,4,AACATTGTGCACGTCCCTGT,1,9283
TSS_1414_storz_regulondb,0.6,6,4,AACAATTGTGGTCCCGTCTG,2,58133
TSS_1414_storz_regulondb,0.4,5,4,AAAGTACACGGGGCTTATGG,1,54786
TSS_1414_storz_regulondb,0.4,5,4,AAAGGGGAGCACATTGGATA,1,75115
TSS_1414_storz_regulondb,0.6,6,4,AAACAGAACCTGATTTGACT,2,22954
TSS_1414_storz_regulondb,0.5,4,3,TTTTTCTTGCGTCTCAGGCA,1,6616
TSS_1414_storz_regulondb,0.5,4,3,TTTGTTCGGTACAGAAAGAT,1,45798
TSS_1414_storz_regulondb,1.75,9,3,TTTGCAGCATGATACCTCCT,6,79872
TSS_1414_storz_regulondb,0.5,4,3,TTTGCAACGCTAGAGTTTAG,1,62066
TSS_1414_storz_regulondb,1.0,6,3,TTTCGCTTGGTCTGGCAGCC,3,54140
TSS_1414_storz_regulondb,0.5,4,3,TTCGGGTCAGATAACAGACG,1,52741
TSS_1414_storz_regulondb,0.5,4,3,TTCCTTACATGGCGTGTATG,1,80041
TSS_1414_storz_regulondb,1.0,6,3,TTCCAGACAGTGGAGATTCA,3,29062
TSS_1414_storz_regulondb,2.25,11,3,TTCCAAATCAAGATTGAAGC,8,48432
TSS_1414_storz_regulondb,0.5,4,3,TTAACCACCGTTGACTTCAA,1,70263
TSS_1414_storz_regulondb,0.5,4,3,TGTTGGGCCTTTTTTGAATT,1,59216
TSS_1414_storz_regulondb,58.5,236,3,TGTAGTAGCCACCAAGAGTG,233,18332
TSS_1414_storz_regulondb,0.5,4,3,TGTACACAGTATCTTAGACC,1,63123
TSS_1414_storz_regulondb,0.5,4,3,TGGTGGCGGCTTATTACACC,1,5327
TSS_1414_storz_regulondb,0.5,4,3,TGGGCAAGATATCGAGGACA,1,33526
TSS_1414_storz_regulondb,0.5,4,3,TGCTACGGGCTGAGAGCGAT,1,19249
TSS_1414_storz_regulondb,4.25,19,3,TGCGTAGCCGCGTCCACTCT,16,28202
TSS_1414_storz_regulondb,1.25,7,3,TGAACTAAGCAGGTTTAGCT,4,57510
TSS_1414_storz_regulondb,0.5,4,3,TCTTTCAATTGGGCGCGACC,1,47886
TSS_1414_storz_regulondb,1.25,7,3,TCGCAGTATAAGATAGGTTA,4,19368
TSS_1414_storz_regulondb,0.75,5,3,TCGATTCTGGCCCCTCGGCT,2,33123
TSS_1414_storz_regulondb,0.5,4,3,TCCTGGCCGTTCATGCGTTT,1,29985
TSS_1414_storz_regulondb,0.75,5,3,TCCTCCAAGAAGAAGCCACC,2,37603
TSS_1414_storz_regulondb,0.5,4,3,TCCTAAGGAGGCGGTTACCA,1,25840
TSS_1414_storz_regulondb,192.75,773,3,TCCGGTCGTCAGCCACCATT,770,208
TSS_1414_storz_regulondb,106.5,428,3,TCCCGCTAAGGGTACCAAAG,425,18841
TSS_1414_storz_regulondb,0.75,5,3,TCCCAACTTGTCTATTTGTT,2,214
TSS_1414_storz_regulondb,0.75,5,3,TCATCAGGGCACCGGTAGTT,2,44752
TSS_1414_storz_regulondb,0.5,4,3,TCAGTAGTGCGAACGACAAA,1,58467
TSS_1414_storz_regulondb,0.5,4,3,TATTTTTAGTTTCGGGCCTC,1,60759
TSS_1414_storz_regulondb,1.25,7,3,TATCTGAGGACTGCAGTTTG,4,50147
TSS_1414_storz_regulondb,1.5,8,3,TAGGCGAATCCTGCGCGATC,5,70783
TSS_1414_storz_regulondb,0.5,4,3,TACATGCTGTAGTTCGCTGA,1,68876
TSS_1414_storz_regulondb,0.5,4,3,TACACACGAAGCTATATTAT,1,41946
TSS_1414_storz_regulondb,0.5,4,3,GTTTTCTTCGTTAGCAGTTT,1,5481
TSS_1414_storz_regulondb,1.75,9,3,GTTGTCGGTGGGCTTCAAGT,6,4903
TSS_1414_storz_regulondb,1.5,8,3,GTGGTGGACCTGGTATTGTA,5,72418
TSS_1414_storz_regulondb,2.25,11,3,GTGAACGCGTAATGCGCGAG,8,69874
TSS_1414_storz_regulondb,0.5,4,3,GTCTCTTCACCCGCTAGAAT,1,42271
TSS_1414_storz_regulondb,0.75,5,3,GTCGCGAAGTGAGGACTGGG,2,75849
TSS_1414_storz_regulondb,0.5,4,3,GTAGGGGTGGTACGAGGTCC,1,35558
TSS_1414_storz_regulondb,0.5,4,3,GTAGCAAGTAGTCTGCTATC,1,68684
TSS_1414_storz_regulondb,2.0,10,3,GGTTTAAGTCGCAGGCACGC,7,63240
TSS_1414_storz_regulondb,158.75,637,3,GGTTCATCTGCAGTGCCAAT,634,10276
TSS_1414_storz_regulondb,0.5,4,3,GGTACTCTAAAACCGCGCAG,1,7353
TSS_1414_storz_regulondb,0.5,4,3,GGGGTTGATCCGCAGGGCAG,1,45052
TSS_1414_storz_regulondb,27.5,112,3,GGGGCGCGAAATTTTGATTG,109,34116
TSS_1414_storz_regulondb,1.25,7,3,GGATTGCGGAGCGCCGCATT,4,50993
TSS_1414_storz_regulondb,1.0,6,3,GGATCTTGTAGCCATGCTAC,3,3225
TSS_1414_storz_regulondb,1.75,9,3,GGACGTGAGGGAAGCTACTG,6,33424
TSS_1414_storz_regulondb,1.5,8,3,GGACCAACGTTGTCAATATA,5,54579
TSS_1414_storz_regulondb,0.5,4,3,GGAAGGGACACGCTGTATGA,1,4976
TSS_1414_storz_regulondb,0.5,4,3,GGAACGGATTAACGCGACCG,1,55399
TSS_1414_storz_regulondb,2.0,10,3,GCTTACTAAACGTTGCAACA,7,41293
TSS_1414_storz_regulondb,75.0,302,3,GCTGGTTCTCTTTGGAAAAT,299,26973
TSS_1414_storz_regulondb,0.75,5,3,GCTCCTCGATAGATCTCAGG,2,50955
TSS_1414_storz_regulondb,0.5,4,3,GCGTTTCTCGGTCCAACCTT,1,62620
TSS_1414_storz_regulondb,1.25,7,3,GCGGCGTGGTTCCTTGCCAA,4,10623
TSS_1414_storz_regulondb,0.5,4,3,GCGCTGGCACCAGTTTCGTT,1,42546
TSS_1414_storz_regulondb,0.5,4,3,GCGCGATGTCAATTCATAAC,1,44554
TSS_1414_storz_regulondb,1.0,6,3,GCGATCGCTTCGCTATCGCT,3,80205
TSS_1414_storz_regulondb,1.75,9,3,GCCTTGAGTCTCACCGCCAA,6,27530
TSS_1414_storz_regulondb,0.75,5,3,GCCTTCCACACATGCTCATT,2,37251
TSS_1414_storz_regulondb,1.0,6,3,GCATTGTGAAAAGGAATAAG,3,47894
TSS_1414_storz_regulondb,26.0,106,3,GCACACACCTCGTAGCCACC,103,47639
TSS_1414_storz_regulondb,0.5,4,3,GATTTTAGCAAACGTCGCCT,1,77736
TSS_1414_storz_regulondb,0.5,4,3,GATTGCAACGCTGATCACCT,1,54784
TSS_1414_storz_regulondb,1.0,6,3,GATTACGGCACACGTGGGAA,3,49393
TSS_1414_storz_regulondb,0.5,4,3,GATTAAAGCTCCTCCACATG,1,69196
TSS_1414_storz_regulondb,2.0,10,3,GATGGGGAATAACCAAATCA,7,65587
TSS_1414_storz_regulondb,0.75,5,3,GAGTTATCTACATAAGGTGA,2,35206
TSS_1414_storz_regulondb,0.5,4,3,GAGCTTAATGGCGGTACGTG,1,15245
TSS_1414_storz_regulondb,0.5,4,3,GACAGTGTTTATTACTCATC,1,13655
TSS_1414_storz_regulondb,0.5,4,3,GACAATAGTGCCGAAGGGTT,1,42563
TSS_1414_storz_regulondb,0.5,4,3,GACAACCCATGATCCGACGT,1,67542
TSS_1414_storz_regulondb,0.5,4,3,GAACAAAGCTCTGTATATAT,1,12737
TSS_1414_storz_regulondb,1.0,6,3,GAAACCGTGATCCTTTCAAA,3,79329
TSS_1414_storz_regulondb,1.5,8,3,CTTCTCGTCACCGTGCTTGA,5,25841
TSS_1414_storz_regulondb,0.5,4,3,CTTAGACAGCGGGGGCCATT,1,36982
TSS_1414_storz_regulondb,0.75,5,3,CTGGTAGCTAGGGGGAAGGT,2,71680
TSS_1414_storz_regulondb,0.5,4,3,CTGCGCCGCAATGGTAAACA,1,61727
TSS_1414_storz_regulondb,0.75,5,3,CTCTGGGCCAGAGGTGGGAC,2,42777
TSS_1414_storz_regulondb,1.25,7,3,CTCGCGCTGTCAACGCGATG,4,47100
TSS_1414_storz_regulondb,2.0,10,3,CTCCTTGAGCAAAGCTGTTG,7,37612
TSS_1414_storz_regulondb,0.5,4,3,CTCACAAAATCCATACCAGT,1,2883
TSS_1414_storz_regulondb,0.5,4,3,CTCAAATCCTCACTATTTAT,1,7896
TSS_1414_storz_regulondb,1.25,7,3,CTAGGGGTGAGAGAAAACCA,4,47776
TSS_1414_storz_regulondb,0.5,4,3,CTACCGGAACACAAAAATGC,1,78241
TSS_1414_storz_regulondb,133.0,534,3,CGTGCCTATGAATGGCTGGA,531,51940
TSS_1414_storz_regulondb,0.75,5,3,CGTAGCACGGTTCTTAGTCG,2,67009
TSS_1414_storz_regulondb,1.0,6,3,CGTACGCCCCTCATGGGCAG,3,3625
TSS_1414_storz_regulondb,4.0,18,3,CGGTTAATTTCTTAGACTCG,15,64852
TSS_1414_storz_regulondb,1.75,9,3,CGGGATGAGACTGAAAACTC,6,64419
TSS_1414_storz_regulondb,0.5,4,3,CGCTGTGTATCCACACAGCC,1,48636
TSS_1414_storz_regulondb,0.75,5,3,CGCTGAGGTATGTAAACAGC,2,36627
TSS_1414_storz_regulondb,0.5,4,3,CGCGTTCACATCGCGGTTGC,1,80599
TSS_1414_storz_regulondb,0.5,4,3,CGCGCCTGGCGATACGGCTC,1,80746
TSS_1414_storz_regulondb,58.25,235,3,CGCCTAGGGAAGAATACCTA,232,75984
TSS_1414_storz_regulondb,1.0,6,3,CGCACGCTGATGTCGTTTGT,3,49465
TSS_1414_storz_regulondb,0.5,4,3,CGATCGGAGTGAAAGCGGTT,1,33029
TSS_1414_storz_regulondb,0.5,4,3,CGACAATTTGAGGCGCGGGT,1,12917
TSS_1414_storz_regulondb,0.5,4,3,CGAAGTCTTGATGCGTGAAA,1,40164
TSS_1414_storz_regulondb,1.5,8,3,CCTTTATAGGTATTGCGAGC,5,71082
TSS_1414_storz_regulondb,0.5,4,3,CCTTGTTTTCGATTACCGTC,1,53632
TSS_1414_storz_regulondb,0.5,4,3,CCTTGAAGCTTCTAGCCCCT,1,5793
TSS_1414_storz_regulondb,1.75,9,3,CCTATAGAGGGGTGGTGATG,6,69937
TSS_1414_storz_regulondb,1.5,8,3,CCTAGCTCGTGTATATCTTA,5,26497
TSS_1414_storz_regulondb,1.0,6,3,CCGTTACAGAGAGTATTCGT,3,80036
TSS_1414_storz_regulondb,0.5,4,3,CCGGTCGAGCCGAAGGAAAG,1,27166
TSS_1414_storz_regulondb,0.5,4,3,CCGCGCCGCGGGCGTTTTCA,1,19211
TSS_1414_storz_regulondb,0.5,4,3,CCGCCCTGTGCTTTAATTTA,1,69802
TSS_1414_storz_regulondb,0.5,4,3,CCCCCGCTTCTCTGAAACGT,1,36302
TSS_1414_storz_regulondb,1.0,6,3,CATTATGTAATTCCTCGAGA,3,15190
TSS_1414_storz_regulondb,1.0,6,3,CAGTTACTCGATAGATGATA,3,51612
TSS_1414_storz_regulondb,0.5,4,3,CAGCGCGGTATAGGTGAGAC,1,58631
TSS_1414_storz_regulondb,1.25,7,3,CAGCCCGTACTGACTCGCCG,4,2146
TSS_1414_storz_regulondb,0.5,4,3,CACGGTAAACCGGGGCTGAA,1,69949
TSS_1414_storz_regulondb,0.75,5,3,CACGCACTAAGCAGCTACTA,2,59693
TSS_1414_storz_regulondb,2.5,12,3,CACCTGAATAGATCAGGCAA,9,45850
TSS_1414_storz_regulondb,1.0,6,3,CAAGCGTTTGCGCGACACAT,3,38471
TSS_1414_storz_regulondb,1.5,8,3,CAAGAAAGCTCCTGGGATTT,5,57072
TSS_1414_storz_regulondb,0.5,4,3,ATTTCTGAGTCGAGAAATAG,1,75269
TSS_1414_storz_regulondb,0.5,4,3,ATTGCATATGATTATTCGTT,1,34548
TSS_1414_storz_regulondb,0.5,4,3,ATTGCAGTATTGCTCGAAAT,1,12296
TSS_1414_storz_regulondb,1.0,6,3,ATTGCAGCTAAGATCTGTAG,3,80427
TSS_1414_storz_regulondb,0.5,4,3,ATGGTGCGGTGGAGCCACGA,1,77234
TSS_1414_storz_regulondb,1.0,6,3,ATGGGAGCCTCGCAACTTGC,3,42726
TSS_1414_storz_regulondb,0.5,4,3,ATGCTACTACTTGTCGAAGA,1,39400
TSS_1414_storz_regulondb,0.5,4,3,ATGCACTTTTGCCACTACTA,1,62557
TSS_1414_storz_regulondb,0.5,4,3,ATGATAGAATTTAGAGGGGG,1,1146
TSS_1414_storz_regulondb,0.5,4,3,ATCGCGTATTCCTACGCTCT,1,50838
TSS_1414_storz_regulondb,1.25,7,3,ATAGTCCTATCCGATTCTGC,4,61693
TSS_1414_storz_regulondb,0.75,5,3,ATAATATCTGCTTTCACAGG,2,35277
TSS_1414_storz_regulondb,0.5,4,3,AGTCGTGGGTCCATAATTAT,1,41968
TSS_1414_storz_regulondb,0.5,4,3,AGGGCCGTCTTGGATACAGT,1,26944
TSS_1414_storz_regulondb,0.5,4,3,AGGCTAGCTGGTGGAAAAAG,1,30134
TSS_1414_storz_regulondb,0.75,5,3,AGGAGCGTGCTCTGTTTTAT,2,70698
TSS_1414_storz_regulondb,1.0,6,3,AGCTCGGGGCCAGGGCGTCC,3,40117
TSS_1414_storz_regulondb,38.25,155,3,AGCGTCCATTCCCATAAAAA,152,42912
TSS_1414_storz_regulondb,0.5,4,3,AGCGCTCTTTCTCGAGTTAA,1,63176
TSS_1414_storz_regulondb,0.5,4,3,AGCCCTATTACGGTCCACGC,1,21047
TSS_1414_storz_regulondb,0.5,4,3,AGATCTGCCCCAGTTCTACG,1,21479
TSS_1414_storz_regulondb,1.0,6,3,AGATCCCTTGGCCTCGAGAT,3,9102
TSS_1414_storz_regulondb,0.5,4,3,AGAGAGACCTTAGGACCCCT,1,215
TSS_1414_storz_regulondb,0.5,4,3,ACTTTAGGCGTTGGTCGGAC,1,60786
TSS_1414_storz_regulondb,64.25,259,3,ACTTCACGTGAAGCCGTTTC,256,71388
TSS_1414_storz_regulondb,1.25,7,3,ACTCGCGTTTAGTCCCCCCA,4,2017
TSS_1414_storz_regulondb,0.5,4,3,ACTAGGTCGAATCGTACATG,1,20142
TSS_1414_storz_regulondb,117.5,472,3,ACGCAAGTCCTCACAACCAG,469,77519
TSS_1414_storz_regulondb,1.75,9,3,ACCTTTTCACCGGGCGAAGT,6,18044
TSS_1414_storz_regulondb,0.5,4,3,ACCCAAGAAGAACCTGAACC,1,21077
TSS_1414_storz_regulondb,0.5,4,3,ACCAGTTGCGGGCTACGATG,1,43839
TSS_1414_storz_regulondb,0.5,4,3,ACCACTTCATCTCTCCCGGA,1,19441
TSS_1414_storz_regulondb,1.0,6,3,ACACCTGAGTTTCCCATCAA,3,34067
TSS_1414_storz_regulondb,0.75,5,3,AATGTCGCACTCCAGAACGT,2,75839
TSS_1414_storz_regulondb,1.0,6,3,AATGAACTGCGCGGATAGAG,3,78151
TSS_1414_storz_regulondb,1.5,8,3,AATATAGTATGAAATGGGTC,5,5539
TSS_1414_storz_regulondb,0.75,5,3,AATAGTGTACTTCTATGCAA,2,10956
TSS_1414_storz_regulondb,1.5,8,3,AAGGAGTATCCTCAAGGAAT,5,10964
TSS_1414_storz_regulondb,90.5,364,3,AACTGGAGAAGTGTCTCCTG,361,70842
TSS_1414_storz_regulondb,0.5,4,3,AACTGCTGTTGCATTGTTGA,1,20029
TSS_1414_storz_regulondb,1.25,7,3,AACTATTCTCGAGCGACTCT,4,12434
TSS_1414_storz_regulondb,1.25,7,3,AAATCCGACGTCATTGCGAA,4,8132
TSS_1414_storz_regulondb,0.5,4,3,AAACAAACAGCGCCCCTAAG,1,56271
TSS_1414_storz_regulondb,0.5,4,3,AAAAAAGTAGAGGTCCCTGC,1,36154
TSS_1414_storz_regulondb,1.0,4,2,TTTGTTTTTGATAGTTGGAC,2,9674
TSS_1414_storz_regulondb,2.3333333333333335,8,2,TTGGTAGCCGCTAATTCCCT,6,44207
TSS_1414_storz_regulondb,1.3333333333333333,5,2,TTGCTTAGATCTCTTGGCTA,3,3761
TSS_1414_storz_regulondb,0.6666666666666666,3,2,TTCTTCGGTTAACCATATAG,1,17503
TSS_1414_storz_regulondb,167.0,502,2,TTCTGGTGTTAGCAGCATTC,500,68026
TSS_1414_storz_regulondb,0.6666666666666666,3,2,TTCGGTGCCACCGGATCATG,1,30851
TSS_1414_storz_regulondb,1.0,4,2,TTCGGCCCAGTAGGAGAGAA,2,5445
TSS_1414_storz_regulondb,1.0,4,2,TTCGGATCGTCAACAGGCCA,2,36654
TSS_1414_storz_regulondb,15.0,46,2,TTCAATGTGTCGTGGGATTA,44,73025
TSS_1414_storz_regulondb,0.6666666666666666,3,2,TTAGGCAAACGGGTCAGATA,1,56145
TSS_1414_storz_regulondb,3.0,10,2,TTACTTCTGGATGAGAGGGT,8,6957
TSS_1414_storz_regulondb,0.6666666666666666,3,2,TTACTGGGTCCATGCAATTT,1,36735
TSS_1414_storz_regulondb,176.0,529,2,TTAATCATGTTGGGAGGTAA,527,76012
TSS_1414_storz_regulondb,52.0,157,2,TGGGTTATGATATAAACGAA,155,40095
TSS_1414_storz_regulondb,687.0,2062,2,TGGGCAATTCCATTACGCTT,2060,52725
TSS_1414_storz_regulondb,0.6666666666666666,3,2,TGCGTACTCGGAACTTACCA,1,19729
TSS_1414_storz_regulondb,0.6666666666666666,3,2,TGCGACCCCAGTACTCGATG,1,42595
TSS_1414_storz_regulondb,0.6666666666666666,3,2,TGCCCGCGTATTCGTTTCGA,1,3586
TSS_1414_storz_regulondb,0.6666666666666666,3,2,TGCAACAGTGACCCGGCTTT,1,70732
TSS_1414_storz_regulondb,1.0,4,2,TGATGGTAGGGGTTTCTGAT,2,47604
TSS_1414_storz_regulondb,0.6666666666666666,3,2,TGAGTCATTGCGTAACAAGG,1,20549
TSS_1414_storz_regulondb,0.6666666666666666,3,2,TCTGTACCCGATCCTGGGGA,1,20924
TSS_1414_storz_regulondb,0.6666666666666666,3,2,TCTCGCACTCGTGACCTTTC,1,1430
TSS_1414_storz_regulondb,3.3333333333333335,11,2,TCTACGGTCTAAAGATTCGT,9,73851
TSS_1414_storz_regulondb,0.6666666666666666,3,2,TCGGAGCCCCTTTGGGAGGT,1,44763
TSS_1414_storz_regulondb,0.6666666666666666,3,2,TCGCCTGGTTTGAGAGCCCT,1,6350
TSS_1414_storz_regulondb,1.0,4,2,TCCGTTCTCGAAAGACTGTA,2,16361
TSS_1414_storz_regulondb,1.3333333333333333,5,2,TCCGCCATCTTAATCAAGGC,3,70311
TSS_1414_storz_regulondb,0.6666666666666666,3,2,TCCCTGATAAACGGCGGCCG,1,6179
TSS_1414_storz_regulondb,0.6666666666666666,3,2,TCCCGTTCTTTGTTGTTGGT,1,68438
TSS_1414_storz_regulondb,1.0,4,2,TCCACGCGACAAATAGTGAC,2,9800
TSS_1414_storz_regulondb,2.3333333333333335,8,2,TCAGGTCCGACCTAAGGACA,6,79027
TSS_1414_storz_regulondb,0.6666666666666666,3,2,TCACGACCATGCAAGCCGAA,1,79017
TSS_1414_storz_regulondb,0.6666666666666666,3,2,TATGATTTTGCTAGCTCCGT,1,9077
TSS_1414_storz_regulondb,1.6666666666666667,6,2,TATATCAAGAATTGTCTCGT,4,34233
TSS_1414_storz_regulondb,1.3333333333333333,5,2,TAGTCAGGTTCGAGGGCGGA,3,20209
TSS_1414_storz_regulondb,0.6666666666666666,3,2,TACGCCCACCAGGAAGTCTT,1,29388
TSS_1414_storz_regulondb,0.6666666666666666,3,2,TACATTCGACCTTCCACCGT,1,5999
TSS_1414_storz_regulondb,0.6666666666666666,3,2,TACACCTCAGGAGTAAGAGG,1,64694
TSS_1414_storz_regulondb,0.6666666666666666,3,2,TAAGGCTTCAGAACCCTCAC,1,10398
TSS_1414_storz_regulondb,2.0,7,2,TAACGGCACAGGTCTTATGT,5,11894
TSS_1414_storz_regulondb,0.6666666666666666,3,2,TAAATAATACTACTGGAGAT,1,47201
TSS_1414_storz_regulondb,0.6666666666666666,3,2,TAAAGTATCGTGATGGCCGC,1,43118
TSS_1414_storz_regulondb,0.6666666666666666,3,2,GTTTAAGGTTTCACACCTTC,1,56495
TSS_1414_storz_regulondb,0.6666666666666666,3,2,GTTCTACCGCAGCAGGTGAC,1,50933
TSS_1414_storz_regulondb,0.6666666666666666,3,2,GTTCCGTAACACGCCATGTC,1,57415
TSS_1414_storz_regulondb,2.6666666666666665,9,2,GTTATTGGTGTTGGACAGGC,7,33006
TSS_1414_storz_regulondb,1.3333333333333333,5,2,GTGTTAGCGTAATCAAGAAG,3,45465
TSS_1414_storz_regulondb,0.6666666666666666,3,2,GTGGGCCATGAAGTTAAGCT,1,63597
TSS_1414_storz_regulondb,157.0,472,2,GTGGACCGTAAGCATGCGCT,470,75010
TSS_1414_storz_regulondb,1.6666666666666667,6,2,GTGCAACTGCAACAGGCTGG,4,35223
TSS_1414_storz_regulondb,0.6666666666666666,3,2,GTCTGCGGCTCCAATCGCGA,1,55952
TSS_1414_storz_regulondb,191.0,574,2,GTCTACTATGCCCTAGGTCC,572,24315
TSS_1414_storz_regulondb,0.6666666666666666,3,2,GTCCGTCCATGAATATGTGA,1,19871
TSS_1414_storz_regulondb,0.6666666666666666,3,2,GTCAGAGTCGGGCGGCGACT,1,56191
TSS_1414_storz_regulondb,0.6666666666666666,3,2,GTCAAAAGTAGGGGAGGATG,1,17433
TSS_1414_storz_regulondb,0.6666666666666666,3,2,GTAAGGCCTTAGTGAAACTA,1,54655
TSS_1414_storz_regulondb,0.6666666666666666,3,2,GGTATTCCTTGCGGCAAGAA,1,55435
TSS_1414_storz_regulondb,0.6666666666666666,3,2,GGGTCGCCGTAATGGTTTTT,1,53757
TSS_1414_storz_regulondb,0.6666666666666666,3,2,GGGATGGTTATCCGTAGGTC,1,39701
TSS_1414_storz_regulondb,1.0,4,2,GGGACCCAACCCCCACTAGC,2,30517
TSS_1414_storz_regulondb,0.6666666666666666,3,2,GGGAAAAGCAACCCCTTGTT,1,48135
TSS_1414_storz_regulondb,0.6666666666666666,3,2,GGCTTTAGCTCAAGATGATG,1,15941
TSS_1414_storz_regulondb,329.6666666666667,990,2,GGCTGGAGGACAGGCGTTGT,988,66223
TSS_1414_storz_regulondb,0.6666666666666666,3,2,GGATACGGCATAGGCATGGC,1,60074
TSS_1414_storz_regulondb,0.6666666666666666,3,2,GGAGTAATGCTAGGTTGAGA,1,49938
TSS_1414_storz_regulondb,1.0,4,2,GGAATTAACTAAACTACGGG,2,74109
TSS_1414_storz_regulondb,2.3333333333333335,8,2,GCGTCTGAATAAGCTGCACA,6,42019
TSS_1414_storz_regulondb,0.6666666666666666,3,2,GCGTCTGAATAAAGTTATGT,1,5505
TSS_1414_storz_regulondb,1.6666666666666667,6,2,GCGAGGTCACATCTGGATAC,4,62909
TSS_1414_storz_regulondb,0.6666666666666666,3,2,GCCTGACAGGGCCTCGCACT,1,31512
TSS_1414_storz_regulondb,2.0,7,2,GCAAGAGCTGCTGAGGGGGC,5,80048
TSS_1414_storz_regulondb,1.6666666666666667,6,2,GATGCAACATCTACTTGTAG,4,44558
TSS_1414_storz_regulondb,1.3333333333333333,5,2,GAGTGTCAGCAAGGTGTTGG,3,66309
TSS_1414_storz_regulondb,0.6666666666666666,3,2,GAGTAGACGCGTGGAGCTGT,1,16673
TSS_1414_storz_regulondb,2.0,7,2,GAGGGGGGCTTTACGCAATA,5,65538
TSS_1414_storz_regulondb,159.0,478,2,GAGCAGTCTCGAGGCAATGT,476,34430
TSS_1414_storz_regulondb,1.3333333333333333,5,2,GAGATAGCTTAGACTCCAAG,3,37286
TSS_1414_storz_regulondb,0.6666666666666666,3,2,GAGAAGTTTGATCCACATAG,1,44804
TSS_1414_storz_regulondb,1.3333333333333333,5,2,GAATCGATAACACGCGGACA,3,48303
TSS_1414_storz_regulondb,0.6666666666666666,3,2,CTTTTCAACCTAGCTTCAGA,1,35150
TSS_1414_storz_regulondb,0.6666666666666666,3,2,CTTGGCAATTCTAGGATGCC,1,64690
TSS_1414_storz_regulondb,1.3333333333333333,5,2,CTTCTCGGAAGTGTACCCCC,3,78954
TSS_1414_storz_regulondb,173.33333333333334,521,2,CTTCGCGTTAAATGCTGAAC,519,47973
TSS_1414_storz_regulondb,0.6666666666666666,3,2,CTTATAATTTATTCATGTGT,1,53910
TSS_1414_storz_regulondb,2.6666666666666665,9,2,CTGTGAGACCGTACTACTAA,7,25173
TSS_1414_storz_regulondb,1.3333333333333333,5,2,CTGGGCTTCAGTCACAAATG,3,36823
TSS_1414_storz_regulondb,0.6666666666666666,3,2,CTGCCTCCTTGCCTCGTTTG,1,4901
TSS_1414_storz_regulondb,0.6666666666666666,3,2,CTATTGAGGATTTCGGGTAC,1,33472
TSS_1414_storz_regulondb,1.0,4,2,CTATACCATGCCAAACTGGC,2,60696
TSS_1414_storz_regulondb,1.3333333333333333,5,2,CTAGAATGAAGCTTGTCTTA,3,51773
TSS_1414_storz_regulondb,0.6666666666666666,3,2,CTACGGAGCGTTGTAAGAAC,1,58690
TSS_1414_storz_regulondb,3.0,10,2,CTACGCGTCTACGGCCTCGG,8,79710
TSS_1414_storz_regulondb,1.3333333333333333,5,2,CGTTTATACTCGCGAAATGT,3,18617
TSS_1414_storz_regulondb,251.33333333333334,755,2,CGGTTGGTCAATAGCTCTAT,753,59018
TSS_1414_storz_regulondb,297.3333333333333,893,2,CGGTGTAGTGAAACAGTGCG,891,64227
TSS_1414_storz_regulondb,1.6666666666666667,6,2,CGGAACGTAATCAATAATCT,4,76027
TSS_1414_storz_regulondb,0.6666666666666666,3,2,CGCCTCGTTAACCCCTCAGT,1,20670
TSS_1414_storz_regulondb,1.3333333333333333,5,2,CGACTGTTCTCAAATTGCGT,3,61097
TSS_1414_storz_regulondb,0.6666666666666666,3,2,CCTAGGGTTATATTACCAGT,1,65437
TSS_1414_storz_regulondb,0.6666666666666666,3,2,CCCCTAGCAACAGCAACCGT,1,60619
TSS_1414_storz_regulondb,0.6666666666666666,3,2,CCAGCCCAAATCATGGATTT,1,81094
TSS_1414_storz_regulondb,2.0,7,2,CCACCCCTGGGAACTGAGTT,5,3968
TSS_1414_storz_regulondb,1.6666666666666667,6,2,CATGAAGTAGGCAGTGAGTG,4,9753
TSS_1414_storz_regulondb,0.6666666666666666,3,2,CATCGTTCGTCTCGATCGTA,1,44198
TSS_1414_storz_regulondb,0.6666666666666666,3,2,CATCCCGAAAACCTACACCT,1,66714
TSS_1414_storz_regulondb,0.6666666666666666,3,2,CAGCAGGAGCTCCAAGGTCC,1,39682
TSS_1414_storz_regulondb,2.3333333333333335,8,2,CAGATCTTCGGTAATTAAAA,6,51898
TSS_1414_storz_regulondb,1.0,4,2,CAGAGGGGAGGCAATCGGAT,2,68854
TSS_1414_storz_regulondb,0.6666666666666666,3,2,CAGACCCGTGCTGGCGTACC,1,21812
TSS_1414_storz_regulondb,2.6666666666666665,9,2,CAAGTGCCCAGGCAGAGCAT,7,1432
TSS_1414_storz_regulondb,1.0,4,2,CAAGGTATTCGTTAGATGGT,2,72262
TSS_1414_storz_regulondb,0.6666666666666666,3,2,CAACTGCTTATATAGAGAGG,1,45440
TSS_1414_storz_regulondb,2.6666666666666665,9,2,CAACCATCGTACTCACGGGT,7,77159
TSS_1414_storz_regulondb,1.0,4,2,CAAAGATGTGGACGTAATCC,2,6455
TSS_1414_storz_regulondb,2.0,7,2,ATTCAGTAACAAACATTTGT,5,9137
TSS_1414_storz_regulondb,0.6666666666666666,3,2,ATTATATCACGGCTTCTGAA,1,134
TSS_1414_storz_regulondb,0.6666666666666666,3,2,ATGTCGGTAGGTTATGGGGT,1,13504
TSS_1414_storz_regulondb,2.3333333333333335,8,2,ATGGTAGCTGGAGTCCGGTG,6,18030
TSS_1414_storz_regulondb,203.33333333333334,611,2,ATGCTGCGTCTATCAGGTAC,609,50984
TSS_1414_storz_regulondb,0.6666666666666666,3,2,ATCCCCGCGCGAGCAGATGT,1,52295
TSS_1414_storz_regulondb,0.6666666666666666,3,2,ATATCGGCGTACAAGGTGGG,1,1746
TSS_1414_storz_regulondb,1.6666666666666667,6,2,ATACGTGGTCACGTGGGGAA,4,4466
TSS_1414_storz_regulondb,0.6666666666666666,3,2,ATACACCCTTCGTGCTGGGG,1,57175
TSS_1414_storz_regulondb,1.6666666666666667,6,2,AGTGGATTAGACCTAGGGAT,4,436
TSS_1414_storz_regulondb,2.3333333333333335,8,2,AGTGCCAAGGCGACTTAATG,6,56203
TSS_1414_storz_regulondb,0.6666666666666666,3,2,AGTGACCTGGATCTACGCTG,1,1660
TSS_1414_storz_regulondb,0.6666666666666666,3,2,AGGTCCTCCTCCGTTTCCGA,1,22527
TSS_1414_storz_regulondb,0.6666666666666666,3,2,AGGCTATAGTTTAGTGGACA,1,27442
TSS_1414_storz_regulondb,4.333333333333333,14,2,AGGCGGCTCTTGCTGTGATT,12,42602
TSS_1414_storz_regulondb,3.6666666666666665,12,2,AGCTGCTCGTTATTTCATGT,10,7305
TSS_1414_storz_regulondb,0.6666666666666666,3,2,AGCGCCCAACTCATGTAATC,1,51484
TSS_1414_storz_regulondb,0.6666666666666666,3,2,AGCAGGTTGGGCATTTGCAT,1,3463
TSS_1414_storz_regulondb,1.3333333333333333,5,2,AGATGAACCCAATTGCCACG,3,21173
TSS_1414_storz_regulondb,0.6666666666666666,3,2,AGACGCAGCGACGACTATAG,1,77097
TSS_1414_storz_regulondb,0.6666666666666666,3,2,AGAATTGGGTTTCCTCCCCC,1,31639
TSS_1414_storz_regulondb,3.3333333333333335,11,2,ACTGGTGCGGGCGCTTAATT,9,27946
TSS_1414_storz_regulondb,1.3333333333333333,5,2,ACTGGTATTGCCTCGGTGTG,3,66911
TSS_1414_storz_regulondb,0.6666666666666666,3,2,ACTCCTAGTACCGGAAGCCA,1,12264
TSS_1414_storz_regulondb,0.6666666666666666,3,2,ACTATGTGTACCCGTCCCCT,1,1697
TSS_1414_storz_regulondb,3.6666666666666665,12,2,ACGATTGCTTGTCTAAGGAA,10,5804
TSS_1414_storz_regulondb,0.6666666666666666,3,2,ACCTATAGAAAGGGCGCGCG,1,9892
TSS_1414_storz_regulondb,0.6666666666666666,3,2,ACCCCGATAATCCAAGGTTG,1,15573
TSS_1414_storz_regulondb,0.6666666666666666,3,2,ACCCCAGGGAAAGTCCGAAC,1,11217
TSS_1414_storz_regulondb,0.6666666666666666,3,2,ACCCAGTTTCTGTTACCGTA,1,37062
TSS_1414_storz_regulondb,3.0,10,2,ACATGAATGCATCCTGGGTT,8,39333
TSS_1414_storz_regulondb,0.6666666666666666,3,2,AATTCTATTTCAATTCATAT,1,31080
TSS_1414_storz_regulondb,1.3333333333333333,5,2,AATGTGGGGGTTGGGTGTCT,3,12978
TSS_1414_storz_regulondb,0.6666666666666666,3,2,AATGAACTGCAAAGGTCCGA,1,13260
TSS_1414_storz_regulondb,1.0,4,2,AATATCGTGTCGGTCGCGGT,2,7545
TSS_1414_storz_regulondb,0.6666666666666666,3,2,AATACCCCGGTTCATCGAAT,1,40587
TSS_1414_storz_regulondb,1.6666666666666667,6,2,AAGGGTTGAATTCTTGCCAG,4,19301
TSS_1414_storz_regulondb,0.6666666666666666,3,2,AAGGGGAGCGCCTGCGGATA,1,79833
TSS_1414_storz_regulondb,0.6666666666666666,3,2,AACGACTTGCTCACCGGTAG,1,22633
TSS_1414_storz_regulondb,1.0,4,2,AACATACCAGCCTCACATAG,2,46820
TSS_1414_storz_regulondb,0.6666666666666666,3,2,AACAAACGTTAGTCGGTTCT,1,65189
TSS_1414_storz_regulondb,0.6666666666666666,3,2,AAACGAGAGGCCCACGGGGG,1,58853
TSS_1414_storz_regulondb,4.0,13,2,AAAAATCCAGATATTGCTGA,11,11790
TSS_1414_storz_regulondb,2.5,5,1,TTTTCAATCTGCGGGTTACC,4,69413
TSS_1414_storz_regulondb,5.5,11,1,TTTTACCGACAGGCGATCCA,10,32977
TSS_1414_storz_regulondb,354.0,708,1,TTTGCGTCGTTTATAAGCGT,707,20976
TSS_1414_storz_regulondb,1.5,3,1,TTTGCAACGTTTGGCTCTCC,2,37773
TSS_1414_storz_regulondb,1.0,2,1,TTTGAATACTGTCCTCGTCA,1,46983
TSS_1414_storz_regulondb,1.0,2,1,TTTACGCCGCAACGGGGAAA,1,58612
TSS_1414_storz_regulondb,2.5,5,1,TTGGCGTGCCTGAATACAGA,4,43995
TSS_1414_storz_regulondb,2.0,4,1,TTGCGCCTCCTTGTTATAGG,3,37029
TSS_1414_storz_regulondb,1.0,2,1,TTGAGTAAGACACTAGCCGG,1,34286
TSS_1414_storz_regulondb,1.0,2,1,TTGAGGTCCCGTATGATCAT,1,73013
TSS_1414_storz_regulondb,3.0,6,1,TTGACGTTTAGAGACGCCTT,5,39255
TSS_1414_storz_regulondb,2.5,5,1,TTCTCACAGGCTGGGCGGCC,4,66326
TSS_1414_storz_regulondb,3.0,6,1,TTATACTAATCTATTTCGTC,5,79446
TSS_1414_storz_regulondb,5.0,10,1,TTAGCAAACGAGCGAGTTGG,9,27299
TSS_1414_storz_regulondb,2.5,5,1,TGGTTGGCCATTGGGTGCTC,4,35159
TSS_1414_storz_regulondb,2.5,5,1,TGCTCTTATGGGGCAGCGCG,4,50873
TSS_1414_storz_regulondb,1.0,2,1,TCTCCAAATATCCTCTACAC,1,58855
TSS_1414_storz_regulondb,1.0,2,1,TCTATACACTGCTCGGAAGA,1,75671
TSS_1414_storz_regulondb,1.0,2,1,TCGTGCCGAAAGGACCCTTC,1,69409
TSS_1414_storz_regulondb,5.0,10,1,TCGGATCCTCTCGGCGTTTA,9,28519
TSS_1414_storz_regulondb,1.0,2,1,TCGCTTCGAACCTGGGCCGG,1,20102
TSS_1414_storz_regulondb,3.0,6,1,TCGCCAGGGCTATTATGAAT,5,30307
TSS_1414_storz_regulondb,1.5,3,1,TCGCCAACGTATGGTTGTGT,2,69706
TSS_1414_storz_regulondb,1.0,2,1,TCGAGAACCACGAGATTGAT,1,65897
TSS_1414_storz_regulondb,5.0,10,1,TCGAAATTGATACTAACCCT,9,39908
TSS_1414_storz_regulondb,1.0,2,1,TATTAGATCGCGTCCCTCCC,1,7323
TSS_1414_storz_regulondb,2.5,5,1,TAGTCCGTACGCTTATTTAT,4,79818
TSS_1414_storz_regulondb,1.5,3,1,TACTGTAAGTACGTATGTAC,2,3241
TSS_1414_storz_regulondb,177.0,354,1,TACCCAGAGGAGTCAGGCCG,353,41858
TSS_1414_storz_regulondb,3.0,6,1,TAAGTTTGCCCTCGAATTTT,5,65105
TSS_1414_storz_regulondb,2.0,4,1,TAAGAATGACCGGGCTAAAG,3,77713
TSS_1414_storz_regulondb,4.5,9,1,GTTTTAAACCTCCTTGTTTT,8,17072
TSS_1414_storz_regulondb,1.0,2,1,GTTTAGTGAGGCCAATGCTA,1,13393
TSS_1414_storz_regulondb,1.0,2,1,GTTGCAGTCCCAGTCAATTT,1,34539
TSS_1414_storz_regulondb,251.0,502,1,GTTAATCGGCTGAATAATTA,501,2651
TSS_1414_storz_regulondb,1.5,3,1,GTGTTACTGGTAGGAAATAT,2,35694
TSS_1414_storz_regulondb,3.0,6,1,GTGCTGCACCGGTGAGCATG,5,24063
TSS_1414_storz_regulondb,6.5,13,1,GTGCAGACGGCCATTTAAAC,12,75015
TSS_1414_storz_regulondb,2.0,4,1,GGTAAACGATGGGGTAGAAC,3,66642
TSS_1414_storz_regulondb,5.5,11,1,GGGTCTGGATTAAAAACCCG,10,17652
TSS_1414_storz_regulondb,1.5,3,1,GGGGTTTAGTTCATGCGGCA,2,57987
TSS_1414_storz_regulondb,1.0,2,1,GGGACGTATAACCAAAGTCT,1,53947
TSS_1414_storz_regulondb,1.0,2,1,GGCTTTATGAGTATCCATAT,1,10395
TSS_1414_storz_regulondb,1.5,3,1,GGCTGACCGAATTAGTTGAT,2,57531
TSS_1414_storz_regulondb,8.5,17,1,GGATGGATAACTCACTGGTA,16,50994
TSS_1414_storz_regulondb,1.0,2,1,GGAGTTCAGAGTACCACATC,1,34439
TSS_1414_storz_regulondb,1.5,3,1,GCTTTTAAGCACATACCGGT,2,80781
TSS_1414_storz_regulondb,3.0,6,1,GCTTCGCTACAGCTGGCCTC,5,26949
TSS_1414_storz_regulondb,1.5,3,1,GCGGTTGGACCAACGTTTGA,2,22773
TSS_1414_storz_regulondb,430.5,861,1,GCGATCGTAGCTAATTTACT,860,37762
TSS_1414_storz_regulondb,1.0,2,1,GCCACGCTTCGGGTTATATT,1,19329
TSS_1414_storz_regulondb,3.5,7,1,GCAGGAGCGTTCCGTAGCCC,6,13705
TSS_1414_storz_regulondb,1.0,2,1,GCAGCCCGGCAAGCAAAGTA,1,80581
TSS_1414_storz_regulondb,2.5,5,1,GATGTATCAAGCAGCGGTAG,4,44032
TSS_1414_storz_regulondb,6.0,12,1,GATGATCCTAGTAGAATGTG,11,62125
TSS_1414_storz_regulondb,2.5,5,1,GATCTACAATAACGTAATTC,4,35268
TSS_1414_storz_regulondb,1.0,2,1,GATCACCGTGGATAGCTGTC,1,69933
TSS_1414_storz_regulondb,2.5,5,1,GAGTCTGGGTACGGGCTAGG,4,31457
TSS_1414_storz_regulondb,2.5,5,1,GAGTCTCCGTAATCAACGAG,4,79599
TSS_1414_storz_regulondb,3.5,7,1,GAGGTGTCGGATGGTGAGGC,6,70123
TSS_1414_storz_regulondb,1.0,2,1,GAGCGTGTCGTGATCGGGGT,1,49045
TSS_1414_storz_regulondb,3.0,6,1,GAGCCCCGTGACTTTAAGCG,5,47492
TSS_1414_storz_regulondb,1.0,2,1,GAGATCGATATAAATCTCTG,1,14300
TSS_1414_storz_regulondb,1.0,2,1,GAGAGTAAGGCACGCCCAGC,1,37073
TSS_1414_storz_regulondb,1.0,2,1,GACGTACCATCTCGCTCTAT,1,75520
TSS_1414_storz_regulondb,1.0,2,1,GACCGGATTAAATCTGGGAC,1,76848
TSS_1414_storz_regulondb,1.0,2,1,GACCCACAATCGCTATGTGT,1,26078
TSS_1414_storz_regulondb,5.5,11,1,CTTTGATTAGCGCGACATCT,10,77355
TSS_1414_storz_regulondb,309.0,618,1,CTTGCTGGGTGGCCCGTTTT,617,59603
TSS_1414_storz_regulondb,2.5,5,1,CTTAGGGAAGCGCTATAATG,4,13056
TSS_1414_storz_regulondb,1.0,2,1,CTGTTGTACCGCACAGGCAA,1,45690
TSS_1414_storz_regulondb,2.5,5,1,CTGGCCATCCTAGATGCTTT,4,55543
TSS_1414_storz_regulondb,8.5,17,1,CTGCCGAGGGATAAGTAGAG,16,49751
TSS_1414_storz_regulondb,1.0,2,1,CTCAAACCCGGCCAATGTAT,1,77162
TSS_1414_storz_regulondb,1.0,2,1,CTAACGGAAATCTAAGAGCC,1,42318
TSS_1414_storz_regulondb,2.0,4,1,CGTTTTTGCTGACAATAAAC,3,16806
TSS_1414_storz_regulondb,1.0,2,1,CGTTCATCATCCATCCGGAA,1,62761
TSS_1414_storz_regulondb,341.5,683,1,CGTTATGTTCAGAAAGCACC,682,69166
TSS_1414_storz_regulondb,37.5,75,1,CGTCGGCTACAGTTAAAGAT,74,17656
TSS_1414_storz_regulondb,1.5,3,1,CGGCGATTTGTCGATCAACA,2,44829
TSS_1414_storz_regulondb,1.5,3,1,CGGCCATGTAGGGATGCTCA,2,46418
TSS_1414_storz_regulondb,2.5,5,1,CGGAGGCTGGATGGAGTTCG,4,23312
TSS_1414_storz_regulondb,1.5,3,1,CGCTGCGTCGCCCCGGCTGG,2,29691
TSS_1414_storz_regulondb,1.5,3,1,CGAGAAAGGTCTGATCAAAG,2,40842
TSS_1414_storz_regulondb,1.5,3,1,CCTTAGGTCCGGTAATTTTG,2,69250
TSS_1414_storz_regulondb,2.0,4,1,CCTCTGACCGTTCGGAGGCG,3,24313
TSS_1414_storz_regulondb,3.0,6,1,CCCTTAGGTTCATTCCATAG,5,72448
TSS_1414_storz_regulondb,2.5,5,1,CCCATCGAGAGGTCAACCAG,4,726
TSS_1414_storz_regulondb,188.5,377,1,CCCAGTCAAAGCTGCCGATA,376,42948
TSS_1414_storz_regulondb,1.0,2,1,CCAGAGCCTCGAGACGAGCT,1,11862
TSS_1414_storz_regulondb,1.0,2,1,CCACCCGTCTGTTGATCATT,1,29590
TSS_1414_storz_regulondb,1.0,2,1,CCAACCGTAGTACAGGCCTA,1,51360
TSS_1414_storz_regulondb,1.0,2,1,CATTGCAGCAGAAACAGCGC,1,31180
TSS_1414_storz_regulondb,251.5,503,1,CATGGTCCGTTGTGCACACG,502,41506
TSS_1414_storz_regulondb,1.0,2,1,CATATCGGTCCAGGCGCCGA,1,58268
TSS_1414_storz_regulondb,2.0,4,1,CATAGGATAGTGGAGACGTT,3,36535
TSS_1414_storz_regulondb,1.0,2,1,CATAGCCTAGGTGAAGGTTA,1,78718
TSS_1414_storz_regulondb,1.5,3,1,CAGCTACAACTTACAAGGGC,2,52637
TSS_1414_storz_regulondb,2.0,4,1,ATTCTATCAACTAGCGCTTT,3,27113
TSS_1414_storz_regulondb,1.0,2,1,ATTACCTTATAACACCTCGT,1,9035
TSS_1414_storz_regulondb,2.0,4,1,ATCACGCCCAGAGTAGTCCT,3,35221
TSS_1414_storz_regulondb,3.5,7,1,ATAGAATCATAACAACGTGA,6,38720
TSS_1414_storz_regulondb,1.5,3,1,ATAAGAGTTAACGTGGTTCT,2,70297
TSS_1414_storz_regulondb,5.0,10,1,AGTATTGGCGCAGAATTAGA,9,26430
TSS_1414_storz_regulondb,1.0,2,1,AGTATTATAGACGGTAATCT,1,15187
TSS_1414_storz_regulondb,1.0,2,1,AGTAGCCTGTCACGGTAGTC,1,79053
TSS_1414_storz_regulondb,1.0,2,1,AGGTCGGTATTACCGCGGTT,1,71197
TSS_1414_storz_regulondb,1.0,2,1,AGGGTAGTTGTGCTTGGATT,1,52048
TSS_1414_storz_regulondb,4.0,8,1,AGGGAGCTGCGGCATTGGTC,7,5741
TSS_1414_storz_regulondb,2.0,4,1,AGCGACAAACTTATGCTGAG,3,63068
TSS_1414_storz_regulondb,1.0,2,1,AGCGAATTCAAATACTCCGA,1,10550
TSS_1414_storz_regulondb,1.0,2,1,AGCCTATCAAGGAGGTCGTA,1,67871
TSS_1414_storz_regulondb,1.5,3,1,AGATCGATCACAAAGGGCAT,2,70040
TSS_1414_storz_regulondb,1.5,3,1,AGAGGTTTTCGAGGACCGCC,2,10630
TSS_1414_storz_regulondb,48.0,96,1,AGACTCAGCAAGGCCTATCA,95,34230
TSS_1414_storz_regulondb,5.0,10,1,AGACTCAAGGGCGTTGACCA,9,74161
TSS_1414_storz_regulondb,1.0,2,1,AGAAGAGTTCAGATTAGCCT,1,49581
TSS_1414_storz_regulondb,3.0,6,1,ACGACTCTCTCTTTCACTTT,5,33971
TSS_1414_storz_regulondb,1.0,2,1,ACCTGGAGCGCGATTCATAA,1,45683
TSS_1414_storz_regulondb,2.5,5,1,ACCGGGGGACGGGCCAAGGT,4,7924
TSS_1414_storz_regulondb,1.0,2,1,ACCAGCACCGGACGTTAAGC,1,359
TSS_1414_storz_regulondb,5.0,10,1,ACCAAATATCTTCAAAGGTG,9,13953
TSS_1414_storz_regulondb,1.0,2,1,ACATGGTCCGAGATTCCAGA,1,78199
TSS_1414_storz_regulondb,2.0,4,1,AATTTAGCTCTCAATACGAG,3,36652
TSS_1414_storz_regulondb,315.0,630,1,AATTAGACAGGTCGTGAAGG,629,72921
TSS_1414_storz_regulondb,1.0,2,1,AATGTTTATTAATTTGTGTC,1,23968
TSS_1414_storz_regulondb,1.0,2,1,AAGTCTCAGGTGGGGTGCCC,1,80156
TSS_1414_storz_regulondb,271.5,543,1,AACTCTTAATGTAAGGGCAA,542,36210
TSS_1414_storz_regulondb,1.0,2,1,AACTCGGACGGCAACACGGT,1,62769
TSS_1414_storz_regulondb,7.0,14,1,AACGTTAATTGCACTAGGCG,13,51003
TSS_1414_storz_regulondb,1.5,3,1,AACAGGGGCTGGGGATCCAA,2,41700
TSS_1414_storz_regulondb,3.0,6,1,AAAGATCCCCTTGGACCCCG,5,44782
TSS_1414_storz_regulondb,1.5,3,1,AAACGCTGGCCAGTATAGGA,2,62438
TSS_1414_storz_regulondb,0.009433962264150943,105,105,GTCATGCTTGAGACCCGCGG,0,4828
TSS_1414_storz_regulondb,0.009523809523809525,104,104,GGAATGGCCCGCGAAAATTA,0,1833
TSS_1414_storz_regulondb,0.009708737864077669,102,102,ATTGTCCAATTTGCAAAGTT,0,19177
TSS_1414_storz_regulondb,0.00980392156862745,101,101,TAGAGCCGTTCAGAAAAAAA,0,48607
TSS_1414_storz_regulondb,0.009900990099009901,100,100,TCTGAACGGCTAGGTCCTGT,0,5310
TSS_1414_storz_regulondb,0.009900990099009901,100,100,CGATTTATAACCCAGCCGCA,0,77848
TSS_1414_storz_regulondb,0.01,99,99,GGCCACGGACGCAGGAATTT,0,62892
TSS_1414_storz_regulondb,0.010101010101010102,98,98,TAACGCTCATGCAAGGGAGT,0,21467
TSS_1414_storz_regulondb,0.010869565217391304,91,91,CCAACCTTTGCCGTTTGGAT,0,24734
TSS_1414_storz_regulondb,0.01098901098901099,90,90,GCTATGGGACTTACTGAGGA,0,2788
TSS_1414_storz_regulondb,0.01098901098901099,90,90,CTAACCTGTGATTACGCAGT,0,24806
TSS_1414_storz_regulondb,0.011111111111111112,89,89,ATGATGGTTAGACATCCAAT,0,4424
TSS_1414_storz_regulondb,0.011235955056179775,88,88,GTTGGATAGCATGACAGTAG,0,79593
TSS_1414_storz_regulondb,0.011235955056179775,88,88,CGTTCAGCATAACCAAGTAA,0,29119
TSS_1414_storz_regulondb,0.011363636363636364,87,87,GTGTCAGTGTGCTTTTACGA,0,201
TSS_1414_storz_regulondb,0.011764705882352941,84,84,TCAGGCGTTCATATGATTGT,0,41812
TSS_1414_storz_regulondb,0.011764705882352941,84,84,GTCATTGGATCTTGAACTTA,0,125
TSS_1414_storz_regulondb,0.011764705882352941,84,84,CGCAGTGTGACAAAAGACGG,0,63577
TSS_1414_storz_regulondb,0.012048192771084338,82,82,CTTAAAGCAGCGACCGGGGT,0,11433
TSS_1414_storz_regulondb,0.012345679012345678,80,80,GTACTACGGTTATAGAGGAC,0,458
TSS_1414_storz_regulondb,0.0125,79,79,CAGTTCTGGAGACTAATATA,0,43133
TSS_1414_storz_regulondb,0.01282051282051282,77,77,TAGAATCCGCCTTAGCCTCA,0,40427
TSS_1414_storz_regulondb,0.012987012987012988,76,76,TTGGGGTACTGGTTACATTG,0,51606
TSS_1414_storz_regulondb,0.012987012987012988,76,76,TCCGGAAGGTACGCTCGTGT,0,54599
TSS_1414_storz_regulondb,0.012987012987012988,76,76,CGCAATGGTTCCGGACAATA,0,12457
TSS_1414_storz_regulondb,0.012987012987012988,76,76,CCTAAGGTTTCTGATTGGTG,0,21142
TSS_1414_storz_regulondb,0.013157894736842105,75,75,TTAAGGGTCCGTGGTCTTTT,0,1609
TSS_1414_storz_regulondb,0.013157894736842105,75,75,TCCTGTACGAGCTGCTGCTA,0,45733
TSS_1414_storz_regulondb,0.013157894736842105,75,75,GTGACAACCTTGTAAACCTG,0,26259
TSS_1414_storz_regulondb,0.013333333333333334,74,74,CAAGTACCCGTCCGAACCTG,0,5663
TSS_1414_storz_regulondb,0.0136986301369863,72,72,CCGTAGAGAAAGATGTGTGC,0,80706
TSS_1414_storz_regulondb,0.013888888888888888,71,71,GAGGATCGGCTTATACAGTT,0,32509
TSS_1414_storz_regulondb,0.013888888888888888,71,71,CATCACATGTATTGTGTGCC,0,38765
TSS_1414_storz_regulondb,0.013888888888888888,71,71,CAGTAGAATTGTTACGTCCA,0,10249
TSS_1414_storz_regulondb,0.014084507042253521,70,70,GGTTGTGTGCCGTGCAGCAT,0,18835
TSS_1414_storz_regulondb,0.014084507042253521,70,70,ATATACGCCCTCAAGGAAAA,0,55595
TSS_1414_storz_regulondb,0.014285714285714285,69,69,GGAAAGTGAAGCCAATTCGT,0,46025
TSS_1414_storz_regulondb,0.014285714285714285,69,69,CTGAGGGGTTCTTAAAGGCC,0,522
TSS_1414_storz_regulondb,0.014285714285714285,69,69,AGTGACCCTTGCGGCCAGCT,0,34076
TSS_1414_storz_regulondb,0.014285714285714285,69,69,ACCGCTACAACCTTTGCCTA,0,66480
TSS_1414_storz_regulondb,0.014492753623188406,68,68,TGCCGCGCAATATCCTAGCA,0,18582
TSS_1414_storz_regulondb,0.014705882352941176,67,67,TGGCACTGTGAATTATTGAT,0,45342
TSS_1414_storz_regulondb,0.014705882352941176,67,67,GCCATTCTACTACGAGGGTG,0,48902
TSS_1414_storz_regulondb,0.014705882352941176,67,67,GACCCCCCTCCGAAATGTGG,0,9648
TSS_1414_storz_regulondb,0.014705882352941176,67,67,CCTCGTCCGGTACTCTGAGA,0,10385
TSS_1414_storz_regulondb,0.014705882352941176,67,67,AGTGGACCTGTCACTATTAA,0,74453
TSS_1414_storz_regulondb,0.014925373134328358,66,66,CGGTTGACCGTCCGGCAATT,0,18298
TSS_1414_storz_regulondb,0.014925373134328358,66,66,CATTCCGCGACCGGATACGC,0,32931
TSS_1414_storz_regulondb,0.014925373134328358,66,66,AAGTTGCAAGTCAGAAGCAT,0,41757
TSS_1414_storz_regulondb,0.015151515151515152,65,65,TCGATACCTCGTGCAATCGT,0,19120
TSS_1414_storz_regulondb,0.015151515151515152,65,65,GGTTTAGAGGATTTTATTGA,0,37965
TSS_1414_storz_regulondb,0.015151515151515152,65,65,GCGGTTGGGCTAGCCATGTA,0,11363
TSS_1414_storz_regulondb,0.015151515151515152,65,65,CGGTCACAGTTGACGAAAGG,0,29354
TSS_1414_storz_regulondb,0.015151515151515152,65,65,CAACCCCCTGTTCTACTGCT,0,20355
TSS_1414_storz_regulondb,0.015151515151515152,65,65,AAGTCTATTTCACGCTGTTG,0,7744
TSS_1414_storz_regulondb,0.015151515151515152,65,65,AACGCTTCTGATCAAATACC,0,58295
TSS_1414_storz_regulondb,0.015384615384615385,64,64,TGGCATACCGCCGCCAACAG,0,16474
TSS_1414_storz_regulondb,0.015384615384615385,64,64,GGACCCAAGCGAATCTGCTT,0,9375
TSS_1414_storz_regulondb,0.015384615384615385,64,64,CTGGCATCGAGAAAGTGTTG,0,16791
TSS_1414_storz_regulondb,0.015384615384615385,64,64,CCTCGGAAAAAGTTTCCGGC,0,17426
TSS_1414_storz_regulondb,0.015384615384615385,64,64,CCTATTCACGATATGTTTCT,0,58923
TSS_1414_storz_regulondb,0.015625,63,63,TTTCGCATCTATTCCTGAGT,0,22980
TSS_1414_storz_regulondb,0.015625,63,63,GGTAGGCATGCCCATATTTA,0,17690
TSS_1414_storz_regulondb,0.015625,63,63,CGTCAAATTTTCCCAAGTTT,0,75224
TSS_1414_storz_regulondb,0.015625,63,63,CGGACGCACCTGTCGTTCAT,0,6111
TSS_1414_storz_regulondb,0.015625,63,63,CCCAAGTAAAGTGAGAGAAG,0,6427
TSS_1414_storz_regulondb,0.015625,63,63,AGGTAGGCCTGAAGTGGCGT,0,68675
TSS_1414_storz_regulondb,0.015625,63,63,ACGGCCCCAAAAATAATGGT,0,32348
TSS_1414_storz_regulondb,0.015625,63,63,AACTTAGAAGGGGAATGTAG,0,32824
TSS_1414_storz_regulondb,0.015873015873015872,62,62,GCATACTTTTAGAGTCTTAA,0,31294
TSS_1414_storz_regulondb,0.015873015873015872,62,62,CGCGGTGCAGGAAACCTCGG,0,12738
TSS_1414_storz_regulondb,0.015873015873015872,62,62,CAGTTATGCGGCCTGGCGTA,0,28570
TSS_1414_storz_regulondb,0.015873015873015872,62,62,ATCTCCCTTATAGGGGGAAG,0,12277
TSS_1414_storz_regulondb,0.016129032258064516,61,61,TCGGTAGGATGTCGCCAGCT,0,54949
TSS_1414_storz_regulondb,0.016129032258064516,61,61,CACTGCAGGGAAGGGCCATA,0,44532
TSS_1414_storz_regulondb,0.016129032258064516,61,61,ACGGAAACTAAATGGCCAAG,0,11065
TSS_1414_storz_regulondb,0.016129032258064516,61,61,ACACGGTATATGTGCTGTTA,0,49226
TSS_1414_storz_regulondb,0.016129032258064516,61,61,AAAACCCGATACCGCGCGTG,0,51444
TSS_1414_storz_regulondb,0.01639344262295082,60,60,TCAACGTGATCGCCTCGGTA,0,5186
TSS_1414_storz_regulondb,0.01639344262295082,60,60,GGTGCTCCCGCCTCTGCACA,0,48296
TSS_1414_storz_regulondb,0.01639344262295082,60,60,GCACGCAAGAGGGATATGAA,0,33046
TSS_1414_storz_regulondb,0.01639344262295082,60,60,GAGTCGGTAAAAACGGCATG,0,787
TSS_1414_storz_regulondb,0.01639344262295082,60,60,CTTGGAACGCAGACATGGGT,0,33413
TSS_1414_storz_regulondb,0.01639344262295082,60,60,CGGGGAAGGTGGCCAGGGGA,0,38752
TSS_1414_storz_regulondb,0.01639344262295082,60,60,ATTCATGCCCCCATCTACCA,0,33586
TSS_1414_storz_regulondb,0.01639344262295082,60,60,AGAATATTTACTACGCACGA,0,65202
TSS_1414_storz_regulondb,0.016666666666666666,59,59,TCTATCATAGTGCAGCACGT,0,9886
TSS_1414_storz_regulondb,0.016666666666666666,59,59,TCGGGGGAATGAGCCGCTGT,0,40925
TSS_1414_storz_regulondb,0.016666666666666666,59,59,TAACGTAACCCTCGAGGCAT,0,11220
TSS_1414_storz_regulondb,0.016666666666666666,59,59,GATTGGCAATAGTCGCAATT,0,8177
TSS_1414_storz_regulondb,0.016666666666666666,59,59,CTCTTGACGACTCTACTGCT,0,18165
TSS_1414_storz_regulondb,0.016666666666666666,59,59,CGAAAGCGGGGCTTTTTGGT,0,4116
TSS_1414_storz_regulondb,0.016666666666666666,59,59,CACTCCCTGTTTGACTCTTT,0,33328
TSS_1414_storz_regulondb,0.016666666666666666,59,59,AAGGGTAACATCGGCAGCAG,0,5442
TSS_1414_storz_regulondb,0.01694915254237288,58,58,GGGAATTGGGCCAGGTACTG,0,42505
TSS_1414_storz_regulondb,0.01694915254237288,58,58,GGGAACGTAGTGTCGGGAGT,0,37373
TSS_1414_storz_regulondb,0.01694915254237288,58,58,CGTTGCGTTGGGGTCCCCCA,0,80640
TSS_1414_storz_regulondb,0.01694915254237288,58,58,CGATACGATTCGGCCCTCGA,0,5792
TSS_1414_storz_regulondb,0.01694915254237288,58,58,ATATATTTCTGGCGGAATAT,0,4154
TSS_1414_storz_regulondb,0.01694915254237288,58,58,AGGAGTATGATCTACTTGCC,0,37436
TSS_1414_storz_regulondb,0.017241379310344827,57,57,TGAAACCAAGACCGACTTAC,0,6249
TSS_1414_storz_regulondb,0.017241379310344827,57,57,TAAGGCGTCTCCGCTACTTG,0,10603
TSS_1414_storz_regulondb,0.017241379310344827,57,57,CTGAAAGGCCCTACTGTATA,0,70523
TSS_1414_storz_regulondb,0.017241379310344827,57,57,CGAAGATATGATTTGGTTGC,0,39094
TSS_1414_storz_regulondb,0.017241379310344827,57,57,CCTATCCCCGTGTCGTGATG,0,56347
TSS_1414_storz_regulondb,0.017241379310344827,57,57,CAGACTCATTCTTGTGCATT,0,60848
TSS_1414_storz_regulondb,0.017241379310344827,57,57,ACGAACAGGGAGTCGTCGTA,0,4270
TSS_1414_storz_regulondb,0.017543859649122806,56,56,TTAAGCGGATTCATCCGTTT,0,63807
TSS_1414_storz_regulondb,0.017543859649122806,56,56,TGTTTTTAGATAGGTTATGG,0,8182
TSS_1414_storz_regulondb,0.017543859649122806,56,56,TGTGCGGTCAGGCCTTTCAG,0,3805
TSS_1414_storz_regulondb,0.017543859649122806,56,56,TGAACCGTGAAATTAAATTG,0,29214
TSS_1414_storz_regulondb,0.017543859649122806,56,56,TATTCAACGTTACTCGCGAT,0,35829
TSS_1414_storz_regulondb,0.017543859649122806,56,56,GTGCAATCTCTTCACCTGCA,0,37390
TSS_1414_storz_regulondb,0.017543859649122806,56,56,GGGTTAACTAATCAGGATAA,0,23427
TSS_1414_storz_regulondb,0.017543859649122806,56,56,GCCTATTGACCAAGTAGGAT,0,77264
TSS_1414_storz_regulondb,0.017543859649122806,56,56,CCCCCATTACTACTTTGGAT,0,34528
TSS_1414_storz_regulondb,0.017543859649122806,56,56,CCACTGTCCGTTGATAGAAA,0,24062
TSS_1414_storz_regulondb,0.017543859649122806,56,56,CATACCCTACGCCAATCTGA,0,68204
TSS_1414_storz_regulondb,0.017543859649122806,56,56,CACCACGACGTTTTAAGCAA,0,6124
TSS_1414_storz_regulondb,0.017543859649122806,56,56,ATTACTTGATGCCTCGCGGT,0,8750
TSS_1414_storz_regulondb,0.017543859649122806,56,56,ATACTTAGGCCTCCGGCGGG,0,4496
TSS_1414_storz_regulondb,0.017543859649122806,56,56,AAGCGCCGAGGGTAGTATTT,0,40944
TSS_1414_storz_regulondb,0.017857142857142856,55,55,GGTATCTTAGACAGTCAGAC,0,56916
TSS_1414_storz_regulondb,0.017857142857142856,55,55,GGCAGTGTTTATTTGGGCTT,0,10594
TSS_1414_storz_regulondb,0.017857142857142856,55,55,GCGAGGCACAACGACTGACA,0,18096
TSS_1414_storz_regulondb,0.017857142857142856,55,55,CGAACGCAAACATTCGCGTA,0,80924
TSS_1414_storz_regulondb,0.017857142857142856,55,55,CACTTCACGAGGCAAATTGT,0,70693
TSS_1414_storz_regulondb,0.017857142857142856,55,55,ATGTAGATACACAATTGGAA,0,33426
TSS_1414_storz_regulondb,0.017857142857142856,55,55,AGGGCACGAGTAGGAACCTG,0,14932
TSS_1414_storz_regulondb,0.01818181818181818,54,54,TGAGAGCAACGGGATAACCA,0,3804
TSS_1414_storz_regulondb,0.01818181818181818,54,54,GTTGTTTACGCTCAGAAGCG,0,8193
TSS_1414_storz_regulondb,0.01818181818181818,54,54,GTTGGGCCACATAGCACGGG,0,17123
TSS_1414_storz_regulondb,0.01818181818181818,54,54,GGATCGGCCCGTCAGATTAT,0,11314
TSS_1414_storz_regulondb,0.01818181818181818,54,54,CGCCTGAGATTGGTAGTTCA,0,38764
TSS_1414_storz_regulondb,0.01818181818181818,54,54,CCTCCCGATACCCGAATATG,0,59664
TSS_1414_storz_regulondb,0.01818181818181818,54,54,CATCAAAACCGACAGTGGCT,0,9177
TSS_1414_storz_regulondb,0.01818181818181818,54,54,CACATGCCACGCATGGCCTG,0,17584
TSS_1414_storz_regulondb,0.01818181818181818,54,54,AAAAACTCAGTCAAGAGGTA,0,49343
TSS_1414_storz_regulondb,0.018518518518518517,53,53,TGCGACTACTGACGCCTCGC,0,10540
TSS_1414_storz_regulondb,0.018518518518518517,53,53,TCCCACCGTCCCGGAGACTC,0,53965
TSS_1414_storz_regulondb,0.018518518518518517,53,53,GCTGGCAGTTTGCGAAACTC,0,48397
TSS_1414_storz_regulondb,0.018518518518518517,53,53,CTGAAGAGCGCTATTGCATG,0,9773
TSS_1414_storz_regulondb,0.018518518518518517,53,53,CGTTAGACTATGCTATGTAC,0,77842
TSS_1414_storz_regulondb,0.018518518518518517,53,53,CGGTCAATAACATCACGGGA,0,36397
TSS_1414_storz_regulondb,0.018518518518518517,53,53,CCGCACAATGTGCAGGTGAA,0,29865
TSS_1414_storz_regulondb,0.018518518518518517,53,53,CCAGTCGGCGAAGGCAGACT,0,63544
TSS_1414_storz_regulondb,0.018518518518518517,53,53,CAGTTCACGGGTGCGCCTTT,0,20656
TSS_1414_storz_regulondb,0.018518518518518517,53,53,ACGAACATCTTTCCAGTCTT,0,9503
TSS_1414_storz_regulondb,0.018518518518518517,53,53,AACAACGTGCCCTCTGGCTG,0,35149
TSS_1414_storz_regulondb,0.018867924528301886,52,52,TTGTCGGCGCTGTTCGTTTT,0,26410
TSS_1414_storz_regulondb,0.018867924528301886,52,52,TCCGAACAAGGACGTCGGTG,0,53958
TSS_1414_storz_regulondb,0.018867924528301886,52,52,TAGCCGACTTCACTGGGATA,0,58794
TSS_1414_storz_regulondb,0.018867924528301886,52,52,GCTATTTATACTTTCTTGTC,0,9279
TSS_1414_storz_regulondb,0.018867924528301886,52,52,GCAGCTGCAGTAATTGTCTA,0,14937
TSS_1414_storz_regulondb,0.018867924528301886,52,52,GAACTTGCCGATCCCCGCAG,0,18336
TSS_1414_storz_regulondb,0.018867924528301886,52,52,CTGCGCCCGGTAAACCTTTT,0,23848
TSS_1414_storz_regulondb,0.018867924528301886,52,52,CGGCCTGGCTCAATAAGAAT,0,64226
TSS_1414_storz_regulondb,0.018867924528301886,52,52,CGACTCAATCACACTTGTTT,0,45961
TSS_1414_storz_regulondb,0.018867924528301886,52,52,ATCTTGAAGTGTGTCGGTTA,0,52261
TSS_1414_storz_regulondb,0.018867924528301886,52,52,AGTGCCCGTTCTGGTGAAAG,0,45925
TSS_1414_storz_regulondb,0.018867924528301886,52,52,ACCGTTAGCATTACGTCCGA,0,50926
TSS_1414_storz_regulondb,0.018867924528301886,52,52,AAGGCTAAAGCATAGGACGC,0,24805
TSS_1414_storz_regulondb,0.019230769230769232,51,51,TGCCGCTCCCTGCAAGGCCT,0,55530
TSS_1414_storz_regulondb,0.019230769230769232,51,51,TAAGGGTGAGAGGTTTGCCA,0,8176
TSS_1414_storz_regulondb,0.019230769230769232,51,51,GTTGTTAGCGGGGGTTTATT,0,19400
TSS_1414_storz_regulondb,0.019230769230769232,51,51,GTAGTTGAGGATTTAGTTGT,0,4349
TSS_1414_storz_regulondb,0.019230769230769232,51,51,GGCTTAAGCGCTTTACTTAT,0,55730
TSS_1414_storz_regulondb,0.019230769230769232,51,51,GGCTGTCTCACTTTATATTG,0,21004
TSS_1414_storz_regulondb,0.019230769230769232,51,51,GGCCCGCCTGTTTCAAGGGC,0,76558
TSS_1414_storz_regulondb,0.019230769230769232,51,51,CATGATAGACATTAAACACA,0,47548
TSS_1414_storz_regulondb,0.019230769230769232,51,51,CAGCTTTCCGGCTCTTGGCT,0,51355
TSS_1414_storz_regulondb,0.019230769230769232,51,51,AGGTCTAGAGCTCGTAGTTT,0,6166
TSS_1414_storz_regulondb,0.019230769230769232,51,51,ACAGGGAGTGGCCGAGCACA,0,34145
TSS_1414_storz_regulondb,0.0196078431372549,50,50,TTTGTCTTCGTGGGAATGAG,0,81117
TSS_1414_storz_regulondb,0.0196078431372549,50,50,TCGGTTAGAGACGCTTAGCC,0,69314
TSS_1414_storz_regulondb,0.0196078431372549,50,50,TCCGCGCGTTGTTTGACCGT,0,60478
TSS_1414_storz_regulondb,0.0196078431372549,50,50,GTGGCTGAAGAGTGCGACGG,0,45497
TSS_1414_storz_regulondb,0.0196078431372549,50,50,GCATTCAAGCGAGGAGGATA,0,59247
TSS_1414_storz_regulondb,0.0196078431372549,50,50,GAAGGTTTGTCTGGTATCGT,0,5631
TSS_1414_storz_regulondb,0.0196078431372549,50,50,CACTCGACGGTCACGAAGTT,0,59766
TSS_1414_storz_regulondb,0.0196078431372549,50,50,ATCGCTATCCTAACGTTTAT,0,79873
TSS_1414_storz_regulondb,0.0196078431372549,50,50,ACGGTCGGGTCCGGACGGTT,0,23006
TSS_1414_storz_regulondb,0.0196078431372549,50,50,AAACTCGTGGGCATTAGATA,0,1646
TSS_1414_storz_regulondb,0.0196078431372549,50,50,AAACCACTCTTCTGCATAAT,0,55090
TSS_1414_storz_regulondb,0.0196078431372549,50,50,AAAAGGAATGTAACATACCG,0,19048
TSS_1414_storz_regulondb,0.02,49,49,TGACGATCAATGCCGGGAAC,0,15063
TSS_1414_storz_regulondb,0.02,49,49,TACCTGATGGGTGGAATTAC,0,72918
TSS_1414_storz_regulondb,0.02,49,49,GTCCGGATTCAACAGCCGTG,0,47461
TSS_1414_storz_regulondb,0.02,49,49,GCGTGGATAACTGAGTATTA,0,61686
TSS_1414_storz_regulondb,0.02,49,49,CTCGTCGGTGAGTGTCACAG,0,60923
TSS_1414_storz_regulondb,0.02,49,49,CGCCGTACGCAGGATCTGAA,0,23047
TSS_1414_storz_regulondb,0.02,49,49,CGAGGCTCAACGTTATTCCA,0,73723
TSS_1414_storz_regulondb,0.02,49,49,CCGTGACCTGTTTAACTCAG,0,55781
TSS_1414_storz_regulondb,0.02,49,49,CAGCCCTCCTGCTTGGAGCA,0,61681
TSS_1414_storz_regulondb,0.02,49,49,CAGACAAGTGGAGATGCTTA,0,8049
TSS_1414_storz_regulondb,0.02,49,49,ATACCGCAGCTCCCCACTAT,0,55226
TSS_1414_storz_regulondb,0.02,49,49,AGGCCGCCTTTATTCAGTTA,0,60137
TSS_1414_storz_regulondb,0.02,49,49,AGCTGTCCGTATCAATCCTA,0,17763
TSS_1414_storz_regulondb,0.02,49,49,AAGTAGCGGAAGGCAATCCA,0,52793
TSS_1414_storz_regulondb,0.02040816326530612,48,48,TGTTCGGCCCTTAAAGCCTC,0,19541
TSS_1414_storz_regulondb,0.02040816326530612,48,48,TCAAATACAGTTCGGGGTCT,0,65366
TSS_1414_storz_regulondb,0.02040816326530612,48,48,TATAGGTAGTGGGGTGCGGA,0,62455
TSS_1414_storz_regulondb,0.02040816326530612,48,48,TACAGTAGTAGAGCATTTTT,0,28040
TSS_1414_storz_regulondb,0.02040816326530612,48,48,GTCCTTCGGGTAGGCCCATG,0,28809
TSS_1414_storz_regulondb,0.02040816326530612,48,48,GGTGTAAAGGGTTAGCGCGA,0,53070
TSS_1414_storz_regulondb,0.02040816326530612,48,48,GGCATCACGAAACCTGGACG,0,27319
TSS_1414_storz_regulondb,0.02040816326530612,48,48,GCCGTTTGTATGCTTCCTAA,0,66913
TSS_1414_storz_regulondb,0.02040816326530612,48,48,CTTCACGGAGGGGGCCTTCT,0,13146
TSS_1414_storz_regulondb,0.02040816326530612,48,48,CCGGGCGGGATAGCAGGGTA,0,59633
TSS_1414_storz_regulondb,0.02040816326530612,48,48,CCATGGCATCCAACCTGAAC,0,77328
TSS_1414_storz_regulondb,0.02040816326530612,48,48,CAGTAAGGTTCAAAATGAGG,0,60700
TSS_1414_storz_regulondb,0.02040816326530612,48,48,CAGGACGTCGAGTAATGCAG,0,67013
TSS_1414_storz_regulondb,0.02040816326530612,48,48,ACGCTGTCACCACATCGGTC,0,9248
TSS_1414_storz_regulondb,0.02040816326530612,48,48,ACCAAGGGAACGTGGTAGAT,0,21656
TSS_1414_storz_regulondb,0.02040816326530612,48,48,AATAAGCACTGGCTAACTCG,0,8426
TSS_1414_storz_regulondb,0.02040816326530612,48,48,AACTTATAACGGAACACCAG,0,25418
TSS_1414_storz_regulondb,0.020833333333333332,47,47,TGAGCTATACGGCTGCTGTT,0,52395
TSS_1414_storz_regulondb,0.020833333333333332,47,47,GTATTATGGGACCAGGATTA,0,25484
TSS_1414_storz_regulondb,0.020833333333333332,47,47,GGGCCATCGCGTCTCAGTTT,0,76433
TSS_1414_storz_regulondb,0.020833333333333332,47,47,GGCATGTAGTTCGGATCCCC,0,79259
TSS_1414_storz_regulondb,0.020833333333333332,47,47,GCCGAATGCGCTACTGATAG,0,9951
TSS_1414_storz_regulondb,0.020833333333333332,47,47,CGGTACTGGCCGGTTTGTAC,0,72252
TSS_1414_storz_regulondb,0.020833333333333332,47,47,CGCGCTGCGCCTATGGCGTG,0,36085
TSS_1414_storz_regulondb,0.020833333333333332,47,47,CGCAGCCTAAGTTCCCACCT,0,61850
TSS_1414_storz_regulondb,0.020833333333333332,47,47,CCGGCCTTGCGAGAATGTTT,0,34895
TSS_1414_storz_regulondb,0.020833333333333332,47,47,CCGACACGCGGACGTTGAAT,0,44246
TSS_1414_storz_regulondb,0.020833333333333332,47,47,CAACCTGGGTGATTAACGAT,0,17945
TSS_1414_storz_regulondb,0.020833333333333332,47,47,ATTCAGATAGCGATAGCATA,0,54008
TSS_1414_storz_regulondb,0.020833333333333332,47,47,ATCGATGCTGTTTGGCCTAG,0,3803
TSS_1414_storz_regulondb,0.020833333333333332,47,47,AGTAGCGGCAACCCTTTTCT,0,22709
TSS_1414_storz_regulondb,0.020833333333333332,47,47,ACGTTACAACATGTTTTTCA,0,55596
TSS_1414_storz_regulondb,0.020833333333333332,47,47,ACCGCGAGAGGCTGTAAGTA,0,45781
TSS_1414_storz_regulondb,0.020833333333333332,47,47,ACCGATTTGCTGGTCAAGGT,0,1271
TSS_1414_storz_regulondb,0.020833333333333332,47,47,ACCCGGTTCTAGAGGGGGAA,0,22030
TSS_1414_storz_regulondb,0.020833333333333332,47,47,AAGTCCCCAGGGGTCTCCTA,0,3517
TSS_1414_storz_regulondb,0.020833333333333332,47,47,AACACATTTATGGATTGTAG,0,1390
TSS_1414_storz_regulondb,0.020833333333333332,47,47,AAAGGCGCTACCCTTTGAGA,0,55140
TSS_1414_storz_regulondb,0.02127659574468085,46,46,TTCAGCACAGCTTGCGCATG,0,25827
TSS_1414_storz_regulondb,0.02127659574468085,46,46,TGCTGTACCTCGAGATTCAT,0,20359
TSS_1414_storz_regulondb,0.02127659574468085,46,46,TCTGGCTTATCTGAATCTGT,0,51531
TSS_1414_storz_regulondb,0.02127659574468085,46,46,TCGTGCGTCAGATGGGCCAA,0,61793
TSS_1414_storz_regulondb,0.02127659574468085,46,46,TATCAAGCGTCGGCAAGTCC,0,43237
TSS_1414_storz_regulondb,0.02127659574468085,46,46,TACCATAACCAGCGATCGGT,0,58083
TSS_1414_storz_regulondb,0.02127659574468085,46,46,GTTAACTAAATCGGGCTTGG,0,40523
TSS_1414_storz_regulondb,0.02127659574468085,46,46,GTGGAATGTTCGGTTCGTCA,0,4770
TSS_1414_storz_regulondb,0.02127659574468085,46,46,GTCTAGTGGGGTGGCGAGAA,0,46638
TSS_1414_storz_regulondb,0.02127659574468085,46,46,GGGGTGTTTCCGAAGAGTGA,0,58522
TSS_1414_storz_regulondb,0.02127659574468085,46,46,GGAGTTTATATAAAAATGCT,0,52935
TSS_1414_storz_regulondb,0.02127659574468085,46,46,GCACGGCCCGCGGGGGACAT,0,47130
TSS_1414_storz_regulondb,0.02127659574468085,46,46,CTTTTACAGATATCACCTCA,0,33784
TSS_1414_storz_regulondb,0.02127659574468085,46,46,CTCTCAGGCGGTTGGGTAAG,0,19002
TSS_1414_storz_regulondb,0.02127659574468085,46,46,CTCCACGCCAGGCGTTGAAA,0,38282
TSS_1414_storz_regulondb,0.02127659574468085,46,46,CCTGCGCAGCCGAGCGCCTA,0,8107
TSS_1414_storz_regulondb,0.02127659574468085,46,46,CCTCGTTGCTTGTAATGCGT,0,18166
TSS_1414_storz_regulondb,0.02127659574468085,46,46,ATCGCTTTAACGGACATCCG,0,2496
TSS_1414_storz_regulondb,0.02127659574468085,46,46,ATCCTTCGGCACGCGAGTAA,0,22978
TSS_1414_storz_regulondb,0.02127659574468085,46,46,ATCATTATCGGGAGAACTGT,0,27942
TSS_1414_storz_regulondb,0.02127659574468085,46,46,ATCAGACGCGCGGGCTGATG,0,77271
TSS_1414_storz_regulondb,0.02127659574468085,46,46,AGGTCACAGCTAGTATCAGT,0,46889
TSS_1414_storz_regulondb,0.02127659574468085,46,46,ACGCATAAATTCAATTAAAT,0,15623
TSS_1414_storz_regulondb,0.02127659574468085,46,46,ACCGGTGCCATTCGGAATAC,0,33255
TSS_1414_storz_regulondb,0.02127659574468085,46,46,ACCGGTAGGTTTCCGACCTT,0,62259
TSS_1414_storz_regulondb,0.02127659574468085,46,46,ACAGCGCCGGGTGCTCCTGT,0,7750
TSS_1414_storz_regulondb,0.02127659574468085,46,46,AAGATCCTGTATATCCTTTA,0,15601
TSS_1414_storz_regulondb,0.021739130434782608,45,45,TTGGTGCACAGGATTTATCC,0,65397
TSS_1414_storz_regulondb,0.021739130434782608,45,45,TGCGTGGTCCGCATGTAATG,0,30486
TSS_1414_storz_regulondb,0.021739130434782608,45,45,TGCGCTCAGGATGCGCCCTA,0,6593
TSS_1414_storz_regulondb,0.021739130434782608,45,45,TGAGCGACCCCTGCGGAACA,0,34245
TSS_1414_storz_regulondb,0.021739130434782608,45,45,TCAAATTGATAGTAAAGACC,0,53934
TSS_1414_storz_regulondb,0.021739130434782608,45,45,GGGCCATACGCTTCGCGGCA,0,36294
TSS_1414_storz_regulondb,0.021739130434782608,45,45,GCCTGGCTTGATACTATTGT,0,3630
TSS_1414_storz_regulondb,0.021739130434782608,45,45,CTTCCTGAAGCGGGGTTTAG,0,3741
TSS_1414_storz_regulondb,0.021739130434782608,45,45,CGGACCGTCCTGAGCGCCTT,0,27819
TSS_1414_storz_regulondb,0.021739130434782608,45,45,CCGGAGCTAAAATATCTGTT,0,49238
TSS_1414_storz_regulondb,0.021739130434782608,45,45,CCGAGGGTTCCAGTGGTGGT,0,43778
TSS_1414_storz_regulondb,0.021739130434782608,45,45,AGATAGGATAGTTTAGGGTA,0,6887
TSS_1414_storz_regulondb,0.021739130434782608,45,45,ACTCGCGTAGTGCATCGATA,0,8527
TSS_1414_storz_regulondb,0.021739130434782608,45,45,ACCGCGTGTCATGAGACATA,0,19361
TSS_1414_storz_regulondb,0.021739130434782608,45,45,AATGCCCAGGGTAGCGTGAA,0,26004
TSS_1414_storz_regulondb,0.021739130434782608,45,45,AACGTCAGAATGGTGGGGCG,0,19595
TSS_1414_storz_regulondb,0.022222222222222223,44,44,TGTCCTATGTTGCTAAACAG,0,54409
TSS_1414_storz_regulondb,0.022222222222222223,44,44,TGCACCGTCGTCGGTGCTTT,0,49703
TSS_1414_storz_regulondb,0.022222222222222223,44,44,TACGCTTGCGTGTTAGCTGA,0,31434
TSS_1414_storz_regulondb,0.022222222222222223,44,44,TACAGGCCTGATCTAAAGAT,0,53652
TSS_1414_storz_regulondb,0.022222222222222223,44,44,TAAAAGGTGAGGATTGAACG,0,49193
TSS_1414_storz_regulondb,0.022222222222222223,44,44,GGGTGGCCACGTACGACTAT,0,69799
TSS_1414_storz_regulondb,0.022222222222222223,44,44,GCCGCGGAGAACAAACCTTA,0,39357
TSS_1414_storz_regulondb,0.022222222222222223,44,44,GATTATTTTCGCGGGACCGA,0,33379
TSS_1414_storz_regulondb,0.022222222222222223,44,44,GAGCATCACGTTGTTTCTCT,0,11344
TSS_1414_storz_regulondb,0.022222222222222223,44,44,CGCGAATGACATCGAGGATT,0,15625
TSS_1414_storz_regulondb,0.022222222222222223,44,44,CGATCTCAGGTAAACCCAGC,0,38555
TSS_1414_storz_regulondb,0.022222222222222223,44,44,CCCGAAGAGTCTAGCCAATC,0,1267
TSS_1414_storz_regulondb,0.022222222222222223,44,44,CCCCTGTTGTGGAAGCCATA,0,39054
TSS_1414_storz_regulondb,0.022222222222222223,44,44,CATTAGCACGTGTCAAAAAG,0,65297
TSS_1414_storz_regulondb,0.022222222222222223,44,44,CATTAGACTGTCCTAATTCG,0,59989
TSS_1414_storz_regulondb,0.022222222222222223,44,44,CACGAGCGAGACGCCACGAT,0,52183
TSS_1414_storz_regulondb,0.022222222222222223,44,44,CAAACATACGACCCGGCCTA,0,34249
TSS_1414_storz_regulondb,0.022222222222222223,44,44,ATACGGTTTATGGTCCCATA,0,40006
TSS_1414_storz_regulondb,0.022222222222222223,44,44,ACTTTTGAGCACTTAACGCG,0,21911
TSS_1414_storz_regulondb,0.022222222222222223,44,44,ACGTTCTGGAAACCCGGTAA,0,51676
TSS_1414_storz_regulondb,0.022222222222222223,44,44,AATATTCTTCCGCGGTCAGC,0,45558
TSS_1414_storz_regulondb,0.022727272727272728,43,43,TTGCTGTGTAATGCTTCGTA,0,18125
TSS_1414_storz_regulondb,0.022727272727272728,43,43,TTCAGGAGATAACGTGAATG,0,7429
TSS_1414_storz_regulondb,0.022727272727272728,43,43,TGTTCTGGCATAAATTAGAT,0,38530
TSS_1414_storz_regulondb,0.022727272727272728,43,43,TGCTCCTTGCGAGGGTGGAT,0,2373
TSS_1414_storz_regulondb,0.022727272727272728,43,43,TGATGTCCTCAGAGTCAGTA,0,61115
TSS_1414_storz_regulondb,0.022727272727272728,43,43,TCTCATACTCGTTGTTCATA,0,51574
TSS_1414_storz_regulondb,0.022727272727272728,43,43,TCCCCTCTTGTAGTCTGGTT,0,28039
TSS_1414_storz_regulondb,0.022727272727272728,43,43,TAGGTCCCACTCAATCCTGG,0,26989
TSS_1414_storz_regulondb,0.022727272727272728,43,43,TACTTCAGTGCGTTTGATAC,0,59773
TSS_1414_storz_regulondb,0.022727272727272728,43,43,GTCACTGCACGAACTCTTTG,0,64463
TSS_1414_storz_regulondb,0.022727272727272728,43,43,GGTACTCCAGCCCCTGGATG,0,33383
TSS_1414_storz_regulondb,0.022727272727272728,43,43,GGTACAGGTCGCAGTCTACA,0,1610
TSS_1414_storz_regulondb,0.022727272727272728,43,43,GGCTAGACGGTGTCACTGCC,0,68393
TSS_1414_storz_regulondb,0.022727272727272728,43,43,GGACACCTCTCCGTATGTGA,0,41324
TSS_1414_storz_regulondb,0.022727272727272728,43,43,GCCCGGCGCACTGGCTACCC,0,10676
TSS_1414_storz_regulondb,0.022727272727272728,43,43,GATGGCTGATCGCCTTAATA,0,46499
TSS_1414_storz_regulondb,0.022727272727272728,43,43,CTGCGCAATTTTATATCTAC,0,48841
TSS_1414_storz_regulondb,0.022727272727272728,43,43,CTACGCATTGGCGAAGGCTG,0,21532
TSS_1414_storz_regulondb,0.022727272727272728,43,43,CGTGACCTGAGGGACACTAT,0,56514
TSS_1414_storz_regulondb,0.022727272727272728,43,43,CGCGTCGCAACGCGGATGAG,0,53131
TSS_1414_storz_regulondb,0.022727272727272728,43,43,CCGACCACAATCAGGTGAGT,0,320
TSS_1414_storz_regulondb,0.022727272727272728,43,43,CCCGGGACATAGTACATGCA,0,71814
TSS_1414_storz_regulondb,0.022727272727272728,43,43,CCAATGTGGAACTCAAATGA,0,37665
TSS_1414_storz_regulondb,0.022727272727272728,43,43,ATTCCGAGAGCCCCGTGTGA,0,44139
TSS_1414_storz_regulondb,0.022727272727272728,43,43,ATTATCAGGGTGTTAGGTTT,0,54103
TSS_1414_storz_regulondb,0.022727272727272728,43,43,ATCGGCCTGGATGGGGGGGA,0,9719
TSS_1414_storz_regulondb,0.022727272727272728,43,43,ATAGGCCACGACTGAGGCTC,0,27251
TSS_1414_storz_regulondb,0.022727272727272728,43,43,AGTAAGAGACGGTCTAGCTA,0,50027
TSS_1414_storz_regulondb,0.022727272727272728,43,43,AGGCTGGACCTATGTGAAGT,0,6377
TSS_1414_storz_regulondb,0.022727272727272728,43,43,AGGCCGCGGGGGGTAAGTTC,0,47530
TSS_1414_storz_regulondb,0.022727272727272728,43,43,ACTTGTGTCGGCTCCTGGTC,0,46484
TSS_1414_storz_regulondb,0.022727272727272728,43,43,ACGCGTAGGGTACCAAGTAC,0,49432
TSS_1414_storz_regulondb,0.022727272727272728,43,43,AAGATGTTGTATTATCGGAC,0,80330
TSS_1414_storz_regulondb,0.022727272727272728,43,43,AACCGAACCACCTTGGGCCT,0,21642
TSS_1414_storz_regulondb,0.023255813953488372,42,42,TTTTCAGCGGAAACATCTAA,0,64594
TSS_1414_storz_regulondb,0.023255813953488372,42,42,TTACGAATAGGGGCGGGTCA,0,31795
TSS_1414_storz_regulondb,0.023255813953488372,42,42,TCTTGATAACATTTGAACTT,0,60467
TSS_1414_storz_regulondb,0.023255813953488372,42,42,TATTACCCGAGTGCTTGAGA,0,79832
TSS_1414_storz_regulondb,0.023255813953488372,42,42,TAGGCAAATCGTTATTATCA,0,72395
TSS_1414_storz_regulondb,0.023255813953488372,42,42,GTTGATCTACATGGTAGTGT,0,3094
TSS_1414_storz_regulondb,0.023255813953488372,42,42,GTGCGCGAATACGGGCGTAT,0,8632
TSS_1414_storz_regulondb,0.023255813953488372,42,42,GTCGTCATTTGTAGAGAGGA,0,79874
TSS_1414_storz_regulondb,0.023255813953488372,42,42,GGTGATAGAATCTCCTCGCA,0,12911
TSS_1414_storz_regulondb,0.023255813953488372,42,42,GGGACCAATCCACCCCGGGG,0,4527
TSS_1414_storz_regulondb,0.023255813953488372,42,42,GGCTTGTGAACCGGTGGAAT,0,43139
TSS_1414_storz_regulondb,0.023255813953488372,42,42,GGAACGTTTTCGAGGCAGTG,0,13114
TSS_1414_storz_regulondb,0.023255813953488372,42,42,GCAAACAGTGGTATTGGAAT,0,46834
TSS_1414_storz_regulondb,0.023255813953488372,42,42,GAAGCCAGGGAATCCTAAAA,0,59946
TSS_1414_storz_regulondb,0.023255813953488372,42,42,CTCTGTGATAGGTACTAGAC,0,16934
TSS_1414_storz_regulondb,0.023255813953488372,42,42,CTCGGCTTCAGACACGGAGC,0,19373
TSS_1414_storz_regulondb,0.023255813953488372,42,42,CATGTTAGTTTCAAAAGGAT,0,75638
TSS_1414_storz_regulondb,0.023255813953488372,42,42,ATCGATAACACGGCGCTGCG,0,18538
TSS_1414_storz_regulondb,0.023255813953488372,42,42,AGTAACATCTCCATAAGTAG,0,66209
TSS_1414_storz_regulondb,0.023255813953488372,42,42,AGGTCGGCCAGCTTGGAGAT,0,50698
TSS_1414_storz_regulondb,0.023255813953488372,42,42,AGCAACCTTTTCGTTCATCA,0,8100
TSS_1414_storz_regulondb,0.023255813953488372,42,42,AGACCAAGGGCCACAACTGC,0,37562
TSS_1414_storz_regulondb,0.023255813953488372,42,42,ACGACCGCAAATGTCAAATG,0,3074
TSS_1414_storz_regulondb,0.023255813953488372,42,42,ACAGGAACGGGGGTACCGTG,0,21469
TSS_1414_storz_regulondb,0.023255813953488372,42,42,ACACGGGATTTAACTTCTGC,0,66703
TSS_1414_storz_regulondb,0.023255813953488372,42,42,AACCGTTGGCTGACATGGAA,0,15410
TSS_1414_storz_regulondb,0.023809523809523808,41,41,TGCCAACATATCGGTATGCC,0,39951
TSS_1414_storz_regulondb,0.023809523809523808,41,41,TGAACAGTGTATTCTGGTTT,0,49011
TSS_1414_storz_regulondb,0.023809523809523808,41,41,TCGGGAATGGTCCTATAAAA,0,41734
TSS_1414_storz_regulondb,0.023809523809523808,41,41,TCCCGGCCTTGACTTTCCTC,0,46238
TSS_1414_storz_regulondb,0.023809523809523808,41,41,TAGCTCAAAAGATGAGCCTT,0,44761
TSS_1414_storz_regulondb,0.023809523809523808,41,41,GTCACTCCTGTAGGTAGCGT,0,8056
TSS_1414_storz_regulondb,0.023809523809523808,41,41,GTATACCTAAGTCTATGGGT,0,6706
TSS_1414_storz_regulondb,0.023809523809523808,41,41,GGTTAATACCAAGTCGTAAG,0,69454
TSS_1414_storz_regulondb,0.023809523809523808,41,41,GGGTTCCACAGGCCAGCGTA,0,9074
TSS_1414_storz_regulondb,0.023809523809523808,41,41,GCCGGTATGCAATTCCAGCT,0,44649
TSS_1414_storz_regulondb,0.023809523809523808,41,41,GCAGAACAAGGATGTATGGA,0,46917
TSS_1414_storz_regulondb,0.023809523809523808,41,41,CTCAAGATTTAGGTGTTAAA,0,57958
TSS_1414_storz_regulondb,0.023809523809523808,41,41,CGTATTAAATGTCCTGGCGT,0,29584
TSS_1414_storz_regulondb,0.023809523809523808,41,41,CGGCTTCCAACTTGTCGATT,0,58168
TSS_1414_storz_regulondb,0.023809523809523808,41,41,CGGATTCGGCACATGATGGA,0,5189
TSS_1414_storz_regulondb,0.023809523809523808,41,41,CCGCTAAGTCATGGTCGAAA,0,13727
TSS_1414_storz_regulondb,0.023809523809523808,41,41,CCCGGCGTCCTTGCGTTTTG,0,1166
TSS_1414_storz_regulondb,0.023809523809523808,41,41,CCATGGGACCTTCTATGTTA,0,48459
TSS_1414_storz_regulondb,0.023809523809523808,41,41,CAGTCTTTTTACGTACGTGC,0,9808
TSS_1414_storz_regulondb,0.023809523809523808,41,41,CACCCGACCCCGGGTACGTG,0,58891
TSS_1414_storz_regulondb,0.023809523809523808,41,41,CAAACCTTTAAAACCCAATA,0,13247
TSS_1414_storz_regulondb,0.023809523809523808,41,41,ATGGGTAGGCAGTCACGGTA,0,38701
TSS_1414_storz_regulondb,0.023809523809523808,41,41,ATGATTTATCCAGTTCCAAG,0,65853
TSS_1414_storz_regulondb,0.023809523809523808,41,41,ATGAAGTAGTGGCGAGACCA,0,43071
TSS_1414_storz_regulondb,0.023809523809523808,41,41,ATAGGCACCTATTTTATCTA,0,4423
TSS_1414_storz_regulondb,0.023809523809523808,41,41,ATACGAATTGCAAGTTTGTT,0,67641
TSS_1414_storz_regulondb,0.023809523809523808,41,41,AGTCGTAACCCTCAGCCGAA,0,55531
TSS_1414_storz_regulondb,0.023809523809523808,41,41,AGGCAGATACCGCTTCACTT,0,72543
TSS_1414_storz_regulondb,0.023809523809523808,41,41,AGCTTTTACCCGGACGGTTT,0,19907
TSS_1414_storz_regulondb,0.023809523809523808,41,41,AGCTAACCTGCCCCCTGGAT,0,66561
TSS_1414_storz_regulondb,0.023809523809523808,41,41,ACGGACTCGCGACCTTGATT,0,8961
TSS_1414_storz_regulondb,0.023809523809523808,41,41,ACCTCGGACGCATAGATGTG,0,22591
TSS_1414_storz_regulondb,0.023809523809523808,41,41,ACCCGGCTGATCTCTGGAAG,0,34369
TSS_1414_storz_regulondb,0.023809523809523808,41,41,ACACAAAGCCGTATCTGAGT,0,53714
TSS_1414_storz_regulondb,0.023809523809523808,41,41,AAGTTTAGGATACTCATGAT,0,51448
TSS_1414_storz_regulondb,0.023809523809523808,41,41,AACGGAAGCGGTTAGTGGTA,0,11234
TSS_1414_storz_regulondb,0.024390243902439025,40,40,TTTAATCGGGGGATTATTCT,0,34218
TSS_1414_storz_regulondb,0.024390243902439025,40,40,TTGTAGAGCTTCACATCGGT,0,13896
TSS_1414_storz_regulondb,0.024390243902439025,40,40,TTGAACGGGCATGTAGTAGA,0,20491
TSS_1414_storz_regulondb,0.024390243902439025,40,40,TTAGCTGCACATCTGCTGGC,0,3568
TSS_1414_storz_regulondb,0.024390243902439025,40,40,TGTGGCTCGATGTTTCAAGC,0,22531
TSS_1414_storz_regulondb,0.024390243902439025,40,40,TGTCGTTCGCTAGTAATCGC,0,40778
TSS_1414_storz_regulondb,0.024390243902439025,40,40,TGGGTAAGCGAAATCTTAAA,0,58132
TSS_1414_storz_regulondb,0.024390243902439025,40,40,TGCCCAGGCGCGCTACGCCC,0,58029
TSS_1414_storz_regulondb,0.024390243902439025,40,40,TGCAGGGGAGAGGTGATGAC,0,28911
TSS_1414_storz_regulondb,0.024390243902439025,40,40,TCCCCATTAGGATGGTCAAC,0,31825
TSS_1414_storz_regulondb,0.024390243902439025,40,40,TATAAATACGATAAATTTTT,0,73461
TSS_1414_storz_regulondb,0.024390243902439025,40,40,TAAGCAGTTGACAGTATCGC,0,910
TSS_1414_storz_regulondb,0.024390243902439025,40,40,GTTGGCCTTTACTGAAGGGT,0,12859
TSS_1414_storz_regulondb,0.024390243902439025,40,40,GGTTGCGGCCCAATAGATAC,0,18026
TSS_1414_storz_regulondb,0.024390243902439025,40,40,GGCAGATACCTCGAAAATCA,0,18325
TSS_1414_storz_regulondb,0.024390243902439025,40,40,GGAGTTCAAGTTCCAGCCTT,0,8185
TSS_1414_storz_regulondb,0.024390243902439025,40,40,GGAGGTTCGAATATTGGCTC,0,12744
TSS_1414_storz_regulondb,0.024390243902439025,40,40,GGACGGGTCAGAGGCTAGAT,0,22764
TSS_1414_storz_regulondb,0.024390243902439025,40,40,GGACGGCAGCTATTTTTTGG,0,71120
TSS_1414_storz_regulondb,0.024390243902439025,40,40,GGAACAGCGAACTAGAGGTT,0,13314
TSS_1414_storz_regulondb,0.024390243902439025,40,40,GCGAAGCTGTGGTACAGTCT,0,24118
TSS_1414_storz_regulondb,0.024390243902439025,40,40,CTGGTATTGCCCGTCACTAT,0,70835
TSS_1414_storz_regulondb,0.024390243902439025,40,40,CTGGCGTGATGGCTCCCGAG,0,11711
TSS_1414_storz_regulondb,0.024390243902439025,40,40,CTCTGGGTACCTGAAGGCAT,0,49342
TSS_1414_storz_regulondb,0.024390243902439025,40,40,CTCACATGGTATGAGCCGAC,0,73053
TSS_1414_storz_regulondb,0.024390243902439025,40,40,CGTTGAACTATATTCATAAA,0,42767
TSS_1414_storz_regulondb,0.024390243902439025,40,40,CGGTTCTGAGTGGGGGGAGG,0,2790
TSS_1414_storz_regulondb,0.024390243902439025,40,40,CGGTAATCGCTTTTGCGATC,0,20799
TSS_1414_storz_regulondb,0.024390243902439025,40,40,CGCGATAGTAATTGGGAAGC,0,9247
TSS_1414_storz_regulondb,0.024390243902439025,40,40,CAGGGCCTTCCATGTATCCT,0,49747
TSS_1414_storz_regulondb,0.024390243902439025,40,40,CAAGCTCTGCCAATCGCCTT,0,20884
TSS_1414_storz_regulondb,0.024390243902439025,40,40,ATTATTGAGTCCGATCACCC,0,10460
TSS_1414_storz_regulondb,0.024390243902439025,40,40,ATTAGTGGAATGTCAATGTT,0,10056
TSS_1414_storz_regulondb,0.024390243902439025,40,40,ATGCCTCGACGCGATTGCCA,0,32537
TSS_1414_storz_regulondb,0.024390243902439025,40,40,AGTGCTCTCCAAGGCGTTAT,0,44302
TSS_1414_storz_regulondb,0.024390243902439025,40,40,AGTCTATTTCGGTAGTCGAG,0,72168
TSS_1414_storz_regulondb,0.024390243902439025,40,40,AGCTTGGTCGAGTTATTTGT,0,74759
TSS_1414_storz_regulondb,0.024390243902439025,40,40,AGCAGACTCTGGGCATCGCT,0,42809
TSS_1414_storz_regulondb,0.024390243902439025,40,40,AGAGCTTAGCGCCTCACACA,0,10188
TSS_1414_storz_regulondb,0.024390243902439025,40,40,AGACTCGTGAGTGCGTCAGC,0,40057
TSS_1414_storz_regulondb,0.024390243902439025,40,40,ACTCACCTTTGCTCAGGATC,0,52065
TSS_1414_storz_regulondb,0.024390243902439025,40,40,ACGAATTTATTCCATTAGTC,0,20111
TSS_1414_storz_regulondb,0.024390243902439025,40,40,ACAGGACACAAAGGCCTCCA,0,70958
TSS_1414_storz_regulondb,0.024390243902439025,40,40,AACGTGGGCGTGGAGGGCGT,0,69178
TSS_1414_storz_regulondb,0.024390243902439025,40,40,AACGGTCAAAAGTTGCGACA,0,12393
TSS_1414_storz_regulondb,0.024390243902439025,40,40,AACCAGTCTGTGGGAGAGGG,0,9721
TSS_1414_storz_regulondb,0.024390243902439025,40,40,AAAGGGAATAAGCGCTTGGG,0,61995
TSS_1414_storz_regulondb,0.025,39,39,TTCTGCGTGACTCGAAATTG,0,75327
TSS_1414_storz_regulondb,0.025,39,39,TGTCCTGTGACGGATGTCAG,0,31596
TSS_1414_storz_regulondb,0.025,39,39,TGAGTAAGGTTACGATTACT,0,28898
TSS_1414_storz_regulondb,0.025,39,39,TCGTCCCGGGCCAATATGTA,0,10880
TSS_1414_storz_regulondb,0.025,39,39,TCAACGTTGATATCAACGAA,0,35079
TSS_1414_storz_regulondb,0.025,39,39,TCAACGTGGAATACCGCTTC,0,27364
TSS_1414_storz_regulondb,0.025,39,39,GTATTGACGTAGTCTCCACC,0,24107
TSS_1414_storz_regulondb,0.025,39,39,GGTCGCTGCGCCGCTAGCCT,0,23667
TSS_1414_storz_regulondb,0.025,39,39,GGGAGGTAGAACAGGTGTGT,0,23122
TSS_1414_storz_regulondb,0.025,39,39,GCTGAACCTGGCGAAGAATG,0,48214
TSS_1414_storz_regulondb,0.025,39,39,GCGTACTCCGGGCGGAAGTT,0,62166
TSS_1414_storz_regulondb,0.025,39,39,GCAGTAGTGCCCCAACGCGA,0,20939
TSS_1414_storz_regulondb,0.025,39,39,GATGTACGTCCGGCACGTCC,0,41838
TSS_1414_storz_regulondb,0.025,39,39,GAGTTCCGCGGCAGATACAG,0,19746
TSS_1414_storz_regulondb,0.025,39,39,GAGTCAGGATAAAAATGCTA,0,34585
TSS_1414_storz_regulondb,0.025,39,39,CTCGGTCACGGGCAGCGATC,0,23384
TSS_1414_storz_regulondb,0.025,39,39,CGGTTCATCTATGACAAGGG,0,1512
TSS_1414_storz_regulondb,0.025,39,39,CGGACCTTTTCTGGGAATGA,0,72108
TSS_1414_storz_regulondb,0.025,39,39,CGATGATTTACTTTGTCATT,0,41447
TSS_1414_storz_regulondb,0.025,39,39,CCTTTCGATTACGTACCATG,0,1619
TSS_1414_storz_regulondb,0.025,39,39,CCAGTCGTTGGGCACAGGAC,0,42494
TSS_1414_storz_regulondb,0.025,39,39,CCAATCGGTCCATGGACTAG,0,38740
TSS_1414_storz_regulondb,0.025,39,39,ATGTGCGCGATGTACAGGAC,0,44545
TSS_1414_storz_regulondb,0.025,39,39,AGTAGCATCGTCGGCTCCAA,0,54850
TSS_1414_storz_regulondb,0.025,39,39,ACGTAGGGTGAAGCGCATGA,0,29374
TSS_1414_storz_regulondb,0.025,39,39,AATGGGGCGCGTTCGGGTCA,0,35386
TSS_1414_storz_regulondb,0.025,39,39,AAGACGGCACACAACTCGTG,0,53583
TSS_1414_storz_regulondb,0.02564102564102564,38,38,TTGCTATTACAGAGGGGGAG,0,35921
TSS_1414_storz_regulondb,0.02564102564102564,38,38,TTCTCCAGACAACTCTGTGC,0,78174
TSS_1414_storz_regulondb,0.02564102564102564,38,38,TTCGTATGCTGGCCGGAGAC,0,66211
TSS_1414_storz_regulondb,0.02564102564102564,38,38,TTCGTAGAACACGCGATAAT,0,30441
TSS_1414_storz_regulondb,0.02564102564102564,38,38,TTAGAGAAACTTACGCGTCC,0,70480
TSS_1414_storz_regulondb,0.02564102564102564,38,38,TGTCCGACATTCGTCATGGA,0,63576
TSS_1414_storz_regulondb,0.02564102564102564,38,38,TGCGACCCCCCGATAAACGA,0,74907
TSS_1414_storz_regulondb,0.02564102564102564,38,38,TGCAACACGTGCCTTGCCCC,0,30262
TSS_1414_storz_regulondb,0.02564102564102564,38,38,TGAGTGAGGGTCATCACGCA,0,77705
TSS_1414_storz_regulondb,0.02564102564102564,38,38,TCGAAGAGGTTTATAGCTAC,0,42682
TSS_1414_storz_regulondb,0.02564102564102564,38,38,TCAGGTTCCTGTTACTGGGA,0,663
TSS_1414_storz_regulondb,0.02564102564102564,38,38,TACTACAGGCCCGTTACGCT,0,17022
TSS_1414_storz_regulondb,0.02564102564102564,38,38,TACGTCAAATCGACCAAAAT,0,10948
TSS_1414_storz_regulondb,0.02564102564102564,38,38,TACAGGTTCGGGCACAGCGG,0,55564
TSS_1414_storz_regulondb,0.02564102564102564,38,38,GTGTCCAGTGCCACACGCTG,0,22769
TSS_1414_storz_regulondb,0.02564102564102564,38,38,GTCGTCGCTTCCTAAGAACT,0,11222
TSS_1414_storz_regulondb,0.02564102564102564,38,38,GTACAGGTTTCAGTTCTTAG,0,50834
TSS_1414_storz_regulondb,0.02564102564102564,38,38,GGGTAAGTCCCAAGTAAAGG,0,71235
TSS_1414_storz_regulondb,0.02564102564102564,38,38,GCTTTCAGCAAATACAAGGG,0,48614
TSS_1414_storz_regulondb,0.02564102564102564,38,38,GCGGGAGGATTTCTGAGAAT,0,36251
TSS_1414_storz_regulondb,0.02564102564102564,38,38,GCAGGGCCATAGGTATCGTA,0,17202
TSS_1414_storz_regulondb,0.02564102564102564,38,38,GCACAATTATTGTGAGATTG,0,33658
TSS_1414_storz_regulondb,0.02564102564102564,38,38,GAGCACGTAGTCACATACTA,0,76386
TSS_1414_storz_regulondb,0.02564102564102564,38,38,GAACATGCTTCACTGTCCCA,0,56532
TSS_1414_storz_regulondb,0.02564102564102564,38,38,GAAACACATAGAGCGGGGGC,0,72652
TSS_1414_storz_regulondb,0.02564102564102564,38,38,CTTAGATCTGGATGTCAGTT,0,8893
TSS_1414_storz_regulondb,0.02564102564102564,38,38,CTGGGTTCAAAGCCAGGTCA,0,32236
TSS_1414_storz_regulondb,0.02564102564102564,38,38,CTGCTCTCCTAAGTCATCGG,0,15833
TSS_1414_storz_regulondb,0.02564102564102564,38,38,CTGAAGCTAATATTTTGGGG,0,8370
TSS_1414_storz_regulondb,0.02564102564102564,38,38,CTAGACTCCTCGGCTGACAC,0,52483
TSS_1414_storz_regulondb,0.02564102564102564,38,38,CTAACCGACTTACCACAGTT,0,59866
TSS_1414_storz_regulondb,0.02564102564102564,38,38,CGTCATAGGGCATCGCGTCT,0,7754
TSS_1414_storz_regulondb,0.02564102564102564,38,38,CGGCTATAAGAACCCACCGT,0,9024
TSS_1414_storz_regulondb,0.02564102564102564,38,38,CGGAAAAAAGGATTCGCGGT,0,46482
TSS_1414_storz_regulondb,0.02564102564102564,38,38,CGCGATATGACAAACCTAAG,0,49744
TSS_1414_storz_regulondb,0.02564102564102564,38,38,CGCCGCGCAACCGCACCCCC,0,34216
TSS_1414_storz_regulondb,0.02564102564102564,38,38,CCTTCAGTATCCTGATTCCT,0,36909
TSS_1414_storz_regulondb,0.02564102564102564,38,38,CCGGGCCTCTTGACGCGTCA,0,32071
TSS_1414_storz_regulondb,0.02564102564102564,38,38,CCACGGCACCTCACTCCTAT,0,44966
TSS_1414_storz_regulondb,0.02564102564102564,38,38,CAGTACGAGGCCGTATAAGC,0,49610
TSS_1414_storz_regulondb,0.02564102564102564,38,38,CACAGAATCGCTCCATTGGT,0,43427
TSS_1414_storz_regulondb,0.02564102564102564,38,38,CAATCTGGCCCTAGAAGAGA,0,7007
TSS_1414_storz_regulondb,0.02564102564102564,38,38,ATGTCTAGGGTTCAGTACTG,0,68698
TSS_1414_storz_regulondb,0.02564102564102564,38,38,ATACGGATGTGAGGAAACGC,0,17530
TSS_1414_storz_regulondb,0.02564102564102564,38,38,AGGAATCGTGGGTCAGGTAT,0,26408
TSS_1414_storz_regulondb,0.02564102564102564,38,38,AGCCCCGACTGCGCACGGCT,0,54854
TSS_1414_storz_regulondb,0.02564102564102564,38,38,ACGTGGTCCACGCAGGCCCA,0,44931
TSS_1414_storz_regulondb,0.02564102564102564,38,38,ACGTGGGTGCCATAGTACAT,0,74718
TSS_1414_storz_regulondb,0.02564102564102564,38,38,ACGTAATGCTGTAATTGCGT,0,65728
TSS_1414_storz_regulondb,0.02564102564102564,38,38,ACGCATAATCAAAAGATCAT,0,56697
TSS_1414_storz_regulondb,0.02564102564102564,38,38,ACGAAGTGTGGTGACGCGAA,0,7172
TSS_1414_storz_regulondb,0.02564102564102564,38,38,AACACGCTGTAAAGCGCGGT,0,48377
TSS_1414_storz_regulondb,0.02631578947368421,37,37,TTGTAACCGCACGATTTCGG,0,18124
TSS_1414_storz_regulondb,0.02631578947368421,37,37,TTGGCTGTCTAACATCATAG,0,56002
TSS_1414_storz_regulondb,0.02631578947368421,37,37,TTCCCAGGTTTGTCCGTTCT,0,48712
TSS_1414_storz_regulondb,0.02631578947368421,37,37,TTAGCTGTACCGTCAGCCTT,0,19975
TSS_1414_storz_regulondb,0.02631578947368421,37,37,TTACGATTCAACTAACTTGA,0,1961
TSS_1414_storz_regulondb,0.02631578947368421,37,37,TGCAAATTTTCGCTGTGTGT,0,36271
TSS_1414_storz_regulondb,0.02631578947368421,37,37,TCGGTCCATTCCCGCAGAGG,0,4048
TSS_1414_storz_regulondb,0.02631578947368421,37,37,TCGGACATTCTTACATGTTG,0,51487
TSS_1414_storz_regulondb,0.02631578947368421,37,37,TCCTGAAACGCTGGGATACT,0,40525
TSS_1414_storz_regulondb,0.02631578947368421,37,37,TCAGTCGGCTTCAGGCTAGC,0,44125
TSS_1414_storz_regulondb,0.02631578947368421,37,37,TACGAACTTAGTCTGCGCAA,0,46248
TSS_1414_storz_regulondb,0.02631578947368421,37,37,GTTGAAGGCGAGGGCGACGA,0,17332
TSS_1414_storz_regulondb,0.02631578947368421,37,37,GTGCGGATATCGACGACCTA,0,55310
TSS_1414_storz_regulondb,0.02631578947368421,37,37,GTGATATTAGCGGGTCTGAA,0,4833
TSS_1414_storz_regulondb,0.02631578947368421,37,37,GTGAATGGGCTCTCTGTATA,0,6127
TSS_1414_storz_regulondb,0.02631578947368421,37,37,GTCGTGGCTGGAACAATCTC,0,70245
TSS_1414_storz_regulondb,0.02631578947368421,37,37,GGTGTTGGCCACAGTATGCG,0,62693
TSS_1414_storz_regulondb,0.02631578947368421,37,37,GGCCACCCTTGCGCATGATT,0,39436
TSS_1414_storz_regulondb,0.02631578947368421,37,37,GGATTCCGGAGTACGTCCTA,0,9178
TSS_1414_storz_regulondb,0.02631578947368421,37,37,GCTCGAGATTCCGGTTTTAT,0,62169
TSS_1414_storz_regulondb,0.02631578947368421,37,37,GCGCAACACGCGAGCGGTGC,0,46231
TSS_1414_storz_regulondb,0.02631578947368421,37,37,GCCCGAATGCAGGTTCCGAG,0,12391
TSS_1414_storz_regulondb,0.02631578947368421,37,37,GATGGAAATATGCCCGAAAA,0,10918
TSS_1414_storz_regulondb,0.02631578947368421,37,37,GATAAGAGGGGTACTAACGA,0,73569
TSS_1414_storz_regulondb,0.02631578947368421,37,37,GACTCAGACCGTGGAGGTTT,0,47384
TSS_1414_storz_regulondb,0.02631578947368421,37,37,GAAAGCCGCGTTTGGAGCCT,0,78738
TSS_1414_storz_regulondb,0.02631578947368421,37,37,CTTCAAATTCCGGATGGGGA,0,3714
TSS_1414_storz_regulondb,0.02631578947368421,37,37,CGATTATCTCGCCATTTTTG,0,4790
TSS_1414_storz_regulondb,0.02631578947368421,37,37,CGAACATAATCCGTGCGTCG,0,38986
TSS_1414_storz_regulondb,0.02631578947368421,37,37,CCTAGCCACCAAAGGGTGGA,0,19859
TSS_1414_storz_regulondb,0.02631578947368421,37,37,CCGCCAACGCGCCCAGCCAT,0,67773
TSS_1414_storz_regulondb,0.02631578947368421,37,37,CCGCATCAGCATTACGCTCT,0,29174
TSS_1414_storz_regulondb,0.02631578947368421,37,37,CCGAACTTGTGCGACAGAAT,0,50363
TSS_1414_storz_regulondb,0.02631578947368421,37,37,CAGCGTGACTAGGTAAATCC,0,66217
TSS_1414_storz_regulondb,0.02631578947368421,37,37,CACTTTGCGGACGATAGTTA,0,37916
TSS_1414_storz_regulondb,0.02631578947368421,37,37,CACTGCCGCGCCGCGAGGGG,0,80250
TSS_1414_storz_regulondb,0.02631578947368421,37,37,CAACCCAATTGATATCCACA,0,24438
TSS_1414_storz_regulondb,0.02631578947368421,37,37,ATCAGCTCTCTGGGTGCACG,0,40536
TSS_1414_storz_regulondb,0.02631578947368421,37,37,ATCAGAATTTGATTATCAGT,0,78440
TSS_1414_storz_regulondb,0.02631578947368421,37,37,ATAGAGAAGCCTTGAAAGTT,0,7819
TSS_1414_storz_regulondb,0.02631578947368421,37,37,AGGTCTAATTGAAACATGTT,0,28045
TSS_1414_storz_regulondb,0.02631578947368421,37,37,AGCCTTCCGTTCATACCCAA,0,59584
TSS_1414_storz_regulondb,0.02631578947368421,37,37,AGCCACGGTATGGGCGACCG,0,69089
TSS_1414_storz_regulondb,0.02631578947368421,37,37,ACTTGCATCTGCCAGTGGCA,0,41675
TSS_1414_storz_regulondb,0.02631578947368421,37,37,AAGGGGCACCCTAAAACAGC,0,10684
TSS_1414_storz_regulondb,0.02631578947368421,37,37,AACTCAGCTCACTATTAAAT,0,24210
TSS_1414_storz_regulondb,0.02702702702702703,36,36,TTTTTTCGGTTTAGCTATTT,0,32731
TSS_1414_storz_regulondb,0.02702702702702703,36,36,TTCTCCTATCCGCAGTAAGA,0,80842
TSS_1414_storz_regulondb,0.02702702702702703,36,36,TTCGGAATGTTAGATGTGGA,0,58673
TSS_1414_storz_regulondb,0.02702702702702703,36,36,TTCGAGTATGCGTGGTCTGC,0,55897
TSS_1414_storz_regulondb,0.02702702702702703,36,36,TTAACCGAGTGATCTAAAGG,0,39725
TSS_1414_storz_regulondb,0.02702702702702703,36,36,TTAAAGTTACCAGCGATTGT,0,55862
TSS_1414_storz_regulondb,0.02702702702702703,36,36,TGTTTGAAGGCGTTCACGTT,0,12291
TSS_1414_storz_regulondb,0.02702702702702703,36,36,TGACCGCTTTACGATACTGG,0,24447
TSS_1414_storz_regulondb,0.02702702702702703,36,36,TCTCACATAGGTGCGCACTC,0,16152
TSS_1414_storz_regulondb,0.02702702702702703,36,36,TCCGGGACGAGCTAGACCTA,0,50641
TSS_1414_storz_regulondb,0.02702702702702703,36,36,TCCGGGAATGGTTAGTTCCC,0,1270
TSS_1414_storz_regulondb,0.02702702702702703,36,36,TCATCGTAGGACTGCTTGAT,0,61082
TSS_1414_storz_regulondb,0.02702702702702703,36,36,TATTCTTCTCAGCACGTGCA,0,6875
TSS_1414_storz_regulondb,0.02702702702702703,36,36,TAGTAAGTCAAACATAGCCC,0,11714
TSS_1414_storz_regulondb,0.02702702702702703,36,36,TAGGCTTGACCAGACAGCGT,0,61389
TSS_1414_storz_regulondb,0.02702702702702703,36,36,TAATATAGTCTCAGAGCGGT,0,33790
TSS_1414_storz_regulondb,0.02702702702702703,36,36,TAAGCGATTAATCGGTGTCG,0,9274
TSS_1414_storz_regulondb,0.02702702702702703,36,36,GTGGGTGTCCATGACCGACG,0,33588
TSS_1414_storz_regulondb,0.02702702702702703,36,36,GTCGGCGTGCATCGATCCCA,0,24218
TSS_1414_storz_regulondb,0.02702702702702703,36,36,GGTCTTGGACCCTGCGAAGT,0,9488
TSS_1414_storz_regulondb,0.02702702702702703,36,36,GGCTCCGTACGGGACGGGGT,0,9567
TSS_1414_storz_regulondb,0.02702702702702703,36,36,GGACCCGACGTACCGGCCAA,0,73783
TSS_1414_storz_regulondb,0.02702702702702703,36,36,GGACATAACAGCCTGGGGGG,0,66723
TSS_1414_storz_regulondb,0.02702702702702703,36,36,GCTCGAGCATTCTTCGTAGT,0,8181
TSS_1414_storz_regulondb,0.02702702702702703,36,36,GAATTTTTCGCAGTGGATTG,0,61514
TSS_1414_storz_regulondb,0.02702702702702703,36,36,GAAACCAGGTGCACATATAG,0,33532
TSS_1414_storz_regulondb,0.02702702702702703,36,36,CTCTGAAAACAACTTATTAG,0,3231
TSS_1414_storz_regulondb,0.02702702702702703,36,36,CTCCGACACGGTAGCTAGAT,0,22649
TSS_1414_storz_regulondb,0.02702702702702703,36,36,CTCCAGATGGAACCGAAACA,0,42604
TSS_1414_storz_regulondb,0.02702702702702703,36,36,CGTGAGTAAAGCCCAAGCTG,0,47233
TSS_1414_storz_regulondb,0.02702702702702703,36,36,CGGGGTACGGGCCAGGATTT,0,63491
TSS_1414_storz_regulondb,0.02702702702702703,36,36,CGAATTCCATAGTCCAGTGT,0,41894
TSS_1414_storz_regulondb,0.02702702702702703,36,36,CCTGCCTAAACTTCGTGTAG,0,62089
TSS_1414_storz_regulondb,0.02702702702702703,36,36,CCGCGCGGCAACCCTCCCGT,0,62763
TSS_1414_storz_regulondb,0.02702702702702703,36,36,CCCTGGATTGCCGGCGCTAT,0,68456
TSS_1414_storz_regulondb,0.02702702702702703,36,36,CCAGGTTATAGTTCTTGGGG,0,47982
TSS_1414_storz_regulondb,0.02702702702702703,36,36,CAGCGCTCGCTACACGTAGT,0,57361
TSS_1414_storz_regulondb,0.02702702702702703,36,36,CACTGGCTCTCACATTTTGA,0,44533
TSS_1414_storz_regulondb,0.02702702702702703,36,36,ATATCGTCTACCTATTGTTT,0,48855
TSS_1414_storz_regulondb,0.02702702702702703,36,36,AGTTAGAGGGCCAAGGTTGA,0,20358
TSS_1414_storz_regulondb,0.02702702702702703,36,36,AGGTATTTCTCCAAGGCGGA,0,68605
TSS_1414_storz_regulondb,0.02702702702702703,36,36,ACGTACCATGGACTGTACAG,0,24811
TSS_1414_storz_regulondb,0.02702702702702703,36,36,ACGGGGCCTGGCCGAATGCA,0,6275
TSS_1414_storz_regulondb,0.02702702702702703,36,36,ACCTCCAGTTAGCACGTTGG,0,17428
TSS_1414_storz_regulondb,0.02702702702702703,36,36,ACCGACCCTAACACAAGCTA,0,74576
TSS_1414_storz_regulondb,0.02702702702702703,36,36,ACAGTGCACCGCACTCTGAA,0,62638
TSS_1414_storz_regulondb,0.02702702702702703,36,36,ACAATATCAACACACATATC,0,4528
TSS_1414_storz_regulondb,0.02702702702702703,36,36,AAGCTGAAGACATCGCCCGT,0,46526
TSS_1414_storz_regulondb,0.027777777777777776,35,35,TTTCACACAAAAATATCCAT,0,62266
TSS_1414_storz_regulondb,0.027777777777777776,35,35,TTTAAGACAAATCATACGTG,0,1501
TSS_1414_storz_regulondb,0.027777777777777776,35,35,TTCATGGAATTGCTCCTTCT,0,61393
TSS_1414_storz_regulondb,0.027777777777777776,35,35,TGGTTCAGGCAACGAGTTGT,0,46633
TSS_1414_storz_regulondb,0.027777777777777776,35,35,TGGGGTCCTAGTGGCCATAA,0,54348
TSS_1414_storz_regulondb,0.027777777777777776,35,35,TGGACGAGTCCAGCGGTCCT,0,76111
TSS_1414_storz_regulondb,0.027777777777777776,35,35,TGCACTATCCGGATGAAGAT,0,51853
TSS_1414_storz_regulondb,0.027777777777777776,35,35,TCTGGATCTGTACATACCAA,0,75404
TSS_1414_storz_regulondb,0.027777777777777776,35,35,TCGCGGTGCTCTCAATTCGG,0,21704
TSS_1414_storz_regulondb,0.027777777777777776,35,35,TCCTGTGCCCGCGCTGAGCA,0,32141
TSS_1414_storz_regulondb,0.027777777777777776,35,35,TCCGTTGGTAGCTTTTTCGG,0,68770
TSS_1414_storz_regulondb,0.027777777777777776,35,35,TCACGTCTGGACCCGCGGAA,0,31945
TSS_1414_storz_regulondb,0.027777777777777776,35,35,TATTAGCAACCGCGAATGTA,0,19178
TSS_1414_storz_regulondb,0.027777777777777776,35,35,TATGATTCACCCGACATAGC,0,44615
TSS_1414_storz_regulondb,0.027777777777777776,35,35,TAAGTTACGTCGTTCGGATG,0,51350
TSS_1414_storz_regulondb,0.027777777777777776,35,35,GTTACAATAGACTACGAAGT,0,65047
TSS_1414_storz_regulondb,0.027777777777777776,35,35,GTGTCTATAGTCAGTTTATA,0,44500
TSS_1414_storz_regulondb,0.027777777777777776,35,35,GGTACAGCACGACGGTGGAA,0,12106
TSS_1414_storz_regulondb,0.027777777777777776,35,35,GGGGCTCGTAATTCACGCAA,0,27647
TSS_1414_storz_regulondb,0.027777777777777776,35,35,GGATGTAATCAGGGCTGAGG,0,12186
TSS_1414_storz_regulondb,0.027777777777777776,35,35,GGATACTGCTGTAAGCCGAA,0,56058
TSS_1414_storz_regulondb,0.027777777777777776,35,35,GGACCGGTACCGGTCGGCTT,0,48122
TSS_1414_storz_regulondb,0.027777777777777776,35,35,GCGAGGCGGGAGAGTGCGAA,0,68872
TSS_1414_storz_regulondb,0.027777777777777776,35,35,GCAGTCCTGCGCGACCCTGG,0,18587
TSS_1414_storz_regulondb,0.027777777777777776,35,35,GAGTATACGACCACGGAACT,0,51310
TSS_1414_storz_regulondb,0.027777777777777776,35,35,GACCTAGGGCATGTGCGCGG,0,2202
TSS_1414_storz_regulondb,0.027777777777777776,35,35,CTTGGTTATCTGTTCTATAA,0,37915
TSS_1414_storz_regulondb,0.027777777777777776,35,35,CTTGGCGGTCCCGGTATATG,0,37385
TSS_1414_storz_regulondb,0.027777777777777776,35,35,CTTATAAAGTGGGCGGGCGT,0,37416
TSS_1414_storz_regulondb,0.027777777777777776,35,35,CGGAGCTGATATCATGGTTT,0,1652
TSS_1414_storz_regulondb,0.027777777777777776,35,35,CGCCCCCGGCATGTTGTGGT,0,71987
TSS_1414_storz_regulondb,0.027777777777777776,35,35,CGACGTTTGCGATGTTTAAA,0,4972
TSS_1414_storz_regulondb,0.027777777777777776,35,35,CGACCTTGGGTCATGGGTGT,0,61293
TSS_1414_storz_regulondb,0.027777777777777776,35,35,CGAATAATGGACCTAACGAT,0,10144
TSS_1414_storz_regulondb,0.027777777777777776,35,35,CCGATGTGTGGCCTCGTCAA,0,67545
TSS_1414_storz_regulondb,0.027777777777777776,35,35,CCCAAGAGCGGAACCAATTT,0,27109
TSS_1414_storz_regulondb,0.027777777777777776,35,35,CATGGCTTTCGATCCACTAC,0,44066
TSS_1414_storz_regulondb,0.027777777777777776,35,35,CAGATAATGGCATCAGCGAA,0,67704
TSS_1414_storz_regulondb,0.027777777777777776,35,35,CAGAGACTGCCCCTTTTATA,0,37414
TSS_1414_storz_regulondb,0.027777777777777776,35,35,CACTGAGGTGAGCTTCTGTA,0,61772
TSS_1414_storz_regulondb,0.027777777777777776,35,35,ATGGCCACAACCAAGAACCA,0,51363
TSS_1414_storz_regulondb,0.027777777777777776,35,35,AGACATGGAAGAGGATATGA,0,37647
TSS_1414_storz_regulondb,0.027777777777777776,35,35,ACTACTGTCAGGATCTTTCT,0,3853
TSS_1414_storz_regulondb,0.027777777777777776,35,35,AATGACCTTACTCGTAATGC,0,57465
TSS_1414_storz_regulondb,0.027777777777777776,35,35,AATCGGAAACGCATGCATAC,0,27190
TSS_1414_storz_regulondb,0.027777777777777776,35,35,AACTCTCGGTCATCGGTTAT,0,58686
TSS_1414_storz_regulondb,0.027777777777777776,35,35,AAACATCACGTTTTTATTTT,0,5320
TSS_1414_storz_regulondb,0.02857142857142857,34,34,TTTTCGTACGGGTGTGGAGA,0,15837
TSS_1414_storz_regulondb,0.02857142857142857,34,34,TTGGTAATGCGGGCTAACAA,0,62610
TSS_1414_storz_regulondb,0.02857142857142857,34,34,TTGCCCTAACTTGTGGGGAG,0,50076
TSS_1414_storz_regulondb,0.02857142857142857,34,34,TTATGAGATGGAAGACAAAT,0,50724
TSS_1414_storz_regulondb,0.02857142857142857,34,34,TGGTAATTTCGGTACCGCAA,0,65244
TSS_1414_storz_regulondb,0.02857142857142857,34,34,TGCACTACTTGCTCCGCGAA,0,24897
TSS_1414_storz_regulondb,0.02857142857142857,34,34,TGAGCTACGAGCGGGGCAAT,0,27934
TSS_1414_storz_regulondb,0.02857142857142857,34,34,TGAGCCACTGAAGGGTATCC,0,36725
TSS_1414_storz_regulondb,0.02857142857142857,34,34,TCGCCCGGGGGCGTAGGGAG,0,38241
TSS_1414_storz_regulondb,0.02857142857142857,34,34,TCCATTAGTACCGGCTTCAA,0,40788
TSS_1414_storz_regulondb,0.02857142857142857,34,34,TCATTTCCTTGCATGGGCTC,0,40691
TSS_1414_storz_regulondb,0.02857142857142857,34,34,TATCGCCTTGATTTGGGTCA,0,37914
TSS_1414_storz_regulondb,0.02857142857142857,34,34,TAGATCTGTAAATTGTTTTT,0,27161
TSS_1414_storz_regulondb,0.02857142857142857,34,34,TACGATAGGCTGCAAAATGA,0,21702
TSS_1414_storz_regulondb,0.02857142857142857,34,34,TAAGTGTAGGACGTGGTAGA,0,34683
TSS_1414_storz_regulondb,0.02857142857142857,34,34,GTTTTTTTTTGAGAGCTATG,0,29542
TSS_1414_storz_regulondb,0.02857142857142857,34,34,GTTGGATTACTCTAAATGCT,0,40490
TSS_1414_storz_regulondb,0.02857142857142857,34,34,GTGGAATGCCTAGCCGGAGG,0,41281
TSS_1414_storz_regulondb,0.02857142857142857,34,34,GTGCGCCGGGCCAAGAAATT,0,68099
TSS_1414_storz_regulondb,0.02857142857142857,34,34,GTAAGGTGGCCCGGACACCT,0,10836
TSS_1414_storz_regulondb,0.02857142857142857,34,34,GGGTCTAGGTCGTAGGATGC,0,51976
TSS_1414_storz_regulondb,0.02857142857142857,34,34,GGGCGTCGCTTTCTGGATAA,0,53151
TSS_1414_storz_regulondb,0.02857142857142857,34,34,GGGATTTCTACACTGTTCCT,0,32241
TSS_1414_storz_regulondb,0.02857142857142857,34,34,GGCTGAGAATGGGCTATCTT,0,4620
TSS_1414_storz_regulondb,0.02857142857142857,34,34,GGCGCCGTTCGGGTTCCAGT,0,45654
TSS_1414_storz_regulondb,0.02857142857142857,34,34,GCTACTGTTAAATTCATAGT,0,49688
TSS_1414_storz_regulondb,0.02857142857142857,34,34,GACTTAGACGTCACGTGCTT,0,36603
TSS_1414_storz_regulondb,0.02857142857142857,34,34,GAAAAGGGTGAGTTGTCTAA,0,46636
TSS_1414_storz_regulondb,0.02857142857142857,34,34,CTTATGTAGTCGCGAATTAA,0,47134
TSS_1414_storz_regulondb,0.02857142857142857,34,34,CTCTCAGTACATAAGTCTCA,0,49640
TSS_1414_storz_regulondb,0.02857142857142857,34,34,CTCGTCATCCTGGACAGTGT,0,15318
TSS_1414_storz_regulondb,0.02857142857142857,34,34,CTCCTATAGCTTGGGCTAAT,0,36913
TSS_1414_storz_regulondb,0.02857142857142857,34,34,CTATTCCCGAAGTTAGTGAA,0,33721
TSS_1414_storz_regulondb,0.02857142857142857,34,34,CTAGCGGCATACTTCGGTTT,0,45303
TSS_1414_storz_regulondb,0.02857142857142857,34,34,CGTTCGAGGATGCCAGTTCT,0,39852
TSS_1414_storz_regulondb,0.02857142857142857,34,34,CGTTCCAGACGCCCCGGAGA,0,49691
TSS_1414_storz_regulondb,0.02857142857142857,34,34,CGCTTTGCCAGCACACCGGT,0,37337
TSS_1414_storz_regulondb,0.02857142857142857,34,34,CGATTTACCGATGACACAAG,0,43540
TSS_1414_storz_regulondb,0.02857142857142857,34,34,CCCGCTTCCGTACGGATCAA,0,70481
TSS_1414_storz_regulondb,0.02857142857142857,34,34,CCAGAAGCGATATGACAAGA,0,26993
TSS_1414_storz_regulondb,0.02857142857142857,34,34,CATTCACGCTATCGCCAAAG,0,35720
TSS_1414_storz_regulondb,0.02857142857142857,34,34,CATCTGAACGCTGCTAACCA,0,64771
TSS_1414_storz_regulondb,0.02857142857142857,34,34,CAAAGACGCGCTTGGCTGCA,0,520
TSS_1414_storz_regulondb,0.02857142857142857,34,34,CAAACGAAAGCTTTTCCTTG,0,14743
TSS_1414_storz_regulondb,0.02857142857142857,34,34,ATGCTTCTACCGACCCGGTT,0,41840
TSS_1414_storz_regulondb,0.02857142857142857,34,34,AGCGGCTCCACTCTCCCGAG,0,3394
TSS_1414_storz_regulondb,0.02857142857142857,34,34,ACTTTGACACACATTGCTCT,0,78109
TSS_1414_storz_regulondb,0.02857142857142857,34,34,ACTTAGCATGTTTCTATGTT,0,80810
TSS_1414_storz_regulondb,0.02857142857142857,34,34,ACTGGTGAGATCCGGTAATG,0,63765
TSS_1414_storz_regulondb,0.02857142857142857,34,34,ACTAATGAGAAAAAACGTTG,0,27057
TSS_1414_storz_regulondb,0.02857142857142857,34,34,ACGGTTGCGACTTCGAGTCC,0,49352
TSS_1414_storz_regulondb,0.02857142857142857,34,34,ACGACTTGCAACCTTAAGAA,0,37904
TSS_1414_storz_regulondb,0.02857142857142857,34,34,ACCGAAGGCATCTTCAGTCC,0,6123
TSS_1414_storz_regulondb,0.02857142857142857,34,34,AATGGATAGTTTCGCAACAA,0,18704
TSS_1414_storz_regulondb,0.02857142857142857,34,34,AAGTAGCAGCTATCCTCCGT,0,65188
TSS_1414_storz_regulondb,0.02857142857142857,34,34,AAGAGTAGTTTTGCTGGGAT,0,5312
TSS_1414_storz_regulondb,0.029411764705882353,33,33,TTTGCCCGTGTGTTCGGAGT,0,50723
TSS_1414_storz_regulondb,0.029411764705882353,33,33,TTGACGGGAACTTCCGGCCT,0,58344
TSS_1414_storz_regulondb,0.029411764705882353,33,33,TTCTTCACCTGACATACGGA,0,21475
TSS_1414_storz_regulondb,0.029411764705882353,33,33,TTAGGGAACAGATTTGTCCT,0,17764
TSS_1414_storz_regulondb,0.029411764705882353,33,33,TTACTTACGCCCCGCAGTAG,0,76329
TSS_1414_storz_regulondb,0.029411764705882353,33,33,TGGCACATCCTAGTCCGATC,0,3342
TSS_1414_storz_regulondb,0.029411764705882353,33,33,TGGAACTGTTCGTTTTCTGG,0,69032
TSS_1414_storz_regulondb,0.029411764705882353,33,33,TGAGTCTGGGAGAATCTATG,0,40371
TSS_1414_storz_regulondb,0.029411764705882353,33,33,TGACGCCGTGATGACCATGA,0,38917
TSS_1414_storz_regulondb,0.029411764705882353,33,33,TGAATCGGAATCATTATCCT,0,59408
TSS_1414_storz_regulondb,0.029411764705882353,33,33,TCTGCTCTGCTCATGTCCAG,0,58600
TSS_1414_storz_regulondb,0.029411764705882353,33,33,TCCTCTACTTGGTCATTACA,0,75389
TSS_1414_storz_regulondb,0.029411764705882353,33,33,TCCGGCAAGGTTGGTCCAGA,0,74874
TSS_1414_storz_regulondb,0.029411764705882353,33,33,TCCCGGGAGAGCCTTGTGTT,0,57069
TSS_1414_storz_regulondb,0.029411764705882353,33,33,TCCCGCTGCCAGCACGTGGA,0,40072
TSS_1414_storz_regulondb,0.029411764705882353,33,33,TCCATAGGAGATCGCGTTAA,0,79571
TSS_1414_storz_regulondb,0.029411764705882353,33,33,TCCAGGTAATCAAAAATTTT,0,23229
TSS_1414_storz_regulondb,0.029411764705882353,33,33,TCCAAGCTTCGTACTCGAGG,0,54447
TSS_1414_storz_regulondb,0.029411764705882353,33,33,TAGCCGCCATCGTGGACTGG,0,49122
TSS_1414_storz_regulondb,0.029411764705882353,33,33,TACTGCAGTTCTTTGTGGTA,0,8050
TSS_1414_storz_regulondb,0.029411764705882353,33,33,TAAGTTCGTAAGTGCAATCA,0,38333
TSS_1414_storz_regulondb,0.029411764705882353,33,33,TAACGGGGTGGTCGGTGGCC,0,69758
TSS_1414_storz_regulondb,0.029411764705882353,33,33,TAAAGCGGTTGTCGGCATGT,0,29182
TSS_1414_storz_regulondb,0.029411764705882353,33,33,GTTCTACGGCTGTGAATCTT,0,60692
TSS_1414_storz_regulondb,0.029411764705882353,33,33,GTTCGGAAGTTAGTTCACCT,0,2904
TSS_1414_storz_regulondb,0.029411764705882353,33,33,GTGAATGTGATAATGTTGGC,0,34793
TSS_1414_storz_regulondb,0.029411764705882353,33,33,GTATACCGCAAAGCAGTCAG,0,45101
TSS_1414_storz_regulondb,0.029411764705882353,33,33,GTAGTGCCCTGGTGTGCCAA,0,13732
TSS_1414_storz_regulondb,0.029411764705882353,33,33,GGATGTACGAGAGTAGCGAG,0,5315
TSS_1414_storz_regulondb,0.029411764705882353,33,33,GGACGCAAATCGACAGCTGG,0,37726
TSS_1414_storz_regulondb,0.029411764705882353,33,33,GCGGGGGTAAGAAGTATCCC,0,24808
TSS_1414_storz_regulondb,0.029411764705882353,33,33,GCGGCGTTAATGATGTGGAA,0,12519
TSS_1414_storz_regulondb,0.029411764705882353,33,33,GCGAGGCGTGCATCATTCAA,0,59529
TSS_1414_storz_regulondb,0.029411764705882353,33,33,GCATGATTACACCGTCTCAG,0,17077
TSS_1414_storz_regulondb,0.029411764705882353,33,33,GCATGAGACGACTTATAAGT,0,20494
TSS_1414_storz_regulondb,0.029411764705882353,33,33,GCACATTTCTCGTTCTCTCA,0,48155
TSS_1414_storz_regulondb,0.029411764705882353,33,33,GCAAGTGTGTTTCTGAAGTA,0,17666
TSS_1414_storz_regulondb,0.029411764705882353,33,33,GCAACGTGCATCCCAATTCT,0,2497
TSS_1414_storz_regulondb,0.029411764705882353,33,33,GCAACAATACGACCCCCGAG,0,48215
TSS_1414_storz_regulondb,0.029411764705882353,33,33,GATGCACCTAGATAACCCAG,0,10426
TSS_1414_storz_regulondb,0.029411764705882353,33,33,GAGGATGCACGCCATATGCC,0,37644
TSS_1414_storz_regulondb,0.029411764705882353,33,33,GAGCGTGTGCCCAAGGATCC,0,26929
TSS_1414_storz_regulondb,0.029411764705882353,33,33,GAGCAAAGGTGGTTTGCTGA,0,42873
TSS_1414_storz_regulondb,0.029411764705882353,33,33,GACTGCAACCGGGTAATTTC,0,23123
TSS_1414_storz_regulondb,0.029411764705882353,33,33,CTTGTACGCCGGAGCAAAAT,0,9381
TSS_1414_storz_regulondb,0.029411764705882353,33,33,CTTGCCTAACTGTATTGCAG,0,49017
TSS_1414_storz_regulondb,0.029411764705882353,33,33,CTGTAAACGGGGGTAGGCGT,0,74815
TSS_1414_storz_regulondb,0.029411764705882353,33,33,CTACGAAGCGTTAACTGCCA,0,32579
TSS_1414_storz_regulondb,0.029411764705882353,33,33,CGGTAGGCATTAACGGCAAT,0,56796
TSS_1414_storz_regulondb,0.029411764705882353,33,33,CGGTACCCTCAAGGTGGATT,0,28738
TSS_1414_storz_regulondb,0.029411764705882353,33,33,CGGGGTCTACGTTCGTGCTT,0,30293
TSS_1414_storz_regulondb,0.029411764705882353,33,33,CGGACTGAATGCCTTGAGTC,0,64769
TSS_1414_storz_regulondb,0.029411764705882353,33,33,CGCCCAATTCTGTCTCACAA,0,24663
TSS_1414_storz_regulondb,0.029411764705882353,33,33,CCTGGCGGGTAGCACCAAGT,0,52038
TSS_1414_storz_regulondb,0.029411764705882353,33,33,CCGTGACAGAAGCTCTATAA,0,39385
TSS_1414_storz_regulondb,0.029411764705882353,33,33,CCGGTGACGCAGGCTCCGGC,0,68786
TSS_1414_storz_regulondb,0.029411764705882353,33,33,CCGCGCGTCACGATTGAGTA,0,69319
TSS_1414_storz_regulondb,0.029411764705882353,33,33,CCGACTTTGTACCAGCAAGG,0,27041
TSS_1414_storz_regulondb,0.029411764705882353,33,33,CCAGGCGAGTCATTCCCAGC,0,39199
TSS_1414_storz_regulondb,0.029411764705882353,33,33,CATCGATAACACAGATGTGA,0,42409
TSS_1414_storz_regulondb,0.029411764705882353,33,33,CATAAACAATGGCGTTGTTA,0,40125
TSS_1414_storz_regulondb,0.029411764705882353,33,33,CAATAGTGCATGTCTACCTT,0,45028
TSS_1414_storz_regulondb,0.029411764705882353,33,33,CAAGTAGTAAGGTTAAAAGC,0,16898
TSS_1414_storz_regulondb,0.029411764705882353,33,33,CAACAGTCAATCAAGCAGAA,0,3869
TSS_1414_storz_regulondb,0.029411764705882353,33,33,ATTCGTTACATTATGTCGAA,0,58843
TSS_1414_storz_regulondb,0.029411764705882353,33,33,ATGGTCCGGGACCGTGAATA,0,55040
TSS_1414_storz_regulondb,0.029411764705882353,33,33,ATGCCGATCTCCTACTCGCA,0,75899
TSS_1414_storz_regulondb,0.029411764705882353,33,33,AGTCCCCGCAACAACGGCAA,0,49546
TSS_1414_storz_regulondb,0.029411764705882353,33,33,AGGACAAGTGGGCTCAGCTG,0,20801
TSS_1414_storz_regulondb,0.029411764705882353,33,33,AGCTACGGTCGCGTGAAGCG,0,5923
TSS_1414_storz_regulondb,0.029411764705882353,33,33,AGCATGGTATAAGACGAAGA,0,64726
TSS_1414_storz_regulondb,0.029411764705882353,33,33,AGCATGAATGTCGTGCCGTT,0,72654
TSS_1414_storz_regulondb,0.029411764705882353,33,33,AGAGCTCAGTTTAGCACTCC,0,28503
TSS_1414_storz_regulondb,0.029411764705882353,33,33,ACGTTCCACACCGGCGTACA,0,59979
TSS_1414_storz_regulondb,0.029411764705882353,33,33,ACCTTCTGGTGGAAACGGGT,0,34998
TSS_1414_storz_regulondb,0.029411764705882353,33,33,ACCGTTTTAGGCCTTGCAGT,0,49013
TSS_1414_storz_regulondb,0.029411764705882353,33,33,ACAAAAGGCATTGGCACGGG,0,59171
TSS_1414_storz_regulondb,0.029411764705882353,33,33,AATATAGTAATGGGCACAAG,0,21811
TSS_1414_storz_regulondb,0.029411764705882353,33,33,AATAGAATGGAGTCTCGATC,0,47076
TSS_1414_storz_regulondb,0.029411764705882353,33,33,AATAAGCACGAGCGTGATTA,0,20941
TSS_1414_storz_regulondb,0.029411764705882353,33,33,AAGTATGGTTCCCGAACCAC,0,33343
TSS_1414_storz_regulondb,0.029411764705882353,33,33,AAGGGGGCGCCATATGGTCA,0,42661
TSS_1414_storz_regulondb,0.029411764705882353,33,33,AAGCTCCGTTAGGCGCGCGT,0,29359
TSS_1414_storz_regulondb,0.029411764705882353,33,33,AAACGGGCCATGACATTCTT,0,32534
TSS_1414_storz_regulondb,0.030303030303030304,32,32,TTTAGTCGGTAGAAGCGACT,0,22199
TSS_1414_storz_regulondb,0.030303030303030304,32,32,TTTAGGGACAGGGGCAGTTT,0,17472
TSS_1414_storz_regulondb,0.030303030303030304,32,32,TTTAAACTTGGTACGATATA,0,64353
TSS_1414_storz_regulondb,0.030303030303030304,32,32,TTGCCTATCCCTGGTCGGCC,0,12169
TSS_1414_storz_regulondb,0.030303030303030304,32,32,TTGACCTCTACGGCGTTTCC,0,63654
TSS_1414_storz_regulondb,0.030303030303030304,32,32,TGCAGTCGGGGAGGACAGCA,0,34457
TSS_1414_storz_regulondb,0.030303030303030304,32,32,TGAGAACCCTTCACAAGCAT,0,52211
TSS_1414_storz_regulondb,0.030303030303030304,32,32,TGACAATGGGACACTATGGC,0,6376
TSS_1414_storz_regulondb,0.030303030303030304,32,32,TGAACACATAGCCCTAAGTT,0,76662
TSS_1414_storz_regulondb,0.030303030303030304,32,32,TCGTTCGCAGAGTTCGGACC,0,54604
TSS_1414_storz_regulondb,0.030303030303030304,32,32,TCGCCCCCTTCCCCGGGGAT,0,24556
TSS_1414_storz_regulondb,0.030303030303030304,32,32,TCCCCCCAACAAAGGCCGTA,0,24448
TSS_1414_storz_regulondb,0.030303030303030304,32,32,TCCAGCCAGAACTGCTTTAT,0,5850
TSS_1414_storz_regulondb,0.030303030303030304,32,32,TCAATCAAAAGACGTACATG,0,77432
TSS_1414_storz_regulondb,0.030303030303030304,32,32,TATAGGTAACAGGTAAATTG,0,25482
TSS_1414_storz_regulondb,0.030303030303030304,32,32,TATAAACCTATGGCTAAATG,0,52808
TSS_1414_storz_regulondb,0.030303030303030304,32,32,TACCACTCGTCCGCGAGATC,0,63219
TSS_1414_storz_regulondb,0.030303030303030304,32,32,GTTTTATTAACTCGCCCGTT,0,58084
TSS_1414_storz_regulondb,0.030303030303030304,32,32,GTGTCAATATTATTCACCTA,0,16637
TSS_1414_storz_regulondb,0.030303030303030304,32,32,GTGGCTGATCCCCTAAGTTG,0,45341
TSS_1414_storz_regulondb,0.030303030303030304,32,32,GTGGATTGCACGCACCTTAA,0,37563
TSS_1414_storz_regulondb,0.030303030303030304,32,32,GTGCTGGGTCCGATCCTTAT,0,56176
TSS_1414_storz_regulondb,0.030303030303030304,32,32,GTAGGTAACGCAAAATCTTT,0,4979
TSS_1414_storz_regulondb,0.030303030303030304,32,32,GTAAGGAGCGAGGACCATGA,0,65792
TSS_1414_storz_regulondb,0.030303030303030304,32,32,GGGTATGTGACCGCCGAATT,0,49696
TSS_1414_storz_regulondb,0.030303030303030304,32,32,GGGATCTCAACACTATAGTA,0,3742
TSS_1414_storz_regulondb,0.030303030303030304,32,32,GGCCAAGTGTAGTCACGCCT,0,32733
TSS_1414_storz_regulondb,0.030303030303030304,32,32,GCTGGCGCTCTAGGAGTATA,0,61342
TSS_1414_storz_regulondb,0.030303030303030304,32,32,GCTCAACTGACGGTTAGTAT,0,16431
TSS_1414_storz_regulondb,0.030303030303030304,32,32,GCTACCCGTGGTATTGTTGT,0,55540
TSS_1414_storz_regulondb,0.030303030303030304,32,32,GCGTTTTAAGTCCCGCGAAG,0,67282
TSS_1414_storz_regulondb,0.030303030303030304,32,32,GCCCGTCTAGCACCGCAGAG,0,51093
TSS_1414_storz_regulondb,0.030303030303030304,32,32,GAGCCCTAGTTCTCTCATTA,0,69118
TSS_1414_storz_regulondb,0.030303030303030304,32,32,GAATGCACAGCGCTATTTGT,0,25316
TSS_1414_storz_regulondb,0.030303030303030304,32,32,CTTGGAACTCTTGATGTCTG,0,6831
TSS_1414_storz_regulondb,0.030303030303030304,32,32,CTTCGCCGCTCTTACCACTG,0,7052
TSS_1414_storz_regulondb,0.030303030303030304,32,32,CGTAATCTAAAAGTGTTTGG,0,279
TSS_1414_storz_regulondb,0.030303030303030304,32,32,CGGTTTGTCAACTCGGTATA,0,11983
TSS_1414_storz_regulondb,0.030303030303030304,32,32,CGGTGCGCTGCTTGCGTCAT,0,39576
TSS_1414_storz_regulondb,0.030303030303030304,32,32,CGGTCCGTGTGCGTGTACTT,0,13144
TSS_1414_storz_regulondb,0.030303030303030304,32,32,CGGTAAAATCGTTTGCTTCA,0,10257
TSS_1414_storz_regulondb,0.030303030303030304,32,32,CGGGTATCGGAAGTACAAAG,0,23899
TSS_1414_storz_regulondb,0.030303030303030304,32,32,CGGGCGGTCAAAAAGTGCCT,0,2305
TSS_1414_storz_regulondb,0.030303030303030304,32,32,CGCAATACGCGAGTACTATG,0,15629
TSS_1414_storz_regulondb,0.030303030303030304,32,32,CCTTTCGTCCGTTGAAATTA,0,36515
TSS_1414_storz_regulondb,0.030303030303030304,32,32,CCTTATTTACTCAAGCCTTT,0,66469
TSS_1414_storz_regulondb,0.030303030303030304,32,32,CCTCACCCGCACGCGAGTGT,0,39679
TSS_1414_storz_regulondb,0.030303030303030304,32,32,CCGTGGGCCGCGCCTTGAGT,0,30192
TSS_1414_storz_regulondb,0.030303030303030304,32,32,CCCCGCGCGATCGGCAGTAA,0,38671
TSS_1414_storz_regulondb,0.030303030303030304,32,32,CCCAGATTATGGGTTCCATT,0,71699
TSS_1414_storz_regulondb,0.030303030303030304,32,32,CAGATCCGTGCAACATGCAG,0,55599
TSS_1414_storz_regulondb,0.030303030303030304,32,32,ATGCACGTGGGGGGGATAAT,0,52184
TSS_1414_storz_regulondb,0.030303030303030304,32,32,ATCAGGCGAAAGGACGCGTT,0,16065
TSS_1414_storz_regulondb,0.030303030303030304,32,32,ATAGGGGACCGTGCGCTCGT,0,27682
TSS_1414_storz_regulondb,0.030303030303030304,32,32,AGTACTCCCACCATCTTTAC,0,61190
TSS_1414_storz_regulondb,0.030303030303030304,32,32,AGGGCGCGTAGGCTTCTGAT,0,19010
TSS_1414_storz_regulondb,0.030303030303030304,32,32,ACTGGGCGATTGGGCTACTC,0,37371
TSS_1414_storz_regulondb,0.030303030303030304,32,32,ACGAGGACAAGATCTCAGCA,0,75398
TSS_1414_storz_regulondb,0.030303030303030304,32,32,ACCTTTGCACGGCATGTCTA,0,28663
TSS_1414_storz_regulondb,0.030303030303030304,32,32,ACCCCTATAAGACATTTTGT,0,58713
TSS_1414_storz_regulondb,0.030303030303030304,32,32,AAGCCCCAGCGACAATCGTT,0,39205
TSS_1414_storz_regulondb,0.030303030303030304,32,32,AACCCAGGATCGAACGATTG,0,40323
TSS_1414_storz_regulondb,0.030303030303030304,32,32,AACCAGCCACTGATTTGAAT,0,40699
TSS_1414_storz_regulondb,0.030303030303030304,32,32,AACAGATAATCGAAGCTGCG,0,30785
TSS_1414_storz_regulondb,0.030303030303030304,32,32,AAAAGAGGTATGGCCCTCGT,0,21644
TSS_1414_storz_regulondb,0.03125,31,31,TTTCTCTCGTCCTCTATGGT,0,55857
TSS_1414_storz_regulondb,0.03125,31,31,TTCAAGGCCTATGGGTGGAA,0,19508
TSS_1414_storz_regulondb,0.03125,31,31,TGGGGAGCTCGGCTAGAACG,0,40687
TSS_1414_storz_regulondb,0.03125,31,31,TGGCGCGCACGCAGCACTGG,0,17718
TSS_1414_storz_regulondb,0.03125,31,31,TGAAGCGGTTCGGGTCGATG,0,58050
TSS_1414_storz_regulondb,0.03125,31,31,TCTATCGATGTCTGGGAGAA,0,19803
TSS_1414_storz_regulondb,0.03125,31,31,TCTACGCTTTACCTGTCATT,0,14578
TSS_1414_storz_regulondb,0.03125,31,31,TCGGTTCGGTCAGGCTTGCG,0,41263
TSS_1414_storz_regulondb,0.03125,31,31,TCGGGCACCATTCTAAACTA,0,46374
TSS_1414_storz_regulondb,0.03125,31,31,TCCACATACGGTCGCTTTAG,0,79035
TSS_1414_storz_regulondb,0.03125,31,31,TCAGGAGGAACTTTGAATTC,0,57068
TSS_1414_storz_regulondb,0.03125,31,31,TCACGTGGGAGCGGTAGGCA,0,69501
TSS_1414_storz_regulondb,0.03125,31,31,TATGATTCACGTGAAAGTGT,0,37642
TSS_1414_storz_regulondb,0.03125,31,31,TATCTGAGGTGAAAAACAGG,0,31918
TSS_1414_storz_regulondb,0.03125,31,31,TAGGGATCGTCACCGGTTAG,0,56835
TSS_1414_storz_regulondb,0.03125,31,31,TAGGAGGGTATTCGCGGTTA,0,18837
TSS_1414_storz_regulondb,0.03125,31,31,TACGATAAACGGAGCAGAAT,0,46664
TSS_1414_storz_regulondb,0.03125,31,31,TAATCATTATATTCAGTACC,0,76173
TSS_1414_storz_regulondb,0.03125,31,31,GTGGTACCTCATTGGCCTGA,0,63137
TSS_1414_storz_regulondb,0.03125,31,31,GTACGTACGTTCCCGCAGGA,0,55196
TSS_1414_storz_regulondb,0.03125,31,31,GTACCGCGAGACAAGGGCCA,0,68212
TSS_1414_storz_regulondb,0.03125,31,31,GGGTTCGTTCCAAGGGTAAT,0,12210
TSS_1414_storz_regulondb,0.03125,31,31,GGGTCACAGGATAAATCCGG,0,28443
TSS_1414_storz_regulondb,0.03125,31,31,GGGCTTCGTCTCTGTGGTCT,0,54230
TSS_1414_storz_regulondb,0.03125,31,31,GGCTCACTTTGAATTAAATT,0,50794
TSS_1414_storz_regulondb,0.03125,31,31,GGCGTGGACAAAATGATAGA,0,9717
TSS_1414_storz_regulondb,0.03125,31,31,GGAGTCATTCGGACTGGTAT,0,50194
TSS_1414_storz_regulondb,0.03125,31,31,GCTTTCTGATGGGCTGGAGA,0,16351
TSS_1414_storz_regulondb,0.03125,31,31,GCTAACCCGGATATTGCATG,0,11731
TSS_1414_storz_regulondb,0.03125,31,31,GCGTGAACATTTGTGGTAGC,0,32136
TSS_1414_storz_regulondb,0.03125,31,31,GCCTGGGATGCTAATTATAT,0,71031
TSS_1414_storz_regulondb,0.03125,31,31,GCCTCAATGTTTTTAAGTAT,0,26935
TSS_1414_storz_regulondb,0.03125,31,31,GCCCTGCGGGAACCGGCCCA,0,29994
TSS_1414_storz_regulondb,0.03125,31,31,GCATTGAGTGTTGTCTCACT,0,13724
TSS_1414_storz_regulondb,0.03125,31,31,GATTTGGACGCCTTAACCCA,0,69939
TSS_1414_storz_regulondb,0.03125,31,31,GATGCAGCGATACAGTACCA,0,2950
TSS_1414_storz_regulondb,0.03125,31,31,GATCCCGGGAACTCCACACT,0,52460
TSS_1414_storz_regulondb,0.03125,31,31,GACGGAAGTATTATTAAAGT,0,6430
TSS_1414_storz_regulondb,0.03125,31,31,GAATCCTTAAAACAAGGCTT,0,56143
TSS_1414_storz_regulondb,0.03125,31,31,GAAGCGTGTCAAAGGGAGTG,0,41375
TSS_1414_storz_regulondb,0.03125,31,31,CTACGTGACGACTGACATAT,0,39724
TSS_1414_storz_regulondb,0.03125,31,31,CTAAGGGGCCACGTCTTGGA,0,21006
TSS_1414_storz_regulondb,0.03125,31,31,CTAAGAATTCTTCCTGGCAA,0,35866
TSS_1414_storz_regulondb,0.03125,31,31,CTAAGAAAGGTGCCGGACCA,0,45255
TSS_1414_storz_regulondb,0.03125,31,31,CGGGTTCGCAGTAGACTTTA,0,27370
TSS_1414_storz_regulondb,0.03125,31,31,CGGCACAATAGTCCTTTCCC,0,10405
TSS_1414_storz_regulondb,0.03125,31,31,CGCTTTACATGTAGGCCCCT,0,2948
TSS_1414_storz_regulondb,0.03125,31,31,CGCAAGTATTCTGCATGTGA,0,27043
TSS_1414_storz_regulondb,0.03125,31,31,CGACACAGCCGACGAGGTAC,0,14093
TSS_1414_storz_regulondb,0.03125,31,31,CCTTTCAGCCTCAAATACGT,0,10127
TSS_1414_storz_regulondb,0.03125,31,31,CCTCCTGACGCCGTGATCCT,0,28678
TSS_1414_storz_regulondb,0.03125,31,31,CCGTGGTATAATCGGCAGAA,0,46642
TSS_1414_storz_regulondb,0.03125,31,31,CCGGAACGTCTAAGATTATA,0,69767
TSS_1414_storz_regulondb,0.03125,31,31,CCGAAGACACGGGCATGTTG,0,250
TSS_1414_storz_regulondb,0.03125,31,31,CCCTTTCCGCTCCAGCTTAG,0,44184
TSS_1414_storz_regulondb,0.03125,31,31,CCCTCAGGACGCAACACGTT,0,28619
TSS_1414_storz_regulondb,0.03125,31,31,CCCGTCAGGAGGCTCACCGA,0,15052
TSS_1414_storz_regulondb,0.03125,31,31,CCAGTGAGCATAACTCAGAT,0,59732
TSS_1414_storz_regulondb,0.03125,31,31,CCAGCTGAAAATTTTTGGGT,0,50717
TSS_1414_storz_regulondb,0.03125,31,31,CCAAGTTCACTCAATCATCC,0,21638
TSS_1414_storz_regulondb,0.03125,31,31,CCAACATTGAAGTCCTTACT,0,34897
TSS_1414_storz_regulondb,0.03125,31,31,CATGATGCGGCATCGGTTTC,0,73994
TSS_1414_storz_regulondb,0.03125,31,31,CATCTCTGACACCTATTCGT,0,18540
TSS_1414_storz_regulondb,0.03125,31,31,CAGGGTCAATTTATCTTCGA,0,25892
TSS_1414_storz_regulondb,0.03125,31,31,CAGGCGTAAAGAATGCAGGT,0,70694
TSS_1414_storz_regulondb,0.03125,31,31,CAGCGAAACGACGACGGAAT,0,63289
TSS_1414_storz_regulondb,0.03125,31,31,CAAGTCTAGGCGCAACCCAG,0,3878
TSS_1414_storz_regulondb,0.03125,31,31,ATTTGCAAATATAATGTGCA,0,36473
TSS_1414_storz_regulondb,0.03125,31,31,ATCTTGTATTGGGCTATCAT,0,32073
TSS_1414_storz_regulondb,0.03125,31,31,ATCTAGTTTAACGGATTTAG,0,32875
TSS_1414_storz_regulondb,0.03125,31,31,ATCGTACCAGATACTCTCTT,0,10688
TSS_1414_storz_regulondb,0.03125,31,31,ATCCGGATTGAGGGTGTCGT,0,54490
TSS_1414_storz_regulondb,0.03125,31,31,ATATTCTACACTCGAAATGT,0,37812
TSS_1414_storz_regulondb,0.03125,31,31,AGCTATGATGAGGGTTCATG,0,34727
TSS_1414_storz_regulondb,0.03125,31,31,AGAGAGGCACGGTTAGGGAC,0,47981
TSS_1414_storz_regulondb,0.03125,31,31,AGAAGATAGTTGAAGATTAA,0,5985
TSS_1414_storz_regulondb,0.03125,31,31,ACTTCTCAACGTAAACGCTT,0,66062
TSS_1414_storz_regulondb,0.03125,31,31,ACGTCATCCGCTGCCAGCTC,0,32608
TSS_1414_storz_regulondb,0.03125,31,31,ACCTTACACGATAGCGCAGA,0,18302
TSS_1414_storz_regulondb,0.03125,31,31,ACCCGTGCCCGGTCTTGTAT,0,43845
TSS_1414_storz_regulondb,0.03125,31,31,ACAATGGGCACTATGATTAG,0,19613
TSS_1414_storz_regulondb,0.03125,31,31,AATAAGGACTTTAAGGAGCA,0,58032
TSS_1414_storz_regulondb,0.03125,31,31,AAGAGCCTAACTTCGGTCCA,0,74133
TSS_1414_storz_regulondb,0.03125,31,31,AACTACAGTCTCATAATTGA,0,67124
TSS_1414_storz_regulondb,0.03125,31,31,AACCAAGTAGTATATTGTAC,0,56114
TSS_1414_storz_regulondb,0.03125,31,31,AAATTCCCTGCCCGAGGCTG,0,33669
TSS_1414_storz_regulondb,0.03125,31,31,AAACACATTTTAGTTTATAA,0,51607
TSS_1414_storz_regulondb,0.03125,31,31,AAAATGTCGGCGTTTGCTAT,0,6383
TSS_1414_storz_regulondb,0.03225806451612903,30,30,TTTATGCTTGAGGCCAATAT,0,12962
TSS_1414_storz_regulondb,0.03225806451612903,30,30,TTCGCCGAAACATACCAAAT,0,65782
TSS_1414_storz_regulondb,0.03225806451612903,30,30,TGTACTGGCATAGGCCAAAT,0,18644
TSS_1414_storz_regulondb,0.03225806451612903,30,30,TGGCCTTCGTCTGCATGCTA,0,6574
TSS_1414_storz_regulondb,0.03225806451612903,30,30,TGCGTCAGCAGTCGCTATTA,0,29868
TSS_1414_storz_regulondb,0.03225806451612903,30,30,TGCGCGCACGTGGAGCTGGC,0,71085
TSS_1414_storz_regulondb,0.03225806451612903,30,30,TGAAGTGTCGGAATTTGAAG,0,16831
TSS_1414_storz_regulondb,0.03225806451612903,30,30,TCTTGGGGGGGGGATGGGGG,0,68273
TSS_1414_storz_regulondb,0.03225806451612903,30,30,TCTTGATGCATATATCGGTT,0,54603
TSS_1414_storz_regulondb,0.03225806451612903,30,30,TCGTCGCTTGCGACACTGCA,0,50630
TSS_1414_storz_regulondb,0.03225806451612903,30,30,TCGTCCGGTTGGATATTGTC,0,69999
TSS_1414_storz_regulondb,0.03225806451612903,30,30,TCGAATTGAACACGGGAGGG,0,31628
TSS_1414_storz_regulondb,0.03225806451612903,30,30,TCCTGCTCAAGTTACAGAGC,0,31027
TSS_1414_storz_regulondb,0.03225806451612903,30,30,TCCGCTACAGTCAATAATAG,0,30606
TSS_1414_storz_regulondb,0.03225806451612903,30,30,TCCCTAACTTTGCTGATCCA,0,12953
TSS_1414_storz_regulondb,0.03225806451612903,30,30,TATTTTAGGGTACTGGATAA,0,60485
TSS_1414_storz_regulondb,0.03225806451612903,30,30,TACCGTCGTTTGTCCCGATA,0,36144
TSS_1414_storz_regulondb,0.03225806451612903,30,30,GTTAACTGAAAATGCATCGT,0,20184
TSS_1414_storz_regulondb,0.03225806451612903,30,30,GTCTCTTCCAGGGAGGTCAC,0,10055
TSS_1414_storz_regulondb,0.03225806451612903,30,30,GTCTACATTGGTATTGGCAA,0,54006
TSS_1414_storz_regulondb,0.03225806451612903,30,30,GTCCAGCCTAGCGTCGGATA,0,31423
TSS_1414_storz_regulondb,0.03225806451612903,30,30,GTATGGCTACTATTGCGATG,0,65525
TSS_1414_storz_regulondb,0.03225806451612903,30,30,GTACGGACTGCGAAATCACG,0,25659
TSS_1414_storz_regulondb,0.03225806451612903,30,30,GGGTTGCCAGTGCAGCGTTT,0,5206
TSS_1414_storz_regulondb,0.03225806451612903,30,30,GGGGTTGAGGCAAAACTTTG,0,1223
TSS_1414_storz_regulondb,0.03225806451612903,30,30,GGGGTGGTACATTGAATTAG,0,74723
TSS_1414_storz_regulondb,0.03225806451612903,30,30,GGGGGCGAACTGTACCACTG,0,28677
TSS_1414_storz_regulondb,0.03225806451612903,30,30,GGGGCTGCGAAAGTACACAA,0,1963
TSS_1414_storz_regulondb,0.03225806451612903,30,30,GGCGATGTGACGGTTGTTCG,0,16856
TSS_1414_storz_regulondb,0.03225806451612903,30,30,GGACGATGCAAACACTGTGA,0,35154
TSS_1414_storz_regulondb,0.03225806451612903,30,30,GCCTGTTTATTATGGCGATT,0,39405
TSS_1414_storz_regulondb,0.03225806451612903,30,30,GAGGTTGGAGATTGTTGCTT,0,30497
TSS_1414_storz_regulondb,0.03225806451612903,30,30,GAGGCTCCGAAATAAGTATG,0,47513
TSS_1414_storz_regulondb,0.03225806451612903,30,30,GAGATCCATGGTATACCAGT,0,68611
TSS_1414_storz_regulondb,0.03225806451612903,30,30,GACCAACTAGCTAGAGCAAT,0,36545
TSS_1414_storz_regulondb,0.03225806451612903,30,30,CTTGCGTTGTAAGTATAAAT,0,2242
TSS_1414_storz_regulondb,0.03225806451612903,30,30,CTGTATACGAGATCGAGCAT,0,53545
TSS_1414_storz_regulondb,0.03225806451612903,30,30,CTGTAAGTTTAGCACTGCAG,0,41442
TSS_1414_storz_regulondb,0.03225806451612903,30,30,CTGGCAAACAGGTCTTGAGC,0,5593
TSS_1414_storz_regulondb,0.03225806451612903,30,30,CTCTAGGCTCGATGTGACAT,0,43668
TSS_1414_storz_regulondb,0.03225806451612903,30,30,CTCTACAGGGGGTGTCACTA,0,36404
TSS_1414_storz_regulondb,0.03225806451612903,30,30,CTCGTGATGTTTATAGTGAA,0,59098
TSS_1414_storz_regulondb,0.03225806451612903,30,30,CTCCAAGTGTTTGGGAACTT,0,40010
TSS_1414_storz_regulondb,0.03225806451612903,30,30,CTATGTCTGCTCTAGAAGGT,0,50155
TSS_1414_storz_regulondb,0.03225806451612903,30,30,CTACGACTTATGGTTGTGAT,0,25555
TSS_1414_storz_regulondb,0.03225806451612903,30,30,CGTCCTGGAGGACCCGCCGT,0,46197
TSS_1414_storz_regulondb,0.03225806451612903,30,30,CGTATCAGCGATCTGATCAA,0,33305
TSS_1414_storz_regulondb,0.03225806451612903,30,30,CGGTCTGGATAGTGGTGGCG,0,41386
TSS_1414_storz_regulondb,0.03225806451612903,30,30,CGGTCCATTGAAGTCTTTCG,0,17762
TSS_1414_storz_regulondb,0.03225806451612903,30,30,CGGAACAACAACAATGCGTA,0,74092
TSS_1414_storz_regulondb,0.03225806451612903,30,30,CGAGCATTGCCGAGTGTCGT,0,76665
TSS_1414_storz_regulondb,0.03225806451612903,30,30,CCTGAGCGAATTACTACTCA,0,19360
TSS_1414_storz_regulondb,0.03225806451612903,30,30,CCGCGGCAATCAAACGCTTG,0,71739
TSS_1414_storz_regulondb,0.03225806451612903,30,30,CCGAGCGTCTATCCTGCATC,0,48801
TSS_1414_storz_regulondb,0.03225806451612903,30,30,CCCACGAATGGGGGAGGTGA,0,16075
TSS_1414_storz_regulondb,0.03225806451612903,30,30,CCATATTGCAGTTCCGGCTC,0,23665
TSS_1414_storz_regulondb,0.03225806451612903,30,30,CCAAGTTACGGCCGAAAATT,0,48736
TSS_1414_storz_regulondb,0.03225806451612903,30,30,CCAAAATGCGGTGGTTCACT,0,71201
TSS_1414_storz_regulondb,0.03225806451612903,30,30,CATCCTTTGAACCGGCGCCG,0,15228
TSS_1414_storz_regulondb,0.03225806451612903,30,30,CAGTTAAGGAGTCGCCAAAG,0,47082
TSS_1414_storz_regulondb,0.03225806451612903,30,30,CAGGTCGTCACTCAGGCAAC,0,18184
TSS_1414_storz_regulondb,0.03225806451612903,30,30,CACCGGGACTGTAAATGTAC,0,30485
TSS_1414_storz_regulondb,0.03225806451612903,30,30,CACAGAACGGTTAGGCTCTC,0,37341
TSS_1414_storz_regulondb,0.03225806451612903,30,30,ATGGGAGAGGGTATACCGGT,0,3116
TSS_1414_storz_regulondb,0.03225806451612903,30,30,ATGGATGCGTGCTAGGGATA,0,34652
TSS_1414_storz_regulondb,0.03225806451612903,30,30,ATAAGCTGACGCTTGCCCCG,0,17895
TSS_1414_storz_regulondb,0.03225806451612903,30,30,AGCCTACGCCCGATTGCCTC,0,38828
TSS_1414_storz_regulondb,0.03225806451612903,30,30,AGCCGTAGCGGGCGTCCTGT,0,56798
TSS_1414_storz_regulondb,0.03225806451612903,30,30,AGCAAAACTTCAGGACCTGT,0,17879
TSS_1414_storz_regulondb,0.03225806451612903,30,30,AGAACTGGGAATGCAACGGT,0,59890
TSS_1414_storz_regulondb,0.03225806451612903,30,30,AGAACGCGACCATGGTTTAG,0,58571
TSS_1414_storz_regulondb,0.03225806451612903,30,30,ACTTTGCGGATTGACCGGTG,0,481
TSS_1414_storz_regulondb,0.03225806451612903,30,30,ACTCCCGAAATTCCGGGTGG,0,63130
TSS_1414_storz_regulondb,0.03225806451612903,30,30,AATGGCGATTTTGGGAAAGC,0,73164
TSS_1414_storz_regulondb,0.03225806451612903,30,30,AAGGCACACGTTTTTTTATG,0,45860
TSS_1414_storz_regulondb,0.03225806451612903,30,30,AACTCAACGAAGACGTGACA,0,39430
TSS_1414_storz_regulondb,0.03225806451612903,30,30,AACAAAAAGATTCCCAAAAG,0,20702
TSS_1414_storz_regulondb,0.03333333333333333,29,29,TTTTGCCTTCTGGTCACTAG,0,16905
TSS_1414_storz_regulondb,0.03333333333333333,29,29,TTTCAATCCTTTGTCATCAA,0,29870
TSS_1414_storz_regulondb,0.03333333333333333,29,29,TTGTCACCCTCCTTGGGATG,0,59583
TSS_1414_storz_regulondb,0.03333333333333333,29,29,TTAGTTCTACAAATACTCAT,0,79651
TSS_1414_storz_regulondb,0.03333333333333333,29,29,TGTTCGGCTAAATTCCCAAC,0,36394
TSS_1414_storz_regulondb,0.03333333333333333,29,29,TGTTATGAAATCTTGAAGTA,0,32030
TSS_1414_storz_regulondb,0.03333333333333333,29,29,TGTCCATTCCACAAATAATA,0,530
TSS_1414_storz_regulondb,0.03333333333333333,29,29,TGGGGCTTAAAAATGATGAG,0,32229
TSS_1414_storz_regulondb,0.03333333333333333,29,29,TGCTTTTCGGCGATTCGGCT,0,24291
TSS_1414_storz_regulondb,0.03333333333333333,29,29,TGCTGGGGTTTATTCAGACA,0,35014
TSS_1414_storz_regulondb,0.03333333333333333,29,29,TGCCCGCTGGGTAAAGCGTG,0,5837
TSS_1414_storz_regulondb,0.03333333333333333,29,29,TGCCATTAAGACTAGATTTA,0,66558
TSS_1414_storz_regulondb,0.03333333333333333,29,29,TCTTCTGAGCCGAGGGCACT,0,55660
TSS_1414_storz_regulondb,0.03333333333333333,29,29,TCTGCGATCTCCTTCACTGC,0,234
TSS_1414_storz_regulondb,0.03333333333333333,29,29,TCTACTTAATCCAAAATTTT,0,51348
TSS_1414_storz_regulondb,0.03333333333333333,29,29,TCTAACTCTGCTGAGTTGCG,0,41201
TSS_1414_storz_regulondb,0.03333333333333333,29,29,TCATCAAGCGTCCATTAGGA,0,44014
TSS_1414_storz_regulondb,0.03333333333333333,29,29,TATGCGGGCCTTAGCGGGAC,0,40526
TSS_1414_storz_regulondb,0.03333333333333333,29,29,TATCCGATTGGGTCTTATGA,0,74394
TSS_1414_storz_regulondb,0.03333333333333333,29,29,TAGGAGAATGCCAAGATAGG,0,28122
TSS_1414_storz_regulondb,0.03333333333333333,29,29,TAATGGCCCGTCCCTCGGGT,0,50969
TSS_1414_storz_regulondb,0.03333333333333333,29,29,TAAGGCAGAATGGGCTGCAA,0,38350
TSS_1414_storz_regulondb,0.03333333333333333,29,29,TAACAACGGCCTTTGTCAGT,0,61425
TSS_1414_storz_regulondb,0.03333333333333333,29,29,GTTTTGCCGAGGTGCCACCT,0,13381
TSS_1414_storz_regulondb,0.03333333333333333,29,29,GTTTATATTATTGTGACGTT,0,76197
TSS_1414_storz_regulondb,0.03333333333333333,29,29,GTGGGTATTATCCCAGCTTT,0,79166
TSS_1414_storz_regulondb,0.03333333333333333,29,29,GTGCCGTTGAACACTGAGAT,0,21989
TSS_1414_storz_regulondb,0.03333333333333333,29,29,GTCTACGTGGGTCGTGATAT,0,13058
TSS_1414_storz_regulondb,0.03333333333333333,29,29,GTCCTGACACGGTGGCGTGG,0,17298
TSS_1414_storz_regulondb,0.03333333333333333,29,29,GTCCGCTCACAAGCATGTTA,0,62326
TSS_1414_storz_regulondb,0.03333333333333333,29,29,GTCAAGGGTTGCATCCTAGG,0,19183
TSS_1414_storz_regulondb,0.03333333333333333,29,29,GTAGGACGGCGATAATAATG,0,73948
TSS_1414_storz_regulondb,0.03333333333333333,29,29,GTACGCCGATATACGCGATA,0,35922
TSS_1414_storz_regulondb,0.03333333333333333,29,29,GTACGAGCCCGGGCCAGCTC,0,44257
TSS_1414_storz_regulondb,0.03333333333333333,29,29,GGTTCCGTTGGGCGTAATGC,0,39693
TSS_1414_storz_regulondb,0.03333333333333333,29,29,GGTGTGACATTATCCACGCA,0,22434
TSS_1414_storz_regulondb,0.03333333333333333,29,29,GGTCCGCGACTGAGTACATG,0,52179
TSS_1414_storz_regulondb,0.03333333333333333,29,29,GGGTTGTTGGGCCGTGTGAC,0,45728
TSS_1414_storz_regulondb,0.03333333333333333,29,29,GGCAAGCACTGCCCTCTATA,0,68200
TSS_1414_storz_regulondb,0.03333333333333333,29,29,GGAGTCCACCATTAATGGAC,0,34071
TSS_1414_storz_regulondb,0.03333333333333333,29,29,GGAGAACTTTCCCTGGACCA,0,19908
TSS_1414_storz_regulondb,0.03333333333333333,29,29,GGAATTTTTCTAGGAAAATG,0,40545
TSS_1414_storz_regulondb,0.03333333333333333,29,29,GCTGGGTAAATCAGTCGCTA,0,27266
TSS_1414_storz_regulondb,0.03333333333333333,29,29,GCTCGGACTTGGGACCGATC,0,69366
TSS_1414_storz_regulondb,0.03333333333333333,29,29,GCCAACTGCAGTCACCAGAA,0,10787
TSS_1414_storz_regulondb,0.03333333333333333,29,29,GCAACTTGTAACATGTATCT,0,64046
TSS_1414_storz_regulondb,0.03333333333333333,29,29,GATTTGGTCCCACAGCGTTC,0,48209
TSS_1414_storz_regulondb,0.03333333333333333,29,29,GAGATCGGTTCTTTTCAAAC,0,5927
TSS_1414_storz_regulondb,0.03333333333333333,29,29,GACGGCCGGACTCTCTAATC,0,49536
TSS_1414_storz_regulondb,0.03333333333333333,29,29,GACACGCGGCCCCGCGGTAG,0,64905
TSS_1414_storz_regulondb,0.03333333333333333,29,29,GAAATTTGGAACGCGGTTTA,0,3717
TSS_1414_storz_regulondb,0.03333333333333333,29,29,CTTTCATAGGATCATCGGCT,0,46147
TSS_1414_storz_regulondb,0.03333333333333333,29,29,CTTGCAGCCTTACCAGAATA,0,11007
TSS_1414_storz_regulondb,0.03333333333333333,29,29,CTGGACTCACGGCGTTAGAA,0,61769
TSS_1414_storz_regulondb,0.03333333333333333,29,29,CTGGACGTGCCAGGTAATTG,0,68375
TSS_1414_storz_regulondb,0.03333333333333333,29,29,CTGACCTGTTACTTAACAAC,0,45361
TSS_1414_storz_regulondb,0.03333333333333333,29,29,CTCTTCCGCTAAAAAGATCA,0,39055
TSS_1414_storz_regulondb,0.03333333333333333,29,29,CTCGGCCGATCGCTGGAGTC,0,12111
TSS_1414_storz_regulondb,0.03333333333333333,29,29,CTCAATTGTGGAATCCATGA,0,10951
TSS_1414_storz_regulondb,0.03333333333333333,29,29,CTATTGAAATTATCAGAATA,0,41195
TSS_1414_storz_regulondb,0.03333333333333333,29,29,CTATTACTTCTAACTAAGAA,0,48778
TSS_1414_storz_regulondb,0.03333333333333333,29,29,CTATAGTATCTGGCGCGGGT,0,68102
TSS_1414_storz_regulondb,0.03333333333333333,29,29,CTACGTCCGACCTGCCCTAG,0,53085
TSS_1414_storz_regulondb,0.03333333333333333,29,29,CTACGGGACGCAGAGGAATG,0,52977
TSS_1414_storz_regulondb,0.03333333333333333,29,29,CTACCCAGGTAATCGACTCG,0,72512
TSS_1414_storz_regulondb,0.03333333333333333,29,29,CGTTTGATTTATATCATTAT,0,23421
TSS_1414_storz_regulondb,0.03333333333333333,29,29,CGCGTGACCGCTCTGTGTGG,0,32535
TSS_1414_storz_regulondb,0.03333333333333333,29,29,CGAATTTACTGGCTTGACTA,0,53933
TSS_1414_storz_regulondb,0.03333333333333333,29,29,CCTGTGGTAGGCCCAGCATC,0,51291
TSS_1414_storz_regulondb,0.03333333333333333,29,29,CCTCGGTTTATCGGTCGGAT,0,127
TSS_1414_storz_regulondb,0.03333333333333333,29,29,CCGGCATAAATCCGGTCATT,0,70731
TSS_1414_storz_regulondb,0.03333333333333333,29,29,CCGCGTAGTGATCCATACGG,0,1029
TSS_1414_storz_regulondb,0.03333333333333333,29,29,CCCCTGCGAATTCTTGAGGT,0,1006
TSS_1414_storz_regulondb,0.03333333333333333,29,29,CCATTCACCGTAATGTTTAA,0,39250
TSS_1414_storz_regulondb,0.03333333333333333,29,29,CCACTCCCCTAGTTTTTCAA,0,6110
TSS_1414_storz_regulondb,0.03333333333333333,29,29,CATAGCAGAGGTCCGTACCC,0,3036
TSS_1414_storz_regulondb,0.03333333333333333,29,29,CAGGGGACAAACCTAGTTAC,0,21030
TSS_1414_storz_regulondb,0.03333333333333333,29,29,CAGAACACAGCACCCAGGGG,0,42955
TSS_1414_storz_regulondb,0.03333333333333333,29,29,CACTTCATAGGACAGCCTTT,0,62385
TSS_1414_storz_regulondb,0.03333333333333333,29,29,CACGGAGTGGTATCTGTTTT,0,785
TSS_1414_storz_regulondb,0.03333333333333333,29,29,CACGCATCTGCCGAGCAAAT,0,54955
TSS_1414_storz_regulondb,0.03333333333333333,29,29,CAAGTCTCATGCGCAGTAAT,0,71813
TSS_1414_storz_regulondb,0.03333333333333333,29,29,CAACCTGTGGTGACAGCCGT,0,75436
TSS_1414_storz_regulondb,0.03333333333333333,29,29,CAAAATGCAGGCTCGACGAT,0,11438
TSS_1414_storz_regulondb,0.03333333333333333,29,29,ATGTACACGAGGCCGAAGTG,0,5244
TSS_1414_storz_regulondb,0.03333333333333333,29,29,ATCGTAATATGATAAGCTGT,0,12108
TSS_1414_storz_regulondb,0.03333333333333333,29,29,ATCGGTCCAGTATTCAAATA,0,79603
TSS_1414_storz_regulondb,0.03333333333333333,29,29,ATCCGTGATGCGCCAAGAAC,0,5191
TSS_1414_storz_regulondb,0.03333333333333333,29,29,ATATGACGCATAAGGGAATT,0,66644
TSS_1414_storz_regulondb,0.03333333333333333,29,29,ATACTTTAAGCGCCCAGTTG,0,65466
TSS_1414_storz_regulondb,0.03333333333333333,29,29,ATACAGCTAGGTCAGTTTGA,0,7513
TSS_1414_storz_regulondb,0.03333333333333333,29,29,AGCTGCCATCATCGCGGTAG,0,62046
TSS_1414_storz_regulondb,0.03333333333333333,29,29,AGCGGTTAGCCAACATCCAG,0,11866
TSS_1414_storz_regulondb,0.03333333333333333,29,29,AGATATTAGGGGTCCCCCAC,0,23302
TSS_1414_storz_regulondb,0.03333333333333333,29,29,AGAGAGCTAAGAGGAACGAG,0,19821
TSS_1414_storz_regulondb,0.03333333333333333,29,29,AGACTCCGTTTAACACGTAG,0,37198
TSS_1414_storz_regulondb,0.03333333333333333,29,29,ACTTCTCTGCCGTACGGAAT,0,73525
TSS_1414_storz_regulondb,0.03333333333333333,29,29,ACGTCGTGAAGCAATCGTTA,0,30017
TSS_1414_storz_regulondb,0.03333333333333333,29,29,ACGGGCCAAATAGCACATGA,0,52268
TSS_1414_storz_regulondb,0.03333333333333333,29,29,ACGACGATGGTGCTGCGATA,0,50726
TSS_1414_storz_regulondb,0.03333333333333333,29,29,ACCACGGCGGGAAGTGTCGT,0,17252
TSS_1414_storz_regulondb,0.03333333333333333,29,29,AATTTGTGCCTATTTAGCGT,0,126
TSS_1414_storz_regulondb,0.03333333333333333,29,29,AATCTGGGTCGAATCTCCGT,0,26554
TSS_1414_storz_regulondb,0.03333333333333333,29,29,AAGACGCGTTAGTTCAAAGC,0,80245
TSS_1414_storz_regulondb,0.03333333333333333,29,29,AAGAACGCTTCAATCGCGGG,0,16792
TSS_1414_storz_regulondb,0.03333333333333333,29,29,AACCGAGGGTAATGTGATAC,0,7838
TSS_1414_storz_regulondb,0.03333333333333333,29,29,AACAGAGACAGAAGGACCAA,0,15851
TSS_1414_storz_regulondb,0.034482758620689655,28,28,TTTGCTGGTTGTGCCTCAGT,0,36640
TSS_1414_storz_regulondb,0.034482758620689655,28,28,TTTGCGAGAGTTGTTTAATA,0,62913
TSS_1414_storz_regulondb,0.034482758620689655,28,28,TTTGAGAGTACGTACATCTC,0,34362
TSS_1414_storz_regulondb,0.034482758620689655,28,28,TTTATGCCCGGGCACTTCAT,0,51968
TSS_1414_storz_regulondb,0.034482758620689655,28,28,TTGGTAAATAACCGTTTATG,0,51544
TSS_1414_storz_regulondb,0.034482758620689655,28,28,TTCGACTTCAAACGGCTTCT,0,54848
TSS_1414_storz_regulondb,0.034482758620689655,28,28,TTCCGGCTTTTATAAGACTA,0,32349
TSS_1414_storz_regulondb,0.034482758620689655,28,28,TTCAACCCAGACCAACCAGT,0,8598
TSS_1414_storz_regulondb,0.034482758620689655,28,28,TTAGTAAAGTTTCTTAAGGA,0,14581
TSS_1414_storz_regulondb,0.034482758620689655,28,28,TTACTCAAGTCACGTCACGT,0,27258
TSS_1414_storz_regulondb,0.034482758620689655,28,28,TGGTTACGGGGAACGAATTT,0,28647
TSS_1414_storz_regulondb,0.034482758620689655,28,28,TGGGGAATGGCGTCGGTCAA,0,52459
TSS_1414_storz_regulondb,0.034482758620689655,28,28,TGGGACTTAATTTCTACGGA,0,9622
TSS_1414_storz_regulondb,0.034482758620689655,28,28,TGGCGTACGGTTCCTGTGAG,0,59785
TSS_1414_storz_regulondb,0.034482758620689655,28,28,TGCGCCCCTACGCATGACCG,0,61253
TSS_1414_storz_regulondb,0.034482758620689655,28,28,TCTGGGCTAGAGTGTGTTCC,0,74532
TSS_1414_storz_regulondb,0.034482758620689655,28,28,TCGGATCTCTTAAGAAAAAA,0,45357
TSS_1414_storz_regulondb,0.034482758620689655,28,28,TCGACGGATTACAGGGGAAT,0,15932
TSS_1414_storz_regulondb,0.034482758620689655,28,28,TCGAAGCAATCTCCGGGAGA,0,3897
TSS_1414_storz_regulondb,0.034482758620689655,28,28,TCAACAGCGTCGCGTTCCAG,0,20451
TSS_1414_storz_regulondb,0.034482758620689655,28,28,TAGGAAGCCAGGCGCGAGCG,0,71450
TSS_1414_storz_regulondb,0.034482758620689655,28,28,TACCATTTGGGTGTTCACTT,0,77513
TSS_1414_storz_regulondb,0.034482758620689655,28,28,TACAGTCGCGTGCAAAACCT,0,53755
TSS_1414_storz_regulondb,0.034482758620689655,28,28,TAAAGCGAATTAGCTGCGGT,0,40735
TSS_1414_storz_regulondb,0.034482758620689655,28,28,GTCTCGGAAATCCAACTGCT,0,36483
TSS_1414_storz_regulondb,0.034482758620689655,28,28,GTCCCCGTCAAGTGTTCATA,0,4267
TSS_1414_storz_regulondb,0.034482758620689655,28,28,GTATAGTTACCAAAGCCATT,0,50250
TSS_1414_storz_regulondb,0.034482758620689655,28,28,GTAGCTTTGGCCACGGCCGA,0,43538
TSS_1414_storz_regulondb,0.034482758620689655,28,28,GGGCTGCAAGCGGCACTCTT,0,38046
TSS_1414_storz_regulondb,0.034482758620689655,28,28,GGCGCGCGAAATTAAGCGTG,0,36807
TSS_1414_storz_regulondb,0.034482758620689655,28,28,GGATCCTTTCTTAAGCTCGG,0,13296
TSS_1414_storz_regulondb,0.034482758620689655,28,28,GGATCAAGGCGAGAACTGCT,0,34846
TSS_1414_storz_regulondb,0.034482758620689655,28,28,GGAGGCACTCTAAGGCTCTG,0,19719
TSS_1414_storz_regulondb,0.034482758620689655,28,28,GGAGCTTGCATGTCAATTAC,0,25953
TSS_1414_storz_regulondb,0.034482758620689655,28,28,GGAACCGCGCGCTCCGATAA,0,2952
TSS_1414_storz_regulondb,0.034482758620689655,28,28,GCTCTGCCGGTGTGCGGTAT,0,32167
TSS_1414_storz_regulondb,0.034482758620689655,28,28,GCTATCTTGTCTATGCAGAG,0,26956
TSS_1414_storz_regulondb,0.034482758620689655,28,28,GCGGAGCCAACCCCTAGCTA,0,46070
TSS_1414_storz_regulondb,0.034482758620689655,28,28,GCGCGGCCTTGATCAATCAA,0,15209
TSS_1414_storz_regulondb,0.034482758620689655,28,28,GCGAAATTGAAATTCATTTA,0,66079
TSS_1414_storz_regulondb,0.034482758620689655,28,28,GCCCTACTTTAGGACTCTAC,0,13830
TSS_1414_storz_regulondb,0.034482758620689655,28,28,GATGAAGGACGCACCGGATG,0,37822
TSS_1414_storz_regulondb,0.034482758620689655,28,28,GATACAACGCCTAGGCGTCC,0,11910
TSS_1414_storz_regulondb,0.034482758620689655,28,28,GAGTGGCCCGCTATCATCTT,0,60036
TSS_1414_storz_regulondb,0.034482758620689655,28,28,GACTACGTCTCAGTATTTAA,0,69881
TSS_1414_storz_regulondb,0.034482758620689655,28,28,GACCAAATCACAAGGGAGTC,0,25680
TSS_1414_storz_regulondb,0.034482758620689655,28,28,GAATTCCAAACAGGTTCTAC,0,16894
TSS_1414_storz_regulondb,0.034482758620689655,28,28,GAACGTGGCGAATCGTAAGA,0,6604
TSS_1414_storz_regulondb,0.034482758620689655,28,28,GAAACGCTCGCCGGGTCGTA,0,65994
TSS_1414_storz_regulondb,0.034482758620689655,28,28,CTTTCGTGAGACGGCACTGA,0,6149
TSS_1414_storz_regulondb,0.034482758620689655,28,28,CTGAGGCACTCTTGCTTAGG,0,911
TSS_1414_storz_regulondb,0.034482758620689655,28,28,CTAGGTTAATTGTATCCAAG,0,77834
TSS_1414_storz_regulondb,0.034482758620689655,28,28,CTACAAGATACAAAAAGGAT,0,73689
TSS_1414_storz_regulondb,0.034482758620689655,28,28,CGTTTCAGTAGGGTTCCGCT,0,77338
TSS_1414_storz_regulondb,0.034482758620689655,28,28,CGTGAGTAATGAGTAGTTTA,0,15734
TSS_1414_storz_regulondb,0.034482758620689655,28,28,CGTGACGCAGACTAAGCACG,0,29724
TSS_1414_storz_regulondb,0.034482758620689655,28,28,CGGTCTCGCTTTTTCTAGCA,0,12871
TSS_1414_storz_regulondb,0.034482758620689655,28,28,CGGGCTCGCTAGGACCAAGT,0,34013
TSS_1414_storz_regulondb,0.034482758620689655,28,28,CGGAGTCATTTGATAAACAT,0,60962
TSS_1414_storz_regulondb,0.034482758620689655,28,28,CGCAGTACTTTATATGCCGG,0,6375
TSS_1414_storz_regulondb,0.034482758620689655,28,28,CCTAGCCGATCCTTTTTAAA,0,54482
TSS_1414_storz_regulondb,0.034482758620689655,28,28,CCGCACTGGATATCGTTTGA,0,39654
TSS_1414_storz_regulondb,0.034482758620689655,28,28,CCCGTGGCAATTAAGCTTAT,0,12162
TSS_1414_storz_regulondb,0.034482758620689655,28,28,CCCCTTAAGGTAAGTTCATA,0,67054
TSS_1414_storz_regulondb,0.034482758620689655,28,28,CATTTAGCAGAAGTGTACAA,0,19236
TSS_1414_storz_regulondb,0.034482758620689655,28,28,CATGTCGTCGCAGAGTGGAG,0,58613
TSS_1414_storz_regulondb,0.034482758620689655,28,28,CAATGCCCTATTCCCGTAAT,0,69886
TSS_1414_storz_regulondb,0.034482758620689655,28,28,CAACCGATCCTCGCTTGACT,0,36245
TSS_1414_storz_regulondb,0.034482758620689655,28,28,ATTTGGGCCGGATAGCCAAA,0,46634
TSS_1414_storz_regulondb,0.034482758620689655,28,28,ATCTTGTGTGGGACGATTTC,0,49349
TSS_1414_storz_regulondb,0.034482758620689655,28,28,ATCTCCGCGCCCGTGCGGAT,0,34301
TSS_1414_storz_regulondb,0.034482758620689655,28,28,ATCAACGACAACCACCGGAA,0,1349
TSS_1414_storz_regulondb,0.034482758620689655,28,28,AGTGAAGGGTGAAAGACCGG,0,78585
TSS_1414_storz_regulondb,0.034482758620689655,28,28,AGTACTGGGCGCCAAATAAC,0,20361
TSS_1414_storz_regulondb,0.034482758620689655,28,28,AGGTGGACGTTTCGCATTAG,0,71490
TSS_1414_storz_regulondb,0.034482758620689655,28,28,AGGGGGCGCCCTGCTAAGAA,0,68396
TSS_1414_storz_regulondb,0.034482758620689655,28,28,AGGGCAGTCGGATCACATGT,0,6259
TSS_1414_storz_regulondb,0.034482758620689655,28,28,AGGCGCGAACAGAAGGTTCT,0,18541
TSS_1414_storz_regulondb,0.034482758620689655,28,28,AGCCTCAGATTGGTCGCAAC,0,62865
TSS_1414_storz_regulondb,0.034482758620689655,28,28,AGCCCCAACCGAGCGAGTTG,0,16899
TSS_1414_storz_regulondb,0.034482758620689655,28,28,ACTTATATAAGGTCGCCCCA,0,3716
TSS_1414_storz_regulondb,0.034482758620689655,28,28,ACTTAATAGTTCACCTGAGT,0,20603
TSS_1414_storz_regulondb,0.034482758620689655,28,28,ACATGTAGCACTATTCTATA,0,16937
TSS_1414_storz_regulondb,0.034482758620689655,28,28,ACAGCAGCTCAGACTTCTCT,0,72635
TSS_1414_storz_regulondb,0.034482758620689655,28,28,ACAGCACAGGACCGAGGAAT,0,77407
TSS_1414_storz_regulondb,0.034482758620689655,28,28,ACAAGCTCCAGAGAGACGAA,0,34074
TSS_1414_storz_regulondb,0.034482758620689655,28,28,AATGAGCGGCTGGGTTTCTA,0,72102
TSS_1414_storz_regulondb,0.034482758620689655,28,28,AAGTCTGGGCAAGTTGTACG,0,16647
TSS_1414_storz_regulondb,0.034482758620689655,28,28,AAGACATTGTAACATAGGCC,0,64350
TSS_1414_storz_regulondb,0.034482758620689655,28,28,AAATAACCACGCAATCAATC,0,4262
TSS_1414_storz_regulondb,0.034482758620689655,28,28,AAAGCTAGTTGGTATGGCAT,0,36462
TSS_1414_storz_regulondb,0.03571428571428571,27,27,TTTCTGACATCATTTCCTGT,0,33792
TSS_1414_storz_regulondb,0.03571428571428571,27,27,TTGGCATCCAAAGGGTGTTG,0,60415
TSS_1414_storz_regulondb,0.03571428571428571,27,27,TTCGTTTGCCGGGGCATGCT,0,51724
TSS_1414_storz_regulondb,0.03571428571428571,27,27,TTATCTGGCTTTACCACGCG,0,69033
TSS_1414_storz_regulondb,0.03571428571428571,27,27,TTAGTTCGCGTCGAAACTGG,0,52235
TSS_1414_storz_regulondb,0.03571428571428571,27,27,TTAAATGTCATAGGTTGGTA,0,56349
TSS_1414_storz_regulondb,0.03571428571428571,27,27,TGTTTGTCTGCCAGCCTAAT,0,36793
TSS_1414_storz_regulondb,0.03571428571428571,27,27,TGTTCGGCCCTAGTAGCAGA,0,24341
TSS_1414_storz_regulondb,0.03571428571428571,27,27,TGTTCGGAGATGAGCCTTGA,0,80243
TSS_1414_storz_regulondb,0.03571428571428571,27,27,TGTGTAAGCAGCACACGCTT,0,46318
TSS_1414_storz_regulondb,0.03571428571428571,27,27,TGTGGATGAGCCCCAGAGAG,0,61249
TSS_1414_storz_regulondb,0.03571428571428571,27,27,TGTGCGCCAAACCGTGACGT,0,29073
TSS_1414_storz_regulondb,0.03571428571428571,27,27,TGTCCGGGTGGTTATGTCGG,0,1960
TSS_1414_storz_regulondb,0.03571428571428571,27,27,TGTAGCGCAACGAAGTACTT,0,31681
TSS_1414_storz_regulondb,0.03571428571428571,27,27,TGGTTTTTTTTCCCCGGAGC,0,34347
TSS_1414_storz_regulondb,0.03571428571428571,27,27,TGGCGCTTGCATACAGCCTA,0,58729
TSS_1414_storz_regulondb,0.03571428571428571,27,27,TGCATGCCGATGATTGTATT,0,78565
TSS_1414_storz_regulondb,0.03571428571428571,27,27,TGCAGTAAGTGTGCGGCACC,0,49479
TSS_1414_storz_regulondb,0.03571428571428571,27,27,TCTTTTTTAACCAATATTCC,0,26737
TSS_1414_storz_regulondb,0.03571428571428571,27,27,TCGGTAATATTCAGGATTCT,0,34721
TSS_1414_storz_regulondb,0.03571428571428571,27,27,TCGGCCACGAATCATGAAAG,0,13059
TSS_1414_storz_regulondb,0.03571428571428571,27,27,TCCTTTAGTGTGGGCAAAAC,0,19713
TSS_1414_storz_regulondb,0.03571428571428571,27,27,TCCGGCCGAACTTTCGCTCT,0,19238
TSS_1414_storz_regulondb,0.03571428571428571,27,27,TCCGCTAGGGCAAAAACCTA,0,70058
TSS_1414_storz_regulondb,0.03571428571428571,27,27,TAGGCCCCTCAATATGTCAT,0,40261
TSS_1414_storz_regulondb,0.03571428571428571,27,27,TAGCCCCAGAGTTTGCTTCA,0,59459
TSS_1414_storz_regulondb,0.03571428571428571,27,27,TACATGAGTTTTAAGGTCCT,0,3620
TSS_1414_storz_regulondb,0.03571428571428571,27,27,TAAAGTAGTCTCGCCTAGCA,0,15733
TSS_1414_storz_regulondb,0.03571428571428571,27,27,GTTACAGTCTCGGTCGTGTG,0,32021
TSS_1414_storz_regulondb,0.03571428571428571,27,27,GTGTGCTTATTCTATTTCCA,0,31726
TSS_1414_storz_regulondb,0.03571428571428571,27,27,GTCCTGTAACTATATTTGTA,0,30995
TSS_1414_storz_regulondb,0.03571428571428571,27,27,GTACGGAAACAGCCTAGCAT,0,15603
TSS_1414_storz_regulondb,0.03571428571428571,27,27,GTAATCGCCAAGTTCAAGTG,0,31354
TSS_1414_storz_regulondb,0.03571428571428571,27,27,GGTTAGTTGATGCTTGGAGT,0,47424
TSS_1414_storz_regulondb,0.03571428571428571,27,27,GGTTACCCGGCACAATTCCC,0,27852
TSS_1414_storz_regulondb,0.03571428571428571,27,27,GGTCATGTTGGTGCGCACAT,0,53960
TSS_1414_storz_regulondb,0.03571428571428571,27,27,GGGTGACGTGGCAGAGGTAG,0,36366
TSS_1414_storz_regulondb,0.03571428571428571,27,27,GGGTCAGAAACCGGCGTATC,0,7378
TSS_1414_storz_regulondb,0.03571428571428571,27,27,GGGCTCGCGAAGCTGATCCT,0,71740
TSS_1414_storz_regulondb,0.03571428571428571,27,27,GGGCACGGCGGCATGCCGAA,0,58468
TSS_1414_storz_regulondb,0.03571428571428571,27,27,GGCAGTCAGTCGTGCGCTAT,0,12807
TSS_1414_storz_regulondb,0.03571428571428571,27,27,GGCAACCTTCGCTACATAGA,0,37809
TSS_1414_storz_regulondb,0.03571428571428571,27,27,GGAGGGGCACGCTACGCACA,0,40300
TSS_1414_storz_regulondb,0.03571428571428571,27,27,GGAGCCAAACATGGCCTCTT,0,52257
TSS_1414_storz_regulondb,0.03571428571428571,27,27,GGAGAACTATCGTTCACATG,0,78194
TSS_1414_storz_regulondb,0.03571428571428571,27,27,GCGGAATCTTCTTGCCACGC,0,13145
TSS_1414_storz_regulondb,0.03571428571428571,27,27,GCCGCACTTCGCTTTCATTA,0,49694
TSS_1414_storz_regulondb,0.03571428571428571,27,27,GCCATCAAAGGCGGGTCTAA,0,24369
TSS_1414_storz_regulondb,0.03571428571428571,27,27,GCATGGAGCGTAAACGCACG,0,42407
TSS_1414_storz_regulondb,0.03571428571428571,27,27,GAGTCTGTAGGGACACGCGT,0,5857
TSS_1414_storz_regulondb,0.03571428571428571,27,27,GAGTCAGCAGTTGGTTCGGG,0,31420
TSS_1414_storz_regulondb,0.03571428571428571,27,27,GAGCAGCTGGCCATGGGCAT,0,42638
TSS_1414_storz_regulondb,0.03571428571428571,27,27,GACTGTATGCTTCGACACAC,0,55866
TSS_1414_storz_regulondb,0.03571428571428571,27,27,GACGGTGATCACATATACAT,0,25224
TSS_1414_storz_regulondb,0.03571428571428571,27,27,GACATCCTGTTTGAAATTGA,0,25813
TSS_1414_storz_regulondb,0.03571428571428571,27,27,GACACGACCGAGTAATGAAG,0,29223
TSS_1414_storz_regulondb,0.03571428571428571,27,27,GAATGTTCCGTCCTTAGGTA,0,26005
TSS_1414_storz_regulondb,0.03571428571428571,27,27,GAACCGGGAAGGAGCTAGAA,0,54543
TSS_1414_storz_regulondb,0.03571428571428571,27,27,GAAATGCTCGAGAGCTGCAT,0,41377
TSS_1414_storz_regulondb,0.03571428571428571,27,27,CTTCCTCGGGGACGGGCAGT,0,20765
TSS_1414_storz_regulondb,0.03571428571428571,27,27,CTGTCTTAAAACGTGGTAGT,0,16293
TSS_1414_storz_regulondb,0.03571428571428571,27,27,CTCCATTTAGTTCCTTGGGG,0,39678
TSS_1414_storz_regulondb,0.03571428571428571,27,27,CTCAACCTATAACAACACAT,0,57951
TSS_1414_storz_regulondb,0.03571428571428571,27,27,CTATAGGATGAAATGTTACT,0,44239
TSS_1414_storz_regulondb,0.03571428571428571,27,27,CTAGACTCTCATAAGCTTCG,0,60656
TSS_1414_storz_regulondb,0.03571428571428571,27,27,CGTTGGTGCGATTAAATCGT,0,55726
TSS_1414_storz_regulondb,0.03571428571428571,27,27,CGTTCTGCCCGATGAACAGT,0,35011
TSS_1414_storz_regulondb,0.03571428571428571,27,27,CGTACACGAATCCTCACGAT,0,28447
TSS_1414_storz_regulondb,0.03571428571428571,27,27,CGTAAAAGTTCCATCCCGGC,0,75082
TSS_1414_storz_regulondb,0.03571428571428571,27,27,CGGTAATGAATGATGAATCC,0,38979
TSS_1414_storz_regulondb,0.03571428571428571,27,27,CGCTTCCGTGTTTTCTACAC,0,21068
TSS_1414_storz_regulondb,0.03571428571428571,27,27,CGCCGAAATTTTCTGTGTAA,0,31733
TSS_1414_storz_regulondb,0.03571428571428571,27,27,CGATAGGGGTCGCTCAGTCA,0,7377
TSS_1414_storz_regulondb,0.03571428571428571,27,27,CGACTAGGGTCGGGACGTCA,0,22912
TSS_1414_storz_regulondb,0.03571428571428571,27,27,CCGGGACACATCATAGATAA,0,20043
TSS_1414_storz_regulondb,0.03571428571428571,27,27,CCGATGTAATCGCCTCTAAA,0,34733
TSS_1414_storz_regulondb,0.03571428571428571,27,27,CCGATCAGTAGCGTGGCTTG,0,21284
TSS_1414_storz_regulondb,0.03571428571428571,27,27,CCCGCGGGGAAGGAGGTCGT,0,58449
TSS_1414_storz_regulondb,0.03571428571428571,27,27,CCACTGTATCTCTCTTAGTA,0,76459
TSS_1414_storz_regulondb,0.03571428571428571,27,27,CCACCGTGTTTAAGGGGCTC,0,14990
TSS_1414_storz_regulondb,0.03571428571428571,27,27,CCAAACGGAGCTAAGCGCCG,0,35356
TSS_1414_storz_regulondb,0.03571428571428571,27,27,CATTTTTTGCCCCCTTGGCG,0,2804
TSS_1414_storz_regulondb,0.03571428571428571,27,27,CATTACATCAGGAAACGGAT,0,8950
TSS_1414_storz_regulondb,0.03571428571428571,27,27,CATCCTCCGCTGTATGGGAG,0,39252
TSS_1414_storz_regulondb,0.03571428571428571,27,27,CATAGGGCGTACCTGGACAA,0,14132
TSS_1414_storz_regulondb,0.03571428571428571,27,27,CAGTTTCTTCTTGGAGACAG,0,12014
TSS_1414_storz_regulondb,0.03571428571428571,27,27,CAGTCCTCTTAGCCACTATG,0,14457
TSS_1414_storz_regulondb,0.03571428571428571,27,27,CAGACCGATGGTAAGCCGTG,0,10910
TSS_1414_storz_regulondb,0.03571428571428571,27,27,CAATCCTGTATATCCCGAAG,0,4832
TSS_1414_storz_regulondb,0.03571428571428571,27,27,CAACCGCCTGACGATCCATA,0,24888
TSS_1414_storz_regulondb,0.03571428571428571,27,27,ATGGCTTGAAATAGGAAGCT,0,51356
TSS_1414_storz_regulondb,0.03571428571428571,27,27,ATCGCCTCCGGTAAGCCGTC,0,39201
TSS_1414_storz_regulondb,0.03571428571428571,27,27,ATAGTCCCCCGCAGAAACGT,0,71250
TSS_1414_storz_regulondb,0.03571428571428571,27,27,ATACGCGGCATACACATCTA,0,79403
TSS_1414_storz_regulondb,0.03571428571428571,27,27,ATACCACACCGGATGCATCT,0,50836
TSS_1414_storz_regulondb,0.03571428571428571,27,27,ATAAATTGCGTGCTTAGTGT,0,97
TSS_1414_storz_regulondb,0.03571428571428571,27,27,AGTCTCCTGAACAGGGGAAG,0,41499
TSS_1414_storz_regulondb,0.03571428571428571,27,27,AGTCGGTGTTGGTGTCTCGT,0,12217
TSS_1414_storz_regulondb,0.03571428571428571,27,27,AGTAAGTCCCCTGTTAAGTG,0,27519
TSS_1414_storz_regulondb,0.03571428571428571,27,27,AGGTTTTTCTCCACAAGGAG,0,9947
TSS_1414_storz_regulondb,0.03571428571428571,27,27,AGGTCAGGACTTCCTAAGAC,0,59032
TSS_1414_storz_regulondb,0.03571428571428571,27,27,AGGTAGGGATGCGCGCATTA,0,51533
TSS_1414_storz_regulondb,0.03571428571428571,27,27,AGGGGCAGGGACCGAACGCA,0,11563
TSS_1414_storz_regulondb,0.03571428571428571,27,27,AGGATTGTACCAAAATCAAT,0,14808
TSS_1414_storz_regulondb,0.03571428571428571,27,27,AGCCGGAAGCACCAGTATGT,0,34073
TSS_1414_storz_regulondb,0.03571428571428571,27,27,AGCCGCCAAAACCGAGCGTC,0,26156
TSS_1414_storz_regulondb,0.03571428571428571,27,27,AGAGCCACAGACAACTCCGC,0,53127
TSS_1414_storz_regulondb,0.03571428571428571,27,27,AGACTAGACTAGAAGTCAAC,0,71304
TSS_1414_storz_regulondb,0.03571428571428571,27,27,ACTCGTGGCATTGATCGGAC,0,25774
TSS_1414_storz_regulondb,0.03571428571428571,27,27,ACGGGTCGGAACCTGTCGTG,0,26305
TSS_1414_storz_regulondb,0.03571428571428571,27,27,ACGCGTACTCAGTGATAAAT,0,35939
TSS_1414_storz_regulondb,0.03571428571428571,27,27,ACGCACGAAATATGTGTTGA,0,73161
TSS_1414_storz_regulondb,0.03571428571428571,27,27,ACCTAAATTCAGGACTGAAC,0,53204
TSS_1414_storz_regulondb,0.03571428571428571,27,27,ACCGCCAGCTTTGCAAATAC,0,63780
TSS_1414_storz_regulondb,0.03571428571428571,27,27,ACATGTATGGTTTCGGAATT,0,53611
TSS_1414_storz_regulondb,0.03571428571428571,27,27,ACATAGAGTTCGACCGCTAA,0,68123
TSS_1414_storz_regulondb,0.03571428571428571,27,27,ACACGTGAATTACACTTCCC,0,1648
TSS_1414_storz_regulondb,0.03571428571428571,27,27,ACAATTAGATCCGGAAGCCG,0,29820
TSS_1414_storz_regulondb,0.03571428571428571,27,27,ACAAGTTCTATCACCCCCGA,0,46655
TSS_1414_storz_regulondb,0.03571428571428571,27,27,ACAAATCCTACTCTAGCTCT,0,2238
TSS_1414_storz_regulondb,0.03571428571428571,27,27,AATTTTCGGAAGCGACAGCA,0,33381
TSS_1414_storz_regulondb,0.03571428571428571,27,27,AAGGTTCGCGCCATTTAACA,0,77678
TSS_1414_storz_regulondb,0.03571428571428571,27,27,AAGGGATACTCATACAGTCT,0,28502
TSS_1414_storz_regulondb,0.03571428571428571,27,27,AACGCTGAGCGAAAAGGCAG,0,53873
TSS_1414_storz_regulondb,0.03571428571428571,27,27,AACGCCGTTGGACTCTGAAG,0,64884
TSS_1414_storz_regulondb,0.03571428571428571,27,27,AACCCCATAGGTCGAGAAAT,0,35101
TSS_1414_storz_regulondb,0.037037037037037035,26,26,TTTTAATTAGTGTGTCGTGA,0,8658
TSS_1414_storz_regulondb,0.037037037037037035,26,26,TTTTAAGACCACTGTATGTG,0,12756
TSS_1414_storz_regulondb,0.037037037037037035,26,26,TTTGACGGCCGAAAGCGTCG,0,53341
TSS_1414_storz_regulondb,0.037037037037037035,26,26,TTTAGGTTAATGGCGGGGCA,0,35661
TSS_1414_storz_regulondb,0.037037037037037035,26,26,TTGACCCGGGATGGTGTCAG,0,7488
TSS_1414_storz_regulondb,0.037037037037037035,26,26,TTCGTCCGATAGATTCAGTT,0,45665
TSS_1414_storz_regulondb,0.037037037037037035,26,26,TTATGGGCTCCCCATCAAGC,0,72840
TSS_1414_storz_regulondb,0.037037037037037035,26,26,TTAGGGATTCTCTGTATTGT,0,27943
TSS_1414_storz_regulondb,0.037037037037037035,26,26,TTACACGCTTATTAAGATTA,0,45652
TSS_1414_storz_regulondb,0.037037037037037035,26,26,TGTTTTTACTCACATTCGGA,0,16003
TSS_1414_storz_regulondb,0.037037037037037035,26,26,TGGTGCGCGGATCGGATTAT,0,51449
TSS_1414_storz_regulondb,0.037037037037037035,26,26,TGGTAACTGGCACAGTCTCT,0,45764
TSS_1414_storz_regulondb,0.037037037037037035,26,26,TGGGGGCTGACGCCGGGCAT,0,17127
TSS_1414_storz_regulondb,0.037037037037037035,26,26,TGGGCAAAACGCCGTGAGAC,0,73608
TSS_1414_storz_regulondb,0.037037037037037035,26,26,TGGCTGACCTTGGCGGCAGT,0,35767
TSS_1414_storz_regulondb,0.037037037037037035,26,26,TGCTCGTATAGATAAAGCAA,0,38150
TSS_1414_storz_regulondb,0.037037037037037035,26,26,TGAAGTCATCAAAAGACGTT,0,6877
TSS_1414_storz_regulondb,0.037037037037037035,26,26,TCTGGTTTGGAGCCCTTAGA,0,12545
TSS_1414_storz_regulondb,0.037037037037037035,26,26,TCGGGATTGCAGTTCGGTAT,0,30584
TSS_1414_storz_regulondb,0.037037037037037035,26,26,TCCGCATTCTTATTAGGAAT,0,927
TSS_1414_storz_regulondb,0.037037037037037035,26,26,TCCCGGTCGCAGTTGTGGGA,0,75548
TSS_1414_storz_regulondb,0.037037037037037035,26,26,TCCACGGCTGCTATCCAGAT,0,31206
TSS_1414_storz_regulondb,0.037037037037037035,26,26,TCAGACTACCGGCTGCCGGG,0,18456
TSS_1414_storz_regulondb,0.037037037037037035,26,26,TCAATCTCGCCTGCTAGTTA,0,39540
TSS_1414_storz_regulondb,0.037037037037037035,26,26,TATAACCGTAGGTTGATTAG,0,76890
TSS_1414_storz_regulondb,0.037037037037037035,26,26,TAGAGGGGGGAAATGTTGGG,0,52177
TSS_1414_storz_regulondb,0.037037037037037035,26,26,TACTTTCGCTCGACTGTTTT,0,26802
TSS_1414_storz_regulondb,0.037037037037037035,26,26,TACTTGTGCGTATGCAAGCA,0,32245
TSS_1414_storz_regulondb,0.037037037037037035,26,26,TAATGTGTGGAACGTCCGCA,0,19605
TSS_1414_storz_regulondb,0.037037037037037035,26,26,TAAGTTGTGATGGTAGGGGT,0,34415
TSS_1414_storz_regulondb,0.037037037037037035,26,26,TAAGTTACCAGACCTACGCG,0,77081
TSS_1414_storz_regulondb,0.037037037037037035,26,26,GTTTTTGTCGTCGCAGTTAC,0,56512
TSS_1414_storz_regulondb,0.037037037037037035,26,26,GTTTGGTCGTGTTGTTTATC,0,55283
TSS_1414_storz_regulondb,0.037037037037037035,26,26,GTTACACTATAACAATGGGA,0,54376
TSS_1414_storz_regulondb,0.037037037037037035,26,26,GTGGGGCAGTGGGGGGAGCT,0,1172
TSS_1414_storz_regulondb,0.037037037037037035,26,26,GTGGCACCATTGGGGACGCC,0,4737
TSS_1414_storz_regulondb,0.037037037037037035,26,26,GTGCGTTGAAGATTGGTCCA,0,56429
TSS_1414_storz_regulondb,0.037037037037037035,26,26,GTGCATACGTTATCAATTAA,0,55101
TSS_1414_storz_regulondb,0.037037037037037035,26,26,GTGATTGTACTCGTATAGTA,0,49540
TSS_1414_storz_regulondb,0.037037037037037035,26,26,GTCGGTTGCAAGTGCAGGTT,0,16153
TSS_1414_storz_regulondb,0.037037037037037035,26,26,GTCCTATTTTCTAGCTGTGC,0,59983
TSS_1414_storz_regulondb,0.037037037037037035,26,26,GTCCGGTTGGAAACCGCTCA,0,54229
TSS_1414_storz_regulondb,0.037037037037037035,26,26,GTCCGATAAGACCCTGAGCA,0,21334
TSS_1414_storz_regulondb,0.037037037037037035,26,26,GTCATTGCTATCGAACAGTC,0,22028
TSS_1414_storz_regulondb,0.037037037037037035,26,26,GTCAAAGCGCCCAGGGAGAT,0,74559
TSS_1414_storz_regulondb,0.037037037037037035,26,26,GTATAGTACCATCAAGGGAC,0,45647
TSS_1414_storz_regulondb,0.037037037037037035,26,26,GTAGACAAAACCTGTGTCCA,0,40620
TSS_1414_storz_regulondb,0.037037037037037035,26,26,GTAGAACAGACGTTTAAAAA,0,13954
TSS_1414_storz_regulondb,0.037037037037037035,26,26,GTACAATCAACGCGGTATTG,0,42681
TSS_1414_storz_regulondb,0.037037037037037035,26,26,GTAAGGGATGGCGGTCGGGC,0,49800
TSS_1414_storz_regulondb,0.037037037037037035,26,26,GGTACCACACTGTGTCGGTT,0,58031
TSS_1414_storz_regulondb,0.037037037037037035,26,26,GGGGTATTGATCGCCCCGGC,0,32862
TSS_1414_storz_regulondb,0.037037037037037035,26,26,GGGAGGTGACTCCACCGATA,0,26871
TSS_1414_storz_regulondb,0.037037037037037035,26,26,GGCGTAATAGTGTGAGTGGT,0,60766
TSS_1414_storz_regulondb,0.037037037037037035,26,26,GGCACCCTGCAACCAAGGTA,0,63360
TSS_1414_storz_regulondb,0.037037037037037035,26,26,GGAGTCCTGATGTTTTTCGA,0,58639
TSS_1414_storz_regulondb,0.037037037037037035,26,26,GGAGCGTGTGCGAATGCAGA,0,31854
TSS_1414_storz_regulondb,0.037037037037037035,26,26,GGACGTTATTCGTCCTGATA,0,22758
TSS_1414_storz_regulondb,0.037037037037037035,26,26,GCTATTCTTGACTAGGGAAC,0,17832
TSS_1414_storz_regulondb,0.037037037037037035,26,26,GCGGCCCGTAGTGCTGGGCT,0,59985
TSS_1414_storz_regulondb,0.037037037037037035,26,26,GCCTTAGTCGGGTCCCAGCT,0,22089
TSS_1414_storz_regulondb,0.037037037037037035,26,26,GCCGTAAAACGATGAAAAAA,0,7027
TSS_1414_storz_regulondb,0.037037037037037035,26,26,GCCGGAAGAGTGCCGAGGGG,0,25225
TSS_1414_storz_regulondb,0.037037037037037035,26,26,GCATACAGGGGGCGGGAAAG,0,78154
TSS_1414_storz_regulondb,0.037037037037037035,26,26,GCAGAACTGGTTGCAAGATA,0,31911
TSS_1414_storz_regulondb,0.037037037037037035,26,26,GCAACGCCGACTCCAAAGAC,0,6669
TSS_1414_storz_regulondb,0.037037037037037035,26,26,GATGGATCCTCCGGAGTGAA,0,57141
TSS_1414_storz_regulondb,0.037037037037037035,26,26,GAGACGCGTACCGAGCCCAT,0,26236
TSS_1414_storz_regulondb,0.037037037037037035,26,26,GACTGTTAAGGATCCAAATC,0,59151
TSS_1414_storz_regulondb,0.037037037037037035,26,26,GACTGTCGGAGGCTGGTGTT,0,21267
TSS_1414_storz_regulondb,0.037037037037037035,26,26,GACATTTCCGGGACTACTCT,0,59750
TSS_1414_storz_regulondb,0.037037037037037035,26,26,GAAGGCGCAAGAAACACGGG,0,37737
TSS_1414_storz_regulondb,0.037037037037037035,26,26,CTTTGGGCGGTCACCCTTTG,0,40736
TSS_1414_storz_regulondb,0.037037037037037035,26,26,CTTCTTCGATACAGGGGTGT,0,23346
TSS_1414_storz_regulondb,0.037037037037037035,26,26,CTTCCGAGAGAGCCTACATG,0,36180
TSS_1414_storz_regulondb,0.037037037037037035,26,26,CTGGTTCCAGTTAACCGTAA,0,10599
TSS_1414_storz_regulondb,0.037037037037037035,26,26,CTCCTCTGCGGGAGATATTA,0,24735
TSS_1414_storz_regulondb,0.037037037037037035,26,26,CTCATAGGGAGCGGAAATTT,0,77290
TSS_1414_storz_regulondb,0.037037037037037035,26,26,CTATATTCGACCCCCAAATA,0,8760
TSS_1414_storz_regulondb,0.037037037037037035,26,26,CTAAACACCAGCAGAAGGAA,0,20882
TSS_1414_storz_regulondb,0.037037037037037035,26,26,CGTGTAACGAGGCGTCTGTA,0,16250
TSS_1414_storz_regulondb,0.037037037037037035,26,26,CGTGATTAGCTCTACTCCCG,0,51375
TSS_1414_storz_regulondb,0.037037037037037035,26,26,CGGTGACTGCTGTCTTGGTC,0,47731
TSS_1414_storz_regulondb,0.037037037037037035,26,26,CGGGCAGATACAAGACCGGT,0,10686
TSS_1414_storz_regulondb,0.037037037037037035,26,26,CGGAGTAACTGTCTCGATAT,0,25167
TSS_1414_storz_regulondb,0.037037037037037035,26,26,CGGACATGCAAGCTCGCATA,0,996
TSS_1414_storz_regulondb,0.037037037037037035,26,26,CGCGGTAGGGAAGGGCTGCA,0,22566
TSS_1414_storz_regulondb,0.037037037037037035,26,26,CGCCCCTCCACCTAACTGCT,0,32144
TSS_1414_storz_regulondb,0.037037037037037035,26,26,CGCATTAAAGGGCCTACCCA,0,60468
TSS_1414_storz_regulondb,0.037037037037037035,26,26,CGCAATAACAGGGTGCGGAA,0,48619
TSS_1414_storz_regulondb,0.037037037037037035,26,26,CGATGTGACCTTGTTCCCCC,0,23128
TSS_1414_storz_regulondb,0.037037037037037035,26,26,CGAGCAACTCGCATGACTGC,0,48430
TSS_1414_storz_regulondb,0.037037037037037035,26,26,CGAAACATCCATGATGGGTC,0,76674
TSS_1414_storz_regulondb,0.037037037037037035,26,26,CCTATGGATGTTAGGTACAT,0,57462
TSS_1414_storz_regulondb,0.037037037037037035,26,26,CCTAAGGTGAAAGGACACCC,0,60205
TSS_1414_storz_regulondb,0.037037037037037035,26,26,CCGTCGTTTTCAAGGCGCTT,0,6426
TSS_1414_storz_regulondb,0.037037037037037035,26,26,CCGTACGCCTCCGCTGCTAG,0,39851
TSS_1414_storz_regulondb,0.037037037037037035,26,26,CCGACAGCGGTACAGCTGTG,0,22024
TSS_1414_storz_regulondb,0.037037037037037035,26,26,CCCTTGCACAAGGCGAGTAT,0,74407
TSS_1414_storz_regulondb,0.037037037037037035,26,26,CCCTATGACTCGTTGTGTCA,0,9237
TSS_1414_storz_regulondb,0.037037037037037035,26,26,CCCGAAACCGGTCTCAGCTT,0,20187
TSS_1414_storz_regulondb,0.037037037037037035,26,26,CCCCGCGGCTTGCACGCGAT,0,72957
TSS_1414_storz_regulondb,0.037037037037037035,26,26,CCCAAGACAAGAACAATACT,0,73934
TSS_1414_storz_regulondb,0.037037037037037035,26,26,CCATCCAGGGCATCAAGGCA,0,10248
TSS_1414_storz_regulondb,0.037037037037037035,26,26,CCAGCGCGGGTTTCTAGCGT,0,50166
TSS_1414_storz_regulondb,0.037037037037037035,26,26,CATGGCTAGTCTATCGGGCG,0,24343
TSS_1414_storz_regulondb,0.037037037037037035,26,26,CAGACAGTGACTGCATTGTA,0,77758
TSS_1414_storz_regulondb,0.037037037037037035,26,26,CACTTCTCAGCAAAGTGTTT,0,16305
TSS_1414_storz_regulondb,0.037037037037037035,26,26,CACCTAGCTGGAGGACGTTT,0,31682
TSS_1414_storz_regulondb,0.037037037037037035,26,26,CAACGTTACGTAAAGTCCTT,0,73410
TSS_1414_storz_regulondb,0.037037037037037035,26,26,ATTGGATCTTAGCGATTGGC,0,8824
TSS_1414_storz_regulondb,0.037037037037037035,26,26,ATTAGGGCGGCACTCCTTAC,0,58027
TSS_1414_storz_regulondb,0.037037037037037035,26,26,ATGTACAATGAAGGACGGCT,0,50828
TSS_1414_storz_regulondb,0.037037037037037035,26,26,ATGGCGGGGGGGACTCGTGT,0,71707
TSS_1414_storz_regulondb,0.037037037037037035,26,26,ATGGACCCGAGCATGTATTG,0,17536
TSS_1414_storz_regulondb,0.037037037037037035,26,26,ATCTGGAGGGACTGACGTCT,0,54292
TSS_1414_storz_regulondb,0.037037037037037035,26,26,ATCGGTGTTCTTTATGGGGG,0,11974
TSS_1414_storz_regulondb,0.037037037037037035,26,26,ATCGCAGAGGGGTATACGCA,0,1024
TSS_1414_storz_regulondb,0.037037037037037035,26,26,ATATAGTGACTTGCCGTTGT,0,15596
TSS_1414_storz_regulondb,0.037037037037037035,26,26,ATACTATACCTCGTTTAAAG,0,13389
TSS_1414_storz_regulondb,0.037037037037037035,26,26,AGTGCTAACTCTTTCGAACG,0,60693
TSS_1414_storz_regulondb,0.037037037037037035,26,26,AGTCTAAATAGGGGTGAAGC,0,66996
TSS_1414_storz_regulondb,0.037037037037037035,26,26,AGGGTGGGTATTATCGGGAC,0,10058
TSS_1414_storz_regulondb,0.037037037037037035,26,26,AGGGTCATTCGGCAACACCA,0,5245
TSS_1414_storz_regulondb,0.037037037037037035,26,26,AGGGGGCGGGACCTGACCAG,0,71742
TSS_1414_storz_regulondb,0.037037037037037035,26,26,AGCTCGCGTTAAGTGCTCAT,0,4426
TSS_1414_storz_regulondb,0.037037037037037035,26,26,AGCTCAGATGGCGTCGTCGT,0,7485
TSS_1414_storz_regulondb,0.037037037037037035,26,26,AGCCTAATACACCTGCACTT,0,60486
TSS_1414_storz_regulondb,0.037037037037037035,26,26,AGCAAAAAGCCCCGGGGTCA,0,51917
TSS_1414_storz_regulondb,0.037037037037037035,26,26,AGAGTAAATGGAGTCCCATT,0,72748
TSS_1414_storz_regulondb,0.037037037037037035,26,26,AGACACCAAGCAGGGATCTG,0,68674
TSS_1414_storz_regulondb,0.037037037037037035,26,26,ACTGTTTTTAGATCCTTTTT,0,38985
TSS_1414_storz_regulondb,0.037037037037037035,26,26,ACTGATTGGTGGGGCACGGA,0,17936
TSS_1414_storz_regulondb,0.037037037037037035,26,26,ACGGGAAGCGTTTTGGACCA,0,73373
TSS_1414_storz_regulondb,0.037037037037037035,26,26,ACGGATGGGATTTAAGACCA,0,62921
TSS_1414_storz_regulondb,0.037037037037037035,26,26,ACCTGCTGTTGGCTCTGAAG,0,53214
TSS_1414_storz_regulondb,0.037037037037037035,26,26,ACCAAATGGTGGGAAGTACG,0,31904
TSS_1414_storz_regulondb,0.037037037037037035,26,26,ACCAAACTGGGGCGCGCTGG,0,47132
TSS_1414_storz_regulondb,0.037037037037037035,26,26,ACATACGGTTGATACGGGTT,0,41162
TSS_1414_storz_regulondb,0.037037037037037035,26,26,AATTCACTGCTCGAGCGTAC,0,73958
TSS_1414_storz_regulondb,0.037037037037037035,26,26,AATGCTAAGTTAAAAGTCAC,0,9716
TSS_1414_storz_regulondb,0.037037037037037035,26,26,AATGCATGTTGCTTATGGTA,0,44238
TSS_1414_storz_regulondb,0.037037037037037035,26,26,AAGTAAGTGATCGCCTATCA,0,8077
TSS_1414_storz_regulondb,0.037037037037037035,26,26,AACCCCGTCGTAGGGATTAA,0,55353
TSS_1414_storz_regulondb,0.037037037037037035,26,26,AACACTACCAGAGATTGGCT,0,1381
TSS_1414_storz_regulondb,0.037037037037037035,26,26,AAAGACATATAAGTCGTGGT,0,37437
TSS_1414_storz_regulondb,0.037037037037037035,26,26,AAAAACGCCTCAGGATGGCT,0,58444
TSS_1414_storz_regulondb,0.038461538461538464,25,25,TTTATTCACCTTTATGCCCT,0,35388
TSS_1414_storz_regulondb,0.038461538461538464,25,25,TTGTGACATCGCGATGAAGA,0,14322
TSS_1414_storz_regulondb,0.038461538461538464,25,25,TTGTCAAGAGCGTCTCATTT,0,2953
TSS_1414_storz_regulondb,0.038461538461538464,25,25,TTGGAACTAGCTTGGGCAGG,0,10602
TSS_1414_storz_regulondb,0.038461538461538464,25,25,TTGAGGGGCTTTACACCGGT,0,67705
TSS_1414_storz_regulondb,0.038461538461538464,25,25,TTCTAGTCTGGACATGCTAT,0,57222
TSS_1414_storz_regulondb,0.038461538461538464,25,25,TTCGGCGCGAAGAGCAGTCT,0,60185
TSS_1414_storz_regulondb,0.038461538461538464,25,25,TTCAGTGTGCAGACGTAAGC,0,76118
TSS_1414_storz_regulondb,0.038461538461538464,25,25,TTAGAGTGCAATCGCGTATA,0,29241
TSS_1414_storz_regulondb,0.038461538461538464,25,25,TTACAGGGCGAACACGACAG,0,37959
TSS_1414_storz_regulondb,0.038461538461538464,25,25,TTAAGGGAACATTAATCCGT,0,33528
TSS_1414_storz_regulondb,0.038461538461538464,25,25,TGTTTATCACAAAACGACAC,0,45114
TSS_1414_storz_regulondb,0.038461538461538464,25,25,TGGTGGTGTGCGGGTCTCGT,0,7647
TSS_1414_storz_regulondb,0.038461538461538464,25,25,TGGGGGATATGCTTCGGTGT,0,54559
TSS_1414_storz_regulondb,0.038461538461538464,25,25,TGGATCGTTGTGCCCGTACC,0,60941
TSS_1414_storz_regulondb,0.038461538461538464,25,25,TGCGGCACTTATGTTATGAT,0,45656
TSS_1414_storz_regulondb,0.038461538461538464,25,25,TGCGCTCATAGCGAGTATTG,0,54283
TSS_1414_storz_regulondb,0.038461538461538464,25,25,TGAGAGGTAGTCCGCCGATC,0,39611
TSS_1414_storz_regulondb,0.038461538461538464,25,25,TCTGTTTGCCTAGCGTGCCC,0,50868
TSS_1414_storz_regulondb,0.038461538461538464,25,25,TCTGCATAGATGAACCGTGG,0,13245
TSS_1414_storz_regulondb,0.038461538461538464,25,25,TCTATAGTTGACGTCTGTCG,0,37014
TSS_1414_storz_regulondb,0.038461538461538464,25,25,TCGTAAGACTGTTAGGTTCA,0,8441
TSS_1414_storz_regulondb,0.038461538461538464,25,25,TCGGTAAAGCGGCGAGAGTA,0,60918
TSS_1414_storz_regulondb,0.038461538461538464,25,25,TCGGGAGCATACGCGGGCAT,0,74189
TSS_1414_storz_regulondb,0.038461538461538464,25,25,TCGCTACTTGTATAGCCGGA,0,28689
TSS_1414_storz_regulondb,0.038461538461538464,25,25,TCGCGAGCAAGCCCCAGGCT,0,56250
TSS_1414_storz_regulondb,0.038461538461538464,25,25,TCGAGTTTACCGCGCGTCAG,0,41141
TSS_1414_storz_regulondb,0.038461538461538464,25,25,TCCCCCTTTAACTCTCGTAT,0,57362
TSS_1414_storz_regulondb,0.038461538461538464,25,25,TCCCCAAGTCCACTATTTAT,0,80890
TSS_1414_storz_regulondb,0.038461538461538464,25,25,TCCACAGGAAGGTCAACTAC,0,69243
TSS_1414_storz_regulondb,0.038461538461538464,25,25,TCATGCGGTTCCAGTGGTGC,0,53875
TSS_1414_storz_regulondb,0.038461538461538464,25,25,TCATGAGCTGACACAAGGTG,0,9735
TSS_1414_storz_regulondb,0.038461538461538464,25,25,TCAGTCAGTCAACCCGGGAT,0,54130
TSS_1414_storz_regulondb,0.038461538461538464,25,25,TCAGAAGAACAGGACCACCT,0,30623
TSS_1414_storz_regulondb,0.038461538461538464,25,25,TCACCCGGTGTCATGCGCTC,0,17698
TSS_1414_storz_regulondb,0.038461538461538464,25,25,TCAAAGTTCCGTTATAAGAC,0,15107
TSS_1414_storz_regulondb,0.038461538461538464,25,25,TATGACGCGCGTCCTCCACT,0,72214
TSS_1414_storz_regulondb,0.038461538461538464,25,25,TATCCAGCTTGATCGTGTCT,0,43700
TSS_1414_storz_regulondb,0.038461538461538464,25,25,TAGCTTTGCAACCTCAAGGA,0,11642
TSS_1414_storz_regulondb,0.038461538461538464,25,25,TACTCTACGGAATGGTAATA,0,77406
TSS_1414_storz_regulondb,0.038461538461538464,25,25,TACACCGGGCCAGTTGGTAC,0,33660
TSS_1414_storz_regulondb,0.038461538461538464,25,25,TACACAACGCGTGGTGGGTC,0,9123
TSS_1414_storz_regulondb,0.038461538461538464,25,25,TAACCAGACTCGTACAGTGA,0,23708
TSS_1414_storz_regulondb,0.038461538461538464,25,25,GTTCACGACTCGCGCGGTTC,0,5924
TSS_1414_storz_regulondb,0.038461538461538464,25,25,GTTATATCTGGCGATACCGT,0,13384
TSS_1414_storz_regulondb,0.038461538461538464,25,25,GTTAGTCACAGTAATCCTAT,0,39387
TSS_1414_storz_regulondb,0.038461538461538464,25,25,GTGGACGATAGTCGATTAAT,0,7021
TSS_1414_storz_regulondb,0.038461538461538464,25,25,GTCGTTCTAGTACGAGTGGA,0,34933
TSS_1414_storz_regulondb,0.038461538461538464,25,25,GTAACCGATTATAGCCCGGC,0,52329
TSS_1414_storz_regulondb,0.038461538461538464,25,25,GGTTGTGCGGTGCTTCGCAG,0,79834
TSS_1414_storz_regulondb,0.038461538461538464,25,25,GGGTCATAACCGAATTAGGG,0,46926
TSS_1414_storz_regulondb,0.038461538461538464,25,25,GGGGCCGTGCGGCCAAACAC,0,30140
TSS_1414_storz_regulondb,0.038461538461538464,25,25,GGGGCCAGTCTTCTGAGGCA,0,20677
TSS_1414_storz_regulondb,0.038461538461538464,25,25,GGCTACGCCTACGAGGCGTA,0,7008
TSS_1414_storz_regulondb,0.038461538461538464,25,25,GGCAGGGATCTCGGCACGGT,0,62388
TSS_1414_storz_regulondb,0.038461538461538464,25,25,GGACCAGTTGTAGGAATTCT,0,20590
TSS_1414_storz_regulondb,0.038461538461538464,25,25,GGAAAGGCAGGGGTATTTAA,0,79655
TSS_1414_storz_regulondb,0.038461538461538464,25,25,GCTGTCGGGCCTGCACCAGT,0,52874
TSS_1414_storz_regulondb,0.038461538461538464,25,25,GCGTTCTGTTTCAATTGGCC,0,56289
TSS_1414_storz_regulondb,0.038461538461538464,25,25,GCGGTGTCTGGCAGCGCTGT,0,3500
TSS_1414_storz_regulondb,0.038461538461538464,25,25,GCATGTCCGGTAGTATCGGC,0,21363
TSS_1414_storz_regulondb,0.038461538461538464,25,25,GCACGGGCGTAGCAGTGCTA,0,3453
TSS_1414_storz_regulondb,0.038461538461538464,25,25,GCACACAAGTCTAGAGCAAC,0,35891
TSS_1414_storz_regulondb,0.038461538461538464,25,25,GCAAACCTGGGGCTCGATTA,0,31655
TSS_1414_storz_regulondb,0.038461538461538464,25,25,GAGTATCTCAGTGAGGGTAC,0,27566
TSS_1414_storz_regulondb,0.038461538461538464,25,25,GAGCAAGAAATGTCATAACT,0,4494
TSS_1414_storz_regulondb,0.038461538461538464,25,25,GACCAAACAAGAGCTCCCGT,0,6041
TSS_1414_storz_regulondb,0.038461538461538464,25,25,GAACCTCGCTGTAAGATATA,0,34769
TSS_1414_storz_regulondb,0.038461538461538464,25,25,CTTTGCGCCTCTTAACGATG,0,47743
TSS_1414_storz_regulondb,0.038461538461538464,25,25,CTTGAGATCATTGTTAACGG,0,61744
TSS_1414_storz_regulondb,0.038461538461538464,25,25,CTTCTAGCCTAAGTACGGTG,0,19356
TSS_1414_storz_regulondb,0.038461538461538464,25,25,CTGTACTTCTCATAGAGTCC,0,21828
TSS_1414_storz_regulondb,0.038461538461538464,25,25,CTGCACCACAGCCGCAGGGG,0,29136
TSS_1414_storz_regulondb,0.038461538461538464,25,25,CTCTTCCGGTGTTCGGTGAG,0,25248
TSS_1414_storz_regulondb,0.038461538461538464,25,25,CTCGATTGTGTTTATTGCAG,0,71390
TSS_1414_storz_regulondb,0.038461538461538464,25,25,CTCCGTGGAAACTAGGTTAT,0,4428
TSS_1414_storz_regulondb,0.038461538461538464,25,25,CTCATGCTGCACGGTACACC,0,41934
TSS_1414_storz_regulondb,0.038461538461538464,25,25,CTAGTCCGTGAGATGAAGGA,0,52025
TSS_1414_storz_regulondb,0.038461538461538464,25,25,CTAGGCCGGGCCAATTGTTC,0,20357
TSS_1414_storz_regulondb,0.038461538461538464,25,25,CTAACCGAGATCAATTTTAT,0,15786
TSS_1414_storz_regulondb,0.038461538461538464,25,25,CGTTAACCTAAGTGGGTAAG,0,43176
TSS_1414_storz_regulondb,0.038461538461538464,25,25,CGTCTATCCTGGGTGGGCCT,0,2986
TSS_1414_storz_regulondb,0.038461538461538464,25,25,CGGTTCCTTTGCAAAGGCCT,0,38848
TSS_1414_storz_regulondb,0.038461538461538464,25,25,CGGTCTTGCCCGGCGGACAT,0,59848
TSS_1414_storz_regulondb,0.038461538461538464,25,25,CGGACGGGTTTAGGTATGAC,0,77838
TSS_1414_storz_regulondb,0.038461538461538464,25,25,CGCTGTAATTGCTTGTTCTA,0,19600
TSS_1414_storz_regulondb,0.038461538461538464,25,25,CGCTGGGGTGTTTCGCAAAA,0,66304
TSS_1414_storz_regulondb,0.038461538461538464,25,25,CGCTCAAGCTGTATAACAAT,0,66992
TSS_1414_storz_regulondb,0.038461538461538464,25,25,CGAGAGACTACCGATCGCCT,0,32109
TSS_1414_storz_regulondb,0.038461538461538464,25,25,CGAAGTCGGCTCGAGTCAGG,0,44360
TSS_1414_storz_regulondb,0.038461538461538464,25,25,CCTCGAAGAATTTACCGCCC,0,212
TSS_1414_storz_regulondb,0.038461538461538464,25,25,CCTCCGGGTGTCAAAAATGC,0,53770
TSS_1414_storz_regulondb,0.038461538461538464,25,25,CCGTTTGAGGGAGCTTGTCA,0,26489
TSS_1414_storz_regulondb,0.038461538461538464,25,25,CCGCAGCCGCCTCGAGTTAC,0,2956
TSS_1414_storz_regulondb,0.038461538461538464,25,25,CCCCAGCTTTAGCGTTAAAC,0,50932
TSS_1414_storz_regulondb,0.038461538461538464,25,25,CCAGGTCGGATTAGTTCAAA,0,1000
TSS_1414_storz_regulondb,0.038461538461538464,25,25,CCACGCGCTTCGTTCGCGTG,0,67642
TSS_1414_storz_regulondb,0.038461538461538464,25,25,CCAATAGGGCTGAGCCAGAT,0,60529
TSS_1414_storz_regulondb,0.038461538461538464,25,25,CCAAGACTGTCGGTGGACGG,0,37554
TSS_1414_storz_regulondb,0.038461538461538464,25,25,CCAACCGACTACACTGCGTT,0,31358
TSS_1414_storz_regulondb,0.038461538461538464,25,25,CCAAATTGACTGGGTCTTTG,0,10543
TSS_1414_storz_regulondb,0.038461538461538464,25,25,CATTTGTCGCGCAGTTTGTT,0,31422
TSS_1414_storz_regulondb,0.038461538461538464,25,25,CATCTTGGCTTTTAGCGGCT,0,40528
TSS_1414_storz_regulondb,0.038461538461538464,25,25,CATAGTCCACATGGTGCTAT,0,46990
TSS_1414_storz_regulondb,0.038461538461538464,25,25,CATACGTGGAACGAAAACGA,0,25877
TSS_1414_storz_regulondb,0.038461538461538464,25,25,CAGTGCCCGCCTCACGCACC,0,1429
TSS_1414_storz_regulondb,0.038461538461538464,25,25,CAGGGCTAGTATAACGAAAT,0,14938
TSS_1414_storz_regulondb,0.038461538461538464,25,25,CAGCAGATCGCACTAACCTG,0,37253
TSS_1414_storz_regulondb,0.038461538461538464,25,25,CAGATCGCTAGTCTTTGTCA,0,1837
TSS_1414_storz_regulondb,0.038461538461538464,25,25,CAGAAGCGTGAAGTGCGAGT,0,30295
TSS_1414_storz_regulondb,0.038461538461538464,25,25,CACGGCGTCATATATCTTAT,0,25558
TSS_1414_storz_regulondb,0.038461538461538464,25,25,CACCCGACTAACAAGATAAA,0,21040
TSS_1414_storz_regulondb,0.038461538461538464,25,25,CACAATTATTGGATGGGTCT,0,58026
TSS_1414_storz_regulondb,0.038461538461538464,25,25,CAAGGCATCGCTGGCCAGGG,0,48782
TSS_1414_storz_regulondb,0.038461538461538464,25,25,CAAGCGACCCACAGCATTTT,0,38186
TSS_1414_storz_regulondb,0.038461538461538464,25,25,CAACAGGGTTGTACGCCTCT,0,11387
TSS_1414_storz_regulondb,0.038461538461538464,25,25,CAAAGCGGATAGACTATGCG,0,71635
TSS_1414_storz_regulondb,0.038461538461538464,25,25,ATGTGCACAAAAACATCCCT,0,8826
TSS_1414_storz_regulondb,0.038461538461538464,25,25,ATCGACTTGGTGAATTGTTC,0,56267
TSS_1414_storz_regulondb,0.038461538461538464,25,25,ATCCCGCGACCCATTGGCGT,0,4844
TSS_1414_storz_regulondb,0.038461538461538464,25,25,ATCATGGCGCAGAACATCCT,0,52258
TSS_1414_storz_regulondb,0.038461538461538464,25,25,ATAGCAGACATGTAAGACTG,0,724
TSS_1414_storz_regulondb,0.038461538461538464,25,25,ATAGAGACGTCACGACCAGG,0,47012
TSS_1414_storz_regulondb,0.038461538461538464,25,25,ATACCCCCCCGTAAGGGCAT,0,51161
TSS_1414_storz_regulondb,0.038461538461538464,25,25,AGTAGCCTACCAATAAATGA,0,28591
TSS_1414_storz_regulondb,0.038461538461538464,25,25,AGCTGTTGAAGAAACATCAA,0,50485
TSS_1414_storz_regulondb,0.038461538461538464,25,25,AGCCTGTTCTTCACATTCTT,0,46840
TSS_1414_storz_regulondb,0.038461538461538464,25,25,AGCCTCCCACACGCCTGGGG,0,25246
TSS_1414_storz_regulondb,0.038461538461538464,25,25,AGCAAATGAGAGACTTATCA,0,6489
TSS_1414_storz_regulondb,0.038461538461538464,25,25,AGAGCCTGTCCAGTCGTACA,0,16573
TSS_1414_storz_regulondb,0.038461538461538464,25,25,ACTCTGGAAATTAAGCGCTG,0,37426
TSS_1414_storz_regulondb,0.038461538461538464,25,25,ACTCGTAGATGCGTTCGACA,0,63446
TSS_1414_storz_regulondb,0.038461538461538464,25,25,ACGGTTGCTCTGATGCGCCA,0,25159
TSS_1414_storz_regulondb,0.038461538461538464,25,25,ACGGTGATATGTAATATCAT,0,56199
TSS_1414_storz_regulondb,0.038461538461538464,25,25,ACGAGCACTCGACCGGCTTG,0,7820
TSS_1414_storz_regulondb,0.038461538461538464,25,25,ACGAACTGTACCTTACGATG,0,46524
TSS_1414_storz_regulondb,0.038461538461538464,25,25,ACCGCACAATTATGGGCCGA,0,55028
TSS_1414_storz_regulondb,0.038461538461538464,25,25,ACAGCGGCCCCGCAATAAAT,0,36347
TSS_1414_storz_regulondb,0.038461538461538464,25,25,AATTTCCCGGGCCGGCGAGC,0,42818
TSS_1414_storz_regulondb,0.038461538461538464,25,25,AATTCTCTGGGCTAAAACCA,0,10450
TSS_1414_storz_regulondb,0.038461538461538464,25,25,AATTAGGGCAACTGGTGTCC,0,71139
TSS_1414_storz_regulondb,0.038461538461538464,25,25,AATCGTAACTTGTATTTGTC,0,6036
TSS_1414_storz_regulondb,0.038461538461538464,25,25,AAGTACTCGTCGTAGCTTAA,0,30334
TSS_1414_storz_regulondb,0.038461538461538464,25,25,AACTTTGGCGCCGGGTGCAG,0,20441
TSS_1414_storz_regulondb,0.038461538461538464,25,25,AACGCAATATAACTGCAACA,0,62504
TSS_1414_storz_regulondb,0.038461538461538464,25,25,AACGACCTGGACGCCAACCA,0,28281
TSS_1414_storz_regulondb,0.038461538461538464,25,25,AACAATCCTGACTAGGCGTT,0,58980
TSS_1414_storz_regulondb,0.038461538461538464,25,25,AAATTAGTAAACTAAGGTAT,0,72547
TSS_1414_storz_regulondb,0.038461538461538464,25,25,AAAGACAGGGACAATGGGAC,0,10059
TSS_1414_storz_regulondb,0.04,24,24,TTTTGACCTAAACAAGGAGG,0,60246
TSS_1414_storz_regulondb,0.04,24,24,TTTCGCGGGCAGCCTAAATA,0,1777
TSS_1414_storz_regulondb,0.04,24,24,TTTATTCGCTCAATTAAGGA,0,48139
TSS_1414_storz_regulondb,0.04,24,24,TTTAGAAGTGAACAACTACA,0,16602
TSS_1414_storz_regulondb,0.04,24,24,TTGCCTCGCGGCGGGACTTG,0,17760
TSS_1414_storz_regulondb,0.04,24,24,TTCCTCTTATTGGGAAGCGA,0,8752
TSS_1414_storz_regulondb,0.04,24,24,TTATGGCGGGCGTCCTACCA,0,61034
TSS_1414_storz_regulondb,0.04,24,24,TTATCTCGACCAGTGGGCAA,0,11308
TSS_1414_storz_regulondb,0.04,24,24,TTACGCTACCTCTGGTGTGG,0,10835
TSS_1414_storz_regulondb,0.04,24,24,TGTTCGAGAAGACCAGTAAC,0,51492
TSS_1414_storz_regulondb,0.04,24,24,TGTTCCCGCAGTAACTCGCA,0,53719
TSS_1414_storz_regulondb,0.04,24,24,TGTTAACATCTTAGCTGGCA,0,6592
TSS_1414_storz_regulondb,0.04,24,24,TGGTTTAGCAGAGCCGCTTC,0,36817
TSS_1414_storz_regulondb,0.04,24,24,TGGTGGATTCGGTTACCGTT,0,68155
TSS_1414_storz_regulondb,0.04,24,24,TGGGATTGGAGGCAAATAGA,0,41728
TSS_1414_storz_regulondb,0.04,24,24,TGGAGGCCAGGGACGTTGTA,0,21659
TSS_1414_storz_regulondb,0.04,24,24,TGCGACGTTCACCCCCGTAA,0,56577
TSS_1414_storz_regulondb,0.04,24,24,TGCCTTTGCGCCGGGCGAAC,0,63280
TSS_1414_storz_regulondb,0.04,24,24,TGCAGCGCTGCTTCAAGTGG,0,32002
TSS_1414_storz_regulondb,0.04,24,24,TGCAATAATATTGTCGGCGG,0,55433
TSS_1414_storz_regulondb,0.04,24,24,TGAGATGGCGCGGACGCTGT,0,59478
TSS_1414_storz_regulondb,0.04,24,24,TGAATGAATATGGTTAAAAG,0,49823
TSS_1414_storz_regulondb,0.04,24,24,TCTGGTCCTTTTATAAGGCA,0,22418
TSS_1414_storz_regulondb,0.04,24,24,TCTGAGGTAGAGCAATTCCA,0,7767
TSS_1414_storz_regulondb,0.04,24,24,TCTGAAGTGGCCAGAGAAGC,0,68136
TSS_1414_storz_regulondb,0.04,24,24,TCGCTTGAGCATACAATCCC,0,913
TSS_1414_storz_regulondb,0.04,24,24,TCAGTGGATCGTAGACTTGT,0,52035
TSS_1414_storz_regulondb,0.04,24,24,TCAATTTAGGAAGAAACGGT,0,68560
TSS_1414_storz_regulondb,0.04,24,24,TCAAGGGCAAACTGGTACAT,0,46592
TSS_1414_storz_regulondb,0.04,24,24,TATTCGTGGTACACGTACCG,0,61303
TSS_1414_storz_regulondb,0.04,24,24,TATGGCCATATGCTAAACGG,0,493
TSS_1414_storz_regulondb,0.04,24,24,TATGCATTTAGGATCTGAGT,0,14745
TSS_1414_storz_regulondb,0.04,24,24,TATAATTCGCTATCGTCTAC,0,67376
TSS_1414_storz_regulondb,0.04,24,24,TAGGGATGCGCAATCACACT,0,51049
TSS_1414_storz_regulondb,0.04,24,24,TAATGCGGGTTCGATCCCGC,0,65551
TSS_1414_storz_regulondb,0.04,24,24,TAACGGGTAGCGGTAAGAGT,0,64284
TSS_1414_storz_regulondb,0.04,24,24,TAAAGTAACGCGGGTCTTTT,0,21756
TSS_1414_storz_regulondb,0.04,24,24,GTTGCTTGTAGGGTAGGTAT,0,69696
TSS_1414_storz_regulondb,0.04,24,24,GTTGCTATTCATCGACTGTT,0,48856
TSS_1414_storz_regulondb,0.04,24,24,GTTACCTATTGGTGTCGTAC,0,50693
TSS_1414_storz_regulondb,0.04,24,24,GTGTCCTGGCGGGATCATGT,0,856
TSS_1414_storz_regulondb,0.04,24,24,GTGGTATAACCTCACCGGTT,0,32376
TSS_1414_storz_regulondb,0.04,24,24,GTGGATTTTACAGGGTTATA,0,22904
TSS_1414_storz_regulondb,0.04,24,24,GTGCAAGATTTTCCTTCATT,0,15681
TSS_1414_storz_regulondb,0.04,24,24,GTCGAACTGTTCCCCAACAG,0,63501
TSS_1414_storz_regulondb,0.04,24,24,GTCAAGATCCGAAGGGTTAC,0,34691
TSS_1414_storz_regulondb,0.04,24,24,GTCAAGACACAATCTGAATC,0,19248
TSS_1414_storz_regulondb,0.04,24,24,GTATTGCCCCAAAGGTCAAA,0,53822
TSS_1414_storz_regulondb,0.04,24,24,GTATAGACCCAGATGCGGAT,0,20440
TSS_1414_storz_regulondb,0.04,24,24,GTAGGCGCTATGAGGCTGCA,0,4977
TSS_1414_storz_regulondb,0.04,24,24,GGTGTGCGTAAGCTACGTAC,0,23526
TSS_1414_storz_regulondb,0.04,24,24,GGTGGGTGTGGGAAGATGGT,0,39196
TSS_1414_storz_regulondb,0.04,24,24,GGTGCATGCATCCAGGGGTT,0,72215
TSS_1414_storz_regulondb,0.04,24,24,GGTATACGGGGCTTATTCGT,0,44301
TSS_1414_storz_regulondb,0.04,24,24,GGGTTGACAGAGCCATATGA,0,27894
TSS_1414_storz_regulondb,0.04,24,24,GGGGTTATGGCATCCGTTAA,0,36297
TSS_1414_storz_regulondb,0.04,24,24,GGGCTAGCTGCATTAGTCTG,0,80376
TSS_1414_storz_regulondb,0.04,24,24,GGGAACGAAGAACCGTTGTT,0,80930
TSS_1414_storz_regulondb,0.04,24,24,GGCTTACAATGTTCTTAAGT,0,52643
TSS_1414_storz_regulondb,0.04,24,24,GGCTATACGATGTCCGAGCA,0,54521
TSS_1414_storz_regulondb,0.04,24,24,GGCGCAACCATGAGAAGTTA,0,537
TSS_1414_storz_regulondb,0.04,24,24,GGCCTGACGAGGACATCTCG,0,73727
TSS_1414_storz_regulondb,0.04,24,24,GGCAGAAAAGCACCTAGACG,0,59749
TSS_1414_storz_regulondb,0.04,24,24,GGCACCATCTTATGCATTCT,0,27399
TSS_1414_storz_regulondb,0.04,24,24,GGAACATTACTCACGAGCTA,0,67022
TSS_1414_storz_regulondb,0.04,24,24,GCTTTATGGCGACTAAAACG,0,65921
TSS_1414_storz_regulondb,0.04,24,24,GCGTAGTCAAACCCTGTCTT,0,40522
TSS_1414_storz_regulondb,0.04,24,24,GCGTAACTTTCGGAACGAGT,0,61767
TSS_1414_storz_regulondb,0.04,24,24,GCGGAGCTATGGTTGGCAAA,0,40809
TSS_1414_storz_regulondb,0.04,24,24,GCGCGGCTTTCAACTGCGGT,0,30792
TSS_1414_storz_regulondb,0.04,24,24,GCGCGCCGTGAGATGCAGCT,0,37311
TSS_1414_storz_regulondb,0.04,24,24,GCGCCAGGCTTTCCAATTAA,0,15257
TSS_1414_storz_regulondb,0.04,24,24,GCGCAGTTTTCGTCACGATT,0,25613
TSS_1414_storz_regulondb,0.04,24,24,GCGAGTCATCTTTACGAACT,0,786
TSS_1414_storz_regulondb,0.04,24,24,GCGAGATAGAAAATGGGGCG,0,54282
TSS_1414_storz_regulondb,0.04,24,24,GCATTTACTTAGCCCGCGAA,0,4368
TSS_1414_storz_regulondb,0.04,24,24,GCACGTCCAGTCAGCCGGCA,0,1664
TSS_1414_storz_regulondb,0.04,24,24,GCACGAAGTAAGGAGGATCA,0,2432
TSS_1414_storz_regulondb,0.04,24,24,GCACAAAAGCTACGGCACAC,0,34236
TSS_1414_storz_regulondb,0.04,24,24,GATTCCTCTTGTAGGGCACT,0,26809
TSS_1414_storz_regulondb,0.04,24,24,GATCACACGACAATTGGATA,0,18296
TSS_1414_storz_regulondb,0.04,24,24,GATAACGTCGTATCGTGCAT,0,78743
TSS_1414_storz_regulondb,0.04,24,24,GAGTCAGGTAAGTCGTACTT,0,34797
TSS_1414_storz_regulondb,0.04,24,24,GAGGGCCGCTCGGCTCAAAT,0,17529
TSS_1414_storz_regulondb,0.04,24,24,GAGCTTCGGGCCTGCGCCTC,0,80878
TSS_1414_storz_regulondb,0.04,24,24,GAGAGACACTCAGCAGGTCG,0,36258
TSS_1414_storz_regulondb,0.04,24,24,GACTATACCGAAAGCATTCC,0,11580
TSS_1414_storz_regulondb,0.04,24,24,GACATCCTAGAATCGACACA,0,79983
TSS_1414_storz_regulondb,0.04,24,24,GAATTATTAGTGCAGGCCCG,0,27827
TSS_1414_storz_regulondb,0.04,24,24,CTTGCCACGTAGCTATATAG,0,52484
TSS_1414_storz_regulondb,0.04,24,24,CTCGTATCGTCAATAGCGGT,0,16576
TSS_1414_storz_regulondb,0.04,24,24,CTCCGAACGGTATGTTGATT,0,79709
TSS_1414_storz_regulondb,0.04,24,24,CTAGCCTACGCTTCCGGATT,0,17880
TSS_1414_storz_regulondb,0.04,24,24,CTACATTGCTACATTCTGAG,0,4365
TSS_1414_storz_regulondb,0.04,24,24,CTAACCACGTTAGGCTAATG,0,26843
TSS_1414_storz_regulondb,0.04,24,24,CTAACAAGTCTTCCCAAAGT,0,34966
TSS_1414_storz_regulondb,0.04,24,24,CGTTGATCCAAGGTCACCTT,0,33044
TSS_1414_storz_regulondb,0.04,24,24,CGTGTTTCGCACCTGTCAAT,0,74534
TSS_1414_storz_regulondb,0.04,24,24,CGTGGACGTGACGTTTCAAA,0,14662
TSS_1414_storz_regulondb,0.04,24,24,CGTCGGAACGATTCCAAAGT,0,26544
TSS_1414_storz_regulondb,0.04,24,24,CGGTTCTGGGCGCCCGTGAT,0,49692
TSS_1414_storz_regulondb,0.04,24,24,CGCTCGGCTGGGTTAATCCA,0,80254
TSS_1414_storz_regulondb,0.04,24,24,CGCGTGGTGTATACGAAGAG,0,13682
TSS_1414_storz_regulondb,0.04,24,24,CGCGTCCCAACCCAATTATC,0,19142
TSS_1414_storz_regulondb,0.04,24,24,CGCGGTTGTGGTCAAAAAGT,0,76950
TSS_1414_storz_regulondb,0.04,24,24,CGCGGGACGTACGTTGGGGT,0,67289
TSS_1414_storz_regulondb,0.04,24,24,CGCCTTGGCACTTTTACTTA,0,41045
TSS_1414_storz_regulondb,0.04,24,24,CGAAAACCTGTTGACGCGCC,0,10346
TSS_1414_storz_regulondb,0.04,24,24,CCTTCCGGGGCCTCTCGAGC,0,9269
TSS_1414_storz_regulondb,0.04,24,24,CCTGTTAACGCCGCAATCTC,0,51529
TSS_1414_storz_regulondb,0.04,24,24,CCTAGTAGAGGGACCCCTGG,0,33072
TSS_1414_storz_regulondb,0.04,24,24,CCGTAGACCTCTCGGGGCAT,0,39251
TSS_1414_storz_regulondb,0.04,24,24,CCGGAGGAGTGCCACTCACG,0,38751
TSS_1414_storz_regulondb,0.04,24,24,CCGCTGCGCCCGCTCCGATC,0,69797
TSS_1414_storz_regulondb,0.04,24,24,CCCAATTATGTCGTTGACGT,0,50874
TSS_1414_storz_regulondb,0.04,24,24,CCACGCCACACTAACGTTAT,0,28618
TSS_1414_storz_regulondb,0.04,24,24,CATCATAGTACCAAAAGAAA,0,2430
TSS_1414_storz_regulondb,0.04,24,24,CATACGTAAGGAATTCACGG,0,41677
TSS_1414_storz_regulondb,0.04,24,24,CAGTTTGCTGGAGTTGGTGG,0,10785
TSS_1414_storz_regulondb,0.04,24,24,CAGCAGGGCCTCGCCGGTGA,0,5311
TSS_1414_storz_regulondb,0.04,24,24,CAGAACGTGATGACGGGGTG,0,30852
TSS_1414_storz_regulondb,0.04,24,24,CACGAGGTACAACCCCAAGC,0,21224
TSS_1414_storz_regulondb,0.04,24,24,CACCCCTTGCGAGAGTCTGA,0,39855
TSS_1414_storz_regulondb,0.04,24,24,CACCCCCGGACGTGATCATT,0,19912
TSS_1414_storz_regulondb,0.04,24,24,CACCCAATAAAAATAGCGCA,0,47431
TSS_1414_storz_regulondb,0.04,24,24,CAATTCATGCCGGCATCTAT,0,29120
TSS_1414_storz_regulondb,0.04,24,24,CAAGGATGCCGATCGTTGCC,0,63889
TSS_1414_storz_regulondb,0.04,24,24,ATTCTAAAAGAGGGAGGCGG,0,20878
TSS_1414_storz_regulondb,0.04,24,24,ATGTGGGCGTAATCGAGATA,0,12257
TSS_1414_storz_regulondb,0.04,24,24,ATGGGAGTCATCCCAGCGCT,0,6151
TSS_1414_storz_regulondb,0.04,24,24,ATATCGTGGCTCTAGCCTGA,0,37336
TSS_1414_storz_regulondb,0.04,24,24,ATAAACAGACCGTGATATTC,0,42757
TSS_1414_storz_regulondb,0.04,24,24,AGTGAGTTTTCACATAGGCA,0,48638
TSS_1414_storz_regulondb,0.04,24,24,AGTCCCTTGGGTAGTGACAG,0,31368
TSS_1414_storz_regulondb,0.04,24,24,AGTAGGAACTCGCGTCATTA,0,37567
TSS_1414_storz_regulondb,0.04,24,24,AGTACGGGTATGTGGGTTTC,0,4924
TSS_1414_storz_regulondb,0.04,24,24,AGGGTGTGTTGAAAAACCTG,0,29069
TSS_1414_storz_regulondb,0.04,24,24,AGGGCCGTTGGGAGAGTTGT,0,69757
TSS_1414_storz_regulondb,0.04,24,24,AGGGACCTGCGGGGTCAGTT,0,28617
TSS_1414_storz_regulondb,0.04,24,24,AGGCCGGGACTGACTCACAA,0,27572
TSS_1414_storz_regulondb,0.04,24,24,AGGCAGATCGCCCTGTCTCA,0,62929
TSS_1414_storz_regulondb,0.04,24,24,AGCGCGGTCACGGATTGTGC,0,78439
TSS_1414_storz_regulondb,0.04,24,24,AGCACCGACGATGACTCAGT,0,25487
TSS_1414_storz_regulondb,0.04,24,24,AGCAACGTCTACGTTGGTAT,0,2
TSS_1414_storz_regulondb,0.04,24,24,AGATTAAAGCTTAAACTGCA,0,64902
TSS_1414_storz_regulondb,0.04,24,24,AGATCTAGTCGTTTGATTCT,0,9948
TSS_1414_storz_regulondb,0.04,24,24,AGACAGTCTTATTTGGAGAA,0,31248
TSS_1414_storz_regulondb,0.04,24,24,ACTTTCCAGTAGGTAACAAT,0,31724
TSS_1414_storz_regulondb,0.04,24,24,ACTTGTGGATGTTTCACGTT,0,31744
TSS_1414_storz_regulondb,0.04,24,24,ACTACTACATTTTGTACCGA,0,54732
TSS_1414_storz_regulondb,0.04,24,24,ACGTCTTGCTCTATATGTCT,0,61392
TSS_1414_storz_regulondb,0.04,24,24,ACGGCACTGCCCCTAATATG,0,77323
TSS_1414_storz_regulondb,0.04,24,24,ACCTTGTAGGCGGGTCTGTA,0,2807
TSS_1414_storz_regulondb,0.04,24,24,ACCGACGATAGACACCCACG,0,78770
TSS_1414_storz_regulondb,0.04,24,24,ACCACCGGCTCGGATTCTGA,0,42408
TSS_1414_storz_regulondb,0.04,24,24,ACAGATGCGTCAGCATGCCT,0,40527
TSS_1414_storz_regulondb,0.04,24,24,ACACGTACGTTGCTTTTCAG,0,21814
TSS_1414_storz_regulondb,0.04,24,24,ACACCTGCTAAGAGACTAAA,0,74216
TSS_1414_storz_regulondb,0.04,24,24,AATCCCGAAAGAATTGAATC,0,21623
TSS_1414_storz_regulondb,0.04,24,24,AAGTCGTAAAGCCCCGTCTA,0,38144
TSS_1414_storz_regulondb,0.04,24,24,AAGCGGAGATTGCCTAAATT,0,3303
TSS_1414_storz_regulondb,0.04,24,24,AAGATAGGGCCAATGCAGTA,0,64040
TSS_1414_storz_regulondb,0.04,24,24,AACGGATGGCCGGTGGGCTT,0,71629
TSS_1414_storz_regulondb,0.04,24,24,AAATTCTATGCGACTACCAA,0,35337
TSS_1414_storz_regulondb,0.04,24,24,AAATATTCAGTACAACGCAT,0,76374
TSS_1414_storz_regulondb,0.04,24,24,AAAATTACCGCAACTCGGCT,0,41382
TSS_1414_storz_regulondb,0.04,24,24,AAAACCTAGCCCCCTGCCAA,0,57435
TSS_1414_storz_regulondb,0.041666666666666664,23,23,TTGTCTGAGGTCTCGATGGC,0,47131
TSS_1414_storz_regulondb,0.041666666666666664,23,23,TTGGTAATTCCTCTGCTCGG,0,65478
TSS_1414_storz_regulondb,0.041666666666666664,23,23,TTGCCAACCCGACGGATTTA,0,57855
TSS_1414_storz_regulondb,0.041666666666666664,23,23,TTCTCATCGAGCTCCTGATG,0,51440
TSS_1414_storz_regulondb,0.041666666666666664,23,23,TTCGGGAAAAGCGATATTCG,0,61975
TSS_1414_storz_regulondb,0.041666666666666664,23,23,TTCCGACGAGCATACCGCTC,0,24213
TSS_1414_storz_regulondb,0.041666666666666664,23,23,TTATGCTCCCGCTGACGGGG,0,38706
TSS_1414_storz_regulondb,0.041666666666666664,23,23,TTAGCCCTAGACGACCCGTA,0,66623
TSS_1414_storz_regulondb,0.041666666666666664,23,23,TTACGTGCTTTACCCCGTAA,0,11030
TSS_1414_storz_regulondb,0.041666666666666664,23,23,TTAACGGGGCTGTTTTCTGT,0,47715
TSS_1414_storz_regulondb,0.041666666666666664,23,23,TGTTGGGGAACGCTAGTTAT,0,50251
TSS_1414_storz_regulondb,0.041666666666666664,23,23,TGTGTGATGGGTTGTCTACC,0,52579
TSS_1414_storz_regulondb,0.041666666666666664,23,23,TGTACCGAGCGTCTAGACCA,0,6562
TSS_1414_storz_regulondb,0.041666666666666664,23,23,TGGTGGCGAGGGGGGGGATT,0,74716
TSS_1414_storz_regulondb,0.041666666666666664,23,23,TGGTCTTCCTCAGAGCAGAC,0,77732
TSS_1414_storz_regulondb,0.041666666666666664,23,23,TGGTAAGTGTCGGACGGCAA,0,64542
TSS_1414_storz_regulondb,0.041666666666666664,23,23,TGGCATTACGAAATGGAAAA,0,68389
TSS_1414_storz_regulondb,0.041666666666666664,23,23,TGCTTTGTAGTTGATGAACA,0,9023
TSS_1414_storz_regulondb,0.041666666666666664,23,23,TGCTAGCAAAAACGGAGGAT,0,53679
TSS_1414_storz_regulondb,0.041666666666666664,23,23,TGCGAATCACGCCTTCTCTA,0,54280
TSS_1414_storz_regulondb,0.041666666666666664,23,23,TGCCATTGGCCGGTAATCGA,0,44020
TSS_1414_storz_regulondb,0.041666666666666664,23,23,TGCAGGCTGTTCGGTCGAAG,0,26849
TSS_1414_storz_regulondb,0.041666666666666664,23,23,TGACCGAGCTTCAATCACGA,0,13834
TSS_1414_storz_regulondb,0.041666666666666664,23,23,TCTTTCTGCTACTGAGTCCA,0,49638
TSS_1414_storz_regulondb,0.041666666666666664,23,23,TCTGGGACCATCCAACAAAC,0,30075
TSS_1414_storz_regulondb,0.041666666666666664,23,23,TCTGATTCTTGTAGACCTGT,0,43423
TSS_1414_storz_regulondb,0.041666666666666664,23,23,TCGGCGAAGCCACATCGGCG,0,52311
TSS_1414_storz_regulondb,0.041666666666666664,23,23,TCGAAGTTTCGAATCAATGT,0,1717
TSS_1414_storz_regulondb,0.041666666666666664,23,23,TCCCAGGGGAGTAAAACCCA,0,7821
TSS_1414_storz_regulondb,0.041666666666666664,23,23,TCATTTTGGGGCGCATTCCT,0,16159
TSS_1414_storz_regulondb,0.041666666666666664,23,23,TCATTCGGAATCCGGTAATA,0,44550
TSS_1414_storz_regulondb,0.041666666666666664,23,23,TCATGGGTGTCTTGATACCC,0,8679
TSS_1414_storz_regulondb,0.041666666666666664,23,23,TCATCGGCTTCGACAAGGAG,0,1533
TSS_1414_storz_regulondb,0.041666666666666664,23,23,TCAGCGACAGTATTCGGCCT,0,612
TSS_1414_storz_regulondb,0.041666666666666664,23,23,TCACTTTAGTTAATCGGTCG,0,66878
TSS_1414_storz_regulondb,0.041666666666666664,23,23,TATTTCGCCTGACTAAACAG,0,63324
TSS_1414_storz_regulondb,0.041666666666666664,23,23,TATTACCGCCCGGGTAATTA,0,40961
TSS_1414_storz_regulondb,0.041666666666666664,23,23,TATAGCGTAGGAACCTAATC,0,8892
TSS_1414_storz_regulondb,0.041666666666666664,23,23,TAGGTGCGACCATAGAAGGT,0,59768
TSS_1414_storz_regulondb,0.041666666666666664,23,23,TAGGCAAGATACCCACCACA,0,32164
TSS_1414_storz_regulondb,0.041666666666666664,23,23,TAGATCCCCACTCCACGATC,0,2012
TSS_1414_storz_regulondb,0.041666666666666664,23,23,TAAGCTGAGGCTGGGGCACA,0,3743
TSS_1414_storz_regulondb,0.041666666666666664,23,23,TAACGGGTTTTTTAGGCCTG,0,58447
TSS_1414_storz_regulondb,0.041666666666666664,23,23,TAACCACCCGCCTCTCGAAT,0,13660
TSS_1414_storz_regulondb,0.041666666666666664,23,23,TAAACGTTAGACTTCTGGAG,0,71872
TSS_1414_storz_regulondb,0.041666666666666664,23,23,GTTGGCTGATAAAATTTTAG,0,32773
TSS_1414_storz_regulondb,0.041666666666666664,23,23,GTGTTTTAAACGAGACTTGG,0,2387
TSS_1414_storz_regulondb,0.041666666666666664,23,23,GTGCCTCTTCGGATCCTGGA,0,45740
TSS_1414_storz_regulondb,0.041666666666666664,23,23,GTGCCGGCGAATCTGAAAAG,0,54982
TSS_1414_storz_regulondb,0.041666666666666664,23,23,GTGCAGCAACGGACATGTCC,0,25251
TSS_1414_storz_regulondb,0.041666666666666664,23,23,GTGATTGGTATCCAAACTAT,0,7233
TSS_1414_storz_regulondb,0.041666666666666664,23,23,GTCTGTGCAGCACTGAGACA,0,2068
TSS_1414_storz_regulondb,0.041666666666666664,23,23,GTCCGAGCCTGCACTCCTAC,0,58082
TSS_1414_storz_regulondb,0.041666666666666664,23,23,GTCCACACGCATGATCGGAT,0,33512
TSS_1414_storz_regulondb,0.041666666666666664,23,23,GTCAGGTCACGGTCTGCATT,0,78764
TSS_1414_storz_regulondb,0.041666666666666664,23,23,GTACACGGCCAACGTCCTAG,0,57458
TSS_1414_storz_regulondb,0.041666666666666664,23,23,GTAACTATCGCGCCAGGTTT,0,41551
TSS_1414_storz_regulondb,0.041666666666666664,23,23,GGTGTATCAAATGAGGTCTC,0,4296
TSS_1414_storz_regulondb,0.041666666666666664,23,23,GGTAAGGACGTCGGATGGCT,0,29405
TSS_1414_storz_regulondb,0.041666666666666664,23,23,GGTAAGAGGCCGCAACGAAT,0,49119
TSS_1414_storz_regulondb,0.041666666666666664,23,23,GGGCGCGGACAAGTACGGCA,0,65553
TSS_1414_storz_regulondb,0.041666666666666664,23,23,GGGCGATGCAGCGGTGCCCA,0,12212
TSS_1414_storz_regulondb,0.041666666666666664,23,23,GGGAGAGAGGGCATAAGATT,0,376
TSS_1414_storz_regulondb,0.041666666666666664,23,23,GGGACGCAAATCGGGTCATG,0,61195
TSS_1414_storz_regulondb,0.041666666666666664,23,23,GGCCCAGGATTAAATTAGGT,0,29732
TSS_1414_storz_regulondb,0.041666666666666664,23,23,GGCATATGGCCCATGCTCTG,0,15836
TSS_1414_storz_regulondb,0.041666666666666664,23,23,GGATTAGCTTCGCTGCCTTC,0,29660
TSS_1414_storz_regulondb,0.041666666666666664,23,23,GGACCTACACGTGCTCTGTG,0,12959
TSS_1414_storz_regulondb,0.041666666666666664,23,23,GCTGTTCCTTCGTTTTTAAA,0,20026
TSS_1414_storz_regulondb,0.041666666666666664,23,23,GCGTTATGGCGCGTAGCTCC,0,75367
TSS_1414_storz_regulondb,0.041666666666666664,23,23,GCGTCAGCCAGGCAAACACG,0,42253
TSS_1414_storz_regulondb,0.041666666666666664,23,23,GCGCCGAACGGTAAAGCTCT,0,59746
TSS_1414_storz_regulondb,0.041666666666666664,23,23,GCCCGTACTCCCCGCACGAA,0,14086
TSS_1414_storz_regulondb,0.041666666666666664,23,23,GCCATTGCTGCTTGGGTAGT,0,16011
TSS_1414_storz_regulondb,0.041666666666666664,23,23,GCCAGGCGACCAGGGTAGTC,0,70567
TSS_1414_storz_regulondb,0.041666666666666664,23,23,GCATGGTCGATATAAAGTGG,0,31895
TSS_1414_storz_regulondb,0.041666666666666664,23,23,GATTTTGAAGACGCTTGACT,0,14718
TSS_1414_storz_regulondb,0.041666666666666664,23,23,GATGTCGGAGAAGGAACGGT,0,53662
TSS_1414_storz_regulondb,0.041666666666666664,23,23,GATGGCATCGGTCTACGGAG,0,30789
TSS_1414_storz_regulondb,0.041666666666666664,23,23,GATCAATAAAAAGACTAACA,0,70884
TSS_1414_storz_regulondb,0.041666666666666664,23,23,GAGTGTACGTCACTCGCTCA,0,24297
TSS_1414_storz_regulondb,0.041666666666666664,23,23,GAGCCCTCAGAGCCTAGGTC,0,29058
TSS_1414_storz_regulondb,0.041666666666666664,23,23,GACAAGGGGCAAAGACCCAT,0,48248
TSS_1414_storz_regulondb,0.041666666666666664,23,23,CTTGTTACCGGATAGTTGAC,0,77463
TSS_1414_storz_regulondb,0.041666666666666664,23,23,CTTCTTCGTGGGGCATCACA,0,326
TSS_1414_storz_regulondb,0.041666666666666664,23,23,CTTCCACCACACGAACTGTG,0,81003
TSS_1414_storz_regulondb,0.041666666666666664,23,23,CTTACTCCGGGCCGTGGAGT,0,54867
TSS_1414_storz_regulondb,0.041666666666666664,23,23,CTGTGTTAACTCGACGACCA,0,19401
TSS_1414_storz_regulondb,0.041666666666666664,23,23,CTGGCGTAGTCCAAATCTCG,0,68039
TSS_1414_storz_regulondb,0.041666666666666664,23,23,CTCGTCGTGATTTCCTGGAG,0,65735
TSS_1414_storz_regulondb,0.041666666666666664,23,23,CTCGTAAACGGGCAGCGAAA,0,22002
TSS_1414_storz_regulondb,0.041666666666666664,23,23,CTCCTTCGGCCGATCCAAGG,0,55479
TSS_1414_storz_regulondb,0.041666666666666664,23,23,CTCATGAATGGGGGTAACGA,0,78825
TSS_1414_storz_regulondb,0.041666666666666664,23,23,CTCAGGGCGGGGGAACACAA,0,60567
TSS_1414_storz_regulondb,0.041666666666666664,23,23,CTCAAGGGCATCCGGGCACT,0,32883
TSS_1414_storz_regulondb,0.041666666666666664,23,23,CTCAAAAGAACAGATCGCCA,0,59993
TSS_1414_storz_regulondb,0.041666666666666664,23,23,CTATCGTAAGGCAAAATGAG,0,53803
TSS_1414_storz_regulondb,0.041666666666666664,23,23,CTATCCAGGCGGGATCGAAA,0,6958
TSS_1414_storz_regulondb,0.041666666666666664,23,23,CTATACGCGGAGCATGTTCA,0,31728
TSS_1414_storz_regulondb,0.041666666666666664,23,23,CTAGTCAAGGGCGGTAATTC,0,71830
TSS_1414_storz_regulondb,0.041666666666666664,23,23,CTAGCAATCGAGACTATCGG,0,17045
TSS_1414_storz_regulondb,0.041666666666666664,23,23,CTAGACGAGCAGACCTTTCT,0,21166
TSS_1414_storz_regulondb,0.041666666666666664,23,23,CTACCGAATCCATTACCTGA,0,28046
TSS_1414_storz_regulondb,0.041666666666666664,23,23,CTAATTCTCGCTTCTACATC,0,42502
TSS_1414_storz_regulondb,0.041666666666666664,23,23,CGTTACCTCGTCATGAGTTA,0,20303
TSS_1414_storz_regulondb,0.041666666666666664,23,23,CGTCTACTCGACATCGGCGA,0,63747
TSS_1414_storz_regulondb,0.041666666666666664,23,23,CGTCCGAGCGATCGAAAAGG,0,38565
TSS_1414_storz_regulondb,0.041666666666666664,23,23,CGGGTCTATTGAATCCTTAA,0,47644
TSS_1414_storz_regulondb,0.041666666666666664,23,23,CGGGCAAATGTTGCACATAC,0,21854
TSS_1414_storz_regulondb,0.041666666666666664,23,23,CGGCCATAGAAAATTAAATT,0,58676
TSS_1414_storz_regulondb,0.041666666666666664,23,23,CGGCACGCATTTCTTACGTC,0,37425
TSS_1414_storz_regulondb,0.041666666666666664,23,23,CGGAGGGCCAAGCGCAGCAA,0,79624
TSS_1414_storz_regulondb,0.041666666666666664,23,23,CGCTAGTCTGGGTCACCTTA,0,45404
TSS_1414_storz_regulondb,0.041666666666666664,23,23,CGCGTGATTGCCGGTACGTA,0,56192
TSS_1414_storz_regulondb,0.041666666666666664,23,23,CGCGAGTGGTCCGGGACAGG,0,53613
TSS_1414_storz_regulondb,0.041666666666666664,23,23,CGAGGTTGTCTATTATCGAT,0,50369
TSS_1414_storz_regulondb,0.041666666666666664,23,23,CGAAGGTCAGATTGATGCGA,0,50116
TSS_1414_storz_regulondb,0.041666666666666664,23,23,CCTTGGACGCGGAGCCACGG,0,25315
TSS_1414_storz_regulondb,0.041666666666666664,23,23,CCTCCTAGTTATCCTGCGTC,0,18902
TSS_1414_storz_regulondb,0.041666666666666664,23,23,CCTACGGCACGTATTTGGTG,0,53901
TSS_1414_storz_regulondb,0.041666666666666664,23,23,CCTACACCTTGTGACACCGT,0,42511
TSS_1414_storz_regulondb,0.041666666666666664,23,23,CCGTGTGAGCCGGCTCCAAA,0,30754
TSS_1414_storz_regulondb,0.041666666666666664,23,23,CCGCAACTGATTCAATCGCT,0,57092
TSS_1414_storz_regulondb,0.041666666666666664,23,23,CCCAACAGTGGCATAAACTC,0,11668
TSS_1414_storz_regulondb,0.041666666666666664,23,23,CCATTTGTAATTCTGTCGGA,0,49294
TSS_1414_storz_regulondb,0.041666666666666664,23,23,CCATCGACATACGGTTGGAT,0,65260
TSS_1414_storz_regulondb,0.041666666666666664,23,23,CCACCTGAGATGCCGCACCC,0,37673
TSS_1414_storz_regulondb,0.041666666666666664,23,23,CCACCCGCAGCTCTGGGTAC,0,50919
TSS_1414_storz_regulondb,0.041666666666666664,23,23,CATTGATGAGAACACGCGGA,0,16154
TSS_1414_storz_regulondb,0.041666666666666664,23,23,CATTGACGTGTAGATCGGAT,0,8529
TSS_1414_storz_regulondb,0.041666666666666664,23,23,CATTCGGGAATTTAAAAGCC,0,61095
TSS_1414_storz_regulondb,0.041666666666666664,23,23,CATGGAGGCCCACTTGTACC,0,46908
TSS_1414_storz_regulondb,0.041666666666666664,23,23,CATAGTGCGCCCTCCGCGGC,0,20495
TSS_1414_storz_regulondb,0.041666666666666664,23,23,CAGGGGACGTATTCGGGGGA,0,50089
TSS_1414_storz_regulondb,0.041666666666666664,23,23,CAGGGAGTTTTGGATTTCAC,0,912
TSS_1414_storz_regulondb,0.041666666666666664,23,23,CAGGCACTGGACGTGGACAA,0,15940
TSS_1414_storz_regulondb,0.041666666666666664,23,23,CAGACCCAATCGTGGAAGAC,0,60251
TSS_1414_storz_regulondb,0.041666666666666664,23,23,CAGACAAAGAGATCATCCGA,0,19237
TSS_1414_storz_regulondb,0.041666666666666664,23,23,CACGTCTATCGGCGCGCTGT,0,4118
TSS_1414_storz_regulondb,0.041666666666666664,23,23,CACGGGGCTTTTCTGGCCGA,0,7403
TSS_1414_storz_regulondb,0.041666666666666664,23,23,CACGCTGCTTAACGCATGTA,0,53068
TSS_1414_storz_regulondb,0.041666666666666664,23,23,CACACTGTTCCCCGTGCTGG,0,55320
TSS_1414_storz_regulondb,0.041666666666666664,23,23,CAATTTCGTTCTATCTACTA,0,71788
TSS_1414_storz_regulondb,0.041666666666666664,23,23,CAATCCGGCATTTAGCGTAA,0,31190
TSS_1414_storz_regulondb,0.041666666666666664,23,23,CAACGTCTTGTGCTCGTTAA,0,68271
TSS_1414_storz_regulondb,0.041666666666666664,23,23,CAACGACTGATTTCATGCGC,0,34663
TSS_1414_storz_regulondb,0.041666666666666664,23,23,CAACCTTTTTTTGGATTCAC,0,68703
TSS_1414_storz_regulondb,0.041666666666666664,23,23,ATTTTAGACGCCTATCCGGG,0,67110
TSS_1414_storz_regulondb,0.041666666666666664,23,23,ATTGTGGCCCTAGACGGTAG,0,64428
TSS_1414_storz_regulondb,0.041666666666666664,23,23,ATTCTCTGGTTTTTTTATCA,0,73114
TSS_1414_storz_regulondb,0.041666666666666664,23,23,ATTCAAAGAAACGGTCATTG,0,55865
TSS_1414_storz_regulondb,0.041666666666666664,23,23,ATGGTGAGAGGGTGTGTCTT,0,789
TSS_1414_storz_regulondb,0.041666666666666664,23,23,ATGAACGGTAAGCGGCGAAC,0,68325
TSS_1414_storz_regulondb,0.041666666666666664,23,23,ATCTGATGTTTAGACCCGGG,0,56753
TSS_1414_storz_regulondb,0.041666666666666664,23,23,ATCCAGGACCGGGCACACAC,0,54029
TSS_1414_storz_regulondb,0.041666666666666664,23,23,ATACGTTGTTTAACCTGTTT,0,70490
TSS_1414_storz_regulondb,0.041666666666666664,23,23,ATAACCGGCTACCTTCCCAT,0,53034
TSS_1414_storz_regulondb,0.041666666666666664,23,23,ATAACAACGACAGGAGGTAT,0,28257
TSS_1414_storz_regulondb,0.041666666666666664,23,23,AGTTTGGAACGGTGAGACTC,0,66887
TSS_1414_storz_regulondb,0.041666666666666664,23,23,AGTCGGCTGCGTTCGTTGCT,0,59589
TSS_1414_storz_regulondb,0.041666666666666664,23,23,AGGCATAGGTTTAGGTCAGA,0,44868
TSS_1414_storz_regulondb,0.041666666666666664,23,23,AGCTGATTACAAGGCAGTCT,0,62894
TSS_1414_storz_regulondb,0.041666666666666664,23,23,AGCCACGGGTTCTTCCTACT,0,18583
TSS_1414_storz_regulondb,0.041666666666666664,23,23,AGCATAGCCTTGACGGACGG,0,52265
TSS_1414_storz_regulondb,0.041666666666666664,23,23,AGATGCAGGCAGTTAATTCA,0,65519
TSS_1414_storz_regulondb,0.041666666666666664,23,23,AGATCGTTTGCGCTACGGTT,0,67298
TSS_1414_storz_regulondb,0.041666666666666664,23,23,AGATAGAGCCTAACGCTCGT,0,6974
TSS_1414_storz_regulondb,0.041666666666666664,23,23,AGAGTTTGCTTCAAGACACA,0,1417
TSS_1414_storz_regulondb,0.041666666666666664,23,23,AGAGTACGTTGATAGGGTCT,0,65465
TSS_1414_storz_regulondb,0.041666666666666664,23,23,AGAGTACAAGAAAGGCTCCG,0,49312
TSS_1414_storz_regulondb,0.041666666666666664,23,23,AGAAGGTCCCATTGCTCATA,0,21780
TSS_1414_storz_regulondb,0.041666666666666664,23,23,AGAACCTCTCACGGAGGCTC,0,30125
TSS_1414_storz_regulondb,0.041666666666666664,23,23,ACTAATCAATACCATCTCGT,0,36249
TSS_1414_storz_regulondb,0.041666666666666664,23,23,ACGGTAAGGTCACATCACCA,0,15409
TSS_1414_storz_regulondb,0.041666666666666664,23,23,ACGGGGCTAGCCATCGATAT,0,47643
TSS_1414_storz_regulondb,0.041666666666666664,23,23,ACGGGAATCACCCTGAGAGG,0,26805
TSS_1414_storz_regulondb,0.041666666666666664,23,23,ACGACTTTGGGTTTGTAACT,0,44664
TSS_1414_storz_regulondb,0.041666666666666664,23,23,ACCCCGTGACTTTCGCTGCT,0,72793
TSS_1414_storz_regulondb,0.041666666666666664,23,23,ACATTCTTAATATTTGTTTG,0,65199
TSS_1414_storz_regulondb,0.041666666666666664,23,23,ACAAACATCTACATGGGTCA,0,4445
TSS_1414_storz_regulondb,0.041666666666666664,23,23,AAGGGCTTAGGGACTACTCT,0,65850
TSS_1414_storz_regulondb,0.041666666666666664,23,23,AAGGCGTGTAGCGGGCGATG,0,35299
TSS_1414_storz_regulondb,0.041666666666666664,23,23,AAGCTGCGGTTCGTGCATTT,0,37963
TSS_1414_storz_regulondb,0.041666666666666664,23,23,AAGCTCCTGACCATATTCGC,0,10678
TSS_1414_storz_regulondb,0.041666666666666664,23,23,AAGAGCGCGGAATTAGAACT,0,69764
TSS_1414_storz_regulondb,0.041666666666666664,23,23,AACGCAGCGCGTCGGATGTT,0,36311
TSS_1414_storz_regulondb,0.041666666666666664,23,23,AACCGATCTACGTAGATGGA,0,69236
TSS_1414_storz_regulondb,0.041666666666666664,23,23,AACCAGGTACATAACCAGCA,0,54025
TSS_1414_storz_regulondb,0.041666666666666664,23,23,AAACGCGGGATCAACAGATT,0,30496
TSS_1414_storz_regulondb,0.041666666666666664,23,23,AAAACTAGAATGCCAAGATT,0,33523
TSS_1414_storz_regulondb,0.043478260869565216,22,22,TTTGCGTATCCCTAATCCAT,0,52684
TSS_1414_storz_regulondb,0.043478260869565216,22,22,TTTGCCTCGTAGTGATCAGT,0,28260
TSS_1414_storz_regulondb,0.043478260869565216,22,22,TTTAATAAACCATACATACA,0,47985
TSS_1414_storz_regulondb,0.043478260869565216,22,22,TTGGCAATATTGAATAGACT,0,12279
TSS_1414_storz_regulondb,0.043478260869565216,22,22,TTGCGTTTCATTGCCCACGA,0,56133
TSS_1414_storz_regulondb,0.043478260869565216,22,22,TTGAGTTCCCCTAGATTATG,0,15401
TSS_1414_storz_regulondb,0.043478260869565216,22,22,TTCGTGTAAGTTATGCGTAA,0,31605
TSS_1414_storz_regulondb,0.043478260869565216,22,22,TTCGTCCGTACCATTACACC,0,69461
TSS_1414_storz_regulondb,0.043478260869565216,22,22,TTCAGGCGTCAAAAGAGCAG,0,36799
TSS_1414_storz_regulondb,0.043478260869565216,22,22,TTATTTCTTTGACACCTTAT,0,11662
TSS_1414_storz_regulondb,0.043478260869565216,22,22,TTATGCAAACCTAATTGTGA,0,18120
TSS_1414_storz_regulondb,0.043478260869565216,22,22,TTAGTGAGGTGTCCTCCTCG,0,51934
TSS_1414_storz_regulondb,0.043478260869565216,22,22,TTAGGAGATGATTATGGGTA,0,3576
TSS_1414_storz_regulondb,0.043478260869565216,22,22,TTAGAATAATAGCGTGTAAA,0,49031
TSS_1414_storz_regulondb,0.043478260869565216,22,22,TGTGCTTTCCGATCTGGCAA,0,41738
TSS_1414_storz_regulondb,0.043478260869565216,22,22,TGTGCTACACCGGGGCCCTT,0,1048
TSS_1414_storz_regulondb,0.043478260869565216,22,22,TGTAGGCATGTGCAGTATCT,0,62842
TSS_1414_storz_regulondb,0.043478260869565216,22,22,TGGTACTGAACCAAGATGGC,0,19911
TSS_1414_storz_regulondb,0.043478260869565216,22,22,TGGCTATTTCTGGCCGATAA,0,288
TSS_1414_storz_regulondb,0.043478260869565216,22,22,TGGAGTCTGTGGTACTGTGA,0,22955
TSS_1414_storz_regulondb,0.043478260869565216,22,22,TGGACAAACGTTTAGGAGTC,0,42963
TSS_1414_storz_regulondb,0.043478260869565216,22,22,TGCTGTTCTACCTCGGATTG,0,38912
TSS_1414_storz_regulondb,0.043478260869565216,22,22,TGCTGCCGCGATGAGGCAGG,0,70713
TSS_1414_storz_regulondb,0.043478260869565216,22,22,TGCCTTAACCATGCATAGAT,0,6606
TSS_1414_storz_regulondb,0.043478260869565216,22,22,TGCCTAAGGAGTTGTAAGAC,0,58030
TSS_1414_storz_regulondb,0.043478260869565216,22,22,TGCCACTTCATGCCGCCAAT,0,47096
TSS_1414_storz_regulondb,0.043478260869565216,22,22,TGAAGGTGTGATCTTTCGTT,0,71984
TSS_1414_storz_regulondb,0.043478260869565216,22,22,TCTTTTACGAGTCCCAACCA,0,51658
TSS_1414_storz_regulondb,0.043478260869565216,22,22,TCTGGCTAGAATTCAGTATA,0,31899
TSS_1414_storz_regulondb,0.043478260869565216,22,22,TCTGCATAATTGTTTCGTAC,0,43970
TSS_1414_storz_regulondb,0.043478260869565216,22,22,TCTGAGTCATTATTGACGGC,0,19978
TSS_1414_storz_regulondb,0.043478260869565216,22,22,TCTGAAGCCATCGCGTCGCG,0,1126
TSS_1414_storz_regulondb,0.043478260869565216,22,22,TCGGTTGGGGGTGTCGTAGG,0,64890
TSS_1414_storz_regulondb,0.043478260869565216,22,22,TCGGCTAGATGGCCGTATTA,0,9290
TSS_1414_storz_regulondb,0.043478260869565216,22,22,TCGGCGTGTAGATTGCACTA,0,60362
TSS_1414_storz_regulondb,0.043478260869565216,22,22,TCCTCTGTGAATGCGTGTTT,0,21413
TSS_1414_storz_regulondb,0.043478260869565216,22,22,TCCGCCACGACTTGGCCGCT,0,28683
TSS_1414_storz_regulondb,0.043478260869565216,22,22,TCCGAGACCTCCGTGGAAAC,0,8755
TSS_1414_storz_regulondb,0.043478260869565216,22,22,TCCATTAGGGGCACCTTATG,0,75612
TSS_1414_storz_regulondb,0.043478260869565216,22,22,TCATGGCGTGAGTCACCGGT,0,8296
TSS_1414_storz_regulondb,0.043478260869565216,22,22,TCAGGAGAGGCCTAGTTCGT,0,74587
TSS_1414_storz_regulondb,0.043478260869565216,22,22,TCAATGATCAAGGTCATCTA,0,69583
TSS_1414_storz_regulondb,0.043478260869565216,22,22,TATTTCGACGATATCTCCGG,0,53028
TSS_1414_storz_regulondb,0.043478260869565216,22,22,TATTCACGCTAGGCAATGAT,0,42755
TSS_1414_storz_regulondb,0.043478260869565216,22,22,TATGGTGGTAAGTTTTCCGG,0,55754
TSS_1414_storz_regulondb,0.043478260869565216,22,22,TACTGGGAAATTTGCGGTGC,0,33363
TSS_1414_storz_regulondb,0.043478260869565216,22,22,TACTATTGATGGGGCTAAAA,0,72212
TSS_1414_storz_regulondb,0.043478260869565216,22,22,TACCCAGACTACAGCAACAC,0,78001
TSS_1414_storz_regulondb,0.043478260869565216,22,22,TACCAATCAACTAAAGGGGT,0,18707
TSS_1414_storz_regulondb,0.043478260869565216,22,22,TACATGTTGGGTAATGTGGG,0,64684
TSS_1414_storz_regulondb,0.043478260869565216,22,22,TAACTATGTTCCCGGCCGGA,0,1631
TSS_1414_storz_regulondb,0.043478260869565216,22,22,GTTTGCCTATGCTAGGTTCG,0,42810
TSS_1414_storz_regulondb,0.043478260869565216,22,22,GTTGTGGGATTCCGGGTGTC,0,4526
TSS_1414_storz_regulondb,0.043478260869565216,22,22,GTTCTAGAGATCTTGCACTT,0,26103
TSS_1414_storz_regulondb,0.043478260869565216,22,22,GTCTGTGACGAAGCCGCGGC,0,29125
TSS_1414_storz_regulondb,0.043478260869565216,22,22,GTATTTTGTCTGAGTTTCTT,0,53699
TSS_1414_storz_regulondb,0.043478260869565216,22,22,GTATCCACACACGACTTAGG,0,50143
TSS_1414_storz_regulondb,0.043478260869565216,22,22,GTAGCAAGCTAACCAGTCTT,0,8427
TSS_1414_storz_regulondb,0.043478260869565216,22,22,GTAGAAAGGTATAGGCCGTA,0,58930
TSS_1414_storz_regulondb,0.043478260869565216,22,22,GTACAAGGGCACCTGTGGTT,0,71083
TSS_1414_storz_regulondb,0.043478260869565216,22,22,GTAAGGTGGCAAACGCTCAC,0,50414
TSS_1414_storz_regulondb,0.043478260869565216,22,22,GTAAGACTCGATAGGTCTGT,0,10914
TSS_1414_storz_regulondb,0.043478260869565216,22,22,GGTTTGCCATCTGAAAATAC,0,66210
TSS_1414_storz_regulondb,0.043478260869565216,22,22,GGTGTGTACATATGAGGCCT,0,5314
TSS_1414_storz_regulondb,0.043478260869565216,22,22,GGTGGGGATTGGTTATGCTT,0,74156
TSS_1414_storz_regulondb,0.043478260869565216,22,22,GGTGGGACCCTCTGTGGTCC,0,31496
TSS_1414_storz_regulondb,0.043478260869565216,22,22,GGTCTCTACGCCGGCTTCTC,0,69766
TSS_1414_storz_regulondb,0.043478260869565216,22,22,GGTCGGTACTCTATAGGCCC,0,72768
TSS_1414_storz_regulondb,0.043478260869565216,22,22,GGTAACAGGTCCCGGCGCTT,0,14452
TSS_1414_storz_regulondb,0.043478260869565216,22,22,GGGTGACTTAGCTACCCAAC,0,42601
TSS_1414_storz_regulondb,0.043478260869565216,22,22,GGGAGTCAATGAGGTCTAGG,0,59481
TSS_1414_storz_regulondb,0.043478260869565216,22,22,GGGAACCATTACGGGTCTAA,0,37648
TSS_1414_storz_regulondb,0.043478260869565216,22,22,GGCCAAGATGTAGATAAATT,0,43005
TSS_1414_storz_regulondb,0.043478260869565216,22,22,GGATCTGATGCTCAATATAT,0,41885
TSS_1414_storz_regulondb,0.043478260869565216,22,22,GGACGGCACGTTACAACTTG,0,19315
TSS_1414_storz_regulondb,0.043478260869565216,22,22,GGAATTCGCGAACCATACGC,0,14579
TSS_1414_storz_regulondb,0.043478260869565216,22,22,GCTTTGCAGGGCGAAGATGG,0,1617
TSS_1414_storz_regulondb,0.043478260869565216,22,22,GCTGTCGATCGATACGGAGC,0,7090
TSS_1414_storz_regulondb,0.043478260869565216,22,22,GCTCCTCGCACCCCCCCGAA,0,74519
TSS_1414_storz_regulondb,0.043478260869565216,22,22,GCTAGCACGACTGGGCCAGC,0,34222
TSS_1414_storz_regulondb,0.043478260869565216,22,22,GCGTAGCTCTGACTGTTGCT,0,50091
TSS_1414_storz_regulondb,0.043478260869565216,22,22,GCGCGCGCCATCACGTACTA,0,52805
TSS_1414_storz_regulondb,0.043478260869565216,22,22,GCGAGCTAAGACAAGGGTCT,0,62456
TSS_1414_storz_regulondb,0.043478260869565216,22,22,GCGAATCTGGCAATGTATAA,0,38766
TSS_1414_storz_regulondb,0.043478260869565216,22,22,GCCGTGAGTTCCGGGTGACT,0,26775
TSS_1414_storz_regulondb,0.043478260869565216,22,22,GCCCGCATAATCCAGGCGCT,0,73956
TSS_1414_storz_regulondb,0.043478260869565216,22,22,GCCCAGAGCCTCGGGTTTTG,0,2639
TSS_1414_storz_regulondb,0.043478260869565216,22,22,GCCATTTAGCCCGCCCAGGT,0,41040
TSS_1414_storz_regulondb,0.043478260869565216,22,22,GCCAGGGCGATCCCAGCGGG,0,2374
TSS_1414_storz_regulondb,0.043478260869565216,22,22,GCATCCGGTGCTTAGTTCAC,0,19240
TSS_1414_storz_regulondb,0.043478260869565216,22,22,GCACCATGGGGAAATGTGGC,0,64617
TSS_1414_storz_regulondb,0.043478260869565216,22,22,GAGTACTATGTCTGGAGGTT,0,69800
TSS_1414_storz_regulondb,0.043478260869565216,22,22,GAGATCGACAGTGAAGGTAA,0,66419
TSS_1414_storz_regulondb,0.043478260869565216,22,22,GACTGCCCATCTAGGCCGAC,0,33893
TSS_1414_storz_regulondb,0.043478260869565216,22,22,GACGCTACGAGAAGGGAGTA,0,5540
TSS_1414_storz_regulondb,0.043478260869565216,22,22,GACGATGCAATTCCAGTTGC,0,26490
TSS_1414_storz_regulondb,0.043478260869565216,22,22,GACCCCCTCTCTCATTTGTA,0,2151
TSS_1414_storz_regulondb,0.043478260869565216,22,22,GACACAAGCGCAGCACCTGT,0,50013
TSS_1414_storz_regulondb,0.043478260869565216,22,22,CTTCTTGTGACTTCCTTGGT,0,31362
TSS_1414_storz_regulondb,0.043478260869565216,22,22,CTTCGGGTTAAGAGCCGTCT,0,63643
TSS_1414_storz_regulondb,0.043478260869565216,22,22,CTTCGCTGGCATCCGTACCG,0,50313
TSS_1414_storz_regulondb,0.043478260869565216,22,22,CTTCAGGGTTGTGCGCGTTA,0,28026
TSS_1414_storz_regulondb,0.043478260869565216,22,22,CTGGGGCCAACTTTTTGATT,0,22342
TSS_1414_storz_regulondb,0.043478260869565216,22,22,CTGGCCATCAGCCTCGGGAT,0,66417
TSS_1414_storz_regulondb,0.043478260869565216,22,22,CTGGACGTTCCGATCTGACT,0,25256
TSS_1414_storz_regulondb,0.043478260869565216,22,22,CTGCCAAAAACCCGCCAAAA,0,35384
TSS_1414_storz_regulondb,0.043478260869565216,22,22,CTGAGAGTGGATAGTGAGCG,0,47997
TSS_1414_storz_regulondb,0.043478260869565216,22,22,CTCGACGGCAGTAATCACCT,0,70696
TSS_1414_storz_regulondb,0.043478260869565216,22,22,CTCCATTTATGCCCCCACAG,0,22205
TSS_1414_storz_regulondb,0.043478260869565216,22,22,CTCAGTAGGCAACCGCTTCT,0,36801
TSS_1414_storz_regulondb,0.043478260869565216,22,22,CTCAAGAATGGCTTAATACT,0,53717
TSS_1414_storz_regulondb,0.043478260869565216,22,22,CTATCGTAGATTTGGTTGTA,0,39607
TSS_1414_storz_regulondb,0.043478260869565216,22,22,CTACTCGGTCGGAGTTACCG,0,70198
TSS_1414_storz_regulondb,0.043478260869565216,22,22,CTACGCTGGTCTTTACTGTT,0,20875
TSS_1414_storz_regulondb,0.043478260869565216,22,22,CTACGCTCGGGTGGCTCCTC,0,44236
TSS_1414_storz_regulondb,0.043478260869565216,22,22,CTAAGTAGTCTTGGGGTACG,0,44403
TSS_1414_storz_regulondb,0.043478260869565216,22,22,CGTGGGTTGCCCCAGTGCAA,0,29004
TSS_1414_storz_regulondb,0.043478260869565216,22,22,CGTGACCGCCGGGCCGAAAT,0,72421
TSS_1414_storz_regulondb,0.043478260869565216,22,22,CGTCTCCACTCGAGTTCACC,0,77416
TSS_1414_storz_regulondb,0.043478260869565216,22,22,CGTCCAACCGTATCTGTCAG,0,14286
TSS_1414_storz_regulondb,0.043478260869565216,22,22,CGTAAATCACAGATCTCTTC,0,44359
TSS_1414_storz_regulondb,0.043478260869565216,22,22,CGGTCTATCAGGAGCGGGAT,0,23871
TSS_1414_storz_regulondb,0.043478260869565216,22,22,CGGTCTAGGTTTCCTGAGTT,0,63215
TSS_1414_storz_regulondb,0.043478260869565216,22,22,CGGGGTTCTTTCGTTAAGCA,0,59950
TSS_1414_storz_regulondb,0.043478260869565216,22,22,CGGCGCCGGGAAAACCTTAG,0,28123
TSS_1414_storz_regulondb,0.043478260869565216,22,22,CGCCTTGATTTGGAAATTGT,0,47991
TSS_1414_storz_regulondb,0.043478260869565216,22,22,CGCCGCATACTCTCGCGTAT,0,15281
TSS_1414_storz_regulondb,0.043478260869565216,22,22,CGCATCTTGGCGTAATTTAG,0,6136
TSS_1414_storz_regulondb,0.043478260869565216,22,22,CGACTGGCCTATCTCCTATT,0,14588
TSS_1414_storz_regulondb,0.043478260869565216,22,22,CGAACAACGGGTGATCGCTA,0,77232
TSS_1414_storz_regulondb,0.043478260869565216,22,22,CCTTTCGCGTCCAAATGTCA,0,27914
TSS_1414_storz_regulondb,0.043478260869565216,22,22,CCGGTCAGTGTAGATAAAAA,0,3699
TSS_1414_storz_regulondb,0.043478260869565216,22,22,CCGACGTCTTCCGATTTCCG,0,13836
TSS_1414_storz_regulondb,0.043478260869565216,22,22,CCCTGTAGGCTATGTTGTAA,0,25703
TSS_1414_storz_regulondb,0.043478260869565216,22,22,CCCGGCTAAACTCGACCAGT,0,29132
TSS_1414_storz_regulondb,0.043478260869565216,22,22,CCCAAGGAAGGCTAGCATTA,0,36229
TSS_1414_storz_regulondb,0.043478260869565216,22,22,CCAGATATAGAGGCTCAGGA,0,45122
TSS_1414_storz_regulondb,0.043478260869565216,22,22,CCAACTGACCCTGAGTTTAG,0,28278
TSS_1414_storz_regulondb,0.043478260869565216,22,22,CATTTACGTCTCAGTTCAGA,0,41859
TSS_1414_storz_regulondb,0.043478260869565216,22,22,CATTAGTTAGCCCACGTGAA,0,25152
TSS_1414_storz_regulondb,0.043478260869565216,22,22,CATGCGACGAAAGAGCCAAA,0,75923
TSS_1414_storz_regulondb,0.043478260869565216,22,22,CATCTCATTATCACATGACT,0,527
TSS_1414_storz_regulondb,0.043478260869565216,22,22,CAGTTGTATTCATCCTCTCA,0,55669
TSS_1414_storz_regulondb,0.043478260869565216,22,22,CAGTCCGATTTGCAGGACCT,0,27277
TSS_1414_storz_regulondb,0.043478260869565216,22,22,CAGCCCTCGTTTAGGAACAA,0,2799
TSS_1414_storz_regulondb,0.043478260869565216,22,22,CACTGCACGGGGTGTGGTGA,0,7537
TSS_1414_storz_regulondb,0.043478260869565216,22,22,CACTCTGCTAGTACCTTGGT,0,11301
TSS_1414_storz_regulondb,0.043478260869565216,22,22,CACCGCCTATGGGTACGCAA,0,18640
TSS_1414_storz_regulondb,0.043478260869565216,22,22,CAAGTCCTAAAACGGTGGTA,0,41842
TSS_1414_storz_regulondb,0.043478260869565216,22,22,CAAGGGTCGAGGCGGCCACG,0,80410
TSS_1414_storz_regulondb,0.043478260869565216,22,22,CAAGGGATCTGCCCGTGAGA,0,34420
TSS_1414_storz_regulondb,0.043478260869565216,22,22,CAAGCCCGGGTGTCCTCATT,0,32513
TSS_1414_storz_regulondb,0.043478260869565216,22,22,ATGGCGGCGAATTAGTGATG,0,3441
TSS_1414_storz_regulondb,0.043478260869565216,22,22,ATGATGTCCATTGTCGGTAA,0,51227
TSS_1414_storz_regulondb,0.043478260869565216,22,22,ATGAAGCCCCGCTCCCGCCT,0,25488
TSS_1414_storz_regulondb,0.043478260869565216,22,22,ATCGTGCAAACGGCGGTGCA,0,39467
TSS_1414_storz_regulondb,0.043478260869565216,22,22,ATCGGCCCAATGGTGTGGGA,0,76160
TSS_1414_storz_regulondb,0.043478260869565216,22,22,ATCCTCGTTTGATTGCCGGC,0,68549
TSS_1414_storz_regulondb,0.043478260869565216,22,22,ATCCACCATTCTTTCAAAAA,0,45423
TSS_1414_storz_regulondb,0.043478260869565216,22,22,ATATGAATCAGCCTTAAGAA,0,75542
TSS_1414_storz_regulondb,0.043478260869565216,22,22,ATATATGGCAACGCTCAGGT,0,70189
TSS_1414_storz_regulondb,0.043478260869565216,22,22,AGTCTGCCCGACTTGCTTTG,0,55207
TSS_1414_storz_regulondb,0.043478260869565216,22,22,AGTCCATTGTAAGATGGTTG,0,45763
TSS_1414_storz_regulondb,0.043478260869565216,22,22,AGTACCGGCCGGGGTTGGCA,0,10950
TSS_1414_storz_regulondb,0.043478260869565216,22,22,AGTAACCTCGGGGAGGTGTC,0,45688
TSS_1414_storz_regulondb,0.043478260869565216,22,22,AGGGGATCGTGCTTACCCAG,0,36756
TSS_1414_storz_regulondb,0.043478260869565216,22,22,AGGCTGCCTCAACTCATATA,0,27851
TSS_1414_storz_regulondb,0.043478260869565216,22,22,AGGCGATTCTCGCCGGAACT,0,48063
TSS_1414_storz_regulondb,0.043478260869565216,22,22,AGGACTGTGCTTGGACCAAA,0,24316
TSS_1414_storz_regulondb,0.043478260869565216,22,22,AGCCAGGGCCACAGGACTTT,0,16823
TSS_1414_storz_regulondb,0.043478260869565216,22,22,AGCAAACTGGACCCTGTTTG,0,46381
TSS_1414_storz_regulondb,0.043478260869565216,22,22,AGAGTATTCGATATTCAGTT,0,68601
TSS_1414_storz_regulondb,0.043478260869565216,22,22,AGACCAGGTCGGTGTTTTCA,0,19006
TSS_1414_storz_regulondb,0.043478260869565216,22,22,ACGTGGTCTACGGGCTGGCA,0,77241
TSS_1414_storz_regulondb,0.043478260869565216,22,22,ACGTGGAACCACCGGGACTT,0,25128
TSS_1414_storz_regulondb,0.043478260869565216,22,22,ACGTCTGTGTAGTTCTGTTC,0,4197
TSS_1414_storz_regulondb,0.043478260869565216,22,22,ACGTCAGGGCATCAGGATTG,0,46069
TSS_1414_storz_regulondb,0.043478260869565216,22,22,ACGCAGAGAGTCCGCCACCT,0,36496
TSS_1414_storz_regulondb,0.043478260869565216,22,22,ACGAGCTTCTTGTCTAATAC,0,20668
TSS_1414_storz_regulondb,0.043478260869565216,22,22,ACCGGGCAAGGCTTTGCGCC,0,523
TSS_1414_storz_regulondb,0.043478260869565216,22,22,ACCGACCCAGTAAGTGAAGG,0,31497
TSS_1414_storz_regulondb,0.043478260869565216,22,22,ACCCCTTTTGCACGGAAAAG,0,18590
TSS_1414_storz_regulondb,0.043478260869565216,22,22,ACCACGGTCTCGAACGGTGA,0,43770
TSS_1414_storz_regulondb,0.043478260869565216,22,22,ACAGTCTCACCCTGCGTTCT,0,68939
TSS_1414_storz_regulondb,0.043478260869565216,22,22,ACAGGTTATAGTTCATTTTC,0,32587
TSS_1414_storz_regulondb,0.043478260869565216,22,22,ACAGCAAATTCGCAAACTTC,0,4320
TSS_1414_storz_regulondb,0.043478260869565216,22,22,AATTATCCCTAGTTATCGCT,0,63831
TSS_1414_storz_regulondb,0.043478260869565216,22,22,AATGATCAGATAAATAAATT,0,29585
TSS_1414_storz_regulondb,0.043478260869565216,22,22,AATGAGCGCACAACAGACCT,0,41916
TSS_1414_storz_regulondb,0.043478260869565216,22,22,AATCAGGTTAGTCCCAGGAT,0,47974
TSS_1414_storz_regulondb,0.043478260869565216,22,22,AATCAGCTGTTTACCCTGCA,0,58087
TSS_1414_storz_regulondb,0.043478260869565216,22,22,AATATGGCTGATTTTCCAGA,0,32676
TSS_1414_storz_regulondb,0.043478260869565216,22,22,AATACTCATACAGTTGTTCA,0,64060
TSS_1414_storz_regulondb,0.043478260869565216,22,22,AAGTTCCGAAACTGAGCGAA,0,65242
TSS_1414_storz_regulondb,0.043478260869565216,22,22,AAGGGTACTAATGTACTTGA,0,34614
TSS_1414_storz_regulondb,0.043478260869565216,22,22,AAGGATCGCATAGAGCCGGT,0,46798
TSS_1414_storz_regulondb,0.043478260869565216,22,22,AAGGATATATTGCCTAAGGA,0,51916
TSS_1414_storz_regulondb,0.043478260869565216,22,22,AAGCGTGACGTCGCGTTGTG,0,31554
TSS_1414_storz_regulondb,0.043478260869565216,22,22,AAGCGTACGTCCAGGTGCGT,0,44730
TSS_1414_storz_regulondb,0.043478260869565216,22,22,AAGAGCAAGAGAACAACTTG,0,12554
TSS_1414_storz_regulondb,0.043478260869565216,22,22,AACTTACCTCAATTTACGAC,0,48317
TSS_1414_storz_regulondb,0.043478260869565216,22,22,AACGGGTCACTTGGCACGCA,0,8949
TSS_1414_storz_regulondb,0.043478260869565216,22,22,AACGGGGACGATTCATGTCC,0,15834
TSS_1414_storz_regulondb,0.043478260869565216,22,22,AACGGGATCAGCCTACAATT,0,43956
TSS_1414_storz_regulondb,0.043478260869565216,22,22,AACGACTACCGTTGGTCCAT,0,19371
TSS_1414_storz_regulondb,0.043478260869565216,22,22,AACCCGGCGCCGGTATCTGC,0,15708
TSS_1414_storz_regulondb,0.043478260869565216,22,22,AACACACCTTTCACAAAAGG,0,56646
TSS_1414_storz_regulondb,0.043478260869565216,22,22,AAATGTTCGGGCCGACATAG,0,77693
TSS_1414_storz_regulondb,0.043478260869565216,22,22,AAATGCCCCAGTAGTATGAG,0,13591
TSS_1414_storz_regulondb,0.043478260869565216,22,22,AAATGAAATGATCACGGTCA,0,34680
TSS_1414_storz_regulondb,0.043478260869565216,22,22,AAATCAATTCGGTCCAGACG,0,59998
TSS_1414_storz_regulondb,0.043478260869565216,22,22,AAAGGAGTAAGCGAGAGAAA,0,10793
TSS_1414_storz_regulondb,0.043478260869565216,22,22,AAACGAAATCATTGTAGGTT,0,13248
TSS_1414_storz_regulondb,0.043478260869565216,22,22,AAAATAACGTTTAACCCATT,0,52067
TSS_1414_storz_regulondb,0.045454545454545456,21,21,TTTTGACGCCGTCTAGGCTG,0,19856
TSS_1414_storz_regulondb,0.045454545454545456,21,21,TTTCATTATCCGCTGTAGTG,0,67138
TSS_1414_storz_regulondb,0.045454545454545456,21,21,TTGGTTCAATTGCCCGTAAG,0,8772
TSS_1414_storz_regulondb,0.045454545454545456,21,21,TTGGCGTGGTGACACAACCA,0,61084
TSS_1414_storz_regulondb,0.045454545454545456,21,21,TTGCGCTCACGCTCGGGCCG,0,10953
TSS_1414_storz_regulondb,0.045454545454545456,21,21,TTGCAATTAGGCTGCCAGAG,0,72567
TSS_1414_storz_regulondb,0.045454545454545456,21,21,TTCGGCAATGGTTAGACCGA,0,479
TSS_1414_storz_regulondb,0.045454545454545456,21,21,TTCCTAATGAGATGCTTCTT,0,78972
TSS_1414_storz_regulondb,0.045454545454545456,21,21,TTCCGGCGACTGCGCGTAGG,0,77320
TSS_1414_storz_regulondb,0.045454545454545456,21,21,TTAATGGTTCCGAAGGGTCA,0,20489
TSS_1414_storz_regulondb,0.045454545454545456,21,21,TGTAACGTCTATATCTGCGA,0,12806
TSS_1414_storz_regulondb,0.045454545454545456,21,21,TGGTGTCCATACTGTGACGT,0,47850
TSS_1414_storz_regulondb,0.045454545454545456,21,21,TGGTGCCCGCTCAATGATCT,0,9586
TSS_1414_storz_regulondb,0.045454545454545456,21,21,TGGGTTTTTTTGGATGCTGT,0,54386
TSS_1414_storz_regulondb,0.045454545454545456,21,21,TGGGCTGGTGGGCTTACAGA,0,76430
TSS_1414_storz_regulondb,0.045454545454545456,21,21,TGCGTCTTTTGCTTCGGCGC,0,6054
TSS_1414_storz_regulondb,0.045454545454545456,21,21,TGATGGCTCAGCACGGATGG,0,24616
TSS_1414_storz_regulondb,0.045454545454545456,21,21,TGAGTTATATGCATTACCTA,0,4047
TSS_1414_storz_regulondb,0.045454545454545456,21,21,TGACTAGGCGACTTTGATCA,0,5524
TSS_1414_storz_regulondb,0.045454545454545456,21,21,TGACGTGGCCAACGAAGTTA,0,11451
TSS_1414_storz_regulondb,0.045454545454545456,21,21,TGAAAGTGGAAGACACGTGA,0,13062
TSS_1414_storz_regulondb,0.045454545454545456,21,21,TCTTTGCCTCGTCATTTCCA,0,30715
TSS_1414_storz_regulondb,0.045454545454545456,21,21,TCTGGATTCGCAGCAATTTT,0,65989
TSS_1414_storz_regulondb,0.045454545454545456,21,21,TCTGCGCGCCCCATGTCTCG,0,38534
TSS_1414_storz_regulondb,0.045454545454545456,21,21,TCTGCCGTTGCCCGCAGATT,0,42872
TSS_1414_storz_regulondb,0.045454545454545456,21,21,TCTCGCTGGTCTGCTGTCCG,0,73322
TSS_1414_storz_regulondb,0.045454545454545456,21,21,TCTCGCCAGAGCGAAGGCGA,0,6222
TSS_1414_storz_regulondb,0.045454545454545456,21,21,TCGTGGCAAGTTAGGAGATT,0,20749
TSS_1414_storz_regulondb,0.045454545454545456,21,21,TCCTTTATCTAGAAACCACA,0,61134
TSS_1414_storz_regulondb,0.045454545454545456,21,21,TCCTATCTCCAAAGAACATG,0,34280
TSS_1414_storz_regulondb,0.045454545454545456,21,21,TCCGGTTCACATACGAAGTT,0,44869
TSS_1414_storz_regulondb,0.045454545454545456,21,21,TCCGATGGGGATGACCCATA,0,59547
TSS_1414_storz_regulondb,0.045454545454545456,21,21,TCAATGTACCGAGCGCGGGG,0,30375
TSS_1414_storz_regulondb,0.045454545454545456,21,21,TCAACAACGTGCACTCTCGC,0,2376
TSS_1414_storz_regulondb,0.045454545454545456,21,21,TATTCGCGCTCGCATTTGGT,0,39433
TSS_1414_storz_regulondb,0.045454545454545456,21,21,TATCAAATACTAAGTCCGCG,0,28909
TSS_1414_storz_regulondb,0.045454545454545456,21,21,TATAGGTATTCAATATCGAC,0,20097
TSS_1414_storz_regulondb,0.045454545454545456,21,21,TAGCAGTCGCATTGGATGAT,0,12125
TSS_1414_storz_regulondb,0.045454545454545456,21,21,TACTCCTGTATATGACCGTC,0,77434
TSS_1414_storz_regulondb,0.045454545454545456,21,21,TACGAGTCCTTATGTGAAGT,0,1790
TSS_1414_storz_regulondb,0.045454545454545456,21,21,TACATCCGTGCAAGGAGTAA,0,13249
TSS_1414_storz_regulondb,0.045454545454545456,21,21,TAATGCGGGTGGTGGCGCAG,0,64492
TSS_1414_storz_regulondb,0.045454545454545456,21,21,TAACAAATACCGGCGGCGTG,0,66828
TSS_1414_storz_regulondb,0.045454545454545456,21,21,GTTTTGACGAGAGACTATTT,0,32983
TSS_1414_storz_regulondb,0.045454545454545456,21,21,GTTCTTACCTAAGATGTATT,0,17172
TSS_1414_storz_regulondb,0.045454545454545456,21,21,GTTCGTAGTCAAGAGAGATT,0,5946
TSS_1414_storz_regulondb,0.045454545454545456,21,21,GTGTTTGACGGAGTCTTCGT,0,55102
TSS_1414_storz_regulondb,0.045454545454545456,21,21,GTGTGCTTGTCTATCATCAT,0,32891
TSS_1414_storz_regulondb,0.045454545454545456,21,21,GTGTCCACTGTTAGAACGGT,0,30884
TSS_1414_storz_regulondb,0.045454545454545456,21,21,GTGTAGTCGAGATGGTTTTT,0,41446
TSS_1414_storz_regulondb,0.045454545454545456,21,21,GTCCTTTGAGCGTGCAAGCA,0,6483
TSS_1414_storz_regulondb,0.045454545454545456,21,21,GTCCGACTGGGCCGTGGCCG,0,45838
TSS_1414_storz_regulondb,0.045454545454545456,21,21,GTCAATCAAAGGACTGCGGT,0,28263
TSS_1414_storz_regulondb,0.045454545454545456,21,21,GTATCCTTGATCTCTATGTG,0,19481
TSS_1414_storz_regulondb,0.045454545454545456,21,21,GTAGAACGGCATCTGTAGCC,0,49535
TSS_1414_storz_regulondb,0.045454545454545456,21,21,GTACCCAAGCTATGCTTAGT,0,45432
TSS_1414_storz_regulondb,0.045454545454545456,21,21,GTAACCCTCGAATATTAAAA,0,19670
TSS_1414_storz_regulondb,0.045454545454545456,21,21,GTAAAGTATCAGGCGCCAGT,0,1428
TSS_1414_storz_regulondb,0.045454545454545456,21,21,GGTGTTTAGCGTTATTAATC,0,58887
TSS_1414_storz_regulondb,0.045454545454545456,21,21,GGTAAAGGACAGGTAACAAT,0,67770
TSS_1414_storz_regulondb,0.045454545454545456,21,21,GGGAGGACGCTAATAATCCG,0,69052
TSS_1414_storz_regulondb,0.045454545454545456,21,21,GGCTGTGACCAGGCCCGAAG,0,29364
TSS_1414_storz_regulondb,0.045454545454545456,21,21,GGCTGTCTCATTTAATGGTA,0,6654
TSS_1414_storz_regulondb,0.045454545454545456,21,21,GGCTCGGTTACGGATCGGAT,0,49435
TSS_1414_storz_regulondb,0.045454545454545456,21,21,GGCGCTTCGGGCGGCTCTTG,0,29357
TSS_1414_storz_regulondb,0.045454545454545456,21,21,GGCGAGGTTCGTTGGTTGAT,0,59148
TSS_1414_storz_regulondb,0.045454545454545456,21,21,GGCACCCCCGGGGAACGGTA,0,15846
TSS_1414_storz_regulondb,0.045454545454545456,21,21,GGATTCGCGCGGCCGACAAT,0,62482
TSS_1414_storz_regulondb,0.045454545454545456,21,21,GGAGCCAAGGCAGCCTGACT,0,56674
TSS_1414_storz_regulondb,0.045454545454545456,21,21,GGAACTCAAGTACTATTGGA,0,26423
TSS_1414_storz_regulondb,0.045454545454545456,21,21,GGAAATATAATACCCTTGAA,0,1426
TSS_1414_storz_regulondb,0.045454545454545456,21,21,GCTCTACGCCGGGGAACCAT,0,52681
TSS_1414_storz_regulondb,0.045454545454545456,21,21,GCTCGCTCTCCTAGACATAA,0,69801
TSS_1414_storz_regulondb,0.045454545454545456,21,21,GCTATTAAATTGGTCACCTC,0,68669
TSS_1414_storz_regulondb,0.045454545454545456,21,21,GCTAAAGCGCGGGGCGCAAT,0,32147
TSS_1414_storz_regulondb,0.045454545454545456,21,21,GCGTTGTTAAGTCAGAAAGT,0,79686
TSS_1414_storz_regulondb,0.045454545454545456,21,21,GCGTCCCGGAAAGATGTGCA,0,59981
TSS_1414_storz_regulondb,0.045454545454545456,21,21,GCGGTGGCTTATGTCAGGCT,0,31598
TSS_1414_storz_regulondb,0.045454545454545456,21,21,GCGGAACTCTAAGATTGCTA,0,34223
TSS_1414_storz_regulondb,0.045454545454545456,21,21,GCGATCTTCGGGCACGATCC,0,16270
TSS_1414_storz_regulondb,0.045454545454545456,21,21,GCCGTCACTGTCGGGCCATC,0,79273
TSS_1414_storz_regulondb,0.045454545454545456,21,21,GCCGTCAAATCTGGACGTGC,0,30946
TSS_1414_storz_regulondb,0.045454545454545456,21,21,GCCCCTTGATGAATGGCTCG,0,28372
TSS_1414_storz_regulondb,0.045454545454545456,21,21,GCCAAGTAAGGCGACATTTT,0,79858
TSS_1414_storz_regulondb,0.045454545454545456,21,21,GCATCGCGAGGTCCCGTTTT,0,63079
TSS_1414_storz_regulondb,0.045454545454545456,21,21,GCAACTGAGGACCTGGGAAC,0,15402
TSS_1414_storz_regulondb,0.045454545454545456,21,21,GATTTGTGACGCTGTGAGGA,0,34698
TSS_1414_storz_regulondb,0.045454545454545456,21,21,GATTTCCAAGCACCTACACC,0,11768
TSS_1414_storz_regulondb,0.045454545454545456,21,21,GATTGTACGGAGATTTACAA,0,25519
TSS_1414_storz_regulondb,0.045454545454545456,21,21,GATCTGTATCAATAACAAAC,0,30448
TSS_1414_storz_regulondb,0.045454545454545456,21,21,GATCGACCCCATGGTGCGTG,0,51445
TSS_1414_storz_regulondb,0.045454545454545456,21,21,GAGTCAGAAAATATGACATA,0,49690
TSS_1414_storz_regulondb,0.045454545454545456,21,21,GAGTACAGGTGAACGTGTTC,0,44015
TSS_1414_storz_regulondb,0.045454545454545456,21,21,GAGGGAGATTATCCGGACTG,0,73051
TSS_1414_storz_regulondb,0.045454545454545456,21,21,GAGGCATCTTACCATATCAC,0,15419
TSS_1414_storz_regulondb,0.045454545454545456,21,21,GAGCTTGTCCGTTTGGTCAC,0,15277
TSS_1414_storz_regulondb,0.045454545454545456,21,21,GAGCCCGAAGACAGTTTCCT,0,18843
TSS_1414_storz_regulondb,0.045454545454545456,21,21,GAGCCAGTTCCTAGGCAATG,0,54849
TSS_1414_storz_regulondb,0.045454545454545456,21,21,GAGATGTTCGATCACGCGCT,0,52192
TSS_1414_storz_regulondb,0.045454545454545456,21,21,GACTGGATTCTATCCAGAAC,0,49289
TSS_1414_storz_regulondb,0.045454545454545456,21,21,GACTGACGGCAGTGTTGTTA,0,17085
TSS_1414_storz_regulondb,0.045454545454545456,21,21,GACGCCTGGGCAGTGCGGAT,0,45261
TSS_1414_storz_regulondb,0.045454545454545456,21,21,GACCTAACCAGGAATGCCAC,0,43838
TSS_1414_storz_regulondb,0.045454545454545456,21,21,GACACGGTTGTGGTAGGAGT,0,12964
TSS_1414_storz_regulondb,0.045454545454545456,21,21,GAACAACGCCGAGTCGTGGC,0,15511
TSS_1414_storz_regulondb,0.045454545454545456,21,21,GAAAGCCACGCGATTTAGGT,0,55665
TSS_1414_storz_regulondb,0.045454545454545456,21,21,GAAAACCGCTATCTCAACCC,0,5840
TSS_1414_storz_regulondb,0.045454545454545456,21,21,CTTTAGGGTCAACTAGATAG,0,80582
TSS_1414_storz_regulondb,0.045454545454545456,21,21,CTTGCTCGGTGCAACGGCCT,0,37844
TSS_1414_storz_regulondb,0.045454545454545456,21,21,CTTGCCGAATTAACCTGCTT,0,66912
TSS_1414_storz_regulondb,0.045454545454545456,21,21,CTTCAGTTCAACACGGCGGC,0,13386
TSS_1414_storz_regulondb,0.045454545454545456,21,21,CTTATGTAATAGCTCGCTAA,0,11858
TSS_1414_storz_regulondb,0.045454545454545456,21,21,CTGTTTGGGCACCGCGGCAG,0,10679
TSS_1414_storz_regulondb,0.045454545454545456,21,21,CTGTGGGCTGACAGTTAGTC,0,7465
TSS_1414_storz_regulondb,0.045454545454545456,21,21,CTGCCATCTTGTGAGCTCCG,0,23567
TSS_1414_storz_regulondb,0.045454545454545456,21,21,CTGAGCGCTTCCTGATAGCT,0,63088
TSS_1414_storz_regulondb,0.045454545454545456,21,21,CTCCATTCACGATCCTGCCT,0,26798
TSS_1414_storz_regulondb,0.045454545454545456,21,21,CTCACTGTCCAGCGATTTGC,0,51082
TSS_1414_storz_regulondb,0.045454545454545456,21,21,CTCAACGGCAATCGCGGTAT,0,75428
TSS_1414_storz_regulondb,0.045454545454545456,21,21,CTATTAAGAAAACTACTCAC,0,52264
TSS_1414_storz_regulondb,0.045454545454545456,21,21,CTATTAACATCCGACGCGCA,0,45435
TSS_1414_storz_regulondb,0.045454545454545456,21,21,CTATAGCGCGCAGAGGCAGC,0,73988
TSS_1414_storz_regulondb,0.045454545454545456,21,21,CTAGGTGAGAACTAAGGTTA,0,67674
TSS_1414_storz_regulondb,0.045454545454545456,21,21,CTAGCGGAAGGATCTAGGAA,0,29391
TSS_1414_storz_regulondb,0.045454545454545456,21,21,CGTTTCAATCGCGTCTCTTC,0,14671
TSS_1414_storz_regulondb,0.045454545454545456,21,21,CGTTCATGAAATGCGAGTGC,0,21541
TSS_1414_storz_regulondb,0.045454545454545456,21,21,CGTGCGTTGTAAGAATTATA,0,76232
TSS_1414_storz_regulondb,0.045454545454545456,21,21,CGTGCCTGAATTTAAAGAGG,0,6197
TSS_1414_storz_regulondb,0.045454545454545456,21,21,CGTGACACGCTGAGTCCGAG,0,9130
TSS_1414_storz_regulondb,0.045454545454545456,21,21,CGTCGGCCCGAGGTTACCTG,0,40533
TSS_1414_storz_regulondb,0.045454545454545456,21,21,CGGTACACAGATACCTCGCG,0,54990
TSS_1414_storz_regulondb,0.045454545454545456,21,21,CGGGGGTACGTCACGCTGCG,0,60780
TSS_1414_storz_regulondb,0.045454545454545456,21,21,CGGGACTTCTCCTCCAGGGG,0,9310
TSS_1414_storz_regulondb,0.045454545454545456,21,21,CGGCATAATCAAATCGAGCA,0,33435
TSS_1414_storz_regulondb,0.045454545454545456,21,21,CGCGGTAGCACACTAACCAA,0,23332
TSS_1414_storz_regulondb,0.045454545454545456,21,21,CGCCTCACTGTAAGCGCTTT,0,52477
TSS_1414_storz_regulondb,0.045454545454545456,21,21,CGCCATGTTATAGCCTGAGC,0,58741
TSS_1414_storz_regulondb,0.045454545454545456,21,21,CGATTTTTTGCCTTCGAATG,0,45594
TSS_1414_storz_regulondb,0.045454545454545456,21,21,CGAGAACGAACCTCCCCCCG,0,4170
TSS_1414_storz_regulondb,0.045454545454545456,21,21,CGAAATATAGGAGAGCTGCT,0,20612
TSS_1414_storz_regulondb,0.045454545454545456,21,21,CCTTCTCCGGATCGCGTAAT,0,64482
TSS_1414_storz_regulondb,0.045454545454545456,21,21,CCTTCGCGACGCGTAAGGAC,0,22937
TSS_1414_storz_regulondb,0.045454545454545456,21,21,CCTCTATAGGTCGCTCGGTA,0,66702
TSS_1414_storz_regulondb,0.045454545454545456,21,21,CCTAGTCCTCGTTTTTGTAT,0,73479
TSS_1414_storz_regulondb,0.045454545454545456,21,21,CCGTTTATAGTAGCCGGAGA,0,48925
TSS_1414_storz_regulondb,0.045454545454545456,21,21,CCGTCGGCGCGTGGAATCAT,0,20804
TSS_1414_storz_regulondb,0.045454545454545456,21,21,CCGCTCGTTTCTAGCTTTTC,0,6199
TSS_1414_storz_regulondb,0.045454545454545456,21,21,CCGAGGGGGAAAAGATTAAG,0,25674
TSS_1414_storz_regulondb,0.045454545454545456,21,21,CCCTAACCCATAAGGCACAT,0,17474
TSS_1414_storz_regulondb,0.045454545454545456,21,21,CCCGTTCAGCCGGCACGCGT,0,72101
TSS_1414_storz_regulondb,0.045454545454545456,21,21,CCCGGAATAATTACTATTTT,0,10048
TSS_1414_storz_regulondb,0.045454545454545456,21,21,CCAGCGTGATCTCGTAGTAT,0,43782
TSS_1414_storz_regulondb,0.045454545454545456,21,21,CCACCTACCCGACGCTGAAG,0,34792
TSS_1414_storz_regulondb,0.045454545454545456,21,21,CCAAGTACCTAGTTCGTGAA,0,52567
TSS_1414_storz_regulondb,0.045454545454545456,21,21,CATGTTCTCGCAGCGTTTTC,0,21112
TSS_1414_storz_regulondb,0.045454545454545456,21,21,CATGATTGGGTCTTGCATAA,0,8196
TSS_1414_storz_regulondb,0.045454545454545456,21,21,CATCCACACCTCGCAGATTA,0,5093
TSS_1414_storz_regulondb,0.045454545454545456,21,21,CATAGCGGTCAAGACCGCCG,0,30391
TSS_1414_storz_regulondb,0.045454545454545456,21,21,CATACTTGGCGCCATTTTAG,0,34416
TSS_1414_storz_regulondb,0.045454545454545456,21,21,CATACCAGTTATCATTACCA,0,39206
TSS_1414_storz_regulondb,0.045454545454545456,21,21,CAGTTTTGTTGAACTGCTGA,0,46255
TSS_1414_storz_regulondb,0.045454545454545456,21,21,CAGTGCCAGGTGTCTGACAG,0,18122
TSS_1414_storz_regulondb,0.045454545454545456,21,21,CAGGCGGCATCGAACTCAAG,0,63919
TSS_1414_storz_regulondb,0.045454545454545456,21,21,CAGCTACGGCGCACCACCGC,0,52365
TSS_1414_storz_regulondb,0.045454545454545456,21,21,CAGATCGTCCGAAGTAATTT,0,78525
TSS_1414_storz_regulondb,0.045454545454545456,21,21,CACCGGGACAGAGTTTTCAG,0,70386
TSS_1414_storz_regulondb,0.045454545454545456,21,21,CACAAATCTGTTGACTACTG,0,67045
TSS_1414_storz_regulondb,0.045454545454545456,21,21,CAATTGCAAGCCCGTTCCGA,0,70327
TSS_1414_storz_regulondb,0.045454545454545456,21,21,CAAGCGGCGCCTTTATGTTA,0,28079
TSS_1414_storz_regulondb,0.045454545454545456,21,21,CAAGAGATCTTTCGAAACTA,0,77318
TSS_1414_storz_regulondb,0.045454545454545456,21,21,ATTTTACAGCGAACTGAGCG,0,18121
TSS_1414_storz_regulondb,0.045454545454545456,21,21,ATTTGGTCCACCCTAAATCA,0,73615
TSS_1414_storz_regulondb,0.045454545454545456,21,21,ATTTGAGCTTTGAGCTAGGT,0,7385
TSS_1414_storz_regulondb,0.045454545454545456,21,21,ATTTAATCATTTCTCCGCTC,0,16855
TSS_1414_storz_regulondb,0.045454545454545456,21,21,ATGGTGTGACAGAGCGAAAA,0,74974
TSS_1414_storz_regulondb,0.045454545454545456,21,21,ATCTGGCCGGTCTGATGCGA,0,6065
TSS_1414_storz_regulondb,0.045454545454545456,21,21,ATCGGACTCACCCTTGTGTA,0,39872
TSS_1414_storz_regulondb,0.045454545454545456,21,21,ATATTCGGCGAGGTTATGCG,0,62043
TSS_1414_storz_regulondb,0.045454545454545456,21,21,ATATCCAACGGCAGAACCGA,0,13077
TSS_1414_storz_regulondb,0.045454545454545456,21,21,ATAGGCGATACTGTCACGCC,0,11969
TSS_1414_storz_regulondb,0.045454545454545456,21,21,ATAGCAAGTAACCGTCGCGC,0,79340
TSS_1414_storz_regulondb,0.045454545454545456,21,21,AGTGCGAAGGGAGAATCAAT,0,47523
TSS_1414_storz_regulondb,0.045454545454545456,21,21,AGTAGAGTGGGACGTGGCTC,0,46421
TSS_1414_storz_regulondb,0.045454545454545456,21,21,AGGTTCCACCAGCAGCCAGA,0,41740
TSS_1414_storz_regulondb,0.045454545454545456,21,21,AGGGGCAACCGGTGGATTAT,0,79527
TSS_1414_storz_regulondb,0.045454545454545456,21,21,AGGCTCGAGGGTCGGTTACA,0,54017
TSS_1414_storz_regulondb,0.045454545454545456,21,21,AGGCGCATTGCTTGTCGGAT,0,3665
TSS_1414_storz_regulondb,0.045454545454545456,21,21,AGCTTACATGGGTGTCGCCA,0,67316
TSS_1414_storz_regulondb,0.045454545454545456,21,21,AGCGCCTGCCCACGTTAGTT,0,53661
TSS_1414_storz_regulondb,0.045454545454545456,21,21,AGCAAATAGAATTGATTTAA,0,6401
TSS_1414_storz_regulondb,0.045454545454545456,21,21,AGATGGGCTGGGGCTCTTCC,0,29538
TSS_1414_storz_regulondb,0.045454545454545456,21,21,AGATATCCTCTCGCCGTGAT,0,14703
TSS_1414_storz_regulondb,0.045454545454545456,21,21,AGAGTCAAAGTGATGTAACG,0,15693
TSS_1414_storz_regulondb,0.045454545454545456,21,21,ACTTCGCGGCAGATCACGGT,0,19731
TSS_1414_storz_regulondb,0.045454545454545456,21,21,ACTACAAAGCGACCGTGTGC,0,43649
TSS_1414_storz_regulondb,0.045454545454545456,21,21,ACGCTTTGAGATACTTTCAG,0,47848
TSS_1414_storz_regulondb,0.045454545454545456,21,21,ACGCCTGCTACACCAGCACC,0,8584
TSS_1414_storz_regulondb,0.045454545454545456,21,21,ACGATGCCATAGCGCCAATG,0,71893
TSS_1414_storz_regulondb,0.045454545454545456,21,21,ACCTCCTTGGCTAAGCTATA,0,2153
TSS_1414_storz_regulondb,0.045454545454545456,21,21,ACCGGTCCGGTTATTCTTGA,0,19182
TSS_1414_storz_regulondb,0.045454545454545456,21,21,ACCCAGGACATAAGCGTGTC,0,9022
TSS_1414_storz_regulondb,0.045454545454545456,21,21,ACCATGAAACCGAATGGGTG,0,59783
TSS_1414_storz_regulondb,0.045454545454545456,21,21,ACCAGCTGGTCGGTACGAGT,0,58913
TSS_1414_storz_regulondb,0.045454545454545456,21,21,ACACCGTGAACACAGTGCTA,0,75906
TSS_1414_storz_regulondb,0.045454545454545456,21,21,ACAAATAATCTTCGGCGCAT,0,52994
TSS_1414_storz_regulondb,0.045454545454545456,21,21,AATTGTTGTTAGAGAAACTT,0,14085
TSS_1414_storz_regulondb,0.045454545454545456,21,21,AATGACTAACTTGCGGTATG,0,34664
TSS_1414_storz_regulondb,0.045454545454545456,21,21,AAGTTCCGATAGCAGGGAAT,0,79921
TSS_1414_storz_regulondb,0.045454545454545456,21,21,AAGGAACATTTCTCTACGAA,0,37564
TSS_1414_storz_regulondb,0.045454545454545456,21,21,AAGCGGTGCGTATGCATGCT,0,18430
TSS_1414_storz_regulondb,0.045454545454545456,21,21,AAGAGCAAGCTGCGTTTCAC,0,40428
TSS_1414_storz_regulondb,0.045454545454545456,21,21,AAGAACCTAATGGCCGAAAA,0,6964
TSS_1414_storz_regulondb,0.045454545454545456,21,21,AACTTTTGCCACGTCTTATT,0,67535
TSS_1414_storz_regulondb,0.045454545454545456,21,21,AACTCCGGTTACGGATTTGC,0,12104
TSS_1414_storz_regulondb,0.045454545454545456,21,21,AACTAGAACATTTTCGTTGC,0,60546
TSS_1414_storz_regulondb,0.045454545454545456,21,21,AACGCGCTAGGCCCGGGCGG,0,69954
TSS_1414_storz_regulondb,0.045454545454545456,21,21,AACCCTGGATGTTAGCTGGT,0,10919
TSS_1414_storz_regulondb,0.045454545454545456,21,21,AACAACGAAACTCTCATTGT,0,16644
TSS_1414_storz_regulondb,0.045454545454545456,21,21,AAATGTATCGCTCTTGTCTA,0,29528
TSS_1414_storz_regulondb,0.045454545454545456,21,21,AAATCTGCAAATCAATGGAG,0,6801
TSS_1414_storz_regulondb,0.045454545454545456,21,21,AAACTGCTGCAACGGTAGGG,0,33520
TSS_1414_storz_regulondb,0.045454545454545456,21,21,AAACTAAGAGGTAGAAGCCT,0,48609
TSS_1414_storz_regulondb,0.045454545454545456,21,21,AAACAGCGCCGCCGCAAGAT,0,56848
TSS_1414_storz_regulondb,0.047619047619047616,20,20,TTTTCGCTAACTCCGACAGG,0,70299
TSS_1414_storz_regulondb,0.047619047619047616,20,20,TTTTAAAAGTTGCTGATTAA,0,57775
TSS_1414_storz_regulondb,0.047619047619047616,20,20,TTTCATTAGTATTCGTTATG,0,73724
TSS_1414_storz_regulondb,0.047619047619047616,20,20,TTGTGAAATTAAGTTTGTAG,0,39712
TSS_1414_storz_regulondb,0.047619047619047616,20,20,TTGTACATACTAGATAGCCC,0,9580
TSS_1414_storz_regulondb,0.047619047619047616,20,20,TTGTAACCGTCGGGGGTCGT,0,59929
TSS_1414_storz_regulondb,0.047619047619047616,20,20,TTGGGTCTCCGCAGGGTCCC,0,36804
TSS_1414_storz_regulondb,0.047619047619047616,20,20,TTGCCCGGCATATCTAACAG,0,18502
TSS_1414_storz_regulondb,0.047619047619047616,20,20,TTCAGGCGTACTCGTTTAGC,0,28292
TSS_1414_storz_regulondb,0.047619047619047616,20,20,TTCACACTAGGCAGGCGAAA,0,41936
TSS_1414_storz_regulondb,0.047619047619047616,20,20,TTCAAGAACGTGCTGAATGG,0,16903
TSS_1414_storz_regulondb,0.047619047619047616,20,20,TTCAAATTAAATTGTCGAGA,0,61424
TSS_1414_storz_regulondb,0.047619047619047616,20,20,TTATATTTCGTGTCTTCCCC,0,2206
TSS_1414_storz_regulondb,0.047619047619047616,20,20,TTAACCACCAACCTTATCTA,0,2816
TSS_1414_storz_regulondb,0.047619047619047616,20,20,TTAAACGAAAAGTGTTTCTC,0,70959
TSS_1414_storz_regulondb,0.047619047619047616,20,20,TGTTATCTGATGAGAATTGT,0,1282
TSS_1414_storz_regulondb,0.047619047619047616,20,20,TGTCGTCTGGGGTAGTGAAA,0,51265
TSS_1414_storz_regulondb,0.047619047619047616,20,20,TGTCAGTATCATGAAGGGAT,0,68814
TSS_1414_storz_regulondb,0.047619047619047616,20,20,TGGTGAGCAATTGGCGAACG,0,49237
TSS_1414_storz_regulondb,0.047619047619047616,20,20,TGGGTCGCATACACGTTATG,0,73120
TSS_1414_storz_regulondb,0.047619047619047616,20,20,TGGGCGAGAGTATTTCGTAA,0,22672
TSS_1414_storz_regulondb,0.047619047619047616,20,20,TGGCCCGCACTCGGTTGGGT,0,47026
TSS_1414_storz_regulondb,0.047619047619047616,20,20,TGGCCACAGGTGCGCACATA,0,38915
TSS_1414_storz_regulondb,0.047619047619047616,20,20,TGGATGACCATAAGTGAACT,0,75204
TSS_1414_storz_regulondb,0.047619047619047616,20,20,TGCTGAGGGCACTGGCTAGG,0,19470
TSS_1414_storz_regulondb,0.047619047619047616,20,20,TGCGTATGGGAAAGAGGCAA,0,75910
TSS_1414_storz_regulondb,0.047619047619047616,20,20,TGCGCACTACATAAAATTAT,0,43428
TSS_1414_storz_regulondb,0.047619047619047616,20,20,TGCCGAACCTCTTGCGTATA,0,58890
TSS_1414_storz_regulondb,0.047619047619047616,20,20,TGCCAACGTTCAATTAGGGG,0,32192
TSS_1414_storz_regulondb,0.047619047619047616,20,20,TGCACGATGGAAGAGCTCTA,0,33580
TSS_1414_storz_regulondb,0.047619047619047616,20,20,TGCACACGTTTTTTGTAGGG,0,61103
TSS_1414_storz_regulondb,0.047619047619047616,20,20,TGCAACTGCTCCAAGGTCTA,0,17966
TSS_1414_storz_regulondb,0.047619047619047616,20,20,TCTTGGTAAACGCTATTTAG,0,23994
TSS_1414_storz_regulondb,0.047619047619047616,20,20,TCTGGGTGCTCCTACGACGC,0,61137
TSS_1414_storz_regulondb,0.047619047619047616,20,20,TCTCCGTCAATCGGAGTGTC,0,12403
TSS_1414_storz_regulondb,0.047619047619047616,20,20,TCTATTATTCTCTCGCCAAC,0,55997
TSS_1414_storz_regulondb,0.047619047619047616,20,20,TCTAGTATGGTGGTGGGCCT,0,46907
TSS_1414_storz_regulondb,0.047619047619047616,20,20,TCTAAGACGCATAATCACGA,0,18236
TSS_1414_storz_regulondb,0.047619047619047616,20,20,TCTAACTGGCAGCGTTATAG,0,51980
TSS_1414_storz_regulondb,0.047619047619047616,20,20,TCGGTGGATCCACCCACAAT,0,12105
TSS_1414_storz_regulondb,0.047619047619047616,20,20,TCGGACGTGGCCTTAGGATA,0,43749
TSS_1414_storz_regulondb,0.047619047619047616,20,20,TCGCCTAAATATGAACGTGT,0,55520
TSS_1414_storz_regulondb,0.047619047619047616,20,20,TCGCATAACCCTGAGGCGGT,0,46171
TSS_1414_storz_regulondb,0.047619047619047616,20,20,TCGAAGAGTAGCGCGGATCG,0,44337
TSS_1414_storz_regulondb,0.047619047619047616,20,20,TCCTCGGTTACTTCAGTCTC,0,22343
TSS_1414_storz_regulondb,0.047619047619047616,20,20,TCATTATGGGATCGCTTGCA,0,52394
TSS_1414_storz_regulondb,0.047619047619047616,20,20,TCATAGTTCTGGTTCTCCCC,0,44647
TSS_1414_storz_regulondb,0.047619047619047616,20,20,TCAGCTTCAGACGCCAGTTC,0,43586
TSS_1414_storz_regulondb,0.047619047619047616,20,20,TCAGCGGCCTACGAATTATT,0,38051
TSS_1414_storz_regulondb,0.047619047619047616,20,20,TATGGCAGTGCTAAGCTCCT,0,2598
TSS_1414_storz_regulondb,0.047619047619047616,20,20,TATATCCGCGACTGTCCGGT,0,73980
TSS_1414_storz_regulondb,0.047619047619047616,20,20,TATATACTCGAACGTTTCCA,0,11734
TSS_1414_storz_regulondb,0.047619047619047616,20,20,TAGGGGTTCAAGCAACATGG,0,46914
TSS_1414_storz_regulondb,0.047619047619047616,20,20,TAGGGACAGGCGACGTTTGA,0,43300
TSS_1414_storz_regulondb,0.047619047619047616,20,20,TAGCAGGTAGAACTGACTCA,0,29664
TSS_1414_storz_regulondb,0.047619047619047616,20,20,TAGATCAGTTAGGTCCCTTC,0,42632
TSS_1414_storz_regulondb,0.047619047619047616,20,20,TACTTAGAGATCTTACCCCG,0,41527
TSS_1414_storz_regulondb,0.047619047619047616,20,20,TACCTTTGAAAACTACCTGT,0,27940
TSS_1414_storz_regulondb,0.047619047619047616,20,20,TACATACGTTATGTTGACTA,0,54703
TSS_1414_storz_regulondb,0.047619047619047616,20,20,TACAGTGGTTGCCAATACCT,0,8600
TSS_1414_storz_regulondb,0.047619047619047616,20,20,TAAGGGTCAACGTGTTTGGA,0,33786
TSS_1414_storz_regulondb,0.047619047619047616,20,20,TAACTCACTGGCTAAAAACA,0,16639
TSS_1414_storz_regulondb,0.047619047619047616,20,20,GTTTCGGTGCCTTTTGAATA,0,9075
TSS_1414_storz_regulondb,0.047619047619047616,20,20,GTTTCATGCAAGCCTGAAAC,0,22246
TSS_1414_storz_regulondb,0.047619047619047616,20,20,GTTCCTGAATGAGCAGCAGC,0,55161
TSS_1414_storz_regulondb,0.047619047619047616,20,20,GTGTCTGTAGTGCTTGCAAA,0,22910
TSS_1414_storz_regulondb,0.047619047619047616,20,20,GTGGTGGGCGCGCCCTTTCA,0,67810
TSS_1414_storz_regulondb,0.047619047619047616,20,20,GTGGAGAAACCGTTAGTCCT,0,18903
TSS_1414_storz_regulondb,0.047619047619047616,20,20,GTGGACCGATCGAAACTCCA,0,65719
TSS_1414_storz_regulondb,0.047619047619047616,20,20,GTGCTAGGGTGCGATCACTA,0,58531
TSS_1414_storz_regulondb,0.047619047619047616,20,20,GTGCACTAATCCTACTTGAA,0,58779
TSS_1414_storz_regulondb,0.047619047619047616,20,20,GTCTTATGTACGACAAACCC,0,37381
TSS_1414_storz_regulondb,0.047619047619047616,20,20,GTCGTCTGACCTTTAGTGTC,0,39623
TSS_1414_storz_regulondb,0.047619047619047616,20,20,GTCGGGATCCACGTTAGTTT,0,47983
TSS_1414_storz_regulondb,0.047619047619047616,20,20,GTCCCGGCTTTACAGAACAT,0,7439
TSS_1414_storz_regulondb,0.047619047619047616,20,20,GTCACAATATTGCGAAAGAG,0,47787
TSS_1414_storz_regulondb,0.047619047619047616,20,20,GTCAATAACTTAATGAGATA,0,16510
TSS_1414_storz_regulondb,0.047619047619047616,20,20,GTATTCAGGTATACCGACGT,0,26012
TSS_1414_storz_regulondb,0.047619047619047616,20,20,GTATGTACACTTCACTGCTA,0,42812
TSS_1414_storz_regulondb,0.047619047619047616,20,20,GTATGGCTTCACACGTATCC,0,2437
TSS_1414_storz_regulondb,0.047619047619047616,20,20,GTAGTGCGGTGATTACATCC,0,65212
TSS_1414_storz_regulondb,0.047619047619047616,20,20,GTAATTTGACTCAAATCAAC,0,40649
TSS_1414_storz_regulondb,0.047619047619047616,20,20,GTAATCCCTTTATAGGACCG,0,7309
TSS_1414_storz_regulondb,0.047619047619047616,20,20,GTAAGGTTGCGTCAATTGTT,0,21360
TSS_1414_storz_regulondb,0.047619047619047616,20,20,GTAAATTCTTTATAGTCTTC,0,4498
TSS_1414_storz_regulondb,0.047619047619047616,20,20,GGTTGAAAGTGCGAACTGTT,0,18941
TSS_1414_storz_regulondb,0.047619047619047616,20,20,GGTGAGACGAGTTTGGTAGG,0,62764
TSS_1414_storz_regulondb,0.047619047619047616,20,20,GGTCCTTTTCAGTGTCTGAG,0,67777
TSS_1414_storz_regulondb,0.047619047619047616,20,20,GGTAGACATAAATGAATCGA,0,56355
TSS_1414_storz_regulondb,0.047619047619047616,20,20,GGTAATCATACAGCTGGAAT,0,60
TSS_1414_storz_regulondb,0.047619047619047616,20,20,GGGGTACCCAGCGAATTTTA,0,64772
TSS_1414_storz_regulondb,0.047619047619047616,20,20,GGGCTCTACGGGGCGTCAAT,0,35709
TSS_1414_storz_regulondb,0.047619047619047616,20,20,GGCTAAGGTTACCGTAGGTA,0,23078
TSS_1414_storz_regulondb,0.047619047619047616,20,20,GGCGTGTAACCTGGTTATCA,0,70229
TSS_1414_storz_regulondb,0.047619047619047616,20,20,GGCGGGTGTCCTGGGATGGT,0,40383
TSS_1414_storz_regulondb,0.047619047619047616,20,20,GGCGGGCGCTATTCAATAAT,0,65634
TSS_1414_storz_regulondb,0.047619047619047616,20,20,GGCATTAGAATAGTGTCCGC,0,13316
TSS_1414_storz_regulondb,0.047619047619047616,20,20,GGCACGGTCATACGAATAAC,0,74037
TSS_1414_storz_regulondb,0.047619047619047616,20,20,GGAGTATGTCGTTTCTATGC,0,46627
TSS_1414_storz_regulondb,0.047619047619047616,20,20,GGAGGTATTGCCAGCAAATG,0,61096
TSS_1414_storz_regulondb,0.047619047619047616,20,20,GGAATTGGAGGTGAGGGTTA,0,55807
TSS_1414_storz_regulondb,0.047619047619047616,20,20,GCTTTTCCCGATCATATTCT,0,26928
TSS_1414_storz_regulondb,0.047619047619047616,20,20,GCTTCTAGGAAGAAACACTC,0,34608
TSS_1414_storz_regulondb,0.047619047619047616,20,20,GCTATGAGCGCCGAGTGCCA,0,66638
TSS_1414_storz_regulondb,0.047619047619047616,20,20,GCTATAAGTCACATTGGAGA,0,2408
TSS_1414_storz_regulondb,0.047619047619047616,20,20,GCGTTTATTCGTAGGGGGAG,0,44176
TSS_1414_storz_regulondb,0.047619047619047616,20,20,GCGGCCACGACAAACCTTAA,0,5959
TSS_1414_storz_regulondb,0.047619047619047616,20,20,GCCTGAAGGGTGATTCGAGC,0,30018
TSS_1414_storz_regulondb,0.047619047619047616,20,20,GCCTCGCGAAAAAAAAGGCA,0,31816
TSS_1414_storz_regulondb,0.047619047619047616,20,20,GCCGTTTGTCGCCAGGGAAC,0,2029
TSS_1414_storz_regulondb,0.047619047619047616,20,20,GCCGGAGTAGGGGATACGCA,0,41515
TSS_1414_storz_regulondb,0.047619047619047616,20,20,GCATCGCAATAACAGGAGCA,0,10569
TSS_1414_storz_regulondb,0.047619047619047616,20,20,GCAGTCCACCTCAGTCAAGT,0,46239
TSS_1414_storz_regulondb,0.047619047619047616,20,20,GCAGGCGCAGCCCGCCTGTA,0,44194
TSS_1414_storz_regulondb,0.047619047619047616,20,20,GCACTCATGCCTGTTCGGAG,0,26302
TSS_1414_storz_regulondb,0.047619047619047616,20,20,GCACGTTAAAGGCCTCCCAT,0,29550
TSS_1414_storz_regulondb,0.047619047619047616,20,20,GATGTTGCACTGGAACCTTT,0,31950
TSS_1414_storz_regulondb,0.047619047619047616,20,20,GATGGTGCTTCTTATCGAGT,0,9968
TSS_1414_storz_regulondb,0.047619047619047616,20,20,GATCTCCCTGCTCTGGAATG,0,4
TSS_1414_storz_regulondb,0.047619047619047616,20,20,GATCGACCATGGTCCCGATT,0,73001
TSS_1414_storz_regulondb,0.047619047619047616,20,20,GATAGTGCGCAAGTGGGTGA,0,70816
TSS_1414_storz_regulondb,0.047619047619047616,20,20,GATAAGCCCGCTGACGGGGA,0,68878
TSS_1414_storz_regulondb,0.047619047619047616,20,20,GATAACGTAGAGAATACGCT,0,58644
TSS_1414_storz_regulondb,0.047619047619047616,20,20,GAGTTTCGGGCACCTCCGTC,0,7273
TSS_1414_storz_regulondb,0.047619047619047616,20,20,GAGTTCATGAGGAGGTTTGA,0,52821
TSS_1414_storz_regulondb,0.047619047619047616,20,20,GAGTTAACGCGTTTCACGAT,0,15861
TSS_1414_storz_regulondb,0.047619047619047616,20,20,GAGTCTTGTTCTCCATCCCA,0,68090
TSS_1414_storz_regulondb,0.047619047619047616,20,20,GAGGCGATTGGACAGAGGCT,0,49417
TSS_1414_storz_regulondb,0.047619047619047616,20,20,GACTACATTAGCCATGAGAA,0,41983
TSS_1414_storz_regulondb,0.047619047619047616,20,20,GACCACAGGCTGGGTATTCC,0,8692
TSS_1414_storz_regulondb,0.047619047619047616,20,20,GACATGATGAGGCTCCGTTA,0,68318
TSS_1414_storz_regulondb,0.047619047619047616,20,20,GAAGGCCGTATACTGTGCCC,0,62570
TSS_1414_storz_regulondb,0.047619047619047616,20,20,CTTTTATGCTACGCACGCTC,0,49957
TSS_1414_storz_regulondb,0.047619047619047616,20,20,CTTTGTGATTACAGACGATC,0,44535
TSS_1414_storz_regulondb,0.047619047619047616,20,20,CTTTGCACTATACATTCACT,0,53030
TSS_1414_storz_regulondb,0.047619047619047616,20,20,CTTTGCAAGTCTTGTCAGCA,0,72254
TSS_1414_storz_regulondb,0.047619047619047616,20,20,CTTTATTGAATTGCGAGGGG,0,56488
TSS_1414_storz_regulondb,0.047619047619047616,20,20,CTTCAGACAGTTCGTCAAGG,0,52178
TSS_1414_storz_regulondb,0.047619047619047616,20,20,CTTCACCTGAACCACTCCAC,0,24961
TSS_1414_storz_regulondb,0.047619047619047616,20,20,CTTCAAAATTGCCGAGGGTA,0,52988
TSS_1414_storz_regulondb,0.047619047619047616,20,20,CTTAAGCCGCCTGGACTAAA,0,20957
TSS_1414_storz_regulondb,0.047619047619047616,20,20,CTTAACAGCCGATTGAGGTT,0,7856
TSS_1414_storz_regulondb,0.047619047619047616,20,20,CTGTCTCGACACAGCGAGGC,0,11383
TSS_1414_storz_regulondb,0.047619047619047616,20,20,CTGGAATCGGGGGGTTTCGA,0,62181
TSS_1414_storz_regulondb,0.047619047619047616,20,20,CTCGTCTACTATTGATAGAT,0,74202
TSS_1414_storz_regulondb,0.047619047619047616,20,20,CTCGTATGCTGTTCGTTTGC,0,50554
TSS_1414_storz_regulondb,0.047619047619047616,20,20,CTCCCACGGATTGAGACAGA,0,28258
TSS_1414_storz_regulondb,0.047619047619047616,20,20,CTATTTTTTTATGAATTGAT,0,9073
TSS_1414_storz_regulondb,0.047619047619047616,20,20,CTATTTGCCACGTAAATTCA,0,14513
TSS_1414_storz_regulondb,0.047619047619047616,20,20,CTATTTCCGCTCCCAAGCCG,0,40746
TSS_1414_storz_regulondb,0.047619047619047616,20,20,CTATAATCATCTGGTCGTTG,0,52040
TSS_1414_storz_regulondb,0.047619047619047616,20,20,CTAGGCACCTTCCGGTGGCG,0,29478
TSS_1414_storz_regulondb,0.047619047619047616,20,20,CTACGAGGGGCCTGCGGACT,0,14501
TSS_1414_storz_regulondb,0.047619047619047616,20,20,CGTGGCGAGACTTACGAAAG,0,59213
TSS_1414_storz_regulondb,0.047619047619047616,20,20,CGTGAGTGGTTCTCCGGGTA,0,11634
TSS_1414_storz_regulondb,0.047619047619047616,20,20,CGTAGGGAAATACCAGGGGA,0,27933
TSS_1414_storz_regulondb,0.047619047619047616,20,20,CGTACTACTTCATGGAGAGA,0,73613
TSS_1414_storz_regulondb,0.047619047619047616,20,20,CGGTGCATTCACTAAATGTT,0,23826
TSS_1414_storz_regulondb,0.047619047619047616,20,20,CGGCTCATCCTGTTGACGAT,0,59152
TSS_1414_storz_regulondb,0.047619047619047616,20,20,CGGCAAAGGGATGTCGCCCT,0,49695
TSS_1414_storz_regulondb,0.047619047619047616,20,20,CGGAAAGTTCCGAATACTCA,0,73578
TSS_1414_storz_regulondb,0.047619047619047616,20,20,CGCTGGGATCGGCTGAATGG,0,72049
TSS_1414_storz_regulondb,0.047619047619047616,20,20,CGCTACCAATAAAAGCTTGA,0,79806
TSS_1414_storz_regulondb,0.047619047619047616,20,20,CGCGTTGACTATTGTGGTGT,0,48610
TSS_1414_storz_regulondb,0.047619047619047616,20,20,CGCGCGGTTATACGTGAATG,0,29224
TSS_1414_storz_regulondb,0.047619047619047616,20,20,CGCCCCAGGTGCGAATAACT,0,74223
TSS_1414_storz_regulondb,0.047619047619047616,20,20,CGATTGCGTAACGAGATCTC,0,1167
TSS_1414_storz_regulondb,0.047619047619047616,20,20,CGATAGGATCAGACATCGGG,0,66787
TSS_1414_storz_regulondb,0.047619047619047616,20,20,CGACGTGTGCACCCACAAAG,0,1665
TSS_1414_storz_regulondb,0.047619047619047616,20,20,CGAAATGGGTTCACCGTAAT,0,36188
TSS_1414_storz_regulondb,0.047619047619047616,20,20,CCTTTAGGATGTGTGTCCTT,0,64310
TSS_1414_storz_regulondb,0.047619047619047616,20,20,CCTGTTACATCAGCGTCGCT,0,17720
TSS_1414_storz_regulondb,0.047619047619047616,20,20,CCTGGTATGGGTTAAGAAGG,0,37514
TSS_1414_storz_regulondb,0.047619047619047616,20,20,CCTGCTTTCCAACCGTTGCA,0,64427
TSS_1414_storz_regulondb,0.047619047619047616,20,20,CCTCGCTCCGTGTAAGCAAT,0,17615
TSS_1414_storz_regulondb,0.047619047619047616,20,20,CCTAGGGTGGTATGTCCACT,0,19430
TSS_1414_storz_regulondb,0.047619047619047616,20,20,CCGTAAGCACACTGAAACGA,0,13380
TSS_1414_storz_regulondb,0.047619047619047616,20,20,CCGGGATAGGATAACTGGGA,0,62628
TSS_1414_storz_regulondb,0.047619047619047616,20,20,CCCGGCTTCCGGGATAAGAC,0,64119
TSS_1414_storz_regulondb,0.047619047619047616,20,20,CCCAAGGATAATGCGAGAGC,0,67781
TSS_1414_storz_regulondb,0.047619047619047616,20,20,CCATAGGGGAATATTGGAGG,0,77411
TSS_1414_storz_regulondb,0.047619047619047616,20,20,CCAGCATGCGCAGATTTACT,0,41130
TSS_1414_storz_regulondb,0.047619047619047616,20,20,CCAGCAGAACAGTTAGCATA,0,79050
TSS_1414_storz_regulondb,0.047619047619047616,20,20,CCACTTCACGTAGGCCTGCT,0,48372
TSS_1414_storz_regulondb,0.047619047619047616,20,20,CCACGCAGAGTGAAGTAGGT,0,30288
TSS_1414_storz_regulondb,0.047619047619047616,20,20,CCACCCTGTTGTGAGAGCTA,0,77080
TSS_1414_storz_regulondb,0.047619047619047616,20,20,CCAACCTATGAGAATACGTA,0,57997
TSS_1414_storz_regulondb,0.047619047619047616,20,20,CATTTGAAATCACCTAGGCT,0,24825
TSS_1414_storz_regulondb,0.047619047619047616,20,20,CATGCCCAATAGCGTCTTGA,0,18653
TSS_1414_storz_regulondb,0.047619047619047616,20,20,CATAGTGTCGAGGGTTGGAG,0,60247
TSS_1414_storz_regulondb,0.047619047619047616,20,20,CATACCCCGGAAGTTGGCCT,0,55666
TSS_1414_storz_regulondb,0.047619047619047616,20,20,CAGTCCCGCGGGCCGTCCAC,0,11863
TSS_1414_storz_regulondb,0.047619047619047616,20,20,CAGGCAGGGGTTTGCAGTGT,0,44134
TSS_1414_storz_regulondb,0.047619047619047616,20,20,CACAAACGAATTGAAGGGCA,0,10342
TSS_1414_storz_regulondb,0.047619047619047616,20,20,CAATGTACATGCGCTTTATT,0,71639
TSS_1414_storz_regulondb,0.047619047619047616,20,20,CAATCCCCTAGCAACTACGT,0,54709
TSS_1414_storz_regulondb,0.047619047619047616,20,20,CAAGTCTTATACGGCCCCAA,0,80278
TSS_1414_storz_regulondb,0.047619047619047616,20,20,CAACAGTACTGGTAATGACT,0,73146
TSS_1414_storz_regulondb,0.047619047619047616,20,20,ATTGCGCCGCAGTGCTGTAG,0,16408
TSS_1414_storz_regulondb,0.047619047619047616,20,20,ATTCGGCATCTAGGGCACTA,0,30263
TSS_1414_storz_regulondb,0.047619047619047616,20,20,ATTATTATTAGTTTTTATCA,0,46635
TSS_1414_storz_regulondb,0.047619047619047616,20,20,ATTAGTTGATTCAACACTCG,0,32507
TSS_1414_storz_regulondb,0.047619047619047616,20,20,ATGTGATTGGGCTAAAGATG,0,41676
TSS_1414_storz_regulondb,0.047619047619047616,20,20,ATGGTTTTATGCCAACCAAC,0,64595
TSS_1414_storz_regulondb,0.047619047619047616,20,20,ATGCAAATCCCTCTCCGTAC,0,26106
TSS_1414_storz_regulondb,0.047619047619047616,20,20,ATCAGAACGGCCAAGAATAA,0,11975
TSS_1414_storz_regulondb,0.047619047619047616,20,20,ATATTGGCGTGTGGACTAGA,0,29769
TSS_1414_storz_regulondb,0.047619047619047616,20,20,ATATTCGAACTACCCAACTT,0,74581
TSS_1414_storz_regulondb,0.047619047619047616,20,20,ATATGGAACATTACTCCCCC,0,71173
TSS_1414_storz_regulondb,0.047619047619047616,20,20,ATATATACACAGTTCTGGAG,0,33271
TSS_1414_storz_regulondb,0.047619047619047616,20,20,ATAGTAGTCGGTCAGGAATG,0,61142
TSS_1414_storz_regulondb,0.047619047619047616,20,20,ATAATATACCCTGCCTAGGT,0,46158
TSS_1414_storz_regulondb,0.047619047619047616,20,20,ATAAGTTGGAGGTAATTTCA,0,47851
TSS_1414_storz_regulondb,0.047619047619047616,20,20,ATAAAAGCCACTACGGCCAA,0,46170
TSS_1414_storz_regulondb,0.047619047619047616,20,20,AGTGGCCGACCTACTGGAGG,0,44083
TSS_1414_storz_regulondb,0.047619047619047616,20,20,AGTGAGGGTCTCGGGTCCGT,0,9795
TSS_1414_storz_regulondb,0.047619047619047616,20,20,AGTCGTACTCGTTCGACCCG,0,69816
TSS_1414_storz_regulondb,0.047619047619047616,20,20,AGTATTCGAAGAGTTGAAAA,0,10680
TSS_1414_storz_regulondb,0.047619047619047616,20,20,AGGTCCGCGCCACAAACATA,0,33592
TSS_1414_storz_regulondb,0.047619047619047616,20,20,AGGTACCTAGCACGCGATTA,0,35478
TSS_1414_storz_regulondb,0.047619047619047616,20,20,AGGGGTAACTTGGCATGCGA,0,63572
TSS_1414_storz_regulondb,0.047619047619047616,20,20,AGGGGAGCTAATGTGGATCT,0,731
TSS_1414_storz_regulondb,0.047619047619047616,20,20,AGGGCTGGTTCCGAGTATTA,0,54917
TSS_1414_storz_regulondb,0.047619047619047616,20,20,AGGGATAAACAGTAATGTCC,0,51930
TSS_1414_storz_regulondb,0.047619047619047616,20,20,AGGCGTTTCCTTTCGCGAGG,0,50499
TSS_1414_storz_regulondb,0.047619047619047616,20,20,AGGAGTTAGTTTTTCGCCAT,0,53302
TSS_1414_storz_regulondb,0.047619047619047616,20,20,AGGAATGGAGGGAGGGAGAA,0,9715
TSS_1414_storz_regulondb,0.047619047619047616,20,20,AGGAAGGTGTACCTCAGGAC,0,9181
TSS_1414_storz_regulondb,0.047619047619047616,20,20,AGCTCCGGACGGGCGGTGAT,0,8105
TSS_1414_storz_regulondb,0.047619047619047616,20,20,AGCCGACCCTCCGCTTCAGC,0,11970
TSS_1414_storz_regulondb,0.047619047619047616,20,20,AGCATTTTGAATTTTGTTGT,0,54016
TSS_1414_storz_regulondb,0.047619047619047616,20,20,AGCACGTATGATATGGTGCC,0,19257
TSS_1414_storz_regulondb,0.047619047619047616,20,20,AGCAAGTTGTTGCCAATGAT,0,13320
TSS_1414_storz_regulondb,0.047619047619047616,20,20,AGCAAGCACTTAGGGCGATA,0,8690
TSS_1414_storz_regulondb,0.047619047619047616,20,20,AGCAACGCTGCGGTGTACCT,0,71530
TSS_1414_storz_regulondb,0.047619047619047616,20,20,AGATCGGACCTCCTCTCGCT,0,15644
TSS_1414_storz_regulondb,0.047619047619047616,20,20,AGATCCGATAGGTCTATAAT,0,15517
TSS_1414_storz_regulondb,0.047619047619047616,20,20,AGATCCAGTATTCAATGTAT,0,26800
TSS_1414_storz_regulondb,0.047619047619047616,20,20,AGAGTGAGTGCTGGCATTAA,0,45300
TSS_1414_storz_regulondb,0.047619047619047616,20,20,AGACTGCCGCTCGCTTCGTT,0,81025
TSS_1414_storz_regulondb,0.047619047619047616,20,20,AGACTGCAGCAGCCTGAATT,0,57337
TSS_1414_storz_regulondb,0.047619047619047616,20,20,AGACAGCTTCTACATTTTCA,0,73856
TSS_1414_storz_regulondb,0.047619047619047616,20,20,AGAATTGAATATCAGGAAAT,0,31948
TSS_1414_storz_regulondb,0.047619047619047616,20,20,AGAAGTCACCCGAACAACGT,0,73986
TSS_1414_storz_regulondb,0.047619047619047616,20,20,ACTGAGTAACGACCTGCGGA,0,8491
TSS_1414_storz_regulondb,0.047619047619047616,20,20,ACTAACCAGCGATGGATCCA,0,70826
TSS_1414_storz_regulondb,0.047619047619047616,20,20,ACGTTCCAAGGCTCTCAACG,0,59107
TSS_1414_storz_regulondb,0.047619047619047616,20,20,ACGTTAATCGGCCTCAGTTT,0,71587
TSS_1414_storz_regulondb,0.047619047619047616,20,20,ACGTGACCGGCACATGGGAT,0,38061
TSS_1414_storz_regulondb,0.047619047619047616,20,20,ACGGGTGTCAGTCGCATTTG,0,73616
TSS_1414_storz_regulondb,0.047619047619047616,20,20,ACGCGGAAATAGTTTGGTTT,0,56
TSS_1414_storz_regulondb,0.047619047619047616,20,20,ACGAGCACATGTTTAAGATT,0,40298
TSS_1414_storz_regulondb,0.047619047619047616,20,20,ACCGTTAGAGAGTCACTTCA,0,1418
TSS_1414_storz_regulondb,0.047619047619047616,20,20,ACCGGGAAGCGGGTACCTCG,0,33126
TSS_1414_storz_regulondb,0.047619047619047616,20,20,ACCCAGGCAGCTGTGTGCTA,0,30980
TSS_1414_storz_regulondb,0.047619047619047616,20,20,ACCCAGCGGACCAAAGTGCA,0,40631
TSS_1414_storz_regulondb,0.047619047619047616,20,20,ACCAGCGGTCACTAGGCAAT,0,70645
TSS_1414_storz_regulondb,0.047619047619047616,20,20,ACAGTAGCCGCCCCCTCGAA,0,77430
TSS_1414_storz_regulondb,0.047619047619047616,20,20,ACACTCAGCAGATGGTGCAT,0,63749
TSS_1414_storz_regulondb,0.047619047619047616,20,20,ACACACTGGGCACGTGTATG,0,35270
TSS_1414_storz_regulondb,0.047619047619047616,20,20,AATGTGAGTATCTGTATTTT,0,6708
TSS_1414_storz_regulondb,0.047619047619047616,20,20,AATGGGACGCGTCCACGATT,0,21920
TSS_1414_storz_regulondb,0.047619047619047616,20,20,AATGCACAGATCCTGGACAG,0,30935
TSS_1414_storz_regulondb,0.047619047619047616,20,20,AATCATCTGTTCTCCGCTAT,0,6523
TSS_1414_storz_regulondb,0.047619047619047616,20,20,AATAGCGCCGAGCACATGAC,0,21993
TSS_1414_storz_regulondb,0.047619047619047616,20,20,AATAAAGATTAGGTTACCAC,0,22328
TSS_1414_storz_regulondb,0.047619047619047616,20,20,AAGTCCGCTGAGGCAATTGA,0,62354
TSS_1414_storz_regulondb,0.047619047619047616,20,20,AAGGGCGGGATCATGGCAGT,0,55492
TSS_1414_storz_regulondb,0.047619047619047616,20,20,AAGGCAAACACTAAGAATCA,0,50303
TSS_1414_storz_regulondb,0.047619047619047616,20,20,AACGGCGGACGATTAACAGT,0,73297
TSS_1414_storz_regulondb,0.047619047619047616,20,20,AACGCGTAAAAAACGCTAGT,0,70479
TSS_1414_storz_regulondb,0.047619047619047616,20,20,AACCGGTTATGAACGACGTG,0,26244
TSS_1414_storz_regulondb,0.047619047619047616,20,20,AACATAATATTTTCTGATGA,0,18170
TSS_1414_storz_regulondb,0.047619047619047616,20,20,AACACGGTAAACTTATATGA,0,58964
TSS_1414_storz_regulondb,0.047619047619047616,20,20,AAATAGCGAGGTAGACAGTT,0,54396
TSS_1414_storz_regulondb,0.047619047619047616,20,20,AAAGTATGAATTTACGTTCG,0,6471
TSS_1414_storz_regulondb,0.047619047619047616,20,20,AAAATCATCTTTTAAAGGCA,0,27607
TSS_1414_storz_regulondb,0.05,19,19,TTTCAGAGCAAGATCTTCTA,0,60350
TSS_1414_storz_regulondb,0.05,19,19,TTTACTATATCATGAGGGAA,0,3195
TSS_1414_storz_regulondb,0.05,19,19,TTGTGACTCGGCCTTCTACA,0,10909
TSS_1414_storz_regulondb,0.05,19,19,TTGTAGGGCTCTATAGCCCG,0,61297
TSS_1414_storz_regulondb,0.05,19,19,TTGACGCACGTAACAGGTTT,0,28691
TSS_1414_storz_regulondb,0.05,19,19,TTCGTTTATAGCGCGACGTT,0,18763
TSS_1414_storz_regulondb,0.05,19,19,TTCAGTGGTACGCTGTTCTT,0,40532
TSS_1414_storz_regulondb,0.05,19,19,TTCAACCCACGAGCATGCTA,0,20667
TSS_1414_storz_regulondb,0.05,19,19,TTATTCTGGAAAGCCAGAGT,0,48578
TSS_1414_storz_regulondb,0.05,19,19,TTATCACAAGGCGCGGACCA,0,48859
TSS_1414_storz_regulondb,0.05,19,19,TTAGCTGCGTGCATAGAGGA,0,57161
TSS_1414_storz_regulondb,0.05,19,19,TTACCAGCATTGGCAGTACT,0,36352
TSS_1414_storz_regulondb,0.05,19,19,TTAATCTAAAATTCCGTAAT,0,61966
TSS_1414_storz_regulondb,0.05,19,19,TTAAGTTGCCTGGGACGATT,0,75541
TSS_1414_storz_regulondb,0.05,19,19,TGGTTGTGTTGTTGGCAGCA,0,16468
TSS_1414_storz_regulondb,0.05,19,19,TGGTTCTTGGCGGACGTTCA,0,73730
TSS_1414_storz_regulondb,0.05,19,19,TGGTCAGGTCAATCGGTCGT,0,10126
TSS_1414_storz_regulondb,0.05,19,19,TGGTAGTAGTGTAGTGTACA,0,80629
TSS_1414_storz_regulondb,0.05,19,19,TGGGTTACGTCTGGTTGCGA,0,36685
TSS_1414_storz_regulondb,0.05,19,19,TGGGTGGGTAGTTATTCTCT,0,59512
TSS_1414_storz_regulondb,0.05,19,19,TGGGTGCAGATTCATTATTT,0,78088
TSS_1414_storz_regulondb,0.05,19,19,TGGGGAGTGGACCAATCTCA,0,23350
TSS_1414_storz_regulondb,0.05,19,19,TGGGAGGTACATGTCCCCAG,0,41349
TSS_1414_storz_regulondb,0.05,19,19,TGGCGAATGACTTAGCAACA,0,12831
TSS_1414_storz_regulondb,0.05,19,19,TGCTCCCAGGGAGCACGGAC,0,55720
TSS_1414_storz_regulondb,0.05,19,19,TGCAGGGAACTCAAGTTTTA,0,44063
TSS_1414_storz_regulondb,0.05,19,19,TGATCACCACGGCCAATGAC,0,48076
TSS_1414_storz_regulondb,0.05,19,19,TGAGAGTCGTACGCTCAAGA,0,34480
TSS_1414_storz_regulondb,0.05,19,19,TGACGCGCTGCCATAAATCA,0,39446
TSS_1414_storz_regulondb,0.05,19,19,TGACCACATGGAACATTCGA,0,41333
TSS_1414_storz_regulondb,0.05,19,19,TGAATGGAGAGTTTCCTAGT,0,26373
TSS_1414_storz_regulondb,0.05,19,19,TGAAGGCGGATTGTGGCTGT,0,35924
TSS_1414_storz_regulondb,0.05,19,19,TCTAGGTGACACTTCGGAAC,0,75460
TSS_1414_storz_regulondb,0.05,19,19,TCTAGAGCCGGTCACGCCTA,0,17437
TSS_1414_storz_regulondb,0.05,19,19,TCGCTGATTCACGATCGGCG,0,28684
TSS_1414_storz_regulondb,0.05,19,19,TCGCCAAATGATCGGAGGAG,0,7983
TSS_1414_storz_regulondb,0.05,19,19,TCGAACGTTTTCTCTTTTTC,0,76071
TSS_1414_storz_regulondb,0.05,19,19,TCCTGGCGTCTGAACGGGAC,0,11684
TSS_1414_storz_regulondb,0.05,19,19,TCCGATTTTGCAGTCACATT,0,19919
TSS_1414_storz_regulondb,0.05,19,19,TCCGATGGTCCCAACGCACA,0,44131
TSS_1414_storz_regulondb,0.05,19,19,TCCATGGGGGGCGCACGGGC,0,46504
TSS_1414_storz_regulondb,0.05,19,19,TCCATACCGGCAAATAAGGC,0,66979
TSS_1414_storz_regulondb,0.05,19,19,TCCAAAACTGGGCGTAGACA,0,543
TSS_1414_storz_regulondb,0.05,19,19,TCATGCGACCTGGCGCGAAG,0,70371
TSS_1414_storz_regulondb,0.05,19,19,TCAGTCCCTTCTTGCTGCCG,0,28978
TSS_1414_storz_regulondb,0.05,19,19,TCACTGCGTAGTCCTAGCGG,0,1425
TSS_1414_storz_regulondb,0.05,19,19,TCACGCTGATAATAATGTGT,0,8683
TSS_1414_storz_regulondb,0.05,19,19,TCACGCGGATCCGTTATACA,0,25280
TSS_1414_storz_regulondb,0.05,19,19,TCACGAGGGAAAGCGCTTTG,0,64681
TSS_1414_storz_regulondb,0.05,19,19,TCACAGGTGATACGTACTCA,0,25553
TSS_1414_storz_regulondb,0.05,19,19,TCAATTCTAGCTCTCTCCGA,0,66420
TSS_1414_storz_regulondb,0.05,19,19,TCAAGTCTGAATCGGTATGT,0,34376
TSS_1414_storz_regulondb,0.05,19,19,TCAACACAATTGGGAGCGAC,0,51266
TSS_1414_storz_regulondb,0.05,19,19,TATGGGGCGGACCCCTAACA,0,9718
TSS_1414_storz_regulondb,0.05,19,19,TATCGGCAACGCGGCTACTA,0,46160
TSS_1414_storz_regulondb,0.05,19,19,TATCACTTAAGCTGCGCGCT,0,528
TSS_1414_storz_regulondb,0.05,19,19,TATACCAGTGTGACGCCCAT,0,8757
TSS_1414_storz_regulondb,0.05,19,19,TAGGTATATAGCACAGTCTA,0,67523
TSS_1414_storz_regulondb,0.05,19,19,TAGGTAGCGGGGTCGCCTTA,0,36974
TSS_1414_storz_regulondb,0.05,19,19,TAGCACGTGCCAGTGCCTAA,0,4553
TSS_1414_storz_regulondb,0.05,19,19,TAGACGGCGTGAGGAGCGAG,0,37137
TSS_1414_storz_regulondb,0.05,19,19,TACTACTCAGGCAGTGTCTG,0,61465
TSS_1414_storz_regulondb,0.05,19,19,TACCGGATTTCCTTGGTTCG,0,77829
TSS_1414_storz_regulondb,0.05,19,19,TACATCGTACGCGCCGATGA,0,57965
TSS_1414_storz_regulondb,0.05,19,19,TACAGTTAGAAAGTTGGCCC,0,14469
TSS_1414_storz_regulondb,0.05,19,19,TAAGCGGGCAATAGGCCAAT,0,62146
TSS_1414_storz_regulondb,0.05,19,19,TAAGCGACGGTCGTAAATTA,0,67322
TSS_1414_storz_regulondb,0.05,19,19,TAACATGACTGGTGGTTTGC,0,53527
TSS_1414_storz_regulondb,0.05,19,19,GTTTTTATTTAGTCCGCACC,0,22905
TSS_1414_storz_regulondb,0.05,19,19,GTTTCTCCGCGGGCTTGCAT,0,78159
TSS_1414_storz_regulondb,0.05,19,19,GTTTATTGGTTTGAATGCCC,0,24898
TSS_1414_storz_regulondb,0.05,19,19,GTTATAAATTCGATTTATCA,0,15600
TSS_1414_storz_regulondb,0.05,19,19,GTTAAGTGTTCTGTCCGAGC,0,33661
TSS_1414_storz_regulondb,0.05,19,19,GTGTCATAATCCCGAGATTA,0,38156
TSS_1414_storz_regulondb,0.05,19,19,GTGCCCATGGGGCACCGCTT,0,19379
TSS_1414_storz_regulondb,0.05,19,19,GTGCCAACCGCCACGTGTTT,0,77312
TSS_1414_storz_regulondb,0.05,19,19,GTGCAGTCCCAAATGTACTG,0,22983
TSS_1414_storz_regulondb,0.05,19,19,GTATTTATGGTGCCTTGAGG,0,32510
TSS_1414_storz_regulondb,0.05,19,19,GTATTCGAGCCCTATATGTG,0,40151
TSS_1414_storz_regulondb,0.05,19,19,GTATGATGAAGTGCGCGCAA,0,51303
TSS_1414_storz_regulondb,0.05,19,19,GTAGGGGGAACCACACCACA,0,6232
TSS_1414_storz_regulondb,0.05,19,19,GTAGGCAACGGTCGCTGGAT,0,5037
TSS_1414_storz_regulondb,0.05,19,19,GGTCTCAATTCAGCAAGAAG,0,12659
TSS_1414_storz_regulondb,0.05,19,19,GGTCCGCGGCGTAGCGCCGT,0,34221
TSS_1414_storz_regulondb,0.05,19,19,GGGTGGGAGGGGATGGGTCA,0,18563
TSS_1414_storz_regulondb,0.05,19,19,GGGCCATAGGCACTCGCGTT,0,50922
TSS_1414_storz_regulondb,0.05,19,19,GGCGTGAATATCAGATTCGA,0,58636
TSS_1414_storz_regulondb,0.05,19,19,GGCGCTCGCGGAGTCGTGAT,0,44737
TSS_1414_storz_regulondb,0.05,19,19,GGCGCCAACGAAAGGTCAAC,0,11028
TSS_1414_storz_regulondb,0.05,19,19,GGCCCATGGATAAGATTATA,0,17084
TSS_1414_storz_regulondb,0.05,19,19,GGAGTATATTTGATCCAGTC,0,25699
TSS_1414_storz_regulondb,0.05,19,19,GGACGATTGTGCCGGACATG,0,76884
TSS_1414_storz_regulondb,0.05,19,19,GCTTCAGGGGTACTCTGTAC,0,47943
TSS_1414_storz_regulondb,0.05,19,19,GCTTAAGATGGGGCTACCTA,0,8992
TSS_1414_storz_regulondb,0.05,19,19,GCTGTTGGTAAACTGATTGT,0,79780
TSS_1414_storz_regulondb,0.05,19,19,GCTGGTCAGTTAGTCTTTTC,0,40443
TSS_1414_storz_regulondb,0.05,19,19,GCTGAAAACATATCTGGCGT,0,25706
TSS_1414_storz_regulondb,0.05,19,19,GCTCCAAGTATACCCGAGCA,0,56633
TSS_1414_storz_regulondb,0.05,19,19,GCGTGGTCTCGGTTGCCCAA,0,15494
TSS_1414_storz_regulondb,0.05,19,19,GCGGTCGAGTAGTCCGACTG,0,78147
TSS_1414_storz_regulondb,0.05,19,19,GCGGCGACGCGGGAACCGGT,0,10622
TSS_1414_storz_regulondb,0.05,19,19,GCGGATTGTTTAGCGGATGT,0,40588
TSS_1414_storz_regulondb,0.05,19,19,GCGGAGGAAACTGGCCGCAT,0,11667
TSS_1414_storz_regulondb,0.05,19,19,GCGCCGGCAGTTTGCACTAG,0,23762
TSS_1414_storz_regulondb,0.05,19,19,GCGATCCGAGCGAAGCGCAG,0,69556
TSS_1414_storz_regulondb,0.05,19,19,GCCTTTATGCGCCCAGTTTA,0,64041
TSS_1414_storz_regulondb,0.05,19,19,GCCCTCAGACTAGGTTCTCC,0,80374
TSS_1414_storz_regulondb,0.05,19,19,GCCCAGTCTCGACAAAATTA,0,32418
TSS_1414_storz_regulondb,0.05,19,19,GCCCAGAATACAGACGCCTC,0,61680
TSS_1414_storz_regulondb,0.05,19,19,GCCCAAGCGATTATAATTAT,0,68382
TSS_1414_storz_regulondb,0.05,19,19,GCCATCGCAACCATGTAGCG,0,3016
TSS_1414_storz_regulondb,0.05,19,19,GCCAGTTAGAACGGCTGTTT,0,49350
TSS_1414_storz_regulondb,0.05,19,19,GCATGTGTATCGCGATACAA,0,26931
TSS_1414_storz_regulondb,0.05,19,19,GCAGCAACGTCAGGTTTAAG,0,10965
TSS_1414_storz_regulondb,0.05,19,19,GCACCCCAGATGGCGGGCCT,0,16352
TSS_1414_storz_regulondb,0.05,19,19,GCACAAAGTGAGGCATCCCT,0,1079
TSS_1414_storz_regulondb,0.05,19,19,GCAAGGTACGCTCCGCGTCG,0,19658
TSS_1414_storz_regulondb,0.05,19,19,GCAACGCTCCTATGGAATAA,0,58985
TSS_1414_storz_regulondb,0.05,19,19,GATTGACATCACGCAAGTCT,0,18283
TSS_1414_storz_regulondb,0.05,19,19,GATCCACTCTGACCGAAGAG,0,55536
TSS_1414_storz_regulondb,0.05,19,19,GATATATCGGCTTCTTAGAC,0,40141
TSS_1414_storz_regulondb,0.05,19,19,GAGGGGTTGGTTCGGCAGAA,0,44361
TSS_1414_storz_regulondb,0.05,19,19,GAGCGCTTTTCACGGGTAAA,0,58041
TSS_1414_storz_regulondb,0.05,19,19,GAGACTGACAGTACGGTTAG,0,27118
TSS_1414_storz_regulondb,0.05,19,19,GAGACGATACTCACAGTCAT,0,23166
TSS_1414_storz_regulondb,0.05,19,19,GACTTATTAATTATGTTAGT,0,53075
TSS_1414_storz_regulondb,0.05,19,19,GACACTTATGCGTTCGTATC,0,31731
TSS_1414_storz_regulondb,0.05,19,19,GAATTGCCGGCTTTGCCGAG,0,7534
TSS_1414_storz_regulondb,0.05,19,19,GAATTGCCACAACCACAAAT,0,1243
TSS_1414_storz_regulondb,0.05,19,19,GAATTCAGACAACACACCGA,0,53269
TSS_1414_storz_regulondb,0.05,19,19,GAATTACTATGGCGCCCAGA,0,64356
TSS_1414_storz_regulondb,0.05,19,19,GAACTCGAAGCCGATAAATA,0,23900
TSS_1414_storz_regulondb,0.05,19,19,GAACGTTTGGCGCCTAGCGT,0,59620
TSS_1414_storz_regulondb,0.05,19,19,GAACCGGACGTTATATCTTG,0,31352
TSS_1414_storz_regulondb,0.05,19,19,GAAAGTGACCAGCGCTATGA,0,67606
TSS_1414_storz_regulondb,0.05,19,19,GAAAGCATACACATTTCGCT,0,7834
TSS_1414_storz_regulondb,0.05,19,19,CTTTTAGGTCTCACAGTATC,0,3009
TSS_1414_storz_regulondb,0.05,19,19,CTTTAGCTAAGATACATGTT,0,31963
TSS_1414_storz_regulondb,0.05,19,19,CTTGGGGTCTAAACTTACGG,0,55938
TSS_1414_storz_regulondb,0.05,19,19,CTTGGGAGGGGCAGAAGGTC,0,6888
TSS_1414_storz_regulondb,0.05,19,19,CTTGCAAGAACTACCCTGAA,0,73683
TSS_1414_storz_regulondb,0.05,19,19,CTTCTGAACCGGACTGCGGA,0,10813
TSS_1414_storz_regulondb,0.05,19,19,CTTAGTAGATTACATCAGTA,0,3589
TSS_1414_storz_regulondb,0.05,19,19,CTTACAGGACGGGAGAGCTT,0,53716
TSS_1414_storz_regulondb,0.05,19,19,CTTAAGCAGGGTTGGAGAAA,0,29492
TSS_1414_storz_regulondb,0.05,19,19,CTTAACTACCTCCCCCAACG,0,52795
TSS_1414_storz_regulondb,0.05,19,19,CTGGTTTCGTGTAGGTTAAA,0,2010
TSS_1414_storz_regulondb,0.05,19,19,CTGGGCAGTGTCGAACTGTA,0,13130
TSS_1414_storz_regulondb,0.05,19,19,CTGGCGCGAGGCAACAAGCA,0,1276
TSS_1414_storz_regulondb,0.05,19,19,CTGCGTCTGGCCTAGCGTAG,0,61684
TSS_1414_storz_regulondb,0.05,19,19,CTGCGCACTCAGGGCTGCCG,0,42892
TSS_1414_storz_regulondb,0.05,19,19,CTGATACGGTGACCATTACA,0,6165
TSS_1414_storz_regulondb,0.05,19,19,CTCGTCGGTATTGCAAAGGT,0,51076
TSS_1414_storz_regulondb,0.05,19,19,CTCGGACTGGATCTTTTATT,0,19427
TSS_1414_storz_regulondb,0.05,19,19,CTCGCTTACCGAAAAGATGT,0,64813
TSS_1414_storz_regulondb,0.05,19,19,CTCGACAGTATCAACGTCTT,0,34479
TSS_1414_storz_regulondb,0.05,19,19,CTCACGCCCTTGTAATAGGA,0,32026
TSS_1414_storz_regulondb,0.05,19,19,CTAGTCACTCGGAGCTTAGA,0,78520
TSS_1414_storz_regulondb,0.05,19,19,CTAGCCTGAAAGTGGAGGTT,0,33795
TSS_1414_storz_regulondb,0.05,19,19,CTACTTACCTCGCCAGCAGA,0,75580
TSS_1414_storz_regulondb,0.05,19,19,CGTGTACCTAAGACCCGCTC,0,25694
TSS_1414_storz_regulondb,0.05,19,19,CGTGGCCTAGGAAGTAACTA,0,52273
TSS_1414_storz_regulondb,0.05,19,19,CGTACTGAGGTTATGGAGGG,0,54957
TSS_1414_storz_regulondb,0.05,19,19,CGTACGACGAGTATCTCAAT,0,80989
TSS_1414_storz_regulondb,0.05,19,19,CGTACCGTGCCGTGCAGTTG,0,61778
TSS_1414_storz_regulondb,0.05,19,19,CGGTAATGTGTCGCCCGCGC,0,18239
TSS_1414_storz_regulondb,0.05,19,19,CGGGTTCCCCAAGGGCTAAT,0,11834
TSS_1414_storz_regulondb,0.05,19,19,CGGGGGCAGCGCGTCCTACT,0,69232
TSS_1414_storz_regulondb,0.05,19,19,CGGGGAAAGCCGAGATCTTT,0,79582
TSS_1414_storz_regulondb,0.05,19,19,CGGGAATGCTTGGCATGCCC,0,16091
TSS_1414_storz_regulondb,0.05,19,19,CGGCGTAGCTAGAGGGATAC,0,80289
TSS_1414_storz_regulondb,0.05,19,19,CGGCGGCTGGCAATGGCAAT,0,25368
TSS_1414_storz_regulondb,0.05,19,19,CGGCGCGATTTAGGAGTCGT,0,37980
TSS_1414_storz_regulondb,0.05,19,19,CGGAATTTTCTCCCACTCGA,0,51382
TSS_1414_storz_regulondb,0.05,19,19,CGCGCCCTCAGGAGGAACGC,0,3503
TSS_1414_storz_regulondb,0.05,19,19,CGCCTGGTACTATAAAAAGA,0,56437
TSS_1414_storz_regulondb,0.05,19,19,CGATCGAGGGGGAACTAGCA,0,16749
TSS_1414_storz_regulondb,0.05,19,19,CGAGGCTCACCTTACACCCT,0,66216
TSS_1414_storz_regulondb,0.05,19,19,CGAGCCCCATAGCCCTAGAC,0,20054
TSS_1414_storz_regulondb,0.05,19,19,CGACCCTGCGTGAGAGAGAT,0,58539
TSS_1414_storz_regulondb,0.05,19,19,CGAAGTAACGGCGCCCCGTT,0,6451
TSS_1414_storz_regulondb,0.05,19,19,CGAAACTCAAGGTAGACTTT,0,31451
TSS_1414_storz_regulondb,0.05,19,19,CCTTCGCAGCACGGATGATA,0,20076
TSS_1414_storz_regulondb,0.05,19,19,CCTTAAACTCGTGATCGTTG,0,68457
TSS_1414_storz_regulondb,0.05,19,19,CCTGGCGTCGAAACACTCTA,0,54713
TSS_1414_storz_regulondb,0.05,19,19,CCTCGGGCAGTTACGGGCAT,0,43735
TSS_1414_storz_regulondb,0.05,19,19,CCTCGAGCATAGACCAAGGA,0,70429
TSS_1414_storz_regulondb,0.05,19,19,CCTATGGTGTTCGTGAGTAA,0,65250
TSS_1414_storz_regulondb,0.05,19,19,CCTATCCTCGAGATATGCAT,0,24342
TSS_1414_storz_regulondb,0.05,19,19,CCTAGCCTAGCGGGCCAGCT,0,29725
TSS_1414_storz_regulondb,0.05,19,19,CCGTCACGGAGACGAAAGGA,0,66205
TSS_1414_storz_regulondb,0.05,19,19,CCGACTTCATTTCCTGGGAA,0,45651
TSS_1414_storz_regulondb,0.05,19,19,CCGAAGAAGTAGCAGTCTAC,0,30799
TSS_1414_storz_regulondb,0.05,19,19,CCGAACCTGTCTGAGTGCAT,0,32373
TSS_1414_storz_regulondb,0.05,19,19,CCCTGAACTCCCTAGGGCCA,0,35570
TSS_1414_storz_regulondb,0.05,19,19,CCCGGTCAGTTGAGTATCGA,0,62836
TSS_1414_storz_regulondb,0.05,19,19,CCCGAGGGGGGCAACGTTCC,0,46852
TSS_1414_storz_regulondb,0.05,19,19,CCCATAAAGCAGATAATATC,0,29668
TSS_1414_storz_regulondb,0.05,19,19,CCCACGACACTAGCTTTGGT,0,6185
TSS_1414_storz_regulondb,0.05,19,19,CCATTATCGAGAGTAGCGCT,0,57935
TSS_1414_storz_regulondb,0.05,19,19,CCAGGGAACCACATGGAACG,0,39235
TSS_1414_storz_regulondb,0.05,19,19,CCAAGTCTCTTGGATACGGG,0,63033
TSS_1414_storz_regulondb,0.05,19,19,CAGTAACACCGGAATGCATA,0,54616
TSS_1414_storz_regulondb,0.05,19,19,CAGGTCACGCGTGATTCTTA,0,79152
TSS_1414_storz_regulondb,0.05,19,19,CAGGGTATGAGTTATTGTAT,0,65481
TSS_1414_storz_regulondb,0.05,19,19,CAGGCGAGAATCGCGATCAA,0,13958
TSS_1414_storz_regulondb,0.05,19,19,CAGGCCAGGCTTAAACGAAA,0,8481
TSS_1414_storz_regulondb,0.05,19,19,CAGATTGGAACGGTTGCCGA,0,616
TSS_1414_storz_regulondb,0.05,19,19,CAGAGGACAAAAGACGAGTT,0,51918
TSS_1414_storz_regulondb,0.05,19,19,CAGAGATGAGACACACGAGC,0,11621
TSS_1414_storz_regulondb,0.05,19,19,CAGAAACCCTTTCCTGGAGG,0,13782
TSS_1414_storz_regulondb,0.05,19,19,CACTTCGCACCGACTACCGC,0,48299
TSS_1414_storz_regulondb,0.05,19,19,CACTAAACTTCGACAACGCG,0,3860
TSS_1414_storz_regulondb,0.05,19,19,CACGTGGGAATAGGCTCTAC,0,68319
TSS_1414_storz_regulondb,0.05,19,19,CACGGTGACAGTGTAGGCCC,0,26757
TSS_1414_storz_regulondb,0.05,19,19,CACGCGGATGGTCGGGGCAT,0,73643
TSS_1414_storz_regulondb,0.05,19,19,CACAGCAGAGAATGTCATAG,0,18490
TSS_1414_storz_regulondb,0.05,19,19,CACACAAACCAGATTTGGGA,0,68633
TSS_1414_storz_regulondb,0.05,19,19,CAATGGGAAAACAAAAATCA,0,20171
TSS_1414_storz_regulondb,0.05,19,19,CAATCTGGGCATTCAGATTA,0,66305
TSS_1414_storz_regulondb,0.05,19,19,CAACTGAGACGCCGTGTTAA,0,40814
TSS_1414_storz_regulondb,0.05,19,19,CAACACGATGGTTGTCTCGT,0,19397
TSS_1414_storz_regulondb,0.05,19,19,CAAATGCATGGCGTAAACTA,0,5674
TSS_1414_storz_regulondb,0.05,19,19,ATTGGGTATTCACAGGCCGA,0,54545
TSS_1414_storz_regulondb,0.05,19,19,ATTGACATCCTCGTTCTGCA,0,60320
TSS_1414_storz_regulondb,0.05,19,19,ATTGAACCTCAAATTACGAA,0,22943
TSS_1414_storz_regulondb,0.05,19,19,ATTATCCCCTGCGACCATCA,0,5939
TSS_1414_storz_regulondb,0.05,19,19,ATTAGGACACGTTATGTGTA,0,32860
TSS_1414_storz_regulondb,0.05,19,19,ATTACAGAAGGCTAATCGTA,0,48075
TSS_1414_storz_regulondb,0.05,19,19,ATGTGGGACAATGGGCCGCT,0,64011
TSS_1414_storz_regulondb,0.05,19,19,ATGTATTGGTGTTCCAGCCC,0,7091
TSS_1414_storz_regulondb,0.05,19,19,ATGGTTAGAGGTATATAACA,0,58538
TSS_1414_storz_regulondb,0.05,19,19,ATGGTAGGATCGGTGAGTAG,0,56521
TSS_1414_storz_regulondb,0.05,19,19,ATGGTAAGCTTCGGCAAGTA,0,63582
TSS_1414_storz_regulondb,0.05,19,19,ATGGATCGCGTTTCGGAACT,0,8366
TSS_1414_storz_regulondb,0.05,19,19,ATGACTTCTGGAGAGTCTTG,0,73894
TSS_1414_storz_regulondb,0.05,19,19,ATCTGCTACAAAACGGGGCA,0,26063
TSS_1414_storz_regulondb,0.05,19,19,ATCTCAGATCTTATCTGGTA,0,68672
TSS_1414_storz_regulondb,0.05,19,19,ATCGAATCGTCAGTACTCAG,0,68831
TSS_1414_storz_regulondb,0.05,19,19,ATCCTGCCTGGCCTTGCGAG,0,43438
TSS_1414_storz_regulondb,0.05,19,19,ATCCTCATGGTAGCCATCTT,0,9498
TSS_1414_storz_regulondb,0.05,19,19,ATCCAAGCACCAGCGTCCTA,0,26614
TSS_1414_storz_regulondb,0.05,19,19,ATCAGTTTCGGGCCTAGTCT,0,43698
TSS_1414_storz_regulondb,0.05,19,19,ATATGATTCATCAGAGTGGC,0,3947
TSS_1414_storz_regulondb,0.05,19,19,ATAGTATATTAGGGGAAGCT,0,55722
TSS_1414_storz_regulondb,0.05,19,19,ATACTGGCGTGAGGGAGTCC,0,1865
TSS_1414_storz_regulondb,0.05,19,19,ATAATCCCACTAGAACAGCT,0,2514
TSS_1414_storz_regulondb,0.05,19,19,ATAAGGTCGAATAGAACTGG,0,43246
TSS_1414_storz_regulondb,0.05,19,19,ATAAAAGACTACCTTTCGAT,0,11566
TSS_1414_storz_regulondb,0.05,19,19,AGTGGCAGGAATTGAAATTA,0,2207
TSS_1414_storz_regulondb,0.05,19,19,AGTGGATTGACCGTACGAAA,0,74028
TSS_1414_storz_regulondb,0.05,19,19,AGTGGACCCTAATTTGCGCT,0,77568
TSS_1414_storz_regulondb,0.05,19,19,AGTCTACTTCCTACCCATCT,0,17653
TSS_1414_storz_regulondb,0.05,19,19,AGTAGGGCGGGCGCTGGTAT,0,64386
TSS_1414_storz_regulondb,0.05,19,19,AGGTTGTCTGCCAAACTTAC,0,26105
TSS_1414_storz_regulondb,0.05,19,19,AGGTAGCTCGACCTTAGTCC,0,70433
TSS_1414_storz_regulondb,0.05,19,19,AGGGTTGGACTCTAAAGTCA,0,19218
TSS_1414_storz_regulondb,0.05,19,19,AGGGCGTTCGAATCAGACAC,0,40019
TSS_1414_storz_regulondb,0.05,19,19,AGGCCGGCTTCTAGCCGGAT,0,65530
TSS_1414_storz_regulondb,0.05,19,19,AGGAATGGTAGATGTCTCTT,0,42319
TSS_1414_storz_regulondb,0.05,19,19,AGGAATCGATATGCGAACAT,0,74478
TSS_1414_storz_regulondb,0.05,19,19,AGCGGGAAGGTCAGTCTAGA,0,50266
TSS_1414_storz_regulondb,0.05,19,19,AGCGCGCACAGGTACTCTCG,0,73725
TSS_1414_storz_regulondb,0.05,19,19,AGCCGCACATGCCGTTTAGA,0,24952
TSS_1414_storz_regulondb,0.05,19,19,AGCAACGCGCCAGCACGATA,0,16440
TSS_1414_storz_regulondb,0.05,19,19,AGAGTAAATTGGATGTCTGC,0,49431
TSS_1414_storz_regulondb,0.05,19,19,AGAGGGGACTTCCCCTGGGC,0,41747
TSS_1414_storz_regulondb,0.05,19,19,AGAACGCGTACCAGGTCAGT,0,60765
TSS_1414_storz_regulondb,0.05,19,19,AGAACACTATGACCCGCAGG,0,42214
TSS_1414_storz_regulondb,0.05,19,19,ACTGGGGATCTGCATTCTGC,0,465
TSS_1414_storz_regulondb,0.05,19,19,ACTGCTCAGGATAGAGCCAC,0,40899
TSS_1414_storz_regulondb,0.05,19,19,ACTCTCTCCCAGGAACGCTA,0,76431
TSS_1414_storz_regulondb,0.05,19,19,ACTCCCGCGCTCTGTCTTCA,0,9040
TSS_1414_storz_regulondb,0.05,19,19,ACTCAGGCTCTACAGTCTCA,0,58523
TSS_1414_storz_regulondb,0.05,19,19,ACGTTCCACGGACGCTAAAG,0,78371
TSS_1414_storz_regulondb,0.05,19,19,ACGTTCACCCAAGTTGTCAA,0,65658
TSS_1414_storz_regulondb,0.05,19,19,ACGTAGAACACATTCATAGG,0,24437
TSS_1414_storz_regulondb,0.05,19,19,ACGTAACCATCTAGAGGGTA,0,16422
TSS_1414_storz_regulondb,0.05,19,19,ACGGGAAACGGTATCCTGCA,0,74011
TSS_1414_storz_regulondb,0.05,19,19,ACGCGGACGAAGTTATTTTT,0,8684
TSS_1414_storz_regulondb,0.05,19,19,ACCGGATCGGACGGTCTGCA,0,25895
TSS_1414_storz_regulondb,0.05,19,19,ACATTACTCATAGGAATATG,0,14356
TSS_1414_storz_regulondb,0.05,19,19,ACAGTTGCGCATAGACTCTG,0,27771
TSS_1414_storz_regulondb,0.05,19,19,ACAACTGGAGAGATCCAGTG,0,30690
TSS_1414_storz_regulondb,0.05,19,19,AATCGATGCCCAGGGCCGGA,0,52138
TSS_1414_storz_regulondb,0.05,19,19,AATATAGGGCAGTCGCATAT,0,25322
TSS_1414_storz_regulondb,0.05,19,19,AATACCCTCGCATAAAGTTG,0,21936
TSS_1414_storz_regulondb,0.05,19,19,AAGTGCATCCGACGTGCGTA,0,35367
TSS_1414_storz_regulondb,0.05,19,19,AAGGTGGGTACGGCTGGCAT,0,35574
TSS_1414_storz_regulondb,0.05,19,19,AAGGCACCTATCATAAAAAG,0,59254
TSS_1414_storz_regulondb,0.05,19,19,AAGCCTTCACTGCAGAGCTA,0,54495
TSS_1414_storz_regulondb,0.05,19,19,AAGCACGTGAATTCGAATAT,0,50249
TSS_1414_storz_regulondb,0.05,19,19,AAGACGCAAGGAGCCCTATG,0,15119
TSS_1414_storz_regulondb,0.05,19,19,AAGAAGAAGTAAGGACAAAA,0,31113
TSS_1414_storz_regulondb,0.05,19,19,AAGAAACTAGCTTTAATTGT,0,42015
TSS_1414_storz_regulondb,0.05,19,19,AACTGTTTATGCGGTAGCAA,0,37372
TSS_1414_storz_regulondb,0.05,19,19,AACTCAGACATTAGAGGGGA,0,13909
TSS_1414_storz_regulondb,0.05,19,19,AACTACTTTAATGAACTTAG,0,56061
TSS_1414_storz_regulondb,0.05,19,19,AACACCGGTCGAAGCGCTAA,0,49719
TSS_1414_storz_regulondb,0.05,19,19,AACAACAGGTTGGGATCGTC,0,61348
TSS_1414_storz_regulondb,0.05,19,19,AAAGCGGGGGCGGGACACCT,0,11565
TSS_1414_storz_regulondb,0.05,19,19,AAAGAACATGACTTGGGTTC,0,51478
TSS_1414_storz_regulondb,0.05,19,19,AAAATCCCAGTGAGTTTTTC,0,79812
TSS_1414_storz_regulondb,0.05263157894736842,18,18,TTTTGGCTCCAGGGTCACGG,0,69291
TSS_1414_storz_regulondb,0.05263157894736842,18,18,TTTTCACTCGGCGAACACGG,0,52560
TSS_1414_storz_regulondb,0.05263157894736842,18,18,TTTTATTAGTAGCACGGAGG,0,18034
TSS_1414_storz_regulondb,0.05263157894736842,18,18,TTTCCGCTTAGGACTTTCCT,0,36986
TSS_1414_storz_regulondb,0.05263157894736842,18,18,TTTATAGTCTGGTGTTACGT,0,23668
TSS_1414_storz_regulondb,0.05263157894736842,18,18,TTGCTAAGGTAGAGGCGTAG,0,64339
TSS_1414_storz_regulondb,0.05263157894736842,18,18,TTGCGGGCCTACAGCTGGAC,0,75330
TSS_1414_storz_regulondb,0.05263157894736842,18,18,TTGAAGGTGCAGACGGCTCG,0,29999
TSS_1414_storz_regulondb,0.05263157894736842,18,18,TTCTGCCAGTACTACATCTC,0,15126
TSS_1414_storz_regulondb,0.05263157894736842,18,18,TTCTAACCAATAATCCAGCA,0,3752
TSS_1414_storz_regulondb,0.05263157894736842,18,18,TTCCTTCTGAAGCAGATAAT,0,66943
TSS_1414_storz_regulondb,0.05263157894736842,18,18,TTATCAAGCGTGCACAACGG,0,51960
TSS_1414_storz_regulondb,0.05263157894736842,18,18,TTAGACGTTAAGGGACTATG,0,42956
TSS_1414_storz_regulondb,0.05263157894736842,18,18,TTACTCGGTTCTTAAGGAGG,0,17243
TSS_1414_storz_regulondb,0.05263157894736842,18,18,TTAACGGTGACCTGTTTAAA,0,38242
TSS_1414_storz_regulondb,0.05263157894736842,18,18,TGTTGACCGAGGATGTGGGT,0,58075
TSS_1414_storz_regulondb,0.05263157894736842,18,18,TGTCTTACTAATTCGAATGC,0,11484
TSS_1414_storz_regulondb,0.05263157894736842,18,18,TGTAGCATGGGTGCAAGAAA,0,51207
TSS_1414_storz_regulondb,0.05263157894736842,18,18,TGGTCCAGCATGTGTTCATG,0,34303
TSS_1414_storz_regulondb,0.05263157894736842,18,18,TGGGGTTGGATTCAGGCGCG,0,8680
TSS_1414_storz_regulondb,0.05263157894736842,18,18,TGGGGAGTCGGGAGGCTGGG,0,16738
TSS_1414_storz_regulondb,0.05263157894736842,18,18,TGGCACTACTGGCCCGGATA,0,52017
TSS_1414_storz_regulondb,0.05263157894736842,18,18,TGGACTATCATTTTCATCAC,0,32059
TSS_1414_storz_regulondb,0.05263157894736842,18,18,TGGAACTTGTCTGTTGGGCT,0,57668
TSS_1414_storz_regulondb,0.05263157894736842,18,18,TGCTTGTTCCAGACATCGTA,0,73126
TSS_1414_storz_regulondb,0.05263157894736842,18,18,TGCATGGACTAGCTTGGGCT,0,71367
TSS_1414_storz_regulondb,0.05263157894736842,18,18,TGCAGAACCCCCCGTCCGAG,0,63639
TSS_1414_storz_regulondb,0.05263157894736842,18,18,TGCAATTATGTTCTGTGATG,0,55362
TSS_1414_storz_regulondb,0.05263157894736842,18,18,TGATTCGAAGTTAGTGAAAA,0,24668
TSS_1414_storz_regulondb,0.05263157894736842,18,18,TGATCATATGGACACAGAAC,0,5989
TSS_1414_storz_regulondb,0.05263157894736842,18,18,TGATAACTCCATATTCGGGT,0,57667
TSS_1414_storz_regulondb,0.05263157894736842,18,18,TGAGAAGGAAGAACTAGCTC,0,46463
TSS_1414_storz_regulondb,0.05263157894736842,18,18,TGACTAGCTCCGGACTTAAC,0,70877
TSS_1414_storz_regulondb,0.05263157894736842,18,18,TGAATGATAATCTCGCTACA,0,75640
TSS_1414_storz_regulondb,0.05263157894736842,18,18,TGAAATCATGGATCTTGCGG,0,12029
TSS_1414_storz_regulondb,0.05263157894736842,18,18,TCTGTCATTCGCCGTCCGGG,0,31356
TSS_1414_storz_regulondb,0.05263157894736842,18,18,TCTCAGTGCCAATGCATTCT,0,10791
TSS_1414_storz_regulondb,0.05263157894736842,18,18,TCTAGCTTGGCAATACCTGA,0,70080
TSS_1414_storz_regulondb,0.05263157894736842,18,18,TCGGGACGAAGCTTCGGTCT,0,27079
TSS_1414_storz_regulondb,0.05263157894736842,18,18,TCGGCGGTTTACCTACGTCT,0,19190
TSS_1414_storz_regulondb,0.05263157894736842,18,18,TCGCATATATGGAACATCAG,0,22568
TSS_1414_storz_regulondb,0.05263157894736842,18,18,TCGATAACCACACCGGCCCT,0,43716
TSS_1414_storz_regulondb,0.05263157894736842,18,18,TCGACGTGGACTAAGCTACG,0,75796
TSS_1414_storz_regulondb,0.05263157894736842,18,18,TCCTACCAACGTGATTCCTC,0,30025
TSS_1414_storz_regulondb,0.05263157894736842,18,18,TCCGTTGGTCTTTAACGGTT,0,61482
TSS_1414_storz_regulondb,0.05263157894736842,18,18,TCCGGGCCAGGCAGGTGGAT,0,34951
TSS_1414_storz_regulondb,0.05263157894736842,18,18,TCCCGTTAGATATTTAGCTA,0,39500
TSS_1414_storz_regulondb,0.05263157894736842,18,18,TCACGGACATCGCTTAGGAT,0,61692
TSS_1414_storz_regulondb,0.05263157894736842,18,18,TCACCTCTCCGGATTGGATG,0,25148
TSS_1414_storz_regulondb,0.05263157894736842,18,18,TCACATATACTCATCCGAAG,0,72883
TSS_1414_storz_regulondb,0.05263157894736842,18,18,TCAATGTTTTAAAAAAAGGA,0,5190
TSS_1414_storz_regulondb,0.05263157894736842,18,18,TCAAGTCGTGAACAGTCTTC,0,50640
TSS_1414_storz_regulondb,0.05263157894736842,18,18,TCAAATACGGGACACGACTA,0,45940
TSS_1414_storz_regulondb,0.05263157894736842,18,18,TATTCCTCAGAGTCGCACCA,0,17758
TSS_1414_storz_regulondb,0.05263157894736842,18,18,TATGTACCACTGAGAACGGA,0,52920
TSS_1414_storz_regulondb,0.05263157894736842,18,18,TATAGTTGGGGATACTAGGA,0,79229
TSS_1414_storz_regulondb,0.05263157894736842,18,18,TATAGCAGGAACATGGTGAT,0,7093
TSS_1414_storz_regulondb,0.05263157894736842,18,18,TAGGGTCTTGGAAATCATGT,0,56033
TSS_1414_storz_regulondb,0.05263157894736842,18,18,TAGCTTACGCGGCATACGTA,0,53561
TSS_1414_storz_regulondb,0.05263157894736842,18,18,TAGACCTGGGATGTCAACGC,0,34368
TSS_1414_storz_regulondb,0.05263157894736842,18,18,TAGAAGACCTCTGGGACGGC,0,80538
TSS_1414_storz_regulondb,0.05263157894736842,18,18,TACTTTGTCATTGCAGAAGA,0,28070
TSS_1414_storz_regulondb,0.05263157894736842,18,18,TACGGCGACGTAGAGATCGC,0,65365
TSS_1414_storz_regulondb,0.05263157894736842,18,18,TACCACTGGGGCGAGGGTGC,0,18912
TSS_1414_storz_regulondb,0.05263157894736842,18,18,TACAGTACCACTTCGTTCAT,0,8865
TSS_1414_storz_regulondb,0.05263157894736842,18,18,TACACGCGCAAAGTGAATGA,0,50093
TSS_1414_storz_regulondb,0.05263157894736842,18,18,TACAAGCGTGGGCACCCTGA,0,75544
TSS_1414_storz_regulondb,0.05263157894736842,18,18,TAAGGAAATACATGCTTGAT,0,26153
TSS_1414_storz_regulondb,0.05263157894736842,18,18,TAAGCCAAGACGTATGAGTT,0,4705
TSS_1414_storz_regulondb,0.05263157894736842,18,18,TAACCTACTCCGTAGATATT,0,7495
TSS_1414_storz_regulondb,0.05263157894736842,18,18,GTTTGCGCAGTCGTGGTAGT,0,41352
TSS_1414_storz_regulondb,0.05263157894736842,18,18,GTTTCGTTCCGAGGCAGCGC,0,36256
TSS_1414_storz_regulondb,0.05263157894736842,18,18,GTTGGGTTCGTGCCCCGACA,0,3239
TSS_1414_storz_regulondb,0.05263157894736842,18,18,GTTGCCAGGCCTGCTATAAT,0,10138
TSS_1414_storz_regulondb,0.05263157894736842,18,18,GTTCACTCAGTCCGTGTAAC,0,71683
TSS_1414_storz_regulondb,0.05263157894736842,18,18,GTTACTATCGCTCGGGACGT,0,44061
TSS_1414_storz_regulondb,0.05263157894736842,18,18,GTTAAGCCGTCAGTTTATTT,0,73124
TSS_1414_storz_regulondb,0.05263157894736842,18,18,GTGTTCATGGCTTAATCCAG,0,17199
TSS_1414_storz_regulondb,0.05263157894736842,18,18,GTGTGTATGCGGAGGTCAAA,0,26252
TSS_1414_storz_regulondb,0.05263157894736842,18,18,GTGCGCATTTTGGTTCCCAT,0,79949
TSS_1414_storz_regulondb,0.05263157894736842,18,18,GTCTTAAGCAGCAATCCGTA,0,6527
TSS_1414_storz_regulondb,0.05263157894736842,18,18,GTCTGCGTTAGTTTGAACGC,0,79635
TSS_1414_storz_regulondb,0.05263157894736842,18,18,GTCGTCGCTCGCGGAAGCAT,0,26690
TSS_1414_storz_regulondb,0.05263157894736842,18,18,GTCGGATTACGTTTGCTTAC,0,76455
TSS_1414_storz_regulondb,0.05263157894736842,18,18,GTCCAGTTGAATTAGGTGGT,0,74719
TSS_1414_storz_regulondb,0.05263157894736842,18,18,GTCAGACGACACACTGACAG,0,58674
TSS_1414_storz_regulondb,0.05263157894736842,18,18,GTAGGTCCTATTACGAAGTC,0,64232
TSS_1414_storz_regulondb,0.05263157894736842,18,18,GTAGATTCCTTAACAGGTTT,0,75153
TSS_1414_storz_regulondb,0.05263157894736842,18,18,GTACTCACATATGCACGGAT,0,20966
TSS_1414_storz_regulondb,0.05263157894736842,18,18,GGTTTAGACATATATCGGCC,0,63699
TSS_1414_storz_regulondb,0.05263157894736842,18,18,GGTTCCTTCCCGTACACGAA,0,26627
TSS_1414_storz_regulondb,0.05263157894736842,18,18,GGTGGTATGCATGGGGGCAG,0,34475
TSS_1414_storz_regulondb,0.05263157894736842,18,18,GGTCAAACCTTGTCATATGC,0,12165
TSS_1414_storz_regulondb,0.05263157894736842,18,18,GGTATTGTTGAATTAACGAG,0,8559
TSS_1414_storz_regulondb,0.05263157894736842,18,18,GGGTGCATCATGAGGGCCAG,0,44936
TSS_1414_storz_regulondb,0.05263157894736842,18,18,GGGTGCAGATCTTGTGTGTT,0,10794
TSS_1414_storz_regulondb,0.05263157894736842,18,18,GGGTGAGCATGTGCTCTCAG,0,21300
TSS_1414_storz_regulondb,0.05263157894736842,18,18,GGGTCCATAGGAATTCGCTA,0,8552
TSS_1414_storz_regulondb,0.05263157894736842,18,18,GGGTCAATATATCATACCAC,0,11564
TSS_1414_storz_regulondb,0.05263157894736842,18,18,GGGGATTTCGTGAGGCATGT,0,51984
TSS_1414_storz_regulondb,0.05263157894736842,18,18,GGGGATTGAGGACCTCGGGA,0,69219
TSS_1414_storz_regulondb,0.05263157894736842,18,18,GGGGAATTAACCGTATTTGA,0,39223
TSS_1414_storz_regulondb,0.05263157894736842,18,18,GGGCGTTCCAAGCAAGGAAT,0,32350
TSS_1414_storz_regulondb,0.05263157894736842,18,18,GGGCATGGGTGACTACCAAG,0,31742
TSS_1414_storz_regulondb,0.05263157894736842,18,18,GGGAGAATTCTATATCTGCG,0,38864
TSS_1414_storz_regulondb,0.05263157894736842,18,18,GGGAAGCCAACACCGCTCTC,0,49135
TSS_1414_storz_regulondb,0.05263157894736842,18,18,GGCGGGCAGTGGGCAGGTGT,0,41731
TSS_1414_storz_regulondb,0.05263157894736842,18,18,GGCGGCGGCTGGGCCACGAG,0,56477
TSS_1414_storz_regulondb,0.05263157894736842,18,18,GGCGCTCTTCCGATCTAACA,0,51482
TSS_1414_storz_regulondb,0.05263157894736842,18,18,GGCCTATCGTGAATGCTCAC,0,39090
TSS_1414_storz_regulondb,0.05263157894736842,18,18,GGCCGGTTGATGGGTGAAGG,0,49236
TSS_1414_storz_regulondb,0.05263157894736842,18,18,GGCCGCCAGATCCCTAAGCA,0,53751
TSS_1414_storz_regulondb,0.05263157894736842,18,18,GGCCCAGTCGGCCGGGTAAC,0,42017
TSS_1414_storz_regulondb,0.05263157894736842,18,18,GGCCATCCGATTCTTCGTCC,0,28176
TSS_1414_storz_regulondb,0.05263157894736842,18,18,GGCCAAACGGGTTCATTACA,0,55745
TSS_1414_storz_regulondb,0.05263157894736842,18,18,GGATTTATGGCGCGATATAC,0,77311
TSS_1414_storz_regulondb,0.05263157894736842,18,18,GGATGTGACGAAGCACGTCA,0,47439
TSS_1414_storz_regulondb,0.05263157894736842,18,18,GGAGGCGGCGTTTATGTGTA,0,71255
TSS_1414_storz_regulondb,0.05263157894736842,18,18,GGACGCTAATCTTTAAAGGC,0,48069
TSS_1414_storz_regulondb,0.05263157894736842,18,18,GGAAACGGTACCGGTGGGTG,0,37808
TSS_1414_storz_regulondb,0.05263157894736842,18,18,GCTGTACTGATCAGAGAAAG,0,20757
TSS_1414_storz_regulondb,0.05263157894736842,18,18,GCTAGGCAAGTTCCCACGGC,0,51865
TSS_1414_storz_regulondb,0.05263157894736842,18,18,GCTAAATCAACCTTCAGGCT,0,33078
TSS_1414_storz_regulondb,0.05263157894736842,18,18,GCGTAAGGCCTGGGTTGTAT,0,18426
TSS_1414_storz_regulondb,0.05263157894736842,18,18,GCGGAAGCAGAATTCGCGTC,0,17482
TSS_1414_storz_regulondb,0.05263157894736842,18,18,GCGAGGATGAGAGTGTGAGC,0,16231
TSS_1414_storz_regulondb,0.05263157894736842,18,18,GCGACGGGTGGGTAGACATA,0,30939
TSS_1414_storz_regulondb,0.05263157894736842,18,18,GCCGGAGAAGACGGAAGTTT,0,19657
TSS_1414_storz_regulondb,0.05263157894736842,18,18,GCCGAGGTGTTTGTAGGATG,0,29215
TSS_1414_storz_regulondb,0.05263157894736842,18,18,GCCCTGATTGCTCCAGTTTT,0,12614
TSS_1414_storz_regulondb,0.05263157894736842,18,18,GCCCTAAATAGCGGTAGACG,0,56751
TSS_1414_storz_regulondb,0.05263157894736842,18,18,GCCCGGGCAGCGGGGGCACA,0,26309
TSS_1414_storz_regulondb,0.05263157894736842,18,18,GCATGTGCCACCTCACTTTA,0,51656
TSS_1414_storz_regulondb,0.05263157894736842,18,18,GCATGACGAGCAGTCACAAA,0,57850
TSS_1414_storz_regulondb,0.05263157894736842,18,18,GCACAGGAGGGCAAGAAATT,0,36872
TSS_1414_storz_regulondb,0.05263157894736842,18,18,GATTCCACACCATCCTAGTT,0,2917
TSS_1414_storz_regulondb,0.05263157894736842,18,18,GATATGGAACATATCGATTC,0,48107
TSS_1414_storz_regulondb,0.05263157894736842,18,18,GATAGCGGGAAAATGGAGAC,0,58730
TSS_1414_storz_regulondb,0.05263157894736842,18,18,GATACGTTAAGTGCGACAAG,0,2426
TSS_1414_storz_regulondb,0.05263157894736842,18,18,GAGTCTGGAGGTGCTTCGTT,0,64908
TSS_1414_storz_regulondb,0.05263157894736842,18,18,GAGGGTCGGATCTTGCACAA,0,6303
TSS_1414_storz_regulondb,0.05263157894736842,18,18,GAGCCCGCTGTACGGGTAAT,0,55168
TSS_1414_storz_regulondb,0.05263157894736842,18,18,GAGCATCTTTTCCTCATGTT,0,78686
TSS_1414_storz_regulondb,0.05263157894736842,18,18,GAGATAGCCTATTGATGCAA,0,71397
TSS_1414_storz_regulondb,0.05263157894736842,18,18,GACTCCCGTCGCACATCAGT,0,48089
TSS_1414_storz_regulondb,0.05263157894736842,18,18,GACCGAGTCCGTCGTTAGCT,0,48742
TSS_1414_storz_regulondb,0.05263157894736842,18,18,GAAGGATTATATTGTGCCGG,0,73480
TSS_1414_storz_regulondb,0.05263157894736842,18,18,GAACGTCTCGGTTTACCCCC,0,52718
TSS_1414_storz_regulondb,0.05263157894736842,18,18,GAACCTGATCATCAGGGGCT,0,23684
TSS_1414_storz_regulondb,0.05263157894736842,18,18,GAAAGTTCCGGACACGGCGT,0,57572
TSS_1414_storz_regulondb,0.05263157894736842,18,18,CTTGCATCTAGCTAGTACAC,0,50120
TSS_1414_storz_regulondb,0.05263157894736842,18,18,CTTGATAGGACCGAGTTGTG,0,11426
TSS_1414_storz_regulondb,0.05263157894736842,18,18,CTTGAGCACCGACCTATGTA,0,80895
TSS_1414_storz_regulondb,0.05263157894736842,18,18,CTTACCTCTATCAATGGGTA,0,35867
TSS_1414_storz_regulondb,0.05263157894736842,18,18,CTGGCTGTTAATCCTGGAAA,0,29306
TSS_1414_storz_regulondb,0.05263157894736842,18,18,CTGGAGAAGCTTAAAGCTTA,0,37256
TSS_1414_storz_regulondb,0.05263157894736842,18,18,CTGCTAGCGGGCGATTTTGG,0,22534
TSS_1414_storz_regulondb,0.05263157894736842,18,18,CTGCATCAGCAGGTGAACGA,0,31953
TSS_1414_storz_regulondb,0.05263157894736842,18,18,CTGAGATAACACACCGTGAT,0,8452
TSS_1414_storz_regulondb,0.05263157894736842,18,18,CTGACCACAGGTCACTATGA,0,68715
TSS_1414_storz_regulondb,0.05263157894736842,18,18,CTGACAATTACTGCCCATCG,0,3454
TSS_1414_storz_regulondb,0.05263157894736842,18,18,CTCTCTGTGAGAGTGGGATT,0,45767
TSS_1414_storz_regulondb,0.05263157894736842,18,18,CTCCTCAAGTGGATGAGGGT,0,10607
TSS_1414_storz_regulondb,0.05263157894736842,18,18,CTCATGCACAAGTGATGGGA,0,26545
TSS_1414_storz_regulondb,0.05263157894736842,18,18,CTACTGCGGGCCGCGCTTGG,0,12276
TSS_1414_storz_regulondb,0.05263157894736842,18,18,CTACCCGTCGGAATCTCCAA,0,70633
TSS_1414_storz_regulondb,0.05263157894736842,18,18,CGTCGATAACCAGGAGCGTA,0,30047
TSS_1414_storz_regulondb,0.05263157894736842,18,18,CGTAGTGAAAAACTGTTAGT,0,37417
TSS_1414_storz_regulondb,0.05263157894736842,18,18,CGTACTGAAGTTTTGAAATT,0,80034
TSS_1414_storz_regulondb,0.05263157894736842,18,18,CGGTTTCACGTGTACAAAAG,0,24454
TSS_1414_storz_regulondb,0.05263157894736842,18,18,CGGTAGTTTGGATACTCCTG,0,42779
TSS_1414_storz_regulondb,0.05263157894736842,18,18,CGGTACTGAGCACATAGATG,0,77679
TSS_1414_storz_regulondb,0.05263157894736842,18,18,CGGGCTTAGTAGTTGCCAAA,0,9089
TSS_1414_storz_regulondb,0.05263157894736842,18,18,CGGGAGCATGAGGAATTTCT,0,9015
TSS_1414_storz_regulondb,0.05263157894736842,18,18,CGGCCCCTACTTTCATGCGC,0,34549
TSS_1414_storz_regulondb,0.05263157894736842,18,18,CGGAGCTTCGAATGTTTCCC,0,13449
TSS_1414_storz_regulondb,0.05263157894736842,18,18,CGGACCAGTATCGAAGCCGG,0,8528
TSS_1414_storz_regulondb,0.05263157894736842,18,18,CGGAAGTGGGCGCAAACCTG,0,33539
TSS_1414_storz_regulondb,0.05263157894736842,18,18,CGGAAAGACCCATCCCCAGC,0,31780
TSS_1414_storz_regulondb,0.05263157894736842,18,18,CGCTTATGCTAGAACGCGTC,0,77144
TSS_1414_storz_regulondb,0.05263157894736842,18,18,CGCTGATAAGGTGTCCGGTT,0,69692
TSS_1414_storz_regulondb,0.05263157894736842,18,18,CGCTCGAGGTTTGAGTTCTA,0,60289
TSS_1414_storz_regulondb,0.05263157894736842,18,18,CGCTAGAGACTGTGGGTTTT,0,31834
TSS_1414_storz_regulondb,0.05263157894736842,18,18,CGCGCGTGTACTAAAAAGCT,0,19606
TSS_1414_storz_regulondb,0.05263157894736842,18,18,CGCGCAGCGGAAACCACCCA,0,15841
TSS_1414_storz_regulondb,0.05263157894736842,18,18,CGCCGTGTGCGCTACTGCAG,0,8116
TSS_1414_storz_regulondb,0.05263157894736842,18,18,CGCCCTGGGGTGTATCGTGA,0,15061
TSS_1414_storz_regulondb,0.05263157894736842,18,18,CGCATGGTGAGTAGGACAAC,0,69601
TSS_1414_storz_regulondb,0.05263157894736842,18,18,CGCAGCATCGTACATTAAGT,0,53182
TSS_1414_storz_regulondb,0.05263157894736842,18,18,CGCAACCCAAAACATTTTAA,0,12038
TSS_1414_storz_regulondb,0.05263157894736842,18,18,CGATTATCGGAAGCGTGCCC,0,66087
TSS_1414_storz_regulondb,0.05263157894736842,18,18,CGAGGAAATTTGTGTGGGTA,0,34671
TSS_1414_storz_regulondb,0.05263157894736842,18,18,CCTTGAGCACTCGCCGCCCG,0,65723
TSS_1414_storz_regulondb,0.05263157894736842,18,18,CCTAGCGCGATTCACGGGGA,0,63514
TSS_1414_storz_regulondb,0.05263157894736842,18,18,CCTACCGGGAACTTGAATTT,0,27286
TSS_1414_storz_regulondb,0.05263157894736842,18,18,CCGTCCTCGATAGGTGACAG,0,78295
TSS_1414_storz_regulondb,0.05263157894736842,18,18,CCGGGTGACTTTTTCTTGAC,0,34569
TSS_1414_storz_regulondb,0.05263157894736842,18,18,CCGCCACTGACTCCAGACTG,0,25730
TSS_1414_storz_regulondb,0.05263157894736842,18,18,CCGCACGCAGGCCCAACAAC,0,9499
TSS_1414_storz_regulondb,0.05263157894736842,18,18,CCCCTTTTATTTAGTTAAAT,0,11386
TSS_1414_storz_regulondb,0.05263157894736842,18,18,CCCCTCCATGTCCAATATCG,0,64934
TSS_1414_storz_regulondb,0.05263157894736842,18,18,CCCAGTACCCTATGTGGGAA,0,11722
TSS_1414_storz_regulondb,0.05263157894736842,18,18,CCATGCGGGCTTGGCGGTTT,0,8058
TSS_1414_storz_regulondb,0.05263157894736842,18,18,CCATCACTACCGGGATCTTT,0,73460
TSS_1414_storz_regulondb,0.05263157894736842,18,18,CCATACAAGTTCCTTCTTCA,0,50410
TSS_1414_storz_regulondb,0.05263157894736842,18,18,CCAGTCAGAATGAGGATTCA,0,64939
TSS_1414_storz_regulondb,0.05263157894736842,18,18,CCAGCCTGTCTGTAAAGGTA,0,48461
TSS_1414_storz_regulondb,0.05263157894736842,18,18,CCACCTTAGGTGGCGAAAAT,0,49827
TSS_1414_storz_regulondb,0.05263157894736842,18,18,CCACAGACCGATACGATCTC,0,1914
TSS_1414_storz_regulondb,0.05263157894736842,18,18,CCACAAGGTCACGGAGAGAA,0,19003
TSS_1414_storz_regulondb,0.05263157894736842,18,18,CCAATCTATATGTAACGTCT,0,47979
TSS_1414_storz_regulondb,0.05263157894736842,18,18,CCAACCCAGCAGTGGATCCT,0,11123
TSS_1414_storz_regulondb,0.05263157894736842,18,18,CATAGAGTCAATAGAGATGT,0,8645
TSS_1414_storz_regulondb,0.05263157894736842,18,18,CAGTGGAACCAAATGGGTAT,0,27895
TSS_1414_storz_regulondb,0.05263157894736842,18,18,CAGGGCGTAATCGGCTACAT,0,68428
TSS_1414_storz_regulondb,0.05263157894736842,18,18,CAGGGCACGACATTATTGGA,0,9898
TSS_1414_storz_regulondb,0.05263157894736842,18,18,CAGGCGGTTAATTTCGTTAT,0,12177
TSS_1414_storz_regulondb,0.05263157894736842,18,18,CAGGATTACCTCGGGTGTGA,0,10264
TSS_1414_storz_regulondb,0.05263157894736842,18,18,CAGCCTTACCCTGTGGACCT,0,34011
TSS_1414_storz_regulondb,0.05263157894736842,18,18,CAGCCTGCGTTAGTCTGCAT,0,31684
TSS_1414_storz_regulondb,0.05263157894736842,18,18,CAGATGTTGGGGAGCAGGAT,0,41972
TSS_1414_storz_regulondb,0.05263157894736842,18,18,CAGAATCTTAAACGTGAAAT,0,3781
TSS_1414_storz_regulondb,0.05263157894736842,18,18,CAGAACACTGACTATGTTGT,0,4964
TSS_1414_storz_regulondb,0.05263157894736842,18,18,CACTTGGCGGTTAGATCGTT,0,42435
TSS_1414_storz_regulondb,0.05263157894736842,18,18,CACTGGTTAAATGAACCGAA,0,60339
TSS_1414_storz_regulondb,0.05263157894736842,18,18,CACATCGGGGGTGGCCACGA,0,7383
TSS_1414_storz_regulondb,0.05263157894736842,18,18,CACAGCGGGACATTTTCGAA,0,6385
TSS_1414_storz_regulondb,0.05263157894736842,18,18,CACACATAATCATGGAGCCA,0,12552
TSS_1414_storz_regulondb,0.05263157894736842,18,18,CAATTTCCCGTGAGGCAGAG,0,56774
TSS_1414_storz_regulondb,0.05263157894736842,18,18,CAATTCGGCGTGTAAAGGAA,0,60348
TSS_1414_storz_regulondb,0.05263157894736842,18,18,CAATAGCACATGCCGGGTTT,0,21183
TSS_1414_storz_regulondb,0.05263157894736842,18,18,CAAGTACCAAAACTGCTGTA,0,80412
TSS_1414_storz_regulondb,0.05263157894736842,18,18,CAAGGTAGCTGACCGCGTTT,0,49284
TSS_1414_storz_regulondb,0.05263157894736842,18,18,CAACAATGTTCGCCGATATA,0,43126
TSS_1414_storz_regulondb,0.05263157894736842,18,18,CAAAAGAGTAAATCCTTTGT,0,32293
TSS_1414_storz_regulondb,0.05263157894736842,18,18,ATTTTGAGGGTATGCCGCCA,0,2643
TSS_1414_storz_regulondb,0.05263157894736842,18,18,ATTCTCTTCCTTGGCACCTG,0,74818
TSS_1414_storz_regulondb,0.05263157894736842,18,18,ATTCATGGTCTAGGAAGTAA,0,39874
TSS_1414_storz_regulondb,0.05263157894736842,18,18,ATGCTTACATTACAGCGCGT,0,29310
TSS_1414_storz_regulondb,0.05263157894736842,18,18,ATGCATGGTTTGAGGGAATC,0,52433
TSS_1414_storz_regulondb,0.05263157894736842,18,18,ATGAAAGGACATGAGGGCAA,0,10250
TSS_1414_storz_regulondb,0.05263157894736842,18,18,ATCTTGCATGTGTAATTGTT,0,3243
TSS_1414_storz_regulondb,0.05263157894736842,18,18,ATCTGAAGTTCTAGCCGTTG,0,10199
TSS_1414_storz_regulondb,0.05263157894736842,18,18,ATCTACACCGGCCTCTGTCC,0,37910
TSS_1414_storz_regulondb,0.05263157894736842,18,18,ATCCGGAGCCTCGAAGCATC,0,60004
TSS_1414_storz_regulondb,0.05263157894736842,18,18,ATCCCATCAACAGAAAATCA,0,67708
TSS_1414_storz_regulondb,0.05263157894736842,18,18,ATCACTGAGCACGGGATGGA,0,60933
TSS_1414_storz_regulondb,0.05263157894736842,18,18,ATCACTCACCACAACTAGAG,0,23908
TSS_1414_storz_regulondb,0.05263157894736842,18,18,ATACGAACTTTAAAGATGCT,0,48213
TSS_1414_storz_regulondb,0.05263157894736842,18,18,ATAATCCGCCCCTGGAATAT,0,26865
TSS_1414_storz_regulondb,0.05263157894736842,18,18,ATAAGATATAGGGGGAAGTC,0,19140
TSS_1414_storz_regulondb,0.05263157894736842,18,18,ATAACTTCCCGGTTGTTCAT,0,1654
TSS_1414_storz_regulondb,0.05263157894736842,18,18,AGTGTTCAACGATAGAAAAG,0,45048
TSS_1414_storz_regulondb,0.05263157894736842,18,18,AGTGGATATGTCAACCTACA,0,65632
TSS_1414_storz_regulondb,0.05263157894736842,18,18,AGTATCGATTGCACTTCTAT,0,5316
TSS_1414_storz_regulondb,0.05263157894736842,18,18,AGTACTGGCTAGAGCTGGTC,0,68321
TSS_1414_storz_regulondb,0.05263157894736842,18,18,AGGTCGCCGACTCAGATCGA,0,47789
TSS_1414_storz_regulondb,0.05263157894736842,18,18,AGGTAAGTTGTTTATCTAAA,0,23242
TSS_1414_storz_regulondb,0.05263157894736842,18,18,AGGCTTCTCTACCTTCGGAC,0,4536
TSS_1414_storz_regulondb,0.05263157894736842,18,18,AGGATCATTAATTCGTAGCC,0,40327
TSS_1414_storz_regulondb,0.05263157894736842,18,18,AGGACCTTGTATACCGCGGC,0,43025
TSS_1414_storz_regulondb,0.05263157894736842,18,18,AGCTTAATTTTGGGGTATCT,0,27221
TSS_1414_storz_regulondb,0.05263157894736842,18,18,AGCTCGATCACGTATGCGTT,0,53975
TSS_1414_storz_regulondb,0.05263157894736842,18,18,AGCGAGCTCCCATGTTGCAG,0,80008
TSS_1414_storz_regulondb,0.05263157894736842,18,18,AGCCGAAGTCTTGAGATACT,0,54284
TSS_1414_storz_regulondb,0.05263157894736842,18,18,AGCCCTCTCAGGGTGTCTAG,0,35799
TSS_1414_storz_regulondb,0.05263157894736842,18,18,AGAGGTATACGAGTTCGCTA,0,70364
TSS_1414_storz_regulondb,0.05263157894736842,18,18,AGACGGTGTGTATTTGAAGG,0,39167
TSS_1414_storz_regulondb,0.05263157894736842,18,18,ACTGGCTACTGGTATGCTGT,0,50316
TSS_1414_storz_regulondb,0.05263157894736842,18,18,ACTCAGGGTGTTATTGGCTA,0,17416
TSS_1414_storz_regulondb,0.05263157894736842,18,18,ACTCACGTGTCCACTGTGGC,0,57664
TSS_1414_storz_regulondb,0.05263157894736842,18,18,ACTATGGATTTTAACGATCA,0,23804
TSS_1414_storz_regulondb,0.05263157894736842,18,18,ACGGTTCGGATCTTACAGAT,0,67538
TSS_1414_storz_regulondb,0.05263157894736842,18,18,ACGGTCCCATGACGCGCAAA,0,18882
TSS_1414_storz_regulondb,0.05263157894736842,18,18,ACGGGTTCTTAGAGCGGGCA,0,77417
TSS_1414_storz_regulondb,0.05263157894736842,18,18,ACGGACACCGGTTGAATGAC,0,46042
TSS_1414_storz_regulondb,0.05263157894736842,18,18,ACGCCTCTGGTCCCCTACAT,0,15303
TSS_1414_storz_regulondb,0.05263157894736842,18,18,ACGAGGCACAGTTTACAATT,0,63695
TSS_1414_storz_regulondb,0.05263157894736842,18,18,ACGAAATATGGTTGTGCGTT,0,79179
TSS_1414_storz_regulondb,0.05263157894736842,18,18,ACCTGGGGTAACGTCGTTCA,0,65295
TSS_1414_storz_regulondb,0.05263157894736842,18,18,ACCGGGGCACTTCGCCAGGG,0,49712
TSS_1414_storz_regulondb,0.05263157894736842,18,18,ACCGATTTGCGGGGGTAAAA,0,72284
TSS_1414_storz_regulondb,0.05263157894736842,18,18,ACCCCTTAGCGAACAGTGCT,0,60854
TSS_1414_storz_regulondb,0.05263157894736842,18,18,ACCCCAGGCTGGTGACGGTT,0,42216
TSS_1414_storz_regulondb,0.05263157894736842,18,18,ACCCCAACGGTCGGGTCAGT,0,12613
TSS_1414_storz_regulondb,0.05263157894736842,18,18,ACATTGTCTCTAGACGGCTA,0,40530
TSS_1414_storz_regulondb,0.05263157894736842,18,18,ACAGGATCTCGTGAGTTCGA,0,48718
TSS_1414_storz_regulondb,0.05263157894736842,18,18,ACAATTAAGTCGGGGTGCTG,0,80092
TSS_1414_storz_regulondb,0.05263157894736842,18,18,ACAATGGTCTAACTTAAAAT,0,64822
TSS_1414_storz_regulondb,0.05263157894736842,18,18,ACAATCGGACCCCCACAGAT,0,21113
TSS_1414_storz_regulondb,0.05263157894736842,18,18,ACAACCTGCGCCCGCCCCTC,0,56545
TSS_1414_storz_regulondb,0.05263157894736842,18,18,AATTTATCTGGACTGCTCAC,0,4545
TSS_1414_storz_regulondb,0.05263157894736842,18,18,AATCTGTCCCGATCAACCAT,0,17168
TSS_1414_storz_regulondb,0.05263157894736842,18,18,AATACAGACAGCCGTCTTGA,0,12747
TSS_1414_storz_regulondb,0.05263157894736842,18,18,AAGTTGCAGTAACGTGCCAG,0,80642
TSS_1414_storz_regulondb,0.05263157894736842,18,18,AAGTCGGACGAGCACGAGTG,0,7386
TSS_1414_storz_regulondb,0.05263157894736842,18,18,AAGGGAGTGACCTTACTGAA,0,26072
TSS_1414_storz_regulondb,0.05263157894736842,18,18,AAGCGGTGAGGCCAAGAAAG,0,39441
TSS_1414_storz_regulondb,0.05263157894736842,18,18,AAGCCTTACCTATTGAGGTG,0,8946
TSS_1414_storz_regulondb,0.05263157894736842,18,18,AACTAGGACTCCCTGCGCAA,0,28743
TSS_1414_storz_regulondb,0.05263157894736842,18,18,AACGTACTGTCTGGAGCATA,0,54106
TSS_1414_storz_regulondb,0.05263157894736842,18,18,AACGACGTGTGTGCTGCCTA,0,54108
TSS_1414_storz_regulondb,0.05263157894736842,18,18,AACCCCGAATAGCTTACGGC,0,28680
TSS_1414_storz_regulondb,0.05263157894736842,18,18,AAATTTCTAGCGCCAAGTGA,0,45739
TSS_1414_storz_regulondb,0.05263157894736842,18,18,AAATCCGGGTCCACATGGAT,0,2606
TSS_1414_storz_regulondb,0.05263157894736842,18,18,AAAGCTAGGCTGCGTTTAGT,0,43841
TSS_1414_storz_regulondb,0.05263157894736842,18,18,AAACAAGGGATCGGTAGCCG,0,76284
TSS_1414_storz_regulondb,0.05263157894736842,18,18,AAAAGTCCTCAGACCTGATC,0,4881
TSS_1414_storz_regulondb,0.05263157894736842,18,18,AAAAGCGTCGGACATCCGAC,0,38779
TSS_1414_storz_regulondb,0.05263157894736842,18,18,AAAAGCCTGTCAATCACGAT,0,32754
TSS_1414_storz_regulondb,0.05263157894736842,18,18,AAAACACGATTTCACAAGGG,0,56226
TSS_1414_storz_regulondb,0.05263157894736842,18,18,AAAAATGACTGACGCAACTA,0,68046
TSS_1414_storz_regulondb,0.05263157894736842,18,18,AAAAATCGATCCTGAGGAGC,0,17883
TSS_1414_storz_regulondb,0.05555555555555555,17,17,TTTTGTACGATTAACCCATT,0,27047
TSS_1414_storz_regulondb,0.05555555555555555,17,17,TTTGGGCATGCGGTCGTCCT,0,5034
TSS_1414_storz_regulondb,0.05555555555555555,17,17,TTTGAACCATTATGGAAGCT,0,50314
TSS_1414_storz_regulondb,0.05555555555555555,17,17,TTTCTTACGGTAGGGCGAGT,0,36315
TSS_1414_storz_regulondb,0.05555555555555555,17,17,TTTCGTGTAGGACAAAGAGA,0,16326
TSS_1414_storz_regulondb,0.05555555555555555,17,17,TTTCGTGGTCTCTCCATGCA,0,22906
TSS_1414_storz_regulondb,0.05555555555555555,17,17,TTTCCGGGCTCAGACGTGCA,0,19004
TSS_1414_storz_regulondb,0.05555555555555555,17,17,TTTATAACAACAATTCTACC,0,33823
TSS_1414_storz_regulondb,0.05555555555555555,17,17,TTTACGGAGCCTATCTTATT,0,42105
TSS_1414_storz_regulondb,0.05555555555555555,17,17,TTGTTGTATCGGGCTCAATC,0,45769
TSS_1414_storz_regulondb,0.05555555555555555,17,17,TTGTCCCTGTGCTTAAGTCC,0,70188
TSS_1414_storz_regulondb,0.05555555555555555,17,17,TTGGTCGTATGCCACCGTAT,0,25126
TSS_1414_storz_regulondb,0.05555555555555555,17,17,TTGGAAGCTGCAGTAGTGCA,0,43426
TSS_1414_storz_regulondb,0.05555555555555555,17,17,TTGCGTCCCCGTCGCCGGCC,0,9038
TSS_1414_storz_regulondb,0.05555555555555555,17,17,TTGAGTTCGGCGCTTTAAGA,0,8175
TSS_1414_storz_regulondb,0.05555555555555555,17,17,TTGACAACCCCTCTGGGAGG,0,72105
TSS_1414_storz_regulondb,0.05555555555555555,17,17,TTGAATCGACTCAGGGTGTA,0,42316
TSS_1414_storz_regulondb,0.05555555555555555,17,17,TTCTGTTTCATAGGCGAGGC,0,20083
TSS_1414_storz_regulondb,0.05555555555555555,17,17,TTCCTAGTAGGCCCACGGGT,0,45164
TSS_1414_storz_regulondb,0.05555555555555555,17,17,TTCCGTACGGGTCGCATAGA,0,30876
TSS_1414_storz_regulondb,0.05555555555555555,17,17,TTCCATTACGCTGGTGGAAC,0,70636
TSS_1414_storz_regulondb,0.05555555555555555,17,17,TTCATTATCCATTGTCGGCG,0,12966
TSS_1414_storz_regulondb,0.05555555555555555,17,17,TTCAATCTACCTTATTTCGC,0,67048
TSS_1414_storz_regulondb,0.05555555555555555,17,17,TTATGCCAGCACGGTGAGGA,0,38365
TSS_1414_storz_regulondb,0.05555555555555555,17,17,TTACTTACCTACTACGGACT,0,34621
TSS_1414_storz_regulondb,0.05555555555555555,17,17,TTACGCGTACCTTCGTGTTT,0,57786
TSS_1414_storz_regulondb,0.05555555555555555,17,17,TTAATTTAGGCTTGGAGGAC,0,63561
TSS_1414_storz_regulondb,0.05555555555555555,17,17,TTAATGAGCCCCGCTCAATG,0,54951
TSS_1414_storz_regulondb,0.05555555555555555,17,17,TTAACCCGGCGTACATAAAG,0,74766
TSS_1414_storz_regulondb,0.05555555555555555,17,17,TGTTGGTTGTGCTCACTTGT,0,6951
TSS_1414_storz_regulondb,0.05555555555555555,17,17,TGTCGTGGCCTTCGTGGGGT,0,10349
TSS_1414_storz_regulondb,0.05555555555555555,17,17,TGTCGGGTCTGCAACAGAGG,0,63867
TSS_1414_storz_regulondb,0.05555555555555555,17,17,TGTCCAGATCGCACTACGAA,0,73944
TSS_1414_storz_regulondb,0.05555555555555555,17,17,TGTAATTTATAAAGATCTAG,0,71249
TSS_1414_storz_regulondb,0.05555555555555555,17,17,TGTAAGGGAAATGGAATCAC,0,10555
TSS_1414_storz_regulondb,0.05555555555555555,17,17,TGGTCAGAGTTGCCTACGCA,0,42815
TSS_1414_storz_regulondb,0.05555555555555555,17,17,TGGGGACAATCAGGCGGCTC,0,11715
TSS_1414_storz_regulondb,0.05555555555555555,17,17,TGGGCAACGGTCACAGATGA,0,13149
TSS_1414_storz_regulondb,0.05555555555555555,17,17,TGGGAAAGTGTGTTAGCATG,0,618
TSS_1414_storz_regulondb,0.05555555555555555,17,17,TGGCAAATGAGAGGCTCCGG,0,46646
TSS_1414_storz_regulondb,0.05555555555555555,17,17,TGGAGCGAATACTTTCCGAA,0,48304
TSS_1414_storz_regulondb,0.05555555555555555,17,17,TGGAGCCAGGTTGCAGGTCA,0,8912
TSS_1414_storz_regulondb,0.05555555555555555,17,17,TGGACTGTTTGTAATAAGAC,0,28906
TSS_1414_storz_regulondb,0.05555555555555555,17,17,TGCGGTACACCCCGCAAAGT,0,58666
TSS_1414_storz_regulondb,0.05555555555555555,17,17,TGCGCGGTTACACGTAGCCA,0,57828
TSS_1414_storz_regulondb,0.05555555555555555,17,17,TGCATTTCCGCCGGTATATA,0,51619
TSS_1414_storz_regulondb,0.05555555555555555,17,17,TGATTGGAGTGCGGACTCTA,0,44648
TSS_1414_storz_regulondb,0.05555555555555555,17,17,TGATTCCAAGGGCCGCCCCC,0,27222
TSS_1414_storz_regulondb,0.05555555555555555,17,17,TGAGCAAGCACGAACATATT,0,12685
TSS_1414_storz_regulondb,0.05555555555555555,17,17,TGAGAATAACCCCGCTCGTA,0,54241
TSS_1414_storz_regulondb,0.05555555555555555,17,17,TGACTGGCTGGCCTATGGTT,0,19598
TSS_1414_storz_regulondb,0.05555555555555555,17,17,TGACGTCACAATTAGAAGCT,0,2379
TSS_1414_storz_regulondb,0.05555555555555555,17,17,TGACGAAACAAACTCAGATC,0,63216
TSS_1414_storz_regulondb,0.05555555555555555,17,17,TGAAGGCAGTCAGATTGTCA,0,51379
TSS_1414_storz_regulondb,0.05555555555555555,17,17,TCTTCTACGGTCTTAATTCT,0,16171
TSS_1414_storz_regulondb,0.05555555555555555,17,17,TCTGGTACCCTGGGTGGTGT,0,67881
TSS_1414_storz_regulondb,0.05555555555555555,17,17,TCTCTGGCATCAAAGGTCAG,0,75992
TSS_1414_storz_regulondb,0.05555555555555555,17,17,TCGTTTTTTCGGGAGTAGTA,0,55405
TSS_1414_storz_regulondb,0.05555555555555555,17,17,TCGTCAATTTTTCCTTCTTG,0,30204
TSS_1414_storz_regulondb,0.05555555555555555,17,17,TCGTACGCACGTTTTACCGG,0,12674
TSS_1414_storz_regulondb,0.05555555555555555,17,17,TCGGTAAGTACTACAGTAAT,0,36179
TSS_1414_storz_regulondb,0.05555555555555555,17,17,TCGGGCATGGTCTTCCAGGC,0,195
TSS_1414_storz_regulondb,0.05555555555555555,17,17,TCGCATACAGTGCTCGTACT,0,28620
TSS_1414_storz_regulondb,0.05555555555555555,17,17,TCGATCAGTCCCTTAACTTT,0,47809
TSS_1414_storz_regulondb,0.05555555555555555,17,17,TCGACGCGAACTACCTCTAC,0,45245
TSS_1414_storz_regulondb,0.05555555555555555,17,17,TCCTAAGCCAGCTAGGAGAT,0,45243
TSS_1414_storz_regulondb,0.05555555555555555,17,17,TCCGCGTAGGTTCGCCGGTG,0,31213
TSS_1414_storz_regulondb,0.05555555555555555,17,17,TCCCTTACTACGCCATCAGG,0,26487
TSS_1414_storz_regulondb,0.05555555555555555,17,17,TCCCCGCTCGCAGAGTGCGT,0,24101
TSS_1414_storz_regulondb,0.05555555555555555,17,17,TCCCAATCACCCAGTTATCT,0,22908
TSS_1414_storz_regulondb,0.05555555555555555,17,17,TCCATTAGACGAGCTATCGT,0,26641
TSS_1414_storz_regulondb,0.05555555555555555,17,17,TCAGGTGTCACAATAACGCA,0,54891
TSS_1414_storz_regulondb,0.05555555555555555,17,17,TCAAAGAAAGCATTGTGTCA,0,15432
TSS_1414_storz_regulondb,0.05555555555555555,17,17,TATTTACCCCTCACCTACAA,0,27949
TSS_1414_storz_regulondb,0.05555555555555555,17,17,TATTCCCTGATGCCCGGGGG,0,37440
TSS_1414_storz_regulondb,0.05555555555555555,17,17,TATGGGGTGGTCACAGTCTC,0,55658
TSS_1414_storz_regulondb,0.05555555555555555,17,17,TATCCCAAGCGAAACCTCTA,0,65304
TSS_1414_storz_regulondb,0.05555555555555555,17,17,TATAGAACAGAATTCATCAA,0,36918
TSS_1414_storz_regulondb,0.05555555555555555,17,17,TATACGATCAAAACACTCTT,0,58952
TSS_1414_storz_regulondb,0.05555555555555555,17,17,TAGGGGCGGTGTAGGCGGCC,0,70265
TSS_1414_storz_regulondb,0.05555555555555555,17,17,TAGGATTGGGGGTAGTGGTT,0,49227
TSS_1414_storz_regulondb,0.05555555555555555,17,17,TAGCTAGCGCATAAAGCCCA,0,23098
TSS_1414_storz_regulondb,0.05555555555555555,17,17,TAGCGCCGTGGGTGCATGTA,0,31594
TSS_1414_storz_regulondb,0.05555555555555555,17,17,TAGATTCCGTGTTCCTTGTA,0,60090
TSS_1414_storz_regulondb,0.05555555555555555,17,17,TAGATCGCTAGATAGACGTG,0,22329
TSS_1414_storz_regulondb,0.05555555555555555,17,17,TACTGCGCTAATCGTTACTC,0,46976
TSS_1414_storz_regulondb,0.05555555555555555,17,17,TACTAGCACCCCTCCACCGA,0,54776
TSS_1414_storz_regulondb,0.05555555555555555,17,17,TACATGTCATGAATGTGTCG,0,25011
TSS_1414_storz_regulondb,0.05555555555555555,17,17,TAATCGGTTAAATGCCTTAA,0,45500
TSS_1414_storz_regulondb,0.05555555555555555,17,17,TAATCGATGGCTTTGGGAAA,0,10251
TSS_1414_storz_regulondb,0.05555555555555555,17,17,TAAGAACGTGTCAAGTTGGC,0,18860
TSS_1414_storz_regulondb,0.05555555555555555,17,17,TAACTCGAGGCCTCGGAGTG,0,17136
TSS_1414_storz_regulondb,0.05555555555555555,17,17,TAACCCGAAATTCTCGTCAC,0,65048
TSS_1414_storz_regulondb,0.05555555555555555,17,17,TAACATGGATTATCTTGATT,0,46427
TSS_1414_storz_regulondb,0.05555555555555555,17,17,TAAAACTTACCGATATGGAT,0,24207
TSS_1414_storz_regulondb,0.05555555555555555,17,17,GTTTGGCAGTAGCGGCCACG,0,51670
TSS_1414_storz_regulondb,0.05555555555555555,17,17,GTTTCTCCTCATTTGTAATC,0,65749
TSS_1414_storz_regulondb,0.05555555555555555,17,17,GTTGACTTAGGACTGAAATC,0,70001
TSS_1414_storz_regulondb,0.05555555555555555,17,17,GTTCGTTCCGGCGGGAAAGC,0,43851
TSS_1414_storz_regulondb,0.05555555555555555,17,17,GTTCGGATTTCTAGAGTACA,0,773
TSS_1414_storz_regulondb,0.05555555555555555,17,17,GTTACTATGTCTTAGCTATA,0,45893
TSS_1414_storz_regulondb,0.05555555555555555,17,17,GTTACCGGTCCCTCGATCGG,0,10337
TSS_1414_storz_regulondb,0.05555555555555555,17,17,GTGGAGATTTCCACTTTCGC,0,36998
TSS_1414_storz_regulondb,0.05555555555555555,17,17,GTGATTATAGCATAGATTGG,0,45108
TSS_1414_storz_regulondb,0.05555555555555555,17,17,GTGATCCTCCCACGTGGCAA,0,36653
TSS_1414_storz_regulondb,0.05555555555555555,17,17,GTGAACGGCCGATCTAACTT,0,34533
TSS_1414_storz_regulondb,0.05555555555555555,17,17,GTCTTAGAAATGGTCGGGCT,0,50847
TSS_1414_storz_regulondb,0.05555555555555555,17,17,GTCCTTTGTTGTGGAGACGT,0,51287
TSS_1414_storz_regulondb,0.05555555555555555,17,17,GTCCGTACTTATGGGTTCAA,0,56915
TSS_1414_storz_regulondb,0.05555555555555555,17,17,GTCACATCTTTCAATGAACG,0,20682
TSS_1414_storz_regulondb,0.05555555555555555,17,17,GTCACAGAGGCCCTATACGT,0,10073
TSS_1414_storz_regulondb,0.05555555555555555,17,17,GTATGAACTAGGATAGGACG,0,58737
TSS_1414_storz_regulondb,0.05555555555555555,17,17,GTAGTCATTGATCCTGTGGG,0,56842
TSS_1414_storz_regulondb,0.05555555555555555,17,17,GTACTGTCCACGCAATAAAT,0,2019
TSS_1414_storz_regulondb,0.05555555555555555,17,17,GTACCACAGCGCAGCATGAC,0,31246
TSS_1414_storz_regulondb,0.05555555555555555,17,17,GTACACCGACGAGTTAGCCA,0,28573
TSS_1414_storz_regulondb,0.05555555555555555,17,17,GTAACCTGGTGACAACCAAT,0,8793
TSS_1414_storz_regulondb,0.05555555555555555,17,17,GTAAACTACTCTACGCAAGT,0,13596
TSS_1414_storz_regulondb,0.05555555555555555,17,17,GGTGGATGAGGGCTGGTTCT,0,16864
TSS_1414_storz_regulondb,0.05555555555555555,17,17,GGTGAAGACGTTCTTTCTAG,0,64715
TSS_1414_storz_regulondb,0.05555555555555555,17,17,GGTCTCCCCAACGCGGAAAC,0,42346
TSS_1414_storz_regulondb,0.05555555555555555,17,17,GGTCAAGGCGGGACGGGATA,0,9802
TSS_1414_storz_regulondb,0.05555555555555555,17,17,GGTCAAAGCTAGATTGTCTA,0,34493
TSS_1414_storz_regulondb,0.05555555555555555,17,17,GGGTTCCGAAATCATGCCCA,0,56132
TSS_1414_storz_regulondb,0.05555555555555555,17,17,GGGGATGGGTGAATTGGCTA,0,29777
TSS_1414_storz_regulondb,0.05555555555555555,17,17,GGGCTGGCGCTCATTCCGTC,0,58740
TSS_1414_storz_regulondb,0.05555555555555555,17,17,GGGCGTAACGGCCGGCTTTC,0,66064
TSS_1414_storz_regulondb,0.05555555555555555,17,17,GGGCGCCACGGGGAGTCATC,0,80601
TSS_1414_storz_regulondb,0.05555555555555555,17,17,GGGCCGCCAGGCGGCTTCGG,0,12731
TSS_1414_storz_regulondb,0.05555555555555555,17,17,GGGATGACGGATTGTTTCTT,0,46387
TSS_1414_storz_regulondb,0.05555555555555555,17,17,GGCTAGGCGATGACTATCAC,0,27227
TSS_1414_storz_regulondb,0.05555555555555555,17,17,GGCCTGTATACACGGCCGGC,0,75220
TSS_1414_storz_regulondb,0.05555555555555555,17,17,GGCATACCACCTATATCAGT,0,64910
TSS_1414_storz_regulondb,0.05555555555555555,17,17,GGAGTCCGGCACTGCCCCTT,0,27761
TSS_1414_storz_regulondb,0.05555555555555555,17,17,GGAGCTTGCGAGGTTGTAAC,0,41138
TSS_1414_storz_regulondb,0.05555555555555555,17,17,GGACGTTATGTAGTTAATTA,0,62115
TSS_1414_storz_regulondb,0.05555555555555555,17,17,GGACCGCGCTAAGAACAGCC,0,12313
TSS_1414_storz_regulondb,0.05555555555555555,17,17,GGACCCATGCCTATATACTT,0,53938
TSS_1414_storz_regulondb,0.05555555555555555,17,17,GGAATGAGGGTCTTGCTCCC,0,49285
TSS_1414_storz_regulondb,0.05555555555555555,17,17,GGAAATCGATTAGTCAAAAC,0,38349
TSS_1414_storz_regulondb,0.05555555555555555,17,17,GCTTGTGTTTCGGTGGTCGT,0,7092
TSS_1414_storz_regulondb,0.05555555555555555,17,17,GCTGTATATCCCACGCGGGA,0,77986
TSS_1414_storz_regulondb,0.05555555555555555,17,17,GCTCTAATCGTGGCCAGAGC,0,16567
TSS_1414_storz_regulondb,0.05555555555555555,17,17,GCTCGCCATCTTAAACGGTT,0,72660
TSS_1414_storz_regulondb,0.05555555555555555,17,17,GCTAATTTTTGCCGAATTAA,0,50571
TSS_1414_storz_regulondb,0.05555555555555555,17,17,GCGTGGCTGGTAGATGCAAG,0,58954
TSS_1414_storz_regulondb,0.05555555555555555,17,17,GCGTCGGAAGTGCGTTACAT,0,80338
TSS_1414_storz_regulondb,0.05555555555555555,17,17,GCGTCGCCTAAGGGGCGGTA,0,66165
TSS_1414_storz_regulondb,0.05555555555555555,17,17,GCGGTTGCAGGGCAGAGTTC,0,67650
TSS_1414_storz_regulondb,0.05555555555555555,17,17,GCGCTCAGCGATGCGGGGGG,0,6189
TSS_1414_storz_regulondb,0.05555555555555555,17,17,GCCTGCAACTTTATGAAACA,0,69991
TSS_1414_storz_regulondb,0.05555555555555555,17,17,GCCGTATGACAGCCAACAAG,0,18308
TSS_1414_storz_regulondb,0.05555555555555555,17,17,GCCGTAGTGAGTGTGGGCGG,0,40704
TSS_1414_storz_regulondb,0.05555555555555555,17,17,GCCGCTTCAGGTCATAGTAA,0,73744
TSS_1414_storz_regulondb,0.05555555555555555,17,17,GCATTCCCGGGTTCGAGGCC,0,48411
TSS_1414_storz_regulondb,0.05555555555555555,17,17,GCATGGGATTGTCACAGCCC,0,742
TSS_1414_storz_regulondb,0.05555555555555555,17,17,GCATGGCAGCAAGGAATTAA,0,77980
TSS_1414_storz_regulondb,0.05555555555555555,17,17,GCAGTTGAGTCCCAGCTGAA,0,47232
TSS_1414_storz_regulondb,0.05555555555555555,17,17,GCACTGACCGATGGCGGAAT,0,30042
TSS_1414_storz_regulondb,0.05555555555555555,17,17,GCACGTTGTAGCCGGCCGGA,0,52826
TSS_1414_storz_regulondb,0.05555555555555555,17,17,GCAATTAAGATCTCGGTATA,0,73734
TSS_1414_storz_regulondb,0.05555555555555555,17,17,GCAAGATTATCGAAGAGTCC,0,67318
TSS_1414_storz_regulondb,0.05555555555555555,17,17,GATTGGCTCCTTCTAAGAAA,0,40014
TSS_1414_storz_regulondb,0.05555555555555555,17,17,GATTAATTCATGCTGGTTCA,0,38566
TSS_1414_storz_regulondb,0.05555555555555555,17,17,GATGGACTGGAAACCCCTAC,0,43231
TSS_1414_storz_regulondb,0.05555555555555555,17,17,GATGACGTGCCCCCACTGAC,0,74769
TSS_1414_storz_regulondb,0.05555555555555555,17,17,GATCGTGGAGACTATGGACT,0,66220
TSS_1414_storz_regulondb,0.05555555555555555,17,17,GATCGAACTTAACCACTGGC,0,13894
TSS_1414_storz_regulondb,0.05555555555555555,17,17,GATCACCTATACGTAAGTCA,0,8697
TSS_1414_storz_regulondb,0.05555555555555555,17,17,GAGTACGCGACGAACGAATC,0,2622
TSS_1414_storz_regulondb,0.05555555555555555,17,17,GAGGGGAGAGGGGGACGATA,0,64538
TSS_1414_storz_regulondb,0.05555555555555555,17,17,GAGCGGCTAAAGTGGTACAC,0,75117
TSS_1414_storz_regulondb,0.05555555555555555,17,17,GAGCATAATATTGTACGCGC,0,61674
TSS_1414_storz_regulondb,0.05555555555555555,17,17,GAGATTTTAAGTGGTCGGAC,0,69296
TSS_1414_storz_regulondb,0.05555555555555555,17,17,GAAGATATACTAACAACTAG,0,4838
TSS_1414_storz_regulondb,0.05555555555555555,17,17,GAACACGTCAAGTCGGAGAG,0,61357
TSS_1414_storz_regulondb,0.05555555555555555,17,17,CTTTTAAACTATAGAGTTTC,0,54192
TSS_1414_storz_regulondb,0.05555555555555555,17,17,CTTTCTTGCCGTGAATCTCC,0,16955
TSS_1414_storz_regulondb,0.05555555555555555,17,17,CTTGGGCCACAGCTTCGAAT,0,71126
TSS_1414_storz_regulondb,0.05555555555555555,17,17,CTTGGCGTTGCGTATGGAAA,0,6672
TSS_1414_storz_regulondb,0.05555555555555555,17,17,CTTGGCAATATGCTCAGCCC,0,16145
TSS_1414_storz_regulondb,0.05555555555555555,17,17,CTTGCAAAGGATCTGTAAAA,0,15496
TSS_1414_storz_regulondb,0.05555555555555555,17,17,CTTGAAGAGACGTAGCCAGC,0,58237
TSS_1414_storz_regulondb,0.05555555555555555,17,17,CTTAGTGCCCACTGAAGTCT,0,43688
TSS_1414_storz_regulondb,0.05555555555555555,17,17,CTGTCCGGTTTAGCTCTAGT,0,71678
TSS_1414_storz_regulondb,0.05555555555555555,17,17,CTGGAAGCAAACTCATGATA,0,14129
TSS_1414_storz_regulondb,0.05555555555555555,17,17,CTGCCATATTCATTTGTGAT,0,12862
TSS_1414_storz_regulondb,0.05555555555555555,17,17,CTGAGCGCAAAATTGAATGA,0,3227
TSS_1414_storz_regulondb,0.05555555555555555,17,17,CTGAGAGCCATACGCAACGA,0,34532
TSS_1414_storz_regulondb,0.05555555555555555,17,17,CTCTGCCGAATCGTCACAAA,0,56636
TSS_1414_storz_regulondb,0.05555555555555555,17,17,CTCGCAATAGAGGTGATTCA,0,53432
TSS_1414_storz_regulondb,0.05555555555555555,17,17,CTCGATAAACATATCCAAAC,0,20832
TSS_1414_storz_regulondb,0.05555555555555555,17,17,CTCCCGTCAGTTTTCTTGTT,0,15095
TSS_1414_storz_regulondb,0.05555555555555555,17,17,CTCCAGACGATCTGGTGTAT,0,53830
TSS_1414_storz_regulondb,0.05555555555555555,17,17,CTCAATATGTCTGAGTCGCC,0,68600
TSS_1414_storz_regulondb,0.05555555555555555,17,17,CTCAAAAAGTATATATGACA,0,2205
TSS_1414_storz_regulondb,0.05555555555555555,17,17,CTATTGCGCCTCCATGCGCT,0,12543
TSS_1414_storz_regulondb,0.05555555555555555,17,17,CTATGTTTCTTGGGCGTGGC,0,53672
TSS_1414_storz_regulondb,0.05555555555555555,17,17,CTATCGAGCTTGCATGGACT,0,45353
TSS_1414_storz_regulondb,0.05555555555555555,17,17,CTAGAATGAGTTGAATCGAT,0,78000
TSS_1414_storz_regulondb,0.05555555555555555,17,17,CGTGGCCTCACAGTAAAATT,0,44469
TSS_1414_storz_regulondb,0.05555555555555555,17,17,CGTGGCCGTACCGGTCAGTT,0,19669
TSS_1414_storz_regulondb,0.05555555555555555,17,17,CGTCGAGGGCTATCGCGTTG,0,50379
TSS_1414_storz_regulondb,0.05555555555555555,17,17,CGTATAGTATAGCGTGCTAT,0,20591
TSS_1414_storz_regulondb,0.05555555555555555,17,17,CGTAGGTCGCCTTAGTTTTA,0,25317
TSS_1414_storz_regulondb,0.05555555555555555,17,17,CGTACGCCGCGGTCATCTCA,0,43299
TSS_1414_storz_regulondb,0.05555555555555555,17,17,CGGTTCACAGCAGTCAAGAG,0,55689
TSS_1414_storz_regulondb,0.05555555555555555,17,17,CGGTGCTACGATACAGCGTC,0,64462
TSS_1414_storz_regulondb,0.05555555555555555,17,17,CGGGTCGTCCTCCCAATTGT,0,72142
TSS_1414_storz_regulondb,0.05555555555555555,17,17,CGGGTATGGGTATGTCGCAA,0,11559
TSS_1414_storz_regulondb,0.05555555555555555,17,17,CGGGTAGGTCAGCTATCACA,0,4544
TSS_1414_storz_regulondb,0.05555555555555555,17,17,CGGGGTTATATGTTTTAAAA,0,46791
TSS_1414_storz_regulondb,0.05555555555555555,17,17,CGGGGAGTCCGTCGGGAAAA,0,57743
TSS_1414_storz_regulondb,0.05555555555555555,17,17,CGGGAGTGCATCCTAGTGAA,0,18855
TSS_1414_storz_regulondb,0.05555555555555555,17,17,CGGCCAGTTAGGGACAACGA,0,16582
TSS_1414_storz_regulondb,0.05555555555555555,17,17,CGGCCAGTGCCCTTTGTTCT,0,61920
TSS_1414_storz_regulondb,0.05555555555555555,17,17,CGGATCTCGATGTCGCGTAA,0,3898
TSS_1414_storz_regulondb,0.05555555555555555,17,17,CGCCAGGCAACTACCTTTTA,0,70638
TSS_1414_storz_regulondb,0.05555555555555555,17,17,CGCCAGCACTATGACTGAGC,0,34483
TSS_1414_storz_regulondb,0.05555555555555555,17,17,CGCATACGTAAACGAATCGG,0,11908
TSS_1414_storz_regulondb,0.05555555555555555,17,17,CGCAGTAACACTCTTTTAGC,0,41149
TSS_1414_storz_regulondb,0.05555555555555555,17,17,CGCAGAAATCTAAGGCCAGA,0,59252
TSS_1414_storz_regulondb,0.05555555555555555,17,17,CGATTAGATTTACGGGGTCT,0,15575
TSS_1414_storz_regulondb,0.05555555555555555,17,17,CGAGTGTGACACGCCGCCCC,0,47786
TSS_1414_storz_regulondb,0.05555555555555555,17,17,CGACATGGCATTCGGCAAGT,0,6904
TSS_1414_storz_regulondb,0.05555555555555555,17,17,CCTGAATACCGCTGATAGCA,0,34656
TSS_1414_storz_regulondb,0.05555555555555555,17,17,CCTCCGTAGGCAGAGCACGA,0,9792
TSS_1414_storz_regulondb,0.05555555555555555,17,17,CCTATGTGATCCCGTGGGCA,0,4841
TSS_1414_storz_regulondb,0.05555555555555555,17,17,CCGTGCATTATCACGTCCAA,0,54091
TSS_1414_storz_regulondb,0.05555555555555555,17,17,CCGACACTCGACGGCGCGTT,0,27814
TSS_1414_storz_regulondb,0.05555555555555555,17,17,CCCTTGGAGCCTGTCTGGGT,0,9487
TSS_1414_storz_regulondb,0.05555555555555555,17,17,CCCTGGTGGGGTTCAAAGAG,0,56560
TSS_1414_storz_regulondb,0.05555555555555555,17,17,CCCGGATTTACGCATATTTT,0,33418
TSS_1414_storz_regulondb,0.05555555555555555,17,17,CCCGCGTGGCAGAAAACCCG,0,72035
TSS_1414_storz_regulondb,0.05555555555555555,17,17,CCAGTGAGTTATATTTATGC,0,79316
TSS_1414_storz_regulondb,0.05555555555555555,17,17,CCAGAGCTCCTAGACGGTAC,0,43529
TSS_1414_storz_regulondb,0.05555555555555555,17,17,CCACAGCAGATAAATGCAGT,0,81023
TSS_1414_storz_regulondb,0.05555555555555555,17,17,CCACACCGGGAGACTTATAA,0,10657
TSS_1414_storz_regulondb,0.05555555555555555,17,17,CCAAGTGTACCATCCGTATA,0,12608
TSS_1414_storz_regulondb,0.05555555555555555,17,17,CCAAGGTGACTATGATTACT,0,64811
TSS_1414_storz_regulondb,0.05555555555555555,17,17,CATTTTGGGTAAACAGCGGA,0,8475
TSS_1414_storz_regulondb,0.05555555555555555,17,17,CATTCAAGACGTTCTTCAGG,0,18175
TSS_1414_storz_regulondb,0.05555555555555555,17,17,CATGAAGCTTAGTTGTTTTG,0,55296
TSS_1414_storz_regulondb,0.05555555555555555,17,17,CATCGGATATGGGGAACGTG,0,32638
TSS_1414_storz_regulondb,0.05555555555555555,17,17,CATATGGCTGATTTAAGTGC,0,70039
TSS_1414_storz_regulondb,0.05555555555555555,17,17,CATATGAGTTTTGCTGTTAC,0,71081
TSS_1414_storz_regulondb,0.05555555555555555,17,17,CAGTGTGTGTTTGCCCTGCA,0,39139
TSS_1414_storz_regulondb,0.05555555555555555,17,17,CAGTATGTCGGGCCAGGAAT,0,45412
TSS_1414_storz_regulondb,0.05555555555555555,17,17,CAGGGGATGTACGGATTCTG,0,37566
TSS_1414_storz_regulondb,0.05555555555555555,17,17,CAGGGAAAGGCAGAATGTAC,0,41212
TSS_1414_storz_regulondb,0.05555555555555555,17,17,CAGATGGGAGTTCCCCAATT,0,65991
TSS_1414_storz_regulondb,0.05555555555555555,17,17,CAGATCCTAATTCCAGTGCT,0,20763
TSS_1414_storz_regulondb,0.05555555555555555,17,17,CAGATAGCTCCGAAGGGTTG,0,34083
TSS_1414_storz_regulondb,0.05555555555555555,17,17,CAGAAGGCTGGTCATTTCGA,0,65652
TSS_1414_storz_regulondb,0.05555555555555555,17,17,CACTGCGCTCGGTACGGTTG,0,55142
TSS_1414_storz_regulondb,0.05555555555555555,17,17,CACTACCGACAGGAGGCTGT,0,60252
TSS_1414_storz_regulondb,0.05555555555555555,17,17,CACAGGCTCCACCTCTGACT,0,56060
TSS_1414_storz_regulondb,0.05555555555555555,17,17,CACACCGCGTAGGGAGGAAA,0,70576
TSS_1414_storz_regulondb,0.05555555555555555,17,17,CACAAGAGGCAGAAAAATAA,0,18468
TSS_1414_storz_regulondb,0.05555555555555555,17,17,CAATGCGGTCTCATTGGTAC,0,75915
TSS_1414_storz_regulondb,0.05555555555555555,17,17,CAAGGCAACCATCAAATCAC,0,734
TSS_1414_storz_regulondb,0.05555555555555555,17,17,CAAGACCTACTTTCCTTGTA,0,42838
TSS_1414_storz_regulondb,0.05555555555555555,17,17,CAACTCAGCTTTGGATACAG,0,16984
TSS_1414_storz_regulondb,0.05555555555555555,17,17,CAACGTCAGACAGTTGTGCC,0,61088
TSS_1414_storz_regulondb,0.05555555555555555,17,17,CAAAGTCGTTCTTCCTGCCT,0,27261
TSS_1414_storz_regulondb,0.05555555555555555,17,17,CAAAACGGCTCCTAAAGGGC,0,46260
TSS_1414_storz_regulondb,0.05555555555555555,17,17,ATTTCATCGTCGAAAGGCCA,0,12654
TSS_1414_storz_regulondb,0.05555555555555555,17,17,ATTTACTGATCATTACGTTC,0,34308
TSS_1414_storz_regulondb,0.05555555555555555,17,17,ATTCTAATAGTCAATTTGGG,0,10408
TSS_1414_storz_regulondb,0.05555555555555555,17,17,ATTCACAGTCCTAGTGTTCG,0,4975
TSS_1414_storz_regulondb,0.05555555555555555,17,17,ATTAACACGAGTTGTAAATA,0,157
TSS_1414_storz_regulondb,0.05555555555555555,17,17,ATTAAAGCGAGTGTAGAGGT,0,48175
TSS_1414_storz_regulondb,0.05555555555555555,17,17,ATGCTGCTGGAACCTTTCGG,0,35447
TSS_1414_storz_regulondb,0.05555555555555555,17,17,ATGCCGTACCAGGTTATAAG,0,17778
TSS_1414_storz_regulondb,0.05555555555555555,17,17,ATGATTCCGGGCCTACCGGT,0,20594
TSS_1414_storz_regulondb,0.05555555555555555,17,17,ATCTCTCATTCTCTAGCTGT,0,58569
TSS_1414_storz_regulondb,0.05555555555555555,17,17,ATCCGGCAGACAGTTTAATC,0,75901
TSS_1414_storz_regulondb,0.05555555555555555,17,17,ATCCGCGTGTATCAGCTCGT,0,4352
TSS_1414_storz_regulondb,0.05555555555555555,17,17,ATCCAGTGCCATTGGGACCC,0,7501
TSS_1414_storz_regulondb,0.05555555555555555,17,17,ATCACCAACTGCGGTTCCCG,0,16841
TSS_1414_storz_regulondb,0.05555555555555555,17,17,ATCAAAATGGCACTGTAATT,0,19413
TSS_1414_storz_regulondb,0.05555555555555555,17,17,ATAGCACAGCCTATCAGTAT,0,78625
TSS_1414_storz_regulondb,0.05555555555555555,17,17,ATAGATCGGGATGCAAACGG,0,38849
TSS_1414_storz_regulondb,0.05555555555555555,17,17,ATAACTGCCACCCGATAAAA,0,29176
TSS_1414_storz_regulondb,0.05555555555555555,17,17,ATAAATATGACTGAGTCGCA,0,78876
TSS_1414_storz_regulondb,0.05555555555555555,17,17,ATAAAATTTCTGGCTCTTCA,0,10705
TSS_1414_storz_regulondb,0.05555555555555555,17,17,AGTCGGTATTCTCCTAACCT,0,49314
TSS_1414_storz_regulondb,0.05555555555555555,17,17,AGTCAGCATCGAAACACTCG,0,15327
TSS_1414_storz_regulondb,0.05555555555555555,17,17,AGTCACGTGTTCTTTCTGGC,0,2131
TSS_1414_storz_regulondb,0.05555555555555555,17,17,AGTATTTTCCAACAAGTTGC,0,12374
TSS_1414_storz_regulondb,0.05555555555555555,17,17,AGTATTCCCGCTATGCTCAA,0,56440
TSS_1414_storz_regulondb,0.05555555555555555,17,17,AGGTGGGTTGTGGTTACAGT,0,22524
TSS_1414_storz_regulondb,0.05555555555555555,17,17,AGGTATTTCTGCTGCGCCGT,0,68113
TSS_1414_storz_regulondb,0.05555555555555555,17,17,AGGTAAAGCGCCTAGAAAGG,0,57782
TSS_1414_storz_regulondb,0.05555555555555555,17,17,AGGCCCATAGCGTTTGATAA,0,66214
TSS_1414_storz_regulondb,0.05555555555555555,17,17,AGGCAGGCCACATCCGCGTC,0,46865
TSS_1414_storz_regulondb,0.05555555555555555,17,17,AGGCACGATCACTGGACTGA,0,66993
TSS_1414_storz_regulondb,0.05555555555555555,17,17,AGGAATACGTTTGTTTGAGA,0,11195
TSS_1414_storz_regulondb,0.05555555555555555,17,17,AGCTTGGCGTACGCTTTGCA,0,18758
TSS_1414_storz_regulondb,0.05555555555555555,17,17,AGCTCCGGTTGTGGGTCAAT,0,27939
TSS_1414_storz_regulondb,0.05555555555555555,17,17,AGCGGTGCAAACGCTGCACA,0,33284
TSS_1414_storz_regulondb,0.05555555555555555,17,17,AGCCGGGAGCATGCAATTTG,0,44659
TSS_1414_storz_regulondb,0.05555555555555555,17,17,AGCCGCGCTCCCTGTGCAGA,0,34318
TSS_1414_storz_regulondb,0.05555555555555555,17,17,AGCCGCCAGATCCTGCGGAT,0,30271
TSS_1414_storz_regulondb,0.05555555555555555,17,17,AGCCCGGTTCGGCTTATAAA,0,5886
TSS_1414_storz_regulondb,0.05555555555555555,17,17,AGCATGCTTAGCCCCCCCAG,0,19880
TSS_1414_storz_regulondb,0.05555555555555555,17,17,AGCAAGCGGATCTTACGCAG,0,50102
TSS_1414_storz_regulondb,0.05555555555555555,17,17,AGAGGGTCCTTCAGGATGGA,0,58560
TSS_1414_storz_regulondb,0.05555555555555555,17,17,AGAGGGCCATTCTGTACTGC,0,51116
TSS_1414_storz_regulondb,0.05555555555555555,17,17,AGAGCATCGTATGCATGGGC,0,72299
TSS_1414_storz_regulondb,0.05555555555555555,17,17,AGAGAGTGATTATGTGTGAT,0,73225
TSS_1414_storz_regulondb,0.05555555555555555,17,17,AGAAGGTCTTCGGCTAACGA,0,32399
TSS_1414_storz_regulondb,0.05555555555555555,17,17,AGAAGGTATCGGAGGGCTTG,0,20588
TSS_1414_storz_regulondb,0.05555555555555555,17,17,AGAACACGGTAGCGCTCGGA,0,55601
TSS_1414_storz_regulondb,0.05555555555555555,17,17,AGAAAGTCCCACCCCGCTTG,0,38852
TSS_1414_storz_regulondb,0.05555555555555555,17,17,AGAAAATCGGATAAAACGGG,0,607
TSS_1414_storz_regulondb,0.05555555555555555,17,17,ACTTTGCCGGGTCCTCCGGT,0,35937
TSS_1414_storz_regulondb,0.05555555555555555,17,17,ACTTGGATCGAGGCGACGCA,0,25143
TSS_1414_storz_regulondb,0.05555555555555555,17,17,ACTGTCGTACTCCTTTAATA,0,36395
TSS_1414_storz_regulondb,0.05555555555555555,17,17,ACTGCTTGGACCAAGCGGTT,0,2587
TSS_1414_storz_regulondb,0.05555555555555555,17,17,ACTGCTGGATCATGTGTTGC,0,13841
TSS_1414_storz_regulondb,0.05555555555555555,17,17,ACTGCCTGCATAACCTCAGT,0,72012
TSS_1414_storz_regulondb,0.05555555555555555,17,17,ACTCTGGCCCGGACCTCGAT,0,57831
TSS_1414_storz_regulondb,0.05555555555555555,17,17,ACTCCCACCTTGGTAACCGT,0,14201
TSS_1414_storz_regulondb,0.05555555555555555,17,17,ACTAGATTCTCATAGCAACA,0,63909
TSS_1414_storz_regulondb,0.05555555555555555,17,17,ACTACACCAACCCATAGTTC,0,60867
TSS_1414_storz_regulondb,0.05555555555555555,17,17,ACGTTGGCAAGTTTTTAGAT,0,40942
TSS_1414_storz_regulondb,0.05555555555555555,17,17,ACGTCGTAAGTTATGGCTTT,0,67404
TSS_1414_storz_regulondb,0.05555555555555555,17,17,ACGTCCTCATCGGAACTATA,0,41982
TSS_1414_storz_regulondb,0.05555555555555555,17,17,ACGTATCTGCCTGGACGCTG,0,76408
TSS_1414_storz_regulondb,0.05555555555555555,17,17,ACGGTCGAGACGGGCTGGAT,0,56507
TSS_1414_storz_regulondb,0.05555555555555555,17,17,ACGGCCGTCACCGGCAGAGC,0,27212
TSS_1414_storz_regulondb,0.05555555555555555,17,17,ACGAGTGACCTATTGCCGTA,0,61402
TSS_1414_storz_regulondb,0.05555555555555555,17,17,ACGAGATTGTAGATATTCCA,0,54714
TSS_1414_storz_regulondb,0.05555555555555555,17,17,ACGAAGGAACAAACGGTGGA,0,67103
TSS_1414_storz_regulondb,0.05555555555555555,17,17,ACGAAACGGGGCTCCCCGCA,0,80647
TSS_1414_storz_regulondb,0.05555555555555555,17,17,ACCTTCTTTGCAAGAACGCC,0,79343
TSS_1414_storz_regulondb,0.05555555555555555,17,17,ACCTTATCCTATCAACACGA,0,57109
TSS_1414_storz_regulondb,0.05555555555555555,17,17,ACCTTAATATCTCAGTGTGC,0,71
TSS_1414_storz_regulondb,0.05555555555555555,17,17,ACCTGTTCACTCAAAAAGAG,0,80729
TSS_1414_storz_regulondb,0.05555555555555555,17,17,ACCTGGCATCCCACAATGTC,0,53254
TSS_1414_storz_regulondb,0.05555555555555555,17,17,ACCTACATCGGTTAGGAAAC,0,80595
TSS_1414_storz_regulondb,0.05555555555555555,17,17,ACCGTCTCGATTCGATAGCA,0,1376
TSS_1414_storz_regulondb,0.05555555555555555,17,17,ACCCTTGGGACTACTATTTT,0,59038
TSS_1414_storz_regulondb,0.05555555555555555,17,17,ACCACGTCGTCTCACCAATA,0,57081
TSS_1414_storz_regulondb,0.05555555555555555,17,17,ACCAAAGTTCCGTCTTCGCT,0,76117
TSS_1414_storz_regulondb,0.05555555555555555,17,17,ACATCTTCGTGTAACCAGTT,0,26540
TSS_1414_storz_regulondb,0.05555555555555555,17,17,ACAGGTTTTTTTTTGCAGTT,0,53656
TSS_1414_storz_regulondb,0.05555555555555555,17,17,ACACTTGGGTTTCTTCTCAC,0,30987
TSS_1414_storz_regulondb,0.05555555555555555,17,17,ACACAGGAGTCCAGGTCGGG,0,28908
TSS_1414_storz_regulondb,0.05555555555555555,17,17,ACAAATCCGACTTGGCATAT,0,23582
TSS_1414_storz_regulondb,0.05555555555555555,17,17,AATTTTCGCTAGGATATAAT,0,67959
TSS_1414_storz_regulondb,0.05555555555555555,17,17,AATGTGTGCCGCTACAAATG,0,13014
TSS_1414_storz_regulondb,0.05555555555555555,17,17,AATGGCCGAAGCTCGAAATA,0,12540
TSS_1414_storz_regulondb,0.05555555555555555,17,17,AATGGACAATTATTAGAAAA,0,23367
TSS_1414_storz_regulondb,0.05555555555555555,17,17,AATCTCGTTGTACAATGCGG,0,19055
TSS_1414_storz_regulondb,0.05555555555555555,17,17,AATCGTTCACCACGATCTAC,0,34791
TSS_1414_storz_regulondb,0.05555555555555555,17,17,AATCATACAGGATATCGAAC,0,64352
TSS_1414_storz_regulondb,0.05555555555555555,17,17,AATATCAGCTAGGCTGATGA,0,55439
TSS_1414_storz_regulondb,0.05555555555555555,17,17,AATATCAAGGTCAGACTGGA,0,28324
TSS_1414_storz_regulondb,0.05555555555555555,17,17,AATAGTTGACAAGCACCATA,0,12188
TSS_1414_storz_regulondb,0.05555555555555555,17,17,AATACGCAACTAGGTAAGCG,0,48843
TSS_1414_storz_regulondb,0.05555555555555555,17,17,AATAATAGACGAGACATGTT,0,10748
TSS_1414_storz_regulondb,0.05555555555555555,17,17,AAGTCCGATCTTCCGTCTTG,0,78668
TSS_1414_storz_regulondb,0.05555555555555555,17,17,AAGTCCAAAGAAGTTAATCT,0,11447
TSS_1414_storz_regulondb,0.05555555555555555,17,17,AAGGGCTATGCACCCGGTTT,0,74875
TSS_1414_storz_regulondb,0.05555555555555555,17,17,AAGAACAGTTCATAGTGTAC,0,5041
TSS_1414_storz_regulondb,0.05555555555555555,17,17,AACTCCTCAAATCCTTTGAG,0,74658
TSS_1414_storz_regulondb,0.05555555555555555,17,17,AACGGTTCCGACCAGCATAT,0,64513
TSS_1414_storz_regulondb,0.05555555555555555,17,17,AACGCAAAAATATTAATTCT,0,2505
TSS_1414_storz_regulondb,0.05555555555555555,17,17,AACCCAAATAGATCTAGCAG,0,54170
TSS_1414_storz_regulondb,0.05555555555555555,17,17,AACAGTATCACGATACCCAA,0,51447
TSS_1414_storz_regulondb,0.05555555555555555,17,17,AACAAAAGATAACTTATTGT,0,1066
TSS_1414_storz_regulondb,0.05555555555555555,17,17,AAATTTCGAGGCTAGCCGAT,0,24671
TSS_1414_storz_regulondb,0.05555555555555555,17,17,AAATCGAGGTTTAGTTGAAC,0,158
TSS_1414_storz_regulondb,0.05555555555555555,17,17,AAACTCAATCTAAACCCGTA,0,45246
TSS_1414_storz_regulondb,0.05555555555555555,17,17,AAACGACCTCGTCCAAGCAG,0,4624
TSS_1414_storz_regulondb,0.05555555555555555,17,17,AAACCGTCTAGCGCCGCGAC,0,75621
TSS_1414_storz_regulondb,0.05555555555555555,17,17,AAACCGGGCCGTGAGATGGT,0,78677
TSS_1414_storz_regulondb,0.058823529411764705,16,16,TTTGGTCGTCATCCGGTGAA,0,28272
TSS_1414_storz_regulondb,0.058823529411764705,16,16,TTTCTCACGATGCCGCCTGA,0,78038
TSS_1414_storz_regulondb,0.058823529411764705,16,16,TTTCAGGCTACTAACCGGAA,0,21139
TSS_1414_storz_regulondb,0.058823529411764705,16,16,TTTCACTCCGACCAGTCGTG,0,34327
TSS_1414_storz_regulondb,0.058823529411764705,16,16,TTTATTCGGTCAGGGGAAAT,0,44537
TSS_1414_storz_regulondb,0.058823529411764705,16,16,TTTAGGCCGTAAACTTTTTG,0,78673
TSS_1414_storz_regulondb,0.058823529411764705,16,16,TTGTTAACATATGGGAATGT,0,5036
TSS_1414_storz_regulondb,0.058823529411764705,16,16,TTGTATGGGTTATTTAGGTA,0,55434
TSS_1414_storz_regulondb,0.058823529411764705,16,16,TTGTATACATTGGGGGTCGG,0,12791
TSS_1414_storz_regulondb,0.058823529411764705,16,16,TTGGAGCGCAGGCCGGTTCA,0,46241
TSS_1414_storz_regulondb,0.058823529411764705,16,16,TTGCTTTAATCCTGTTACTC,0,48310
TSS_1414_storz_regulondb,0.058823529411764705,16,16,TTGCGTGTAATTGTTTAATG,0,21757
TSS_1414_storz_regulondb,0.058823529411764705,16,16,TTGCCCCAGGGACTGTCAGT,0,14082
TSS_1414_storz_regulondb,0.058823529411764705,16,16,TTCTTGCATGGATTGTCAAG,0,67043
TSS_1414_storz_regulondb,0.058823529411764705,16,16,TTCTGTGTCCTCCTGTATTG,0,20940
TSS_1414_storz_regulondb,0.058823529411764705,16,16,TTCTATCGGCAATACATGCA,0,46370
TSS_1414_storz_regulondb,0.058823529411764705,16,16,TTCTATATGCGGAATGACTT,0,460
TSS_1414_storz_regulondb,0.058823529411764705,16,16,TTCTAAACGGAACCGCTAAT,0,13399
TSS_1414_storz_regulondb,0.058823529411764705,16,16,TTCGGGATGCATTTTCCATG,0,37814
TSS_1414_storz_regulondb,0.058823529411764705,16,16,TTCCGAGCGCTTGTTCCGCG,0,75363
TSS_1414_storz_regulondb,0.058823529411764705,16,16,TTCCCTCCGCGTCAGGTCTG,0,350
TSS_1414_storz_regulondb,0.058823529411764705,16,16,TTCAGCGGATGGCGAAGATA,0,68826
TSS_1414_storz_regulondb,0.058823529411764705,16,16,TTATGACAGACGCATCACAT,0,13363
TSS_1414_storz_regulondb,0.058823529411764705,16,16,TTAGTTTTTTTACCGAAATA,0,63862
TSS_1414_storz_regulondb,0.058823529411764705,16,16,TTAATGCTCTCAAACTTGTA,0,17381
TSS_1414_storz_regulondb,0.058823529411764705,16,16,TGTGTAGGGGCGCTGAATTG,0,78983
TSS_1414_storz_regulondb,0.058823529411764705,16,16,TGTGGGGCAGCTTTTGGTGG,0,21703
TSS_1414_storz_regulondb,0.058823529411764705,16,16,TGTGATAGTGATGCGAGGTT,0,4540
TSS_1414_storz_regulondb,0.058823529411764705,16,16,TGTGACCCTCCAATGGCACA,0,48991
TSS_1414_storz_regulondb,0.058823529411764705,16,16,TGTGACAAGCCGTGTCCGAT,0,18305
TSS_1414_storz_regulondb,0.058823529411764705,16,16,TGTATTCGTTCTTGCTCCTT,0,35733
TSS_1414_storz_regulondb,0.058823529411764705,16,16,TGTATGGCATCACGGATGGG,0,67568
TSS_1414_storz_regulondb,0.058823529411764705,16,16,TGGTCCGGACTGGATCCTTC,0,79295
TSS_1414_storz_regulondb,0.058823529411764705,16,16,TGGGTAGTCATAAAATGGGT,0,10632
TSS_1414_storz_regulondb,0.058823529411764705,16,16,TGGGGGGGCTTGACATCTTC,0,6378
TSS_1414_storz_regulondb,0.058823529411764705,16,16,TGGGACGCTCCTGATTGGGG,0,21431
TSS_1414_storz_regulondb,0.058823529411764705,16,16,TGGCCTCAACGGATGTCGCA,0,71105
TSS_1414_storz_regulondb,0.058823529411764705,16,16,TGGATAATTACTCACACACG,0,46656
TSS_1414_storz_regulondb,0.058823529411764705,16,16,TGGACCTCTGAAGTTACACG,0,1353
TSS_1414_storz_regulondb,0.058823529411764705,16,16,TGGACAATAAACCTCGACGG,0,51075
TSS_1414_storz_regulondb,0.058823529411764705,16,16,TGGAAGAACTATTTCACGAA,0,35878
TSS_1414_storz_regulondb,0.058823529411764705,16,16,TGCCTGTCTCCGCTTTGTCA,0,72176
TSS_1414_storz_regulondb,0.058823529411764705,16,16,TGCCTCGGGGGCACTCGTAA,0,73818
TSS_1414_storz_regulondb,0.058823529411764705,16,16,TGCCTAGGAGAACTTATGGC,0,69237
TSS_1414_storz_regulondb,0.058823529411764705,16,16,TGCCCCATGTTGCGGTCGCC,0,37997
TSS_1414_storz_regulondb,0.058823529411764705,16,16,TGCCATGGGTGTCCGATTCA,0,11436
TSS_1414_storz_regulondb,0.058823529411764705,16,16,TGCAGAGTACCGCAGCGTGG,0,77587
TSS_1414_storz_regulondb,0.058823529411764705,16,16,TGACGGCTGGTTCTTTCAGA,0,65932
TSS_1414_storz_regulondb,0.058823529411764705,16,16,TGAAGCGATATAAGCTTCGG,0,67547
TSS_1414_storz_regulondb,0.058823529411764705,16,16,TGAAAGTGGTAGATCGTTCT,0,17591
TSS_1414_storz_regulondb,0.058823529411764705,16,16,TCTTTTGTAAAGGTCGCGCT,0,1616
TSS_1414_storz_regulondb,0.058823529411764705,16,16,TCTGGCTTAATTAATAGATT,0,6446
TSS_1414_storz_regulondb,0.058823529411764705,16,16,TCTGGCCAATAAGTACATAC,0,20103
TSS_1414_storz_regulondb,0.058823529411764705,16,16,TCTGGATCAAGAGGTATTCT,0,8303
TSS_1414_storz_regulondb,0.058823529411764705,16,16,TCTGACAGATAGCGGGTAGA,0,62928
TSS_1414_storz_regulondb,0.058823529411764705,16,16,TCGTACCTGGCGATTACCTA,0,78586
TSS_1414_storz_regulondb,0.058823529411764705,16,16,TCGTACAAATATCAGACTAT,0,32075
TSS_1414_storz_regulondb,0.058823529411764705,16,16,TCGGTCGTCCTAATGAGTCA,0,42588
TSS_1414_storz_regulondb,0.058823529411764705,16,16,TCGGCACCCGCTCTCGCTTA,0,36667
TSS_1414_storz_regulondb,0.058823529411764705,16,16,TCGCGTTCGGCGTACAATAG,0,62563
TSS_1414_storz_regulondb,0.058823529411764705,16,16,TCGCCTCGGGATGTAGTAGA,0,80816
TSS_1414_storz_regulondb,0.058823529411764705,16,16,TCGAGCCGTTGTTTAACTCA,0,20437
TSS_1414_storz_regulondb,0.058823529411764705,16,16,TCGAAAACTAGCTTATAAGT,0,10539
TSS_1414_storz_regulondb,0.058823529411764705,16,16,TCCTCAGGCTCGCCCGGGAA,0,23745
TSS_1414_storz_regulondb,0.058823529411764705,16,16,TCCAAGGGTGCAGGTTATCT,0,65795
TSS_1414_storz_regulondb,0.058823529411764705,16,16,TCATTAAGTCCTGACCACAC,0,48867
TSS_1414_storz_regulondb,0.058823529411764705,16,16,TCATTAAAACCAGCAATCAT,0,32826
TSS_1414_storz_regulondb,0.058823529411764705,16,16,TCATCAGCCAGCTAGTGAGA,0,36141
TSS_1414_storz_regulondb,0.058823529411764705,16,16,TCAAACTCCTCATGAGCGCT,0,11665
TSS_1414_storz_regulondb,0.058823529411764705,16,16,TATTACCTGTACGCGTGGTA,0,10470
TSS_1414_storz_regulondb,0.058823529411764705,16,16,TATGCTGTGGCACCCTCTCC,0,28660
TSS_1414_storz_regulondb,0.058823529411764705,16,16,TATGATAGACACACGCGGTT,0,72615
TSS_1414_storz_regulondb,0.058823529411764705,16,16,TATCTCCTACTGTCGTTGAA,0,80698
TSS_1414_storz_regulondb,0.058823529411764705,16,16,TATCCCCATCTAAATCTATC,0,50965
TSS_1414_storz_regulondb,0.058823529411764705,16,16,TATCCCAGAAGGGTCACGGC,0,41450
TSS_1414_storz_regulondb,0.058823529411764705,16,16,TATCCCACTGCAGCAAATAA,0,28940
TSS_1414_storz_regulondb,0.058823529411764705,16,16,TATACCATGAGACATGTAAT,0,48322
TSS_1414_storz_regulondb,0.058823529411764705,16,16,TATAATGTGGTATACAGTCC,0,78404
TSS_1414_storz_regulondb,0.058823529411764705,16,16,TAGGTTACCGCATGTCAGGA,0,32866
TSS_1414_storz_regulondb,0.058823529411764705,16,16,TAGGTGGATTTCTTAAGGTT,0,34848
TSS_1414_storz_regulondb,0.058823529411764705,16,16,TAGGTGCGCGTCTTATACCA,0,67409
TSS_1414_storz_regulondb,0.058823529411764705,16,16,TAGGTCCGGCCGGCACCGTG,0,53957
TSS_1414_storz_regulondb,0.058823529411764705,16,16,TAGGGAGTAGGATCATGCAT,0,65233
TSS_1414_storz_regulondb,0.058823529411764705,16,16,TAGATGGATTATGTGATGTG,0,41471
TSS_1414_storz_regulondb,0.058823529411764705,16,16,TAGATCCAATTGACTAGCAA,0,7148
TSS_1414_storz_regulondb,0.058823529411764705,16,16,TAGAGTTTTGAAGGCCTGTA,0,47757
TSS_1414_storz_regulondb,0.058823529411764705,16,16,TAGAAATCGACGGTCGCGGT,0,62457
TSS_1414_storz_regulondb,0.058823529411764705,16,16,TACTTCTACTCACGAATTTT,0,57463
TSS_1414_storz_regulondb,0.058823529411764705,16,16,TACTGAAAGTTACAAACGGT,0,70382
TSS_1414_storz_regulondb,0.058823529411764705,16,16,TACCAGGCACATATAGCAAA,0,61523
TSS_1414_storz_regulondb,0.058823529411764705,16,16,TACCACAGGCTTATCAAACT,0,70385
TSS_1414_storz_regulondb,0.058823529411764705,16,16,TAAGGTCGTCCCAGGAGTGT,0,33666
TSS_1414_storz_regulondb,0.058823529411764705,16,16,TAAGCTTAGCTGTGATGTAA,0,10202
TSS_1414_storz_regulondb,0.058823529411764705,16,16,TAAGCCGAGGTTAGTGGCCC,0,15566
TSS_1414_storz_regulondb,0.058823529411764705,16,16,TAACTTATCTGGACGGGGAT,0,64652
TSS_1414_storz_regulondb,0.058823529411764705,16,16,TAACGTAAGCTGTAGAAAGG,0,20386
TSS_1414_storz_regulondb,0.058823529411764705,16,16,TAACGGCCCGGAATGTCTTG,0,40590
TSS_1414_storz_regulondb,0.058823529411764705,16,16,TAACCTTTGGCAAAGGCACG,0,53979
TSS_1414_storz_regulondb,0.058823529411764705,16,16,TAACCTCTTATATCGGCAAC,0,3528
TSS_1414_storz_regulondb,0.058823529411764705,16,16,GTTTGACACCTTCTGATGAT,0,75374
TSS_1414_storz_regulondb,0.058823529411764705,16,16,GTTTCATGTGAGAGGCCGCG,0,67329
TSS_1414_storz_regulondb,0.058823529411764705,16,16,GTTGGTGTCCTGCAATGCAT,0,44492
TSS_1414_storz_regulondb,0.058823529411764705,16,16,GTTCGGGTCAGCGGGGTGCA,0,22334
TSS_1414_storz_regulondb,0.058823529411764705,16,16,GTTCGAGATCTAATGGCTAG,0,37770
TSS_1414_storz_regulondb,0.058823529411764705,16,16,GTGGTGCGTTCGTCAATAGG,0,33057
TSS_1414_storz_regulondb,0.058823529411764705,16,16,GTGGGTGAAACGCTATTGTC,0,19636
TSS_1414_storz_regulondb,0.058823529411764705,16,16,GTGCGAAGTTCCGCCGGGTC,0,14325
TSS_1414_storz_regulondb,0.058823529411764705,16,16,GTGCAGCTAGTCTAAGACTC,0,53605
TSS_1414_storz_regulondb,0.058823529411764705,16,16,GTGAGCCAACACATTGCTAA,0,10258
TSS_1414_storz_regulondb,0.058823529411764705,16,16,GTGACGCGGCAATAACGGGA,0,49824
TSS_1414_storz_regulondb,0.058823529411764705,16,16,GTGACAACACAAGCTCTGGT,0,39368
TSS_1414_storz_regulondb,0.058823529411764705,16,16,GTCTGTTTACACGGATTTTA,0,72253
TSS_1414_storz_regulondb,0.058823529411764705,16,16,GTCTCGCAGTTTCATGAGCC,0,21414
TSS_1414_storz_regulondb,0.058823529411764705,16,16,GTCGTTACAACCCTTGCATT,0,6192
TSS_1414_storz_regulondb,0.058823529411764705,16,16,GTCGTGGGGGTGTACGGATT,0,57927
TSS_1414_storz_regulondb,0.058823529411764705,16,16,GTCGTGAAGGTGATATCTAA,0,31787
TSS_1414_storz_regulondb,0.058823529411764705,16,16,GTCGCAGTACTGAGATGAGT,0,7619
TSS_1414_storz_regulondb,0.058823529411764705,16,16,GTCCCAAGGGACCGGGGAAA,0,48374
TSS_1414_storz_regulondb,0.058823529411764705,16,16,GTCATTGGAAATCTCGGTGA,0,2341
TSS_1414_storz_regulondb,0.058823529411764705,16,16,GTCACAGTACAGGATAAAAA,0,72213
TSS_1414_storz_regulondb,0.058823529411764705,16,16,GTATCCCAATATGTACGAAT,0,15140
TSS_1414_storz_regulondb,0.058823529411764705,16,16,GTAGTTGGGTCTGGTGAATG,0,49181
TSS_1414_storz_regulondb,0.058823529411764705,16,16,GTAGTAGCCAGGAGCCGAAT,0,75549
TSS_1414_storz_regulondb,0.058823529411764705,16,16,GTAGCGTTATTAAAACCCGA,0,10750
TSS_1414_storz_regulondb,0.058823529411764705,16,16,GTACATATCAGCGTGCGGCG,0,51153
TSS_1414_storz_regulondb,0.058823529411764705,16,16,GTACAAGGTCTTCTAGTAGG,0,5637
TSS_1414_storz_regulondb,0.058823529411764705,16,16,GGTTGGCTCCTGACTGTTTT,0,23638
TSS_1414_storz_regulondb,0.058823529411764705,16,16,GGTTACAGCCAGTTTCACGC,0,28366
TSS_1414_storz_regulondb,0.058823529411764705,16,16,GGTCGGAACCTTATATGTTG,0,22000
TSS_1414_storz_regulondb,0.058823529411764705,16,16,GGTCGATAGACAGACAACCG,0,67014
TSS_1414_storz_regulondb,0.058823529411764705,16,16,GGTATACGTATTGAACCATC,0,59616
TSS_1414_storz_regulondb,0.058823529411764705,16,16,GGTAGGTACGCATCAATGCG,0,50311
TSS_1414_storz_regulondb,0.058823529411764705,16,16,GGTAGCTTGGGTTAGCTCAC,0,6819
TSS_1414_storz_regulondb,0.058823529411764705,16,16,GGGTGTGCAGCAGAGCGCGT,0,48846
TSS_1414_storz_regulondb,0.058823529411764705,16,16,GGGTGGACACGATTCAAATA,0,11997
TSS_1414_storz_regulondb,0.058823529411764705,16,16,GGGTCTTCTGCCACGTTGCC,0,58784
TSS_1414_storz_regulondb,0.058823529411764705,16,16,GGGTCTGGTTTGGCGTCAAC,0,13518
TSS_1414_storz_regulondb,0.058823529411764705,16,16,GGGTCATCTTCTTGTCACTA,0,794
TSS_1414_storz_regulondb,0.058823529411764705,16,16,GGGGTCGTGGACAGGGCCAA,0,15844
TSS_1414_storz_regulondb,0.058823529411764705,16,16,GGGGTCCTTAAAGCAAACTG,0,10207
TSS_1414_storz_regulondb,0.058823529411764705,16,16,GGGGAGGTACCGCGATTCCC,0,27263
TSS_1414_storz_regulondb,0.058823529411764705,16,16,GGGGAAACCAGTTCTGTCAA,0,25169
TSS_1414_storz_regulondb,0.058823529411764705,16,16,GGGCTTCCATCATTCTGCGA,0,38760
TSS_1414_storz_regulondb,0.058823529411764705,16,16,GGGAGTTCTACAATAACTAT,0,47425
TSS_1414_storz_regulondb,0.058823529411764705,16,16,GGGAGTTATCGTGGGTAGAA,0,17272
TSS_1414_storz_regulondb,0.058823529411764705,16,16,GGGAGTATGCATTGGATATG,0,19726
TSS_1414_storz_regulondb,0.058823529411764705,16,16,GGGACATGTCTGTCGAAGAC,0,54926
TSS_1414_storz_regulondb,0.058823529411764705,16,16,GGCTTTAAGTTTGGAACTTT,0,24022
TSS_1414_storz_regulondb,0.058823529411764705,16,16,GGCGTGGCCTCCGAAGGTGC,0,77553
TSS_1414_storz_regulondb,0.058823529411764705,16,16,GGCGCGTGGGTCAATCAGAA,0,30856
TSS_1414_storz_regulondb,0.058823529411764705,16,16,GGCGCGGGATCTCATACATT,0,78592
TSS_1414_storz_regulondb,0.058823529411764705,16,16,GGCGCCTTTGAGGGCCATCT,0,70586
TSS_1414_storz_regulondb,0.058823529411764705,16,16,GGCCCTCCCAACTCCGATCG,0,69214
TSS_1414_storz_regulondb,0.058823529411764705,16,16,GGCATTGTAAGGACGTCTGC,0,47090
TSS_1414_storz_regulondb,0.058823529411764705,16,16,GGCATGTGTGAGCCATTACC,0,36763
TSS_1414_storz_regulondb,0.058823529411764705,16,16,GGCATCAAGCGCCTCAGTAG,0,59266
TSS_1414_storz_regulondb,0.058823529411764705,16,16,GGCACTGCATACCTCGGCAT,0,51491
TSS_1414_storz_regulondb,0.058823529411764705,16,16,GGCACCCCTGGATAGAGGCT,0,24508
TSS_1414_storz_regulondb,0.058823529411764705,16,16,GGATGACTTGAGTAATGATT,0,13258
TSS_1414_storz_regulondb,0.058823529411764705,16,16,GGAGTATAATTGAGCCAACT,0,45244
TSS_1414_storz_regulondb,0.058823529411764705,16,16,GGAGAGGACAGTTCTCTTGT,0,65873
TSS_1414_storz_regulondb,0.058823529411764705,16,16,GGACTCTTTGGAGAGGGCAT,0,65059
TSS_1414_storz_regulondb,0.058823529411764705,16,16,GGACCCGTCGTTTCGTACTA,0,40652
TSS_1414_storz_regulondb,0.058823529411764705,16,16,GGAAGCCGGCGGGTATCCAG,0,42884
TSS_1414_storz_regulondb,0.058823529411764705,16,16,GCTTGTGACGCTACCCCGTT,0,70428
TSS_1414_storz_regulondb,0.058823529411764705,16,16,GCTTGGCACGGGACCGAATG,0,74396
TSS_1414_storz_regulondb,0.058823529411764705,16,16,GCTTATCCGAACTGGAGTAC,0,64775
TSS_1414_storz_regulondb,0.058823529411764705,16,16,GCTTAGGCCACGATACCTGC,0,64169
TSS_1414_storz_regulondb,0.058823529411764705,16,16,GCTTAGCTAGGGAGGAGAAC,0,47038
TSS_1414_storz_regulondb,0.058823529411764705,16,16,GCTGTAATATTGCTGTTGTA,0,52019
TSS_1414_storz_regulondb,0.058823529411764705,16,16,GCTGATTAGCTGGTCCATGC,0,38281
TSS_1414_storz_regulondb,0.058823529411764705,16,16,GCGTATTTTGTCTTAAGAAC,0,69871
TSS_1414_storz_regulondb,0.058823529411764705,16,16,GCGGGTCTTCACACGATGGT,0,77408
TSS_1414_storz_regulondb,0.058823529411764705,16,16,GCGGATGGTTGCCGTAGGGT,0,12620
TSS_1414_storz_regulondb,0.058823529411764705,16,16,GCGGACACGTACCGACGACT,0,42978
TSS_1414_storz_regulondb,0.058823529411764705,16,16,GCGATCATCATAATTCGCAA,0,75311
TSS_1414_storz_regulondb,0.058823529411764705,16,16,GCGACCGTTCCCGTCTAGGG,0,70383
TSS_1414_storz_regulondb,0.058823529411764705,16,16,GCCTTTCGGACCTCAATGAG,0,19985
TSS_1414_storz_regulondb,0.058823529411764705,16,16,GCCTGTCTTTAGCGCCAATA,0,31432
TSS_1414_storz_regulondb,0.058823529411764705,16,16,GCCAGCCGGTCTTGGTGTTT,0,58948
TSS_1414_storz_regulondb,0.058823529411764705,16,16,GCATGCACCGGGATCACGCT,0,72487
TSS_1414_storz_regulondb,0.058823529411764705,16,16,GCATGAGAGTATTCTCCGGT,0,51276
TSS_1414_storz_regulondb,0.058823529411764705,16,16,GCATACAATGATGTCGGTGT,0,3254
TSS_1414_storz_regulondb,0.058823529411764705,16,16,GCAGGCCGTGGTAGAGGCGA,0,55718
TSS_1414_storz_regulondb,0.058823529411764705,16,16,GCAGGCATCGAAGCTGCTAC,0,39726
TSS_1414_storz_regulondb,0.058823529411764705,16,16,GCAGCGCGGAGAGGCTAATA,0,69772
TSS_1414_storz_regulondb,0.058823529411764705,16,16,GCAGACTATCCTTGTAATGC,0,74878
TSS_1414_storz_regulondb,0.058823529411764705,16,16,GCAAACCGAATTGTGTATCT,0,48490
TSS_1414_storz_regulondb,0.058823529411764705,16,16,GATTGCAGGCTTTTTCTACG,0,18757
TSS_1414_storz_regulondb,0.058823529411764705,16,16,GATTAATGGGAATATAGGTG,0,23814
TSS_1414_storz_regulondb,0.058823529411764705,16,16,GATTAACAACGTTAGGTAAA,0,65245
TSS_1414_storz_regulondb,0.058823529411764705,16,16,GATGCGTACCTATGCAAGAT,0,71982
TSS_1414_storz_regulondb,0.058823529411764705,16,16,GATGCACCTAAACATACCCG,0,42499
TSS_1414_storz_regulondb,0.058823529411764705,16,16,GATCCAAGTCCAGGAGAGGC,0,6311
TSS_1414_storz_regulondb,0.058823529411764705,16,16,GATCATTTTGTGAGCATTCC,0,44797
TSS_1414_storz_regulondb,0.058823529411764705,16,16,GATAACCACGCTCGTTTGTA,0,32899
TSS_1414_storz_regulondb,0.058823529411764705,16,16,GATAAAATCCTAAGGTGACT,0,70091
TSS_1414_storz_regulondb,0.058823529411764705,16,16,GAGCTTCCGGGGGCTGAGCA,0,62414
TSS_1414_storz_regulondb,0.058823529411764705,16,16,GAGCCACAGACTTACCCTCA,0,47524
TSS_1414_storz_regulondb,0.058823529411764705,16,16,GACTACGCAGCGGCATGGGC,0,79032
TSS_1414_storz_regulondb,0.058823529411764705,16,16,GACGAGGGGCGGCGGGTGGT,0,43069
TSS_1414_storz_regulondb,0.058823529411764705,16,16,GACGAGGAGTTCAAGGTCCG,0,68154
TSS_1414_storz_regulondb,0.058823529411764705,16,16,GACCTCCGATTCCAGGAAAA,0,47663
TSS_1414_storz_regulondb,0.058823529411764705,16,16,GAATTCAGACCAACCGGTGT,0,48748
TSS_1414_storz_regulondb,0.058823529411764705,16,16,GAATGCCTCAAGCGTCTCGG,0,24883
TSS_1414_storz_regulondb,0.058823529411764705,16,16,GAATCTATGATAATGTCGAT,0,1985
TSS_1414_storz_regulondb,0.058823529411764705,16,16,GAATCAAATGCTTTCGGTCA,0,14534
TSS_1414_storz_regulondb,0.058823529411764705,16,16,GAAGTATAAGTGAGACTCCG,0,76968
TSS_1414_storz_regulondb,0.058823529411764705,16,16,GAAGGTTTCAAAGAAGGATG,0,78745
TSS_1414_storz_regulondb,0.058823529411764705,16,16,GAAGGGCAACTTGGATGCAT,0,50197
TSS_1414_storz_regulondb,0.058823529411764705,16,16,GAAGGATACGCTGCGTGCTT,0,47839
TSS_1414_storz_regulondb,0.058823529411764705,16,16,GAACAACTATTAGGGCTTTA,0,67073
TSS_1414_storz_regulondb,0.058823529411764705,16,16,GAAACTGTTTGCCGTCCAAC,0,19297
TSS_1414_storz_regulondb,0.058823529411764705,16,16,GAAACGATGGAAGCACCTGG,0,23503
TSS_1414_storz_regulondb,0.058823529411764705,16,16,CTTTCAAGCTATAGCGTGTA,0,19544
TSS_1414_storz_regulondb,0.058823529411764705,16,16,CTTTAGTCGCCCGGGGATTC,0,4264
TSS_1414_storz_regulondb,0.058823529411764705,16,16,CTTTAGGCTGCATGTACTAC,0,50446
TSS_1414_storz_regulondb,0.058823529411764705,16,16,CTTGGCAGAGAGCCCTTCCA,0,44726
TSS_1414_storz_regulondb,0.058823529411764705,16,16,CTTAGAGTACCTACTATTAT,0,39616
TSS_1414_storz_regulondb,0.058823529411764705,16,16,CTTAATCGGGGGAGTGCGCC,0,16616
TSS_1414_storz_regulondb,0.058823529411764705,16,16,CTGTTTATCAGATCGGACGT,0,45418
TSS_1414_storz_regulondb,0.058823529411764705,16,16,CTGGTGACAACAGTATGAAC,0,10605
TSS_1414_storz_regulondb,0.058823529411764705,16,16,CTGGGCAATTGGAAACTGCA,0,21650
TSS_1414_storz_regulondb,0.058823529411764705,16,16,CTGGCTCCATAAGGTGCGAC,0,46492
TSS_1414_storz_regulondb,0.058823529411764705,16,16,CTGGCACGAGCCTCTTTCAA,0,62348
TSS_1414_storz_regulondb,0.058823529411764705,16,16,CTGCTTTCGCATCCTGAATG,0,39875
TSS_1414_storz_regulondb,0.058823529411764705,16,16,CTGCCGGAGCCTGGGCCATC,0,29606
TSS_1414_storz_regulondb,0.058823529411764705,16,16,CTGCACAGAGCTCCTTTATC,0,12252
TSS_1414_storz_regulondb,0.058823529411764705,16,16,CTGAGTAATATAGGTCGTTC,0,60352
TSS_1414_storz_regulondb,0.058823529411764705,16,16,CTGAGAGGTGTATCCGACAC,0,52822
TSS_1414_storz_regulondb,0.058823529411764705,16,16,CTGACATTACTATTCAGCTT,0,29731
TSS_1414_storz_regulondb,0.058823529411764705,16,16,CTGAAATGCGTCGCACCCAC,0,28449
TSS_1414_storz_regulondb,0.058823529411764705,16,16,CTCGGTGTATAATCTCACTT,0,2429
TSS_1414_storz_regulondb,0.058823529411764705,16,16,CTCGGAGCCACCTATATCGG,0,40128
TSS_1414_storz_regulondb,0.058823529411764705,16,16,CTCGAGTTCGTGCTCATGTG,0,11321
TSS_1414_storz_regulondb,0.058823529411764705,16,16,CTATTACATTAAGATCAGTA,0,16124
TSS_1414_storz_regulondb,0.058823529411764705,16,16,CTATCATCCGTCAATATCGG,0,31574
TSS_1414_storz_regulondb,0.058823529411764705,16,16,CTATATCGGTGTCGTCCATG,0,1125
TSS_1414_storz_regulondb,0.058823529411764705,16,16,CTAGCGGGTATAAATGTTGC,0,78212
TSS_1414_storz_regulondb,0.058823529411764705,16,16,CTAGCAGTTACAAGCAAATT,0,21928
TSS_1414_storz_regulondb,0.058823529411764705,16,16,CTACTGGCCTTCCGCGAGTG,0,2589
TSS_1414_storz_regulondb,0.058823529411764705,16,16,CTACGTGAACGTAGGGCACA,0,47549
TSS_1414_storz_regulondb,0.058823529411764705,16,16,CTACAGAGGTAGTCAAGCGT,0,37342
TSS_1414_storz_regulondb,0.058823529411764705,16,16,CTAACTAGATCCTAGGACAA,0,34070
TSS_1414_storz_regulondb,0.058823529411764705,16,16,CGTTTCACCAGCGTAACAAT,0,15431
TSS_1414_storz_regulondb,0.058823529411764705,16,16,CGTTTACTTCTTTACATCGA,0,2542
TSS_1414_storz_regulondb,0.058823529411764705,16,16,CGTTGTTTGGTCGTACACTA,0,30513
TSS_1414_storz_regulondb,0.058823529411764705,16,16,CGTTATCTTCGGTAACACAA,0,75416
TSS_1414_storz_regulondb,0.058823529411764705,16,16,CGTGGACGTGGTCATGGGTC,0,11516
TSS_1414_storz_regulondb,0.058823529411764705,16,16,CGTGAGCGATGGTCAGGTTA,0,57160
TSS_1414_storz_regulondb,0.058823529411764705,16,16,CGTCTGTTGTAGCTCCATGT,0,12645
TSS_1414_storz_regulondb,0.058823529411764705,16,16,CGTCCGGAAATACTTCGGTT,0,52692
TSS_1414_storz_regulondb,0.058823529411764705,16,16,CGTACCCCAGCCGTCAGTTT,0,8983
TSS_1414_storz_regulondb,0.058823529411764705,16,16,CGTACACGACGGGGTCAAAG,0,13857
TSS_1414_storz_regulondb,0.058823529411764705,16,16,CGGTTACAGGCCTACTCTTC,0,60882
TSS_1414_storz_regulondb,0.058823529411764705,16,16,CGGGTGGAGCTGTTCTGCCG,0,61019
TSS_1414_storz_regulondb,0.058823529411764705,16,16,CGGGGGCGCAAACACTAGCT,0,41390
TSS_1414_storz_regulondb,0.058823529411764705,16,16,CGGGGAGGCACCTTCAGACG,0,65038
TSS_1414_storz_regulondb,0.058823529411764705,16,16,CGGGATCTGGACCTTAGTTG,0,39285
TSS_1414_storz_regulondb,0.058823529411764705,16,16,CGGCTTTCGAGGCTTGCTTC,0,24826
TSS_1414_storz_regulondb,0.058823529411764705,16,16,CGGCGTCGGCTGATCTGGTT,0,42452
TSS_1414_storz_regulondb,0.058823529411764705,16,16,CGGATTCCTTTTTACGGGGA,0,63443
TSS_1414_storz_regulondb,0.058823529411764705,16,16,CGGATAGAGATGCTGCCGAT,0,19857
TSS_1414_storz_regulondb,0.058823529411764705,16,16,CGGAAGCAGAGAAAGCTACT,0,63671
TSS_1414_storz_regulondb,0.058823529411764705,16,16,CGCGTACGGCATCTTTCGAA,0,70692
TSS_1414_storz_regulondb,0.058823529411764705,16,16,CGCGGTAACGTGTTTCATTT,0,46428
TSS_1414_storz_regulondb,0.058823529411764705,16,16,CGCGAGCGGGGCTGCCGGCA,0,12734
TSS_1414_storz_regulondb,0.058823529411764705,16,16,CGCCGACGACGTTTCGGTAC,0,43242
TSS_1414_storz_regulondb,0.058823529411764705,16,16,CGCCGAACTGTTACCGTTCA,0,50062
TSS_1414_storz_regulondb,0.058823529411764705,16,16,CGCAGCGTGGCAGGACCTCA,0,52275
TSS_1414_storz_regulondb,0.058823529411764705,16,16,CGCAACCTTCTCGTAAGAAA,0,73459
TSS_1414_storz_regulondb,0.058823529411764705,16,16,CGCAAATATATGGTCATTAT,0,44016
TSS_1414_storz_regulondb,0.058823529411764705,16,16,CGATTTTAATAGGGACTCTC,0,32589
TSS_1414_storz_regulondb,0.058823529411764705,16,16,CGATCCAACCACAAGTACAG,0,77572
TSS_1414_storz_regulondb,0.058823529411764705,16,16,CGAAATCCGTAACAATCTCT,0,16353
TSS_1414_storz_regulondb,0.058823529411764705,16,16,CCTTGAAATGCCGGTTCGCC,0,56360
TSS_1414_storz_regulondb,0.058823529411764705,16,16,CCTTCTGCGCTCATATCCAT,0,48519
TSS_1414_storz_regulondb,0.058823529411764705,16,16,CCTGGTTGCTATGCAATTTC,0,43210
TSS_1414_storz_regulondb,0.058823529411764705,16,16,CCTGGTTCTTACAGAGCACA,0,43719
TSS_1414_storz_regulondb,0.058823529411764705,16,16,CCTGCGTGTTGGTGAGATAC,0,21640
TSS_1414_storz_regulondb,0.058823529411764705,16,16,CCGTTAGCCCAACTGTAGAT,0,66302
TSS_1414_storz_regulondb,0.058823529411764705,16,16,CCGGCATCTAGCTTAATTCA,0,40060
TSS_1414_storz_regulondb,0.058823529411764705,16,16,CCGCGCATACAATGTTGTCC,0,50647
TSS_1414_storz_regulondb,0.058823529411764705,16,16,CCGCCAAGATAAAGGGGACG,0,27053
TSS_1414_storz_regulondb,0.058823529411764705,16,16,CCGCACGGAATATTTAATCG,0,49292
TSS_1414_storz_regulondb,0.058823529411764705,16,16,CCGAGGTCTCCCGTACACGG,0,20364
TSS_1414_storz_regulondb,0.058823529411764705,16,16,CCGAAGTAGAACGGCACGGC,0,65854
TSS_1414_storz_regulondb,0.058823529411764705,16,16,CCCTCAAGTGACTGTAATGC,0,62189
TSS_1414_storz_regulondb,0.058823529411764705,16,16,CCCGTTGGCCAGCGCTAAAC,0,65298
TSS_1414_storz_regulondb,0.058823529411764705,16,16,CCCGCTTTCAATGACAGTGG,0,65493
TSS_1414_storz_regulondb,0.058823529411764705,16,16,CCCGAGAAAAGTTCCTCCTT,0,11778
TSS_1414_storz_regulondb,0.058823529411764705,16,16,CCCGAAAGTGTGCATAGGTG,0,52809
TSS_1414_storz_regulondb,0.058823529411764705,16,16,CCCCTAGCGAGTGGTTATCC,0,46245
TSS_1414_storz_regulondb,0.058823529411764705,16,16,CCCCAGATTCTCATCTCGCA,0,22358
TSS_1414_storz_regulondb,0.058823529411764705,16,16,CCCATGCTGTACGGCGCATA,0,76230
TSS_1414_storz_regulondb,0.058823529411764705,16,16,CCCATCAGTCCATTGTGATA,0,70284
TSS_1414_storz_regulondb,0.058823529411764705,16,16,CCCATACTGGTCAAAATGAG,0,4551
TSS_1414_storz_regulondb,0.058823529411764705,16,16,CCCAGTAGTTCGCCTATCCT,0,76435
TSS_1414_storz_regulondb,0.058823529411764705,16,16,CCATGAGGCTGAGAGCCGGC,0,5379
TSS_1414_storz_regulondb,0.058823529411764705,16,16,CCATATGCATGCGGCAGTTA,0,11453
TSS_1414_storz_regulondb,0.058823529411764705,16,16,CCAGTTGCATACAAACTATC,0,27569
TSS_1414_storz_regulondb,0.058823529411764705,16,16,CCAGGACCGAGTGTCTCGGG,0,24157
TSS_1414_storz_regulondb,0.058823529411764705,16,16,CCACCTCGAGGTGCAACGGT,0,77755
TSS_1414_storz_regulondb,0.058823529411764705,16,16,CCACATGGACGGATGTAAAT,0,50332
TSS_1414_storz_regulondb,0.058823529411764705,16,16,CCAAATAGTATAACTTGTGG,0,13951
TSS_1414_storz_regulondb,0.058823529411764705,16,16,CCAAAGGAGTCACGTGGTTA,0,36897
TSS_1414_storz_regulondb,0.058823529411764705,16,16,CCAAACATGGACGATGCGAG,0,76685
TSS_1414_storz_regulondb,0.058823529411764705,16,16,CATTTGTCGTCCGGGTACAT,0,42526
TSS_1414_storz_regulondb,0.058823529411764705,16,16,CATTCGGTTCTCCCGACTAT,0,44485
TSS_1414_storz_regulondb,0.058823529411764705,16,16,CATCATTTCGGCCCCATCGA,0,18179
TSS_1414_storz_regulondb,0.058823529411764705,16,16,CATATATTTGGCCGAATTCA,0,77633
TSS_1414_storz_regulondb,0.058823529411764705,16,16,CAGTGATCAGCCAAGATCCG,0,68002
TSS_1414_storz_regulondb,0.058823529411764705,16,16,CAGTAGCTCAGTACTCCACA,0,57966
TSS_1414_storz_regulondb,0.058823529411764705,16,16,CAGTAGAGAGGAGCGGCCCA,0,21805
TSS_1414_storz_regulondb,0.058823529411764705,16,16,CAGGGGGAGCGCGAGTTGGC,0,46021
TSS_1414_storz_regulondb,0.058823529411764705,16,16,CAGGCCCACGGAAGCCCCCT,0,40214
TSS_1414_storz_regulondb,0.058823529411764705,16,16,CAGGAGCTTCGTAGAGAACC,0,36956
TSS_1414_storz_regulondb,0.058823529411764705,16,16,CAGCCCCAGATCTAGTAAGC,0,19050
TSS_1414_storz_regulondb,0.058823529411764705,16,16,CAGCAGGCATTCTCAAGTTT,0,66360
TSS_1414_storz_regulondb,0.058823529411764705,16,16,CACTGTTCGATGAATGTTCC,0,54243
TSS_1414_storz_regulondb,0.058823529411764705,16,16,CACTACTGCTAAAAGAATAA,0,76254
TSS_1414_storz_regulondb,0.058823529411764705,16,16,CACGGTTTTATAAAGTTAAA,0,34313
TSS_1414_storz_regulondb,0.058823529411764705,16,16,CACCCCTGGCCAGGCGTCTA,0,12948
TSS_1414_storz_regulondb,0.058823529411764705,16,16,CACCAATAGGGTCGTGGGAT,0,6182
TSS_1414_storz_regulondb,0.058823529411764705,16,16,CACATTCCTGAGCTTCTGTC,0,1915
TSS_1414_storz_regulondb,0.058823529411764705,16,16,CAATGGAAACCCGGTCGTTG,0,76014
TSS_1414_storz_regulondb,0.058823529411764705,16,16,CAATCGGGCTAAGAGAAAGT,0,80965
TSS_1414_storz_regulondb,0.058823529411764705,16,16,CAATAGTGCACTAGATAGAG,0,51438
TSS_1414_storz_regulondb,0.058823529411764705,16,16,CAAGTATGTAGCTACCAGCA,0,50672
TSS_1414_storz_regulondb,0.058823529411764705,16,16,CAAGGCATGGTATGAAGTGA,0,57932
TSS_1414_storz_regulondb,0.058823529411764705,16,16,CAAGCAGTATGTGGGCTTCT,0,14755
TSS_1414_storz_regulondb,0.058823529411764705,16,16,CAAGCACAGTGCGCCTTACT,0,23896
TSS_1414_storz_regulondb,0.058823529411764705,16,16,CAAAATCACATCGCAAGGAC,0,27896
TSS_1414_storz_regulondb,0.058823529411764705,16,16,CAAAAAACTGGAAGGATAAT,0,48726
TSS_1414_storz_regulondb,0.058823529411764705,16,16,ATTGTAGCCGCACTTCTTCA,0,59382
TSS_1414_storz_regulondb,0.058823529411764705,16,16,ATTGCTGGGCGCCCGGTAAA,0,58605
TSS_1414_storz_regulondb,0.058823529411764705,16,16,ATTCATTTTCTGCCGGGGGT,0,57623
TSS_1414_storz_regulondb,0.058823529411764705,16,16,ATGTAATAGGTAGTTAGTGA,0,72111
TSS_1414_storz_regulondb,0.058823529411764705,16,16,ATGGGACGCTCACTGGGGTC,0,609
TSS_1414_storz_regulondb,0.058823529411764705,16,16,ATGGAAATTTCGGCGGCTCC,0,40535
TSS_1414_storz_regulondb,0.058823529411764705,16,16,ATGCGCGCGGCAACGGTCAG,0,7503
TSS_1414_storz_regulondb,0.058823529411764705,16,16,ATGCCAGAGTTAGGCGCCTA,0,50488
TSS_1414_storz_regulondb,0.058823529411764705,16,16,ATGATGGGGGTCGGATGCAA,0,57125
TSS_1414_storz_regulondb,0.058823529411764705,16,16,ATGAGACAACTGACCGGATG,0,27392
TSS_1414_storz_regulondb,0.058823529411764705,16,16,ATGAAGTCACGATCCCAGCT,0,23251
TSS_1414_storz_regulondb,0.058823529411764705,16,16,ATCTTTCTTCGTGTCCAACT,0,28134
TSS_1414_storz_regulondb,0.058823529411764705,16,16,ATCTTGTTGGATCAGTGTTA,0,35845
TSS_1414_storz_regulondb,0.058823529411764705,16,16,ATCTTGACCACGCAGTGGAA,0,75196
TSS_1414_storz_regulondb,0.058823529411764705,16,16,ATCTCTTATGCGGGTGAAAT,0,25698
TSS_1414_storz_regulondb,0.058823529411764705,16,16,ATCTACAGACAAAGTGAACG,0,72560
TSS_1414_storz_regulondb,0.058823529411764705,16,16,ATCGTGCCATGATTCGCCAT,0,76195
TSS_1414_storz_regulondb,0.058823529411764705,16,16,ATCCTGGTCCTTTGGGTAAT,0,32936
TSS_1414_storz_regulondb,0.058823529411764705,16,16,ATCCGAACTATCAGTGATTA,0,62646
TSS_1414_storz_regulondb,0.058823529411764705,16,16,ATCCAATGTGACGGCTGGGA,0,73926
TSS_1414_storz_regulondb,0.058823529411764705,16,16,ATCATCCAGAGCGAATTATG,0,12216
TSS_1414_storz_regulondb,0.058823529411764705,16,16,ATATTACACGAGTAAGATAT,0,60262
TSS_1414_storz_regulondb,0.058823529411764705,16,16,ATAGAGACTATTGCATAAAA,0,39635
TSS_1414_storz_regulondb,0.058823529411764705,16,16,ATACGGATAGGATCTGTTCC,0,4822
TSS_1414_storz_regulondb,0.058823529411764705,16,16,ATACGCTTACTAAAACGTCC,0,15392
TSS_1414_storz_regulondb,0.058823529411764705,16,16,ATACGCGTACTGTGAAGCCA,0,72612
TSS_1414_storz_regulondb,0.058823529411764705,16,16,ATACCGCAGGTGAACAGGAG,0,73167
TSS_1414_storz_regulondb,0.058823529411764705,16,16,ATACAGAGTCCATCCGGATA,0,42375
TSS_1414_storz_regulondb,0.058823529411764705,16,16,ATACAATTATTTAGATGCGT,0,48478
TSS_1414_storz_regulondb,0.058823529411764705,16,16,ATAACAGTTGACGCGGGAAA,0,53402
TSS_1414_storz_regulondb,0.058823529411764705,16,16,ATAAATTGGTATTGTGGTCA,0,58916
TSS_1414_storz_regulondb,0.058823529411764705,16,16,AGTTTTTCATCTTCACGTCT,0,63147
TSS_1414_storz_regulondb,0.058823529411764705,16,16,AGTTGGGGCACCCATCTTGG,0,19717
TSS_1414_storz_regulondb,0.058823529411764705,16,16,AGTTGATTGCATACCGAATT,0,24067
TSS_1414_storz_regulondb,0.058823529411764705,16,16,AGTGCTCAATTAAGTGAGAC,0,65926
TSS_1414_storz_regulondb,0.058823529411764705,16,16,AGTCATTGGAATGATCCCCA,0,42949
TSS_1414_storz_regulondb,0.058823529411764705,16,16,AGTCAACGTATTGGCGTACG,0,68714
TSS_1414_storz_regulondb,0.058823529411764705,16,16,AGTAGACGGGATGTCCACTA,0,7646
TSS_1414_storz_regulondb,0.058823529411764705,16,16,AGGTCTTCCCGTCCTCTTGG,0,6954
TSS_1414_storz_regulondb,0.058823529411764705,16,16,AGGTCGATCTTGCGTCTATT,0,71630
TSS_1414_storz_regulondb,0.058823529411764705,16,16,AGGGTGATGTCGATTGAATA,0,60917
TSS_1414_storz_regulondb,0.058823529411764705,16,16,AGGGCGTTTGGTACAAGTTA,0,72558
TSS_1414_storz_regulondb,0.058823529411764705,16,16,AGGGATAAGACAGGTTTTTA,0,29260
TSS_1414_storz_regulondb,0.058823529411764705,16,16,AGGCGGCATGAACTGTGCCC,0,43961
TSS_1414_storz_regulondb,0.058823529411764705,16,16,AGGCATTCAGCCTCAATTAA,0,29561
TSS_1414_storz_regulondb,0.058823529411764705,16,16,AGGCACTGTGGATACAGAGA,0,75729
TSS_1414_storz_regulondb,0.058823529411764705,16,16,AGGCACCGCGTTCGAAGATG,0,2375
TSS_1414_storz_regulondb,0.058823529411764705,16,16,AGGCAATATAAAAAAGTAAC,0,12743
TSS_1414_storz_regulondb,0.058823529411764705,16,16,AGGAGATAAATGTTGTTTTT,0,29191
TSS_1414_storz_regulondb,0.058823529411764705,16,16,AGGACTAGGTTCCGGTATAA,0,44105
TSS_1414_storz_regulondb,0.058823529411764705,16,16,AGCTCGGTCAGGAGCTCTGT,0,13957
TSS_1414_storz_regulondb,0.058823529411764705,16,16,AGCGGTGGGGTTTCGAATGA,0,251
TSS_1414_storz_regulondb,0.058823529411764705,16,16,AGCGCTTCTCCTTAATGCAA,0,29406
TSS_1414_storz_regulondb,0.058823529411764705,16,16,AGCGCGAGCATTAAGCGCTT,0,51495
TSS_1414_storz_regulondb,0.058823529411764705,16,16,AGCCCTTGTGCGGACCCTTA,0,6970
TSS_1414_storz_regulondb,0.058823529411764705,16,16,AGCCAGTGAAGTTTAAAAAA,0,6193
TSS_1414_storz_regulondb,0.058823529411764705,16,16,AGCCACACGATTAGTCCGCG,0,38045
TSS_1414_storz_regulondb,0.058823529411764705,16,16,AGCAGAACATTAGGCCAGAC,0,32753
TSS_1414_storz_regulondb,0.058823529411764705,16,16,AGCACCCTGACCACGGCCAT,0,37423
TSS_1414_storz_regulondb,0.058823529411764705,16,16,AGATTCCGATACCGCTGCTA,0,6314
TSS_1414_storz_regulondb,0.058823529411764705,16,16,AGATGGAGTTCCGGAAGCTA,0,11323
TSS_1414_storz_regulondb,0.058823529411764705,16,16,AGATCTCGACCCGGATATCC,0,67801
TSS_1414_storz_regulondb,0.058823529411764705,16,16,AGATCCTAGGTGGATCATTT,0,8179
TSS_1414_storz_regulondb,0.058823529411764705,16,16,AGAGAACGTAAAGGAACATA,0,42686
TSS_1414_storz_regulondb,0.058823529411764705,16,16,AGACGGGGCCTATTGTAGGC,0,61201
TSS_1414_storz_regulondb,0.058823529411764705,16,16,AGACGAATGCACTCTTGACA,0,22140
TSS_1414_storz_regulondb,0.058823529411764705,16,16,AGACAGCATATCTCTTAATA,0,38988
TSS_1414_storz_regulondb,0.058823529411764705,16,16,AGAAGTGAAGTCACAAGATA,0,63530
TSS_1414_storz_regulondb,0.058823529411764705,16,16,AGAACTTCCGAATGAAGGTT,0,53082
TSS_1414_storz_regulondb,0.058823529411764705,16,16,ACTTCGTAGAAGCCGGAGTA,0,23960
TSS_1414_storz_regulondb,0.058823529411764705,16,16,ACTAACAGATATACGGATCC,0,3802
TSS_1414_storz_regulondb,0.058823529411764705,16,16,ACGTTCTCCCTCCCAGTGTA,0,50728
TSS_1414_storz_regulondb,0.058823529411764705,16,16,ACGTGACCAGTCTCATGGTA,0,30076
TSS_1414_storz_regulondb,0.058823529411764705,16,16,ACGGTAGACAATACGACAAG,0,77343
TSS_1414_storz_regulondb,0.058823529411764705,16,16,ACGGACTATCTGACCCTCTA,0,58997
TSS_1414_storz_regulondb,0.058823529411764705,16,16,ACGCTCAAGTGCGCTCATGA,0,58056
TSS_1414_storz_regulondb,0.058823529411764705,16,16,ACGCCTCATGTCAGATGCAA,0,4830
TSS_1414_storz_regulondb,0.058823529411764705,16,16,ACCTGCGGTAGAGCTCGTCG,0,2137
TSS_1414_storz_regulondb,0.058823529411764705,16,16,ACCTCCGATCCGCCCACGAT,0,12258
TSS_1414_storz_regulondb,0.058823529411764705,16,16,ACCTAGAGAGCATGTGCCTC,0,58238
TSS_1414_storz_regulondb,0.058823529411764705,16,16,ACCGTGGTGAAGGGCTCCTG,0,8976
TSS_1414_storz_regulondb,0.058823529411764705,16,16,ACCGGGTAATTCGTAGAGCC,0,47648
TSS_1414_storz_regulondb,0.058823529411764705,16,16,ACCGGGAGCTCCATCCCTAT,0,26919
TSS_1414_storz_regulondb,0.058823529411764705,16,16,ACCGGAATGTATTCAGATCG,0,32459
TSS_1414_storz_regulondb,0.058823529411764705,16,16,ACCGCTGAAGGCAACAAACA,0,3950
TSS_1414_storz_regulondb,0.058823529411764705,16,16,ACCCGCTAATTCGCCGACCA,0,70706
TSS_1414_storz_regulondb,0.058823529411764705,16,16,ACCCCCCGTGTAACTAGGTT,0,12390
TSS_1414_storz_regulondb,0.058823529411764705,16,16,ACCCATTTGTGTTAATTTAG,0,59454
TSS_1414_storz_regulondb,0.058823529411764705,16,16,ACAGGGAATAAACTTTACCG,0,32515
TSS_1414_storz_regulondb,0.058823529411764705,16,16,ACAGGATGGCTTCAGGCAGA,0,24810
TSS_1414_storz_regulondb,0.058823529411764705,16,16,ACAGATAAGTTGTACTCAAT,0,47458
TSS_1414_storz_regulondb,0.058823529411764705,16,16,ACAGAGTAACTATTGATTGA,0,11962
TSS_1414_storz_regulondb,0.058823529411764705,16,16,ACACTGGGTGATGGCTCGGG,0,2015
TSS_1414_storz_regulondb,0.058823529411764705,16,16,ACACCGGGGTAAATCGGTGC,0,65464
TSS_1414_storz_regulondb,0.058823529411764705,16,16,ACACATTAACCGCAATATAT,0,78975
TSS_1414_storz_regulondb,0.058823529411764705,16,16,AATTCTTGCCCGAGCTCCCC,0,44626
TSS_1414_storz_regulondb,0.058823529411764705,16,16,AATTCTGTACGTCTACCCAG,0,33261
TSS_1414_storz_regulondb,0.058823529411764705,16,16,AATGCAAGCGATCGCTTGGG,0,7493
TSS_1414_storz_regulondb,0.058823529411764705,16,16,AATCGTCCATCAAGGACGGA,0,53425
TSS_1414_storz_regulondb,0.058823529411764705,16,16,AATCGCTACCCATTTTGGAA,0,2316
TSS_1414_storz_regulondb,0.058823529411764705,16,16,AATCGATTTGCAGTTCGGAC,0,50801
TSS_1414_storz_regulondb,0.058823529411764705,16,16,AATCACCTCTCCTTATAGTG,0,1902
TSS_1414_storz_regulondb,0.058823529411764705,16,16,AATATATGTTGTACCTCAGC,0,65731
TSS_1414_storz_regulondb,0.058823529411764705,16,16,AATATACTGCCAGGCCGTCG,0,33414
TSS_1414_storz_regulondb,0.058823529411764705,16,16,AATACCAGACAAGGTGGAAA,0,51669
TSS_1414_storz_regulondb,0.058823529411764705,16,16,AATAAAACTCAGGTCTGATC,0,66692
TSS_1414_storz_regulondb,0.058823529411764705,16,16,AAGTTTAACGTATGACGCAT,0,47083
TSS_1414_storz_regulondb,0.058823529411764705,16,16,AAGTGACGTCCTAGGGCTGA,0,9464
TSS_1414_storz_regulondb,0.058823529411764705,16,16,AAGTACGGCACAATTCAAGG,0,64470
TSS_1414_storz_regulondb,0.058823529411764705,16,16,AAGGTCAGTGCGGAACGGAT,0,24226
TSS_1414_storz_regulondb,0.058823529411764705,16,16,AAGGGTCTGGTGAAAACTGC,0,60877
TSS_1414_storz_regulondb,0.058823529411764705,16,16,AAGGGGTGGGCCGATTCCGA,0,1487
TSS_1414_storz_regulondb,0.058823529411764705,16,16,AAGATGAGTTGCCGACGACG,0,65866
TSS_1414_storz_regulondb,0.058823529411764705,16,16,AACTTCGTCATCTATCCCCA,0,55740
TSS_1414_storz_regulondb,0.058823529411764705,16,16,AACGTCGCGTTTCGGACTCG,0,71101
TSS_1414_storz_regulondb,0.058823529411764705,16,16,AACCGCGATCGAAGGTAGAT,0,74596
TSS_1414_storz_regulondb,0.058823529411764705,16,16,AACAGAAGTTTCTTGCATCG,0,66838
TSS_1414_storz_regulondb,0.058823529411764705,16,16,AACAACTGTTTCACAAGTAT,0,78662
TSS_1414_storz_regulondb,0.058823529411764705,16,16,AAATTTATCGCCTCTAACTT,0,10685
TSS_1414_storz_regulondb,0.058823529411764705,16,16,AAATCAAGTAGGACATAGGT,0,76880
TSS_1414_storz_regulondb,0.058823529411764705,16,16,AAAGACGGAGGGACATGTGG,0,65198
TSS_1414_storz_regulondb,0.058823529411764705,16,16,AAAAGAATATAGAACGCGCG,0,9179
TSS_1414_storz_regulondb,0.0625,15,15,TTTTAACCATGGATGATATT,0,56442
TSS_1414_storz_regulondb,0.0625,15,15,TTTGGTTCGTTTCGGGGTCA,0,63722
TSS_1414_storz_regulondb,0.0625,15,15,TTTGCCTCACCATGGATTTA,0,60087
TSS_1414_storz_regulondb,0.0625,15,15,TTTCTCCAAACGTGATGCAA,0,75558
TSS_1414_storz_regulondb,0.0625,15,15,TTTCGGGAGCCGGCTTTCGG,0,35351
TSS_1414_storz_regulondb,0.0625,15,15,TTTCCGGCACCGGGTGCAAG,0,54947
TSS_1414_storz_regulondb,0.0625,15,15,TTTCAAAGTGAGGCCTACGT,0,76338
TSS_1414_storz_regulondb,0.0625,15,15,TTTATTACGGGGCAGGCTTG,0,64342
TSS_1414_storz_regulondb,0.0625,15,15,TTTAGGAAACCCGGTTGGTG,0,12520
TSS_1414_storz_regulondb,0.0625,15,15,TTTACTGGTTATTTTTGTTT,0,69626
TSS_1414_storz_regulondb,0.0625,15,15,TTTACAGGAAGGTGATCGTT,0,10128
TSS_1414_storz_regulondb,0.0625,15,15,TTTAACCTGCTTAGTAAATC,0,70478
TSS_1414_storz_regulondb,0.0625,15,15,TTGGGCGTCGTTAAAGTCCA,0,3944
TSS_1414_storz_regulondb,0.0625,15,15,TTGGCCATTTGGGCACATCA,0,76887
TSS_1414_storz_regulondb,0.0625,15,15,TTGGCATACGCTGTTCCGAT,0,1650
TSS_1414_storz_regulondb,0.0625,15,15,TTGAAGGTCCGTCGCGAGTG,0,17961
TSS_1414_storz_regulondb,0.0625,15,15,TTCTGGCGAAGGAGTTCCGG,0,34359
TSS_1414_storz_regulondb,0.0625,15,15,TTCGTCCAGACGCGAGGGCT,0,16007
TSS_1414_storz_regulondb,0.0625,15,15,TTCGCTTGGCCATTGTGTCG,0,21790
TSS_1414_storz_regulondb,0.0625,15,15,TTCGATGCATTGCGCCTGCC,0,16297
TSS_1414_storz_regulondb,0.0625,15,15,TTCGACATGTGGTCGAAAGT,0,28364
TSS_1414_storz_regulondb,0.0625,15,15,TTCCGACGCTGTACGCATTC,0,22398
TSS_1414_storz_regulondb,0.0625,15,15,TTCATCGGTTAGGTCTTTTA,0,16638
TSS_1414_storz_regulondb,0.0625,15,15,TTATTTCCAATGGGTGATAA,0,12399
TSS_1414_storz_regulondb,0.0625,15,15,TTATGAGTAAAGCATGGCTA,0,1440
TSS_1414_storz_regulondb,0.0625,15,15,TTAGCAGCATCTTGTTTCAT,0,78254
TSS_1414_storz_regulondb,0.0625,15,15,TTACTGAAATTGATTGCATA,0,55537
TSS_1414_storz_regulondb,0.0625,15,15,TTACTCCGGCACGCGCTTAA,0,25354
TSS_1414_storz_regulondb,0.0625,15,15,TTACCTCGTCGGCGTTTCGT,0,12819
TSS_1414_storz_regulondb,0.0625,15,15,TTACCGGGGCAAATTTCGTA,0,17939
TSS_1414_storz_regulondb,0.0625,15,15,TTAAGAGCGCACGGCTTACG,0,47665
TSS_1414_storz_regulondb,0.0625,15,15,TTAAAGCTTCCTACTTGGAC,0,73064
TSS_1414_storz_regulondb,0.0625,15,15,TGTTTTGTGAGTGTTCCCGC,0,6808
TSS_1414_storz_regulondb,0.0625,15,15,TGTTGCCAATCGTAAAGGGA,0,7188
TSS_1414_storz_regulondb,0.0625,15,15,TGTGCGACATTCTTCACTGC,0,27574
TSS_1414_storz_regulondb,0.0625,15,15,TGTATCTGCTTTCCTAAGGG,0,65085
TSS_1414_storz_regulondb,0.0625,15,15,TGTAGTCGCAAACGACTACA,0,1315
TSS_1414_storz_regulondb,0.0625,15,15,TGTAGGACCTGACTTGCACT,0,32015
TSS_1414_storz_regulondb,0.0625,15,15,TGTAAACTGTTCCTGTATCA,0,5104
TSS_1414_storz_regulondb,0.0625,15,15,TGGTTTCACGTCGCAGACTA,0,67887
TSS_1414_storz_regulondb,0.0625,15,15,TGGTGCACTTTTGGTAAAAC,0,46091
TSS_1414_storz_regulondb,0.0625,15,15,TGGTCCGGCAATTCAATATG,0,67128
TSS_1414_storz_regulondb,0.0625,15,15,TGGGGTGTGTAGCTATAGAA,0,55233
TSS_1414_storz_regulondb,0.0625,15,15,TGGGGTCCGTGCCAACCAGG,0,20994
TSS_1414_storz_regulondb,0.0625,15,15,TGGGGGGTCCGTGCCCAAGT,0,71095
TSS_1414_storz_regulondb,0.0625,15,15,TGGGGGGATTTTCCTCGGAC,0,52026
TSS_1414_storz_regulondb,0.0625,15,15,TGGGGGACCCTAACTGTCAC,0,39020
TSS_1414_storz_regulondb,0.0625,15,15,TGGGCATTACTTATGGAATT,0,80497
TSS_1414_storz_regulondb,0.0625,15,15,TGGGCATGAGCCATTCAATG,0,45770
TSS_1414_storz_regulondb,0.0625,15,15,TGGCCATAAAATGTGTCCTA,0,62797
TSS_1414_storz_regulondb,0.0625,15,15,TGGACAGACCGCAACGAGAG,0,19974
TSS_1414_storz_regulondb,0.0625,15,15,TGCTCACACACGTGGAAGGG,0,70484
TSS_1414_storz_regulondb,0.0625,15,15,TGCGTTAATGTGTCTGTCGC,0,38658
TSS_1414_storz_regulondb,0.0625,15,15,TGCGTTAAAAAAAATGATTC,0,19915
TSS_1414_storz_regulondb,0.0625,15,15,TGCGGGCTCAACCAGTTCAC,0,74775
TSS_1414_storz_regulondb,0.0625,15,15,TGCGCATGTGGAGCTTGCAA,0,1354
TSS_1414_storz_regulondb,0.0625,15,15,TGCCTTCTTAGCTCCCTAAG,0,33377
TSS_1414_storz_regulondb,0.0625,15,15,TGCCTGCCCTGAGCCCGAGC,0,46320
TSS_1414_storz_regulondb,0.0625,15,15,TGCCTACAACTCTTGGCTCA,0,63702
TSS_1414_storz_regulondb,0.0625,15,15,TGCAGCCGGCTACCGGAACG,0,51540
TSS_1414_storz_regulondb,0.0625,15,15,TGCAATACCCAGCGTTGATT,0,39457
TSS_1414_storz_regulondb,0.0625,15,15,TGCAACGTGCGTTATGGACC,0,75076
TSS_1414_storz_regulondb,0.0625,15,15,TGATCGTGTTGAGGCCATAC,0,23256
TSS_1414_storz_regulondb,0.0625,15,15,TGATAGGTCCGCTGATAATA,0,30364
TSS_1414_storz_regulondb,0.0625,15,15,TGAGCGCAAAGGATAATCTA,0,7762
TSS_1414_storz_regulondb,0.0625,15,15,TGAGATTTCATGTGAGGTTC,0,29329
TSS_1414_storz_regulondb,0.0625,15,15,TGACTATTGGGAGCAAGTCC,0,46316
TSS_1414_storz_regulondb,0.0625,15,15,TGACGAAAGGACGGTACTCA,0,57329
TSS_1414_storz_regulondb,0.0625,15,15,TGAAGCAGCGGAGGGGGTCA,0,4373
TSS_1414_storz_regulondb,0.0625,15,15,TGAAATCGGCTACGGCGGAC,0,27050
TSS_1414_storz_regulondb,0.0625,15,15,TGAAAGTATAAGTATTCCGT,0,31303
TSS_1414_storz_regulondb,0.0625,15,15,TCTGGTTGTGGACCTAGAAG,0,22180
TSS_1414_storz_regulondb,0.0625,15,15,TCTGGATACCCATGCATGTA,0,18705
TSS_1414_storz_regulondb,0.0625,15,15,TCTCATTGATGAGAATACTT,0,11655
TSS_1414_storz_regulondb,0.0625,15,15,TCTATGCCAGAGCCTGGCAA,0,26628
TSS_1414_storz_regulondb,0.0625,15,15,TCTACGGCGGGGGGAAATTC,0,24960
TSS_1414_storz_regulondb,0.0625,15,15,TCTAAGTGCATACTTCAATT,0,16380
TSS_1414_storz_regulondb,0.0625,15,15,TCGTCTGCCGGCGGGTGTAC,0,36105
TSS_1414_storz_regulondb,0.0625,15,15,TCGTAACGGTTAGCAATTCA,0,76646
TSS_1414_storz_regulondb,0.0625,15,15,TCGGGTCGAGTAACCATAGG,0,61148
TSS_1414_storz_regulondb,0.0625,15,15,TCGGGCTGGAATGCCTTCAT,0,76956
TSS_1414_storz_regulondb,0.0625,15,15,TCGCTACCATCTCTCCGTCC,0,3057
TSS_1414_storz_regulondb,0.0625,15,15,TCGCGGGTCCACGATTCTAT,0,69836
TSS_1414_storz_regulondb,0.0625,15,15,TCGCCTGTATTCCAACACAA,0,80164
TSS_1414_storz_regulondb,0.0625,15,15,TCGATGTAGTATGATTTCCA,0,75724
TSS_1414_storz_regulondb,0.0625,15,15,TCGAGTACGGAGAGTCGCTT,0,50474
TSS_1414_storz_regulondb,0.0625,15,15,TCCTTGGTTCATAATTGTTA,0,68108
TSS_1414_storz_regulondb,0.0625,15,15,TCCTTCTGAGGGCTGTGTTT,0,48559
TSS_1414_storz_regulondb,0.0625,15,15,TCCTCTAGGCGAGATTTGAG,0,66066
TSS_1414_storz_regulondb,0.0625,15,15,TCCGTCTTGTTGGCAGGGCT,0,19053
TSS_1414_storz_regulondb,0.0625,15,15,TCCGTAAAGGGTGGAGTGCT,0,60100
TSS_1414_storz_regulondb,0.0625,15,15,TCCCGGATTGGTACTTTTTA,0,32072
TSS_1414_storz_regulondb,0.0625,15,15,TCCATTATCCGCCTCTTCGA,0,3825
TSS_1414_storz_regulondb,0.0625,15,15,TCCATGGTTATAATAACTAA,0,1416
TSS_1414_storz_regulondb,0.0625,15,15,TCCAAATGAATTTTGATTGG,0,2912
TSS_1414_storz_regulondb,0.0625,15,15,TCATTGGACCTCCTTTTGTA,0,36093
TSS_1414_storz_regulondb,0.0625,15,15,TCATATATAGGCAGCGGTAA,0,1120
TSS_1414_storz_regulondb,0.0625,15,15,TCAGTTATCCCAAGATCGGA,0,29324
TSS_1414_storz_regulondb,0.0625,15,15,TCACGTACGCCATATAATAC,0,46842
TSS_1414_storz_regulondb,0.0625,15,15,TCACCCCACGTTGGTTTGCC,0,76174
TSS_1414_storz_regulondb,0.0625,15,15,TCAAGCAAGATGACGACCTA,0,63745
TSS_1414_storz_regulondb,0.0625,15,15,TCAACCCGTGCTTTAGACTA,0,37287
TSS_1414_storz_regulondb,0.0625,15,15,TATGCAGGTTATATGTAGTC,0,36484
TSS_1414_storz_regulondb,0.0625,15,15,TATCGCGTCATGTAAGATAT,0,4433
TSS_1414_storz_regulondb,0.0625,15,15,TATCGAGAAAACGGCAAAAA,0,3138
TSS_1414_storz_regulondb,0.0625,15,15,TAGCAGATCCAAGTGGTACT,0,45841
TSS_1414_storz_regulondb,0.0625,15,15,TAGATGGGGGTTTTGTTGGA,0,63706
TSS_1414_storz_regulondb,0.0625,15,15,TACTTATCTTGTCCAGCATA,0,25575
TSS_1414_storz_regulondb,0.0625,15,15,TACTCAATTGGTTGTCTCGG,0,5067
TSS_1414_storz_regulondb,0.0625,15,15,TACGTCCTAATCCCACCTGG,0,33264
TSS_1414_storz_regulondb,0.0625,15,15,TACGATACGTCGCTCCGCCG,0,21914
TSS_1414_storz_regulondb,0.0625,15,15,TACCTCATTCGTCACAAGAT,0,33511
TSS_1414_storz_regulondb,0.0625,15,15,TACCCTATGCTAGAACACAC,0,47043
TSS_1414_storz_regulondb,0.0625,15,15,TACCATGTTAATTCGCAGGG,0,1173
TSS_1414_storz_regulondb,0.0625,15,15,TAATAAAGTGTCCAAAGGCT,0,35364
TSS_1414_storz_regulondb,0.0625,15,15,TAAAGTTCTTGCGGATTCGG,0,28060
TSS_1414_storz_regulondb,0.0625,15,15,GTTTTCGTAGGTAAGCGTGT,0,32384
TSS_1414_storz_regulondb,0.0625,15,15,GTTTTATATATCGCTAGTTG,0,20033
TSS_1414_storz_regulondb,0.0625,15,15,GTTTTAGTATGGATGCACTG,0,28646
TSS_1414_storz_regulondb,0.0625,15,15,GTTTAGAAACACCGAGTTTT,0,22243
TSS_1414_storz_regulondb,0.0625,15,15,GTTGCGCTTGCGATATACGG,0,26444
TSS_1414_storz_regulondb,0.0625,15,15,GTTCGGTACCCCCCAGCTTT,0,37133
TSS_1414_storz_regulondb,0.0625,15,15,GTTCGGGGGTCGCCAAATGT,0,45649
TSS_1414_storz_regulondb,0.0625,15,15,GTTCGAACTTCTGGTAAGAC,0,29531
TSS_1414_storz_regulondb,0.0625,15,15,GTTATGGGTATAGGGTACTC,0,71645
TSS_1414_storz_regulondb,0.0625,15,15,GTTACGGGGGGACAGGGATG,0,44151
TSS_1414_storz_regulondb,0.0625,15,15,GTTAAAAGCCTCGCGGCCTA,0,45456
TSS_1414_storz_regulondb,0.0625,15,15,GTGTTTAGGTTTACCAAAGC,0,47887
TSS_1414_storz_regulondb,0.0625,15,15,GTGTTGACGTAACTCCAGCT,0,60272
TSS_1414_storz_regulondb,0.0625,15,15,GTGTGCGGCGGGCAAAGTTC,0,3361
TSS_1414_storz_regulondb,0.0625,15,15,GTGTCTTGGGTGACTTGCCT,0,51920
TSS_1414_storz_regulondb,0.0625,15,15,GTGTATGTTTAAACGCGCTT,0,14359
TSS_1414_storz_regulondb,0.0625,15,15,GTGTAACATCAGAATGCTTT,0,44012
TSS_1414_storz_regulondb,0.0625,15,15,GTGGTGTGAGTTGACCACAT,0,34474
TSS_1414_storz_regulondb,0.0625,15,15,GTGGGTTCCTTAGAGGGTGG,0,76112
TSS_1414_storz_regulondb,0.0625,15,15,GTGGGTTCCAATGAGACTAG,0,77414
TSS_1414_storz_regulondb,0.0625,15,15,GTGGGAGTTGGAGTTTTGTT,0,71761
TSS_1414_storz_regulondb,0.0625,15,15,GTGGGACTCAAATTTTCGGT,0,59772
TSS_1414_storz_regulondb,0.0625,15,15,GTGCTTGAGCCGACGGCACT,0,76954
TSS_1414_storz_regulondb,0.0625,15,15,GTCGGTATTCCAGAGCTGTC,0,6120
TSS_1414_storz_regulondb,0.0625,15,15,GTCGCCCATAGAAGCCCTGT,0,53824
TSS_1414_storz_regulondb,0.0625,15,15,GTCGAAGGCACTTACGGGTC,0,21164
TSS_1414_storz_regulondb,0.0625,15,15,GTCCTCGCAAGTGAGATGTG,0,28960
TSS_1414_storz_regulondb,0.0625,15,15,GTCCGTCCGCGCGGTGGGCT,0,33726
TSS_1414_storz_regulondb,0.0625,15,15,GTCCAGGCCACGAAGCGCTT,0,56197
TSS_1414_storz_regulondb,0.0625,15,15,GTCATAGATGACTACCTGCA,0,66562
TSS_1414_storz_regulondb,0.0625,15,15,GTCAGATCACGTTATTGGTA,0,14613
TSS_1414_storz_regulondb,0.0625,15,15,GTCACTGGGGGTCCTCTAGC,0,49224
TSS_1414_storz_regulondb,0.0625,15,15,GTCACGACATTTTATCTCGT,0,63647
TSS_1414_storz_regulondb,0.0625,15,15,GTCAAATGCTCATAAACTTC,0,68062
TSS_1414_storz_regulondb,0.0625,15,15,GTATGAACGTGGCAGGATTC,0,51571
TSS_1414_storz_regulondb,0.0625,15,15,GTATCTCGCATGAAGCCTCC,0,28668
TSS_1414_storz_regulondb,0.0625,15,15,GTAGTACAATCTAGAAGGTC,0,58361
TSS_1414_storz_regulondb,0.0625,15,15,GTACTTCTGTTTTAGCCTTG,0,10419
TSS_1414_storz_regulondb,0.0625,15,15,GTACTGTAATTGTGCGAGAC,0,35332
TSS_1414_storz_regulondb,0.0625,15,15,GTACAACAAGATTGAGCCTA,0,17828
TSS_1414_storz_regulondb,0.0625,15,15,GTAAGTTGGGTGCGCGGTTG,0,56252
TSS_1414_storz_regulondb,0.0625,15,15,GGTTCGACCTACGGACTATA,0,25392
TSS_1414_storz_regulondb,0.0625,15,15,GGTTATGAGGGTTAGTAAGA,0,55829
TSS_1414_storz_regulondb,0.0625,15,15,GGTGTGTCCTATCAGATTAC,0,62553
TSS_1414_storz_regulondb,0.0625,15,15,GGTGTAGCCTTAGAAAGGCA,0,72439
TSS_1414_storz_regulondb,0.0625,15,15,GGTGGTGTCAGGAGAAGACA,0,8778
TSS_1414_storz_regulondb,0.0625,15,15,GGTGGTAAATACTCAGATCT,0,58524
TSS_1414_storz_regulondb,0.0625,15,15,GGTGACCTCAGAGCATCGTA,0,38220
TSS_1414_storz_regulondb,0.0625,15,15,GGTCTGTTGATCTCTGAGAT,0,39092
TSS_1414_storz_regulondb,0.0625,15,15,GGTCTCAGGCGGCGGCTAAT,0,25959
TSS_1414_storz_regulondb,0.0625,15,15,GGTCCAAGAGGTCCGTAGCT,0,73855
TSS_1414_storz_regulondb,0.0625,15,15,GGTCATGTTACGTGACAGAA,0,43619
TSS_1414_storz_regulondb,0.0625,15,15,GGTAAGTTGCCTGCGCTGAG,0,70031
TSS_1414_storz_regulondb,0.0625,15,15,GGGTTGCTTATCCAGTAGCA,0,47218
TSS_1414_storz_regulondb,0.0625,15,15,GGGTTGCAAAGGGTACCATC,0,1140
TSS_1414_storz_regulondb,0.0625,15,15,GGGGAACGTCCCACCTGCGC,0,73219
TSS_1414_storz_regulondb,0.0625,15,15,GGGCTAATCGGGGACTATTA,0,71389
TSS_1414_storz_regulondb,0.0625,15,15,GGGCAGGTACCAGTCCAACG,0,68380
TSS_1414_storz_regulondb,0.0625,15,15,GGGAGGGCCTAAACACGCAA,0,75555
TSS_1414_storz_regulondb,0.0625,15,15,GGGACTCAAGGATATCACGC,0,18969
TSS_1414_storz_regulondb,0.0625,15,15,GGCTTACCGTACACCTTTAG,0,10901
TSS_1414_storz_regulondb,0.0625,15,15,GGCTGTAATGCACTTCCTGA,0,24452
TSS_1414_storz_regulondb,0.0625,15,15,GGCTGGCAGCTCGTTCGTAC,0,68699
TSS_1414_storz_regulondb,0.0625,15,15,GGCTCACCTGACTGTCTGGA,0,64055
TSS_1414_storz_regulondb,0.0625,15,15,GGCTCAACGTAGATTTTGTA,0,17713
TSS_1414_storz_regulondb,0.0625,15,15,GGCCGTACGGTGGTTGCTTT,0,4573
TSS_1414_storz_regulondb,0.0625,15,15,GGCCGAGAAACGAATACTAG,0,19134
TSS_1414_storz_regulondb,0.0625,15,15,GGCCCTCCGACGGAGAAAAA,0,66306
TSS_1414_storz_regulondb,0.0625,15,15,GGCCATCAAGGCTTCGGAGG,0,70211
TSS_1414_storz_regulondb,0.0625,15,15,GGCAGTTCTGAGATGACTAG,0,18429
TSS_1414_storz_regulondb,0.0625,15,15,GGCACTCGGGCTGGAAATCA,0,58745
TSS_1414_storz_regulondb,0.0625,15,15,GGCACTCAGCATAGCTTATC,0,66807
TSS_1414_storz_regulondb,0.0625,15,15,GGCAATAAATAGATACTCTC,0,38696
TSS_1414_storz_regulondb,0.0625,15,15,GGCAAACGGCCCTCCCAGAG,0,4983
TSS_1414_storz_regulondb,0.0625,15,15,GGATGGGTCTGCAAACTGGA,0,58346
TSS_1414_storz_regulondb,0.0625,15,15,GGATGGATCAGACGAAGGAT,0,53418
TSS_1414_storz_regulondb,0.0625,15,15,GGATGGATACACGTGTGGAT,0,64531
TSS_1414_storz_regulondb,0.0625,15,15,GGATACACTCTTTCGTCTAC,0,56215
TSS_1414_storz_regulondb,0.0625,15,15,GGAGGTAACCCCGTAGTTAT,0,62405
TSS_1414_storz_regulondb,0.0625,15,15,GGAGGGGTGAAAGCTTGTTG,0,43481
TSS_1414_storz_regulondb,0.0625,15,15,GGAGCAGCTATCGGCAGTAT,0,55368
TSS_1414_storz_regulondb,0.0625,15,15,GGAGACGACTGCCTTCATTA,0,67877
TSS_1414_storz_regulondb,0.0625,15,15,GGACGCTGAACGACGAAGCG,0,32001
TSS_1414_storz_regulondb,0.0625,15,15,GGAATTTCGATAATCGTTAA,0,57332
TSS_1414_storz_regulondb,0.0625,15,15,GGAATATCAGTCATGAACCC,0,61768
TSS_1414_storz_regulondb,0.0625,15,15,GGAAAGGTAACGCTGGTACG,0,67942
TSS_1414_storz_regulondb,0.0625,15,15,GGAAAAAGCACTCCCGAGAC,0,64461
TSS_1414_storz_regulondb,0.0625,15,15,GCTTCGGTGCATGAAGCACG,0,25422
TSS_1414_storz_regulondb,0.0625,15,15,GCTTAGACGGTATCAAACCA,0,80920
TSS_1414_storz_regulondb,0.0625,15,15,GCTTACTCAGGAACTACCTG,0,15323
TSS_1414_storz_regulondb,0.0625,15,15,GCTGTGACTGCCGGGACAAT,0,16311
TSS_1414_storz_regulondb,0.0625,15,15,GCTGTAAAGTCAAGTACCAT,0,27705
TSS_1414_storz_regulondb,0.0625,15,15,GCTGGGCTTTTACGATACCT,0,36367
TSS_1414_storz_regulondb,0.0625,15,15,GCTGGCGGGCTCCTACCTTC,0,41157
TSS_1414_storz_regulondb,0.0625,15,15,GCTGCATTAACACGTGAATT,0,65995
TSS_1414_storz_regulondb,0.0625,15,15,GCTCCTGTACCTGGGCGCAA,0,24864
TSS_1414_storz_regulondb,0.0625,15,15,GCTATGCCAATTCGAGCCTG,0,27903
TSS_1414_storz_regulondb,0.0625,15,15,GCTATCACGTGAATACAGAG,0,22770
TSS_1414_storz_regulondb,0.0625,15,15,GCGGTAGGTTTGAGAGGGGC,0,74523
TSS_1414_storz_regulondb,0.0625,15,15,GCGGGTCGCTGTAGGGCTGC,0,29990
TSS_1414_storz_regulondb,0.0625,15,15,GCGGGCATGGTAGCAAGTGC,0,70818
TSS_1414_storz_regulondb,0.0625,15,15,GCGGCGTCTAGCACCTTTAC,0,1893
TSS_1414_storz_regulondb,0.0625,15,15,GCGCTACGCTTTCACACAGT,0,25843
TSS_1414_storz_regulondb,0.0625,15,15,GCGCCAGGTGCAATGATGCT,0,3710
TSS_1414_storz_regulondb,0.0625,15,15,GCGCACTCCAACGACTAGCC,0,34473
TSS_1414_storz_regulondb,0.0625,15,15,GCGATGGAATCCAGCATGTA,0,65743
TSS_1414_storz_regulondb,0.0625,15,15,GCGATCACAGACCGACGTCA,0,32458
TSS_1414_storz_regulondb,0.0625,15,15,GCGAATCATTGGGGAGTCTT,0,35909
TSS_1414_storz_regulondb,0.0625,15,15,GCCTCCCTGTGAATCAGTGT,0,3506
TSS_1414_storz_regulondb,0.0625,15,15,GCCGGCCTTCCTAACTGGCC,0,25290
TSS_1414_storz_regulondb,0.0625,15,15,GCCCTTGAATTTATGATACT,0,59977
TSS_1414_storz_regulondb,0.0625,15,15,GCCACACAAACGTCTCATGA,0,17844
TSS_1414_storz_regulondb,0.0625,15,15,GCCAACTCGCCATTTACCCA,0,24455
TSS_1414_storz_regulondb,0.0625,15,15,GCATCATTAACGCTGGGCGC,0,50157
TSS_1414_storz_regulondb,0.0625,15,15,GCAGGACTGCTAACGCTCAT,0,61327
TSS_1414_storz_regulondb,0.0625,15,15,GCACGGTAAAGGAGAGGTTT,0,5991
TSS_1414_storz_regulondb,0.0625,15,15,GCACACCACCAGGGTACCCA,0,46909
TSS_1414_storz_regulondb,0.0625,15,15,GCAAGGGTCCCACGCTTGGA,0,66180
TSS_1414_storz_regulondb,0.0625,15,15,GCAAACTTATACCCTTTTAA,0,19917
TSS_1414_storz_regulondb,0.0625,15,15,GATTTTCGCCGAGCACGTAA,0,61104
TSS_1414_storz_regulondb,0.0625,15,15,GATGCGCCAAATTCCAGGTT,0,64417
TSS_1414_storz_regulondb,0.0625,15,15,GATAGAATACTCAGCCGGTC,0,21602
TSS_1414_storz_regulondb,0.0625,15,15,GAGTATTGTGTGCTTGTTAG,0,39445
TSS_1414_storz_regulondb,0.0625,15,15,GAGTATGGGTTGATTCTTGG,0,6391
TSS_1414_storz_regulondb,0.0625,15,15,GAGGGAGCCGTCGTTTGAAT,0,35490
TSS_1414_storz_regulondb,0.0625,15,15,GAGGAACCGACACATCATAC,0,41217
TSS_1414_storz_regulondb,0.0625,15,15,GAGCTTCTCTAGTAAAATCC,0,40035
TSS_1414_storz_regulondb,0.0625,15,15,GAGCCCTTCGACGTTCAACA,0,57842
TSS_1414_storz_regulondb,0.0625,15,15,GAGCACTACTCGTTACCAGT,0,37518
TSS_1414_storz_regulondb,0.0625,15,15,GAGCAATTCTGGAACATTTC,0,2801
TSS_1414_storz_regulondb,0.0625,15,15,GAGACCCCGTTAGTTCCCGT,0,67136
TSS_1414_storz_regulondb,0.0625,15,15,GAGAAGGAGCTGCTTGAATC,0,11320
TSS_1414_storz_regulondb,0.0625,15,15,GACTTTCTTACGTTGAGCCT,0,67958
TSS_1414_storz_regulondb,0.0625,15,15,GACTAAGAATCTATAAGGAT,0,65917
TSS_1414_storz_regulondb,0.0625,15,15,GACGTTGAACCAATTCGGAG,0,78624
TSS_1414_storz_regulondb,0.0625,15,15,GAATGCCCAGTTTTCCGACC,0,15326
TSS_1414_storz_regulondb,0.0625,15,15,GAATCGGCTGTTTGCCTGGG,0,58816
TSS_1414_storz_regulondb,0.0625,15,15,GAATATCAGTGGTCCTTTGT,0,56373
TSS_1414_storz_regulondb,0.0625,15,15,GAAGGGCTAGAGGCCATGTA,0,41135
TSS_1414_storz_regulondb,0.0625,15,15,GAACTCGATATGGGAGGTGA,0,20766
TSS_1414_storz_regulondb,0.0625,15,15,GAACTAAGTCGGGAGGTGGT,0,40795
TSS_1414_storz_regulondb,0.0625,15,15,GAAAGGCTCATGGTTGGGCG,0,41332
TSS_1414_storz_regulondb,0.0625,15,15,GAAACCTCCTATAGGGCATA,0,29558
TSS_1414_storz_regulondb,0.0625,15,15,GAAAAAGGTGCCGGCATCAT,0,23311
TSS_1414_storz_regulondb,0.0625,15,15,CTTTTAGGGGGAGGCGCACT,0,3014
TSS_1414_storz_regulondb,0.0625,15,15,CTTTCTGCAGCGGTATGTAT,0,41279
TSS_1414_storz_regulondb,0.0625,15,15,CTTTCGGTTGTAGGTGGTTG,0,15013
TSS_1414_storz_regulondb,0.0625,15,15,CTTCTCGTACGCGCTCGAGT,0,46872
TSS_1414_storz_regulondb,0.0625,15,15,CTTCGACTCCGACCCATCAA,0,38236
TSS_1414_storz_regulondb,0.0625,15,15,CTTACTGTCTCCCGTAAATG,0,6043
TSS_1414_storz_regulondb,0.0625,15,15,CTTAACATATCGGTATGACA,0,52818
TSS_1414_storz_regulondb,0.0625,15,15,CTGTGACTATGGAATTACAA,0,60269
TSS_1414_storz_regulondb,0.0625,15,15,CTGTAGGGAAGACTCATATT,0,25264
TSS_1414_storz_regulondb,0.0625,15,15,CTGGCAACGGTTAAGTTGGG,0,29232
TSS_1414_storz_regulondb,0.0625,15,15,CTGCACCCAACAAGTTCCCA,0,14283
TSS_1414_storz_regulondb,0.0625,15,15,CTGATGTGCCCTGAGATTAA,0,66550
TSS_1414_storz_regulondb,0.0625,15,15,CTGATCGCGCCAAGTAAGTG,0,19058
TSS_1414_storz_regulondb,0.0625,15,15,CTCTACGACTTCAGGCGAGT,0,33942
TSS_1414_storz_regulondb,0.0625,15,15,CTCGTCTTGTGGTTACGAAC,0,72751
TSS_1414_storz_regulondb,0.0625,15,15,CTCCTGGTTCCGTGCGTATC,0,4465
TSS_1414_storz_regulondb,0.0625,15,15,CTCCCGGTATGGGTTATGTC,0,44379
TSS_1414_storz_regulondb,0.0625,15,15,CTCCCATACAACGATAGCTC,0,34099
TSS_1414_storz_regulondb,0.0625,15,15,CTCCATCAAGAGGAGATGAC,0,34556
TSS_1414_storz_regulondb,0.0625,15,15,CTCATTGTGTGTTGTTTATG,0,5561
TSS_1414_storz_regulondb,0.0625,15,15,CTCATGTTCGAGCGTGGTCT,0,7225
TSS_1414_storz_regulondb,0.0625,15,15,CTCATGCGTGTGTACGATAT,0,58579
TSS_1414_storz_regulondb,0.0625,15,15,CTCAACTCAAGATAGTGTTA,0,27744
TSS_1414_storz_regulondb,0.0625,15,15,CTAGTAAAAGTTAACGGTCA,0,8051
TSS_1414_storz_regulondb,0.0625,15,15,CTAGGGTATCCCTCGCCGTG,0,8233
TSS_1414_storz_regulondb,0.0625,15,15,CTAGGGTACGTGAATTTACT,0,4935
TSS_1414_storz_regulondb,0.0625,15,15,CTAGCGAAGCTATTCATATC,0,58446
TSS_1414_storz_regulondb,0.0625,15,15,CTAGCCAGGCAACGTCGATC,0,55204
TSS_1414_storz_regulondb,0.0625,15,15,CTACCTTGTCGGACCAGTTA,0,11526
TSS_1414_storz_regulondb,0.0625,15,15,CTAAATGCGCATAGCTGAAC,0,46104
TSS_1414_storz_regulondb,0.0625,15,15,CGTTGGCCTCAATGCCGTCC,0,52517
TSS_1414_storz_regulondb,0.0625,15,15,CGTTCAACCGGTGGTCTATG,0,1181
TSS_1414_storz_regulondb,0.0625,15,15,CGTTACCGGTTACGGATGAC,0,17888
TSS_1414_storz_regulondb,0.0625,15,15,CGTTACAGTGCACCTATGAA,0,72924
TSS_1414_storz_regulondb,0.0625,15,15,CGTGATCCAACATCACTTTT,0,23493
TSS_1414_storz_regulondb,0.0625,15,15,CGTGACGTTCCTTCTCACAT,0,12839
TSS_1414_storz_regulondb,0.0625,15,15,CGTCTCCAAGTCACGCGAGG,0,30553
TSS_1414_storz_regulondb,0.0625,15,15,CGTAGAAGGTCGGCATTCCG,0,40384
TSS_1414_storz_regulondb,0.0625,15,15,CGTAATGCAAGCCCTCGTAA,0,36499
TSS_1414_storz_regulondb,0.0625,15,15,CGGTTACCTGCTCCCGACGA,0,72477
TSS_1414_storz_regulondb,0.0625,15,15,CGGTGACCAAATGTTTTTGT,0,6805
TSS_1414_storz_regulondb,0.0625,15,15,CGGGTCCGGCCCGCGCGTAA,0,37186
TSS_1414_storz_regulondb,0.0625,15,15,CGGCGGGAGCCGGTTCGTGC,0,34443
TSS_1414_storz_regulondb,0.0625,15,15,CGGCCCTACAGATTCGAATT,0,72447
TSS_1414_storz_regulondb,0.0625,15,15,CGGATTGGGATAGGTCGGTA,0,20812
TSS_1414_storz_regulondb,0.0625,15,15,CGGAGCCATTACCAGGCGGC,0,51357
TSS_1414_storz_regulondb,0.0625,15,15,CGGAATTATCGTGTAACGGA,0,32299
TSS_1414_storz_regulondb,0.0625,15,15,CGCTTGTCAGTTATCAGGCC,0,45419
TSS_1414_storz_regulondb,0.0625,15,15,CGCTTGGAAAATTCCTGGCT,0,41706
TSS_1414_storz_regulondb,0.0625,15,15,CGCTGTAAGCTCGATGGTAC,0,68775
TSS_1414_storz_regulondb,0.0625,15,15,CGCTGGCTCCAAAAGCTAGC,0,44366
TSS_1414_storz_regulondb,0.0625,15,15,CGCTAACTCCTGATGGATAT,0,76654
TSS_1414_storz_regulondb,0.0625,15,15,CGCGGATCTTCGGCGATATG,0,51218
TSS_1414_storz_regulondb,0.0625,15,15,CGCGAACTACGTAATAGCTA,0,80543
TSS_1414_storz_regulondb,0.0625,15,15,CGCCTGAGGCAGGCTAAACA,0,34068
TSS_1414_storz_regulondb,0.0625,15,15,CGCCTCAAGTATGCGAGGAG,0,80273
TSS_1414_storz_regulondb,0.0625,15,15,CGCCGGAATTTTGCACATTA,0,69217
TSS_1414_storz_regulondb,0.0625,15,15,CGCCCTAGGAATTTAACAGT,0,3445
TSS_1414_storz_regulondb,0.0625,15,15,CGCATTCTACCGCCAGCATA,0,21918
TSS_1414_storz_regulondb,0.0625,15,15,CGCACGGGTCGCGCGGCTCA,0,41334
TSS_1414_storz_regulondb,0.0625,15,15,CGCACACGGCGGATGCGTGA,0,29905
TSS_1414_storz_regulondb,0.0625,15,15,CGAGGAGAAGGACCCTAAAT,0,5542
TSS_1414_storz_regulondb,0.0625,15,15,CGAGCGGCTAACCTACATGC,0,19553
TSS_1414_storz_regulondb,0.0625,15,15,CGAGCGCCAAAGGAGCAGAC,0,53608
TSS_1414_storz_regulondb,0.0625,15,15,CGAATTGGGACCCATGCCTC,0,58172
TSS_1414_storz_regulondb,0.0625,15,15,CGAATAGTAGTTGACTCTGC,0,23687
TSS_1414_storz_regulondb,0.0625,15,15,CCTTGAGAGTCATTAGCTAA,0,31922
TSS_1414_storz_regulondb,0.0625,15,15,CCTTATCTAAGGGACGGGTA,0,41380
TSS_1414_storz_regulondb,0.0625,15,15,CCTGTATGCCCTCTTGGAAG,0,7026
TSS_1414_storz_regulondb,0.0625,15,15,CCTGGTCGTAAGCATGTGAA,0,54235
TSS_1414_storz_regulondb,0.0625,15,15,CCTGAATTGGTAGGGCGAGA,0,66422
TSS_1414_storz_regulondb,0.0625,15,15,CCTAGTAATCGCCTATCACA,0,51729
TSS_1414_storz_regulondb,0.0625,15,15,CCTAACGTAGTTCTAAGCAG,0,47335
TSS_1414_storz_regulondb,0.0625,15,15,CCTAAACACGGCGTCAGCTG,0,45443
TSS_1414_storz_regulondb,0.0625,15,15,CCGTGCAGATCCGCAGGGAC,0,11193
TSS_1414_storz_regulondb,0.0625,15,15,CCGGGTAGAGTACGCTGCGA,0,21454
TSS_1414_storz_regulondb,0.0625,15,15,CCGCTCTTAAATGGGCGAAG,0,29349
TSS_1414_storz_regulondb,0.0625,15,15,CCGAACAGCTACTACTGAAA,0,80638
TSS_1414_storz_regulondb,0.0625,15,15,CCCTTGCAACGTAGGACTTG,0,52636
TSS_1414_storz_regulondb,0.0625,15,15,CCCTACTCGATCGCTACCTC,0,33870
TSS_1414_storz_regulondb,0.0625,15,15,CCCGTGGGGAGTGTGTGTTG,0,66660
TSS_1414_storz_regulondb,0.0625,15,15,CCCGCGCCCTTAAAGTGTCG,0,23042
TSS_1414_storz_regulondb,0.0625,15,15,CCCCGAAACGGCACCCAAGG,0,68400
TSS_1414_storz_regulondb,0.0625,15,15,CCCATGGCCATCAGGTTCAA,0,293
TSS_1414_storz_regulondb,0.0625,15,15,CCCACGTCACTAACGCGACG,0,10284
TSS_1414_storz_regulondb,0.0625,15,15,CCCAAGTACGTTCTCGGGAT,0,67988
TSS_1414_storz_regulondb,0.0625,15,15,CCATGGAAGTAATTTGGCTG,0,22123
TSS_1414_storz_regulondb,0.0625,15,15,CCATACTAGGACATTGAAAG,0,49140
TSS_1414_storz_regulondb,0.0625,15,15,CCAGTACTTACTTACTACAA,0,60007
TSS_1414_storz_regulondb,0.0625,15,15,CCAGGCTGAACTAAGGGTTG,0,39614
TSS_1414_storz_regulondb,0.0625,15,15,CCAGCTCCCTCAGAAAAATA,0,42785
TSS_1414_storz_regulondb,0.0625,15,15,CCACCGCCCTGGCATAGCAT,0,45737
TSS_1414_storz_regulondb,0.0625,15,15,CCACCCAGCTCTCTTTACTA,0,77934
TSS_1414_storz_regulondb,0.0625,15,15,CCACCAGAGACAAGATTCCT,0,54357
TSS_1414_storz_regulondb,0.0625,15,15,CCACATCAGGGCCTCGGTCA,0,67562
TSS_1414_storz_regulondb,0.0625,15,15,CCAATTATCCCGGGATGCAA,0,28451
TSS_1414_storz_regulondb,0.0625,15,15,CCAAGTAGGTGTCGTGACAG,0,78085
TSS_1414_storz_regulondb,0.0625,15,15,CCAAAGTACAACCAGTGTAG,0,37645
TSS_1414_storz_regulondb,0.0625,15,15,CATTTGGCGCGCCCATCACA,0,74409
TSS_1414_storz_regulondb,0.0625,15,15,CATTGGGTCACGCCGATGTA,0,77739
TSS_1414_storz_regulondb,0.0625,15,15,CATTCGGTACAGTATTGGGT,0,22049
TSS_1414_storz_regulondb,0.0625,15,15,CATTCCCCTTGTGAGTTGAT,0,64662
TSS_1414_storz_regulondb,0.0625,15,15,CATTACAGATGACGTATCAG,0,41547
TSS_1414_storz_regulondb,0.0625,15,15,CATGGTGCCTAGCCACCTTA,0,21653
TSS_1414_storz_regulondb,0.0625,15,15,CATCTTAAGCAACCAGATTC,0,3562
TSS_1414_storz_regulondb,0.0625,15,15,CATCCACATGGAGTAATAGT,0,44945
TSS_1414_storz_regulondb,0.0625,15,15,CATCACTTGCGGTCTCTTGT,0,25570
TSS_1414_storz_regulondb,0.0625,15,15,CAGTTCAGCCCTAAGCGTAG,0,41262
TSS_1414_storz_regulondb,0.0625,15,15,CAGGTGCTTGCCGTGACCGG,0,27818
TSS_1414_storz_regulondb,0.0625,15,15,CAGGGGGTGACTAGCTCCTA,0,14142
TSS_1414_storz_regulondb,0.0625,15,15,CAGGGCATGGTGCCCAGTTC,0,68996
TSS_1414_storz_regulondb,0.0625,15,15,CAGGCTTTTAATCGACCCAA,0,14275
TSS_1414_storz_regulondb,0.0625,15,15,CAGGAAAGCACGCCGATGGA,0,61004
TSS_1414_storz_regulondb,0.0625,15,15,CAGCTCCAATCTCAGATAAT,0,78875
TSS_1414_storz_regulondb,0.0625,15,15,CAGCGGACGTGTTATCCGAT,0,18191
TSS_1414_storz_regulondb,0.0625,15,15,CAGATAGCTGAGGGGTTACT,0,40701
TSS_1414_storz_regulondb,0.0625,15,15,CAGAGAAACCGGAGACTTAG,0,61655
TSS_1414_storz_regulondb,0.0625,15,15,CAGACCGCCGACCCTAGAGA,0,41213
TSS_1414_storz_regulondb,0.0625,15,15,CACTGTTGGAGTCGGGCGTG,0,29740
TSS_1414_storz_regulondb,0.0625,15,15,CACTGCTGGATCCCGTGGCT,0,68978
TSS_1414_storz_regulondb,0.0625,15,15,CACTGATCGTGGTTCTCTGC,0,45165
TSS_1414_storz_regulondb,0.0625,15,15,CACGTCAGGGGGTAGTGTCT,0,77651
TSS_1414_storz_regulondb,0.0625,15,15,CACCCGCTTGTATCTGCGTT,0,3811
TSS_1414_storz_regulondb,0.0625,15,15,CACCAGACTTTAAACCTGTC,0,53959
TSS_1414_storz_regulondb,0.0625,15,15,CACACGCTATCTTGCACATC,0,77053
TSS_1414_storz_regulondb,0.0625,15,15,CACAATGGGGGAATGCTTGG,0,12180
TSS_1414_storz_regulondb,0.0625,15,15,CAATGCCCCTCCAGCGTCGT,0,62369
TSS_1414_storz_regulondb,0.0625,15,15,CAATAGTATGCCACCTGATG,0,73484
TSS_1414_storz_regulondb,0.0625,15,15,CAAGCGATTGTCTGATCCCA,0,51639
TSS_1414_storz_regulondb,0.0625,15,15,CAAGACCGGGTTCGACCATG,0,35260
TSS_1414_storz_regulondb,0.0625,15,15,CAAGAATCGCTTGGGCGGTT,0,39202
TSS_1414_storz_regulondb,0.0625,15,15,CAACTGGGTCTTCTCTATTA,0,28320
TSS_1414_storz_regulondb,0.0625,15,15,CAACTGACTATTTCGACTAC,0,56200
TSS_1414_storz_regulondb,0.0625,15,15,CAAAGAAGCTCAGGAAAGTG,0,49706
TSS_1414_storz_regulondb,0.0625,15,15,CAAAATCGTTCCATTAAGCC,0,7499
TSS_1414_storz_regulondb,0.0625,15,15,CAAAAGCCCTTACAACGCTA,0,5482
TSS_1414_storz_regulondb,0.0625,15,15,CAAAAGAGTTACAGGAGTTA,0,53029
TSS_1414_storz_regulondb,0.0625,15,15,CAAAACTCGCATTATGGATG,0,64792
TSS_1414_storz_regulondb,0.0625,15,15,ATTTAATGGTCCTAGTTCAC,0,73186
TSS_1414_storz_regulondb,0.0625,15,15,ATTGGAAGCGGCCAGTGGCT,0,16795
TSS_1414_storz_regulondb,0.0625,15,15,ATTCTCGCCTCTCAGCCAAA,0,73210
TSS_1414_storz_regulondb,0.0625,15,15,ATTCGGGCGACACAGGAGTG,0,73726
TSS_1414_storz_regulondb,0.0625,15,15,ATTCGGCAGGGTGGCAGTCT,0,60718
TSS_1414_storz_regulondb,0.0625,15,15,ATTCACTAATGTAGGCATAA,0,59047
TSS_1414_storz_regulondb,0.0625,15,15,ATTATGTTAAGTTGGTGGAT,0,15470
TSS_1414_storz_regulondb,0.0625,15,15,ATTATAGTTACCCGGTTAGT,0,46628
TSS_1414_storz_regulondb,0.0625,15,15,ATTAGTTATATGCAAGCGTG,0,1643
TSS_1414_storz_regulondb,0.0625,15,15,ATTAGCTGTAGCGAACTCCT,0,57820
TSS_1414_storz_regulondb,0.0625,15,15,ATGGCAGACTCGTCCAAATA,0,45609
TSS_1414_storz_regulondb,0.0625,15,15,ATGCCTTCAACGCAAATATT,0,55351
TSS_1414_storz_regulondb,0.0625,15,15,ATGCATCACCAAAAGATCCC,0,76020
TSS_1414_storz_regulondb,0.0625,15,15,ATGATCTCAGGCCACGCAGG,0,12461
TSS_1414_storz_regulondb,0.0625,15,15,ATGATCTATTGACCCGATGT,0,28745
TSS_1414_storz_regulondb,0.0625,15,15,ATGAGGATGTATCGACCTTG,0,16378
TSS_1414_storz_regulondb,0.0625,15,15,ATCGTATTGTCGTTGAATGG,0,16938
TSS_1414_storz_regulondb,0.0625,15,15,ATCGGTTAAGACGCAGTATG,0,60472
TSS_1414_storz_regulondb,0.0625,15,15,ATCCCTCTGAAAATATATCT,0,37207
TSS_1414_storz_regulondb,0.0625,15,15,ATCAGTATAAAACGCAAGTA,0,36589
TSS_1414_storz_regulondb,0.0625,15,15,ATCAGGCCCACTCCTACAAT,0,63210
TSS_1414_storz_regulondb,0.0625,15,15,ATCACGGCATCCTGGAGTTA,0,56953
TSS_1414_storz_regulondb,0.0625,15,15,ATCACAAAGGCCCCAAGACG,0,21354
TSS_1414_storz_regulondb,0.0625,15,15,ATATGGGGGGGAAGTGGTTA,0,12033
TSS_1414_storz_regulondb,0.0625,15,15,ATATGCAACTCTAGTTGGCA,0,32354
TSS_1414_storz_regulondb,0.0625,15,15,ATAGTTCCTGGAGCTAGCAG,0,75181
TSS_1414_storz_regulondb,0.0625,15,15,ATAGTCCCGGGTTCTCGACG,0,62054
TSS_1414_storz_regulondb,0.0625,15,15,ATAGTACTTGCCTATAGACA,0,15630
TSS_1414_storz_regulondb,0.0625,15,15,ATACCCATTTGGGATTTTTC,0,45960
TSS_1414_storz_regulondb,0.0625,15,15,ATAATGATGAATGATTGTCA,0,19867
TSS_1414_storz_regulondb,0.0625,15,15,ATAAGGCAATTCGAGTAAAT,0,24520
TSS_1414_storz_regulondb,0.0625,15,15,ATAACAGCAGTTGCGACCTT,0,17674
TSS_1414_storz_regulondb,0.0625,15,15,AGTTGGGTAAGGGGTGACAA,0,74661
TSS_1414_storz_regulondb,0.0625,15,15,AGTTGATACAAAATCGCCTA,0,59659
TSS_1414_storz_regulondb,0.0625,15,15,AGTTCATCAATAACAGTTAA,0,36524
TSS_1414_storz_regulondb,0.0625,15,15,AGTGCACGCTTCACCGGCAT,0,4226
TSS_1414_storz_regulondb,0.0625,15,15,AGTCTTTAAAGGTAGTACGA,0,68627
TSS_1414_storz_regulondb,0.0625,15,15,AGTATATAGCAGGGAGGACA,0,18427
TSS_1414_storz_regulondb,0.0625,15,15,AGTACATAGAGTCCACTTTT,0,35943
TSS_1414_storz_regulondb,0.0625,15,15,AGGTTGCATGTCCGCGGTTC,0,65785
TSS_1414_storz_regulondb,0.0625,15,15,AGGTGGAGTTGGTGAAACGG,0,75642
TSS_1414_storz_regulondb,0.0625,15,15,AGGTCCACACCCGGAGACTA,0,7755
TSS_1414_storz_regulondb,0.0625,15,15,AGGTCATGATGCAACGACAG,0,75112
TSS_1414_storz_regulondb,0.0625,15,15,AGGTCAGCTGCTCATAAAAT,0,49641
TSS_1414_storz_regulondb,0.0625,15,15,AGGTCACGATCGGACCATGC,0,18250
TSS_1414_storz_regulondb,0.0625,15,15,AGGTATCTTGACAAGGGAGT,0,43422
TSS_1414_storz_regulondb,0.0625,15,15,AGGTACGAGAGTGAAACATT,0,37966
TSS_1414_storz_regulondb,0.0625,15,15,AGGTACACGCTCCGCCTCAT,0,17438
TSS_1414_storz_regulondb,0.0625,15,15,AGGCTTTTGGAGATCTGACT,0,43261
TSS_1414_storz_regulondb,0.0625,15,15,AGGCTTCCGGCATAATCATC,0,41578
TSS_1414_storz_regulondb,0.0625,15,15,AGGCGGCTGGTCTAAGGCGC,0,73271
TSS_1414_storz_regulondb,0.0625,15,15,AGGATAGGTGGTCCTAAACA,0,79339
TSS_1414_storz_regulondb,0.0625,15,15,AGGATAACACGTAATGCACA,0,58122
TSS_1414_storz_regulondb,0.0625,15,15,AGCGTATACTATAGCTCAGT,0,79714
TSS_1414_storz_regulondb,0.0625,15,15,AGCGGTATTCGGACCTTACA,0,6561
TSS_1414_storz_regulondb,0.0625,15,15,AGCGCTGTTACGGTCAGTGT,0,35871
TSS_1414_storz_regulondb,0.0625,15,15,AGCGACGTACTATGGCGGAT,0,55444
TSS_1414_storz_regulondb,0.0625,15,15,AGCCAGACACTGGGATTGCT,0,15020
TSS_1414_storz_regulondb,0.0625,15,15,AGCATGACCGTCAACTAAGA,0,57629
TSS_1414_storz_regulondb,0.0625,15,15,AGATAGCGGTGAAATTAGAC,0,50255
TSS_1414_storz_regulondb,0.0625,15,15,AGAGTTGAAAGAGGATGCAA,0,68815
TSS_1414_storz_regulondb,0.0625,15,15,AGACGGGCGAGGGGTCCGCG,0,18557
TSS_1414_storz_regulondb,0.0625,15,15,AGACCGCTCCATTCTTGGGT,0,65674
TSS_1414_storz_regulondb,0.0625,15,15,AGACCGCGTGCAAAATTTTT,0,69768
TSS_1414_storz_regulondb,0.0625,15,15,AGAAGTACAGCGCGTCGCTG,0,38057
TSS_1414_storz_regulondb,0.0625,15,15,AGAACCCTTTTGCATCGTAA,0,45766
TSS_1414_storz_regulondb,0.0625,15,15,ACTTTACCAGGTCCCCGTAG,0,53065
TSS_1414_storz_regulondb,0.0625,15,15,ACTTGCCTTTTTATCATAGT,0,58294
TSS_1414_storz_regulondb,0.0625,15,15,ACTTATCAACGCAGGGCTCG,0,25658
TSS_1414_storz_regulondb,0.0625,15,15,ACTTAGGCAAGTGCTCCTGT,0,32693
TSS_1414_storz_regulondb,0.0625,15,15,ACTGTGTACACTTACTTGCT,0,73080
TSS_1414_storz_regulondb,0.0625,15,15,ACTCATCAGACCTGAGCGAG,0,72897
TSS_1414_storz_regulondb,0.0625,15,15,ACTCAGGGTTCGGCTAGGCT,0,19253
TSS_1414_storz_regulondb,0.0625,15,15,ACTCAAGCGTATGTGGGGAC,0,79114
TSS_1414_storz_regulondb,0.0625,15,15,ACGGTAGTTCGAATGGTTTC,0,24112
TSS_1414_storz_regulondb,0.0625,15,15,ACGCGATTGTCGAGTTCTGC,0,3244
TSS_1414_storz_regulondb,0.0625,15,15,ACGCCAGCTCTTGTCACCAT,0,4926
TSS_1414_storz_regulondb,0.0625,15,15,ACGCATAGTACCAGGGCGCG,0,49997
TSS_1414_storz_regulondb,0.0625,15,15,ACGCAGTGTGACTCGGCGGG,0,3046
TSS_1414_storz_regulondb,0.0625,15,15,ACGATTCAGGTTATAAATGA,0,47866
TSS_1414_storz_regulondb,0.0625,15,15,ACGAGAATTCGTGCGCATCT,0,58072
TSS_1414_storz_regulondb,0.0625,15,15,ACGACGAATACGCGGTTACA,0,13331
TSS_1414_storz_regulondb,0.0625,15,15,ACGACCTAGCTCGGGACATT,0,12137
TSS_1414_storz_regulondb,0.0625,15,15,ACCTGACGCGCGACATTAAC,0,18460
TSS_1414_storz_regulondb,0.0625,15,15,ACCGTAATATAGACCCTGGC,0,25096
TSS_1414_storz_regulondb,0.0625,15,15,ACCCTCCTTAGTGCTGAAAT,0,61749
TSS_1414_storz_regulondb,0.0625,15,15,ACCCCTCGGGATACCGCTAT,0,40007
TSS_1414_storz_regulondb,0.0625,15,15,ACCCCGCCTATGAGTCAACA,0,57938
TSS_1414_storz_regulondb,0.0625,15,15,ACCATGCTCTTCTCTTGTGG,0,30328
TSS_1414_storz_regulondb,0.0625,15,15,ACCAAAAAACCTCACGTTTG,0,5621
TSS_1414_storz_regulondb,0.0625,15,15,ACATTGTGCATGCGGCTATC,0,73253
TSS_1414_storz_regulondb,0.0625,15,15,ACATGGGGTTCCGTCGGGGT,0,65963
TSS_1414_storz_regulondb,0.0625,15,15,ACATGCATCCGTGATTTCCA,0,39428
TSS_1414_storz_regulondb,0.0625,15,15,ACATGCACATCTGCCTAGGA,0,22658
TSS_1414_storz_regulondb,0.0625,15,15,ACAGCACGGGTGGAACCGCT,0,48728
TSS_1414_storz_regulondb,0.0625,15,15,ACAGAAGTGTTACGAAGCAT,0,14287
TSS_1414_storz_regulondb,0.0625,15,15,ACACGTTGCGGCCGTTGGTT,0,26748
TSS_1414_storz_regulondb,0.0625,15,15,ACACCTTACATGGATCATGC,0,21707
TSS_1414_storz_regulondb,0.0625,15,15,ACACCGTAAAATATGAAGAA,0,41044
TSS_1414_storz_regulondb,0.0625,15,15,ACAAGCCCGGCAAAGGGGTC,0,43627
TSS_1414_storz_regulondb,0.0625,15,15,ACAACTCAATCTTATGGGAA,0,56066
TSS_1414_storz_regulondb,0.0625,15,15,AATTACCCTTCTCATTTTAA,0,73464
TSS_1414_storz_regulondb,0.0625,15,15,AATCTATCCCAGGCTTGGTC,0,38697
TSS_1414_storz_regulondb,0.0625,15,15,AATCGGTAGTGTTTTAAAAT,0,19486
TSS_1414_storz_regulondb,0.0625,15,15,AATCATCAGCAACCCATGCG,0,723
TSS_1414_storz_regulondb,0.0625,15,15,AATCAGTTCGAGACAGAATA,0,54014
TSS_1414_storz_regulondb,0.0625,15,15,AATCAGCTAACCTGGGGCAT,0,33384
TSS_1414_storz_regulondb,0.0625,15,15,AAGTTATCAGGTGTGGAGGG,0,45508
TSS_1414_storz_regulondb,0.0625,15,15,AAGTCCAGCAAAGGGGTCCG,0,38295
TSS_1414_storz_regulondb,0.0625,15,15,AAGGAAGGGACAGATTCGAA,0,17831
TSS_1414_storz_regulondb,0.0625,15,15,AAGCTGTGCGTTGGGGTCGT,0,74821
TSS_1414_storz_regulondb,0.0625,15,15,AAGCGTCGTGTGTCTCGCCA,0,19469
TSS_1414_storz_regulondb,0.0625,15,15,AAGCGCATCTTTGTAGAGTA,0,43449
TSS_1414_storz_regulondb,0.0625,15,15,AAGAGCCGGAGCTGCTCAAC,0,74211
TSS_1414_storz_regulondb,0.0625,15,15,AAGACCTGTATAAGCGTAAC,0,57111
TSS_1414_storz_regulondb,0.0625,15,15,AACTTCCTCCCTTTCTGCAT,0,45329
TSS_1414_storz_regulondb,0.0625,15,15,AACGGCGAAGAAAACTCTGT,0,48492
TSS_1414_storz_regulondb,0.0625,15,15,AACGGCACCCTATCAGAAAT,0,64725
TSS_1414_storz_regulondb,0.0625,15,15,AACGCTAGGACTTAATTCAT,0,75560
TSS_1414_storz_regulondb,0.0625,15,15,AACGCGATACACACGGTTCT,0,44565
TSS_1414_storz_regulondb,0.0625,15,15,AACCGGCCTTCACGTGTATG,0,30101
TSS_1414_storz_regulondb,0.0625,15,15,AACCCTTCCCGATCCGACTT,0,33664
TSS_1414_storz_regulondb,0.0625,15,15,AACAAGTGTTTATCTCTTTT,0,15581
TSS_1414_storz_regulondb,0.0625,15,15,AACAAACACCCAGCTGTCGT,0,63910
TSS_1414_storz_regulondb,0.0625,15,15,AAATATACTCCGTTCCGTTA,0,77191
TSS_1414_storz_regulondb,0.0625,15,15,AAATACCGCCCAGCGCACTA,0,9189
TSS_1414_storz_regulondb,0.0625,15,15,AAAGTTCCATTGGACTAATT,0,44027
TSS_1414_storz_regulondb,0.0625,15,15,AAAGGTTCTGGCAAGTTCAG,0,7152
TSS_1414_storz_regulondb,0.0625,15,15,AAACGTCCGCTCAACGATTA,0,7823
TSS_1414_storz_regulondb,0.0625,15,15,AAACAACGCCGAGTTCTAAG,0,17757
TSS_1414_storz_regulondb,0.0625,15,15,AAAAATTGTTGCGTACCACT,0,245
TSS_1414_storz_regulondb,0.06666666666666667,14,14,TTTGGGTGCAGCTCACTGTC,0,57269
TSS_1414_storz_regulondb,0.06666666666666667,14,14,TTTGGCATGGTGACGTTGCT,0,36197
TSS_1414_storz_regulondb,0.06666666666666667,14,14,TTTGCTCCCTGAGCTCACGG,0,44551
TSS_1414_storz_regulondb,0.06666666666666667,14,14,TTTGAGTATAGCTATGATCT,0,4809
TSS_1414_storz_regulondb,0.06666666666666667,14,14,TTTCTTCATTGAAGTAATGT,0,37921
TSS_1414_storz_regulondb,0.06666666666666667,14,14,TTTCGCGTATCGGGGTAACA,0,41977
TSS_1414_storz_regulondb,0.06666666666666667,14,14,TTTCCTCTTTGAGGGTAATT,0,32294
TSS_1414_storz_regulondb,0.06666666666666667,14,14,TTTCACAGGAAATGAGTATC,0,61529
TSS_1414_storz_regulondb,0.06666666666666667,14,14,TTGTTATTCGTACGCGACTC,0,69369
TSS_1414_storz_regulondb,0.06666666666666667,14,14,TTGTATAGATGAGACCCCCA,0,34541
TSS_1414_storz_regulondb,0.06666666666666667,14,14,TTGGGACGAGTCCTGAGCTG,0,40696
TSS_1414_storz_regulondb,0.06666666666666667,14,14,TTGCCGTACCCATACAAATA,0,49828
TSS_1414_storz_regulondb,0.06666666666666667,14,14,TTGCCGGCTAGTAAGCGGTA,0,10677
TSS_1414_storz_regulondb,0.06666666666666667,14,14,TTGAGTGAGACAACGTAGAC,0,31208
TSS_1414_storz_regulondb,0.06666666666666667,14,14,TTGACTGTTTTCAAAGCACA,0,12869
TSS_1414_storz_regulondb,0.06666666666666667,14,14,TTCTGCGCATACAGCCGAAT,0,2311
TSS_1414_storz_regulondb,0.06666666666666667,14,14,TTCTCGGCTCACGGGTTCGG,0,18788
TSS_1414_storz_regulondb,0.06666666666666667,14,14,TTCGTGATGGAAGAGCGTAA,0,31467
TSS_1414_storz_regulondb,0.06666666666666667,14,14,TTCGCTTCCTCCGCTCGTCT,0,69655
TSS_1414_storz_regulondb,0.06666666666666667,14,14,TTCGCCGTACCTTGTGCCAG,0,24510
TSS_1414_storz_regulondb,0.06666666666666667,14,14,TTCACATGGGAACTTGCCAT,0,42592
TSS_1414_storz_regulondb,0.06666666666666667,14,14,TTATTACGCCACACAAGTTT,0,29409
TSS_1414_storz_regulondb,0.06666666666666667,14,14,TTATGGCTTCGCTACGTGTA,0,33667
TSS_1414_storz_regulondb,0.06666666666666667,14,14,TTATGCTAACAGCTAGCGGA,0,58451
TSS_1414_storz_regulondb,0.06666666666666667,14,14,TTATCGTCTCAATGTCTTTG,0,8601
TSS_1414_storz_regulondb,0.06666666666666667,14,14,TTAGCTCAATTGGGAAGCCT,0,32319
TSS_1414_storz_regulondb,0.06666666666666667,14,14,TTAGCGAGCCCGAGAGAAAT,0,64065
TSS_1414_storz_regulondb,0.06666666666666667,14,14,TTACGTTAACGGCCATGGAC,0,41938
TSS_1414_storz_regulondb,0.06666666666666667,14,14,TTAATTGTGAACGTTCAGGT,0,4831
TSS_1414_storz_regulondb,0.06666666666666667,14,14,TTAACGCGGAGTCGCCAATT,0,1089
TSS_1414_storz_regulondb,0.06666666666666667,14,14,TGTGAGGTGGCGTACTCACC,0,73402
TSS_1414_storz_regulondb,0.06666666666666667,14,14,TGTGAGAAGGACAAGTGAAT,0,39360
TSS_1414_storz_regulondb,0.06666666666666667,14,14,TGTCGTGCATAGCGTAGGGT,0,74035
TSS_1414_storz_regulondb,0.06666666666666667,14,14,TGTCACAGTTACACTCCCAA,0,28299
TSS_1414_storz_regulondb,0.06666666666666667,14,14,TGTATTCTGCGGGCATTGTA,0,13531
TSS_1414_storz_regulondb,0.06666666666666667,14,14,TGTAGGACCGGGAATCGGGC,0,36187
TSS_1414_storz_regulondb,0.06666666666666667,14,14,TGTAAGCCGTAGCCTCCTAA,0,10452
TSS_1414_storz_regulondb,0.06666666666666667,14,14,TGGTCAGTTCCAGAGCGTGC,0,17351
TSS_1414_storz_regulondb,0.06666666666666667,14,14,TGGGTCACCAGGCGGAGCAA,0,26256
TSS_1414_storz_regulondb,0.06666666666666667,14,14,TGGGATCCCCATGTAAAACT,0,30138
TSS_1414_storz_regulondb,0.06666666666666667,14,14,TGGGAGCACGCCCGGTTGCT,0,71871
TSS_1414_storz_regulondb,0.06666666666666667,14,14,TGGCGATAGACTACCTATTG,0,24501
TSS_1414_storz_regulondb,0.06666666666666667,14,14,TGGCAATAACCTCTTATGGT,0,23805
TSS_1414_storz_regulondb,0.06666666666666667,14,14,TGGAGTTGGTCATTACGTAA,0,15335
TSS_1414_storz_regulondb,0.06666666666666667,14,14,TGGAGCAGCATAACTTGGGG,0,48613
TSS_1414_storz_regulondb,0.06666666666666667,14,14,TGGAAGCGGACGGAGCGGAT,0,61100
TSS_1414_storz_regulondb,0.06666666666666667,14,14,TGCTTTACTCTTCGAGGCCA,0,8118
TSS_1414_storz_regulondb,0.06666666666666667,14,14,TGCGTATCCGCTCATACAGG,0,47387
TSS_1414_storz_regulondb,0.06666666666666667,14,14,TGCGCCCAGCTACTTATGCA,0,32600
TSS_1414_storz_regulondb,0.06666666666666667,14,14,TGCCCAGCGGGCTGTGGGAA,0,43262
TSS_1414_storz_regulondb,0.06666666666666667,14,14,TGCCACTCTCCGTGCAGACC,0,21598
TSS_1414_storz_regulondb,0.06666666666666667,14,14,TGCAGATACTAGCTGTGGCA,0,16254
TSS_1414_storz_regulondb,0.06666666666666667,14,14,TGAGGAATTCCTTAGCCTTG,0,42523
TSS_1414_storz_regulondb,0.06666666666666667,14,14,TGAATTACCACACTATGCGC,0,16847
TSS_1414_storz_regulondb,0.06666666666666667,14,14,TGAAGACCGAGAAGGCACAA,0,75904
TSS_1414_storz_regulondb,0.06666666666666667,14,14,TCTTGTGACGAAACGGATGT,0,18719
TSS_1414_storz_regulondb,0.06666666666666667,14,14,TCTCCCGAATCCCGAAACCT,0,21317
TSS_1414_storz_regulondb,0.06666666666666667,14,14,TCTATTGGAGTCTGGACTAA,0,68485
TSS_1414_storz_regulondb,0.06666666666666667,14,14,TCTATGCGGACCCACTAAAT,0,30198
TSS_1414_storz_regulondb,0.06666666666666667,14,14,TCTAGACTCGACACATGGGG,0,19477
TSS_1414_storz_regulondb,0.06666666666666667,14,14,TCGTGAAGCGTCTGTCAGTC,0,28390
TSS_1414_storz_regulondb,0.06666666666666667,14,14,TCGGGAGACTTCAAAGGCTG,0,41922
TSS_1414_storz_regulondb,0.06666666666666667,14,14,TCGACCTAGGGCTCCCTTAC,0,23058
TSS_1414_storz_regulondb,0.06666666666666667,14,14,TCGAATGCTCTCGAGATCGC,0,29728
TSS_1414_storz_regulondb,0.06666666666666667,14,14,TCCTTTGGCGTGCTATCTAT,0,52333
TSS_1414_storz_regulondb,0.06666666666666667,14,14,TCCGTGATCGAAGTATAAGC,0,3299
TSS_1414_storz_regulondb,0.06666666666666667,14,14,TCCGGGTCTGCAGCAGGGGG,0,11444
TSS_1414_storz_regulondb,0.06666666666666667,14,14,TCCCTTTCCTTTAGTTCATT,0,73939
TSS_1414_storz_regulondb,0.06666666666666667,14,14,TCCCGACCAGCGCCTTGGAA,0,10606
TSS_1414_storz_regulondb,0.06666666666666667,14,14,TCCCAGCTAATATCGAGTCA,0,7414
TSS_1414_storz_regulondb,0.06666666666666667,14,14,TCCATCATGTGGGTATGGCG,0,62031
TSS_1414_storz_regulondb,0.06666666666666667,14,14,TCCAGGTGGAGGTCAACTCT,0,38705
TSS_1414_storz_regulondb,0.06666666666666667,14,14,TCCAACCTATTCGGTCAAAT,0,36091
TSS_1414_storz_regulondb,0.06666666666666667,14,14,TCATTGGGATAGAGCTTTGA,0,27585
TSS_1414_storz_regulondb,0.06666666666666667,14,14,TCATGGGACACACCTTCCGT,0,65195
TSS_1414_storz_regulondb,0.06666666666666667,14,14,TCATAAGGCCGTGCAAGAAT,0,20285
TSS_1414_storz_regulondb,0.06666666666666667,14,14,TCAGGGTGTATCCGCCAAAC,0,24566
TSS_1414_storz_regulondb,0.06666666666666667,14,14,TCACCTGGCGGGGAACGTTA,0,53534
TSS_1414_storz_regulondb,0.06666666666666667,14,14,TCACCGAACTGCCAAATTTC,0,51777
TSS_1414_storz_regulondb,0.06666666666666667,14,14,TCACCACGAGGCGGACAGGA,0,4987
TSS_1414_storz_regulondb,0.06666666666666667,14,14,TCAAGTTCTCATAAGGTCTA,0,48724
TSS_1414_storz_regulondb,0.06666666666666667,14,14,TCAAGTGGGGTTGTACCTTA,0,63644
TSS_1414_storz_regulondb,0.06666666666666667,14,14,TATTGACCGCGGTGGTAGAT,0,65750
TSS_1414_storz_regulondb,0.06666666666666667,14,14,TATGTGAACGATTGTGTTTC,0,25387
TSS_1414_storz_regulondb,0.06666666666666667,14,14,TATGTCGGTTCACAGATCCT,0,46311
TSS_1414_storz_regulondb,0.06666666666666667,14,14,TATGGCCCGCTACTGTAGGA,0,30097
TSS_1414_storz_regulondb,0.06666666666666667,14,14,TATGAACTCGGCCAACAGCG,0,70084
TSS_1414_storz_regulondb,0.06666666666666667,14,14,TATCTCGATTATTGGGCCAA,0,44871
TSS_1414_storz_regulondb,0.06666666666666667,14,14,TATCCCGAGATAGAAGCATG,0,76468
TSS_1414_storz_regulondb,0.06666666666666667,14,14,TATATAACTTTAGAAATGTT,0,11630
TSS_1414_storz_regulondb,0.06666666666666667,14,14,TATAATGGATGTAACAGGCT,0,48339
TSS_1414_storz_regulondb,0.06666666666666667,14,14,TAGGTTCTGCGGGGGTCGTG,0,44654
TSS_1414_storz_regulondb,0.06666666666666667,14,14,TAGGTGGTTTGCTACTGGCG,0,4567
TSS_1414_storz_regulondb,0.06666666666666667,14,14,TAGGGATACGTTGGCCACTC,0,2385
TSS_1414_storz_regulondb,0.06666666666666667,14,14,TAGGCGGCAGGGAGAAAAAG,0,22238
TSS_1414_storz_regulondb,0.06666666666666667,14,14,TAGCGCTATTGCCGCTGGCA,0,68269
TSS_1414_storz_regulondb,0.06666666666666667,14,14,TAGCGACCCAGAAGGCATAT,0,64698
TSS_1414_storz_regulondb,0.06666666666666667,14,14,TAGCCCGCGGGATGGGCGAA,0,2382
TSS_1414_storz_regulondb,0.06666666666666667,14,14,TAGCATGCTTTGCTGTTAGA,0,28259
TSS_1414_storz_regulondb,0.06666666666666667,14,14,TAGAGTCATTGAACCTCCGC,0,56257
TSS_1414_storz_regulondb,0.06666666666666667,14,14,TACTTTCAAATATGCTGGGT,0,27356
TSS_1414_storz_regulondb,0.06666666666666667,14,14,TACTTAAATAAGTTCATCTC,0,64961
TSS_1414_storz_regulondb,0.06666666666666667,14,14,TACTACCGACGCTCATTAAG,0,52314
TSS_1414_storz_regulondb,0.06666666666666667,14,14,TACGGTGCCCGATGATGTGC,0,45042
TSS_1414_storz_regulondb,0.06666666666666667,14,14,TACCCGCTCTGCATATAAGC,0,76575
TSS_1414_storz_regulondb,0.06666666666666667,14,14,TAATGCGCAGTTCCTAACGG,0,69517
TSS_1414_storz_regulondb,0.06666666666666667,14,14,TAATGCGATCGATTCACGCG,0,338
TSS_1414_storz_regulondb,0.06666666666666667,14,14,TAATAGATAGCATACGCTAG,0,37263
TSS_1414_storz_regulondb,0.06666666666666667,14,14,TAAGTATTCCCACCTACACT,0,27149
TSS_1414_storz_regulondb,0.06666666666666667,14,14,TAAGCATCAGTACAGCTTCC,0,572
TSS_1414_storz_regulondb,0.06666666666666667,14,14,TAAGAGATTCGACATGGTGA,0,71861
TSS_1414_storz_regulondb,0.06666666666666667,14,14,TAACGTGGAGGATGTTGAGC,0,3815
TSS_1414_storz_regulondb,0.06666666666666667,14,14,TAAAGTTGCCAAAAAGTTCG,0,62648
TSS_1414_storz_regulondb,0.06666666666666667,14,14,TAAAGCGCATTTTGCGCCAT,0,28712
TSS_1414_storz_regulondb,0.06666666666666667,14,14,GTTTTTTGACGCTCGAGGTG,0,59897
TSS_1414_storz_regulondb,0.06666666666666667,14,14,GTTTTATGTATTCGGTGGCA,0,54297
TSS_1414_storz_regulondb,0.06666666666666667,14,14,GTTTGTGGCTAACGGGCATA,0,45776
TSS_1414_storz_regulondb,0.06666666666666667,14,14,GTTTGGCAGCTTTTAGTGGG,0,51269
TSS_1414_storz_regulondb,0.06666666666666667,14,14,GTTTCTCTCCCCCAATGCCC,0,1124
TSS_1414_storz_regulondb,0.06666666666666667,14,14,GTTTACACCCGCGAGCACTA,0,63493
TSS_1414_storz_regulondb,0.06666666666666667,14,14,GTTCTCCACACTCCCGTCTT,0,61435
TSS_1414_storz_regulondb,0.06666666666666667,14,14,GTTCGGCGGCGCCCAGATCC,0,77082
TSS_1414_storz_regulondb,0.06666666666666667,14,14,GTTAGGGACGAGTCGGTAAT,0,55259
TSS_1414_storz_regulondb,0.06666666666666667,14,14,GTTACGCGGTCTGTCTCCAT,0,20872
TSS_1414_storz_regulondb,0.06666666666666667,14,14,GTTAAACATGGCCATCCTGC,0,33260
TSS_1414_storz_regulondb,0.06666666666666667,14,14,GTGTCCACCTGCTAGCTCCT,0,36798
TSS_1414_storz_regulondb,0.06666666666666667,14,14,GTGTATGCGACTGGGGATGG,0,36868
TSS_1414_storz_regulondb,0.06666666666666667,14,14,GTGGTTTTACGTGGTTATTG,0,8753
TSS_1414_storz_regulondb,0.06666666666666667,14,14,GTGGTAGAAACGCCTCGAGT,0,13182
TSS_1414_storz_regulondb,0.06666666666666667,14,14,GTGGGGCCCGCTCGTGGATG,0,64255
TSS_1414_storz_regulondb,0.06666666666666667,14,14,GTGGGCACCCGCCACGGCTG,0,11779
TSS_1414_storz_regulondb,0.06666666666666667,14,14,GTGGCGCGCCCAAGGTCGTC,0,51823
TSS_1414_storz_regulondb,0.06666666666666667,14,14,GTGGCGCCCGGCGATTACGT,0,63653
TSS_1414_storz_regulondb,0.06666666666666667,14,14,GTGCGCGTCGTTGCAATCAA,0,48057
TSS_1414_storz_regulondb,0.06666666666666667,14,14,GTGCGATGTCGATAATGCGT,0,59013
TSS_1414_storz_regulondb,0.06666666666666667,14,14,GTGCGAGTCTCTTCCGAGGG,0,77742
TSS_1414_storz_regulondb,0.06666666666666667,14,14,GTGCCTAACGCTATATAGGC,0,20904
TSS_1414_storz_regulondb,0.06666666666666667,14,14,GTGAGGGGGATCAACCGCAA,0,47136
TSS_1414_storz_regulondb,0.06666666666666667,14,14,GTGACTTATCGCAAAGAGTT,0,72977
TSS_1414_storz_regulondb,0.06666666666666667,14,14,GTGAAGTAGGGCATGAGTCC,0,10904
TSS_1414_storz_regulondb,0.06666666666666667,14,14,GTCTGGTCCGTTAAGTATGA,0,10566
TSS_1414_storz_regulondb,0.06666666666666667,14,14,GTCTGGCGCAAACGGTCTTG,0,77683
TSS_1414_storz_regulondb,0.06666666666666667,14,14,GTCGGGGCTAACGTCCCTCT,0,74015
TSS_1414_storz_regulondb,0.06666666666666667,14,14,GTCGCCAAACGGCATCACGA,0,73533
TSS_1414_storz_regulondb,0.06666666666666667,14,14,GTCCTAGGACGCACATCGGA,0,64609
TSS_1414_storz_regulondb,0.06666666666666667,14,14,GTCCGCCATAGCATTGATTA,0,3304
TSS_1414_storz_regulondb,0.06666666666666667,14,14,GTCATAATAGATAGCTGCGG,0,70522
TSS_1414_storz_regulondb,0.06666666666666667,14,14,GTCAGTGATGCCCGAGGGAT,0,23239
TSS_1414_storz_regulondb,0.06666666666666667,14,14,GTCAGATGAAATGCTTGCGA,0,28852
TSS_1414_storz_regulondb,0.06666666666666667,14,14,GTCACATGAGCATAGGTTGC,0,61526
TSS_1414_storz_regulondb,0.06666666666666667,14,14,GTCACATAGGCGAGCATGTA,0,21832
TSS_1414_storz_regulondb,0.06666666666666667,14,14,GTATTACATTCGGAGCGGAC,0,59043
TSS_1414_storz_regulondb,0.06666666666666667,14,14,GTATGGCAGGAGGCGGCTAC,0,30169
TSS_1414_storz_regulondb,0.06666666666666667,14,14,GTAGCGCTCGGCTACTACGG,0,60406
TSS_1414_storz_regulondb,0.06666666666666667,14,14,GTAGAGTTGCGAACGACAAT,0,77552
TSS_1414_storz_regulondb,0.06666666666666667,14,14,GTACATCGGCACGCAAAATT,0,72795
TSS_1414_storz_regulondb,0.06666666666666667,14,14,GTAATGAACCTAGACTGGAA,0,62650
TSS_1414_storz_regulondb,0.06666666666666667,14,14,GTAAGGTATCTATGGTACAT,0,1722
TSS_1414_storz_regulondb,0.06666666666666667,14,14,GTAACGCGAGCAAGCCGTGA,0,7822
TSS_1414_storz_regulondb,0.06666666666666667,14,14,GTAAATTAATACGTAGGCCT,0,73738
TSS_1414_storz_regulondb,0.06666666666666667,14,14,GGTTGATCGCCCGGTATTGC,0,24672
TSS_1414_storz_regulondb,0.06666666666666667,14,14,GGTCTAGGCCGTCTGATTGT,0,32829
TSS_1414_storz_regulondb,0.06666666666666667,14,14,GGTAAGATAAGCGGACATCT,0,50331
TSS_1414_storz_regulondb,0.06666666666666667,14,14,GGTAAAACGCCTCACGCAGC,0,23998
TSS_1414_storz_regulondb,0.06666666666666667,14,14,GGGTTTTGCAGCACGTCGGG,0,56085
TSS_1414_storz_regulondb,0.06666666666666667,14,14,GGGTTTATTAGGTTCATACA,0,14622
TSS_1414_storz_regulondb,0.06666666666666667,14,14,GGGTTGCGGAGTCCCGTGAC,0,22062
TSS_1414_storz_regulondb,0.06666666666666667,14,14,GGGTTAGTCGCTCAGTTAAA,0,79213
TSS_1414_storz_regulondb,0.06666666666666667,14,14,GGGTAATCCTAGGCAACGGG,0,10875
TSS_1414_storz_regulondb,0.06666666666666667,14,14,GGGGACTCACCAGACTGCGA,0,35158
TSS_1414_storz_regulondb,0.06666666666666667,14,14,GGGCTTTATTTCGTACTCAT,0,70138
TSS_1414_storz_regulondb,0.06666666666666667,14,14,GGGCTCGCTCGGCGTTGCTA,0,36907
TSS_1414_storz_regulondb,0.06666666666666667,14,14,GGGATGATATGGTCCCCGGC,0,37016
TSS_1414_storz_regulondb,0.06666666666666667,14,14,GGGAGCAGGCAACCACTCCA,0,79783
TSS_1414_storz_regulondb,0.06666666666666667,14,14,GGGACAAGCGGAGGTGGCAG,0,33516
TSS_1414_storz_regulondb,0.06666666666666667,14,14,GGCTGAGCGTATGCCAAGCT,0,64004
TSS_1414_storz_regulondb,0.06666666666666667,14,14,GGCGTTAATGGTAAGAGGAA,0,67591
TSS_1414_storz_regulondb,0.06666666666666667,14,14,GGCGTCCGTAAGGTCCCGCG,0,66571
TSS_1414_storz_regulondb,0.06666666666666667,14,14,GGCGGTCAGACGGGCTCCTT,0,60651
TSS_1414_storz_regulondb,0.06666666666666667,14,14,GGCGGAGTGGGTCCACAGTT,0,61677
TSS_1414_storz_regulondb,0.06666666666666667,14,14,GGCGCTTGAGTTAGTCCGCA,0,56285
TSS_1414_storz_regulondb,0.06666666666666667,14,14,GGCGCCTTCTTGTATGGTTT,0,50014
TSS_1414_storz_regulondb,0.06666666666666667,14,14,GGCCTTGTACCTCAACCGAC,0,16233
TSS_1414_storz_regulondb,0.06666666666666667,14,14,GGCCTCTTAAAGCAGTGCGA,0,46250
TSS_1414_storz_regulondb,0.06666666666666667,14,14,GGCCGCGAGGGGCTGCTCTA,0,54979
TSS_1414_storz_regulondb,0.06666666666666667,14,14,GGCCCAACAAGACTAGACAT,0,30932
TSS_1414_storz_regulondb,0.06666666666666667,14,14,GGCCAATGCGCGTTGGTGCA,0,26437
TSS_1414_storz_regulondb,0.06666666666666667,14,14,GGCATAGGGTGGAGCGATTA,0,52976
TSS_1414_storz_regulondb,0.06666666666666667,14,14,GGCAGTTCGACACGGAGGCC,0,17528
TSS_1414_storz_regulondb,0.06666666666666667,14,14,GGCAGTATTAACGTCGCAAT,0,79479
TSS_1414_storz_regulondb,0.06666666666666667,14,14,GGCAGCTATCCTGATAAACC,0,16008
TSS_1414_storz_regulondb,0.06666666666666667,14,14,GGCACATCTTCAATGTCAGC,0,46240
TSS_1414_storz_regulondb,0.06666666666666667,14,14,GGCAAGATTTATATGTCAGT,0,45040
TSS_1414_storz_regulondb,0.06666666666666667,14,14,GGCAAAGGATCGCCGTGATA,0,39792
TSS_1414_storz_regulondb,0.06666666666666667,14,14,GGATTGTCTGCACAAAGGAT,0,16081
TSS_1414_storz_regulondb,0.06666666666666667,14,14,GGATGTCACCCATACAGGGA,0,32562
TSS_1414_storz_regulondb,0.06666666666666667,14,14,GGATATGTACACACGGAACC,0,18435
TSS_1414_storz_regulondb,0.06666666666666667,14,14,GGAGGTGGCGGGGATGAGCC,0,64877
TSS_1414_storz_regulondb,0.06666666666666667,14,14,GGAGCTTCAGGCATTGTGAA,0,55175
TSS_1414_storz_regulondb,0.06666666666666667,14,14,GGAGCCGCTCGAGACTAAGC,0,20419
TSS_1414_storz_regulondb,0.06666666666666667,14,14,GGACTCTCAGCCTCGGCGTT,0,36321
TSS_1414_storz_regulondb,0.06666666666666667,14,14,GGACGCTGGGGCGCTATTGG,0,14577
TSS_1414_storz_regulondb,0.06666666666666667,14,14,GGACGCCTGCGTGGTCGTTA,0,44384
TSS_1414_storz_regulondb,0.06666666666666667,14,14,GGACATGTTTAGGCCCACGC,0,25933
TSS_1414_storz_regulondb,0.06666666666666667,14,14,GGAATTGTCGAGTACGCGTA,0,72478
TSS_1414_storz_regulondb,0.06666666666666667,14,14,GGAATGCTGCCTGATCGGTT,0,72446
TSS_1414_storz_regulondb,0.06666666666666667,14,14,GGAAGTGATGGTGGGATCCT,0,56642
TSS_1414_storz_regulondb,0.06666666666666667,14,14,GGAAGCCTCGGATGGTGATC,0,7417
TSS_1414_storz_regulondb,0.06666666666666667,14,14,GGAACAGCACATCCCTCGAA,0,39729
TSS_1414_storz_regulondb,0.06666666666666667,14,14,GCTTTAAGGATCGTATCCTT,0,9850
TSS_1414_storz_regulondb,0.06666666666666667,14,14,GCTTGCGTGTGCGGCGAGTT,0,68272
TSS_1414_storz_regulondb,0.06666666666666667,14,14,GCTGGACCAGGGGACTATCA,0,79517
TSS_1414_storz_regulondb,0.06666666666666667,14,14,GCGTTACTGGGATTCCAAGA,0,63588
TSS_1414_storz_regulondb,0.06666666666666667,14,14,GCGTGGAAGATCTATCCCTA,0,72301
TSS_1414_storz_regulondb,0.06666666666666667,14,14,GCGGCTGTAGTCACCAAGAC,0,23307
TSS_1414_storz_regulondb,0.06666666666666667,14,14,GCGGATAGCCCCATCACTAG,0,59260
TSS_1414_storz_regulondb,0.06666666666666667,14,14,GCGCCGTCAGAATGTCGGGA,0,71867
TSS_1414_storz_regulondb,0.06666666666666667,14,14,GCCTCTAAGTTGGGTGCGGT,0,7536
TSS_1414_storz_regulondb,0.06666666666666667,14,14,GCCGTCCCGGGAATTTCCGC,0,39461
TSS_1414_storz_regulondb,0.06666666666666667,14,14,GCCGACACACCACACTAGCT,0,52619
TSS_1414_storz_regulondb,0.06666666666666667,14,14,GCCATTGGAAATCACCTTGA,0,68985
TSS_1414_storz_regulondb,0.06666666666666667,14,14,GCCAGCCCGCAAGAGTGACA,0,65739
TSS_1414_storz_regulondb,0.06666666666666667,14,14,GCATCATGCGTCTCGTGAAC,0,46525
TSS_1414_storz_regulondb,0.06666666666666667,14,14,GCATACCTTCAGTTATCAGT,0,51538
TSS_1414_storz_regulondb,0.06666666666666667,14,14,GCAGGAGTGGCTGAAGTTGA,0,6492
TSS_1414_storz_regulondb,0.06666666666666667,14,14,GCAGCAGCTCCAAGATAGCC,0,16968
TSS_1414_storz_regulondb,0.06666666666666667,14,14,GCAGATGGCAGCTTTTGGAT,0,37706
TSS_1414_storz_regulondb,0.06666666666666667,14,14,GCACCCGGCAAAGGACCGGT,0,5503
TSS_1414_storz_regulondb,0.06666666666666667,14,14,GCACAGGTTGTTAGAGTAGG,0,74487
TSS_1414_storz_regulondb,0.06666666666666667,14,14,GCAATGGTCAACTGAAAGCA,0,47393
TSS_1414_storz_regulondb,0.06666666666666667,14,14,GATTACCCAATGTTCGTTCG,0,39021
TSS_1414_storz_regulondb,0.06666666666666667,14,14,GATGGGAGGCTCGATCGTTT,0,36124
TSS_1414_storz_regulondb,0.06666666666666667,14,14,GATGCTTGGACGAGCGTCGT,0,43646
TSS_1414_storz_regulondb,0.06666666666666667,14,14,GATCGACACCTGCTTTTTAA,0,65573
TSS_1414_storz_regulondb,0.06666666666666667,14,14,GATAGGAAAAGATTGGGGTT,0,54710
TSS_1414_storz_regulondb,0.06666666666666667,14,14,GATAAGGAGGCAGGGACGTA,0,39278
TSS_1414_storz_regulondb,0.06666666666666667,14,14,GAGTAATCGCGTACACGTGA,0,44607
TSS_1414_storz_regulondb,0.06666666666666667,14,14,GAGGTGCAGCGCGCAAAGAT,0,34109
TSS_1414_storz_regulondb,0.06666666666666667,14,14,GAGGGTGGCTTATCCATCAG,0,17593
TSS_1414_storz_regulondb,0.06666666666666667,14,14,GAGGGGAATGGCCTTATGAG,0,32320
TSS_1414_storz_regulondb,0.06666666666666667,14,14,GAGGCAGAGCCTTTAACATC,0,70267
TSS_1414_storz_regulondb,0.06666666666666667,14,14,GAGCTTCCCTGCTAACCTAT,0,20205
TSS_1414_storz_regulondb,0.06666666666666667,14,14,GAGATGACAGCTAGAGAAGT,0,12651
TSS_1414_storz_regulondb,0.06666666666666667,14,14,GAGAACCATTTTATTGAGTT,0,51439
TSS_1414_storz_regulondb,0.06666666666666667,14,14,GACTTTCCTCAAAATCGCGC,0,74264
TSS_1414_storz_regulondb,0.06666666666666667,14,14,GACTCCTTGAAAGTTCTGGG,0,30274
TSS_1414_storz_regulondb,0.06666666666666667,14,14,GACGACACATAAGTCGTGGT,0,73786
TSS_1414_storz_regulondb,0.06666666666666667,14,14,GACCAGAACACCATTTTCTG,0,45250
TSS_1414_storz_regulondb,0.06666666666666667,14,14,GACATGTTGTCGCCCATGAG,0,71391
TSS_1414_storz_regulondb,0.06666666666666667,14,14,GACATGAAGGGACCGCACAA,0,47400
TSS_1414_storz_regulondb,0.06666666666666667,14,14,GACAACTATATTCTGGATTA,0,29883
TSS_1414_storz_regulondb,0.06666666666666667,14,14,GAATTCCCTCTGATTAGGAC,0,8103
TSS_1414_storz_regulondb,0.06666666666666667,14,14,GAATCCCTCAGGGGTCCTGC,0,23863
TSS_1414_storz_regulondb,0.06666666666666667,14,14,GAATAGTGTGTGTGTGGTCA,0,8007
TSS_1414_storz_regulondb,0.06666666666666667,14,14,GAATAGGTCAAGCTAACTAC,0,1975
TSS_1414_storz_regulondb,0.06666666666666667,14,14,GAAGGCATCGTAGGAACGGG,0,16758
TSS_1414_storz_regulondb,0.06666666666666667,14,14,GAACCTCAATGATACGTCAG,0,65655
TSS_1414_storz_regulondb,0.06666666666666667,14,14,CTTTGGGCGGGACACTTGGA,0,68716
TSS_1414_storz_regulondb,0.06666666666666667,14,14,CTTTGAGGTCTAGGCCGAGT,0,64381
TSS_1414_storz_regulondb,0.06666666666666667,14,14,CTTTATCATCCTGATTTCTA,0,51280
TSS_1414_storz_regulondb,0.06666666666666667,14,14,CTTGTCAGTGAGCCCGTTGT,0,68077
TSS_1414_storz_regulondb,0.06666666666666667,14,14,CTTGCGGCACCTCGATATAT,0,62271
TSS_1414_storz_regulondb,0.06666666666666667,14,14,CTTGCCACCAGAATCATCCA,0,73795
TSS_1414_storz_regulondb,0.06666666666666667,14,14,CTTCCGATGCGGCCGCCGGG,0,1012
TSS_1414_storz_regulondb,0.06666666666666667,14,14,CTTATTCCGGTTTTTAACAT,0,24821
TSS_1414_storz_regulondb,0.06666666666666667,14,14,CTTAAGACACTGAGATATGA,0,70395
TSS_1414_storz_regulondb,0.06666666666666667,14,14,CTGTGCCAACGGGGTCCGGA,0,40818
TSS_1414_storz_regulondb,0.06666666666666667,14,14,CTGTCTCCCTGAATGCTATG,0,58090
TSS_1414_storz_regulondb,0.06666666666666667,14,14,CTGGGATAAGTCAGGACACG,0,53962
TSS_1414_storz_regulondb,0.06666666666666667,14,14,CTGGCGGCATTTTCTTTTCC,0,78741
TSS_1414_storz_regulondb,0.06666666666666667,14,14,CTGGCATCCCTAGAGGGTAT,0,18042
TSS_1414_storz_regulondb,0.06666666666666667,14,14,CTGCTACAAGGCCCAGCGCC,0,60366
TSS_1414_storz_regulondb,0.06666666666666667,14,14,CTGAGTCACTGGCAGTTATG,0,2516
TSS_1414_storz_regulondb,0.06666666666666667,14,14,CTGAGGGCGACGCGATTCGC,0,24068
TSS_1414_storz_regulondb,0.06666666666666667,14,14,CTGACCCGGGGCTCCGACCC,0,49852
TSS_1414_storz_regulondb,0.06666666666666667,14,14,CTCTTGTCGTAGTACATTTC,0,75932
TSS_1414_storz_regulondb,0.06666666666666667,14,14,CTCGTTGTTCGTAATCACAG,0,56352
TSS_1414_storz_regulondb,0.06666666666666667,14,14,CTCGGCGCTACACCTCGAAC,0,14478
TSS_1414_storz_regulondb,0.06666666666666667,14,14,CTCGCCGGCTCTACATGTGT,0,13670
TSS_1414_storz_regulondb,0.06666666666666667,14,14,CTCGACTCTGGATACTCAAC,0,52974
TSS_1414_storz_regulondb,0.06666666666666667,14,14,CTCCGGGCGGCGAGATGTAG,0,15610
TSS_1414_storz_regulondb,0.06666666666666667,14,14,CTCCATACCTCCCTCGACGA,0,63830
TSS_1414_storz_regulondb,0.06666666666666667,14,14,CTCCACACGTTCTACTGGCA,0,2356
TSS_1414_storz_regulondb,0.06666666666666667,14,14,CTCAGTCCGGGGTCGTGGGC,0,7174
TSS_1414_storz_regulondb,0.06666666666666667,14,14,CTCAGCGCAATACGTACAAC,0,65394
TSS_1414_storz_regulondb,0.06666666666666667,14,14,CTATGTCTTGACTGCTGTAC,0,3226
TSS_1414_storz_regulondb,0.06666666666666667,14,14,CTATCGCGATGATCTCAGAA,0,79959
TSS_1414_storz_regulondb,0.06666666666666667,14,14,CTAGGATATAACTTGTGGAG,0,22518
TSS_1414_storz_regulondb,0.06666666666666667,14,14,CTACTTCGCACCACTTCTGT,0,38537
TSS_1414_storz_regulondb,0.06666666666666667,14,14,CTACGACGGATTATCAGATA,0,1839
TSS_1414_storz_regulondb,0.06666666666666667,14,14,CTAAGATCCGTTTGTACCTC,0,12460
TSS_1414_storz_regulondb,0.06666666666666667,14,14,CTAACCGGCGGCCTCTTGAA,0,67016
TSS_1414_storz_regulondb,0.06666666666666667,14,14,CTAAAGCCTTCCCTGGTAAA,0,24617
TSS_1414_storz_regulondb,0.06666666666666667,14,14,CGTTTTGGTCACACTTCAGA,0,35175
TSS_1414_storz_regulondb,0.06666666666666667,14,14,CGTTTCGTTTCTGGAATGGG,0,22813
TSS_1414_storz_regulondb,0.06666666666666667,14,14,CGTTTCCTTAGCTTGGGAGA,0,30484
TSS_1414_storz_regulondb,0.06666666666666667,14,14,CGTTGTGCAGGGTACAGAAG,0,13812
TSS_1414_storz_regulondb,0.06666666666666667,14,14,CGTTCGCAGGAGACGGACAA,0,16824
TSS_1414_storz_regulondb,0.06666666666666667,14,14,CGTTAACGCGCCCCCGGTCA,0,63175
TSS_1414_storz_regulondb,0.06666666666666667,14,14,CGTGCGGGTTCATGCGAATG,0,36819
TSS_1414_storz_regulondb,0.06666666666666667,14,14,CGTGCAATCCCGATGCGTAA,0,70092
TSS_1414_storz_regulondb,0.06666666666666667,14,14,CGTGATGTAAATCTATTCGG,0,44795
TSS_1414_storz_regulondb,0.06666666666666667,14,14,CGTCTATAAAGGTTAGGCGC,0,55317
TSS_1414_storz_regulondb,0.06666666666666667,14,14,CGTCGTCGGGTTACAGCTCG,0,71334
TSS_1414_storz_regulondb,0.06666666666666667,14,14,CGTATATACTAAGACGTCCA,0,43669
TSS_1414_storz_regulondb,0.06666666666666667,14,14,CGGTGTACCGTTCGGTACAC,0,60593
TSS_1414_storz_regulondb,0.06666666666666667,14,14,CGGGACTTCTGATACACCGG,0,38830
TSS_1414_storz_regulondb,0.06666666666666667,14,14,CGGCGATGCATAAATCCGTT,0,49826
TSS_1414_storz_regulondb,0.06666666666666667,14,14,CGGCGACTGGCTGTGCCCTG,0,68829
TSS_1414_storz_regulondb,0.06666666666666667,14,14,CGGCCAACCTAAGCGGCACT,0,15279
TSS_1414_storz_regulondb,0.06666666666666667,14,14,CGGATCTTGATTAACGGAGA,0,72610
TSS_1414_storz_regulondb,0.06666666666666667,14,14,CGCTTATGCGCGAAAGCGGA,0,35719
TSS_1414_storz_regulondb,0.06666666666666667,14,14,CGCTGCCGGTACAAGGGAGA,0,54864
TSS_1414_storz_regulondb,0.06666666666666667,14,14,CGCTATCCTCGAGCTGTCTT,0,22940
TSS_1414_storz_regulondb,0.06666666666666667,14,14,CGCGGTTTTATCACGTCCTG,0,760
TSS_1414_storz_regulondb,0.06666666666666667,14,14,CGCGCCATGCGATTCAGATC,0,7497
TSS_1414_storz_regulondb,0.06666666666666667,14,14,CGCCATGTTTTATCCTGGAA,0,30977
TSS_1414_storz_regulondb,0.06666666666666667,14,14,CGCCAGATCATGTCGGTTGG,0,43892
TSS_1414_storz_regulondb,0.06666666666666667,14,14,CGCCACTAAGACATAGAAGA,0,41110
TSS_1414_storz_regulondb,0.06666666666666667,14,14,CGCAGTAGCCTTTAGGCACT,0,70291
TSS_1414_storz_regulondb,0.06666666666666667,14,14,CGCAATATGACGGAGGTCTA,0,37283
TSS_1414_storz_regulondb,0.06666666666666667,14,14,CGATTGGGTTAATGGGGATA,0,30030
TSS_1414_storz_regulondb,0.06666666666666667,14,14,CGATTGCTAGGTACGAAGTG,0,18857
TSS_1414_storz_regulondb,0.06666666666666667,14,14,CGAGAGAGTCTGGCAATTCG,0,41273
TSS_1414_storz_regulondb,0.06666666666666667,14,14,CGACTCTTCGATCTTTGCTT,0,51508
TSS_1414_storz_regulondb,0.06666666666666667,14,14,CGACGGCGGCTTTAGAGGCT,0,8071
TSS_1414_storz_regulondb,0.06666666666666667,14,14,CGACGCTACGCGGGTGCATT,0,7247
TSS_1414_storz_regulondb,0.06666666666666667,14,14,CGAAGTGAGCCACTCCTAGT,0,44656
TSS_1414_storz_regulondb,0.06666666666666667,14,14,CGAACAGCACAGCACATTAG,0,21289
TSS_1414_storz_regulondb,0.06666666666666667,14,14,CGAAAATACGAGTATTAGAA,0,68881
TSS_1414_storz_regulondb,0.06666666666666667,14,14,CCTTCTCCGAAGCGGTGAGG,0,8761
TSS_1414_storz_regulondb,0.06666666666666667,14,14,CCTTCGAAGATATAATGTGC,0,18963
TSS_1414_storz_regulondb,0.06666666666666667,14,14,CCTGGACGAGGGCTCAATAA,0,81057
TSS_1414_storz_regulondb,0.06666666666666667,14,14,CCTGAGCCGCTCTGCCCAGT,0,57411
TSS_1414_storz_regulondb,0.06666666666666667,14,14,CCTCTCTCTGTACCTCAGTT,0,65172
TSS_1414_storz_regulondb,0.06666666666666667,14,14,CCTCCTGGACCTAGTGCGGC,0,11237
TSS_1414_storz_regulondb,0.06666666666666667,14,14,CCTCAAGAAAAGCAGGTCTC,0,27733
TSS_1414_storz_regulondb,0.06666666666666667,14,14,CCTAGAGGGAACCTCGGGTT,0,28854
TSS_1414_storz_regulondb,0.06666666666666667,14,14,CCGTCTAAGTACAGGAACAA,0,28687
TSS_1414_storz_regulondb,0.06666666666666667,14,14,CCGTCAGCCGGTTTAGAGTG,0,32334
TSS_1414_storz_regulondb,0.06666666666666667,14,14,CCGTATAGCCACCGGAAGAC,0,58454
TSS_1414_storz_regulondb,0.06666666666666667,14,14,CCGGGCGGTCCTGGCGTTCC,0,67611
TSS_1414_storz_regulondb,0.06666666666666667,14,14,CCGCCTATAGCTCACCCAGA,0,4434
TSS_1414_storz_regulondb,0.06666666666666667,14,14,CCGCAATAGGTCCTACAGCA,0,30802
TSS_1414_storz_regulondb,0.06666666666666667,14,14,CCGATAAAGACTGATGCCGT,0,73594
TSS_1414_storz_regulondb,0.06666666666666667,14,14,CCGAACGTGGAGGTTATTCA,0,53713
TSS_1414_storz_regulondb,0.06666666666666667,14,14,CCCTTTCCTGCGTTAGCCAT,0,41958
TSS_1414_storz_regulondb,0.06666666666666667,14,14,CCCTCACTGTGCAAGAACTC,0,72747
TSS_1414_storz_regulondb,0.06666666666666667,14,14,CCCGTCCTGACGGTAGGCCA,0,37624
TSS_1414_storz_regulondb,0.06666666666666667,14,14,CCCGTCCCCATATGGGAATT,0,28460
TSS_1414_storz_regulondb,0.06666666666666667,14,14,CCCGGCCGATGAGGCATTAA,0,25417
TSS_1414_storz_regulondb,0.06666666666666667,14,14,CCCGCTGCTTACTCAGTCTC,0,58790
TSS_1414_storz_regulondb,0.06666666666666667,14,14,CCCAAGCAAAGGTACTACGT,0,21179
TSS_1414_storz_regulondb,0.06666666666666667,14,14,CCACTTAGGCGCAGACTCGA,0,79350
TSS_1414_storz_regulondb,0.06666666666666667,14,14,CCACTGAGAAAATAGTTACT,0,32401
TSS_1414_storz_regulondb,0.06666666666666667,14,14,CCACGAGGTCGCATACCCTT,0,13763
TSS_1414_storz_regulondb,0.06666666666666667,14,14,CCAACTACATAGTATCACGC,0,54651
TSS_1414_storz_regulondb,0.06666666666666667,14,14,CATTTTAGTCGATATAGCAA,0,71164
TSS_1414_storz_regulondb,0.06666666666666667,14,14,CATTGCGAGCGTCGGCGGGT,0,8110
TSS_1414_storz_regulondb,0.06666666666666667,14,14,CATTATTCTGGCCCATAGGG,0,53353
TSS_1414_storz_regulondb,0.06666666666666667,14,14,CATTAGTCGCGCATTACCGC,0,66425
TSS_1414_storz_regulondb,0.06666666666666667,14,14,CATGCCGCCGTCGTCGCACG,0,31509
TSS_1414_storz_regulondb,0.06666666666666667,14,14,CAGTGTCCTAGGCCTTTATA,0,42877
TSS_1414_storz_regulondb,0.06666666666666667,14,14,CAGTACGGGGATGAGACCAA,0,45103
TSS_1414_storz_regulondb,0.06666666666666667,14,14,CAGTACGGAGCCGAGAAACA,0,58723
TSS_1414_storz_regulondb,0.06666666666666667,14,14,CAGGTGCTTAGAGGGTATCG,0,78742
TSS_1414_storz_regulondb,0.06666666666666667,14,14,CAGGTCGTTGCAAAGTGCTC,0,5757
TSS_1414_storz_regulondb,0.06666666666666667,14,14,CAGGGGGAGTCTAGGTACAA,0,8284
TSS_1414_storz_regulondb,0.06666666666666667,14,14,CAGGCTTAATGCCGCACGGA,0,45517
TSS_1414_storz_regulondb,0.06666666666666667,14,14,CAGGAGTAGGCTTGACTGCC,0,20181
TSS_1414_storz_regulondb,0.06666666666666667,14,14,CAGGAATAATTTCGAATATT,0,28917
TSS_1414_storz_regulondb,0.06666666666666667,14,14,CAGCTGTCCTATCGACGTCT,0,15053
TSS_1414_storz_regulondb,0.06666666666666667,14,14,CAGCCACACCTGACCGAAAT,0,46531
TSS_1414_storz_regulondb,0.06666666666666667,14,14,CAGCATCGGTCCGGTCTCTC,0,68063
TSS_1414_storz_regulondb,0.06666666666666667,14,14,CAGCATAAGGTCAGTTCTAC,0,25250
TSS_1414_storz_regulondb,0.06666666666666667,14,14,CAGATAAGGTTTTAGGTAGA,0,60915
TSS_1414_storz_regulondb,0.06666666666666667,14,14,CAGAGTGTCACCATCAACTC,0,5734
TSS_1414_storz_regulondb,0.06666666666666667,14,14,CACTGTCTGGAGCGATCAGG,0,26991
TSS_1414_storz_regulondb,0.06666666666666667,14,14,CACTCGGATCACGGGGGGGT,0,15933
TSS_1414_storz_regulondb,0.06666666666666667,14,14,CACCACCGCGGTACCACAGA,0,61457
TSS_1414_storz_regulondb,0.06666666666666667,14,14,CACAATTGGAGTACGGCCAC,0,19303
TSS_1414_storz_regulondb,0.06666666666666667,14,14,CAATCGCGGTTTGTTATCCC,0,47234
TSS_1414_storz_regulondb,0.06666666666666667,14,14,CAAGGCGGCGCCTGGAACAA,0,16752
TSS_1414_storz_regulondb,0.06666666666666667,14,14,CAAGCCGAGCATCATTTAAC,0,78777
TSS_1414_storz_regulondb,0.06666666666666667,14,14,CAACGACAGAGCAAGGGATC,0,42416
TSS_1414_storz_regulondb,0.06666666666666667,14,14,CAACCGCCCTAACGAGCAAA,0,34908
TSS_1414_storz_regulondb,0.06666666666666667,14,14,CAAATCAGACGAAGGGTATG,0,74798
TSS_1414_storz_regulondb,0.06666666666666667,14,14,CAAAGTAAAAGGTAATTCAA,0,70051
TSS_1414_storz_regulondb,0.06666666666666667,14,14,ATTTGGTGTTCTTGGATCGT,0,19295
TSS_1414_storz_regulondb,0.06666666666666667,14,14,ATTTCCTAGTCACAAGGGTC,0,79400
TSS_1414_storz_regulondb,0.06666666666666667,14,14,ATTGAGTACCCATGTACAAA,0,33589
TSS_1414_storz_regulondb,0.06666666666666667,14,14,ATTCTCTTGCATCCGCGACC,0,37065
TSS_1414_storz_regulondb,0.06666666666666667,14,14,ATTCAATGCGGTCAATCAGA,0,41818
TSS_1414_storz_regulondb,0.06666666666666667,14,14,ATTATATTGTTAACAGGATT,0,51171
TSS_1414_storz_regulondb,0.06666666666666667,14,14,ATTACAGAGTCAGCCACCGG,0,32139
TSS_1414_storz_regulondb,0.06666666666666667,14,14,ATTAAGAAGCGAGATATTCA,0,29121
TSS_1414_storz_regulondb,0.06666666666666667,14,14,ATTAACTGACGCGCACATGG,0,36634
TSS_1414_storz_regulondb,0.06666666666666667,14,14,ATGTGGAAATTGGTGTGATG,0,70815
TSS_1414_storz_regulondb,0.06666666666666667,14,14,ATGGTTGACATAGCAGGCTT,0,52181
TSS_1414_storz_regulondb,0.06666666666666667,14,14,ATGGTTATCCGGCACATTGC,0,48054
TSS_1414_storz_regulondb,0.06666666666666667,14,14,ATGGTATTGAGCAGGTTTAA,0,16006
TSS_1414_storz_regulondb,0.06666666666666667,14,14,ATGGCGGAAACCAAACCAGG,0,6670
TSS_1414_storz_regulondb,0.06666666666666667,14,14,ATGCTTAGCCATTAATTGTC,0,52674
TSS_1414_storz_regulondb,0.06666666666666667,14,14,ATGCGGTGCCGGAGTACGTA,0,50113
TSS_1414_storz_regulondb,0.06666666666666667,14,14,ATGAACTCAAGCTTATGCCC,0,73706
TSS_1414_storz_regulondb,0.06666666666666667,14,14,ATGAAACGCTGCTCTGCATC,0,15182
TSS_1414_storz_regulondb,0.06666666666666667,14,14,ATCTTGGTGGATCGATCTCT,0,23052
TSS_1414_storz_regulondb,0.06666666666666667,14,14,ATCCTATACTATTTGTTCAT,0,23666
TSS_1414_storz_regulondb,0.06666666666666667,14,14,ATCATAACCAGATGAGTGTC,0,42268
TSS_1414_storz_regulondb,0.06666666666666667,14,14,ATCAGCAACTTCCTTATTGA,0,64106
TSS_1414_storz_regulondb,0.06666666666666667,14,14,ATCACGGACGCAACTCCGCG,0,52415
TSS_1414_storz_regulondb,0.06666666666666667,14,14,ATATGATCCGTACGTTGCAG,0,66308
TSS_1414_storz_regulondb,0.06666666666666667,14,14,ATAGGGTCTAGGGAATACAT,0,13980
TSS_1414_storz_regulondb,0.06666666666666667,14,14,ATAGCGTATGGTAATATATA,0,61007
TSS_1414_storz_regulondb,0.06666666666666667,14,14,ATAGCACGCTACGGATTCGA,0,21662
TSS_1414_storz_regulondb,0.06666666666666667,14,14,ATAGAGCCTACTTGGTTTGG,0,788
TSS_1414_storz_regulondb,0.06666666666666667,14,14,ATAGACGGTGGCATTACCAA,0,12172
TSS_1414_storz_regulondb,0.06666666666666667,14,14,ATACTCAGCGTAAGATTCTT,0,68306
TSS_1414_storz_regulondb,0.06666666666666667,14,14,ATACGGACCATATGCGTGGA,0,71165
TSS_1414_storz_regulondb,0.06666666666666667,14,14,ATAAGGGGTCGAATTAAGCA,0,72407
TSS_1414_storz_regulondb,0.06666666666666667,14,14,ATAAGCGTTGTAGGTGTGCA,0,19837
TSS_1414_storz_regulondb,0.06666666666666667,14,14,AGTTCCGGTACTGGAAGTGC,0,51979
TSS_1414_storz_regulondb,0.06666666666666667,14,14,AGTTAAGTCATGCTGTATAA,0,50625
TSS_1414_storz_regulondb,0.06666666666666667,14,14,AGTGGTTTGGCGGTTGGGGT,0,50227
TSS_1414_storz_regulondb,0.06666666666666667,14,14,AGTGCGTCAACATTGCCAAG,0,48926
TSS_1414_storz_regulondb,0.06666666666666667,14,14,AGTCCCTCGTGGCGTTTTTC,0,16059
TSS_1414_storz_regulondb,0.06666666666666667,14,14,AGTCATTCATAGGCAGTAAT,0,13377
TSS_1414_storz_regulondb,0.06666666666666667,14,14,AGTCAGAGAAAGTGATAATA,0,7566
TSS_1414_storz_regulondb,0.06666666666666667,14,14,AGTAGGGCTCGTGGGCGAAG,0,72044
TSS_1414_storz_regulondb,0.06666666666666667,14,14,AGTAGCAGTCTGAAACGAGT,0,16969
TSS_1414_storz_regulondb,0.06666666666666667,14,14,AGTACCTCTTTTTTTGTCAG,0,28490
TSS_1414_storz_regulondb,0.06666666666666667,14,14,AGGTTAAAACCTCACCGGGC,0,37531
TSS_1414_storz_regulondb,0.06666666666666667,14,14,AGGTGTGCGATAGACTATAT,0,11785
TSS_1414_storz_regulondb,0.06666666666666667,14,14,AGGTGAGTCTCGGAAGGAGG,0,10797
TSS_1414_storz_regulondb,0.06666666666666667,14,14,AGGGGTCGGTAGACGGCCCT,0,44651
TSS_1414_storz_regulondb,0.06666666666666667,14,14,AGGGGGAATCAAGTAACTTA,0,5
TSS_1414_storz_regulondb,0.06666666666666667,14,14,AGGGGAACCAATAAATCTGA,0,48004
TSS_1414_storz_regulondb,0.06666666666666667,14,14,AGGCGGACCCCGGTCACAAG,0,33222
TSS_1414_storz_regulondb,0.06666666666666667,14,14,AGGCGCCATAAGACATCCTA,0,79180
TSS_1414_storz_regulondb,0.06666666666666667,14,14,AGGATTGGGGCAAAACGAAT,0,31900
TSS_1414_storz_regulondb,0.06666666666666667,14,14,AGGAGATGTTTTGTCTCCAT,0,79330
TSS_1414_storz_regulondb,0.06666666666666667,14,14,AGGAATCCAAGTAAACAAAT,0,2905
TSS_1414_storz_regulondb,0.06666666666666667,14,14,AGCTTTCACCGTAAGGTACA,0,23974
TSS_1414_storz_regulondb,0.06666666666666667,14,14,AGCTTGGCGGAAGGTCTCCT,0,77045
TSS_1414_storz_regulondb,0.06666666666666667,14,14,AGCTTGGAGCTCTCCTGCAT,0,10597
TSS_1414_storz_regulondb,0.06666666666666667,14,14,AGCTCTTGTTTAGGTCTCAT,0,78360
TSS_1414_storz_regulondb,0.06666666666666667,14,14,AGCGACAGTATGGTTGACTA,0,37258
TSS_1414_storz_regulondb,0.06666666666666667,14,14,AGCCTTCGTCAGGTTATGGA,0,6200
TSS_1414_storz_regulondb,0.06666666666666667,14,14,AGCCTCCTGTTGTGCACGAA,0,11384
TSS_1414_storz_regulondb,0.06666666666666667,14,14,AGCCCGTTGGACGTGCAGGA,0,38665
TSS_1414_storz_regulondb,0.06666666666666667,14,14,AGCCCGTTCAGTTCATTTCA,0,75146
TSS_1414_storz_regulondb,0.06666666666666667,14,14,AGCCCGGAACGACGAACCAG,0,54102
TSS_1414_storz_regulondb,0.06666666666666667,14,14,AGCCAATAGTGGCGCGGCTG,0,80269
TSS_1414_storz_regulondb,0.06666666666666667,14,14,AGCATCTACATCGACGTCAC,0,73938
TSS_1414_storz_regulondb,0.06666666666666667,14,14,AGCAGGTAGCGTTCATGTGC,0,29726
TSS_1414_storz_regulondb,0.06666666666666667,14,14,AGATTTGGAATGACTTTGTT,0,43894
TSS_1414_storz_regulondb,0.06666666666666667,14,14,AGATTTGATACGTCTGCTGG,0,38418
TSS_1414_storz_regulondb,0.06666666666666667,14,14,AGATGTCAAGCGCGTCTGTG,0,16167
TSS_1414_storz_regulondb,0.06666666666666667,14,14,AGATGCGCTAAAGTTTCCGG,0,26934
TSS_1414_storz_regulondb,0.06666666666666667,14,14,AGAGTGTCCTAAAACTCGAC,0,66636
TSS_1414_storz_regulondb,0.06666666666666667,14,14,AGAGCCCTCCATTCCCTTTA,0,13899
TSS_1414_storz_regulondb,0.06666666666666667,14,14,AGACGGTCGCTCCTCACGGA,0,5292
TSS_1414_storz_regulondb,0.06666666666666667,14,14,AGACCTACTAGGATGTGCGG,0,72750
TSS_1414_storz_regulondb,0.06666666666666667,14,14,AGAAAGCCGTAACCTTTGTT,0,41411
TSS_1414_storz_regulondb,0.06666666666666667,14,14,AGAAACGTCAAACTTTACAT,0,46385
TSS_1414_storz_regulondb,0.06666666666666667,14,14,ACTTTCCACTCCGTACCACA,0,79332
TSS_1414_storz_regulondb,0.06666666666666667,14,14,ACTTGTATTGTAATGCGATC,0,51211
TSS_1414_storz_regulondb,0.06666666666666667,14,14,ACTTCATTAAGTCGCCAGGC,0,35778
TSS_1414_storz_regulondb,0.06666666666666667,14,14,ACTTCACTATACTTTCTACT,0,47029
TSS_1414_storz_regulondb,0.06666666666666667,14,14,ACTTAAGTGACTCCGGTAGA,0,37419
TSS_1414_storz_regulondb,0.06666666666666667,14,14,ACTTAAAGAATACCTGTCTC,0,67320
TSS_1414_storz_regulondb,0.06666666666666667,14,14,ACTCTTGAAGAGCGCTCTGA,0,52077
TSS_1414_storz_regulondb,0.06666666666666667,14,14,ACTCTACAGCGTCCTGAGTC,0,1795
TSS_1414_storz_regulondb,0.06666666666666667,14,14,ACGTGTATGGGGGCAACCCT,0,15116
TSS_1414_storz_regulondb,0.06666666666666667,14,14,ACGTGGATTATGGTGTCATT,0,44579
TSS_1414_storz_regulondb,0.06666666666666667,14,14,ACGTGAAGCGAAACCACGTT,0,45963
TSS_1414_storz_regulondb,0.06666666666666667,14,14,ACGTCTGCCCGTCAACAGAA,0,5188
TSS_1414_storz_regulondb,0.06666666666666667,14,14,ACGTCCATCCTCCTGTGAAT,0,11144
TSS_1414_storz_regulondb,0.06666666666666667,14,14,ACGTAGATGAGTCCTACCAT,0,48606
TSS_1414_storz_regulondb,0.06666666666666667,14,14,ACGTAGAGTATTCCTTCCGA,0,77831
TSS_1414_storz_regulondb,0.06666666666666667,14,14,ACGCGCACGGTAGGACCCAT,0,4594
TSS_1414_storz_regulondb,0.06666666666666667,14,14,ACGCATCACTCTTTGGATAT,0,53852
TSS_1414_storz_regulondb,0.06666666666666667,14,14,ACCTGTGGGGTTCTTCACAA,0,80299
TSS_1414_storz_regulondb,0.06666666666666667,14,14,ACCTGGAGCGATAAGAATGA,0,6975
TSS_1414_storz_regulondb,0.06666666666666667,14,14,ACCTACTTAGGTATCTTCTA,0,63325
TSS_1414_storz_regulondb,0.06666666666666667,14,14,ACCGTAAAAGGGACCATCCA,0,22526
TSS_1414_storz_regulondb,0.06666666666666667,14,14,ACCGATTGAGTACTGGCATC,0,32688
TSS_1414_storz_regulondb,0.06666666666666667,14,14,ACCGATGGGGCGTATACCCC,0,35923
TSS_1414_storz_regulondb,0.06666666666666667,14,14,ACCGAGTATGTCCAAGGGGT,0,45355
TSS_1414_storz_regulondb,0.06666666666666667,14,14,ACCCTGGTTGCGCACCAAGG,0,62760
TSS_1414_storz_regulondb,0.06666666666666667,14,14,ACCCTCCGAATGGGTTCTGG,0,72410
TSS_1414_storz_regulondb,0.06666666666666667,14,14,ACCCTATGACAGCCCTATGG,0,36469
TSS_1414_storz_regulondb,0.06666666666666667,14,14,ACCCCTAGAGATCCGAGACG,0,70634
TSS_1414_storz_regulondb,0.06666666666666667,14,14,ACCATCCCATCGTTCGACGA,0,27052
TSS_1414_storz_regulondb,0.06666666666666667,14,14,ACATTGAGTACTTCTGTAAC,0,9901
TSS_1414_storz_regulondb,0.06666666666666667,14,14,ACATATGCATTCACAGTGGA,0,1020
TSS_1414_storz_regulondb,0.06666666666666667,14,14,ACACGGCAACGGGTTACGCG,0,42357
TSS_1414_storz_regulondb,0.06666666666666667,14,14,ACAATGTGGTGGGGCTCAGA,0,65399
TSS_1414_storz_regulondb,0.06666666666666667,14,14,ACAAGACGTTACTGTGGCGG,0,4532
TSS_1414_storz_regulondb,0.06666666666666667,14,14,ACAAACGTAAAATGACGATG,0,79815
TSS_1414_storz_regulondb,0.06666666666666667,14,14,AATTGGGCGTTCGATAAGAG,0,72415
TSS_1414_storz_regulondb,0.06666666666666667,14,14,AATTGAACCGCCTCTTTGTG,0,38594
TSS_1414_storz_regulondb,0.06666666666666667,14,14,AATTCGGTGTTACGATATGG,0,66053
TSS_1414_storz_regulondb,0.06666666666666667,14,14,AATGCATCAGCCCCATTCAC,0,38234
TSS_1414_storz_regulondb,0.06666666666666667,14,14,AATGATTGTGAAAGGGTCCG,0,36195
TSS_1414_storz_regulondb,0.06666666666666667,14,14,AATCATAGCTATGATCGGCG,0,14199
TSS_1414_storz_regulondb,0.06666666666666667,14,14,AATATATACCGGTAGTGTAG,0,24680
TSS_1414_storz_regulondb,0.06666666666666667,14,14,AATACTTACGCTCGTCCTTT,0,64887
TSS_1414_storz_regulondb,0.06666666666666667,14,14,AATAATACGGGCATCGATGT,0,7554
TSS_1414_storz_regulondb,0.06666666666666667,14,14,AAGTCAAGATGATGTGAGGC,0,39049
TSS_1414_storz_regulondb,0.06666666666666667,14,14,AAGTCAAAGTATCGCCCCTC,0,30797
TSS_1414_storz_regulondb,0.06666666666666667,14,14,AAGGAGGGAGAGGGTCAGTG,0,48062
TSS_1414_storz_regulondb,0.06666666666666667,14,14,AAGATGTCACGCACGCGATA,0,29161
TSS_1414_storz_regulondb,0.06666666666666667,14,14,AAGAGTTTGCAATTCCACTG,0,24773
TSS_1414_storz_regulondb,0.06666666666666667,14,14,AACTCACTTTCCCGTAGTGA,0,31503
TSS_1414_storz_regulondb,0.06666666666666667,14,14,AACGTTCCTCGGAGAATGGC,0,63838
TSS_1414_storz_regulondb,0.06666666666666667,14,14,AACGCAATGAACAGAATCAA,0,37340
TSS_1414_storz_regulondb,0.06666666666666667,14,14,AACGACCTCTCTACGCGTTT,0,76383
TSS_1414_storz_regulondb,0.06666666666666667,14,14,AACCGGCATAATAAGGCAAC,0,47571
TSS_1414_storz_regulondb,0.06666666666666667,14,14,AACACGATTCTTCTAAGTAA,0,24441
TSS_1414_storz_regulondb,0.06666666666666667,14,14,AAATGTAAGGACCTACAGTC,0,56635
TSS_1414_storz_regulondb,0.06666666666666667,14,14,AAAGGTCTGTACTCGCTCCC,0,25619
TSS_1414_storz_regulondb,0.06666666666666667,14,14,AAAGGTCACAACACAAGCAG,0,56390
TSS_1414_storz_regulondb,0.06666666666666667,14,14,AAAATTATGCCAGGCTGTGT,0,24889
TSS_1414_storz_regulondb,0.06666666666666667,14,14,AAAATGACCTCCGTCGCGAA,0,63538
TSS_1414_storz_regulondb,0.06666666666666667,14,14,AAAATATCATAGGATTACTA,0,23669
TSS_1414_storz_regulondb,0.06666666666666667,14,14,AAAAGGATTCCCAGCTTCTG,0,60001
TSS_1414_storz_regulondb,0.07142857142857142,13,13,TTTTGCATTCATTTCGCACA,0,28812
TSS_1414_storz_regulondb,0.07142857142857142,13,13,TTTGCGTAAAGCGTGTTGTG,0,63229
TSS_1414_storz_regulondb,0.07142857142857142,13,13,TTTGCACGCTTTTCGTGATA,0,12112
TSS_1414_storz_regulondb,0.07142857142857142,13,13,TTTCCTAGGCGCTATTATGA,0,41791
TSS_1414_storz_regulondb,0.07142857142857142,13,13,TTTCCCAGGGCCTTTTGGTG,0,24851
TSS_1414_storz_regulondb,0.07142857142857142,13,13,TTTATCTTGTTACTGGAAGA,0,19976
TSS_1414_storz_regulondb,0.07142857142857142,13,13,TTTATCCTCGTATCAGAGGG,0,62404
TSS_1414_storz_regulondb,0.07142857142857142,13,13,TTTATAATAAACAATGTGCA,0,36479
TSS_1414_storz_regulondb,0.07142857142857142,13,13,TTTAGACCACGCTCTGTCAC,0,18549
TSS_1414_storz_regulondb,0.07142857142857142,13,13,TTTACTTGTAGTTCAACTTT,0,36426
TSS_1414_storz_regulondb,0.07142857142857142,13,13,TTGTTTGGACCCGTGGGGGG,0,21728
TSS_1414_storz_regulondb,0.07142857142857142,13,13,TTGTTATGATGCCCTTACAC,0,59466
TSS_1414_storz_regulondb,0.07142857142857142,13,13,TTGTGTAAGTGGTAAGACCC,0,40510
TSS_1414_storz_regulondb,0.07142857142857142,13,13,TTGTGAAAAGTGCAGCTATA,0,78700
TSS_1414_storz_regulondb,0.07142857142857142,13,13,TTGTCTTTCACAAACCACGG,0,9658
TSS_1414_storz_regulondb,0.07142857142857142,13,13,TTGTATCACGGTAGACCACT,0,45468
TSS_1414_storz_regulondb,0.07142857142857142,13,13,TTGGGGCTGGATTGAGACGC,0,60102
TSS_1414_storz_regulondb,0.07142857142857142,13,13,TTGGATCGACGTGGTCTCAT,0,13036
TSS_1414_storz_regulondb,0.07142857142857142,13,13,TTGGAGCCCAGGTGCTGCGC,0,74944
TSS_1414_storz_regulondb,0.07142857142857142,13,13,TTGCAATTAATTTTACAAGT,0,67888
TSS_1414_storz_regulondb,0.07142857142857142,13,13,TTGACACACGCGCAGGTGAT,0,76952
TSS_1414_storz_regulondb,0.07142857142857142,13,13,TTCTTGGAGATCCGGTAGCA,0,61815
TSS_1414_storz_regulondb,0.07142857142857142,13,13,TTCTTCTACAAAAACTCGCA,0,16844
TSS_1414_storz_regulondb,0.07142857142857142,13,13,TTCTGCGATTTTTGTGGAGT,0,45810
TSS_1414_storz_regulondb,0.07142857142857142,13,13,TTCGCTTTCAGTCAACGTAG,0,58236
TSS_1414_storz_regulondb,0.07142857142857142,13,13,TTCGCATACGAACGTCGGTT,0,48744
TSS_1414_storz_regulondb,0.07142857142857142,13,13,TTCGAGAGCCAGCTACAGGT,0,55592
TSS_1414_storz_regulondb,0.07142857142857142,13,13,TTCGAAGTCCTCGGGCTGTC,0,19290
TSS_1414_storz_regulondb,0.07142857142857142,13,13,TTCAACGATAATGGCAGCGT,0,48714
TSS_1414_storz_regulondb,0.07142857142857142,13,13,TTATTAGGCTCAATTCCGAT,0,16072
TSS_1414_storz_regulondb,0.07142857142857142,13,13,TTATGGGTCACACATTAAGG,0,19179
TSS_1414_storz_regulondb,0.07142857142857142,13,13,TTATACGGTTAAATTTCTGA,0,44610
TSS_1414_storz_regulondb,0.07142857142857142,13,13,TTAGACGGGCTATAGGTCTA,0,33876
TSS_1414_storz_regulondb,0.07142857142857142,13,13,TTACGCCTACGAAGCACTTG,0,77316
TSS_1414_storz_regulondb,0.07142857142857142,13,13,TTAACGGCAACCAACAACAT,0,44162
TSS_1414_storz_regulondb,0.07142857142857142,13,13,TTAACCGTTGACTGTAGTGC,0,47128
TSS_1414_storz_regulondb,0.07142857142857142,13,13,TTAAAAATTATCATGAGCGT,0,53899
TSS_1414_storz_regulondb,0.07142857142857142,13,13,TGTTCTGCGTCTCAAGGATT,0,74720
TSS_1414_storz_regulondb,0.07142857142857142,13,13,TGTTATCCCAGGGATTCCTC,0,38978
TSS_1414_storz_regulondb,0.07142857142857142,13,13,TGTTATAAACTATTCTGTGA,0,79116
TSS_1414_storz_regulondb,0.07142857142857142,13,13,TGTCTATCTATATCAAGAAT,0,64809
TSS_1414_storz_regulondb,0.07142857142857142,13,13,TGTCACGATTAAAGCATCTT,0,3926
TSS_1414_storz_regulondb,0.07142857142857142,13,13,TGTATGCCTAAATTGGTGAC,0,59406
TSS_1414_storz_regulondb,0.07142857142857142,13,13,TGGTAGCGTCGGGTCGCATT,0,204
TSS_1414_storz_regulondb,0.07142857142857142,13,13,TGGGTATACATAGTAAAGGT,0,61320
TSS_1414_storz_regulondb,0.07142857142857142,13,13,TGGGGCGGGATCCGAAGAGA,0,67534
TSS_1414_storz_regulondb,0.07142857142857142,13,13,TGGGCAGACCTCACGAGGGC,0,62264
TSS_1414_storz_regulondb,0.07142857142857142,13,13,TGGGACGGTTCGTAAGCCTA,0,69651
TSS_1414_storz_regulondb,0.07142857142857142,13,13,TGGGACCGTCGGACTTTTGA,0,64720
TSS_1414_storz_regulondb,0.07142857142857142,13,13,TGGAGACTGCACCATAGTAA,0,17716
TSS_1414_storz_regulondb,0.07142857142857142,13,13,TGCTTATCGGCATCGGTTAT,0,36371
TSS_1414_storz_regulondb,0.07142857142857142,13,13,TGCTCGCCTGTTCAGGTAAT,0,52204
TSS_1414_storz_regulondb,0.07142857142857142,13,13,TGCTAGGGGATGGTCATAAG,0,59899
TSS_1414_storz_regulondb,0.07142857142857142,13,13,TGCGGGATCCAGACCGTCCA,0,66575
TSS_1414_storz_regulondb,0.07142857142857142,13,13,TGCGACCTCGTAAAGAAACT,0,17308
TSS_1414_storz_regulondb,0.07142857142857142,13,13,TGCATCGAGTACACTTCTCA,0,13521
TSS_1414_storz_regulondb,0.07142857142857142,13,13,TGATGGCCTGACAGCGGCAG,0,26808
TSS_1414_storz_regulondb,0.07142857142857142,13,13,TGATGAAGCTTCTAACGTTG,0,19568
TSS_1414_storz_regulondb,0.07142857142857142,13,13,TGATAATTGGCCGCTACGGA,0,64279
TSS_1414_storz_regulondb,0.07142857142857142,13,13,TGAGTGTATCTCTCTGCCTG,0,260
TSS_1414_storz_regulondb,0.07142857142857142,13,13,TGAGTCGTGCTGGGTGGCAT,0,51352
TSS_1414_storz_regulondb,0.07142857142857142,13,13,TGAGTCATGATGGAATGCCT,0,35623
TSS_1414_storz_regulondb,0.07142857142857142,13,13,TGAGGCCTTAGCGCCTAAAA,0,42242
TSS_1414_storz_regulondb,0.07142857142857142,13,13,TGAGCGAAACTTAACTTTTC,0,35948
TSS_1414_storz_regulondb,0.07142857142857142,13,13,TGACCCGGTCCAGTTGGTGG,0,4266
TSS_1414_storz_regulondb,0.07142857142857142,13,13,TGACCCGAGTACCTACTGGC,0,70897
TSS_1414_storz_regulondb,0.07142857142857142,13,13,TGAACAGGTAAGTCTTTGTT,0,13257
TSS_1414_storz_regulondb,0.07142857142857142,13,13,TGAAACCACCAGTTGACGGG,0,73612
TSS_1414_storz_regulondb,0.07142857142857142,13,13,TCTTTGAGAAGCTAAGTTAG,0,34618
TSS_1414_storz_regulondb,0.07142857142857142,13,13,TCTTCGGAGAATTTAAAGCT,0,26245
TSS_1414_storz_regulondb,0.07142857142857142,13,13,TCTCTGTATTGCCAAATTGA,0,29367
TSS_1414_storz_regulondb,0.07142857142857142,13,13,TCTCCGAACAAAAGGTTAGG,0,22831
TSS_1414_storz_regulondb,0.07142857142857142,13,13,TCTACTGTCGCACAGCGTGC,0,62294
TSS_1414_storz_regulondb,0.07142857142857142,13,13,TCTACCTAGCTAGATCTTTA,0,7226
TSS_1414_storz_regulondb,0.07142857142857142,13,13,TCTACCGAATGGTTTTTTGT,0,80326
TSS_1414_storz_regulondb,0.07142857142857142,13,13,TCTAATATGAAAGTTGGTAC,0,14145
TSS_1414_storz_regulondb,0.07142857142857142,13,13,TCGTGTGACATGAAGTAAAC,0,76469
TSS_1414_storz_regulondb,0.07142857142857142,13,13,TCGTCGATGCGAGGGTTAAT,0,11569
TSS_1414_storz_regulondb,0.07142857142857142,13,13,TCGTAGTGGTCTTCCGGAGA,0,20997
TSS_1414_storz_regulondb,0.07142857142857142,13,13,TCGGGCAGCTGACACCGTCG,0,23480
TSS_1414_storz_regulondb,0.07142857142857142,13,13,TCGGCCCGAAACAGTACCAA,0,79650
TSS_1414_storz_regulondb,0.07142857142857142,13,13,TCGCGTACACTTGTCGGAGG,0,29823
TSS_1414_storz_regulondb,0.07142857142857142,13,13,TCGCGGTCATTCGACGCAAC,0,75219
TSS_1414_storz_regulondb,0.07142857142857142,13,13,TCGCGCCCGTTGAGGTGTTA,0,70763
TSS_1414_storz_regulondb,0.07142857142857142,13,13,TCGCATTGTGCAAGGCCCAT,0,34015
TSS_1414_storz_regulondb,0.07142857142857142,13,13,TCGCATGTCTATAATAGCGC,0,13108
TSS_1414_storz_regulondb,0.07142857142857142,13,13,TCGCATCTAGCACTTCCTGG,0,776
TSS_1414_storz_regulondb,0.07142857142857142,13,13,TCGACTTTATGATAGTTCGG,0,47993
TSS_1414_storz_regulondb,0.07142857142857142,13,13,TCGACTCTCAGAGGTACTTT,0,11575
TSS_1414_storz_regulondb,0.07142857142857142,13,13,TCGAAGCTAGGATTGAGTAA,0,41238
TSS_1414_storz_regulondb,0.07142857142857142,13,13,TCGAAATGCATGCTAATGGT,0,61543
TSS_1414_storz_regulondb,0.07142857142857142,13,13,TCCTTGAGGGAAGTACTATT,0,10338
TSS_1414_storz_regulondb,0.07142857142857142,13,13,TCCTCAAGTGTATGTTGTAA,0,23481
TSS_1414_storz_regulondb,0.07142857142857142,13,13,TCCCTGGGAATTTGTTGTCA,0,28047
TSS_1414_storz_regulondb,0.07142857142857142,13,13,TCCCTAGAACCATAGTGTAG,0,2794
TSS_1414_storz_regulondb,0.07142857142857142,13,13,TCCCCAGGGCCCTAGCGACT,0,21645
TSS_1414_storz_regulondb,0.07142857142857142,13,13,TCCCCAAAGCAATAACCCGA,0,70725
TSS_1414_storz_regulondb,0.07142857142857142,13,13,TCATGGAAATGGACACTTCT,0,68668
TSS_1414_storz_regulondb,0.07142857142857142,13,13,TCATAGCCCCCGCCCCGAGA,0,25240
TSS_1414_storz_regulondb,0.07142857142857142,13,13,TCAGACCGTTTAACTCAGGA,0,16517
TSS_1414_storz_regulondb,0.07142857142857142,13,13,TCACTGTGCGTAATTACTAA,0,1786
TSS_1414_storz_regulondb,0.07142857142857142,13,13,TCAATCCCCGCCCGCGATTG,0,48234
TSS_1414_storz_regulondb,0.07142857142857142,13,13,TCAAAGAGGTTATCCCGCTC,0,35499
TSS_1414_storz_regulondb,0.07142857142857142,13,13,TATTACACCAAACCCTCGCG,0,7850
TSS_1414_storz_regulondb,0.07142857142857142,13,13,TATTAATAGTCCTTCATGAC,0,44029
TSS_1414_storz_regulondb,0.07142857142857142,13,13,TATGGACACATAAATCACAA,0,70436
TSS_1414_storz_regulondb,0.07142857142857142,13,13,TATGCTAATCGAACTTCCAA,0,15396
TSS_1414_storz_regulondb,0.07142857142857142,13,13,TATCGAAGACTTCGCGGTTA,0,947
TSS_1414_storz_regulondb,0.07142857142857142,13,13,TATCACGGGGGAAAAAGTAC,0,81053
TSS_1414_storz_regulondb,0.07142857142857142,13,13,TATAGTTAATACGCGCAGCG,0,24102
TSS_1414_storz_regulondb,0.07142857142857142,13,13,TATAGCGGGCGATCACGTCA,0,79280
TSS_1414_storz_regulondb,0.07142857142857142,13,13,TATACCATACTTGATCCCCA,0,32414
TSS_1414_storz_regulondb,0.07142857142857142,13,13,TAGTGACCACCTAAAGACGG,0,9899
TSS_1414_storz_regulondb,0.07142857142857142,13,13,TAGGCACACACTCTGTGGGT,0,41947
TSS_1414_storz_regulondb,0.07142857142857142,13,13,TAGCTGGGAATATCAAATGT,0,46044
TSS_1414_storz_regulondb,0.07142857142857142,13,13,TAGCAGCCCTAAGCTCCAAG,0,80271
TSS_1414_storz_regulondb,0.07142857142857142,13,13,TAGATCACGAGCTACATTGC,0,4535
TSS_1414_storz_regulondb,0.07142857142857142,13,13,TAGACTCGCAGGCGACGGCA,0,26577
TSS_1414_storz_regulondb,0.07142857142857142,13,13,TACTACAGCCTCGCGGTTTA,0,32145
TSS_1414_storz_regulondb,0.07142857142857142,13,13,TACGTGCTCGAGGGCAACTT,0,58682
TSS_1414_storz_regulondb,0.07142857142857142,13,13,TACGGATTGTGCCTGCAGAT,0,31256
TSS_1414_storz_regulondb,0.07142857142857142,13,13,TACGGAGTGTTGGTGGCGCG,0,37976
TSS_1414_storz_regulondb,0.07142857142857142,13,13,TACGCGGACGTACCATGTAG,0,42024
TSS_1414_storz_regulondb,0.07142857142857142,13,13,TACAGACTACCGATCACATT,0,52495
TSS_1414_storz_regulondb,0.07142857142857142,13,13,TACACGTCTGGACCTATTCA,0,67293
TSS_1414_storz_regulondb,0.07142857142857142,13,13,TAAGCACAAGAAAAGGATTG,0,62392
TSS_1414_storz_regulondb,0.07142857142857142,13,13,TAACTTCGCCCCTCTATATC,0,29238
TSS_1414_storz_regulondb,0.07142857142857142,13,13,TAACGGCCCAATAGTGTTCA,0,72174
TSS_1414_storz_regulondb,0.07142857142857142,13,13,TAAACTGCAGGATCTGATGT,0,53542
TSS_1414_storz_regulondb,0.07142857142857142,13,13,TAAAATCCTAAGCTACGTAT,0,60250
TSS_1414_storz_regulondb,0.07142857142857142,13,13,GTTTTGGATTCAAGATTAAC,0,55398
TSS_1414_storz_regulondb,0.07142857142857142,13,13,GTTTGTAAGTCCGCGCTTTA,0,32246
TSS_1414_storz_regulondb,0.07142857142857142,13,13,GTTTGCGGGTGAGAATTGAG,0,16508
TSS_1414_storz_regulondb,0.07142857142857142,13,13,GTTTCACGACATCAAGTACA,0,41751
TSS_1414_storz_regulondb,0.07142857142857142,13,13,GTTTAGAGAGCAGCTCGTAG,0,73306
TSS_1414_storz_regulondb,0.07142857142857142,13,13,GTTGTTCATTGCTAATTAGT,0,24967
TSS_1414_storz_regulondb,0.07142857142857142,13,13,GTTGGTTGTAAGACCTGCGC,0,33872
TSS_1414_storz_regulondb,0.07142857142857142,13,13,GTTGCGAAGTGTCTCGTAAA,0,71777
TSS_1414_storz_regulondb,0.07142857142857142,13,13,GTTCTGTTGGGGTCCGACGC,0,46121
TSS_1414_storz_regulondb,0.07142857142857142,13,13,GTTCTCGTCGCCCAGAAAAC,0,69410
TSS_1414_storz_regulondb,0.07142857142857142,13,13,GTTCTAGTGGCCTACTTAGA,0,40299
TSS_1414_storz_regulondb,0.07142857142857142,13,13,GTTCGATGGGGGGTCTTGAA,0,63703
TSS_1414_storz_regulondb,0.07142857142857142,13,13,GTTCCGAAGATGGTGACCTA,0,67655
TSS_1414_storz_regulondb,0.07142857142857142,13,13,GTTCATTTCTAAAATCGTAT,0,48491
TSS_1414_storz_regulondb,0.07142857142857142,13,13,GTTATTCCGGTCAAGTACTC,0,52565
TSS_1414_storz_regulondb,0.07142857142857142,13,13,GTTAGTCGCCGCAAATAACG,0,73589
TSS_1414_storz_regulondb,0.07142857142857142,13,13,GTTAGTATACCGGGCAATTG,0,68973
TSS_1414_storz_regulondb,0.07142857142857142,13,13,GTTAGCTAGAACAGGTGAAA,0,13842
TSS_1414_storz_regulondb,0.07142857142857142,13,13,GTTACATTTCCGTCCATCTG,0,53665
TSS_1414_storz_regulondb,0.07142857142857142,13,13,GTGTGGGAGTGCGCGGTTTA,0,49689
TSS_1414_storz_regulondb,0.07142857142857142,13,13,GTGTCCTCCCCGAATCCTGC,0,2604
TSS_1414_storz_regulondb,0.07142857142857142,13,13,GTGTCCAAGCGGTTTTTGTG,0,66310
TSS_1414_storz_regulondb,0.07142857142857142,13,13,GTGTATGGCTGGCGCCCGGT,0,78772
TSS_1414_storz_regulondb,0.07142857142857142,13,13,GTGTAATTTGATGACTCCAC,0,36586
TSS_1414_storz_regulondb,0.07142857142857142,13,13,GTGGTGAATTGTGATGTGGT,0,43981
TSS_1414_storz_regulondb,0.07142857142857142,13,13,GTGGACGCAGTTTCAGCTCG,0,52937
TSS_1414_storz_regulondb,0.07142857142857142,13,13,GTGCTCTGGGGATCCCCTCC,0,77459
TSS_1414_storz_regulondb,0.07142857142857142,13,13,GTGCACCCAAACGGTATATA,0,60979
TSS_1414_storz_regulondb,0.07142857142857142,13,13,GTGCACACAATTTGCCCTTC,0,68995
TSS_1414_storz_regulondb,0.07142857142857142,13,13,GTGATCATACAGCAGAATGC,0,52562
TSS_1414_storz_regulondb,0.07142857142857142,13,13,GTCTCGAGCGCGTTCTATGT,0,10542
TSS_1414_storz_regulondb,0.07142857142857142,13,13,GTCTAGCTGTTGGATTAGAT,0,40314
TSS_1414_storz_regulondb,0.07142857142857142,13,13,GTCGCGGGGTAGTGTGGGTA,0,13473
TSS_1414_storz_regulondb,0.07142857142857142,13,13,GTCGAAGGCCTTCGAACCCT,0,53673
TSS_1414_storz_regulondb,0.07142857142857142,13,13,GTCCCATGACTGATTTATGA,0,77759
TSS_1414_storz_regulondb,0.07142857142857142,13,13,GTCATATCGCCGAGTCAGGG,0,52875
TSS_1414_storz_regulondb,0.07142857142857142,13,13,GTCAGGCAGGTCCTGAACTT,0,75407
TSS_1414_storz_regulondb,0.07142857142857142,13,13,GTCAGGACGAATAAGGCGAA,0,31589
TSS_1414_storz_regulondb,0.07142857142857142,13,13,GTATTGGCCCCGCGGTTTTG,0,73609
TSS_1414_storz_regulondb,0.07142857142857142,13,13,GTATGATGCGAGCTACGGCG,0,11303
TSS_1414_storz_regulondb,0.07142857142857142,13,13,GTATCGCATGAACGATGAAA,0,74476
TSS_1414_storz_regulondb,0.07142857142857142,13,13,GTAGGGGACATGGCCACTAG,0,80507
TSS_1414_storz_regulondb,0.07142857142857142,13,13,GTAATTGATTGCCTTGTATG,0,31532
TSS_1414_storz_regulondb,0.07142857142857142,13,13,GGTTCGCATGCATTTAGGGT,0,31321
TSS_1414_storz_regulondb,0.07142857142857142,13,13,GGTTAGTGGATTCGCACGGC,0,4315
TSS_1414_storz_regulondb,0.07142857142857142,13,13,GGTTAACTGACTGCAAAAAC,0,2945
TSS_1414_storz_regulondb,0.07142857142857142,13,13,GGTTAAACACGGCTACACGT,0,71579
TSS_1414_storz_regulondb,0.07142857142857142,13,13,GGTGTGTTACTTGTTTATAA,0,37427
TSS_1414_storz_regulondb,0.07142857142857142,13,13,GGTGTGTAATATAACGCTAG,0,27913
TSS_1414_storz_regulondb,0.07142857142857142,13,13,GGTGTGCAGATGGATATGGC,0,48000
TSS_1414_storz_regulondb,0.07142857142857142,13,13,GGTGCGTCTACCGGGCCGAC,0,54281
TSS_1414_storz_regulondb,0.07142857142857142,13,13,GGTGCCCCGATCACAGCTCC,0,66997
TSS_1414_storz_regulondb,0.07142857142857142,13,13,GGTGAGTTCGGGACCCGCTG,0,37986
TSS_1414_storz_regulondb,0.07142857142857142,13,13,GGTCGGATATCCAGATTGTT,0,15835
TSS_1414_storz_regulondb,0.07142857142857142,13,13,GGTATCCGCGGGTGCTGCTG,0,7826
TSS_1414_storz_regulondb,0.07142857142857142,13,13,GGTAGTACTCACAATGTTAG,0,73356
TSS_1414_storz_regulondb,0.07142857142857142,13,13,GGTAATAGGTCGATTTTAAC,0,44107
TSS_1414_storz_regulondb,0.07142857142857142,13,13,GGGTGTTGTTATTGTTGTAA,0,27858
TSS_1414_storz_regulondb,0.07142857142857142,13,13,GGGTCTTGTTTTGATCGTAG,0,45844
TSS_1414_storz_regulondb,0.07142857142857142,13,13,GGGTCCTGCTGTTATAACGG,0,65647
TSS_1414_storz_regulondb,0.07142857142857142,13,13,GGGGTTCAAGCACATCAAGA,0,26320
TSS_1414_storz_regulondb,0.07142857142857142,13,13,GGGGCTACTGGTGTATTTAC,0,75393
TSS_1414_storz_regulondb,0.07142857142857142,13,13,GGGGCAATAAGTCTTTAGAT,0,23829
TSS_1414_storz_regulondb,0.07142857142857142,13,13,GGGGAGTTCGGCAAGATAGA,0,5526
TSS_1414_storz_regulondb,0.07142857142857142,13,13,GGGGAGGTCTAAAAGAGGTA,0,72549
TSS_1414_storz_regulondb,0.07142857142857142,13,13,GGGATTGACATACATCGTTC,0,50119
TSS_1414_storz_regulondb,0.07142857142857142,13,13,GGGATGGAGGACCTGCGATG,0,57827
TSS_1414_storz_regulondb,0.07142857142857142,13,13,GGGATAATGGCACAGGATTC,0,62057
TSS_1414_storz_regulondb,0.07142857142857142,13,13,GGGACTGCCACTGTTAATTC,0,46528
TSS_1414_storz_regulondb,0.07142857142857142,13,13,GGGACCAGTGGAATTACGGC,0,40018
TSS_1414_storz_regulondb,0.07142857142857142,13,13,GGCTGGCCGAGTTTTAGCGC,0,72411
TSS_1414_storz_regulondb,0.07142857142857142,13,13,GGCTCAGCGGTCAGAATGCA,0,35741
TSS_1414_storz_regulondb,0.07142857142857142,13,13,GGCGTGCACCGAAGGTAGCG,0,72128
TSS_1414_storz_regulondb,0.07142857142857142,13,13,GGCGTCACCATCGATGGCGC,0,68491
TSS_1414_storz_regulondb,0.07142857142857142,13,13,GGCGGCGGTTCCGGAATAAT,0,50201
TSS_1414_storz_regulondb,0.07142857142857142,13,13,GGCGCTCTATCTGGAAAATA,0,51223
TSS_1414_storz_regulondb,0.07142857142857142,13,13,GGCGCCTCATCGGCTTGCGC,0,17840
TSS_1414_storz_regulondb,0.07142857142857142,13,13,GGCGATACTAATCGCGAGAA,0,9789
TSS_1414_storz_regulondb,0.07142857142857142,13,13,GGCCGGCAGCGATTCCTGCA,0,13096
TSS_1414_storz_regulondb,0.07142857142857142,13,13,GGCCGGAGCACAAGCTGGAT,0,80885
TSS_1414_storz_regulondb,0.07142857142857142,13,13,GGCCCCGTTGATTGCTCTCA,0,79192
TSS_1414_storz_regulondb,0.07142857142857142,13,13,GGCATGTTTGCAAGGTTACT,0,68281
TSS_1414_storz_regulondb,0.07142857142857142,13,13,GGATTGCGTGGTTGGTGATT,0,70834
TSS_1414_storz_regulondb,0.07142857142857142,13,13,GGAGAGGCTCAAGCTGGGTT,0,490
TSS_1414_storz_regulondb,0.07142857142857142,13,13,GGAGACGCGACGAACACGCT,0,36519
TSS_1414_storz_regulondb,0.07142857142857142,13,13,GGACTTCAAGGGCGGCGAAA,0,58566
TSS_1414_storz_regulondb,0.07142857142857142,13,13,GGACCACCCGGATCAGTTTA,0,54782
TSS_1414_storz_regulondb,0.07142857142857142,13,13,GGAATGGTCATAACTGAATC,0,75921
TSS_1414_storz_regulondb,0.07142857142857142,13,13,GGAAGGTGTGACCTTTCCAT,0,68670
TSS_1414_storz_regulondb,0.07142857142857142,13,13,GCTTCAGCGAGTCGGATGGC,0,32885
TSS_1414_storz_regulondb,0.07142857142857142,13,13,GCTTCAATTGAGGCTCGGGA,0,16354
TSS_1414_storz_regulondb,0.07142857142857142,13,13,GCTGCTCTAAGGTTTCGAGG,0,2216
TSS_1414_storz_regulondb,0.07142857142857142,13,13,GCTGCACGCGTGTAATGGGT,0,21170
TSS_1414_storz_regulondb,0.07142857142857142,13,13,GCTGAGTCTATCAGCTTGGA,0,36380
TSS_1414_storz_regulondb,0.07142857142857142,13,13,GCTGAATAATGGGAGTAGGC,0,14055
TSS_1414_storz_regulondb,0.07142857142857142,13,13,GCTATTGAATCGTTTTCTGA,0,22576
TSS_1414_storz_regulondb,0.07142857142857142,13,13,GCTATAAGAAGATCGGATCG,0,37989
TSS_1414_storz_regulondb,0.07142857142857142,13,13,GCTAGATGTAATTTGAACCG,0,62751
TSS_1414_storz_regulondb,0.07142857142857142,13,13,GCTAGAGCAGTTTGAAGTAT,0,36476
TSS_1414_storz_regulondb,0.07142857142857142,13,13,GCTAAATGATGCCGTAGCCG,0,27813
TSS_1414_storz_regulondb,0.07142857142857142,13,13,GCGTTGGTGCACGGTTAGGG,0,7611
TSS_1414_storz_regulondb,0.07142857142857142,13,13,GCGTTCGCTGAAGGCTCGTT,0,15858
TSS_1414_storz_regulondb,0.07142857142857142,13,13,GCGTATTATAGCGGGGATCC,0,53936
TSS_1414_storz_regulondb,0.07142857142857142,13,13,GCGTACGTTTGGCAAATTGT,0,30027
TSS_1414_storz_regulondb,0.07142857142857142,13,13,GCGGCTTGCCTGAGTTATGA,0,59570
TSS_1414_storz_regulondb,0.07142857142857142,13,13,GCGCGTGCGCGGTTTGTATG,0,15683
TSS_1414_storz_regulondb,0.07142857142857142,13,13,GCGCATACTAGCATACCGGT,0,4506
TSS_1414_storz_regulondb,0.07142857142857142,13,13,GCGCACCATTGAAAAGGCCA,0,53417
TSS_1414_storz_regulondb,0.07142857142857142,13,13,GCGCAACAGACGCAGAAGAG,0,19556
TSS_1414_storz_regulondb,0.07142857142857142,13,13,GCGAGGAGTAGAGGCGATTG,0,77309
TSS_1414_storz_regulondb,0.07142857142857142,13,13,GCGACTTAGTGGAGCGGGCA,0,60834
TSS_1414_storz_regulondb,0.07142857142857142,13,13,GCGAAATGCAGAGGATCGCT,0,17029
TSS_1414_storz_regulondb,0.07142857142857142,13,13,GCCTCTTAATTGAAGCTCTA,0,8834
TSS_1414_storz_regulondb,0.07142857142857142,13,13,GCCTCTCTAAGGCGAGACCA,0,2808
TSS_1414_storz_regulondb,0.07142857142857142,13,13,GCCTAACGAAGGAAAGGCGA,0,50319
TSS_1414_storz_regulondb,0.07142857142857142,13,13,GCCGTTTGCCACCATTCAGG,0,65266
TSS_1414_storz_regulondb,0.07142857142857142,13,13,GCCGTCCCACGAGCTATTTT,0,76291
TSS_1414_storz_regulondb,0.07142857142857142,13,13,GCCGGGTATTCGATCCCAGT,0,27360
TSS_1414_storz_regulondb,0.07142857142857142,13,13,GCCGCGTATCGCACGCTTCA,0,66007
TSS_1414_storz_regulondb,0.07142857142857142,13,13,GCCGATTATAGAATAGGCAA,0,68992
TSS_1414_storz_regulondb,0.07142857142857142,13,13,GCCCGCGGTAAATCGAAGGG,0,31174
TSS_1414_storz_regulondb,0.07142857142857142,13,13,GCAGGATCAACTATGCACCC,0,58130
TSS_1414_storz_regulondb,0.07142857142857142,13,13,GCAGCACAGGGTATGGGAAC,0,60156
TSS_1414_storz_regulondb,0.07142857142857142,13,13,GCACAAAGACCAACCCTCCC,0,25093
TSS_1414_storz_regulondb,0.07142857142857142,13,13,GCAAGGGAAACATCATCAAA,0,7179
TSS_1414_storz_regulondb,0.07142857142857142,13,13,GCAAGCACTCGGAGCAGTCA,0,32478
TSS_1414_storz_regulondb,0.07142857142857142,13,13,GCAACCGTTTCAGATATCAG,0,66473
TSS_1414_storz_regulondb,0.07142857142857142,13,13,GATTCCCTCAGGCATAGGAT,0,4057
TSS_1414_storz_regulondb,0.07142857142857142,13,13,GATTCACCGGTCGCCTAGGC,0,21586
TSS_1414_storz_regulondb,0.07142857142857142,13,13,GATGTTTTAGGGCAACGATT,0,49862
TSS_1414_storz_regulondb,0.07142857142857142,13,13,GATGCGACAGTTCACACACA,0,7672
TSS_1414_storz_regulondb,0.07142857142857142,13,13,GATGACGACGCAATTATCAT,0,8356
TSS_1414_storz_regulondb,0.07142857142857142,13,13,GATCCGGTGGTTCACGCCTA,0,57231
TSS_1414_storz_regulondb,0.07142857142857142,13,13,GATCACGAGCATAGAGCCAA,0,37565
TSS_1414_storz_regulondb,0.07142857142857142,13,13,GATCAAGGCAAGATCCTCGT,0,2909
TSS_1414_storz_regulondb,0.07142857142857142,13,13,GATATTAATGGACACCGGGG,0,15493
TSS_1414_storz_regulondb,0.07142857142857142,13,13,GATAGAGTTCCAAACGTACA,0,31831
TSS_1414_storz_regulondb,0.07142857142857142,13,13,GATAATTGGCAAGGAACCCA,0,26763
TSS_1414_storz_regulondb,0.07142857142857142,13,13,GAGTACCTAATGCCGCCATC,0,80532
TSS_1414_storz_regulondb,0.07142857142857142,13,13,GAGTAAGGAGGCAAACGTTA,0,48081
TSS_1414_storz_regulondb,0.07142857142857142,13,13,GAGGTACGGCTAGGTCCGTA,0,68069
TSS_1414_storz_regulondb,0.07142857142857142,13,13,GAGGAAAATAGTAGGAACTA,0,268
TSS_1414_storz_regulondb,0.07142857142857142,13,13,GAGCAGCCGCTATTTCCGTG,0,52310
TSS_1414_storz_regulondb,0.07142857142857142,13,13,GACTTTCTAGCGAAGTCAGG,0,70191
TSS_1414_storz_regulondb,0.07142857142857142,13,13,GACTTAATAGGGGTCCCTTA,0,37993
TSS_1414_storz_regulondb,0.07142857142857142,13,13,GACTGCCCTCGGCTTCTATG,0,48182
TSS_1414_storz_regulondb,0.07142857142857142,13,13,GACTCGGGCAACATACCCAG,0,68904
TSS_1414_storz_regulondb,0.07142857142857142,13,13,GACTACCCTCGAATGTAATG,0,60626
TSS_1414_storz_regulondb,0.07142857142857142,13,13,GACGATTAAATCCCAAGGGA,0,73531
TSS_1414_storz_regulondb,0.07142857142857142,13,13,GACCTCTAAAGTCGAACAGA,0,4811
TSS_1414_storz_regulondb,0.07142857142857142,13,13,GACCGGGCACCAGGTCGTGC,0,4732
TSS_1414_storz_regulondb,0.07142857142857142,13,13,GACCCGGTTTAAGTTTGGAC,0,10474
TSS_1414_storz_regulondb,0.07142857142857142,13,13,GACCCCTGTATTCTTAAAAT,0,40882
TSS_1414_storz_regulondb,0.07142857142857142,13,13,GACCAACGTTCGTCGGGTCT,0,28144
TSS_1414_storz_regulondb,0.07142857142857142,13,13,GACATTTAGAGCCTTCTCAG,0,78998
TSS_1414_storz_regulondb,0.07142857142857142,13,13,GACATATAGGCGGTGGGATA,0,40378
TSS_1414_storz_regulondb,0.07142857142857142,13,13,GACATAGTAACGCTTTGAGA,0,28624
TSS_1414_storz_regulondb,0.07142857142857142,13,13,GACAGGATGGTGATATGTTA,0,32906
TSS_1414_storz_regulondb,0.07142857142857142,13,13,GACAAGCAGATTTGCACCTA,0,56716
TSS_1414_storz_regulondb,0.07142857142857142,13,13,GACAACAATACCCTCCACCT,0,70392
TSS_1414_storz_regulondb,0.07142857142857142,13,13,GAATTCAATCAACGGACTTA,0,75986
TSS_1414_storz_regulondb,0.07142857142857142,13,13,GAATGTCCAAAGAGGTGTGC,0,51716
TSS_1414_storz_regulondb,0.07142857142857142,13,13,GAAGTCGTCCACGGAGGGAT,0,50735
TSS_1414_storz_regulondb,0.07142857142857142,13,13,GAAGTCAGACAAGGCTTGTA,0,60670
TSS_1414_storz_regulondb,0.07142857142857142,13,13,GAAGGTTTACTGGAAATATG,0,46555
TSS_1414_storz_regulondb,0.07142857142857142,13,13,GAAGATGCAGCAGAAGTATA,0,57584
TSS_1414_storz_regulondb,0.07142857142857142,13,13,GAAGATAATCCTAAGTTTAT,0,29231
TSS_1414_storz_regulondb,0.07142857142857142,13,13,CTTGTCTGGTCTGGCAATGG,0,3809
TSS_1414_storz_regulondb,0.07142857142857142,13,13,CTTGATAAGATTACAGCTTG,0,53828
TSS_1414_storz_regulondb,0.07142857142857142,13,13,CTTCTCTAATTAAAACCACA,0,73163
TSS_1414_storz_regulondb,0.07142857142857142,13,13,CTTCATCTCGAGTTCATGTT,0,46806
TSS_1414_storz_regulondb,0.07142857142857142,13,13,CTTATACGCCGGAGACCTAA,0,63707
TSS_1414_storz_regulondb,0.07142857142857142,13,13,CTGTTTTCTCGTGTAATGGC,0,61217
TSS_1414_storz_regulondb,0.07142857142857142,13,13,CTGTGTTAGAGCACCGGAGA,0,76858
TSS_1414_storz_regulondb,0.07142857142857142,13,13,CTGTCGTAGCTACGAACACT,0,15251
TSS_1414_storz_regulondb,0.07142857142857142,13,13,CTGGTTTTCCGGCTACGGCT,0,45482
TSS_1414_storz_regulondb,0.07142857142857142,13,13,CTGGGTTAGCTTAGGCCACG,0,21379
TSS_1414_storz_regulondb,0.07142857142857142,13,13,CTGGACTGTGCTGGCCGTAG,0,72804
TSS_1414_storz_regulondb,0.07142857142857142,13,13,CTGCTTTTGTATAACCGGAA,0,36512
TSS_1414_storz_regulondb,0.07142857142857142,13,13,CTGCATGAGGGGCAGTATAA,0,45050
TSS_1414_storz_regulondb,0.07142857142857142,13,13,CTGAGGTTTCACATTGAACA,0,77266
TSS_1414_storz_regulondb,0.07142857142857142,13,13,CTGACGTCACAGACTCCCGA,0,74979
TSS_1414_storz_regulondb,0.07142857142857142,13,13,CTGAAATGCTATGCAGCATG,0,51969
TSS_1414_storz_regulondb,0.07142857142857142,13,13,CTCTTACACGAGCGCAGCCT,0,5131
TSS_1414_storz_regulondb,0.07142857142857142,13,13,CTCTGCGGACAAGGCCTTTC,0,1909
TSS_1414_storz_regulondb,0.07142857142857142,13,13,CTCTCCGTAGAAGGAATCTG,0,32302
TSS_1414_storz_regulondb,0.07142857142857142,13,13,CTCGTGTTATAGTGATGTTT,0,15227
TSS_1414_storz_regulondb,0.07142857142857142,13,13,CTCGCATGGGCTATCACGGT,0,59116
TSS_1414_storz_regulondb,0.07142857142857142,13,13,CTCCTTCGGTAGCAGTCTGT,0,26234
TSS_1414_storz_regulondb,0.07142857142857142,13,13,CTCAGCGGCAATAGCCATAA,0,44684
TSS_1414_storz_regulondb,0.07142857142857142,13,13,CTCAAGGGGGTGCTTCGTGA,0,31730
TSS_1414_storz_regulondb,0.07142857142857142,13,13,CTATTACTTTCATAACGTTG,0,27633
TSS_1414_storz_regulondb,0.07142857142857142,13,13,CTATGTGACCTCATCACATA,0,55032
TSS_1414_storz_regulondb,0.07142857142857142,13,13,CTACGGCATGGCGAATCTAT,0,18947
TSS_1414_storz_regulondb,0.07142857142857142,13,13,CTACATTCCTAGGGACCCGG,0,66077
TSS_1414_storz_regulondb,0.07142857142857142,13,13,CTAAGGTACTCCTGCATTAC,0,4212
TSS_1414_storz_regulondb,0.07142857142857142,13,13,CGTTTCGGTATGTAGGGTGT,0,26013
TSS_1414_storz_regulondb,0.07142857142857142,13,13,CGTGTGGCAGTGATCATCCG,0,60533
TSS_1414_storz_regulondb,0.07142857142857142,13,13,CGTCGTGTACCATCAAAGTG,0,10857
TSS_1414_storz_regulondb,0.07142857142857142,13,13,CGTAAGGCTTTTTTTCAAGA,0,68098
TSS_1414_storz_regulondb,0.07142857142857142,13,13,CGGTGTAAGAGGTTACGGGT,0,75550
TSS_1414_storz_regulondb,0.07142857142857142,13,13,CGGTGGGAAAGCTTACCAAA,0,49188
TSS_1414_storz_regulondb,0.07142857142857142,13,13,CGGGTCCCCAGGTCTTAGCG,0,76148
TSS_1414_storz_regulondb,0.07142857142857142,13,13,CGGGGCGGGACGAGAAAGGG,0,25918
TSS_1414_storz_regulondb,0.07142857142857142,13,13,CGGGCGCTCACGATTAGAGA,0,53654
TSS_1414_storz_regulondb,0.07142857142857142,13,13,CGGGCAGAGAGTAGTCCCCT,0,55956
TSS_1414_storz_regulondb,0.07142857142857142,13,13,CGGGAGAAGATGAGGGGGAA,0,15193
TSS_1414_storz_regulondb,0.07142857142857142,13,13,CGGCTGGAACTCCGGATCGC,0,76110
TSS_1414_storz_regulondb,0.07142857142857142,13,13,CGGCTGATTTCTAGGGCGAT,0,80327
TSS_1414_storz_regulondb,0.07142857142857142,13,13,CGGCGTTCGTCTAGGGGGGT,0,27592
TSS_1414_storz_regulondb,0.07142857142857142,13,13,CGGCGACACGCCTCGGGAGA,0,51270
TSS_1414_storz_regulondb,0.07142857142857142,13,13,CGGCCAATGCCGAGGCGTTC,0,69239
TSS_1414_storz_regulondb,0.07142857142857142,13,13,CGGACTTGTGACCATACGTT,0,12085
TSS_1414_storz_regulondb,0.07142857142857142,13,13,CGGACTTACGTCTACTACAG,0,18307
TSS_1414_storz_regulondb,0.07142857142857142,13,13,CGGACCGTGGGTATGAGTAA,0,22994
TSS_1414_storz_regulondb,0.07142857142857142,13,13,CGCTCCATGAGCGCACGACA,0,42902
TSS_1414_storz_regulondb,0.07142857142857142,13,13,CGCTCACATGTGGGGGCTCA,0,36964
TSS_1414_storz_regulondb,0.07142857142857142,13,13,CGCGGGATGCTCCCTGACTC,0,71014
TSS_1414_storz_regulondb,0.07142857142857142,13,13,CGCGCCTACCATTTCCTCCA,0,31898
TSS_1414_storz_regulondb,0.07142857142857142,13,13,CGCGAGCGACGATGCTTTAG,0,65664
TSS_1414_storz_regulondb,0.07142857142857142,13,13,CGCCTGGAAATACAGCATTC,0,21488
TSS_1414_storz_regulondb,0.07142857142857142,13,13,CGCCCAAATGACAGGGTTTA,0,15645
TSS_1414_storz_regulondb,0.07142857142857142,13,13,CGCAAATGCACGGGTACCTC,0,50894
TSS_1414_storz_regulondb,0.07142857142857142,13,13,CGATCGTTTCAGGGGGCTCG,0,34373
TSS_1414_storz_regulondb,0.07142857142857142,13,13,CGATATGCGTGCTTAACGAC,0,1402
TSS_1414_storz_regulondb,0.07142857142857142,13,13,CGAGGGATGATTCATGCTCT,0,26992
TSS_1414_storz_regulondb,0.07142857142857142,13,13,CGAGCCTTGCGCCATGGATT,0,12761
TSS_1414_storz_regulondb,0.07142857142857142,13,13,CGACTTCGCGTGACAACAAG,0,60763
TSS_1414_storz_regulondb,0.07142857142857142,13,13,CGACGATCGCAGATCGTCGC,0,52989
TSS_1414_storz_regulondb,0.07142857142857142,13,13,CGACCGGGTCTTAGGTAAAG,0,17544
TSS_1414_storz_regulondb,0.07142857142857142,13,13,CGACCAGGTTCTCTGAGCTC,0,53528
TSS_1414_storz_regulondb,0.07142857142857142,13,13,CGAATTACCAGTAGATGACT,0,4350
TSS_1414_storz_regulondb,0.07142857142857142,13,13,CGAAATGCTGACGGCCCACG,0,1699
TSS_1414_storz_regulondb,0.07142857142857142,13,13,CGAAAACTAATGTCGTGGGC,0,46906
TSS_1414_storz_regulondb,0.07142857142857142,13,13,CCTTTGCTCTATCCTTACTC,0,67987
TSS_1414_storz_regulondb,0.07142857142857142,13,13,CCTTGGATAAACGTATAGGT,0,39429
TSS_1414_storz_regulondb,0.07142857142857142,13,13,CCTTGAGGGGTGCAAAAGGG,0,53667
TSS_1414_storz_regulondb,0.07142857142857142,13,13,CCTGGTATTATCGACGGCAG,0,34915
TSS_1414_storz_regulondb,0.07142857142857142,13,13,CCTGGGTTGGGTGTCCGTTA,0,27256
TSS_1414_storz_regulondb,0.07142857142857142,13,13,CCTGACGGCTACGGAAATGA,0,32157
TSS_1414_storz_regulondb,0.07142857142857142,13,13,CCTCTGGGTACCCCTATCGC,0,28925
TSS_1414_storz_regulondb,0.07142857142857142,13,13,CCTCACAACTCTGGCGCCAC,0,12397
TSS_1414_storz_regulondb,0.07142857142857142,13,13,CCTAGGCATAAGTTGAATGG,0,35999
TSS_1414_storz_regulondb,0.07142857142857142,13,13,CCTACTGGGAGAATCCAACT,0,63184
TSS_1414_storz_regulondb,0.07142857142857142,13,13,CCTAAGCTGCGGTTCCCATA,0,61399
TSS_1414_storz_regulondb,0.07142857142857142,13,13,CCTAAATGGACATGGAACAC,0,19931
TSS_1414_storz_regulondb,0.07142857142857142,13,13,CCTAAAAAAGGACTTGACTT,0,37631
TSS_1414_storz_regulondb,0.07142857142857142,13,13,CCGTTAATTGAACGGCGGGA,0,7833
TSS_1414_storz_regulondb,0.07142857142857142,13,13,CCGTCGATGGCCTCGAGCGC,0,72790
TSS_1414_storz_regulondb,0.07142857142857142,13,13,CCGTCCCTCCGTAACCCGGA,0,24117
TSS_1414_storz_regulondb,0.07142857142857142,13,13,CCGGGCACTAAACCGGGTAC,0,8637
TSS_1414_storz_regulondb,0.07142857142857142,13,13,CCGGACGTCTCACGCGAGCC,0,41532
TSS_1414_storz_regulondb,0.07142857142857142,13,13,CCGCACATACAGCTTGTACT,0,52413
TSS_1414_storz_regulondb,0.07142857142857142,13,13,CCGATCATCATCATATCTCT,0,46781
TSS_1414_storz_regulondb,0.07142857142857142,13,13,CCGACCCCCTACAGGTGGAA,0,76178
TSS_1414_storz_regulondb,0.07142857142857142,13,13,CCGAAGTTCGGGCGTAGGGT,0,1506
TSS_1414_storz_regulondb,0.07142857142857142,13,13,CCGAAAGGTGGAACATTGTA,0,60888
TSS_1414_storz_regulondb,0.07142857142857142,13,13,CCCTGCCAATCGGGAGTCTA,0,35249
TSS_1414_storz_regulondb,0.07142857142857142,13,13,CCCTAGTGATTGGTGGCTGG,0,12013
TSS_1414_storz_regulondb,0.07142857142857142,13,13,CCCGTTTGCCCGATGTGGAT,0,3469
TSS_1414_storz_regulondb,0.07142857142857142,13,13,CCCGGCTGTGTCTTGCGATC,0,52407
TSS_1414_storz_regulondb,0.07142857142857142,13,13,CCCGAGGGTTAGACATCAGG,0,18922
TSS_1414_storz_regulondb,0.07142857142857142,13,13,CCCCTCGTGCCGGGTTGATA,0,14057
TSS_1414_storz_regulondb,0.07142857142857142,13,13,CCCCCTCTCTTGTCACGAAA,0,12018
TSS_1414_storz_regulondb,0.07142857142857142,13,13,CCCCAGAGGGTTCCGCCTTG,0,51237
TSS_1414_storz_regulondb,0.07142857142857142,13,13,CCCCAATAACTGGAGGCCAG,0,43850
TSS_1414_storz_regulondb,0.07142857142857142,13,13,CCCATAGAGGTTAATAATAA,0,18425
TSS_1414_storz_regulondb,0.07142857142857142,13,13,CCCAAGGGAATTCCTCATAG,0,69705
TSS_1414_storz_regulondb,0.07142857142857142,13,13,CCCAAAGCCCCTGCGGAGAG,0,39146
TSS_1414_storz_regulondb,0.07142857142857142,13,13,CCATTCCGGAACCGAACATG,0,25791
TSS_1414_storz_regulondb,0.07142857142857142,13,13,CCAGGATGTTCGTACTATGT,0,64931
TSS_1414_storz_regulondb,0.07142857142857142,13,13,CCACCCGGGTCCCGTTGCGT,0,53216
TSS_1414_storz_regulondb,0.07142857142857142,13,13,CCAATGCTTGATATTAGCCT,0,81026
TSS_1414_storz_regulondb,0.07142857142857142,13,13,CCAAGGAGGCTGGATGCCTG,0,45840
TSS_1414_storz_regulondb,0.07142857142857142,13,13,CCAAATCAGCGGCTAACTCA,0,12784
TSS_1414_storz_regulondb,0.07142857142857142,13,13,CATTTTATGGTTATGATCCC,0,36923
TSS_1414_storz_regulondb,0.07142857142857142,13,13,CATTCATCGGCCCTTGTTCT,0,4202
TSS_1414_storz_regulondb,0.07142857142857142,13,13,CATGTCGCTCAGGCTGTCCT,0,56837
TSS_1414_storz_regulondb,0.07142857142857142,13,13,CATGTCCATAGTCAGTCTCG,0,30743
TSS_1414_storz_regulondb,0.07142857142857142,13,13,CATAGTAGAAGCGGACCATT,0,72383
TSS_1414_storz_regulondb,0.07142857142857142,13,13,CATAGCTCATCTAGGAACCT,0,75142
TSS_1414_storz_regulondb,0.07142857142857142,13,13,CATAGATGTTTCATGGGGGA,0,37861
TSS_1414_storz_regulondb,0.07142857142857142,13,13,CAGTAGGGGGGTGTTGAGGT,0,65637
TSS_1414_storz_regulondb,0.07142857142857142,13,13,CAGGTGCAATCACTTCTTCG,0,63579
TSS_1414_storz_regulondb,0.07142857142857142,13,13,CAGGTGAACTCGTATGGCCT,0,71762
TSS_1414_storz_regulondb,0.07142857142857142,13,13,CAGGGCGTCTGACATCCCAG,0,5265
TSS_1414_storz_regulondb,0.07142857142857142,13,13,CAGGCCGAAATGTATACCTT,0,13709
TSS_1414_storz_regulondb,0.07142857142857142,13,13,CAGGATTGGAGCCGAGCAGA,0,61246
TSS_1414_storz_regulondb,0.07142857142857142,13,13,CAGGAAACAGCGCAAGTAGC,0,64536
TSS_1414_storz_regulondb,0.07142857142857142,13,13,CAGCCTCGAGACAGCCATCA,0,12760
TSS_1414_storz_regulondb,0.07142857142857142,13,13,CAGCAGGTGGGTGTGTTCTC,0,32161
TSS_1414_storz_regulondb,0.07142857142857142,13,13,CAGATTGTTACATGCGGATT,0,52115
TSS_1414_storz_regulondb,0.07142857142857142,13,13,CAGATGTCAATTTCCACCGT,0,49372
TSS_1414_storz_regulondb,0.07142857142857142,13,13,CAGAAGATTTACCTCATTAT,0,6164
TSS_1414_storz_regulondb,0.07142857142857142,13,13,CAGAAGAGAAGAAAATCACA,0,32830
TSS_1414_storz_regulondb,0.07142857142857142,13,13,CACTTACAGGTAATCTTCGC,0,73296
TSS_1414_storz_regulondb,0.07142857142857142,13,13,CACTCTGTCCCGTTGGATTT,0,41191
TSS_1414_storz_regulondb,0.07142857142857142,13,13,CACGTATCAACGGCGCAAGT,0,34080
TSS_1414_storz_regulondb,0.07142857142857142,13,13,CACGGAGGCCCGTTTCGTAG,0,31426
TSS_1414_storz_regulondb,0.07142857142857142,13,13,CACGCTTAGCATTGGGGCAT,0,3623
TSS_1414_storz_regulondb,0.07142857142857142,13,13,CACGATACACAATGTGTATC,0,25274
TSS_1414_storz_regulondb,0.07142857142857142,13,13,CACCGCTGGGTACACACCAA,0,71770
TSS_1414_storz_regulondb,0.07142857142857142,13,13,CACAGTTTCGACTGTATGCC,0,34898
TSS_1414_storz_regulondb,0.07142857142857142,13,13,CAATATTCGCGAGCCACCCA,0,31355
TSS_1414_storz_regulondb,0.07142857142857142,13,13,CAAGGATCAATCGGTACCAC,0,55562
TSS_1414_storz_regulondb,0.07142857142857142,13,13,CAACGGCCTTTGAGCCGATT,0,43439
TSS_1414_storz_regulondb,0.07142857142857142,13,13,CAAATTCAGGCTAGGGCTAC,0,55440
TSS_1414_storz_regulondb,0.07142857142857142,13,13,CAAATAATCGTGGCCGGGGC,0,47259
TSS_1414_storz_regulondb,0.07142857142857142,13,13,CAAAGTCGAGCAAGTAGGGA,0,78236
TSS_1414_storz_regulondb,0.07142857142857142,13,13,ATTTTGGACTTACTGTCCTC,0,18182
TSS_1414_storz_regulondb,0.07142857142857142,13,13,ATTTTAGACTCCGATTCGAC,0,3341
TSS_1414_storz_regulondb,0.07142857142857142,13,13,ATTGGGCTACAGGCTCGCCT,0,78041
TSS_1414_storz_regulondb,0.07142857142857142,13,13,ATTGACAACGAACGTACGTT,0,76384
TSS_1414_storz_regulondb,0.07142857142857142,13,13,ATTCTCTAGTTTTTCCGAGA,0,47791
TSS_1414_storz_regulondb,0.07142857142857142,13,13,ATTCCAACGTGTTATTTAGT,0,68324
TSS_1414_storz_regulondb,0.07142857142857142,13,13,ATTCATTCAGGCAGCTTTGA,0,11635
TSS_1414_storz_regulondb,0.07142857142857142,13,13,ATTCAGACTTGCCCCCATAT,0,29548
TSS_1414_storz_regulondb,0.07142857142857142,13,13,ATTATGAGGAGATGGACCGG,0,54302
TSS_1414_storz_regulondb,0.07142857142857142,13,13,ATTATAGTAACGCAGGGCAA,0,46916
TSS_1414_storz_regulondb,0.07142857142857142,13,13,ATGTGAGTTACGGCCACTTA,0,76322
TSS_1414_storz_regulondb,0.07142857142857142,13,13,ATGTCTCTCACCATACGTTG,0,39276
TSS_1414_storz_regulondb,0.07142857142857142,13,13,ATGTCGCAACGCATGTTCGA,0,25423
TSS_1414_storz_regulondb,0.07142857142857142,13,13,ATGGCTAGTCCCATGCCTAA,0,21762
TSS_1414_storz_regulondb,0.07142857142857142,13,13,ATGGAAGCGCAGTAACAGTA,0,39047
TSS_1414_storz_regulondb,0.07142857142857142,13,13,ATGCTTGGGCTGGGGTCTGT,0,45778
TSS_1414_storz_regulondb,0.07142857142857142,13,13,ATGCTGGGTGGTGGCTCGTG,0,17712
TSS_1414_storz_regulondb,0.07142857142857142,13,13,ATGCTGGATAAACCTGAATT,0,46980
TSS_1414_storz_regulondb,0.07142857142857142,13,13,ATGCGGCATAAATACACGCT,0,80218
TSS_1414_storz_regulondb,0.07142857142857142,13,13,ATGCAATTCTTTTGACTTGT,0,69995
TSS_1414_storz_regulondb,0.07142857142857142,13,13,ATGCAATCTCTAAGGATATG,0,36055
TSS_1414_storz_regulondb,0.07142857142857142,13,13,ATGAGGAAACATGGTGGAAT,0,58171
TSS_1414_storz_regulondb,0.07142857142857142,13,13,ATGAGCAGTCTCCGCCGATT,0,72394
TSS_1414_storz_regulondb,0.07142857142857142,13,13,ATGACAATTGGGATCTTGGG,0,21850
TSS_1414_storz_regulondb,0.07142857142857142,13,13,ATCTATTCTCGGAATTGCTA,0,12170
TSS_1414_storz_regulondb,0.07142857142857142,13,13,ATCGAAGGTGAAAGCAAGTG,0,60608
TSS_1414_storz_regulondb,0.07142857142857142,13,13,ATCCTAGTGGGGGTCTAACG,0,29745
TSS_1414_storz_regulondb,0.07142857142857142,13,13,ATATTTATCACCACGCCGAC,0,49488
TSS_1414_storz_regulondb,0.07142857142857142,13,13,ATATGGCGATTTTGTGCCCT,0,61433
TSS_1414_storz_regulondb,0.07142857142857142,13,13,ATATACGACCCTGAGAGGAA,0,20662
TSS_1414_storz_regulondb,0.07142857142857142,13,13,ATAGGGTTACCTTTCTATGA,0,12662
TSS_1414_storz_regulondb,0.07142857142857142,13,13,ATACTCAAGAGATTGTTCTC,0,36369
TSS_1414_storz_regulondb,0.07142857142857142,13,13,ATACACGGTATTCAAGGGTA,0,24076
TSS_1414_storz_regulondb,0.07142857142857142,13,13,ATAATATGTTGTCCAAGCCT,0,23587
TSS_1414_storz_regulondb,0.07142857142857142,13,13,AGTCCGTTCCAGACAATATA,0,45958
TSS_1414_storz_regulondb,0.07142857142857142,13,13,AGTATGATAGCGGGACAGGA,0,80144
TSS_1414_storz_regulondb,0.07142857142857142,13,13,AGTAAGGAGTTTGGTCTTGA,0,68982
TSS_1414_storz_regulondb,0.07142857142857142,13,13,AGTAACTGGGTTACTTACCT,0,42257
TSS_1414_storz_regulondb,0.07142857142857142,13,13,AGGTCTAGCCCCAGAAGTTG,0,35033
TSS_1414_storz_regulondb,0.07142857142857142,13,13,AGGTAGTCTTCCGAGGCAAA,0,77140
TSS_1414_storz_regulondb,0.07142857142857142,13,13,AGGGTTAATGAGCGTAGTGG,0,59461
TSS_1414_storz_regulondb,0.07142857142857142,13,13,AGGGGGCCTAGCTTTACAAA,0,43908
TSS_1414_storz_regulondb,0.07142857142857142,13,13,AGGGCAGAGCCACGTAAGGC,0,62075
TSS_1414_storz_regulondb,0.07142857142857142,13,13,AGGCCGCATGCGCAAATCTC,0,68983
TSS_1414_storz_regulondb,0.07142857142857142,13,13,AGGAGGTGTACCCTTTCACA,0,3949
TSS_1414_storz_regulondb,0.07142857142857142,13,13,AGGACTGAGTTACTTGACTA,0,50420
TSS_1414_storz_regulondb,0.07142857142857142,13,13,AGGACGTGAAGGAATGTCTT,0,23675
TSS_1414_storz_regulondb,0.07142857142857142,13,13,AGCTTTCTAATTATTAATGA,0,36750
TSS_1414_storz_regulondb,0.07142857142857142,13,13,AGCTTCTTCCCGGCAAATCG,0,23263
TSS_1414_storz_regulondb,0.07142857142857142,13,13,AGCTTATACGTGAGGATAAA,0,57669
TSS_1414_storz_regulondb,0.07142857142857142,13,13,AGCTGGACGGCAGCACCGAA,0,2036
TSS_1414_storz_regulondb,0.07142857142857142,13,13,AGCTATTAAGAGCTAGAACA,0,4052
TSS_1414_storz_regulondb,0.07142857142857142,13,13,AGCGTCCGGGGTTCTCCTAC,0,37782
TSS_1414_storz_regulondb,0.07142857142857142,13,13,AGCGATATACGACTATAGCC,0,15324
TSS_1414_storz_regulondb,0.07142857142857142,13,13,AGCCTAGGCAAAGCTGGATG,0,44755
TSS_1414_storz_regulondb,0.07142857142857142,13,13,AGCCTAAGTGCAGGAGTACG,0,26687
TSS_1414_storz_regulondb,0.07142857142857142,13,13,AGCCCCTCGTCCACCAGAAG,0,61791
TSS_1414_storz_regulondb,0.07142857142857142,13,13,AGCCATCAGCTTTTAGCATA,0,10256
TSS_1414_storz_regulondb,0.07142857142857142,13,13,AGCCAGAGTTTTCATGTTCA,0,30787
TSS_1414_storz_regulondb,0.07142857142857142,13,13,AGCACACGTGTCGTAGCTCT,0,52197
TSS_1414_storz_regulondb,0.07142857142857142,13,13,AGAGGTGTATAAGCCCCCTA,0,27271
TSS_1414_storz_regulondb,0.07142857142857142,13,13,AGAGCACTACCCATAAAATC,0,65849
TSS_1414_storz_regulondb,0.07142857142857142,13,13,AGACTTCGGGGCGCGCACAG,0,77475
TSS_1414_storz_regulondb,0.07142857142857142,13,13,AGACATGAAATTATCTATAC,0,67720
TSS_1414_storz_regulondb,0.07142857142857142,13,13,AGACACGATAACTCGGGGTT,0,10081
TSS_1414_storz_regulondb,0.07142857142857142,13,13,AGAATGTGGTTAAAGCGCCC,0,66777
TSS_1414_storz_regulondb,0.07142857142857142,13,13,AGAATGGGACCGGACTTAGA,0,35329
TSS_1414_storz_regulondb,0.07142857142857142,13,13,AGAACCTTAAGTGTGAGTAT,0,5652
TSS_1414_storz_regulondb,0.07142857142857142,13,13,ACTTTTTCGGATGACAAAGG,0,57846
TSS_1414_storz_regulondb,0.07142857142857142,13,13,ACTTGAAGGGTCCGGTGATC,0,51212
TSS_1414_storz_regulondb,0.07142857142857142,13,13,ACTTCGTTATTCTCAAAGAC,0,24554
TSS_1414_storz_regulondb,0.07142857142857142,13,13,ACTGGCCATAAATATCGGCA,0,42648
TSS_1414_storz_regulondb,0.07142857142857142,13,13,ACTGAATATTCTAAAAAGTT,0,25369
TSS_1414_storz_regulondb,0.07142857142857142,13,13,ACTCGCTTCTTAAGATAGAA,0,29475
TSS_1414_storz_regulondb,0.07142857142857142,13,13,ACTATATATCAGTTGCTTGG,0,4450
TSS_1414_storz_regulondb,0.07142857142857142,13,13,ACTACACAGGGCTAAAAGGT,0,44480
TSS_1414_storz_regulondb,0.07142857142857142,13,13,ACGTTAAAGAGCTTCCCGTA,0,67552
TSS_1414_storz_regulondb,0.07142857142857142,13,13,ACGTAAGTGTCAAGTCAATT,0,49848
TSS_1414_storz_regulondb,0.07142857142857142,13,13,ACGCTGGATGTCGCACCTGC,0,5019
TSS_1414_storz_regulondb,0.07142857142857142,13,13,ACGATTTGTTCGGGAAAGGT,0,4143
TSS_1414_storz_regulondb,0.07142857142857142,13,13,ACGAGCTTTAGGATTTGTAT,0,40787
TSS_1414_storz_regulondb,0.07142857142857142,13,13,ACGAGAACGCTAGGGTGAAG,0,29447
TSS_1414_storz_regulondb,0.07142857142857142,13,13,ACGAATGTAGTCTTTATAGA,0,2656
TSS_1414_storz_regulondb,0.07142857142857142,13,13,ACGAACTTGACTTTTCAAAT,0,3344
TSS_1414_storz_regulondb,0.07142857142857142,13,13,ACCTAGCTTCGATGGAGCTA,0,69508
TSS_1414_storz_regulondb,0.07142857142857142,13,13,ACCGTGGCACTGCACCCGAT,0,75429
TSS_1414_storz_regulondb,0.07142857142857142,13,13,ACCGCCGAATCCCCGGTGGT,0,33760
TSS_1414_storz_regulondb,0.07142857142857142,13,13,ACCGCAAAGATGTGCGAATG,0,56438
TSS_1414_storz_regulondb,0.07142857142857142,13,13,ACCGACCGATCCCTGTTTAT,0,37877
TSS_1414_storz_regulondb,0.07142857142857142,13,13,ACCCGGACAGAGGGATGTAG,0,66938
TSS_1414_storz_regulondb,0.07142857142857142,13,13,ACATGTCCATAAGCGCTGCT,0,62422
TSS_1414_storz_regulondb,0.07142857142857142,13,13,ACAGTGCATTTGGACTATTG,0,12300
TSS_1414_storz_regulondb,0.07142857142857142,13,13,ACAGGCAGCCCGACTTGCCA,0,59738
TSS_1414_storz_regulondb,0.07142857142857142,13,13,ACAGGAAAGTTTCTAGCTTT,0,8541
TSS_1414_storz_regulondb,0.07142857142857142,13,13,ACACTCTTGTGTTGCGGCTT,0,22787
TSS_1414_storz_regulondb,0.07142857142857142,13,13,ACACTACCGGGGAAACTCAG,0,8686
TSS_1414_storz_regulondb,0.07142857142857142,13,13,AATTTCAGAGCGTTCGTACG,0,67030
TSS_1414_storz_regulondb,0.07142857142857142,13,13,AATTCTGGGGTGGAAGTCGT,0,53538
TSS_1414_storz_regulondb,0.07142857142857142,13,13,AATTATAAGCTAGGGGCACA,0,44309
TSS_1414_storz_regulondb,0.07142857142857142,13,13,AATCGCAACCTTCGGTATGT,0,41973
TSS_1414_storz_regulondb,0.07142857142857142,13,13,AATATTCTTTCATCATCCTT,0,63664
TSS_1414_storz_regulondb,0.07142857142857142,13,13,AATAGGTAATTTGCGACGTT,0,8272
TSS_1414_storz_regulondb,0.07142857142857142,13,13,AATAGGCATGGGCTAAGAGT,0,33432
TSS_1414_storz_regulondb,0.07142857142857142,13,13,AATAGGCACGACTCCAGTAG,0,78468
TSS_1414_storz_regulondb,0.07142857142857142,13,13,AATACTCCGTCGGAACTGAG,0,71215
TSS_1414_storz_regulondb,0.07142857142857142,13,13,AATAACGAACTATTGCCTGG,0,67107
TSS_1414_storz_regulondb,0.07142857142857142,13,13,AATAACACTGTTCGAGTTTT,0,31743
TSS_1414_storz_regulondb,0.07142857142857142,13,13,AATAAAGCTTTGACGCATTT,0,51878
TSS_1414_storz_regulondb,0.07142857142857142,13,13,AAGTGTTGCTGGTAGCACAT,0,15643
TSS_1414_storz_regulondb,0.07142857142857142,13,13,AAGTGGAACTTACCCAACCT,0,53681
TSS_1414_storz_regulondb,0.07142857142857142,13,13,AAGTGCGGCTCACCCATCGT,0,27606
TSS_1414_storz_regulondb,0.07142857142857142,13,13,AAGTGCCCGGTGGTATTATT,0,61011
TSS_1414_storz_regulondb,0.07142857142857142,13,13,AAGGTTCGACATTAACTTGA,0,19074
TSS_1414_storz_regulondb,0.07142857142857142,13,13,AAGGGCTTTTTGTTTGACCA,0,19313
TSS_1414_storz_regulondb,0.07142857142857142,13,13,AAGCAGATATATCCACGCTG,0,31791
TSS_1414_storz_regulondb,0.07142857142857142,13,13,AAGATACCGACAGTCTCCAA,0,6950
TSS_1414_storz_regulondb,0.07142857142857142,13,13,AACGGATATCACCGAGCTAG,0,63292
TSS_1414_storz_regulondb,0.07142857142857142,13,13,AACGCGGTCCCCCCGAGAGC,0,20846
TSS_1414_storz_regulondb,0.07142857142857142,13,13,AACGCCGGGGATAAGTGAAT,0,3518
TSS_1414_storz_regulondb,0.07142857142857142,13,13,AACCTGTAGCTTTTGGAAGC,0,2862
TSS_1414_storz_regulondb,0.07142857142857142,13,13,AACCATGGGCGTCTACCATT,0,22696
TSS_1414_storz_regulondb,0.07142857142857142,13,13,AACATCGCGACTAAAAATAA,0,53812
TSS_1414_storz_regulondb,0.07142857142857142,13,13,AAAGGCCCACGGACTGTCGA,0,15100
TSS_1414_storz_regulondb,0.07142857142857142,13,13,AAAGGACTCCAGAGCTGACT,0,16876
TSS_1414_storz_regulondb,0.07142857142857142,13,13,AAAGCCGTTCCGAGCAGTTT,0,67147
TSS_1414_storz_regulondb,0.07142857142857142,13,13,AAACAGTTGGATGCCTCGAT,0,34452
TSS_1414_storz_regulondb,0.07142857142857142,13,13,AAAAGTTCCAGGTGCACCGT,0,13545
TSS_1414_storz_regulondb,0.07142857142857142,13,13,AAAAGCGGTTTCAAGACTGT,0,39694
TSS_1414_storz_regulondb,0.07142857142857142,13,13,AAAACTGATATATCGGCAAC,0,21770
TSS_1414_storz_regulondb,0.07142857142857142,13,13,AAAACCATGTACATGGATGG,0,6190
TSS_1414_storz_regulondb,0.07142857142857142,13,13,AAAACATGTTGGTACACCTT,0,1821
TSS_1414_storz_regulondb,0.07142857142857142,13,13,AAAACAAGAATTATGCACAT,0,6262
TSS_1414_storz_regulondb,0.07692307692307693,12,12,TTTTTTCACAGTGTGGAATG,0,58280
TSS_1414_storz_regulondb,0.07692307692307693,12,12,TTTTCAAGTGTTGGCGGCTA,0,65875
TSS_1414_storz_regulondb,0.07692307692307693,12,12,TTTGGGGTAAGACCGTTCGC,0,7547
TSS_1414_storz_regulondb,0.07692307692307693,12,12,TTTGGATGGGGCGGAGAACT,0,1148
TSS_1414_storz_regulondb,0.07692307692307693,12,12,TTTGAACTATTAGTTCCACT,0,80730
TSS_1414_storz_regulondb,0.07692307692307693,12,12,TTTCTCGCTCGTACTCGGCG,0,4117
TSS_1414_storz_regulondb,0.07692307692307693,12,12,TTTCCCACAATACAAGGAGC,0,11783
TSS_1414_storz_regulondb,0.07692307692307693,12,12,TTGTGTCCTTGAATGTGGCA,0,38457
TSS_1414_storz_regulondb,0.07692307692307693,12,12,TTGTGATCTTTGACTCGCAG,0,2212
TSS_1414_storz_regulondb,0.07692307692307693,12,12,TTGTACTGGTCGGAGGTGCC,0,46629
TSS_1414_storz_regulondb,0.07692307692307693,12,12,TTGGTACTTCTCTGTTTTCT,0,50627
TSS_1414_storz_regulondb,0.07692307692307693,12,12,TTGGGGTGGCTTCCATCCAC,0,16208
TSS_1414_storz_regulondb,0.07692307692307693,12,12,TTGGCAACGCGTAATATAGA,0,52680
TSS_1414_storz_regulondb,0.07692307692307693,12,12,TTGGACTCGGGATGACAAGG,0,21711
TSS_1414_storz_regulondb,0.07692307692307693,12,12,TTGGAATTGAACGAAATTGA,0,15278
TSS_1414_storz_regulondb,0.07692307692307693,12,12,TTGCTTAAGGCGTACGATCA,0,59209
TSS_1414_storz_regulondb,0.07692307692307693,12,12,TTGCGGACCGGTCGGTGGAT,0,7103
TSS_1414_storz_regulondb,0.07692307692307693,12,12,TTGCGATGCTTTAATGTCGG,0,20286
TSS_1414_storz_regulondb,0.07692307692307693,12,12,TTGATTATCTGGTTGGCTGC,0,77892
TSS_1414_storz_regulondb,0.07692307692307693,12,12,TTGAGACACGAGGAAGTGTG,0,15425
TSS_1414_storz_regulondb,0.07692307692307693,12,12,TTGAATGTGACTAACTGCAG,0,60298
TSS_1414_storz_regulondb,0.07692307692307693,12,12,TTCTTGGTCAGGAGCTGTAT,0,30703
TSS_1414_storz_regulondb,0.07692307692307693,12,12,TTCTTATGCAAGAACGATAT,0,11623
TSS_1414_storz_regulondb,0.07692307692307693,12,12,TTCTAAGTAAAGGCACCTAC,0,64071
TSS_1414_storz_regulondb,0.07692307692307693,12,12,TTCGTCGTAAGCGCCCTTCA,0,79476
TSS_1414_storz_regulondb,0.07692307692307693,12,12,TTCGGCGCGTGCACGATAAC,0,76114
TSS_1414_storz_regulondb,0.07692307692307693,12,12,TTCGGAGAAGCATCTAAGGT,0,3134
TSS_1414_storz_regulondb,0.07692307692307693,12,12,TTCGAACTAAACTCACTGCC,0,56190
TSS_1414_storz_regulondb,0.07692307692307693,12,12,TTCCTCGTGTACATCAGGAT,0,31406
TSS_1414_storz_regulondb,0.07692307692307693,12,12,TTCCCCGCTCACTGCTCCAC,0,78327
TSS_1414_storz_regulondb,0.07692307692307693,12,12,TTCATTTAGCCTCACGAGTG,0,58939
TSS_1414_storz_regulondb,0.07692307692307693,12,12,TTCACTGTGGCATCATCAGA,0,74909
TSS_1414_storz_regulondb,0.07692307692307693,12,12,TTCAAATGCCGATCGTATGG,0,37573
TSS_1414_storz_regulondb,0.07692307692307693,12,12,TTATTGGCCGTTAGATACAG,0,74957
TSS_1414_storz_regulondb,0.07692307692307693,12,12,TTATCGGGCTGAGAATTATG,0,38454
TSS_1414_storz_regulondb,0.07692307692307693,12,12,TTAGGACTTTTGATAAGTAT,0,36317
TSS_1414_storz_regulondb,0.07692307692307693,12,12,TTAGCCCGGCAAGGGTTAAG,0,29878
TSS_1414_storz_regulondb,0.07692307692307693,12,12,TTACTATAGAAAGCGTATGT,0,2403
TSS_1414_storz_regulondb,0.07692307692307693,12,12,TTACCACATTCAGACGGGAA,0,5317
TSS_1414_storz_regulondb,0.07692307692307693,12,12,TTACACTAACAAATGTGCGA,0,3690
TSS_1414_storz_regulondb,0.07692307692307693,12,12,TTAATGATATAGCCGCCGAC,0,8952
TSS_1414_storz_regulondb,0.07692307692307693,12,12,TTAATAAGAACCCGGCTTGT,0,46424
TSS_1414_storz_regulondb,0.07692307692307693,12,12,TTAAGTTTAGTGAAAAGATA,0,52118
TSS_1414_storz_regulondb,0.07692307692307693,12,12,TGTTTACTGTACTGTTTAGA,0,73354
TSS_1414_storz_regulondb,0.07692307692307693,12,12,TGTTTACGCCCATCATCAGT,0,25574
TSS_1414_storz_regulondb,0.07692307692307693,12,12,TGTTCGTTGATCGTTGTGAT,0,1214
TSS_1414_storz_regulondb,0.07692307692307693,12,12,TGTGTGTCACACTAGGAGTT,0,59055
TSS_1414_storz_regulondb,0.07692307692307693,12,12,TGTGATTTGGTTTTAGCGTT,0,67880
TSS_1414_storz_regulondb,0.07692307692307693,12,12,TGTATGCCGCCCATGGAAAA,0,60622
TSS_1414_storz_regulondb,0.07692307692307693,12,12,TGTACGTGTCCCCTGGATGA,0,65543
TSS_1414_storz_regulondb,0.07692307692307693,12,12,TGGTGAGACTTAATATGGAT,0,4119
TSS_1414_storz_regulondb,0.07692307692307693,12,12,TGGTCTTGGATATTACTTGT,0,9175
TSS_1414_storz_regulondb,0.07692307692307693,12,12,TGGTCTTAACTTTCGTTCTA,0,49231
TSS_1414_storz_regulondb,0.07692307692307693,12,12,TGGTCGTCATGCTTATGACC,0,73680
TSS_1414_storz_regulondb,0.07692307692307693,12,12,TGGTATAAATCCTTGAGTTT,0,27673
TSS_1414_storz_regulondb,0.07692307692307693,12,12,TGGTAGAGCAGGGGAGGTGG,0,36632
TSS_1414_storz_regulondb,0.07692307692307693,12,12,TGGGTCTAAGAAGTTCGAAT,0,11492
TSS_1414_storz_regulondb,0.07692307692307693,12,12,TGGCTTCGCGAACACCAATT,0,56929
TSS_1414_storz_regulondb,0.07692307692307693,12,12,TGGCTAGATCGATCTATGCT,0,56129
TSS_1414_storz_regulondb,0.07692307692307693,12,12,TGGCCCTTCGCCATCAAGTG,0,21141
TSS_1414_storz_regulondb,0.07692307692307693,12,12,TGGCCAGATGGGATCGGTGT,0,6903
TSS_1414_storz_regulondb,0.07692307692307693,12,12,TGGCACACGTGCTTCTTATC,0,71094
TSS_1414_storz_regulondb,0.07692307692307693,12,12,TGGATTTAGCAGTTTTGCGT,0,79581
TSS_1414_storz_regulondb,0.07692307692307693,12,12,TGGACACACGAGAACGCCGA,0,75067
TSS_1414_storz_regulondb,0.07692307692307693,12,12,TGCTTCAGTGATGTGCGACT,0,54123
TSS_1414_storz_regulondb,0.07692307692307693,12,12,TGCTCACGAATGAACTCGTT,0,77277
TSS_1414_storz_regulondb,0.07692307692307693,12,12,TGCTAATGGTTAATGCTTTT,0,20876
TSS_1414_storz_regulondb,0.07692307692307693,12,12,TGCGTTGCAAGGGCCACTGA,0,14533
TSS_1414_storz_regulondb,0.07692307692307693,12,12,TGCGGATTCGATACCTTTGG,0,42417
TSS_1414_storz_regulondb,0.07692307692307693,12,12,TGCCTTAAAACGCACTCGAT,0,6533
TSS_1414_storz_regulondb,0.07692307692307693,12,12,TGCCCGCAGTTTGGCTCTAA,0,20946
TSS_1414_storz_regulondb,0.07692307692307693,12,12,TGCACCGGTAGAGATCTAGG,0,80082
TSS_1414_storz_regulondb,0.07692307692307693,12,12,TGATTGAGAGGCTGATTAGG,0,37247
TSS_1414_storz_regulondb,0.07692307692307693,12,12,TGATGTTGAGTGAAGGCGTT,0,66330
TSS_1414_storz_regulondb,0.07692307692307693,12,12,TGATAGCGCCCGTACTCGAA,0,27067
TSS_1414_storz_regulondb,0.07692307692307693,12,12,TGATAACGGGACGTGTCGAT,0,62664
TSS_1414_storz_regulondb,0.07692307692307693,12,12,TGAGTAGCTAACAACACAGC,0,76010
TSS_1414_storz_regulondb,0.07692307692307693,12,12,TGAGGAAAGGTTTGCCTGAT,0,9809
TSS_1414_storz_regulondb,0.07692307692307693,12,12,TGACTCGATCGACGCGATTC,0,15407
TSS_1414_storz_regulondb,0.07692307692307693,12,12,TGACGTGCAGTTGTCGCGGA,0,77557
TSS_1414_storz_regulondb,0.07692307692307693,12,12,TGACGATGCAGTACAAGGAC,0,23895
TSS_1414_storz_regulondb,0.07692307692307693,12,12,TGACGAGTGCACTTGCGATA,0,68274
TSS_1414_storz_regulondb,0.07692307692307693,12,12,TGACCGGCGTCTGCTGGCTA,0,20546
TSS_1414_storz_regulondb,0.07692307692307693,12,12,TGACCGAGATTTGTTTAATG,0,15498
TSS_1414_storz_regulondb,0.07692307692307693,12,12,TGACCACGGTCCGACGATCC,0,33598
TSS_1414_storz_regulondb,0.07692307692307693,12,12,TGACAGAACTGAGGCGATAT,0,30238
TSS_1414_storz_regulondb,0.07692307692307693,12,12,TGACAAGCAGCTTGCCTTAA,0,79863
TSS_1414_storz_regulondb,0.07692307692307693,12,12,TGAAGCTGTGTTAGTGTACC,0,24352
TSS_1414_storz_regulondb,0.07692307692307693,12,12,TGAAATGCAGGGGAACGCCC,0,1901
TSS_1414_storz_regulondb,0.07692307692307693,12,12,TCTTTAACCCTCAGCACGAC,0,37907
TSS_1414_storz_regulondb,0.07692307692307693,12,12,TCTTGATGGAATCCCAATTA,0,27764
TSS_1414_storz_regulondb,0.07692307692307693,12,12,TCTTCGCAGTCACTAAATGT,0,22132
TSS_1414_storz_regulondb,0.07692307692307693,12,12,TCTGTCGGCTTTCCCCCAAT,0,39904
TSS_1414_storz_regulondb,0.07692307692307693,12,12,TCTGTATCAATGGGTGGAGA,0,75246
TSS_1414_storz_regulondb,0.07692307692307693,12,12,TCTGGTGATCCACGCCACAT,0,46870
TSS_1414_storz_regulondb,0.07692307692307693,12,12,TCTGGGGTGCGGTTTCAGAA,0,59549
TSS_1414_storz_regulondb,0.07692307692307693,12,12,TCTGGGATAGCGCCTGGTTT,0,66121
TSS_1414_storz_regulondb,0.07692307692307693,12,12,TCTGGCGTAAGGCTTAAAAT,0,59487
TSS_1414_storz_regulondb,0.07692307692307693,12,12,TCTGCTCAAGGTCAGTTAAA,0,7617
TSS_1414_storz_regulondb,0.07692307692307693,12,12,TCTCTTTCCGGTTAGGATGC,0,29412
TSS_1414_storz_regulondb,0.07692307692307693,12,12,TCTCGATGCATAGCGAATAT,0,62000
TSS_1414_storz_regulondb,0.07692307692307693,12,12,TCTCCTCCTTCTAGAATGAG,0,9752
TSS_1414_storz_regulondb,0.07692307692307693,12,12,TCTATCCTATAGGGGCACAT,0,66445
TSS_1414_storz_regulondb,0.07692307692307693,12,12,TCTAGTGGGTGACACTTGTC,0,42064
TSS_1414_storz_regulondb,0.07692307692307693,12,12,TCTACCATTAGGCAAGGTTG,0,20697
TSS_1414_storz_regulondb,0.07692307692307693,12,12,TCGTCTGGAGGTAGCGTGTT,0,75613
TSS_1414_storz_regulondb,0.07692307692307693,12,12,TCGGGTTCGCAGCTCCACGA,0,35766
TSS_1414_storz_regulondb,0.07692307692307693,12,12,TCGGGTTATAAACCCGGAGC,0,47392
TSS_1414_storz_regulondb,0.07692307692307693,12,12,TCGGGACTTTACCATTCCGT,0,67042
TSS_1414_storz_regulondb,0.07692307692307693,12,12,TCGGAGTTCCCCTAATGGTG,0,22832
TSS_1414_storz_regulondb,0.07692307692307693,12,12,TCGCTCCGTGTAACCGAGGT,0,3765
TSS_1414_storz_regulondb,0.07692307692307693,12,12,TCGATAGGGCCGCACAAGTA,0,20320
TSS_1414_storz_regulondb,0.07692307692307693,12,12,TCGAGCCGTCATGGAAGGTC,0,61868
TSS_1414_storz_regulondb,0.07692307692307693,12,12,TCGACGGTATGTGGAACCCA,0,28976
TSS_1414_storz_regulondb,0.07692307692307693,12,12,TCCTCCAACAGTGTTGAACA,0,14256
TSS_1414_storz_regulondb,0.07692307692307693,12,12,TCCCTGGTGTGTAGCTGATT,0,63940
TSS_1414_storz_regulondb,0.07692307692307693,12,12,TCCAGCGGCGTAACAACTTC,0,51856
TSS_1414_storz_regulondb,0.07692307692307693,12,12,TCATTTTCCTATGCCAAGAG,0,7555
TSS_1414_storz_regulondb,0.07692307692307693,12,12,TCATCGGAACAACGGAACAT,0,60343
TSS_1414_storz_regulondb,0.07692307692307693,12,12,TCATACACCGACGGTGGCGA,0,41963
TSS_1414_storz_regulondb,0.07692307692307693,12,12,TCAGGTCCCCCATACGAGAA,0,71456
TSS_1414_storz_regulondb,0.07692307692307693,12,12,TCAGGCGCTTAGTTTGCATA,0,80126
TSS_1414_storz_regulondb,0.07692307692307693,12,12,TCAGACGATCTCACCCGATG,0,15430
TSS_1414_storz_regulondb,0.07692307692307693,12,12,TCACGTAAGCCTCCGTCGCA,0,2180
TSS_1414_storz_regulondb,0.07692307692307693,12,12,TCACCCCTAGACCAAGACAT,0,62263
TSS_1414_storz_regulondb,0.07692307692307693,12,12,TCAATGCAAGGTCTAATGGG,0,23694
TSS_1414_storz_regulondb,0.07692307692307693,12,12,TATTTTCTTTTTTATGCCAG,0,2309
TSS_1414_storz_regulondb,0.07692307692307693,12,12,TATTCCCATAACAGTCGATC,0,20124
TSS_1414_storz_regulondb,0.07692307692307693,12,12,TATTCAAGTGATTGGATGGT,0,54208
TSS_1414_storz_regulondb,0.07692307692307693,12,12,TATGGCTGACGCTGTTCTGT,0,29363
TSS_1414_storz_regulondb,0.07692307692307693,12,12,TATGGCACCATGTGAGATTC,0,78157
TSS_1414_storz_regulondb,0.07692307692307693,12,12,TATGCAGCTATGTTTTCTTG,0,29088
TSS_1414_storz_regulondb,0.07692307692307693,12,12,TATGATGCGGCACACCACGT,0,52515
TSS_1414_storz_regulondb,0.07692307692307693,12,12,TATCGGGCAGATAGAGAGTG,0,17036
TSS_1414_storz_regulondb,0.07692307692307693,12,12,TATAATGGACCTGCATAATT,0,34928
TSS_1414_storz_regulondb,0.07692307692307693,12,12,TATAAAAAGCAGGACTACAA,0,55524
TSS_1414_storz_regulondb,0.07692307692307693,12,12,TAGGTAGGTCAGAGTTTACT,0,51311
TSS_1414_storz_regulondb,0.07692307692307693,12,12,TAGGCCAGTAGACCGTAAGT,0,12416
TSS_1414_storz_regulondb,0.07692307692307693,12,12,TAGCTTGTAATCTCAAGTTT,0,30135
TSS_1414_storz_regulondb,0.07692307692307693,12,12,TAGCGGACCATTCCTCTTGT,0,12808
TSS_1414_storz_regulondb,0.07692307692307693,12,12,TAGCGATGGCTTAGGCATTA,0,16118
TSS_1414_storz_regulondb,0.07692307692307693,12,12,TAGCACGCCTCGGATTTAAT,0,75114
TSS_1414_storz_regulondb,0.07692307692307693,12,12,TAGATGCGGCCTCATAAGGA,0,55451
TSS_1414_storz_regulondb,0.07692307692307693,12,12,TAGATAAAATCCACATGGGG,0,20700
TSS_1414_storz_regulondb,0.07692307692307693,12,12,TACGTATTAGTGTTCGAGTG,0,35025
TSS_1414_storz_regulondb,0.07692307692307693,12,12,TACGCTGTGAGCAAACCGGG,0,9784
TSS_1414_storz_regulondb,0.07692307692307693,12,12,TACATAAGGTGGTTAGGACA,0,1285
TSS_1414_storz_regulondb,0.07692307692307693,12,12,TACAACTCAAATGCGTGAAA,0,10798
TSS_1414_storz_regulondb,0.07692307692307693,12,12,TAATACGCAAAGCCTGTGGA,0,61742
TSS_1414_storz_regulondb,0.07692307692307693,12,12,TAAGCGTTGAAAAAATCTCT,0,63000
TSS_1414_storz_regulondb,0.07692307692307693,12,12,TAACTCCGCTTCAGGGACAT,0,5688
TSS_1414_storz_regulondb,0.07692307692307693,12,12,TAACGCCACTAAGCACTTAA,0,25672
TSS_1414_storz_regulondb,0.07692307692307693,12,12,TAACCGGACACCCTGTAAGT,0,47645
TSS_1414_storz_regulondb,0.07692307692307693,12,12,TAACATCTGGCCCTTCTGGC,0,79308
TSS_1414_storz_regulondb,0.07692307692307693,12,12,TAAACGAAGAACAGATACAG,0,31669
TSS_1414_storz_regulondb,0.07692307692307693,12,12,TAAACAGGGCGGGTTTAGCA,0,42856
TSS_1414_storz_regulondb,0.07692307692307693,12,12,GTTTTGTGCTATAACCTCGT,0,25557
TSS_1414_storz_regulondb,0.07692307692307693,12,12,GTTTTCTGACAAGCGTGTGA,0,47560
TSS_1414_storz_regulondb,0.07692307692307693,12,12,GTTTGCCGAGCTCGTCGAAT,0,75643
TSS_1414_storz_regulondb,0.07692307692307693,12,12,GTTTCTCTTGATACAGAAAA,0,78637
TSS_1414_storz_regulondb,0.07692307692307693,12,12,GTTTCTACGAGGGCCGCCAC,0,7489
TSS_1414_storz_regulondb,0.07692307692307693,12,12,GTTGTTAGTGATTGTAGGAG,0,77688
TSS_1414_storz_regulondb,0.07692307692307693,12,12,GTTGTCCGTGGTACATCAGA,0,75543
TSS_1414_storz_regulondb,0.07692307692307693,12,12,GTTCTGCCCCGTAGGTCTTC,0,7615
TSS_1414_storz_regulondb,0.07692307692307693,12,12,GTTCACATGCGCCTGAGTAT,0,42965
TSS_1414_storz_regulondb,0.07692307692307693,12,12,GTTATTGGTCGTCGGTTATC,0,62111
TSS_1414_storz_regulondb,0.07692307692307693,12,12,GTTAGGCGGTCTATAGGCCG,0,2078
TSS_1414_storz_regulondb,0.07692307692307693,12,12,GTTAGGCAACAGCCTGTGGT,0,64958
TSS_1414_storz_regulondb,0.07692307692307693,12,12,GTTACTCAGAGCTATTGTGT,0,43860
TSS_1414_storz_regulondb,0.07692307692307693,12,12,GTTACCGTCCAGTCTCATTC,0,4933
TSS_1414_storz_regulondb,0.07692307692307693,12,12,GTGCTACGTTTGGGTTCGTG,0,7044
TSS_1414_storz_regulondb,0.07692307692307693,12,12,GTGCCCCCTGATACCCGAGA,0,36889
TSS_1414_storz_regulondb,0.07692307692307693,12,12,GTGCCACTCGGAAACCTCAC,0,78204
TSS_1414_storz_regulondb,0.07692307692307693,12,12,GTGCAACGTCCACAACGTTG,0,64361
TSS_1414_storz_regulondb,0.07692307692307693,12,12,GTGATACAGCCGGCCGTTCT,0,67638
TSS_1414_storz_regulondb,0.07692307692307693,12,12,GTGAGGCAGTTACCTGTTGT,0,51152
TSS_1414_storz_regulondb,0.07692307692307693,12,12,GTGAGCTGCAAACGACGAGG,0,16655
TSS_1414_storz_regulondb,0.07692307692307693,12,12,GTGACGGTCAGCTACGCTAC,0,23352
TSS_1414_storz_regulondb,0.07692307692307693,12,12,GTGAAAGAGCTCAGCGCTCA,0,75073
TSS_1414_storz_regulondb,0.07692307692307693,12,12,GTCTTCTGGAGGCTGCAGTC,0,19959
TSS_1414_storz_regulondb,0.07692307692307693,12,12,GTCTGGTGGATAATGCCCAA,0,52070
TSS_1414_storz_regulondb,0.07692307692307693,12,12,GTCGTACTGGTAGTTTGAAC,0,12768
TSS_1414_storz_regulondb,0.07692307692307693,12,12,GTCGGAGCCCTATTTCTCAT,0,45253
TSS_1414_storz_regulondb,0.07692307692307693,12,12,GTCGAGTTTGCGGAGCGTAA,0,77550
TSS_1414_storz_regulondb,0.07692307692307693,12,12,GTCCTGGACGACCGTTCCTC,0,78249
TSS_1414_storz_regulondb,0.07692307692307693,12,12,GTCCGTCGCGGCTTCAACTT,0,56130
TSS_1414_storz_regulondb,0.07692307692307693,12,12,GTCCGGCAGGACTGAAAAGC,0,22155
TSS_1414_storz_regulondb,0.07692307692307693,12,12,GTCCAGGACCCTACATAGGC,0,15995
TSS_1414_storz_regulondb,0.07692307692307693,12,12,GTCCACTTAGGGCGATGGGG,0,32827
TSS_1414_storz_regulondb,0.07692307692307693,12,12,GTCACGACGTAGGTACAATA,0,41398
TSS_1414_storz_regulondb,0.07692307692307693,12,12,GTATTGGTCGGCGACTTGGT,0,9761
TSS_1414_storz_regulondb,0.07692307692307693,12,12,GTATGTGTGTGTAGAGCATG,0,77412
TSS_1414_storz_regulondb,0.07692307692307693,12,12,GTATGCGACGTGCTCACCAA,0,64237
TSS_1414_storz_regulondb,0.07692307692307693,12,12,GTAAGCCGTAGGCTTTATGC,0,15962
TSS_1414_storz_regulondb,0.07692307692307693,12,12,GTAAATTTACAACGGTTCCA,0,38831
TSS_1414_storz_regulondb,0.07692307692307693,12,12,GGTTGGGCGCACCTGGAGCA,0,930
TSS_1414_storz_regulondb,0.07692307692307693,12,12,GGTTGGGCGACTGGACCATG,0,52678
TSS_1414_storz_regulondb,0.07692307692307693,12,12,GGTTGGAAGTCAAGCACCTA,0,29667
TSS_1414_storz_regulondb,0.07692307692307693,12,12,GGTTAGCTGCCCGGTAGGGA,0,42447
TSS_1414_storz_regulondb,0.07692307692307693,12,12,GGTGTTCGAACTCGGCCCTG,0,66219
TSS_1414_storz_regulondb,0.07692307692307693,12,12,GGTGCCTACATTGTAGAGGC,0,60939
TSS_1414_storz_regulondb,0.07692307692307693,12,12,GGTGACTATTGGATGGAAAC,0,73077
TSS_1414_storz_regulondb,0.07692307692307693,12,12,GGTGAAGCTTTTCATCAACT,0,44303
TSS_1414_storz_regulondb,0.07692307692307693,12,12,GGTCGTCCGGTGTAGGCTTA,0,78543
TSS_1414_storz_regulondb,0.07692307692307693,12,12,GGTATGTTACGGTAAATAAT,0,42797
TSS_1414_storz_regulondb,0.07692307692307693,12,12,GGTATACGCGCGCTGTCGTG,0,27427
TSS_1414_storz_regulondb,0.07692307692307693,12,12,GGTAGTGGTGGTAGTAAGCT,0,61139
TSS_1414_storz_regulondb,0.07692307692307693,12,12,GGTAGGACCACAATGTGGAT,0,49656
TSS_1414_storz_regulondb,0.07692307692307693,12,12,GGTACTCCCGCAATCGGGCA,0,30725
TSS_1414_storz_regulondb,0.07692307692307693,12,12,GGTACCGACCGTGGAACCAA,0,27581
TSS_1414_storz_regulondb,0.07692307692307693,12,12,GGTACCATAGAGACCGGGTC,0,54876
TSS_1414_storz_regulondb,0.07692307692307693,12,12,GGTAATCAAGCGCTATTATA,0,30385
TSS_1414_storz_regulondb,0.07692307692307693,12,12,GGTAACGGCGGAATTATAAA,0,55297
TSS_1414_storz_regulondb,0.07692307692307693,12,12,GGGTTGAGACAGGCTTAACT,0,4638
TSS_1414_storz_regulondb,0.07692307692307693,12,12,GGGTGCAGCCGAGAAATCCT,0,36815
TSS_1414_storz_regulondb,0.07692307692307693,12,12,GGGTCGGTGAGTTAACCATT,0,66236
TSS_1414_storz_regulondb,0.07692307692307693,12,12,GGGTACCCCCCTACAGGCCA,0,50497
TSS_1414_storz_regulondb,0.07692307692307693,12,12,GGGTAAGAGTCCCTCCCGTT,0,30694
TSS_1414_storz_regulondb,0.07692307692307693,12,12,GGGGGGTATGAAGAAGTCAG,0,57302
TSS_1414_storz_regulondb,0.07692307692307693,12,12,GGGGCCTACACATCTCGAAA,0,70769
TSS_1414_storz_regulondb,0.07692307692307693,12,12,GGGGCAAATGCGCCACTCGT,0,45370
TSS_1414_storz_regulondb,0.07692307692307693,12,12,GGGGACCATGTGCTGAGTTG,0,7664
TSS_1414_storz_regulondb,0.07692307692307693,12,12,GGGGAATTCGTTACGCGTCT,0,69173
TSS_1414_storz_regulondb,0.07692307692307693,12,12,GGGGAAACTATGGTCTCTGT,0,15791
TSS_1414_storz_regulondb,0.07692307692307693,12,12,GGGCCGTTTCCTTTCTCTAT,0,75574
TSS_1414_storz_regulondb,0.07692307692307693,12,12,GGGCCAGAGGTGACTAGCAA,0,28864
TSS_1414_storz_regulondb,0.07692307692307693,12,12,GGCTGTGTAGGAAACACTAA,0,9726
TSS_1414_storz_regulondb,0.07692307692307693,12,12,GGCTGGGTTTATTTACAATA,0,32599
TSS_1414_storz_regulondb,0.07692307692307693,12,12,GGCGAAGTCTGAATCACAGT,0,64653
TSS_1414_storz_regulondb,0.07692307692307693,12,12,GGCATTCCCACTTGCAACGG,0,58342
TSS_1414_storz_regulondb,0.07692307692307693,12,12,GGCAGTTGTTCAGTAGGACT,0,20204
TSS_1414_storz_regulondb,0.07692307692307693,12,12,GGCAGGGAGGATCAAATTAT,0,60597
TSS_1414_storz_regulondb,0.07692307692307693,12,12,GGCAGGGAATTGTCTTCGCA,0,72882
TSS_1414_storz_regulondb,0.07692307692307693,12,12,GGCAAACGGCAAAGACGCAT,0,35244
TSS_1414_storz_regulondb,0.07692307692307693,12,12,GGATGTACATAATAGTAGGC,0,65721
TSS_1414_storz_regulondb,0.07692307692307693,12,12,GGATGCGCTCAACGCCGGAT,0,14354
TSS_1414_storz_regulondb,0.07692307692307693,12,12,GGATGCGCGACGCGGCGAGT,0,21529
TSS_1414_storz_regulondb,0.07692307692307693,12,12,GGATAGGCGTCGTGAACGCT,0,24999
TSS_1414_storz_regulondb,0.07692307692307693,12,12,GGAGTGACTGGAAAGGGGAT,0,68117
TSS_1414_storz_regulondb,0.07692307692307693,12,12,GGAGGAGCCTGAGTCATAAA,0,44422
TSS_1414_storz_regulondb,0.07692307692307693,12,12,GGAGCCATCAGAGACAACGA,0,69254
TSS_1414_storz_regulondb,0.07692307692307693,12,12,GGAGAAGTATGTGCGGGTAC,0,16230
TSS_1414_storz_regulondb,0.07692307692307693,12,12,GGACTTCTCAGCCCCGACGT,0,12198
TSS_1414_storz_regulondb,0.07692307692307693,12,12,GGACGAACCTCCCACAGGGA,0,4314
TSS_1414_storz_regulondb,0.07692307692307693,12,12,GGACCTCTGAGTATGATGGG,0,50835
TSS_1414_storz_regulondb,0.07692307692307693,12,12,GGAATGCTATGGTATCTACA,0,59769
TSS_1414_storz_regulondb,0.07692307692307693,12,12,GGAAGCTTGTCTTTCAGAGG,0,28101
TSS_1414_storz_regulondb,0.07692307692307693,12,12,GCTGGCACGCGGGGATGAAT,0,2416
TSS_1414_storz_regulondb,0.07692307692307693,12,12,GCTACGGGATCATGGGCTTC,0,62453
TSS_1414_storz_regulondb,0.07692307692307693,12,12,GCGTTGCTCAGTTGTCACTT,0,42411
TSS_1414_storz_regulondb,0.07692307692307693,12,12,GCGTTCTCACCTTGGTTTGT,0,32454
TSS_1414_storz_regulondb,0.07692307692307693,12,12,GCGTGAACACTGGTAGAAAA,0,56527
TSS_1414_storz_regulondb,0.07692307692307693,12,12,GCGTACGACCTTGTGGATCG,0,14162
TSS_1414_storz_regulondb,0.07692307692307693,12,12,GCGGCGCAATGCTTTGGCGT,0,67646
TSS_1414_storz_regulondb,0.07692307692307693,12,12,GCGCCTATCACCGGAGACTG,0,17878
TSS_1414_storz_regulondb,0.07692307692307693,12,12,GCGAATTGAGCGACTGTTCT,0,79294
TSS_1414_storz_regulondb,0.07692307692307693,12,12,GCGAATTATATTCGGCGTCT,0,37036
TSS_1414_storz_regulondb,0.07692307692307693,12,12,GCCTTTCGATGACTGCCGAG,0,53308
TSS_1414_storz_regulondb,0.07692307692307693,12,12,GCCTGCGTTTGGCTTTGGCT,0,32864
TSS_1414_storz_regulondb,0.07692307692307693,12,12,GCCTATGCAGATTAGACTTA,0,20271
TSS_1414_storz_regulondb,0.07692307692307693,12,12,GCCTAGGGCATTGCGTTATA,0,49602
TSS_1414_storz_regulondb,0.07692307692307693,12,12,GCCCTTCTACGTGTTTCGGC,0,47977
TSS_1414_storz_regulondb,0.07692307692307693,12,12,GCCCTCAAGCGTCGGTGCGT,0,15429
TSS_1414_storz_regulondb,0.07692307692307693,12,12,GCCATGTTTATCTGAGGAGA,0,55589
TSS_1414_storz_regulondb,0.07692307692307693,12,12,GCCAGTGGGCCTTATCGGAT,0,68621
TSS_1414_storz_regulondb,0.07692307692307693,12,12,GCATGTACTCATTACCGATG,0,71865
TSS_1414_storz_regulondb,0.07692307692307693,12,12,GCATGGGGTGCACTGACGAA,0,9390
TSS_1414_storz_regulondb,0.07692307692307693,12,12,GCATGCTCTAGGCGTTTGGT,0,19381
TSS_1414_storz_regulondb,0.07692307692307693,12,12,GCATCTATGAGGGCAACCCG,0,80488
TSS_1414_storz_regulondb,0.07692307692307693,12,12,GCATCGAATACTGCCGTAGG,0,75731
TSS_1414_storz_regulondb,0.07692307692307693,12,12,GCAGTCGGGGTTGCTCTAGC,0,54613
TSS_1414_storz_regulondb,0.07692307692307693,12,12,GCAGTAGTTTACGGTGGAGT,0,58793
TSS_1414_storz_regulondb,0.07692307692307693,12,12,GCAGCACTGGGTGAGCTATC,0,5058
TSS_1414_storz_regulondb,0.07692307692307693,12,12,GCACGGTCGTGGCTCGGGTA,0,28349
TSS_1414_storz_regulondb,0.07692307692307693,12,12,GCAAGTTTACGCGCCGCAGA,0,56134
TSS_1414_storz_regulondb,0.07692307692307693,12,12,GCAAGACACTAGTCCATATT,0,33073
TSS_1414_storz_regulondb,0.07692307692307693,12,12,GATTGTCGAACGCATCCGAG,0,61745
TSS_1414_storz_regulondb,0.07692307692307693,12,12,GATTAAGGTCTTTAGTATCA,0,70344
TSS_1414_storz_regulondb,0.07692307692307693,12,12,GATGTTTTAAACAGTTATTG,0,27575
TSS_1414_storz_regulondb,0.07692307692307693,12,12,GATGTGGGGATACCTTGCAG,0,30990
TSS_1414_storz_regulondb,0.07692307692307693,12,12,GATGGTAGCTCGGATGGTAC,0,20871
TSS_1414_storz_regulondb,0.07692307692307693,12,12,GATGCCAATCAAAGTTCTTC,0,28612
TSS_1414_storz_regulondb,0.07692307692307693,12,12,GATGATCACGCATTCCGGAA,0,42874
TSS_1414_storz_regulondb,0.07692307692307693,12,12,GATGAGTCCCACCCGCCAAG,0,22761
TSS_1414_storz_regulondb,0.07692307692307693,12,12,GATCTGCATGGCTTGCAGTA,0,68383
TSS_1414_storz_regulondb,0.07692307692307693,12,12,GATCGCACGTCCCAGCACCT,0,1503
TSS_1414_storz_regulondb,0.07692307692307693,12,12,GATCGATCGCAGGGAGGTAG,0,5902
TSS_1414_storz_regulondb,0.07692307692307693,12,12,GATATTGTGATGCATGTAAT,0,48309
TSS_1414_storz_regulondb,0.07692307692307693,12,12,GATATCCAACATCCTGTGTC,0,34111
TSS_1414_storz_regulondb,0.07692307692307693,12,12,GATAACGATCCTCCGGTATA,0,40432
TSS_1414_storz_regulondb,0.07692307692307693,12,12,GAGTGTGTCAATCGTCTAAG,0,8234
TSS_1414_storz_regulondb,0.07692307692307693,12,12,GAGTCCGATCAATCGACGAC,0,16603
TSS_1414_storz_regulondb,0.07692307692307693,12,12,GAGTAGAACTCCATGCGGTT,0,44081
TSS_1414_storz_regulondb,0.07692307692307693,12,12,GAGGTTTGGAGCTAAGCTAT,0,45702
TSS_1414_storz_regulondb,0.07692307692307693,12,12,GAGGTAATGCGCGTCCCGTG,0,20183
TSS_1414_storz_regulondb,0.07692307692307693,12,12,GACTAATATTCAAAATAGAT,0,62073
TSS_1414_storz_regulondb,0.07692307692307693,12,12,GACCTTTGCATTACCGTCTA,0,64070
TSS_1414_storz_regulondb,0.07692307692307693,12,12,GACCTATAGTTTTAGTCCTA,0,3438
TSS_1414_storz_regulondb,0.07692307692307693,12,12,GACCGCCAGGCGGTGATAAA,0,39412
TSS_1414_storz_regulondb,0.07692307692307693,12,12,GACCGAGACGTAAGGAAATC,0,63223
TSS_1414_storz_regulondb,0.07692307692307693,12,12,GACATCGATCTCTGGCTCGG,0,7321
TSS_1414_storz_regulondb,0.07692307692307693,12,12,GACACTTCGGCCGCATTCCT,0,20371
TSS_1414_storz_regulondb,0.07692307692307693,12,12,GAATGGTCCCGGCATCTCAT,0,77363
TSS_1414_storz_regulondb,0.07692307692307693,12,12,GAAGCGCCCCCAAGTGTTTT,0,6381
TSS_1414_storz_regulondb,0.07692307692307693,12,12,GAAGCATTTGTAACACGGTC,0,7020
TSS_1414_storz_regulondb,0.07692307692307693,12,12,GAAGCACTATAATCCTCGAA,0,19664
TSS_1414_storz_regulondb,0.07692307692307693,12,12,GAACGCCGCGCGAGACCGGG,0,43899
TSS_1414_storz_regulondb,0.07692307692307693,12,12,GAAATGGTGCTCCTGCGTGG,0,10054
TSS_1414_storz_regulondb,0.07692307692307693,12,12,GAAAAAAATGGGTGCATACT,0,72136
TSS_1414_storz_regulondb,0.07692307692307693,12,12,CTTTTCGTTTTTTGACTTTG,0,76286
TSS_1414_storz_regulondb,0.07692307692307693,12,12,CTTTCCTGGATTAATAAATT,0,18773
TSS_1414_storz_regulondb,0.07692307692307693,12,12,CTTGAGAGAGAAAGGCTTCA,0,4353
TSS_1414_storz_regulondb,0.07692307692307693,12,12,CTTCAGTTTTCTGCGATCAA,0,66073
TSS_1414_storz_regulondb,0.07692307692307693,12,12,CTTATGCCATCGCCGAGTGA,0,52339
TSS_1414_storz_regulondb,0.07692307692307693,12,12,CTGTCCAAGATATCGCATAA,0,40929
TSS_1414_storz_regulondb,0.07692307692307693,12,12,CTGGTCGTTAGTACGTTGCT,0,11489
TSS_1414_storz_regulondb,0.07692307692307693,12,12,CTGGGGTTGGGATCATTAGG,0,74960
TSS_1414_storz_regulondb,0.07692307692307693,12,12,CTGGCCACGCTATCGAACCA,0,80045
TSS_1414_storz_regulondb,0.07692307692307693,12,12,CTGCGTCTAGGTGGCTACCG,0,60774
TSS_1414_storz_regulondb,0.07692307692307693,12,12,CTGAGGGCGATGATGTCCAG,0,22130
TSS_1414_storz_regulondb,0.07692307692307693,12,12,CTGAGGGCACGGTCTCGACT,0,20604
TSS_1414_storz_regulondb,0.07692307692307693,12,12,CTCTGGCGAGCGCCCACTAT,0,66000
TSS_1414_storz_regulondb,0.07692307692307693,12,12,CTCTCTCGGATTGAATTCAT,0,64311
TSS_1414_storz_regulondb,0.07692307692307693,12,12,CTCGGGTCTGTCCCAGGAGG,0,20327
TSS_1414_storz_regulondb,0.07692307692307693,12,12,CTCGGGGCAGGTGCACATCA,0,1850
TSS_1414_storz_regulondb,0.07692307692307693,12,12,CTCGCTCCGACATAGCCTTT,0,19855
TSS_1414_storz_regulondb,0.07692307692307693,12,12,CTCGAGCATGCGCCGGTAGG,0,64231
TSS_1414_storz_regulondb,0.07692307692307693,12,12,CTCCGTTGCGGACCTCAGTT,0,1067
TSS_1414_storz_regulondb,0.07692307692307693,12,12,CTCCAATCGTCACGACCAAT,0,12115
TSS_1414_storz_regulondb,0.07692307692307693,12,12,CTCCAAAAATGTGCTGAGTT,0,77063
TSS_1414_storz_regulondb,0.07692307692307693,12,12,CTCAGCAGTTGTGGGGGGCG,0,49121
TSS_1414_storz_regulondb,0.07692307692307693,12,12,CTCAAGACGCGTCTCTCAGT,0,75481
TSS_1414_storz_regulondb,0.07692307692307693,12,12,CTATTCTAGTAAACTTGAAC,0,72291
TSS_1414_storz_regulondb,0.07692307692307693,12,12,CTATTATGCTGTGTGGCGTT,0,22552
TSS_1414_storz_regulondb,0.07692307692307693,12,12,CTATGTCCCGCCAAGCGGGT,0,56844
TSS_1414_storz_regulondb,0.07692307692307693,12,12,CTAGCCGGGGGCCGCGTAGG,0,7628
TSS_1414_storz_regulondb,0.07692307692307693,12,12,CTACGCCTTACGGACAGGCT,0,16164
TSS_1414_storz_regulondb,0.07692307692307693,12,12,CTACACAATCCCGACGACGA,0,64550
TSS_1414_storz_regulondb,0.07692307692307693,12,12,CTAAGAGATGCCGGCACCCT,0,38307
TSS_1414_storz_regulondb,0.07692307692307693,12,12,CTAACTGGACGTAACCCTGA,0,79313
TSS_1414_storz_regulondb,0.07692307692307693,12,12,CGTTTCTCTTACTATGGTTC,0,60096
TSS_1414_storz_regulondb,0.07692307692307693,12,12,CGTTTCTCGGCAAAGACGGC,0,35551
TSS_1414_storz_regulondb,0.07692307692307693,12,12,CGTTGTCTGCAGGATCATAA,0,24401
TSS_1414_storz_regulondb,0.07692307692307693,12,12,CGTGTGTCAACCAGGCATAA,0,11780
TSS_1414_storz_regulondb,0.07692307692307693,12,12,CGTGTAAAGTATCTTGAGGT,0,24200
TSS_1414_storz_regulondb,0.07692307692307693,12,12,CGTGGGGCCGTTTGAAATCT,0,478
TSS_1414_storz_regulondb,0.07692307692307693,12,12,CGTCTTTATGAAGCGGTTGC,0,57115
TSS_1414_storz_regulondb,0.07692307692307693,12,12,CGTCTCTACGGCGAATATCA,0,68602
TSS_1414_storz_regulondb,0.07692307692307693,12,12,CGTCGAGATCACACTTGCAT,0,36362
TSS_1414_storz_regulondb,0.07692307692307693,12,12,CGTCACTTCAGCTTTTATTT,0,9304
TSS_1414_storz_regulondb,0.07692307692307693,12,12,CGTAGTCGATAACGCAGCTA,0,9590
TSS_1414_storz_regulondb,0.07692307692307693,12,12,CGTACGTTTAAGGAAACCTG,0,7380
TSS_1414_storz_regulondb,0.07692307692307693,12,12,CGTAATCCACGGGCTACCGT,0,80059
TSS_1414_storz_regulondb,0.07692307692307693,12,12,CGGTTTCTCGTGAACCCGGT,0,40803
TSS_1414_storz_regulondb,0.07692307692307693,12,12,CGGTCCTCCTATATGTGCCA,0,69948
TSS_1414_storz_regulondb,0.07692307692307693,12,12,CGGTCAATACGCTCGAAGCC,0,68884
TSS_1414_storz_regulondb,0.07692307692307693,12,12,CGGGTGGGTTGGCTAGAAAG,0,24229
TSS_1414_storz_regulondb,0.07692307692307693,12,12,CGGGTCTGGCTGGATCGGCT,0,10030
TSS_1414_storz_regulondb,0.07692307692307693,12,12,CGGGTACTCGTAAGGCCTCT,0,606
TSS_1414_storz_regulondb,0.07692307692307693,12,12,CGGGATTCGAATGAAATATA,0,22369
TSS_1414_storz_regulondb,0.07692307692307693,12,12,CGGCGTGCAAGAGACGCCGT,0,61160
TSS_1414_storz_regulondb,0.07692307692307693,12,12,CGGATGGGTAATGCAAAAGC,0,23089
TSS_1414_storz_regulondb,0.07692307692307693,12,12,CGCTTATATAAGGGTCCGGT,0,42113
TSS_1414_storz_regulondb,0.07692307692307693,12,12,CGCGTTCAGGGGATTTTCGG,0,11060
TSS_1414_storz_regulondb,0.07692307692307693,12,12,CGCGTACTCCCGTGAAGGTC,0,64251
TSS_1414_storz_regulondb,0.07692307692307693,12,12,CGCGCGTCTTACTTGGTCCT,0,33214
TSS_1414_storz_regulondb,0.07692307692307693,12,12,CGCGCACGGGAAGCTATCAA,0,49663
TSS_1414_storz_regulondb,0.07692307692307693,12,12,CGCGAGCACCTGCCGGAATA,0,80694
TSS_1414_storz_regulondb,0.07692307692307693,12,12,CGCCTTAACACGTAGGGGAG,0,41372
TSS_1414_storz_regulondb,0.07692307692307693,12,12,CGCCTAGAGGAATACCGTCT,0,61304
TSS_1414_storz_regulondb,0.07692307692307693,12,12,CGCCCAGTTTATATGCTGCC,0,33912
TSS_1414_storz_regulondb,0.07692307692307693,12,12,CGAGTCTGTTTTACTCGTCA,0,5762
TSS_1414_storz_regulondb,0.07692307692307693,12,12,CGAGCCATCGGGTAGACGGT,0,18043
TSS_1414_storz_regulondb,0.07692307692307693,12,12,CGAGAGGTATTCCGCGGAAG,0,51358
TSS_1414_storz_regulondb,0.07692307692307693,12,12,CGACTATAACACGCGCTCTA,0,74598
TSS_1414_storz_regulondb,0.07692307692307693,12,12,CGACAGGGAGGGCTAAATGT,0,3958
TSS_1414_storz_regulondb,0.07692307692307693,12,12,CGAATATATTGACTCGTCTA,0,11093
TSS_1414_storz_regulondb,0.07692307692307693,12,12,CGAAGGGGACTTTACCGCGG,0,63651
TSS_1414_storz_regulondb,0.07692307692307693,12,12,CGAACTCACAAAGGCTGTTG,0,39876
TSS_1414_storz_regulondb,0.07692307692307693,12,12,CCTTTGGGTACCGTAAAAGT,0,73313
TSS_1414_storz_regulondb,0.07692307692307693,12,12,CCTTCTTGTATGCACGTAGG,0,39617
TSS_1414_storz_regulondb,0.07692307692307693,12,12,CCTTCTATTAACATGATCAC,0,36639
TSS_1414_storz_regulondb,0.07692307692307693,12,12,CCTTCCGAGGGCAAAAATGC,0,54761
TSS_1414_storz_regulondb,0.07692307692307693,12,12,CCTTACAGCTACCGCATTTC,0,36792
TSS_1414_storz_regulondb,0.07692307692307693,12,12,CCTGGGTGTACCTTCAGATT,0,26933
TSS_1414_storz_regulondb,0.07692307692307693,12,12,CCTGAAGAGCCTAATATGCT,0,51033
TSS_1414_storz_regulondb,0.07692307692307693,12,12,CCTCTCCCCTGGCTAGTCCG,0,35929
TSS_1414_storz_regulondb,0.07692307692307693,12,12,CCTCCGCTTATAAATTAGAG,0,30744
TSS_1414_storz_regulondb,0.07692307692307693,12,12,CCTCCCAGGCGACTAGTAGG,0,21222
TSS_1414_storz_regulondb,0.07692307692307693,12,12,CCTCATTAGTTAGCCTGTAG,0,70837
TSS_1414_storz_regulondb,0.07692307692307693,12,12,CCTCATGATTGGGGCAGTCT,0,3192
TSS_1414_storz_regulondb,0.07692307692307693,12,12,CCTCAGTTGCCTACGTTATT,0,23685
TSS_1414_storz_regulondb,0.07692307692307693,12,12,CCTAAGTCTTAGGTCCTGTG,0,48405
TSS_1414_storz_regulondb,0.07692307692307693,12,12,CCGTGGTAGCGAAAGATTCG,0,73935
TSS_1414_storz_regulondb,0.07692307692307693,12,12,CCGTATATAAAGACGACTTG,0,47838
TSS_1414_storz_regulondb,0.07692307692307693,12,12,CCGGATACTTTCAAGATTAG,0,79734
TSS_1414_storz_regulondb,0.07692307692307693,12,12,CCGGAGGTGGACACCGCGGT,0,74691
TSS_1414_storz_regulondb,0.07692307692307693,12,12,CCGCTGCATGATATGGCTGA,0,71594
TSS_1414_storz_regulondb,0.07692307692307693,12,12,CCGCATTTGGCTGATAGGTA,0,45265
TSS_1414_storz_regulondb,0.07692307692307693,12,12,CCGATGTACTTACATGTCTC,0,68463
TSS_1414_storz_regulondb,0.07692307692307693,12,12,CCGACGGGCTTAAACCTGGC,0,59483
TSS_1414_storz_regulondb,0.07692307692307693,12,12,CCGACATTTAGACTGATACG,0,50830
TSS_1414_storz_regulondb,0.07692307692307693,12,12,CCCTGAAATGGTATGGATAT,0,14213
TSS_1414_storz_regulondb,0.07692307692307693,12,12,CCCTCTCTTCTGAGGACTCA,0,54263
TSS_1414_storz_regulondb,0.07692307692307693,12,12,CCCTCATGAAGGGTCGCTGG,0,73758
TSS_1414_storz_regulondb,0.07692307692307693,12,12,CCCTCACCGTTTTCCATCAC,0,76582
TSS_1414_storz_regulondb,0.07692307692307693,12,12,CCCGTATCTTAATTAGGGAT,0,40301
TSS_1414_storz_regulondb,0.07692307692307693,12,12,CCCGGTCGCCACTGACATAA,0,33278
TSS_1414_storz_regulondb,0.07692307692307693,12,12,CCCGCACAGGTGGAGGGTTA,0,41556
TSS_1414_storz_regulondb,0.07692307692307693,12,12,CCCGACCAAGTAAAGCCATC,0,51386
TSS_1414_storz_regulondb,0.07692307692307693,12,12,CCCCTGAAGCGGAGGTCATA,0,69427
TSS_1414_storz_regulondb,0.07692307692307693,12,12,CCCCGTCCGTGTGGAGTCTT,0,63299
TSS_1414_storz_regulondb,0.07692307692307693,12,12,CCCCGGATAGTGGGTCCGTC,0,58176
TSS_1414_storz_regulondb,0.07692307692307693,12,12,CCCCGACAATTAATGGGTTA,0,60461
TSS_1414_storz_regulondb,0.07692307692307693,12,12,CCCATGCTGTTTTGTGCCGT,0,19201
TSS_1414_storz_regulondb,0.07692307692307693,12,12,CCATGTAGGCATCACCCAGT,0,50706
TSS_1414_storz_regulondb,0.07692307692307693,12,12,CCATGCAGGTTTAGATGCGT,0,16993
TSS_1414_storz_regulondb,0.07692307692307693,12,12,CCATATAGGTGATGGCGACT,0,13420
TSS_1414_storz_regulondb,0.07692307692307693,12,12,CCAGTTCCACGCCAGAGGAG,0,37930
TSS_1414_storz_regulondb,0.07692307692307693,12,12,CCAGGTAGGTAGCGTTACCT,0,24500
TSS_1414_storz_regulondb,0.07692307692307693,12,12,CCAGCCGGTGACGGTAGGAT,0,65815
TSS_1414_storz_regulondb,0.07692307692307693,12,12,CCAGAGCTAATTGGAGCCAT,0,22836
TSS_1414_storz_regulondb,0.07692307692307693,12,12,CCAGACACGTACGGACGTAT,0,16334
TSS_1414_storz_regulondb,0.07692307692307693,12,12,CCACGGCGGGGGGCCTCCGA,0,46494
TSS_1414_storz_regulondb,0.07692307692307693,12,12,CCACCACAGAATATTCTTTT,0,23632
TSS_1414_storz_regulondb,0.07692307692307693,12,12,CCACAAACCATTGAGACTGG,0,68378
TSS_1414_storz_regulondb,0.07692307692307693,12,12,CCAATCGACAGGCGCGTCAG,0,46183
TSS_1414_storz_regulondb,0.07692307692307693,12,12,CCAATATCAGCATCGCAATC,0,11782
TSS_1414_storz_regulondb,0.07692307692307693,12,12,CCAACGCTCAACTCATATCA,0,41326
TSS_1414_storz_regulondb,0.07692307692307693,12,12,CCAACCAGGATTTCAGTTCA,0,12283
TSS_1414_storz_regulondb,0.07692307692307693,12,12,CATTTACAAGAAGGATGGCA,0,73842
TSS_1414_storz_regulondb,0.07692307692307693,12,12,CATTGCACGTTTCTGAGGAG,0,34790
TSS_1414_storz_regulondb,0.07692307692307693,12,12,CATGGTTATCCCTGCGTCTT,0,62793
TSS_1414_storz_regulondb,0.07692307692307693,12,12,CATGGTCTTTAGCCGGAGTC,0,12965
TSS_1414_storz_regulondb,0.07692307692307693,12,12,CATGGAGGCTCCGTTATCAC,0,13454
TSS_1414_storz_regulondb,0.07692307692307693,12,12,CATGGAACCATATTGCTTGG,0,29189
TSS_1414_storz_regulondb,0.07692307692307693,12,12,CATGCTCCAGGGCCATCAGG,0,24666
TSS_1414_storz_regulondb,0.07692307692307693,12,12,CATGAGTCTCTTTGGGGGAG,0,39546
TSS_1414_storz_regulondb,0.07692307692307693,12,12,CATCGCACCAGACAGGAGGG,0,15317
TSS_1414_storz_regulondb,0.07692307692307693,12,12,CATCGAAGATTGAGCATGCG,0,61257
TSS_1414_storz_regulondb,0.07692307692307693,12,12,CATCACGTAATGGCGAGGTC,0,77356
TSS_1414_storz_regulondb,0.07692307692307693,12,12,CATAGCCTGTTGTTTGGAGC,0,42498
TSS_1414_storz_regulondb,0.07692307692307693,12,12,CATACCGACGAGGGCGATAT,0,18334
TSS_1414_storz_regulondb,0.07692307692307693,12,12,CATAACGGGCCTTTAAGCTA,0,37150
TSS_1414_storz_regulondb,0.07692307692307693,12,12,CAGTTTAAATCCATAGTAGA,0,34304
TSS_1414_storz_regulondb,0.07692307692307693,12,12,CAGTTAGCCTCCCAATCCAT,0,38932
TSS_1414_storz_regulondb,0.07692307692307693,12,12,CAGTGTTAAATTTCTCGTGA,0,16940
TSS_1414_storz_regulondb,0.07692307692307693,12,12,CAGTCTCATGCGTGATCGGT,0,48012
TSS_1414_storz_regulondb,0.07692307692307693,12,12,CAGGGGGTCTCCCAAGTCAG,0,34195
TSS_1414_storz_regulondb,0.07692307692307693,12,12,CAGCTAGCTATCTACGCTCA,0,31
TSS_1414_storz_regulondb,0.07692307692307693,12,12,CAGCCGTCTTAAAAGTACTC,0,14998
TSS_1414_storz_regulondb,0.07692307692307693,12,12,CAGCCCTTAGGTCTCACAGG,0,43548
TSS_1414_storz_regulondb,0.07692307692307693,12,12,CAGCCATATGCCGCCCATTG,0,49413
TSS_1414_storz_regulondb,0.07692307692307693,12,12,CAGCCAACGTTTGTTTATGT,0,26506
TSS_1414_storz_regulondb,0.07692307692307693,12,12,CAGCATGTCTCTAAGGGAAA,0,58472
TSS_1414_storz_regulondb,0.07692307692307693,12,12,CAGCAATGAATAATATTCAA,0,17255
TSS_1414_storz_regulondb,0.07692307692307693,12,12,CAGACGAGGTATTGCTGTGT,0,77527
TSS_1414_storz_regulondb,0.07692307692307693,12,12,CACTTGCAAAAAGTGCAGGC,0,7437
TSS_1414_storz_regulondb,0.07692307692307693,12,12,CACTTAGCACCGGCCTTCTC,0,7979
TSS_1414_storz_regulondb,0.07692307692307693,12,12,CACTGCGGGGCGTTGAAAGC,0,27019
TSS_1414_storz_regulondb,0.07692307692307693,12,12,CACCGGCAATCACTGAGACT,0,33127
TSS_1414_storz_regulondb,0.07692307692307693,12,12,CACCGAAGGACGTTTTATAA,0,45795
TSS_1414_storz_regulondb,0.07692307692307693,12,12,CACATCGAGTCGTATACAGG,0,1228
TSS_1414_storz_regulondb,0.07692307692307693,12,12,CACAGTACCAACCTCAGAGG,0,14062
TSS_1414_storz_regulondb,0.07692307692307693,12,12,CACACTGTCGTTTTGCTTCC,0,73462
TSS_1414_storz_regulondb,0.07692307692307693,12,12,CACAACAGTTGCTCAGCATG,0,29559
TSS_1414_storz_regulondb,0.07692307692307693,12,12,CAATTTTTGAACATGGCCGT,0,8751
TSS_1414_storz_regulondb,0.07692307692307693,12,12,CAATTAAGAGTTTGATTGCT,0,57697
TSS_1414_storz_regulondb,0.07692307692307693,12,12,CAATGGGAATCAGCCGGTCA,0,30264
TSS_1414_storz_regulondb,0.07692307692307693,12,12,CAAGTTCCCACGAGCAAAAC,0,48090
TSS_1414_storz_regulondb,0.07692307692307693,12,12,CAACGGCAACTAATCTTCGA,0,4784
TSS_1414_storz_regulondb,0.07692307692307693,12,12,CAACGCATCTTATTATTTAG,0,66726
TSS_1414_storz_regulondb,0.07692307692307693,12,12,CAACATCTGTATCCATCGGC,0,11439
TSS_1414_storz_regulondb,0.07692307692307693,12,12,CAAATTACAACACGGAGCCA,0,1445
TSS_1414_storz_regulondb,0.07692307692307693,12,12,CAAACGCACAGCTACGGTTA,0,43959
TSS_1414_storz_regulondb,0.07692307692307693,12,12,CAAAAGATACTGAAGTCAAT,0,52621
TSS_1414_storz_regulondb,0.07692307692307693,12,12,ATTTGTATTTCCAACTGGCT,0,3646
TSS_1414_storz_regulondb,0.07692307692307693,12,12,ATTTGGAGTAATTCGTAGTT,0,25507
TSS_1414_storz_regulondb,0.07692307692307693,12,12,ATTTAAGTCCAGACAACCCG,0,10454
TSS_1414_storz_regulondb,0.07692307692307693,12,12,ATTTAAGCCTGTCCTGGGAC,0,23043
TSS_1414_storz_regulondb,0.07692307692307693,12,12,ATTGGGCACGTTTGACATAT,0,7533
TSS_1414_storz_regulondb,0.07692307692307693,12,12,ATTGCTGGATGAAAGTGACG,0,69331
TSS_1414_storz_regulondb,0.07692307692307693,12,12,ATTGCCTGTCATTTCTCGCG,0,31830
TSS_1414_storz_regulondb,0.07692307692307693,12,12,ATTGCCCATTGGGCAGTGAC,0,5031
TSS_1414_storz_regulondb,0.07692307692307693,12,12,ATTGATCTGGTCCACGGCAG,0,67102
TSS_1414_storz_regulondb,0.07692307692307693,12,12,ATTCTTGCTTCGGCTAATGC,0,60248
TSS_1414_storz_regulondb,0.07692307692307693,12,12,ATTCTGTAGACATAAATAGA,0,30861
TSS_1414_storz_regulondb,0.07692307692307693,12,12,ATTCTATGATTTGGACAGAA,0,65861
TSS_1414_storz_regulondb,0.07692307692307693,12,12,ATTCACCAGAAATGCAACCT,0,41196
TSS_1414_storz_regulondb,0.07692307692307693,12,12,ATGTTCTCCAGGTTATTGGT,0,4917
TSS_1414_storz_regulondb,0.07692307692307693,12,12,ATGTTATAGGCGTCTTGCTC,0,4517
TSS_1414_storz_regulondb,0.07692307692307693,12,12,ATGTGGTGAGATGACATAGA,0,6605
TSS_1414_storz_regulondb,0.07692307692307693,12,12,ATGTGGTCGTGGTGGCATCA,0,35097
TSS_1414_storz_regulondb,0.07692307692307693,12,12,ATGTCTTCCAAGCATTTGTT,0,56523
TSS_1414_storz_regulondb,0.07692307692307693,12,12,ATGGGTGCGTAGCGATCTGG,0,9778
TSS_1414_storz_regulondb,0.07692307692307693,12,12,ATGGCTACGGGCGTTCTCAC,0,69095
TSS_1414_storz_regulondb,0.07692307692307693,12,12,ATGGCCGTATATCTGCGAAT,0,39388
TSS_1414_storz_regulondb,0.07692307692307693,12,12,ATGCTAACACACAGGGGATA,0,36292
TSS_1414_storz_regulondb,0.07692307692307693,12,12,ATGCGGGTGCTGGGTTTGCA,0,17407
TSS_1414_storz_regulondb,0.07692307692307693,12,12,ATGCGAGTATCAGCCGTGAC,0,44332
TSS_1414_storz_regulondb,0.07692307692307693,12,12,ATGATGTCAGGCAAGCCAGT,0,24862
TSS_1414_storz_regulondb,0.07692307692307693,12,12,ATGAGGAGGTTTTGGCAAAA,0,29589
TSS_1414_storz_regulondb,0.07692307692307693,12,12,ATGACTATCCATTCAGATCT,0,56248
TSS_1414_storz_regulondb,0.07692307692307693,12,12,ATGACACTCCGTCTGGACTA,0,39448
TSS_1414_storz_regulondb,0.07692307692307693,12,12,ATCTTGTTAGTGGCACAGCT,0,8431
TSS_1414_storz_regulondb,0.07692307692307693,12,12,ATCTGCTTGCTGTCGTCCCA,0,15869
TSS_1414_storz_regulondb,0.07692307692307693,12,12,ATCTCTGGCTCGTCGGAGTT,0,26516
TSS_1414_storz_regulondb,0.07692307692307693,12,12,ATCTAACGGGTAACAAAGGA,0,67472
TSS_1414_storz_regulondb,0.07692307692307693,12,12,ATCGCTTTGGGGGGCCATCA,0,13131
TSS_1414_storz_regulondb,0.07692307692307693,12,12,ATCCTCGATAGAACCGTGGT,0,15048
TSS_1414_storz_regulondb,0.07692307692307693,12,12,ATCAAGTTAGCCTGCAATCA,0,80818
TSS_1414_storz_regulondb,0.07692307692307693,12,12,ATCAAAGGGCCGTGAGCTCA,0,32683
TSS_1414_storz_regulondb,0.07692307692307693,12,12,ATATTTAATGTGTAAAATTC,0,73693
TSS_1414_storz_regulondb,0.07692307692307693,12,12,ATATTCAGGCAAGTATTGAA,0,13772
TSS_1414_storz_regulondb,0.07692307692307693,12,12,ATATTATAATTGTCGGTGGC,0,21213
TSS_1414_storz_regulondb,0.07692307692307693,12,12,ATATGGTCAACTAAGACTCA,0,36300
TSS_1414_storz_regulondb,0.07692307692307693,12,12,ATATCGTCCGTTTCACTCTA,0,62537
TSS_1414_storz_regulondb,0.07692307692307693,12,12,ATATCGGCCCAATCGATGGG,0,28211
TSS_1414_storz_regulondb,0.07692307692307693,12,12,ATATAGGCGCGGCCATTGGT,0,16121
TSS_1414_storz_regulondb,0.07692307692307693,12,12,ATAGTGAGGCTGCATAGAGA,0,67004
TSS_1414_storz_regulondb,0.07692307692307693,12,12,ATAGTCTAACATCGTAACGG,0,47930
TSS_1414_storz_regulondb,0.07692307692307693,12,12,ATAGTAGCCACGCGTACTTG,0,8852
TSS_1414_storz_regulondb,0.07692307692307693,12,12,ATAGGTTGAGGGGGTCTAGT,0,27543
TSS_1414_storz_regulondb,0.07692307692307693,12,12,ATAGGTAGGCAAGTCATTCA,0,13451
TSS_1414_storz_regulondb,0.07692307692307693,12,12,ATAGCAGCTACGTTTTGGAG,0,51083
TSS_1414_storz_regulondb,0.07692307692307693,12,12,ATAGCAAGGTCATTTCTAGA,0,12430
TSS_1414_storz_regulondb,0.07692307692307693,12,12,ATACTTTCCGAAATCCATTC,0,76697
TSS_1414_storz_regulondb,0.07692307692307693,12,12,ATACTGGTCCTGGCCCGATG,0,55048
TSS_1414_storz_regulondb,0.07692307692307693,12,12,ATAATCCCCATCACATCAGG,0,8580
TSS_1414_storz_regulondb,0.07692307692307693,12,12,ATAAGGTGTATTCGCAACAC,0,60903
TSS_1414_storz_regulondb,0.07692307692307693,12,12,ATAAGAGACGCTGCCTCCCA,0,42495
TSS_1414_storz_regulondb,0.07692307692307693,12,12,ATAACTGTCCACATAAAGGT,0,2613
TSS_1414_storz_regulondb,0.07692307692307693,12,12,AGTTTTCGGGTTATGAGGAT,0,44358
TSS_1414_storz_regulondb,0.07692307692307693,12,12,AGTTCCTCCGGATCAATACC,0,40387
TSS_1414_storz_regulondb,0.07692307692307693,12,12,AGTTCCCCGGGTTCTCTAGG,0,19299
TSS_1414_storz_regulondb,0.07692307692307693,12,12,AGTGGGGTGGTTAGCCCATA,0,13308
TSS_1414_storz_regulondb,0.07692307692307693,12,12,AGTGCCTGTTGTTGGCGAAT,0,43910
TSS_1414_storz_regulondb,0.07692307692307693,12,12,AGTGCCGAGTGTCAGCTACT,0,61047
TSS_1414_storz_regulondb,0.07692307692307693,12,12,AGTGCATAAGGGCCACCGGT,0,17025
TSS_1414_storz_regulondb,0.07692307692307693,12,12,AGTGAGAGTCCACCTCTGAA,0,74001
TSS_1414_storz_regulondb,0.07692307692307693,12,12,AGTGAAGCGGGGGCTATCCA,0,10339
TSS_1414_storz_regulondb,0.07692307692307693,12,12,AGTCTCGAGAGGTGTGGAAT,0,69710
TSS_1414_storz_regulondb,0.07692307692307693,12,12,AGTCCAGTCAGGGCGTCAAG,0,30388
TSS_1414_storz_regulondb,0.07692307692307693,12,12,AGTCAGAGCGGAATGTTTTT,0,813
TSS_1414_storz_regulondb,0.07692307692307693,12,12,AGTAGTAGAAAACACGCATT,0,45783
TSS_1414_storz_regulondb,0.07692307692307693,12,12,AGGTTAATTGCTTTGACCTG,0,30550
TSS_1414_storz_regulondb,0.07692307692307693,12,12,AGGTGCCTTCCAGGTACGGC,0,44608
TSS_1414_storz_regulondb,0.07692307692307693,12,12,AGGTCGGAAACCTAATGAAG,0,55482
TSS_1414_storz_regulondb,0.07692307692307693,12,12,AGGTCACATTATCTTTGGAA,0,79631
TSS_1414_storz_regulondb,0.07692307692307693,12,12,AGGTAACTAATGGGAGCCCA,0,34529
TSS_1414_storz_regulondb,0.07692307692307693,12,12,AGGGTTACCGAAGGAATTAA,0,12602
TSS_1414_storz_regulondb,0.07692307692307693,12,12,AGGGTATTCGCAACCTGACA,0,59600
TSS_1414_storz_regulondb,0.07692307692307693,12,12,AGGGGGCTACACACAGGCAA,0,31833
TSS_1414_storz_regulondb,0.07692307692307693,12,12,AGGGGATTTTTGTACACGTA,0,54058
TSS_1414_storz_regulondb,0.07692307692307693,12,12,AGGGCGCATAATGACTATAA,0,54866
TSS_1414_storz_regulondb,0.07692307692307693,12,12,AGGGCAATCGGTAGCGAATG,0,68225
TSS_1414_storz_regulondb,0.07692307692307693,12,12,AGGGACTCTTGACTGCCGCT,0,58565
TSS_1414_storz_regulondb,0.07692307692307693,12,12,AGGCTCGACATCTTCCAGAC,0,20808
TSS_1414_storz_regulondb,0.07692307692307693,12,12,AGGATATCTCAAGACTCTCA,0,2020
TSS_1414_storz_regulondb,0.07692307692307693,12,12,AGGAGTGCAAATGTACCGGG,0,47334
TSS_1414_storz_regulondb,0.07692307692307693,12,12,AGGACCAGCTACAAAGACAA,0,27935
TSS_1414_storz_regulondb,0.07692307692307693,12,12,AGCTTTCTCTTACGTGGGCA,0,38111
TSS_1414_storz_regulondb,0.07692307692307693,12,12,AGCGGTTCTCCTCCTCCCAG,0,17424
TSS_1414_storz_regulondb,0.07692307692307693,12,12,AGCGACACCCGTCAGTGTAA,0,18717
TSS_1414_storz_regulondb,0.07692307692307693,12,12,AGCCCCGGTTGGACCTATCT,0,4985
TSS_1414_storz_regulondb,0.07692307692307693,12,12,AGCCAAATCCATACGGGACG,0,28592
TSS_1414_storz_regulondb,0.07692307692307693,12,12,AGCAGCGGGAATAAAAGGTA,0,24624
TSS_1414_storz_regulondb,0.07692307692307693,12,12,AGATCTACGTAAGCTTCCGT,0,8894
TSS_1414_storz_regulondb,0.07692307692307693,12,12,AGATAACTCGGCAGTCGTAG,0,79051
TSS_1414_storz_regulondb,0.07692307692307693,12,12,AGAGGTGCGAACCCATTCAG,0,60154
TSS_1414_storz_regulondb,0.07692307692307693,12,12,AGAGACAATCCTACACGCGT,0,49233
TSS_1414_storz_regulondb,0.07692307692307693,12,12,AGACGACGCATGCGTGAGCT,0,70200
TSS_1414_storz_regulondb,0.07692307692307693,12,12,AGACCCATGGGCAGTGGTCT,0,62820
TSS_1414_storz_regulondb,0.07692307692307693,12,12,AGAACTTCTTCTCATTAGAT,0,74404
TSS_1414_storz_regulondb,0.07692307692307693,12,12,ACTTGCCTCGATTCTGGCAA,0,33536
TSS_1414_storz_regulondb,0.07692307692307693,12,12,ACTTCGTATAGTCCAGGAGG,0,61428
TSS_1414_storz_regulondb,0.07692307692307693,12,12,ACTTCCCTAACCCTCAACTG,0,3865
TSS_1414_storz_regulondb,0.07692307692307693,12,12,ACTGATGTTCAGAACACGCG,0,71262
TSS_1414_storz_regulondb,0.07692307692307693,12,12,ACTCTTGCCGGAGGGGCAGA,0,40769
TSS_1414_storz_regulondb,0.07692307692307693,12,12,ACTCGTCTCCTCTCGGATGT,0,3097
TSS_1414_storz_regulondb,0.07692307692307693,12,12,ACTCGCTGTTGAGCGGTGAG,0,21609
TSS_1414_storz_regulondb,0.07692307692307693,12,12,ACTCACAGTATCGTGGAGTG,0,68100
TSS_1414_storz_regulondb,0.07692307692307693,12,12,ACTATGTCACCGTTCTTGGA,0,80804
TSS_1414_storz_regulondb,0.07692307692307693,12,12,ACTATGCCTAGCTAAAAGTT,0,79575
TSS_1414_storz_regulondb,0.07692307692307693,12,12,ACTATATGATATGCTTTAAA,0,12649
TSS_1414_storz_regulondb,0.07692307692307693,12,12,ACGTGGGGGTATACGTATGA,0,68416
TSS_1414_storz_regulondb,0.07692307692307693,12,12,ACGGGCATGTTGGATCGGGA,0,37154
TSS_1414_storz_regulondb,0.07692307692307693,12,12,ACGGAGGAGATCGATGCGGA,0,44496
TSS_1414_storz_regulondb,0.07692307692307693,12,12,ACGGACAGGGTAGTCGCAGC,0,30791
TSS_1414_storz_regulondb,0.07692307692307693,12,12,ACGCTGGGCTGCGAGGTGCA,0,28569
TSS_1414_storz_regulondb,0.07692307692307693,12,12,ACGCACCCGGCAATCGGACT,0,77102
TSS_1414_storz_regulondb,0.07692307692307693,12,12,ACGATACAGTTGGCTCTGGT,0,32432
TSS_1414_storz_regulondb,0.07692307692307693,12,12,ACGAGCCAATTATTTGGTAC,0,19548
TSS_1414_storz_regulondb,0.07692307692307693,12,12,ACGAGCAAGCTATGGAATCA,0,26208
TSS_1414_storz_regulondb,0.07692307692307693,12,12,ACGAGAGTCACTAGGTCAGT,0,22429
TSS_1414_storz_regulondb,0.07692307692307693,12,12,ACCTCGGTTAACTCCGACCC,0,71691
TSS_1414_storz_regulondb,0.07692307692307693,12,12,ACCGTCCGCCATTTACTCGT,0,22239
TSS_1414_storz_regulondb,0.07692307692307693,12,12,ACCGGAGAATAAGCACCCAC,0,54445
TSS_1414_storz_regulondb,0.07692307692307693,12,12,ACCGCCCCCAAACATCGTGA,0,710
TSS_1414_storz_regulondb,0.07692307692307693,12,12,ACCGCAAACGTGTGCACGGC,0,64779
TSS_1414_storz_regulondb,0.07692307692307693,12,12,ACCGATCAGCGAAGGTTTCG,0,70399
TSS_1414_storz_regulondb,0.07692307692307693,12,12,ACCGAGTAGGTCTATATAGA,0,18180
TSS_1414_storz_regulondb,0.07692307692307693,12,12,ACCCTGTTATTCTCACCGAC,0,78087
TSS_1414_storz_regulondb,0.07692307692307693,12,12,ACCCGGCTCGACGTAAGAGC,0,60605
TSS_1414_storz_regulondb,0.07692307692307693,12,12,ACCCCTAGGGAAACTCTTTA,0,16089
TSS_1414_storz_regulondb,0.07692307692307693,12,12,ACCAGCCTGTAAGGATTTCC,0,18818
TSS_1414_storz_regulondb,0.07692307692307693,12,12,ACCAACACAGGTGTTTACGA,0,14472
TSS_1414_storz_regulondb,0.07692307692307693,12,12,ACATTTGAATATGATTCGAT,0,71828
TSS_1414_storz_regulondb,0.07692307692307693,12,12,ACATCTGCGTTTATTCCCAG,0,39259
TSS_1414_storz_regulondb,0.07692307692307693,12,12,ACAGTTAGAAGGCGTACTTG,0,46293
TSS_1414_storz_regulondb,0.07692307692307693,12,12,ACAGGTAGCATGCGACCCTA,0,12504
TSS_1414_storz_regulondb,0.07692307692307693,12,12,ACAGGGTTCTTTTGGAGCCA,0,7430
TSS_1414_storz_regulondb,0.07692307692307693,12,12,ACACGAACGTGTGCCGTCGC,0,81077
TSS_1414_storz_regulondb,0.07692307692307693,12,12,ACACCGAAGTAGGTACCTAT,0,69183
TSS_1414_storz_regulondb,0.07692307692307693,12,12,ACAAGCTCAGTTAGATCCAA,0,77339
TSS_1414_storz_regulondb,0.07692307692307693,12,12,AATTTATAAGAACTCGGACT,0,6540
TSS_1414_storz_regulondb,0.07692307692307693,12,12,AATTGAACACGGTGGGATGA,0,33157
TSS_1414_storz_regulondb,0.07692307692307693,12,12,AATTCAAGATATTACTGGAG,0,51662
TSS_1414_storz_regulondb,0.07692307692307693,12,12,AATGATGATGCGATTGGGGA,0,50364
TSS_1414_storz_regulondb,0.07692307692307693,12,12,AATCTCTCTCAGTGCGACAA,0,50749
TSS_1414_storz_regulondb,0.07692307692307693,12,12,AATCATGTGAATGGGACATA,0,38719
TSS_1414_storz_regulondb,0.07692307692307693,12,12,AATATCTTAAACCTACCGGA,0,23746
TSS_1414_storz_regulondb,0.07692307692307693,12,12,AATATCGAAACAGTCCGCGC,0,64225
TSS_1414_storz_regulondb,0.07692307692307693,12,12,AATATAGCCGTGAAAGCCTA,0,69765
TSS_1414_storz_regulondb,0.07692307692307693,12,12,AAGTCTCTGCAATAAGGATT,0,3866
TSS_1414_storz_regulondb,0.07692307692307693,12,12,AAGTCGCTGTCAGACAATGC,0,57999
TSS_1414_storz_regulondb,0.07692307692307693,12,12,AAGTCCGCGAGTATGGGTTC,0,32159
TSS_1414_storz_regulondb,0.07692307692307693,12,12,AAGGTGAGGCATCTAATGCC,0,29181
TSS_1414_storz_regulondb,0.07692307692307693,12,12,AAGGTAACGGGATAGTCCTA,0,74950
TSS_1414_storz_regulondb,0.07692307692307693,12,12,AAGGGTTTCAGGGTCATAAT,0,800
TSS_1414_storz_regulondb,0.07692307692307693,12,12,AAGGGCGGTTCCCCAAAGAT,0,76976
TSS_1414_storz_regulondb,0.07692307692307693,12,12,AAGGCGGTTCCGGGAAATCA,0,20815
TSS_1414_storz_regulondb,0.07692307692307693,12,12,AAGGAACTCACCGAGGCTTC,0,72344
TSS_1414_storz_regulondb,0.07692307692307693,12,12,AACTTTCTTGATCGTTAAGT,0,526
TSS_1414_storz_regulondb,0.07692307692307693,12,12,AACTGCCATCTCTCTCCAGG,0,6598
TSS_1414_storz_regulondb,0.07692307692307693,12,12,AACTACATTGAGGCATGCGG,0,40938
TSS_1414_storz_regulondb,0.07692307692307693,12,12,AACGGATGGGCTCGACTCGA,0,50105
TSS_1414_storz_regulondb,0.07692307692307693,12,12,AACGCTACAAGGTTATTTGC,0,40979
TSS_1414_storz_regulondb,0.07692307692307693,12,12,AACCGTACAACTGGTCCGTT,0,16569
TSS_1414_storz_regulondb,0.07692307692307693,12,12,AACCGATCCGGGCCATTAAT,0,78589
TSS_1414_storz_regulondb,0.07692307692307693,12,12,AACACTTGGGATTTAAGGAA,0,37302
TSS_1414_storz_regulondb,0.07692307692307693,12,12,AAATTCCCCTAACGTTGTGT,0,57538
TSS_1414_storz_regulondb,0.07692307692307693,12,12,AAATCTGTATGATGTCAGAT,0,8139
TSS_1414_storz_regulondb,0.07692307692307693,12,12,AAAGGGGTGGCAGTGAGACT,0,11872
TSS_1414_storz_regulondb,0.07692307692307693,12,12,AAAGGCAGTTAGCTAGCAAA,0,74284
TSS_1414_storz_regulondb,0.07692307692307693,12,12,AAAGCGGGGAGGTAATCGTC,0,69121
TSS_1414_storz_regulondb,0.07692307692307693,12,12,AAACTACTCACGGAAGGGTT,0,6380
TSS_1414_storz_regulondb,0.07692307692307693,12,12,AAACGGGGTGAATCTCATAC,0,3158
TSS_1414_storz_regulondb,0.07692307692307693,12,12,AAACGCCCGTTAGTAAAAGA,0,2595
TSS_1414_storz_regulondb,0.07692307692307693,12,12,AAACCCTAAGGTGGCTGAGG,0,9192
TSS_1414_storz_regulondb,0.07692307692307693,12,12,AAACAGTGCGAGATGTCACG,0,46969
TSS_1414_storz_regulondb,0.07692307692307693,12,12,AAAAATCTAAGCCGTTCACA,0,12310
TSS_1414_storz_regulondb,0.08333333333333333,11,11,TTTTTCGATAATTGTTTCGT,0,61977
TSS_1414_storz_regulondb,0.08333333333333333,11,11,TTTTTAGGCAAGTTTCATCA,0,27126
TSS_1414_storz_regulondb,0.08333333333333333,11,11,TTTTTACTGGATATGCTTAA,0,39820
TSS_1414_storz_regulondb,0.08333333333333333,11,11,TTTTATGAGGTCGCAATCGT,0,60938
TSS_1414_storz_regulondb,0.08333333333333333,11,11,TTTGGCGATAAGAGTGGCAT,0,12885
TSS_1414_storz_regulondb,0.08333333333333333,11,11,TTTCGTGGGGTCGGTAAAAT,0,49427
TSS_1414_storz_regulondb,0.08333333333333333,11,11,TTTCGCGGGTTCGAGACCCA,0,30948
TSS_1414_storz_regulondb,0.08333333333333333,11,11,TTTCACTTATCCCCCGGTCG,0,7009
TSS_1414_storz_regulondb,0.08333333333333333,11,11,TTTAGTCGGAGATGGAGTCG,0,12227
TSS_1414_storz_regulondb,0.08333333333333333,11,11,TTTACTAGCATGGCTTGTAT,0,40903
TSS_1414_storz_regulondb,0.08333333333333333,11,11,TTTAATACCGTGCAAACCCG,0,25956
TSS_1414_storz_regulondb,0.08333333333333333,11,11,TTTAAGGGCACACAGTATCC,0,730
TSS_1414_storz_regulondb,0.08333333333333333,11,11,TTTAAATCCACAAGCTTGTA,0,9786
TSS_1414_storz_regulondb,0.08333333333333333,11,11,TTGGAATGATTCGGGAGATA,0,58625
TSS_1414_storz_regulondb,0.08333333333333333,11,11,TTGCTAATGGAGTCGTGGAT,0,51576
TSS_1414_storz_regulondb,0.08333333333333333,11,11,TTGCGTCGTCGCCGATAAAT,0,42358
TSS_1414_storz_regulondb,0.08333333333333333,11,11,TTGCATCATATTACCTTGCA,0,76910
TSS_1414_storz_regulondb,0.08333333333333333,11,11,TTGCACGGACATATCACTCG,0,11399
TSS_1414_storz_regulondb,0.08333333333333333,11,11,TTGATTGAGTTAATACACAT,0,13558
TSS_1414_storz_regulondb,0.08333333333333333,11,11,TTCTGCCAGCCTATTAAGGT,0,39217
TSS_1414_storz_regulondb,0.08333333333333333,11,11,TTCTGACGGCGTAACTTAAC,0,23901
TSS_1414_storz_regulondb,0.08333333333333333,11,11,TTCTGAAACAGGGCAGTTCA,0,26771
TSS_1414_storz_regulondb,0.08333333333333333,11,11,TTCGTTTCCACCGAGATTAG,0,61025
TSS_1414_storz_regulondb,0.08333333333333333,11,11,TTCGTCCCACCCCCTAAGAG,0,71582
TSS_1414_storz_regulondb,0.08333333333333333,11,11,TTCGTAGCGGGGACTGTCTA,0,27434
TSS_1414_storz_regulondb,0.08333333333333333,11,11,TTCGGTTGTTCGCCGCGACA,0,35240
TSS_1414_storz_regulondb,0.08333333333333333,11,11,TTCGCTGGTCGGATGAATGG,0,15655
TSS_1414_storz_regulondb,0.08333333333333333,11,11,TTCGATTTGTCCGTGTTAAC,0,21380
TSS_1414_storz_regulondb,0.08333333333333333,11,11,TTCGACGTACAGGTGGCCTC,0,6256
TSS_1414_storz_regulondb,0.08333333333333333,11,11,TTCCGTGTCGCCCCTTATTC,0,36104
TSS_1414_storz_regulondb,0.08333333333333333,11,11,TTCCGTATCATATTTGGGGT,0,70911
TSS_1414_storz_regulondb,0.08333333333333333,11,11,TTCCATTTACACAAGGAATG,0,17074
TSS_1414_storz_regulondb,0.08333333333333333,11,11,TTCCACTGCGCGTCCGATTT,0,68202
TSS_1414_storz_regulondb,0.08333333333333333,11,11,TTCATTTTTGTTCTCGGCTT,0,57360
TSS_1414_storz_regulondb,0.08333333333333333,11,11,TTCAGCCTGCTCCCTCTGCA,0,56025
TSS_1414_storz_regulondb,0.08333333333333333,11,11,TTCACGGTGCATTTATCTCA,0,35662
TSS_1414_storz_regulondb,0.08333333333333333,11,11,TTCAAAAAGTCGGGCTAGCA,0,41091
TSS_1414_storz_regulondb,0.08333333333333333,11,11,TTATTTGTTGGGCCAAGACT,0,18844
TSS_1414_storz_regulondb,0.08333333333333333,11,11,TTATTACACGATTCTCGTCT,0,46030
TSS_1414_storz_regulondb,0.08333333333333333,11,11,TTATGCTACCAAAGACATGA,0,39513
TSS_1414_storz_regulondb,0.08333333333333333,11,11,TTATCTGTCAACCGGTATGC,0,60850
TSS_1414_storz_regulondb,0.08333333333333333,11,11,TTATAAAAGCTAGCCGGGCA,0,49166
TSS_1414_storz_regulondb,0.08333333333333333,11,11,TGTTCCCTGTCTCTTTGCTT,0,43234
TSS_1414_storz_regulondb,0.08333333333333333,11,11,TGTGGGTTGCACTCCTCCAG,0,76955
TSS_1414_storz_regulondb,0.08333333333333333,11,11,TGTGGGGGAAATGGCGTCAG,0,64824
TSS_1414_storz_regulondb,0.08333333333333333,11,11,TGTGATGTGCTGGCCGCTCA,0,63336
TSS_1414_storz_regulondb,0.08333333333333333,11,11,TGTCTCAGGTGCAAGTTCCG,0,50057
TSS_1414_storz_regulondb,0.08333333333333333,11,11,TGTCGCCAGGCAACAATTAA,0,70425
TSS_1414_storz_regulondb,0.08333333333333333,11,11,TGTCCGTCAGATGTCTCCTA,0,3634
TSS_1414_storz_regulondb,0.08333333333333333,11,11,TGTCCCAAGTCTAAGCGAGG,0,55461
TSS_1414_storz_regulondb,0.08333333333333333,11,11,TGTATTCCTCCTCTACACGT,0,44547
TSS_1414_storz_regulondb,0.08333333333333333,11,11,TGGTTCCGCGCGTCGCAAGA,0,52131
TSS_1414_storz_regulondb,0.08333333333333333,11,11,TGGGTATACGAGATGCATCA,0,59517
TSS_1414_storz_regulondb,0.08333333333333333,11,11,TGGGGATGACCGGTGGCTGT,0,80246
TSS_1414_storz_regulondb,0.08333333333333333,11,11,TGGGGAGATCAGCGCACATT,0,5480
TSS_1414_storz_regulondb,0.08333333333333333,11,11,TGGGCCTAGGCTGTTGTACA,0,1776
TSS_1414_storz_regulondb,0.08333333333333333,11,11,TGGGCACTGAGTTTTGATAA,0,61009
TSS_1414_storz_regulondb,0.08333333333333333,11,11,TGGGAAGCGAAATAAAATGA,0,39930
TSS_1414_storz_regulondb,0.08333333333333333,11,11,TGGCTGTGTGTGATTGCCTA,0,41274
TSS_1414_storz_regulondb,0.08333333333333333,11,11,TGGCTATGCAATCTAGACGC,0,34559
TSS_1414_storz_regulondb,0.08333333333333333,11,11,TGGCTACCGAGGATTACTGA,0,25344
TSS_1414_storz_regulondb,0.08333333333333333,11,11,TGGCGTCTCGAGCACGTACG,0,5862
TSS_1414_storz_regulondb,0.08333333333333333,11,11,TGGCGTCGCCCCGTAAAGAT,0,29701
TSS_1414_storz_regulondb,0.08333333333333333,11,11,TGGCACGGAAACCTGAGGAG,0,33986
TSS_1414_storz_regulondb,0.08333333333333333,11,11,TGGATTTGTAAAGGTCCCTC,0,74605
TSS_1414_storz_regulondb,0.08333333333333333,11,11,TGGATGCTAGAATTTTTGGA,0,75260
TSS_1414_storz_regulondb,0.08333333333333333,11,11,TGGACCACGTTTTCAATGCA,0,27422
TSS_1414_storz_regulondb,0.08333333333333333,11,11,TGGAAGTCCTCCGTTGTATG,0,43075
TSS_1414_storz_regulondb,0.08333333333333333,11,11,TGGAAATGGGCCAGGTGAGA,0,70998
TSS_1414_storz_regulondb,0.08333333333333333,11,11,TGCTTCCCTACGAACCAATA,0,31832
TSS_1414_storz_regulondb,0.08333333333333333,11,11,TGCTATTTCCCTTGTATTCC,0,11401
TSS_1414_storz_regulondb,0.08333333333333333,11,11,TGCGTAGTTTCGGCACAGAC,0,66998
TSS_1414_storz_regulondb,0.08333333333333333,11,11,TGCGACGTGCCAGCTTACTT,0,37156
TSS_1414_storz_regulondb,0.08333333333333333,11,11,TGCAGTCCGTGCAGAAGCCA,0,26026
TSS_1414_storz_regulondb,0.08333333333333333,11,11,TGCAGGGCCTCTGACATTAT,0,32978
TSS_1414_storz_regulondb,0.08333333333333333,11,11,TGCAGAGTTGCAGCCATGAG,0,23576
TSS_1414_storz_regulondb,0.08333333333333333,11,11,TGCACAGCAGGGGTCTTGTG,0,15472
TSS_1414_storz_regulondb,0.08333333333333333,11,11,TGATTGGTGTCGGAAACTAT,0,47288
TSS_1414_storz_regulondb,0.08333333333333333,11,11,TGATTCTCGCTTGCCAGATT,0,43012
TSS_1414_storz_regulondb,0.08333333333333333,11,11,TGAGTAAGTCTTTATAAAGG,0,19914
TSS_1414_storz_regulondb,0.08333333333333333,11,11,TGAGGTTGTGCTTAGTGGTC,0,62614
TSS_1414_storz_regulondb,0.08333333333333333,11,11,TGAGGCTTCGGTGCGTATCT,0,71573
TSS_1414_storz_regulondb,0.08333333333333333,11,11,TGAGGAGGGTGAGGAGTCCA,0,28396
TSS_1414_storz_regulondb,0.08333333333333333,11,11,TGAGCAAACCTACATAAAAG,0,28356
TSS_1414_storz_regulondb,0.08333333333333333,11,11,TGAGATTAAATGCTGCATCA,0,26866
TSS_1414_storz_regulondb,0.08333333333333333,11,11,TGACTTAAGCCTGTGGCACG,0,13845
TSS_1414_storz_regulondb,0.08333333333333333,11,11,TCTTTGTTTGTAAAGCTTAC,0,48608
TSS_1414_storz_regulondb,0.08333333333333333,11,11,TCTTTCGGGCAGCAGAACCA,0,33207
TSS_1414_storz_regulondb,0.08333333333333333,11,11,TCTTGGCGGGTCTCATTAGG,0,68115
TSS_1414_storz_regulondb,0.08333333333333333,11,11,TCTTGCGCAATACTGCACGA,0,26369
TSS_1414_storz_regulondb,0.08333333333333333,11,11,TCTTAGCGTACGTCTACACT,0,66072
TSS_1414_storz_regulondb,0.08333333333333333,11,11,TCTTAACGTGGGTACGGTTC,0,69649
TSS_1414_storz_regulondb,0.08333333333333333,11,11,TCTGTAGAGTGGCAAGTCGT,0,17877
TSS_1414_storz_regulondb,0.08333333333333333,11,11,TCTGTAACTATCCAGTGTGA,0,13572
TSS_1414_storz_regulondb,0.08333333333333333,11,11,TCTCGACATCGGATCATGGG,0,18713
TSS_1414_storz_regulondb,0.08333333333333333,11,11,TCTCCGGGGCCTACGTTACT,0,50733
TSS_1414_storz_regulondb,0.08333333333333333,11,11,TCTAGCAGGATCTATCCTTC,0,921
TSS_1414_storz_regulondb,0.08333333333333333,11,11,TCTACTCGTGCCATATTCGA,0,31786
TSS_1414_storz_regulondb,0.08333333333333333,11,11,TCTACAAACCGAACCATTAT,0,39059
TSS_1414_storz_regulondb,0.08333333333333333,11,11,TCTAAAAGAACGGTCACATC,0,61991
TSS_1414_storz_regulondb,0.08333333333333333,11,11,TCGTTGCGTACATCTTGTGA,0,51827
TSS_1414_storz_regulondb,0.08333333333333333,11,11,TCGTGTCATGTGTCGCACAG,0,41378
TSS_1414_storz_regulondb,0.08333333333333333,11,11,TCGTCCCAATTAGTTGCTCG,0,40500
TSS_1414_storz_regulondb,0.08333333333333333,11,11,TCGGTGCGGGGCACCTAAAG,0,2624
TSS_1414_storz_regulondb,0.08333333333333333,11,11,TCGGTATCAATGGTTAATAT,0,3032
TSS_1414_storz_regulondb,0.08333333333333333,11,11,TCGGGGCTGATCATCGGTGC,0,56605
TSS_1414_storz_regulondb,0.08333333333333333,11,11,TCGGGACCACCCCTGTTGTT,0,7521
TSS_1414_storz_regulondb,0.08333333333333333,11,11,TCGGCTGGGTTGGTACGGTG,0,18913
TSS_1414_storz_regulondb,0.08333333333333333,11,11,TCGCGTGAGTCTCGTCATGT,0,81062
TSS_1414_storz_regulondb,0.08333333333333333,11,11,TCGCGCGTCACGTAGTCAGT,0,58089
TSS_1414_storz_regulondb,0.08333333333333333,11,11,TCGCGAATACCTTTGAATTT,0,35765
TSS_1414_storz_regulondb,0.08333333333333333,11,11,TCGCATTATACGCGGACGGG,0,22347
TSS_1414_storz_regulondb,0.08333333333333333,11,11,TCGAGTTGTTCCTGCATGTC,0,29192
TSS_1414_storz_regulondb,0.08333333333333333,11,11,TCGAGGTCCGCAGCTTATGT,0,59958
TSS_1414_storz_regulondb,0.08333333333333333,11,11,TCGACTATCCGTCCTTTTGA,0,13387
TSS_1414_storz_regulondb,0.08333333333333333,11,11,TCGAAGGCAGGGGAGGACGA,0,68957
TSS_1414_storz_regulondb,0.08333333333333333,11,11,TCCTTTCCTACACGCTCAGC,0,65049
TSS_1414_storz_regulondb,0.08333333333333333,11,11,TCCTACGTCTCATGAGCTAC,0,18314
TSS_1414_storz_regulondb,0.08333333333333333,11,11,TCCGTGCATTACCGAGCGTC,0,16060
TSS_1414_storz_regulondb,0.08333333333333333,11,11,TCCGCCGCCACTGTGGCTTC,0,5100
TSS_1414_storz_regulondb,0.08333333333333333,11,11,TCCGACAAAGCGATCTTGCA,0,50927
TSS_1414_storz_regulondb,0.08333333333333333,11,11,TCCATCTTAAGATTGACAGT,0,70611
TSS_1414_storz_regulondb,0.08333333333333333,11,11,TCCATATTTAGCGCTTCGCA,0,21710
TSS_1414_storz_regulondb,0.08333333333333333,11,11,TCCATAACTCGTTTCACACC,0,52644
TSS_1414_storz_regulondb,0.08333333333333333,11,11,TCCAGTCAGCGTAGTTCCAT,0,79006
TSS_1414_storz_regulondb,0.08333333333333333,11,11,TCCAATAGAGGGAATAACTT,0,43304
TSS_1414_storz_regulondb,0.08333333333333333,11,11,TCCAACTGAAGCACGTAAAC,0,36892
TSS_1414_storz_regulondb,0.08333333333333333,11,11,TCATGAGTCGCGCTCTATCT,0,5934
TSS_1414_storz_regulondb,0.08333333333333333,11,11,TCATGAGCGTGTGTGTATGC,0,67553
TSS_1414_storz_regulondb,0.08333333333333333,11,11,TCATCATCTCTTCGGTGCGA,0,37731
TSS_1414_storz_regulondb,0.08333333333333333,11,11,TCATATAATCTAGTGGATGG,0,10947
TSS_1414_storz_regulondb,0.08333333333333333,11,11,TCAGCCATGCAATATAGGTT,0,40774
TSS_1414_storz_regulondb,0.08333333333333333,11,11,TCACGTTCACATGTTCTCGC,0,57968
TSS_1414_storz_regulondb,0.08333333333333333,11,11,TCACATAGGACTGGGCAATG,0,37742
TSS_1414_storz_regulondb,0.08333333333333333,11,11,TCAATTAATGCTTGGGAGTA,0,31514
TSS_1414_storz_regulondb,0.08333333333333333,11,11,TCAAGCCAACGGGATATAGT,0,60480
TSS_1414_storz_regulondb,0.08333333333333333,11,11,TCAAATATTGTATGGAGTTA,0,19239
TSS_1414_storz_regulondb,0.08333333333333333,11,11,TATTTATCACGCGGGAAGAC,0,73362
TSS_1414_storz_regulondb,0.08333333333333333,11,11,TATTGGAGTATGCCAAATAC,0,70341
TSS_1414_storz_regulondb,0.08333333333333333,11,11,TATTGCTAAGCTTAAAGAAA,0,22258
TSS_1414_storz_regulondb,0.08333333333333333,11,11,TATTCCTCACAATCGTTGTT,0,41109
TSS_1414_storz_regulondb,0.08333333333333333,11,11,TATGCTCAACGTTTAGTGTT,0,3450
TSS_1414_storz_regulondb,0.08333333333333333,11,11,TATGCAGCAAGAATGTAACT,0,69249
TSS_1414_storz_regulondb,0.08333333333333333,11,11,TATGAGAGGGCATTTGATAG,0,7551
TSS_1414_storz_regulondb,0.08333333333333333,11,11,TATGAAGACTTTCACGCTAG,0,17137
TSS_1414_storz_regulondb,0.08333333333333333,11,11,TATCTATCGATTGTATTTCA,0,50426
TSS_1414_storz_regulondb,0.08333333333333333,11,11,TATCGTGCGCGTGTTGGCCT,0,24168
TSS_1414_storz_regulondb,0.08333333333333333,11,11,TATCCCTAGTAACCGTAAAG,0,62783
TSS_1414_storz_regulondb,0.08333333333333333,11,11,TAGGTTTATTGCAGAAAAAG,0,55229
TSS_1414_storz_regulondb,0.08333333333333333,11,11,TAGGACGGTATCGGGGGAGT,0,51714
TSS_1414_storz_regulondb,0.08333333333333333,11,11,TAGCTCCGTGCGGCGCTTGA,0,77981
TSS_1414_storz_regulondb,0.08333333333333333,11,11,TAGCAGGGGGCGGGTCAACC,0,46849
TSS_1414_storz_regulondb,0.08333333333333333,11,11,TAGATTTGGCGAGTAGAGGT,0,19806
TSS_1414_storz_regulondb,0.08333333333333333,11,11,TAGATTCGACGCTCGTGCCG,0,22014
TSS_1414_storz_regulondb,0.08333333333333333,11,11,TAGAGGACGATGAAACCGTA,0,26781
TSS_1414_storz_regulondb,0.08333333333333333,11,11,TAGAGCTTGCGGCGTACTAC,0,66367
TSS_1414_storz_regulondb,0.08333333333333333,11,11,TAGACACACCTGTGGCAGGG,0,5601
TSS_1414_storz_regulondb,0.08333333333333333,11,11,TAGACAAAGGGTCTCCCCAT,0,3591
TSS_1414_storz_regulondb,0.08333333333333333,11,11,TACTCGTGTTGGGGTAGCGG,0,41036
TSS_1414_storz_regulondb,0.08333333333333333,11,11,TACTAAACATCTGGTTTGCA,0,24517
TSS_1414_storz_regulondb,0.08333333333333333,11,11,TACGTGACCTGATAAAACCT,0,27156
TSS_1414_storz_regulondb,0.08333333333333333,11,11,TACGGCGTCCGCGGGCAGTG,0,47162
TSS_1414_storz_regulondb,0.08333333333333333,11,11,TACCTTGGTCCCAGCTTAAG,0,66717
TSS_1414_storz_regulondb,0.08333333333333333,11,11,TACCTTCGGATCGGTCCCCC,0,34124
TSS_1414_storz_regulondb,0.08333333333333333,11,11,TACCTGAAGTCGGTTAAATG,0,24834
TSS_1414_storz_regulondb,0.08333333333333333,11,11,TACCGAGGTGTGCGAGGGGG,0,35634
TSS_1414_storz_regulondb,0.08333333333333333,11,11,TACCGAAGGTGTTTCAGTGT,0,65300
TSS_1414_storz_regulondb,0.08333333333333333,11,11,TACCAACAATTGATCGAGTC,0,72792
TSS_1414_storz_regulondb,0.08333333333333333,11,11,TACATTGTGTGGATAAAGTG,0,61228
TSS_1414_storz_regulondb,0.08333333333333333,11,11,TACATCCGTACACTGGAGTA,0,42937
TSS_1414_storz_regulondb,0.08333333333333333,11,11,TACAGTCCTGGGGTTTGCGG,0,74515
TSS_1414_storz_regulondb,0.08333333333333333,11,11,TAATACCACCCACATTCAGG,0,18303
TSS_1414_storz_regulondb,0.08333333333333333,11,11,TAACGGGCTATAAGCTTCAT,0,52308
TSS_1414_storz_regulondb,0.08333333333333333,11,11,TAACCGATTCGCTCGGTTAT,0,65088
TSS_1414_storz_regulondb,0.08333333333333333,11,11,TAAACTCAGCTAGTCAGAAC,0,61046
TSS_1414_storz_regulondb,0.08333333333333333,11,11,TAAACATGTCAACAAAAGAG,0,74664
TSS_1414_storz_regulondb,0.08333333333333333,11,11,TAAAAGGGGAACTTCATCGA,0,64243
TSS_1414_storz_regulondb,0.08333333333333333,11,11,TAAAAAATGTATCACGAAGG,0,9032
TSS_1414_storz_regulondb,0.08333333333333333,11,11,GTTTTGCACCACGAGAGACT,0,65094
TSS_1414_storz_regulondb,0.08333333333333333,11,11,GTTTGTCTACAGGTGGGGCG,0,68516
TSS_1414_storz_regulondb,0.08333333333333333,11,11,GTTTGACGCACCTACCGGTC,0,23054
TSS_1414_storz_regulondb,0.08333333333333333,11,11,GTTTCATGCAATACGGTCAG,0,47251
TSS_1414_storz_regulondb,0.08333333333333333,11,11,GTTTCAGGGTGTCTAATGAG,0,24491
TSS_1414_storz_regulondb,0.08333333333333333,11,11,GTTTAGGAGAACACTCTAGT,0,21648
TSS_1414_storz_regulondb,0.08333333333333333,11,11,GTTGGAAAGAAAAGACGGGA,0,46547
TSS_1414_storz_regulondb,0.08333333333333333,11,11,GTTCTCGCGGCCGGGAAGCT,0,49028
TSS_1414_storz_regulondb,0.08333333333333333,11,11,GTTCTAAGTCGGATGTCTAT,0,58392
TSS_1414_storz_regulondb,0.08333333333333333,11,11,GTTAGGGCAACTAAGGCAGG,0,71832
TSS_1414_storz_regulondb,0.08333333333333333,11,11,GTTAATCATATGAGCAATTA,0,47133
TSS_1414_storz_regulondb,0.08333333333333333,11,11,GTTAATAGGTCAAGTGTATG,0,60184
TSS_1414_storz_regulondb,0.08333333333333333,11,11,GTTAACGCAAGCGGGATGGC,0,62848
TSS_1414_storz_regulondb,0.08333333333333333,11,11,GTGTTGTTTAGAGACCAGAT,0,30616
TSS_1414_storz_regulondb,0.08333333333333333,11,11,GTGTTAGATGCTAAGAGTTT,0,3689
TSS_1414_storz_regulondb,0.08333333333333333,11,11,GTGTGGACATGAATACTTAG,0,5293
TSS_1414_storz_regulondb,0.08333333333333333,11,11,GTGGTCCGCGTTCCGCTGCA,0,78042
TSS_1414_storz_regulondb,0.08333333333333333,11,11,GTGGGCCTGCTAGTCGATCA,0,44539
TSS_1414_storz_regulondb,0.08333333333333333,11,11,GTGGCATCAGGGGTCGGGTA,0,37511
TSS_1414_storz_regulondb,0.08333333333333333,11,11,GTGCTGTGATGACCCTTCGG,0,77139
TSS_1414_storz_regulondb,0.08333333333333333,11,11,GTGCGTTTTCGTTTTCAATG,0,80151
TSS_1414_storz_regulondb,0.08333333333333333,11,11,GTGCGCGACCCGCGTAGCAT,0,80536
TSS_1414_storz_regulondb,0.08333333333333333,11,11,GTGCGATTCGATGAGCACAT,0,65805
TSS_1414_storz_regulondb,0.08333333333333333,11,11,GTGCCAAGTGGGCCTGCTGC,0,80302
TSS_1414_storz_regulondb,0.08333333333333333,11,11,GTGCATCAAGGTATGCTGCG,0,63908
TSS_1414_storz_regulondb,0.08333333333333333,11,11,GTGAGTAACAGTTGTGCAGA,0,18698
TSS_1414_storz_regulondb,0.08333333333333333,11,11,GTCTCTCACGGCAAGGTTGT,0,79733
TSS_1414_storz_regulondb,0.08333333333333333,11,11,GTCTAATCCTCAGGGTACCT,0,19472
TSS_1414_storz_regulondb,0.08333333333333333,11,11,GTCGGCCGCCCGCCGTAAGT,0,3343
TSS_1414_storz_regulondb,0.08333333333333333,11,11,GTCGAAACGGTTTCGTGTAG,0,3915
TSS_1414_storz_regulondb,0.08333333333333333,11,11,GTCCGCCCTTCGATTTGCAA,0,39390
TSS_1414_storz_regulondb,0.08333333333333333,11,11,GTCCAGACCGATCGATGTTG,0,27515
TSS_1414_storz_regulondb,0.08333333333333333,11,11,GTCCACGGGCACGGTAAACC,0,10186
TSS_1414_storz_regulondb,0.08333333333333333,11,11,GTCCAAGACAGCTGCTTGGG,0,70652
TSS_1414_storz_regulondb,0.08333333333333333,11,11,GTCACTCCGCTAAGCGATTG,0,13533
TSS_1414_storz_regulondb,0.08333333333333333,11,11,GTATGACGAGGCCGGGTGTT,0,55873
TSS_1414_storz_regulondb,0.08333333333333333,11,11,GTATCGAAGCTTCTATAAAG,0,55998
TSS_1414_storz_regulondb,0.08333333333333333,11,11,GTAGATGGTGAATGCAGAGA,0,65142
TSS_1414_storz_regulondb,0.08333333333333333,11,11,GTACTTACGTCTCTTGAGAA,0,63
TSS_1414_storz_regulondb,0.08333333333333333,11,11,GTACCTGATTGATGGACCCA,0,49164
TSS_1414_storz_regulondb,0.08333333333333333,11,11,GTACCTCTTTTAAATATTCT,0,34913
TSS_1414_storz_regulondb,0.08333333333333333,11,11,GTACCAGTCCGGAGCAACGG,0,1219
TSS_1414_storz_regulondb,0.08333333333333333,11,11,GTACACGCTTCACCGGCCTA,0,79954
TSS_1414_storz_regulondb,0.08333333333333333,11,11,GTAAGTATCTCATACACACG,0,52993
TSS_1414_storz_regulondb,0.08333333333333333,11,11,GTAAGGTAGCGGTTATTTTA,0,19810
TSS_1414_storz_regulondb,0.08333333333333333,11,11,GTAAATGTTAACGTGAATCT,0,59206
TSS_1414_storz_regulondb,0.08333333333333333,11,11,GTAAAAAACTGCTCAAACAA,0,56671
TSS_1414_storz_regulondb,0.08333333333333333,11,11,GGTTTCTTCGCACCGGTGAT,0,47788
TSS_1414_storz_regulondb,0.08333333333333333,11,11,GGTTTCTAATTCCCCACGCT,0,34418
TSS_1414_storz_regulondb,0.08333333333333333,11,11,GGTGCGGCGCACATACCACA,0,31281
TSS_1414_storz_regulondb,0.08333333333333333,11,11,GGTCCCCTATAGACACATGA,0,17342
TSS_1414_storz_regulondb,0.08333333333333333,11,11,GGTATTCGTCGCGATCATAG,0,39210
TSS_1414_storz_regulondb,0.08333333333333333,11,11,GGTATGTGATTAAGTTGAGA,0,1988
TSS_1414_storz_regulondb,0.08333333333333333,11,11,GGTAGTGGTGGGCGAATAAT,0,20366
TSS_1414_storz_regulondb,0.08333333333333333,11,11,GGTACGTGGTTGTGTTGTGT,0,69034
TSS_1414_storz_regulondb,0.08333333333333333,11,11,GGTACAAGCGCAGTGTGTTT,0,19487
TSS_1414_storz_regulondb,0.08333333333333333,11,11,GGTAAGTCCTCAAAGCGAGT,0,73652
TSS_1414_storz_regulondb,0.08333333333333333,11,11,GGGTTGAATGAGCCTATACT,0,25670
TSS_1414_storz_regulondb,0.08333333333333333,11,11,GGGTCTAATCGTGAGGTCCC,0,30622
TSS_1414_storz_regulondb,0.08333333333333333,11,11,GGGTAAAATCCAAGAGCGGG,0,2438
TSS_1414_storz_regulondb,0.08333333333333333,11,11,GGGGTACTTAGCGCTTTGGA,0,33734
TSS_1414_storz_regulondb,0.08333333333333333,11,11,GGGGAGGGGATTTGCGGCGT,0,16849
TSS_1414_storz_regulondb,0.08333333333333333,11,11,GGGCTTGGTTATTTTCGAGC,0,32415
TSS_1414_storz_regulondb,0.08333333333333333,11,11,GGGCTCGAAGATCGGCCCTG,0,73371
TSS_1414_storz_regulondb,0.08333333333333333,11,11,GGGCGGTCCAACAACGTCGG,0,78127
TSS_1414_storz_regulondb,0.08333333333333333,11,11,GGGCACATGGGCAATTATGG,0,38143
TSS_1414_storz_regulondb,0.08333333333333333,11,11,GGGCAAGGTGACCCTTTCAT,0,45518
TSS_1414_storz_regulondb,0.08333333333333333,11,11,GGGACCGCCGTGTAGTATTT,0,72480
TSS_1414_storz_regulondb,0.08333333333333333,11,11,GGGAAGTAGGCGACAGCTCT,0,23859
TSS_1414_storz_regulondb,0.08333333333333333,11,11,GGCTGGTGCGAACCGTGCCA,0,40786
TSS_1414_storz_regulondb,0.08333333333333333,11,11,GGCTGCTGAGAAGGCCCAAT,0,21990
TSS_1414_storz_regulondb,0.08333333333333333,11,11,GGCTATAATACCTATTCGGT,0,3306
TSS_1414_storz_regulondb,0.08333333333333333,11,11,GGCGCTTCAATTAGCGGATT,0,67939
TSS_1414_storz_regulondb,0.08333333333333333,11,11,GGCGAGTGACAAACCACAAA,0,9486
TSS_1414_storz_regulondb,0.08333333333333333,11,11,GGCCTAGTTTCACAGCAGGT,0,7862
TSS_1414_storz_regulondb,0.08333333333333333,11,11,GGCCCTTCCAGTCTCTAGGT,0,11194
TSS_1414_storz_regulondb,0.08333333333333333,11,11,GGCCCGAGCGAAACAAACAT,0,43967
TSS_1414_storz_regulondb,0.08333333333333333,11,11,GGCCCCTCAGCTGGGTGGAG,0,53081
TSS_1414_storz_regulondb,0.08333333333333333,11,11,GGCATGATACGCATGCAAGG,0,9029
TSS_1414_storz_regulondb,0.08333333333333333,11,11,GGCAACTACCACTATCAGGC,0,54408
TSS_1414_storz_regulondb,0.08333333333333333,11,11,GGCAACAGGCAGGGAAGGTT,0,41772
TSS_1414_storz_regulondb,0.08333333333333333,11,11,GGATTCGGGCGAACTCGAAG,0,44316
TSS_1414_storz_regulondb,0.08333333333333333,11,11,GGAGTGGCCGGACGCTCTTT,0,19869
TSS_1414_storz_regulondb,0.08333333333333333,11,11,GGAGTGAGTCAATACACGCA,0,13788
TSS_1414_storz_regulondb,0.08333333333333333,11,11,GGAGCTGGGGCACCCCATCG,0,74570
TSS_1414_storz_regulondb,0.08333333333333333,11,11,GGAGCGTTGGGTGGAGCTGA,0,24677
TSS_1414_storz_regulondb,0.08333333333333333,11,11,GGAGCACTCAGGGCTCTCAA,0,28657
TSS_1414_storz_regulondb,0.08333333333333333,11,11,GGAGAGTAAGTAGTTCAGCC,0,60526
TSS_1414_storz_regulondb,0.08333333333333333,11,11,GGAGAGCTGCCAGAAAGCCT,0,48383
TSS_1414_storz_regulondb,0.08333333333333333,11,11,GGAGAAAGGGTTGACAACCT,0,28690
TSS_1414_storz_regulondb,0.08333333333333333,11,11,GGACTTAAACGTTGTCCACA,0,12868
TSS_1414_storz_regulondb,0.08333333333333333,11,11,GGACTGCGCTAAGAATGCCA,0,80851
TSS_1414_storz_regulondb,0.08333333333333333,11,11,GGACTCTACGGAGACGTTGA,0,30041
TSS_1414_storz_regulondb,0.08333333333333333,11,11,GGACCGTACACACTTACCTG,0,44079
TSS_1414_storz_regulondb,0.08333333333333333,11,11,GGACCCCCGTGGGGCTGGTG,0,54801
TSS_1414_storz_regulondb,0.08333333333333333,11,11,GGACATGGAGCAAGTAGCTG,0,13323
TSS_1414_storz_regulondb,0.08333333333333333,11,11,GGACAAGGGACCAAAACCGA,0,68606
TSS_1414_storz_regulondb,0.08333333333333333,11,11,GGAATGTGTTTAACAGTACA,0,44324
TSS_1414_storz_regulondb,0.08333333333333333,11,11,GGAATATATTTAACTTCCCG,0,1168
TSS_1414_storz_regulondb,0.08333333333333333,11,11,GGAATAGGATGCCCGCATTA,0,75492
TSS_1414_storz_regulondb,0.08333333333333333,11,11,GCTTGAGATTATCTATATTT,0,54705
TSS_1414_storz_regulondb,0.08333333333333333,11,11,GCTTAGGGTACGGCAGGTCT,0,20302
TSS_1414_storz_regulondb,0.08333333333333333,11,11,GCTCTTCAATCTATTTCTGG,0,56966
TSS_1414_storz_regulondb,0.08333333333333333,11,11,GCTCTCGCCCAACTACCCGG,0,36349
TSS_1414_storz_regulondb,0.08333333333333333,11,11,GCTCGTGCTTTAGTGGGATT,0,71042
TSS_1414_storz_regulondb,0.08333333333333333,11,11,GCTCATTCGTAGACGGAGTA,0,81118
TSS_1414_storz_regulondb,0.08333333333333333,11,11,GCTATTTACATAACACAACA,0,47328
TSS_1414_storz_regulondb,0.08333333333333333,11,11,GCTATGACCGCCAAACATCT,0,29676
TSS_1414_storz_regulondb,0.08333333333333333,11,11,GCTAGAGGCAATGCGGGTGA,0,24065
TSS_1414_storz_regulondb,0.08333333333333333,11,11,GCTACGGTGGCGGGAGGTCC,0,25505
TSS_1414_storz_regulondb,0.08333333333333333,11,11,GCGTTCGTTCCGGCTTGCGC,0,65820
TSS_1414_storz_regulondb,0.08333333333333333,11,11,GCGTCTCGTCTTAGGTCGTT,0,34558
TSS_1414_storz_regulondb,0.08333333333333333,11,11,GCGTATTAGAAAGGTGATAA,0,18781
TSS_1414_storz_regulondb,0.08333333333333333,11,11,GCGGTACTCGGATCACGACG,0,66552
TSS_1414_storz_regulondb,0.08333333333333333,11,11,GCGGAGCTAGGACAGGTAGC,0,53879
TSS_1414_storz_regulondb,0.08333333333333333,11,11,GCGCCTTCTGTTGTCCGAAT,0,67493
TSS_1414_storz_regulondb,0.08333333333333333,11,11,GCGCCAAAATGACCATGGGT,0,48230
TSS_1414_storz_regulondb,0.08333333333333333,11,11,GCGCATCCACTACCTACACT,0,74558
TSS_1414_storz_regulondb,0.08333333333333333,11,11,GCGCAGTTTTGAGGTTCTCT,0,80486
TSS_1414_storz_regulondb,0.08333333333333333,11,11,GCGACTGTATCGCATCTATG,0,35664
TSS_1414_storz_regulondb,0.08333333333333333,11,11,GCGACCTGCACTTGCATCTC,0,66706
TSS_1414_storz_regulondb,0.08333333333333333,11,11,GCCTGTTAGATGCCTGGGAT,0,54359
TSS_1414_storz_regulondb,0.08333333333333333,11,11,GCCTGCGTAATCAAAATATC,0,37977
TSS_1414_storz_regulondb,0.08333333333333333,11,11,GCCGCCCCCCGAGCATCTCT,0,66300
TSS_1414_storz_regulondb,0.08333333333333333,11,11,GCCGATAAGTCGGCACCTAG,0,57401
TSS_1414_storz_regulondb,0.08333333333333333,11,11,GCCCTAGAGCTCTGAGAGTA,0,80807
TSS_1414_storz_regulondb,0.08333333333333333,11,11,GCCCCAAGCGTCAAGGTTGC,0,69295
TSS_1414_storz_regulondb,0.08333333333333333,11,11,GCCCATGGTAAGTAGTATAT,0,68713
TSS_1414_storz_regulondb,0.08333333333333333,11,11,GCCCAGCTTTATGCATATAC,0,20290
TSS_1414_storz_regulondb,0.08333333333333333,11,11,GCCCAATCTTAGACAAGTTC,0,46314
TSS_1414_storz_regulondb,0.08333333333333333,11,11,GCCAGCCGGTGCGCTTTCGT,0,17271
TSS_1414_storz_regulondb,0.08333333333333333,11,11,GCCAACTAATTAATTATCTG,0,42353
TSS_1414_storz_regulondb,0.08333333333333333,11,11,GCAGAGATCTCACGCACAGG,0,20873
TSS_1414_storz_regulondb,0.08333333333333333,11,11,GCACTTCCCCGGCCATCATG,0,23969
TSS_1414_storz_regulondb,0.08333333333333333,11,11,GCACGGCGTCGATTCGGTGG,0,16921
TSS_1414_storz_regulondb,0.08333333333333333,11,11,GCACCGCTGTGCAGCTTTGT,0,56918
TSS_1414_storz_regulondb,0.08333333333333333,11,11,GCACCATGTTGGCACTTGGG,0,24993
TSS_1414_storz_regulondb,0.08333333333333333,11,11,GCACAAGTGTTTTGCTTCAC,0,55633
TSS_1414_storz_regulondb,0.08333333333333333,11,11,GCAAATTGAGGGCCTCGCAT,0,39033
TSS_1414_storz_regulondb,0.08333333333333333,11,11,GCAAATATATGGAAAGAGGC,0,62217
TSS_1414_storz_regulondb,0.08333333333333333,11,11,GCAAAGCTCCAGTGTGCTTG,0,79376
TSS_1414_storz_regulondb,0.08333333333333333,11,11,GCAAAGCGAACGCCGTGCGA,0,60862
TSS_1414_storz_regulondb,0.08333333333333333,11,11,GATTTCATTGTCCGCTTATC,0,51385
TSS_1414_storz_regulondb,0.08333333333333333,11,11,GATGGACTCATATCCATTAT,0,13109
TSS_1414_storz_regulondb,0.08333333333333333,11,11,GATGAGTACGTGCGGGGTCT,0,35059
TSS_1414_storz_regulondb,0.08333333333333333,11,11,GATCAGCGCGAGGAATAAAA,0,8539
TSS_1414_storz_regulondb,0.08333333333333333,11,11,GATCAGACTTCGGGAATATT,0,74757
TSS_1414_storz_regulondb,0.08333333333333333,11,11,GAGGTGTATCTATTGAAGAT,0,22577
TSS_1414_storz_regulondb,0.08333333333333333,11,11,GAGGTCGTTACCTGGCGACT,0,29204
TSS_1414_storz_regulondb,0.08333333333333333,11,11,GAGGGCAGTTCATGGGACTT,0,53437
TSS_1414_storz_regulondb,0.08333333333333333,11,11,GAGGCTATGGTAACCCTCTG,0,24324
TSS_1414_storz_regulondb,0.08333333333333333,11,11,GAGCGGCTACGGCGAGCAAT,0,63677
TSS_1414_storz_regulondb,0.08333333333333333,11,11,GAGCGGCGTAGAAATGGGCT,0,4286
TSS_1414_storz_regulondb,0.08333333333333333,11,11,GAGCCGGCGAATGGAGCGAA,0,68423
TSS_1414_storz_regulondb,0.08333333333333333,11,11,GAGATGCTTGGGTCGGGCAG,0,20869
TSS_1414_storz_regulondb,0.08333333333333333,11,11,GAGATACTTTTGCTCGGGAA,0,23198
TSS_1414_storz_regulondb,0.08333333333333333,11,11,GACTCCCCATCTTGCCATGA,0,36958
TSS_1414_storz_regulondb,0.08333333333333333,11,11,GACTAGACCGTCCAGGAAAG,0,72655
TSS_1414_storz_regulondb,0.08333333333333333,11,11,GACGTACCATGTTAGCGACT,0,70171
TSS_1414_storz_regulondb,0.08333333333333333,11,11,GACGCTTCGGGCCTATCTCT,0,80242
TSS_1414_storz_regulondb,0.08333333333333333,11,11,GACGATTAGTCACGATAAGG,0,48382
TSS_1414_storz_regulondb,0.08333333333333333,11,11,GACGAAAGGCTGTAACTTCT,0,55992
TSS_1414_storz_regulondb,0.08333333333333333,11,11,GACCTGACTAGAATCTGCAG,0,51965
TSS_1414_storz_regulondb,0.08333333333333333,11,11,GACCGTATCCTTTCGTTCGG,0,49999
TSS_1414_storz_regulondb,0.08333333333333333,11,11,GACCCCCCGACTACATGGGA,0,80886
TSS_1414_storz_regulondb,0.08333333333333333,11,11,GACCAAGCGTACATATGCGC,0,15455
TSS_1414_storz_regulondb,0.08333333333333333,11,11,GACAGTTCGCCGTGGCGCCT,0,44325
TSS_1414_storz_regulondb,0.08333333333333333,11,11,GACACGCAGGTGGATGGGTT,0,58782
TSS_1414_storz_regulondb,0.08333333333333333,11,11,GACACGCACCAACCGTGAGC,0,34
TSS_1414_storz_regulondb,0.08333333333333333,11,11,GAATTATTAGAGTACCGGGG,0,45695
TSS_1414_storz_regulondb,0.08333333333333333,11,11,GAATCGGTCACTTAGTACCT,0,18930
TSS_1414_storz_regulondb,0.08333333333333333,11,11,GAAGGTGGCGTTCGGTCAGG,0,10255
TSS_1414_storz_regulondb,0.08333333333333333,11,11,GAACGCTGACACAACGCTCG,0,48157
TSS_1414_storz_regulondb,0.08333333333333333,11,11,GAACATCGACGACGTGTTGC,0,64165
TSS_1414_storz_regulondb,0.08333333333333333,11,11,GAACATCAAAAGGAGGGAGG,0,66172
TSS_1414_storz_regulondb,0.08333333333333333,11,11,GAAAGCCCGACAGGTAATGA,0,26411
TSS_1414_storz_regulondb,0.08333333333333333,11,11,CTTTGGAAGGACAGAATCGA,0,51923
TSS_1414_storz_regulondb,0.08333333333333333,11,11,CTTTCTCGGCCGTGCAGTAG,0,55302
TSS_1414_storz_regulondb,0.08333333333333333,11,11,CTTTCGGAGGAACTAACTCA,0,11656
TSS_1414_storz_regulondb,0.08333333333333333,11,11,CTTTAATCTGGGTTGGCATT,0,28363
TSS_1414_storz_regulondb,0.08333333333333333,11,11,CTTTAACGGAGTTTTGTTTC,0,76854
TSS_1414_storz_regulondb,0.08333333333333333,11,11,CTTGGATACTTGGATATCTT,0,41199
TSS_1414_storz_regulondb,0.08333333333333333,11,11,CTTCTCTTCCTGTCCGGTTA,0,70715
TSS_1414_storz_regulondb,0.08333333333333333,11,11,CTTCTCCGTGTATGTAGCTC,0,40375
TSS_1414_storz_regulondb,0.08333333333333333,11,11,CTTAGGAAACCACTTCTTTT,0,15563
TSS_1414_storz_regulondb,0.08333333333333333,11,11,CTTACGAGGAAAATTCTGCG,0,48637
TSS_1414_storz_regulondb,0.08333333333333333,11,11,CTGTCATGGATCTTTATCAT,0,8858
TSS_1414_storz_regulondb,0.08333333333333333,11,11,CTGGTAACCTGTAGGGCTTA,0,62071
TSS_1414_storz_regulondb,0.08333333333333333,11,11,CTGGGTTCAACGTGAACAAT,0,40061
TSS_1414_storz_regulondb,0.08333333333333333,11,11,CTGGGAATCTTTATCGCTAA,0,52416
TSS_1414_storz_regulondb,0.08333333333333333,11,11,CTGGCGGATTTGAGTGTTCA,0,69169
TSS_1414_storz_regulondb,0.08333333333333333,11,11,CTGGAATGGCCAAGCCCTCC,0,1896
TSS_1414_storz_regulondb,0.08333333333333333,11,11,CTGCTTAAAGGTTTGCCTAA,0,21942
TSS_1414_storz_regulondb,0.08333333333333333,11,11,CTGCTGCGTCGCAGTCGGAA,0,10262
TSS_1414_storz_regulondb,0.08333333333333333,11,11,CTGCTAGGCAGCAATCTCAT,0,45169
TSS_1414_storz_regulondb,0.08333333333333333,11,11,CTGAGGCCACATGGAGGGCG,0,62902
TSS_1414_storz_regulondb,0.08333333333333333,11,11,CTGAGGAGTTAAAGACAAGG,0,39669
TSS_1414_storz_regulondb,0.08333333333333333,11,11,CTGACGGCAAGATCCAGGTT,0,8439
TSS_1414_storz_regulondb,0.08333333333333333,11,11,CTCTTACAGCTACTCGCACG,0,17430
TSS_1414_storz_regulondb,0.08333333333333333,11,11,CTCTGTAAGCTTTAGGGAAT,0,41269
TSS_1414_storz_regulondb,0.08333333333333333,11,11,CTCTGGCGTCTAGCCACCCA,0,58482
TSS_1414_storz_regulondb,0.08333333333333333,11,11,CTCTCTCTTAAAAGAACCAT,0,71451
TSS_1414_storz_regulondb,0.08333333333333333,11,11,CTCTACAGCCGAGAAGGTTG,0,77007
TSS_1414_storz_regulondb,0.08333333333333333,11,11,CTCGTTATTGGGTATATGAC,0,23970
TSS_1414_storz_regulondb,0.08333333333333333,11,11,CTCGGGGTAAGTCCTCACAA,0,49676
TSS_1414_storz_regulondb,0.08333333333333333,11,11,CTCGGAAGCCGCCAGCGGGA,0,55438
TSS_1414_storz_regulondb,0.08333333333333333,11,11,CTCGGAAATGTGTTATGAAA,0,72552
TSS_1414_storz_regulondb,0.08333333333333333,11,11,CTCGCGTGAGATAGTAGTTT,0,11592
TSS_1414_storz_regulondb,0.08333333333333333,11,11,CTCCTTAGGCAGAAGCAATG,0,47520
TSS_1414_storz_regulondb,0.08333333333333333,11,11,CTCCGGGTGGGGTTAGCCTA,0,13632
TSS_1414_storz_regulondb,0.08333333333333333,11,11,CTCCCTCATCCATTGGACTA,0,61022
TSS_1414_storz_regulondb,0.08333333333333333,11,11,CTCCCACTTAAACCGTGCCT,0,14251
TSS_1414_storz_regulondb,0.08333333333333333,11,11,CTCAGGAATTTGGGGGCCAT,0,21325
TSS_1414_storz_regulondb,0.08333333333333333,11,11,CTCACCAAGCCTCAGAATAG,0,26638
TSS_1414_storz_regulondb,0.08333333333333333,11,11,CTCACAGCTCCAGTCAGGAG,0,79805
TSS_1414_storz_regulondb,0.08333333333333333,11,11,CTATTTATAAGTCTCTCTCG,0,51160
TSS_1414_storz_regulondb,0.08333333333333333,11,11,CTATTCTGGTCGCTCAAGTA,0,78398
TSS_1414_storz_regulondb,0.08333333333333333,11,11,CTATTAGGAAGTTAGGAAAC,0,77990
TSS_1414_storz_regulondb,0.08333333333333333,11,11,CTATATCTTTGGGCACTTCA,0,10807
TSS_1414_storz_regulondb,0.08333333333333333,11,11,CTAGGGCAAACATGCAAGAC,0,11557
TSS_1414_storz_regulondb,0.08333333333333333,11,11,CTACAATCACGGTCGCCTAC,0,56928
TSS_1414_storz_regulondb,0.08333333333333333,11,11,CTAAGGGGTGCCGTATTTGT,0,7449
TSS_1414_storz_regulondb,0.08333333333333333,11,11,CTAACGGACACTATACTCAA,0,35019
TSS_1414_storz_regulondb,0.08333333333333333,11,11,CTAACCGGTAAGGGAGGTAA,0,51881
TSS_1414_storz_regulondb,0.08333333333333333,11,11,CGTTGGGAAAACACGAGCGC,0,6631
TSS_1414_storz_regulondb,0.08333333333333333,11,11,CGTTCCTTGAGCGGCCTGGG,0,11118
TSS_1414_storz_regulondb,0.08333333333333333,11,11,CGTGTTAGAGTTCTCCCATT,0,61401
TSS_1414_storz_regulondb,0.08333333333333333,11,11,CGTGATCGTCTGTCACCGTC,0,44837
TSS_1414_storz_regulondb,0.08333333333333333,11,11,CGTCTTCGGGGGGTACGGAC,0,79099
TSS_1414_storz_regulondb,0.08333333333333333,11,11,CGTCTATTAACAGGGGAACG,0,30610
TSS_1414_storz_regulondb,0.08333333333333333,11,11,CGTCCGATCTAGATTCCCAG,0,5861
TSS_1414_storz_regulondb,0.08333333333333333,11,11,CGTATGCGGAACCGGTACAT,0,70825
TSS_1414_storz_regulondb,0.08333333333333333,11,11,CGTAGTTAGGCTTCTGATAT,0,40218
TSS_1414_storz_regulondb,0.08333333333333333,11,11,CGGTTGATTACCTTATTGAA,0,8647
TSS_1414_storz_regulondb,0.08333333333333333,11,11,CGGTGCCTACAGCTCTTCAA,0,7538
TSS_1414_storz_regulondb,0.08333333333333333,11,11,CGGTGACTTGCACGTGGAAG,0,67550
TSS_1414_storz_regulondb,0.08333333333333333,11,11,CGGTAGTCTATCGCCATCGC,0,52347
TSS_1414_storz_regulondb,0.08333333333333333,11,11,CGGGTCAGTCATCGGTATCC,0,63589
TSS_1414_storz_regulondb,0.08333333333333333,11,11,CGGGGTGGGGCGCATTCGTT,0,59908
TSS_1414_storz_regulondb,0.08333333333333333,11,11,CGGGACTCGCTGGCCGGAGT,0,58002
TSS_1414_storz_regulondb,0.08333333333333333,11,11,CGGCTCGTGCGACGGGTTTT,0,13654
TSS_1414_storz_regulondb,0.08333333333333333,11,11,CGGCCGTTTTCCCTGAATCC,0,40611
TSS_1414_storz_regulondb,0.08333333333333333,11,11,CGGCCAAGGGAAAGCGTGCC,0,11454
TSS_1414_storz_regulondb,0.08333333333333333,11,11,CGGCAAGCTCGAGTATTCGG,0,66866
TSS_1414_storz_regulondb,0.08333333333333333,11,11,CGGATGGCGTCTCAAGTTTG,0,79094
TSS_1414_storz_regulondb,0.08333333333333333,11,11,CGGATGCTCGCGTGACTACA,0,4850
TSS_1414_storz_regulondb,0.08333333333333333,11,11,CGGAGAGAAAGGGACCATAA,0,33703
TSS_1414_storz_regulondb,0.08333333333333333,11,11,CGCTTGAAATAGCGTTACAC,0,29498
TSS_1414_storz_regulondb,0.08333333333333333,11,11,CGCGTTATTGCGGGGGCGCA,0,76657
TSS_1414_storz_regulondb,0.08333333333333333,11,11,CGCCTGTTGCCCCAATGTAT,0,53660
TSS_1414_storz_regulondb,0.08333333333333333,11,11,CGCCTCAACTAGGTCTGAAT,0,6879
TSS_1414_storz_regulondb,0.08333333333333333,11,11,CGCCAGAAATGACATCCAGT,0,64474
TSS_1414_storz_regulondb,0.08333333333333333,11,11,CGCATTAGTAGAGATGACAT,0,40331
TSS_1414_storz_regulondb,0.08333333333333333,11,11,CGCACTTTGTCCAGCTGAAA,0,17799
TSS_1414_storz_regulondb,0.08333333333333333,11,11,CGCACACGGAAAAAAATGGC,0,39608
TSS_1414_storz_regulondb,0.08333333333333333,11,11,CGCAAACGTGATTCATGTAC,0,22592
TSS_1414_storz_regulondb,0.08333333333333333,11,11,CGAGTCAACTTCGGCGGATG,0,55041
TSS_1414_storz_regulondb,0.08333333333333333,11,11,CGAGTAGCGCACAGGGCGAT,0,78195
TSS_1414_storz_regulondb,0.08333333333333333,11,11,CGAGCTGGTCCCTCGAAAGG,0,44932
TSS_1414_storz_regulondb,0.08333333333333333,11,11,CGACGACCCAGGCGCTGTGT,0,61443
TSS_1414_storz_regulondb,0.08333333333333333,11,11,CGAAGAGTTGCCTAGCTTGT,0,32358
TSS_1414_storz_regulondb,0.08333333333333333,11,11,CGAACGGAGCGAGACCGTGC,0,24997
TSS_1414_storz_regulondb,0.08333333333333333,11,11,CGAACACGCGTTCGGTCGGC,0,54193
TSS_1414_storz_regulondb,0.08333333333333333,11,11,CGAAAGGATTGCAGCCACTA,0,49502
TSS_1414_storz_regulondb,0.08333333333333333,11,11,CGAAACCCAAGAGTGAAAGA,0,33729
TSS_1414_storz_regulondb,0.08333333333333333,11,11,CCTTTTCGCCTATATCGTCT,0,52990
TSS_1414_storz_regulondb,0.08333333333333333,11,11,CCTTTAATAATGGCATGAAA,0,72935
TSS_1414_storz_regulondb,0.08333333333333333,11,11,CCTTGATTCAGCGAGTCGTC,0,72045
TSS_1414_storz_regulondb,0.08333333333333333,11,11,CCTGGGCTTGAGTCCTCGTA,0,72109
TSS_1414_storz_regulondb,0.08333333333333333,11,11,CCTGGGCTGAAAATGTGGAG,0,20555
TSS_1414_storz_regulondb,0.08333333333333333,11,11,CCTGCCTCGCCTAAGAGAGT,0,58069
TSS_1414_storz_regulondb,0.08333333333333333,11,11,CCTGATCGTGCTTACCTTTG,0,24629
TSS_1414_storz_regulondb,0.08333333333333333,11,11,CCTCGCCTTAGTGGCCTACA,0,29216
TSS_1414_storz_regulondb,0.08333333333333333,11,11,CCTCGATCCTTATATACGCT,0,52823
TSS_1414_storz_regulondb,0.08333333333333333,11,11,CCTCGAGCACGGTCCCTTTA,0,13525
TSS_1414_storz_regulondb,0.08333333333333333,11,11,CCTCCTCTTAAGAGAACACG,0,28056
TSS_1414_storz_regulondb,0.08333333333333333,11,11,CCTCAGATGGACGCGGCTTG,0,14459
TSS_1414_storz_regulondb,0.08333333333333333,11,11,CCGTTCAGGATTCACAATTA,0,19193
TSS_1414_storz_regulondb,0.08333333333333333,11,11,CCGTTCAAACACGCCTCATA,0,54976
TSS_1414_storz_regulondb,0.08333333333333333,11,11,CCGTGGAACGAGACACCTCT,0,47556
TSS_1414_storz_regulondb,0.08333333333333333,11,11,CCGTATGCAGAGACATCATG,0,25318
TSS_1414_storz_regulondb,0.08333333333333333,11,11,CCGGTAATATATCATACCCC,0,46676
TSS_1414_storz_regulondb,0.08333333333333333,11,11,CCGGGTTTGAACGTTTGGTA,0,52307
TSS_1414_storz_regulondb,0.08333333333333333,11,11,CCGGGTTTCTTGCGTTGTTG,0,39157
TSS_1414_storz_regulondb,0.08333333333333333,11,11,CCGGGTTCCCAACCGATAAC,0,45936
TSS_1414_storz_regulondb,0.08333333333333333,11,11,CCGGCTATTCAAAATTTAAA,0,30986
TSS_1414_storz_regulondb,0.08333333333333333,11,11,CCGCTTGTGATACGTCAATC,0,35483
TSS_1414_storz_regulondb,0.08333333333333333,11,11,CCGCGAAAGCAAAGTCATTC,0,15746
TSS_1414_storz_regulondb,0.08333333333333333,11,11,CCGCCGGCGCTTAAATCGGG,0,58845
TSS_1414_storz_regulondb,0.08333333333333333,11,11,CCGCCGAATTTGGGACGTAG,0,63649
TSS_1414_storz_regulondb,0.08333333333333333,11,11,CCGCAGGCCTCATTGTGCAT,0,28178
TSS_1414_storz_regulondb,0.08333333333333333,11,11,CCGATGTTTTTGTCATCACA,0,80168
TSS_1414_storz_regulondb,0.08333333333333333,11,11,CCGAGCACGACGAGGGAGAT,0,80914
TSS_1414_storz_regulondb,0.08333333333333333,11,11,CCGAGATCAACAGCCTCGCA,0,54368
TSS_1414_storz_regulondb,0.08333333333333333,11,11,CCGAATATAAGTGTTGAGGC,0,32032
TSS_1414_storz_regulondb,0.08333333333333333,11,11,CCCTAGCATGAATTCATGGG,0,6114
TSS_1414_storz_regulondb,0.08333333333333333,11,11,CCCGCCCCTCAAGGAGGCAT,0,79263
TSS_1414_storz_regulondb,0.08333333333333333,11,11,CCCGAGAACTCCGGGGTGAA,0,22225
TSS_1414_storz_regulondb,0.08333333333333333,11,11,CCCCGGAGGGAGTGATAGTC,0,57342
TSS_1414_storz_regulondb,0.08333333333333333,11,11,CCCCATACTGAGCTAGTAGT,0,67590
TSS_1414_storz_regulondb,0.08333333333333333,11,11,CCCCACTGCCCTACGCGCGT,0,65734
TSS_1414_storz_regulondb,0.08333333333333333,11,11,CCCCAAGGAACTGTCCCGGT,0,41886
TSS_1414_storz_regulondb,0.08333333333333333,11,11,CCAGTTCCCCGATACCAACT,0,31009
TSS_1414_storz_regulondb,0.08333333333333333,11,11,CCAGGGACTGAAGGAACCAG,0,37344
TSS_1414_storz_regulondb,0.08333333333333333,11,11,CCAGAATAGGCCCTTAAGTA,0,8027
TSS_1414_storz_regulondb,0.08333333333333333,11,11,CCACTGTGAATCACGATGTG,0,61099
TSS_1414_storz_regulondb,0.08333333333333333,11,11,CCACTGACCGCCCGTGTCGT,0,70699
TSS_1414_storz_regulondb,0.08333333333333333,11,11,CCACATGGGGCGCTACTATT,0,32230
TSS_1414_storz_regulondb,0.08333333333333333,11,11,CCACAGAGACCAAAAATATA,0,58175
TSS_1414_storz_regulondb,0.08333333333333333,11,11,CCAAGTGGTGGGGTGTTGGT,0,68024
TSS_1414_storz_regulondb,0.08333333333333333,11,11,CCAACGGAATACGCGTTCGT,0,38173
TSS_1414_storz_regulondb,0.08333333333333333,11,11,CCAACCCGCTGCAAACGCTT,0,12740
TSS_1414_storz_regulondb,0.08333333333333333,11,11,CCAACACCGCCCTGCATCAG,0,19543
TSS_1414_storz_regulondb,0.08333333333333333,11,11,CCAAACGTTTCCTAGTCACC,0,60423
TSS_1414_storz_regulondb,0.08333333333333333,11,11,CATTTTGGCGAGTCTATAGA,0,24397
TSS_1414_storz_regulondb,0.08333333333333333,11,11,CATTTTCGCGGTTCATCGCA,0,48420
TSS_1414_storz_regulondb,0.08333333333333333,11,11,CATTACTTGGTATTTATGAT,0,4872
TSS_1414_storz_regulondb,0.08333333333333333,11,11,CATGTGGTATTAAGGCGTAG,0,13911
TSS_1414_storz_regulondb,0.08333333333333333,11,11,CATGTCCCCGGAAGGACCAT,0,35438
TSS_1414_storz_regulondb,0.08333333333333333,11,11,CATGACCCGCCCTTGAGTTT,0,56567
TSS_1414_storz_regulondb,0.08333333333333333,11,11,CATCAGCTAAAGGAACGCTC,0,32367
TSS_1414_storz_regulondb,0.08333333333333333,11,11,CATAGCATGTTTACGGGCGG,0,76175
TSS_1414_storz_regulondb,0.08333333333333333,11,11,CATAATACCGCTAAATTCAA,0,34449
TSS_1414_storz_regulondb,0.08333333333333333,11,11,CATAAGTAAACGTCGTCGGC,0,38801
TSS_1414_storz_regulondb,0.08333333333333333,11,11,CAGTTCGGTCTCCATAGCCA,0,46536
TSS_1414_storz_regulondb,0.08333333333333333,11,11,CAGTGCGTCAAGCATCTTTT,0,65662
TSS_1414_storz_regulondb,0.08333333333333333,11,11,CAGTCTAGGGTTGGTCCTAA,0,1293
TSS_1414_storz_regulondb,0.08333333333333333,11,11,CAGTCCCGTATTGGTAAGGG,0,43563
TSS_1414_storz_regulondb,0.08333333333333333,11,11,CAGGTTAGGTCTGGGTTTTA,0,65368
TSS_1414_storz_regulondb,0.08333333333333333,11,11,CAGGTGCACTATGCTAGTGA,0,19739
TSS_1414_storz_regulondb,0.08333333333333333,11,11,CAGGGTTTCGGAGTAAATGA,0,6449
TSS_1414_storz_regulondb,0.08333333333333333,11,11,CAGGGTGCAGAAAAAACCTG,0,58840
TSS_1414_storz_regulondb,0.08333333333333333,11,11,CAGGGGCAGGACGAGCATCC,0,60202
TSS_1414_storz_regulondb,0.08333333333333333,11,11,CAGGGATGTTGTAACCTCTT,0,26007
TSS_1414_storz_regulondb,0.08333333333333333,11,11,CAGGCCTCAATTAGGCCTGA,0,22578
TSS_1414_storz_regulondb,0.08333333333333333,11,11,CAGCACGGGGCCTGTCGAAA,0,65534
TSS_1414_storz_regulondb,0.08333333333333333,11,11,CAGATCTCCGGGTCCAGTTT,0,62162
TSS_1414_storz_regulondb,0.08333333333333333,11,11,CAGATCTAATTGGACAATGT,0,60260
TSS_1414_storz_regulondb,0.08333333333333333,11,11,CAGATCAGTTGGGTAGACAA,0,48053
TSS_1414_storz_regulondb,0.08333333333333333,11,11,CAGAGGTTTGACAGCTCCCT,0,13669
TSS_1414_storz_regulondb,0.08333333333333333,11,11,CAGACGTCCTGTCATCAACT,0,59646
TSS_1414_storz_regulondb,0.08333333333333333,11,11,CAGACCGAACTCGTACATAT,0,76239
TSS_1414_storz_regulondb,0.08333333333333333,11,11,CACTTAGCTTCCAGTGGTAG,0,50427
TSS_1414_storz_regulondb,0.08333333333333333,11,11,CACTGTGATATGTACCAGGT,0,16982
TSS_1414_storz_regulondb,0.08333333333333333,11,11,CACTATTGCGCCTCGGGTAT,0,14812
TSS_1414_storz_regulondb,0.08333333333333333,11,11,CACTACATTTAGGTTTGCCT,0,51745
TSS_1414_storz_regulondb,0.08333333333333333,11,11,CACGTTGTGGAGTCCCATGG,0,30284
TSS_1414_storz_regulondb,0.08333333333333333,11,11,CACGTAAAGTGCGATACGTA,0,78938
TSS_1414_storz_regulondb,0.08333333333333333,11,11,CACGGGGAGAGCAAAAGTCA,0,8910
TSS_1414_storz_regulondb,0.08333333333333333,11,11,CACGCTGAACAACAGCTAAT,0,40442
TSS_1414_storz_regulondb,0.08333333333333333,11,11,CACGAACTCCTTGATGTCTA,0,47092
TSS_1414_storz_regulondb,0.08333333333333333,11,11,CACCTACCCGGGGAGTTGTT,0,19398
TSS_1414_storz_regulondb,0.08333333333333333,11,11,CACCGCCAAAGTGGCCTGTG,0,48860
TSS_1414_storz_regulondb,0.08333333333333333,11,11,CACAGGCTTAACAGCGTCGC,0,30605
TSS_1414_storz_regulondb,0.08333333333333333,11,11,CACACGTTGTGTTTTTTGCA,0,21554
TSS_1414_storz_regulondb,0.08333333333333333,11,11,CAATTATTCGTGAGGCTGTC,0,49327
TSS_1414_storz_regulondb,0.08333333333333333,11,11,CAATGTTCTACGACTGTAAC,0,49998
TSS_1414_storz_regulondb,0.08333333333333333,11,11,CAATCGCTGGGGTAGTTACT,0,45825
TSS_1414_storz_regulondb,0.08333333333333333,11,11,CAATCCGACTCAACGCCTAG,0,79490
TSS_1414_storz_regulondb,0.08333333333333333,11,11,CAATCAGATGAAATTTCATA,0,70135
TSS_1414_storz_regulondb,0.08333333333333333,11,11,CAATAAACCGCTATCCATGA,0,7315
TSS_1414_storz_regulondb,0.08333333333333333,11,11,CAAGGTCCCTAGAGGCGTCA,0,27901
TSS_1414_storz_regulondb,0.08333333333333333,11,11,CAAGGTAGTGTCATTCCGCT,0,1456
TSS_1414_storz_regulondb,0.08333333333333333,11,11,CAACTGGGGAATGGTTGTTA,0,34445
TSS_1414_storz_regulondb,0.08333333333333333,11,11,CAACCGCATCGGCGGCCATA,0,30518
TSS_1414_storz_regulondb,0.08333333333333333,11,11,CAACCCCCATGCGCTCCAAA,0,80394
TSS_1414_storz_regulondb,0.08333333333333333,11,11,CAACAACGTCAACCCACCTA,0,18852
TSS_1414_storz_regulondb,0.08333333333333333,11,11,CAAACCTATCCAATAGAGAT,0,43620
TSS_1414_storz_regulondb,0.08333333333333333,11,11,CAAAAAGTACTGAAGTAGAT,0,42392
TSS_1414_storz_regulondb,0.08333333333333333,11,11,ATTTGGCTATAGCAGTGCGA,0,45605
TSS_1414_storz_regulondb,0.08333333333333333,11,11,ATTTGCGCTTCGAGAGATGC,0,28935
TSS_1414_storz_regulondb,0.08333333333333333,11,11,ATTTCCAACTACGGCCTAAA,0,49631
TSS_1414_storz_regulondb,0.08333333333333333,11,11,ATTCTTTTGTTGTCGCAGTT,0,29975
TSS_1414_storz_regulondb,0.08333333333333333,11,11,ATTCGGATATTTTCTCCATG,0,15416
TSS_1414_storz_regulondb,0.08333333333333333,11,11,ATTCGCTTTGATCATAGACG,0,39674
TSS_1414_storz_regulondb,0.08333333333333333,11,11,ATTCCCGAGATGACTGCAAT,0,8862
TSS_1414_storz_regulondb,0.08333333333333333,11,11,ATTCACTTGCCGTTAACCCC,0,8533
TSS_1414_storz_regulondb,0.08333333333333333,11,11,ATTACCATACCCCTATGTGA,0,23967
TSS_1414_storz_regulondb,0.08333333333333333,11,11,ATTAAAATTATACTGGGACA,0,21769
TSS_1414_storz_regulondb,0.08333333333333333,11,11,ATGTCTTGCCCGGCTAGCAT,0,22818
TSS_1414_storz_regulondb,0.08333333333333333,11,11,ATGGTCGGCTGGTAGCCTCT,0,46176
TSS_1414_storz_regulondb,0.08333333333333333,11,11,ATGGGATACGGTAAGGAATT,0,32884
TSS_1414_storz_regulondb,0.08333333333333333,11,11,ATGGGAATGGCGACCGCATG,0,2908
TSS_1414_storz_regulondb,0.08333333333333333,11,11,ATGCGCTGGTCAATCTTAGT,0,66547
TSS_1414_storz_regulondb,0.08333333333333333,11,11,ATGCACCGTTATCACTAACG,0,4086
TSS_1414_storz_regulondb,0.08333333333333333,11,11,ATGCACAGGTGCGCAGTAGA,0,75237
TSS_1414_storz_regulondb,0.08333333333333333,11,11,ATGCACACTCTTTCAGGTTA,0,42350
TSS_1414_storz_regulondb,0.08333333333333333,11,11,ATGATGTTGCAGAAACTCCA,0,22919
TSS_1414_storz_regulondb,0.08333333333333333,11,11,ATGAAATAAATCATGTGTAT,0,25957
TSS_1414_storz_regulondb,0.08333333333333333,11,11,ATGAAAGGCACACGACTCGG,0,3749
TSS_1414_storz_regulondb,0.08333333333333333,11,11,ATGAAAGCAGGACCGATCCA,0,40623
TSS_1414_storz_regulondb,0.08333333333333333,11,11,ATCTTTCCTAGCATCGATTG,0,42820
TSS_1414_storz_regulondb,0.08333333333333333,11,11,ATCTTAGGAAGGCTAGTAAA,0,31954
TSS_1414_storz_regulondb,0.08333333333333333,11,11,ATCGCGTAGGTCTGACCAGC,0,62712
TSS_1414_storz_regulondb,0.08333333333333333,11,11,ATCGCACTTAGTGTACGTAG,0,39919
TSS_1414_storz_regulondb,0.08333333333333333,11,11,ATCCTTGGGTCTTGTATGTG,0,39754
TSS_1414_storz_regulondb,0.08333333333333333,11,11,ATCCGGACGCAGAGGATAGA,0,36399
TSS_1414_storz_regulondb,0.08333333333333333,11,11,ATCCATCCAAACGGGGGAGA,0,73843
TSS_1414_storz_regulondb,0.08333333333333333,11,11,ATCCAGAGAAGACTAAAATA,0,65194
TSS_1414_storz_regulondb,0.08333333333333333,11,11,ATCCAAAAATGAATTACTCC,0,65521
TSS_1414_storz_regulondb,0.08333333333333333,11,11,ATCACTAGAGTGTGCATGCA,0,60782
TSS_1414_storz_regulondb,0.08333333333333333,11,11,ATATCACCGGCGTGGTTCAC,0,30850
TSS_1414_storz_regulondb,0.08333333333333333,11,11,ATAGTGTTAATACGTCAGGT,0,42880
TSS_1414_storz_regulondb,0.08333333333333333,11,11,ATAGTCTCCGAGTAACAGTA,0,18890
TSS_1414_storz_regulondb,0.08333333333333333,11,11,ATAGGAGGCCCAACAGATCT,0,78197
TSS_1414_storz_regulondb,0.08333333333333333,11,11,ATAGCTTATGCCTTATTCCA,0,28448
TSS_1414_storz_regulondb,0.08333333333333333,11,11,ATAGATTTAAATAGATCGAC,0,15449
TSS_1414_storz_regulondb,0.08333333333333333,11,11,ATACTGCTTTGGTGACTCTT,0,78191
TSS_1414_storz_regulondb,0.08333333333333333,11,11,ATACTCGGAGGATAAAGTAA,0,80662
TSS_1414_storz_regulondb,0.08333333333333333,11,11,ATACTCGCGGACGATGTATG,0,3871
TSS_1414_storz_regulondb,0.08333333333333333,11,11,ATACATCCTGATTTCGCGTA,0,9501
TSS_1414_storz_regulondb,0.08333333333333333,11,11,ATACATACTACACAACCAGT,0,58822
TSS_1414_storz_regulondb,0.08333333333333333,11,11,ATACACATTAGCTTCGCGCC,0,74555
TSS_1414_storz_regulondb,0.08333333333333333,11,11,ATAATACGAGCGGCACAAGA,0,77094
TSS_1414_storz_regulondb,0.08333333333333333,11,11,ATAAGGGGTAGCGCCTGGAA,0,12897
TSS_1414_storz_regulondb,0.08333333333333333,11,11,ATAAGGGAGTGCCCGCCGTG,0,38955
TSS_1414_storz_regulondb,0.08333333333333333,11,11,ATAAGCAGACCGGAGAAGTA,0,72104
TSS_1414_storz_regulondb,0.08333333333333333,11,11,ATAACCGGTGCCCACTGTCA,0,18600
TSS_1414_storz_regulondb,0.08333333333333333,11,11,AGTTGCAGAATCACTGCGAC,0,24884
TSS_1414_storz_regulondb,0.08333333333333333,11,11,AGTTCTCAATTATTCGGATA,0,9335
TSS_1414_storz_regulondb,0.08333333333333333,11,11,AGTCAGAGTAGCCTGCGCGA,0,29134
TSS_1414_storz_regulondb,0.08333333333333333,11,11,AGTATTCTTACTCTTACTGT,0,54783
TSS_1414_storz_regulondb,0.08333333333333333,11,11,AGTAATAGTCATAGGGGTGA,0,66482
TSS_1414_storz_regulondb,0.08333333333333333,11,11,AGGTTGGGCTCCCTTCTAGA,0,33212
TSS_1414_storz_regulondb,0.08333333333333333,11,11,AGGTGTGTCTCCAAGACCCA,0,79168
TSS_1414_storz_regulondb,0.08333333333333333,11,11,AGGTGAGCCAAGCTTCTTGG,0,51210
TSS_1414_storz_regulondb,0.08333333333333333,11,11,AGGTCCGGGTCTAATCGATG,0,69928
TSS_1414_storz_regulondb,0.08333333333333333,11,11,AGGTAGTCTTGTTTAAGGGC,0,21156
TSS_1414_storz_regulondb,0.08333333333333333,11,11,AGGTACAGCCACTGGCGTAC,0,60920
TSS_1414_storz_regulondb,0.08333333333333333,11,11,AGGGGCCTCTCAGTCTCCAT,0,1999
TSS_1414_storz_regulondb,0.08333333333333333,11,11,AGGGGACGCGTACACGACCT,0,29943
TSS_1414_storz_regulondb,0.08333333333333333,11,11,AGGGCTATGTCAGCGCCAGA,0,30456
TSS_1414_storz_regulondb,0.08333333333333333,11,11,AGGCGAGTCGTTGGGAAGGG,0,58383
TSS_1414_storz_regulondb,0.08333333333333333,11,11,AGGCGAGGCATTCTGTGTCC,0,75889
TSS_1414_storz_regulondb,0.08333333333333333,11,11,AGGCAGCAGCGACCTTGTCT,0,72468
TSS_1414_storz_regulondb,0.08333333333333333,11,11,AGGCAAGCATCTATACCGAT,0,16762
TSS_1414_storz_regulondb,0.08333333333333333,11,11,AGCTAGCTTGTCGGTAAACT,0,59428
TSS_1414_storz_regulondb,0.08333333333333333,11,11,AGCGTAGCTTGCGAATGGTA,0,53052
TSS_1414_storz_regulondb,0.08333333333333333,11,11,AGCCTATGTGACTCATAGGT,0,44880
TSS_1414_storz_regulondb,0.08333333333333333,11,11,AGCCGTCACTCATAGGCATC,0,34186
TSS_1414_storz_regulondb,0.08333333333333333,11,11,AGCCCTTGGGCACACCGGAA,0,64507
TSS_1414_storz_regulondb,0.08333333333333333,11,11,AGCCCTGAACTCCGGAACCC,0,1186
TSS_1414_storz_regulondb,0.08333333333333333,11,11,AGCATGGGATGTGCACGCTT,0,43542
TSS_1414_storz_regulondb,0.08333333333333333,11,11,AGCATAGTATATGCACTTGA,0,1036
TSS_1414_storz_regulondb,0.08333333333333333,11,11,AGCATAGCTTGGCCTGAGAT,0,32466
TSS_1414_storz_regulondb,0.08333333333333333,11,11,AGCAGAGCAAGTTTTGAGAT,0,78884
TSS_1414_storz_regulondb,0.08333333333333333,11,11,AGATTTGTCAGTCCACATGC,0,1122
TSS_1414_storz_regulondb,0.08333333333333333,11,11,AGATTTATAGGAATCATCGT,0,71425
TSS_1414_storz_regulondb,0.08333333333333333,11,11,AGATCACAATGTCGTTCGGC,0,5986
TSS_1414_storz_regulondb,0.08333333333333333,11,11,AGATATCGAAGCAGAGGTGG,0,42951
TSS_1414_storz_regulondb,0.08333333333333333,11,11,AGAGGGTGAGATTTGGTGCT,0,79989
TSS_1414_storz_regulondb,0.08333333333333333,11,11,AGAGGGCGTTCGGCATTGGC,0,1978
TSS_1414_storz_regulondb,0.08333333333333333,11,11,AGAGCTTAAGTCTCGCGTAG,0,2069
TSS_1414_storz_regulondb,0.08333333333333333,11,11,AGACTATCTACAGCATCCAT,0,37034
TSS_1414_storz_regulondb,0.08333333333333333,11,11,AGAAGTCAATAATTCGCTTC,0,35716
TSS_1414_storz_regulondb,0.08333333333333333,11,11,AGAAGCGGGTTACCCACGTT,0,5124
TSS_1414_storz_regulondb,0.08333333333333333,11,11,AGAACATTTTTCCGCCGTGT,0,59987
TSS_1414_storz_regulondb,0.08333333333333333,11,11,ACTTGGATATAGATTGCTCG,0,39853
TSS_1414_storz_regulondb,0.08333333333333333,11,11,ACTGCGAGACATTTCAGTTT,0,27351
TSS_1414_storz_regulondb,0.08333333333333333,11,11,ACTGCCCTCATGTAAAATCA,0,61609
TSS_1414_storz_regulondb,0.08333333333333333,11,11,ACTGATTAGCTCTAATAGTG,0,61423
TSS_1414_storz_regulondb,0.08333333333333333,11,11,ACTCTGGAGGGTCATTGTCA,0,44685
TSS_1414_storz_regulondb,0.08333333333333333,11,11,ACTCGATCCCACCCATATAT,0,6486
TSS_1414_storz_regulondb,0.08333333333333333,11,11,ACTATCCGGGACTGCAGAGT,0,37755
TSS_1414_storz_regulondb,0.08333333333333333,11,11,ACTAGAATCGGAACGTAAGA,0,74440
TSS_1414_storz_regulondb,0.08333333333333333,11,11,ACGTATAAGTGCCTCGATGA,0,29735
TSS_1414_storz_regulondb,0.08333333333333333,11,11,ACGTATAAACGCGCTCAACA,0,74059
TSS_1414_storz_regulondb,0.08333333333333333,11,11,ACGTAAAGGATCTTCTCTTC,0,12214
TSS_1414_storz_regulondb,0.08333333333333333,11,11,ACGGTTGAGTTTTATTTACA,0,20463
TSS_1414_storz_regulondb,0.08333333333333333,11,11,ACGGGGCCTCACATACCTGA,0,54728
TSS_1414_storz_regulondb,0.08333333333333333,11,11,ACGCTTTGTTGGTTTGGCCG,0,65429
TSS_1414_storz_regulondb,0.08333333333333333,11,11,ACGCTTATGTGACATTTAGC,0,43691
TSS_1414_storz_regulondb,0.08333333333333333,11,11,ACGCTATGGATTTGTGAAAT,0,36648
TSS_1414_storz_regulondb,0.08333333333333333,11,11,ACGCGCACCAAATCTACAAA,0,70540
TSS_1414_storz_regulondb,0.08333333333333333,11,11,ACGCATGCGCCTAAGGTCTA,0,66705
TSS_1414_storz_regulondb,0.08333333333333333,11,11,ACGCAGTGAGGCCCGCGTAG,0,31826
TSS_1414_storz_regulondb,0.08333333333333333,11,11,ACGCAACGGCGGTTAACCCT,0,57721
TSS_1414_storz_regulondb,0.08333333333333333,11,11,ACGATCGAGTGTCTCCATCT,0,7790
TSS_1414_storz_regulondb,0.08333333333333333,11,11,ACGAGGGAGTTTTGGACAGC,0,44768
TSS_1414_storz_regulondb,0.08333333333333333,11,11,ACCTCAGCTACTGAAATTGA,0,40011
TSS_1414_storz_regulondb,0.08333333333333333,11,11,ACCGTTGGCATGTAGAGCGA,0,66641
TSS_1414_storz_regulondb,0.08333333333333333,11,11,ACCGGTCGCCATTAAGAAGT,0,48908
TSS_1414_storz_regulondb,0.08333333333333333,11,11,ACCGCTGGACGCATTGCCTG,0,22728
TSS_1414_storz_regulondb,0.08333333333333333,11,11,ACCCTTGGTTCCATCTTTGG,0,43890
TSS_1414_storz_regulondb,0.08333333333333333,11,11,ACCCTAAGGCGACTTTTAGA,0,8565
TSS_1414_storz_regulondb,0.08333333333333333,11,11,ACCCGGGTTCCGTCGGCCTT,0,11073
TSS_1414_storz_regulondb,0.08333333333333333,11,11,ACCCCTCATCGTTCTGCCGG,0,80272
TSS_1414_storz_regulondb,0.08333333333333333,11,11,ACCCACTATGAGTCCCCTGC,0,64593
TSS_1414_storz_regulondb,0.08333333333333333,11,11,ACCATCTTTTTAAGCGAGCA,0,45611
TSS_1414_storz_regulondb,0.08333333333333333,11,11,ACCATAGATAGAGAATCGAT,0,995
TSS_1414_storz_regulondb,0.08333333333333333,11,11,ACCAGTGATTTACGCATTCA,0,6806
TSS_1414_storz_regulondb,0.08333333333333333,11,11,ACCACTTTCTTACGTTGTCG,0,30609
TSS_1414_storz_regulondb,0.08333333333333333,11,11,ACCAAGTAGACGTAACGGCC,0,22082
TSS_1414_storz_regulondb,0.08333333333333333,11,11,ACCAACGTTTGGTAGGAGGA,0,40856
TSS_1414_storz_regulondb,0.08333333333333333,11,11,ACATTTTCGGCAGATCGTAG,0,31436
TSS_1414_storz_regulondb,0.08333333333333333,11,11,ACATTAGCCAGCGTGGTCGC,0,45405
TSS_1414_storz_regulondb,0.08333333333333333,11,11,ACATGCAGCTTCCATGGGTG,0,69597
TSS_1414_storz_regulondb,0.08333333333333333,11,11,ACATGACGACGAGCAAGCGC,0,42904
TSS_1414_storz_regulondb,0.08333333333333333,11,11,ACATAGGTATTAGCCACCTA,0,67703
TSS_1414_storz_regulondb,0.08333333333333333,11,11,ACAGGTAAGTTGGCAACGGG,0,60803
TSS_1414_storz_regulondb,0.08333333333333333,11,11,ACAGATATTGACGCAGGTAA,0,6056
TSS_1414_storz_regulondb,0.08333333333333333,11,11,ACAGATAAGCAATTTGCTGG,0,76508
TSS_1414_storz_regulondb,0.08333333333333333,11,11,ACACTTCGGCGAGCGATCTG,0,73893
TSS_1414_storz_regulondb,0.08333333333333333,11,11,ACAAGGTTTCGTCATCAACC,0,22563
TSS_1414_storz_regulondb,0.08333333333333333,11,11,ACAAGAGCTTCTTATATCGT,0,66065
TSS_1414_storz_regulondb,0.08333333333333333,11,11,ACAACTTGACTGGTCAAGGA,0,31431
TSS_1414_storz_regulondb,0.08333333333333333,11,11,ACAAATATGACTTAGTCAGG,0,70717
TSS_1414_storz_regulondb,0.08333333333333333,11,11,ACAAACTGAAACGGGTCCAG,0,68558
TSS_1414_storz_regulondb,0.08333333333333333,11,11,AATTACCAGCAAAAACCCCA,0,64913
TSS_1414_storz_regulondb,0.08333333333333333,11,11,AATGCCCATTCCGAGGAAAT,0,22467
TSS_1414_storz_regulondb,0.08333333333333333,11,11,AATGATGGCTATTGCTAAAT,0,18625
TSS_1414_storz_regulondb,0.08333333333333333,11,11,AATCTTCGCTCTCGCTGATG,0,34021
TSS_1414_storz_regulondb,0.08333333333333333,11,11,AATCGCTTGACCCATAAGGG,0,30236
TSS_1414_storz_regulondb,0.08333333333333333,11,11,AATCAGGATAGGGGCAGGAA,0,77551
TSS_1414_storz_regulondb,0.08333333333333333,11,11,AATCACTCCCAGAGCGGCAG,0,39248
TSS_1414_storz_regulondb,0.08333333333333333,11,11,AATATATCTTGGAGGGTCAG,0,26198
TSS_1414_storz_regulondb,0.08333333333333333,11,11,AATATAAGGGCAGCACTGGG,0,6181
TSS_1414_storz_regulondb,0.08333333333333333,11,11,AATAACTGTGCTCGGTGGCA,0,31562
TSS_1414_storz_regulondb,0.08333333333333333,11,11,AATAAAGTCCATATGGTGCT,0,21432
TSS_1414_storz_regulondb,0.08333333333333333,11,11,AAGTTTCGTTCTCGCTGCGC,0,27048
TSS_1414_storz_regulondb,0.08333333333333333,11,11,AAGTTGCCGGAAATAAACGT,0,53760
TSS_1414_storz_regulondb,0.08333333333333333,11,11,AAGTCGTACCAACGTTGCCG,0,69259
TSS_1414_storz_regulondb,0.08333333333333333,11,11,AAGTATTAGGTCCTACCAAA,0,24991
TSS_1414_storz_regulondb,0.08333333333333333,11,11,AAGTAATGTATTAAGCGCTT,0,59245
TSS_1414_storz_regulondb,0.08333333333333333,11,11,AAGCTAAGCTCGGATATCTG,0,67069
TSS_1414_storz_regulondb,0.08333333333333333,11,11,AAGCCCGGAGTTTTCATTGC,0,45502
TSS_1414_storz_regulondb,0.08333333333333333,11,11,AAGCAGGTGTAGCAGAGTTG,0,29544
TSS_1414_storz_regulondb,0.08333333333333333,11,11,AAGCAATAGTTCTTGTCCTC,0,39100
TSS_1414_storz_regulondb,0.08333333333333333,11,11,AAGATTGGCATCAACGGTCA,0,23208
TSS_1414_storz_regulondb,0.08333333333333333,11,11,AAGAGGCATCGGCAACTCGA,0,61544
TSS_1414_storz_regulondb,0.08333333333333333,11,11,AAGAAGGCCTAAGACTCCGT,0,47035
TSS_1414_storz_regulondb,0.08333333333333333,11,11,AACTGGGAGAGCCCAATCAC,0,46462
TSS_1414_storz_regulondb,0.08333333333333333,11,11,AACTCGGAGGTCGCAGCCTT,0,60919
TSS_1414_storz_regulondb,0.08333333333333333,11,11,AACTAGATAATACTATTGCT,0,42647
TSS_1414_storz_regulondb,0.08333333333333333,11,11,AACGTAATCAGGCCATTCAA,0,10751
TSS_1414_storz_regulondb,0.08333333333333333,11,11,AACGGAGGCGGTTTCCGCCT,0,13706
TSS_1414_storz_regulondb,0.08333333333333333,11,11,AACGAGCCTGTAAGCGATGA,0,75900
TSS_1414_storz_regulondb,0.08333333333333333,11,11,AACCTGGAATCCCGGGTTGC,0,31992
TSS_1414_storz_regulondb,0.08333333333333333,11,11,AACCCCGATTGACCGACTCA,0,71817
TSS_1414_storz_regulondb,0.08333333333333333,11,11,AACCAGCCAACGCGCCGGGG,0,73785
TSS_1414_storz_regulondb,0.08333333333333333,11,11,AACAGTCCTATAGTGCTGTG,0,1723
TSS_1414_storz_regulondb,0.08333333333333333,11,11,AACAGGTAGGCAGAACTCAG,0,11071
TSS_1414_storz_regulondb,0.08333333333333333,11,11,AACAACATCTTCCCAAATTG,0,68617
TSS_1414_storz_regulondb,0.08333333333333333,11,11,AACAAACTCTCCGGCCAGTG,0,36307
TSS_1414_storz_regulondb,0.08333333333333333,11,11,AACAAAAGGTATGTCGAAGA,0,14
TSS_1414_storz_regulondb,0.08333333333333333,11,11,AAATCGTCCCGAGGCAACTT,0,74550
TSS_1414_storz_regulondb,0.08333333333333333,11,11,AAATAGCAAGACGCCCGCTG,0,29666
TSS_1414_storz_regulondb,0.08333333333333333,11,11,AAATACCCCTATATGTGATC,0,65971
TSS_1414_storz_regulondb,0.08333333333333333,11,11,AAATACACCAGAACGTATCA,0,47091
TSS_1414_storz_regulondb,0.08333333333333333,11,11,AAAGTTTTTATGCTGGGTAA,0,59654
TSS_1414_storz_regulondb,0.08333333333333333,11,11,AAAGGTGCCACTCTGAAAAG,0,12001
TSS_1414_storz_regulondb,0.08333333333333333,11,11,AAAGGCAAGGCAGGCGGAAG,0,22086
TSS_1414_storz_regulondb,0.08333333333333333,11,11,AAAGCGGGAAGTCACCTATT,0,34469
TSS_1414_storz_regulondb,0.08333333333333333,11,11,AAAGAGGGTTACGGTATGTT,0,65524
TSS_1414_storz_regulondb,0.08333333333333333,11,11,AAACCCTACAGTACGTGATT,0,65192
TSS_1414_storz_regulondb,0.08333333333333333,11,11,AAACAGCGCTGCGCATAGAA,0,78135
TSS_1414_storz_regulondb,0.08333333333333333,11,11,AAAATCGTTAAGGCTGCAAA,0,69822
TSS_1414_storz_regulondb,0.08333333333333333,11,11,AAAAGGAACTGAATTCAGGT,0,15033
TSS_1414_storz_regulondb,0.09090909090909091,10,10,TTTTCGGAGGCTTGCGCGGC,0,76941
TSS_1414_storz_regulondb,0.09090909090909091,10,10,TTTGTCGTCCGGTCAACACT,0,67317
TSS_1414_storz_regulondb,0.09090909090909091,10,10,TTTGGGTGTTCTGCACGAGG,0,7638
TSS_1414_storz_regulondb,0.09090909090909091,10,10,TTTCGGTCAATGGGGTGCGA,0,8104
TSS_1414_storz_regulondb,0.09090909090909091,10,10,TTTCGATGCGTCTTAGCTAT,0,40325
TSS_1414_storz_regulondb,0.09090909090909091,10,10,TTTCGATGAGGCTTCTCGGG,0,213
TSS_1414_storz_regulondb,0.09090909090909091,10,10,TTTCAGGTTATAGAGGTAAT,0,9480
TSS_1414_storz_regulondb,0.09090909090909091,10,10,TTTAGATGTCACCAGCAAGT,0,54360
TSS_1414_storz_regulondb,0.09090909090909091,10,10,TTTACTGATCAGTACCGAAC,0,52900
TSS_1414_storz_regulondb,0.09090909090909091,10,10,TTTACGATCTGCAAGTCTAT,0,31474
TSS_1414_storz_regulondb,0.09090909090909091,10,10,TTTAACAGGATCCTATTCCA,0,13455
TSS_1414_storz_regulondb,0.09090909090909091,10,10,TTGTTAGGACTTCTTTCCGA,0,46925
TSS_1414_storz_regulondb,0.09090909090909091,10,10,TTGTCCATGATGTCACACAA,0,76372
TSS_1414_storz_regulondb,0.09090909090909091,10,10,TTGTCCATCTTACTACGCCG,0,63261
TSS_1414_storz_regulondb,0.09090909090909091,10,10,TTGTCCATCTCGAAGACAGT,0,10770
TSS_1414_storz_regulondb,0.09090909090909091,10,10,TTGTATCAGTCTACCTCGGC,0,26665
TSS_1414_storz_regulondb,0.09090909090909091,10,10,TTGTACAGGCTCTCATGTCT,0,1573
TSS_1414_storz_regulondb,0.09090909090909091,10,10,TTGGTTACTTTGTGGGAGCT,0,68892
TSS_1414_storz_regulondb,0.09090909090909091,10,10,TTGGCAAGTCAGGTCTAAGG,0,51616
TSS_1414_storz_regulondb,0.09090909090909091,10,10,TTGCCTCCAAAGAGTCAGAC,0,79031
TSS_1414_storz_regulondb,0.09090909090909091,10,10,TTGCCGTGCCTGGCTAAGAG,0,24670
TSS_1414_storz_regulondb,0.09090909090909091,10,10,TTGCCCCTGTCAATGTATGT,0,49375
TSS_1414_storz_regulondb,0.09090909090909091,10,10,TTGCCACCGTATAGTGCGCG,0,64044
TSS_1414_storz_regulondb,0.09090909090909091,10,10,TTGATTTACGCTTGGGCGGG,0,78363
TSS_1414_storz_regulondb,0.09090909090909091,10,10,TTGATTGCGGTCTTGAAGAG,0,17039
TSS_1414_storz_regulondb,0.09090909090909091,10,10,TTGAGATTACAAAGATTTGA,0,18814
TSS_1414_storz_regulondb,0.09090909090909091,10,10,TTCTTATCCTCGTAACGGGT,0,42029
TSS_1414_storz_regulondb,0.09090909090909091,10,10,TTCGGAGATTAACTGTTTGC,0,76943
TSS_1414_storz_regulondb,0.09090909090909091,10,10,TTCGACTTCGCCAGGGCGGT,0,74645
TSS_1414_storz_regulondb,0.09090909090909091,10,10,TTCCTGATACCTTGCTTCTC,0,58678
TSS_1414_storz_regulondb,0.09090909090909091,10,10,TTCCTACCGCCAACCAGAAC,0,70266
TSS_1414_storz_regulondb,0.09090909090909091,10,10,TTCCGACAGAATAAAACAAA,0,16703
TSS_1414_storz_regulondb,0.09090909090909091,10,10,TTCCAGGTACTCAGACGAGG,0,34693
TSS_1414_storz_regulondb,0.09090909090909091,10,10,TTCATCGGTAGGCATTTTCA,0,21214
TSS_1414_storz_regulondb,0.09090909090909091,10,10,TTCAGGGTCCGCCTCGAGGA,0,26853
TSS_1414_storz_regulondb,0.09090909090909091,10,10,TTCAGGCGCAGTTAAGGCAT,0,43659
TSS_1414_storz_regulondb,0.09090909090909091,10,10,TTCAAGAGCACTCGAATTCA,0,78542
TSS_1414_storz_regulondb,0.09090909090909091,10,10,TTATCTGGGTATCTATATCT,0,10799
TSS_1414_storz_regulondb,0.09090909090909091,10,10,TTATAGAGTTCTATGTACAA,0,32889
TSS_1414_storz_regulondb,0.09090909090909091,10,10,TTAGGGTCAGAAAGTTACGA,0,59392
TSS_1414_storz_regulondb,0.09090909090909091,10,10,TTACGTGCTGAGGATACTAA,0,5845
TSS_1414_storz_regulondb,0.09090909090909091,10,10,TTACCACCGCTAGTGCGTCT,0,64730
TSS_1414_storz_regulondb,0.09090909090909091,10,10,TTAATGTGCATCGGCCGGTC,0,27365
TSS_1414_storz_regulondb,0.09090909090909091,10,10,TGTTGTGTTTGAGCAGTTAC,0,8504
TSS_1414_storz_regulondb,0.09090909090909091,10,10,TGTTGCCATAACGTATCGGA,0,37807
TSS_1414_storz_regulondb,0.09090909090909091,10,10,TGTTAACAATAACGCTGTAA,0,44062
TSS_1414_storz_regulondb,0.09090909090909091,10,10,TGTGTATCAAGATGAGTAGT,0,7147
TSS_1414_storz_regulondb,0.09090909090909091,10,10,TGTGGGCGCCTTCCAGAACT,0,3498
TSS_1414_storz_regulondb,0.09090909090909091,10,10,TGTCTTGTAGAAGTGTACCA,0,29439
TSS_1414_storz_regulondb,0.09090909090909091,10,10,TGTCAGCTAGTCCTGTCTTT,0,52505
TSS_1414_storz_regulondb,0.09090909090909091,10,10,TGTCACATCTTGAGTCTATA,0,59154
TSS_1414_storz_regulondb,0.09090909090909091,10,10,TGTAATTGGCAACAGGGACG,0,23993
TSS_1414_storz_regulondb,0.09090909090909091,10,10,TGTAAGGATGCCAGCTGACT,0,21563
TSS_1414_storz_regulondb,0.09090909090909091,10,10,TGGTCGTGTACGGATCTTTA,0,41535
TSS_1414_storz_regulondb,0.09090909090909091,10,10,TGGTCACCCCTTTCTACCTA,0,65611
TSS_1414_storz_regulondb,0.09090909090909091,10,10,TGGGGCGCTTACGGCGATCC,0,43921
TSS_1414_storz_regulondb,0.09090909090909091,10,10,TGGGGCAGTTAGTCGGAGCC,0,18437
TSS_1414_storz_regulondb,0.09090909090909091,10,10,TGGGCCAGGCCGTTCAGGCC,0,72960
TSS_1414_storz_regulondb,0.09090909090909091,10,10,TGGGAGTTGCTCTCGCGGCG,0,22685
TSS_1414_storz_regulondb,0.09090909090909091,10,10,TGGCGAGGGATGCATCAAAG,0,35761
TSS_1414_storz_regulondb,0.09090909090909091,10,10,TGGCATTCGCTGACAGAGAC,0,10790
TSS_1414_storz_regulondb,0.09090909090909091,10,10,TGGCATCCTCGTAGGCTCCG,0,28113
TSS_1414_storz_regulondb,0.09090909090909091,10,10,TGGAGAATACTAATCGTAAA,0,73737
TSS_1414_storz_regulondb,0.09090909090909091,10,10,TGGACGATCGAGTGCCCCTA,0,37961
TSS_1414_storz_regulondb,0.09090909090909091,10,10,TGGACAGGACCGTGTTGTCA,0,48594
TSS_1414_storz_regulondb,0.09090909090909091,10,10,TGCTGCACTGTTTTATGGTA,0,34562
TSS_1414_storz_regulondb,0.09090909090909091,10,10,TGCGTTGGCTATGGAATGTC,0,44975
TSS_1414_storz_regulondb,0.09090909090909091,10,10,TGCGTGTTGACCAAGCACCG,0,22946
TSS_1414_storz_regulondb,0.09090909090909091,10,10,TGCGCCGTGTGGAACCTCGA,0,72061
TSS_1414_storz_regulondb,0.09090909090909091,10,10,TGCGACGGTTAATGGCACGA,0,78965
TSS_1414_storz_regulondb,0.09090909090909091,10,10,TGCGAATGCGTGGCTGGGCT,0,62518
TSS_1414_storz_regulondb,0.09090909090909091,10,10,TGCCCGACGATCCCGTGCCG,0,49830
TSS_1414_storz_regulondb,0.09090909090909091,10,10,TGCCCATGTATCTGAAGTCA,0,2418
TSS_1414_storz_regulondb,0.09090909090909091,10,10,TGCCCATGGAGTCGCCTGAC,0,44891
TSS_1414_storz_regulondb,0.09090909090909091,10,10,TGCATGCCCCGCTCTAACGT,0,14825
TSS_1414_storz_regulondb,0.09090909090909091,10,10,TGCATGCCACCCAATCCCTG,0,74040
TSS_1414_storz_regulondb,0.09090909090909091,10,10,TGCATGAGGGGCTGGACATC,0,3224
TSS_1414_storz_regulondb,0.09090909090909091,10,10,TGCATCCCTAATAACCCGAT,0,56109
TSS_1414_storz_regulondb,0.09090909090909091,10,10,TGCATCAGCTGTTGTCCTAT,0,33283
TSS_1414_storz_regulondb,0.09090909090909091,10,10,TGCATAGTGTGTCGATGTAC,0,42349
TSS_1414_storz_regulondb,0.09090909090909091,10,10,TGCAGGATGAGTGGCTGCGC,0,69618
TSS_1414_storz_regulondb,0.09090909090909091,10,10,TGCACTGAATCGCTTTGTCT,0,11225
TSS_1414_storz_regulondb,0.09090909090909091,10,10,TGCACCGGCTGGAGATGCGC,0,57568
TSS_1414_storz_regulondb,0.09090909090909091,10,10,TGATGGCTGCGTCGGTGCTA,0,70896
TSS_1414_storz_regulondb,0.09090909090909091,10,10,TGATATGCCAACCATCGGGA,0,74887
TSS_1414_storz_regulondb,0.09090909090909091,10,10,TGATAGAACTTAACGCGGGT,0,81029
TSS_1414_storz_regulondb,0.09090909090909091,10,10,TGAGCTTGTGTATCACTTAA,0,67861
TSS_1414_storz_regulondb,0.09090909090909091,10,10,TGAGCTGGCGGCCCGCGGAG,0,70045
TSS_1414_storz_regulondb,0.09090909090909091,10,10,TGACTCGCATGCCTGGTGCA,0,9565
TSS_1414_storz_regulondb,0.09090909090909091,10,10,TGACGTGGAGTTTTGGGACG,0,29790
TSS_1414_storz_regulondb,0.09090909090909091,10,10,TGACGGTCCGTGCTCTAAAT,0,48523
TSS_1414_storz_regulondb,0.09090909090909091,10,10,TGAATTAGGCCTCGTTCTGA,0,61719
TSS_1414_storz_regulondb,0.09090909090909091,10,10,TGAACTAGATCTGCTGCAGT,0,60988
TSS_1414_storz_regulondb,0.09090909090909091,10,10,TGAACACGACTACTTTTACT,0,23076
TSS_1414_storz_regulondb,0.09090909090909091,10,10,TGAAAGAGATATTCACCGAA,0,6317
TSS_1414_storz_regulondb,0.09090909090909091,10,10,TCTTGTCTCTTCGGATTATA,0,76844
TSS_1414_storz_regulondb,0.09090909090909091,10,10,TCTTCTCGCAGTGACTTGTT,0,77240
TSS_1414_storz_regulondb,0.09090909090909091,10,10,TCTTATTAATTGTAGTCAAG,0,20751
TSS_1414_storz_regulondb,0.09090909090909091,10,10,TCTGGTTCTAGGAGACTAAC,0,23306
TSS_1414_storz_regulondb,0.09090909090909091,10,10,TCTGCGAAGAAAGTGGGACA,0,30203
TSS_1414_storz_regulondb,0.09090909090909091,10,10,TCTCTATCGTTGTCCGCCAC,0,38165
TSS_1414_storz_regulondb,0.09090909090909091,10,10,TCTAGGTAATGAACTGGATA,0,40597
TSS_1414_storz_regulondb,0.09090909090909091,10,10,TCTACTTGGCGTGCCGGCTG,0,32585
TSS_1414_storz_regulondb,0.09090909090909091,10,10,TCTACACCGGTACTGGCCGT,0,34278
TSS_1414_storz_regulondb,0.09090909090909091,10,10,TCGTTTACTATGTATATGTT,0,36968
TSS_1414_storz_regulondb,0.09090909090909091,10,10,TCGTTGTCTCATGAGTCAGG,0,36342
TSS_1414_storz_regulondb,0.09090909090909091,10,10,TCGTGCTTCGTGATCGGTCT,0,71430
TSS_1414_storz_regulondb,0.09090909090909091,10,10,TCGTCTATCAAGTGCCGTAA,0,23806
TSS_1414_storz_regulondb,0.09090909090909091,10,10,TCGGTCGTGGCCCGTACAGG,0,12236
TSS_1414_storz_regulondb,0.09090909090909091,10,10,TCGGTAACGTGAGCTGGGAA,0,71346
TSS_1414_storz_regulondb,0.09090909090909091,10,10,TCGGGACAAGACGAATTGTA,0,49746
TSS_1414_storz_regulondb,0.09090909090909091,10,10,TCGGCCGCGCCTATGCCGGT,0,46317
TSS_1414_storz_regulondb,0.09090909090909091,10,10,TCGCATGGACCATTCGCTCT,0,30603
TSS_1414_storz_regulondb,0.09090909090909091,10,10,TCGAGGCTAGCCGGCAGTTC,0,12481
TSS_1414_storz_regulondb,0.09090909090909091,10,10,TCGACAAAGTCCGCAGTGAA,0,17949
TSS_1414_storz_regulondb,0.09090909090909091,10,10,TCCTCTGTTTATTAAGCGGA,0,66827
TSS_1414_storz_regulondb,0.09090909090909091,10,10,TCCTAAGTTAGAAGGGCTGT,0,46941
TSS_1414_storz_regulondb,0.09090909090909091,10,10,TCCGTACTAGCTCATACACC,0,40928
TSS_1414_storz_regulondb,0.09090909090909091,10,10,TCCGGGAGGCAGCTAATTAA,0,74400
TSS_1414_storz_regulondb,0.09090909090909091,10,10,TCCGGATCGATCGCTCCAGG,0,61191
TSS_1414_storz_regulondb,0.09090909090909091,10,10,TCCGCTCAGCCTGCCCTTCT,0,54874
TSS_1414_storz_regulondb,0.09090909090909091,10,10,TCCGCGGGGGTCTATACAAC,0,65050
TSS_1414_storz_regulondb,0.09090909090909091,10,10,TCCCGGGGGGCCGTTCCAGG,0,22671
TSS_1414_storz_regulondb,0.09090909090909091,10,10,TCCAGCGACCCAGCAGCATG,0,39156
TSS_1414_storz_regulondb,0.09090909090909091,10,10,TCATGGTTTGCCACCGTCGT,0,43670
TSS_1414_storz_regulondb,0.09090909090909091,10,10,TCATCGGTTCGTAGAGGCAA,0,72754
TSS_1414_storz_regulondb,0.09090909090909091,10,10,TCAGTTATCGGTAACCTTGT,0,54918
TSS_1414_storz_regulondb,0.09090909090909091,10,10,TCAGTCGTGTAAATACCGTA,0,790
TSS_1414_storz_regulondb,0.09090909090909091,10,10,TCAGGCCCCGGTTATATCAC,0,10982
TSS_1414_storz_regulondb,0.09090909090909091,10,10,TCAGCGGACCCTAGTACGAG,0,12771
TSS_1414_storz_regulondb,0.09090909090909091,10,10,TCACGTTGTACACGGTTAAC,0,61941
TSS_1414_storz_regulondb,0.09090909090909091,10,10,TCACGTCAGAGAGCTTGTCA,0,51690
TSS_1414_storz_regulondb,0.09090909090909091,10,10,TCACCCCGATGAGTGAAACT,0,51234
TSS_1414_storz_regulondb,0.09090909090909091,10,10,TCACAGCTACGGCATGTCAG,0,44753
TSS_1414_storz_regulondb,0.09090909090909091,10,10,TCAATCGTAGTCATTGGTTG,0,64025
TSS_1414_storz_regulondb,0.09090909090909091,10,10,TCAAGGCGAGTTGGAGGGAA,0,29307
TSS_1414_storz_regulondb,0.09090909090909091,10,10,TCAAGCCCGATAGGCCCGGG,0,80373
TSS_1414_storz_regulondb,0.09090909090909091,10,10,TCAAAGCGAAGGCACCGAAT,0,62897
TSS_1414_storz_regulondb,0.09090909090909091,10,10,TCAAAAGCTAACTTGAACGT,0,68130
TSS_1414_storz_regulondb,0.09090909090909091,10,10,TATTTGCGCGACTCCGTTCA,0,3021
TSS_1414_storz_regulondb,0.09090909090909091,10,10,TATTCAACCCTTGGACTTGC,0,71407
TSS_1414_storz_regulondb,0.09090909090909091,10,10,TATGGACACCCACCGTAGGA,0,23911
TSS_1414_storz_regulondb,0.09090909090909091,10,10,TATGCTTTTATGCCGGAGGA,0,45765
TSS_1414_storz_regulondb,0.09090909090909091,10,10,TATCGAGATGCAGGGAGAAT,0,79435
TSS_1414_storz_regulondb,0.09090909090909091,10,10,TATAGTTTCAGCTATAAATT,0,22360
TSS_1414_storz_regulondb,0.09090909090909091,10,10,TATACCGGGGAGTATCGTGA,0,1505
TSS_1414_storz_regulondb,0.09090909090909091,10,10,TATAAACTCCGAGTTGTCTT,0,26559
TSS_1414_storz_regulondb,0.09090909090909091,10,10,TAGTAGCAAGGCCGTCGTCT,0,78349
TSS_1414_storz_regulondb,0.09090909090909091,10,10,TAGGCGGTGGAATGTATTTA,0,17531
TSS_1414_storz_regulondb,0.09090909090909091,10,10,TAGGATTACTGATGGTCGGC,0,36157
TSS_1414_storz_regulondb,0.09090909090909091,10,10,TAGGATATTTACGGCAAATA,0,49147
TSS_1414_storz_regulondb,0.09090909090909091,10,10,TAGGAGTACTCCAGACGATG,0,66594
TSS_1414_storz_regulondb,0.09090909090909091,10,10,TAGCTCCGTTGGTTTTCGCA,0,71819
TSS_1414_storz_regulondb,0.09090909090909091,10,10,TAGCGTTCAAGAAACGGATC,0,43009
TSS_1414_storz_regulondb,0.09090909090909091,10,10,TAGCGCACGCAGTGAGCGGG,0,52052
TSS_1414_storz_regulondb,0.09090909090909091,10,10,TAGCAGCAGAATGACAATGT,0,66728
TSS_1414_storz_regulondb,0.09090909090909091,10,10,TAGCACGTATAGTACAATCG,0,13300
TSS_1414_storz_regulondb,0.09090909090909091,10,10,TAGAATCATCATCCGTCGTA,0,31049
TSS_1414_storz_regulondb,0.09090909090909091,10,10,TACTTTATCGCCAAGTGACC,0,22250
TSS_1414_storz_regulondb,0.09090909090909091,10,10,TACTACCGCTCAGCGCCCTG,0,39249
TSS_1414_storz_regulondb,0.09090909090909091,10,10,TACGGCGTGCGTTCTATTAT,0,33051
TSS_1414_storz_regulondb,0.09090909090909091,10,10,TACGCCGTTACGTAAGGTAT,0,69109
TSS_1414_storz_regulondb,0.09090909090909091,10,10,TACGACATACATGTGCCGCA,0,64597
TSS_1414_storz_regulondb,0.09090909090909091,10,10,TACCTGAATGATACTATTAA,0,53531
TSS_1414_storz_regulondb,0.09090909090909091,10,10,TACCGTTTGCCACAACAAGG,0,22815
TSS_1414_storz_regulondb,0.09090909090909091,10,10,TACCGGCCCCAGGATCGCGC,0,18915
TSS_1414_storz_regulondb,0.09090909090909091,10,10,TACATTAAGCCGTATCTCTT,0,51859
TSS_1414_storz_regulondb,0.09090909090909091,10,10,TAATGTCCGAACGCTTGAAG,0,77780
TSS_1414_storz_regulondb,0.09090909090909091,10,10,TAATATTTAGGACGAGATGA,0,52622
TSS_1414_storz_regulondb,0.09090909090909091,10,10,TAAGGGCGACATAGCTCGCT,0,58533
TSS_1414_storz_regulondb,0.09090909090909091,10,10,TAAGCGCGTAGGTCAGATTG,0,4290
TSS_1414_storz_regulondb,0.09090909090909091,10,10,TAAGCAAGTTTTTTTTTCTA,0,55743
TSS_1414_storz_regulondb,0.09090909090909091,10,10,TAACTTTGCGCCATTAGACA,0,76076
TSS_1414_storz_regulondb,0.09090909090909091,10,10,TAACTTGTAGTGGGAGATGC,0,13863
TSS_1414_storz_regulondb,0.09090909090909091,10,10,TAACGTGGCCGGGCGAGTTT,0,9783
TSS_1414_storz_regulondb,0.09090909090909091,10,10,TAACGAACGTCCGGCTGTGG,0,41805
TSS_1414_storz_regulondb,0.09090909090909091,10,10,TAAATGGTTGTTTACAAACT,0,33415
TSS_1414_storz_regulondb,0.09090909090909091,10,10,TAAATCGTCATATCTGATAG,0,48409
TSS_1414_storz_regulondb,0.09090909090909091,10,10,TAAAGTGCGTGGTAACCCAA,0,19734
TSS_1414_storz_regulondb,0.09090909090909091,10,10,TAAAAGTCTCGGTCAAAATG,0,54107
TSS_1414_storz_regulondb,0.09090909090909091,10,10,TAAAAAAACGGTCCAGAAAT,0,58287
TSS_1414_storz_regulondb,0.09090909090909091,10,10,GTTTTCACAGTCCCCTAACG,0,31680
TSS_1414_storz_regulondb,0.09090909090909091,10,10,GTTTACTGGTGACGTGACTA,0,8476
TSS_1414_storz_regulondb,0.09090909090909091,10,10,GTTTACGCCGCGATAATCGA,0,44196
TSS_1414_storz_regulondb,0.09090909090909091,10,10,GTTGCCTGATGATACTACGT,0,60542
TSS_1414_storz_regulondb,0.09090909090909091,10,10,GTTCTGCACTGCTCCGCTAA,0,67294
TSS_1414_storz_regulondb,0.09090909090909091,10,10,GTTCTGATCATACTGACGAC,0,31636
TSS_1414_storz_regulondb,0.09090909090909091,10,10,GTTCTCCAATGATAGTATGC,0,34530
TSS_1414_storz_regulondb,0.09090909090909091,10,10,GTTCCTTTATTGGGCAGTAC,0,75822
TSS_1414_storz_regulondb,0.09090909090909091,10,10,GTTCCAGGCATTCACACGGT,0,66667
TSS_1414_storz_regulondb,0.09090909090909091,10,10,GTTATTATCGCCTGCGCCGT,0,30869
TSS_1414_storz_regulondb,0.09090909090909091,10,10,GTTATCCCTCCTGGACACGT,0,73469
TSS_1414_storz_regulondb,0.09090909090909091,10,10,GTTATAGTTCAGTGACTTCC,0,46364
TSS_1414_storz_regulondb,0.09090909090909091,10,10,GTGTGTAAGTTAAAGGAACA,0,44723
TSS_1414_storz_regulondb,0.09090909090909091,10,10,GTGTGGACGATACTGGGGTT,0,68673
TSS_1414_storz_regulondb,0.09090909090909091,10,10,GTGTGCTTGGGGTTATCGAC,0,43173
TSS_1414_storz_regulondb,0.09090909090909091,10,10,GTGTGCACCTCGCGTCTCAA,0,25438
TSS_1414_storz_regulondb,0.09090909090909091,10,10,GTGTCTCGCCGGCCATCACT,0,64616
TSS_1414_storz_regulondb,0.09090909090909091,10,10,GTGTAGATCTGTGCTTTAGT,0,26547
TSS_1414_storz_regulondb,0.09090909090909091,10,10,GTGGGGTGGCTTGTTTATAT,0,40372
TSS_1414_storz_regulondb,0.09090909090909091,10,10,GTGGAGGCAAACATATCTCC,0,17847
TSS_1414_storz_regulondb,0.09090909090909091,10,10,GTGGAGGATTCTATTTTATG,0,69731
TSS_1414_storz_regulondb,0.09090909090909091,10,10,GTGCGAGCAAGAGTACGTTA,0,55662
TSS_1414_storz_regulondb,0.09090909090909091,10,10,GTGCAGGCGAAGAGCCCAAA,0,74659
TSS_1414_storz_regulondb,0.09090909090909091,10,10,GTGCAGAAGTCCCCGCGGTG,0,26162
TSS_1414_storz_regulondb,0.09090909090909091,10,10,GTGAGCTCCCTCCGGCAGAT,0,32493
TSS_1414_storz_regulondb,0.09090909090909091,10,10,GTGACTTGTATCCTTCCGTC,0,30857
TSS_1414_storz_regulondb,0.09090909090909091,10,10,GTCTGGTGAGACCCGAAGAG,0,50875
TSS_1414_storz_regulondb,0.09090909090909091,10,10,GTCTCGTGGTAGGGAGTTAC,0,33307
TSS_1414_storz_regulondb,0.09090909090909091,10,10,GTCTCCGCCAGCTCAGCCAT,0,1968
TSS_1414_storz_regulondb,0.09090909090909091,10,10,GTCTCAGGCTCATATCGCAG,0,48060
TSS_1414_storz_regulondb,0.09090909090909091,10,10,GTCTAAATGCATTTGCCCTT,0,19127
TSS_1414_storz_regulondb,0.09090909090909091,10,10,GTCGTCCTCTTCGCATTGAA,0,79893
TSS_1414_storz_regulondb,0.09090909090909091,10,10,GTCGATGTCGGAATAGGGAT,0,21010
TSS_1414_storz_regulondb,0.09090909090909091,10,10,GTCCTGCCGACTAAGCTGAA,0,73985
TSS_1414_storz_regulondb,0.09090909090909091,10,10,GTCCATGTAGGACGTAAGTG,0,61045
TSS_1414_storz_regulondb,0.09090909090909091,10,10,GTCCAACTTAGTCCCGCCAG,0,13227
TSS_1414_storz_regulondb,0.09090909090909091,10,10,GTCATGCCGACTTACAAATC,0,30233
TSS_1414_storz_regulondb,0.09090909090909091,10,10,GTCATCCTGCATAAATTCGT,0,80654
TSS_1414_storz_regulondb,0.09090909090909091,10,10,GTCATAAAGCATAAAACTGG,0,51919
TSS_1414_storz_regulondb,0.09090909090909091,10,10,GTCAATTACCTTGTATGGGA,0,23077
TSS_1414_storz_regulondb,0.09090909090909091,10,10,GTATTCGCCCAGCCCCCAAT,0,27734
TSS_1414_storz_regulondb,0.09090909090909091,10,10,GTATGTCTGATTCAGCGGCC,0,49822
TSS_1414_storz_regulondb,0.09090909090909091,10,10,GTATGAGATCATTATTAAGT,0,49415
TSS_1414_storz_regulondb,0.09090909090909091,10,10,GTATACGTGGGCTACGTTTT,0,24705
TSS_1414_storz_regulondb,0.09090909090909091,10,10,GTAGTATGGAATCGTATCTA,0,13333
TSS_1414_storz_regulondb,0.09090909090909091,10,10,GTAGGAGTGGTTTTATCGAT,0,12817
TSS_1414_storz_regulondb,0.09090909090909091,10,10,GTACTTAACCCACGCTCATG,0,66525
TSS_1414_storz_regulondb,0.09090909090909091,10,10,GTACTGCTAGATGACTATAT,0,71204
TSS_1414_storz_regulondb,0.09090909090909091,10,10,GTACTCTCCTGGCTATCTCC,0,65307
TSS_1414_storz_regulondb,0.09090909090909091,10,10,GTACCGCTCGACGTTAGCCA,0,79146
TSS_1414_storz_regulondb,0.09090909090909091,10,10,GTACCGAATTTATCGAGACA,0,8246
TSS_1414_storz_regulondb,0.09090909090909091,10,10,GTACCATAAAGCGAGATGGA,0,19407
TSS_1414_storz_regulondb,0.09090909090909091,10,10,GTACAACTGGGCGGTTGTCC,0,24220
TSS_1414_storz_regulondb,0.09090909090909091,10,10,GTAATGTGCCTACGGGAGGA,0,35418
TSS_1414_storz_regulondb,0.09090909090909091,10,10,GTAAGCTGAGGTTACCATAA,0,8353
TSS_1414_storz_regulondb,0.09090909090909091,10,10,GTAAGCAGATTTTGGCACAT,0,7433
TSS_1414_storz_regulondb,0.09090909090909091,10,10,GTAACCTCCGAAAGGCAGCT,0,25904
TSS_1414_storz_regulondb,0.09090909090909091,10,10,GGTTTAAAGAGGGACGTAAG,0,28175
TSS_1414_storz_regulondb,0.09090909090909091,10,10,GGTTGGGTGAAACATCTCCG,0,32077
TSS_1414_storz_regulondb,0.09090909090909091,10,10,GGTTATATACAGCCACTGCC,0,58567
TSS_1414_storz_regulondb,0.09090909090909091,10,10,GGTTACGTATCATAATACTA,0,36355
TSS_1414_storz_regulondb,0.09090909090909091,10,10,GGTTAAGCCTCTGCAACGCC,0,19357
TSS_1414_storz_regulondb,0.09090909090909091,10,10,GGTGTTACCGGGAGTTAATT,0,13391
TSS_1414_storz_regulondb,0.09090909090909091,10,10,GGTGGACTTAGGTGGGGCTT,0,76445
TSS_1414_storz_regulondb,0.09090909090909091,10,10,GGTGGACCCGGCCGTCTCTC,0,62641
TSS_1414_storz_regulondb,0.09090909090909091,10,10,GGTGAACTCGGAAGTTATCG,0,76119
TSS_1414_storz_regulondb,0.09090909090909091,10,10,GGTCGCTATTCCGTCTCACA,0,38996
TSS_1414_storz_regulondb,0.09090909090909091,10,10,GGTCCGAGCCTGGGTGTGAC,0,78481
TSS_1414_storz_regulondb,0.09090909090909091,10,10,GGTCAACGGGGCATTCAAAA,0,63708
TSS_1414_storz_regulondb,0.09090909090909091,10,10,GGTAGTGTGTCTAGGCAAAT,0,33799
TSS_1414_storz_regulondb,0.09090909090909091,10,10,GGTAATTGCGAATTACATAC,0,43136
TSS_1414_storz_regulondb,0.09090909090909091,10,10,GGGTGTCTGACAGCTAGCCG,0,73623
TSS_1414_storz_regulondb,0.09090909090909091,10,10,GGGTGGCTAATCTTTCAAGT,0,1184
TSS_1414_storz_regulondb,0.09090909090909091,10,10,GGGTGACTTACGGCGTTCGA,0,13807
TSS_1414_storz_regulondb,0.09090909090909091,10,10,GGGTCTTGGGGATGCAACGC,0,524
TSS_1414_storz_regulondb,0.09090909090909091,10,10,GGGTCCCAGGGCTTACCGAT,0,8989
TSS_1414_storz_regulondb,0.09090909090909091,10,10,GGGTCACTGGTGCGCTAATC,0,61412
TSS_1414_storz_regulondb,0.09090909090909091,10,10,GGGTACGGTACTATTCTGTT,0,78356
TSS_1414_storz_regulondb,0.09090909090909091,10,10,GGGGTCCGGATTCTATTCCA,0,18643
TSS_1414_storz_regulondb,0.09090909090909091,10,10,GGGGTATCGCCAGGAGATAG,0,64895
TSS_1414_storz_regulondb,0.09090909090909091,10,10,GGGCAACGGACCGGCAACCC,0,31590
TSS_1414_storz_regulondb,0.09090909090909091,10,10,GGGAGGAGCTATGTACACTT,0,70880
TSS_1414_storz_regulondb,0.09090909090909091,10,10,GGGAGATCCACATCCGACTA,0,10616
TSS_1414_storz_regulondb,0.09090909090909091,10,10,GGGAAGTAGCATGATCCACG,0,80019
TSS_1414_storz_regulondb,0.09090909090909091,10,10,GGGAACATCGTGCTAATGTG,0,67594
TSS_1414_storz_regulondb,0.09090909090909091,10,10,GGCTTTGCGTGGCCGGTGCT,0,29657
TSS_1414_storz_regulondb,0.09090909090909091,10,10,GGCTTTATTCTTGCGTAACG,0,60460
TSS_1414_storz_regulondb,0.09090909090909091,10,10,GGCTTCTGTTATCCCACGTC,0,72256
TSS_1414_storz_regulondb,0.09090909090909091,10,10,GGCTGTTCTGGAATAAAACG,0,1846
TSS_1414_storz_regulondb,0.09090909090909091,10,10,GGCTGCTTATGCTGATATTG,0,33638
TSS_1414_storz_regulondb,0.09090909090909091,10,10,GGCTCCCTTTTGTAGTGGTT,0,62911
TSS_1414_storz_regulondb,0.09090909090909091,10,10,GGCTCCCTCAGGGTCAAGGG,0,26425
TSS_1414_storz_regulondb,0.09090909090909091,10,10,GGCGGCGGTCCAATCAGTGC,0,45104
TSS_1414_storz_regulondb,0.09090909090909091,10,10,GGCGGCAGAGGGCACAGTTT,0,10903
TSS_1414_storz_regulondb,0.09090909090909091,10,10,GGCGCTGACGGTTTCGGCCA,0,27209
TSS_1414_storz_regulondb,0.09090909090909091,10,10,GGCCGTAATCGGAGTTTATG,0,22006
TSS_1414_storz_regulondb,0.09090909090909091,10,10,GGCCGGTAGCTTAGGAGGTT,0,29185
TSS_1414_storz_regulondb,0.09090909090909091,10,10,GGCCCCTGGAAACGAGTTTC,0,64160
TSS_1414_storz_regulondb,0.09090909090909091,10,10,GGCATGAATCGCCGTATTCC,0,38960
TSS_1414_storz_regulondb,0.09090909090909091,10,10,GGCACGTGAAGCCCTTGGCA,0,668
TSS_1414_storz_regulondb,0.09090909090909091,10,10,GGCAATGGGCTCTAGCTTCA,0,5129
TSS_1414_storz_regulondb,0.09090909090909091,10,10,GGCAACCAAGTTTCGGTCAG,0,22192
TSS_1414_storz_regulondb,0.09090909090909091,10,10,GGAGACGCGGTAATCGCGAA,0,129
TSS_1414_storz_regulondb,0.09090909090909091,10,10,GGAGAAACCCAGGCCCAGGC,0,78182
TSS_1414_storz_regulondb,0.09090909090909091,10,10,GGACTTCTAGTTCGACCATA,0,29013
TSS_1414_storz_regulondb,0.09090909090909091,10,10,GGACGTAATGGTTTAAAGCG,0,56485
TSS_1414_storz_regulondb,0.09090909090909091,10,10,GGACGGACCGGTAGTGTTAA,0,23864
TSS_1414_storz_regulondb,0.09090909090909091,10,10,GGAAGTCGGGGTAATACGGA,0,35106
TSS_1414_storz_regulondb,0.09090909090909091,10,10,GGAAATAAGGATTTGGAGAC,0,68941
TSS_1414_storz_regulondb,0.09090909090909091,10,10,GGAAAACTGCGCAGGTCTGC,0,8430
TSS_1414_storz_regulondb,0.09090909090909091,10,10,GCTTGGGCCACTTTGAGAAT,0,72129
TSS_1414_storz_regulondb,0.09090909090909091,10,10,GCTGTAGTGACCATTATCTA,0,7746
TSS_1414_storz_regulondb,0.09090909090909091,10,10,GCTGCCCGGACTTGCCATGA,0,15231
TSS_1414_storz_regulondb,0.09090909090909091,10,10,GCTGATATCGAACCACTATA,0,75192
TSS_1414_storz_regulondb,0.09090909090909091,10,10,GCTCTTCGTGGTATAAACGG,0,47223
TSS_1414_storz_regulondb,0.09090909090909091,10,10,GCTCGTCTCATCTATAGAAG,0,78768
TSS_1414_storz_regulondb,0.09090909090909091,10,10,GCTCGTCATTAATGTGGCTG,0,59953
TSS_1414_storz_regulondb,0.09090909090909091,10,10,GCTAGTTCCGTATAGTGGGT,0,48244
TSS_1414_storz_regulondb,0.09090909090909091,10,10,GCTAGGTGGTCGCATTAGGT,0,1149
TSS_1414_storz_regulondb,0.09090909090909091,10,10,GCTACTTAGTAGGGTGGGTT,0,43962
TSS_1414_storz_regulondb,0.09090909090909091,10,10,GCTAATGCACCCCAAGCCAC,0,65255
TSS_1414_storz_regulondb,0.09090909090909091,10,10,GCGTTTTGTATCGTATGAAG,0,60554
TSS_1414_storz_regulondb,0.09090909090909091,10,10,GCGTACCGCGGATTCGGACA,0,216
TSS_1414_storz_regulondb,0.09090909090909091,10,10,GCGGCTGGCGGTTTGCTTCA,0,31697
TSS_1414_storz_regulondb,0.09090909090909091,10,10,GCGGCCGGATACGCGCACAG,0,30780
TSS_1414_storz_regulondb,0.09090909090909091,10,10,GCGCTCGTAGGGAGGAACGC,0,37525
TSS_1414_storz_regulondb,0.09090909090909091,10,10,GCGCTATGGGTGCTTGTAGG,0,74953
TSS_1414_storz_regulondb,0.09090909090909091,10,10,GCGCGTCTGTTACCGTTCCT,0,5704
TSS_1414_storz_regulondb,0.09090909090909091,10,10,GCGCCGTAGTGTTCCTCAGC,0,32248
TSS_1414_storz_regulondb,0.09090909090909091,10,10,GCGCCACGAAGCACACTTGC,0,43615
TSS_1414_storz_regulondb,0.09090909090909091,10,10,GCGCATCGTTTTTCACGAGA,0,5632
TSS_1414_storz_regulondb,0.09090909090909091,10,10,GCGCATAGTTCGGGTATGGG,0,37193
TSS_1414_storz_regulondb,0.09090909090909091,10,10,GCGATTACATACTACGGACA,0,7028
TSS_1414_storz_regulondb,0.09090909090909091,10,10,GCGAGGGGGAGTTCGACCAG,0,58097
TSS_1414_storz_regulondb,0.09090909090909091,10,10,GCCTGAGTTCAGGATTCACT,0,48551
TSS_1414_storz_regulondb,0.09090909090909091,10,10,GCCGTCGTCGAGTCAATATC,0,38409
TSS_1414_storz_regulondb,0.09090909090909091,10,10,GCCGACTTAAGACGCGACTC,0,48644
TSS_1414_storz_regulondb,0.09090909090909091,10,10,GCCCTTCGTTTTCCAAGTAC,0,5130
TSS_1414_storz_regulondb,0.09090909090909091,10,10,GCCCGGAACGACAAGAACTA,0,33531
TSS_1414_storz_regulondb,0.09090909090909091,10,10,GCCCCGCAAAGTGACTTCTT,0,325
TSS_1414_storz_regulondb,0.09090909090909091,10,10,GCCAGTAATGTCGTTGCGGA,0,9736
TSS_1414_storz_regulondb,0.09090909090909091,10,10,GCCAGAATGTACCTAATAAC,0,36683
TSS_1414_storz_regulondb,0.09090909090909091,10,10,GCCAACTGGCAGCTTGGAAG,0,65353
TSS_1414_storz_regulondb,0.09090909090909091,10,10,GCATATGACGCTAACGCGTT,0,21115
TSS_1414_storz_regulondb,0.09090909090909091,10,10,GCATAACAATCTAGCTTTTA,0,58115
TSS_1414_storz_regulondb,0.09090909090909091,10,10,GCAGCCATCATGTGGCAATG,0,75649
TSS_1414_storz_regulondb,0.09090909090909091,10,10,GCAGATCTGGAACAGGCTTG,0,13536
TSS_1414_storz_regulondb,0.09090909090909091,10,10,GCACTCAACATAGGACATCA,0,59405
TSS_1414_storz_regulondb,0.09090909090909091,10,10,GCACTAAGAGCTTTGCGGCC,0,52037
TSS_1414_storz_regulondb,0.09090909090909091,10,10,GCACCTACCACAGATTGAGT,0,49519
TSS_1414_storz_regulondb,0.09090909090909091,10,10,GCAAAGCCGGCTCGCGTTGA,0,19752
TSS_1414_storz_regulondb,0.09090909090909091,10,10,GATTGATGCCAAGGTAGGGT,0,50576
TSS_1414_storz_regulondb,0.09090909090909091,10,10,GATTGAACTTGCTCTCCCAA,0,67076
TSS_1414_storz_regulondb,0.09090909090909091,10,10,GATTCTGGAGTTCTGCAGTG,0,58620
TSS_1414_storz_regulondb,0.09090909090909091,10,10,GATTCACCCGAACGGGCGCG,0,64139
TSS_1414_storz_regulondb,0.09090909090909091,10,10,GATGTACTTTAGGAGGTCCT,0,9650
TSS_1414_storz_regulondb,0.09090909090909091,10,10,GATGGCCTGAGCACAAGCAT,0,70889
TSS_1414_storz_regulondb,0.09090909090909091,10,10,GATGGCAGAGGCCGTCCAGC,0,54210
TSS_1414_storz_regulondb,0.09090909090909091,10,10,GATGAGTATGAATAGACGGC,0,79817
TSS_1414_storz_regulondb,0.09090909090909091,10,10,GATCTTGCGCAAAAAGGTCT,0,42088
TSS_1414_storz_regulondb,0.09090909090909091,10,10,GATCTCTAGCCCACTCTACC,0,30071
TSS_1414_storz_regulondb,0.09090909090909091,10,10,GATCTCAGTCCATTTGTGGT,0,7035
TSS_1414_storz_regulondb,0.09090909090909091,10,10,GATCGCACCGGTCAGTCCCG,0,38921
TSS_1414_storz_regulondb,0.09090909090909091,10,10,GATATGCCATCATGGCAGGC,0,35477
TSS_1414_storz_regulondb,0.09090909090909091,10,10,GATACCTAAGACTTCAACTA,0,80064
TSS_1414_storz_regulondb,0.09090909090909091,10,10,GAGTGGTTATACAGTGGCTT,0,78286
TSS_1414_storz_regulondb,0.09090909090909091,10,10,GAGTGAGAGCGTATAGGGGA,0,4134
TSS_1414_storz_regulondb,0.09090909090909091,10,10,GAGTCGCGTGTGCTCTCTAT,0,34423
TSS_1414_storz_regulondb,0.09090909090909091,10,10,GAGGGTTTTGGGCGAGCATT,0,73304
TSS_1414_storz_regulondb,0.09090909090909091,10,10,GAGGGCTGTACACGACCCAT,0,41956
TSS_1414_storz_regulondb,0.09090909090909091,10,10,GAGGCAGGGTTCCCGCCCCG,0,72647
TSS_1414_storz_regulondb,0.09090909090909091,10,10,GAGGACATTTACATCAGCAA,0,60373
TSS_1414_storz_regulondb,0.09090909090909091,10,10,GAGCGCCCTAAGGTTCCGCT,0,67158
TSS_1414_storz_regulondb,0.09090909090909091,10,10,GAGCCGTCCTTGGATCATCA,0,26850
TSS_1414_storz_regulondb,0.09090909090909091,10,10,GAGCATTACATTACTTGATA,0,60211
TSS_1414_storz_regulondb,0.09090909090909091,10,10,GAGCAAATTTGCAGTGACTC,0,3085
TSS_1414_storz_regulondb,0.09090909090909091,10,10,GAGATAATAGGGGCTCTGGT,0,32743
TSS_1414_storz_regulondb,0.09090909090909091,10,10,GAGAGCGTGACGGCGGTTCG,0,44468
TSS_1414_storz_regulondb,0.09090909090909091,10,10,GACGTCCGTGTCAAGATTGA,0,3443
TSS_1414_storz_regulondb,0.09090909090909091,10,10,GACGGCGGCGGTCACGGTAG,0,36306
TSS_1414_storz_regulondb,0.09090909090909091,10,10,GACGCTACGGAAAGAGTTTT,0,23428
TSS_1414_storz_regulondb,0.09090909090909091,10,10,GACGCGTATAGAAGCCTAAC,0,29976
TSS_1414_storz_regulondb,0.09090909090909091,10,10,GACCGTATCCTAGTCCATCG,0,1121
TSS_1414_storz_regulondb,0.09090909090909091,10,10,GACCAGTCATATCTCACCAC,0,13265
TSS_1414_storz_regulondb,0.09090909090909091,10,10,GACATTAGAATCAGTCCAGA,0,25906
TSS_1414_storz_regulondb,0.09090909090909091,10,10,GACATCTCTGGAGGAGCATC,0,41392
TSS_1414_storz_regulondb,0.09090909090909091,10,10,GACAGTCGATGTATATTAGA,0,16513
TSS_1414_storz_regulondb,0.09090909090909091,10,10,GACAGATTCTGGCGCGCACC,0,17417
TSS_1414_storz_regulondb,0.09090909090909091,10,10,GACACGCGGGGTAAGCACGC,0,18529
TSS_1414_storz_regulondb,0.09090909090909091,10,10,GACACAAGCCACGTACCCCC,0,71500
TSS_1414_storz_regulondb,0.09090909090909091,10,10,GACAAGTGGTAACTTAACAG,0,59972
TSS_1414_storz_regulondb,0.09090909090909091,10,10,GAATGTTTAACGTAGATAAG,0,25234
TSS_1414_storz_regulondb,0.09090909090909091,10,10,GAATGAATCGAGAGCGGGGT,0,36068
TSS_1414_storz_regulondb,0.09090909090909091,10,10,GAATATATGCGTAATTCCTG,0,40688
TSS_1414_storz_regulondb,0.09090909090909091,10,10,GAAGTGGACCGGTTAGCGAA,0,31965
TSS_1414_storz_regulondb,0.09090909090909091,10,10,GAAGTCTTATGAGAATGGGG,0,1212
TSS_1414_storz_regulondb,0.09090909090909091,10,10,GAAGGCCGTTAAGTGCCCAT,0,30701
TSS_1414_storz_regulondb,0.09090909090909091,10,10,GAAGCTCAAGCAGATGCGGC,0,53374
TSS_1414_storz_regulondb,0.09090909090909091,10,10,GAACTCTGGGTCCGGGCATA,0,11326
TSS_1414_storz_regulondb,0.09090909090909091,10,10,GAACGAGGCGCTACCGAAAT,0,15374
TSS_1414_storz_regulondb,0.09090909090909091,10,10,GAACCGAGATCGCACAAAGT,0,60966
TSS_1414_storz_regulondb,0.09090909090909091,10,10,GAACCCTCATCCTCACCACG,0,23780
TSS_1414_storz_regulondb,0.09090909090909091,10,10,GAAATTCTGAGCATGCATCA,0,63228
TSS_1414_storz_regulondb,0.09090909090909091,10,10,GAAATGACGACGACCTACCG,0,10141
TSS_1414_storz_regulondb,0.09090909090909091,10,10,GAAATCTGTATCGGTTCAAC,0,43505
TSS_1414_storz_regulondb,0.09090909090909091,10,10,GAAAGTCAGGGTTGGGCGAA,0,14064
TSS_1414_storz_regulondb,0.09090909090909091,10,10,GAAAGCGCCCTGTGCTCTGT,0,25379
TSS_1414_storz_regulondb,0.09090909090909091,10,10,GAAACGAGGCAGCACTCTCA,0,17409
TSS_1414_storz_regulondb,0.09090909090909091,10,10,GAAACCTGCCCGCCTCTAGG,0,71529
TSS_1414_storz_regulondb,0.09090909090909091,10,10,GAAAATTTCGGGGGCTCCGC,0,34361
TSS_1414_storz_regulondb,0.09090909090909091,10,10,GAAAATACGTGCGAAATAAT,0,72404
TSS_1414_storz_regulondb,0.09090909090909091,10,10,GAAAACCAGGTTTTCCGCTC,0,206
TSS_1414_storz_regulondb,0.09090909090909091,10,10,GAAAACCACATGTACTTGCC,0,37823
TSS_1414_storz_regulondb,0.09090909090909091,10,10,GAAAAAATGCCTATAAAGGA,0,68949
TSS_1414_storz_regulondb,0.09090909090909091,10,10,CTTTTCTAACTCAAGTCATT,0,66658
TSS_1414_storz_regulondb,0.09090909090909091,10,10,CTTTTCAGCAACAGATGGAT,0,30583
TSS_1414_storz_regulondb,0.09090909090909091,10,10,CTTTGCTACGGTGTAGCCAT,0,7557
TSS_1414_storz_regulondb,0.09090909090909091,10,10,CTTTCAGTGGTTCCGTCCAC,0,6173
TSS_1414_storz_regulondb,0.09090909090909091,10,10,CTTTAGAGGCTGACCATGGA,0,68377
TSS_1414_storz_regulondb,0.09090909090909091,10,10,CTTGTTTATGGAGGTAAAGT,0,21997
TSS_1414_storz_regulondb,0.09090909090909091,10,10,CTTGGGCGAACTTTAACAAA,0,28749
TSS_1414_storz_regulondb,0.09090909090909091,10,10,CTTGGATAAAGTAAAGAGTC,0,4866
TSS_1414_storz_regulondb,0.09090909090909091,10,10,CTTGAGAGCGCCGACGGTCT,0,50841
TSS_1414_storz_regulondb,0.09090909090909091,10,10,CTTGAGAAAGTGAATTGTGG,0,31704
TSS_1414_storz_regulondb,0.09090909090909091,10,10,CTTCCCGGGCACTTTAAGAG,0,1179
TSS_1414_storz_regulondb,0.09090909090909091,10,10,CTTAATGTGTGTTCGGCCAA,0,3267
TSS_1414_storz_regulondb,0.09090909090909091,10,10,CTGTGCTGAACATCCGCCCT,0,35188
TSS_1414_storz_regulondb,0.09090909090909091,10,10,CTGTCTAGACTCTCAAACTA,0,36092
TSS_1414_storz_regulondb,0.09090909090909091,10,10,CTGTCAGGTTTGTTATGGCC,0,56705
TSS_1414_storz_regulondb,0.09090909090909091,10,10,CTGGGGGGGGCTTACACATT,0,3622
TSS_1414_storz_regulondb,0.09090909090909091,10,10,CTGGGGGAATCTCCTGGGAT,0,41267
TSS_1414_storz_regulondb,0.09090909090909091,10,10,CTGGGGCTCGTTCATTTCAA,0,7498
TSS_1414_storz_regulondb,0.09090909090909091,10,10,CTGGCCTCTTAACGGTGAGT,0,38246
TSS_1414_storz_regulondb,0.09090909090909091,10,10,CTGGAAAGATTCCTCATAAA,0,2314
TSS_1414_storz_regulondb,0.09090909090909091,10,10,CTGCTGTGGTGGTACCAACC,0,16509
TSS_1414_storz_regulondb,0.09090909090909091,10,10,CTGCGGACCCCAGCGCTTTG,0,34434
TSS_1414_storz_regulondb,0.09090909090909091,10,10,CTGCGCGACTAATTTTACTT,0,16249
TSS_1414_storz_regulondb,0.09090909090909091,10,10,CTGCACTCAAAGCAGCTCTC,0,2751
TSS_1414_storz_regulondb,0.09090909090909091,10,10,CTGAGAGGTACACGGAGCGC,0,52018
TSS_1414_storz_regulondb,0.09090909090909091,10,10,CTGACCAAAAGGCGCGACGA,0,971
TSS_1414_storz_regulondb,0.09090909090909091,10,10,CTGAACTCTAACTGATGGAT,0,4088
TSS_1414_storz_regulondb,0.09090909090909091,10,10,CTGAACAGGTCAGCGAGGTA,0,59311
TSS_1414_storz_regulondb,0.09090909090909091,10,10,CTGAAAGTGGGAGGAAGGTT,0,80615
TSS_1414_storz_regulondb,0.09090909090909091,10,10,CTCTAAGGGTATGTCTCATT,0,46373
TSS_1414_storz_regulondb,0.09090909090909091,10,10,CTCTAACTCGCCAGTACATC,0,78519
TSS_1414_storz_regulondb,0.09090909090909091,10,10,CTCGTTGCGTCTGGATTACA,0,68048
TSS_1414_storz_regulondb,0.09090909090909091,10,10,CTCGTGGCCAATTCAGGCGA,0,10553
TSS_1414_storz_regulondb,0.09090909090909091,10,10,CTCGTCACGGAGCTCTAGAG,0,37339
TSS_1414_storz_regulondb,0.09090909090909091,10,10,CTCGGTCCCAGGTGGCGAGG,0,12541
TSS_1414_storz_regulondb,0.09090909090909091,10,10,CTCGCTGTGGAGGGGTACAG,0,54961
TSS_1414_storz_regulondb,0.09090909090909091,10,10,CTCGCGTTAAGACTCGGACA,0,32092
TSS_1414_storz_regulondb,0.09090909090909091,10,10,CTCGAGAATGGGTTGCCCTA,0,53589
TSS_1414_storz_regulondb,0.09090909090909091,10,10,CTCCGATCGGGCTTACCGAA,0,25359
TSS_1414_storz_regulondb,0.09090909090909091,10,10,CTCCACTTGCTACGCGAAGA,0,64674
TSS_1414_storz_regulondb,0.09090909090909091,10,10,CTCATGTTGTGTTATGACAC,0,51876
TSS_1414_storz_regulondb,0.09090909090909091,10,10,CTCAGTTCCGATCGTAGTCC,0,27002
TSS_1414_storz_regulondb,0.09090909090909091,10,10,CTCAGATATCATGATGCAGA,0,52217
TSS_1414_storz_regulondb,0.09090909090909091,10,10,CTATTATTTCCTCATTCAGG,0,57957
TSS_1414_storz_regulondb,0.09090909090909091,10,10,CTATGGAGATGCTAGTCTTA,0,7458
TSS_1414_storz_regulondb,0.09090909090909091,10,10,CTATAGAATGGGATATAGCA,0,4941
TSS_1414_storz_regulondb,0.09090909090909091,10,10,CTAGTATTGCCGAACTTCAA,0,34874
TSS_1414_storz_regulondb,0.09090909090909091,10,10,CTAGATTAGGGTGTTAGGAT,0,68080
TSS_1414_storz_regulondb,0.09090909090909091,10,10,CTAGATCTTAGGATTAAATA,0,37268
TSS_1414_storz_regulondb,0.09090909090909091,10,10,CTACTCGGGCTATCACTTTT,0,28174
TSS_1414_storz_regulondb,0.09090909090909091,10,10,CTACGGGACATCACAATCGA,0,78482
TSS_1414_storz_regulondb,0.09090909090909091,10,10,CTACCGTTCACGATCCCATG,0,9383
TSS_1414_storz_regulondb,0.09090909090909091,10,10,CTACCGTGTCGCATGGCTTG,0,11408
TSS_1414_storz_regulondb,0.09090909090909091,10,10,CTACCGGGTCATATCGACGA,0,79023
TSS_1414_storz_regulondb,0.09090909090909091,10,10,CTAACGATTCACATACGGAT,0,49701
TSS_1414_storz_regulondb,0.09090909090909091,10,10,CTAAATAGCAAATAGGTGGC,0,73745
TSS_1414_storz_regulondb,0.09090909090909091,10,10,CTAAAGATCCTTATGGGTCG,0,7109
TSS_1414_storz_regulondb,0.09090909090909091,10,10,CGTTTGCGAATCTAGCTAGG,0,30753
TSS_1414_storz_regulondb,0.09090909090909091,10,10,CGTGCGTGACTATCGACCTT,0,53419
TSS_1414_storz_regulondb,0.09090909090909091,10,10,CGTGATCAGCCGCCGCCCCC,0,56017
TSS_1414_storz_regulondb,0.09090909090909091,10,10,CGTGAGTCGCGATTTCACCC,0,13364
TSS_1414_storz_regulondb,0.09090909090909091,10,10,CGTCCGTAAAGCTCTGGAAA,0,24699
TSS_1414_storz_regulondb,0.09090909090909091,10,10,CGTCAAGCTTGCGTTCCGGC,0,25461
TSS_1414_storz_regulondb,0.09090909090909091,10,10,CGTATGAAGTCGATTCCTCT,0,2093
TSS_1414_storz_regulondb,0.09090909090909091,10,10,CGTAGTAGACACATGACATG,0,22263
TSS_1414_storz_regulondb,0.09090909090909091,10,10,CGTAGCGCCCTTCTTAGCTT,0,74213
TSS_1414_storz_regulondb,0.09090909090909091,10,10,CGTAATATTCAGGAGCCTCA,0,75658
TSS_1414_storz_regulondb,0.09090909090909091,10,10,CGGTTAAACCGGAGTATCCG,0,65087
TSS_1414_storz_regulondb,0.09090909090909091,10,10,CGGTGGTGCGTGGCGTTGAT,0,74721
TSS_1414_storz_regulondb,0.09090909090909091,10,10,CGGTGGCAAGATGGGGATGA,0,58528
TSS_1414_storz_regulondb,0.09090909090909091,10,10,CGGTCCATCTGATAGATCAA,0,73176
TSS_1414_storz_regulondb,0.09090909090909091,10,10,CGGGTATTGATTTTGTCGAA,0,55355
TSS_1414_storz_regulondb,0.09090909090909091,10,10,CGGGTATTACGGATTGTGAG,0,41759
TSS_1414_storz_regulondb,0.09090909090909091,10,10,CGGGCTAAATAATTCACAGA,0,66739
TSS_1414_storz_regulondb,0.09090909090909091,10,10,CGGGATCAATGGTACTGTTG,0,19014
TSS_1414_storz_regulondb,0.09090909090909091,10,10,CGGCTGGCCCATTCCGCGAT,0,75364
TSS_1414_storz_regulondb,0.09090909090909091,10,10,CGGCTGATACAAGCGTAATA,0,73981
TSS_1414_storz_regulondb,0.09090909090909091,10,10,CGGCGAGCACTGTACACCGG,0,15884
TSS_1414_storz_regulondb,0.09090909090909091,10,10,CGGCCTGTGACTCCCCAAGA,0,27390
TSS_1414_storz_regulondb,0.09090909090909091,10,10,CGGCCTGCGTTTCAAATAGG,0,33679
TSS_1414_storz_regulondb,0.09090909090909091,10,10,CGGATAACGTTCCTGTATTA,0,6971
TSS_1414_storz_regulondb,0.09090909090909091,10,10,CGGAGCGAAACTGGACCCTA,0,19443
TSS_1414_storz_regulondb,0.09090909090909091,10,10,CGCTTCGCCTTACGTTGGGG,0,47457
TSS_1414_storz_regulondb,0.09090909090909091,10,10,CGCTCTTGATCTCCTCCAGC,0,19932
TSS_1414_storz_regulondb,0.09090909090909091,10,10,CGCTAATTGCACCCTCCGTT,0,10513
TSS_1414_storz_regulondb,0.09090909090909091,10,10,CGCGGATACTAACACCGCAG,0,58091
TSS_1414_storz_regulondb,0.09090909090909091,10,10,CGCGCCTGGCGTTTGATCAG,0,3563
TSS_1414_storz_regulondb,0.09090909090909091,10,10,CGCCTGGCAATCCTTAGGAG,0,18662
TSS_1414_storz_regulondb,0.09090909090909091,10,10,CGCATGTTAATTGGTCATTG,0,47487
TSS_1414_storz_regulondb,0.09090909090909091,10,10,CGCATACATCGTGCAGTTTT,0,34487
TSS_1414_storz_regulondb,0.09090909090909091,10,10,CGCAGTACGTTGGGATCTGA,0,38709
TSS_1414_storz_regulondb,0.09090909090909091,10,10,CGCACATGCGACCCCTGTCA,0,33877
TSS_1414_storz_regulondb,0.09090909090909091,10,10,CGCAAGACGGCCGATTTTTT,0,61913
TSS_1414_storz_regulondb,0.09090909090909091,10,10,CGAGGGTCGGGTGATGGAAT,0,47655
TSS_1414_storz_regulondb,0.09090909090909091,10,10,CGAGGGGGCTCATAATTCCG,0,31936
TSS_1414_storz_regulondb,0.09090909090909091,10,10,CGACGTTAGCTCCAGATGAG,0,31974
TSS_1414_storz_regulondb,0.09090909090909091,10,10,CGACGGCTTTCGTCTATGTC,0,6528
TSS_1414_storz_regulondb,0.09090909090909091,10,10,CGACGAAGTGTCAGTAGTAG,0,72340
TSS_1414_storz_regulondb,0.09090909090909091,10,10,CGACCAATCCATCGCCATTA,0,12604
TSS_1414_storz_regulondb,0.09090909090909091,10,10,CGACACCTGTTGTTTACTCA,0,42506
TSS_1414_storz_regulondb,0.09090909090909091,10,10,CGACAAAAGTGTGCTCAACG,0,53624
TSS_1414_storz_regulondb,0.09090909090909091,10,10,CGAATATTCCAAATTCATTC,0,70408
TSS_1414_storz_regulondb,0.09090909090909091,10,10,CGAAGGACCTGAACCAGAGA,0,79039
TSS_1414_storz_regulondb,0.09090909090909091,10,10,CCTTTCTGTGATGAGTCTAT,0,24707
TSS_1414_storz_regulondb,0.09090909090909091,10,10,CCTTGCGTCACTCAATTTTA,0,19682
TSS_1414_storz_regulondb,0.09090909090909091,10,10,CCTGTGGATTTTCTATTCTT,0,18821
TSS_1414_storz_regulondb,0.09090909090909091,10,10,CCTGGGGGTCCCCTCGGGTG,0,76899
TSS_1414_storz_regulondb,0.09090909090909091,10,10,CCTGCCTGACCGAGGTTGTA,0,61792
TSS_1414_storz_regulondb,0.09090909090909091,10,10,CCTGACTGGTGGCTGCCGCT,0,6255
TSS_1414_storz_regulondb,0.09090909090909091,10,10,CCTCGGTAACAGAGTAGCAT,0,53197
TSS_1414_storz_regulondb,0.09090909090909091,10,10,CCTCGGCCCAACGATGGGCA,0,63824
TSS_1414_storz_regulondb,0.09090909090909091,10,10,CCTCCGAATGCATCTTGCCG,0,53271
TSS_1414_storz_regulondb,0.09090909090909091,10,10,CCTCAGGTTCGCGCCTACTT,0,26883
TSS_1414_storz_regulondb,0.09090909090909091,10,10,CCTAGCGATGCCATAGCTTT,0,6955
TSS_1414_storz_regulondb,0.09090909090909091,10,10,CCGTTCGGCCTGATGGGTAA,0,13400
TSS_1414_storz_regulondb,0.09090909090909091,10,10,CCGTGCGAGGGGGTCTTGTA,0,7751
TSS_1414_storz_regulondb,0.09090909090909091,10,10,CCGGGCGTATCTTTCTCAAT,0,59852
TSS_1414_storz_regulondb,0.09090909090909091,10,10,CCGGCTAGCGGTCTAGAAGC,0,48761
TSS_1414_storz_regulondb,0.09090909090909091,10,10,CCGGCCTCGAATAAGACACC,0,48376
TSS_1414_storz_regulondb,0.09090909090909091,10,10,CCGCCCCGAGACCTGAGTTA,0,62874
TSS_1414_storz_regulondb,0.09090909090909091,10,10,CCGCCCAGTGACCCGGGAAC,0,15420
TSS_1414_storz_regulondb,0.09090909090909091,10,10,CCGACTTGGAGGCTGGGTCT,0,62858
TSS_1414_storz_regulondb,0.09090909090909091,10,10,CCCTCTTGGATTAGTTTCTA,0,23445
TSS_1414_storz_regulondb,0.09090909090909091,10,10,CCCTCTAGGCTCAACTGCGT,0,56662
TSS_1414_storz_regulondb,0.09090909090909091,10,10,CCCTCGGTCCACAACGCGTG,0,23426
TSS_1414_storz_regulondb,0.09090909090909091,10,10,CCCGCTATGGATTGTAACGA,0,55038
TSS_1414_storz_regulondb,0.09090909090909091,10,10,CCCGCCAGTTAGAGCCGCGG,0,72031
TSS_1414_storz_regulondb,0.09090909090909091,10,10,CCCGACAATGCGTATCGGAT,0,80884
TSS_1414_storz_regulondb,0.09090909090909091,10,10,CCCGAAAGCCAGTTCGTGAC,0,14331
TSS_1414_storz_regulondb,0.09090909090909091,10,10,CCCCTGTACATCTCAGTGAT,0,15329
TSS_1414_storz_regulondb,0.09090909090909091,10,10,CCCCGTGGACACTGAGCGAC,0,47853
TSS_1414_storz_regulondb,0.09090909090909091,10,10,CCCCGAAAGTGAGCCTAATC,0,43645
TSS_1414_storz_regulondb,0.09090909090909091,10,10,CCATTCTCAAATCTGACAAT,0,63421
TSS_1414_storz_regulondb,0.09090909090909091,10,10,CCATTACTATACGGTAATGG,0,65644
TSS_1414_storz_regulondb,0.09090909090909091,10,10,CCATCCTAGCTGTGGCGAAT,0,29601
TSS_1414_storz_regulondb,0.09090909090909091,10,10,CCAGTTCGCACAACTCCAAT,0,21133
TSS_1414_storz_regulondb,0.09090909090909091,10,10,CCAGCAACAACTTGGCACTA,0,70388
TSS_1414_storz_regulondb,0.09090909090909091,10,10,CCAGAGCTTGTTCATTTCGT,0,53761
TSS_1414_storz_regulondb,0.09090909090909091,10,10,CCACTATTATCGTGCAAAAG,0,42885
TSS_1414_storz_regulondb,0.09090909090909091,10,10,CCACGCTCCGCACAGTTATT,0,19823
TSS_1414_storz_regulondb,0.09090909090909091,10,10,CCACGACCGTAATCCACGGC,0,25215
TSS_1414_storz_regulondb,0.09090909090909091,10,10,CCACCCCACCTACCCTCAGG,0,28141
TSS_1414_storz_regulondb,0.09090909090909091,10,10,CCAAGAGGTGCGGTCCGGCT,0,23700
TSS_1414_storz_regulondb,0.09090909090909091,10,10,CCAACCCAATAGGAGGATGG,0,58450
TSS_1414_storz_regulondb,0.09090909090909091,10,10,CATTGGAGGACACAAGCGAA,0,45659
TSS_1414_storz_regulondb,0.09090909090909091,10,10,CATTCAAGAGACTACCGTGA,0,74147
TSS_1414_storz_regulondb,0.09090909090909091,10,10,CATTAAGTACTTTCTAGTCA,0,35429
TSS_1414_storz_regulondb,0.09090909090909091,10,10,CATGTGATAGACGTAAACTC,0,27691
TSS_1414_storz_regulondb,0.09090909090909091,10,10,CATGGTTAATGTGGTGTTAT,0,5530
TSS_1414_storz_regulondb,0.09090909090909091,10,10,CATGGACGAGTACTTCTAAG,0,34730
TSS_1414_storz_regulondb,0.09090909090909091,10,10,CATCTTACATCGCGCGTTGT,0,67471
TSS_1414_storz_regulondb,0.09090909090909091,10,10,CATCGCGCTTGGCAGTGGTT,0,74531
TSS_1414_storz_regulondb,0.09090909090909091,10,10,CATCCTCAGCTAGGGAGGTC,0,6884
TSS_1414_storz_regulondb,0.09090909090909091,10,10,CATATAGTCGTGTTTATCCT,0,46647
TSS_1414_storz_regulondb,0.09090909090909091,10,10,CATACGCTGGGCGGGGTAGA,0,38152
TSS_1414_storz_regulondb,0.09090909090909091,10,10,CATACCGTATTCCAATCCTT,0,4918
TSS_1414_storz_regulondb,0.09090909090909091,10,10,CATAAGGACCTAAGGAGGTA,0,20500
TSS_1414_storz_regulondb,0.09090909090909091,10,10,CATAACGCGCAGCTACATTA,0,9733
TSS_1414_storz_regulondb,0.09090909090909091,10,10,CAGTAACCGATATGAGATCT,0,20833
TSS_1414_storz_regulondb,0.09090909090909091,10,10,CAGGTTGTGACCGAGTTAGG,0,41137
TSS_1414_storz_regulondb,0.09090909090909091,10,10,CAGGGCTAATTTCCGTGTAG,0,70539
TSS_1414_storz_regulondb,0.09090909090909091,10,10,CAGGCTTGACGGACGAGGGT,0,64831
TSS_1414_storz_regulondb,0.09090909090909091,10,10,CAGGCTGCTGGCTGGAGTGC,0,59264
TSS_1414_storz_regulondb,0.09090909090909091,10,10,CAGGATAGCAAACGGGTCAT,0,28442
TSS_1414_storz_regulondb,0.09090909090909091,10,10,CAGCGTCGCTGGCAGTGGTG,0,48250
TSS_1414_storz_regulondb,0.09090909090909091,10,10,CAGATGGCCACGGTGCACCA,0,8460
TSS_1414_storz_regulondb,0.09090909090909091,10,10,CAGATATACCGCTTGTTAGC,0,5700
TSS_1414_storz_regulondb,0.09090909090909091,10,10,CAGACGGTATCGAAACTGAG,0,70657
TSS_1414_storz_regulondb,0.09090909090909091,10,10,CACCATGCTAGTGGATAGTG,0,7496
TSS_1414_storz_regulondb,0.09090909090909091,10,10,CACACCTTATCTAATACCGG,0,12025
TSS_1414_storz_regulondb,0.09090909090909091,10,10,CAATTGGCACGGAAACGCTG,0,54032
TSS_1414_storz_regulondb,0.09090909090909091,10,10,CAATATTCATCAGGCCGTGT,0,7012
TSS_1414_storz_regulondb,0.09090909090909091,10,10,CAATACCGCGGGTTGTGGGA,0,72257
TSS_1414_storz_regulondb,0.09090909090909091,10,10,CAAGGGATAAAGCAATCCCT,0,11445
TSS_1414_storz_regulondb,0.09090909090909091,10,10,CAAGATGCGCTGCACTTCTT,0,31619
TSS_1414_storz_regulondb,0.09090909090909091,10,10,CAAGATCGGTTAGCGTGTGG,0,46335
TSS_1414_storz_regulondb,0.09090909090909091,10,10,CAACGGCTGTAGCCCGCAGC,0,60345
TSS_1414_storz_regulondb,0.09090909090909091,10,10,CAACATGAGCGATCCAAGGA,0,75079
TSS_1414_storz_regulondb,0.09090909090909091,10,10,CAAAGATTATTAGAGGACCT,0,29534
TSS_1414_storz_regulondb,0.09090909090909091,10,10,CAAAATCGTGTATGATGCGC,0,77786
TSS_1414_storz_regulondb,0.09090909090909091,10,10,CAAAAACCCTCAGAAAAAGT,0,55338
TSS_1414_storz_regulondb,0.09090909090909091,10,10,ATTTTTTCGTGTAGGGACTT,0,76376
TSS_1414_storz_regulondb,0.09090909090909091,10,10,ATTTCAGGCCTTTCAGGTTA,0,10844
TSS_1414_storz_regulondb,0.09090909090909091,10,10,ATTGTGGCTCCTCTTTGCCA,0,21551
TSS_1414_storz_regulondb,0.09090909090909091,10,10,ATTGGTATACGGGTGATGAG,0,53892
TSS_1414_storz_regulondb,0.09090909090909091,10,10,ATTCGCTCTTAGTACTCGAT,0,54364
TSS_1414_storz_regulondb,0.09090909090909091,10,10,ATTCCTCTAGTACGTTAGTA,0,55119
TSS_1414_storz_regulondb,0.09090909090909091,10,10,ATTCCTAGGATACAACACAT,0,11677
TSS_1414_storz_regulondb,0.09090909090909091,10,10,ATTCCGACAGAAAAGCTTAC,0,48847
TSS_1414_storz_regulondb,0.09090909090909091,10,10,ATTCAACACCCAACTGTTCC,0,26268
TSS_1414_storz_regulondb,0.09090909090909091,10,10,ATTAGGGCGGTCAGTGACAG,0,11648
TSS_1414_storz_regulondb,0.09090909090909091,10,10,ATTAGGCGATGCTGTCTCCA,0,59615
TSS_1414_storz_regulondb,0.09090909090909091,10,10,ATTAGGCCGCCGGCCTACCA,0,69036
TSS_1414_storz_regulondb,0.09090909090909091,10,10,ATGTTGTATGCCCAACAGTT,0,52327
TSS_1414_storz_regulondb,0.09090909090909091,10,10,ATGTGGCATTGTCGGGTGTA,0,57621
TSS_1414_storz_regulondb,0.09090909090909091,10,10,ATGTATCTGACGTTCTGGCA,0,24410
TSS_1414_storz_regulondb,0.09090909090909091,10,10,ATGTACAACCCCGCTGCCTG,0,9339
TSS_1414_storz_regulondb,0.09090909090909091,10,10,ATGGTATTTAAGAATGGGGA,0,49298
TSS_1414_storz_regulondb,0.09090909090909091,10,10,ATGGGTCCTGCGCAAGTTAT,0,65
TSS_1414_storz_regulondb,0.09090909090909091,10,10,ATGGGGGAGTTATGACTATG,0,30294
TSS_1414_storz_regulondb,0.09090909090909091,10,10,ATGGGAACATTACTAACCCT,0,25141
TSS_1414_storz_regulondb,0.09090909090909091,10,10,ATGGAGGCCATTTGAGAAAA,0,8354
TSS_1414_storz_regulondb,0.09090909090909091,10,10,ATGCTGTGACAGAGTGTGGT,0,4078
TSS_1414_storz_regulondb,0.09090909090909091,10,10,ATGCTGGCCTCCCTGCCGAA,0,76465
TSS_1414_storz_regulondb,0.09090909090909091,10,10,ATGCCTGTGGCCGTAAAACT,0,22824
TSS_1414_storz_regulondb,0.09090909090909091,10,10,ATGCCTGCAAATTGAAGACA,0,56556
TSS_1414_storz_regulondb,0.09090909090909091,10,10,ATGCCAGGAGTGGCGCACGA,0,42896
TSS_1414_storz_regulondb,0.09090909090909091,10,10,ATGCAAGTTTTGTTTTAAAA,0,43142
TSS_1414_storz_regulondb,0.09090909090909091,10,10,ATGAGCGTCTATTGTTAGAG,0,80146
TSS_1414_storz_regulondb,0.09090909090909091,10,10,ATGACAGTTTACTCTGAATG,0,8794
TSS_1414_storz_regulondb,0.09090909090909091,10,10,ATCTGAGTAGACGCGCCACA,0,17902
TSS_1414_storz_regulondb,0.09090909090909091,10,10,ATCTCGTTCCGCAGATGACA,0,7022
TSS_1414_storz_regulondb,0.09090909090909091,10,10,ATCTACGGCCCGCCCTCCAT,0,75370
TSS_1414_storz_regulondb,0.09090909090909091,10,10,ATCTAAAGGCCGCTTACTAG,0,53033
TSS_1414_storz_regulondb,0.09090909090909091,10,10,ATCGTGTGAGTGCTAACGCA,0,43813
TSS_1414_storz_regulondb,0.09090909090909091,10,10,ATCGGTGAGGTGTAAGCTTG,0,43570
TSS_1414_storz_regulondb,0.09090909090909091,10,10,ATCGGTCAGCCTCCGGTATA,0,29023
TSS_1414_storz_regulondb,0.09090909090909091,10,10,ATCGATAAGGAACCCGGCTA,0,75340
TSS_1414_storz_regulondb,0.09090909090909091,10,10,ATCGAGACTTTGTGTCGGAG,0,25086
TSS_1414_storz_regulondb,0.09090909090909091,10,10,ATCCTCTGTACAGGAACATC,0,33725
TSS_1414_storz_regulondb,0.09090909090909091,10,10,ATCCTCACGACTAAGCGGCC,0,73998
TSS_1414_storz_regulondb,0.09090909090909091,10,10,ATCCGCGTTGTAGATTAGTG,0,12886
TSS_1414_storz_regulondb,0.09090909090909091,10,10,ATCATAACATTAAAGAATAG,0,65213
TSS_1414_storz_regulondb,0.09090909090909091,10,10,ATCACATAGGACATGTCAGC,0,2506
TSS_1414_storz_regulondb,0.09090909090909091,10,10,ATCAACAGCTCCTGTTCGTT,0,44479
TSS_1414_storz_regulondb,0.09090909090909091,10,10,ATATTTGTGTACGTGGGGTA,0,47395
TSS_1414_storz_regulondb,0.09090909090909091,10,10,ATATCGCGTATAGCGAGCGC,0,13448
TSS_1414_storz_regulondb,0.09090909090909091,10,10,ATATCGAGGTTACATCCGTT,0,35052
TSS_1414_storz_regulondb,0.09090909090909091,10,10,ATATCACGTGCCCTCTTCCC,0,28761
TSS_1414_storz_regulondb,0.09090909090909091,10,10,ATATCACCTTAACTGCGTCA,0,64188
TSS_1414_storz_regulondb,0.09090909090909091,10,10,ATATATGGACTTTCGGAATG,0,38561
TSS_1414_storz_regulondb,0.09090909090909091,10,10,ATAGTAGGCTCCGCACGCAG,0,20502
TSS_1414_storz_regulondb,0.09090909090909091,10,10,ATAGGTGATTATAGAGGACG,0,43047
TSS_1414_storz_regulondb,0.09090909090909091,10,10,ATAGGGTTTGTTGATTGCGT,0,30405
TSS_1414_storz_regulondb,0.09090909090909091,10,10,ATAGCTACGCTTGGCGGCCG,0,61380
TSS_1414_storz_regulondb,0.09090909090909091,10,10,ATAGCATTGCGAGCCTGGAT,0,15514
TSS_1414_storz_regulondb,0.09090909090909091,10,10,ATAGATAAGACAGGGTCAGC,0,18716
TSS_1414_storz_regulondb,0.09090909090909091,10,10,ATAGAGGTCGTGGGATATAT,0,72106
TSS_1414_storz_regulondb,0.09090909090909091,10,10,ATAGACGCGCAGCCAGCAAA,0,77348
TSS_1414_storz_regulondb,0.09090909090909091,10,10,ATAGACCTGACGTAAGAAAC,0,54417
TSS_1414_storz_regulondb,0.09090909090909091,10,10,ATACTGGGAGGGCTCCCAAT,0,57504
TSS_1414_storz_regulondb,0.09090909090909091,10,10,ATACGTTACTCCGCGTAGGA,0,66837
TSS_1414_storz_regulondb,0.09090909090909091,10,10,ATACGTACTCACCGCCGGGC,0,79347
TSS_1414_storz_regulondb,0.09090909090909091,10,10,ATACGGGTACGGCTCGAATC,0,67476
TSS_1414_storz_regulondb,0.09090909090909091,10,10,ATACGATAGATTCAGGAAGC,0,36749
TSS_1414_storz_regulondb,0.09090909090909091,10,10,ATACGAGTACTGCCACAAGC,0,64717
TSS_1414_storz_regulondb,0.09090909090909091,10,10,ATACCGAAAATACAGTGTAG,0,29040
TSS_1414_storz_regulondb,0.09090909090909091,10,10,AGTTTTTGTATTCCTGTCAA,0,76231
TSS_1414_storz_regulondb,0.09090909090909091,10,10,AGTTTGCTCAGGAATAACGG,0,27051
TSS_1414_storz_regulondb,0.09090909090909091,10,10,AGTTTCGTGCAGCCTAGTCT,0,8561
TSS_1414_storz_regulondb,0.09090909090909091,10,10,AGTTGGTTGTGTAGTTATTC,0,3946
TSS_1414_storz_regulondb,0.09090909090909091,10,10,AGTTCGTTTACGGCAAGCTG,0,25435
TSS_1414_storz_regulondb,0.09090909090909091,10,10,AGTTCGGTGATGATCAAAGG,0,60665
TSS_1414_storz_regulondb,0.09090909090909091,10,10,AGTTATCCACGATGCCGGAC,0,378
TSS_1414_storz_regulondb,0.09090909090909091,10,10,AGTGGCTCTTCGCAAACCGA,0,77991
TSS_1414_storz_regulondb,0.09090909090909091,10,10,AGTGATCATTCCTTTCTACC,0,66514
TSS_1414_storz_regulondb,0.09090909090909091,10,10,AGTCGTTGTTACGGGAATAT,0,78412
TSS_1414_storz_regulondb,0.09090909090909091,10,10,AGTCGGAGCGTACACCGCCC,0,48743
TSS_1414_storz_regulondb,0.09090909090909091,10,10,AGTCCCGGCCCTCACGCCAA,0,67444
TSS_1414_storz_regulondb,0.09090909090909091,10,10,AGTATCGGCACCGCCTGAGA,0,75902
TSS_1414_storz_regulondb,0.09090909090909091,10,10,AGTAATTCACGGTGAACGAA,0,40810
TSS_1414_storz_regulondb,0.09090909090909091,10,10,AGTAACGGTCCTAACGACTT,0,46382
TSS_1414_storz_regulondb,0.09090909090909091,10,10,AGTAACAGGACAGGCTAATC,0,39474
TSS_1414_storz_regulondb,0.09090909090909091,10,10,AGGTTAACGACCTCAATCGA,0,36727
TSS_1414_storz_regulondb,0.09090909090909091,10,10,AGGTGTCGGCCCCAGCAGAG,0,43082
TSS_1414_storz_regulondb,0.09090909090909091,10,10,AGGTGCGCATAATCCCAGAC,0,44313
TSS_1414_storz_regulondb,0.09090909090909091,10,10,AGGGTATAGGGCTTGAGTCG,0,40029
TSS_1414_storz_regulondb,0.09090909090909091,10,10,AGGGGTAGACGTGATGACAA,0,28270
TSS_1414_storz_regulondb,0.09090909090909091,10,10,AGGGGCCGCACTTAACAAAC,0,49420
TSS_1414_storz_regulondb,0.09090909090909091,10,10,AGGGCGGGTTACATTCATGA,0,39358
TSS_1414_storz_regulondb,0.09090909090909091,10,10,AGGCTTGCCTGGTACACAAC,0,66783
TSS_1414_storz_regulondb,0.09090909090909091,10,10,AGGCGTCCAGAGACTGCATA,0,28126
TSS_1414_storz_regulondb,0.09090909090909091,10,10,AGGCGGCGCGTCTGATAAAT,0,52196
TSS_1414_storz_regulondb,0.09090909090909091,10,10,AGGCCCGACTATGACCTAAA,0,21123
TSS_1414_storz_regulondb,0.09090909090909091,10,10,AGGCCATGGCAGATGCCATA,0,23168
TSS_1414_storz_regulondb,0.09090909090909091,10,10,AGGCCATCCGGTATGCCTCA,0,50796
TSS_1414_storz_regulondb,0.09090909090909091,10,10,AGGCAGGCCTCGCTGTATCA,0,77872
TSS_1414_storz_regulondb,0.09090909090909091,10,10,AGGATTTACGCCTGACATAA,0,31317
TSS_1414_storz_regulondb,0.09090909090909091,10,10,AGGATCAGTATCTTGATCCA,0,35401
TSS_1414_storz_regulondb,0.09090909090909091,10,10,AGGATACCTACGTGGATGGT,0,34936
TSS_1414_storz_regulondb,0.09090909090909091,10,10,AGGAGTATCGCCAACCTCTA,0,26185
TSS_1414_storz_regulondb,0.09090909090909091,10,10,AGGACTTAGCGCACTGCGAA,0,39522
TSS_1414_storz_regulondb,0.09090909090909091,10,10,AGGACATCTAAAGCGTATTA,0,61313
TSS_1414_storz_regulondb,0.09090909090909091,10,10,AGCTGAAAGAGCAAAAGCAA,0,37338
TSS_1414_storz_regulondb,0.09090909090909091,10,10,AGCTCTGTGTCGCGGGCTGG,0,22175
TSS_1414_storz_regulondb,0.09090909090909091,10,10,AGCTCGATATACACATATGC,0,53881
TSS_1414_storz_regulondb,0.09090909090909091,10,10,AGCGTAAAATCGATGCTGCC,0,16797
TSS_1414_storz_regulondb,0.09090909090909091,10,10,AGCGGCAAGTCTAAAGGGGT,0,69803
TSS_1414_storz_regulondb,0.09090909090909091,10,10,AGCGCGTGGCGCTAATCGGA,0,42598
TSS_1414_storz_regulondb,0.09090909090909091,10,10,AGCGCCGGCTCATAAAAGTT,0,50063
TSS_1414_storz_regulondb,0.09090909090909091,10,10,AGCCTTCAGCACATCTGCTT,0,20554
TSS_1414_storz_regulondb,0.09090909090909091,10,10,AGCCGGCGGTCAATTTGGCG,0,28181
TSS_1414_storz_regulondb,0.09090909090909091,10,10,AGCCCGGTGACATTGCCGAA,0,8307
TSS_1414_storz_regulondb,0.09090909090909091,10,10,AGCCCACACATGATATGTTA,0,40752
TSS_1414_storz_regulondb,0.09090909090909091,10,10,AGCATATTACGGTCTCAAAA,0,68479
TSS_1414_storz_regulondb,0.09090909090909091,10,10,AGATTTAGCGCCAAGTACGA,0,25157
TSS_1414_storz_regulondb,0.09090909090909091,10,10,AGATTCACCACACCTTCAGG,0,49020
TSS_1414_storz_regulondb,0.09090909090909091,10,10,AGATTAGGCCTGTGATTGTA,0,72221
TSS_1414_storz_regulondb,0.09090909090909091,10,10,AGATGTGGCTTTAGAACAGA,0,35298
TSS_1414_storz_regulondb,0.09090909090909091,10,10,AGATGTAGGGGTTACAGGTT,0,1421
TSS_1414_storz_regulondb,0.09090909090909091,10,10,AGATCTTTTTCGAAGTGCTA,0,24953
TSS_1414_storz_regulondb,0.09090909090909091,10,10,AGATCCGCCATGCCAAGTGC,0,1374
TSS_1414_storz_regulondb,0.09090909090909091,10,10,AGATATACGTGCTTGTCACT,0,15391
TSS_1414_storz_regulondb,0.09090909090909091,10,10,AGAGTATCCGTACGCGAAGC,0,71985
TSS_1414_storz_regulondb,0.09090909090909091,10,10,AGAGCAATTGGCATCATCAG,0,47653
TSS_1414_storz_regulondb,0.09090909090909091,10,10,AGAGAGCTGGTGCATAAGCA,0,31175
TSS_1414_storz_regulondb,0.09090909090909091,10,10,AGAGACCACCAACAGGCGAG,0,60203
TSS_1414_storz_regulondb,0.09090909090909091,10,10,AGACTCGATGAGTGACCAAA,0,31997
TSS_1414_storz_regulondb,0.09090909090909091,10,10,AGACCTTCACGTGGGTCGTT,0,51036
TSS_1414_storz_regulondb,0.09090909090909091,10,10,AGACCGGGAGTTCCCATTAA,0,59170
TSS_1414_storz_regulondb,0.09090909090909091,10,10,AGAAGCGTTCGGCTGCGATT,0,73329
TSS_1414_storz_regulondb,0.09090909090909091,10,10,ACTTTGGACAGCGGAGTTTG,0,27745
TSS_1414_storz_regulondb,0.09090909090909091,10,10,ACTTTACGTGTACAATAATT,0,31993
TSS_1414_storz_regulondb,0.09090909090909091,10,10,ACTTGGCATCACTCGATTGA,0,16981
TSS_1414_storz_regulondb,0.09090909090909091,10,10,ACTTGCAGATTCCAGGGATC,0,22079
TSS_1414_storz_regulondb,0.09090909090909091,10,10,ACTTCGATCGCTGTTCCAGA,0,12982
TSS_1414_storz_regulondb,0.09090909090909091,10,10,ACTGTTTTACCCCGGTCCTT,0,73099
TSS_1414_storz_regulondb,0.09090909090909091,10,10,ACTGTGTATGGCAGACTCTT,0,79896
TSS_1414_storz_regulondb,0.09090909090909091,10,10,ACTGCCCGATAACGCAACAA,0,3077
TSS_1414_storz_regulondb,0.09090909090909091,10,10,ACTGAGACCGAGAGAATCGT,0,45248
TSS_1414_storz_regulondb,0.09090909090909091,10,10,ACTCTACGAGATATGAATCA,0,27304
TSS_1414_storz_regulondb,0.09090909090909091,10,10,ACTCCGCCAAAGCGACCTCG,0,9286
TSS_1414_storz_regulondb,0.09090909090909091,10,10,ACTCACTAAATTTTAGACAG,0,11957
TSS_1414_storz_regulondb,0.09090909090909091,10,10,ACTAGCCTGACCTTGCATTA,0,59891
TSS_1414_storz_regulondb,0.09090909090909091,10,10,ACTAGACTACCCGACGGTAA,0,62637
TSS_1414_storz_regulondb,0.09090909090909091,10,10,ACTACCAACGGCAGTGAGGA,0,37969
TSS_1414_storz_regulondb,0.09090909090909091,10,10,ACGTGTATCCCAGCGTAGTA,0,3580
TSS_1414_storz_regulondb,0.09090909090909091,10,10,ACGTCGCAGTCCTAGAACGG,0,52999
TSS_1414_storz_regulondb,0.09090909090909091,10,10,ACGTACGGTCAGCGCAATAA,0,64882
TSS_1414_storz_regulondb,0.09090909090909091,10,10,ACGTACACAAGAGACATTCA,0,47675
TSS_1414_storz_regulondb,0.09090909090909091,10,10,ACGGTTTTTAACACGCCGTA,0,26755
TSS_1414_storz_regulondb,0.09090909090909091,10,10,ACGGTTCACCCGGCCCGGGG,0,41140
TSS_1414_storz_regulondb,0.09090909090909091,10,10,ACGGTATGGAGGGTTTGTTC,0,18065
TSS_1414_storz_regulondb,0.09090909090909091,10,10,ACGGCGGATACCCCACGGGA,0,58748
TSS_1414_storz_regulondb,0.09090909090909091,10,10,ACGGAGTCAAACGGCTTATC,0,70118
TSS_1414_storz_regulondb,0.09090909090909091,10,10,ACGGAGATAGCGCCTTTCCT,0,18842
TSS_1414_storz_regulondb,0.09090909090909091,10,10,ACGGAGAGGTCTGGAACTGG,0,26329
TSS_1414_storz_regulondb,0.09090909090909091,10,10,ACGCCCCGACTAAACTGACA,0,18063
TSS_1414_storz_regulondb,0.09090909090909091,10,10,ACGCATGAGCGTAGGTCGAG,0,50145
TSS_1414_storz_regulondb,0.09090909090909091,10,10,ACGCAGTCTGCACTTATGTT,0,45120
TSS_1414_storz_regulondb,0.09090909090909091,10,10,ACGCACACGTTGTCCTGTTC,0,47863
TSS_1414_storz_regulondb,0.09090909090909091,10,10,ACGCAAACGTGGGCCTGGAG,0,61493
TSS_1414_storz_regulondb,0.09090909090909091,10,10,ACGATGGTCAGCTTGGAAAT,0,47849
TSS_1414_storz_regulondb,0.09090909090909091,10,10,ACGACTCATTCCACCACCTA,0,65294
TSS_1414_storz_regulondb,0.09090909090909091,10,10,ACGACGTCGATTTGGAGTAA,0,28085
TSS_1414_storz_regulondb,0.09090909090909091,10,10,ACGAATAACCCACGCGCATC,0,13716
TSS_1414_storz_regulondb,0.09090909090909091,10,10,ACCTTAGGATACGACTGGTT,0,76972
TSS_1414_storz_regulondb,0.09090909090909091,10,10,ACCTGCTCTAATTATGCTAT,0,55165
TSS_1414_storz_regulondb,0.09090909090909091,10,10,ACCTCTTTTTGCCTAGTCGG,0,68772
TSS_1414_storz_regulondb,0.09090909090909091,10,10,ACCTACTAGAGCGGCTTAAA,0,71633
TSS_1414_storz_regulondb,0.09090909090909091,10,10,ACCGTCTAGTGGGAATTAAT,0,54525
TSS_1414_storz_regulondb,0.09090909090909091,10,10,ACCGGGAAGATTTATCAGGA,0,13479
TSS_1414_storz_regulondb,0.09090909090909091,10,10,ACCGCTCTGTCCGGTTAAGG,0,62555
TSS_1414_storz_regulondb,0.09090909090909091,10,10,ACCGCAGTCAAAAAAACGTT,0,49016
TSS_1414_storz_regulondb,0.09090909090909091,10,10,ACCCGCGCGGAGCAACCCTT,0,42961
TSS_1414_storz_regulondb,0.09090909090909091,10,10,ACCCATGCGCTGGACGCAAT,0,41385
TSS_1414_storz_regulondb,0.09090909090909091,10,10,ACCCATGAAGTCCAGGATCT,0,63715
TSS_1414_storz_regulondb,0.09090909090909091,10,10,ACCATGTTAGCAATAACGCA,0,8538
TSS_1414_storz_regulondb,0.09090909090909091,10,10,ACCAGGTGTTAGCAGCACAG,0,61682
TSS_1414_storz_regulondb,0.09090909090909091,10,10,ACCAGAGAGTTTTGGAAGAT,0,14623
TSS_1414_storz_regulondb,0.09090909090909091,10,10,ACCACGCGAGTTCGACGTAG,0,795
TSS_1414_storz_regulondb,0.09090909090909091,10,10,ACATTTGACGAGCCGGTGCA,0,75617
TSS_1414_storz_regulondb,0.09090909090909091,10,10,ACATTCGAGAGCCATTAGCA,0,67122
TSS_1414_storz_regulondb,0.09090909090909091,10,10,ACATTAGTGCAGTGGAAGTG,0,47406
TSS_1414_storz_regulondb,0.09090909090909091,10,10,ACATGATACAGATAGGACTC,0,38225
TSS_1414_storz_regulondb,0.09090909090909091,10,10,ACATCTTGCCGGGGAGCGGA,0,38578
TSS_1414_storz_regulondb,0.09090909090909091,10,10,ACATCCTCGGCGATTATCAC,0,11315
TSS_1414_storz_regulondb,0.09090909090909091,10,10,ACATAGGCGAAGTGGATCTT,0,66
TSS_1414_storz_regulondb,0.09090909090909091,10,10,ACAGGCATTGATAAACGGCG,0,24803
TSS_1414_storz_regulondb,0.09090909090909091,10,10,ACAGGAATAAGGATACGGCC,0,23121
TSS_1414_storz_regulondb,0.09090909090909091,10,10,ACAGCTCATCCACGTACTGT,0,75523
TSS_1414_storz_regulondb,0.09090909090909091,10,10,ACAGAGCATTGGGGACTCAG,0,26157
TSS_1414_storz_regulondb,0.09090909090909091,10,10,ACACTGGTTTGCAGAGTACA,0,8853
TSS_1414_storz_regulondb,0.09090909090909091,10,10,ACACTCCGTGGCTCTCGCAT,0,27662
TSS_1414_storz_regulondb,0.09090909090909091,10,10,ACACGACGACGAAAGGAAAT,0,79176
TSS_1414_storz_regulondb,0.09090909090909091,10,10,ACACCGTCGGAGGGCAGGAC,0,59550
TSS_1414_storz_regulondb,0.09090909090909091,10,10,ACACCCTGCTTACGTGTTAA,0,47871
TSS_1414_storz_regulondb,0.09090909090909091,10,10,ACACAACAACTCACACCGAC,0,4195
TSS_1414_storz_regulondb,0.09090909090909091,10,10,ACAAGTGTTCTCATACGTGG,0,59648
TSS_1414_storz_regulondb,0.09090909090909091,10,10,ACAAGAGCCAAAACGGTTAG,0,69795
TSS_1414_storz_regulondb,0.09090909090909091,10,10,ACAACCCCGCGATATAGGAG,0,44540
TSS_1414_storz_regulondb,0.09090909090909091,10,10,AATTTTGCTAAATTGATTAG,0,14702
TSS_1414_storz_regulondb,0.09090909090909091,10,10,AATTTAGTTTAGCTGCAGGA,0,51762
TSS_1414_storz_regulondb,0.09090909090909091,10,10,AATTGCGGTCGGAGGTCATT,0,18767
TSS_1414_storz_regulondb,0.09090909090909091,10,10,AATTGCGATTGTAGTGAAGT,0,64329
TSS_1414_storz_regulondb,0.09090909090909091,10,10,AATGTATTTTCGCGCTCTGT,0,52566
TSS_1414_storz_regulondb,0.09090909090909091,10,10,AATGGCAACGGACACTTCCT,0,64879
TSS_1414_storz_regulondb,0.09090909090909091,10,10,AATCTTTCCCGCCGTAATGC,0,21174
TSS_1414_storz_regulondb,0.09090909090909091,10,10,AATCGGCATTGGCACTAAAT,0,43857
TSS_1414_storz_regulondb,0.09090909090909091,10,10,AATCGAACATCATTCTCTTA,0,21096
TSS_1414_storz_regulondb,0.09090909090909091,10,10,AATCCATCGATATAATTAAA,0,68049
TSS_1414_storz_regulondb,0.09090909090909091,10,10,AATCCAATCGGTACCCACAA,0,60983
TSS_1414_storz_regulondb,0.09090909090909091,10,10,AATATTATGACCTACGTAAA,0,75090
TSS_1414_storz_regulondb,0.09090909090909091,10,10,AATAGCTACGAGGCCCATTG,0,24762
TSS_1414_storz_regulondb,0.09090909090909091,10,10,AATAGCAGTAAAGACAAGAG,0,44235
TSS_1414_storz_regulondb,0.09090909090909091,10,10,AATAGAAACCGGACATTTAC,0,27154
TSS_1414_storz_regulondb,0.09090909090909091,10,10,AATACTCTATTCTCGGATGC,0,67357
TSS_1414_storz_regulondb,0.09090909090909091,10,10,AATACGGCTCACAGGTCAGC,0,2967
TSS_1414_storz_regulondb,0.09090909090909091,10,10,AATACCGTGGTTGGATGTCA,0,39398
TSS_1414_storz_regulondb,0.09090909090909091,10,10,AAGTTTAGTTTAAATAATAG,0,18865
TSS_1414_storz_regulondb,0.09090909090909091,10,10,AAGTCGGAAGAGCTCATGCC,0,15332
TSS_1414_storz_regulondb,0.09090909090909091,10,10,AAGTCAAGCCGATTCCGTAG,0,38841
TSS_1414_storz_regulondb,0.09090909090909091,10,10,AAGGTCAGGGCAATGTGTCC,0,63444
TSS_1414_storz_regulondb,0.09090909090909091,10,10,AAGGGTTGTAGGTACTCCAC,0,51818
TSS_1414_storz_regulondb,0.09090909090909091,10,10,AAGGCCCGCAGTCTTAGTGG,0,15437
TSS_1414_storz_regulondb,0.09090909090909091,10,10,AAGGCCCCCGTTTAACTGCT,0,10473
TSS_1414_storz_regulondb,0.09090909090909091,10,10,AAGCCGGCTGGGGTAATAAC,0,24128
TSS_1414_storz_regulondb,0.09090909090909091,10,10,AAGCAGATAAGGAGTGGCGA,0,79145
TSS_1414_storz_regulondb,0.09090909090909091,10,10,AAGATGCCTGCGGCATATCC,0,44901
TSS_1414_storz_regulondb,0.09090909090909091,10,10,AAGATCAAGGGCGAGTGGCG,0,12759
TSS_1414_storz_regulondb,0.09090909090909091,10,10,AAGACTGTTTCCCCCCATCT,0,19473
TSS_1414_storz_regulondb,0.09090909090909091,10,10,AAGACGACAACATGTAGGGT,0,30810
TSS_1414_storz_regulondb,0.09090909090909091,10,10,AACTGGCGGATACGCCCGCG,0,62806
TSS_1414_storz_regulondb,0.09090909090909091,10,10,AACTGAGTACTATAGTCAGA,0,55736
TSS_1414_storz_regulondb,0.09090909090909091,10,10,AACGTTCCAAGAGCCCAGGA,0,18244
TSS_1414_storz_regulondb,0.09090909090909091,10,10,AACGGCGAAAGGGCGATAAT,0,72796
TSS_1414_storz_regulondb,0.09090909090909091,10,10,AACGGCCGACGGTTACGGTT,0,80413
TSS_1414_storz_regulondb,0.09090909090909091,10,10,AACGCGATGTAATGTTCCGT,0,12576
TSS_1414_storz_regulondb,0.09090909090909091,10,10,AACCTGCCCAGGTCATGCAT,0,27447
TSS_1414_storz_regulondb,0.09090909090909091,10,10,AACCGGGCGTACAACACCCT,0,57780
TSS_1414_storz_regulondb,0.09090909090909091,10,10,AACAGACTCGCATTCGGACG,0,33423
TSS_1414_storz_regulondb,0.09090909090909091,10,10,AACACGTGCTCTGTTTGCAT,0,17958
TSS_1414_storz_regulondb,0.09090909090909091,10,10,AACAAGTTCGGCTTTCAGCA,0,55525
TSS_1414_storz_regulondb,0.09090909090909091,10,10,AAATTTCTCCCGTACGCGCC,0,41933
TSS_1414_storz_regulondb,0.09090909090909091,10,10,AAATGCGGTTATGCTTATAG,0,70334
TSS_1414_storz_regulondb,0.09090909090909091,10,10,AAATCGTTCGCGGTTACGGT,0,36375
TSS_1414_storz_regulondb,0.09090909090909091,10,10,AAAGTGTGCCATCTTTTGTG,0,30805
TSS_1414_storz_regulondb,0.09090909090909091,10,10,AAAGTATGACATCTTGGAAA,0,13045
TSS_1414_storz_regulondb,0.09090909090909091,10,10,AAAGGCCCATTAGTTCTCTT,0,42104
TSS_1414_storz_regulondb,0.09090909090909091,10,10,AAAGCGGATCTATCGCAACA,0,70871
TSS_1414_storz_regulondb,0.09090909090909091,10,10,AAAGCACGAGAGCGGTCTAA,0,14532
TSS_1414_storz_regulondb,0.09090909090909091,10,10,AAAGAGACGGGTGGTGAAGT,0,29352
TSS_1414_storz_regulondb,0.09090909090909091,10,10,AAAAACTGGCATTTAAATGT,0,18086
TSS_1414_storz_regulondb,0.1,9,9,TTTTTTCTACAACTCTAATG,0,77988
TSS_1414_storz_regulondb,0.1,9,9,TTTTCACCTAAGCGCTCCAA,0,46383
TSS_1414_storz_regulondb,0.1,9,9,TTTTATCCGGCCAGTGTGTC,0,39440
TSS_1414_storz_regulondb,0.1,9,9,TTTTAAACTAATTAGGTCTA,0,14759
TSS_1414_storz_regulondb,0.1,9,9,TTTGTGCAGAAGTATTACAC,0,59095
TSS_1414_storz_regulondb,0.1,9,9,TTTGTAAATGGTCTACGGTT,0,26863
TSS_1414_storz_regulondb,0.1,9,9,TTTGCGGCGACGTAAAAGAT,0,50880
TSS_1414_storz_regulondb,0.1,9,9,TTTGATAAAATTTGCAGTTT,0,11622
TSS_1414_storz_regulondb,0.1,9,9,TTTGAGAACTCGAATAACAA,0,41763
TSS_1414_storz_regulondb,0.1,9,9,TTTGACCGCAGGAGTGCAGG,0,22759
TSS_1414_storz_regulondb,0.1,9,9,TTTCTGACCAAGTGCTCCGC,0,18312
TSS_1414_storz_regulondb,0.1,9,9,TTTCTATGCATGTCTTTCCT,0,62187
TSS_1414_storz_regulondb,0.1,9,9,TTTCGGCAGGTGATACCGCT,0,41817
TSS_1414_storz_regulondb,0.1,9,9,TTTCATAGGTGCCGACAAAG,0,32461
TSS_1414_storz_regulondb,0.1,9,9,TTTAGGCCAGCGGAACCCTA,0,53847
TSS_1414_storz_regulondb,0.1,9,9,TTTAAATGCGTCGGAGATTC,0,60673
TSS_1414_storz_regulondb,0.1,9,9,TTGTCTACTCTTAGTAGTGC,0,33049
TSS_1414_storz_regulondb,0.1,9,9,TTGTCGTGTAAAGTGGCAGG,0,49321
TSS_1414_storz_regulondb,0.1,9,9,TTGTAGTAACCGCAAGTCCT,0,22717
TSS_1414_storz_regulondb,0.1,9,9,TTGTAAGTGCAACACCGGTC,0,51267
TSS_1414_storz_regulondb,0.1,9,9,TTGGGTGTTTTCCCTCGCTG,0,610
TSS_1414_storz_regulondb,0.1,9,9,TTGGGGGCATCGTATAGCAT,0,67729
TSS_1414_storz_regulondb,0.1,9,9,TTGGGGATAGTAGGTTAGGC,0,41542
TSS_1414_storz_regulondb,0.1,9,9,TTGGGATTAATGTGCAACTT,0,65856
TSS_1414_storz_regulondb,0.1,9,9,TTGCTGCGCTGGGACCGAAT,0,49318
TSS_1414_storz_regulondb,0.1,9,9,TTGACCAGCGCTGGAAGGTC,0,70219
TSS_1414_storz_regulondb,0.1,9,9,TTCTGCAACCTGACGAATAC,0,44077
TSS_1414_storz_regulondb,0.1,9,9,TTCTCCACAAGCCAAGGTCA,0,30847
TSS_1414_storz_regulondb,0.1,9,9,TTCGTGACGTAAATCTAGGG,0,2644
TSS_1414_storz_regulondb,0.1,9,9,TTCGTCTGCGGACTATAACG,0,64859
TSS_1414_storz_regulondb,0.1,9,9,TTCGTCAGGTTGTGATCAGA,0,77570
TSS_1414_storz_regulondb,0.1,9,9,TTCGTATCGGCTTGTGCTGT,0,33742
TSS_1414_storz_regulondb,0.1,9,9,TTCGGGGCTGTACTGTACAG,0,24393
TSS_1414_storz_regulondb,0.1,9,9,TTCGGGATGTTTAAATTGCC,0,69387
TSS_1414_storz_regulondb,0.1,9,9,TTCGGGAACCCTGGTCGTCT,0,31266
TSS_1414_storz_regulondb,0.1,9,9,TTCGCGCACATGGATCTCGA,0,11556
TSS_1414_storz_regulondb,0.1,9,9,TTCGATTACCAGATTGGGAG,0,27749
TSS_1414_storz_regulondb,0.1,9,9,TTCGAATTGCTCAGTGCGGC,0,69657
TSS_1414_storz_regulondb,0.1,9,9,TTCCTGGTACTAATGCCCTA,0,35172
TSS_1414_storz_regulondb,0.1,9,9,TTCCTCCTTAAGGCAAGGTA,0,38563
TSS_1414_storz_regulondb,0.1,9,9,TTCCGGGGTGCATGGAGAAT,0,78988
TSS_1414_storz_regulondb,0.1,9,9,TTCCGCGGAGCCGGTGGCCT,0,27920
TSS_1414_storz_regulondb,0.1,9,9,TTCATGCAGCGTTTGTGGTT,0,73246
TSS_1414_storz_regulondb,0.1,9,9,TTCATGATATACATACTTAC,0,53043
TSS_1414_storz_regulondb,0.1,9,9,TTCAGGCTGCTAGTTTCCAT,0,68401
TSS_1414_storz_regulondb,0.1,9,9,TTATTTTTCAACAGAGTCAG,0,322
TSS_1414_storz_regulondb,0.1,9,9,TTATTTGCTAAAAGGACCTC,0,39115
TSS_1414_storz_regulondb,0.1,9,9,TTATGCCGGTGACTTCTCAT,0,2276
TSS_1414_storz_regulondb,0.1,9,9,TTATGATCGTGCTTAGAGAA,0,15947
TSS_1414_storz_regulondb,0.1,9,9,TTAGTCGGCTTAAGAGGTTC,0,16507
TSS_1414_storz_regulondb,0.1,9,9,TTACCCTTTTGATTCCCAGA,0,36053
TSS_1414_storz_regulondb,0.1,9,9,TTAAGACGCTCTTGCCTCTC,0,40596
TSS_1414_storz_regulondb,0.1,9,9,TTAAGAATTTCCTAGCCGGG,0,49637
TSS_1414_storz_regulondb,0.1,9,9,TTAACGGACTGAAAGGAGCC,0,71864
TSS_1414_storz_regulondb,0.1,9,9,TTAACCGCTCGTCATAAGAG,0,61430
TSS_1414_storz_regulondb,0.1,9,9,TGTTTGAAATGCAGGATAAA,0,57513
TSS_1414_storz_regulondb,0.1,9,9,TGTTGTTGCTTCAGGCGGAG,0,72355
TSS_1414_storz_regulondb,0.1,9,9,TGTTGGGCAAGAAACAGAGG,0,27739
TSS_1414_storz_regulondb,0.1,9,9,TGTTCCCAAAGAGCCTTCTG,0,44601
TSS_1414_storz_regulondb,0.1,9,9,TGTGTGGTTTCGTCTTCCTC,0,1117
TSS_1414_storz_regulondb,0.1,9,9,TGTGTGATGTCTACGCGCGG,0,74537
TSS_1414_storz_regulondb,0.1,9,9,TGTGTAGCACATGCTATCTA,0,6146
TSS_1414_storz_regulondb,0.1,9,9,TGTGCTTACTCTAGCAATTG,0,2014
TSS_1414_storz_regulondb,0.1,9,9,TGTGCCAGTTGTCACCCGCA,0,29527
TSS_1414_storz_regulondb,0.1,9,9,TGTGCATTGTGGACCTTGCT,0,45064
TSS_1414_storz_regulondb,0.1,9,9,TGTGAAAGAAAGGAGATCGA,0,20944
TSS_1414_storz_regulondb,0.1,9,9,TGTCTTTAATCCCGTAAGTT,0,8428
TSS_1414_storz_regulondb,0.1,9,9,TGTCTCAGGGGGCAAGCATG,0,41803
TSS_1414_storz_regulondb,0.1,9,9,TGTCCCTCTCCGGAGCGTCG,0,53688
TSS_1414_storz_regulondb,0.1,9,9,TGTCCACTTCCGCAGGCCTA,0,76471
TSS_1414_storz_regulondb,0.1,9,9,TGTATATTTACCGGAACCCG,0,25275
TSS_1414_storz_regulondb,0.1,9,9,TGTATAATTGGATCTTCGGA,0,46546
TSS_1414_storz_regulondb,0.1,9,9,TGTAGGTCGCTTATTAGCAT,0,73274
TSS_1414_storz_regulondb,0.1,9,9,TGTAGGATGTATCCGCCAGT,0,68851
TSS_1414_storz_regulondb,0.1,9,9,TGTAATAAACGATTCGTGTA,0,64897
TSS_1414_storz_regulondb,0.1,9,9,TGTAAACTCGCCCGCGCTGC,0,33393
TSS_1414_storz_regulondb,0.1,9,9,TGGTTTATCCGCTTTGGTAG,0,59150
TSS_1414_storz_regulondb,0.1,9,9,TGGTTGAGAGGAAATGGGGC,0,13117
TSS_1414_storz_regulondb,0.1,9,9,TGGTTCAGCGCGACGCATGG,0,49669
TSS_1414_storz_regulondb,0.1,9,9,TGGTGGGCCGGTGTTAATTA,0,58800
TSS_1414_storz_regulondb,0.1,9,9,TGGTCGGGTCGCGGGAACGC,0,48842
TSS_1414_storz_regulondb,0.1,9,9,TGGGGGTTATCACTGCATGG,0,34820
TSS_1414_storz_regulondb,0.1,9,9,TGGGGGCAAAGGGTTCATAT,0,32550
TSS_1414_storz_regulondb,0.1,9,9,TGGGCCGCCAGGATTTAGCG,0,34807
TSS_1414_storz_regulondb,0.1,9,9,TGGGATAGGGATTCTAGGAT,0,58949
TSS_1414_storz_regulondb,0.1,9,9,TGGCTCGATGGGGGTAGTAT,0,52882
TSS_1414_storz_regulondb,0.1,9,9,TGGCCCCGTCATGTCTGAGT,0,26990
TSS_1414_storz_regulondb,0.1,9,9,TGGCCACGTAAACGGGGAAT,0,66619
TSS_1414_storz_regulondb,0.1,9,9,TGGCACGGTTCTATGGCTCG,0,16568
TSS_1414_storz_regulondb,0.1,9,9,TGGATTGGATTGTGCGTGAC,0,55552
TSS_1414_storz_regulondb,0.1,9,9,TGGATGTGACTCTGGGGATC,0,59543
TSS_1414_storz_regulondb,0.1,9,9,TGGATCGAGGGTTGCCCCTT,0,74018
TSS_1414_storz_regulondb,0.1,9,9,TGGAGGCACCCAGGACTGGA,0,7491
TSS_1414_storz_regulondb,0.1,9,9,TGGACAGGGACGAGGTGGCC,0,29961
TSS_1414_storz_regulondb,0.1,9,9,TGGAACTCTCGTGATTTAGG,0,5484
TSS_1414_storz_regulondb,0.1,9,9,TGCTTCGGTGGATCTGGTGT,0,75545
TSS_1414_storz_regulondb,0.1,9,9,TGCTCTGAAGATGTTAGCCT,0,44090
TSS_1414_storz_regulondb,0.1,9,9,TGCTCATTTGCAAAGACTCC,0,58931
TSS_1414_storz_regulondb,0.1,9,9,TGCTAGTTCGTAACGGATAC,0,60302
TSS_1414_storz_regulondb,0.1,9,9,TGCGCATCTACGCTAAATGT,0,5928
TSS_1414_storz_regulondb,0.1,9,9,TGCGACGATAAACGCTGGGT,0,75423
TSS_1414_storz_regulondb,0.1,9,9,TGCCTTCTCCCTAATGTAGA,0,25782
TSS_1414_storz_regulondb,0.1,9,9,TGCCGGTCCGCGCGTGGTGT,0,48160
TSS_1414_storz_regulondb,0.1,9,9,TGCCAGCCGAGCGAACTGAT,0,63157
TSS_1414_storz_regulondb,0.1,9,9,TGCAGCTGTAGGGAAAATTA,0,35928
TSS_1414_storz_regulondb,0.1,9,9,TGCAGCAAAGGATGTAGGAA,0,64807
TSS_1414_storz_regulondb,0.1,9,9,TGCAAGAATTGGGCATTCGT,0,2868
TSS_1414_storz_regulondb,0.1,9,9,TGATTTTCATGTGCCGAGGC,0,33265
TSS_1414_storz_regulondb,0.1,9,9,TGATTTGTTCGGGGGTGGCG,0,64911
TSS_1414_storz_regulondb,0.1,9,9,TGATTTGAAGGACGCTCGTT,0,68644
TSS_1414_storz_regulondb,0.1,9,9,TGATGTAGTACCTTCCGGCG,0,35038
TSS_1414_storz_regulondb,0.1,9,9,TGATGGAGGACTGAGTTGCA,0,46244
TSS_1414_storz_regulondb,0.1,9,9,TGATCGGCAATAGCAGACTC,0,37208
TSS_1414_storz_regulondb,0.1,9,9,TGATCAGATTAGACGTCCTA,0,13917
TSS_1414_storz_regulondb,0.1,9,9,TGATATAAATTTATCACGAC,0,16692
TSS_1414_storz_regulondb,0.1,9,9,TGATAGGAGGGTCCAGCCGC,0,16243
TSS_1414_storz_regulondb,0.1,9,9,TGAGTAGCTCTGCCCTAGAA,0,45843
TSS_1414_storz_regulondb,0.1,9,9,TGAGGTAGGCAGTGTGAAAA,0,44293
TSS_1414_storz_regulondb,0.1,9,9,TGAGCCCGCGTAGGTATGCC,0,63211
TSS_1414_storz_regulondb,0.1,9,9,TGAGAAATCTGAAAGTGTCA,0,68464
TSS_1414_storz_regulondb,0.1,9,9,TGACGGGATTCGCCCGCCCC,0,42026
TSS_1414_storz_regulondb,0.1,9,9,TGACCAGCGAAGTCCTCGAT,0,74392
TSS_1414_storz_regulondb,0.1,9,9,TGACCACACTTTTCTGTCTC,0,49598
TSS_1414_storz_regulondb,0.1,9,9,TGAATCGGCTGGTTCAGGCC,0,48752
TSS_1414_storz_regulondb,0.1,9,9,TGAAGTGCTACAAAGGCGAA,0,37143
TSS_1414_storz_regulondb,0.1,9,9,TGAAGATTTAGTTCCTTGAA,0,52229
TSS_1414_storz_regulondb,0.1,9,9,TGAAGAGGATCTGGGATCTT,0,16746
TSS_1414_storz_regulondb,0.1,9,9,TCTTTTGCCATTGCGGTATA,0,3627
TSS_1414_storz_regulondb,0.1,9,9,TCTTTCTCAGGCGGGGAAAG,0,47241
TSS_1414_storz_regulondb,0.1,9,9,TCTTAGTTACCGGCGACAAA,0,34742
TSS_1414_storz_regulondb,0.1,9,9,TCTTAAGTTACTTGACCAAG,0,36635
TSS_1414_storz_regulondb,0.1,9,9,TCTGGTGGCATTACAATTTT,0,40309
TSS_1414_storz_regulondb,0.1,9,9,TCTCTGAACGCGGGGTGAGG,0,74651
TSS_1414_storz_regulondb,0.1,9,9,TCTCCGCCGACTGACGAATA,0,9977
TSS_1414_storz_regulondb,0.1,9,9,TCTCCACGTCCATTGGCGCT,0,19119
TSS_1414_storz_regulondb,0.1,9,9,TCTCAGCATGATCAACTTAA,0,36649
TSS_1414_storz_regulondb,0.1,9,9,TCTCAAACAAGTCACATGTA,0,31139
TSS_1414_storz_regulondb,0.1,9,9,TCTATCATATCAGGTGCACG,0,56999
TSS_1414_storz_regulondb,0.1,9,9,TCTAAAGTAATTCTCTACCA,0,34905
TSS_1414_storz_regulondb,0.1,9,9,TCGTTAGGAAGTTAAGGGTG,0,20506
TSS_1414_storz_regulondb,0.1,9,9,TCGTTACCTTGTGGGTCGTG,0,10788
TSS_1414_storz_regulondb,0.1,9,9,TCGTCCGCACGAGGCGCTGT,0,79996
TSS_1414_storz_regulondb,0.1,9,9,TCGTATTTCGGAAAGAAACC,0,76651
TSS_1414_storz_regulondb,0.1,9,9,TCGGTAGGGCGGTGTGTTAC,0,25110
TSS_1414_storz_regulondb,0.1,9,9,TCGGGTTGCTGAGGGAAAAA,0,50417
TSS_1414_storz_regulondb,0.1,9,9,TCGGGTTACGTGACAATGTG,0,23697
TSS_1414_storz_regulondb,0.1,9,9,TCGGGCAACCCACCACGGCC,0,62292
TSS_1414_storz_regulondb,0.1,9,9,TCGGCTTATGAGCAAGGAGC,0,60707
TSS_1414_storz_regulondb,0.1,9,9,TCGGCTAGTGTTAATGCGGA,0,4218
TSS_1414_storz_regulondb,0.1,9,9,TCGGATCGCAGGCGCGATAT,0,79982
TSS_1414_storz_regulondb,0.1,9,9,TCGCTTCGGGGATGGCAGAT,0,79524
TSS_1414_storz_regulondb,0.1,9,9,TCGCGAGTTTTTCGGTGAAG,0,37867
TSS_1414_storz_regulondb,0.1,9,9,TCGCCTTGGACTCAAGATCT,0,77424
TSS_1414_storz_regulondb,0.1,9,9,TCGCATATCGGGATCCAGCT,0,32369
TSS_1414_storz_regulondb,0.1,9,9,TCGATTGACCAGGGACCCTA,0,62262
TSS_1414_storz_regulondb,0.1,9,9,TCGATCTGTTCGTAAAGTAG,0,57600
TSS_1414_storz_regulondb,0.1,9,9,TCGATACTGAAGACGGACTT,0,7486
TSS_1414_storz_regulondb,0.1,9,9,TCGAGGTCACGTGGATGTTC,0,52404
TSS_1414_storz_regulondb,0.1,9,9,TCGAGGCCTACGTTTACCAT,0,32870
TSS_1414_storz_regulondb,0.1,9,9,TCGAGCTATATCATTCTCTT,0,30567
TSS_1414_storz_regulondb,0.1,9,9,TCGAGCGTAGTGCCGCTTTT,0,71203
TSS_1414_storz_regulondb,0.1,9,9,TCGAGCCGGTCCTCGAAGTC,0,72484
TSS_1414_storz_regulondb,0.1,9,9,TCGAAATTATCTTCAGGAAC,0,27651
TSS_1414_storz_regulondb,0.1,9,9,TCCTCACGGTGACTAGCTCT,0,40737
TSS_1414_storz_regulondb,0.1,9,9,TCCTATATAGTTTCCGCGCT,0,26751
TSS_1414_storz_regulondb,0.1,9,9,TCCGTCATCGCTTAAGGATT,0,18537
TSS_1414_storz_regulondb,0.1,9,9,TCCGTAGGTGGCCTATTATA,0,50524
TSS_1414_storz_regulondb,0.1,9,9,TCCGGAGCGGTCACGAATAC,0,37100
TSS_1414_storz_regulondb,0.1,9,9,TCCGCTCTACGTAGGCATTT,0,16902
TSS_1414_storz_regulondb,0.1,9,9,TCCGCGTTTATTATGCGGGG,0,35377
TSS_1414_storz_regulondb,0.1,9,9,TCCGATCGGGTTTCAGGTAG,0,47293
TSS_1414_storz_regulondb,0.1,9,9,TCCGACGGGCCAAGCAACCC,0,24640
TSS_1414_storz_regulondb,0.1,9,9,TCCCTTGTGTGCAGTTGTAA,0,72753
TSS_1414_storz_regulondb,0.1,9,9,TCCCTGGTTGCGGTACACGA,0,13226
TSS_1414_storz_regulondb,0.1,9,9,TCCCGGCTCTGCTTGAAACA,0,34472
TSS_1414_storz_regulondb,0.1,9,9,TCCCGCCCGGGTGCTGTTAA,0,33055
TSS_1414_storz_regulondb,0.1,9,9,TCCCGACCATGCATTCTAGC,0,56713
TSS_1414_storz_regulondb,0.1,9,9,TCCCCTAAGTAGTGGTTCAT,0,64174
TSS_1414_storz_regulondb,0.1,9,9,TCCCCGCGGCTGGATTACAT,0,49290
TSS_1414_storz_regulondb,0.1,9,9,TCCCCGAAACAGTCCTTCTC,0,45041
TSS_1414_storz_regulondb,0.1,9,9,TCCCAAGGGATAACTCCGGT,0,67784
TSS_1414_storz_regulondb,0.1,9,9,TCCATGCCCAGGCTTCAGTC,0,7487
TSS_1414_storz_regulondb,0.1,9,9,TCCACGGAGCACGATCCTAG,0,54551
TSS_1414_storz_regulondb,0.1,9,9,TCCAACGTGTCGGCGCCCCC,0,49419
TSS_1414_storz_regulondb,0.1,9,9,TCCAACGCTTGCACAATCAG,0,1239
TSS_1414_storz_regulondb,0.1,9,9,TCCAACCCGCGCCTATTTAG,0,74679
TSS_1414_storz_regulondb,0.1,9,9,TCATATAACTTTGGTCCGAG,0,46630
TSS_1414_storz_regulondb,0.1,9,9,TCAGTTCGTACCTGCAACGG,0,77578
TSS_1414_storz_regulondb,0.1,9,9,TCAGGTGGCAGCTGACTTCC,0,19245
TSS_1414_storz_regulondb,0.1,9,9,TCAGGCTAGAATTACTACAT,0,33976
TSS_1414_storz_regulondb,0.1,9,9,TCAGGCCCAACAGCTAAGCA,0,79879
TSS_1414_storz_regulondb,0.1,9,9,TCAGCGTCATCGCCCTTAAA,0,51138
TSS_1414_storz_regulondb,0.1,9,9,TCAGCGCAGCATTTAGGTGT,0,41325
TSS_1414_storz_regulondb,0.1,9,9,TCAGCCCTGTCGATTACAGT,0,33119
TSS_1414_storz_regulondb,0.1,9,9,TCACCTTTACAAGTGCTTCT,0,23830
TSS_1414_storz_regulondb,0.1,9,9,TCACCAATAATTTCCCCTTA,0,14323
TSS_1414_storz_regulondb,0.1,9,9,TCAATTTTCCATCTGGGTTA,0,78370
TSS_1414_storz_regulondb,0.1,9,9,TCAATTACAGGTTCGTCTGC,0,22346
TSS_1414_storz_regulondb,0.1,9,9,TCAATTAATTGGCTTGACAT,0,59729
TSS_1414_storz_regulondb,0.1,9,9,TCAATCATAGTTGGGTACTC,0,52947
TSS_1414_storz_regulondb,0.1,9,9,TCAATACGAACAGTGTCGGA,0,30045
TSS_1414_storz_regulondb,0.1,9,9,TCAACTGCTGTGTGTGTCAC,0,54236
TSS_1414_storz_regulondb,0.1,9,9,TCAACCCATGTGATCGCGTT,0,74673
TSS_1414_storz_regulondb,0.1,9,9,TCAAATAATCCCCTTCTCAG,0,19701
TSS_1414_storz_regulondb,0.1,9,9,TATTTCATTAGGCCGAGCGC,0,73644
TSS_1414_storz_regulondb,0.1,9,9,TATTGTCTCATGTTGATCGT,0,39551
TSS_1414_storz_regulondb,0.1,9,9,TATTCTACAGTTAGGATCTC,0,80814
TSS_1414_storz_regulondb,0.1,9,9,TATTACTCGACAAATTGATG,0,66553
TSS_1414_storz_regulondb,0.1,9,9,TATGGCGCTCAATTCTAGAC,0,42683
TSS_1414_storz_regulondb,0.1,9,9,TATGCTGCATTTACGGGTAC,0,64235
TSS_1414_storz_regulondb,0.1,9,9,TATGCCTAACAACGGACAAT,0,8617
TSS_1414_storz_regulondb,0.1,9,9,TATGAAGCCCGCATTTTGAG,0,6252
TSS_1414_storz_regulondb,0.1,9,9,TATCTTGGGCCCACTCGATT,0,53722
TSS_1414_storz_regulondb,0.1,9,9,TATCATTCACAAATGACGAG,0,33808
TSS_1414_storz_regulondb,0.1,9,9,TATAGCGGGGTATTTTGTAA,0,17038
TSS_1414_storz_regulondb,0.1,9,9,TATAGCAACAGGATGGAGGC,0,40494
TSS_1414_storz_regulondb,0.1,9,9,TATACTCGTGTAGGTTTCGA,0,65633
TSS_1414_storz_regulondb,0.1,9,9,TAGGTTGATGACCTGTGGCT,0,13402
TSS_1414_storz_regulondb,0.1,9,9,TAGGTCTGAGGATGAGGACC,0,79315
TSS_1414_storz_regulondb,0.1,9,9,TAGGCTGGTATCCACGACGT,0,40740
TSS_1414_storz_regulondb,0.1,9,9,TAGGCCAGTGAGGGGTGAGA,0,34679
TSS_1414_storz_regulondb,0.1,9,9,TAGGCAATAGCCCATGAGCT,0,32678
TSS_1414_storz_regulondb,0.1,9,9,TAGCAATTTCGCGTTGATAA,0,13801
TSS_1414_storz_regulondb,0.1,9,9,TAGATTACCATTAACGGGGA,0,8119
TSS_1414_storz_regulondb,0.1,9,9,TAGATCGCCAGTAATCTATG,0,4502
TSS_1414_storz_regulondb,0.1,9,9,TAGAGAAAAAGAAGCGAGTT,0,24763
TSS_1414_storz_regulondb,0.1,9,9,TAGAACCCTCGATCTTAAAT,0,65306
TSS_1414_storz_regulondb,0.1,9,9,TACTTCAGTGATGGGTGATA,0,4128
TSS_1414_storz_regulondb,0.1,9,9,TACTGCAAGTCACCTTATGA,0,205
TSS_1414_storz_regulondb,0.1,9,9,TACTCGCGGATATCGATCAA,0,61813
TSS_1414_storz_regulondb,0.1,9,9,TACGGGCGTCGAAGCATTTT,0,72218
TSS_1414_storz_regulondb,0.1,9,9,TACGCTTGCAGAACTGACAC,0,1218
TSS_1414_storz_regulondb,0.1,9,9,TACGATAAGATGGCGCTTCA,0,71493
TSS_1414_storz_regulondb,0.1,9,9,TACCGGCCCGCGCGAAGTTA,0,72405
TSS_1414_storz_regulondb,0.1,9,9,TACCCGCATAGGATTATAGA,0,43483
TSS_1414_storz_regulondb,0.1,9,9,TACAAAGGCAACCATCGTGA,0,63091
TSS_1414_storz_regulondb,0.1,9,9,TAATGGATCAGCGTCTTTCA,0,18077
TSS_1414_storz_regulondb,0.1,9,9,TAATGCGCCTAATGTTAGTC,0,48487
TSS_1414_storz_regulondb,0.1,9,9,TAATCTATCCTGAATTCTGA,0,40483
TSS_1414_storz_regulondb,0.1,9,9,TAATCGACCACGGGTCTCAG,0,43883
TSS_1414_storz_regulondb,0.1,9,9,TAATCCTTGCCGGAATACTT,0,31353
TSS_1414_storz_regulondb,0.1,9,9,TAAGTGGACTGCGTTATCAT,0,35931
TSS_1414_storz_regulondb,0.1,9,9,TAAGGGGTGGGAGTTGAATG,0,26664
TSS_1414_storz_regulondb,0.1,9,9,TAAGCGGGAGGCCATCTTCC,0,19096
TSS_1414_storz_regulondb,0.1,9,9,TAAGAGACTAAACCTTCAAA,0,54
TSS_1414_storz_regulondb,0.1,9,9,TAACGTGATCTCAGGTGTCA,0,28853
TSS_1414_storz_regulondb,0.1,9,9,TAACGAATCGAGCCCAGCTC,0,20062
TSS_1414_storz_regulondb,0.1,9,9,TAACCTTGCTCTACCAGAGC,0,54606
TSS_1414_storz_regulondb,0.1,9,9,TAACAGAGACCGCTAAGCCG,0,73964
TSS_1414_storz_regulondb,0.1,9,9,TAAATCCCCTGGGAGCGTTG,0,6816
TSS_1414_storz_regulondb,0.1,9,9,TAAAATGGGGAGAGCCCCCT,0,43084
TSS_1414_storz_regulondb,0.1,9,9,GTTTGGTCGATTCGGCTTCT,0,67277
TSS_1414_storz_regulondb,0.1,9,9,GTTGTTTCAGAGTCACTTTG,0,78927
TSS_1414_storz_regulondb,0.1,9,9,GTTGTGCATGCACCCTCGTA,0,46049
TSS_1414_storz_regulondb,0.1,9,9,GTTGTGATGTATCACCCGTT,0,33361
TSS_1414_storz_regulondb,0.1,9,9,GTTGTGAGGGGGCCTCTCTA,0,71721
TSS_1414_storz_regulondb,0.1,9,9,GTTGGGAGAGTTACTGCTTG,0,55228
TSS_1414_storz_regulondb,0.1,9,9,GTTGGATGCGGCTGAAAAAG,0,20800
TSS_1414_storz_regulondb,0.1,9,9,GTTGAAGACCGGCTATTCTG,0,13297
TSS_1414_storz_regulondb,0.1,9,9,GTTCGGGGATTATCACAGCC,0,31784
TSS_1414_storz_regulondb,0.1,9,9,GTTCATTACCGGGATTGATG,0,26604
TSS_1414_storz_regulondb,0.1,9,9,GTTCACAAGTAGCATGCTTC,0,32887
TSS_1414_storz_regulondb,0.1,9,9,GTTAGCATAGCGCGCTTTAC,0,65148
TSS_1414_storz_regulondb,0.1,9,9,GTGTGCGCCACTGGCAGGGT,0,76179
TSS_1414_storz_regulondb,0.1,9,9,GTGTGCAGCAGTTTAGGGGA,0,49924
TSS_1414_storz_regulondb,0.1,9,9,GTGTCTCCGGGGCCTCCACG,0,46326
TSS_1414_storz_regulondb,0.1,9,9,GTGTCCTCGACTTTTGAGGG,0,40548
TSS_1414_storz_regulondb,0.1,9,9,GTGGTAAGCCCATGAGTACT,0,66390
TSS_1414_storz_regulondb,0.1,9,9,GTGGGGAGCGCTACATGCAA,0,56852
TSS_1414_storz_regulondb,0.1,9,9,GTGGAATCAATGAGTACTTC,0,40021
TSS_1414_storz_regulondb,0.1,9,9,GTGCTTAATATCAGTCCGGT,0,34214
TSS_1414_storz_regulondb,0.1,9,9,GTGCGGCGACGTAGTGTGCA,0,27001
TSS_1414_storz_regulondb,0.1,9,9,GTGCGGATCTGCCTAGCTAC,0,67059
TSS_1414_storz_regulondb,0.1,9,9,GTGCGATGGAGCACGGGACA,0,34857
TSS_1414_storz_regulondb,0.1,9,9,GTGCGACAAAGCCGGCCCTC,0,34859
TSS_1414_storz_regulondb,0.1,9,9,GTGCCGTGCACGCCAGTCCC,0,79670
TSS_1414_storz_regulondb,0.1,9,9,GTGCCCACTGCTTGTAGACA,0,38920
TSS_1414_storz_regulondb,0.1,9,9,GTGCAAGTTACATTAACTGA,0,33017
TSS_1414_storz_regulondb,0.1,9,9,GTGATTAAGTGACAGTGAGG,0,44286
TSS_1414_storz_regulondb,0.1,9,9,GTCTCTCTAAAATTCAACGA,0,3300
TSS_1414_storz_regulondb,0.1,9,9,GTCTCAGCCGCATACAGCTC,0,9876
TSS_1414_storz_regulondb,0.1,9,9,GTCCTAGTGGGCTTTTCATA,0,75266
TSS_1414_storz_regulondb,0.1,9,9,GTCCCGCTTCCGAGGTTACA,0,67477
TSS_1414_storz_regulondb,0.1,9,9,GTCCCGAGTCCGGGATGAAT,0,23209
TSS_1414_storz_regulondb,0.1,9,9,GTCATGTGATAGGGTTGTGC,0,35865
TSS_1414_storz_regulondb,0.1,9,9,GTCACTCCTAGGTAACATCC,0,23865
TSS_1414_storz_regulondb,0.1,9,9,GTCAATGTGATGCCATAGAG,0,10412
TSS_1414_storz_regulondb,0.1,9,9,GTCAATGACCATACAGTCAA,0,11406
TSS_1414_storz_regulondb,0.1,9,9,GTCAATATCCTGCTTCATCG,0,56294
TSS_1414_storz_regulondb,0.1,9,9,GTCAAGTTGACCTCGAGGCC,0,40592
TSS_1414_storz_regulondb,0.1,9,9,GTATGGTATATAGGTAGCAA,0,33668
TSS_1414_storz_regulondb,0.1,9,9,GTATGGATAAATAATCAAGC,0,34232
TSS_1414_storz_regulondb,0.1,9,9,GTATGCCTCGCGCGGCACAT,0,36296
TSS_1414_storz_regulondb,0.1,9,9,GTATCTGAAGGCATATCGTG,0,63323
TSS_1414_storz_regulondb,0.1,9,9,GTATCGATCACACGACCAAA,0,23525
TSS_1414_storz_regulondb,0.1,9,9,GTATCCGTCAGTGTGCATCC,0,16897
TSS_1414_storz_regulondb,0.1,9,9,GTAGTTGGATTCGGAAACAT,0,45842
TSS_1414_storz_regulondb,0.1,9,9,GTAGGTTCGGAATGGGCTGG,0,28883
TSS_1414_storz_regulondb,0.1,9,9,GTAGGCCGCTGCGCCTGGAT,0,21198
TSS_1414_storz_regulondb,0.1,9,9,GTAGCGGTGTAGACGGGATC,0,64896
TSS_1414_storz_regulondb,0.1,9,9,GTAGAAAGCACGAGGCAAGG,0,60118
TSS_1414_storz_regulondb,0.1,9,9,GTACCGCGGGTGCATTATCC,0,57348
TSS_1414_storz_regulondb,0.1,9,9,GTACCCCGGCAATGATATCA,0,11544
TSS_1414_storz_regulondb,0.1,9,9,GTAAGATTGTATAACTCACT,0,3738
TSS_1414_storz_regulondb,0.1,9,9,GTAACACAAAAAATAACCTA,0,79241
TSS_1414_storz_regulondb,0.1,9,9,GGTTTGGGAGAGTTTACATG,0,27877
TSS_1414_storz_regulondb,0.1,9,9,GGTTTGAGCAGGCGTCCTGT,0,56351
TSS_1414_storz_regulondb,0.1,9,9,GGTTGCTCGGTTCTCATGTA,0,62633
TSS_1414_storz_regulondb,0.1,9,9,GGTTATCTCCTGGGATGCTC,0,75317
TSS_1414_storz_regulondb,0.1,9,9,GGTTAGTGGTCCTAAGCACA,0,18711
TSS_1414_storz_regulondb,0.1,9,9,GGTGCATTTCAAGACGCTTG,0,21471
TSS_1414_storz_regulondb,0.1,9,9,GGTGAGCCGAACATGGACTC,0,46857
TSS_1414_storz_regulondb,0.1,9,9,GGTGAGAGGTAACGCCGGAT,0,24357
TSS_1414_storz_regulondb,0.1,9,9,GGTGAAAATCCCTATCAAAC,0,78262
TSS_1414_storz_regulondb,0.1,9,9,GGTCTTCCGACGGGAAAGGA,0,53098
TSS_1414_storz_regulondb,0.1,9,9,GGTCTGTCGAGATTATATAA,0,61938
TSS_1414_storz_regulondb,0.1,9,9,GGTCAATAGAACTCCGTTAC,0,16740
TSS_1414_storz_regulondb,0.1,9,9,GGTATACGGCTAAACAGGTC,0,69596
TSS_1414_storz_regulondb,0.1,9,9,GGTAGGGTGTTCGGCGTCCA,0,44718
TSS_1414_storz_regulondb,0.1,9,9,GGTAGCACCGAGCTGGCGGG,0,63598
TSS_1414_storz_regulondb,0.1,9,9,GGTACTTAAGGATTGGCAAT,0,68106
TSS_1414_storz_regulondb,0.1,9,9,GGTACTGGGACGTATATGAG,0,2910
TSS_1414_storz_regulondb,0.1,9,9,GGTAAATTATCCTATTCCGT,0,9343
TSS_1414_storz_regulondb,0.1,9,9,GGTAAATCTGAGGTCGTGTA,0,64539
TSS_1414_storz_regulondb,0.1,9,9,GGGTGCAGGGGCAAGGACAA,0,48212
TSS_1414_storz_regulondb,0.1,9,9,GGGTGAGTCATTGAGTTCTT,0,43780
TSS_1414_storz_regulondb,0.1,9,9,GGGTCGGAACCTTTTGCATA,0,65791
TSS_1414_storz_regulondb,0.1,9,9,GGGTCGCTGTCCATGAGATT,0,37056
TSS_1414_storz_regulondb,0.1,9,9,GGGGTATTTCAGAGAAAGGA,0,4604
TSS_1414_storz_regulondb,0.1,9,9,GGGGTATCTATGTAGCAGTG,0,59639
TSS_1414_storz_regulondb,0.1,9,9,GGGGGGTAGGCATGGAACAC,0,16693
TSS_1414_storz_regulondb,0.1,9,9,GGGGCTTTGAGTTGGGATCA,0,41297
TSS_1414_storz_regulondb,0.1,9,9,GGGGCTGTTGGCAGTGCGTG,0,65787
TSS_1414_storz_regulondb,0.1,9,9,GGGGCACATGTAGTAAAAAC,0,28832
TSS_1414_storz_regulondb,0.1,9,9,GGGGAGAACCTCACTGGTCC,0,46836
TSS_1414_storz_regulondb,0.1,9,9,GGGCGAGCTGGCTGCAATGT,0,999
TSS_1414_storz_regulondb,0.1,9,9,GGGCAGGTGCAAGGGCTCTT,0,55149
TSS_1414_storz_regulondb,0.1,9,9,GGGATAAGGTCTGGTTCAAA,0,16933
TSS_1414_storz_regulondb,0.1,9,9,GGGAGTCGCTCAAGAACCGT,0,55436
TSS_1414_storz_regulondb,0.1,9,9,GGGACGTACGTGTACCGACG,0,2178
TSS_1414_storz_regulondb,0.1,9,9,GGGAAAGAGGGTTATATTGA,0,30454
TSS_1414_storz_regulondb,0.1,9,9,GGCTTCGGCTTATTTTAGCC,0,24894
TSS_1414_storz_regulondb,0.1,9,9,GGCTTACCGGTGTTCGAATA,0,43073
TSS_1414_storz_regulondb,0.1,9,9,GGCTTAATATGCGAGTACCA,0,53537
TSS_1414_storz_regulondb,0.1,9,9,GGCTGCAAGTAGTGTCTGGT,0,70712
TSS_1414_storz_regulondb,0.1,9,9,GGCTCTGTCGTCTCCTGTTT,0,10639
TSS_1414_storz_regulondb,0.1,9,9,GGCTCTGCAGAGTAAAACAA,0,16229
TSS_1414_storz_regulondb,0.1,9,9,GGCTCTGATCCATCTGTGTC,0,15594
TSS_1414_storz_regulondb,0.1,9,9,GGCTCCTGTCCTGGCGTTAC,0,21607
TSS_1414_storz_regulondb,0.1,9,9,GGCGGCATGGCTCTATTGAG,0,17774
TSS_1414_storz_regulondb,0.1,9,9,GGCGGAAGTTAGAGGATCGT,0,43443
TSS_1414_storz_regulondb,0.1,9,9,GGCGCCCCACTTTAAGCTAT,0,32452
TSS_1414_storz_regulondb,0.1,9,9,GGCCTTTTGCCACAACTCGG,0,4748
TSS_1414_storz_regulondb,0.1,9,9,GGCCGGGTGTTGTCCGTATC,0,67597
TSS_1414_storz_regulondb,0.1,9,9,GGCAGTTTTAAGCAAAGGTC,0,40119
TSS_1414_storz_regulondb,0.1,9,9,GGATTGTTGACGGCCGCTCA,0,67878
TSS_1414_storz_regulondb,0.1,9,9,GGATTATCTTATAAAATTAC,0,66370
TSS_1414_storz_regulondb,0.1,9,9,GGATACGACGTGCTTGACGA,0,57778
TSS_1414_storz_regulondb,0.1,9,9,GGATAAACTTGGCTGGCGGT,0,24831
TSS_1414_storz_regulondb,0.1,9,9,GGAGTACATTCGGGTGTTCC,0,64907
TSS_1414_storz_regulondb,0.1,9,9,GGAGCCGACGCAGACCGCAT,0,36657
TSS_1414_storz_regulondb,0.1,9,9,GGAGCATTTGGTGGAGGCTT,0,2434
TSS_1414_storz_regulondb,0.1,9,9,GGAGATTTGTCTAAGAAGGT,0,67097
TSS_1414_storz_regulondb,0.1,9,9,GGAGATTCTGGACCTGCATA,0,66709
TSS_1414_storz_regulondb,0.1,9,9,GGAGACTAGGGCAGTAAACC,0,35228
TSS_1414_storz_regulondb,0.1,9,9,GGAGACGTATATCTATACTA,0,27454
TSS_1414_storz_regulondb,0.1,9,9,GGAGAACGCACGTACTCCCT,0,68343
TSS_1414_storz_regulondb,0.1,9,9,GGACGGCCAAACCATGCGAC,0,8115
TSS_1414_storz_regulondb,0.1,9,9,GGACATATCGCGGCCCACGT,0,791
TSS_1414_storz_regulondb,0.1,9,9,GGACACGAGAAAAGTAAAAA,0,64633
TSS_1414_storz_regulondb,0.1,9,9,GCTTTTTGACTGAAGTATTA,0,78778
TSS_1414_storz_regulondb,0.1,9,9,GCTTTCCTTCCGATAGGATT,0,61862
TSS_1414_storz_regulondb,0.1,9,9,GCTTCGCCCCCAGAGTATCA,0,46443
TSS_1414_storz_regulondb,0.1,9,9,GCTTAGGGGCGCGCTTCACC,0,47533
TSS_1414_storz_regulondb,0.1,9,9,GCTTAGCAGACATCAGGTAA,0,23045
TSS_1414_storz_regulondb,0.1,9,9,GCTTAAGTCGGATATGAATG,0,74803
TSS_1414_storz_regulondb,0.1,9,9,GCTGTCTGCATTACTAAGCG,0,60771
TSS_1414_storz_regulondb,0.1,9,9,GCTGCTAAGGTTACGCCAAA,0,11064
TSS_1414_storz_regulondb,0.1,9,9,GCTGCCACTACTGGGGCCAC,0,46186
TSS_1414_storz_regulondb,0.1,9,9,GCTGCATTTGTGCGTAGAAG,0,66551
TSS_1414_storz_regulondb,0.1,9,9,GCTCTGTCGCTCTCGCACGG,0,70635
TSS_1414_storz_regulondb,0.1,9,9,GCTCTCTTAAATTCCACCTC,0,29600
TSS_1414_storz_regulondb,0.1,9,9,GCTCGAGTTGCGCTCCGTAG,0,76440
TSS_1414_storz_regulondb,0.1,9,9,GCTATAGCCTATCAGCGGTT,0,51530
TSS_1414_storz_regulondb,0.1,9,9,GCTAGTCATCCCGCTGACTG,0,70308
TSS_1414_storz_regulondb,0.1,9,9,GCTAGAGTCATCGTTCAACA,0,34896
TSS_1414_storz_regulondb,0.1,9,9,GCGTTTAGGTATGTGTCACG,0,37735
TSS_1414_storz_regulondb,0.1,9,9,GCGTTCTCGGCCGCCGAGAA,0,32463
TSS_1414_storz_regulondb,0.1,9,9,GCGTGTGGGCGCCCTCGGGA,0,51080
TSS_1414_storz_regulondb,0.1,9,9,GCGGGGCGACGCCTACTACG,0,26173
TSS_1414_storz_regulondb,0.1,9,9,GCGGCGCTGAAACCAGATCT,0,28972
TSS_1414_storz_regulondb,0.1,9,9,GCGGCGACGGCGCATTCTAT,0,37730
TSS_1414_storz_regulondb,0.1,9,9,GCGGCCGTGATCATGCGCGG,0,49506
TSS_1414_storz_regulondb,0.1,9,9,GCGGCAGCCAAGTACTGAAC,0,2249
TSS_1414_storz_regulondb,0.1,9,9,GCGCTATTACTCCCCTTGTG,0,63574
TSS_1414_storz_regulondb,0.1,9,9,GCGCGGCTTTGTAAGCCTCA,0,13469
TSS_1414_storz_regulondb,0.1,9,9,GCGCCCGCCCACCTCGACGG,0,75909
TSS_1414_storz_regulondb,0.1,9,9,GCGCATAAGAGGAAGTCACG,0,32438
TSS_1414_storz_regulondb,0.1,9,9,GCGCACAATTTGTGGCGGAA,0,7411
TSS_1414_storz_regulondb,0.1,9,9,GCGATGAAAGTTCGACGAGC,0,3437
TSS_1414_storz_regulondb,0.1,9,9,GCGAGCTCTTGGGGAGCGGT,0,58191
TSS_1414_storz_regulondb,0.1,9,9,GCGACCAGATGGAGAGCTAT,0,13020
TSS_1414_storz_regulondb,0.1,9,9,GCGAATGGATCTCAAGTGGA,0,40020
TSS_1414_storz_regulondb,0.1,9,9,GCGAATCGTTGGTGCTCCAG,0,69568
TSS_1414_storz_regulondb,0.1,9,9,GCCTTTACGATTGCACCCTG,0,40216
TSS_1414_storz_regulondb,0.1,9,9,GCCTGTGACCCCTATTGAAC,0,48812
TSS_1414_storz_regulondb,0.1,9,9,GCCTGAACGCTTCATATGAA,0,48464
TSS_1414_storz_regulondb,0.1,9,9,GCCTCTCAACCACAAAAGGT,0,1510
TSS_1414_storz_regulondb,0.1,9,9,GCCGCAAGGCAAGACGGGAC,0,28679
TSS_1414_storz_regulondb,0.1,9,9,GCCGAGGCATTGAGTTAGTG,0,76648
TSS_1414_storz_regulondb,0.1,9,9,GCCCTACTGGTTGAAAAGAA,0,78034
TSS_1414_storz_regulondb,0.1,9,9,GCCCCGATTGACAAAATCGC,0,51
TSS_1414_storz_regulondb,0.1,9,9,GCCACGGTCTATCAAAGGGA,0,44385
TSS_1414_storz_regulondb,0.1,9,9,GCCACACAGAAGCGAAGGCA,0,59056
TSS_1414_storz_regulondb,0.1,9,9,GCCAAGGGAGAGAACTGCGT,0,30381
TSS_1414_storz_regulondb,0.1,9,9,GCATGCATTTGCTTACCCGT,0,14580
TSS_1414_storz_regulondb,0.1,9,9,GCATCGCGAGCTCACAATAG,0,11063
TSS_1414_storz_regulondb,0.1,9,9,GCATCGCCTCCGTTCGGAAT,0,13309
TSS_1414_storz_regulondb,0.1,9,9,GCATCCCCATATATAATGCC,0,47217
TSS_1414_storz_regulondb,0.1,9,9,GCATCATAAGAACGGGGTCG,0,36734
TSS_1414_storz_regulondb,0.1,9,9,GCATATAACTGTTACTTGCG,0,35882
TSS_1414_storz_regulondb,0.1,9,9,GCATAGCGGAGAATACAGGA,0,72662
TSS_1414_storz_regulondb,0.1,9,9,GCATAACGTAAGCATGTGTA,0,18850
TSS_1414_storz_regulondb,0.1,9,9,GCATAAATTCCTATACTAGA,0,51621
TSS_1414_storz_regulondb,0.1,9,9,GCAGTTTCGTCCTGTTGTTA,0,64880
TSS_1414_storz_regulondb,0.1,9,9,GCAGCGCAACAGCTTTTGCT,0,12281
TSS_1414_storz_regulondb,0.1,9,9,GCACGTCGCCCTACGCGCGA,0,51455
TSS_1414_storz_regulondb,0.1,9,9,GCACCATCGGGTAGGCTAGG,0,77809
TSS_1414_storz_regulondb,0.1,9,9,GCACCAGGTGTGCAATACTA,0,7307
TSS_1414_storz_regulondb,0.1,9,9,GCAAGGAGCTCTGTGAAATA,0,38669
TSS_1414_storz_regulondb,0.1,9,9,GCAAGCCCATTAATGTGGGG,0,32867
TSS_1414_storz_regulondb,0.1,9,9,GCAAGACCTCACGAAATGCA,0,36602
TSS_1414_storz_regulondb,0.1,9,9,GATTTATTCGTACGAAATAT,0,61520
TSS_1414_storz_regulondb,0.1,9,9,GATTGGCTGTGCCATCCCAA,0,13255
TSS_1414_storz_regulondb,0.1,9,9,GATTGACACCAAGTTAATAA,0,25023
TSS_1414_storz_regulondb,0.1,9,9,GATTCTGACCGTGTGGAGTG,0,71088
TSS_1414_storz_regulondb,0.1,9,9,GATTCCCACTCGCAAAAGTC,0,71576
TSS_1414_storz_regulondb,0.1,9,9,GATTAGGAGGAACAGGGCCC,0,5926
TSS_1414_storz_regulondb,0.1,9,9,GATGCCCTGATTAGTGGATT,0,69224
TSS_1414_storz_regulondb,0.1,9,9,GATCTATATAGGCACCGTTC,0,16657
TSS_1414_storz_regulondb,0.1,9,9,GATCGTCCGACGGAAAAGAT,0,73495
TSS_1414_storz_regulondb,0.1,9,9,GATCGGTGCTGCTCGCCCAA,0,51545
TSS_1414_storz_regulondb,0.1,9,9,GATCGCGTAGGGATATCCTT,0,77016
TSS_1414_storz_regulondb,0.1,9,9,GATCCTATGTTAACTAAGAC,0,23580
TSS_1414_storz_regulondb,0.1,9,9,GATAGAGGCATTCGCGTAAT,0,47590
TSS_1414_storz_regulondb,0.1,9,9,GATAACCCGTCCACTGCGGC,0,26056
TSS_1414_storz_regulondb,0.1,9,9,GAGTTGATTATGGCTGCGTG,0,3951
TSS_1414_storz_regulondb,0.1,9,9,GAGTATGAGCATTATATTTC,0,9100
TSS_1414_storz_regulondb,0.1,9,9,GAGTAAGCTACTCACGGAGC,0,34426
TSS_1414_storz_regulondb,0.1,9,9,GAGGTCTTGCTAACCTGAGT,0,12656
TSS_1414_storz_regulondb,0.1,9,9,GAGGTAGTATGCATTGTAGT,0,60851
TSS_1414_storz_regulondb,0.1,9,9,GAGCGGGATCAGTACGGCAA,0,34789
TSS_1414_storz_regulondb,0.1,9,9,GAGCCCGACTGTACATGGGT,0,15331
TSS_1414_storz_regulondb,0.1,9,9,GAGCAGTGTCCTACGTACCA,0,68890
TSS_1414_storz_regulondb,0.1,9,9,GAGCAGTCAACAACGAGCTT,0,66722
TSS_1414_storz_regulondb,0.1,9,9,GAGAACACACGTCGCCCAGG,0,52309
TSS_1414_storz_regulondb,0.1,9,9,GACTTTTCACGTTGCAAACA,0,70902
TSS_1414_storz_regulondb,0.1,9,9,GACTTTAGAGTATCCTATAT,0,73681
TSS_1414_storz_regulondb,0.1,9,9,GACTGGCCAGCTCACGGAAT,0,60268
TSS_1414_storz_regulondb,0.1,9,9,GACTCGTGTCTATAAAGGCT,0,61917
TSS_1414_storz_regulondb,0.1,9,9,GACTAGCCAAGTGGCGGTGC,0,68944
TSS_1414_storz_regulondb,0.1,9,9,GACTAAACAGTCCGAAGCGT,0,50168
TSS_1414_storz_regulondb,0.1,9,9,GACGTGATCGAAGATCCGTG,0,13784
TSS_1414_storz_regulondb,0.1,9,9,GACGGCGTATGGTCCTACTG,0,46675
TSS_1414_storz_regulondb,0.1,9,9,GACGCAGGCTGTAGGTCGTA,0,60722
TSS_1414_storz_regulondb,0.1,9,9,GACCTTTAAACATGAGTTAG,0,77955
TSS_1414_storz_regulondb,0.1,9,9,GACCTAATGCCTTAAAGCGA,0,6133
TSS_1414_storz_regulondb,0.1,9,9,GACCGTGACCACTTCGGGCT,0,29801
TSS_1414_storz_regulondb,0.1,9,9,GACCGCATATGTCAATGAAC,0,56920
TSS_1414_storz_regulondb,0.1,9,9,GACCATCTACAGGAGCCAAC,0,15443
TSS_1414_storz_regulondb,0.1,9,9,GACCACCGTACCATGGGGTT,0,12634
TSS_1414_storz_regulondb,0.1,9,9,GACCAAGCTTACAAGTGCAC,0,21912
TSS_1414_storz_regulondb,0.1,9,9,GACATTTCGTGTCTACCCAG,0,13383
TSS_1414_storz_regulondb,0.1,9,9,GACATAGCGGGGAAGCGACC,0,45121
TSS_1414_storz_regulondb,0.1,9,9,GACATACGACAAGCGTGCTT,0,48418
TSS_1414_storz_regulondb,0.1,9,9,GACAGGTCACTACTTAGCTG,0,2114
TSS_1414_storz_regulondb,0.1,9,9,GACAGGAGTTCATCGTCACT,0,46148
TSS_1414_storz_regulondb,0.1,9,9,GACAAGTGATACCCTACTAA,0,23246
TSS_1414_storz_regulondb,0.1,9,9,GACAACACAAATTCCAACTT,0,65331
TSS_1414_storz_regulondb,0.1,9,9,GAATTTCGACATTCGAAGTT,0,14962
TSS_1414_storz_regulondb,0.1,9,9,GAATTGAGGTCTTCACAATC,0,5383
TSS_1414_storz_regulondb,0.1,9,9,GAATGAGGTGGCCCTGAACT,0,70338
TSS_1414_storz_regulondb,0.1,9,9,GAAGTTGTTTAGGCAGGGCT,0,7643
TSS_1414_storz_regulondb,0.1,9,9,GAACGGTGGCCTCTATTGCA,0,3488
TSS_1414_storz_regulondb,0.1,9,9,GAACCGCAGCTGATCAAGAT,0,77373
TSS_1414_storz_regulondb,0.1,9,9,GAAAGCGAGTATCTAGAGGT,0,44487
TSS_1414_storz_regulondb,0.1,9,9,GAAACCGTGACGTTAGAAGC,0,11327
TSS_1414_storz_regulondb,0.1,9,9,GAAAACCCGCTACCTGAGCA,0,41218
TSS_1414_storz_regulondb,0.1,9,9,CTTTGGTCCTTGGAGGATTG,0,8909
TSS_1414_storz_regulondb,0.1,9,9,CTTTCTCTTCAAAATCACAG,0,32406
TSS_1414_storz_regulondb,0.1,9,9,CTTTCGTGGCAGGTACTGGC,0,20754
TSS_1414_storz_regulondb,0.1,9,9,CTTGTAGCTAGAGTCCTAAC,0,52022
TSS_1414_storz_regulondb,0.1,9,9,CTTGGGAGTCGGTTTGTCTT,0,14001
TSS_1414_storz_regulondb,0.1,9,9,CTTGGAAGTACAGCAAACCT,0,9600
TSS_1414_storz_regulondb,0.1,9,9,CTTGCAGTGCCCGTGATAAA,0,5403
TSS_1414_storz_regulondb,0.1,9,9,CTTCGGAATGCGCGAAACGC,0,63534
TSS_1414_storz_regulondb,0.1,9,9,CTTAGCTACCCTCTGGCCGT,0,76839
TSS_1414_storz_regulondb,0.1,9,9,CTTAGAATCAAACCAAGGTT,0,16962
TSS_1414_storz_regulondb,0.1,9,9,CTTAAACGGTTTTCGAAGTG,0,68975
TSS_1414_storz_regulondb,0.1,9,9,CTGTTGGGCACACTACCAAC,0,10611
TSS_1414_storz_regulondb,0.1,9,9,CTGTGGTGCCTATCATATAC,0,20696
TSS_1414_storz_regulondb,0.1,9,9,CTGTCCGTAGTCTCTTGGCA,0,73145
TSS_1414_storz_regulondb,0.1,9,9,CTGGGTTGACAGTGCGCAAT,0,39802
TSS_1414_storz_regulondb,0.1,9,9,CTGGGTGTGGCGTTAGTCCA,0,65003
TSS_1414_storz_regulondb,0.1,9,9,CTGGCCCGGGTCACTACCGG,0,74051
TSS_1414_storz_regulondb,0.1,9,9,CTGGAGTGGGACAGATTCGG,0,28479
TSS_1414_storz_regulondb,0.1,9,9,CTGCCGGCCACAAAGAAAAA,0,13963
TSS_1414_storz_regulondb,0.1,9,9,CTGATGTGTGCGCTTCGGGC,0,78522
TSS_1414_storz_regulondb,0.1,9,9,CTGACAAAATAAGTCCGGGT,0,4516
TSS_1414_storz_regulondb,0.1,9,9,CTGAAGTTTTATACGTACTC,0,46779
TSS_1414_storz_regulondb,0.1,9,9,CTGAAGGGGCACGTGCCGGG,0,40930
TSS_1414_storz_regulondb,0.1,9,9,CTCTTTAGCATCGGCAATAT,0,49680
TSS_1414_storz_regulondb,0.1,9,9,CTCTACAATTAATCTGTGAA,0,61107
TSS_1414_storz_regulondb,0.1,9,9,CTCGGAGAAGTATGCTCCAA,0,30873
TSS_1414_storz_regulondb,0.1,9,9,CTCGGAACAATAATTGGCCT,0,43256
TSS_1414_storz_regulondb,0.1,9,9,CTCCTCCTATACAGTTAGAA,0,30509
TSS_1414_storz_regulondb,0.1,9,9,CTCCGGTCGTTCGTGATGAT,0,10757
TSS_1414_storz_regulondb,0.1,9,9,CTCATGGCATGGCCGTTGGA,0,30501
TSS_1414_storz_regulondb,0.1,9,9,CTCAGGCACCATCTTTAAGG,0,10839
TSS_1414_storz_regulondb,0.1,9,9,CTCACGGGCACCCCGTTCGA,0,54569
TSS_1414_storz_regulondb,0.1,9,9,CTATCGGTAGTCAGGTAGTC,0,47467
TSS_1414_storz_regulondb,0.1,9,9,CTATCCTCGCTGGTGCAAGC,0,28470
TSS_1414_storz_regulondb,0.1,9,9,CTATATAGCTCCCCGTCGTG,0,53884
TSS_1414_storz_regulondb,0.1,9,9,CTATACGACATGTACCTTAA,0,74665
TSS_1414_storz_regulondb,0.1,9,9,CTAGTGCCCTGATTGGTAGG,0,23189
TSS_1414_storz_regulondb,0.1,9,9,CTAGCTTAGGTGGTTCAATT,0,45666
TSS_1414_storz_regulondb,0.1,9,9,CTACGGCCGCCCCAAACCAC,0,45774
TSS_1414_storz_regulondb,0.1,9,9,CTACGCCCCTCCTGTTATAG,0,74226
TSS_1414_storz_regulondb,0.1,9,9,CTACCTCGATTAGCGTATGA,0,9125
TSS_1414_storz_regulondb,0.1,9,9,CTACCTCCTGCGGTCAAAAG,0,46835
TSS_1414_storz_regulondb,0.1,9,9,CTACCGCTTTACGGTTTCTC,0,62767
TSS_1414_storz_regulondb,0.1,9,9,CTACCCTATCCACCCTGGAA,0,44992
TSS_1414_storz_regulondb,0.1,9,9,CTACAACAAGTCGTATATAC,0,32255
TSS_1414_storz_regulondb,0.1,9,9,CTAATTGCTCGGCGTCAGAG,0,33597
TSS_1414_storz_regulondb,0.1,9,9,CTAATGCGCCAGACCATGCA,0,70578
TSS_1414_storz_regulondb,0.1,9,9,CTAAGTCTATGGGACAGCAT,0,73168
TSS_1414_storz_regulondb,0.1,9,9,CTAACCACACACGTCCCAAT,0,78780
TSS_1414_storz_regulondb,0.1,9,9,CGTTTCTGCGAGCTTGTCAT,0,42656
TSS_1414_storz_regulondb,0.1,9,9,CGTTCTTAACGTATTTGCTG,0,42503
TSS_1414_storz_regulondb,0.1,9,9,CGTTCCGTTGGTTATGGATA,0,52361
TSS_1414_storz_regulondb,0.1,9,9,CGTTCAGGGCCATCTCTTAT,0,32407
TSS_1414_storz_regulondb,0.1,9,9,CGTTAATCGGATGCGGCCGT,0,60781
TSS_1414_storz_regulondb,0.1,9,9,CGTGGCTGGAGTGGTGTGTA,0,80855
TSS_1414_storz_regulondb,0.1,9,9,CGTGGAGGTCCGAGGGGCTC,0,17002
TSS_1414_storz_regulondb,0.1,9,9,CGTGGACGACCTATAGCGTT,0,44933
TSS_1414_storz_regulondb,0.1,9,9,CGTGCGCGTGGTGTGACGGA,0,81069
TSS_1414_storz_regulondb,0.1,9,9,CGTGCGAACCGGCGATTGAC,0,51045
TSS_1414_storz_regulondb,0.1,9,9,CGTGAAGCGCTCTGGACACT,0,13221
TSS_1414_storz_regulondb,0.1,9,9,CGTCGTCTGCGGTCATTTAA,0,63920
TSS_1414_storz_regulondb,0.1,9,9,CGTCGGCGTATCCTTCGACA,0,46172
TSS_1414_storz_regulondb,0.1,9,9,CGTCCTACGTCCCTCGGTTA,0,76098
TSS_1414_storz_regulondb,0.1,9,9,CGTCCCAGAGGATTGCTAGA,0,57626
TSS_1414_storz_regulondb,0.1,9,9,CGTCAGATCCATCTGTTTTC,0,44391
TSS_1414_storz_regulondb,0.1,9,9,CGTATCTAGCTTAGGTATGT,0,17436
TSS_1414_storz_regulondb,0.1,9,9,CGTACGAGGCGGTTGATCGA,0,80112
TSS_1414_storz_regulondb,0.1,9,9,CGTACCAGTATACCAGGGCA,0,67536
TSS_1414_storz_regulondb,0.1,9,9,CGGTTGCTCAATATGTTGAA,0,26313
TSS_1414_storz_regulondb,0.1,9,9,CGGTGACTACGTCAAAGTTA,0,63759
TSS_1414_storz_regulondb,0.1,9,9,CGGTCCTGCGGCCAATTTCC,0,72909
TSS_1414_storz_regulondb,0.1,9,9,CGGTAGCGGAGGCCTATTGT,0,54988
TSS_1414_storz_regulondb,0.1,9,9,CGGTACGTCTTGCATACCAC,0,55643
TSS_1414_storz_regulondb,0.1,9,9,CGGGTTGTGACTTCAAGCAA,0,468
TSS_1414_storz_regulondb,0.1,9,9,CGGGTACCACAATTACCTTC,0,64028
TSS_1414_storz_regulondb,0.1,9,9,CGGGGGTCTCTAACGGTTAA,0,46684
TSS_1414_storz_regulondb,0.1,9,9,CGGGGGGTCCGGATGCGAGA,0,54654
TSS_1414_storz_regulondb,0.1,9,9,CGGGGGCTAGATGAGCCAAG,0,40231
TSS_1414_storz_regulondb,0.1,9,9,CGGGCGGTGCCTTTCCGACT,0,25790
TSS_1414_storz_regulondb,0.1,9,9,CGGGATCGATTGTCCAGCGA,0,21116
TSS_1414_storz_regulondb,0.1,9,9,CGGCGCCGGTCAGCCCTGTT,0,34616
TSS_1414_storz_regulondb,0.1,9,9,CGGCCAGGCATTGGTCAATC,0,70750
TSS_1414_storz_regulondb,0.1,9,9,CGGCAGCGAAGAGTCTGCTA,0,63304
TSS_1414_storz_regulondb,0.1,9,9,CGGATAGAGACTACTAAATG,0,32351
TSS_1414_storz_regulondb,0.1,9,9,CGGAAAGCTAGCGAATCTTG,0,48738
TSS_1414_storz_regulondb,0.1,9,9,CGCTTCCTTGAGGTCAAAGA,0,41335
TSS_1414_storz_regulondb,0.1,9,9,CGCTGGGTTCGACGCCTCAT,0,71650
TSS_1414_storz_regulondb,0.1,9,9,CGCTGCTGCGGGGCAGAGTC,0,50814
TSS_1414_storz_regulondb,0.1,9,9,CGCTCCTGTAACTTGGGGAG,0,24885
TSS_1414_storz_regulondb,0.1,9,9,CGCTCATTCGCCGCACACCT,0,70995
TSS_1414_storz_regulondb,0.1,9,9,CGCTATACATATGTTTTACT,0,26644
TSS_1414_storz_regulondb,0.1,9,9,CGCTAAGAACTGGCCTAACT,0,77636
TSS_1414_storz_regulondb,0.1,9,9,CGCTAACCGGTAACTTATAG,0,22859
TSS_1414_storz_regulondb,0.1,9,9,CGCGGGGGCTTCCCCTGATT,0,131
TSS_1414_storz_regulondb,0.1,9,9,CGCGGCGGCGAAAGAAAGGA,0,38151
TSS_1414_storz_regulondb,0.1,9,9,CGCGAGGGGGGATAGTGTGG,0,47230
TSS_1414_storz_regulondb,0.1,9,9,CGCGAGCTACCAGCCTGCCG,0,3816
TSS_1414_storz_regulondb,0.1,9,9,CGCCTTCAGCTACAAGTCAT,0,12042
TSS_1414_storz_regulondb,0.1,9,9,CGCCTTATCCTAGTGGAAAG,0,21011
TSS_1414_storz_regulondb,0.1,9,9,CGCCGGGCTTTAGCAATTAT,0,46247
TSS_1414_storz_regulondb,0.1,9,9,CGCCCGATTCGAGGTTAGGT,0,44620
TSS_1414_storz_regulondb,0.1,9,9,CGCCAGATCTTTGGGGGGCT,0,3238
TSS_1414_storz_regulondb,0.1,9,9,CGCCAGAGAAATCGTGTAAA,0,55223
TSS_1414_storz_regulondb,0.1,9,9,CGCATGTTCTCAAAGGGTTT,0,32746
TSS_1414_storz_regulondb,0.1,9,9,CGCACGGGTCAGTCGGGTCA,0,74949
TSS_1414_storz_regulondb,0.1,9,9,CGCACACCCAACCAATAGGG,0,80853
TSS_1414_storz_regulondb,0.1,9,9,CGATTTCCAACGTGCATACG,0,1894
TSS_1414_storz_regulondb,0.1,9,9,CGATGTGTGAATCTCAGAGT,0,31902
TSS_1414_storz_regulondb,0.1,9,9,CGATGATATCAAGGTTACTC,0,71111
TSS_1414_storz_regulondb,0.1,9,9,CGATCTGTCTCGGCCGCCGT,0,17715
TSS_1414_storz_regulondb,0.1,9,9,CGATCCAGCACGGGGTTTTT,0,80614
TSS_1414_storz_regulondb,0.1,9,9,CGAGTCTAAAATCCGGGGTA,0,71487
TSS_1414_storz_regulondb,0.1,9,9,CGAGGGAAGGTCCGACAAGG,0,42267
TSS_1414_storz_regulondb,0.1,9,9,CGAGCCATCCTAGCCATGTA,0,75557
TSS_1414_storz_regulondb,0.1,9,9,CGAGAGATGCGATCGGAGAA,0,21546
TSS_1414_storz_regulondb,0.1,9,9,CGAGACAAGTCATGGGGAGC,0,30465
TSS_1414_storz_regulondb,0.1,9,9,CGACATAAAAGGGTAAATGT,0,15749
TSS_1414_storz_regulondb,0.1,9,9,CGACAGACGCACGTGCTTGT,0,25364
TSS_1414_storz_regulondb,0.1,9,9,CGACACAGCCTGACTACAAA,0,56251
TSS_1414_storz_regulondb,0.1,9,9,CGAATATTTGAAAAGCATTT,0,19057
TSS_1414_storz_regulondb,0.1,9,9,CGAAGGCCAGAGAGCTTCCA,0,4467
TSS_1414_storz_regulondb,0.1,9,9,CGAAAATAAAGCTGCTTCGT,0,46794
TSS_1414_storz_regulondb,0.1,9,9,CGAAAAAGCAGCATCAGTAC,0,70640
TSS_1414_storz_regulondb,0.1,9,9,CCTTGCCCCGACGATGTTTC,0,43002
TSS_1414_storz_regulondb,0.1,9,9,CCTTAGCCTGCATATACGAT,0,43110
TSS_1414_storz_regulondb,0.1,9,9,CCTTAATTATTAAAAGTTTC,0,67551
TSS_1414_storz_regulondb,0.1,9,9,CCTTAATACATGTGTCAACA,0,459
TSS_1414_storz_regulondb,0.1,9,9,CCTGGTGTCTATTAAACGGT,0,29122
TSS_1414_storz_regulondb,0.1,9,9,CCTGGGACCCATAGGCGCAG,0,13050
TSS_1414_storz_regulondb,0.1,9,9,CCTGGCGTCCGATATTATGA,0,42460
TSS_1414_storz_regulondb,0.1,9,9,CCTCCGTCTTTAGACGGAAA,0,70672
TSS_1414_storz_regulondb,0.1,9,9,CCTCCGCCACACGCTATTGC,0,69872
TSS_1414_storz_regulondb,0.1,9,9,CCTCCATTACCTGTCCTATG,0,68043
TSS_1414_storz_regulondb,0.1,9,9,CCTAGTATACGGCGAAACGA,0,50522
TSS_1414_storz_regulondb,0.1,9,9,CCTAGGCAATGTAGCGGTAG,0,63492
TSS_1414_storz_regulondb,0.1,9,9,CCTAGAGCGATCGGAAGCAG,0,51978
TSS_1414_storz_regulondb,0.1,9,9,CCGTGGGTCCGGGAAGGGCG,0,34342
TSS_1414_storz_regulondb,0.1,9,9,CCGTAGCCATCTAAATTGGC,0,35053
TSS_1414_storz_regulondb,0.1,9,9,CCGTAGAAACTTCAGTGGTA,0,41804
TSS_1414_storz_regulondb,0.1,9,9,CCGGGTCCTCGCTCTAATGA,0,13662
TSS_1414_storz_regulondb,0.1,9,9,CCGGCTGGCTTCTGGGGCAA,0,20728
TSS_1414_storz_regulondb,0.1,9,9,CCGGCACCGGTGTAACACTG,0,16988
TSS_1414_storz_regulondb,0.1,9,9,CCGGACTACTTCACTGAATA,0,44427
TSS_1414_storz_regulondb,0.1,9,9,CCGCGTCACTAAACTGGGAC,0,48379
TSS_1414_storz_regulondb,0.1,9,9,CCGCGATGAACATAACTGTA,0,28037
TSS_1414_storz_regulondb,0.1,9,9,CCGCCGATGACTAGGGGCTA,0,16135
TSS_1414_storz_regulondb,0.1,9,9,CCGCAACCGGTCTCAATTAT,0,14280
TSS_1414_storz_regulondb,0.1,9,9,CCGATGGTCCTGTTGAGCAT,0,77828
TSS_1414_storz_regulondb,0.1,9,9,CCGACTCGGTGATATTCACT,0,1707
TSS_1414_storz_regulondb,0.1,9,9,CCGACCTTCCAAGCATATCT,0,80387
TSS_1414_storz_regulondb,0.1,9,9,CCGAAAGGGACGGTGGTCTT,0,37663
TSS_1414_storz_regulondb,0.1,9,9,CCCTTATGCGCACGGGGGAC,0,69554
TSS_1414_storz_regulondb,0.1,9,9,CCCTGTCTGTGGATAAGCCT,0,3621
TSS_1414_storz_regulondb,0.1,9,9,CCCGTTGGCATACGCCAGCA,0,11075
TSS_1414_storz_regulondb,0.1,9,9,CCCGTGACCTGCGCAGAGAA,0,80343
TSS_1414_storz_regulondb,0.1,9,9,CCCGGAGTGTTTCGGCCGGG,0,70990
TSS_1414_storz_regulondb,0.1,9,9,CCCGCGTACCATAATTACAG,0,55874
TSS_1414_storz_regulondb,0.1,9,9,CCCCTTACAATCAAGGCACC,0,161
TSS_1414_storz_regulondb,0.1,9,9,CCCCGTAAAGTAATTGCGAG,0,19421
TSS_1414_storz_regulondb,0.1,9,9,CCCCGGCTAGAGAAATCTTC,0,77701
TSS_1414_storz_regulondb,0.1,9,9,CCCACTCCAAGACCATGATC,0,55896
TSS_1414_storz_regulondb,0.1,9,9,CCCACCGGAACTGGCGGGTT,0,65196
TSS_1414_storz_regulondb,0.1,9,9,CCATTCTATGCAACCGGGGA,0,49557
TSS_1414_storz_regulondb,0.1,9,9,CCATGGTAGGTATATGATGA,0,33431
TSS_1414_storz_regulondb,0.1,9,9,CCATGATCTCATAATATAGC,0,63573
TSS_1414_storz_regulondb,0.1,9,9,CCATATGGAGTCAGGCTAGT,0,41581
TSS_1414_storz_regulondb,0.1,9,9,CCAGTTCCGCGTCCCGCCAT,0,24710
TSS_1414_storz_regulondb,0.1,9,9,CCAGTACTGAGACGTGGTAG,0,39046
TSS_1414_storz_regulondb,0.1,9,9,CCAGGGTGGTCTCCTAGAAT,0,74892
TSS_1414_storz_regulondb,0.1,9,9,CCAGGGTCGTACGTGCAGCC,0,46032
TSS_1414_storz_regulondb,0.1,9,9,CCAGGACTGCCGCTCTAGTA,0,39147
TSS_1414_storz_regulondb,0.1,9,9,CCAGGACCGGGTTAGCTGTT,0,11676
TSS_1414_storz_regulondb,0.1,9,9,CCAGCTTGCAGAGAGCCTAC,0,40405
TSS_1414_storz_regulondb,0.1,9,9,CCAGCTATGGTCCGGGGAAT,0,44364
TSS_1414_storz_regulondb,0.1,9,9,CCAGAGCCTCGTGATGTCCC,0,23357
TSS_1414_storz_regulondb,0.1,9,9,CCACGGATCGGAGGGTATAC,0,47972
TSS_1414_storz_regulondb,0.1,9,9,CCACCCGGTGGTGATGGCCA,0,59417
TSS_1414_storz_regulondb,0.1,9,9,CCACACCGCCATAGAATGAC,0,77638
TSS_1414_storz_regulondb,0.1,9,9,CCAATAGTCAATATTGGACC,0,36795
TSS_1414_storz_regulondb,0.1,9,9,CCAAACAACTCGAAATCGAT,0,80464
TSS_1414_storz_regulondb,0.1,9,9,CATTTGTCTCATATCTATGG,0,48180
TSS_1414_storz_regulondb,0.1,9,9,CATTTATTTTATTCCTATGT,0,41029
TSS_1414_storz_regulondb,0.1,9,9,CATTCGAAGCGTGGTTTTTG,0,51822
TSS_1414_storz_regulondb,0.1,9,9,CATTAGTGCCCGAGGTGAGC,0,34166
TSS_1414_storz_regulondb,0.1,9,9,CATGACTTGCCGTCCCCAGA,0,27742
TSS_1414_storz_regulondb,0.1,9,9,CATCTGGTGGTCCACCTGTT,0,64555
TSS_1414_storz_regulondb,0.1,9,9,CATCTCTATTAGCAAAGACA,0,37252
TSS_1414_storz_regulondb,0.1,9,9,CATCGTCGGGGTGCACCAGC,0,11009
TSS_1414_storz_regulondb,0.1,9,9,CATCCAAAGTAGTTTAGGAC,0,29983
TSS_1414_storz_regulondb,0.1,9,9,CATCAGGCCTGCCCCCGGGT,0,63419
TSS_1414_storz_regulondb,0.1,9,9,CATCAGAGGAGGTTGCGGAA,0,18927
TSS_1414_storz_regulondb,0.1,9,9,CATATGGTTAGATTATGACT,0,45106
TSS_1414_storz_regulondb,0.1,9,9,CATATCGGAAAAAGCCAAAT,0,26488
TSS_1414_storz_regulondb,0.1,9,9,CATAGTTCCTAGAACGTAGA,0,67290
TSS_1414_storz_regulondb,0.1,9,9,CATACAGGCAACCACCCTGA,0,19890
TSS_1414_storz_regulondb,0.1,9,9,CATAAGCAATTATACCGATG,0,60397
TSS_1414_storz_regulondb,0.1,9,9,CATAACGACAGATAGTGCGG,0,63849
TSS_1414_storz_regulondb,0.1,9,9,CAGTTTAGAAAAGATCACGA,0,41192
TSS_1414_storz_regulondb,0.1,9,9,CAGTTGGGGAGGCATAGGTC,0,45366
TSS_1414_storz_regulondb,0.1,9,9,CAGTTCTTGCGCTCTGCCTG,0,42947
TSS_1414_storz_regulondb,0.1,9,9,CAGTTCAACTAAGTCCATTC,0,67882
TSS_1414_storz_regulondb,0.1,9,9,CAGTCTCCGTGCCTGCCACT,0,55371
TSS_1414_storz_regulondb,0.1,9,9,CAGTCATGTCTAGACACGAC,0,69504
TSS_1414_storz_regulondb,0.1,9,9,CAGCTTGGACCGAGCATGTT,0,78879
TSS_1414_storz_regulondb,0.1,9,9,CAGCGGTGTCGCCGACAGTC,0,26660
TSS_1414_storz_regulondb,0.1,9,9,CAGCGCAGGCTTGCCTGGCT,0,71200
TSS_1414_storz_regulondb,0.1,9,9,CAGCCTCCAGACAGGGTTGC,0,52883
TSS_1414_storz_regulondb,0.1,9,9,CAGCCAGCGCACTACTGTAG,0,2080
TSS_1414_storz_regulondb,0.1,9,9,CAGCATATTCATTCATCGCT,0,38064
TSS_1414_storz_regulondb,0.1,9,9,CAGCAGTAGATACTACGTCA,0,73592
TSS_1414_storz_regulondb,0.1,9,9,CAGCAGCGTTCGATGCGCCG,0,25
TSS_1414_storz_regulondb,0.1,9,9,CAGATGTCCCATCAAAAAAC,0,40068
TSS_1414_storz_regulondb,0.1,9,9,CAGATAGGTAGACACATCAA,0,42882
TSS_1414_storz_regulondb,0.1,9,9,CAGAGGTGCGCGAGGTTACT,0,57906
TSS_1414_storz_regulondb,0.1,9,9,CAGAGATGTGTCGCACCGTA,0,917
TSS_1414_storz_regulondb,0.1,9,9,CAGACCTGTCACAGTCAAAG,0,54920
TSS_1414_storz_regulondb,0.1,9,9,CAGACAGAGGTCCCCCTAGA,0,73065
TSS_1414_storz_regulondb,0.1,9,9,CACTTCCTATGAACAAGGAT,0,73022
TSS_1414_storz_regulondb,0.1,9,9,CACTGTTGACCGGTGAGTAT,0,50639
TSS_1414_storz_regulondb,0.1,9,9,CACTGGCCGCTACATCAATG,0,79727
TSS_1414_storz_regulondb,0.1,9,9,CACTAACGTCCGGCGGTAAG,0,27462
TSS_1414_storz_regulondb,0.1,9,9,CACGTGGTTGGAGCTAGGCA,0,23652
TSS_1414_storz_regulondb,0.1,9,9,CACCGCGTCCGACCTAGACA,0,78039
TSS_1414_storz_regulondb,0.1,9,9,CACAGAGGTCACAAATTTCA,0,64387
TSS_1414_storz_regulondb,0.1,9,9,CAATTGACCTATACTTCGTC,0,28063
TSS_1414_storz_regulondb,0.1,9,9,CAATGTAATACAGAGTTGTA,0,4513
TSS_1414_storz_regulondb,0.1,9,9,CAAGGCGTGCGCGGTCTAAA,0,53112
TSS_1414_storz_regulondb,0.1,9,9,CAAGCTTGCTAGTCGCTTGA,0,37535
TSS_1414_storz_regulondb,0.1,9,9,CAAGCTGGACCATTGCATTG,0,69365
TSS_1414_storz_regulondb,0.1,9,9,CAAGCGGGTGCCCGAAGGTG,0,57279
TSS_1414_storz_regulondb,0.1,9,9,CAAGCCAATTAGGATTGTAA,0,23447
TSS_1414_storz_regulondb,0.1,9,9,CAAGCCAACCCATGTGAGTA,0,1977
TSS_1414_storz_regulondb,0.1,9,9,CAACGTATCTAGGACAGCGA,0,2214
TSS_1414_storz_regulondb,0.1,9,9,CAACGGTTCGGAGACCAACG,0,18588
TSS_1414_storz_regulondb,0.1,9,9,CAACGGGCTTGGCAGAGCGG,0,60024
TSS_1414_storz_regulondb,0.1,9,9,CAACGAGTGCAAATTTTATC,0,15
TSS_1414_storz_regulondb,0.1,9,9,CAACATACCAAGGACCTCAT,0,24162
TSS_1414_storz_regulondb,0.1,9,9,CAAAGTGGCACGTTCGTGCA,0,32356
TSS_1414_storz_regulondb,0.1,9,9,CAAAATACCATGCGGTTTTG,0,66054
TSS_1414_storz_regulondb,0.1,9,9,ATTTTTGTAGCACAACGAGG,0,20720
TSS_1414_storz_regulondb,0.1,9,9,ATTTTCGGAAAAGTCATAAA,0,19081
TSS_1414_storz_regulondb,0.1,9,9,ATTTTCAAAGAGCTATCCCA,0,22502
TSS_1414_storz_regulondb,0.1,9,9,ATTTTACACTGCCTGCCCCT,0,12109
TSS_1414_storz_regulondb,0.1,9,9,ATTTGCCGGAATACATGAGC,0,7088
TSS_1414_storz_regulondb,0.1,9,9,ATTTGCCCTCTGGATCCGTA,0,28806
TSS_1414_storz_regulondb,0.1,9,9,ATTTACGAGAAAAGGGCGTT,0,37206
TSS_1414_storz_regulondb,0.1,9,9,ATTGTTATGGGCATCTGCTA,0,62291
TSS_1414_storz_regulondb,0.1,9,9,ATTGTCTATTATCAGTATTG,0,25890
TSS_1414_storz_regulondb,0.1,9,9,ATTGTACGTTGGCTGTATTC,0,14603
TSS_1414_storz_regulondb,0.1,9,9,ATTGATTCCGGTATAGCGCG,0,69608
TSS_1414_storz_regulondb,0.1,9,9,ATTGAGTACATCCTGTGCAA,0,21641
TSS_1414_storz_regulondb,0.1,9,9,ATTGACGTCTAGCTTGACCT,0,74401
TSS_1414_storz_regulondb,0.1,9,9,ATTCTGTTAAGCTGAGTGCT,0,72798
TSS_1414_storz_regulondb,0.1,9,9,ATTCTGCCGGCGGGTCATTT,0,35246
TSS_1414_storz_regulondb,0.1,9,9,ATTCACATAGGGAAAGTAAC,0,44963
TSS_1414_storz_regulondb,0.1,9,9,ATTATTCACCGTCATTCGGT,0,47515
TSS_1414_storz_regulondb,0.1,9,9,ATTAGCCCGGATTTCACTTT,0,52501
TSS_1414_storz_regulondb,0.1,9,9,ATTAGCCACAAGTCATATTA,0,48396
TSS_1414_storz_regulondb,0.1,9,9,ATTAGCAGGACCCGTGTCGT,0,16733
TSS_1414_storz_regulondb,0.1,9,9,ATTACGTCGCCTCGAGTAGA,0,44251
TSS_1414_storz_regulondb,0.1,9,9,ATTAACTATCCCATCCACTT,0,58731
TSS_1414_storz_regulondb,0.1,9,9,ATTAAATACAATAAAAGAGC,0,25394
TSS_1414_storz_regulondb,0.1,9,9,ATTAAACTGTGTGTGTAAAT,0,34481
TSS_1414_storz_regulondb,0.1,9,9,ATGTTAACGAGGCCATGGTC,0,43024
TSS_1414_storz_regulondb,0.1,9,9,ATGTCTCCGTAGGTGATTAT,0,60022
TSS_1414_storz_regulondb,0.1,9,9,ATGTCGGTGATAGTTCCGAT,0,19922
TSS_1414_storz_regulondb,0.1,9,9,ATGTATTGCTTGTACCCTAA,0,13170
TSS_1414_storz_regulondb,0.1,9,9,ATGGGGAGATGGCACGCGAA,0,59649
TSS_1414_storz_regulondb,0.1,9,9,ATGGCAGTAGACGTAACTCT,0,37035
TSS_1414_storz_regulondb,0.1,9,9,ATGGATATCTGGCCCAAGGT,0,73471
TSS_1414_storz_regulondb,0.1,9,9,ATGCTTTGAAGTAATTCGCT,0,23918
TSS_1414_storz_regulondb,0.1,9,9,ATGCTTGCCGTCAGTGAGTA,0,60422
TSS_1414_storz_regulondb,0.1,9,9,ATGCTTAGGCATAGAAAAAA,0,56525
TSS_1414_storz_regulondb,0.1,9,9,ATGCTCAGGTTAACTTATCA,0,78750
TSS_1414_storz_regulondb,0.1,9,9,ATGCGTTACCGGAGGCCTAA,0,16734
TSS_1414_storz_regulondb,0.1,9,9,ATGCGTGAATCGACCGGGCT,0,60583
TSS_1414_storz_regulondb,0.1,9,9,ATGCGCCTTGACCACGGATA,0,43153
TSS_1414_storz_regulondb,0.1,9,9,ATGCGACAATTCATTGCGAT,0,21826
TSS_1414_storz_regulondb,0.1,9,9,ATGCCCAATTTGGTGGCAAA,0,79810
TSS_1414_storz_regulondb,0.1,9,9,ATGCATGAGTAAGCTGCAGT,0,50654
TSS_1414_storz_regulondb,0.1,9,9,ATGATCCTGATGAATCTTTT,0,60776
TSS_1414_storz_regulondb,0.1,9,9,ATGACTTGACTTTCTGACAT,0,64642
TSS_1414_storz_regulondb,0.1,9,9,ATGACTCTGAGTCCTGGCTC,0,51475
TSS_1414_storz_regulondb,0.1,9,9,ATGAATTCCCGGGCGGTGTA,0,36813
TSS_1414_storz_regulondb,0.1,9,9,ATCTTTTCGTATGGGCCAGG,0,12954
TSS_1414_storz_regulondb,0.1,9,9,ATCTTGTTGTAGCTTAAGGA,0,37718
TSS_1414_storz_regulondb,0.1,9,9,ATCTTATACTTCATACGTGC,0,47519
TSS_1414_storz_regulondb,0.1,9,9,ATCTGTGTTGGGTTGTAGCA,0,60777
TSS_1414_storz_regulondb,0.1,9,9,ATCTGGTTTCCATTCATTGT,0,78138
TSS_1414_storz_regulondb,0.1,9,9,ATCGTAGACAAATGGGCTAT,0,9796
TSS_1414_storz_regulondb,0.1,9,9,ATCGGGATCCTAACACAAGT,0,74494
TSS_1414_storz_regulondb,0.1,9,9,ATCGGCAAGGAATTTAAAAA,0,38055
TSS_1414_storz_regulondb,0.1,9,9,ATCGCCGGGACTACAACAGA,0,43672
TSS_1414_storz_regulondb,0.1,9,9,ATCGAGGTGAAATAATTCTG,0,79519
TSS_1414_storz_regulondb,0.1,9,9,ATCCGTCTCTGTCTAGGCAG,0,79348
TSS_1414_storz_regulondb,0.1,9,9,ATCATCGTATAGGTCCTCGA,0,73361
TSS_1414_storz_regulondb,0.1,9,9,ATCAGCTGTCGTTCAGATGG,0,70957
TSS_1414_storz_regulondb,0.1,9,9,ATCACAGACTGGGAGAGAAG,0,47127
TSS_1414_storz_regulondb,0.1,9,9,ATCAATATATCAACTCTCGA,0,9900
TSS_1414_storz_regulondb,0.1,9,9,ATCAAGAATTCTTTTTCGCC,0,14355
TSS_1414_storz_regulondb,0.1,9,9,ATATGATTCTCCTCTTATAC,0,7460
TSS_1414_storz_regulondb,0.1,9,9,ATATGACGGTTCCAGCTAAG,0,68010
TSS_1414_storz_regulondb,0.1,9,9,ATATATTCATGCAGTGGCAA,0,67885
TSS_1414_storz_regulondb,0.1,9,9,ATATACTGCAACTTGAAAGG,0,19604
TSS_1414_storz_regulondb,0.1,9,9,ATAGTGAACGAGATGTTGAG,0,5325
TSS_1414_storz_regulondb,0.1,9,9,ATAGTACATGCCACATACCA,0,75691
TSS_1414_storz_regulondb,0.1,9,9,ATAGGGTACAGCGTTACCGT,0,77052
TSS_1414_storz_regulondb,0.1,9,9,ATAGGGCTGACTTCTTCGGT,0,76462
TSS_1414_storz_regulondb,0.1,9,9,ATAGGCAGCACGGTGCGGGG,0,53045
TSS_1414_storz_regulondb,0.1,9,9,ATAGGACAGAGCCACACGAA,0,38301
TSS_1414_storz_regulondb,0.1,9,9,ATACTTGTCACCTCAAGCAA,0,79167
TSS_1414_storz_regulondb,0.1,9,9,ATACTGCGGGCGTAGGCCAA,0,74813
TSS_1414_storz_regulondb,0.1,9,9,ATACAAGGCCCGCCGAGAGC,0,11078
TSS_1414_storz_regulondb,0.1,9,9,ATAAGTGCAGGGGTAAGGAC,0,71642
TSS_1414_storz_regulondb,0.1,9,9,ATAAGTAACACGAGCCCCCA,0,56313
TSS_1414_storz_regulondb,0.1,9,9,ATAAAGCGGCTCAGCGGAGG,0,66793
TSS_1414_storz_regulondb,0.1,9,9,AGTTTGGGCTCGCAGGGTTT,0,18985
TSS_1414_storz_regulondb,0.1,9,9,AGTTTAGGTTTCAGCGGAGT,0,24374
TSS_1414_storz_regulondb,0.1,9,9,AGTTGATTGCCAGTTCTGCC,0,50530
TSS_1414_storz_regulondb,0.1,9,9,AGTTCGACTCTTTTATCCAA,0,41959
TSS_1414_storz_regulondb,0.1,9,9,AGTTCATATTGTGCCCGGGT,0,8285
TSS_1414_storz_regulondb,0.1,9,9,AGTGTCACGCCGGCATGAAG,0,54252
TSS_1414_storz_regulondb,0.1,9,9,AGTGGAGACAATCGGGCGAA,0,14067
TSS_1414_storz_regulondb,0.1,9,9,AGTCTCGGCATGCCAAAGTA,0,52330
TSS_1414_storz_regulondb,0.1,9,9,AGTCGATTTCGGGTATTGAG,0,19260
TSS_1414_storz_regulondb,0.1,9,9,AGTCACGGAGGTCCGAGGTG,0,60740
TSS_1414_storz_regulondb,0.1,9,9,AGTAGGGGGGCAACGTAGTG,0,66339
TSS_1414_storz_regulondb,0.1,9,9,AGTAGGCCTATAAAGTCGCG,0,17708
TSS_1414_storz_regulondb,0.1,9,9,AGTAGCGCACTCGTCTTCGG,0,29840
TSS_1414_storz_regulondb,0.1,9,9,AGTACTCAATGATTTGCTTG,0,34168
TSS_1414_storz_regulondb,0.1,9,9,AGGTTTCCCTCTTCTTCATC,0,11322
TSS_1414_storz_regulondb,0.1,9,9,AGGTCTTGGCCGGCGGAAAA,0,41695
TSS_1414_storz_regulondb,0.1,9,9,AGGTCGTTGCATTGTGACAC,0,37829
TSS_1414_storz_regulondb,0.1,9,9,AGGTCGGAAGTTTTGTGCTC,0,79722
TSS_1414_storz_regulondb,0.1,9,9,AGGGTTCCAATATACTAAGA,0,66067
TSS_1414_storz_regulondb,0.1,9,9,AGGGGCCAGTCCGCTATTCT,0,63768
TSS_1414_storz_regulondb,0.1,9,9,AGGGCTGTATCCATCGCGGG,0,11257
TSS_1414_storz_regulondb,0.1,9,9,AGGGCAGCAGAAATAGTAAC,0,22137
TSS_1414_storz_regulondb,0.1,9,9,AGGCTTATCGAGTCACTCGC,0,53653
TSS_1414_storz_regulondb,0.1,9,9,AGGCGTAGACATAGAAGGTT,0,2398
TSS_1414_storz_regulondb,0.1,9,9,AGGCCATCGGGTCTTCGCGC,0,76041
TSS_1414_storz_regulondb,0.1,9,9,AGGATAGATCCGGACCCCGT,0,62845
TSS_1414_storz_regulondb,0.1,9,9,AGGAGCTAACTTTAGAGTTA,0,29408
TSS_1414_storz_regulondb,0.1,9,9,AGCTTAGATTGACAAGGTCG,0,6491
TSS_1414_storz_regulondb,0.1,9,9,AGCTGGGGATGATTGTTTAG,0,65825
TSS_1414_storz_regulondb,0.1,9,9,AGCTCTCAAATCGCTAGACA,0,13969
TSS_1414_storz_regulondb,0.1,9,9,AGCGTTGCTCTTGGACGGTA,0,28265
TSS_1414_storz_regulondb,0.1,9,9,AGCGTGCGTAAACGTATCCA,0,37684
TSS_1414_storz_regulondb,0.1,9,9,AGCCGCTGCTGGACTTAGAC,0,40741
TSS_1414_storz_regulondb,0.1,9,9,AGCCCGTCGCGTATATGCCA,0,48498
TSS_1414_storz_regulondb,0.1,9,9,AGCATCTCTGTATATCGGGT,0,7443
TSS_1414_storz_regulondb,0.1,9,9,AGCAATGCGCGCACAGGATG,0,62809
TSS_1414_storz_regulondb,0.1,9,9,AGATTAGGTGAACTGATCAA,0,63964
TSS_1414_storz_regulondb,0.1,9,9,AGATGTGAAAACGGAGATGC,0,45839
TSS_1414_storz_regulondb,0.1,9,9,AGATGGTAAGGTTCAACATC,0,45809
TSS_1414_storz_regulondb,0.1,9,9,AGATGAAAACTGATCCAGTT,0,53037
TSS_1414_storz_regulondb,0.1,9,9,AGATACTGCGAGCTGTACAT,0,2814
TSS_1414_storz_regulondb,0.1,9,9,AGATAAAAGCATCCTTACGA,0,53136
TSS_1414_storz_regulondb,0.1,9,9,AGAGCTTGGGCTTGCAAGAT,0,9776
TSS_1414_storz_regulondb,0.1,9,9,AGAGCGGGGCTTTGAAGCTA,0,40710
TSS_1414_storz_regulondb,0.1,9,9,AGAGCGCCAAGCCTTGGGGG,0,39050
TSS_1414_storz_regulondb,0.1,9,9,AGAGATCAGAAATGAATGCC,0,20725
TSS_1414_storz_regulondb,0.1,9,9,AGACCTCTCACGACTCATAA,0,44243
TSS_1414_storz_regulondb,0.1,9,9,AGAAGAAGATAACAGATACG,0,36536
TSS_1414_storz_regulondb,0.1,9,9,AGAAATGCGAATCGATTGGG,0,57838
TSS_1414_storz_regulondb,0.1,9,9,ACTTGTTTTCCTTATTTCAC,0,40715
TSS_1414_storz_regulondb,0.1,9,9,ACTTCCGAATATCACAGTCG,0,38730
TSS_1414_storz_regulondb,0.1,9,9,ACTTCATTCTTGGCGAAGAG,0,2107
TSS_1414_storz_regulondb,0.1,9,9,ACTGTGCAGTTTTGGTTGTT,0,10425
TSS_1414_storz_regulondb,0.1,9,9,ACTGCGAGTGAACATTCTTC,0,18113
TSS_1414_storz_regulondb,0.1,9,9,ACTGATCGTTGCGGCGACCT,0,55904
TSS_1414_storz_regulondb,0.1,9,9,ACTCGGTAAAAAGCCGGCGT,0,76452
TSS_1414_storz_regulondb,0.1,9,9,ACTCAGTTATAAATACGCCA,0,74763
TSS_1414_storz_regulondb,0.1,9,9,ACTACATTTCGCAATGTGAG,0,68776
TSS_1414_storz_regulondb,0.1,9,9,ACTACAGGGGTAACCATCGT,0,740
TSS_1414_storz_regulondb,0.1,9,9,ACGTTGATAGAGCTCCACGC,0,24349
TSS_1414_storz_regulondb,0.1,9,9,ACGTGGGTGACACGCACGAA,0,65057
TSS_1414_storz_regulondb,0.1,9,9,ACGTCCCTCCACTCGCGTTA,0,60652
TSS_1414_storz_regulondb,0.1,9,9,ACGTCAGGGGCGGATTTCAA,0,13301
TSS_1414_storz_regulondb,0.1,9,9,ACGTACATTGGGCGTTTGAA,0,12220
TSS_1414_storz_regulondb,0.1,9,9,ACGGGTGGTGAATTTAAGCA,0,15184
TSS_1414_storz_regulondb,0.1,9,9,ACGGAGTGCTTACAACTTAC,0,80832
TSS_1414_storz_regulondb,0.1,9,9,ACGGAAGGCTCCCGACCCCT,0,59292
TSS_1414_storz_regulondb,0.1,9,9,ACGGAACTCCGGAATAGTCC,0,61354
TSS_1414_storz_regulondb,0.1,9,9,ACGCGACTGGTCCATTCGGT,0,69407
TSS_1414_storz_regulondb,0.1,9,9,ACGCCCCTTCATGGCAGCAG,0,77560
TSS_1414_storz_regulondb,0.1,9,9,ACGCAGGATAGTACATTTAA,0,79173
TSS_1414_storz_regulondb,0.1,9,9,ACCTGAGGGATCTCGGGGGT,0,40195
TSS_1414_storz_regulondb,0.1,9,9,ACCTCTGGAGGAGCGGGCTG,0,76852
TSS_1414_storz_regulondb,0.1,9,9,ACCTACGTTGTTTTAGTCCA,0,18872
TSS_1414_storz_regulondb,0.1,9,9,ACCCTTTCCCTAGATATTCC,0,45943
TSS_1414_storz_regulondb,0.1,9,9,ACCCTGGACTTGTTAGTGTA,0,54785
TSS_1414_storz_regulondb,0.1,9,9,ACCCAAGGGACGGTGCGAGT,0,15059
TSS_1414_storz_regulondb,0.1,9,9,ACCATGCCACTGATTAGTCT,0,73475
TSS_1414_storz_regulondb,0.1,9,9,ACCATCCAGTCTTCCTCCTT,0,78691
TSS_1414_storz_regulondb,0.1,9,9,ACCATCATATTACTTCCCTT,0,19829
TSS_1414_storz_regulondb,0.1,9,9,ACCATAGGTTCCCATAAAGC,0,65535
TSS_1414_storz_regulondb,0.1,9,9,ACCAGGTCCTACACCTTGGT,0,76015
TSS_1414_storz_regulondb,0.1,9,9,ACCACCGAAAGCGGGAGAAC,0,32955
TSS_1414_storz_regulondb,0.1,9,9,ACATTGGACGCCGAAGGAAA,0,35238
TSS_1414_storz_regulondb,0.1,9,9,ACATTCCCGGGCAGGTAATT,0,13299
TSS_1414_storz_regulondb,0.1,9,9,ACATGGACGCCATAGCCAAA,0,69280
TSS_1414_storz_regulondb,0.1,9,9,ACATGCGAGTCAGGCTATAC,0,18657
TSS_1414_storz_regulondb,0.1,9,9,ACATCTTGTCATGGAATCTT,0,77485
TSS_1414_storz_regulondb,0.1,9,9,ACATATCATCGTCTATTCTG,0,15848
TSS_1414_storz_regulondb,0.1,9,9,ACAGTCGCTCTTTGGTTTAT,0,67945
TSS_1414_storz_regulondb,0.1,9,9,ACAGGGCCAATTGTGAGATA,0,34240
TSS_1414_storz_regulondb,0.1,9,9,ACAGGCGGTGCCAAACCTTT,0,321
TSS_1414_storz_regulondb,0.1,9,9,ACAGAGCGTTATTCAGAGGT,0,76250
TSS_1414_storz_regulondb,0.1,9,9,ACAGACAGCACCAAGGCGCA,0,21829
TSS_1414_storz_regulondb,0.1,9,9,ACACGTCTGTACCTGGGGTG,0,49018
TSS_1414_storz_regulondb,0.1,9,9,ACACCAGTATGTGGGCTGTA,0,69297
TSS_1414_storz_regulondb,0.1,9,9,ACACATAGGTCACACCTGCC,0,47738
TSS_1414_storz_regulondb,0.1,9,9,ACAATGCTCAGGCATTGTAT,0,58302
TSS_1414_storz_regulondb,0.1,9,9,ACAAGGATAGCACATCCCAT,0,72905
TSS_1414_storz_regulondb,0.1,9,9,AATTTTATGTGAAGGGTACA,0,31327
TSS_1414_storz_regulondb,0.1,9,9,AATTTAGATTTCGTCAGAAT,0,26998
TSS_1414_storz_regulondb,0.1,9,9,AATTGCTCCGGTGTCCGTGT,0,48474
TSS_1414_storz_regulondb,0.1,9,9,AATTGCGTACCATACGGTTT,0,21820
TSS_1414_storz_regulondb,0.1,9,9,AATTGCCTGGAAAATGTAGA,0,22569
TSS_1414_storz_regulondb,0.1,9,9,AATTCGTTGCTCGTAGATAG,0,59980
TSS_1414_storz_regulondb,0.1,9,9,AATGTACACCGCGGCGCAGG,0,79836
TSS_1414_storz_regulondb,0.1,9,9,AATGGTGGCGCAGCTTGGAT,0,50829
TSS_1414_storz_regulondb,0.1,9,9,AATGGGGCAGTAACGATGAG,0,13052
TSS_1414_storz_regulondb,0.1,9,9,AATGCTGGTACCGAGCCAAT,0,73529
TSS_1414_storz_regulondb,0.1,9,9,AATGCGCTTTTCGAAATGGG,0,34237
TSS_1414_storz_regulondb,0.1,9,9,AATGCCCATGGGGGTCAGTC,0,79338
TSS_1414_storz_regulondb,0.1,9,9,AATCTGCTGTGATCGGTGTA,0,29196
TSS_1414_storz_regulondb,0.1,9,9,AATCTAGATTACTATAACGC,0,21651
TSS_1414_storz_regulondb,0.1,9,9,AATATAGTTCCCCCAAATAT,0,23186
TSS_1414_storz_regulondb,0.1,9,9,AATACAGGGTACTGGCAGCA,0,27426
TSS_1414_storz_regulondb,0.1,9,9,AAGTTGAGGATTGACTGTGC,0,29228
TSS_1414_storz_regulondb,0.1,9,9,AAGTGATGATAAGTTGAGGT,0,30895
TSS_1414_storz_regulondb,0.1,9,9,AAGTCGGTCCATTTTGCTGG,0,59910
TSS_1414_storz_regulondb,0.1,9,9,AAGGTGCCGTACTTAGACAC,0,53969
TSS_1414_storz_regulondb,0.1,9,9,AAGGGGTCGGGTCAATTGTG,0,40280
TSS_1414_storz_regulondb,0.1,9,9,AAGGATACACCTGTGACATA,0,4806
TSS_1414_storz_regulondb,0.1,9,9,AAGGACCAATTCTGCCGAGT,0,35695
TSS_1414_storz_regulondb,0.1,9,9,AAGCCCATGTGGACAGCGCC,0,8444
TSS_1414_storz_regulondb,0.1,9,9,AAGCAGTGGCAGAAGTCTAG,0,4955
TSS_1414_storz_regulondb,0.1,9,9,AAGAGAGGAGCAGGTTCGTT,0,66471
TSS_1414_storz_regulondb,0.1,9,9,AAGAACGGCTCTGTTAGGCT,0,39106
TSS_1414_storz_regulondb,0.1,9,9,AAGAACCATGATTCAGATCC,0,78827
TSS_1414_storz_regulondb,0.1,9,9,AACTTTTCAGAGGGGAATAT,0,80424
TSS_1414_storz_regulondb,0.1,9,9,AACTTCTTCGATTTGCACAC,0,8187
TSS_1414_storz_regulondb,0.1,9,9,AACTGGAGTGTGAATAATGC,0,43779
TSS_1414_storz_regulondb,0.1,9,9,AACTGCACGTCGCCTAAGCC,0,12860
TSS_1414_storz_regulondb,0.1,9,9,AACGTTCATTCACGTGAGAC,0,16420
TSS_1414_storz_regulondb,0.1,9,9,AACGTAATAGCCAGAGGAAG,0,41655
TSS_1414_storz_regulondb,0.1,9,9,AACGGTTTAACCCCTGTTCA,0,32604
TSS_1414_storz_regulondb,0.1,9,9,AACGGTCGCGTGTCTGCCTC,0,8908
TSS_1414_storz_regulondb,0.1,9,9,AACGGGACTAGCACGAGACT,0,47946
TSS_1414_storz_regulondb,0.1,9,9,AACGGCGTGCGCCAACCATC,0,21496
TSS_1414_storz_regulondb,0.1,9,9,AACGCTCAGTTACCGGGTTT,0,47856
TSS_1414_storz_regulondb,0.1,9,9,AACGAGATACCGCCTAGCTT,0,76504
TSS_1414_storz_regulondb,0.1,9,9,AACGAAAGTAAGGGCGCCAA,0,13847
TSS_1414_storz_regulondb,0.1,9,9,AACCTCAGGCCAGTGCAGAT,0,79528
TSS_1414_storz_regulondb,0.1,9,9,AACCTACACGTTTATTGCCT,0,68215
TSS_1414_storz_regulondb,0.1,9,9,AACAGTCTCCCAGGACGGGA,0,35793
TSS_1414_storz_regulondb,0.1,9,9,AACAGCGTATATAGTGCCCC,0,59912
TSS_1414_storz_regulondb,0.1,9,9,AACAGCCTCCACACGGAAGA,0,48261
TSS_1414_storz_regulondb,0.1,9,9,AACACTTGTCAGACCTGCAG,0,13767
TSS_1414_storz_regulondb,0.1,9,9,AAATTCAGCACGATTTTGAA,0,5692
TSS_1414_storz_regulondb,0.1,9,9,AAATGGCGAGGGTGATAGAC,0,57078
TSS_1414_storz_regulondb,0.1,9,9,AAATGCTCCCCCATTGAATT,0,17882
TSS_1414_storz_regulondb,0.1,9,9,AAATGCCCGTTGCTCTGAAC,0,69878
TSS_1414_storz_regulondb,0.1,9,9,AAATCTCAATTGTGGTTCCT,0,40423
TSS_1414_storz_regulondb,0.1,9,9,AAATATTATTTTGTTAGATT,0,32135
TSS_1414_storz_regulondb,0.1,9,9,AAAGTTTGCTCCGTGTATCT,0,78036
TSS_1414_storz_regulondb,0.1,9,9,AAAGTGGTGCAGTTTAGGTT,0,43507
TSS_1414_storz_regulondb,0.1,9,9,AAAGGTATGTACGAATAATT,0,60161
TSS_1414_storz_regulondb,0.1,9,9,AAAGGTAAGGCCAGTAAGTG,0,26218
TSS_1414_storz_regulondb,0.1,9,9,AAAGCGACCTTGCGGGTCCG,0,65075
TSS_1414_storz_regulondb,0.1,9,9,AAAGCAAACACTTGAAATTT,0,30032
TSS_1414_storz_regulondb,0.1,9,9,AAACTTTTCCTGCCGGGTAC,0,32451
TSS_1414_storz_regulondb,0.1,9,9,AAACTATTGGGCGGCAAGAC,0,55907
TSS_1414_storz_regulondb,0.1,9,9,AAACGTTACCAAGGGTTCAA,0,19824
TSS_1414_storz_regulondb,0.1,9,9,AAACATCGGACAGTCATGTC,0,78822
TSS_1414_storz_regulondb,0.1,9,9,AAAAGCCTGTCGCTTTCCAG,0,34066
TSS_1414_storz_regulondb,0.1,9,9,AAAAGCCTAGTGCCGCCCGG,0,29187
TSS_1414_storz_regulondb,0.1,9,9,AAAAGAGCTGTGTACGAGCG,0,5249
TSS_1414_storz_regulondb,0.1,9,9,AAAACTCCCCTACAGGTATA,0,56608
TSS_1414_storz_regulondb,0.1,9,9,AAAACCCGAGGGGCCTAGTA,0,79333
TSS_1414_storz_regulondb,0.1,9,9,AAAAAGTGATTGAAGCCAGT,0,50044
TSS_1414_storz_regulondb,0.1111111111111111,8,8,TTTTTGACTCCGACTCGCAA,0,37059
TSS_1414_storz_regulondb,0.1111111111111111,8,8,TTTTTCGGGTAGCCGCGCGC,0,6917
TSS_1414_storz_regulondb,0.1111111111111111,8,8,TTTTGTGTAATCACTCAAAG,0,19292
TSS_1414_storz_regulondb,0.1111111111111111,8,8,TTTTGCTTCGTGCCTAGGTC,0,19364
TSS_1414_storz_regulondb,0.1111111111111111,8,8,TTTTCTTGAAATTGGTCTCG,0,52723
TSS_1414_storz_regulondb,0.1111111111111111,8,8,TTTTAGGGTTGCCTTATCGC,0,5396
TSS_1414_storz_regulondb,0.1111111111111111,8,8,TTTGTAGGTAACCCGCGCTG,0,41143
TSS_1414_storz_regulondb,0.1111111111111111,8,8,TTTGGCTCTGTTTATGGTTT,0,19196
TSS_1414_storz_regulondb,0.1111111111111111,8,8,TTTGGCCCTCAGTAACTAAC,0,71812
TSS_1414_storz_regulondb,0.1111111111111111,8,8,TTTGAGGGACATTGAAGCTG,0,10911
TSS_1414_storz_regulondb,0.1111111111111111,8,8,TTTGACTGTAATTGTATACC,0,13833
TSS_1414_storz_regulondb,0.1111111111111111,8,8,TTTGACCGGGCTTGTCGGGA,0,67884
TSS_1414_storz_regulondb,0.1111111111111111,8,8,TTTCATTTACTAAGTCGTGT,0,79453
TSS_1414_storz_regulondb,0.1111111111111111,8,8,TTTCACTCGTTATTTGTAAC,0,31924
TSS_1414_storz_regulondb,0.1111111111111111,8,8,TTTAAAGCCTAGCTGTATTA,0,32050
TSS_1414_storz_regulondb,0.1111111111111111,8,8,TTTAAACACGTTCGAGTTGC,0,38153
TSS_1414_storz_regulondb,0.1111111111111111,8,8,TTGTTTCCTAAATGTTTAGC,0,20234
TSS_1414_storz_regulondb,0.1111111111111111,8,8,TTGTGTAAGTCGAGTATATG,0,2319
TSS_1414_storz_regulondb,0.1111111111111111,8,8,TTGTCTGACATGGAGGGATG,0,58360
TSS_1414_storz_regulondb,0.1111111111111111,8,8,TTGTCGCTGATGGGGACAAA,0,72338
TSS_1414_storz_regulondb,0.1111111111111111,8,8,TTGTCCATCGGGGAGACCAG,0,7781
TSS_1414_storz_regulondb,0.1111111111111111,8,8,TTGTCAGTCTATTGGCCGTC,0,41851
TSS_1414_storz_regulondb,0.1111111111111111,8,8,TTGTATAGTACGCACCTATG,0,45679
TSS_1414_storz_regulondb,0.1111111111111111,8,8,TTGGTTTTGGTTAATGCGGT,0,64182
TSS_1414_storz_regulondb,0.1111111111111111,8,8,TTGGTTTCAGATAACGGTCT,0,50118
TSS_1414_storz_regulondb,0.1111111111111111,8,8,TTGGGCGACCCTTGAAAAGC,0,15624
TSS_1414_storz_regulondb,0.1111111111111111,8,8,TTGGGACGTAACCGTGACCT,0,58169
TSS_1414_storz_regulondb,0.1111111111111111,8,8,TTGGCGTCGAGATCTAAGAG,0,38653
TSS_1414_storz_regulondb,0.1111111111111111,8,8,TTGGCCCCGTGGAATACAAC,0,58173
TSS_1414_storz_regulondb,0.1111111111111111,8,8,TTGGAGTGAGATTAGTGATG,0,62805
TSS_1414_storz_regulondb,0.1111111111111111,8,8,TTGGAGGCTCTGCATGTGTG,0,29236
TSS_1414_storz_regulondb,0.1111111111111111,8,8,TTGCTAACTTCGCCGTAAGA,0,68942
TSS_1414_storz_regulondb,0.1111111111111111,8,8,TTGCGCCACATGGAGGACTC,0,72438
TSS_1414_storz_regulondb,0.1111111111111111,8,8,TTGCGAACCCTTCGAAAGAT,0,2906
TSS_1414_storz_regulondb,0.1111111111111111,8,8,TTGCACGTGCAGTACACTGT,0,23203
TSS_1414_storz_regulondb,0.1111111111111111,8,8,TTCTTGATGGTAAATACAAG,0,46089
TSS_1414_storz_regulondb,0.1111111111111111,8,8,TTCTTCATGTCCCGGGGGTT,0,14633
TSS_1414_storz_regulondb,0.1111111111111111,8,8,TTCTTAACCAGGGGATTCAA,0,1347
TSS_1414_storz_regulondb,0.1111111111111111,8,8,TTCTGTAAACGGTTTTTGCT,0,28195
TSS_1414_storz_regulondb,0.1111111111111111,8,8,TTCTCCGCGTATGTGGTTCT,0,64705
TSS_1414_storz_regulondb,0.1111111111111111,8,8,TTCTAGTATGTGTCGTCACC,0,74826
TSS_1414_storz_regulondb,0.1111111111111111,8,8,TTCTAGGGTCCAGAGGATTT,0,79068
TSS_1414_storz_regulondb,0.1111111111111111,8,8,TTCTACATCAATTACGGCTG,0,16182
TSS_1414_storz_regulondb,0.1111111111111111,8,8,TTCGCTGAGATTTGTCGCTC,0,40794
TSS_1414_storz_regulondb,0.1111111111111111,8,8,TTCCTATTTCAAGATTATTG,0,58036
TSS_1414_storz_regulondb,0.1111111111111111,8,8,TTCCCGATATGGACGACACA,0,50690
TSS_1414_storz_regulondb,0.1111111111111111,8,8,TTCCCCTTATCGCGGGGTCT,0,31919
TSS_1414_storz_regulondb,0.1111111111111111,8,8,TTCCCCGGACTGGTTTGCAT,0,28957
TSS_1414_storz_regulondb,0.1111111111111111,8,8,TTCCAGCCAGTCTGTTGAAA,0,38066
TSS_1414_storz_regulondb,0.1111111111111111,8,8,TTCCAATAGCGCTCAGTTCG,0,28565
TSS_1414_storz_regulondb,0.1111111111111111,8,8,TTCATCTGGGACGGCAAAAT,0,12127
TSS_1414_storz_regulondb,0.1111111111111111,8,8,TTCATCGTCGGGTCAAGTAA,0,19640
TSS_1414_storz_regulondb,0.1111111111111111,8,8,TTCAGAGGAAGCGCGGGGGG,0,29220
TSS_1414_storz_regulondb,0.1111111111111111,8,8,TTCAATCTTTGTCGGGAACG,0,46787
TSS_1414_storz_regulondb,0.1111111111111111,8,8,TTCAAGGGAAAAATTTTTGT,0,24005
TSS_1414_storz_regulondb,0.1111111111111111,8,8,TTCAAGATAAACCACCCAGC,0,52188
TSS_1414_storz_regulondb,0.1111111111111111,8,8,TTCAACACTAAGAAGGTGTT,0,69246
TSS_1414_storz_regulondb,0.1111111111111111,8,8,TTATTATGTTGATTTCCGGT,0,34637
TSS_1414_storz_regulondb,0.1111111111111111,8,8,TTATTAGCATAATTCGCATC,0,23271
TSS_1414_storz_regulondb,0.1111111111111111,8,8,TTATATTTCAGCAACAAAAT,0,68483
TSS_1414_storz_regulondb,0.1111111111111111,8,8,TTATAGGTGGGGTAGCCCAC,0,42828
TSS_1414_storz_regulondb,0.1111111111111111,8,8,TTATAGCCATGATATTAACC,0,70974
TSS_1414_storz_regulondb,0.1111111111111111,8,8,TTATAATGCCTTACAATATT,0,11519
TSS_1414_storz_regulondb,0.1111111111111111,8,8,TTATAATATCCGAATTCCTT,0,70403
TSS_1414_storz_regulondb,0.1111111111111111,8,8,TTAGTTCACCACTGTTCGAA,0,49578
TSS_1414_storz_regulondb,0.1111111111111111,8,8,TTAGCTTTGTATGGGGATGT,0,39515
TSS_1414_storz_regulondb,0.1111111111111111,8,8,TTACGGCGCTGAAGGACGAA,0,15740
TSS_1414_storz_regulondb,0.1111111111111111,8,8,TTACCAAGTACCAAGGATAC,0,34909
TSS_1414_storz_regulondb,0.1111111111111111,8,8,TTAACGCTTGCTGCTCCATG,0,39670
TSS_1414_storz_regulondb,0.1111111111111111,8,8,TTAACGCAAAAATAGAGAAG,0,19335
TSS_1414_storz_regulondb,0.1111111111111111,8,8,TTAAAGTGGGAATGCGACGT,0,35554
TSS_1414_storz_regulondb,0.1111111111111111,8,8,TTAAAGGTTTGCGTGGCACA,0,57788
TSS_1414_storz_regulondb,0.1111111111111111,8,8,TGTTTGTTACAATTAAGCCC,0,43673
TSS_1414_storz_regulondb,0.1111111111111111,8,8,TGTTTGTCAGGGACCCTACC,0,62005
TSS_1414_storz_regulondb,0.1111111111111111,8,8,TGTTTATTAGTTAATGGATG,0,66385
TSS_1414_storz_regulondb,0.1111111111111111,8,8,TGTTGCTGTCGTATCGAGAG,0,27941
TSS_1414_storz_regulondb,0.1111111111111111,8,8,TGTTGCGGGCGATGTAAGTT,0,46560
TSS_1414_storz_regulondb,0.1111111111111111,8,8,TGTTGCAGAATCTATACAGA,0,661
TSS_1414_storz_regulondb,0.1111111111111111,8,8,TGTTCTTGTATTTTATGTTC,0,6117
TSS_1414_storz_regulondb,0.1111111111111111,8,8,TGTTCTCAGTCAGCTTGAGG,0,66700
TSS_1414_storz_regulondb,0.1111111111111111,8,8,TGTTACACGGTTCATCGCAT,0,73083
TSS_1414_storz_regulondb,0.1111111111111111,8,8,TGTCTCGGGGAGGATCGAAG,0,52691
TSS_1414_storz_regulondb,0.1111111111111111,8,8,TGTCGGTCTCGTCAACGTGG,0,56173
TSS_1414_storz_regulondb,0.1111111111111111,8,8,TGTCGGTAGCACCCTGACAA,0,69091
TSS_1414_storz_regulondb,0.1111111111111111,8,8,TGTCGCCGAATCGCTCGATA,0,71089
TSS_1414_storz_regulondb,0.1111111111111111,8,8,TGTCGAATTCTTGAGGCCAA,0,52797
TSS_1414_storz_regulondb,0.1111111111111111,8,8,TGTCCCTACGGCTGCAGTTA,0,1436
TSS_1414_storz_regulondb,0.1111111111111111,8,8,TGTCAAGCAATGAAGCCTCG,0,79250
TSS_1414_storz_regulondb,0.1111111111111111,8,8,TGTACGTAACCTTAAGTGTT,0,28956
TSS_1414_storz_regulondb,0.1111111111111111,8,8,TGTACCCGAGGGCTCTCGGC,0,18633
TSS_1414_storz_regulondb,0.1111111111111111,8,8,TGTAATATGATTTGCTACTA,0,41978
TSS_1414_storz_regulondb,0.1111111111111111,8,8,TGTAAGATCAGGGGGGATCG,0,13212
TSS_1414_storz_regulondb,0.1111111111111111,8,8,TGGTCTATTCTCGGAAAAGC,0,74564
TSS_1414_storz_regulondb,0.1111111111111111,8,8,TGGTACAGATGCGATCATTG,0,29862
TSS_1414_storz_regulondb,0.1111111111111111,8,8,TGGGTCACTTGGACGGCCCG,0,18083
TSS_1414_storz_regulondb,0.1111111111111111,8,8,TGGGGACACCCCAGCAACGA,0,27305
TSS_1414_storz_regulondb,0.1111111111111111,8,8,TGGGCGTTATGATCTGAGTT,0,52969
TSS_1414_storz_regulondb,0.1111111111111111,8,8,TGGGAGCAGCAGCCTTAGGG,0,1657
TSS_1414_storz_regulondb,0.1111111111111111,8,8,TGGCAGCCAGCCCTGCGGCA,0,66701
TSS_1414_storz_regulondb,0.1111111111111111,8,8,TGGCAACGCACTCGGAGAGA,0,68482
TSS_1414_storz_regulondb,0.1111111111111111,8,8,TGGATTCCTCCCGCAAGTCT,0,77084
TSS_1414_storz_regulondb,0.1111111111111111,8,8,TGCTGTGAGTCTATGCCTCC,0,37200
TSS_1414_storz_regulondb,0.1111111111111111,8,8,TGCTCGCCTACGGTACTCCG,0,22169
TSS_1414_storz_regulondb,0.1111111111111111,8,8,TGCTCAGTCGCGTTCGAGTA,0,72341
TSS_1414_storz_regulondb,0.1111111111111111,8,8,TGCTAAGCTGGTCGCGCCTC,0,23894
TSS_1414_storz_regulondb,0.1111111111111111,8,8,TGCGGTTGTTCCCTGGATTG,0,59947
TSS_1414_storz_regulondb,0.1111111111111111,8,8,TGCGCATTGGCCACGGTTCC,0,17028
TSS_1414_storz_regulondb,0.1111111111111111,8,8,TGCGCATCATGAAAACCGTA,0,77235
TSS_1414_storz_regulondb,0.1111111111111111,8,8,TGCGATTTCCAAACTAAGAT,0,1142
TSS_1414_storz_regulondb,0.1111111111111111,8,8,TGCGATCAAGACAAAGCCTT,0,22399
TSS_1414_storz_regulondb,0.1111111111111111,8,8,TGCCGTTTTGGGGCAGACCT,0,66322
TSS_1414_storz_regulondb,0.1111111111111111,8,8,TGCCCGCCCGCTCATCAATT,0,6599
TSS_1414_storz_regulondb,0.1111111111111111,8,8,TGCATGAATGCGGACTAAGT,0,28754
TSS_1414_storz_regulondb,0.1111111111111111,8,8,TGCAGTTAAGGCGATGGGCT,0,72649
TSS_1414_storz_regulondb,0.1111111111111111,8,8,TGCAGCTGCTCAAGTCAGAC,0,17345
TSS_1414_storz_regulondb,0.1111111111111111,8,8,TGCAGATAGTGTGTGGTACT,0,57821
TSS_1414_storz_regulondb,0.1111111111111111,8,8,TGCACAAGTGAAATCGACGG,0,20624
TSS_1414_storz_regulondb,0.1111111111111111,8,8,TGCAATTTTGTATTTCGAGT,0,63981
TSS_1414_storz_regulondb,0.1111111111111111,8,8,TGCAATTCGCAGCGTGTGAT,0,13889
TSS_1414_storz_regulondb,0.1111111111111111,8,8,TGCAAGTCCACCCGGGAATC,0,27628
TSS_1414_storz_regulondb,0.1111111111111111,8,8,TGATTTATCTCATAAGTAAG,0,16575
TSS_1414_storz_regulondb,0.1111111111111111,8,8,TGATTAGACGGTCATAAATG,0,53421
TSS_1414_storz_regulondb,0.1111111111111111,8,8,TGATGCCGTCCCTACGAGAA,0,4159
TSS_1414_storz_regulondb,0.1111111111111111,8,8,TGATCGACGACGTGGGTAAC,0,16218
TSS_1414_storz_regulondb,0.1111111111111111,8,8,TGATATGTCATTTTTTCATG,0,11568
TSS_1414_storz_regulondb,0.1111111111111111,8,8,TGATATCGGGATGTCTCTTT,0,7631
TSS_1414_storz_regulondb,0.1111111111111111,8,8,TGATAAAGCTGCACGGTTAT,0,67951
TSS_1414_storz_regulondb,0.1111111111111111,8,8,TGAGAGGACCGCTCTGTTCA,0,66105
TSS_1414_storz_regulondb,0.1111111111111111,8,8,TGACGGCTATGCGAACTGGA,0,76951
TSS_1414_storz_regulondb,0.1111111111111111,8,8,TGACAAAGATGGTTCTCGGG,0,55272
TSS_1414_storz_regulondb,0.1111111111111111,8,8,TGAAAGCGTCCGCATGCGTA,0,6428
TSS_1414_storz_regulondb,0.1111111111111111,8,8,TCTTTCGAGATGACTGGAGG,0,44866
TSS_1414_storz_regulondb,0.1111111111111111,8,8,TCTTTCAAGTGAAATGTAGA,0,8963
TSS_1414_storz_regulondb,0.1111111111111111,8,8,TCTTGCGTCTGGACCAGCCT,0,31688
TSS_1414_storz_regulondb,0.1111111111111111,8,8,TCTTGATCGTATAAGTCATG,0,53588
TSS_1414_storz_regulondb,0.1111111111111111,8,8,TCTTAGTTTGACCGGCAGTG,0,44576
TSS_1414_storz_regulondb,0.1111111111111111,8,8,TCTGGCCTTAGTCTCAAGGC,0,58981
TSS_1414_storz_regulondb,0.1111111111111111,8,8,TCTGATGGAAAGACGAGGTC,0,1615
TSS_1414_storz_regulondb,0.1111111111111111,8,8,TCTGAGCAAGCAAACGAAAT,0,27864
TSS_1414_storz_regulondb,0.1111111111111111,8,8,TCTCTTCTAGTGTTCGGTCT,0,21527
TSS_1414_storz_regulondb,0.1111111111111111,8,8,TCTCATGACAGGCGCAGGGA,0,59590
TSS_1414_storz_regulondb,0.1111111111111111,8,8,TCTATCCCTTTGCGGCTGAG,0,77073
TSS_1414_storz_regulondb,0.1111111111111111,8,8,TCTATCAGCCGGTACCCAAG,0,65467
TSS_1414_storz_regulondb,0.1111111111111111,8,8,TCTAGTGGTGTTGTTGATTT,0,4273
TSS_1414_storz_regulondb,0.1111111111111111,8,8,TCTACTTACTGAGCGTCCTG,0,8318
TSS_1414_storz_regulondb,0.1111111111111111,8,8,TCGTTTTTCATAATTAGAAT,0,24505
TSS_1414_storz_regulondb,0.1111111111111111,8,8,TCGTTACCCGTTCCTTAGTT,0,28882
TSS_1414_storz_regulondb,0.1111111111111111,8,8,TCGTGTGTAAACTAATTTCA,0,15756
TSS_1414_storz_regulondb,0.1111111111111111,8,8,TCGTGGTCTATGATAGAAAT,0,71547
TSS_1414_storz_regulondb,0.1111111111111111,8,8,TCGTCTTTAATTGGTTGCCG,0,38548
TSS_1414_storz_regulondb,0.1111111111111111,8,8,TCGTCGGACTTTGTATATCT,0,41730
TSS_1414_storz_regulondb,0.1111111111111111,8,8,TCGTACATGACTGTGTGTTC,0,54350
TSS_1414_storz_regulondb,0.1111111111111111,8,8,TCGGTAACCGAATTCGTCCC,0,43316
TSS_1414_storz_regulondb,0.1111111111111111,8,8,TCGGGTATCTCCCGACTTAT,0,38065
TSS_1414_storz_regulondb,0.1111111111111111,8,8,TCGCCGATAGGTAGTTAGGC,0,30826
TSS_1414_storz_regulondb,0.1111111111111111,8,8,TCGCACAGAAAGAAAGATCA,0,80724
TSS_1414_storz_regulondb,0.1111111111111111,8,8,TCGATTTCATCATCGGACGT,0,40292
TSS_1414_storz_regulondb,0.1111111111111111,8,8,TCGATCGGACGTGCTCTCAT,0,78248
TSS_1414_storz_regulondb,0.1111111111111111,8,8,TCGAGTGAATCTGAGGGCTG,0,46797
TSS_1414_storz_regulondb,0.1111111111111111,8,8,TCGAGGGGCCAGGGTAGAGC,0,22131
TSS_1414_storz_regulondb,0.1111111111111111,8,8,TCGAGGCCCTACGACACCCA,0,74527
TSS_1414_storz_regulondb,0.1111111111111111,8,8,TCGACTGCAGACTATGTTGG,0,33080
TSS_1414_storz_regulondb,0.1111111111111111,8,8,TCGACTATAAAGAGTGACAT,0,28758
TSS_1414_storz_regulondb,0.1111111111111111,8,8,TCGACGAGCGTGCGGCGGCT,0,43526
TSS_1414_storz_regulondb,0.1111111111111111,8,8,TCCTGTCCTTTTTGCCTTGT,0,55522
TSS_1414_storz_regulondb,0.1111111111111111,8,8,TCCTGCCCTCGAGGGTAGTT,0,15321
TSS_1414_storz_regulondb,0.1111111111111111,8,8,TCCGTCCTTCCTACTTCGCT,0,64189
TSS_1414_storz_regulondb,0.1111111111111111,8,8,TCCGTCCTCAGGATTGGTAA,0,63531
TSS_1414_storz_regulondb,0.1111111111111111,8,8,TCCGGGATCGGCCGTTACAA,0,74505
TSS_1414_storz_regulondb,0.1111111111111111,8,8,TCCGATGGATTGAGGATCTT,0,27816
TSS_1414_storz_regulondb,0.1111111111111111,8,8,TCCCTCTTATATGACAACAC,0,8688
TSS_1414_storz_regulondb,0.1111111111111111,8,8,TCCCGTAGTACGGTTTGTAG,0,25190
TSS_1414_storz_regulondb,0.1111111111111111,8,8,TCCCGATTAAGATGAATGAT,0,59041
TSS_1414_storz_regulondb,0.1111111111111111,8,8,TCCCATATCGGTCTCGCCAC,0,69057
TSS_1414_storz_regulondb,0.1111111111111111,8,8,TCCATCTTTTTTTACATTAT,0,21861
TSS_1414_storz_regulondb,0.1111111111111111,8,8,TCCAGACGCGATTATAATAC,0,21265
TSS_1414_storz_regulondb,0.1111111111111111,8,8,TCCACATTTTTGCTTTAGAG,0,61705
TSS_1414_storz_regulondb,0.1111111111111111,8,8,TCCAAGGTGCGAAGACACTT,0,60802
TSS_1414_storz_regulondb,0.1111111111111111,8,8,TCCAAGACCAGACAGACGGT,0,18638
TSS_1414_storz_regulondb,0.1111111111111111,8,8,TCATGTATGGTAAGCCCTGC,0,14593
TSS_1414_storz_regulondb,0.1111111111111111,8,8,TCATCTCGATAGGCTTAGGA,0,10034
TSS_1414_storz_regulondb,0.1111111111111111,8,8,TCATCGTGATGGATTATGGT,0,68936
TSS_1414_storz_regulondb,0.1111111111111111,8,8,TCAGGGTCGTATCAGGGATG,0,71533
TSS_1414_storz_regulondb,0.1111111111111111,8,8,TCAGGCCCCGAAATCAGTAT,0,26766
TSS_1414_storz_regulondb,0.1111111111111111,8,8,TCAGATCATACCCGGCTCCC,0,65848
TSS_1414_storz_regulondb,0.1111111111111111,8,8,TCAGAGTAATACGTGAGTGG,0,21476
TSS_1414_storz_regulondb,0.1111111111111111,8,8,TCAGAACCTTCACATGCAGA,0,77611
TSS_1414_storz_regulondb,0.1111111111111111,8,8,TCAATATCGCGTGTATATTA,0,54485
TSS_1414_storz_regulondb,0.1111111111111111,8,8,TCAAATGCGTTCCCGTGTAG,0,15787
TSS_1414_storz_regulondb,0.1111111111111111,8,8,TCAAAGCTTGTTTCAATTTC,0,54204
TSS_1414_storz_regulondb,0.1111111111111111,8,8,TCAAAACATTGCGGAGCCGC,0,3233
TSS_1414_storz_regulondb,0.1111111111111111,8,8,TATTTCAAAGCCTACTAACA,0,33210
TSS_1414_storz_regulondb,0.1111111111111111,8,8,TATTCAACATCGCATCGCAT,0,10949
TSS_1414_storz_regulondb,0.1111111111111111,8,8,TATTATTCAGTAATCTAGCG,0,19863
TSS_1414_storz_regulondb,0.1111111111111111,8,8,TATTACACTGTTACCTTTAG,0,60035
TSS_1414_storz_regulondb,0.1111111111111111,8,8,TATGGTTCGTATATAAGTTG,0,9967
TSS_1414_storz_regulondb,0.1111111111111111,8,8,TATCTGTGGCCGGGTCGGTG,0,9298
TSS_1414_storz_regulondb,0.1111111111111111,8,8,TATCTCGAGTTGCCATTCTC,0,34904
TSS_1414_storz_regulondb,0.1111111111111111,8,8,TATCCCTGGTACTCCGTTCT,0,78513
TSS_1414_storz_regulondb,0.1111111111111111,8,8,TATCACCCGGGTTTCTAGTA,0,57217
TSS_1414_storz_regulondb,0.1111111111111111,8,8,TATATTGTTCGGGATCTCTG,0,5950
TSS_1414_storz_regulondb,0.1111111111111111,8,8,TATATATTCCATTAGGACGG,0,45638
TSS_1414_storz_regulondb,0.1111111111111111,8,8,TATAGGAAACTGGGTCCCGT,0,20239
TSS_1414_storz_regulondb,0.1111111111111111,8,8,TATAGCTCCCGGCGGTACAA,0,27160
TSS_1414_storz_regulondb,0.1111111111111111,8,8,TATAAGGTGGCGTGTTACGA,0,59106
TSS_1414_storz_regulondb,0.1111111111111111,8,8,TAGGTTGGGAGTTGCCACAA,0,23462
TSS_1414_storz_regulondb,0.1111111111111111,8,8,TAGCTTGGCCTAAGCCGTCG,0,39555
TSS_1414_storz_regulondb,0.1111111111111111,8,8,TAGCTCTAACCGCGACACCG,0,64434
TSS_1414_storz_regulondb,0.1111111111111111,8,8,TAGCGCATAAAGGACAACGC,0,79718
TSS_1414_storz_regulondb,0.1111111111111111,8,8,TAGCGAGATCGGACGGCAAG,0,56258
TSS_1414_storz_regulondb,0.1111111111111111,8,8,TAGCCTATACGCCTCCCATT,0,31003
TSS_1414_storz_regulondb,0.1111111111111111,8,8,TAGATCCTCGGCCTAGGTTC,0,16092
TSS_1414_storz_regulondb,0.1111111111111111,8,8,TAGATCACCGCTGATCGTGC,0,41770
TSS_1414_storz_regulondb,0.1111111111111111,8,8,TAGAGCCCACGACCGTAGAC,0,16384
TSS_1414_storz_regulondb,0.1111111111111111,8,8,TAGAGACCTGCCGGAAAAGG,0,8678
TSS_1414_storz_regulondb,0.1111111111111111,8,8,TACTGGCGGTGCCGCTTGTT,0,13407
TSS_1414_storz_regulondb,0.1111111111111111,8,8,TACTCGGAACCAATCGATGT,0,8191
TSS_1414_storz_regulondb,0.1111111111111111,8,8,TACTAGGCGCTGTGTTGAGA,0,45614
TSS_1414_storz_regulondb,0.1111111111111111,8,8,TACTACTATGACGGATGCTA,0,68752
TSS_1414_storz_regulondb,0.1111111111111111,8,8,TACGTTTAAGCGTAATGTGA,0,50557
TSS_1414_storz_regulondb,0.1111111111111111,8,8,TACGTTCGCCGGCTCAGCTT,0,13055
TSS_1414_storz_regulondb,0.1111111111111111,8,8,TACGGTTGTCCTTCACTGGT,0,59663
TSS_1414_storz_regulondb,0.1111111111111111,8,8,TACGCAAAAATCTGCAGTCC,0,477
TSS_1414_storz_regulondb,0.1111111111111111,8,8,TACGACTAATACAGGCTCAC,0,73694
TSS_1414_storz_regulondb,0.1111111111111111,8,8,TACCCGTCGCGGGAGAGATG,0,5605
TSS_1414_storz_regulondb,0.1111111111111111,8,8,TACCATGCAGGTTAATTGGG,0,30814
TSS_1414_storz_regulondb,0.1111111111111111,8,8,TACCAGATTAACCACTTGTA,0,65566
TSS_1414_storz_regulondb,0.1111111111111111,8,8,TACAGGTGCTTTAACTAGCG,0,36660
TSS_1414_storz_regulondb,0.1111111111111111,8,8,TACAGGCATCTCATGGTCTG,0,6878
TSS_1414_storz_regulondb,0.1111111111111111,8,8,TACAGGAACAAGTCAGCAAG,0,75848
TSS_1414_storz_regulondb,0.1111111111111111,8,8,TAATTATCCTCTAGCATACG,0,23331
TSS_1414_storz_regulondb,0.1111111111111111,8,8,TAATGGCCCGACCACATGAT,0,40266
TSS_1414_storz_regulondb,0.1111111111111111,8,8,TAATGAGTCGAGTCGTGGGA,0,31897
TSS_1414_storz_regulondb,0.1111111111111111,8,8,TAATCTACGGGGCGGAGTTG,0,2400
TSS_1414_storz_regulondb,0.1111111111111111,8,8,TAATCCCCGACAGGGCATTT,0,8569
TSS_1414_storz_regulondb,0.1111111111111111,8,8,TAAGTGTTTGCAAGCTCTAC,0,68933
TSS_1414_storz_regulondb,0.1111111111111111,8,8,TAAGCTCGTGTACTATGTGA,0,60189
TSS_1414_storz_regulondb,0.1111111111111111,8,8,TAAGCTACTCGGACGAAGAT,0,3474
TSS_1414_storz_regulondb,0.1111111111111111,8,8,TAAGCGCGGAATTCATCCGA,0,57426
TSS_1414_storz_regulondb,0.1111111111111111,8,8,TAAGAGTTTGCAATGGCTTA,0,27231
TSS_1414_storz_regulondb,0.1111111111111111,8,8,TAAGAGGCTCCGTAGGGGAA,0,27916
TSS_1414_storz_regulondb,0.1111111111111111,8,8,TAAGAGATGGCAATTCATAA,0,72767
TSS_1414_storz_regulondb,0.1111111111111111,8,8,TAACCGCACCTGTCCCGTTC,0,65851
TSS_1414_storz_regulondb,0.1111111111111111,8,8,TAAATTGTTCTTACCTTTAT,0,15598
TSS_1414_storz_regulondb,0.1111111111111111,8,8,TAAATAGATTATTTGCTGAT,0,57624
TSS_1414_storz_regulondb,0.1111111111111111,8,8,TAAAGGCTCTACTGGCAGGG,0,22252
TSS_1414_storz_regulondb,0.1111111111111111,8,8,TAAAGACGCAACCTGTATAA,0,30934
TSS_1414_storz_regulondb,0.1111111111111111,8,8,TAAACCATAATGAGCTAATC,0,33722
TSS_1414_storz_regulondb,0.1111111111111111,8,8,TAAAAGTCCACCCATCATTT,0,2210
TSS_1414_storz_regulondb,0.1111111111111111,8,8,GTTTGTATGGGTTAGGACAC,0,69499
TSS_1414_storz_regulondb,0.1111111111111111,8,8,GTTTGCGCTTCTTGGGAGAT,0,736
TSS_1414_storz_regulondb,0.1111111111111111,8,8,GTTGTGTGCCTTACTCAGTG,0,5668
TSS_1414_storz_regulondb,0.1111111111111111,8,8,GTTGTGGTCTGAGTCTCGGT,0,56926
TSS_1414_storz_regulondb,0.1111111111111111,8,8,GTTGTCTGTCTGACATTATA,0,60986
TSS_1414_storz_regulondb,0.1111111111111111,8,8,GTTGGAAGCAAACTGATGAC,0,6270
TSS_1414_storz_regulondb,0.1111111111111111,8,8,GTTGGAAGATCATCCATGGG,0,59920
TSS_1414_storz_regulondb,0.1111111111111111,8,8,GTTGCTCAGATGTATTTTTC,0,5859
TSS_1414_storz_regulondb,0.1111111111111111,8,8,GTTGCGATTAACGTATCGCT,0,77975
TSS_1414_storz_regulondb,0.1111111111111111,8,8,GTTGAAAAAGAACGCCATAG,0,20816
TSS_1414_storz_regulondb,0.1111111111111111,8,8,GTTCATGGACCTGAGCCTTA,0,74538
TSS_1414_storz_regulondb,0.1111111111111111,8,8,GTTATATAATCAAGTAACTC,0,17114
TSS_1414_storz_regulondb,0.1111111111111111,8,8,GTTAGTCACGCATGGGAACT,0,63542
TSS_1414_storz_regulondb,0.1111111111111111,8,8,GTTAGTAGATGGTAATTGCC,0,27812
TSS_1414_storz_regulondb,0.1111111111111111,8,8,GTTACAACCGCTCTAGAAAG,0,74225
TSS_1414_storz_regulondb,0.1111111111111111,8,8,GTTACAAAATTCGCGCAAAG,0,40065
TSS_1414_storz_regulondb,0.1111111111111111,8,8,GTTAAGCCCGATTGTATGGG,0,18924
TSS_1414_storz_regulondb,0.1111111111111111,8,8,GTGTGCAGTTGCAACGGCAG,0,41573
TSS_1414_storz_regulondb,0.1111111111111111,8,8,GTGTCTTCGTTCTCCTTGCT,0,66565
TSS_1414_storz_regulondb,0.1111111111111111,8,8,GTGGGGTGTGTCAAAAGCTT,0,3900
TSS_1414_storz_regulondb,0.1111111111111111,8,8,GTGGGGCGATACGTCGGTCA,0,11153
TSS_1414_storz_regulondb,0.1111111111111111,8,8,GTGGGCACTTGTAAGGATGG,0,78378
TSS_1414_storz_regulondb,0.1111111111111111,8,8,GTGGGCAAATAAAGACGCCT,0,42957
TSS_1414_storz_regulondb,0.1111111111111111,8,8,GTGGCTGCTGCGCCAGTGCT,0,42594
TSS_1414_storz_regulondb,0.1111111111111111,8,8,GTGCCGTATGGCCCAGGCCT,0,72110
TSS_1414_storz_regulondb,0.1111111111111111,8,8,GTGCCAACCGCAGTGTCAGC,0,57468
TSS_1414_storz_regulondb,0.1111111111111111,8,8,GTGCATTTGTCCTCCGTTAT,0,12754
TSS_1414_storz_regulondb,0.1111111111111111,8,8,GTGCAGTAGTTCAGGGGTCA,0,51836
TSS_1414_storz_regulondb,0.1111111111111111,8,8,GTGCAGGACCATCTCGAATT,0,27861
TSS_1414_storz_regulondb,0.1111111111111111,8,8,GTGATTTGATCTGGAGAGCT,0,78898
TSS_1414_storz_regulondb,0.1111111111111111,8,8,GTGAGGTACTGGGCTCATAC,0,21846
TSS_1414_storz_regulondb,0.1111111111111111,8,8,GTGAGCCTTTTGGCTGGAAC,0,52625
TSS_1414_storz_regulondb,0.1111111111111111,8,8,GTGACAATCTGGCAACACTG,0,53655
TSS_1414_storz_regulondb,0.1111111111111111,8,8,GTCTTCACCCTCATGCTCTG,0,32231
TSS_1414_storz_regulondb,0.1111111111111111,8,8,GTCTGTCGAAGAGAAGAGTA,0,11531
TSS_1414_storz_regulondb,0.1111111111111111,8,8,GTCTGTCGAACAATGAATCG,0,52816
TSS_1414_storz_regulondb,0.1111111111111111,8,8,GTCTGAAACTGGGGATTGAG,0,43636
TSS_1414_storz_regulondb,0.1111111111111111,8,8,GTCTCCTTGACATATGTGTT,0,35835
TSS_1414_storz_regulondb,0.1111111111111111,8,8,GTCTATCGATTCTCGCTTAG,0,13904
TSS_1414_storz_regulondb,0.1111111111111111,8,8,GTCTACTGACCATTCCGATG,0,53224
TSS_1414_storz_regulondb,0.1111111111111111,8,8,GTCTAATAATCAGGTTCCAA,0,7624
TSS_1414_storz_regulondb,0.1111111111111111,8,8,GTCGTCTCCCTAATTAACCC,0,77635
TSS_1414_storz_regulondb,0.1111111111111111,8,8,GTCGGAGTCACTACGAGCAG,0,41146
TSS_1414_storz_regulondb,0.1111111111111111,8,8,GTCGCGGGCGGTTCAATATA,0,41292
TSS_1414_storz_regulondb,0.1111111111111111,8,8,GTCGCACATATCTTGGAGTT,0,36181
TSS_1414_storz_regulondb,0.1111111111111111,8,8,GTCCTATCCCCTGACGGGGT,0,39093
TSS_1414_storz_regulondb,0.1111111111111111,8,8,GTCCTATACCATACATGCGA,0,329
TSS_1414_storz_regulondb,0.1111111111111111,8,8,GTCCGCCAGGCACACTCATG,0,21376
TSS_1414_storz_regulondb,0.1111111111111111,8,8,GTCCATATGGGTAACCGGTC,0,22047
TSS_1414_storz_regulondb,0.1111111111111111,8,8,GTCATTTACGCGGCATCAGA,0,33447
TSS_1414_storz_regulondb,0.1111111111111111,8,8,GTCATGGTTCGAAAGTCCGT,0,79303
TSS_1414_storz_regulondb,0.1111111111111111,8,8,GTCATAAGACTCCAATTATT,0,9846
TSS_1414_storz_regulondb,0.1111111111111111,8,8,GTATTGAAGTCCGCAACTGT,0,26643
TSS_1414_storz_regulondb,0.1111111111111111,8,8,GTATGCAACGTAAGACCAGA,0,2449
TSS_1414_storz_regulondb,0.1111111111111111,8,8,GTATCGTGAGTGCGGAGGAT,0,50538
TSS_1414_storz_regulondb,0.1111111111111111,8,8,GTATCAACGCGAATGTCAGT,0,55949
TSS_1414_storz_regulondb,0.1111111111111111,8,8,GTATACTAAGGTACCAACTG,0,66764
TSS_1414_storz_regulondb,0.1111111111111111,8,8,GTAGTTCATCCATGCACCCG,0,28358
TSS_1414_storz_regulondb,0.1111111111111111,8,8,GTAGTAACACACTCATCGGG,0,73728
TSS_1414_storz_regulondb,0.1111111111111111,8,8,GTAGCCGGTGAGCCAACCTG,0,28295
TSS_1414_storz_regulondb,0.1111111111111111,8,8,GTAGAACGTGTTACTGGGAA,0,71091
TSS_1414_storz_regulondb,0.1111111111111111,8,8,GTACGTGGGCGGGTTGCGGC,0,55831
TSS_1414_storz_regulondb,0.1111111111111111,8,8,GTACGCACTACCCTGTAGCT,0,19714
TSS_1414_storz_regulondb,0.1111111111111111,8,8,GTACATGCTGGGGCAAAACA,0,30717
TSS_1414_storz_regulondb,0.1111111111111111,8,8,GTACAAGCCAGCACTTAATA,0,23577
TSS_1414_storz_regulondb,0.1111111111111111,8,8,GTAAGAGAAGCGCGCAATAG,0,58609
TSS_1414_storz_regulondb,0.1111111111111111,8,8,GGTTTAGGGATGGGAGCGAT,0,25252
TSS_1414_storz_regulondb,0.1111111111111111,8,8,GGTTCTATGTCATTGTCGCC,0,30691
TSS_1414_storz_regulondb,0.1111111111111111,8,8,GGTTAGAAAGTCAATCCGAT,0,22213
TSS_1414_storz_regulondb,0.1111111111111111,8,8,GGTGTGGCTTCACGACGCGT,0,27358
TSS_1414_storz_regulondb,0.1111111111111111,8,8,GGTGTCAGTTCAGGGAGCGT,0,263
TSS_1414_storz_regulondb,0.1111111111111111,8,8,GGTGTATTATTGCCAGTGTA,0,26290
TSS_1414_storz_regulondb,0.1111111111111111,8,8,GGTGTAAGGACCCTGGTCGT,0,70485
TSS_1414_storz_regulondb,0.1111111111111111,8,8,GGTCTGGTCCAGCGAACACA,0,11441
TSS_1414_storz_regulondb,0.1111111111111111,8,8,GGTCGCCTTGGTTGATAGGG,0,62895
TSS_1414_storz_regulondb,0.1111111111111111,8,8,GGTCCTTCTATCACAGTCTG,0,62261
TSS_1414_storz_regulondb,0.1111111111111111,8,8,GGTCCCAACCCAGCGACATC,0,1007
TSS_1414_storz_regulondb,0.1111111111111111,8,8,GGTCACAGGAACAGTGATAC,0,68207
TSS_1414_storz_regulondb,0.1111111111111111,8,8,GGTATCTCCAGGCTTCTTCG,0,47996
TSS_1414_storz_regulondb,0.1111111111111111,8,8,GGTAGTCCAGTGGATCCTTA,0,32905
TSS_1414_storz_regulondb,0.1111111111111111,8,8,GGTAGGTGGAGATATAAGGG,0,62590
TSS_1414_storz_regulondb,0.1111111111111111,8,8,GGTACAGACGGGACTGAGAG,0,18591
TSS_1414_storz_regulondb,0.1111111111111111,8,8,GGTACACTGCCGCCCCGGAA,0,3780
TSS_1414_storz_regulondb,0.1111111111111111,8,8,GGGTTTTAATTCGAACTGAG,0,10432
TSS_1414_storz_regulondb,0.1111111111111111,8,8,GGGTTGACTCTTATGGGTTA,0,18255
TSS_1414_storz_regulondb,0.1111111111111111,8,8,GGGTAGTTGTGGGCTAAAGT,0,19933
TSS_1414_storz_regulondb,0.1111111111111111,8,8,GGGGTGTCAATCACTTATAA,0,2333
TSS_1414_storz_regulondb,0.1111111111111111,8,8,GGGGTGCATTGAACGCCTGA,0,66614
TSS_1414_storz_regulondb,0.1111111111111111,8,8,GGGGGTGTAGGCCACGCCTA,0,6613
TSS_1414_storz_regulondb,0.1111111111111111,8,8,GGGGGAAAATTAGATTTCGG,0,13522
TSS_1414_storz_regulondb,0.1111111111111111,8,8,GGGGCGTGCGGCCATATCGG,0,59003
TSS_1414_storz_regulondb,0.1111111111111111,8,8,GGGGCGCTTTAATCGCATTT,0,77002
TSS_1414_storz_regulondb,0.1111111111111111,8,8,GGGGCAAAGTTCGTGACCCA,0,77909
TSS_1414_storz_regulondb,0.1111111111111111,8,8,GGGCCTCCACTTAGGTGGTC,0,52049
TSS_1414_storz_regulondb,0.1111111111111111,8,8,GGGCATTCATTGGAATCGAA,0,6310
TSS_1414_storz_regulondb,0.1111111111111111,8,8,GGGCACGATACTCTAACGCA,0,60922
TSS_1414_storz_regulondb,0.1111111111111111,8,8,GGGATGGACTCGACTGGCCT,0,64553
TSS_1414_storz_regulondb,0.1111111111111111,8,8,GGGATCGTCAAACTAGACGT,0,8003
TSS_1414_storz_regulondb,0.1111111111111111,8,8,GGGATCCTATGGTGCGGTAA,0,69699
TSS_1414_storz_regulondb,0.1111111111111111,8,8,GGGAGTATCGACTCTGTGAC,0,54677
TSS_1414_storz_regulondb,0.1111111111111111,8,8,GGGACGGACATATAATAAGG,0,6242
TSS_1414_storz_regulondb,0.1111111111111111,8,8,GGGAATCTTAACGCGATCAG,0,54747
TSS_1414_storz_regulondb,0.1111111111111111,8,8,GGCTTTCAGGCGAAGTGGGT,0,44410
TSS_1414_storz_regulondb,0.1111111111111111,8,8,GGCTTGTATCAGTTTCATTC,0,29010
TSS_1414_storz_regulondb,0.1111111111111111,8,8,GGCTCTTGCATATCACAGAC,0,18513
TSS_1414_storz_regulondb,0.1111111111111111,8,8,GGCTCTGATTTTGTTGTCCA,0,58348
TSS_1414_storz_regulondb,0.1111111111111111,8,8,GGCTAGCTCATACTCCCCGG,0,55678
TSS_1414_storz_regulondb,0.1111111111111111,8,8,GGCTAAGTGCGGTGGCAAGA,0,20454
TSS_1414_storz_regulondb,0.1111111111111111,8,8,GGCGGTCAAGGTGGCGCTTC,0,42286
TSS_1414_storz_regulondb,0.1111111111111111,8,8,GGCGCTGCACACTGAAAGAT,0,54796
TSS_1414_storz_regulondb,0.1111111111111111,8,8,GGCGATGTTCTATTGCTTCG,0,40160
TSS_1414_storz_regulondb,0.1111111111111111,8,8,GGCGAACAACGGGCCATGGA,0,52946
TSS_1414_storz_regulondb,0.1111111111111111,8,8,GGCCTGCGACACACGTGACC,0,67117
TSS_1414_storz_regulondb,0.1111111111111111,8,8,GGCCGGTTAAACCTAGAACA,0,57913
TSS_1414_storz_regulondb,0.1111111111111111,8,8,GGCCCGTTTCTCTCATTGAT,0,70521
TSS_1414_storz_regulondb,0.1111111111111111,8,8,GGCCCGTGATACTAACTGTT,0,16025
TSS_1414_storz_regulondb,0.1111111111111111,8,8,GGCCCAGATCCGTTCGTAGG,0,57289
TSS_1414_storz_regulondb,0.1111111111111111,8,8,GGCCCACGCTGCCGCCAGCT,0,18759
TSS_1414_storz_regulondb,0.1111111111111111,8,8,GGCCATATTGTAAAATAAGA,0,13595
TSS_1414_storz_regulondb,0.1111111111111111,8,8,GGCATCCCATGGCTTCCACT,0,34919
TSS_1414_storz_regulondb,0.1111111111111111,8,8,GGCAATAAATACTTGTAAAG,0,64673
TSS_1414_storz_regulondb,0.1111111111111111,8,8,GGATTTAATTTCATGCACGA,0,58780
TSS_1414_storz_regulondb,0.1111111111111111,8,8,GGATCCCGTTATTAGCGACG,0,31799
TSS_1414_storz_regulondb,0.1111111111111111,8,8,GGATATATTGGCCCACCGCG,0,71019
TSS_1414_storz_regulondb,0.1111111111111111,8,8,GGAGTGATGCATGGCATTGC,0,41345
TSS_1414_storz_regulondb,0.1111111111111111,8,8,GGAGGTTCATACGTATAGAG,0,17969
TSS_1414_storz_regulondb,0.1111111111111111,8,8,GGAGACAAACTCTGTCAGGA,0,58563
TSS_1414_storz_regulondb,0.1111111111111111,8,8,GGAGAAGCCCTCTCACTCGT,0,76505
TSS_1414_storz_regulondb,0.1111111111111111,8,8,GGAAAGCCCGACCTATGCCC,0,14512
TSS_1414_storz_regulondb,0.1111111111111111,8,8,GCTTTACCGGGGTGAATAGG,0,45107
TSS_1414_storz_regulondb,0.1111111111111111,8,8,GCTTGGCTATTCAATCACGC,0,33455
TSS_1414_storz_regulondb,0.1111111111111111,8,8,GCTTGCGATTCCTAGAGTCT,0,25504
TSS_1414_storz_regulondb,0.1111111111111111,8,8,GCTGTTTTTAAATCGCGCAT,0,35233
TSS_1414_storz_regulondb,0.1111111111111111,8,8,GCTGTCACTCATAGCGATAG,0,34082
TSS_1414_storz_regulondb,0.1111111111111111,8,8,GCTGCGGGGTAGTAGAAGAA,0,53905
TSS_1414_storz_regulondb,0.1111111111111111,8,8,GCTGCCGCGAAACTCTGGTA,0,54983
TSS_1414_storz_regulondb,0.1111111111111111,8,8,GCTGCAACCATTGTATAAAT,0,34956
TSS_1414_storz_regulondb,0.1111111111111111,8,8,GCTGATGCTCGAACAGGGTT,0,64721
TSS_1414_storz_regulondb,0.1111111111111111,8,8,GCTCTACTTTATGTAAGCCG,0,36511
TSS_1414_storz_regulondb,0.1111111111111111,8,8,GCTCAACCCATGGTGGAGCA,0,31108
TSS_1414_storz_regulondb,0.1111111111111111,8,8,GCTATATGGAACAAATGTGG,0,62812
TSS_1414_storz_regulondb,0.1111111111111111,8,8,GCTAGTTAAGCAGGTGATTG,0,63540
TSS_1414_storz_regulondb,0.1111111111111111,8,8,GCTAGTATGACATATCGTCA,0,43135
TSS_1414_storz_regulondb,0.1111111111111111,8,8,GCTAGGTTAGCCGCAATTAT,0,73823
TSS_1414_storz_regulondb,0.1111111111111111,8,8,GCGTGGCAGAATGGGACCTA,0,1275
TSS_1414_storz_regulondb,0.1111111111111111,8,8,GCGTGCACCAGAGTAATGTA,0,40130
TSS_1414_storz_regulondb,0.1111111111111111,8,8,GCGGTTTCCGACGGACAATA,0,49979
TSS_1414_storz_regulondb,0.1111111111111111,8,8,GCGGTGGTTATTGCATTTAT,0,29173
TSS_1414_storz_regulondb,0.1111111111111111,8,8,GCGGCTTGTTGCATGTCGGC,0,4736
TSS_1414_storz_regulondb,0.1111111111111111,8,8,GCGGACTACCTTTAGAGGCC,0,10805
TSS_1414_storz_regulondb,0.1111111111111111,8,8,GCGCTGTCGAGAAACGGCTT,0,68666
TSS_1414_storz_regulondb,0.1111111111111111,8,8,GCGCTCCAAGGGTTATCGGG,0,55744
TSS_1414_storz_regulondb,0.1111111111111111,8,8,GCGCTCAAGGTAGATGGTGA,0,4727
TSS_1414_storz_regulondb,0.1111111111111111,8,8,GCGCCGCCAAGTTAGATGTT,0,15937
TSS_1414_storz_regulondb,0.1111111111111111,8,8,GCGCCAGCTTGCTCAGCCTG,0,64197
TSS_1414_storz_regulondb,0.1111111111111111,8,8,GCGCAAGTCTCCTTCCGGTA,0,19185
TSS_1414_storz_regulondb,0.1111111111111111,8,8,GCGCAACCTATTTGTTAGTC,0,22285
TSS_1414_storz_regulondb,0.1111111111111111,8,8,GCGAGTTGGACTTGATAGAC,0,48217
TSS_1414_storz_regulondb,0.1111111111111111,8,8,GCGAGGGTAGGTGTAGGGTT,0,860
TSS_1414_storz_regulondb,0.1111111111111111,8,8,GCGAGGCGCGTAACAGGGGT,0,26807
TSS_1414_storz_regulondb,0.1111111111111111,8,8,GCGACCGCGCGTTAAATTAA,0,47518
TSS_1414_storz_regulondb,0.1111111111111111,8,8,GCGAAGCAAAGTGTCGGTTA,0,11920
TSS_1414_storz_regulondb,0.1111111111111111,8,8,GCGAACTCGAGGCCGATGCA,0,79521
TSS_1414_storz_regulondb,0.1111111111111111,8,8,GCCTTTGAATGTTCCATCTT,0,19191
TSS_1414_storz_regulondb,0.1111111111111111,8,8,GCCTTGGGCAACGCTTGTAC,0,44605
TSS_1414_storz_regulondb,0.1111111111111111,8,8,GCCTTCGCAGATTGATGCAT,0,22984
TSS_1414_storz_regulondb,0.1111111111111111,8,8,GCCTCTCACGTAAGCCCGCC,0,34596
TSS_1414_storz_regulondb,0.1111111111111111,8,8,GCCTATTGTGAGGCTCTCGA,0,69901
TSS_1414_storz_regulondb,0.1111111111111111,8,8,GCCTAGTTCCCTGTGCTTTT,0,11631
TSS_1414_storz_regulondb,0.1111111111111111,8,8,GCCGGGCTACCACGTACCAT,0,4630
TSS_1414_storz_regulondb,0.1111111111111111,8,8,GCCGATTTTATGTTCTCAAG,0,6522
TSS_1414_storz_regulondb,0.1111111111111111,8,8,GCCGAGAGAGCTGTGTCCAA,0,80703
TSS_1414_storz_regulondb,0.1111111111111111,8,8,GCCCTAGGAGTAACCCGTAC,0,2023
TSS_1414_storz_regulondb,0.1111111111111111,8,8,GCCCGAGGGTCAGCAGGGCT,0,53447
TSS_1414_storz_regulondb,0.1111111111111111,8,8,GCCCCATATGAATTAAAAGC,0,53805
TSS_1414_storz_regulondb,0.1111111111111111,8,8,GCCAGGGAAATTTCGTCATA,0,69108
TSS_1414_storz_regulondb,0.1111111111111111,8,8,GCCAAGGAGTGAAAATCTTC,0,57677
TSS_1414_storz_regulondb,0.1111111111111111,8,8,GCATGCCTGCCCAGGGAAGG,0,45923
TSS_1414_storz_regulondb,0.1111111111111111,8,8,GCATACGAGTGCCACACGGT,0,7224
TSS_1414_storz_regulondb,0.1111111111111111,8,8,GCATAACACTGAAGGAGCTT,0,35456
TSS_1414_storz_regulondb,0.1111111111111111,8,8,GCAGCTTATGTCCGAGGCTA,0,24308
TSS_1414_storz_regulondb,0.1111111111111111,8,8,GCAGCGCGTGTCGGTGATAC,0,53147
TSS_1414_storz_regulondb,0.1111111111111111,8,8,GCACAAAGAGAGGGTAGGGA,0,38399
TSS_1414_storz_regulondb,0.1111111111111111,8,8,GCAATGGTAATTTTTTTCCA,0,55560
TSS_1414_storz_regulondb,0.1111111111111111,8,8,GCAAGAGGATTGCCGGTCAG,0,48809
TSS_1414_storz_regulondb,0.1111111111111111,8,8,GATTTTTTTAGATTCGTAGG,0,627
TSS_1414_storz_regulondb,0.1111111111111111,8,8,GATTGAGTGCCCTAGGGTTG,0,8069
TSS_1414_storz_regulondb,0.1111111111111111,8,8,GATCTAAGCCGTGTGGCCCG,0,45858
TSS_1414_storz_regulondb,0.1111111111111111,8,8,GATCGTCATCGGGCTTTCCC,0,12735
TSS_1414_storz_regulondb,0.1111111111111111,8,8,GATCCGTGAAGCACCAATCA,0,41288
TSS_1414_storz_regulondb,0.1111111111111111,8,8,GATCCCTCGGTGAAGTTGAG,0,41402
TSS_1414_storz_regulondb,0.1111111111111111,8,8,GATCAGCGCAGCCTCAATTC,0,35153
TSS_1414_storz_regulondb,0.1111111111111111,8,8,GATCAGCAAACTCGCTGTCC,0,8477
TSS_1414_storz_regulondb,0.1111111111111111,8,8,GATACTGTAATAGCCGCAAG,0,67952
TSS_1414_storz_regulondb,0.1111111111111111,8,8,GATACTCCATGCGACGTAAG,0,57635
TSS_1414_storz_regulondb,0.1111111111111111,8,8,GAGTCCGCGGCATATTGTAC,0,8532
TSS_1414_storz_regulondb,0.1111111111111111,8,8,GAGTCATCGACCCCTGCAGT,0,80088
TSS_1414_storz_regulondb,0.1111111111111111,8,8,GAGTAACTCACTCGAAATAC,0,31609
TSS_1414_storz_regulondb,0.1111111111111111,8,8,GAGGGCAATTGGTCGTTAGG,0,31195
TSS_1414_storz_regulondb,0.1111111111111111,8,8,GAGGATAACCTGGCTTTTAA,0,60290
TSS_1414_storz_regulondb,0.1111111111111111,8,8,GAGGAGGTCCCAACGCGTAT,0,48611
TSS_1414_storz_regulondb,0.1111111111111111,8,8,GAGGAGCGCTGTGCACCCAG,0,68615
TSS_1414_storz_regulondb,0.1111111111111111,8,8,GAGCTGCTTATCAGTTGTTC,0,78621
TSS_1414_storz_regulondb,0.1111111111111111,8,8,GAGCGTCAGCCTGGTATGGG,0,77744
TSS_1414_storz_regulondb,0.1111111111111111,8,8,GAGCCTTCGAGCTTATTACG,0,50006
TSS_1414_storz_regulondb,0.1111111111111111,8,8,GAGCCTCGGAGGTAAGTTCT,0,74656
TSS_1414_storz_regulondb,0.1111111111111111,8,8,GAGCCCCCTGCCAGGGCAGC,0,36244
TSS_1414_storz_regulondb,0.1111111111111111,8,8,GAGATAACTATGGCTTTGTA,0,18797
TSS_1414_storz_regulondb,0.1111111111111111,8,8,GAGAATGAACGAATGAACAG,0,35345
TSS_1414_storz_regulondb,0.1111111111111111,8,8,GAGAAGTCACCATTAAGTTG,0,18517
TSS_1414_storz_regulondb,0.1111111111111111,8,8,GAGAACTGGAAGGTAAACTC,0,53149
TSS_1414_storz_regulondb,0.1111111111111111,8,8,GAGAAATGTATTTCGTTGAT,0,77207
TSS_1414_storz_regulondb,0.1111111111111111,8,8,GAGAAACCTGTCACCTGGCA,0,74269
TSS_1414_storz_regulondb,0.1111111111111111,8,8,GACTTTAGGGAGTACCAGGT,0,69042
TSS_1414_storz_regulondb,0.1111111111111111,8,8,GACGGCTGCAGCACTATTTT,0,4558
TSS_1414_storz_regulondb,0.1111111111111111,8,8,GACGAGAGGGCTTTACAACT,0,62632
TSS_1414_storz_regulondb,0.1111111111111111,8,8,GACCAGCACGGGAAGCAAGA,0,10795
TSS_1414_storz_regulondb,0.1111111111111111,8,8,GACCAGACTTCCCGGCTTTT,0,68618
TSS_1414_storz_regulondb,0.1111111111111111,8,8,GACAGTCTCGTCCCCTATAA,0,32613
TSS_1414_storz_regulondb,0.1111111111111111,8,8,GACAGGTACGAAGTTCCTCA,0,31592
TSS_1414_storz_regulondb,0.1111111111111111,8,8,GACAATAAGAAATTAGTGCT,0,34316
TSS_1414_storz_regulondb,0.1111111111111111,8,8,GACAAACACATACATTGTCG,0,31227
TSS_1414_storz_regulondb,0.1111111111111111,8,8,GAATTTGTCCTCAATTAGTC,0,36489
TSS_1414_storz_regulondb,0.1111111111111111,8,8,GAATTCGGCTGCTGCAGGGT,0,53049
TSS_1414_storz_regulondb,0.1111111111111111,8,8,GAATCTTACCAAGTCCGGCC,0,23348
TSS_1414_storz_regulondb,0.1111111111111111,8,8,GAAGGAAGTTACACTCTCCC,0,25227
TSS_1414_storz_regulondb,0.1111111111111111,8,8,GAAGCCGTACCACACAGTGA,0,58093
TSS_1414_storz_regulondb,0.1111111111111111,8,8,GAAGCCGCGCCCTGGCTGGA,0,33929
TSS_1414_storz_regulondb,0.1111111111111111,8,8,GAAGCATAAATGGCGTCAGG,0,66884
TSS_1414_storz_regulondb,0.1111111111111111,8,8,GAACTTTGCAAGGCTACTAA,0,67108
TSS_1414_storz_regulondb,0.1111111111111111,8,8,GAACCTCGCATAGAATCTCA,0,15520
TSS_1414_storz_regulondb,0.1111111111111111,8,8,GAACAGAGTTTGATGACCGG,0,36346
TSS_1414_storz_regulondb,0.1111111111111111,8,8,GAACACGGGGTCTAATTTAG,0,36766
TSS_1414_storz_regulondb,0.1111111111111111,8,8,GAAATCAAACCCGACATGGA,0,64650
TSS_1414_storz_regulondb,0.1111111111111111,8,8,GAAAGACTTTAATGCGACTA,0,23007
TSS_1414_storz_regulondb,0.1111111111111111,8,8,GAAACAGGGGATTGTTTCAG,0,59488
TSS_1414_storz_regulondb,0.1111111111111111,8,8,GAAACAACAGTGTCGCGGAT,0,15235
TSS_1414_storz_regulondb,0.1111111111111111,8,8,GAAAATTGCTGTCACGTCAT,0,2428
TSS_1414_storz_regulondb,0.1111111111111111,8,8,GAAAACTATAGAACGTGTGA,0,30795
TSS_1414_storz_regulondb,0.1111111111111111,8,8,CTTGTAGTATTTGTAGCAGC,0,43550
TSS_1414_storz_regulondb,0.1111111111111111,8,8,CTTGACGCCATCGGTTTGTC,0,28566
TSS_1414_storz_regulondb,0.1111111111111111,8,8,CTTATATAGGAGTAGCTTTA,0,1073
TSS_1414_storz_regulondb,0.1111111111111111,8,8,CTTAGGTACAGAGATACAGC,0,50929
TSS_1414_storz_regulondb,0.1111111111111111,8,8,CTTAAGATCCTTCCGAGCCA,0,22200
TSS_1414_storz_regulondb,0.1111111111111111,8,8,CTGTTGCATGCGGCGTGTGT,0,5378
TSS_1414_storz_regulondb,0.1111111111111111,8,8,CTGTCGTGTACGAGTTCTGC,0,22948
TSS_1414_storz_regulondb,0.1111111111111111,8,8,CTGTCCGGGCACTTTCGAAC,0,54818
TSS_1414_storz_regulondb,0.1111111111111111,8,8,CTGTATCTCAGTTAGAATCT,0,56084
TSS_1414_storz_regulondb,0.1111111111111111,8,8,CTGTAACAGCTCTATCTACT,0,11127
TSS_1414_storz_regulondb,0.1111111111111111,8,8,CTGGTCGCTAAGCATACCCA,0,65100
TSS_1414_storz_regulondb,0.1111111111111111,8,8,CTGGCTACAGTTACATGACT,0,28279
TSS_1414_storz_regulondb,0.1111111111111111,8,8,CTGGACTGGCAAAGCATTCT,0,77083
TSS_1414_storz_regulondb,0.1111111111111111,8,8,CTGCTCCTAATTCATGAAGT,0,31176
TSS_1414_storz_regulondb,0.1111111111111111,8,8,CTGCGTTAGAGGTGGTTGTG,0,26412
TSS_1414_storz_regulondb,0.1111111111111111,8,8,CTGCGGGGCTACTGTTCGTT,0,63249
TSS_1414_storz_regulondb,0.1111111111111111,8,8,CTGCGCGTTGAGGCGCGTGG,0,43434
TSS_1414_storz_regulondb,0.1111111111111111,8,8,CTGCGCCACATCGAGCCTAA,0,37379
TSS_1414_storz_regulondb,0.1111111111111111,8,8,CTGATTCTGGTGAGTGCTTA,0,42515
TSS_1414_storz_regulondb,0.1111111111111111,8,8,CTGATTAAGGTTGAACGGAT,0,23060
TSS_1414_storz_regulondb,0.1111111111111111,8,8,CTGATGTTGCATCTCTCACT,0,44652
TSS_1414_storz_regulondb,0.1111111111111111,8,8,CTGATCTTTTATCCGCATTA,0,74956
TSS_1414_storz_regulondb,0.1111111111111111,8,8,CTGAGCTACAGCGTTTCATC,0,806
TSS_1414_storz_regulondb,0.1111111111111111,8,8,CTGACCCCTAAATTCCGAGC,0,78661
TSS_1414_storz_regulondb,0.1111111111111111,8,8,CTGAAGGGGGTACGCGTAAA,0,76379
TSS_1414_storz_regulondb,0.1111111111111111,8,8,CTGAAGCACCAGGGCTTCCA,0,26677
TSS_1414_storz_regulondb,0.1111111111111111,8,8,CTCTTGTCCTCGGGGACCGG,0,58300
TSS_1414_storz_regulondb,0.1111111111111111,8,8,CTCTTCCGACATCCCAGTGC,0,1229
TSS_1414_storz_regulondb,0.1111111111111111,8,8,CTCTGTCGTGCTAATTTCGG,0,19293
TSS_1414_storz_regulondb,0.1111111111111111,8,8,CTCTCGTCGTTATGGCTATA,0,57570
TSS_1414_storz_regulondb,0.1111111111111111,8,8,CTCTAAGTTTGAGACTGCTC,0,448
TSS_1414_storz_regulondb,0.1111111111111111,8,8,CTCGGAAGTTGCTTAAGGGG,0,24662
TSS_1414_storz_regulondb,0.1111111111111111,8,8,CTCGCTGGATAGGATATATA,0,66616
TSS_1414_storz_regulondb,0.1111111111111111,8,8,CTCGAAGGTGCAATTCAGGC,0,34844
TSS_1414_storz_regulondb,0.1111111111111111,8,8,CTCCGGTAATGTCGCGGCAT,0,47252
TSS_1414_storz_regulondb,0.1111111111111111,8,8,CTCCCCGCATAATCCTGGGC,0,8775
TSS_1414_storz_regulondb,0.1111111111111111,8,8,CTCCACAGTAGGTTACATCG,0,11791
TSS_1414_storz_regulondb,0.1111111111111111,8,8,CTCATAGGTGGGTCAGCACT,0,70551
TSS_1414_storz_regulondb,0.1111111111111111,8,8,CTCAGTCATAAGGGCTTGGT,0,12327
TSS_1414_storz_regulondb,0.1111111111111111,8,8,CTCAATCCGCACCCCCTAGA,0,70193
TSS_1414_storz_regulondb,0.1111111111111111,8,8,CTCAAGGAGGTTTATTCACG,0,38283
TSS_1414_storz_regulondb,0.1111111111111111,8,8,CTATTGCGGGTACATACCTT,0,29677
TSS_1414_storz_regulondb,0.1111111111111111,8,8,CTATGTGATCCACCCTGGGC,0,47150
TSS_1414_storz_regulondb,0.1111111111111111,8,8,CTATGGTTCTAACGCACGAG,0,32429
TSS_1414_storz_regulondb,0.1111111111111111,8,8,CTATGCATAAGTCTCTAGGG,0,75667
TSS_1414_storz_regulondb,0.1111111111111111,8,8,CTATCGTCTAAGTGCGCAAT,0,2307
TSS_1414_storz_regulondb,0.1111111111111111,8,8,CTATCAGCATTTAAGCCGAA,0,19366
TSS_1414_storz_regulondb,0.1111111111111111,8,8,CTATCACAGTCCATTGGGGA,0,41895
TSS_1414_storz_regulondb,0.1111111111111111,8,8,CTATACGATGCCTATCGGTC,0,23369
TSS_1414_storz_regulondb,0.1111111111111111,8,8,CTAGTCTGTCATACGTCCAT,0,65922
TSS_1414_storz_regulondb,0.1111111111111111,8,8,CTAGGCGGTCTTACTGTTTG,0,64008
TSS_1414_storz_regulondb,0.1111111111111111,8,8,CTAGCCCGGTTTATGTTTCG,0,24002
TSS_1414_storz_regulondb,0.1111111111111111,8,8,CTAGATCGTACGGGACGCTA,0,33427
TSS_1414_storz_regulondb,0.1111111111111111,8,8,CTACGTGATGATCGATCATA,0,65816
TSS_1414_storz_regulondb,0.1111111111111111,8,8,CTACGTCATTGGGCGCAGTG,0,55858
TSS_1414_storz_regulondb,0.1111111111111111,8,8,CTACGCCCGCAATTACTCGT,0,19507
TSS_1414_storz_regulondb,0.1111111111111111,8,8,CTACGATGTAGCCGATTACT,0,47883
TSS_1414_storz_regulondb,0.1111111111111111,8,8,CTACCGGAATACCATAACTG,0,9187
TSS_1414_storz_regulondb,0.1111111111111111,8,8,CTACCAAGCGCTGTCAGGCG,0,54131
TSS_1414_storz_regulondb,0.1111111111111111,8,8,CTACAGAAATATGGGTGTCT,0,9353
TSS_1414_storz_regulondb,0.1111111111111111,8,8,CTAATTTTAGGATGAGAGAG,0,80121
TSS_1414_storz_regulondb,0.1111111111111111,8,8,CTAATCGGGACTGTACGTTT,0,16599
TSS_1414_storz_regulondb,0.1111111111111111,8,8,CTAAGTTGAGATGTTCTGAG,0,4163
TSS_1414_storz_regulondb,0.1111111111111111,8,8,CTAAGTGCGAACCTGGCGAT,0,44368
TSS_1414_storz_regulondb,0.1111111111111111,8,8,CTAAATCTATATAGCGATAC,0,73895
TSS_1414_storz_regulondb,0.1111111111111111,8,8,CGTTTTCCACAACGAGTTTG,0,22876
TSS_1414_storz_regulondb,0.1111111111111111,8,8,CGTTGTGGAAACGGTTCAGT,0,42093
TSS_1414_storz_regulondb,0.1111111111111111,8,8,CGTTGAGGCTGAACGGACGG,0,16308
TSS_1414_storz_regulondb,0.1111111111111111,8,8,CGTTGAGAGTTTAGGGCTTG,0,33724
TSS_1414_storz_regulondb,0.1111111111111111,8,8,CGTTCGGCAGATCAGCGACG,0,8827
TSS_1414_storz_regulondb,0.1111111111111111,8,8,CGTTCATCGGCGTGTTTGCT,0,37741
TSS_1414_storz_regulondb,0.1111111111111111,8,8,CGTTATGCCAAGATATGAGT,0,79399
TSS_1414_storz_regulondb,0.1111111111111111,8,8,CGTGTTTTTCGAACCCAGGG,0,47792
TSS_1414_storz_regulondb,0.1111111111111111,8,8,CGTGATGGCCAAAGTGCTTA,0,73300
TSS_1414_storz_regulondb,0.1111111111111111,8,8,CGTCGTTGGTGCCTGTTTTA,0,12986
TSS_1414_storz_regulondb,0.1111111111111111,8,8,CGTCGCTCAGTTAATCTCCT,0,32018
TSS_1414_storz_regulondb,0.1111111111111111,8,8,CGTCACGTCTGACTTTAGAA,0,69666
TSS_1414_storz_regulondb,0.1111111111111111,8,8,CGGTGGGTAGTGCTTAAAGA,0,75069
TSS_1414_storz_regulondb,0.1111111111111111,8,8,CGGTCAGGAAACGCCACCGA,0,43721
TSS_1414_storz_regulondb,0.1111111111111111,8,8,CGGGATTGGGACCGTGGTAC,0,9173
TSS_1414_storz_regulondb,0.1111111111111111,8,8,CGGGACGATAAGGCCATATT,0,35895
TSS_1414_storz_regulondb,0.1111111111111111,8,8,CGGGACCTGCTGCCTATCTA,0,46701
TSS_1414_storz_regulondb,0.1111111111111111,8,8,CGGCTCCGCACAGACTCAAT,0,9964
TSS_1414_storz_regulondb,0.1111111111111111,8,8,CGGCGGCGACGTGCTGCGTG,0,68006
TSS_1414_storz_regulondb,0.1111111111111111,8,8,CGGCGCAATGATAGCACATG,0,40430
TSS_1414_storz_regulondb,0.1111111111111111,8,8,CGGCGATTTTCTTCATACAT,0,57199
TSS_1414_storz_regulondb,0.1111111111111111,8,8,CGGCATTCATGGCTCGTTCA,0,49653
TSS_1414_storz_regulondb,0.1111111111111111,8,8,CGGCAGGCTCACAAGTTACA,0,22519
TSS_1414_storz_regulondb,0.1111111111111111,8,8,CGGCACTCCAGGACAGGTGT,0,64637
TSS_1414_storz_regulondb,0.1111111111111111,8,8,CGGCAAGGAGAATTAATCGG,0,41300
TSS_1414_storz_regulondb,0.1111111111111111,8,8,CGGCAAGCTTGACGACTGTC,0,30571
TSS_1414_storz_regulondb,0.1111111111111111,8,8,CGGATCTGTCCTCTTCAGAA,0,6564
TSS_1414_storz_regulondb,0.1111111111111111,8,8,CGGATATTCGGCGTGACCAG,0,41071
TSS_1414_storz_regulondb,0.1111111111111111,8,8,CGGAGTGCGCCAAATTATCG,0,52487
TSS_1414_storz_regulondb,0.1111111111111111,8,8,CGGAGTACAAAGAAGTTCTC,0,34864
TSS_1414_storz_regulondb,0.1111111111111111,8,8,CGGAGGCATCATGCAAGAGG,0,37238
TSS_1414_storz_regulondb,0.1111111111111111,8,8,CGGAGCTGACACTATTGTTA,0,57661
TSS_1414_storz_regulondb,0.1111111111111111,8,8,CGGACACAGCAGAATATTGG,0,45297
TSS_1414_storz_regulondb,0.1111111111111111,8,8,CGGAATCTCGTCGGGTATCG,0,40499
TSS_1414_storz_regulondb,0.1111111111111111,8,8,CGCTTGGCCTTTTTTTTCAT,0,28536
TSS_1414_storz_regulondb,0.1111111111111111,8,8,CGCGCCTAACATTGACTCCA,0,46799
TSS_1414_storz_regulondb,0.1111111111111111,8,8,CGCGAATAGCAAGATTTCGT,0,64549
TSS_1414_storz_regulondb,0.1111111111111111,8,8,CGCCAGGGCTCTTTCAACAT,0,4022
TSS_1414_storz_regulondb,0.1111111111111111,8,8,CGCCAGCCTACGAGGCCACA,0,52093
TSS_1414_storz_regulondb,0.1111111111111111,8,8,CGCCAAAGTTGGGTACTCCC,0,46430
TSS_1414_storz_regulondb,0.1111111111111111,8,8,CGCATCTACTCATCGCATGT,0,53610
TSS_1414_storz_regulondb,0.1111111111111111,8,8,CGCAAGACCCTATTCATCGA,0,28508
TSS_1414_storz_regulondb,0.1111111111111111,8,8,CGATTGTCTCATATGGGCAT,0,77968
TSS_1414_storz_regulondb,0.1111111111111111,8,8,CGATTGCGTCATTGTGCGTA,0,48515
TSS_1414_storz_regulondb,0.1111111111111111,8,8,CGATTACAGCCGGCGAACTT,0,4773
TSS_1414_storz_regulondb,0.1111111111111111,8,8,CGATGCGATTCTCTTGCGGC,0,53595
TSS_1414_storz_regulondb,0.1111111111111111,8,8,CGATGCAACAGATGCTTTAT,0,23240
TSS_1414_storz_regulondb,0.1111111111111111,8,8,CGATCTCTTTCAGTGATAAA,0,36814
TSS_1414_storz_regulondb,0.1111111111111111,8,8,CGATCGGCAAGTCTTAAGCT,0,11081
TSS_1414_storz_regulondb,0.1111111111111111,8,8,CGAGCTCGCTAGAAAATGAC,0,727
TSS_1414_storz_regulondb,0.1111111111111111,8,8,CGAGCGGACTCGGGACGTCC,0,38755
TSS_1414_storz_regulondb,0.1111111111111111,8,8,CGAGCCCGTGACGCCATCCC,0,19054
TSS_1414_storz_regulondb,0.1111111111111111,8,8,CGAGCACAGCGCGCTTGACC,0,39473
TSS_1414_storz_regulondb,0.1111111111111111,8,8,CGAGAATTCCCAGTAGCTGT,0,25428
TSS_1414_storz_regulondb,0.1111111111111111,8,8,CGAGAAGCGGCCCAACTTTA,0,75029
TSS_1414_storz_regulondb,0.1111111111111111,8,8,CGACCTCCAGGTAAACATCA,0,77609
TSS_1414_storz_regulondb,0.1111111111111111,8,8,CGACCTCACCAAGGAGTCTT,0,16093
TSS_1414_storz_regulondb,0.1111111111111111,8,8,CGACCATGGGACTTGGAGCA,0,77932
TSS_1414_storz_regulondb,0.1111111111111111,8,8,CGACATTGGATTACGCCCCC,0,60370
TSS_1414_storz_regulondb,0.1111111111111111,8,8,CGACATGGGTCACGATACGT,0,60357
TSS_1414_storz_regulondb,0.1111111111111111,8,8,CGAATTAGACCAAATCCAGG,0,52079
TSS_1414_storz_regulondb,0.1111111111111111,8,8,CGAATCGTCATGCATCTGCG,0,29532
TSS_1414_storz_regulondb,0.1111111111111111,8,8,CGAAGTCCTACCGGTGCTAA,0,40537
TSS_1414_storz_regulondb,0.1111111111111111,8,8,CGAAGGACCAGCGTAGCGCT,0,17812
TSS_1414_storz_regulondb,0.1111111111111111,8,8,CGAACTAATGAGGCCTGTTT,0,67430
TSS_1414_storz_regulondb,0.1111111111111111,8,8,CGAACCGTGGGTGGGCCTCT,0,36638
TSS_1414_storz_regulondb,0.1111111111111111,8,8,CGAACAGGTCGCACCTTAAG,0,53767
TSS_1414_storz_regulondb,0.1111111111111111,8,8,CGAAAACGCTTCATCTTCGC,0,20107
TSS_1414_storz_regulondb,0.1111111111111111,8,8,CCTTTGCACGATAAAATCGA,0,36410
TSS_1414_storz_regulondb,0.1111111111111111,8,8,CCTTGTAATGACAATGGATA,0,60287
TSS_1414_storz_regulondb,0.1111111111111111,8,8,CCTTAGGGAGGCCCTGTTAA,0,51532
TSS_1414_storz_regulondb,0.1111111111111111,8,8,CCTTACCCAAAGATGCTAGT,0,16694
TSS_1414_storz_regulondb,0.1111111111111111,8,8,CCTGTGCTCTACTTATCATA,0,41291
TSS_1414_storz_regulondb,0.1111111111111111,8,8,CCTGGTGCAATGTTGTACTT,0,75496
TSS_1414_storz_regulondb,0.1111111111111111,8,8,CCTGGACGCTAAGGGCAGAT,0,10498
TSS_1414_storz_regulondb,0.1111111111111111,8,8,CCTCTTCACTGGCATGCCAT,0,22909
TSS_1414_storz_regulondb,0.1111111111111111,8,8,CCTCTCATATAGGGGTAGAA,0,18535
TSS_1414_storz_regulondb,0.1111111111111111,8,8,CCTCGTCTAGTTAGATTACT,0,79782
TSS_1414_storz_regulondb,0.1111111111111111,8,8,CCTCGTAGACCGTTAGGCGT,0,38450
TSS_1414_storz_regulondb,0.1111111111111111,8,8,CCTCGCCACCGGACACACGA,0,53557
TSS_1414_storz_regulondb,0.1111111111111111,8,8,CCTCGCACACTCATAGGGCG,0,76515
TSS_1414_storz_regulondb,0.1111111111111111,8,8,CCTCCCTTTATTAGCAGGTG,0,74787
TSS_1414_storz_regulondb,0.1111111111111111,8,8,CCTATTGCACAAGGTTGCTA,0,67592
TSS_1414_storz_regulondb,0.1111111111111111,8,8,CCTATCCGTCACGAAGGGTC,0,65389
TSS_1414_storz_regulondb,0.1111111111111111,8,8,CCTAACATTCGTACGCTACT,0,41913
TSS_1414_storz_regulondb,0.1111111111111111,8,8,CCTAAACACGACGCGGACTC,0,27428
TSS_1414_storz_regulondb,0.1111111111111111,8,8,CCGTTCACATCGGCGGTTGA,0,22979
TSS_1414_storz_regulondb,0.1111111111111111,8,8,CCGTGAAATAGACGTTCCGT,0,18799
TSS_1414_storz_regulondb,0.1111111111111111,8,8,CCGTAGTTGCTCACGCACGT,0,16741
TSS_1414_storz_regulondb,0.1111111111111111,8,8,CCGTAGCCCTGATCATATTA,0,1966
TSS_1414_storz_regulondb,0.1111111111111111,8,8,CCGGGCGTCAATGCCCAATT,0,78291
TSS_1414_storz_regulondb,0.1111111111111111,8,8,CCGGCTGTCTACCTCCTACT,0,35444
TSS_1414_storz_regulondb,0.1111111111111111,8,8,CCGCGACGGGCGTCGTCCAT,0,59160
TSS_1414_storz_regulondb,0.1111111111111111,8,8,CCGCACGGGTTTAAGTCCAA,0,3890
TSS_1414_storz_regulondb,0.1111111111111111,8,8,CCGCACACGAGTCTCATCAG,0,48129
TSS_1414_storz_regulondb,0.1111111111111111,8,8,CCGATCCCATGAAGAGCTTG,0,42697
TSS_1414_storz_regulondb,0.1111111111111111,8,8,CCGACATATTTCAACTTTGT,0,37149
TSS_1414_storz_regulondb,0.1111111111111111,8,8,CCCTCCGGACTTACTACGGG,0,42886
TSS_1414_storz_regulondb,0.1111111111111111,8,8,CCCTATTATTCGATGACATG,0,42037
TSS_1414_storz_regulondb,0.1111111111111111,8,8,CCCTAACTTACAGGCTTTTG,0,33416
TSS_1414_storz_regulondb,0.1111111111111111,8,8,CCCGTTCACGCACATTGAGG,0,12174
TSS_1414_storz_regulondb,0.1111111111111111,8,8,CCCGTGTGTGAAGCGAGAGA,0,31104
TSS_1414_storz_regulondb,0.1111111111111111,8,8,CCCGTGAATCTGGGATCGAT,0,43893
TSS_1414_storz_regulondb,0.1111111111111111,8,8,CCCGTAGGTACAGTATGGAG,0,77070
TSS_1414_storz_regulondb,0.1111111111111111,8,8,CCCGCGGACTATAGTTACCC,0,531
TSS_1414_storz_regulondb,0.1111111111111111,8,8,CCCGCAAGGCTAAGTCCCTC,0,608
TSS_1414_storz_regulondb,0.1111111111111111,8,8,CCCGACGTAAGCCATCATAT,0,44720
TSS_1414_storz_regulondb,0.1111111111111111,8,8,CCCCGACTTACCATTAACTA,0,61359
TSS_1414_storz_regulondb,0.1111111111111111,8,8,CCCCAGGAGTATAGGAGGGT,0,32365
TSS_1414_storz_regulondb,0.1111111111111111,8,8,CCCAGCGAAGGGGGGTTGCT,0,17673
TSS_1414_storz_regulondb,0.1111111111111111,8,8,CCCACTCGTCACATGGCCAC,0,30146
TSS_1414_storz_regulondb,0.1111111111111111,8,8,CCATTCTGGGACCGCCGCCA,0,10627
TSS_1414_storz_regulondb,0.1111111111111111,8,8,CCATCTGGCCAGAGGACACT,0,29079
TSS_1414_storz_regulondb,0.1111111111111111,8,8,CCATCTACCTAAGTTTACAA,0,35403
TSS_1414_storz_regulondb,0.1111111111111111,8,8,CCATAAATTGTTTCTGGGAG,0,80947
TSS_1414_storz_regulondb,0.1111111111111111,8,8,CCAGTGTAGCTATCATTAGT,0,28177
TSS_1414_storz_regulondb,0.1111111111111111,8,8,CCAGTGAGCGGTGACAGTCT,0,27520
TSS_1414_storz_regulondb,0.1111111111111111,8,8,CCAGTAGCAATCTTTACGCC,0,38294
TSS_1414_storz_regulondb,0.1111111111111111,8,8,CCAGGGCACGATACAACACG,0,37019
TSS_1414_storz_regulondb,0.1111111111111111,8,8,CCAGCTACGAGCGAGCTTTA,0,13049
TSS_1414_storz_regulondb,0.1111111111111111,8,8,CCAGCGGGTCTTCGCGGCTA,0,22949
TSS_1414_storz_regulondb,0.1111111111111111,8,8,CCACTTTGCATATTAAGCTG,0,78289
TSS_1414_storz_regulondb,0.1111111111111111,8,8,CCACTGGTAATCAGTTCATT,0,64264
TSS_1414_storz_regulondb,0.1111111111111111,8,8,CCACTATTAGAGTATCCTGC,0,9280
TSS_1414_storz_regulondb,0.1111111111111111,8,8,CCACGGCTTTTGCACAGCTG,0,1763
TSS_1414_storz_regulondb,0.1111111111111111,8,8,CCACGAGTAGAATCTATCTA,0,29784
TSS_1414_storz_regulondb,0.1111111111111111,8,8,CCACACACTTTAGTTGGCGA,0,12061
TSS_1414_storz_regulondb,0.1111111111111111,8,8,CCACAATGGAGACGGCCCGG,0,44367
TSS_1414_storz_regulondb,0.1111111111111111,8,8,CCAATGTGTCACCGCGGCTA,0,69907
TSS_1414_storz_regulondb,0.1111111111111111,8,8,CCAATGTAACTCGATGGACA,0,57211
TSS_1414_storz_regulondb,0.1111111111111111,8,8,CCAAGCTGCAATGCTGGCAT,0,50482
TSS_1414_storz_regulondb,0.1111111111111111,8,8,CCAAGAAACTCTCTATCCAC,0,53350
TSS_1414_storz_regulondb,0.1111111111111111,8,8,CCAACGCCCCTTTCGAATTG,0,47739
TSS_1414_storz_regulondb,0.1111111111111111,8,8,CATTTGTTTATAGCGTAGCA,0,8771
TSS_1414_storz_regulondb,0.1111111111111111,8,8,CATTTCGGGGCCTGTGAGAA,0,72770
TSS_1414_storz_regulondb,0.1111111111111111,8,8,CATTGTTTCTACAGGCCACG,0,11452
TSS_1414_storz_regulondb,0.1111111111111111,8,8,CATTGAGTACGACCGTGTGT,0,70236
TSS_1414_storz_regulondb,0.1111111111111111,8,8,CATGGGTACGGCAGTAGTAC,0,73532
TSS_1414_storz_regulondb,0.1111111111111111,8,8,CATCTCATGGCGAAGCCGGG,0,74192
TSS_1414_storz_regulondb,0.1111111111111111,8,8,CATCGTCCTCATGGCTGAGA,0,25740
TSS_1414_storz_regulondb,0.1111111111111111,8,8,CATCCGATGCGCCTTGCGGA,0,11870
TSS_1414_storz_regulondb,0.1111111111111111,8,8,CATATTTTGATAAAATCCAT,0,70085
TSS_1414_storz_regulondb,0.1111111111111111,8,8,CATATCTTTCTAGATGCTTC,0,41585
TSS_1414_storz_regulondb,0.1111111111111111,8,8,CATAGATCGGTGGGCCCAAT,0,18911
TSS_1414_storz_regulondb,0.1111111111111111,8,8,CATACACCCAAGGTCACTCC,0,43555
TSS_1414_storz_regulondb,0.1111111111111111,8,8,CATAATCGCGATCCGGGTTT,0,26420
TSS_1414_storz_regulondb,0.1111111111111111,8,8,CAGTTCAGACAATAGGTTAC,0,13712
TSS_1414_storz_regulondb,0.1111111111111111,8,8,CAGTGAGTGATGTCTCGCGG,0,18905
TSS_1414_storz_regulondb,0.1111111111111111,8,8,CAGTCAATTCCACGGAGGTT,0,50867
TSS_1414_storz_regulondb,0.1111111111111111,8,8,CAGGTACATTACCCAGTTGA,0,76622
TSS_1414_storz_regulondb,0.1111111111111111,8,8,CAGGGGAGGCGGTACAGAAA,0,11918
TSS_1414_storz_regulondb,0.1111111111111111,8,8,CAGCTTAATTTGTGCGATTA,0,6308
TSS_1414_storz_regulondb,0.1111111111111111,8,8,CAGCTCACCACGCGAAAGCG,0,42759
TSS_1414_storz_regulondb,0.1111111111111111,8,8,CAGCGCAAGCGACGTCTCAT,0,79536
TSS_1414_storz_regulondb,0.1111111111111111,8,8,CAGCCGTTTCCTTTGCAGGA,0,19314
TSS_1414_storz_regulondb,0.1111111111111111,8,8,CAGCCCTACTCAGTAACCGC,0,44419
TSS_1414_storz_regulondb,0.1111111111111111,8,8,CAGCAGGAGGCCTATAGACA,0,61396
TSS_1414_storz_regulondb,0.1111111111111111,8,8,CAGATCGTTCAACAAGTCCA,0,24303
TSS_1414_storz_regulondb,0.1111111111111111,8,8,CAGAGATTGCGTGTACAACA,0,80671
TSS_1414_storz_regulondb,0.1111111111111111,8,8,CAGAGATTAAACCTATTTCG,0,75151
TSS_1414_storz_regulondb,0.1111111111111111,8,8,CAGACGGGCCGATTCGTTCT,0,32546
TSS_1414_storz_regulondb,0.1111111111111111,8,8,CAGACCTGCTTACTCTGTGC,0,73991
TSS_1414_storz_regulondb,0.1111111111111111,8,8,CACTTTAAACGGGGTTGGTT,0,17041
TSS_1414_storz_regulondb,0.1111111111111111,8,8,CACTACTTCCCTCGATGGAC,0,23907
TSS_1414_storz_regulondb,0.1111111111111111,8,8,CACGTTAGGGACGGCGGCGT,0,16686
TSS_1414_storz_regulondb,0.1111111111111111,8,8,CACGTAGCGCCGACCTGAAT,0,61167
TSS_1414_storz_regulondb,0.1111111111111111,8,8,CACGGGCATATGCCGTATCT,0,1269
TSS_1414_storz_regulondb,0.1111111111111111,8,8,CACGATGCGAAATAGTCTGC,0,77642
TSS_1414_storz_regulondb,0.1111111111111111,8,8,CACCGTCACACGGCACGCTA,0,48713
TSS_1414_storz_regulondb,0.1111111111111111,8,8,CACCAGGACGCTCTACATGG,0,4152
TSS_1414_storz_regulondb,0.1111111111111111,8,8,CACCAATCCCGATTTAAAGG,0,28958
TSS_1414_storz_regulondb,0.1111111111111111,8,8,CACATGGGTCAGGGTCAGCA,0,24395
TSS_1414_storz_regulondb,0.1111111111111111,8,8,CACATCAAGAAGCCTGGTGG,0,61300
TSS_1414_storz_regulondb,0.1111111111111111,8,8,CACAGGATCTACCTAATCCC,0,10092
TSS_1414_storz_regulondb,0.1111111111111111,8,8,CACAGCAGTAATCCGATAGT,0,75333
TSS_1414_storz_regulondb,0.1111111111111111,8,8,CACAAGCCTAGGGAGTATGT,0,5402
TSS_1414_storz_regulondb,0.1111111111111111,8,8,CAATTAAGAACAATATGAGG,0,73791
TSS_1414_storz_regulondb,0.1111111111111111,8,8,CAATGATCTTCGCTGATCTT,0,7306
TSS_1414_storz_regulondb,0.1111111111111111,8,8,CAATCTCGCCGAAACACAAC,0,62479
TSS_1414_storz_regulondb,0.1111111111111111,8,8,CAATCCGAGAGATGAAAAGG,0,36145
TSS_1414_storz_regulondb,0.1111111111111111,8,8,CAAGTGGTGCGGCAATCCTT,0,14696
TSS_1414_storz_regulondb,0.1111111111111111,8,8,CAAGTCACGAAGGGCCTAAT,0,55918
TSS_1414_storz_regulondb,0.1111111111111111,8,8,CAAGCAGCCTGACACCTGCT,0,30491
TSS_1414_storz_regulondb,0.1111111111111111,8,8,CAACTTATAACCACTACTTG,0,26738
TSS_1414_storz_regulondb,0.1111111111111111,8,8,CAACTAGGGGGGCTGGCCTC,0,59353
TSS_1414_storz_regulondb,0.1111111111111111,8,8,CAACGTGTTTCCAGAGAAAA,0,52336
TSS_1414_storz_regulondb,0.1111111111111111,8,8,CAACGTGGCGGTTTATGACT,0,32093
TSS_1414_storz_regulondb,0.1111111111111111,8,8,CAACCGGTGCACACAAAGAG,0,4912
TSS_1414_storz_regulondb,0.1111111111111111,8,8,CAAATTTCGAATTTAGATCA,0,24053
TSS_1414_storz_regulondb,0.1111111111111111,8,8,CAAAGCACCCGTCTGCGGAT,0,52425
TSS_1414_storz_regulondb,0.1111111111111111,8,8,ATTTTTCCACCGCGGCGCAT,0,40016
TSS_1414_storz_regulondb,0.1111111111111111,8,8,ATTTTGTGACGACGTACGAG,0,21819
TSS_1414_storz_regulondb,0.1111111111111111,8,8,ATTTTAATCACTGGGCAGCT,0,68977
TSS_1414_storz_regulondb,0.1111111111111111,8,8,ATTTGGTCATGCCATCTTAG,0,17602
TSS_1414_storz_regulondb,0.1111111111111111,8,8,ATTTATGTGTTTTGGAGAGT,0,29407
TSS_1414_storz_regulondb,0.1111111111111111,8,8,ATTGTGCGAGTTACCCCGGG,0,78604
TSS_1414_storz_regulondb,0.1111111111111111,8,8,ATTGGGGAATGGCCCACAAC,0,67540
TSS_1414_storz_regulondb,0.1111111111111111,8,8,ATTGGGCATGGAGGCAGAAG,0,35428
TSS_1414_storz_regulondb,0.1111111111111111,8,8,ATTGATGAAGTATTTCGGCT,0,75898
TSS_1414_storz_regulondb,0.1111111111111111,8,8,ATTCGTCCAGCGAAACGATT,0,76314
TSS_1414_storz_regulondb,0.1111111111111111,8,8,ATTATGTCACTCCGGCTGTC,0,7995
TSS_1414_storz_regulondb,0.1111111111111111,8,8,ATTACGTTACAGCCCAAAGA,0,49142
TSS_1414_storz_regulondb,0.1111111111111111,8,8,ATGTTATTTGTCATGATATT,0,61247
TSS_1414_storz_regulondb,0.1111111111111111,8,8,ATGTGTTTCTAGATTGGGTT,0,22149
TSS_1414_storz_regulondb,0.1111111111111111,8,8,ATGTAGTAGCATCCGTCCTG,0,46024
TSS_1414_storz_regulondb,0.1111111111111111,8,8,ATGTAGCAAACAGTGAGCAA,0,76299
TSS_1414_storz_regulondb,0.1111111111111111,8,8,ATGGCATGGTTTTGTTTCTC,0,71307
TSS_1414_storz_regulondb,0.1111111111111111,8,8,ATGGCACTCGAGGGATGGGG,0,78142
TSS_1414_storz_regulondb,0.1111111111111111,8,8,ATGGCAAAAATTGCAATCTT,0,73295
TSS_1414_storz_regulondb,0.1111111111111111,8,8,ATGCTTTTCAGCGGAATGAT,0,51035
TSS_1414_storz_regulondb,0.1111111111111111,8,8,ATGCGGGGCCTCTGTATTGC,0,47512
TSS_1414_storz_regulondb,0.1111111111111111,8,8,ATGCCGCGAAATCCGACTCA,0,19017
TSS_1414_storz_regulondb,0.1111111111111111,8,8,ATGCCAGAATGTAACTAGAA,0,11624
TSS_1414_storz_regulondb,0.1111111111111111,8,8,ATGCCAATCTCGACTCGTCC,0,52689
TSS_1414_storz_regulondb,0.1111111111111111,8,8,ATGCCAACGCAAGGCAGAGT,0,59001
TSS_1414_storz_regulondb,0.1111111111111111,8,8,ATGCATCTGATTTCATCATA,0,5282
TSS_1414_storz_regulondb,0.1111111111111111,8,8,ATGATTGAACAAGCCTCGTT,0,32011
TSS_1414_storz_regulondb,0.1111111111111111,8,8,ATGATCTTATTAATAGCGTC,0,48628
TSS_1414_storz_regulondb,0.1111111111111111,8,8,ATGATCCCGTCTGGCGGCGT,0,76327
TSS_1414_storz_regulondb,0.1111111111111111,8,8,ATGAGGCTGAGGAGTCATCG,0,11434
TSS_1414_storz_regulondb,0.1111111111111111,8,8,ATGAATCAATTCAAACAGTC,0,53532
TSS_1414_storz_regulondb,0.1111111111111111,8,8,ATGAAGTAAAGATCTCACAC,0,76266
TSS_1414_storz_regulondb,0.1111111111111111,8,8,ATGAAGAGCTTAACTGGTCC,0,16731
TSS_1414_storz_regulondb,0.1111111111111111,8,8,ATCTTGGACATGCAGCTTCT,0,63822
TSS_1414_storz_regulondb,0.1111111111111111,8,8,ATCTGTGGCGGCCGGATGGA,0,44237
TSS_1414_storz_regulondb,0.1111111111111111,8,8,ATCTGGGACGGGGGTATGCA,0,8759
TSS_1414_storz_regulondb,0.1111111111111111,8,8,ATCTGCCATCATGGTCTGGG,0,55855
TSS_1414_storz_regulondb,0.1111111111111111,8,8,ATCCTGGCTATGTGGTCTCC,0,27214
TSS_1414_storz_regulondb,0.1111111111111111,8,8,ATCCGCTCCAGGAACATGCA,0,51811
TSS_1414_storz_regulondb,0.1111111111111111,8,8,ATCCCTTAAATGGTCTTTGT,0,78744
TSS_1414_storz_regulondb,0.1111111111111111,8,8,ATCCACCGGAACACTCTCAA,0,51993
TSS_1414_storz_regulondb,0.1111111111111111,8,8,ATCAGTAGTCGTCTTTATTT,0,78789
TSS_1414_storz_regulondb,0.1111111111111111,8,8,ATCAGAGGTTTTTCTTCCTA,0,35544
TSS_1414_storz_regulondb,0.1111111111111111,8,8,ATCACTTCGGACGTTAGCGG,0,77748
TSS_1414_storz_regulondb,0.1111111111111111,8,8,ATCACTGTGCGACACTGACC,0,33248
TSS_1414_storz_regulondb,0.1111111111111111,8,8,ATCACTAACAAGACGTACTG,0,670
TSS_1414_storz_regulondb,0.1111111111111111,8,8,ATCAACGCCCTTGGCAATTC,0,52975
TSS_1414_storz_regulondb,0.1111111111111111,8,8,ATCAACAAATGACATACCTC,0,54349
TSS_1414_storz_regulondb,0.1111111111111111,8,8,ATCAAAGACGATCTAGTCAC,0,38994
TSS_1414_storz_regulondb,0.1111111111111111,8,8,ATATGGCGCTCCTGTAGGGG,0,68858
TSS_1414_storz_regulondb,0.1111111111111111,8,8,ATATGGATCTGTTGTAAATT,0,14985
TSS_1414_storz_regulondb,0.1111111111111111,8,8,ATATCTGCAACCTGGGTGGA,0,79238
TSS_1414_storz_regulondb,0.1111111111111111,8,8,ATATCCAGGTCCCGGTTACT,0,65649
TSS_1414_storz_regulondb,0.1111111111111111,8,8,ATATCAGAACGGGAAAGCTA,0,55775
TSS_1414_storz_regulondb,0.1111111111111111,8,8,ATATAGGGTGCGGCAAAAAA,0,80389
TSS_1414_storz_regulondb,0.1111111111111111,8,8,ATATAAGAGCTACGCAACAG,0,27947
TSS_1414_storz_regulondb,0.1111111111111111,8,8,ATAGTAGACGTGCGCGTAAT,0,16309
TSS_1414_storz_regulondb,0.1111111111111111,8,8,ATAGATTATTGTTATGGATG,0,31383
TSS_1414_storz_regulondb,0.1111111111111111,8,8,ATACTGGCAAGCGAAGAGCC,0,6687
TSS_1414_storz_regulondb,0.1111111111111111,8,8,ATACGCGGAGCTCTGATACA,0,66368
TSS_1414_storz_regulondb,0.1111111111111111,8,8,ATACATGTGTTCTGTATATA,0,42206
TSS_1414_storz_regulondb,0.1111111111111111,8,8,ATAATGGAACCTAATTTATT,0,43856
TSS_1414_storz_regulondb,0.1111111111111111,8,8,ATAATAGGGGTCAATGAAAG,0,15055
TSS_1414_storz_regulondb,0.1111111111111111,8,8,ATAAGACACGTTAAGATGGT,0,33690
TSS_1414_storz_regulondb,0.1111111111111111,8,8,ATAAGAAATGGACCATGACA,0,65112
TSS_1414_storz_regulondb,0.1111111111111111,8,8,ATAAACTTGTTGCCATACGC,0,31020
TSS_1414_storz_regulondb,0.1111111111111111,8,8,AGTTTTATCAAGAAGTCCAT,0,22993
TSS_1414_storz_regulondb,0.1111111111111111,8,8,AGTTCCCACCTGTAGTGGCG,0,3398
TSS_1414_storz_regulondb,0.1111111111111111,8,8,AGTGTTTGACTTGTTGGGGT,0,43007
TSS_1414_storz_regulondb,0.1111111111111111,8,8,AGTGTGGTAGGTTCACCGCT,0,13757
TSS_1414_storz_regulondb,0.1111111111111111,8,8,AGTGGGCCTTGCAGTCAGTC,0,71303
TSS_1414_storz_regulondb,0.1111111111111111,8,8,AGTGCTCCCAGTGGACAGTA,0,36293
TSS_1414_storz_regulondb,0.1111111111111111,8,8,AGTGCCTGAGTTAAAGAATG,0,68265
TSS_1414_storz_regulondb,0.1111111111111111,8,8,AGTGAGGGCGACACTTATAT,0,75275
TSS_1414_storz_regulondb,0.1111111111111111,8,8,AGTGAAGCGCTAGTTTCAAT,0,75021
TSS_1414_storz_regulondb,0.1111111111111111,8,8,AGTGAAGCAGCCGTTCCGTG,0,57295
TSS_1414_storz_regulondb,0.1111111111111111,8,8,AGTGAACCTGGTATGAATGC,0,44018
TSS_1414_storz_regulondb,0.1111111111111111,8,8,AGTCTTTGATACATGGTCGG,0,31129
TSS_1414_storz_regulondb,0.1111111111111111,8,8,AGTCTTATCGTAATCCACAC,0,1583
TSS_1414_storz_regulondb,0.1111111111111111,8,8,AGTCGCTCCTTTAGCGTGTG,0,36405
TSS_1414_storz_regulondb,0.1111111111111111,8,8,AGTCATTTCGAAGACAATAG,0,20828
TSS_1414_storz_regulondb,0.1111111111111111,8,8,AGTCATTGCCAGTTTTGTTC,0,59847
TSS_1414_storz_regulondb,0.1111111111111111,8,8,AGTCACGGCAAGATACCGAC,0,80425
TSS_1414_storz_regulondb,0.1111111111111111,8,8,AGTATGAGGGCTCCACAATT,0,72281
TSS_1414_storz_regulondb,0.1111111111111111,8,8,AGTATACTATAGTGGACTTT,0,38790
TSS_1414_storz_regulondb,0.1111111111111111,8,8,AGTAGGTCGTCTCCCTTTGA,0,75070
TSS_1414_storz_regulondb,0.1111111111111111,8,8,AGTAGCATTATAGCTCTATC,0,23750
TSS_1414_storz_regulondb,0.1111111111111111,8,8,AGTACTATGGAAAGTAATAA,0,34465
TSS_1414_storz_regulondb,0.1111111111111111,8,8,AGTACTACAATCTGGGCTCA,0,60340
TSS_1414_storz_regulondb,0.1111111111111111,8,8,AGTACGCCAGGTGACTTAAT,0,34118
TSS_1414_storz_regulondb,0.1111111111111111,8,8,AGTAATCTTAGTACTTTCTC,0,79375
TSS_1414_storz_regulondb,0.1111111111111111,8,8,AGTAAAGACTACAGTTGTGT,0,26031
TSS_1414_storz_regulondb,0.1111111111111111,8,8,AGGTTTTCTTCTTAGAGAGT,0,54718
TSS_1414_storz_regulondb,0.1111111111111111,8,8,AGGTGTTTATATGATCGAGA,0,27675
TSS_1414_storz_regulondb,0.1111111111111111,8,8,AGGTGTCCTGGGTTAACAAA,0,140
TSS_1414_storz_regulondb,0.1111111111111111,8,8,AGGTGATGATCTCTATTTTG,0,46987
TSS_1414_storz_regulondb,0.1111111111111111,8,8,AGGTCATTTTATCATCCGTA,0,56299
TSS_1414_storz_regulondb,0.1111111111111111,8,8,AGGTATGCCCAAATCGGCGC,0,17588
TSS_1414_storz_regulondb,0.1111111111111111,8,8,AGGTAGTTCGTTCGACCGGG,0,15104
TSS_1414_storz_regulondb,0.1111111111111111,8,8,AGGGTGAGAGAATTCCTTCG,0,66657
TSS_1414_storz_regulondb,0.1111111111111111,8,8,AGGGTCATTTATAGAGGGGG,0,23255
TSS_1414_storz_regulondb,0.1111111111111111,8,8,AGGGTAGCTACATGCAGGTT,0,9953
TSS_1414_storz_regulondb,0.1111111111111111,8,8,AGGGGAATAAGTTGTCCCTA,0,24950
TSS_1414_storz_regulondb,0.1111111111111111,8,8,AGGGCGCGGTCATCCGGAGA,0,40598
TSS_1414_storz_regulondb,0.1111111111111111,8,8,AGGGCCGTTAGGACGGATAA,0,67948
TSS_1414_storz_regulondb,0.1111111111111111,8,8,AGGGCATCTCCATGAGTCTA,0,35416
TSS_1414_storz_regulondb,0.1111111111111111,8,8,AGGGCAACGGCCTGGAGTGT,0,56658
TSS_1414_storz_regulondb,0.1111111111111111,8,8,AGGCTTCAAATTCACTGGGG,0,28567
TSS_1414_storz_regulondb,0.1111111111111111,8,8,AGGCTGGGTGCTGTGGGGGC,0,68501
TSS_1414_storz_regulondb,0.1111111111111111,8,8,AGGCTCGATCACTACGGGGT,0,29208
TSS_1414_storz_regulondb,0.1111111111111111,8,8,AGGCGGGACGGGAATACCTT,0,155
TSS_1414_storz_regulondb,0.1111111111111111,8,8,AGGCCTACTTGCTCAACAAA,0,48345
TSS_1414_storz_regulondb,0.1111111111111111,8,8,AGGCCGGTCAGAAAGTGGAG,0,51926
TSS_1414_storz_regulondb,0.1111111111111111,8,8,AGGCCCCGGCTCTGGAGGTA,0,68504
TSS_1414_storz_regulondb,0.1111111111111111,8,8,AGGATGACGCTACACACTGG,0,59666
TSS_1414_storz_regulondb,0.1111111111111111,8,8,AGGATAAATAACAATGTCTC,0,44749
TSS_1414_storz_regulondb,0.1111111111111111,8,8,AGGACCGCTTACAGGTTAAC,0,65601
TSS_1414_storz_regulondb,0.1111111111111111,8,8,AGGAAACTCTTACAAAGGCA,0,8113
TSS_1414_storz_regulondb,0.1111111111111111,8,8,AGCTCGGACACTCGGAGCAT,0,36126
TSS_1414_storz_regulondb,0.1111111111111111,8,8,AGCGGTTCCGGTAGCGCCCA,0,34610
TSS_1414_storz_regulondb,0.1111111111111111,8,8,AGCGGTACGGATTAGGCGTT,0,69125
TSS_1414_storz_regulondb,0.1111111111111111,8,8,AGCGCTATCACATATGAAAA,0,77731
TSS_1414_storz_regulondb,0.1111111111111111,8,8,AGCGCCAGTTTTATTATCGA,0,78234
TSS_1414_storz_regulondb,0.1111111111111111,8,8,AGCGAGGGGCCGGGTATGCG,0,45789
TSS_1414_storz_regulondb,0.1111111111111111,8,8,AGCCGGCTGCATCATAGGCA,0,32275
TSS_1414_storz_regulondb,0.1111111111111111,8,8,AGCCCGCTTCACTCCACGTT,0,26999
TSS_1414_storz_regulondb,0.1111111111111111,8,8,AGCCCCACGCCACAGAAAGT,0,60483
TSS_1414_storz_regulondb,0.1111111111111111,8,8,AGCCATTGGAGTGACCGGGA,0,29446
TSS_1414_storz_regulondb,0.1111111111111111,8,8,AGCCAGGGCCGCGCATGAGA,0,46423
TSS_1414_storz_regulondb,0.1111111111111111,8,8,AGCCACGGTCCATCCGGTGT,0,49126
TSS_1414_storz_regulondb,0.1111111111111111,8,8,AGCATCTTACCACAAATGAG,0,10637
TSS_1414_storz_regulondb,0.1111111111111111,8,8,AGCATACGCTCTAAGGCGGA,0,74422
TSS_1414_storz_regulondb,0.1111111111111111,8,8,AGCAGCTCTTATCTTATCTA,0,4724
TSS_1414_storz_regulondb,0.1111111111111111,8,8,AGCACGGCTACACGCTTCAG,0,15502
TSS_1414_storz_regulondb,0.1111111111111111,8,8,AGCACCCTTGGACTGGTTTA,0,25908
TSS_1414_storz_regulondb,0.1111111111111111,8,8,AGCAATTGTTTAGTTTGTCT,0,44692
TSS_1414_storz_regulondb,0.1111111111111111,8,8,AGCAATCCAAACCCATGCCA,0,42836
TSS_1414_storz_regulondb,0.1111111111111111,8,8,AGATTTGAGGTATTGTCCCT,0,26469
TSS_1414_storz_regulondb,0.1111111111111111,8,8,AGATGTTTCCCTAGTGCGAC,0,79970
TSS_1414_storz_regulondb,0.1111111111111111,8,8,AGATCTTTGTAAAGTTTTTC,0,80097
TSS_1414_storz_regulondb,0.1111111111111111,8,8,AGATATAGTGTAAGTACAAC,0,4799
TSS_1414_storz_regulondb,0.1111111111111111,8,8,AGATAGAAGCATTCGTGGCG,0,42288
TSS_1414_storz_regulondb,0.1111111111111111,8,8,AGATACCGTTGTCTCACAGG,0,30074
TSS_1414_storz_regulondb,0.1111111111111111,8,8,AGAGTAGTACTGGCCGATGG,0,9171
TSS_1414_storz_regulondb,0.1111111111111111,8,8,AGAGGAACGTTGCTACTGTG,0,25145
TSS_1414_storz_regulondb,0.1111111111111111,8,8,AGAGCTGCGGCGCAGAATTG,0,9211
TSS_1414_storz_regulondb,0.1111111111111111,8,8,AGAGCGTTTTTTGCAATCCT,0,60076
TSS_1414_storz_regulondb,0.1111111111111111,8,8,AGAGAACTTGGACTATAGCA,0,69807
TSS_1414_storz_regulondb,0.1111111111111111,8,8,AGACTCGGAATCGCTCCATT,0,9775
TSS_1414_storz_regulondb,0.1111111111111111,8,8,AGACGATAGTGCGGCTGTCG,0,44095
TSS_1414_storz_regulondb,0.1111111111111111,8,8,AGAATCGAACTTTGCAATCA,0,80802
TSS_1414_storz_regulondb,0.1111111111111111,8,8,AGAATCCTTTGAGTGATACA,0,31607
TSS_1414_storz_regulondb,0.1111111111111111,8,8,AGAATATAAATAACACGGTA,0,30209
TSS_1414_storz_regulondb,0.1111111111111111,8,8,AGAACTCGCCGTTGAATGGA,0,67537
TSS_1414_storz_regulondb,0.1111111111111111,8,8,AGAACCGACTGAAGCATATA,0,49963
TSS_1414_storz_regulondb,0.1111111111111111,8,8,AGAAAGCGCCGAAGGCTGTG,0,19410
TSS_1414_storz_regulondb,0.1111111111111111,8,8,ACTTTTCATGTGGGTCGATA,0,24113
TSS_1414_storz_regulondb,0.1111111111111111,8,8,ACTTTCCAGTGTTTGCGTTT,0,51668
TSS_1414_storz_regulondb,0.1111111111111111,8,8,ACTTGAAATATGCGTCCATT,0,39098
TSS_1414_storz_regulondb,0.1111111111111111,8,8,ACTTCTTTGCCTGCGTACCC,0,59036
TSS_1414_storz_regulondb,0.1111111111111111,8,8,ACTTAGCGAGGGCGGGCAAT,0,9392
TSS_1414_storz_regulondb,0.1111111111111111,8,8,ACTTAAAGGGCGCCAAGCTA,0,15232
TSS_1414_storz_regulondb,0.1111111111111111,8,8,ACTGTGTCAGAAGTATCTGC,0,17440
TSS_1414_storz_regulondb,0.1111111111111111,8,8,ACTGGGCGGGTACCCTGGTC,0,30077
TSS_1414_storz_regulondb,0.1111111111111111,8,8,ACTGGGCGAAAGCCTTGCGA,0,68556
TSS_1414_storz_regulondb,0.1111111111111111,8,8,ACTGCAGACGCCATTCTCGA,0,6490
TSS_1414_storz_regulondb,0.1111111111111111,8,8,ACTGACGACAGTCATAGCGC,0,42020
TSS_1414_storz_regulondb,0.1111111111111111,8,8,ACTCTTTACGGATAGTTCAG,0,49291
TSS_1414_storz_regulondb,0.1111111111111111,8,8,ACTCGTGAGGGGCATCCCCA,0,41508
TSS_1414_storz_regulondb,0.1111111111111111,8,8,ACTCCTGGGGGATGGTAATG,0,11437
TSS_1414_storz_regulondb,0.1111111111111111,8,8,ACTCCGGTAAACGATGTTAA,0,3838
TSS_1414_storz_regulondb,0.1111111111111111,8,8,ACTCAGCCGATACCTTGGGT,0,79211
TSS_1414_storz_regulondb,0.1111111111111111,8,8,ACTAGGGATTTCGATGGAGC,0,62121
TSS_1414_storz_regulondb,0.1111111111111111,8,8,ACTACACATACTAGGTCCGT,0,37249
TSS_1414_storz_regulondb,0.1111111111111111,8,8,ACTAATTGCGATGTAGTCGT,0,11774
TSS_1414_storz_regulondb,0.1111111111111111,8,8,ACGTTCCAATCGCGATCAGA,0,28627
TSS_1414_storz_regulondb,0.1111111111111111,8,8,ACGTTAGATCAGGGCACGGA,0,37463
TSS_1414_storz_regulondb,0.1111111111111111,8,8,ACGTCCCTAAACCAGCGCCA,0,15509
TSS_1414_storz_regulondb,0.1111111111111111,8,8,ACGTCAAATACTATGAGCAA,0,47279
TSS_1414_storz_regulondb,0.1111111111111111,8,8,ACGTATCGTCGCACCGAGCT,0,271
TSS_1414_storz_regulondb,0.1111111111111111,8,8,ACGGGCTTAAAACACACCGT,0,61857
TSS_1414_storz_regulondb,0.1111111111111111,8,8,ACGGGACAGTCTACGGATGC,0,76398
TSS_1414_storz_regulondb,0.1111111111111111,8,8,ACGGCGGCATTGTTTGGTGT,0,34444
TSS_1414_storz_regulondb,0.1111111111111111,8,8,ACGGCCCGGACTGGCTATAC,0,29462
TSS_1414_storz_regulondb,0.1111111111111111,8,8,ACGGAGTTTAATTCGCAGAG,0,48210
TSS_1414_storz_regulondb,0.1111111111111111,8,8,ACGGACCTCTCTAGGCGTAT,0,68960
TSS_1414_storz_regulondb,0.1111111111111111,8,8,ACGCGTGCTCAAGCCCTCAT,0,28188
TSS_1414_storz_regulondb,0.1111111111111111,8,8,ACGCGGCACGGTCGTTGGGT,0,60414
TSS_1414_storz_regulondb,0.1111111111111111,8,8,ACGCGGAGGCTACTTGCTCC,0,5271
TSS_1414_storz_regulondb,0.1111111111111111,8,8,ACGCGCATGCACACTTCTAA,0,46986
TSS_1414_storz_regulondb,0.1111111111111111,8,8,ACGCCGAACCTTTCGAGGAC,0,19051
TSS_1414_storz_regulondb,0.1111111111111111,8,8,ACGCACTGAAGAACTTCCAC,0,80811
TSS_1414_storz_regulondb,0.1111111111111111,8,8,ACGAGCTAGTTACTCTATAC,0,38109
TSS_1414_storz_regulondb,0.1111111111111111,8,8,ACGACAACTTGGATAAACAG,0,41941
TSS_1414_storz_regulondb,0.1111111111111111,8,8,ACCTTGGCGGATGACGCACG,0,59450
TSS_1414_storz_regulondb,0.1111111111111111,8,8,ACCTTGATTCAGGGATCCGG,0,78692
TSS_1414_storz_regulondb,0.1111111111111111,8,8,ACCTTCGCAATGCACCATGC,0,16640
TSS_1414_storz_regulondb,0.1111111111111111,8,8,ACCTCGCCTTGATTCAGTCA,0,59269
TSS_1414_storz_regulondb,0.1111111111111111,8,8,ACCTACAGGCGTCATAACAG,0,36147
TSS_1414_storz_regulondb,0.1111111111111111,8,8,ACCGCTGGTACGCTCATTAT,0,21587
TSS_1414_storz_regulondb,0.1111111111111111,8,8,ACCGATGTTTATGCAATTGT,0,28572
TSS_1414_storz_regulondb,0.1111111111111111,8,8,ACCCTAACAGGCGCCATCAT,0,37675
TSS_1414_storz_regulondb,0.1111111111111111,8,8,ACCCACCGCTGCTCCGGCTT,0,24133
TSS_1414_storz_regulondb,0.1111111111111111,8,8,ACCATTGTCACCGCGTTATT,0,65476
TSS_1414_storz_regulondb,0.1111111111111111,8,8,ACCATTCCAACGAAATTTTT,0,80247
TSS_1414_storz_regulondb,0.1111111111111111,8,8,ACCAGTACGGCAGTAGTGAT,0,1656
TSS_1414_storz_regulondb,0.1111111111111111,8,8,ACCAATGCAGGTGAATTTAT,0,8730
TSS_1414_storz_regulondb,0.1111111111111111,8,8,ACCAAACACCATAGAGCTAG,0,46802
TSS_1414_storz_regulondb,0.1111111111111111,8,8,ACATGGGGTTGCAAGTATAC,0,2101
TSS_1414_storz_regulondb,0.1111111111111111,8,8,ACATGCCGGTCTCGTGATCT,0,22711
TSS_1414_storz_regulondb,0.1111111111111111,8,8,ACATGATTTATCGACAAATT,0,69276
TSS_1414_storz_regulondb,0.1111111111111111,8,8,ACAGGTTGAAGAAAGACTTT,0,51721
TSS_1414_storz_regulondb,0.1111111111111111,8,8,ACAGCTGTGATAGGGTTTTC,0,74835
TSS_1414_storz_regulondb,0.1111111111111111,8,8,ACAGCTCATCTGGGGAGGGA,0,5073
TSS_1414_storz_regulondb,0.1111111111111111,8,8,ACAGATACTTAAAGGGCTAT,0,22942
TSS_1414_storz_regulondb,0.1111111111111111,8,8,ACAGACCCCGTACCCGATTT,0,3041
TSS_1414_storz_regulondb,0.1111111111111111,8,8,ACACTGTTTCGCGCAGATTT,0,23425
TSS_1414_storz_regulondb,0.1111111111111111,8,8,ACACCGCAGGACGCGATACT,0,72749
TSS_1414_storz_regulondb,0.1111111111111111,8,8,ACACACACGCCTCAAGTAGC,0,39730
TSS_1414_storz_regulondb,0.1111111111111111,8,8,ACAATTCAAGTGGATCGTCT,0,2200
TSS_1414_storz_regulondb,0.1111111111111111,8,8,ACAAGATTGCGCAAACCAGC,0,8014
TSS_1414_storz_regulondb,0.1111111111111111,8,8,ACAAAGTTCCGTCACATTTG,0,21124
TSS_1414_storz_regulondb,0.1111111111111111,8,8,ACAAAAGAAAACGTTACGTG,0,15695
TSS_1414_storz_regulondb,0.1111111111111111,8,8,AATTTGTCGGGCCTAAGGGC,0,78521
TSS_1414_storz_regulondb,0.1111111111111111,8,8,AATTGGGGTTAAACCGCTGC,0,50631
TSS_1414_storz_regulondb,0.1111111111111111,8,8,AATTGGGAGTTCGGTTGAAC,0,22521
TSS_1414_storz_regulondb,0.1111111111111111,8,8,AATTGATTGATTATGTCTAT,0,70421
TSS_1414_storz_regulondb,0.1111111111111111,8,8,AATTCGACTCATCATAACTG,0,9890
TSS_1414_storz_regulondb,0.1111111111111111,8,8,AATTCACGGGCCGACTGTGT,0,26510
TSS_1414_storz_regulondb,0.1111111111111111,8,8,AATTACAGAAATCAAAACGT,0,49497
TSS_1414_storz_regulondb,0.1111111111111111,8,8,AATGTGCTCAGCTCACTACC,0,28042
TSS_1414_storz_regulondb,0.1111111111111111,8,8,AATGGTGGTCGTGCTTCGCT,0,40589
TSS_1414_storz_regulondb,0.1111111111111111,8,8,AATGGTGGGAAAGTTGGTAT,0,61431
TSS_1414_storz_regulondb,0.1111111111111111,8,8,AATGCTTCTACTTGGATGTT,0,48159
TSS_1414_storz_regulondb,0.1111111111111111,8,8,AATCCTTGTAAAGGTGACCT,0,3540
TSS_1414_storz_regulondb,0.1111111111111111,8,8,AATCACCCTCCACTCGCGAC,0,43873
TSS_1414_storz_regulondb,0.1111111111111111,8,8,AATATTGAACTCAGGGGTAA,0,53544
TSS_1414_storz_regulondb,0.1111111111111111,8,8,AATATGCATTTATTCGGCCT,0,462
TSS_1414_storz_regulondb,0.1111111111111111,8,8,AATATACTGGCATAGTCCTT,0,2758
TSS_1414_storz_regulondb,0.1111111111111111,8,8,AATAGGGAGCATGGGAACAT,0,36965
TSS_1414_storz_regulondb,0.1111111111111111,8,8,AATAGAGGTGCCGAGCACGT,0,62406
TSS_1414_storz_regulondb,0.1111111111111111,8,8,AATACGCAGTGTAATAGAGC,0,17707
TSS_1414_storz_regulondb,0.1111111111111111,8,8,AATAAGTGACTACAAGTGGA,0,61541
TSS_1414_storz_regulondb,0.1111111111111111,8,8,AATAACCATGCGGGTATCTT,0,81035
TSS_1414_storz_regulondb,0.1111111111111111,8,8,AAGTTGCTCCCCAGGATAAG,0,38836
TSS_1414_storz_regulondb,0.1111111111111111,8,8,AAGTCCAGCGACCCGCCTCG,0,29869
TSS_1414_storz_regulondb,0.1111111111111111,8,8,AAGTAGCCTGCGGGAAAGTC,0,49021
TSS_1414_storz_regulondb,0.1111111111111111,8,8,AAGTACGCAGAGTGCCTGGT,0,41579
TSS_1414_storz_regulondb,0.1111111111111111,8,8,AAGTACAGTTCAGCTAACCT,0,75168
TSS_1414_storz_regulondb,0.1111111111111111,8,8,AAGGTGGAGACTACATACTT,0,26945
TSS_1414_storz_regulondb,0.1111111111111111,8,8,AAGGGTTAGCCCAATTGTCA,0,1905
TSS_1414_storz_regulondb,0.1111111111111111,8,8,AAGGGCGTCAGCCTTACTAC,0,3415
TSS_1414_storz_regulondb,0.1111111111111111,8,8,AAGGCCTTAAATCTGCTCAT,0,23571
TSS_1414_storz_regulondb,0.1111111111111111,8,8,AAGGCCTCGAAATTTGTTCC,0,12913
TSS_1414_storz_regulondb,0.1111111111111111,8,8,AAGGATCCTCCCGTTTTAAC,0,40094
TSS_1414_storz_regulondb,0.1111111111111111,8,8,AAGGATAAGTGTAAATAGTG,0,29094
TSS_1414_storz_regulondb,0.1111111111111111,8,8,AAGGAGAAATTGTTGTGAAT,0,71076
TSS_1414_storz_regulondb,0.1111111111111111,8,8,AAGCTGGCGAGGACGTTCCT,0,15011
TSS_1414_storz_regulondb,0.1111111111111111,8,8,AAGCGCTCAGATCGAGATCG,0,5828
TSS_1414_storz_regulondb,0.1111111111111111,8,8,AAGAGATGGCCGTTGATACT,0,22922
TSS_1414_storz_regulondb,0.1111111111111111,8,8,AAGAAGAGGTTTTTAAGGCA,0,8843
TSS_1414_storz_regulondb,0.1111111111111111,8,8,AAGAACCATGCTACCCCAGG,0,40739
TSS_1414_storz_regulondb,0.1111111111111111,8,8,AACGTCTACGGGTGCCGGAG,0,74201
TSS_1414_storz_regulondb,0.1111111111111111,8,8,AACGTCAACCGTGGCCCTAT,0,9903
TSS_1414_storz_regulondb,0.1111111111111111,8,8,AACGCGGTCAAACGGTCGAG,0,64084
TSS_1414_storz_regulondb,0.1111111111111111,8,8,AACGCGCTCCGTGTAAATCA,0,62564
TSS_1414_storz_regulondb,0.1111111111111111,8,8,AACGAGGACTCGTAAGTACA,0,36736
TSS_1414_storz_regulondb,0.1111111111111111,8,8,AACCTGTAGGCTAGATTGTA,0,33336
TSS_1414_storz_regulondb,0.1111111111111111,8,8,AACCCGTCCTCTACGTTCCC,0,63833
TSS_1414_storz_regulondb,0.1111111111111111,8,8,AACCCGACCGAGCAGTGCTG,0,66175
TSS_1414_storz_regulondb,0.1111111111111111,8,8,AACCCATGGTACTGGTAAGG,0,7810
TSS_1414_storz_regulondb,0.1111111111111111,8,8,AACATGTGCTACCGAAATTT,0,75081
TSS_1414_storz_regulondb,0.1111111111111111,8,8,AACATGGAGAATTTTTAGAC,0,2424
TSS_1414_storz_regulondb,0.1111111111111111,8,8,AACACTTGCATCAATCCGAG,0,13466
TSS_1414_storz_regulondb,0.1111111111111111,8,8,AACACACCCTGCGCTACTTA,0,25160
TSS_1414_storz_regulondb,0.1111111111111111,8,8,AAATTTGTCGGCTCAAAATG,0,78445
TSS_1414_storz_regulondb,0.1111111111111111,8,8,AAATTGTGTTCCTCTCGCTT,0,31614
TSS_1414_storz_regulondb,0.1111111111111111,8,8,AAAGGTGAAGGGCCATTAAC,0,29949
TSS_1414_storz_regulondb,0.1111111111111111,8,8,AAAGGGTCATGGATTCCTAT,0,52119
TSS_1414_storz_regulondb,0.1111111111111111,8,8,AAAGCGGATGGTAGAATCAC,0,77011
TSS_1414_storz_regulondb,0.1111111111111111,8,8,AAAGCCAAAGGTTTAGCAGA,0,9489
TSS_1414_storz_regulondb,0.1111111111111111,8,8,AAAGAGTGCCACGAACACAG,0,45629
TSS_1414_storz_regulondb,0.1111111111111111,8,8,AAAGACAGGGGGGAAGAGAC,0,4609
TSS_1414_storz_regulondb,0.1111111111111111,8,8,AAACGGTTACAACATTTGTA,0,267
TSS_1414_storz_regulondb,0.1111111111111111,8,8,AAACCAGTGTAGATGCATGT,0,40310
TSS_1414_storz_regulondb,0.1111111111111111,8,8,AAACCACAGGTACTTCAGTC,0,25171
TSS_1414_storz_regulondb,0.1111111111111111,8,8,AAACATACACGTCGTAATAA,0,59730
TSS_1414_storz_regulondb,0.1111111111111111,8,8,AAAATTCTGTCCTCCGCGGG,0,17659
TSS_1414_storz_regulondb,0.1111111111111111,8,8,AAAAGCCCAAATCCGAGCTG,0,60072
TSS_1414_storz_regulondb,0.125,7,7,TTTTTGGCTGATTATGCGAC,0,63124
TSS_1414_storz_regulondb,0.125,7,7,TTTTGTTTGGGCTTACTGGA,0,15700
TSS_1414_storz_regulondb,0.125,7,7,TTTTGAACAAATAGGAGGTC,0,35247
TSS_1414_storz_regulondb,0.125,7,7,TTTTCTGTTCAGCGTGTGAT,0,15200
TSS_1414_storz_regulondb,0.125,7,7,TTTGTTATGTTCTAAATAGT,0,23495
TSS_1414_storz_regulondb,0.125,7,7,TTTGGTGCAGCGACTAAAGG,0,69189
TSS_1414_storz_regulondb,0.125,7,7,TTTGACGGATAGGTATGGGT,0,48518
TSS_1414_storz_regulondb,0.125,7,7,TTTCTGGGCCTCGTTTAGGT,0,45381
TSS_1414_storz_regulondb,0.125,7,7,TTTCTGGCAAACAGACCTTG,0,72759
TSS_1414_storz_regulondb,0.125,7,7,TTTCTACAAGCTAAATCGCT,0,33948
TSS_1414_storz_regulondb,0.125,7,7,TTTCGGTTGTAGGGCTTCCA,0,73122
TSS_1414_storz_regulondb,0.125,7,7,TTTCGGGTTCACGTCGGATA,0,72112
TSS_1414_storz_regulondb,0.125,7,7,TTTCGCCGAGCAACTAGATG,0,57956
TSS_1414_storz_regulondb,0.125,7,7,TTTCGAATCAAGGAAGGATG,0,12392
TSS_1414_storz_regulondb,0.125,7,7,TTTCACCTTCTATAATGTAG,0,26395
TSS_1414_storz_regulondb,0.125,7,7,TTTCAACGTGACGATTCCTT,0,72548
TSS_1414_storz_regulondb,0.125,7,7,TTTATGAGGGGCCGCGCACT,0,62776
TSS_1414_storz_regulondb,0.125,7,7,TTTATCCTTCGTCATGGTGT,0,22988
TSS_1414_storz_regulondb,0.125,7,7,TTTATACAACACCCAGCTGA,0,59458
TSS_1414_storz_regulondb,0.125,7,7,TTTACCATAAGAGCTCCGGT,0,19254
TSS_1414_storz_regulondb,0.125,7,7,TTGTTACCTGTTCCTGGTTC,0,17411
TSS_1414_storz_regulondb,0.125,7,7,TTGTGCGTCACGACGGCTGA,0,25233
TSS_1414_storz_regulondb,0.125,7,7,TTGTGATATTGTGGGTACTT,0,19420
TSS_1414_storz_regulondb,0.125,7,7,TTGTGAATAACTCATCTTGA,0,41322
TSS_1414_storz_regulondb,0.125,7,7,TTGTAACTCCAACGCTTCAC,0,79945
TSS_1414_storz_regulondb,0.125,7,7,TTGGTCTGGGGAGATGTATT,0,15216
TSS_1414_storz_regulondb,0.125,7,7,TTGGGGTTGTAGCGAATGGT,0,60451
TSS_1414_storz_regulondb,0.125,7,7,TTGGGGTGACCCTAGATTCA,0,61935
TSS_1414_storz_regulondb,0.125,7,7,TTGGGCGCCAAGTGAGGTGG,0,2815
TSS_1414_storz_regulondb,0.125,7,7,TTGGATACGTTCCTTCCATA,0,44137
TSS_1414_storz_regulondb,0.125,7,7,TTGCTGCGCGACGCCGCGTG,0,47238
TSS_1414_storz_regulondb,0.125,7,7,TTGCGAGGTGCGCTGCCTCA,0,31729
TSS_1414_storz_regulondb,0.125,7,7,TTGCCTTATGTACGGTCCGT,0,73877
TSS_1414_storz_regulondb,0.125,7,7,TTGCCTATGAAGAGTAATAT,0,20473
TSS_1414_storz_regulondb,0.125,7,7,TTGCCCTTAAATGTGGTATC,0,5033
TSS_1414_storz_regulondb,0.125,7,7,TTGCCCGCGTATGCGCTACA,0,348
TSS_1414_storz_regulondb,0.125,7,7,TTGCACAGTAAAACTACTCG,0,29472
TSS_1414_storz_regulondb,0.125,7,7,TTGATTAGATACTGCGGCCA,0,11138
TSS_1414_storz_regulondb,0.125,7,7,TTGAGATGGAGGGAAGAACC,0,28822
TSS_1414_storz_regulondb,0.125,7,7,TTGACACGTGGTTGTTTGTA,0,30431
TSS_1414_storz_regulondb,0.125,7,7,TTGAAGGCCGGCCTATCGCG,0,22245
TSS_1414_storz_regulondb,0.125,7,7,TTGAAATAAATTCACCAATA,0,14776
TSS_1414_storz_regulondb,0.125,7,7,TTCTTTGAGCTTGCATCAGC,0,61361
TSS_1414_storz_regulondb,0.125,7,7,TTCTTATGGGACCGGGCAAG,0,69220
TSS_1414_storz_regulondb,0.125,7,7,TTCTGCCCCCGGATCGTTCC,0,45684
TSS_1414_storz_regulondb,0.125,7,7,TTCTCCTTCACTGGGTTCTA,0,17191
TSS_1414_storz_regulondb,0.125,7,7,TTCTAGTTATAATATAGGAA,0,41574
TSS_1414_storz_regulondb,0.125,7,7,TTCTACTAGCGCTACCCCCT,0,42657
TSS_1414_storz_regulondb,0.125,7,7,TTCTACAACATATAGTCAAT,0,19812
TSS_1414_storz_regulondb,0.125,7,7,TTCGTGAGTGGACAAACGAA,0,21446
TSS_1414_storz_regulondb,0.125,7,7,TTCGTATAACGGCAGAAGGC,0,21208
TSS_1414_storz_regulondb,0.125,7,7,TTCGGGCGTTCGGGAAGATT,0,63129
TSS_1414_storz_regulondb,0.125,7,7,TTCGCTCACGAGAAAACACT,0,10350
TSS_1414_storz_regulondb,0.125,7,7,TTCGAGCGGCAATCCTCCTG,0,56594
TSS_1414_storz_regulondb,0.125,7,7,TTCCGGGAACATAGCATGTA,0,41745
TSS_1414_storz_regulondb,0.125,7,7,TTCCCTAGTTCGTTCACAAT,0,27155
TSS_1414_storz_regulondb,0.125,7,7,TTCCCGCGCTGCAGTCGCAC,0,17777
TSS_1414_storz_regulondb,0.125,7,7,TTCATCCACGTGCACAAATG,0,55812
TSS_1414_storz_regulondb,0.125,7,7,TTCATCAGCGATAGTGTGAT,0,41050
TSS_1414_storz_regulondb,0.125,7,7,TTCAGCGTGCATTGCTGTCA,0,28659
TSS_1414_storz_regulondb,0.125,7,7,TTCAGCGTATATATATCAGC,0,48002
TSS_1414_storz_regulondb,0.125,7,7,TTCAGACAAAATAAGCCCCG,0,18637
TSS_1414_storz_regulondb,0.125,7,7,TTCAGAATGGTCAGTTCCAG,0,59636
TSS_1414_storz_regulondb,0.125,7,7,TTCACAGCTGAGGACCCTAC,0,48022
TSS_1414_storz_regulondb,0.125,7,7,TTCACACTGTTTGTACTTGA,0,61610
TSS_1414_storz_regulondb,0.125,7,7,TTCAAGATGAGCGCCGGCAT,0,5743
TSS_1414_storz_regulondb,0.125,7,7,TTATTTCTTGCCCCTCACGG,0,73661
TSS_1414_storz_regulondb,0.125,7,7,TTATTCAATACGAACATTAT,0,65967
TSS_1414_storz_regulondb,0.125,7,7,TTATTCAAGCGTCATCACAT,0,27354
TSS_1414_storz_regulondb,0.125,7,7,TTATTATAATGCCGGCACGT,0,72074
TSS_1414_storz_regulondb,0.125,7,7,TTATGCTGTAGAGACGGAAC,0,25142
TSS_1414_storz_regulondb,0.125,7,7,TTAGCTATTAGTTTCTTCCA,0,59452
TSS_1414_storz_regulondb,0.125,7,7,TTAGCATGTCGTTTCGTCAC,0,27042
TSS_1414_storz_regulondb,0.125,7,7,TTAGACATCGGTACACTGTT,0,55898
TSS_1414_storz_regulondb,0.125,7,7,TTACTGCATTTCATACGTCG,0,75184
TSS_1414_storz_regulondb,0.125,7,7,TTACGCGCTTACATATCACG,0,20018
TSS_1414_storz_regulondb,0.125,7,7,TTACGCCAGTCATTATATCT,0,19018
TSS_1414_storz_regulondb,0.125,7,7,TTACCCACTTTTTATTGTCC,0,17360
TSS_1414_storz_regulondb,0.125,7,7,TTAAGGGCACGTATCGGACA,0,56162
TSS_1414_storz_regulondb,0.125,7,7,TTAAGGCCGCGATTTGGTAT,0,20993
TSS_1414_storz_regulondb,0.125,7,7,TGTTTAGCTTCCCTAAAGCA,0,2377
TSS_1414_storz_regulondb,0.125,7,7,TGTTCTCGGGTATTACATTG,0,57223
TSS_1414_storz_regulondb,0.125,7,7,TGTTCTCCACGTCTGACTGA,0,73664
TSS_1414_storz_regulondb,0.125,7,7,TGTTCTAGGGGTGCTTAGGT,0,77104
TSS_1414_storz_regulondb,0.125,7,7,TGTTCCGGGATGGCCCCTGA,0,19763
TSS_1414_storz_regulondb,0.125,7,7,TGTTCACCAATTGCTCGAGA,0,58582
TSS_1414_storz_regulondb,0.125,7,7,TGTTATTATATGCTAACAGT,0,7867
TSS_1414_storz_regulondb,0.125,7,7,TGTTAGCCGGCTGCGCGAGT,0,1063
TSS_1414_storz_regulondb,0.125,7,7,TGTTACCAGAAAGTCGGGTG,0,43968
TSS_1414_storz_regulondb,0.125,7,7,TGTGTAGACCAAGGCTGAAT,0,20147
TSS_1414_storz_regulondb,0.125,7,7,TGTGGTGTCTGCATTGGTGG,0,34182
TSS_1414_storz_regulondb,0.125,7,7,TGTGCGACTGGACTAGCAGC,0,58893
TSS_1414_storz_regulondb,0.125,7,7,TGTGAGTAAGTAACCTAATT,0,75917
TSS_1414_storz_regulondb,0.125,7,7,TGTCTTTGTCTTGGCTTTGC,0,34666
TSS_1414_storz_regulondb,0.125,7,7,TGTCTAATTCAGATGATCGG,0,14583
TSS_1414_storz_regulondb,0.125,7,7,TGTCGTTACGCGAACCCGGG,0,21617
TSS_1414_storz_regulondb,0.125,7,7,TGTCCATGATAGGCGTATAT,0,33820
TSS_1414_storz_regulondb,0.125,7,7,TGTCATGGATCTTCCCCGGG,0,4126
TSS_1414_storz_regulondb,0.125,7,7,TGTCAAAGTTGGACCTCCAC,0,14205
TSS_1414_storz_regulondb,0.125,7,7,TGTATCGTAGCAAATTCACT,0,42059
TSS_1414_storz_regulondb,0.125,7,7,TGTAGGTTGCTCTAATTTAC,0,12219
TSS_1414_storz_regulondb,0.125,7,7,TGTAGCATGCTCTGTTTCCC,0,68054
TSS_1414_storz_regulondb,0.125,7,7,TGTAGAGATTTCACTAGAAA,0,3510
TSS_1414_storz_regulondb,0.125,7,7,TGTAATTTTAATTCGTCAAT,0,952
TSS_1414_storz_regulondb,0.125,7,7,TGTAAGAAGGTGGCTGGGTA,0,8840
TSS_1414_storz_regulondb,0.125,7,7,TGTAACCATGTAAAGCGGGT,0,29659
TSS_1414_storz_regulondb,0.125,7,7,TGGTCGAAAGAATCCAAATG,0,17547
TSS_1414_storz_regulondb,0.125,7,7,TGGTCCTAGGTTTATCGCGT,0,70708
TSS_1414_storz_regulondb,0.125,7,7,TGGTAGCTCAACTGCTGTTC,0,75930
TSS_1414_storz_regulondb,0.125,7,7,TGGGTTAGCCGGTCCTACTA,0,24477
TSS_1414_storz_regulondb,0.125,7,7,TGGGTTAACAGGATTCATCC,0,40234
TSS_1414_storz_regulondb,0.125,7,7,TGGGTGGAGCCTTACGAGAG,0,7064
TSS_1414_storz_regulondb,0.125,7,7,TGGGTAGTTCTCGCATTCTA,0,78402
TSS_1414_storz_regulondb,0.125,7,7,TGGGGTTCCGGAATAGCTTC,0,47298
TSS_1414_storz_regulondb,0.125,7,7,TGGGGTCTGGGATTGTAGCA,0,59309
TSS_1414_storz_regulondb,0.125,7,7,TGGGGGCTAATCAGTACATT,0,51775
TSS_1414_storz_regulondb,0.125,7,7,TGGGGCGAGTGCACCCCGGA,0,68340
TSS_1414_storz_regulondb,0.125,7,7,TGGGGCATCAATACCATCTC,0,47397
TSS_1414_storz_regulondb,0.125,7,7,TGGGGCACAATCTGAGTGTC,0,33980
TSS_1414_storz_regulondb,0.125,7,7,TGGGAGCGTCACAAACTGGA,0,39109
TSS_1414_storz_regulondb,0.125,7,7,TGGCTGCGTGATTCTGGGGA,0,3054
TSS_1414_storz_regulondb,0.125,7,7,TGGCGAACTATCATTAGCTG,0,33124
TSS_1414_storz_regulondb,0.125,7,7,TGGCCCTCCTAAAGTCTAAA,0,6498
TSS_1414_storz_regulondb,0.125,7,7,TGGCAGTGAATGAAATTGGT,0,8000
TSS_1414_storz_regulondb,0.125,7,7,TGGATTTCGAGGAGCTGGGG,0,4919
TSS_1414_storz_regulondb,0.125,7,7,TGGACTATGACTTAGCTCTA,0,21106
TSS_1414_storz_regulondb,0.125,7,7,TGGACATCCCCGGGACCTAA,0,74065
TSS_1414_storz_regulondb,0.125,7,7,TGGAATGCGTTCCATCGCAA,0,5184
TSS_1414_storz_regulondb,0.125,7,7,TGGAACTCGTTGTAGAATTA,0,4940
TSS_1414_storz_regulondb,0.125,7,7,TGCTGTCCCAGTTACCGTCT,0,28464
TSS_1414_storz_regulondb,0.125,7,7,TGCTCGAGAGCTACAAGACT,0,65706
TSS_1414_storz_regulondb,0.125,7,7,TGCTATGGCCTGCCTCAGTC,0,13897
TSS_1414_storz_regulondb,0.125,7,7,TGCTATATAAATTTGGGATT,0,79985
TSS_1414_storz_regulondb,0.125,7,7,TGCTAAACCACAGGACTTCT,0,23368
TSS_1414_storz_regulondb,0.125,7,7,TGCGGGTTTAACGGCCAAAT,0,35335
TSS_1414_storz_regulondb,0.125,7,7,TGCGGAATGACACTACGAGG,0,2954
TSS_1414_storz_regulondb,0.125,7,7,TGCGCTTAGGTTAGGGAGGG,0,77985
TSS_1414_storz_regulondb,0.125,7,7,TGCGCGGTATCCCTTACAAG,0,53918
TSS_1414_storz_regulondb,0.125,7,7,TGCCGTGGGGCGAGGCCGGT,0,51964
TSS_1414_storz_regulondb,0.125,7,7,TGCCCTGGAATGAACGGGCA,0,73579
TSS_1414_storz_regulondb,0.125,7,7,TGCCAGTTGCTACGCTGACT,0,62688
TSS_1414_storz_regulondb,0.125,7,7,TGCCAGCCAAGGGATAAATA,0,32214
TSS_1414_storz_regulondb,0.125,7,7,TGCCAAGGAGCATTCTCCTG,0,40425
TSS_1414_storz_regulondb,0.125,7,7,TGCAGTTAAAGCGGCTCATA,0,42674
TSS_1414_storz_regulondb,0.125,7,7,TGCAGGGTGTTCCCTGAGGA,0,11233
TSS_1414_storz_regulondb,0.125,7,7,TGCAATGTACTATTTGGGGA,0,51277
TSS_1414_storz_regulondb,0.125,7,7,TGCAACCACGGGGGTGGAAT,0,7322
TSS_1414_storz_regulondb,0.125,7,7,TGATTTACCCGGACATTATG,0,15865
TSS_1414_storz_regulondb,0.125,7,7,TGATGAGTGTGGTCGTTACA,0,35992
TSS_1414_storz_regulondb,0.125,7,7,TGATGAGTACGGGGGCGTTT,0,18654
TSS_1414_storz_regulondb,0.125,7,7,TGATGAATGTAAAACTAAAG,0,11796
TSS_1414_storz_regulondb,0.125,7,7,TGATCGTCACACTGGTTCAC,0,74604
TSS_1414_storz_regulondb,0.125,7,7,TGATCATAGATGCGGTGAAA,0,45803
TSS_1414_storz_regulondb,0.125,7,7,TGATACGTCTGTTCGTTCCA,0,55523
TSS_1414_storz_regulondb,0.125,7,7,TGATAACTAATACCAGCCTT,0,8916
TSS_1414_storz_regulondb,0.125,7,7,TGATAACAATAATTTCGATG,0,14679
TSS_1414_storz_regulondb,0.125,7,7,TGAGGTATTATGGAACGTAA,0,34920
TSS_1414_storz_regulondb,0.125,7,7,TGAGGGTACGTCTAAAAGGA,0,28910
TSS_1414_storz_regulondb,0.125,7,7,TGAGGACGGAACTAGATGCA,0,27562
TSS_1414_storz_regulondb,0.125,7,7,TGAGCGGTCCTAGCGGTAAA,0,36102
TSS_1414_storz_regulondb,0.125,7,7,TGAGCATATTTGTGTTGTAG,0,15103
TSS_1414_storz_regulondb,0.125,7,7,TGAGAGAGGGCTATTGGGTC,0,47306
TSS_1414_storz_regulondb,0.125,7,7,TGAGAAAAGACAGGGAACCT,0,23898
TSS_1414_storz_regulondb,0.125,7,7,TGACTTCCCGACGTGGGTAT,0,22260
TSS_1414_storz_regulondb,0.125,7,7,TGACTTAGCATACCACCGCT,0,33419
TSS_1414_storz_regulondb,0.125,7,7,TGACGGGTTTCTCAGTCAAT,0,10847
TSS_1414_storz_regulondb,0.125,7,7,TGACGACGTCGCATACGGCA,0,73547
TSS_1414_storz_regulondb,0.125,7,7,TGACCGTCTCTGTGAAACAA,0,40849
TSS_1414_storz_regulondb,0.125,7,7,TGACAGTATCCGGCAGCGAT,0,42881
TSS_1414_storz_regulondb,0.125,7,7,TGAATGTTTAAGTTTGTTCT,0,47099
TSS_1414_storz_regulondb,0.125,7,7,TGAACTAGGACATTTAAAGG,0,61687
TSS_1414_storz_regulondb,0.125,7,7,TGAACGTTTGTGTTTGGATC,0,23303
TSS_1414_storz_regulondb,0.125,7,7,TGAAAGTGTAGCTGAAGAGC,0,49836
TSS_1414_storz_regulondb,0.125,7,7,TGAAAAGTCTGATTAACAGC,0,28740
TSS_1414_storz_regulondb,0.125,7,7,TCTTTTAGGTAGCAATCCAG,0,21060
TSS_1414_storz_regulondb,0.125,7,7,TCTTACGTACCATGTTTCGA,0,62850
TSS_1414_storz_regulondb,0.125,7,7,TCTGGACCGATCACCATGGC,0,39549
TSS_1414_storz_regulondb,0.125,7,7,TCTGCAAGGAGCTGAGACGA,0,59672
TSS_1414_storz_regulondb,0.125,7,7,TCTGAGTGGGAACGGATGGA,0,36198
TSS_1414_storz_regulondb,0.125,7,7,TCTCGGAAAAAGAAATGGGT,0,2208
TSS_1414_storz_regulondb,0.125,7,7,TCTCCATCAATGGCCTATGA,0,22760
TSS_1414_storz_regulondb,0.125,7,7,TCTCCATAGCGCATACGGCC,0,73131
TSS_1414_storz_regulondb,0.125,7,7,TCTCAGGTCTGCCGACCCCC,0,77418
TSS_1414_storz_regulondb,0.125,7,7,TCTCACTTGTCCGATTCGAA,0,57328
TSS_1414_storz_regulondb,0.125,7,7,TCTCACTGGTATCGGGGGCA,0,33755
TSS_1414_storz_regulondb,0.125,7,7,TCTACAGTTTTATTTTTAGC,0,78037
TSS_1414_storz_regulondb,0.125,7,7,TCTAAGGGGGCGGCGGAAAA,0,32316
TSS_1414_storz_regulondb,0.125,7,7,TCGTTTGCCCCCTTGGTGTC,0,1065
TSS_1414_storz_regulondb,0.125,7,7,TCGTTGTCCCTGGCATCGTG,0,52223
TSS_1414_storz_regulondb,0.125,7,7,TCGTTGCACGGTAGCGAGCT,0,63212
TSS_1414_storz_regulondb,0.125,7,7,TCGTTGCAATACAGGGAAAA,0,32160
TSS_1414_storz_regulondb,0.125,7,7,TCGTTATAGCCGGAGGCTTA,0,51362
TSS_1414_storz_regulondb,0.125,7,7,TCGTCTGCGGTTCCTGCAAA,0,27046
TSS_1414_storz_regulondb,0.125,7,7,TCGTCTAGTAAGACAAGTCA,0,38844
TSS_1414_storz_regulondb,0.125,7,7,TCGTAGGGGGCTTAGGCATG,0,81119
TSS_1414_storz_regulondb,0.125,7,7,TCGGTACCATAATAGCCTCA,0,57230
TSS_1414_storz_regulondb,0.125,7,7,TCGGGAATGGCCGAGCTCTG,0,1787
TSS_1414_storz_regulondb,0.125,7,7,TCGGCGGGGGGCGGGAGGTT,0,60257
TSS_1414_storz_regulondb,0.125,7,7,TCGCGGCTGTTGCGCCGTCC,0,61090
TSS_1414_storz_regulondb,0.125,7,7,TCGCAAGTGATCAAGATACT,0,47680
TSS_1414_storz_regulondb,0.125,7,7,TCGCAAGGTGGAGGACTGCG,0,22582
TSS_1414_storz_regulondb,0.125,7,7,TCGATGTCTAGCGAAATCTT,0,41964
TSS_1414_storz_regulondb,0.125,7,7,TCGATATATTCCTGGCCCTG,0,3863
TSS_1414_storz_regulondb,0.125,7,7,TCGACTCGCGTCCGGCTGCG,0,38319
TSS_1414_storz_regulondb,0.125,7,7,TCGACATCCGCGGGGGGTCA,0,16516
TSS_1414_storz_regulondb,0.125,7,7,TCGACATAGATTACGAAAAT,0,18784
TSS_1414_storz_regulondb,0.125,7,7,TCCTTTATGGGTATGAGCGG,0,8687
TSS_1414_storz_regulondb,0.125,7,7,TCCTCAATCCCGCTTCGCAT,0,61295
TSS_1414_storz_regulondb,0.125,7,7,TCCGGGCCTAATCTAACTAT,0,14930
TSS_1414_storz_regulondb,0.125,7,7,TCCGCGAGAAGTAATTTGAA,0,34670
TSS_1414_storz_regulondb,0.125,7,7,TCCGCGACGCAGGGCAAAAT,0,38227
TSS_1414_storz_regulondb,0.125,7,7,TCCGAGTTTGCGACCGCATT,0,8138
TSS_1414_storz_regulondb,0.125,7,7,TCCCCATATTCAGAGGCATT,0,19945
TSS_1414_storz_regulondb,0.125,7,7,TCCCAGCAGTTTATGACGGG,0,50832
TSS_1414_storz_regulondb,0.125,7,7,TCCATCGCAGGACTCGCGGA,0,38573
TSS_1414_storz_regulondb,0.125,7,7,TCCATCAACCAATGACGACT,0,31500
TSS_1414_storz_regulondb,0.125,7,7,TCCAGCTACACCTATGCTCG,0,56760
TSS_1414_storz_regulondb,0.125,7,7,TCATTATTGCGTCTTGACCA,0,4495
TSS_1414_storz_regulondb,0.125,7,7,TCATTATCATTTACGTATGA,0,23363
TSS_1414_storz_regulondb,0.125,7,7,TCATGTGATGATATATTGGT,0,3524
TSS_1414_storz_regulondb,0.125,7,7,TCATGCCGCTGACCAGAGTC,0,25663
TSS_1414_storz_regulondb,0.125,7,7,TCATGACTTAAACGGGATGC,0,17881
TSS_1414_storz_regulondb,0.125,7,7,TCATCATCGAACCGCGCGCG,0,36191
TSS_1414_storz_regulondb,0.125,7,7,TCATAGGGGGTGGGCACGGT,0,64987
TSS_1414_storz_regulondb,0.125,7,7,TCATAAAACATTGCTTCCCG,0,51275
TSS_1414_storz_regulondb,0.125,7,7,TCAGGGACACGTAAGAGACG,0,44244
TSS_1414_storz_regulondb,0.125,7,7,TCAGGAGTAAAGGCGAGTCC,0,49537
TSS_1414_storz_regulondb,0.125,7,7,TCAGCCGCCAGCGCTGAACA,0,70486
TSS_1414_storz_regulondb,0.125,7,7,TCAGAAAGTAGGCGCCCGGA,0,72216
TSS_1414_storz_regulondb,0.125,7,7,TCAGAAACTTGAGCGACGTA,0,72690
TSS_1414_storz_regulondb,0.125,7,7,TCACATAGACTTAAGCCCCT,0,5936
TSS_1414_storz_regulondb,0.125,7,7,TCACAGAAGTGGAGGTAACC,0,60924
TSS_1414_storz_regulondb,0.125,7,7,TCAAGTGGCCCTGACGGCGC,0,61776
TSS_1414_storz_regulondb,0.125,7,7,TCAACTTCGTGGAGTTCAAC,0,56198
TSS_1414_storz_regulondb,0.125,7,7,TCAAATTCAAGAACGGTACG,0,19425
TSS_1414_storz_regulondb,0.125,7,7,TCAAATGACCGTGACAGCCT,0,36438
TSS_1414_storz_regulondb,0.125,7,7,TCAAATCATGATTCGCGTGA,0,52132
TSS_1414_storz_regulondb,0.125,7,7,TCAAAGTGAACCACCGGGTT,0,81027
TSS_1414_storz_regulondb,0.125,7,7,TCAAACTGCCGTAAGGATTT,0,61147
TSS_1414_storz_regulondb,0.125,7,7,TATTTCTTTGCCCTATACTG,0,62773
TSS_1414_storz_regulondb,0.125,7,7,TATTGTACCCGTCCCGCGAG,0,51032
TSS_1414_storz_regulondb,0.125,7,7,TATTGGGATAATGTTCAAAG,0,28469
TSS_1414_storz_regulondb,0.125,7,7,TATTCTGGTACAGCGCTTTA,0,25485
TSS_1414_storz_regulondb,0.125,7,7,TATTCCATACGTTGGAAATG,0,67935
TSS_1414_storz_regulondb,0.125,7,7,TATTAGCGTGCAGGTCAGAA,0,4729
TSS_1414_storz_regulondb,0.125,7,7,TATGGGGATTAGGAGGCTTA,0,49074
TSS_1414_storz_regulondb,0.125,7,7,TATGCTTGGCACTACGGGTA,0,52199
TSS_1414_storz_regulondb,0.125,7,7,TATGCCGTTTGAATCCGGTA,0,75312
TSS_1414_storz_regulondb,0.125,7,7,TATGCCCCCTGCTGGGCAAT,0,64682
TSS_1414_storz_regulondb,0.125,7,7,TATGCACATACGGCTACTGT,0,39359
TSS_1414_storz_regulondb,0.125,7,7,TATGACGCGCCTGGTAGATC,0,58624
TSS_1414_storz_regulondb,0.125,7,7,TATCTCATCACATAAAGTTA,0,66893
TSS_1414_storz_regulondb,0.125,7,7,TATCTAAAGTGGCCTCTTCA,0,55114
TSS_1414_storz_regulondb,0.125,7,7,TATCGGGGACCGAAAGGAGA,0,23490
TSS_1414_storz_regulondb,0.125,7,7,TATCCCTTAAAGAATTTCAT,0,7200
TSS_1414_storz_regulondb,0.125,7,7,TATCCAGTGTGTGCCCACCT,0,17646
TSS_1414_storz_regulondb,0.125,7,7,TATCAGTGCGTGGGTCTCAG,0,39140
TSS_1414_storz_regulondb,0.125,7,7,TATATTTAACCAATAGTTGT,0,40183
TSS_1414_storz_regulondb,0.125,7,7,TATATAATATCCGTTATGTG,0,54149
TSS_1414_storz_regulondb,0.125,7,7,TATAGTATTAAAATGGGCGC,0,27255
TSS_1414_storz_regulondb,0.125,7,7,TATAATTAGGCTAACTCCAT,0,6162
TSS_1414_storz_regulondb,0.125,7,7,TAGGACTGTGTTCATGAATC,0,64479
TSS_1414_storz_regulondb,0.125,7,7,TAGGAAACTTTAAGCATTTG,0,16672
TSS_1414_storz_regulondb,0.125,7,7,TAGCTAGCGGGGACCGGGAC,0,25064
TSS_1414_storz_regulondb,0.125,7,7,TAGCGGAGTATAGACGCGGG,0,54195
TSS_1414_storz_regulondb,0.125,7,7,TAGACGAGGAATCAAACCTC,0,37635
TSS_1414_storz_regulondb,0.125,7,7,TACTTGGGTCCGCCGTAACA,0,43028
TSS_1414_storz_regulondb,0.125,7,7,TACTGTCTGCTGTTCCTGGA,0,31946
TSS_1414_storz_regulondb,0.125,7,7,TACTGGGCACATAAAGCAGA,0,80207
TSS_1414_storz_regulondb,0.125,7,7,TACTCATGTAAATGGACCCA,0,56249
TSS_1414_storz_regulondb,0.125,7,7,TACGATCTACCTCGCGGAGC,0,30719
TSS_1414_storz_regulondb,0.125,7,7,TACCTTATTAGATACGGGCT,0,79346
TSS_1414_storz_regulondb,0.125,7,7,TACCGACCGTAAACTCCTAC,0,57437
TSS_1414_storz_regulondb,0.125,7,7,TACCCGATAACAATGGCAGA,0,13467
TSS_1414_storz_regulondb,0.125,7,7,TACCAGCGCAACCGCACGCC,0,9196
TSS_1414_storz_regulondb,0.125,7,7,TACATCACTATGTCCTAAGT,0,49328
TSS_1414_storz_regulondb,0.125,7,7,TACATCACGTGCCGCGCACC,0,59530
TSS_1414_storz_regulondb,0.125,7,7,TACATATTCCCAACAACTGT,0,387
TSS_1414_storz_regulondb,0.125,7,7,TACAGAGGGGTTCAGATAAG,0,63604
TSS_1414_storz_regulondb,0.125,7,7,TAATTGCTCTATTAACGATG,0,6595
TSS_1414_storz_regulondb,0.125,7,7,TAATTGAATCTCCTCAAGTG,0,52690
TSS_1414_storz_regulondb,0.125,7,7,TAATTAAGGTATATATTCAT,0,9200
TSS_1414_storz_regulondb,0.125,7,7,TAATGATGCGGCATCACGAG,0,31653
TSS_1414_storz_regulondb,0.125,7,7,TAATGAGGCCATTTATAAGG,0,69035
TSS_1414_storz_regulondb,0.125,7,7,TAATGAAAGCTCGTGTGTGC,0,68158
TSS_1414_storz_regulondb,0.125,7,7,TAATCTACACTTCGTAACCC,0,36373
TSS_1414_storz_regulondb,0.125,7,7,TAATCTAATTGGTGCGTTTG,0,37521
TSS_1414_storz_regulondb,0.125,7,7,TAATAAGGTGTGAATACGCA,0,13913
TSS_1414_storz_regulondb,0.125,7,7,TAATAAGAGGCACAGTGATC,0,76930
TSS_1414_storz_regulondb,0.125,7,7,TAAGTTTAACGGTCCAGGCC,0,6824
TSS_1414_storz_regulondb,0.125,7,7,TAAGTCAGGTTCTCTGTTAA,0,25385
TSS_1414_storz_regulondb,0.125,7,7,TAAGTAAGAGCCAGCGAAGG,0,56660
TSS_1414_storz_regulondb,0.125,7,7,TAAGGGATGGTGTACGTCCT,0,34459
TSS_1414_storz_regulondb,0.125,7,7,TAAGCATGGGACTTGGTAAT,0,34000
TSS_1414_storz_regulondb,0.125,7,7,TAACTCTTGACTAGGTACAG,0,21503
TSS_1414_storz_regulondb,0.125,7,7,TAACGGATTGCACGCTCTGG,0,56940
TSS_1414_storz_regulondb,0.125,7,7,TAACCTGAGTTAGGGCGGAG,0,29222
TSS_1414_storz_regulondb,0.125,7,7,TAACAGGGGTTGGATTTGAG,0,72476
TSS_1414_storz_regulondb,0.125,7,7,TAAAGGCACGTGTGAGGCTC,0,47210
TSS_1414_storz_regulondb,0.125,7,7,TAAACGTAGGCCTCCGTATA,0,41702
TSS_1414_storz_regulondb,0.125,7,7,TAAACGAAAGGTATGTAGAT,0,4561
TSS_1414_storz_regulondb,0.125,7,7,GTTTTTGCGTTCATGATAGG,0,74593
TSS_1414_storz_regulondb,0.125,7,7,GTTGTTCGGTCTATTGTGGT,0,74446
TSS_1414_storz_regulondb,0.125,7,7,GTTGTTAAATTCTCACCCGG,0,61291
TSS_1414_storz_regulondb,0.125,7,7,GTTGTGGGGAAACTACACTG,0,45861
TSS_1414_storz_regulondb,0.125,7,7,GTTGTCCGTACGACCTCCCA,0,44884
TSS_1414_storz_regulondb,0.125,7,7,GTTGGATAGTGGCCCGAGTA,0,56213
TSS_1414_storz_regulondb,0.125,7,7,GTTGGACAGACGTCAGGAGA,0,54950
TSS_1414_storz_regulondb,0.125,7,7,GTTGCTCTATGGGGCGACTC,0,36123
TSS_1414_storz_regulondb,0.125,7,7,GTTCTACGCGCTGCGGCGAA,0,34312
TSS_1414_storz_regulondb,0.125,7,7,GTTCGCACCGCGGGTTCGAA,0,48207
TSS_1414_storz_regulondb,0.125,7,7,GTTCCGCGTTTTCTCGGGGT,0,67044
TSS_1414_storz_regulondb,0.125,7,7,GTTATTTTGAGGCATGGTCA,0,72332
TSS_1414_storz_regulondb,0.125,7,7,GTTATAGTGGACATGGGGTC,0,2071
TSS_1414_storz_regulondb,0.125,7,7,GTTAGTTTCGCTCCAGGGCC,0,4121
TSS_1414_storz_regulondb,0.125,7,7,GTTACACTGACATCACGGCT,0,53041
TSS_1414_storz_regulondb,0.125,7,7,GTTAATCCCGAGAAAAGTTC,0,71104
TSS_1414_storz_regulondb,0.125,7,7,GTGTTCGGAAGCTAGTTAGC,0,77676
TSS_1414_storz_regulondb,0.125,7,7,GTGTCTCTCTGCGCTTAGCA,0,30445
TSS_1414_storz_regulondb,0.125,7,7,GTGTCACGCTTTGGGGTTAA,0,17160
TSS_1414_storz_regulondb,0.125,7,7,GTGTAGGCGCTTTGGGAGCT,0,13810
TSS_1414_storz_regulondb,0.125,7,7,GTGTAAGGCCCTGCGATGGT,0,43527
TSS_1414_storz_regulondb,0.125,7,7,GTGGTTGTTGTTATCCGGGT,0,52062
TSS_1414_storz_regulondb,0.125,7,7,GTGGTTGGTTTAAACCTATA,0,34900
TSS_1414_storz_regulondb,0.125,7,7,GTGGTGTCAATTGCGGTCAA,0,76512
TSS_1414_storz_regulondb,0.125,7,7,GTGGTAACCCCGGCGATCCT,0,76461
TSS_1414_storz_regulondb,0.125,7,7,GTGGGCGAACAAGATCACGT,0,9893
TSS_1414_storz_regulondb,0.125,7,7,GTGCTAGAAATTGCTTCGCG,0,50491
TSS_1414_storz_regulondb,0.125,7,7,GTGATGCTTTAAGGAGCCTC,0,10837
TSS_1414_storz_regulondb,0.125,7,7,GTGATCCGGCACGAGTACAG,0,32772
TSS_1414_storz_regulondb,0.125,7,7,GTGAGGCATTACTGCCCTGA,0,49207
TSS_1414_storz_regulondb,0.125,7,7,GTGACATTGCGAAAAATTTA,0,20006
TSS_1414_storz_regulondb,0.125,7,7,GTGACAGACTATTGCTAAGT,0,9319
TSS_1414_storz_regulondb,0.125,7,7,GTGACAATGAAACCACTATG,0,68091
TSS_1414_storz_regulondb,0.125,7,7,GTGAAAGAGTGCTGTCAAGC,0,42332
TSS_1414_storz_regulondb,0.125,7,7,GTCTTTTCATGATAGTGAGT,0,17026
TSS_1414_storz_regulondb,0.125,7,7,GTCTTATTGCGGATCCGACA,0,50695
TSS_1414_storz_regulondb,0.125,7,7,GTCTTAAGTCGGTCTCCGGG,0,76660
TSS_1414_storz_regulondb,0.125,7,7,GTCTTAAATCTTTACACTGA,0,19735
TSS_1414_storz_regulondb,0.125,7,7,GTCTCAATGTCTTGGGCCAC,0,32036
TSS_1414_storz_regulondb,0.125,7,7,GTCTATCGATGCGTTATACG,0,55346
TSS_1414_storz_regulondb,0.125,7,7,GTCTAAAAGTTTTAGCCGCA,0,21426
TSS_1414_storz_regulondb,0.125,7,7,GTCGTCAAATGAAATCCGTT,0,35934
TSS_1414_storz_regulondb,0.125,7,7,GTCGTACTGTCGTGGGGTGT,0,21827
TSS_1414_storz_regulondb,0.125,7,7,GTCCTCGTATGTTCATGGCT,0,30231
TSS_1414_storz_regulondb,0.125,7,7,GTCCGCTTGGATGTGATTGC,0,54457
TSS_1414_storz_regulondb,0.125,7,7,GTCCCTTGAAGGCCACATTC,0,5867
TSS_1414_storz_regulondb,0.125,7,7,GTCCAATTGGGCGCAAAAGG,0,13187
TSS_1414_storz_regulondb,0.125,7,7,GTCCAATATTTAATCTTCAG,0,7227
TSS_1414_storz_regulondb,0.125,7,7,GTCATCGATGCTACATATAG,0,18131
TSS_1414_storz_regulondb,0.125,7,7,GTCAGGATTCGCTTTAGTCG,0,16704
TSS_1414_storz_regulondb,0.125,7,7,GTCACCCAGTCTATTGAGTG,0,40445
TSS_1414_storz_regulondb,0.125,7,7,GTCAACGGCACACCTGGACT,0,23629
TSS_1414_storz_regulondb,0.125,7,7,GTATTGCAGAGTTAACGTCA,0,3442
TSS_1414_storz_regulondb,0.125,7,7,GTATCCTCAGTATTCAGCCT,0,35339
TSS_1414_storz_regulondb,0.125,7,7,GTATACAGAGATTATCACTA,0,64993
TSS_1414_storz_regulondb,0.125,7,7,GTAGTTAAAGTGGCAGCAGT,0,34437
TSS_1414_storz_regulondb,0.125,7,7,GTAGTGCTGCTTTTCGATTA,0,48640
TSS_1414_storz_regulondb,0.125,7,7,GTAGGTCATTCGTCTTCGTA,0,6113
TSS_1414_storz_regulondb,0.125,7,7,GTAGGGCTTACCTTCTGCGT,0,60019
TSS_1414_storz_regulondb,0.125,7,7,GTAGGCTTCGTCGGCCTACG,0,56202
TSS_1414_storz_regulondb,0.125,7,7,GTAGGAGATGCCGATTGGAA,0,5878
TSS_1414_storz_regulondb,0.125,7,7,GTAGCCACGGATGCTCTTCA,0,14133
TSS_1414_storz_regulondb,0.125,7,7,GTAGATAGGGCCGGGGCTTG,0,42263
TSS_1414_storz_regulondb,0.125,7,7,GTACGGGATTTTATTGCCAA,0,639
TSS_1414_storz_regulondb,0.125,7,7,GTACGCCACGATCTGGATTA,0,73027
TSS_1414_storz_regulondb,0.125,7,7,GTACCGCCGCGCTGGTGTAT,0,29680
TSS_1414_storz_regulondb,0.125,7,7,GTAAGCGCTTTCCGCAAGGT,0,41724
TSS_1414_storz_regulondb,0.125,7,7,GTAAGACGAGGTTTGTTACT,0,20768
TSS_1414_storz_regulondb,0.125,7,7,GTAACGGACCTGAGAGCTAA,0,69610
TSS_1414_storz_regulondb,0.125,7,7,GTAAATATATGGTGGCATTA,0,23929
TSS_1414_storz_regulondb,0.125,7,7,GGTTTCTAGGTAGGTTGGGA,0,77943
TSS_1414_storz_regulondb,0.125,7,7,GGTTATGGACAGCCTGTAGA,0,48110
TSS_1414_storz_regulondb,0.125,7,7,GGTGGTGAGTGCATATAGTC,0,27159
TSS_1414_storz_regulondb,0.125,7,7,GGTGGGACAGTAAACCGCTA,0,78417
TSS_1414_storz_regulondb,0.125,7,7,GGTGCCGAGGGGAATCGAGC,0,75771
TSS_1414_storz_regulondb,0.125,7,7,GGTGCCCAACAGCCCGAGAG,0,39953
TSS_1414_storz_regulondb,0.125,7,7,GGTGAAGCGCCGCAGACACA,0,42108
TSS_1414_storz_regulondb,0.125,7,7,GGTCTTACCATTTATGGGCA,0,73006
TSS_1414_storz_regulondb,0.125,7,7,GGTCTCCCGGTGGAGTCCTG,0,8764
TSS_1414_storz_regulondb,0.125,7,7,GGTCGTTGGCACGGAATAGG,0,11462
TSS_1414_storz_regulondb,0.125,7,7,GGTCGAATTATGGTCGTCTC,0,45990
TSS_1414_storz_regulondb,0.125,7,7,GGTCCTAGACTTTTCATTTT,0,74270
TSS_1414_storz_regulondb,0.125,7,7,GGTCCAATTGACGTTCTCCA,0,25229
TSS_1414_storz_regulondb,0.125,7,7,GGTCAGCCGATCATCGGTAA,0,68395
TSS_1414_storz_regulondb,0.125,7,7,GGTCACACTCTAGCATTTCT,0,79057
TSS_1414_storz_regulondb,0.125,7,7,GGTCAAATACAGTGCTTCCT,0,25577
TSS_1414_storz_regulondb,0.125,7,7,GGTAGCTGAGGGATAACAAT,0,32290
TSS_1414_storz_regulondb,0.125,7,7,GGTAGCAGCCTTCGCTACGC,0,51183
TSS_1414_storz_regulondb,0.125,7,7,GGTAGATAACATAAGGAACG,0,37512
TSS_1414_storz_regulondb,0.125,7,7,GGTACTAACAGTAGGCACTT,0,32116
TSS_1414_storz_regulondb,0.125,7,7,GGTACAGCTGGGACCAAAGG,0,79924
TSS_1414_storz_regulondb,0.125,7,7,GGTAAAAATGAGTGTATGGG,0,57407
TSS_1414_storz_regulondb,0.125,7,7,GGGTTAAAGCGTGTCCTAAG,0,57826
TSS_1414_storz_regulondb,0.125,7,7,GGGTGCGCTTAGGCTAAGGA,0,71746
TSS_1414_storz_regulondb,0.125,7,7,GGGTGCCTGCACGTTCAGTC,0,5185
TSS_1414_storz_regulondb,0.125,7,7,GGGTGATAAGAATTACTCGA,0,23509
TSS_1414_storz_regulondb,0.125,7,7,GGGTCTCCGGCCGGACCATG,0,30119
TSS_1414_storz_regulondb,0.125,7,7,GGGTAGTCGTCAAAGTCCTC,0,15843
TSS_1414_storz_regulondb,0.125,7,7,GGGTACGACGGGATACTAAG,0,34531
TSS_1414_storz_regulondb,0.125,7,7,GGGGTTTGGATTTTAGATCA,0,53872
TSS_1414_storz_regulondb,0.125,7,7,GGGGTCAACACCTAGGACAA,0,41142
TSS_1414_storz_regulondb,0.125,7,7,GGGGGTTAACCTTTTATACA,0,56939
TSS_1414_storz_regulondb,0.125,7,7,GGGGGATCGCTGCTTGAGTG,0,4781
TSS_1414_storz_regulondb,0.125,7,7,GGGGATAGTTAAAGCTTCCA,0,41932
TSS_1414_storz_regulondb,0.125,7,7,GGGCTTTGATCTCGAAGTAA,0,21299
TSS_1414_storz_regulondb,0.125,7,7,GGGCGACTTAGACCGCATTA,0,56268
TSS_1414_storz_regulondb,0.125,7,7,GGGCGAACTAGGATCGGCAT,0,29955
TSS_1414_storz_regulondb,0.125,7,7,GGGCGAACGAGACCGCCCGT,0,72656
TSS_1414_storz_regulondb,0.125,7,7,GGGCCTCGGCCTGGCTGGCA,0,36809
TSS_1414_storz_regulondb,0.125,7,7,GGGCCCAGTGGACCTGCTTG,0,13766
TSS_1414_storz_regulondb,0.125,7,7,GGGCATCTGCTATACTCGCG,0,16854
TSS_1414_storz_regulondb,0.125,7,7,GGGATGCTCGGTCGTAGTGA,0,45869
TSS_1414_storz_regulondb,0.125,7,7,GGGATGCCTGGCTCGTACGG,0,15730
TSS_1414_storz_regulondb,0.125,7,7,GGGATATCACAGTGCATCAG,0,63282
TSS_1414_storz_regulondb,0.125,7,7,GGGAAGGTCGGCATCTCCCA,0,21215
TSS_1414_storz_regulondb,0.125,7,7,GGGAAGAAGATTCTTGGGCA,0,29198
TSS_1414_storz_regulondb,0.125,7,7,GGCTTTGGCATTAAGTGATC,0,4772
TSS_1414_storz_regulondb,0.125,7,7,GGCTGTCTTAAGGAAGGAAC,0,4127
TSS_1414_storz_regulondb,0.125,7,7,GGCTGTATCGCTTAACTCAA,0,79623
TSS_1414_storz_regulondb,0.125,7,7,GGCTCGGACTTATATGAGGT,0,70261
TSS_1414_storz_regulondb,0.125,7,7,GGCTCATCCATATGCGATTG,0,41271
TSS_1414_storz_regulondb,0.125,7,7,GGCTCAGCTAAGACTTCCTA,0,73686
TSS_1414_storz_regulondb,0.125,7,7,GGCGCATTGTAAGCACGGGA,0,47142
TSS_1414_storz_regulondb,0.125,7,7,GGCGACGCCCCGTCCCTCAT,0,50159
TSS_1414_storz_regulondb,0.125,7,7,GGCGACCGGCATACTGATCC,0,72235
TSS_1414_storz_regulondb,0.125,7,7,GGCGAATTTGTACCTAACGG,0,40621
TSS_1414_storz_regulondb,0.125,7,7,GGCCTTAGGGTTTCGATAAG,0,66139
TSS_1414_storz_regulondb,0.125,7,7,GGCCGGGCATACCACTTGAT,0,23126
TSS_1414_storz_regulondb,0.125,7,7,GGCCGAGCCCCGGCGGACGC,0,53674
TSS_1414_storz_regulondb,0.125,7,7,GGCCCTAGCTTTGGAATTAA,0,69634
TSS_1414_storz_regulondb,0.125,7,7,GGCCATGTGGGGTCCCCGCA,0,20314
TSS_1414_storz_regulondb,0.125,7,7,GGCAGGTAGCTATGACCCGT,0,58274
TSS_1414_storz_regulondb,0.125,7,7,GGCACGTCCTTAGGTATGTA,0,80630
TSS_1414_storz_regulondb,0.125,7,7,GGCACCGAGGTAGGCTTAGC,0,49450
TSS_1414_storz_regulondb,0.125,7,7,GGCAATGGAGTCCCACAATG,0,22893
TSS_1414_storz_regulondb,0.125,7,7,GGATTTGGGCTTTCATGCTG,0,20496
TSS_1414_storz_regulondb,0.125,7,7,GGATTTATACTTTCGGGTCA,0,36465
TSS_1414_storz_regulondb,0.125,7,7,GGATCTGGCTCCCAGTCTGC,0,71196
TSS_1414_storz_regulondb,0.125,7,7,GGATCATGGTAGTACCCTTG,0,19412
TSS_1414_storz_regulondb,0.125,7,7,GGATAGAACCGAAACGTAGC,0,62896
TSS_1414_storz_regulondb,0.125,7,7,GGATACTAAAAGGTAGATGA,0,62634
TSS_1414_storz_regulondb,0.125,7,7,GGATAAGGCTAAATGTTGCA,0,75380
TSS_1414_storz_regulondb,0.125,7,7,GGATAAGCAACTATCGCCGA,0,18812
TSS_1414_storz_regulondb,0.125,7,7,GGAGTTAAAGGCTTCACTCA,0,46076
TSS_1414_storz_regulondb,0.125,7,7,GGAGGGCTCACGCGCTCCAG,0,28862
TSS_1414_storz_regulondb,0.125,7,7,GGAGGGATTAGCGATGGAAT,0,3600
TSS_1414_storz_regulondb,0.125,7,7,GGAGGCTATCAATCGTCCAA,0,47294
TSS_1414_storz_regulondb,0.125,7,7,GGAGCGGAAGTTATTAGTAA,0,76442
TSS_1414_storz_regulondb,0.125,7,7,GGACTGCTTACTGACGTTAG,0,61336
TSS_1414_storz_regulondb,0.125,7,7,GGACTGCTGACCGAACGTTT,0,15936
TSS_1414_storz_regulondb,0.125,7,7,GGACTCTCCGCGAACCCTCC,0,10699
TSS_1414_storz_regulondb,0.125,7,7,GGACGGTGCGTGTATAGTAT,0,20842
TSS_1414_storz_regulondb,0.125,7,7,GGACGCATATGCCAATTTGG,0,6520
TSS_1414_storz_regulondb,0.125,7,7,GGACCGGCATTGGAGCCGCA,0,35119
TSS_1414_storz_regulondb,0.125,7,7,GGACATTTTAACACTCGGGA,0,55558
TSS_1414_storz_regulondb,0.125,7,7,GGACACTTTGCACCAACATT,0,50183
TSS_1414_storz_regulondb,0.125,7,7,GGAACGCTTGGCGAAGCGTG,0,69238
TSS_1414_storz_regulondb,0.125,7,7,GCTTTCAACGTAGGCTGCAA,0,59271
TSS_1414_storz_regulondb,0.125,7,7,GCTTTACTACACGAGCCCGC,0,3834
TSS_1414_storz_regulondb,0.125,7,7,GCTTGTCTCAGGTTCTAGAT,0,54198
TSS_1414_storz_regulondb,0.125,7,7,GCTTCTTGTATGCCTGAGTA,0,13457
TSS_1414_storz_regulondb,0.125,7,7,GCTTCGGCCAGTCCTGTTAT,0,12044
TSS_1414_storz_regulondb,0.125,7,7,GCTTCAAGAGTAGTCCAGCG,0,14463
TSS_1414_storz_regulondb,0.125,7,7,GCTGTTTTTATGGTCTGTTA,0,8905
TSS_1414_storz_regulondb,0.125,7,7,GCTGTCGATGAGACCACTAT,0,66483
TSS_1414_storz_regulondb,0.125,7,7,GCTGTAATCAAATCCAATGT,0,5329
TSS_1414_storz_regulondb,0.125,7,7,GCTGGTTATGTGACATACGT,0,51189
TSS_1414_storz_regulondb,0.125,7,7,GCTGGTGGTTGGGCTTAGGT,0,19446
TSS_1414_storz_regulondb,0.125,7,7,GCTGATTCAATCCATGATGT,0,16090
TSS_1414_storz_regulondb,0.125,7,7,GCTGAGCCTCCGAATGTAAT,0,9788
TSS_1414_storz_regulondb,0.125,7,7,GCTCTTTTTATGTGAAACCA,0,27106
TSS_1414_storz_regulondb,0.125,7,7,GCTCATTTCCCCCCTCGGAA,0,26254
TSS_1414_storz_regulondb,0.125,7,7,GCTATCTAGTGAAAGCCGAA,0,11011
TSS_1414_storz_regulondb,0.125,7,7,GCTAGACGGTCGCTCGCACG,0,48033
TSS_1414_storz_regulondb,0.125,7,7,GCTAAGTTATACACGGCGAA,0,35977
TSS_1414_storz_regulondb,0.125,7,7,GCTAAGGAAAGGAGTCACAT,0,3740
TSS_1414_storz_regulondb,0.125,7,7,GCTAACGTTTTCTAATGGAC,0,3015
TSS_1414_storz_regulondb,0.125,7,7,GCTAACCCGACAAGGACCAA,0,79147
TSS_1414_storz_regulondb,0.125,7,7,GCGTTATATCTTTTCTGCCG,0,68747
TSS_1414_storz_regulondb,0.125,7,7,GCGTCATCCTTCAAACTTGT,0,20324
TSS_1414_storz_regulondb,0.125,7,7,GCGTCACAGCAGTCTGACTC,0,37068
TSS_1414_storz_regulondb,0.125,7,7,GCGTAACGTTGTTCGCCACA,0,78929
TSS_1414_storz_regulondb,0.125,7,7,GCGGGGTAAGTGTTTTCAAA,0,36886
TSS_1414_storz_regulondb,0.125,7,7,GCGGGGGGCGAGTCCCTTCC,0,24738
TSS_1414_storz_regulondb,0.125,7,7,GCGGGACGATAGCACTGGTA,0,18259
TSS_1414_storz_regulondb,0.125,7,7,GCGCGTGTTCACAAGGGGTC,0,31102
TSS_1414_storz_regulondb,0.125,7,7,GCGCCCGGATGGACAGTTGT,0,1348
TSS_1414_storz_regulondb,0.125,7,7,GCGCATATGGGGGGCCGAAT,0,17153
TSS_1414_storz_regulondb,0.125,7,7,GCGATCAAAGAGAGTCGGTG,0,39211
TSS_1414_storz_regulondb,0.125,7,7,GCGAGTTGTTACGTCGCGAA,0,64501
TSS_1414_storz_regulondb,0.125,7,7,GCGAGTATAGCTGTCTATCG,0,39456
TSS_1414_storz_regulondb,0.125,7,7,GCGAGGGGCACCATGAGTAA,0,69279
TSS_1414_storz_regulondb,0.125,7,7,GCGACTTTGTCTGATGAAGG,0,888
TSS_1414_storz_regulondb,0.125,7,7,GCGACCGGATAGATCTCCGG,0,61087
TSS_1414_storz_regulondb,0.125,7,7,GCGACCGCGCCACTCTCGAT,0,61540
TSS_1414_storz_regulondb,0.125,7,7,GCGAACCACGTCCCGGTAAG,0,80857
TSS_1414_storz_regulondb,0.125,7,7,GCCTTCAGAAGCACTGTGAT,0,4063
TSS_1414_storz_regulondb,0.125,7,7,GCCTTAGGGCCACATATATA,0,42998
TSS_1414_storz_regulondb,0.125,7,7,GCCTGGCGTATCCCTTGACA,0,15872
TSS_1414_storz_regulondb,0.125,7,7,GCCTGCGGTGGATCTACCAA,0,53964
TSS_1414_storz_regulondb,0.125,7,7,GCCTCGGACATGTGTAACGA,0,4909
TSS_1414_storz_regulondb,0.125,7,7,GCCTACCATAAGGGTGTCCC,0,62192
TSS_1414_storz_regulondb,0.125,7,7,GCCGGTCAATTTGTTAGAGG,0,25120
TSS_1414_storz_regulondb,0.125,7,7,GCCGAAAGTATTCCGACGCC,0,75392
TSS_1414_storz_regulondb,0.125,7,7,GCCCCGGCAGCCCGTCCAAC,0,18467
TSS_1414_storz_regulondb,0.125,7,7,GCCCACGCGATATGATCACG,0,74680
TSS_1414_storz_regulondb,0.125,7,7,GCCCACGACCGAATGGCAAT,0,49844
TSS_1414_storz_regulondb,0.125,7,7,GCCATGGGTGTGTTAGGCTG,0,43632
TSS_1414_storz_regulondb,0.125,7,7,GCCAGGTAGCAGTTAATAAC,0,70405
TSS_1414_storz_regulondb,0.125,7,7,GCCAGAATCGTCACACGCTT,0,12810
TSS_1414_storz_regulondb,0.125,7,7,GCCACGCCTTCTTACCCCTC,0,42814
TSS_1414_storz_regulondb,0.125,7,7,GCCAATGGACGGCGGCGTCT,0,66724
TSS_1414_storz_regulondb,0.125,7,7,GCCAAGCCGAGCGATCCCTC,0,20748
TSS_1414_storz_regulondb,0.125,7,7,GCATCTTCGATTGTTCTCGG,0,41942
TSS_1414_storz_regulondb,0.125,7,7,GCATCCCCCCAACCGAGTCA,0,28143
TSS_1414_storz_regulondb,0.125,7,7,GCAGTCCACTGCCTCAAGTA,0,11207
TSS_1414_storz_regulondb,0.125,7,7,GCAGTCATTCCTTTAGTGAA,0,37978
TSS_1414_storz_regulondb,0.125,7,7,GCAGCTTTATGAGGTAGAGG,0,40937
TSS_1414_storz_regulondb,0.125,7,7,GCAGCTACTGTCGCTGAGGA,0,55892
TSS_1414_storz_regulondb,0.125,7,7,GCAGAGATCGGAGATGGAGT,0,14630
TSS_1414_storz_regulondb,0.125,7,7,GCACGATATGCGACGACGGC,0,65136
TSS_1414_storz_regulondb,0.125,7,7,GCACAGGTGCAATCGCCATA,0,30737
TSS_1414_storz_regulondb,0.125,7,7,GCACAGGTAAAAAGTTGGAA,0,51615
TSS_1414_storz_regulondb,0.125,7,7,GCACACTTAGTAACGATACG,0,8235
TSS_1414_storz_regulondb,0.125,7,7,GCACAAATTCATATATAACT,0,12113
TSS_1414_storz_regulondb,0.125,7,7,GCAAGGTTAAACGAGACTGT,0,10747
TSS_1414_storz_regulondb,0.125,7,7,GCAAGACAACGTGATTCGCT,0,80494
TSS_1414_storz_regulondb,0.125,7,7,GCAAATCACCAAACCCGAAT,0,15195
TSS_1414_storz_regulondb,0.125,7,7,GCAAAGGCCTCGAGTCTAAT,0,4085
TSS_1414_storz_regulondb,0.125,7,7,GCAAAAAATGGATGTCGAAC,0,49838
TSS_1414_storz_regulondb,0.125,7,7,GATTTTCAATCATACGAACC,0,54805
TSS_1414_storz_regulondb,0.125,7,7,GATTTACTTGTAGGTAGGGT,0,23181
TSS_1414_storz_regulondb,0.125,7,7,GATTGGGTACACTAGCTCAG,0,31144
TSS_1414_storz_regulondb,0.125,7,7,GATTGGGCTAATATACAGGT,0,25836
TSS_1414_storz_regulondb,0.125,7,7,GATTGAGGGAGAGTATCATT,0,68440
TSS_1414_storz_regulondb,0.125,7,7,GATTCGTCGTGGGAGGGAAC,0,13147
TSS_1414_storz_regulondb,0.125,7,7,GATTATGGTGAACAGCCCAC,0,22280
TSS_1414_storz_regulondb,0.125,7,7,GATGTTGAGCGACCTCAGAC,0,66176
TSS_1414_storz_regulondb,0.125,7,7,GATGTGCAGTTGATTACTAA,0,76879
TSS_1414_storz_regulondb,0.125,7,7,GATGGTAATCTGAGGAATTC,0,80001
TSS_1414_storz_regulondb,0.125,7,7,GATGCGGTTTCTTCAAAAGG,0,23821
TSS_1414_storz_regulondb,0.125,7,7,GATGAACTCCCGCCAGGGAC,0,32237
TSS_1414_storz_regulondb,0.125,7,7,GATCGCGGGGCCATCCCTTC,0,81093
TSS_1414_storz_regulondb,0.125,7,7,GATCCGCACGCAGCTATAAA,0,62665
TSS_1414_storz_regulondb,0.125,7,7,GATCCATTGACAGGCTCCTG,0,8261
TSS_1414_storz_regulondb,0.125,7,7,GATCATGATAATGTGCTGAA,0,69420
TSS_1414_storz_regulondb,0.125,7,7,GATATCTCGTGGGACGGTAT,0,58476
TSS_1414_storz_regulondb,0.125,7,7,GATACTTGACGATATTGGAA,0,5869
TSS_1414_storz_regulondb,0.125,7,7,GATACTAGAATACAGTACTA,0,21078
TSS_1414_storz_regulondb,0.125,7,7,GATACAATCCTGCTGCGGCT,0,24900
TSS_1414_storz_regulondb,0.125,7,7,GATAATTTGACGCGTTCAAT,0,49476
TSS_1414_storz_regulondb,0.125,7,7,GAGTTTCGGGCAACGTGAGT,0,44716
TSS_1414_storz_regulondb,0.125,7,7,GAGTTCAGCGCCGATTGATG,0,14858
TSS_1414_storz_regulondb,0.125,7,7,GAGTCTCGCCGGGCGGATAT,0,36914
TSS_1414_storz_regulondb,0.125,7,7,GAGTCGCTACAGGCGCTGGG,0,39061
TSS_1414_storz_regulondb,0.125,7,7,GAGTCATCGCGGGAGGACGC,0,79900
TSS_1414_storz_regulondb,0.125,7,7,GAGTACGTAGGAACCAGATA,0,132
TSS_1414_storz_regulondb,0.125,7,7,GAGGTTGAATCGTCTTAGTC,0,21445
TSS_1414_storz_regulondb,0.125,7,7,GAGGCTCACGATGAAGTAGG,0,63927
TSS_1414_storz_regulondb,0.125,7,7,GAGGCCAATGCAAGAATGGA,0,16895
TSS_1414_storz_regulondb,0.125,7,7,GAGGCAATTATCATATGTTG,0,59350
TSS_1414_storz_regulondb,0.125,7,7,GAGGACTTTGGGGGTAAGTA,0,70821
TSS_1414_storz_regulondb,0.125,7,7,GAGGACTCTATGCTATGAAG,0,29658
TSS_1414_storz_regulondb,0.125,7,7,GAGGACTCGCTAGGAACGTT,0,47581
TSS_1414_storz_regulondb,0.125,7,7,GAGGAAGCTATCTTCGGAAT,0,79101
TSS_1414_storz_regulondb,0.125,7,7,GAGCTCGGTCATCACACGTC,0,63283
TSS_1414_storz_regulondb,0.125,7,7,GAGCGTGGATGGGCTTGCTA,0,67291
TSS_1414_storz_regulondb,0.125,7,7,GAGCGCATCTTACTTTGCAA,0,69627
TSS_1414_storz_regulondb,0.125,7,7,GAGCCGTCAAAGTAAGACCT,0,42243
TSS_1414_storz_regulondb,0.125,7,7,GAGCCCACGATATGTTCTGG,0,66135
TSS_1414_storz_regulondb,0.125,7,7,GAGCAAGATGGAACAACGTT,0,79796
TSS_1414_storz_regulondb,0.125,7,7,GAGAATTGGTTTCGCGGTAG,0,68376
TSS_1414_storz_regulondb,0.125,7,7,GAGAATTCAGTCGGGAATTA,0,47455
TSS_1414_storz_regulondb,0.125,7,7,GAGAATTAAAACGGTGTTCC,0,21022
TSS_1414_storz_regulondb,0.125,7,7,GACTAGGCTGCTAGTGCTCC,0,12863
TSS_1414_storz_regulondb,0.125,7,7,GACTAGATAAGTGTATGAAT,0,41935
TSS_1414_storz_regulondb,0.125,7,7,GACGTGATGAAACCCCTTTA,0,10018
TSS_1414_storz_regulondb,0.125,7,7,GACGTAGGGCTTCCACCTGG,0,40424
TSS_1414_storz_regulondb,0.125,7,7,GACGCTCTTATGTAGCATGC,0,58562
TSS_1414_storz_regulondb,0.125,7,7,GACGAGGGTATGGCTGCGTT,0,46809
TSS_1414_storz_regulondb,0.125,7,7,GACCGGGTCGAAAATTTACA,0,24968
TSS_1414_storz_regulondb,0.125,7,7,GACCGCCTCGTTCGTCGGGC,0,14695
TSS_1414_storz_regulondb,0.125,7,7,GACCCAGGGAGTCATAACTA,0,851
TSS_1414_storz_regulondb,0.125,7,7,GACATGACAAGTTTTTTTAG,0,39396
TSS_1414_storz_regulondb,0.125,7,7,GACAGGGTCATGGGGGTGCT,0,70202
TSS_1414_storz_regulondb,0.125,7,7,GAATTGTTCATCCCTTTTAG,0,64437
TSS_1414_storz_regulondb,0.125,7,7,GAATTCTGTGTTAGTAAGCT,0,15772
TSS_1414_storz_regulondb,0.125,7,7,GAATGCTTTTGTCATTCTGT,0,61296
TSS_1414_storz_regulondb,0.125,7,7,GAATGCCGTACTATGGGATA,0,40886
TSS_1414_storz_regulondb,0.125,7,7,GAATCTTGTTTGTCAGAAAC,0,68275
TSS_1414_storz_regulondb,0.125,7,7,GAATCTCGGCAAGTTCTCTG,0,74955
TSS_1414_storz_regulondb,0.125,7,7,GAATCGACCGATTGTAGTTG,0,38660
TSS_1414_storz_regulondb,0.125,7,7,GAATCAGCCTAGTCTATAGA,0,62713
TSS_1414_storz_regulondb,0.125,7,7,GAATAGAGTTGATAACGAGA,0,75338
TSS_1414_storz_regulondb,0.125,7,7,GAAGTATTTGCCGGTTCTGA,0,80835
TSS_1414_storz_regulondb,0.125,7,7,GAAGGTGAATCTACGCTGGG,0,832
TSS_1414_storz_regulondb,0.125,7,7,GAAGGGTGTTTACGTCCGCA,0,76840
TSS_1414_storz_regulondb,0.125,7,7,GAAGGGATAGGGGATCCGAT,0,44407
TSS_1414_storz_regulondb,0.125,7,7,GAAGCTTCTACCGGTGACCA,0,5534
TSS_1414_storz_regulondb,0.125,7,7,GAAGCACCGTAGTATTAAGC,0,25622
TSS_1414_storz_regulondb,0.125,7,7,GAACTGTCAACCGTTAAGAG,0,57410
TSS_1414_storz_regulondb,0.125,7,7,GAACTGTACTGTACATGAGT,0,45183
TSS_1414_storz_regulondb,0.125,7,7,GAACGCAGGCACTGTGGCGT,0,74923
TSS_1414_storz_regulondb,0.125,7,7,GAAATTGGGTTCGAAGGCGG,0,30937
TSS_1414_storz_regulondb,0.125,7,7,GAAATTAAGTTGAAACCATC,0,57226
TSS_1414_storz_regulondb,0.125,7,7,GAAATATGGAATGAGGGTTA,0,2209
TSS_1414_storz_regulondb,0.125,7,7,GAAAGTCAATTGTAGGCTGC,0,36246
TSS_1414_storz_regulondb,0.125,7,7,GAAAGAATTTTCTTTCAGGT,0,15518
TSS_1414_storz_regulondb,0.125,7,7,GAAAAGACAGCCTTAGACGG,0,34254
TSS_1414_storz_regulondb,0.125,7,7,GAAAAAGGATGCCCTGCCTC,0,78758
TSS_1414_storz_regulondb,0.125,7,7,GAAAAAGGAATCATAGAAAC,0,56607
TSS_1414_storz_regulondb,0.125,7,7,CTTTCTCTGGCACCGTACTT,0,49632
TSS_1414_storz_regulondb,0.125,7,7,CTTTAGCATGTATGAATACT,0,27736
TSS_1414_storz_regulondb,0.125,7,7,CTTTACCCGGCGCAAAACAA,0,49543
TSS_1414_storz_regulondb,0.125,7,7,CTTTAAAGGATTCGTCTAAT,0,11389
TSS_1414_storz_regulondb,0.125,7,7,CTTGTTCGCTGCCCCGAAGA,0,21487
TSS_1414_storz_regulondb,0.125,7,7,CTTGTCTTGCTCGGAGTCAA,0,22657
TSS_1414_storz_regulondb,0.125,7,7,CTTGGTGAACTTGAGCCTTG,0,59443
TSS_1414_storz_regulondb,0.125,7,7,CTTGCCATCCGGGTGAGTTA,0,38113
TSS_1414_storz_regulondb,0.125,7,7,CTTGACGGAGTGGTTAACCC,0,10692
TSS_1414_storz_regulondb,0.125,7,7,CTTCTGAATGTGTCGCGAAC,0,44380
TSS_1414_storz_regulondb,0.125,7,7,CTTCGGAAGCTTACCGACGT,0,75562
TSS_1414_storz_regulondb,0.125,7,7,CTTCGCAGATTCGGTATCAA,0,44672
TSS_1414_storz_regulondb,0.125,7,7,CTTCCCGGGTAGGATCCGGT,0,44411
TSS_1414_storz_regulondb,0.125,7,7,CTTCATTACACGAGCCCGAT,0,65006
TSS_1414_storz_regulondb,0.125,7,7,CTTCATCGTTTCTTCTCAGT,0,22489
TSS_1414_storz_regulondb,0.125,7,7,CTTAGGAGACGAGGTAAAGT,0,55634
TSS_1414_storz_regulondb,0.125,7,7,CTTACAGGGCGTCTGCGTCC,0,9572
TSS_1414_storz_regulondb,0.125,7,7,CTTAACTGGGTTACCATGTA,0,20522
TSS_1414_storz_regulondb,0.125,7,7,CTTAAATCTCTCGCCGGCGT,0,80043
TSS_1414_storz_regulondb,0.125,7,7,CTGTTGAAAATCTCTGCAGT,0,9380
TSS_1414_storz_regulondb,0.125,7,7,CTGTGTCGTTCGGTGCCTAA,0,70570
TSS_1414_storz_regulondb,0.125,7,7,CTGTGGACTTGACTTCAATT,0,2515
TSS_1414_storz_regulondb,0.125,7,7,CTGTGAATCCCCACCGCGCC,0,13741
TSS_1414_storz_regulondb,0.125,7,7,CTGTATACCCCTGCCAAAAA,0,2203
TSS_1414_storz_regulondb,0.125,7,7,CTGTACCGACACAATGTAGT,0,5220
TSS_1414_storz_regulondb,0.125,7,7,CTGTACAACGCACACCTCAC,0,44475
TSS_1414_storz_regulondb,0.125,7,7,CTGGTTAAGTGTATCGGGGT,0,21388
TSS_1414_storz_regulondb,0.125,7,7,CTGGGCAATCTGGTGCCGGT,0,16437
TSS_1414_storz_regulondb,0.125,7,7,CTGGGAGTGAGCGGTAGAAT,0,35500
TSS_1414_storz_regulondb,0.125,7,7,CTGGACCGAAGTATGGGAAA,0,45318
TSS_1414_storz_regulondb,0.125,7,7,CTGCATGCAATTGGCTAATG,0,30046
TSS_1414_storz_regulondb,0.125,7,7,CTGATAGGCTACAACAACGA,0,31011
TSS_1414_storz_regulondb,0.125,7,7,CTGATACTGCGATTTTCCTA,0,1965
TSS_1414_storz_regulondb,0.125,7,7,CTGAAAGGCATATGACCGCG,0,79804
TSS_1414_storz_regulondb,0.125,7,7,CTCTTGGATACACCAGAAAT,0,58837
TSS_1414_storz_regulondb,0.125,7,7,CTCTGGGACGTATATTGCAG,0,31109
TSS_1414_storz_regulondb,0.125,7,7,CTCTCGGAATTGGGCTGGTC,0,32687
TSS_1414_storz_regulondb,0.125,7,7,CTCGTTCCTAGGACGCTCAC,0,63449
TSS_1414_storz_regulondb,0.125,7,7,CTCGTGAAACGGAATGGCGC,0,30557
TSS_1414_storz_regulondb,0.125,7,7,CTCGTCATATGGAGTTAAAG,0,57679
TSS_1414_storz_regulondb,0.125,7,7,CTCGGGGCGTCTTCCTAGCT,0,22080
TSS_1414_storz_regulondb,0.125,7,7,CTCCGTTTGCCCAAGGGCAG,0,57155
TSS_1414_storz_regulondb,0.125,7,7,CTCCGTCGTACGAACCCTTG,0,23760
TSS_1414_storz_regulondb,0.125,7,7,CTCCCTCCTTACCCACGTAA,0,32681
TSS_1414_storz_regulondb,0.125,7,7,CTCATCGCGCGGCCGTTAAT,0,914
TSS_1414_storz_regulondb,0.125,7,7,CTATTGCCAAGCAGTAGTTT,0,34694
TSS_1414_storz_regulondb,0.125,7,7,CTATTCTTACGCTGATCACA,0,76405
TSS_1414_storz_regulondb,0.125,7,7,CTATGGGATGTGTGGGCATG,0,65951
TSS_1414_storz_regulondb,0.125,7,7,CTATCTAGGTAGCCAGTCTG,0,906
TSS_1414_storz_regulondb,0.125,7,7,CTATACCAGATCTGCATCGC,0,78532
TSS_1414_storz_regulondb,0.125,7,7,CTATAAGTGTCTATTGCAGA,0,26819
TSS_1414_storz_regulondb,0.125,7,7,CTAGGTTGCTTAGCTGGGTC,0,649
TSS_1414_storz_regulondb,0.125,7,7,CTAGGTCTATGTTATCATGT,0,16432
TSS_1414_storz_regulondb,0.125,7,7,CTAGGAATTCGGTAAAGATG,0,26529
TSS_1414_storz_regulondb,0.125,7,7,CTACTAAGTCCGTTAGACTT,0,15682
TSS_1414_storz_regulondb,0.125,7,7,CTACTAAAACCGATGCACTG,0,37069
TSS_1414_storz_regulondb,0.125,7,7,CTACCTGCATGTGGATCTAG,0,26598
TSS_1414_storz_regulondb,0.125,7,7,CTACAGATGTATTGAGACGG,0,27393
TSS_1414_storz_regulondb,0.125,7,7,CTAATTGGGTCGCCGCTACT,0,63182
TSS_1414_storz_regulondb,0.125,7,7,CTAATCTGATCTGTAGTTAG,0,55036
TSS_1414_storz_regulondb,0.125,7,7,CTAACGTGAAGGACAACCCT,0,54121
TSS_1414_storz_regulondb,0.125,7,7,CTAACCGAACGTGCTCCCCA,0,25454
TSS_1414_storz_regulondb,0.125,7,7,CTAAAACTTAAGAGGGGCGC,0,60077
TSS_1414_storz_regulondb,0.125,7,7,CGTTTAGTGCGACAGTAGCT,0,59343
TSS_1414_storz_regulondb,0.125,7,7,CGTTGTGTGGGAGTACGCCC,0,73486
TSS_1414_storz_regulondb,0.125,7,7,CGTTCCCACCGCCAAGCTGA,0,44190
TSS_1414_storz_regulondb,0.125,7,7,CGTTCAACCCGTGTGTGTTC,0,51471
TSS_1414_storz_regulondb,0.125,7,7,CGTTACAACGAAGGGCCAGA,0,72287
TSS_1414_storz_regulondb,0.125,7,7,CGTGGCTGAGCCTCCTCGTA,0,35774
TSS_1414_storz_regulondb,0.125,7,7,CGTCGGGTCCACTAGCTCAT,0,79770
TSS_1414_storz_regulondb,0.125,7,7,CGTCCCAGAACCAGACTGGG,0,59734
TSS_1414_storz_regulondb,0.125,7,7,CGTAGTAGAGATATGTACAT,0,2629
TSS_1414_storz_regulondb,0.125,7,7,CGTAGCCTGAAACGTATTCA,0,68288
TSS_1414_storz_regulondb,0.125,7,7,CGTAATGTAAATAGACGCCT,0,63445
TSS_1414_storz_regulondb,0.125,7,7,CGTAACACACCTACGTTATC,0,63065
TSS_1414_storz_regulondb,0.125,7,7,CGGTCGTCAACCCTCACACC,0,11880
TSS_1414_storz_regulondb,0.125,7,7,CGGTCACGGTACTGGGCAGA,0,55218
TSS_1414_storz_regulondb,0.125,7,7,CGGTAAACTCCATGCCCTAT,0,56356
TSS_1414_storz_regulondb,0.125,7,7,CGGGTCAACATCGTTACAAT,0,34247
TSS_1414_storz_regulondb,0.125,7,7,CGGGGGCGTACCGGCTTTGA,0,8839
TSS_1414_storz_regulondb,0.125,7,7,CGGGCTAAGTTTTAATCGGA,0,1943
TSS_1414_storz_regulondb,0.125,7,7,CGGGCACAAGGGAGCGTATG,0,16800
TSS_1414_storz_regulondb,0.125,7,7,CGGGATTCATGACGCTGTTC,0,18543
TSS_1414_storz_regulondb,0.125,7,7,CGGCGTTTAGTTCAATATTA,0,48052
TSS_1414_storz_regulondb,0.125,7,7,CGGCCGGTAGAATCGACCGA,0,50512
TSS_1414_storz_regulondb,0.125,7,7,CGGATAATGAATACGCGAGT,0,60594
TSS_1414_storz_regulondb,0.125,7,7,CGGAGTCAATCCGATGGTTA,0,54371
TSS_1414_storz_regulondb,0.125,7,7,CGGACCTTTGCACTGACCAA,0,66127
TSS_1414_storz_regulondb,0.125,7,7,CGGACAATTCCGTTTGCAAT,0,60733
TSS_1414_storz_regulondb,0.125,7,7,CGGAATAATCCAGTGCGACA,0,61452
TSS_1414_storz_regulondb,0.125,7,7,CGCTTGTGGCCCTCCGGTTG,0,34022
TSS_1414_storz_regulondb,0.125,7,7,CGCTTGCCGCATATCGACGT,0,68665
TSS_1414_storz_regulondb,0.125,7,7,CGCTTCTGACACGAATGCGA,0,26938
TSS_1414_storz_regulondb,0.125,7,7,CGCTTCCCTGGACGATATCT,0,31975
TSS_1414_storz_regulondb,0.125,7,7,CGCTGGGCGCACACCCCCAT,0,78878
TSS_1414_storz_regulondb,0.125,7,7,CGCTGACGGGTCGCCGAGCC,0,69689
TSS_1414_storz_regulondb,0.125,7,7,CGCTCGAATGACATCGTTAT,0,31091
TSS_1414_storz_regulondb,0.125,7,7,CGCGTGGACGGTTGCTCAAC,0,50385
TSS_1414_storz_regulondb,0.125,7,7,CGCGGGGATTAGTGTCGCTC,0,65865
TSS_1414_storz_regulondb,0.125,7,7,CGCGGCCTTGGGCTCGGCTA,0,56640
TSS_1414_storz_regulondb,0.125,7,7,CGCGGATGTGCCCTAGAATA,0,11828
TSS_1414_storz_regulondb,0.125,7,7,CGCGCTAAGTGAGCTGACTT,0,11820
TSS_1414_storz_regulondb,0.125,7,7,CGCGAATTAGGTGTTTGTTG,0,19093
TSS_1414_storz_regulondb,0.125,7,7,CGCGAATCTAATAGTTAAAG,0,15001
TSS_1414_storz_regulondb,0.125,7,7,CGCGAACTGCCGCTGTCTAA,0,74834
TSS_1414_storz_regulondb,0.125,7,7,CGCCTTACGGAGCTAAATAA,0,14243
TSS_1414_storz_regulondb,0.125,7,7,CGCCTGCCTTAATGCCTATT,0,17759
TSS_1414_storz_regulondb,0.125,7,7,CGCCTCAAGGGTAACACGTG,0,39496
TSS_1414_storz_regulondb,0.125,7,7,CGCCGATAGTGAAAAGTGGG,0,71194
TSS_1414_storz_regulondb,0.125,7,7,CGCCGAACAAGGGATTCTCT,0,78192
TSS_1414_storz_regulondb,0.125,7,7,CGCCCTACTGGGTTACAGCG,0,5533
TSS_1414_storz_regulondb,0.125,7,7,CGCCACGCCAGATTTTGAAA,0,62367
TSS_1414_storz_regulondb,0.125,7,7,CGCCACCCGGCCAATAGCTG,0,47463
TSS_1414_storz_regulondb,0.125,7,7,CGCATTCGTTCCAGAGGTTT,0,42920
TSS_1414_storz_regulondb,0.125,7,7,CGCATCGGACGCTTGAGACG,0,39203
TSS_1414_storz_regulondb,0.125,7,7,CGCAGTCACGGGTGGGGAGT,0,59623
TSS_1414_storz_regulondb,0.125,7,7,CGCAGCCCATCCTTCATCAT,0,21372
TSS_1414_storz_regulondb,0.125,7,7,CGCACAGCATCGGATTTGCT,0,23836
TSS_1414_storz_regulondb,0.125,7,7,CGCAATGCAGGACCCTCCGG,0,44381
TSS_1414_storz_regulondb,0.125,7,7,CGATTAGCGCAGGGACTGGG,0,12232
TSS_1414_storz_regulondb,0.125,7,7,CGATGTCTGGAGGATTGGCA,0,70603
TSS_1414_storz_regulondb,0.125,7,7,CGATGGAATTGTTACACCAT,0,70739
TSS_1414_storz_regulondb,0.125,7,7,CGATGCCTAAATGAAGGAGT,0,41771
TSS_1414_storz_regulondb,0.125,7,7,CGATGCACGGGTGGGTAGGG,0,22073
TSS_1414_storz_regulondb,0.125,7,7,CGATGAGAAAACTATCACTC,0,64072
TSS_1414_storz_regulondb,0.125,7,7,CGATCTCGAAAAGCAAAGGA,0,7575
TSS_1414_storz_regulondb,0.125,7,7,CGATCGGTAACGTAAACCTG,0,33502
TSS_1414_storz_regulondb,0.125,7,7,CGATCCCCGGCCATACCAGA,0,55680
TSS_1414_storz_regulondb,0.125,7,7,CGAGTAAATCGCTGAGGCGT,0,8485
TSS_1414_storz_regulondb,0.125,7,7,CGAGGGCTGTGTAAGGCCTT,0,43635
TSS_1414_storz_regulondb,0.125,7,7,CGAGCTATACGGGCGTACCG,0,20363
TSS_1414_storz_regulondb,0.125,7,7,CGAGCCAACGAGACCTACTC,0,63179
TSS_1414_storz_regulondb,0.125,7,7,CGACTCTCTTCGTCATTTAC,0,37025
TSS_1414_storz_regulondb,0.125,7,7,CGACTCAGTCCCCAGCTCCA,0,43074
TSS_1414_storz_regulondb,0.125,7,7,CGACGCCCTCATCGGTTCTT,0,20444
TSS_1414_storz_regulondb,0.125,7,7,CGACATGCTGTCTGTTTGGA,0,54754
TSS_1414_storz_regulondb,0.125,7,7,CGACAGCCGTGAGGTATAAG,0,23150
TSS_1414_storz_regulondb,0.125,7,7,CGAAGGCCGGTACCGAACAC,0,2047
TSS_1414_storz_regulondb,0.125,7,7,CGAAGCGTGGCCGTGGCTAG,0,22022
TSS_1414_storz_regulondb,0.125,7,7,CGAAACGTTACAGGCCGGAG,0,8576
TSS_1414_storz_regulondb,0.125,7,7,CGAAACGGGCGAGATTGGCT,0,42606
TSS_1414_storz_regulondb,0.125,7,7,CCTTTTTAGTGCGGGACAGG,0,48167
TSS_1414_storz_regulondb,0.125,7,7,CCTTGAGATGATAGCGGAGC,0,28480
TSS_1414_storz_regulondb,0.125,7,7,CCTTAGTTTCCGTGTTGCTG,0,7451
TSS_1414_storz_regulondb,0.125,7,7,CCTTAGCTATCTTGGGGGTT,0,60433
TSS_1414_storz_regulondb,0.125,7,7,CCTGTTAAGGTGATATGCGA,0,27878
TSS_1414_storz_regulondb,0.125,7,7,CCTGTGCCCGCCAATATATT,0,9056
TSS_1414_storz_regulondb,0.125,7,7,CCTGGGACCCATCTCTAAGG,0,64296
TSS_1414_storz_regulondb,0.125,7,7,CCTGGACACCGCGATCTAGT,0,74964
TSS_1414_storz_regulondb,0.125,7,7,CCTGAGTTACATGGAGATGA,0,54299
TSS_1414_storz_regulondb,0.125,7,7,CCTGAGATAAAGCTCAAGTT,0,80604
TSS_1414_storz_regulondb,0.125,7,7,CCTCTGTAACTTGCGCCACA,0,52521
TSS_1414_storz_regulondb,0.125,7,7,CCTCGTATCCCCCATACGTA,0,45190
TSS_1414_storz_regulondb,0.125,7,7,CCTCGGAATTTGAGATGCAG,0,36336
TSS_1414_storz_regulondb,0.125,7,7,CCTCCTTGCGAATTGGGGTT,0,16885
TSS_1414_storz_regulondb,0.125,7,7,CCTCCGTCCAGCGGTCTTAG,0,63552
TSS_1414_storz_regulondb,0.125,7,7,CCTCACTACGGTCATAACCA,0,47800
TSS_1414_storz_regulondb,0.125,7,7,CCTCACATAACCTTCAGCAA,0,4855
TSS_1414_storz_regulondb,0.125,7,7,CCTATCATTGGAATTCTCGA,0,12741
TSS_1414_storz_regulondb,0.125,7,7,CCTATCATCAATAACGGGTC,0,51819
TSS_1414_storz_regulondb,0.125,7,7,CCTATATTATGGAAGTCGGC,0,7263
TSS_1414_storz_regulondb,0.125,7,7,CCTAGGTGTAAATGATCACC,0,63611
TSS_1414_storz_regulondb,0.125,7,7,CCTAAGACGAAGCATATTCT,0,72853
TSS_1414_storz_regulondb,0.125,7,7,CCGTGCGACGCCACCAGAGC,0,56149
TSS_1414_storz_regulondb,0.125,7,7,CCGTCACCGGGCGCGATCTA,0,17775
TSS_1414_storz_regulondb,0.125,7,7,CCGTATTCAAACTACAGCAG,0,24962
TSS_1414_storz_regulondb,0.125,7,7,CCGTATATTCCCATGCATGT,0,79597
TSS_1414_storz_regulondb,0.125,7,7,CCGTAATTCTCTTGATATTC,0,59593
TSS_1414_storz_regulondb,0.125,7,7,CCGGGGGGGCTAATTCTTTC,0,59210
TSS_1414_storz_regulondb,0.125,7,7,CCGGCGTACTTCGGACCTAA,0,41445
TSS_1414_storz_regulondb,0.125,7,7,CCGGCGGCTACTACCTCGTT,0,57979
TSS_1414_storz_regulondb,0.125,7,7,CCGGCGCCGGGTCGCCAGGT,0,59770
TSS_1414_storz_regulondb,0.125,7,7,CCGGCGATGGGCCGCCTTAA,0,56482
TSS_1414_storz_regulondb,0.125,7,7,CCGGCACGGGTCTCTATCTA,0,8693
TSS_1414_storz_regulondb,0.125,7,7,CCGGAGTTCTGGCATATAGA,0,1730
TSS_1414_storz_regulondb,0.125,7,7,CCGCTTTAGGAACAAACGAT,0,54907
TSS_1414_storz_regulondb,0.125,7,7,CCGCTAATGAATCTTCTCAC,0,71838
TSS_1414_storz_regulondb,0.125,7,7,CCGCGTAGCTCCAAAAGGGT,0,74276
TSS_1414_storz_regulondb,0.125,7,7,CCGCGGTAGACCGAGTTTGC,0,41251
TSS_1414_storz_regulondb,0.125,7,7,CCGCCTGACGCCAAAGGCTC,0,13658
TSS_1414_storz_regulondb,0.125,7,7,CCGCCACCACCACACCGTCT,0,72912
TSS_1414_storz_regulondb,0.125,7,7,CCGCCACACGCTAATCAAAC,0,71467
TSS_1414_storz_regulondb,0.125,7,7,CCGCATAACTAACGCCATTT,0,41546
TSS_1414_storz_regulondb,0.125,7,7,CCGCACTTATCTACTATTTA,0,38913
TSS_1414_storz_regulondb,0.125,7,7,CCGATTAATACCAATCGTAT,0,17885
TSS_1414_storz_regulondb,0.125,7,7,CCGATGCGTGCGTATGTCTA,0,14585
TSS_1414_storz_regulondb,0.125,7,7,CCGAGATAACTGTCCACCTA,0,26058
TSS_1414_storz_regulondb,0.125,7,7,CCGAGACTACCGAAACCTCG,0,538
TSS_1414_storz_regulondb,0.125,7,7,CCGACCGTGGGGCAGGTCAG,0,55483
TSS_1414_storz_regulondb,0.125,7,7,CCGAACCGGCTCCATGTTGT,0,56820
TSS_1414_storz_regulondb,0.125,7,7,CCCTTATCGATTTATCTCCT,0,45167
TSS_1414_storz_regulondb,0.125,7,7,CCCTATCCTGGGTTCTCCCT,0,10541
TSS_1414_storz_regulondb,0.125,7,7,CCCTAGGGCAGGTTGTCTCG,0,17448
TSS_1414_storz_regulondb,0.125,7,7,CCCGTCTCGGTCAGTTTCAA,0,65170
TSS_1414_storz_regulondb,0.125,7,7,CCCGTCCATGAGAATTCCGG,0,23504
TSS_1414_storz_regulondb,0.125,7,7,CCCGTCCACCGGTGAGAGAC,0,71636
TSS_1414_storz_regulondb,0.125,7,7,CCCGTACGAAAGAAGGCCTT,0,39254
TSS_1414_storz_regulondb,0.125,7,7,CCCGGAGGGCGTGCCCTCCA,0,40303
TSS_1414_storz_regulondb,0.125,7,7,CCCGCTGTATTTTGTCCTAA,0,6569
TSS_1414_storz_regulondb,0.125,7,7,CCCGCTCTGAAGACACCTTT,0,72479
TSS_1414_storz_regulondb,0.125,7,7,CCCGCGCTACGATACAGTTC,0,13355
TSS_1414_storz_regulondb,0.125,7,7,CCCGCGACTGCGCTAGACTT,0,56529
TSS_1414_storz_regulondb,0.125,7,7,CCCGATTACTGCTGGGAACT,0,46557
TSS_1414_storz_regulondb,0.125,7,7,CCCCTCTCCGATTTAGGATA,0,38213
TSS_1414_storz_regulondb,0.125,7,7,CCCCTCAGCTGATCCGTCGT,0,22187
TSS_1414_storz_regulondb,0.125,7,7,CCCCGGGTTAGAGCTCATCG,0,17346
TSS_1414_storz_regulondb,0.125,7,7,CCCCGGGCGGGCCGCTCTCC,0,25704
TSS_1414_storz_regulondb,0.125,7,7,CCCCGGGATACTGAACTGAC,0,24896
TSS_1414_storz_regulondb,0.125,7,7,CCCCGGCCCCTGCCGTTTCA,0,11869
TSS_1414_storz_regulondb,0.125,7,7,CCCCGCTCTATACTAGATGA,0,26154
TSS_1414_storz_regulondb,0.125,7,7,CCCCACCCGAACCACCATAA,0,66320
TSS_1414_storz_regulondb,0.125,7,7,CCCCAAAAACACTGCGGCCC,0,27952
TSS_1414_storz_regulondb,0.125,7,7,CCCAGTAGGAAAGTGTCAGG,0,21257
TSS_1414_storz_regulondb,0.125,7,7,CCCAACATTGCAAGCGGAAG,0,23095
TSS_1414_storz_regulondb,0.125,7,7,CCCAAATCGAGACAAAGGAA,0,32797
TSS_1414_storz_regulondb,0.125,7,7,CCATTCCGAGACGGAGTCGG,0,67379
TSS_1414_storz_regulondb,0.125,7,7,CCATCATTCTGATTCGCTCG,0,33325
TSS_1414_storz_regulondb,0.125,7,7,CCATATTCCTTTTTATGCAG,0,61853
TSS_1414_storz_regulondb,0.125,7,7,CCATATACGCTGGGGGGGAT,0,69272
TSS_1414_storz_regulondb,0.125,7,7,CCATAGTTATACGTTCCCAC,0,8542
TSS_1414_storz_regulondb,0.125,7,7,CCATACGGGACCCACATGAG,0,56826
TSS_1414_storz_regulondb,0.125,7,7,CCATACAGCTTGGCAATCCA,0,10887
TSS_1414_storz_regulondb,0.125,7,7,CCAGGTATAGACATTTTAAG,0,5555
TSS_1414_storz_regulondb,0.125,7,7,CCAGATTACGACTCGTCTAA,0,4071
TSS_1414_storz_regulondb,0.125,7,7,CCACTTCCCCAGACGTTTTG,0,61854
TSS_1414_storz_regulondb,0.125,7,7,CCACGATCCGGCAATAGCTT,0,1690
TSS_1414_storz_regulondb,0.125,7,7,CCACCTCCAGGGGCACGCGA,0,80590
TSS_1414_storz_regulondb,0.125,7,7,CCACCGGAGAGGGGCTTCCA,0,56073
TSS_1414_storz_regulondb,0.125,7,7,CCACATACTAGACAAGGCTA,0,8566
TSS_1414_storz_regulondb,0.125,7,7,CCACATAAGGGCGCGGCACT,0,36183
TSS_1414_storz_regulondb,0.125,7,7,CCACAGGACTTACGGTGGGT,0,28711
TSS_1414_storz_regulondb,0.125,7,7,CCAAGTGGTCGTCTACACCG,0,5192
TSS_1414_storz_regulondb,0.125,7,7,CCAAGCTCGCTGTTGGACGT,0,57116
TSS_1414_storz_regulondb,0.125,7,7,CCAAGACGTAGACCACCAGG,0,24761
TSS_1414_storz_regulondb,0.125,7,7,CCAACCTTGCAGATCGGGAC,0,11976
TSS_1414_storz_regulondb,0.125,7,7,CCAAATCTGTATCATAGTCA,0,79024
TSS_1414_storz_regulondb,0.125,7,7,CCAAAGAACTGCGTCCGCAA,0,79281
TSS_1414_storz_regulondb,0.125,7,7,CCAAACGTCTCAGCAGTGCA,0,18187
TSS_1414_storz_regulondb,0.125,7,7,CCAAAAGGCCCATGTCCGCG,0,50584
TSS_1414_storz_regulondb,0.125,7,7,CATTTCTGTCGGGGAATCCC,0,37928
TSS_1414_storz_regulondb,0.125,7,7,CATTGGGGCAAATTATTCCT,0,44736
TSS_1414_storz_regulondb,0.125,7,7,CATTGAACCACCCTCATAGA,0,34234
TSS_1414_storz_regulondb,0.125,7,7,CATTCGGGAGGGAGCGCTTC,0,40367
TSS_1414_storz_regulondb,0.125,7,7,CATTCAGCAGAGTCTTGCGG,0,3010
TSS_1414_storz_regulondb,0.125,7,7,CATGGGTGCAAGTCTTTATG,0,18722
TSS_1414_storz_regulondb,0.125,7,7,CATGGGCGAAACGGGGCAAG,0,27449
TSS_1414_storz_regulondb,0.125,7,7,CATGCGCCGAAGTTCTACTG,0,71100
TSS_1414_storz_regulondb,0.125,7,7,CATGCCATTGCGTCCCGCGA,0,76629
TSS_1414_storz_regulondb,0.125,7,7,CATGAGCATAGTTTGATCTA,0,14620
TSS_1414_storz_regulondb,0.125,7,7,CATCTCGAATATGCAGTGAG,0,57118
TSS_1414_storz_regulondb,0.125,7,7,CATCCGGGTTTGGTGATATG,0,23261
TSS_1414_storz_regulondb,0.125,7,7,CATCAGGTTGGTCTTTAGTT,0,73537
TSS_1414_storz_regulondb,0.125,7,7,CATCAATACAACACTCGTCG,0,80017
TSS_1414_storz_regulondb,0.125,7,7,CATATTCCGCAGCGCAACCA,0,72347
TSS_1414_storz_regulondb,0.125,7,7,CATATACATCAGGAAGATCT,0,3920
TSS_1414_storz_regulondb,0.125,7,7,CAGTTTTCACTGGGGGATTA,0,23592
TSS_1414_storz_regulondb,0.125,7,7,CAGTGTTGTAAGTGTATCGA,0,72561
TSS_1414_storz_regulondb,0.125,7,7,CAGTGAGGTTAGACGTAGAG,0,26948
TSS_1414_storz_regulondb,0.125,7,7,CAGTCGAGAACCGGCCTACA,0,6688
TSS_1414_storz_regulondb,0.125,7,7,CAGTATGTTTATCCTTTTGT,0,69870
TSS_1414_storz_regulondb,0.125,7,7,CAGTACTGCAACGTAGTTCT,0,80628
TSS_1414_storz_regulondb,0.125,7,7,CAGGTTTGTTTCGGCTCGGT,0,34170
TSS_1414_storz_regulondb,0.125,7,7,CAGGTTTAATGATGATAAGA,0,25697
TSS_1414_storz_regulondb,0.125,7,7,CAGGTGCCCCTCCATTAGAG,0,29608
TSS_1414_storz_regulondb,0.125,7,7,CAGGCGTTCTAAGATCTCGT,0,46368
TSS_1414_storz_regulondb,0.125,7,7,CAGGAGGGGCATTGCGTTTC,0,8490
TSS_1414_storz_regulondb,0.125,7,7,CAGGAATTGTAGACCTAACT,0,6645
TSS_1414_storz_regulondb,0.125,7,7,CAGGAACGGGGGGGTGGGGT,0,27836
TSS_1414_storz_regulondb,0.125,7,7,CAGCGTAAGTTGACGCGTTA,0,48780
TSS_1414_storz_regulondb,0.125,7,7,CAGAGGATAGAATCTTTTAA,0,70432
TSS_1414_storz_regulondb,0.125,7,7,CAGAGAGAACCACCTTACAC,0,67768
TSS_1414_storz_regulondb,0.125,7,7,CAGACGCAAGGTCTGACCAT,0,46379
TSS_1414_storz_regulondb,0.125,7,7,CAGACAGAGGGCGGTATCCG,0,11586
TSS_1414_storz_regulondb,0.125,7,7,CAGAAGCAAAGGAATGCCGA,0,41937
TSS_1414_storz_regulondb,0.125,7,7,CAGAACCTATACCTGACCCG,0,44412
TSS_1414_storz_regulondb,0.125,7,7,CAGAAAGACAGTTTTGCAAA,0,10927
TSS_1414_storz_regulondb,0.125,7,7,CACTTGGGTAATCAGTGGAC,0,19920
TSS_1414_storz_regulondb,0.125,7,7,CACTTATCGGCTTAGTGCGT,0,61851
TSS_1414_storz_regulondb,0.125,7,7,CACTGTGACAACGACGGATA,0,28652
TSS_1414_storz_regulondb,0.125,7,7,CACTGGGCAGCGGTTTTGCA,0,43252
TSS_1414_storz_regulondb,0.125,7,7,CACTGGAACGGGGGACCGGA,0,11797
TSS_1414_storz_regulondb,0.125,7,7,CACTCGACTCGCGAATACTA,0,32802
TSS_1414_storz_regulondb,0.125,7,7,CACTAGGGCGTACCCAGTAC,0,8480
TSS_1414_storz_regulondb,0.125,7,7,CACTAAGGCGGCTGGCTTAA,0,55616
TSS_1414_storz_regulondb,0.125,7,7,CACGCCGGGGTTGGCAGGGT,0,57798
TSS_1414_storz_regulondb,0.125,7,7,CACCGTAGCGAGTGGAGAGC,0,27842
TSS_1414_storz_regulondb,0.125,7,7,CACCGGCAGGGGTAATTACT,0,35543
TSS_1414_storz_regulondb,0.125,7,7,CACATTTTTACTTGTGCTAG,0,57567
TSS_1414_storz_regulondb,0.125,7,7,CACATAGCGAGGTGGCGAGG,0,66323
TSS_1414_storz_regulondb,0.125,7,7,CACAGGGGTTCTAATGCCGA,0,21031
TSS_1414_storz_regulondb,0.125,7,7,CACAGCCTAAGGACACGAAG,0,55590
TSS_1414_storz_regulondb,0.125,7,7,CACAGAAGATCTAGGCTTCC,0,7546
TSS_1414_storz_regulondb,0.125,7,7,CACACTGAGCTTGGATTCAC,0,65537
TSS_1414_storz_regulondb,0.125,7,7,CACACTCGAGTGCGAATCTT,0,51228
TSS_1414_storz_regulondb,0.125,7,7,CACACCCCTGCCAACTGTTT,0,32516
TSS_1414_storz_regulondb,0.125,7,7,CACAAATATCGGGCACGGCC,0,39929
TSS_1414_storz_regulondb,0.125,7,7,CACAAACTGGCGTTTGTCAG,0,18171
TSS_1414_storz_regulondb,0.125,7,7,CAATGTGCAGGGTATTAGGT,0,15082
TSS_1414_storz_regulondb,0.125,7,7,CAATCCCCCAAAGCAGGCAT,0,47573
TSS_1414_storz_regulondb,0.125,7,7,CAATCATCACAGCTTGCGAC,0,43736
TSS_1414_storz_regulondb,0.125,7,7,CAAGTGGACAATTATTAGTC,0,65762
TSS_1414_storz_regulondb,0.125,7,7,CAAGGTGGCTAAATTGAAAT,0,41444
TSS_1414_storz_regulondb,0.125,7,7,CAAGGTCCAGTGGGGACCCC,0,41104
TSS_1414_storz_regulondb,0.125,7,7,CAAGGCACGGTGTTCCTTCT,0,6027
TSS_1414_storz_regulondb,0.125,7,7,CAAGATAGCTGCTGGCAGGA,0,22650
TSS_1414_storz_regulondb,0.125,7,7,CAAGATACTGTCCCTCTAGG,0,34100
TSS_1414_storz_regulondb,0.125,7,7,CAAGACTATCATTCGAGGCA,0,17543
TSS_1414_storz_regulondb,0.125,7,7,CAACTTGGCCCTCCTCACGA,0,21430
TSS_1414_storz_regulondb,0.125,7,7,CAACTGGGGAAGACTTTTCA,0,59502
TSS_1414_storz_regulondb,0.125,7,7,CAACTCTATCAACTGTTTGA,0,70331
TSS_1414_storz_regulondb,0.125,7,7,CAACATAACTGCAGAGTAGG,0,28506
TSS_1414_storz_regulondb,0.125,7,7,CAAAGGGTAGCGGGGGTGAA,0,65482
TSS_1414_storz_regulondb,0.125,7,7,CAAAGCAGCATCAATGTGAA,0,68147
TSS_1414_storz_regulondb,0.125,7,7,CAAACGGATCAATTTTCGAT,0,50504
TSS_1414_storz_regulondb,0.125,7,7,CAAACGACACGACGGTCGCA,0,34737
TSS_1414_storz_regulondb,0.125,7,7,CAAACCATAGGTCATCTGTA,0,50637
TSS_1414_storz_regulondb,0.125,7,7,ATTTCGTCGTCGAAAACGAT,0,9415
TSS_1414_storz_regulondb,0.125,7,7,ATTTCAATCCGTAGGACCGT,0,61525
TSS_1414_storz_regulondb,0.125,7,7,ATTTAGTTATAAGGCTTTCG,0,11536
TSS_1414_storz_regulondb,0.125,7,7,ATTTAATACAAATCTTCCAT,0,36305
TSS_1414_storz_regulondb,0.125,7,7,ATTGTGTCGCGACTTTAGGG,0,52143
TSS_1414_storz_regulondb,0.125,7,7,ATTGGAGAGGGTTTCGGAAA,0,16058
TSS_1414_storz_regulondb,0.125,7,7,ATTGATAGACGTTTCGGGTG,0,41500
TSS_1414_storz_regulondb,0.125,7,7,ATTCGTCCATCCAGTAGGAA,0,13160
TSS_1414_storz_regulondb,0.125,7,7,ATTCGGCTTTCCGTCCTCCC,0,79355
TSS_1414_storz_regulondb,0.125,7,7,ATTCGAGAATACACTATCTT,0,14751
TSS_1414_storz_regulondb,0.125,7,7,ATTCCAGACTAGATAGTCTT,0,41957
TSS_1414_storz_regulondb,0.125,7,7,ATTCCAAGGACCGGGGCTGC,0,17893
TSS_1414_storz_regulondb,0.125,7,7,ATTCCAAACCGAGATTCAAG,0,47570
TSS_1414_storz_regulondb,0.125,7,7,ATTATTGCATCCGGATTGTG,0,5746
TSS_1414_storz_regulondb,0.125,7,7,ATTATCTCTAGTTATATTCC,0,926
TSS_1414_storz_regulondb,0.125,7,7,ATTAGACCGGGGGGTTACTT,0,78798
TSS_1414_storz_regulondb,0.125,7,7,ATTACTGTACTTCTGGTATT,0,48233
TSS_1414_storz_regulondb,0.125,7,7,ATGTTTGCCCGGTTCAGATA,0,58604
TSS_1414_storz_regulondb,0.125,7,7,ATGTTGCCTATTGACCTGTC,0,61553
TSS_1414_storz_regulondb,0.125,7,7,ATGTTGAACAGGAGAAGCAA,0,11459
TSS_1414_storz_regulondb,0.125,7,7,ATGTGCTCGTATTAAAGTAT,0,72266
TSS_1414_storz_regulondb,0.125,7,7,ATGTGAATGATGTAGCAATC,0,30338
TSS_1414_storz_regulondb,0.125,7,7,ATGTCCGGCCAAACTACTAC,0,47928
TSS_1414_storz_regulondb,0.125,7,7,ATGTCATGCGACCTTATACT,0,79717
TSS_1414_storz_regulondb,0.125,7,7,ATGTCAAGAACAGAGGCGGG,0,78458
TSS_1414_storz_regulondb,0.125,7,7,ATGTATTGCAGTGAATGGCT,0,52337
TSS_1414_storz_regulondb,0.125,7,7,ATGTACTACCCCGAACAAGC,0,56424
TSS_1414_storz_regulondb,0.125,7,7,ATGGTGTAACGCATATGGAC,0,39414
TSS_1414_storz_regulondb,0.125,7,7,ATGGTCAGGGTAAACCTTGG,0,16812
TSS_1414_storz_regulondb,0.125,7,7,ATGGGTACTCGGACTGACAG,0,9925
TSS_1414_storz_regulondb,0.125,7,7,ATGGGGTGTCGATCGGGGCT,0,48632
TSS_1414_storz_regulondb,0.125,7,7,ATGGCGTACGGCCAATACTG,0,72858
TSS_1414_storz_regulondb,0.125,7,7,ATGGCGAATGAAAGAAAAAG,0,11483
TSS_1414_storz_regulondb,0.125,7,7,ATGGCACTGCTGCGGAAGAT,0,76846
TSS_1414_storz_regulondb,0.125,7,7,ATGGAGAGAATCGTAATCCG,0,26907
TSS_1414_storz_regulondb,0.125,7,7,ATGGAAGCCACCGGAAAGTT,0,35152
TSS_1414_storz_regulondb,0.125,7,7,ATGCTGCGGTACATTTTACT,0,16222
TSS_1414_storz_regulondb,0.125,7,7,ATGCTGCATGTTACAGCGTC,0,79918
TSS_1414_storz_regulondb,0.125,7,7,ATGCTATCCCCCAACAAGAT,0,9774
TSS_1414_storz_regulondb,0.125,7,7,ATGCGCGTGTGCCGACTTGA,0,70572
TSS_1414_storz_regulondb,0.125,7,7,ATGCCTATGCCGGGCTTCCA,0,47646
TSS_1414_storz_regulondb,0.125,7,7,ATGCCCCGTACTGCTTTCTC,0,42097
TSS_1414_storz_regulondb,0.125,7,7,ATGCAGTTTGCTTACACCCC,0,46968
TSS_1414_storz_regulondb,0.125,7,7,ATGCAACTCGACTATATGAT,0,49239
TSS_1414_storz_regulondb,0.125,7,7,ATGATTACCTTAAGTTCTGC,0,8995
TSS_1414_storz_regulondb,0.125,7,7,ATGAGGCTGGGGATGTCGCG,0,67279
TSS_1414_storz_regulondb,0.125,7,7,ATCTTTAACAGTTACAGTCT,0,920
TSS_1414_storz_regulondb,0.125,7,7,ATCTTCTTTCCGCATGATGT,0,61884
TSS_1414_storz_regulondb,0.125,7,7,ATCTTACGAAGAACCTGACC,0,60658
TSS_1414_storz_regulondb,0.125,7,7,ATCTTAAGAAGGCCTTTACT,0,55982
TSS_1414_storz_regulondb,0.125,7,7,ATCTCTACTTTAAGCGCCTG,0,1268
TSS_1414_storz_regulondb,0.125,7,7,ATCTCGTTGTTCGCTCGCTT,0,78057
TSS_1414_storz_regulondb,0.125,7,7,ATCGTTTGGCACTGATAATG,0,33224
TSS_1414_storz_regulondb,0.125,7,7,ATCGTTGCTTAATTACTTTA,0,77
TSS_1414_storz_regulondb,0.125,7,7,ATCGTGCCTACAAAGTCGGA,0,37243
TSS_1414_storz_regulondb,0.125,7,7,ATCGGACGTAAGTTTACCTC,0,78613
TSS_1414_storz_regulondb,0.125,7,7,ATCGCTTCCACGGTCAGGTT,0,9641
TSS_1414_storz_regulondb,0.125,7,7,ATCGCCTGCTTTAAGTTGGT,0,79891
TSS_1414_storz_regulondb,0.125,7,7,ATCGCACAGGAAATCGTTTC,0,21203
TSS_1414_storz_regulondb,0.125,7,7,ATCCTTTTGATGACAACGCC,0,33275
TSS_1414_storz_regulondb,0.125,7,7,ATCCTTGGTTTGACGTCTTT,0,75813
TSS_1414_storz_regulondb,0.125,7,7,ATCCTTGCGCTACCGAAGTT,0,60758
TSS_1414_storz_regulondb,0.125,7,7,ATCCTCGTTAGACATTCGGG,0,39212
TSS_1414_storz_regulondb,0.125,7,7,ATCCGTCGTGCATGGGACAC,0,49027
TSS_1414_storz_regulondb,0.125,7,7,ATCCGGCCGAACGTTGTGAC,0,47236
TSS_1414_storz_regulondb,0.125,7,7,ATCCGCACTCCCCCGGTCCT,0,15755
TSS_1414_storz_regulondb,0.125,7,7,ATCCATTGGAGGAAGTGCCT,0,21999
TSS_1414_storz_regulondb,0.125,7,7,ATCCATAAATGTAACCGGGT,0,56565
TSS_1414_storz_regulondb,0.125,7,7,ATCCAGCACTTCCCTAGCCT,0,66316
TSS_1414_storz_regulondb,0.125,7,7,ATCATTCGGTCGCTCTGGAT,0,6518
TSS_1414_storz_regulondb,0.125,7,7,ATCATAGATAGACGGGCTGT,0,80080
TSS_1414_storz_regulondb,0.125,7,7,ATCACCGACAGGGTCTCATC,0,41235
TSS_1414_storz_regulondb,0.125,7,7,ATATTATAATGAGTTAGCAT,0,7991
TSS_1414_storz_regulondb,0.125,7,7,ATATGCGGGACCGCGCTAAC,0,66829
TSS_1414_storz_regulondb,0.125,7,7,ATATGCGATGTCAAAATATC,0,53788
TSS_1414_storz_regulondb,0.125,7,7,ATATCTTTAACGCTTAGCTC,0,37030
TSS_1414_storz_regulondb,0.125,7,7,ATATCTAGAAGCCTGTACTG,0,46050
TSS_1414_storz_regulondb,0.125,7,7,ATATCGCTGCGGCTCACTGA,0,35557
TSS_1414_storz_regulondb,0.125,7,7,ATATCCAGAGACACAGTTGG,0,57964
TSS_1414_storz_regulondb,0.125,7,7,ATAGTTCGCAGTGGTAACCT,0,30269
TSS_1414_storz_regulondb,0.125,7,7,ATAGGTGAAGGCAACGCAAG,0,38461
TSS_1414_storz_regulondb,0.125,7,7,ATAGGTCGTCACCTCTATCT,0,57890
TSS_1414_storz_regulondb,0.125,7,7,ATAGGTCATGACGGCAATGT,0,45177
TSS_1414_storz_regulondb,0.125,7,7,ATAGGCGTGCGTCAACGGTC,0,25149
TSS_1414_storz_regulondb,0.125,7,7,ATAGGCACCCAATCAACCCC,0,53275
TSS_1414_storz_regulondb,0.125,7,7,ATAGGATAAAGGGGCTTCGC,0,3687
TSS_1414_storz_regulondb,0.125,7,7,ATAGGACCGCTTAAGAGAGT,0,33392
TSS_1414_storz_regulondb,0.125,7,7,ATAGCGCTTAGAACCTGGAA,0,28720
TSS_1414_storz_regulondb,0.125,7,7,ATAGATCAACGTAAAGGTAA,0,44618
TSS_1414_storz_regulondb,0.125,7,7,ATACTTTATTGCATCTGAAA,0,51056
TSS_1414_storz_regulondb,0.125,7,7,ATACTCAAAACTCTTGGCCT,0,50112
TSS_1414_storz_regulondb,0.125,7,7,ATACGTGCCATCCTGGATGT,0,11313
TSS_1414_storz_regulondb,0.125,7,7,ATACGGCGGCTCTGATGTCG,0,43628
TSS_1414_storz_regulondb,0.125,7,7,ATACGGCAACCTCGTTGCAT,0,5032
TSS_1414_storz_regulondb,0.125,7,7,ATACCGTTCTTCGTATACGT,0,76330
TSS_1414_storz_regulondb,0.125,7,7,ATACCGACCAGTGTCACTAG,0,49845
TSS_1414_storz_regulondb,0.125,7,7,ATACAACAGACGTCTAAGGA,0,13318
TSS_1414_storz_regulondb,0.125,7,7,ATAAGGAGGTTATATCTTCA,0,31205
TSS_1414_storz_regulondb,0.125,7,7,ATAAAGGTGCCGCACCCCAC,0,26110
TSS_1414_storz_regulondb,0.125,7,7,ATAAAATTGTAACCGGGACT,0,71578
TSS_1414_storz_regulondb,0.125,7,7,AGTTTGAAGTGGAATTGCCT,0,69695
TSS_1414_storz_regulondb,0.125,7,7,AGTTCGGCGTGTTCACGCCT,0,73420
TSS_1414_storz_regulondb,0.125,7,7,AGTTCGGAGCTGGAATTAGC,0,66415
TSS_1414_storz_regulondb,0.125,7,7,AGTGCTTCGTCTAGTCCCAC,0,59994
TSS_1414_storz_regulondb,0.125,7,7,AGTGCTTCCCTGGTGGAATT,0,33977
TSS_1414_storz_regulondb,0.125,7,7,AGTCGTTGACATTCTAGTAT,0,71229
TSS_1414_storz_regulondb,0.125,7,7,AGTCGGCGAATTGGCGCGTG,0,2499
TSS_1414_storz_regulondb,0.125,7,7,AGTCGATCGGATATAAAGCA,0,8445
TSS_1414_storz_regulondb,0.125,7,7,AGTCCTACGAGAAGAACGCG,0,5175
TSS_1414_storz_regulondb,0.125,7,7,AGTACAACGTTGGCCGTCAT,0,28093
TSS_1414_storz_regulondb,0.125,7,7,AGGTTTAACACACCGGCTCG,0,11900
TSS_1414_storz_regulondb,0.125,7,7,AGGTGATAGGTTAAATCAGG,0,49187
TSS_1414_storz_regulondb,0.125,7,7,AGGTGACTCTACAAACTGTA,0,12877
TSS_1414_storz_regulondb,0.125,7,7,AGGTGACGCGGAAACAACTT,0,77043
TSS_1414_storz_regulondb,0.125,7,7,AGGTCCCGCGCAGGCCGGTG,0,77279
TSS_1414_storz_regulondb,0.125,7,7,AGGTAAAACAAAAGAGGGGA,0,79929
TSS_1414_storz_regulondb,0.125,7,7,AGGGTCGGCTTCGTGGGGCA,0,3221
TSS_1414_storz_regulondb,0.125,7,7,AGGGTCCGCTAACTTGGTTT,0,76339
TSS_1414_storz_regulondb,0.125,7,7,AGGGGTTCTTCCTATTTTCC,0,16099
TSS_1414_storz_regulondb,0.125,7,7,AGGGGGTTGGCTAAAAAAAA,0,33135
TSS_1414_storz_regulondb,0.125,7,7,AGGCTTAGAGGTTTTCGGTA,0,65256
TSS_1414_storz_regulondb,0.125,7,7,AGGCTCGACGTCTTGTAGGT,0,54232
TSS_1414_storz_regulondb,0.125,7,7,AGGCTAATGTAATTCACGCT,0,29663
TSS_1414_storz_regulondb,0.125,7,7,AGGCGGCGAGCAGTCAAAAG,0,74193
TSS_1414_storz_regulondb,0.125,7,7,AGGCACCTGCTAGCTACGGT,0,53729
TSS_1414_storz_regulondb,0.125,7,7,AGGATTCTGCGACTGTTCGT,0,62441
TSS_1414_storz_regulondb,0.125,7,7,AGGATCGGAAACATATTACA,0,22375
TSS_1414_storz_regulondb,0.125,7,7,AGGAGTTGGTCGTATTCTGG,0,30505
TSS_1414_storz_regulondb,0.125,7,7,AGGAGTGTAGTTTGTAAGAC,0,6817
TSS_1414_storz_regulondb,0.125,7,7,AGGAGCAACATTGGCTTGTG,0,28742
TSS_1414_storz_regulondb,0.125,7,7,AGGACGAGCTTCAAACGGGT,0,9824
TSS_1414_storz_regulondb,0.125,7,7,AGGACCGCATTTCGGTGTCA,0,10132
TSS_1414_storz_regulondb,0.125,7,7,AGGAACTGTCCGAGAATGAC,0,7768
TSS_1414_storz_regulondb,0.125,7,7,AGGAAAGAGGTGACCTCTGC,0,67099
TSS_1414_storz_regulondb,0.125,7,7,AGCTTCCACGTGTCACAAGA,0,36274
TSS_1414_storz_regulondb,0.125,7,7,AGCTTCACTGATAAGGTGTG,0,63755
TSS_1414_storz_regulondb,0.125,7,7,AGCTGGGTCTAACACGCTTA,0,58903
TSS_1414_storz_regulondb,0.125,7,7,AGCTATGTGCGTGGTCGTTT,0,42976
TSS_1414_storz_regulondb,0.125,7,7,AGCTACTCCCGTGAGATTGA,0,54287
TSS_1414_storz_regulondb,0.125,7,7,AGCGGGCCAGAATGTGTGCG,0,9436
TSS_1414_storz_regulondb,0.125,7,7,AGCGCAGGGAAACAATGGAA,0,24612
TSS_1414_storz_regulondb,0.125,7,7,AGCGACTCACTGTTCATCAT,0,54098
TSS_1414_storz_regulondb,0.125,7,7,AGCCTGTTCGACTTTCTCAA,0,75593
TSS_1414_storz_regulondb,0.125,7,7,AGCCTGCATATCGAAGCTTT,0,36970
TSS_1414_storz_regulondb,0.125,7,7,AGCCGTGGGTTACTTCCGTA,0,69277
TSS_1414_storz_regulondb,0.125,7,7,AGCCGGTATTCGACATGTCC,0,11999
TSS_1414_storz_regulondb,0.125,7,7,AGCCGACGCGTGCACGGCTA,0,22216
TSS_1414_storz_regulondb,0.125,7,7,AGCCGACCGTTCCTCAACAT,0,39418
TSS_1414_storz_regulondb,0.125,7,7,AGCCATGTTTCCCTTCCCGT,0,30387
TSS_1414_storz_regulondb,0.125,7,7,AGCCAGCTTGAACCAGGTTG,0,70600
TSS_1414_storz_regulondb,0.125,7,7,AGCCACGATGTCGTCTTTCA,0,78156
TSS_1414_storz_regulondb,0.125,7,7,AGCATGCTTCACCCATTCCA,0,68011
TSS_1414_storz_regulondb,0.125,7,7,AGCATATGCCCCCCATATCG,0,19546
TSS_1414_storz_regulondb,0.125,7,7,AGCACGGGGGCTGACCGGAT,0,25780
TSS_1414_storz_regulondb,0.125,7,7,AGCACCGGTAATGAGACGCC,0,23897
TSS_1414_storz_regulondb,0.125,7,7,AGCACATCAGGGGTCATCGG,0,43190
TSS_1414_storz_regulondb,0.125,7,7,AGATTGGCAAAATCTCCTCG,0,28816
TSS_1414_storz_regulondb,0.125,7,7,AGATTCATCACGTGTGCCGC,0,45136
TSS_1414_storz_regulondb,0.125,7,7,AGAGGTTCGGGCTGCTGCAA,0,59793
TSS_1414_storz_regulondb,0.125,7,7,AGAGGTACACCCCAAGTTCC,0,3945
TSS_1414_storz_regulondb,0.125,7,7,AGAGCTAACGGGGTGAGACG,0,44163
TSS_1414_storz_regulondb,0.125,7,7,AGAGCGTCAACCATGCCCGA,0,45780
TSS_1414_storz_regulondb,0.125,7,7,AGAGCAGACACGAAAATGAC,0,33002
TSS_1414_storz_regulondb,0.125,7,7,AGACGTACGCAAGAAACTTA,0,54286
TSS_1414_storz_regulondb,0.125,7,7,AGACGACGAGATCTGGGACA,0,66770
TSS_1414_storz_regulondb,0.125,7,7,AGACCTTCGATAGTTTCTTA,0,53935
TSS_1414_storz_regulondb,0.125,7,7,AGACATTGGATCGCAATGAC,0,18952
TSS_1414_storz_regulondb,0.125,7,7,AGAATGTCGAATAAGCCTTG,0,8429
TSS_1414_storz_regulondb,0.125,7,7,AGAATGTCCTACGTTGTCAC,0,35274
TSS_1414_storz_regulondb,0.125,7,7,AGAATCATAAGAAGATAGGT,0,28650
TSS_1414_storz_regulondb,0.125,7,7,AGAAGGCTTTTGCTAGCTTT,0,64491
TSS_1414_storz_regulondb,0.125,7,7,AGAAGCTACTTACAGCATTG,0,60431
TSS_1414_storz_regulondb,0.125,7,7,AGAACTCAAATTGCCACAAG,0,2306
TSS_1414_storz_regulondb,0.125,7,7,AGAACGAGTACTTATTTACC,0,19875
TSS_1414_storz_regulondb,0.125,7,7,AGAACCGTTCTGGGCTTGGA,0,39562
TSS_1414_storz_regulondb,0.125,7,7,AGAAATCAGAAAACAACAGT,0,62657
TSS_1414_storz_regulondb,0.125,7,7,AGAAAGAGCACAATGAATGT,0,35352
TSS_1414_storz_regulondb,0.125,7,7,ACTTTTGCGCCGAAGTTCGT,0,56286
TSS_1414_storz_regulondb,0.125,7,7,ACTTGTACCAGAGATTAGCT,0,49666
TSS_1414_storz_regulondb,0.125,7,7,ACTTCGGTAATGATCCCACT,0,21759
TSS_1414_storz_regulondb,0.125,7,7,ACTGTTTCTAGGACTCCGGA,0,74762
TSS_1414_storz_regulondb,0.125,7,7,ACTGTGCGGTACACCTTGGT,0,18050
TSS_1414_storz_regulondb,0.125,7,7,ACTGCGTTCCCGGAATGTCA,0,57082
TSS_1414_storz_regulondb,0.125,7,7,ACTCGCGGATTAACCGCGTG,0,398
TSS_1414_storz_regulondb,0.125,7,7,ACTCCTGCTATAGAATGTTA,0,14004
TSS_1414_storz_regulondb,0.125,7,7,ACTATGGCCGGGCACGCTAG,0,69337
TSS_1414_storz_regulondb,0.125,7,7,ACTAGAAGTATCTGGGTCTA,0,37018
TSS_1414_storz_regulondb,0.125,7,7,ACTAATCGCGGGTCAGTACG,0,48231
TSS_1414_storz_regulondb,0.125,7,7,ACGTTTCTCACCTGGGGCCA,0,74107
TSS_1414_storz_regulondb,0.125,7,7,ACGTTGTCACCATCGACGGT,0,74890
TSS_1414_storz_regulondb,0.125,7,7,ACGTGTTTAATCGACCTGGC,0,45413
TSS_1414_storz_regulondb,0.125,7,7,ACGTCTAAACCCTAATAACA,0,28050
TSS_1414_storz_regulondb,0.125,7,7,ACGTAGCAGTTGACCGAACA,0,77649
TSS_1414_storz_regulondb,0.125,7,7,ACGTAGCAATTCCGAGTAGA,0,34126
TSS_1414_storz_regulondb,0.125,7,7,ACGTACTCAGCCTGTGCGTA,0,1647
TSS_1414_storz_regulondb,0.125,7,7,ACGGTCTGCCAGTGCCGGAT,0,54566
TSS_1414_storz_regulondb,0.125,7,7,ACGGCTCTGGGTGCACTATC,0,35018
TSS_1414_storz_regulondb,0.125,7,7,ACGCTCATCCACGGTACCAC,0,8898
TSS_1414_storz_regulondb,0.125,7,7,ACGCTACGGAACCCTAACGT,0,18271
TSS_1414_storz_regulondb,0.125,7,7,ACGCTACACCCGCAGGGGCT,0,67992
TSS_1414_storz_regulondb,0.125,7,7,ACGCAGTGTCGGTCATGTTG,0,22145
TSS_1414_storz_regulondb,0.125,7,7,ACGAGCCGTATGCTGCTTTA,0,36063
TSS_1414_storz_regulondb,0.125,7,7,ACGACACACAGCCGTCAAGC,0,75004
TSS_1414_storz_regulondb,0.125,7,7,ACGAATGATTACTAGGATAT,0,1592
TSS_1414_storz_regulondb,0.125,7,7,ACGAAGCGACAATACAGGTA,0,20074
TSS_1414_storz_regulondb,0.125,7,7,ACGAACGTCCGCGGATCTTT,0,61822
TSS_1414_storz_regulondb,0.125,7,7,ACCTTTCTATGATCTTCTGC,0,14817
TSS_1414_storz_regulondb,0.125,7,7,ACCTTACTCTGCTTTAGGGA,0,58140
TSS_1414_storz_regulondb,0.125,7,7,ACCTCCCTGAAGGCGTTTAT,0,54391
TSS_1414_storz_regulondb,0.125,7,7,ACCTCAAACGATCATATCGA,0,76334
TSS_1414_storz_regulondb,0.125,7,7,ACCGTCCCGGATATTCTACG,0,24262
TSS_1414_storz_regulondb,0.125,7,7,ACCGGGCGCTCGGGGGAACT,0,47978
TSS_1414_storz_regulondb,0.125,7,7,ACCGGAACACAGTTAGTAGC,0,51800
TSS_1414_storz_regulondb,0.125,7,7,ACCGGAAAAAAGGGAGTCCT,0,16157
TSS_1414_storz_regulondb,0.125,7,7,ACCGCGGGTTGGCATGATAC,0,1774
TSS_1414_storz_regulondb,0.125,7,7,ACCGAAGATCCGACAGGTTT,0,76576
TSS_1414_storz_regulondb,0.125,7,7,ACCCTGTCACAAGTTTATAA,0,33822
TSS_1414_storz_regulondb,0.125,7,7,ACCCGATGCTCAGTCCTTCT,0,26325
TSS_1414_storz_regulondb,0.125,7,7,ACCCATCTGTCCGCCGATAC,0,39622
TSS_1414_storz_regulondb,0.125,7,7,ACCCAATAACCACCTCGTAT,0,52193
TSS_1414_storz_regulondb,0.125,7,7,ACCCAAAGGCGGATCACAGC,0,25560
TSS_1414_storz_regulondb,0.125,7,7,ACCACTATCGGAGCGGCTTC,0,25329
TSS_1414_storz_regulondb,0.125,7,7,ACCACGTAGCAACCGGGGAG,0,64258
TSS_1414_storz_regulondb,0.125,7,7,ACATTGAGCATCATTTAGGT,0,61390
TSS_1414_storz_regulondb,0.125,7,7,ACATTCTCCCTCACGTCCGC,0,16986
TSS_1414_storz_regulondb,0.125,7,7,ACATAATAAAATCCATTTGA,0,38829
TSS_1414_storz_regulondb,0.125,7,7,ACATAAGGGCCTTTCCCGCT,0,12934
TSS_1414_storz_regulondb,0.125,7,7,ACAGGTTTCACGTATCGTAA,0,72437
TSS_1414_storz_regulondb,0.125,7,7,ACAGCTTATCTCCGAGTTAA,0,60396
TSS_1414_storz_regulondb,0.125,7,7,ACAGCAGGGCTCCGCGACGG,0,27594
TSS_1414_storz_regulondb,0.125,7,7,ACACGTTTCAGGGAGTCCCG,0,45532
TSS_1414_storz_regulondb,0.125,7,7,ACACGGGCACACTCGGGCGT,0,16992
TSS_1414_storz_regulondb,0.125,7,7,ACACGACATCAACATGTGGA,0,26951
TSS_1414_storz_regulondb,0.125,7,7,ACACCGGGGCTCTTCGAATA,0,4792
TSS_1414_storz_regulondb,0.125,7,7,ACAATAAGATTTGCTGACAC,0,25451
TSS_1414_storz_regulondb,0.125,7,7,ACAAATGACGCGGATGCGAT,0,16478
TSS_1414_storz_regulondb,0.125,7,7,ACAAAGAGGTGCGAACCTCG,0,65492
TSS_1414_storz_regulondb,0.125,7,7,AATTGGGGTACTTGACCCAC,0,45977
TSS_1414_storz_regulondb,0.125,7,7,AATTGCATTGGTAGCAGTGC,0,20298
TSS_1414_storz_regulondb,0.125,7,7,AATTCCACGCGTTTCACTGT,0,53220
TSS_1414_storz_regulondb,0.125,7,7,AATTACATTCTCGGAAACTC,0,61888
TSS_1414_storz_regulondb,0.125,7,7,AATGTTGCGTCAGATGTCTA,0,37687
TSS_1414_storz_regulondb,0.125,7,7,AATGGGATGGCGTCACTGCG,0,64142
TSS_1414_storz_regulondb,0.125,7,7,AATGCTCCCACATTGAGATT,0,51815
TSS_1414_storz_regulondb,0.125,7,7,AATGCCCAACTTAATGCCAT,0,69892
TSS_1414_storz_regulondb,0.125,7,7,AATGAGAATAATCTGAGAGA,0,61866
TSS_1414_storz_regulondb,0.125,7,7,AATCTTAAACTCCGATCCCT,0,41119
TSS_1414_storz_regulondb,0.125,7,7,AATCTGGCGCTGAAAACATG,0,61750
TSS_1414_storz_regulondb,0.125,7,7,AATCGGGCAGATTACAGAGG,0,21308
TSS_1414_storz_regulondb,0.125,7,7,AATCGAAAAAGGTCATGGTG,0,61335
TSS_1414_storz_regulondb,0.125,7,7,AATATTTGGAGTAAGTGAAG,0,61340
TSS_1414_storz_regulondb,0.125,7,7,AATAGGCTTTAAGCTTCCAA,0,20680
TSS_1414_storz_regulondb,0.125,7,7,AATAGAGGTCATTATTGAAT,0,61058
TSS_1414_storz_regulondb,0.125,7,7,AATACGGCCTGGTCTTATGG,0,10451
TSS_1414_storz_regulondb,0.125,7,7,AATACATAAGCTGTCTTTAT,0,71260
TSS_1414_storz_regulondb,0.125,7,7,AATAAGGGGTCTCTTAGGGT,0,41057
TSS_1414_storz_regulondb,0.125,7,7,AAGTCTTGCGTCCTCAAAGG,0,41529
TSS_1414_storz_regulondb,0.125,7,7,AAGTAGTAGTATCGTTGGAT,0,34334
TSS_1414_storz_regulondb,0.125,7,7,AAGTACTGATAACGCATCTT,0,59776
TSS_1414_storz_regulondb,0.125,7,7,AAGTACATACCGCGGATGCC,0,68771
TSS_1414_storz_regulondb,0.125,7,7,AAGGGTTTGCCACGTCCCGT,0,23124
TSS_1414_storz_regulondb,0.125,7,7,AAGGGGGGTTTAGCACAAAT,0,60218
TSS_1414_storz_regulondb,0.125,7,7,AAGGGGAGCTCTGTGGACGA,0,48811
TSS_1414_storz_regulondb,0.125,7,7,AAGGGACGAGATTGCTGGAA,0,61611
TSS_1414_storz_regulondb,0.125,7,7,AAGGCGGTGCAGTTTTGATT,0,8292
TSS_1414_storz_regulondb,0.125,7,7,AAGGCATGGCTAATTTATTT,0,5767
TSS_1414_storz_regulondb,0.125,7,7,AAGGATATCTAACGCCACCT,0,7235
TSS_1414_storz_regulondb,0.125,7,7,AAGCGCGGCACGGCAGTATA,0,75518
TSS_1414_storz_regulondb,0.125,7,7,AAGCCCGTTCTTGGTTGTGT,0,72115
TSS_1414_storz_regulondb,0.125,7,7,AAGCATAGGACTTGACTTAA,0,48223
TSS_1414_storz_regulondb,0.125,7,7,AAGATTGTAATCGCGTAGTG,0,43784
TSS_1414_storz_regulondb,0.125,7,7,AAGATGGTAAAGAGGCGAAA,0,71986
TSS_1414_storz_regulondb,0.125,7,7,AAGAGTAATGGAGCAATAGA,0,60613
TSS_1414_storz_regulondb,0.125,7,7,AAGAGGTGCAGGGGTGACCA,0,45179
TSS_1414_storz_regulondb,0.125,7,7,AAGAGCGGACTAGCTCGGTT,0,55940
TSS_1414_storz_regulondb,0.125,7,7,AAGAGACGGCCCATTGTCAG,0,31389
TSS_1414_storz_regulondb,0.125,7,7,AAGACCGTCCCGGGATAATG,0,44676
TSS_1414_storz_regulondb,0.125,7,7,AACTTTGACTGCTCTTATTG,0,46028
TSS_1414_storz_regulondb,0.125,7,7,AACTTCCGAAAGGAGGGGCG,0,17967
TSS_1414_storz_regulondb,0.125,7,7,AACTTACGTCTGTGATTCCA,0,42023
TSS_1414_storz_regulondb,0.125,7,7,AACTGGGTTTTCACCACCTA,0,45421
TSS_1414_storz_regulondb,0.125,7,7,AACTCGAATGGCTAGACACC,0,10051
TSS_1414_storz_regulondb,0.125,7,7,AACTATAGGGTCCTCGCCTT,0,54733
TSS_1414_storz_regulondb,0.125,7,7,AACTAGCGACCCTAAAAGGT,0,63752
TSS_1414_storz_regulondb,0.125,7,7,AACTACACTTAAACAGTACT,0,32142
TSS_1414_storz_regulondb,0.125,7,7,AACGTCTCAATGGCATCACG,0,20339
TSS_1414_storz_regulondb,0.125,7,7,AACGCCATGCGTGTATTCTT,0,16620
TSS_1414_storz_regulondb,0.125,7,7,AACGCATATTCATAGATTTG,0,48156
TSS_1414_storz_regulondb,0.125,7,7,AACGACCGCTGACATTTAGA,0,58288
TSS_1414_storz_regulondb,0.125,7,7,AACCTTGCTACGTTGCTCTG,0,13710
TSS_1414_storz_regulondb,0.125,7,7,AACCTCCAATGTGCGTATAA,0,38666
TSS_1414_storz_regulondb,0.125,7,7,AACCGCACCCGCAGATGAAG,0,54453
TSS_1414_storz_regulondb,0.125,7,7,AACCAGGTGAAAATGCTAGT,0,19203
TSS_1414_storz_regulondb,0.125,7,7,AACCAAATCGCCACCAGGAT,0,50509
TSS_1414_storz_regulondb,0.125,7,7,AACATGCTCCATAATACCGG,0,21266
TSS_1414_storz_regulondb,0.125,7,7,AACATACCGTTTACACAGAG,0,14131
TSS_1414_storz_regulondb,0.125,7,7,AAATGTGTCATTTTAATTCG,0,53746
TSS_1414_storz_regulondb,0.125,7,7,AAATGATGAGTCGCCGCACA,0,45359
TSS_1414_storz_regulondb,0.125,7,7,AAATCCCGGAGTAGAGCACG,0,56214
TSS_1414_storz_regulondb,0.125,7,7,AAAGTCGGACCCGTTGTGGT,0,70584
TSS_1414_storz_regulondb,0.125,7,7,AAAGCACCTCGCGTTTATAA,0,21925
TSS_1414_storz_regulondb,0.125,7,7,AAAGAGTACTAACATACATT,0,20270
TSS_1414_storz_regulondb,0.125,7,7,AAACTTCAGGATTTGGATGG,0,11868
TSS_1414_storz_regulondb,0.125,7,7,AAACTGCGAAGCAAGAGTCA,0,30158
TSS_1414_storz_regulondb,0.125,7,7,AAACTCAACCGCGGAGGATA,0,72886
TSS_1414_storz_regulondb,0.125,7,7,AAACGTGGAGACGTGGCGTG,0,36414
TSS_1414_storz_regulondb,0.125,7,7,AAACGAGTATTAACTGGTTC,0,16169
TSS_1414_storz_regulondb,0.125,7,7,AAACCGTCTGTACTGGTATT,0,2955
TSS_1414_storz_regulondb,0.125,7,7,AAACCGGGCCAAGCCGCTGG,0,76970
TSS_1414_storz_regulondb,0.125,7,7,AAACAGAGTATTACGATGTT,0,12527
TSS_1414_storz_regulondb,0.125,7,7,AAACACGAGAGTACCAGTAT,0,49929
TSS_1414_storz_regulondb,0.125,7,7,AAAATTCTGAACATTAAGCC,0,59493
TSS_1414_storz_regulondb,0.125,7,7,AAAACAAATAAATACCGTTT,0,29351
TSS_1414_storz_regulondb,0.14285714285714285,6,6,TTTTTGATGAGTCATGGATT,0,11230
TSS_1414_storz_regulondb,0.14285714285714285,6,6,TTTTGTTCCAAGTTGCTACT,0,25958
TSS_1414_storz_regulondb,0.14285714285714285,6,6,TTTTCGCACGGTGCGACGTA,0,45176
TSS_1414_storz_regulondb,0.14285714285714285,6,6,TTTTCGAATACTGTGATCGG,0,61507
TSS_1414_storz_regulondb,0.14285714285714285,6,6,TTTTAGAGGCATACTGAGTC,0,17035
TSS_1414_storz_regulondb,0.14285714285714285,6,6,TTTTACGTCAAGTGGTATTT,0,4939
TSS_1414_storz_regulondb,0.14285714285714285,6,6,TTTTACCTTAACGCGAGAAA,0,28365
TSS_1414_storz_regulondb,0.14285714285714285,6,6,TTTGGTGTGTGCTCCGGGCG,0,74794
TSS_1414_storz_regulondb,0.14285714285714285,6,6,TTTGCTATTGGACTAAGCCA,0,28183
TSS_1414_storz_regulondb,0.14285714285714285,6,6,TTTGCGAAATGACACCTTGG,0,42252
TSS_1414_storz_regulondb,0.14285714285714285,6,6,TTTGCCACGGCACAGCCGGG,0,35696
TSS_1414_storz_regulondb,0.14285714285714285,6,6,TTTGAATAATCGTATGCAGT,0,36189
TSS_1414_storz_regulondb,0.14285714285714285,6,6,TTTCTGCTTTGTCTCAGTGT,0,69234
TSS_1414_storz_regulondb,0.14285714285714285,6,6,TTTCGCTCGAAGAAGATCTT,0,23216
TSS_1414_storz_regulondb,0.14285714285714285,6,6,TTTCGCCCGATAGCGGTCAT,0,40267
TSS_1414_storz_regulondb,0.14285714285714285,6,6,TTTCCCAGACTTATGTTGTA,0,62136
TSS_1414_storz_regulondb,0.14285714285714285,6,6,TTTCAGGTCACAACAGCTAT,0,604
TSS_1414_storz_regulondb,0.14285714285714285,6,6,TTTCAACACATCCCATTTTG,0,70664
TSS_1414_storz_regulondb,0.14285714285714285,6,6,TTTCAAACCTCCGAAGGAAC,0,54228
TSS_1414_storz_regulondb,0.14285714285714285,6,6,TTTATACAACTCACGTATTG,0,22714
TSS_1414_storz_regulondb,0.14285714285714285,6,6,TTTAGAATCCATAGGCCGCC,0,25188
TSS_1414_storz_regulondb,0.14285714285714285,6,6,TTTACTGTGTGTTAATTATC,0,47287
TSS_1414_storz_regulondb,0.14285714285714285,6,6,TTTACTAGAAGATGGTTTTA,0,24648
TSS_1414_storz_regulondb,0.14285714285714285,6,6,TTTACCCACCGTTTCCTTAG,0,1864
TSS_1414_storz_regulondb,0.14285714285714285,6,6,TTTAAGAGGCCTTACCAGTG,0,25656
TSS_1414_storz_regulondb,0.14285714285714285,6,6,TTGTCTTTCGAGAAGGCCAT,0,7561
TSS_1414_storz_regulondb,0.14285714285714285,6,6,TTGTATTGTCGTTCTCAAGT,0,12923
TSS_1414_storz_regulondb,0.14285714285714285,6,6,TTGTACCTTTTGCGCACTAC,0,37627
TSS_1414_storz_regulondb,0.14285714285714285,6,6,TTGGTGTTTGGCGGTCGGTA,0,75198
TSS_1414_storz_regulondb,0.14285714285714285,6,6,TTGGTAGAGGGGCACACAAT,0,3566
TSS_1414_storz_regulondb,0.14285714285714285,6,6,TTGGGTGCGGTGAGTGCGAA,0,26322
TSS_1414_storz_regulondb,0.14285714285714285,6,6,TTGGGTAGTCCGTAGACGGA,0,40274
TSS_1414_storz_regulondb,0.14285714285714285,6,6,TTGGGGGCAGCGTAGAGCAC,0,27056
TSS_1414_storz_regulondb,0.14285714285714285,6,6,TTGGAGGCTCGGATCTTAAT,0,3661
TSS_1414_storz_regulondb,0.14285714285714285,6,6,TTGGACCCTGGCGCCTCGAA,0,70230
TSS_1414_storz_regulondb,0.14285714285714285,6,6,TTGCTGGTGCAGATTAACCA,0,3995
TSS_1414_storz_regulondb,0.14285714285714285,6,6,TTGCTCCTCCCAAGGCGCAA,0,17138
TSS_1414_storz_regulondb,0.14285714285714285,6,6,TTGCTCATGAAGACCAGTGG,0,595
TSS_1414_storz_regulondb,0.14285714285714285,6,6,TTGCCCGTGAAAATGTCCAG,0,16505
TSS_1414_storz_regulondb,0.14285714285714285,6,6,TTGCACATATGGACGTACAA,0,1680
TSS_1414_storz_regulondb,0.14285714285714285,6,6,TTGATGCGCCTCATAAGAGC,0,55484
TSS_1414_storz_regulondb,0.14285714285714285,6,6,TTGATAAGATCTCGCCTTTG,0,69552
TSS_1414_storz_regulondb,0.14285714285714285,6,6,TTGAGCGGCCTGGTAGCCGT,0,6432
TSS_1414_storz_regulondb,0.14285714285714285,6,6,TTGACACGCGGCTGCGCGAG,0,2935
TSS_1414_storz_regulondb,0.14285714285714285,6,6,TTCTGCTCACGGGTAGACGA,0,76964
TSS_1414_storz_regulondb,0.14285714285714285,6,6,TTCTGCCACCTGGGGGGCTG,0,7151
TSS_1414_storz_regulondb,0.14285714285714285,6,6,TTCTGATTCGCAGCCCAGGC,0,8786
TSS_1414_storz_regulondb,0.14285714285714285,6,6,TTCTGACCGAAAAATGCCTT,0,64334
TSS_1414_storz_regulondb,0.14285714285714285,6,6,TTCTCCGTCAGCATGGCTTC,0,2041
TSS_1414_storz_regulondb,0.14285714285714285,6,6,TTCTACTTTGCAAACAATCC,0,2812
TSS_1414_storz_regulondb,0.14285714285714285,6,6,TTCGGAACGATAGCCTCACT,0,35426
TSS_1414_storz_regulondb,0.14285714285714285,6,6,TTCGAGGACCGAATTTTGTA,0,56001
TSS_1414_storz_regulondb,0.14285714285714285,6,6,TTCGAAGCTCACCGTCGGTT,0,46165
TSS_1414_storz_regulondb,0.14285714285714285,6,6,TTCCTTTGGAAAAGATACAA,0,58814
TSS_1414_storz_regulondb,0.14285714285714285,6,6,TTCCTACTATACTGGCTCAG,0,63438
TSS_1414_storz_regulondb,0.14285714285714285,6,6,TTCCGTCGGTTAAAGGAAGT,0,40022
TSS_1414_storz_regulondb,0.14285714285714285,6,6,TTCCGGGGCTGGAACGGCTG,0,39870
TSS_1414_storz_regulondb,0.14285714285714285,6,6,TTCCGCAAAGCAGCTTGGGG,0,31858
TSS_1414_storz_regulondb,0.14285714285714285,6,6,TTCCGATCACTGTTGGGCAT,0,78202
TSS_1414_storz_regulondb,0.14285714285714285,6,6,TTCCCAATATAGCCACGCAC,0,39881
TSS_1414_storz_regulondb,0.14285714285714285,6,6,TTCATTCAGTTTAAATTCGC,0,57674
TSS_1414_storz_regulondb,0.14285714285714285,6,6,TTCAGGCACTGTTACATGAC,0,47216
TSS_1414_storz_regulondb,0.14285714285714285,6,6,TTCACGGCAAACGTCCAACG,0,36924
TSS_1414_storz_regulondb,0.14285714285714285,6,6,TTCAACGTATGGGAAGTAGA,0,5814
TSS_1414_storz_regulondb,0.14285714285714285,6,6,TTATTGTCTCACGTCATAGG,0,38354
TSS_1414_storz_regulondb,0.14285714285714285,6,6,TTATGGTCTTTGTATCACTT,0,70185
TSS_1414_storz_regulondb,0.14285714285714285,6,6,TTATGGAGCGAGACAAACGT,0,69777
TSS_1414_storz_regulondb,0.14285714285714285,6,6,TTATCCTACGGATCGTCCGT,0,21530
TSS_1414_storz_regulondb,0.14285714285714285,6,6,TTATCCGCGCATCCCCGAAG,0,44089
TSS_1414_storz_regulondb,0.14285714285714285,6,6,TTATATCTGTGGGAAGCATC,0,60338
TSS_1414_storz_regulondb,0.14285714285714285,6,6,TTATACCCTAGCCGTCTGAA,0,51726
TSS_1414_storz_regulondb,0.14285714285714285,6,6,TTAGTGGCATGACCAAATAT,0,58924
TSS_1414_storz_regulondb,0.14285714285714285,6,6,TTAGTATCCCCCGCTCTTGC,0,24985
TSS_1414_storz_regulondb,0.14285714285714285,6,6,TTAGGTATCCGCGCTAAGCA,0,489
TSS_1414_storz_regulondb,0.14285714285714285,6,6,TTAGCTTTGCAGGGCTCAGC,0,76075
TSS_1414_storz_regulondb,0.14285714285714285,6,6,TTAGCTTTCGCTCCTCCTGC,0,12199
TSS_1414_storz_regulondb,0.14285714285714285,6,6,TTAGCATGTAGCACGTCTTG,0,41750
TSS_1414_storz_regulondb,0.14285714285714285,6,6,TTAGAACATACCACCGAGAT,0,56925
TSS_1414_storz_regulondb,0.14285714285714285,6,6,TTAGAAACTGGAGAGAGAAG,0,6680
TSS_1414_storz_regulondb,0.14285714285714285,6,6,TTACTTGATAATGGGTACTC,0,61999
TSS_1414_storz_regulondb,0.14285714285714285,6,6,TTACTTCATATAGACGTGCA,0,14586
TSS_1414_storz_regulondb,0.14285714285714285,6,6,TTACGTCACATTTGTGACAG,0,77583
TSS_1414_storz_regulondb,0.14285714285714285,6,6,TTACGGCCATCCTACTGGAC,0,77008
TSS_1414_storz_regulondb,0.14285714285714285,6,6,TTACAGGCTATGCGGTTACT,0,60085
TSS_1414_storz_regulondb,0.14285714285714285,6,6,TTAATCAACCTGCTCGGCGA,0,24760
TSS_1414_storz_regulondb,0.14285714285714285,6,6,TTAAGGCCTCGGCCAGACCC,0,52949
TSS_1414_storz_regulondb,0.14285714285714285,6,6,TTAAGCCAGGCTCGACGTGA,0,19991
TSS_1414_storz_regulondb,0.14285714285714285,6,6,TTAAGCAATGTCTCAGGAAT,0,73179
TSS_1414_storz_regulondb,0.14285714285714285,6,6,TTAACTTCTTGTTCTAGACT,0,73057
TSS_1414_storz_regulondb,0.14285714285714285,6,6,TTAACGTCAGTCAGGGTCGT,0,40278
TSS_1414_storz_regulondb,0.14285714285714285,6,6,TTAACGAGTCTCGGACTATC,0,11067
TSS_1414_storz_regulondb,0.14285714285714285,6,6,TGTTTTTGCGCGCATCCGTA,0,20615
TSS_1414_storz_regulondb,0.14285714285714285,6,6,TGTTTTTATAACTACGGGAT,0,39563
TSS_1414_storz_regulondb,0.14285714285714285,6,6,TGTTCTGGTATCAGATCAAC,0,79576
TSS_1414_storz_regulondb,0.14285714285714285,6,6,TGTTCTATAAAACCATCCCT,0,30709
TSS_1414_storz_regulondb,0.14285714285714285,6,6,TGTTCCAGCACGACGGAACA,0,8758
TSS_1414_storz_regulondb,0.14285714285714285,6,6,TGTTAATAATGAAGTTTTAT,0,59285
TSS_1414_storz_regulondb,0.14285714285714285,6,6,TGTGTTCTACAAACGTCCTT,0,72371
TSS_1414_storz_regulondb,0.14285714285714285,6,6,TGTGTGCAGACTGACGTGGA,0,24623
TSS_1414_storz_regulondb,0.14285714285714285,6,6,TGTGGGTTATTCGTCATATG,0,25230
TSS_1414_storz_regulondb,0.14285714285714285,6,6,TGTGCTGAGTTCCGTTTGGA,0,4438
TSS_1414_storz_regulondb,0.14285714285714285,6,6,TGTGCCTAAGTGTAATGTTC,0,61043
TSS_1414_storz_regulondb,0.14285714285714285,6,6,TGTGACCACATAGTCAGGTT,0,13798
TSS_1414_storz_regulondb,0.14285714285714285,6,6,TGTCGAAGTTAACGCCGCTA,0,79723
TSS_1414_storz_regulondb,0.14285714285714285,6,6,TGTCAACGGGCCAGCGGTCA,0,66743
TSS_1414_storz_regulondb,0.14285714285714285,6,6,TGTAGGTGGCGTCAGTTACA,0,18483
TSS_1414_storz_regulondb,0.14285714285714285,6,6,TGTAGAAGTTTTATTGAACT,0,30024
TSS_1414_storz_regulondb,0.14285714285714285,6,6,TGTACGATCTCCGTCAGAGA,0,10283
TSS_1414_storz_regulondb,0.14285714285714285,6,6,TGTAACAGAACCCGACTTCT,0,70190
TSS_1414_storz_regulondb,0.14285714285714285,6,6,TGGTGTCTGTAGGAGCGCAG,0,3481
TSS_1414_storz_regulondb,0.14285714285714285,6,6,TGGTGGTTGTTGTTTATGCG,0,6439
TSS_1414_storz_regulondb,0.14285714285714285,6,6,TGGTCTTCTGCGCATTACTG,0,56528
TSS_1414_storz_regulondb,0.14285714285714285,6,6,TGGTCGGTTTTATGCCGCCG,0,13112
TSS_1414_storz_regulondb,0.14285714285714285,6,6,TGGTCAGGCCCATATCTATT,0,63602
TSS_1414_storz_regulondb,0.14285714285714285,6,6,TGGTATAAGCGCGATTAGAT,0,2027
TSS_1414_storz_regulondb,0.14285714285714285,6,6,TGGTAGGATTGCGCTGCGCG,0,32841
TSS_1414_storz_regulondb,0.14285714285714285,6,6,TGGTAAGGCTCCTTGTGTAT,0,4301
TSS_1414_storz_regulondb,0.14285714285714285,6,6,TGGGTGGACAAGAAGGGTCA,0,73365
TSS_1414_storz_regulondb,0.14285714285714285,6,6,TGGGTCTCGTCCAAATATAT,0,19095
TSS_1414_storz_regulondb,0.14285714285714285,6,6,TGGGGTCAGATTCTAGGTAA,0,20109
TSS_1414_storz_regulondb,0.14285714285714285,6,6,TGGGGATAATATGCGGATCC,0,52633
TSS_1414_storz_regulondb,0.14285714285714285,6,6,TGGGCTGGGGACATCTTGTA,0,18868
TSS_1414_storz_regulondb,0.14285714285714285,6,6,TGGGAACAGGGGGTAAAGGA,0,65367
TSS_1414_storz_regulondb,0.14285714285714285,6,6,TGGCGTCGAGGCATTCGACC,0,13107
TSS_1414_storz_regulondb,0.14285714285714285,6,6,TGGCGCAACGACCTAGTGTC,0,57884
TSS_1414_storz_regulondb,0.14285714285714285,6,6,TGGCCCTTTGAACGTTAGCG,0,20299
TSS_1414_storz_regulondb,0.14285714285714285,6,6,TGGATAACCCAACGTTTGGT,0,22742
TSS_1414_storz_regulondb,0.14285714285714285,6,6,TGGAGTACATCCTGCCCCTT,0,30344
TSS_1414_storz_regulondb,0.14285714285714285,6,6,TGGAGACCATGTCCAATAGG,0,24347
TSS_1414_storz_regulondb,0.14285714285714285,6,6,TGGAATCTTCGAGGACTCGG,0,4201
TSS_1414_storz_regulondb,0.14285714285714285,6,6,TGCTTTGCGGTCAAGAGGCG,0,14279
TSS_1414_storz_regulondb,0.14285714285714285,6,6,TGCTTCGCGTTCGAAGTAAC,0,43541
TSS_1414_storz_regulondb,0.14285714285714285,6,6,TGCTGACAGGCCCTGTTATG,0,77047
TSS_1414_storz_regulondb,0.14285714285714285,6,6,TGCTCCTTGGAAAGCTGACC,0,59604
TSS_1414_storz_regulondb,0.14285714285714285,6,6,TGCGTGTTTGGACAATTCTC,0,19755
TSS_1414_storz_regulondb,0.14285714285714285,6,6,TGCGTGACGTCGTCAGACCT,0,13310
TSS_1414_storz_regulondb,0.14285714285714285,6,6,TGCGGGTGTAATATTTAGGA,0,24082
TSS_1414_storz_regulondb,0.14285714285714285,6,6,TGCGGGACATGTACTAAACA,0,11903
TSS_1414_storz_regulondb,0.14285714285714285,6,6,TGCGATTAATGTGGTAAGGC,0,29138
TSS_1414_storz_regulondb,0.14285714285714285,6,6,TGCCTCACATCGGGAGTCAC,0,13046
TSS_1414_storz_regulondb,0.14285714285714285,6,6,TGCCGATGGCATTTAGTCTT,0,37255
TSS_1414_storz_regulondb,0.14285714285714285,6,6,TGCCCTCAAGCCGGGCCTCA,0,53802
TSS_1414_storz_regulondb,0.14285714285714285,6,6,TGCCATGTAAATTTGTAGGT,0,18845
TSS_1414_storz_regulondb,0.14285714285714285,6,6,TGCAGTCGCTCCCGAGCCAC,0,70673
TSS_1414_storz_regulondb,0.14285714285714285,6,6,TGCAGGGTCGCCGCTGTTAT,0,1132
TSS_1414_storz_regulondb,0.14285714285714285,6,6,TGCAGAGCTGCTAATTCCGA,0,77327
TSS_1414_storz_regulondb,0.14285714285714285,6,6,TGCACTTACGGTGTTGACTG,0,17820
TSS_1414_storz_regulondb,0.14285714285714285,6,6,TGATTTGTCTAGCGATCTAT,0,16074
TSS_1414_storz_regulondb,0.14285714285714285,6,6,TGATTCATTTGGTCTCTATA,0,535
TSS_1414_storz_regulondb,0.14285714285714285,6,6,TGATTATTCAAATAGAATTA,0,51922
TSS_1414_storz_regulondb,0.14285714285714285,6,6,TGATTAAATCTTAAACACAC,0,74671
TSS_1414_storz_regulondb,0.14285714285714285,6,6,TGATGCGCGCAAGACACATG,0,80377
TSS_1414_storz_regulondb,0.14285714285714285,6,6,TGATCCACCAAGCCTTATGA,0,6023
TSS_1414_storz_regulondb,0.14285714285714285,6,6,TGAGGTATGGCGACCCATGG,0,32361
TSS_1414_storz_regulondb,0.14285714285714285,6,6,TGAGATGGAGACCATTCCCC,0,17092
TSS_1414_storz_regulondb,0.14285714285714285,6,6,TGACTCGTCCGCGGCAAGCT,0,16472
TSS_1414_storz_regulondb,0.14285714285714285,6,6,TGACGTTTGGTCGTCCGAAC,0,19807
TSS_1414_storz_regulondb,0.14285714285714285,6,6,TGACGACGGAAGGATTAGCT,0,46185
TSS_1414_storz_regulondb,0.14285714285714285,6,6,TGACCCTCGTCGGGGCGCAT,0,29326
TSS_1414_storz_regulondb,0.14285714285714285,6,6,TGACCAAGGTTCGTAGTGAT,0,70212
TSS_1414_storz_regulondb,0.14285714285714285,6,6,TGACATGGCAGGGTACTGAG,0,46579
TSS_1414_storz_regulondb,0.14285714285714285,6,6,TGAATAGCGGATACTTTTGC,0,33947
TSS_1414_storz_regulondb,0.14285714285714285,6,6,TGAAAAGTCAGGGCTATACC,0,21484
TSS_1414_storz_regulondb,0.14285714285714285,6,6,TCTTTTCAAGAGCATAGAGC,0,61586
TSS_1414_storz_regulondb,0.14285714285714285,6,6,TCTTTCGGCGTGGCTGGGAT,0,2797
TSS_1414_storz_regulondb,0.14285714285714285,6,6,TCTTTAGGGCGCCAAAGTAC,0,8534
TSS_1414_storz_regulondb,0.14285714285714285,6,6,TCTTGTGACCGTCGCTACGA,0,16073
TSS_1414_storz_regulondb,0.14285714285714285,6,6,TCTTGGACACTATGAATTAT,0,34360
TSS_1414_storz_regulondb,0.14285714285714285,6,6,TCTTGCCCGGGGCTATAAGT,0,17946
TSS_1414_storz_regulondb,0.14285714285714285,6,6,TCTTCATAAGACCGCAAGAA,0,72013
TSS_1414_storz_regulondb,0.14285714285714285,6,6,TCTGTCGCGGCTCTGCTCCA,0,76416
TSS_1414_storz_regulondb,0.14285714285714285,6,6,TCTGGTGGAGGGGACGCTAA,0,23751
TSS_1414_storz_regulondb,0.14285714285714285,6,6,TCTGGGTCGGTGACAGTAAT,0,73016
TSS_1414_storz_regulondb,0.14285714285714285,6,6,TCTGAGTAGGATCATTGAGT,0,1093
TSS_1414_storz_regulondb,0.14285714285714285,6,6,TCTGAGAGAAGAGCTCATTG,0,3910
TSS_1414_storz_regulondb,0.14285714285714285,6,6,TCTCTTGATCTGGTTCAACC,0,54656
TSS_1414_storz_regulondb,0.14285714285714285,6,6,TCTCGTCGAAACGAACAATC,0,58838
TSS_1414_storz_regulondb,0.14285714285714285,6,6,TCTCGAATGGCCGTGGTATT,0,10753
TSS_1414_storz_regulondb,0.14285714285714285,6,6,TCTCCTAAGCGGAATAAGAG,0,69167
TSS_1414_storz_regulondb,0.14285714285714285,6,6,TCTCCCAGCCGAGGGGGCTA,0,33988
TSS_1414_storz_regulondb,0.14285714285714285,6,6,TCTATAAGGTAGGGAGCAAC,0,66869
TSS_1414_storz_regulondb,0.14285714285714285,6,6,TCTACTCCCCGAGAGTAAAA,0,56520
TSS_1414_storz_regulondb,0.14285714285714285,6,6,TCTACGCTAGAGCGAGCTCT,0,45812
TSS_1414_storz_regulondb,0.14285714285714285,6,6,TCTACCACAATTGACCAGGG,0,47167
TSS_1414_storz_regulondb,0.14285714285714285,6,6,TCTACACGGATATGTCGCGA,0,4064
TSS_1414_storz_regulondb,0.14285714285714285,6,6,TCTAAGAAGGAAAGCTTGCT,0,70272
TSS_1414_storz_regulondb,0.14285714285714285,6,6,TCGTTCGATAACCAACGTAC,0,37836
TSS_1414_storz_regulondb,0.14285714285714285,6,6,TCGTTACGGCGCGCTCAACT,0,12195
TSS_1414_storz_regulondb,0.14285714285714285,6,6,TCGTTACGATGATGGTATCA,0,49974
TSS_1414_storz_regulondb,0.14285714285714285,6,6,TCGTCTCCCCTTAGGGTTAT,0,41725
TSS_1414_storz_regulondb,0.14285714285714285,6,6,TCGTCGTCTTGATAACCCTG,0,44995
TSS_1414_storz_regulondb,0.14285714285714285,6,6,TCGTCAAGCCATCGTTGGTA,0,27966
TSS_1414_storz_regulondb,0.14285714285714285,6,6,TCGTATGCATATAGTTTATG,0,79248
TSS_1414_storz_regulondb,0.14285714285714285,6,6,TCGTATATGAGGGTAGTAAT,0,17484
TSS_1414_storz_regulondb,0.14285714285714285,6,6,TCGTACACGGAGATTCGATC,0,12224
TSS_1414_storz_regulondb,0.14285714285714285,6,6,TCGGTTAATGAGTTGCTGTA,0,62024
TSS_1414_storz_regulondb,0.14285714285714285,6,6,TCGGGCATCGGGATTTCCAG,0,16656
TSS_1414_storz_regulondb,0.14285714285714285,6,6,TCGGCCACTAATGCTGCCAT,0,71017
TSS_1414_storz_regulondb,0.14285714285714285,6,6,TCGGATTCTAGTTTGGGCTT,0,26761
TSS_1414_storz_regulondb,0.14285714285714285,6,6,TCGGAGCGGCAAGACGGCCG,0,35885
TSS_1414_storz_regulondb,0.14285714285714285,6,6,TCGGACGAGCAGATGGTTCG,0,1578
TSS_1414_storz_regulondb,0.14285714285714285,6,6,TCGCTGACGCCGCTCATAAC,0,52980
TSS_1414_storz_regulondb,0.14285714285714285,6,6,TCGCGGGGTAGGGGTTAGGA,0,11018
TSS_1414_storz_regulondb,0.14285714285714285,6,6,TCGCCCCAGTCACAGGGACA,0,16504
TSS_1414_storz_regulondb,0.14285714285714285,6,6,TCGCATGTCCGGTACGATAA,0,55253
TSS_1414_storz_regulondb,0.14285714285714285,6,6,TCGATCCGTCACCGATGCTC,0,30205
TSS_1414_storz_regulondb,0.14285714285714285,6,6,TCGATATAAGCGGTGATTCC,0,51779
TSS_1414_storz_regulondb,0.14285714285714285,6,6,TCGAAAGTATGGGGTCGTTG,0,70077
TSS_1414_storz_regulondb,0.14285714285714285,6,6,TCCTTGGGACAGGTTATAAG,0,71750
TSS_1414_storz_regulondb,0.14285714285714285,6,6,TCCGGACCGCGAAGACATCA,0,18041
TSS_1414_storz_regulondb,0.14285714285714285,6,6,TCCGATAGCCTGGTGTAGAC,0,70575
TSS_1414_storz_regulondb,0.14285714285714285,6,6,TCCGAGCCGCAAGGAGGATT,0,67061
TSS_1414_storz_regulondb,0.14285714285714285,6,6,TCCCTTGAGGCCGCCCACTC,0,66888
TSS_1414_storz_regulondb,0.14285714285714285,6,6,TCCCGCAAGTAGACAGGGAG,0,60795
TSS_1414_storz_regulondb,0.14285714285714285,6,6,TCCCATTAGCTCCTGACCTA,0,64572
TSS_1414_storz_regulondb,0.14285714285714285,6,6,TCCATCTTTAGGTATCCGCA,0,24562
TSS_1414_storz_regulondb,0.14285714285714285,6,6,TCCACCATACGTCCGTGCGA,0,1128
TSS_1414_storz_regulondb,0.14285714285714285,6,6,TCCAATTCTGCCTAATGGAA,0,21370
TSS_1414_storz_regulondb,0.14285714285714285,6,6,TCATTTCGTCATCTTGACAA,0,59846
TSS_1414_storz_regulondb,0.14285714285714285,6,6,TCATTTCAGGTAAGGTACAA,0,26739
TSS_1414_storz_regulondb,0.14285714285714285,6,6,TCATTCGTCAAGCGTCACGC,0,9961
TSS_1414_storz_regulondb,0.14285714285714285,6,6,TCATCAACGAACCTACGTCG,0,36838
TSS_1414_storz_regulondb,0.14285714285714285,6,6,TCATAGCGCTGCTATAATGG,0,42770
TSS_1414_storz_regulondb,0.14285714285714285,6,6,TCATAGATCAGTTCGTTCAG,0,9184
TSS_1414_storz_regulondb,0.14285714285714285,6,6,TCAGTTTCGCGGCTTTACGG,0,58291
TSS_1414_storz_regulondb,0.14285714285714285,6,6,TCAGGTCTCCGCCAGATGGT,0,18084
TSS_1414_storz_regulondb,0.14285714285714285,6,6,TCAGGACTACTGTTAGCGCC,0,81049
TSS_1414_storz_regulondb,0.14285714285714285,6,6,TCAGAAAGGCAGGAGATCTG,0,5204
TSS_1414_storz_regulondb,0.14285714285714285,6,6,TCACGGATGGAGACGCGTGA,0,26337
TSS_1414_storz_regulondb,0.14285714285714285,6,6,TCACGGACACGCATTTAACC,0,28511
TSS_1414_storz_regulondb,0.14285714285714285,6,6,TCACCGCTATTCTTAGTTGC,0,73394
TSS_1414_storz_regulondb,0.14285714285714285,6,6,TCAATTTAATTGTTTGCCAT,0,37497
TSS_1414_storz_regulondb,0.14285714285714285,6,6,TCAAGTGATAATAACGTCCT,0,20120
TSS_1414_storz_regulondb,0.14285714285714285,6,6,TCAAGTCAGAGAAGATCATC,0,50871
TSS_1414_storz_regulondb,0.14285714285714285,6,6,TCAAAATGGTGTTAGACATA,0,54752
TSS_1414_storz_regulondb,0.14285714285714285,6,6,TATTGCAACTCAATGATGAA,0,20698
TSS_1414_storz_regulondb,0.14285714285714285,6,6,TATTCTCCTAGGACTGAGAA,0,8024
TSS_1414_storz_regulondb,0.14285714285714285,6,6,TATTCATTCAGGCCCGGAAG,0,1732
TSS_1414_storz_regulondb,0.14285714285714285,6,6,TATGTTTGGGCCGATCTTGG,0,1726
TSS_1414_storz_regulondb,0.14285714285714285,6,6,TATGTACCCAGCAAAACGTG,0,12814
TSS_1414_storz_regulondb,0.14285714285714285,6,6,TATGGAGGTAACCCTCAGAT,0,70654
TSS_1414_storz_regulondb,0.14285714285714285,6,6,TATGCACGCTCGATCTACGT,0,13252
TSS_1414_storz_regulondb,0.14285714285714285,6,6,TATCTTGACAATGACTTTCA,0,8802
TSS_1414_storz_regulondb,0.14285714285714285,6,6,TATCTGCGGCAAATCAATAG,0,18756
TSS_1414_storz_regulondb,0.14285714285714285,6,6,TATCCTCGCATATGTGATTT,0,5591
TSS_1414_storz_regulondb,0.14285714285714285,6,6,TATATAGTTTCTCCTTATGG,0,57640
TSS_1414_storz_regulondb,0.14285714285714285,6,6,TATACCTGTCTTTGCACAAG,0,30145
TSS_1414_storz_regulondb,0.14285714285714285,6,6,TAGGTACAGACGCTTTGGTT,0,35227
TSS_1414_storz_regulondb,0.14285714285714285,6,6,TAGGTAATCACTCGCTCTTA,0,54887
TSS_1414_storz_regulondb,0.14285714285714285,6,6,TAGGGCTTGATTGGGGGGGG,0,22652
TSS_1414_storz_regulondb,0.14285714285714285,6,6,TAGGGCTCACCCGCTATCTA,0,80850
TSS_1414_storz_regulondb,0.14285714285714285,6,6,TAGGCTACACGCGACTGTTC,0,8436
TSS_1414_storz_regulondb,0.14285714285714285,6,6,TAGGCGGCCTTTGCAGTACA,0,11985
TSS_1414_storz_regulondb,0.14285714285714285,6,6,TAGGATAAAGGGTCTTTTGT,0,78740
TSS_1414_storz_regulondb,0.14285714285714285,6,6,TAGGACGGGTCATGGCCGTT,0,11330
TSS_1414_storz_regulondb,0.14285714285714285,6,6,TAGGAACGATGGCGTCCGTC,0,38395
TSS_1414_storz_regulondb,0.14285714285714285,6,6,TAGCTCGTGGACCCTTTATG,0,45653
TSS_1414_storz_regulondb,0.14285714285714285,6,6,TAGCGTCGAGTGTCGGACCT,0,33504
TSS_1414_storz_regulondb,0.14285714285714285,6,6,TAGCCTGGGACTGAGAGACC,0,77013
TSS_1414_storz_regulondb,0.14285714285714285,6,6,TAGCACCTCCATTTCCAGTA,0,80203
TSS_1414_storz_regulondb,0.14285714285714285,6,6,TAGCAACAATTTGGGATATG,0,74975
TSS_1414_storz_regulondb,0.14285714285714285,6,6,TAGATTTGATCACGTACCTA,0,28746
TSS_1414_storz_regulondb,0.14285714285714285,6,6,TAGATGGTTCAATAGATAGG,0,54500
TSS_1414_storz_regulondb,0.14285714285714285,6,6,TAGAAACGTGCCCGGGGATT,0,48162
TSS_1414_storz_regulondb,0.14285714285714285,6,6,TACTTTACGACTGTTCTGTT,0,36954
TSS_1414_storz_regulondb,0.14285714285714285,6,6,TACTTCCACGGTTCGTGTTC,0,7642
TSS_1414_storz_regulondb,0.14285714285714285,6,6,TACTAAAACTTTCTATCTGG,0,21724
TSS_1414_storz_regulondb,0.14285714285714285,6,6,TACGTCTAATGTATGCGTTC,0,26434
TSS_1414_storz_regulondb,0.14285714285714285,6,6,TACGATACTTTCGTCGCTAG,0,7142
TSS_1414_storz_regulondb,0.14285714285714285,6,6,TACCTTTCGGATTAAGGCAT,0,24852
TSS_1414_storz_regulondb,0.14285714285714285,6,6,TACCGTGCACCCGTGCATCA,0,44850
TSS_1414_storz_regulondb,0.14285714285714285,6,6,TACCGCGCATACGCCGCCAT,0,77561
TSS_1414_storz_regulondb,0.14285714285714285,6,6,TACCAGCCTCTTTCTGTCCA,0,76382
TSS_1414_storz_regulondb,0.14285714285714285,6,6,TACATGATATTGCGGAATTG,0,4560
TSS_1414_storz_regulondb,0.14285714285714285,6,6,TACATAAATGACGGAAATAT,0,79683
TSS_1414_storz_regulondb,0.14285714285714285,6,6,TAATCAAAGCTGTGAAGATC,0,33211
TSS_1414_storz_regulondb,0.14285714285714285,6,6,TAAGTTTAATCGCTCATGCA,0,77280
TSS_1414_storz_regulondb,0.14285714285714285,6,6,TAAGTTGGTCAGGAGTGGGA,0,45707
TSS_1414_storz_regulondb,0.14285714285714285,6,6,TAAGTGATCAATACAGACGA,0,18595
TSS_1414_storz_regulondb,0.14285714285714285,6,6,TAAGGCAACCGATGGTCTAC,0,33273
TSS_1414_storz_regulondb,0.14285714285714285,6,6,TAAGCAGACACCGGCGAGGT,0,67658
TSS_1414_storz_regulondb,0.14285714285714285,6,6,TAAGAGGGAATATGCGCTGG,0,58352
TSS_1414_storz_regulondb,0.14285714285714285,6,6,TAACTATCTAGAGGTGACCA,0,37042
TSS_1414_storz_regulondb,0.14285714285714285,6,6,TAACGTCCAACGTGAATTAC,0,78607
TSS_1414_storz_regulondb,0.14285714285714285,6,6,TAACGCGCCTAACCCATAGT,0,39372
TSS_1414_storz_regulondb,0.14285714285714285,6,6,TAACAGTACCGAGGGGGCAG,0,76315
TSS_1414_storz_regulondb,0.14285714285714285,6,6,TAACACAGTCTCTCGACGGA,0,31695
TSS_1414_storz_regulondb,0.14285714285714285,6,6,TAACAATCCAAACGGGCGAG,0,43671
TSS_1414_storz_regulondb,0.14285714285714285,6,6,TAAATCCCTCGGGAGGTCAA,0,19007
TSS_1414_storz_regulondb,0.14285714285714285,6,6,TAAATAGGACCCCCGGAAGT,0,80487
TSS_1414_storz_regulondb,0.14285714285714285,6,6,TAAATAGCACGGTACTTACC,0,53535
TSS_1414_storz_regulondb,0.14285714285714285,6,6,TAAACGCTGGCTTGTCAACA,0,60595
TSS_1414_storz_regulondb,0.14285714285714285,6,6,TAAACCCCCTTAATGCGTAT,0,77178
TSS_1414_storz_regulondb,0.14285714285714285,6,6,TAAAATTCGGGATAAAAGAG,0,22520
TSS_1414_storz_regulondb,0.14285714285714285,6,6,TAAAATTAGAAGGAGAGCAT,0,68822
TSS_1414_storz_regulondb,0.14285714285714285,6,6,TAAAAGTCGTGAGCGCATTA,0,10095
TSS_1414_storz_regulondb,0.14285714285714285,6,6,TAAAAAATAGCGAGGTACGA,0,30337
TSS_1414_storz_regulondb,0.14285714285714285,6,6,GTTTTCTCGGGGGTCAACTC,0,46514
TSS_1414_storz_regulondb,0.14285714285714285,6,6,GTTTTATTAAGTGAATAGCC,0,50688
TSS_1414_storz_regulondb,0.14285714285714285,6,6,GTTTGTAGTCAATCGGACTA,0,75001
TSS_1414_storz_regulondb,0.14285714285714285,6,6,GTTTCGTGGTCTCCCTCAAC,0,50193
TSS_1414_storz_regulondb,0.14285714285714285,6,6,GTTTCGCTGCCTGGTACCGG,0,7769
TSS_1414_storz_regulondb,0.14285714285714285,6,6,GTTTCCGTGCACCCTTTGGG,0,13306
TSS_1414_storz_regulondb,0.14285714285714285,6,6,GTTTCATTCTTTAGGCCGAA,0,66509
TSS_1414_storz_regulondb,0.14285714285714285,6,6,GTTTAAAGTCATCTGGGCTC,0,44376
TSS_1414_storz_regulondb,0.14285714285714285,6,6,GTTGTATCTCTGCCCGGCAT,0,33609
TSS_1414_storz_regulondb,0.14285714285714285,6,6,GTTGCCGTCCAAGCAATCAG,0,77152
TSS_1414_storz_regulondb,0.14285714285714285,6,6,GTTGATCTTCGTCATGGAGC,0,46114
TSS_1414_storz_regulondb,0.14285714285714285,6,6,GTTCTTAGCGCTCAAGGCTA,0,72255
TSS_1414_storz_regulondb,0.14285714285714285,6,6,GTTCTAATGGGTTACCATGG,0,34404
TSS_1414_storz_regulondb,0.14285714285714285,6,6,GTTCGGTACGTACTCTAATT,0,60757
TSS_1414_storz_regulondb,0.14285714285714285,6,6,GTTCCGTGAGTATCTCATTG,0,22585
TSS_1414_storz_regulondb,0.14285714285714285,6,6,GTTCCCACGACAACGGCCAG,0,34615
TSS_1414_storz_regulondb,0.14285714285714285,6,6,GTTCAATTGCTTTCTTCGAT,0,67047
TSS_1414_storz_regulondb,0.14285714285714285,6,6,GTTCAATTGATATCGCATCA,0,29530
TSS_1414_storz_regulondb,0.14285714285714285,6,6,GTTCAAGTTCTCGTAAGGTA,0,5998
TSS_1414_storz_regulondb,0.14285714285714285,6,6,GTTAGATATTCAGAGTTCAG,0,68630
TSS_1414_storz_regulondb,0.14285714285714285,6,6,GTTACTATGTATAAGCGGAA,0,49831
TSS_1414_storz_regulondb,0.14285714285714285,6,6,GTTACGTGCAGTCCCTTGCG,0,39155
TSS_1414_storz_regulondb,0.14285714285714285,6,6,GTGTGTCTTCCGGGCAACTG,0,76580
TSS_1414_storz_regulondb,0.14285714285714285,6,6,GTGGTGTCCAGAGAAGAGAG,0,17175
TSS_1414_storz_regulondb,0.14285714285714285,6,6,GTGGCTCGCCGAATTCGTTA,0,16168
TSS_1414_storz_regulondb,0.14285714285714285,6,6,GTGGAATGACCGAACGAGAT,0,20479
TSS_1414_storz_regulondb,0.14285714285714285,6,6,GTGCTACCAGAAGTTGGAGC,0,28196
TSS_1414_storz_regulondb,0.14285714285714285,6,6,GTGCGGTAGCACTTATGGGT,0,76204
TSS_1414_storz_regulondb,0.14285714285714285,6,6,GTGCGGGATATACGGCTGGA,0,55945
TSS_1414_storz_regulondb,0.14285714285714285,6,6,GTGCCGATCTATTGGGCGTA,0,69831
TSS_1414_storz_regulondb,0.14285714285714285,6,6,GTGCCCATCGACATGGGTAA,0,43125
TSS_1414_storz_regulondb,0.14285714285714285,6,6,GTGATTGGGGTTGGAGGGGG,0,46249
TSS_1414_storz_regulondb,0.14285714285714285,6,6,GTGATCATTGCACTGGTTCA,0,36593
TSS_1414_storz_regulondb,0.14285714285714285,6,6,GTGAGTATCCCGCCTTTAAC,0,76898
TSS_1414_storz_regulondb,0.14285714285714285,6,6,GTGAGAGGCAAAGTGTGAAA,0,67438
TSS_1414_storz_regulondb,0.14285714285714285,6,6,GTGAGAGCCAATGATTGTCG,0,32616
TSS_1414_storz_regulondb,0.14285714285714285,6,6,GTGAATATTGCCACCGAATT,0,22182
TSS_1414_storz_regulondb,0.14285714285714285,6,6,GTGAATAGGGTATTACAAAC,0,16948
TSS_1414_storz_regulondb,0.14285714285714285,6,6,GTGAACCCTCGGCATTTTTA,0,48389
TSS_1414_storz_regulondb,0.14285714285714285,6,6,GTCTGTTCTTTAGAGGCTGT,0,4902
TSS_1414_storz_regulondb,0.14285714285714285,6,6,GTCTGCAAACACGAAAGGAC,0,57663
TSS_1414_storz_regulondb,0.14285714285714285,6,6,GTCTACTGCTAGTACACCCA,0,19861
TSS_1414_storz_regulondb,0.14285714285714285,6,6,GTCTAAGGTGTATTCTGAGA,0,14632
TSS_1414_storz_regulondb,0.14285714285714285,6,6,GTCGTGTATCGTTCGCCCCT,0,48802
TSS_1414_storz_regulondb,0.14285714285714285,6,6,GTCGTGGATGCAGGCTTTTG,0,72520
TSS_1414_storz_regulondb,0.14285714285714285,6,6,GTCGGGGGAATTTCGGCCCC,0,44345
TSS_1414_storz_regulondb,0.14285714285714285,6,6,GTCGGAGCGCACGAGGCGAA,0,59957
TSS_1414_storz_regulondb,0.14285714285714285,6,6,GTCGGAGACACTGAAGAGTG,0,74191
TSS_1414_storz_regulondb,0.14285714285714285,6,6,GTCGCACTACAGATTGCTAT,0,29557
TSS_1414_storz_regulondb,0.14285714285714285,6,6,GTCCTATGCTTGGCCGTCAC,0,49818
TSS_1414_storz_regulondb,0.14285714285714285,6,6,GTCCGTGCTCGGTCCCAGGG,0,28118
TSS_1414_storz_regulondb,0.14285714285714285,6,6,GTCCGTCCGTCTCTAAGACT,0,37445
TSS_1414_storz_regulondb,0.14285714285714285,6,6,GTCCGCTAGGGAAACTCCCA,0,19873
TSS_1414_storz_regulondb,0.14285714285714285,6,6,GTCCGCCTCGGCTCTGCAAT,0,8373
TSS_1414_storz_regulondb,0.14285714285714285,6,6,GTCCCGCAAACACGAGATAT,0,55050
TSS_1414_storz_regulondb,0.14285714285714285,6,6,GTCCCACAAAGGCTTTTATC,0,15393
TSS_1414_storz_regulondb,0.14285714285714285,6,6,GTCCATTTTAGTGCCAGTTT,0,55400
TSS_1414_storz_regulondb,0.14285714285714285,6,6,GTCCACCACCGACACCCACT,0,42848
TSS_1414_storz_regulondb,0.14285714285714285,6,6,GTCATTATGAAGCGTATGAC,0,76649
TSS_1414_storz_regulondb,0.14285714285714285,6,6,GTCATGAGGAGCAATAGATG,0,68730
TSS_1414_storz_regulondb,0.14285714285714285,6,6,GTCATCTTTACATTAGGTGG,0,56430
TSS_1414_storz_regulondb,0.14285714285714285,6,6,GTCAGTAGCAATGATGTCGT,0,19552
TSS_1414_storz_regulondb,0.14285714285714285,6,6,GTCAGCTGGCTTCTCTATCT,0,52321
TSS_1414_storz_regulondb,0.14285714285714285,6,6,GTCAGATACTCGCGGGCCAG,0,24034
TSS_1414_storz_regulondb,0.14285714285714285,6,6,GTCAGAAGCTATCTCTGCGA,0,39742
TSS_1414_storz_regulondb,0.14285714285714285,6,6,GTCACGGAATCAGTTTCTTT,0,20704
TSS_1414_storz_regulondb,0.14285714285714285,6,6,GTCACGAGCAGTTTGCCAGT,0,14230
TSS_1414_storz_regulondb,0.14285714285714285,6,6,GTCAACATGAACTTCCGACC,0,16539
TSS_1414_storz_regulondb,0.14285714285714285,6,6,GTATTGTAAATAGCATCCAA,0,798
TSS_1414_storz_regulondb,0.14285714285714285,6,6,GTATTCTATCGGTACTCGCG,0,29866
TSS_1414_storz_regulondb,0.14285714285714285,6,6,GTATGGGGTGGTTGCAATGG,0,60060
TSS_1414_storz_regulondb,0.14285714285714285,6,6,GTATGGGGAAGAGCGGGGAT,0,30322
TSS_1414_storz_regulondb,0.14285714285714285,6,6,GTATGGCGATCAGGGGGTCA,0,36740
TSS_1414_storz_regulondb,0.14285714285714285,6,6,GTATGGCAACCGTCATATTG,0,51608
TSS_1414_storz_regulondb,0.14285714285714285,6,6,GTATGAATTGGCCTTACCAG,0,35121
TSS_1414_storz_regulondb,0.14285714285714285,6,6,GTATCCGTCTGACCACGTAC,0,66009
TSS_1414_storz_regulondb,0.14285714285714285,6,6,GTATATCTCAACTGAAGCTC,0,22982
TSS_1414_storz_regulondb,0.14285714285714285,6,6,GTATAGCTGTACAGATGAGT,0,32250
TSS_1414_storz_regulondb,0.14285714285714285,6,6,GTAGTTTCGGTGCGAGTCAG,0,26736
TSS_1414_storz_regulondb,0.14285714285714285,6,6,GTACTCATTTCGTTTCCGGC,0,72348
TSS_1414_storz_regulondb,0.14285714285714285,6,6,GTACGGCTACGTGGGTACCT,0,56840
TSS_1414_storz_regulondb,0.14285714285714285,6,6,GTACCCTTAGTGACATGTAA,0,14101
TSS_1414_storz_regulondb,0.14285714285714285,6,6,GTACCCTACGAACACACAGG,0,42716
TSS_1414_storz_regulondb,0.14285714285714285,6,6,GTACCAAGTCAATCTCTGCG,0,50365
TSS_1414_storz_regulondb,0.14285714285714285,6,6,GTACACTGGTAGATGTCGTC,0,22845
TSS_1414_storz_regulondb,0.14285714285714285,6,6,GTACAAGTCACACATAATTA,0,41691
TSS_1414_storz_regulondb,0.14285714285714285,6,6,GTAAGGGAGTACGTAGGCTG,0,58811
TSS_1414_storz_regulondb,0.14285714285714285,6,6,GTAAGCTTTCTTGGCACTTA,0,20822
TSS_1414_storz_regulondb,0.14285714285714285,6,6,GTAAGCAGGTTAGAGGGAAG,0,66184
TSS_1414_storz_regulondb,0.14285714285714285,6,6,GTAAGACCAACACGTCTTCG,0,12929
TSS_1414_storz_regulondb,0.14285714285714285,6,6,GTAACATGTTGGCACTACAG,0,32304
TSS_1414_storz_regulondb,0.14285714285714285,6,6,GGTTTCGTTGGGCTTAACTC,0,10456
TSS_1414_storz_regulondb,0.14285714285714285,6,6,GGTTTATTGCATAGATGCGT,0,11487
TSS_1414_storz_regulondb,0.14285714285714285,6,6,GGTTGCCCTGGATGCGAATC,0,46242
TSS_1414_storz_regulondb,0.14285714285714285,6,6,GGTTGATTGTGCTTATCTCG,0,50350
TSS_1414_storz_regulondb,0.14285714285714285,6,6,GGTTGATCAGGCCCAGACGA,0,64613
TSS_1414_storz_regulondb,0.14285714285714285,6,6,GGTTCGACTCTATCCCATTA,0,1668
TSS_1414_storz_regulondb,0.14285714285714285,6,6,GGTTATTCTAGAGTTTGGGG,0,73485
TSS_1414_storz_regulondb,0.14285714285714285,6,6,GGTTATTAGTGACTGGCAAA,0,44315
TSS_1414_storz_regulondb,0.14285714285714285,6,6,GGTTAGGGGGCAGAAAAGAC,0,16595
TSS_1414_storz_regulondb,0.14285714285714285,6,6,GGTGTATGGGAGGTTTGCCT,0,48655
TSS_1414_storz_regulondb,0.14285714285714285,6,6,GGTCTGTCGATCTGACTAGC,0,28345
TSS_1414_storz_regulondb,0.14285714285714285,6,6,GGTCCTTTCTCCCCAACCGG,0,31692
TSS_1414_storz_regulondb,0.14285714285714285,6,6,GGTCCGTGTTCGTCACGGAT,0,62390
TSS_1414_storz_regulondb,0.14285714285714285,6,6,GGTCAGCAGAAGCGTCTAAA,0,63510
TSS_1414_storz_regulondb,0.14285714285714285,6,6,GGTCAACCGGTGATCTTGTC,0,61741
TSS_1414_storz_regulondb,0.14285714285714285,6,6,GGTATTCACATATACCGTGT,0,4055
TSS_1414_storz_regulondb,0.14285714285714285,6,6,GGTATCCGGCCCCATTAGCC,0,53810
TSS_1414_storz_regulondb,0.14285714285714285,6,6,GGTAGTGAGCTTTCCCTATG,0,77272
TSS_1414_storz_regulondb,0.14285714285714285,6,6,GGTAGTATGAAGTTCAGTTC,0,55958
TSS_1414_storz_regulondb,0.14285714285714285,6,6,GGTAGCCGGGTGAATCTCCT,0,46549
TSS_1414_storz_regulondb,0.14285714285714285,6,6,GGTACTACATTAGGAGCGGC,0,79885
TSS_1414_storz_regulondb,0.14285714285714285,6,6,GGTACGCAACCCAAGGGGTT,0,21660
TSS_1414_storz_regulondb,0.14285714285714285,6,6,GGTAATACGGGGACCGTCTC,0,49615
TSS_1414_storz_regulondb,0.14285714285714285,6,6,GGTAACTTTTATTACGCGGA,0,75304
TSS_1414_storz_regulondb,0.14285714285714285,6,6,GGGTTCCAAGACGAAGAAAG,0,51622
TSS_1414_storz_regulondb,0.14285714285714285,6,6,GGGTGTGACAAGAGATGGTA,0,48404
TSS_1414_storz_regulondb,0.14285714285714285,6,6,GGGTGTCGTTCTGATCATCC,0,34238
TSS_1414_storz_regulondb,0.14285714285714285,6,6,GGGTGCGGATGTGTGTAAAG,0,71190
TSS_1414_storz_regulondb,0.14285714285714285,6,6,GGGTCTGAAGCTCTTACCAG,0,10923
TSS_1414_storz_regulondb,0.14285714285714285,6,6,GGGTCGCACGCAATACTAGG,0,62947
TSS_1414_storz_regulondb,0.14285714285714285,6,6,GGGTAGTTGGGGCTGCTGCG,0,58048
TSS_1414_storz_regulondb,0.14285714285714285,6,6,GGGGTGTTTCTCTAAGCATC,0,51681
TSS_1414_storz_regulondb,0.14285714285714285,6,6,GGGGTGTAACGGGGAAAAAT,0,71505
TSS_1414_storz_regulondb,0.14285714285714285,6,6,GGGGTATCTTGCTAGGTGCG,0,3573
TSS_1414_storz_regulondb,0.14285714285714285,6,6,GGGGGTTTATGATGGCGGAC,0,1042
TSS_1414_storz_regulondb,0.14285714285714285,6,6,GGGGGCGGCGGATGGATGCA,0,26947
TSS_1414_storz_regulondb,0.14285714285714285,6,6,GGGGCTGTGCATACACTATA,0,73626
TSS_1414_storz_regulondb,0.14285714285714285,6,6,GGGGATCCAAAGTGCGTAAA,0,16225
TSS_1414_storz_regulondb,0.14285714285714285,6,6,GGGGACGCCCTGGGTGCGGT,0,74963
TSS_1414_storz_regulondb,0.14285714285714285,6,6,GGGGAACCCTAAGAACCTTT,0,29900
TSS_1414_storz_regulondb,0.14285714285714285,6,6,GGGCTATGATGTCGATTGGA,0,12431
TSS_1414_storz_regulondb,0.14285714285714285,6,6,GGGCGTATACGCCGATATGA,0,36228
TSS_1414_storz_regulondb,0.14285714285714285,6,6,GGGCGAGTTTGGGGCCGTGT,0,56254
TSS_1414_storz_regulondb,0.14285714285714285,6,6,GGGCGACACGCCCCAGGTGA,0,69198
TSS_1414_storz_regulondb,0.14285714285714285,6,6,GGGCCTGCGGTGCCTTTTAA,0,13268
TSS_1414_storz_regulondb,0.14285714285714285,6,6,GGGCAAAGACTAACTGTTTA,0,5279
TSS_1414_storz_regulondb,0.14285714285714285,6,6,GGGATTTGGACCCGGTTAGA,0,44264
TSS_1414_storz_regulondb,0.14285714285714285,6,6,GGGATGGTTGCAGGGACTAG,0,75362
TSS_1414_storz_regulondb,0.14285714285714285,6,6,GGGATGGCACGGTCCAGCCA,0,1187
TSS_1414_storz_regulondb,0.14285714285714285,6,6,GGGAGCTGTAGCTCAATGCG,0,69340
TSS_1414_storz_regulondb,0.14285714285714285,6,6,GGGACTGAAAGCCGGCCATT,0,28656
TSS_1414_storz_regulondb,0.14285714285714285,6,6,GGGACACCGCCAAACGCCCG,0,24886
TSS_1414_storz_regulondb,0.14285714285714285,6,6,GGGAATGGGATCTCTCCACC,0,77735
TSS_1414_storz_regulondb,0.14285714285714285,6,6,GGGAAATACATCCGGGTCAC,0,37724
TSS_1414_storz_regulondb,0.14285714285714285,6,6,GGGAAAGTAAAGTATCCGAG,0,42361
TSS_1414_storz_regulondb,0.14285714285714285,6,6,GGCTTGTATTAATATCGCGC,0,41268
TSS_1414_storz_regulondb,0.14285714285714285,6,6,GGCTCTTCACAGACGTAGAG,0,57242
TSS_1414_storz_regulondb,0.14285714285714285,6,6,GGCTCATGATCGTGTCAGGA,0,38700
TSS_1414_storz_regulondb,0.14285714285714285,6,6,GGCGTCTCGTCTACCTCATT,0,31442
TSS_1414_storz_regulondb,0.14285714285714285,6,6,GGCGGTGCGTATAGAAAGTG,0,42090
TSS_1414_storz_regulondb,0.14285714285714285,6,6,GGCGGGGAATATTAGGCGAT,0,12658
TSS_1414_storz_regulondb,0.14285714285714285,6,6,GGCGGACACACTAGGACCAA,0,56273
TSS_1414_storz_regulondb,0.14285714285714285,6,6,GGCGACCACAGTTCTGCATC,0,15417
TSS_1414_storz_regulondb,0.14285714285714285,6,6,GGCCTCGACCGCTAAGCTCC,0,33331
TSS_1414_storz_regulondb,0.14285714285714285,6,6,GGCCGGACATCGATTTAGTC,0,72019
TSS_1414_storz_regulondb,0.14285714285714285,6,6,GGCCCTTGATCGGGCCATGC,0,7446
TSS_1414_storz_regulondb,0.14285714285714285,6,6,GGCCATAATTAGGTATGACT,0,18967
TSS_1414_storz_regulondb,0.14285714285714285,6,6,GGCCAGGATTTGGAAGGGTT,0,65999
TSS_1414_storz_regulondb,0.14285714285714285,6,6,GGCCACGGTGAGATACGGGC,0,47586
TSS_1414_storz_regulondb,0.14285714285714285,6,6,GGCATTATTCTACACGATTG,0,30920
TSS_1414_storz_regulondb,0.14285714285714285,6,6,GGCAGTGTCGCTTGTTTTGC,0,61301
TSS_1414_storz_regulondb,0.14285714285714285,6,6,GGCAGGCTAGCCATGGTCTT,0,13631
TSS_1414_storz_regulondb,0.14285714285714285,6,6,GGCACGGGATTATGTTCCCT,0,71695
TSS_1414_storz_regulondb,0.14285714285714285,6,6,GGCAAAACCATTATCTTCCA,0,53266
TSS_1414_storz_regulondb,0.14285714285714285,6,6,GGATTGGTGACCAATTCTTG,0,5549
TSS_1414_storz_regulondb,0.14285714285714285,6,6,GGATTATACTCTGCGTGTGT,0,29800
TSS_1414_storz_regulondb,0.14285714285714285,6,6,GGATTACGTCATGACCAGTT,0,74609
TSS_1414_storz_regulondb,0.14285714285714285,6,6,GGATGAGACCGGGCGGGAAG,0,12967
TSS_1414_storz_regulondb,0.14285714285714285,6,6,GGATCCGCGACGTTGTTCAC,0,48783
TSS_1414_storz_regulondb,0.14285714285714285,6,6,GGAGTTGCCTGATTTCCTTT,0,38581
TSS_1414_storz_regulondb,0.14285714285714285,6,6,GGAGTGGAGCTCTATGTAAA,0,52708
TSS_1414_storz_regulondb,0.14285714285714285,6,6,GGAGGTTCGTACACAGAGTT,0,18306
TSS_1414_storz_regulondb,0.14285714285714285,6,6,GGAGGTGATGTACCTAGTCG,0,27907
TSS_1414_storz_regulondb,0.14285714285714285,6,6,GGAGGGGTTGTTGAGCTGAG,0,41722
TSS_1414_storz_regulondb,0.14285714285714285,6,6,GGAGGCACTACGTTCGTTAA,0,41035
TSS_1414_storz_regulondb,0.14285714285714285,6,6,GGAGGATTCCTGTCTTCCGA,0,49438
TSS_1414_storz_regulondb,0.14285714285714285,6,6,GGAGCGGGTCTCGGGGTCTG,0,62724
TSS_1414_storz_regulondb,0.14285714285714285,6,6,GGAGCCGACTGTAGTATAAT,0,20560
TSS_1414_storz_regulondb,0.14285714285714285,6,6,GGAGAGTAACTTTTGTAACC,0,17934
TSS_1414_storz_regulondb,0.14285714285714285,6,6,GGAGAGAAGGCCCACACAAT,0,35762
TSS_1414_storz_regulondb,0.14285714285714285,6,6,GGACTTCAGATCCTAGGTCG,0,58585
TSS_1414_storz_regulondb,0.14285714285714285,6,6,GGACTGTCACATATATTGCC,0,67341
TSS_1414_storz_regulondb,0.14285714285714285,6,6,GGACTGGCACGAACTGTATG,0,45968
TSS_1414_storz_regulondb,0.14285714285714285,6,6,GGACTCGTTGCGTGTTGTGA,0,80669
TSS_1414_storz_regulondb,0.14285714285714285,6,6,GGACTCATTGATGATTTGGT,0,21399
TSS_1414_storz_regulondb,0.14285714285714285,6,6,GGACGATATTGCGACTTTTT,0,65404
TSS_1414_storz_regulondb,0.14285714285714285,6,6,GGACCATTACGATCGTTCTC,0,56649
TSS_1414_storz_regulondb,0.14285714285714285,6,6,GGACAAGCCGCGTACGGCAA,0,46449
TSS_1414_storz_regulondb,0.14285714285714285,6,6,GGAATATCCTTAGTTCGACT,0,41158
TSS_1414_storz_regulondb,0.14285714285714285,6,6,GGAAGGTTTGACGGTTTGGT,0,21599
TSS_1414_storz_regulondb,0.14285714285714285,6,6,GGAAAGTGGACCCAAATCAG,0,2083
TSS_1414_storz_regulondb,0.14285714285714285,6,6,GGAAAGAACGATGCACAACA,0,53405
TSS_1414_storz_regulondb,0.14285714285714285,6,6,GCTTTTTAAGTCCTAACTAT,0,16379
TSS_1414_storz_regulondb,0.14285714285714285,6,6,GCTTCTCCAGACCCATACGT,0,11638
TSS_1414_storz_regulondb,0.14285714285714285,6,6,GCTTCAGTCATCAGCGTGTT,0,62819
TSS_1414_storz_regulondb,0.14285714285714285,6,6,GCTTAGGACCCAGTCGAGTC,0,76371
TSS_1414_storz_regulondb,0.14285714285714285,6,6,GCTTAGCTTACTATCCTTTG,0,37515
TSS_1414_storz_regulondb,0.14285714285714285,6,6,GCTGTGTAGAGTATTCCGGG,0,51629
TSS_1414_storz_regulondb,0.14285714285714285,6,6,GCTGTATGTAGACATGAGAT,0,41511
TSS_1414_storz_regulondb,0.14285714285714285,6,6,GCTCTGACGGCTGGACCAAA,0,40217
TSS_1414_storz_regulondb,0.14285714285714285,6,6,GCTCTGACCCAACGTAGTAC,0,62124
TSS_1414_storz_regulondb,0.14285714285714285,6,6,GCTCTCACTGCCTCACGGAT,0,59300
TSS_1414_storz_regulondb,0.14285714285714285,6,6,GCTCTAGCCGCACTTAGTCT,0,22436
TSS_1414_storz_regulondb,0.14285714285714285,6,6,GCTCGTGCTACTGTTAGAAG,0,24781
TSS_1414_storz_regulondb,0.14285714285714285,6,6,GCTCGACTACCGCAGCTGTG,0,22336
TSS_1414_storz_regulondb,0.14285714285714285,6,6,GCTCCCTCACTGAGAACTAC,0,78388
TSS_1414_storz_regulondb,0.14285714285714285,6,6,GCTCAATGGATCCGGTTCAA,0,43264
TSS_1414_storz_regulondb,0.14285714285714285,6,6,GCTAGTGATGGTACGTCAGA,0,16578
TSS_1414_storz_regulondb,0.14285714285714285,6,6,GCTAGGACAGCGAACGACGT,0,19471
TSS_1414_storz_regulondb,0.14285714285714285,6,6,GCTAAGAATCGGCGAAGGGT,0,3157
TSS_1414_storz_regulondb,0.14285714285714285,6,6,GCGTTCAGTTTCGGGCCGTT,0,70467
TSS_1414_storz_regulondb,0.14285714285714285,6,6,GCGTTACATGACGTGTCAGG,0,55760
TSS_1414_storz_regulondb,0.14285714285714285,6,6,GCGTGCACAGCCAGGAAACC,0,31424
TSS_1414_storz_regulondb,0.14285714285714285,6,6,GCGTGAGTTTAATCCGACAA,0,60080
TSS_1414_storz_regulondb,0.14285714285714285,6,6,GCGTCAAAATTACCGGAGTT,0,69245
TSS_1414_storz_regulondb,0.14285714285714285,6,6,GCGTACCACGTCACTCTCTA,0,25362
TSS_1414_storz_regulondb,0.14285714285714285,6,6,GCGGGCGTGATACGACCGCC,0,61986
TSS_1414_storz_regulondb,0.14285714285714285,6,6,GCGGGATTCGGAGAGATTAA,0,6576
TSS_1414_storz_regulondb,0.14285714285714285,6,6,GCGGGACTCGCCTTGGTGCT,0,13794
TSS_1414_storz_regulondb,0.14285714285714285,6,6,GCGGGAACATCGTGGGCGTC,0,46073
TSS_1414_storz_regulondb,0.14285714285714285,6,6,GCGGAGTAGGTATCACTTAA,0,59907
TSS_1414_storz_regulondb,0.14285714285714285,6,6,GCGGAGAGTAACTTGCCTCC,0,69994
TSS_1414_storz_regulondb,0.14285714285714285,6,6,GCGGAAATCCCAGAACGCAG,0,78316
TSS_1414_storz_regulondb,0.14285714285714285,6,6,GCGCTTGCGGCGGGAGACGT,0,14638
TSS_1414_storz_regulondb,0.14285714285714285,6,6,GCGCTAACCGAGAATCTATA,0,58471
TSS_1414_storz_regulondb,0.14285714285714285,6,6,GCGCGTAGTGGTACTGTTCA,0,54061
TSS_1414_storz_regulondb,0.14285714285714285,6,6,GCGCAATTATCGTGGACGCA,0,69223
TSS_1414_storz_regulondb,0.14285714285714285,6,6,GCGCAAGGGTCCTTTCGTAC,0,50580
TSS_1414_storz_regulondb,0.14285714285714285,6,6,GCGATCATAAATGAGTATTT,0,52860
TSS_1414_storz_regulondb,0.14285714285714285,6,6,GCGAGTAACCTCAAAGATGT,0,74203
TSS_1414_storz_regulondb,0.14285714285714285,6,6,GCGAGGGGTCACCATCCGCG,0,21319
TSS_1414_storz_regulondb,0.14285714285714285,6,6,GCGAGATAATGTAGGCGCGG,0,7231
TSS_1414_storz_regulondb,0.14285714285714285,6,6,GCGACCGTGATCTTCCAATA,0,4742
TSS_1414_storz_regulondb,0.14285714285714285,6,6,GCCTTAGTATAGAGGTTCAC,0,45294
TSS_1414_storz_regulondb,0.14285714285714285,6,6,GCCTTAAGATCTCGCAATGT,0,5162
TSS_1414_storz_regulondb,0.14285714285714285,6,6,GCCTGTATGGAGGACTTTAG,0,59178
TSS_1414_storz_regulondb,0.14285714285714285,6,6,GCCTGGTCAGCCGTCGAGTC,0,51667
TSS_1414_storz_regulondb,0.14285714285714285,6,6,GCCTATATAAATTTCGGCTG,0,6207
TSS_1414_storz_regulondb,0.14285714285714285,6,6,GCCTAAGCCACCTCGGGTAT,0,31952
TSS_1414_storz_regulondb,0.14285714285714285,6,6,GCCGGGCGGTGAACAATGAC,0,39949
TSS_1414_storz_regulondb,0.14285714285714285,6,6,GCCGGCGTAATTAAAAGCAT,0,34662
TSS_1414_storz_regulondb,0.14285714285714285,6,6,GCCGCCAGATAAGAGGGAGT,0,31506
TSS_1414_storz_regulondb,0.14285714285714285,6,6,GCCGCATCTTGGTGAGTTTG,0,43576
TSS_1414_storz_regulondb,0.14285714285714285,6,6,GCCGACCCCGTCGCACGTGT,0,27018
TSS_1414_storz_regulondb,0.14285714285714285,6,6,GCCCTGTGGTAGCTAGGCTT,0,64610
TSS_1414_storz_regulondb,0.14285714285714285,6,6,GCCCTCAAGTTGGAATAATG,0,11965
TSS_1414_storz_regulondb,0.14285714285714285,6,6,GCCCCTAAGCGACGATAATA,0,64743
TSS_1414_storz_regulondb,0.14285714285714285,6,6,GCCCAGTGGCGCACAATTGA,0,464
TSS_1414_storz_regulondb,0.14285714285714285,6,6,GCCCAGTAAGCTAGCGACAA,0,59429
TSS_1414_storz_regulondb,0.14285714285714285,6,6,GCCCACGGAGGCTGACATAG,0,39832
TSS_1414_storz_regulondb,0.14285714285714285,6,6,GCCCACCTTCCGCGCCTGGT,0,53355
TSS_1414_storz_regulondb,0.14285714285714285,6,6,GCCAGCGCGGTTAACACCCT,0,51921
TSS_1414_storz_regulondb,0.14285714285714285,6,6,GCCACTAAGGCCGGTCCGAT,0,13470
TSS_1414_storz_regulondb,0.14285714285714285,6,6,GCATTTCCCGTCACCCAATC,0,52202
TSS_1414_storz_regulondb,0.14285714285714285,6,6,GCATTTAGAGAAAGTGCAGG,0,4899
TSS_1414_storz_regulondb,0.14285714285714285,6,6,GCATTCTTTTATTTAAGTTC,0,62462
TSS_1414_storz_regulondb,0.14285714285714285,6,6,GCATCTCCTCGTACACTAAC,0,68120
TSS_1414_storz_regulondb,0.14285714285714285,6,6,GCATCTATGGGTTGGAATAC,0,63214
TSS_1414_storz_regulondb,0.14285714285714285,6,6,GCATCCAACGTATTATGCGG,0,55
TSS_1414_storz_regulondb,0.14285714285714285,6,6,GCATATCCGGACTTACGATC,0,76984
TSS_1414_storz_regulondb,0.14285714285714285,6,6,GCATACTCAATCCGCGGGCG,0,3906
TSS_1414_storz_regulondb,0.14285714285714285,6,6,GCAGTCCCCTACAAGGTATA,0,60615
TSS_1414_storz_regulondb,0.14285714285714285,6,6,GCAGCTTTGCACCATCGCAT,0,53106
TSS_1414_storz_regulondb,0.14285714285714285,6,6,GCAGCGCTGTGCATCACAAG,0,77890
TSS_1414_storz_regulondb,0.14285714285714285,6,6,GCAGAGTATTAAGGCTGTTG,0,57473
TSS_1414_storz_regulondb,0.14285714285714285,6,6,GCAGAAAGCTCTAGTGCCAC,0,50411
TSS_1414_storz_regulondb,0.14285714285714285,6,6,GCACTCCTAAGGCATGAGCA,0,21871
TSS_1414_storz_regulondb,0.14285714285714285,6,6,GCACTCAGTCATAACTTGGT,0,19501
TSS_1414_storz_regulondb,0.14285714285714285,6,6,GCACGCTGTTTTTCCCCTTA,0,55086
TSS_1414_storz_regulondb,0.14285714285714285,6,6,GCAATCGTAGTAATGGAAGA,0,50047
TSS_1414_storz_regulondb,0.14285714285714285,6,6,GCAATCACGGAGAATGGCGA,0,19940
TSS_1414_storz_regulondb,0.14285714285714285,6,6,GCAATACGCGCGATGAAGGC,0,45252
TSS_1414_storz_regulondb,0.14285714285714285,6,6,GCAAGGCGGGAGGATACGGT,0,13173
TSS_1414_storz_regulondb,0.14285714285714285,6,6,GCAAGACACCAGCTGCTATT,0,13840
TSS_1414_storz_regulondb,0.14285714285714285,6,6,GCAACTCGGTTAAATCAATT,0,67003
TSS_1414_storz_regulondb,0.14285714285714285,6,6,GCAACGTACGGCAGGTACCC,0,4500
TSS_1414_storz_regulondb,0.14285714285714285,6,6,GCAAACAAAACCGGCAAGAT,0,80844
TSS_1414_storz_regulondb,0.14285714285714285,6,6,GATTGGAGTCCAGGCTCGGT,0,24066
TSS_1414_storz_regulondb,0.14285714285714285,6,6,GATTGCGTAAGCTGAAGACG,0,37510
TSS_1414_storz_regulondb,0.14285714285714285,6,6,GATTGCGATACCGGAAATCA,0,46618
TSS_1414_storz_regulondb,0.14285714285714285,6,6,GATTGCAAGGTCTCTGCACT,0,55901
TSS_1414_storz_regulondb,0.14285714285714285,6,6,GATTCGAGAAAGCGATTGGT,0,20035
TSS_1414_storz_regulondb,0.14285714285714285,6,6,GATTAGGCGTTGTCGCAATC,0,50962
TSS_1414_storz_regulondb,0.14285714285714285,6,6,GATGTTGGGATCGGTTATCA,0,9654
TSS_1414_storz_regulondb,0.14285714285714285,6,6,GATGTCCTTTTGAGATGTCT,0,8152
TSS_1414_storz_regulondb,0.14285714285714285,6,6,GATGGACCTTCAGGAGCGCT,0,54565
TSS_1414_storz_regulondb,0.14285714285714285,6,6,GATGGAAGCACCGCTGCCAT,0,68293
TSS_1414_storz_regulondb,0.14285714285714285,6,6,GATGATTTCTTACCCTATCC,0,37530
TSS_1414_storz_regulondb,0.14285714285714285,6,6,GATGATTAAGAGTATTCAAT,0,30617
TSS_1414_storz_regulondb,0.14285714285714285,6,6,GATGACTGTGCAACCGTTAC,0,68392
TSS_1414_storz_regulondb,0.14285714285714285,6,6,GATGACCTTGCTAGTTTATT,0,35563
TSS_1414_storz_regulondb,0.14285714285714285,6,6,GATCGCTCTAGCACAAAAGA,0,74212
TSS_1414_storz_regulondb,0.14285714285714285,6,6,GATCGAGTCATCCTTACCTT,0,63756
TSS_1414_storz_regulondb,0.14285714285714285,6,6,GATCCGGCCTCTTTTTGGCA,0,40859
TSS_1414_storz_regulondb,0.14285714285714285,6,6,GATCCAGGCTGTCAGGCTAC,0,41381
TSS_1414_storz_regulondb,0.14285714285714285,6,6,GATCACCTGTCGTAGTGTTG,0,18267
TSS_1414_storz_regulondb,0.14285714285714285,6,6,GATATGAACTGAGCCTCTAG,0,5133
TSS_1414_storz_regulondb,0.14285714285714285,6,6,GATAGTCATGCCTAGGAACA,0,10628
TSS_1414_storz_regulondb,0.14285714285714285,6,6,GATACATGTTTTGAGATACA,0,43508
TSS_1414_storz_regulondb,0.14285714285714285,6,6,GATACATCACTCTGCTGTGT,0,35103
TSS_1414_storz_regulondb,0.14285714285714285,6,6,GATAAGGCCCACTCACCGGG,0,3207
TSS_1414_storz_regulondb,0.14285714285714285,6,6,GAGTTTTAGCAATCTTAGCC,0,62340
TSS_1414_storz_regulondb,0.14285714285714285,6,6,GAGTTCTAATGTACCTATCA,0,79359
TSS_1414_storz_regulondb,0.14285714285714285,6,6,GAGTGCCCTCATATTGCCCA,0,11982
TSS_1414_storz_regulondb,0.14285714285714285,6,6,GAGTGACACCAATTGGATCA,0,40574
TSS_1414_storz_regulondb,0.14285714285714285,6,6,GAGTCCTATTCCGAGTTGGT,0,5634
TSS_1414_storz_regulondb,0.14285714285714285,6,6,GAGTATAGGGTACACATCAA,0,41538
TSS_1414_storz_regulondb,0.14285714285714285,6,6,GAGTAGTCAAATGCGAGCGG,0,55031
TSS_1414_storz_regulondb,0.14285714285714285,6,6,GAGGTTAGTGAAAACGTCTA,0,66168
TSS_1414_storz_regulondb,0.14285714285714285,6,6,GAGGCCCCTCCATCCCGAGA,0,59644
TSS_1414_storz_regulondb,0.14285714285714285,6,6,GAGGATACAGCTTTACTCGG,0,38029
TSS_1414_storz_regulondb,0.14285714285714285,6,6,GAGCGCTGGCTCCACCCCCA,0,51185
TSS_1414_storz_regulondb,0.14285714285714285,6,6,GAGCCTAGGACTCCGGTCTT,0,49937
TSS_1414_storz_regulondb,0.14285714285714285,6,6,GAGCCTAAACTGTACGACCA,0,35076
TSS_1414_storz_regulondb,0.14285714285714285,6,6,GAGCCCTAAGTGACGTCGGC,0,51705
TSS_1414_storz_regulondb,0.14285714285714285,6,6,GAGATGAAGCGTTCTAACCA,0,80006
TSS_1414_storz_regulondb,0.14285714285714285,6,6,GAGACTCTGATCAAGCACTA,0,27125
TSS_1414_storz_regulondb,0.14285714285714285,6,6,GAGACACCCTGATTGAGTGA,0,59951
TSS_1414_storz_regulondb,0.14285714285714285,6,6,GACTGCGAAAATCGTCTACT,0,11514
TSS_1414_storz_regulondb,0.14285714285714285,6,6,GACTCCGATATGGGGGACAA,0,6260
TSS_1414_storz_regulondb,0.14285714285714285,6,6,GACGAAATATACTAATTAGA,0,79572
TSS_1414_storz_regulondb,0.14285714285714285,6,6,GACCTTTGTGCCGCGTCTGC,0,69732
TSS_1414_storz_regulondb,0.14285714285714285,6,6,GACCTTGCGCAAGCCGAGTT,0,53907
TSS_1414_storz_regulondb,0.14285714285714285,6,6,GACCTCGGAATCTGCGAAAT,0,65766
TSS_1414_storz_regulondb,0.14285714285714285,6,6,GACCGTAAAGGGGCAAGAGG,0,19586
TSS_1414_storz_regulondb,0.14285714285714285,6,6,GACCGGTGCTCAAGGTTAAA,0,54487
TSS_1414_storz_regulondb,0.14285714285714285,6,6,GACCGCGTGCACCTACACGT,0,998
TSS_1414_storz_regulondb,0.14285714285714285,6,6,GACCGAGGCACAAGTTACGA,0,8462
TSS_1414_storz_regulondb,0.14285714285714285,6,6,GACCCCGACAAGTTCGAAGT,0,66313
TSS_1414_storz_regulondb,0.14285714285714285,6,6,GACCCACGGGGAGGCCTTTT,0,56750
TSS_1414_storz_regulondb,0.14285714285714285,6,6,GACCACGCGACATAGGTGGA,0,65470
TSS_1414_storz_regulondb,0.14285714285714285,6,6,GACATCCAATTGCCTGCGCT,0,57891
TSS_1414_storz_regulondb,0.14285714285714285,6,6,GACAGCCACGTCTTCCGGGT,0,2158
TSS_1414_storz_regulondb,0.14285714285714285,6,6,GACAGCATCAACAGCCCCTT,0,44378
TSS_1414_storz_regulondb,0.14285714285714285,6,6,GACACTTCTTAACCCTGCAC,0,28068
TSS_1414_storz_regulondb,0.14285714285714285,6,6,GAATTGCTACACCAGAATTT,0,48325
TSS_1414_storz_regulondb,0.14285714285714285,6,6,GAATGCCTCGGCAGAACGTA,0,67965
TSS_1414_storz_regulondb,0.14285714285714285,6,6,GAATATGTCCAGGTGATGGT,0,64485
TSS_1414_storz_regulondb,0.14285714285714285,6,6,GAATATCCTGATTTAATCTT,0,11560
TSS_1414_storz_regulondb,0.14285714285714285,6,6,GAATAGCTCCCTTGAGAAAT,0,70283
TSS_1414_storz_regulondb,0.14285714285714285,6,6,GAATAGCCCTTTAAGGTACG,0,605
TSS_1414_storz_regulondb,0.14285714285714285,6,6,GAATACAGCTTCACTAGGCA,0,115
TSS_1414_storz_regulondb,0.14285714285714285,6,6,GAAGTCTATTAACATTTGTT,0,70305
TSS_1414_storz_regulondb,0.14285714285714285,6,6,GAAGGAGAAAGTACGTTCGA,0,10285
TSS_1414_storz_regulondb,0.14285714285714285,6,6,GAAGCCTGCGTACAAGGTTT,0,44292
TSS_1414_storz_regulondb,0.14285714285714285,6,6,GAAGCCCAAGAGGAACGGGT,0,13424
TSS_1414_storz_regulondb,0.14285714285714285,6,6,GAAGACTTATAACTTAATTC,0,26382
TSS_1414_storz_regulondb,0.14285714285714285,6,6,GAACCGTTCGTCATTTATGG,0,63517
TSS_1414_storz_regulondb,0.14285714285714285,6,6,GAACCATATGTTTTTAGTCC,0,49012
TSS_1414_storz_regulondb,0.14285714285714285,6,6,GAACAGGTGTAATTATGAGT,0,76343
TSS_1414_storz_regulondb,0.14285714285714285,6,6,GAACAATTTGATGAATTGAG,0,9815
TSS_1414_storz_regulondb,0.14285714285714285,6,6,GAAATTATACCTAGGAATTT,0,19225
TSS_1414_storz_regulondb,0.14285714285714285,6,6,GAAAGTGTCAGAGAATGTTG,0,13599
TSS_1414_storz_regulondb,0.14285714285714285,6,6,GAAAGTGGGAGCCTGGCTTT,0,41640
TSS_1414_storz_regulondb,0.14285714285714285,6,6,GAAAGCTTACACCTCGTCGC,0,52020
TSS_1414_storz_regulondb,0.14285714285714285,6,6,GAAAGACATGTAGAAGCGTA,0,23338
TSS_1414_storz_regulondb,0.14285714285714285,6,6,GAAACTAAGGTTAAACCAGA,0,48328
TSS_1414_storz_regulondb,0.14285714285714285,6,6,GAAAAGTGTGTGAAATAGGA,0,12218
TSS_1414_storz_regulondb,0.14285714285714285,6,6,CTTTTATTCTTGAGAAATTC,0,59492
TSS_1414_storz_regulondb,0.14285714285714285,6,6,CTTTTAGTTTATGGCTTAAT,0,37677
TSS_1414_storz_regulondb,0.14285714285714285,6,6,CTTTGTCTCTATCCTGGTAT,0,32576
TSS_1414_storz_regulondb,0.14285714285714285,6,6,CTTTGCGCAACGCAGAGATT,0,68704
TSS_1414_storz_regulondb,0.14285714285714285,6,6,CTTTGCATTCATTTTACGTC,0,67879
TSS_1414_storz_regulondb,0.14285714285714285,6,6,CTTTCAGTTGCGGTAGGGGT,0,72903
TSS_1414_storz_regulondb,0.14285714285714285,6,6,CTTTCACCATCGTGCAGTAA,0,37970
TSS_1414_storz_regulondb,0.14285714285714285,6,6,CTTTAGAGTAATTATACATA,0,13606
TSS_1414_storz_regulondb,0.14285714285714285,6,6,CTTGTCGTAGTTGACGTTAC,0,42825
TSS_1414_storz_regulondb,0.14285714285714285,6,6,CTTGTATCCGGCCGTCGCTT,0,70771
TSS_1414_storz_regulondb,0.14285714285714285,6,6,CTTGTAGCGGGGTGCCATCG,0,15724
TSS_1414_storz_regulondb,0.14285714285714285,6,6,CTTGGGGAAGATTTATTGCG,0,64833
TSS_1414_storz_regulondb,0.14285714285714285,6,6,CTTGGCAGCGAAGACCAGTG,0,13474
TSS_1414_storz_regulondb,0.14285714285714285,6,6,CTTGCTGACGCCTTTGGCAT,0,76923
TSS_1414_storz_regulondb,0.14285714285714285,6,6,CTTGCGTGAGGCGTGTAAAA,0,43308
TSS_1414_storz_regulondb,0.14285714285714285,6,6,CTTCTTTAGAGGCACACGAT,0,23849
TSS_1414_storz_regulondb,0.14285714285714285,6,6,CTTCGCCAAGCGTTACATTG,0,71317
TSS_1414_storz_regulondb,0.14285714285714285,6,6,CTTCCTGCCCGGCTGAATAA,0,57311
TSS_1414_storz_regulondb,0.14285714285714285,6,6,CTTCCTACTACGGGAGAGCC,0,45448
TSS_1414_storz_regulondb,0.14285714285714285,6,6,CTTCATGGGGTGTCTATTGG,0,53799
TSS_1414_storz_regulondb,0.14285714285714285,6,6,CTTCAGGTATGAACCCGCGG,0,59123
TSS_1414_storz_regulondb,0.14285714285714285,6,6,CTTCAGGCATTAAGGGCTGT,0,11261
TSS_1414_storz_regulondb,0.14285714285714285,6,6,CTTATGCACGGCACCACTAT,0,13197
TSS_1414_storz_regulondb,0.14285714285714285,6,6,CTTATCCGTCAGCAACACCA,0,57287
TSS_1414_storz_regulondb,0.14285714285714285,6,6,CTTAGTAAGCTTATTGGTTC,0,164
TSS_1414_storz_regulondb,0.14285714285714285,6,6,CTTACTCGAGGTAGTTGCGG,0,11629
TSS_1414_storz_regulondb,0.14285714285714285,6,6,CTTACTAGCTACAGGGATCA,0,574
TSS_1414_storz_regulondb,0.14285714285714285,6,6,CTTACCACGTGATGTCAGCT,0,58474
TSS_1414_storz_regulondb,0.14285714285714285,6,6,CTTAAGTAGGGTTCATTTAA,0,26600
TSS_1414_storz_regulondb,0.14285714285714285,6,6,CTTAACCTGGCTACCACACA,0,14753
TSS_1414_storz_regulondb,0.14285714285714285,6,6,CTTAAAAGTCTAATACCAGA,0,37578
TSS_1414_storz_regulondb,0.14285714285714285,6,6,CTTAAAAGCGCTGTCGGAAT,0,49102
TSS_1414_storz_regulondb,0.14285714285714285,6,6,CTGTTGAGGCCGTCAAGTAT,0,18
TSS_1414_storz_regulondb,0.14285714285714285,6,6,CTGTGGCGGTACGAGTACCA,0,59321
TSS_1414_storz_regulondb,0.14285714285714285,6,6,CTGTGCGGAGTAGGCCTCGG,0,4596
TSS_1414_storz_regulondb,0.14285714285714285,6,6,CTGTGATTTCGTTTATGGGG,0,27687
TSS_1414_storz_regulondb,0.14285714285714285,6,6,CTGTATGGAATCAGTGCGTT,0,69128
TSS_1414_storz_regulondb,0.14285714285714285,6,6,CTGTATGACCTAATGATTAT,0,72039
TSS_1414_storz_regulondb,0.14285714285714285,6,6,CTGGTTTGATCGGCGGCAAC,0,46392
TSS_1414_storz_regulondb,0.14285714285714285,6,6,CTGGTGGGTCGTGTACCAAT,0,40790
TSS_1414_storz_regulondb,0.14285714285714285,6,6,CTGGGTGGTAGTGGATACAT,0,8556
TSS_1414_storz_regulondb,0.14285714285714285,6,6,CTGGGGCTAACTAGATCGGG,0,16520
TSS_1414_storz_regulondb,0.14285714285714285,6,6,CTGGGCTTACCTCTCTAGGT,0,56621
TSS_1414_storz_regulondb,0.14285714285714285,6,6,CTGGCTTTCAGGTGCGGTCT,0,28284
TSS_1414_storz_regulondb,0.14285714285714285,6,6,CTGGCTTAGGGTTAGGAGAG,0,23360
TSS_1414_storz_regulondb,0.14285714285714285,6,6,CTGGCGGGTCGCACGGTGAT,0,76526
TSS_1414_storz_regulondb,0.14285714285714285,6,6,CTGGCGGGACATGCTGTTTG,0,74390
TSS_1414_storz_regulondb,0.14285714285714285,6,6,CTGGCCGTTCCCTGAACGCA,0,81105
TSS_1414_storz_regulondb,0.14285714285714285,6,6,CTGGCCCCATCCGCCGTTGT,0,14216
TSS_1414_storz_regulondb,0.14285714285714285,6,6,CTGGAGGGAGGGCCTGAATC,0,79305
TSS_1414_storz_regulondb,0.14285714285714285,6,6,CTGGAAAGACACTAAGTCCT,0,38567
TSS_1414_storz_regulondb,0.14285714285714285,6,6,CTGCTATGGACCAAATGGGA,0,12464
TSS_1414_storz_regulondb,0.14285714285714285,6,6,CTGCGTTCCTGGTTAGAGCT,0,50854
TSS_1414_storz_regulondb,0.14285714285714285,6,6,CTGCGGTACCATTGAATCCA,0,18311
TSS_1414_storz_regulondb,0.14285714285714285,6,6,CTGCATAGGCGACAGCGCAT,0,68481
TSS_1414_storz_regulondb,0.14285714285714285,6,6,CTGCAGATGTACGATCCGGG,0,6899
TSS_1414_storz_regulondb,0.14285714285714285,6,6,CTGCAACATGATTTGTATGC,0,78108
TSS_1414_storz_regulondb,0.14285714285714285,6,6,CTGAGGCTGTCGTGCGTCAA,0,27219
TSS_1414_storz_regulondb,0.14285714285714285,6,6,CTGAGCCATTTTATATAACT,0,33796
TSS_1414_storz_regulondb,0.14285714285714285,6,6,CTGAGAGGCGCGGCCCCTCG,0,58341
TSS_1414_storz_regulondb,0.14285714285714285,6,6,CTGAGAACTAGCTTGTAGTT,0,3245
TSS_1414_storz_regulondb,0.14285714285714285,6,6,CTGACCGCCAGCCTCTCGCT,0,10060
TSS_1414_storz_regulondb,0.14285714285714285,6,6,CTGAAGTCGATTAGGGGGGC,0,9904
TSS_1414_storz_regulondb,0.14285714285714285,6,6,CTCTTCACGTTAGAGTAGTT,0,13220
TSS_1414_storz_regulondb,0.14285714285714285,6,6,CTCTCTGTTGTTAAAAGAAA,0,42354
TSS_1414_storz_regulondb,0.14285714285714285,6,6,CTCTATTACTGATAGCCAGT,0,41910
TSS_1414_storz_regulondb,0.14285714285714285,6,6,CTCTATTACCCTTTGATGTC,0,61856
TSS_1414_storz_regulondb,0.14285714285714285,6,6,CTCTATCTCGCGGGTTCAGG,0,16436
TSS_1414_storz_regulondb,0.14285714285714285,6,6,CTCGGAGTAGCCCTAAATGT,0,52185
TSS_1414_storz_regulondb,0.14285714285714285,6,6,CTCGCTTTGCAACTCTGCTA,0,32274
TSS_1414_storz_regulondb,0.14285714285714285,6,6,CTCGCATTCAGTGTTTGTGG,0,33061
TSS_1414_storz_regulondb,0.14285714285714285,6,6,CTCCGGGTCCCGTCTAACCC,0,17709
TSS_1414_storz_regulondb,0.14285714285714285,6,6,CTCCATTGGGTCGATTATAA,0,28319
TSS_1414_storz_regulondb,0.14285714285714285,6,6,CTCATGGGAGCGCACCACAG,0,34701
TSS_1414_storz_regulondb,0.14285714285714285,6,6,CTCAATGTTCCCGCGTTGGA,0,23964
TSS_1414_storz_regulondb,0.14285714285714285,6,6,CTCAAGCGGAATATGAGAGC,0,62813
TSS_1414_storz_regulondb,0.14285714285714285,6,6,CTATTTGACATCACAGGGTT,0,49389
TSS_1414_storz_regulondb,0.14285714285714285,6,6,CTATGTCCATTGAGTACCGA,0,49353
TSS_1414_storz_regulondb,0.14285714285714285,6,6,CTATGGAGAAGTCTCACTCC,0,17782
TSS_1414_storz_regulondb,0.14285714285714285,6,6,CTATAGCAAACAACCCGGTA,0,29678
TSS_1414_storz_regulondb,0.14285714285714285,6,6,CTATACGGGAGCCGGTCCGT,0,33936
TSS_1414_storz_regulondb,0.14285714285714285,6,6,CTATAACGTGGCGTTCAGCC,0,48781
TSS_1414_storz_regulondb,0.14285714285714285,6,6,CTAGTTGAGTGTTACAGTAC,0,1721
TSS_1414_storz_regulondb,0.14285714285714285,6,6,CTAGCTAGCTACTTGTCGTA,0,26952
TSS_1414_storz_regulondb,0.14285714285714285,6,6,CTAGAGCCGACCCACAATTA,0,17907
TSS_1414_storz_regulondb,0.14285714285714285,6,6,CTAGACACATATTCCCGGGT,0,34355
TSS_1414_storz_regulondb,0.14285714285714285,6,6,CTACTGATTTTAAAGGCCCT,0,26133
TSS_1414_storz_regulondb,0.14285714285714285,6,6,CTAATTTCGTTACCATCCTG,0,53130
TSS_1414_storz_regulondb,0.14285714285714285,6,6,CTAAGGACCGCTGACCATAT,0,7258
TSS_1414_storz_regulondb,0.14285714285714285,6,6,CTAACAGGGAGGACGGCAAG,0,60535
TSS_1414_storz_regulondb,0.14285714285714285,6,6,CTAAATGATGACACCCGAGA,0,34366
TSS_1414_storz_regulondb,0.14285714285714285,6,6,CTAAACTCCGTCAGATTTAC,0,21075
TSS_1414_storz_regulondb,0.14285714285714285,6,6,CGTTTGTCTTACCCTAGACG,0,67125
TSS_1414_storz_regulondb,0.14285714285714285,6,6,CGTTGGTTGTCGTAAGCGGG,0,48236
TSS_1414_storz_regulondb,0.14285714285714285,6,6,CGTTCCTCTGACTCGGCTGG,0,65318
TSS_1414_storz_regulondb,0.14285714285714285,6,6,CGTTCCACAGTTGCCGCGGA,0,44542
TSS_1414_storz_regulondb,0.14285714285714285,6,6,CGTTATGTAATGGGGTCGCT,0,66994
TSS_1414_storz_regulondb,0.14285714285714285,6,6,CGTGTATATCCATCTGTAAG,0,17161
TSS_1414_storz_regulondb,0.14285714285714285,6,6,CGTGGGTTTAAACAGGAAAT,0,23581
TSS_1414_storz_regulondb,0.14285714285714285,6,6,CGTGGCCCCAGTTGTAGGCC,0,7236
TSS_1414_storz_regulondb,0.14285714285714285,6,6,CGTGGATTTTAAGTCGTGGC,0,8131
TSS_1414_storz_regulondb,0.14285714285714285,6,6,CGTGCGTTGATCCGGATGAT,0,10407
TSS_1414_storz_regulondb,0.14285714285714285,6,6,CGTGACTGAGAACATATGTA,0,69203
TSS_1414_storz_regulondb,0.14285714285714285,6,6,CGTGACGCGCTACAGCAAAA,0,35701
TSS_1414_storz_regulondb,0.14285714285714285,6,6,CGTCTGCTGACTGGGGTCTG,0,4182
TSS_1414_storz_regulondb,0.14285714285714285,6,6,CGTCGGTTCGCTTGGCATTA,0,65598
TSS_1414_storz_regulondb,0.14285714285714285,6,6,CGTCGAGTCATGATCTTCTA,0,30390
TSS_1414_storz_regulondb,0.14285714285714285,6,6,CGTCCGTGAGCGTACGCTTC,0,6441
TSS_1414_storz_regulondb,0.14285714285714285,6,6,CGTCCCCGTATAATTTCTGT,0,66901
TSS_1414_storz_regulondb,0.14285714285714285,6,6,CGTCCAGGACATATCCAAGG,0,9432
TSS_1414_storz_regulondb,0.14285714285714285,6,6,CGTCATGGCCCTGTGACATA,0,68205
TSS_1414_storz_regulondb,0.14285714285714285,6,6,CGTCAGTGGCGATAAAGTGC,0,1804
TSS_1414_storz_regulondb,0.14285714285714285,6,6,CGTAGCCACGATGGTATGCG,0,59261
TSS_1414_storz_regulondb,0.14285714285714285,6,6,CGTAGAGTGCTATTCATTGA,0,61676
TSS_1414_storz_regulondb,0.14285714285714285,6,6,CGGTTACAAGTAAGCAATTT,0,66663
TSS_1414_storz_regulondb,0.14285714285714285,6,6,CGGTGAAATCTAGAGCATTG,0,23728
TSS_1414_storz_regulondb,0.14285714285714285,6,6,CGGTCGGCATCGCGGGCGTC,0,70669
TSS_1414_storz_regulondb,0.14285714285714285,6,6,CGGTCATCCAAGATCACATT,0,67434
TSS_1414_storz_regulondb,0.14285714285714285,6,6,CGGTAACCAAACGTGCGCTC,0,45447
TSS_1414_storz_regulondb,0.14285714285714285,6,6,CGGGTCGTAGCCTGGAAAAA,0,3626
TSS_1414_storz_regulondb,0.14285714285714285,6,6,CGGGTACATCAGAAACTGGA,0,37537
TSS_1414_storz_regulondb,0.14285714285714285,6,6,CGGGGTCTCGGTCATGGCGG,0,68421
TSS_1414_storz_regulondb,0.14285714285714285,6,6,CGGGGATAGTTCTTGAGATT,0,50051
TSS_1414_storz_regulondb,0.14285714285714285,6,6,CGGGCTCCTCTGGTCAATTC,0,71836
TSS_1414_storz_regulondb,0.14285714285714285,6,6,CGGGCGCGGCCCTCAAGAGA,0,37643
TSS_1414_storz_regulondb,0.14285714285714285,6,6,CGGGATAATGGCACCTCCAA,0,1645
TSS_1414_storz_regulondb,0.14285714285714285,6,6,CGGGAGCTACTAGCGTATCT,0,63390
TSS_1414_storz_regulondb,0.14285714285714285,6,6,CGGGAATTTCCGCAACAGCG,0,26824
TSS_1414_storz_regulondb,0.14285714285714285,6,6,CGGCTGTCAGATCCTTCTGT,0,55311
TSS_1414_storz_regulondb,0.14285714285714285,6,6,CGGCTGTAGGCTATTCGCAT,0,24125
TSS_1414_storz_regulondb,0.14285714285714285,6,6,CGGCGCTGTCTCCTTACTTC,0,60544
TSS_1414_storz_regulondb,0.14285714285714285,6,6,CGGCCTCTTTAAGGGCCTTT,0,20134
TSS_1414_storz_regulondb,0.14285714285714285,6,6,CGGCCGATCATATCCCATTT,0,78382
TSS_1414_storz_regulondb,0.14285714285714285,6,6,CGGCAGGTCGTATCTAAAAC,0,61059
TSS_1414_storz_regulondb,0.14285714285714285,6,6,CGGCAATGCGCTAGCAGCGT,0,80286
TSS_1414_storz_regulondb,0.14285714285714285,6,6,CGGATTTATAGCGTTCATAA,0,13116
TSS_1414_storz_regulondb,0.14285714285714285,6,6,CGGATGTCTCTATTCCGACC,0,26235
TSS_1414_storz_regulondb,0.14285714285714285,6,6,CGGAGTAAAGAAGGCGCCAT,0,3315
TSS_1414_storz_regulondb,0.14285714285714285,6,6,CGGAGGGGCGCCGGAGACGT,0,7500
TSS_1414_storz_regulondb,0.14285714285714285,6,6,CGGAGACTGCGACATTCACT,0,38787
TSS_1414_storz_regulondb,0.14285714285714285,6,6,CGGAGAACTTCGTACTCTCT,0,66507
TSS_1414_storz_regulondb,0.14285714285714285,6,6,CGGAGAACCGCACTGAGCTA,0,52503
TSS_1414_storz_regulondb,0.14285714285714285,6,6,CGGACATGATAGTGTTAGCA,0,13113
TSS_1414_storz_regulondb,0.14285714285714285,6,6,CGGAAAGTGGAATCGACTTA,0,56000
TSS_1414_storz_regulondb,0.14285714285714285,6,6,CGCTTCATGATACTATTCAG,0,75916
TSS_1414_storz_regulondb,0.14285714285714285,6,6,CGCTTCAAATCACAAGAAAC,0,59995
TSS_1414_storz_regulondb,0.14285714285714285,6,6,CGCTGTCCATGAGATAGTTG,0,44362
TSS_1414_storz_regulondb,0.14285714285714285,6,6,CGCTCTTACGCGTCTCTTGT,0,48467
TSS_1414_storz_regulondb,0.14285714285714285,6,6,CGCTCATCAGGCAGGCCTCG,0,71698
TSS_1414_storz_regulondb,0.14285714285714285,6,6,CGCGTGGTACATCGTTGGGT,0,44248
TSS_1414_storz_regulondb,0.14285714285714285,6,6,CGCGTGGGCTGACTCCCCTG,0,31311
TSS_1414_storz_regulondb,0.14285714285714285,6,6,CGCGGTCCGTTAACCGCTAA,0,4986
TSS_1414_storz_regulondb,0.14285714285714285,6,6,CGCGGCCATCGCGGTCCTCG,0,74871
TSS_1414_storz_regulondb,0.14285714285714285,6,6,CGCGGAGCGGGGCTTTCTGG,0,42212
TSS_1414_storz_regulondb,0.14285714285714285,6,6,CGCGCCCCCTGTTCAGTCCA,0,54266
TSS_1414_storz_regulondb,0.14285714285714285,6,6,CGCCTCGAACCGCTGCGTAT,0,69179
TSS_1414_storz_regulondb,0.14285714285714285,6,6,CGCCGTAACCAGAATTAACT,0,30341
TSS_1414_storz_regulondb,0.14285714285714285,6,6,CGCATCTGGCATCGTGTCCC,0,47659
TSS_1414_storz_regulondb,0.14285714285714285,6,6,CGCAAGCGAAACGGGTTAGC,0,9190
TSS_1414_storz_regulondb,0.14285714285714285,6,6,CGCAAGAATCACCTGGGAGC,0,48658
TSS_1414_storz_regulondb,0.14285714285714285,6,6,CGCAAACTTTGCTCGTATCA,0,35166
TSS_1414_storz_regulondb,0.14285714285714285,6,6,CGATTCGTGAGTGTGTGTTG,0,50095
TSS_1414_storz_regulondb,0.14285714285714285,6,6,CGATTACTTATATCAAAAGT,0,71266
TSS_1414_storz_regulondb,0.14285714285714285,6,6,CGATGGTCCAACGGGACTTA,0,34962
TSS_1414_storz_regulondb,0.14285714285714285,6,6,CGAGTCTGCCACACCGTAAT,0,46002
TSS_1414_storz_regulondb,0.14285714285714285,6,6,CGAGCTGCCTGTCATTGAGT,0,13496
TSS_1414_storz_regulondb,0.14285714285714285,6,6,CGAGATTAGAAAGGTTGTGT,0,48349
TSS_1414_storz_regulondb,0.14285714285714285,6,6,CGACTTGGCGACAACTAATT,0,80276
TSS_1414_storz_regulondb,0.14285714285714285,6,6,CGACGGACACGTAGCGAGAG,0,10486
TSS_1414_storz_regulondb,0.14285714285714285,6,6,CGACCCAGCTGGCGTATACG,0,76186
TSS_1414_storz_regulondb,0.14285714285714285,6,6,CGACATGGAATTGCCTACTA,0,77344
TSS_1414_storz_regulondb,0.14285714285714285,6,6,CGAATTCAGGGCTTTTGGGG,0,46156
TSS_1414_storz_regulondb,0.14285714285714285,6,6,CGAATTAGCGCGATCGTCCA,0,10769
TSS_1414_storz_regulondb,0.14285714285714285,6,6,CGAACTGCCTACAGTCGTTC,0,65882
TSS_1414_storz_regulondb,0.14285714285714285,6,6,CGAACGACCGCATTAGTCAA,0,80981
TSS_1414_storz_regulondb,0.14285714285714285,6,6,CCTTTTGGACGATTGTAAGA,0,24050
TSS_1414_storz_regulondb,0.14285714285714285,6,6,CCTTTATCCCACGGAACGAT,0,18987
TSS_1414_storz_regulondb,0.14285714285714285,6,6,CCTTGTCCCCGGTTTCTCAA,0,33616
TSS_1414_storz_regulondb,0.14285714285714285,6,6,CCTTGGTACTAACGTGTAGA,0,14460
TSS_1414_storz_regulondb,0.14285714285714285,6,6,CCTTCTGATGGCGGTTATGT,0,81030
TSS_1414_storz_regulondb,0.14285714285714285,6,6,CCTTAGCAGGTCCTTTAGGT,0,72248
TSS_1414_storz_regulondb,0.14285714285714285,6,6,CCTTAGACCCGGTTTCTGGA,0,24563
TSS_1414_storz_regulondb,0.14285714285714285,6,6,CCTTAACGTGAGCCCCGGCT,0,70105
TSS_1414_storz_regulondb,0.14285714285714285,6,6,CCTGTTGACCTGACCCAGAG,0,78939
TSS_1414_storz_regulondb,0.14285714285714285,6,6,CCTGGGGTCCAACCATACGA,0,28767
TSS_1414_storz_regulondb,0.14285714285714285,6,6,CCTGGGCGGGTTTCGGAGAG,0,76893
TSS_1414_storz_regulondb,0.14285714285714285,6,6,CCTGGCAATTTCAGTTCATA,0,37021
TSS_1414_storz_regulondb,0.14285714285714285,6,6,CCTGAGACTGCTAAAATACA,0,36993
TSS_1414_storz_regulondb,0.14285714285714285,6,6,CCTGACCGTGTAGACCCAGT,0,25051
TSS_1414_storz_regulondb,0.14285714285714285,6,6,CCTCTGGGGCAATAATGTCG,0,51624
TSS_1414_storz_regulondb,0.14285714285714285,6,6,CCTATAGTACTCAGATCCCT,0,9924
TSS_1414_storz_regulondb,0.14285714285714285,6,6,CCTAGGGTTGACGATTATTG,0,49401
TSS_1414_storz_regulondb,0.14285714285714285,6,6,CCGTTGGCTTGTTTACCTAA,0,50493
TSS_1414_storz_regulondb,0.14285714285714285,6,6,CCGTTCAGCAAGTATACCTA,0,27722
TSS_1414_storz_regulondb,0.14285714285714285,6,6,CCGTGTGTTTCAATACGGAT,0,76569
TSS_1414_storz_regulondb,0.14285714285714285,6,6,CCGGTTTGAGTCCGCGTTTT,0,3641
TSS_1414_storz_regulondb,0.14285714285714285,6,6,CCGGTGTTACTAGATCAGAT,0,76959
TSS_1414_storz_regulondb,0.14285714285714285,6,6,CCGGGTGCCGCTTTACAGAA,0,3156
TSS_1414_storz_regulondb,0.14285714285714285,6,6,CCGGGATGACTGTGGCTACA,0,4401
TSS_1414_storz_regulondb,0.14285714285714285,6,6,CCGGCGTCATGTATCAGCGA,0,43842
TSS_1414_storz_regulondb,0.14285714285714285,6,6,CCGGCCTTCAATATTGCAGC,0,57754
TSS_1414_storz_regulondb,0.14285714285714285,6,6,CCGCTCAGCGTGATCGTTAA,0,9231
TSS_1414_storz_regulondb,0.14285714285714285,6,6,CCGCTAGCGCCCCCGTTTAT,0,3532
TSS_1414_storz_regulondb,0.14285714285714285,6,6,CCGCGGACATCCCAAATATC,0,27274
TSS_1414_storz_regulondb,0.14285714285714285,6,6,CCGCGGAAAGCGTACGTGAT,0,36824
TSS_1414_storz_regulondb,0.14285714285714285,6,6,CCGCGAGTCAACCATGTAAT,0,54989
TSS_1414_storz_regulondb,0.14285714285714285,6,6,CCGCAGGGAAGTCACATACA,0,64171
TSS_1414_storz_regulondb,0.14285714285714285,6,6,CCGCACTATGTCAAATTACC,0,29656
TSS_1414_storz_regulondb,0.14285714285714285,6,6,CCGATCCGGGTGTGAATTAT,0,12531
TSS_1414_storz_regulondb,0.14285714285714285,6,6,CCGATCCCGCTGGGGACAGA,0,38704
TSS_1414_storz_regulondb,0.14285714285714285,6,6,CCGATACTTTGTCAGTCTGC,0,1513
TSS_1414_storz_regulondb,0.14285714285714285,6,6,CCGAGGAGCAGTTCGGGAGT,0,2234
TSS_1414_storz_regulondb,0.14285714285714285,6,6,CCGAGCTCCAAAATAGGTTA,0,3100
TSS_1414_storz_regulondb,0.14285714285714285,6,6,CCGAGCGCCCGTTTACGCTT,0,3247
TSS_1414_storz_regulondb,0.14285714285714285,6,6,CCGAAGGTGTGCCTACGCTA,0,10976
TSS_1414_storz_regulondb,0.14285714285714285,6,6,CCGAAATACGGTAGAGACAG,0,4787
TSS_1414_storz_regulondb,0.14285714285714285,6,6,CCCTTTTGGGAATTCCCTTT,0,36650
TSS_1414_storz_regulondb,0.14285714285714285,6,6,CCCTTCGTCGCATCTTTATG,0,32457
TSS_1414_storz_regulondb,0.14285714285714285,6,6,CCCTGCATGCGGATGCTGTC,0,4131
TSS_1414_storz_regulondb,0.14285714285714285,6,6,CCCTCTTCATACTTCTATAT,0,56516
TSS_1414_storz_regulondb,0.14285714285714285,6,6,CCCTCTGTGTCCGCAAATGC,0,17254
TSS_1414_storz_regulondb,0.14285714285714285,6,6,CCCTCTACCGACCTCTAAGT,0,21923
TSS_1414_storz_regulondb,0.14285714285714285,6,6,CCCTAACTGACACTTTTCGT,0,45296
TSS_1414_storz_regulondb,0.14285714285714285,6,6,CCCGTGTAGTACTTGAACTC,0,17987
TSS_1414_storz_regulondb,0.14285714285714285,6,6,CCCGTGGGCATGTCCTAGGC,0,63298
TSS_1414_storz_regulondb,0.14285714285714285,6,6,CCCGTCCCCGGCCCGATTAA,0,67127
TSS_1414_storz_regulondb,0.14285714285714285,6,6,CCCGTACAATACCTGCGGGT,0,73059
TSS_1414_storz_regulondb,0.14285714285714285,6,6,CCCCGTCGCATCATCCGTAG,0,43989
TSS_1414_storz_regulondb,0.14285714285714285,6,6,CCCCGGCCCTTGTACAAGTA,0,39963
TSS_1414_storz_regulondb,0.14285714285714285,6,6,CCCCGCTGTGGGCAAATAAT,0,15115
TSS_1414_storz_regulondb,0.14285714285714285,6,6,CCCCATACTTGTACGTGTGT,0,52430
TSS_1414_storz_regulondb,0.14285714285714285,6,6,CCCCACTCTCTATCATGTTT,0,9621
TSS_1414_storz_regulondb,0.14285714285714285,6,6,CCCCACAGCGCGATATCATT,0,49575
TSS_1414_storz_regulondb,0.14285714285714285,6,6,CCCATGAATCCCAAACATAG,0,31378
TSS_1414_storz_regulondb,0.14285714285714285,6,6,CCCAGGAGCAAGTAGAGTAT,0,48503
TSS_1414_storz_regulondb,0.14285714285714285,6,6,CCCACGCGAGGGGTCTGGTG,0,57255
TSS_1414_storz_regulondb,0.14285714285714285,6,6,CCCAATTGGGATCTTGCGCG,0,71824
TSS_1414_storz_regulondb,0.14285714285714285,6,6,CCATTTAGCAGACAGGAAAA,0,55307
TSS_1414_storz_regulondb,0.14285714285714285,6,6,CCATTATGCTTGTACCACAA,0,33186
TSS_1414_storz_regulondb,0.14285714285714285,6,6,CCATTAGCTACTAAGCCGCA,0,42307
TSS_1414_storz_regulondb,0.14285714285714285,6,6,CCATGTGGTCACCATTCTGG,0,11496
TSS_1414_storz_regulondb,0.14285714285714285,6,6,CCATGGCATATGTCGTCCGT,0,62869
TSS_1414_storz_regulondb,0.14285714285714285,6,6,CCATCCGGTATCCGAAGTTG,0,71494
TSS_1414_storz_regulondb,0.14285714285714285,6,6,CCATAGGGAAAAGAATTTAC,0,80390
TSS_1414_storz_regulondb,0.14285714285714285,6,6,CCATAAGGCTCTTCCCGATC,0,36842
TSS_1414_storz_regulondb,0.14285714285714285,6,6,CCAGTTTGGAGGTAGGATGC,0,28649
TSS_1414_storz_regulondb,0.14285714285714285,6,6,CCAGTGGATAGGTACGTGGC,0,72885
TSS_1414_storz_regulondb,0.14285714285714285,6,6,CCAGGAGGGCAGGCAAATAC,0,52059
TSS_1414_storz_regulondb,0.14285714285714285,6,6,CCAGGACGGACACCAAGAGC,0,80083
TSS_1414_storz_regulondb,0.14285714285714285,6,6,CCAGGAACGGTTCGGCAGCT,0,43461
TSS_1414_storz_regulondb,0.14285714285714285,6,6,CCAGCCCCCGGAATTTATAT,0,22099
TSS_1414_storz_regulondb,0.14285714285714285,6,6,CCAGCCAGTAGTCCGACTTG,0,46687
TSS_1414_storz_regulondb,0.14285714285714285,6,6,CCACGGTATAAAACAACCAG,0,73526
TSS_1414_storz_regulondb,0.14285714285714285,6,6,CCACAGCAAACGTTTACTGG,0,9025
TSS_1414_storz_regulondb,0.14285714285714285,6,6,CCAATCCGTGGGTCCACTTG,0,2975
TSS_1414_storz_regulondb,0.14285714285714285,6,6,CCAACAACTTAACTGAGCTA,0,23064
TSS_1414_storz_regulondb,0.14285714285714285,6,6,CATTTCTAATGCCATACCGT,0,53837
TSS_1414_storz_regulondb,0.14285714285714285,6,6,CATTTCCTGTAGCTCTTACG,0,22829
TSS_1414_storz_regulondb,0.14285714285714285,6,6,CATTGTTTTCTCCAGTATAG,0,8668
TSS_1414_storz_regulondb,0.14285714285714285,6,6,CATTGCTTAATCACTCGTGG,0,72055
TSS_1414_storz_regulondb,0.14285714285714285,6,6,CATTGCCTTTACGACAATTT,0,77351
TSS_1414_storz_regulondb,0.14285714285714285,6,6,CATTCGGCCATTATCCAAGC,0,37050
TSS_1414_storz_regulondb,0.14285714285714285,6,6,CATTCCCATGGATTGAGGAA,0,3933
TSS_1414_storz_regulondb,0.14285714285714285,6,6,CATTCATATGGCTGCAACAT,0,35028
TSS_1414_storz_regulondb,0.14285714285714285,6,6,CATGTGAGGAATCGGCACGT,0,51239
TSS_1414_storz_regulondb,0.14285714285714285,6,6,CATGTACTTATGTGATAGTC,0,30112
TSS_1414_storz_regulondb,0.14285714285714285,6,6,CATGCCTAAGAATTCTTAAT,0,15875
TSS_1414_storz_regulondb,0.14285714285714285,6,6,CATGCAGCGTTCGGTGCATT,0,6033
TSS_1414_storz_regulondb,0.14285714285714285,6,6,CATGATTTACTTCGAGGACG,0,61089
TSS_1414_storz_regulondb,0.14285714285714285,6,6,CATCGTATCACCAAAAGCAC,0,35181
TSS_1414_storz_regulondb,0.14285714285714285,6,6,CATCGGGCCTCTTAGGCGTA,0,61607
TSS_1414_storz_regulondb,0.14285714285714285,6,6,CATCGAAGAAGTAGTGGTCA,0,9082
TSS_1414_storz_regulondb,0.14285714285714285,6,6,CATATCGCTTCCGCAATCTC,0,28914
TSS_1414_storz_regulondb,0.14285714285714285,6,6,CATATAGGGTTTCCGGAATT,0,24409
TSS_1414_storz_regulondb,0.14285714285714285,6,6,CATATAACGGTGTTGCAGGA,0,9478
TSS_1414_storz_regulondb,0.14285714285714285,6,6,CATAGAAGTGGAAAGCATCT,0,16574
TSS_1414_storz_regulondb,0.14285714285714285,6,6,CATACTCACGCCTGGCATCG,0,13882
TSS_1414_storz_regulondb,0.14285714285714285,6,6,CATAATGCCATTCCTGTGAG,0,21930
TSS_1414_storz_regulondb,0.14285714285714285,6,6,CATAACAAAAAGTGCATTCC,0,73465
TSS_1414_storz_regulondb,0.14285714285714285,6,6,CAGTTTTTATTTATCACTAA,0,49138
TSS_1414_storz_regulondb,0.14285714285714285,6,6,CAGTTGGGTTCGTTCGGCTG,0,26637
TSS_1414_storz_regulondb,0.14285714285714285,6,6,CAGTGCGCTTGTGAACTGCA,0,74327
TSS_1414_storz_regulondb,0.14285714285714285,6,6,CAGGTCGATTTTTTACGCGT,0,9007
TSS_1414_storz_regulondb,0.14285714285714285,6,6,CAGGTATAACCCACACCCCC,0,10269
TSS_1414_storz_regulondb,0.14285714285714285,6,6,CAGGGTCACGGTCTGTAGTG,0,22376
TSS_1414_storz_regulondb,0.14285714285714285,6,6,CAGGGTACAGGAAGACGGAC,0,73530
TSS_1414_storz_regulondb,0.14285714285714285,6,6,CAGGCGATCTCGCAGTCGGC,0,69433
TSS_1414_storz_regulondb,0.14285714285714285,6,6,CAGGCACGGAGCCTGATAAC,0,24305
TSS_1414_storz_regulondb,0.14285714285714285,6,6,CAGGACTGTAATTGGGTGAG,0,34422
TSS_1414_storz_regulondb,0.14285714285714285,6,6,CAGGACCTAGGGCGGTGCAG,0,58298
TSS_1414_storz_regulondb,0.14285714285714285,6,6,CAGCGTACCCCAACGGTCTC,0,48903
TSS_1414_storz_regulondb,0.14285714285714285,6,6,CAGCACCCGGATGATAATGT,0,24458
TSS_1414_storz_regulondb,0.14285714285714285,6,6,CAGATACAGATAAGTCTATA,0,28922
TSS_1414_storz_regulondb,0.14285714285714285,6,6,CAGAGTCGCTCCCCCGAGGA,0,50652
TSS_1414_storz_regulondb,0.14285714285714285,6,6,CAGAGGTCATCACATGCCTG,0,57347
TSS_1414_storz_regulondb,0.14285714285714285,6,6,CAGACTTAAACCCTACATGA,0,35336
TSS_1414_storz_regulondb,0.14285714285714285,6,6,CAGACTCCGGGGTTCTGTCA,0,71531
TSS_1414_storz_regulondb,0.14285714285714285,6,6,CAGAATAGGACGAGACTTTG,0,18469
TSS_1414_storz_regulondb,0.14285714285714285,6,6,CACTCCTTAATTTGTATCTA,0,40953
TSS_1414_storz_regulondb,0.14285714285714285,6,6,CACTAATCAAATTTTATGAA,0,9652
TSS_1414_storz_regulondb,0.14285714285714285,6,6,CACGTACTATTCGCATGTAT,0,24467
TSS_1414_storz_regulondb,0.14285714285714285,6,6,CACGGACCCAGGGGAAAGTG,0,25576
TSS_1414_storz_regulondb,0.14285714285714285,6,6,CACGATCAGTTATGAACTTT,0,33787
TSS_1414_storz_regulondb,0.14285714285714285,6,6,CACGACAATACATGGGGAAC,0,58157
TSS_1414_storz_regulondb,0.14285714285714285,6,6,CACCTGCTTCTGGAACTCAA,0,23906
TSS_1414_storz_regulondb,0.14285714285714285,6,6,CACATGGATATATTCCCCCG,0,65257
TSS_1414_storz_regulondb,0.14285714285714285,6,6,CACATGACGTAAACAACGTA,0,72238
TSS_1414_storz_regulondb,0.14285714285714285,6,6,CACATCGTGCCAGCACTCGG,0,70078
TSS_1414_storz_regulondb,0.14285714285714285,6,6,CACATCGCGTAGTCTACGAC,0,54873
TSS_1414_storz_regulondb,0.14285714285714285,6,6,CACATACTGGGCGTTGTGCT,0,60563
TSS_1414_storz_regulondb,0.14285714285714285,6,6,CACATAACATTCTGAGTGCT,0,43147
TSS_1414_storz_regulondb,0.14285714285714285,6,6,CACAGCCGGGGGGGGCAATC,0,19801
TSS_1414_storz_regulondb,0.14285714285714285,6,6,CACAGAACGGTCTATTGTTT,0,74441
TSS_1414_storz_regulondb,0.14285714285714285,6,6,CACACCTAACGGTCGGGGAC,0,21028
TSS_1414_storz_regulondb,0.14285714285714285,6,6,CACAAGTTGGATATGTTCCT,0,21807
TSS_1414_storz_regulondb,0.14285714285714285,6,6,CACAAGATACCCGGCCACAC,0,72624
TSS_1414_storz_regulondb,0.14285714285714285,6,6,CACAAGAACTGGCCGTCGCA,0,31199
TSS_1414_storz_regulondb,0.14285714285714285,6,6,CACAAACCTATAGGAATAGG,0,68537
TSS_1414_storz_regulondb,0.14285714285714285,6,6,CAATTAAGTTTGCATATCTA,0,47584
TSS_1414_storz_regulondb,0.14285714285714285,6,6,CAAGTGGATACAAACGCCAA,0,78616
TSS_1414_storz_regulondb,0.14285714285714285,6,6,CAAGGGTAACCCACCGGGAG,0,15689
TSS_1414_storz_regulondb,0.14285714285714285,6,6,CAAGGGAAAATCGATTCGCC,0,79488
TSS_1414_storz_regulondb,0.14285714285714285,6,6,CAAGGCGAAAGTGATTGAAA,0,25486
TSS_1414_storz_regulondb,0.14285714285714285,6,6,CAAGGACCTCGTTACATATC,0,49144
TSS_1414_storz_regulondb,0.14285714285714285,6,6,CAAGATACGCCTCCTAATGG,0,75721
TSS_1414_storz_regulondb,0.14285714285714285,6,6,CAAGAGTCAAGGAGTGGGTG,0,50388
TSS_1414_storz_regulondb,0.14285714285714285,6,6,CAACTCAGCCAGGGCCTCTG,0,14194
TSS_1414_storz_regulondb,0.14285714285714285,6,6,CAACGTGCGACGCAGTTGCT,0,68140
TSS_1414_storz_regulondb,0.14285714285714285,6,6,CAACGACAGCCCGTCCATAA,0,6316
TSS_1414_storz_regulondb,0.14285714285714285,6,6,CAACCGGCTGCAGTAGTCAG,0,22611
TSS_1414_storz_regulondb,0.14285714285714285,6,6,CAACATGGTCGAACGAGATA,0,42593
TSS_1414_storz_regulondb,0.14285714285714285,6,6,CAAATCTTAGGATACTAACG,0,20814
TSS_1414_storz_regulondb,0.14285714285714285,6,6,CAAATACTGTCGGTCAAGGG,0,14841
TSS_1414_storz_regulondb,0.14285714285714285,6,6,CAAAGAAGAGGGGAGGATAG,0,15205
TSS_1414_storz_regulondb,0.14285714285714285,6,6,CAAACGCTGTAGTTCACGTC,0,73628
TSS_1414_storz_regulondb,0.14285714285714285,6,6,CAAAACGGTTCTGCCCTCGG,0,11151
TSS_1414_storz_regulondb,0.14285714285714285,6,6,ATTTTGAGACAAGTCGTTCG,0,37041
TSS_1414_storz_regulondb,0.14285714285714285,6,6,ATTTTCTTTTCATTCGACAC,0,13968
TSS_1414_storz_regulondb,0.14285714285714285,6,6,ATTTGGGTTAATCTTGGCTC,0,52618
TSS_1414_storz_regulondb,0.14285714285714285,6,6,ATTTGCTGCCTGGATTAGCC,0,1364
TSS_1414_storz_regulondb,0.14285714285714285,6,6,ATTTCGATTCGACTAACGTA,0,3240
TSS_1414_storz_regulondb,0.14285714285714285,6,6,ATTTCACATTCCTTCCGCGT,0,62495
TSS_1414_storz_regulondb,0.14285714285714285,6,6,ATTTAAGTCAGAGGGACCTG,0,21494
TSS_1414_storz_regulondb,0.14285714285714285,6,6,ATTTAAGACCCAGAGCGACA,0,179
TSS_1414_storz_regulondb,0.14285714285714285,6,6,ATTGGTTAAGGACACTGTGA,0,43353
TSS_1414_storz_regulondb,0.14285714285714285,6,6,ATTGGATCTGTGTAGGCAGC,0,3597
TSS_1414_storz_regulondb,0.14285714285714285,6,6,ATTCTTCTACTGAGCCCGGC,0,37429
TSS_1414_storz_regulondb,0.14285714285714285,6,6,ATTCTCTATAATTGACTTCC,0,44404
TSS_1414_storz_regulondb,0.14285714285714285,6,6,ATTCTCGTTCTGACTAAGTA,0,58359
TSS_1414_storz_regulondb,0.14285714285714285,6,6,ATTCGTAGACTTTGTGTCTG,0,29059
TSS_1414_storz_regulondb,0.14285714285714285,6,6,ATTATCAGACTTGTTACTTG,0,17875
TSS_1414_storz_regulondb,0.14285714285714285,6,6,ATTAGCAGCCCGGCCCCAAC,0,11846
TSS_1414_storz_regulondb,0.14285714285714285,6,6,ATTACACGTGTGACTTACCA,0,9431
TSS_1414_storz_regulondb,0.14285714285714285,6,6,ATTACACGGGTGGCACAACG,0,30272
TSS_1414_storz_regulondb,0.14285714285714285,6,6,ATTAAAACGACCTTTAATTC,0,16010
TSS_1414_storz_regulondb,0.14285714285714285,6,6,ATGTTACCTCGGCTAGGCGT,0,805
TSS_1414_storz_regulondb,0.14285714285714285,6,6,ATGTGCGTCAGTTCCAGTGC,0,67962
TSS_1414_storz_regulondb,0.14285714285714285,6,6,ATGTAAAGGTGGAAGGCATA,0,79302
TSS_1414_storz_regulondb,0.14285714285714285,6,6,ATGGTTGGTCCCACTCAAAC,0,15460
TSS_1414_storz_regulondb,0.14285714285714285,6,6,ATGGTTGATCTTGAATCAAG,0,25492
TSS_1414_storz_regulondb,0.14285714285714285,6,6,ATGGTTCTGGCGCCCCTCAT,0,58707
TSS_1414_storz_regulondb,0.14285714285714285,6,6,ATGGTGCCTAGCAACTGGAG,0,30150
TSS_1414_storz_regulondb,0.14285714285714285,6,6,ATGGTCGTAAGGAACCAGAG,0,17358
TSS_1414_storz_regulondb,0.14285714285714285,6,6,ATGGTCCATAAACCCTGGTG,0,9810
TSS_1414_storz_regulondb,0.14285714285714285,6,6,ATGGGGCCTTATAAAGGTAA,0,64997
TSS_1414_storz_regulondb,0.14285714285714285,6,6,ATGGGCGTACACTATCGACT,0,9276
TSS_1414_storz_regulondb,0.14285714285714285,6,6,ATGGCTTCATCATCCCCTCA,0,79005
TSS_1414_storz_regulondb,0.14285714285714285,6,6,ATGGCTCGTGTTCCCATCGT,0,33928
TSS_1414_storz_regulondb,0.14285714285714285,6,6,ATGGCATTCTGTACAAGATT,0,68795
TSS_1414_storz_regulondb,0.14285714285714285,6,6,ATGGATTCGGTGATAGCTCC,0,47810
TSS_1414_storz_regulondb,0.14285714285714285,6,6,ATGCGAGGGCCTCGCACGAG,0,62133
TSS_1414_storz_regulondb,0.14285714285714285,6,6,ATGCGAGAGAACTGACTTCC,0,56479
TSS_1414_storz_regulondb,0.14285714285714285,6,6,ATGCCGAAGTCCGCAACGTG,0,15016
TSS_1414_storz_regulondb,0.14285714285714285,6,6,ATGCCCGAGGCTCTACCTGC,0,75221
TSS_1414_storz_regulondb,0.14285714285714285,6,6,ATGATGGGCATGCTTTCATC,0,8011
TSS_1414_storz_regulondb,0.14285714285714285,6,6,ATGAGGCCGGTAGAGGATTG,0,63891
TSS_1414_storz_regulondb,0.14285714285714285,6,6,ATGAGGCCCTACAGATGGCA,0,54227
TSS_1414_storz_regulondb,0.14285714285714285,6,6,ATGAGAACCGCTTACTGGCC,0,30227
TSS_1414_storz_regulondb,0.14285714285714285,6,6,ATGAAGCAGACTACCCCCAT,0,14190
TSS_1414_storz_regulondb,0.14285714285714285,6,6,ATGAAGATTACATTTGAGTA,0,62527
TSS_1414_storz_regulondb,0.14285714285714285,6,6,ATCTTTTTCATAGTTTGTCC,0,22371
TSS_1414_storz_regulondb,0.14285714285714285,6,6,ATCTTTGCGAGCTTTCCGCG,0,35261
TSS_1414_storz_regulondb,0.14285714285714285,6,6,ATCTTTACACCTGCCGCGTA,0,12873
TSS_1414_storz_regulondb,0.14285714285714285,6,6,ATCTTTAAGCCTTAGCGCCA,0,58025
TSS_1414_storz_regulondb,0.14285714285714285,6,6,ATCTTGGCGCGCAGAACGTA,0,41452
TSS_1414_storz_regulondb,0.14285714285714285,6,6,ATCTTGACGAGCGCCGTAAA,0,3388
TSS_1414_storz_regulondb,0.14285714285714285,6,6,ATCTTCGGTTTCTAGAGCAG,0,51284
TSS_1414_storz_regulondb,0.14285714285714285,6,6,ATCTGTAGCACAAAAATAGT,0,40791
TSS_1414_storz_regulondb,0.14285714285714285,6,6,ATCTATGCCAGGGCTGGATA,0,11244
TSS_1414_storz_regulondb,0.14285714285714285,6,6,ATCTAAACATGTAATCTGAA,0,77839
TSS_1414_storz_regulondb,0.14285714285714285,6,6,ATCGTTATGTTCGAGCCAGT,0,77163
TSS_1414_storz_regulondb,0.14285714285714285,6,6,ATCGAAGTATTCGAACAGGT,0,79594
TSS_1414_storz_regulondb,0.14285714285714285,6,6,ATCCACGTCGAAAAAAGAGC,0,57166
TSS_1414_storz_regulondb,0.14285714285714285,6,6,ATCATCGTGAAGAACGGTGG,0,26060
TSS_1414_storz_regulondb,0.14285714285714285,6,6,ATCAGGCTGTGCACGGCGAA,0,69050
TSS_1414_storz_regulondb,0.14285714285714285,6,6,ATCAGATAAATTCCTGATTG,0,34547
TSS_1414_storz_regulondb,0.14285714285714285,6,6,ATCACTGGGGCGAGTATTAG,0,49931
TSS_1414_storz_regulondb,0.14285714285714285,6,6,ATATGCACAGCCTACGATGC,0,67072
TSS_1414_storz_regulondb,0.14285714285714285,6,6,ATATCGTATTTCACGTTTAT,0,13785
TSS_1414_storz_regulondb,0.14285714285714285,6,6,ATATAGCTGAGATAAATTGG,0,35552
TSS_1414_storz_regulondb,0.14285714285714285,6,6,ATATACATCCAGCCAGCGAT,0,14059
TSS_1414_storz_regulondb,0.14285714285714285,6,6,ATATAATGGTGAATCCCGTC,0,2490
TSS_1414_storz_regulondb,0.14285714285714285,6,6,ATAGTGTGTACTAAACCAAT,0,64511
TSS_1414_storz_regulondb,0.14285714285714285,6,6,ATAGGTAGAGATCCGGGCTC,0,13253
TSS_1414_storz_regulondb,0.14285714285714285,6,6,ATAGGGTGGAAGGGCCAATC,0,39197
TSS_1414_storz_regulondb,0.14285714285714285,6,6,ATAGGAAAATGCGGATGATC,0,26661
TSS_1414_storz_regulondb,0.14285714285714285,6,6,ATAGCGTGGAGAATATTGCC,0,61436
TSS_1414_storz_regulondb,0.14285714285714285,6,6,ATAGCCATCGACGGTGTGGC,0,34953
TSS_1414_storz_regulondb,0.14285714285714285,6,6,ATAGAGTAATGCCCGAGCAT,0,4511
TSS_1414_storz_regulondb,0.14285714285714285,6,6,ATAGAGCTCTTGGGTAGCCT,0,37869
TSS_1414_storz_regulondb,0.14285714285714285,6,6,ATAGACAAGGTGGTACTATA,0,28109
TSS_1414_storz_regulondb,0.14285714285714285,6,6,ATACGACCTCTGAAAGCATT,0,17941
TSS_1414_storz_regulondb,0.14285714285714285,6,6,ATACGAAGACCGCGTATTCC,0,17034
TSS_1414_storz_regulondb,0.14285714285714285,6,6,ATACCTGCGTATATGTGATA,0,30064
TSS_1414_storz_regulondb,0.14285714285714285,6,6,ATACCTACGGCATCAAACCC,0,28861
TSS_1414_storz_regulondb,0.14285714285714285,6,6,ATACATACCAGCTGGTACCA,0,52627
TSS_1414_storz_regulondb,0.14285714285714285,6,6,ATAATGTCTCGGCTATTAGC,0,59352
TSS_1414_storz_regulondb,0.14285714285714285,6,6,ATAATGAAGTTTTTGTCGGA,0,47154
TSS_1414_storz_regulondb,0.14285714285714285,6,6,ATAAGTTTGTCTTGATATGC,0,8681
TSS_1414_storz_regulondb,0.14285714285714285,6,6,ATAAGTCAGGCGGACTACTG,0,12402
TSS_1414_storz_regulondb,0.14285714285714285,6,6,ATAAGGCGTCATTCGTCGTG,0,35852
TSS_1414_storz_regulondb,0.14285714285714285,6,6,ATAACACTGCTCTACTTGGC,0,5120
TSS_1414_storz_regulondb,0.14285714285714285,6,6,ATAAACGGGGGTTGCAGTCT,0,24503
TSS_1414_storz_regulondb,0.14285714285714285,6,6,ATAAACGAGGTCGGGCACGT,0,50657
TSS_1414_storz_regulondb,0.14285714285714285,6,6,ATAAACCCGGGATTGAGGTG,0,72171
TSS_1414_storz_regulondb,0.14285714285714285,6,6,ATAAAAAGCATGCTATGAAT,0,33047
TSS_1414_storz_regulondb,0.14285714285714285,6,6,AGTTGGCCGTACCTAGCAAC,0,23535
TSS_1414_storz_regulondb,0.14285714285714285,6,6,AGTTGCAGCCAGAATTGGGC,0,12446
TSS_1414_storz_regulondb,0.14285714285714285,6,6,AGTTCCGTTCCTCTGTGACG,0,63095
TSS_1414_storz_regulondb,0.14285714285714285,6,6,AGTTCAAGGCTAGCCGCAGG,0,59225
TSS_1414_storz_regulondb,0.14285714285714285,6,6,AGTTAGCGCTAGTAACGTGA,0,12925
TSS_1414_storz_regulondb,0.14285714285714285,6,6,AGTGTTATTCATGGGTAGTA,0,69044
TSS_1414_storz_regulondb,0.14285714285714285,6,6,AGTGGTGCAACACAAGATAC,0,11636
TSS_1414_storz_regulondb,0.14285714285714285,6,6,AGTGGTCAGTATACGCGTCA,0,66952
TSS_1414_storz_regulondb,0.14285714285714285,6,6,AGTGGAAAGCTAATTTCATT,0,26067
TSS_1414_storz_regulondb,0.14285714285714285,6,6,AGTGCGGTGAATCTCCAAAA,0,39733
TSS_1414_storz_regulondb,0.14285714285714285,6,6,AGTGCGACTTCGAGCAAGAT,0,1863
TSS_1414_storz_regulondb,0.14285714285714285,6,6,AGTGATCGGCAGACGTGTAA,0,21294
TSS_1414_storz_regulondb,0.14285714285714285,6,6,AGTGACTAACAGCGATCCTG,0,22651
TSS_1414_storz_regulondb,0.14285714285714285,6,6,AGTCTGAGTAGACAAATTTC,0,18078
TSS_1414_storz_regulondb,0.14285714285714285,6,6,AGTCTACATGTGGGAAAAAG,0,61279
TSS_1414_storz_regulondb,0.14285714285714285,6,6,AGTCGATTAATGGGTAGATG,0,56036
TSS_1414_storz_regulondb,0.14285714285714285,6,6,AGTCGAATCCCGATAGGACT,0,73732
TSS_1414_storz_regulondb,0.14285714285714285,6,6,AGTCCGTCTACCCGCCATCG,0,49255
TSS_1414_storz_regulondb,0.14285714285714285,6,6,AGTCATAGTAAATGGGCGGA,0,9606
TSS_1414_storz_regulondb,0.14285714285714285,6,6,AGTCAGCATACGTGGTTTCC,0,474
TSS_1414_storz_regulondb,0.14285714285714285,6,6,AGTCAAGTCCCGGACGATAT,0,65395
TSS_1414_storz_regulondb,0.14285714285714285,6,6,AGTCAAGATTATCAGAATTC,0,68827
TSS_1414_storz_regulondb,0.14285714285714285,6,6,AGTACGGTGGAAGTCAAGTT,0,14102
TSS_1414_storz_regulondb,0.14285714285714285,6,6,AGGTTTCGTTCAACGTCGAA,0,40269
TSS_1414_storz_regulondb,0.14285714285714285,6,6,AGGTTAATATAGAGGACGCT,0,31070
TSS_1414_storz_regulondb,0.14285714285714285,6,6,AGGTGACCGTCCATCCACGA,0,17494
TSS_1414_storz_regulondb,0.14285714285714285,6,6,AGGTCCTCAGCTCCGGGGTT,0,19662
TSS_1414_storz_regulondb,0.14285714285714285,6,6,AGGTATCGTTCTCAGCTCTG,0,46425
TSS_1414_storz_regulondb,0.14285714285714285,6,6,AGGTAATTAATCCGTCCATA,0,77653
TSS_1414_storz_regulondb,0.14285714285714285,6,6,AGGGTGTCCATGATTAGGTA,0,53393
TSS_1414_storz_regulondb,0.14285714285714285,6,6,AGGGGTATCGTTACCTCGGG,0,64099
TSS_1414_storz_regulondb,0.14285714285714285,6,6,AGGGGGTGAAGACGGTGTTC,0,27781
TSS_1414_storz_regulondb,0.14285714285714285,6,6,AGGGCAAGTCAATCGTTCCT,0,17170
TSS_1414_storz_regulondb,0.14285714285714285,6,6,AGGCTTCGGTGTAGAGGCCT,0,3434
TSS_1414_storz_regulondb,0.14285714285714285,6,6,AGGCTTCGCTCAGCTAAATA,0,37045
TSS_1414_storz_regulondb,0.14285714285714285,6,6,AGGCGGTCTTTAGTCCTGAA,0,23479
TSS_1414_storz_regulondb,0.14285714285714285,6,6,AGGCCTAAGATTGTGGTCGG,0,27152
TSS_1414_storz_regulondb,0.14285714285714285,6,6,AGGCAGACCGAGCTTGTTTG,0,73299
TSS_1414_storz_regulondb,0.14285714285714285,6,6,AGGCACTGGGGAAGCGTACT,0,59355
TSS_1414_storz_regulondb,0.14285714285714285,6,6,AGGATTCGGCTGAAACATGT,0,13611
TSS_1414_storz_regulondb,0.14285714285714285,6,6,AGGACAGGAATTACTAAAGC,0,41015
TSS_1414_storz_regulondb,0.14285714285714285,6,6,AGCTTTAGCATAGCTAGCAG,0,49646
TSS_1414_storz_regulondb,0.14285714285714285,6,6,AGCTTGTCTTCTCCGGGTAT,0,66933
TSS_1414_storz_regulondb,0.14285714285714285,6,6,AGCTTAATGTCAAGGACGGG,0,50772
TSS_1414_storz_regulondb,0.14285714285714285,6,6,AGCTGCATCTCATCTGAAAG,0,8052
TSS_1414_storz_regulondb,0.14285714285714285,6,6,AGCTGAGGCTATTCTTTCAA,0,13964
TSS_1414_storz_regulondb,0.14285714285714285,6,6,AGCTCTCCGGGGATATTCTG,0,30823
TSS_1414_storz_regulondb,0.14285714285714285,6,6,AGCTACGCCGTACCGGCAGA,0,29982
TSS_1414_storz_regulondb,0.14285714285714285,6,6,AGCTAAGCCGTTGTCCCTCC,0,6632
TSS_1414_storz_regulondb,0.14285714285714285,6,6,AGCGTATGGCCCCCAAAATA,0,37205
TSS_1414_storz_regulondb,0.14285714285714285,6,6,AGCGCGGTGGGGGCTTCTCG,0,70087
TSS_1414_storz_regulondb,0.14285714285714285,6,6,AGCGATCGGTACGAACTGGC,0,56519
TSS_1414_storz_regulondb,0.14285714285714285,6,6,AGCCTTCGAGGGGTCTACCC,0,3561
TSS_1414_storz_regulondb,0.14285714285714285,6,6,AGCCTTACCGAGAACTCTAA,0,60188
TSS_1414_storz_regulondb,0.14285714285714285,6,6,AGCCTCAGTGGGCTGAGAAG,0,65676
TSS_1414_storz_regulondb,0.14285714285714285,6,6,AGCCGTTGTGAATCGTGTAA,0,35309
TSS_1414_storz_regulondb,0.14285714285714285,6,6,AGCCGCTCTCTAGCAGTTAT,0,33063
TSS_1414_storz_regulondb,0.14285714285714285,6,6,AGCCGCCGCCAGCACACTTT,0,43018
TSS_1414_storz_regulondb,0.14285714285714285,6,6,AGCCGAGATGTGTACGGACC,0,71748
TSS_1414_storz_regulondb,0.14285714285714285,6,6,AGCCCTAGCGGCACCGCCAA,0,44650
TSS_1414_storz_regulondb,0.14285714285714285,6,6,AGCATTTCAGACATAATACA,0,22331
TSS_1414_storz_regulondb,0.14285714285714285,6,6,AGCACTGTCGGTGTTTCCAA,0,62810
TSS_1414_storz_regulondb,0.14285714285714285,6,6,AGCACTAGAATCTAAATAAA,0,65007
TSS_1414_storz_regulondb,0.14285714285714285,6,6,AGCACCGTCAGCAGACGGGA,0,22209
TSS_1414_storz_regulondb,0.14285714285714285,6,6,AGCAAAAAAGAGGGCTGACA,0,12693
TSS_1414_storz_regulondb,0.14285714285714285,6,6,AGATTAGCAACCAGAGCGTC,0,25929
TSS_1414_storz_regulondb,0.14285714285714285,6,6,AGATGTTCCATCTGACTTGG,0,74260
TSS_1414_storz_regulondb,0.14285714285714285,6,6,AGATGGGGGAAGCGTGCCTA,0,1547
TSS_1414_storz_regulondb,0.14285714285714285,6,6,AGATGCTATGCGCACGAAAT,0,4356
TSS_1414_storz_regulondb,0.14285714285714285,6,6,AGATGAATGATCGCGCCGTT,0,14850
TSS_1414_storz_regulondb,0.14285714285714285,6,6,AGATAAGGCTAAATCTACAG,0,61183
TSS_1414_storz_regulondb,0.14285714285714285,6,6,AGAGGGGGTTAACCAGTGCC,0,54277
TSS_1414_storz_regulondb,0.14285714285714285,6,6,AGAGGAGGATAAAGAACGAG,0,38794
TSS_1414_storz_regulondb,0.14285714285714285,6,6,AGAGCTTGTTATCAGGAGCA,0,52368
TSS_1414_storz_regulondb,0.14285714285714285,6,6,AGAGAGTGAACGGCTGTGCT,0,79301
TSS_1414_storz_regulondb,0.14285714285714285,6,6,AGACTGATGCCGGCAACTGA,0,54810
TSS_1414_storz_regulondb,0.14285714285714285,6,6,AGACTGACCCGCCTGGGTCT,0,12238
TSS_1414_storz_regulondb,0.14285714285714285,6,6,AGACGGCGATTAGAGCCTCA,0,52500
TSS_1414_storz_regulondb,0.14285714285714285,6,6,AGACGACTTGCTTGCAACCT,0,9285
TSS_1414_storz_regulondb,0.14285714285714285,6,6,AGACACGACAGGCCAGACCC,0,73445
TSS_1414_storz_regulondb,0.14285714285714285,6,6,AGAAGCGCTTTCCCGCGGGG,0,42970
TSS_1414_storz_regulondb,0.14285714285714285,6,6,AGAAGATTAATGTATTATTT,0,74530
TSS_1414_storz_regulondb,0.14285714285714285,6,6,AGAAGACCTTAATGTATAAC,0,1877
TSS_1414_storz_regulondb,0.14285714285714285,6,6,AGAACTTCATAGGCTAGGTC,0,34924
TSS_1414_storz_regulondb,0.14285714285714285,6,6,AGAACAATATATAGCTCTCG,0,68459
TSS_1414_storz_regulondb,0.14285714285714285,6,6,AGAAACGGATCATCTGAATA,0,17415
TSS_1414_storz_regulondb,0.14285714285714285,6,6,ACTTTTTCGGTCGCTGGCTT,0,48154
TSS_1414_storz_regulondb,0.14285714285714285,6,6,ACTTTACTACCCGCTCAAAG,0,50495
TSS_1414_storz_regulondb,0.14285714285714285,6,6,ACTTGGATCAGTTTGAATAT,0,48888
TSS_1414_storz_regulondb,0.14285714285714285,6,6,ACTTGCGTGATGGACAAAAT,0,50542
TSS_1414_storz_regulondb,0.14285714285714285,6,6,ACTTCGAAACGTCAACGTTA,0,73097
TSS_1414_storz_regulondb,0.14285714285714285,6,6,ACTTAGTCCATGAGTCTCCC,0,31064
TSS_1414_storz_regulondb,0.14285714285714285,6,6,ACTTAGCGGCCGATTCTGCT,0,6346
TSS_1414_storz_regulondb,0.14285714285714285,6,6,ACTTAAATGGATGGGGTAAC,0,11509
TSS_1414_storz_regulondb,0.14285714285714285,6,6,ACTGTCTAAGTACCATGGCG,0,12069
TSS_1414_storz_regulondb,0.14285714285714285,6,6,ACTGGTGCATATCGTCTTCG,0,56763
TSS_1414_storz_regulondb,0.14285714285714285,6,6,ACTGGGACGTGGGAGGGCTC,0,33125
TSS_1414_storz_regulondb,0.14285714285714285,6,6,ACTGGACATCGCTGGCAGAA,0,13862
TSS_1414_storz_regulondb,0.14285714285714285,6,6,ACTGCTATGGATCCGGCGCT,0,40839
TSS_1414_storz_regulondb,0.14285714285714285,6,6,ACTGAACACAACGGCGTCTA,0,38832
TSS_1414_storz_regulondb,0.14285714285714285,6,6,ACTCTGTTCCATTCCCATCG,0,65636
TSS_1414_storz_regulondb,0.14285714285714285,6,6,ACTCTGTTAAGGCTCAGAAG,0,48463
TSS_1414_storz_regulondb,0.14285714285714285,6,6,ACTCTGGTTACAAGTGGTTG,0,11652
TSS_1414_storz_regulondb,0.14285714285714285,6,6,ACTCTCCTCCGCATAAATCA,0,8899
TSS_1414_storz_regulondb,0.14285714285714285,6,6,ACTCTCAGCGTAAGACAGGT,0,55128
TSS_1414_storz_regulondb,0.14285714285714285,6,6,ACTCGGAAGGTTTTATATCA,0,47577
TSS_1414_storz_regulondb,0.14285714285714285,6,6,ACTCGCTGTGCCCGTACTGC,0,33894
TSS_1414_storz_regulondb,0.14285714285714285,6,6,ACTCCCAGATATATATTCGA,0,67373
TSS_1414_storz_regulondb,0.14285714285714285,6,6,ACTCCAGCCGACTGCACTTA,0,49283
TSS_1414_storz_regulondb,0.14285714285714285,6,6,ACTCACGGATGAACAATGAC,0,58856
TSS_1414_storz_regulondb,0.14285714285714285,6,6,ACTCAAACGTACCATATGGA,0,30446
TSS_1414_storz_regulondb,0.14285714285714285,6,6,ACTATCTGTGCATATCGGGC,0,7308
TSS_1414_storz_regulondb,0.14285714285714285,6,6,ACTAAAGTGCTCATCGTGCC,0,62472
TSS_1414_storz_regulondb,0.14285714285714285,6,6,ACGTTGAATTCCCTGTGTTC,0,10618
TSS_1414_storz_regulondb,0.14285714285714285,6,6,ACGTCTGTATTTAGGTGTAG,0,51393
TSS_1414_storz_regulondb,0.14285714285714285,6,6,ACGTCATCCGCGCCAGTGGA,0,5899
TSS_1414_storz_regulondb,0.14285714285714285,6,6,ACGTAGAGCGTCTCGGTGGC,0,18104
TSS_1414_storz_regulondb,0.14285714285714285,6,6,ACGGTTCACGATTAGGTTAA,0,36955
TSS_1414_storz_regulondb,0.14285714285714285,6,6,ACGGTGGGACTATTCGTAAC,0,71470
TSS_1414_storz_regulondb,0.14285714285714285,6,6,ACGGTCAATCGGAGTCCGTA,0,36529
TSS_1414_storz_regulondb,0.14285714285714285,6,6,ACGGGCATGTAGGTGGCACA,0,31747
TSS_1414_storz_regulondb,0.14285714285714285,6,6,ACGGGAGACTGATCCGAACA,0,36922
TSS_1414_storz_regulondb,0.14285714285714285,6,6,ACGCTCAAGGCGTGAGCGGG,0,16119
TSS_1414_storz_regulondb,0.14285714285714285,6,6,ACGCTAAAACAAGTAGTATC,0,55863
TSS_1414_storz_regulondb,0.14285714285714285,6,6,ACGCGGGTGAGTTCGGTCAG,0,62861
TSS_1414_storz_regulondb,0.14285714285714285,6,6,ACGCGGCGTACGGCTCGGGG,0,3038
TSS_1414_storz_regulondb,0.14285714285714285,6,6,ACGCGCCAATTGGTCGGGGT,0,33382
TSS_1414_storz_regulondb,0.14285714285714285,6,6,ACGCCGTCATTGTTCACAGG,0,15234
TSS_1414_storz_regulondb,0.14285714285714285,6,6,ACGCCATCGGCTATGGTTGA,0,5589
TSS_1414_storz_regulondb,0.14285714285714285,6,6,ACGATTCGAATTTCGATTCA,0,24946
TSS_1414_storz_regulondb,0.14285714285714285,6,6,ACGATCTACACACTACGGCT,0,34906
TSS_1414_storz_regulondb,0.14285714285714285,6,6,ACGATCTAACCGGAATCGGA,0,52190
TSS_1414_storz_regulondb,0.14285714285714285,6,6,ACGAGAGTGATAAGAGTCCA,0,45263
TSS_1414_storz_regulondb,0.14285714285714285,6,6,ACGAGAATGGATATCGTCGC,0,73657
TSS_1414_storz_regulondb,0.14285714285714285,6,6,ACGACAAATAGGAAGCACCT,0,44541
TSS_1414_storz_regulondb,0.14285714285714285,6,6,ACGAATCCGCCTTCTGGTGT,0,70898
TSS_1414_storz_regulondb,0.14285714285714285,6,6,ACGAAGTTACGCTGGGCGGA,0,41974
TSS_1414_storz_regulondb,0.14285714285714285,6,6,ACCTTGAGTTAAACAGAGCT,0,1570
TSS_1414_storz_regulondb,0.14285714285714285,6,6,ACCTTCTTAAACTGGTAAAG,0,29863
TSS_1414_storz_regulondb,0.14285714285714285,6,6,ACCTGAAGCTGAGACGTCCC,0,47633
TSS_1414_storz_regulondb,0.14285714285714285,6,6,ACCGGTTACGCTTCGAGACA,0,59660
TSS_1414_storz_regulondb,0.14285714285714285,6,6,ACCGGGTCGGACTACTGGCC,0,80153
TSS_1414_storz_regulondb,0.14285714285714285,6,6,ACCGCGACAGCGGGAATCCC,0,64565
TSS_1414_storz_regulondb,0.14285714285714285,6,6,ACCGCCACCCAGGGACTATA,0,4095
TSS_1414_storz_regulondb,0.14285714285714285,6,6,ACCCTGTCAGAGGTACGAGT,0,44389
TSS_1414_storz_regulondb,0.14285714285714285,6,6,ACCCTAAACTATGTATCGGG,0,34855
TSS_1414_storz_regulondb,0.14285714285714285,6,6,ACCCGTTCTGACGGCTTCTA,0,7516
TSS_1414_storz_regulondb,0.14285714285714285,6,6,ACCCGGGTAAGACTATGTGT,0,7337
TSS_1414_storz_regulondb,0.14285714285714285,6,6,ACCAGGCGTACGAGTATAAT,0,79401
TSS_1414_storz_regulondb,0.14285714285714285,6,6,ACCAGCTGCAGGCGCTGTCA,0,45505
TSS_1414_storz_regulondb,0.14285714285714285,6,6,ACCAGACACTACCTTGCCCA,0,76706
TSS_1414_storz_regulondb,0.14285714285714285,6,6,ACCACCCTTGTTAGAGGCAG,0,17841
TSS_1414_storz_regulondb,0.14285714285714285,6,6,ACATTTCCCGTCCACCAACC,0,3214
TSS_1414_storz_regulondb,0.14285714285714285,6,6,ACATTACTCATTAAGGCGAC,0,8433
TSS_1414_storz_regulondb,0.14285714285714285,6,6,ACATGGCCACTGTCTCTTGC,0,58683
TSS_1414_storz_regulondb,0.14285714285714285,6,6,ACATCGGGTTTTAAGGCCAG,0,16455
TSS_1414_storz_regulondb,0.14285714285714285,6,6,ACAGGGCCGCCTATGGCAAC,0,8488
TSS_1414_storz_regulondb,0.14285714285714285,6,6,ACAGCTGCCAACTAATCCAT,0,35772
TSS_1414_storz_regulondb,0.14285714285714285,6,6,ACAGCTGCATGTCTAGCCTA,0,41239
TSS_1414_storz_regulondb,0.14285714285714285,6,6,ACAGATCACCGTCTAGCCCA,0,932
TSS_1414_storz_regulondb,0.14285714285714285,6,6,ACAGAACTCGTAGTCATGTC,0,73224
TSS_1414_storz_regulondb,0.14285714285714285,6,6,ACACTTACCCCGAGCCTTTT,0,16370
TSS_1414_storz_regulondb,0.14285714285714285,6,6,ACACGCGTCCCGGGTGAAAG,0,3316
TSS_1414_storz_regulondb,0.14285714285714285,6,6,ACACGACACAAGGTGTATAA,0,30489
TSS_1414_storz_regulondb,0.14285714285714285,6,6,ACACCAACTAATACCTTTTA,0,68112
TSS_1414_storz_regulondb,0.14285714285714285,6,6,ACACATCGTAGCCGCTCATT,0,63529
TSS_1414_storz_regulondb,0.14285714285714285,6,6,ACAAATTGACCTAACGACAC,0,48642
TSS_1414_storz_regulondb,0.14285714285714285,6,6,ACAAATGTTCACTTCAAGCA,0,2223
TSS_1414_storz_regulondb,0.14285714285714285,6,6,ACAAATCCGGCCTTCATGAA,0,17887
TSS_1414_storz_regulondb,0.14285714285714285,6,6,AATTTTGCAGCCCAGCCGCC,0,50496
TSS_1414_storz_regulondb,0.14285714285714285,6,6,AATTGTGCCGTTTGCGCTTG,0,79353
TSS_1414_storz_regulondb,0.14285714285714285,6,6,AATTGTCTACTCGCACCTTA,0,54128
TSS_1414_storz_regulondb,0.14285714285714285,6,6,AATTCGGTACTACGTTATTA,0,39629
TSS_1414_storz_regulondb,0.14285714285714285,6,6,AATTAGTTATAATTCGATAC,0,54798
TSS_1414_storz_regulondb,0.14285714285714285,6,6,AATTAGGTCATGGATTGATA,0,60598
TSS_1414_storz_regulondb,0.14285714285714285,6,6,AATTAGGACGGTGTATCGAA,0,41914
TSS_1414_storz_regulondb,0.14285714285714285,6,6,AATTAGCAGATTAAAAGGGT,0,25429
TSS_1414_storz_regulondb,0.14285714285714285,6,6,AATTAGACGAGGAACCCTCG,0,29152
TSS_1414_storz_regulondb,0.14285714285714285,6,6,AATTACTCTTTAACCTTGAT,0,34853
TSS_1414_storz_regulondb,0.14285714285714285,6,6,AATTACCGATGGGCGATCGC,0,50325
TSS_1414_storz_regulondb,0.14285714285714285,6,6,AATGTTGACGGATCTGGGAC,0,51620
TSS_1414_storz_regulondb,0.14285714285714285,6,6,AATGTCCCCCTGGTTTATAA,0,65119
TSS_1414_storz_regulondb,0.14285714285714285,6,6,AATGGTAGTTTTGGAGAGAT,0,35832
TSS_1414_storz_regulondb,0.14285714285714285,6,6,AATGGCAACGTGCTCCCCGC,0,39213
TSS_1414_storz_regulondb,0.14285714285714285,6,6,AATGCCATGCGCCCAACGTA,0,40152
TSS_1414_storz_regulondb,0.14285714285714285,6,6,AATGCAAACGTTGTTTGTAA,0,12639
TSS_1414_storz_regulondb,0.14285714285714285,6,6,AATCTGTTTGGTCTGGCTTC,0,4444
TSS_1414_storz_regulondb,0.14285714285714285,6,6,AATCTGTCTCTATGCTAATA,0,56056
TSS_1414_storz_regulondb,0.14285714285714285,6,6,AATCTCATAGACGGTGGTTG,0,50195
TSS_1414_storz_regulondb,0.14285714285714285,6,6,AATCTCAGTGTCGCTTTCCT,0,70968
TSS_1414_storz_regulondb,0.14285714285714285,6,6,AATCTCAAACTGGGCACACT,0,43072
TSS_1414_storz_regulondb,0.14285714285714285,6,6,AATCGTCTCAGAACTCTCCA,0,24154
TSS_1414_storz_regulondb,0.14285714285714285,6,6,AATCCCCGGAAGCCCGTTGG,0,53874
TSS_1414_storz_regulondb,0.14285714285714285,6,6,AATCATGTCTACTGTAACCA,0,73173
TSS_1414_storz_regulondb,0.14285714285714285,6,6,AATCATAGTCCGAATTGCCA,0,33387
TSS_1414_storz_regulondb,0.14285714285714285,6,6,AATATTCTGGAGCATAATTA,0,52945
TSS_1414_storz_regulondb,0.14285714285714285,6,6,AATATTCATACAGGGCGCCT,0,71544
TSS_1414_storz_regulondb,0.14285714285714285,6,6,AATAGTCACGGGGATCTCCG,0,16019
TSS_1414_storz_regulondb,0.14285714285714285,6,6,AATAACTTCCATGGGCCAAC,0,55864
TSS_1414_storz_regulondb,0.14285714285714285,6,6,AATAAAGTTCGACGACATCA,0,3979
TSS_1414_storz_regulondb,0.14285714285714285,6,6,AATAAAGCAGATCCGTCTGG,0,33259
TSS_1414_storz_regulondb,0.14285714285714285,6,6,AATAAAAATCCTCTATGTAT,0,26494
TSS_1414_storz_regulondb,0.14285714285714285,6,6,AAGTTTACACGGGCGTTGGG,0,33925
TSS_1414_storz_regulondb,0.14285714285714285,6,6,AAGTTAAGTTCCTGCTAAAA,0,21839
TSS_1414_storz_regulondb,0.14285714285714285,6,6,AAGTGCTGTCTATAGTGAAT,0,71758
TSS_1414_storz_regulondb,0.14285714285714285,6,6,AAGTGAGAGGCGTAGCACCC,0,79526
TSS_1414_storz_regulondb,0.14285714285714285,6,6,AAGTCTCCGCTTAGATTTTT,0,39564
TSS_1414_storz_regulondb,0.14285714285714285,6,6,AAGTCAGCGAGGTGGGTTAG,0,52279
TSS_1414_storz_regulondb,0.14285714285714285,6,6,AAGGTTTCCTACCTGCTATA,0,13394
TSS_1414_storz_regulondb,0.14285714285714285,6,6,AAGGGGATGCACCGGCATTT,0,28753
TSS_1414_storz_regulondb,0.14285714285714285,6,6,AAGGCTTGCGCCGGATCCTA,0,76007
TSS_1414_storz_regulondb,0.14285714285714285,6,6,AAGGCGCCATGTATAATGTT,0,69580
TSS_1414_storz_regulondb,0.14285714285714285,6,6,AAGGAGAGTAGCTCATGATA,0,31322
TSS_1414_storz_regulondb,0.14285714285714285,6,6,AAGGAACGCGAATCTTCGGT,0,24846
TSS_1414_storz_regulondb,0.14285714285714285,6,6,AAGCTCGATAGCCGATCGGG,0,10185
TSS_1414_storz_regulondb,0.14285714285714285,6,6,AAGCCGTTACCCCGGATTGG,0,42247
TSS_1414_storz_regulondb,0.14285714285714285,6,6,AAGCCGGCCCGCCGCCCATC,0,12021
TSS_1414_storz_regulondb,0.14285714285714285,6,6,AAGATTCGGAATATGTGGTG,0,60620
TSS_1414_storz_regulondb,0.14285714285714285,6,6,AAGATCGGTACGAACCCGCC,0,29741
TSS_1414_storz_regulondb,0.14285714285714285,6,6,AAGATATATAAGACACTGGG,0,21162
TSS_1414_storz_regulondb,0.14285714285714285,6,6,AAGACGTGCGTTACTAGGTC,0,71869
TSS_1414_storz_regulondb,0.14285714285714285,6,6,AAGACGAATTTACGTAGGTT,0,44729
TSS_1414_storz_regulondb,0.14285714285714285,6,6,AAGAAAGGCGTAGGCTAATT,0,59561
TSS_1414_storz_regulondb,0.14285714285714285,6,6,AACTTGTGTGTTTCCTATAC,0,17837
TSS_1414_storz_regulondb,0.14285714285714285,6,6,AACTGTCATGCCTGAGCAGT,0,73972
TSS_1414_storz_regulondb,0.14285714285714285,6,6,AACTCGGAATTTATCCCTTT,0,60264
TSS_1414_storz_regulondb,0.14285714285714285,6,6,AACTCCTGATAAAACACCTG,0,24306
TSS_1414_storz_regulondb,0.14285714285714285,6,6,AACTCCTAAGGACCAATTAC,0,2916
TSS_1414_storz_regulondb,0.14285714285714285,6,6,AACGTCTTTCAGGCCCGGGT,0,48016
TSS_1414_storz_regulondb,0.14285714285714285,6,6,AACGGGTTTCCACGGGCGAA,0,55250
TSS_1414_storz_regulondb,0.14285714285714285,6,6,AACGCAACTCCGGATGGGAT,0,6995
TSS_1414_storz_regulondb,0.14285714285714285,6,6,AACGCAAAGCCACTCACGCT,0,26876
TSS_1414_storz_regulondb,0.14285714285714285,6,6,AACGAGGGCTGCAAACGTTT,0,16973
TSS_1414_storz_regulondb,0.14285714285714285,6,6,AACCGCTCCTGGCTAAGCTG,0,50163
TSS_1414_storz_regulondb,0.14285714285714285,6,6,AACCCTTCGGGTAAACCTAG,0,46596
TSS_1414_storz_regulondb,0.14285714285714285,6,6,AACCCGTACGATTGTTTGAG,0,5537
TSS_1414_storz_regulondb,0.14285714285714285,6,6,AACCATTACACTACACTAGG,0,29549
TSS_1414_storz_regulondb,0.14285714285714285,6,6,AACCATAGGGCCGGGAGGTA,0,9278
TSS_1414_storz_regulondb,0.14285714285714285,6,6,AACCAACCGTCCTAGCTAGG,0,29583
TSS_1414_storz_regulondb,0.14285714285714285,6,6,AACATGGGAAACGTATGATA,0,12698
TSS_1414_storz_regulondb,0.14285714285714285,6,6,AACATGGACCCTTCCATATT,0,31201
TSS_1414_storz_regulondb,0.14285714285714285,6,6,AACACTGCTCCACTTAAATT,0,61799
TSS_1414_storz_regulondb,0.14285714285714285,6,6,AACACCGTGTTGCCGTAGGG,0,69273
TSS_1414_storz_regulondb,0.14285714285714285,6,6,AACACCCAGTTGATCCTTCT,0,60684
TSS_1414_storz_regulondb,0.14285714285714285,6,6,AACAAACCGCCTAAGGGTTT,0,63609
TSS_1414_storz_regulondb,0.14285714285714285,6,6,AAATTCGGACACGTCAAAAG,0,40224
TSS_1414_storz_regulondb,0.14285714285714285,6,6,AAATGGAGATAGCTACGGCT,0,40689
TSS_1414_storz_regulondb,0.14285714285714285,6,6,AAATGCGCTGTTTCATCGGA,0,62466
TSS_1414_storz_regulondb,0.14285714285714285,6,6,AAATGATCTTGCGATGGTGA,0,55677
TSS_1414_storz_regulondb,0.14285714285714285,6,6,AAATGATCCCATAATGCTTT,0,63701
TSS_1414_storz_regulondb,0.14285714285714285,6,6,AAATAGCATGGTCTTGGAGT,0,69515
TSS_1414_storz_regulondb,0.14285714285714285,6,6,AAAGTCCATGCCCATCTATC,0,46910
TSS_1414_storz_regulondb,0.14285714285714285,6,6,AAAGCGGCACTAGATCCGTG,0,21822
TSS_1414_storz_regulondb,0.14285714285714285,6,6,AAAGCGCGTTGACGGCTCTA,0,39389
TSS_1414_storz_regulondb,0.14285714285714285,6,6,AAAGCCCAGATTTAAGCTAC,0,48158
TSS_1414_storz_regulondb,0.14285714285714285,6,6,AAAGAGGGGTATGGTACCGT,0,26663
TSS_1414_storz_regulondb,0.14285714285714285,6,6,AAAGAATACCTGCTTCCCAA,0,49133
TSS_1414_storz_regulondb,0.14285714285714285,6,6,AAACTTGGCGAGGTTATACG,0,18914
TSS_1414_storz_regulondb,0.14285714285714285,6,6,AAACTCGTCAGACAATCTGG,0,41173
TSS_1414_storz_regulondb,0.14285714285714285,6,6,AAACGTATCATAAGCCTAAT,0,24675
TSS_1414_storz_regulondb,0.14285714285714285,6,6,AAACGGAGACGGATTTCTGG,0,5044
TSS_1414_storz_regulondb,0.14285714285714285,6,6,AAACCGCTGCCTAAAGGTTC,0,51103
TSS_1414_storz_regulondb,0.14285714285714285,6,6,AAAATATATCTGTGGCGGAC,0,38868
TSS_1414_storz_regulondb,0.14285714285714285,6,6,AAAATAGCTGGAAGACATTA,0,15789
TSS_1414_storz_regulondb,0.14285714285714285,6,6,AAAAGCGAATCCCAACTGCA,0,68149
TSS_1414_storz_regulondb,0.14285714285714285,6,6,AAAAGATTCTATAGGTCTGT,0,45493
TSS_1414_storz_regulondb,0.16666666666666666,5,5,TTTTTTAATAAGGTGGCCAT,0,74439
TSS_1414_storz_regulondb,0.16666666666666666,5,5,TTTTCGAAGAAGAATATACT,0,7542
TSS_1414_storz_regulondb,0.16666666666666666,5,5,TTTTATTCGAGACGGGCTGA,0,37461
TSS_1414_storz_regulondb,0.16666666666666666,5,5,TTTTACCAGATACGCCGTTG,0,20453
TSS_1414_storz_regulondb,0.16666666666666666,5,5,TTTGTATTCCGCGCCTTGTG,0,12411
TSS_1414_storz_regulondb,0.16666666666666666,5,5,TTTGTAATAACCGTTCAACT,0,20705
TSS_1414_storz_regulondb,0.16666666666666666,5,5,TTTGGTACTGCAGGAGGGCA,0,30382
TSS_1414_storz_regulondb,0.16666666666666666,5,5,TTTGGGTCTCGACGTTGTGA,0,53345
TSS_1414_storz_regulondb,0.16666666666666666,5,5,TTTGCTTGGCCCGTATGACT,0,10401
TSS_1414_storz_regulondb,0.16666666666666666,5,5,TTTGCCGGCAGCCGAGTCCG,0,41108
TSS_1414_storz_regulondb,0.16666666666666666,5,5,TTTGCACTATTCCAGGTCGG,0,53420
TSS_1414_storz_regulondb,0.16666666666666666,5,5,TTTCTCCAGCAGCCTCCCCA,0,49301
TSS_1414_storz_regulondb,0.16666666666666666,5,5,TTTCTACGACAGTGACAAAC,0,29821
TSS_1414_storz_regulondb,0.16666666666666666,5,5,TTTCGTTGGCCACTTCGGAG,0,58062
TSS_1414_storz_regulondb,0.16666666666666666,5,5,TTTCGGGACTATGAGTCTGC,0,54035
TSS_1414_storz_regulondb,0.16666666666666666,5,5,TTTCCGTACCAATTGGGTTG,0,37489
TSS_1414_storz_regulondb,0.16666666666666666,5,5,TTTCCCCTGTTCTGGCTAGC,0,12120
TSS_1414_storz_regulondb,0.16666666666666666,5,5,TTTCCAATGCTAGAACGAAT,0,66155
TSS_1414_storz_regulondb,0.16666666666666666,5,5,TTTCAGTCACCGGTGACGCA,0,19720
TSS_1414_storz_regulondb,0.16666666666666666,5,5,TTTCAGATGGTATGGGCGCA,0,15298
TSS_1414_storz_regulondb,0.16666666666666666,5,5,TTTCACGGAGGTTATACTGA,0,15562
TSS_1414_storz_regulondb,0.16666666666666666,5,5,TTTCACCGGGGGGTGCTCAT,0,10353
TSS_1414_storz_regulondb,0.16666666666666666,5,5,TTTATGGGTTAGGTATGCCA,0,57256
TSS_1414_storz_regulondb,0.16666666666666666,5,5,TTTATCGGGTCGATACACGT,0,63294
TSS_1414_storz_regulondb,0.16666666666666666,5,5,TTTATACGCTCAAATTCACT,0,65208
TSS_1414_storz_regulondb,0.16666666666666666,5,5,TTTAGCCCAACAGTGCCGAA,0,13714
TSS_1414_storz_regulondb,0.16666666666666666,5,5,TTTACTGTATTGGACATGAA,0,18256
TSS_1414_storz_regulondb,0.16666666666666666,5,5,TTTACTCAAACCACGAGAGG,0,202
TSS_1414_storz_regulondb,0.16666666666666666,5,5,TTTAAGCCTCCACTCTATTA,0,43250
TSS_1414_storz_regulondb,0.16666666666666666,5,5,TTGTGCTGGTTATGGCTAGA,0,38437
TSS_1414_storz_regulondb,0.16666666666666666,5,5,TTGTCGTTGGGGATACAATT,0,16571
TSS_1414_storz_regulondb,0.16666666666666666,5,5,TTGTCCTTTCTAACATCGGT,0,2143
TSS_1414_storz_regulondb,0.16666666666666666,5,5,TTGGGTGCAGGAAATGAGTA,0,26823
TSS_1414_storz_regulondb,0.16666666666666666,5,5,TTGGGTCTTTTTGCGAAGGC,0,18594
TSS_1414_storz_regulondb,0.16666666666666666,5,5,TTGGGCGTGGATACGAGCGT,0,74970
TSS_1414_storz_regulondb,0.16666666666666666,5,5,TTGGGAATCATCCCTCTATA,0,57448
TSS_1414_storz_regulondb,0.16666666666666666,5,5,TTGGCTCCGTCGCACAACTC,0,68550
TSS_1414_storz_regulondb,0.16666666666666666,5,5,TTGGACGCTAAGGTGCATCT,0,50607
TSS_1414_storz_regulondb,0.16666666666666666,5,5,TTGCTGGGTGACCCCGCGGA,0,64475
TSS_1414_storz_regulondb,0.16666666666666666,5,5,TTGCGACCAGCTGGTCCGTG,0,16314
TSS_1414_storz_regulondb,0.16666666666666666,5,5,TTGCCTCGGAGAAAACTACC,0,44129
TSS_1414_storz_regulondb,0.16666666666666666,5,5,TTGCCGTCTACCCCAGAGGT,0,33930
TSS_1414_storz_regulondb,0.16666666666666666,5,5,TTGCCATAGACCAGCAAGAC,0,34612
TSS_1414_storz_regulondb,0.16666666666666666,5,5,TTGCACTCATTTAGATAATT,0,14467
TSS_1414_storz_regulondb,0.16666666666666666,5,5,TTGCAATTGACTCGCCTAGC,0,65936
TSS_1414_storz_regulondb,0.16666666666666666,5,5,TTGACGAATGGACAATCACT,0,46168
TSS_1414_storz_regulondb,0.16666666666666666,5,5,TTGACATTAGCCAGCATCTG,0,19918
TSS_1414_storz_regulondb,0.16666666666666666,5,5,TTGACATCTTTTTTGCATCA,0,78496
TSS_1414_storz_regulondb,0.16666666666666666,5,5,TTGAATGCGAAATGTGCCAC,0,4242
TSS_1414_storz_regulondb,0.16666666666666666,5,5,TTGAATCGCATTAATCTCCG,0,72544
TSS_1414_storz_regulondb,0.16666666666666666,5,5,TTCTTTCGGCAGCTCGATCA,0,16525
TSS_1414_storz_regulondb,0.16666666666666666,5,5,TTCTTCGAACAGTTTCATTC,0,78527
TSS_1414_storz_regulondb,0.16666666666666666,5,5,TTCTTCCCGCCAGGTCGGCG,0,67895
TSS_1414_storz_regulondb,0.16666666666666666,5,5,TTCTGCACATCATGATTGCC,0,13792
TSS_1414_storz_regulondb,0.16666666666666666,5,5,TTCTGACTCGATTTTGTATA,0,7347
TSS_1414_storz_regulondb,0.16666666666666666,5,5,TTCTATGATGTTAGGTGTGT,0,66485
TSS_1414_storz_regulondb,0.16666666666666666,5,5,TTCTATACTCATGAGCAGGT,0,59591
TSS_1414_storz_regulondb,0.16666666666666666,5,5,TTCTAAGTAGGAAACTATGT,0,31835
TSS_1414_storz_regulondb,0.16666666666666666,5,5,TTCGGTTCACGTATACTTTC,0,20099
TSS_1414_storz_regulondb,0.16666666666666666,5,5,TTCGCGGGCACATATGATAG,0,29266
TSS_1414_storz_regulondb,0.16666666666666666,5,5,TTCCGTGAAATTTTATTCAC,0,17703
TSS_1414_storz_regulondb,0.16666666666666666,5,5,TTCCGGGCTGCCAACCGACG,0,48399
TSS_1414_storz_regulondb,0.16666666666666666,5,5,TTCCGCTTAATTGCCCGTTG,0,58991
TSS_1414_storz_regulondb,0.16666666666666666,5,5,TTCCGAAGAGATGCCTGGTA,0,50370
TSS_1414_storz_regulondb,0.16666666666666666,5,5,TTCCCGGGCATTGTTTTAGG,0,80453
TSS_1414_storz_regulondb,0.16666666666666666,5,5,TTCCCGCTATTGAATTCAGT,0,74717
TSS_1414_storz_regulondb,0.16666666666666666,5,5,TTCCATGGACAGAGTCGGCT,0,15854
TSS_1414_storz_regulondb,0.16666666666666666,5,5,TTCCAATTCCAGCACATAGT,0,30451
TSS_1414_storz_regulondb,0.16666666666666666,5,5,TTCATTCCGATTGTGAGTTT,0,42418
TSS_1414_storz_regulondb,0.16666666666666666,5,5,TTCATCTATGGTCGTCGTAG,0,34317
TSS_1414_storz_regulondb,0.16666666666666666,5,5,TTCAGTAATGCGCGTTATCG,0,64141
TSS_1414_storz_regulondb,0.16666666666666666,5,5,TTCAGCGACTTCTCAAATGT,0,9401
TSS_1414_storz_regulondb,0.16666666666666666,5,5,TTCAAGCATAGGTTGTTTCG,0,63980
TSS_1414_storz_regulondb,0.16666666666666666,5,5,TTCAACTATACTGGACGCGG,0,65733
TSS_1414_storz_regulondb,0.16666666666666666,5,5,TTCAAACATCTGCCAGCCAG,0,2220
TSS_1414_storz_regulondb,0.16666666666666666,5,5,TTATTGGGGTGGCTTGACCT,0,41171
TSS_1414_storz_regulondb,0.16666666666666666,5,5,TTATTGACCGTATTTTTTGG,0,59239
TSS_1414_storz_regulondb,0.16666666666666666,5,5,TTATGGTCACGGTATCAAAA,0,34252
TSS_1414_storz_regulondb,0.16666666666666666,5,5,TTATCTCCCTTCAGGGCCGT,0,51096
TSS_1414_storz_regulondb,0.16666666666666666,5,5,TTATCGGAGTGCGCTCGGAA,0,13356
TSS_1414_storz_regulondb,0.16666666666666666,5,5,TTATCGAGGTGTTTCGGAGA,0,40380
TSS_1414_storz_regulondb,0.16666666666666666,5,5,TTATAGAGCCGGTAATGTGA,0,37378
TSS_1414_storz_regulondb,0.16666666666666666,5,5,TTATAACTCTCCGATACTCG,0,55402
TSS_1414_storz_regulondb,0.16666666666666666,5,5,TTAGTATGCAGCGCGGACGT,0,63385
TSS_1414_storz_regulondb,0.16666666666666666,5,5,TTAGGTCCGTCAAGTTAAGA,0,4670
TSS_1414_storz_regulondb,0.16666666666666666,5,5,TTAGCAGGTGTGTGAGAGTA,0,11801
TSS_1414_storz_regulondb,0.16666666666666666,5,5,TTAGACCGGATTTAGGTCGC,0,60408
TSS_1414_storz_regulondb,0.16666666666666666,5,5,TTAGACAGTATTAACATCAC,0,11333
TSS_1414_storz_regulondb,0.16666666666666666,5,5,TTACGTCTAGTCTCGATAGC,0,28576
TSS_1414_storz_regulondb,0.16666666666666666,5,5,TTACGGTCTGCTTAATCTCT,0,1811
TSS_1414_storz_regulondb,0.16666666666666666,5,5,TTACCTTTATGCGTATTTCC,0,16789
TSS_1414_storz_regulondb,0.16666666666666666,5,5,TTACATTGGTAAGGAACCTT,0,36036
TSS_1414_storz_regulondb,0.16666666666666666,5,5,TTACAGTCGCTAACCTCATG,0,35015
TSS_1414_storz_regulondb,0.16666666666666666,5,5,TTACACTCTTCGAAATTCCT,0,12928
TSS_1414_storz_regulondb,0.16666666666666666,5,5,TTAATTTCATTCCTTAGGGG,0,7982
TSS_1414_storz_regulondb,0.16666666666666666,5,5,TTAATTACAAGGTTGGTGAT,0,32398
TSS_1414_storz_regulondb,0.16666666666666666,5,5,TTAATATTCGGAGCTAAAGG,0,59984
TSS_1414_storz_regulondb,0.16666666666666666,5,5,TTAAGTATATCCGCTGACCC,0,7620
TSS_1414_storz_regulondb,0.16666666666666666,5,5,TTAAGCGTGCGTTAACATGG,0,73355
TSS_1414_storz_regulondb,0.16666666666666666,5,5,TTAAACCCCGAGACCCCATG,0,19125
TSS_1414_storz_regulondb,0.16666666666666666,5,5,TTAAACCAGGGTGATCAAGG,0,835
TSS_1414_storz_regulondb,0.16666666666666666,5,5,TTAAAATGGATCTCTACACT,0,52068
TSS_1414_storz_regulondb,0.16666666666666666,5,5,TGTTTAGCTCTTGCCTAAGC,0,3966
TSS_1414_storz_regulondb,0.16666666666666666,5,5,TGTTCGTTCGAGAGCCCACC,0,10520
TSS_1414_storz_regulondb,0.16666666666666666,5,5,TGTTCCCTGCCACCTGGACT,0,29477
TSS_1414_storz_regulondb,0.16666666666666666,5,5,TGTTATATATAGGATCACTG,0,44127
TSS_1414_storz_regulondb,0.16666666666666666,5,5,TGTTAGCCGGTTTACGATTG,0,37063
TSS_1414_storz_regulondb,0.16666666666666666,5,5,TGTTAGCATGGTGGGGCTCA,0,35783
TSS_1414_storz_regulondb,0.16666666666666666,5,5,TGTTACCCAGCCTACATCGA,0,23975
TSS_1414_storz_regulondb,0.16666666666666666,5,5,TGTGTCGTGCGGGCGACGTA,0,4789
TSS_1414_storz_regulondb,0.16666666666666666,5,5,TGTGTCCGAAACTCCATATG,0,60282
TSS_1414_storz_regulondb,0.16666666666666666,5,5,TGTGGTGTAGGGGTTCCTTT,0,45704
TSS_1414_storz_regulondb,0.16666666666666666,5,5,TGTGGCCACAAGGTTACTCG,0,78651
TSS_1414_storz_regulondb,0.16666666666666666,5,5,TGTGGCAAGGGTTTTACAAA,0,69798
TSS_1414_storz_regulondb,0.16666666666666666,5,5,TGTGCTCGCGTGGTCGCTAG,0,70220
TSS_1414_storz_regulondb,0.16666666666666666,5,5,TGTGCACGCCTATAGATCGG,0,54300
TSS_1414_storz_regulondb,0.16666666666666666,5,5,TGTGATCCAATTACCCGTAT,0,74425
TSS_1414_storz_regulondb,0.16666666666666666,5,5,TGTCTTTCACTTTTATAATG,0,71458
TSS_1414_storz_regulondb,0.16666666666666666,5,5,TGTCTCGTGTTCCACAATTA,0,74662
TSS_1414_storz_regulondb,0.16666666666666666,5,5,TGTCGGCTGGCAATCGGTCC,0,65051
TSS_1414_storz_regulondb,0.16666666666666666,5,5,TGTCCTAGAACATGTGTAGA,0,29879
TSS_1414_storz_regulondb,0.16666666666666666,5,5,TGTCAGTATATCAGCGCAAA,0,11136
TSS_1414_storz_regulondb,0.16666666666666666,5,5,TGTCAGAGACCAAAGTATTG,0,25700
TSS_1414_storz_regulondb,0.16666666666666666,5,5,TGTCAAACTATTGCTAACAG,0,49186
TSS_1414_storz_regulondb,0.16666666666666666,5,5,TGTATTTGCCGAGACATGCC,0,26517
TSS_1414_storz_regulondb,0.16666666666666666,5,5,TGTATTAACATAGTTGGTAT,0,53943
TSS_1414_storz_regulondb,0.16666666666666666,5,5,TGTATACAGAGCCAGCATTC,0,54974
TSS_1414_storz_regulondb,0.16666666666666666,5,5,TGTAGGAGGCCGCCCCACGG,0,44756
TSS_1414_storz_regulondb,0.16666666666666666,5,5,TGTAGGAGCCTACTGAGTGT,0,79678
TSS_1414_storz_regulondb,0.16666666666666666,5,5,TGTAGCGGTTCGTGGTATAG,0,69282
TSS_1414_storz_regulondb,0.16666666666666666,5,5,TGTACGGTCTCGTGTGGTTC,0,47557
TSS_1414_storz_regulondb,0.16666666666666666,5,5,TGGTCGAGCGCAGAGGCTGG,0,17535
TSS_1414_storz_regulondb,0.16666666666666666,5,5,TGGTCCGCGAATATACACAA,0,59751
TSS_1414_storz_regulondb,0.16666666666666666,5,5,TGGTAGACCCAGGTTTTACC,0,43643
TSS_1414_storz_regulondb,0.16666666666666666,5,5,TGGTACGGGGTCTGGCGTGC,0,37813
TSS_1414_storz_regulondb,0.16666666666666666,5,5,TGGGTGCTATCAGGAAGTTT,0,78245
TSS_1414_storz_regulondb,0.16666666666666666,5,5,TGGGTCCGTATCGTACACAT,0,44075
TSS_1414_storz_regulondb,0.16666666666666666,5,5,TGGGTAATAAATTGTGATCA,0,31593
TSS_1414_storz_regulondb,0.16666666666666666,5,5,TGGGGTTGAATATATTTCGG,0,58462
TSS_1414_storz_regulondb,0.16666666666666666,5,5,TGGGGGTATGCACGGTACCT,0,80713
TSS_1414_storz_regulondb,0.16666666666666666,5,5,TGGGGAGAGAATTGGAAGTC,0,2508
TSS_1414_storz_regulondb,0.16666666666666666,5,5,TGGGGAATGGACTGCCTAAA,0,74489
TSS_1414_storz_regulondb,0.16666666666666666,5,5,TGGGCACCATCTGGACGGAT,0,62554
TSS_1414_storz_regulondb,0.16666666666666666,5,5,TGGGACTTAACGTTACTCCC,0,42545
TSS_1414_storz_regulondb,0.16666666666666666,5,5,TGGCTTGTTTTGCATGGTAA,0,43241
TSS_1414_storz_regulondb,0.16666666666666666,5,5,TGGCTCGAGTAGACCTTGGA,0,12428
TSS_1414_storz_regulondb,0.16666666666666666,5,5,TGGCCCCACCTATCGTGTTG,0,15570
TSS_1414_storz_regulondb,0.16666666666666666,5,5,TGGCCATAGAGACTCGTTAC,0,69736
TSS_1414_storz_regulondb,0.16666666666666666,5,5,TGGCATCGCTGACGTTCGGA,0,15648
TSS_1414_storz_regulondb,0.16666666666666666,5,5,TGGCACTTCCTCCTCGCCAT,0,42281
TSS_1414_storz_regulondb,0.16666666666666666,5,5,TGGCACTACGGAACCTTTGA,0,27516
TSS_1414_storz_regulondb,0.16666666666666666,5,5,TGGCACACAAAATGAGCGAA,0,77365
TSS_1414_storz_regulondb,0.16666666666666666,5,5,TGGCAAACTTATTAAGGTCA,0,7633
TSS_1414_storz_regulondb,0.16666666666666666,5,5,TGGATCCAGTTCGGTCCAGA,0,76963
TSS_1414_storz_regulondb,0.16666666666666666,5,5,TGGAGGGAATATCGCGGATG,0,27237
TSS_1414_storz_regulondb,0.16666666666666666,5,5,TGGAGATTTTACCGTAACGA,0,55037
TSS_1414_storz_regulondb,0.16666666666666666,5,5,TGGAGAGTAACTTCCGATCT,0,74785
TSS_1414_storz_regulondb,0.16666666666666666,5,5,TGGACGTGGACATCCCGCCC,0,56924
TSS_1414_storz_regulondb,0.16666666666666666,5,5,TGGACGGTTTTCGCAGGTTT,0,17903
TSS_1414_storz_regulondb,0.16666666666666666,5,5,TGGAAATAGACCGAAAGTTC,0,5675
TSS_1414_storz_regulondb,0.16666666666666666,5,5,TGCTTTGCAGCTATCCCACA,0,58170
TSS_1414_storz_regulondb,0.16666666666666666,5,5,TGCTTTCGATACGCATTATT,0,7241
TSS_1414_storz_regulondb,0.16666666666666666,5,5,TGCTTACGTATACATCGAAT,0,79807
TSS_1414_storz_regulondb,0.16666666666666666,5,5,TGCTCGGTACGTCACACAGG,0,62636
TSS_1414_storz_regulondb,0.16666666666666666,5,5,TGCTCCTCTCGAATAACAGT,0,8831
TSS_1414_storz_regulondb,0.16666666666666666,5,5,TGCGTTCGTGGACTTTAACC,0,22606
TSS_1414_storz_regulondb,0.16666666666666666,5,5,TGCGTCGTGCGATATTGTAA,0,39857
TSS_1414_storz_regulondb,0.16666666666666666,5,5,TGCGGGCTGCAAGTCGTCAC,0,77784
TSS_1414_storz_regulondb,0.16666666666666666,5,5,TGCGGAAAACAGGTCAAGTA,0,12294
TSS_1414_storz_regulondb,0.16666666666666666,5,5,TGCGCGGAAACTAGGGAGAG,0,11486
TSS_1414_storz_regulondb,0.16666666666666666,5,5,TGCGATTATCTAGGTCACCA,0,5588
TSS_1414_storz_regulondb,0.16666666666666666,5,5,TGCGATACTGCACGAGCGCA,0,70330
TSS_1414_storz_regulondb,0.16666666666666666,5,5,TGCCGCCCATGGCATTGCCA,0,66443
TSS_1414_storz_regulondb,0.16666666666666666,5,5,TGCCCGAGTTCGTGAAACGG,0,56371
TSS_1414_storz_regulondb,0.16666666666666666,5,5,TGCATTCCCCGGATCAAATT,0,64543
TSS_1414_storz_regulondb,0.16666666666666666,5,5,TGCATAACGATTCGTATGGC,0,26116
TSS_1414_storz_regulondb,0.16666666666666666,5,5,TGCAGCCGCGACTGAGTTGA,0,60458
TSS_1414_storz_regulondb,0.16666666666666666,5,5,TGCAGCATCATCTTTTTACC,0,60814
TSS_1414_storz_regulondb,0.16666666666666666,5,5,TGCAGACCACATACACCCTT,0,11873
TSS_1414_storz_regulondb,0.16666666666666666,5,5,TGCACTGGCCAACTCGACAT,0,20305
TSS_1414_storz_regulondb,0.16666666666666666,5,5,TGCACTACTACAACTGGTTC,0,14130
TSS_1414_storz_regulondb,0.16666666666666666,5,5,TGATTTGATGTCCCATCAAA,0,59497
TSS_1414_storz_regulondb,0.16666666666666666,5,5,TGATTCCCCATGATCCGTTA,0,73682
TSS_1414_storz_regulondb,0.16666666666666666,5,5,TGATGACTCATCTGCTGTCC,0,11771
TSS_1414_storz_regulondb,0.16666666666666666,5,5,TGATATAAGGAGAGATGTAC,0,48911
TSS_1414_storz_regulondb,0.16666666666666666,5,5,TGATAGGCGCGTGTAAGGCA,0,8540
TSS_1414_storz_regulondb,0.16666666666666666,5,5,TGATACAGGACAGTGAGGAC,0,65665
TSS_1414_storz_regulondb,0.16666666666666666,5,5,TGAGTTCATGATTAAGCAGG,0,63236
TSS_1414_storz_regulondb,0.16666666666666666,5,5,TGAGTCCGTGCTAACGAAAG,0,69310
TSS_1414_storz_regulondb,0.16666666666666666,5,5,TGAGGTGCGTTGAAATTGAT,0,13519
TSS_1414_storz_regulondb,0.16666666666666666,5,5,TGAGGCGTGAGATTCCATCG,0,75935
TSS_1414_storz_regulondb,0.16666666666666666,5,5,TGAGAGCAATTTTACACTAA,0,13972
TSS_1414_storz_regulondb,0.16666666666666666,5,5,TGAGACAAGCTACAACTTCC,0,36213
TSS_1414_storz_regulondb,0.16666666666666666,5,5,TGACTCGTAACGTTCTTTCT,0,25587
TSS_1414_storz_regulondb,0.16666666666666666,5,5,TGACTATATGGTAGGTGGAT,0,13520
TSS_1414_storz_regulondb,0.16666666666666666,5,5,TGACGGCGTATGCTGCGCAA,0,31374
TSS_1414_storz_regulondb,0.16666666666666666,5,5,TGACGCTCATGAGCAAGCCT,0,42249
TSS_1414_storz_regulondb,0.16666666666666666,5,5,TGACGCGGTTATTGGGTAAT,0,26332
TSS_1414_storz_regulondb,0.16666666666666666,5,5,TGACGCATACCATTGGTGCG,0,65414
TSS_1414_storz_regulondb,0.16666666666666666,5,5,TGACCGGCAAGCATGGACAT,0,79341
TSS_1414_storz_regulondb,0.16666666666666666,5,5,TGACAACGTTACAGCCGCTC,0,76668
TSS_1414_storz_regulondb,0.16666666666666666,5,5,TGAATTTAGGTACTTATCTA,0,44486
TSS_1414_storz_regulondb,0.16666666666666666,5,5,TGAATCATTCTCACACCATT,0,34017
TSS_1414_storz_regulondb,0.16666666666666666,5,5,TGAATAAAGGACATCAGTAT,0,23059
TSS_1414_storz_regulondb,0.16666666666666666,5,5,TGAAGGCTTGACGACGTTCG,0,76573
TSS_1414_storz_regulondb,0.16666666666666666,5,5,TGAAGGATCAAGTCCTACAT,0,4001
TSS_1414_storz_regulondb,0.16666666666666666,5,5,TGAAGCCCGCTTTTATGGGT,0,73004
TSS_1414_storz_regulondb,0.16666666666666666,5,5,TGAAGCCATACGGGCCTGTT,0,18585
TSS_1414_storz_regulondb,0.16666666666666666,5,5,TGAACTTAGACACTTTGACG,0,45862
TSS_1414_storz_regulondb,0.16666666666666666,5,5,TGAACAGGGGAGGTCCCGCT,0,60706
TSS_1414_storz_regulondb,0.16666666666666666,5,5,TGAAAATCGCAGGTTTTAAT,0,11039
TSS_1414_storz_regulondb,0.16666666666666666,5,5,TGAAAAATTGGCTGTCCTAT,0,38478
TSS_1414_storz_regulondb,0.16666666666666666,5,5,TCTTTTTACTCGAATGTTTG,0,39253
TSS_1414_storz_regulondb,0.16666666666666666,5,5,TCTTTTCCCTATCATAAGAT,0,55488
TSS_1414_storz_regulondb,0.16666666666666666,5,5,TCTTCGGCTCCCTTGTTGCG,0,61770
TSS_1414_storz_regulondb,0.16666666666666666,5,5,TCTTCGATGTTAGGAGGAAT,0,3471
TSS_1414_storz_regulondb,0.16666666666666666,5,5,TCTTATATCGGGGTTCAATC,0,24064
TSS_1414_storz_regulondb,0.16666666666666666,5,5,TCTTACGTCTAAAGGAGATG,0,17390
TSS_1414_storz_regulondb,0.16666666666666666,5,5,TCTGTCCGGGGGTCAGCAGC,0,26610
TSS_1414_storz_regulondb,0.16666666666666666,5,5,TCTGTCAGCCTGTGGTTCTT,0,47728
TSS_1414_storz_regulondb,0.16666666666666666,5,5,TCTGAGTACAGATGCCTAGA,0,26073
TSS_1414_storz_regulondb,0.16666666666666666,5,5,TCTCGTACTTTCGACTGTAG,0,65542
TSS_1414_storz_regulondb,0.16666666666666666,5,5,TCTCGCGCATGGAGTCCAGT,0,747
TSS_1414_storz_regulondb,0.16666666666666666,5,5,TCTCCCACCTGTTACCTAAT,0,63767
TSS_1414_storz_regulondb,0.16666666666666666,5,5,TCTCATCTTCCGAGTTTCGA,0,18604
TSS_1414_storz_regulondb,0.16666666666666666,5,5,TCTATTCGTTACGCCCCCTC,0,50049
TSS_1414_storz_regulondb,0.16666666666666666,5,5,TCTAGCGAGCCTTACAGCTT,0,43679
TSS_1414_storz_regulondb,0.16666666666666666,5,5,TCTACATAGCTTCTAGGAGC,0,71023
TSS_1414_storz_regulondb,0.16666666666666666,5,5,TCTAAGCTGGTTTGGTGTAG,0,19143
TSS_1414_storz_regulondb,0.16666666666666666,5,5,TCTAAAATGTGATCGAAAGG,0,59744
TSS_1414_storz_regulondb,0.16666666666666666,5,5,TCGTTCAGGGTCTTACCGGG,0,34008
TSS_1414_storz_regulondb,0.16666666666666666,5,5,TCGTTCAGATTCTGAAAATG,0,2775
TSS_1414_storz_regulondb,0.16666666666666666,5,5,TCGTCCAGTCGTGGTATGTT,0,30634
TSS_1414_storz_regulondb,0.16666666666666666,5,5,TCGTAAGGACGTTGAGTCTA,0,55675
TSS_1414_storz_regulondb,0.16666666666666666,5,5,TCGGTTCGATTAAGGCAATA,0,64172
TSS_1414_storz_regulondb,0.16666666666666666,5,5,TCGGTGTCTCTTGAGTAGGA,0,73
TSS_1414_storz_regulondb,0.16666666666666666,5,5,TCGGTCCATACCGACTACAT,0,53973
TSS_1414_storz_regulondb,0.16666666666666666,5,5,TCGGTCATTTCGTTAGAATT,0,23995
TSS_1414_storz_regulondb,0.16666666666666666,5,5,TCGGGTAAGAAGATAACATG,0,2304
TSS_1414_storz_regulondb,0.16666666666666666,5,5,TCGGGGAGCTGAGGTTACCT,0,76577
TSS_1414_storz_regulondb,0.16666666666666666,5,5,TCGGGGACACTGGCCTTAAC,0,68435
TSS_1414_storz_regulondb,0.16666666666666666,5,5,TCGGGATGCATGAGAGGACA,0,45507
TSS_1414_storz_regulondb,0.16666666666666666,5,5,TCGGCTATCACTTGCAAAAT,0,2585
TSS_1414_storz_regulondb,0.16666666666666666,5,5,TCGGCCCCTTGAGTCAAATA,0,22816
TSS_1414_storz_regulondb,0.16666666666666666,5,5,TCGGCAATCTTGCCCCGCGC,0,47382
TSS_1414_storz_regulondb,0.16666666666666666,5,5,TCGGATCATTAGAAGTATGT,0,65737
TSS_1414_storz_regulondb,0.16666666666666666,5,5,TCGGAATTGCCGGTGGCTAC,0,24994
TSS_1414_storz_regulondb,0.16666666666666666,5,5,TCGGAATCGGCAGAACGACG,0,20297
TSS_1414_storz_regulondb,0.16666666666666666,5,5,TCGCGCGGCGCTATTGACTT,0,74330
TSS_1414_storz_regulondb,0.16666666666666666,5,5,TCGCCTTTCACAGTGGCCAT,0,14253
TSS_1414_storz_regulondb,0.16666666666666666,5,5,TCGCCGGGGACTCCAATTCT,0,8841
TSS_1414_storz_regulondb,0.16666666666666666,5,5,TCGCCCAGTCTCAGACCCCA,0,43315
TSS_1414_storz_regulondb,0.16666666666666666,5,5,TCGCATTTCGGCCGGGGCGG,0,60143
TSS_1414_storz_regulondb,0.16666666666666666,5,5,TCGCAGGGATTGCGGTGTTT,0,73172
TSS_1414_storz_regulondb,0.16666666666666666,5,5,TCGATGCGATCAGTCCGCTC,0,16945
TSS_1414_storz_regulondb,0.16666666666666666,5,5,TCGATAATGTTCCCTCTTCA,0,6674
TSS_1414_storz_regulondb,0.16666666666666666,5,5,TCGAGAGACGTACACTGAGA,0,26034
TSS_1414_storz_regulondb,0.16666666666666666,5,5,TCGACAAAACCACCCACGGA,0,37261
TSS_1414_storz_regulondb,0.16666666666666666,5,5,TCGAATTGCCACCTGCTATT,0,61628
TSS_1414_storz_regulondb,0.16666666666666666,5,5,TCGAACTTCGACTACGGAGT,0,18779
TSS_1414_storz_regulondb,0.16666666666666666,5,5,TCCTTTTGGTATTTTTACTT,0,28621
TSS_1414_storz_regulondb,0.16666666666666666,5,5,TCCTTTAGTTTCTGTCCGTT,0,14507
TSS_1414_storz_regulondb,0.16666666666666666,5,5,TCCTGTTCTACCCGAAAGGC,0,23004
TSS_1414_storz_regulondb,0.16666666666666666,5,5,TCCTCAATCTCAGTTGTTGG,0,35021
TSS_1414_storz_regulondb,0.16666666666666666,5,5,TCCTATAAATACCAGAGCTC,0,58955
TSS_1414_storz_regulondb,0.16666666666666666,5,5,TCCTAGGTGTCTAACAGGGA,0,21391
TSS_1414_storz_regulondb,0.16666666666666666,5,5,TCCGGTCCGCACCTCAGTTA,0,35843
TSS_1414_storz_regulondb,0.16666666666666666,5,5,TCCGGCTGCTCAATGGCTAC,0,35567
TSS_1414_storz_regulondb,0.16666666666666666,5,5,TCCGGATTGATGCTTGTTGG,0,32581
TSS_1414_storz_regulondb,0.16666666666666666,5,5,TCCGCCTTGGCTTGCTCATC,0,56138
TSS_1414_storz_regulondb,0.16666666666666666,5,5,TCCGCCAATTGTCATTCACA,0,20887
TSS_1414_storz_regulondb,0.16666666666666666,5,5,TCCGATTTTAGGCGGTGTAG,0,46892
TSS_1414_storz_regulondb,0.16666666666666666,5,5,TCCCCTTATTTACAGCATTT,0,77176
TSS_1414_storz_regulondb,0.16666666666666666,5,5,TCCCCTCTGGGTAACTTTGA,0,49559
TSS_1414_storz_regulondb,0.16666666666666666,5,5,TCCCCGTACAGGCTAAAGAG,0,45965
TSS_1414_storz_regulondb,0.16666666666666666,5,5,TCCCAACATTTACCGATGTC,0,19740
TSS_1414_storz_regulondb,0.16666666666666666,5,5,TCCATCAGCTGCCCTCCTCC,0,9910
TSS_1414_storz_regulondb,0.16666666666666666,5,5,TCCACCCAAGGATGACCGAA,0,50291
TSS_1414_storz_regulondb,0.16666666666666666,5,5,TCCACATCGTGGTGCTGGAC,0,33294
TSS_1414_storz_regulondb,0.16666666666666666,5,5,TCCAACAAGTATATTTTGTC,0,77680
TSS_1414_storz_regulondb,0.16666666666666666,5,5,TCATTGCTTTAAATCCGCCA,0,40391
TSS_1414_storz_regulondb,0.16666666666666666,5,5,TCATTACAGGAGATAACCGG,0,80462
TSS_1414_storz_regulondb,0.16666666666666666,5,5,TCATGATAGGCTGTGCTGAA,0,74472
TSS_1414_storz_regulondb,0.16666666666666666,5,5,TCATCTACTCTAAGCGCCCC,0,80007
TSS_1414_storz_regulondb,0.16666666666666666,5,5,TCATCAACAGCTTGGATTTT,0,39291
TSS_1414_storz_regulondb,0.16666666666666666,5,5,TCATAGCCGTCAGGTAATAA,0,45417
TSS_1414_storz_regulondb,0.16666666666666666,5,5,TCAGTTCCGGAATTGTGCTC,0,51418
TSS_1414_storz_regulondb,0.16666666666666666,5,5,TCAGTGGCTCTCGTGGACCC,0,78974
TSS_1414_storz_regulondb,0.16666666666666666,5,5,TCAGTCCTCAAAGCCCGGTA,0,677
TSS_1414_storz_regulondb,0.16666666666666666,5,5,TCAGTCCAAACGTTATTCAG,0,330
TSS_1414_storz_regulondb,0.16666666666666666,5,5,TCAGTCATAGACAGTGTACG,0,41605
TSS_1414_storz_regulondb,0.16666666666666666,5,5,TCAGTAGCTATGGTAGAAAT,0,11343
TSS_1414_storz_regulondb,0.16666666666666666,5,5,TCAGGTCAGAAGCGGAGGTG,0,16264
TSS_1414_storz_regulondb,0.16666666666666666,5,5,TCAGGCTGTACAACCGGTCT,0,5941
TSS_1414_storz_regulondb,0.16666666666666666,5,5,TCAGGCGCCGCCCGTGACGG,0,45051
TSS_1414_storz_regulondb,0.16666666666666666,5,5,TCAGGAACACTCCCGAATTG,0,36531
TSS_1414_storz_regulondb,0.16666666666666666,5,5,TCACTTGTAGCGAGACGATC,0,28789
TSS_1414_storz_regulondb,0.16666666666666666,5,5,TCACCTTATTTGTTAGTAAT,0,73457
TSS_1414_storz_regulondb,0.16666666666666666,5,5,TCACCTAATACTGCCGACAT,0,16537
TSS_1414_storz_regulondb,0.16666666666666666,5,5,TCACCGATTGCAATGATCAG,0,576
TSS_1414_storz_regulondb,0.16666666666666666,5,5,TCACATCAATAAGCCCGGTA,0,3237
TSS_1414_storz_regulondb,0.16666666666666666,5,5,TCACACCATAAGGACGGAGA,0,77639
TSS_1414_storz_regulondb,0.16666666666666666,5,5,TCAATGCACGTGGGAACGTA,0,69808
TSS_1414_storz_regulondb,0.16666666666666666,5,5,TCAAGTTGGCGATAATTCGT,0,17973
TSS_1414_storz_regulondb,0.16666666666666666,5,5,TCAAGTGCATATGCGATCGA,0,32571
TSS_1414_storz_regulondb,0.16666666666666666,5,5,TCAAGGATAAGCCGGCCCTC,0,40950
TSS_1414_storz_regulondb,0.16666666666666666,5,5,TCAAGCTCCCCCCGATGACC,0,80934
TSS_1414_storz_regulondb,0.16666666666666666,5,5,TCAACATCCAAAAGCGGGAT,0,19122
TSS_1414_storz_regulondb,0.16666666666666666,5,5,TCAAATGGTAGTCTCGAGAC,0,20200
TSS_1414_storz_regulondb,0.16666666666666666,5,5,TCAAACTGGGCTCCCCGGGG,0,12167
TSS_1414_storz_regulondb,0.16666666666666666,5,5,TCAAAAGGACGTGCCGTGAT,0,4577
TSS_1414_storz_regulondb,0.16666666666666666,5,5,TATTTGGGGTGGAAAATATA,0,41278
TSS_1414_storz_regulondb,0.16666666666666666,5,5,TATTTGCCGGCCACTGGCAT,0,8492
TSS_1414_storz_regulondb,0.16666666666666666,5,5,TATTGGTGGACTTAGTAATC,0,66789
TSS_1414_storz_regulondb,0.16666666666666666,5,5,TATTCACGCACCTAGTATGT,0,68540
TSS_1414_storz_regulondb,0.16666666666666666,5,5,TATTAGAACTTGCCGAAGGG,0,13832
TSS_1414_storz_regulondb,0.16666666666666666,5,5,TATTACGTATGGATGAATGC,0,15597
TSS_1414_storz_regulondb,0.16666666666666666,5,5,TATTAAATCGTTGAGCACTA,0,19981
TSS_1414_storz_regulondb,0.16666666666666666,5,5,TATGTATGGTACACACTGTC,0,59774
TSS_1414_storz_regulondb,0.16666666666666666,5,5,TATGGGTTGGAACTGGCTCG,0,56761
TSS_1414_storz_regulondb,0.16666666666666666,5,5,TATGGGGTTTCGAGGGAAGA,0,63495
TSS_1414_storz_regulondb,0.16666666666666666,5,5,TATGGATGGGGTGTCAAAAT,0,16730
TSS_1414_storz_regulondb,0.16666666666666666,5,5,TATGCTTCCAAAATTCCATG,0,5752
TSS_1414_storz_regulondb,0.16666666666666666,5,5,TATGCAAGTTGGTCAAAAGA,0,25151
TSS_1414_storz_regulondb,0.16666666666666666,5,5,TATGATTTACAGGATATTGC,0,3971
TSS_1414_storz_regulondb,0.16666666666666666,5,5,TATGAGTTGCGTTCCTCTTA,0,28457
TSS_1414_storz_regulondb,0.16666666666666666,5,5,TATCTAGAATGAGACTTACA,0,56419
TSS_1414_storz_regulondb,0.16666666666666666,5,5,TATCGCGGGTGGCATAAACC,0,28473
TSS_1414_storz_regulondb,0.16666666666666666,5,5,TATCGCCCTCTAGTACTTGG,0,19199
TSS_1414_storz_regulondb,0.16666666666666666,5,5,TATCCCGGAGCACTCGGTTA,0,53126
TSS_1414_storz_regulondb,0.16666666666666666,5,5,TATCCACGAACCTTGACTAA,0,56091
TSS_1414_storz_regulondb,0.16666666666666666,5,5,TATCCACACCTAGGGTGAGT,0,55303
TSS_1414_storz_regulondb,0.16666666666666666,5,5,TATCAGGACCGCTTAAGAAT,0,80223
TSS_1414_storz_regulondb,0.16666666666666666,5,5,TATAGGACGTCTGTACTCGA,0,71099
TSS_1414_storz_regulondb,0.16666666666666666,5,5,TATACTGTAGCACCTCGTTC,0,47280
TSS_1414_storz_regulondb,0.16666666666666666,5,5,TATACGGGCCTATCCCGGGA,0,29028
TSS_1414_storz_regulondb,0.16666666666666666,5,5,TATAAGACGATTCGCCGTAA,0,38733
TSS_1414_storz_regulondb,0.16666666666666666,5,5,TAGGTAGTAATATCCTGATG,0,28088
TSS_1414_storz_regulondb,0.16666666666666666,5,5,TAGGGTGATGGGCGTGCTCT,0,50212
TSS_1414_storz_regulondb,0.16666666666666666,5,5,TAGGGTAGGTTCGGAAGCAT,0,4062
TSS_1414_storz_regulondb,0.16666666666666666,5,5,TAGGGAGAGTTCCTGCTTGC,0,72884
TSS_1414_storz_regulondb,0.16666666666666666,5,5,TAGGCTGTAGCTAGGATAAC,0,51546
TSS_1414_storz_regulondb,0.16666666666666666,5,5,TAGGCGAAACACTAGCAGAT,0,49547
TSS_1414_storz_regulondb,0.16666666666666666,5,5,TAGGCCTCATGCTGTTGGAG,0,22383
TSS_1414_storz_regulondb,0.16666666666666666,5,5,TAGGACGCGCCTCCGCCGAC,0,56720
TSS_1414_storz_regulondb,0.16666666666666666,5,5,TAGGACATAAGATTACGCCG,0,1853
TSS_1414_storz_regulondb,0.16666666666666666,5,5,TAGCCCAGTCCCAATGTCCA,0,34799
TSS_1414_storz_regulondb,0.16666666666666666,5,5,TAGCAATCCTTTCATCAAAG,0,21422
TSS_1414_storz_regulondb,0.16666666666666666,5,5,TAGATCCGGGGAACGACGAG,0,79887
TSS_1414_storz_regulondb,0.16666666666666666,5,5,TAGATATTACAATGGCGCTG,0,61438
TSS_1414_storz_regulondb,0.16666666666666666,5,5,TAGAGGCGATCAAGAGGGGT,0,56606
TSS_1414_storz_regulondb,0.16666666666666666,5,5,TAGACCAGACGAAAATATCA,0,76268
TSS_1414_storz_regulondb,0.16666666666666666,5,5,TAGAATTGGCGTTGGCCCAT,0,16443
TSS_1414_storz_regulondb,0.16666666666666666,5,5,TAGAATCAGAGGCGCACTAA,0,9050
TSS_1414_storz_regulondb,0.16666666666666666,5,5,TAGAACTGGCATGCTTAAGC,0,42304
TSS_1414_storz_regulondb,0.16666666666666666,5,5,TAGAAAGACGAGATCTAGAG,0,70270
TSS_1414_storz_regulondb,0.16666666666666666,5,5,TACTTTTGCAAGGTATCATC,0,10429
TSS_1414_storz_regulondb,0.16666666666666666,5,5,TACTTCTTTACGGTGTCCAA,0,32832
TSS_1414_storz_regulondb,0.16666666666666666,5,5,TACTGTGTTGGGAATATCGG,0,62397
TSS_1414_storz_regulondb,0.16666666666666666,5,5,TACTGAAACTGTGCACAATG,0,67395
TSS_1414_storz_regulondb,0.16666666666666666,5,5,TACTCTGCATGAGGCTGCTC,0,29767
TSS_1414_storz_regulondb,0.16666666666666666,5,5,TACTCACATTAGTTACAGTT,0,63218
TSS_1414_storz_regulondb,0.16666666666666666,5,5,TACTAGCAATTAAGGGACCA,0,60225
TSS_1414_storz_regulondb,0.16666666666666666,5,5,TACTACACATAACATGTTCT,0,19133
TSS_1414_storz_regulondb,0.16666666666666666,5,5,TACGGGTAAATGTCAATTAG,0,9461
TSS_1414_storz_regulondb,0.16666666666666666,5,5,TACGGGCAAAGCAGTCCTTC,0,6495
TSS_1414_storz_regulondb,0.16666666666666666,5,5,TACGGACGGAAGCGACTTTC,0,40617
TSS_1414_storz_regulondb,0.16666666666666666,5,5,TACCTCTGAATACTTTGGAG,0,36753
TSS_1414_storz_regulondb,0.16666666666666666,5,5,TACCTAATTGCTTGGTGGCT,0,63584
TSS_1414_storz_regulondb,0.16666666666666666,5,5,TACCGGCCCAACGCATATGG,0,21320
TSS_1414_storz_regulondb,0.16666666666666666,5,5,TACCGCTCTAGCCACGCTAC,0,41857
TSS_1414_storz_regulondb,0.16666666666666666,5,5,TACCCATGTGAATTAACACG,0,47564
TSS_1414_storz_regulondb,0.16666666666666666,5,5,TACCAGATGAGTACAATATC,0,31710
TSS_1414_storz_regulondb,0.16666666666666666,5,5,TACCACACGTACAGTCATTT,0,16485
TSS_1414_storz_regulondb,0.16666666666666666,5,5,TACAGCAGAGATAGACTGAG,0,30034
TSS_1414_storz_regulondb,0.16666666666666666,5,5,TAATTGCGTATGGCTTAGGG,0,38077
TSS_1414_storz_regulondb,0.16666666666666666,5,5,TAATGTGTTTGCGGTCTGAT,0,59587
TSS_1414_storz_regulondb,0.16666666666666666,5,5,TAATGTCATCTTATGGCCCT,0,9760
TSS_1414_storz_regulondb,0.16666666666666666,5,5,TAATGCGCAAAGCGCTAAGT,0,7387
TSS_1414_storz_regulondb,0.16666666666666666,5,5,TAATGAAAGACATTCTTCTT,0,27646
TSS_1414_storz_regulondb,0.16666666666666666,5,5,TAATCGGTCAGCTGTAAATC,0,36829
TSS_1414_storz_regulondb,0.16666666666666666,5,5,TAATCGATTCGCTCCCCTTT,0,55409
TSS_1414_storz_regulondb,0.16666666666666666,5,5,TAATCCAGCCTAGCTCGTTG,0,19860
TSS_1414_storz_regulondb,0.16666666666666666,5,5,TAAGGACGCAGTCTTCACGA,0,30612
TSS_1414_storz_regulondb,0.16666666666666666,5,5,TAAGCGCGACACTCCAGAGG,0,66249
TSS_1414_storz_regulondb,0.16666666666666666,5,5,TAAGCCGATTATTATTGCTG,0,34228
TSS_1414_storz_regulondb,0.16666666666666666,5,5,TAAGCCCACCTTAACTGTCC,0,4522
TSS_1414_storz_regulondb,0.16666666666666666,5,5,TAAGACGGCTTTAGACCTAC,0,57298
TSS_1414_storz_regulondb,0.16666666666666666,5,5,TAACTTGTGGCATTAGCCAT,0,33340
TSS_1414_storz_regulondb,0.16666666666666666,5,5,TAACTTGCATAATTTAAAGC,0,32935
TSS_1414_storz_regulondb,0.16666666666666666,5,5,TAACTATGATTGGGTTTCCT,0,17842
TSS_1414_storz_regulondb,0.16666666666666666,5,5,TAACGTTCCGGTTAGACTTG,0,2455
TSS_1414_storz_regulondb,0.16666666666666666,5,5,TAACGTGAGAGTTCTTAACT,0,3302
TSS_1414_storz_regulondb,0.16666666666666666,5,5,TAACCTTGTTTCCGGCGTCC,0,40162
TSS_1414_storz_regulondb,0.16666666666666666,5,5,TAACCTCACTTATATCGTCA,0,36882
TSS_1414_storz_regulondb,0.16666666666666666,5,5,TAACATCCACGTGGTGTATC,0,61598
TSS_1414_storz_regulondb,0.16666666666666666,5,5,TAACAGTTAATCCATCTTCT,0,41032
TSS_1414_storz_regulondb,0.16666666666666666,5,5,TAAATGCCAGGCGTAGTCTT,0,2126
TSS_1414_storz_regulondb,0.16666666666666666,5,5,TAAACATTCGCTTTGTAAGA,0,20886
TSS_1414_storz_regulondb,0.16666666666666666,5,5,TAAAAGCGGAACTACCTGGC,0,24678
TSS_1414_storz_regulondb,0.16666666666666666,5,5,TAAAAATTAACCTCCCCGGT,0,13222
TSS_1414_storz_regulondb,0.16666666666666666,5,5,GTTTTCATTCCAATTCCGGC,0,74479
TSS_1414_storz_regulondb,0.16666666666666666,5,5,GTTTGGGAAGATTGAATTCT,0,63038
TSS_1414_storz_regulondb,0.16666666666666666,5,5,GTTTGGAGATTACCTACGCT,0,19973
TSS_1414_storz_regulondb,0.16666666666666666,5,5,GTTTCCGCTGTACCATCCGG,0,65549
TSS_1414_storz_regulondb,0.16666666666666666,5,5,GTTGTCTACAAGGCTTTTGG,0,48566
TSS_1414_storz_regulondb,0.16666666666666666,5,5,GTTGGCTTTAGGTACCATAG,0,30495
TSS_1414_storz_regulondb,0.16666666666666666,5,5,GTTGCCGCACGTAATCGCTA,0,23146
TSS_1414_storz_regulondb,0.16666666666666666,5,5,GTTGCCACCCAGATACCCCC,0,6307
TSS_1414_storz_regulondb,0.16666666666666666,5,5,GTTGATTTAATGCTCGACGG,0,77556
TSS_1414_storz_regulondb,0.16666666666666666,5,5,GTTGAGGTCCAGCTCTCCGG,0,3836
TSS_1414_storz_regulondb,0.16666666666666666,5,5,GTTGAGCCGGGACTTAGGTC,0,72889
TSS_1414_storz_regulondb,0.16666666666666666,5,5,GTTCGTTATTCACTCCAATG,0,76121
TSS_1414_storz_regulondb,0.16666666666666666,5,5,GTTCGTATTAGCACGTAGGA,0,8457
TSS_1414_storz_regulondb,0.16666666666666666,5,5,GTTCGAGCCAATCCATTGAC,0,74036
TSS_1414_storz_regulondb,0.16666666666666666,5,5,GTTCCTTGAGGGACCACAGC,0,51408
TSS_1414_storz_regulondb,0.16666666666666666,5,5,GTTCCGGATCAGAGCTCGGA,0,45608
TSS_1414_storz_regulondb,0.16666666666666666,5,5,GTTCCCCCTGGTATCATTTA,0,52820
TSS_1414_storz_regulondb,0.16666666666666666,5,5,GTTATGATTTGTGAAGAGAT,0,60650
TSS_1414_storz_regulondb,0.16666666666666666,5,5,GTTAGTGGTGCTCATCAAAA,0,50793
TSS_1414_storz_regulondb,0.16666666666666666,5,5,GTTAGACCCCGAAGTGGTAC,0,6961
TSS_1414_storz_regulondb,0.16666666666666666,5,5,GTTAGAAAAATGGCCCGTCA,0,5560
TSS_1414_storz_regulondb,0.16666666666666666,5,5,GTTAACGTTACATGGTAATG,0,1182
TSS_1414_storz_regulondb,0.16666666666666666,5,5,GTTAAAGACTACAGTTGAGC,0,48792
TSS_1414_storz_regulondb,0.16666666666666666,5,5,GTGTGCTTGTCCGTGTTCTT,0,71679
TSS_1414_storz_regulondb,0.16666666666666666,5,5,GTGTCGTGTCCGCCTCCGCC,0,27418
TSS_1414_storz_regulondb,0.16666666666666666,5,5,GTGTCCCCCAGCATAAACCA,0,15840
TSS_1414_storz_regulondb,0.16666666666666666,5,5,GTGTAGTGGGTCGCTATGGA,0,54770
TSS_1414_storz_regulondb,0.16666666666666666,5,5,GTGTACTGATTAACACACAT,0,80257
TSS_1414_storz_regulondb,0.16666666666666666,5,5,GTGTAATTTAGCATCGAGGT,0,9950
TSS_1414_storz_regulondb,0.16666666666666666,5,5,GTGGTAGCGAAGGGCACTCG,0,54621
TSS_1414_storz_regulondb,0.16666666666666666,5,5,GTGGGTCTTTCCAGTGCAGA,0,39620
TSS_1414_storz_regulondb,0.16666666666666666,5,5,GTGGGGCCGGGTATTATGTT,0,24809
TSS_1414_storz_regulondb,0.16666666666666666,5,5,GTGGGGAGAACTACGAAGTT,0,13175
TSS_1414_storz_regulondb,0.16666666666666666,5,5,GTGGGGAAGCAGGGCGGTAT,0,32083
TSS_1414_storz_regulondb,0.16666666666666666,5,5,GTGGGATAACACGACGGTAC,0,34665
TSS_1414_storz_regulondb,0.16666666666666666,5,5,GTGGCTGATTAGCGGTTAAA,0,23351
TSS_1414_storz_regulondb,0.16666666666666666,5,5,GTGGCGGAAAACTCTTTCGG,0,24322
TSS_1414_storz_regulondb,0.16666666666666666,5,5,GTGGCACTGGGTTTGCCGGA,0,56841
TSS_1414_storz_regulondb,0.16666666666666666,5,5,GTGGAAGTATTGGACTGCGG,0,16300
TSS_1414_storz_regulondb,0.16666666666666666,5,5,GTGGAAAAAGCCCCTGTAGC,0,55169
TSS_1414_storz_regulondb,0.16666666666666666,5,5,GTGCTCAGGCAGACAGGAGC,0,12275
TSS_1414_storz_regulondb,0.16666666666666666,5,5,GTGCGGGGCGGTTTTAGTAA,0,16518
TSS_1414_storz_regulondb,0.16666666666666666,5,5,GTGCCTAACCGTAGTTAACA,0,66200
TSS_1414_storz_regulondb,0.16666666666666666,5,5,GTGCAAGAAGCCAACCAGCA,0,50021
TSS_1414_storz_regulondb,0.16666666666666666,5,5,GTGCAAATGGAGCGCATACC,0,41336
TSS_1414_storz_regulondb,0.16666666666666666,5,5,GTGATTGGCGATGGTACCTG,0,24444
TSS_1414_storz_regulondb,0.16666666666666666,5,5,GTGATGACCAAAGAGAGTTC,0,52034
TSS_1414_storz_regulondb,0.16666666666666666,5,5,GTGAGGCAGGAAGCTATATA,0,48314
TSS_1414_storz_regulondb,0.16666666666666666,5,5,GTGAGCTGGGTCAAGATCTA,0,30897
TSS_1414_storz_regulondb,0.16666666666666666,5,5,GTGACATTTGTTTAGGTTAA,0,45655
TSS_1414_storz_regulondb,0.16666666666666666,5,5,GTGACAAGATCCACCGAATC,0,54249
TSS_1414_storz_regulondb,0.16666666666666666,5,5,GTGAAGTCTAGAGAACTCCA,0,37413
TSS_1414_storz_regulondb,0.16666666666666666,5,5,GTGAAGAGTAACGTCTGGTT,0,80504
TSS_1414_storz_regulondb,0.16666666666666666,5,5,GTCTTTTGATCCCGATTTCT,0,35699
TSS_1414_storz_regulondb,0.16666666666666666,5,5,GTCTGAATTTGACACGGACA,0,12900
TSS_1414_storz_regulondb,0.16666666666666666,5,5,GTCTCTGCGGAAATATGGAC,0,11933
TSS_1414_storz_regulondb,0.16666666666666666,5,5,GTCGTTTGCTTTATAATCGT,0,78047
TSS_1414_storz_regulondb,0.16666666666666666,5,5,GTCGTTAAGACCTGTAGTAG,0,12015
TSS_1414_storz_regulondb,0.16666666666666666,5,5,GTCGTCGTGCCCCACCTAGT,0,23439
TSS_1414_storz_regulondb,0.16666666666666666,5,5,GTCGTAATACGCATAGCTTT,0,62535
TSS_1414_storz_regulondb,0.16666666666666666,5,5,GTCGCGCCTATTAACTGTAA,0,17244
TSS_1414_storz_regulondb,0.16666666666666666,5,5,GTCGCAATCCGCTTAATGGA,0,1692
TSS_1414_storz_regulondb,0.16666666666666666,5,5,GTCGATGTTACTGGTTTTTG,0,22590
TSS_1414_storz_regulondb,0.16666666666666666,5,5,GTCGAGATTGGCTCATTGTA,0,62341
TSS_1414_storz_regulondb,0.16666666666666666,5,5,GTCGAGACTCGGTGGATCGT,0,9435
TSS_1414_storz_regulondb,0.16666666666666666,5,5,GTCGAACTCAACGGCGGTTG,0,20919
TSS_1414_storz_regulondb,0.16666666666666666,5,5,GTCCTCGCGGGACCACAAAC,0,34319
TSS_1414_storz_regulondb,0.16666666666666666,5,5,GTCCTATGACGATATCAATT,0,15668
TSS_1414_storz_regulondb,0.16666666666666666,5,5,GTCCCGAAAATTGAGGGATC,0,45931
TSS_1414_storz_regulondb,0.16666666666666666,5,5,GTCCCCTGGGCACGGCAGCA,0,15272
TSS_1414_storz_regulondb,0.16666666666666666,5,5,GTCCCCTAGTTCACAAGAAC,0,48329
TSS_1414_storz_regulondb,0.16666666666666666,5,5,GTCCACGGGAATGCCTTTCA,0,72613
TSS_1414_storz_regulondb,0.16666666666666666,5,5,GTCCAAGGCGTCACCGTTTA,0,29068
TSS_1414_storz_regulondb,0.16666666666666666,5,5,GTCATTGGCCTCTAACCATA,0,65163
TSS_1414_storz_regulondb,0.16666666666666666,5,5,GTCATGACAGCAGGCTCTAA,0,299
TSS_1414_storz_regulondb,0.16666666666666666,5,5,GTCAGAGACCTCTTTCTTAA,0,4364
TSS_1414_storz_regulondb,0.16666666666666666,5,5,GTCACCACAGAGGGACTCGC,0,65095
TSS_1414_storz_regulondb,0.16666666666666666,5,5,GTCAATTAACCTGAACCGGG,0,25243
TSS_1414_storz_regulondb,0.16666666666666666,5,5,GTCAATGGACTACCAGGGCG,0,73411
TSS_1414_storz_regulondb,0.16666666666666666,5,5,GTCAATCGAGGTGAGCCGTG,0,33634
TSS_1414_storz_regulondb,0.16666666666666666,5,5,GTCAACACGGGTTGACTTTT,0,63545
TSS_1414_storz_regulondb,0.16666666666666666,5,5,GTATGGGCTCCCGTTCCTTA,0,2433
TSS_1414_storz_regulondb,0.16666666666666666,5,5,GTATATGCGGATTAGCGACG,0,33849
TSS_1414_storz_regulondb,0.16666666666666666,5,5,GTATAGTTCTAGGGGGGCTG,0,25647
TSS_1414_storz_regulondb,0.16666666666666666,5,5,GTAGTTTTGAGGCGAAGGAA,0,35900
TSS_1414_storz_regulondb,0.16666666666666666,5,5,GTAGTGGTCTCGATGGCTGG,0,74351
TSS_1414_storz_regulondb,0.16666666666666666,5,5,GTAGTAGTTAATACATCCTT,0,12406
TSS_1414_storz_regulondb,0.16666666666666666,5,5,GTAGGTATTGAGTTACGGGA,0,66711
TSS_1414_storz_regulondb,0.16666666666666666,5,5,GTAGGGGATACGCGTATCGC,0,49829
TSS_1414_storz_regulondb,0.16666666666666666,5,5,GTAGGGATGATATTCCCCGA,0,46796
TSS_1414_storz_regulondb,0.16666666666666666,5,5,GTAGGCCAGAGATTAGGGAC,0,55819
TSS_1414_storz_regulondb,0.16666666666666666,5,5,GTAGGAAAGTACGTACAGCA,0,71820
TSS_1414_storz_regulondb,0.16666666666666666,5,5,GTAGCGAAGGAGAACGAGCT,0,76632
TSS_1414_storz_regulondb,0.16666666666666666,5,5,GTAGCATGCAATGTAACAGG,0,11347
TSS_1414_storz_regulondb,0.16666666666666666,5,5,GTAGAAATAATATGAGCGTC,0,59215
TSS_1414_storz_regulondb,0.16666666666666666,5,5,GTACTCTTCCGTCTGTCCTA,0,33334
TSS_1414_storz_regulondb,0.16666666666666666,5,5,GTACTACCAATTCTTCGGTA,0,75732
TSS_1414_storz_regulondb,0.16666666666666666,5,5,GTACTACATAATAGGTGTCT,0,60930
TSS_1414_storz_regulondb,0.16666666666666666,5,5,GTACGTATTGTAGTCTATAC,0,79944
TSS_1414_storz_regulondb,0.16666666666666666,5,5,GTACGCTTGCGAGGGGGTTT,0,20806
TSS_1414_storz_regulondb,0.16666666666666666,5,5,GTACGCATATAACTGGGAAA,0,24164
TSS_1414_storz_regulondb,0.16666666666666666,5,5,GTACGATTGTCACCTCGCCA,0,79573
TSS_1414_storz_regulondb,0.16666666666666666,5,5,GTACGATGAGATGGGCGTCC,0,24222
TSS_1414_storz_regulondb,0.16666666666666666,5,5,GTACCGCGCAGTGTGTAGCA,0,71535
TSS_1414_storz_regulondb,0.16666666666666666,5,5,GTACCATGACGTTAGTCCTA,0,25303
TSS_1414_storz_regulondb,0.16666666666666666,5,5,GTACACAGGAATCGGCGAGC,0,12663
TSS_1414_storz_regulondb,0.16666666666666666,5,5,GTAATTTTTTTAAGGCTAAA,0,42095
TSS_1414_storz_regulondb,0.16666666666666666,5,5,GTAATCGCCAGGTCATTACA,0,26688
TSS_1414_storz_regulondb,0.16666666666666666,5,5,GTAAGTGTGAATACGCAATA,0,41030
TSS_1414_storz_regulondb,0.16666666666666666,5,5,GTAACTCGTTCCTACCATAT,0,71130
TSS_1414_storz_regulondb,0.16666666666666666,5,5,GTAAATTGTATAGTGTTCAC,0,21145
TSS_1414_storz_regulondb,0.16666666666666666,5,5,GTAAAGCCAGGACACGCCAC,0,27007
TSS_1414_storz_regulondb,0.16666666666666666,5,5,GGTTTTACAAATGTAGCGGG,0,14648
TSS_1414_storz_regulondb,0.16666666666666666,5,5,GGTTGGCCGCATGACGCAAA,0,34840
TSS_1414_storz_regulondb,0.16666666666666666,5,5,GGTTCGCGCTTCTTCATCGT,0,56290
TSS_1414_storz_regulondb,0.16666666666666666,5,5,GGTTAGGTTACATCAGCCTG,0,56647
TSS_1414_storz_regulondb,0.16666666666666666,5,5,GGTTACGACAAATTTTAGAT,0,9841
TSS_1414_storz_regulondb,0.16666666666666666,5,5,GGTTACCCCCCTCGGCCAGA,0,11224
TSS_1414_storz_regulondb,0.16666666666666666,5,5,GGTGTGCAATGTGTACCACT,0,23243
TSS_1414_storz_regulondb,0.16666666666666666,5,5,GGTGGTAGCACGTCACGAAA,0,16697
TSS_1414_storz_regulondb,0.16666666666666666,5,5,GGTGGAATTGGCAGGCATAA,0,28187
TSS_1414_storz_regulondb,0.16666666666666666,5,5,GGTGCGAGAATTAAGAGGAA,0,13053
TSS_1414_storz_regulondb,0.16666666666666666,5,5,GGTGATGGCCCATGAAGGAG,0,74911
TSS_1414_storz_regulondb,0.16666666666666666,5,5,GGTGAGGGCTGACTTCGATA,0,76192
TSS_1414_storz_regulondb,0.16666666666666666,5,5,GGTCTCGGGACTGGGGGCTT,0,51868
TSS_1414_storz_regulondb,0.16666666666666666,5,5,GGTCCGGTTCACAGGAGCTG,0,55176
TSS_1414_storz_regulondb,0.16666666666666666,5,5,GGTATGAGATGGGGGATGCG,0,1169
TSS_1414_storz_regulondb,0.16666666666666666,5,5,GGTAGTCTGCCTTCTCAGCT,0,8906
TSS_1414_storz_regulondb,0.16666666666666666,5,5,GGTACCTGAAATACTGCGGA,0,20042
TSS_1414_storz_regulondb,0.16666666666666666,5,5,GGTACATCGCGGGCTCCAGG,0,69285
TSS_1414_storz_regulondb,0.16666666666666666,5,5,GGTAACCCCGCATAGAACAC,0,40041
TSS_1414_storz_regulondb,0.16666666666666666,5,5,GGTAAAAACGGACGTGGGGG,0,24165
TSS_1414_storz_regulondb,0.16666666666666666,5,5,GGGTTAGTTCTTATCCGAAG,0,45304
TSS_1414_storz_regulondb,0.16666666666666666,5,5,GGGTCTTAGAATACACTATA,0,69068
TSS_1414_storz_regulondb,0.16666666666666666,5,5,GGGTCCTACCGGCGACCAGT,0,18869
TSS_1414_storz_regulondb,0.16666666666666666,5,5,GGGTCCAACAGTGCGGACTG,0,7796
TSS_1414_storz_regulondb,0.16666666666666666,5,5,GGGTAGCGTTGCTGTAGCCA,0,43805
TSS_1414_storz_regulondb,0.16666666666666666,5,5,GGGTACTTAATCTATTGGTG,0,66048
TSS_1414_storz_regulondb,0.16666666666666666,5,5,GGGTAAACCAGACCCGGGCT,0,63942
TSS_1414_storz_regulondb,0.16666666666666666,5,5,GGGGGTCCCCTATCCTATAC,0,69562
TSS_1414_storz_regulondb,0.16666666666666666,5,5,GGGGGCGGCTACTCATATCG,0,60392
TSS_1414_storz_regulondb,0.16666666666666666,5,5,GGGGCATATCGCGCCGGTCA,0,69759
TSS_1414_storz_regulondb,0.16666666666666666,5,5,GGGGCACTTGAACGCTGGCT,0,33165
TSS_1414_storz_regulondb,0.16666666666666666,5,5,GGGGATCTCGGCCGGCTCGT,0,57978
TSS_1414_storz_regulondb,0.16666666666666666,5,5,GGGGAAGCACCGCAAGGTGA,0,62118
TSS_1414_storz_regulondb,0.16666666666666666,5,5,GGGCTTGCGGACCCGGAAAG,0,58947
TSS_1414_storz_regulondb,0.16666666666666666,5,5,GGGCTGTCCTTTTTGACAAA,0,12122
TSS_1414_storz_regulondb,0.16666666666666666,5,5,GGGCTCGACCAGCCCGTGCA,0,16377
TSS_1414_storz_regulondb,0.16666666666666666,5,5,GGGCTACGACATGGCCCGCT,0,36013
TSS_1414_storz_regulondb,0.16666666666666666,5,5,GGGCTACACTGCTGCCACCA,0,70819
TSS_1414_storz_regulondb,0.16666666666666666,5,5,GGGCGGGCGAAGACATTCAT,0,15105
TSS_1414_storz_regulondb,0.16666666666666666,5,5,GGGCCTCTAGAATTTTTTTC,0,65687
TSS_1414_storz_regulondb,0.16666666666666666,5,5,GGGATTCTTAATTTAGGAAC,0,73749
TSS_1414_storz_regulondb,0.16666666666666666,5,5,GGGATGGAAAGCAGTGCTGT,0,48511
TSS_1414_storz_regulondb,0.16666666666666666,5,5,GGGAGTTACTATCAGAAATA,0,17970
TSS_1414_storz_regulondb,0.16666666666666666,5,5,GGGAGGTGCCGTACGGATCT,0,1569
TSS_1414_storz_regulondb,0.16666666666666666,5,5,GGGACGGCCCGCTTGGTTCT,0,17523
TSS_1414_storz_regulondb,0.16666666666666666,5,5,GGGAAAGGGTCATCGGCTAT,0,48852
TSS_1414_storz_regulondb,0.16666666666666666,5,5,GGCTTTTCGGGTACCGATCG,0,69188
TSS_1414_storz_regulondb,0.16666666666666666,5,5,GGCTTGTTCCGTAGGTCGAT,0,11048
TSS_1414_storz_regulondb,0.16666666666666666,5,5,GGCTTCGCTAGGGTAACTGC,0,7752
TSS_1414_storz_regulondb,0.16666666666666666,5,5,GGCTGTTGCGTCAACTCCGG,0,16772
TSS_1414_storz_regulondb,0.16666666666666666,5,5,GGCTGTTCGGTACCGAGCCA,0,42306
TSS_1414_storz_regulondb,0.16666666666666666,5,5,GGCTGCCTGTAAGAACGATC,0,34265
TSS_1414_storz_regulondb,0.16666666666666666,5,5,GGCTGAATAACCGAAAAAGC,0,56656
TSS_1414_storz_regulondb,0.16666666666666666,5,5,GGCTCTGTAGGGGGCCATTT,0,9745
TSS_1414_storz_regulondb,0.16666666666666666,5,5,GGCTAGAGCACAGTCGGCTG,0,80304
TSS_1414_storz_regulondb,0.16666666666666666,5,5,GGCTACTCGGGGTGATTTTG,0,54777
TSS_1414_storz_regulondb,0.16666666666666666,5,5,GGCGTGACGATAGTCTGGCG,0,16660
TSS_1414_storz_regulondb,0.16666666666666666,5,5,GGCGTATACTTTTGGAGAAA,0,33330
TSS_1414_storz_regulondb,0.16666666666666666,5,5,GGCGTACGTATACACACACA,0,62198
TSS_1414_storz_regulondb,0.16666666666666666,5,5,GGCGGGCGGTCCGCTCCATG,0,47101
TSS_1414_storz_regulondb,0.16666666666666666,5,5,GGCGGGAGCCAGGATCTTGC,0,45345
TSS_1414_storz_regulondb,0.16666666666666666,5,5,GGCGGGAAGACGCCGACCAT,0,26745
TSS_1414_storz_regulondb,0.16666666666666666,5,5,GGCGGCGCGAAGAGTGGCTG,0,53426
TSS_1414_storz_regulondb,0.16666666666666666,5,5,GGCGGCGCATAACTCCTCGC,0,57578
TSS_1414_storz_regulondb,0.16666666666666666,5,5,GGCGGCCCCAGCATGAGGTG,0,56275
TSS_1414_storz_regulondb,0.16666666666666666,5,5,GGCGCATGGTGCATGTTCCT,0,20913
TSS_1414_storz_regulondb,0.16666666666666666,5,5,GGCGAGGAGTTTTTGTTACC,0,32370
TSS_1414_storz_regulondb,0.16666666666666666,5,5,GGCCTGCGCGTAACCGATGG,0,25049
TSS_1414_storz_regulondb,0.16666666666666666,5,5,GGCCTGATACTTGATCGAGA,0,20356
TSS_1414_storz_regulondb,0.16666666666666666,5,5,GGCCTCAGAGCACCGTTCAT,0,59053
TSS_1414_storz_regulondb,0.16666666666666666,5,5,GGCCGGCCAGGCTGTAAATG,0,50017
TSS_1414_storz_regulondb,0.16666666666666666,5,5,GGCCCTCAAGGAACTCTAAC,0,8320
TSS_1414_storz_regulondb,0.16666666666666666,5,5,GGCATTCCGAGGGATATGAC,0,26939
TSS_1414_storz_regulondb,0.16666666666666666,5,5,GGCATGCAAGTGGATATGTA,0,56288
TSS_1414_storz_regulondb,0.16666666666666666,5,5,GGCATAACGAGAGTCTATTC,0,55203
TSS_1414_storz_regulondb,0.16666666666666666,5,5,GGCAGTTATACGTCGAGTAA,0,65560
TSS_1414_storz_regulondb,0.16666666666666666,5,5,GGCAGGGGGCGCATTTTGTC,0,74498
TSS_1414_storz_regulondb,0.16666666666666666,5,5,GGCAGCACGGGCTAGCACAC,0,17040
TSS_1414_storz_regulondb,0.16666666666666666,5,5,GGCAGATCTGCAAGGTACTT,0,36401
TSS_1414_storz_regulondb,0.16666666666666666,5,5,GGCACTCTGACAACGAAATC,0,48055
TSS_1414_storz_regulondb,0.16666666666666666,5,5,GGCACAGGTATGCCAGGTTA,0,49220
TSS_1414_storz_regulondb,0.16666666666666666,5,5,GGCACAATTGGCCACGTTAT,0,11495
TSS_1414_storz_regulondb,0.16666666666666666,5,5,GGCAATGCCTTGGACGCGCG,0,69119
TSS_1414_storz_regulondb,0.16666666666666666,5,5,GGCAATACTTCGTGCGAGCC,0,28625
TSS_1414_storz_regulondb,0.16666666666666666,5,5,GGCAAGCCGACTTAATACCT,0,46795
TSS_1414_storz_regulondb,0.16666666666666666,5,5,GGCAAGAACGGACCTGGTCG,0,71241
TSS_1414_storz_regulondb,0.16666666666666666,5,5,GGATTGATCCAGCCAGGAGT,0,17422
TSS_1414_storz_regulondb,0.16666666666666666,5,5,GGATTCCAGTAGATCGTCCT,0,48572
TSS_1414_storz_regulondb,0.16666666666666666,5,5,GGATGACTTACAGTCCGCGC,0,65143
TSS_1414_storz_regulondb,0.16666666666666666,5,5,GGATGACAAGAACCGGTCAG,0,74782
TSS_1414_storz_regulondb,0.16666666666666666,5,5,GGATCAAAGTGAAATCTCAC,0,22918
TSS_1414_storz_regulondb,0.16666666666666666,5,5,GGATAGACCCAGGGCAAATT,0,29304
TSS_1414_storz_regulondb,0.16666666666666666,5,5,GGATAGAATACCGATTTGGA,0,39331
TSS_1414_storz_regulondb,0.16666666666666666,5,5,GGAGGCCCCCAATCCAAATT,0,45295
TSS_1414_storz_regulondb,0.16666666666666666,5,5,GGAGGCCAGCAGACGAGCCC,0,70079
TSS_1414_storz_regulondb,0.16666666666666666,5,5,GGAGCAATGCCGAGTAAATC,0,76559
TSS_1414_storz_regulondb,0.16666666666666666,5,5,GGACGTTTACATTTCGTATA,0,16533
TSS_1414_storz_regulondb,0.16666666666666666,5,5,GGACGTTGGGAGTTTAACCA,0,78650
TSS_1414_storz_regulondb,0.16666666666666666,5,5,GGACGGACACAAGACGCACG,0,65546
TSS_1414_storz_regulondb,0.16666666666666666,5,5,GGACGCAGTGTTTGCAGAGA,0,39793
TSS_1414_storz_regulondb,0.16666666666666666,5,5,GGACCGTAGGGTTGGCCATG,0,71781
TSS_1414_storz_regulondb,0.16666666666666666,5,5,GGACACTGGCCGTCCAGCTC,0,37670
TSS_1414_storz_regulondb,0.16666666666666666,5,5,GGACACGTAGGTTCACCTCA,0,11911
TSS_1414_storz_regulondb,0.16666666666666666,5,5,GGAAACTGGGGCACCTGATA,0,19034
TSS_1414_storz_regulondb,0.16666666666666666,5,5,GCTTGATCTTACGTTGTAGT,0,42688
TSS_1414_storz_regulondb,0.16666666666666666,5,5,GCTTCATGCTCACCGGATAT,0,57413
TSS_1414_storz_regulondb,0.16666666666666666,5,5,GCTTCAGAACGTGCTAGGTC,0,45314
TSS_1414_storz_regulondb,0.16666666666666666,5,5,GCTTATGTTCAGGCCGATCT,0,41727
TSS_1414_storz_regulondb,0.16666666666666666,5,5,GCTTAGCACGCCTATCAGCA,0,40907
TSS_1414_storz_regulondb,0.16666666666666666,5,5,GCTTAGATGGTATGCTTTCC,0,38659
TSS_1414_storz_regulondb,0.16666666666666666,5,5,GCTGTGTACTTCCCGTCGGA,0,8080
TSS_1414_storz_regulondb,0.16666666666666666,5,5,GCTGTGGGAGACTATTATAG,0,257
TSS_1414_storz_regulondb,0.16666666666666666,5,5,GCTGTCAAAACATACGGACA,0,75199
TSS_1414_storz_regulondb,0.16666666666666666,5,5,GCTGTATAGAGGGTTCCGCG,0,45715
TSS_1414_storz_regulondb,0.16666666666666666,5,5,GCTGGCGCCCTCAGGTATGT,0,5338
TSS_1414_storz_regulondb,0.16666666666666666,5,5,GCTGCTCCGGAAATATTGTT,0,55768
TSS_1414_storz_regulondb,0.16666666666666666,5,5,GCTGCTATATCTTCGCGGCT,0,62123
TSS_1414_storz_regulondb,0.16666666666666666,5,5,GCTCGGGGTGGCGCTGCAAT,0,32786
TSS_1414_storz_regulondb,0.16666666666666666,5,5,GCTCCGACGTCTAGCTAGTT,0,7404
TSS_1414_storz_regulondb,0.16666666666666666,5,5,GCTAGCTGTTACAAGGTTGC,0,75802
TSS_1414_storz_regulondb,0.16666666666666666,5,5,GCTAGATAGGCCTAATTGCG,0,20897
TSS_1414_storz_regulondb,0.16666666666666666,5,5,GCTAATTACAATACAGTACT,0,69873
TSS_1414_storz_regulondb,0.16666666666666666,5,5,GCTAACTGAGCTTCAATGCA,0,65928
TSS_1414_storz_regulondb,0.16666666666666666,5,5,GCGTGGTTCACACGGGCCTG,0,59304
TSS_1414_storz_regulondb,0.16666666666666666,5,5,GCGTGATAAAAGCAGCTCTC,0,12970
TSS_1414_storz_regulondb,0.16666666666666666,5,5,GCGTCCAGAGGCTTGTGAGT,0,18715
TSS_1414_storz_regulondb,0.16666666666666666,5,5,GCGTCAATAGAGTTGGTCCG,0,61803
TSS_1414_storz_regulondb,0.16666666666666666,5,5,GCGGTGGCAACAGGGACGGT,0,62097
TSS_1414_storz_regulondb,0.16666666666666666,5,5,GCGGTCAGGAGTGGGGAGGT,0,35788
TSS_1414_storz_regulondb,0.16666666666666666,5,5,GCGGGTCGAATACCCGGTTG,0,71862
TSS_1414_storz_regulondb,0.16666666666666666,5,5,GCGGCATCGGTTGAAGGCTC,0,64
TSS_1414_storz_regulondb,0.16666666666666666,5,5,GCGGCAAGCAATTGGATGGT,0,79049
TSS_1414_storz_regulondb,0.16666666666666666,5,5,GCGGATAGGGGCCACGGTTG,0,14396
TSS_1414_storz_regulondb,0.16666666666666666,5,5,GCGGAGTGTGCCTTGGCGGC,0,24466
TSS_1414_storz_regulondb,0.16666666666666666,5,5,GCGCTTTTTCATACCTCTTT,0,23050
TSS_1414_storz_regulondb,0.16666666666666666,5,5,GCGCTCGCATATGGTAACTA,0,39369
TSS_1414_storz_regulondb,0.16666666666666666,5,5,GCGCGTCAGTTATCGGCCAA,0,38506
TSS_1414_storz_regulondb,0.16666666666666666,5,5,GCGCCAAGGACGACTCCGGG,0,7785
TSS_1414_storz_regulondb,0.16666666666666666,5,5,GCGCATTCTTTTGGCCATGT,0,41512
TSS_1414_storz_regulondb,0.16666666666666666,5,5,GCGCACTCTTGAGGTGTTCA,0,9626
TSS_1414_storz_regulondb,0.16666666666666666,5,5,GCGCAAACAAACCTAGATTT,0,55495
TSS_1414_storz_regulondb,0.16666666666666666,5,5,GCGATTCAGGTGACGAACTC,0,56209
TSS_1414_storz_regulondb,0.16666666666666666,5,5,GCGATGAATTAACAGCAGTC,0,74883
TSS_1414_storz_regulondb,0.16666666666666666,5,5,GCGATCGCGTGTTAAAAGAA,0,76017
TSS_1414_storz_regulondb,0.16666666666666666,5,5,GCGATCCTAGTTCGGGGGGA,0,29487
TSS_1414_storz_regulondb,0.16666666666666666,5,5,GCGAGATCCAGAGATTAAGA,0,18444
TSS_1414_storz_regulondb,0.16666666666666666,5,5,GCGACTTAGGTCGAACATTT,0,54494
TSS_1414_storz_regulondb,0.16666666666666666,5,5,GCGACCCAGTCAAGAACAGA,0,294
TSS_1414_storz_regulondb,0.16666666666666666,5,5,GCGAATAAGTGCGCCGCTGA,0,47409
TSS_1414_storz_regulondb,0.16666666666666666,5,5,GCCTTCACTCACACACGCTG,0,7388
TSS_1414_storz_regulondb,0.16666666666666666,5,5,GCCTGTGTGTAACGCGGCGT,0,32494
TSS_1414_storz_regulondb,0.16666666666666666,5,5,GCCTGATGTGGGCATGTTAA,0,5546
TSS_1414_storz_regulondb,0.16666666666666666,5,5,GCCTCAATATAGTCCAGGCC,0,69046
TSS_1414_storz_regulondb,0.16666666666666666,5,5,GCCTATTCAATCCTCTTCGT,0,59128
TSS_1414_storz_regulondb,0.16666666666666666,5,5,GCCTAGGTGACCCAATTCGA,0,8327
TSS_1414_storz_regulondb,0.16666666666666666,5,5,GCCGGGTAGGGGCCAGTAAA,0,32520
TSS_1414_storz_regulondb,0.16666666666666666,5,5,GCCGGGTAATGCATCACGAT,0,61109
TSS_1414_storz_regulondb,0.16666666666666666,5,5,GCCGGATATCGGGTCCGGTT,0,61194
TSS_1414_storz_regulondb,0.16666666666666666,5,5,GCCGCTCACTTCGGAAATTA,0,80927
TSS_1414_storz_regulondb,0.16666666666666666,5,5,GCCGCCGGCTCACCACACGG,0,76584
TSS_1414_storz_regulondb,0.16666666666666666,5,5,GCCGCCAGAGGTGTACGATT,0,58101
TSS_1414_storz_regulondb,0.16666666666666666,5,5,GCCGAGGCGGCCATTGCCCT,0,54031
TSS_1414_storz_regulondb,0.16666666666666666,5,5,GCCGAGGAGCCTTCCCTACA,0,35926
TSS_1414_storz_regulondb,0.16666666666666666,5,5,GCCGACGGGTTAAGATTAAT,0,65204
TSS_1414_storz_regulondb,0.16666666666666666,5,5,GCCGACAAGGATGCTAGATT,0,28212
TSS_1414_storz_regulondb,0.16666666666666666,5,5,GCCCTTCTGGAAAAGATGTA,0,6221
TSS_1414_storz_regulondb,0.16666666666666666,5,5,GCCCCTAGTAAGTAGAATAT,0,70661
TSS_1414_storz_regulondb,0.16666666666666666,5,5,GCCCCAGACGAGCATGGCCC,0,36299
TSS_1414_storz_regulondb,0.16666666666666666,5,5,GCCATGGGTGATGCTAGGTT,0,4283
TSS_1414_storz_regulondb,0.16666666666666666,5,5,GCCAGGCGCATCCCGGAGGG,0,76571
TSS_1414_storz_regulondb,0.16666666666666666,5,5,GCCACTGTGATGCGCCGACC,0,41855
TSS_1414_storz_regulondb,0.16666666666666666,5,5,GCCACACGTGTAGCTGACGT,0,28944
TSS_1414_storz_regulondb,0.16666666666666666,5,5,GCCACACCTCCTGGGCCGGA,0,26946
TSS_1414_storz_regulondb,0.16666666666666666,5,5,GCCAATTATAAGCGCCATGG,0,49218
TSS_1414_storz_regulondb,0.16666666666666666,5,5,GCCAAATTCTGCTTACTATC,0,64429
TSS_1414_storz_regulondb,0.16666666666666666,5,5,GCATTTTCCATTGTTGCTGA,0,49347
TSS_1414_storz_regulondb,0.16666666666666666,5,5,GCATGTGGATCTAACTTAAT,0,39244
TSS_1414_storz_regulondb,0.16666666666666666,5,5,GCATGCAGTCCGTACAGCCA,0,65724
TSS_1414_storz_regulondb,0.16666666666666666,5,5,GCATAGGCCTCCCGGCGCGG,0,74356
TSS_1414_storz_regulondb,0.16666666666666666,5,5,GCAGTTACGCGTGAAAATGT,0,8
TSS_1414_storz_regulondb,0.16666666666666666,5,5,GCAGTCTCCAGGTGCCATTA,0,6499
TSS_1414_storz_regulondb,0.16666666666666666,5,5,GCAGTCATGTGTCTGCATAT,0,23068
TSS_1414_storz_regulondb,0.16666666666666666,5,5,GCAGGCGGATTGGTGAGATA,0,74145
TSS_1414_storz_regulondb,0.16666666666666666,5,5,GCACTAGCATCTCCGTGATA,0,71219
TSS_1414_storz_regulondb,0.16666666666666666,5,5,GCACCTTGAACTCCAGGTGA,0,69308
TSS_1414_storz_regulondb,0.16666666666666666,5,5,GCACCGGGACCCTAGGGCCA,0,28965
TSS_1414_storz_regulondb,0.16666666666666666,5,5,GCACCGAATGGAAGGGACAA,0,15967
TSS_1414_storz_regulondb,0.16666666666666666,5,5,GCACATGGCACTTAATGTGT,0,34968
TSS_1414_storz_regulondb,0.16666666666666666,5,5,GCACAGAGCTCGGCCCGGGG,0,36587
TSS_1414_storz_regulondb,0.16666666666666666,5,5,GCACAAAACGTTCAGCTTAT,0,61092
TSS_1414_storz_regulondb,0.16666666666666666,5,5,GCAATTAGTCCGGTACTACA,0,8640
TSS_1414_storz_regulondb,0.16666666666666666,5,5,GCAAGTAGGCCTAGAGCTGA,0,69235
TSS_1414_storz_regulondb,0.16666666666666666,5,5,GCAAGGTCATAGCTCGACTG,0,44019
TSS_1414_storz_regulondb,0.16666666666666666,5,5,GCAAGGCCTAGGCGGTACAC,0,63040
TSS_1414_storz_regulondb,0.16666666666666666,5,5,GCAACTTTAAACTTATAAAG,0,33443
TSS_1414_storz_regulondb,0.16666666666666666,5,5,GCAACCCTGACTTCAGCTCT,0,41492
TSS_1414_storz_regulondb,0.16666666666666666,5,5,GCAACCAATATTAGTTGATA,0,20106
TSS_1414_storz_regulondb,0.16666666666666666,5,5,GCAAATCTCGCGTCTCAGTG,0,8897
TSS_1414_storz_regulondb,0.16666666666666666,5,5,GCAAACTCCATACGTACATT,0,33749
TSS_1414_storz_regulondb,0.16666666666666666,5,5,GCAAAAGTGTTCTAGGCACA,0,43247
TSS_1414_storz_regulondb,0.16666666666666666,5,5,GATTTGGTGAGTGACTAAAC,0,47159
TSS_1414_storz_regulondb,0.16666666666666666,5,5,GATTTGGGACAAGCGTACCC,0,54226
TSS_1414_storz_regulondb,0.16666666666666666,5,5,GATTTACTGGGATCATGTTG,0,36301
TSS_1414_storz_regulondb,0.16666666666666666,5,5,GATTGTTTTCGTACTGGAAA,0,51302
TSS_1414_storz_regulondb,0.16666666666666666,5,5,GATTGCTAAGGGCGACAGTA,0,12780
TSS_1414_storz_regulondb,0.16666666666666666,5,5,GATTGCATGCGGCTCAACTT,0,34907
TSS_1414_storz_regulondb,0.16666666666666666,5,5,GATTAGCCGTATACGACGGT,0,30883
TSS_1414_storz_regulondb,0.16666666666666666,5,5,GATTAAGGAGGGTTGACACT,0,63087
TSS_1414_storz_regulondb,0.16666666666666666,5,5,GATGTAAATGAGACATGAGG,0,7748
TSS_1414_storz_regulondb,0.16666666666666666,5,5,GATCTATTTTAGACGCAAAC,0,18646
TSS_1414_storz_regulondb,0.16666666666666666,5,5,GATCTATACATACATGGCCA,0,62714
TSS_1414_storz_regulondb,0.16666666666666666,5,5,GATCGGTGACTGGCTTGTAG,0,15143
TSS_1414_storz_regulondb,0.16666666666666666,5,5,GATCGGCACTGTCCGTGTTC,0,66163
TSS_1414_storz_regulondb,0.16666666666666666,5,5,GATCGCTAGTTCCGGTGGAA,0,22461
TSS_1414_storz_regulondb,0.16666666666666666,5,5,GATCGAGCGTATACGGGGAC,0,6883
TSS_1414_storz_regulondb,0.16666666666666666,5,5,GATCCTATAAAGTACGGGAG,0,3448
TSS_1414_storz_regulondb,0.16666666666666666,5,5,GATCACGGCTCCAGAATTGA,0,71033
TSS_1414_storz_regulondb,0.16666666666666666,5,5,GATAGTAGACCGAGTAATCC,0,13945
TSS_1414_storz_regulondb,0.16666666666666666,5,5,GATAATTCTGACACCCGAAA,0,62454
TSS_1414_storz_regulondb,0.16666666666666666,5,5,GATAATGGTCTCACGGAACA,0,54493
TSS_1414_storz_regulondb,0.16666666666666666,5,5,GATAAGCGGTACCTAAAGAG,0,26549
TSS_1414_storz_regulondb,0.16666666666666666,5,5,GATAACTATCAGAAACGATC,0,1003
TSS_1414_storz_regulondb,0.16666666666666666,5,5,GATAACGCGGCTTCGAGTCC,0,2813
TSS_1414_storz_regulondb,0.16666666666666666,5,5,GATAACCAAGCCATGTCCCT,0,54562
TSS_1414_storz_regulondb,0.16666666666666666,5,5,GAGTTGGCACCTTTGTTTTT,0,23873
TSS_1414_storz_regulondb,0.16666666666666666,5,5,GAGTGGTTAAAAAAGGAATA,0,52288
TSS_1414_storz_regulondb,0.16666666666666666,5,5,GAGTGGATAAGATCATTGCT,0,57464
TSS_1414_storz_regulondb,0.16666666666666666,5,5,GAGTACTGGCATCGTACGAG,0,54531
TSS_1414_storz_regulondb,0.16666666666666666,5,5,GAGGTGACACAGTTATGACA,0,32941
TSS_1414_storz_regulondb,0.16666666666666666,5,5,GAGGTATGAGATCTAAATAC,0,46487
TSS_1414_storz_regulondb,0.16666666666666666,5,5,GAGGGTCCTAAGAAGCAACT,0,35624
TSS_1414_storz_regulondb,0.16666666666666666,5,5,GAGGGCAGGAGTACGCGTCA,0,463
TSS_1414_storz_regulondb,0.16666666666666666,5,5,GAGGCAGGAGCACGGATTCC,0,6600
TSS_1414_storz_regulondb,0.16666666666666666,5,5,GAGGATGCTGTCTAGACCCT,0,53347
TSS_1414_storz_regulondb,0.16666666666666666,5,5,GAGGATCTGTGCGAGACTTA,0,48870
TSS_1414_storz_regulondb,0.16666666666666666,5,5,GAGGACAAGTGGCCCTCACG,0,18839
TSS_1414_storz_regulondb,0.16666666666666666,5,5,GAGCTACTCCTCCGATTTTA,0,9659
TSS_1414_storz_regulondb,0.16666666666666666,5,5,GAGCGATGTCTAAGGCGCTA,0,21841
TSS_1414_storz_regulondb,0.16666666666666666,5,5,GAGCATGGAACAACCTTTCC,0,60304
TSS_1414_storz_regulondb,0.16666666666666666,5,5,GAGCAACGTAACTTTTCCCC,0,7764
TSS_1414_storz_regulondb,0.16666666666666666,5,5,GAGACTACATAGTGGAATCC,0,18943
TSS_1414_storz_regulondb,0.16666666666666666,5,5,GAGACCAATAGCGGGAGGGG,0,15622
TSS_1414_storz_regulondb,0.16666666666666666,5,5,GAGAACGTGGCGTCTCGGAA,0,33263
TSS_1414_storz_regulondb,0.16666666666666666,5,5,GACTTCGCGGTGTAACGTTG,0,8955
TSS_1414_storz_regulondb,0.16666666666666666,5,5,GACTGTAAACGTCTCGTCGG,0,57120
TSS_1414_storz_regulondb,0.16666666666666666,5,5,GACTCGGGAGTGGCATATGG,0,55496
TSS_1414_storz_regulondb,0.16666666666666666,5,5,GACTCCTTCTTCCGGTACCA,0,41302
TSS_1414_storz_regulondb,0.16666666666666666,5,5,GACTCCGGGCACGGCGATCG,0,5846
TSS_1414_storz_regulondb,0.16666666666666666,5,5,GACTATTCCCCCCGGCTATA,0,29979
TSS_1414_storz_regulondb,0.16666666666666666,5,5,GACTACCGCCCTGATACAGC,0,35553
TSS_1414_storz_regulondb,0.16666666666666666,5,5,GACTAATAAGATAAGGTCCT,0,38531
TSS_1414_storz_regulondb,0.16666666666666666,5,5,GACGTGCCTCAATCATACTT,0,18212
TSS_1414_storz_regulondb,0.16666666666666666,5,5,GACGTCCGGTTCACACGTGA,0,39706
TSS_1414_storz_regulondb,0.16666666666666666,5,5,GACGGGAGTACGGCCGAGAT,0,74502
TSS_1414_storz_regulondb,0.16666666666666666,5,5,GACGGGAATCTGGTAGAAGT,0,64015
TSS_1414_storz_regulondb,0.16666666666666666,5,5,GACGGCTTCCCAATTACACT,0,18167
TSS_1414_storz_regulondb,0.16666666666666666,5,5,GACGGCCGAAAAGAAATACT,0,60299
TSS_1414_storz_regulondb,0.16666666666666666,5,5,GACGCGGATTTGATCACGCT,0,10391
TSS_1414_storz_regulondb,0.16666666666666666,5,5,GACGCAAACTGTTGCCGCAT,0,46927
TSS_1414_storz_regulondb,0.16666666666666666,5,5,GACGAGTGTTCATTCCGTTT,0,52511
TSS_1414_storz_regulondb,0.16666666666666666,5,5,GACGAGTGGTGTAGCTCCAT,0,1918
TSS_1414_storz_regulondb,0.16666666666666666,5,5,GACGAGAATATAGGGCTCGG,0,49481
TSS_1414_storz_regulondb,0.16666666666666666,5,5,GACCGAGCCGAGTAGAGTAG,0,54516
TSS_1414_storz_regulondb,0.16666666666666666,5,5,GACATCCCCACCGGAACCAT,0,78813
TSS_1414_storz_regulondb,0.16666666666666666,5,5,GACATCACATATCATCAAAA,0,10071
TSS_1414_storz_regulondb,0.16666666666666666,5,5,GACAATACGGTGCACTTAAA,0,46118
TSS_1414_storz_regulondb,0.16666666666666666,5,5,GAATTCACCGGGTTCAACCT,0,38322
TSS_1414_storz_regulondb,0.16666666666666666,5,5,GAATTATTCACACCTCGGCA,0,11375
TSS_1414_storz_regulondb,0.16666666666666666,5,5,GAATGTAACAGGCGACCATT,0,42376
TSS_1414_storz_regulondb,0.16666666666666666,5,5,GAATGGCACTCGGCGATCTG,0,70573
TSS_1414_storz_regulondb,0.16666666666666666,5,5,GAATCGCGTTGTTTTACCAG,0,36005
TSS_1414_storz_regulondb,0.16666666666666666,5,5,GAATCGATTCCGTGAGCGGG,0,67297
TSS_1414_storz_regulondb,0.16666666666666666,5,5,GAATACAGCCCGGAGTCCGT,0,59102
TSS_1414_storz_regulondb,0.16666666666666666,5,5,GAATAATCGTGTAAAAATCG,0,64380
TSS_1414_storz_regulondb,0.16666666666666666,5,5,GAAGTTTGGCCGATGCTGTC,0,40713
TSS_1414_storz_regulondb,0.16666666666666666,5,5,GAAGTTCTTCGAGAAGGGTT,0,57854
TSS_1414_storz_regulondb,0.16666666666666666,5,5,GAAGTTCGCGACTGTGGGTA,0,61256
TSS_1414_storz_regulondb,0.16666666666666666,5,5,GAAGTCGGCTAACTCCTTCT,0,38654
TSS_1414_storz_regulondb,0.16666666666666666,5,5,GAAGGATGGTGCATAATATA,0,26668
TSS_1414_storz_regulondb,0.16666666666666666,5,5,GAAGCGTAAAGGCGGTCCTT,0,75614
TSS_1414_storz_regulondb,0.16666666666666666,5,5,GAACTTTGCCGGTACCCGCA,0,4845
TSS_1414_storz_regulondb,0.16666666666666666,5,5,GAACGCCTCGCTTCATTGGA,0,31441
TSS_1414_storz_regulondb,0.16666666666666666,5,5,GAACCTATGGACCCTTCAAC,0,62347
TSS_1414_storz_regulondb,0.16666666666666666,5,5,GAACCAAATTTTCTGAATAT,0,78726
TSS_1414_storz_regulondb,0.16666666666666666,5,5,GAACATGTCTGATCAGGGCG,0,5863
TSS_1414_storz_regulondb,0.16666666666666666,5,5,GAACAACCTTCCTGGTCTAA,0,47775
TSS_1414_storz_regulondb,0.16666666666666666,5,5,GAAAGCCGGCGTCGGATATT,0,37270
TSS_1414_storz_regulondb,0.16666666666666666,5,5,GAAAGCCCTCATTTACCCGC,0,63614
TSS_1414_storz_regulondb,0.16666666666666666,5,5,GAAAGATGTTGCCGGCGGTT,0,38358
TSS_1414_storz_regulondb,0.16666666666666666,5,5,GAAAGAATTCGAGCCAGTGA,0,38998
TSS_1414_storz_regulondb,0.16666666666666666,5,5,GAAACTCATATCCAGCTGCC,0,25681
TSS_1414_storz_regulondb,0.16666666666666666,5,5,GAAACCGATGTTCCGAAAGC,0,24423
TSS_1414_storz_regulondb,0.16666666666666666,5,5,GAAACAGCCCATCACAGGCG,0,52671
TSS_1414_storz_regulondb,0.16666666666666666,5,5,GAAACACCGACTTGTCTTAA,0,49648
TSS_1414_storz_regulondb,0.16666666666666666,5,5,GAAAATTCGTTCGGGCAGAA,0,54247
TSS_1414_storz_regulondb,0.16666666666666666,5,5,GAAAATAATAACGTCGGTAG,0,403
TSS_1414_storz_regulondb,0.16666666666666666,5,5,CTTTTGGTCCCTCTTGGCGT,0,18173
TSS_1414_storz_regulondb,0.16666666666666666,5,5,CTTTGAGGGTCAGATTCTGA,0,4859
TSS_1414_storz_regulondb,0.16666666666666666,5,5,CTTTCAGACACATCTGGTAA,0,50180
TSS_1414_storz_regulondb,0.16666666666666666,5,5,CTTTATTCCTATTCGAGGCG,0,10344
TSS_1414_storz_regulondb,0.16666666666666666,5,5,CTTTACATACCGAAGATCGT,0,2003
TSS_1414_storz_regulondb,0.16666666666666666,5,5,CTTTAATGGTCCGGACCCCA,0,33428
TSS_1414_storz_regulondb,0.16666666666666666,5,5,CTTGTAAGTGTAATCGTTCA,0,44919
TSS_1414_storz_regulondb,0.16666666666666666,5,5,CTTGGGCGCTGATCATTCCA,0,33008
TSS_1414_storz_regulondb,0.16666666666666666,5,5,CTTGGCAGTCAAGGGCGCCC,0,44371
TSS_1414_storz_regulondb,0.16666666666666666,5,5,CTTGGACTTGGTGCATTTGT,0,55868
TSS_1414_storz_regulondb,0.16666666666666666,5,5,CTTGCTATAAAGGGAGCGAT,0,7985
TSS_1414_storz_regulondb,0.16666666666666666,5,5,CTTGCCCATTCCGCCCGGCG,0,4129
TSS_1414_storz_regulondb,0.16666666666666666,5,5,CTTGATATAAAGTGGCTGCA,0,27103
TSS_1414_storz_regulondb,0.16666666666666666,5,5,CTTGATACTAAGAAATATTT,0,27844
TSS_1414_storz_regulondb,0.16666666666666666,5,5,CTTGAAATGAATACGTAACG,0,31415
TSS_1414_storz_regulondb,0.16666666666666666,5,5,CTTCTGGATAAAGCTCACAA,0,37507
TSS_1414_storz_regulondb,0.16666666666666666,5,5,CTTCGCAAATGATAAAAGCT,0,61188
TSS_1414_storz_regulondb,0.16666666666666666,5,5,CTTCCGTTATCGTATAACGT,0,17644
TSS_1414_storz_regulondb,0.16666666666666666,5,5,CTTAGGGCGAGACAGTGAAC,0,26418
TSS_1414_storz_regulondb,0.16666666666666666,5,5,CTTAATTTCCTTTCTGCGAT,0,76009
TSS_1414_storz_regulondb,0.16666666666666666,5,5,CTTAAGTGCAAGTAGCTTCC,0,56797
TSS_1414_storz_regulondb,0.16666666666666666,5,5,CTTAAGGCTTACAGATGACG,0,42834
TSS_1414_storz_regulondb,0.16666666666666666,5,5,CTGTTTTTATCTGAGAGTTC,0,17943
TSS_1414_storz_regulondb,0.16666666666666666,5,5,CTGTTGAATCCCGCAAATGG,0,58751
TSS_1414_storz_regulondb,0.16666666666666666,5,5,CTGTTACAGACATTGCCCGG,0,59411
TSS_1414_storz_regulondb,0.16666666666666666,5,5,CTGTGCAATGGAAACGAGGA,0,38221
TSS_1414_storz_regulondb,0.16666666666666666,5,5,CTGTCCTCCCTAGTCCTTGA,0,20114
TSS_1414_storz_regulondb,0.16666666666666666,5,5,CTGTAAGGCGTTAGATCGAC,0,36505
TSS_1414_storz_regulondb,0.16666666666666666,5,5,CTGGTGCACTCCCCCGGGGC,0,43544
TSS_1414_storz_regulondb,0.16666666666666666,5,5,CTGGGGTGTGTAGATCCAAC,0,20351
TSS_1414_storz_regulondb,0.16666666666666666,5,5,CTGGGATTGTGATATTGATT,0,37271
TSS_1414_storz_regulondb,0.16666666666666666,5,5,CTGGGATAGCCCCCGCTGGC,0,43035
TSS_1414_storz_regulondb,0.16666666666666666,5,5,CTGGGACACTCGGGTAACGG,0,53804
TSS_1414_storz_regulondb,0.16666666666666666,5,5,CTGGCTTTTTATTAACGCGT,0,8706
TSS_1414_storz_regulondb,0.16666666666666666,5,5,CTGGCTGTTCCAGCGTGACT,0,40852
TSS_1414_storz_regulondb,0.16666666666666666,5,5,CTGGCGTCTAAGCTTAGGTG,0,74967
TSS_1414_storz_regulondb,0.16666666666666666,5,5,CTGGCACGTTATGGATCATT,0,31781
TSS_1414_storz_regulondb,0.16666666666666666,5,5,CTGGAGTAGTGTGGACTTTT,0,68895
TSS_1414_storz_regulondb,0.16666666666666666,5,5,CTGGAAGAAAATATGTGGCG,0,47052
TSS_1414_storz_regulondb,0.16666666666666666,5,5,CTGCTTGCGCACTTAGTAAG,0,15711
TSS_1414_storz_regulondb,0.16666666666666666,5,5,CTGCTGTCCATATTCAGGCG,0,64596
TSS_1414_storz_regulondb,0.16666666666666666,5,5,CTGCTAGATAGACAAATAGA,0,54503
TSS_1414_storz_regulondb,0.16666666666666666,5,5,CTGCTACTCGATCACGGGGT,0,5458
TSS_1414_storz_regulondb,0.16666666666666666,5,5,CTGCTACCGTGAATACGCTT,0,21204
TSS_1414_storz_regulondb,0.16666666666666666,5,5,CTGCGTAATTTGCATCCCTT,0,35947
TSS_1414_storz_regulondb,0.16666666666666666,5,5,CTGCCGCAGTTTTGTCTCTC,0,21071
TSS_1414_storz_regulondb,0.16666666666666666,5,5,CTGCCGAACTACAATATACA,0,5423
TSS_1414_storz_regulondb,0.16666666666666666,5,5,CTGCACCAATCTGCGCTCGC,0,79190
TSS_1414_storz_regulondb,0.16666666666666666,5,5,CTGCAACGTATGTTGGCCGG,0,36957
TSS_1414_storz_regulondb,0.16666666666666666,5,5,CTGATTGCGGTTCTCTGAGC,0,16302
TSS_1414_storz_regulondb,0.16666666666666666,5,5,CTGATGCAAGACACGAAGGA,0,59962
TSS_1414_storz_regulondb,0.16666666666666666,5,5,CTGACCGTATCGGGTCTTAG,0,54650
TSS_1414_storz_regulondb,0.16666666666666666,5,5,CTCTTGATCGATACTCAGAG,0,34121
TSS_1414_storz_regulondb,0.16666666666666666,5,5,CTCTTAGGAGCGTTGCTAAT,0,18650
TSS_1414_storz_regulondb,0.16666666666666666,5,5,CTCTGATCGGATAGTACTTC,0,64249
TSS_1414_storz_regulondb,0.16666666666666666,5,5,CTCTGACGTAGCTAGCGAGG,0,44912
TSS_1414_storz_regulondb,0.16666666666666666,5,5,CTCTCAGAAGTCGTAGTTCT,0,53883
TSS_1414_storz_regulondb,0.16666666666666666,5,5,CTCTAGCACTAAGTCCATGT,0,72177
TSS_1414_storz_regulondb,0.16666666666666666,5,5,CTCTAACATGCCGTTTAAAG,0,47289
TSS_1414_storz_regulondb,0.16666666666666666,5,5,CTCGTCTTCTTGCGTAAGCC,0,27369
TSS_1414_storz_regulondb,0.16666666666666666,5,5,CTCGCTCGGGCACCTCTTGT,0,70738
TSS_1414_storz_regulondb,0.16666666666666666,5,5,CTCGAGTGTATGTGTGCAGC,0,59212
TSS_1414_storz_regulondb,0.16666666666666666,5,5,CTCGACTACCTCTTGTATTC,0,22171
TSS_1414_storz_regulondb,0.16666666666666666,5,5,CTCGAAGAATCCAGCGCCTA,0,67716
TSS_1414_storz_regulondb,0.16666666666666666,5,5,CTCCTTCTTATCTGGGTGTG,0,37387
TSS_1414_storz_regulondb,0.16666666666666666,5,5,CTCCGTGATAACATTTATCA,0,51570
TSS_1414_storz_regulondb,0.16666666666666666,5,5,CTCCGAAGGTGGTCTATGAC,0,32079
TSS_1414_storz_regulondb,0.16666666666666666,5,5,CTCCCCGCATTCAACCACGA,0,46164
TSS_1414_storz_regulondb,0.16666666666666666,5,5,CTCCCATTCTGGGATCGAAT,0,17334
TSS_1414_storz_regulondb,0.16666666666666666,5,5,CTCCAAAAGGCCACGAAAAC,0,78643
TSS_1414_storz_regulondb,0.16666666666666666,5,5,CTCATGTCGTCCTTTGTCGT,0,6459
TSS_1414_storz_regulondb,0.16666666666666666,5,5,CTCACTCTAGGCATACGCTA,0,26686
TSS_1414_storz_regulondb,0.16666666666666666,5,5,CTCAAGCTCGCGACCGATTA,0,62172
TSS_1414_storz_regulondb,0.16666666666666666,5,5,CTCAACACAGCGGGAGACTA,0,73129
TSS_1414_storz_regulondb,0.16666666666666666,5,5,CTATTTATCCAAAAATCCTG,0,73430
TSS_1414_storz_regulondb,0.16666666666666666,5,5,CTATTAACACCACGGTTCGT,0,13165
TSS_1414_storz_regulondb,0.16666666666666666,5,5,CTATGTACCCTGTTAAGCTG,0,78730
TSS_1414_storz_regulondb,0.16666666666666666,5,5,CTATCATTGGCAGACGATGT,0,14516
TSS_1414_storz_regulondb,0.16666666666666666,5,5,CTATAGTGGACGACTATCCC,0,24958
TSS_1414_storz_regulondb,0.16666666666666666,5,5,CTAGTGTGTGGGCGCGGTCG,0,58568
TSS_1414_storz_regulondb,0.16666666666666666,5,5,CTAGTGGGCCATCCCCGATT,0,3984
TSS_1414_storz_regulondb,0.16666666666666666,5,5,CTAGTAGCGAAGGGGGAAGG,0,31186
TSS_1414_storz_regulondb,0.16666666666666666,5,5,CTAGTAACAGTGTGAGTTTT,0,56260
TSS_1414_storz_regulondb,0.16666666666666666,5,5,CTAGGGTAACTACATACAAT,0,15356
TSS_1414_storz_regulondb,0.16666666666666666,5,5,CTAGGATGAGACCGGTAGAT,0,70300
TSS_1414_storz_regulondb,0.16666666666666666,5,5,CTAGCGGGCGCCCCTTCCAA,0,27163
TSS_1414_storz_regulondb,0.16666666666666666,5,5,CTAGCGGACATCCAAGGTAC,0,11956
TSS_1414_storz_regulondb,0.16666666666666666,5,5,CTAGCGAAAGTCGGTCCGCA,0,39734
TSS_1414_storz_regulondb,0.16666666666666666,5,5,CTAGCCGTCGGTGAAACTAC,0,49943
TSS_1414_storz_regulondb,0.16666666666666666,5,5,CTAGCCGCGTGATAGGCAGA,0,21825
TSS_1414_storz_regulondb,0.16666666666666666,5,5,CTAGCCGCGCTACTATTAGA,0,40690
TSS_1414_storz_regulondb,0.16666666666666666,5,5,CTAGCCCTCGGTGTGTGCTG,0,65252
TSS_1414_storz_regulondb,0.16666666666666666,5,5,CTAGCCACTGTGGGCGTGCG,0,6966
TSS_1414_storz_regulondb,0.16666666666666666,5,5,CTACTTCCATTTTCCGCCGC,0,77781
TSS_1414_storz_regulondb,0.16666666666666666,5,5,CTACTACTTTTCATTAGCTA,0,43301
TSS_1414_storz_regulondb,0.16666666666666666,5,5,CTACGTCTTGACCAGCCCTG,0,61094
TSS_1414_storz_regulondb,0.16666666666666666,5,5,CTACGGGAGATCCTTGACTG,0,35347
TSS_1414_storz_regulondb,0.16666666666666666,5,5,CTACCTTCCAGGTGGGGAGA,0,80490
TSS_1414_storz_regulondb,0.16666666666666666,5,5,CTACCGCCCGCGTACGGCTT,0,27071
TSS_1414_storz_regulondb,0.16666666666666666,5,5,CTACCGAATCTTGGTGTAGG,0,12813
TSS_1414_storz_regulondb,0.16666666666666666,5,5,CTACCAGGCGTACGGTACCT,0,4853
TSS_1414_storz_regulondb,0.16666666666666666,5,5,CTACATTATAGCGATCGATT,0,19650
TSS_1414_storz_regulondb,0.16666666666666666,5,5,CTAATGGTTGGTGGCCCCAG,0,27911
TSS_1414_storz_regulondb,0.16666666666666666,5,5,CTAAGGAGAATAACGCAACT,0,22881
TSS_1414_storz_regulondb,0.16666666666666666,5,5,CTAAGCTCATCCGATATGAT,0,8506
TSS_1414_storz_regulondb,0.16666666666666666,5,5,CTAAGCCCGAGTTAACATTT,0,62925
TSS_1414_storz_regulondb,0.16666666666666666,5,5,CTAAGAAGCTGCTATAACAA,0,34863
TSS_1414_storz_regulondb,0.16666666666666666,5,5,CTAAACCGTAGGAGCATATT,0,4181
TSS_1414_storz_regulondb,0.16666666666666666,5,5,CTAAAAACGGATTTGGTGAC,0,53430
TSS_1414_storz_regulondb,0.16666666666666666,5,5,CGTTTCTACACAAGGACTCG,0,24832
TSS_1414_storz_regulondb,0.16666666666666666,5,5,CGTTGTATAAGAGGGCAAGT,0,25688
TSS_1414_storz_regulondb,0.16666666666666666,5,5,CGTTGGTTTCTACGCGCGTA,0,39362
TSS_1414_storz_regulondb,0.16666666666666666,5,5,CGTTGCAACGTAATGTGAGA,0,56657
TSS_1414_storz_regulondb,0.16666666666666666,5,5,CGTTGAAGATCAGACTGTTG,0,16852
TSS_1414_storz_regulondb,0.16666666666666666,5,5,CGTTCCACTAAAGGGGAAAA,0,32511
TSS_1414_storz_regulondb,0.16666666666666666,5,5,CGTTAATATTCCCTTTAATC,0,63787
TSS_1414_storz_regulondb,0.16666666666666666,5,5,CGTGTGACATGCATCAGATT,0,2443
TSS_1414_storz_regulondb,0.16666666666666666,5,5,CGTGTAGCGATGTTTTAACT,0,61086
TSS_1414_storz_regulondb,0.16666666666666666,5,5,CGTGCCCGCACTACAGTTTG,0,7189
TSS_1414_storz_regulondb,0.16666666666666666,5,5,CGTGCATGGAAAGGCCGCCT,0,61453
TSS_1414_storz_regulondb,0.16666666666666666,5,5,CGTGCAACGTGCTTTGTGTA,0,40628
TSS_1414_storz_regulondb,0.16666666666666666,5,5,CGTCGAAGCGCGACGGCTGG,0,10626
TSS_1414_storz_regulondb,0.16666666666666666,5,5,CGTCCCATGTAATATCACGA,0,19322
TSS_1414_storz_regulondb,0.16666666666666666,5,5,CGTCATTGCTACCTTCGCCC,0,19671
TSS_1414_storz_regulondb,0.16666666666666666,5,5,CGTATTGATAGGGAGCGGGG,0,66651
TSS_1414_storz_regulondb,0.16666666666666666,5,5,CGTATGCGGGTTGCGGCGAA,0,44838
TSS_1414_storz_regulondb,0.16666666666666666,5,5,CGTATCGTGTACGCTAGTTA,0,56384
TSS_1414_storz_regulondb,0.16666666666666666,5,5,CGTAGGTGTGGGGGAAGCAG,0,10648
TSS_1414_storz_regulondb,0.16666666666666666,5,5,CGTAGCTTTACAGAATACTT,0,70905
TSS_1414_storz_regulondb,0.16666666666666666,5,5,CGTAGAATAGGTCTCGCACC,0,8768
TSS_1414_storz_regulondb,0.16666666666666666,5,5,CGTACAAAGGCACACCTGTG,0,25584
TSS_1414_storz_regulondb,0.16666666666666666,5,5,CGGTTTGGTGGCACCTGCAG,0,60585
TSS_1414_storz_regulondb,0.16666666666666666,5,5,CGGTGCGGTTCCTCGTTCAG,0,26632
TSS_1414_storz_regulondb,0.16666666666666666,5,5,CGGTGCCAGCCGGCATGAGG,0,39690
TSS_1414_storz_regulondb,0.16666666666666666,5,5,CGGTGATGCTGAATGCGAAA,0,39567
TSS_1414_storz_regulondb,0.16666666666666666,5,5,CGGTCTTCTGGCCTCCTGCC,0,16817
TSS_1414_storz_regulondb,0.16666666666666666,5,5,CGGTCTCTTCGATATTGGTG,0,44132
TSS_1414_storz_regulondb,0.16666666666666666,5,5,CGGTCCCCACTGTGGGGACA,0,80238
TSS_1414_storz_regulondb,0.16666666666666666,5,5,CGGTAGTCGTTGTCTCTAAT,0,45920
TSS_1414_storz_regulondb,0.16666666666666666,5,5,CGGGTTATCCGGAAGTTGCA,0,68885
TSS_1414_storz_regulondb,0.16666666666666666,5,5,CGGGTGCCCCCCCGCTGTGG,0,15577
TSS_1414_storz_regulondb,0.16666666666666666,5,5,CGGGTGAGCCATTTATGAAC,0,75012
TSS_1414_storz_regulondb,0.16666666666666666,5,5,CGGGCTGCACTTGTGATCAC,0,39274
TSS_1414_storz_regulondb,0.16666666666666666,5,5,CGGGCAGGTTTAATTCGATA,0,77465
TSS_1414_storz_regulondb,0.16666666666666666,5,5,CGGGCACCATCCTCGCTGGG,0,11777
TSS_1414_storz_regulondb,0.16666666666666666,5,5,CGGGAGAAAGCTGTGCAGCA,0,48391
TSS_1414_storz_regulondb,0.16666666666666666,5,5,CGGGAAACCGGGGATATATG,0,11494
TSS_1414_storz_regulondb,0.16666666666666666,5,5,CGGCTTGAGCCTTGAAGCTG,0,47935
TSS_1414_storz_regulondb,0.16666666666666666,5,5,CGGCGCAAGCACGTGTCAAA,0,21774
TSS_1414_storz_regulondb,0.16666666666666666,5,5,CGGCCATGCCGATCGTGGTT,0,61133
TSS_1414_storz_regulondb,0.16666666666666666,5,5,CGGCCAGGGAGTCTATCAAC,0,15242
TSS_1414_storz_regulondb,0.16666666666666666,5,5,CGGATGCGGCCTTTACCTTC,0,34165
TSS_1414_storz_regulondb,0.16666666666666666,5,5,CGGATGAGGTTTTTGGGGGC,0,69620
TSS_1414_storz_regulondb,0.16666666666666666,5,5,CGGAGGCGGGCAACTAGATG,0,79512
TSS_1414_storz_regulondb,0.16666666666666666,5,5,CGGAGGCAGTTCTTGCAGAG,0,78872
TSS_1414_storz_regulondb,0.16666666666666666,5,5,CGGAGACTACCGAGAATTTG,0,42610
TSS_1414_storz_regulondb,0.16666666666666666,5,5,CGGACCTATAGACTACCGAT,0,14295
TSS_1414_storz_regulondb,0.16666666666666666,5,5,CGGAAGTGCCACTGTCGCGT,0,67817
TSS_1414_storz_regulondb,0.16666666666666666,5,5,CGGAACACCTTTCTCGAGGT,0,9687
TSS_1414_storz_regulondb,0.16666666666666666,5,5,CGCTGTCCGGGTCATGTACA,0,75719
TSS_1414_storz_regulondb,0.16666666666666666,5,5,CGCTGTATCACACTGGAATC,0,22020
TSS_1414_storz_regulondb,0.16666666666666666,5,5,CGCTGGAAGTGGTCCGTAAG,0,46800
TSS_1414_storz_regulondb,0.16666666666666666,5,5,CGCTCTTAAAGGTCCATTTT,0,46853
TSS_1414_storz_regulondb,0.16666666666666666,5,5,CGCTCTGGCTAGCAGAGCCC,0,10014
TSS_1414_storz_regulondb,0.16666666666666666,5,5,CGCTAGACACTCACGTCTCT,0,21706
TSS_1414_storz_regulondb,0.16666666666666666,5,5,CGCGTTGTAGGCCCGCCCTC,0,74200
TSS_1414_storz_regulondb,0.16666666666666666,5,5,CGCGTGGTCCCCGTATTCCC,0,12237
TSS_1414_storz_regulondb,0.16666666666666666,5,5,CGCGTCTCTAGGATCTACGG,0,42609
TSS_1414_storz_regulondb,0.16666666666666666,5,5,CGCGTAAGCCAGGCTCCTGG,0,65799
TSS_1414_storz_regulondb,0.16666666666666666,5,5,CGCGGTTTGCGCAACCTGAT,0,77889
TSS_1414_storz_regulondb,0.16666666666666666,5,5,CGCGGATTACACCGTGGATA,0,44952
TSS_1414_storz_regulondb,0.16666666666666666,5,5,CGCGCTCGCTGATGCGGTTT,0,9540
TSS_1414_storz_regulondb,0.16666666666666666,5,5,CGCGAGTGAAATCGTTCGGT,0,10
TSS_1414_storz_regulondb,0.16666666666666666,5,5,CGCGAATGGTTCCTAGTCAG,0,15375
TSS_1414_storz_regulondb,0.16666666666666666,5,5,CGCCTGCTTGAAAATGCTTA,0,22277
TSS_1414_storz_regulondb,0.16666666666666666,5,5,CGCCTCGACAAGGTAGGGAC,0,41459
TSS_1414_storz_regulondb,0.16666666666666666,5,5,CGCCTCCCGAGCCCACTCAA,0,30363
TSS_1414_storz_regulondb,0.16666666666666666,5,5,CGCCGCTAGAGGATGATAGA,0,14149
TSS_1414_storz_regulondb,0.16666666666666666,5,5,CGCCGCCTAAATAAGGTGTT,0,33816
TSS_1414_storz_regulondb,0.16666666666666666,5,5,CGCCCGATCCTACGCTAATG,0,12121
TSS_1414_storz_regulondb,0.16666666666666666,5,5,CGCCCCACACATTACGGTTC,0,46324
TSS_1414_storz_regulondb,0.16666666666666666,5,5,CGCCCACTGAAGAACAAGTT,0,59230
TSS_1414_storz_regulondb,0.16666666666666666,5,5,CGCCAGGTCCCACGTTTACA,0,77340
TSS_1414_storz_regulondb,0.16666666666666666,5,5,CGCCAGACAACAAGTTAGAA,0,77749
TSS_1414_storz_regulondb,0.16666666666666666,5,5,CGCATTCGGATGTCAGAGCC,0,63221
TSS_1414_storz_regulondb,0.16666666666666666,5,5,CGCATCTGCCGATGGCAGAA,0,64234
TSS_1414_storz_regulondb,0.16666666666666666,5,5,CGCAGCTTTCAGCTCCCCAC,0,26109
TSS_1414_storz_regulondb,0.16666666666666666,5,5,CGCACCATGGGGATGTCTGT,0,47956
TSS_1414_storz_regulondb,0.16666666666666666,5,5,CGCAAGACCAGGGATCCATA,0,12765
TSS_1414_storz_regulondb,0.16666666666666666,5,5,CGATTTTGGCGTGCTGAGCT,0,51283
TSS_1414_storz_regulondb,0.16666666666666666,5,5,CGATTTTAGGGGACTGAGTC,0,67348
TSS_1414_storz_regulondb,0.16666666666666666,5,5,CGATTTGATGAATTAGTAAG,0,35988
TSS_1414_storz_regulondb,0.16666666666666666,5,5,CGATTGCGTAGGCGCTCCCC,0,58615
TSS_1414_storz_regulondb,0.16666666666666666,5,5,CGATTCCGGGGACAAGCTCG,0,66194
TSS_1414_storz_regulondb,0.16666666666666666,5,5,CGATGCCGACGCCGGTGGTC,0,25235
TSS_1414_storz_regulondb,0.16666666666666666,5,5,CGATCTCCTAGTTGAGTTTT,0,16720
TSS_1414_storz_regulondb,0.16666666666666666,5,5,CGATCGGCGGCTAGCGGTCG,0,10598
TSS_1414_storz_regulondb,0.16666666666666666,5,5,CGAGTGTGGCCTTCACAGCA,0,5098
TSS_1414_storz_regulondb,0.16666666666666666,5,5,CGAGTAACGCCCCCCGGGAA,0,73684
TSS_1414_storz_regulondb,0.16666666666666666,5,5,CGAGGGACCGAAATCAGCAC,0,10197
TSS_1414_storz_regulondb,0.16666666666666666,5,5,CGAGGCGGACTTGTAGATGC,0,12213
TSS_1414_storz_regulondb,0.16666666666666666,5,5,CGAGCAGTCTATCTACAAAA,0,3371
TSS_1414_storz_regulondb,0.16666666666666666,5,5,CGAGAGTGAGTGCTTCTCGA,0,35092
TSS_1414_storz_regulondb,0.16666666666666666,5,5,CGAGAAGGTGGGCTAACGGA,0,21639
TSS_1414_storz_regulondb,0.16666666666666666,5,5,CGACGAGTTACTAAGGGATA,0,53693
TSS_1414_storz_regulondb,0.16666666666666666,5,5,CGACCCCAGGAGATCGGCCA,0,43611
TSS_1414_storz_regulondb,0.16666666666666666,5,5,CGACCCAAGGGTCTCATAAT,0,74352
TSS_1414_storz_regulondb,0.16666666666666666,5,5,CGACAGCGTATCCTCAATGC,0,41697
TSS_1414_storz_regulondb,0.16666666666666666,5,5,CGACAGCAATTGGAAAACGT,0,62361
TSS_1414_storz_regulondb,0.16666666666666666,5,5,CGACACTCCAGTAAGTCCAA,0,2966
TSS_1414_storz_regulondb,0.16666666666666666,5,5,CGACAATTGGGTCTACAGTT,0,66716
TSS_1414_storz_regulondb,0.16666666666666666,5,5,CGACAATAAATTGGTAGTTC,0,69274
TSS_1414_storz_regulondb,0.16666666666666666,5,5,CGAATTAGGATCGTGGCGTT,0,69631
TSS_1414_storz_regulondb,0.16666666666666666,5,5,CGAATTAGACCGTATCTTTC,0,76528
TSS_1414_storz_regulondb,0.16666666666666666,5,5,CGAATTACGGCAATCGTAGC,0,11992
TSS_1414_storz_regulondb,0.16666666666666666,5,5,CGAATCTGTTGGCTCATTTG,0,35851
TSS_1414_storz_regulondb,0.16666666666666666,5,5,CGAAGTAGGGAAGGATTGTT,0,70225
TSS_1414_storz_regulondb,0.16666666666666666,5,5,CGAAGAAGTATTATTAAGGT,0,23325
TSS_1414_storz_regulondb,0.16666666666666666,5,5,CGAACAATACCAGAATGACT,0,39260
TSS_1414_storz_regulondb,0.16666666666666666,5,5,CGAAACTGGTCGTAGTGTAC,0,36758
TSS_1414_storz_regulondb,0.16666666666666666,5,5,CCTTTTGCTAAGCCATCACC,0,17977
TSS_1414_storz_regulondb,0.16666666666666666,5,5,CCTTTTCTGACGCTGTTTGA,0,10069
TSS_1414_storz_regulondb,0.16666666666666666,5,5,CCTTGTAGCGGCTTAGAGAC,0,61346
TSS_1414_storz_regulondb,0.16666666666666666,5,5,CCTTGCTCCTGAAGTAAAAG,0,54351
TSS_1414_storz_regulondb,0.16666666666666666,5,5,CCTTCGGGAGGTGAGGATCA,0,60999
TSS_1414_storz_regulondb,0.16666666666666666,5,5,CCTTAGTTGCCCAGCGTTCC,0,73668
TSS_1414_storz_regulondb,0.16666666666666666,5,5,CCTTACGCCTGCTGCTGTCC,0,21000
TSS_1414_storz_regulondb,0.16666666666666666,5,5,CCTGTCTGAGCAAAGCTTAA,0,62774
TSS_1414_storz_regulondb,0.16666666666666666,5,5,CCTGTCAAGTGAAGCGTTGA,0,47999
TSS_1414_storz_regulondb,0.16666666666666666,5,5,CCTGTACTTGACCCCACCTT,0,60697
TSS_1414_storz_regulondb,0.16666666666666666,5,5,CCTGTACAACTTAAACGATG,0,36161
TSS_1414_storz_regulondb,0.16666666666666666,5,5,CCTGGGCTTACAGTGTAGGA,0,62164
TSS_1414_storz_regulondb,0.16666666666666666,5,5,CCTGCTCATGGTATTACGGC,0,15506
TSS_1414_storz_regulondb,0.16666666666666666,5,5,CCTGCCCCACCGCTATGCAG,0,56097
TSS_1414_storz_regulondb,0.16666666666666666,5,5,CCTGATAATAGCTAGCCGGA,0,55841
TSS_1414_storz_regulondb,0.16666666666666666,5,5,CCTGAGGCTTAGGGGTACTC,0,19028
TSS_1414_storz_regulondb,0.16666666666666666,5,5,CCTCTTTATGTCAAAGAATT,0,48412
TSS_1414_storz_regulondb,0.16666666666666666,5,5,CCTCTTGACGCTGTGCGGCC,0,58943
TSS_1414_storz_regulondb,0.16666666666666666,5,5,CCTCTGGCTTGACCAGAAGA,0,19858
TSS_1414_storz_regulondb,0.16666666666666666,5,5,CCTCTCTTCGGTCACTAGCT,0,52396
TSS_1414_storz_regulondb,0.16666666666666666,5,5,CCTCTACCTTTTTGTGTTAT,0,46502
TSS_1414_storz_regulondb,0.16666666666666666,5,5,CCTCGCTCACATCGCAACTG,0,39069
TSS_1414_storz_regulondb,0.16666666666666666,5,5,CCTCGATTATCACAACAGCA,0,3298
TSS_1414_storz_regulondb,0.16666666666666666,5,5,CCTCCGTGCAAACCGCGAAC,0,54483
TSS_1414_storz_regulondb,0.16666666666666666,5,5,CCTCCGCTATGAATTGGCAT,0,48256
TSS_1414_storz_regulondb,0.16666666666666666,5,5,CCTCCCGCAGTGTTATGCGG,0,39222
TSS_1414_storz_regulondb,0.16666666666666666,5,5,CCTCCCAGATGTGTGTAATG,0,45657
TSS_1414_storz_regulondb,0.16666666666666666,5,5,CCTCCACGTATTCTGTGTAA,0,9292
TSS_1414_storz_regulondb,0.16666666666666666,5,5,CCTCAGGATGCGCGCCAGCC,0,33744
TSS_1414_storz_regulondb,0.16666666666666666,5,5,CCTATTTAAGCGCGGTTCCT,0,79354
TSS_1414_storz_regulondb,0.16666666666666666,5,5,CCTATCTGACAAAGGTTCCG,0,1133
TSS_1414_storz_regulondb,0.16666666666666666,5,5,CCTATATGTCACAGCTTGCT,0,4125
TSS_1414_storz_regulondb,0.16666666666666666,5,5,CCTATATCAGAACGTGTTCA,0,1920
TSS_1414_storz_regulondb,0.16666666666666666,5,5,CCTAGCCTGCAGTTAACAAG,0,31916
TSS_1414_storz_regulondb,0.16666666666666666,5,5,CCTAAGCATCGGGCTTGTTG,0,28064
TSS_1414_storz_regulondb,0.16666666666666666,5,5,CCTAACCAGGTTGCACCAGG,0,64703
TSS_1414_storz_regulondb,0.16666666666666666,5,5,CCGTTCGCTTAATGGTCTCC,0,8252
TSS_1414_storz_regulondb,0.16666666666666666,5,5,CCGTGTGGCAAGTAGGGTGA,0,47939
TSS_1414_storz_regulondb,0.16666666666666666,5,5,CCGTCCGGTGATTGAGCGTA,0,42443
TSS_1414_storz_regulondb,0.16666666666666666,5,5,CCGTCCCGATTGTTTAAGCA,0,39162
TSS_1414_storz_regulondb,0.16666666666666666,5,5,CCGTCCCGACGCACGACGTG,0,1568
TSS_1414_storz_regulondb,0.16666666666666666,5,5,CCGTAGTCTCAAATCCAAAT,0,22389
TSS_1414_storz_regulondb,0.16666666666666666,5,5,CCGGTGGAGTGCAAACTTAA,0,24724
TSS_1414_storz_regulondb,0.16666666666666666,5,5,CCGGTAGTTGAGGGCTAATG,0,63750
TSS_1414_storz_regulondb,0.16666666666666666,5,5,CCGGTACATTCATACTACGG,0,56952
TSS_1414_storz_regulondb,0.16666666666666666,5,5,CCGGGTTAGTGGAGAATAGC,0,40694
TSS_1414_storz_regulondb,0.16666666666666666,5,5,CCGGGTGGTCAAGTTCGATC,0,6814
TSS_1414_storz_regulondb,0.16666666666666666,5,5,CCGGGCTGGATGTGTACTAG,0,5548
TSS_1414_storz_regulondb,0.16666666666666666,5,5,CCGGGCGACCGTTTTTTAAG,0,3153
TSS_1414_storz_regulondb,0.16666666666666666,5,5,CCGGCATTTTTTGGGACAAA,0,44028
TSS_1414_storz_regulondb,0.16666666666666666,5,5,CCGGAACTTATGGGCAGAAC,0,69083
TSS_1414_storz_regulondb,0.16666666666666666,5,5,CCGCTGAGCGAGCTGCTCGA,0,3956
TSS_1414_storz_regulondb,0.16666666666666666,5,5,CCGCTCGCATACGTGAAATC,0,26246
TSS_1414_storz_regulondb,0.16666666666666666,5,5,CCGCGGTAACCAACGGCGAG,0,58994
TSS_1414_storz_regulondb,0.16666666666666666,5,5,CCGCAGAACTTAGCCACCAT,0,9004
TSS_1414_storz_regulondb,0.16666666666666666,5,5,CCGCACGCACTGAAGCTAGG,0,73160
TSS_1414_storz_regulondb,0.16666666666666666,5,5,CCGCACAAAGTTGTGACCGA,0,32900
TSS_1414_storz_regulondb,0.16666666666666666,5,5,CCGCAATTTGTCATACCATG,0,21109
TSS_1414_storz_regulondb,0.16666666666666666,5,5,CCGCAAAGCACATCAGCACA,0,56359
TSS_1414_storz_regulondb,0.16666666666666666,5,5,CCGATTCAAGCGGGGAGAGC,0,55452
TSS_1414_storz_regulondb,0.16666666666666666,5,5,CCGAGATGTTGGGCTCCTCT,0,48648
TSS_1414_storz_regulondb,0.16666666666666666,5,5,CCGAGATAATCGCCGAAGTC,0,20382
TSS_1414_storz_regulondb,0.16666666666666666,5,5,CCGAATAGAAAGGTTCTGGG,0,13548
TSS_1414_storz_regulondb,0.16666666666666666,5,5,CCGAAGTCTTCACGGAACGC,0,19742
TSS_1414_storz_regulondb,0.16666666666666666,5,5,CCCTGGAGCAAGTGCCGCCA,0,16128
TSS_1414_storz_regulondb,0.16666666666666666,5,5,CCCTCCGAGCCGGCTACCTT,0,77605
TSS_1414_storz_regulondb,0.16666666666666666,5,5,CCCTAGTATTTGTTTTTATT,0,28380
TSS_1414_storz_regulondb,0.16666666666666666,5,5,CCCTACCGGCGCTGGAAATA,0,22223
TSS_1414_storz_regulondb,0.16666666666666666,5,5,CCCTACAATTTGGCTTATCC,0,12955
TSS_1414_storz_regulondb,0.16666666666666666,5,5,CCCGTTTCGCCAGCCGGACT,0,68210
TSS_1414_storz_regulondb,0.16666666666666666,5,5,CCCGTCCTTACTTCACCGGA,0,32954
TSS_1414_storz_regulondb,0.16666666666666666,5,5,CCCGGTCCGATGGAAGCGTA,0,55131
TSS_1414_storz_regulondb,0.16666666666666666,5,5,CCCGGCCATCTATGCTCTAT,0,46360
TSS_1414_storz_regulondb,0.16666666666666666,5,5,CCCGCTACAAAAGCACGCGG,0,13690
TSS_1414_storz_regulondb,0.16666666666666666,5,5,CCCGCAAAGCGGCTTTAGAC,0,58781
TSS_1414_storz_regulondb,0.16666666666666666,5,5,CCCGAGTGGGTGGTGCGTCG,0,16392
TSS_1414_storz_regulondb,0.16666666666666666,5,5,CCCGAACTATGCCGCGGGCA,0,18185
TSS_1414_storz_regulondb,0.16666666666666666,5,5,CCCCTTGCCATGGGTATTAT,0,26669
TSS_1414_storz_regulondb,0.16666666666666666,5,5,CCCCTACAGTCAGAGTTAAT,0,44965
TSS_1414_storz_regulondb,0.16666666666666666,5,5,CCCCGGGCTCTTGTTCGGAT,0,18932
TSS_1414_storz_regulondb,0.16666666666666666,5,5,CCCCGGCTCATCTCGAAAGT,0,26855
TSS_1414_storz_regulondb,0.16666666666666666,5,5,CCCCGGCAAATAGTTGTGAT,0,2116
TSS_1414_storz_regulondb,0.16666666666666666,5,5,CCCCCTCGATCCAACCTAGG,0,64098
TSS_1414_storz_regulondb,0.16666666666666666,5,5,CCCCATTGAGTATGTCTTTT,0,58680
TSS_1414_storz_regulondb,0.16666666666666666,5,5,CCCCACATATCGTGTACCGA,0,21787
TSS_1414_storz_regulondb,0.16666666666666666,5,5,CCCATGGTCGAGGCCTGCAG,0,76618
TSS_1414_storz_regulondb,0.16666666666666666,5,5,CCCAGTCCCTAGGGGGGATA,0,14228
TSS_1414_storz_regulondb,0.16666666666666666,5,5,CCCAGGTTGTCTCGGGATTA,0,62241
TSS_1414_storz_regulondb,0.16666666666666666,5,5,CCCAGACTACAAACATTTCA,0,30954
TSS_1414_storz_regulondb,0.16666666666666666,5,5,CCCACTGGAAATGCCCGGCC,0,53079
TSS_1414_storz_regulondb,0.16666666666666666,5,5,CCCACTGCCAAGAATCGTGG,0,42950
TSS_1414_storz_regulondb,0.16666666666666666,5,5,CCCACCATCTACCACTCGAT,0,23371
TSS_1414_storz_regulondb,0.16666666666666666,5,5,CCATGATGAAACCGGGCCAA,0,74726
TSS_1414_storz_regulondb,0.16666666666666666,5,5,CCATCGTGATACTGTTGTCG,0,40959
TSS_1414_storz_regulondb,0.16666666666666666,5,5,CCATCGACCGGCCTTCTATA,0,61928
TSS_1414_storz_regulondb,0.16666666666666666,5,5,CCATCCGCGGTGGTCCGAAA,0,33390
TSS_1414_storz_regulondb,0.16666666666666666,5,5,CCATACTCCGGCCTCGGTTT,0,38916
TSS_1414_storz_regulondb,0.16666666666666666,5,5,CCATACAGGATACACCTCGA,0,30216
TSS_1414_storz_regulondb,0.16666666666666666,5,5,CCAGTTGGAAACATCATCCG,0,36908
TSS_1414_storz_regulondb,0.16666666666666666,5,5,CCAGTAGTGATTTCCGCACC,0,10544
TSS_1414_storz_regulondb,0.16666666666666666,5,5,CCAGGTCATTTAATGAACAC,0,54424
TSS_1414_storz_regulondb,0.16666666666666666,5,5,CCAGCTGGACACCCGGTCGG,0,18168
TSS_1414_storz_regulondb,0.16666666666666666,5,5,CCAGATGACGCGAGATCGTG,0,62672
TSS_1414_storz_regulondb,0.16666666666666666,5,5,CCAGAGTCTCATACATGCCT,0,6045
TSS_1414_storz_regulondb,0.16666666666666666,5,5,CCAGACATGCACAGACGGGT,0,25069
TSS_1414_storz_regulondb,0.16666666666666666,5,5,CCAGAAGTCAGGTGGCGACT,0,8956
TSS_1414_storz_regulondb,0.16666666666666666,5,5,CCACGTCGGTGAGAGTTTTT,0,79958
TSS_1414_storz_regulondb,0.16666666666666666,5,5,CCACGGCTCCTATTTTCGGC,0,59346
TSS_1414_storz_regulondb,0.16666666666666666,5,5,CCACGCTGGCGCTGTGACCG,0,50263
TSS_1414_storz_regulondb,0.16666666666666666,5,5,CCACGCCAGTTTCTAAACGG,0,17439
TSS_1414_storz_regulondb,0.16666666666666666,5,5,CCACCTATACCCCGGGTAAC,0,67892
TSS_1414_storz_regulondb,0.16666666666666666,5,5,CCACCGTAGCGAGCCAGATG,0,15852
TSS_1414_storz_regulondb,0.16666666666666666,5,5,CCACCCTCGTTCCGTGCCAC,0,19994
TSS_1414_storz_regulondb,0.16666666666666666,5,5,CCACACGTTTGTTCAGAGGG,0,37526
TSS_1414_storz_regulondb,0.16666666666666666,5,5,CCACACGCGGCTAGTCCTTG,0,18214
TSS_1414_storz_regulondb,0.16666666666666666,5,5,CCAATGCCCCCTTTGCTTAC,0,52403
TSS_1414_storz_regulondb,0.16666666666666666,5,5,CCAAGATCCGCAGGGCCGCT,0,45323
TSS_1414_storz_regulondb,0.16666666666666666,5,5,CCAACGGTGCTCCTGACTGG,0,20995
TSS_1414_storz_regulondb,0.16666666666666666,5,5,CATTTGGCCCACGTAGTAGA,0,15289
TSS_1414_storz_regulondb,0.16666666666666666,5,5,CATTGCCGCGTGGGTGGGGG,0,70226
TSS_1414_storz_regulondb,0.16666666666666666,5,5,CATTCGGAGCCCTGCTCCTC,0,48946
TSS_1414_storz_regulondb,0.16666666666666666,5,5,CATTCCTGATCAAAAGGGGG,0,40236
TSS_1414_storz_regulondb,0.16666666666666666,5,5,CATTAGTCTGTAACATAGTG,0,79475
TSS_1414_storz_regulondb,0.16666666666666666,5,5,CATTACGTCTAAGCTCCAAA,0,19184
TSS_1414_storz_regulondb,0.16666666666666666,5,5,CATGTTTTTCAATACCATGA,0,75863
TSS_1414_storz_regulondb,0.16666666666666666,5,5,CATGTGGGGGGACATCCTTC,0,78224
TSS_1414_storz_regulondb,0.16666666666666666,5,5,CATGTAATTCTTGGGACCTA,0,23359
TSS_1414_storz_regulondb,0.16666666666666666,5,5,CATGGTTATGCTCCATTGTA,0,69336
TSS_1414_storz_regulondb,0.16666666666666666,5,5,CATGCTGCGCCAATCCACTA,0,6675
TSS_1414_storz_regulondb,0.16666666666666666,5,5,CATGCCATCGGCATTTCCCA,0,64995
TSS_1414_storz_regulondb,0.16666666666666666,5,5,CATGAAAGGAAACGATTACA,0,35834
TSS_1414_storz_regulondb,0.16666666666666666,5,5,CATCGGGCAAGGCTAGATAT,0,11744
TSS_1414_storz_regulondb,0.16666666666666666,5,5,CATCGCTTCCGCGATACGCG,0,16307
TSS_1414_storz_regulondb,0.16666666666666666,5,5,CATCGCCCTTTCTCTTGTAG,0,43949
TSS_1414_storz_regulondb,0.16666666666666666,5,5,CATCCCGAGCACAGGTCCCG,0,72545
TSS_1414_storz_regulondb,0.16666666666666666,5,5,CATCCCAGTTGTCAGGGGGA,0,61048
TSS_1414_storz_regulondb,0.16666666666666666,5,5,CATCATGGCCACCGGGGTAG,0,51611
TSS_1414_storz_regulondb,0.16666666666666666,5,5,CATCATCGCGGAACTTTGAA,0,15739
TSS_1414_storz_regulondb,0.16666666666666666,5,5,CATCAGCATGACCCATGCCC,0,52884
TSS_1414_storz_regulondb,0.16666666666666666,5,5,CATATCAGGAGCTCCAACTC,0,75551
TSS_1414_storz_regulondb,0.16666666666666666,5,5,CATATATATTTCTTGAGCGT,0,23171
TSS_1414_storz_regulondb,0.16666666666666666,5,5,CATATAATTGCTTGGTTACG,0,30608
TSS_1414_storz_regulondb,0.16666666666666666,5,5,CATAGTTTTCAGTTGGCTTC,0,52707
TSS_1414_storz_regulondb,0.16666666666666666,5,5,CATAGGCCTATCGGGATATG,0,2450
TSS_1414_storz_regulondb,0.16666666666666666,5,5,CATAGCAACGAGATCAGTGG,0,8075
TSS_1414_storz_regulondb,0.16666666666666666,5,5,CATAGATTCCTCCTGTTTCT,0,22595
TSS_1414_storz_regulondb,0.16666666666666666,5,5,CATACGTAGACCAGGGCCGC,0,29184
TSS_1414_storz_regulondb,0.16666666666666666,5,5,CATAATCCCCATATCATCAT,0,66725
TSS_1414_storz_regulondb,0.16666666666666666,5,5,CATAACCTGGCAGCGCCGTC,0,57527
TSS_1414_storz_regulondb,0.16666666666666666,5,5,CAGTTGGGAACACGCCGCGT,0,51037
TSS_1414_storz_regulondb,0.16666666666666666,5,5,CAGTGGTTCCGGCTATGTGT,0,24844
TSS_1414_storz_regulondb,0.16666666666666666,5,5,CAGTGGGGACCGGGCGTACC,0,61135
TSS_1414_storz_regulondb,0.16666666666666666,5,5,CAGTGGCGGACGTCGCATGA,0,37676
TSS_1414_storz_regulondb,0.16666666666666666,5,5,CAGTGCCAACATCAGGGAAA,0,61746
TSS_1414_storz_regulondb,0.16666666666666666,5,5,CAGTGACGGCCCCCTCGTAT,0,26188
TSS_1414_storz_regulondb,0.16666666666666666,5,5,CAGTCTTATGTCAGGGAGTA,0,66885
TSS_1414_storz_regulondb,0.16666666666666666,5,5,CAGTACCGAGCGATCCCACA,0,60680
TSS_1414_storz_regulondb,0.16666666666666666,5,5,CAGGTTTGTCCCTCGGCGCG,0,56800
TSS_1414_storz_regulondb,0.16666666666666666,5,5,CAGGTTTAACAGACCTTTAC,0,76237
TSS_1414_storz_regulondb,0.16666666666666666,5,5,CAGGTATAGCAGTCCAACGA,0,28774
TSS_1414_storz_regulondb,0.16666666666666666,5,5,CAGGGTAAGTGCTTGATAGT,0,51079
TSS_1414_storz_regulondb,0.16666666666666666,5,5,CAGGGACACCTTCGTGCCAT,0,64123
TSS_1414_storz_regulondb,0.16666666666666666,5,5,CAGGATCGCACCAGGAGCCT,0,38628
TSS_1414_storz_regulondb,0.16666666666666666,5,5,CAGGATAACCTTGGTATGGG,0,14360
TSS_1414_storz_regulondb,0.16666666666666666,5,5,CAGCGTATGGTTGGGGTTAA,0,24706
TSS_1414_storz_regulondb,0.16666666666666666,5,5,CAGCGAATAGTATTAGACTA,0,8486
TSS_1414_storz_regulondb,0.16666666666666666,5,5,CAGCACTTGGCGGGCTCGGG,0,10710
TSS_1414_storz_regulondb,0.16666666666666666,5,5,CAGATTGCCTATCTCCGTGT,0,12164
TSS_1414_storz_regulondb,0.16666666666666666,5,5,CAGATTATAGGAAGTAGGGA,0,72685
TSS_1414_storz_regulondb,0.16666666666666666,5,5,CAGAGTGCTATTGGGGTCGT,0,1851
TSS_1414_storz_regulondb,0.16666666666666666,5,5,CAGAGTATCTCCTGCGTAGG,0,7629
TSS_1414_storz_regulondb,0.16666666666666666,5,5,CAGAGAAAGGTTATGTTAAT,0,41756
TSS_1414_storz_regulondb,0.16666666666666666,5,5,CAGACGACATTAATATAGAT,0,43391
TSS_1414_storz_regulondb,0.16666666666666666,5,5,CAGAAGAACGCAGCTTTCAT,0,63716
TSS_1414_storz_regulondb,0.16666666666666666,5,5,CACTTCAGGGGCGTTTATCA,0,6039
TSS_1414_storz_regulondb,0.16666666666666666,5,5,CACTTAATTCCTACCATCTT,0,50206
TSS_1414_storz_regulondb,0.16666666666666666,5,5,CACGTTTCTACGCAATTCAC,0,71502
TSS_1414_storz_regulondb,0.16666666666666666,5,5,CACGTCGGTGACTGGACCTG,0,19242
TSS_1414_storz_regulondb,0.16666666666666666,5,5,CACGTACTCGGCGAGTGGTC,0,68294
TSS_1414_storz_regulondb,0.16666666666666666,5,5,CACGGGCGTCGCCGTCGGCA,0,6293
TSS_1414_storz_regulondb,0.16666666666666666,5,5,CACGGAGTAACAAGAGGTTA,0,32000
TSS_1414_storz_regulondb,0.16666666666666666,5,5,CACGATTCGCTCATGAATGT,0,15507
TSS_1414_storz_regulondb,0.16666666666666666,5,5,CACGATAGAGAATTGACAAG,0,42685
TSS_1414_storz_regulondb,0.16666666666666666,5,5,CACGAATGTGCACCCCAGGG,0,41969
TSS_1414_storz_regulondb,0.16666666666666666,5,5,CACCGTAAATATGTTGCGTC,0,6322
TSS_1414_storz_regulondb,0.16666666666666666,5,5,CACCGGAGACTTGTGGATAA,0,12984
TSS_1414_storz_regulondb,0.16666666666666666,5,5,CACCGAGGCGAGCCTTAGGG,0,68059
TSS_1414_storz_regulondb,0.16666666666666666,5,5,CACCGAGCCAATCCGGCGCG,0,70646
TSS_1414_storz_regulondb,0.16666666666666666,5,5,CACCCGCACCACGGATGTTA,0,29267
TSS_1414_storz_regulondb,0.16666666666666666,5,5,CACCAATTTGCAAGATGGTG,0,72232
TSS_1414_storz_regulondb,0.16666666666666666,5,5,CACCAACGTTGCGTAGGAGT,0,11729
TSS_1414_storz_regulondb,0.16666666666666666,5,5,CACATTGACCAGTCTATGTT,0,50592
TSS_1414_storz_regulondb,0.16666666666666666,5,5,CACATGTTAAAAAATTGACC,0,9888
TSS_1414_storz_regulondb,0.16666666666666666,5,5,CACATGCCGGGAATACGGAT,0,62635
TSS_1414_storz_regulondb,0.16666666666666666,5,5,CACAGTGGATTACGAGCGGT,0,47875
TSS_1414_storz_regulondb,0.16666666666666666,5,5,CACAAGGGTATCATTCATTC,0,59344
TSS_1414_storz_regulondb,0.16666666666666666,5,5,CAATTTTAGTGACCAGTAAC,0,30793
TSS_1414_storz_regulondb,0.16666666666666666,5,5,CAATTTGATATAACCCTCGT,0,2466
TSS_1414_storz_regulondb,0.16666666666666666,5,5,CAATGGAGGCGATATAATAA,0,51835
TSS_1414_storz_regulondb,0.16666666666666666,5,5,CAATGCGTCGTGGAGTCTAT,0,28670
TSS_1414_storz_regulondb,0.16666666666666666,5,5,CAATGAAGTCGCAGCGGCTT,0,64810
TSS_1414_storz_regulondb,0.16666666666666666,5,5,CAATATTAACTATCCACAGG,0,41766
TSS_1414_storz_regulondb,0.16666666666666666,5,5,CAATAATACCCAGTTCAATA,0,24514
TSS_1414_storz_regulondb,0.16666666666666666,5,5,CAAGGGCCGACCGGGACACA,0,79337
TSS_1414_storz_regulondb,0.16666666666666666,5,5,CAAGGCCGTCCGATCAATTG,0,44657
TSS_1414_storz_regulondb,0.16666666666666666,5,5,CAAGGACTGCGTCAGACGTT,0,60122
TSS_1414_storz_regulondb,0.16666666666666666,5,5,CAAGCCTCTAATTAGAGTGT,0,21590
TSS_1414_storz_regulondb,0.16666666666666666,5,5,CAAGATGTGAGGGTGCTCGA,0,37691
TSS_1414_storz_regulondb,0.16666666666666666,5,5,CAAGAGGCAGAGCCCAAGGC,0,25361
TSS_1414_storz_regulondb,0.16666666666666666,5,5,CAACGGGTGGGTGAAGAGAG,0,35705
TSS_1414_storz_regulondb,0.16666666666666666,5,5,CAACATGGAGCCTTTACCAA,0,9780
TSS_1414_storz_regulondb,0.16666666666666666,5,5,CAACATCTGGACGGCACGTC,0,80420
TSS_1414_storz_regulondb,0.16666666666666666,5,5,CAAATGCCTCGGAGCTTCGT,0,7907
TSS_1414_storz_regulondb,0.16666666666666666,5,5,CAAATAGGGGCTGACGTACA,0,35346
TSS_1414_storz_regulondb,0.16666666666666666,5,5,CAAATACTGCGCCGGATACC,0,52892
TSS_1414_storz_regulondb,0.16666666666666666,5,5,CAAAGTTATCCTAAATGGCC,0,64170
TSS_1414_storz_regulondb,0.16666666666666666,5,5,CAAACAACGTGAAAGGCAAT,0,76837
TSS_1414_storz_regulondb,0.16666666666666666,5,5,CAAAAATTCACACATGCTCT,0,71880
TSS_1414_storz_regulondb,0.16666666666666666,5,5,CAAAAAGCGAATACGCGCCG,0,80732
TSS_1414_storz_regulondb,0.16666666666666666,5,5,ATTTTTTTGCTTGTCGGCCC,0,3111
TSS_1414_storz_regulondb,0.16666666666666666,5,5,ATTTTGACTTTAATGACAGG,0,35012
TSS_1414_storz_regulondb,0.16666666666666666,5,5,ATTTGTTCAGAGACCAACGC,0,31258
TSS_1414_storz_regulondb,0.16666666666666666,5,5,ATTTGGACCCTAACTTCTTT,0,22601
TSS_1414_storz_regulondb,0.16666666666666666,5,5,ATTTGGAAGCGGACTTTGGA,0,27000
TSS_1414_storz_regulondb,0.16666666666666666,5,5,ATTTCACCGGAGGGTTTTGT,0,37583
TSS_1414_storz_regulondb,0.16666666666666666,5,5,ATTTATTGGGCATACGAGAC,0,31444
TSS_1414_storz_regulondb,0.16666666666666666,5,5,ATTTAAAGGCCAGGCCTAGA,0,32279
TSS_1414_storz_regulondb,0.16666666666666666,5,5,ATTGTCAGTTGGAGAAGTGA,0,75661
TSS_1414_storz_regulondb,0.16666666666666666,5,5,ATTGTACAGGGATAGCTGAT,0,55737
TSS_1414_storz_regulondb,0.16666666666666666,5,5,ATTGGTTAGTTAGCAAAGGA,0,28346
TSS_1414_storz_regulondb,0.16666666666666666,5,5,ATTGGCTGATCACGTCTTCT,0,28011
TSS_1414_storz_regulondb,0.16666666666666666,5,5,ATTGGAGAGGCAGGTACTCA,0,23510
TSS_1414_storz_regulondb,0.16666666666666666,5,5,ATTGCGTTTACCTGGGCTCG,0,36503
TSS_1414_storz_regulondb,0.16666666666666666,5,5,ATTGCAAGCGCTCCTTCCCC,0,50360
TSS_1414_storz_regulondb,0.16666666666666666,5,5,ATTGAAGGGATATACTTGCT,0,59472
TSS_1414_storz_regulondb,0.16666666666666666,5,5,ATTGAAACAAACGTCCAGCG,0,25963
TSS_1414_storz_regulondb,0.16666666666666666,5,5,ATTCTTTAGACCACTCTCAC,0,29205
TSS_1414_storz_regulondb,0.16666666666666666,5,5,ATTCTAAGGTAAAAAGCCGC,0,37802
TSS_1414_storz_regulondb,0.16666666666666666,5,5,ATTCGTTCATCAACGTCGAG,0,3117
TSS_1414_storz_regulondb,0.16666666666666666,5,5,ATTCCGGCTCGGAGAGGGGA,0,40056
TSS_1414_storz_regulondb,0.16666666666666666,5,5,ATTCCCTACGACTTAACAGA,0,20105
TSS_1414_storz_regulondb,0.16666666666666666,5,5,ATTCCACAAGCGCGGACATG,0,64712
TSS_1414_storz_regulondb,0.16666666666666666,5,5,ATTATCGCTTATGTCTAGGC,0,10049
TSS_1414_storz_regulondb,0.16666666666666666,5,5,ATTATAGCATACGGTACGTC,0,38981
TSS_1414_storz_regulondb,0.16666666666666666,5,5,ATTAGGTCACAATGCCTTTA,0,8733
TSS_1414_storz_regulondb,0.16666666666666666,5,5,ATTAGAACGCAGTCCGGTGA,0,25773
TSS_1414_storz_regulondb,0.16666666666666666,5,5,ATTACCGGGGTGCCCTTCTT,0,8634
TSS_1414_storz_regulondb,0.16666666666666666,5,5,ATTAAACGGGAGTCGTTAGG,0,53092
TSS_1414_storz_regulondb,0.16666666666666666,5,5,ATGTTCCGGATGAGTGAAAT,0,21593
TSS_1414_storz_regulondb,0.16666666666666666,5,5,ATGTTCAGGGACGTCCGGGT,0,16617
TSS_1414_storz_regulondb,0.16666666666666666,5,5,ATGTTAACAATCTGTGACTT,0,59221
TSS_1414_storz_regulondb,0.16666666666666666,5,5,ATGTGTTCAAGTCAACCTTG,0,19061
TSS_1414_storz_regulondb,0.16666666666666666,5,5,ATGTGTGACAGCATTTGCAT,0,15898
TSS_1414_storz_regulondb,0.16666666666666666,5,5,ATGTGAAAAATCTCGATAAT,0,16928
TSS_1414_storz_regulondb,0.16666666666666666,5,5,ATGTCATCCGCTGCATCACC,0,18739
TSS_1414_storz_regulondb,0.16666666666666666,5,5,ATGTCAGCGGTTTGGACTTC,0,58677
TSS_1414_storz_regulondb,0.16666666666666666,5,5,ATGTAAGGGTGCAACGGAAG,0,79398
TSS_1414_storz_regulondb,0.16666666666666666,5,5,ATGTAAACTCTCGTGCGTTG,0,67570
TSS_1414_storz_regulondb,0.16666666666666666,5,5,ATGTAAACCGTCAAAGAATA,0,74709
TSS_1414_storz_regulondb,0.16666666666666666,5,5,ATGGTTGGTACAGCAAGGCC,0,53223
TSS_1414_storz_regulondb,0.16666666666666666,5,5,ATGGTGGCTTTCACGACAAG,0,5085
TSS_1414_storz_regulondb,0.16666666666666666,5,5,ATGGGACAGGATGCACGTGC,0,10650
TSS_1414_storz_regulondb,0.16666666666666666,5,5,ATGGAGTACACCTGATGGAA,0,13657
TSS_1414_storz_regulondb,0.16666666666666666,5,5,ATGCTGCGCGTACGGTATTG,0,57509
TSS_1414_storz_regulondb,0.16666666666666666,5,5,ATGCTGCCTGATTCGTACCT,0,43020
TSS_1414_storz_regulondb,0.16666666666666666,5,5,ATGCGCGGCCTGAATACCAA,0,62053
TSS_1414_storz_regulondb,0.16666666666666666,5,5,ATGCGCATCTGACACCGGTA,0,72968
TSS_1414_storz_regulondb,0.16666666666666666,5,5,ATGCGATTATCAGAGCTTAT,0,17692
TSS_1414_storz_regulondb,0.16666666666666666,5,5,ATGCCTTGTCGCCCGGTCCA,0,38716
TSS_1414_storz_regulondb,0.16666666666666666,5,5,ATGCCCCGGCACGGCCTTGC,0,26091
TSS_1414_storz_regulondb,0.16666666666666666,5,5,ATGCATGACCGAAGATCTCC,0,28417
TSS_1414_storz_regulondb,0.16666666666666666,5,5,ATGCACCATGCAAACCATGA,0,44064
TSS_1414_storz_regulondb,0.16666666666666666,5,5,ATGCACAATGCCCAGACGAA,0,20807
TSS_1414_storz_regulondb,0.16666666666666666,5,5,ATGATTCCGTCGCGTAGGCG,0,79988
TSS_1414_storz_regulondb,0.16666666666666666,5,5,ATGATCTCAAGCCATCCTTG,0,30660
TSS_1414_storz_regulondb,0.16666666666666666,5,5,ATGATACTATCTGCGGTGCC,0,69093
TSS_1414_storz_regulondb,0.16666666666666666,5,5,ATGAGTTAACTATTTGAGTC,0,23586
TSS_1414_storz_regulondb,0.16666666666666666,5,5,ATGAGGGACGGCTCGCGAGT,0,8012
TSS_1414_storz_regulondb,0.16666666666666666,5,5,ATGAGGACCCTGTAGGATGC,0,13223
TSS_1414_storz_regulondb,0.16666666666666666,5,5,ATGAGAAATGATGTGCATCA,0,1791
TSS_1414_storz_regulondb,0.16666666666666666,5,5,ATGAGAAACGCCACTCTACA,0,24669
TSS_1414_storz_regulondb,0.16666666666666666,5,5,ATGACTTCGGTCTGCTTGAA,0,38412
TSS_1414_storz_regulondb,0.16666666666666666,5,5,ATGACTGTCCCGACTTTATT,0,63776
TSS_1414_storz_regulondb,0.16666666666666666,5,5,ATGACTGAACGCGCGGAGGA,0,80060
TSS_1414_storz_regulondb,0.16666666666666666,5,5,ATGACCAAATTTAGGAGGAC,0,76881
TSS_1414_storz_regulondb,0.16666666666666666,5,5,ATGAATTAGGCGCATGGCCT,0,23236
TSS_1414_storz_regulondb,0.16666666666666666,5,5,ATCTTTACACACACTGGGCT,0,48854
TSS_1414_storz_regulondb,0.16666666666666666,5,5,ATCTTACGCTCCCAAAACAT,0,31793
TSS_1414_storz_regulondb,0.16666666666666666,5,5,ATCTCTTACCCGGGAAGTTA,0,56489
TSS_1414_storz_regulondb,0.16666666666666666,5,5,ATCTCGATCCGCGCCTAAGC,0,41388
TSS_1414_storz_regulondb,0.16666666666666666,5,5,ATCTCCATATAGAATGGATG,0,16581
TSS_1414_storz_regulondb,0.16666666666666666,5,5,ATCTCATGCTCATAGTATAG,0,70592
TSS_1414_storz_regulondb,0.16666666666666666,5,5,ATCTATACGCAGGAATCTCC,0,38172
TSS_1414_storz_regulondb,0.16666666666666666,5,5,ATCGGTAGAGGAACGTTTAT,0,69284
TSS_1414_storz_regulondb,0.16666666666666666,5,5,ATCGGCAGCATGGGGGAAAA,0,17994
TSS_1414_storz_regulondb,0.16666666666666666,5,5,ATCGCTGGTGACCCCTAGGC,0,41693
TSS_1414_storz_regulondb,0.16666666666666666,5,5,ATCGCTAGTGGTCGCGTTAG,0,3852
TSS_1414_storz_regulondb,0.16666666666666666,5,5,ATCGCGATTACCCTTCACAA,0,48056
TSS_1414_storz_regulondb,0.16666666666666666,5,5,ATCGCGATGTTGTAATGTGT,0,58833
TSS_1414_storz_regulondb,0.16666666666666666,5,5,ATCCTCTTCTACGCGTCACG,0,43975
TSS_1414_storz_regulondb,0.16666666666666666,5,5,ATCCTAACAATCGAAGCCTC,0,9197
TSS_1414_storz_regulondb,0.16666666666666666,5,5,ATCCGTTGGCTACCGGATGT,0,13246
TSS_1414_storz_regulondb,0.16666666666666666,5,5,ATCCGCGTCTAGCAAGGTAT,0,75795
TSS_1414_storz_regulondb,0.16666666666666666,5,5,ATCCGCGCCACATCTTTCTC,0,19870
TSS_1414_storz_regulondb,0.16666666666666666,5,5,ATCCGCAGGGCACCTATTAG,0,21129
TSS_1414_storz_regulondb,0.16666666666666666,5,5,ATCCGACGGCAGCCCCGCCC,0,24917
TSS_1414_storz_regulondb,0.16666666666666666,5,5,ATCCCTGCTCCGATACACGA,0,79577
TSS_1414_storz_regulondb,0.16666666666666666,5,5,ATCCCGGCTTCGTTCCTGGA,0,28568
TSS_1414_storz_regulondb,0.16666666666666666,5,5,ATCCCGAAGATTTGGGTCAT,0,54967
TSS_1414_storz_regulondb,0.16666666666666666,5,5,ATCCCACCTTCCTGGTAGAA,0,35827
TSS_1414_storz_regulondb,0.16666666666666666,5,5,ATCATGCTCTGTGTTGGTTA,0,48979
TSS_1414_storz_regulondb,0.16666666666666666,5,5,ATCATACCAGGACCGGTTGA,0,47326
TSS_1414_storz_regulondb,0.16666666666666666,5,5,ATCAGTCAGTCCCGGCGCAT,0,67779
TSS_1414_storz_regulondb,0.16666666666666666,5,5,ATCAGCCGATCTGCGGAGTA,0,43955
TSS_1414_storz_regulondb,0.16666666666666666,5,5,ATCACTTGTTGAGAATTCTT,0,47222
TSS_1414_storz_regulondb,0.16666666666666666,5,5,ATCAACATGTGCTTTGCCGA,0,1835
TSS_1414_storz_regulondb,0.16666666666666666,5,5,ATATGTGGCTATACCGTTCA,0,61818
TSS_1414_storz_regulondb,0.16666666666666666,5,5,ATATGCTAAGACTGCCATCA,0,13990
TSS_1414_storz_regulondb,0.16666666666666666,5,5,ATATGCCTTGACCTGGTCTG,0,61434
TSS_1414_storz_regulondb,0.16666666666666666,5,5,ATATGCCTCATCCCGTAATG,0,50958
TSS_1414_storz_regulondb,0.16666666666666666,5,5,ATATCTCAGCGTCGGCAAAA,0,36356
TSS_1414_storz_regulondb,0.16666666666666666,5,5,ATATCGGGGACGATGAGTAG,0,19197
TSS_1414_storz_regulondb,0.16666666666666666,5,5,ATATAGCTCCCGGTTCTTGT,0,23483
TSS_1414_storz_regulondb,0.16666666666666666,5,5,ATAGTTGGATTGGTTCAGAC,0,36802
TSS_1414_storz_regulondb,0.16666666666666666,5,5,ATAGGTTGTAGACGTTGAAA,0,6265
TSS_1414_storz_regulondb,0.16666666666666666,5,5,ATAGCTGAATTAACGCGTAG,0,50763
TSS_1414_storz_regulondb,0.16666666666666666,5,5,ATAGCACCTGTTTGGATAGC,0,63613
TSS_1414_storz_regulondb,0.16666666666666666,5,5,ATAGATGTCATCCTAGCAGA,0,67433
TSS_1414_storz_regulondb,0.16666666666666666,5,5,ATAGAGGGGAGCGGCATTCC,0,28764
TSS_1414_storz_regulondb,0.16666666666666666,5,5,ATACTGATCCGTCTCTTGTT,0,3432
TSS_1414_storz_regulondb,0.16666666666666666,5,5,ATACGTTGAGGAGACAGGTC,0,25986
TSS_1414_storz_regulondb,0.16666666666666666,5,5,ATACGTTCTAGACCTCGTAG,0,50808
TSS_1414_storz_regulondb,0.16666666666666666,5,5,ATACGTTAAACACACAAGTT,0,70201
TSS_1414_storz_regulondb,0.16666666666666666,5,5,ATACGGATAGAGCTCCAAGG,0,64506
TSS_1414_storz_regulondb,0.16666666666666666,5,5,ATACGCGGTAGTCAAACAAC,0,35331
TSS_1414_storz_regulondb,0.16666666666666666,5,5,ATACGCCCAAGCCGCAGTGA,0,10640
TSS_1414_storz_regulondb,0.16666666666666666,5,5,ATACCTTGCATGTGAACTGT,0,42261
TSS_1414_storz_regulondb,0.16666666666666666,5,5,ATACCCGGCTCATACAAAAT,0,37395
TSS_1414_storz_regulondb,0.16666666666666666,5,5,ATACCACGGCCGAGGCCCCG,0,19447
TSS_1414_storz_regulondb,0.16666666666666666,5,5,ATACACGCCTCTGCTCTATA,0,41282
TSS_1414_storz_regulondb,0.16666666666666666,5,5,ATACACAGAAATGATCCCCC,0,13829
TSS_1414_storz_regulondb,0.16666666666666666,5,5,ATAATTAGTCACACAAATTG,0,23572
TSS_1414_storz_regulondb,0.16666666666666666,5,5,ATAATGATCCCTTGTGCGGC,0,30929
TSS_1414_storz_regulondb,0.16666666666666666,5,5,ATAACCCGGTGTCAGCTCGT,0,53889
TSS_1414_storz_regulondb,0.16666666666666666,5,5,ATAACCCGCATTAAAGCAAT,0,45771
TSS_1414_storz_regulondb,0.16666666666666666,5,5,ATAACCCGACCAGTAACGGA,0,38756
TSS_1414_storz_regulondb,0.16666666666666666,5,5,ATAACCAAACTCGCCCTTGC,0,4779
TSS_1414_storz_regulondb,0.16666666666666666,5,5,ATAACAGGGCCTTCCAGTTC,0,4361
TSS_1414_storz_regulondb,0.16666666666666666,5,5,ATAAAGTCGGAATTGCATTA,0,39885
TSS_1414_storz_regulondb,0.16666666666666666,5,5,AGTTGTGCTCTTGGGACTAA,0,51163
TSS_1414_storz_regulondb,0.16666666666666666,5,5,AGTTGGTATTCGGCGGAGGA,0,69811
TSS_1414_storz_regulondb,0.16666666666666666,5,5,AGTTGACCGAAGGCGGCCGG,0,18867
TSS_1414_storz_regulondb,0.16666666666666666,5,5,AGTTCTTTCCAACAGTATAC,0,60081
TSS_1414_storz_regulondb,0.16666666666666666,5,5,AGTTCTCCACGGATCTCGAG,0,46219
TSS_1414_storz_regulondb,0.16666666666666666,5,5,AGTTCGGCGGCGTCAATCAC,0,77801
TSS_1414_storz_regulondb,0.16666666666666666,5,5,AGTTCCGGGGACGTCGCGGA,0,67469
TSS_1414_storz_regulondb,0.16666666666666666,5,5,AGTTCCGCCGGAGTAGTGGC,0,36153
TSS_1414_storz_regulondb,0.16666666666666666,5,5,AGTTCAGCAAGCTTCTCCTG,0,21315
TSS_1414_storz_regulondb,0.16666666666666666,5,5,AGTTATTGTGCGGCAGGCGT,0,27411
TSS_1414_storz_regulondb,0.16666666666666666,5,5,AGTTAATTGAGGCTACGAGA,0,61284
TSS_1414_storz_regulondb,0.16666666666666666,5,5,AGTGTCAGTTTGGAACAAGC,0,14209
TSS_1414_storz_regulondb,0.16666666666666666,5,5,AGTGTCAATACAGGCGCGTT,0,40847
TSS_1414_storz_regulondb,0.16666666666666666,5,5,AGTGTAATGACGTTTACGGA,0,55828
TSS_1414_storz_regulondb,0.16666666666666666,5,5,AGTGGTACTAATCGAGCACT,0,59256
TSS_1414_storz_regulondb,0.16666666666666666,5,5,AGTGCTCGGTTTTTGTACCA,0,30554
TSS_1414_storz_regulondb,0.16666666666666666,5,5,AGTGAGTTACCTCCGCACCG,0,21589
TSS_1414_storz_regulondb,0.16666666666666666,5,5,AGTGAGGTTAACGCCTGGAT,0,48562
TSS_1414_storz_regulondb,0.16666666666666666,5,5,AGTGACCCGCGAAGTTGGGA,0,31507
TSS_1414_storz_regulondb,0.16666666666666666,5,5,AGTCTTCAGAGAAGAATCTC,0,52508
TSS_1414_storz_regulondb,0.16666666666666666,5,5,AGTCTCATGGCTCGTGCTAG,0,16543
TSS_1414_storz_regulondb,0.16666666666666666,5,5,AGTCGATCAAGAGCCGCCGG,0,72230
TSS_1414_storz_regulondb,0.16666666666666666,5,5,AGTCCTTCGTGACGTCGGCA,0,51483
TSS_1414_storz_regulondb,0.16666666666666666,5,5,AGTCAGATGGCCATCGCGAC,0,61690
TSS_1414_storz_regulondb,0.16666666666666666,5,5,AGTCACTAACCCGGCGAATG,0,26557
TSS_1414_storz_regulondb,0.16666666666666666,5,5,AGTCACCTAATCTTATCTAA,0,22774
TSS_1414_storz_regulondb,0.16666666666666666,5,5,AGTAGGGCTTTAAACACATT,0,68234
TSS_1414_storz_regulondb,0.16666666666666666,5,5,AGTAGGCCAACAGTATTCTG,0,59501
TSS_1414_storz_regulondb,0.16666666666666666,5,5,AGTAGCGATAATGGTCCAAT,0,74315
TSS_1414_storz_regulondb,0.16666666666666666,5,5,AGTAGCAGGAGCTGTAGCGT,0,71555
TSS_1414_storz_regulondb,0.16666666666666666,5,5,AGTAGATAGGTGATTAGAGG,0,13895
TSS_1414_storz_regulondb,0.16666666666666666,5,5,AGTAGACAACTCCTCGGTAT,0,80806
TSS_1414_storz_regulondb,0.16666666666666666,5,5,AGTAATCGCGTCGGTATGCA,0,3905
TSS_1414_storz_regulondb,0.16666666666666666,5,5,AGGTTTTGACATGCATTGAG,0,78746
TSS_1414_storz_regulondb,0.16666666666666666,5,5,AGGTTTGCTCGCCAGGCACA,0,70604
TSS_1414_storz_regulondb,0.16666666666666666,5,5,AGGTGTCATAGGCGAACAAC,0,28878
TSS_1414_storz_regulondb,0.16666666666666666,5,5,AGGTCTTAACAGGGTGCGTT,0,53885
TSS_1414_storz_regulondb,0.16666666666666666,5,5,AGGTCTGGTTACGTTATGCA,0,4835
TSS_1414_storz_regulondb,0.16666666666666666,5,5,AGGTCATCACTTCATGGTCA,0,48311
TSS_1414_storz_regulondb,0.16666666666666666,5,5,AGGTCACCGTTCACATGAGA,0,63275
TSS_1414_storz_regulondb,0.16666666666666666,5,5,AGGTCACCCGTGCACCAGCC,0,26803
TSS_1414_storz_regulondb,0.16666666666666666,5,5,AGGGTGATTACGTTCAACCC,0,5753
TSS_1414_storz_regulondb,0.16666666666666666,5,5,AGGGTATGGTGAAGTTGTAT,0,33935
TSS_1414_storz_regulondb,0.16666666666666666,5,5,AGGGGTCGCGTTTTCATGCA,0,33068
TSS_1414_storz_regulondb,0.16666666666666666,5,5,AGGGGTATTCAACGGTCCAT,0,73334
TSS_1414_storz_regulondb,0.16666666666666666,5,5,AGGGGAATTACCAATCCGCC,0,31123
TSS_1414_storz_regulondb,0.16666666666666666,5,5,AGGGCGGGTACGTAAGGCGA,0,641
TSS_1414_storz_regulondb,0.16666666666666666,5,5,AGGGCAGGCTCGTCAGGACA,0,26059
TSS_1414_storz_regulondb,0.16666666666666666,5,5,AGGGAAAAGTGCTAGTACTT,0,30195
TSS_1414_storz_regulondb,0.16666666666666666,5,5,AGGCTGGCGGCAGAATTTTA,0,33885
TSS_1414_storz_regulondb,0.16666666666666666,5,5,AGGCGTGTGACACAGCGCCC,0,56397
TSS_1414_storz_regulondb,0.16666666666666666,5,5,AGGCGGTTCTTTTCCAGATT,0,71689
TSS_1414_storz_regulondb,0.16666666666666666,5,5,AGGCCCTCCTAGCTTAAAAC,0,4362
TSS_1414_storz_regulondb,0.16666666666666666,5,5,AGGATACCCCGACCAGTACA,0,20404
TSS_1414_storz_regulondb,0.16666666666666666,5,5,AGGAGCACACAGGGATCCCT,0,21537
TSS_1414_storz_regulondb,0.16666666666666666,5,5,AGGAGACATTAACTTGGTCC,0,37628
TSS_1414_storz_regulondb,0.16666666666666666,5,5,AGGACTATTGCAAGATGCAA,0,49182
TSS_1414_storz_regulondb,0.16666666666666666,5,5,AGCTTTCGGGGCTTCGAGGT,0,61936
TSS_1414_storz_regulondb,0.16666666666666666,5,5,AGCTTGGAGGGATCGTGCCT,0,17651
TSS_1414_storz_regulondb,0.16666666666666666,5,5,AGCTTCTTTGGGAGGAGGTA,0,66753
TSS_1414_storz_regulondb,0.16666666666666666,5,5,AGCTGGGCTCCTGACTGGCA,0,19794
TSS_1414_storz_regulondb,0.16666666666666666,5,5,AGCTGGACCTGGACGGTGTG,0,71363
TSS_1414_storz_regulondb,0.16666666666666666,5,5,AGCTGATTTCTTGTAGACTT,0,687
TSS_1414_storz_regulondb,0.16666666666666666,5,5,AGCTGAGGGGACATTCGAGA,0,61644
TSS_1414_storz_regulondb,0.16666666666666666,5,5,AGCTCGCACGTACCCAGTGG,0,78441
TSS_1414_storz_regulondb,0.16666666666666666,5,5,AGCTAGCGACTGTTAATGCA,0,71145
TSS_1414_storz_regulondb,0.16666666666666666,5,5,AGCTACCTGTGGTCAACTTC,0,44372
TSS_1414_storz_regulondb,0.16666666666666666,5,5,AGCGGGAACTGGTGTTTAGA,0,66654
TSS_1414_storz_regulondb,0.16666666666666666,5,5,AGCGGAGCATAAACAATGCT,0,10212
TSS_1414_storz_regulondb,0.16666666666666666,5,5,AGCGATAGGCTGAAAGTAAC,0,68267
TSS_1414_storz_regulondb,0.16666666666666666,5,5,AGCGAACACTCCGCTTTAGA,0,39267
TSS_1414_storz_regulondb,0.16666666666666666,5,5,AGCCGCTGCATTGTATACAT,0,23932
TSS_1414_storz_regulondb,0.16666666666666666,5,5,AGCCCGTGCGTTAAAAAGAT,0,69281
TSS_1414_storz_regulondb,0.16666666666666666,5,5,AGCCCCAATTCTAGAGAGCT,0,38243
TSS_1414_storz_regulondb,0.16666666666666666,5,5,AGCATTCCGAGAGTAGGCTA,0,4437
TSS_1414_storz_regulondb,0.16666666666666666,5,5,AGCATGTGTGTAAGGAATTC,0,19448
TSS_1414_storz_regulondb,0.16666666666666666,5,5,AGCATGCCCGTTAGTAACCC,0,60582
TSS_1414_storz_regulondb,0.16666666666666666,5,5,AGCATACTGTAGCCTAAACG,0,62860
TSS_1414_storz_regulondb,0.16666666666666666,5,5,AGCAGTGGGTGCCTCCTTCA,0,37572
TSS_1414_storz_regulondb,0.16666666666666666,5,5,AGCAGTCACTCCCGAGATGA,0,40677
TSS_1414_storz_regulondb,0.16666666666666666,5,5,AGCAGTACCGGAAGAATACG,0,57113
TSS_1414_storz_regulondb,0.16666666666666666,5,5,AGCAGCACGCAACGTTAGTA,0,46858
TSS_1414_storz_regulondb,0.16666666666666666,5,5,AGCACGCGTCCAAAATAGAC,0,74945
TSS_1414_storz_regulondb,0.16666666666666666,5,5,AGCACCAAGGAAGATAGCAT,0,76095
TSS_1414_storz_regulondb,0.16666666666666666,5,5,AGCACATCGAACTTTGAGGA,0,9585
TSS_1414_storz_regulondb,0.16666666666666666,5,5,AGCAACGCTATCGCTGTTTA,0,35190
TSS_1414_storz_regulondb,0.16666666666666666,5,5,AGATGAATGATTCACTGTGA,0,38145
TSS_1414_storz_regulondb,0.16666666666666666,5,5,AGATCTAGGTCAACGTACCA,0,29675
TSS_1414_storz_regulondb,0.16666666666666666,5,5,AGATATCTCTGTGACCTGGC,0,70881
TSS_1414_storz_regulondb,0.16666666666666666,5,5,AGATAGACGTGCGATAGGCC,0,41003
TSS_1414_storz_regulondb,0.16666666666666666,5,5,AGAGTCCAGATTCCGGGCTA,0,25183
TSS_1414_storz_regulondb,0.16666666666666666,5,5,AGAGTATACTTGGGCTTGTA,0,31137
TSS_1414_storz_regulondb,0.16666666666666666,5,5,AGAGGGTGGGGATTAGCCCC,0,37136
TSS_1414_storz_regulondb,0.16666666666666666,5,5,AGAGGGGTACGGCTGGCGTA,0,6306
TSS_1414_storz_regulondb,0.16666666666666666,5,5,AGAGCGCCACGCACCCCTTT,0,69600
TSS_1414_storz_regulondb,0.16666666666666666,5,5,AGAGCATGTAGACAGATTGC,0,40793
TSS_1414_storz_regulondb,0.16666666666666666,5,5,AGAGAGAGACGTTGAAGGAT,0,16402
TSS_1414_storz_regulondb,0.16666666666666666,5,5,AGACTGGAGGCAAGGTAAAA,0,65660
TSS_1414_storz_regulondb,0.16666666666666666,5,5,AGACTGCAGTCCGCCGGTTC,0,67772
TSS_1414_storz_regulondb,0.16666666666666666,5,5,AGACGTACTTCGGTCCGCAT,0,26082
TSS_1414_storz_regulondb,0.16666666666666666,5,5,AGACGGCATGAACGGAATGT,0,37846
TSS_1414_storz_regulondb,0.16666666666666666,5,5,AGACCTTACCTGACGCATTT,0,77931
TSS_1414_storz_regulondb,0.16666666666666666,5,5,AGACCTGCAATATATGTATA,0,56153
TSS_1414_storz_regulondb,0.16666666666666666,5,5,AGACCAGAGTGGGATAAATT,0,66421
TSS_1414_storz_regulondb,0.16666666666666666,5,5,AGACCACACTCCTGTATCAA,0,20769
TSS_1414_storz_regulondb,0.16666666666666666,5,5,AGACACCCAATTAACAATAT,0,4864
TSS_1414_storz_regulondb,0.16666666666666666,5,5,AGACAAAAAAAGAACGCTAA,0,35566
TSS_1414_storz_regulondb,0.16666666666666666,5,5,AGAATTACTTCGCACAATGC,0,50844
TSS_1414_storz_regulondb,0.16666666666666666,5,5,AGAAGCGGCTTATCAACTAT,0,52205
TSS_1414_storz_regulondb,0.16666666666666666,5,5,AGAACCGGGGGCAAAGGCTT,0,54921
TSS_1414_storz_regulondb,0.16666666666666666,5,5,AGAACACGGCATATTAGTCA,0,19916
TSS_1414_storz_regulondb,0.16666666666666666,5,5,AGAAATTGCCACGAGTGCAA,0,61747
TSS_1414_storz_regulondb,0.16666666666666666,5,5,ACTTTCGAGGATTTAGCAGA,0,1574
TSS_1414_storz_regulondb,0.16666666666666666,5,5,ACTTGTGGAAATTTAGTAGA,0,78164
TSS_1414_storz_regulondb,0.16666666666666666,5,5,ACTTGCGGCATTCCTCCCTG,0,1070
TSS_1414_storz_regulondb,0.16666666666666666,5,5,ACTTGCACAAGGAAGCATCA,0,11121
TSS_1414_storz_regulondb,0.16666666666666666,5,5,ACTTCTTGGGTTCTGTTCAC,0,18785
TSS_1414_storz_regulondb,0.16666666666666666,5,5,ACTTCCTACTAGATCGTTGT,0,39685
TSS_1414_storz_regulondb,0.16666666666666666,5,5,ACTTATCGGCCATACCCGCA,0,24367
TSS_1414_storz_regulondb,0.16666666666666666,5,5,ACTTAGGGTTGAGTGGGCTA,0,60784
TSS_1414_storz_regulondb,0.16666666666666666,5,5,ACTTACCCACGTGACCCCTT,0,35040
TSS_1414_storz_regulondb,0.16666666666666666,5,5,ACTGGTTGTAGTCTCACGGA,0,36495
TSS_1414_storz_regulondb,0.16666666666666666,5,5,ACTGGTTACTGTTTTTTCGC,0,21099
TSS_1414_storz_regulondb,0.16666666666666666,5,5,ACTGGAAGCTACGGCGGACT,0,26291
TSS_1414_storz_regulondb,0.16666666666666666,5,5,ACTGCGCTTCGCAAACGATG,0,31120
TSS_1414_storz_regulondb,0.16666666666666666,5,5,ACTGCAGAGTCTCTGCACAT,0,72113
TSS_1414_storz_regulondb,0.16666666666666666,5,5,ACTCTTTAAGTTGAAATAAT,0,19951
TSS_1414_storz_regulondb,0.16666666666666666,5,5,ACTCTCGTGAACATACCCAT,0,52485
TSS_1414_storz_regulondb,0.16666666666666666,5,5,ACTCTACAACGCCTCTAACT,0,66574
TSS_1414_storz_regulondb,0.16666666666666666,5,5,ACTCGCCTTGAACCGCGACT,0,9391
TSS_1414_storz_regulondb,0.16666666666666666,5,5,ACTCATTGATAAGGCCATTC,0,48863
TSS_1414_storz_regulondb,0.16666666666666666,5,5,ACTCAACGGTGCAACTTACC,0,53646
TSS_1414_storz_regulondb,0.16666666666666666,5,5,ACTATTAATAACCAGTCTTC,0,71907
TSS_1414_storz_regulondb,0.16666666666666666,5,5,ACTATGAAGGGTCAACAGAT,0,74350
TSS_1414_storz_regulondb,0.16666666666666666,5,5,ACTACAAATTTGTCCTCGGT,0,28623
TSS_1414_storz_regulondb,0.16666666666666666,5,5,ACTAAGCCATAAATGGTCCA,0,22833
TSS_1414_storz_regulondb,0.16666666666666666,5,5,ACTAAACCCCCCAACTCCAT,0,74052
TSS_1414_storz_regulondb,0.16666666666666666,5,5,ACGTTCGGGGTGCGTGGATT,0,20020
TSS_1414_storz_regulondb,0.16666666666666666,5,5,ACGTTCGACCTGGAACGTGC,0,58892
TSS_1414_storz_regulondb,0.16666666666666666,5,5,ACGTTCATCTCCGTAACTAA,0,67938
TSS_1414_storz_regulondb,0.16666666666666666,5,5,ACGTTATTTTGGTTGGGATC,0,56659
TSS_1414_storz_regulondb,0.16666666666666666,5,5,ACGTGTAAATTTTTTAATAT,0,54296
TSS_1414_storz_regulondb,0.16666666666666666,5,5,ACGTGGGTACCGCAATATTT,0,26304
TSS_1414_storz_regulondb,0.16666666666666666,5,5,ACGTCTCGCCGGACGAGTGG,0,16084
TSS_1414_storz_regulondb,0.16666666666666666,5,5,ACGTATTTGAGTCCCGTATT,0,61091
TSS_1414_storz_regulondb,0.16666666666666666,5,5,ACGTACTAGCCACGGGAGAG,0,68357
TSS_1414_storz_regulondb,0.16666666666666666,5,5,ACGTAATTAAGAATTATATG,0,59849
TSS_1414_storz_regulondb,0.16666666666666666,5,5,ACGGCATTAGCGTACACGCT,0,39864
TSS_1414_storz_regulondb,0.16666666666666666,5,5,ACGGCATATTCAACTGGCAG,0,16570
TSS_1414_storz_regulondb,0.16666666666666666,5,5,ACGGAGCTCCTCGTACGGTT,0,29350
TSS_1414_storz_regulondb,0.16666666666666666,5,5,ACGCTTTTCAGGTAACAATA,0,78129
TSS_1414_storz_regulondb,0.16666666666666666,5,5,ACGCTTGTTTGACCCGTGCC,0,16736
TSS_1414_storz_regulondb,0.16666666666666666,5,5,ACGCTACACTCTGTTTGCTC,0,70662
TSS_1414_storz_regulondb,0.16666666666666666,5,5,ACGCGTTCAGACTCGAAAAC,0,54413
TSS_1414_storz_regulondb,0.16666666666666666,5,5,ACGCCATGCTGGACGCCTGA,0,79041
TSS_1414_storz_regulondb,0.16666666666666666,5,5,ACGCCAGACGACATGCTCTT,0,27183
TSS_1414_storz_regulondb,0.16666666666666666,5,5,ACGCCACTACTAGCAGCGGG,0,42345
TSS_1414_storz_regulondb,0.16666666666666666,5,5,ACGCATACCATCTGCACTAA,0,69498
TSS_1414_storz_regulondb,0.16666666666666666,5,5,ACGCACTTCTCAACAACGTG,0,63209
TSS_1414_storz_regulondb,0.16666666666666666,5,5,ACGCAATCTGGCTAAGCCGT,0,39662
TSS_1414_storz_regulondb,0.16666666666666666,5,5,ACGATTGAGAGCAAACATCA,0,55238
TSS_1414_storz_regulondb,0.16666666666666666,5,5,ACGACATGAGACCGTTACTT,0,3969
TSS_1414_storz_regulondb,0.16666666666666666,5,5,ACGAATGTTTCATCATCTCG,0,67156
TSS_1414_storz_regulondb,0.16666666666666666,5,5,ACGAACGGTCTAAGCAGGGA,0,73611
TSS_1414_storz_regulondb,0.16666666666666666,5,5,ACCTGTTGGTTTTCTGTATA,0,13930
TSS_1414_storz_regulondb,0.16666666666666666,5,5,ACCTGTAAGAAGTTACCGAC,0,13040
TSS_1414_storz_regulondb,0.16666666666666666,5,5,ACCTCTAGTGGGATCCTGGG,0,42831
TSS_1414_storz_regulondb,0.16666666666666666,5,5,ACCTAAGTACGCCTTAGCAT,0,12916
TSS_1414_storz_regulondb,0.16666666666666666,5,5,ACCGTACTGAGGTCCAAAGC,0,42351
TSS_1414_storz_regulondb,0.16666666666666666,5,5,ACCGAGTCTTGATCTGATCC,0,8066
TSS_1414_storz_regulondb,0.16666666666666666,5,5,ACCCTTACATGAGGTTGATA,0,19551
TSS_1414_storz_regulondb,0.16666666666666666,5,5,ACCCTGGTGCCGTCAGTCTC,0,50425
TSS_1414_storz_regulondb,0.16666666666666666,5,5,ACCATTGAGGTACGATTGGG,0,15602
TSS_1414_storz_regulondb,0.16666666666666666,5,5,ACCATTAAGAAGATCCATAA,0,54124
TSS_1414_storz_regulondb,0.16666666666666666,5,5,ACCACTCGATCCACTAGAAC,0,8722
TSS_1414_storz_regulondb,0.16666666666666666,5,5,ACCACCGTTTCGCGCTGTCG,0,68235
TSS_1414_storz_regulondb,0.16666666666666666,5,5,ACCACAGTCGCATCCCGACC,0,58453
TSS_1414_storz_regulondb,0.16666666666666666,5,5,ACCACAGATCTTGCTATACG,0,18962
TSS_1414_storz_regulondb,0.16666666666666666,5,5,ACCAATGTTATGTTGTCGTG,0,69763
TSS_1414_storz_regulondb,0.16666666666666666,5,5,ACCAATAGTCTCAGGAAAAC,0,20336
TSS_1414_storz_regulondb,0.16666666666666666,5,5,ACCAACAAGTGCGGCCACGA,0,21895
TSS_1414_storz_regulondb,0.16666666666666666,5,5,ACATTCTGTCTCGATTGATT,0,69496
TSS_1414_storz_regulondb,0.16666666666666666,5,5,ACATTCCTTCGCTGCAGAGT,0,56550
TSS_1414_storz_regulondb,0.16666666666666666,5,5,ACATCGGGTAGAGTCCGTGA,0,30488
TSS_1414_storz_regulondb,0.16666666666666666,5,5,ACAGTTGGAGCTTTCCCTGA,0,71751
TSS_1414_storz_regulondb,0.16666666666666666,5,5,ACAGTAGCCCGCCAGCTGAA,0,20756
TSS_1414_storz_regulondb,0.16666666666666666,5,5,ACAGATAACATCAAGTTGGT,0,43174
TSS_1414_storz_regulondb,0.16666666666666666,5,5,ACAGAGGGGACGCATAAGCC,0,51292
TSS_1414_storz_regulondb,0.16666666666666666,5,5,ACAGAGATAGACATTCTTTC,0,34815
TSS_1414_storz_regulondb,0.16666666666666666,5,5,ACACTGCATTCACCATCCGC,0,46315
TSS_1414_storz_regulondb,0.16666666666666666,5,5,ACACTACTTCCGGCACAATA,0,63932
TSS_1414_storz_regulondb,0.16666666666666666,5,5,ACACTAACAATCAACTGCTT,0,58752
TSS_1414_storz_regulondb,0.16666666666666666,5,5,ACACGATCAGGTGACTCTCC,0,69691
TSS_1414_storz_regulondb,0.16666666666666666,5,5,ACACCGGTCCTCTTACGGGA,0,16798
TSS_1414_storz_regulondb,0.16666666666666666,5,5,ACACCGCTCTAGGAATGCCT,0,9579
TSS_1414_storz_regulondb,0.16666666666666666,5,5,ACACATTCTTAGTAGGCTCT,0,36290
TSS_1414_storz_regulondb,0.16666666666666666,5,5,ACACATGTATGGGTCTTTGA,0,6629
TSS_1414_storz_regulondb,0.16666666666666666,5,5,ACACACAATGTAGTATTAGT,0,10842
TSS_1414_storz_regulondb,0.16666666666666666,5,5,ACACAAAGCAGGCCGCTCCC,0,3668
TSS_1414_storz_regulondb,0.16666666666666666,5,5,ACAATGGAGTTGCAGCGGGG,0,31177
TSS_1414_storz_regulondb,0.16666666666666666,5,5,ACAAGCAGGTCTCCACCTAC,0,54323
TSS_1414_storz_regulondb,0.16666666666666666,5,5,ACAACGTGAAGTCGAATCTT,0,10803
TSS_1414_storz_regulondb,0.16666666666666666,5,5,ACAACGGATAGAAGCTATGG,0,38483
TSS_1414_storz_regulondb,0.16666666666666666,5,5,ACAACATAGGAGTCGTTTGT,0,45597
TSS_1414_storz_regulondb,0.16666666666666666,5,5,ACAAATGGGCCGAGTGAATC,0,58917
TSS_1414_storz_regulondb,0.16666666666666666,5,5,ACAAAGTGTTTCGCTCTGGT,0,8447
TSS_1414_storz_regulondb,0.16666666666666666,5,5,ACAAAGGTCCACATTTCGGA,0,9661
TSS_1414_storz_regulondb,0.16666666666666666,5,5,AATTTTGACCGGTTCTACGG,0,79189
TSS_1414_storz_regulondb,0.16666666666666666,5,5,AATTTGTAGACTTATAAGAA,0,6571
TSS_1414_storz_regulondb,0.16666666666666666,5,5,AATTTGGTACCACATGGGTT,0,37415
TSS_1414_storz_regulondb,0.16666666666666666,5,5,AATTTAATGGTAACAATCGT,0,73115
TSS_1414_storz_regulondb,0.16666666666666666,5,5,AATTTAAGCTGATTCAGATC,0,42244
TSS_1414_storz_regulondb,0.16666666666666666,5,5,AATTGTGCTAGATTGTCTCT,0,7990
TSS_1414_storz_regulondb,0.16666666666666666,5,5,AATTGGGTAAGTCCTTCGTA,0,37218
TSS_1414_storz_regulondb,0.16666666666666666,5,5,AATTATGTTGGGGTACGCCG,0,58589
TSS_1414_storz_regulondb,0.16666666666666666,5,5,AATTAAGCTGGGGGCGGGAC,0,13865
TSS_1414_storz_regulondb,0.16666666666666666,5,5,AATTAAGACTTGCTTTGGGA,0,60033
TSS_1414_storz_regulondb,0.16666666666666666,5,5,AATGGTCACAGACGGTCCGG,0,53451
TSS_1414_storz_regulondb,0.16666666666666666,5,5,AATGCTAACTTTTATCAAGC,0,11432
TSS_1414_storz_regulondb,0.16666666666666666,5,5,AATGCACCGTCTGTGTTAGC,0,63705
TSS_1414_storz_regulondb,0.16666666666666666,5,5,AATGAATTTATGTATTCCTT,0,7607
TSS_1414_storz_regulondb,0.16666666666666666,5,5,AATCTCCAAGCCAGATTCAG,0,8045
TSS_1414_storz_regulondb,0.16666666666666666,5,5,AATCGGGTGCGACCTGCTAA,0,57540
TSS_1414_storz_regulondb,0.16666666666666666,5,5,AATCGCTAACCGGCTCAACC,0,40118
TSS_1414_storz_regulondb,0.16666666666666666,5,5,AATCCTCCACAAAGCTGCGC,0,46548
TSS_1414_storz_regulondb,0.16666666666666666,5,5,AATCCGCTTTAAGTATACTT,0,66773
TSS_1414_storz_regulondb,0.16666666666666666,5,5,AATCACGCTCGTAGTCGCGT,0,34717
TSS_1414_storz_regulondb,0.16666666666666666,5,5,AATATCAAGCCTCATAACAT,0,13177
TSS_1414_storz_regulondb,0.16666666666666666,5,5,AATAGCGCTAACGATAGATC,0,50928
TSS_1414_storz_regulondb,0.16666666666666666,5,5,AATAGCGATTGTAAGCCGTT,0,40144
TSS_1414_storz_regulondb,0.16666666666666666,5,5,AATAGCAAGCGGCCTATGTT,0,64714
TSS_1414_storz_regulondb,0.16666666666666666,5,5,AATAGACCGGTTAAAACGGC,0,68487
TSS_1414_storz_regulondb,0.16666666666666666,5,5,AATACCGTCAACCCCATGTC,0,44655
TSS_1414_storz_regulondb,0.16666666666666666,5,5,AAGTTTCATTCGGCGATACC,0,17475
TSS_1414_storz_regulondb,0.16666666666666666,5,5,AAGTCTTCGCTGTCACAGAA,0,15938
TSS_1414_storz_regulondb,0.16666666666666666,5,5,AAGTCGAGCTTGATTTTGTA,0,60311
TSS_1414_storz_regulondb,0.16666666666666666,5,5,AAGTAAATAGTGACGCCTTA,0,43086
TSS_1414_storz_regulondb,0.16666666666666666,5,5,AAGTAAAACTGCTTGTAACT,0,32004
TSS_1414_storz_regulondb,0.16666666666666666,5,5,AAGGTGGGTTTTTCACACCC,0,42348
TSS_1414_storz_regulondb,0.16666666666666666,5,5,AAGGTCGTCTGGGGATATGT,0,10471
TSS_1414_storz_regulondb,0.16666666666666666,5,5,AAGGTATTCCAATCAGTGAA,0,38285
TSS_1414_storz_regulondb,0.16666666666666666,5,5,AAGGGAGGTTCCTCTATCTA,0,60849
TSS_1414_storz_regulondb,0.16666666666666666,5,5,AAGGCTGGTGCCACATGCAT,0,52274
TSS_1414_storz_regulondb,0.16666666666666666,5,5,AAGGCTAACGGAACAGCCTA,0,66492
TSS_1414_storz_regulondb,0.16666666666666666,5,5,AAGGCCACGGTTTACAAGTT,0,23374
TSS_1414_storz_regulondb,0.16666666666666666,5,5,AAGGCATTAGTGGCGCCCCA,0,3012
TSS_1414_storz_regulondb,0.16666666666666666,5,5,AAGGATCCGTAGTTCAGATA,0,59130
TSS_1414_storz_regulondb,0.16666666666666666,5,5,AAGCTCTGAAGCCAAGTCCT,0,46181
TSS_1414_storz_regulondb,0.16666666666666666,5,5,AAGCTACGAGACTTCTCATA,0,70449
TSS_1414_storz_regulondb,0.16666666666666666,5,5,AAGCGTAACTGTGTCCGGTC,0,26539
TSS_1414_storz_regulondb,0.16666666666666666,5,5,AAGCCTCGGCCCAAGATGGA,0,6536
TSS_1414_storz_regulondb,0.16666666666666666,5,5,AAGCCGTGATTTAATCTGTT,0,70892
TSS_1414_storz_regulondb,0.16666666666666666,5,5,AAGCCATTGCTAGCCTGTCC,0,1532
TSS_1414_storz_regulondb,0.16666666666666666,5,5,AAGCATTTCAACGGAGGACA,0,55423
TSS_1414_storz_regulondb,0.16666666666666666,5,5,AAGCAAACTTCCCCTGAGTA,0,36348
TSS_1414_storz_regulondb,0.16666666666666666,5,5,AAGATGGTCCCGCGCGATTT,0,27967
TSS_1414_storz_regulondb,0.16666666666666666,5,5,AAGATGATGTCGGTACAAGT,0,45784
TSS_1414_storz_regulondb,0.16666666666666666,5,5,AAGACTGACCTTGGGTGGCC,0,28075
TSS_1414_storz_regulondb,0.16666666666666666,5,5,AAGAATTATACTGATTCTGT,0,8603
TSS_1414_storz_regulondb,0.16666666666666666,5,5,AAGAACCATACAGCATTCTT,0,5412
TSS_1414_storz_regulondb,0.16666666666666666,5,5,AAGAAAATGGGTATTGTTGT,0,76888
TSS_1414_storz_regulondb,0.16666666666666666,5,5,AACTTCACCACCGTTAGCCT,0,18688
TSS_1414_storz_regulondb,0.16666666666666666,5,5,AACTTATAGGTACCCAAGAC,0,67766
TSS_1414_storz_regulondb,0.16666666666666666,5,5,AACTCATTAACTAAAGAATT,0,22370
TSS_1414_storz_regulondb,0.16666666666666666,5,5,AACTCAGGAGGAATCTAAGT,0,18626
TSS_1414_storz_regulondb,0.16666666666666666,5,5,AACTATGACTGAAAACCTAA,0,71027
TSS_1414_storz_regulondb,0.16666666666666666,5,5,AACGTTATCTGTGTTGTTCA,0,35951
TSS_1414_storz_regulondb,0.16666666666666666,5,5,AACGGGACGCAAGAATGGGC,0,74913
TSS_1414_storz_regulondb,0.16666666666666666,5,5,AACGGCGGTTAAAGCTGGGT,0,62060
TSS_1414_storz_regulondb,0.16666666666666666,5,5,AACGCGCATCTTCATGCGGG,0,5047
TSS_1414_storz_regulondb,0.16666666666666666,5,5,AACGCATTGCCCAGGAGGAG,0,11440
TSS_1414_storz_regulondb,0.16666666666666666,5,5,AACGAGTTGAATGTGAAACG,0,5313
TSS_1414_storz_regulondb,0.16666666666666666,5,5,AACGAGAATGCTAACGCCAT,0,41849
TSS_1414_storz_regulondb,0.16666666666666666,5,5,AACGACGTAGCGGATCAAAG,0,65090
TSS_1414_storz_regulondb,0.16666666666666666,5,5,AACGAATCGCTGTAACGCAA,0,17999
TSS_1414_storz_regulondb,0.16666666666666666,5,5,AACCTAAGGTCGTACAGGAC,0,68812
TSS_1414_storz_regulondb,0.16666666666666666,5,5,AACCCGGGCCTTCAACCTGT,0,80771
TSS_1414_storz_regulondb,0.16666666666666666,5,5,AACATTAAATCACTGCCAGG,0,62623
TSS_1414_storz_regulondb,0.16666666666666666,5,5,AACATAATGGATTTTGAGTG,0,80186
TSS_1414_storz_regulondb,0.16666666666666666,5,5,AACAGAGACGTCTTTTCATC,0,24044
TSS_1414_storz_regulondb,0.16666666666666666,5,5,AACACTGGACGCGGACCGTT,0,48305
TSS_1414_storz_regulondb,0.16666666666666666,5,5,AACACGGTCGGGTTGACTCG,0,55254
TSS_1414_storz_regulondb,0.16666666666666666,5,5,AACAAGGGGATGCTCTCACA,0,52983
TSS_1414_storz_regulondb,0.16666666666666666,5,5,AAATTGTTTTCGGTCCTGCT,0,58146
TSS_1414_storz_regulondb,0.16666666666666666,5,5,AAATCACTTGGGCGGTCTTA,0,67321
TSS_1414_storz_regulondb,0.16666666666666666,5,5,AAAGTTTACTCAAAAGTCAA,0,5040
TSS_1414_storz_regulondb,0.16666666666666666,5,5,AAAGTGAAAAAGATATTAAA,0,32997
TSS_1414_storz_regulondb,0.16666666666666666,5,5,AAAGTAGGTTAAAACATTTG,0,5284
TSS_1414_storz_regulondb,0.16666666666666666,5,5,AAAGCGAACCAAATTCGGGG,0,50278
TSS_1414_storz_regulondb,0.16666666666666666,5,5,AAAGCCACGGACTAAATCCT,0,42758
TSS_1414_storz_regulondb,0.16666666666666666,5,5,AAACTGTGTAACGTGCTCGG,0,77091
TSS_1414_storz_regulondb,0.16666666666666666,5,5,AAACTATCAGGGTAGTATCT,0,67327
TSS_1414_storz_regulondb,0.16666666666666666,5,5,AAACTAACCGTTGGGTGGTC,0,30409
TSS_1414_storz_regulondb,0.16666666666666666,5,5,AAACGGCCTGGGCGTCTAGT,0,72440
TSS_1414_storz_regulondb,0.16666666666666666,5,5,AAACGCCTCGATACACCGGG,0,75922
TSS_1414_storz_regulondb,0.16666666666666666,5,5,AAACGAGGTCTTGACTCAGC,0,60644
TSS_1414_storz_regulondb,0.16666666666666666,5,5,AAACCGTTTCGTCCATTCGA,0,74447
TSS_1414_storz_regulondb,0.16666666666666666,5,5,AAACACTCTTCGTACACAAT,0,63140
TSS_1414_storz_regulondb,0.16666666666666666,5,5,AAAATTTAAGGTTGAACGGC,0,54021
TSS_1414_storz_regulondb,0.16666666666666666,5,5,AAAACCGAGACCTAAGATGT,0,11119
TSS_1414_storz_regulondb,0.16666666666666666,5,5,AAAAATAATTTCACGCGTGG,0,13739
TSS_1414_storz_regulondb,0.16666666666666666,5,5,AAAAACGTATAGTATCACCC,0,24975
TSS_1414_storz_regulondb,0.16666666666666666,5,5,AAAAACAGTCGGTTGTCTGC,0,79592
TSS_1414_storz_regulondb,0.2,4,4,TTTTTTCACTTGTATGTTCC,0,29755
TSS_1414_storz_regulondb,0.2,4,4,TTTTTGTTCTCGTGGGGCAA,0,66474
TSS_1414_storz_regulondb,0.2,4,4,TTTTCTTCGTGATCAAGGTA,0,78391
TSS_1414_storz_regulondb,0.2,4,4,TTTTCCCCATGGAAGCGTAT,0,3000
TSS_1414_storz_regulondb,0.2,4,4,TTTTAGTTCGTGTATCGAAG,0,33243
TSS_1414_storz_regulondb,0.2,4,4,TTTTAGCCCTGGCAACTAAT,0,62919
TSS_1414_storz_regulondb,0.2,4,4,TTTTAGCAAGTTCGGAGTGC,0,32876
TSS_1414_storz_regulondb,0.2,4,4,TTTTACGCACGTTTACACAT,0,47237
TSS_1414_storz_regulondb,0.2,4,4,TTTGTTTAGATGGGATTACA,0,5693
TSS_1414_storz_regulondb,0.2,4,4,TTTGTGGATTAACTTGGTTT,0,49362
TSS_1414_storz_regulondb,0.2,4,4,TTTGTGCAACACAAAACATC,0,20296
TSS_1414_storz_regulondb,0.2,4,4,TTTGGGGACGTTTAATTGAC,0,891
TSS_1414_storz_regulondb,0.2,4,4,TTTGCTAGGAGATGTTACAA,0,70702
TSS_1414_storz_regulondb,0.2,4,4,TTTGCTAGCTGGCTCTGGGC,0,12537
TSS_1414_storz_regulondb,0.2,4,4,TTTGAGCGGCATCAACTCTC,0,24816
TSS_1414_storz_regulondb,0.2,4,4,TTTGACACTCACTATTTTAA,0,56959
TSS_1414_storz_regulondb,0.2,4,4,TTTGAATGTCTCCGTTGAAG,0,21813
TSS_1414_storz_regulondb,0.2,4,4,TTTCGTTCTCAGAAACGATG,0,6886
TSS_1414_storz_regulondb,0.2,4,4,TTTCGGGCGTTAGATTACAC,0,5838
TSS_1414_storz_regulondb,0.2,4,4,TTTCGCAATCGACAGACAAA,0,9587
TSS_1414_storz_regulondb,0.2,4,4,TTTCCTTACTGTCGCGGCAT,0,38856
TSS_1414_storz_regulondb,0.2,4,4,TTTCCAGGGAACCTCATAAT,0,73261
TSS_1414_storz_regulondb,0.2,4,4,TTTCAGTGTTCAGCGCGAGA,0,68745
TSS_1414_storz_regulondb,0.2,4,4,TTTCAAATGGATTCGTCGTA,0,21533
TSS_1414_storz_regulondb,0.2,4,4,TTTAGGCATCAAACAACTGG,0,49588
TSS_1414_storz_regulondb,0.2,4,4,TTTAGGAAGTTCCTTATTTC,0,58747
TSS_1414_storz_regulondb,0.2,4,4,TTTACAGGCCTAACTACCGC,0,30144
TSS_1414_storz_regulondb,0.2,4,4,TTTACAAGTGGTTTACGTAA,0,66486
TSS_1414_storz_regulondb,0.2,4,4,TTTAACGCCCGGCTAGAGTA,0,148
TSS_1414_storz_regulondb,0.2,4,4,TTGTTTGTATAGTCCAGGAA,0,43458
TSS_1414_storz_regulondb,0.2,4,4,TTGTTCCAAATTCTAAAGAC,0,38355
TSS_1414_storz_regulondb,0.2,4,4,TTGTTCCAAACAGAAAAGGA,0,3105
TSS_1414_storz_regulondb,0.2,4,4,TTGTTACAAGCTACGTAGGT,0,75273
TSS_1414_storz_regulondb,0.2,4,4,TTGTGTTGCGCTTGAAGGAC,0,37162
TSS_1414_storz_regulondb,0.2,4,4,TTGTGTTATTAAGCCTTAGA,0,13970
TSS_1414_storz_regulondb,0.2,4,4,TTGTCTTGACCAGCGCCGTT,0,71462
TSS_1414_storz_regulondb,0.2,4,4,TTGTCTCTACAGGAATTTAA,0,8312
TSS_1414_storz_regulondb,0.2,4,4,TTGTCGGAGAAAATCTCATG,0,71727
TSS_1414_storz_regulondb,0.2,4,4,TTGTCATTTTAATGCGCTGA,0,64051
TSS_1414_storz_regulondb,0.2,4,4,TTGTAATGGGTAATCAAGTA,0,45174
TSS_1414_storz_regulondb,0.2,4,4,TTGGTCCCACGATAGTTTTT,0,74304
TSS_1414_storz_regulondb,0.2,4,4,TTGGTATGACCATGGGATAG,0,4271
TSS_1414_storz_regulondb,0.2,4,4,TTGGATTGCCTCGTGCGTCA,0,7310
TSS_1414_storz_regulondb,0.2,4,4,TTGCTTTTTGATAGAGGTCG,0,1666
TSS_1414_storz_regulondb,0.2,4,4,TTGCGTATGTAAGCGCGCCA,0,58254
TSS_1414_storz_regulondb,0.2,4,4,TTGCGGCATACTTTCTTCAG,0,15650
TSS_1414_storz_regulondb,0.2,4,4,TTGCGAAGGGAGCTTGGAAG,0,14231
TSS_1414_storz_regulondb,0.2,4,4,TTGCCTGCCTGGTACCAGAT,0,14760
TSS_1414_storz_regulondb,0.2,4,4,TTGCCAGGCGAGAGAGCACG,0,56873
TSS_1414_storz_regulondb,0.2,4,4,TTGCATGATAGAGTGGTGAG,0,53158
TSS_1414_storz_regulondb,0.2,4,4,TTGATGCTGCTTCATCGAAT,0,53148
TSS_1414_storz_regulondb,0.2,4,4,TTGATGAACCTGAGCGCCTC,0,21049
TSS_1414_storz_regulondb,0.2,4,4,TTGACTTTCGAGAGTCCTTC,0,58339
TSS_1414_storz_regulondb,0.2,4,4,TTGACGTGTATTCAGCATTG,0,30472
TSS_1414_storz_regulondb,0.2,4,4,TTGAAGGGTGTGAGACGCGT,0,10689
TSS_1414_storz_regulondb,0.2,4,4,TTCTTTCTTACTCGTAGAAT,0,41406
TSS_1414_storz_regulondb,0.2,4,4,TTCTGTTGGGTAGGGCTCCT,0,45775
TSS_1414_storz_regulondb,0.2,4,4,TTCTGTTGCCGCCATTTGAA,0,13877
TSS_1414_storz_regulondb,0.2,4,4,TTCTGCTCACTGTTATCGCT,0,37266
TSS_1414_storz_regulondb,0.2,4,4,TTCTCCGGAGCCAGGGGGTG,0,16979
TSS_1414_storz_regulondb,0.2,4,4,TTCTCCCAGCGCTGTACGCT,0,18809
TSS_1414_storz_regulondb,0.2,4,4,TTCGTGCTCGCCGATGTTGC,0,16445
TSS_1414_storz_regulondb,0.2,4,4,TTCGGTTCCCTTTGCTGAAG,0,47932
TSS_1414_storz_regulondb,0.2,4,4,TTCGGCTACGACTTCTATGT,0,4280
TSS_1414_storz_regulondb,0.2,4,4,TTCGGCGTCATACTTGGGGT,0,63150
TSS_1414_storz_regulondb,0.2,4,4,TTCGGCACCAACATCGTTGC,0,57792
TSS_1414_storz_regulondb,0.2,4,4,TTCGCGGTTGTTGGCTGGAC,0,19451
TSS_1414_storz_regulondb,0.2,4,4,TTCGCGGAGCTTTCACATGG,0,27938
TSS_1414_storz_regulondb,0.2,4,4,TTCGATGGATTCAGGCTTGC,0,55208
TSS_1414_storz_regulondb,0.2,4,4,TTCGATGGATCTGGGCTTCA,0,70973
TSS_1414_storz_regulondb,0.2,4,4,TTCCTTTTCTCTGCCCATTT,0,55232
TSS_1414_storz_regulondb,0.2,4,4,TTCCGTAGTGACTGGCCTCC,0,10247
TSS_1414_storz_regulondb,0.2,4,4,TTCCGGTTAAAACGACCATG,0,48013
TSS_1414_storz_regulondb,0.2,4,4,TTCCCTCTACATGCGAATTT,0,73576
TSS_1414_storz_regulondb,0.2,4,4,TTCCCGCCCATACGGCCATC,0,78702
TSS_1414_storz_regulondb,0.2,4,4,TTCCATGACTATTCGCATAC,0,41193
TSS_1414_storz_regulondb,0.2,4,4,TTCCAGTCGCACTCTAGGAC,0,78385
TSS_1414_storz_regulondb,0.2,4,4,TTCCAGAATAGCCACAGAGT,0,10851
TSS_1414_storz_regulondb,0.2,4,4,TTCCACTCCTCGGGGCCAAT,0,80720
TSS_1414_storz_regulondb,0.2,4,4,TTCCAAGGGTAGCTGCGGTA,0,11133
TSS_1414_storz_regulondb,0.2,4,4,TTCATGATCGGCCTATGACC,0,11792
TSS_1414_storz_regulondb,0.2,4,4,TTCAGTGTACTTCTCCCAGG,0,34323
TSS_1414_storz_regulondb,0.2,4,4,TTCAGTGGATTTCTCGACCT,0,50441
TSS_1414_storz_regulondb,0.2,4,4,TTCAGGGCGACCTGGCTATT,0,65631
TSS_1414_storz_regulondb,0.2,4,4,TTCAGGCATTAGGAGTAGGC,0,38825
TSS_1414_storz_regulondb,0.2,4,4,TTCACTTCGCCAGGAACTTC,0,45506
TSS_1414_storz_regulondb,0.2,4,4,TTCAATGGTCGCGTCAGTCT,0,73019
TSS_1414_storz_regulondb,0.2,4,4,TTCAAAGGATACCTCCGCAC,0,8896
TSS_1414_storz_regulondb,0.2,4,4,TTATGGCGTGGTTTACGCAT,0,819
TSS_1414_storz_regulondb,0.2,4,4,TTATCATTCATATTGATGAC,0,53759
TSS_1414_storz_regulondb,0.2,4,4,TTATAACAGTGGTCAAGTCA,0,51559
TSS_1414_storz_regulondb,0.2,4,4,TTAGTGAGTTGTTGCGGTTA,0,80991
TSS_1414_storz_regulondb,0.2,4,4,TTAGTAGCTACTAAATCTTA,0,16816
TSS_1414_storz_regulondb,0.2,4,4,TTAGGGGCAATTAGACATAC,0,4032
TSS_1414_storz_regulondb,0.2,4,4,TTAGGATACATGCAATATTA,0,48101
TSS_1414_storz_regulondb,0.2,4,4,TTAGCGTAGAACCCGCGTTT,0,38011
TSS_1414_storz_regulondb,0.2,4,4,TTAGCCTTGTCCCTGTGACG,0,9150
TSS_1414_storz_regulondb,0.2,4,4,TTAGCCGGCCTAGGGTTGTT,0,45519
TSS_1414_storz_regulondb,0.2,4,4,TTAGATTCACCTCCTCTTCT,0,26061
TSS_1414_storz_regulondb,0.2,4,4,TTAGACGACATGAGGAGTTT,0,14341
TSS_1414_storz_regulondb,0.2,4,4,TTACGGTGCCAGGCCATGTT,0,79251
TSS_1414_storz_regulondb,0.2,4,4,TTACGCAACCGCCAAAGGCA,0,27188
TSS_1414_storz_regulondb,0.2,4,4,TTACCTCGCTGCACGACAGA,0,71648
TSS_1414_storz_regulondb,0.2,4,4,TTACCACATCTGGGTACTAT,0,28288
TSS_1414_storz_regulondb,0.2,4,4,TTACATCATCTATACTGTAT,0,865
TSS_1414_storz_regulondb,0.2,4,4,TTACACTAAATCCCCCGTCC,0,24071
TSS_1414_storz_regulondb,0.2,4,4,TTACACGCAGCGCGAGACTA,0,2748
TSS_1414_storz_regulondb,0.2,4,4,TTACACATGTTTATGCGGGG,0,42891
TSS_1414_storz_regulondb,0.2,4,4,TTACAAGGGAGCCGAATGTC,0,4655
TSS_1414_storz_regulondb,0.2,4,4,TTAATTAACTGAGTATATGG,0,47552
TSS_1414_storz_regulondb,0.2,4,4,TTAATGAGATGGGTAGGTAT,0,46486
TSS_1414_storz_regulondb,0.2,4,4,TTAAGGTCGATCGTGACGTC,0,38374
TSS_1414_storz_regulondb,0.2,4,4,TTAACTGGAGCTAGTTACGT,0,60155
TSS_1414_storz_regulondb,0.2,4,4,TTAACTATCGCAGCGAACAT,0,13303
TSS_1414_storz_regulondb,0.2,4,4,TTAACACGGTCCTGGTGTAA,0,63575
TSS_1414_storz_regulondb,0.2,4,4,TTAAAGAAGCTACGGGTAGA,0,49881
TSS_1414_storz_regulondb,0.2,4,4,TTAAAATTAGGCGTGAACGA,0,39152
TSS_1414_storz_regulondb,0.2,4,4,TGTTTAACTCTGCTGCAACT,0,8204
TSS_1414_storz_regulondb,0.2,4,4,TGTTGTCTGAGTTGGACCGT,0,51054
TSS_1414_storz_regulondb,0.2,4,4,TGTTGTAGGCCACGCAGCGA,0,80336
TSS_1414_storz_regulondb,0.2,4,4,TGTTCTCATTCGCGAAAATA,0,9026
TSS_1414_storz_regulondb,0.2,4,4,TGTTCGTTGCATTAAGCACC,0,54533
TSS_1414_storz_regulondb,0.2,4,4,TGTTCGCGTCTAGTCAGGGA,0,36800
TSS_1414_storz_regulondb,0.2,4,4,TGTTATCGTTTGTCTAATAG,0,32691
TSS_1414_storz_regulondb,0.2,4,4,TGTTATCGGCGGCAATCTGA,0,33290
TSS_1414_storz_regulondb,0.2,4,4,TGTTACCCTCGCCTGTCCGC,0,74341
TSS_1414_storz_regulondb,0.2,4,4,TGTTAACGAGAACTCAGCAG,0,28466
TSS_1414_storz_regulondb,0.2,4,4,TGTGTTTGGGGAACCGGGTT,0,15434
TSS_1414_storz_regulondb,0.2,4,4,TGTGTTGGTTAATCATGAGT,0,6915
TSS_1414_storz_regulondb,0.2,4,4,TGTGTATGATAGGCATATTT,0,18357
TSS_1414_storz_regulondb,0.2,4,4,TGTGGTTATAGAAATGACCC,0,55442
TSS_1414_storz_regulondb,0.2,4,4,TGTGGATGAGCATGTGCCTT,0,32397
TSS_1414_storz_regulondb,0.2,4,4,TGTGGAGTCCTCATAAAGGC,0,31198
TSS_1414_storz_regulondb,0.2,4,4,TGTGGACTAAATTACCGCGA,0,64140
TSS_1414_storz_regulondb,0.2,4,4,TGTGGAAACCCGTCGCACGT,0,29234
TSS_1414_storz_regulondb,0.2,4,4,TGTGCTCTTCGGGAACCATC,0,20191
TSS_1414_storz_regulondb,0.2,4,4,TGTGATTGCAGGCCAGTCGA,0,78732
TSS_1414_storz_regulondb,0.2,4,4,TGTCTGGCTATAGCGCTCAA,0,11958
TSS_1414_storz_regulondb,0.2,4,4,TGTCTGGCCTAATCTCCGTT,0,964
TSS_1414_storz_regulondb,0.2,4,4,TGTCGCCCACTCTGGTCCTT,0,27847
TSS_1414_storz_regulondb,0.2,4,4,TGTCCCACGAAATCTACCTT,0,51786
TSS_1414_storz_regulondb,0.2,4,4,TGTCCACCCTAAAGTCAGCC,0,26314
TSS_1414_storz_regulondb,0.2,4,4,TGTATGTCGAGTCGGGGGGA,0,14094
TSS_1414_storz_regulondb,0.2,4,4,TGTATATGGGAATGGACATA,0,19198
TSS_1414_storz_regulondb,0.2,4,4,TGTAGTGTTATTACATCATG,0,25834
TSS_1414_storz_regulondb,0.2,4,4,TGTACCGACGGAGATTGTCT,0,13985
TSS_1414_storz_regulondb,0.2,4,4,TGTACCAATTAAGGTAGTGA,0,55741
TSS_1414_storz_regulondb,0.2,4,4,TGTACAGGGAGTATAACCTG,0,45796
TSS_1414_storz_regulondb,0.2,4,4,TGTAAGTCTCTCAGTACGCT,0,68515
TSS_1414_storz_regulondb,0.2,4,4,TGGTTTGTCATTAAATGTGT,0,24362
TSS_1414_storz_regulondb,0.2,4,4,TGGTGATGGGTAGCGAAATA,0,31658
TSS_1414_storz_regulondb,0.2,4,4,TGGTCTAGCGCATGATATTA,0,41638
TSS_1414_storz_regulondb,0.2,4,4,TGGTCGTTAGAATCGGCCTA,0,36677
TSS_1414_storz_regulondb,0.2,4,4,TGGTCATACCCTCGTCGCAG,0,55975
TSS_1414_storz_regulondb,0.2,4,4,TGGGCGACTCAGGGTAAGAC,0,17370
TSS_1414_storz_regulondb,0.2,4,4,TGGGCATGTATGAGAACAGG,0,59097
TSS_1414_storz_regulondb,0.2,4,4,TGGGCAACGTCAGTCGAGTA,0,17486
TSS_1414_storz_regulondb,0.2,4,4,TGGGACCCATTGCCAGTTCG,0,1044
TSS_1414_storz_regulondb,0.2,4,4,TGGCTGAGCTCCTTCGGGCA,0,19157
TSS_1414_storz_regulondb,0.2,4,4,TGGCTCTGTCTATAGCGCAA,0,44888
TSS_1414_storz_regulondb,0.2,4,4,TGGCTCTGAGCTTATACAAA,0,61455
TSS_1414_storz_regulondb,0.2,4,4,TGGCTCGGCGAGCACCTCTC,0,18728
TSS_1414_storz_regulondb,0.2,4,4,TGGCGTGTTATATGCAAATC,0,50620
TSS_1414_storz_regulondb,0.2,4,4,TGGCGTAACAACACATGAAT,0,67056
TSS_1414_storz_regulondb,0.2,4,4,TGGCGGCGAGGCTCGGCCAA,0,35107
TSS_1414_storz_regulondb,0.2,4,4,TGGCGCGCGACAATGGACAG,0,17388
TSS_1414_storz_regulondb,0.2,4,4,TGGCCTAAACCATCTCTGTG,0,27446
TSS_1414_storz_regulondb,0.2,4,4,TGGCCCGCTCGCGCCGGAAG,0,26662
TSS_1414_storz_regulondb,0.2,4,4,TGGCAGCACGCAAGCAGAAA,0,71844
TSS_1414_storz_regulondb,0.2,4,4,TGGCACTTGTAAGGGGTCGC,0,28148
TSS_1414_storz_regulondb,0.2,4,4,TGGCACTCCGGAGACATTCT,0,58129
TSS_1414_storz_regulondb,0.2,4,4,TGGCACGGATATTGGAATAT,0,47010
TSS_1414_storz_regulondb,0.2,4,4,TGGCAATAGAGCCTCTGGAT,0,32111
TSS_1414_storz_regulondb,0.2,4,4,TGGATCGATGACACTGTTAA,0,11663
TSS_1414_storz_regulondb,0.2,4,4,TGGATCCGCATGTGGCGCAC,0,21255
TSS_1414_storz_regulondb,0.2,4,4,TGGATACAACCTACTAAGGA,0,30983
TSS_1414_storz_regulondb,0.2,4,4,TGGAACATAGAAAAATCATG,0,77783
TSS_1414_storz_regulondb,0.2,4,4,TGCTCCATTCATTCTGGGGA,0,81085
TSS_1414_storz_regulondb,0.2,4,4,TGCGTAGGTGTCCACTTCTA,0,51039
TSS_1414_storz_regulondb,0.2,4,4,TGCGGGCTGGCCTCTATGCG,0,252
TSS_1414_storz_regulondb,0.2,4,4,TGCGGCCCCGAGGCCGGACA,0,14483
TSS_1414_storz_regulondb,0.2,4,4,TGCGGAGAGGCCAATAGACT,0,58489
TSS_1414_storz_regulondb,0.2,4,4,TGCGCGATGGTCACAGCCCT,0,40700
TSS_1414_storz_regulondb,0.2,4,4,TGCGATCGTTAAATCCTAAC,0,59944
TSS_1414_storz_regulondb,0.2,4,4,TGCCAACCGACCACGATCAT,0,5105
TSS_1414_storz_regulondb,0.2,4,4,TGCATGGGCCATAATCGGAA,0,14454
TSS_1414_storz_regulondb,0.2,4,4,TGCATGCATCAATTCCTGAT,0,62939
TSS_1414_storz_regulondb,0.2,4,4,TGCATAATCTTGCTCATCAT,0,77439
TSS_1414_storz_regulondb,0.2,4,4,TGCAGTATCAAAACGTCTAA,0,7341
TSS_1414_storz_regulondb,0.2,4,4,TGCAGGACTGTACGAGTATC,0,50217
TSS_1414_storz_regulondb,0.2,4,4,TGCAGCCTCATGGGTAACAC,0,32549
TSS_1414_storz_regulondb,0.2,4,4,TGCACGCGGCTCTCTTCTGT,0,73622
TSS_1414_storz_regulondb,0.2,4,4,TGCACACCATCTCATTGATG,0,60770
TSS_1414_storz_regulondb,0.2,4,4,TGCAACTCCCAGTTCGTTTC,0,5895
TSS_1414_storz_regulondb,0.2,4,4,TGCAACGGCATGAAAGAAGT,0,57885
TSS_1414_storz_regulondb,0.2,4,4,TGCAACCAAGTCAATAACTT,0,61458
TSS_1414_storz_regulondb,0.2,4,4,TGATTTTGCCAGGTCGGCTC,0,13593
TSS_1414_storz_regulondb,0.2,4,4,TGATTGTATTCCGCATCCCA,0,24626
TSS_1414_storz_regulondb,0.2,4,4,TGATTCGAAAGCGTCTATGA,0,17904
TSS_1414_storz_regulondb,0.2,4,4,TGATTACCATCGTCAATGTA,0,17680
TSS_1414_storz_regulondb,0.2,4,4,TGATGTTTACAGTATGGTTT,0,74197
TSS_1414_storz_regulondb,0.2,4,4,TGATACAGATAGAATACGGA,0,18833
TSS_1414_storz_regulondb,0.2,4,4,TGAGTTTTTTGCTCCGAGCG,0,31066
TSS_1414_storz_regulondb,0.2,4,4,TGAGTGGAAGCATAAGACCA,0,56463
TSS_1414_storz_regulondb,0.2,4,4,TGAGTCCGTCTCTTCCGGTA,0,35496
TSS_1414_storz_regulondb,0.2,4,4,TGAGGTCTGCCAGAGAGAGC,0,54020
TSS_1414_storz_regulondb,0.2,4,4,TGAGGGTTATAGGTAAATAA,0,13379
TSS_1414_storz_regulondb,0.2,4,4,TGAGCTCTATAATAAGCCAC,0,77099
TSS_1414_storz_regulondb,0.2,4,4,TGAGCGCCTACGTGCCCAGA,0,15634
TSS_1414_storz_regulondb,0.2,4,4,TGAGCGATGGAAATGATTAT,0,19205
TSS_1414_storz_regulondb,0.2,4,4,TGAGCACGGCGGGCTTGACA,0,56878
TSS_1414_storz_regulondb,0.2,4,4,TGAGATGCTTTGGTGGGACA,0,42910
TSS_1414_storz_regulondb,0.2,4,4,TGACTGGCGGTCTTGCCTTG,0,12640
TSS_1414_storz_regulondb,0.2,4,4,TGACTCGTAAACAGGTACCA,0,7509
TSS_1414_storz_regulondb,0.2,4,4,TGACGGCAGTTGGGAGAGAG,0,9564
TSS_1414_storz_regulondb,0.2,4,4,TGACGCGACCTCATTGTGAG,0,18442
TSS_1414_storz_regulondb,0.2,4,4,TGACCGTTAGTCCTGGCTTC,0,10601
TSS_1414_storz_regulondb,0.2,4,4,TGACACGCAATAAAAGCGCC,0,35972
TSS_1414_storz_regulondb,0.2,4,4,TGAATCGCGTTGTGGCGACA,0,55202
TSS_1414_storz_regulondb,0.2,4,4,TGAAGGTGGTATTGTCCCTC,0,18782
TSS_1414_storz_regulondb,0.2,4,4,TGAACTTATGAAGAGCTCAA,0,11076
TSS_1414_storz_regulondb,0.2,4,4,TGAACCTCTCGGGTCTACAG,0,14708
TSS_1414_storz_regulondb,0.2,4,4,TGAACCTCAACAACGGGAAC,0,1921
TSS_1414_storz_regulondb,0.2,4,4,TGAAAGGGTTATGGTGCTAC,0,20197
TSS_1414_storz_regulondb,0.2,4,4,TGAAACCCACCCGTCGTGCT,0,6676
TSS_1414_storz_regulondb,0.2,4,4,TCTTTCGTGGTGTCTGTTAA,0,38914
TSS_1414_storz_regulondb,0.2,4,4,TCTTTAGGCCCATGAGGTTT,0,71087
TSS_1414_storz_regulondb,0.2,4,4,TCTTTAATCCTGAAGATGCT,0,16177
TSS_1414_storz_regulondb,0.2,4,4,TCTTGTAATACGGTTTGGAT,0,45662
TSS_1414_storz_regulondb,0.2,4,4,TCTTGGGGTTGAAGCCTGAC,0,43876
TSS_1414_storz_regulondb,0.2,4,4,TCTTGGGCTCGTTCGAAAAC,0,9649
TSS_1414_storz_regulondb,0.2,4,4,TCTTCGCTTGAGCATTGCTA,0,47476
TSS_1414_storz_regulondb,0.2,4,4,TCTTAACGGGTCAGTGAGTG,0,25055
TSS_1414_storz_regulondb,0.2,4,4,TCTTAAATAGGGACGTGCAT,0,49626
TSS_1414_storz_regulondb,0.2,4,4,TCTGTGCGTTCCTGAAAGGT,0,78211
TSS_1414_storz_regulondb,0.2,4,4,TCTGTATCAGGCTTAATATA,0,21528
TSS_1414_storz_regulondb,0.2,4,4,TCTGGCCCAATCCGCCTCTA,0,52116
TSS_1414_storz_regulondb,0.2,4,4,TCTGGAAGTTGAGGCTTTGC,0,27184
TSS_1414_storz_regulondb,0.2,4,4,TCTGCGTCAATCCCGAGTAC,0,56881
TSS_1414_storz_regulondb,0.2,4,4,TCTGCAACGTCTACCGTCAA,0,11626
TSS_1414_storz_regulondb,0.2,4,4,TCTGAGGGATTTTCCTTGGC,0,28757
TSS_1414_storz_regulondb,0.2,4,4,TCTGAGGCTCAGCGCTCTTG,0,56799
TSS_1414_storz_regulondb,0.2,4,4,TCTGACCCGGCGGGGCAACA,0,68429
TSS_1414_storz_regulondb,0.2,4,4,TCTCTATCTCCTTTCGCAAC,0,65597
TSS_1414_storz_regulondb,0.2,4,4,TCTCGCGGCGAGTGATGCTT,0,50925
TSS_1414_storz_regulondb,0.2,4,4,TCTCGATATGAGACTTAGTG,0,29424
TSS_1414_storz_regulondb,0.2,4,4,TCTCGACTTACTACCGAATA,0,37569
TSS_1414_storz_regulondb,0.2,4,4,TCTCCTTTTCGGTTGCCGAC,0,61889
TSS_1414_storz_regulondb,0.2,4,4,TCTCCGCGTTTGCAGATTGA,0,79967
TSS_1414_storz_regulondb,0.2,4,4,TCTCACCGCCGTGCCATTAC,0,35183
TSS_1414_storz_regulondb,0.2,4,4,TCTCAAGGAAAGGTTGTACA,0,63911
TSS_1414_storz_regulondb,0.2,4,4,TCTATTTCTGCGAAGTACCT,0,33524
TSS_1414_storz_regulondb,0.2,4,4,TCTATGAACATTTCATTCTT,0,24744
TSS_1414_storz_regulondb,0.2,4,4,TCTATCCCTGGACATTTAAG,0,15873
TSS_1414_storz_regulondb,0.2,4,4,TCTATCAGCCATTGCAACAG,0,25804
TSS_1414_storz_regulondb,0.2,4,4,TCTAGGGACTGCTAGGATTT,0,49766
TSS_1414_storz_regulondb,0.2,4,4,TCTAGGCGAGTTTGGCAACC,0,28273
TSS_1414_storz_regulondb,0.2,4,4,TCTAGCAACTTCTATGTCTC,0,5732
TSS_1414_storz_regulondb,0.2,4,4,TCTACTTGGTCTAACGTGCT,0,26387
TSS_1414_storz_regulondb,0.2,4,4,TCTAAGGTAGTTCTGGTGAT,0,27440
TSS_1414_storz_regulondb,0.2,4,4,TCGTTGGTTGGGTTGGTCTC,0,29839
TSS_1414_storz_regulondb,0.2,4,4,TCGTTGATCTTACGGTGTAG,0,61590
TSS_1414_storz_regulondb,0.2,4,4,TCGTTCGAAGACTAAGGAAT,0,39661
TSS_1414_storz_regulondb,0.2,4,4,TCGTTCAATGCGTAGCCTCG,0,73540
TSS_1414_storz_regulondb,0.2,4,4,TCGTAGATCGTCTTGCAAAT,0,17333
TSS_1414_storz_regulondb,0.2,4,4,TCGTACACCGGCTCGTCCAA,0,11664
TSS_1414_storz_regulondb,0.2,4,4,TCGTAACACTGCTATGCTCA,0,63058
TSS_1414_storz_regulondb,0.2,4,4,TCGTAAAATACCGATAGAAC,0,13359
TSS_1414_storz_regulondb,0.2,4,4,TCGGTGGTCCGGTTCAGGCC,0,57631
TSS_1414_storz_regulondb,0.2,4,4,TCGGTCAGTTGGAATAATCA,0,3294
TSS_1414_storz_regulondb,0.2,4,4,TCGGTAGTCTCAGGAGCCAT,0,34911
TSS_1414_storz_regulondb,0.2,4,4,TCGGGGCACGTCACTCATGG,0,66240
TSS_1414_storz_regulondb,0.2,4,4,TCGGGGAGGGGGCGCCTGAT,0,19123
TSS_1414_storz_regulondb,0.2,4,4,TCGGCTATACACTAACGGTG,0,26812
TSS_1414_storz_regulondb,0.2,4,4,TCGGCGCTATGCTGTGAATT,0,80519
TSS_1414_storz_regulondb,0.2,4,4,TCGGCATTGGCAAGGTCGGG,0,44021
TSS_1414_storz_regulondb,0.2,4,4,TCGCTTAGTGGTCCGGACCC,0,62267
TSS_1414_storz_regulondb,0.2,4,4,TCGCTCGCGTCTGTATAAGA,0,53103
TSS_1414_storz_regulondb,0.2,4,4,TCGCGGTGGGCCACAGATTA,0,60106
TSS_1414_storz_regulondb,0.2,4,4,TCGCGGAGATCACTAGCGCT,0,37312
TSS_1414_storz_regulondb,0.2,4,4,TCGCCGCCCACTTGATGGAC,0,54712
TSS_1414_storz_regulondb,0.2,4,4,TCGCCGAGACTTCCCGTAAT,0,46085
TSS_1414_storz_regulondb,0.2,4,4,TCGCCAAGGGGGAAGACGAT,0,70154
TSS_1414_storz_regulondb,0.2,4,4,TCGCAGACATACGCGCTCCT,0,50566
TSS_1414_storz_regulondb,0.2,4,4,TCGATGGTTACTAGCTTGTA,0,45407
TSS_1414_storz_regulondb,0.2,4,4,TCGATATCAGGACAGGCCAT,0,15605
TSS_1414_storz_regulondb,0.2,4,4,TCGAGATCCGCATTCGCTGT,0,23862
TSS_1414_storz_regulondb,0.2,4,4,TCGAGAAGCCCATGTGTAGT,0,34167
TSS_1414_storz_regulondb,0.2,4,4,TCGACGGCTGTTGACATGGA,0,48499
TSS_1414_storz_regulondb,0.2,4,4,TCGACGAGTTAACCGACGGG,0,3763
TSS_1414_storz_regulondb,0.2,4,4,TCGACCGCCGGCGGGGTGTG,0,23683
TSS_1414_storz_regulondb,0.2,4,4,TCGAAATGCAAATCGTCACT,0,4461
TSS_1414_storz_regulondb,0.2,4,4,TCCTCTGCCAGTTTTCAGCC,0,73033
TSS_1414_storz_regulondb,0.2,4,4,TCCTCGATATGGAACGTCTC,0,68735
TSS_1414_storz_regulondb,0.2,4,4,TCCTCACCATTAATCCCCCG,0,6711
TSS_1414_storz_regulondb,0.2,4,4,TCCGTTGGCATGGTAGCGAA,0,50827
TSS_1414_storz_regulondb,0.2,4,4,TCCGTGATGTGACTATTATA,0,19219
TSS_1414_storz_regulondb,0.2,4,4,TCCGTAGACCTGCGTCTCGC,0,28858
TSS_1414_storz_regulondb,0.2,4,4,TCCGGTTACAATAGTTCGTA,0,21080
TSS_1414_storz_regulondb,0.2,4,4,TCCGGCGTTCTAGCGCCAGG,0,37146
TSS_1414_storz_regulondb,0.2,4,4,TCCGCCTATATCCTGGATCA,0,65868
TSS_1414_storz_regulondb,0.2,4,4,TCCGCACCCTCCATGCCAAG,0,63411
TSS_1414_storz_regulondb,0.2,4,4,TCCCTATTGTTGCGATGATG,0,26527
TSS_1414_storz_regulondb,0.2,4,4,TCCCGGTCATAACGCGGAAA,0,25669
TSS_1414_storz_regulondb,0.2,4,4,TCCCGGGATTATATAAATAG,0,9942
TSS_1414_storz_regulondb,0.2,4,4,TCCCGACGATATGTCGTTAG,0,64999
TSS_1414_storz_regulondb,0.2,4,4,TCCCCGCGAAGTGCAATGCC,0,41194
TSS_1414_storz_regulondb,0.2,4,4,TCCATTTGAAGGAGGATAGT,0,10072
TSS_1414_storz_regulondb,0.2,4,4,TCCATTATAATTGCCCGCTC,0,57971
TSS_1414_storz_regulondb,0.2,4,4,TCCATAGCCGTAAGGCATCA,0,69054
TSS_1414_storz_regulondb,0.2,4,4,TCCAGGGGCAGCAGCATTCG,0,35406
TSS_1414_storz_regulondb,0.2,4,4,TCCAGCCTGGCGCCAGGGCA,0,13817
TSS_1414_storz_regulondb,0.2,4,4,TCCACGCGTTAGTAATCGCC,0,62522
TSS_1414_storz_regulondb,0.2,4,4,TCATTCCACCAAGTCCCCGT,0,5275
TSS_1414_storz_regulondb,0.2,4,4,TCATATCATTTACGCGAGCA,0,75495
TSS_1414_storz_regulondb,0.2,4,4,TCAGTGGCTATGCCAAGGAG,0,13254
TSS_1414_storz_regulondb,0.2,4,4,TCAGGGTTAGTTTACTACAT,0,20218
TSS_1414_storz_regulondb,0.2,4,4,TCAGGGCACCGAGGATCAGG,0,32467
TSS_1414_storz_regulondb,0.2,4,4,TCAGGATTTACAGGCCAGCA,0,29358
TSS_1414_storz_regulondb,0.2,4,4,TCAGGAAGGGCGTATTGGAG,0,16850
TSS_1414_storz_regulondb,0.2,4,4,TCAGCATTGATAGAGGCAAT,0,22351
TSS_1414_storz_regulondb,0.2,4,4,TCAGCATACACGTCGATCGA,0,15333
TSS_1414_storz_regulondb,0.2,4,4,TCAGATACCATGTGGGCATA,0,26799
TSS_1414_storz_regulondb,0.2,4,4,TCACTTTTGGCCGAAGGGGA,0,17587
TSS_1414_storz_regulondb,0.2,4,4,TCACCTCTTCTATGTCTGCT,0,78126
TSS_1414_storz_regulondb,0.2,4,4,TCACCTAGGCGGCCCTCGGT,0,14068
TSS_1414_storz_regulondb,0.2,4,4,TCACCCCCATTGGATTCTTG,0,48786
TSS_1414_storz_regulondb,0.2,4,4,TCACACGCATTCCAACCCAT,0,25696
TSS_1414_storz_regulondb,0.2,4,4,TCACAAACCGATTAATCAGA,0,76103
TSS_1414_storz_regulondb,0.2,4,4,TCAATGCTGTTGGAACCGGC,0,62407
TSS_1414_storz_regulondb,0.2,4,4,TCAATGAGCCCAACACTTAT,0,72160
TSS_1414_storz_regulondb,0.2,4,4,TCAAGAAAGGTCCATCATAT,0,31261
TSS_1414_storz_regulondb,0.2,4,4,TCAACATCGACCTTGTCAGG,0,42458
TSS_1414_storz_regulondb,0.2,4,4,TCAACATCCTGCAGTGGAAC,0,64164
TSS_1414_storz_regulondb,0.2,4,4,TCAACAGGCTGGACATAGGC,0,79236
TSS_1414_storz_regulondb,0.2,4,4,TCAACACACGTCTTACTCGC,0,43677
TSS_1414_storz_regulondb,0.2,4,4,TCAAATATCACAGATCGCAA,0,51156
TSS_1414_storz_regulondb,0.2,4,4,TATTTTGGCGTTACTTCGGT,0,21661
TSS_1414_storz_regulondb,0.2,4,4,TATTTTCCCTCCAGGGGGGA,0,32685
TSS_1414_storz_regulondb,0.2,4,4,TATTGTATGTTGATTGGTCC,0,53378
TSS_1414_storz_regulondb,0.2,4,4,TATTGGATTATTGTTACGTA,0,78021
TSS_1414_storz_regulondb,0.2,4,4,TATTCATCGAGGCTCTTCGG,0,43260
TSS_1414_storz_regulondb,0.2,4,4,TATTAGGTGCCGCTGTCCGT,0,35796
TSS_1414_storz_regulondb,0.2,4,4,TATGTCGTCTTTACTGGTCT,0,71753
TSS_1414_storz_regulondb,0.2,4,4,TATGGACCTGTCAAAAGTCT,0,46001
TSS_1414_storz_regulondb,0.2,4,4,TATGCATACTAATCTACGTG,0,70260
TSS_1414_storz_regulondb,0.2,4,4,TATCTTGCAATGTGCTCGAG,0,26815
TSS_1414_storz_regulondb,0.2,4,4,TATCTAAAGCAGAGAGGTCA,0,62116
TSS_1414_storz_regulondb,0.2,4,4,TATCGTGAGCCATGACCAGG,0,17339
TSS_1414_storz_regulondb,0.2,4,4,TATCGTCCGGAAAAGACTTG,0,55942
TSS_1414_storz_regulondb,0.2,4,4,TATCCGTCGTCTAACCACAG,0,21409
TSS_1414_storz_regulondb,0.2,4,4,TATCCCACATTGAGCGCCCT,0,38770
TSS_1414_storz_regulondb,0.2,4,4,TATCATCAGAGGGTTTGTAT,0,55067
TSS_1414_storz_regulondb,0.2,4,4,TATATGTCTTCCCTAATTCT,0,41085
TSS_1414_storz_regulondb,0.2,4,4,TATATGATCTCGGAAAATTA,0,42589
TSS_1414_storz_regulondb,0.2,4,4,TATATGACTGTCCTACCGAA,0,62002
TSS_1414_storz_regulondb,0.2,4,4,TATAGTATCACGCGAAGAGC,0,11116
TSS_1414_storz_regulondb,0.2,4,4,TATAGGCCTCGTGGGTTGCT,0,25443
TSS_1414_storz_regulondb,0.2,4,4,TATAGGCAGGCTACCCCGAA,0,72784
TSS_1414_storz_regulondb,0.2,4,4,TATAGCGTAGAGAATGTAGC,0,21358
TSS_1414_storz_regulondb,0.2,4,4,TATAGAGTGTCAAGATGTAG,0,41786
TSS_1414_storz_regulondb,0.2,4,4,TATACGATAGTATCATGGAT,0,10985
TSS_1414_storz_regulondb,0.2,4,4,TATAATAGTCCTCTTGAGCC,0,51165
TSS_1414_storz_regulondb,0.2,4,4,TAGTAGCCGGTATCCGAGAT,0,40388
TSS_1414_storz_regulondb,0.2,4,4,TAGGTAACCTCTGTTGGTGA,0,30217
TSS_1414_storz_regulondb,0.2,4,4,TAGGGTGCGGTACTGATCGT,0,59506
TSS_1414_storz_regulondb,0.2,4,4,TAGGGGGTTCGCATCTTGTA,0,13987
TSS_1414_storz_regulondb,0.2,4,4,TAGGGGGTTCAGTCTAGAAA,0,3479
TSS_1414_storz_regulondb,0.2,4,4,TAGGGGACGTGTGACTCTAT,0,39392
TSS_1414_storz_regulondb,0.2,4,4,TAGGCTATGGTCTTTAATTT,0,80435
TSS_1414_storz_regulondb,0.2,4,4,TAGGCCAACAACAAAACAAT,0,51238
TSS_1414_storz_regulondb,0.2,4,4,TAGGACAAGCACATATGGCT,0,70207
TSS_1414_storz_regulondb,0.2,4,4,TAGCTTGATTTAGGACAGGG,0,34143
TSS_1414_storz_regulondb,0.2,4,4,TAGCTGTCGGGATGGTTTTC,0,5250
TSS_1414_storz_regulondb,0.2,4,4,TAGCTCTGTCCCACTCCCAC,0,31179
TSS_1414_storz_regulondb,0.2,4,4,TAGCTACGCTTTTATCATGA,0,67319
TSS_1414_storz_regulondb,0.2,4,4,TAGCGTCGCTACTTTCAGAT,0,58351
TSS_1414_storz_regulondb,0.2,4,4,TAGCGTACGAAATAGTCCGC,0,45039
TSS_1414_storz_regulondb,0.2,4,4,TAGCGGCGTCAACTGGACAG,0,31907
TSS_1414_storz_regulondb,0.2,4,4,TAGCCTTGCAGATATGTATG,0,20712
TSS_1414_storz_regulondb,0.2,4,4,TAGCCCTGGGAAGTCACTGA,0,54135
TSS_1414_storz_regulondb,0.2,4,4,TAGCATTGAAACAATCATAT,0,31379
TSS_1414_storz_regulondb,0.2,4,4,TAGATTCACTCTGAGTTCGC,0,13492
TSS_1414_storz_regulondb,0.2,4,4,TAGAGGGTAATGGCTAGAAC,0,80416
TSS_1414_storz_regulondb,0.2,4,4,TAGAGATCGTTACTGATAGT,0,16360
TSS_1414_storz_regulondb,0.2,4,4,TAGACACCAAGCACGCACAT,0,11235
TSS_1414_storz_regulondb,0.2,4,4,TAGAAGTCTCGGGATACCGT,0,54999
TSS_1414_storz_regulondb,0.2,4,4,TACTGCAGATGGGGTTAAGC,0,16482
TSS_1414_storz_regulondb,0.2,4,4,TACTCTGGATTCGACCCGCA,0,2843
TSS_1414_storz_regulondb,0.2,4,4,TACTCCTAGGAAAGGGTGTT,0,73649
TSS_1414_storz_regulondb,0.2,4,4,TACTCATTGCATGCAGCCCT,0,34219
TSS_1414_storz_regulondb,0.2,4,4,TACTATTTTTCGCATATTCG,0,64689
TSS_1414_storz_regulondb,0.2,4,4,TACGTTGTTAAACAGCGACA,0,48356
TSS_1414_storz_regulondb,0.2,4,4,TACGGTACGTAATCAACAAA,0,63333
TSS_1414_storz_regulondb,0.2,4,4,TACGAGGAAGCCTCGGACTA,0,4641
TSS_1414_storz_regulondb,0.2,4,4,TACCTTCACGCTCTCGAGGT,0,1597
TSS_1414_storz_regulondb,0.2,4,4,TACCGTAGTGCAGCTGGAGC,0,51042
TSS_1414_storz_regulondb,0.2,4,4,TACCCGAAAGCATGTATATC,0,57904
TSS_1414_storz_regulondb,0.2,4,4,TACCCACAATGAGTGGCTGA,0,54617
TSS_1414_storz_regulondb,0.2,4,4,TACCAGTTGGAGCTCCAGTT,0,72376
TSS_1414_storz_regulondb,0.2,4,4,TACCAACGCCAGGGTAAAGT,0,80181
TSS_1414_storz_regulondb,0.2,4,4,TACATTGGTCCGTGACAAGT,0,46077
TSS_1414_storz_regulondb,0.2,4,4,TACATAGTTAAGGAACAATT,0,10086
TSS_1414_storz_regulondb,0.2,4,4,TACATAAAGATCATCTGTCG,0,60654
TSS_1414_storz_regulondb,0.2,4,4,TACACTCATACGGGTAATAG,0,6071
TSS_1414_storz_regulondb,0.2,4,4,TACACTACTCCAACTCTGGG,0,45503
TSS_1414_storz_regulondb,0.2,4,4,TACACCCGCGTGGCAACTAG,0,55535
TSS_1414_storz_regulondb,0.2,4,4,TAATTACTCAAAACTCGCCT,0,65877
TSS_1414_storz_regulondb,0.2,4,4,TAATGCACTGTCGGCGAACA,0,76319
TSS_1414_storz_regulondb,0.2,4,4,TAATCCGCGTTAGGGCTATG,0,48084
TSS_1414_storz_regulondb,0.2,4,4,TAATAGTAGTCGGCAGTATA,0,73231
TSS_1414_storz_regulondb,0.2,4,4,TAATACCCATAGAAAACACA,0,21143
TSS_1414_storz_regulondb,0.2,4,4,TAAGTTTCGGGCAGTGTTTT,0,47466
TSS_1414_storz_regulondb,0.2,4,4,TAAGTTGAATGGCCTTGAAC,0,29194
TSS_1414_storz_regulondb,0.2,4,4,TAAGTGCGAATTGAGACTAA,0,64739
TSS_1414_storz_regulondb,0.2,4,4,TAAGGTCTCTGTAAGATCAT,0,51507
TSS_1414_storz_regulondb,0.2,4,4,TAAGGACTTGAGGATTAATC,0,9174
TSS_1414_storz_regulondb,0.2,4,4,TAAGGACGTATGCTACCATG,0,31838
TSS_1414_storz_regulondb,0.2,4,4,TAAGCTGGTATGCCGTCATG,0,66365
TSS_1414_storz_regulondb,0.2,4,4,TAACTTGCAGGCAGGCTATC,0,16398
TSS_1414_storz_regulondb,0.2,4,4,TAACTCTTTTTATGGCTTTA,0,49925
TSS_1414_storz_regulondb,0.2,4,4,TAACGAGGGGGGGGAAAAAC,0,63537
TSS_1414_storz_regulondb,0.2,4,4,TAACCCCGGCTTCTACGTTT,0,62425
TSS_1414_storz_regulondb,0.2,4,4,TAAATTTACGGTCGTTGGGT,0,60091
TSS_1414_storz_regulondb,0.2,4,4,TAAATTGTTGTACGCTTTAT,0,52431
TSS_1414_storz_regulondb,0.2,4,4,TAAATTATCGCGTTCCGATA,0,63206
TSS_1414_storz_regulondb,0.2,4,4,TAAAGCTCAAGTTCATGGTC,0,50687
TSS_1414_storz_regulondb,0.2,4,4,TAAAGCTAACCTTGGGAGTA,0,739
TSS_1414_storz_regulondb,0.2,4,4,TAAACCGCGTCGCGTGGAAA,0,61070
TSS_1414_storz_regulondb,0.2,4,4,GTTTCTAGCAACGCGTTATT,0,23501
TSS_1414_storz_regulondb,0.2,4,4,GTTGTAATTCAGCGCGTCTA,0,57234
TSS_1414_storz_regulondb,0.2,4,4,GTTGGTTGAAAATGTGATTC,0,5444
TSS_1414_storz_regulondb,0.2,4,4,GTTGGTAACACCTGACTGCG,0,79445
TSS_1414_storz_regulondb,0.2,4,4,GTTGGCGAGCTTGGGTCCAA,0,69739
TSS_1414_storz_regulondb,0.2,4,4,GTTGGATACGGGTGCTCAAG,0,59064
TSS_1414_storz_regulondb,0.2,4,4,GTTGGAGTGCAAGCGTGACA,0,33209
TSS_1414_storz_regulondb,0.2,4,4,GTTGCACGAAGCAGTGCAGC,0,6517
TSS_1414_storz_regulondb,0.2,4,4,GTTGCACACACAAATGCTTG,0,62049
TSS_1414_storz_regulondb,0.2,4,4,GTTGACTAGCCCGTTAGATG,0,62003
TSS_1414_storz_regulondb,0.2,4,4,GTTCTGCCTTTCATGGTAGT,0,27176
TSS_1414_storz_regulondb,0.2,4,4,GTTCGGTCGTCGCGCATATC,0,2607
TSS_1414_storz_regulondb,0.2,4,4,GTTCGCCAGCGTACAGCAGA,0,3902
TSS_1414_storz_regulondb,0.2,4,4,GTTCGCACTCAGACCTGGTT,0,48493
TSS_1414_storz_regulondb,0.2,4,4,GTTCGACGTGGCTTACACTC,0,65265
TSS_1414_storz_regulondb,0.2,4,4,GTTCCGCGGCAGATCTCGCA,0,39735
TSS_1414_storz_regulondb,0.2,4,4,GTTCCGAGCATGAGCAGATA,0,30582
TSS_1414_storz_regulondb,0.2,4,4,GTTCCCCGTTTATGGGTGAT,0,68446
TSS_1414_storz_regulondb,0.2,4,4,GTTCCCCGGTCCGGAGATGT,0,58685
TSS_1414_storz_regulondb,0.2,4,4,GTTCCAAGACTAGGAGATCC,0,49825
TSS_1414_storz_regulondb,0.2,4,4,GTTATCATGGGGGCTCCCAA,0,38084
TSS_1414_storz_regulondb,0.2,4,4,GTTATCATACATCTTATGGA,0,79778
TSS_1414_storz_regulondb,0.2,4,4,GTTAGGCTTTCGATCGGAAA,0,25712
TSS_1414_storz_regulondb,0.2,4,4,GTTACGGGTTATCTGGGATT,0,32487
TSS_1414_storz_regulondb,0.2,4,4,GTTAAATTGGTGACCGCAGC,0,74324
TSS_1414_storz_regulondb,0.2,4,4,GTGTTCCTACTGGTACAGCT,0,28091
TSS_1414_storz_regulondb,0.2,4,4,GTGTTCAACCGCTTAAGCCA,0,12205
TSS_1414_storz_regulondb,0.2,4,4,GTGTTAATAATCTCATCTAA,0,70531
TSS_1414_storz_regulondb,0.2,4,4,GTGTCCACCCGCGACATAAC,0,4804
TSS_1414_storz_regulondb,0.2,4,4,GTGTATATCGAGTCGTTTTG,0,33179
TSS_1414_storz_regulondb,0.2,4,4,GTGGTGCTAGGGATGGTACT,0,65886
TSS_1414_storz_regulondb,0.2,4,4,GTGGTATATGCGGGCCGTGT,0,6058
TSS_1414_storz_regulondb,0.2,4,4,GTGGGAGTACTAGACATCGG,0,75742
TSS_1414_storz_regulondb,0.2,4,4,GTGGCCGTGGACTAGTTAAC,0,13214
TSS_1414_storz_regulondb,0.2,4,4,GTGGATGAATTAGTGACTCG,0,4442
TSS_1414_storz_regulondb,0.2,4,4,GTGGAAGCTCGGTTAATGCC,0,27045
TSS_1414_storz_regulondb,0.2,4,4,GTGGAACGTGCCGGCTATAT,0,9388
TSS_1414_storz_regulondb,0.2,4,4,GTGCTGTCGAGTGACGGAAT,0,76093
TSS_1414_storz_regulondb,0.2,4,4,GTGCTCGGCCTAACCTGGTT,0,66655
TSS_1414_storz_regulondb,0.2,4,4,GTGCGATTTCGTTCGTACTT,0,48390
TSS_1414_storz_regulondb,0.2,4,4,GTGCCTGGGGACCGACTCTT,0,50567
TSS_1414_storz_regulondb,0.2,4,4,GTGCCCGTAATGCTGACATT,0,72032
TSS_1414_storz_regulondb,0.2,4,4,GTGCCCAAAACTGTTTCCAC,0,13335
TSS_1414_storz_regulondb,0.2,4,4,GTGCAGCTACCACCATTGGC,0,35057
TSS_1414_storz_regulondb,0.2,4,4,GTGCAAGCCCTATATAGATT,0,17691
TSS_1414_storz_regulondb,0.2,4,4,GTGATGGGCCATATAGATAT,0,19144
TSS_1414_storz_regulondb,0.2,4,4,GTCTTTTGCGCCCTCACCCT,0,41531
TSS_1414_storz_regulondb,0.2,4,4,GTCTTTAGCGGAATCAGAAA,0,75567
TSS_1414_storz_regulondb,0.2,4,4,GTCTTCATGAGCAGTAAGGG,0,43019
TSS_1414_storz_regulondb,0.2,4,4,GTCTGTCGGGAGGTGCAACA,0,30941
TSS_1414_storz_regulondb,0.2,4,4,GTCTGGTCGTATGCGAACGA,0,53005
TSS_1414_storz_regulondb,0.2,4,4,GTCTCTTATCGTATTAATAA,0,42709
TSS_1414_storz_regulondb,0.2,4,4,GTCTCTGGCGACGTATTTGA,0,67159
TSS_1414_storz_regulondb,0.2,4,4,GTCTCGCGAAAGATCGGGGG,0,31018
TSS_1414_storz_regulondb,0.2,4,4,GTCTACCAATTCGGAGCCGT,0,54996
TSS_1414_storz_regulondb,0.2,4,4,GTCGTCTCCTTGCACTACCC,0,15390
TSS_1414_storz_regulondb,0.2,4,4,GTCGGGAAATTGCCAAGAGC,0,10838
TSS_1414_storz_regulondb,0.2,4,4,GTCGGACCGAGAATACAACG,0,62792
TSS_1414_storz_regulondb,0.2,4,4,GTCGCGACCTACGCGGCTTG,0,69140
TSS_1414_storz_regulondb,0.2,4,4,GTCGCGAAGCGCGTCTCAAG,0,26756
TSS_1414_storz_regulondb,0.2,4,4,GTCGAGCACCCGGGACATAG,0,52390
TSS_1414_storz_regulondb,0.2,4,4,GTCCTTATATGATCCGGAAT,0,27234
TSS_1414_storz_regulondb,0.2,4,4,GTCCTCTGATTCTGGCAATC,0,34534
TSS_1414_storz_regulondb,0.2,4,4,GTCCTCGGCGCGACCGCCTT,0,65377
TSS_1414_storz_regulondb,0.2,4,4,GTCCGTCAAGGCCAGACGTG,0,29076
TSS_1414_storz_regulondb,0.2,4,4,GTCCGGCACAATTTCAGCGG,0,52011
TSS_1414_storz_regulondb,0.2,4,4,GTCCCTCGGCTTGGACATTA,0,58632
TSS_1414_storz_regulondb,0.2,4,4,GTCCCCACCGGGGCTTTGGT,0,19206
TSS_1414_storz_regulondb,0.2,4,4,GTCCCAAGTCAGACTTCCAT,0,71018
TSS_1414_storz_regulondb,0.2,4,4,GTCAGGGTTGTACGGGGGCG,0,3976
TSS_1414_storz_regulondb,0.2,4,4,GTCAGCTTGGGGGGCGAATT,0,46940
TSS_1414_storz_regulondb,0.2,4,4,GTCAGCTTCAAAATTACAAA,0,80428
TSS_1414_storz_regulondb,0.2,4,4,GTCACTATTGGAATCCGCGC,0,25133
TSS_1414_storz_regulondb,0.2,4,4,GTCACGTTAACATCCAGTTG,0,59860
TSS_1414_storz_regulondb,0.2,4,4,GTCACCTTATAGAGCGGGTC,0,66156
TSS_1414_storz_regulondb,0.2,4,4,GTCAAAATAGTCATTGTCTG,0,21366
TSS_1414_storz_regulondb,0.2,4,4,GTATGGCAGCACCACTGCTC,0,28926
TSS_1414_storz_regulondb,0.2,4,4,GTATCATCAGACTGCGACAA,0,39163
TSS_1414_storz_regulondb,0.2,4,4,GTAGTTGGTTTGCGGTACAT,0,32014
TSS_1414_storz_regulondb,0.2,4,4,GTAGGTTGGCCCTAGTGTAT,0,76621
TSS_1414_storz_regulondb,0.2,4,4,GTAGGTGTGTTGGTGTTAGA,0,59739
TSS_1414_storz_regulondb,0.2,4,4,GTAGGTCAAACCCATCACTG,0,67111
TSS_1414_storz_regulondb,0.2,4,4,GTAGGGGGGGACGTGTCACG,0,74557
TSS_1414_storz_regulondb,0.2,4,4,GTAGGGGCTGTCAGTAATCA,0,54912
TSS_1414_storz_regulondb,0.2,4,4,GTAGGAGCGCCGCCCCAGTA,0,43950
TSS_1414_storz_regulondb,0.2,4,4,GTAGCGGTTGCTTTATTTAC,0,56376
TSS_1414_storz_regulondb,0.2,4,4,GTAGCGCGAACCATGATAAC,0,27432
TSS_1414_storz_regulondb,0.2,4,4,GTAGATGTGATCCTTCAAAA,0,80774
TSS_1414_storz_regulondb,0.2,4,4,GTAGATAGGAACGGCCTGAA,0,62408
TSS_1414_storz_regulondb,0.2,4,4,GTAGAGCTCTGGCGCTACTC,0,48577
TSS_1414_storz_regulondb,0.2,4,4,GTACTAGCGGCGACGGTCGG,0,15127
TSS_1414_storz_regulondb,0.2,4,4,GTACGTTGTATGTTGGGCCT,0,16949
TSS_1414_storz_regulondb,0.2,4,4,GTACGGTTGCCGGACCGCTA,0,8921
TSS_1414_storz_regulondb,0.2,4,4,GTACGCTAGCCAGAGCGGGG,0,30152
TSS_1414_storz_regulondb,0.2,4,4,GTACGCCTCCACTATGGAGT,0,3229
TSS_1414_storz_regulondb,0.2,4,4,GTACGATAGGCGTCTAGGAA,0,38857
TSS_1414_storz_regulondb,0.2,4,4,GTACGATACAATAACTAAAT,0,7480
TSS_1414_storz_regulondb,0.2,4,4,GTACCTGGGGAAAGCACACA,0,65857
TSS_1414_storz_regulondb,0.2,4,4,GTACCGTTTGCCGTAGGTGT,0,71708
TSS_1414_storz_regulondb,0.2,4,4,GTACCCTTTTACTACATCAC,0,49541
TSS_1414_storz_regulondb,0.2,4,4,GTACCCGGATTTTACGGCAA,0,6894
TSS_1414_storz_regulondb,0.2,4,4,GTACCCCGTGTTTATTGTCA,0,733
TSS_1414_storz_regulondb,0.2,4,4,GTACCATTTGGTGAATCACT,0,54120
TSS_1414_storz_regulondb,0.2,4,4,GTACATGGTAACCTATTATA,0,65259
TSS_1414_storz_regulondb,0.2,4,4,GTACAGATGCTCTGGGTCCA,0,41519
TSS_1414_storz_regulondb,0.2,4,4,GTACAAAGAAGAATTCCCTC,0,16207
TSS_1414_storz_regulondb,0.2,4,4,GTAATTGTCTCCTCGAAGTA,0,2659
TSS_1414_storz_regulondb,0.2,4,4,GTAATAGAGCAAAGTCTACT,0,28012
TSS_1414_storz_regulondb,0.2,4,4,GTAAGGGGCAGGTGTATATG,0,75633
TSS_1414_storz_regulondb,0.2,4,4,GTAAGGAGAATTAAAAGTCT,0,21015
TSS_1414_storz_regulondb,0.2,4,4,GTAAGACCCCGTAGAGCCTC,0,61756
TSS_1414_storz_regulondb,0.2,4,4,GTAACTGGCATATACATTCA,0,77177
TSS_1414_storz_regulondb,0.2,4,4,GTAACGTGCTCCGCTACAGC,0,33257
TSS_1414_storz_regulondb,0.2,4,4,GTAACATATTTTAATTTGCA,0,16447
TSS_1414_storz_regulondb,0.2,4,4,GTAAATTCTGAGGTTTTCTT,0,10695
TSS_1414_storz_regulondb,0.2,4,4,GTAAAGATGGAAGGTAGGTC,0,17693
TSS_1414_storz_regulondb,0.2,4,4,GTAAACGACAGAGCCAACAC,0,43577
TSS_1414_storz_regulondb,0.2,4,4,GGTTTGTCAAGCGGCTTACG,0,11146
TSS_1414_storz_regulondb,0.2,4,4,GGTTTCTCTCTACCTAGGAT,0,1346
TSS_1414_storz_regulondb,0.2,4,4,GGTTTCGTTTTACAATCTAA,0,30767
TSS_1414_storz_regulondb,0.2,4,4,GGTTTATAAGTGCTGATAGT,0,16298
TSS_1414_storz_regulondb,0.2,4,4,GGTTGGCAGAAGAGACGTCG,0,20609
TSS_1414_storz_regulondb,0.2,4,4,GGTTGACATGCTATAAATTA,0,10864
TSS_1414_storz_regulondb,0.2,4,4,GGTTCGGTGTTCAGATCGGT,0,55211
TSS_1414_storz_regulondb,0.2,4,4,GGTTCGATGAATATGCAATG,0,8364
TSS_1414_storz_regulondb,0.2,4,4,GGTTCGAGCGCTTGACCGGC,0,60444
TSS_1414_storz_regulondb,0.2,4,4,GGTTATTCGTGGCAGCTGTC,0,71110
TSS_1414_storz_regulondb,0.2,4,4,GGTTAGGATCAGTGTGCTTA,0,67815
TSS_1414_storz_regulondb,0.2,4,4,GGTTACGGTTGTGTGGCGTA,0,10390
TSS_1414_storz_regulondb,0.2,4,4,GGTGTCCGAACGAAGTTCCA,0,72123
TSS_1414_storz_regulondb,0.2,4,4,GGTGGGTCGTGGATATAGTC,0,49612
TSS_1414_storz_regulondb,0.2,4,4,GGTGCACAGTCGGGTGTGGG,0,15051
TSS_1414_storz_regulondb,0.2,4,4,GGTGAGCGCTACCGCGCATT,0,15564
TSS_1414_storz_regulondb,0.2,4,4,GGTGACGTAATCTAGGAAGT,0,6073
TSS_1414_storz_regulondb,0.2,4,4,GGTGACGAGGCTGAGAAACT,0,25862
TSS_1414_storz_regulondb,0.2,4,4,GGTCTTCGACGGGCCAGCGA,0,72050
TSS_1414_storz_regulondb,0.2,4,4,GGTCTGTCGGACTACGTCAC,0,49256
TSS_1414_storz_regulondb,0.2,4,4,GGTCTGAGGGCATGCAGTTA,0,4555
TSS_1414_storz_regulondb,0.2,4,4,GGTCGAGGCCTTTGCGAATC,0,1541
TSS_1414_storz_regulondb,0.2,4,4,GGTCCTGTACGGCTTCCCTG,0,37582
TSS_1414_storz_regulondb,0.2,4,4,GGTCCGACGGGTGATCAGTG,0,11166
TSS_1414_storz_regulondb,0.2,4,4,GGTCCCTACCGACGACAGGA,0,46632
TSS_1414_storz_regulondb,0.2,4,4,GGTCCCATGGGTAGGTCAAG,0,68072
TSS_1414_storz_regulondb,0.2,4,4,GGTCATAGGTATTCTCGATT,0,46859
TSS_1414_storz_regulondb,0.2,4,4,GGTCAGTTTGCCATTCCATA,0,15723
TSS_1414_storz_regulondb,0.2,4,4,GGTCAGGACCGACTCCCAAA,0,6268
TSS_1414_storz_regulondb,0.2,4,4,GGTCACTGGAATCGGTGTAC,0,58546
TSS_1414_storz_regulondb,0.2,4,4,GGTCACACTATTAGCCGAGC,0,78648
TSS_1414_storz_regulondb,0.2,4,4,GGTCAATAGACGGAAACCGG,0,61795
TSS_1414_storz_regulondb,0.2,4,4,GGTATCGCCATTGGGGTTAA,0,62394
TSS_1414_storz_regulondb,0.2,4,4,GGTAGGCAGTGCCAAAAATC,0,26811
TSS_1414_storz_regulondb,0.2,4,4,GGTAAGGCTCAGTGTGCCAC,0,63873
TSS_1414_storz_regulondb,0.2,4,4,GGTAAGCAGAAGAGGTAATA,0,8455
TSS_1414_storz_regulondb,0.2,4,4,GGTAAATATGCGAGGGCAGC,0,49071
TSS_1414_storz_regulondb,0.2,4,4,GGGTTCAAAACAGGGCCGAG,0,45033
TSS_1414_storz_regulondb,0.2,4,4,GGGTGTGTTTAAGCCAACTA,0,49661
TSS_1414_storz_regulondb,0.2,4,4,GGGTGTGGTACGAAGTTATA,0,24025
TSS_1414_storz_regulondb,0.2,4,4,GGGTGTCCATAAAGTTCTGG,0,14508
TSS_1414_storz_regulondb,0.2,4,4,GGGTGTAACCAGGTTGGGGA,0,60438
TSS_1414_storz_regulondb,0.2,4,4,GGGTGGGCCTGCTATTACGC,0,37816
TSS_1414_storz_regulondb,0.2,4,4,GGGTGGCTTCCTGATGCCTC,0,27230
TSS_1414_storz_regulondb,0.2,4,4,GGGTGCGAAACCGATTTCTT,0,56979
TSS_1414_storz_regulondb,0.2,4,4,GGGTGCCGCTACTATGCAAC,0,74290
TSS_1414_storz_regulondb,0.2,4,4,GGGTGCCGCGTTCCCTACTA,0,8126
TSS_1414_storz_regulondb,0.2,4,4,GGGTGAGGGTGGTTATCAAC,0,67121
TSS_1414_storz_regulondb,0.2,4,4,GGGTCGCCTCCGACACAGAA,0,50409
TSS_1414_storz_regulondb,0.2,4,4,GGGTACGCCCCATGTAAACT,0,54489
TSS_1414_storz_regulondb,0.2,4,4,GGGTAAGTGACTGTACGTCT,0,14368
TSS_1414_storz_regulondb,0.2,4,4,GGGGTCAATAATGGCAAGCA,0,31203
TSS_1414_storz_regulondb,0.2,4,4,GGGGGGTGTATCGGGACCCC,0,58570
TSS_1414_storz_regulondb,0.2,4,4,GGGGGAGATAGGGTCGCTCG,0,22275
TSS_1414_storz_regulondb,0.2,4,4,GGGGCTAAATTCGGTACTCC,0,68103
TSS_1414_storz_regulondb,0.2,4,4,GGGGCGCACCGTACGCATTA,0,57871
TSS_1414_storz_regulondb,0.2,4,4,GGGGCACAGTGGCAACCATT,0,62702
TSS_1414_storz_regulondb,0.2,4,4,GGGGAGTTGCAACCGGGATA,0,28267
TSS_1414_storz_regulondb,0.2,4,4,GGGGAGTTAATAGAAGCCTG,0,3212
TSS_1414_storz_regulondb,0.2,4,4,GGGGAGCATCCTCGTGTAAA,0,56089
TSS_1414_storz_regulondb,0.2,4,4,GGGGAATGAAGCTGTCTTCC,0,3295
TSS_1414_storz_regulondb,0.2,4,4,GGGGAAGTATGGATGATGTT,0,14765
TSS_1414_storz_regulondb,0.2,4,4,GGGCGTACGCGCTAATCCAG,0,27902
TSS_1414_storz_regulondb,0.2,4,4,GGGCGGTCGGACGGGGCTCA,0,29479
TSS_1414_storz_regulondb,0.2,4,4,GGGCGGATTTTTTCAGTTAA,0,38058
TSS_1414_storz_regulondb,0.2,4,4,GGGCGACCGGAGGCTCGGTG,0,62615
TSS_1414_storz_regulondb,0.2,4,4,GGGCCGACGGAACCGTGGTC,0,12812
TSS_1414_storz_regulondb,0.2,4,4,GGGCCAGGTATTCGGCGAGG,0,31528
TSS_1414_storz_regulondb,0.2,4,4,GGGCAGGTGGCCCCATCGCC,0,23333
TSS_1414_storz_regulondb,0.2,4,4,GGGCAGGTGCCTTTGTTAGG,0,69781
TSS_1414_storz_regulondb,0.2,4,4,GGGCACGGGTGAGATGTCTA,0,25777
TSS_1414_storz_regulondb,0.2,4,4,GGGATGGGCAGCTGTCAAAA,0,10201
TSS_1414_storz_regulondb,0.2,4,4,GGGATCGTCCCGCCCTCGTC,0,64829
TSS_1414_storz_regulondb,0.2,4,4,GGGAGTACACAAGATTAAAC,0,8063
TSS_1414_storz_regulondb,0.2,4,4,GGGAGGCTGTTATTTGGACA,0,5457
TSS_1414_storz_regulondb,0.2,4,4,GGGAGCGTACCCCCCCGACG,0,23362
TSS_1414_storz_regulondb,0.2,4,4,GGGACACCTAATATGTGGTT,0,19296
TSS_1414_storz_regulondb,0.2,4,4,GGGAAGAGGTAAGTCCCTGA,0,17200
TSS_1414_storz_regulondb,0.2,4,4,GGGAAAGAATCCGTGCATAC,0,17953
TSS_1414_storz_regulondb,0.2,4,4,GGCTTTTGGCCCCGTATCTT,0,17772
TSS_1414_storz_regulondb,0.2,4,4,GGCTTATAGAGCTTCACCTT,0,49587
TSS_1414_storz_regulondb,0.2,4,4,GGCTGGCGCATCGCTGCAAC,0,21715
TSS_1414_storz_regulondb,0.2,4,4,GGCTATAACGGATAGAAACA,0,34759
TSS_1414_storz_regulondb,0.2,4,4,GGCTACAGTAGGGTAACTGC,0,14602
TSS_1414_storz_regulondb,0.2,4,4,GGCTAATCATTAACTTGACC,0,56983
TSS_1414_storz_regulondb,0.2,4,4,GGCGGGTTACTGTAAACCGT,0,63543
TSS_1414_storz_regulondb,0.2,4,4,GGCGGGTGCTTGGCGTGTTG,0,25778
TSS_1414_storz_regulondb,0.2,4,4,GGCGGGGCGCTCCAGAGAAG,0,49555
TSS_1414_storz_regulondb,0.2,4,4,GGCGCTCCCTCTAACGCTGT,0,16706
TSS_1414_storz_regulondb,0.2,4,4,GGCGCAAGAACCTCAAGGTT,0,31298
TSS_1414_storz_regulondb,0.2,4,4,GGCGAAGCCCATCCTGTGCA,0,45420
TSS_1414_storz_regulondb,0.2,4,4,GGCCTTACTGGTCGGGAACA,0,24219
TSS_1414_storz_regulondb,0.2,4,4,GGCCTAACGTTTCCTCAGAA,0,31197
TSS_1414_storz_regulondb,0.2,4,4,GGCCGTGGCGTGTGATGCCT,0,4376
TSS_1414_storz_regulondb,0.2,4,4,GGCCGGTAGCAATCGAAACT,0,52201
TSS_1414_storz_regulondb,0.2,4,4,GGCCGCCGGTCTCCCCCACG,0,5043
TSS_1414_storz_regulondb,0.2,4,4,GGCCCGCGTCAGAAACTCGC,0,39095
TSS_1414_storz_regulondb,0.2,4,4,GGCCCCGTCTCACTCTAGAC,0,42355
TSS_1414_storz_regulondb,0.2,4,4,GGCCATTCAAGATTGCGGAA,0,32717
TSS_1414_storz_regulondb,0.2,4,4,GGCCACCGGCTAAATGCCGC,0,74190
TSS_1414_storz_regulondb,0.2,4,4,GGCCACCCGCAGAGCGTTAG,0,36140
TSS_1414_storz_regulondb,0.2,4,4,GGCCAATCCCAATTCATTCT,0,50912
TSS_1414_storz_regulondb,0.2,4,4,GGCATTGTGGCATTCTCTTG,0,46290
TSS_1414_storz_regulondb,0.2,4,4,GGCATATCAGAGCGAAGTTA,0,30565
TSS_1414_storz_regulondb,0.2,4,4,GGCAAGTGACCATTTGACGA,0,18556
TSS_1414_storz_regulondb,0.2,4,4,GGCAAGCTCATATTGAGCGT,0,21337
TSS_1414_storz_regulondb,0.2,4,4,GGATTTGCTGAAAGATTTCG,0,30798
TSS_1414_storz_regulondb,0.2,4,4,GGATTCTCCACTTTGTCACC,0,5992
TSS_1414_storz_regulondb,0.2,4,4,GGATTAACCCTGGTTCGGTG,0,63672
TSS_1414_storz_regulondb,0.2,4,4,GGATGGGATCATACCTTCGG,0,62673
TSS_1414_storz_regulondb,0.2,4,4,GGATCTCCATACTTTGCTCT,0,47114
TSS_1414_storz_regulondb,0.2,4,4,GGATCTAACAGCGCATCCAG,0,7146
TSS_1414_storz_regulondb,0.2,4,4,GGATCGTCACCTTTGATACC,0,67492
TSS_1414_storz_regulondb,0.2,4,4,GGATCACGGTGATCACGAAT,0,63352
TSS_1414_storz_regulondb,0.2,4,4,GGAGGTCCCCATGAGTTCCC,0,22093
TSS_1414_storz_regulondb,0.2,4,4,GGAGGACCGTAGTATTGGTG,0,14563
TSS_1414_storz_regulondb,0.2,4,4,GGAGAAGGGTATTAAGGCCA,0,69521
TSS_1414_storz_regulondb,0.2,4,4,GGAGAAGCGGAGAGGAAGGA,0,46569
TSS_1414_storz_regulondb,0.2,4,4,GGACTCTTCAAAGTGCATAT,0,47221
TSS_1414_storz_regulondb,0.2,4,4,GGACGCCGGATACGGCAATT,0,58469
TSS_1414_storz_regulondb,0.2,4,4,GGACGACCTTAAGTGTTTTT,0,1017
TSS_1414_storz_regulondb,0.2,4,4,GGACATGAATCTGGTAGACA,0,3115
TSS_1414_storz_regulondb,0.2,4,4,GGAATTGTGGTCGCGCACTC,0,27349
TSS_1414_storz_regulondb,0.2,4,4,GGAATCCTGTATTGACTGAT,0,77958
TSS_1414_storz_regulondb,0.2,4,4,GGAATAATAGGAAACGCCAG,0,78837
TSS_1414_storz_regulondb,0.2,4,4,GGAAGGGCAGAGGTGTTTAG,0,18028
TSS_1414_storz_regulondb,0.2,4,4,GGAAGCGATATGGGTCAGCG,0,62120
TSS_1414_storz_regulondb,0.2,4,4,GGAACCGTGCGCGCCAACGT,0,61231
TSS_1414_storz_regulondb,0.2,4,4,GGAACATGTCTTGGCTTCAG,0,51325
TSS_1414_storz_regulondb,0.2,4,4,GCTTTCCTGTTCGCTTAGTC,0,45528
TSS_1414_storz_regulondb,0.2,4,4,GCTTTAAATGCATAAGGAAT,0,18143
TSS_1414_storz_regulondb,0.2,4,4,GCTTCGTCGCCTTACGAGTG,0,66429
TSS_1414_storz_regulondb,0.2,4,4,GCTTCGATTACTCGCTTAAT,0,66002
TSS_1414_storz_regulondb,0.2,4,4,GCTTAGGTTCATATGCGGAA,0,2320
TSS_1414_storz_regulondb,0.2,4,4,GCTTAGGGGAGGCGGCTAGA,0,79424
TSS_1414_storz_regulondb,0.2,4,4,GCTTAAGGCCTGCCAGCTTA,0,59453
TSS_1414_storz_regulondb,0.2,4,4,GCTGTTTAGACGTGCCATGC,0,33901
TSS_1414_storz_regulondb,0.2,4,4,GCTGTGATCGCGATTTGTAT,0,44214
TSS_1414_storz_regulondb,0.2,4,4,GCTGGATAAATGTACTAAAG,0,40750
TSS_1414_storz_regulondb,0.2,4,4,GCTGGAATTTAGAAGGCACG,0,58684
TSS_1414_storz_regulondb,0.2,4,4,GCTGCTGATCGCCTCACTAT,0,54963
TSS_1414_storz_regulondb,0.2,4,4,GCTGCCATTGAGCTTGTTGG,0,55173
TSS_1414_storz_regulondb,0.2,4,4,GCTGATAAATAACACCATGC,0,22241
TSS_1414_storz_regulondb,0.2,4,4,GCTCTTACTCGATTTTGCCC,0,50256
TSS_1414_storz_regulondb,0.2,4,4,GCTCTCCTTTGGCTCGTTGT,0,18454
TSS_1414_storz_regulondb,0.2,4,4,GCTCTCCAAGGGCCTTGTTA,0,47790
TSS_1414_storz_regulondb,0.2,4,4,GCTCGTTACATAAGATAAGG,0,24363
TSS_1414_storz_regulondb,0.2,4,4,GCTCGGCCTTACCTCTCGCC,0,53988
TSS_1414_storz_regulondb,0.2,4,4,GCTCGCAATTATCCATTATA,0,13633
TSS_1414_storz_regulondb,0.2,4,4,GCTCAGTGAGGAGCGTATAT,0,71046
TSS_1414_storz_regulondb,0.2,4,4,GCTCAGGACGGCTTGGCGGG,0,78918
TSS_1414_storz_regulondb,0.2,4,4,GCTCAATATGTAAAGATTTC,0,9295
TSS_1414_storz_regulondb,0.2,4,4,GCTCAAGTACGTCCGTCGGG,0,80587
TSS_1414_storz_regulondb,0.2,4,4,GCTATGGGCTGAGTACTTCA,0,4061
TSS_1414_storz_regulondb,0.2,4,4,GCTATCCCGTTCTCTACGAA,0,73007
TSS_1414_storz_regulondb,0.2,4,4,GCTATAAAGTATATGCGTCT,0,76472
TSS_1414_storz_regulondb,0.2,4,4,GCTAGTCTCTATACTGGTAC,0,45598
TSS_1414_storz_regulondb,0.2,4,4,GCTACAACTGTCCTTTTTGA,0,13233
TSS_1414_storz_regulondb,0.2,4,4,GCTAAGCATAGCGCTTTTAC,0,64229
TSS_1414_storz_regulondb,0.2,4,4,GCGTTATCATCGTAGGCAAT,0,6742
TSS_1414_storz_regulondb,0.2,4,4,GCGTGGCAACAGAGCTAATC,0,35541
TSS_1414_storz_regulondb,0.2,4,4,GCGTCCCAGTGCACGTTCCA,0,75438
TSS_1414_storz_regulondb,0.2,4,4,GCGTAGCAAGTTCCGACCTC,0,30151
TSS_1414_storz_regulondb,0.2,4,4,GCGTAAACAGGCAGCAGAGG,0,40792
TSS_1414_storz_regulondb,0.2,4,4,GCGGTTCTTCGGTGTCGATT,0,52880
TSS_1414_storz_regulondb,0.2,4,4,GCGGTTCGTCGTTCCGTGTG,0,34105
TSS_1414_storz_regulondb,0.2,4,4,GCGGTTCAAATCAATGGTGG,0,22348
TSS_1414_storz_regulondb,0.2,4,4,GCGGGCACCTGAATCGTTGC,0,13329
TSS_1414_storz_regulondb,0.2,4,4,GCGGCACGATCACTTGAACG,0,20605
TSS_1414_storz_regulondb,0.2,4,4,GCGCTGACTGCTTTGATTGT,0,46313
TSS_1414_storz_regulondb,0.2,4,4,GCGCGTGGGGTCCTTAGCCA,0,70533
TSS_1414_storz_regulondb,0.2,4,4,GCGCGTAGGTTAGGTGTCGG,0,7505
TSS_1414_storz_regulondb,0.2,4,4,GCGCCGGGGGACTCAAGAGG,0,55266
TSS_1414_storz_regulondb,0.2,4,4,GCGCAAGCGTACCTGTAGGG,0,27890
TSS_1414_storz_regulondb,0.2,4,4,GCGATCATGCAAGGATCTTG,0,8660
TSS_1414_storz_regulondb,0.2,4,4,GCGATATTTCCTAAACCGGG,0,33615
TSS_1414_storz_regulondb,0.2,4,4,GCGAATGCCTACATATGGAT,0,63270
TSS_1414_storz_regulondb,0.2,4,4,GCCTCCTACCCGCCCTGTTT,0,80520
TSS_1414_storz_regulondb,0.2,4,4,GCCTCATCAATCGTGCAAGG,0,64181
TSS_1414_storz_regulondb,0.2,4,4,GCCTAGTGTCGTGGATTTAT,0,18909
TSS_1414_storz_regulondb,0.2,4,4,GCCTACGCCATGTCTATCGG,0,20161
TSS_1414_storz_regulondb,0.2,4,4,GCCGAGCAAAAGGGGACGCT,0,9510
TSS_1414_storz_regulondb,0.2,4,4,GCCGAACCGGAACGTGTATG,0,32140
TSS_1414_storz_regulondb,0.2,4,4,GCCGAAAGCTTAGGAACCAC,0,23131
TSS_1414_storz_regulondb,0.2,4,4,GCCCTCTCCATGTATCCCAT,0,12652
TSS_1414_storz_regulondb,0.2,4,4,GCCCTAACTGCCTTTGGCTC,0,28552
TSS_1414_storz_regulondb,0.2,4,4,GCCCGTTTCCTTCGAATTGC,0,35749
TSS_1414_storz_regulondb,0.2,4,4,GCCCGAATTGCACGGGAAGT,0,6911
TSS_1414_storz_regulondb,0.2,4,4,GCCCCCTGGCTTTCTGTCAT,0,19418
TSS_1414_storz_regulondb,0.2,4,4,GCCCCAGTATAGAGCAGTTT,0,72456
TSS_1414_storz_regulondb,0.2,4,4,GCCCCACAACTCAGAGCTGC,0,7541
TSS_1414_storz_regulondb,0.2,4,4,GCCATGGTTCTTATTCGCAA,0,62551
TSS_1414_storz_regulondb,0.2,4,4,GCCATGGTAGCTGTGCTTCG,0,49843
TSS_1414_storz_regulondb,0.2,4,4,GCCATCATGTTACGTAAGGG,0,45258
TSS_1414_storz_regulondb,0.2,4,4,GCCATAAACCTGTTGCCATC,0,50869
TSS_1414_storz_regulondb,0.2,4,4,GCCAGGTTATGAATCGCCTT,0,52224
TSS_1414_storz_regulondb,0.2,4,4,GCCAGGCTCTTTAGAGCGGA,0,15692
TSS_1414_storz_regulondb,0.2,4,4,GCCAGCCCTGATGGGAATAC,0,54046
TSS_1414_storz_regulondb,0.2,4,4,GCCACCCAAGTTACACGAGT,0,61516
TSS_1414_storz_regulondb,0.2,4,4,GCCACAAGGGGTTACTTCGA,0,44948
TSS_1414_storz_regulondb,0.2,4,4,GCCAATGTGATATCTGGGTT,0,4786
TSS_1414_storz_regulondb,0.2,4,4,GCCAAAAGAGGGTACCAAAG,0,19300
TSS_1414_storz_regulondb,0.2,4,4,GCATTTGGTCGGCATTGTAG,0,53941
TSS_1414_storz_regulondb,0.2,4,4,GCATTCAGACACATGGACAT,0,42971
TSS_1414_storz_regulondb,0.2,4,4,GCATGTTTGCGTCCCCATTG,0,64464
TSS_1414_storz_regulondb,0.2,4,4,GCATCTCGTGGTCCATCACC,0,68496
TSS_1414_storz_regulondb,0.2,4,4,GCATCGTGATCAAGAGTCAC,0,60145
TSS_1414_storz_regulondb,0.2,4,4,GCATCGCAGCAGATCACTGA,0,5948
TSS_1414_storz_regulondb,0.2,4,4,GCAGTCTCTACTTTGATTAG,0,64631
TSS_1414_storz_regulondb,0.2,4,4,GCAGCTCCGTACCACAAAGG,0,79628
TSS_1414_storz_regulondb,0.2,4,4,GCAGCTCCCTAAGGCTATAT,0,31380
TSS_1414_storz_regulondb,0.2,4,4,GCAGCCTCCGATGAGATCTT,0,11973
TSS_1414_storz_regulondb,0.2,4,4,GCAGCCGTTAATGGTTGGTC,0,47030
TSS_1414_storz_regulondb,0.2,4,4,GCAGACTAGCCTGACATTTA,0,55076
TSS_1414_storz_regulondb,0.2,4,4,GCACTCAGGCCCTAAGTTAG,0,741
TSS_1414_storz_regulondb,0.2,4,4,GCACCTTGGTTCCCATCGCT,0,30268
TSS_1414_storz_regulondb,0.2,4,4,GCACCTACCCAATGTAGTTG,0,39470
TSS_1414_storz_regulondb,0.2,4,4,GCACATATGGTCGTGCATGT,0,65729
TSS_1414_storz_regulondb,0.2,4,4,GCACAGCTCCGGACAGTCAA,0,56361
TSS_1414_storz_regulondb,0.2,4,4,GCAATTAACGCACCGTCGTA,0,26846
TSS_1414_storz_regulondb,0.2,4,4,GCAATGCTAAGGTGTTTGGG,0,62609
TSS_1414_storz_regulondb,0.2,4,4,GCAAGATTACCCCATGGCTC,0,42027
TSS_1414_storz_regulondb,0.2,4,4,GCAAATAGAGGCCCGGATCT,0,68773
TSS_1414_storz_regulondb,0.2,4,4,GCAAAATTCTTAATTGCAAC,0,64336
TSS_1414_storz_regulondb,0.2,4,4,GATTTGGAAGTATGTTTTCT,0,70439
TSS_1414_storz_regulondb,0.2,4,4,GATTCCTTCACGGGTAAGTC,0,49348
TSS_1414_storz_regulondb,0.2,4,4,GATTAAAATGGACACCGGTG,0,47401
TSS_1414_storz_regulondb,0.2,4,4,GATGTGTGCGACTAATTATA,0,49835
TSS_1414_storz_regulondb,0.2,4,4,GATGGTTGTAACTGGATTAC,0,47465
TSS_1414_storz_regulondb,0.2,4,4,GATGGTGTTGGCTACACTCT,0,12292
TSS_1414_storz_regulondb,0.2,4,4,GATGCTACAGCCAGTTCTGG,0,31253
TSS_1414_storz_regulondb,0.2,4,4,GATGCGATTGAACAGGGAAG,0,35718
TSS_1414_storz_regulondb,0.2,4,4,GATGCCCATCTCCATTAGGT,0,16088
TSS_1414_storz_regulondb,0.2,4,4,GATGCATGCAGCAATACCCT,0,2378
TSS_1414_storz_regulondb,0.2,4,4,GATGCAATTACACAACTGAC,0,79515
TSS_1414_storz_regulondb,0.2,4,4,GATGAGCTGTCCCGTATCAC,0,5874
TSS_1414_storz_regulondb,0.2,4,4,GATGAACCACGGGCGAGACC,0,540
TSS_1414_storz_regulondb,0.2,4,4,GATCTACCAGAAATCAACAG,0,30316
TSS_1414_storz_regulondb,0.2,4,4,GATCCGGGTCTCGGGCCGTG,0,24561
TSS_1414_storz_regulondb,0.2,4,4,GATCCCGGATGAAGTCATGT,0,31365
TSS_1414_storz_regulondb,0.2,4,4,GATCCCACAACGTGAATGCC,0,1335
TSS_1414_storz_regulondb,0.2,4,4,GATCATCTTAATTTCTCCTT,0,17954
TSS_1414_storz_regulondb,0.2,4,4,GATATTAATTAAGGTTGAGA,0,6318
TSS_1414_storz_regulondb,0.2,4,4,GATATCTATGCCCGAAGGCG,0,64986
TSS_1414_storz_regulondb,0.2,4,4,GATATAAGAGCGTACAGTTG,0,7259
TSS_1414_storz_regulondb,0.2,4,4,GATAGTTAGTATTCTGCATC,0,75382
TSS_1414_storz_regulondb,0.2,4,4,GATAGAGGGCCAAAGGACAG,0,34262
TSS_1414_storz_regulondb,0.2,4,4,GATACCCGAAAGCTCAATTG,0,57286
TSS_1414_storz_regulondb,0.2,4,4,GATAATTAACACGTTCGAAG,0,35531
TSS_1414_storz_regulondb,0.2,4,4,GAGTTGGGGCTGCGAGGCAA,0,64774
TSS_1414_storz_regulondb,0.2,4,4,GAGTACGGATCTATGAGCCT,0,16541
TSS_1414_storz_regulondb,0.2,4,4,GAGTAATGATCGCGACAGCG,0,43788
TSS_1414_storz_regulondb,0.2,4,4,GAGGTCCGATTCAGGTACCA,0,38456
TSS_1414_storz_regulondb,0.2,4,4,GAGGGCTACGGGGGTGTGTC,0,79307
TSS_1414_storz_regulondb,0.2,4,4,GAGGGAGAGGACACCAGTTG,0,3391
TSS_1414_storz_regulondb,0.2,4,4,GAGGCTCTTTAGCTCTTTGA,0,36709
TSS_1414_storz_regulondb,0.2,4,4,GAGGCCACAGACGCGATGAA,0,3703
TSS_1414_storz_regulondb,0.2,4,4,GAGGCCAATAAAAGACTTAA,0,47454
TSS_1414_storz_regulondb,0.2,4,4,GAGGCCAACGCTTAGGATTC,0,2831
TSS_1414_storz_regulondb,0.2,4,4,GAGGCAGCGGCTTTCGTTCA,0,7897
TSS_1414_storz_regulondb,0.2,4,4,GAGGAGACCCTCATGGATAC,0,75610
TSS_1414_storz_regulondb,0.2,4,4,GAGCTTGACATTGTCCGTTT,0,3747
TSS_1414_storz_regulondb,0.2,4,4,GAGCGTTCCCTCGATACGCA,0,29124
TSS_1414_storz_regulondb,0.2,4,4,GAGCCGCCCATCGCGTTCAA,0,27458
TSS_1414_storz_regulondb,0.2,4,4,GAGCCCATATGGGCTATGTA,0,14957
TSS_1414_storz_regulondb,0.2,4,4,GAGCATGTAAGCCGACGCTA,0,32592
TSS_1414_storz_regulondb,0.2,4,4,GAGCATGGCTCCTAGGCAAT,0,65704
TSS_1414_storz_regulondb,0.2,4,4,GAGCAGATAGCACATGGGCA,0,67709
TSS_1414_storz_regulondb,0.2,4,4,GAGATCTAGCAGTCGAGCAT,0,79574
TSS_1414_storz_regulondb,0.2,4,4,GAGATCGGTAGGGGAAGCCA,0,55565
TSS_1414_storz_regulondb,0.2,4,4,GAGAGTAAGCCTGTGTGACG,0,7173
TSS_1414_storz_regulondb,0.2,4,4,GAGAGGACAGGTCCAATGTT,0,960
TSS_1414_storz_regulondb,0.2,4,4,GAGAGATCAACAGCGGTGAC,0,10625
TSS_1414_storz_regulondb,0.2,4,4,GAGAATGTGCGGATAGTTGT,0,7327
TSS_1414_storz_regulondb,0.2,4,4,GAGAATGGCTATAGACGACG,0,54708
TSS_1414_storz_regulondb,0.2,4,4,GAGAATGATTGGTTAGATCC,0,7399
TSS_1414_storz_regulondb,0.2,4,4,GACTGGTATCCGTGACGGCA,0,52186
TSS_1414_storz_regulondb,0.2,4,4,GACTCGGGCTTCGGGAGGGG,0,11527
TSS_1414_storz_regulondb,0.2,4,4,GACGTTTAGTTGAAGTAGTA,0,68519
TSS_1414_storz_regulondb,0.2,4,4,GACGGCGAGTTATAGCTCGG,0,29219
TSS_1414_storz_regulondb,0.2,4,4,GACGCTTGGTGCTAGAGTTA,0,60308
TSS_1414_storz_regulondb,0.2,4,4,GACGCTATATGGCCGAACCA,0,69898
TSS_1414_storz_regulondb,0.2,4,4,GACGCGTGCCTCGTTGAGCT,0,41667
TSS_1414_storz_regulondb,0.2,4,4,GACGCGCGAAGGTTACATCT,0,54681
TSS_1414_storz_regulondb,0.2,4,4,GACGCCGCGGGTCCGACCGC,0,48176
TSS_1414_storz_regulondb,0.2,4,4,GACCCAAAGCGGTAGAGCGG,0,75866
TSS_1414_storz_regulondb,0.2,4,4,GACCATTATAAATAAACACA,0,24498
TSS_1414_storz_regulondb,0.2,4,4,GACATGTTTGGCATTTGATT,0,63935
TSS_1414_storz_regulondb,0.2,4,4,GACAGGCATATTATTTAGAC,0,52009
TSS_1414_storz_regulondb,0.2,4,4,GACAGATGTGGAGTGTGACC,0,57819
TSS_1414_storz_regulondb,0.2,4,4,GACAGACGATATGAAGCAGG,0,69332
TSS_1414_storz_regulondb,0.2,4,4,GACACACATGGTCAACAGAG,0,31665
TSS_1414_storz_regulondb,0.2,4,4,GAATTTCTCGTAGTTATTTA,0,65794
TSS_1414_storz_regulondb,0.2,4,4,GAATGGTAGTCAGGTCCACA,0,81089
TSS_1414_storz_regulondb,0.2,4,4,GAATGGACTGTATTTTGATC,0,65870
TSS_1414_storz_regulondb,0.2,4,4,GAATCATGGCCCGAAACATC,0,51654
TSS_1414_storz_regulondb,0.2,4,4,GAATATTTAGACCTAAATGC,0,8054
TSS_1414_storz_regulondb,0.2,4,4,GAATAGACGGGGAGTGGTGT,0,49753
TSS_1414_storz_regulondb,0.2,4,4,GAAGGGGGTGTTATAGGCCT,0,10600
TSS_1414_storz_regulondb,0.2,4,4,GAAGGCCTTTCGAGAGCCAT,0,15344
TSS_1414_storz_regulondb,0.2,4,4,GAAGGCAGGGCGTCCGCAGC,0,34042
TSS_1414_storz_regulondb,0.2,4,4,GAAGCCGGCTTGGGTCTACT,0,33517
TSS_1414_storz_regulondb,0.2,4,4,GAAGAACTGACGACAGTCTT,0,19946
TSS_1414_storz_regulondb,0.2,4,4,GAAGAAACCTGAGCGTCGAG,0,51854
TSS_1414_storz_regulondb,0.2,4,4,GAACTTTAGAACACTGCTAA,0,34974
TSS_1414_storz_regulondb,0.2,4,4,GAACTTAGCTGAAACGCGCG,0,69813
TSS_1414_storz_regulondb,0.2,4,4,GAACGTACCAAGATATAGGC,0,41439
TSS_1414_storz_regulondb,0.2,4,4,GAACGGCCGTTGTGCGACCA,0,54972
TSS_1414_storz_regulondb,0.2,4,4,GAACGAGTGTGAACTGTTTA,0,67812
TSS_1414_storz_regulondb,0.2,4,4,GAACCGTCCCAGGGACGGCT,0,60196
TSS_1414_storz_regulondb,0.2,4,4,GAAAGAGAGAGGTATCAGCA,0,66010
TSS_1414_storz_regulondb,0.2,4,4,GAAACCGGGGTTTGAAATAG,0,24610
TSS_1414_storz_regulondb,0.2,4,4,GAAAAAGGATAGGCATCTGA,0,68134
TSS_1414_storz_regulondb,0.2,4,4,CTTTTTTCCGTTCGCAGAAC,0,79047
TSS_1414_storz_regulondb,0.2,4,4,CTTTTTAGGTTCAAACGACA,0,65067
TSS_1414_storz_regulondb,0.2,4,4,CTTTGGTTATAAAACAGGCC,0,54211
TSS_1414_storz_regulondb,0.2,4,4,CTTTGACCAAGGCTTGTCGC,0,27659
TSS_1414_storz_regulondb,0.2,4,4,CTTTCACAACGTGGCTAATT,0,73941
TSS_1414_storz_regulondb,0.2,4,4,CTTGTAGCGTCGTCTGCATT,0,75654
TSS_1414_storz_regulondb,0.2,4,4,CTTGGTCTCCATCTGCGTGT,0,63201
TSS_1414_storz_regulondb,0.2,4,4,CTTGGGTCTAAAGTGGGGGA,0,35848
TSS_1414_storz_regulondb,0.2,4,4,CTTGCGTAGTCTACAAACAC,0,51736
TSS_1414_storz_regulondb,0.2,4,4,CTTGCGACGTAATGTCCACA,0,63648
TSS_1414_storz_regulondb,0.2,4,4,CTTGCCTAGGTTGCACGTGT,0,14989
TSS_1414_storz_regulondb,0.2,4,4,CTTGCACCCACGAGAGAGCT,0,15112
TSS_1414_storz_regulondb,0.2,4,4,CTTGAGAAAGCACCGATGCT,0,46855
TSS_1414_storz_regulondb,0.2,4,4,CTTCTTTGCCTGGCGGGTCT,0,37712
TSS_1414_storz_regulondb,0.2,4,4,CTTCTATATCGAGTGCCCCA,0,25109
TSS_1414_storz_regulondb,0.2,4,4,CTTCTACCCACGGGGGCTGA,0,47265
TSS_1414_storz_regulondb,0.2,4,4,CTTCGCGGCTGACGACGTAA,0,50807
TSS_1414_storz_regulondb,0.2,4,4,CTTCGCACTCGGACAAGTGT,0,59220
TSS_1414_storz_regulondb,0.2,4,4,CTTCCAGTAATTTCAGCTTC,0,64395
TSS_1414_storz_regulondb,0.2,4,4,CTTCCAAGGCGCACGGTTTG,0,7871
TSS_1414_storz_regulondb,0.2,4,4,CTTATGTCCCGGTCGCTGAA,0,5777
TSS_1414_storz_regulondb,0.2,4,4,CTTATCTCGCTGGACAGGAG,0,73245
TSS_1414_storz_regulondb,0.2,4,4,CTTATCTAAACACTGTCTCA,0,22335
TSS_1414_storz_regulondb,0.2,4,4,CTTAGTAATCAAACTTCGGT,0,80032
TSS_1414_storz_regulondb,0.2,4,4,CTTACTGATCAGAACGGCAT,0,80544
TSS_1414_storz_regulondb,0.2,4,4,CTTACGAGGGTCAGAACTCT,0,73223
TSS_1414_storz_regulondb,0.2,4,4,CTTAATCATGCGTTGAAGCA,0,60347
TSS_1414_storz_regulondb,0.2,4,4,CTTAATAGAAAAACACCGAC,0,12459
TSS_1414_storz_regulondb,0.2,4,4,CTTAAGCGGTCCCGCAATCC,0,79721
TSS_1414_storz_regulondb,0.2,4,4,CTTAACTTACAGCTTGGGTT,0,33826
TSS_1414_storz_regulondb,0.2,4,4,CTTAAAGTCAAAGGCTCGGT,0,59436
TSS_1414_storz_regulondb,0.2,4,4,CTGTTTCATCTTTACTAAGG,0,15675
TSS_1414_storz_regulondb,0.2,4,4,CTGTCTTATACGTGTGATTT,0,42369
TSS_1414_storz_regulondb,0.2,4,4,CTGTCTCCGCAATGACCACA,0,60356
TSS_1414_storz_regulondb,0.2,4,4,CTGTCGGAGATAGTCTTATT,0,65320
TSS_1414_storz_regulondb,0.2,4,4,CTGTCCTTTCTCCGGATCTA,0,12746
TSS_1414_storz_regulondb,0.2,4,4,CTGTCAAACATAGGCTATTA,0,48228
TSS_1414_storz_regulondb,0.2,4,4,CTGTAAGCCTGGATTACACA,0,34502
TSS_1414_storz_regulondb,0.2,4,4,CTGGTGAAATACTCTTAAAT,0,1087
TSS_1414_storz_regulondb,0.2,4,4,CTGGCTCGCAATTGCAACGA,0,33990
TSS_1414_storz_regulondb,0.2,4,4,CTGGCCACCGGGCCAGTTAG,0,25566
TSS_1414_storz_regulondb,0.2,4,4,CTGGCAGATTCAGAGGATAC,0,66494
TSS_1414_storz_regulondb,0.2,4,4,CTGGACTCCTTAGGACAACT,0,57224
TSS_1414_storz_regulondb,0.2,4,4,CTGCGGTACTGAGGAGCGGC,0,10150
TSS_1414_storz_regulondb,0.2,4,4,CTGCGGTAATAAACGATAAG,0,64881
TSS_1414_storz_regulondb,0.2,4,4,CTGCGAGCCTTATTTTTCAT,0,79999
TSS_1414_storz_regulondb,0.2,4,4,CTGCCACTTTAACTTATCAT,0,15950
TSS_1414_storz_regulondb,0.2,4,4,CTGCAGACAAACTAGGTCCA,0,63315
TSS_1414_storz_regulondb,0.2,4,4,CTGCACCGTTCGCAGGGGTG,0,43990
TSS_1414_storz_regulondb,0.2,4,4,CTGCAAAGCAAGGCCTGGCT,0,24791
TSS_1414_storz_regulondb,0.2,4,4,CTGAGTCTGACCTTAGGTAT,0,33446
TSS_1414_storz_regulondb,0.2,4,4,CTGAGTCCCACAGCAACATT,0,78256
TSS_1414_storz_regulondb,0.2,4,4,CTGAGTCAAGATCCTTATAC,0,39574
TSS_1414_storz_regulondb,0.2,4,4,CTGAGCATGTGGACGGTGCT,0,47642
TSS_1414_storz_regulondb,0.2,4,4,CTGACTCTATTTCCTCACCT,0,67098
TSS_1414_storz_regulondb,0.2,4,4,CTGAAATCTATGAAGCAGTA,0,80748
TSS_1414_storz_regulondb,0.2,4,4,CTCTTTTACTCAGGAGAGTG,0,38568
TSS_1414_storz_regulondb,0.2,4,4,CTCTTGTCCCTAGGTCGAAT,0,59415
TSS_1414_storz_regulondb,0.2,4,4,CTCTGGCCTATAATGGTCAC,0,10482
TSS_1414_storz_regulondb,0.2,4,4,CTCTGACATGACATCTGAAT,0,8789
TSS_1414_storz_regulondb,0.2,4,4,CTCTCGTAGGGGTGGTATCA,0,76345
TSS_1414_storz_regulondb,0.2,4,4,CTCTATTCAGGGGCCGTAAG,0,15895
TSS_1414_storz_regulondb,0.2,4,4,CTCTATATAGGTCGGTCTCT,0,30800
TSS_1414_storz_regulondb,0.2,4,4,CTCTATAATTAAAGGTACGA,0,28595
TSS_1414_storz_regulondb,0.2,4,4,CTCGTGTTCCGCATCTCACA,0,19209
TSS_1414_storz_regulondb,0.2,4,4,CTCGTCCGCATAGAACATTG,0,32514
TSS_1414_storz_regulondb,0.2,4,4,CTCGGTAGAAAACTTTAGGC,0,55822
TSS_1414_storz_regulondb,0.2,4,4,CTCGGTAAGGGAATGAATTT,0,44731
TSS_1414_storz_regulondb,0.2,4,4,CTCGCCTTGATCTGTACCTA,0,55691
TSS_1414_storz_regulondb,0.2,4,4,CTCGCCTTCGTACCAAAGGA,0,4198
TSS_1414_storz_regulondb,0.2,4,4,CTCGATGAAGCCTGATGATT,0,21536
TSS_1414_storz_regulondb,0.2,4,4,CTCGACAGTCTGAAACCTGC,0,39775
TSS_1414_storz_regulondb,0.2,4,4,CTCCTGTCCCGGATAAAACG,0,34959
TSS_1414_storz_regulondb,0.2,4,4,CTCCTGGCTCCTGGCTCATC,0,61782
TSS_1414_storz_regulondb,0.2,4,4,CTCCTGCGCTGTCGGCTCGA,0,69096
TSS_1414_storz_regulondb,0.2,4,4,CTCCTAAATGGTTGTCACGT,0,81120
TSS_1414_storz_regulondb,0.2,4,4,CTCCGGCGATAGTTCCCGGT,0,59420
TSS_1414_storz_regulondb,0.2,4,4,CTCCCATGTGACCGAGATAG,0,5487
TSS_1414_storz_regulondb,0.2,4,4,CTCCACTTCCGTATGACCTC,0,58243
TSS_1414_storz_regulondb,0.2,4,4,CTCCACAGTAGCTTTCGTCC,0,60589
TSS_1414_storz_regulondb,0.2,4,4,CTCCAATTGGACCGGGGGTA,0,78647
TSS_1414_storz_regulondb,0.2,4,4,CTCATGGAGCACAATGCCGA,0,1886
TSS_1414_storz_regulondb,0.2,4,4,CTCATAGTACAAGCCACTTC,0,40957
TSS_1414_storz_regulondb,0.2,4,4,CTCAGCTTCAGCTGCAAAAT,0,25321
TSS_1414_storz_regulondb,0.2,4,4,CTCAAGCGATGGTTCTTCGG,0,44646
TSS_1414_storz_regulondb,0.2,4,4,CTATTTTTGACCCAGTACTC,0,73618
TSS_1414_storz_regulondb,0.2,4,4,CTATTTGCTTCGTGTTTCCA,0,12100
TSS_1414_storz_regulondb,0.2,4,4,CTATTTATGGCGGTCCGCCG,0,68480
TSS_1414_storz_regulondb,0.2,4,4,CTATTGTTTTAAAAGGGACG,0,57960
TSS_1414_storz_regulondb,0.2,4,4,CTATGGTTAGAGACTTCAGT,0,78490
TSS_1414_storz_regulondb,0.2,4,4,CTATGGTCTTCGAAGAGATT,0,3759
TSS_1414_storz_regulondb,0.2,4,4,CTATGGGCCGGGTAGTAGAT,0,79626
TSS_1414_storz_regulondb,0.2,4,4,CTATGGCGAATGGAGATCGC,0,19082
TSS_1414_storz_regulondb,0.2,4,4,CTATGGAACGGGCGAAGCCT,0,1630
TSS_1414_storz_regulondb,0.2,4,4,CTATGCGAGGTCAGTCGGCA,0,4275
TSS_1414_storz_regulondb,0.2,4,4,CTATGAAAATTACGTCGGTA,0,22447
TSS_1414_storz_regulondb,0.2,4,4,CTATCTTTTCAGTCAATCCT,0,46038
TSS_1414_storz_regulondb,0.2,4,4,CTATCTGGGCTACACACGGC,0,47836
TSS_1414_storz_regulondb,0.2,4,4,CTATCTGACAGAACGTATTC,0,40511
TSS_1414_storz_regulondb,0.2,4,4,CTATATGGGGACTGGATAGC,0,27602
TSS_1414_storz_regulondb,0.2,4,4,CTATATCCATCTTCATCTCA,0,35715
TSS_1414_storz_regulondb,0.2,4,4,CTATATAACATGTGAAAAGG,0,13471
TSS_1414_storz_regulondb,0.2,4,4,CTAGTTTGATACGGCCAGAC,0,62539
TSS_1414_storz_regulondb,0.2,4,4,CTAGTGCGTACGGTCTGTGT,0,39123
TSS_1414_storz_regulondb,0.2,4,4,CTAGTGCCGTCGAACAGGGC,0,45754
TSS_1414_storz_regulondb,0.2,4,4,CTAGTACGACTCAGCAGATA,0,67780
TSS_1414_storz_regulondb,0.2,4,4,CTAGGTCTAATCTCCTGCAG,0,51272
TSS_1414_storz_regulondb,0.2,4,4,CTAGGGGGAATAGTAATTGT,0,64735
TSS_1414_storz_regulondb,0.2,4,4,CTAGCGTGTAAGGTCATAAG,0,29768
TSS_1414_storz_regulondb,0.2,4,4,CTAGCCGATGTACATATCCG,0,76718
TSS_1414_storz_regulondb,0.2,4,4,CTAGAAAGTCTGTGCAATTC,0,62353
TSS_1414_storz_regulondb,0.2,4,4,CTACTGGAGACTCCTACGCT,0,36498
TSS_1414_storz_regulondb,0.2,4,4,CTACTCATATCCTGGCGATT,0,13653
TSS_1414_storz_regulondb,0.2,4,4,CTACGTGTGTTTACGCAAGG,0,22522
TSS_1414_storz_regulondb,0.2,4,4,CTACGGTGCATGACAAACAT,0,73328
TSS_1414_storz_regulondb,0.2,4,4,CTACGGGCAGGAGGCGAGTA,0,54423
TSS_1414_storz_regulondb,0.2,4,4,CTACGACAGAGCCTCTACTG,0,34356
TSS_1414_storz_regulondb,0.2,4,4,CTACCTTCTACTATGTTATG,0,75929
TSS_1414_storz_regulondb,0.2,4,4,CTACCTAATTCGTTGATGGT,0,22219
TSS_1414_storz_regulondb,0.2,4,4,CTACATGGCTCAACTGGAAG,0,18652
TSS_1414_storz_regulondb,0.2,4,4,CTACATCGGGACTAGCTGGC,0,20805
TSS_1414_storz_regulondb,0.2,4,4,CTAATAAAGTGATAGATAGG,0,59147
TSS_1414_storz_regulondb,0.2,4,4,CTAACGCCTTTCGGCGCCGC,0,3835
TSS_1414_storz_regulondb,0.2,4,4,CTAAAGAGGCGACGGAAGGA,0,67614
TSS_1414_storz_regulondb,0.2,4,4,CGTTTTAATCCCGGCAGGCA,0,16211
TSS_1414_storz_regulondb,0.2,4,4,CGTTTCATTTGGGCATTTCG,0,6340
TSS_1414_storz_regulondb,0.2,4,4,CGTTGTTGTCCAGAACAGTC,0,1762
TSS_1414_storz_regulondb,0.2,4,4,CGTTGGTAGGTAAGTCTGGA,0,22532
TSS_1414_storz_regulondb,0.2,4,4,CGTTGCTCCGCTACGTCCTC,0,3886
TSS_1414_storz_regulondb,0.2,4,4,CGTTCTGCGCCCGAAGACGG,0,24578
TSS_1414_storz_regulondb,0.2,4,4,CGTGTATTCGACAAGCGAGG,0,15896
TSS_1414_storz_regulondb,0.2,4,4,CGTGTATACAAGGGGACGGC,0,72845
TSS_1414_storz_regulondb,0.2,4,4,CGTGGAGTCGCAATACCGCG,0,59267
TSS_1414_storz_regulondb,0.2,4,4,CGTCTTTTAATTGTGCGAAA,0,78140
TSS_1414_storz_regulondb,0.2,4,4,CGTCTCTTACTGTATGAAGC,0,19192
TSS_1414_storz_regulondb,0.2,4,4,CGTCTCGCTCCGGAGGGCAA,0,39432
TSS_1414_storz_regulondb,0.2,4,4,CGTCGTAGCGTCCTCTATTT,0,61085
TSS_1414_storz_regulondb,0.2,4,4,CGTCGGGCATCACTGTCTCG,0,17403
TSS_1414_storz_regulondb,0.2,4,4,CGTCGGCATCTGGTAGTTGT,0,61881
TSS_1414_storz_regulondb,0.2,4,4,CGTCGCGGGTTGTGTTAAAC,0,18752
TSS_1414_storz_regulondb,0.2,4,4,CGTATGTCAACTCGGCGATT,0,52064
TSS_1414_storz_regulondb,0.2,4,4,CGTATCGTACCGTTCCCCGT,0,26415
TSS_1414_storz_regulondb,0.2,4,4,CGTATACGTAAAGCGCGGAT,0,5819
TSS_1414_storz_regulondb,0.2,4,4,CGTATACGACAGGCTGTCGG,0,72400
TSS_1414_storz_regulondb,0.2,4,4,CGTAGTTAGATTTGCTAACC,0,52021
TSS_1414_storz_regulondb,0.2,4,4,CGTAGTCTGTCAATGCTACA,0,16577
TSS_1414_storz_regulondb,0.2,4,4,CGTAGGGCAATTCAGGGTAA,0,8378
TSS_1414_storz_regulondb,0.2,4,4,CGTACAAATCACCTAAAGCC,0,18200
TSS_1414_storz_regulondb,0.2,4,4,CGTAATAAAACGTTAATAGA,0,33618
TSS_1414_storz_regulondb,0.2,4,4,CGTAAAGGAAGAATCTTAAT,0,39142
TSS_1414_storz_regulondb,0.2,4,4,CGTAAAGCGAAAGGCTCTGG,0,15934
TSS_1414_storz_regulondb,0.2,4,4,CGGTTGTTTCTCAAATAACA,0,54469
TSS_1414_storz_regulondb,0.2,4,4,CGGTTCCCTCACTCTCAGGG,0,3959
TSS_1414_storz_regulondb,0.2,4,4,CGGTGCCTTATCAGCAACAT,0,2768
TSS_1414_storz_regulondb,0.2,4,4,CGGTCTGCATTGAGCGAGCC,0,69463
TSS_1414_storz_regulondb,0.2,4,4,CGGTCCATGGAGGAAACTCT,0,49232
TSS_1414_storz_regulondb,0.2,4,4,CGGTCAAGTAAAGGTCAAGA,0,33421
TSS_1414_storz_regulondb,0.2,4,4,CGGTACGGGGGAATTGCTTG,0,1603
TSS_1414_storz_regulondb,0.2,4,4,CGGTAATCAGTCGTTCCTGG,0,10325
TSS_1414_storz_regulondb,0.2,4,4,CGGTAAAGCGTATATCATAG,0,19344
TSS_1414_storz_regulondb,0.2,4,4,CGGGTTGCCCCGCATGCCAT,0,27932
TSS_1414_storz_regulondb,0.2,4,4,CGGGTCGTCAGAAGAAGAAC,0,47683
TSS_1414_storz_regulondb,0.2,4,4,CGGGTCCTCGCTATTCACGT,0,79622
TSS_1414_storz_regulondb,0.2,4,4,CGGGGTACCGCGTGGTGCTG,0,42554
TSS_1414_storz_regulondb,0.2,4,4,CGGGACGCATCGGATGGGAC,0,8779
TSS_1414_storz_regulondb,0.2,4,4,CGGGAACAGAACGTAATAGG,0,68242
TSS_1414_storz_regulondb,0.2,4,4,CGGCTACCCTGCTCCCCTAC,0,40624
TSS_1414_storz_regulondb,0.2,4,4,CGGCTAACTTCATATAGCAG,0,9960
TSS_1414_storz_regulondb,0.2,4,4,CGGCATTAACTCACGGTGCG,0,52890
TSS_1414_storz_regulondb,0.2,4,4,CGGCAGGGGGCAACGATGAC,0,2631
TSS_1414_storz_regulondb,0.2,4,4,CGGCAGAAGCATTCAGTGAT,0,77275
TSS_1414_storz_regulondb,0.2,4,4,CGGATCTTACTGAAGACACC,0,43503
TSS_1414_storz_regulondb,0.2,4,4,CGGATCATACATTCTTACCT,0,53356
TSS_1414_storz_regulondb,0.2,4,4,CGGAGGCCGCAAGGCGTGAT,0,1678
TSS_1414_storz_regulondb,0.2,4,4,CGGAGCTTCCGAGGGAAGAC,0,45514
TSS_1414_storz_regulondb,0.2,4,4,CGGAGAGTTCAGGGGGTCTG,0,45279
TSS_1414_storz_regulondb,0.2,4,4,CGGACCGGACGTAGCAGTCT,0,55441
TSS_1414_storz_regulondb,0.2,4,4,CGGAAGCCGCACCCAGGAGT,0,7057
TSS_1414_storz_regulondb,0.2,4,4,CGGAACCCCCACTCGTCTAC,0,18480
TSS_1414_storz_regulondb,0.2,4,4,CGGAAAAGCTCTTCGCCTAA,0,61704
TSS_1414_storz_regulondb,0.2,4,4,CGCTTTCGTGAGATCAGGGT,0,60209
TSS_1414_storz_regulondb,0.2,4,4,CGCTGGCCGCCCCCGGCCAA,0,36310
TSS_1414_storz_regulondb,0.2,4,4,CGCTGACGCCGACTGCGCTA,0,71119
TSS_1414_storz_regulondb,0.2,4,4,CGCTAAACAAGTTGTTACTA,0,58493
TSS_1414_storz_regulondb,0.2,4,4,CGCGTTGACGCTCAAGCCTA,0,29673
TSS_1414_storz_regulondb,0.2,4,4,CGCGCGTACCGCGAGTATAA,0,37994
TSS_1414_storz_regulondb,0.2,4,4,CGCGCCACGCTCGTCCTGCA,0,69053
TSS_1414_storz_regulondb,0.2,4,4,CGCGAACAGTTAGTTCCCTG,0,67953
TSS_1414_storz_regulondb,0.2,4,4,CGCCTTAGGGTGAAGTCCAT,0,80460
TSS_1414_storz_regulondb,0.2,4,4,CGCCTCTCATGAATCAACTG,0,74177
TSS_1414_storz_regulondb,0.2,4,4,CGCCTCATCTCTGACATTTC,0,73619
TSS_1414_storz_regulondb,0.2,4,4,CGCCGGGGGATTGAAAGATC,0,52497
TSS_1414_storz_regulondb,0.2,4,4,CGCCGCTGGCACACTCTCAC,0,75713
TSS_1414_storz_regulondb,0.2,4,4,CGCCGCTAAGCGAGTATCCA,0,71192
TSS_1414_storz_regulondb,0.2,4,4,CGCCGCGCCAATCGGGATTC,0,7825
TSS_1414_storz_regulondb,0.2,4,4,CGCCGATTCCTCCGAGTCCC,0,18978
TSS_1414_storz_regulondb,0.2,4,4,CGCCCCACTAGATCGCGGCA,0,50477
TSS_1414_storz_regulondb,0.2,4,4,CGCCCACCGTACCGGGGCCC,0,65391
TSS_1414_storz_regulondb,0.2,4,4,CGCCAGAAAAACGACCCTCT,0,923
TSS_1414_storz_regulondb,0.2,4,4,CGCATCGCTGCTCGACCCCC,0,67488
TSS_1414_storz_regulondb,0.2,4,4,CGCAGGCGTAGCCTTGGTTG,0,69505
TSS_1414_storz_regulondb,0.2,4,4,CGCAGCGTGATTGGGAATTA,0,36298
TSS_1414_storz_regulondb,0.2,4,4,CGCAGAGGGAGGCCACAGAG,0,51249
TSS_1414_storz_regulondb,0.2,4,4,CGCACGCGTTTCGACATCCA,0,4372
TSS_1414_storz_regulondb,0.2,4,4,CGATTTGATGAGGCAACTAA,0,74580
TSS_1414_storz_regulondb,0.2,4,4,CGATTTGAAAACTTCCCAGA,0,44801
TSS_1414_storz_regulondb,0.2,4,4,CGATTGTATGTGAGAGGATA,0,80929
TSS_1414_storz_regulondb,0.2,4,4,CGATTGCGTACGGTTCCGTA,0,20719
TSS_1414_storz_regulondb,0.2,4,4,CGATTCTTGGGGGTTTCTCT,0,47804
TSS_1414_storz_regulondb,0.2,4,4,CGATTCTCGCGAAGAGGTCC,0,5645
TSS_1414_storz_regulondb,0.2,4,4,CGATTCGCTCATACCTATAA,0,626
TSS_1414_storz_regulondb,0.2,4,4,CGATAGTACGATAAATGCCC,0,53196
TSS_1414_storz_regulondb,0.2,4,4,CGAGTTTAAAGTAAGTTAAA,0,19886
TSS_1414_storz_regulondb,0.2,4,4,CGAGTCCCCAGGAAAGGACC,0,74445
TSS_1414_storz_regulondb,0.2,4,4,CGAGTAGGATGAAGAGGGTT,0,80386
TSS_1414_storz_regulondb,0.2,4,4,CGAGGTGTGTGTTTATCTCC,0,29617
TSS_1414_storz_regulondb,0.2,4,4,CGAGGCTGAAACGAGCAACA,0,21712
TSS_1414_storz_regulondb,0.2,4,4,CGAGCCGTATTCGAACCTCA,0,1352
TSS_1414_storz_regulondb,0.2,4,4,CGAGCCATCAAACCAACCAG,0,20548
TSS_1414_storz_regulondb,0.2,4,4,CGAGAAGTTAAGCGCGGCAA,0,29613
TSS_1414_storz_regulondb,0.2,4,4,CGACTCCGCGCCGCCACGGA,0,16389
TSS_1414_storz_regulondb,0.2,4,4,CGACTATCCTTACAGGGTGC,0,35231
TSS_1414_storz_regulondb,0.2,4,4,CGACGTTACTGTACAGCACG,0,63452
TSS_1414_storz_regulondb,0.2,4,4,CGACGGGGGCATTTGTACTA,0,75874
TSS_1414_storz_regulondb,0.2,4,4,CGACGGCACTGGAGATACCC,0,14456
TSS_1414_storz_regulondb,0.2,4,4,CGACCGATCGTCACGTACGT,0,14220
TSS_1414_storz_regulondb,0.2,4,4,CGACCCCGCTTTCCCTAGAT,0,5246
TSS_1414_storz_regulondb,0.2,4,4,CGACATAATATGCCACACTC,0,50517
TSS_1414_storz_regulondb,0.2,4,4,CGAATTATATTCCCTGACGG,0,74870
TSS_1414_storz_regulondb,0.2,4,4,CGAAGTCACGCCGGGCGTTA,0,75622
TSS_1414_storz_regulondb,0.2,4,4,CGAAATAGACATATAAGATT,0,20186
TSS_1414_storz_regulondb,0.2,4,4,CGAAAGTCTGAAAAATCGAG,0,11653
TSS_1414_storz_regulondb,0.2,4,4,CGAAACGACTGGTAGTTTCC,0,22554
TSS_1414_storz_regulondb,0.2,4,4,CCTTTTCCGGTCATTCGGGT,0,47987
TSS_1414_storz_regulondb,0.2,4,4,CCTTTCGTCGGCCTGGTTCA,0,13043
TSS_1414_storz_regulondb,0.2,4,4,CCTTTCCATTCCGACGCTAC,0,81033
TSS_1414_storz_regulondb,0.2,4,4,CCTTGTATTTAGCTACCGGC,0,72167
TSS_1414_storz_regulondb,0.2,4,4,CCTTGGAATGATGCGATGGA,0,32868
TSS_1414_storz_regulondb,0.2,4,4,CCTTCGGAAGCGAGTTTCTA,0,19186
TSS_1414_storz_regulondb,0.2,4,4,CCTTAAACGCGGAGCTCCTG,0,67722
TSS_1414_storz_regulondb,0.2,4,4,CCTGGTGGGTTATAGCTCAT,0,20152
TSS_1414_storz_regulondb,0.2,4,4,CCTGGTACAGTCTAGACCTG,0,16085
TSS_1414_storz_regulondb,0.2,4,4,CCTGGGACATGCGGGGTAAA,0,17371
TSS_1414_storz_regulondb,0.2,4,4,CCTGGCAGTTACTTCGGATG,0,62666
TSS_1414_storz_regulondb,0.2,4,4,CCTGGAGATCATTGCGCGAA,0,62903
TSS_1414_storz_regulondb,0.2,4,4,CCTGATTGGAATACTGGCGG,0,49355
TSS_1414_storz_regulondb,0.2,4,4,CCTGAAAAATATCCGCAGTA,0,28658
TSS_1414_storz_regulondb,0.2,4,4,CCTCGTGTGCGGTCCACGGC,0,27730
TSS_1414_storz_regulondb,0.2,4,4,CCTCGGCATGATAGGCGTCG,0,28881
TSS_1414_storz_regulondb,0.2,4,4,CCTCCCAACCCAGACAATAG,0,31641
TSS_1414_storz_regulondb,0.2,4,4,CCTCATGGGATGTGTAAATG,0,142
TSS_1414_storz_regulondb,0.2,4,4,CCTATCACAACACAGTGGGC,0,15337
TSS_1414_storz_regulondb,0.2,4,4,CCTAGTGGGTCTCCCAGAGT,0,29894
TSS_1414_storz_regulondb,0.2,4,4,CCTAGCTCGTGCCCTCCCTG,0,51503
TSS_1414_storz_regulondb,0.2,4,4,CCTACTTAACCTCAATAGCT,0,23091
TSS_1414_storz_regulondb,0.2,4,4,CCTACTAAACTAGCTCTGGT,0,25901
TSS_1414_storz_regulondb,0.2,4,4,CCTACAGCTAACGTTTAGTC,0,77950
TSS_1414_storz_regulondb,0.2,4,4,CCTAAACTACAGAAGAAGGG,0,36357
TSS_1414_storz_regulondb,0.2,4,4,CCTAAACCGGGGGCGAGGGA,0,19216
TSS_1414_storz_regulondb,0.2,4,4,CCGTTAGGCACGTAGAGAAA,0,15282
TSS_1414_storz_regulondb,0.2,4,4,CCGTGGGGTAGGGGTTTGTC,0,7279
TSS_1414_storz_regulondb,0.2,4,4,CCGTGGACAGCGGGGTGTCT,0,30858
TSS_1414_storz_regulondb,0.2,4,4,CCGTATGCGTTCACGATATG,0,64252
TSS_1414_storz_regulondb,0.2,4,4,CCGTATATGCCGGTGAGTTA,0,4851
TSS_1414_storz_regulondb,0.2,4,4,CCGTAGGCAGCGCTACACTA,0,35838
TSS_1414_storz_regulondb,0.2,4,4,CCGTAAAAATTCTGGGCGGT,0,60131
TSS_1414_storz_regulondb,0.2,4,4,CCGGTTCCAGCTCGGCCAGG,0,43015
TSS_1414_storz_regulondb,0.2,4,4,CCGGTCGTAATCGATGATGT,0,80583
TSS_1414_storz_regulondb,0.2,4,4,CCGGGTACGCCAGTGAACCA,0,62044
TSS_1414_storz_regulondb,0.2,4,4,CCGGGGGAACTTGCCCCTTG,0,2600
TSS_1414_storz_regulondb,0.2,4,4,CCGGCGGCTATAATTGAAAA,0,3423
TSS_1414_storz_regulondb,0.2,4,4,CCGGCCCGCAGTCTACCACT,0,35965
TSS_1414_storz_regulondb,0.2,4,4,CCGGACGAGAACTGGCCCTG,0,13334
TSS_1414_storz_regulondb,0.2,4,4,CCGGACAGCTAATGTCTATT,0,75322
TSS_1414_storz_regulondb,0.2,4,4,CCGCTTCTCTCGTCCCGGGG,0,64382
TSS_1414_storz_regulondb,0.2,4,4,CCGCTCATTGAGGCACTGTT,0,71452
TSS_1414_storz_regulondb,0.2,4,4,CCGCTACATCAAAGATGACC,0,38476
TSS_1414_storz_regulondb,0.2,4,4,CCGCGTGTAGTGACGTTGTG,0,72823
TSS_1414_storz_regulondb,0.2,4,4,CCGCGTCTAGTCAGTTCGCA,0,80550
TSS_1414_storz_regulondb,0.2,4,4,CCGCGGAGGTGTCCAATCTT,0,38546
TSS_1414_storz_regulondb,0.2,4,4,CCGCCATTTCTCCTTCCGGT,0,60490
TSS_1414_storz_regulondb,0.2,4,4,CCGCACGCCCGTTCCGCATA,0,71764
TSS_1414_storz_regulondb,0.2,4,4,CCGATGATGCTTGTACGTAG,0,42414
TSS_1414_storz_regulondb,0.2,4,4,CCGAGGTTCAGGCCCGAACT,0,21678
TSS_1414_storz_regulondb,0.2,4,4,CCGACTCAGGTGAAGATTCG,0,4734
TSS_1414_storz_regulondb,0.2,4,4,CCGACGGCACAGACTTGATA,0,14070
TSS_1414_storz_regulondb,0.2,4,4,CCGACGCCGTCCGGGGATAG,0,38918
TSS_1414_storz_regulondb,0.2,4,4,CCGACGAGTTAGAAAACGGA,0,34241
TSS_1414_storz_regulondb,0.2,4,4,CCGACGAATTGTTCTCGTTA,0,25384
TSS_1414_storz_regulondb,0.2,4,4,CCGACCCGGCGTCGATAATC,0,54894
TSS_1414_storz_regulondb,0.2,4,4,CCGACCACTTCGAAAGACAT,0,57970
TSS_1414_storz_regulondb,0.2,4,4,CCGACAGTTGCCCCAGTATC,0,73591
TSS_1414_storz_regulondb,0.2,4,4,CCGACACAGCACGCACGGTA,0,68303
TSS_1414_storz_regulondb,0.2,4,4,CCGAAGGGGGCAAATACGCA,0,13616
TSS_1414_storz_regulondb,0.2,4,4,CCGAAAGCATAACGTCCTGG,0,54660
TSS_1414_storz_regulondb,0.2,4,4,CCCTTATAATCTAGGAGTCT,0,25103
TSS_1414_storz_regulondb,0.2,4,4,CCCTGTTATTCAGCTTCTAT,0,68511
TSS_1414_storz_regulondb,0.2,4,4,CCCTGAGTCCAAAGCGCGGT,0,9241
TSS_1414_storz_regulondb,0.2,4,4,CCCTCACTACGTGGGGTCCA,0,54981
TSS_1414_storz_regulondb,0.2,4,4,CCCTACAATCTCTAGGAGTA,0,48398
TSS_1414_storz_regulondb,0.2,4,4,CCCGTTGAAACGAGCAGCAC,0,38843
TSS_1414_storz_regulondb,0.2,4,4,CCCGTGTACCATCGAGGAAC,0,46623
TSS_1414_storz_regulondb,0.2,4,4,CCCGGTGTAATAACCTGGAA,0,5395
TSS_1414_storz_regulondb,0.2,4,4,CCCGGTCTATAATAGGTCTC,0,54915
TSS_1414_storz_regulondb,0.2,4,4,CCCGGTCGCAGGCAAGTGAT,0,36425
TSS_1414_storz_regulondb,0.2,4,4,CCCGGGGCGCGGGCCTTCCT,0,16252
TSS_1414_storz_regulondb,0.2,4,4,CCCGGCCAGGTAGTTAATTT,0,1972
TSS_1414_storz_regulondb,0.2,4,4,CCCGCTTGCATGACCCCTAA,0,9151
TSS_1414_storz_regulondb,0.2,4,4,CCCGCGATTAAGTCAGACGC,0,64823
TSS_1414_storz_regulondb,0.2,4,4,CCCGACAGCCGGCCTCAGCT,0,39732
TSS_1414_storz_regulondb,0.2,4,4,CCCGACAAAGGATGTAGTAA,0,42740
TSS_1414_storz_regulondb,0.2,4,4,CCCGAATGATGATGACATGT,0,14244
TSS_1414_storz_regulondb,0.2,4,4,CCCCGTTAGGGGCCGTGAAA,0,56270
TSS_1414_storz_regulondb,0.2,4,4,CCCCGTCCTGGAAGTACCTT,0,10074
TSS_1414_storz_regulondb,0.2,4,4,CCCCGAGCGTAGACCCTCTC,0,9222
TSS_1414_storz_regulondb,0.2,4,4,CCCCCCAGTCGCAGGGCCTA,0,50270
TSS_1414_storz_regulondb,0.2,4,4,CCCCACGCTGGACTGCATCC,0,24987
TSS_1414_storz_regulondb,0.2,4,4,CCCCAATATTATGAAATTAT,0,40302
TSS_1414_storz_regulondb,0.2,4,4,CCCATCGTGCAGCAACCGGT,0,23641
TSS_1414_storz_regulondb,0.2,4,4,CCCATATGCGCTGCTCAGTG,0,5208
TSS_1414_storz_regulondb,0.2,4,4,CCCAGATTCGTGCAGTGGCA,0,75741
TSS_1414_storz_regulondb,0.2,4,4,CCCACCCAGATGAGCTCGGC,0,62400
TSS_1414_storz_regulondb,0.2,4,4,CCCACCATTAAGACTGGCGT,0,57445
TSS_1414_storz_regulondb,0.2,4,4,CCCAATTCGCACGCGTGCAT,0,52650
TSS_1414_storz_regulondb,0.2,4,4,CCATGTGTAGTATACCATTG,0,22340
TSS_1414_storz_regulondb,0.2,4,4,CCATGCGGTCGCAGAGGTAC,0,4460
TSS_1414_storz_regulondb,0.2,4,4,CCATCGAGGGTTCAAGCGAC,0,26626
TSS_1414_storz_regulondb,0.2,4,4,CCATCCGACAGTAGCTTTAT,0,74893
TSS_1414_storz_regulondb,0.2,4,4,CCATCACGGCCTTGTAGGGC,0,62843
TSS_1414_storz_regulondb,0.2,4,4,CCATAGTCGTGATGCTAGAG,0,12398
TSS_1414_storz_regulondb,0.2,4,4,CCATACCTACTTAACCGGAG,0,16209
TSS_1414_storz_regulondb,0.2,4,4,CCAGTCTTATGGGATGGTAC,0,26037
TSS_1414_storz_regulondb,0.2,4,4,CCAGTCAACGCCTATCTCTT,0,55468
TSS_1414_storz_regulondb,0.2,4,4,CCAGTAACGTTGCAGTACCC,0,78901
TSS_1414_storz_regulondb,0.2,4,4,CCAGGTTGGTAGATGAGGGT,0,45736
TSS_1414_storz_regulondb,0.2,4,4,CCAGGTCTCTAGTGCTGTGA,0,40995
TSS_1414_storz_regulondb,0.2,4,4,CCAGGATATAGATACGCTTA,0,11500
TSS_1414_storz_regulondb,0.2,4,4,CCAGCGCGTATACCAAAATG,0,72172
TSS_1414_storz_regulondb,0.2,4,4,CCAGACTGTAAGTTGGTAAA,0,13663
TSS_1414_storz_regulondb,0.2,4,4,CCAGAAGCCACTATTCGCGA,0,70468
TSS_1414_storz_regulondb,0.2,4,4,CCACTGCGGATTATAGACCA,0,36830
TSS_1414_storz_regulondb,0.2,4,4,CCACGTCACGGAAGTGGTCC,0,63464
TSS_1414_storz_regulondb,0.2,4,4,CCACGAGAACTACAGAAACC,0,38702
TSS_1414_storz_regulondb,0.2,4,4,CCACCGCGGGGATTAATGGT,0,35653
TSS_1414_storz_regulondb,0.2,4,4,CCACCCACAAGCTAGCGAAC,0,5836
TSS_1414_storz_regulondb,0.2,4,4,CCACAGTTTTAACGTCCAAG,0,64306
TSS_1414_storz_regulondb,0.2,4,4,CCACAGGATATGCACAAAAT,0,8551
TSS_1414_storz_regulondb,0.2,4,4,CCACAAGTTCGGGGGCAATT,0,59104
TSS_1414_storz_regulondb,0.2,4,4,CCACAAATGACCCGGCACAG,0,45058
TSS_1414_storz_regulondb,0.2,4,4,CCAATCTCTAGGCTTTCTTC,0,19399
TSS_1414_storz_regulondb,0.2,4,4,CCAAGTAAGTTACTAGAGCC,0,63936
TSS_1414_storz_regulondb,0.2,4,4,CCAAGGGTATCAACAAGCAA,0,26055
TSS_1414_storz_regulondb,0.2,4,4,CCAAGAGCGGAGAACTCCGA,0,62835
TSS_1414_storz_regulondb,0.2,4,4,CCAACTCGTATTGGGTAACT,0,42631
TSS_1414_storz_regulondb,0.2,4,4,CCAACCTCCTGTCCGCGGCG,0,57171
TSS_1414_storz_regulondb,0.2,4,4,CATTTTATGCATTCCTGCGA,0,1898
TSS_1414_storz_regulondb,0.2,4,4,CATTTGTATATGCGTCGATC,0,56358
TSS_1414_storz_regulondb,0.2,4,4,CATTTATGCTTACGTAAGAC,0,74357
TSS_1414_storz_regulondb,0.2,4,4,CATTGCTTGGTGTAGTATTG,0,77789
TSS_1414_storz_regulondb,0.2,4,4,CATTGCCTCGATCTACCACT,0,72574
TSS_1414_storz_regulondb,0.2,4,4,CATTCGCGAGTCAACTTAAA,0,12525
TSS_1414_storz_regulondb,0.2,4,4,CATTCATTAATCACTCCAAG,0,19924
TSS_1414_storz_regulondb,0.2,4,4,CATGTTTTTTTCTGTACGGT,0,33677
TSS_1414_storz_regulondb,0.2,4,4,CATGTTCAGTTGGGGAGTTC,0,61140
TSS_1414_storz_regulondb,0.2,4,4,CATGTTAGGGGGAGGAACCA,0,761
TSS_1414_storz_regulondb,0.2,4,4,CATGGGTTAGGTCTCGGTCT,0,39030
TSS_1414_storz_regulondb,0.2,4,4,CATGGCGGACATAAAGGGGA,0,40342
TSS_1414_storz_regulondb,0.2,4,4,CATGCTCCTCTATGGAAAAG,0,66157
TSS_1414_storz_regulondb,0.2,4,4,CATGCAGCTCATCATCTCAC,0,65463
TSS_1414_storz_regulondb,0.2,4,4,CATGAGATGACCACGAGCGG,0,11061
TSS_1414_storz_regulondb,0.2,4,4,CATCTGGTCGGCATAGATAA,0,42962
TSS_1414_storz_regulondb,0.2,4,4,CATCTAGCCCACATCTTACA,0,4653
TSS_1414_storz_regulondb,0.2,4,4,CATCGCTTTCGTTAATGTTC,0,77192
TSS_1414_storz_regulondb,0.2,4,4,CATCCGCAGCCCTGGAGGCA,0,56732
TSS_1414_storz_regulondb,0.2,4,4,CATCAGCTACAGAATGACTG,0,1983
TSS_1414_storz_regulondb,0.2,4,4,CATATGGGACGGGCTGAGCC,0,69958
TSS_1414_storz_regulondb,0.2,4,4,CATAGTGTCCCACGGATAAA,0,34627
TSS_1414_storz_regulondb,0.2,4,4,CATAGGCTTGAACGAACAGT,0,53278
TSS_1414_storz_regulondb,0.2,4,4,CATAGAGGGATCCTGCTAAA,0,41211
TSS_1414_storz_regulondb,0.2,4,4,CATACCTCGGCCAGCCTTTA,0,12626
TSS_1414_storz_regulondb,0.2,4,4,CATAATTACGGGTCTGCTTT,0,11161
TSS_1414_storz_regulondb,0.2,4,4,CAGTTTTGACCCTATCCGTC,0,7490
TSS_1414_storz_regulondb,0.2,4,4,CAGTTCCGAAGACAAACTTG,0,54062
TSS_1414_storz_regulondb,0.2,4,4,CAGTTAGCTGGGGTCATCTC,0,19761
TSS_1414_storz_regulondb,0.2,4,4,CAGTGTCATGGGAGGTGGAT,0,43848
TSS_1414_storz_regulondb,0.2,4,4,CAGTGGTGGGGGCGTTTCTC,0,15797
TSS_1414_storz_regulondb,0.2,4,4,CAGTCACGTCAGTCCGCCCC,0,31361
TSS_1414_storz_regulondb,0.2,4,4,CAGTATGCATTCCCTTGGAA,0,40142
TSS_1414_storz_regulondb,0.2,4,4,CAGTATCGGTCCTGACTAAG,0,59952
TSS_1414_storz_regulondb,0.2,4,4,CAGTAGTCCTTTGTTTGGCA,0,26505
TSS_1414_storz_regulondb,0.2,4,4,CAGTAGCCACTCGCCGCGAC,0,70529
TSS_1414_storz_regulondb,0.2,4,4,CAGTACGTGTCTACCGGGGT,0,78352
TSS_1414_storz_regulondb,0.2,4,4,CAGTACACATCGTAACATTA,0,48321
TSS_1414_storz_regulondb,0.2,4,4,CAGGTTAGTCGGGGATCAAA,0,62794
TSS_1414_storz_regulondb,0.2,4,4,CAGGTGGCGCGGCCATCCCC,0,61041
TSS_1414_storz_regulondb,0.2,4,4,CAGGTATGGCAATACGCCAT,0,3720
TSS_1414_storz_regulondb,0.2,4,4,CAGGTAGGCGCATTGTGAAA,0,50676
TSS_1414_storz_regulondb,0.2,4,4,CAGGTAATCAGTGGGCTAGT,0,59679
TSS_1414_storz_regulondb,0.2,4,4,CAGGGTTGTAGATGGCGGGG,0,56936
TSS_1414_storz_regulondb,0.2,4,4,CAGGGTGGATCATACGGTCC,0,63233
TSS_1414_storz_regulondb,0.2,4,4,CAGGGCGGGGATTGGGCGCA,0,38194
TSS_1414_storz_regulondb,0.2,4,4,CAGGGACTTCGGTTGGTACA,0,50976
TSS_1414_storz_regulondb,0.2,4,4,CAGGCGGGGGTTCGAAGTCA,0,63541
TSS_1414_storz_regulondb,0.2,4,4,CAGGCATTTCACCTCTTGGC,0,71705
TSS_1414_storz_regulondb,0.2,4,4,CAGGATCGAAGGCATAAATT,0,48552
TSS_1414_storz_regulondb,0.2,4,4,CAGCTTGTAATTCATGAGGC,0,3810
TSS_1414_storz_regulondb,0.2,4,4,CAGCGTTCTCCTGAGACTGG,0,59091
TSS_1414_storz_regulondb,0.2,4,4,CAGCGCGGTTAGCCATCCGT,0,8972
TSS_1414_storz_regulondb,0.2,4,4,CAGCGATTAGAAGCAATTGT,0,39592
TSS_1414_storz_regulondb,0.2,4,4,CAGCCATTCGGACACATTCT,0,5485
TSS_1414_storz_regulondb,0.2,4,4,CAGCAGTGAGTAACACTCGT,0,81028
TSS_1414_storz_regulondb,0.2,4,4,CAGCACGGCCCGACTGCCTG,0,30393
TSS_1414_storz_regulondb,0.2,4,4,CAGAGTCGTGAGTGCGAGCC,0,76700
TSS_1414_storz_regulondb,0.2,4,4,CAGAGCGGTCCCTATTAGTG,0,30625
TSS_1414_storz_regulondb,0.2,4,4,CAGAGCCGTCTCACACGGCA,0,72051
TSS_1414_storz_regulondb,0.2,4,4,CAGAATCAAACTGCCTGTTT,0,67464
TSS_1414_storz_regulondb,0.2,4,4,CACTTATGTTGACGTCACAA,0,70097
TSS_1414_storz_regulondb,0.2,4,4,CACTCCATATGGCATTTGAC,0,23199
TSS_1414_storz_regulondb,0.2,4,4,CACTCAGTCGAGCGGGTGTT,0,66489
TSS_1414_storz_regulondb,0.2,4,4,CACGTTGATCCGTAAGTTGT,0,21794
TSS_1414_storz_regulondb,0.2,4,4,CACGTGCAACTGTGGTCCCG,0,10938
TSS_1414_storz_regulondb,0.2,4,4,CACGTCTTAAAAAGCATTCA,0,44034
TSS_1414_storz_regulondb,0.2,4,4,CACGGGAGAAACACTGCACC,0,4287
TSS_1414_storz_regulondb,0.2,4,4,CACGCGCTCGACAATTCCGG,0,25447
TSS_1414_storz_regulondb,0.2,4,4,CACGCCCATTAATGTTGGCT,0,37310
TSS_1414_storz_regulondb,0.2,4,4,CACGACGCATGGCCTCTGGA,0,76912
TSS_1414_storz_regulondb,0.2,4,4,CACCTCAGAATTGCGACTTG,0,18762
TSS_1414_storz_regulondb,0.2,4,4,CACCCTGCAGAGGTGTGAGC,0,61528
TSS_1414_storz_regulondb,0.2,4,4,CACCCCGCGCATTCTACGTT,0,55374
TSS_1414_storz_regulondb,0.2,4,4,CACCCAAATTAGTTACACCA,0,62131
TSS_1414_storz_regulondb,0.2,4,4,CACCATGGCAGATTTGCTTA,0,38773
TSS_1414_storz_regulondb,0.2,4,4,CACCAAATCGAGGATGAACC,0,77833
TSS_1414_storz_regulondb,0.2,4,4,CACATTAAAATTTAATTCCA,0,78919
TSS_1414_storz_regulondb,0.2,4,4,CACATGCCGTGCCTTCGTTA,0,75564
TSS_1414_storz_regulondb,0.2,4,4,CACATAGGCCTGTATACTGA,0,14590
TSS_1414_storz_regulondb,0.2,4,4,CACACGTTAGGTTCACCGCC,0,75334
TSS_1414_storz_regulondb,0.2,4,4,CACAACGGCGCGAACAACTC,0,33459
TSS_1414_storz_regulondb,0.2,4,4,CAATTGAGCCCTTAGCCCAA,0,43134
TSS_1414_storz_regulondb,0.2,4,4,CAATATGTGAGTGGATGCGG,0,72508
TSS_1414_storz_regulondb,0.2,4,4,CAAGTGTCACCTCTGATGGC,0,69180
TSS_1414_storz_regulondb,0.2,4,4,CAAGTGCCGCGGGCGAAGCA,0,64365
TSS_1414_storz_regulondb,0.2,4,4,CAAGTCATTCGCCTCTCGAA,0,4396
TSS_1414_storz_regulondb,0.2,4,4,CAAGGTGTTTTCCTAATGTG,0,3406
TSS_1414_storz_regulondb,0.2,4,4,CAAGGTACGTCGTGAACAAA,0,34069
TSS_1414_storz_regulondb,0.2,4,4,CAAGCTGTAGTACGTACGCA,0,61338
TSS_1414_storz_regulondb,0.2,4,4,CAAGCGTACTGGTTCGGCGT,0,17830
TSS_1414_storz_regulondb,0.2,4,4,CAAGCGGGTAAGCCCCCCAA,0,8013
TSS_1414_storz_regulondb,0.2,4,4,CAAGCGCGAATCAGGTAAAG,0,43232
TSS_1414_storz_regulondb,0.2,4,4,CAAGCAACGTCATGGGAAAG,0,16441
TSS_1414_storz_regulondb,0.2,4,4,CAAGATGAATTCCGATAAAC,0,7177
TSS_1414_storz_regulondb,0.2,4,4,CAACTTAGACCATTTAAGGT,0,3140
TSS_1414_storz_regulondb,0.2,4,4,CAACTGGTTGGTTGTAAATC,0,34674
TSS_1414_storz_regulondb,0.2,4,4,CAACTCGGACATCGAGAGGT,0,37428
TSS_1414_storz_regulondb,0.2,4,4,CAACGATAGACATTGGTACG,0,25621
TSS_1414_storz_regulondb,0.2,4,4,CAACGAGAACCTGAGGCGTT,0,27162
TSS_1414_storz_regulondb,0.2,4,4,CAACCGTTGCAGGTAAATGT,0,29415
TSS_1414_storz_regulondb,0.2,4,4,CAACCGGGCTGAAGTGGTCA,0,61202
TSS_1414_storz_regulondb,0.2,4,4,CAACATTTCTGCTATCGAGT,0,56977
TSS_1414_storz_regulondb,0.2,4,4,CAACACTCAGGCGGGGAGTT,0,75170
TSS_1414_storz_regulondb,0.2,4,4,CAAAGCAAACATTATCAATG,0,18805
TSS_1414_storz_regulondb,0.2,4,4,CAAAGAGTCGATTAATATCG,0,43026
TSS_1414_storz_regulondb,0.2,4,4,CAAACCGATATAGGCCCAAG,0,55269
TSS_1414_storz_regulondb,0.2,4,4,CAAAACGGCAACTTCGGACA,0,16282
TSS_1414_storz_regulondb,0.2,4,4,CAAAAATTCACTCGGTCATC,0,78776
TSS_1414_storz_regulondb,0.2,4,4,CAAAAAAATCTTGGCCACAC,0,1780
TSS_1414_storz_regulondb,0.2,4,4,ATTTTTCCGGGTTTTAACAA,0,26443
TSS_1414_storz_regulondb,0.2,4,4,ATTTTAGGCGGCCTAATATG,0,18007
TSS_1414_storz_regulondb,0.2,4,4,ATTTGCCCACACCGTAGTTA,0,62117
TSS_1414_storz_regulondb,0.2,4,4,ATTTGAGAGGCCCTCCAATA,0,75511
TSS_1414_storz_regulondb,0.2,4,4,ATTTCGTCGCTTGTCGGCAA,0,67543
TSS_1414_storz_regulondb,0.2,4,4,ATTTCGGAGGTATGCACTGC,0,52486
TSS_1414_storz_regulondb,0.2,4,4,ATTGTTCGGACTAGCGACCA,0,3161
TSS_1414_storz_regulondb,0.2,4,4,ATTGTGTCCGCCGAGATCGG,0,19336
TSS_1414_storz_regulondb,0.2,4,4,ATTGTCTATCTGGCGATCCA,0,7840
TSS_1414_storz_regulondb,0.2,4,4,ATTGTATCTCTCACTCATTG,0,23636
TSS_1414_storz_regulondb,0.2,4,4,ATTGTAGGTTCATGTTCTAG,0,42056
TSS_1414_storz_regulondb,0.2,4,4,ATTGGGGCGGGACTGGCGCC,0,73254
TSS_1414_storz_regulondb,0.2,4,4,ATTGGCTCCAACTCGAATCA,0,57340
TSS_1414_storz_regulondb,0.2,4,4,ATTGGCATTCGGTTTTTACG,0,8467
TSS_1414_storz_regulondb,0.2,4,4,ATTGCCAGGGGCAAGCCCAC,0,56702
TSS_1414_storz_regulondb,0.2,4,4,ATTGCAGACGAGTTTTCAGT,0,53439
TSS_1414_storz_regulondb,0.2,4,4,ATTGATTAGGAAGTCAGGGG,0,35205
TSS_1414_storz_regulondb,0.2,4,4,ATTGACAGGTGGGGGGAAGT,0,11226
TSS_1414_storz_regulondb,0.2,4,4,ATTCTTGTGTTTTGTTCAAC,0,47945
TSS_1414_storz_regulondb,0.2,4,4,ATTCTCGATCGCTTGCTACT,0,41847
TSS_1414_storz_regulondb,0.2,4,4,ATTCTACCTACTTGGATTAA,0,50327
TSS_1414_storz_regulondb,0.2,4,4,ATTCGCTGTATAGTCCTTCA,0,10320
TSS_1414_storz_regulondb,0.2,4,4,ATTCGCTAGTTTTGTAAGTC,0,51746
TSS_1414_storz_regulondb,0.2,4,4,ATTCGATTTCCTTGGTGATT,0,34950
TSS_1414_storz_regulondb,0.2,4,4,ATTCGAGTTTTCGAGACCTT,0,55870
TSS_1414_storz_regulondb,0.2,4,4,ATTCAAGTTTAGTCAGATAT,0,10905
TSS_1414_storz_regulondb,0.2,4,4,ATTCAACGGTATTATCACCA,0,26861
TSS_1414_storz_regulondb,0.2,4,4,ATTATTTTTTGAGCGGAGTC,0,52620
TSS_1414_storz_regulondb,0.2,4,4,ATTATGGCTCTCCATCCATC,0,32235
TSS_1414_storz_regulondb,0.2,4,4,ATTATGCAGACTCTGTAGTA,0,31788
TSS_1414_storz_regulondb,0.2,4,4,ATTATAGTCAGAAGCGCCTT,0,31533
TSS_1414_storz_regulondb,0.2,4,4,ATTAGTAAAATCAGCGTTAA,0,80432
TSS_1414_storz_regulondb,0.2,4,4,ATTAGCTAGGCGTAGTATAT,0,17694
TSS_1414_storz_regulondb,0.2,4,4,ATTACCGTGGGGATCAAATG,0,25031
TSS_1414_storz_regulondb,0.2,4,4,ATTACCAGAATATCACAGGT,0,7379
TSS_1414_storz_regulondb,0.2,4,4,ATTAACCTATGATATGCCTT,0,17265
TSS_1414_storz_regulondb,0.2,4,4,ATGTTTGCTACTTTTTAAAC,0,48970
TSS_1414_storz_regulondb,0.2,4,4,ATGTGTTTGGCTGCAAATGA,0,38162
TSS_1414_storz_regulondb,0.2,4,4,ATGTGTGTCATCCCATCGTC,0,43206
TSS_1414_storz_regulondb,0.2,4,4,ATGTGCTTATGCCTGACGCA,0,52918
TSS_1414_storz_regulondb,0.2,4,4,ATGTGCGGGGGCGTTACTGG,0,17408
TSS_1414_storz_regulondb,0.2,4,4,ATGTGCAGGGCTGGGTTTCT,0,48790
TSS_1414_storz_regulondb,0.2,4,4,ATGTCTTATGTGCTCACGGC,0,66668
TSS_1414_storz_regulondb,0.2,4,4,ATGTCCAACCCACGGGTTGA,0,55809
TSS_1414_storz_regulondb,0.2,4,4,ATGGTTGGGGTCCCGTTAAA,0,4686
TSS_1414_storz_regulondb,0.2,4,4,ATGGTTGCGTTTGGTATTTG,0,11670
TSS_1414_storz_regulondb,0.2,4,4,ATGGTCCATTCCTATACATG,0,62391
TSS_1414_storz_regulondb,0.2,4,4,ATGGGGTTATTCCATAGCGT,0,21646
TSS_1414_storz_regulondb,0.2,4,4,ATGGCTTATTTTGGGCGTAA,0,25489
TSS_1414_storz_regulondb,0.2,4,4,ATGGCAAGATATTACGTGAT,0,76238
TSS_1414_storz_regulondb,0.2,4,4,ATGGCAACAGTACCCGTGGA,0,56771
TSS_1414_storz_regulondb,0.2,4,4,ATGGATCCGACGTTTACGAC,0,8537
TSS_1414_storz_regulondb,0.2,4,4,ATGGAATCTCCGTTAGTTAC,0,11594
TSS_1414_storz_regulondb,0.2,4,4,ATGGAAAGTTGGATAAATGT,0,55881
TSS_1414_storz_regulondb,0.2,4,4,ATGCTTCCCAACAACGGAAA,0,53152
TSS_1414_storz_regulondb,0.2,4,4,ATGCTCAGAGTCACCGGATT,0,53346
TSS_1414_storz_regulondb,0.2,4,4,ATGCGCTGCCGGCCTTACAG,0,22419
TSS_1414_storz_regulondb,0.2,4,4,ATGCCTTAAATGTCGAGGTG,0,75945
TSS_1414_storz_regulondb,0.2,4,4,ATGCCATTAAAAACAAAGGA,0,30697
TSS_1414_storz_regulondb,0.2,4,4,ATGCAGAGACTCAGGTAGAC,0,17540
TSS_1414_storz_regulondb,0.2,4,4,ATGAGTACAGACATCAACCA,0,70329
TSS_1414_storz_regulondb,0.2,4,4,ATGAGCCCAAACGACATGAT,0,11400
TSS_1414_storz_regulondb,0.2,4,4,ATGAGAGATGGACCCTAGAC,0,61931
TSS_1414_storz_regulondb,0.2,4,4,ATGACGGGGAGGTAGGTGGT,0,29934
TSS_1414_storz_regulondb,0.2,4,4,ATGACCCTCCCGTGTGCGTT,0,48436
TSS_1414_storz_regulondb,0.2,4,4,ATGAATCGGTAATCTGTTGC,0,34922
TSS_1414_storz_regulondb,0.2,4,4,ATCTTGTGGACGCTCATAAG,0,28395
TSS_1414_storz_regulondb,0.2,4,4,ATCTTGGAGCACGGGGGCGG,0,24359
TSS_1414_storz_regulondb,0.2,4,4,ATCTTGAGTCAGGTATGATA,0,49891
TSS_1414_storz_regulondb,0.2,4,4,ATCTTCTTTGCTTATAGGTA,0,11328
TSS_1414_storz_regulondb,0.2,4,4,ATCTGAGGACACAATACAAG,0,80142
TSS_1414_storz_regulondb,0.2,4,4,ATCTCTTCACTATAGGCCGC,0,8004
TSS_1414_storz_regulondb,0.2,4,4,ATCTCAAGTCCTGGCTCCAT,0,37753
TSS_1414_storz_regulondb,0.2,4,4,ATCTATCGAAAGGCGCGTGT,0,69257
TSS_1414_storz_regulondb,0.2,4,4,ATCTAGAGTATATTGGTTTT,0,56393
TSS_1414_storz_regulondb,0.2,4,4,ATCGTTAATAAACTAAGAGG,0,57625
TSS_1414_storz_regulondb,0.2,4,4,ATCGTCCCCACAGTCTTGGG,0,48014
TSS_1414_storz_regulondb,0.2,4,4,ATCGCGTTGCGCTCCCGCTG,0,3196
TSS_1414_storz_regulondb,0.2,4,4,ATCGCGGGTCGGCCCGGGGC,0,59276
TSS_1414_storz_regulondb,0.2,4,4,ATCGCGAACGACTATGGCTT,0,18463
TSS_1414_storz_regulondb,0.2,4,4,ATCGCCCGGATAATATACCC,0,138
TSS_1414_storz_regulondb,0.2,4,4,ATCGCACATTCGACTCATGC,0,1892
TSS_1414_storz_regulondb,0.2,4,4,ATCCTTTGACGCCTCTGACA,0,46540
TSS_1414_storz_regulondb,0.2,4,4,ATCCTGTGGATCCTTGCGAT,0,66119
TSS_1414_storz_regulondb,0.2,4,4,ATCCGGGATGTCCTGCGAAG,0,31797
TSS_1414_storz_regulondb,0.2,4,4,ATCCGGCCTTATGCCGGGCT,0,29846
TSS_1414_storz_regulondb,0.2,4,4,ATCCGGACGTCTACCCTTCG,0,37201
TSS_1414_storz_regulondb,0.2,4,4,ATCCGCGGACCGTTAATATC,0,63753
TSS_1414_storz_regulondb,0.2,4,4,ATCCGCGCCCCGAGCAGAAA,0,59129
TSS_1414_storz_regulondb,0.2,4,4,ATCCATCGTAAGATAAGCTT,0,27536
TSS_1414_storz_regulondb,0.2,4,4,ATCCATCCCAATGGGCAATG,0,34447
TSS_1414_storz_regulondb,0.2,4,4,ATCCATAGCTTAATAGTGTC,0,59424
TSS_1414_storz_regulondb,0.2,4,4,ATCCACCCCTCCCGTCATCC,0,29123
TSS_1414_storz_regulondb,0.2,4,4,ATCACTATCGGAGGTTGGAC,0,53340
TSS_1414_storz_regulondb,0.2,4,4,ATCAAGGTTACACCGCCACA,0,34110
TSS_1414_storz_regulondb,0.2,4,4,ATATTGGTGTCAGTTGGAAT,0,43638
TSS_1414_storz_regulondb,0.2,4,4,ATATTGGGTTGAGTTGATCA,0,24785
TSS_1414_storz_regulondb,0.2,4,4,ATATTAGTTCTGACCTGACT,0,59211
TSS_1414_storz_regulondb,0.2,4,4,ATATGTTGTACGACTTACGG,0,78358
TSS_1414_storz_regulondb,0.2,4,4,ATATGGACAGTTGGCGGCTC,0,39026
TSS_1414_storz_regulondb,0.2,4,4,ATATGCGGCTGACATTTTTT,0,37228
TSS_1414_storz_regulondb,0.2,4,4,ATATCCTACCTCGGGCTTTA,0,2323
TSS_1414_storz_regulondb,0.2,4,4,ATATATGAGGATGCCTGCAG,0,58249
TSS_1414_storz_regulondb,0.2,4,4,ATATAGGGAACGGGCTGCAG,0,49718
TSS_1414_storz_regulondb,0.2,4,4,ATATACGTATGTATAAGGAT,0,33995
TSS_1414_storz_regulondb,0.2,4,4,ATAGTTGCCTCCGACTACGT,0,64830
TSS_1414_storz_regulondb,0.2,4,4,ATAGTCTTGGAGAAAAGGTT,0,36194
TSS_1414_storz_regulondb,0.2,4,4,ATAGTCAGGGGCCACCAGAA,0,34839
TSS_1414_storz_regulondb,0.2,4,4,ATAGTATTGTGCTAATTAAC,0,20100
TSS_1414_storz_regulondb,0.2,4,4,ATAGTATATTTGCCCTGGTT,0,39745
TSS_1414_storz_regulondb,0.2,4,4,ATAGTACATCTTGCTAAGTC,0,35892
TSS_1414_storz_regulondb,0.2,4,4,ATAGGGGATAGAGTAGTGGA,0,35991
TSS_1414_storz_regulondb,0.2,4,4,ATAGGACACTGTAGGCTGGA,0,66920
TSS_1414_storz_regulondb,0.2,4,4,ATAGGACAAACGCGTCTAGA,0,23630
TSS_1414_storz_regulondb,0.2,4,4,ATAGCGTAGAAAGCACAAGC,0,11555
TSS_1414_storz_regulondb,0.2,4,4,ATAGCCTTAAGAGCGTAGTT,0,77978
TSS_1414_storz_regulondb,0.2,4,4,ATAGCCCGCTCCATTGGGAC,0,66505
TSS_1414_storz_regulondb,0.2,4,4,ATAGCCAGCATGGTCTACAG,0,23135
TSS_1414_storz_regulondb,0.2,4,4,ATAGCACACTCATTCAAGAA,0,22088
TSS_1414_storz_regulondb,0.2,4,4,ATAGCACACAGAGATTGAAA,0,29438
TSS_1414_storz_regulondb,0.2,4,4,ATACTTTCTACAAAATGCAT,0,40345
TSS_1414_storz_regulondb,0.2,4,4,ATACGGCTATTGGGAAACGA,0,2451
TSS_1414_storz_regulondb,0.2,4,4,ATACGCCCCAGTAAAGCAAT,0,28328
TSS_1414_storz_regulondb,0.2,4,4,ATACGCAGGTTCTGGCTTGC,0,47994
TSS_1414_storz_regulondb,0.2,4,4,ATACAGCTTGAATTACGAGG,0,43263
TSS_1414_storz_regulondb,0.2,4,4,ATAACTCGAGTTAGCACTTC,0,55619
TSS_1414_storz_regulondb,0.2,4,4,ATAACCGCACAGAGCCGAAC,0,47861
TSS_1414_storz_regulondb,0.2,4,4,ATAAATCACCGGCGGTTCGA,0,55528
TSS_1414_storz_regulondb,0.2,4,4,ATAAAGCCTATGCCGGGCCT,0,14189
TSS_1414_storz_regulondb,0.2,4,4,AGTTTCCCCGACGGGCCTGT,0,30133
TSS_1414_storz_regulondb,0.2,4,4,AGTTTATATAGGGTACTGGA,0,46331
TSS_1414_storz_regulondb,0.2,4,4,AGTTGTATGGCCGAGCCCTC,0,2079
TSS_1414_storz_regulondb,0.2,4,4,AGTTGGGAAGTTACCACTGG,0,29008
TSS_1414_storz_regulondb,0.2,4,4,AGTTCGGTTCGCGGTAGGTA,0,27753
TSS_1414_storz_regulondb,0.2,4,4,AGTTCATCGCCTACGGGCTG,0,2957
TSS_1414_storz_regulondb,0.2,4,4,AGTTAGAGTAGCAGAGTACT,0,36500
TSS_1414_storz_regulondb,0.2,4,4,AGTGTTGTGAATGAATTTGC,0,39675
TSS_1414_storz_regulondb,0.2,4,4,AGTGTTCTTTTCAACCGTTA,0,56758
TSS_1414_storz_regulondb,0.2,4,4,AGTGTGTGCTTTGAGCATTG,0,40005
TSS_1414_storz_regulondb,0.2,4,4,AGTGGTAGGGTTATGGTCTT,0,14853
TSS_1414_storz_regulondb,0.2,4,4,AGTGGGGAGCCATAAATAAC,0,64067
TSS_1414_storz_regulondb,0.2,4,4,AGTGGCGGTGAGCCATTTTA,0,31529
TSS_1414_storz_regulondb,0.2,4,4,AGTGCAATGATGGCATATCA,0,29389
TSS_1414_storz_regulondb,0.2,4,4,AGTGATGTCAGAATAGCGGT,0,362
TSS_1414_storz_regulondb,0.2,4,4,AGTGAGGGTATCGATTTTGA,0,37442
TSS_1414_storz_regulondb,0.2,4,4,AGTGAGACGCATTCGCGCGC,0,8297
TSS_1414_storz_regulondb,0.2,4,4,AGTCTCTCACAGCATCACCT,0,31446
TSS_1414_storz_regulondb,0.2,4,4,AGTCGTGTTTTTCGCGTTGC,0,32861
TSS_1414_storz_regulondb,0.2,4,4,AGTCGGTGACGCGACTGGCG,0,45972
TSS_1414_storz_regulondb,0.2,4,4,AGTCGCAGAACTAGGTGCTT,0,46003
TSS_1414_storz_regulondb,0.2,4,4,AGTCGAAGCCGGCATGGCGA,0,19925
TSS_1414_storz_regulondb,0.2,4,4,AGTCCTGAATCCCGGGGGGA,0,19326
TSS_1414_storz_regulondb,0.2,4,4,AGTCCGAACGTTCGTAGCTT,0,80650
TSS_1414_storz_regulondb,0.2,4,4,AGTCCCAGGGTCCAAATTGG,0,32086
TSS_1414_storz_regulondb,0.2,4,4,AGTCAGAGTATGCATATCAT,0,36196
TSS_1414_storz_regulondb,0.2,4,4,AGTATGATAACCGGACACAT,0,39859
TSS_1414_storz_regulondb,0.2,4,4,AGTAGCCTTAAAATGCGTGT,0,62857
TSS_1414_storz_regulondb,0.2,4,4,AGTACCTGTGGGCATCCTTC,0,74087
TSS_1414_storz_regulondb,0.2,4,4,AGTAAGAATTCGTTCTACTG,0,53721
TSS_1414_storz_regulondb,0.2,4,4,AGGTTAGAAGACTCTGCATA,0,53449
TSS_1414_storz_regulondb,0.2,4,4,AGGTGAATGGCTCATATCTT,0,11455
TSS_1414_storz_regulondb,0.2,4,4,AGGTCTCCGGCCGCAGCGCG,0,8763
TSS_1414_storz_regulondb,0.2,4,4,AGGTCTATGGAATGCGCTTT,0,2315
TSS_1414_storz_regulondb,0.2,4,4,AGGTCGGCTTAGTAGGTAGT,0,50800
TSS_1414_storz_regulondb,0.2,4,4,AGGTATGAACTTGCCGGGTA,0,17912
TSS_1414_storz_regulondb,0.2,4,4,AGGTAGTCGGCAACCTTGTA,0,13749
TSS_1414_storz_regulondb,0.2,4,4,AGGGTTAAGAAATCTGATTA,0,32239
TSS_1414_storz_regulondb,0.2,4,4,AGGGTGGAACAGTACAGATA,0,60737
TSS_1414_storz_regulondb,0.2,4,4,AGGGTAGGTAAAGTCTTACG,0,25920
TSS_1414_storz_regulondb,0.2,4,4,AGGGGCATCAGAGGGGTCAG,0,47660
TSS_1414_storz_regulondb,0.2,4,4,AGGGGAAATCAGGGCAGAAG,0,47532
TSS_1414_storz_regulondb,0.2,4,4,AGGGCGTTGGCCGGGGTTAT,0,23196
TSS_1414_storz_regulondb,0.2,4,4,AGGGCCAAGGTTGCAAGCAT,0,18921
TSS_1414_storz_regulondb,0.2,4,4,AGGGATTTTACCAAGCAGCG,0,7993
TSS_1414_storz_regulondb,0.2,4,4,AGGCGTGACTAAGGGTTACG,0,79106
TSS_1414_storz_regulondb,0.2,4,4,AGGCGTCTTTCACTGGTTAC,0,20048
TSS_1414_storz_regulondb,0.2,4,4,AGGCGATCGTTTTTTATCTC,0,19478
TSS_1414_storz_regulondb,0.2,4,4,AGGCAAATATGCGGGTAGAG,0,47305
TSS_1414_storz_regulondb,0.2,4,4,AGGATGTGGTGGAGTGGACA,0,78874
TSS_1414_storz_regulondb,0.2,4,4,AGGATGGAGGATTACCAGTG,0,67991
TSS_1414_storz_regulondb,0.2,4,4,AGGATGCAGTTTCACCCGGG,0,56815
TSS_1414_storz_regulondb,0.2,4,4,AGGATAGTTCGCCCGTAGTG,0,55308
TSS_1414_storz_regulondb,0.2,4,4,AGGACTATTAGGACAATTAG,0,8145
TSS_1414_storz_regulondb,0.2,4,4,AGGAAACGTAACGTATACCA,0,79671
TSS_1414_storz_regulondb,0.2,4,4,AGCTTATATGGGGTCCAAAT,0,27803
TSS_1414_storz_regulondb,0.2,4,4,AGCTTAGGGCCAACACGGTA,0,44715
TSS_1414_storz_regulondb,0.2,4,4,AGCTGGTCTCAGCCAAAGGG,0,13215
TSS_1414_storz_regulondb,0.2,4,4,AGCTGGGCCCAGGATAATTG,0,44069
TSS_1414_storz_regulondb,0.2,4,4,AGCTGCGTTGGATGGTTAGG,0,33746
TSS_1414_storz_regulondb,0.2,4,4,AGCTCACCAAACTCTGTATT,0,26788
TSS_1414_storz_regulondb,0.2,4,4,AGCTAGCAGGGGCAGGCTTC,0,80050
TSS_1414_storz_regulondb,0.2,4,4,AGCGGTGTGTGGCAGTTGCT,0,548
TSS_1414_storz_regulondb,0.2,4,4,AGCGCTCTAAGTACGTCAAT,0,73914
TSS_1414_storz_regulondb,0.2,4,4,AGCGCGAGCAATGCCCACGG,0,13977
TSS_1414_storz_regulondb,0.2,4,4,AGCCTCCCTCGTCACGTTCT,0,10259
TSS_1414_storz_regulondb,0.2,4,4,AGCCGTTGTCTAGATGGCAG,0,74589
TSS_1414_storz_regulondb,0.2,4,4,AGCCGATCGGCTAAAACTTA,0,34681
TSS_1414_storz_regulondb,0.2,4,4,AGCCGAATATTCACCGTTAT,0,78314
TSS_1414_storz_regulondb,0.2,4,4,AGCCCGTGCTTACCTGCGCA,0,52804
TSS_1414_storz_regulondb,0.2,4,4,AGCCCGCCAGAAGTCATATA,0,61703
TSS_1414_storz_regulondb,0.2,4,4,AGCCCATCGGGGCAGCGAGA,0,12748
TSS_1414_storz_regulondb,0.2,4,4,AGCCACCTCTGGCTCGGAAG,0,66699
TSS_1414_storz_regulondb,0.2,4,4,AGCCAAAAAATAGCACGCGA,0,32933
TSS_1414_storz_regulondb,0.2,4,4,AGCATCATTAGTACAAACGA,0,79334
TSS_1414_storz_regulondb,0.2,4,4,AGCATAGCTACAGGTGCTGA,0,21288
TSS_1414_storz_regulondb,0.2,4,4,AGCAGAGATGACCTGATTCG,0,66259
TSS_1414_storz_regulondb,0.2,4,4,AGCACAGGTAATGCCGTGAC,0,80098
TSS_1414_storz_regulondb,0.2,4,4,AGCAAGGAGATCCGATAATC,0,11304
TSS_1414_storz_regulondb,0.2,4,4,AGCAAATGCCTGATTTTCAC,0,44660
TSS_1414_storz_regulondb,0.2,4,4,AGCAAACGGAGCATAAAGCT,0,17405
TSS_1414_storz_regulondb,0.2,4,4,AGATTTCGCCTAAAGGTCAG,0,47580
TSS_1414_storz_regulondb,0.2,4,4,AGATTCGGGATCACAAAGTA,0,63322
TSS_1414_storz_regulondb,0.2,4,4,AGATGATGCGAATCATACGA,0,40529
TSS_1414_storz_regulondb,0.2,4,4,AGATGAAGATGTAACGAATA,0,22081
TSS_1414_storz_regulondb,0.2,4,4,AGATCTGTAAGTTAAGAAAC,0,41544
TSS_1414_storz_regulondb,0.2,4,4,AGATCTCACAGCATAGAGTT,0,58621
TSS_1414_storz_regulondb,0.2,4,4,AGATATTAACTGCTTAACTC,0,37534
TSS_1414_storz_regulondb,0.2,4,4,AGATATCGAGAATGAAGCAT,0,61819
TSS_1414_storz_regulondb,0.2,4,4,AGAGTGGCCCGTATATTAAA,0,73401
TSS_1414_storz_regulondb,0.2,4,4,AGAGTCGAAGGTTAGAGCGT,0,54099
TSS_1414_storz_regulondb,0.2,4,4,AGAGTCCAGCCCGAACTCCT,0,53114
TSS_1414_storz_regulondb,0.2,4,4,AGAGGCGATAAGGAATGTTT,0,22350
TSS_1414_storz_regulondb,0.2,4,4,AGAGCGGATACTATACATAT,0,25781
TSS_1414_storz_regulondb,0.2,4,4,AGAGCAGCTCTTTGCTTCGG,0,75228
TSS_1414_storz_regulondb,0.2,4,4,AGAGAGTATCAATTGGGTAA,0,1010
TSS_1414_storz_regulondb,0.2,4,4,AGAGAGAAATGTATAAAGGC,0,44082
TSS_1414_storz_regulondb,0.2,4,4,AGAGAATCATGGTATGGATA,0,68620
TSS_1414_storz_regulondb,0.2,4,4,AGAGAAGGATGAGCACATTC,0,35099
TSS_1414_storz_regulondb,0.2,4,4,AGACTACGGTCAAGCACTCA,0,58603
TSS_1414_storz_regulondb,0.2,4,4,AGACGGGTATTCAACCTCCC,0,66479
TSS_1414_storz_regulondb,0.2,4,4,AGACGCGGGGACGTGCAGAA,0,36344
TSS_1414_storz_regulondb,0.2,4,4,AGACCTGCTGCAGGGGAAAG,0,5615
TSS_1414_storz_regulondb,0.2,4,4,AGACCTCTCGTTTAGGGCGC,0,61
TSS_1414_storz_regulondb,0.2,4,4,AGACCAAGATGATGCCAAAT,0,70524
TSS_1414_storz_regulondb,0.2,4,4,AGACCAACGTACCCGAAATC,0,64948
TSS_1414_storz_regulondb,0.2,4,4,AGAAGAATCGTATGTTGGGT,0,58957
TSS_1414_storz_regulondb,0.2,4,4,AGAACTTCACCACCGATGGA,0,55033
TSS_1414_storz_regulondb,0.2,4,4,AGAACTCACCTAGTTCGGCT,0,43864
TSS_1414_storz_regulondb,0.2,4,4,AGAACGGCGAGGCATCTAGT,0,38196
TSS_1414_storz_regulondb,0.2,4,4,AGAAATTATGAATATTCTGC,0,9275
TSS_1414_storz_regulondb,0.2,4,4,AGAAATGGACCCGCATATCC,0,63490
TSS_1414_storz_regulondb,0.2,4,4,AGAAATGAATACGTATAATG,0,46552
TSS_1414_storz_regulondb,0.2,4,4,AGAAAAAGTAAAAGCGGACT,0,39018
TSS_1414_storz_regulondb,0.2,4,4,ACTTTTCTCCTGCAGAGGTA,0,20602
TSS_1414_storz_regulondb,0.2,4,4,ACTTTTCGGTGACCACACAT,0,27153
TSS_1414_storz_regulondb,0.2,4,4,ACTTTGCCTACGTCTGTGTG,0,49131
TSS_1414_storz_regulondb,0.2,4,4,ACTTTGATCTTCGTAGGTCA,0,57285
TSS_1414_storz_regulondb,0.2,4,4,ACTTTCCACCGCTGGCACTG,0,74748
TSS_1414_storz_regulondb,0.2,4,4,ACTTGTGTGTATAGCACAAG,0,66378
TSS_1414_storz_regulondb,0.2,4,4,ACTTGGTGACAGGACTTCAA,0,49927
TSS_1414_storz_regulondb,0.2,4,4,ACTTCGGGGTGACACGTTCC,0,11463
TSS_1414_storz_regulondb,0.2,4,4,ACTTAGTGGTGCAGAACACC,0,49872
TSS_1414_storz_regulondb,0.2,4,4,ACTTAGTAGTTGCTGGAAAG,0,6338
TSS_1414_storz_regulondb,0.2,4,4,ACTTACGCTCCGTCTCCGTA,0,15847
TSS_1414_storz_regulondb,0.2,4,4,ACTTACCGATTGGGGGTATA,0,38001
TSS_1414_storz_regulondb,0.2,4,4,ACTTACACTCGGTAGATTCA,0,42500
TSS_1414_storz_regulondb,0.2,4,4,ACTGTTCAGGATGAGCTTTA,0,1794
TSS_1414_storz_regulondb,0.2,4,4,ACTGTCGGCCATAGGAAAAC,0,68298
TSS_1414_storz_regulondb,0.2,4,4,ACTGTCCGGGTGTTAACGTG,0,74232
TSS_1414_storz_regulondb,0.2,4,4,ACTGGTGTGGAGCAGATCAT,0,49185
TSS_1414_storz_regulondb,0.2,4,4,ACTGGGAGGCAGGTCTCATA,0,50579
TSS_1414_storz_regulondb,0.2,4,4,ACTGGAGTAACAGCTCGTAA,0,50623
TSS_1414_storz_regulondb,0.2,4,4,ACTGCTGTATTACACCAAGG,0,19675
TSS_1414_storz_regulondb,0.2,4,4,ACTGCTCCAAGGTGCGGTGA,0,70273
TSS_1414_storz_regulondb,0.2,4,4,ACTGCCCCAATGCGCTAACC,0,8605
TSS_1414_storz_regulondb,0.2,4,4,ACTGCATATTGAGGAGTGAT,0,16502
TSS_1414_storz_regulondb,0.2,4,4,ACTGCAGTAAACTGGGACGT,0,68020
TSS_1414_storz_regulondb,0.2,4,4,ACTGCACCTTCGTAGATATG,0,39342
TSS_1414_storz_regulondb,0.2,4,4,ACTCTTGTGTCATCCCGTAT,0,44584
TSS_1414_storz_regulondb,0.2,4,4,ACTCTAGAAACGGAATGCAA,0,40711
TSS_1414_storz_regulondb,0.2,4,4,ACTCGTTACGCTTGATTTTA,0,75983
TSS_1414_storz_regulondb,0.2,4,4,ACTCGGGACGAGTCAGAGCT,0,78334
TSS_1414_storz_regulondb,0.2,4,4,ACTCGGACTCCATCGCCAAG,0,68875
TSS_1414_storz_regulondb,0.2,4,4,ACTCCAGGCTCCGTAAAGCG,0,56854
TSS_1414_storz_regulondb,0.2,4,4,ACTCACTAATCTCGTGAGCA,0,66595
TSS_1414_storz_regulondb,0.2,4,4,ACTATGCTGCTATATGTCGT,0,17981
TSS_1414_storz_regulondb,0.2,4,4,ACTAGATCAGGCATTCCCGG,0,60952
TSS_1414_storz_regulondb,0.2,4,4,ACTAGATACCTGGTTCGGAG,0,39926
TSS_1414_storz_regulondb,0.2,4,4,ACTAGACCGCCAGGGTAATA,0,54159
TSS_1414_storz_regulondb,0.2,4,4,ACTACTGGTCCCGAAGGTTT,0,68151
TSS_1414_storz_regulondb,0.2,4,4,ACTAACGTTCGGCCGCGTCG,0,53088
TSS_1414_storz_regulondb,0.2,4,4,ACTAAACAGTCTATAAAACT,0,63383
TSS_1414_storz_regulondb,0.2,4,4,ACGTTTTACAAACTAATCAC,0,17429
TSS_1414_storz_regulondb,0.2,4,4,ACGTTATATAGTGAATTCCC,0,66577
TSS_1414_storz_regulondb,0.2,4,4,ACGTGAATAGTACAACTTTA,0,20556
TSS_1414_storz_regulondb,0.2,4,4,ACGTCGCTCTTCCCCAAGGT,0,19765
TSS_1414_storz_regulondb,0.2,4,4,ACGTCGATTCATCCTGGAAC,0,71315
TSS_1414_storz_regulondb,0.2,4,4,ACGGTTGGCATGAGTTTCCC,0,75547
TSS_1414_storz_regulondb,0.2,4,4,ACGGTTGGAGTTCATTACGG,0,61993
TSS_1414_storz_regulondb,0.2,4,4,ACGGGTTATAGAGGAGATAT,0,61314
TSS_1414_storz_regulondb,0.2,4,4,ACGGCATGTTGTATGAATCG,0,70426
TSS_1414_storz_regulondb,0.2,4,4,ACGGCAAAGCAGGGCTTCAA,0,73133
TSS_1414_storz_regulondb,0.2,4,4,ACGGATGGTTGGATCTTCGA,0,30848
TSS_1414_storz_regulondb,0.2,4,4,ACGGAAGTTCAGGAAATCGG,0,71457
TSS_1414_storz_regulondb,0.2,4,4,ACGCTGTTTGGGTGTGGTAT,0,52303
TSS_1414_storz_regulondb,0.2,4,4,ACGCCCGTAAAAGCTGTTAA,0,6191
TSS_1414_storz_regulondb,0.2,4,4,ACGCACAGGAGAGTGGAAAT,0,39964
TSS_1414_storz_regulondb,0.2,4,4,ACGATTAGTACTCGTTTTGG,0,53380
TSS_1414_storz_regulondb,0.2,4,4,ACGATCGTATCCGCACACCG,0,74838
TSS_1414_storz_regulondb,0.2,4,4,ACGATAGCGCTATTAGGACA,0,24246
TSS_1414_storz_regulondb,0.2,4,4,ACGATACAATGCAGTGAAAT,0,29625
TSS_1414_storz_regulondb,0.2,4,4,ACGAGACTGAGCTCCAAACT,0,29135
TSS_1414_storz_regulondb,0.2,4,4,ACGACGTACACCTGCTTCTA,0,50209
TSS_1414_storz_regulondb,0.2,4,4,ACCTTGCAAGTTGAAACTCC,0,2519
TSS_1414_storz_regulondb,0.2,4,4,ACCTGTTGCTTTGCGGGAAT,0,29910
TSS_1414_storz_regulondb,0.2,4,4,ACCTGTAAGTTGGTCTCTAG,0,551
TSS_1414_storz_regulondb,0.2,4,4,ACCTGGATCATGGTCAAAAT,0,57423
TSS_1414_storz_regulondb,0.2,4,4,ACCTGCCGGAGAACTGAGCC,0,47115
TSS_1414_storz_regulondb,0.2,4,4,ACCTCCTTTCACTCGATGTC,0,4360
TSS_1414_storz_regulondb,0.2,4,4,ACCTCCCAGAGGGACACTCA,0,55466
TSS_1414_storz_regulondb,0.2,4,4,ACCTCATCTTTTCTCTCAAC,0,35089
TSS_1414_storz_regulondb,0.2,4,4,ACCTCAGGACTTGTCAGGCC,0,35529
TSS_1414_storz_regulondb,0.2,4,4,ACCTATTATGTTGTTATCAT,0,62399
TSS_1414_storz_regulondb,0.2,4,4,ACCTAGGGGCTGAATGGCTC,0,65600
TSS_1414_storz_regulondb,0.2,4,4,ACCTAGCCTTCCAGACCCAC,0,76285
TSS_1414_storz_regulondb,0.2,4,4,ACCGTTAAGCGTCTACCGTA,0,67718
TSS_1414_storz_regulondb,0.2,4,4,ACCGTCTGGTGACTGGTTAG,0,38175
TSS_1414_storz_regulondb,0.2,4,4,ACCGCTTCGCTTAAACCTAA,0,36264
TSS_1414_storz_regulondb,0.2,4,4,ACCGCTACGCCAGGGGCCCT,0,66778
TSS_1414_storz_regulondb,0.2,4,4,ACCGACCGCGGGGAACTCGT,0,60152
TSS_1414_storz_regulondb,0.2,4,4,ACCCTCACGGAAACGCCTGT,0,17794
TSS_1414_storz_regulondb,0.2,4,4,ACCCTAAGGCACCTGCTATA,0,16650
TSS_1414_storz_regulondb,0.2,4,4,ACCCGTAGCTATGTTCTCCG,0,67086
TSS_1414_storz_regulondb,0.2,4,4,ACCCCTTGCCCGTTGGACAT,0,50997
TSS_1414_storz_regulondb,0.2,4,4,ACCCCGAGGACAGTTTCCTA,0,36431
TSS_1414_storz_regulondb,0.2,4,4,ACCCCGACCCTGACAGAGTG,0,18432
TSS_1414_storz_regulondb,0.2,4,4,ACCATAAAGGGGGTTCGGAG,0,13007
TSS_1414_storz_regulondb,0.2,4,4,ACCAGCGTGTGTTGATACGA,0,54985
TSS_1414_storz_regulondb,0.2,4,4,ACCACTACAGTAAGAATTTC,0,45127
TSS_1414_storz_regulondb,0.2,4,4,ACCACGACGGCAGCAGCGAA,0,19432
TSS_1414_storz_regulondb,0.2,4,4,ACCAATTTTTACACTGTTAC,0,13086
TSS_1414_storz_regulondb,0.2,4,4,ACCAATCCTCGTGCCGAGGG,0,58792
TSS_1414_storz_regulondb,0.2,4,4,ACCAACAGACAAAAAGGCCT,0,7153
TSS_1414_storz_regulondb,0.2,4,4,ACATTCACGTGACAATATTA,0,68386
TSS_1414_storz_regulondb,0.2,4,4,ACATGGCTGCTGACTGGCTA,0,49470
TSS_1414_storz_regulondb,0.2,4,4,ACATGCCCTCAAGGTCGTTG,0,74205
TSS_1414_storz_regulondb,0.2,4,4,ACATGACATCAAATAGCAAA,0,33733
TSS_1414_storz_regulondb,0.2,4,4,ACATCTAGCCAGTGAGCCGG,0,15571
TSS_1414_storz_regulondb,0.2,4,4,ACATCACCTCGGGTATAGAC,0,15185
TSS_1414_storz_regulondb,0.2,4,4,ACAGTTCGTTCACAATTGAT,0,45973
TSS_1414_storz_regulondb,0.2,4,4,ACAGTCACGGGGAATAAACC,0,41405
TSS_1414_storz_regulondb,0.2,4,4,ACAGGTTATGGTCGGGGGAG,0,66925
TSS_1414_storz_regulondb,0.2,4,4,ACAGGTATCACTCAGATTGT,0,45970
TSS_1414_storz_regulondb,0.2,4,4,ACAGGTATAGTCGCCTGAAA,0,18085
TSS_1414_storz_regulondb,0.2,4,4,ACAGGGTTCAGCGTAAAAGA,0,46434
TSS_1414_storz_regulondb,0.2,4,4,ACAGGATACGAAGAGTTGAG,0,22357
TSS_1414_storz_regulondb,0.2,4,4,ACAGCTCTGGAGGGATAGTA,0,58801
TSS_1414_storz_regulondb,0.2,4,4,ACAGCGCTATGAGAAGCTAA,0,44387
TSS_1414_storz_regulondb,0.2,4,4,ACAGAGGCTGGGAAGACGGT,0,75507
TSS_1414_storz_regulondb,0.2,4,4,ACAGACTTGCGCTGACATCA,0,13404
TSS_1414_storz_regulondb,0.2,4,4,ACACTAGGGATAGATTTGGA,0,43567
TSS_1414_storz_regulondb,0.2,4,4,ACACGTCCTTCGACGCCCTC,0,9818
TSS_1414_storz_regulondb,0.2,4,4,ACACGGTCTAGGGGCGAGCA,0,37905
TSS_1414_storz_regulondb,0.2,4,4,ACACCTTGCGCTGGCATCGT,0,56020
TSS_1414_storz_regulondb,0.2,4,4,ACACACTGTTAATTCCTCAT,0,22377
TSS_1414_storz_regulondb,0.2,4,4,ACACACGCAAATTATAAGCT,0,66133
TSS_1414_storz_regulondb,0.2,4,4,ACAATGGAGCTGTTTTTGTG,0,31063
TSS_1414_storz_regulondb,0.2,4,4,ACAAGTCAATAGAGTTATTT,0,66245
TSS_1414_storz_regulondb,0.2,4,4,ACAAGGAATGTCTTCAACAC,0,36086
TSS_1414_storz_regulondb,0.2,4,4,ACAAGCCTAGAAAAACTTAG,0,28554
TSS_1414_storz_regulondb,0.2,4,4,ACAAGCCAGCAGATTGTGCC,0,2368
TSS_1414_storz_regulondb,0.2,4,4,ACAAGAAGTGGGCTTAGGAT,0,51534
TSS_1414_storz_regulondb,0.2,4,4,ACAAACACTGGTGCAACGCT,0,32371
TSS_1414_storz_regulondb,0.2,4,4,ACAAAACTGTAAGCCAGCTT,0,51509
TSS_1414_storz_regulondb,0.2,4,4,AATTTAGGCATGTCGGGTAC,0,80200
TSS_1414_storz_regulondb,0.2,4,4,AATTGGCGGCTGGTACGCAA,0,39391
TSS_1414_storz_regulondb,0.2,4,4,AATGTTATACGAATAGAGAT,0,10106
TSS_1414_storz_regulondb,0.2,4,4,AATGGGCCAATGCTGACTGC,0,23330
TSS_1414_storz_regulondb,0.2,4,4,AATGCTACCCCACTAGGAAG,0,35256
TSS_1414_storz_regulondb,0.2,4,4,AATGCTAACATTGTTTCTTA,0,25269
TSS_1414_storz_regulondb,0.2,4,4,AATGCCATAGTTCAAAAATA,0,32567
TSS_1414_storz_regulondb,0.2,4,4,AATCTGTTGCCATTATTACA,0,39957
TSS_1414_storz_regulondb,0.2,4,4,AATCTGTATAACGGATAATG,0,12058
TSS_1414_storz_regulondb,0.2,4,4,AATCTCCCATACTAGCCTCG,0,29991
TSS_1414_storz_regulondb,0.2,4,4,AATCTACAGGGCCAAGTGCA,0,28459
TSS_1414_storz_regulondb,0.2,4,4,AATCGCCACAGGAGATAGCT,0,68943
TSS_1414_storz_regulondb,0.2,4,4,AATCGCACAGGGGGCGCAAC,0,6458
TSS_1414_storz_regulondb,0.2,4,4,AATCCCTCGAAATAACGGGT,0,78165
TSS_1414_storz_regulondb,0.2,4,4,AATATAGGTGGCAGCTCTAC,0,11020
TSS_1414_storz_regulondb,0.2,4,4,AATAGTCACGTCTACTCGGT,0,46222
TSS_1414_storz_regulondb,0.2,4,4,AATAGGAAAAGGGAGACGTT,0,4005
TSS_1414_storz_regulondb,0.2,4,4,AATACCGCTCCAGCCATGTC,0,11017
TSS_1414_storz_regulondb,0.2,4,4,AATACCCTTTAGTGGGGCCA,0,51157
TSS_1414_storz_regulondb,0.2,4,4,AATAATCTCAGGGCGTGTTA,0,9655
TSS_1414_storz_regulondb,0.2,4,4,AATAACAGCACATGATTAGT,0,80341
TSS_1414_storz_regulondb,0.2,4,4,AAGTTGTATGCGAAACTTTT,0,42220
TSS_1414_storz_regulondb,0.2,4,4,AAGTTCCCTTAAGACGGTAA,0,77380
TSS_1414_storz_regulondb,0.2,4,4,AAGTTCAGTTACGCGCCTTG,0,15144
TSS_1414_storz_regulondb,0.2,4,4,AAGTGGAGTTTAGGAACGGG,0,29465
TSS_1414_storz_regulondb,0.2,4,4,AAGTGACCAAGAAACAGCGG,0,68937
TSS_1414_storz_regulondb,0.2,4,4,AAGTCTGAATAGTGGCATTG,0,78655
TSS_1414_storz_regulondb,0.2,4,4,AAGTATCCGTCCGTCTTGTA,0,9376
TSS_1414_storz_regulondb,0.2,4,4,AAGTATATATACTAATTAGT,0,76349
TSS_1414_storz_regulondb,0.2,4,4,AAGTAACTACGGTGAGACGT,0,40945
TSS_1414_storz_regulondb,0.2,4,4,AAGGTCCTTACTGACCCACC,0,30132
TSS_1414_storz_regulondb,0.2,4,4,AAGGTCCACAGCGATCTTCC,0,16664
TSS_1414_storz_regulondb,0.2,4,4,AAGGGGTACCGACATGGCCT,0,57507
TSS_1414_storz_regulondb,0.2,4,4,AAGGGGCCAAGCTTTCATTC,0,74338
TSS_1414_storz_regulondb,0.2,4,4,AAGGCAAGGACGTCATGTCA,0,22004
TSS_1414_storz_regulondb,0.2,4,4,AAGGACTGGCGCGGCAAAAA,0,3546
TSS_1414_storz_regulondb,0.2,4,4,AAGCGTTTCCCTGCTGCTCA,0,32508
TSS_1414_storz_regulondb,0.2,4,4,AAGCCAGCTCATTCCCGCGG,0,11695
TSS_1414_storz_regulondb,0.2,4,4,AAGATGTTCGCCTCGTATCG,0,27731
TSS_1414_storz_regulondb,0.2,4,4,AAGAGTAGTGTATCGGTTGA,0,63798
TSS_1414_storz_regulondb,0.2,4,4,AAGAGGCCTGTGATCCGCCG,0,10057
TSS_1414_storz_regulondb,0.2,4,4,AAGAGATTTGGGCTGCTCAG,0,27655
TSS_1414_storz_regulondb,0.2,4,4,AAGACGCCCCAGGTGACCGA,0,43616
TSS_1414_storz_regulondb,0.2,4,4,AAGACATGAGATAGAGGGGG,0,73372
TSS_1414_storz_regulondb,0.2,4,4,AAGAACGCGAACTGGCTGTC,0,48626
TSS_1414_storz_regulondb,0.2,4,4,AACTTTAATTGTGACTGGTC,0,57307
TSS_1414_storz_regulondb,0.2,4,4,AACTTGACCCTTATCTTCGC,0,14009
TSS_1414_storz_regulondb,0.2,4,4,AACTTAATTAGTGGTACCAT,0,79665
TSS_1414_storz_regulondb,0.2,4,4,AACTGTTGCCAAATCAGAGC,0,53067
TSS_1414_storz_regulondb,0.2,4,4,AACTGGCGTAGCAGACTTCT,0,55655
TSS_1414_storz_regulondb,0.2,4,4,AACTCTATGCAACAGAGTGT,0,23194
TSS_1414_storz_regulondb,0.2,4,4,AACTCTACTTTTACCACGCT,0,30646
TSS_1414_storz_regulondb,0.2,4,4,AACTCGTCATGAGTCGGCGA,0,34410
TSS_1414_storz_regulondb,0.2,4,4,AACGTTCGGAATCCGGGCCT,0,38767
TSS_1414_storz_regulondb,0.2,4,4,AACGTGCAGCCGGGCTGATT,0,10906
TSS_1414_storz_regulondb,0.2,4,4,AACGTGCAATCTGAGTATAG,0,44386
TSS_1414_storz_regulondb,0.2,4,4,AACGCTCCGACTCATTAAGG,0,35095
TSS_1414_storz_regulondb,0.2,4,4,AACGCGAACATGGGCAGAGA,0,30168
TSS_1414_storz_regulondb,0.2,4,4,AACGATGCATTAGTATTCGG,0,16127
TSS_1414_storz_regulondb,0.2,4,4,AACGATAAAACGGAAGCGAT,0,39905
TSS_1414_storz_regulondb,0.2,4,4,AACGACACCGGTTAAGTTCT,0,2077
TSS_1414_storz_regulondb,0.2,4,4,AACGAATCTGGGCCTGACAA,0,13622
TSS_1414_storz_regulondb,0.2,4,4,AACCTCAATGGTGTGACGTT,0,32794
TSS_1414_storz_regulondb,0.2,4,4,AACCGCGGGTAGCACTGAAG,0,12858
TSS_1414_storz_regulondb,0.2,4,4,AACCGCACTTCGATTATCGA,0,47988
TSS_1414_storz_regulondb,0.2,4,4,AACCCGTGTCATTGGTGTCT,0,34115
TSS_1414_storz_regulondb,0.2,4,4,AACCCGGCTCGGCAGACCGA,0,4842
TSS_1414_storz_regulondb,0.2,4,4,AACCCGGCTAACACGCAGTA,0,51689
TSS_1414_storz_regulondb,0.2,4,4,AACCCCAAATTTGCCAGCCC,0,29376
TSS_1414_storz_regulondb,0.2,4,4,AACATGAAAAGTGCTGTAAG,0,21154
TSS_1414_storz_regulondb,0.2,4,4,AACATAAGGATCGATCGTAC,0,17410
TSS_1414_storz_regulondb,0.2,4,4,AACAGTAGCCTTACACTACT,0,43821
TSS_1414_storz_regulondb,0.2,4,4,AACAGCTATCTAGGGCATGT,0,63415
TSS_1414_storz_regulondb,0.2,4,4,AACAGATGTTTTACAGCGCT,0,7048
TSS_1414_storz_regulondb,0.2,4,4,AACAATCCTTTACGACCTGA,0,79029
TSS_1414_storz_regulondb,0.2,4,4,AACAATCCGCACCTAGTCGG,0,36069
TSS_1414_storz_regulondb,0.2,4,4,AACAAATGGACGCGCGTCTG,0,7845
TSS_1414_storz_regulondb,0.2,4,4,AAATTAGTAGTTCCACACGT,0,10363
TSS_1414_storz_regulondb,0.2,4,4,AAATGTTTTATGCTCGCAGT,0,13486
TSS_1414_storz_regulondb,0.2,4,4,AAATGTGGCCTAAAGTTGCG,0,64052
TSS_1414_storz_regulondb,0.2,4,4,AAATCGGACTAACAGGTACA,0,7125
TSS_1414_storz_regulondb,0.2,4,4,AAATAGGTAGTACTTCGATA,0,56773
TSS_1414_storz_regulondb,0.2,4,4,AAAGTGAGCCGTCGAAAACG,0,30421
TSS_1414_storz_regulondb,0.2,4,4,AAAGTCAATCTTAAAATAGA,0,39632
TSS_1414_storz_regulondb,0.2,4,4,AAAGTAGTTATGTCCTCTGT,0,32353
TSS_1414_storz_regulondb,0.2,4,4,AAAGGCCGCAGGCTCTAATC,0,26312
TSS_1414_storz_regulondb,0.2,4,4,AAAGGCACGTGCCAATACAA,0,34244
TSS_1414_storz_regulondb,0.2,4,4,AAAGCGAGCCTTAGTCGTCT,0,73846
TSS_1414_storz_regulondb,0.2,4,4,AAAGATAGCTTCGTTTTTGG,0,74153
TSS_1414_storz_regulondb,0.2,4,4,AAACTTTGTGTGCCGCCACG,0,6050
TSS_1414_storz_regulondb,0.2,4,4,AAACGCACCTGACGAGACGA,0,61561
TSS_1414_storz_regulondb,0.2,4,4,AAACGACAGGTAAATAAATT,0,47934
TSS_1414_storz_regulondb,0.2,4,4,AAACCTGTAGAGAGCTGCAA,0,8194
TSS_1414_storz_regulondb,0.2,4,4,AAACCTCGCGACACGAGGGT,0,4519
TSS_1414_storz_regulondb,0.2,4,4,AAACCACGTATCGGCCCGTA,0,5262
TSS_1414_storz_regulondb,0.2,4,4,AAACCAAGGCTCATCTAGGT,0,23699
TSS_1414_storz_regulondb,0.2,4,4,AAACATGAGGTCTCCATAAT,0,26280
TSS_1414_storz_regulondb,0.2,4,4,AAACAGCGGGTCCAACTTGG,0,38536
TSS_1414_storz_regulondb,0.2,4,4,AAAAGGAGATTCCTTAATTG,0,23206
TSS_1414_storz_regulondb,0.2,4,4,AAAACGAAATGCTCACGGCA,0,30707
TSS_1414_storz_regulondb,0.2,4,4,AAAACCTACGGTCGTTTCCA,0,56367
TSS_1414_storz_regulondb,0.2,4,4,AAAAATGTTGCAACGAAGCG,0,63403
TSS_1414_storz_regulondb,0.2,4,4,AAAAATGATTCCGCTGGATG,0,35492
TSS_1414_storz_regulondb,0.2,4,4,AAAAAGCGGACCTTTTCGTA,0,63667
TSS_1414_storz_regulondb,0.2,4,4,AAAAACCCACCAGAATGGCA,0,1623
TSS_1414_storz_regulondb,0.2,4,4,AAAAAAAGAGTTATCTCGAG,0,21089
TSS_1414_storz_regulondb,0.25,3,3,TTTTTTTAAAAGTTTTCTCG,0,35396
TSS_1414_storz_regulondb,0.25,3,3,TTTTTTATCTCTTTTTCTTT,0,70970
TSS_1414_storz_regulondb,0.25,3,3,TTTTTTAATCAAGTAGAGGA,0,11307
TSS_1414_storz_regulondb,0.25,3,3,TTTTTGGTTAGCGTGGTTAA,0,21148
TSS_1414_storz_regulondb,0.25,3,3,TTTTGGTTGTGCAAAATATA,0,44714
TSS_1414_storz_regulondb,0.25,3,3,TTTTGGAGCTGCCAGGGAAA,0,11497
TSS_1414_storz_regulondb,0.25,3,3,TTTTGATTATGTGGGGGCAG,0,1925
TSS_1414_storz_regulondb,0.25,3,3,TTTTGACTGCGTCGGATGGC,0,32232
TSS_1414_storz_regulondb,0.25,3,3,TTTTGAATCCTGGTGGGCAT,0,57704
TSS_1414_storz_regulondb,0.25,3,3,TTTTCTATACTCAGGCAGAT,0,64819
TSS_1414_storz_regulondb,0.25,3,3,TTTTCTAAGTGTCTAGGGCA,0,65846
TSS_1414_storz_regulondb,0.25,3,3,TTTTCGGATATTCTGGACGA,0,45029
TSS_1414_storz_regulondb,0.25,3,3,TTTTCATCAGGAGTATGCGC,0,64954
TSS_1414_storz_regulondb,0.25,3,3,TTTTCATAACTTATAGTGGC,0,38554
TSS_1414_storz_regulondb,0.25,3,3,TTTTAGCCGTAAATTTCAGG,0,62898
TSS_1414_storz_regulondb,0.25,3,3,TTTTAGACGGCGCCCAGTAG,0,10364
TSS_1414_storz_regulondb,0.25,3,3,TTTTAGACGCAGCACTGCGT,0,45823
TSS_1414_storz_regulondb,0.25,3,3,TTTTACTGCAGATGTCCATA,0,46327
TSS_1414_storz_regulondb,0.25,3,3,TTTGTCCGTGTATAAGGCAA,0,7970
TSS_1414_storz_regulondb,0.25,3,3,TTTGCTCAAGTCAAGAATCA,0,9516
TSS_1414_storz_regulondb,0.25,3,3,TTTGCTACATACGTTGCCAG,0,67100
TSS_1414_storz_regulondb,0.25,3,3,TTTGCCTGTAGACCAGGAGG,0,61081
TSS_1414_storz_regulondb,0.25,3,3,TTTCTTCGATGCATAAAGAG,0,25035
TSS_1414_storz_regulondb,0.25,3,3,TTTCTTACTCCTTGGGCAAT,0,38490
TSS_1414_storz_regulondb,0.25,3,3,TTTCTCAGGTCTTACATATT,0,1856
TSS_1414_storz_regulondb,0.25,3,3,TTTCGAAATACTCGAGGAGA,0,80335
TSS_1414_storz_regulondb,0.25,3,3,TTTCGAAACTGGGTTGAACC,0,38276
TSS_1414_storz_regulondb,0.25,3,3,TTTCATTCACAGCCGTAAAT,0,37350
TSS_1414_storz_regulondb,0.25,3,3,TTTATGGCGTCATACCTTCG,0,8359
TSS_1414_storz_regulondb,0.25,3,3,TTTATCTACCCCTCCCCCTG,0,16253
TSS_1414_storz_regulondb,0.25,3,3,TTTATATTTTAATGGCCCGA,0,62700
TSS_1414_storz_regulondb,0.25,3,3,TTTATACTTCTAATTGGATA,0,31501
TSS_1414_storz_regulondb,0.25,3,3,TTTAGTCATGCAAACATGTG,0,21259
TSS_1414_storz_regulondb,0.25,3,3,TTTAGCGCCCGTTCGTACTC,0,56272
TSS_1414_storz_regulondb,0.25,3,3,TTTACTTTTTAACGAAAAGT,0,39719
TSS_1414_storz_regulondb,0.25,3,3,TTTACGATACGAGGTGGGGT,0,25232
TSS_1414_storz_regulondb,0.25,3,3,TTTACCATCACGGTTGAGAA,0,70743
TSS_1414_storz_regulondb,0.25,3,3,TTTACAATTGCAACAGGGAT,0,19663
TSS_1414_storz_regulondb,0.25,3,3,TTTAACACTAGAGTAAACCT,0,42448
TSS_1414_storz_regulondb,0.25,3,3,TTGTTTGTAGAACGCCCCGT,0,33659
TSS_1414_storz_regulondb,0.25,3,3,TTGTTGGCCGTTGACCACGT,0,26629
TSS_1414_storz_regulondb,0.25,3,3,TTGTGTAGCTTTTCTTCAAG,0,59635
TSS_1414_storz_regulondb,0.25,3,3,TTGTGGTCAAGACATGAAAA,0,27738
TSS_1414_storz_regulondb,0.25,3,3,TTGTGCTCCTTGTGACATCG,0,41200
TSS_1414_storz_regulondb,0.25,3,3,TTGTGAGCGGAAGCCATAAA,0,77319
TSS_1414_storz_regulondb,0.25,3,3,TTGTCTCGTACTACTCCAAA,0,28546
TSS_1414_storz_regulondb,0.25,3,3,TTGTCGTTTGGACGGTACAC,0,74616
TSS_1414_storz_regulondb,0.25,3,3,TTGTCCTAGAAATGGGGAGT,0,23075
TSS_1414_storz_regulondb,0.25,3,3,TTGTATTTTGGTAATAGCGG,0,885
TSS_1414_storz_regulondb,0.25,3,3,TTGTATCAGCGAGTGACGCT,0,66423
TSS_1414_storz_regulondb,0.25,3,3,TTGTATACTGTGGGTTCGTC,0,31476
TSS_1414_storz_regulondb,0.25,3,3,TTGTAGGTTGTATGTCTCAT,0,29595
TSS_1414_storz_regulondb,0.25,3,3,TTGTAAGGGCTCGCCTAGGT,0,4568
TSS_1414_storz_regulondb,0.25,3,3,TTGGTTGGTCTCCATAACTC,0,49807
TSS_1414_storz_regulondb,0.25,3,3,TTGGTGTGCGCGCGGGTAAT,0,5835
TSS_1414_storz_regulondb,0.25,3,3,TTGGTGGCGTATTCTTAACC,0,766
TSS_1414_storz_regulondb,0.25,3,3,TTGGTAATATAGTTCTAACC,0,76044
TSS_1414_storz_regulondb,0.25,3,3,TTGGCGAGTCGGACACAGGT,0,26310
TSS_1414_storz_regulondb,0.25,3,3,TTGGACGAGGGGCTAAATGG,0,4082
TSS_1414_storz_regulondb,0.25,3,3,TTGCTCTTTAACTGATTGTT,0,10290
TSS_1414_storz_regulondb,0.25,3,3,TTGCTCCCTGCGCGTGAACC,0,46153
TSS_1414_storz_regulondb,0.25,3,3,TTGCTAGCCGGGCAGGCTCA,0,10130
TSS_1414_storz_regulondb,0.25,3,3,TTGCGTATCTGCCCAATTGT,0,68495
TSS_1414_storz_regulondb,0.25,3,3,TTGCGCTATAACTTCGAAAC,0,27973
TSS_1414_storz_regulondb,0.25,3,3,TTGCGCGCACCGTGCTGCAT,0,71646
TSS_1414_storz_regulondb,0.25,3,3,TTGCCTTAGTAGGCCTACAA,0,61554
TSS_1414_storz_regulondb,0.25,3,3,TTGCCCTTGATGTCCTGTCT,0,26409
TSS_1414_storz_regulondb,0.25,3,3,TTGCCCGCGCGCCCGCTAGC,0,74363
TSS_1414_storz_regulondb,0.25,3,3,TTGCCAGTGCGAAAGAATCA,0,46046
TSS_1414_storz_regulondb,0.25,3,3,TTGCAAATATATGCATAGAT,0,5389
TSS_1414_storz_regulondb,0.25,3,3,TTGATGTTCGCCCGCCCCCT,0,74410
TSS_1414_storz_regulondb,0.25,3,3,TTGATACACTGGTGGTGAGA,0,52939
TSS_1414_storz_regulondb,0.25,3,3,TTGAGGATTACCCACAACCT,0,73442
TSS_1414_storz_regulondb,0.25,3,3,TTGAGATGTGAGTCCGGCAA,0,63872
TSS_1414_storz_regulondb,0.25,3,3,TTGACCCATTATTGCTGCTT,0,70786
TSS_1414_storz_regulondb,0.25,3,3,TTGAATCATAGAACTGATGG,0,4440
TSS_1414_storz_regulondb,0.25,3,3,TTGAAGTTCTTGCGTACCCG,0,52943
TSS_1414_storz_regulondb,0.25,3,3,TTGAACAACCCCAGAATATT,0,33939
TSS_1414_storz_regulondb,0.25,3,3,TTCTTTTGCAGGCTTTAGGA,0,78614
TSS_1414_storz_regulondb,0.25,3,3,TTCTGGGTGAGGCCAATCCG,0,65930
TSS_1414_storz_regulondb,0.25,3,3,TTCTGGGTCATCAATGGGCT,0,18464
TSS_1414_storz_regulondb,0.25,3,3,TTCTCCGATATGCTATACCA,0,63382
TSS_1414_storz_regulondb,0.25,3,3,TTCTCATTTCGACCTGCGAA,0,20391
TSS_1414_storz_regulondb,0.25,3,3,TTCTCAGTGGAATCCAAGTT,0,49357
TSS_1414_storz_regulondb,0.25,3,3,TTCTATGCAGCCGAATTAGA,0,69887
TSS_1414_storz_regulondb,0.25,3,3,TTCTATAGACGCAAGGGGTA,0,72838
TSS_1414_storz_regulondb,0.25,3,3,TTCTACCGCGACGTTAAGAA,0,33830
TSS_1414_storz_regulondb,0.25,3,3,TTCGTTGATAAGAAACAGAA,0,79948
TSS_1414_storz_regulondb,0.25,3,3,TTCGTGTGACGGCCATTCTC,0,41809
TSS_1414_storz_regulondb,0.25,3,3,TTCGTGGATCTCATAATACT,0,30266
TSS_1414_storz_regulondb,0.25,3,3,TTCGTGACGGTTAAATTTAT,0,2334
TSS_1414_storz_regulondb,0.25,3,3,TTCGTCATCCTCTTAGTAAA,0,69662
TSS_1414_storz_regulondb,0.25,3,3,TTCGTAGACCAAGTTAGGCT,0,48386
TSS_1414_storz_regulondb,0.25,3,3,TTCGGGCCTTTCTAAGGCCC,0,74009
TSS_1414_storz_regulondb,0.25,3,3,TTCGGATTACTGGACAGCTT,0,11748
TSS_1414_storz_regulondb,0.25,3,3,TTCGGATGTAGTTGGTGCTT,0,66356
TSS_1414_storz_regulondb,0.25,3,3,TTCGGATGGGTCCTTTGAAT,0,35051
TSS_1414_storz_regulondb,0.25,3,3,TTCGCTTGTTTTGTGACGAC,0,65949
TSS_1414_storz_regulondb,0.25,3,3,TTCGCGTCGTACTCAGAAAC,0,78978
TSS_1414_storz_regulondb,0.25,3,3,TTCGCGTCATCATCATTGGG,0,72644
TSS_1414_storz_regulondb,0.25,3,3,TTCGCCGGTCCCAAGGGTCT,0,53078
TSS_1414_storz_regulondb,0.25,3,3,TTCGCCATACCCCGCAACAG,0,38050
TSS_1414_storz_regulondb,0.25,3,3,TTCGCCACGTCATAACTTTC,0,35338
TSS_1414_storz_regulondb,0.25,3,3,TTCGAGAGTCAGGGAATTTT,0,43327
TSS_1414_storz_regulondb,0.25,3,3,TTCCTCTAACATGGTCACTT,0,44751
TSS_1414_storz_regulondb,0.25,3,3,TTCCGGCTGTAACTCAGAAT,0,50136
TSS_1414_storz_regulondb,0.25,3,3,TTCCCGGCAGCCTCACGTCC,0,53027
TSS_1414_storz_regulondb,0.25,3,3,TTCCCAGGCTTATGCCAGCT,0,35905
TSS_1414_storz_regulondb,0.25,3,3,TTCCAGGCCTTTGAATTGGA,0,37585
TSS_1414_storz_regulondb,0.25,3,3,TTCCAGAGGAGACCGCTTGC,0,31903
TSS_1414_storz_regulondb,0.25,3,3,TTCCAGAATAGGAACCTATT,0,66215
TSS_1414_storz_regulondb,0.25,3,3,TTCCACTCCACGGACTGGCG,0,44824
TSS_1414_storz_regulondb,0.25,3,3,TTCCACTAATGGTGTCTACA,0,81036
TSS_1414_storz_regulondb,0.25,3,3,TTCCAAAGGCTCCGCACCTA,0,7508
TSS_1414_storz_regulondb,0.25,3,3,TTCATGCCGGGGGTGGTTCC,0,12166
TSS_1414_storz_regulondb,0.25,3,3,TTCAGGTCTTTGGCATAATA,0,72896
TSS_1414_storz_regulondb,0.25,3,3,TTCAGGGCCTGTCAGTTAGG,0,46561
TSS_1414_storz_regulondb,0.25,3,3,TTCAGCCCGGTCCCGAACAT,0,51623
TSS_1414_storz_regulondb,0.25,3,3,TTCAGATCCCGGACATAAGC,0,8384
TSS_1414_storz_regulondb,0.25,3,3,TTCAGACAACCCCACATCGG,0,30985
TSS_1414_storz_regulondb,0.25,3,3,TTCAGAACCTTGTCGGTTTT,0,24583
TSS_1414_storz_regulondb,0.25,3,3,TTCACAGAGGCAGGCCCTGA,0,71263
TSS_1414_storz_regulondb,0.25,3,3,TTCAAGGTCGCATTCTCTGA,0,67114
TSS_1414_storz_regulondb,0.25,3,3,TTCAACGAGTTGCTTGTCTC,0,28052
TSS_1414_storz_regulondb,0.25,3,3,TTCAAATTTAATAGGCTCGC,0,17441
TSS_1414_storz_regulondb,0.25,3,3,TTCAAAGAAATCTATGCTAA,0,52696
TSS_1414_storz_regulondb,0.25,3,3,TTATTTATTTTACGAACTAT,0,64146
TSS_1414_storz_regulondb,0.25,3,3,TTATTTATGTCGGTGACCTG,0,78672
TSS_1414_storz_regulondb,0.25,3,3,TTATTGAGTCGCAGGGCGGG,0,707
TSS_1414_storz_regulondb,0.25,3,3,TTATTATACAAGTAGATCCG,0,38235
TSS_1414_storz_regulondb,0.25,3,3,TTATTACCCCCTACGGGAGC,0,50043
TSS_1414_storz_regulondb,0.25,3,3,TTATGCCTTATCAGCTGCTA,0,23981
TSS_1414_storz_regulondb,0.25,3,3,TTATCCTACTCGGAATGCGG,0,22688
TSS_1414_storz_regulondb,0.25,3,3,TTATAGACTATTCGTGCTTA,0,78321
TSS_1414_storz_regulondb,0.25,3,3,TTATAATTCACTGAACCCTT,0,74468
TSS_1414_storz_regulondb,0.25,3,3,TTAGTGCCCGTGGGATTATT,0,24550
TSS_1414_storz_regulondb,0.25,3,3,TTAGTCAAGCATGAGCCCAT,0,56955
TSS_1414_storz_regulondb,0.25,3,3,TTAGGGGTCCAGAACCGTAC,0,17481
TSS_1414_storz_regulondb,0.25,3,3,TTAGCTCTCGGCGCTCTTCA,0,6578
TSS_1414_storz_regulondb,0.25,3,3,TTAGCACCGTGACTACCAGA,0,38232
TSS_1414_storz_regulondb,0.25,3,3,TTAGATATATTACGACGATG,0,57977
TSS_1414_storz_regulondb,0.25,3,3,TTACTTGGTCTCTTTTTGGT,0,57290
TSS_1414_storz_regulondb,0.25,3,3,TTACTTATTAAGCCGCGCGT,0,27254
TSS_1414_storz_regulondb,0.25,3,3,TTACTGTCGGGTGGGCGTGA,0,9914
TSS_1414_storz_regulondb,0.25,3,3,TTACTCTCCCTTGTATCTCT,0,36664
TSS_1414_storz_regulondb,0.25,3,3,TTACTAACTTCGGCGGGTGC,0,65205
TSS_1414_storz_regulondb,0.25,3,3,TTACGTCTCGTCACACTGCC,0,64168
TSS_1414_storz_regulondb,0.25,3,3,TTACGGAGTATATACCCAAA,0,79026
TSS_1414_storz_regulondb,0.25,3,3,TTACGCATAGTGCCATGCCC,0,60936
TSS_1414_storz_regulondb,0.25,3,3,TTACCGTTTTGTTAAACTTT,0,11713
TSS_1414_storz_regulondb,0.25,3,3,TTACCCACGCGCGGCACGGG,0,23266
TSS_1414_storz_regulondb,0.25,3,3,TTACCAGGATTTAGGCGGGC,0,15495
TSS_1414_storz_regulondb,0.25,3,3,TTACATTTCGAATTTATGCA,0,22041
TSS_1414_storz_regulondb,0.25,3,3,TTACAGAATCGGTGGCCCTC,0,57705
TSS_1414_storz_regulondb,0.25,3,3,TTAATTATTGATCGTGCGAG,0,18714
TSS_1414_storz_regulondb,0.25,3,3,TTAATGGGCATCTTCATTCC,0,64947
TSS_1414_storz_regulondb,0.25,3,3,TTAAGTGCTATCGCAGGATC,0,10427
TSS_1414_storz_regulondb,0.25,3,3,TTAAGGATCGGAAGTGATAG,0,39439
TSS_1414_storz_regulondb,0.25,3,3,TTAAGCTAGGTGCGGAAGGT,0,43781
TSS_1414_storz_regulondb,0.25,3,3,TTAAGAGTCTAGTATATTTG,0,9628
TSS_1414_storz_regulondb,0.25,3,3,TTAACACAACCTCAACCCCC,0,58455
TSS_1414_storz_regulondb,0.25,3,3,TGTTTGGTGCTCACCCTTCG,0,28693
TSS_1414_storz_regulondb,0.25,3,3,TGTTTATGTTTCAGATCCAG,0,75206
TSS_1414_storz_regulondb,0.25,3,3,TGTTTATGGAACTTTGCGCA,0,39658
TSS_1414_storz_regulondb,0.25,3,3,TGTTTATCGCGAGTTGATTA,0,77237
TSS_1414_storz_regulondb,0.25,3,3,TGTTGTTCTGAGGTGCGAGT,0,72752
TSS_1414_storz_regulondb,0.25,3,3,TGTTGGGTCCAGATCTATTA,0,20104
TSS_1414_storz_regulondb,0.25,3,3,TGTTGCGTTATTTTAGCATT,0,66897
TSS_1414_storz_regulondb,0.25,3,3,TGTTCTCGAATTCGGACGTA,0,79835
TSS_1414_storz_regulondb,0.25,3,3,TGTTCTAGCGATCCAGTCTT,0,20430
TSS_1414_storz_regulondb,0.25,3,3,TGTGTCCAGCCACAATCTAC,0,80061
TSS_1414_storz_regulondb,0.25,3,3,TGTGGTCGTGACAGACATTC,0,43957
TSS_1414_storz_regulondb,0.25,3,3,TGTGGCATTTCGCACCTCCT,0,10266
TSS_1414_storz_regulondb,0.25,3,3,TGTGGCACTTCGTCCACTCT,0,10475
TSS_1414_storz_regulondb,0.25,3,3,TGTGCCTGGCTATCTGGTAC,0,9987
TSS_1414_storz_regulondb,0.25,3,3,TGTGAAAGAATTGCAAAGAT,0,76842
TSS_1414_storz_regulondb,0.25,3,3,TGTCTACCTACAGACAGAAC,0,26684
TSS_1414_storz_regulondb,0.25,3,3,TGTCGTGGACTGAACATTCA,0,5773
TSS_1414_storz_regulondb,0.25,3,3,TGTCGCACTTATGCCTTGTC,0,52876
TSS_1414_storz_regulondb,0.25,3,3,TGTCGATGGGTTCATGATGT,0,745
TSS_1414_storz_regulondb,0.25,3,3,TGTCCGCACCTAGTAGGATA,0,32538
TSS_1414_storz_regulondb,0.25,3,3,TGTCATAGGGAAGTACCCGC,0,56538
TSS_1414_storz_regulondb,0.25,3,3,TGTCAGTCCTCCAATGAATG,0,39995
TSS_1414_storz_regulondb,0.25,3,3,TGTCACCTCGGCGTGTGTTT,0,79790
TSS_1414_storz_regulondb,0.25,3,3,TGTATTTAACTCCCTTGAGG,0,14988
TSS_1414_storz_regulondb,0.25,3,3,TGTAGAGAGCGTGACGTAGA,0,12933
TSS_1414_storz_regulondb,0.25,3,3,TGTACTTTGGGACACCTTGG,0,72103
TSS_1414_storz_regulondb,0.25,3,3,TGTACGTCGTGACGAAGTAG,0,63300
TSS_1414_storz_regulondb,0.25,3,3,TGTAATGCGTATCAGCTGCT,0,46093
TSS_1414_storz_regulondb,0.25,3,3,TGTAAGGCATTGCTAGCGTG,0,77227
TSS_1414_storz_regulondb,0.25,3,3,TGGTGGTTTGCCGTGCCCGT,0,50886
TSS_1414_storz_regulondb,0.25,3,3,TGGTGGCCCGTCACGCTAAG,0,66361
TSS_1414_storz_regulondb,0.25,3,3,TGGTGAGTATATATGTATTC,0,32877
TSS_1414_storz_regulondb,0.25,3,3,TGGTGACGAATATGCAAGGT,0,47833
TSS_1414_storz_regulondb,0.25,3,3,TGGTCGCATAGTTCCCCGGA,0,15982
TSS_1414_storz_regulondb,0.25,3,3,TGGTAGCTGCATGGGACGTC,0,71687
TSS_1414_storz_regulondb,0.25,3,3,TGGGTCTGTCACAGAGGAAA,0,45060
TSS_1414_storz_regulondb,0.25,3,3,TGGGCAACAGGCAAAATCGG,0,67195
TSS_1414_storz_regulondb,0.25,3,3,TGGGAGGCTGTGTGCAATTC,0,27573
TSS_1414_storz_regulondb,0.25,3,3,TGGGAGACTTTGATTCCCCT,0,29061
TSS_1414_storz_regulondb,0.25,3,3,TGGGAAAGTGGGCGCTGAGG,0,5664
TSS_1414_storz_regulondb,0.25,3,3,TGGCTATGGAGAATTGCACA,0,60075
TSS_1414_storz_regulondb,0.25,3,3,TGGCTAGCGCGTCCAGTCAT,0,60364
TSS_1414_storz_regulondb,0.25,3,3,TGGCTAATTCCTACTGTGGC,0,74817
TSS_1414_storz_regulondb,0.25,3,3,TGGCGAGTTAGTGCTTTGCT,0,27735
TSS_1414_storz_regulondb,0.25,3,3,TGGCGAACGCAGGTAGCAAC,0,23658
TSS_1414_storz_regulondb,0.25,3,3,TGGCCTATATTATTGGGGTT,0,5833
TSS_1414_storz_regulondb,0.25,3,3,TGGCCCGAAGCAATCAGCGG,0,10011
TSS_1414_storz_regulondb,0.25,3,3,TGGCCACTTCAGTGGAGGAC,0,31843
TSS_1414_storz_regulondb,0.25,3,3,TGGCCACGAATGCCCTCAGA,0,50371
TSS_1414_storz_regulondb,0.25,3,3,TGGCACTTGGAGAGACATAG,0,40697
TSS_1414_storz_regulondb,0.25,3,3,TGGCAACGCCTACTTGATGC,0,68492
TSS_1414_storz_regulondb,0.25,3,3,TGGATATTACTCGTAGCAAC,0,13838
TSS_1414_storz_regulondb,0.25,3,3,TGGATAATCCAGACATATAT,0,65920
TSS_1414_storz_regulondb,0.25,3,3,TGGAGTTGCTTCGTAGGAGT,0,77746
TSS_1414_storz_regulondb,0.25,3,3,TGGACACAACCTAAGTTCGT,0,73494
TSS_1414_storz_regulondb,0.25,3,3,TGGAATATTCCAAAAATCGT,0,10659
TSS_1414_storz_regulondb,0.25,3,3,TGGAAATACTCGTACGGAGT,0,61294
TSS_1414_storz_regulondb,0.25,3,3,TGGAAAACACTGTCTCCCAG,0,24746
TSS_1414_storz_regulondb,0.25,3,3,TGCTTTCGATCCAGAGCCCA,0,69745
TSS_1414_storz_regulondb,0.25,3,3,TGCTTCACCATGAAGTATCA,0,54794
TSS_1414_storz_regulondb,0.25,3,3,TGCTGTTGCGGAGATAGCTG,0,29826
TSS_1414_storz_regulondb,0.25,3,3,TGCTGCTCATCCACCCACGG,0,78361
TSS_1414_storz_regulondb,0.25,3,3,TGCTGCATTGGGTTCAACTC,0,41101
TSS_1414_storz_regulondb,0.25,3,3,TGCTCCTTTTCCGTCAGAGG,0,91
TSS_1414_storz_regulondb,0.25,3,3,TGCTATTTTCGCAGTGCGTT,0,73387
TSS_1414_storz_regulondb,0.25,3,3,TGCTAGACAATCGGGGGATC,0,64010
TSS_1414_storz_regulondb,0.25,3,3,TGCGTTAGTTCGATTGCTAT,0,21657
TSS_1414_storz_regulondb,0.25,3,3,TGCGTGCAGTTGTATAATCT,0,45196
TSS_1414_storz_regulondb,0.25,3,3,TGCGTATTTAAATACGATAC,0,6442
TSS_1414_storz_regulondb,0.25,3,3,TGCGTATCCTTTGATGTAGA,0,37974
TSS_1414_storz_regulondb,0.25,3,3,TGCGGTGTTTATGTGGGGGG,0,33277
TSS_1414_storz_regulondb,0.25,3,3,TGCGGGGCGTCCATCAGCTT,0,8306
TSS_1414_storz_regulondb,0.25,3,3,TGCGCTCAGAGTCATAACAT,0,2128
TSS_1414_storz_regulondb,0.25,3,3,TGCGCGTTCACGTATAGCAA,0,62377
TSS_1414_storz_regulondb,0.25,3,3,TGCGCCCGTTAGAGTCTGCT,0,69624
TSS_1414_storz_regulondb,0.25,3,3,TGCGCAAATAATCATCTACT,0,32300
TSS_1414_storz_regulondb,0.25,3,3,TGCGATCCATAACCATCCGT,0,47081
TSS_1414_storz_regulondb,0.25,3,3,TGCGAGCCTGCTCCGCTATG,0,79240
TSS_1414_storz_regulondb,0.25,3,3,TGCGAAGACTGTCGAGAGAC,0,532
TSS_1414_storz_regulondb,0.25,3,3,TGCCCGGGACGGCCGCAAGA,0,596
TSS_1414_storz_regulondb,0.25,3,3,TGCCCATCGGGGTCTCGTTT,0,59462
TSS_1414_storz_regulondb,0.25,3,3,TGCAGATGCTTACCCCGATC,0,52027
TSS_1414_storz_regulondb,0.25,3,3,TGCACGGGCTGTCAGTTGCT,0,51506
TSS_1414_storz_regulondb,0.25,3,3,TGATTGACTAGGTTAGTGGT,0,68164
TSS_1414_storz_regulondb,0.25,3,3,TGATGCCGCAGGGGATAGCC,0,12049
TSS_1414_storz_regulondb,0.25,3,3,TGATCTTCCCATTTTTTAGT,0,34419
TSS_1414_storz_regulondb,0.25,3,3,TGATCCGTCCCCCAGCTAAC,0,26178
TSS_1414_storz_regulondb,0.25,3,3,TGATCCACGAGAACCCATTC,0,80553
TSS_1414_storz_regulondb,0.25,3,3,TGATCAGAAGGGCCGCCCAT,0,36816
TSS_1414_storz_regulondb,0.25,3,3,TGATATCTCCCGGACATGTG,0,43445
TSS_1414_storz_regulondb,0.25,3,3,TGATAGGTGCTGATAGCTGA,0,6895
TSS_1414_storz_regulondb,0.25,3,3,TGATACTGTTGGTTGTGACT,0,48933
TSS_1414_storz_regulondb,0.25,3,3,TGATACCAGTAAGAACGGAC,0,63370
TSS_1414_storz_regulondb,0.25,3,3,TGAGTTTTATGGCTAGAACA,0,8214
TSS_1414_storz_regulondb,0.25,3,3,TGAGTCCAAATTTCTGTCTA,0,56168
TSS_1414_storz_regulondb,0.25,3,3,TGAGTAGGAATGTCATTTCG,0,36973
TSS_1414_storz_regulondb,0.25,3,3,TGAGCGTAAGAGTTAGAAAG,0,80176
TSS_1414_storz_regulondb,0.25,3,3,TGAGATGGGGACAGATTCAC,0,36088
TSS_1414_storz_regulondb,0.25,3,3,TGAGATGGCCGGACTGAAAG,0,60355
TSS_1414_storz_regulondb,0.25,3,3,TGAGAATTGCTTTTCATACT,0,73707
TSS_1414_storz_regulondb,0.25,3,3,TGAGAAAAGACCGCCCTGCA,0,44247
TSS_1414_storz_regulondb,0.25,3,3,TGACTGATTGAATACACAAG,0,65303
TSS_1414_storz_regulondb,0.25,3,3,TGACATATATGGCTCATTAG,0,49563
TSS_1414_storz_regulondb,0.25,3,3,TGAAGTATAGACCAACCCTA,0,55388
TSS_1414_storz_regulondb,0.25,3,3,TGAACTTGTTAGTTTCTATA,0,77244
TSS_1414_storz_regulondb,0.25,3,3,TGAAAGAGGGCGGACGTGGT,0,14847
TSS_1414_storz_regulondb,0.25,3,3,TCTTTGTACAGTAAACGGGG,0,11589
TSS_1414_storz_regulondb,0.25,3,3,TCTTTCGTATTTCGGGTCAA,0,38543
TSS_1414_storz_regulondb,0.25,3,3,TCTTTATGACTCAGGATCCT,0,45540
TSS_1414_storz_regulondb,0.25,3,3,TCTTGGTGGTGCCTTAATAA,0,52881
TSS_1414_storz_regulondb,0.25,3,3,TCTTGGATCGGAGTGAACAT,0,71364
TSS_1414_storz_regulondb,0.25,3,3,TCTTGCCAAGGAAGCGTCAG,0,10662
TSS_1414_storz_regulondb,0.25,3,3,TCTTGATTTACGAGTTTAAT,0,16175
TSS_1414_storz_regulondb,0.25,3,3,TCTTGACACTCGAGTGGGAT,0,58053
TSS_1414_storz_regulondb,0.25,3,3,TCTTCGGGGTTTTATCAATC,0,61248
TSS_1414_storz_regulondb,0.25,3,3,TCTTCGCAGGTTGGGGCATT,0,17497
TSS_1414_storz_regulondb,0.25,3,3,TCTTACTCGCGCTTAACAAG,0,56239
TSS_1414_storz_regulondb,0.25,3,3,TCTTAAGCCGTGCGAAGGTT,0,65181
TSS_1414_storz_regulondb,0.25,3,3,TCTTAACTCATAGCAACGTC,0,74706
TSS_1414_storz_regulondb,0.25,3,3,TCTGTCTTATTGGCAGATCT,0,69876
TSS_1414_storz_regulondb,0.25,3,3,TCTGTCAAGCACGAGCATAG,0,14947
TSS_1414_storz_regulondb,0.25,3,3,TCTGGGCAACGTTCACTACG,0,72302
TSS_1414_storz_regulondb,0.25,3,3,TCTGGGAGACAACGGATCGT,0,25702
TSS_1414_storz_regulondb,0.25,3,3,TCTGCGAGGAATATTACGGT,0,16711
TSS_1414_storz_regulondb,0.25,3,3,TCTGCGAGCTTTCATATCCT,0,79272
TSS_1414_storz_regulondb,0.25,3,3,TCTGCCCAGTCTGGCTAAAG,0,68681
TSS_1414_storz_regulondb,0.25,3,3,TCTGAACAAGAGCAGCGTAC,0,62528
TSS_1414_storz_regulondb,0.25,3,3,TCTGAAATCCACCCGTTCAC,0,5086
TSS_1414_storz_regulondb,0.25,3,3,TCTCTACTACCATAGGAGAA,0,72451
TSS_1414_storz_regulondb,0.25,3,3,TCTCGTACAGGGTGGCACTA,0,66503
TSS_1414_storz_regulondb,0.25,3,3,TCTCGGCGCCAGCAAATCCC,0,15690
TSS_1414_storz_regulondb,0.25,3,3,TCTCGCGCACTCCAAACGGC,0,32234
TSS_1414_storz_regulondb,0.25,3,3,TCTCGCGAAAAGGGTAGACT,0,62132
TSS_1414_storz_regulondb,0.25,3,3,TCTCGCAGAGGAAGACGGTA,0,50575
TSS_1414_storz_regulondb,0.25,3,3,TCTCCAACGTCTTGGCCGAG,0,2154
TSS_1414_storz_regulondb,0.25,3,3,TCTCATTTTGTTCCGATGGA,0,52646
TSS_1414_storz_regulondb,0.25,3,3,TCTCATTCACACAGCCTGGG,0,71537
TSS_1414_storz_regulondb,0.25,3,3,TCTATGTACAAGCGAACCCC,0,4351
TSS_1414_storz_regulondb,0.25,3,3,TCTATCGGGTCGAAGTGTAA,0,71294
TSS_1414_storz_regulondb,0.25,3,3,TCTAGTATCCGACGGTATCA,0,35195
TSS_1414_storz_regulondb,0.25,3,3,TCTACTGGTCGGCGAGTCAA,0,58714
TSS_1414_storz_regulondb,0.25,3,3,TCTACGAGATTATGTCCTGT,0,52107
TSS_1414_storz_regulondb,0.25,3,3,TCTAAATCGAGTTGCGGATA,0,51552
TSS_1414_storz_regulondb,0.25,3,3,TCTAAAGATTGTTACGGGGG,0,60815
TSS_1414_storz_regulondb,0.25,3,3,TCGTTCCCTAGCCACAACTT,0,27010
TSS_1414_storz_regulondb,0.25,3,3,TCGTTATGTTTATTGCGCTC,0,55729
TSS_1414_storz_regulondb,0.25,3,3,TCGTGGTGGTCTTCCAAAGA,0,58847
TSS_1414_storz_regulondb,0.25,3,3,TCGTGAGGCATGCTTATTGT,0,35126
TSS_1414_storz_regulondb,0.25,3,3,TCGTCTGCTTAACATGTCCT,0,51477
TSS_1414_storz_regulondb,0.25,3,3,TCGTCGTATCTGCGTATGAT,0,32076
TSS_1414_storz_regulondb,0.25,3,3,TCGTCCTGCCCAACGCCAAG,0,36059
TSS_1414_storz_regulondb,0.25,3,3,TCGTCATCGTCAGGATCAAA,0,46162
TSS_1414_storz_regulondb,0.25,3,3,TCGTCAGTACGTATTAGCAT,0,18942
TSS_1414_storz_regulondb,0.25,3,3,TCGTCACAAGGTGCTCCTAA,0,41523
TSS_1414_storz_regulondb,0.25,3,3,TCGTACAACGTCATCAAGAC,0,77087
TSS_1414_storz_regulondb,0.25,3,3,TCGGTTAATCCACATCTATC,0,69500
TSS_1414_storz_regulondb,0.25,3,3,TCGGTCCACAGCGTTGGGCA,0,57385
TSS_1414_storz_regulondb,0.25,3,3,TCGGTATGATGGCGGTTACT,0,26858
TSS_1414_storz_regulondb,0.25,3,3,TCGGTAGTTCACTTCTTCAT,0,4635
TSS_1414_storz_regulondb,0.25,3,3,TCGGTAGTCTAACGACCCGC,0,76475
TSS_1414_storz_regulondb,0.25,3,3,TCGGTACGTATTTAGCCGCG,0,75810
TSS_1414_storz_regulondb,0.25,3,3,TCGGTAAAAGGGTTAGTTCT,0,35167
TSS_1414_storz_regulondb,0.25,3,3,TCGGGTGAGAGCTCGGCTGG,0,43196
TSS_1414_storz_regulondb,0.25,3,3,TCGGGTATAGAAGACTCGTG,0,34850
TSS_1414_storz_regulondb,0.25,3,3,TCGGGGGCATGGTTTAGGGT,0,79922
TSS_1414_storz_regulondb,0.25,3,3,TCGGCGACTGTCAAGTCATA,0,35901
TSS_1414_storz_regulondb,0.25,3,3,TCGGCAGTACATAATCCAGA,0,12660
TSS_1414_storz_regulondb,0.25,3,3,TCGGAGTGAGGGGGATTCTT,0,28574
TSS_1414_storz_regulondb,0.25,3,3,TCGCGCGTTCCCAATAAGTG,0,50218
TSS_1414_storz_regulondb,0.25,3,3,TCGCCTTAGGTCCTCAGATA,0,12666
TSS_1414_storz_regulondb,0.25,3,3,TCGCCTCATGTTCTTCTGAT,0,15072
TSS_1414_storz_regulondb,0.25,3,3,TCGCCGACATGCGTGGCCCC,0,69790
TSS_1414_storz_regulondb,0.25,3,3,TCGCAATAAGGTAGCCGGCA,0,11069
TSS_1414_storz_regulondb,0.25,3,3,TCGAGTACAGTTTTCTGGCA,0,33545
TSS_1414_storz_regulondb,0.25,3,3,TCGAGGTTCCCAATTACTTA,0,57209
TSS_1414_storz_regulondb,0.25,3,3,TCGAGAGTTTCGGCACAAAA,0,69307
TSS_1414_storz_regulondb,0.25,3,3,TCGAGAGTGATGTGTCGTGG,0,48922
TSS_1414_storz_regulondb,0.25,3,3,TCCTTACGGATTTCGGCGCG,0,38289
TSS_1414_storz_regulondb,0.25,3,3,TCCTGACTGTAGGTTTCCTT,0,35255
TSS_1414_storz_regulondb,0.25,3,3,TCCTCCGACGCCTGACTTTA,0,40075
TSS_1414_storz_regulondb,0.25,3,3,TCCTATTAAAGCATAGTGGT,0,68683
TSS_1414_storz_regulondb,0.25,3,3,TCCTAGCCGCGGGGAGACAT,0,5478
TSS_1414_storz_regulondb,0.25,3,3,TCCTAACGGCGCGAATACCG,0,73483
TSS_1414_storz_regulondb,0.25,3,3,TCCGTTCGTAGGCGGCTGTC,0,59146
TSS_1414_storz_regulondb,0.25,3,3,TCCGTTCAATACCAGCGTTG,0,51077
TSS_1414_storz_regulondb,0.25,3,3,TCCGTCCGTCGCAAAATCGT,0,1711
TSS_1414_storz_regulondb,0.25,3,3,TCCGGTAGACTCAGAGTCAT,0,14475
TSS_1414_storz_regulondb,0.25,3,3,TCCGGCACCGTACCGGAGGA,0,50646
TSS_1414_storz_regulondb,0.25,3,3,TCCGCGTCATACCAAACGCA,0,12020
TSS_1414_storz_regulondb,0.25,3,3,TCCGCGAGTGTTTACACGGG,0,74144
TSS_1414_storz_regulondb,0.25,3,3,TCCGCCTCTATCTCCTTGTG,0,4072
TSS_1414_storz_regulondb,0.25,3,3,TCCGCCGACATATGAGTACG,0,21256
TSS_1414_storz_regulondb,0.25,3,3,TCCGACACGCTCAATCTGCT,0,78547
TSS_1414_storz_regulondb,0.25,3,3,TCCCGTTTTCGCCGCTGGGA,0,1867
TSS_1414_storz_regulondb,0.25,3,3,TCCCGTCGCGCTTGCAGGTA,0,50269
TSS_1414_storz_regulondb,0.25,3,3,TCCCGGCCTCGGCAAGGCCT,0,23262
TSS_1414_storz_regulondb,0.25,3,3,TCCCGGACCTCTCGTTCGTT,0,76242
TSS_1414_storz_regulondb,0.25,3,3,TCCCCCACTCCAAGAACGGT,0,1627
TSS_1414_storz_regulondb,0.25,3,3,TCCCACTCTCAATCAAAACC,0,15903
TSS_1414_storz_regulondb,0.25,3,3,TCCATTAATGTCTACGCTGG,0,12484
TSS_1414_storz_regulondb,0.25,3,3,TCCATGTATTCCTTGTTTGT,0,47350
TSS_1414_storz_regulondb,0.25,3,3,TCCAGTGAGCTGATCCATTC,0,67378
TSS_1414_storz_regulondb,0.25,3,3,TCCAGAATTAGTTCAGGCGG,0,14056
TSS_1414_storz_regulondb,0.25,3,3,TCCAGAAAATTCACCTGGAA,0,41994
TSS_1414_storz_regulondb,0.25,3,3,TCCACTAAGTTTTGATGCGG,0,43430
TSS_1414_storz_regulondb,0.25,3,3,TCCACCCTATTGTGAAACGG,0,41395
TSS_1414_storz_regulondb,0.25,3,3,TCCACCCCCAGAGATGTCAA,0,68877
TSS_1414_storz_regulondb,0.25,3,3,TCCACAGTTCTATATGTCAC,0,68817
TSS_1414_storz_regulondb,0.25,3,3,TCCACAGGTCAATTCGGGAT,0,5933
TSS_1414_storz_regulondb,0.25,3,3,TCCAACGGGATCTTTATAAG,0,16061
TSS_1414_storz_regulondb,0.25,3,3,TCCAACAGTCGTTTAAGTTG,0,53725
TSS_1414_storz_regulondb,0.25,3,3,TCATTGGCACAAGCGTCAAT,0,50633
TSS_1414_storz_regulondb,0.25,3,3,TCATTATCCGCTTTTGAATC,0,26542
TSS_1414_storz_regulondb,0.25,3,3,TCATTAAGCGTACACGCCAA,0,26342
TSS_1414_storz_regulondb,0.25,3,3,TCATGATACCCTGAGCCCTT,0,73301
TSS_1414_storz_regulondb,0.25,3,3,TCATCGAACTAAATTGATAC,0,58306
TSS_1414_storz_regulondb,0.25,3,3,TCAGTATTAAAGGGTCAAAA,0,31124
TSS_1414_storz_regulondb,0.25,3,3,TCAGGTAGAAACTACGGTAT,0,14749
TSS_1414_storz_regulondb,0.25,3,3,TCAGGGTAAAATGAAGACCA,0,9363
TSS_1414_storz_regulondb,0.25,3,3,TCAGGCGTGCTTTCAGAAAT,0,18710
TSS_1414_storz_regulondb,0.25,3,3,TCAGGCCGTGTATTGTCCCA,0,15568
TSS_1414_storz_regulondb,0.25,3,3,TCAGGAATCAAGTAGAACGA,0,45336
TSS_1414_storz_regulondb,0.25,3,3,TCAGCTGTAAGTGGTGTAAT,0,50162
TSS_1414_storz_regulondb,0.25,3,3,TCAGCTCCACGAGTAATCTG,0,64832
TSS_1414_storz_regulondb,0.25,3,3,TCAGCGTCATCGCCCTTAAC,0,51105
TSS_1414_storz_regulondb,0.25,3,3,TCAGCCATGAACCGCGTGAA,0,66138
TSS_1414_storz_regulondb,0.25,3,3,TCACTGTGACTCATTTGGCG,0,73543
TSS_1414_storz_regulondb,0.25,3,3,TCACTGGTTATAATTGAGAC,0,29308
TSS_1414_storz_regulondb,0.25,3,3,TCACATGAGTCAAAGAGTGG,0,42255
TSS_1414_storz_regulondb,0.25,3,3,TCACATCTAGGCCGCTCCGC,0,72511
TSS_1414_storz_regulondb,0.25,3,3,TCACAGGATTACCCTAGACC,0,51446
TSS_1414_storz_regulondb,0.25,3,3,TCACACCCAATCAACGACTG,0,23505
TSS_1414_storz_regulondb,0.25,3,3,TCAATTGCTCAACGTTGCAG,0,18774
TSS_1414_storz_regulondb,0.25,3,3,TCAATGCGCACCAATTCTTG,0,17156
TSS_1414_storz_regulondb,0.25,3,3,TCAATGCACACCAGGGCGAA,0,67504
TSS_1414_storz_regulondb,0.25,3,3,TCAATAACAGTTACTGCCAG,0,15767
TSS_1414_storz_regulondb,0.25,3,3,TCAAACTCGGCCCTTAACAC,0,36025
TSS_1414_storz_regulondb,0.25,3,3,TATTTTTGGCATCTTCGGTA,0,65635
TSS_1414_storz_regulondb,0.25,3,3,TATTTTGGACTGTAGTCAAC,0,78318
TSS_1414_storz_regulondb,0.25,3,3,TATTTCTTGGGCTCAAACGA,0,60482
TSS_1414_storz_regulondb,0.25,3,3,TATTTCCTCAGAGGGGTAGT,0,44128
TSS_1414_storz_regulondb,0.25,3,3,TATTGCCGCGAGGAAAATAC,0,46483
TSS_1414_storz_regulondb,0.25,3,3,TATTCTGCTCGGGGAGTGGG,0,42878
TSS_1414_storz_regulondb,0.25,3,3,TATTCGAGTGTCGTGGCTTA,0,65754
TSS_1414_storz_regulondb,0.25,3,3,TATTCCTTATATAGTCTTCG,0,17081
TSS_1414_storz_regulondb,0.25,3,3,TATTCCTGCTGAGGACATAC,0,66820
TSS_1414_storz_regulondb,0.25,3,3,TATTCCTCGATGCCCTTCAA,0,11680
TSS_1414_storz_regulondb,0.25,3,3,TATTCAGCTGCTTGATTCGT,0,22911
TSS_1414_storz_regulondb,0.25,3,3,TATTATTAGGTTCAACGGGA,0,51078
TSS_1414_storz_regulondb,0.25,3,3,TATTATATCGCTCACGTTTT,0,76699
TSS_1414_storz_regulondb,0.25,3,3,TATGTTGGAGTATGGGTTCA,0,41753
TSS_1414_storz_regulondb,0.25,3,3,TATGTTCCACGTCCTATCTT,0,69944
TSS_1414_storz_regulondb,0.25,3,3,TATGTGCGGTTCAATCAGGC,0,66859
TSS_1414_storz_regulondb,0.25,3,3,TATGTGAATGTCAGACGCTA,0,1679
TSS_1414_storz_regulondb,0.25,3,3,TATGTATGGACCGCATCGTA,0,1910
TSS_1414_storz_regulondb,0.25,3,3,TATGCTCTAGTGCAAGACTA,0,35082
TSS_1414_storz_regulondb,0.25,3,3,TATGATGATTCCCGGCGGAT,0,8239
TSS_1414_storz_regulondb,0.25,3,3,TATCTGTTTGGCGCCTGCGA,0,42707
TSS_1414_storz_regulondb,0.25,3,3,TATCTGGCACCATGAAGCGG,0,11087
TSS_1414_storz_regulondb,0.25,3,3,TATCTGGAGGCGCAAGGTTG,0,27182
TSS_1414_storz_regulondb,0.25,3,3,TATCTCCGGCCAAATGACCG,0,12603
TSS_1414_storz_regulondb,0.25,3,3,TATCTCACGGTCTCAAGGTA,0,56204
TSS_1414_storz_regulondb,0.25,3,3,TATCTAGGCATGACGTCCAT,0,80676
TSS_1414_storz_regulondb,0.25,3,3,TATCGGCGCACTTAGACCCA,0,29770
TSS_1414_storz_regulondb,0.25,3,3,TATCGCGCAAATGTTCGGAC,0,19532
TSS_1414_storz_regulondb,0.25,3,3,TATCGAAACGTTGCAGTCTG,0,58819
TSS_1414_storz_regulondb,0.25,3,3,TATCCTTATCGGAGGGCATA,0,33987
TSS_1414_storz_regulondb,0.25,3,3,TATCCGTGTTCGGCCGAAGT,0,25449
TSS_1414_storz_regulondb,0.25,3,3,TATCCCCCTGGGAGGGCTCC,0,44363
TSS_1414_storz_regulondb,0.25,3,3,TATCCAAGAGCGAGACAGGC,0,12471
TSS_1414_storz_regulondb,0.25,3,3,TATCATTGGGAAGCCAAACC,0,78287
TSS_1414_storz_regulondb,0.25,3,3,TATCATAGAAATCAATGATG,0,54739
TSS_1414_storz_regulondb,0.25,3,3,TATCAACAGCAGTAGCCTTC,0,40308
TSS_1414_storz_regulondb,0.25,3,3,TATATGTATTGTATCAAGAG,0,73307
TSS_1414_storz_regulondb,0.25,3,3,TATAGCTGTCTTGCCCACTA,0,41270
TSS_1414_storz_regulondb,0.25,3,3,TATAGCGTCCCACCTACCTC,0,74287
TSS_1414_storz_regulondb,0.25,3,3,TATAGCGAGGGTGCTAGGAC,0,72848
TSS_1414_storz_regulondb,0.25,3,3,TATAGATATGCAACATTTCC,0,24215
TSS_1414_storz_regulondb,0.25,3,3,TATAAGTTACATAATGCCGA,0,74021
TSS_1414_storz_regulondb,0.25,3,3,TAGTCGTCCTTGGGTAGACT,0,16911
TSS_1414_storz_regulondb,0.25,3,3,TAGTCAATTCTACAAGAGCA,0,48392
TSS_1414_storz_regulondb,0.25,3,3,TAGGTTGCGTATGGATCCCC,0,25105
TSS_1414_storz_regulondb,0.25,3,3,TAGGTGGGGCCACAAGCCCG,0,10789
TSS_1414_storz_regulondb,0.25,3,3,TAGGTCTTCAGCATCTGCTT,0,29935
TSS_1414_storz_regulondb,0.25,3,3,TAGGTCTACTCCTACTTGGA,0,34851
TSS_1414_storz_regulondb,0.25,3,3,TAGGTAATGAAGGTTCGCCT,0,79904
TSS_1414_storz_regulondb,0.25,3,3,TAGGGAACGCGGCATGAACC,0,75926
TSS_1414_storz_regulondb,0.25,3,3,TAGGCCGGTGAAGTTCACTG,0,50751
TSS_1414_storz_regulondb,0.25,3,3,TAGGCCCCCGGGACACGGCT,0,17154
TSS_1414_storz_regulondb,0.25,3,3,TAGGATTGATCCTCACAGCG,0,34107
TSS_1414_storz_regulondb,0.25,3,3,TAGGATTAAAATTTTTAAGT,0,14624
TSS_1414_storz_regulondb,0.25,3,3,TAGGAGTTTACCGTCCACAG,0,53944
TSS_1414_storz_regulondb,0.25,3,3,TAGCTTCAGTACTGCCAATT,0,47840
TSS_1414_storz_regulondb,0.25,3,3,TAGCTGGCTCAGATTCCGTC,0,24559
TSS_1414_storz_regulondb,0.25,3,3,TAGCTGCCGCACTTGGCGGG,0,70120
TSS_1414_storz_regulondb,0.25,3,3,TAGCTCAGGTGATAACTGGC,0,27382
TSS_1414_storz_regulondb,0.25,3,3,TAGCCGATATGAAGAACTCT,0,52287
TSS_1414_storz_regulondb,0.25,3,3,TAGCCATTGACCACGCGACA,0,76920
TSS_1414_storz_regulondb,0.25,3,3,TAGATCGAGTAGTTTGGGAA,0,24360
TSS_1414_storz_regulondb,0.25,3,3,TAGATCAAACATCATTCGAC,0,65127
TSS_1414_storz_regulondb,0.25,3,3,TAGAGTCGAAAGTACGCGCC,0,40008
TSS_1414_storz_regulondb,0.25,3,3,TAGAGGGCTTTCGCTTGGCG,0,5697
TSS_1414_storz_regulondb,0.25,3,3,TAGAGAATAAAAATGTTGTG,0,58694
TSS_1414_storz_regulondb,0.25,3,3,TAGACCATCATTGAGGAGCC,0,51966
TSS_1414_storz_regulondb,0.25,3,3,TAGAACCTATCTATTTGCCT,0,43180
TSS_1414_storz_regulondb,0.25,3,3,TAGAAAGTAGCGGGGAAGTT,0,58458
TSS_1414_storz_regulondb,0.25,3,3,TACTTAAAAAAGAGTTGACT,0,73137
TSS_1414_storz_regulondb,0.25,3,3,TACTGGGAGTGTTTATCTGG,0,5930
TSS_1414_storz_regulondb,0.25,3,3,TACTCTACGGGAAGATCTTC,0,61189
TSS_1414_storz_regulondb,0.25,3,3,TACTCATGAGGAGATCCCCT,0,51043
TSS_1414_storz_regulondb,0.25,3,3,TACGTTCCTCTCATGGTGGG,0,48557
TSS_1414_storz_regulondb,0.25,3,3,TACGGAAGGTTTCAGGGGTA,0,71152
TSS_1414_storz_regulondb,0.25,3,3,TACGCGTATACAGCAGCGGG,0,5670
TSS_1414_storz_regulondb,0.25,3,3,TACGCCGGGGGCTATCTTGT,0,45301
TSS_1414_storz_regulondb,0.25,3,3,TACGCCCGGTATCGTTTATT,0,49473
TSS_1414_storz_regulondb,0.25,3,3,TACGATTAGTTTTGGGCGCA,0,59611
TSS_1414_storz_regulondb,0.25,3,3,TACGATCTGGGTGATTGTTA,0,53178
TSS_1414_storz_regulondb,0.25,3,3,TACGAGACGCACCAACGGAG,0,40376
TSS_1414_storz_regulondb,0.25,3,3,TACGAATCTTCCCAGTCAGT,0,67442
TSS_1414_storz_regulondb,0.25,3,3,TACGAAGCAGGGCCTCGCGA,0,80108
TSS_1414_storz_regulondb,0.25,3,3,TACCTTGAGTTAAACATGCA,0,9186
TSS_1414_storz_regulondb,0.25,3,3,TACCTGTCGCATTAATTTTT,0,12299
TSS_1414_storz_regulondb,0.25,3,3,TACCTCTTTCATAGCCTCCG,0,6959
TSS_1414_storz_regulondb,0.25,3,3,TACCTAAAAAGGGTTACAGT,0,17512
TSS_1414_storz_regulondb,0.25,3,3,TACCGTTATACACATCGACT,0,20809
TSS_1414_storz_regulondb,0.25,3,3,TACCCGTTGGACTCTACCAT,0,19454
TSS_1414_storz_regulondb,0.25,3,3,TACCATGACTCGTGAAAAGT,0,40799
TSS_1414_storz_regulondb,0.25,3,3,TACCAGGCTGGGTCCAATCT,0,35487
TSS_1414_storz_regulondb,0.25,3,3,TACCACGGACGCCTTGGAAG,0,56405
TSS_1414_storz_regulondb,0.25,3,3,TACCACAGGGCGAGTAACAA,0,51312
TSS_1414_storz_regulondb,0.25,3,3,TACCACACACTTTAACAACT,0,6526
TSS_1414_storz_regulondb,0.25,3,3,TACATTGAGTAGAAAGCGCG,0,44455
TSS_1414_storz_regulondb,0.25,3,3,TACATTAACGGCAGAAGATG,0,38768
TSS_1414_storz_regulondb,0.25,3,3,TACAGTTGGCCCTATACTGC,0,9183
TSS_1414_storz_regulondb,0.25,3,3,TACAGGCGGTTGGTTAAAAA,0,54684
TSS_1414_storz_regulondb,0.25,3,3,TACAGAGCGAAGAAAGGTAT,0,77565
TSS_1414_storz_regulondb,0.25,3,3,TACACTCACTGTCCAAGCTA,0,46553
TSS_1414_storz_regulondb,0.25,3,3,TACACATGTTCCGAGTGGCA,0,38869
TSS_1414_storz_regulondb,0.25,3,3,TACACACGATTCAGCAGATT,0,73407
TSS_1414_storz_regulondb,0.25,3,3,TACAATCTATTCGTAAAGGT,0,14166
TSS_1414_storz_regulondb,0.25,3,3,TACAAGATCCCACGATAAGA,0,22232
TSS_1414_storz_regulondb,0.25,3,3,TACAAATGAGCTTCGGTCGT,0,28371
TSS_1414_storz_regulondb,0.25,3,3,TAATTTAAGGCCCAACAGAA,0,20581
TSS_1414_storz_regulondb,0.25,3,3,TAATTGGTTAAAGCTGAAAA,0,71032
TSS_1414_storz_regulondb,0.25,3,3,TAATTGGGCTATTGTAGATA,0,18724
TSS_1414_storz_regulondb,0.25,3,3,TAATTCGGTTCACATATAGG,0,1614
TSS_1414_storz_regulondb,0.25,3,3,TAATGGCTCCTTCAGCCCGC,0,5771
TSS_1414_storz_regulondb,0.25,3,3,TAATCGCTATGCGGGTAGCT,0,33979
TSS_1414_storz_regulondb,0.25,3,3,TAATCATCGCAATTGTCCAG,0,55793
TSS_1414_storz_regulondb,0.25,3,3,TAATCAGTTCACAACAGTTG,0,51441
TSS_1414_storz_regulondb,0.25,3,3,TAATATATGACGGATCAGTT,0,7573
TSS_1414_storz_regulondb,0.25,3,3,TAATATAATTATACACCGAT,0,41112
TSS_1414_storz_regulondb,0.25,3,3,TAATAGGAGGACGTACGAGA,0,18766
TSS_1414_storz_regulondb,0.25,3,3,TAAGTCGGTGTCATCCAGGT,0,23241
TSS_1414_storz_regulondb,0.25,3,3,TAAGGCCTTTAACGTTTCAT,0,34757
TSS_1414_storz_regulondb,0.25,3,3,TAAGAAAAGTGCGGAACGGG,0,10397
TSS_1414_storz_regulondb,0.25,3,3,TAACGCCATGGGATTTAGAG,0,64127
TSS_1414_storz_regulondb,0.25,3,3,TAACCTGAGCATCCTTGGTC,0,11130
TSS_1414_storz_regulondb,0.25,3,3,TAACAGATAAAAAGTCGCCC,0,72397
TSS_1414_storz_regulondb,0.25,3,3,TAACACGTTCCAGAACAGAA,0,36555
TSS_1414_storz_regulondb,0.25,3,3,TAACACGAGCAATGCCCGGG,0,19415
TSS_1414_storz_regulondb,0.25,3,3,TAAATTCGGGAAGAAGGTCC,0,56029
TSS_1414_storz_regulondb,0.25,3,3,TAAATGGCTTTCCGCTACTG,0,38990
TSS_1414_storz_regulondb,0.25,3,3,TAAATGCTGACAGTAAAACA,0,55923
TSS_1414_storz_regulondb,0.25,3,3,TAAAGCGGACGATAAGACTA,0,58687
TSS_1414_storz_regulondb,0.25,3,3,TAAAGACGTAAATTTGTGGC,0,19241
TSS_1414_storz_regulondb,0.25,3,3,TAAACGGTCAGGCTGTATAT,0,3974
TSS_1414_storz_regulondb,0.25,3,3,TAAAACGAAGGAAATCCGAT,0,16935
TSS_1414_storz_regulondb,0.25,3,3,TAAAAATGTCCACGGTACGT,0,23258
TSS_1414_storz_regulondb,0.25,3,3,TAAAAATATCTACCGGGCGC,0,20379
TSS_1414_storz_regulondb,0.25,3,3,GTTTTCTACGGCCGCAAAAT,0,8125
TSS_1414_storz_regulondb,0.25,3,3,GTTTTCGGGGTGCTCCTAGT,0,77142
TSS_1414_storz_regulondb,0.25,3,3,GTTTTCCACGCCTAAGCCTG,0,25634
TSS_1414_storz_regulondb,0.25,3,3,GTTTTCAATGCTGGGCCAGG,0,1857
TSS_1414_storz_regulondb,0.25,3,3,GTTTGTATCGGTACTTCAAG,0,8854
TSS_1414_storz_regulondb,0.25,3,3,GTTTGAGTTAACGGCCTTAG,0,2436
TSS_1414_storz_regulondb,0.25,3,3,GTTTCTGTATCACTCGGGTT,0,60005
TSS_1414_storz_regulondb,0.25,3,3,GTTTCTCCCCTAACCAAACC,0,48124
TSS_1414_storz_regulondb,0.25,3,3,GTTTCGTTTTCTGTATCATA,0,51568
TSS_1414_storz_regulondb,0.25,3,3,GTTTCATTACGCACAACCTC,0,6435
TSS_1414_storz_regulondb,0.25,3,3,GTTTATTGTCTGTACCACGC,0,52326
TSS_1414_storz_regulondb,0.25,3,3,GTTTATGGTACATGCACCTA,0,62770
TSS_1414_storz_regulondb,0.25,3,3,GTTGTTGCCACCATTGGACT,0,13231
TSS_1414_storz_regulondb,0.25,3,3,GTTGTTCGTGGGATGTTATA,0,6008
TSS_1414_storz_regulondb,0.25,3,3,GTTGGTGACCATGAGGCGCC,0,70393
TSS_1414_storz_regulondb,0.25,3,3,GTTGGGATCTCTCAATGACT,0,42087
TSS_1414_storz_regulondb,0.25,3,3,GTTGGGATCCGCACGCATGT,0,69049
TSS_1414_storz_regulondb,0.25,3,3,GTTGGACCTTGGGTCTCATT,0,40027
TSS_1414_storz_regulondb,0.25,3,3,GTTGGACATGGGATTCGATT,0,50484
TSS_1414_storz_regulondb,0.25,3,3,GTTGCTCCTGCAACATGCGA,0,1041
TSS_1414_storz_regulondb,0.25,3,3,GTTGCGTCGGGATCATAACC,0,303
TSS_1414_storz_regulondb,0.25,3,3,GTTGCCCCCTAGTGCACGAT,0,20600
TSS_1414_storz_regulondb,0.25,3,3,GTTGACCAGCGCGGGCTAAG,0,50341
TSS_1414_storz_regulondb,0.25,3,3,GTTGAATCTACCTAAGGACA,0,32400
TSS_1414_storz_regulondb,0.25,3,3,GTTCTTTCTCTCGATAGAGT,0,40858
TSS_1414_storz_regulondb,0.25,3,3,GTTCTTATGCAAAGAGCATC,0,9141
TSS_1414_storz_regulondb,0.25,3,3,GTTCTCGCAAATTCATCCGG,0,3569
TSS_1414_storz_regulondb,0.25,3,3,GTTCTCATTCGGGATGCTCC,0,1290
TSS_1414_storz_regulondb,0.25,3,3,GTTCGCGGCGTACCAAGAAT,0,15338
TSS_1414_storz_regulondb,0.25,3,3,GTTCCGTCACATCAATATTC,0,36559
TSS_1414_storz_regulondb,0.25,3,3,GTTCCCGCCTCGATCCGGTC,0,48332
TSS_1414_storz_regulondb,0.25,3,3,GTTCCCCATGAGGTGCGCTC,0,55256
TSS_1414_storz_regulondb,0.25,3,3,GTTCCACGGTGCTAGATAGA,0,54400
TSS_1414_storz_regulondb,0.25,3,3,GTTCATTCTGCGCCTAATAC,0,6695
TSS_1414_storz_regulondb,0.25,3,3,GTTCATCATTTGCCCTAATA,0,34364
TSS_1414_storz_regulondb,0.25,3,3,GTTATTCTGCGCAGAGGATT,0,44307
TSS_1414_storz_regulondb,0.25,3,3,GTTATGTCAATTGCAGTAGA,0,55796
TSS_1414_storz_regulondb,0.25,3,3,GTTATAAGGTACTTTCGTAA,0,60960
TSS_1414_storz_regulondb,0.25,3,3,GTTATAACATCAGGGTCTTG,0,31745
TSS_1414_storz_regulondb,0.25,3,3,GTTACGTACGAACCGCCGAC,0,57991
TSS_1414_storz_regulondb,0.25,3,3,GTTACGCGCGCTCGCGCATG,0,52282
TSS_1414_storz_regulondb,0.25,3,3,GTGTGCAGCCTTTGTGCCAA,0,48650
TSS_1414_storz_regulondb,0.25,3,3,GTGTGAACCCTTAGTGATGT,0,60719
TSS_1414_storz_regulondb,0.25,3,3,GTGTCTCCTACTGACGATAT,0,58786
TSS_1414_storz_regulondb,0.25,3,3,GTGTCATTGGTACAATTATC,0,52127
TSS_1414_storz_regulondb,0.25,3,3,GTGTACTCGGGCGCGCCGAA,0,29973
TSS_1414_storz_regulondb,0.25,3,3,GTGTAAGATAGGGAGTGTCC,0,35078
TSS_1414_storz_regulondb,0.25,3,3,GTGGTGCCTCCCCAGGTCGT,0,5557
TSS_1414_storz_regulondb,0.25,3,3,GTGGGTTGTTACCGACAAAC,0,18659
TSS_1414_storz_regulondb,0.25,3,3,GTGGGTGGGCCTACCGTCTG,0,25272
TSS_1414_storz_regulondb,0.25,3,3,GTGGGTAGGGCATAGGACGG,0,38394
TSS_1414_storz_regulondb,0.25,3,3,GTGGGGATTTTTCCACTACC,0,79619
TSS_1414_storz_regulondb,0.25,3,3,GTGGCATTATGTACAAAATC,0,41205
TSS_1414_storz_regulondb,0.25,3,3,GTGGCATACGATGAGCTGTG,0,60762
TSS_1414_storz_regulondb,0.25,3,3,GTGCTGTTAGCTGCACTAAA,0,66959
TSS_1414_storz_regulondb,0.25,3,3,GTGCTCTACCGCCGGTCCGT,0,34032
TSS_1414_storz_regulondb,0.25,3,3,GTGCGCGCTTAGTCCTGACT,0,8371
TSS_1414_storz_regulondb,0.25,3,3,GTGCCTATCGGATTTAAATC,0,79957
TSS_1414_storz_regulondb,0.25,3,3,GTGCCGATTGCCAGGGATCC,0,10561
TSS_1414_storz_regulondb,0.25,3,3,GTGCCCCTATTCACGGCTTG,0,56276
TSS_1414_storz_regulondb,0.25,3,3,GTGCCCACTATACTGGTCCT,0,19725
TSS_1414_storz_regulondb,0.25,3,3,GTGCCAGCACGGTTTCGTAG,0,71649
TSS_1414_storz_regulondb,0.25,3,3,GTGCCAATAGTGGGCGCCAT,0,80626
TSS_1414_storz_regulondb,0.25,3,3,GTGCAGACCGTCCTAAAGGA,0,38054
TSS_1414_storz_regulondb,0.25,3,3,GTGATGCGCCCAGAGAGCGG,0,43440
TSS_1414_storz_regulondb,0.25,3,3,GTGAGTGTAGTATTGAACTC,0,80125
TSS_1414_storz_regulondb,0.25,3,3,GTGAGGTCAATCGAATGCAT,0,54207
TSS_1414_storz_regulondb,0.25,3,3,GTGAGAGGCCTAGACATGAG,0,24036
TSS_1414_storz_regulondb,0.25,3,3,GTGACTCCACCACAAACTGC,0,36997
TSS_1414_storz_regulondb,0.25,3,3,GTGAATACTCGAAACGCATT,0,65604
TSS_1414_storz_regulondb,0.25,3,3,GTCTTTAGACGCTGAATAGA,0,29300
TSS_1414_storz_regulondb,0.25,3,3,GTCTGTGTGATCGGTTGAAT,0,36159
TSS_1414_storz_regulondb,0.25,3,3,GTCTGGCTAGGCTCCATCGG,0,80983
TSS_1414_storz_regulondb,0.25,3,3,GTCTGAGTGTACAGCTTACT,0,2308
TSS_1414_storz_regulondb,0.25,3,3,GTCTGACCACGTAAATTGGA,0,31804
TSS_1414_storz_regulondb,0.25,3,3,GTCTCCTCACTATAAAGCCA,0,74112
TSS_1414_storz_regulondb,0.25,3,3,GTCTCAATGGGCAAAAAACC,0,62128
TSS_1414_storz_regulondb,0.25,3,3,GTCTATGAGGAGGAAGACCC,0,47737
TSS_1414_storz_regulondb,0.25,3,3,GTCTAGATGCCGCAGTGGAA,0,37211
TSS_1414_storz_regulondb,0.25,3,3,GTCTAATCCTCGCTGACCCA,0,52475
TSS_1414_storz_regulondb,0.25,3,3,GTCTAATAGGTGTGAGGCGG,0,29556
TSS_1414_storz_regulondb,0.25,3,3,GTCGGTGACAGTAAATCGAA,0,29913
TSS_1414_storz_regulondb,0.25,3,3,GTCGGTCTCCAAGCGCTAGA,0,55454
TSS_1414_storz_regulondb,0.25,3,3,GTCGGCGGAACTGTGGAGGA,0,10641
TSS_1414_storz_regulondb,0.25,3,3,GTCGGAGAAATCGCAGAAGA,0,36732
TSS_1414_storz_regulondb,0.25,3,3,GTCGCTGGCTCGGCTCTGCC,0,24696
TSS_1414_storz_regulondb,0.25,3,3,GTCGCTAAAGAGGGACCCAC,0,9342
TSS_1414_storz_regulondb,0.25,3,3,GTCGATTCATATCGGGTGGT,0,41100
TSS_1414_storz_regulondb,0.25,3,3,GTCGAGGAACCGGTGAATAG,0,18093
TSS_1414_storz_regulondb,0.25,3,3,GTCGAGAGGTGTGGATTGTT,0,57294
TSS_1414_storz_regulondb,0.25,3,3,GTCCTTTACCGGAGAGGTCC,0,3076
TSS_1414_storz_regulondb,0.25,3,3,GTCCTCTATCGTGGCAAGTA,0,46511
TSS_1414_storz_regulondb,0.25,3,3,GTCCGGTGCATCGTTCTCTA,0,28788
TSS_1414_storz_regulondb,0.25,3,3,GTCCGGGCCTCCTATAGCAT,0,49899
TSS_1414_storz_regulondb,0.25,3,3,GTCCGGACTAATACTAGGCA,0,71658
TSS_1414_storz_regulondb,0.25,3,3,GTCCCTAATACTGTTAGCTT,0,63665
TSS_1414_storz_regulondb,0.25,3,3,GTCCCATGCTAAGTGATCTG,0,391
TSS_1414_storz_regulondb,0.25,3,3,GTCCAGAGGGCAACACAGGG,0,51550
TSS_1414_storz_regulondb,0.25,3,3,GTCCAGAGCTTGCGGTCATC,0,25077
TSS_1414_storz_regulondb,0.25,3,3,GTCCACGTTATCCGGCTCTA,0,68986
TSS_1414_storz_regulondb,0.25,3,3,GTCATTCTGTGTTCGCCATA,0,13982
TSS_1414_storz_regulondb,0.25,3,3,GTCAGGTTGAAATAGGATTC,0,71539
TSS_1414_storz_regulondb,0.25,3,3,GTCAGCACTCCGTCATGGCC,0,59640
TSS_1414_storz_regulondb,0.25,3,3,GTCACGAATAGGCCCGATGC,0,29981
TSS_1414_storz_regulondb,0.25,3,3,GTCACCACTTTGTTGGGCCT,0,46915
TSS_1414_storz_regulondb,0.25,3,3,GTCAAGCAACAGCTACTAAT,0,1551
TSS_1414_storz_regulondb,0.25,3,3,GTCAAATCCCCGTAGCAGAA,0,13169
TSS_1414_storz_regulondb,0.25,3,3,GTATTTATGGAGAGTATCGA,0,2875
TSS_1414_storz_regulondb,0.25,3,3,GTATTGTTCGAAGCCTCAGA,0,31466
TSS_1414_storz_regulondb,0.25,3,3,GTATTAACGTCAAATGGCCA,0,36117
TSS_1414_storz_regulondb,0.25,3,3,GTATGTAGTAACATACTATA,0,40717
TSS_1414_storz_regulondb,0.25,3,3,GTATGCAAGCTTAGTCGTAG,0,20237
TSS_1414_storz_regulondb,0.25,3,3,GTATCGGGTAGAATTCATCC,0,72525
TSS_1414_storz_regulondb,0.25,3,3,GTATCCTAGGTCATCTATTT,0,39952
TSS_1414_storz_regulondb,0.25,3,3,GTATCCCAGGAGAAACCCAA,0,58177
TSS_1414_storz_regulondb,0.25,3,3,GTATCATTAGTAGCACGGCA,0,66939
TSS_1414_storz_regulondb,0.25,3,3,GTATATCAATCGATTAAGCC,0,64481
TSS_1414_storz_regulondb,0.25,3,3,GTAGTTTCCAACACCATTTA,0,44320
TSS_1414_storz_regulondb,0.25,3,3,GTAGTCAGCGTCCGGCCCGA,0,9762
TSS_1414_storz_regulondb,0.25,3,3,GTAGGTACAAACGGCGTCCA,0,5416
TSS_1414_storz_regulondb,0.25,3,3,GTAGGAAGCCCCCACATCGG,0,41954
TSS_1414_storz_regulondb,0.25,3,3,GTAGCATTTGGATAGTGGTC,0,57216
TSS_1414_storz_regulondb,0.25,3,3,GTAGATGCTCAGCCTACTTG,0,23506
TSS_1414_storz_regulondb,0.25,3,3,GTAGATCATGGATGGCGGGT,0,62828
TSS_1414_storz_regulondb,0.25,3,3,GTAGATAAATATTTACTAAA,0,46645
TSS_1414_storz_regulondb,0.25,3,3,GTACTGTGGACCTAACCTCG,0,45515
TSS_1414_storz_regulondb,0.25,3,3,GTACTCCAAGGTCGGTCGGG,0,63968
TSS_1414_storz_regulondb,0.25,3,3,GTACGGAGCTCTGTCACTTA,0,63092
TSS_1414_storz_regulondb,0.25,3,3,GTACGCTACCGCTACGGGCA,0,65722
TSS_1414_storz_regulondb,0.25,3,3,GTACGCGACCCCACATTATC,0,51305
TSS_1414_storz_regulondb,0.25,3,3,GTACCCGTGCCCGAGACGTT,0,9896
TSS_1414_storz_regulondb,0.25,3,3,GTACCCGACTAGGTGTACAC,0,37659
TSS_1414_storz_regulondb,0.25,3,3,GTACACAGAGCACGCGGGCT,0,33599
TSS_1414_storz_regulondb,0.25,3,3,GTAATGAATAACCGACCGGG,0,14852
TSS_1414_storz_regulondb,0.25,3,3,GTAAGTGTCAGTTTGGGTTT,0,27357
TSS_1414_storz_regulondb,0.25,3,3,GTAAGCGGTACTGACCCTTC,0,945
TSS_1414_storz_regulondb,0.25,3,3,GTAAGCGATAAAAATCCCGG,0,46363
TSS_1414_storz_regulondb,0.25,3,3,GTAAGCCCTGATGCCCCGAC,0,25194
TSS_1414_storz_regulondb,0.25,3,3,GTAAGCACCATACTTGACGG,0,60596
TSS_1414_storz_regulondb,0.25,3,3,GTAACGGAAAATACTACCTA,0,40159
TSS_1414_storz_regulondb,0.25,3,3,GTAAACGTGATGGAGTGTAC,0,47975
TSS_1414_storz_regulondb,0.25,3,3,GTAAAATGTCGTTCGGCGCG,0,37398
TSS_1414_storz_regulondb,0.25,3,3,GTAAAACATCTGACTTGCTT,0,54012
TSS_1414_storz_regulondb,0.25,3,3,GGTTTTGAAAAGCTCTGGAC,0,485
TSS_1414_storz_regulondb,0.25,3,3,GGTTTGCGGTGATTTCGTCA,0,22669
TSS_1414_storz_regulondb,0.25,3,3,GGTTGGGCGAGGCAGAAAGC,0,74725
TSS_1414_storz_regulondb,0.25,3,3,GGTTGCAGGGTGCTTTGCTA,0,7832
TSS_1414_storz_regulondb,0.25,3,3,GGTTGAGGATATGTATGCGA,0,12681
TSS_1414_storz_regulondb,0.25,3,3,GGTTCTGAGCGCGGGCAGTT,0,36776
TSS_1414_storz_regulondb,0.25,3,3,GGTTCGGGGTGCCTATAGGA,0,25502
TSS_1414_storz_regulondb,0.25,3,3,GGTTACGCGAGACCGATCTG,0,33380
TSS_1414_storz_regulondb,0.25,3,3,GGTTAATCACAGATTAATCT,0,79002
TSS_1414_storz_regulondb,0.25,3,3,GGTTAAAGTCGTCATAGGGG,0,640
TSS_1414_storz_regulondb,0.25,3,3,GGTGTGAGTTTCAACTTCTG,0,19550
TSS_1414_storz_regulondb,0.25,3,3,GGTGTCATGAACCCATGACC,0,2073
TSS_1414_storz_regulondb,0.25,3,3,GGTGTATCAGAACATCTTTA,0,12419
TSS_1414_storz_regulondb,0.25,3,3,GGTGGATGAGGGGGATTTTC,0,13178
TSS_1414_storz_regulondb,0.25,3,3,GGTGCGCTAGCAAGGTGCTT,0,24332
TSS_1414_storz_regulondb,0.25,3,3,GGTGCCTTGGGTAACATGAG,0,15049
TSS_1414_storz_regulondb,0.25,3,3,GGTGCAGAGTTGTTTTACGA,0,57472
TSS_1414_storz_regulondb,0.25,3,3,GGTGCACGATCCGTCGTCTT,0,45520
TSS_1414_storz_regulondb,0.25,3,3,GGTGAACGACGCTATGGGCT,0,30630
TSS_1414_storz_regulondb,0.25,3,3,GGTCTGGATTCCACAAAACC,0,10064
TSS_1414_storz_regulondb,0.25,3,3,GGTCTCCTCTAGACCGGTTC,0,8180
TSS_1414_storz_regulondb,0.25,3,3,GGTCGGTCAACGCCAGAGGG,0,5987
TSS_1414_storz_regulondb,0.25,3,3,GGTCGAGGACTGGTATTAGG,0,80889
TSS_1414_storz_regulondb,0.25,3,3,GGTCGAAGCTGTGCGGGCGA,0,5193
TSS_1414_storz_regulondb,0.25,3,3,GGTCCGAAGGACATTTAGTT,0,32980
TSS_1414_storz_regulondb,0.25,3,3,GGTATAAGCCGTATCCTCGC,0,59007
TSS_1414_storz_regulondb,0.25,3,3,GGTATAAACGCGATGTAAGA,0,13256
TSS_1414_storz_regulondb,0.25,3,3,GGTAGTTAAGCTGGGCAAGC,0,16914
TSS_1414_storz_regulondb,0.25,3,3,GGTAGTGGGCCGTCTCACAA,0,60101
TSS_1414_storz_regulondb,0.25,3,3,GGTACTGTGTTGTGCCCGAT,0,80094
TSS_1414_storz_regulondb,0.25,3,3,GGTACTCATAGGAGAGACAG,0,61971
TSS_1414_storz_regulondb,0.25,3,3,GGTAAGTGCCCAGAATGACC,0,80087
TSS_1414_storz_regulondb,0.25,3,3,GGTAAGGAACAAACGAGGGT,0,26107
TSS_1414_storz_regulondb,0.25,3,3,GGTAAGCAATACTAAGAACA,0,60401
TSS_1414_storz_regulondb,0.25,3,3,GGTAAAGGCAGCTATCCCGG,0,11915
TSS_1414_storz_regulondb,0.25,3,3,GGGTTTGGGGGAACTATCTC,0,28067
TSS_1414_storz_regulondb,0.25,3,3,GGGTTTGATAATGAGACCGC,0,48199
TSS_1414_storz_regulondb,0.25,3,3,GGGTTCTTTCGGATGCAAAC,0,3499
TSS_1414_storz_regulondb,0.25,3,3,GGGTTAGGCGCGGCCGCACC,0,40219
TSS_1414_storz_regulondb,0.25,3,3,GGGTTAGCCACGAGTTCTTG,0,64236
TSS_1414_storz_regulondb,0.25,3,3,GGGTGGCTTGCTATTACTCA,0,67943
TSS_1414_storz_regulondb,0.25,3,3,GGGTGGACTGGTTGACGGGG,0,37038
TSS_1414_storz_regulondb,0.25,3,3,GGGTGAGGTTATACGCGTAA,0,65545
TSS_1414_storz_regulondb,0.25,3,3,GGGTCGTTGGGGGAACCCGA,0,24083
TSS_1414_storz_regulondb,0.25,3,3,GGGTCATGCGATATTTCAGG,0,18918
TSS_1414_storz_regulondb,0.25,3,3,GGGTACAGTGGCACTTAACG,0,19084
TSS_1414_storz_regulondb,0.25,3,3,GGGTAAAGACGGGCGGGTTC,0,23487
TSS_1414_storz_regulondb,0.25,3,3,GGGGTGGGTTCTGATGAGAT,0,3019
TSS_1414_storz_regulondb,0.25,3,3,GGGGCTGCGGTTCTGCTACG,0,47669
TSS_1414_storz_regulondb,0.25,3,3,GGGGCTGCACAATCCGATCC,0,27371
TSS_1414_storz_regulondb,0.25,3,3,GGGGATTTGTAGGGACACAA,0,28125
TSS_1414_storz_regulondb,0.25,3,3,GGGGAGCGTCGTTGATGTCA,0,56081
TSS_1414_storz_regulondb,0.25,3,3,GGGCTTACTCGACTCACATC,0,9221
TSS_1414_storz_regulondb,0.25,3,3,GGGCTATATAAAACTGTTAC,0,46388
TSS_1414_storz_regulondb,0.25,3,3,GGGCTATAGACTTTGCGGCA,0,57381
TSS_1414_storz_regulondb,0.25,3,3,GGGCGTCCGACAGACAAGCA,0,65673
TSS_1414_storz_regulondb,0.25,3,3,GGGCAGGGATATAGCTGGAT,0,62811
TSS_1414_storz_regulondb,0.25,3,3,GGGCAAATAGAAGAAGTTAT,0,53036
TSS_1414_storz_regulondb,0.25,3,3,GGGATGACCTCAAATAACTG,0,2366
TSS_1414_storz_regulondb,0.25,3,3,GGGATCCGAACTGCGATCCG,0,60964
TSS_1414_storz_regulondb,0.25,3,3,GGGATATCGCTTCGGGTGCA,0,21260
TSS_1414_storz_regulondb,0.25,3,3,GGGATATACGCATTGCCACA,0,64178
TSS_1414_storz_regulondb,0.25,3,3,GGGATAGAACATTGACATGA,0,69547
TSS_1414_storz_regulondb,0.25,3,3,GGGATAAATCTTTAAAGAAG,0,75647
TSS_1414_storz_regulondb,0.25,3,3,GGGAGGGGACTACAGAAGGG,0,3923
TSS_1414_storz_regulondb,0.25,3,3,GGGACCGTGCGTTCGTCGAA,0,33452
TSS_1414_storz_regulondb,0.25,3,3,GGGACAACTCACTGCAGCGT,0,55364
TSS_1414_storz_regulondb,0.25,3,3,GGGAATTGAATATGTAGGAT,0,30365
TSS_1414_storz_regulondb,0.25,3,3,GGGAATGTTCACTGTCGAGT,0,1363
TSS_1414_storz_regulondb,0.25,3,3,GGCTTTCCATCCACGTCTTC,0,75339
TSS_1414_storz_regulondb,0.25,3,3,GGCTTGGGCTTATACGCCGG,0,77236
TSS_1414_storz_regulondb,0.25,3,3,GGCTTAGCTGTTAAACACGG,0,44713
TSS_1414_storz_regulondb,0.25,3,3,GGCTGTTGTCAGTTAGGATT,0,8251
TSS_1414_storz_regulondb,0.25,3,3,GGCTGTCGCACACATGATAT,0,61652
TSS_1414_storz_regulondb,0.25,3,3,GGCTGGGTTAAGGGATGAGT,0,76210
TSS_1414_storz_regulondb,0.25,3,3,GGCTGCAGCTGTTACAGGCG,0,65428
TSS_1414_storz_regulondb,0.25,3,3,GGCTCTGTCTAGATTGAGTA,0,14614
TSS_1414_storz_regulondb,0.25,3,3,GGCTCCCGGGAAGAGGGTTA,0,43314
TSS_1414_storz_regulondb,0.25,3,3,GGCTCCAATCTTAATTCTGG,0,22602
TSS_1414_storz_regulondb,0.25,3,3,GGCGTGCCCCGTTGTTACAG,0,9611
TSS_1414_storz_regulondb,0.25,3,3,GGCGCCGCCTCGTACGATAG,0,14758
TSS_1414_storz_regulondb,0.25,3,3,GGCGACTGGCATGCCCGCGA,0,69537
TSS_1414_storz_regulondb,0.25,3,3,GGCCTTACACAATCTACATC,0,41037
TSS_1414_storz_regulondb,0.25,3,3,GGCCTCTCCTCGACTTCAGA,0,17269
TSS_1414_storz_regulondb,0.25,3,3,GGCCTAGGCGTCCACCGAAT,0,70065
TSS_1414_storz_regulondb,0.25,3,3,GGCCCCTTCTGTGCGACGGT,0,19788
TSS_1414_storz_regulondb,0.25,3,3,GGCCACCGGCGACCTATCTG,0,8960
TSS_1414_storz_regulondb,0.25,3,3,GGCATTCTGTGCCTTGGGCG,0,75919
TSS_1414_storz_regulondb,0.25,3,3,GGCATGTTACAAGACCGCCT,0,19702
TSS_1414_storz_regulondb,0.25,3,3,GGCATCGAATAATCTATGGT,0,28193
TSS_1414_storz_regulondb,0.25,3,3,GGCAGCACCAGGGGGACTGG,0,1613
TSS_1414_storz_regulondb,0.25,3,3,GGCAGAACATTAGCGCTCTA,0,65684
TSS_1414_storz_regulondb,0.25,3,3,GGCACTATCCCCAGTCTAAA,0,55506
TSS_1414_storz_regulondb,0.25,3,3,GGCACGGGGAAGATGTGTGT,0,73193
TSS_1414_storz_regulondb,0.25,3,3,GGCACCGCAATCGACTCAAC,0,24470
TSS_1414_storz_regulondb,0.25,3,3,GGCACACCAGCGGCCATGCG,0,59265
TSS_1414_storz_regulondb,0.25,3,3,GGCAATCTGGTCGATCAGTC,0,62134
TSS_1414_storz_regulondb,0.25,3,3,GGCAAGTGCATGTAGCGGGG,0,30224
TSS_1414_storz_regulondb,0.25,3,3,GGCAAGCGGATTTCGACACA,0,37906
TSS_1414_storz_regulondb,0.25,3,3,GGCAAGAAGGCGATACGTAA,0,58209
TSS_1414_storz_regulondb,0.25,3,3,GGCAACCGATATGTCTTTGG,0,31699
TSS_1414_storz_regulondb,0.25,3,3,GGCAACAGATAACACATCGT,0,37913
TSS_1414_storz_regulondb,0.25,3,3,GGCAAAAAACCAAAGGTTTT,0,60361
TSS_1414_storz_regulondb,0.25,3,3,GGATTTCCCTTGTCTCATTC,0,73359
TSS_1414_storz_regulondb,0.25,3,3,GGATTGGCTAGACACTCCTG,0,43441
TSS_1414_storz_regulondb,0.25,3,3,GGATTGCACAAACTGCTTTC,0,18775
TSS_1414_storz_regulondb,0.25,3,3,GGATTCAAGGAACGAACTTA,0,72775
TSS_1414_storz_regulondb,0.25,3,3,GGATTAACGGATGTGCACCC,0,45035
TSS_1414_storz_regulondb,0.25,3,3,GGATTAACCTTCGCCACGGA,0,33347
TSS_1414_storz_regulondb,0.25,3,3,GGATCAGATTTGCCTTCGCG,0,19617
TSS_1414_storz_regulondb,0.25,3,3,GGATATCGCGAAGCCAAACA,0,59451
TSS_1414_storz_regulondb,0.25,3,3,GGAGTTATGGCGAACGAAAC,0,42967
TSS_1414_storz_regulondb,0.25,3,3,GGAGTGTTTGCTACTGTGCG,0,46488
TSS_1414_storz_regulondb,0.25,3,3,GGAGTCCCGGGACTCAACCA,0,72339
TSS_1414_storz_regulondb,0.25,3,3,GGAGTAATGAAGGCGCTTAC,0,3475
TSS_1414_storz_regulondb,0.25,3,3,GGAGGTCGGGTGCATAGGAA,0,49509
TSS_1414_storz_regulondb,0.25,3,3,GGAGGACCCCTGAGATGGAT,0,12060
TSS_1414_storz_regulondb,0.25,3,3,GGAGCGCATTCCCGTAAGTC,0,77239
TSS_1414_storz_regulondb,0.25,3,3,GGAGATTGTGAGGATTCGGG,0,53715
TSS_1414_storz_regulondb,0.25,3,3,GGAGATACCGGGTAGGAACC,0,55656
TSS_1414_storz_regulondb,0.25,3,3,GGACTAGGAGGCTGCTATAT,0,77497
TSS_1414_storz_regulondb,0.25,3,3,GGACGGCGGGTTAATGGAGA,0,12342
TSS_1414_storz_regulondb,0.25,3,3,GGACCTGACCCAACAGCTAC,0,17957
TSS_1414_storz_regulondb,0.25,3,3,GGACCATGAGGAGTCTCCGT,0,55382
TSS_1414_storz_regulondb,0.25,3,3,GGACATGCTACAACCATAGG,0,61214
TSS_1414_storz_regulondb,0.25,3,3,GGACACTTATCGGGAGTACT,0,40489
TSS_1414_storz_regulondb,0.25,3,3,GGAATTGCTTCAAGTTTAAT,0,74134
TSS_1414_storz_regulondb,0.25,3,3,GGAATGGTCTCACGTTAAGA,0,14143
TSS_1414_storz_regulondb,0.25,3,3,GGAACGGATGATACACCGGG,0,36841
TSS_1414_storz_regulondb,0.25,3,3,GGAACCTGTCCTAGGTTTTG,0,42597
TSS_1414_storz_regulondb,0.25,3,3,GGAAAGTATAACCAGCTGGT,0,33834
TSS_1414_storz_regulondb,0.25,3,3,GGAAAGATGGGCCACATAAG,0,3978
TSS_1414_storz_regulondb,0.25,3,3,GGAAAGAATCTGTTCATTAT,0,5596
TSS_1414_storz_regulondb,0.25,3,3,GGAAACCCTATTGATGAGGG,0,79522
TSS_1414_storz_regulondb,0.25,3,3,GGAAAAGGTATTGACCCGTA,0,54392
TSS_1414_storz_regulondb,0.25,3,3,GCTTTTTATGTAACAAGAAA,0,32150
TSS_1414_storz_regulondb,0.25,3,3,GCTTTTTAATTCTATGGATA,0,23018
TSS_1414_storz_regulondb,0.25,3,3,GCTTTGTAGCTGAGTGTGAG,0,19474
TSS_1414_storz_regulondb,0.25,3,3,GCTTTCGTGGAGTCACACTA,0,40227
TSS_1414_storz_regulondb,0.25,3,3,GCTTTCGGGCCATAGAACGT,0,17195
TSS_1414_storz_regulondb,0.25,3,3,GCTTGCAATCCACAATCCTC,0,17541
TSS_1414_storz_regulondb,0.25,3,3,GCTTCGTTGGTTTAAGCGAC,0,72802
TSS_1414_storz_regulondb,0.25,3,3,GCTTACCCGAGAATGTTCTG,0,3002
TSS_1414_storz_regulondb,0.25,3,3,GCTTAAAGACCTTGTGGAAC,0,39057
TSS_1414_storz_regulondb,0.25,3,3,GCTGTCAATGTCGTCCACGT,0,78942
TSS_1414_storz_regulondb,0.25,3,3,GCTGTAGCGCGTTCGCATAC,0,66877
TSS_1414_storz_regulondb,0.25,3,3,GCTGTAAACATCCGCTATGT,0,51451
TSS_1414_storz_regulondb,0.25,3,3,GCTGGGCTACTTTATAGGCA,0,15404
TSS_1414_storz_regulondb,0.25,3,3,GCTGCGTGGAGCGAATGCAA,0,68349
TSS_1414_storz_regulondb,0.25,3,3,GCTGCGGTAGAACAGTGATA,0,79808
TSS_1414_storz_regulondb,0.25,3,3,GCTGCGCTGTGGACTCGGTA,0,71484
TSS_1414_storz_regulondb,0.25,3,3,GCTGACGAACACGTATTATG,0,5843
TSS_1414_storz_regulondb,0.25,3,3,GCTCTCGGTCTACTGATTAG,0,79243
TSS_1414_storz_regulondb,0.25,3,3,GCTCGGTAAGGAAAAACAAG,0,42110
TSS_1414_storz_regulondb,0.25,3,3,GCTCGGGTACGCAGCGGCGG,0,74670
TSS_1414_storz_regulondb,0.25,3,3,GCTCGCTGCTATGTAAATAT,0,61322
TSS_1414_storz_regulondb,0.25,3,3,GCTCGCCCGGATTTCGATCA,0,76313
TSS_1414_storz_regulondb,0.25,3,3,GCTCCGCACTATTCAGAATA,0,45398
TSS_1414_storz_regulondb,0.25,3,3,GCTCCCAATTGGACTCACCT,0,54145
TSS_1414_storz_regulondb,0.25,3,3,GCTCCAGTCCCTGCGAAGAA,0,36812
TSS_1414_storz_regulondb,0.25,3,3,GCTCCACGAGTAGTTAGCCG,0,80012
TSS_1414_storz_regulondb,0.25,3,3,GCTCAAGCCTGACAATGAGG,0,11163
TSS_1414_storz_regulondb,0.25,3,3,GCTAGGCCCGATATCAGAAT,0,70093
TSS_1414_storz_regulondb,0.25,3,3,GCTACCGTCATTGGTATAGT,0,47514
TSS_1414_storz_regulondb,0.25,3,3,GCTAATGCTCGATTGACCTC,0,3981
TSS_1414_storz_regulondb,0.25,3,3,GCTAACATCGGCCCGTTTCT,0,11331
TSS_1414_storz_regulondb,0.25,3,3,GCGTTCGGAGTGTGCTTTCC,0,35225
TSS_1414_storz_regulondb,0.25,3,3,GCGTTACTGCACGGTCCCAC,0,23373
TSS_1414_storz_regulondb,0.25,3,3,GCGTGTACTCAGGTCCACAC,0,60858
TSS_1414_storz_regulondb,0.25,3,3,GCGTGCGGTCTCACTTGGGT,0,14378
TSS_1414_storz_regulondb,0.25,3,3,GCGTGCCAAAAGAAGTGCTA,0,1427
TSS_1414_storz_regulondb,0.25,3,3,GCGTGAGGCGGGATGATCTC,0,46932
TSS_1414_storz_regulondb,0.25,3,3,GCGTCGTTCGGCCGATGTGC,0,62277
TSS_1414_storz_regulondb,0.25,3,3,GCGTATGGATAAGTCTTACA,0,4858
TSS_1414_storz_regulondb,0.25,3,3,GCGTATCGGGGGTATATATA,0,24903
TSS_1414_storz_regulondb,0.25,3,3,GCGTAGGGTATGCGCTGAGA,0,66821
TSS_1414_storz_regulondb,0.25,3,3,GCGGTTCTATGCAGGAGAAT,0,13153
TSS_1414_storz_regulondb,0.25,3,3,GCGGGCATACAGCTGGGCGA,0,25642
TSS_1414_storz_regulondb,0.25,3,3,GCGGCCCCCTACTAGGTTTA,0,49647
TSS_1414_storz_regulondb,0.25,3,3,GCGGATTCATAAGATATAGG,0,55526
TSS_1414_storz_regulondb,0.25,3,3,GCGGAGGATTCTAATTCATT,0,13456
TSS_1414_storz_regulondb,0.25,3,3,GCGCTTAGTTTCATCGAGTC,0,16877
TSS_1414_storz_regulondb,0.25,3,3,GCGCTGTTAAATCCGGTGTC,0,35628
TSS_1414_storz_regulondb,0.25,3,3,GCGCTGTGTGTAGCGAATAA,0,32430
TSS_1414_storz_regulondb,0.25,3,3,GCGCTGTGTAAATGAGGCTC,0,20883
TSS_1414_storz_regulondb,0.25,3,3,GCGCTGATGGCTCTTTTTCG,0,30444
TSS_1414_storz_regulondb,0.25,3,3,GCGCTAGCTAAGCGGGCATC,0,53971
TSS_1414_storz_regulondb,0.25,3,3,GCGCGGGCCAGCTGCCGGGC,0,61156
TSS_1414_storz_regulondb,0.25,3,3,GCGCGCCACGCCCCCCGTCT,0,34114
TSS_1414_storz_regulondb,0.25,3,3,GCGCGCAATGGCGTATCCGG,0,1095
TSS_1414_storz_regulondb,0.25,3,3,GCGCGCAATATAACTTGCGT,0,40506
TSS_1414_storz_regulondb,0.25,3,3,GCGCAGTGTAGGCCGTAACG,0,858
TSS_1414_storz_regulondb,0.25,3,3,GCGATTCCCGTACAGCAGGA,0,80649
TSS_1414_storz_regulondb,0.25,3,3,GCGAGCCTAAATTTGGGACA,0,71013
TSS_1414_storz_regulondb,0.25,3,3,GCGAGACTACTTAGTCTGAA,0,73081
TSS_1414_storz_regulondb,0.25,3,3,GCCTTTGGAAGAGACCCGCA,0,35179
TSS_1414_storz_regulondb,0.25,3,3,GCCTTATGTGTCGGGCGCTC,0,35013
TSS_1414_storz_regulondb,0.25,3,3,GCCTGCGTGTTCTCGGACCG,0,20658
TSS_1414_storz_regulondb,0.25,3,3,GCCTCTTAACGTCGTTAACG,0,54310
TSS_1414_storz_regulondb,0.25,3,3,GCCTCGTGAGGGGTATTAAT,0,22986
TSS_1414_storz_regulondb,0.25,3,3,GCCTCAGTGTATAAACAACG,0,2441
TSS_1414_storz_regulondb,0.25,3,3,GCCTAGCATCGCCTTCGGGC,0,19244
TSS_1414_storz_regulondb,0.25,3,3,GCCTACGCTTCCTGAATTCA,0,62331
TSS_1414_storz_regulondb,0.25,3,3,GCCTAATAGAGTGAGGTCCG,0,72399
TSS_1414_storz_regulondb,0.25,3,3,GCCGTTCAACATTGAATAAT,0,14528
TSS_1414_storz_regulondb,0.25,3,3,GCCGTTATAATCAAGAGCAT,0,72306
TSS_1414_storz_regulondb,0.25,3,3,GCCGTACTCCTGGCCTTTCA,0,34113
TSS_1414_storz_regulondb,0.25,3,3,GCCGGTATATCAGACTGAGT,0,18550
TSS_1414_storz_regulondb,0.25,3,3,GCCGGTACCCGTCGGCAATT,0,68417
TSS_1414_storz_regulondb,0.25,3,3,GCCGGGAAATCCGCTATCAT,0,6633
TSS_1414_storz_regulondb,0.25,3,3,GCCGGCTGGGAACCTCTCAA,0,80324
TSS_1414_storz_regulondb,0.25,3,3,GCCGCGTGACGATCTTTCTC,0,69990
TSS_1414_storz_regulondb,0.25,3,3,GCCGATAGACAAAGGTAGGG,0,539
TSS_1414_storz_regulondb,0.25,3,3,GCCGAGGCAATGGTAGCCGG,0,57710
TSS_1414_storz_regulondb,0.25,3,3,GCCGAGAGCGCGCAAGGGGG,0,63876
TSS_1414_storz_regulondb,0.25,3,3,GCCGAATGTTCTGGGGTAAT,0,66563
TSS_1414_storz_regulondb,0.25,3,3,GCCCTAGTGTATTCTTGGAC,0,35555
TSS_1414_storz_regulondb,0.25,3,3,GCCCGTCTTTACGCGCATTA,0,31958
TSS_1414_storz_regulondb,0.25,3,3,GCCCGGTAGTGCTGGGGCGA,0,22839
TSS_1414_storz_regulondb,0.25,3,3,GCCCGGGTGAGAGGTGATTT,0,43557
TSS_1414_storz_regulondb,0.25,3,3,GCCCGGGTCTTACGTGATAG,0,64990
TSS_1414_storz_regulondb,0.25,3,3,GCCCGCGCGATGAACTGCTG,0,8829
TSS_1414_storz_regulondb,0.25,3,3,GCCCCTGATGAAAATCCGGA,0,23395
TSS_1414_storz_regulondb,0.25,3,3,GCCCCGTGAAGGTACTCAAC,0,51728
TSS_1414_storz_regulondb,0.25,3,3,GCCCCGCCAGTATCATTGCA,0,64989
TSS_1414_storz_regulondb,0.25,3,3,GCCCCATCTTGGTTGCTCCT,0,13608
TSS_1414_storz_regulondb,0.25,3,3,GCCCATTATTTGGGTACCTC,0,34925
TSS_1414_storz_regulondb,0.25,3,3,GCCCACAATTCAAACATCTG,0,18586
TSS_1414_storz_regulondb,0.25,3,3,GCCAGTCAACGTGTATGCGG,0,1254
TSS_1414_storz_regulondb,0.25,3,3,GCCAGGATGGTCCATGCGAA,0,141
TSS_1414_storz_regulondb,0.25,3,3,GCCAGCCCAGAGAAGATCCG,0,53546
TSS_1414_storz_regulondb,0.25,3,3,GCCAGATCCGTCAAGAAGAC,0,79827
TSS_1414_storz_regulondb,0.25,3,3,GCCACGGCGGGCTTGGTGGC,0,23119
TSS_1414_storz_regulondb,0.25,3,3,GCCACAGCTCAGGGCGGGCA,0,64341
TSS_1414_storz_regulondb,0.25,3,3,GCCACAATCTTATAAAGATA,0,53268
TSS_1414_storz_regulondb,0.25,3,3,GCCAATTCGGAGACCATAAT,0,33514
TSS_1414_storz_regulondb,0.25,3,3,GCATTCGACGTGCCCGATTG,0,56105
TSS_1414_storz_regulondb,0.25,3,3,GCATTATCGAGTAAATTACA,0,47746
TSS_1414_storz_regulondb,0.25,3,3,GCATGTCAGTTTAACGCTGG,0,78131
TSS_1414_storz_regulondb,0.25,3,3,GCATGCTAATCGGTTAATTG,0,58602
TSS_1414_storz_regulondb,0.25,3,3,GCATCTTCTCGAAGCCTCAG,0,42251
TSS_1414_storz_regulondb,0.25,3,3,GCATCTGGACAGATTTACAC,0,78160
TSS_1414_storz_regulondb,0.25,3,3,GCATCCCTGGAATACCAGCG,0,53551
TSS_1414_storz_regulondb,0.25,3,3,GCATCAGGATTAGAGAATTT,0,23533
TSS_1414_storz_regulondb,0.25,3,3,GCATCAAACAACTTAGGTTA,0,32843
TSS_1414_storz_regulondb,0.25,3,3,GCATATTGGGGTGGCCCGCG,0,56765
TSS_1414_storz_regulondb,0.25,3,3,GCATATAGTTATCATATTGC,0,45061
TSS_1414_storz_regulondb,0.25,3,3,GCATAGCTCTTCGTTACTGG,0,22933
TSS_1414_storz_regulondb,0.25,3,3,GCAGTGGTCTGCTAACACGA,0,59004
TSS_1414_storz_regulondb,0.25,3,3,GCAGTGGTACGAACACGTTG,0,41167
TSS_1414_storz_regulondb,0.25,3,3,GCAGGAGGGCAGGGGGGGTG,0,74206
TSS_1414_storz_regulondb,0.25,3,3,GCAGCTGATTGCAAAAGGAG,0,45354
TSS_1414_storz_regulondb,0.25,3,3,GCAGCGAGCGTTCAGTGCCA,0,42507
TSS_1414_storz_regulondb,0.25,3,3,GCAGATCAATGACCTTAGGA,0,69171
TSS_1414_storz_regulondb,0.25,3,3,GCACTTGGATCCTCCAGAGT,0,14734
TSS_1414_storz_regulondb,0.25,3,3,GCACTCACCAATAGCTACAT,0,59099
TSS_1414_storz_regulondb,0.25,3,3,GCACGTTGTGCGCGAATATA,0,32265
TSS_1414_storz_regulondb,0.25,3,3,GCACGAGTTTCACTTACTTT,0,10652
TSS_1414_storz_regulondb,0.25,3,3,GCACCGCCTAGCGGATATTG,0,72659
TSS_1414_storz_regulondb,0.25,3,3,GCACCCTGACTACCGCCCGT,0,23253
TSS_1414_storz_regulondb,0.25,3,3,GCACACGGCGGGCAGAATTA,0,74406
TSS_1414_storz_regulondb,0.25,3,3,GCACACCGTGGCACTGTGAC,0,31996
TSS_1414_storz_regulondb,0.25,3,3,GCACAAGCCTCGTAATGTGG,0,45746
TSS_1414_storz_regulondb,0.25,3,3,GCAATAAAGTGGCCCTTGCA,0,14945
TSS_1414_storz_regulondb,0.25,3,3,GCAAGGGCTGTCAAACACAT,0,14555
TSS_1414_storz_regulondb,0.25,3,3,GCAACTCTGGATGAGAAGCC,0,25779
TSS_1414_storz_regulondb,0.25,3,3,GCAACAGGGTCAGTCAGAGG,0,74459
TSS_1414_storz_regulondb,0.25,3,3,GCAAATACCACGCGTGCTGA,0,51274
TSS_1414_storz_regulondb,0.25,3,3,GCAAAGCGTAGACGATTATA,0,66314
TSS_1414_storz_regulondb,0.25,3,3,GATTTGTATAATCATATTTG,0,33054
TSS_1414_storz_regulondb,0.25,3,3,GATTCGTTCTCGTAATGTCT,0,50889
TSS_1414_storz_regulondb,0.25,3,3,GATTCGACTAGGGCACGTAA,0,22674
TSS_1414_storz_regulondb,0.25,3,3,GATTCATGTTATTACTTGTT,0,24345
TSS_1414_storz_regulondb,0.25,3,3,GATGTCATACCTATCAAGGT,0,45909
TSS_1414_storz_regulondb,0.25,3,3,GATGTACATCGGCTCGTTTC,0,37656
TSS_1414_storz_regulondb,0.25,3,3,GATGTAACACACTATAAAAA,0,30331
TSS_1414_storz_regulondb,0.25,3,3,GATGGGATTGAAATACAAGG,0,10596
TSS_1414_storz_regulondb,0.25,3,3,GATGATCTCACAGTAAGCAA,0,75433
TSS_1414_storz_regulondb,0.25,3,3,GATGACACAGCACTCCCCAA,0,75033
TSS_1414_storz_regulondb,0.25,3,3,GATCTTCCTATCTTCCACAC,0,24135
TSS_1414_storz_regulondb,0.25,3,3,GATCTCTTAGAGTAGCCAGA,0,17702
TSS_1414_storz_regulondb,0.25,3,3,GATCGGACTCGCAACTAAGC,0,13627
TSS_1414_storz_regulondb,0.25,3,3,GATCCTCTATGCTCCAATGT,0,35714
TSS_1414_storz_regulondb,0.25,3,3,GATCCTCCCTGCGTCGAGCC,0,68042
TSS_1414_storz_regulondb,0.25,3,3,GATCCATACCACTGGCCAAC,0,77095
TSS_1414_storz_regulondb,0.25,3,3,GATATTGCCAAACTTAGCTA,0,60084
TSS_1414_storz_regulondb,0.25,3,3,GATATCAACCCGACAGCTTA,0,18493
TSS_1414_storz_regulondb,0.25,3,3,GATAGCTACGCGAGAATTCG,0,73647
TSS_1414_storz_regulondb,0.25,3,3,GATACTATCAGCTCATGATG,0,76116
TSS_1414_storz_regulondb,0.25,3,3,GATACGTCTATCCTCTTGAA,0,62232
TSS_1414_storz_regulondb,0.25,3,3,GATACACTTTTTAGTGGAAG,0,65970
TSS_1414_storz_regulondb,0.25,3,3,GATAAGCACTCGTATAGTTC,0,43613
TSS_1414_storz_regulondb,0.25,3,3,GATAAAACGATTCAGCTCGG,0,68538
TSS_1414_storz_regulondb,0.25,3,3,GAGTTCGACCTCCGGTTGGC,0,74678
TSS_1414_storz_regulondb,0.25,3,3,GAGTTAGCGGCAGTCATCCC,0,7436
TSS_1414_storz_regulondb,0.25,3,3,GAGTGTTTTCGGTGCCTCTG,0,55251
TSS_1414_storz_regulondb,0.25,3,3,GAGTGCTCGGGTGATCAGAC,0,61210
TSS_1414_storz_regulondb,0.25,3,3,GAGTGCGCATACTGTGGTCT,0,57818
TSS_1414_storz_regulondb,0.25,3,3,GAGTGCCTGCGGATTAGGCG,0,44515
TSS_1414_storz_regulondb,0.25,3,3,GAGTGCCCCGCCCCAGGCCC,0,32168
TSS_1414_storz_regulondb,0.25,3,3,GAGTGAGCTGTTGGTTTCAA,0,76038
TSS_1414_storz_regulondb,0.25,3,3,GAGTCCTACGCTGCGATTCT,0,79725
TSS_1414_storz_regulondb,0.25,3,3,GAGTATTTGCGTAGTTGCCC,0,25614
TSS_1414_storz_regulondb,0.25,3,3,GAGGTGATAGTGGTGCTATT,0,35437
TSS_1414_storz_regulondb,0.25,3,3,GAGGTCGGGCTTGGCAGCTC,0,50412
TSS_1414_storz_regulondb,0.25,3,3,GAGGGTCCTAGGTATCTGAA,0,75293
TSS_1414_storz_regulondb,0.25,3,3,GAGGGTCAGGATTCACGGGT,0,20317
TSS_1414_storz_regulondb,0.25,3,3,GAGGCAACACATGAGCAGGT,0,38557
TSS_1414_storz_regulondb,0.25,3,3,GAGCTTGCAGTAGGTCTTTC,0,12560
TSS_1414_storz_regulondb,0.25,3,3,GAGCTGGTTCAACGTATGAA,0,38670
TSS_1414_storz_regulondb,0.25,3,3,GAGCTCGCATAATGGCTGGA,0,78161
TSS_1414_storz_regulondb,0.25,3,3,GAGCCTCATAAATCAGTAAT,0,17596
TSS_1414_storz_regulondb,0.25,3,3,GAGCATTTTACGTGCGCGTC,0,58894
TSS_1414_storz_regulondb,0.25,3,3,GAGATCCCTTCCTTAGCCGG,0,54194
TSS_1414_storz_regulondb,0.25,3,3,GAGATCATTATAACGTGCGC,0,48865
TSS_1414_storz_regulondb,0.25,3,3,GAGAATGGCTTGGGCGCACT,0,12605
TSS_1414_storz_regulondb,0.25,3,3,GAGAAGTCTATCCCCTATAG,0,33684
TSS_1414_storz_regulondb,0.25,3,3,GAGAACTATCGGTATGAACA,0,396
TSS_1414_storz_regulondb,0.25,3,3,GAGAACACTTTAATTCCTCT,0,14951
TSS_1414_storz_regulondb,0.25,3,3,GACTTGGCTATGCAGGAAGT,0,7922
TSS_1414_storz_regulondb,0.25,3,3,GACTAAAAAAGCTACCAAGA,0,56572
TSS_1414_storz_regulondb,0.25,3,3,GACGGGGGACATAGTCCCCC,0,21361
TSS_1414_storz_regulondb,0.25,3,3,GACGAGTCCCGTGGGCACAT,0,14517
TSS_1414_storz_regulondb,0.25,3,3,GACGAATGATGGTGTGTCCA,0,56117
TSS_1414_storz_regulondb,0.25,3,3,GACCTGGTTGACCTGAGCGA,0,6227
TSS_1414_storz_regulondb,0.25,3,3,GACCGTTATCGCAAATGCGT,0,28483
TSS_1414_storz_regulondb,0.25,3,3,GACCGTGTAGAAGGAACAAA,0,52328
TSS_1414_storz_regulondb,0.25,3,3,GACCATTATCCTAGGTGCCC,0,24072
TSS_1414_storz_regulondb,0.25,3,3,GACCAATTGGAGGAGGGTTT,0,54927
TSS_1414_storz_regulondb,0.25,3,3,GACATTTAAGAGATGAGGGT,0,19741
TSS_1414_storz_regulondb,0.25,3,3,GACAGTGACTAGCTTAAAGA,0,55667
TSS_1414_storz_regulondb,0.25,3,3,GACAGACCTCGTTGGACCGA,0,60224
TSS_1414_storz_regulondb,0.25,3,3,GACACTGTGCGCACATGTGT,0,49713
TSS_1414_storz_regulondb,0.25,3,3,GACACTCGTTAGTCTAAAGG,0,60367
TSS_1414_storz_regulondb,0.25,3,3,GACACGGCCTGCGAGATAGC,0,51730
TSS_1414_storz_regulondb,0.25,3,3,GACACATAAACAACGGGTAC,0,68055
TSS_1414_storz_regulondb,0.25,3,3,GACAAGTAGGGTGCTCGGAT,0,65039
TSS_1414_storz_regulondb,0.25,3,3,GACAACTGCGCCCTTTCGGA,0,57693
TSS_1414_storz_regulondb,0.25,3,3,GACAAACTTGCCGGCCCATA,0,64195
TSS_1414_storz_regulondb,0.25,3,3,GAATCGGGCAATCCGAAACT,0,78930
TSS_1414_storz_regulondb,0.25,3,3,GAATCCCGACACATTGATTT,0,35725
TSS_1414_storz_regulondb,0.25,3,3,GAATATCCGGCGTGCCTCAC,0,11150
TSS_1414_storz_regulondb,0.25,3,3,GAATACCTGCTAATCATGTT,0,16453
TSS_1414_storz_regulondb,0.25,3,3,GAAGTGTCCGACATATCTTC,0,47820
TSS_1414_storz_regulondb,0.25,3,3,GAAGTGATGGGTAGCCGGTG,0,11591
TSS_1414_storz_regulondb,0.25,3,3,GAAGGGTAACAGCGCGATTC,0,30568
TSS_1414_storz_regulondb,0.25,3,3,GAAGGGGCCAGTGACAATCA,0,64037
TSS_1414_storz_regulondb,0.25,3,3,GAAGGCAGTGGTTTATTGCC,0,49080
TSS_1414_storz_regulondb,0.25,3,3,GAAGCTCCTAATCCTTGCTA,0,52371
TSS_1414_storz_regulondb,0.25,3,3,GAAGCGCGAGACCTCATTAA,0,20469
TSS_1414_storz_regulondb,0.25,3,3,GAAGCCACGTGCCGCTGCCG,0,77601
TSS_1414_storz_regulondb,0.25,3,3,GAAGCACTTATTTTTTCTGG,0,69647
TSS_1414_storz_regulondb,0.25,3,3,GAAGATGCATGCTTTACGAG,0,61001
TSS_1414_storz_regulondb,0.25,3,3,GAAGAGGACCCCGGGTTGTA,0,9512
TSS_1414_storz_regulondb,0.25,3,3,GAAGAGACAACAAGTTCGAG,0,64110
TSS_1414_storz_regulondb,0.25,3,3,GAAGACTGTATGGTGACAGC,0,46847
TSS_1414_storz_regulondb,0.25,3,3,GAAGAATTTTGTGGCACAGC,0,59335
TSS_1414_storz_regulondb,0.25,3,3,GAACTTGGTCAGGGTTGGTT,0,51972
TSS_1414_storz_regulondb,0.25,3,3,GAACTCTTGGGCCGTGGAGT,0,62193
TSS_1414_storz_regulondb,0.25,3,3,GAACTCTGCGGAACTATTAG,0,13054
TSS_1414_storz_regulondb,0.25,3,3,GAACGGGCCAATCCCACACT,0,37987
TSS_1414_storz_regulondb,0.25,3,3,GAACGCTATGTCGCCTAGTG,0,69893
TSS_1414_storz_regulondb,0.25,3,3,GAACGAGTGAATGATACTTC,0,65275
TSS_1414_storz_regulondb,0.25,3,3,GAACGAAATGCCGTAAGGCC,0,24692
TSS_1414_storz_regulondb,0.25,3,3,GAACCGTTGACCCGAGAAGT,0,64516
TSS_1414_storz_regulondb,0.25,3,3,GAACCGGATCGTACCATCGG,0,8766
TSS_1414_storz_regulondb,0.25,3,3,GAACACCTGGTTGATGACCA,0,41354
TSS_1414_storz_regulondb,0.25,3,3,GAACAATGGTGCATCCATCC,0,43359
TSS_1414_storz_regulondb,0.25,3,3,GAAATCTTCATCCGTCTATT,0,16303
TSS_1414_storz_regulondb,0.25,3,3,GAAATCATGGGAAAACAGTG,0,44440
TSS_1414_storz_regulondb,0.25,3,3,GAAATCAACCTCCATGACGC,0,15677
TSS_1414_storz_regulondb,0.25,3,3,GAAATACGTTCGCTGTAAGC,0,77648
TSS_1414_storz_regulondb,0.25,3,3,GAAAGCAACTCGGTTCAGAT,0,73403
TSS_1414_storz_regulondb,0.25,3,3,GAAAGACACCGACATGAGTA,0,11995
TSS_1414_storz_regulondb,0.25,3,3,GAAACCCGGCGGCATTCCGC,0,2326
TSS_1414_storz_regulondb,0.25,3,3,GAAAATACTCTGGTTTAAGC,0,25786
TSS_1414_storz_regulondb,0.25,3,3,GAAAATAAGTACTCATCTAC,0,43467
TSS_1414_storz_regulondb,0.25,3,3,GAAAAGGATGGAAACTTAGA,0,67505
TSS_1414_storz_regulondb,0.25,3,3,GAAAACGCATGTAACCTGAT,0,55746
TSS_1414_storz_regulondb,0.25,3,3,CTTTTGGCGCCTAGTCAGTC,0,37933
TSS_1414_storz_regulondb,0.25,3,3,CTTTGTGTGCTTATGCTGGC,0,62922
TSS_1414_storz_regulondb,0.25,3,3,CTTTGTGGGGAATCTCAGTC,0,47341
TSS_1414_storz_regulondb,0.25,3,3,CTTTGATGCTTGACCACAAT,0,80648
TSS_1414_storz_regulondb,0.25,3,3,CTTTGATCGAACCGGTCTCG,0,61860
TSS_1414_storz_regulondb,0.25,3,3,CTTTGACCAGCACGGAGGAT,0,2140
TSS_1414_storz_regulondb,0.25,3,3,CTTTCGGCTTTCCTTCAGGC,0,16488
TSS_1414_storz_regulondb,0.25,3,3,CTTTCGCTTGTTAGATTAGG,0,26821
TSS_1414_storz_regulondb,0.25,3,3,CTTTCGCATAATACAACATA,0,28206
TSS_1414_storz_regulondb,0.25,3,3,CTTTACATCCTGACTCACCC,0,75239
TSS_1414_storz_regulondb,0.25,3,3,CTTTAAGTACTAGATTGCCA,0,43482
TSS_1414_storz_regulondb,0.25,3,3,CTTGTTTTCGAATAGCACCA,0,12063
TSS_1414_storz_regulondb,0.25,3,3,CTTGTTAAGTACTTACTTTC,0,60773
TSS_1414_storz_regulondb,0.25,3,3,CTTGTCCGATAGCACAAGAG,0,25131
TSS_1414_storz_regulondb,0.25,3,3,CTTGCCACTATGAAACGAGA,0,38273
TSS_1414_storz_regulondb,0.25,3,3,CTTGCATTGCCGCTCGGCAT,0,24329
TSS_1414_storz_regulondb,0.25,3,3,CTTGCATGTTTGTTCTCGGC,0,1567
TSS_1414_storz_regulondb,0.25,3,3,CTTGCAACTAAGTGAAGAAT,0,49068
TSS_1414_storz_regulondb,0.25,3,3,CTTCTGGTAAACCCAGTAGT,0,60860
TSS_1414_storz_regulondb,0.25,3,3,CTTCTATGACTGGGAATTGT,0,54460
TSS_1414_storz_regulondb,0.25,3,3,CTTCGAGAACGTGGTTGCGC,0,13585
TSS_1414_storz_regulondb,0.25,3,3,CTTCCTGTATCGGCGAAGAC,0,61606
TSS_1414_storz_regulondb,0.25,3,3,CTTCCGTACGCCCGGCGTAA,0,70773
TSS_1414_storz_regulondb,0.25,3,3,CTTCCGCTTGCAATGAGCGT,0,63882
TSS_1414_storz_regulondb,0.25,3,3,CTTCCCTTGTCTCGCAGATC,0,60886
TSS_1414_storz_regulondb,0.25,3,3,CTTCCCTTCACTATTCCGGC,0,56348
TSS_1414_storz_regulondb,0.25,3,3,CTTCCCATACTCTTGCACGT,0,18760
TSS_1414_storz_regulondb,0.25,3,3,CTTCAGGTGTTTCAACACCT,0,46108
TSS_1414_storz_regulondb,0.25,3,3,CTTCAGGGATATATTAAGGA,0,25938
TSS_1414_storz_regulondb,0.25,3,3,CTTCAATATCAACGTACGAA,0,77698
TSS_1414_storz_regulondb,0.25,3,3,CTTCAAGTAGCTATGCGTGC,0,47388
TSS_1414_storz_regulondb,0.25,3,3,CTTAGTAACGGAGATGATAA,0,11867
TSS_1414_storz_regulondb,0.25,3,3,CTTAGCAGAGAAACACGTGT,0,37421
TSS_1414_storz_regulondb,0.25,3,3,CTTAGATCTAACCAACCGGT,0,41744
TSS_1414_storz_regulondb,0.25,3,3,CTTAAGGTCTCTGTACACGC,0,71745
TSS_1414_storz_regulondb,0.25,3,3,CTTAACGACCAATTAGACGT,0,18555
TSS_1414_storz_regulondb,0.25,3,3,CTTAACCAAAATGTCATGTG,0,30994
TSS_1414_storz_regulondb,0.25,3,3,CTGTTTTTACAGAAACTGGG,0,55941
TSS_1414_storz_regulondb,0.25,3,3,CTGTGGATCCTGTCGGGGCT,0,57866
TSS_1414_storz_regulondb,0.25,3,3,CTGTCTACTTCACTCCTTAG,0,76570
TSS_1414_storz_regulondb,0.25,3,3,CTGTCAGTTAAGGACATACA,0,5628
TSS_1414_storz_regulondb,0.25,3,3,CTGTCACCTCGTTCCAGTCT,0,48221
TSS_1414_storz_regulondb,0.25,3,3,CTGTATAGATAGACGCCACA,0,74063
TSS_1414_storz_regulondb,0.25,3,3,CTGTACGCTTCAGCTAGGCG,0,14502
TSS_1414_storz_regulondb,0.25,3,3,CTGTAAGTGTTAATAGCCCA,0,44555
TSS_1414_storz_regulondb,0.25,3,3,CTGGTTAATAAGCTCCCCCT,0,75071
TSS_1414_storz_regulondb,0.25,3,3,CTGGGCGCTATACCGGCGTG,0,17773
TSS_1414_storz_regulondb,0.25,3,3,CTGGGACACATGCTGCGATT,0,62165
TSS_1414_storz_regulondb,0.25,3,3,CTGGCCGGCGCCGAGGTTAA,0,18983
TSS_1414_storz_regulondb,0.25,3,3,CTGGCAAGTAGGGCCAAACT,0,79188
TSS_1414_storz_regulondb,0.25,3,3,CTGGAAACTGCCCCGCTACA,0,24530
TSS_1414_storz_regulondb,0.25,3,3,CTGCTGTTGGCCGGTTATGT,0,15501
TSS_1414_storz_regulondb,0.25,3,3,CTGCTCTTTTACCGCGAATG,0,76603
TSS_1414_storz_regulondb,0.25,3,3,CTGCTACAATTCCGACCTAT,0,48625
TSS_1414_storz_regulondb,0.25,3,3,CTGCGTCATTCCGAGAGCAT,0,32497
TSS_1414_storz_regulondb,0.25,3,3,CTGCGGTTCGGAAATTTGTG,0,46995
TSS_1414_storz_regulondb,0.25,3,3,CTGCGGGACGGTATTGCTGG,0,36000
TSS_1414_storz_regulondb,0.25,3,3,CTGCGAGCCGGCCAAGACGT,0,47229
TSS_1414_storz_regulondb,0.25,3,3,CTGCCACGATAACCTAGGAT,0,49597
TSS_1414_storz_regulondb,0.25,3,3,CTGCACGTGCTCCGAGGGGT,0,64970
TSS_1414_storz_regulondb,0.25,3,3,CTGCACCAGGCTTCCAGTAC,0,37971
TSS_1414_storz_regulondb,0.25,3,3,CTGATTCACCGTGAAAGTCG,0,2285
TSS_1414_storz_regulondb,0.25,3,3,CTGATGTTGGATCTCTCACT,0,44708
TSS_1414_storz_regulondb,0.25,3,3,CTGAGTTGTTGATGGAGCAT,0,16668
TSS_1414_storz_regulondb,0.25,3,3,CTGAGCGCAGCTCATTAATC,0,3986
TSS_1414_storz_regulondb,0.25,3,3,CTGAGAGTTTCTATATAGGT,0,61240
TSS_1414_storz_regulondb,0.25,3,3,CTGACTAAGTTGGTTCAGAA,0,33953
TSS_1414_storz_regulondb,0.25,3,3,CTGACGGGATGAAAACCCTG,0,37783
TSS_1414_storz_regulondb,0.25,3,3,CTGACACTTCGTGCTCTTCC,0,56913
TSS_1414_storz_regulondb,0.25,3,3,CTGACAAGCGTGGAAACCCA,0,35248
TSS_1414_storz_regulondb,0.25,3,3,CTGAAAGTTGTGGTTGGGAA,0,34148
TSS_1414_storz_regulondb,0.25,3,3,CTCTTTATGCTGATGATCTT,0,40744
TSS_1414_storz_regulondb,0.25,3,3,CTCTTTATAAGGGGATTGCT,0,51727
TSS_1414_storz_regulondb,0.25,3,3,CTCTTCTACAGTTGCTTGTG,0,16066
TSS_1414_storz_regulondb,0.25,3,3,CTCTTCCGGAGTTGTCGCCC,0,40980
TSS_1414_storz_regulondb,0.25,3,3,CTCTTCCACCAGAGTCGAAT,0,35300
TSS_1414_storz_regulondb,0.25,3,3,CTCTTACTACAGGCAGTCAA,0,49305
TSS_1414_storz_regulondb,0.25,3,3,CTCTGTACCGATGAGCTGAC,0,63915
TSS_1414_storz_regulondb,0.25,3,3,CTCTGCGACTGTACTTGACT,0,64817
TSS_1414_storz_regulondb,0.25,3,3,CTCTGCCAATACAGGTGGCT,0,9131
TSS_1414_storz_regulondb,0.25,3,3,CTCTGCAATAGACGATTGAG,0,13063
TSS_1414_storz_regulondb,0.25,3,3,CTCTCGTCTATCCTATCTCT,0,49565
TSS_1414_storz_regulondb,0.25,3,3,CTCTCGTCGAACTACCCGGC,0,48276
TSS_1414_storz_regulondb,0.25,3,3,CTCTACGACGTGCTTCAGCG,0,63893
TSS_1414_storz_regulondb,0.25,3,3,CTCTACCTTGAGCCGCCGTG,0,47129
TSS_1414_storz_regulondb,0.25,3,3,CTCGTATCGGAGAAGGCCAC,0,76246
TSS_1414_storz_regulondb,0.25,3,3,CTCGTATACAATCGTGCCTT,0,71454
TSS_1414_storz_regulondb,0.25,3,3,CTCGGCGGACCACTCAGAGG,0,42658
TSS_1414_storz_regulondb,0.25,3,3,CTCGCTAACAGAGCCCATTT,0,75744
TSS_1414_storz_regulondb,0.25,3,3,CTCGCATACTAGGTCCTTAC,0,35941
TSS_1414_storz_regulondb,0.25,3,3,CTCGAGTACGGTGGACATGC,0,36338
TSS_1414_storz_regulondb,0.25,3,3,CTCCTTCTCTGACACAGGAG,0,18863
TSS_1414_storz_regulondb,0.25,3,3,CTCCGCGTGTGTGAGTCCCC,0,59725
TSS_1414_storz_regulondb,0.25,3,3,CTCCCGCCGGCGTCCCCGGC,0,29482
TSS_1414_storz_regulondb,0.25,3,3,CTCCCCAATAGGGGCCGTTG,0,69680
TSS_1414_storz_regulondb,0.25,3,3,CTCCAGCGGATTACCGACCC,0,68316
TSS_1414_storz_regulondb,0.25,3,3,CTCCACTTGGCTTTATTTGG,0,6079
TSS_1414_storz_regulondb,0.25,3,3,CTCATGTTCAGCTTGTCCGG,0,3246
TSS_1414_storz_regulondb,0.25,3,3,CTCATGGCTGAGCTCGCCCT,0,18790
TSS_1414_storz_regulondb,0.25,3,3,CTCATGAAACCGCGAGTCTG,0,41596
TSS_1414_storz_regulondb,0.25,3,3,CTCATCGGACAGTACTCTGG,0,10683
TSS_1414_storz_regulondb,0.25,3,3,CTCATAGACCCCTAGAGTCG,0,7504
TSS_1414_storz_regulondb,0.25,3,3,CTCAGTATGTCTGTGATATC,0,5658
TSS_1414_storz_regulondb,0.25,3,3,CTCACTTGGTCGGCGTGATT,0,50840
TSS_1414_storz_regulondb,0.25,3,3,CTCACCGGAGGGGTTGAACT,0,65957
TSS_1414_storz_regulondb,0.25,3,3,CTCACCAATTTGGGGACTCT,0,59226
TSS_1414_storz_regulondb,0.25,3,3,CTCAAGGCGCATCAAGCAGT,0,62717
TSS_1414_storz_regulondb,0.25,3,3,CTCAAGGACGAGAGGAAAGG,0,30763
TSS_1414_storz_regulondb,0.25,3,3,CTCAAGAGACAGAGGCTCGC,0,40439
TSS_1414_storz_regulondb,0.25,3,3,CTCAAATCCGAAGTCCGAGA,0,69191
TSS_1414_storz_regulondb,0.25,3,3,CTATTGGCTGCGAAGCAGTG,0,51640
TSS_1414_storz_regulondb,0.25,3,3,CTATTCTACTTCAGCAAGCA,0,77358
TSS_1414_storz_regulondb,0.25,3,3,CTATTAACCCCGGTTTTAGT,0,41711
TSS_1414_storz_regulondb,0.25,3,3,CTATTAAAGCGTGGGGGCGC,0,55717
TSS_1414_storz_regulondb,0.25,3,3,CTATGTAGAGACCTACCCAT,0,9281
TSS_1414_storz_regulondb,0.25,3,3,CTATGTAAACGCATTGACAT,0,80252
TSS_1414_storz_regulondb,0.25,3,3,CTATCGTATAACCCAAACCT,0,61883
TSS_1414_storz_regulondb,0.25,3,3,CTATCCCTGCGAAGACTGAT,0,20151
TSS_1414_storz_regulondb,0.25,3,3,CTAGTTTACAACTGGCTCGA,0,24904
TSS_1414_storz_regulondb,0.25,3,3,CTAGTAGTTGTAGAACACTT,0,13385
TSS_1414_storz_regulondb,0.25,3,3,CTAGGTCATACTTTTCACAT,0,28424
TSS_1414_storz_regulondb,0.25,3,3,CTAGGGTAGCTTTCCTATGA,0,54196
TSS_1414_storz_regulondb,0.25,3,3,CTAGCTCCTGATGAGCAGCT,0,27615
TSS_1414_storz_regulondb,0.25,3,3,CTAGCGTAATGACCTGCGTC,0,16125
TSS_1414_storz_regulondb,0.25,3,3,CTAGCCAGGACCCATACGTA,0,42092
TSS_1414_storz_regulondb,0.25,3,3,CTACTTCCTGAGTATTGGCT,0,60012
TSS_1414_storz_regulondb,0.25,3,3,CTACTTCACGACAGAATCTA,0,8380
TSS_1414_storz_regulondb,0.25,3,3,CTACTTACATTAAGCAGTAC,0,55860
TSS_1414_storz_regulondb,0.25,3,3,CTACTCGTGCGTAGCGTCTT,0,70503
TSS_1414_storz_regulondb,0.25,3,3,CTACGTTTAGACGGCAGTAT,0,41610
TSS_1414_storz_regulondb,0.25,3,3,CTACCTCGAGACCTCACCTA,0,35880
TSS_1414_storz_regulondb,0.25,3,3,CTACCCTGCTTCTCGTAACG,0,66003
TSS_1414_storz_regulondb,0.25,3,3,CTACCAAGGATTGTTCGTCC,0,76978
TSS_1414_storz_regulondb,0.25,3,3,CTACAAACGGCGACCCCTAG,0,77602
TSS_1414_storz_regulondb,0.25,3,3,CTAATGGATTCACAAGAAGG,0,60107
TSS_1414_storz_regulondb,0.25,3,3,CTAACTATTTCCCTGGCCCC,0,37032
TSS_1414_storz_regulondb,0.25,3,3,CTAACCTCACGATGTCGCCA,0,55494
TSS_1414_storz_regulondb,0.25,3,3,CTAAATGGCAATAAAAACGT,0,19849
TSS_1414_storz_regulondb,0.25,3,3,CTAAAGGTAACCCCCATTTA,0,33728
TSS_1414_storz_regulondb,0.25,3,3,CTAAAACCACAGACATGGAG,0,7778
TSS_1414_storz_regulondb,0.25,3,3,CGTTTCATTCGTTTTTGCCT,0,70165
TSS_1414_storz_regulondb,0.25,3,3,CGTTTCAGATTCCGTGCCTA,0,52587
TSS_1414_storz_regulondb,0.25,3,3,CGTTTACAAATATGGTTAGG,0,49356
TSS_1414_storz_regulondb,0.25,3,3,CGTTGGCTGAGGTCTGTGTA,0,47942
TSS_1414_storz_regulondb,0.25,3,3,CGTTGCCAGTATACGTAACT,0,52263
TSS_1414_storz_regulondb,0.25,3,3,CGTTCGTAACGCATAGAGGC,0,17336
TSS_1414_storz_regulondb,0.25,3,3,CGTTCCATTCTTTCGGTTCC,0,48717
TSS_1414_storz_regulondb,0.25,3,3,CGTTCACCTTAACTCCGCGA,0,45340
TSS_1414_storz_regulondb,0.25,3,3,CGTTAAGCGCGCCGCTTATT,0,30976
TSS_1414_storz_regulondb,0.25,3,3,CGTGTGCGAACCTATAGGCC,0,15607
TSS_1414_storz_regulondb,0.25,3,3,CGTGGGGGAGCGCTGCACGA,0,48686
TSS_1414_storz_regulondb,0.25,3,3,CGTGGGCCGGGCGCGTATGC,0,36026
TSS_1414_storz_regulondb,0.25,3,3,CGTGGGCATGGTGGCGGGCG,0,44344
TSS_1414_storz_regulondb,0.25,3,3,CGTGGCAACTCTTATGGCGC,0,61440
TSS_1414_storz_regulondb,0.25,3,3,CGTGGATTTCTGATATTTCC,0,73474
TSS_1414_storz_regulondb,0.25,3,3,CGTGCTCGAGTGGCTCACTC,0,56395
TSS_1414_storz_regulondb,0.25,3,3,CGTGACCGACACAGCGAACA,0,11388
TSS_1414_storz_regulondb,0.25,3,3,CGTCTTCGTGCTCATTAACA,0,71064
TSS_1414_storz_regulondb,0.25,3,3,CGTCTAGTCAGCTCGCATAT,0,69384
TSS_1414_storz_regulondb,0.25,3,3,CGTCGTCCTATCTGCGGCCA,0,21097
TSS_1414_storz_regulondb,0.25,3,3,CGTCGAGACCCGGAATGTGT,0,76467
TSS_1414_storz_regulondb,0.25,3,3,CGTCCGTTCTTACCGCTCTG,0,38119
TSS_1414_storz_regulondb,0.25,3,3,CGTCCGCTCCGTACCTGCCA,0,61200
TSS_1414_storz_regulondb,0.25,3,3,CGTCAGTCGCCGTCGCGCTC,0,41641
TSS_1414_storz_regulondb,0.25,3,3,CGTCAAGGCGCGAGTGTCGC,0,26075
TSS_1414_storz_regulondb,0.25,3,3,CGTATGTCGCTGCTGCCCCT,0,65475
TSS_1414_storz_regulondb,0.25,3,3,CGTATCTAAAAGCAGCAGGC,0,20761
TSS_1414_storz_regulondb,0.25,3,3,CGTATAGCGCCGACCCTCAA,0,55324
TSS_1414_storz_regulondb,0.25,3,3,CGTATAAGTACGCGAGCTAA,0,18465
TSS_1414_storz_regulondb,0.25,3,3,CGTAGGTCTAGATAGAGCAG,0,20879
TSS_1414_storz_regulondb,0.25,3,3,CGTAGCATGAACTTTACCTA,0,16018
TSS_1414_storz_regulondb,0.25,3,3,CGTACCATCAACGGTCTCCA,0,54548
TSS_1414_storz_regulondb,0.25,3,3,CGTAAAGGCCAATAAGGAGC,0,24406
TSS_1414_storz_regulondb,0.25,3,3,CGGTTGTTAGGCATGGCAGC,0,71408
TSS_1414_storz_regulondb,0.25,3,3,CGGTTGTATCAACATCAGCG,0,42456
TSS_1414_storz_regulondb,0.25,3,3,CGGTTCGCTATTGAATTTCA,0,38056
TSS_1414_storz_regulondb,0.25,3,3,CGGTGTACGCGCAATTAGCA,0,35564
TSS_1414_storz_regulondb,0.25,3,3,CGGTGCACAAGGTCGGTTTG,0,3135
TSS_1414_storz_regulondb,0.25,3,3,CGGTGACCCAAATCCAATCG,0,46920
TSS_1414_storz_regulondb,0.25,3,3,CGGTCATCCCCAAGACTCTA,0,30572
TSS_1414_storz_regulondb,0.25,3,3,CGGGTGGCTGTAATGTTCAG,0,24279
TSS_1414_storz_regulondb,0.25,3,3,CGGGTGGAACGTTCAATCAG,0,43303
TSS_1414_storz_regulondb,0.25,3,3,CGGGTAAAGGAAATAGGGAC,0,27563
TSS_1414_storz_regulondb,0.25,3,3,CGGGGCATGTGGCACCCGGG,0,55995
TSS_1414_storz_regulondb,0.25,3,3,CGGGGAGATAAAGGCGTTCC,0,29064
TSS_1414_storz_regulondb,0.25,3,3,CGGGATCGTATGGTTTGGTA,0,71227
TSS_1414_storz_regulondb,0.25,3,3,CGGGAACTTAGTGGGGCTCG,0,44854
TSS_1414_storz_regulondb,0.25,3,3,CGGCTGGAAGTCGCGAGATA,0,39589
TSS_1414_storz_regulondb,0.25,3,3,CGGCGTGCCAACCGGCCCAT,0,60551
TSS_1414_storz_regulondb,0.25,3,3,CGGCGGATGCCAAATTTCCT,0,32019
TSS_1414_storz_regulondb,0.25,3,3,CGGCCTCTAGCGTCGATTTG,0,54295
TSS_1414_storz_regulondb,0.25,3,3,CGGCCGACGGCTTATGGCCT,0,46439
TSS_1414_storz_regulondb,0.25,3,3,CGGCCCCTCGGGTCAAGCAG,0,24453
TSS_1414_storz_regulondb,0.25,3,3,CGGCATGGCTTGAAGTTCAG,0,45312
TSS_1414_storz_regulondb,0.25,3,3,CGGCATAGTACAACCAAATG,0,4217
TSS_1414_storz_regulondb,0.25,3,3,CGGCAACGACCGGATGCTAA,0,41206
TSS_1414_storz_regulondb,0.25,3,3,CGGATTAAGGCTGGTGGATA,0,42596
TSS_1414_storz_regulondb,0.25,3,3,CGGATAATAGCGGAAACTGG,0,30126
TSS_1414_storz_regulondb,0.25,3,3,CGGAGGCTAAAGTTATACTC,0,25666
TSS_1414_storz_regulondb,0.25,3,3,CGGAGCTATCTTGACAGCTA,0,72492
TSS_1414_storz_regulondb,0.25,3,3,CGGAGCACGTGTTTACTATC,0,2890
TSS_1414_storz_regulondb,0.25,3,3,CGGAGATTCGTGGCTGCCTC,0,47565
TSS_1414_storz_regulondb,0.25,3,3,CGGAGACCGTCTCCGTAAGA,0,47710
TSS_1414_storz_regulondb,0.25,3,3,CGGACATCAGTTGAAGGATC,0,21008
TSS_1414_storz_regulondb,0.25,3,3,CGGAACTATGATCGAACTGT,0,15513
TSS_1414_storz_regulondb,0.25,3,3,CGCTTTTGTGTGCCGCATTC,0,19564
TSS_1414_storz_regulondb,0.25,3,3,CGCTTATTGCCAAAAATGAG,0,14697
TSS_1414_storz_regulondb,0.25,3,3,CGCTGAGAAATCCGTGTAGG,0,56484
TSS_1414_storz_regulondb,0.25,3,3,CGCTCTGTTTATTTTAGATT,0,70111
TSS_1414_storz_regulondb,0.25,3,3,CGCTCATATGTGACTGCAGA,0,30764
TSS_1414_storz_regulondb,0.25,3,3,CGCTCATATAGACTAGCCCA,0,62280
TSS_1414_storz_regulondb,0.25,3,3,CGCTAAGAAATAGTGTTTAC,0,27870
TSS_1414_storz_regulondb,0.25,3,3,CGCGTAAAGGTAAGCGTAAA,0,12664
TSS_1414_storz_regulondb,0.25,3,3,CGCGGTCCGAAATTGTGACC,0,73125
TSS_1414_storz_regulondb,0.25,3,3,CGCGGCCCAAAGAGCCCCGC,0,73607
TSS_1414_storz_regulondb,0.25,3,3,CGCGGACGTGATTGTGGTTC,0,58297
TSS_1414_storz_regulondb,0.25,3,3,CGCGAGGACCACCAGCTATA,0,34871
TSS_1414_storz_regulondb,0.25,3,3,CGCCTGGGGGGGACACGATA,0,81007
TSS_1414_storz_regulondb,0.25,3,3,CGCCGGCTAAGGCAATACAT,0,47290
TSS_1414_storz_regulondb,0.25,3,3,CGCCGCCGGTTTTAAGTACG,0,35157
TSS_1414_storz_regulondb,0.25,3,3,CGCCGAATAGCATATAAGTA,0,75396
TSS_1414_storz_regulondb,0.25,3,3,CGCCCGTACAGCTTTTCAGA,0,4908
TSS_1414_storz_regulondb,0.25,3,3,CGCCAACTTATGGAGGCACG,0,31363
TSS_1414_storz_regulondb,0.25,3,3,CGCATTCCTTAGCGCCAGCC,0,30716
TSS_1414_storz_regulondb,0.25,3,3,CGCATGTTCGTGGCTTGAGT,0,29426
TSS_1414_storz_regulondb,0.25,3,3,CGCAGGTGGTCGGTGCGGAT,0,65738
TSS_1414_storz_regulondb,0.25,3,3,CGCAGACTTGATGCAACCAG,0,74251
TSS_1414_storz_regulondb,0.25,3,3,CGCACTCTCTAACCCATTTG,0,14949
TSS_1414_storz_regulondb,0.25,3,3,CGCACGGTCCTGGGGTGCAG,0,6336
TSS_1414_storz_regulondb,0.25,3,3,CGCACGGGTAGGCGGGATGG,0,15945
TSS_1414_storz_regulondb,0.25,3,3,CGCACGACGTCAGGCACTTT,0,26287
TSS_1414_storz_regulondb,0.25,3,3,CGCAAGTGGCCATAGTCGGG,0,25004
TSS_1414_storz_regulondb,0.25,3,3,CGCAAAGGGGCGGCGCCCCA,0,939
TSS_1414_storz_regulondb,0.25,3,3,CGATTGTAGTTATTTCCCTG,0,3789
TSS_1414_storz_regulondb,0.25,3,3,CGATGGGCGAGAGGAGCCAC,0,39738
TSS_1414_storz_regulondb,0.25,3,3,CGATCTCCAGGTCCAACTGG,0,3013
TSS_1414_storz_regulondb,0.25,3,3,CGATCGTGTCACGTACGAAG,0,55755
TSS_1414_storz_regulondb,0.25,3,3,CGATCGGACTATCGCAAATT,0,28662
TSS_1414_storz_regulondb,0.25,3,3,CGATCCAGAACGAAGCCCTC,0,51101
TSS_1414_storz_regulondb,0.25,3,3,CGATCAAGGTTCTCCGCGGC,0,56062
TSS_1414_storz_regulondb,0.25,3,3,CGATATCCAGGTTACCTAGT,0,40319
TSS_1414_storz_regulondb,0.25,3,3,CGAGTTGTGGTCAACCCTTC,0,37831
TSS_1414_storz_regulondb,0.25,3,3,CGAGTTCCGGCGCCAGGTCA,0,37140
TSS_1414_storz_regulondb,0.25,3,3,CGAGTGGTGTAGCGTATGGA,0,24847
TSS_1414_storz_regulondb,0.25,3,3,CGAGTCACGCAGTTTGAATC,0,33989
TSS_1414_storz_regulondb,0.25,3,3,CGAGTCAACGGGGACACCCC,0,16586
TSS_1414_storz_regulondb,0.25,3,3,CGAGTAACGCTCTTAGTGTG,0,33563
TSS_1414_storz_regulondb,0.25,3,3,CGAGGTTCTGTCACTCCCTG,0,26599
TSS_1414_storz_regulondb,0.25,3,3,CGAGGTGTCGGTCAGCGTTG,0,25714
TSS_1414_storz_regulondb,0.25,3,3,CGAGGAAGGGTTTTGCAAAA,0,8911
TSS_1414_storz_regulondb,0.25,3,3,CGAGCTGTTCCCGCCTATCA,0,51304
TSS_1414_storz_regulondb,0.25,3,3,CGAGCGTTCTGGAATGAGTA,0,881
TSS_1414_storz_regulondb,0.25,3,3,CGAGCCCTGCCTGAGTCTAT,0,65557
TSS_1414_storz_regulondb,0.25,3,3,CGAGATATCAACCTCTCGAG,0,39101
TSS_1414_storz_regulondb,0.25,3,3,CGACTGTATACATGTGCGAG,0,70755
TSS_1414_storz_regulondb,0.25,3,3,CGACGTTAGCTAGGAAATGG,0,70072
TSS_1414_storz_regulondb,0.25,3,3,CGACCTGTCGGCAGAAATTG,0,72430
TSS_1414_storz_regulondb,0.25,3,3,CGACCCTCAATACGTTCCGT,0,78575
TSS_1414_storz_regulondb,0.25,3,3,CGACCACGTATTTCCTACTC,0,42734
TSS_1414_storz_regulondb,0.25,3,3,CGACAGTTAGCTAAGGCATG,0,10921
TSS_1414_storz_regulondb,0.25,3,3,CGACAGATGCCTCCCTCCAC,0,42840
TSS_1414_storz_regulondb,0.25,3,3,CGACAAACGGTCGATCTCTA,0,36684
TSS_1414_storz_regulondb,0.25,3,3,CGAATTTGTGCCGATGAGAT,0,47250
TSS_1414_storz_regulondb,0.25,3,3,CGAAGGCAATACAGTATATG,0,43878
TSS_1414_storz_regulondb,0.25,3,3,CGAACGTTCACCTGCCCGTT,0,3907
TSS_1414_storz_regulondb,0.25,3,3,CGAACCCATCATATGTCGTA,0,21016
TSS_1414_storz_regulondb,0.25,3,3,CGAACAATCTGGTCTTGAAG,0,33945
TSS_1414_storz_regulondb,0.25,3,3,CCTTTTACGCTAGACGACTC,0,9081
TSS_1414_storz_regulondb,0.25,3,3,CCTTTCCGGAGTCATGGATA,0,47910
TSS_1414_storz_regulondb,0.25,3,3,CCTTTATGTGACCTCCTAGC,0,67788
TSS_1414_storz_regulondb,0.25,3,3,CCTTCGATCGGTATGTAGCG,0,59661
TSS_1414_storz_regulondb,0.25,3,3,CCTTAGCAGCGCATAGGAGG,0,47329
TSS_1414_storz_regulondb,0.25,3,3,CCTTACGCGGCACGTCGGAC,0,70047
TSS_1414_storz_regulondb,0.25,3,3,CCTTAAAGACAAGTCAGTAG,0,75927
TSS_1414_storz_regulondb,0.25,3,3,CCTGGCGTACGGCCGTAGGC,0,77836
TSS_1414_storz_regulondb,0.25,3,3,CCTGGCCACGACACTGACAC,0,45596
TSS_1414_storz_regulondb,0.25,3,3,CCTGCTGCAAAGAAGTCGGA,0,11269
TSS_1414_storz_regulondb,0.25,3,3,CCTGCGTGCACGACCCATTC,0,15129
TSS_1414_storz_regulondb,0.25,3,3,CCTGCGGTGATGACAGTTGA,0,23344
TSS_1414_storz_regulondb,0.25,3,3,CCTGATAGGAGGGGTGTCTT,0,49731
TSS_1414_storz_regulondb,0.25,3,3,CCTCTTCTCGTGAACGCAAC,0,76514
TSS_1414_storz_regulondb,0.25,3,3,CCTCTGGTTCAAGTTGTGTA,0,35344
TSS_1414_storz_regulondb,0.25,3,3,CCTCTCGTACCGCTTTCGAC,0,43728
TSS_1414_storz_regulondb,0.25,3,3,CCTCGTGGCCTTTTCTCCTG,0,58290
TSS_1414_storz_regulondb,0.25,3,3,CCTCCGGCTTTCAATTAAGT,0,65769
TSS_1414_storz_regulondb,0.25,3,3,CCTCCCAGGCTACTCAAGAC,0,17944
TSS_1414_storz_regulondb,0.25,3,3,CCTCAACGTGACTGAGGAAT,0,12569
TSS_1414_storz_regulondb,0.25,3,3,CCTATTCAGGGGATATGTAA,0,64287
TSS_1414_storz_regulondb,0.25,3,3,CCTATTACTGTGACGGCAAT,0,6907
TSS_1414_storz_regulondb,0.25,3,3,CCTATCGAGAGAGAAGGTGA,0,14329
TSS_1414_storz_regulondb,0.25,3,3,CCTAGGATCAGCGGCGGATT,0,3429
TSS_1414_storz_regulondb,0.25,3,3,CCTAGAGCACCACATGTGAA,0,79431
TSS_1414_storz_regulondb,0.25,3,3,CCTACGAAAGCCAATCTTTG,0,24909
TSS_1414_storz_regulondb,0.25,3,3,CCTACAAAATTATAATGTAG,0,42634
TSS_1414_storz_regulondb,0.25,3,3,CCTAAGGGGTATGGTCCATC,0,46253
TSS_1414_storz_regulondb,0.25,3,3,CCTAAGCAACGGAACGAATT,0,26460
TSS_1414_storz_regulondb,0.25,3,3,CCTAACCGCCGCAACTCTAG,0,36780
TSS_1414_storz_regulondb,0.25,3,3,CCTAAAGCGGCGGGGGTAAA,0,44255
TSS_1414_storz_regulondb,0.25,3,3,CCGTTTTAGGTACCTAGCTG,0,10908
TSS_1414_storz_regulondb,0.25,3,3,CCGTTCGGGCCGTATGTATA,0,79952
TSS_1414_storz_regulondb,0.25,3,3,CCGTGGCTCTACTACTGGGT,0,70735
TSS_1414_storz_regulondb,0.25,3,3,CCGTGGCCCTCGGCTCTATC,0,14931
TSS_1414_storz_regulondb,0.25,3,3,CCGTGCTCACACAACTAATT,0,46575
TSS_1414_storz_regulondb,0.25,3,3,CCGTGATGTAAACGTTACGC,0,38190
TSS_1414_storz_regulondb,0.25,3,3,CCGTCTTAATTCCGGCTGAG,0,54506
TSS_1414_storz_regulondb,0.25,3,3,CCGTCTGGTGTTACCAACCG,0,32409
TSS_1414_storz_regulondb,0.25,3,3,CCGTCTCTACCCAGGGAGTA,0,66204
TSS_1414_storz_regulondb,0.25,3,3,CCGTATACCCGTCTACGCCA,0,58575
TSS_1414_storz_regulondb,0.25,3,3,CCGGTCTCATAGTACGGACC,0,50731
TSS_1414_storz_regulondb,0.25,3,3,CCGGTACTAATCATAACGTT,0,8381
TSS_1414_storz_regulondb,0.25,3,3,CCGGGTCACCTGTTTAGTGA,0,4200
TSS_1414_storz_regulondb,0.25,3,3,CCGGGTAAATAGAGAGTGTA,0,6274
TSS_1414_storz_regulondb,0.25,3,3,CCGGGCAAGCATATCCTGGT,0,49710
TSS_1414_storz_regulondb,0.25,3,3,CCGGGAAGGCACTATGCAAT,0,28002
TSS_1414_storz_regulondb,0.25,3,3,CCGGCTAGCGCAGTCGTTCA,0,44938
TSS_1414_storz_regulondb,0.25,3,3,CCGGCGTGGATCTATGGCCC,0,52561
TSS_1414_storz_regulondb,0.25,3,3,CCGGCGCGGAGACCCTATGT,0,23288
TSS_1414_storz_regulondb,0.25,3,3,CCGGCAGCGGCGGGCATGCG,0,30951
TSS_1414_storz_regulondb,0.25,3,3,CCGGCACTCTGGGCACCATG,0,43768
TSS_1414_storz_regulondb,0.25,3,3,CCGGCAAAGAGAAATTCTGT,0,48757
TSS_1414_storz_regulondb,0.25,3,3,CCGGAGGAGCTTTGCCGATA,0,42811
TSS_1414_storz_regulondb,0.25,3,3,CCGGAAGTAGGAGTCATTCC,0,79480
TSS_1414_storz_regulondb,0.25,3,3,CCGGAAATGGACTCACGTGC,0,23342
TSS_1414_storz_regulondb,0.25,3,3,CCGCTTCCGTCCCGGGTTAG,0,65742
TSS_1414_storz_regulondb,0.25,3,3,CCGCTGTGTTCCTTCAGAGA,0,23187
TSS_1414_storz_regulondb,0.25,3,3,CCGCTAACTGTCCATACAGA,0,7795
TSS_1414_storz_regulondb,0.25,3,3,CCGCGGTGCTATCGCAGAAT,0,21417
TSS_1414_storz_regulondb,0.25,3,3,CCGCGAGCCTTTTCAATTGT,0,61406
TSS_1414_storz_regulondb,0.25,3,3,CCGCCCCACTACGCTATTGG,0,74337
TSS_1414_storz_regulondb,0.25,3,3,CCGCCAAACAGTAGAAACAT,0,66794
TSS_1414_storz_regulondb,0.25,3,3,CCGCCAAAAGTGTTCTACTA,0,11324
TSS_1414_storz_regulondb,0.25,3,3,CCGCAGCCAATTTCGCATTA,0,76533
TSS_1414_storz_regulondb,0.25,3,3,CCGCAAATTCATATTCGATC,0,33874
TSS_1414_storz_regulondb,0.25,3,3,CCGAATCGTGTCTTGCGACA,0,46096
TSS_1414_storz_regulondb,0.25,3,3,CCCTTTCCTTGAACGAAGGG,0,63244
TSS_1414_storz_regulondb,0.25,3,3,CCCTTCGGACGTAATGGTGT,0,19934
TSS_1414_storz_regulondb,0.25,3,3,CCCTTCGCGTGACAATTAGG,0,67326
TSS_1414_storz_regulondb,0.25,3,3,CCCTGTTGTTCATTGTGTTG,0,66968
TSS_1414_storz_regulondb,0.25,3,3,CCCTGTGGCTGATTGAGTTG,0,77869
TSS_1414_storz_regulondb,0.25,3,3,CCCTGCCGGGACGTATCGCA,0,37277
TSS_1414_storz_regulondb,0.25,3,3,CCCGTTGGTGGGACGCGGGA,0,6603
TSS_1414_storz_regulondb,0.25,3,3,CCCGTGTGTGACGTTAGGGT,0,49247
TSS_1414_storz_regulondb,0.25,3,3,CCCGTGACCGCTTCGTTCAG,0,27757
TSS_1414_storz_regulondb,0.25,3,3,CCCGGTACTGTCACCAAACG,0,11694
TSS_1414_storz_regulondb,0.25,3,3,CCCGGGGGGTCGTACTCTGG,0,52323
TSS_1414_storz_regulondb,0.25,3,3,CCCGGCCGCCAGAATGGCGG,0,25419
TSS_1414_storz_regulondb,0.25,3,3,CCCGGATTTCGATCCTCCTT,0,27032
TSS_1414_storz_regulondb,0.25,3,3,CCCGCTGGTAAGCAAGTAGC,0,70565
TSS_1414_storz_regulondb,0.25,3,3,CCCGCGGCTATTCGCCCATT,0,41339
TSS_1414_storz_regulondb,0.25,3,3,CCCGATGCTACCGTAGCCGG,0,60660
TSS_1414_storz_regulondb,0.25,3,3,CCCGACGCAGCCGGAGGAGG,0,39684
TSS_1414_storz_regulondb,0.25,3,3,CCCGACCCGGTCAAGCCAGC,0,4215
TSS_1414_storz_regulondb,0.25,3,3,CCCCTTGCAAAGTTGCTTCA,0,26022
TSS_1414_storz_regulondb,0.25,3,3,CCCCTTAAATTCTTGCCATC,0,67643
TSS_1414_storz_regulondb,0.25,3,3,CCCCGTTCGGTACTTTAGCC,0,62114
TSS_1414_storz_regulondb,0.25,3,3,CCCCGCACCCCTGGCGTTAG,0,3746
TSS_1414_storz_regulondb,0.25,3,3,CCCCCAGATGGGGACCCTTT,0,19845
TSS_1414_storz_regulondb,0.25,3,3,CCCCCACCAAGGGGATGTGG,0,6800
TSS_1414_storz_regulondb,0.25,3,3,CCCCAGATGTCTCCAGTAAC,0,13261
TSS_1414_storz_regulondb,0.25,3,3,CCCCACTTTGTTTGCAATTT,0,21818
TSS_1414_storz_regulondb,0.25,3,3,CCCATGTGTTGGTTGCCTTT,0,296
TSS_1414_storz_regulondb,0.25,3,3,CCCAGTCGTTAGCCGTAAAT,0,45897
TSS_1414_storz_regulondb,0.25,3,3,CCCAGGCCAAAATTATCGTT,0,62061
TSS_1414_storz_regulondb,0.25,3,3,CCCAGAGTTGATTAGTTATC,0,22153
TSS_1414_storz_regulondb,0.25,3,3,CCCAGAGGTGCTATGCGATT,0,59599
TSS_1414_storz_regulondb,0.25,3,3,CCCACGGTTGTCTGTGTTCT,0,65554
TSS_1414_storz_regulondb,0.25,3,3,CCCAATGCAAACCGGTGTTT,0,9525
TSS_1414_storz_regulondb,0.25,3,3,CCCAATAAGGTACACCATAC,0,36959
TSS_1414_storz_regulondb,0.25,3,3,CCATTCAGGAATCCAATTCA,0,34762
TSS_1414_storz_regulondb,0.25,3,3,CCATCTATCTCGTGAGAATA,0,24988
TSS_1414_storz_regulondb,0.25,3,3,CCATATAAGATGTGCCCCTA,0,47745
TSS_1414_storz_regulondb,0.25,3,3,CCATAGCCTCGTGCATACTT,0,62358
TSS_1414_storz_regulondb,0.25,3,3,CCAGTCTGAAAAACAACTCC,0,55948
TSS_1414_storz_regulondb,0.25,3,3,CCAGGGAGGTTTGCGTGGAT,0,55683
TSS_1414_storz_regulondb,0.25,3,3,CCAGGCCTTCCATGCCATGC,0,57589
TSS_1414_storz_regulondb,0.25,3,3,CCAGCTTGGGTAGGGGAGAG,0,78969
TSS_1414_storz_regulondb,0.25,3,3,CCAGCTGTCAATCATACCAT,0,27333
TSS_1414_storz_regulondb,0.25,3,3,CCAGCATAAGTATGCGCGAG,0,41875
TSS_1414_storz_regulondb,0.25,3,3,CCAGAAGTCGAAGTTTCAAG,0,60590
TSS_1414_storz_regulondb,0.25,3,3,CCACTCTAAATACACGTTGA,0,4130
TSS_1414_storz_regulondb,0.25,3,3,CCACTATGGTCTTCTCCTCA,0,5925
TSS_1414_storz_regulondb,0.25,3,3,CCACGTTGTTCCCGTACAGG,0,54122
TSS_1414_storz_regulondb,0.25,3,3,CCACGGTAATCGCGCGGTGA,0,40482
TSS_1414_storz_regulondb,0.25,3,3,CCACCTATTATCGTCATATT,0,77884
TSS_1414_storz_regulondb,0.25,3,3,CCACATAAAAGAAGGAATTG,0,32012
TSS_1414_storz_regulondb,0.25,3,3,CCAATCAGAGCCGTTCAATG,0,75313
TSS_1414_storz_regulondb,0.25,3,3,CCAAGGTTTAGTGCGCACGT,0,20592
TSS_1414_storz_regulondb,0.25,3,3,CCAAGCCAAACGTGGCCGCC,0,34451
TSS_1414_storz_regulondb,0.25,3,3,CCAACTGCGGGTATTTTTGT,0,22665
TSS_1414_storz_regulondb,0.25,3,3,CCAACCGGGGTATAGCGCCC,0,78379
TSS_1414_storz_regulondb,0.25,3,3,CCAAATGCATAGGCCTTCCG,0,24794
TSS_1414_storz_regulondb,0.25,3,3,CCAAAGTGTTAAGCGACAAG,0,7667
TSS_1414_storz_regulondb,0.25,3,3,CCAAACACAGAGATTTAAAA,0,52582
TSS_1414_storz_regulondb,0.25,3,3,CATTTTAGCGCACTGAGAGC,0,36739
TSS_1414_storz_regulondb,0.25,3,3,CATTTTAGCATTCAAAGCAA,0,1437
TSS_1414_storz_regulondb,0.25,3,3,CATTTGGTCTACGTGAATCC,0,7047
TSS_1414_storz_regulondb,0.25,3,3,CATTTCATTTGTCCTCGCTG,0,56369
TSS_1414_storz_regulondb,0.25,3,3,CATTGAATAATTAAACAGAC,0,31670
TSS_1414_storz_regulondb,0.25,3,3,CATTGAAGGGTGTGGTCAAG,0,45974
TSS_1414_storz_regulondb,0.25,3,3,CATTCTCGTTCTCCACGCTT,0,56022
TSS_1414_storz_regulondb,0.25,3,3,CATTCGGCAAGTAGGCCTTG,0,11723
TSS_1414_storz_regulondb,0.25,3,3,CATTATGTTTGGTCAGGTCA,0,47416
TSS_1414_storz_regulondb,0.25,3,3,CATGGATTATCGGGGTGTGA,0,62926
TSS_1414_storz_regulondb,0.25,3,3,CATGCTTTGTGTTGGGTAAT,0,55539
TSS_1414_storz_regulondb,0.25,3,3,CATGCTACAATTCATCCTAT,0,54680
TSS_1414_storz_regulondb,0.25,3,3,CATGCGTGTCAAATCCACAA,0,12529
TSS_1414_storz_regulondb,0.25,3,3,CATGAGAACCGGCTTGCATC,0,25571
TSS_1414_storz_regulondb,0.25,3,3,CATCTCACCTTCGCTTACAT,0,67856
TSS_1414_storz_regulondb,0.25,3,3,CATCGTGGAGGTATAATCTG,0,72758
TSS_1414_storz_regulondb,0.25,3,3,CATCGTCACTGCTAGTCCAT,0,13805
TSS_1414_storz_regulondb,0.25,3,3,CATCGGTAATAACAGCTCAC,0,29555
TSS_1414_storz_regulondb,0.25,3,3,CATCCCCATCTCTTGGTCGT,0,40855
TSS_1414_storz_regulondb,0.25,3,3,CATCCATATAAACAAGTCTA,0,73571
TSS_1414_storz_regulondb,0.25,3,3,CATCATTGGGACCTCTGGCT,0,24214
TSS_1414_storz_regulondb,0.25,3,3,CATATTTGGCGGTAAAAAAC,0,27208
TSS_1414_storz_regulondb,0.25,3,3,CATATACAACCTAGTATTCA,0,23611
TSS_1414_storz_regulondb,0.25,3,3,CATATAACATTTCAAGAGGG,0,62223
TSS_1414_storz_regulondb,0.25,3,3,CATAGTGTACTTGCTGTGAA,0,28268
TSS_1414_storz_regulondb,0.25,3,3,CATACTGGCTAGACATTACG,0,67281
TSS_1414_storz_regulondb,0.25,3,3,CATACTCGTTCAAAAAACCC,0,30943
TSS_1414_storz_regulondb,0.25,3,3,CATACATAACAGTAAGGACT,0,80612
TSS_1414_storz_regulondb,0.25,3,3,CATAAAAAAGGTAGTGATAC,0,35621
TSS_1414_storz_regulondb,0.25,3,3,CAGTTTATAATTCTGTCCGA,0,11309
TSS_1414_storz_regulondb,0.25,3,3,CAGTTCAGTTTACGTCCCAC,0,69218
TSS_1414_storz_regulondb,0.25,3,3,CAGTTAGTGATCCATGCTTT,0,62045
TSS_1414_storz_regulondb,0.25,3,3,CAGTGTATTACGTCGATAAT,0,52698
TSS_1414_storz_regulondb,0.25,3,3,CAGTGGACAATGCCTTTGAC,0,57526
TSS_1414_storz_regulondb,0.25,3,3,CAGTCCGAAAACAGCACAGG,0,47107
TSS_1414_storz_regulondb,0.25,3,3,CAGTATGCTGGTCTTGAGTG,0,45524
TSS_1414_storz_regulondb,0.25,3,3,CAGTAGCGTACGCTTATGAA,0,23681
TSS_1414_storz_regulondb,0.25,3,3,CAGTACGGGAAGCTCATCCA,0,42055
TSS_1414_storz_regulondb,0.25,3,3,CAGTAAATTTCTTAACTGGC,0,80415
TSS_1414_storz_regulondb,0.25,3,3,CAGGTGGGATGGAACATGTT,0,59437
TSS_1414_storz_regulondb,0.25,3,3,CAGGTCATGCGTTCGTGCTT,0,7830
TSS_1414_storz_regulondb,0.25,3,3,CAGGGGGAATACTACCTCTC,0,5117
TSS_1414_storz_regulondb,0.25,3,3,CAGGGGACCAGCACGAGATG,0,78838
TSS_1414_storz_regulondb,0.25,3,3,CAGGCTGAGTTCAAATTGTG,0,42360
TSS_1414_storz_regulondb,0.25,3,3,CAGGCGGAACATTGTTTCGT,0,18094
TSS_1414_storz_regulondb,0.25,3,3,CAGGATCATATGCTTCTCGC,0,6500
TSS_1414_storz_regulondb,0.25,3,3,CAGGAAAATGATCTGCTAAC,0,54114
TSS_1414_storz_regulondb,0.25,3,3,CAGCTGCGTCGAGACGCTGT,0,70710
TSS_1414_storz_regulondb,0.25,3,3,CAGCTCTGCGGGTGACATAA,0,25244
TSS_1414_storz_regulondb,0.25,3,3,CAGCTAAAGTGTGTGGGGGA,0,145
TSS_1414_storz_regulondb,0.25,3,3,CAGCGCGCCGAGCAGCAATA,0,67457
TSS_1414_storz_regulondb,0.25,3,3,CAGCGCAGGTTGTTGGCTCT,0,13089
TSS_1414_storz_regulondb,0.25,3,3,CAGCCCATGACGCAGGGATA,0,28760
TSS_1414_storz_regulondb,0.25,3,3,CAGCATGGTTCTGAGTCTAC,0,63700
TSS_1414_storz_regulondb,0.25,3,3,CAGCATGAGTCGATTGTTTA,0,30515
TSS_1414_storz_regulondb,0.25,3,3,CAGCAGATGGCATTAATTAA,0,1658
TSS_1414_storz_regulondb,0.25,3,3,CAGCACAGTATTCAGCAAGA,0,50739
TSS_1414_storz_regulondb,0.25,3,3,CAGCACAACGCTAAGCCCTC,0,49699
TSS_1414_storz_regulondb,0.25,3,3,CAGCAAGCGTGGCGTGTCTG,0,76983
TSS_1414_storz_regulondb,0.25,3,3,CAGCAAAATGTCAATAGACT,0,26742
TSS_1414_storz_regulondb,0.25,3,3,CAGATGTACAAGTCGTCACT,0,33338
TSS_1414_storz_regulondb,0.25,3,3,CAGAGGGCTCCGACTCCAGA,0,32470
TSS_1414_storz_regulondb,0.25,3,3,CAGAGCCCCATGATATGGTT,0,76883
TSS_1414_storz_regulondb,0.25,3,3,CAGACGTAAATATGATCAAA,0,51741
TSS_1414_storz_regulondb,0.25,3,3,CAGACAGAATCGCCTGCCCG,0,29133
TSS_1414_storz_regulondb,0.25,3,3,CAGAATTGTGCCCTGTCCTT,0,63412
TSS_1414_storz_regulondb,0.25,3,3,CACTTAAGTGGATAGCTAGC,0,22817
TSS_1414_storz_regulondb,0.25,3,3,CACTGTGATCCCAACTAAAC,0,22427
TSS_1414_storz_regulondb,0.25,3,3,CACTGGAGCAATATGGGAAG,0,58371
TSS_1414_storz_regulondb,0.25,3,3,CACTGCCAACGTTCAATAGC,0,75651
TSS_1414_storz_regulondb,0.25,3,3,CACTCGGCAGCGGCTAAGAG,0,32197
TSS_1414_storz_regulondb,0.25,3,3,CACTCCCGCACGCACTAGAT,0,65523
TSS_1414_storz_regulondb,0.25,3,3,CACTCAGGCTATTGACACTG,0,73845
TSS_1414_storz_regulondb,0.25,3,3,CACTACACGATACGGCGCTC,0,33442
TSS_1414_storz_regulondb,0.25,3,3,CACGTGTTTTCTTTCGGCGC,0,61538
TSS_1414_storz_regulondb,0.25,3,3,CACGGCGGACCAGACAGTTT,0,50700
TSS_1414_storz_regulondb,0.25,3,3,CACGGCCGTGTGGCCAATAA,0,70543
TSS_1414_storz_regulondb,0.25,3,3,CACGCGCGTCCGTGACATAT,0,7198
TSS_1414_storz_regulondb,0.25,3,3,CACGCGAACCCTTCACGAGG,0,76130
TSS_1414_storz_regulondb,0.25,3,3,CACGCAATGGGACGATAATC,0,42824
TSS_1414_storz_regulondb,0.25,3,3,CACGATTAAAAGGGGCGTTC,0,47976
TSS_1414_storz_regulondb,0.25,3,3,CACGATAGAAGTTAATTCGT,0,73509
TSS_1414_storz_regulondb,0.25,3,3,CACGAGGCGCGGAGCTAACA,0,50798
TSS_1414_storz_regulondb,0.25,3,3,CACGAATTTAAGCACTGCCA,0,42540
TSS_1414_storz_regulondb,0.25,3,3,CACCTTAATCTAGCTGATAT,0,79092
TSS_1414_storz_regulondb,0.25,3,3,CACCTCCATATAAGATAGTG,0,8376
TSS_1414_storz_regulondb,0.25,3,3,CACCGCTGAAACATGTGCCT,0,29209
TSS_1414_storz_regulondb,0.25,3,3,CACCCCGCGGGAGGCTGGTA,0,6329
TSS_1414_storz_regulondb,0.25,3,3,CACCATCAGGCCATCTGCGC,0,75403
TSS_1414_storz_regulondb,0.25,3,3,CACATTTTGGGGAGTTCAAT,0,12969
TSS_1414_storz_regulondb,0.25,3,3,CACATGAACCCGCGGAATAA,0,77882
TSS_1414_storz_regulondb,0.25,3,3,CACAGGGCTGCCAGGTTAAC,0,74322
TSS_1414_storz_regulondb,0.25,3,3,CACACAGGCGTCTAAGGGAT,0,41280
TSS_1414_storz_regulondb,0.25,3,3,CACAACTCACGTGGTGCTCG,0,9098
TSS_1414_storz_regulondb,0.25,3,3,CACAACCGTCTGTGGGACAC,0,20377
TSS_1414_storz_regulondb,0.25,3,3,CAATTCTGTTCCGGGAAGTA,0,71195
TSS_1414_storz_regulondb,0.25,3,3,CAATGGCGACGCGACTACGT,0,47445
TSS_1414_storz_regulondb,0.25,3,3,CAATGGACACGCTCCAGGAG,0,8343
TSS_1414_storz_regulondb,0.25,3,3,CAATGCGTAATCATGTCGCA,0,40639
TSS_1414_storz_regulondb,0.25,3,3,CAATCCTTGCAAGGCGCTAC,0,26155
TSS_1414_storz_regulondb,0.25,3,3,CAATCATGAACACATCTCGA,0,66301
TSS_1414_storz_regulondb,0.25,3,3,CAATAGTACCACTCTCGGTA,0,1855
TSS_1414_storz_regulondb,0.25,3,3,CAATACCCTAGCCTTCAGGG,0,27706
TSS_1414_storz_regulondb,0.25,3,3,CAATACATGATCAAAGGTAC,0,75233
TSS_1414_storz_regulondb,0.25,3,3,CAAGTGGAGAGTTTATTTTT,0,32074
TSS_1414_storz_regulondb,0.25,3,3,CAAGTCTCTTTTTTAGGTGT,0,31703
TSS_1414_storz_regulondb,0.25,3,3,CAAGGTTTTAGCGGATCATC,0,24130
TSS_1414_storz_regulondb,0.25,3,3,CAAGGGCTGGATCAATCCGT,0,51390
TSS_1414_storz_regulondb,0.25,3,3,CAAGGAGTCGGATTCAGCCC,0,7120
TSS_1414_storz_regulondb,0.25,3,3,CAAGCGAAACACGGAGAACC,0,33938
TSS_1414_storz_regulondb,0.25,3,3,CAAGCACTTTCCGTTGTACT,0,67445
TSS_1414_storz_regulondb,0.25,3,3,CAAGATGTGATCCAAAGAGG,0,40263
TSS_1414_storz_regulondb,0.25,3,3,CAAGATCTGCTAGTTGACCA,0,27624
TSS_1414_storz_regulondb,0.25,3,3,CAAGATCGGATTCCGCTCTG,0,28131
TSS_1414_storz_regulondb,0.25,3,3,CAAGAGGGAATAACGGGCAA,0,76534
TSS_1414_storz_regulondb,0.25,3,3,CAAGAAACAGCCAGCCAAGC,0,1356
TSS_1414_storz_regulondb,0.25,3,3,CAACTTAGCGTCCCGAACCT,0,51240
TSS_1414_storz_regulondb,0.25,3,3,CAACCCTACCTAGCCGATCA,0,24615
TSS_1414_storz_regulondb,0.25,3,3,CAACATGAGTCTCAACAAGT,0,48624
TSS_1414_storz_regulondb,0.25,3,3,CAACAAGTTGTTGTGTCGGC,0,61771
TSS_1414_storz_regulondb,0.25,3,3,CAAATCTCGACGCCTTAACA,0,75464
TSS_1414_storz_regulondb,0.25,3,3,CAAATCGAAGCCCGTTCTTA,0,39158
TSS_1414_storz_regulondb,0.25,3,3,CAAAGTACTGAGATGCAGAT,0,73536
TSS_1414_storz_regulondb,0.25,3,3,CAAAGCGCAAGATTGGGTTA,0,58192
TSS_1414_storz_regulondb,0.25,3,3,CAAAGAGGAGCTCTAGACAT,0,13304
TSS_1414_storz_regulondb,0.25,3,3,CAAACATAATGTCCGGTATA,0,99
TSS_1414_storz_regulondb,0.25,3,3,CAAAACGACCTGCCGGAAAT,0,38197
TSS_1414_storz_regulondb,0.25,3,3,ATTTTTCTCCATTACTTCTA,0,46395
TSS_1414_storz_regulondb,0.25,3,3,ATTTTTCACTAGATAGGTGG,0,11960
TSS_1414_storz_regulondb,0.25,3,3,ATTTTGATCCCCAGTCAAAC,0,65818
TSS_1414_storz_regulondb,0.25,3,3,ATTTTCTCGCTACCAGGCAT,0,10724
TSS_1414_storz_regulondb,0.25,3,3,ATTTTACCCCTAACGTCACT,0,36014
TSS_1414_storz_regulondb,0.25,3,3,ATTTGTTACAATTTAGAAAT,0,56092
TSS_1414_storz_regulondb,0.25,3,3,ATTTGCTTTATTAGATTGAA,0,35864
TSS_1414_storz_regulondb,0.25,3,3,ATTTCTTTACATGTGGCACA,0,78086
TSS_1414_storz_regulondb,0.25,3,3,ATTTATGGGTTGCTCGGCCA,0,68051
TSS_1414_storz_regulondb,0.25,3,3,ATTTAGTTCCGATGGCACCA,0,43960
TSS_1414_storz_regulondb,0.25,3,3,ATTTAGTTCATACCCCCTAA,0,62878
TSS_1414_storz_regulondb,0.25,3,3,ATTTAGGTTCTGCTTGTATA,0,32233
TSS_1414_storz_regulondb,0.25,3,3,ATTTAGAAGGTAGAGGAAGA,0,60256
TSS_1414_storz_regulondb,0.25,3,3,ATTTAACGCGAAATGGGTGG,0,47749
TSS_1414_storz_regulondb,0.25,3,3,ATTTAACATTATCAACAATG,0,32523
TSS_1414_storz_regulondb,0.25,3,3,ATTGTTGAGTCTCGTACCAT,0,4518
TSS_1414_storz_regulondb,0.25,3,3,ATTGTTATCTGCGGTTGGAC,0,68270
TSS_1414_storz_regulondb,0.25,3,3,ATTGGTAGGGTATTTGGTCA,0,35712
TSS_1414_storz_regulondb,0.25,3,3,ATTGGCATGGGCCAGGCCCA,0,31112
TSS_1414_storz_regulondb,0.25,3,3,ATTGCGAGCTACATTCTCGA,0,38827
TSS_1414_storz_regulondb,0.25,3,3,ATTGCAGACCTACAAAGCGC,0,28152
TSS_1414_storz_regulondb,0.25,3,3,ATTGATTCGGCGCCTCCTAT,0,65529
TSS_1414_storz_regulondb,0.25,3,3,ATTGATCTCCAGTCATGCGC,0,61429
TSS_1414_storz_regulondb,0.25,3,3,ATTGATAGACTATATAAGGC,0,7899
TSS_1414_storz_regulondb,0.25,3,3,ATTGAGCAGGTTTCAGAACA,0,51988
TSS_1414_storz_regulondb,0.25,3,3,ATTGAGATCTGGGCTGGAGC,0,4196
TSS_1414_storz_regulondb,0.25,3,3,ATTCTGTACTGTCTAGATAT,0,25445
TSS_1414_storz_regulondb,0.25,3,3,ATTCTCTTGACCTAATGTGT,0,67797
TSS_1414_storz_regulondb,0.25,3,3,ATTCTATCCAAATGAGTGGC,0,70199
TSS_1414_storz_regulondb,0.25,3,3,ATTCTACAAAGTTTGGTCGC,0,5068
TSS_1414_storz_regulondb,0.25,3,3,ATTCTAATAGGGTCAGTAGA,0,17605
TSS_1414_storz_regulondb,0.25,3,3,ATTCGGTGGCATTCCGCCCC,0,72967
TSS_1414_storz_regulondb,0.25,3,3,ATTCGGAGGAGGTATGGAAG,0,80458
TSS_1414_storz_regulondb,0.25,3,3,ATTCGAAGACACATACGAAG,0,33070
TSS_1414_storz_regulondb,0.25,3,3,ATTCCGTTATCCCAACCTCG,0,62415
TSS_1414_storz_regulondb,0.25,3,3,ATTCCCGTAAGTCCAACTAT,0,7869
TSS_1414_storz_regulondb,0.25,3,3,ATTCATCTCGATAGGAGCAA,0,59511
TSS_1414_storz_regulondb,0.25,3,3,ATTCACAATTCCGCAGCGTA,0,25707
TSS_1414_storz_regulondb,0.25,3,3,ATTATTAGACACTTCGAGGC,0,4080
TSS_1414_storz_regulondb,0.25,3,3,ATTATGTGAGGCTCGAGTGG,0,27593
TSS_1414_storz_regulondb,0.25,3,3,ATTATCGACCATAAGCTCAA,0,68168
TSS_1414_storz_regulondb,0.25,3,3,ATTATCCTAGATTCCTTCGA,0,7042
TSS_1414_storz_regulondb,0.25,3,3,ATTAGGTTGCATAAAGTTAT,0,26941
TSS_1414_storz_regulondb,0.25,3,3,ATTAGGGTATCGTATCCCTC,0,70972
TSS_1414_storz_regulondb,0.25,3,3,ATTAGAGCACGAGTGCGATT,0,16997
TSS_1414_storz_regulondb,0.25,3,3,ATTACGCAGTTGAGTGCCCA,0,55017
TSS_1414_storz_regulondb,0.25,3,3,ATTAAGTCCGCGGTCGCGCA,0,1981
TSS_1414_storz_regulondb,0.25,3,3,ATTAACGATTTACAAAGTGA,0,13048
TSS_1414_storz_regulondb,0.25,3,3,ATTAACCACCGGAAGGAGGT,0,78858
TSS_1414_storz_regulondb,0.25,3,3,ATGTTGACTTTTCGCACGTG,0,32443
TSS_1414_storz_regulondb,0.25,3,3,ATGTGTGCTTCTGCAATTCA,0,5005
TSS_1414_storz_regulondb,0.25,3,3,ATGTGCGGAATCTTTCATTT,0,61548
TSS_1414_storz_regulondb,0.25,3,3,ATGTGCGCATCAGTTCGCAA,0,44661
TSS_1414_storz_regulondb,0.25,3,3,ATGTCTTTGAGCAGCGCGCG,0,7267
TSS_1414_storz_regulondb,0.25,3,3,ATGTCAATAAGCGTGGAAGG,0,40935
TSS_1414_storz_regulondb,0.25,3,3,ATGTAGCAACGAGTGCGGGA,0,44562
TSS_1414_storz_regulondb,0.25,3,3,ATGGTTTAGTAACGCCGGGT,0,71879
TSS_1414_storz_regulondb,0.25,3,3,ATGGTTGATCGAGCGGGCAT,0,78689
TSS_1414_storz_regulondb,0.25,3,3,ATGGTCGCAGTCGAAGACAT,0,42126
TSS_1414_storz_regulondb,0.25,3,3,ATGGTACCGGGCATGGCGAT,0,57936
TSS_1414_storz_regulondb,0.25,3,3,ATGGTAAACGCTTTTGTTCT,0,19747
TSS_1414_storz_regulondb,0.25,3,3,ATGGGTTTTATCGTGGATGG,0,64692
TSS_1414_storz_regulondb,0.25,3,3,ATGGGTGCACTAGCTGCTCC,0,65197
TSS_1414_storz_regulondb,0.25,3,3,ATGGGGGGAATCTCATTCCA,0,39415
TSS_1414_storz_regulondb,0.25,3,3,ATGGGGAGCAATTCCGAAGC,0,20362
TSS_1414_storz_regulondb,0.25,3,3,ATGGGAGCTATATAACGAAG,0,80213
TSS_1414_storz_regulondb,0.25,3,3,ATGGCCTGTGGCCCCGAACG,0,64514
TSS_1414_storz_regulondb,0.25,3,3,ATGGCCCCACACATCAGTCG,0,40745
TSS_1414_storz_regulondb,0.25,3,3,ATGGCAAGAGGTCGGGGTGT,0,33612
TSS_1414_storz_regulondb,0.25,3,3,ATGGATGATGTCGTTAAGGC,0,60198
TSS_1414_storz_regulondb,0.25,3,3,ATGGATATGAGGATGGAAGT,0,11149
TSS_1414_storz_regulondb,0.25,3,3,ATGGACTCCCCATCATCGAT,0,22528
TSS_1414_storz_regulondb,0.25,3,3,ATGGACGTTCAATCTTGCCA,0,46784
TSS_1414_storz_regulondb,0.25,3,3,ATGGACATGCTGGGGTTCTA,0,49780
TSS_1414_storz_regulondb,0.25,3,3,ATGCTAACAGTTCCGTGTTC,0,22053
TSS_1414_storz_regulondb,0.25,3,3,ATGCGTTCGACGCATTGGTT,0,20345
TSS_1414_storz_regulondb,0.25,3,3,ATGCGTCATTCTAGTAGAAT,0,70234
TSS_1414_storz_regulondb,0.25,3,3,ATGCGGTAAGTGTGTTTTCT,0,45932
TSS_1414_storz_regulondb,0.25,3,3,ATGCGCATGGTACATCCGAG,0,45883
TSS_1414_storz_regulondb,0.25,3,3,ATGCCCTAATACATGCCATT,0,44604
TSS_1414_storz_regulondb,0.25,3,3,ATGCCCGTTCGTCCGCAGAT,0,51783
TSS_1414_storz_regulondb,0.25,3,3,ATGCCCAGTTAAACTACAAC,0,30860
TSS_1414_storz_regulondb,0.25,3,3,ATGCCATGCCCGACTGACGT,0,6663
TSS_1414_storz_regulondb,0.25,3,3,ATGCATACGCAGACTGGGAA,0,26278
TSS_1414_storz_regulondb,0.25,3,3,ATGCAATTCGGAACTGCGCG,0,79518
TSS_1414_storz_regulondb,0.25,3,3,ATGATGAAGAGATTCGACTT,0,17197
TSS_1414_storz_regulondb,0.25,3,3,ATGATAGTCGGCACATAGAA,0,60109
TSS_1414_storz_regulondb,0.25,3,3,ATGAGCTAGCCACGAGTACT,0,34253
TSS_1414_storz_regulondb,0.25,3,3,ATGACGAATCACTCCTATGT,0,37736
TSS_1414_storz_regulondb,0.25,3,3,ATGACGAACGAGGGCACACA,0,66076
TSS_1414_storz_regulondb,0.25,3,3,ATGAATCGTTCGGACTTCCG,0,19542
TSS_1414_storz_regulondb,0.25,3,3,ATGAAACCCGCTCCTTGGGT,0,1944
TSS_1414_storz_regulondb,0.25,3,3,ATCTTCTGGACATTATTGAT,0,29483
TSS_1414_storz_regulondb,0.25,3,3,ATCTTAAGTCTGTGCGAGTT,0,35776
TSS_1414_storz_regulondb,0.25,3,3,ATCTCTGTCACAACGGCGCA,0,50321
TSS_1414_storz_regulondb,0.25,3,3,ATCTCCAGGACCTCAGCAAG,0,44816
TSS_1414_storz_regulondb,0.25,3,3,ATCTATTTGTGTTACAGGAG,0,32
TSS_1414_storz_regulondb,0.25,3,3,ATCTACTCAGGTGTTTTTTT,0,35341
TSS_1414_storz_regulondb,0.25,3,3,ATCGTAAGATTCGAAAGTTA,0,65588
TSS_1414_storz_regulondb,0.25,3,3,ATCGGTTTCTAACCATGGTT,0,36658
TSS_1414_storz_regulondb,0.25,3,3,ATCGGGCGCGGTAAGTATCC,0,5038
TSS_1414_storz_regulondb,0.25,3,3,ATCGCTTGGTTCTTCACGGT,0,70762
TSS_1414_storz_regulondb,0.25,3,3,ATCGCGCTAGGCCCGCGGAG,0,37097
TSS_1414_storz_regulondb,0.25,3,3,ATCGAACGCCGTCACCCAGG,0,54573
TSS_1414_storz_regulondb,0.25,3,3,ATCCTGACTCTTCGACCAGT,0,65955
TSS_1414_storz_regulondb,0.25,3,3,ATCCGTGATAGACATGCCCC,0,56212
TSS_1414_storz_regulondb,0.25,3,3,ATCCGGGGCCGAATGTTACA,0,46939
TSS_1414_storz_regulondb,0.25,3,3,ATCCGGGCTACACTCGCCAC,0,6253
TSS_1414_storz_regulondb,0.25,3,3,ATCCCCCTCCCAATCGGACG,0,13871
TSS_1414_storz_regulondb,0.25,3,3,ATCATCGTTATCGTAAACAG,0,52074
TSS_1414_storz_regulondb,0.25,3,3,ATCATACCGAGTATGTATGA,0,19479
TSS_1414_storz_regulondb,0.25,3,3,ATCATAAACATGAGGTAGTA,0,5694
TSS_1414_storz_regulondb,0.25,3,3,ATCAGGTGTGTCGGAGATAA,0,24980
TSS_1414_storz_regulondb,0.25,3,3,ATCAGCGTGGGTCCCGTCCA,0,36354
TSS_1414_storz_regulondb,0.25,3,3,ATCAGCATAATCACGTATAA,0,55824
TSS_1414_storz_regulondb,0.25,3,3,ATCAGCAGAAGGTTCTTGTA,0,33839
TSS_1414_storz_regulondb,0.25,3,3,ATCAATTCTAGCTGGTACCT,0,77813
TSS_1414_storz_regulondb,0.25,3,3,ATCAATGCGGGTTTTACTCG,0,38440
TSS_1414_storz_regulondb,0.25,3,3,ATCAAATGGTTTAAAAGCTA,0,25181
TSS_1414_storz_regulondb,0.25,3,3,ATATTTGGTGCGACCGTAAT,0,68728
TSS_1414_storz_regulondb,0.25,3,3,ATATTTGCACGTGTGGCGAC,0,72062
TSS_1414_storz_regulondb,0.25,3,3,ATATTTACGAGTTTTCGCGG,0,23928
TSS_1414_storz_regulondb,0.25,3,3,ATATTGGTTCGAGGGGGATT,0,44916
TSS_1414_storz_regulondb,0.25,3,3,ATATTCAGGGTGGACGAAGA,0,78296
TSS_1414_storz_regulondb,0.25,3,3,ATATTCAATTAGATCGCAGT,0,52331
TSS_1414_storz_regulondb,0.25,3,3,ATATGTATCGGGGGTGCGCT,0,55946
TSS_1414_storz_regulondb,0.25,3,3,ATATGGCAGCTCGGCACATG,0,41133
TSS_1414_storz_regulondb,0.25,3,3,ATATGGCAAACGTGGTGATC,0,34306
TSS_1414_storz_regulondb,0.25,3,3,ATATGAGGTCGTCCCCCTGT,0,62695
TSS_1414_storz_regulondb,0.25,3,3,ATATGAAGCCCCCACGCGCT,0,60473
TSS_1414_storz_regulondb,0.25,3,3,ATAGTTAGAAGTGTGGGCAG,0,80897
TSS_1414_storz_regulondb,0.25,3,3,ATAGTGTGGTCTTGGGCTCG,0,29671
TSS_1414_storz_regulondb,0.25,3,3,ATAGTATGCTTGTTCGTAAA,0,72658
TSS_1414_storz_regulondb,0.25,3,3,ATAGTATCAGAGGAATCGAT,0,55485
TSS_1414_storz_regulondb,0.25,3,3,ATAGGGCCAGGGTTAAGGTA,0,8698
TSS_1414_storz_regulondb,0.25,3,3,ATAGGCACAATCCCCTGGTT,0,30981
TSS_1414_storz_regulondb,0.25,3,3,ATAGGACTGGATGTTCCTGC,0,51214
TSS_1414_storz_regulondb,0.25,3,3,ATAGCGGACCTGATTTGGTT,0,11916
TSS_1414_storz_regulondb,0.25,3,3,ATAGCCCCTGGAGATGTCAT,0,75270
TSS_1414_storz_regulondb,0.25,3,3,ATAGCATGCAAGCCATGCAT,0,14557
TSS_1414_storz_regulondb,0.25,3,3,ATAGCACGGTCGAACGTTCA,0,2322
TSS_1414_storz_regulondb,0.25,3,3,ATAGCACCAGGAGAGGATGT,0,52604
TSS_1414_storz_regulondb,0.25,3,3,ATACTTTTCTGATTCCTAAC,0,47456
TSS_1414_storz_regulondb,0.25,3,3,ATACTTGAGAATTGGGGTAT,0,50738
TSS_1414_storz_regulondb,0.25,3,3,ATACTGGGGCGGTAGGGCTG,0,79095
TSS_1414_storz_regulondb,0.25,3,3,ATACTAGGCAAGCGCGAAAT,0,53771
TSS_1414_storz_regulondb,0.25,3,3,ATACTACATCGGACGTTTCT,0,29207
TSS_1414_storz_regulondb,0.25,3,3,ATACGGATGGGGAGTGTAGG,0,57619
TSS_1414_storz_regulondb,0.25,3,3,ATACCGGATAATGGTAGCAC,0,6194
TSS_1414_storz_regulondb,0.25,3,3,ATACATCTCTATGTACCGAT,0,72000
TSS_1414_storz_regulondb,0.25,3,3,ATACAGTGCGATAGTATGCC,0,15949
TSS_1414_storz_regulondb,0.25,3,3,ATACACCGAGTCTATGTAGG,0,13555
TSS_1414_storz_regulondb,0.25,3,3,ATAAGTTACCCCTAAGATCC,0,20870
TSS_1414_storz_regulondb,0.25,3,3,ATAACGTGACAACCGATTTC,0,21342
TSS_1414_storz_regulondb,0.25,3,3,ATAACGGTCTCGGCCACTGA,0,56372
TSS_1414_storz_regulondb,0.25,3,3,ATAACGCGGTATGGACCAAA,0,49897
TSS_1414_storz_regulondb,0.25,3,3,ATAACCAGGCATATGGAATA,0,36741
TSS_1414_storz_regulondb,0.25,3,3,ATAACATGTCAGGGATATCT,0,51231
TSS_1414_storz_regulondb,0.25,3,3,ATAAATAAAATTTTCGACAA,0,72557
TSS_1414_storz_regulondb,0.25,3,3,AGTTTTGGTAATGTTGTGTC,0,64053
TSS_1414_storz_regulondb,0.25,3,3,AGTTTGTCCCTTCTATGGTC,0,67712
TSS_1414_storz_regulondb,0.25,3,3,AGTTTGGTAGCGCGAACGCA,0,52340
TSS_1414_storz_regulondb,0.25,3,3,AGTTTGATCGTAAAAAAAAA,0,31125
TSS_1414_storz_regulondb,0.25,3,3,AGTTTGAATGGGGCCTACTC,0,37996
TSS_1414_storz_regulondb,0.25,3,3,AGTTTCGTGGAGAATGCGGA,0,29884
TSS_1414_storz_regulondb,0.25,3,3,AGTTTCGGCTACCGGTCAAG,0,69368
TSS_1414_storz_regulondb,0.25,3,3,AGTTGTGTCAGACGCTATCT,0,32411
TSS_1414_storz_regulondb,0.25,3,3,AGTTGTGGCAGACTCTGGCC,0,38081
TSS_1414_storz_regulondb,0.25,3,3,AGTTGGCTGTCATATTGGGA,0,24804
TSS_1414_storz_regulondb,0.25,3,3,AGTTGCCTCCTGGAAGTCAA,0,47952
TSS_1414_storz_regulondb,0.25,3,3,AGTTCATGTCAGGCTGTATG,0,29157
TSS_1414_storz_regulondb,0.25,3,3,AGTTAAGGAGGTGGCGTAGT,0,79352
TSS_1414_storz_regulondb,0.25,3,3,AGTTAAGCTTGTATGAGCGT,0,27625
TSS_1414_storz_regulondb,0.25,3,3,AGTTAACTTATGTCCCAGAC,0,28023
TSS_1414_storz_regulondb,0.25,3,3,AGTTAAACGATAAGATATGG,0,6264
TSS_1414_storz_regulondb,0.25,3,3,AGTGTTCCTCGATGTAAGTC,0,19727
TSS_1414_storz_regulondb,0.25,3,3,AGTGTCTGGGAACCCGGGGG,0,17905
TSS_1414_storz_regulondb,0.25,3,3,AGTGTAGCTCAACGGTCCCG,0,13781
TSS_1414_storz_regulondb,0.25,3,3,AGTGCGTAGCGCTTATGTCG,0,70876
TSS_1414_storz_regulondb,0.25,3,3,AGTGCGGTGGGCGCTAACGC,0,17732
TSS_1414_storz_regulondb,0.25,3,3,AGTGAGACCCACACGATTAG,0,18741
TSS_1414_storz_regulondb,0.25,3,3,AGTGACTATGGCAATGGTCA,0,32908
TSS_1414_storz_regulondb,0.25,3,3,AGTGACGAGACATATAGCCA,0,53891
TSS_1414_storz_regulondb,0.25,3,3,AGTCCGCGGTTAGGGTTTCG,0,15807
TSS_1414_storz_regulondb,0.25,3,3,AGTCCGAGTGTACGTTCTAC,0,2332
TSS_1414_storz_regulondb,0.25,3,3,AGTCCGAATTAACCGGAAAA,0,66434
TSS_1414_storz_regulondb,0.25,3,3,AGTCAGCACCGCTCGTAATA,0,50004
TSS_1414_storz_regulondb,0.25,3,3,AGTATTGACGTTGCGCGCGG,0,49245
TSS_1414_storz_regulondb,0.25,3,3,AGTATGCCAGAAGGCTGCCC,0,15427
TSS_1414_storz_regulondb,0.25,3,3,AGTATGATTCGTTCGAATTA,0,18649
TSS_1414_storz_regulondb,0.25,3,3,AGTATAACGGATATCAGCAA,0,24069
TSS_1414_storz_regulondb,0.25,3,3,AGTAGCGCAGTCATTCAGGG,0,45100
TSS_1414_storz_regulondb,0.25,3,3,AGTAGAGAGGCGCACAGTAT,0,9851
TSS_1414_storz_regulondb,0.25,3,3,AGTACTTCCACGAGTATGGT,0,54372
TSS_1414_storz_regulondb,0.25,3,3,AGTACGGGACGATCCGTAGT,0,1538
TSS_1414_storz_regulondb,0.25,3,3,AGTACAATCCAGAAAATAAG,0,77685
TSS_1414_storz_regulondb,0.25,3,3,AGTAAGCTGTATCGGCGGTA,0,18737
TSS_1414_storz_regulondb,0.25,3,3,AGTAAACAGACGCAATTACT,0,13640
TSS_1414_storz_regulondb,0.25,3,3,AGGTTGTGATATACAAGTAG,0,46367
TSS_1414_storz_regulondb,0.25,3,3,AGGTTCAAAGACCGGGGAGC,0,64851
TSS_1414_storz_regulondb,0.25,3,3,AGGTGTGCGATCTTGACCAG,0,22269
TSS_1414_storz_regulondb,0.25,3,3,AGGTGTCGCTTTTAAGGTGA,0,27137
TSS_1414_storz_regulondb,0.25,3,3,AGGTGCATAAGATTTTTTTT,0,22915
TSS_1414_storz_regulondb,0.25,3,3,AGGTCAGGACGGGACAGGAC,0,45075
TSS_1414_storz_regulondb,0.25,3,3,AGGTCACGACACCGCCAGCT,0,24709
TSS_1414_storz_regulondb,0.25,3,3,AGGTACTCGGTAGAAAAGCG,0,44076
TSS_1414_storz_regulondb,0.25,3,3,AGGTACATGTGATAGGGCAA,0,60928
TSS_1414_storz_regulondb,0.25,3,3,AGGGGCCGTGGATTCCGTAT,0,32813
TSS_1414_storz_regulondb,0.25,3,3,AGGGCGAGCCGAATTACCGT,0,36642
TSS_1414_storz_regulondb,0.25,3,3,AGGGATCACAATAACCCGGT,0,21428
TSS_1414_storz_regulondb,0.25,3,3,AGGGAGGAAGCTGACATTGC,0,33266
TSS_1414_storz_regulondb,0.25,3,3,AGGGACTCTGGCTCGTTTAT,0,63496
TSS_1414_storz_regulondb,0.25,3,3,AGGCTTGAGCATCTCGGCGA,0,23377
TSS_1414_storz_regulondb,0.25,3,3,AGGCTTGACCCAAAAAGGTA,0,2839
TSS_1414_storz_regulondb,0.25,3,3,AGGCTTCCTAATCGCCAGTC,0,11143
TSS_1414_storz_regulondb,0.25,3,3,AGGCTGTGGGTGCAAACATT,0,69918
TSS_1414_storz_regulondb,0.25,3,3,AGGCAGCTGTCCGGCTCACA,0,19374
TSS_1414_storz_regulondb,0.25,3,3,AGGATGGGTGCTTTGACAAT,0,26671
TSS_1414_storz_regulondb,0.25,3,3,AGGAGACAATGGCAAATATA,0,66063
TSS_1414_storz_regulondb,0.25,3,3,AGGACAGAAGTGTAAGACAG,0,70875
TSS_1414_storz_regulondb,0.25,3,3,AGCTTGTTCATTATCGGGTA,0,28752
TSS_1414_storz_regulondb,0.25,3,3,AGCTTATGACGCACGTTCCT,0,55498
TSS_1414_storz_regulondb,0.25,3,3,AGCTTAACATGTTTAGGTTC,0,3011
TSS_1414_storz_regulondb,0.25,3,3,AGCTCTAAGTATGCATGTTA,0,9672
TSS_1414_storz_regulondb,0.25,3,3,AGCTAGTGGTTTGTACATAG,0,210
TSS_1414_storz_regulondb,0.25,3,3,AGCTAATTCACTTCGCGTAT,0,1489
TSS_1414_storz_regulondb,0.25,3,3,AGCGGATACACATTCCTGAG,0,57469
TSS_1414_storz_regulondb,0.25,3,3,AGCGCTTACGGCTGTGTTAG,0,19939
TSS_1414_storz_regulondb,0.25,3,3,AGCGCGTCCATCTTTTGATA,0,10812
TSS_1414_storz_regulondb,0.25,3,3,AGCGATCAGGTTAATTTTAG,0,56401
TSS_1414_storz_regulondb,0.25,3,3,AGCCTGGATCGACATACTTT,0,34923
TSS_1414_storz_regulondb,0.25,3,3,AGCCTCCAAAGAGCGGCGTC,0,26421
TSS_1414_storz_regulondb,0.25,3,3,AGCCTACATAAACAGTGTTC,0,74095
TSS_1414_storz_regulondb,0.25,3,3,AGCCGTTAGAGTTCCCCATG,0,10970
TSS_1414_storz_regulondb,0.25,3,3,AGCCGTGGGTGTGTGAGGCC,0,39914
TSS_1414_storz_regulondb,0.25,3,3,AGCCGTAAGTTCCTTTCAGA,0,34524
TSS_1414_storz_regulondb,0.25,3,3,AGCCGCGGGATCTGTCCGAA,0,71693
TSS_1414_storz_regulondb,0.25,3,3,AGCCGACTAAGCGCAAATTA,0,45249
TSS_1414_storz_regulondb,0.25,3,3,AGCCCTCACATCGTGCACGT,0,66363
TSS_1414_storz_regulondb,0.25,3,3,AGCCCTAATCTGCGCGTTAA,0,9387
TSS_1414_storz_regulondb,0.25,3,3,AGCCCGGAGGCTAACAGCTG,0,26701
TSS_1414_storz_regulondb,0.25,3,3,AGCCAAGCAGCCTAACTTTT,0,77346
TSS_1414_storz_regulondb,0.25,3,3,AGCATTCGCTGAGAAGGATA,0,3353
TSS_1414_storz_regulondb,0.25,3,3,AGCAGGCGTCCATCCTTGTA,0,17293
TSS_1414_storz_regulondb,0.25,3,3,AGCAGCTTTCCTTATTCCTG,0,55554
TSS_1414_storz_regulondb,0.25,3,3,AGCAGCGGCGTCTGGGACGG,0,3917
TSS_1414_storz_regulondb,0.25,3,3,AGCAGCCGTTCCTTGCCAGT,0,72755
TSS_1414_storz_regulondb,0.25,3,3,AGCAGATCGGTGCAAGCGGA,0,25239
TSS_1414_storz_regulondb,0.25,3,3,AGCAGATCCACGCAAGAGAC,0,37982
TSS_1414_storz_regulondb,0.25,3,3,AGCAGAATTAGGATTAGAAC,0,53533
TSS_1414_storz_regulondb,0.25,3,3,AGCACGGAGTTCCTGAGAAT,0,65819
TSS_1414_storz_regulondb,0.25,3,3,AGCACGAACCAGGGGTGTTT,0,41093
TSS_1414_storz_regulondb,0.25,3,3,AGCACCAGTATCTGAATGGC,0,24679
TSS_1414_storz_regulondb,0.25,3,3,AGCAAACAGAGCGCGGGGTT,0,62906
TSS_1414_storz_regulondb,0.25,3,3,AGATTTAAAGGCGGGATCCA,0,7432
TSS_1414_storz_regulondb,0.25,3,3,AGATTCGGTACTAGCTGTAT,0,28876
TSS_1414_storz_regulondb,0.25,3,3,AGATTAGGGCCAAAGGTGTC,0,72944
TSS_1414_storz_regulondb,0.25,3,3,AGATGTAGATGCAAACGCAA,0,69136
TSS_1414_storz_regulondb,0.25,3,3,AGATGGCTGAGCCGATGCTC,0,53328
TSS_1414_storz_regulondb,0.25,3,3,AGATGCTTCCGTAGGGTCCC,0,77881
TSS_1414_storz_regulondb,0.25,3,3,AGATGCACTGCCCGTGACCC,0,65036
TSS_1414_storz_regulondb,0.25,3,3,AGATGAAAGACGTCAATCGC,0,1764
TSS_1414_storz_regulondb,0.25,3,3,AGATCTGACCGGAATGGGAT,0,18022
TSS_1414_storz_regulondb,0.25,3,3,AGATCTCTGACTTGGAACTG,0,4011
TSS_1414_storz_regulondb,0.25,3,3,AGATCAAGTCTACTCATTCG,0,35710
TSS_1414_storz_regulondb,0.25,3,3,AGAGGTTCGGTAGCTACATG,0,58456
TSS_1414_storz_regulondb,0.25,3,3,AGAGGGGACATAAAAATAAT,0,21858
TSS_1414_storz_regulondb,0.25,3,3,AGAGGGACACCAATTAGTCA,0,19624
TSS_1414_storz_regulondb,0.25,3,3,AGAGCTTTGGCGTTTTGCAA,0,32295
TSS_1414_storz_regulondb,0.25,3,3,AGAGCGGACGGCTACAGCTT,0,24012
TSS_1414_storz_regulondb,0.25,3,3,AGAGCCTTAGAAGTCCTGCA,0,10263
TSS_1414_storz_regulondb,0.25,3,3,AGAGAGAGTGCGGATTGCAA,0,18301
TSS_1414_storz_regulondb,0.25,3,3,AGAGACCAGTGACGATAAGA,0,50274
TSS_1414_storz_regulondb,0.25,3,3,AGAGACAAGTGCTCTCGAAA,0,3083
TSS_1414_storz_regulondb,0.25,3,3,AGACTTGCGATCTGGCAACA,0,29417
TSS_1414_storz_regulondb,0.25,3,3,AGACTTACGCCCACGAGAAG,0,14750
TSS_1414_storz_regulondb,0.25,3,3,AGACTGTAAGGCTTAACGAA,0,78239
TSS_1414_storz_regulondb,0.25,3,3,AGACTCAGCGATTGACGAAG,0,30562
TSS_1414_storz_regulondb,0.25,3,3,AGACTATAGCATGGAGCGGC,0,21545
TSS_1414_storz_regulondb,0.25,3,3,AGACTAGACCGCGTGGTTAA,0,45881
TSS_1414_storz_regulondb,0.25,3,3,AGACGTCAAGTTGTTTTAAT,0,52150
TSS_1414_storz_regulondb,0.25,3,3,AGACGATGACGTAGCCAGCA,0,24756
TSS_1414_storz_regulondb,0.25,3,3,AGACCTCAATCCCGAGGCTG,0,32312
TSS_1414_storz_regulondb,0.25,3,3,AGAAGGGCTTCACTTTAGCC,0,29633
TSS_1414_storz_regulondb,0.25,3,3,AGAAGGACGTGAAACTGAAA,0,78903
TSS_1414_storz_regulondb,0.25,3,3,AGAAGAGGGCGGAGTCTTTT,0,53233
TSS_1414_storz_regulondb,0.25,3,3,AGAAATATTCTAGATGTTGA,0,66604
TSS_1414_storz_regulondb,0.25,3,3,AGAAACTAGGGCCAGCATGT,0,33552
TSS_1414_storz_regulondb,0.25,3,3,AGAAACCGAAGCTTTATAAA,0,41696
TSS_1414_storz_regulondb,0.25,3,3,AGAAAATGTGATCCTGCATT,0,77046
TSS_1414_storz_regulondb,0.25,3,3,AGAAAATAAGGATTCGAGCA,0,689
TSS_1414_storz_regulondb,0.25,3,3,ACTTTGCGTGACAGTGAACA,0,59108
TSS_1414_storz_regulondb,0.25,3,3,ACTTGTGAAGGGGCGGTAGA,0,63660
TSS_1414_storz_regulondb,0.25,3,3,ACTTGACGGACTCGGGGTGA,0,68414
TSS_1414_storz_regulondb,0.25,3,3,ACTTCCTGTAGTCGTATTTG,0,20910
TSS_1414_storz_regulondb,0.25,3,3,ACTTCCGAGCGGTGGGCAGT,0,80037
TSS_1414_storz_regulondb,0.25,3,3,ACTTAGGCCGACCACTTTCA,0,29832
TSS_1414_storz_regulondb,0.25,3,3,ACTTACAGATTTGTGAGAAG,0,24445
TSS_1414_storz_regulondb,0.25,3,3,ACTGGGGTAATGTATCGTAG,0,28153
TSS_1414_storz_regulondb,0.25,3,3,ACTGGGGACCAGTGGGGGTT,0,52489
TSS_1414_storz_regulondb,0.25,3,3,ACTGGGCTGGTCATCACGCT,0,30855
TSS_1414_storz_regulondb,0.25,3,3,ACTGGGAGGACCTTGGAAAC,0,8948
TSS_1414_storz_regulondb,0.25,3,3,ACTGGACTTATAGTGCCCAC,0,79881
TSS_1414_storz_regulondb,0.25,3,3,ACTGAATGTAGCACATCCGA,0,1937
TSS_1414_storz_regulondb,0.25,3,3,ACTGAAGGCACGCAAAGATC,0,58233
TSS_1414_storz_regulondb,0.25,3,3,ACTCTTGTTGTGGCTCGCAG,0,57404
TSS_1414_storz_regulondb,0.25,3,3,ACTCTGCCAGGATCGCGGGG,0,1365
TSS_1414_storz_regulondb,0.25,3,3,ACTCTACTAGCACGGAATGA,0,26184
TSS_1414_storz_regulondb,0.25,3,3,ACTCGTAGCTTCCTCGATAG,0,33342
TSS_1414_storz_regulondb,0.25,3,3,ACTCGCTAACATCCACGGGA,0,69030
TSS_1414_storz_regulondb,0.25,3,3,ACTCCCTCAGGGGAATAGAC,0,70497
TSS_1414_storz_regulondb,0.25,3,3,ACTCCCTAGTCAACGAGTTT,0,72668
TSS_1414_storz_regulondb,0.25,3,3,ACTCACGGGGTGACGCTGAC,0,2617
TSS_1414_storz_regulondb,0.25,3,3,ACTATTTATGTACCATGATG,0,30502
TSS_1414_storz_regulondb,0.25,3,3,ACTATGAGATATGTGTCAGT,0,64102
TSS_1414_storz_regulondb,0.25,3,3,ACTATCTGGGCATAACCTCT,0,45344
TSS_1414_storz_regulondb,0.25,3,3,ACTATATCCGGGAAAGTATT,0,30247
TSS_1414_storz_regulondb,0.25,3,3,ACTATAACGTAATCTCGGTT,0,22151
TSS_1414_storz_regulondb,0.25,3,3,ACTAGGGTTCACATTCCTTG,0,19884
TSS_1414_storz_regulondb,0.25,3,3,ACTAGCCGCGATCCAAGGCT,0,10343
TSS_1414_storz_regulondb,0.25,3,3,ACTAGCAGCGAAAGCCATAT,0,29708
TSS_1414_storz_regulondb,0.25,3,3,ACTACGGCGGGAACTCCATC,0,20998
TSS_1414_storz_regulondb,0.25,3,3,ACTAATGGGGCCTCTGAAGG,0,15133
TSS_1414_storz_regulondb,0.25,3,3,ACTAATCGGTGGGCTGACCG,0,51974
TSS_1414_storz_regulondb,0.25,3,3,ACGTTATATCAGTTGATTGC,0,59771
TSS_1414_storz_regulondb,0.25,3,3,ACGTTACTCCTGCTTCCGAT,0,231
TSS_1414_storz_regulondb,0.25,3,3,ACGTGTTATAAATCATTCAT,0,73942
TSS_1414_storz_regulondb,0.25,3,3,ACGTGTCAGGGTAAGCCTAA,0,33267
TSS_1414_storz_regulondb,0.25,3,3,ACGTGGGTGGGGGCCAGCAG,0,47796
TSS_1414_storz_regulondb,0.25,3,3,ACGTGGGACAGCTAACATAT,0,78399
TSS_1414_storz_regulondb,0.25,3,3,ACGTGAAGCGCCTATCGTTG,0,10352
TSS_1414_storz_regulondb,0.25,3,3,ACGTCCGAGGCTCTCGGTTA,0,3522
TSS_1414_storz_regulondb,0.25,3,3,ACGTATGCGGCCATTATTAT,0,49864
TSS_1414_storz_regulondb,0.25,3,3,ACGTACAACTGGAAGGTGGC,0,52338
TSS_1414_storz_regulondb,0.25,3,3,ACGGTTCTAGTTTGCGTTAC,0,18158
TSS_1414_storz_regulondb,0.25,3,3,ACGGTGAAGCGTTTCCAAGG,0,48394
TSS_1414_storz_regulondb,0.25,3,3,ACGGTATTTCTAACTCAGCA,0,53072
TSS_1414_storz_regulondb,0.25,3,3,ACGGATTGGTAGCTGGACGA,0,15382
TSS_1414_storz_regulondb,0.25,3,3,ACGGACCAGGCGAAATTACT,0,73719
TSS_1414_storz_regulondb,0.25,3,3,ACGGAACATGCAAACGTTTG,0,69690
TSS_1414_storz_regulondb,0.25,3,3,ACGCTTTTAGCTTAGTGAAC,0,49293
TSS_1414_storz_regulondb,0.25,3,3,ACGCTTCATTAGGCGTTCTA,0,64477
TSS_1414_storz_regulondb,0.25,3,3,ACGCTGAAACGGACACTTAT,0,4300
TSS_1414_storz_regulondb,0.25,3,3,ACGCTACCAAGTGAGTTAAG,0,77554
TSS_1414_storz_regulondb,0.25,3,3,ACGCGCGTAAAAGACCTTTA,0,21368
TSS_1414_storz_regulondb,0.25,3,3,ACGCGAATGCGCCGCGCCCA,0,7780
TSS_1414_storz_regulondb,0.25,3,3,ACGCAGTTGTCCAACAGCAG,0,20367
TSS_1414_storz_regulondb,0.25,3,3,ACGCAGTATGTATTTTTTTG,0,57868
TSS_1414_storz_regulondb,0.25,3,3,ACGCAGGACGTGCGGCCCTT,0,25420
TSS_1414_storz_regulondb,0.25,3,3,ACGCAAGCAGGGCCAGAACA,0,32143
TSS_1414_storz_regulondb,0.25,3,3,ACGAGGCGACCATTTTTGGT,0,39451
TSS_1414_storz_regulondb,0.25,3,3,ACGAGCCCCAATGAAGGCAA,0,55527
TSS_1414_storz_regulondb,0.25,3,3,ACGACCAGATCGATGTGATA,0,62491
TSS_1414_storz_regulondb,0.25,3,3,ACGAACCCTGACAATCGTGC,0,39993
TSS_1414_storz_regulondb,0.25,3,3,ACCTTAGGGAGAGCGTTCTA,0,78315
TSS_1414_storz_regulondb,0.25,3,3,ACCTGTCGTCTGTTCCGGGG,0,52706
TSS_1414_storz_regulondb,0.25,3,3,ACCTGCCAACGGTGAAGGAT,0,79335
TSS_1414_storz_regulondb,0.25,3,3,ACCTGCATCCGATTTAATTA,0,22538
TSS_1414_storz_regulondb,0.25,3,3,ACCTGAACGCACCCGGTTCC,0,45406
TSS_1414_storz_regulondb,0.25,3,3,ACCTCGCTAGGGCCAATCAG,0,70487
TSS_1414_storz_regulondb,0.25,3,3,ACCTCCGGTTCCAGTTGGCA,0,45902
TSS_1414_storz_regulondb,0.25,3,3,ACCTATGGGATATACATAAA,0,16773
TSS_1414_storz_regulondb,0.25,3,3,ACCTAGGCTATCCATGTCTG,0,54254
TSS_1414_storz_regulondb,0.25,3,3,ACCGTAATGCCGGAAGATTG,0,8190
TSS_1414_storz_regulondb,0.25,3,3,ACCGGAGTTTCGTCTTGCGT,0,63567
TSS_1414_storz_regulondb,0.25,3,3,ACCGCGGTCGCGTAATACGT,0,53617
TSS_1414_storz_regulondb,0.25,3,3,ACCGATCCGCGATGAACAGC,0,9631
TSS_1414_storz_regulondb,0.25,3,3,ACCGAAGGCAGTTACTCGAG,0,59865
TSS_1414_storz_regulondb,0.25,3,3,ACCCGCGCGACGTTGTGTGA,0,34861
TSS_1414_storz_regulondb,0.25,3,3,ACCCGATCCGGGTACAGCGA,0,48241
TSS_1414_storz_regulondb,0.25,3,3,ACCCAGGTGACGCGTGGGAT,0,10409
TSS_1414_storz_regulondb,0.25,3,3,ACCCACGCACCAGCTCTTAT,0,53735
TSS_1414_storz_regulondb,0.25,3,3,ACCAGCCCCCTTTTGGTTCC,0,22768
TSS_1414_storz_regulondb,0.25,3,3,ACCAGACGTAACCCATAGCT,0,62051
TSS_1414_storz_regulondb,0.25,3,3,ACCACGTAATGCACGGACGA,0,4524
TSS_1414_storz_regulondb,0.25,3,3,ACCACAGGGCATGTGCGTGT,0,54862
TSS_1414_storz_regulondb,0.25,3,3,ACATTGGCGCATACGATAGC,0,47754
TSS_1414_storz_regulondb,0.25,3,3,ACATGTGGTGTCAACAGACG,0,42201
TSS_1414_storz_regulondb,0.25,3,3,ACATGCCGTTACATTCAATG,0,11236
TSS_1414_storz_regulondb,0.25,3,3,ACATCTCTCAAATACCTGAC,0,19476
TSS_1414_storz_regulondb,0.25,3,3,ACATCGACATAACGTCGAGT,0,42294
TSS_1414_storz_regulondb,0.25,3,3,ACATCAAAAGCGTGAGAAGA,0,39329
TSS_1414_storz_regulondb,0.25,3,3,ACATAGGCGTGCAATTAGCA,0,73258
TSS_1414_storz_regulondb,0.25,3,3,ACAGTTGGTATAGGCCAACC,0,14762
TSS_1414_storz_regulondb,0.25,3,3,ACAGTGATGCAGAGGAAACC,0,80378
TSS_1414_storz_regulondb,0.25,3,3,ACAGTCACCATTCATATTAG,0,42721
TSS_1414_storz_regulondb,0.25,3,3,ACAGTAGCCTAGTTACAAAC,0,180
TSS_1414_storz_regulondb,0.25,3,3,ACAGGTCATAAAAGAGACAG,0,65017
TSS_1414_storz_regulondb,0.25,3,3,ACAGGGATGTGGTCCAAGCG,0,31439
TSS_1414_storz_regulondb,0.25,3,3,ACAGGCGGCGGTACGGAAAG,0,80632
TSS_1414_storz_regulondb,0.25,3,3,ACAGGCACGGAGTTTTCATG,0,11029
TSS_1414_storz_regulondb,0.25,3,3,ACAGGAGACACATAAGTTCC,0,19547
TSS_1414_storz_regulondb,0.25,3,3,ACAGCTACTCAGTTACACAG,0,42321
TSS_1414_storz_regulondb,0.25,3,3,ACAGCGTCAATTTGTAGACT,0,62995
TSS_1414_storz_regulondb,0.25,3,3,ACAGATCGTTCTATTCAAAG,0,52203
TSS_1414_storz_regulondb,0.25,3,3,ACAGACATGTCTAATTCAAG,0,23605
TSS_1414_storz_regulondb,0.25,3,3,ACACGATAGCCCTTATCCAC,0,58901
TSS_1414_storz_regulondb,0.25,3,3,ACACCTGTGTTTTAGGGCAT,0,73871
TSS_1414_storz_regulondb,0.25,3,3,ACACCCAATTGATAAGGTGT,0,69333
TSS_1414_storz_regulondb,0.25,3,3,ACACACAAGCGCATGCCCAC,0,44448
TSS_1414_storz_regulondb,0.25,3,3,ACACAATCGTGCGGAAATCT,0,46208
TSS_1414_storz_regulondb,0.25,3,3,ACACAAGATGGGATCAATCT,0,78804
TSS_1414_storz_regulondb,0.25,3,3,ACAATTACCACGGTGTCGAA,0,47383
TSS_1414_storz_regulondb,0.25,3,3,ACAAGTTTATATCACACCTT,0,65565
TSS_1414_storz_regulondb,0.25,3,3,ACAAATTGTAGGTATAGTCC,0,22251
TSS_1414_storz_regulondb,0.25,3,3,ACAAATGGACTGTGTACTAT,0,22204
TSS_1414_storz_regulondb,0.25,3,3,AATTTTGTGTGTCGATTGTT,0,77686
TSS_1414_storz_regulondb,0.25,3,3,AATTGTGATTCCTGGGTGCA,0,41379
TSS_1414_storz_regulondb,0.25,3,3,AATTCTCGATATCCGGAGGT,0,5099
TSS_1414_storz_regulondb,0.25,3,3,AATTCTCGAAGTACCAGATA,0,35155
TSS_1414_storz_regulondb,0.25,3,3,AATTCGAGGTGTACACATTC,0,16625
TSS_1414_storz_regulondb,0.25,3,3,AATTCCCTCGGAATTCGCGA,0,65942
TSS_1414_storz_regulondb,0.25,3,3,AATTCCCCACTCTTCTCTCT,0,53854
TSS_1414_storz_regulondb,0.25,3,3,AATTCAAAGAATGCTCCCCA,0,58039
TSS_1414_storz_regulondb,0.25,3,3,AATTATTTAGCGGCGGCAGA,0,57218
TSS_1414_storz_regulondb,0.25,3,3,AATTACGCGAGTGATGTTTA,0,77031
TSS_1414_storz_regulondb,0.25,3,3,AATGTCCACTTTCTGGCCGG,0,45853
TSS_1414_storz_regulondb,0.25,3,3,AATGGGTGATCGAAGTTAAT,0,2024
TSS_1414_storz_regulondb,0.25,3,3,AATGGGTGACAAACCGGTGT,0,5013
TSS_1414_storz_regulondb,0.25,3,3,AATGGGTCGGGAGCCCCTGA,0,5952
TSS_1414_storz_regulondb,0.25,3,3,AATGGCGGTCTTCACAGTGA,0,7908
TSS_1414_storz_regulondb,0.25,3,3,AATGGCCCTCTAATCAGCAC,0,25015
TSS_1414_storz_regulondb,0.25,3,3,AATGGCACGCTATGGCTAAC,0,44683
TSS_1414_storz_regulondb,0.25,3,3,AATGGATTCCAAGTTACCTG,0,52417
TSS_1414_storz_regulondb,0.25,3,3,AATGGAAGGGGCAGCCACAA,0,67497
TSS_1414_storz_regulondb,0.25,3,3,AATGCCCCTCGGCTCTGAAC,0,17054
TSS_1414_storz_regulondb,0.25,3,3,AATGAGGGTGATATACACGG,0,41979
TSS_1414_storz_regulondb,0.25,3,3,AATGAGCCAGGTATACCGTT,0,46157
TSS_1414_storz_regulondb,0.25,3,3,AATGAGAGTAGCTCTTGCGC,0,28327
TSS_1414_storz_regulondb,0.25,3,3,AATCTGTCTCCTTGACCTCG,0,62412
TSS_1414_storz_regulondb,0.25,3,3,AATCGGTCGTGACGGTTCTG,0,74101
TSS_1414_storz_regulondb,0.25,3,3,AATCGCTTGTGTAAGCCGAA,0,21242
TSS_1414_storz_regulondb,0.25,3,3,AATCGCGCATTCGAACGTAT,0,65432
TSS_1414_storz_regulondb,0.25,3,3,AATCGAGATAGATCGCGACT,0,22021
TSS_1414_storz_regulondb,0.25,3,3,AATCCGCGCACTAGCTATAT,0,45829
TSS_1414_storz_regulondb,0.25,3,3,AATCAGGTGGGGTATGATTT,0,13353
TSS_1414_storz_regulondb,0.25,3,3,AATCACCATATGACACAAAG,0,32100
TSS_1414_storz_regulondb,0.25,3,3,AATATGTGTTCGTTGTGCGA,0,17928
TSS_1414_storz_regulondb,0.25,3,3,AATATGTACTTAGACGCTGT,0,56342
TSS_1414_storz_regulondb,0.25,3,3,AATATGGGTCAGCGGTTAAA,0,19059
TSS_1414_storz_regulondb,0.25,3,3,AATATGGCTGCGCCAATATG,0,20674
TSS_1414_storz_regulondb,0.25,3,3,AATATGGCTCCCTGACTGTG,0,47138
TSS_1414_storz_regulondb,0.25,3,3,AATAGTTCGGCCAATTATAG,0,62743
TSS_1414_storz_regulondb,0.25,3,3,AATAGAGTTGATTAAATCGG,0,67775
TSS_1414_storz_regulondb,0.25,3,3,AAGTTTCTATGGACGCTTCA,0,39270
TSS_1414_storz_regulondb,0.25,3,3,AAGTTGGTTACCTATTTCTA,0,1217
TSS_1414_storz_regulondb,0.25,3,3,AAGTTAACGGGAACCGGGTT,0,40243
TSS_1414_storz_regulondb,0.25,3,3,AAGTGGGGCGCCCCCAATCC,0,73527
TSS_1414_storz_regulondb,0.25,3,3,AAGTGCTGGTCTAAAATGAA,0,41166
TSS_1414_storz_regulondb,0.25,3,3,AAGTGAACTATTTTGACGCG,0,19223
TSS_1414_storz_regulondb,0.25,3,3,AAGTCTTGAACCCACCGAGA,0,35797
TSS_1414_storz_regulondb,0.25,3,3,AAGTCGGCCGATCACTCGAT,0,17418
TSS_1414_storz_regulondb,0.25,3,3,AAGTCCTTAGCAGATATTGT,0,1027
TSS_1414_storz_regulondb,0.25,3,3,AAGTCACAAGCGACAGGAGG,0,78136
TSS_1414_storz_regulondb,0.25,3,3,AAGGTTCAGAACGCCTGCGA,0,33151
TSS_1414_storz_regulondb,0.25,3,3,AAGGTGAACGACAAGCCTTT,0,32583
TSS_1414_storz_regulondb,0.25,3,3,AAGGTCAGTCTCCACCTGCA,0,58147
TSS_1414_storz_regulondb,0.25,3,3,AAGGGTGCTGTGTCACACAT,0,14601
TSS_1414_storz_regulondb,0.25,3,3,AAGGGTGCGCGAGAATAGCA,0,55939
TSS_1414_storz_regulondb,0.25,3,3,AAGGGGAGGATTGAGACCTA,0,53058
TSS_1414_storz_regulondb,0.25,3,3,AAGGGCCCGGCAGTTCTGTA,0,55198
TSS_1414_storz_regulondb,0.25,3,3,AAGGGAGACCATCAATGCGC,0,55201
TSS_1414_storz_regulondb,0.25,3,3,AAGGATCGTGGAATTGTAAA,0,20338
TSS_1414_storz_regulondb,0.25,3,3,AAGCTGCATTTAAGAAATAA,0,66426
TSS_1414_storz_regulondb,0.25,3,3,AAGCTCTTTTTGTACAAAAC,0,38678
TSS_1414_storz_regulondb,0.25,3,3,AAGCGTGTTAACTACTACAT,0,47805
TSS_1414_storz_regulondb,0.25,3,3,AAGCGTCCGGTAACCAAGCT,0,36482
TSS_1414_storz_regulondb,0.25,3,3,AAGCGTACTTACCCCGTGGC,0,63120
TSS_1414_storz_regulondb,0.25,3,3,AAGCCTTTGACAGCGAAGTC,0,466
TSS_1414_storz_regulondb,0.25,3,3,AAGCAGGAACTCTACACTTG,0,34738
TSS_1414_storz_regulondb,0.25,3,3,AAGCACTTCCGTCTAGTGCA,0,34818
TSS_1414_storz_regulondb,0.25,3,3,AAGCACCTGACTTCAGCAGG,0,23637
TSS_1414_storz_regulondb,0.25,3,3,AAGCACAGCGTATTGGGCGC,0,49402
TSS_1414_storz_regulondb,0.25,3,3,AAGCAAAGTAGTACAGGCCT,0,65173
TSS_1414_storz_regulondb,0.25,3,3,AAGATTTATTTGTTAGCCTA,0,6857
TSS_1414_storz_regulondb,0.25,3,3,AAGATTGGCCAGCCGCTAAG,0,1235
TSS_1414_storz_regulondb,0.25,3,3,AAGATTGCTGCTATTTGGGA,0,53128
TSS_1414_storz_regulondb,0.25,3,3,AAGAGTGTTGTAGACCTAAA,0,34438
TSS_1414_storz_regulondb,0.25,3,3,AAGAGTGTGGTAGGCGATTG,0,71117
TSS_1414_storz_regulondb,0.25,3,3,AAGAGCTGCGGGAGGAGTGC,0,68711
TSS_1414_storz_regulondb,0.25,3,3,AAGACAATAGATGGCTTATG,0,73582
TSS_1414_storz_regulondb,0.25,3,3,AAGAATTACATTAGGCTATA,0,5332
TSS_1414_storz_regulondb,0.25,3,3,AAGAATAAGCTGATCTACAT,0,24396
TSS_1414_storz_regulondb,0.25,3,3,AACTTAGGGATATTCGTTCT,0,46682
TSS_1414_storz_regulondb,0.25,3,3,AACTGGCATTGTCTTGAAGA,0,40760
TSS_1414_storz_regulondb,0.25,3,3,AACTGCGATATAGGTGCCCT,0,68236
TSS_1414_storz_regulondb,0.25,3,3,AACTGCAGGTATACCAGGTT,0,42927
TSS_1414_storz_regulondb,0.25,3,3,AACTGAGATAATCAGATCGG,0,853
TSS_1414_storz_regulondb,0.25,3,3,AACTGACGAGACAGTCGCGG,0,57573
TSS_1414_storz_regulondb,0.25,3,3,AACTCTACCGCGCGTAAGAA,0,25808
TSS_1414_storz_regulondb,0.25,3,3,AACTCGTGAGTCCCGTTAAT,0,39626
TSS_1414_storz_regulondb,0.25,3,3,AACTCAGTCCTGCGGCGATG,0,77265
TSS_1414_storz_regulondb,0.25,3,3,AACTCAGCGAATATCTACTC,0,14815
TSS_1414_storz_regulondb,0.25,3,3,AACGTGCGGAATGCGAGAGC,0,41643
TSS_1414_storz_regulondb,0.25,3,3,AACGGTAGTACTAGCCACTA,0,65484
TSS_1414_storz_regulondb,0.25,3,3,AACGCGCGTGAAGCTCGGCC,0,32695
TSS_1414_storz_regulondb,0.25,3,3,AACGCACAGAATGGGCCGAT,0,78094
TSS_1414_storz_regulondb,0.25,3,3,AACGATGAGCAGATCCGCCC,0,71686
TSS_1414_storz_regulondb,0.25,3,3,AACCTCCAACATGTTGAGGG,0,13516
TSS_1414_storz_regulondb,0.25,3,3,AACCTCAAACAGATAGATTG,0,20499
TSS_1414_storz_regulondb,0.25,3,3,AACCTACTATGGGAAGATTG,0,4521
TSS_1414_storz_regulondb,0.25,3,3,AACCGGATCGGGCCGTATCA,0,25228
TSS_1414_storz_regulondb,0.25,3,3,AACCGGACATATCAGCACCT,0,39289
TSS_1414_storz_regulondb,0.25,3,3,AACCCTATAAGACGAACTAA,0,80414
TSS_1414_storz_regulondb,0.25,3,3,AACCCGCTTTGTCAGGTGCC,0,7040
TSS_1414_storz_regulondb,0.25,3,3,AACCCCCGTGTCCGTTGCAA,0,56160
TSS_1414_storz_regulondb,0.25,3,3,AACCATGCGCACTTGAGCAC,0,37370
TSS_1414_storz_regulondb,0.25,3,3,AACCAAGAGAACCCTCAACT,0,1216
TSS_1414_storz_regulondb,0.25,3,3,AACAGTTCTGAGGCGCATTA,0,10855
TSS_1414_storz_regulondb,0.25,3,3,AACAGGTCAAGCCAAAGTAG,0,2670
TSS_1414_storz_regulondb,0.25,3,3,AACAGGCCGGTCCAATTTGG,0,40619
TSS_1414_storz_regulondb,0.25,3,3,AACAGGCCACGGTCGGATGG,0,27055
TSS_1414_storz_regulondb,0.25,3,3,AACAGGCAAGTTTCCGGGGT,0,9598
TSS_1414_storz_regulondb,0.25,3,3,AACAGCTGGGCTAGCAGTGC,0,46190
TSS_1414_storz_regulondb,0.25,3,3,AACAGCTCAGACATCGTGTT,0,2391
TSS_1414_storz_regulondb,0.25,3,3,AACAGCGCATGATTTTTGTC,0,9728
TSS_1414_storz_regulondb,0.25,3,3,AACAGCCTTCCTGGGAATAA,0,52249
TSS_1414_storz_regulondb,0.25,3,3,AACAGATTATTTTTTTAACT,0,42599
TSS_1414_storz_regulondb,0.25,3,3,AACAGAGCGCCACGCAGTGC,0,28486
TSS_1414_storz_regulondb,0.25,3,3,AACAGACGAGCCACGTCGTA,0,872
TSS_1414_storz_regulondb,0.25,3,3,AACAGACCTGAGCTCAAGAC,0,56654
TSS_1414_storz_regulondb,0.25,3,3,AACACGCGCGCGGGGTGATT,0,9114
TSS_1414_storz_regulondb,0.25,3,3,AACAAGTACAAGACTAGTTT,0,16652
TSS_1414_storz_regulondb,0.25,3,3,AACAACCGAGGAGATCTTCA,0,10372
TSS_1414_storz_regulondb,0.25,3,3,AACAACCAACGTGTCCCTAA,0,57858
TSS_1414_storz_regulondb,0.25,3,3,AACAAATCCCGACATCACAG,0,11857
TSS_1414_storz_regulondb,0.25,3,3,AACAAACTGTTTGGCATCCA,0,13000
TSS_1414_storz_regulondb,0.25,3,3,AAATTTGATACCCAACACGC,0,36109
TSS_1414_storz_regulondb,0.25,3,3,AAATTGCGCTACGTTCGGTC,0,60341
TSS_1414_storz_regulondb,0.25,3,3,AAATTGAAGCGCTTTTTCCT,0,9259
TSS_1414_storz_regulondb,0.25,3,3,AAATTCGGGTGCAACTTGGG,0,13602
TSS_1414_storz_regulondb,0.25,3,3,AAATTCGCACCATTGGTATA,0,39376
TSS_1414_storz_regulondb,0.25,3,3,AAATTCAGGCTTGACGGATT,0,6425
TSS_1414_storz_regulondb,0.25,3,3,AAATGGTGATTTCTCCAGGC,0,666
TSS_1414_storz_regulondb,0.25,3,3,AAATGAGTCAGAAAGTTGCG,0,55706
TSS_1414_storz_regulondb,0.25,3,3,AAATCGGCCGGTCCGGGTCA,0,25675
TSS_1414_storz_regulondb,0.25,3,3,AAATCCACGCAGTTACGTAG,0,58904
TSS_1414_storz_regulondb,0.25,3,3,AAATACATCGGCCGTATGAT,0,15414
TSS_1414_storz_regulondb,0.25,3,3,AAATAAATTTCTAGCGGTTA,0,12078
TSS_1414_storz_regulondb,0.25,3,3,AAAGTTTAAGACGTTGACGT,0,74648
TSS_1414_storz_regulondb,0.25,3,3,AAAGTGTGCTCATAGGCCTA,0,75685
TSS_1414_storz_regulondb,0.25,3,3,AAAGTACCTATTTAGTTATA,0,24237
TSS_1414_storz_regulondb,0.25,3,3,AAAGGGTCAGATACAATGAT,0,30376
TSS_1414_storz_regulondb,0.25,3,3,AAAGCAGGTTGCACACCTAG,0,1933
TSS_1414_storz_regulondb,0.25,3,3,AAAGACAGTCTTCATGGCCC,0,7418
TSS_1414_storz_regulondb,0.25,3,3,AAAGACAGATTACTGTTATT,0,44943
TSS_1414_storz_regulondb,0.25,3,3,AAACTGCATCGCACCCGGGG,0,17363
TSS_1414_storz_regulondb,0.25,3,3,AAACTATCTGCCAGCATTAT,0,42693
TSS_1414_storz_regulondb,0.25,3,3,AAACGTTCAGATTAGTCGGC,0,78357
TSS_1414_storz_regulondb,0.25,3,3,AAACGCACCGTCTCGAAGTC,0,21716
TSS_1414_storz_regulondb,0.25,3,3,AAACGAGGGGCCTTGATTCT,0,46529
TSS_1414_storz_regulondb,0.25,3,3,AAAATGATGGACAAAGAACA,0,67548
TSS_1414_storz_regulondb,0.25,3,3,AAAATATTCAAAAACTAGAT,0,3093
TSS_1414_storz_regulondb,0.25,3,3,AAAATAGGAAAGTCTTTTTC,0,98
TSS_1414_storz_regulondb,0.25,3,3,AAAATAATCCTTGCATGGCC,0,6597
TSS_1414_storz_regulondb,0.25,3,3,AAAAGGCCGCCTTTCTCGAT,0,60831
TSS_1414_storz_regulondb,0.25,3,3,AAAAGCCGGCAACGTGGGGG,0,35037
TSS_1414_storz_regulondb,0.25,3,3,AAAAGAGTAGAACCGTCAAA,0,10354
TSS_1414_storz_regulondb,0.25,3,3,AAAACGTGTCTTAAATCACT,0,65869
TSS_1414_storz_regulondb,0.25,3,3,AAAACGGGCGCAAATCTCTC,0,62389
TSS_1414_storz_regulondb,0.25,3,3,AAAACACGTAGCGCATAGAC,0,60471
TSS_1414_storz_regulondb,0.25,3,3,AAAAAGAGGGTAGAATCGGG,0,3250
TSS_1414_storz_regulondb,0.25,3,3,AAAAAGAGCATATGACTGCT,0,27260
TSS_1414_storz_regulondb,0.3333333333333333,2,2,TTTTTTGGCCGTACTGATAT,0,42543
TSS_1414_storz_regulondb,0.3333333333333333,2,2,TTTTTATCTACTTGAGGGGT,0,46943
TSS_1414_storz_regulondb,0.3333333333333333,2,2,TTTTGTCGAATCCCATACGT,0,15805
TSS_1414_storz_regulondb,0.3333333333333333,2,2,TTTTGGAGTGTTCTCGGTTT,0,58144
TSS_1414_storz_regulondb,0.3333333333333333,2,2,TTTTGATTGGAGTCGGCGAG,0,10849
TSS_1414_storz_regulondb,0.3333333333333333,2,2,TTTTCGTTACTAACTCAGTC,0,67989
TSS_1414_storz_regulondb,0.3333333333333333,2,2,TTTTCACGTTTCAGGACTGA,0,3903
TSS_1414_storz_regulondb,0.3333333333333333,2,2,TTTTATGCAATGATTTATGA,0,36752
TSS_1414_storz_regulondb,0.3333333333333333,2,2,TTTTAAGGCAGTAGCATACG,0,59384
TSS_1414_storz_regulondb,0.3333333333333333,2,2,TTTTAAGACCCGTTATCACA,0,31683
TSS_1414_storz_regulondb,0.3333333333333333,2,2,TTTTAACACGGATCATCATC,0,72246
TSS_1414_storz_regulondb,0.3333333333333333,2,2,TTTTAAACTTTCACGACTAA,0,11989
TSS_1414_storz_regulondb,0.3333333333333333,2,2,TTTGTGCTAAGGGCCAGAGT,0,78986
TSS_1414_storz_regulondb,0.3333333333333333,2,2,TTTGTCCTTAATGGGATTAC,0,5796
TSS_1414_storz_regulondb,0.3333333333333333,2,2,TTTGGGCTGGCAAGAATCAG,0,15694
TSS_1414_storz_regulondb,0.3333333333333333,2,2,TTTGCCTGGAACCGTTTCTT,0,70985
TSS_1414_storz_regulondb,0.3333333333333333,2,2,TTTGCCAGCGCGAAGGGGAA,0,43011
TSS_1414_storz_regulondb,0.3333333333333333,2,2,TTTGCACATTAGGTATGCGT,0,7239
TSS_1414_storz_regulondb,0.3333333333333333,2,2,TTTGATCGGTCAAGGCGGTT,0,44080
TSS_1414_storz_regulondb,0.3333333333333333,2,2,TTTGAGCTAATAAATTGGAT,0,62286
TSS_1414_storz_regulondb,0.3333333333333333,2,2,TTTGAGACATGATATACAGT,0,39776
TSS_1414_storz_regulondb,0.3333333333333333,2,2,TTTGACAGTTTGTGGCAATT,0,70651
TSS_1414_storz_regulondb,0.3333333333333333,2,2,TTTCTGATCTCCTAGAACCG,0,49952
TSS_1414_storz_regulondb,0.3333333333333333,2,2,TTTCTCGGATGGAACAGCTA,0,64582
TSS_1414_storz_regulondb,0.3333333333333333,2,2,TTTCGTATCTATAAAGGATC,0,9670
TSS_1414_storz_regulondb,0.3333333333333333,2,2,TTTCGGTTTTCAAGCAGTAT,0,14607
TSS_1414_storz_regulondb,0.3333333333333333,2,2,TTTCGCCGAGCTATCATGTT,0,35833
TSS_1414_storz_regulondb,0.3333333333333333,2,2,TTTCGAGTATTTTTATTCGA,0,22985
TSS_1414_storz_regulondb,0.3333333333333333,2,2,TTTCCCCACGGCGGCCCACC,0,43898
TSS_1414_storz_regulondb,0.3333333333333333,2,2,TTTCCATGCCCTCCCGAAGC,0,45962
TSS_1414_storz_regulondb,0.3333333333333333,2,2,TTTCCATCTGTCACTATTCG,0,62167
TSS_1414_storz_regulondb,0.3333333333333333,2,2,TTTCAGTCATCTTCAGGCCT,0,23573
TSS_1414_storz_regulondb,0.3333333333333333,2,2,TTTCAGGATGTATGTCCTGT,0,816
TSS_1414_storz_regulondb,0.3333333333333333,2,2,TTTCAACAGTCGATCGGCCT,0,72188
TSS_1414_storz_regulondb,0.3333333333333333,2,2,TTTATTTATCCCACGCTCGC,0,24635
TSS_1414_storz_regulondb,0.3333333333333333,2,2,TTTATTCTTAAATTCATTTA,0,4227
TSS_1414_storz_regulondb,0.3333333333333333,2,2,TTTATTCCGAATGCCTGGGT,0,10854
TSS_1414_storz_regulondb,0.3333333333333333,2,2,TTTATTAGAACGATATGATG,0,62179
TSS_1414_storz_regulondb,0.3333333333333333,2,2,TTTATGGTCCTGTATCGCGC,0,60612
TSS_1414_storz_regulondb,0.3333333333333333,2,2,TTTATGCTTAGCCCACAGTC,0,48795
TSS_1414_storz_regulondb,0.3333333333333333,2,2,TTTATCGGTGTTAAGGGTCT,0,30102
TSS_1414_storz_regulondb,0.3333333333333333,2,2,TTTACTTACAAACTTGGTGA,0,63966
TSS_1414_storz_regulondb,0.3333333333333333,2,2,TTTACGCCGACATGGACGTT,0,22860
TSS_1414_storz_regulondb,0.3333333333333333,2,2,TTTACCGCTTCTAAAACCTA,0,75234
TSS_1414_storz_regulondb,0.3333333333333333,2,2,TTTAATCCATGGAGGGTTAT,0,77883
TSS_1414_storz_regulondb,0.3333333333333333,2,2,TTTAAGTTGGTAGGATATTT,0,74331
TSS_1414_storz_regulondb,0.3333333333333333,2,2,TTTAAGTTGAAGTACGTGCA,0,53579
TSS_1414_storz_regulondb,0.3333333333333333,2,2,TTTAAGTTATCACAAATGAG,0,31612
TSS_1414_storz_regulondb,0.3333333333333333,2,2,TTTAAGCTGGCGCAGGCACT,0,8586
TSS_1414_storz_regulondb,0.3333333333333333,2,2,TTTAAAATCGTATAAAAGCT,0,31840
TSS_1414_storz_regulondb,0.3333333333333333,2,2,TTGTTGGGGTTGACTTGCGT,0,58305
TSS_1414_storz_regulondb,0.3333333333333333,2,2,TTGTTAGACTGGTGGGGAAC,0,39609
TSS_1414_storz_regulondb,0.3333333333333333,2,2,TTGTGTTATCAAGGTGTACC,0,9852
TSS_1414_storz_regulondb,0.3333333333333333,2,2,TTGTGGTGCGGGCAGTGTGA,0,40450
TSS_1414_storz_regulondb,0.3333333333333333,2,2,TTGTGCTGAGCAGGGGCAAT,0,16251
TSS_1414_storz_regulondb,0.3333333333333333,2,2,TTGTGACAGGCAACCACCGC,0,8754
TSS_1414_storz_regulondb,0.3333333333333333,2,2,TTGTGAAAGGAGTGCGTATT,0,15000
TSS_1414_storz_regulondb,0.3333333333333333,2,2,TTGTCTCCGTTGCTATTTAA,0,14157
TSS_1414_storz_regulondb,0.3333333333333333,2,2,TTGTCGAGTCTTGATAAACA,0,54715
TSS_1414_storz_regulondb,0.3333333333333333,2,2,TTGTCCGTGACAGTTCAGCA,0,60411
TSS_1414_storz_regulondb,0.3333333333333333,2,2,TTGTAAGCCTATGTTTGGTA,0,66468
TSS_1414_storz_regulondb,0.3333333333333333,2,2,TTGGTTTACTAGAAGAACCT,0,49635
TSS_1414_storz_regulondb,0.3333333333333333,2,2,TTGGTGCAGCCTGTCATCAA,0,56189
TSS_1414_storz_regulondb,0.3333333333333333,2,2,TTGGTCTCTCGACATGAAAA,0,37155
TSS_1414_storz_regulondb,0.3333333333333333,2,2,TTGGTCGTGAGGAGCATCTT,0,39798
TSS_1414_storz_regulondb,0.3333333333333333,2,2,TTGGTCACCGGTTGTTTTGT,0,2162
TSS_1414_storz_regulondb,0.3333333333333333,2,2,TTGGTAAAGATTCAAGATTA,0,60778
TSS_1414_storz_regulondb,0.3333333333333333,2,2,TTGGGGTCCTTACCGATCAT,0,4432
TSS_1414_storz_regulondb,0.3333333333333333,2,2,TTGGCTTACTGTTCCGCTTC,0,25776
TSS_1414_storz_regulondb,0.3333333333333333,2,2,TTGGCGGCTGGGTAGTTTGA,0,21197
TSS_1414_storz_regulondb,0.3333333333333333,2,2,TTGGCAGTGACTACCATAGT,0,28393
TSS_1414_storz_regulondb,0.3333333333333333,2,2,TTGGCACTAATCCCTTGGGG,0,75325
TSS_1414_storz_regulondb,0.3333333333333333,2,2,TTGGATTGGACGCTTCATAC,0,48913
TSS_1414_storz_regulondb,0.3333333333333333,2,2,TTGCTTTAGAATATACAGTC,0,44185
TSS_1414_storz_regulondb,0.3333333333333333,2,2,TTGCTCGGCAACACTGACGC,0,2821
TSS_1414_storz_regulondb,0.3333333333333333,2,2,TTGCTCCCATGCGGGGCTGA,0,72443
TSS_1414_storz_regulondb,0.3333333333333333,2,2,TTGCTAAGGTTTGGCCGGCA,0,31750
TSS_1414_storz_regulondb,0.3333333333333333,2,2,TTGCGTCGCCATCGCTTTCG,0,15741
TSS_1414_storz_regulondb,0.3333333333333333,2,2,TTGCGGGCAATTGTTTCAAG,0,35944
TSS_1414_storz_regulondb,0.3333333333333333,2,2,TTGCGAAGAGCTTCTGGCAA,0,68222
TSS_1414_storz_regulondb,0.3333333333333333,2,2,TTGCCGTGGAGTGTCTGAGA,0,153
TSS_1414_storz_regulondb,0.3333333333333333,2,2,TTGCATATAATGGCGTCGCA,0,73085
TSS_1414_storz_regulondb,0.3333333333333333,2,2,TTGCACGGCGAGTGAATTCC,0,25991
TSS_1414_storz_regulondb,0.3333333333333333,2,2,TTGCACCTTGTGCAGGAAAT,0,549
TSS_1414_storz_regulondb,0.3333333333333333,2,2,TTGCAAGGATTTGCAGAAGT,0,28456
TSS_1414_storz_regulondb,0.3333333333333333,2,2,TTGCAACATAGGTTGTCCGA,0,27377
TSS_1414_storz_regulondb,0.3333333333333333,2,2,TTGATAAGGCAACGGGTTGC,0,5633
TSS_1414_storz_regulondb,0.3333333333333333,2,2,TTGAGTCAAGATTTTATAAT,0,18433
TSS_1414_storz_regulondb,0.3333333333333333,2,2,TTGAGGTCTTTATCTTGTTA,0,25523
TSS_1414_storz_regulondb,0.3333333333333333,2,2,TTGAGCGCGGCTCGGAGCTT,0,3762
TSS_1414_storz_regulondb,0.3333333333333333,2,2,TTGACCTAGTGCTCGCCAAT,0,39922
TSS_1414_storz_regulondb,0.3333333333333333,2,2,TTGACACGGGAAACCCCACG,0,46848
TSS_1414_storz_regulondb,0.3333333333333333,2,2,TTGAAGTCGGAATTAGGATA,0,66151
TSS_1414_storz_regulondb,0.3333333333333333,2,2,TTGAAGCATCCTCTGTAGCC,0,29810
TSS_1414_storz_regulondb,0.3333333333333333,2,2,TTCTTTTAAAGTACTTTCTG,0,71308
TSS_1414_storz_regulondb,0.3333333333333333,2,2,TTCTTGCGCCGGTCCATAAT,0,28350
TSS_1414_storz_regulondb,0.3333333333333333,2,2,TTCTTGAACCGTAGCGCTAC,0,72354
TSS_1414_storz_regulondb,0.3333333333333333,2,2,TTCTGTTTACTCGCTTTAAG,0,72794
TSS_1414_storz_regulondb,0.3333333333333333,2,2,TTCTGGCGTCTAAGTGCCCG,0,53150
TSS_1414_storz_regulondb,0.3333333333333333,2,2,TTCTGCTTCCCGTTTAACAT,0,9445
TSS_1414_storz_regulondb,0.3333333333333333,2,2,TTCTCGGGCCACGGAAGTGG,0,23430
TSS_1414_storz_regulondb,0.3333333333333333,2,2,TTCTAGAAAGGTTTTACGCT,0,37354
TSS_1414_storz_regulondb,0.3333333333333333,2,2,TTCTACGACAAACCAAGCCA,0,48246
TSS_1414_storz_regulondb,0.3333333333333333,2,2,TTCGTTGTCCAGTCTTTTGA,0,64537
TSS_1414_storz_regulondb,0.3333333333333333,2,2,TTCGTTAAAGAAGGGGTTAT,0,11360
TSS_1414_storz_regulondb,0.3333333333333333,2,2,TTCGTGATGGGAATCTTTAA,0,4508
TSS_1414_storz_regulondb,0.3333333333333333,2,2,TTCGTCCGTGCGCGTAACTT,0,23088
TSS_1414_storz_regulondb,0.3333333333333333,2,2,TTCGTCAGCCGAATTCGACC,0,81039
TSS_1414_storz_regulondb,0.3333333333333333,2,2,TTCGGTCCAGTCTTGCGGTC,0,20952
TSS_1414_storz_regulondb,0.3333333333333333,2,2,TTCGGACACTAAAAACGTAG,0,20057
TSS_1414_storz_regulondb,0.3333333333333333,2,2,TTCGCTAGCTCAAGTATCAA,0,44416
TSS_1414_storz_regulondb,0.3333333333333333,2,2,TTCGCGATTTAGGGTTTTTT,0,53552
TSS_1414_storz_regulondb,0.3333333333333333,2,2,TTCGACTTAAGCGTGCACTA,0,63697
TSS_1414_storz_regulondb,0.3333333333333333,2,2,TTCCTGTAAGTTTTGCAAAG,0,56509
TSS_1414_storz_regulondb,0.3333333333333333,2,2,TTCCTGCAATGAACTATTGT,0,42094
TSS_1414_storz_regulondb,0.3333333333333333,2,2,TTCCTCTATTGCCACTGTCA,0,40153
TSS_1414_storz_regulondb,0.3333333333333333,2,2,TTCCTCGAGGTCTTACGTAC,0,46409
TSS_1414_storz_regulondb,0.3333333333333333,2,2,TTCCGGACATTCCTCTGGAA,0,65823
TSS_1414_storz_regulondb,0.3333333333333333,2,2,TTCCGCTCGTGGTCTTCTGT,0,79162
TSS_1414_storz_regulondb,0.3333333333333333,2,2,TTCCGATCAGGTTAACGCTA,0,33833
TSS_1414_storz_regulondb,0.3333333333333333,2,2,TTCCCGGCTGGCGCAGACCT,0,13150
TSS_1414_storz_regulondb,0.3333333333333333,2,2,TTCCCGAGTACGAGCGAGGG,0,54105
TSS_1414_storz_regulondb,0.3333333333333333,2,2,TTCCCCGAATAATCAGTTGT,0,75018
TSS_1414_storz_regulondb,0.3333333333333333,2,2,TTCCCCACCAGAAGTCCGTG,0,29202
TSS_1414_storz_regulondb,0.3333333333333333,2,2,TTCCCACTGATGATGGTATA,0,5095
TSS_1414_storz_regulondb,0.3333333333333333,2,2,TTCATGCACGGGTATCCTCT,0,14224
TSS_1414_storz_regulondb,0.3333333333333333,2,2,TTCAGGCACGGCTAGACTAA,0,70210
TSS_1414_storz_regulondb,0.3333333333333333,2,2,TTCAGACATCTGCTCTTGGT,0,68101
TSS_1414_storz_regulondb,0.3333333333333333,2,2,TTCACCTGTACTTTCCTTAG,0,5538
TSS_1414_storz_regulondb,0.3333333333333333,2,2,TTCACCCCGGACGTGCTTGG,0,34363
TSS_1414_storz_regulondb,0.3333333333333333,2,2,TTCACAGGATTTATTTAAAT,0,73746
TSS_1414_storz_regulondb,0.3333333333333333,2,2,TTCACAAAAGTCCGAAGGTC,0,27823
TSS_1414_storz_regulondb,0.3333333333333333,2,2,TTCAATAGAGACTGGCAAAT,0,73190
TSS_1414_storz_regulondb,0.3333333333333333,2,2,TTCAACCCGTATATGACTAT,0,6258
TSS_1414_storz_regulondb,0.3333333333333333,2,2,TTCAAAGGGTTGAGCATTAC,0,14823
TSS_1414_storz_regulondb,0.3333333333333333,2,2,TTATGGGCCGCGCGTCTTGG,0,59656
TSS_1414_storz_regulondb,0.3333333333333333,2,2,TTATGCGTTTGGCTCCGAGT,0,18936
TSS_1414_storz_regulondb,0.3333333333333333,2,2,TTATCTAGTTTATTGTGATT,0,17901
TSS_1414_storz_regulondb,0.3333333333333333,2,2,TTATCCCAGCGAGACAGCGA,0,34955
TSS_1414_storz_regulondb,0.3333333333333333,2,2,TTATATTTCGACTGGCTAGA,0,23340
TSS_1414_storz_regulondb,0.3333333333333333,2,2,TTATAGTCGTAGTGAGAGGA,0,24989
TSS_1414_storz_regulondb,0.3333333333333333,2,2,TTATACTATACTTTTAATAG,0,56063
TSS_1414_storz_regulondb,0.3333333333333333,2,2,TTATACCTTCTACACACGCT,0,2405
TSS_1414_storz_regulondb,0.3333333333333333,2,2,TTAGTTTTCCGTATGACAGA,0,76738
TSS_1414_storz_regulondb,0.3333333333333333,2,2,TTAGTTGGACACGTCTTGGT,0,41001
TSS_1414_storz_regulondb,0.3333333333333333,2,2,TTAGCGGCACTGCGTTATCA,0,19416
TSS_1414_storz_regulondb,0.3333333333333333,2,2,TTAGCGCCTGAGAAAACTCA,0,29217
TSS_1414_storz_regulondb,0.3333333333333333,2,2,TTAGCGAGGGACATAGACAC,0,58527
TSS_1414_storz_regulondb,0.3333333333333333,2,2,TTAGATTATCTAAGCCCATC,0,40111
TSS_1414_storz_regulondb,0.3333333333333333,2,2,TTAGACAAAAAAGTTTCAGG,0,57409
TSS_1414_storz_regulondb,0.3333333333333333,2,2,TTAGAAGGACATTCTGTTGT,0,64241
TSS_1414_storz_regulondb,0.3333333333333333,2,2,TTACTTGCCTGTTTTCTCGT,0,50202
TSS_1414_storz_regulondb,0.3333333333333333,2,2,TTACTATTCTGGCGGTGACC,0,64050
TSS_1414_storz_regulondb,0.3333333333333333,2,2,TTACGGGGGACACCGAACGC,0,79048
TSS_1414_storz_regulondb,0.3333333333333333,2,2,TTACGGGGACTTGGAACATT,0,39677
TSS_1414_storz_regulondb,0.3333333333333333,2,2,TTACGGACAGCGCTCGTCCT,0,7351
TSS_1414_storz_regulondb,0.3333333333333333,2,2,TTACGCTTCACACCTGCGAC,0,15256
TSS_1414_storz_regulondb,0.3333333333333333,2,2,TTACGCTCTCCCTCCAGGGT,0,1080
TSS_1414_storz_regulondb,0.3333333333333333,2,2,TTACCTGGGGCGGTCAACGC,0,64680
TSS_1414_storz_regulondb,0.3333333333333333,2,2,TTAATTGTAATCCTGTTTCC,0,23499
TSS_1414_storz_regulondb,0.3333333333333333,2,2,TTAATGTATCAGGGTCAGGC,0,79819
TSS_1414_storz_regulondb,0.3333333333333333,2,2,TTAATCCCCGATTGGCGAGT,0,22237
TSS_1414_storz_regulondb,0.3333333333333333,2,2,TTAATATTGCGTTTATTCAA,0,9671
TSS_1414_storz_regulondb,0.3333333333333333,2,2,TTAATAGCGTTAAGTGCCTA,0,20675
TSS_1414_storz_regulondb,0.3333333333333333,2,2,TTAAGGTGAGCTGTCAGCCA,0,43127
TSS_1414_storz_regulondb,0.3333333333333333,2,2,TTAAGCCGTCCTATAAGAAT,0,25561
TSS_1414_storz_regulondb,0.3333333333333333,2,2,TTAAGACACTATCCACCTCC,0,20992
TSS_1414_storz_regulondb,0.3333333333333333,2,2,TTAACTCGCCAGATAGGAAT,0,31931
TSS_1414_storz_regulondb,0.3333333333333333,2,2,TTAACTAGTTAGGCAAGCGC,0,5498
TSS_1414_storz_regulondb,0.3333333333333333,2,2,TTAACGGGCGTCCTTATCTA,0,6996
TSS_1414_storz_regulondb,0.3333333333333333,2,2,TTAACCACGTTCGTCTGATA,0,52362
TSS_1414_storz_regulondb,0.3333333333333333,2,2,TTAACAGAGACCTAACATTT,0,66222
TSS_1414_storz_regulondb,0.3333333333333333,2,2,TTAAATTTTAACTGGTTAGA,0,35020
TSS_1414_storz_regulondb,0.3333333333333333,2,2,TTAAAGATTACTATGCTGGC,0,64683
TSS_1414_storz_regulondb,0.3333333333333333,2,2,TTAAAGAACCCCGGTTGCAA,0,31437
TSS_1414_storz_regulondb,0.3333333333333333,2,2,TGTTTCGCGCCCACCGGTGG,0,61196
TSS_1414_storz_regulondb,0.3333333333333333,2,2,TGTTGGCATCTGGAAAATAG,0,1205
TSS_1414_storz_regulondb,0.3333333333333333,2,2,TGTTGGATTCATCGGGCACG,0,29776
TSS_1414_storz_regulondb,0.3333333333333333,2,2,TGTTGCGAGGTAATCCTGTC,0,8109
TSS_1414_storz_regulondb,0.3333333333333333,2,2,TGTTGCCACATGCTTGAATC,0,24473
TSS_1414_storz_regulondb,0.3333333333333333,2,2,TGTTCTAGGCATCCACGTAT,0,77419
TSS_1414_storz_regulondb,0.3333333333333333,2,2,TGTTCGAGTGATGGAGCCAG,0,72651
TSS_1414_storz_regulondb,0.3333333333333333,2,2,TGTGTGCTTTCTTCAAGTTA,0,37908
TSS_1414_storz_regulondb,0.3333333333333333,2,2,TGTGGGTCGAAAAACGGATG,0,21012
TSS_1414_storz_regulondb,0.3333333333333333,2,2,TGTGGCTTTCTTCAATTCCG,0,25226
TSS_1414_storz_regulondb,0.3333333333333333,2,2,TGTGGCGAGGACTTTGGTTG,0,21951
TSS_1414_storz_regulondb,0.3333333333333333,2,2,TGTGGCCGACCAGGTCCACC,0,51273
TSS_1414_storz_regulondb,0.3333333333333333,2,2,TGTGCACGATTGGGTCATTT,0,16994
TSS_1414_storz_regulondb,0.3333333333333333,2,2,TGTGATTTGGCGCCCAGGCT,0,2605
TSS_1414_storz_regulondb,0.3333333333333333,2,2,TGTGAGAAACCACCTCGATA,0,70384
TSS_1414_storz_regulondb,0.3333333333333333,2,2,TGTGACATCCGGATTAATCG,0,55249
TSS_1414_storz_regulondb,0.3333333333333333,2,2,TGTCTGTGCGATGAGTACCG,0,67116
TSS_1414_storz_regulondb,0.3333333333333333,2,2,TGTCGTGTGTCCCCTTCTTT,0,39327
TSS_1414_storz_regulondb,0.3333333333333333,2,2,TGTCGTATGCTCAACGAAAA,0,20906
TSS_1414_storz_regulondb,0.3333333333333333,2,2,TGTCGCGGATGTTTCTGTCA,0,69318
TSS_1414_storz_regulondb,0.3333333333333333,2,2,TGTCGCCCCCGCTATCCATA,0,34963
TSS_1414_storz_regulondb,0.3333333333333333,2,2,TGTCCCAATGGCTCCGTCGG,0,79091
TSS_1414_storz_regulondb,0.3333333333333333,2,2,TGTCATAGTTCGCGTGCTCG,0,36185
TSS_1414_storz_regulondb,0.3333333333333333,2,2,TGTCATACAAGCGGCGTGCC,0,48218
TSS_1414_storz_regulondb,0.3333333333333333,2,2,TGTCAGCAGCTAGTCAAGTT,0,69789
TSS_1414_storz_regulondb,0.3333333333333333,2,2,TGTATGATACCACTTGTACG,0,55354
TSS_1414_storz_regulondb,0.3333333333333333,2,2,TGTATCTGAGGAGTTTGGAG,0,31498
TSS_1414_storz_regulondb,0.3333333333333333,2,2,TGTACCGTTTTTACGCGACG,0,77120
TSS_1414_storz_regulondb,0.3333333333333333,2,2,TGTACATCAGTTTGTACGTA,0,13438
TSS_1414_storz_regulondb,0.3333333333333333,2,2,TGTAACGCAATACAAGATAT,0,47483
TSS_1414_storz_regulondb,0.3333333333333333,2,2,TGGTTTTTGGATTGAGAGCT,0,55696
TSS_1414_storz_regulondb,0.3333333333333333,2,2,TGGTTGAGTGGAGCAGAGAA,0,52563
TSS_1414_storz_regulondb,0.3333333333333333,2,2,TGGTTACATCCCGCTTTTAG,0,47566
TSS_1414_storz_regulondb,0.3333333333333333,2,2,TGGTGTTGGTGTCTTGGAAA,0,56481
TSS_1414_storz_regulondb,0.3333333333333333,2,2,TGGTGTTCTGCTGCGTGGTA,0,76843
TSS_1414_storz_regulondb,0.3333333333333333,2,2,TGGTCGTCTAGACGTTAGAG,0,58836
TSS_1414_storz_regulondb,0.3333333333333333,2,2,TGGTCCGTAGAGGTTACCCA,0,62091
TSS_1414_storz_regulondb,0.3333333333333333,2,2,TGGTCAGAGGGTATGAAGCG,0,43504
TSS_1414_storz_regulondb,0.3333333333333333,2,2,TGGTCAATTATTTAGTCGGA,0,9386
TSS_1414_storz_regulondb,0.3333333333333333,2,2,TGGTATATGCGGAGATCTGG,0,6876
TSS_1414_storz_regulondb,0.3333333333333333,2,2,TGGGTTCCACGACATTTCCA,0,5196
TSS_1414_storz_regulondb,0.3333333333333333,2,2,TGGGTTAGCACTCCTCTGGT,0,57605
TSS_1414_storz_regulondb,0.3333333333333333,2,2,TGGGTTACGGTGGTTACCTT,0,78687
TSS_1414_storz_regulondb,0.3333333333333333,2,2,TGGGTAGGCTAGCGACATTG,0,44885
TSS_1414_storz_regulondb,0.3333333333333333,2,2,TGGGCTAAGCTCTCAGGGTC,0,13148
TSS_1414_storz_regulondb,0.3333333333333333,2,2,TGGGCGTCATATCGCAGGAA,0,52281
TSS_1414_storz_regulondb,0.3333333333333333,2,2,TGGGATCTTGTAAAACCGTT,0,6250
TSS_1414_storz_regulondb,0.3333333333333333,2,2,TGGGAGGCTCAATTAGCGAC,0,73945
TSS_1414_storz_regulondb,0.3333333333333333,2,2,TGGGACTGGATTCAGTGGCA,0,32634
TSS_1414_storz_regulondb,0.3333333333333333,2,2,TGGCTGCTCACATCTCTTCG,0,41746
TSS_1414_storz_regulondb,0.3333333333333333,2,2,TGGCGTTCTAGCGTGACCAC,0,78748
TSS_1414_storz_regulondb,0.3333333333333333,2,2,TGGCGGACGACGCTTCTGGC,0,16941
TSS_1414_storz_regulondb,0.3333333333333333,2,2,TGGCCTTGGGTACGCAACCC,0,16670
TSS_1414_storz_regulondb,0.3333333333333333,2,2,TGGCCTGGGTCCTGATCTAG,0,21810
TSS_1414_storz_regulondb,0.3333333333333333,2,2,TGGCCTCTGTGACGGGTTAA,0,56634
TSS_1414_storz_regulondb,0.3333333333333333,2,2,TGGCAGGCTCTATCATTGTA,0,50920
TSS_1414_storz_regulondb,0.3333333333333333,2,2,TGGCAGGCCCCCACAGTTAA,0,78389
TSS_1414_storz_regulondb,0.3333333333333333,2,2,TGGCACGTGTCAGAGTGCTA,0,60669
TSS_1414_storz_regulondb,0.3333333333333333,2,2,TGGCACGGCCGGGAATCTTA,0,43322
TSS_1414_storz_regulondb,0.3333333333333333,2,2,TGGATTTCAGTAATAATATC,0,19188
TSS_1414_storz_regulondb,0.3333333333333333,2,2,TGGATTAGCGGCTGCCTTTT,0,36919
TSS_1414_storz_regulondb,0.3333333333333333,2,2,TGGAGTGTAGAAGGAGACAT,0,43042
TSS_1414_storz_regulondb,0.3333333333333333,2,2,TGGAGACTCTACGTCTGGGG,0,65671
TSS_1414_storz_regulondb,0.3333333333333333,2,2,TGGACTCTAGGTAACGGATG,0,35753
TSS_1414_storz_regulondb,0.3333333333333333,2,2,TGGACATTTTTACAGTGTAT,0,53658
TSS_1414_storz_regulondb,0.3333333333333333,2,2,TGGACATGTACTTATGCCGT,0,40743
TSS_1414_storz_regulondb,0.3333333333333333,2,2,TGGAATTGTTATTAGTGAAT,0,23508
TSS_1414_storz_regulondb,0.3333333333333333,2,2,TGGAATGAAGATCTCCTACC,0,11419
TSS_1414_storz_regulondb,0.3333333333333333,2,2,TGGAATAATATCTCTGTGAG,0,48571
TSS_1414_storz_regulondb,0.3333333333333333,2,2,TGGAACGTTGCAAGTGAAGC,0,4146
TSS_1414_storz_regulondb,0.3333333333333333,2,2,TGCTTTTGATTGATGGTATA,0,77796
TSS_1414_storz_regulondb,0.3333333333333333,2,2,TGCTGGGAAACACGATTCGT,0,76196
TSS_1414_storz_regulondb,0.3333333333333333,2,2,TGCGTGTGATTGCGTAGGGT,0,50774
TSS_1414_storz_regulondb,0.3333333333333333,2,2,TGCGTAGTGGGTTACAGCTA,0,71492
TSS_1414_storz_regulondb,0.3333333333333333,2,2,TGCGTAGTCAATTGATGCGA,0,26674
TSS_1414_storz_regulondb,0.3333333333333333,2,2,TGCGGTGGCTGCCCTACTGA,0,68216
TSS_1414_storz_regulondb,0.3333333333333333,2,2,TGCGGCTAAGTGGCATTTAT,0,77972
TSS_1414_storz_regulondb,0.3333333333333333,2,2,TGCGCTCAACCAAAATCTAC,0,28513
TSS_1414_storz_regulondb,0.3333333333333333,2,2,TGCGCGAGGCTTCTGGTGTC,0,7613
TSS_1414_storz_regulondb,0.3333333333333333,2,2,TGCGAGAGTGATGTGCGGCC,0,15370
TSS_1414_storz_regulondb,0.3333333333333333,2,2,TGCCTTGAACACTCTCCCTA,0,2521
TSS_1414_storz_regulondb,0.3333333333333333,2,2,TGCCTGCCATAGTCAATGTA,0,4050
TSS_1414_storz_regulondb,0.3333333333333333,2,2,TGCCTCGTCCAGGGTGATGA,0,48740
TSS_1414_storz_regulondb,0.3333333333333333,2,2,TGCCGTTACCGCGAAATCGC,0,10351
TSS_1414_storz_regulondb,0.3333333333333333,2,2,TGCCGCCGGTACGGGGCTAA,0,31056
TSS_1414_storz_regulondb,0.3333333333333333,2,2,TGCCGCAACAAAGGACATGG,0,18126
TSS_1414_storz_regulondb,0.3333333333333333,2,2,TGCCCTATTCGTTAACCATC,0,52063
TSS_1414_storz_regulondb,0.3333333333333333,2,2,TGCCCTATCTTAGCAGTGAT,0,48211
TSS_1414_storz_regulondb,0.3333333333333333,2,2,TGCCCCAGATAACGCAGGCG,0,53626
TSS_1414_storz_regulondb,0.3333333333333333,2,2,TGCCAGTTGTTGTCGAAGTC,0,53539
TSS_1414_storz_regulondb,0.3333333333333333,2,2,TGCCAGGGTTTTTTGAAGTA,0,41004
TSS_1414_storz_regulondb,0.3333333333333333,2,2,TGCCAGCCGTATTCTGGACC,0,14207
TSS_1414_storz_regulondb,0.3333333333333333,2,2,TGCCACGCGACTACGAGACT,0,50011
TSS_1414_storz_regulondb,0.3333333333333333,2,2,TGCCAACCTGGGCTACGCGT,0,77747
TSS_1414_storz_regulondb,0.3333333333333333,2,2,TGCCAAACAAGAATGTGCTA,0,52449
TSS_1414_storz_regulondb,0.3333333333333333,2,2,TGCATGTTGAGAGTGACTTA,0,35093
TSS_1414_storz_regulondb,0.3333333333333333,2,2,TGCATGGTATAGTAGTTTGA,0,53102
TSS_1414_storz_regulondb,0.3333333333333333,2,2,TGCACGCATGACAGACAGGG,0,20490
TSS_1414_storz_regulondb,0.3333333333333333,2,2,TGCACGAAAGCACCAGTCTC,0,19359
TSS_1414_storz_regulondb,0.3333333333333333,2,2,TGATTGTGATATCATGTCAC,0,55704
TSS_1414_storz_regulondb,0.3333333333333333,2,2,TGATGTCCGTAGTCCTGTTC,0,34485
TSS_1414_storz_regulondb,0.3333333333333333,2,2,TGATCTTAATGAAGCCACAA,0,30978
TSS_1414_storz_regulondb,0.3333333333333333,2,2,TGATCTGTCACGATACTCAT,0,34631
TSS_1414_storz_regulondb,0.3333333333333333,2,2,TGATCGAAAATTCATTTCGA,0,37403
TSS_1414_storz_regulondb,0.3333333333333333,2,2,TGATATGGCGAGTTCTGGCG,0,68517
TSS_1414_storz_regulondb,0.3333333333333333,2,2,TGATAGCTTAAACATGTTCG,0,41688
TSS_1414_storz_regulondb,0.3333333333333333,2,2,TGATAGAAATTCAGCCAAGA,0,5486
TSS_1414_storz_regulondb,0.3333333333333333,2,2,TGAGGGGCGCGATCATCCAT,0,6119
TSS_1414_storz_regulondb,0.3333333333333333,2,2,TGAGGATGAGTCTGGAGGCC,0,8186
TSS_1414_storz_regulondb,0.3333333333333333,2,2,TGAGCCAGCCCCTAACCGAG,0,57790
TSS_1414_storz_regulondb,0.3333333333333333,2,2,TGAGACATGGTCCAGAGTAA,0,62658
TSS_1414_storz_regulondb,0.3333333333333333,2,2,TGAGAACACGTTGTGGGATG,0,6881
TSS_1414_storz_regulondb,0.3333333333333333,2,2,TGACCTTGGCAGAGTTGAGG,0,53056
TSS_1414_storz_regulondb,0.3333333333333333,2,2,TGACAGGACGGCTCGTTTGA,0,65548
TSS_1414_storz_regulondb,0.3333333333333333,2,2,TGAATTCTTTGACCGGTTGC,0,53800
TSS_1414_storz_regulondb,0.3333333333333333,2,2,TGAATGTTTACTGTGTTTCC,0,27021
TSS_1414_storz_regulondb,0.3333333333333333,2,2,TGAAGAAGGGATATCAAGGA,0,60937
TSS_1414_storz_regulondb,0.3333333333333333,2,2,TGAACTGTCGCTGCATCACA,0,57372
TSS_1414_storz_regulondb,0.3333333333333333,2,2,TGAAATGGAGTATGGTTATC,0,10260
TSS_1414_storz_regulondb,0.3333333333333333,2,2,TCTTTTGTGCAAAGATTGAG,0,46071
TSS_1414_storz_regulondb,0.3333333333333333,2,2,TCTTTAGGTGGACCCCAAAC,0,33621
TSS_1414_storz_regulondb,0.3333333333333333,2,2,TCTTTAACTGTTGTTGCTAA,0,30351
TSS_1414_storz_regulondb,0.3333333333333333,2,2,TCTTGAACACATCATCGCAT,0,55682
TSS_1414_storz_regulondb,0.3333333333333333,2,2,TCTTCACTCATCCTCCCGGT,0,30159
TSS_1414_storz_regulondb,0.3333333333333333,2,2,TCTTAGTAATTAGTTAGCTA,0,67967
TSS_1414_storz_regulondb,0.3333333333333333,2,2,TCTTAGGTGAAGCAAATGCC,0,51665
TSS_1414_storz_regulondb,0.3333333333333333,2,2,TCTGTGAATGTGTTTCATTA,0,14075
TSS_1414_storz_regulondb,0.3333333333333333,2,2,TCTGTCATGAGCTGTACACT,0,79012
TSS_1414_storz_regulondb,0.3333333333333333,2,2,TCTGTAAACAATACCGCGGA,0,43431
TSS_1414_storz_regulondb,0.3333333333333333,2,2,TCTGGGATCGGCTTCTACTG,0,36090
TSS_1414_storz_regulondb,0.3333333333333333,2,2,TCTGGAAAGTTCCGAGGACT,0,13078
TSS_1414_storz_regulondb,0.3333333333333333,2,2,TCTGCCGCCGGCCTGGGTGA,0,58526
TSS_1414_storz_regulondb,0.3333333333333333,2,2,TCTGATCTAACCGTAGGCCC,0,38662
TSS_1414_storz_regulondb,0.3333333333333333,2,2,TCTGAGAGATTTCACATGGT,0,18958
TSS_1414_storz_regulondb,0.3333333333333333,2,2,TCTCTCGGCAACCTGGGCAT,0,21917
TSS_1414_storz_regulondb,0.3333333333333333,2,2,TCTCTCAAGGCTCAGTTTGA,0,69904
TSS_1414_storz_regulondb,0.3333333333333333,2,2,TCTCGGAAAGGAAACGGTAT,0,30278
TSS_1414_storz_regulondb,0.3333333333333333,2,2,TCTCGCCCCACGGCGTGCAG,0,19647
TSS_1414_storz_regulondb,0.3333333333333333,2,2,TCTCGACCCCGGCGGAAGGA,0,41755
TSS_1414_storz_regulondb,0.3333333333333333,2,2,TCTCATGGTGTACCATCTTT,0,30877
TSS_1414_storz_regulondb,0.3333333333333333,2,2,TCTCACGTTTGCGTGGCCTT,0,39720
TSS_1414_storz_regulondb,0.3333333333333333,2,2,TCTCACCTTGTGCTATTCGG,0,22848
TSS_1414_storz_regulondb,0.3333333333333333,2,2,TCTCAAAAAACCCTTGGGAG,0,37681
TSS_1414_storz_regulondb,0.3333333333333333,2,2,TCTATTTGCTGGTTGTCTTA,0,74731
TSS_1414_storz_regulondb,0.3333333333333333,2,2,TCTATTGATAGCTGCAATAC,0,28823
TSS_1414_storz_regulondb,0.3333333333333333,2,2,TCTATGTGCGGGGAAAAAGG,0,49414
TSS_1414_storz_regulondb,0.3333333333333333,2,2,TCTAGTTGGAATATCTACTA,0,27550
TSS_1414_storz_regulondb,0.3333333333333333,2,2,TCTACCGGCGCGGAAGGGGG,0,40259
TSS_1414_storz_regulondb,0.3333333333333333,2,2,TCTACAAGTGAGTAACGTCT,0,43085
TSS_1414_storz_regulondb,0.3333333333333333,2,2,TCTAAAGGATCCCGGTGGTA,0,64480
TSS_1414_storz_regulondb,0.3333333333333333,2,2,TCGTTCCTGTCTTTTATAAC,0,69889
TSS_1414_storz_regulondb,0.3333333333333333,2,2,TCGTTAGGCACTGAGGTACT,0,25749
TSS_1414_storz_regulondb,0.3333333333333333,2,2,TCGTGTAACGGAACAGCGAA,0,49296
TSS_1414_storz_regulondb,0.3333333333333333,2,2,TCGTGGGAGCGCTAAGAGGA,0,38591
TSS_1414_storz_regulondb,0.3333333333333333,2,2,TCGTGCGACTTTGAAATCTC,0,69714
TSS_1414_storz_regulondb,0.3333333333333333,2,2,TCGTGCCGATTGCACATGAC,0,55493
TSS_1414_storz_regulondb,0.3333333333333333,2,2,TCGTGATGAGACAATAGAGT,0,10644
TSS_1414_storz_regulondb,0.3333333333333333,2,2,TCGGTGGTTTTTCTCTAACC,0,66784
TSS_1414_storz_regulondb,0.3333333333333333,2,2,TCGGTGGTTGTATTTGTTAA,0,39204
TSS_1414_storz_regulondb,0.3333333333333333,2,2,TCGGGTTGTGTTGTTTGTTT,0,52833
TSS_1414_storz_regulondb,0.3333333333333333,2,2,TCGGGCGAAGAAGCAGTACT,0,61145
TSS_1414_storz_regulondb,0.3333333333333333,2,2,TCGGCGTCTACAAGTAGAGG,0,72175
TSS_1414_storz_regulondb,0.3333333333333333,2,2,TCGGCCGTTCTTTTGGTGTT,0,11070
TSS_1414_storz_regulondb,0.3333333333333333,2,2,TCGGCATTTGTGCAGTTGCG,0,47140
TSS_1414_storz_regulondb,0.3333333333333333,2,2,TCGGCAGCGAACCTTAAGAT,0,16674
TSS_1414_storz_regulondb,0.3333333333333333,2,2,TCGGAGTGCCGAAGGAAAGG,0,31558
TSS_1414_storz_regulondb,0.3333333333333333,2,2,TCGGAGCCTCCGACTTTGTT,0,56855
TSS_1414_storz_regulondb,0.3333333333333333,2,2,TCGGACGCGGACAATCGGCC,0,42905
TSS_1414_storz_regulondb,0.3333333333333333,2,2,TCGGAATCTGTGTCGTCATT,0,56293
TSS_1414_storz_regulondb,0.3333333333333333,2,2,TCGGAAGTGTCACCCGTCAA,0,64295
TSS_1414_storz_regulondb,0.3333333333333333,2,2,TCGCTCTAGGCCTATCCGCT,0,77442
TSS_1414_storz_regulondb,0.3333333333333333,2,2,TCGCCGAGGGCACCTAATCG,0,1662
TSS_1414_storz_regulondb,0.3333333333333333,2,2,TCGCCAGAGCACTGTAATTG,0,38290
TSS_1414_storz_regulondb,0.3333333333333333,2,2,TCGCAATTCAGACGTCCTTA,0,9958
TSS_1414_storz_regulondb,0.3333333333333333,2,2,TCGAGCTTCTATATAGATGA,0,70744
TSS_1414_storz_regulondb,0.3333333333333333,2,2,TCGAGCTGAGCTAACCCAGA,0,14936
TSS_1414_storz_regulondb,0.3333333333333333,2,2,TCGAGATGGGCCATCGGTGC,0,50689
TSS_1414_storz_regulondb,0.3333333333333333,2,2,TCGACTAGGGCCGCGTGTTG,0,47759
TSS_1414_storz_regulondb,0.3333333333333333,2,2,TCGAAGGTTCGCCGTCCCGA,0,68251
TSS_1414_storz_regulondb,0.3333333333333333,2,2,TCGAAGAACTACAGTGCACA,0,57157
TSS_1414_storz_regulondb,0.3333333333333333,2,2,TCGAAATGACTAGGGCACTC,0,29893
TSS_1414_storz_regulondb,0.3333333333333333,2,2,TCGAAAATGGGCGACATATT,0,14956
TSS_1414_storz_regulondb,0.3333333333333333,2,2,TCCTGTTTGATGTTTGGATC,0,44006
TSS_1414_storz_regulondb,0.3333333333333333,2,2,TCCTGTACGCGACGTGATAG,0,3369
TSS_1414_storz_regulondb,0.3333333333333333,2,2,TCCTCGCGGAGAAATGTATG,0,62825
TSS_1414_storz_regulondb,0.3333333333333333,2,2,TCCGTGCACCAATAGTCGGT,0,23917
TSS_1414_storz_regulondb,0.3333333333333333,2,2,TCCGGTACTGGGAGAGCGGT,0,75316
TSS_1414_storz_regulondb,0.3333333333333333,2,2,TCCGGGGGCCATATGGAACA,0,40326
TSS_1414_storz_regulondb,0.3333333333333333,2,2,TCCGGACGGATCCATAAGAC,0,43634
TSS_1414_storz_regulondb,0.3333333333333333,2,2,TCCGCGGACGTTTGTCGGAT,0,5547
TSS_1414_storz_regulondb,0.3333333333333333,2,2,TCCGCGAAGGCTCTGCGTCA,0,20217
TSS_1414_storz_regulondb,0.3333333333333333,2,2,TCCGCCAGCATCTAAGCCCT,0,64615
TSS_1414_storz_regulondb,0.3333333333333333,2,2,TCCGACTTCCAAGCTAGTAG,0,27762
TSS_1414_storz_regulondb,0.3333333333333333,2,2,TCCCGTCGGAGCGACGCGCC,0,16503
TSS_1414_storz_regulondb,0.3333333333333333,2,2,TCCCGGTGAACGGGCGACAT,0,70671
TSS_1414_storz_regulondb,0.3333333333333333,2,2,TCCCGGAGAATTAATGGGTT,0,64770
TSS_1414_storz_regulondb,0.3333333333333333,2,2,TCCCATCGACGAATCAATGG,0,74547
TSS_1414_storz_regulondb,0.3333333333333333,2,2,TCCCAGAATCACTGCTCAGT,0,1881
TSS_1414_storz_regulondb,0.3333333333333333,2,2,TCCCACCTCATCTCTGGACT,0,63213
TSS_1414_storz_regulondb,0.3333333333333333,2,2,TCCATTGATTATCTTCAGAC,0,48844
TSS_1414_storz_regulondb,0.3333333333333333,2,2,TCCATTGATCTAAATTCTCG,0,30137
TSS_1414_storz_regulondb,0.3333333333333333,2,2,TCCATGGGATTGGTCCCGCT,0,34490
TSS_1414_storz_regulondb,0.3333333333333333,2,2,TCCATGGCTGTTCCCTACGG,0,27578
TSS_1414_storz_regulondb,0.3333333333333333,2,2,TCCATCACATTCGCAGTCCG,0,73898
TSS_1414_storz_regulondb,0.3333333333333333,2,2,TCCAGGGGGGCCTCAGGCGC,0,28048
TSS_1414_storz_regulondb,0.3333333333333333,2,2,TCCAAATATGAATATTCATA,0,2517
TSS_1414_storz_regulondb,0.3333333333333333,2,2,TCCAAACTAGCGCAGCGGTA,0,29799
TSS_1414_storz_regulondb,0.3333333333333333,2,2,TCATTCCGTAACAAGCTGAC,0,36012
TSS_1414_storz_regulondb,0.3333333333333333,2,2,TCATGTCCCTCGTATTGTGC,0,55104
TSS_1414_storz_regulondb,0.3333333333333333,2,2,TCATGTAGATTAATGGGATA,0,66475
TSS_1414_storz_regulondb,0.3333333333333333,2,2,TCATGAGGGGTCCCTGTTAC,0,59184
TSS_1414_storz_regulondb,0.3333333333333333,2,2,TCATATTACGCAATAGGGAC,0,5255
TSS_1414_storz_regulondb,0.3333333333333333,2,2,TCATACTTAATCGTGCGCCA,0,64898
TSS_1414_storz_regulondb,0.3333333333333333,2,2,TCATACTCTTGCGTGTTCCA,0,42636
TSS_1414_storz_regulondb,0.3333333333333333,2,2,TCATACCATAGGTTGGCCTG,0,25161
TSS_1414_storz_regulondb,0.3333333333333333,2,2,TCAGTTTGCTCTTGCTGTAC,0,18765
TSS_1414_storz_regulondb,0.3333333333333333,2,2,TCAGGGGATATCTAACTTGA,0,75903
TSS_1414_storz_regulondb,0.3333333333333333,2,2,TCAGGATATGTTGACACATA,0,9182
TSS_1414_storz_regulondb,0.3333333333333333,2,2,TCAGCACAGCTGGTAACATA,0,11501
TSS_1414_storz_regulondb,0.3333333333333333,2,2,TCAGATCCGTGACGCCGGTT,0,73841
TSS_1414_storz_regulondb,0.3333333333333333,2,2,TCAGAATGCCCCTTCACTGA,0,15150
TSS_1414_storz_regulondb,0.3333333333333333,2,2,TCAGAACTTATTAAGTGGTC,0,29634
TSS_1414_storz_regulondb,0.3333333333333333,2,2,TCACTGGGCGTCTCACAGGC,0,49560
TSS_1414_storz_regulondb,0.3333333333333333,2,2,TCACGGGGATGTCCCTTTTT,0,73822
TSS_1414_storz_regulondb,0.3333333333333333,2,2,TCACGCTCCGAGCTTCCCCG,0,18033
TSS_1414_storz_regulondb,0.3333333333333333,2,2,TCACGCCTACTGCGATGTTG,0,18639
TSS_1414_storz_regulondb,0.3333333333333333,2,2,TCACCCGGCAGACAGAGTAA,0,3162
TSS_1414_storz_regulondb,0.3333333333333333,2,2,TCACATGTTTTGGAGGAATT,0,35165
TSS_1414_storz_regulondb,0.3333333333333333,2,2,TCACAGGCGCCAGTGAATGT,0,14002
TSS_1414_storz_regulondb,0.3333333333333333,2,2,TCACACCCGCAGAGCGGGAC,0,23026
TSS_1414_storz_regulondb,0.3333333333333333,2,2,TCAATTTTTACCCCTCTCGG,0,40163
TSS_1414_storz_regulondb,0.3333333333333333,2,2,TCAATTGTCCTACAGGGGTA,0,31465
TSS_1414_storz_regulondb,0.3333333333333333,2,2,TCAATTGGTAAGCTGTTAAG,0,37293
TSS_1414_storz_regulondb,0.3333333333333333,2,2,TCAAGTCGATTCCGTCTTGG,0,47808
TSS_1414_storz_regulondb,0.3333333333333333,2,2,TCAAGCATCACGCTCCACAG,0,2076
TSS_1414_storz_regulondb,0.3333333333333333,2,2,TCAACCACGCATAATGACCG,0,6450
TSS_1414_storz_regulondb,0.3333333333333333,2,2,TCAAATTGAGCATCCTGAAG,0,67737
TSS_1414_storz_regulondb,0.3333333333333333,2,2,TCAAATTCGTCGCCACGAAT,0,10548
TSS_1414_storz_regulondb,0.3333333333333333,2,2,TCAAATCGCCTGCGAACTGG,0,64286
TSS_1414_storz_regulondb,0.3333333333333333,2,2,TCAAATCCGCTCGGGGAAGA,0,78568
TSS_1414_storz_regulondb,0.3333333333333333,2,2,TCAAACTACGCAAGTGGCTA,0,50806
TSS_1414_storz_regulondb,0.3333333333333333,2,2,TATTTTTTCACCACGGGTCT,0,9729
TSS_1414_storz_regulondb,0.3333333333333333,2,2,TATTTACCCCCCCCTCGTTA,0,24
TSS_1414_storz_regulondb,0.3333333333333333,2,2,TATTGTACCGTCCTGTCGGC,0,66276
TSS_1414_storz_regulondb,0.3333333333333333,2,2,TATTGAACTTAAAGAAGTAT,0,24685
TSS_1414_storz_regulondb,0.3333333333333333,2,2,TATTCGTAGACCCGTTGCTA,0,15705
TSS_1414_storz_regulondb,0.3333333333333333,2,2,TATTCCACCAATGTGAAACT,0,47755
TSS_1414_storz_regulondb,0.3333333333333333,2,2,TATTCAGGCCGAGACGACCT,0,66516
TSS_1414_storz_regulondb,0.3333333333333333,2,2,TATGTGACTAACCAATGCTG,0,49235
TSS_1414_storz_regulondb,0.3333333333333333,2,2,TATGTCATTTCCTTAGGTTC,0,41764
TSS_1414_storz_regulondb,0.3333333333333333,2,2,TATGTCAGCGGAACTGGTCT,0,44937
TSS_1414_storz_regulondb,0.3333333333333333,2,2,TATGGTGACGAGGGCTTTGT,0,49311
TSS_1414_storz_regulondb,0.3333333333333333,2,2,TATGGTCCACGTGCGAACAT,0,48583
TSS_1414_storz_regulondb,0.3333333333333333,2,2,TATGGTCACTGTCTCCGTTG,0,28452
TSS_1414_storz_regulondb,0.3333333333333333,2,2,TATGCTATATATACTCGAGG,0,26854
TSS_1414_storz_regulondb,0.3333333333333333,2,2,TATGCTAAGAGCAAGTCTCA,0,8959
TSS_1414_storz_regulondb,0.3333333333333333,2,2,TATGCCGTACGATCCACTAG,0,79261
TSS_1414_storz_regulondb,0.3333333333333333,2,2,TATGAGTCAGACTTCCGCTT,0,11184
TSS_1414_storz_regulondb,0.3333333333333333,2,2,TATGAAAGTTGTCGTTCCCT,0,2460
TSS_1414_storz_regulondb,0.3333333333333333,2,2,TATCTTTTTTACTCGAGTCT,0,1731
TSS_1414_storz_regulondb,0.3333333333333333,2,2,TATCGTAGAACAAGCAGCCT,0,55999
TSS_1414_storz_regulondb,0.3333333333333333,2,2,TATCAGCCGTGGGCACATAG,0,67873
TSS_1414_storz_regulondb,0.3333333333333333,2,2,TATATGTGGAGAGGACCACG,0,28666
TSS_1414_storz_regulondb,0.3333333333333333,2,2,TATAGTGGCGAAGTCTTACA,0,71887
TSS_1414_storz_regulondb,0.3333333333333333,2,2,TATAGGTCCGACGGCCCGCA,0,71221
TSS_1414_storz_regulondb,0.3333333333333333,2,2,TATAGCGTTCTAGCGATCGG,0,9429
TSS_1414_storz_regulondb,0.3333333333333333,2,2,TATAGAAAGCGGACTTAGAT,0,49139
TSS_1414_storz_regulondb,0.3333333333333333,2,2,TATACTTGTCTAGGGACATT,0,31553
TSS_1414_storz_regulondb,0.3333333333333333,2,2,TATACCCAAGGAAGGGCTCG,0,39561
TSS_1414_storz_regulondb,0.3333333333333333,2,2,TATAAGATGTGATCTTGTCC,0,21427
TSS_1414_storz_regulondb,0.3333333333333333,2,2,TATAACAAAGCAAGATATTA,0,22854
TSS_1414_storz_regulondb,0.3333333333333333,2,2,TAGGTGGGGCCAGGAGTTAG,0,27951
TSS_1414_storz_regulondb,0.3333333333333333,2,2,TAGGTGAGCCTTATGGATAA,0,23381
TSS_1414_storz_regulondb,0.3333333333333333,2,2,TAGGGTCCGGGCAGGAGGAC,0,5565
TSS_1414_storz_regulondb,0.3333333333333333,2,2,TAGGGGATAGTAGTCCATTC,0,42383
TSS_1414_storz_regulondb,0.3333333333333333,2,2,TAGGGGAGAGTCTCCTCGGG,0,13390
TSS_1414_storz_regulondb,0.3333333333333333,2,2,TAGGGATGATTCCAAAACAT,0,73323
TSS_1414_storz_regulondb,0.3333333333333333,2,2,TAGGCTCTACCTTTAGTGCA,0,69775
TSS_1414_storz_regulondb,0.3333333333333333,2,2,TAGGCAGTCGGCACCTGCAG,0,20595
TSS_1414_storz_regulondb,0.3333333333333333,2,2,TAGGCAGCAGAAGGGCGAGC,0,39295
TSS_1414_storz_regulondb,0.3333333333333333,2,2,TAGGCAGATTTCGTTTTACG,0,33967
TSS_1414_storz_regulondb,0.3333333333333333,2,2,TAGGAAATAACCAACTCCTT,0,26433
TSS_1414_storz_regulondb,0.3333333333333333,2,2,TAGCTTCTAGGGCGGTATTA,0,25701
TSS_1414_storz_regulondb,0.3333333333333333,2,2,TAGCTAGACGTTGCTCATTG,0,50881
TSS_1414_storz_regulondb,0.3333333333333333,2,2,TAGCGTGAGGCGCTGCTGGA,0,29470
TSS_1414_storz_regulondb,0.3333333333333333,2,2,TAGCGCGCCTCGTAATTCCA,0,63380
TSS_1414_storz_regulondb,0.3333333333333333,2,2,TAGCGCACGGGGCAGCAGGA,0,37380
TSS_1414_storz_regulondb,0.3333333333333333,2,2,TAGCAAACCGCGAACTTCTC,0,77361
TSS_1414_storz_regulondb,0.3333333333333333,2,2,TAGATTTATCTAGAGCCCCC,0,63430
TSS_1414_storz_regulondb,0.3333333333333333,2,2,TAGATGGAGGAACCTTTAGA,0,47940
TSS_1414_storz_regulondb,0.3333333333333333,2,2,TAGATCCACCAGACAGATGT,0,81087
TSS_1414_storz_regulondb,0.3333333333333333,2,2,TAGATATGACGATAAAGGGT,0,4441
TSS_1414_storz_regulondb,0.3333333333333333,2,2,TAGAAGTAGCATCGACTGTA,0,36501
TSS_1414_storz_regulondb,0.3333333333333333,2,2,TAGAACTGGAAATTATCTGA,0,47027
TSS_1414_storz_regulondb,0.3333333333333333,2,2,TAGAACTATATTTACTGAGA,0,68347
TSS_1414_storz_regulondb,0.3333333333333333,2,2,TAGAACATCACACATGTTTC,0,79361
TSS_1414_storz_regulondb,0.3333333333333333,2,2,TAGAAAGCGGTGTATTGAGC,0,7918
TSS_1414_storz_regulondb,0.3333333333333333,2,2,TAGAAACCCTATGTCAGCGG,0,79525
TSS_1414_storz_regulondb,0.3333333333333333,2,2,TACTTTTCGCTTTACAACAT,0,28859
TSS_1414_storz_regulondb,0.3333333333333333,2,2,TACTTGGTTAACATACCTGT,0,70326
TSS_1414_storz_regulondb,0.3333333333333333,2,2,TACTTGCATTCGTAGGTACA,0,22731
TSS_1414_storz_regulondb,0.3333333333333333,2,2,TACTGTCTGCTATGCCAAAT,0,31127
TSS_1414_storz_regulondb,0.3333333333333333,2,2,TACTGGCATGGTATATAACC,0,54608
TSS_1414_storz_regulondb,0.3333333333333333,2,2,TACTGCCTAACCTTGCACCA,0,66976
TSS_1414_storz_regulondb,0.3333333333333333,2,2,TACTGAACGGGAATCGAATA,0,54044
TSS_1414_storz_regulondb,0.3333333333333333,2,2,TACTCCGCTGGCCCAGAGTC,0,45989
TSS_1414_storz_regulondb,0.3333333333333333,2,2,TACTCACTTTGGCTCTATTA,0,33899
TSS_1414_storz_regulondb,0.3333333333333333,2,2,TACTATGTTTCTACGATGAT,0,12071
TSS_1414_storz_regulondb,0.3333333333333333,2,2,TACTATCAGTTATTTACATC,0,70823
TSS_1414_storz_regulondb,0.3333333333333333,2,2,TACTAGGACAATGCCCGCCA,0,49724
TSS_1414_storz_regulondb,0.3333333333333333,2,2,TACGTGGCTAGGAAGTTTAT,0,1729
TSS_1414_storz_regulondb,0.3333333333333333,2,2,TACGTCAGGCTAAATCATTG,0,15582
TSS_1414_storz_regulondb,0.3333333333333333,2,2,TACGTAATTTATTAGCGGTG,0,70090
TSS_1414_storz_regulondb,0.3333333333333333,2,2,TACGGGTAAACGTATGTATG,0,16163
TSS_1414_storz_regulondb,0.3333333333333333,2,2,TACGGGAATATCTTTTGGAG,0,74882
TSS_1414_storz_regulondb,0.3333333333333333,2,2,TACGGCCAAGGGACCTATTT,0,55327
TSS_1414_storz_regulondb,0.3333333333333333,2,2,TACGCTCAAAGTACTATTTG,0,44306
TSS_1414_storz_regulondb,0.3333333333333333,2,2,TACGCTACGCACCAATGGGG,0,21916
TSS_1414_storz_regulondb,0.3333333333333333,2,2,TACGCATTTTTGAACAAACT,0,68405
TSS_1414_storz_regulondb,0.3333333333333333,2,2,TACCGCAGACTCTTATACGT,0,24344
TSS_1414_storz_regulondb,0.3333333333333333,2,2,TACCCGGGATCATGGCCCGA,0,42514
TSS_1414_storz_regulondb,0.3333333333333333,2,2,TACCAGATAACAAAGTGTTC,0,15340
TSS_1414_storz_regulondb,0.3333333333333333,2,2,TACCAAAACTTCATCCACTC,0,72345
TSS_1414_storz_regulondb,0.3333333333333333,2,2,TACATCTGCAAGATATAGAA,0,9226
TSS_1414_storz_regulondb,0.3333333333333333,2,2,TACAGTAGATCACGCTTTAT,0,60474
TSS_1414_storz_regulondb,0.3333333333333333,2,2,TACAGCGGATCGATGCAGAA,0,55825
TSS_1414_storz_regulondb,0.3333333333333333,2,2,TACAGACCCACATTTGCAGT,0,41073
TSS_1414_storz_regulondb,0.3333333333333333,2,2,TACACGTACGTGAACTCATG,0,41965
TSS_1414_storz_regulondb,0.3333333333333333,2,2,TACACCATCCTGCTCGGGGT,0,55908
TSS_1414_storz_regulondb,0.3333333333333333,2,2,TACAATTAGGTCGTATGAGG,0,19804
TSS_1414_storz_regulondb,0.3333333333333333,2,2,TACAAGCGTCGGAGTTTGTG,0,59613
TSS_1414_storz_regulondb,0.3333333333333333,2,2,TACAACTTAGGGTGTTGTGA,0,8773
TSS_1414_storz_regulondb,0.3333333333333333,2,2,TACAAAACAAAGTATAGGCG,0,58749
TSS_1414_storz_regulondb,0.3333333333333333,2,2,TAATTATACTAGCCACCCGC,0,64108
TSS_1414_storz_regulondb,0.3333333333333333,2,2,TAATCATCGTCCGTGCACGT,0,5123
TSS_1414_storz_regulondb,0.3333333333333333,2,2,TAATCACAGTGCCGTTGCGT,0,21027
TSS_1414_storz_regulondb,0.3333333333333333,2,2,TAATCAACCCAGGAGTTGGG,0,7115
TSS_1414_storz_regulondb,0.3333333333333333,2,2,TAATACCGGAAGTTATATAT,0,8005
TSS_1414_storz_regulondb,0.3333333333333333,2,2,TAATAAGGCTAACAGGCGGT,0,11640
TSS_1414_storz_regulondb,0.3333333333333333,2,2,TAAGTTACGTTTTCTGGTCG,0,77785
TSS_1414_storz_regulondb,0.3333333333333333,2,2,TAAGTGTACGTAGCAGGAAG,0,38356
TSS_1414_storz_regulondb,0.3333333333333333,2,2,TAAGTGCGACCCATGTTGAC,0,14642
TSS_1414_storz_regulondb,0.3333333333333333,2,2,TAAGTGCCAGATAAACGGTC,0,54040
TSS_1414_storz_regulondb,0.3333333333333333,2,2,TAAGTCGCACTGATTGCTGA,0,80879
TSS_1414_storz_regulondb,0.3333333333333333,2,2,TAAGTCACCTTAGTATATTT,0,55489
TSS_1414_storz_regulondb,0.3333333333333333,2,2,TAAGTAGCGTCAAGCTCTGT,0,45031
TSS_1414_storz_regulondb,0.3333333333333333,2,2,TAAGGTTCTATCGGGTGTCT,0,75988
TSS_1414_storz_regulondb,0.3333333333333333,2,2,TAAGGTTCCTGGGCGGCCGC,0,70278
TSS_1414_storz_regulondb,0.3333333333333333,2,2,TAAGGTGCCGGAGTGTGGTT,0,54958
TSS_1414_storz_regulondb,0.3333333333333333,2,2,TAAGGGAGAGAAGTTCCATG,0,78447
TSS_1414_storz_regulondb,0.3333333333333333,2,2,TAAGGCAGGCTCTGAGCAAA,0,4978
TSS_1414_storz_regulondb,0.3333333333333333,2,2,TAAGCCAAGGGATCCCTCGG,0,78645
TSS_1414_storz_regulondb,0.3333333333333333,2,2,TAAGATGCGATCATAAGTAA,0,77979
TSS_1414_storz_regulondb,0.3333333333333333,2,2,TAAGATACATCGTGCAAACA,0,12116
TSS_1414_storz_regulondb,0.3333333333333333,2,2,TAAGAGGCCAACTCATTTGA,0,5798
TSS_1414_storz_regulondb,0.3333333333333333,2,2,TAACTTAAGGTTCTATTGTA,0,57996
TSS_1414_storz_regulondb,0.3333333333333333,2,2,TAACTGGGGACTACTCGGTA,0,22431
TSS_1414_storz_regulondb,0.3333333333333333,2,2,TAACTAGAATCAGAGGCTCC,0,53342
TSS_1414_storz_regulondb,0.3333333333333333,2,2,TAACGTATGTTGATAGATTA,0,1420
TSS_1414_storz_regulondb,0.3333333333333333,2,2,TAACGTAGCAGGATATCACG,0,79991
TSS_1414_storz_regulondb,0.3333333333333333,2,2,TAACGGAGGTCCTCACCAGA,0,30663
TSS_1414_storz_regulondb,0.3333333333333333,2,2,TAACCTTGTTGCCCCTTCTC,0,2225
TSS_1414_storz_regulondb,0.3333333333333333,2,2,TAACCTATTCGACGTCATAA,0,21083
TSS_1414_storz_regulondb,0.3333333333333333,2,2,TAACCGAGCGCGCGTGAGTA,0,51371
TSS_1414_storz_regulondb,0.3333333333333333,2,2,TAACACTATGGTAACGAATT,0,8774
TSS_1414_storz_regulondb,0.3333333333333333,2,2,TAACAACCGCGTAGGTTGTG,0,8394
TSS_1414_storz_regulondb,0.3333333333333333,2,2,TAAAGTGAAGTCTGAGGTCT,0,52061
TSS_1414_storz_regulondb,0.3333333333333333,2,2,TAAAGGTCATAAAATACTAT,0,901
TSS_1414_storz_regulondb,0.3333333333333333,2,2,TAAAGAACTTACGGAGTTAC,0,5381
TSS_1414_storz_regulondb,0.3333333333333333,2,2,TAAACGGGCACAGACGAAGC,0,70086
TSS_1414_storz_regulondb,0.3333333333333333,2,2,TAAACCAAACAGAAATCGTA,0,43914
TSS_1414_storz_regulondb,0.3333333333333333,2,2,TAAAATCACAACCGGTTAAA,0,14455
TSS_1414_storz_regulondb,0.3333333333333333,2,2,GTTTTTCGCTCAGAACTCTT,0,53431
TSS_1414_storz_regulondb,0.3333333333333333,2,2,GTTTTGGCCCTAGTACGTCT,0,62649
TSS_1414_storz_regulondb,0.3333333333333333,2,2,GTTTGGGTCTTGAACCTTTA,0,56571
TSS_1414_storz_regulondb,0.3333333333333333,2,2,GTTTGGGGGCGGCAAGGGTT,0,48238
TSS_1414_storz_regulondb,0.3333333333333333,2,2,GTTTGGCCATGGCATTAAAC,0,18631
TSS_1414_storz_regulondb,0.3333333333333333,2,2,GTTTGCGAAGCCCTCCGCTC,0,14647
TSS_1414_storz_regulondb,0.3333333333333333,2,2,GTTTGATTGTTGCCTTGGGC,0,48340
TSS_1414_storz_regulondb,0.3333333333333333,2,2,GTTTGAATTTTGTGACGACC,0,48163
TSS_1414_storz_regulondb,0.3333333333333333,2,2,GTTTCTTGGAACATGTTGGA,0,21478
TSS_1414_storz_regulondb,0.3333333333333333,2,2,GTTTCCTCGACCTCCACCCC,0,48909
TSS_1414_storz_regulondb,0.3333333333333333,2,2,GTTTACGCATCGACGACGCG,0,42530
TSS_1414_storz_regulondb,0.3333333333333333,2,2,GTTTAAGCTGTGCGCGATTC,0,44719
TSS_1414_storz_regulondb,0.3333333333333333,2,2,GTTGTCGGCTCGCCTCATCT,0,55872
TSS_1414_storz_regulondb,0.3333333333333333,2,2,GTTGTACCACTTTGCATTAG,0,52277
TSS_1414_storz_regulondb,0.3333333333333333,2,2,GTTGGTATGGCCTTCACAGG,0,71827
TSS_1414_storz_regulondb,0.3333333333333333,2,2,GTTGGCGAGCATTGGACGCC,0,6926
TSS_1414_storz_regulondb,0.3333333333333333,2,2,GTTGCTTTGGCCTTACAGCT,0,7507
TSS_1414_storz_regulondb,0.3333333333333333,2,2,GTTGCTATCCAGGGTCTATC,0,30136
TSS_1414_storz_regulondb,0.3333333333333333,2,2,GTTGCGGACTGTTTAATGAA,0,73754
TSS_1414_storz_regulondb,0.3333333333333333,2,2,GTTGCGAAGGCAAGAGCGAG,0,81080
TSS_1414_storz_regulondb,0.3333333333333333,2,2,GTTGATTTCAAAAAAGGCCT,0,21624
TSS_1414_storz_regulondb,0.3333333333333333,2,2,GTTGATTCGAGTAGATGCCA,0,50279
TSS_1414_storz_regulondb,0.3333333333333333,2,2,GTTGATGTACCGGCTTCATT,0,64540
TSS_1414_storz_regulondb,0.3333333333333333,2,2,GTTGAGGGGGCAGTATTGTT,0,65246
TSS_1414_storz_regulondb,0.3333333333333333,2,2,GTTGACAGGAAACAGATTGT,0,33903
TSS_1414_storz_regulondb,0.3333333333333333,2,2,GTTCTTTAAAATCCCTAATG,0,25968
TSS_1414_storz_regulondb,0.3333333333333333,2,2,GTTCTGATGGCTATATCTCT,0,80356
TSS_1414_storz_regulondb,0.3333333333333333,2,2,GTTCTCACCATGCGGTATCG,0,71866
TSS_1414_storz_regulondb,0.3333333333333333,2,2,GTTCCGGGATACCCTAAGAC,0,41739
TSS_1414_storz_regulondb,0.3333333333333333,2,2,GTTCAGGGTTATGGCGATCA,0,38154
TSS_1414_storz_regulondb,0.3333333333333333,2,2,GTTCAGGCATCTGCAGCCGT,0,12763
TSS_1414_storz_regulondb,0.3333333333333333,2,2,GTTATTGAAATCTGGCGCAG,0,42160
TSS_1414_storz_regulondb,0.3333333333333333,2,2,GTTATGGTGTGAGGTTAAGT,0,67993
TSS_1414_storz_regulondb,0.3333333333333333,2,2,GTTATCGGGTTCTAAGACAA,0,50211
TSS_1414_storz_regulondb,0.3333333333333333,2,2,GTTAGTGTAGCACTGGAACC,0,68237
TSS_1414_storz_regulondb,0.3333333333333333,2,2,GTTAGTCGTGTTCCTGACAT,0,75939
TSS_1414_storz_regulondb,0.3333333333333333,2,2,GTTAGTCAAGCGTGGGGAGT,0,20830
TSS_1414_storz_regulondb,0.3333333333333333,2,2,GTTAGGCGAGACTGAATATA,0,76113
TSS_1414_storz_regulondb,0.3333333333333333,2,2,GTTAGCGAAAAAATAAAAGG,0,925
TSS_1414_storz_regulondb,0.3333333333333333,2,2,GTTAGCAAGTACGGATTATA,0,71113
TSS_1414_storz_regulondb,0.3333333333333333,2,2,GTTACTCCCTCTGAGTCAGT,0,29936
TSS_1414_storz_regulondb,0.3333333333333333,2,2,GTTACGGACGATTATGTCAG,0,78591
TSS_1414_storz_regulondb,0.3333333333333333,2,2,GTTACGCGATTCGCACAGGT,0,58736
TSS_1414_storz_regulondb,0.3333333333333333,2,2,GTTACGACAGGTCCGCCAAA,0,23170
TSS_1414_storz_regulondb,0.3333333333333333,2,2,GTTAATAGATTAGAACAGGT,0,71604
TSS_1414_storz_regulondb,0.3333333333333333,2,2,GTTAAGTATTACCCCCTATA,0,41712
TSS_1414_storz_regulondb,0.3333333333333333,2,2,GTTAAATGAACGCAAACCCC,0,61715
TSS_1414_storz_regulondb,0.3333333333333333,2,2,GTGTTATTGGAAGAGGTCTA,0,27820
TSS_1414_storz_regulondb,0.3333333333333333,2,2,GTGTTAGGGCCTGAAGGCAT,0,49376
TSS_1414_storz_regulondb,0.3333333333333333,2,2,GTGTGTTTCGCTAAATATCA,0,52701
TSS_1414_storz_regulondb,0.3333333333333333,2,2,GTGTGCGCTCCTGTAAGAAT,0,62216
TSS_1414_storz_regulondb,0.3333333333333333,2,2,GTGTCTCCCTTATTCGGGAA,0,7510
TSS_1414_storz_regulondb,0.3333333333333333,2,2,GTGTCCAACGATGTCGCAAA,0,38351
TSS_1414_storz_regulondb,0.3333333333333333,2,2,GTGTCAGGTAAACTATTGAA,0,27737
TSS_1414_storz_regulondb,0.3333333333333333,2,2,GTGTATATGGCTAGCACCTA,0,14845
TSS_1414_storz_regulondb,0.3333333333333333,2,2,GTGTACTTAATGTGACTCCT,0,78900
TSS_1414_storz_regulondb,0.3333333333333333,2,2,GTGTACGGCAAGTATCCCCG,0,58044
TSS_1414_storz_regulondb,0.3333333333333333,2,2,GTGTAAGGAGCTGCACTGAT,0,61272
TSS_1414_storz_regulondb,0.3333333333333333,2,2,GTGGTTTAACTCTACTGTCC,0,64651
TSS_1414_storz_regulondb,0.3333333333333333,2,2,GTGGTGTCGGTAGGCTGAGT,0,52745
TSS_1414_storz_regulondb,0.3333333333333333,2,2,GTGGTAGGCCCTATCTATAA,0,69576
TSS_1414_storz_regulondb,0.3333333333333333,2,2,GTGGTACTCACACGCTTCCC,0,27081
TSS_1414_storz_regulondb,0.3333333333333333,2,2,GTGGTAATGAGGCTTCCTGT,0,11511
TSS_1414_storz_regulondb,0.3333333333333333,2,2,GTGGTAACGTACCAGTTTGA,0,78940
TSS_1414_storz_regulondb,0.3333333333333333,2,2,GTGGGGATTGTCCGCGACTG,0,54030
TSS_1414_storz_regulondb,0.3333333333333333,2,2,GTGGGCTTGCTAGGTCGCTA,0,32553
TSS_1414_storz_regulondb,0.3333333333333333,2,2,GTGGGCCTTCAGAACGGGTG,0,17727
TSS_1414_storz_regulondb,0.3333333333333333,2,2,GTGGGATTCTAGACCCCACA,0,64992
TSS_1414_storz_regulondb,0.3333333333333333,2,2,GTGGCGTTCGACCCAGGTTA,0,45057
TSS_1414_storz_regulondb,0.3333333333333333,2,2,GTGGCGTCTCCCTCAGTAGG,0,70280
TSS_1414_storz_regulondb,0.3333333333333333,2,2,GTGGCGATCATATAGGCATA,0,55373
TSS_1414_storz_regulondb,0.3333333333333333,2,2,GTGGCCTACGCCCAGTGCGC,0,16901
TSS_1414_storz_regulondb,0.3333333333333333,2,2,GTGGAGCACCTTCTCAAGGT,0,38308
TSS_1414_storz_regulondb,0.3333333333333333,2,2,GTGCTAGATCTTCTTATCCA,0,68989
TSS_1414_storz_regulondb,0.3333333333333333,2,2,GTGCGGGTTTGGCAAACATC,0,4994
TSS_1414_storz_regulondb,0.3333333333333333,2,2,GTGCGCGTATCCCTTGCGTT,0,56824
TSS_1414_storz_regulondb,0.3333333333333333,2,2,GTGCCTGGTTAATCCGATTT,0,36729
TSS_1414_storz_regulondb,0.3333333333333333,2,2,GTGCAATGCTACCAGGATCT,0,54946
TSS_1414_storz_regulondb,0.3333333333333333,2,2,GTGATCATTCCCCCCGATGG,0,54009
TSS_1414_storz_regulondb,0.3333333333333333,2,2,GTGAGTGAAAAGTTTCACGG,0,34617
TSS_1414_storz_regulondb,0.3333333333333333,2,2,GTGAGTAAGGCCCCACCTCT,0,63043
TSS_1414_storz_regulondb,0.3333333333333333,2,2,GTGAGGATGGCCTCACGGTG,0,58354
TSS_1414_storz_regulondb,0.3333333333333333,2,2,GTGAGAGAGGGCAGGCTGGA,0,5781
TSS_1414_storz_regulondb,0.3333333333333333,2,2,GTGAATGTGCGCTACAACTC,0,53581
TSS_1414_storz_regulondb,0.3333333333333333,2,2,GTGAAACCTGCAATCAGATA,0,38867
TSS_1414_storz_regulondb,0.3333333333333333,2,2,GTCTTTGAGTCAGGGGGAGC,0,20312
TSS_1414_storz_regulondb,0.3333333333333333,2,2,GTCTTCATGATTTTCTAAGT,0,74143
TSS_1414_storz_regulondb,0.3333333333333333,2,2,GTCTTAGGATGGTGGTGTAA,0,14217
TSS_1414_storz_regulondb,0.3333333333333333,2,2,GTCTGTCTGTAGTAAAATCC,0,1870
TSS_1414_storz_regulondb,0.3333333333333333,2,2,GTCTCTCTTGGTACGACGAC,0,56816
TSS_1414_storz_regulondb,0.3333333333333333,2,2,GTCTCAAGCGTCGAACCGGT,0,75727
TSS_1414_storz_regulondb,0.3333333333333333,2,2,GTCTACCAAGGCCGTGATGT,0,4950
TSS_1414_storz_regulondb,0.3333333333333333,2,2,GTCGTTTTTGACTATCGGCG,0,40078
TSS_1414_storz_regulondb,0.3333333333333333,2,2,GTCGTCGTCCATCGACGTTG,0,59748
TSS_1414_storz_regulondb,0.3333333333333333,2,2,GTCGTCGCCCGGTAACAGTG,0,49405
TSS_1414_storz_regulondb,0.3333333333333333,2,2,GTCGTCCGAAGGCTCTAAGG,0,57580
TSS_1414_storz_regulondb,0.3333333333333333,2,2,GTCGTCCATACTTGGACTTG,0,36543
TSS_1414_storz_regulondb,0.3333333333333333,2,2,GTCGGCCGTCAGCCTTGCGA,0,46782
TSS_1414_storz_regulondb,0.3333333333333333,2,2,GTCGCCCGTTCAATGGCCAT,0,13981
TSS_1414_storz_regulondb,0.3333333333333333,2,2,GTCGAAAGAGCTGGGGGACT,0,35938
TSS_1414_storz_regulondb,0.3333333333333333,2,2,GTCCTCCTCGTGACCTCGGA,0,80430
TSS_1414_storz_regulondb,0.3333333333333333,2,2,GTCCGCCTCTCATGTGTAAA,0,28755
TSS_1414_storz_regulondb,0.3333333333333333,2,2,GTCCGCAGAGAGTTACCAAG,0,49564
TSS_1414_storz_regulondb,0.3333333333333333,2,2,GTCCCGACGGGCTACGTCCG,0,4619
TSS_1414_storz_regulondb,0.3333333333333333,2,2,GTCCCCCGGATTGAGCGATA,0,81108
TSS_1414_storz_regulondb,0.3333333333333333,2,2,GTCCCCAAGTTCGCGGTGTT,0,69805
TSS_1414_storz_regulondb,0.3333333333333333,2,2,GTCCATTTATGGATAACATG,0,55499
TSS_1414_storz_regulondb,0.3333333333333333,2,2,GTCCAGACGATTTCGGTGAG,0,19261
TSS_1414_storz_regulondb,0.3333333333333333,2,2,GTCCAATAAATGGTGCCTAT,0,67096
TSS_1414_storz_regulondb,0.3333333333333333,2,2,GTCCAAACTTAACCACAAAT,0,68283
TSS_1414_storz_regulondb,0.3333333333333333,2,2,GTCATGAGTGCGTGTCAACC,0,37513
TSS_1414_storz_regulondb,0.3333333333333333,2,2,GTCATAGATGGGACGGGACC,0,71826
TSS_1414_storz_regulondb,0.3333333333333333,2,2,GTCAGAGGGGCTTCCTCAGT,0,77530
TSS_1414_storz_regulondb,0.3333333333333333,2,2,GTCACGCTGAAATCCGCAGG,0,39553
TSS_1414_storz_regulondb,0.3333333333333333,2,2,GTCACCGCCATTAAGCAATC,0,17645
TSS_1414_storz_regulondb,0.3333333333333333,2,2,GTCACCAGTGCGTGAGTCTT,0,35611
TSS_1414_storz_regulondb,0.3333333333333333,2,2,GTCACAGGAAACTGAGATTA,0,20198
TSS_1414_storz_regulondb,0.3333333333333333,2,2,GTCAATCAAGTTTGGGCTAG,0,56722
TSS_1414_storz_regulondb,0.3333333333333333,2,2,GTATTTGGTGTCTTCGCGAA,0,54201
TSS_1414_storz_regulondb,0.3333333333333333,2,2,GTATTGAGGGAAAACAGCAG,0,861
TSS_1414_storz_regulondb,0.3333333333333333,2,2,GTATTCGTATCGACCTGTAA,0,16580
TSS_1414_storz_regulondb,0.3333333333333333,2,2,GTATTCCCAAGATGTTTGCT,0,58128
TSS_1414_storz_regulondb,0.3333333333333333,2,2,GTATGCATATTGATCGCGTC,0,56822
TSS_1414_storz_regulondb,0.3333333333333333,2,2,GTATGAACATAAGGTCTTCC,0,17425
TSS_1414_storz_regulondb,0.3333333333333333,2,2,GTATCTTTGGACTAGATTCT,0,71206
TSS_1414_storz_regulondb,0.3333333333333333,2,2,GTATATTCGATCCAGTTCTG,0,75609
TSS_1414_storz_regulondb,0.3333333333333333,2,2,GTATATAAAAGCTCAGAATA,0,67300
TSS_1414_storz_regulondb,0.3333333333333333,2,2,GTATAGTCCGTGGTTTATAT,0,26875
TSS_1414_storz_regulondb,0.3333333333333333,2,2,GTATAGACTGAGCCCGTATT,0,8374
TSS_1414_storz_regulondb,0.3333333333333333,2,2,GTATACTGTGATATAACTTG,0,58951
TSS_1414_storz_regulondb,0.3333333333333333,2,2,GTATACGCATTTTTTGTCCC,0,154
TSS_1414_storz_regulondb,0.3333333333333333,2,2,GTATACCGGTGTCAAGTTCA,0,3399
TSS_1414_storz_regulondb,0.3333333333333333,2,2,GTATAAGCAGGCTAGGTGTG,0,15975
TSS_1414_storz_regulondb,0.3333333333333333,2,2,GTAGTTTGAACGAGCAAGCA,0,13336
TSS_1414_storz_regulondb,0.3333333333333333,2,2,GTAGGTGCCCAAGTCGCTGA,0,15798
TSS_1414_storz_regulondb,0.3333333333333333,2,2,GTAGCGCACGCTATGTACTT,0,79276
TSS_1414_storz_regulondb,0.3333333333333333,2,2,GTAGCGACTCGGTCCAAACC,0,51626
TSS_1414_storz_regulondb,0.3333333333333333,2,2,GTAGATAGCAGAGATATAGG,0,20467
TSS_1414_storz_regulondb,0.3333333333333333,2,2,GTAGAAACTCGCGCTAGGGC,0,10802
TSS_1414_storz_regulondb,0.3333333333333333,2,2,GTACTCAGCCGGTAATTGAA,0,37654
TSS_1414_storz_regulondb,0.3333333333333333,2,2,GTACGTTGACAGCAATTTAC,0,67793
TSS_1414_storz_regulondb,0.3333333333333333,2,2,GTACGCGGTGACGACGTCGT,0,22435
TSS_1414_storz_regulondb,0.3333333333333333,2,2,GTACCTCCACGCTATAAAAT,0,1139
TSS_1414_storz_regulondb,0.3333333333333333,2,2,GTACCGTTCTACCTTGCTTA,0,4225
TSS_1414_storz_regulondb,0.3333333333333333,2,2,GTACCGTATTACTCGGCGAA,0,80439
TSS_1414_storz_regulondb,0.3333333333333333,2,2,GTACCGGGTCGTGAAGATTA,0,52133
TSS_1414_storz_regulondb,0.3333333333333333,2,2,GTACATACGTCGAAGAAGAG,0,25325
TSS_1414_storz_regulondb,0.3333333333333333,2,2,GTAATGTATTGTGTCCCGAC,0,45170
TSS_1414_storz_regulondb,0.3333333333333333,2,2,GTAATCATGTGGTTATCGAT,0,69256
TSS_1414_storz_regulondb,0.3333333333333333,2,2,GTAATATCCCAGGGCGATGG,0,40857
TSS_1414_storz_regulondb,0.3333333333333333,2,2,GTAAGGTTAGAAGCGAGTCT,0,57685
TSS_1414_storz_regulondb,0.3333333333333333,2,2,GTAACTATAATCATGATTAC,0,5768
TSS_1414_storz_regulondb,0.3333333333333333,2,2,GTAACTAGATCGCATTGTAA,0,24261
TSS_1414_storz_regulondb,0.3333333333333333,2,2,GTAACGGAGAAATACGGCAC,0,1976
TSS_1414_storz_regulondb,0.3333333333333333,2,2,GTAACCGGGACGAGCATCTC,0,17641
TSS_1414_storz_regulondb,0.3333333333333333,2,2,GTAAAGTTCCAATCGCGCTA,0,40702
TSS_1414_storz_regulondb,0.3333333333333333,2,2,GTAAAGCTGAGCTCGCAATG,0,12882
TSS_1414_storz_regulondb,0.3333333333333333,2,2,GGTTTTCCACCGTGAGTGAC,0,28362
TSS_1414_storz_regulondb,0.3333333333333333,2,2,GGTTTGGTTCGATGCAGAAA,0,52124
TSS_1414_storz_regulondb,0.3333333333333333,2,2,GGTTTCAAAATGCTACTCCG,0,72616
TSS_1414_storz_regulondb,0.3333333333333333,2,2,GGTTTAGGTCCAAATTGGAT,0,49367
TSS_1414_storz_regulondb,0.3333333333333333,2,2,GGTTGTCGGGGCCAGTGGGC,0,25320
TSS_1414_storz_regulondb,0.3333333333333333,2,2,GGTTGGGGGTCATAGTTTGA,0,55000
TSS_1414_storz_regulondb,0.3333333333333333,2,2,GGTTGGGCTCCGGACGCCGC,0,79171
TSS_1414_storz_regulondb,0.3333333333333333,2,2,GGTTGGACACCGTATAGTAG,0,13635
TSS_1414_storz_regulondb,0.3333333333333333,2,2,GGTTGAAGCTAAATGTTAAG,0,67652
TSS_1414_storz_regulondb,0.3333333333333333,2,2,GGTTCGTGGCCATTCCGTCC,0,47088
TSS_1414_storz_regulondb,0.3333333333333333,2,2,GGTTCCCTAGCTATCGGCTG,0,40438
TSS_1414_storz_regulondb,0.3333333333333333,2,2,GGTTCACTTTAGACAACAGC,0,8564
TSS_1414_storz_regulondb,0.3333333333333333,2,2,GGTTCAACGGGTCCGCCTTC,0,28831
TSS_1414_storz_regulondb,0.3333333333333333,2,2,GGTTATTGCCTTCGCGCAAA,0,9962
TSS_1414_storz_regulondb,0.3333333333333333,2,2,GGTTATCCACGGGGTACGCT,0,48401
TSS_1414_storz_regulondb,0.3333333333333333,2,2,GGTTACTAGACGACGAACGC,0,24565
TSS_1414_storz_regulondb,0.3333333333333333,2,2,GGTTACGACAATACCCATCT,0,11637
TSS_1414_storz_regulondb,0.3333333333333333,2,2,GGTGTGTGTGGGACAACATG,0,21874
TSS_1414_storz_regulondb,0.3333333333333333,2,2,GGTGTGGGAGTACATTCTGT,0,25307
TSS_1414_storz_regulondb,0.3333333333333333,2,2,GGTGTGCGTCTCCCTGTCTT,0,25265
TSS_1414_storz_regulondb,0.3333333333333333,2,2,GGTGTGCCGAAGGCCCCCCC,0,24819
TSS_1414_storz_regulondb,0.3333333333333333,2,2,GGTGTGACGTCATAAACGGG,0,52705
TSS_1414_storz_regulondb,0.3333333333333333,2,2,GGTGTGACAATGCTTCTGAT,0,27
TSS_1414_storz_regulondb,0.3333333333333333,2,2,GGTGTCAACCCAGAGTTAAT,0,36208
TSS_1414_storz_regulondb,0.3333333333333333,2,2,GGTGGGACGGATTGTGCTTG,0,16732
TSS_1414_storz_regulondb,0.3333333333333333,2,2,GGTGGATCGAGCGCGGAGCA,0,44481
TSS_1414_storz_regulondb,0.3333333333333333,2,2,GGTGCGGCGTAGACCCTTGA,0,39374
TSS_1414_storz_regulondb,0.3333333333333333,2,2,GGTGCAGAACTCCCAGTTGA,0,19667
TSS_1414_storz_regulondb,0.3333333333333333,2,2,GGTGCACTTGAATCGTTTCC,0,73248
TSS_1414_storz_regulondb,0.3333333333333333,2,2,GGTGAGCATCCGGTAATGAG,0,8696
TSS_1414_storz_regulondb,0.3333333333333333,2,2,GGTGACCTTTCGGTCATACC,0,75324
TSS_1414_storz_regulondb,0.3333333333333333,2,2,GGTGAACACCCGATAATCTA,0,25430
TSS_1414_storz_regulondb,0.3333333333333333,2,2,GGTCTCGTTCGAGGCGCGAT,0,76142
TSS_1414_storz_regulondb,0.3333333333333333,2,2,GGTCTCATCGCAAAGTACGC,0,59076
TSS_1414_storz_regulondb,0.3333333333333333,2,2,GGTCTAGGGTCAAGGGGCGG,0,20759
TSS_1414_storz_regulondb,0.3333333333333333,2,2,GGTCGCTCGGCCAGCCTCTA,0,14716
TSS_1414_storz_regulondb,0.3333333333333333,2,2,GGTCGAGCGAGGCGCCAGTT,0,10254
TSS_1414_storz_regulondb,0.3333333333333333,2,2,GGTCCTTCTTGCACGGATGG,0,4298
TSS_1414_storz_regulondb,0.3333333333333333,2,2,GGTCCGTATAGGCTATGGGT,0,63061
TSS_1414_storz_regulondb,0.3333333333333333,2,2,GGTCCGGGTTCATCAGTCTT,0,12027
TSS_1414_storz_regulondb,0.3333333333333333,2,2,GGTCATAGCATGAGCGTTAT,0,40315
TSS_1414_storz_regulondb,0.3333333333333333,2,2,GGTCAATCGGTACGTACTCC,0,62844
TSS_1414_storz_regulondb,0.3333333333333333,2,2,GGTCAATAGCGGCGAAGGTT,0,46838
TSS_1414_storz_regulondb,0.3333333333333333,2,2,GGTCAATACCAATTACGTTA,0,22570
TSS_1414_storz_regulondb,0.3333333333333333,2,2,GGTCAACAAATACGGCCACG,0,36203
TSS_1414_storz_regulondb,0.3333333333333333,2,2,GGTATGGGGAAGTGCTAGGC,0,26967
TSS_1414_storz_regulondb,0.3333333333333333,2,2,GGTATCTGCTCCACCGCGCT,0,25620
TSS_1414_storz_regulondb,0.3333333333333333,2,2,GGTAGTCACGACGGAATAAA,0,45282
TSS_1414_storz_regulondb,0.3333333333333333,2,2,GGTAGTAGTAGGAGCTCATG,0,74614
TSS_1414_storz_regulondb,0.3333333333333333,2,2,GGTAGCCAAGTCGTGGGATC,0,18315
TSS_1414_storz_regulondb,0.3333333333333333,2,2,GGTAGAATTGGTTAATCTCT,0,25930
TSS_1414_storz_regulondb,0.3333333333333333,2,2,GGTAGAACTTCAGTGCAAGA,0,55787
TSS_1414_storz_regulondb,0.3333333333333333,2,2,GGTACTTGGCCTAGTTCGTC,0,75907
TSS_1414_storz_regulondb,0.3333333333333333,2,2,GGTACGGGCCTCTGCCTGGT,0,31229
TSS_1414_storz_regulondb,0.3333333333333333,2,2,GGTACGAAGGTCGAGAGTAT,0,12222
TSS_1414_storz_regulondb,0.3333333333333333,2,2,GGTACCGGCGGGTCTTACCA,0,55115
TSS_1414_storz_regulondb,0.3333333333333333,2,2,GGTACCCTTGTGTGTAGTTT,0,65074
TSS_1414_storz_regulondb,0.3333333333333333,2,2,GGTACCCGTCACAGCACGTG,0,22825
TSS_1414_storz_regulondb,0.3333333333333333,2,2,GGTAAGTCGATTCTGGAAGT,0,16768
TSS_1414_storz_regulondb,0.3333333333333333,2,2,GGTAAGGCTAAATATGCTGT,0,12742
TSS_1414_storz_regulondb,0.3333333333333333,2,2,GGTAAGCACACTTGGCGCAA,0,46344
TSS_1414_storz_regulondb,0.3333333333333333,2,2,GGTAAGAAGGCTTGTATTAG,0,40539
TSS_1414_storz_regulondb,0.3333333333333333,2,2,GGTAACTTAGATTTGGCCAC,0,69819
TSS_1414_storz_regulondb,0.3333333333333333,2,2,GGTAACTCTCGTTAGATTTA,0,29305
TSS_1414_storz_regulondb,0.3333333333333333,2,2,GGTAACGGAAATAAAATTAC,0,35530
TSS_1414_storz_regulondb,0.3333333333333333,2,2,GGGTTGAATACGCATACTAC,0,40166
TSS_1414_storz_regulondb,0.3333333333333333,2,2,GGGTGGTTTGGTGCTTGGAT,0,30037
TSS_1414_storz_regulondb,0.3333333333333333,2,2,GGGTGGGAATCGGGGGTAGT,0,62500
TSS_1414_storz_regulondb,0.3333333333333333,2,2,GGGTGCGAGATGCGACCGCA,0,71191
TSS_1414_storz_regulondb,0.3333333333333333,2,2,GGGTGCCTGACTTGCGAGGA,0,70863
TSS_1414_storz_regulondb,0.3333333333333333,2,2,GGGTCTTCCGGGTGGGATCA,0,7181
TSS_1414_storz_regulondb,0.3333333333333333,2,2,GGGTCCACACGCCAGCTGCA,0,57688
TSS_1414_storz_regulondb,0.3333333333333333,2,2,GGGTCAAGCCAGGTACTACC,0,31687
TSS_1414_storz_regulondb,0.3333333333333333,2,2,GGGTCAAAAATCCCTCTTCA,0,70346
TSS_1414_storz_regulondb,0.3333333333333333,2,2,GGGTAAGACCTATGTTTATC,0,66564
TSS_1414_storz_regulondb,0.3333333333333333,2,2,GGGTAAAATAAGTATGTCAC,0,37396
TSS_1414_storz_regulondb,0.3333333333333333,2,2,GGGGTTTCCAGCGGGATAAA,0,42952
TSS_1414_storz_regulondb,0.3333333333333333,2,2,GGGGTTCAGGACGGACTGGG,0,63290
TSS_1414_storz_regulondb,0.3333333333333333,2,2,GGGGTGTTTCGGGCGTCAGC,0,65135
TSS_1414_storz_regulondb,0.3333333333333333,2,2,GGGGTGCAACCCTGTAGTGA,0,27653
TSS_1414_storz_regulondb,0.3333333333333333,2,2,GGGGTCTTATGACAAGTTCC,0,14366
TSS_1414_storz_regulondb,0.3333333333333333,2,2,GGGGTCTGTCATGGCAGGGT,0,40646
TSS_1414_storz_regulondb,0.3333333333333333,2,2,GGGGTCTGACTTCTTGCCGA,0,5216
TSS_1414_storz_regulondb,0.3333333333333333,2,2,GGGGTCATGCGGCGACGATC,0,26615
TSS_1414_storz_regulondb,0.3333333333333333,2,2,GGGGTAATTGCGGTGAAGCG,0,10862
TSS_1414_storz_regulondb,0.3333333333333333,2,2,GGGGGCACGGACGAGAGACT,0,78864
TSS_1414_storz_regulondb,0.3333333333333333,2,2,GGGGGACCCCATGCTCGGAT,0,48849
TSS_1414_storz_regulondb,0.3333333333333333,2,2,GGGGGAACTTTTCCGTATAT,0,807
TSS_1414_storz_regulondb,0.3333333333333333,2,2,GGGGCTTCCTGACAAAAAGG,0,23456
TSS_1414_storz_regulondb,0.3333333333333333,2,2,GGGGCTGTATGTGACGCAGG,0,51767
TSS_1414_storz_regulondb,0.3333333333333333,2,2,GGGGCGGCATTAGCGTCTTC,0,51217
TSS_1414_storz_regulondb,0.3333333333333333,2,2,GGGGCGACCCTCGCTTAAAA,0,43765
TSS_1414_storz_regulondb,0.3333333333333333,2,2,GGGGCCATGCACTACCCACT,0,75024
TSS_1414_storz_regulondb,0.3333333333333333,2,2,GGGGCAGTCTGACCCGCGAA,0,72295
TSS_1414_storz_regulondb,0.3333333333333333,2,2,GGGGCACATACCGGATGCGG,0,11241
TSS_1414_storz_regulondb,0.3333333333333333,2,2,GGGGACTGAGGTGCCGCGAC,0,32053
TSS_1414_storz_regulondb,0.3333333333333333,2,2,GGGGACGGGGGAAACCACAT,0,79234
TSS_1414_storz_regulondb,0.3333333333333333,2,2,GGGGACGGGAGCTTCTACGT,0,77038
TSS_1414_storz_regulondb,0.3333333333333333,2,2,GGGGAAGATTTTAGCTCATT,0,33064
TSS_1414_storz_regulondb,0.3333333333333333,2,2,GGGCTTGGGCGGTGTGGGAA,0,636
TSS_1414_storz_regulondb,0.3333333333333333,2,2,GGGCTGAATGAGCCATGGAT,0,12215
TSS_1414_storz_regulondb,0.3333333333333333,2,2,GGGCTCGCAGCTAAGTCGTT,0,37540
TSS_1414_storz_regulondb,0.3333333333333333,2,2,GGGCGGATTTTAACTGCATT,0,49857
TSS_1414_storz_regulondb,0.3333333333333333,2,2,GGGCGGAATCCCTCTTTGTT,0,59322
TSS_1414_storz_regulondb,0.3333333333333333,2,2,GGGCGCGGTTCAATCTTTTC,0,12290
TSS_1414_storz_regulondb,0.3333333333333333,2,2,GGGCCACTACTAGGTGGCTC,0,36598
TSS_1414_storz_regulondb,0.3333333333333333,2,2,GGGCATCCCTTCCGTCATGG,0,70179
TSS_1414_storz_regulondb,0.3333333333333333,2,2,GGGATGGCTGGGTCAGTGAT,0,73208
TSS_1414_storz_regulondb,0.3333333333333333,2,2,GGGAGTCCAAGTCTCCGTCG,0,32705
TSS_1414_storz_regulondb,0.3333333333333333,2,2,GGGAGGGGTTTTCTTTTTCA,0,667
TSS_1414_storz_regulondb,0.3333333333333333,2,2,GGGAGACTCATAGGGCTGTT,0,14495
TSS_1414_storz_regulondb,0.3333333333333333,2,2,GGGACTCGGGGGCGCTGCCG,0,59552
TSS_1414_storz_regulondb,0.3333333333333333,2,2,GGGACATAGCCTCTCTGGTG,0,63616
TSS_1414_storz_regulondb,0.3333333333333333,2,2,GGGAATTTGGAAGCCAGCCA,0,46556
TSS_1414_storz_regulondb,0.3333333333333333,2,2,GGGAATAGCTGATTGTCGAT,0,53877
TSS_1414_storz_regulondb,0.3333333333333333,2,2,GGGAAGCAAGAGAGAGAATA,0,40436
TSS_1414_storz_regulondb,0.3333333333333333,2,2,GGGAAGATGTGGATACATGA,0,59401
TSS_1414_storz_regulondb,0.3333333333333333,2,2,GGGAAGACCACTCCGCGGGT,0,34261
TSS_1414_storz_regulondb,0.3333333333333333,2,2,GGGAACTGTACGAGTGATGC,0,57119
TSS_1414_storz_regulondb,0.3333333333333333,2,2,GGGAACTGGACTATTTCACA,0,73708
TSS_1414_storz_regulondb,0.3333333333333333,2,2,GGGAACTGCCATCACCATAG,0,21273
TSS_1414_storz_regulondb,0.3333333333333333,2,2,GGGAAAGTGTCGTGAGTTCT,0,6315
TSS_1414_storz_regulondb,0.3333333333333333,2,2,GGGAAAGCTAGTCTCAGTGG,0,20311
TSS_1414_storz_regulondb,0.3333333333333333,2,2,GGCTTGAAAAATTAACTGCC,0,29574
TSS_1414_storz_regulondb,0.3333333333333333,2,2,GGCTTCTTATGGTTAACGCG,0,34647
TSS_1414_storz_regulondb,0.3333333333333333,2,2,GGCTTCGTAAAGATAGACTT,0,34825
TSS_1414_storz_regulondb,0.3333333333333333,2,2,GGCTGGTTGGCCTTGATCAA,0,72285
TSS_1414_storz_regulondb,0.3333333333333333,2,2,GGCTCTTGGTATATAGAATT,0,68146
TSS_1414_storz_regulondb,0.3333333333333333,2,2,GGCTCTGGTCTGGCCCCAGC,0,45352
TSS_1414_storz_regulondb,0.3333333333333333,2,2,GGCTCACTATCTTTTGCTAC,0,12223
TSS_1414_storz_regulondb,0.3333333333333333,2,2,GGCTCAAGCGAAAGCTAGAA,0,81098
TSS_1414_storz_regulondb,0.3333333333333333,2,2,GGCTATTTTCATACAGCCCC,0,39585
TSS_1414_storz_regulondb,0.3333333333333333,2,2,GGCTATTACCATCAACTCTT,0,37447
TSS_1414_storz_regulondb,0.3333333333333333,2,2,GGCTATGCTAAGGGGGTCGC,0,43313
TSS_1414_storz_regulondb,0.3333333333333333,2,2,GGCTATAGATTGTCTTGACA,0,22266
TSS_1414_storz_regulondb,0.3333333333333333,2,2,GGCTAGTTTTTAACGTAGTG,0,74927
TSS_1414_storz_regulondb,0.3333333333333333,2,2,GGCTACGCTTAGTGAAGACA,0,34200
TSS_1414_storz_regulondb,0.3333333333333333,2,2,GGCGTGTTAGTGTCGTCGCT,0,54383
TSS_1414_storz_regulondb,0.3333333333333333,2,2,GGCGTCCCTTGTTCGGTAAT,0,66919
TSS_1414_storz_regulondb,0.3333333333333333,2,2,GGCGGTAGGCCTCCTATCGA,0,74155
TSS_1414_storz_regulondb,0.3333333333333333,2,2,GGCGCTCGTAACAGACAAGT,0,34668
TSS_1414_storz_regulondb,0.3333333333333333,2,2,GGCGATTTAGTATTTTTGAG,0,22654
TSS_1414_storz_regulondb,0.3333333333333333,2,2,GGCGAGCGCGTGATTAAATG,0,826
TSS_1414_storz_regulondb,0.3333333333333333,2,2,GGCCTAGCCTGTAAACCCAG,0,56306
TSS_1414_storz_regulondb,0.3333333333333333,2,2,GGCCTAAGTCGAGTTTGACA,0,16863
TSS_1414_storz_regulondb,0.3333333333333333,2,2,GGCCGTCCGGTTTAAAGTTT,0,45851
TSS_1414_storz_regulondb,0.3333333333333333,2,2,GGCCGCCCACTTGCACGGCA,0,27748
TSS_1414_storz_regulondb,0.3333333333333333,2,2,GGCCCCGGGGAGTGTCATGG,0,29665
TSS_1414_storz_regulondb,0.3333333333333333,2,2,GGCCCAGGACACCAGTGCGA,0,72744
TSS_1414_storz_regulondb,0.3333333333333333,2,2,GGCCCAAGCGGGCTGGGGCT,0,70908
TSS_1414_storz_regulondb,0.3333333333333333,2,2,GGCCACCAAATGCGCGGATT,0,54686
TSS_1414_storz_regulondb,0.3333333333333333,2,2,GGCCAAGCAAGTGGAGAGTC,0,34967
TSS_1414_storz_regulondb,0.3333333333333333,2,2,GGCATTATAGCCTCCCAGTA,0,44280
TSS_1414_storz_regulondb,0.3333333333333333,2,2,GGCATGAGATTCCTTTGGGC,0,53609
TSS_1414_storz_regulondb,0.3333333333333333,2,2,GGCAGTCCAAAAGGTGTCGG,0,67324
TSS_1414_storz_regulondb,0.3333333333333333,2,2,GGCAGGTAGGGCCGCTAATG,0,56858
TSS_1414_storz_regulondb,0.3333333333333333,2,2,GGCAGGGACAGGAATATCCG,0,42538
TSS_1414_storz_regulondb,0.3333333333333333,2,2,GGCAGCTTAGTTTAATGAAA,0,77808
TSS_1414_storz_regulondb,0.3333333333333333,2,2,GGCAGCGAGACAGCGTGGGT,0,2695
TSS_1414_storz_regulondb,0.3333333333333333,2,2,GGCAGATGTTCGTGAGGCAA,0,5851
TSS_1414_storz_regulondb,0.3333333333333333,2,2,GGCACTCTGGGTCGTCACAT,0,59115
TSS_1414_storz_regulondb,0.3333333333333333,2,2,GGCACAAGTTAGATAGATGT,0,80418
TSS_1414_storz_regulondb,0.3333333333333333,2,2,GGCAATACCCAGTCCTTTAC,0,59534
TSS_1414_storz_regulondb,0.3333333333333333,2,2,GGCAACGTAATTTTGAATCA,0,66042
TSS_1414_storz_regulondb,0.3333333333333333,2,2,GGCAACACACGGCAATTATA,0,68388
TSS_1414_storz_regulondb,0.3333333333333333,2,2,GGATTTTGGCGATAGGGACC,0,49613
TSS_1414_storz_regulondb,0.3333333333333333,2,2,GGATTGCTGAGTGAACACTG,0,34129
TSS_1414_storz_regulondb,0.3333333333333333,2,2,GGATGGTTTACGCAAGATGC,0,20395
TSS_1414_storz_regulondb,0.3333333333333333,2,2,GGATCTATGTAAGCGGTCGT,0,44039
TSS_1414_storz_regulondb,0.3333333333333333,2,2,GGATCGGCATTGCTAAGTGT,0,31968
TSS_1414_storz_regulondb,0.3333333333333333,2,2,GGATCGATTCGGCTATAAGC,0,7824
TSS_1414_storz_regulondb,0.3333333333333333,2,2,GGATCCAGCTTGGCAGGAGG,0,53819
TSS_1414_storz_regulondb,0.3333333333333333,2,2,GGATATTGGACTGATTCCCT,0,81071
TSS_1414_storz_regulondb,0.3333333333333333,2,2,GGATAGAGGGCTGTCAACAG,0,2586
TSS_1414_storz_regulondb,0.3333333333333333,2,2,GGAGTTTACCGAGGAAAATC,0,59503
TSS_1414_storz_regulondb,0.3333333333333333,2,2,GGAGTCGGAATCAGGATGCT,0,3792
TSS_1414_storz_regulondb,0.3333333333333333,2,2,GGAGGCAGTACTGCGTTACA,0,2501
TSS_1414_storz_regulondb,0.3333333333333333,2,2,GGAGCTCTACTTTGAACAAA,0,75077
TSS_1414_storz_regulondb,0.3333333333333333,2,2,GGAGCTAACTCATCATCGTT,0,284
TSS_1414_storz_regulondb,0.3333333333333333,2,2,GGAGCGACTGAGTGGAGACG,0,433
TSS_1414_storz_regulondb,0.3333333333333333,2,2,GGAGCCTTACACATCCGAAT,0,61205
TSS_1414_storz_regulondb,0.3333333333333333,2,2,GGAGAAACAGGTCGCATTAT,0,72053
TSS_1414_storz_regulondb,0.3333333333333333,2,2,GGACTTTATTTGAGGTCTCT,0,37729
TSS_1414_storz_regulondb,0.3333333333333333,2,2,GGACTCAGTGTATGTGGCTT,0,67711
TSS_1414_storz_regulondb,0.3333333333333333,2,2,GGACGGAGTTGGATGAATAA,0,13779
TSS_1414_storz_regulondb,0.3333333333333333,2,2,GGACGAGAATCAAATGAGGC,0,37962
TSS_1414_storz_regulondb,0.3333333333333333,2,2,GGACCCCTCCTCCTCAATTT,0,17780
TSS_1414_storz_regulondb,0.3333333333333333,2,2,GGACCATATGTGGAGGGTTA,0,20813
TSS_1414_storz_regulondb,0.3333333333333333,2,2,GGACCAAAGTTTTAAGCGCG,0,5373
TSS_1414_storz_regulondb,0.3333333333333333,2,2,GGACACGCTCTTTGCAATGA,0,71791
TSS_1414_storz_regulondb,0.3333333333333333,2,2,GGACAAGGGAGGCGAATCTC,0,24416
TSS_1414_storz_regulondb,0.3333333333333333,2,2,GGAATTGTTGCGGAGTCCAT,0,66472
TSS_1414_storz_regulondb,0.3333333333333333,2,2,GGAATGCAGTTTTCGTCCGT,0,39257
TSS_1414_storz_regulondb,0.3333333333333333,2,2,GGAATCCCCATGATAAGTAA,0,17963
TSS_1414_storz_regulondb,0.3333333333333333,2,2,GGAATATCAGAGTGTCCGTA,0,43775
TSS_1414_storz_regulondb,0.3333333333333333,2,2,GGAATAGCAATAGTAAGCAT,0,17552
TSS_1414_storz_regulondb,0.3333333333333333,2,2,GGAATAAGCCGAAGCCAAGG,0,34272
TSS_1414_storz_regulondb,0.3333333333333333,2,2,GGAAGCCGCCGTGTGTGTCG,0,41376
TSS_1414_storz_regulondb,0.3333333333333333,2,2,GGAACGTGCGTTCGGTGAAG,0,58982
TSS_1414_storz_regulondb,0.3333333333333333,2,2,GGAACGAAGGTGCGGCACTG,0,74910
TSS_1414_storz_regulondb,0.3333333333333333,2,2,GGAACCCGCATAAATCGTTA,0,57833
TSS_1414_storz_regulondb,0.3333333333333333,2,2,GGAAAGCAATTTAACATACA,0,40824
TSS_1414_storz_regulondb,0.3333333333333333,2,2,GGAAAGATGTTGCGATTTGT,0,56487
TSS_1414_storz_regulondb,0.3333333333333333,2,2,GGAAACGGGACCCCCAGGCA,0,9656
TSS_1414_storz_regulondb,0.3333333333333333,2,2,GCTTTCTGTTGTGGATTGAC,0,30862
TSS_1414_storz_regulondb,0.3333333333333333,2,2,GCTTGTGAGTACCAATAAAA,0,64064
TSS_1414_storz_regulondb,0.3333333333333333,2,2,GCTTGGAGAAGCACGCTGAA,0,36731
TSS_1414_storz_regulondb,0.3333333333333333,2,2,GCTTGCTAATTTCCCACATT,0,36150
TSS_1414_storz_regulondb,0.3333333333333333,2,2,GCTTGATCCTAGGGTCGGGA,0,81040
TSS_1414_storz_regulondb,0.3333333333333333,2,2,GCTTCGAGCGGGTCTCACGG,0,77146
TSS_1414_storz_regulondb,0.3333333333333333,2,2,GCTTCAGTTCTTACCGTGTT,0,63972
TSS_1414_storz_regulondb,0.3333333333333333,2,2,GCTTACTCGGTTATGCTAAA,0,72310
TSS_1414_storz_regulondb,0.3333333333333333,2,2,GCTGTTGTCTGATATGCTCA,0,7837
TSS_1414_storz_regulondb,0.3333333333333333,2,2,GCTGTTCGAGAGGGCATAGC,0,2447
TSS_1414_storz_regulondb,0.3333333333333333,2,2,GCTGTCTATGCCCCAATACA,0,61478
TSS_1414_storz_regulondb,0.3333333333333333,2,2,GCTGGTAACGCACGCGGCCC,0,15233
TSS_1414_storz_regulondb,0.3333333333333333,2,2,GCTGGCGTGAAAATTTATCT,0,61014
TSS_1414_storz_regulondb,0.3333333333333333,2,2,GCTGGCGAATAGCTTAAACT,0,28564
TSS_1414_storz_regulondb,0.3333333333333333,2,2,GCTGCTACCCGCAAAAGGTG,0,73729
TSS_1414_storz_regulondb,0.3333333333333333,2,2,GCTGCCCAAGTCTGAGCTGG,0,72952
TSS_1414_storz_regulondb,0.3333333333333333,2,2,GCTGATTTTACAACAACGGT,0,6128
TSS_1414_storz_regulondb,0.3333333333333333,2,2,GCTGAAGGGTCTAGTCTGGG,0,26167
TSS_1414_storz_regulondb,0.3333333333333333,2,2,GCTCTGAGCGCAGCGCGTAT,0,13869
TSS_1414_storz_regulondb,0.3333333333333333,2,2,GCTCGTGGGTCGGCGTGCGC,0,31559
TSS_1414_storz_regulondb,0.3333333333333333,2,2,GCTCGTCCGAGGACTGGAAC,0,76308
TSS_1414_storz_regulondb,0.3333333333333333,2,2,GCTCGTAGACCCGAAGTTCG,0,19977
TSS_1414_storz_regulondb,0.3333333333333333,2,2,GCTCCCTAAGACATTATATA,0,11643
TSS_1414_storz_regulondb,0.3333333333333333,2,2,GCTCCCACGAAAACTTACTA,0,69852
TSS_1414_storz_regulondb,0.3333333333333333,2,2,GCTCAGACCACCTCCTGAGT,0,31855
TSS_1414_storz_regulondb,0.3333333333333333,2,2,GCTCACCATAGATCCGTATC,0,55833
TSS_1414_storz_regulondb,0.3333333333333333,2,2,GCTCAATAAAATGAACCCGA,0,72756
TSS_1414_storz_regulondb,0.3333333333333333,2,2,GCTATTGATGGTCCTTGTTG,0,66584
TSS_1414_storz_regulondb,0.3333333333333333,2,2,GCTATTCGTGTTGGGGTATT,0,20449
TSS_1414_storz_regulondb,0.3333333333333333,2,2,GCTATGGCGCTTTGGTCCCG,0,4747
TSS_1414_storz_regulondb,0.3333333333333333,2,2,GCTATCACAAACGTGGATAA,0,70018
TSS_1414_storz_regulondb,0.3333333333333333,2,2,GCGTTCGCGGGCCGGCAGAC,0,4989
TSS_1414_storz_regulondb,0.3333333333333333,2,2,GCGTGTCGGAAATACTATGA,0,44181
TSS_1414_storz_regulondb,0.3333333333333333,2,2,GCGTGGAATGTATTGGCACA,0,51900
TSS_1414_storz_regulondb,0.3333333333333333,2,2,GCGTGCCGAGGTGGGGTTGT,0,22530
TSS_1414_storz_regulondb,0.3333333333333333,2,2,GCGTCGGCGATATGGGTCTC,0,63659
TSS_1414_storz_regulondb,0.3333333333333333,2,2,GCGTCGGACCTATAATGCAG,0,502
TSS_1414_storz_regulondb,0.3333333333333333,2,2,GCGTCGCTCGCGCCATCATT,0,491
TSS_1414_storz_regulondb,0.3333333333333333,2,2,GCGGTTTGCTCCGGTACGAC,0,25348
TSS_1414_storz_regulondb,0.3333333333333333,2,2,GCGGTTCCCCCGTCTTCGCT,0,12423
TSS_1414_storz_regulondb,0.3333333333333333,2,2,GCGGGGACCTAGACTGGCTC,0,72946
TSS_1414_storz_regulondb,0.3333333333333333,2,2,GCGGGACAACCCGGGAATTA,0,33934
TSS_1414_storz_regulondb,0.3333333333333333,2,2,GCGGCTTGATCAAAGTGACT,0,18673
TSS_1414_storz_regulondb,0.3333333333333333,2,2,GCGGCTCCTAAATCTCAGCG,0,25258
TSS_1414_storz_regulondb,0.3333333333333333,2,2,GCGGCGTAAATCTGCGGTTT,0,8610
TSS_1414_storz_regulondb,0.3333333333333333,2,2,GCGGCGACCGGCACGAAATA,0,68981
TSS_1414_storz_regulondb,0.3333333333333333,2,2,GCGGCATCTAGCACCAGAAC,0,13068
TSS_1414_storz_regulondb,0.3333333333333333,2,2,GCGGCATACAATGACGCAGC,0,55252
TSS_1414_storz_regulondb,0.3333333333333333,2,2,GCGGAGGATCATGTAACCGG,0,75521
TSS_1414_storz_regulondb,0.3333333333333333,2,2,GCGGACTCGGCCCAGCCAGA,0,42773
TSS_1414_storz_regulondb,0.3333333333333333,2,2,GCGCTCGTGCTCGAGAGCTT,0,54711
TSS_1414_storz_regulondb,0.3333333333333333,2,2,GCGCTAATACCCTGTGGCCA,0,8832
TSS_1414_storz_regulondb,0.3333333333333333,2,2,GCGCTAAGCTCGTACAGTCC,0,41761
TSS_1414_storz_regulondb,0.3333333333333333,2,2,GCGCGTTGCGTCACCAACGA,0,51717
TSS_1414_storz_regulondb,0.3333333333333333,2,2,GCGCGACTTTATCTAGTGTA,0,69830
TSS_1414_storz_regulondb,0.3333333333333333,2,2,GCGCGACCCTGATCCCCCCA,0,79275
TSS_1414_storz_regulondb,0.3333333333333333,2,2,GCGCACTGTCCTGACATCAC,0,59191
TSS_1414_storz_regulondb,0.3333333333333333,2,2,GCGCACCCTATCTACAAGCA,0,15310
TSS_1414_storz_regulondb,0.3333333333333333,2,2,GCGCACAAAAGGCCGACTGG,0,45427
TSS_1414_storz_regulondb,0.3333333333333333,2,2,GCGCAATTTGGGGCCAGTGT,0,55261
TSS_1414_storz_regulondb,0.3333333333333333,2,2,GCGCAAGGGCGCGGTGTGTT,0,53634
TSS_1414_storz_regulondb,0.3333333333333333,2,2,GCGAGGAGAGATTAAATTAG,0,68737
TSS_1414_storz_regulondb,0.3333333333333333,2,2,GCGACTCTCGGCCCAAAAAG,0,69641
TSS_1414_storz_regulondb,0.3333333333333333,2,2,GCGACTCGAAGATTCGATTT,0,19574
TSS_1414_storz_regulondb,0.3333333333333333,2,2,GCGACCATGGACGCGCTTCG,0,32088
TSS_1414_storz_regulondb,0.3333333333333333,2,2,GCGACACTTCTCCATCGGTG,0,8656
TSS_1414_storz_regulondb,0.3333333333333333,2,2,GCCTTGTAGTGTCCAGTGGT,0,40800
TSS_1414_storz_regulondb,0.3333333333333333,2,2,GCCTTGAATTTTCTATAACC,0,11794
TSS_1414_storz_regulondb,0.3333333333333333,2,2,GCCTTCGACACAACGGGGCA,0,60674
TSS_1414_storz_regulondb,0.3333333333333333,2,2,GCCTTACGGGCATATCTATC,0,36708
TSS_1414_storz_regulondb,0.3333333333333333,2,2,GCCTGGGTATAGTATCTAAG,0,20040
TSS_1414_storz_regulondb,0.3333333333333333,2,2,GCCTGATCGGGTCAGTCAGC,0,55051
TSS_1414_storz_regulondb,0.3333333333333333,2,2,GCCTGATAATCTAGCAGTTA,0,12549
TSS_1414_storz_regulondb,0.3333333333333333,2,2,GCCTCTTTGCTGCGGATACG,0,77524
TSS_1414_storz_regulondb,0.3333333333333333,2,2,GCCTCACAGAGAGGGAGGGA,0,78049
TSS_1414_storz_regulondb,0.3333333333333333,2,2,GCCTATGGACCTATGGTGCC,0,47340
TSS_1414_storz_regulondb,0.3333333333333333,2,2,GCCTATATATTGTATAACGT,0,20735
TSS_1414_storz_regulondb,0.3333333333333333,2,2,GCCTAGGGTCATTTGCACCG,0,27897
TSS_1414_storz_regulondb,0.3333333333333333,2,2,GCCTAATTGCCGTAGCGAAG,0,752
TSS_1414_storz_regulondb,0.3333333333333333,2,2,GCCGTGGGAGCTTACTTTTA,0,2043
TSS_1414_storz_regulondb,0.3333333333333333,2,2,GCCGGTAGGTCAGCAAGATG,0,57484
TSS_1414_storz_regulondb,0.3333333333333333,2,2,GCCGGATCGGCAAAGTACAA,0,32465
TSS_1414_storz_regulondb,0.3333333333333333,2,2,GCCGCTCTAACTCCGACACC,0,18777
TSS_1414_storz_regulondb,0.3333333333333333,2,2,GCCGCGCGTCAAGTAAGGTG,0,64801
TSS_1414_storz_regulondb,0.3333333333333333,2,2,GCCGCGAGGTGTACCTATAT,0,79383
TSS_1414_storz_regulondb,0.3333333333333333,2,2,GCCGCGACAAGGCGAGCTTT,0,20973
TSS_1414_storz_regulondb,0.3333333333333333,2,2,GCCGCCTTAACAAACACGGT,0,27172
TSS_1414_storz_regulondb,0.3333333333333333,2,2,GCCGAAGCCCCTGTTCAATT,0,64790
TSS_1414_storz_regulondb,0.3333333333333333,2,2,GCCCTGCCGATGTCTGTTTG,0,4556
TSS_1414_storz_regulondb,0.3333333333333333,2,2,GCCCTCTCAACCCCTTTGAT,0,38486
TSS_1414_storz_regulondb,0.3333333333333333,2,2,GCCCTATCGGTGCTGCGTGC,0,60638
TSS_1414_storz_regulondb,0.3333333333333333,2,2,GCCCGTATGGTGTCAGACTA,0,34841
TSS_1414_storz_regulondb,0.3333333333333333,2,2,GCCCAGTACGCTAAGATGTT,0,52195
TSS_1414_storz_regulondb,0.3333333333333333,2,2,GCCCAAGTTAGCGGGTTTGC,0,7302
TSS_1414_storz_regulondb,0.3333333333333333,2,2,GCCCAAGCTGAACGAGGAGG,0,19060
TSS_1414_storz_regulondb,0.3333333333333333,2,2,GCCATTAAATGCAGCGATAT,0,42813
TSS_1414_storz_regulondb,0.3333333333333333,2,2,GCCATAATCACGATGGTTTT,0,56026
TSS_1414_storz_regulondb,0.3333333333333333,2,2,GCCAGTACCCTACGAACAAT,0,2865
TSS_1414_storz_regulondb,0.3333333333333333,2,2,GCCAGCTCGTTTACAACACG,0,11319
TSS_1414_storz_regulondb,0.3333333333333333,2,2,GCCAATAAAAGTTTTCAGAA,0,79712
TSS_1414_storz_regulondb,0.3333333333333333,2,2,GCCAAGTACAATTGGAACAA,0,72839
TSS_1414_storz_regulondb,0.3333333333333333,2,2,GCCAAGACCACTATTTTCTT,0,31643
TSS_1414_storz_regulondb,0.3333333333333333,2,2,GCATTAAGCGGCCAGCAACC,0,1625
TSS_1414_storz_regulondb,0.3333333333333333,2,2,GCATGGTAGAACCGCGATAG,0,9568
TSS_1414_storz_regulondb,0.3333333333333333,2,2,GCATGAGTGCGTAGTGAGAG,0,78514
TSS_1414_storz_regulondb,0.3333333333333333,2,2,GCATCTTCTCCTCAACACAT,0,75405
TSS_1414_storz_regulondb,0.3333333333333333,2,2,GCATCCAGCCATCCGACTGT,0,64471
TSS_1414_storz_regulondb,0.3333333333333333,2,2,GCATATTGTGAACCGGGCTG,0,31757
TSS_1414_storz_regulondb,0.3333333333333333,2,2,GCATAAGTTCGGATAGCTTT,0,17861
TSS_1414_storz_regulondb,0.3333333333333333,2,2,GCAGTTGGATCGGGTTATTC,0,60095
TSS_1414_storz_regulondb,0.3333333333333333,2,2,GCAGTGCATAGGTCATCAAA,0,30577
TSS_1414_storz_regulondb,0.3333333333333333,2,2,GCAGTCATAGACTCAGAGTT,0,57773
TSS_1414_storz_regulondb,0.3333333333333333,2,2,GCAGGTCGGTTGCCGAACTC,0,81084
TSS_1414_storz_regulondb,0.3333333333333333,2,2,GCAGGCTCTAGCTAAGCTAT,0,78759
TSS_1414_storz_regulondb,0.3333333333333333,2,2,GCAGGCATGTGTGGCTCCTT,0,11446
TSS_1414_storz_regulondb,0.3333333333333333,2,2,GCAGGATACCTCAGCACAAA,0,36557
TSS_1414_storz_regulondb,0.3333333333333333,2,2,GCAGCTGGAAAGTTCTTTAA,0,56678
TSS_1414_storz_regulondb,0.3333333333333333,2,2,GCAGCGATCTCATGGATTCC,0,43369
TSS_1414_storz_regulondb,0.3333333333333333,2,2,GCAGCATAAACAAGGCCCTT,0,9722
TSS_1414_storz_regulondb,0.3333333333333333,2,2,GCAGATTTGGATGGGGACAG,0,5669
TSS_1414_storz_regulondb,0.3333333333333333,2,2,GCAGACCGCTACTTGTGGTT,0,9623
TSS_1414_storz_regulondb,0.3333333333333333,2,2,GCAGACAACTACCCGGTTCT,0,21359
TSS_1414_storz_regulondb,0.3333333333333333,2,2,GCACGTCGCCGCGGGTATAT,0,13560
TSS_1414_storz_regulondb,0.3333333333333333,2,2,GCACGTCAACCTTTAAACAA,0,50626
TSS_1414_storz_regulondb,0.3333333333333333,2,2,GCACCTTGTGTACACGAGTA,0,13298
TSS_1414_storz_regulondb,0.3333333333333333,2,2,GCACCGTTCACCACGATTAA,0,77184
TSS_1414_storz_regulondb,0.3333333333333333,2,2,GCACCGGATCAGGTTAGGCC,0,4229
TSS_1414_storz_regulondb,0.3333333333333333,2,2,GCACCAGTCTCTGCGAGACT,0,5745
TSS_1414_storz_regulondb,0.3333333333333333,2,2,GCACCAACAGGCACACGATA,0,80002
TSS_1414_storz_regulondb,0.3333333333333333,2,2,GCACATCACGTTGATTGGCT,0,36429
TSS_1414_storz_regulondb,0.3333333333333333,2,2,GCACACTGCACGATAGGTCC,0,71039
TSS_1414_storz_regulondb,0.3333333333333333,2,2,GCAATTGGTTCTGGTAAAAT,0,12932
TSS_1414_storz_regulondb,0.3333333333333333,2,2,GCAATTACCCTTACGGCCGG,0,26370
TSS_1414_storz_regulondb,0.3333333333333333,2,2,GCAATGGGGTGGCCGCCCCA,0,21680
TSS_1414_storz_regulondb,0.3333333333333333,2,2,GCAATCGCAGTAGCCTGGCG,0,74113
TSS_1414_storz_regulondb,0.3333333333333333,2,2,GCAACTTGCAAAGTTTGTGC,0,45741
TSS_1414_storz_regulondb,0.3333333333333333,2,2,GCAACCTGCCAAGTCTCACG,0,43269
TSS_1414_storz_regulondb,0.3333333333333333,2,2,GCAACCCGAATTGTGTATCT,0,48545
TSS_1414_storz_regulondb,0.3333333333333333,2,2,GCAACAGGCCGAAAAGGCGC,0,4650
TSS_1414_storz_regulondb,0.3333333333333333,2,2,GCAAAGAAGATGATGACCTG,0,33326
TSS_1414_storz_regulondb,0.3333333333333333,2,2,GCAAACAAATTTCATCACAA,0,49616
TSS_1414_storz_regulondb,0.3333333333333333,2,2,GCAAAAGTCCATTTCACGCA,0,15747
TSS_1414_storz_regulondb,0.3333333333333333,2,2,GCAAAACCGTCCGATCGGGC,0,50691
TSS_1414_storz_regulondb,0.3333333333333333,2,2,GCAAAACAACGTCAGGCAGA,0,72684
TSS_1414_storz_regulondb,0.3333333333333333,2,2,GATTTGTGGCCTATCTAATT,0,13902
TSS_1414_storz_regulondb,0.3333333333333333,2,2,GATTTGCGTGCTACGTAGTG,0,26555
TSS_1414_storz_regulondb,0.3333333333333333,2,2,GATTTCATACCTTGGTTGCC,0,39161
TSS_1414_storz_regulondb,0.3333333333333333,2,2,GATTGTGATGCGACCGGGAT,0,66377
TSS_1414_storz_regulondb,0.3333333333333333,2,2,GATTGGACCCAAAGCCCTCT,0,613
TSS_1414_storz_regulondb,0.3333333333333333,2,2,GATTGCTTCGGACACAGGCT,0,18849
TSS_1414_storz_regulondb,0.3333333333333333,2,2,GATTCTTTTGGAGGTAGCAC,0,20023
TSS_1414_storz_regulondb,0.3333333333333333,2,2,GATTCTTACCGTGGCCCACT,0,76150
TSS_1414_storz_regulondb,0.3333333333333333,2,2,GATTCTCGAGGAATGTCATT,0,27518
TSS_1414_storz_regulondb,0.3333333333333333,2,2,GATTCCTTGCGTGTATTAAA,0,15770
TSS_1414_storz_regulondb,0.3333333333333333,2,2,GATTCAGACCTGGGCGTAGC,0,24906
TSS_1414_storz_regulondb,0.3333333333333333,2,2,GATTATGCCCGTTTTCTATT,0,70980
TSS_1414_storz_regulondb,0.3333333333333333,2,2,GATTACATATCGCATGGGCA,0,35203
TSS_1414_storz_regulondb,0.3333333333333333,2,2,GATTAAGGAGGTGGACTGGT,0,43559
TSS_1414_storz_regulondb,0.3333333333333333,2,2,GATGTTGTGATGAACCGGCC,0,47640
TSS_1414_storz_regulondb,0.3333333333333333,2,2,GATGTTAGTCCGTGACGCCA,0,1380
TSS_1414_storz_regulondb,0.3333333333333333,2,2,GATGGTAGGATACGTCGGAG,0,48630
TSS_1414_storz_regulondb,0.3333333333333333,2,2,GATGGGGATGGTCTATCCCG,0,35311
TSS_1414_storz_regulondb,0.3333333333333333,2,2,GATGGGCAGGCATTTATGGC,0,75307
TSS_1414_storz_regulondb,0.3333333333333333,2,2,GATGGCAACTTGCCGGCAGC,0,46375
TSS_1414_storz_regulondb,0.3333333333333333,2,2,GATGCTACGAACGCTTAGTC,0,47555
TSS_1414_storz_regulondb,0.3333333333333333,2,2,GATCTTGTGGGTAGAAAGAG,0,43902
TSS_1414_storz_regulondb,0.3333333333333333,2,2,GATCTTGGGAGCTCCAACTG,0,25631
TSS_1414_storz_regulondb,0.3333333333333333,2,2,GATCTGATTAGACGACTGGC,0,12701
TSS_1414_storz_regulondb,0.3333333333333333,2,2,GATCTAGCTGAGTAATATAT,0,46166
TSS_1414_storz_regulondb,0.3333333333333333,2,2,GATCTACTCTCTCGAATTAT,0,28520
TSS_1414_storz_regulondb,0.3333333333333333,2,2,GATCGGGCTGTCAGGTTCGA,0,75779
TSS_1414_storz_regulondb,0.3333333333333333,2,2,GATCCGAGATCGTTTAAGTG,0,75637
TSS_1414_storz_regulondb,0.3333333333333333,2,2,GATCCCGTCGTCCTATCTAC,0,55046
TSS_1414_storz_regulondb,0.3333333333333333,2,2,GATCCATTAGGTGTGAATGC,0,80382
TSS_1414_storz_regulondb,0.3333333333333333,2,2,GATCATTGGGCTATAGTTGA,0,13482
TSS_1414_storz_regulondb,0.3333333333333333,2,2,GATCAGGGCCGGGTGGGGGA,0,69676
TSS_1414_storz_regulondb,0.3333333333333333,2,2,GATATTGAGGTCACGGGGAT,0,80634
TSS_1414_storz_regulondb,0.3333333333333333,2,2,GATATGCGGCGGGTAACCTA,0,20925
TSS_1414_storz_regulondb,0.3333333333333333,2,2,GATATAATTTTGTTGATTTA,0,63291
TSS_1414_storz_regulondb,0.3333333333333333,2,2,GATAGTCACACAGATTACGA,0,53077
TSS_1414_storz_regulondb,0.3333333333333333,2,2,GATAGCTTTATCTAGTTAAG,0,20899
TSS_1414_storz_regulondb,0.3333333333333333,2,2,GATAGCCCACGAGAGTCTCC,0,61292
TSS_1414_storz_regulondb,0.3333333333333333,2,2,GATACCGAGCTGCGTCTGCA,0,28578
TSS_1414_storz_regulondb,0.3333333333333333,2,2,GATAAACCAGGTCAGTCCAA,0,25814
TSS_1414_storz_regulondb,0.3333333333333333,2,2,GAGTTTACATTTCCAAGCCG,0,66554
TSS_1414_storz_regulondb,0.3333333333333333,2,2,GAGTTCGCGATCCAACTGTC,0,9575
TSS_1414_storz_regulondb,0.3333333333333333,2,2,GAGTTCGATTAATTCACTGG,0,80004
TSS_1414_storz_regulondb,0.3333333333333333,2,2,GAGTGGTTCGGGCAGTGATG,0,52
TSS_1414_storz_regulondb,0.3333333333333333,2,2,GAGTGGTAAACTACGTATAC,0,53066
TSS_1414_storz_regulondb,0.3333333333333333,2,2,GAGTCGTTGTCTTGCCATTC,0,61922
TSS_1414_storz_regulondb,0.3333333333333333,2,2,GAGTCGGGCACGACCGGACC,0,71377
TSS_1414_storz_regulondb,0.3333333333333333,2,2,GAGTCACCGAGGACGCCCTC,0,47415
TSS_1414_storz_regulondb,0.3333333333333333,2,2,GAGTAGGTTTATAGGTAAAG,0,261
TSS_1414_storz_regulondb,0.3333333333333333,2,2,GAGTAGCGACTGCGAGTCAA,0,22356
TSS_1414_storz_regulondb,0.3333333333333333,2,2,GAGTACACGACCATCGTCAA,0,41777
TSS_1414_storz_regulondb,0.3333333333333333,2,2,GAGTAAGTGGCCGGCACGGG,0,41678
TSS_1414_storz_regulondb,0.3333333333333333,2,2,GAGTAACGTGTAATATCAGA,0,40185
TSS_1414_storz_regulondb,0.3333333333333333,2,2,GAGTAACACTGGAGGAGTTC,0,13503
TSS_1414_storz_regulondb,0.3333333333333333,2,2,GAGGTTGCCATATTTACTTA,0,66995
TSS_1414_storz_regulondb,0.3333333333333333,2,2,GAGGTATCCGGAACGTGCGC,0,79293
TSS_1414_storz_regulondb,0.3333333333333333,2,2,GAGGTACTCGGACAACTTAT,0,58576
TSS_1414_storz_regulondb,0.3333333333333333,2,2,GAGGGTCAAGGACCCCGACT,0,41861
TSS_1414_storz_regulondb,0.3333333333333333,2,2,GAGGGTATGCATTCCCAAGT,0,13286
TSS_1414_storz_regulondb,0.3333333333333333,2,2,GAGGGGTTACTCATCATGGT,0,50275
TSS_1414_storz_regulondb,0.3333333333333333,2,2,GAGGGGGCGAGAAGGATCGG,0,31440
TSS_1414_storz_regulondb,0.3333333333333333,2,2,GAGGGACTCGGTTCCAGACG,0,58953
TSS_1414_storz_regulondb,0.3333333333333333,2,2,GAGGCGCTTTGGTTATTCCG,0,1312
TSS_1414_storz_regulondb,0.3333333333333333,2,2,GAGGCATGTAAAGGGATCCA,0,26603
TSS_1414_storz_regulondb,0.3333333333333333,2,2,GAGGATGCTGTCCGCAGCGA,0,10963
TSS_1414_storz_regulondb,0.3333333333333333,2,2,GAGGATATCAAAATTGACAG,0,17310
TSS_1414_storz_regulondb,0.3333333333333333,2,2,GAGGACTGGTTCCTAAGTGG,0,9344
TSS_1414_storz_regulondb,0.3333333333333333,2,2,GAGCTACATTCGACCTCGCG,0,34566
TSS_1414_storz_regulondb,0.3333333333333333,2,2,GAGCGGCCCGGCATCCCACG,0,29140
TSS_1414_storz_regulondb,0.3333333333333333,2,2,GAGCGCTGACGTGAGCGCGG,0,47748
TSS_1414_storz_regulondb,0.3333333333333333,2,2,GAGCGAGTACCGCAGTTGCA,0,71324
TSS_1414_storz_regulondb,0.3333333333333333,2,2,GAGATATGAGGAGGGCGCCA,0,43928
TSS_1414_storz_regulondb,0.3333333333333333,2,2,GAGATAGGTTGGAATGAGAC,0,11392
TSS_1414_storz_regulondb,0.3333333333333333,2,2,GAGAGTTCCATTTACGAGGA,0,70752
TSS_1414_storz_regulondb,0.3333333333333333,2,2,GAGAGACGACGCCCTTAGGG,0,38572
TSS_1414_storz_regulondb,0.3333333333333333,2,2,GAGAGAACGTACCGGAAGTA,0,76561
TSS_1414_storz_regulondb,0.3333333333333333,2,2,GAGACTTTGGAGGTCCGCCG,0,72312
TSS_1414_storz_regulondb,0.3333333333333333,2,2,GAGACGGGACGTTTCCAGAA,0,56869
TSS_1414_storz_regulondb,0.3333333333333333,2,2,GAGAAGTCGATTGGAAGATT,0,55369
TSS_1414_storz_regulondb,0.3333333333333333,2,2,GAGAAGGTTAAAATAGTTCT,0,43709
TSS_1414_storz_regulondb,0.3333333333333333,2,2,GAGAACGAGGGTAAGAAAAA,0,22393
TSS_1414_storz_regulondb,0.3333333333333333,2,2,GACTTAGAGGCATTTAGATC,0,49846
TSS_1414_storz_regulondb,0.3333333333333333,2,2,GACTGTGAATCTCTTCCCGT,0,61697
TSS_1414_storz_regulondb,0.3333333333333333,2,2,GACTGGACGACGAACAAACA,0,67890
TSS_1414_storz_regulondb,0.3333333333333333,2,2,GACTGCTGGTGCGGGTGATA,0,14364
TSS_1414_storz_regulondb,0.3333333333333333,2,2,GACTGCGGTCCATCGAAATA,0,59949
TSS_1414_storz_regulondb,0.3333333333333333,2,2,GACTCGGTCATACGCTCGGG,0,41639
TSS_1414_storz_regulondb,0.3333333333333333,2,2,GACTACGCTATACCTGCGTG,0,20539
TSS_1414_storz_regulondb,0.3333333333333333,2,2,GACTAAGTGTAATCGTTTGG,0,8010
TSS_1414_storz_regulondb,0.3333333333333333,2,2,GACGTGACAGATGGATCTAG,0,57707
TSS_1414_storz_regulondb,0.3333333333333333,2,2,GACGTAAAAGGGAGAATTGA,0,14277
TSS_1414_storz_regulondb,0.3333333333333333,2,2,GACGGGAATCAACCCATAGG,0,31737
TSS_1414_storz_regulondb,0.3333333333333333,2,2,GACGCGTAACATAGAAAATG,0,73992
TSS_1414_storz_regulondb,0.3333333333333333,2,2,GACGCGATGGTTTGCTTTGT,0,35334
TSS_1414_storz_regulondb,0.3333333333333333,2,2,GACGCAGCGGTCCAAATCCT,0,40895
TSS_1414_storz_regulondb,0.3333333333333333,2,2,GACGAGCTTTCATGACCGAT,0,29834
TSS_1414_storz_regulondb,0.3333333333333333,2,2,GACCTCAAGGGTTATACTAG,0,22007
TSS_1414_storz_regulondb,0.3333333333333333,2,2,GACCGCTTCCAGGATCTGAT,0,7939
TSS_1414_storz_regulondb,0.3333333333333333,2,2,GACCGATACGACCTCGAGTA,0,46992
TSS_1414_storz_regulondb,0.3333333333333333,2,2,GACCATCGGCGTCCGATAAT,0,33012
TSS_1414_storz_regulondb,0.3333333333333333,2,2,GACATTCGAGGAGTACGAGT,0,40749
TSS_1414_storz_regulondb,0.3333333333333333,2,2,GACATATGTCTATCATTGCC,0,73314
TSS_1414_storz_regulondb,0.3333333333333333,2,2,GACAGTCGTGGGTGGAGTGC,0,50532
TSS_1414_storz_regulondb,0.3333333333333333,2,2,GACAGTCGAGCAATTGAAGT,0,58584
TSS_1414_storz_regulondb,0.3333333333333333,2,2,GACAGAAGTCGGGGTCAGTG,0,28970
TSS_1414_storz_regulondb,0.3333333333333333,2,2,GACACGTGGGAATCATTCCC,0,59301
TSS_1414_storz_regulondb,0.3333333333333333,2,2,GACACGTCACAGTCGGTAAT,0,75116
TSS_1414_storz_regulondb,0.3333333333333333,2,2,GACACCCTGCCTGTCAATGG,0,37076
TSS_1414_storz_regulondb,0.3333333333333333,2,2,GACACAGTATAGGAAGTCCC,0,56917
TSS_1414_storz_regulondb,0.3333333333333333,2,2,GACAATTGACACGGGAGCGA,0,51364
TSS_1414_storz_regulondb,0.3333333333333333,2,2,GAATTTCTGTAACAGTTAGA,0,20747
TSS_1414_storz_regulondb,0.3333333333333333,2,2,GAATTGCCATAGAGGCGCCC,0,31338
TSS_1414_storz_regulondb,0.3333333333333333,2,2,GAATTGAGAGGTCAGCCATT,0,45046
TSS_1414_storz_regulondb,0.3333333333333333,2,2,GAATTCAAAGTGAATGAATG,0,53756
TSS_1414_storz_regulondb,0.3333333333333333,2,2,GAATTAATGCTCAACTCACA,0,38063
TSS_1414_storz_regulondb,0.3333333333333333,2,2,GAATTAAATTAATTCGTGTG,0,62512
TSS_1414_storz_regulondb,0.3333333333333333,2,2,GAATTAAACAAGCCGCATGC,0,76999
TSS_1414_storz_regulondb,0.3333333333333333,2,2,GAATGTCATTGACCTATTCA,0,3148
TSS_1414_storz_regulondb,0.3333333333333333,2,2,GAATGCCTACCCTGTATTTC,0,73910
TSS_1414_storz_regulondb,0.3333333333333333,2,2,GAATCTTTCTCTGAACCCCC,0,28135
TSS_1414_storz_regulondb,0.3333333333333333,2,2,GAATCCGTGAACGCCAGCGT,0,30423
TSS_1414_storz_regulondb,0.3333333333333333,2,2,GAATCAATTCCATTATATCA,0,27014
TSS_1414_storz_regulondb,0.3333333333333333,2,2,GAAGTGGGTGACTACGGTTG,0,11154
TSS_1414_storz_regulondb,0.3333333333333333,2,2,GAAGTGAAACAGTGGGTATG,0,17947
TSS_1414_storz_regulondb,0.3333333333333333,2,2,GAAGGTACACGGGTCTGTTT,0,27766
TSS_1414_storz_regulondb,0.3333333333333333,2,2,GAAGCCGGTAATCGCATAGT,0,46912
TSS_1414_storz_regulondb,0.3333333333333333,2,2,GAAGCACGTGTGCACGGCGC,0,63078
TSS_1414_storz_regulondb,0.3333333333333333,2,2,GAAGCACGGGGTCTAGGAGA,0,61597
TSS_1414_storz_regulondb,0.3333333333333333,2,2,GAAGCAAAGGACGACTGCGT,0,19529
TSS_1414_storz_regulondb,0.3333333333333333,2,2,GAAGATGTTCGGACGTCCCG,0,44055
TSS_1414_storz_regulondb,0.3333333333333333,2,2,GAAGACTACACGCCGATCGG,0,54553
TSS_1414_storz_regulondb,0.3333333333333333,2,2,GAAGACGGAAGGGAGACGAG,0,75508
TSS_1414_storz_regulondb,0.3333333333333333,2,2,GAACTGGTTGCTAATGTGGA,0,73976
TSS_1414_storz_regulondb,0.3333333333333333,2,2,GAACTCGGGAGTATGGGTCA,0,5532
TSS_1414_storz_regulondb,0.3333333333333333,2,2,GAACTCCTAGGTGTCTTTAG,0,80217
TSS_1414_storz_regulondb,0.3333333333333333,2,2,GAACGGGCAACCTCCTAGCG,0,75497
TSS_1414_storz_regulondb,0.3333333333333333,2,2,GAACGCGGACCATCCCGTAT,0,45811
TSS_1414_storz_regulondb,0.3333333333333333,2,2,GAACGCGCTGTGGTGCTTAT,0,35090
TSS_1414_storz_regulondb,0.3333333333333333,2,2,GAACGACCACACATCCCGGT,0,62168
TSS_1414_storz_regulondb,0.3333333333333333,2,2,GAACCCAACAAGGGGGGTGC,0,23139
TSS_1414_storz_regulondb,0.3333333333333333,2,2,GAACATGTACCGGGTCGTGC,0,62072
TSS_1414_storz_regulondb,0.3333333333333333,2,2,GAACACGTCATTATCCCACC,0,3745
TSS_1414_storz_regulondb,0.3333333333333333,2,2,GAACACCAATAGGAGTTAAA,0,78973
TSS_1414_storz_regulondb,0.3333333333333333,2,2,GAAATGGAATTACCCTGTCA,0,67649
TSS_1414_storz_regulondb,0.3333333333333333,2,2,GAAAGGGCCGGCCAAGTCGT,0,71549
TSS_1414_storz_regulondb,0.3333333333333333,2,2,GAAACCCATATCGAGACGTG,0,50432
TSS_1414_storz_regulondb,0.3333333333333333,2,2,GAAACCAGATCCGATCGAAT,0,55367
TSS_1414_storz_regulondb,0.3333333333333333,2,2,GAAACATCAGGTGCCCTAAT,0,15106
TSS_1414_storz_regulondb,0.3333333333333333,2,2,GAAACACTCCTACTTTTTAT,0,6882
TSS_1414_storz_regulondb,0.3333333333333333,2,2,GAAAATACTTTAAGTCGCGC,0,79661
TSS_1414_storz_regulondb,0.3333333333333333,2,2,GAAAAGGTCAGCGTAGAAGT,0,54690
TSS_1414_storz_regulondb,0.3333333333333333,2,2,GAAAAACGAGTTGCGCCCTT,0,47469
TSS_1414_storz_regulondb,0.3333333333333333,2,2,GAAAAAAGTACGCCTTTAGT,0,9027
TSS_1414_storz_regulondb,0.3333333333333333,2,2,GAAAAAACTCCCTCCGTATA,0,22840
TSS_1414_storz_regulondb,0.3333333333333333,2,2,CTTTTTCCTCGGGGCCTGTT,0,76932
TSS_1414_storz_regulondb,0.3333333333333333,2,2,CTTTTGCAACTTGTCATATG,0,6502
TSS_1414_storz_regulondb,0.3333333333333333,2,2,CTTTGTTGTTTTGAGATTGT,0,20300
TSS_1414_storz_regulondb,0.3333333333333333,2,2,CTTTGCATGGTAGGCACATC,0,55810
TSS_1414_storz_regulondb,0.3333333333333333,2,2,CTTTGAAGGCTGTTCAAGAT,0,5855
TSS_1414_storz_regulondb,0.3333333333333333,2,2,CTTTCGACACATGCAAATAT,0,35550
TSS_1414_storz_regulondb,0.3333333333333333,2,2,CTTTCCCCGACTGTCTGCGA,0,207
TSS_1414_storz_regulondb,0.3333333333333333,2,2,CTTTAGGCTTTGATTTGAAC,0,68873
TSS_1414_storz_regulondb,0.3333333333333333,2,2,CTTTACGATTCGGACAGTGG,0,36097
TSS_1414_storz_regulondb,0.3333333333333333,2,2,CTTTACAAGCGACAAATGTA,0,24159
TSS_1414_storz_regulondb,0.3333333333333333,2,2,CTTGTCTGTGAGTGTACGTT,0,7815
TSS_1414_storz_regulondb,0.3333333333333333,2,2,CTTGTCCGATGCGTTAGTGT,0,46878
TSS_1414_storz_regulondb,0.3333333333333333,2,2,CTTGGATGACACGAGCGCGT,0,71292
TSS_1414_storz_regulondb,0.3333333333333333,2,2,CTTGGAGCGCCCTTACGCCA,0,70066
TSS_1414_storz_regulondb,0.3333333333333333,2,2,CTTGGACTACTCGGACTACC,0,31314
TSS_1414_storz_regulondb,0.3333333333333333,2,2,CTTGCAGAGTGTTCACCAGT,0,22846
TSS_1414_storz_regulondb,0.3333333333333333,2,2,CTTCTTGTGACTATTCGATG,0,77961
TSS_1414_storz_regulondb,0.3333333333333333,2,2,CTTCTGTAAAACCTGTAAAT,0,5639
TSS_1414_storz_regulondb,0.3333333333333333,2,2,CTTCTACTTTGCTAGACATC,0,3431
TSS_1414_storz_regulondb,0.3333333333333333,2,2,CTTCGTGCGCCAGCTGTTAT,0,16766
TSS_1414_storz_regulondb,0.3333333333333333,2,2,CTTCGAACTGGATGGAATGT,0,51699
TSS_1414_storz_regulondb,0.3333333333333333,2,2,CTTCCCCAGTTTGGAGCCAC,0,37532
TSS_1414_storz_regulondb,0.3333333333333333,2,2,CTTCATGGCTCTCACTTAAC,0,31051
TSS_1414_storz_regulondb,0.3333333333333333,2,2,CTTCAGAACCAGGTGGGGTC,0,57503
TSS_1414_storz_regulondb,0.3333333333333333,2,2,CTTCACTAAAGTTATCGGGC,0,68133
TSS_1414_storz_regulondb,0.3333333333333333,2,2,CTTATTGGAGCGGTAGTCCT,0,14963
TSS_1414_storz_regulondb,0.3333333333333333,2,2,CTTATCCAGTAAGGAAAAAG,0,77492
TSS_1414_storz_regulondb,0.3333333333333333,2,2,CTTAGGCCGATGACTAAGAG,0,16020
TSS_1414_storz_regulondb,0.3333333333333333,2,2,CTTAGAATACGGTAGGGAAG,0,8729
TSS_1414_storz_regulondb,0.3333333333333333,2,2,CTTAATCTGGGTCTTCACCG,0,36466
TSS_1414_storz_regulondb,0.3333333333333333,2,2,CTTAAGGGCTGACCTCATTG,0,61154
TSS_1414_storz_regulondb,0.3333333333333333,2,2,CTTAACACTTCAAAAGGTGA,0,29773
TSS_1414_storz_regulondb,0.3333333333333333,2,2,CTTAAATGCATTCCCAATGG,0,73614
TSS_1414_storz_regulondb,0.3333333333333333,2,2,CTGTTTACGGTATGAGCTCT,0,61299
TSS_1414_storz_regulondb,0.3333333333333333,2,2,CTGTTCACGGGGGCAAGCAG,0,27634
TSS_1414_storz_regulondb,0.3333333333333333,2,2,CTGTGTCTCCCCATGTCAAA,0,70895
TSS_1414_storz_regulondb,0.3333333333333333,2,2,CTGTGTAGATACAGGAACTC,0,70215
TSS_1414_storz_regulondb,0.3333333333333333,2,2,CTGTCTAGTGCGGTCTTGTT,0,33567
TSS_1414_storz_regulondb,0.3333333333333333,2,2,CTGTCCGCTTCGTTTATCAA,0,66532
TSS_1414_storz_regulondb,0.3333333333333333,2,2,CTGTCACGGTTAAGCCAGAG,0,71309
TSS_1414_storz_regulondb,0.3333333333333333,2,2,CTGTACTGAGGTTAAGTGAG,0,21559
TSS_1414_storz_regulondb,0.3333333333333333,2,2,CTGGTATATCAGAACCCGCG,0,32628
TSS_1414_storz_regulondb,0.3333333333333333,2,2,CTGGGTCACGCCAAGGTTGA,0,23259
TSS_1414_storz_regulondb,0.3333333333333333,2,2,CTGGGGGTTCCCGGAAGACA,0,50748
TSS_1414_storz_regulondb,0.3333333333333333,2,2,CTGGGATCATAGAGTATGCC,0,78535
TSS_1414_storz_regulondb,0.3333333333333333,2,2,CTGGGATACTTTCAGGAATA,0,59460
TSS_1414_storz_regulondb,0.3333333333333333,2,2,CTGGCCGTTTCGGGTACACA,0,59655
TSS_1414_storz_regulondb,0.3333333333333333,2,2,CTGGCAGCGCCTGAATCATT,0,78193
TSS_1414_storz_regulondb,0.3333333333333333,2,2,CTGGATCGTTTCCTTCTCCT,0,59955
TSS_1414_storz_regulondb,0.3333333333333333,2,2,CTGGAGTCACCCGGACGCGT,0,34845
TSS_1414_storz_regulondb,0.3333333333333333,2,2,CTGGAGGAAATGCAAACCGT,0,49984
TSS_1414_storz_regulondb,0.3333333333333333,2,2,CTGGACTAATTGAAATGGCT,0,63044
TSS_1414_storz_regulondb,0.3333333333333333,2,2,CTGGACCTTAATACTCGTTG,0,19005
TSS_1414_storz_regulondb,0.3333333333333333,2,2,CTGGACACACTAAGATTACA,0,80469
TSS_1414_storz_regulondb,0.3333333333333333,2,2,CTGGAACGTGTCTTGGTAAG,0,14543
TSS_1414_storz_regulondb,0.3333333333333333,2,2,CTGCTTTAGTTCCGCTCAGT,0,45135
TSS_1414_storz_regulondb,0.3333333333333333,2,2,CTGCTTCCTCGGGACCAGAC,0,37538
TSS_1414_storz_regulondb,0.3333333333333333,2,2,CTGCTTAATTCATTGTGCAC,0,35035
TSS_1414_storz_regulondb,0.3333333333333333,2,2,CTGCTGTGGGCGCGGCACTT,0,10549
TSS_1414_storz_regulondb,0.3333333333333333,2,2,CTGCTCCAGCAGTTAAGGAC,0,10704
TSS_1414_storz_regulondb,0.3333333333333333,2,2,CTGCGGATGCAGCTGTTCGT,0,79663
TSS_1414_storz_regulondb,0.3333333333333333,2,2,CTGCGATCGCGGATATCAGA,0,34276
TSS_1414_storz_regulondb,0.3333333333333333,2,2,CTGCCTCCTTAGGGGTGTAA,0,58481
TSS_1414_storz_regulondb,0.3333333333333333,2,2,CTGCCTCAGAGCGATAGTAA,0,62701
TSS_1414_storz_regulondb,0.3333333333333333,2,2,CTGCCTATCCCTACCCGTGT,0,669
TSS_1414_storz_regulondb,0.3333333333333333,2,2,CTGCCGGGCAGTTCCGGAAC,0,51536
TSS_1414_storz_regulondb,0.3333333333333333,2,2,CTGCCGCCTCAGCCTCCCAG,0,72449
TSS_1414_storz_regulondb,0.3333333333333333,2,2,CTGCCGAGGTGACGTCGTGG,0,66942
TSS_1414_storz_regulondb,0.3333333333333333,2,2,CTGCACACCGATCTAAATGG,0,7204
TSS_1414_storz_regulondb,0.3333333333333333,2,2,CTGATGCTACGATTAAGTCT,0,42958
TSS_1414_storz_regulondb,0.3333333333333333,2,2,CTGAGCGTTGCTATGCAGAG,0,26741
TSS_1414_storz_regulondb,0.3333333333333333,2,2,CTGACTTTACGTTATGATGT,0,25016
TSS_1414_storz_regulondb,0.3333333333333333,2,2,CTGACTTGGCGAGATTTTTA,0,74031
TSS_1414_storz_regulondb,0.3333333333333333,2,2,CTGACTGTTTCGATCAACCA,0,68857
TSS_1414_storz_regulondb,0.3333333333333333,2,2,CTGACGTTTTGCCATATCCC,0,58693
TSS_1414_storz_regulondb,0.3333333333333333,2,2,CTGACCACCGCTACGGCCGA,0,39175
TSS_1414_storz_regulondb,0.3333333333333333,2,2,CTGAATTATCGATGATGGTA,0,24011
TSS_1414_storz_regulondb,0.3333333333333333,2,2,CTGAACTCGATGGTGTGATG,0,32540
TSS_1414_storz_regulondb,0.3333333333333333,2,2,CTGAACAGTATATGAGAGCT,0,15831
TSS_1414_storz_regulondb,0.3333333333333333,2,2,CTGAACAGGCACATGTGAAA,0,26680
TSS_1414_storz_regulondb,0.3333333333333333,2,2,CTCTTGCGGCTACCTTCCAT,0,15210
TSS_1414_storz_regulondb,0.3333333333333333,2,2,CTCTTAGTCGCCCCTGTCAT,0,21149
TSS_1414_storz_regulondb,0.3333333333333333,2,2,CTCTGGATATGGCAATACTT,0,43846
TSS_1414_storz_regulondb,0.3333333333333333,2,2,CTCTGCACAGGTATCTGAGA,0,37424
TSS_1414_storz_regulondb,0.3333333333333333,2,2,CTCTCTACTTCAGAGATTAA,0,69155
TSS_1414_storz_regulondb,0.3333333333333333,2,2,CTCTCGTCGGACCCCCGGCA,0,10467
TSS_1414_storz_regulondb,0.3333333333333333,2,2,CTCTCCTTTTAGGCTTGCTC,0,52436
TSS_1414_storz_regulondb,0.3333333333333333,2,2,CTCTCCCAGTGAGGTGGATC,0,64780
TSS_1414_storz_regulondb,0.3333333333333333,2,2,CTCTATTTGGCAAAGCGCCT,0,69325
TSS_1414_storz_regulondb,0.3333333333333333,2,2,CTCTAGGCGTGTGTAGCCAG,0,50494
TSS_1414_storz_regulondb,0.3333333333333333,2,2,CTCTAGCAATGGGAAAGGTG,0,9949
TSS_1414_storz_regulondb,0.3333333333333333,2,2,CTCGTCTGTCCAAAAAACTT,0,75284
TSS_1414_storz_regulondb,0.3333333333333333,2,2,CTCGTCCAGATGCCCCCGCG,0,23941
TSS_1414_storz_regulondb,0.3333333333333333,2,2,CTCGGCCCAGTTGCCGACAG,0,77360
TSS_1414_storz_regulondb,0.3333333333333333,2,2,CTCGCGCTTGGCACAATGGT,0,27487
TSS_1414_storz_regulondb,0.3333333333333333,2,2,CTCGCACAGCGGTACCATCG,0,67603
TSS_1414_storz_regulondb,0.3333333333333333,2,2,CTCGACGGTACGATAAGATT,0,2347
TSS_1414_storz_regulondb,0.3333333333333333,2,2,CTCCTATCTAACCACACTGT,0,62279
TSS_1414_storz_regulondb,0.3333333333333333,2,2,CTCCTAGGGGTCGTCACATC,0,4094
TSS_1414_storz_regulondb,0.3333333333333333,2,2,CTCCGTTTGTCATGAGCCTA,0,30829
TSS_1414_storz_regulondb,0.3333333333333333,2,2,CTCCGGCGGTTTCTTTGACA,0,74159
TSS_1414_storz_regulondb,0.3333333333333333,2,2,CTCCGCAACTACATACAAGG,0,28072
TSS_1414_storz_regulondb,0.3333333333333333,2,2,CTCCCGTGTATCAAGTATCT,0,38059
TSS_1414_storz_regulondb,0.3333333333333333,2,2,CTCCCCAGGGGGCCAGCTAC,0,2021
TSS_1414_storz_regulondb,0.3333333333333333,2,2,CTCCAGGGTTAAGGCTTAGC,0,9434
TSS_1414_storz_regulondb,0.3333333333333333,2,2,CTCCACGCGACCACCACAGT,0,70822
TSS_1414_storz_regulondb,0.3333333333333333,2,2,CTCCAACTGGCGACCTATCG,0,21815
TSS_1414_storz_regulondb,0.3333333333333333,2,2,CTCATCGCGCCGCGACGTAA,0,78418
TSS_1414_storz_regulondb,0.3333333333333333,2,2,CTCAGCACACACGTTGTAAG,0,78784
TSS_1414_storz_regulondb,0.3333333333333333,2,2,CTCACCGATCTCAATTCGTC,0,44470
TSS_1414_storz_regulondb,0.3333333333333333,2,2,CTCACAGAGTCAAACAGAAT,0,72809
TSS_1414_storz_regulondb,0.3333333333333333,2,2,CTCAAACTTCAGATAACTTA,0,70290
TSS_1414_storz_regulondb,0.3333333333333333,2,2,CTATTTTGCGATCATTTCTG,0,53968
TSS_1414_storz_regulondb,0.3333333333333333,2,2,CTATGGCAACGGACCAAACA,0,13541
TSS_1414_storz_regulondb,0.3333333333333333,2,2,CTATCTCGTCTCGTTCAGGC,0,9667
TSS_1414_storz_regulondb,0.3333333333333333,2,2,CTATCCGTATTAGGGCGCCG,0,48674
TSS_1414_storz_regulondb,0.3333333333333333,2,2,CTATCACCGGCTTCATTATG,0,46532
TSS_1414_storz_regulondb,0.3333333333333333,2,2,CTATACCGACTTCTCCATTA,0,34635
TSS_1414_storz_regulondb,0.3333333333333333,2,2,CTATACAACCACCATAAGCC,0,72334
TSS_1414_storz_regulondb,0.3333333333333333,2,2,CTATAATGAACGTCTTTATA,0,65616
TSS_1414_storz_regulondb,0.3333333333333333,2,2,CTAGTCTAGTCCCGTAAAGA,0,78411
TSS_1414_storz_regulondb,0.3333333333333333,2,2,CTAGTACTAATTATGGAGGG,0,22432
TSS_1414_storz_regulondb,0.3333333333333333,2,2,CTAGGTGGGTTACAGGGCGC,0,56010
TSS_1414_storz_regulondb,0.3333333333333333,2,2,CTAGGTATTTCGGAGAGCTG,0,21992
TSS_1414_storz_regulondb,0.3333333333333333,2,2,CTAGGGCGCACGTGAGCAGT,0,5943
TSS_1414_storz_regulondb,0.3333333333333333,2,2,CTAGCTTGGCCTAGACAGAC,0,53728
TSS_1414_storz_regulondb,0.3333333333333333,2,2,CTAGCTGTCTATGTCGAGTT,0,28655
TSS_1414_storz_regulondb,0.3333333333333333,2,2,CTAGCTGGATGGCCGCTCGG,0,33982
TSS_1414_storz_regulondb,0.3333333333333333,2,2,CTAGAGTGCTATGGGCGCAA,0,52848
TSS_1414_storz_regulondb,0.3333333333333333,2,2,CTAGAGGTTTTTCAGTGAAC,0,76719
TSS_1414_storz_regulondb,0.3333333333333333,2,2,CTAGACTCGGTTGAGAACCT,0,71580
TSS_1414_storz_regulondb,0.3333333333333333,2,2,CTACTTTTGAGGGCTCATAG,0,47332
TSS_1414_storz_regulondb,0.3333333333333333,2,2,CTACTTTACTACGTAACCCC,0,45772
TSS_1414_storz_regulondb,0.3333333333333333,2,2,CTACGTCTCCTTTTATTTGG,0,34567
TSS_1414_storz_regulondb,0.3333333333333333,2,2,CTACGGTGTCACTATAGTGT,0,6434
TSS_1414_storz_regulondb,0.3333333333333333,2,2,CTACGCTAGGAGTCTCTTTT,0,29071
TSS_1414_storz_regulondb,0.3333333333333333,2,2,CTACGCGAGAGCCAACAAGT,0,11588
TSS_1414_storz_regulondb,0.3333333333333333,2,2,CTACGCACGAGTAGAGGTTG,0,6457
TSS_1414_storz_regulondb,0.3333333333333333,2,2,CTACCGCAGGGACACAGCGG,0,27576
TSS_1414_storz_regulondb,0.3333333333333333,2,2,CTACCGAGGAAGACACCAAC,0,71328
TSS_1414_storz_regulondb,0.3333333333333333,2,2,CTACCGAGGAACTCAGGTCG,0,6530
TSS_1414_storz_regulondb,0.3333333333333333,2,2,CTACCCGGATGGAACAGGTT,0,7936
TSS_1414_storz_regulondb,0.3333333333333333,2,2,CTACCCACAGCGTCATGTCT,0,26028
TSS_1414_storz_regulondb,0.3333333333333333,2,2,CTACATAGCATTCAATCAGC,0,34428
TSS_1414_storz_regulondb,0.3333333333333333,2,2,CTACAACACTCTAGCAATGA,0,43889
TSS_1414_storz_regulondb,0.3333333333333333,2,2,CTAATTTTCCAAGGTTCACT,0,16405
TSS_1414_storz_regulondb,0.3333333333333333,2,2,CTAATGAACCATAAACAAAA,0,65333
TSS_1414_storz_regulondb,0.3333333333333333,2,2,CTAATATGTGGTCGCTGGAG,0,22718
TSS_1414_storz_regulondb,0.3333333333333333,2,2,CTAATAGAGCAGACCCACTT,0,65511
TSS_1414_storz_regulondb,0.3333333333333333,2,2,CTAAGTCGTTTACGGCTGGA,0,37574
TSS_1414_storz_regulondb,0.3333333333333333,2,2,CTAAGGGTCTCATCTTTAGG,0,4503
TSS_1414_storz_regulondb,0.3333333333333333,2,2,CTAAGGCAGCCCACATGGAA,0,51197
TSS_1414_storz_regulondb,0.3333333333333333,2,2,CTAAGATAGGGGAATACTCG,0,7892
TSS_1414_storz_regulondb,0.3333333333333333,2,2,CTAAGAATTCCCGCGCTTAG,0,48924
TSS_1414_storz_regulondb,0.3333333333333333,2,2,CTAACTGTGCTATACGAGAT,0,61481
TSS_1414_storz_regulondb,0.3333333333333333,2,2,CTAACTACGTCTGTCCGCAG,0,79125
TSS_1414_storz_regulondb,0.3333333333333333,2,2,CTAACGGTACGCAAGGATTT,0,60841
TSS_1414_storz_regulondb,0.3333333333333333,2,2,CTAACCCCGTCACGTCCCCA,0,16471
TSS_1414_storz_regulondb,0.3333333333333333,2,2,CTAAAGCGGGAATGTCGCAT,0,8900
TSS_1414_storz_regulondb,0.3333333333333333,2,2,CGTTTTAGAAGGAATTATGT,0,9296
TSS_1414_storz_regulondb,0.3333333333333333,2,2,CGTTTGATGTTTTGGTGAAG,0,73735
TSS_1414_storz_regulondb,0.3333333333333333,2,2,CGTTTCCCACACCGACCGAG,0,71640
TSS_1414_storz_regulondb,0.3333333333333333,2,2,CGTTTCAAGTGTATGTCACA,0,26393
TSS_1414_storz_regulondb,0.3333333333333333,2,2,CGTTTAACCGGTAATACAAG,0,5761
TSS_1414_storz_regulondb,0.3333333333333333,2,2,CGTTGGGTCAGTGAATGTAT,0,56721
TSS_1414_storz_regulondb,0.3333333333333333,2,2,CGTTGGCACATAAAGATATT,0,43633
TSS_1414_storz_regulondb,0.3333333333333333,2,2,CGTTGACAACACCTGCGTAC,0,63593
TSS_1414_storz_regulondb,0.3333333333333333,2,2,CGTTCCAGTACACCTGTGAC,0,78235
TSS_1414_storz_regulondb,0.3333333333333333,2,2,CGTTACTGGTGACGTACGTT,0,44256
TSS_1414_storz_regulondb,0.3333333333333333,2,2,CGTTAACATCCGGAAATTCA,0,26491
TSS_1414_storz_regulondb,0.3333333333333333,2,2,CGTGTTTTGTCCAGATATGT,0,29085
TSS_1414_storz_regulondb,0.3333333333333333,2,2,CGTGTTGAACGCCTGGTTCC,0,4069
TSS_1414_storz_regulondb,0.3333333333333333,2,2,CGTGTTAAATATTCGTAGCT,0,266
TSS_1414_storz_regulondb,0.3333333333333333,2,2,CGTGTCTACTAATCATTCGG,0,68809
TSS_1414_storz_regulondb,0.3333333333333333,2,2,CGTGGTCATGAGATATCATC,0,29977
TSS_1414_storz_regulondb,0.3333333333333333,2,2,CGTGGGACTTCACTTTTCGA,0,52126
TSS_1414_storz_regulondb,0.3333333333333333,2,2,CGTGCTGGCGGCTGCCGAAT,0,77486
TSS_1414_storz_regulondb,0.3333333333333333,2,2,CGTGCTCAAACCGGACACGA,0,69082
TSS_1414_storz_regulondb,0.3333333333333333,2,2,CGTGAGCCACAATAAGAGAG,0,42919
TSS_1414_storz_regulondb,0.3333333333333333,2,2,CGTGACTGTTAGTAGTAGGT,0,58628
TSS_1414_storz_regulondb,0.3333333333333333,2,2,CGTGACAGCGCACCACTTCG,0,28182
TSS_1414_storz_regulondb,0.3333333333333333,2,2,CGTCTTCACGTGCGAGTGGC,0,3084
TSS_1414_storz_regulondb,0.3333333333333333,2,2,CGTCTGCGCATTTGTGCTTA,0,12980
TSS_1414_storz_regulondb,0.3333333333333333,2,2,CGTCGTCCTTCGTCAAGCGT,0,76094
TSS_1414_storz_regulondb,0.3333333333333333,2,2,CGTCGCTACACCACCTTTCA,0,75435
TSS_1414_storz_regulondb,0.3333333333333333,2,2,CGTCGCATACGTAAGCCGGG,0,20837
TSS_1414_storz_regulondb,0.3333333333333333,2,2,CGTCCTCTACTTAAGTAATG,0,59867
TSS_1414_storz_regulondb,0.3333333333333333,2,2,CGTCATCCGCTACCTGTAGT,0,53306
TSS_1414_storz_regulondb,0.3333333333333333,2,2,CGTCACAAGAGTATTCTCGA,0,11650
TSS_1414_storz_regulondb,0.3333333333333333,2,2,CGTCAAAGCACAGTAAAGGC,0,21079
TSS_1414_storz_regulondb,0.3333333333333333,2,2,CGTATATTCCCTGTTATGCA,0,34220
TSS_1414_storz_regulondb,0.3333333333333333,2,2,CGTAGTACAGAGTCGAAAAG,0,50326
TSS_1414_storz_regulondb,0.3333333333333333,2,2,CGTAGCCTTAATAACTATGG,0,56942
TSS_1414_storz_regulondb,0.3333333333333333,2,2,CGTAGAACCAAAGGAGGAAT,0,76182
TSS_1414_storz_regulondb,0.3333333333333333,2,2,CGTACCCGACCCTCTTGGAC,0,6046
TSS_1414_storz_regulondb,0.3333333333333333,2,2,CGTACCAGAGCGCACTAGCT,0,16790
TSS_1414_storz_regulondb,0.3333333333333333,2,2,CGTACACCAAGGCTAAGAGT,0,19482
TSS_1414_storz_regulondb,0.3333333333333333,2,2,CGTAATAAGTGAATTCCTGA,0,21416
TSS_1414_storz_regulondb,0.3333333333333333,2,2,CGTAAGATTTCGCCCTCCGT,0,8165
TSS_1414_storz_regulondb,0.3333333333333333,2,2,CGGTTTGCAAAGGTGTACTG,0,71160
TSS_1414_storz_regulondb,0.3333333333333333,2,2,CGGTTGTCAAGCCATTACTT,0,69322
TSS_1414_storz_regulondb,0.3333333333333333,2,2,CGGTTCGGGTATCAAGGTAG,0,60710
TSS_1414_storz_regulondb,0.3333333333333333,2,2,CGGTTACTCATTCCGAGTCG,0,19011
TSS_1414_storz_regulondb,0.3333333333333333,2,2,CGGTGTCTCTGTCCATAAGG,0,23979
TSS_1414_storz_regulondb,0.3333333333333333,2,2,CGGTGTAGTGTCGTTTAATA,0,36880
TSS_1414_storz_regulondb,0.3333333333333333,2,2,CGGTGGGCCGTTTATGTCGG,0,8189
TSS_1414_storz_regulondb,0.3333333333333333,2,2,CGGTGCTGACCGGTTGATTA,0,40599
TSS_1414_storz_regulondb,0.3333333333333333,2,2,CGGTGAGTGAAAATCAAACC,0,7761
TSS_1414_storz_regulondb,0.3333333333333333,2,2,CGGTGAAAAATTCGTATCTG,0,10698
TSS_1414_storz_regulondb,0.3333333333333333,2,2,CGGTCTCGTTATATCTGCTG,0,22472
TSS_1414_storz_regulondb,0.3333333333333333,2,2,CGGTCCCGAGGCCAACCCGC,0,7197
TSS_1414_storz_regulondb,0.3333333333333333,2,2,CGGTCAAGTCAAAAGACGGA,0,64176
TSS_1414_storz_regulondb,0.3333333333333333,2,2,CGGTATTAGATCGGGCCACT,0,44133
TSS_1414_storz_regulondb,0.3333333333333333,2,2,CGGTAGCAATTCAGTCACCT,0,76034
TSS_1414_storz_regulondb,0.3333333333333333,2,2,CGGTAAAATTAGCTTCCTTT,0,75390
TSS_1414_storz_regulondb,0.3333333333333333,2,2,CGGGTGTTTGTAATCTCTTC,0,58178
TSS_1414_storz_regulondb,0.3333333333333333,2,2,CGGGTCAGACTCGAGAAAGG,0,14021
TSS_1414_storz_regulondb,0.3333333333333333,2,2,CGGGGTAACCCGCCTTGCCT,0,15214
TSS_1414_storz_regulondb,0.3333333333333333,2,2,CGGGGCCAACTCTTCCATTG,0,16951
TSS_1414_storz_regulondb,0.3333333333333333,2,2,CGGGGCATCAGTCAATCCAC,0,66081
TSS_1414_storz_regulondb,0.3333333333333333,2,2,CGGGCTCTTGGGCAACGGGG,0,12517
TSS_1414_storz_regulondb,0.3333333333333333,2,2,CGGGCGAAACATTTCGTTTG,0,32566
TSS_1414_storz_regulondb,0.3333333333333333,2,2,CGGGCCTACTCAGATTGTAA,0,5858
TSS_1414_storz_regulondb,0.3333333333333333,2,2,CGGGCCCATCTAGCGTGGTT,0,22567
TSS_1414_storz_regulondb,0.3333333333333333,2,2,CGGGACTGTTCCTTTTGGTT,0,61802
TSS_1414_storz_regulondb,0.3333333333333333,2,2,CGGCTGGCTTTGAACGTGTT,0,78581
TSS_1414_storz_regulondb,0.3333333333333333,2,2,CGGCTCGGGAGGATCTAGAG,0,47582
TSS_1414_storz_regulondb,0.3333333333333333,2,2,CGGCTAGCAGTGTGGGGGCT,0,21726
TSS_1414_storz_regulondb,0.3333333333333333,2,2,CGGCGATGGAGACGCCGCCT,0,20341
TSS_1414_storz_regulondb,0.3333333333333333,2,2,CGGCGAGCATAGTCGCGCTT,0,27950
TSS_1414_storz_regulondb,0.3333333333333333,2,2,CGGCCCACTAACCTTGCGCT,0,62325
TSS_1414_storz_regulondb,0.3333333333333333,2,2,CGGCCACTTCCTTAGCGAGA,0,22365
TSS_1414_storz_regulondb,0.3333333333333333,2,2,CGGCAGTATCCACCTTACAG,0,71722
TSS_1414_storz_regulondb,0.3333333333333333,2,2,CGGATTGCTGCCAGCTAGAG,0,5055
TSS_1414_storz_regulondb,0.3333333333333333,2,2,CGGATCGTGAGGTAAAATCT,0,57124
TSS_1414_storz_regulondb,0.3333333333333333,2,2,CGGACTTCCTTTCCACTATT,0,51092
TSS_1414_storz_regulondb,0.3333333333333333,2,2,CGGACTGGCTTCGAGTCAAC,0,4981
TSS_1414_storz_regulondb,0.3333333333333333,2,2,CGGACGAGGCATATCTTAAC,0,44413
TSS_1414_storz_regulondb,0.3333333333333333,2,2,CGGACCCTACGCCTAAAGGG,0,76551
TSS_1414_storz_regulondb,0.3333333333333333,2,2,CGGAATGACTGACAGTCCTT,0,36255
TSS_1414_storz_regulondb,0.3333333333333333,2,2,CGGAAGGTCCTGGGTTCAGA,0,67342
TSS_1414_storz_regulondb,0.3333333333333333,2,2,CGGAAGCTACAGGGCAATCA,0,31111
TSS_1414_storz_regulondb,0.3333333333333333,2,2,CGGAAATAGTATGACAGTCG,0,27541
TSS_1414_storz_regulondb,0.3333333333333333,2,2,CGGAAAATGCATGATGCGGC,0,70612
TSS_1414_storz_regulondb,0.3333333333333333,2,2,CGGAAAAATCTTTTATCCGT,0,26117
TSS_1414_storz_regulondb,0.3333333333333333,2,2,CGCTTTTAAATCTTCCGAGA,0,62733
TSS_1414_storz_regulondb,0.3333333333333333,2,2,CGCTTCGTCCTGGATCAGTC,0,8367
TSS_1414_storz_regulondb,0.3333333333333333,2,2,CGCTTCCGTGGGGAGGGGAC,0,66892
TSS_1414_storz_regulondb,0.3333333333333333,2,2,CGCTGCGGTAAGTATGCCAA,0,12187
TSS_1414_storz_regulondb,0.3333333333333333,2,2,CGCTGCCGGAGTGCCCTGCT,0,16029
TSS_1414_storz_regulondb,0.3333333333333333,2,2,CGCTGCCACGTGTGGGGGTT,0,24636
TSS_1414_storz_regulondb,0.3333333333333333,2,2,CGCTGAATCAACGCCAGTGA,0,5554
TSS_1414_storz_regulondb,0.3333333333333333,2,2,CGCTCTCTAGAGGTGCATAT,0,62183
TSS_1414_storz_regulondb,0.3333333333333333,2,2,CGCTCTAAGGGAGCACCATC,0,22579
TSS_1414_storz_regulondb,0.3333333333333333,2,2,CGCTCGTTACGGGTACCACC,0,74008
TSS_1414_storz_regulondb,0.3333333333333333,2,2,CGCTATCTAGTAAACTGAAA,0,39715
TSS_1414_storz_regulondb,0.3333333333333333,2,2,CGCTACCAAGCTGGTGAGGC,0,56034
TSS_1414_storz_regulondb,0.3333333333333333,2,2,CGCGTGTGGGCATTTTTCGT,0,33828
TSS_1414_storz_regulondb,0.3333333333333333,2,2,CGCGTGTCTCATGGTACAAT,0,43801
TSS_1414_storz_regulondb,0.3333333333333333,2,2,CGCGGTTCCGCACCACCTCC,0,21474
TSS_1414_storz_regulondb,0.3333333333333333,2,2,CGCGGGCAAAGGTTATCACA,0,78762
TSS_1414_storz_regulondb,0.3333333333333333,2,2,CGCGGCCAGCTAATTAACTA,0,2265
TSS_1414_storz_regulondb,0.3333333333333333,2,2,CGCGGATCGCACTAGGCTAC,0,79540
TSS_1414_storz_regulondb,0.3333333333333333,2,2,CGCGCGGGCGACTATTTTTA,0,58283
TSS_1414_storz_regulondb,0.3333333333333333,2,2,CGCGCCGTGCTCATTCCTAT,0,73865
TSS_1414_storz_regulondb,0.3333333333333333,2,2,CGCGCCCTCTCAACTCTTGA,0,19607
TSS_1414_storz_regulondb,0.3333333333333333,2,2,CGCGATGCTAGCGTATAACT,0,74937
TSS_1414_storz_regulondb,0.3333333333333333,2,2,CGCGAAGCGGTTCATCGACT,0,28884
TSS_1414_storz_regulondb,0.3333333333333333,2,2,CGCGAACTCTTTATCAAATA,0,50872
TSS_1414_storz_regulondb,0.3333333333333333,2,2,CGCCTATCTTTATTGGCGAG,0,8236
TSS_1414_storz_regulondb,0.3333333333333333,2,2,CGCATTGCCTTAAAGTATGA,0,67389
TSS_1414_storz_regulondb,0.3333333333333333,2,2,CGCAGTCAAGTGGGCAGCAT,0,56135
TSS_1414_storz_regulondb,0.3333333333333333,2,2,CGCAGCATTATCGACCACTC,0,2974
TSS_1414_storz_regulondb,0.3333333333333333,2,2,CGCACCTCCAAGATGTAAGA,0,42315
TSS_1414_storz_regulondb,0.3333333333333333,2,2,CGCAAATATATATCAAATGG,0,4053
TSS_1414_storz_regulondb,0.3333333333333333,2,2,CGCAAACTGCGTAGATTTCT,0,69988
TSS_1414_storz_regulondb,0.3333333333333333,2,2,CGCAAACGTGTTCGCACTCG,0,16701
TSS_1414_storz_regulondb,0.3333333333333333,2,2,CGATTTGCGGCGAAGCAAGT,0,61997
TSS_1414_storz_regulondb,0.3333333333333333,2,2,CGATTGAGACGGCACCTAAT,0,44405
TSS_1414_storz_regulondb,0.3333333333333333,2,2,CGATTACACATCCGGGGGGT,0,32591
TSS_1414_storz_regulondb,0.3333333333333333,2,2,CGATGGGCGGAGAGCGCTTG,0,38083
TSS_1414_storz_regulondb,0.3333333333333333,2,2,CGATGAGCGCGTGCAGGGGT,0,32780
TSS_1414_storz_regulondb,0.3333333333333333,2,2,CGATCCCGGAACCAATACTC,0,57212
TSS_1414_storz_regulondb,0.3333333333333333,2,2,CGATCATAGGTCTGTTTAGT,0,24399
TSS_1414_storz_regulondb,0.3333333333333333,2,2,CGATAGACAGCCGGCGCTGC,0,55450
TSS_1414_storz_regulondb,0.3333333333333333,2,2,CGATACGTTCAGGCTACCGA,0,53463
TSS_1414_storz_regulondb,0.3333333333333333,2,2,CGATACGATCCAGGCCTATT,0,63650
TSS_1414_storz_regulondb,0.3333333333333333,2,2,CGATACACCAATTAGTAATG,0,25043
TSS_1414_storz_regulondb,0.3333333333333333,2,2,CGAGTGTCAGATGCAGAGTC,0,56589
TSS_1414_storz_regulondb,0.3333333333333333,2,2,CGAGTAGGGGGAATGATTCA,0,70004
TSS_1414_storz_regulondb,0.3333333333333333,2,2,CGAGTAAGAACAGGTAGACA,0,39705
TSS_1414_storz_regulondb,0.3333333333333333,2,2,CGAGGTAGATGGAGCGCCGA,0,69605
TSS_1414_storz_regulondb,0.3333333333333333,2,2,CGAGGACACTCCTTCAGCTA,0,77423
TSS_1414_storz_regulondb,0.3333333333333333,2,2,CGAGCTCTGGTTACTGCAAC,0,39434
TSS_1414_storz_regulondb,0.3333333333333333,2,2,CGAGACGTTTACTGGTGATG,0,68693
TSS_1414_storz_regulondb,0.3333333333333333,2,2,CGAGAAGGATTTGAGAATAT,0,18787
TSS_1414_storz_regulondb,0.3333333333333333,2,2,CGACTTATCCTGGATGTAGA,0,71281
TSS_1414_storz_regulondb,0.3333333333333333,2,2,CGACTCAAGTTGCCGGTACG,0,29587
TSS_1414_storz_regulondb,0.3333333333333333,2,2,CGACCGCGCGAATTCGGATA,0,4974
TSS_1414_storz_regulondb,0.3333333333333333,2,2,CGACCATGAGCAGGCCCAAG,0,36910
TSS_1414_storz_regulondb,0.3333333333333333,2,2,CGACCAGCCGTACGTATCAG,0,3693
TSS_1414_storz_regulondb,0.3333333333333333,2,2,CGACATCTGTTGACGTCCCA,0,57434
TSS_1414_storz_regulondb,0.3333333333333333,2,2,CGACACTGATCACGAGCATA,0,73690
TSS_1414_storz_regulondb,0.3333333333333333,2,2,CGAATGGCGAGTGTAAATAT,0,37819
TSS_1414_storz_regulondb,0.3333333333333333,2,2,CGAAGTTCGTACAGTCTAGA,0,68667
TSS_1414_storz_regulondb,0.3333333333333333,2,2,CGAAGCCTTCTGCCTGCACT,0,45589
TSS_1414_storz_regulondb,0.3333333333333333,2,2,CGAAGCCCAGGCGCGTTGCT,0,76346
TSS_1414_storz_regulondb,0.3333333333333333,2,2,CGAACGATGGTGATTAAGCA,0,66781
TSS_1414_storz_regulondb,0.3333333333333333,2,2,CGAACCTCCGGAGAAGATCT,0,73106
TSS_1414_storz_regulondb,0.3333333333333333,2,2,CGAAATCTGGGAGTGCTCTA,0,11859
TSS_1414_storz_regulondb,0.3333333333333333,2,2,CGAAAACTAGGATTACCTTA,0,25114
TSS_1414_storz_regulondb,0.3333333333333333,2,2,CGAAAAATCGGAAGCAGGAA,0,22017
TSS_1414_storz_regulondb,0.3333333333333333,2,2,CCTTTTTGCGAACACTGTGC,0,39794
TSS_1414_storz_regulondb,0.3333333333333333,2,2,CCTTTCTAGTGGTGGGCCGG,0,8265
TSS_1414_storz_regulondb,0.3333333333333333,2,2,CCTTGTTTTGGGTTGACTAG,0,6551
TSS_1414_storz_regulondb,0.3333333333333333,2,2,CCTTGTGGTTAATCGGTGCA,0,25285
TSS_1414_storz_regulondb,0.3333333333333333,2,2,CCTTGCTTACCGACACCCGG,0,72222
TSS_1414_storz_regulondb,0.3333333333333333,2,2,CCTTGCAACTTGTTGTTAGC,0,29403
TSS_1414_storz_regulondb,0.3333333333333333,2,2,CCTTGAGTGTATGCCGTTAA,0,79950
TSS_1414_storz_regulondb,0.3333333333333333,2,2,CCTTCTGTTCAGGCTTAGCA,0,15631
TSS_1414_storz_regulondb,0.3333333333333333,2,2,CCTTCGTACGCGTGCGCGGG,0,28184
TSS_1414_storz_regulondb,0.3333333333333333,2,2,CCTTAGACGTCTAAAGCGAG,0,25911
TSS_1414_storz_regulondb,0.3333333333333333,2,2,CCTGTTGAGCGTGGACTACA,0,50158
TSS_1414_storz_regulondb,0.3333333333333333,2,2,CCTGTTATTCTATTGATTTA,0,32692
TSS_1414_storz_regulondb,0.3333333333333333,2,2,CCTGTGTAGTACGTACGAGG,0,22734
TSS_1414_storz_regulondb,0.3333333333333333,2,2,CCTGTCGCCCGGCAGACCCA,0,26389
TSS_1414_storz_regulondb,0.3333333333333333,2,2,CCTGGTCGTGGACGAATGAG,0,7094
TSS_1414_storz_regulondb,0.3333333333333333,2,2,CCTGGCTGCTTGTGCAGGTG,0,58896
TSS_1414_storz_regulondb,0.3333333333333333,2,2,CCTGGATCCAGGTACACGTC,0,23405
TSS_1414_storz_regulondb,0.3333333333333333,2,2,CCTGGAGATAGGTACAATAA,0,56524
TSS_1414_storz_regulondb,0.3333333333333333,2,2,CCTGAAGGAAAAGTTGGTTA,0,3581
TSS_1414_storz_regulondb,0.3333333333333333,2,2,CCTCTTGGTCTCAATCAGCC,0,50661
TSS_1414_storz_regulondb,0.3333333333333333,2,2,CCTCTGAGTTAATTATAAGG,0,77938
TSS_1414_storz_regulondb,0.3333333333333333,2,2,CCTCTGAACATATCAGTGTT,0,50896
TSS_1414_storz_regulondb,0.3333333333333333,2,2,CCTCTCTAGAAATTCGTTAG,0,34314
TSS_1414_storz_regulondb,0.3333333333333333,2,2,CCTCTACTGGGCCAGTACGG,0,56357
TSS_1414_storz_regulondb,0.3333333333333333,2,2,CCTCGGTGGGTTGGGTAAGA,0,26997
TSS_1414_storz_regulondb,0.3333333333333333,2,2,CCTCGGAAACCTGCTTAGCC,0,52031
TSS_1414_storz_regulondb,0.3333333333333333,2,2,CCTCGATATTAGGTATGTTG,0,30467
TSS_1414_storz_regulondb,0.3333333333333333,2,2,CCTCCCCGGACAAGGATTAG,0,52504
TSS_1414_storz_regulondb,0.3333333333333333,2,2,CCTCCACCGCCCACGGAGGG,0,69327
TSS_1414_storz_regulondb,0.3333333333333333,2,2,CCTCAGGGGAGCAGTGTACC,0,48612
TSS_1414_storz_regulondb,0.3333333333333333,2,2,CCTCAGACGCTGCGTCAAAC,0,36209
TSS_1414_storz_regulondb,0.3333333333333333,2,2,CCTCAGAAGTACGTGGCAAT,0,33997
TSS_1414_storz_regulondb,0.3333333333333333,2,2,CCTCACGCACGCGCGTCTCC,0,48315
TSS_1414_storz_regulondb,0.3333333333333333,2,2,CCTATCGTGACACCGAATGA,0,66174
TSS_1414_storz_regulondb,0.3333333333333333,2,2,CCTATAAATGCAGCAACATA,0,42833
TSS_1414_storz_regulondb,0.3333333333333333,2,2,CCTATAAACATTGCTATTGA,0,31910
TSS_1414_storz_regulondb,0.3333333333333333,2,2,CCTATAAAATATAGGCAACC,0,65740
TSS_1414_storz_regulondb,0.3333333333333333,2,2,CCTAGTATCGTCCAGGTTTC,0,55925
TSS_1414_storz_regulondb,0.3333333333333333,2,2,CCTAGGCCATAGGGCCAGAC,0,51566
TSS_1414_storz_regulondb,0.3333333333333333,2,2,CCTACCTAGTATAACCTTTT,0,25095
TSS_1414_storz_regulondb,0.3333333333333333,2,2,CCTAACCAGCATCCTAGAGC,0,72842
TSS_1414_storz_regulondb,0.3333333333333333,2,2,CCTAAAGTACCTGTTCGATA,0,28907
TSS_1414_storz_regulondb,0.3333333333333333,2,2,CCTAAAATATGTCAAGTGCT,0,61152
TSS_1414_storz_regulondb,0.3333333333333333,2,2,CCGTTGAGGGGGTACCTTCT,0,64167
TSS_1414_storz_regulondb,0.3333333333333333,2,2,CCGTGGAACGGTATCGGTAT,0,13403
TSS_1414_storz_regulondb,0.3333333333333333,2,2,CCGTCCTTGGTTCTCCCCAG,0,38052
TSS_1414_storz_regulondb,0.3333333333333333,2,2,CCGTCATCGTGACTTGCGTG,0,34676
TSS_1414_storz_regulondb,0.3333333333333333,2,2,CCGTAGAGCTGAATTCGGAT,0,38559
TSS_1414_storz_regulondb,0.3333333333333333,2,2,CCGTACCTTTAAAGTTGCGA,0,3868
TSS_1414_storz_regulondb,0.3333333333333333,2,2,CCGTACCAGCTTTCGTAGGC,0,39619
TSS_1414_storz_regulondb,0.3333333333333333,2,2,CCGGTTGACTGGATCCGTCG,0,66967
TSS_1414_storz_regulondb,0.3333333333333333,2,2,CCGGTTATAGGCATGGTTAG,0,23854
TSS_1414_storz_regulondb,0.3333333333333333,2,2,CCGGTGGTAGGCGAGGTCCC,0,27296
TSS_1414_storz_regulondb,0.3333333333333333,2,2,CCGGGGCGTATATAAAGTGT,0,56409
TSS_1414_storz_regulondb,0.3333333333333333,2,2,CCGGGCACGTGGTTACCTGC,0,78968
TSS_1414_storz_regulondb,0.3333333333333333,2,2,CCGGGACCTCTGCCTTCAAA,0,49202
TSS_1414_storz_regulondb,0.3333333333333333,2,2,CCGGCCTTACTAGGCCCTTC,0,48067
TSS_1414_storz_regulondb,0.3333333333333333,2,2,CCGGCCCATGTATCCCTGAG,0,4213
TSS_1414_storz_regulondb,0.3333333333333333,2,2,CCGGAGTACATCAGGCCCCG,0,28875
TSS_1414_storz_regulondb,0.3333333333333333,2,2,CCGGAAACCCGTATGCGCCT,0,6397
TSS_1414_storz_regulondb,0.3333333333333333,2,2,CCGCTTAGAGTGTGGTTTCG,0,18473
TSS_1414_storz_regulondb,0.3333333333333333,2,2,CCGCTGGGCATATAGCCGTC,0,72760
TSS_1414_storz_regulondb,0.3333333333333333,2,2,CCGCTCGCCTGAAGTTAGAG,0,5672
TSS_1414_storz_regulondb,0.3333333333333333,2,2,CCGCGTTGTGTGTGGGCGCT,0,38784
TSS_1414_storz_regulondb,0.3333333333333333,2,2,CCGCGGGACGGCCACTATTC,0,25038
TSS_1414_storz_regulondb,0.3333333333333333,2,2,CCGCGAGCCTTAGGCAGGTA,0,9934
TSS_1414_storz_regulondb,0.3333333333333333,2,2,CCGCCGTCCTGCGACTCCGT,0,59258
TSS_1414_storz_regulondb,0.3333333333333333,2,2,CCGCCGGTCTAGGTCGTTGG,0,18475
TSS_1414_storz_regulondb,0.3333333333333333,2,2,CCGATTTCGTCGGACTGTTG,0,24173
TSS_1414_storz_regulondb,0.3333333333333333,2,2,CCGAGCGCTCACGTTATCCT,0,2618
TSS_1414_storz_regulondb,0.3333333333333333,2,2,CCGAATCACGTAGTTAGGTT,0,37434
TSS_1414_storz_regulondb,0.3333333333333333,2,2,CCGAAGGGTACAGATAATCT,0,46819
TSS_1414_storz_regulondb,0.3333333333333333,2,2,CCGAACGGTAACGTTCACAG,0,74342
TSS_1414_storz_regulondb,0.3333333333333333,2,2,CCGAAAGTTCGCGGTAGTTG,0,48131
TSS_1414_storz_regulondb,0.3333333333333333,2,2,CCCTTGATGAAGAGACTTTT,0,24023
TSS_1414_storz_regulondb,0.3333333333333333,2,2,CCCTTACTCATCGCGCGCAA,0,5020
TSS_1414_storz_regulondb,0.3333333333333333,2,2,CCCTTACGACGCGGCTCGCC,0,59282
TSS_1414_storz_regulondb,0.3333333333333333,2,2,CCCTCTTTACGATACATCCC,0,6038
TSS_1414_storz_regulondb,0.3333333333333333,2,2,CCCTCCCCCGTCTTTATCGG,0,223
TSS_1414_storz_regulondb,0.3333333333333333,2,2,CCCTCCCACCTATCCTATTA,0,39618
TSS_1414_storz_regulondb,0.3333333333333333,2,2,CCCTATCATCAGAGCCCTCG,0,5376
TSS_1414_storz_regulondb,0.3333333333333333,2,2,CCCTACCTCGGAATTCACCG,0,32355
TSS_1414_storz_regulondb,0.3333333333333333,2,2,CCCGTGGTTTAAACCTCCTG,0,54161
TSS_1414_storz_regulondb,0.3333333333333333,2,2,CCCGTGGTTCAACGAGCCGT,0,67176
TSS_1414_storz_regulondb,0.3333333333333333,2,2,CCCGTCCTCCGACTTTTATA,0,47282
TSS_1414_storz_regulondb,0.3333333333333333,2,2,CCCGTAGGTTAGCTCTAGTT,0,50096
TSS_1414_storz_regulondb,0.3333333333333333,2,2,CCCGTAAGGGGTGTCTAGCG,0,45367
TSS_1414_storz_regulondb,0.3333333333333333,2,2,CCCGGACCTGAAGGTCTCTT,0,63528
TSS_1414_storz_regulondb,0.3333333333333333,2,2,CCCGCTTGAAACCGCAACGC,0,32677
TSS_1414_storz_regulondb,0.3333333333333333,2,2,CCCGCTGGCACTAATCGATC,0,5528
TSS_1414_storz_regulondb,0.3333333333333333,2,2,CCCGAGTGGGACAGCGTTAC,0,65574
TSS_1414_storz_regulondb,0.3333333333333333,2,2,CCCGACCACAACCTTGGTCA,0,1377
TSS_1414_storz_regulondb,0.3333333333333333,2,2,CCCGAAAAACGAACTCCGGC,0,65927
TSS_1414_storz_regulondb,0.3333333333333333,2,2,CCCCGGATGACGTAACACAC,0,56914
TSS_1414_storz_regulondb,0.3333333333333333,2,2,CCCCGATAGTGCTGACTCTA,0,4223
TSS_1414_storz_regulondb,0.3333333333333333,2,2,CCCCAGTTTATTGAATCCAG,0,68381
TSS_1414_storz_regulondb,0.3333333333333333,2,2,CCCCAGTAATGATCTCTGCC,0,1755
TSS_1414_storz_regulondb,0.3333333333333333,2,2,CCCATTTCAGCCACTGTTTC,0,63369
TSS_1414_storz_regulondb,0.3333333333333333,2,2,CCCATCGCACAAGATGTCTA,0,72626
TSS_1414_storz_regulondb,0.3333333333333333,2,2,CCCATAAGCGAGTTACGATT,0,37733
TSS_1414_storz_regulondb,0.3333333333333333,2,2,CCCAGTCTCCGCCCCCCTTA,0,45005
TSS_1414_storz_regulondb,0.3333333333333333,2,2,CCCAGGTCAAAAGTCTTCGT,0,75356
TSS_1414_storz_regulondb,0.3333333333333333,2,2,CCCAGGATGAACGTAGCAAA,0,26151
TSS_1414_storz_regulondb,0.3333333333333333,2,2,CCCAGAGTACCTGACTTTTG,0,58984
TSS_1414_storz_regulondb,0.3333333333333333,2,2,CCCACGGAGGAAGCGAGATA,0,16142
TSS_1414_storz_regulondb,0.3333333333333333,2,2,CCCACCCATTAGCGCTCTGT,0,69700
TSS_1414_storz_regulondb,0.3333333333333333,2,2,CCCAATCCCGGTGCAGCCAA,0,22301
TSS_1414_storz_regulondb,0.3333333333333333,2,2,CCCAAGGGAAATGATACGGA,0,37272
TSS_1414_storz_regulondb,0.3333333333333333,2,2,CCCAAGAGGTTTGCAAACTC,0,21261
TSS_1414_storz_regulondb,0.3333333333333333,2,2,CCCAAACGGCCTAGCGACTC,0,31828
TSS_1414_storz_regulondb,0.3333333333333333,2,2,CCATTTAACAACGCATGCTC,0,8015
TSS_1414_storz_regulondb,0.3333333333333333,2,2,CCATTCCGAACCGGATGCTA,0,73635
TSS_1414_storz_regulondb,0.3333333333333333,2,2,CCATTCCACTATCTCAGTCT,0,46508
TSS_1414_storz_regulondb,0.3333333333333333,2,2,CCATGATGACGAGCGACTCA,0,22917
TSS_1414_storz_regulondb,0.3333333333333333,2,2,CCATATCGCATGGTTGTAAA,0,2513
TSS_1414_storz_regulondb,0.3333333333333333,2,2,CCATATCATACGTGCGGCTA,0,8137
TSS_1414_storz_regulondb,0.3333333333333333,2,2,CCATATATGTGATCTCTTGA,0,62220
TSS_1414_storz_regulondb,0.3333333333333333,2,2,CCATAGTACTGTCCCGCGGA,0,80033
TSS_1414_storz_regulondb,0.3333333333333333,2,2,CCATAGGGGAATACTGGCTG,0,22529
TSS_1414_storz_regulondb,0.3333333333333333,2,2,CCATAATGACCAAACTCAAT,0,41995
TSS_1414_storz_regulondb,0.3333333333333333,2,2,CCAGTCTGCCTCCTGGCTCA,0,78323
TSS_1414_storz_regulondb,0.3333333333333333,2,2,CCAGTCTCAGTGCTGAGTTC,0,79138
TSS_1414_storz_regulondb,0.3333333333333333,2,2,CCAGTCTACTCATTACACTG,0,8432
TSS_1414_storz_regulondb,0.3333333333333333,2,2,CCAGGTGAAAGCGAGTAGTA,0,48588
TSS_1414_storz_regulondb,0.3333333333333333,2,2,CCAGGGTCTCGAGCAGTCGG,0,60534
TSS_1414_storz_regulondb,0.3333333333333333,2,2,CCAGGCTACCAGTACAATCT,0,1037
TSS_1414_storz_regulondb,0.3333333333333333,2,2,CCAGGCACGAAGAAGTAAGT,0,78619
TSS_1414_storz_regulondb,0.3333333333333333,2,2,CCAGCTATGCCTGTCAATGA,0,53188
TSS_1414_storz_regulondb,0.3333333333333333,2,2,CCAGCCGTCACTCGTCCAAT,0,49040
TSS_1414_storz_regulondb,0.3333333333333333,2,2,CCAGACATTCCGGGTGTGGT,0,36966
TSS_1414_storz_regulondb,0.3333333333333333,2,2,CCACTGGGTTCGGGGGGGGG,0,66337
TSS_1414_storz_regulondb,0.3333333333333333,2,2,CCACTGACACCGTGGGAGGG,0,15406
TSS_1414_storz_regulondb,0.3333333333333333,2,2,CCACGGTTGACAATCAAGAA,0,2949
TSS_1414_storz_regulondb,0.3333333333333333,2,2,CCACGGCGAACCATGTCACT,0,11682
TSS_1414_storz_regulondb,0.3333333333333333,2,2,CCACCGAATTACTAACTCAC,0,73946
TSS_1414_storz_regulondb,0.3333333333333333,2,2,CCACCCGTGAATAGTAGGCG,0,3456
TSS_1414_storz_regulondb,0.3333333333333333,2,2,CCACCATTTGCCGTTCTCAT,0,38834
TSS_1414_storz_regulondb,0.3333333333333333,2,2,CCACACGGTCGTGTTGATAC,0,36953
TSS_1414_storz_regulondb,0.3333333333333333,2,2,CCACACAAGAACGAGGCTCC,0,3739
TSS_1414_storz_regulondb,0.3333333333333333,2,2,CCACAATTCACCACGAGTTA,0,52029
TSS_1414_storz_regulondb,0.3333333333333333,2,2,CCAATTGGAGGTAATCAATC,0,13791
TSS_1414_storz_regulondb,0.3333333333333333,2,2,CCAATTCATAAGGAACCCCT,0,36728
TSS_1414_storz_regulondb,0.3333333333333333,2,2,CCAATGATTGCAATATGTCC,0,834
TSS_1414_storz_regulondb,0.3333333333333333,2,2,CCAACGTCAGGTACCTATGT,0,61170
TSS_1414_storz_regulondb,0.3333333333333333,2,2,CCAAATAATCGGGGGTAAAG,0,48008
TSS_1414_storz_regulondb,0.3333333333333333,2,2,CATTTTACGTCGGTATCTTC,0,53639
TSS_1414_storz_regulondb,0.3333333333333333,2,2,CATTTGGTATTTATCGTTAT,0,44265
TSS_1414_storz_regulondb,0.3333333333333333,2,2,CATTTCTCCTTGATCCTCCA,0,66626
TSS_1414_storz_regulondb,0.3333333333333333,2,2,CATTTATTGAGGCATTTTGG,0,80204
TSS_1414_storz_regulondb,0.3333333333333333,2,2,CATTGTAACAGGAATTTTTT,0,29733
TSS_1414_storz_regulondb,0.3333333333333333,2,2,CATTGCTCGGGGTTACAGAA,0,37306
TSS_1414_storz_regulondb,0.3333333333333333,2,2,CATTGCACTCGTTACTTGCT,0,37728
TSS_1414_storz_regulondb,0.3333333333333333,2,2,CATTAGATAACGTACGGTGG,0,69126
TSS_1414_storz_regulondb,0.3333333333333333,2,2,CATTAGAGGCCAGTGGCCTG,0,45787
TSS_1414_storz_regulondb,0.3333333333333333,2,2,CATGTCGGCCATTCTAGAGT,0,2796
TSS_1414_storz_regulondb,0.3333333333333333,2,2,CATGTACAAGCGTTCCGTGG,0,76194
TSS_1414_storz_regulondb,0.3333333333333333,2,2,CATGGTAGAATCTCGACGGT,0,34606
TSS_1414_storz_regulondb,0.3333333333333333,2,2,CATGGACGGACGGGATACAA,0,70125
TSS_1414_storz_regulondb,0.3333333333333333,2,2,CATGCGGTGGGGGAGACGGC,0,76519
TSS_1414_storz_regulondb,0.3333333333333333,2,2,CATGCGGACTAGGACGCAGT,0,73421
TSS_1414_storz_regulondb,0.3333333333333333,2,2,CATGCGATGTCCATGCCTGG,0,54652
TSS_1414_storz_regulondb,0.3333333333333333,2,2,CATGCAAGATGTCCTTTATC,0,73982
TSS_1414_storz_regulondb,0.3333333333333333,2,2,CATGAGATAGAAAGGAGGGG,0,68284
TSS_1414_storz_regulondb,0.3333333333333333,2,2,CATGAATCATCCTTTAGTAG,0,46975
TSS_1414_storz_regulondb,0.3333333333333333,2,2,CATCTCTAGGCCTCCCCGAG,0,25071
TSS_1414_storz_regulondb,0.3333333333333333,2,2,CATCGTAAACCCGATCTTAA,0,16745
TSS_1414_storz_regulondb,0.3333333333333333,2,2,CATCGCTTACACATTCTGAT,0,27532
TSS_1414_storz_regulondb,0.3333333333333333,2,2,CATCGCTAGTGACGCTGACC,0,76260
TSS_1414_storz_regulondb,0.3333333333333333,2,2,CATCGACTGCGCGTCGATGG,0,71443
TSS_1414_storz_regulondb,0.3333333333333333,2,2,CATCCTAAGGCCGAGAAAGG,0,56090
TSS_1414_storz_regulondb,0.3333333333333333,2,2,CATCCCGGATTAGCTGCATA,0,50129
TSS_1414_storz_regulondb,0.3333333333333333,2,2,CATCAACAGAGGGGCACGGA,0,7911
TSS_1414_storz_regulondb,0.3333333333333333,2,2,CATATTCGCGCGGAGAGGAT,0,17765
TSS_1414_storz_regulondb,0.3333333333333333,2,2,CATATGGAAAGAGAGTAAGA,0,11879
TSS_1414_storz_regulondb,0.3333333333333333,2,2,CATATCGGCAAAGGCAGATG,0,48715
TSS_1414_storz_regulondb,0.3333333333333333,2,2,CATATCCATGGACCAAGGAA,0,31443
TSS_1414_storz_regulondb,0.3333333333333333,2,2,CATATAGCGGGATTTTCTGC,0,64409
TSS_1414_storz_regulondb,0.3333333333333333,2,2,CATAGTTGAGGATTCATACG,0,60349
TSS_1414_storz_regulondb,0.3333333333333333,2,2,CATAGCCAAATCACGTGTAT,0,66080
TSS_1414_storz_regulondb,0.3333333333333333,2,2,CATAGATTGCAGTGGAAGGC,0,74746
TSS_1414_storz_regulondb,0.3333333333333333,2,2,CATAGACAATGACTATTTGT,0,68365
TSS_1414_storz_regulondb,0.3333333333333333,2,2,CATACGATGCGTAGTCCGAT,0,32522
TSS_1414_storz_regulondb,0.3333333333333333,2,2,CATACAGCAACTAATTCGGT,0,77841
TSS_1414_storz_regulondb,0.3333333333333333,2,2,CATAATGGGTGTTATGATAG,0,3319
TSS_1414_storz_regulondb,0.3333333333333333,2,2,CATAAGGTGAGGGACAGCGT,0,48445
TSS_1414_storz_regulondb,0.3333333333333333,2,2,CATAAACCTTCTTTGCTCTG,0,56807
TSS_1414_storz_regulondb,0.3333333333333333,2,2,CATAAAACGTTAACGTACGT,0,11977
TSS_1414_storz_regulondb,0.3333333333333333,2,2,CAGTTTGCCGGGGTCGGCGT,0,11860
TSS_1414_storz_regulondb,0.3333333333333333,2,2,CAGTTGCTACTTTGCTGAGG,0,14746
TSS_1414_storz_regulondb,0.3333333333333333,2,2,CAGTGTTTGTCCCCTAGGGC,0,58445
TSS_1414_storz_regulondb,0.3333333333333333,2,2,CAGTGTAAAGTCCATATTCA,0,69725
TSS_1414_storz_regulondb,0.3333333333333333,2,2,CAGTGGATGTTCGTTCGTTA,0,65800
TSS_1414_storz_regulondb,0.3333333333333333,2,2,CAGTGCTATGCGACCCCGCC,0,72879
TSS_1414_storz_regulondb,0.3333333333333333,2,2,CAGTGCTATCTGCTATGTCA,0,79740
TSS_1414_storz_regulondb,0.3333333333333333,2,2,CAGTGAGAGAACCCTGCGAC,0,25421
TSS_1414_storz_regulondb,0.3333333333333333,2,2,CAGTCCTGTTGATAATGCCA,0,63502
TSS_1414_storz_regulondb,0.3333333333333333,2,2,CAGTCCCACCCGGAGCACGC,0,68489
TSS_1414_storz_regulondb,0.3333333333333333,2,2,CAGTAGGACGGACTAACCTT,0,18203
TSS_1414_storz_regulondb,0.3333333333333333,2,2,CAGTAGATCCTTTGTGCTAC,0,42457
TSS_1414_storz_regulondb,0.3333333333333333,2,2,CAGGTTGTTGATTCCACTTA,0,15635
TSS_1414_storz_regulondb,0.3333333333333333,2,2,CAGGTATTTCCATACGGTAC,0,60997
TSS_1414_storz_regulondb,0.3333333333333333,2,2,CAGGTAATACTGCTGATTTG,0,78824
TSS_1414_storz_regulondb,0.3333333333333333,2,2,CAGGTAAGTTACTGTTCGTA,0,30083
TSS_1414_storz_regulondb,0.3333333333333333,2,2,CAGGGTGGTTCTCAAATCTA,0,73468
TSS_1414_storz_regulondb,0.3333333333333333,2,2,CAGGGTATTTGGACCTTAAA,0,68203
TSS_1414_storz_regulondb,0.3333333333333333,2,2,CAGGGGTCCCCAAATCCGAA,0,3698
TSS_1414_storz_regulondb,0.3333333333333333,2,2,CAGGATCCACAGGTCTGCGT,0,20874
TSS_1414_storz_regulondb,0.3333333333333333,2,2,CAGGACCTCTTCTGTATAAG,0,52942
TSS_1414_storz_regulondb,0.3333333333333333,2,2,CAGGAATCCACACCGCACGT,0,45337
TSS_1414_storz_regulondb,0.3333333333333333,2,2,CAGCTGCTGATACACGGGCT,0,20304
TSS_1414_storz_regulondb,0.3333333333333333,2,2,CAGCTCTCAGTCGCTTCGAA,0,38411
TSS_1414_storz_regulondb,0.3333333333333333,2,2,CAGCTCCGGGGCTGTCAGCT,0,72195
TSS_1414_storz_regulondb,0.3333333333333333,2,2,CAGCTAAATTGTATGCGATA,0,53765
TSS_1414_storz_regulondb,0.3333333333333333,2,2,CAGCTAAATAACAACGGCCA,0,41407
TSS_1414_storz_regulondb,0.3333333333333333,2,2,CAGCCTTCACTGCTTGGAGG,0,70530
TSS_1414_storz_regulondb,0.3333333333333333,2,2,CAGCCTCTAAACGCCAATAG,0,70777
TSS_1414_storz_regulondb,0.3333333333333333,2,2,CAGCCGCTAAGGTATTTGGG,0,32985
TSS_1414_storz_regulondb,0.3333333333333333,2,2,CAGCCCTGTGGACCTGGCGC,0,36350
TSS_1414_storz_regulondb,0.3333333333333333,2,2,CAGCCCTGTATAGCAAGAAT,0,70606
TSS_1414_storz_regulondb,0.3333333333333333,2,2,CAGCATACCCTTGTTTAGCT,0,13166
TSS_1414_storz_regulondb,0.3333333333333333,2,2,CAGCAGCTGCCATTTGAAAG,0,9
TSS_1414_storz_regulondb,0.3333333333333333,2,2,CAGCAAGATGCCCATAGATT,0,19243
TSS_1414_storz_regulondb,0.3333333333333333,2,2,CAGATCTGGTGCACTAGCGT,0,70893
TSS_1414_storz_regulondb,0.3333333333333333,2,2,CAGATCTCGATAAGGCCGAT,0,78173
TSS_1414_storz_regulondb,0.3333333333333333,2,2,CAGAGTGCCCGGGGTAATGC,0,55121
TSS_1414_storz_regulondb,0.3333333333333333,2,2,CAGAGCTCCGTGCAACTAGA,0,54758
TSS_1414_storz_regulondb,0.3333333333333333,2,2,CAGAAGGGGCTTTGACCCAC,0,80756
TSS_1414_storz_regulondb,0.3333333333333333,2,2,CACTTTTGCTCGACTAGCCG,0,27367
TSS_1414_storz_regulondb,0.3333333333333333,2,2,CACTTGTGATCGGGGACACG,0,13604
TSS_1414_storz_regulondb,0.3333333333333333,2,2,CACTTAGCCACCCCGTCCGA,0,41846
TSS_1414_storz_regulondb,0.3333333333333333,2,2,CACTTAATACAGCAGTCGGA,0,2850
TSS_1414_storz_regulondb,0.3333333333333333,2,2,CACTGGTCCGGTGTTCCTGA,0,24468
TSS_1414_storz_regulondb,0.3333333333333333,2,2,CACTCGACGTTCCATTAAGG,0,77034
TSS_1414_storz_regulondb,0.3333333333333333,2,2,CACTAGCAGTTTCATAATGG,0,41097
TSS_1414_storz_regulondb,0.3333333333333333,2,2,CACTACCAGGGCCGCCAGGA,0,59058
TSS_1414_storz_regulondb,0.3333333333333333,2,2,CACTACAACGAGGTTGAACA,0,45084
TSS_1414_storz_regulondb,0.3333333333333333,2,2,CACGTGTGACACCATCTGCA,0,45054
TSS_1414_storz_regulondb,0.3333333333333333,2,2,CACGGGGCCATGACTACTCT,0,22240
TSS_1414_storz_regulondb,0.3333333333333333,2,2,CACGGGCAAGGAGCGTTATG,0,52814
TSS_1414_storz_regulondb,0.3333333333333333,2,2,CACGGCATAGGGCTGTTGTG,0,77187
TSS_1414_storz_regulondb,0.3333333333333333,2,2,CACGCTAGGCTAGCTTGGGA,0,31837
TSS_1414_storz_regulondb,0.3333333333333333,2,2,CACGCGGACTCGATCCCATC,0,40987
TSS_1414_storz_regulondb,0.3333333333333333,2,2,CACGCACCAACTAGGTCACC,0,30673
TSS_1414_storz_regulondb,0.3333333333333333,2,2,CACGAGAGAGTGAGAGTATA,0,61612
TSS_1414_storz_regulondb,0.3333333333333333,2,2,CACCGTCCTAGGGGAAGATT,0,4294
TSS_1414_storz_regulondb,0.3333333333333333,2,2,CACCGGCTAAGACTGTATAC,0,4499
TSS_1414_storz_regulondb,0.3333333333333333,2,2,CACCCCGACTATAGAGATAC,0,41741
TSS_1414_storz_regulondb,0.3333333333333333,2,2,CACCCAACAGAGCATATGGA,0,27689
TSS_1414_storz_regulondb,0.3333333333333333,2,2,CACCAGGACATAGTAGATAC,0,70976
TSS_1414_storz_regulondb,0.3333333333333333,2,2,CACCAATCGGTGCGAAATTA,0,6203
TSS_1414_storz_regulondb,0.3333333333333333,2,2,CACATTGTGTGAGTGGACAT,0,65016
TSS_1414_storz_regulondb,0.3333333333333333,2,2,CACATTGGCCTAATCAAGAC,0,64733
TSS_1414_storz_regulondb,0.3333333333333333,2,2,CACATGCCCTCGTTCATAAT,0,16281
TSS_1414_storz_regulondb,0.3333333333333333,2,2,CACATCTTTCGAATAGAGAA,0,63307
TSS_1414_storz_regulondb,0.3333333333333333,2,2,CACATACTAGCAAAAAAGGA,0,43195
TSS_1414_storz_regulondb,0.3333333333333333,2,2,CACATAAGGTTCAAATGCTT,0,411
TSS_1414_storz_regulondb,0.3333333333333333,2,2,CACAGCACCTCTGTCCCCTA,0,16363
TSS_1414_storz_regulondb,0.3333333333333333,2,2,CACACTCAATTCCAATCGTA,0,77189
TSS_1414_storz_regulondb,0.3333333333333333,2,2,CACACGCTGACGTAAACTGG,0,33217
TSS_1414_storz_regulondb,0.3333333333333333,2,2,CACACGCAGACTGGCCGTCA,0,12779
TSS_1414_storz_regulondb,0.3333333333333333,2,2,CACACCGCCCTAACGTGGTT,0,28472
TSS_1414_storz_regulondb,0.3333333333333333,2,2,CACACATGGGAGAGTAATGC,0,46151
TSS_1414_storz_regulondb,0.3333333333333333,2,2,CACAAGGAGATCCTGTAACC,0,53622
TSS_1414_storz_regulondb,0.3333333333333333,2,2,CACAACCAATCAGTGGTTAG,0,18260
TSS_1414_storz_regulondb,0.3333333333333333,2,2,CAATGGTACCAACATTTGCG,0,48528
TSS_1414_storz_regulondb,0.3333333333333333,2,2,CAATCGACTGAATATCAGCC,0,67893
TSS_1414_storz_regulondb,0.3333333333333333,2,2,CAATCCTAATGTCGGTCATA,0,50214
TSS_1414_storz_regulondb,0.3333333333333333,2,2,CAATATTTGTTGATCTTGGA,0,57283
TSS_1414_storz_regulondb,0.3333333333333333,2,2,CAATACCGCGCCCGTGCGAC,0,13813
TSS_1414_storz_regulondb,0.3333333333333333,2,2,CAAGTGAAGCTGTAACACTA,0,4124
TSS_1414_storz_regulondb,0.3333333333333333,2,2,CAAGTCAACGTCATTTGCTG,0,36365
TSS_1414_storz_regulondb,0.3333333333333333,2,2,CAAGTATTGGCAAGCCCATT,0,46072
TSS_1414_storz_regulondb,0.3333333333333333,2,2,CAAGTACAGAAAGTTCTGAG,0,50225
TSS_1414_storz_regulondb,0.3333333333333333,2,2,CAAGGAGATATCGCTAGCGC,0,43515
TSS_1414_storz_regulondb,0.3333333333333333,2,2,CAAGCTCACGCAACGGTAGA,0,67280
TSS_1414_storz_regulondb,0.3333333333333333,2,2,CAAGAGTTAATTCAGTAACA,0,41346
TSS_1414_storz_regulondb,0.3333333333333333,2,2,CAAGAGGACTTCGTCGGTAA,0,47673
TSS_1414_storz_regulondb,0.3333333333333333,2,2,CAAGACGGGATTGAGGCATT,0,63139
TSS_1414_storz_regulondb,0.3333333333333333,2,2,CAACTGACGGCGCATTTTGA,0,46312
TSS_1414_storz_regulondb,0.3333333333333333,2,2,CAACGCGCCTCATATATGGA,0,10716
TSS_1414_storz_regulondb,0.3333333333333333,2,2,CAACCTTGGCGGGTACAGAT,0,60661
TSS_1414_storz_regulondb,0.3333333333333333,2,2,CAACCATTTAACTTACGTTT,0,29551
TSS_1414_storz_regulondb,0.3333333333333333,2,2,CAAATTACGGGCAGAGGGGT,0,18720
TSS_1414_storz_regulondb,0.3333333333333333,2,2,CAAATCCCGCGCATCCTGTA,0,8560
TSS_1414_storz_regulondb,0.3333333333333333,2,2,CAAAGTTGCGTACTAAAGCA,0,75805
TSS_1414_storz_regulondb,0.3333333333333333,2,2,CAAAGGTTTGCTTTACGCGA,0,47605
TSS_1414_storz_regulondb,0.3333333333333333,2,2,CAAAGGAAGTAGGAGTTCAC,0,19187
TSS_1414_storz_regulondb,0.3333333333333333,2,2,CAAAGCACGAGCGTCAGTCG,0,29460
TSS_1414_storz_regulondb,0.3333333333333333,2,2,CAAACTCGCTTCAGATATTG,0,4083
TSS_1414_storz_regulondb,0.3333333333333333,2,2,CAAACCCCGGGAGGGATACA,0,9966
TSS_1414_storz_regulondb,0.3333333333333333,2,2,CAAAATTGTCACAAGAGAAT,0,67687
TSS_1414_storz_regulondb,0.3333333333333333,2,2,CAAAATAGGCTGGAGTTTTT,0,52978
TSS_1414_storz_regulondb,0.3333333333333333,2,2,CAAAAGAGAGCCCAGTGAGG,0,45711
TSS_1414_storz_regulondb,0.3333333333333333,2,2,CAAAAAATCGTTGCCACCAC,0,51254
TSS_1414_storz_regulondb,0.3333333333333333,2,2,ATTTTTCGTTTGTACCAATA,0,13642
TSS_1414_storz_regulondb,0.3333333333333333,2,2,ATTTTGGGAAATCAAAAATA,0,44011
TSS_1414_storz_regulondb,0.3333333333333333,2,2,ATTTTGCAACGGGGGCTAGC,0,31145
TSS_1414_storz_regulondb,0.3333333333333333,2,2,ATTTTGATGGCTGCGAAGCA,0,45454
TSS_1414_storz_regulondb,0.3333333333333333,2,2,ATTTTGATATGGATCGCAGC,0,43843
TSS_1414_storz_regulondb,0.3333333333333333,2,2,ATTTTAGAGCTGTAGGGACG,0,24560
TSS_1414_storz_regulondb,0.3333333333333333,2,2,ATTTTACCGAGGAAATCTCC,0,46833
TSS_1414_storz_regulondb,0.3333333333333333,2,2,ATTTGCGTTTGATATTGGCG,0,16261
TSS_1414_storz_regulondb,0.3333333333333333,2,2,ATTTGATAGCGCCCAACCGA,0,72847
TSS_1414_storz_regulondb,0.3333333333333333,2,2,ATTTGACTCTCTCGCCCATT,0,81072
TSS_1414_storz_regulondb,0.3333333333333333,2,2,ATTTGAATTGGTATATCGCG,0,27461
TSS_1414_storz_regulondb,0.3333333333333333,2,2,ATTTCTAGTCGTACACTTTG,0,19318
TSS_1414_storz_regulondb,0.3333333333333333,2,2,ATTTCGCATCTTCCAGGAAT,0,17704
TSS_1414_storz_regulondb,0.3333333333333333,2,2,ATTTCACGGCGGTTGAACTT,0,70276
TSS_1414_storz_regulondb,0.3333333333333333,2,2,ATTTAATTAAGACGACTTAC,0,80421
TSS_1414_storz_regulondb,0.3333333333333333,2,2,ATTGTGGCTTAGAGAAGTAC,0,45123
TSS_1414_storz_regulondb,0.3333333333333333,2,2,ATTGTCCCAAGCTTGCGTGT,0,43696
TSS_1414_storz_regulondb,0.3333333333333333,2,2,ATTGTATACCACTTTCAGAT,0,47794
TSS_1414_storz_regulondb,0.3333333333333333,2,2,ATTGGTTAATTGGTCTGTCA,0,46881
TSS_1414_storz_regulondb,0.3333333333333333,2,2,ATTGATGCTTGGACCGATAA,0,3024
TSS_1414_storz_regulondb,0.3333333333333333,2,2,ATTGATGCGATATTCGTATC,0,6778
TSS_1414_storz_regulondb,0.3333333333333333,2,2,ATTGATCAGCGAATTTTCAG,0,14461
TSS_1414_storz_regulondb,0.3333333333333333,2,2,ATTGAGGCGCTCCGACTGAG,0,37274
TSS_1414_storz_regulondb,0.3333333333333333,2,2,ATTGACTATAGCGCAACACA,0,61017
TSS_1414_storz_regulondb,0.3333333333333333,2,2,ATTGACGTAACTATTCTAGT,0,80568
TSS_1414_storz_regulondb,0.3333333333333333,2,2,ATTGACGACGTATTCAATAG,0,44187
TSS_1414_storz_regulondb,0.3333333333333333,2,2,ATTGAATTAGAGATTCCGGA,0,13164
TSS_1414_storz_regulondb,0.3333333333333333,2,2,ATTCTTTAAGGTTCACTGTC,0,64433
TSS_1414_storz_regulondb,0.3333333333333333,2,2,ATTCTAAATTAGGTATTTGT,0,9095
TSS_1414_storz_regulondb,0.3333333333333333,2,2,ATTCGTATCTTGACGAGGTC,0,31135
TSS_1414_storz_regulondb,0.3333333333333333,2,2,ATTCCTTGAGTAACCTGGGC,0,40853
TSS_1414_storz_regulondb,0.3333333333333333,2,2,ATTCCTCTTGGTTAGAATGT,0,55606
TSS_1414_storz_regulondb,0.3333333333333333,2,2,ATTCCCTGGTAGGATATCTT,0,21913
TSS_1414_storz_regulondb,0.3333333333333333,2,2,ATTCCACCGCGTGGATTTAT,0,70621
TSS_1414_storz_regulondb,0.3333333333333333,2,2,ATTCATTAGGCCAAGAGCTT,0,63177
TSS_1414_storz_regulondb,0.3333333333333333,2,2,ATTCATGCAGAAAGCCCTGT,0,17790
TSS_1414_storz_regulondb,0.3333333333333333,2,2,ATTCAGTAGTTTGTGTTGTA,0,60989
TSS_1414_storz_regulondb,0.3333333333333333,2,2,ATTCAATGGACTGGGGTGCC,0,1136
TSS_1414_storz_regulondb,0.3333333333333333,2,2,ATTCAAAATTAAAAGATAAA,0,52682
TSS_1414_storz_regulondb,0.3333333333333333,2,2,ATTATGGAGGAATACGAGTT,0,39007
TSS_1414_storz_regulondb,0.3333333333333333,2,2,ATTATGCGTCTACCCCGATC,0,20369
TSS_1414_storz_regulondb,0.3333333333333333,2,2,ATTAGTGTAGACCCCGGTCT,0,3985
TSS_1414_storz_regulondb,0.3333333333333333,2,2,ATTAGCGTTACAGACTAACC,0,26308
TSS_1414_storz_regulondb,0.3333333333333333,2,2,ATTAGCCGGGGAGTCAAGGA,0,74641
TSS_1414_storz_regulondb,0.3333333333333333,2,2,ATTACTTTTTAGACCCCAGA,0,42168
TSS_1414_storz_regulondb,0.3333333333333333,2,2,ATTACTCCAGCATTCTTGCG,0,76962
TSS_1414_storz_regulondb,0.3333333333333333,2,2,ATTACTATGTCGAATTCTCT,0,20365
TSS_1414_storz_regulondb,0.3333333333333333,2,2,ATTACTAATGGCAAGGTCCA,0,41961
TSS_1414_storz_regulondb,0.3333333333333333,2,2,ATTACGTGTTGCGCAGTGGA,0,69809
TSS_1414_storz_regulondb,0.3333333333333333,2,2,ATTACGGCCGTGTTGTAGGG,0,35168
TSS_1414_storz_regulondb,0.3333333333333333,2,2,ATTACCGGGTTAACCGTCAG,0,55182
TSS_1414_storz_regulondb,0.3333333333333333,2,2,ATTAAGGCGAGGCCATCAAC,0,46648
TSS_1414_storz_regulondb,0.3333333333333333,2,2,ATTAAAGCAGGGGATCGAAC,0,10608
TSS_1414_storz_regulondb,0.3333333333333333,2,2,ATGTTGCCTAGTTCAGATCG,0,54038
TSS_1414_storz_regulondb,0.3333333333333333,2,2,ATGTGGGGAGGTCCCGGACA,0,40947
TSS_1414_storz_regulondb,0.3333333333333333,2,2,ATGTGGGCGTCCGAGTCCTC,0,27654
TSS_1414_storz_regulondb,0.3333333333333333,2,2,ATGTGATGTAGGAGGGGGTC,0,22698
TSS_1414_storz_regulondb,0.3333333333333333,2,2,ATGTGAGGAACATCAAACGA,0,47958
TSS_1414_storz_regulondb,0.3333333333333333,2,2,ATGTGAACGCATGAGTGGTT,0,57306
TSS_1414_storz_regulondb,0.3333333333333333,2,2,ATGTCTTCGCCGCGTCCTGG,0,60805
TSS_1414_storz_regulondb,0.3333333333333333,2,2,ATGTCCGTATTCACCGAGCT,0,77989
TSS_1414_storz_regulondb,0.3333333333333333,2,2,ATGTCCCCAACTATCATGGT,0,39569
TSS_1414_storz_regulondb,0.3333333333333333,2,2,ATGTCATTTAGAGAGAGCAG,0,44668
TSS_1414_storz_regulondb,0.3333333333333333,2,2,ATGTATACGGGGCACGAATC,0,73984
TSS_1414_storz_regulondb,0.3333333333333333,2,2,ATGTAGGTTAAGTGGCGGAC,0,14821
TSS_1414_storz_regulondb,0.3333333333333333,2,2,ATGGTTGAAGAGGACTGCGG,0,70526
TSS_1414_storz_regulondb,0.3333333333333333,2,2,ATGGTGGCGCGGGTTCTCGC,0,52237
TSS_1414_storz_regulondb,0.3333333333333333,2,2,ATGGGTTCTGAAAATGTGGG,0,22850
TSS_1414_storz_regulondb,0.3333333333333333,2,2,ATGGGCGCTTAGAGTCTCGC,0,11124
TSS_1414_storz_regulondb,0.3333333333333333,2,2,ATGGGATTTGGATCCATTAA,0,52168
TSS_1414_storz_regulondb,0.3333333333333333,2,2,ATGGGACGCCTTGATTATAA,0,72954
TSS_1414_storz_regulondb,0.3333333333333333,2,2,ATGGGACCACAGGTACATGT,0,65272
TSS_1414_storz_regulondb,0.3333333333333333,2,2,ATGGCTACATTCTGTAGTGT,0,55534
TSS_1414_storz_regulondb,0.3333333333333333,2,2,ATGGCATACGGTTTCTGTCT,0,36825
TSS_1414_storz_regulondb,0.3333333333333333,2,2,ATGGCAAACCCATCTCCTCA,0,23818
TSS_1414_storz_regulondb,0.3333333333333333,2,2,ATGGATGTACGACTCGGCTG,0,18482
TSS_1414_storz_regulondb,0.3333333333333333,2,2,ATGGATGAATAGTATGTATG,0,27841
TSS_1414_storz_regulondb,0.3333333333333333,2,2,ATGGAATTCCGGGTCATGTA,0,78951
TSS_1414_storz_regulondb,0.3333333333333333,2,2,ATGCTTTTGCATAATGTTGC,0,73784
TSS_1414_storz_regulondb,0.3333333333333333,2,2,ATGCTGTAATGACCTTGTAA,0,7381
TSS_1414_storz_regulondb,0.3333333333333333,2,2,ATGCGTGGGTTATGTGTTAC,0,60322
TSS_1414_storz_regulondb,0.3333333333333333,2,2,ATGCGTGCATTGATTGATCC,0,61679
TSS_1414_storz_regulondb,0.3333333333333333,2,2,ATGCGTCTGTGGTCATCCTA,0,12682
TSS_1414_storz_regulondb,0.3333333333333333,2,2,ATGCGTCACCCAAATATCAG,0,23756
TSS_1414_storz_regulondb,0.3333333333333333,2,2,ATGCGTAGTTTCGTCCCTTT,0,72250
TSS_1414_storz_regulondb,0.3333333333333333,2,2,ATGCGGGCAGCTTATACGGC,0,37948
TSS_1414_storz_regulondb,0.3333333333333333,2,2,ATGCGATTTTAACCCGGTGG,0,31438
TSS_1414_storz_regulondb,0.3333333333333333,2,2,ATGCGATCTTGAGCATTTAG,0,4243
TSS_1414_storz_regulondb,0.3333333333333333,2,2,ATGCCGATTCGCGTCTCTCC,0,39465
TSS_1414_storz_regulondb,0.3333333333333333,2,2,ATGCCATAGTCAGTGCTTAA,0,11769
TSS_1414_storz_regulondb,0.3333333333333333,2,2,ATGCCAGGTCATAACTCATT,0,58066
TSS_1414_storz_regulondb,0.3333333333333333,2,2,ATGCAGGATGCGATGGAACA,0,22268
TSS_1414_storz_regulondb,0.3333333333333333,2,2,ATGCACGGCTATAAAAAGAG,0,3428
TSS_1414_storz_regulondb,0.3333333333333333,2,2,ATGATGTATGGACATATTAT,0,56934
TSS_1414_storz_regulondb,0.3333333333333333,2,2,ATGATGACCTGTGCAATTGA,0,74265
TSS_1414_storz_regulondb,0.3333333333333333,2,2,ATGAGTTGACATCGCGATAC,0,50362
TSS_1414_storz_regulondb,0.3333333333333333,2,2,ATGAGTGTACTTGATAAACA,0,60395
TSS_1414_storz_regulondb,0.3333333333333333,2,2,ATGAGCGACACCCGCGTCCA,0,43008
TSS_1414_storz_regulondb,0.3333333333333333,2,2,ATGAGCAGACGAGGTATTCC,0,17621
TSS_1414_storz_regulondb,0.3333333333333333,2,2,ATGAGAGCAGGCCGCGACGG,0,65055
TSS_1414_storz_regulondb,0.3333333333333333,2,2,ATGACCTTCATTCCAAGATA,0,37630
TSS_1414_storz_regulondb,0.3333333333333333,2,2,ATGACAAAATTATCAAGGTG,0,35286
TSS_1414_storz_regulondb,0.3333333333333333,2,2,ATGAAACTTTGCGCTAGCCG,0,74397
TSS_1414_storz_regulondb,0.3333333333333333,2,2,ATCTTTATTTGAATCCCGTC,0,56392
TSS_1414_storz_regulondb,0.3333333333333333,2,2,ATCTTCCTGCTCAACTTCGT,0,17005
TSS_1414_storz_regulondb,0.3333333333333333,2,2,ATCTGTGGCGATCAGACCAA,0,38053
TSS_1414_storz_regulondb,0.3333333333333333,2,2,ATCTGTGATTGCGTCCGCCA,0,65254
TSS_1414_storz_regulondb,0.3333333333333333,2,2,ATCTGAATCACTGTTCCGAA,0,43622
TSS_1414_storz_regulondb,0.3333333333333333,2,2,ATCTCTCTATGGGACCGTCA,0,7986
TSS_1414_storz_regulondb,0.3333333333333333,2,2,ATCTCAAACGTGGCCATCGC,0,10721
TSS_1414_storz_regulondb,0.3333333333333333,2,2,ATCTATGAGCCATCATTCAA,0,12710
TSS_1414_storz_regulondb,0.3333333333333333,2,2,ATCTATCTGGGTATTTATGA,0,14730
TSS_1414_storz_regulondb,0.3333333333333333,2,2,ATCGGGCGGGGCCGAGGCCT,0,5205
TSS_1414_storz_regulondb,0.3333333333333333,2,2,ATCGGGCAGGGACGGGTACA,0,915
TSS_1414_storz_regulondb,0.3333333333333333,2,2,ATCGGATGTCTTAACTAGAC,0,45512
TSS_1414_storz_regulondb,0.3333333333333333,2,2,ATCGCTGCGTGTGACTCTAC,0,54676
TSS_1414_storz_regulondb,0.3333333333333333,2,2,ATCGCGGTTAATAGTGAGGG,0,62295
TSS_1414_storz_regulondb,0.3333333333333333,2,2,ATCGAGGGTTGGTTGGAGGG,0,69776
TSS_1414_storz_regulondb,0.3333333333333333,2,2,ATCGAATTTTCTCGCGAATT,0,14141
TSS_1414_storz_regulondb,0.3333333333333333,2,2,ATCGAAGTTCGGAGATTAAG,0,79423
TSS_1414_storz_regulondb,0.3333333333333333,2,2,ATCCTCTGTCTTAATTACGA,0,61833
TSS_1414_storz_regulondb,0.3333333333333333,2,2,ATCCTCTCAATCCACCGAGG,0,64697
TSS_1414_storz_regulondb,0.3333333333333333,2,2,ATCCTATGGCAAGTCTGACT,0,73266
TSS_1414_storz_regulondb,0.3333333333333333,2,2,ATCCTAAACTCGTGGAGCTC,0,75746
TSS_1414_storz_regulondb,0.3333333333333333,2,2,ATCCGTTATTCTGTCGGCCA,0,25568
TSS_1414_storz_regulondb,0.3333333333333333,2,2,ATCCGTCTTTGGCTAAACAT,0,58242
TSS_1414_storz_regulondb,0.3333333333333333,2,2,ATCCCCCCCTGGACACTTTC,0,27087
TSS_1414_storz_regulondb,0.3333333333333333,2,2,ATCCCAGTATGCGTTAACCC,0,72056
TSS_1414_storz_regulondb,0.3333333333333333,2,2,ATCCAGCGAACTCAAGTGCA,0,8184
TSS_1414_storz_regulondb,0.3333333333333333,2,2,ATCCACTCTGTGATAAGTGA,0,51627
TSS_1414_storz_regulondb,0.3333333333333333,2,2,ATCCACGGGTGCCTTACAGA,0,45251
TSS_1414_storz_regulondb,0.3333333333333333,2,2,ATCATTGGCACATTTAAGAA,0,42987
TSS_1414_storz_regulondb,0.3333333333333333,2,2,ATCATTCGGTTGCGTAGTTG,0,48324
TSS_1414_storz_regulondb,0.3333333333333333,2,2,ATCATTCGCGGTATCCTCTG,0,375
TSS_1414_storz_regulondb,0.3333333333333333,2,2,ATCATCCAGCTCAGGGCGCT,0,38997
TSS_1414_storz_regulondb,0.3333333333333333,2,2,ATCAGTATGGGTATTGGACT,0,25994
TSS_1414_storz_regulondb,0.3333333333333333,2,2,ATCAGGTCTCTCAGGTAGGG,0,70048
TSS_1414_storz_regulondb,0.3333333333333333,2,2,ATCAGGACCGATATGCTTGT,0,17091
TSS_1414_storz_regulondb,0.3333333333333333,2,2,ATCACGTTTCTCGTTTTTAT,0,67528
TSS_1414_storz_regulondb,0.3333333333333333,2,2,ATCACGCGGACCACGTGTAA,0,35340
TSS_1414_storz_regulondb,0.3333333333333333,2,2,ATCAATCCGCTAACGAGACT,0,54956
TSS_1414_storz_regulondb,0.3333333333333333,2,2,ATCAATATGTTTATCGTTTC,0,35545
TSS_1414_storz_regulondb,0.3333333333333333,2,2,ATCAACACACGTCCCCTCAG,0,18858
TSS_1414_storz_regulondb,0.3333333333333333,2,2,ATCAACACAATGCGAGGCAC,0,32410
TSS_1414_storz_regulondb,0.3333333333333333,2,2,ATATTGTAGATGGGCTGGGA,0,45891
TSS_1414_storz_regulondb,0.3333333333333333,2,2,ATATTATGTGCAGGTGCTGG,0,56853
TSS_1414_storz_regulondb,0.3333333333333333,2,2,ATATTAGGTACATAATTAAG,0,51359
TSS_1414_storz_regulondb,0.3333333333333333,2,2,ATATTACGGTGCGGAGGGTA,0,73152
TSS_1414_storz_regulondb,0.3333333333333333,2,2,ATATTAAAACGTCTCGAATC,0,79184
TSS_1414_storz_regulondb,0.3333333333333333,2,2,ATATGTCCCATGATAGCCCG,0,3870
TSS_1414_storz_regulondb,0.3333333333333333,2,2,ATATGGACTTGGACGGTGTA,0,56867
TSS_1414_storz_regulondb,0.3333333333333333,2,2,ATATGGACGTACGATGAAAC,0,53826
TSS_1414_storz_regulondb,0.3333333333333333,2,2,ATATCTTGGATGGTCAGCGG,0,1621
TSS_1414_storz_regulondb,0.3333333333333333,2,2,ATATCTTAGTTGCGATACGG,0,49558
TSS_1414_storz_regulondb,0.3333333333333333,2,2,ATATCTAGGCTCACACGTGC,0,44428
TSS_1414_storz_regulondb,0.3333333333333333,2,2,ATATCTACCCTATCCTGTCT,0,51139
TSS_1414_storz_regulondb,0.3333333333333333,2,2,ATATCATTAGGAAAGATTCA,0,12870
TSS_1414_storz_regulondb,0.3333333333333333,2,2,ATATAAGTCTAGCTGTAGGT,0,33262
TSS_1414_storz_regulondb,0.3333333333333333,2,2,ATAGTTGCGTCCTCAGGGGA,0,52979
TSS_1414_storz_regulondb,0.3333333333333333,2,2,ATAGGTCCCGTCTCTATCTT,0,34696
TSS_1414_storz_regulondb,0.3333333333333333,2,2,ATAGGCGGTAAGGTAGTATC,0,53851
TSS_1414_storz_regulondb,0.3333333333333333,2,2,ATAGGCAAGCGCTGCAATAA,0,42853
TSS_1414_storz_regulondb,0.3333333333333333,2,2,ATAGGAGAACCTCGCTTTGA,0,73844
TSS_1414_storz_regulondb,0.3333333333333333,2,2,ATAGCTGTACACCTGCAGTT,0,68701
TSS_1414_storz_regulondb,0.3333333333333333,2,2,ATAGCTAATTTTGATGGTTT,0,62185
TSS_1414_storz_regulondb,0.3333333333333333,2,2,ATAGCGCTAGCACTAGCTCT,0,21264
TSS_1414_storz_regulondb,0.3333333333333333,2,2,ATAGCCGTAGCATATAATAA,0,62285
TSS_1414_storz_regulondb,0.3333333333333333,2,2,ATAGCACTCGGCCGAGTCGT,0,22029
TSS_1414_storz_regulondb,0.3333333333333333,2,2,ATAGAACGGCATTTACTACC,0,43730
TSS_1414_storz_regulondb,0.3333333333333333,2,2,ATAGAAACCGAGCCGGTACG,0,56877
TSS_1414_storz_regulondb,0.3333333333333333,2,2,ATACTGATGTTCGACAACGT,0,51970
TSS_1414_storz_regulondb,0.3333333333333333,2,2,ATACTCGCAAGCTGAACGTG,0,24091
TSS_1414_storz_regulondb,0.3333333333333333,2,2,ATACTACGGTTACAGATGCT,0,40352
TSS_1414_storz_regulondb,0.3333333333333333,2,2,ATACTACAGGTAACAAGTAG,0,33422
TSS_1414_storz_regulondb,0.3333333333333333,2,2,ATACGTAAAGTCTGATCGGA,0,23092
TSS_1414_storz_regulondb,0.3333333333333333,2,2,ATACGGTTCTGTGATTTACC,0,56923
TSS_1414_storz_regulondb,0.3333333333333333,2,2,ATACGGGGGGGACGAACAGG,0,51703
TSS_1414_storz_regulondb,0.3333333333333333,2,2,ATACGGGATTGCTAATCGAT,0,18655
TSS_1414_storz_regulondb,0.3333333333333333,2,2,ATACGCCCGACGTAATCTAT,0,37968
TSS_1414_storz_regulondb,0.3333333333333333,2,2,ATACGCCCCCAAAATCCCAC,0,2211
TSS_1414_storz_regulondb,0.3333333333333333,2,2,ATACCGGGGTTCTGGATCTT,0,38047
TSS_1414_storz_regulondb,0.3333333333333333,2,2,ATACATTGTGTTTCAACGAT,0,44675
TSS_1414_storz_regulondb,0.3333333333333333,2,2,ATACAGAGTCACAGCGCCCC,0,64603
TSS_1414_storz_regulondb,0.3333333333333333,2,2,ATACACGTATAACTACTGTA,0,62019
TSS_1414_storz_regulondb,0.3333333333333333,2,2,ATACAAAAAACATGTGCAAG,0,61318
TSS_1414_storz_regulondb,0.3333333333333333,2,2,ATAATTAAGGGCGCAGCTTT,0,53322
TSS_1414_storz_regulondb,0.3333333333333333,2,2,ATAATGAAAGGTGTTTTTAC,0,79986
TSS_1414_storz_regulondb,0.3333333333333333,2,2,ATAATCTTACTCACCTAGCA,0,73140
TSS_1414_storz_regulondb,0.3333333333333333,2,2,ATAATAGCCTTTAAGTAACT,0,38980
TSS_1414_storz_regulondb,0.3333333333333333,2,2,ATAAGGCGCTTTACTAGCCA,0,33420
TSS_1414_storz_regulondb,0.3333333333333333,2,2,ATAAGCTGGAACCGTGAACC,0,11
TSS_1414_storz_regulondb,0.3333333333333333,2,2,ATAAGAGGGTTGGCGATCTC,0,38157
TSS_1414_storz_regulondb,0.3333333333333333,2,2,ATAACTCTCCACCTGTTGAG,0,3193
TSS_1414_storz_regulondb,0.3333333333333333,2,2,ATAACACCGTTGGCTGGCGC,0,39959
TSS_1414_storz_regulondb,0.3333333333333333,2,2,ATAAAGAGAGTTGGCGGGTG,0,58679
TSS_1414_storz_regulondb,0.3333333333333333,2,2,ATAAACTAAATGACTGTGGG,0,21953
TSS_1414_storz_regulondb,0.3333333333333333,2,2,AGTTTTGAAGTCAACGGCTC,0,35657
TSS_1414_storz_regulondb,0.3333333333333333,2,2,AGTTTCTTACCGTATATCTG,0,25033
TSS_1414_storz_regulondb,0.3333333333333333,2,2,AGTTTCTCGCCACGAATGTT,0,12758
TSS_1414_storz_regulondb,0.3333333333333333,2,2,AGTTTAAAAGACGGGTCATT,0,30033
TSS_1414_storz_regulondb,0.3333333333333333,2,2,AGTTGTAAATCGCGGCTTGA,0,59585
TSS_1414_storz_regulondb,0.3333333333333333,2,2,AGTTGGGCTCCGCGGTTCGG,0,4374
TSS_1414_storz_regulondb,0.3333333333333333,2,2,AGTTCATGTATGAATGAGGA,0,9956
TSS_1414_storz_regulondb,0.3333333333333333,2,2,AGTTCAAGCCTTGTTGACGC,0,1302
TSS_1414_storz_regulondb,0.3333333333333333,2,2,AGTTATCGGCCACGTCGCTT,0,21001
TSS_1414_storz_regulondb,0.3333333333333333,2,2,AGTTATAATCAATTAGGGGG,0,64853
TSS_1414_storz_regulondb,0.3333333333333333,2,2,AGTTACCACTAGAAGGGTGA,0,69456
TSS_1414_storz_regulondb,0.3333333333333333,2,2,AGTGTGTGAGTCCGCTAAGG,0,57683
TSS_1414_storz_regulondb,0.3333333333333333,2,2,AGTGTATGCAGATTAAGATG,0,7311
TSS_1414_storz_regulondb,0.3333333333333333,2,2,AGTGGGAAGTTAAACGAATA,0,20185
TSS_1414_storz_regulondb,0.3333333333333333,2,2,AGTGGAATCAACCTTTAACA,0,32105
TSS_1414_storz_regulondb,0.3333333333333333,2,2,AGTGCTTAGTGAACATCGAG,0,77302
TSS_1414_storz_regulondb,0.3333333333333333,2,2,AGTGAAGTTGCGACCTGGTT,0,31738
TSS_1414_storz_regulondb,0.3333333333333333,2,2,AGTGAAACTCACACTGATAC,0,38771
TSS_1414_storz_regulondb,0.3333333333333333,2,2,AGTCTCGTTTTATTAGGTCA,0,73047
TSS_1414_storz_regulondb,0.3333333333333333,2,2,AGTCGTGATCTCAAAGTCCT,0,8358
TSS_1414_storz_regulondb,0.3333333333333333,2,2,AGTCGGACCTACATTCTCCC,0,46398
TSS_1414_storz_regulondb,0.3333333333333333,2,2,AGTCCCCACGAGCTCGGGAA,0,13526
TSS_1414_storz_regulondb,0.3333333333333333,2,2,AGTCCACTCAGCTCCGGTCA,0,5069
TSS_1414_storz_regulondb,0.3333333333333333,2,2,AGTCCAAACGACGGGGGAGA,0,70774
TSS_1414_storz_regulondb,0.3333333333333333,2,2,AGTCATGCTATTTTCAACCA,0,51883
TSS_1414_storz_regulondb,0.3333333333333333,2,2,AGTCAGTTCTTGCCGAGTTC,0,73369
TSS_1414_storz_regulondb,0.3333333333333333,2,2,AGTCACAAGGTCGCCTTCTG,0,25875
TSS_1414_storz_regulondb,0.3333333333333333,2,2,AGTATTGCGTTTGGTGAGGT,0,7010
TSS_1414_storz_regulondb,0.3333333333333333,2,2,AGTATTATCACTCCGGGCAT,0,36415
TSS_1414_storz_regulondb,0.3333333333333333,2,2,AGTAGGGATATATATCTCTT,0,32256
TSS_1414_storz_regulondb,0.3333333333333333,2,2,AGTAGGGAGGATGTGCGAAC,0,77118
TSS_1414_storz_regulondb,0.3333333333333333,2,2,AGTAGACGACCGTAGCTGCT,0,79856
TSS_1414_storz_regulondb,0.3333333333333333,2,2,AGTACAGCGATTAGGAACTT,0,25236
TSS_1414_storz_regulondb,0.3333333333333333,2,2,AGTAATGATGTCTCCCACTT,0,66576
TSS_1414_storz_regulondb,0.3333333333333333,2,2,AGTAAGAAGAACGATTCACT,0,2527
TSS_1414_storz_regulondb,0.3333333333333333,2,2,AGTAAATCAGAGCCATGTTG,0,74513
TSS_1414_storz_regulondb,0.3333333333333333,2,2,AGGTTTTCGCCCAGCAACCC,0,73482
TSS_1414_storz_regulondb,0.3333333333333333,2,2,AGGTTGCTTAGGTGTGAGGT,0,9785
TSS_1414_storz_regulondb,0.3333333333333333,2,2,AGGTTCTAGTCCATCATGGG,0,58544
TSS_1414_storz_regulondb,0.3333333333333333,2,2,AGGTTCTACAACGACGGGAG,0,30401
TSS_1414_storz_regulondb,0.3333333333333333,2,2,AGGTGTGGCCCCAAAAGCCC,0,72264
TSS_1414_storz_regulondb,0.3333333333333333,2,2,AGGTGGCTGGCTGTGTACGT,0,48789
TSS_1414_storz_regulondb,0.3333333333333333,2,2,AGGTGCTTTAGGGCCCGGCA,0,54179
TSS_1414_storz_regulondb,0.3333333333333333,2,2,AGGTGACGTAGGCCGCGAGA,0,35265
TSS_1414_storz_regulondb,0.3333333333333333,2,2,AGGTCGGCCTCCTAGCTAGC,0,1273
TSS_1414_storz_regulondb,0.3333333333333333,2,2,AGGTCGGATTACTGAGTGGT,0,77726
TSS_1414_storz_regulondb,0.3333333333333333,2,2,AGGTCAAAAGAGTCCTCTCT,0,4261
TSS_1414_storz_regulondb,0.3333333333333333,2,2,AGGTATCTCAGGGCATTGAA,0,20829
TSS_1414_storz_regulondb,0.3333333333333333,2,2,AGGTATACTAGTTTTTGTAC,0,46351
TSS_1414_storz_regulondb,0.3333333333333333,2,2,AGGTAGTAAGATATTTTTCA,0,50899
TSS_1414_storz_regulondb,0.3333333333333333,2,2,AGGTAATTCCGATCCCCGGG,0,30329
TSS_1414_storz_regulondb,0.3333333333333333,2,2,AGGGTTTGTGGGCAATAATT,0,7576
TSS_1414_storz_regulondb,0.3333333333333333,2,2,AGGGTTGCCAGGCATGCAAT,0,63191
TSS_1414_storz_regulondb,0.3333333333333333,2,2,AGGGTATCGCTCGCCGGTAG,0,60977
TSS_1414_storz_regulondb,0.3333333333333333,2,2,AGGGGAATCTTAGTTAATTC,0,14193
TSS_1414_storz_regulondb,0.3333333333333333,2,2,AGGGCTCACCCACCTTAGAT,0,28361
TSS_1414_storz_regulondb,0.3333333333333333,2,2,AGGGCGCCATGGAAGGTTCT,0,70096
TSS_1414_storz_regulondb,0.3333333333333333,2,2,AGGGAGCAACGATTTGAATT,0,21220
TSS_1414_storz_regulondb,0.3333333333333333,2,2,AGGGAATGAACTACTGGGGT,0,79149
TSS_1414_storz_regulondb,0.3333333333333333,2,2,AGGGAACACGGTTCGTAAAC,0,42116
TSS_1414_storz_regulondb,0.3333333333333333,2,2,AGGGAAACGAGTCACGATGA,0,47105
TSS_1414_storz_regulondb,0.3333333333333333,2,2,AGGCTTTGGCGAGCTCGCGG,0,32456
TSS_1414_storz_regulondb,0.3333333333333333,2,2,AGGCTCCCGTAAACTTTCTC,0,58537
TSS_1414_storz_regulondb,0.3333333333333333,2,2,AGGCTCATCACGTATGTCCG,0,40373
TSS_1414_storz_regulondb,0.3333333333333333,2,2,AGGCGTGACTCATTCGAATT,0,63923
TSS_1414_storz_regulondb,0.3333333333333333,2,2,AGGCGTAGACATGGCTCGCA,0,5213
TSS_1414_storz_regulondb,0.3333333333333333,2,2,AGGCCCGTGATGAAATGGAT,0,22493
TSS_1414_storz_regulondb,0.3333333333333333,2,2,AGGCCAGAGTCTGACAACAG,0,72874
TSS_1414_storz_regulondb,0.3333333333333333,2,2,AGGCATATAACTATCCCCCA,0,49876
TSS_1414_storz_regulondb,0.3333333333333333,2,2,AGGCATACCCCAATGACTCA,0,18130
TSS_1414_storz_regulondb,0.3333333333333333,2,2,AGGCAGTAGTATCACAGTAT,0,19676
TSS_1414_storz_regulondb,0.3333333333333333,2,2,AGGCAGCCTTCATATGTGTC,0,59597
TSS_1414_storz_regulondb,0.3333333333333333,2,2,AGGCAGATAATAACAACGAA,0,14754
TSS_1414_storz_regulondb,0.3333333333333333,2,2,AGGCACTGTTCCATATTAGT,0,40828
TSS_1414_storz_regulondb,0.3333333333333333,2,2,AGGATCGGTTCCGCGTGCGT,0,74590
TSS_1414_storz_regulondb,0.3333333333333333,2,2,AGGATCGCTATAAATACGTC,0,22584
TSS_1414_storz_regulondb,0.3333333333333333,2,2,AGGATCCCGCGGAGGGAGGC,0,63594
TSS_1414_storz_regulondb,0.3333333333333333,2,2,AGGATCATATGGGCCGAGTC,0,48074
TSS_1414_storz_regulondb,0.3333333333333333,2,2,AGGATAGGGGCGGCTGTGGA,0,56101
TSS_1414_storz_regulondb,0.3333333333333333,2,2,AGGAGTCCTGCCTGTTCCAG,0,34431
TSS_1414_storz_regulondb,0.3333333333333333,2,2,AGGAGGCGTACCGTCTATTG,0,57339
TSS_1414_storz_regulondb,0.3333333333333333,2,2,AGGAGACAAGTGTAACACTT,0,7955
TSS_1414_storz_regulondb,0.3333333333333333,2,2,AGGACGCTAGGCGTCATCGC,0,23072
TSS_1414_storz_regulondb,0.3333333333333333,2,2,AGGACATGAACTCGCGCGGC,0,23872
TSS_1414_storz_regulondb,0.3333333333333333,2,2,AGGACAGGGATACACTCTTT,0,65247
TSS_1414_storz_regulondb,0.3333333333333333,2,2,AGGACAAGAAAGTTGCCGAT,0,77107
TSS_1414_storz_regulondb,0.3333333333333333,2,2,AGGAAAGCGGCCCAGCTCCT,0,52491
TSS_1414_storz_regulondb,0.3333333333333333,2,2,AGCTTGGAGCGCTCATATCC,0,17245
TSS_1414_storz_regulondb,0.3333333333333333,2,2,AGCTTGATGAAACAAAGCGT,0,14524
TSS_1414_storz_regulondb,0.3333333333333333,2,2,AGCTGTGCGCTGTCCTAAGA,0,74058
TSS_1414_storz_regulondb,0.3333333333333333,2,2,AGCTGGCGTTCGAACCTTCA,0,27028
TSS_1414_storz_regulondb,0.3333333333333333,2,2,AGCTGGACGAGATTCACCAA,0,77791
TSS_1414_storz_regulondb,0.3333333333333333,2,2,AGCTGACACAACATGACGAG,0,78563
TSS_1414_storz_regulondb,0.3333333333333333,2,2,AGCTCTTATGGGAAGCCGCG,0,43329
TSS_1414_storz_regulondb,0.3333333333333333,2,2,AGCTCTGGTCCGGTTGTTGC,0,37024
TSS_1414_storz_regulondb,0.3333333333333333,2,2,AGCTCTCTCTTTTAAGACAC,0,56166
TSS_1414_storz_regulondb,0.3333333333333333,2,2,AGCTCGTGGCGTACACGTAG,0,49805
TSS_1414_storz_regulondb,0.3333333333333333,2,2,AGCTAACGAAGTGCCATATA,0,75546
TSS_1414_storz_regulondb,0.3333333333333333,2,2,AGCGTTATACTTTCGTACGT,0,65396
TSS_1414_storz_regulondb,0.3333333333333333,2,2,AGCGTGGTCGACCGTAGAGC,0,59360
TSS_1414_storz_regulondb,0.3333333333333333,2,2,AGCGGATGTGCATACGGGGC,0,30117
TSS_1414_storz_regulondb,0.3333333333333333,2,2,AGCGCTCGGCAGATTCCCGG,0,7096
TSS_1414_storz_regulondb,0.3333333333333333,2,2,AGCGCCCATCCTCACACAAG,0,74921
TSS_1414_storz_regulondb,0.3333333333333333,2,2,AGCGCCACGAAGGGTCCCCC,0,60504
TSS_1414_storz_regulondb,0.3333333333333333,2,2,AGCCTAAACCAATTGTCAAG,0,68138
TSS_1414_storz_regulondb,0.3333333333333333,2,2,AGCCGTCTTAGCAGAAAGTG,0,67593
TSS_1414_storz_regulondb,0.3333333333333333,2,2,AGCCCTGCCCGCCTAACCCT,0,70056
TSS_1414_storz_regulondb,0.3333333333333333,2,2,AGCCCTGAAGCGATACTCCG,0,30463
TSS_1414_storz_regulondb,0.3333333333333333,2,2,AGCCCCTCACTATTTCTATA,0,75711
TSS_1414_storz_regulondb,0.3333333333333333,2,2,AGCCCAAGATTCCACAACAG,0,6112
TSS_1414_storz_regulondb,0.3333333333333333,2,2,AGCCAGGGACGTGACAAGCG,0,5671
TSS_1414_storz_regulondb,0.3333333333333333,2,2,AGCCAGCTCAGTAAAATGCG,0,77085
TSS_1414_storz_regulondb,0.3333333333333333,2,2,AGCCAACACCCAGCTTAGCA,0,461
TSS_1414_storz_regulondb,0.3333333333333333,2,2,AGCATTATACGTTCGGTCTG,0,24689
TSS_1414_storz_regulondb,0.3333333333333333,2,2,AGCAGTCCTAGGCGGAAGAC,0,43310
TSS_1414_storz_regulondb,0.3333333333333333,2,2,AGCAGGTTGCTTGTGACCGT,0,33672
TSS_1414_storz_regulondb,0.3333333333333333,2,2,AGCAGGATCGACCCTTCAAT,0,54449
TSS_1414_storz_regulondb,0.3333333333333333,2,2,AGCAGCACGCACTTGAGATC,0,78769
TSS_1414_storz_regulondb,0.3333333333333333,2,2,AGCACTGCAATCTTTACCTG,0,23334
TSS_1414_storz_regulondb,0.3333333333333333,2,2,AGCAACTGTGACGAGCGTAG,0,20115
TSS_1414_storz_regulondb,0.3333333333333333,2,2,AGATTCTCGCATCATCAGAC,0,68953
TSS_1414_storz_regulondb,0.3333333333333333,2,2,AGATGGCAGGTAGGTTCAAT,0,1973
TSS_1414_storz_regulondb,0.3333333333333333,2,2,AGATGCGTACAACTGGTGTA,0,14939
TSS_1414_storz_regulondb,0.3333333333333333,2,2,AGATCTTCCATCAACCGGGG,0,1644
TSS_1414_storz_regulondb,0.3333333333333333,2,2,AGATCTGTATGGGCTCCAGG,0,1964
TSS_1414_storz_regulondb,0.3333333333333333,2,2,AGATCCTGCGTATTTAATGA,0,55255
TSS_1414_storz_regulondb,0.3333333333333333,2,2,AGATATTGAACTCCAGGTCT,0,33143
TSS_1414_storz_regulondb,0.3333333333333333,2,2,AGATAGATTCGAAGCACATC,0,49756
TSS_1414_storz_regulondb,0.3333333333333333,2,2,AGATACAAAATCATACAGTA,0,38287
TSS_1414_storz_regulondb,0.3333333333333333,2,2,AGATAATCACAATCATAGGC,0,385
TSS_1414_storz_regulondb,0.3333333333333333,2,2,AGATAACCAACAACACAATA,0,62145
TSS_1414_storz_regulondb,0.3333333333333333,2,2,AGATAAAACGGCTAACGTAT,0,20890
TSS_1414_storz_regulondb,0.3333333333333333,2,2,AGAGTTCACCCGTCGTCCCT,0,31078
TSS_1414_storz_regulondb,0.3333333333333333,2,2,AGAGTCGGCTGCTCGCGGGA,0,17731
TSS_1414_storz_regulondb,0.3333333333333333,2,2,AGAGGGTCACCGTGGGCGAA,0,65972
TSS_1414_storz_regulondb,0.3333333333333333,2,2,AGAGGCGGAGTATATGTTAA,0,36669
TSS_1414_storz_regulondb,0.3333333333333333,2,2,AGAGCGCACCTGAGACTGTT,0,56692
TSS_1414_storz_regulondb,0.3333333333333333,2,2,AGAGCAGTCCGTGCATCCGT,0,65215
TSS_1414_storz_regulondb,0.3333333333333333,2,2,AGAGCAAGACCGCCGTAAAA,0,37260
TSS_1414_storz_regulondb,0.3333333333333333,2,2,AGAGATTTAGAATATTTCAC,0,29464
TSS_1414_storz_regulondb,0.3333333333333333,2,2,AGAGATCCGCTGTCGCCAGC,0,63912
TSS_1414_storz_regulondb,0.3333333333333333,2,2,AGACGTGTTTGGATTGTGGT,0,69043
TSS_1414_storz_regulondb,0.3333333333333333,2,2,AGACGCGCGGCTTTTAAGCA,0,28996
TSS_1414_storz_regulondb,0.3333333333333333,2,2,AGACCGGGGGTGGCGTGTTA,0,2588
TSS_1414_storz_regulondb,0.3333333333333333,2,2,AGACCCGCTTGATTACTCTG,0,49153
TSS_1414_storz_regulondb,0.3333333333333333,2,2,AGACAGTCCACCCTTACGTC,0,34128
TSS_1414_storz_regulondb,0.3333333333333333,2,2,AGACACACACTTGCCATGGG,0,78139
TSS_1414_storz_regulondb,0.3333333333333333,2,2,AGACAACGTACGGAGATCGA,0,67083
TSS_1414_storz_regulondb,0.3333333333333333,2,2,AGAATGTATCTCTACCTTGG,0,74948
TSS_1414_storz_regulondb,0.3333333333333333,2,2,AGAAGTTCTTCTCATTAGAT,0,74426
TSS_1414_storz_regulondb,0.3333333333333333,2,2,AGAAGTATCTAATGCGAGCC,0,18824
TSS_1414_storz_regulondb,0.3333333333333333,2,2,AGAACTACGGGCGGGGTGCG,0,38714
TSS_1414_storz_regulondb,0.3333333333333333,2,2,AGAACTAATCGCGTTCCTTG,0,43561
TSS_1414_storz_regulondb,0.3333333333333333,2,2,AGAAAGATCAGCTTGTTGAT,0,66740
TSS_1414_storz_regulondb,0.3333333333333333,2,2,AGAAAGAATTGTTGCACTGC,0,58966
TSS_1414_storz_regulondb,0.3333333333333333,2,2,ACTTTGTTCCAAGTAAGGCT,0,32612
TSS_1414_storz_regulondb,0.3333333333333333,2,2,ACTTTGAGTCAAAGCCAGCA,0,48548
TSS_1414_storz_regulondb,0.3333333333333333,2,2,ACTTTGAAAGACGGGATTGA,0,53143
TSS_1414_storz_regulondb,0.3333333333333333,2,2,ACTTTCCTCTGACGGAGTAC,0,1802
TSS_1414_storz_regulondb,0.3333333333333333,2,2,ACTTTCACAAAGTTCCGGAC,0,2075
TSS_1414_storz_regulondb,0.3333333333333333,2,2,ACTTGTCCATAGGCGCAGTA,0,64883
TSS_1414_storz_regulondb,0.3333333333333333,2,2,ACTTGGTGTAGGCCTCGTGA,0,55604
TSS_1414_storz_regulondb,0.3333333333333333,2,2,ACTTGCAGCTAATAGTGGTA,0,37027
TSS_1414_storz_regulondb,0.3333333333333333,2,2,ACTTGATGTTAGTGATCTCG,0,56508
TSS_1414_storz_regulondb,0.3333333333333333,2,2,ACTTCAATCCAAACTCTCGC,0,26371
TSS_1414_storz_regulondb,0.3333333333333333,2,2,ACTTATTTGAAGTGACTGCC,0,79059
TSS_1414_storz_regulondb,0.3333333333333333,2,2,ACTTAGTTTTTCCCATCAAA,0,40931
TSS_1414_storz_regulondb,0.3333333333333333,2,2,ACTTACGATATTTTATGTGG,0,54481
TSS_1414_storz_regulondb,0.3333333333333333,2,2,ACTTAAATACAATGGTGTCA,0,7981
TSS_1414_storz_regulondb,0.3333333333333333,2,2,ACTGTGATTCCGGGTTACAT,0,10974
TSS_1414_storz_regulondb,0.3333333333333333,2,2,ACTGTAAAGCCGTGCACATC,0,57579
TSS_1414_storz_regulondb,0.3333333333333333,2,2,ACTGGCATATTTATCTAATC,0,43519
TSS_1414_storz_regulondb,0.3333333333333333,2,2,ACTGCGCTTTAGAATTAAAG,0,27223
TSS_1414_storz_regulondb,0.3333333333333333,2,2,ACTGCCCGCCAGCCATTATT,0,14941
TSS_1414_storz_regulondb,0.3333333333333333,2,2,ACTGAGGAGGTCCTTCTTAT,0,16601
TSS_1414_storz_regulondb,0.3333333333333333,2,2,ACTGAAATAGCAATACAAAT,0,29543
TSS_1414_storz_regulondb,0.3333333333333333,2,2,ACTCTATGGTAGAGTTTGCT,0,54731
TSS_1414_storz_regulondb,0.3333333333333333,2,2,ACTCTATCCCCATAACGGTT,0,11961
TSS_1414_storz_regulondb,0.3333333333333333,2,2,ACTCGGAGGGCCATTAGGCT,0,5132
TSS_1414_storz_regulondb,0.3333333333333333,2,2,ACTCGAGTCCTCAGTACAAG,0,60610
TSS_1414_storz_regulondb,0.3333333333333333,2,2,ACTCCCGGAGGAGGAACTCC,0,8639
TSS_1414_storz_regulondb,0.3333333333333333,2,2,ACTCCATACATCGAAATCAG,0,60135
TSS_1414_storz_regulondb,0.3333333333333333,2,2,ACTCACGCATCCTGCTCCCT,0,56805
TSS_1414_storz_regulondb,0.3333333333333333,2,2,ACTCACCCGGGGGACGTAGG,0,57961
TSS_1414_storz_regulondb,0.3333333333333333,2,2,ACTCAATTACACCAGGTATT,0,73116
TSS_1414_storz_regulondb,0.3333333333333333,2,2,ACTCAAATCCTCGGCTACCG,0,28087
TSS_1414_storz_regulondb,0.3333333333333333,2,2,ACTATCAGCCGTTGCAACTA,0,75203
TSS_1414_storz_regulondb,0.3333333333333333,2,2,ACTATAAGTCGGCTTCGAGT,0,74062
TSS_1414_storz_regulondb,0.3333333333333333,2,2,ACTAGGGTACCCCCTGGTGA,0,7346
TSS_1414_storz_regulondb,0.3333333333333333,2,2,ACTAGATAGGAGGACGACGC,0,32552
TSS_1414_storz_regulondb,0.3333333333333333,2,2,ACTAGACGGTTCACCCGAGA,0,43885
TSS_1414_storz_regulondb,0.3333333333333333,2,2,ACTACGATCGGAATCATATC,0,39992
TSS_1414_storz_regulondb,0.3333333333333333,2,2,ACTACCGTTATCACCCCGAG,0,58134
TSS_1414_storz_regulondb,0.3333333333333333,2,2,ACTACCAAACATGTGTGCTT,0,18353
TSS_1414_storz_regulondb,0.3333333333333333,2,2,ACTAAATGGGTGAGCATATG,0,70110
TSS_1414_storz_regulondb,0.3333333333333333,2,2,ACGTTGGGCATCGAACGAAA,0,56261
TSS_1414_storz_regulondb,0.3333333333333333,2,2,ACGTGGTCCCTCGCCTAAGA,0,6403
TSS_1414_storz_regulondb,0.3333333333333333,2,2,ACGTGCCCTGCTTAGCCAAC,0,19422
TSS_1414_storz_regulondb,0.3333333333333333,2,2,ACGTCGGCGCTTTTCAGGCG,0,62816
TSS_1414_storz_regulondb,0.3333333333333333,2,2,ACGTCCTACTATAGCAAACA,0,38284
TSS_1414_storz_regulondb,0.3333333333333333,2,2,ACGTCATCGTTATTTCGTAT,0,23254
TSS_1414_storz_regulondb,0.3333333333333333,2,2,ACGTATCAGGCATATATGTG,0,36805
TSS_1414_storz_regulondb,0.3333333333333333,2,2,ACGTAATACCGGGCCTTAGG,0,35050
TSS_1414_storz_regulondb,0.3333333333333333,2,2,ACGGTGCCTCTATAATAGAA,0,68688
TSS_1414_storz_regulondb,0.3333333333333333,2,2,ACGGCGTCCGGATGCATGAG,0,31054
TSS_1414_storz_regulondb,0.3333333333333333,2,2,ACGGCCGCGATACCGAGGCA,0,75743
TSS_1414_storz_regulondb,0.3333333333333333,2,2,ACGGATCATAAGCATCCGGC,0,16210
TSS_1414_storz_regulondb,0.3333333333333333,2,2,ACGCTTCCTAGTGGCACCTT,0,42887
TSS_1414_storz_regulondb,0.3333333333333333,2,2,ACGCTCTTAGGTCGAGTGTC,0,43199
TSS_1414_storz_regulondb,0.3333333333333333,2,2,ACGCTCCGAGACAGTACAAT,0,73960
TSS_1414_storz_regulondb,0.3333333333333333,2,2,ACGCGGATGCGCTACAAAAG,0,12565
TSS_1414_storz_regulondb,0.3333333333333333,2,2,ACGCCTTCCAACACTACCGT,0,14828
TSS_1414_storz_regulondb,0.3333333333333333,2,2,ACGATGTATAGCATTTGTTT,0,31865
TSS_1414_storz_regulondb,0.3333333333333333,2,2,ACGATCGATGGGCCAATCGC,0,18554
TSS_1414_storz_regulondb,0.3333333333333333,2,2,ACGACCGAGGAATGTCTAAG,0,6813
TSS_1414_storz_regulondb,0.3333333333333333,2,2,ACGAATAGAGACGGTATTCA,0,26969
TSS_1414_storz_regulondb,0.3333333333333333,2,2,ACGAATACTTCACTGGGACC,0,67855
TSS_1414_storz_regulondb,0.3333333333333333,2,2,ACGAAGAGCGCATACGTCCC,0,39950
TSS_1414_storz_regulondb,0.3333333333333333,2,2,ACGAACGTTAAATCTCGCGC,0,14561
TSS_1414_storz_regulondb,0.3333333333333333,2,2,ACGAACGTCTCCTAAAGGGG,0,18934
TSS_1414_storz_regulondb,0.3333333333333333,2,2,ACGAAAACGCATGCACATGA,0,34169
TSS_1414_storz_regulondb,0.3333333333333333,2,2,ACCTTGCAAATGACTGTTTG,0,34536
TSS_1414_storz_regulondb,0.3333333333333333,2,2,ACCTTCGAGGCTCCAAGATA,0,48727
TSS_1414_storz_regulondb,0.3333333333333333,2,2,ACCTGGTGCCCCCATCGCAC,0,17246
TSS_1414_storz_regulondb,0.3333333333333333,2,2,ACCTGGGAACCGTACGTGCC,0,41752
TSS_1414_storz_regulondb,0.3333333333333333,2,2,ACCTGAGTCTTCTCACTGGA,0,12938
TSS_1414_storz_regulondb,0.3333333333333333,2,2,ACCTCCTTTTTCCGTCGGAT,0,19405
TSS_1414_storz_regulondb,0.3333333333333333,2,2,ACCTATAGTTCAAATTGACA,0,8993
TSS_1414_storz_regulondb,0.3333333333333333,2,2,ACCTAGAAGTTCATCGCGCG,0,9541
TSS_1414_storz_regulondb,0.3333333333333333,2,2,ACCTACCCCATGTTGGTGCT,0,220
TSS_1414_storz_regulondb,0.3333333333333333,2,2,ACCGTTGGATCACGAATTTC,0,57797
TSS_1414_storz_regulondb,0.3333333333333333,2,2,ACCGTGTTCGGCCTAACTTT,0,24209
TSS_1414_storz_regulondb,0.3333333333333333,2,2,ACCGTCCCTGCAGCCAGTTT,0,24572
TSS_1414_storz_regulondb,0.3333333333333333,2,2,ACCGTCCAGCCGCTCGCAGA,0,7957
TSS_1414_storz_regulondb,0.3333333333333333,2,2,ACCGTCATATGCTACATTTA,0,35869
TSS_1414_storz_regulondb,0.3333333333333333,2,2,ACCGTAAGTGCAAATGCCAG,0,36268
TSS_1414_storz_regulondb,0.3333333333333333,2,2,ACCGGTCAGTGGTTCTAGAA,0,62050
TSS_1414_storz_regulondb,0.3333333333333333,2,2,ACCGATGGGACTAATGAGCC,0,22814
TSS_1414_storz_regulondb,0.3333333333333333,2,2,ACCGAGTAGAATAGCTGGTG,0,14147
TSS_1414_storz_regulondb,0.3333333333333333,2,2,ACCCTCAAGATACCGACGGC,0,35744
TSS_1414_storz_regulondb,0.3333333333333333,2,2,ACCCTACGGTTAATTCCGGC,0,55625
TSS_1414_storz_regulondb,0.3333333333333333,2,2,ACCCGTGCCGCACTCTCTAG,0,42050
TSS_1414_storz_regulondb,0.3333333333333333,2,2,ACCCGGTGTCATGTCTCGTA,0,72374
TSS_1414_storz_regulondb,0.3333333333333333,2,2,ACCCGCATGAAAAGGTAGTG,0,16014
TSS_1414_storz_regulondb,0.3333333333333333,2,2,ACCCGACACGCGTTAAATCT,0,40318
TSS_1414_storz_regulondb,0.3333333333333333,2,2,ACCCATTCAGCTACGGCTCA,0,9665
TSS_1414_storz_regulondb,0.3333333333333333,2,2,ACCCACCTCGTACTTGCGCA,0,29920
TSS_1414_storz_regulondb,0.3333333333333333,2,2,ACCCAAAGCCAGATGTAGTT,0,45467
TSS_1414_storz_regulondb,0.3333333333333333,2,2,ACCATTCAATGAAAAGGCGG,0,45455
TSS_1414_storz_regulondb,0.3333333333333333,2,2,ACCAGTTGTGTGATCAAAGC,0,78765
TSS_1414_storz_regulondb,0.3333333333333333,2,2,ACCAGTATGAGGCCCAAAGA,0,68250
TSS_1414_storz_regulondb,0.3333333333333333,2,2,ACCAGTAACAAACCACAGAA,0,64291
TSS_1414_storz_regulondb,0.3333333333333333,2,2,ACCACGGGCTGGGATTCATA,0,73091
TSS_1414_storz_regulondb,0.3333333333333333,2,2,ACCACCGCGTTGCGGTACGG,0,22537
TSS_1414_storz_regulondb,0.3333333333333333,2,2,ACCAATTAGGCGGGACCCCT,0,28696
TSS_1414_storz_regulondb,0.3333333333333333,2,2,ACCAATACAAAACCGCACTT,0,3452
TSS_1414_storz_regulondb,0.3333333333333333,2,2,ACCAAAGGGGACCCTGATTC,0,60635
TSS_1414_storz_regulondb,0.3333333333333333,2,2,ACATTGAGGTTCACATCAAG,0,52908
TSS_1414_storz_regulondb,0.3333333333333333,2,2,ACATGCCGCCGAAGTTCTTG,0,10416
TSS_1414_storz_regulondb,0.3333333333333333,2,2,ACATGCCAACTCACCAAAGT,0,69549
TSS_1414_storz_regulondb,0.3333333333333333,2,2,ACATCTGACATTGGTCTAGG,0,5650
TSS_1414_storz_regulondb,0.3333333333333333,2,2,ACATCCATACGTGATTCACT,0,78644
TSS_1414_storz_regulondb,0.3333333333333333,2,2,ACATAGAGTAGGCTTGGCAA,0,57213
TSS_1414_storz_regulondb,0.3333333333333333,2,2,ACATACGGCATTGCCGACGT,0,31384
TSS_1414_storz_regulondb,0.3333333333333333,2,2,ACATAACTTGACGTGACGTC,0,52812
TSS_1414_storz_regulondb,0.3333333333333333,2,2,ACAGTTGATACCTCATAGCA,0,73852
TSS_1414_storz_regulondb,0.3333333333333333,2,2,ACAGTTATAGGACGGTTATA,0,3650
TSS_1414_storz_regulondb,0.3333333333333333,2,2,ACAGCTCTATCAAGTGGGAT,0,20220
TSS_1414_storz_regulondb,0.3333333333333333,2,2,ACAGCGGTATATAGCACAGC,0,50226
TSS_1414_storz_regulondb,0.3333333333333333,2,2,ACAGCGGAATAGACGAACGC,0,49472
TSS_1414_storz_regulondb,0.3333333333333333,2,2,ACAGCCCCCAAGGCGGACTC,0,40206
TSS_1414_storz_regulondb,0.3333333333333333,2,2,ACAGATCAAGCTCTATTTCT,0,39925
TSS_1414_storz_regulondb,0.3333333333333333,2,2,ACAGAACGCATGTTCGATAT,0,1171
TSS_1414_storz_regulondb,0.3333333333333333,2,2,ACACTGTTATGAGGCAGCTG,0,27954
TSS_1414_storz_regulondb,0.3333333333333333,2,2,ACACTGACAATATACCACGC,0,1047
TSS_1414_storz_regulondb,0.3333333333333333,2,2,ACACTCGTATCCGGCGTCCT,0,12301
TSS_1414_storz_regulondb,0.3333333333333333,2,2,ACACTCCGGTCTCCCCGCTA,0,3215
TSS_1414_storz_regulondb,0.3333333333333333,2,2,ACACTAATCGTGACTTTCGT,0,57219
TSS_1414_storz_regulondb,0.3333333333333333,2,2,ACACGGGGCCGTTTGTGGCT,0,45785
TSS_1414_storz_regulondb,0.3333333333333333,2,2,ACACGCTCAATGCAAAGAGA,0,41647
TSS_1414_storz_regulondb,0.3333333333333333,2,2,ACACGAATCAAGACAGCGGC,0,52851
TSS_1414_storz_regulondb,0.3333333333333333,2,2,ACACATACTCCCCCCGGTTT,0,55838
TSS_1414_storz_regulondb,0.3333333333333333,2,2,ACAATGCCGCGGATAAAATA,0,6960
TSS_1414_storz_regulondb,0.3333333333333333,2,2,ACAAGTCACACACATCAAGT,0,20388
TSS_1414_storz_regulondb,0.3333333333333333,2,2,ACAAGGACCCCAGTACCCCC,0,16719
TSS_1414_storz_regulondb,0.3333333333333333,2,2,ACAAAACGGTAGCGGTCCCT,0,35645
TSS_1414_storz_regulondb,0.3333333333333333,2,2,AATTTCCTTGAGTGCTCATT,0,61519
TSS_1414_storz_regulondb,0.3333333333333333,2,2,AATTGTAGCGGGAATGGTGT,0,23647
TSS_1414_storz_regulondb,0.3333333333333333,2,2,AATTGTAGCCAGCGAGCTCA,0,55766
TSS_1414_storz_regulondb,0.3333333333333333,2,2,AATTGGTTGAAACTTGTGGC,0,12635
TSS_1414_storz_regulondb,0.3333333333333333,2,2,AATTGATTAGATTATCAGGT,0,2016
TSS_1414_storz_regulondb,0.3333333333333333,2,2,AATTCGTTGTTATGATTTGC,0,17141
TSS_1414_storz_regulondb,0.3333333333333333,2,2,AATTATTTGTGGGCGGTTTC,0,66491
TSS_1414_storz_regulondb,0.3333333333333333,2,2,AATTATAGGGTGAGCCCATG,0,62219
TSS_1414_storz_regulondb,0.3333333333333333,2,2,AATGTGTACAATGTCCGGTT,0,24948
TSS_1414_storz_regulondb,0.3333333333333333,2,2,AATGTGATTTGGTAAAACTT,0,55481
TSS_1414_storz_regulondb,0.3333333333333333,2,2,AATGGGGCGGGACACCACGT,0,32025
TSS_1414_storz_regulondb,0.3333333333333333,2,2,AATGGGGAGATAGAATCGCA,0,60883
TSS_1414_storz_regulondb,0.3333333333333333,2,2,AATGCTAAGACCAAGCTTAT,0,5679
TSS_1414_storz_regulondb,0.3333333333333333,2,2,AATGCGCGGGCCAGCCAAGT,0,30039
TSS_1414_storz_regulondb,0.3333333333333333,2,2,AATGCATAGGTATAGCGGTC,0,17900
TSS_1414_storz_regulondb,0.3333333333333333,2,2,AATGACAATAAATACCACGC,0,46399
TSS_1414_storz_regulondb,0.3333333333333333,2,2,AATCTTTTGTGCCGTTTTCG,0,72631
TSS_1414_storz_regulondb,0.3333333333333333,2,2,AATCTGGAGGGAGGAAGGAA,0,20223
TSS_1414_storz_regulondb,0.3333333333333333,2,2,AATCGTCCCTCAGTTATATC,0,73005
TSS_1414_storz_regulondb,0.3333333333333333,2,2,AATCGGTAGGGGGCTGAGAG,0,11633
TSS_1414_storz_regulondb,0.3333333333333333,2,2,AATCGGGCAACAGTGGCTGT,0,2971
TSS_1414_storz_regulondb,0.3333333333333333,2,2,AATCCTTCGGGGTTATCCAG,0,69469
TSS_1414_storz_regulondb,0.3333333333333333,2,2,AATCCTAAGGGGGCTCCCTG,0,15704
TSS_1414_storz_regulondb,0.3333333333333333,2,2,AATCCGCTCCGGGCAGACCT,0,37404
TSS_1414_storz_regulondb,0.3333333333333333,2,2,AATCATGGCCGAAGCACGTA,0,41131
TSS_1414_storz_regulondb,0.3333333333333333,2,2,AATCAATATGGCTCACAGAG,0,10476
TSS_1414_storz_regulondb,0.3333333333333333,2,2,AATCAATAGCACGATCCCGT,0,37237
TSS_1414_storz_regulondb,0.3333333333333333,2,2,AATATTAAACACTAAGCTGT,0,17304
TSS_1414_storz_regulondb,0.3333333333333333,2,2,AATATCTCACGGAATAAGTA,0,59737
TSS_1414_storz_regulondb,0.3333333333333333,2,2,AATATACTGGGCGGTAGTCC,0,21470
TSS_1414_storz_regulondb,0.3333333333333333,2,2,AATAGTTTCCTTGGACAGTT,0,66593
TSS_1414_storz_regulondb,0.3333333333333333,2,2,AATAGGTGCTAAGATCTTAC,0,41735
TSS_1414_storz_regulondb,0.3333333333333333,2,2,AATAGGCTCTTTGACCTAAT,0,9437
TSS_1414_storz_regulondb,0.3333333333333333,2,2,AATAGCCCGCTTATATCGAT,0,9952
TSS_1414_storz_regulondb,0.3333333333333333,2,2,AATACCGGCGGCTTGCGCTC,0,71816
TSS_1414_storz_regulondb,0.3333333333333333,2,2,AATAATAATAGATTAACAGT,0,45738
TSS_1414_storz_regulondb,0.3333333333333333,2,2,AATAAGATACGTACACCTCG,0,42305
TSS_1414_storz_regulondb,0.3333333333333333,2,2,AATAACAGCGACACATACGT,0,17612
TSS_1414_storz_regulondb,0.3333333333333333,2,2,AATAAAATCGGGCGATGTAA,0,26720
TSS_1414_storz_regulondb,0.3333333333333333,2,2,AATAAAAAAGTCGCTAAGTA,0,49941
TSS_1414_storz_regulondb,0.3333333333333333,2,2,AAGTTTCTACCTAGGCTCAC,0,64499
TSS_1414_storz_regulondb,0.3333333333333333,2,2,AAGTGAGGAGTCAAAAAATT,0,38643
TSS_1414_storz_regulondb,0.3333333333333333,2,2,AAGTGAGACTTCGATTTGCG,0,39224
TSS_1414_storz_regulondb,0.3333333333333333,2,2,AAGTCTCCTGGCTGGAGTAT,0,30336
TSS_1414_storz_regulondb,0.3333333333333333,2,2,AAGTCCGGATAGGCCCATGT,0,27534
TSS_1414_storz_regulondb,0.3333333333333333,2,2,AAGTCCGGATAACTGAATTA,0,6694
TSS_1414_storz_regulondb,0.3333333333333333,2,2,AAGTCCCCGCTGCAATGCGT,0,25690
TSS_1414_storz_regulondb,0.3333333333333333,2,2,AAGTCATAGCTTGATCATAG,0,45316
TSS_1414_storz_regulondb,0.3333333333333333,2,2,AAGTAGCAGTGAGGATATTG,0,72846
TSS_1414_storz_regulondb,0.3333333333333333,2,2,AAGGTGTTCGTGCGTCTTCC,0,55602
TSS_1414_storz_regulondb,0.3333333333333333,2,2,AAGGTGCGGGAGGCACCAAT,0,41939
TSS_1414_storz_regulondb,0.3333333333333333,2,2,AAGGTGCAGGTGCTTTGAAG,0,25913
TSS_1414_storz_regulondb,0.3333333333333333,2,2,AAGGTCCCCACCTTCACATC,0,62588
TSS_1414_storz_regulondb,0.3333333333333333,2,2,AAGGCTTCTGCCGGGTAAGG,0,69497
TSS_1414_storz_regulondb,0.3333333333333333,2,2,AAGGCTGACCCGTTGCACAT,0,27955
TSS_1414_storz_regulondb,0.3333333333333333,2,2,AAGGCGATCTAGGTATGACC,0,6382
TSS_1414_storz_regulondb,0.3333333333333333,2,2,AAGGCATAGACTATTCGACA,0,21845
TSS_1414_storz_regulondb,0.3333333333333333,2,2,AAGGATCAATATGCGAATGA,0,20212
TSS_1414_storz_regulondb,0.3333333333333333,2,2,AAGGAGTGTTCGCCTGGTTG,0,47963
TSS_1414_storz_regulondb,0.3333333333333333,2,2,AAGGACTTTAAACTAACTCT,0,40565
TSS_1414_storz_regulondb,0.3333333333333333,2,2,AAGCTTGGTGATGTCAAGGT,0,29948
TSS_1414_storz_regulondb,0.3333333333333333,2,2,AAGCTTCTTAAAATGGTTGA,0,55380
TSS_1414_storz_regulondb,0.3333333333333333,2,2,AAGCTGGCCTAGATGGGTTA,0,35795
TSS_1414_storz_regulondb,0.3333333333333333,2,2,AAGCTGCGGTATTCACTCTG,0,30084
TSS_1414_storz_regulondb,0.3333333333333333,2,2,AAGCTCGGTTTTGTAGTTCA,0,5932
TSS_1414_storz_regulondb,0.3333333333333333,2,2,AAGCTCCGGCGTTCTGGCAG,0,4006
TSS_1414_storz_regulondb,0.3333333333333333,2,2,AAGCTCAAAAGACACGTACG,0,79255
TSS_1414_storz_regulondb,0.3333333333333333,2,2,AAGCGTGGTTGACTCAGATT,0,46384
TSS_1414_storz_regulondb,0.3333333333333333,2,2,AAGCGTCGGTCGCCCCGTTG,0,9185
TSS_1414_storz_regulondb,0.3333333333333333,2,2,AAGCGGTAGGACGGATCCTC,0,73251
TSS_1414_storz_regulondb,0.3333333333333333,2,2,AAGCGGGTGCAGGTTACCAT,0,51660
TSS_1414_storz_regulondb,0.3333333333333333,2,2,AAGCGAATGTGAACTTTTAA,0,9238
TSS_1414_storz_regulondb,0.3333333333333333,2,2,AAGCCTGACAACACGGTGAT,0,81019
TSS_1414_storz_regulondb,0.3333333333333333,2,2,AAGCCGTTAGAATACAGGTT,0,60530
TSS_1414_storz_regulondb,0.3333333333333333,2,2,AAGCCGATGATTCCCTCGCG,0,24771
TSS_1414_storz_regulondb,0.3333333333333333,2,2,AAGCAGTGCTATTCGTCAGT,0,60804
TSS_1414_storz_regulondb,0.3333333333333333,2,2,AAGCAGCTGGGAGAGCCCTA,0,57692
TSS_1414_storz_regulondb,0.3333333333333333,2,2,AAGATACAAAGGTTAGGTAA,0,13464
TSS_1414_storz_regulondb,0.3333333333333333,2,2,AAGAGGGTTGAGCCAGCTAA,0,49755
TSS_1414_storz_regulondb,0.3333333333333333,2,2,AAGAGGCCCCCAATATCCGT,0,31404
TSS_1414_storz_regulondb,0.3333333333333333,2,2,AAGAGAGGTTTTTAAGATAA,0,30893
TSS_1414_storz_regulondb,0.3333333333333333,2,2,AAGACTCGCGAAGTGACCTT,0,6626
TSS_1414_storz_regulondb,0.3333333333333333,2,2,AAGACGCATGAGTTCAGATA,0,58895
TSS_1414_storz_regulondb,0.3333333333333333,2,2,AAGACGATAGGTAAGGGGGC,0,6004
TSS_1414_storz_regulondb,0.3333333333333333,2,2,AACTTGGTCTCGAACTTGTA,0,66704
TSS_1414_storz_regulondb,0.3333333333333333,2,2,AACTTGGGGACACTCTTTCA,0,64392
TSS_1414_storz_regulondb,0.3333333333333333,2,2,AACTTGAAGCGCTAGGTTGC,0,49190
TSS_1414_storz_regulondb,0.3333333333333333,2,2,AACTTCCGCGATGTTCATCT,0,17218
TSS_1414_storz_regulondb,0.3333333333333333,2,2,AACTTACTTCGCTACACCCT,0,65327
TSS_1414_storz_regulondb,0.3333333333333333,2,2,AACTGGCCCTCAATTAGAAT,0,68503
TSS_1414_storz_regulondb,0.3333333333333333,2,2,AACTGCTTCACCTGGCTGAC,0,28455
TSS_1414_storz_regulondb,0.3333333333333333,2,2,AACTGCCTGCTACTATGCAA,0,51086
TSS_1414_storz_regulondb,0.3333333333333333,2,2,AACTGAACATTACCGGCATC,0,12522
TSS_1414_storz_regulondb,0.3333333333333333,2,2,AACTCTACTCTAAGGGAAAT,0,21592
TSS_1414_storz_regulondb,0.3333333333333333,2,2,AACTCGGCATTGTGTACCGT,0,64309
TSS_1414_storz_regulondb,0.3333333333333333,2,2,AACTCCGAGCACGCTACGTA,0,11811
TSS_1414_storz_regulondb,0.3333333333333333,2,2,AACTCCAAAAGAACAGCTTT,0,23945
TSS_1414_storz_regulondb,0.3333333333333333,2,2,AACTCATCGAAGTGCCCTCG,0,77388
TSS_1414_storz_regulondb,0.3333333333333333,2,2,AACTAGCATGGGAGACGTCT,0,8379
TSS_1414_storz_regulondb,0.3333333333333333,2,2,AACTACCTTTCACGTTTAGG,0,56365
TSS_1414_storz_regulondb,0.3333333333333333,2,2,AACGTGCCATATGGACTGTG,0,41337
TSS_1414_storz_regulondb,0.3333333333333333,2,2,AACGTAAAGCCGCCGTAACG,0,30369
TSS_1414_storz_regulondb,0.3333333333333333,2,2,AACGGTGCTGAAAGGTTCAG,0,26774
TSS_1414_storz_regulondb,0.3333333333333333,2,2,AACGGTGATCTGAGGGTGGT,0,59438
TSS_1414_storz_regulondb,0.3333333333333333,2,2,AACGGCTCCAGTTCGCGTTG,0,73363
TSS_1414_storz_regulondb,0.3333333333333333,2,2,AACGGACGGGAATTGCTCCT,0,41951
TSS_1414_storz_regulondb,0.3333333333333333,2,2,AACGGACCCAACCCACAACT,0,38181
TSS_1414_storz_regulondb,0.3333333333333333,2,2,AACGCTCAGCGTTTGACCAA,0,35964
TSS_1414_storz_regulondb,0.3333333333333333,2,2,AACGACGGTTACTATGGGTC,0,46084
TSS_1414_storz_regulondb,0.3333333333333333,2,2,AACCTGGAAGCGCTTTACTC,0,34544
TSS_1414_storz_regulondb,0.3333333333333333,2,2,AACCTAGCCATCGGGGGACC,0,16362
TSS_1414_storz_regulondb,0.3333333333333333,2,2,AACCGAAATTGGTCAACGCA,0,75287
TSS_1414_storz_regulondb,0.3333333333333333,2,2,AACCCCGGATATAACATAAA,0,35243
TSS_1414_storz_regulondb,0.3333333333333333,2,2,AACCAAGAACCACCACTGCG,0,61779
TSS_1414_storz_regulondb,0.3333333333333333,2,2,AACATGTCGTCGAGACCACT,0,68603
TSS_1414_storz_regulondb,0.3333333333333333,2,2,AACATAGCATTTGAGAAGCG,0,57647
TSS_1414_storz_regulondb,0.3333333333333333,2,2,AACAGATGATCCCATGCATC,0,19149
TSS_1414_storz_regulondb,0.3333333333333333,2,2,AACACTTTGTTCCATATGGA,0,77965
TSS_1414_storz_regulondb,0.3333333333333333,2,2,AACAAGAAAACCAAACTTCT,0,34229
TSS_1414_storz_regulondb,0.3333333333333333,2,2,AACAAACTCCGTATTGGGTG,0,46841
TSS_1414_storz_regulondb,0.3333333333333333,2,2,AAATTTGCGTGTGGGTAGTT,0,57673
TSS_1414_storz_regulondb,0.3333333333333333,2,2,AAATTGTAGTAGTAGCGTTT,0,35297
TSS_1414_storz_regulondb,0.3333333333333333,2,2,AAATTAGTCAGACCCGCCCG,0,71028
TSS_1414_storz_regulondb,0.3333333333333333,2,2,AAATGTCTTCGGGTGATCAC,0,25665
TSS_1414_storz_regulondb,0.3333333333333333,2,2,AAATGGGCCTAAAGGATTCC,0,26747
TSS_1414_storz_regulondb,0.3333333333333333,2,2,AAATGGACGGCTCACTCCCT,0,73269
TSS_1414_storz_regulondb,0.3333333333333333,2,2,AAATGCGAACGAGTAATCGT,0,65219
TSS_1414_storz_regulondb,0.3333333333333333,2,2,AAATGCCAACTTCTGTTATA,0,17179
TSS_1414_storz_regulondb,0.3333333333333333,2,2,AAATGCAGAGTTGGGCCAAT,0,70082
TSS_1414_storz_regulondb,0.3333333333333333,2,2,AAATGATATGACGCCGCATT,0,39144
TSS_1414_storz_regulondb,0.3333333333333333,2,2,AAATATTCAGGGTACCGCAG,0,32988
TSS_1414_storz_regulondb,0.3333333333333333,2,2,AAATATGATGGACGGTTTCA,0,36987
TSS_1414_storz_regulondb,0.3333333333333333,2,2,AAATATATTTATGAATGCGT,0,73733
TSS_1414_storz_regulondb,0.3333333333333333,2,2,AAATAGTGCGGCAGCGCATT,0,17985
TSS_1414_storz_regulondb,0.3333333333333333,2,2,AAAGTACAATGGGCACTCAA,0,19310
TSS_1414_storz_regulondb,0.3333333333333333,2,2,AAAGGCTGAACTCAGAATGG,0,54499
TSS_1414_storz_regulondb,0.3333333333333333,2,2,AAAGGCGTTGTACCGACTGA,0,66399
TSS_1414_storz_regulondb,0.3333333333333333,2,2,AAAGGCATCACTCACCCGTA,0,3502
TSS_1414_storz_regulondb,0.3333333333333333,2,2,AAAGGAAGAACAAGCATCCT,0,49797
TSS_1414_storz_regulondb,0.3333333333333333,2,2,AAAGATAGAGTTCAGACCTG,0,41773
TSS_1414_storz_regulondb,0.3333333333333333,2,2,AAAGAGAGATGGGCACTGAG,0,47040
TSS_1414_storz_regulondb,0.3333333333333333,2,2,AAAGACTTTCGAATCCAGTC,0,16429
TSS_1414_storz_regulondb,0.3333333333333333,2,2,AAAGAATCAAACCAGCGCAA,0,65517
TSS_1414_storz_regulondb,0.3333333333333333,2,2,AAAGAACCGGAGGTCGTCCT,0,3063
TSS_1414_storz_regulondb,0.3333333333333333,2,2,AAAGAACCAGTGGTGAGCTT,0,4711
TSS_1414_storz_regulondb,0.3333333333333333,2,2,AAACTGTTCGACGTAAGACC,0,74932
TSS_1414_storz_regulondb,0.3333333333333333,2,2,AAACGCGTCCGAGAGGGGGG,0,35708
TSS_1414_storz_regulondb,0.3333333333333333,2,2,AAACCGGAGACGGACCGAGT,0,32865
TSS_1414_storz_regulondb,0.3333333333333333,2,2,AAACAGGCAATATTCCTCTT,0,45149
TSS_1414_storz_regulondb,0.3333333333333333,2,2,AAACAGCCAGTAGCTGAGAT,0,51543
TSS_1414_storz_regulondb,0.3333333333333333,2,2,AAACACAGTTTATGATAAAT,0,55753
TSS_1414_storz_regulondb,0.3333333333333333,2,2,AAACAAAGAGATAATGGCTT,0,2951
TSS_1414_storz_regulondb,0.3333333333333333,2,2,AAAAGTGTGGCGCGGCAGGT,0,44924
TSS_1414_storz_regulondb,0.5,1,1,TTTTTGGGTCTATTACCAGA,0,18249
TSS_1414_storz_regulondb,0.5,1,1,TTTTGCCGTGTGGAAAGGGA,0,64248
TSS_1414_storz_regulondb,0.5,1,1,TTTTCGTACGGGTGTGGAGT,0,15925
TSS_1414_storz_regulondb,0.5,1,1,TTTTCCTCGCGTCAAAGATA,0,5410
TSS_1414_storz_regulondb,0.5,1,1,TTTTCCTCAAGCACCCCTCT,0,380
TSS_1414_storz_regulondb,0.5,1,1,TTTTCCCAGGGTCTCGCATT,0,54806
TSS_1414_storz_regulondb,0.5,1,1,TTTTCATTTCCAGGTTCTCC,0,7610
TSS_1414_storz_regulondb,0.5,1,1,TTTTATCCGTGAGGGGGCCT,0,922
TSS_1414_storz_regulondb,0.5,1,1,TTTTACGAGCCGATAGCCAA,0,65020
TSS_1414_storz_regulondb,0.5,1,1,TTTTAATATTGCACATTAGA,0,63161
TSS_1414_storz_regulondb,0.5,1,1,TTTGTTGCTGAGTTAGAGTC,0,74167
TSS_1414_storz_regulondb,0.5,1,1,TTTGTTGAAAGACACATCAA,0,71765
TSS_1414_storz_regulondb,0.5,1,1,TTTGTGGATCTACAAAGTGC,0,59805
TSS_1414_storz_regulondb,0.5,1,1,TTTGTATAGCAGGAATATTG,0,39056
TSS_1414_storz_regulondb,0.5,1,1,TTTGTAACGGGCACAAACAG,0,63478
TSS_1414_storz_regulondb,0.5,1,1,TTTGGTTTGCCTGGACAATG,0,49700
TSS_1414_storz_regulondb,0.5,1,1,TTTGGTTAGTCTATGGTTAC,0,67429
TSS_1414_storz_regulondb,0.5,1,1,TTTGGTTAGCTTCTACTGGT,0,13708
TSS_1414_storz_regulondb,0.5,1,1,TTTGGGATATACTATTGTAT,0,32171
TSS_1414_storz_regulondb,0.5,1,1,TTTGGCGCAACTGATTAGCG,0,71815
TSS_1414_storz_regulondb,0.5,1,1,TTTGGATCTAGTTCCACTGT,0,39751
TSS_1414_storz_regulondb,0.5,1,1,TTTGGAGTGGTAGAGTTCCC,0,10140
TSS_1414_storz_regulondb,0.5,1,1,TTTGCGTTCCGCTGGTTGCG,0,28444
TSS_1414_storz_regulondb,0.5,1,1,TTTGCAACGCACGATTGGCC,0,10410
TSS_1414_storz_regulondb,0.5,1,1,TTTGAGGCAGAACTGAGGGT,0,58525
TSS_1414_storz_regulondb,0.5,1,1,TTTGAGCTCGTGACTCGTCA,0,7150
TSS_1414_storz_regulondb,0.5,1,1,TTTGAACCCTAGTCTGAGCC,0,15595
TSS_1414_storz_regulondb,0.5,1,1,TTTCTGTGGACGAAAAAGAT,0,17721
TSS_1414_storz_regulondb,0.5,1,1,TTTCTGTATATTAAGATGGA,0,19970
TSS_1414_storz_regulondb,0.5,1,1,TTTCTGGCAATGTAACCTGC,0,79183
TSS_1414_storz_regulondb,0.5,1,1,TTTCTATATAACAGAACAAG,0,77022
TSS_1414_storz_regulondb,0.5,1,1,TTTCGTTCAGTGGCGGAATT,0,3692
TSS_1414_storz_regulondb,0.5,1,1,TTTCGGCCAACAGCCCGCAA,0,60190
TSS_1414_storz_regulondb,0.5,1,1,TTTCCGTGGCGTATTTGAGG,0,58934
TSS_1414_storz_regulondb,0.5,1,1,TTTCCCCGCGCTTCTCATGA,0,51852
TSS_1414_storz_regulondb,0.5,1,1,TTTCCCAACTTTCAAAAGCA,0,16063
TSS_1414_storz_regulondb,0.5,1,1,TTTCATTGGGCTAAGTAGAA,0,29933
TSS_1414_storz_regulondb,0.5,1,1,TTTCATCGCGGGAGGTAAAC,0,26388
TSS_1414_storz_regulondb,0.5,1,1,TTTCAATGATATGACCTTGC,0,70971
TSS_1414_storz_regulondb,0.5,1,1,TTTCAATCTATCGCTTCTAC,0,33633
TSS_1414_storz_regulondb,0.5,1,1,TTTATGCCCAGGGTCGGTCG,0,33600
TSS_1414_storz_regulondb,0.5,1,1,TTTATAGCTCACAGCAAGAG,0,51628
TSS_1414_storz_regulondb,0.5,1,1,TTTAGTTCGGTTCCTACCGT,0,1054
TSS_1414_storz_regulondb,0.5,1,1,TTTAGGTCAGTACATGCGTT,0,53497
TSS_1414_storz_regulondb,0.5,1,1,TTTACGGCTCCGCTAAGTCT,0,65372
TSS_1414_storz_regulondb,0.5,1,1,TTTACGGATCTGGACAAGGA,0,77840
TSS_1414_storz_regulondb,0.5,1,1,TTTAATATTATAGACCCGTC,0,40180
TSS_1414_storz_regulondb,0.5,1,1,TTTAAATCGTGGGTGTATTG,0,25288
TSS_1414_storz_regulondb,0.5,1,1,TTTAAAACTTCCCTGCGGGA,0,65502
TSS_1414_storz_regulondb,0.5,1,1,TTGTTTTCGTTGCGTATGGG,0,72985
TSS_1414_storz_regulondb,0.5,1,1,TTGTTCACCCTGATAGTGTA,0,45115
TSS_1414_storz_regulondb,0.5,1,1,TTGTCTATCAGTGGCGTCAC,0,70102
TSS_1414_storz_regulondb,0.5,1,1,TTGTCAGGTACCAGAGGGAA,0,22136
TSS_1414_storz_regulondb,0.5,1,1,TTGTATTTGAGGATTAAGTC,0,23308
TSS_1414_storz_regulondb,0.5,1,1,TTGTAACCATTAGTCCCACC,0,61740
TSS_1414_storz_regulondb,0.5,1,1,TTGGTTGTCTGCTGGGTGGT,0,69512
TSS_1414_storz_regulondb,0.5,1,1,TTGGTGTATGCCTCAAGTTC,0,52241
TSS_1414_storz_regulondb,0.5,1,1,TTGGTCTGATTTGGATATTT,0,6467
TSS_1414_storz_regulondb,0.5,1,1,TTGGTCGAGTAAATCGTCGG,0,61150
TSS_1414_storz_regulondb,0.5,1,1,TTGGTAGGCCTCACTCGCTC,0,60863
TSS_1414_storz_regulondb,0.5,1,1,TTGGGTCACCTGTTCTCCTA,0,22249
TSS_1414_storz_regulondb,0.5,1,1,TTGGGTAACTATCGCTGTTC,0,78754
TSS_1414_storz_regulondb,0.5,1,1,TTGGCAGAGGTGATCCCGCT,0,70184
TSS_1414_storz_regulondb,0.5,1,1,TTGGCACACATGCATTAACC,0,30996
TSS_1414_storz_regulondb,0.5,1,1,TTGCGTCTGTGAACACTCAT,0,11932
TSS_1414_storz_regulondb,0.5,1,1,TTGCGGTTCGTGTCGAAAAT,0,48603
TSS_1414_storz_regulondb,0.5,1,1,TTGCGGTACCCCACCTTGCT,0,31541
TSS_1414_storz_regulondb,0.5,1,1,TTGCGCCTAGATTGCGTTAA,0,58696
TSS_1414_storz_regulondb,0.5,1,1,TTGCCGGGCAGGGGCTCAGT,0,3228
TSS_1414_storz_regulondb,0.5,1,1,TTGCCGGAGGCGTCATCTCT,0,11294
TSS_1414_storz_regulondb,0.5,1,1,TTGCACCAGCCTCGGTGTGT,0,79365
TSS_1414_storz_regulondb,0.5,1,1,TTGCAAGGAGTCTGTAAAAT,0,75556
TSS_1414_storz_regulondb,0.5,1,1,TTGATCTCCGTTTAGGTATC,0,56919
TSS_1414_storz_regulondb,0.5,1,1,TTGATCTCCATCAGAGCACA,0,4846
TSS_1414_storz_regulondb,0.5,1,1,TTGAGTTCGGCGCTTTAAGT,0,8228
TSS_1414_storz_regulondb,0.5,1,1,TTGAGGGTCGCAGATCCTGG,0,26016
TSS_1414_storz_regulondb,0.5,1,1,TTGAGCCCCCCGAGGACCAG,0,54875
TSS_1414_storz_regulondb,0.5,1,1,TTGAGATGTAGTACGAGATA,0,62142
TSS_1414_storz_regulondb,0.5,1,1,TTGAGATCGGTTCCACATTG,0,37367
TSS_1414_storz_regulondb,0.5,1,1,TTGAGAACGCAAACCGGTAT,0,34091
TSS_1414_storz_regulondb,0.5,1,1,TTGACGATATGTTGAAGCTA,0,51595
TSS_1414_storz_regulondb,0.5,1,1,TTGACGACTGTTACAGTCAC,0,29817
TSS_1414_storz_regulondb,0.5,1,1,TTGACAGGGAAGTGTTGTCA,0,76200
TSS_1414_storz_regulondb,0.5,1,1,TTGACAACTTGTCATCGACT,0,65379
TSS_1414_storz_regulondb,0.5,1,1,TTCTTCGTTTCTTCTTATGC,0,33630
TSS_1414_storz_regulondb,0.5,1,1,TTCTGTAGAGTTGATTAGAT,0,30811
TSS_1414_storz_regulondb,0.5,1,1,TTCTGGTTGAAAGAAGTGTG,0,4122
TSS_1414_storz_regulondb,0.5,1,1,TTCTGGCTGAGACGTTGTAA,0,37860
TSS_1414_storz_regulondb,0.5,1,1,TTCTGAAGTGGAATGGGCTA,0,79730
TSS_1414_storz_regulondb,0.5,1,1,TTCTCTCCGGGACGTGGACA,0,69153
TSS_1414_storz_regulondb,0.5,1,1,TTCTCCACCTCCAGGGTATT,0,75723
TSS_1414_storz_regulondb,0.5,1,1,TTCTCATATATTGTGTAAAA,0,62994
TSS_1414_storz_regulondb,0.5,1,1,TTCTATTTACTCGGTTGCTC,0,73687
TSS_1414_storz_regulondb,0.5,1,1,TTCTACTGTAGGTGGAACTG,0,65547
TSS_1414_storz_regulondb,0.5,1,1,TTCTAACTTCCAACAGATGG,0,59407
TSS_1414_storz_regulondb,0.5,1,1,TTCTAACGAAGGGAGGCCGG,0,39182
TSS_1414_storz_regulondb,0.5,1,1,TTCTAACAGCTTGCACCGAA,0,77970
TSS_1414_storz_regulondb,0.5,1,1,TTCGTTGTCCATCAGATGTC,0,30383
TSS_1414_storz_regulondb,0.5,1,1,TTCGTTGAAATGCACAAGGA,0,12179
TSS_1414_storz_regulondb,0.5,1,1,TTCGTTCCTCGACATCAGGA,0,44310
TSS_1414_storz_regulondb,0.5,1,1,TTCGTTAAGGGAGGCCTACC,0,58350
TSS_1414_storz_regulondb,0.5,1,1,TTCGTGTGTGGTTCCAGCCA,0,75501
TSS_1414_storz_regulondb,0.5,1,1,TTCGTGCCTTTTCACAAGTT,0,14353
TSS_1414_storz_regulondb,0.5,1,1,TTCGTCCGATGATACGAGCT,0,39621
TSS_1414_storz_regulondb,0.5,1,1,TTCGGTATGAAGATTCCGGC,0,64598
TSS_1414_storz_regulondb,0.5,1,1,TTCGGAAGTCCAACCTTGGC,0,65768
TSS_1414_storz_regulondb,0.5,1,1,TTCGCGACTCAAGCGCACGA,0,6617
TSS_1414_storz_regulondb,0.5,1,1,TTCGCAACGGCTTCGGACCT,0,21306
TSS_1414_storz_regulondb,0.5,1,1,TTCGAATGCGTTTGATGCAA,0,7384
TSS_1414_storz_regulondb,0.5,1,1,TTCGAACTGTTTAATAAAGT,0,71097
TSS_1414_storz_regulondb,0.5,1,1,TTCCTCCGCTTATCTACCTC,0,72800
TSS_1414_storz_regulondb,0.5,1,1,TTCCGGGAGAAGTTGGTCTG,0,37245
TSS_1414_storz_regulondb,0.5,1,1,TTCCGGCATAGGAGACTGTG,0,24394
TSS_1414_storz_regulondb,0.5,1,1,TTCCGCAATTTATGGTACTC,0,2384
TSS_1414_storz_regulondb,0.5,1,1,TTCCGATTCGTTACGATCCT,0,74275
TSS_1414_storz_regulondb,0.5,1,1,TTCCGATATTTCTAGCTCGA,0,14077
TSS_1414_storz_regulondb,0.5,1,1,TTCCGAGAACCAGCACTTCC,0,62696
TSS_1414_storz_regulondb,0.5,1,1,TTCCCGGCTACTAGCTTGTC,0,40811
TSS_1414_storz_regulondb,0.5,1,1,TTCCATATTACCCGCTCTGA,0,65847
TSS_1414_storz_regulondb,0.5,1,1,TTCCAATTTTACCTCCTGAT,0,79360
TSS_1414_storz_regulondb,0.5,1,1,TTCCAAGCGCAAGTCCGGTA,0,71682
TSS_1414_storz_regulondb,0.5,1,1,TTCATTGTGCTCGGCAATCA,0,49907
TSS_1414_storz_regulondb,0.5,1,1,TTCATACTTGAAAATAAACA,0,25917
TSS_1414_storz_regulondb,0.5,1,1,TTCAGTAGCTCCTCCCGAGC,0,13120
TSS_1414_storz_regulondb,0.5,1,1,TTCAGAGGCGGTATAGCCCT,0,49618
TSS_1414_storz_regulondb,0.5,1,1,TTCAGAAGAGGCCTAAAAAC,0,16486
TSS_1414_storz_regulondb,0.5,1,1,TTCACTCTCGGTATTCGGGG,0,65154
TSS_1414_storz_regulondb,0.5,1,1,TTCAATATTATATATCATAT,0,41774
TSS_1414_storz_regulondb,0.5,1,1,TTCAATAATTTTTTATCGTA,0,24185
TSS_1414_storz_regulondb,0.5,1,1,TTATTGTATTTATTGTAGGT,0,41609
TSS_1414_storz_regulondb,0.5,1,1,TTATTGGATTTTAGGCTAAG,0,18318
TSS_1414_storz_regulondb,0.5,1,1,TTATTAAGATACGTGCCCTC,0,57870
TSS_1414_storz_regulondb,0.5,1,1,TTATGATAAAAACGTGGTGT,0,14966
TSS_1414_storz_regulondb,0.5,1,1,TTATGAAGGAAACTCTCACC,0,73933
TSS_1414_storz_regulondb,0.5,1,1,TTATGAAAGGACAGTGCAAG,0,73782
TSS_1414_storz_regulondb,0.5,1,1,TTATCTTCGGCGCTCCATTG,0,75842
TSS_1414_storz_regulondb,0.5,1,1,TTATCGAGAATTTAAGGACA,0,76650
TSS_1414_storz_regulondb,0.5,1,1,TTATCCTTCGCTGGCATGCC,0,19156
TSS_1414_storz_regulondb,0.5,1,1,TTATCCGGGAGTGTTGGTGG,0,1620
TSS_1414_storz_regulondb,0.5,1,1,TTATCACGTATTACGAGCAC,0,72820
TSS_1414_storz_regulondb,0.5,1,1,TTATATCGGTTCAACGTGTA,0,542
TSS_1414_storz_regulondb,0.5,1,1,TTATAGCCAGCACAATACCT,0,47741
TSS_1414_storz_regulondb,0.5,1,1,TTAGTTTCATGGTGTTCTAA,0,19363
TSS_1414_storz_regulondb,0.5,1,1,TTAGTTCACCTTGCTATTCT,0,10565
TSS_1414_storz_regulondb,0.5,1,1,TTAGTGCTCACACGGATCTG,0,70841
TSS_1414_storz_regulondb,0.5,1,1,TTAGTGCGTATATTAGCGAG,0,21283
TSS_1414_storz_regulondb,0.5,1,1,TTAGTCTCAGGCTAGGTTTT,0,11352
TSS_1414_storz_regulondb,0.5,1,1,TTAGTAGGCGGAAGGTTTTG,0,45000
TSS_1414_storz_regulondb,0.5,1,1,TTAGGTGATGTAGGGCTCTG,0,31645
TSS_1414_storz_regulondb,0.5,1,1,TTAGGTACATCCACAGTAGG,0,6810
TSS_1414_storz_regulondb,0.5,1,1,TTAGGCGAATTCCCCACCTT,0,51001
TSS_1414_storz_regulondb,0.5,1,1,TTAGGACGAACACATCACTA,0,33959
TSS_1414_storz_regulondb,0.5,1,1,TTAGCTGAGTTGACAGATGT,0,75332
TSS_1414_storz_regulondb,0.5,1,1,TTAGCTATCACCCAAAAGAC,0,56211
TSS_1414_storz_regulondb,0.5,1,1,TTAGATCTTGGATGAGACAC,0,5613
TSS_1414_storz_regulondb,0.5,1,1,TTACTTTTGTTCCGGGGCGC,0,75500
TSS_1414_storz_regulondb,0.5,1,1,TTACTTGATCCTTATCCGTA,0,33077
TSS_1414_storz_regulondb,0.5,1,1,TTACTCGTACGAGCTTGTAC,0,45674
TSS_1414_storz_regulondb,0.5,1,1,TTACGTACAAGGAATACAAA,0,70217
TSS_1414_storz_regulondb,0.5,1,1,TTACGATAATAAAGAAAGAT,0,46393
TSS_1414_storz_regulondb,0.5,1,1,TTACCTGAGTGTTCCTTGTT,0,10114
TSS_1414_storz_regulondb,0.5,1,1,TTACCGCGGGAAGTGGTTAC,0,10210
TSS_1414_storz_regulondb,0.5,1,1,TTACCCCGGGCCTATTAGCG,0,48524
TSS_1414_storz_regulondb,0.5,1,1,TTACCACCGCTTCGATATGA,0,2221
TSS_1414_storz_regulondb,0.5,1,1,TTACACTAAGGCCAAAGCAT,0,31398
TSS_1414_storz_regulondb,0.5,1,1,TTACACGTTGAGTGGACTTC,0,4158
TSS_1414_storz_regulondb,0.5,1,1,TTAATTCACCGAGTTTACTT,0,7527
TSS_1414_storz_regulondb,0.5,1,1,TTAATACTAATCTCCGCTGA,0,25063
TSS_1414_storz_regulondb,0.5,1,1,TTAAGGAGTGCACTTTCTAG,0,22363
TSS_1414_storz_regulondb,0.5,1,1,TTAAGCAATTGGTGCCGGCA,0,31967
TSS_1414_storz_regulondb,0.5,1,1,TTAAGAGGCACCCCGTTAGG,0,24353
TSS_1414_storz_regulondb,0.5,1,1,TTAAGAACCGAAGCGCAGGG,0,41228
TSS_1414_storz_regulondb,0.5,1,1,TTAACGTAAATTTTTGGTGG,0,77788
TSS_1414_storz_regulondb,0.5,1,1,TTAACCAAGTTCGCTCTCAG,0,62226
TSS_1414_storz_regulondb,0.5,1,1,TTAACAATGGCAGCAAAACT,0,45327
TSS_1414_storz_regulondb,0.5,1,1,TTAAACGTTCAGACCGCAAG,0,37023
TSS_1414_storz_regulondb,0.5,1,1,TTAAACAAGCCGGATTCTGT,0,47068
TSS_1414_storz_regulondb,0.5,1,1,TTAAAATGAAGAAATGGGCG,0,34899
TSS_1414_storz_regulondb,0.5,1,1,TGTTGTTGGTGCGAATTATC,0,4569
TSS_1414_storz_regulondb,0.5,1,1,TGTTGTTATTTTGATTTATT,0,12867
TSS_1414_storz_regulondb,0.5,1,1,TGTTGGCCCATTCCGGTTAG,0,52629
TSS_1414_storz_regulondb,0.5,1,1,TGTTGGATCGTAAATCGGAT,0,68295
TSS_1414_storz_regulondb,0.5,1,1,TGTTCTAAACATCGACTGCA,0,57823
TSS_1414_storz_regulondb,0.5,1,1,TGTTCGCGAGACACGTGATC,0,58711
TSS_1414_storz_regulondb,0.5,1,1,TGTTCCGGTGGCACAGAATC,0,43695
TSS_1414_storz_regulondb,0.5,1,1,TGTTCCGCTACATTCAAAAT,0,17344
TSS_1414_storz_regulondb,0.5,1,1,TGTTCCACCTTCTAAGCTTG,0,77151
TSS_1414_storz_regulondb,0.5,1,1,TGTTCCAATTTTCCGGTGAT,0,67028
TSS_1414_storz_regulondb,0.5,1,1,TGTTATACCTTTTCACTAGC,0,36930
TSS_1414_storz_regulondb,0.5,1,1,TGTTATAATGTTCGCCGGAG,0,20847
TSS_1414_storz_regulondb,0.5,1,1,TGTTACGTCCGAGTCCATTA,0,23279
TSS_1414_storz_regulondb,0.5,1,1,TGTTACGAGTCTGGACTTTA,0,6638
TSS_1414_storz_regulondb,0.5,1,1,TGTTACGACCACGCGGTGCC,0,25965
TSS_1414_storz_regulondb,0.5,1,1,TGTGTAGGTAGCTCTATTGT,0,1242
TSS_1414_storz_regulondb,0.5,1,1,TGTGTACATGCATGGCCCCG,0,59409
TSS_1414_storz_regulondb,0.5,1,1,TGTGGGCACATCGAGCTATT,0,71552
TSS_1414_storz_regulondb,0.5,1,1,TGTGGGAGCTTTCGAAGTAC,0,12124
TSS_1414_storz_regulondb,0.5,1,1,TGTGCTCATCTCAACCTCGT,0,13943
TSS_1414_storz_regulondb,0.5,1,1,TGTGCACCTTGTGGTGTTAG,0,45180
TSS_1414_storz_regulondb,0.5,1,1,TGTGATTGCGGCAATCTTCC,0,21159
TSS_1414_storz_regulondb,0.5,1,1,TGTGATGCTATCGGCCAGGT,0,47589
TSS_1414_storz_regulondb,0.5,1,1,TGTGAGCGAGTGGCTCTACA,0,68546
TSS_1414_storz_regulondb,0.5,1,1,TGTGAGACCGCCCGTGCGGA,0,46204
TSS_1414_storz_regulondb,0.5,1,1,TGTGAAGGGCACAGGGTCAA,0,19337
TSS_1414_storz_regulondb,0.5,1,1,TGTGAACCTTATTCCGTGGC,0,7539
TSS_1414_storz_regulondb,0.5,1,1,TGTGAAAGTCAGGTTGGTTT,0,35185
TSS_1414_storz_regulondb,0.5,1,1,TGTCGTTGTCTTGAGATCGG,0,48227
TSS_1414_storz_regulondb,0.5,1,1,TGTCGTACCATACCGTCCGT,0,9979
TSS_1414_storz_regulondb,0.5,1,1,TGTCGGTATAAAATTCAGTA,0,21276
TSS_1414_storz_regulondb,0.5,1,1,TGTCGCCATACAGGGTCAGC,0,32082
TSS_1414_storz_regulondb,0.5,1,1,TGTCGAGAATAATTAATTAG,0,66344
TSS_1414_storz_regulondb,0.5,1,1,TGTCGAAAGAGGATCGAATA,0,38375
TSS_1414_storz_regulondb,0.5,1,1,TGTCCTTAGTCCCGTTCAGA,0,40667
TSS_1414_storz_regulondb,0.5,1,1,TGTCATTTGAACTTCACAGT,0,18322
TSS_1414_storz_regulondb,0.5,1,1,TGTCATTCGACAATGATGCT,0,78719
TSS_1414_storz_regulondb,0.5,1,1,TGTCACATGAGCTCTCCTAC,0,40758
TSS_1414_storz_regulondb,0.5,1,1,TGTATTACCGGGACTGGTTA,0,80044
TSS_1414_storz_regulondb,0.5,1,1,TGTAGTAACCACGGACCGAC,0,15763
TSS_1414_storz_regulondb,0.5,1,1,TGTAGGACACTTCGGCTACG,0,45928
TSS_1414_storz_regulondb,0.5,1,1,TGTAGACTGGGTGAAAATTC,0,25044
TSS_1414_storz_regulondb,0.5,1,1,TGTACTTGTTTAGTGGCACG,0,27164
TSS_1414_storz_regulondb,0.5,1,1,TGTACCGAAAATGAAGGCTT,0,53115
TSS_1414_storz_regulondb,0.5,1,1,TGTACCAGGATTAAAGAGTA,0,365
TSS_1414_storz_regulondb,0.5,1,1,TGTACCAGGATGCGGTATAA,0,29599
TSS_1414_storz_regulondb,0.5,1,1,TGTACAGTGGCTTTAAGGGA,0,57898
TSS_1414_storz_regulondb,0.5,1,1,TGTAATCGACGCTTTGTTGT,0,46719
TSS_1414_storz_regulondb,0.5,1,1,TGTAACCAGGCGCGTTCGAT,0,25099
TSS_1414_storz_regulondb,0.5,1,1,TGGTTTGAGGGGCCTCGAAG,0,48133
TSS_1414_storz_regulondb,0.5,1,1,TGGTTTAGGGGATCGCCCCC,0,52648
TSS_1414_storz_regulondb,0.5,1,1,TGGTTGCGCCGTAGGCACTT,0,46587
TSS_1414_storz_regulondb,0.5,1,1,TGGTTCGTTATTGATATAGC,0,27063
TSS_1414_storz_regulondb,0.5,1,1,TGGTTCACGATGGTCTCTCG,0,27822
TSS_1414_storz_regulondb,0.5,1,1,TGGTGCTTTGTGGGGTACGG,0,2013
TSS_1414_storz_regulondb,0.5,1,1,TGGTGCATTGGACATCCGGG,0,31805
TSS_1414_storz_regulondb,0.5,1,1,TGGTATATTAGAAGCGGAGA,0,2800
TSS_1414_storz_regulondb,0.5,1,1,TGGTAGGTTTAGAAGTCCGC,0,44913
TSS_1414_storz_regulondb,0.5,1,1,TGGTACGCTGCACGGCCCCA,0,76255
TSS_1414_storz_regulondb,0.5,1,1,TGGTACATACGAGTATGGCT,0,54625
TSS_1414_storz_regulondb,0.5,1,1,TGGTACATAACGTGGGGGAA,0,43922
TSS_1414_storz_regulondb,0.5,1,1,TGGGTTTACTATTAATCAAG,0,36976
TSS_1414_storz_regulondb,0.5,1,1,TGGGTATCTAAACTCCCATA,0,79520
TSS_1414_storz_regulondb,0.5,1,1,TGGGGGGCTTTGCCAAAATC,0,49545
TSS_1414_storz_regulondb,0.5,1,1,TGGGGGCCTTGTCTGCTCAC,0,80704
TSS_1414_storz_regulondb,0.5,1,1,TGGGGGAGTTTTTGTATGGC,0,78093
TSS_1414_storz_regulondb,0.5,1,1,TGGGCCGTGCCGAGGACTGG,0,68114
TSS_1414_storz_regulondb,0.5,1,1,TGGGCATCCGTCCTCGTATC,0,48880
TSS_1414_storz_regulondb,0.5,1,1,TGGGCAGGAGAAAGGGCATT,0,25677
TSS_1414_storz_regulondb,0.5,1,1,TGGGCACTGCGGCGGAGTGG,0,36190
TSS_1414_storz_regulondb,0.5,1,1,TGGGCACGTGCTTTCGAGAG,0,40645
TSS_1414_storz_regulondb,0.5,1,1,TGGGCACCTGTACACGGTGA,0,74215
TSS_1414_storz_regulondb,0.5,1,1,TGGGATCCCTCATCATTTTC,0,80500
TSS_1414_storz_regulondb,0.5,1,1,TGGGACTATCGCCCCATTGA,0,63926
TSS_1414_storz_regulondb,0.5,1,1,TGGGACGCTCCAGGGGAACG,0,7756
TSS_1414_storz_regulondb,0.5,1,1,TGGCTTCCGCGGCCAGGTAT,0,22256
TSS_1414_storz_regulondb,0.5,1,1,TGGCTGTCTAGTCCTCCGCG,0,51618
TSS_1414_storz_regulondb,0.5,1,1,TGGCTCTAACAGGGTAGCGG,0,65596
TSS_1414_storz_regulondb,0.5,1,1,TGGCTCGCACACAGTGCGTC,0,53570
TSS_1414_storz_regulondb,0.5,1,1,TGGCTCAGAGCTTTCATGTC,0,347
TSS_1414_storz_regulondb,0.5,1,1,TGGCTAGTAACGTGGTCTCT,0,64180
TSS_1414_storz_regulondb,0.5,1,1,TGGCGGGGGTTGCGGACTTT,0,47696
TSS_1414_storz_regulondb,0.5,1,1,TGGCGGAAATCGTATAGAGT,0,9347
TSS_1414_storz_regulondb,0.5,1,1,TGGCGCCTAGCGGGTGCAGG,0,59359
TSS_1414_storz_regulondb,0.5,1,1,TGGCGAGACGTTGCCGACCA,0,855
TSS_1414_storz_regulondb,0.5,1,1,TGGCGACTGTGTATTGATAT,0,63321
TSS_1414_storz_regulondb,0.5,1,1,TGGCGAACGACGGGATCTCT,0,44502
TSS_1414_storz_regulondb,0.5,1,1,TGGCCTATGAGCAGTCTGTA,0,31611
TSS_1414_storz_regulondb,0.5,1,1,TGGATTCCCTCAGTGACTCA,0,16064
TSS_1414_storz_regulondb,0.5,1,1,TGGATGTGCGCTTGGGAGTT,0,34142
TSS_1414_storz_regulondb,0.5,1,1,TGGATCATAGTACCCGCCCC,0,51866
TSS_1414_storz_regulondb,0.5,1,1,TGGATATACAGTCGTATGAA,0,57851
TSS_1414_storz_regulondb,0.5,1,1,TGGAGGTACACACAGACCAT,0,21655
TSS_1414_storz_regulondb,0.5,1,1,TGGAGGGGCTTTATAGCGAG,0,55116
TSS_1414_storz_regulondb,0.5,1,1,TGGAGGACCGCCCAAGCATA,0,18358
TSS_1414_storz_regulondb,0.5,1,1,TGGAGCTCGCACTGTAACCA,0,20785
TSS_1414_storz_regulondb,0.5,1,1,TGGAGATGAACGCAGCGTAA,0,69426
TSS_1414_storz_regulondb,0.5,1,1,TGGAGAGTACCCGTTGAGGC,0,51353
TSS_1414_storz_regulondb,0.5,1,1,TGGAGACCCTAACAACCTCC,0,32440
TSS_1414_storz_regulondb,0.5,1,1,TGGAGACCCTAACAAACTCC,0,32403
TSS_1414_storz_regulondb,0.5,1,1,TGGACGGTACGACTAATTGG,0,45111
TSS_1414_storz_regulondb,0.5,1,1,TGGAATTGCTGAGTTGGTCT,0,58734
TSS_1414_storz_regulondb,0.5,1,1,TGGAATGGTCTAGGAACTAC,0,79649
TSS_1414_storz_regulondb,0.5,1,1,TGGAATGCATGGGGCTTCGA,0,29377
TSS_1414_storz_regulondb,0.5,1,1,TGGAAGCGCGTATCAATGTT,0,63254
TSS_1414_storz_regulondb,0.5,1,1,TGGAACGGGCGGTCCGAGGC,0,36674
TSS_1414_storz_regulondb,0.5,1,1,TGGAAAGGCCAACCGTCGCA,0,25453
TSS_1414_storz_regulondb,0.5,1,1,TGCTTCTCGGTACGCGATCC,0,33665
TSS_1414_storz_regulondb,0.5,1,1,TGCTTATAGACTGGAATAAG,0,45768
TSS_1414_storz_regulondb,0.5,1,1,TGCTGCGGTCATAGGTGACA,0,55882
TSS_1414_storz_regulondb,0.5,1,1,TGCTGCAATCTGAAGTCTAG,0,43267
TSS_1414_storz_regulondb,0.5,1,1,TGCTGACACGGATGAATACG,0,45158
TSS_1414_storz_regulondb,0.5,1,1,TGCTCTTTTGGGACAAGAGG,0,13224
TSS_1414_storz_regulondb,0.5,1,1,TGCTCGTGTGCCAAATTCAA,0,3232
TSS_1414_storz_regulondb,0.5,1,1,TGCTCGCGCCGTACTGGTAA,0,58623
TSS_1414_storz_regulondb,0.5,1,1,TGCTCCGGTATCAGTTCCAC,0,31610
TSS_1414_storz_regulondb,0.5,1,1,TGCTCAGGTGATTGTTGTTT,0,19423
TSS_1414_storz_regulondb,0.5,1,1,TGCTCAAAGGGTTATGTAAC,0,39052
TSS_1414_storz_regulondb,0.5,1,1,TGCTAGTGATCTCGTGATGT,0,79728
TSS_1414_storz_regulondb,0.5,1,1,TGCTACATGCTCATCTTCCT,0,75925
TSS_1414_storz_regulondb,0.5,1,1,TGCTAATGCTACTATATTCA,0,72417
TSS_1414_storz_regulondb,0.5,1,1,TGCGTCCGTTAGGCCGTTAA,0,80617
TSS_1414_storz_regulondb,0.5,1,1,TGCGTACTCGAATGCTTCCA,0,31450
TSS_1414_storz_regulondb,0.5,1,1,TGCGGCGCGGTTAAGTTGGG,0,14721
TSS_1414_storz_regulondb,0.5,1,1,TGCGGAAGAGTCTGACTGTG,0,66727
TSS_1414_storz_regulondb,0.5,1,1,TGCGCTGCTAACTATTGAGC,0,55200
TSS_1414_storz_regulondb,0.5,1,1,TGCGCGTTGGGGCGGCACTT,0,12059
TSS_1414_storz_regulondb,0.5,1,1,TGCGCGTCACGAATCGGGGT,0,78290
TSS_1414_storz_regulondb,0.5,1,1,TGCGCGGGCATAGGTTTGGA,0,54011
TSS_1414_storz_regulondb,0.5,1,1,TGCGCGATTTCGAAAAGATA,0,34563
TSS_1414_storz_regulondb,0.5,1,1,TGCGCGAGAATCTGTAATTA,0,27023
TSS_1414_storz_regulondb,0.5,1,1,TGCGCAAATGAACACGACAA,0,8264
TSS_1414_storz_regulondb,0.5,1,1,TGCGATGATACTGGCACTCA,0,13076
TSS_1414_storz_regulondb,0.5,1,1,TGCGAGCATGGGCCTTCTAG,0,52703
TSS_1414_storz_regulondb,0.5,1,1,TGCGACAGGACACCACGCTA,0,53571
TSS_1414_storz_regulondb,0.5,1,1,TGCCTCTGGATCCTGACCCC,0,41897
TSS_1414_storz_regulondb,0.5,1,1,TGCCTAGGTCGCTGGTCGCA,0,73221
TSS_1414_storz_regulondb,0.5,1,1,TGCCGACAGCCGCAAGTTCT,0,18258
TSS_1414_storz_regulondb,0.5,1,1,TGCCCCGACTTATCCTAACT,0,17992
TSS_1414_storz_regulondb,0.5,1,1,TGCCCCGACTATCCATCCGT,0,52727
TSS_1414_storz_regulondb,0.5,1,1,TGCCCAAAAAGATCCTCACT,0,50636
TSS_1414_storz_regulondb,0.5,1,1,TGCCATGTTTAGAAACACGC,0,24115
TSS_1414_storz_regulondb,0.5,1,1,TGCCATCTCCCTTGGCATAG,0,59621
TSS_1414_storz_regulondb,0.5,1,1,TGCCACTACACGATTAGGGG,0,28770
TSS_1414_storz_regulondb,0.5,1,1,TGCATGTCCACCACCTCTAC,0,17355
TSS_1414_storz_regulondb,0.5,1,1,TGCATCTGAGTACTGCTCCT,0,8769
TSS_1414_storz_regulondb,0.5,1,1,TGCATAAAAGAGCTTTAGCA,0,39554
TSS_1414_storz_regulondb,0.5,1,1,TGCAGGGTTAGAGCGCCGGT,0,9440
TSS_1414_storz_regulondb,0.5,1,1,TGCAATGACCCAGCAGTGCA,0,47551
TSS_1414_storz_regulondb,0.5,1,1,TGCAAGTTACCCAGGGTAAT,0,66312
TSS_1414_storz_regulondb,0.5,1,1,TGCAACCTAATTCTTACTAT,0,23956
TSS_1414_storz_regulondb,0.5,1,1,TGCAAATCCCATTTATTCGC,0,41164
TSS_1414_storz_regulondb,0.5,1,1,TGATTTGATGTGCCTAGGAT,0,70736
TSS_1414_storz_regulondb,0.5,1,1,TGATTTGATGACGTGGATGA,0,8682
TSS_1414_storz_regulondb,0.5,1,1,TGATTTCAACCAGCCGTATT,0,56009
TSS_1414_storz_regulondb,0.5,1,1,TGATTTATAATCCTCTCAAA,0,10110
TSS_1414_storz_regulondb,0.5,1,1,TGATTGTTGACTCTTGTTAG,0,17548
TSS_1414_storz_regulondb,0.5,1,1,TGATGTCGGGGGGACGGGAG,0,32078
TSS_1414_storz_regulondb,0.5,1,1,TGATGGCCTGTACCGATGGT,0,77690
TSS_1414_storz_regulondb,0.5,1,1,TGATGGATGGTAGCACGGAC,0,20710
TSS_1414_storz_regulondb,0.5,1,1,TGATGCCGCTGAAAGGCCCC,0,1129
TSS_1414_storz_regulondb,0.5,1,1,TGATGATAAACCCCCTGTGG,0,77754
TSS_1414_storz_regulondb,0.5,1,1,TGATCTCCAATCGGGCATCA,0,40223
TSS_1414_storz_regulondb,0.5,1,1,TGATCGGGTCCGTAGCCGGG,0,60146
TSS_1414_storz_regulondb,0.5,1,1,TGATCGAGGGGTCTAGTCGG,0,53071
TSS_1414_storz_regulondb,0.5,1,1,TGATCATGGTCTAACACGAG,0,74919
TSS_1414_storz_regulondb,0.5,1,1,TGATCAACGACTACTTGTGG,0,26122
TSS_1414_storz_regulondb,0.5,1,1,TGATATCATGGGGACTGCTA,0,10147
TSS_1414_storz_regulondb,0.5,1,1,TGATAGTACTGGGCTTTGTT,0,38473
TSS_1414_storz_regulondb,0.5,1,1,TGATAGGGAACAGCGCAAAC,0,12318
TSS_1414_storz_regulondb,0.5,1,1,TGATACTCGAAATTCGGCTT,0,54255
TSS_1414_storz_regulondb,0.5,1,1,TGATAATGTTGGGGGCATCC,0,65518
TSS_1414_storz_regulondb,0.5,1,1,TGATAAGCCATTCTACGCTT,0,42041
TSS_1414_storz_regulondb,0.5,1,1,TGAGTACCTTTGCACTATGC,0,66213
TSS_1414_storz_regulondb,0.5,1,1,TGAGTAATTGGATACCTCTG,0,55594
TSS_1414_storz_regulondb,0.5,1,1,TGAGTAACTAACCCGCAAAT,0,34173
TSS_1414_storz_regulondb,0.5,1,1,TGAGGATGTTGAGATAGAGT,0,32016
TSS_1414_storz_regulondb,0.5,1,1,TGAGGAGCATTGAACGGTGT,0,59882
TSS_1414_storz_regulondb,0.5,1,1,TGAGCTCTGCTAACCTTACC,0,42352
TSS_1414_storz_regulondb,0.5,1,1,TGAGCGAACCCTCAAAGGAC,0,35077
TSS_1414_storz_regulondb,0.5,1,1,TGAGATTTCAGCGAAAGATC,0,70466
TSS_1414_storz_regulondb,0.5,1,1,TGAGAGGATCGTCAACGACT,0,51715
TSS_1414_storz_regulondb,0.5,1,1,TGAGAAAACGATTCAAGAAC,0,78556
TSS_1414_storz_regulondb,0.5,1,1,TGACTTCGACGCTAGGTTCT,0,32495
TSS_1414_storz_regulondb,0.5,1,1,TGACTGCCCCCGATCCGGTG,0,3449
TSS_1414_storz_regulondb,0.5,1,1,TGACTGATTTAATATATCTC,0,47285
TSS_1414_storz_regulondb,0.5,1,1,TGACGGCGTTGCGGGAAAGC,0,76036
TSS_1414_storz_regulondb,0.5,1,1,TGACCTCCTACCGTCCAGAC,0,39110
TSS_1414_storz_regulondb,0.5,1,1,TGACCGCCCTGTTACAGTCG,0,31243
TSS_1414_storz_regulondb,0.5,1,1,TGACCCTCTTGGCCCAGGCG,0,6057
TSS_1414_storz_regulondb,0.5,1,1,TGACCCCGTCACGCTCAGTC,0,79449
TSS_1414_storz_regulondb,0.5,1,1,TGACCAATTTTCGGTGCGCA,0,78322
TSS_1414_storz_regulondb,0.5,1,1,TGACAACACTAGACACATGT,0,5094
TSS_1414_storz_regulondb,0.5,1,1,TGAATTAGAACCGTAAATGT,0,52421
TSS_1414_storz_regulondb,0.5,1,1,TGAATGTCTGGTGTCTTCGT,0,12714
TSS_1414_storz_regulondb,0.5,1,1,TGAATGCGCAAGGGTCAAGA,0,45444
TSS_1414_storz_regulondb,0.5,1,1,TGAATGCCAAAAAGGTCTCA,0,30859
TSS_1414_storz_regulondb,0.5,1,1,TGAATCGAAGTCTTTTATCC,0,27718
TSS_1414_storz_regulondb,0.5,1,1,TGAAGCGCTAGTTGCTCGGG,0,71361
TSS_1414_storz_regulondb,0.5,1,1,TGAAATGTACGACGAAGAGC,0,24241
TSS_1414_storz_regulondb,0.5,1,1,TGAAAAGAAACGTAGTGGCG,0,8400
TSS_1414_storz_regulondb,0.5,1,1,TCTTTTAGTTATGAGTAACA,0,62459
TSS_1414_storz_regulondb,0.5,1,1,TCTTTGGACTAAGGAACAGG,0,8392
TSS_1414_storz_regulondb,0.5,1,1,TCTTGAAGCATATGTGGTAA,0,24149
TSS_1414_storz_regulondb,0.5,1,1,TCTTCCGGATAGTATAACCC,0,22016
TSS_1414_storz_regulondb,0.5,1,1,TCTTCAAAGCAGGATTCGCA,0,60086
TSS_1414_storz_regulondb,0.5,1,1,TCTTAGGGGGAAAGATTTCC,0,57476
TSS_1414_storz_regulondb,0.5,1,1,TCTTACCACAGATAGATGCG,0,63977
TSS_1414_storz_regulondb,0.5,1,1,TCTTAAGTGTCGAGGTTCGT,0,19927
TSS_1414_storz_regulondb,0.5,1,1,TCTGTATTACCACGGCTCAA,0,22143
TSS_1414_storz_regulondb,0.5,1,1,TCTGGTCAAGTACGCCTACT,0,5842
TSS_1414_storz_regulondb,0.5,1,1,TCTGGGGATGCCGTTGGTTA,0,72152
TSS_1414_storz_regulondb,0.5,1,1,TCTGCATGGCCGGTGTATCG,0,15799
TSS_1414_storz_regulondb,0.5,1,1,TCTGCAGTGGGGTCACCGAA,0,64290
TSS_1414_storz_regulondb,0.5,1,1,TCTGCAATCTTGAATTCACA,0,7864
TSS_1414_storz_regulondb,0.5,1,1,TCTGATGGCGCCACCCCACA,0,40625
TSS_1414_storz_regulondb,0.5,1,1,TCTGATCATCCACAGCGTTC,0,940
TSS_1414_storz_regulondb,0.5,1,1,TCTGAGCACCGGCCTGTTTA,0,4723
TSS_1414_storz_regulondb,0.5,1,1,TCTGAGCAAGTTGGTCAGGC,0,15097
TSS_1414_storz_regulondb,0.5,1,1,TCTCTCTAGGATCATTCGGT,0,68932
TSS_1414_storz_regulondb,0.5,1,1,TCTCTCCTAGTTGGTGGATG,0,32943
TSS_1414_storz_regulondb,0.5,1,1,TCTCTCCACCTACTGTGATC,0,17761
TSS_1414_storz_regulondb,0.5,1,1,TCTCGCAATTGTAACGACTG,0,63599
TSS_1414_storz_regulondb,0.5,1,1,TCTCGAAGTTTGTAGTTAAG,0,55651
TSS_1414_storz_regulondb,0.5,1,1,TCTCGAAGTCTTTCATCCAA,0,73298
TSS_1414_storz_regulondb,0.5,1,1,TCTCCAGAAGCAGCGCGTAC,0,80737
TSS_1414_storz_regulondb,0.5,1,1,TCTCCACCGTCTATTGCAAC,0,61642
TSS_1414_storz_regulondb,0.5,1,1,TCTCCAACTGGACGCAATGA,0,19294
TSS_1414_storz_regulondb,0.5,1,1,TCTCACCGGGTAAGTTTACA,0,66599
TSS_1414_storz_regulondb,0.5,1,1,TCTCAAAGAAGGCCAGGGGA,0,77935
TSS_1414_storz_regulondb,0.5,1,1,TCTATTCGCAGCCACTAGCG,0,16331
TSS_1414_storz_regulondb,0.5,1,1,TCTATCGGTGGGGAAGGGTT,0,64546
TSS_1414_storz_regulondb,0.5,1,1,TCTATAGGGATCACGATTCA,0,40551
TSS_1414_storz_regulondb,0.5,1,1,TCTAGTGTGCTCAAAGGCCA,0,61259
TSS_1414_storz_regulondb,0.5,1,1,TCTAGTCGCCCGACGAGGCA,0,48540
TSS_1414_storz_regulondb,0.5,1,1,TCTAGTAGTAACTAGCTTCT,0,60284
TSS_1414_storz_regulondb,0.5,1,1,TCTAGGGACACACTTCTTCT,0,5795
TSS_1414_storz_regulondb,0.5,1,1,TCTAGCTGCGTTGTAAAATA,0,43551
TSS_1414_storz_regulondb,0.5,1,1,TCTAGCATTATATCGGTTAG,0,69966
TSS_1414_storz_regulondb,0.5,1,1,TCTACTGCCGATCCCCTTCC,0,17135
TSS_1414_storz_regulondb,0.5,1,1,TCTACCGGTACAGGAGCCAG,0,18046
TSS_1414_storz_regulondb,0.5,1,1,TCTACCAGAGTGCTCACGGG,0,36929
TSS_1414_storz_regulondb,0.5,1,1,TCTACAATCGACAGCTCATG,0,78350
TSS_1414_storz_regulondb,0.5,1,1,TCTAATTTGCAGGATACAGG,0,62323
TSS_1414_storz_regulondb,0.5,1,1,TCTAAGTTCAGCATGTCTAA,0,41041
TSS_1414_storz_regulondb,0.5,1,1,TCTAAATAGGAAGGGGGCAA,0,39566
TSS_1414_storz_regulondb,0.5,1,1,TCGTTTACTCGTGGTGGCAA,0,26021
TSS_1414_storz_regulondb,0.5,1,1,TCGTTGCCGTCTATCATGTG,0,22439
TSS_1414_storz_regulondb,0.5,1,1,TCGTGTCTCCTACTATCAGA,0,68045
TSS_1414_storz_regulondb,0.5,1,1,TCGTGGATGAACACTACCTT,0,27373
TSS_1414_storz_regulondb,0.5,1,1,TCGTGGAAAACCGGCTCGTT,0,13259
TSS_1414_storz_regulondb,0.5,1,1,TCGTGCGGCGTAATGATATT,0,25019
TSS_1414_storz_regulondb,0.5,1,1,TCGTAATAACCGTATCCCGT,0,19710
TSS_1414_storz_regulondb,0.5,1,1,TCGGTTCCTTCCCTGATCGC,0,75737
TSS_1414_storz_regulondb,0.5,1,1,TCGGTTACGGATGACTATCC,0,69955
TSS_1414_storz_regulondb,0.5,1,1,TCGGTAATGGTCCGCACTTA,0,60864
TSS_1414_storz_regulondb,0.5,1,1,TCGGGGTGCGTGGATATGAG,0,39634
TSS_1414_storz_regulondb,0.5,1,1,TCGGGGTGACATGAGGAGGT,0,63340
TSS_1414_storz_regulondb,0.5,1,1,TCGGGGTATAATTTATTCGG,0,63284
TSS_1414_storz_regulondb,0.5,1,1,TCGGGGGTGTATAATACGCA,0,17201
TSS_1414_storz_regulondb,0.5,1,1,TCGGGGGGGACGTGAGGGGG,0,36508
TSS_1414_storz_regulondb,0.5,1,1,TCGGGGAGTTGCCACGTGAC,0,71375
TSS_1414_storz_regulondb,0.5,1,1,TCGGGCATAGAGCGTTTATC,0,31530
TSS_1414_storz_regulondb,0.5,1,1,TCGGGACGCGTGCATCGGAT,0,46094
TSS_1414_storz_regulondb,0.5,1,1,TCGGCCCGGACTTTAATACC,0,61967
TSS_1414_storz_regulondb,0.5,1,1,TCGGCAGACGTTGAAACTTT,0,46325
TSS_1414_storz_regulondb,0.5,1,1,TCGGAGCAGCGACATAAGCC,0,15551
TSS_1414_storz_regulondb,0.5,1,1,TCGCTGCGGTTGAATATCAT,0,33515
TSS_1414_storz_regulondb,0.5,1,1,TCGCTCCCGCCAAAGGGTAT,0,29536
TSS_1414_storz_regulondb,0.5,1,1,TCGCTCAGTTTTCCTGGTGG,0,78449
TSS_1414_storz_regulondb,0.5,1,1,TCGCGTATTGGTATTCTATT,0,21775
TSS_1414_storz_regulondb,0.5,1,1,TCGCGGTAACATCTTTAGGT,0,28856
TSS_1414_storz_regulondb,0.5,1,1,TCGCGAGCTTTTTTGCTAAG,0,60493
TSS_1414_storz_regulondb,0.5,1,1,TCGCGAAAACCGGGTCTTCA,0,43965
TSS_1414_storz_regulondb,0.5,1,1,TCGCCTGCCGATAAGAACCC,0,53586
TSS_1414_storz_regulondb,0.5,1,1,TCGCCATTCTGATCCTAGGC,0,69467
TSS_1414_storz_regulondb,0.5,1,1,TCGCATTGCAGCTGCACGCT,0,65243
TSS_1414_storz_regulondb,0.5,1,1,TCGCATCAGGCCCGGTGTGA,0,65618
TSS_1414_storz_regulondb,0.5,1,1,TCGCACGCAACTGTAAAGTT,0,19510
TSS_1414_storz_regulondb,0.5,1,1,TCGAGTTACTCGCGTACCAC,0,71596
TSS_1414_storz_regulondb,0.5,1,1,TCGAGCCTCTGCACGTCCGC,0,34551
TSS_1414_storz_regulondb,0.5,1,1,TCGACAAGAAATGTTTCGTC,0,73003
TSS_1414_storz_regulondb,0.5,1,1,TCGAATTCTCATAGTTGGTC,0,8397
TSS_1414_storz_regulondb,0.5,1,1,TCGAATATGCAACCATCAAT,0,17610
TSS_1414_storz_regulondb,0.5,1,1,TCGAAGGAGTATCATGCACG,0,24138
TSS_1414_storz_regulondb,0.5,1,1,TCCTGTAGTTGGAGACCTGG,0,21371
TSS_1414_storz_regulondb,0.5,1,1,TCCTGGAAACTGACACGTCC,0,21596
TSS_1414_storz_regulondb,0.5,1,1,TCCTGCGCGTACTAACTCCA,0,76226
TSS_1414_storz_regulondb,0.5,1,1,TCCTGCAGCACGCCCGGCCA,0,25809
TSS_1414_storz_regulondb,0.5,1,1,TCCTGATGCTCTTTTCCTAA,0,57146
TSS_1414_storz_regulondb,0.5,1,1,TCCTGAGAATGAAAAATCCC,0,28043
TSS_1414_storz_regulondb,0.5,1,1,TCCTCGGGCAGCGCGAACTA,0,43288
TSS_1414_storz_regulondb,0.5,1,1,TCCTCCATGCTATCCACATT,0,44204
TSS_1414_storz_regulondb,0.5,1,1,TCCTATGCTGTCGTGATTAT,0,32238
TSS_1414_storz_regulondb,0.5,1,1,TCCTAGGGTCGCCCATGCGG,0,7997
TSS_1414_storz_regulondb,0.5,1,1,TCCTACGCAGCAGCCTGTCA,0,25371
TSS_1414_storz_regulondb,0.5,1,1,TCCGTTAGTAATGCCCAAGC,0,75105
TSS_1414_storz_regulondb,0.5,1,1,TCCGTGCCCGGACAGATATT,0,1739
TSS_1414_storz_regulondb,0.5,1,1,TCCGGGAGGGTTTATGCCAG,0,63720
TSS_1414_storz_regulondb,0.5,1,1,TCCGGCAATCATCCCTCTAG,0,37196
TSS_1414_storz_regulondb,0.5,1,1,TCCGGATAACTGTCAACAGG,0,32362
TSS_1414_storz_regulondb,0.5,1,1,TCCGCTACAGTTTGGTTTCA,0,79751
TSS_1414_storz_regulondb,0.5,1,1,TCCGAGGGGTTAAAGGGTAT,0,55657
TSS_1414_storz_regulondb,0.5,1,1,TCCGACCGGTCACGTAGGTT,0,55318
TSS_1414_storz_regulondb,0.5,1,1,TCCCTTCCGATTCCCTACAC,0,24533
TSS_1414_storz_regulondb,0.5,1,1,TCCCTGATTCATCACAGCAC,0,28626
TSS_1414_storz_regulondb,0.5,1,1,TCCCTCCTCTTCCGAGGGTC,0,8530
TSS_1414_storz_regulondb,0.5,1,1,TCCCTCCGTTAACTCAAGGG,0,39200
TSS_1414_storz_regulondb,0.5,1,1,TCCCTAGAGTTCACCAGCGG,0,49019
TSS_1414_storz_regulondb,0.5,1,1,TCCCTACGCAGGTGCGAAAA,0,5712
TSS_1414_storz_regulondb,0.5,1,1,TCCCGGTCCATCCAACCGCA,0,47944
TSS_1414_storz_regulondb,0.5,1,1,TCCCGGGTAATCTAAGCCTT,0,77341
TSS_1414_storz_regulondb,0.5,1,1,TCCCGCGACACGGGATTCTG,0,18230
TSS_1414_storz_regulondb,0.5,1,1,TCCCCTTTCTGGTTCCAGTG,0,60171
TSS_1414_storz_regulondb,0.5,1,1,TCCCCTCATTTCGTCTGAAC,0,80163
TSS_1414_storz_regulondb,0.5,1,1,TCCCCGGGTGCCAAAGGCTC,0,43463
TSS_1414_storz_regulondb,0.5,1,1,TCCCCATGTTGTACATAGGT,0,49056
TSS_1414_storz_regulondb,0.5,1,1,TCCCATGGATGGCCTCTCGC,0,22987
TSS_1414_storz_regulondb,0.5,1,1,TCCCATCGCGCGCTCAAGAC,0,44934
TSS_1414_storz_regulondb,0.5,1,1,TCCCAGTGAATTAACGCGGG,0,60787
TSS_1414_storz_regulondb,0.5,1,1,TCCATTTAAAACCTCTGGGG,0,58063
TSS_1414_storz_regulondb,0.5,1,1,TCCATTCGTACTTCTATGTT,0,7056
TSS_1414_storz_regulondb,0.5,1,1,TCCATCGTCGGAAATAATGA,0,71024
TSS_1414_storz_regulondb,0.5,1,1,TCCATAAGAGCCCTGCAATT,0,12655
TSS_1414_storz_regulondb,0.5,1,1,TCCAGTTAGGCATCTTACGG,0,59161
TSS_1414_storz_regulondb,0.5,1,1,TCCAGTCCAGTGAATGACCT,0,52066
TSS_1414_storz_regulondb,0.5,1,1,TCCACTTGGTCACTTTTCCT,0,42823
TSS_1414_storz_regulondb,0.5,1,1,TCCACGTTTCGGGCTCGTAA,0,34723
TSS_1414_storz_regulondb,0.5,1,1,TCCACGCGGGTGGGGTTTAA,0,6494
TSS_1414_storz_regulondb,0.5,1,1,TCCACGAGGGTGCTCTCGTG,0,53310
TSS_1414_storz_regulondb,0.5,1,1,TCCACAAGGCCGGGTGACAT,0,54772
TSS_1414_storz_regulondb,0.5,1,1,TCCAAGGAGTGGTCCTAGGA,0,72771
TSS_1414_storz_regulondb,0.5,1,1,TCCAAAAGGGTTATGTCGTA,0,14627
TSS_1414_storz_regulondb,0.5,1,1,TCATTGACATTACATTGTTG,0,65753
TSS_1414_storz_regulondb,0.5,1,1,TCATTCCGATCGTTGACCTG,0,19075
TSS_1414_storz_regulondb,0.5,1,1,TCATTACTTACTAGTCAGAA,0,10125
TSS_1414_storz_regulondb,0.5,1,1,TCATTACAACAATCGTACTA,0,30310
TSS_1414_storz_regulondb,0.5,1,1,TCATGAGCATTACCTGCACA,0,4921
TSS_1414_storz_regulondb,0.5,1,1,TCATCCTTAACTCTATGATG,0,25755
TSS_1414_storz_regulondb,0.5,1,1,TCATCAGGGGAAGGTAGGGT,0,68128
TSS_1414_storz_regulondb,0.5,1,1,TCATCAGCGCTGTTCGAAAA,0,48381
TSS_1414_storz_regulondb,0.5,1,1,TCATACGATAAGCCTCAAGC,0,44211
TSS_1414_storz_regulondb,0.5,1,1,TCATAAAAAGTCCAGGTGCC,0,53329
TSS_1414_storz_regulondb,0.5,1,1,TCAGTTTCGGCTAGTGCTGC,0,14744
TSS_1414_storz_regulondb,0.5,1,1,TCAGTGTCTATGATCTGGAC,0,18106
TSS_1414_storz_regulondb,0.5,1,1,TCAGTGTCGGTGTAATAATT,0,14338
TSS_1414_storz_regulondb,0.5,1,1,TCAGTGAGAATCAATACTAC,0,23954
TSS_1414_storz_regulondb,0.5,1,1,TCAGGTATCAAGGGCTAGCG,0,14358
TSS_1414_storz_regulondb,0.5,1,1,TCAGGTACACAAACAGCCGA,0,14152
TSS_1414_storz_regulondb,0.5,1,1,TCAGGGATATATAGTCTCTA,0,11245
TSS_1414_storz_regulondb,0.5,1,1,TCAGCGGGAATAATTGTTGG,0,57520
TSS_1414_storz_regulondb,0.5,1,1,TCAGCAGGCATTGAGACCCT,0,46278
TSS_1414_storz_regulondb,0.5,1,1,TCAGACACTGCAGTGCCATA,0,47220
TSS_1414_storz_regulondb,0.5,1,1,TCACGTCCCTTACCTCTAGT,0,49230
TSS_1414_storz_regulondb,0.5,1,1,TCACGCTGTTGTCGTCCACT,0,36467
TSS_1414_storz_regulondb,0.5,1,1,TCACCTACCGGACTTCGACG,0,46366
TSS_1414_storz_regulondb,0.5,1,1,TCACCGGAAAGGCGTTAGTG,0,17589
TSS_1414_storz_regulondb,0.5,1,1,TCACCCTACTCAACGCGTCA,0,75395
TSS_1414_storz_regulondb,0.5,1,1,TCACCCCCTGCGGTAGCGCA,0,10421
TSS_1414_storz_regulondb,0.5,1,1,TCACCATTTTGAGCAAGGTG,0,51986
TSS_1414_storz_regulondb,0.5,1,1,TCACAGCCAGTTTCTCTAAA,0,67926
TSS_1414_storz_regulondb,0.5,1,1,TCACAAACCGACGGTCTCCT,0,73588
TSS_1414_storz_regulondb,0.5,1,1,TCAATCGTCAAGGCGAGAAT,0,6070
TSS_1414_storz_regulondb,0.5,1,1,TCAATAGAGTTAAGTAACAG,0,72294
TSS_1414_storz_regulondb,0.5,1,1,TCAATAATCGGCTAACGCAC,0,18546
TSS_1414_storz_regulondb,0.5,1,1,TCAAGTCTGGCACAACAAGT,0,52574
TSS_1414_storz_regulondb,0.5,1,1,TCAAGGGCAATTGATGGTTC,0,35542
TSS_1414_storz_regulondb,0.5,1,1,TCAAGCAAAGCCTTGACACA,0,76856
TSS_1414_storz_regulondb,0.5,1,1,TCAACAGATTGGGATATTAC,0,80672
TSS_1414_storz_regulondb,0.5,1,1,TCAAATTTCGATTCGAGTCG,0,16748
TSS_1414_storz_regulondb,0.5,1,1,TCAAATGCAAATGCCCATGT,0,623
TSS_1414_storz_regulondb,0.5,1,1,TCAAAACGGGCACGTCACGA,0,10347
TSS_1414_storz_regulondb,0.5,1,1,TATTTTTACCACCGCTCAAC,0,4009
TSS_1414_storz_regulondb,0.5,1,1,TATTTTGATATTTGAGATGT,0,6717
TSS_1414_storz_regulondb,0.5,1,1,TATTTCGAGACTACTCCGGT,0,42248
TSS_1414_storz_regulondb,0.5,1,1,TATTTCCGGCTTAGGCAAAC,0,14600
TSS_1414_storz_regulondb,0.5,1,1,TATTGTACAAGGAAGCGACA,0,18648
TSS_1414_storz_regulondb,0.5,1,1,TATTGAATCCCTTGTGCGGG,0,26582
TSS_1414_storz_regulondb,0.5,1,1,TATTCGAATCGTTCTATGGC,0,36024
TSS_1414_storz_regulondb,0.5,1,1,TATTCAATCCTCATGGAAAT,0,70997
TSS_1414_storz_regulondb,0.5,1,1,TATTAGTCGGTCGGCTTCCG,0,75799
TSS_1414_storz_regulondb,0.5,1,1,TATTACCACTGCCCGCTAAT,0,31032
TSS_1414_storz_regulondb,0.5,1,1,TATGTTGGACACTTCTCCTC,0,69395
TSS_1414_storz_regulondb,0.5,1,1,TATGTCAACTTAGTTGAAGC,0,20524
TSS_1414_storz_regulondb,0.5,1,1,TATGGGGCTCATATCAAAAT,0,41088
TSS_1414_storz_regulondb,0.5,1,1,TATGGCAATTAATAAAGTGC,0,18270
TSS_1414_storz_regulondb,0.5,1,1,TATGGATCACGGACCCGCTG,0,24424
TSS_1414_storz_regulondb,0.5,1,1,TATGCCATGCGGCCCATAGA,0,36423
TSS_1414_storz_regulondb,0.5,1,1,TATGACGAGGATCGGCGGAA,0,18893
TSS_1414_storz_regulondb,0.5,1,1,TATGAAGCAGGTGTCGGGTC,0,42522
TSS_1414_storz_regulondb,0.5,1,1,TATCTTTGTGCAAGCCTAAT,0,52312
TSS_1414_storz_regulondb,0.5,1,1,TATCTGTAGAAAGTGGGTAC,0,51953
TSS_1414_storz_regulondb,0.5,1,1,TATCTATATCCGACTGAGAA,0,31381
TSS_1414_storz_regulondb,0.5,1,1,TATCGTAATACCTACTTTTC,0,57825
TSS_1414_storz_regulondb,0.5,1,1,TATCGTAAAATCCCCAAGTT,0,5499
TSS_1414_storz_regulondb,0.5,1,1,TATCGGAATTGAACATCGCA,0,57440
TSS_1414_storz_regulondb,0.5,1,1,TATCCTGTAAACAGTGTGAC,0,62624
TSS_1414_storz_regulondb,0.5,1,1,TATCCCACACAGTTGGATAC,0,25759
TSS_1414_storz_regulondb,0.5,1,1,TATCCACGTACCAGTTTATC,0,65996
TSS_1414_storz_regulondb,0.5,1,1,TATCCACCAGTCGATTTGTC,0,13952
TSS_1414_storz_regulondb,0.5,1,1,TATCAGGTTCGACCGAACGA,0,76875
TSS_1414_storz_regulondb,0.5,1,1,TATCAGAAAAATGGAAACAC,0,69041
TSS_1414_storz_regulondb,0.5,1,1,TATCAAGGACGTGCGGGTGA,0,9093
TSS_1414_storz_regulondb,0.5,1,1,TATCAAGACCATTCGAGCTG,0,7162
TSS_1414_storz_regulondb,0.5,1,1,TATATGTTGACCGTCTCGCG,0,58019
TSS_1414_storz_regulondb,0.5,1,1,TATATACCGTTTAGAAAGTG,0,9277
TSS_1414_storz_regulondb,0.5,1,1,TATATAAGATAACGTTTTGT,0,36487
TSS_1414_storz_regulondb,0.5,1,1,TATAGTTACTAATGATTAAA,0,39665
TSS_1414_storz_regulondb,0.5,1,1,TATAGGGACGTCGTTCCTTG,0,4509
TSS_1414_storz_regulondb,0.5,1,1,TATACCTGTTCTGCATTTTC,0,56862
TSS_1414_storz_regulondb,0.5,1,1,TATAACTGGGAGTTTGTGGA,0,12285
TSS_1414_storz_regulondb,0.5,1,1,TATAACGTCGCTATTCCAGG,0,37083
TSS_1414_storz_regulondb,0.5,1,1,TATAACCTTCGGAGGTGGTT,0,17152
TSS_1414_storz_regulondb,0.5,1,1,TATAACACTCGGTCAGACAT,0,41715
TSS_1414_storz_regulondb,0.5,1,1,TAGTATAGGTCCTTCCGAAG,0,48080
TSS_1414_storz_regulondb,0.5,1,1,TAGTAAACGGAGGAAGCGAT,0,2463
TSS_1414_storz_regulondb,0.5,1,1,TAGGTTGGTGATATGGGACG,0,25439
TSS_1414_storz_regulondb,0.5,1,1,TAGGTCTTTCATGTGTCACC,0,58675
TSS_1414_storz_regulondb,0.5,1,1,TAGGGTTGGAAGACGGCACT,0,5170
TSS_1414_storz_regulondb,0.5,1,1,TAGGGCGTATTCTGGGTCTT,0,18035
TSS_1414_storz_regulondb,0.5,1,1,TAGGACTGTCACGGCTTGTA,0,80744
TSS_1414_storz_regulondb,0.5,1,1,TAGCTATGCCATAGGGAGGC,0,4136
TSS_1414_storz_regulondb,0.5,1,1,TAGCGTTCCTTCTATCCTAT,0,47854
TSS_1414_storz_regulondb,0.5,1,1,TAGCGCGCATCCGTAACCTA,0,5909
TSS_1414_storz_regulondb,0.5,1,1,TAGCGAGTACCGGTTTTTTA,0,44249
TSS_1414_storz_regulondb,0.5,1,1,TAGCGAGAGGCAGTATACAA,0,63148
TSS_1414_storz_regulondb,0.5,1,1,TAGCCCGATTTCATTGGGGC,0,46844
TSS_1414_storz_regulondb,0.5,1,1,TAGCCACCTAGCTGGGCTAA,0,25618
TSS_1414_storz_regulondb,0.5,1,1,TAGCATCAGCCCAAAACTAC,0,23148
TSS_1414_storz_regulondb,0.5,1,1,TAGCACTGGGGGCTGAGTTC,0,6488
TSS_1414_storz_regulondb,0.5,1,1,TAGCAAAGCTTCATGCTGCC,0,31849
TSS_1414_storz_regulondb,0.5,1,1,TAGATGCGAGCCAAATAGTT,0,41986
TSS_1414_storz_regulondb,0.5,1,1,TAGATAATCGCCAGGCATCA,0,58064
TSS_1414_storz_regulondb,0.5,1,1,TAGAGGCAGACCATTCGTGA,0,57114
TSS_1414_storz_regulondb,0.5,1,1,TAGACTTGCCCAAGTCGATG,0,73854
TSS_1414_storz_regulondb,0.5,1,1,TAGACGGCACCCTACCTCTG,0,78362
TSS_1414_storz_regulondb,0.5,1,1,TAGACACACGCGGCACAAAA,0,71413
TSS_1414_storz_regulondb,0.5,1,1,TAGACAATCCCGTGATGATC,0,76318
TSS_1414_storz_regulondb,0.5,1,1,TAGACAACATTTGGACTCCA,0,857
TSS_1414_storz_regulondb,0.5,1,1,TAGAAGCCAACGCGACCTTC,0,746
TSS_1414_storz_regulondb,0.5,1,1,TAGAAATATCGTTCAGAATC,0,60649
TSS_1414_storz_regulondb,0.5,1,1,TACTTCCATAGACAGCTGGG,0,46243
TSS_1414_storz_regulondb,0.5,1,1,TACTTAGATACCTATCGTCG,0,65223
TSS_1414_storz_regulondb,0.5,1,1,TACTCTTACAGCGACATAAA,0,28885
TSS_1414_storz_regulondb,0.5,1,1,TACTCTGGCAGGACGGTGCA,0,12683
TSS_1414_storz_regulondb,0.5,1,1,TACTCTGCGCACATCCAAGG,0,34202
TSS_1414_storz_regulondb,0.5,1,1,TACTCCGGAAATTAAAAATA,0,54817
TSS_1414_storz_regulondb,0.5,1,1,TACTCCGCTCACGGTCAAAA,0,19594
TSS_1414_storz_regulondb,0.5,1,1,TACTAAATGTCCAGGCAGGG,0,78238
TSS_1414_storz_regulondb,0.5,1,1,TACGTCATTGAGCGTGGCAT,0,19132
TSS_1414_storz_regulondb,0.5,1,1,TACGGTGTTTCCGGACTGCG,0,55356
TSS_1414_storz_regulondb,0.5,1,1,TACGGTAAGATTGTCAAAAT,0,24109
TSS_1414_storz_regulondb,0.5,1,1,TACGCCCAGCCCAGCACATT,0,34330
TSS_1414_storz_regulondb,0.5,1,1,TACGAGGTGGACGATTTATT,0,21543
TSS_1414_storz_regulondb,0.5,1,1,TACGAGGGCCGCCCTACAGA,0,50934
TSS_1414_storz_regulondb,0.5,1,1,TACGAGGCATCGACGGCTCC,0,80682
TSS_1414_storz_regulondb,0.5,1,1,TACCTTATGAGGGGGTCCTT,0,41231
TSS_1414_storz_regulondb,0.5,1,1,TACCTACTGATTAGGCAAGA,0,36921
TSS_1414_storz_regulondb,0.5,1,1,TACCGGTAAAAGTAATGTCC,0,61391
TSS_1414_storz_regulondb,0.5,1,1,TACCGGGTGTCGGGTGCGGC,0,13778
TSS_1414_storz_regulondb,0.5,1,1,TACCCGTTTACTCTATGGTT,0,5035
TSS_1414_storz_regulondb,0.5,1,1,TACCCGGACGAATCGTAGGG,0,69182
TSS_1414_storz_regulondb,0.5,1,1,TACCCAAGCGTTCGGCCCAG,0,31115
TSS_1414_storz_regulondb,0.5,1,1,TACCACATTAGCATACGTGA,0,7185
TSS_1414_storz_regulondb,0.5,1,1,TACATTTTGGCCCGCTACTG,0,43179
TSS_1414_storz_regulondb,0.5,1,1,TACATTTGTCAACCCTACAA,0,35779
TSS_1414_storz_regulondb,0.5,1,1,TACATTAGGTCCGCCAAGTA,0,21679
TSS_1414_storz_regulondb,0.5,1,1,TACATTAATGTCCAAGGCGC,0,12749
TSS_1414_storz_regulondb,0.5,1,1,TACATGGATCGACGTTCCGC,0,74783
TSS_1414_storz_regulondb,0.5,1,1,TACATGGAAATCAGTATTAC,0,78935
TSS_1414_storz_regulondb,0.5,1,1,TACAGTCGCGTGCAAAACCA,0,53797
TSS_1414_storz_regulondb,0.5,1,1,TACAGCAACATGCGGATAGT,0,50754
TSS_1414_storz_regulondb,0.5,1,1,TACACTCGGACGTATTCCGG,0,63918
TSS_1414_storz_regulondb,0.5,1,1,TACACATGCCGTTGGATGGC,0,521
TSS_1414_storz_regulondb,0.5,1,1,TACAACACGAGAACTTAAAG,0,78912
TSS_1414_storz_regulondb,0.5,1,1,TAATTTGGTGGTTCCTGTGC,0,64988
TSS_1414_storz_regulondb,0.5,1,1,TAATTGTCCCTTGGCCATCC,0,22645
TSS_1414_storz_regulondb,0.5,1,1,TAATGTTTACAGTTAAGATG,0,15801
TSS_1414_storz_regulondb,0.5,1,1,TAATGGAGGCGGTGTTTATC,0,79144
TSS_1414_storz_regulondb,0.5,1,1,TAATGAAAATCGTACAGGGA,0,20908
TSS_1414_storz_regulondb,0.5,1,1,TAATAGGGTCCCCTTTGTGA,0,70899
TSS_1414_storz_regulondb,0.5,1,1,TAATAATATTGCTGCCGGGA,0,19522
TSS_1414_storz_regulondb,0.5,1,1,TAAGTTGTTACCACCGGACT,0,48906
TSS_1414_storz_regulondb,0.5,1,1,TAAGTGGTTGTGCCATCCGG,0,3310
TSS_1414_storz_regulondb,0.5,1,1,TAAGTGAGGGAGCGTAGGTC,0,63896
TSS_1414_storz_regulondb,0.5,1,1,TAAGTCAGTTAGTATAGAGT,0,80600
TSS_1414_storz_regulondb,0.5,1,1,TAAGTCAGGTGACCGACGTA,0,39692
TSS_1414_storz_regulondb,0.5,1,1,TAAGGGTTATGATAGATTCG,0,7363
TSS_1414_storz_regulondb,0.5,1,1,TAAGGGCGAGAGATCTTGAA,0,30091
TSS_1414_storz_regulondb,0.5,1,1,TAAGCGTCCACGGGTTGCGG,0,38073
TSS_1414_storz_regulondb,0.5,1,1,TAAGCGGCTACGTGTGCCTC,0,47995
TSS_1414_storz_regulondb,0.5,1,1,TAAGCGAGTATCCGAGCGTC,0,36269
TSS_1414_storz_regulondb,0.5,1,1,TAAGCAATTACGAAGCCATA,0,50200
TSS_1414_storz_regulondb,0.5,1,1,TAAGATTTACCATCGGCGGC,0,12610
TSS_1414_storz_regulondb,0.5,1,1,TAAGATTCAAAGAGTCATGT,0,66252
TSS_1414_storz_regulondb,0.5,1,1,TAACTTCGTCTTTCCCTCTC,0,29751
TSS_1414_storz_regulondb,0.5,1,1,TAACTTATGTTAGGGGTGCA,0,37649
TSS_1414_storz_regulondb,0.5,1,1,TAACTGGGGCCGCGCGCTGT,0,53073
TSS_1414_storz_regulondb,0.5,1,1,TAACTCGGGTAAGAAAACAT,0,74779
TSS_1414_storz_regulondb,0.5,1,1,TAACTCGGGGAAAGGCATGT,0,62562
TSS_1414_storz_regulondb,0.5,1,1,TAACGTATATACCGATGACT,0,1234
TSS_1414_storz_regulondb,0.5,1,1,TAACGGTCAAAACATTTATC,0,37541
TSS_1414_storz_regulondb,0.5,1,1,TAACGATCTAGCATCTCCTC,0,33537
TSS_1414_storz_regulondb,0.5,1,1,TAACGAGGGCCCGGGCCTTA,0,48216
TSS_1414_storz_regulondb,0.5,1,1,TAACCTAAGTCGTTAGATGA,0,16393
TSS_1414_storz_regulondb,0.5,1,1,TAACCGGTCTGACCTACTGG,0,68736
TSS_1414_storz_regulondb,0.5,1,1,TAACAAGGCACGACATGGAT,0,73241
TSS_1414_storz_regulondb,0.5,1,1,TAACAAACCAGGCAATCACC,0,10129
TSS_1414_storz_regulondb,0.5,1,1,TAAATCATTGTTATCAAGTC,0,56891
TSS_1414_storz_regulondb,0.5,1,1,TAAATCAAGATACTCTTCCT,0,14773
TSS_1414_storz_regulondb,0.5,1,1,TAAAGTGTGGAACAGTACGT,0,28080
TSS_1414_storz_regulondb,0.5,1,1,TAAAGCCTCCCATCCCTCCC,0,19609
TSS_1414_storz_regulondb,0.5,1,1,TAAACCGCGTGCAACCCGAT,0,25944
TSS_1414_storz_regulondb,0.5,1,1,TAAAACATATGTCGAAAGTC,0,37764
TSS_1414_storz_regulondb,0.5,1,1,GTTTTTTTAGTGATGTTGAT,0,73358
TSS_1414_storz_regulondb,0.5,1,1,GTTTTGCGTTACTAAACTAC,0,60186
TSS_1414_storz_regulondb,0.5,1,1,GTTTTCTCTCTCAAACCGCT,0,1585
TSS_1414_storz_regulondb,0.5,1,1,GTTTTAAATAGTTCGCGACA,0,1009
TSS_1414_storz_regulondb,0.5,1,1,GTTTGGAACCTGTGGAGTTT,0,37581
TSS_1414_storz_regulondb,0.5,1,1,GTTTGCGTGCCTCCGGGGTA,0,18753
TSS_1414_storz_regulondb,0.5,1,1,GTTTCGTAGATGTAAAACAG,0,30223
TSS_1414_storz_regulondb,0.5,1,1,GTTTCGGGACAATCGGGCTA,0,15330
TSS_1414_storz_regulondb,0.5,1,1,GTTTCGGGAAGGTCGTCTGT,0,54743
TSS_1414_storz_regulondb,0.5,1,1,GTTTCAGACGACCGGCAATG,0,59324
TSS_1414_storz_regulondb,0.5,1,1,GTTTCACACCGCATTTCGGG,0,37377
TSS_1414_storz_regulondb,0.5,1,1,GTTTCACAACCCAAGTAAGC,0,69855
TSS_1414_storz_regulondb,0.5,1,1,GTTTATGTTGGGAGGCATCT,0,37278
TSS_1414_storz_regulondb,0.5,1,1,GTTTAATGCCTGGCTCCTGA,0,33493
TSS_1414_storz_regulondb,0.5,1,1,GTTGTGTGTTCCCCTCCAAC,0,2087
TSS_1414_storz_regulondb,0.5,1,1,GTTGTGCATTTAACGGTGAT,0,38992
TSS_1414_storz_regulondb,0.5,1,1,GTTGTCAACTACGAACATAT,0,17657
TSS_1414_storz_regulondb,0.5,1,1,GTTGGTAAAGTACCTCGCAA,0,5221
TSS_1414_storz_regulondb,0.5,1,1,GTTGGGGGACTACGAGGCGC,0,2747
TSS_1414_storz_regulondb,0.5,1,1,GTTGGCCGCCCCGAGATAGT,0,21722
TSS_1414_storz_regulondb,0.5,1,1,GTTGCTGAGTTTCGCGGTAT,0,74733
TSS_1414_storz_regulondb,0.5,1,1,GTTGCCGGATTCTTTGACGA,0,45351
TSS_1414_storz_regulondb,0.5,1,1,GTTGCCGCAAGGAGGCGATA,0,7543
TSS_1414_storz_regulondb,0.5,1,1,GTTGATGGTACACTGCTATC,0,13321
TSS_1414_storz_regulondb,0.5,1,1,GTTGATAAGGTATGCGTGTG,0,7316
TSS_1414_storz_regulondb,0.5,1,1,GTTCTTGTCACGGCTATTGG,0,72565
TSS_1414_storz_regulondb,0.5,1,1,GTTCTTGCTTCCCGGTGATT,0,46790
TSS_1414_storz_regulondb,0.5,1,1,GTTCTTGCCATCTGCAATCT,0,57357
TSS_1414_storz_regulondb,0.5,1,1,GTTCTCGCCGCCTAAGTACA,0,17282
TSS_1414_storz_regulondb,0.5,1,1,GTTCTATCAACGCAACATCG,0,60785
TSS_1414_storz_regulondb,0.5,1,1,GTTCCTTCTCTCGGGGGAGT,0,58310
TSS_1414_storz_regulondb,0.5,1,1,GTTCCGTGGTCGAGAGGCTG,0,69045
TSS_1414_storz_regulondb,0.5,1,1,GTTCCGGATAGAAGCAAGCG,0,58919
TSS_1414_storz_regulondb,0.5,1,1,GTTCCGGACCAAATTTGGTT,0,74039
TSS_1414_storz_regulondb,0.5,1,1,GTTCCCACATGGATCGGAAT,0,40295
TSS_1414_storz_regulondb,0.5,1,1,GTTCATTCAGGGAGCAGGAA,0,46593
TSS_1414_storz_regulondb,0.5,1,1,GTTCAGGCGGGCAGAGATCT,0,17286
TSS_1414_storz_regulondb,0.5,1,1,GTTCACAGGGTCGTTTCATT,0,18906
TSS_1414_storz_regulondb,0.5,1,1,GTTATGCACATAATCCTTTT,0,58189
TSS_1414_storz_regulondb,0.5,1,1,GTTATCTATATCAGTCGTGC,0,30867
TSS_1414_storz_regulondb,0.5,1,1,GTTATCCTGTAAGACGAGAA,0,38762
TSS_1414_storz_regulondb,0.5,1,1,GTTATATTGGCAGTACATGT,0,11805
TSS_1414_storz_regulondb,0.5,1,1,GTTAGTCAGTACGCATCCTG,0,58164
TSS_1414_storz_regulondb,0.5,1,1,GTTAGTATATCCTCCATCCT,0,36556
TSS_1414_storz_regulondb,0.5,1,1,GTTAGCTCGTTCGTCGTCTT,0,56432
TSS_1414_storz_regulondb,0.5,1,1,GTTAGCGTTTAGGATCCACC,0,13629
TSS_1414_storz_regulondb,0.5,1,1,GTTAGACACAGACAACCTTC,0,80157
TSS_1414_storz_regulondb,0.5,1,1,GTTACTGTAAATTGGATGCC,0,54773
TSS_1414_storz_regulondb,0.5,1,1,GTTACTGCTTAAGGGAGCAT,0,6844
TSS_1414_storz_regulondb,0.5,1,1,GTTACGACTATACCGGGAGC,0,49944
TSS_1414_storz_regulondb,0.5,1,1,GTTACCGCGTTTCAAACATC,0,8804
TSS_1414_storz_regulondb,0.5,1,1,GTTACAGGGCCATCGAGTTG,0,53277
TSS_1414_storz_regulondb,0.5,1,1,GTTAACGCAGCCTGGGCTCA,0,72556
TSS_1414_storz_regulondb,0.5,1,1,GTTAAACGTAACAGTAATAG,0,9340
TSS_1414_storz_regulondb,0.5,1,1,GTGTTGAGTTGAATCAAAAT,0,33223
TSS_1414_storz_regulondb,0.5,1,1,GTGTTAATCCCTAAAGATAA,0,18827
TSS_1414_storz_regulondb,0.5,1,1,GTGTGTACCACACGTACGGC,0,70849
TSS_1414_storz_regulondb,0.5,1,1,GTGTGCACACCACTCGTCTT,0,37634
TSS_1414_storz_regulondb,0.5,1,1,GTGTGAAGGAACCATAGGTC,0,10309
TSS_1414_storz_regulondb,0.5,1,1,GTGTCGGTCTACATCTATTA,0,27424
TSS_1414_storz_regulondb,0.5,1,1,GTGTCCCTGATTGTGAATCC,0,72137
TSS_1414_storz_regulondb,0.5,1,1,GTGTCCAGTAATGGCTACAA,0,38786
TSS_1414_storz_regulondb,0.5,1,1,GTGTATACACCTTTATAAAT,0,50160
TSS_1414_storz_regulondb,0.5,1,1,GTGTAGGTGTTGATACGATT,0,12234
TSS_1414_storz_regulondb,0.5,1,1,GTGTAGAATTGCTGGTCTGA,0,9691
TSS_1414_storz_regulondb,0.5,1,1,GTGTAAGATGCCCGTCAGTG,0,28523
TSS_1414_storz_regulondb,0.5,1,1,GTGGTTCCGACTTTAACTCT,0,72452
TSS_1414_storz_regulondb,0.5,1,1,GTGGTTAAGGGCTAGTTATT,0,77108
TSS_1414_storz_regulondb,0.5,1,1,GTGGTCCGGTATATAATCTG,0,65239
TSS_1414_storz_regulondb,0.5,1,1,GTGGTCCGGATAGTTGTCAC,0,74683
TSS_1414_storz_regulondb,0.5,1,1,GTGGGTTTTTCACCATCACA,0,78095
TSS_1414_storz_regulondb,0.5,1,1,GTGGGTCGTTGTTTATATAC,0,54669
TSS_1414_storz_regulondb,0.5,1,1,GTGGGGGTTAAAAATCCTCA,0,47569
TSS_1414_storz_regulondb,0.5,1,1,GTGGGACCGAAAGTCGCCTG,0,54421
TSS_1414_storz_regulondb,0.5,1,1,GTGGGAAGTCACTGAACTTC,0,2282
TSS_1414_storz_regulondb,0.5,1,1,GTGGCGGACCCTAGAACTGG,0,72746
TSS_1414_storz_regulondb,0.5,1,1,GTGGAGCAGCATACCGGACG,0,2232
TSS_1414_storz_regulondb,0.5,1,1,GTGGACGCGGCCGATTGTAA,0,3635
TSS_1414_storz_regulondb,0.5,1,1,GTGCTTAAGATTATTCTTGT,0,3462
TSS_1414_storz_regulondb,0.5,1,1,GTGCTCTGATAGGCTACATA,0,4402
TSS_1414_storz_regulondb,0.5,1,1,GTGCGTGGACCTAATTACGT,0,14993
TSS_1414_storz_regulondb,0.5,1,1,GTGCGGGGTTAGGCCGGCTC,0,24108
TSS_1414_storz_regulondb,0.5,1,1,GTGCCGAGTGCAGGAAACAA,0,59780
TSS_1414_storz_regulondb,0.5,1,1,GTGCCCATGGGGGAAAGTCC,0,63230
TSS_1414_storz_regulondb,0.5,1,1,GTGCAGATGGGAGTGATAAT,0,46268
TSS_1414_storz_regulondb,0.5,1,1,GTGCACTGCCACGGGTCATG,0,67473
TSS_1414_storz_regulondb,0.5,1,1,GTGCACGGATACTGCTGTTG,0,21423
TSS_1414_storz_regulondb,0.5,1,1,GTGATTGAATAAAATCCGCC,0,77048
TSS_1414_storz_regulondb,0.5,1,1,GTGATGCGTCCTACTCCTTA,0,66570
TSS_1414_storz_regulondb,0.5,1,1,GTGATCCTTGCAGCTGGTAT,0,34079
TSS_1414_storz_regulondb,0.5,1,1,GTGATCCAAAAACGGCGTTT,0,68748
TSS_1414_storz_regulondb,0.5,1,1,GTGATCACGTTTAGTGCCTC,0,74451
TSS_1414_storz_regulondb,0.5,1,1,GTGAGTTGTGCTGTATCACC,0,11228
TSS_1414_storz_regulondb,0.5,1,1,GTGAGGTTGCGTAGTACTTC,0,74208
TSS_1414_storz_regulondb,0.5,1,1,GTGAGGATTAGCCGTCTCAG,0,73068
TSS_1414_storz_regulondb,0.5,1,1,GTGAGCTAACAGGGGTAATT,0,29178
TSS_1414_storz_regulondb,0.5,1,1,GTGACGCAAGTAGTGAGGCT,0,29597
TSS_1414_storz_regulondb,0.5,1,1,GTGACCCATAGCTGGTCACG,0,12335
TSS_1414_storz_regulondb,0.5,1,1,GTGAATTGCGAGGACTGCCC,0,22647
TSS_1414_storz_regulondb,0.5,1,1,GTCTTTCGTCGCCGGCTCTG,0,4265
TSS_1414_storz_regulondb,0.5,1,1,GTCTTTAGTCGCGCCAGAAT,0,13132
TSS_1414_storz_regulondb,0.5,1,1,GTCTTGTATCTGCAGTGAGG,0,35945
TSS_1414_storz_regulondb,0.5,1,1,GTCTTGCCAGCTGTGATTGC,0,73128
TSS_1414_storz_regulondb,0.5,1,1,GTCTTACGCCTGCAAAAATA,0,45896
TSS_1414_storz_regulondb,0.5,1,1,GTCTGTCTTTTAGTAGGGGG,0,14637
TSS_1414_storz_regulondb,0.5,1,1,GTCTGTAGGAGACCAGACCT,0,4058
TSS_1414_storz_regulondb,0.5,1,1,GTCTGCATTTTCGTCCCTCT,0,32675
TSS_1414_storz_regulondb,0.5,1,1,GTCTCTCGCGACGGCTGCAA,0,63081
TSS_1414_storz_regulondb,0.5,1,1,GTCTCCTCATCCGTATCAAG,0,42875
TSS_1414_storz_regulondb,0.5,1,1,GTCTCCTAAGTGCATTGATG,0,52502
TSS_1414_storz_regulondb,0.5,1,1,GTCTCCCTGCCGCAGAAGCA,0,48725
TSS_1414_storz_regulondb,0.5,1,1,GTCTCAGAGTGGATGCTACT,0,20227
TSS_1414_storz_regulondb,0.5,1,1,GTCTCACGGCTATTCCTCTC,0,44570
TSS_1414_storz_regulondb,0.5,1,1,GTCTAAGGTAGATCTTTGTT,0,26271
TSS_1414_storz_regulondb,0.5,1,1,GTCTAACTGGTTAGTCCATT,0,76331
TSS_1414_storz_regulondb,0.5,1,1,GTCGTCCGGAGTAAATAGGG,0,54066
TSS_1414_storz_regulondb,0.5,1,1,GTCGGGGTTAGCAGGAAGGA,0,47904
TSS_1414_storz_regulondb,0.5,1,1,GTCGGATAAGTTCACGCGGC,0,44446
TSS_1414_storz_regulondb,0.5,1,1,GTCGGAGCTTGTTACTACGT,0,32124
TSS_1414_storz_regulondb,0.5,1,1,GTCGGAAATACCTTGAATTT,0,37267
TSS_1414_storz_regulondb,0.5,1,1,GTCGCGTGATCCCGCCTTCA,0,73434
TSS_1414_storz_regulondb,0.5,1,1,GTCGCGGTTATCCAGTACCA,0,9218
TSS_1414_storz_regulondb,0.5,1,1,GTCGCCGACGACTGTAGTGT,0,49363
TSS_1414_storz_regulondb,0.5,1,1,GTCGCAGACATGAACCATTT,0,4740
TSS_1414_storz_regulondb,0.5,1,1,GTCGAGCGGCTATGGATCTA,0,70498
TSS_1414_storz_regulondb,0.5,1,1,GTCGAGCCGACGAGGGTGGG,0,22659
TSS_1414_storz_regulondb,0.5,1,1,GTCGAAAATCGGAGTAGGAA,0,71429
TSS_1414_storz_regulondb,0.5,1,1,GTCCTCCGTTAAGCGATATC,0,9301
TSS_1414_storz_regulondb,0.5,1,1,GTCCTCACAGGACGGGCGCC,0,25984
TSS_1414_storz_regulondb,0.5,1,1,GTCCTAAAACCCTGGTCTTA,0,46641
TSS_1414_storz_regulondb,0.5,1,1,GTCCGTGGATTTTACATGAT,0,44206
TSS_1414_storz_regulondb,0.5,1,1,GTCCGTAGGATCACCGTTCA,0,19632
TSS_1414_storz_regulondb,0.5,1,1,GTCCGGTGATAACGATCATC,0,48320
TSS_1414_storz_regulondb,0.5,1,1,GTCCGCTCGAACGTCTTTTG,0,51592
TSS_1414_storz_regulondb,0.5,1,1,GTCCGAGACTGATTCACCAT,0,5740
TSS_1414_storz_regulondb,0.5,1,1,GTCCCGGGGAACACCGTTGT,0,1724
TSS_1414_storz_regulondb,0.5,1,1,GTCCAGCGTATGAGTGTGCT,0,5415
TSS_1414_storz_regulondb,0.5,1,1,GTCCAATTGGTTCGTCTTGG,0,48407
TSS_1414_storz_regulondb,0.5,1,1,GTCCAACCAGTCTGCCTCGT,0,80834
TSS_1414_storz_regulondb,0.5,1,1,GTCATTTGATTACTGAGTGT,0,75512
TSS_1414_storz_regulondb,0.5,1,1,GTCATAGGTTTGCTACAGTT,0,21618
TSS_1414_storz_regulondb,0.5,1,1,GTCATAGCCGAGTTATTACT,0,51473
TSS_1414_storz_regulondb,0.5,1,1,GTCAGGCCCGTCTGCGTTTA,0,36015
TSS_1414_storz_regulondb,0.5,1,1,GTCAGCGGCTAGTTTATCCG,0,78801
TSS_1414_storz_regulondb,0.5,1,1,GTCACTTTCATGGGAACCAC,0,58572
TSS_1414_storz_regulondb,0.5,1,1,GTCACTTACGGAGCACTGAT,0,50101
TSS_1414_storz_regulondb,0.5,1,1,GTCACTGCACGACCTCTTTG,0,64530
TSS_1414_storz_regulondb,0.5,1,1,GTCACTCCGACTATTGCCGT,0,10211
TSS_1414_storz_regulondb,0.5,1,1,GTCACTAAGCTACTCAGCAT,0,52580
TSS_1414_storz_regulondb,0.5,1,1,GTCACCGTGCCTCCCTGTGT,0,2637
TSS_1414_storz_regulondb,0.5,1,1,GTATTTGTCAATGACGCCAA,0,60093
TSS_1414_storz_regulondb,0.5,1,1,GTATTTGGACATACCTTCAC,0,21867
TSS_1414_storz_regulondb,0.5,1,1,GTATGAGAGACTAGCGCAAG,0,5731
TSS_1414_storz_regulondb,0.5,1,1,GTATCAGGCCAACCGCACAG,0,43068
TSS_1414_storz_regulondb,0.5,1,1,GTATATAAGCCGGGTGCGAC,0,63847
TSS_1414_storz_regulondb,0.5,1,1,GTATATAAGATAGTGTTGAC,0,34397
TSS_1414_storz_regulondb,0.5,1,1,GTATAAGGTCTGCAATTAGT,0,2167
TSS_1414_storz_regulondb,0.5,1,1,GTATAAGCGCATAGAGGACA,0,54301
TSS_1414_storz_regulondb,0.5,1,1,GTATAAACCAGAATGTTACT,0,71252
TSS_1414_storz_regulondb,0.5,1,1,GTAGTGTGAAAGTCGGTAAT,0,17650
TSS_1414_storz_regulondb,0.5,1,1,GTAGGGTGAAAATTTATAAC,0,68723
TSS_1414_storz_regulondb,0.5,1,1,GTAGGGTAGAACGCTAGAGA,0,79894
TSS_1414_storz_regulondb,0.5,1,1,GTAGGGGTAGGGATGGTCGG,0,17128
TSS_1414_storz_regulondb,0.5,1,1,GTAGGAAGCATTATCCACCA,0,26032
TSS_1414_storz_regulondb,0.5,1,1,GTAGCGTTATCAGGAGCAGG,0,17735
TSS_1414_storz_regulondb,0.5,1,1,GTAGATGCGCACTAAAGTTT,0,45582
TSS_1414_storz_regulondb,0.5,1,1,GTACTGTGTACGGTACCAAC,0,46146
TSS_1414_storz_regulondb,0.5,1,1,GTACTCGACACACGGACGAT,0,58143
TSS_1414_storz_regulondb,0.5,1,1,GTACGCTGTCACAGGCGCAG,0,23130
TSS_1414_storz_regulondb,0.5,1,1,GTACGAGTTCACTAAGTTGT,0,72494
TSS_1414_storz_regulondb,0.5,1,1,GTACCAATGTCGCGCGGTGT,0,75867
TSS_1414_storz_regulondb,0.5,1,1,GTACATACACAGATATACTC,0,65884
TSS_1414_storz_regulondb,0.5,1,1,GTACACTTGTAACGGACCGG,0,50476
TSS_1414_storz_regulondb,0.5,1,1,GTAATTTAAGTCTCCCCCTC,0,34172
TSS_1414_storz_regulondb,0.5,1,1,GTAATGGTTAAGGATAGCTG,0,70986
TSS_1414_storz_regulondb,0.5,1,1,GTAATGAAGTTACTCAGGCC,0,56613
TSS_1414_storz_regulondb,0.5,1,1,GTAATATTATACCTGATTTT,0,29591
TSS_1414_storz_regulondb,0.5,1,1,GTAAGGCGAGTAGAGTACGA,0,33203
TSS_1414_storz_regulondb,0.5,1,1,GTAAGGATGGGAATTCCCCT,0,53004
TSS_1414_storz_regulondb,0.5,1,1,GTAAGCGGACTCATTCGAGT,0,29262
TSS_1414_storz_regulondb,0.5,1,1,GTAACTTGGCGCGTATAGCG,0,69342
TSS_1414_storz_regulondb,0.5,1,1,GTAACCGAAGGGTTCAACCA,0,33806
TSS_1414_storz_regulondb,0.5,1,1,GTAAAGCGGTAGGGGAACGC,0,40434
TSS_1414_storz_regulondb,0.5,1,1,GGTTTGTTGCACCCGGCAGT,0,37179
TSS_1414_storz_regulondb,0.5,1,1,GGTTTGCACCGGAAATTCAT,0,75140
TSS_1414_storz_regulondb,0.5,1,1,GGTTGTACTCCGGAATGTAC,0,45544
TSS_1414_storz_regulondb,0.5,1,1,GGTTGGCTAGTTGAATTATG,0,75587
TSS_1414_storz_regulondb,0.5,1,1,GGTTGGAGTAGCCTCTGCTA,0,80636
TSS_1414_storz_regulondb,0.5,1,1,GGTTGATTTCCATTTTGTAC,0,20589
TSS_1414_storz_regulondb,0.5,1,1,GGTTGACAGCACTGGCTAGA,0,47949
TSS_1414_storz_regulondb,0.5,1,1,GGTTATGAACAACTCAATTT,0,26385
TSS_1414_storz_regulondb,0.5,1,1,GGTTACGTGTAAGGGCATTG,0,37924
TSS_1414_storz_regulondb,0.5,1,1,GGTGTTGCGTTTATCGTAGT,0,62276
TSS_1414_storz_regulondb,0.5,1,1,GGTGTGCGTGTGTTGTTGTA,0,57077
TSS_1414_storz_regulondb,0.5,1,1,GGTGGTTGACGACACATATG,0,28664
TSS_1414_storz_regulondb,0.5,1,1,GGTGGTACGGTTAGGCCTTC,0,61051
TSS_1414_storz_regulondb,0.5,1,1,GGTGGGGTGTAAAAGGGGAG,0,51388
TSS_1414_storz_regulondb,0.5,1,1,GGTGGGGGTAGGAAAAAATC,0,48497
TSS_1414_storz_regulondb,0.5,1,1,GGTGGGATCGGGCTCGTTGT,0,66513
TSS_1414_storz_regulondb,0.5,1,1,GGTGGCGTGGGCTGCGAATA,0,44138
TSS_1414_storz_regulondb,0.5,1,1,GGTGGCGCATGCACTCGCGG,0,45675
TSS_1414_storz_regulondb,0.5,1,1,GGTGGATGGTTACGGGGTCC,0,48495
TSS_1414_storz_regulondb,0.5,1,1,GGTGCTGGTTCGGAGGATTG,0,15579
TSS_1414_storz_regulondb,0.5,1,1,GGTGCGTATTATCGCGCTTA,0,54789
TSS_1414_storz_regulondb,0.5,1,1,GGTGCGCCCGTAGCGACGCT,0,41394
TSS_1414_storz_regulondb,0.5,1,1,GGTGCGAGGAGCCGGATTAA,0,75861
TSS_1414_storz_regulondb,0.5,1,1,GGTGCATTATGCATCATAGT,0,23355
TSS_1414_storz_regulondb,0.5,1,1,GGTGCAGTCTTAAGATAAAC,0,18032
TSS_1414_storz_regulondb,0.5,1,1,GGTGATTGCCAGGTCATCCT,0,62663
TSS_1414_storz_regulondb,0.5,1,1,GGTGATCTGCGTATACATGA,0,16815
TSS_1414_storz_regulondb,0.5,1,1,GGTGATATCTACTCGTAATT,0,5803
TSS_1414_storz_regulondb,0.5,1,1,GGTGAATGAAATGAAACCGT,0,13459
TSS_1414_storz_regulondb,0.5,1,1,GGTGAACGTCGATATGCCGA,0,7931
TSS_1414_storz_regulondb,0.5,1,1,GGTCTGGTGACTTATACGGT,0,11816
TSS_1414_storz_regulondb,0.5,1,1,GGTCTGAAGCCTGACCACCG,0,64732
TSS_1414_storz_regulondb,0.5,1,1,GGTCTATCCGAGGTAAGCAT,0,42708
TSS_1414_storz_regulondb,0.5,1,1,GGTCTAAGTGTCCCAGCGTG,0,24813
TSS_1414_storz_regulondb,0.5,1,1,GGTCGTGCCAATTGGTTTTG,0,10556
TSS_1414_storz_regulondb,0.5,1,1,GGTCGCGGCAAGGTCTGCGC,0,75662
TSS_1414_storz_regulondb,0.5,1,1,GGTCGCGCGTTTAGTACACA,0,78524
TSS_1414_storz_regulondb,0.5,1,1,GGTCCTGCTCCCAGGGTCCA,0,77631
TSS_1414_storz_regulondb,0.5,1,1,GGTCCGGTGTAGATTGTCAG,0,80547
TSS_1414_storz_regulondb,0.5,1,1,GGTCCGAGACGCCGAAAGAG,0,59690
TSS_1414_storz_regulondb,0.5,1,1,GGTCCGAACCCGTCAAGGAG,0,31371
TSS_1414_storz_regulondb,0.5,1,1,GGTCCACAATCCCTTGGATG,0,30022
TSS_1414_storz_regulondb,0.5,1,1,GGTCCAACGCCGAGTATTAT,0,17714
TSS_1414_storz_regulondb,0.5,1,1,GGTCATTCAGGACGCATCAT,0,33215
TSS_1414_storz_regulondb,0.5,1,1,GGTCACGGGTTTTGCAGATC,0,47933
TSS_1414_storz_regulondb,0.5,1,1,GGTCACCCCACCATAAACGT,0,62965
TSS_1414_storz_regulondb,0.5,1,1,GGTCAAGATCCCGACAGTTG,0,39909
TSS_1414_storz_regulondb,0.5,1,1,GGTATGGCACGCGCGTTATG,0,63845
TSS_1414_storz_regulondb,0.5,1,1,GGTATCGCGCGGCAGCAGAG,0,61356
TSS_1414_storz_regulondb,0.5,1,1,GGTATAGATGAGCACAGGCG,0,56757
TSS_1414_storz_regulondb,0.5,1,1,GGTAGTTGGGTACCCTTTCC,0,58618
TSS_1414_storz_regulondb,0.5,1,1,GGTAGTCCATCAAATGGAAC,0,72228
TSS_1414_storz_regulondb,0.5,1,1,GGTAGCGCCTGATCACGGGT,0,136
TSS_1414_storz_regulondb,0.5,1,1,GGTAGCACGTGTGAGCGTCC,0,7137
TSS_1414_storz_regulondb,0.5,1,1,GGTAGACCATCCAGCGCTAA,0,31994
TSS_1414_storz_regulondb,0.5,1,1,GGTACGTGTCCTCGATTAGT,0,76701
TSS_1414_storz_regulondb,0.5,1,1,GGTAATAGTGAGCCACAAGG,0,48093
TSS_1414_storz_regulondb,0.5,1,1,GGTAAGCATTTGAGGAAGAG,0,5678
TSS_1414_storz_regulondb,0.5,1,1,GGTAACCGTTGGGGGTTGCA,0,71254
TSS_1414_storz_regulondb,0.5,1,1,GGTAACCGCGAGCCTATCTA,0,15342
TSS_1414_storz_regulondb,0.5,1,1,GGTAACCCAACTCTGAAAGC,0,65817
TSS_1414_storz_regulondb,0.5,1,1,GGTAAAGATTGGCCAGACTT,0,61794
TSS_1414_storz_regulondb,0.5,1,1,GGTAAAATGCCATGGCAGAA,0,43076
TSS_1414_storz_regulondb,0.5,1,1,GGGTTTTGGCCGATCCCGCT,0,43305
TSS_1414_storz_regulondb,0.5,1,1,GGGTTTGTTCTCGACATCAT,0,19697
TSS_1414_storz_regulondb,0.5,1,1,GGGTTGGTTCAGGAGGCCTA,0,16645
TSS_1414_storz_regulondb,0.5,1,1,GGGTTCTTTAAGAAGCATCG,0,26744
TSS_1414_storz_regulondb,0.5,1,1,GGGTTCCGGGTGAGGCCTAT,0,44677
TSS_1414_storz_regulondb,0.5,1,1,GGGTTCCGATTGAGCTCAGT,0,80066
TSS_1414_storz_regulondb,0.5,1,1,GGGTTCAACTGTGGTCTCCC,0,24129
TSS_1414_storz_regulondb,0.5,1,1,GGGTCTCGTAGGTGCTAGCT,0,38223
TSS_1414_storz_regulondb,0.5,1,1,GGGTCGCAACCCCCGCGCTG,0,15480
TSS_1414_storz_regulondb,0.5,1,1,GGGTCATGCGCTCTATTCTC,0,73772
TSS_1414_storz_regulondb,0.5,1,1,GGGTCATCTGTTGTTGATCA,0,34072
TSS_1414_storz_regulondb,0.5,1,1,GGGTCAAACCCCAATTCCCG,0,49469
TSS_1414_storz_regulondb,0.5,1,1,GGGTAGGCTTCATTAGAAAG,0,2253
TSS_1414_storz_regulondb,0.5,1,1,GGGTACGATTACGCGACACA,0,39370
TSS_1414_storz_regulondb,0.5,1,1,GGGTAACTAGCCTTGCGTGT,0,41902
TSS_1414_storz_regulondb,0.5,1,1,GGGGGTTATGCTGACCTTCT,0,79156
TSS_1414_storz_regulondb,0.5,1,1,GGGGGGCATGCAATCTGCCA,0,38927
TSS_1414_storz_regulondb,0.5,1,1,GGGGGCTAAATCGCGCAAAA,0,9569
TSS_1414_storz_regulondb,0.5,1,1,GGGGGAGGGATGTAGTTCGA,0,19885
TSS_1414_storz_regulondb,0.5,1,1,GGGGGAGGCTCCGCTGGCCC,0,20241
TSS_1414_storz_regulondb,0.5,1,1,GGGGCCCAGCCAGCACCTAT,0,56426
TSS_1414_storz_regulondb,0.5,1,1,GGGGCAGCATGTGTGAGCTG,0,60995
TSS_1414_storz_regulondb,0.5,1,1,GGGGATATGCGTACCAACCT,0,42692
TSS_1414_storz_regulondb,0.5,1,1,GGGCTGGAGGTTCTTGTCTC,0,64254
TSS_1414_storz_regulondb,0.5,1,1,GGGCTCGTAAAATGCCACGA,0,41577
TSS_1414_storz_regulondb,0.5,1,1,GGGCGCGGTAATCGTGGTAG,0,6836
TSS_1414_storz_regulondb,0.5,1,1,GGGCGCAGGCTGTGATCAGG,0,33522
TSS_1414_storz_regulondb,0.5,1,1,GGGCCTCACCATTTCTCCTA,0,58803
TSS_1414_storz_regulondb,0.5,1,1,GGGCCTAAGGCGCGCTTGTG,0,13346
TSS_1414_storz_regulondb,0.5,1,1,GGGCCGGTCTTGGATTATAT,0,73625
TSS_1414_storz_regulondb,0.5,1,1,GGGCCGGGTTGGTGCGCCTC,0,4610
TSS_1414_storz_regulondb,0.5,1,1,GGGCCGCGGCAAGTACAGTA,0,7100
TSS_1414_storz_regulondb,0.5,1,1,GGGCCGCCTTAGACGAGAGT,0,61445
TSS_1414_storz_regulondb,0.5,1,1,GGGCATCCCCAATTGGGTCT,0,76704
TSS_1414_storz_regulondb,0.5,1,1,GGGCATACGCGGCTCTGCAA,0,13188
TSS_1414_storz_regulondb,0.5,1,1,GGGCAGGTGCCTCTGACTCA,0,43964
TSS_1414_storz_regulondb,0.5,1,1,GGGCACCTGTCCTGTCGGAT,0,21144
TSS_1414_storz_regulondb,0.5,1,1,GGGCACAGCACATACCCAAT,0,78805
TSS_1414_storz_regulondb,0.5,1,1,GGGCACAACTAATGTAATTG,0,31978
TSS_1414_storz_regulondb,0.5,1,1,GGGATTTAATAGGGCAAAAC,0,26126
TSS_1414_storz_regulondb,0.5,1,1,GGGATTCGTCAGCCCTTAGT,0,15497
TSS_1414_storz_regulondb,0.5,1,1,GGGATAGTGGCCGCCTATCT,0,56866
TSS_1414_storz_regulondb,0.5,1,1,GGGAGTCATGTGTAGGCGCG,0,70262
TSS_1414_storz_regulondb,0.5,1,1,GGGAGGTACAATTCAAATTT,0,46934
TSS_1414_storz_regulondb,0.5,1,1,GGGAGCGCGGATAAATTGTC,0,37988
TSS_1414_storz_regulondb,0.5,1,1,GGGACTTTTGGGAGGTGCCA,0,80602
TSS_1414_storz_regulondb,0.5,1,1,GGGACTCGGAATTGTATACA,0,26499
TSS_1414_storz_regulondb,0.5,1,1,GGGACCTAGTTCCTCGTGAT,0,37580
TSS_1414_storz_regulondb,0.5,1,1,GGGACCTAGAGCGACAAATG,0,14701
TSS_1414_storz_regulondb,0.5,1,1,GGGAATTGGTGAATTGGTTC,0,50729
TSS_1414_storz_regulondb,0.5,1,1,GGGAATTGGCGGTTACGAAT,0,43897
TSS_1414_storz_regulondb,0.5,1,1,GGGAATAGAACTGCGTCTGT,0,56298
TSS_1414_storz_regulondb,0.5,1,1,GGGAACGGTCAGAGATCTGT,0,42645
TSS_1414_storz_regulondb,0.5,1,1,GGCTTTAGTTCTCAAAGGCC,0,26500
TSS_1414_storz_regulondb,0.5,1,1,GGCTTTACTTGCGTCTCAGC,0,16827
TSS_1414_storz_regulondb,0.5,1,1,GGCTTGGGTCTGTCTCGCAA,0,7292
TSS_1414_storz_regulondb,0.5,1,1,GGCTTGGAGGGGCCTGTGTA,0,56227
TSS_1414_storz_regulondb,0.5,1,1,GGCTTGCACTCCGCGAATGA,0,71331
TSS_1414_storz_regulondb,0.5,1,1,GGCTTCTAACATTATCCAAT,0,84
TSS_1414_storz_regulondb,0.5,1,1,GGCTTCACGCACGTTCATTC,0,19603
TSS_1414_storz_regulondb,0.5,1,1,GGCTGTAAAACGTAGATACG,0,4366
TSS_1414_storz_regulondb,0.5,1,1,GGCTGGACTATCCTCTCCAG,0,28768
TSS_1414_storz_regulondb,0.5,1,1,GGCTGCGTTACCCCGTTGCT,0,25922
TSS_1414_storz_regulondb,0.5,1,1,GGCTGACACCTACATATATT,0,8222
TSS_1414_storz_regulondb,0.5,1,1,GGCTCTACAACGATTGCAAA,0,11912
TSS_1414_storz_regulondb,0.5,1,1,GGCTCGGGCAAAGTGTCTAT,0,38401
TSS_1414_storz_regulondb,0.5,1,1,GGCTCGGCAGGTCACCTGGA,0,76336
TSS_1414_storz_regulondb,0.5,1,1,GGCTCGAGGAGCTAGTATCT,0,48254
TSS_1414_storz_regulondb,0.5,1,1,GGCTCAGTCAATTTCATTAA,0,31603
TSS_1414_storz_regulondb,0.5,1,1,GGCTATGGTAACACGAATCG,0,48298
TSS_1414_storz_regulondb,0.5,1,1,GGCTATATCCTTGAAACCGA,0,80887
TSS_1414_storz_regulondb,0.5,1,1,GGCTAGGTAAAAACATGCCT,0,28293
TSS_1414_storz_regulondb,0.5,1,1,GGCTAACGGAAACTTGGTCT,0,70053
TSS_1414_storz_regulondb,0.5,1,1,GGCGTTACTGGTTTCGGGCT,0,73366
TSS_1414_storz_regulondb,0.5,1,1,GGCGGTGCAATTGCGTTACA,0,30095
TSS_1414_storz_regulondb,0.5,1,1,GGCGGGAACTCGATGCACAT,0,1314
TSS_1414_storz_regulondb,0.5,1,1,GGCGGCTTACGAAGAATGGA,0,70648
TSS_1414_storz_regulondb,0.5,1,1,GGCGGCGCAGCTGCGGAATG,0,51488
TSS_1414_storz_regulondb,0.5,1,1,GGCGCGGCAGCGGGGTACAC,0,75342
TSS_1414_storz_regulondb,0.5,1,1,GGCGCCAACTAATGGTTAGC,0,23125
TSS_1414_storz_regulondb,0.5,1,1,GGCGCACGCCAAGAGCACAT,0,23082
TSS_1414_storz_regulondb,0.5,1,1,GGCGATCGCCTAGGACATTG,0,42366
TSS_1414_storz_regulondb,0.5,1,1,GGCGAGTTATGAACTGTCCG,0,15168
TSS_1414_storz_regulondb,0.5,1,1,GGCGAGTGACAAACCACAAC,0,9533
TSS_1414_storz_regulondb,0.5,1,1,GGCGAGCTTTCCACATGGAA,0,45938
TSS_1414_storz_regulondb,0.5,1,1,GGCGACCCTTAGCAGCTGGA,0,49500
TSS_1414_storz_regulondb,0.5,1,1,GGCGAACATTTGACGGTTAG,0,75247
TSS_1414_storz_regulondb,0.5,1,1,GGCCTGCTGGGGATAAAGGA,0,49200
TSS_1414_storz_regulondb,0.5,1,1,GGCCTCCTGGGTCGATCTCT,0,73098
TSS_1414_storz_regulondb,0.5,1,1,GGCCTATCGGTAGGCCGAAT,0,78657
TSS_1414_storz_regulondb,0.5,1,1,GGCCTACCAGGGCCAAATCT,0,20568
TSS_1414_storz_regulondb,0.5,1,1,GGCCTAACCGTGCGTAATTT,0,68145
TSS_1414_storz_regulondb,0.5,1,1,GGCCGTAAAAAACTGAAAAA,0,35027
TSS_1414_storz_regulondb,0.5,1,1,GGCCGGCGGCGCTCGGTAAA,0,68900
TSS_1414_storz_regulondb,0.5,1,1,GGCCGCCGGTCCGGCATTGG,0,72169
TSS_1414_storz_regulondb,0.5,1,1,GGCCGAAACTCTGTGGACGC,0,61371
TSS_1414_storz_regulondb,0.5,1,1,GGCCCTCATCCTTACAGTCA,0,8643
TSS_1414_storz_regulondb,0.5,1,1,GGCCCGTCGGCTAAACTCTT,0,15118
TSS_1414_storz_regulondb,0.5,1,1,GGCCCGGTGGTCTAGTAGCC,0,1868
TSS_1414_storz_regulondb,0.5,1,1,GGCCCATAGCGTCGGGGGGG,0,31307
TSS_1414_storz_regulondb,0.5,1,1,GGCCCACTATTGTGCGGACA,0,48307
TSS_1414_storz_regulondb,0.5,1,1,GGCCACCGCAAGCCCGACTA,0,28725
TSS_1414_storz_regulondb,0.5,1,1,GGCCAATCTGCGGGCCGTAA,0,8708
TSS_1414_storz_regulondb,0.5,1,1,GGCATCTTTGTTGCTATGAT,0,14864
TSS_1414_storz_regulondb,0.5,1,1,GGCATCTGGGGGCCTCTAAT,0,5388
TSS_1414_storz_regulondb,0.5,1,1,GGCAGTTTGGTCGGGGGCCT,0,50500
TSS_1414_storz_regulondb,0.5,1,1,GGCAGTGTTCAGTCAAAATG,0,49370
TSS_1414_storz_regulondb,0.5,1,1,GGCAGTGGATTTGTGGTTGG,0,38837
TSS_1414_storz_regulondb,0.5,1,1,GGCAGGTTCTTACAGTGCGC,0,51666
TSS_1414_storz_regulondb,0.5,1,1,GGCAGGTGTAAGCACAAGTA,0,67794
TSS_1414_storz_regulondb,0.5,1,1,GGCAGGGTTTCGTAAGGGTA,0,61044
TSS_1414_storz_regulondb,0.5,1,1,GGCACCATTCTTGATTGGAC,0,35169
TSS_1414_storz_regulondb,0.5,1,1,GGCACATGATGCTATTTCCC,0,37386
TSS_1414_storz_regulondb,0.5,1,1,GGCAATTCCGACGACCCGGT,0,5059
TSS_1414_storz_regulondb,0.5,1,1,GGCAATACGCATAGAAGTTT,0,66738
TSS_1414_storz_regulondb,0.5,1,1,GGATTGTTCTGGGCACCGTG,0,77616
TSS_1414_storz_regulondb,0.5,1,1,GGATTGAGGTGTGCTCCTAG,0,80285
TSS_1414_storz_regulondb,0.5,1,1,GGATTAATATGAGGGTGCTT,0,2958
TSS_1414_storz_regulondb,0.5,1,1,GGATTAACCTGGAAGAGTGG,0,79120
TSS_1414_storz_regulondb,0.5,1,1,GGATTAACCCTCTCGAGTAA,0,29888
TSS_1414_storz_regulondb,0.5,1,1,GGATGGCTGCGATATGCCGT,0,3017
TSS_1414_storz_regulondb,0.5,1,1,GGATGACAGGGCCGTCTTTC,0,60607
TSS_1414_storz_regulondb,0.5,1,1,GGATCTCAAACAGCATTAGG,0,40941
TSS_1414_storz_regulondb,0.5,1,1,GGATCGTTGTTATATAGTCT,0,1858
TSS_1414_storz_regulondb,0.5,1,1,GGATCGGTATCTTGGATGCT,0,78665
TSS_1414_storz_regulondb,0.5,1,1,GGATCGGCAGCTGGGTAAGT,0,36636
TSS_1414_storz_regulondb,0.5,1,1,GGATCCATGGAGGTTCAACT,0,53769
TSS_1414_storz_regulondb,0.5,1,1,GGATCCACGCCGGCCTAGGT,0,49802
TSS_1414_storz_regulondb,0.5,1,1,GGATCACTGGTGCTGTTGTA,0,52958
TSS_1414_storz_regulondb,0.5,1,1,GGATAGTACTGGCGGCGGGT,0,39688
TSS_1414_storz_regulondb,0.5,1,1,GGAGTGAACCAGAAGGGACT,0,27150
TSS_1414_storz_regulondb,0.5,1,1,GGAGTATCCCCCTATAGTAT,0,67449
TSS_1414_storz_regulondb,0.5,1,1,GGAGGTCACTTGTAAGGGTA,0,11590
TSS_1414_storz_regulondb,0.5,1,1,GGAGGCCCACTGCATAGGCG,0,49654
TSS_1414_storz_regulondb,0.5,1,1,GGAGGCCACAGCCCAGCACG,0,44200
TSS_1414_storz_regulondb,0.5,1,1,GGAGGACTCACCCCATAACG,0,49837
TSS_1414_storz_regulondb,0.5,1,1,GGAGCTGGAGTGAGATTCAC,0,70939
TSS_1414_storz_regulondb,0.5,1,1,GGAGCTGCGATTTTCGGTAT,0,37285
TSS_1414_storz_regulondb,0.5,1,1,GGAGCGAGTGGACCCCGAAC,0,37254
TSS_1414_storz_regulondb,0.5,1,1,GGACTGTCGGGCGGACATGT,0,60667
TSS_1414_storz_regulondb,0.5,1,1,GGACTGGATACCGGTCAAAC,0,18434
TSS_1414_storz_regulondb,0.5,1,1,GGACGTCGCCGCCAAAATGT,0,54717
TSS_1414_storz_regulondb,0.5,1,1,GGACGCTTTCCATAATTCAC,0,36486
TSS_1414_storz_regulondb,0.5,1,1,GGACCCCTTGACGACGCGGA,0,25739
TSS_1414_storz_regulondb,0.5,1,1,GGACCCAGGCCACAGTCCCA,0,2134
TSS_1414_storz_regulondb,0.5,1,1,GGACCAGAAATCTTGGCAAT,0,52609
TSS_1414_storz_regulondb,0.5,1,1,GGACCAATGTGGCATGCCTC,0,32789
TSS_1414_storz_regulondb,0.5,1,1,GGACATTTGGGGAGAACCTT,0,61545
TSS_1414_storz_regulondb,0.5,1,1,GGACATTGTAGTGATAGAAT,0,28571
TSS_1414_storz_regulondb,0.5,1,1,GGACAGTTCCAAACTAGGAG,0,73520
TSS_1414_storz_regulondb,0.5,1,1,GGACAGAGCAGAGTGAATCT,0,21534
TSS_1414_storz_regulondb,0.5,1,1,GGAATTTTATACTAGGTCAC,0,10869
TSS_1414_storz_regulondb,0.5,1,1,GGAATTGGTTATAGTAGCGG,0,42497
TSS_1414_storz_regulondb,0.5,1,1,GGAATTGACGTTTGTCCACT,0,75166
TSS_1414_storz_regulondb,0.5,1,1,GGAATGTCAGGAATAAAGGC,0,50
TSS_1414_storz_regulondb,0.5,1,1,GGAATGCGTCCGCACGATTT,0,33174
TSS_1414_storz_regulondb,0.5,1,1,GGAAGGTGACGCGACCTAGT,0,47271
TSS_1414_storz_regulondb,0.5,1,1,GGAAGGGTAAATTTCAGGTC,0,49933
TSS_1414_storz_regulondb,0.5,1,1,GGAAGCGACATGCTCCACTT,0,42903
TSS_1414_storz_regulondb,0.5,1,1,GGAACGTGAGTGATTAAAGT,0,39491
TSS_1414_storz_regulondb,0.5,1,1,GGAACCCGGAGGCTCCAAGC,0,4430
TSS_1414_storz_regulondb,0.5,1,1,GGAAATAACCATAACCAGAC,0,60151
TSS_1414_storz_regulondb,0.5,1,1,GGAAAGCCTGACTCTACTGT,0,67838
TSS_1414_storz_regulondb,0.5,1,1,GGAAAGACTCGACCCTTCTT,0,77472
TSS_1414_storz_regulondb,0.5,1,1,GGAAAGAACTTCCATTTTAA,0,23776
TSS_1414_storz_regulondb,0.5,1,1,GCTTTTGGCCAGGTAAACTT,0,5012
TSS_1414_storz_regulondb,0.5,1,1,GCTTTGGACATACTTTACAC,0,50010
TSS_1414_storz_regulondb,0.5,1,1,GCTTTCTCGCGGCTACAGGG,0,57282
TSS_1414_storz_regulondb,0.5,1,1,GCTTTCCCCCCAATGAATCT,0,79716
TSS_1414_storz_regulondb,0.5,1,1,GCTTGTTCTGATGTACGGCT,0,49926
TSS_1414_storz_regulondb,0.5,1,1,GCTTGTTAAGTTAAGTGATA,0,79943
TSS_1414_storz_regulondb,0.5,1,1,GCTTGTCGCTTCTCGTCAAA,0,47227
TSS_1414_storz_regulondb,0.5,1,1,GCTTGTAAAATCCGGGTTAG,0,57310
TSS_1414_storz_regulondb,0.5,1,1,GCTTGGGTATCTTCGGGGAG,0,27831
TSS_1414_storz_regulondb,0.5,1,1,GCTTGGCGTCTGACGAGGCT,0,24492
TSS_1414_storz_regulondb,0.5,1,1,GCTTGCAGAACTATGTCCCT,0,32752
TSS_1414_storz_regulondb,0.5,1,1,GCTTCTGATCTAGGCTCCAA,0,32598
TSS_1414_storz_regulondb,0.5,1,1,GCTTCGTGGGGATAATTATT,0,21286
TSS_1414_storz_regulondb,0.5,1,1,GCTTCCTTGCTATCCCAGTG,0,5426
TSS_1414_storz_regulondb,0.5,1,1,GCTTATAGACGGGCGTATCA,0,15121
TSS_1414_storz_regulondb,0.5,1,1,GCTTATACCATAAAAGGCTT,0,22444
TSS_1414_storz_regulondb,0.5,1,1,GCTTAGCCCGTCAGGAATCA,0,67937
TSS_1414_storz_regulondb,0.5,1,1,GCTTAATGTGTGCGTGCGCT,0,24627
TSS_1414_storz_regulondb,0.5,1,1,GCTTAAAGCACCAGCGTTAG,0,70233
TSS_1414_storz_regulondb,0.5,1,1,GCTGTTCCCAAGGAGACGTC,0,36027
TSS_1414_storz_regulondb,0.5,1,1,GCTGTTCCAAACACCGGGCG,0,21869
TSS_1414_storz_regulondb,0.5,1,1,GCTGTGGTGCTTGTTTCCAA,0,72620
TSS_1414_storz_regulondb,0.5,1,1,GCTGTCGGCGTCTAACAACC,0,75673
TSS_1414_storz_regulondb,0.5,1,1,GCTGGGGCGATGTAATTGGG,0,28180
TSS_1414_storz_regulondb,0.5,1,1,GCTGGGATCTTCGGAGAATA,0,69862
TSS_1414_storz_regulondb,0.5,1,1,GCTGGCTTTTTGGCTCCGCT,0,725
TSS_1414_storz_regulondb,0.5,1,1,GCTGCTATTATTTCGGTTTA,0,42085
TSS_1414_storz_regulondb,0.5,1,1,GCTGATTAGTGCGTCATTGG,0,42049
TSS_1414_storz_regulondb,0.5,1,1,GCTGAGCAATGTCAGAGGAA,0,68041
TSS_1414_storz_regulondb,0.5,1,1,GCTCTTCTGTATACGGTTCC,0,63986
TSS_1414_storz_regulondb,0.5,1,1,GCTCTCCTGCCTTGGATGCC,0,11886
TSS_1414_storz_regulondb,0.5,1,1,GCTCTATTCGAAATGCAGAT,0,36186
TSS_1414_storz_regulondb,0.5,1,1,GCTCTAGGAGAATCACGGCC,0,70836
TSS_1414_storz_regulondb,0.5,1,1,GCTCGGGAACGCAGTACAGG,0,11157
TSS_1414_storz_regulondb,0.5,1,1,GCTCGACGCGGCTCCCTACG,0,38535
TSS_1414_storz_regulondb,0.5,1,1,GCTCCCTCGGTTTGGAACCT,0,37290
TSS_1414_storz_regulondb,0.5,1,1,GCTCCACTCGACGTTCCGAT,0,16493
TSS_1414_storz_regulondb,0.5,1,1,GCTCAAACCCATGTATGGCC,0,13764
TSS_1414_storz_regulondb,0.5,1,1,GCTATTCGTGGCGCGCGTCC,0,73012
TSS_1414_storz_regulondb,0.5,1,1,GCTATGTTTATAGACTCCAA,0,12400
TSS_1414_storz_regulondb,0.5,1,1,GCTATGAAAGGGCATCTGGG,0,56814
TSS_1414_storz_regulondb,0.5,1,1,GCTATCTTTGGCCTAAGTAC,0,49573
TSS_1414_storz_regulondb,0.5,1,1,GCTATCCACGCTTAGAACTC,0,73575
TSS_1414_storz_regulondb,0.5,1,1,GCTAGCGCATTAGGAAACTC,0,27066
TSS_1414_storz_regulondb,0.5,1,1,GCTAGCCCTTGCGCGACTGA,0,77687
TSS_1414_storz_regulondb,0.5,1,1,GCTAGATAAGCCTCCTCCCT,0,46281
TSS_1414_storz_regulondb,0.5,1,1,GCTACTCATAAACGGTACAG,0,46440
TSS_1414_storz_regulondb,0.5,1,1,GCTACCGCGAACCCTTTTAA,0,25835
TSS_1414_storz_regulondb,0.5,1,1,GCTACATTTATTAAGGCAGA,0,72908
TSS_1414_storz_regulondb,0.5,1,1,GCTACACCTTCAATCGAGGG,0,35279
TSS_1414_storz_regulondb,0.5,1,1,GCTAATACACTAGACGGTTT,0,80288
TSS_1414_storz_regulondb,0.5,1,1,GCTAAGTCACAATGTCTTGA,0,36003
TSS_1414_storz_regulondb,0.5,1,1,GCTAACACATGTCGAAGAGC,0,62137
TSS_1414_storz_regulondb,0.5,1,1,GCGTTTCAAGTTCACATTAT,0,39099
TSS_1414_storz_regulondb,0.5,1,1,GCGTTGCTATCCCGGGAACC,0,26868
TSS_1414_storz_regulondb,0.5,1,1,GCGTTCGTGATCACCCTAGA,0,39277
TSS_1414_storz_regulondb,0.5,1,1,GCGTTATCCACGTATTGCGT,0,3408
TSS_1414_storz_regulondb,0.5,1,1,GCGTTACCGTGCGCAACGAT,0,70827
TSS_1414_storz_regulondb,0.5,1,1,GCGTTAAAAACCGAACCCAG,0,36009
TSS_1414_storz_regulondb,0.5,1,1,GCGTGGCGTTACTGGCCGCT,0,80888
TSS_1414_storz_regulondb,0.5,1,1,GCGTGGAGTCAGCCTCAAGA,0,37061
TSS_1414_storz_regulondb,0.5,1,1,GCGTGCTTAGGAGGAAGAAA,0,79971
TSS_1414_storz_regulondb,0.5,1,1,GCGTGCTATTTCTAGTGACA,0,16295
TSS_1414_storz_regulondb,0.5,1,1,GCGTGATGGTGCGTCACACT,0,18207
TSS_1414_storz_regulondb,0.5,1,1,GCGTGACTGACTAGATGGAG,0,50276
TSS_1414_storz_regulondb,0.5,1,1,GCGTCGGAAAGTGGTTAGGC,0,27961
TSS_1414_storz_regulondb,0.5,1,1,GCGTCAGGCTCCTTCTCTCC,0,48734
TSS_1414_storz_regulondb,0.5,1,1,GCGTCACTACAAGCCTTTAG,0,47540
TSS_1414_storz_regulondb,0.5,1,1,GCGTACTCCGGCATCCAAAC,0,53180
TSS_1414_storz_regulondb,0.5,1,1,GCGGTTTCCCGGCTCCAAGT,0,23370
TSS_1414_storz_regulondb,0.5,1,1,GCGGTCGCCACAAGGTCGCA,0,60325
TSS_1414_storz_regulondb,0.5,1,1,GCGGGTTTAGCCAAAGGAAT,0,80258
TSS_1414_storz_regulondb,0.5,1,1,GCGGGTGTGCCAAACCTGAG,0,13652
TSS_1414_storz_regulondb,0.5,1,1,GCGGGTGGGAGCCGCTAATG,0,47941
TSS_1414_storz_regulondb,0.5,1,1,GCGGGATGACTGCAGCAAAA,0,8962
TSS_1414_storz_regulondb,0.5,1,1,GCGGGAGCGACCGTGGGCCG,0,79653
TSS_1414_storz_regulondb,0.5,1,1,GCGGCGTTTATATCGACCTT,0,81114
TSS_1414_storz_regulondb,0.5,1,1,GCGGCGATTTCACGCGTTCT,0,69997
TSS_1414_storz_regulondb,0.5,1,1,GCGGCCTGATTCAACCATAA,0,42973
TSS_1414_storz_regulondb,0.5,1,1,GCGGCCCTGCGCAAGATCGG,0,78153
TSS_1414_storz_regulondb,0.5,1,1,GCGGCCAAGCATGCCTACGG,0,42954
TSS_1414_storz_regulondb,0.5,1,1,GCGGCAACCCTCAATTCGCC,0,68938
TSS_1414_storz_regulondb,0.5,1,1,GCGGATCGCCCTTCGAATGT,0,25343
TSS_1414_storz_regulondb,0.5,1,1,GCGGAAGGTCAAGGCGTAAC,0,47479
TSS_1414_storz_regulondb,0.5,1,1,GCGGAACCCCTCGGAGCCAC,0,3730
TSS_1414_storz_regulondb,0.5,1,1,GCGCTCTAACTGTTGGTAGC,0,1618
TSS_1414_storz_regulondb,0.5,1,1,GCGCTAGCTACCGGCCAGGG,0,33675
TSS_1414_storz_regulondb,0.5,1,1,GCGCTACCGACGCCTGAACA,0,60360
TSS_1414_storz_regulondb,0.5,1,1,GCGCGGCACATACTTTCGAA,0,19251
TSS_1414_storz_regulondb,0.5,1,1,GCGCCTTCCTCACGACAACT,0,61117
TSS_1414_storz_regulondb,0.5,1,1,GCGCCCTGTCCGGAGAGGGA,0,71778
TSS_1414_storz_regulondb,0.5,1,1,GCGCATATGGCATAGACACG,0,44941
TSS_1414_storz_regulondb,0.5,1,1,GCGCAGCTACGTAAGCAGAA,0,36205
TSS_1414_storz_regulondb,0.5,1,1,GCGCAGAATTACTTGCTTGT,0,49451
TSS_1414_storz_regulondb,0.5,1,1,GCGCAACAAAACCCCCAGTA,0,7041
TSS_1414_storz_regulondb,0.5,1,1,GCGATGGCGGTCGATGTAAT,0,67384
TSS_1414_storz_regulondb,0.5,1,1,GCGATCCTCTAGTGGGCTTG,0,63874
TSS_1414_storz_regulondb,0.5,1,1,GCGATACCGTCGAGTGTAAG,0,53107
TSS_1414_storz_regulondb,0.5,1,1,GCGAGCCCCATAGGACGGTA,0,10681
TSS_1414_storz_regulondb,0.5,1,1,GCGAGAGGTAGTTGCCCGTC,0,20707
TSS_1414_storz_regulondb,0.5,1,1,GCGAGACCCGCGCAGTTTTG,0,46723
TSS_1414_storz_regulondb,0.5,1,1,GCGACTGCACGCGACGTTAT,0,29568
TSS_1414_storz_regulondb,0.5,1,1,GCGACGGTTTATGGGACGGT,0,79262
TSS_1414_storz_regulondb,0.5,1,1,GCGACCTTGTGTAGATCCAT,0,63030
TSS_1414_storz_regulondb,0.5,1,1,GCGACATATTGGTCACTGAG,0,74365
TSS_1414_storz_regulondb,0.5,1,1,GCGACAACGTAGAATCGCAG,0,39956
TSS_1414_storz_regulondb,0.5,1,1,GCGAATATATGGTTAGAAGC,0,4889
TSS_1414_storz_regulondb,0.5,1,1,GCGAAGTAGTATTGTCGTTG,0,15768
TSS_1414_storz_regulondb,0.5,1,1,GCGAAGCTGCCCCTCCCACG,0,41533
TSS_1414_storz_regulondb,0.5,1,1,GCGAAGCTATGATCCTAACC,0,29066
TSS_1414_storz_regulondb,0.5,1,1,GCGAACTGAAGTCTGTACTG,0,6407
TSS_1414_storz_regulondb,0.5,1,1,GCCTTTCAATACCTCAATAC,0,44365
TSS_1414_storz_regulondb,0.5,1,1,GCCTTTACGGGGCCAGTCCC,0,22367
TSS_1414_storz_regulondb,0.5,1,1,GCCTTGTAAGCACGCCTCCA,0,11485
TSS_1414_storz_regulondb,0.5,1,1,GCCTTGCACTTGTCGGGGTA,0,16996
TSS_1414_storz_regulondb,0.5,1,1,GCCTGTACGCGCGTCCTACT,0,61546
TSS_1414_storz_regulondb,0.5,1,1,GCCTGGCTAAAGGCTGTAGG,0,43219
TSS_1414_storz_regulondb,0.5,1,1,GCCTCAGGGTAATGGAATTG,0,18875
TSS_1414_storz_regulondb,0.5,1,1,GCCTACACTAATGTACGGCA,0,45133
TSS_1414_storz_regulondb,0.5,1,1,GCCGTGTCGGGTGCGCCAAC,0,44538
TSS_1414_storz_regulondb,0.5,1,1,GCCGGTGGGTAGGAAACGCG,0,70748
TSS_1414_storz_regulondb,0.5,1,1,GCCGGTGGGCTAGGTCGTTC,0,38260
TSS_1414_storz_regulondb,0.5,1,1,GCCGGGCTTTTATGGCATCC,0,26150
TSS_1414_storz_regulondb,0.5,1,1,GCCGGCTAGTGGTGGGATGA,0,27262
TSS_1414_storz_regulondb,0.5,1,1,GCCGGCGAGGGGCCTTAGTG,0,23222
TSS_1414_storz_regulondb,0.5,1,1,GCCGGAGCATGCGGAGTTGA,0,40641
TSS_1414_storz_regulondb,0.5,1,1,GCCGGAAAATTAATCTATGC,0,79579
TSS_1414_storz_regulondb,0.5,1,1,GCCGCTGGTTTCCCAATGTA,0,63070
TSS_1414_storz_regulondb,0.5,1,1,GCCGCGTTCCCCACGGCCCA,0,64340
TSS_1414_storz_regulondb,0.5,1,1,GCCGATGCGAGAGGTGGTTA,0,34774
TSS_1414_storz_regulondb,0.5,1,1,GCCGAGTACCTTTGCTAAGC,0,13789
TSS_1414_storz_regulondb,0.5,1,1,GCCGAATCTTTGCGGGGGTA,0,32704
TSS_1414_storz_regulondb,0.5,1,1,GCCCTAAACGTTGGGGTAAT,0,72197
TSS_1414_storz_regulondb,0.5,1,1,GCCCGTACTTGGGCTCAGTG,0,17864
TSS_1414_storz_regulondb,0.5,1,1,GCCCGGTCGAGAAAAGGCTT,0,52981
TSS_1414_storz_regulondb,0.5,1,1,GCCCGGAGCTTACCAACCCT,0,29225
TSS_1414_storz_regulondb,0.5,1,1,GCCCGGAACATATTGAGAGG,0,35742
TSS_1414_storz_regulondb,0.5,1,1,GCCCGCTGTGAACATCGTTA,0,30642
TSS_1414_storz_regulondb,0.5,1,1,GCCCGCGATCGCGGGCGGGA,0,63152
TSS_1414_storz_regulondb,0.5,1,1,GCCCGATCAGATATCTAGCA,0,60267
TSS_1414_storz_regulondb,0.5,1,1,GCCCCTGGTTGTTCGCCTTA,0,4399
TSS_1414_storz_regulondb,0.5,1,1,GCCCCGTAATTCTGCCAGAC,0,58808
TSS_1414_storz_regulondb,0.5,1,1,GCCCCCAGTGTAAAATGTAC,0,61209
TSS_1414_storz_regulondb,0.5,1,1,GCCATCAAATGTGTTGGTGA,0,15039
TSS_1414_storz_regulondb,0.5,1,1,GCCATATTGTAGCAGGCGAT,0,31185
TSS_1414_storz_regulondb,0.5,1,1,GCCAGCTCGGGTATCTCCCA,0,70660
TSS_1414_storz_regulondb,0.5,1,1,GCCAGATCATGGGAAACGAC,0,50015
TSS_1414_storz_regulondb,0.5,1,1,GCCACTAGGATTGGCAAGAT,0,62567
TSS_1414_storz_regulondb,0.5,1,1,GCCACGGCCGGATCTTGCCG,0,15959
TSS_1414_storz_regulondb,0.5,1,1,GCCAATCCTAGCATCGGTCA,0,75516
TSS_1414_storz_regulondb,0.5,1,1,GCCAAAGCTGGACTCAGTCC,0,33480
TSS_1414_storz_regulondb,0.5,1,1,GCATTTGTTGGCCTGGTTTA,0,63658
TSS_1414_storz_regulondb,0.5,1,1,GCATTCTATAATTCCCCTGA,0,75148
TSS_1414_storz_regulondb,0.5,1,1,GCATGTGCATTTGCTCTGTG,0,60318
TSS_1414_storz_regulondb,0.5,1,1,GCATGTGAAGGTCAGACATA,0,22587
TSS_1414_storz_regulondb,0.5,1,1,GCATGGCCACGGGAAATTAG,0,69548
TSS_1414_storz_regulondb,0.5,1,1,GCATGAAAGGCCTCAGTACG,0,39743
TSS_1414_storz_regulondb,0.5,1,1,GCATCACTATCTCGAATCTT,0,33354
TSS_1414_storz_regulondb,0.5,1,1,GCATCAAAGGAATCCCCAGT,0,1624
TSS_1414_storz_regulondb,0.5,1,1,GCATATTCCATCATGAGTTG,0,75408
TSS_1414_storz_regulondb,0.5,1,1,GCATAGACAGAGCACCGCCA,0,32982
TSS_1414_storz_regulondb,0.5,1,1,GCATACGGGGGGTTGTGTTA,0,54683
TSS_1414_storz_regulondb,0.5,1,1,GCATAATACTAAAAATGATC,0,60872
TSS_1414_storz_regulondb,0.5,1,1,GCAGTTACCTCTTGTCCCTG,0,34704
TSS_1414_storz_regulondb,0.5,1,1,GCAGTCCAATCGCAGGCGAT,0,23324
TSS_1414_storz_regulondb,0.5,1,1,GCAGGGACGTGCTGCACAAC,0,38094
TSS_1414_storz_regulondb,0.5,1,1,GCAGGCAAACGGAAGGGTAT,0,42842
TSS_1414_storz_regulondb,0.5,1,1,GCAGCTTTCTCGTTGGTTGA,0,9872
TSS_1414_storz_regulondb,0.5,1,1,GCAGCTATCCGTTCCCTAGG,0,22449
TSS_1414_storz_regulondb,0.5,1,1,GCAGCCAGCGCCGTTGGCGC,0,2273
TSS_1414_storz_regulondb,0.5,1,1,GCAGATTAGATATGCGCACA,0,25164
TSS_1414_storz_regulondb,0.5,1,1,GCAGATGGAGGCGGTAGGGA,0,57896
TSS_1414_storz_regulondb,0.5,1,1,GCAGATCCTTGGCCGTCGCA,0,80797
TSS_1414_storz_regulondb,0.5,1,1,GCACTTTGGTGCAAATTAGA,0,45976
TSS_1414_storz_regulondb,0.5,1,1,GCACGGTTCTTACGAGGACG,0,67807
TSS_1414_storz_regulondb,0.5,1,1,GCACGCCACTCTAAATGAAG,0,67854
TSS_1414_storz_regulondb,0.5,1,1,GCACGATCTTTCTTTCCTTC,0,57787
TSS_1414_storz_regulondb,0.5,1,1,GCACCCTGTGGAAAGCGGGT,0,74349
TSS_1414_storz_regulondb,0.5,1,1,GCACCCCTAATGGTTCACCC,0,7745
TSS_1414_storz_regulondb,0.5,1,1,GCACAGTACACGTTTAGATT,0,69968
TSS_1414_storz_regulondb,0.5,1,1,GCACACGGTTTGAGACTACG,0,41060
TSS_1414_storz_regulondb,0.5,1,1,GCAAGTTCATTTTACTCAGT,0,78056
TSS_1414_storz_regulondb,0.5,1,1,GCAACGGCGAGACCCTGGGG,0,16333
TSS_1414_storz_regulondb,0.5,1,1,GCAACACCAGACCTGTAATA,0,51851
TSS_1414_storz_regulondb,0.5,1,1,GCAAACCAGGGCGGATGACT,0,17908
TSS_1414_storz_regulondb,0.5,1,1,GATTTTTATCCACTGAGATC,0,56948
TSS_1414_storz_regulondb,0.5,1,1,GATTTCTCGCATTTCTGCAA,0,24933
TSS_1414_storz_regulondb,0.5,1,1,GATTGTGCTACAGCCCAGCA,0,5865
TSS_1414_storz_regulondb,0.5,1,1,GATTGGTTAGAGGGGCGGGT,0,72514
TSS_1414_storz_regulondb,0.5,1,1,GATTGGCTCATAGTGGACTT,0,68107
TSS_1414_storz_regulondb,0.5,1,1,GATTGGAGGGACTTATCTAT,0,30950
TSS_1414_storz_regulondb,0.5,1,1,GATTGCTGTCTTAGCGGATT,0,18273
TSS_1414_storz_regulondb,0.5,1,1,GATTCTTCAACTGATTTTGG,0,54355
TSS_1414_storz_regulondb,0.5,1,1,GATTCTGACATCTGTAAACG,0,48722
TSS_1414_storz_regulondb,0.5,1,1,GATTCGGTTATGCTGGACAT,0,58139
TSS_1414_storz_regulondb,0.5,1,1,GATTCGCGGGAGCTGTTTCG,0,4272
TSS_1414_storz_regulondb,0.5,1,1,GATTCCCTATGGAGATTGGA,0,6067
TSS_1414_storz_regulondb,0.5,1,1,GATTCAGAACGGTCGTCCAC,0,56207
TSS_1414_storz_regulondb,0.5,1,1,GATTATGAGTGGGGACCGGA,0,37732
TSS_1414_storz_regulondb,0.5,1,1,GATTATCCATCCGCTCTACA,0,60616
TSS_1414_storz_regulondb,0.5,1,1,GATTACCGTAATAGGTCTTT,0,61418
TSS_1414_storz_regulondb,0.5,1,1,GATTAACTTACGGTGCATGT,0,32330
TSS_1414_storz_regulondb,0.5,1,1,GATGTCTTCGAAATGGATGA,0,65786
TSS_1414_storz_regulondb,0.5,1,1,GATGTATGGATAGTCTTCAA,0,2342
TSS_1414_storz_regulondb,0.5,1,1,GATGTATGACCGACTAGACT,0,39120
TSS_1414_storz_regulondb,0.5,1,1,GATGGTATATGTGTAGTAAT,0,6388
TSS_1414_storz_regulondb,0.5,1,1,GATGGCCGCCCAGGATCCCA,0,78652
TSS_1414_storz_regulondb,0.5,1,1,GATGGAGCGGTTTTAGATCC,0,3624
TSS_1414_storz_regulondb,0.5,1,1,GATGCCTATAGCGTGTAAGC,0,14000
TSS_1414_storz_regulondb,0.5,1,1,GATGAGCGTAATCGGATGTG,0,62055
TSS_1414_storz_regulondb,0.5,1,1,GATCTTTTAAGTCGCGGCTG,0,35424
TSS_1414_storz_regulondb,0.5,1,1,GATCTTTATAATTAAAGGTC,0,46080
TSS_1414_storz_regulondb,0.5,1,1,GATCTGGGCACGGGAATCTG,0,18877
TSS_1414_storz_regulondb,0.5,1,1,GATCTCGCCCAACTTCATAG,0,42209
TSS_1414_storz_regulondb,0.5,1,1,GATCCCTATTACTGCTTTGG,0,59155
TSS_1414_storz_regulondb,0.5,1,1,GATCCATGTCTTTTAAATAG,0,62465
TSS_1414_storz_regulondb,0.5,1,1,GATCACCGGTTAACATAGTA,0,42313
TSS_1414_storz_regulondb,0.5,1,1,GATATTTTTGGTGGATCCAA,0,13237
TSS_1414_storz_regulondb,0.5,1,1,GATATTGGACTCAGAGACAA,0,46558
TSS_1414_storz_regulondb,0.5,1,1,GATATTGCGCTATTAGCACT,0,16770
TSS_1414_storz_regulondb,0.5,1,1,GATATTCTAAATAGCAGGCC,0,32837
TSS_1414_storz_regulondb,0.5,1,1,GATATGTCTGGTCCTATAGA,0,79550
TSS_1414_storz_regulondb,0.5,1,1,GATATGGGTCTTCCGATAAA,0,30947
TSS_1414_storz_regulondb,0.5,1,1,GATATGCAGAGGGCCGCGGG,0,45782
TSS_1414_storz_regulondb,0.5,1,1,GATAGTTTGACTCTCTTGTT,0,28964
TSS_1414_storz_regulondb,0.5,1,1,GATAGCCACGCAGTACTGGC,0,9257
TSS_1414_storz_regulondb,0.5,1,1,GATAAGTATCGGGCGTAGTC,0,43128
TSS_1414_storz_regulondb,0.5,1,1,GATAACTCCGGCCGTCACCT,0,52399
TSS_1414_storz_regulondb,0.5,1,1,GATAACCGAAAACATGGACA,0,12526
TSS_1414_storz_regulondb,0.5,1,1,GATAAATGGCCGTAGAGTTG,0,21597
TSS_1414_storz_regulondb,0.5,1,1,GAGTTGGGGAAACTCTAGGA,0,13562
TSS_1414_storz_regulondb,0.5,1,1,GAGTTGCGGTGGACTGCTCT,0,70336
TSS_1414_storz_regulondb,0.5,1,1,GAGTTCCCTCGGGATCATCG,0,1725
TSS_1414_storz_regulondb,0.5,1,1,GAGTTCATAGGGTCGCCAAC,0,5643
TSS_1414_storz_regulondb,0.5,1,1,GAGTGGGCGCTGATGTCACC,0,49858
TSS_1414_storz_regulondb,0.5,1,1,GAGTGGCAAAACTGGCATAG,0,54821
TSS_1414_storz_regulondb,0.5,1,1,GAGTGCTGGAACGATCTATG,0,72359
TSS_1414_storz_regulondb,0.5,1,1,GAGTGCGCTGTGTTCCCAAG,0,32385
TSS_1414_storz_regulondb,0.5,1,1,GAGTGCCGGCCAAGACACCA,0,2072
TSS_1414_storz_regulondb,0.5,1,1,GAGTCGAGTCAAGTCGGTAG,0,4284
TSS_1414_storz_regulondb,0.5,1,1,GAGTCCTACAAATTTCTGGT,0,46588
TSS_1414_storz_regulondb,0.5,1,1,GAGTATTGGAAGATTGTCTT,0,42112
TSS_1414_storz_regulondb,0.5,1,1,GAGGTTGGTGTGGGGGGATA,0,25179
TSS_1414_storz_regulondb,0.5,1,1,GAGGTTATCCAACCGAACAT,0,62173
TSS_1414_storz_regulondb,0.5,1,1,GAGGTATTTGCGCGTATGAG,0,44275
TSS_1414_storz_regulondb,0.5,1,1,GAGGGGCAAATTGAGGGCGG,0,31874
TSS_1414_storz_regulondb,0.5,1,1,GAGGGACTCCCGGGTAGAAT,0,47677
TSS_1414_storz_regulondb,0.5,1,1,GAGGCTATCCGGGTACGGTC,0,22666
TSS_1414_storz_regulondb,0.5,1,1,GAGGCGCAACCACTTGTTAC,0,40560
TSS_1414_storz_regulondb,0.5,1,1,GAGGCCTGACTCGCACATGT,0,33237
TSS_1414_storz_regulondb,0.5,1,1,GAGGCATCCGGCACTCAGAT,0,37552
TSS_1414_storz_regulondb,0.5,1,1,GAGGAGGTAATCCCGGAATG,0,41307
TSS_1414_storz_regulondb,0.5,1,1,GAGGACGGACAAACGAAGGA,0,1371
TSS_1414_storz_regulondb,0.5,1,1,GAGGAATTGGCCAGCGCATC,0,72811
TSS_1414_storz_regulondb,0.5,1,1,GAGCTTGACACCCTGCGTCA,0,12977
TSS_1414_storz_regulondb,0.5,1,1,GAGCTCCTTAAGGCGTAAGA,0,57308
TSS_1414_storz_regulondb,0.5,1,1,GAGCGTCACTGGTCCAAGTG,0,3178
TSS_1414_storz_regulondb,0.5,1,1,GAGCAGTCCTTCATAATCTT,0,53817
TSS_1414_storz_regulondb,0.5,1,1,GAGCAGAGCCTCGTGTACTG,0,67344
TSS_1414_storz_regulondb,0.5,1,1,GAGCACCCCATATTGGGGAA,0,6327
TSS_1414_storz_regulondb,0.5,1,1,GAGCAAGAGGGCGTAGAGAG,0,2528
TSS_1414_storz_regulondb,0.5,1,1,GAGATTTGACTCTTGCTGAG,0,16359
TSS_1414_storz_regulondb,0.5,1,1,GAGATTCCGCATTATAAAGC,0,36099
TSS_1414_storz_regulondb,0.5,1,1,GAGATGCGTTCTTCTTGGTT,0,53967
TSS_1414_storz_regulondb,0.5,1,1,GAGATGATCCATATCGTGCT,0,25535
TSS_1414_storz_regulondb,0.5,1,1,GAGATAATGGAGTTTGTTAA,0,74599
TSS_1414_storz_regulondb,0.5,1,1,GAGATAAAGCTCTTCACCGT,0,28603
TSS_1414_storz_regulondb,0.5,1,1,GAGAGTTCACCGTCAGCGTT,0,14345
TSS_1414_storz_regulondb,0.5,1,1,GAGAGGGATCTCCCTCCTCA,0,79038
TSS_1414_storz_regulondb,0.5,1,1,GAGACGTCTTGCACAAATTG,0,7330
TSS_1414_storz_regulondb,0.5,1,1,GAGACCTATTGTGATACGCA,0,71643
TSS_1414_storz_regulondb,0.5,1,1,GAGACAATAATGCATAGAAT,0,27157
TSS_1414_storz_regulondb,0.5,1,1,GAGAATCGGGCGTTACACGT,0,3768
TSS_1414_storz_regulondb,0.5,1,1,GAGAAGTTACGGTCACTTAT,0,22276
TSS_1414_storz_regulondb,0.5,1,1,GAGAAACTTATATGACAACC,0,22287
TSS_1414_storz_regulondb,0.5,1,1,GAGAAACGTCCACGCCTCCA,0,2204
TSS_1414_storz_regulondb,0.5,1,1,GACTTTTTTCAACCGGATCT,0,77027
TSS_1414_storz_regulondb,0.5,1,1,GACTTGTCTTCGAAGGCACA,0,29699
TSS_1414_storz_regulondb,0.5,1,1,GACTTGCCAGGGGTAGGCAT,0,14719
TSS_1414_storz_regulondb,0.5,1,1,GACTGCCCGGATAGTAATTA,0,38177
TSS_1414_storz_regulondb,0.5,1,1,GACTGCCAAGCTGTAAAGCA,0,75468
TSS_1414_storz_regulondb,0.5,1,1,GACTGCAACCTCGGCGATTC,0,80651
TSS_1414_storz_regulondb,0.5,1,1,GACTCCAACTTGTCATTGTA,0,18836
TSS_1414_storz_regulondb,0.5,1,1,GACTAACATCTGGCAATTGA,0,34553
TSS_1414_storz_regulondb,0.5,1,1,GACGTTAGATAAACATTCGC,0,51659
TSS_1414_storz_regulondb,0.5,1,1,GACGTGGCCCTAGTCGGACG,0,71540
TSS_1414_storz_regulondb,0.5,1,1,GACGTATGGATTGTGGCGGA,0,39236
TSS_1414_storz_regulondb,0.5,1,1,GACGTACTTATCTGTACCTT,0,29545
TSS_1414_storz_regulondb,0.5,1,1,GACGTACGAACACGAGCAAT,0,74090
TSS_1414_storz_regulondb,0.5,1,1,GACGGTTTGTAGAACAGCTT,0,34496
TSS_1414_storz_regulondb,0.5,1,1,GACGGGGTGTGGAGGATCTT,0,17719
TSS_1414_storz_regulondb,0.5,1,1,GACGGCCGTACTCTGGTCGC,0,76393
TSS_1414_storz_regulondb,0.5,1,1,GACGCTAGCTCTGCAGCACC,0,21773
TSS_1414_storz_regulondb,0.5,1,1,GACGCCCTCTCTCATTTGTA,0,2197
TSS_1414_storz_regulondb,0.5,1,1,GACGCCCCGACACTCATCTA,0,44666
TSS_1414_storz_regulondb,0.5,1,1,GACGCAAAACGATCCGGCTA,0,23866
TSS_1414_storz_regulondb,0.5,1,1,GACGAGCGAGTTAATACCAA,0,28703
TSS_1414_storz_regulondb,0.5,1,1,GACCTGCGCGCGGTCGGGAC,0,8262
TSS_1414_storz_regulondb,0.5,1,1,GACCGGTTCTTGCTTAGACT,0,43433
TSS_1414_storz_regulondb,0.5,1,1,GACCGGACCTTGGACAATCC,0,36874
TSS_1414_storz_regulondb,0.5,1,1,GACCGATCTTTCGATATTCG,0,6216
TSS_1414_storz_regulondb,0.5,1,1,GACCGAAGAACAGGGGCCTG,0,5377
TSS_1414_storz_regulondb,0.5,1,1,GACCCGAATCTAGTCAAAAT,0,40031
TSS_1414_storz_regulondb,0.5,1,1,GACCATCAATCGCTGCACGA,0,45915
TSS_1414_storz_regulondb,0.5,1,1,GACCAGGCCCATCCCCTCTT,0,3081
TSS_1414_storz_regulondb,0.5,1,1,GACCAGGAGTGTGTCCCAAT,0,18840
TSS_1414_storz_regulondb,0.5,1,1,GACATGTCTAGCCCTACTCT,0,75197
TSS_1414_storz_regulondb,0.5,1,1,GACATAGCTCAGTTCACAAT,0,72902
TSS_1414_storz_regulondb,0.5,1,1,GACATACGACATGATGGCCA,0,78960
TSS_1414_storz_regulondb,0.5,1,1,GACATACCAACGCGTTACTA,0,10444
TSS_1414_storz_regulondb,0.5,1,1,GACAGCTCATTTATGATACC,0,34040
TSS_1414_storz_regulondb,0.5,1,1,GACAGCGCTGGTATTGTTAG,0,4067
TSS_1414_storz_regulondb,0.5,1,1,GACACAAAGGTCTGGTTCCT,0,19749
TSS_1414_storz_regulondb,0.5,1,1,GACAAGAGCATTAGCGCTTC,0,42832
TSS_1414_storz_regulondb,0.5,1,1,GAATTCCAGGCGAGGCGCGT,0,45185
TSS_1414_storz_regulondb,0.5,1,1,GAATTATTCTTGTTCGACCT,0,12616
TSS_1414_storz_regulondb,0.5,1,1,GAATGCCCTAAGGATACGCA,0,24217
TSS_1414_storz_regulondb,0.5,1,1,GAATCGCAAGGAGGGGGAGT,0,31926
TSS_1414_storz_regulondb,0.5,1,1,GAATCGATGATGTAACGTTG,0,72852
TSS_1414_storz_regulondb,0.5,1,1,GAATCACTGTTCAGCACTAA,0,70734
TSS_1414_storz_regulondb,0.5,1,1,GAATCACTCACATACGGTCA,0,40801
TSS_1414_storz_regulondb,0.5,1,1,GAATAGCTGTTGATCGCGTT,0,27686
TSS_1414_storz_regulondb,0.5,1,1,GAATAATCAGGCCGTACTGT,0,48788
TSS_1414_storz_regulondb,0.5,1,1,GAAGTTTTCAGGAGCAGTAC,0,78767
TSS_1414_storz_regulondb,0.5,1,1,GAAGCTCACCAGAGCAATCG,0,18008
TSS_1414_storz_regulondb,0.5,1,1,GAAGCTAGTAAATTATGACA,0,36845
TSS_1414_storz_regulondb,0.5,1,1,GAAGCCGCACCTCTCCATTG,0,21677
TSS_1414_storz_regulondb,0.5,1,1,GAAGCCATCTCAGCCAGAGA,0,16071
TSS_1414_storz_regulondb,0.5,1,1,GAAGCAATCATGTGAACTAA,0,19732
TSS_1414_storz_regulondb,0.5,1,1,GAAGAGAGTGATCGACACGA,0,77790
TSS_1414_storz_regulondb,0.5,1,1,GAACTTAACTCTGTCCGGCC,0,45590
TSS_1414_storz_regulondb,0.5,1,1,GAACTGCACGCCACGTTGTA,0,10026
TSS_1414_storz_regulondb,0.5,1,1,GAACGGTTACTCCTTGACAG,0,23920
TSS_1414_storz_regulondb,0.5,1,1,GAACGCAAGTCTTATCAAGT,0,9083
TSS_1414_storz_regulondb,0.5,1,1,GAACCTGGTCCATTGGTGTT,0,5387
TSS_1414_storz_regulondb,0.5,1,1,GAACCTGATTCCATTTTCAT,0,8842
TSS_1414_storz_regulondb,0.5,1,1,GAACCAAGCTACCTGTTGAT,0,26303
TSS_1414_storz_regulondb,0.5,1,1,GAACAGCTAAATCCCCCGTT,0,75087
TSS_1414_storz_regulondb,0.5,1,1,GAACACTCGAAGGCACAGGA,0,29183
TSS_1414_storz_regulondb,0.5,1,1,GAAATGTAGTTCACTGAAAG,0,26942
TSS_1414_storz_regulondb,0.5,1,1,GAAAGCCTCCAGCCCCCCTA,0,23482
TSS_1414_storz_regulondb,0.5,1,1,GAAACGGGTAGATCAGGATC,0,61757
TSS_1414_storz_regulondb,0.5,1,1,GAAACCAAGGTTCGTGGATT,0,52669
TSS_1414_storz_regulondb,0.5,1,1,GAAACCAACTTCGGGAACGG,0,37439
TSS_1414_storz_regulondb,0.5,1,1,GAAACACAGACCAGAGCGCT,0,25238
TSS_1414_storz_regulondb,0.5,1,1,GAAAACCCCAATAGGCGAAA,0,23698
TSS_1414_storz_regulondb,0.5,1,1,CTTTTACGTGCGCAAGATAG,0,1069
TSS_1414_storz_regulondb,0.5,1,1,CTTTGTCATGAGGAAATGGT,0,73902
TSS_1414_storz_regulondb,0.5,1,1,CTTTGGTCTTCCTTTTGACT,0,28990
TSS_1414_storz_regulondb,0.5,1,1,CTTTGGAACGCACTGAGAGT,0,63287
TSS_1414_storz_regulondb,0.5,1,1,CTTTGAGCCGAATCATTTAA,0,44477
TSS_1414_storz_regulondb,0.5,1,1,CTTTCGGTTGACCACTAAAT,0,56725
TSS_1414_storz_regulondb,0.5,1,1,CTTTCGGCCAAATTAGGAGG,0,8957
TSS_1414_storz_regulondb,0.5,1,1,CTTTCCAAGCATATGCTTCG,0,49191
TSS_1414_storz_regulondb,0.5,1,1,CTTTCAGGGGAGATTCAGAG,0,23817
TSS_1414_storz_regulondb,0.5,1,1,CTTTCACTCTACTCTTCGAG,0,31430
TSS_1414_storz_regulondb,0.5,1,1,CTTTCAATCTGCCGGTATGT,0,11251
TSS_1414_storz_regulondb,0.5,1,1,CTTTCAAAGCGGGCTACCGT,0,60475
TSS_1414_storz_regulondb,0.5,1,1,CTTTAGAATTTAATGCATGA,0,56098
TSS_1414_storz_regulondb,0.5,1,1,CTTTACGACTGTCCACTGGA,0,20601
TSS_1414_storz_regulondb,0.5,1,1,CTTTAAATTTCATAAGGCTC,0,51955
TSS_1414_storz_regulondb,0.5,1,1,CTTGTGGGAGTTTCCATCGA,0,17795
TSS_1414_storz_regulondb,0.5,1,1,CTTGTGATGTCGTAACGACT,0,31101
TSS_1414_storz_regulondb,0.5,1,1,CTTGTACGCAATCGTGTTAG,0,18901
TSS_1414_storz_regulondb,0.5,1,1,CTTGGTTAAGCATAGTCTCG,0,4621
TSS_1414_storz_regulondb,0.5,1,1,CTTGGGGTACCTGTCACCTC,0,35568
TSS_1414_storz_regulondb,0.5,1,1,CTTGGCCCTGTTCTTATCAC,0,69804
TSS_1414_storz_regulondb,0.5,1,1,CTTGGATTTCGTCGTGTTCT,0,72041
TSS_1414_storz_regulondb,0.5,1,1,CTTGGATTATGGCCCTTCCA,0,23982
TSS_1414_storz_regulondb,0.5,1,1,CTTGGACTACACTCCCAACT,0,21940
TSS_1414_storz_regulondb,0.5,1,1,CTTGCGTCGTATAGTGAGAA,0,74364
TSS_1414_storz_regulondb,0.5,1,1,CTTGATCAGCAGAACCTCTT,0,49574
TSS_1414_storz_regulondb,0.5,1,1,CTTGAGTGCGTGACCCACCC,0,12987
TSS_1414_storz_regulondb,0.5,1,1,CTTGACGAGCCGAGGATTGG,0,19068
TSS_1414_storz_regulondb,0.5,1,1,CTTCTCTTAGAAAACGCAGA,0,78177
TSS_1414_storz_regulondb,0.5,1,1,CTTCGGGTTCTCTAGTGCCG,0,37827
TSS_1414_storz_regulondb,0.5,1,1,CTTCGATCAGCTGGATCCAA,0,41558
TSS_1414_storz_regulondb,0.5,1,1,CTTCCCATCAGCTGATAGGG,0,76342
TSS_1414_storz_regulondb,0.5,1,1,CTTCAGCATGGTCGCACGTC,0,38230
TSS_1414_storz_regulondb,0.5,1,1,CTTCACGCGGGCAGAGTGTT,0,36060
TSS_1414_storz_regulondb,0.5,1,1,CTTCAAGCTTACAACGGGGA,0,75471
TSS_1414_storz_regulondb,0.5,1,1,CTTATCGGACCATTTATGGG,0,66647
TSS_1414_storz_regulondb,0.5,1,1,CTTATAATTGGGAGAGGAAA,0,70599
TSS_1414_storz_regulondb,0.5,1,1,CTTAGGGTTTTGATAGTACT,0,69560
TSS_1414_storz_regulondb,0.5,1,1,CTTAGGCATATCAAGTTCCC,0,50960
TSS_1414_storz_regulondb,0.5,1,1,CTTACGAGAGCGGTATTGCA,0,41254
TSS_1414_storz_regulondb,0.5,1,1,CTTAATTTCGTGCCGGGCCA,0,14582
TSS_1414_storz_regulondb,0.5,1,1,CTTAATCTGGTATATGGTTC,0,71632
TSS_1414_storz_regulondb,0.5,1,1,CTTAATCGAGGAATCGACAA,0,3516
TSS_1414_storz_regulondb,0.5,1,1,CTTAACTCTGACTGGTATCC,0,22757
TSS_1414_storz_regulondb,0.5,1,1,CTTAACCCTTATTCACTAAT,0,53135
TSS_1414_storz_regulondb,0.5,1,1,CTTAACATAATAGAGTTTAA,0,72533
TSS_1414_storz_regulondb,0.5,1,1,CTTAAAACGGAACTTTGTAC,0,23301
TSS_1414_storz_regulondb,0.5,1,1,CTGTTTTGGTTGAGCAACAA,0,18263
TSS_1414_storz_regulondb,0.5,1,1,CTGTTATTTTGATAATGCGT,0,57745
TSS_1414_storz_regulondb,0.5,1,1,CTGTTAAGGAAATGTTGACT,0,22218
TSS_1414_storz_regulondb,0.5,1,1,CTGTCCCTGTCGGGATTTCG,0,62667
TSS_1414_storz_regulondb,0.5,1,1,CTGTAGGAGTGCAGCGGAAG,0,74267
TSS_1414_storz_regulondb,0.5,1,1,CTGTAGGACACATAGACTGT,0,49875
TSS_1414_storz_regulondb,0.5,1,1,CTGGTTGTCGTACCTCCTAA,0,15274
TSS_1414_storz_regulondb,0.5,1,1,CTGGTTAATCTCTGTTTCTA,0,64173
TSS_1414_storz_regulondb,0.5,1,1,CTGGTGGTCCTAAAGGCCTA,0,38564
TSS_1414_storz_regulondb,0.5,1,1,CTGGTACGAGCAGCCCCTAT,0,70397
TSS_1414_storz_regulondb,0.5,1,1,CTGGGTGGCAGTCTCGACAG,0,16579
TSS_1414_storz_regulondb,0.5,1,1,CTGGGGGTCCATGGCCACGT,0,58611
TSS_1414_storz_regulondb,0.5,1,1,CTGGGGAGTACTGGCCAGGG,0,7971
TSS_1414_storz_regulondb,0.5,1,1,CTGGGACCCTAGTGCCTATT,0,33129
TSS_1414_storz_regulondb,0.5,1,1,CTGGCTGCAACATACAAAGT,0,80743
TSS_1414_storz_regulondb,0.5,1,1,CTGGCGGTATCACAGGCCAT,0,29200
TSS_1414_storz_regulondb,0.5,1,1,CTGGCGCGCTAAGAATCCAT,0,27527
TSS_1414_storz_regulondb,0.5,1,1,CTGGCCTCGTCCCCTAAGAC,0,65876
TSS_1414_storz_regulondb,0.5,1,1,CTGGATAACAAATAGACACT,0,12567
TSS_1414_storz_regulondb,0.5,1,1,CTGGACACTACCTAGCTCAT,0,74311
TSS_1414_storz_regulondb,0.5,1,1,CTGGAACCAGCTGCTCAAAA,0,41061
TSS_1414_storz_regulondb,0.5,1,1,CTGCTTTCGAAGGTGCGGGT,0,3122
TSS_1414_storz_regulondb,0.5,1,1,CTGCTCAGGCTTGTGAGGTG,0,7801
TSS_1414_storz_regulondb,0.5,1,1,CTGCGGTTGCTGTTCCCGAA,0,41684
TSS_1414_storz_regulondb,0.5,1,1,CTGCGGGCGATTCGTGAAGG,0,52363
TSS_1414_storz_regulondb,0.5,1,1,CTGCGCTGCCATTGCGACAT,0,50207
TSS_1414_storz_regulondb,0.5,1,1,CTGCCTAGGTTTTGTGACCT,0,39973
TSS_1414_storz_regulondb,0.5,1,1,CTGCCCGTTACCACCTAGAG,0,13647
TSS_1414_storz_regulondb,0.5,1,1,CTGCACTAGGTCCTGGGCTC,0,65931
TSS_1414_storz_regulondb,0.5,1,1,CTGATTTGGAACTTTTTTGA,0,7196
TSS_1414_storz_regulondb,0.5,1,1,CTGATTTCTGAACTGATAGT,0,63612
TSS_1414_storz_regulondb,0.5,1,1,CTGATGTCTTATCCCTCCTC,0,37981
TSS_1414_storz_regulondb,0.5,1,1,CTGATATTGATCAGTTCATC,0,32273
TSS_1414_storz_regulondb,0.5,1,1,CTGAGCGCAACGGATGCCTA,0,26918
TSS_1414_storz_regulondb,0.5,1,1,CTGAGCATTACAGAAAGGGG,0,25591
TSS_1414_storz_regulondb,0.5,1,1,CTGAGCAAGAATTACGTGTT,0,77644
TSS_1414_storz_regulondb,0.5,1,1,CTGAGAAAGGCCCCGTGTGT,0,44665
TSS_1414_storz_regulondb,0.5,1,1,CTGACTGCGTCGCGCGGACC,0,79336
TSS_1414_storz_regulondb,0.5,1,1,CTGACTAGGTCTTATCTCAG,0,77723
TSS_1414_storz_regulondb,0.5,1,1,CTGACCGCGAGGACGTCTCG,0,67436
TSS_1414_storz_regulondb,0.5,1,1,CTGAAGGACCAGGGCACGCA,0,64564
TSS_1414_storz_regulondb,0.5,1,1,CTGAACTGAGTTTTGGGAAT,0,53280
TSS_1414_storz_regulondb,0.5,1,1,CTGAACGGTACAAACGCCTG,0,60159
TSS_1414_storz_regulondb,0.5,1,1,CTGAACAGAGCCGTTCAAGA,0,21610
TSS_1414_storz_regulondb,0.5,1,1,CTGAAATGTAAGTGCCTTAC,0,37435
TSS_1414_storz_regulondb,0.5,1,1,CTGAAAGTGTAATAAGAACC,0,69397
TSS_1414_storz_regulondb,0.5,1,1,CTGAAAATCGAGCCATCGGC,0,18128
TSS_1414_storz_regulondb,0.5,1,1,CTCTTCCCCTTTACGGTATC,0,58950
TSS_1414_storz_regulondb,0.5,1,1,CTCTGTAGTCGCAAGAGATC,0,44317
TSS_1414_storz_regulondb,0.5,1,1,CTCTGGGATTAACCGATTGT,0,32932
TSS_1414_storz_regulondb,0.5,1,1,CTCTCGACAGAAGGCGGGAA,0,49129
TSS_1414_storz_regulondb,0.5,1,1,CTCTCCAAAGATATTACCGC,0,43164
TSS_1414_storz_regulondb,0.5,1,1,CTCTATCGGGCGGAGAGAAG,0,49483
TSS_1414_storz_regulondb,0.5,1,1,CTCTAAGTTAATAAGCTTAC,0,56217
TSS_1414_storz_regulondb,0.5,1,1,CTCTAAATGGGGACGTGTAT,0,25713
TSS_1414_storz_regulondb,0.5,1,1,CTCGTACCCTGCACAAGAGA,0,16991
TSS_1414_storz_regulondb,0.5,1,1,CTCGGCCCATAATGAACTAT,0,40062
TSS_1414_storz_regulondb,0.5,1,1,CTCGGCCAGTGAGATGCTTA,0,50222
TSS_1414_storz_regulondb,0.5,1,1,CTCGGAGTTCCAATCGTTTC,0,75120
TSS_1414_storz_regulondb,0.5,1,1,CTCGGAGGGCCGGAACATTT,0,69215
TSS_1414_storz_regulondb,0.5,1,1,CTCGCTGACGCAAAATGGCA,0,68067
TSS_1414_storz_regulondb,0.5,1,1,CTCGCCGTCTGGCATGCAAT,0,54585
TSS_1414_storz_regulondb,0.5,1,1,CTCGCCAAGGATCTCGGTGC,0,80482
TSS_1414_storz_regulondb,0.5,1,1,CTCGAGAATGTGGCATTGAG,0,16839
TSS_1414_storz_regulondb,0.5,1,1,CTCCTTCGGTATCTCTGTAA,0,59489
TSS_1414_storz_regulondb,0.5,1,1,CTCCTTAGCTACGAGCAATA,0,66708
TSS_1414_storz_regulondb,0.5,1,1,CTCCGTTTCCACTCTCTAAG,0,29969
TSS_1414_storz_regulondb,0.5,1,1,CTCCGTCCCGGACTGTCAAA,0,49015
TSS_1414_storz_regulondb,0.5,1,1,CTCCGTCAGGCTTTAGTTTG,0,33256
TSS_1414_storz_regulondb,0.5,1,1,CTCCGTACATGCCTGTAATG,0,10571
TSS_1414_storz_regulondb,0.5,1,1,CTCCGCCTCCAAGCTGATGG,0,1419
TSS_1414_storz_regulondb,0.5,1,1,CTCCCTAACCGCGACGTGTA,0,2157
TSS_1414_storz_regulondb,0.5,1,1,CTCCCCAATGCATAAGGGCG,0,74804
TSS_1414_storz_regulondb,0.5,1,1,CTCCATAGGACTTCTATCTC,0,32337
TSS_1414_storz_regulondb,0.5,1,1,CTCCAGCCAAAACATGTGCC,0,78646
TSS_1414_storz_regulondb,0.5,1,1,CTCCACTGTTATATTCCTTT,0,22923
TSS_1414_storz_regulondb,0.5,1,1,CTCATTTACGAACTCAGTGT,0,42033
TSS_1414_storz_regulondb,0.5,1,1,CTCAGGAGTGTTGGGTTAGG,0,17248
TSS_1414_storz_regulondb,0.5,1,1,CTCAGAAGACGGGCTTGATA,0,55849
TSS_1414_storz_regulondb,0.5,1,1,CTCACTTTTGTCACAACTAC,0,69550
TSS_1414_storz_regulondb,0.5,1,1,CTCACTATCGTCTCCCAGAC,0,18091
TSS_1414_storz_regulondb,0.5,1,1,CTCAAGCGGCACCTCAATAG,0,75268
TSS_1414_storz_regulondb,0.5,1,1,CTCAACAGGTCAATAGTCGG,0,39983
TSS_1414_storz_regulondb,0.5,1,1,CTATTTTGCCCCGAAAGCAT,0,68296
TSS_1414_storz_regulondb,0.5,1,1,CTATTGAAAATGTTACGTGA,0,50001
TSS_1414_storz_regulondb,0.5,1,1,CTATTCTCTTATTCGTAGGT,0,45892
TSS_1414_storz_regulondb,0.5,1,1,CTATGTTTATGCTCGGCCGT,0,69078
TSS_1414_storz_regulondb,0.5,1,1,CTATGTCGCACAAATGGCGC,0,69031
TSS_1414_storz_regulondb,0.5,1,1,CTATGAAGCACTGTCGGGAG,0,40564
TSS_1414_storz_regulondb,0.5,1,1,CTATCTTCTCAGAGGGAATA,0,22931
TSS_1414_storz_regulondb,0.5,1,1,CTATCGAGAGCAGAACCAGT,0,29289
TSS_1414_storz_regulondb,0.5,1,1,CTATCATGCTAAACGCACGT,0,32242
TSS_1414_storz_regulondb,0.5,1,1,CTATCACAGAGTCTACAAAT,0,8595
TSS_1414_storz_regulondb,0.5,1,1,CTATATGGGTTTTGGTTAAT,0,79384
TSS_1414_storz_regulondb,0.5,1,1,CTATACGTCCGCTTTTTCCG,0,44472
TSS_1414_storz_regulondb,0.5,1,1,CTATACCTGTTGGACTCGGG,0,862
TSS_1414_storz_regulondb,0.5,1,1,CTATACATTTAGGAGTGCCC,0,50315
TSS_1414_storz_regulondb,0.5,1,1,CTATAATATCTTAATCACGA,0,44231
TSS_1414_storz_regulondb,0.5,1,1,CTATAAACCTCCTCGACGGG,0,52760
TSS_1414_storz_regulondb,0.5,1,1,CTAGCATAGGCACGGTTAAA,0,54307
TSS_1414_storz_regulondb,0.5,1,1,CTAGAGTCCCCTTTAACATG,0,25522
TSS_1414_storz_regulondb,0.5,1,1,CTAGAGGACGTACAGCCTGA,0,20569
TSS_1414_storz_regulondb,0.5,1,1,CTAGACGTGGCTTAAACCTC,0,63826
TSS_1414_storz_regulondb,0.5,1,1,CTACTTCATTCCTCACATTT,0,43717
TSS_1414_storz_regulondb,0.5,1,1,CTACTGCTGGCACACGTTTA,0,69880
TSS_1414_storz_regulondb,0.5,1,1,CTACTGCCTTCCACAATCCG,0,50376
TSS_1414_storz_regulondb,0.5,1,1,CTACTGATCAAAAGCAAGCC,0,29039
TSS_1414_storz_regulondb,0.5,1,1,CTACTAATATATTTTCGGAC,0,75679
TSS_1414_storz_regulondb,0.5,1,1,CTACGTCTAGAAGGCTTATG,0,37462
TSS_1414_storz_regulondb,0.5,1,1,CTACGTACTCAGGTCTTGAC,0,64604
TSS_1414_storz_regulondb,0.5,1,1,CTACGCTTTGGGAGGATGGT,0,24167
TSS_1414_storz_regulondb,0.5,1,1,CTACGCCCTAGCGCGACAAA,0,59323
TSS_1414_storz_regulondb,0.5,1,1,CTACGCCAAATGACCCGGAG,0,14598
TSS_1414_storz_regulondb,0.5,1,1,CTACAGTTACGAATGGCTGC,0,31556
TSS_1414_storz_regulondb,0.5,1,1,CTACAGACGAAACATATGGA,0,7515
TSS_1414_storz_regulondb,0.5,1,1,CTACACACCGGTAGGCTTAT,0,53783
TSS_1414_storz_regulondb,0.5,1,1,CTAATCGCCGCGGCGTTTTA,0,44270
TSS_1414_storz_regulondb,0.5,1,1,CTAAGTCTAGATTTACAGCA,0,1967
TSS_1414_storz_regulondb,0.5,1,1,CTAAGGGGGTAGACTCATAT,0,15408
TSS_1414_storz_regulondb,0.5,1,1,CTAAGGAATCGAGTAAGGAA,0,160
TSS_1414_storz_regulondb,0.5,1,1,CTAAGGAAAATTTATGAGGA,0,64105
TSS_1414_storz_regulondb,0.5,1,1,CTAAGCGATATTATTTATGA,0,76109
TSS_1414_storz_regulondb,0.5,1,1,CTAAGCAAGGACTAGCGAGG,0,23248
TSS_1414_storz_regulondb,0.5,1,1,CTAACGGGTATTGTAGTGAC,0,16641
TSS_1414_storz_regulondb,0.5,1,1,CTAACCGAGTTCAATTTTAT,0,15828
TSS_1414_storz_regulondb,0.5,1,1,CTAAAGGGTTAAGCCCTCAC,0,69947
TSS_1414_storz_regulondb,0.5,1,1,CTAAAGCCTCAACGATAGAC,0,17046
TSS_1414_storz_regulondb,0.5,1,1,CTAAAGATTCCCGATCCACT,0,29111
TSS_1414_storz_regulondb,0.5,1,1,CTAAACGAGTAGCGTTAAAC,0,25187
TSS_1414_storz_regulondb,0.5,1,1,CTAAACGACCTTCGTCCAGC,0,5739
TSS_1414_storz_regulondb,0.5,1,1,CTAAACCGTCTGCTTTCGAG,0,16967
TSS_1414_storz_regulondb,0.5,1,1,CTAAAATTTGTATCTTGTCC,0,57990
TSS_1414_storz_regulondb,0.5,1,1,CGTTTGATGCATATTTTCAA,0,2219
TSS_1414_storz_regulondb,0.5,1,1,CGTTGGAGCGCGTAGGGCGG,0,74993
TSS_1414_storz_regulondb,0.5,1,1,CGTTCGGAGGATCCCGATCA,0,7013
TSS_1414_storz_regulondb,0.5,1,1,CGTTCGAGGGAAAATAAAAC,0,52726
TSS_1414_storz_regulondb,0.5,1,1,CGTTCGAGACGACCTCTGGG,0,22767
TSS_1414_storz_regulondb,0.5,1,1,CGTTCACCCAGCCCTCGCTC,0,36038
TSS_1414_storz_regulondb,0.5,1,1,CGTTCAAGTGGCGAGTCTCA,0,58478
TSS_1414_storz_regulondb,0.5,1,1,CGTTATTTCTCTGGATAGTT,0,32586
TSS_1414_storz_regulondb,0.5,1,1,CGTTAGAGGTTCAGCCACAA,0,5113
TSS_1414_storz_regulondb,0.5,1,1,CGTTAGACAACCGAATTTGG,0,1226
TSS_1414_storz_regulondb,0.5,1,1,CGTTAAAATGGTATACCACC,0,41408
TSS_1414_storz_regulondb,0.5,1,1,CGTGTGTATATGATATTGTG,0,76029
TSS_1414_storz_regulondb,0.5,1,1,CGTGTGCTGTCAAGGTTTAC,0,27177
TSS_1414_storz_regulondb,0.5,1,1,CGTGTCCGTCGTCTTCGGAC,0,68233
TSS_1414_storz_regulondb,0.5,1,1,CGTGTATCTGAGTCGGAATC,0,64554
TSS_1414_storz_regulondb,0.5,1,1,CGTGTAGCCCAGCTGGTCGT,0,20407
TSS_1414_storz_regulondb,0.5,1,1,CGTGGTATAAAGCAGGGCTG,0,78237
TSS_1414_storz_regulondb,0.5,1,1,CGTGGGTTACTCAAATTCAG,0,79914
TSS_1414_storz_regulondb,0.5,1,1,CGTGGCTTTTCCCTATTCAT,0,23001
TSS_1414_storz_regulondb,0.5,1,1,CGTGGATACAATAAATTCTC,0,65344
TSS_1414_storz_regulondb,0.5,1,1,CGTGGACTAGGAGGAGGCCT,0,9080
TSS_1414_storz_regulondb,0.5,1,1,CGTGGAATCAGCCCGGGCGG,0,52584
TSS_1414_storz_regulondb,0.5,1,1,CGTGCTGCCTATTGGCAACA,0,17456
TSS_1414_storz_regulondb,0.5,1,1,CGTGCCATGAAGGTCCTGCG,0,55270
TSS_1414_storz_regulondb,0.5,1,1,CGTGAGCCGACCCGCCTCAT,0,10840
TSS_1414_storz_regulondb,0.5,1,1,CGTGACAGTAACCTGTGTAA,0,74250
TSS_1414_storz_regulondb,0.5,1,1,CGTCTATAGTCTTAAATGTA,0,53893
TSS_1414_storz_regulondb,0.5,1,1,CGTCTAAAAACACACGTGCT,0,14595
TSS_1414_storz_regulondb,0.5,1,1,CGTCGCCCACTCGTAGTCCG,0,63864
TSS_1414_storz_regulondb,0.5,1,1,CGTCCTTCCGATTTGTGAAA,0,22710
TSS_1414_storz_regulondb,0.5,1,1,CGTCCTCGTCTGGTCACATT,0,75377
TSS_1414_storz_regulondb,0.5,1,1,CGTCCCTAGCCATGCAGAGG,0,37918
TSS_1414_storz_regulondb,0.5,1,1,CGTCCAATGCTGTCTGATCT,0,66452
TSS_1414_storz_regulondb,0.5,1,1,CGTCCAAGGAGTCTGGACCC,0,24515
TSS_1414_storz_regulondb,0.5,1,1,CGTCAGAGAATATGACGTCC,0,56941
TSS_1414_storz_regulondb,0.5,1,1,CGTATCCCCCCCTACTACAC,0,1904
TSS_1414_storz_regulondb,0.5,1,1,CGTATATTGCTTCCGGGACG,0,16216
TSS_1414_storz_regulondb,0.5,1,1,CGTATATGGTTACACTGAGT,0,48884
TSS_1414_storz_regulondb,0.5,1,1,CGTATACGACAAGCACTCAC,0,17565
TSS_1414_storz_regulondb,0.5,1,1,CGTATAAGCAAGCGCCTCGC,0,68211
TSS_1414_storz_regulondb,0.5,1,1,CGTAGTAGCCGAAATCCATA,0,76088
TSS_1414_storz_regulondb,0.5,1,1,CGTAGCCGCTGTCCGTGATT,0,54787
TSS_1414_storz_regulondb,0.5,1,1,CGTAGATATACCTCCAGCTG,0,12992
TSS_1414_storz_regulondb,0.5,1,1,CGTAGAGACGTGAAACTTTG,0,15508
TSS_1414_storz_regulondb,0.5,1,1,CGTACTTGTGACAATCGGGA,0,77814
TSS_1414_storz_regulondb,0.5,1,1,CGTACGGAGCCGAACCGTCA,0,37826
TSS_1414_storz_regulondb,0.5,1,1,CGTACCCAGGAGTTAGATGA,0,53738
TSS_1414_storz_regulondb,0.5,1,1,CGTACAGGACCATTTAGCCA,0,23653
TSS_1414_storz_regulondb,0.5,1,1,CGTACACCGGTAGCTATGCT,0,14208
TSS_1414_storz_regulondb,0.5,1,1,CGTAAGCACGACCTAATCCT,0,5990
TSS_1414_storz_regulondb,0.5,1,1,CGTAACTATGCATGCAAGTC,0,34122
TSS_1414_storz_regulondb,0.5,1,1,CGTAAAGCAGGGACCTTGAT,0,25661
TSS_1414_storz_regulondb,0.5,1,1,CGGTTGGTGCTATACATCTA,0,39452
TSS_1414_storz_regulondb,0.5,1,1,CGGTTGCTAATATATAGATC,0,53882
TSS_1414_storz_regulondb,0.5,1,1,CGGTTCATTCAAGACTGGAT,0,57073
TSS_1414_storz_regulondb,0.5,1,1,CGGTTAGTATACTGATGGTT,0,8807
TSS_1414_storz_regulondb,0.5,1,1,CGGTGTCACGCCTGGGGAAA,0,26532
TSS_1414_storz_regulondb,0.5,1,1,CGGTGGGGGCTCGGAGCACA,0,71207
TSS_1414_storz_regulondb,0.5,1,1,CGGTGCGCCTTCATATCTTG,0,28186
TSS_1414_storz_regulondb,0.5,1,1,CGGTGATGCCCGTGTCCAAG,0,25337
TSS_1414_storz_regulondb,0.5,1,1,CGGTCGAACGATAATGCCCT,0,9770
TSS_1414_storz_regulondb,0.5,1,1,CGGTCCGCATTGGATGCACG,0,81070
TSS_1414_storz_regulondb,0.5,1,1,CGGTCACTCGTCCGCCGTGT,0,45959
TSS_1414_storz_regulondb,0.5,1,1,CGGTAAGGGTCGTGCGGTCC,0,38166
TSS_1414_storz_regulondb,0.5,1,1,CGGGTGTAGGGGGTTTGCAT,0,558
TSS_1414_storz_regulondb,0.5,1,1,CGGGTATAATTACCTTGGTT,0,43915
TSS_1414_storz_regulondb,0.5,1,1,CGGGTAACCTAGGGAATAAC,0,62923
TSS_1414_storz_regulondb,0.5,1,1,CGGGGTTGGGCCGGCATGGG,0,78050
TSS_1414_storz_regulondb,0.5,1,1,CGGGGTTGCATCCCTGGGAC,0,35173
TSS_1414_storz_regulondb,0.5,1,1,CGGGGCATAGATAGAACCGA,0,21793
TSS_1414_storz_regulondb,0.5,1,1,CGGGGCAAAAGCCCTGGGCT,0,24764
TSS_1414_storz_regulondb,0.5,1,1,CGGGGAGCGTTGTGCACTGA,0,29143
TSS_1414_storz_regulondb,0.5,1,1,CGGGCTGTGGGTCAGAAGCG,0,10148
TSS_1414_storz_regulondb,0.5,1,1,CGGGCTGGGGGTTGGTTCCA,0,80062
TSS_1414_storz_regulondb,0.5,1,1,CGGGCTGGATTACCGGTAAA,0,19040
TSS_1414_storz_regulondb,0.5,1,1,CGGGCCAGTCCCATAGCTAC,0,22008
TSS_1414_storz_regulondb,0.5,1,1,CGGGATGTGAAGGGGAATAA,0,39266
TSS_1414_storz_regulondb,0.5,1,1,CGGGAAATGTGGTCATACAA,0,7215
TSS_1414_storz_regulondb,0.5,1,1,CGGCTTGGGTGGCGAGCCTC,0,26515
TSS_1414_storz_regulondb,0.5,1,1,CGGCTTAAATGCACAGGAGT,0,56383
TSS_1414_storz_regulondb,0.5,1,1,CGGCTGATTAGTCACCTCGA,0,65229
TSS_1414_storz_regulondb,0.5,1,1,CGGCTAGCGCCTCTTGGATC,0,10281
TSS_1414_storz_regulondb,0.5,1,1,CGGCGCTTATCAGAACTACA,0,46839
TSS_1414_storz_regulondb,0.5,1,1,CGGCCTAGTCATCTGGCGCC,0,24690
TSS_1414_storz_regulondb,0.5,1,1,CGGCCCTCGCATATGATTGG,0,36597
TSS_1414_storz_regulondb,0.5,1,1,CGGCCCTCCCGGACGGGGCA,0,21481
TSS_1414_storz_regulondb,0.5,1,1,CGGCCCCTAGAGAAGGGGCT,0,51977
TSS_1414_storz_regulondb,0.5,1,1,CGGCCAAGGGACATCTAGAC,0,80503
TSS_1414_storz_regulondb,0.5,1,1,CGGCCAACATCATCATGGTG,0,41215
TSS_1414_storz_regulondb,0.5,1,1,CGGCAATATTTCCTAACTCT,0,54609
TSS_1414_storz_regulondb,0.5,1,1,CGGCAAAAATCTGTGAGCCA,0,26613
TSS_1414_storz_regulondb,0.5,1,1,CGGATTCTGATCTGACCGCG,0,18039
TSS_1414_storz_regulondb,0.5,1,1,CGGATGCGGTAACCTCCTAC,0,55258
TSS_1414_storz_regulondb,0.5,1,1,CGGATCTCCGGGAATCCACA,0,61627
TSS_1414_storz_regulondb,0.5,1,1,CGGAGCGTGTTGCCTGACAA,0,37145
TSS_1414_storz_regulondb,0.5,1,1,CGGAGCGGGGCTTCCGGGAT,0,49179
TSS_1414_storz_regulondb,0.5,1,1,CGGACTATGGTTCCCCTTAT,0,57576
TSS_1414_storz_regulondb,0.5,1,1,CGGACGCAACGTTTTACAGA,0,18928
TSS_1414_storz_regulondb,0.5,1,1,CGGACACTAAACTATCCGGA,0,2805
TSS_1414_storz_regulondb,0.5,1,1,CGGAAGTTCCAATCGATGGT,0,62330
TSS_1414_storz_regulondb,0.5,1,1,CGGAAACTCATATAAACGTT,0,70324
TSS_1414_storz_regulondb,0.5,1,1,CGCTTTAATGGGGCTGCTAA,0,79249
TSS_1414_storz_regulondb,0.5,1,1,CGCTTGGCTTTATCGAAGGT,0,79788
TSS_1414_storz_regulondb,0.5,1,1,CGCTTCGTTCTGGACTGCAA,0,22781
TSS_1414_storz_regulondb,0.5,1,1,CGCTTAGGTACGCAATCGTT,0,31860
TSS_1414_storz_regulondb,0.5,1,1,CGCTCCCTGAACATGAACTC,0,32309
TSS_1414_storz_regulondb,0.5,1,1,CGCTCCACAGACTACACCGA,0,73276
TSS_1414_storz_regulondb,0.5,1,1,CGCTACGCAGGTAAGTACGG,0,4579
TSS_1414_storz_regulondb,0.5,1,1,CGCGTGGCGAATTGTGCTGT,0,38796
TSS_1414_storz_regulondb,0.5,1,1,CGCGTATGCTAAGAACGTTA,0,38303
TSS_1414_storz_regulondb,0.5,1,1,CGCGTACGACGATCTTCGCA,0,27929
TSS_1414_storz_regulondb,0.5,1,1,CGCGGTGTCGCGTTGCACGA,0,29148
TSS_1414_storz_regulondb,0.5,1,1,CGCGGTATCATCAAGTGGTC,0,27658
TSS_1414_storz_regulondb,0.5,1,1,CGCGGGTGGTGCGCGATTTC,0,77473
TSS_1414_storz_regulondb,0.5,1,1,CGCGGCAAATGAGACCTACA,0,28967
TSS_1414_storz_regulondb,0.5,1,1,CGCGGAAATACTACCTTGGT,0,32607
TSS_1414_storz_regulondb,0.5,1,1,CGCGCCACTTTTTCCCGTCG,0,29128
TSS_1414_storz_regulondb,0.5,1,1,CGCGATGTTCCCTGCAAGAA,0,58
TSS_1414_storz_regulondb,0.5,1,1,CGCGAGGAGAGCCTGGTTAT,0,77268
TSS_1414_storz_regulondb,0.5,1,1,CGCGACTACCAGCCTGTCAA,0,7234
TSS_1414_storz_regulondb,0.5,1,1,CGCGACCACGTGACGTCACT,0,47592
TSS_1414_storz_regulondb,0.5,1,1,CGCCTTTCGCTTGGGAGTAG,0,79953
TSS_1414_storz_regulondb,0.5,1,1,CGCCTTGGGCCCCCATGCAT,0,48225
TSS_1414_storz_regulondb,0.5,1,1,CGCCTCTTGGATGTGGCTAG,0,80535
TSS_1414_storz_regulondb,0.5,1,1,CGCCGGGAGCGGCGTCTCAC,0,59253
TSS_1414_storz_regulondb,0.5,1,1,CGCCGAGACGCGTGGAGGAA,0,16793
TSS_1414_storz_regulondb,0.5,1,1,CGCCCTTGAACAGCTGTCCT,0,64486
TSS_1414_storz_regulondb,0.5,1,1,CGCCCAATGATGCGTGGATG,0,44812
TSS_1414_storz_regulondb,0.5,1,1,CGCCAGTCAGGGTAACGACT,0,8599
TSS_1414_storz_regulondb,0.5,1,1,CGCCAGGTTTTAAAACTCCA,0,17096
TSS_1414_storz_regulondb,0.5,1,1,CGCCAGAAAGCTGCGCTGTG,0,70961
TSS_1414_storz_regulondb,0.5,1,1,CGCCAAGTTCGCTTGTGGAC,0,39403
TSS_1414_storz_regulondb,0.5,1,1,CGCCAAGATAAATCTCGCGA,0,81034
TSS_1414_storz_regulondb,0.5,1,1,CGCATTCGGCCGCTTCGTCT,0,4161
TSS_1414_storz_regulondb,0.5,1,1,CGCATTATTTCGTCAAGTGC,0,53666
TSS_1414_storz_regulondb,0.5,1,1,CGCATCTGCTTAATCGGTTC,0,79777
TSS_1414_storz_regulondb,0.5,1,1,CGCATCGGGGGCAGGGTTCT,0,35091
TSS_1414_storz_regulondb,0.5,1,1,CGCAGTATAAAGTTAGCCGG,0,30788
TSS_1414_storz_regulondb,0.5,1,1,CGCAGCATGACAAAAGCCTC,0,66603
TSS_1414_storz_regulondb,0.5,1,1,CGCAGAGTTGTACGTGGAAT,0,34086
TSS_1414_storz_regulondb,0.5,1,1,CGCAGAGCCTGTCCCGCGTG,0,50104
TSS_1414_storz_regulondb,0.5,1,1,CGCACTGTAATAATTCTGGT,0,44516
TSS_1414_storz_regulondb,0.5,1,1,CGCACGCTCTCCCGACCCGA,0,41327
TSS_1414_storz_regulondb,0.5,1,1,CGCACGAATCGCAATGAACT,0,42676
TSS_1414_storz_regulondb,0.5,1,1,CGCACATGGTTTACACGAGA,0,76953
TSS_1414_storz_regulondb,0.5,1,1,CGCACACGAAAGGGCAGTTT,0,48845
TSS_1414_storz_regulondb,0.5,1,1,CGCAATTCATGGCGGAGTAT,0,48143
TSS_1414_storz_regulondb,0.5,1,1,CGCAACGCCCTTAGAGCGCA,0,2811
TSS_1414_storz_regulondb,0.5,1,1,CGCAAACTTAGACATGTCGG,0,66659
TSS_1414_storz_regulondb,0.5,1,1,CGATTCGCGTGTTTGGCACA,0,62705
TSS_1414_storz_regulondb,0.5,1,1,CGATGTAATAACGGACACGA,0,58188
TSS_1414_storz_regulondb,0.5,1,1,CGATGGGGATCGGCTCTTCC,0,73750
TSS_1414_storz_regulondb,0.5,1,1,CGATGCATTAGAATATCAGT,0,27848
TSS_1414_storz_regulondb,0.5,1,1,CGATGAGAGCTCTAGGCGGC,0,14015
TSS_1414_storz_regulondb,0.5,1,1,CGATCCCGGCAGGGGGAAGT,0,48001
TSS_1414_storz_regulondb,0.5,1,1,CGATCAGTATCGAAAGGTCT,0,66508
TSS_1414_storz_regulondb,0.5,1,1,CGATCAATCTGGAGTCGTGT,0,37667
TSS_1414_storz_regulondb,0.5,1,1,CGATATATTAGGACAAGCAA,0,30366
TSS_1414_storz_regulondb,0.5,1,1,CGATATAATTGCGGTAAGAG,0,6269
TSS_1414_storz_regulondb,0.5,1,1,CGATACTGGTCGTAGGGTTA,0,78331
TSS_1414_storz_regulondb,0.5,1,1,CGATACCTTAGTTTTAGATG,0,4453
TSS_1414_storz_regulondb,0.5,1,1,CGAGTCGGGGTGCTCTTCCT,0,73574
TSS_1414_storz_regulondb,0.5,1,1,CGAGTCATATTCTCAACGTC,0,66768
TSS_1414_storz_regulondb,0.5,1,1,CGAGTATCAACGTTGCGTGA,0,31130
TSS_1414_storz_regulondb,0.5,1,1,CGAGTAAGCTCCGGGACGGG,0,12022
TSS_1414_storz_regulondb,0.5,1,1,CGAGGTCTTCCAGCATCTCT,0,36911
TSS_1414_storz_regulondb,0.5,1,1,CGAGGGTACCCAATATCCCC,0,26439
TSS_1414_storz_regulondb,0.5,1,1,CGAGGCGCGGGGTAGAGTTG,0,52218
TSS_1414_storz_regulondb,0.5,1,1,CGAGGAGCAGGCTCATCCTT,0,17824
TSS_1414_storz_regulondb,0.5,1,1,CGAGCATCTTATGGGCGCCT,0,67146
TSS_1414_storz_regulondb,0.5,1,1,CGAGAGTGGCCCGGATAAGC,0,11573
TSS_1414_storz_regulondb,0.5,1,1,CGAGAGCCTGTGCGGCCTAC,0,12919
TSS_1414_storz_regulondb,0.5,1,1,CGACTTGACCCCGATGCGGG,0,68467
TSS_1414_storz_regulondb,0.5,1,1,CGACTTCGGCGATGTCGAGT,0,15744
TSS_1414_storz_regulondb,0.5,1,1,CGACTCTGTGCCCAGGTATT,0,39826
TSS_1414_storz_regulondb,0.5,1,1,CGACTCGCAACCGTACATAT,0,29541
TSS_1414_storz_regulondb,0.5,1,1,CGACTAAGAATGAATGAGAC,0,79910
TSS_1414_storz_regulondb,0.5,1,1,CGACGAAGAAGGACACGAAC,0,76138
TSS_1414_storz_regulondb,0.5,1,1,CGACCTCCCACATACCGCAG,0,69102
TSS_1414_storz_regulondb,0.5,1,1,CGACCTACGAGTTCGGACCA,0,67774
TSS_1414_storz_regulondb,0.5,1,1,CGACACCAGGTCCTTTGGTC,0,35220
TSS_1414_storz_regulondb,0.5,1,1,CGACAAATGACCGGCATTAG,0,50259
TSS_1414_storz_regulondb,0.5,1,1,CGAATAGACCACTTGTTAGT,0,12101
TSS_1414_storz_regulondb,0.5,1,1,CGAAGTGGATTAGAGAAATC,0,64600
TSS_1414_storz_regulondb,0.5,1,1,CGAAGCTGTCGGTCAAGAGC,0,78523
TSS_1414_storz_regulondb,0.5,1,1,CGAACGCTGCGAAACATAGA,0,165
TSS_1414_storz_regulondb,0.5,1,1,CGAAAGCACTATTAGGACGT,0,41355
TSS_1414_storz_regulondb,0.5,1,1,CGAAACTACTCAACTATATT,0,53031
TSS_1414_storz_regulondb,0.5,1,1,CGAAAATTTGATAGGTCTAT,0,61394
TSS_1414_storz_regulondb,0.5,1,1,CGAAAATCCCCAATTCTCGG,0,31525
TSS_1414_storz_regulondb,0.5,1,1,CGAAAAAGGAGGCTCTCGCT,0,48749
TSS_1414_storz_regulondb,0.5,1,1,CCTTTTTGTTCAGATGTAAA,0,42652
TSS_1414_storz_regulondb,0.5,1,1,CCTTTCTCCTGAAGTGGGGC,0,14609
TSS_1414_storz_regulondb,0.5,1,1,CCTTTACTTTTTCACAGAGC,0,50943
TSS_1414_storz_regulondb,0.5,1,1,CCTTGTTTGTAGATTCATCT,0,53671
TSS_1414_storz_regulondb,0.5,1,1,CCTTGATCCGGTGTCTGGCA,0,15099
TSS_1414_storz_regulondb,0.5,1,1,CCTTCTGAGGCATCGATCCA,0,76605
TSS_1414_storz_regulondb,0.5,1,1,CCTTCGGGGATTCTAGCTTG,0,8836
TSS_1414_storz_regulondb,0.5,1,1,CCTTCAGAGAATGGACTCAC,0,60354
TSS_1414_storz_regulondb,0.5,1,1,CCTTCACTAAAGTAGCTAGT,0,6493
TSS_1414_storz_regulondb,0.5,1,1,CCTTAGGATAACCGGGGCCA,0,43175
TSS_1414_storz_regulondb,0.5,1,1,CCTTAATCGCAGCAGTGGCA,0,62556
TSS_1414_storz_regulondb,0.5,1,1,CCTGTTAACGTGATGTCATT,0,44305
TSS_1414_storz_regulondb,0.5,1,1,CCTGTCGGGTCGGCTGAAGT,0,70355
TSS_1414_storz_regulondb,0.5,1,1,CCTGGGGGTTAGTGTTGTGC,0,61456
TSS_1414_storz_regulondb,0.5,1,1,CCTGGCGCTAATAACGAATG,0,51084
TSS_1414_storz_regulondb,0.5,1,1,CCTGCTGATGGTTCCTCGTT,0,16396
TSS_1414_storz_regulondb,0.5,1,1,CCTGCTCATCCTCTGGCGGC,0,6892
TSS_1414_storz_regulondb,0.5,1,1,CCTGCGAGTTGGCGCCCCAG,0,8756
TSS_1414_storz_regulondb,0.5,1,1,CCTGCCGACGACATTCTGGT,0,22683
TSS_1414_storz_regulondb,0.5,1,1,CCTGCAGTTAGTGGTGTCAC,0,23156
TSS_1414_storz_regulondb,0.5,1,1,CCTGCAGTGTCTAAAAATGG,0,53429
TSS_1414_storz_regulondb,0.5,1,1,CCTGACGCCTGCACTGGGAC,0,62332
TSS_1414_storz_regulondb,0.5,1,1,CCTGACCGTACAATCGCGGC,0,19554
TSS_1414_storz_regulondb,0.5,1,1,CCTCTTAAGAACGCCGAATT,0,40543
TSS_1414_storz_regulondb,0.5,1,1,CCTCGGGTTTAATATGTGTA,0,51565
TSS_1414_storz_regulondb,0.5,1,1,CCTCGGGTATCCAAGATCTA,0,69328
TSS_1414_storz_regulondb,0.5,1,1,CCTCGGGCGCGCCTAGACCT,0,4456
TSS_1414_storz_regulondb,0.5,1,1,CCTCGCGACCGGCGGCTGAT,0,80586
TSS_1414_storz_regulondb,0.5,1,1,CCTCCGGGACAGCCTGCAGA,0,18504
TSS_1414_storz_regulondb,0.5,1,1,CCTCCCAGCTCACCTAATTT,0,78666
TSS_1414_storz_regulondb,0.5,1,1,CCTCATAACCTCCCCATCAA,0,73331
TSS_1414_storz_regulondb,0.5,1,1,CCTCACTCAGTCGGTTATCG,0,37588
TSS_1414_storz_regulondb,0.5,1,1,CCTATTCGAACGAGAAAGGA,0,69571
TSS_1414_storz_regulondb,0.5,1,1,CCTATGCATTTAAATATTCA,0,60603
TSS_1414_storz_regulondb,0.5,1,1,CCTATCGGACCCGCAGGGCT,0,39664
TSS_1414_storz_regulondb,0.5,1,1,CCTATCACGCCCTATTTACT,0,58870
TSS_1414_storz_regulondb,0.5,1,1,CCTATCAAGCTCGATAACTA,0,25242
TSS_1414_storz_regulondb,0.5,1,1,CCTATAGGACTAATAGTATC,0,20295
TSS_1414_storz_regulondb,0.5,1,1,CCTAGAGCTTGGATGAGTCA,0,21219
TSS_1414_storz_regulondb,0.5,1,1,CCTAGAAATGATTCAACGGT,0,26768
TSS_1414_storz_regulondb,0.5,1,1,CCTACGGATTACGCAAATGT,0,68013
TSS_1414_storz_regulondb,0.5,1,1,CCTACCCATCCGCCAGAGCG,0,57804
TSS_1414_storz_regulondb,0.5,1,1,CCTACATGGGGCAAGTGTGT,0,59069
TSS_1414_storz_regulondb,0.5,1,1,CCTACATACCGGCACTTTTC,0,68931
TSS_1414_storz_regulondb,0.5,1,1,CCTACACACTTCTGGGCGAT,0,39868
TSS_1414_storz_regulondb,0.5,1,1,CCTAATTTGCGGGAACGGGC,0,16848
TSS_1414_storz_regulondb,0.5,1,1,CCTAATGTTTTGATACTGGT,0,43511
TSS_1414_storz_regulondb,0.5,1,1,CCTAAGTTGTGGTGCGGTCA,0,33141
TSS_1414_storz_regulondb,0.5,1,1,CCTAACCCCTTTCGTCTGAG,0,7099
TSS_1414_storz_regulondb,0.5,1,1,CCTAAAGCGAATTACCCCTT,0,26119
TSS_1414_storz_regulondb,0.5,1,1,CCGTTTGCGCTCGAGGTTGA,0,77640
TSS_1414_storz_regulondb,0.5,1,1,CCGTTGGCCACCTCAATAAC,0,45876
TSS_1414_storz_regulondb,0.5,1,1,CCGTTCGTGGAGATATAGAT,0,28096
TSS_1414_storz_regulondb,0.5,1,1,CCGTGGGCCGATTCGCTAGG,0,36565
TSS_1414_storz_regulondb,0.5,1,1,CCGTGGAATCGCACTGCTAA,0,52215
TSS_1414_storz_regulondb,0.5,1,1,CCGTGCCCCCATTTGCAGCT,0,4775
TSS_1414_storz_regulondb,0.5,1,1,CCGTGAATCGGACGGAAGTT,0,28912
TSS_1414_storz_regulondb,0.5,1,1,CCGTCGGCATTAGACTTATC,0,7116
TSS_1414_storz_regulondb,0.5,1,1,CCGTCCCCGGGCTCTGCTCA,0,66167
TSS_1414_storz_regulondb,0.5,1,1,CCGTCAAATTGGCGTGTATT,0,3751
TSS_1414_storz_regulondb,0.5,1,1,CCGTATCTGCCATTGCGTGA,0,74272
TSS_1414_storz_regulondb,0.5,1,1,CCGTAGCTCTGATTTTTCAA,0,46495
TSS_1414_storz_regulondb,0.5,1,1,CCGTAGAGGGTCCGATGATG,0,12968
TSS_1414_storz_regulondb,0.5,1,1,CCGTACCTTCCAATATTCTC,0,40452
TSS_1414_storz_regulondb,0.5,1,1,CCGTAACGATGCGGATAGTG,0,10489
TSS_1414_storz_regulondb,0.5,1,1,CCGGTTAATCCATCTAACTA,0,14631
TSS_1414_storz_regulondb,0.5,1,1,CCGGTACTAGACGTGTGACC,0,7835
TSS_1414_storz_regulondb,0.5,1,1,CCGGGTTGCTTAAATGCCAT,0,31800
TSS_1414_storz_regulondb,0.5,1,1,CCGGGTGAGGTGTCATATTT,0,55613
TSS_1414_storz_regulondb,0.5,1,1,CCGGGTCTAACAGTCTGTCC,0,76563
TSS_1414_storz_regulondb,0.5,1,1,CCGGGTACGACTATGCGCTG,0,16470
TSS_1414_storz_regulondb,0.5,1,1,CCGGGGACGTAGATCCGAGT,0,28879
TSS_1414_storz_regulondb,0.5,1,1,CCGGGCGTAGTATCCCACCC,0,28373
TSS_1414_storz_regulondb,0.5,1,1,CCGGGATGCGGCCCGTGGAT,0,33758
TSS_1414_storz_regulondb,0.5,1,1,CCGGCTGGTTCTTTGGATTG,0,70668
TSS_1414_storz_regulondb,0.5,1,1,CCGGCTCTGTACTTGCGGTT,0,1071
TSS_1414_storz_regulondb,0.5,1,1,CCGGCATACTCGATGTCGAT,0,9601
TSS_1414_storz_regulondb,0.5,1,1,CCGGATTGGTATCAACCCTC,0,58182
TSS_1414_storz_regulondb,0.5,1,1,CCGGATCCGAAGTTTAATAC,0,70277
TSS_1414_storz_regulondb,0.5,1,1,CCGGAGCCATCCGTTTTGGT,0,78403
TSS_1414_storz_regulondb,0.5,1,1,CCGGACAAAGCGGTGAGTGG,0,32301
TSS_1414_storz_regulondb,0.5,1,1,CCGGAAGCGCCATGTGCGGG,0,53359
TSS_1414_storz_regulondb,0.5,1,1,CCGCTGTTAAAGGCAGTACT,0,52130
TSS_1414_storz_regulondb,0.5,1,1,CCGCTAATTTAACGTAGGCA,0,39728
TSS_1414_storz_regulondb,0.5,1,1,CCGCGTCCATGCCGGCGGGA,0,33052
TSS_1414_storz_regulondb,0.5,1,1,CCGCGGGTGTACACACCTAG,0,10764
TSS_1414_storz_regulondb,0.5,1,1,CCGCGGCCCAAGCACGGTGC,0,21672
TSS_1414_storz_regulondb,0.5,1,1,CCGCGCACATAGTGAAGGCG,0,40448
TSS_1414_storz_regulondb,0.5,1,1,CCGCCTGTTTTGTGAGTATT,0,52962
TSS_1414_storz_regulondb,0.5,1,1,CCGCCGGCTCCCCAAGAGTG,0,63168
TSS_1414_storz_regulondb,0.5,1,1,CCGCCGACGAGCTTTATTGG,0,43742
TSS_1414_storz_regulondb,0.5,1,1,CCGCCCCAGGAAGCGGACTC,0,36920
TSS_1414_storz_regulondb,0.5,1,1,CCGCATGCCCCTCATTTCCC,0,55298
TSS_1414_storz_regulondb,0.5,1,1,CCGCAGTTTCTTCTTCATTC,0,29533
TSS_1414_storz_regulondb,0.5,1,1,CCGCAGAATAGGAGTCCAGC,0,21018
TSS_1414_storz_regulondb,0.5,1,1,CCGCAATACTCACGTAAAAC,0,48375
TSS_1414_storz_regulondb,0.5,1,1,CCGATTTTCAATTAGCACAG,0,25801
TSS_1414_storz_regulondb,0.5,1,1,CCGATTCACTAATTCATGTT,0,50016
TSS_1414_storz_regulondb,0.5,1,1,CCGATTATCGGTACTCCACT,0,8268
TSS_1414_storz_regulondb,0.5,1,1,CCGATGTATAAGTTCGCAAC,0,30560
TSS_1414_storz_regulondb,0.5,1,1,CCGATACTGTAACTTCGCGG,0,56277
TSS_1414_storz_regulondb,0.5,1,1,CCGATAACGAGTACGGGGTA,0,31685
TSS_1414_storz_regulondb,0.5,1,1,CCGAGTGCAACCACCTCTAT,0,35622
TSS_1414_storz_regulondb,0.5,1,1,CCGAGTCCCTGAACTGGTTG,0,66969
TSS_1414_storz_regulondb,0.5,1,1,CCGACGGCGTCTAAGTTTGA,0,6662
TSS_1414_storz_regulondb,0.5,1,1,CCGACAGGCCGATAGCCCTA,0,6012
TSS_1414_storz_regulondb,0.5,1,1,CCGAATACTCCCAATAGTAT,0,1359
TSS_1414_storz_regulondb,0.5,1,1,CCGAACTCACGCTCGCAACT,0,12979
TSS_1414_storz_regulondb,0.5,1,1,CCGAACGGGATATTGAACCC,0,26932
TSS_1414_storz_regulondb,0.5,1,1,CCGAACGAGGCATCGAAATC,0,36852
TSS_1414_storz_regulondb,0.5,1,1,CCGAACACTGGGTACTCATA,0,25684
TSS_1414_storz_regulondb,0.5,1,1,CCGAAATTAGCCTCATATTG,0,57622
TSS_1414_storz_regulondb,0.5,1,1,CCCTTTCGAACATTCACGAG,0,34260
TSS_1414_storz_regulondb,0.5,1,1,CCCTTAATAGTTATGCAGTC,0,25580
TSS_1414_storz_regulondb,0.5,1,1,CCCTGTGATGGTCTCGTTGG,0,58914
TSS_1414_storz_regulondb,0.5,1,1,CCCTGGAGCTCCAGCAATTG,0,31785
TSS_1414_storz_regulondb,0.5,1,1,CCCTCGTCAGCTCGAAGTAG,0,8390
TSS_1414_storz_regulondb,0.5,1,1,CCCTCCCGGAAATCGAGCAT,0,79720
TSS_1414_storz_regulondb,0.5,1,1,CCCTCATGGTTTTATTGACT,0,53939
TSS_1414_storz_regulondb,0.5,1,1,CCCTATGCCCATTGACACTA,0,58710
TSS_1414_storz_regulondb,0.5,1,1,CCCGTGTTTGGCCAGCCCTC,0,7219
TSS_1414_storz_regulondb,0.5,1,1,CCCGTGTGTTTGTAGGGGCA,0,16609
TSS_1414_storz_regulondb,0.5,1,1,CCCGTCACGCCTCCGTGGAG,0,34672
TSS_1414_storz_regulondb,0.5,1,1,CCCGTATATCGTGGGGTATC,0,22856
TSS_1414_storz_regulondb,0.5,1,1,CCCGGCCTTTGGCATAGATG,0,7777
TSS_1414_storz_regulondb,0.5,1,1,CCCGGCAGAGACTCCTACCT,0,31297
TSS_1414_storz_regulondb,0.5,1,1,CCCGGCAACACGGCTAACGT,0,21727
TSS_1414_storz_regulondb,0.5,1,1,CCCGCTTTTTTACCGAAAGT,0,47778
TSS_1414_storz_regulondb,0.5,1,1,CCCGCTGTCAATTCCTAGGC,0,58289
TSS_1414_storz_regulondb,0.5,1,1,CCCGCTATCCAAGATGACTA,0,78526
TSS_1414_storz_regulondb,0.5,1,1,CCCGCGGGTCACAGTAAGGT,0,2772
TSS_1414_storz_regulondb,0.5,1,1,CCCGCGGGCGCATGAAGGAA,0,52813
TSS_1414_storz_regulondb,0.5,1,1,CCCGCCCTTTAGCTAATCCA,0,29177
TSS_1414_storz_regulondb,0.5,1,1,CCCGCAAAATTAGAAGTGTA,0,79186
TSS_1414_storz_regulondb,0.5,1,1,CCCGAGTTTCAACCAGAATA,0,64266
TSS_1414_storz_regulondb,0.5,1,1,CCCGACCTGTCTAGATTGAC,0,15096
TSS_1414_storz_regulondb,0.5,1,1,CCCGAAGAATAAGGATTGCC,0,25896
TSS_1414_storz_regulondb,0.5,1,1,CCCCTTGGCTGTTCTGACTC,0,21074
TSS_1414_storz_regulondb,0.5,1,1,CCCCGGTGAGTAAACAGGTA,0,25726
TSS_1414_storz_regulondb,0.5,1,1,CCCCGAGTATGCCGAACACT,0,60641
TSS_1414_storz_regulondb,0.5,1,1,CCCCCTTGTAGCTAGCGGGC,0,47654
TSS_1414_storz_regulondb,0.5,1,1,CCCCCGGGCATGTCCTCCCA,0,39114
TSS_1414_storz_regulondb,0.5,1,1,CCCCCCCCGCAAATGTGCAA,0,45979
TSS_1414_storz_regulondb,0.5,1,1,CCCCATCCTCGAGCGAGTGC,0,35017
TSS_1414_storz_regulondb,0.5,1,1,CCCCATCATTTGGCGGTCTC,0,9334
TSS_1414_storz_regulondb,0.5,1,1,CCCCAGGATAGTATAACATG,0,48425
TSS_1414_storz_regulondb,0.5,1,1,CCCATTTGTAGTACATCCTA,0,61992
TSS_1414_storz_regulondb,0.5,1,1,CCCATGCTCAGCGACGACAA,0,67315
TSS_1414_storz_regulondb,0.5,1,1,CCCATGCCGATTAAAGACAA,0,55794
TSS_1414_storz_regulondb,0.5,1,1,CCCATGCACCACCACCCGGA,0,28525
TSS_1414_storz_regulondb,0.5,1,1,CCCAGTGCCTCGCGTCAAAA,0,33386
TSS_1414_storz_regulondb,0.5,1,1,CCCACTTCATCGGACAGACT,0,79040
TSS_1414_storz_regulondb,0.5,1,1,CCCACGCCAGCAGGCATCCT,0,19433
TSS_1414_storz_regulondb,0.5,1,1,CCCACCTAGCGACTTCAACG,0,36265
TSS_1414_storz_regulondb,0.5,1,1,CCCAATATGCCGACGATGGT,0,37351
TSS_1414_storz_regulondb,0.5,1,1,CCCAACTTATTACTGCTTAT,0,66865
TSS_1414_storz_regulondb,0.5,1,1,CCCAACTCGTAAGCTTGCGC,0,15252
TSS_1414_storz_regulondb,0.5,1,1,CCCAAATGATAAATTGTGGT,0,66386
TSS_1414_storz_regulondb,0.5,1,1,CCCAAAGCAAACGGTGGACG,0,72292
TSS_1414_storz_regulondb,0.5,1,1,CCATTTTTGATCAGGCGAAG,0,27752
TSS_1414_storz_regulondb,0.5,1,1,CCATTCCATACCTTTGGAGC,0,35884
TSS_1414_storz_regulondb,0.5,1,1,CCATTCATTTGACTGAGGTC,0,38087
TSS_1414_storz_regulondb,0.5,1,1,CCATGTATTTGGTGGAAACT,0,11278
TSS_1414_storz_regulondb,0.5,1,1,CCATGGTAAGCATCATAAGG,0,36518
TSS_1414_storz_regulondb,0.5,1,1,CCATGGGTACTGGCTACCAC,0,7657
TSS_1414_storz_regulondb,0.5,1,1,CCATGGCACATTCGAAACCA,0,63726
TSS_1414_storz_regulondb,0.5,1,1,CCATCTTGCCTCTACTCATG,0,2380
TSS_1414_storz_regulondb,0.5,1,1,CCATCTGAAACTAGGGGGAG,0,56497
TSS_1414_storz_regulondb,0.5,1,1,CCATCGGAACCATCTCAGCC,0,66192
TSS_1414_storz_regulondb,0.5,1,1,CCATCCACGGGACATTGGGC,0,16593
TSS_1414_storz_regulondb,0.5,1,1,CCATAGTGGTTGGTCGATGA,0,43835
TSS_1414_storz_regulondb,0.5,1,1,CCATAGGGGCCTGTCTAAAG,0,35707
TSS_1414_storz_regulondb,0.5,1,1,CCATAGCTCGGCTGCAACGA,0,15254
TSS_1414_storz_regulondb,0.5,1,1,CCAGTTTTGGCTGGAAACTC,0,61990
TSS_1414_storz_regulondb,0.5,1,1,CCAGGCGCCCCGAAAGACTT,0,43194
TSS_1414_storz_regulondb,0.5,1,1,CCAGGCCATATACAGATCAT,0,29867
TSS_1414_storz_regulondb,0.5,1,1,CCAGGATGGGTGAAGTTATT,0,29075
TSS_1414_storz_regulondb,0.5,1,1,CCAGGATGCTGCGTCTCTCT,0,24116
TSS_1414_storz_regulondb,0.5,1,1,CCAGCTCTCGAGATAAGTAT,0,58105
TSS_1414_storz_regulondb,0.5,1,1,CCAGCCTTTACCCAGTACTA,0,43718
TSS_1414_storz_regulondb,0.5,1,1,CCAGCCCTTACCCCACGTGC,0,79036
TSS_1414_storz_regulondb,0.5,1,1,CCAGCACCCAGCTCATAAGA,0,52631
TSS_1414_storz_regulondb,0.5,1,1,CCAGATGCTACTCCAGGTGA,0,27704
TSS_1414_storz_regulondb,0.5,1,1,CCAGATCAATTAAATTTGGA,0,43036
TSS_1414_storz_regulondb,0.5,1,1,CCAGAGGGTCCCCTGGCGTT,0,19332
TSS_1414_storz_regulondb,0.5,1,1,CCAGACAACGGGTAGTCCGT,0,27307
TSS_1414_storz_regulondb,0.5,1,1,CCACTTCCTATACGATACGG,0,67771
TSS_1414_storz_regulondb,0.5,1,1,CCACTAAGAGTCCGGCAGGG,0,18612
TSS_1414_storz_regulondb,0.5,1,1,CCACGTCGGCGACCTCAAAC,0,24106
TSS_1414_storz_regulondb,0.5,1,1,CCACCGGGCAGTTGAATAGA,0,15014
TSS_1414_storz_regulondb,0.5,1,1,CCACCGAAGAGATGCAAGTC,0,53232
TSS_1414_storz_regulondb,0.5,1,1,CCACCCTCGGTATCTGGCTT,0,23912
TSS_1414_storz_regulondb,0.5,1,1,CCACACAAATCGTACAAGGG,0,13971
TSS_1414_storz_regulondb,0.5,1,1,CCAATTTGTGAACACAGTAT,0,74788
TSS_1414_storz_regulondb,0.5,1,1,CCAATTATCGGCTGTTAAGA,0,26108
TSS_1414_storz_regulondb,0.5,1,1,CCAACGGGGCATCGTTAGCA,0,10646
TSS_1414_storz_regulondb,0.5,1,1,CCAACCGAAGACTCTGTCCC,0,80049
TSS_1414_storz_regulondb,0.5,1,1,CCAAATCTACGTAAAATAGA,0,42374
TSS_1414_storz_regulondb,0.5,1,1,CCAAAGCAAGTTCGGAGGCA,0,36574
TSS_1414_storz_regulondb,0.5,1,1,CCAAACGGACTGGTCGAGCG,0,43253
TSS_1414_storz_regulondb,0.5,1,1,CCAAAACTTAATTGGGAGTA,0,66622
TSS_1414_storz_regulondb,0.5,1,1,CCAAAAATGGACGGTAATTA,0,76267
TSS_1414_storz_regulondb,0.5,1,1,CATTTTGCAGGGTCTTAGAT,0,23851
TSS_1414_storz_regulondb,0.5,1,1,CATTTGTATTCTCTACACCT,0,31262
TSS_1414_storz_regulondb,0.5,1,1,CATTTGCGACATTATAGCGT,0,10367
TSS_1414_storz_regulondb,0.5,1,1,CATTTGACGTCAATAATACG,0,63141
TSS_1414_storz_regulondb,0.5,1,1,CATTTCGACATCGGGATGTT,0,35549
TSS_1414_storz_regulondb,0.5,1,1,CATTCGGTGACTGTTGCAGT,0,69902
TSS_1414_storz_regulondb,0.5,1,1,CATTCCCAGCTCAGCAAGCA,0,80541
TSS_1414_storz_regulondb,0.5,1,1,CATTCACGCACTGCCTTAGG,0,80848
TSS_1414_storz_regulondb,0.5,1,1,CATTCACACCAGTGATCATG,0,8081
TSS_1414_storz_regulondb,0.5,1,1,CATTAGGAGGGGTTGTGGAC,0,17807
TSS_1414_storz_regulondb,0.5,1,1,CATTACGAATTACTCGTGTA,0,19038
TSS_1414_storz_regulondb,0.5,1,1,CATGTTACCCAATGTGGTTA,0,36712
TSS_1414_storz_regulondb,0.5,1,1,CATGTAGTGTATCGCGGCCC,0,80262
TSS_1414_storz_regulondb,0.5,1,1,CATGTAGCACACTCCTTCCT,0,3529
TSS_1414_storz_regulondb,0.5,1,1,CATGGGCGGAAGACAAGGAT,0,7759
TSS_1414_storz_regulondb,0.5,1,1,CATGGGATGCTTAGGAAATT,0,33867
TSS_1414_storz_regulondb,0.5,1,1,CATGCTCATCCTTGCAAAGC,0,75726
TSS_1414_storz_regulondb,0.5,1,1,CATGCCCGTATAAGTGCCCC,0,7223
TSS_1414_storz_regulondb,0.5,1,1,CATGCCAGGATCCAGGTTCA,0,20911
TSS_1414_storz_regulondb,0.5,1,1,CATGCATGTGTAAAGAGATG,0,60201
TSS_1414_storz_regulondb,0.5,1,1,CATGCATCAAAGAACTTTTT,0,39070
TSS_1414_storz_regulondb,0.5,1,1,CATGCACACAGCACAAGACG,0,78716
TSS_1414_storz_regulondb,0.5,1,1,CATGAAAGCCACGGTTGTCT,0,31877
TSS_1414_storz_regulondb,0.5,1,1,CATCTTTCGGGGTCGAAAAG,0,46321
TSS_1414_storz_regulondb,0.5,1,1,CATCTGTTTAGATGCTATTA,0,71199
TSS_1414_storz_regulondb,0.5,1,1,CATCTCAGGGAACGTTGCGT,0,14824
TSS_1414_storz_regulondb,0.5,1,1,CATCGTCCTGCGCTCCCCGA,0,67118
TSS_1414_storz_regulondb,0.5,1,1,CATCGGGTCAGCTGAGCGTT,0,59617
TSS_1414_storz_regulondb,0.5,1,1,CATCGGCTAGGTGCGATATG,0,1446
TSS_1414_storz_regulondb,0.5,1,1,CATCGCTGCGTGCTTATCGT,0,38091
TSS_1414_storz_regulondb,0.5,1,1,CATCGCTGAGTAGAAAAGGT,0,67744
TSS_1414_storz_regulondb,0.5,1,1,CATCGCTAAGGGTTTACATA,0,2921
TSS_1414_storz_regulondb,0.5,1,1,CATCGCGTTGGTGACATCTC,0,24848
TSS_1414_storz_regulondb,0.5,1,1,CATCGACTTGTTCGGAATTC,0,20267
TSS_1414_storz_regulondb,0.5,1,1,CATCCTTCGTTCCGGTCAAT,0,30993
TSS_1414_storz_regulondb,0.5,1,1,CATCCGGCTACCGAACTGCT,0,51173
TSS_1414_storz_regulondb,0.5,1,1,CATCCCTTGAGATACTTCCA,0,27546
TSS_1414_storz_regulondb,0.5,1,1,CATCATAACCCGACTACTTG,0,24161
TSS_1414_storz_regulondb,0.5,1,1,CATCAGTTTGGATATAGAAG,0,48721
TSS_1414_storz_regulondb,0.5,1,1,CATCACAACCTAGGCAAAGT,0,60410
TSS_1414_storz_regulondb,0.5,1,1,CATCAACGCGAGTACTCCGG,0,27455
TSS_1414_storz_regulondb,0.5,1,1,CATATGTATAATTTAACCGG,0,38633
TSS_1414_storz_regulondb,0.5,1,1,CATATGGCTACATCACCATT,0,17962
TSS_1414_storz_regulondb,0.5,1,1,CATATGAGGTCGTGCGGACT,0,64307
TSS_1414_storz_regulondb,0.5,1,1,CATATCCGCTATCCAATCTA,0,45349
TSS_1414_storz_regulondb,0.5,1,1,CATAGGGAGTGGAAGCACCA,0,35086
TSS_1414_storz_regulondb,0.5,1,1,CATAGCGTTGACTAGACCTA,0,67502
TSS_1414_storz_regulondb,0.5,1,1,CATAGCCCGTTCCTTGTGGG,0,31071
TSS_1414_storz_regulondb,0.5,1,1,CATACCTGATCCGCAGTCAT,0,5268
TSS_1414_storz_regulondb,0.5,1,1,CATACCTCATTGGCAAGCAA,0,1185
TSS_1414_storz_regulondb,0.5,1,1,CATACAATCACCCACATCTT,0,2512
TSS_1414_storz_regulondb,0.5,1,1,CAGTTTCATTCAGGCAAATA,0,702
TSS_1414_storz_regulondb,0.5,1,1,CAGTTTATGGGAATCTAGAC,0,19941
TSS_1414_storz_regulondb,0.5,1,1,CAGTTTACACTGCACCGGGG,0,13898
TSS_1414_storz_regulondb,0.5,1,1,CAGTTGAGAATTTCTGCACC,0,1038
TSS_1414_storz_regulondb,0.5,1,1,CAGTTCGTGTACTATGATGT,0,76991
TSS_1414_storz_regulondb,0.5,1,1,CAGTTATAGGGCTACTAATA,0,34231
TSS_1414_storz_regulondb,0.5,1,1,CAGTGCGGCTCAAATTCTAA,0,68484
TSS_1414_storz_regulondb,0.5,1,1,CAGTCTGATGCCCCCTGCGT,0,57266
TSS_1414_storz_regulondb,0.5,1,1,CAGTCACGTTAAAGGACCCT,0,7774
TSS_1414_storz_regulondb,0.5,1,1,CAGTATTACCGGGCTTCGCA,0,29353
TSS_1414_storz_regulondb,0.5,1,1,CAGTATCCTGCCCCCTACTA,0,17285
TSS_1414_storz_regulondb,0.5,1,1,CAGTACAAAAAAGTCTAAGC,0,38392
TSS_1414_storz_regulondb,0.5,1,1,CAGTAATTGGGTTGAGCTAG,0,57089
TSS_1414_storz_regulondb,0.5,1,1,CAGTAAGCATTCGGCTTCAA,0,46053
TSS_1414_storz_regulondb,0.5,1,1,CAGGTGAACTAGGCGGCGGA,0,50668
TSS_1414_storz_regulondb,0.5,1,1,CAGGGTATCGATTCCCCGTA,0,64338
TSS_1414_storz_regulondb,0.5,1,1,CAGGGGTCTTCCTAGATTGG,0,559
TSS_1414_storz_regulondb,0.5,1,1,CAGGGGAAGTCGGCCAGGGC,0,45302
TSS_1414_storz_regulondb,0.5,1,1,CAGGCTTGCGAGGGTCCCAG,0,69709
TSS_1414_storz_regulondb,0.5,1,1,CAGGCTGAATGGGCGATCGC,0,17956
TSS_1414_storz_regulondb,0.5,1,1,CAGGCCGCGGGCTCGGTATA,0,12612
TSS_1414_storz_regulondb,0.5,1,1,CAGGAGTGGTCCTACGCATT,0,60699
TSS_1414_storz_regulondb,0.5,1,1,CAGGAGACCCAAGGGATTGT,0,23184
TSS_1414_storz_regulondb,0.5,1,1,CAGCGTGAAGGGTCGGTGTT,0,52419
TSS_1414_storz_regulondb,0.5,1,1,CAGCGGCTGTGGGCTTTGGC,0,50050
TSS_1414_storz_regulondb,0.5,1,1,CAGCGGCGCAAGTGGGTCTC,0,66790
TSS_1414_storz_regulondb,0.5,1,1,CAGCCGCGCGCGGTTTAGTC,0,3357
TSS_1414_storz_regulondb,0.5,1,1,CAGCCGAGCACAGCCATGTA,0,43268
TSS_1414_storz_regulondb,0.5,1,1,CAGCCCTCGCCTTCTATACC,0,32162
TSS_1414_storz_regulondb,0.5,1,1,CAGCCCGGATCTTGAAATCT,0,68871
TSS_1414_storz_regulondb,0.5,1,1,CAGCAGAAGGCACCGGCAAG,0,42639
TSS_1414_storz_regulondb,0.5,1,1,CAGCACACGACCCCACTCTC,0,30574
TSS_1414_storz_regulondb,0.5,1,1,CAGAGGGTGCTACCAAGGAG,0,23916
TSS_1414_storz_regulondb,0.5,1,1,CAGAAGCTATCTTGCAAGGG,0,42590
TSS_1414_storz_regulondb,0.5,1,1,CAGAACCCGCACACCAATTG,0,74789
TSS_1414_storz_regulondb,0.5,1,1,CAGAACCATCATCTGTGAGG,0,55996
TSS_1414_storz_regulondb,0.5,1,1,CACTTAGGAAAGTGTTATAT,0,57297
TSS_1414_storz_regulondb,0.5,1,1,CACTGTTGACTGGACTCTCG,0,77974
TSS_1414_storz_regulondb,0.5,1,1,CACTGGTTTTTATACAGCGA,0,29036
TSS_1414_storz_regulondb,0.5,1,1,CACTGGTTTGTCTTGAAAGT,0,28269
TSS_1414_storz_regulondb,0.5,1,1,CACTGATCAACAGGCATTCA,0,3560
TSS_1414_storz_regulondb,0.5,1,1,CACTCACGATTTGACATTTG,0,16479
TSS_1414_storz_regulondb,0.5,1,1,CACTCAATAGGACAGTTGTC,0,2222
TSS_1414_storz_regulondb,0.5,1,1,CACTACTACCAGGCCGACGC,0,41246
TSS_1414_storz_regulondb,0.5,1,1,CACTAATTTAAACACACGTG,0,72849
TSS_1414_storz_regulondb,0.5,1,1,CACTAATCAAGGGTGGACGC,0,64935
TSS_1414_storz_regulondb,0.5,1,1,CACTAAAGAGATTCTACTTC,0,69145
TSS_1414_storz_regulondb,0.5,1,1,CACGTTTAGCATAAATGAAC,0,48816
TSS_1414_storz_regulondb,0.5,1,1,CACGTGTTACCTGGCGCCGA,0,16193
TSS_1414_storz_regulondb,0.5,1,1,CACGTGTACCTACGCGGGTA,0,4868
TSS_1414_storz_regulondb,0.5,1,1,CACGTCCGATCGAGAAATTT,0,30511
TSS_1414_storz_regulondb,0.5,1,1,CACGTAGTGGTATCTGTTTT,0,844
TSS_1414_storz_regulondb,0.5,1,1,CACGTAATGTGACATCATCA,0,64558
TSS_1414_storz_regulondb,0.5,1,1,CACGGGGTCATATATCTTAT,0,25594
TSS_1414_storz_regulondb,0.5,1,1,CACGGCTCACTTTTTTGCCC,0,41374
TSS_1414_storz_regulondb,0.5,1,1,CACGGCTATCAAGGCGAGGC,0,9531
TSS_1414_storz_regulondb,0.5,1,1,CACGCGACTAACTTGCATGT,0,11929
TSS_1414_storz_regulondb,0.5,1,1,CACGCATAGTGTGGTGCCCA,0,51230
TSS_1414_storz_regulondb,0.5,1,1,CACGATGCATGGGGCCTTCA,0,78904
TSS_1414_storz_regulondb,0.5,1,1,CACGAGTCGTCACCGCAAGT,0,3455
TSS_1414_storz_regulondb,0.5,1,1,CACGACTTGGCAAGACCATG,0,6799
TSS_1414_storz_regulondb,0.5,1,1,CACGAAGGACTCGGAATAGA,0,50995
TSS_1414_storz_regulondb,0.5,1,1,CACCAGTAAATCTCGCTGGA,0,23061
TSS_1414_storz_regulondb,0.5,1,1,CACCAGCTCGGGGCACCACC,0,30397
TSS_1414_storz_regulondb,0.5,1,1,CACCAAGGTTGAATGGGTCC,0,67511
TSS_1414_storz_regulondb,0.5,1,1,CACCAACAAGCTCTCGAGTG,0,4454
TSS_1414_storz_regulondb,0.5,1,1,CACATGGGTTCTTCGTGGTA,0,38822
TSS_1414_storz_regulondb,0.5,1,1,CACATGATTCGCATGGTTCT,0,33994
TSS_1414_storz_regulondb,0.5,1,1,CACATAAGTTCAGGTTAAGA,0,13962
TSS_1414_storz_regulondb,0.5,1,1,CACACTATGACGTGGTACTT,0,6456
TSS_1414_storz_regulondb,0.5,1,1,CACACGGTCTGACATACTGT,0,20067
TSS_1414_storz_regulondb,0.5,1,1,CACAATCCGGAAGGGTGGAA,0,54497
TSS_1414_storz_regulondb,0.5,1,1,CAATTGATAGGAGTGTTTAA,0,65471
TSS_1414_storz_regulondb,0.5,1,1,CAATTCCTCGGTGGCAATTA,0,23386
TSS_1414_storz_regulondb,0.5,1,1,CAATTCAGTGGTGCGATCCC,0,24634
TSS_1414_storz_regulondb,0.5,1,1,CAATTCAAGGATCCTTCTCT,0,61636
TSS_1414_storz_regulondb,0.5,1,1,CAATGAATGACTGATTAGTT,0,71802
TSS_1414_storz_regulondb,0.5,1,1,CAATCTGCTAGGGGTTTACG,0,74924
TSS_1414_storz_regulondb,0.5,1,1,CAATCCCTTCGGTTGAGCTA,0,61397
TSS_1414_storz_regulondb,0.5,1,1,CAATATTGGCCAGCCCCCGT,0,21339
TSS_1414_storz_regulondb,0.5,1,1,CAATATTGAAATATGAGACC,0,12876
TSS_1414_storz_regulondb,0.5,1,1,CAATAGCTCGTATCGAGGAC,0,33773
TSS_1414_storz_regulondb,0.5,1,1,CAATAACGAGTGACCAATAG,0,60779
TSS_1414_storz_regulondb,0.5,1,1,CAAGTGTCCGCGAAGCCTCA,0,73489
TSS_1414_storz_regulondb,0.5,1,1,CAAGTCTTACCAGCGTTCAG,0,29537
TSS_1414_storz_regulondb,0.5,1,1,CAAGTCACCCTAGAGAGAGG,0,56879
TSS_1414_storz_regulondb,0.5,1,1,CAAGGTGCCTTCAGCGGATC,0,24858
TSS_1414_storz_regulondb,0.5,1,1,CAAGGACTGGAGTGGGATGT,0,37248
TSS_1414_storz_regulondb,0.5,1,1,CAAGCTTTGCGATACACAAA,0,34035
TSS_1414_storz_regulondb,0.5,1,1,CAAGCGAGGACTTCCATGAG,0,38759
TSS_1414_storz_regulondb,0.5,1,1,CAAGCCTTTAGATCATCGTT,0,65829
TSS_1414_storz_regulondb,0.5,1,1,CAAGCAAGGAGCGATGGTGA,0,13837
TSS_1414_storz_regulondb,0.5,1,1,CAAGATCGGATCCCGGCCAG,0,14324
TSS_1414_storz_regulondb,0.5,1,1,CAAGATATTGAGGACTACTC,0,75434
TSS_1414_storz_regulondb,0.5,1,1,CAAGACGCTAGATGTTTTCC,0,70569
TSS_1414_storz_regulondb,0.5,1,1,CAACTTTACGCCAATTCTGA,0,61426
TSS_1414_storz_regulondb,0.5,1,1,CAACTGTACGCAGAATGCGT,0,18736
TSS_1414_storz_regulondb,0.5,1,1,CAACTCCTAAGTATCCGCTA,0,60098
TSS_1414_storz_regulondb,0.5,1,1,CAACCTTGACCAGATGCCGA,0,41794
TSS_1414_storz_regulondb,0.5,1,1,CAACCCAGCGACACAGCAAG,0,56778
TSS_1414_storz_regulondb,0.5,1,1,CAACATCTAGGTGGGATAAG,0,35998
TSS_1414_storz_regulondb,0.5,1,1,CAACACTGCACCAGTAGGAC,0,33282
TSS_1414_storz_regulondb,0.5,1,1,CAACAATCCTCTAGAGGACC,0,49620
TSS_1414_storz_regulondb,0.5,1,1,CAAATTCAACTCCGACTTGC,0,56537
TSS_1414_storz_regulondb,0.5,1,1,CAAATTCAAACTTGATGATC,0,23913
TSS_1414_storz_regulondb,0.5,1,1,CAAATGACCCTGCTACGGGT,0,78043
TSS_1414_storz_regulondb,0.5,1,1,CAAAGTGCAGTATAGTTAAT,0,9613
TSS_1414_storz_regulondb,0.5,1,1,CAAAGCCCCTAGATCAGATA,0,57643
TSS_1414_storz_regulondb,0.5,1,1,CAAAGATACTAAATTAGGGC,0,53940
TSS_1414_storz_regulondb,0.5,1,1,CAAACGCGGAGGGCCTGTCA,0,15868
TSS_1414_storz_regulondb,0.5,1,1,CAAAAGTTGCTTATCACCTC,0,78144
TSS_1414_storz_regulondb,0.5,1,1,CAAAACCCTGTCCGCGTATA,0,3862
TSS_1414_storz_regulondb,0.5,1,1,CAAAACATCTGGCTGTTGCC,0,74263
TSS_1414_storz_regulondb,0.5,1,1,ATTTTGTAGGTTCCTTACTC,0,77751
TSS_1414_storz_regulondb,0.5,1,1,ATTTTCATTGGCTAATGTGG,0,24440
TSS_1414_storz_regulondb,0.5,1,1,ATTTGTTTCGGATAAGCGAC,0,64773
TSS_1414_storz_regulondb,0.5,1,1,ATTTGGCCGTGTTACTTACC,0,36463
TSS_1414_storz_regulondb,0.5,1,1,ATTTGCTGTAACCTCAGCAA,0,918
TSS_1414_storz_regulondb,0.5,1,1,ATTTGCTGCTCGTTGACGTC,0,64560
TSS_1414_storz_regulondb,0.5,1,1,ATTTGATGCCACCCAAGCGT,0,59484
TSS_1414_storz_regulondb,0.5,1,1,ATTTCGGGGATACCAAATGA,0,65319
TSS_1414_storz_regulondb,0.5,1,1,ATTTCGGAAATCATGTGTCG,0,69702
TSS_1414_storz_regulondb,0.5,1,1,ATTTCGAGGATGCTTTTGTA,0,2852
TSS_1414_storz_regulondb,0.5,1,1,ATTTCCTCCACATATGGCAG,0,16695
TSS_1414_storz_regulondb,0.5,1,1,ATTTCCGTTTTAACCTTTCC,0,46161
TSS_1414_storz_regulondb,0.5,1,1,ATTTCAACTACCGGTCTGGG,0,14946
TSS_1414_storz_regulondb,0.5,1,1,ATTTCAAAATTTGCAACGGC,0,57479
TSS_1414_storz_regulondb,0.5,1,1,ATTTATTCGCATGAGCTTGG,0,20567
TSS_1414_storz_regulondb,0.5,1,1,ATTTAGTAATCGGATTCCGT,0,43776
TSS_1414_storz_regulondb,0.5,1,1,ATTTAGGGCGCGACCGCGAG,0,14278
TSS_1414_storz_regulondb,0.5,1,1,ATTTAGATCCTCTAAAGTAA,0,66683
TSS_1414_storz_regulondb,0.5,1,1,ATTGTTACCATGCCGCATCC,0,8974
TSS_1414_storz_regulondb,0.5,1,1,ATTGTGGCAACCGAGCGACA,0,42254
TSS_1414_storz_regulondb,0.5,1,1,ATTGTGAGTCAACGGGCAGG,0,57843
TSS_1414_storz_regulondb,0.5,1,1,ATTGTCACATGTTCAGCTTT,0,45786
TSS_1414_storz_regulondb,0.5,1,1,ATTGTAACGCAACGCGATCT,0,37678
TSS_1414_storz_regulondb,0.5,1,1,ATTGGTGCAATGCTACTGTT,0,5864
TSS_1414_storz_regulondb,0.5,1,1,ATTGGTGAGGAAGGTCTAGG,0,11242
TSS_1414_storz_regulondb,0.5,1,1,ATTGGTCTCGCGCGGAAAAG,0,31427
TSS_1414_storz_regulondb,0.5,1,1,ATTGGGCATCTTGTAACTGC,0,65253
TSS_1414_storz_regulondb,0.5,1,1,ATTGGACTCTCATCGTGTGA,0,66342
TSS_1414_storz_regulondb,0.5,1,1,ATTGCTTGACAGCCCTACCT,0,47482
TSS_1414_storz_regulondb,0.5,1,1,ATTGCTAGCATCTTCCCGGA,0,56433
TSS_1414_storz_regulondb,0.5,1,1,ATTGCGAGTATCCCAGGGAG,0,61420
TSS_1414_storz_regulondb,0.5,1,1,ATTGCGACGCCTAGAGTCAC,0,74196
TSS_1414_storz_regulondb,0.5,1,1,ATTGCCAATAAGGTCTCAAT,0,16413
TSS_1414_storz_regulondb,0.5,1,1,ATTGCATCTTTATACAGAGA,0,60430
TSS_1414_storz_regulondb,0.5,1,1,ATTGACCGACTAGGAAGATG,0,30380
TSS_1414_storz_regulondb,0.5,1,1,ATTGAAATAGCCCGGACCGG,0,33154
TSS_1414_storz_regulondb,0.5,1,1,ATTCTCCTGGGGACTATAAT,0,38120
TSS_1414_storz_regulondb,0.5,1,1,ATTCTCCCGTGGCGCGTATG,0,73056
TSS_1414_storz_regulondb,0.5,1,1,ATTCTAGTGTTGTACGTAAA,0,20024
TSS_1414_storz_regulondb,0.5,1,1,ATTCTAGCCGGTGGCCGCGT,0,23056
TSS_1414_storz_regulondb,0.5,1,1,ATTCGGTATAATGGCGTTTA,0,76018
TSS_1414_storz_regulondb,0.5,1,1,ATTCGGGTGCAGATTGTTAG,0,33691
TSS_1414_storz_regulondb,0.5,1,1,ATTCGGCAGTTCGAGGGTGT,0,33871
TSS_1414_storz_regulondb,0.5,1,1,ATTCGGAGCTTGGTATAGAC,0,10990
TSS_1414_storz_regulondb,0.5,1,1,ATTCGGACCTATCTCGTCAA,0,10703
TSS_1414_storz_regulondb,0.5,1,1,ATTCGACGGTCAACTTGCAT,0,2730
TSS_1414_storz_regulondb,0.5,1,1,ATTCGAAGTTAGAACTCAGC,0,48695
TSS_1414_storz_regulondb,0.5,1,1,ATTCCTAAGGTGATCGGTGT,0,45004
TSS_1414_storz_regulondb,0.5,1,1,ATTCCGGTACGTGACTCTAC,0,40221
TSS_1414_storz_regulondb,0.5,1,1,ATTCCGGATGGTGGTGCCCA,0,64076
TSS_1414_storz_regulondb,0.5,1,1,ATTCCGCCTCATTTTTATGG,0,15397
TSS_1414_storz_regulondb,0.5,1,1,ATTCCGAGTATAAAAGAGGC,0,79578
TSS_1414_storz_regulondb,0.5,1,1,ATTCCGACTGATTTGCTGGC,0,24486
TSS_1414_storz_regulondb,0.5,1,1,ATTCCAGTATGCGGCGTCGG,0,77897
TSS_1414_storz_regulondb,0.5,1,1,ATTCAAGGTCCGTGCGTGAG,0,52510
TSS_1414_storz_regulondb,0.5,1,1,ATTCAACCGTACATTGGCCC,0,54519
TSS_1414_storz_regulondb,0.5,1,1,ATTATGACGGGTGGCTTGCG,0,37834
TSS_1414_storz_regulondb,0.5,1,1,ATTATCTTGTTGCTGATCTA,0,75985
TSS_1414_storz_regulondb,0.5,1,1,ATTATCTAAGCGTTACAGTT,0,77515
TSS_1414_storz_regulondb,0.5,1,1,ATTAGTGGATCGAATCTAGT,0,64348
TSS_1414_storz_regulondb,0.5,1,1,ATTAGGCCCACTACCCAGAA,0,19319
TSS_1414_storz_regulondb,0.5,1,1,ATTAGAGCGAAGGTGTTCCC,0,52075
TSS_1414_storz_regulondb,0.5,1,1,ATTACGTGCCCCTCTTCTCT,0,70453
TSS_1414_storz_regulondb,0.5,1,1,ATTACGAGTGCGGATTCTAG,0,70675
TSS_1414_storz_regulondb,0.5,1,1,ATTACCTTAGGTTAGTGCGG,0,67546
TSS_1414_storz_regulondb,0.5,1,1,ATTACCTCATAGGGCTGCAT,0,11395
TSS_1414_storz_regulondb,0.5,1,1,ATTACACGTACATATTGGTT,0,27904
TSS_1414_storz_regulondb,0.5,1,1,ATTACAACCGAGCGGCTCAA,0,12337
TSS_1414_storz_regulondb,0.5,1,1,ATTAATTTAGACGTAACTAG,0,34504
TSS_1414_storz_regulondb,0.5,1,1,ATTAAGTATCATTGAAATAA,0,25673
TSS_1414_storz_regulondb,0.5,1,1,ATGTTGCTCGAGATGCCCGC,0,27988
TSS_1414_storz_regulondb,0.5,1,1,ATGTTCTTTGGTAAGAGTGC,0,76876
TSS_1414_storz_regulondb,0.5,1,1,ATGTTAGTTCGGGCAAAGTG,0,57581
TSS_1414_storz_regulondb,0.5,1,1,ATGTGTGGCTTTCTGCCCAA,0,63387
TSS_1414_storz_regulondb,0.5,1,1,ATGTGTACAGCGAATTTATA,0,67808
TSS_1414_storz_regulondb,0.5,1,1,ATGTGGATCTCCGGACAAGG,0,45343
TSS_1414_storz_regulondb,0.5,1,1,ATGTGCGTTCAACGACGTAA,0,31774
TSS_1414_storz_regulondb,0.5,1,1,ATGTGCATACGGTTGTTGTG,0,52577
TSS_1414_storz_regulondb,0.5,1,1,ATGTGATTAACTGGGATGGC,0,11966
TSS_1414_storz_regulondb,0.5,1,1,ATGTGATCACGTTTCCAAAG,0,41613
TSS_1414_storz_regulondb,0.5,1,1,ATGTCTGGTGCTATTTGCTC,0,29151
TSS_1414_storz_regulondb,0.5,1,1,ATGTCATCTAACTTCCATGA,0,4020
TSS_1414_storz_regulondb,0.5,1,1,ATGTCAGCCACATTAGCTAT,0,33604
TSS_1414_storz_regulondb,0.5,1,1,ATGTACACACACGAATATTC,0,63226
TSS_1414_storz_regulondb,0.5,1,1,ATGGTGAACTTCGCGAAGGG,0,32539
TSS_1414_storz_regulondb,0.5,1,1,ATGGGGGTCAAGGTAGGGAG,0,54775
TSS_1414_storz_regulondb,0.5,1,1,ATGGGGCGCTGGGTACACCA,0,18216
TSS_1414_storz_regulondb,0.5,1,1,ATGGGCTCAATGTGGATTAG,0,31657
TSS_1414_storz_regulondb,0.5,1,1,ATGGGATTATAATTACTGTA,0,45949
TSS_1414_storz_regulondb,0.5,1,1,ATGGAGTGTTAAGTCTTGCA,0,67990
TSS_1414_storz_regulondb,0.5,1,1,ATGGAGGGGGTGTTTGTAAA,0,60800
TSS_1414_storz_regulondb,0.5,1,1,ATGGAGATCACCTGGTTCTG,0,48641
TSS_1414_storz_regulondb,0.5,1,1,ATGGAATTGGCCTACGAAAC,0,19305
TSS_1414_storz_regulondb,0.5,1,1,ATGCTTCCGAGCTGCCGATC,0,29614
TSS_1414_storz_regulondb,0.5,1,1,ATGCTTCAACACTTTCTTCA,0,9346
TSS_1414_storz_regulondb,0.5,1,1,ATGCTGCAGTAGACTAAGCG,0,1522
TSS_1414_storz_regulondb,0.5,1,1,ATGCTAGATCCTCATGACGT,0,2085
TSS_1414_storz_regulondb,0.5,1,1,ATGCTACAGATCAACCGCAA,0,32835
TSS_1414_storz_regulondb,0.5,1,1,ATGCGTATAATAGTATTATC,0,17449
TSS_1414_storz_regulondb,0.5,1,1,ATGCGGGCTACAAGTGAACA,0,44068
TSS_1414_storz_regulondb,0.5,1,1,ATGCCCACCCCAGAAACAAA,0,19627
TSS_1414_storz_regulondb,0.5,1,1,ATGCCACGGTTTGACCGGGG,0,35176
TSS_1414_storz_regulondb,0.5,1,1,ATGCATACGCTTGATCTTAT,0,59634
TSS_1414_storz_regulondb,0.5,1,1,ATGCAGCCCAAGGATGACCC,0,1536
TSS_1414_storz_regulondb,0.5,1,1,ATGATATTTTTCGTGTCCGA,0,61542
TSS_1414_storz_regulondb,0.5,1,1,ATGAGTCCTTCACTGAAAAA,0,35734
TSS_1414_storz_regulondb,0.5,1,1,ATGAGCGGAATATAAATAGC,0,34188
TSS_1414_storz_regulondb,0.5,1,1,ATGAGCCTGAGTATCCGGTA,0,57351
TSS_1414_storz_regulondb,0.5,1,1,ATGACGAGCGGGTGTATAGA,0,36768
TSS_1414_storz_regulondb,0.5,1,1,ATGAATTTGCCGCCCATACC,0,49014
TSS_1414_storz_regulondb,0.5,1,1,ATGAATGTCCCTTCTGACGG,0,24891
TSS_1414_storz_regulondb,0.5,1,1,ATGAACGATCTCTTTCAGAC,0,20308
TSS_1414_storz_regulondb,0.5,1,1,ATCTTCGGTTTTGCAGACGG,0,44282
TSS_1414_storz_regulondb,0.5,1,1,ATCTTAGCCTCTACTTATGC,0,1237
TSS_1414_storz_regulondb,0.5,1,1,ATCTGATCGAAGGTACCAAC,0,64440
TSS_1414_storz_regulondb,0.5,1,1,ATCTGACAAGGGAGATTGCA,0,36917
TSS_1414_storz_regulondb,0.5,1,1,ATCTCCGATCTATCGCACAA,0,36359
TSS_1414_storz_regulondb,0.5,1,1,ATCTATATGCAACTCCAGTG,0,78413
TSS_1414_storz_regulondb,0.5,1,1,ATCTAGTAAGACTGACTGGT,0,41768
TSS_1414_storz_regulondb,0.5,1,1,ATCGTGTGGGCAATTTAGTG,0,7946
TSS_1414_storz_regulondb,0.5,1,1,ATCGTCGATCCTCATACGCA,0,67950
TSS_1414_storz_regulondb,0.5,1,1,ATCGTAGGCAGATCAGTGAC,0,7228
TSS_1414_storz_regulondb,0.5,1,1,ATCGTAGCCAAATGGGTAGG,0,13959
TSS_1414_storz_regulondb,0.5,1,1,ATCGGTAATACTCCAAGTCG,0,42118
TSS_1414_storz_regulondb,0.5,1,1,ATCGGATAGCGTAGGTGTTT,0,41588
TSS_1414_storz_regulondb,0.5,1,1,ATCGCTTCGTGGCTAGATAG,0,19429
TSS_1414_storz_regulondb,0.5,1,1,ATCGCTTATTACCAATAAAG,0,79761
TSS_1414_storz_regulondb,0.5,1,1,ATCGCTCTTTCGCTACTCCT,0,28360
TSS_1414_storz_regulondb,0.5,1,1,ATCGCTAAGTAGCTTATTCG,0,59961
TSS_1414_storz_regulondb,0.5,1,1,ATCGCTAACTACCCGAGAGG,0,34152
TSS_1414_storz_regulondb,0.5,1,1,ATCGCGCTAAAGTTAATATA,0,17786
TSS_1414_storz_regulondb,0.5,1,1,ATCGCCAAAATCACGACGAG,0,492
TSS_1414_storz_regulondb,0.5,1,1,ATCGATACCCCTGAGCAATC,0,36594
TSS_1414_storz_regulondb,0.5,1,1,ATCGATACACCTTCACATGA,0,8501
TSS_1414_storz_regulondb,0.5,1,1,ATCGACCATGGGACAGACTT,0,37077
TSS_1414_storz_regulondb,0.5,1,1,ATCCTGGTTGAACGCTTCAG,0,10912
TSS_1414_storz_regulondb,0.5,1,1,ATCCTAGTAGCTCGTTCCAA,0,22941
TSS_1414_storz_regulondb,0.5,1,1,ATCCGTAGACTACCCTATCA,0,64696
TSS_1414_storz_regulondb,0.5,1,1,ATCCGCCAGTCCTCATTGTA,0,34268
TSS_1414_storz_regulondb,0.5,1,1,ATCCGATGGTAGAGCTATTT,0,68379
TSS_1414_storz_regulondb,0.5,1,1,ATCCCTGGTTATGCTGGTTA,0,3989
TSS_1414_storz_regulondb,0.5,1,1,ATCCCTCCAGGCAGTGCTGA,0,36396
TSS_1414_storz_regulondb,0.5,1,1,ATCCCGCTTAGGGTTAAGAG,0,40288
TSS_1414_storz_regulondb,0.5,1,1,ATCCCGACTTTTGCATATTA,0,46946
TSS_1414_storz_regulondb,0.5,1,1,ATCCCCTGTCGGTCGGGTTT,0,9297
TSS_1414_storz_regulondb,0.5,1,1,ATCCAGGCCCGCCCTAAGGG,0,62016
TSS_1414_storz_regulondb,0.5,1,1,ATCCAAGTTATTTTTTGAGA,0,39460
TSS_1414_storz_regulondb,0.5,1,1,ATCATTTCCCTCCGCTTTGG,0,55763
TSS_1414_storz_regulondb,0.5,1,1,ATCATTCTTTTAAATCCAGG,0,328
TSS_1414_storz_regulondb,0.5,1,1,ATCATATGACCCACTGCCAC,0,76702
TSS_1414_storz_regulondb,0.5,1,1,ATCAGTGTAAAACCAAGTGA,0,10392
TSS_1414_storz_regulondb,0.5,1,1,ATCAGTCAGGGGCCTCCCGG,0,68947
TSS_1414_storz_regulondb,0.5,1,1,ATCAGCATATCATAGTAGCA,0,5635
TSS_1414_storz_regulondb,0.5,1,1,ATCAGCACGTCCCACTTGAT,0,74318
TSS_1414_storz_regulondb,0.5,1,1,ATCAGATACGCCAACACGCC,0,7841
TSS_1414_storz_regulondb,0.5,1,1,ATCAGAACGTGGAACACACT,0,23074
TSS_1414_storz_regulondb,0.5,1,1,ATCACTCAAAACGACGTCTT,0,27419
TSS_1414_storz_regulondb,0.5,1,1,ATCAAAGGGATTAGACCGGA,0,2755
TSS_1414_storz_regulondb,0.5,1,1,ATATTTGCGACAAGCCGGAG,0,38019
TSS_1414_storz_regulondb,0.5,1,1,ATATTGTGGCAGGGCCGATT,0,57533
TSS_1414_storz_regulondb,0.5,1,1,ATATTGTCCGAGGTATTTGA,0,30026
TSS_1414_storz_regulondb,0.5,1,1,ATATGGCTCGCACCTGGAGT,0,60409
TSS_1414_storz_regulondb,0.5,1,1,ATATGCGCCCTGGGTAGAAG,0,64230
TSS_1414_storz_regulondb,0.5,1,1,ATATGAGTCTTCGGGGCTTT,0,38850
TSS_1414_storz_regulondb,0.5,1,1,ATATCTTCCAGGGGGTCACT,0,4507
TSS_1414_storz_regulondb,0.5,1,1,ATATCTGACCATTTACGTTG,0,12963
TSS_1414_storz_regulondb,0.5,1,1,ATATCGCCTGTCTGCCGGCG,0,67765
TSS_1414_storz_regulondb,0.5,1,1,ATATCCCGTGCATACCAGTG,0,4250
TSS_1414_storz_regulondb,0.5,1,1,ATATCCCGGAGCACATGGTT,0,45800
TSS_1414_storz_regulondb,0.5,1,1,ATATCACGGGGGGCCGGGGG,0,25559
TSS_1414_storz_regulondb,0.5,1,1,ATATCACAAAATGTACAACC,0,45907
TSS_1414_storz_regulondb,0.5,1,1,ATATCAAGCACCTGGTCCCG,0,31448
TSS_1414_storz_regulondb,0.5,1,1,ATATATGCAAATTGGAGCCC,0,25985
TSS_1414_storz_regulondb,0.5,1,1,ATATAGGGCCTTCATGGGTT,0,43386
TSS_1414_storz_regulondb,0.5,1,1,ATATAGGGCCGACTGTTCGG,0,66504
TSS_1414_storz_regulondb,0.5,1,1,ATATACTGTAGTCGTTAGTT,0,23935
TSS_1414_storz_regulondb,0.5,1,1,ATATACATATTAGTACTGGA,0,28116
TSS_1414_storz_regulondb,0.5,1,1,ATAGTGTTTATCTATTCCTG,0,47664
TSS_1414_storz_regulondb,0.5,1,1,ATAGGTCCGTACTCTGACTT,0,2259
TSS_1414_storz_regulondb,0.5,1,1,ATAGCTGCCGTTGCTTTATT,0,76473
TSS_1414_storz_regulondb,0.5,1,1,ATAGAGGCTACACTCACCTG,0,73583
TSS_1414_storz_regulondb,0.5,1,1,ATACTTTTCCAAGGAAGCTC,0,55265
TSS_1414_storz_regulondb,0.5,1,1,ATACTGAGCGGTGGTGCCCA,0,63332
TSS_1414_storz_regulondb,0.5,1,1,ATACTAACACAACAAAGACA,0,30281
TSS_1414_storz_regulondb,0.5,1,1,ATACGTATAGCGCAGCATGT,0,36730
TSS_1414_storz_regulondb,0.5,1,1,ATACGCCATCTACTTAAGAT,0,33404
TSS_1414_storz_regulondb,0.5,1,1,ATACCCCATAAGCTGCCTCG,0,10521
TSS_1414_storz_regulondb,0.5,1,1,ATACCACGGGCGTTAGTAGC,0,54367
TSS_1414_storz_regulondb,0.5,1,1,ATACATTTCGATGCAGTGGA,0,19008
TSS_1414_storz_regulondb,0.5,1,1,ATACAGAAGTGATGCGCACT,0,6337
TSS_1414_storz_regulondb,0.5,1,1,ATACACGAACGGGGTTTAGA,0,13916
TSS_1414_storz_regulondb,0.5,1,1,ATAATCGTGGTGGAGCGCGA,0,42732
TSS_1414_storz_regulondb,0.5,1,1,ATAATAAGTCTTTGAAGTCA,0,65122
TSS_1414_storz_regulondb,0.5,1,1,ATAAGTTGCTTAGTCACCTC,0,64544
TSS_1414_storz_regulondb,0.5,1,1,ATAAGTAGTGGTTGTAAGTT,0,822
TSS_1414_storz_regulondb,0.5,1,1,ATAAGCGTAGAAGTGGCCTT,0,24770
TSS_1414_storz_regulondb,0.5,1,1,ATAAGCCTCCCGAGATGCGG,0,46027
TSS_1414_storz_regulondb,0.5,1,1,ATAAGAATAGTTAAACATGG,0,57930
TSS_1414_storz_regulondb,0.5,1,1,ATAACTCTTTCGGCACGAGC,0,20025
TSS_1414_storz_regulondb,0.5,1,1,ATAACGAAACACTTGCCGGA,0,61075
TSS_1414_storz_regulondb,0.5,1,1,ATAACCCCTGTCTCGCGCTC,0,79260
TSS_1414_storz_regulondb,0.5,1,1,ATAACAGCGTCCGACTAAAT,0,8443
TSS_1414_storz_regulondb,0.5,1,1,ATAAATTATGCGCGTTTTGG,0,45347
TSS_1414_storz_regulondb,0.5,1,1,ATAAAGCTTCTCTTACTTTT,0,10296
TSS_1414_storz_regulondb,0.5,1,1,AGTTTTCTGCCCAGGTAACA,0,72892
TSS_1414_storz_regulondb,0.5,1,1,AGTTTTACTCTCATGCAAGG,0,49361
TSS_1414_storz_regulondb,0.5,1,1,AGTTTGAATCTCTTTAGTTT,0,76072
TSS_1414_storz_regulondb,0.5,1,1,AGTTTCATACACCAGGTCAA,0,67507
TSS_1414_storz_regulondb,0.5,1,1,AGTTCTGCAGTAACGGGTAT,0,4602
TSS_1414_storz_regulondb,0.5,1,1,AGTTCGCCGGTCAGATTGTA,0,36617
TSS_1414_storz_regulondb,0.5,1,1,AGTTCGATCAGACTATCATG,0,35235
TSS_1414_storz_regulondb,0.5,1,1,AGTTCCTGAGGAAGCGCGCT,0,60173
TSS_1414_storz_regulondb,0.5,1,1,AGTTATCAGGATTCTACTGT,0,8399
TSS_1414_storz_regulondb,0.5,1,1,AGTTATATTTCTAAGTCCCA,0,28294
TSS_1414_storz_regulondb,0.5,1,1,AGTTACCAGTGGGTCCATCA,0,25436
TSS_1414_storz_regulondb,0.5,1,1,AGTGTTCTGTTCGTGCTAGT,0,71613
TSS_1414_storz_regulondb,0.5,1,1,AGTGTGTGGCTCACTTAATT,0,2619
TSS_1414_storz_regulondb,0.5,1,1,AGTGTCTGATATTGTACGCG,0,78751
TSS_1414_storz_regulondb,0.5,1,1,AGTGGTCCTAGAGTGGGGTG,0,78185
TSS_1414_storz_regulondb,0.5,1,1,AGTGGGGGTTACGGGTGAAC,0,28315
TSS_1414_storz_regulondb,0.5,1,1,AGTGGCAGGAGCGGCCAAGT,0,60206
TSS_1414_storz_regulondb,0.5,1,1,AGTGCTTACTTTCAGCTTGT,0,66082
TSS_1414_storz_regulondb,0.5,1,1,AGTGCTCGATCTTGTTTCAG,0,71123
TSS_1414_storz_regulondb,0.5,1,1,AGTGCACTAGACTTGGCTGG,0,5045
TSS_1414_storz_regulondb,0.5,1,1,AGTGATGATGTCCAACTAGC,0,78882
TSS_1414_storz_regulondb,0.5,1,1,AGTGAGATGTATAACGGCAG,0,51142
TSS_1414_storz_regulondb,0.5,1,1,AGTCTCTGGCTCATGGTGCC,0,58358
TSS_1414_storz_regulondb,0.5,1,1,AGTCTCTCAGCTGTTCTAAG,0,56253
TSS_1414_storz_regulondb,0.5,1,1,AGTCTATGAACAGAACTTGT,0,23441
TSS_1414_storz_regulondb,0.5,1,1,AGTCTAAACATTAGCGAATC,0,24507
TSS_1414_storz_regulondb,0.5,1,1,AGTCGGCATTGCTTCACTCG,0,78553
TSS_1414_storz_regulondb,0.5,1,1,AGTCGATTATGACGGAGCCA,0,73755
TSS_1414_storz_regulondb,0.5,1,1,AGTCCTGCGCTTGTGCACTG,0,32056
TSS_1414_storz_regulondb,0.5,1,1,AGTCATTTCACAAGTGCCGA,0,21009
TSS_1414_storz_regulondb,0.5,1,1,AGTCATTCGTTACGGCCCCA,0,14091
TSS_1414_storz_regulondb,0.5,1,1,AGTATTGAGGAATGCGCTCT,0,31299
TSS_1414_storz_regulondb,0.5,1,1,AGTATGCGCGGAGAAGGGGG,0,13468
TSS_1414_storz_regulondb,0.5,1,1,AGTAGCGGGGCAAAATAATG,0,23716
TSS_1414_storz_regulondb,0.5,1,1,AGTACGGGGCGGGCTGCTAA,0,39985
TSS_1414_storz_regulondb,0.5,1,1,AGTACGCCAGTTCACTTTAG,0,51882
TSS_1414_storz_regulondb,0.5,1,1,AGTACCCATCCAAGTGGTAA,0,30270
TSS_1414_storz_regulondb,0.5,1,1,AGTACAGTATAAGGTGCTGA,0,74421
TSS_1414_storz_regulondb,0.5,1,1,AGTAACGTCCTGGGAAACTC,0,13155
TSS_1414_storz_regulondb,0.5,1,1,AGGTTTCTCGCGAGCTAGTC,0,46400
TSS_1414_storz_regulondb,0.5,1,1,AGGTTGTCTACCGTATGTCG,0,58607
TSS_1414_storz_regulondb,0.5,1,1,AGGTTGCCAATTGTACGGCA,0,18313
TSS_1414_storz_regulondb,0.5,1,1,AGGTTGCATGAATGCCCGGC,0,34642
TSS_1414_storz_regulondb,0.5,1,1,AGGTTCGCTGCCAATGGAGA,0,39207
TSS_1414_storz_regulondb,0.5,1,1,AGGTTAGCGTGGTACGAAGG,0,33632
TSS_1414_storz_regulondb,0.5,1,1,AGGTGTGGCCCGGTCGATAG,0,27815
TSS_1414_storz_regulondb,0.5,1,1,AGGTGTCCCGGTCGGTGCTG,0,14822
TSS_1414_storz_regulondb,0.5,1,1,AGGTGCATCCCTGGGCCCTG,0,13816
TSS_1414_storz_regulondb,0.5,1,1,AGGTGACGGATTACTGTTAC,0,59167
TSS_1414_storz_regulondb,0.5,1,1,AGGTCTCCAGAGGTCCCTAG,0,15795
TSS_1414_storz_regulondb,0.5,1,1,AGGTCTAAAAGTAGCGTGTA,0,18606
TSS_1414_storz_regulondb,0.5,1,1,AGGTCGAGACATGACTTCAG,0,21441
TSS_1414_storz_regulondb,0.5,1,1,AGGTCCCCGGAAATAGGCCT,0,72501
TSS_1414_storz_regulondb,0.5,1,1,AGGTCAAATTCATAGCGCGC,0,68407
TSS_1414_storz_regulondb,0.5,1,1,AGGTATGTGTAATACGAACC,0,64675
TSS_1414_storz_regulondb,0.5,1,1,AGGTATGGTCCGTTTAGTCC,0,30931
TSS_1414_storz_regulondb,0.5,1,1,AGGTATCTACAATTCAAGAC,0,26498
TSS_1414_storz_regulondb,0.5,1,1,AGGGTGTGAGTTGGAAAGGT,0,29463
TSS_1414_storz_regulondb,0.5,1,1,AGGGTCTGCCCGGGGTAATC,0,18285
TSS_1414_storz_regulondb,0.5,1,1,AGGGTCCAGCCATTTTATAG,0,32992
TSS_1414_storz_regulondb,0.5,1,1,AGGGGTCTCGCGTACTGAAA,0,36569
TSS_1414_storz_regulondb,0.5,1,1,AGGGGGTTCTTGATCGACAT,0,28585
TSS_1414_storz_regulondb,0.5,1,1,AGGGGGTACTTTTTCGGTGA,0,72854
TSS_1414_storz_regulondb,0.5,1,1,AGGGGCGGTTGGCATAGCGC,0,8557
TSS_1414_storz_regulondb,0.5,1,1,AGGGCGTCTTCGGTGGTTTT,0,32952
TSS_1414_storz_regulondb,0.5,1,1,AGGGCGTAAATCCATCATAG,0,18769
TSS_1414_storz_regulondb,0.5,1,1,AGGGCGCTTCGGATGTATAG,0,8593
TSS_1414_storz_regulondb,0.5,1,1,AGGGCACGCGAGCTCCGGGC,0,65315
TSS_1414_storz_regulondb,0.5,1,1,AGGGCACAGACTCCCCGGAT,0,58099
TSS_1414_storz_regulondb,0.5,1,1,AGGGAGCTATTTTGATGTGA,0,38060
TSS_1414_storz_regulondb,0.5,1,1,AGGGAAGAGTTTGCTCACCA,0,49505
TSS_1414_storz_regulondb,0.5,1,1,AGGGAACCAGGAGTGTAATG,0,66915
TSS_1414_storz_regulondb,0.5,1,1,AGGCTGGATACCATTAACAG,0,11651
TSS_1414_storz_regulondb,0.5,1,1,AGGCTATTAAGAGGCGTACA,0,17609
TSS_1414_storz_regulondb,0.5,1,1,AGGCTACGCTTGAATAGGGG,0,28059
TSS_1414_storz_regulondb,0.5,1,1,AGGCGGTTCCTTGGGTAGGA,0,56776
TSS_1414_storz_regulondb,0.5,1,1,AGGCGCGAAACCTAAAACTT,0,42783
TSS_1414_storz_regulondb,0.5,1,1,AGGCGCCACACTAGCAGAAT,0,6635
TSS_1414_storz_regulondb,0.5,1,1,AGGCCCTCCGGCGCACTTGA,0,33286
TSS_1414_storz_regulondb,0.5,1,1,AGGCATGGCGTGGGATCTGT,0,50007
TSS_1414_storz_regulondb,0.5,1,1,AGGCATCTATCTACGCGAGT,0,73416
TSS_1414_storz_regulondb,0.5,1,1,AGGCATCCCATGACCGAGGT,0,76212
TSS_1414_storz_regulondb,0.5,1,1,AGGCAGTCGTGAGGATCGCG,0,17133
TSS_1414_storz_regulondb,0.5,1,1,AGGATGTTCTGATCCTCGTC,0,75414
TSS_1414_storz_regulondb,0.5,1,1,AGGATCTTATTACAAACAAA,0,277
TSS_1414_storz_regulondb,0.5,1,1,AGGATCTAGCGGATCTGCTG,0,70981
TSS_1414_storz_regulondb,0.5,1,1,AGGATCGGGGATCATTTGCA,0,33013
TSS_1414_storz_regulondb,0.5,1,1,AGGATAACTCCGACTCATAA,0,29082
TSS_1414_storz_regulondb,0.5,1,1,AGGAGGAATGTTGTCCGGAC,0,74971
TSS_1414_storz_regulondb,0.5,1,1,AGGAGCTCGTGAGACTGTCT,0,25457
TSS_1414_storz_regulondb,0.5,1,1,AGGACTCACGAATAGCGACT,0,26546
TSS_1414_storz_regulondb,0.5,1,1,AGGACATGTTTCGGCAGTGC,0,38268
TSS_1414_storz_regulondb,0.5,1,1,AGGAAAGCAATGCGTCGTGA,0,61978
TSS_1414_storz_regulondb,0.5,1,1,AGCTTTCAATTAATAATAAG,0,72637
TSS_1414_storz_regulondb,0.5,1,1,AGCTTGGCAACACAGAAGCA,0,11576
TSS_1414_storz_regulondb,0.5,1,1,AGCTTCTAGCTACTTCCCGG,0,8633
TSS_1414_storz_regulondb,0.5,1,1,AGCTTCGGGTTATCCGACGC,0,28982
TSS_1414_storz_regulondb,0.5,1,1,AGCTTCCAATAGGGAAGTCC,0,50055
TSS_1414_storz_regulondb,0.5,1,1,AGCTTCACTACTTTCATCAG,0,58023
TSS_1414_storz_regulondb,0.5,1,1,AGCTGTTGATTTCATACTTT,0,32737
TSS_1414_storz_regulondb,0.5,1,1,AGCTGTGGGTGTGTGATGGA,0,60963
TSS_1414_storz_regulondb,0.5,1,1,AGCTGTGGAGTAAATACATC,0,71406
TSS_1414_storz_regulondb,0.5,1,1,AGCTGGATTCGGATGAATGA,0,44779
TSS_1414_storz_regulondb,0.5,1,1,AGCTCTGGATGTGGTGCGAT,0,57090
TSS_1414_storz_regulondb,0.5,1,1,AGCTCGCGAAAAGTTAATTA,0,22208
TSS_1414_storz_regulondb,0.5,1,1,AGCGTTTATTCGTCGCGACA,0,77369
TSS_1414_storz_regulondb,0.5,1,1,AGCGTGGGTCGCATATCCCA,0,57300
TSS_1414_storz_regulondb,0.5,1,1,AGCGTCTCGCCGTATCAGTC,0,56375
TSS_1414_storz_regulondb,0.5,1,1,AGCGTATGCTATAGGGGGGT,0,77681
TSS_1414_storz_regulondb,0.5,1,1,AGCGGCATGATCGCTAAAGC,0,50569
TSS_1414_storz_regulondb,0.5,1,1,AGCGGCAAATTCCCCCAACG,0,14731
TSS_1414_storz_regulondb,0.5,1,1,AGCGGACGGTATCATCCCTT,0,51459
TSS_1414_storz_regulondb,0.5,1,1,AGCGCCCCCGGTTTTACTAT,0,32352
TSS_1414_storz_regulondb,0.5,1,1,AGCGCCAGCGTGTGCAGGAC,0,49189
TSS_1414_storz_regulondb,0.5,1,1,AGCGCAAGTTCATACCCTTG,0,65440
TSS_1414_storz_regulondb,0.5,1,1,AGCGACTCGAAAAATAAGGC,0,21210
TSS_1414_storz_regulondb,0.5,1,1,AGCCTTTGGCAATGTGCCTT,0,49948
TSS_1414_storz_regulondb,0.5,1,1,AGCCTTAATAGTTTGCCTTC,0,49264
TSS_1414_storz_regulondb,0.5,1,1,AGCCTCAGGTTTGTGTACTT,0,75066
TSS_1414_storz_regulondb,0.5,1,1,AGCCCCTGTTGCCGGGGCTT,0,55316
TSS_1414_storz_regulondb,0.5,1,1,AGCCCCCGAAATCTGCAATG,0,62964
TSS_1414_storz_regulondb,0.5,1,1,AGCCATCCTTCGACGCCCAT,0,49544
TSS_1414_storz_regulondb,0.5,1,1,AGCCAGCGAGGGGATGAACG,0,38668
TSS_1414_storz_regulondb,0.5,1,1,AGCCAACTATTAGCAATTTA,0,9739
TSS_1414_storz_regulondb,0.5,1,1,AGCCAAATTGTGGACGATCG,0,48936
TSS_1414_storz_regulondb,0.5,1,1,AGCATTATCGTCTTAATATA,0,7255
TSS_1414_storz_regulondb,0.5,1,1,AGCATCAGCCCACAACCAAT,0,33686
TSS_1414_storz_regulondb,0.5,1,1,AGCATAAGGGATGTCTCTTA,0,44288
TSS_1414_storz_regulondb,0.5,1,1,AGCAGCGTTCGGATCTTCCA,0,35266
TSS_1414_storz_regulondb,0.5,1,1,AGCACTGGGAGAATGACTCC,0,43958
TSS_1414_storz_regulondb,0.5,1,1,AGCACGTCCCTCAACCGAGC,0,80295
TSS_1414_storz_regulondb,0.5,1,1,AGCACGCGCTTTCAGCGAGA,0,29186
TSS_1414_storz_regulondb,0.5,1,1,AGCACATACAGCTGCTTACA,0,40797
TSS_1414_storz_regulondb,0.5,1,1,AGCAATGTAATACCTAAGAT,0,47106
TSS_1414_storz_regulondb,0.5,1,1,AGCAAGCAGATATTGGCAAT,0,27076
TSS_1414_storz_regulondb,0.5,1,1,AGCAAAACCCAAGTCTAACA,0,69442
TSS_1414_storz_regulondb,0.5,1,1,AGATTAGGCGCGACAGTAAA,0,24721
TSS_1414_storz_regulondb,0.5,1,1,AGATGGCCGCTGCAAAAGGC,0,637
TSS_1414_storz_regulondb,0.5,1,1,AGATGGCCATGTGACTCTTG,0,17700
TSS_1414_storz_regulondb,0.5,1,1,AGATGGCCATCCTTGGTTGC,0,69338
TSS_1414_storz_regulondb,0.5,1,1,AGATGGATGTGTAATGTTTA,0,47468
TSS_1414_storz_regulondb,0.5,1,1,AGATGCGTGGGCTGTGCTCA,0,44712
TSS_1414_storz_regulondb,0.5,1,1,AGATAGTATGATAGCGTCTG,0,17340
TSS_1414_storz_regulondb,0.5,1,1,AGATACGTCCAAGGATCGTA,0,58926
TSS_1414_storz_regulondb,0.5,1,1,AGATAACAACAAGTGATTCC,0,37899
TSS_1414_storz_regulondb,0.5,1,1,AGAGTGAGTTGCGTCTGCTT,0,72219
TSS_1414_storz_regulondb,0.5,1,1,AGAGTCTGGCCACGCTGCGA,0,13672
TSS_1414_storz_regulondb,0.5,1,1,AGAGGGAGATATTAAACAAC,0,75229
TSS_1414_storz_regulondb,0.5,1,1,AGAGGCGGTTAACAACGAGG,0,27758
TSS_1414_storz_regulondb,0.5,1,1,AGAGGCCATGCGACAGCTAC,0,26120
TSS_1414_storz_regulondb,0.5,1,1,AGAGCTCAACCGACGTAGGG,0,8299
TSS_1414_storz_regulondb,0.5,1,1,AGAGATAGCATACAGCTCGT,0,40083
TSS_1414_storz_regulondb,0.5,1,1,AGAGATAAACGCATACCAAT,0,4863
TSS_1414_storz_regulondb,0.5,1,1,AGACTGCATTCTAGCGGAGT,0,26062
TSS_1414_storz_regulondb,0.5,1,1,AGACGTATGGCTGCACCGAA,0,36665
TSS_1414_storz_regulondb,0.5,1,1,AGACGATCTCAGCCGTGCAT,0,23016
TSS_1414_storz_regulondb,0.5,1,1,AGACGACTATAATTGTCACT,0,70824
TSS_1414_storz_regulondb,0.5,1,1,AGACCTGGCCACATGGGGTT,0,2022
TSS_1414_storz_regulondb,0.5,1,1,AGACCTCTTTTTGATCTGCG,0,74773
TSS_1414_storz_regulondb,0.5,1,1,AGACCCGAGTTCCATGTTGG,0,4394
TSS_1414_storz_regulondb,0.5,1,1,AGACCACCGTGCTGATTATG,0,56988
TSS_1414_storz_regulondb,0.5,1,1,AGAATTGCCTGTAAATGGTC,0,14709
TSS_1414_storz_regulondb,0.5,1,1,AGAATGTTCAACAAAGGGGA,0,53139
TSS_1414_storz_regulondb,0.5,1,1,AGAATGACCGGGGCGCCATA,0,55199
TSS_1414_storz_regulondb,0.5,1,1,AGAATATGTCACACGATTGC,0,71373
TSS_1414_storz_regulondb,0.5,1,1,AGAATAATACATTTCTTGCT,0,37625
TSS_1414_storz_regulondb,0.5,1,1,AGAAGCGGATCTCCCAAGTC,0,48220
TSS_1414_storz_regulondb,0.5,1,1,AGAAGAATCGAGACGAACTT,0,11353
TSS_1414_storz_regulondb,0.5,1,1,AGAACGACTCGCACGCTGAT,0,32744
TSS_1414_storz_regulondb,0.5,1,1,AGAACACCGCTTAATTTAGA,0,41514
TSS_1414_storz_regulondb,0.5,1,1,AGAAATACTTTAGATGTCGG,0,69888
TSS_1414_storz_regulondb,0.5,1,1,AGAAAGGTGGAACTTTAGCA,0,80678
TSS_1414_storz_regulondb,0.5,1,1,AGAAAGGGTTGGTGTGATGA,0,75942
TSS_1414_storz_regulondb,0.5,1,1,ACTTTTCCAGAGTTTGATTT,0,37738
TSS_1414_storz_regulondb,0.5,1,1,ACTTTGTTAACAGACCAGCT,0,47193
TSS_1414_storz_regulondb,0.5,1,1,ACTTGGCCCATTGCGTCTCA,0,39762
TSS_1414_storz_regulondb,0.5,1,1,ACTTGCTCTCGGACATACGC,0,76901
TSS_1414_storz_regulondb,0.5,1,1,ACTTGCAAGAATTTACATAG,0,77150
TSS_1414_storz_regulondb,0.5,1,1,ACTTGATGCTTGAGCCAAGC,0,62765
TSS_1414_storz_regulondb,0.5,1,1,ACTTGAGCCCCTGACTCACT,0,58480
TSS_1414_storz_regulondb,0.5,1,1,ACTTCGGCGGGGTGCTAACT,0,36363
TSS_1414_storz_regulondb,0.5,1,1,ACTTCGAATGTAGGAGACAT,0,38925
TSS_1414_storz_regulondb,0.5,1,1,ACTTCCCAATCCGCCGGTGG,0,49468
TSS_1414_storz_regulondb,0.5,1,1,ACTTCAACGCGCGCTGGACA,0,64655
TSS_1414_storz_regulondb,0.5,1,1,ACTTATTATGCTAGGATAGA,0,21843
TSS_1414_storz_regulondb,0.5,1,1,ACTTATGCTTATGTACCCTC,0,1092
TSS_1414_storz_regulondb,0.5,1,1,ACTTAGGTAGTACTTACTAG,0,27577
TSS_1414_storz_regulondb,0.5,1,1,ACTTACCGTGATAGTCAATG,0,16228
TSS_1414_storz_regulondb,0.5,1,1,ACTTACCGCCCCATCGTTAT,0,79912
TSS_1414_storz_regulondb,0.5,1,1,ACTGTTCACAGCCACCGCTG,0,64111
TSS_1414_storz_regulondb,0.5,1,1,ACTGTTATCGGGTACCATTA,0,4327
TSS_1414_storz_regulondb,0.5,1,1,ACTGGTTGTATTGTGGTAAT,0,73247
TSS_1414_storz_regulondb,0.5,1,1,ACTGGTGTCCGCAGAACATC,0,53664
TSS_1414_storz_regulondb,0.5,1,1,ACTGCCGGTGTGCGTCAATT,0,17159
TSS_1414_storz_regulondb,0.5,1,1,ACTGATCCTGTCCGAAATTT,0,26790
TSS_1414_storz_regulondb,0.5,1,1,ACTGATAGTACGCGACTGGA,0,54721
TSS_1414_storz_regulondb,0.5,1,1,ACTCTGTATCACGGGTTTCA,0,59378
TSS_1414_storz_regulondb,0.5,1,1,ACTCTGCCGTTTTGATGGCT,0,28316
TSS_1414_storz_regulondb,0.5,1,1,ACTCTGAGCAAGAAATCATT,0,7425
TSS_1414_storz_regulondb,0.5,1,1,ACTCTCGCAGGGCCAGGTAG,0,37685
TSS_1414_storz_regulondb,0.5,1,1,ACTCTAGAGCTTGTAAGGAC,0,17834
TSS_1414_storz_regulondb,0.5,1,1,ACTCGGTGACAGTTCGGGGA,0,36308
TSS_1414_storz_regulondb,0.5,1,1,ACTCGCCCTCTTACGGTGGT,0,78840
TSS_1414_storz_regulondb,0.5,1,1,ACTCGCCCCCAGGAATGGTT,0,38710
TSS_1414_storz_regulondb,0.5,1,1,ACTCCTTAGTCCAGTTTTGT,0,15946
TSS_1414_storz_regulondb,0.5,1,1,ACTCCTCGCGTTATATCATG,0,47550
TSS_1414_storz_regulondb,0.5,1,1,ACTCCGAGGTTTGATATGGT,0,43091
TSS_1414_storz_regulondb,0.5,1,1,ACTCATCTAATGCCGCCGCT,0,25424
TSS_1414_storz_regulondb,0.5,1,1,ACTCATCGTTCTTGATTACT,0,58141
TSS_1414_storz_regulondb,0.5,1,1,ACTCAGGGGACCGGAACGCA,0,78931
TSS_1414_storz_regulondb,0.5,1,1,ACTCAGCATCACAAACTGAG,0,60932
TSS_1414_storz_regulondb,0.5,1,1,ACTCACGGCTTAGAGCACAT,0,69623
TSS_1414_storz_regulondb,0.5,1,1,ACTCAAGATCAGATTGACTG,0,78214
TSS_1414_storz_regulondb,0.5,1,1,ACTATGTTTCAGCAGGAAGA,0,78516
TSS_1414_storz_regulondb,0.5,1,1,ACTATAACGCCGCTGGGCTA,0,75981
TSS_1414_storz_regulondb,0.5,1,1,ACTAGGTTTCAGAGTGCATT,0,19638
TSS_1414_storz_regulondb,0.5,1,1,ACTAGGTCCCCTGATCGAGC,0,40099
TSS_1414_storz_regulondb,0.5,1,1,ACTAGGGCCTTATTATGTAC,0,41528
TSS_1414_storz_regulondb,0.5,1,1,ACTAGGCGCTTTACTGCTGT,0,17130
TSS_1414_storz_regulondb,0.5,1,1,ACTAGCTTCGCCCGCATTCT,0,64442
TSS_1414_storz_regulondb,0.5,1,1,ACTAGACCCTGGAGTACCGT,0,37246
TSS_1414_storz_regulondb,0.5,1,1,ACTACTGTATGGGTTGAGGG,0,74600
TSS_1414_storz_regulondb,0.5,1,1,ACTACATGCACTCATGGGCC,0,13213
TSS_1414_storz_regulondb,0.5,1,1,ACTACATCGGCACATGTAGG,0,37365
TSS_1414_storz_regulondb,0.5,1,1,ACTAATCACTGGTTCTGGGT,0,51127
TSS_1414_storz_regulondb,0.5,1,1,ACTAAGCGTTAACTGGTTAA,0,32547
TSS_1414_storz_regulondb,0.5,1,1,ACTAACTGATCGTTTAGAGG,0,34564
TSS_1414_storz_regulondb,0.5,1,1,ACTAACGTCTATTGCGTCTT,0,78206
TSS_1414_storz_regulondb,0.5,1,1,ACTAACCGAAAAATAATGAA,0,31962
TSS_1414_storz_regulondb,0.5,1,1,ACGTTTGATGCGTAATCGTG,0,12233
TSS_1414_storz_regulondb,0.5,1,1,ACGTTTCTTCGTGCGCGTTG,0,33955
TSS_1414_storz_regulondb,0.5,1,1,ACGTGTCAGCAGTCCACCGT,0,21719
TSS_1414_storz_regulondb,0.5,1,1,ACGTGTAGTACCTCAGTACT,0,53780
TSS_1414_storz_regulondb,0.5,1,1,ACGTGGTCCCGCAACATCGT,0,67450
TSS_1414_storz_regulondb,0.5,1,1,ACGTGGTCCCCACGTCCCGC,0,73556
TSS_1414_storz_regulondb,0.5,1,1,ACGTGCCAGCTTGCCTCGCT,0,78749
TSS_1414_storz_regulondb,0.5,1,1,ACGTCGGGGGGCACAGACGT,0,53320
TSS_1414_storz_regulondb,0.5,1,1,ACGTCGCCTCCTAGGGGCGA,0,80473
TSS_1414_storz_regulondb,0.5,1,1,ACGTAAAATGTTGTTCGGAG,0,1775
TSS_1414_storz_regulondb,0.5,1,1,ACGGTTACGACATCGCCGGG,0,69172
TSS_1414_storz_regulondb,0.5,1,1,ACGGTGGCTGAACGAGAGTG,0,18000
TSS_1414_storz_regulondb,0.5,1,1,ACGGTCTCTTTGAGTCACTA,0,80944
TSS_1414_storz_regulondb,0.5,1,1,ACGGGCTGGAGTGGCCCCGA,0,28398
TSS_1414_storz_regulondb,0.5,1,1,ACGGCCCTCGTTTTCACTGA,0,28919
TSS_1414_storz_regulondb,0.5,1,1,ACGGCAAGGTTCTAAAGGGA,0,1671
TSS_1414_storz_regulondb,0.5,1,1,ACGGATGCTACAGTGCCAGT,0,34506
TSS_1414_storz_regulondb,0.5,1,1,ACGGACGCCCCTCCTTCCAG,0,34803
TSS_1414_storz_regulondb,0.5,1,1,ACGGAAGCGGAAAACTGCTG,0,73797
TSS_1414_storz_regulondb,0.5,1,1,ACGCTGAGGAACCGTCCGGC,0,11709
TSS_1414_storz_regulondb,0.5,1,1,ACGCTCTGATCGCTCTGGGT,0,81
TSS_1414_storz_regulondb,0.5,1,1,ACGCGGAAACGAGAGACAGT,0,42713
TSS_1414_storz_regulondb,0.5,1,1,ACGCCTGCGTGCATCAACGC,0,77832
TSS_1414_storz_regulondb,0.5,1,1,ACGCCCCTCCTCAACTGACC,0,37606
TSS_1414_storz_regulondb,0.5,1,1,ACGCAGGCCCAGTTTAGAGC,0,3331
TSS_1414_storz_regulondb,0.5,1,1,ACGCACTGCAAGTTAAATGG,0,68460
TSS_1414_storz_regulondb,0.5,1,1,ACGCACGCAGTCCGTACTGA,0,55091
TSS_1414_storz_regulondb,0.5,1,1,ACGCACCGGGCCGATAAGAC,0,38353
TSS_1414_storz_regulondb,0.5,1,1,ACGATTTAAAAGGTTACGGA,0,4839
TSS_1414_storz_regulondb,0.5,1,1,ACGATGCTTGCTTCATAGTT,0,52657
TSS_1414_storz_regulondb,0.5,1,1,ACGATCCGGAACCAAGATTG,0,30500
TSS_1414_storz_regulondb,0.5,1,1,ACGATAACGCGCACTCTGGA,0,9156
TSS_1414_storz_regulondb,0.5,1,1,ACGAGTAGTGCTAACTGAGT,0,45431
TSS_1414_storz_regulondb,0.5,1,1,ACGAGGCGTAACGGCCCTTA,0,50151
TSS_1414_storz_regulondb,0.5,1,1,ACGAGCTCGGTTTGCATTGG,0,18479
TSS_1414_storz_regulondb,0.5,1,1,ACGACTTTCGGCAAACTCCA,0,80129
TSS_1414_storz_regulondb,0.5,1,1,ACGACGGGGCGAGTCCGGTT,0,65089
TSS_1414_storz_regulondb,0.5,1,1,ACGACCAGCGGAGTTGCATC,0,1157
TSS_1414_storz_regulondb,0.5,1,1,ACGACAGCCCTCAGGTGCTG,0,32873
TSS_1414_storz_regulondb,0.5,1,1,ACGAATTAAGGCATGTGGCC,0,63272
TSS_1414_storz_regulondb,0.5,1,1,ACGAATAAACCGCTTTACTG,0,5494
TSS_1414_storz_regulondb,0.5,1,1,ACCTTGTTCTGGCAGCGTGG,0,38288
TSS_1414_storz_regulondb,0.5,1,1,ACCTTACGCGCTTACACCCC,0,51293
TSS_1414_storz_regulondb,0.5,1,1,ACCTGCAAAGTTGATCACTC,0,11587
TSS_1414_storz_regulondb,0.5,1,1,ACCTGACTAAAATCGCGCCG,0,31309
TSS_1414_storz_regulondb,0.5,1,1,ACCTACGTAGACCAGCTTCA,0,27554
TSS_1414_storz_regulondb,0.5,1,1,ACCTACAATAAGGGGGTGTG,0,78546
TSS_1414_storz_regulondb,0.5,1,1,ACCGTGGGTCCCATAGTAAT,0,59427
TSS_1414_storz_regulondb,0.5,1,1,ACCGGTGTACGGGACGGACC,0,51015
TSS_1414_storz_regulondb,0.5,1,1,ACCGGGCATTAGGGCATGCC,0,16654
TSS_1414_storz_regulondb,0.5,1,1,ACCGGCGGCTTGGAAATTCA,0,60194
TSS_1414_storz_regulondb,0.5,1,1,ACCGGCCTGGTTGTGCGAGG,0,73835
TSS_1414_storz_regulondb,0.5,1,1,ACCGGCCAGTGGACGTGGGC,0,51539
TSS_1414_storz_regulondb,0.5,1,1,ACCGGCCAACATTGACGCTC,0,26319
TSS_1414_storz_regulondb,0.5,1,1,ACCGCTTGATTCGTCAATAT,0,76734
TSS_1414_storz_regulondb,0.5,1,1,ACCGCTTGAAGACGTTTCAG,0,10711
TSS_1414_storz_regulondb,0.5,1,1,ACCCTCGATTTTAATACGTA,0,43442
TSS_1414_storz_regulondb,0.5,1,1,ACCCGTACATTGTTGCTGGC,0,56069
TSS_1414_storz_regulondb,0.5,1,1,ACCCGGTGTAAGATAATTAC,0,39668
TSS_1414_storz_regulondb,0.5,1,1,ACCCGGTAGTATAACATCCG,0,722
TSS_1414_storz_regulondb,0.5,1,1,ACCCCGGAGGGCACACCACC,0,53718
TSS_1414_storz_regulondb,0.5,1,1,ACCCAGGTTACCTTTCCCAA,0,3820
TSS_1414_storz_regulondb,0.5,1,1,ACCCAGCGAGGACTGACAGG,0,37475
TSS_1414_storz_regulondb,0.5,1,1,ACCCACTGCGTTTAATCCCT,0,51840
TSS_1414_storz_regulondb,0.5,1,1,ACCCACATTTTGGTTTCTCA,0,47135
TSS_1414_storz_regulondb,0.5,1,1,ACCATGAGCCATCATACCGA,0,49791
TSS_1414_storz_regulondb,0.5,1,1,ACCATCTTAGCTATAGATAG,0,36400
TSS_1414_storz_regulondb,0.5,1,1,ACCATCTCACAGCAGAACTT,0,1375
TSS_1414_storz_regulondb,0.5,1,1,ACCATAATCGCAATGCACGT,0,75278
TSS_1414_storz_regulondb,0.5,1,1,ACCAGGGCCAGGGATCGGAT,0,49477
TSS_1414_storz_regulondb,0.5,1,1,ACCAGAGGGAAACAGTAGAC,0,39051
TSS_1414_storz_regulondb,0.5,1,1,ACCACCTCTCTGACTACGCG,0,74261
TSS_1414_storz_regulondb,0.5,1,1,ACCACCGGGATCCCCTCAGG,0,14386
TSS_1414_storz_regulondb,0.5,1,1,ACCACCGAGCAGATACGGGC,0,5563
TSS_1414_storz_regulondb,0.5,1,1,ACCAATTCCAAGAAGCGCCT,0,21879
TSS_1414_storz_regulondb,0.5,1,1,ACATTTTAGACTAACTCACA,0,42311
TSS_1414_storz_regulondb,0.5,1,1,ACATTTGACGACCCCTGGCC,0,7208
TSS_1414_storz_regulondb,0.5,1,1,ACATTTAACTAGGGTCGTTA,0,42509
TSS_1414_storz_regulondb,0.5,1,1,ACATTGTGTCTCTCTGAGTA,0,16220
TSS_1414_storz_regulondb,0.5,1,1,ACATTACCCCCATCCGGGGT,0,45676
TSS_1414_storz_regulondb,0.5,1,1,ACATCGCAACCTGAAGAATC,0,55532
TSS_1414_storz_regulondb,0.5,1,1,ACAGTAAAGCTCGGTTCTCG,0,5050
TSS_1414_storz_regulondb,0.5,1,1,ACAGGTGGAGAGTGACTTGA,0,11499
TSS_1414_storz_regulondb,0.5,1,1,ACAGGCAGGTAGTCGAATCA,0,43640
TSS_1414_storz_regulondb,0.5,1,1,ACAGGAACTACGGCATGCGA,0,65610
TSS_1414_storz_regulondb,0.5,1,1,ACAGCGACGCCGGAACCGGT,0,59263
TSS_1414_storz_regulondb,0.5,1,1,ACAGCAGGCATAGCTATTAC,0,37815
TSS_1414_storz_regulondb,0.5,1,1,ACAGATGTGCTGTTGAATTG,0,37451
TSS_1414_storz_regulondb,0.5,1,1,ACAGAGCTCAAATGGGTACG,0,26447
TSS_1414_storz_regulondb,0.5,1,1,ACAGAAAACGTTTGAGCTGA,0,63440
TSS_1414_storz_regulondb,0.5,1,1,ACACTTGATGCCACAGCAGC,0,72621
TSS_1414_storz_regulondb,0.5,1,1,ACACTTACAGTAGGCTACTT,0,27309
TSS_1414_storz_regulondb,0.5,1,1,ACACTGGGCAGACAAATTTC,0,17225
TSS_1414_storz_regulondb,0.5,1,1,ACACTGAGAAGGAACGGTGC,0,79736
TSS_1414_storz_regulondb,0.5,1,1,ACACTCGGAATAGATCGGCA,0,60931
TSS_1414_storz_regulondb,0.5,1,1,ACACGTAATAAAGCTGGGCA,0,40552
TSS_1414_storz_regulondb,0.5,1,1,ACACGGTATTTGTCCTCCAG,0,44560
TSS_1414_storz_regulondb,0.5,1,1,ACACGGGGCGGGTAGCCCGT,0,31566
TSS_1414_storz_regulondb,0.5,1,1,ACACGCTTACCGCTAGGTTG,0,80705
TSS_1414_storz_regulondb,0.5,1,1,ACACGCTCCGTGCCTTACGA,0,37465
TSS_1414_storz_regulondb,0.5,1,1,ACACGCGGTGCATCTGGGAT,0,70298
TSS_1414_storz_regulondb,0.5,1,1,ACACGCATATATGAGAGCCA,0,74841
TSS_1414_storz_regulondb,0.5,1,1,ACACCTACTACCCCTTACGA,0,166
TSS_1414_storz_regulondb,0.5,1,1,ACACCCTTCTTACAACTCCA,0,73545
TSS_1414_storz_regulondb,0.5,1,1,ACACCCCCGGTCCGTACCTC,0,15136
TSS_1414_storz_regulondb,0.5,1,1,ACACATTAGACTATTATGCT,0,9688
TSS_1414_storz_regulondb,0.5,1,1,ACACACGGCAAAGCGAGCAG,0,62651
TSS_1414_storz_regulondb,0.5,1,1,ACACAATTGTCGCCCGGTGA,0,30362
TSS_1414_storz_regulondb,0.5,1,1,ACACAACTGACGGCCACGGT,0,78518
TSS_1414_storz_regulondb,0.5,1,1,ACAATTGTATTCTTATACCT,0,74692
TSS_1414_storz_regulondb,0.5,1,1,ACAATCATTCCTGATATCTC,0,36963
TSS_1414_storz_regulondb,0.5,1,1,ACAAGTTCCTCCATAGTGGC,0,32594
TSS_1414_storz_regulondb,0.5,1,1,ACAAGTCGTTGGGAGGTAGA,0,18047
TSS_1414_storz_regulondb,0.5,1,1,ACAAGTATTCGTCTTTCATT,0,4755
TSS_1414_storz_regulondb,0.5,1,1,ACAACTGAGCCTTAGCATCA,0,63131
TSS_1414_storz_regulondb,0.5,1,1,ACAACTAGCTTAGGCGAAAA,0,63690
TSS_1414_storz_regulondb,0.5,1,1,ACAAATTGGTAGAGTGGTCT,0,61353
TSS_1414_storz_regulondb,0.5,1,1,ACAAATTCAGGCCCGGTTTT,0,41776
TSS_1414_storz_regulondb,0.5,1,1,ACAAATCGCATCTATATCAC,0,48872
TSS_1414_storz_regulondb,0.5,1,1,ACAAATCATGCAATGAATGT,0,70832
TSS_1414_storz_regulondb,0.5,1,1,ACAAAACTAGGTTGGAGCAC,0,8638
TSS_1414_storz_regulondb,0.5,1,1,ACAAAACGCAGTGATGTCAC,0,53234
TSS_1414_storz_regulondb,0.5,1,1,AATTTTTGCAGCCATGCAAC,0,1806
TSS_1414_storz_regulondb,0.5,1,1,AATTTTGTCAATAGTATCTA,0,15158
TSS_1414_storz_regulondb,0.5,1,1,AATTTCTGGCCGGGATGGAG,0,22005
TSS_1414_storz_regulondb,0.5,1,1,AATTGTGGCTATATCAATAC,0,29818
TSS_1414_storz_regulondb,0.5,1,1,AATTGCGCTCAGAAGCACTG,0,75772
TSS_1414_storz_regulondb,0.5,1,1,AATTGAATCGAGTTAAACGC,0,61549
TSS_1414_storz_regulondb,0.5,1,1,AATTCTTTAACCCACAACAG,0,49337
TSS_1414_storz_regulondb,0.5,1,1,AATTCGCAGGTCAACAGTAT,0,77954
TSS_1414_storz_regulondb,0.5,1,1,AATTCCGTTTAAGTTGTACA,0,15532
TSS_1414_storz_regulondb,0.5,1,1,AATTCCATTTGATTATCCGC,0,67668
TSS_1414_storz_regulondb,0.5,1,1,AATTATGGTCGTTCAACTTA,0,8310
TSS_1414_storz_regulondb,0.5,1,1,AATTATATTCAGGCCGATTT,0,48881
TSS_1414_storz_regulondb,0.5,1,1,AATTACGGCTGTATTCCCAG,0,21085
TSS_1414_storz_regulondb,0.5,1,1,AATTAAACGCGTGTGTCGCT,0,333
TSS_1414_storz_regulondb,0.5,1,1,AATGTTACACCTCTTTCAGA,0,48531
TSS_1414_storz_regulondb,0.5,1,1,AATGTAGAGAATATTCGGAC,0,4455
TSS_1414_storz_regulondb,0.5,1,1,AATGGGTGCCCACAAAGGTA,0,71894
TSS_1414_storz_regulondb,0.5,1,1,AATGGAATTCGAACACTTCA,0,67443
TSS_1414_storz_regulondb,0.5,1,1,AATGCTTAGGTGTTTTGCCG,0,32471
TSS_1414_storz_regulondb,0.5,1,1,AATGCTCGTTCCAGTCCAGT,0,74544
TSS_1414_storz_regulondb,0.5,1,1,AATGCCATCGTGGGTATTTC,0,73162
TSS_1414_storz_regulondb,0.5,1,1,AATGCATCTCCGCGCCAGAA,0,30283
TSS_1414_storz_regulondb,0.5,1,1,AATGCACCTGAATACGGTCA,0,53972
TSS_1414_storz_regulondb,0.5,1,1,AATGAGACCATTCGGTCTAT,0,17378
TSS_1414_storz_regulondb,0.5,1,1,AATGAAAGCGCTCGGGGTTT,0,79875
TSS_1414_storz_regulondb,0.5,1,1,AATCTGAAAGGACTTCACAG,0,52030
TSS_1414_storz_regulondb,0.5,1,1,AATCTACATGTTCACACTGT,0,19754
TSS_1414_storz_regulondb,0.5,1,1,AATCGGTACCGGGTAGCCCC,0,52873
TSS_1414_storz_regulondb,0.5,1,1,AATCGGAGAGACACTTCGCA,0,23432
TSS_1414_storz_regulondb,0.5,1,1,AATCCGTCGTTGCGCACCCT,0,34081
TSS_1414_storz_regulondb,0.5,1,1,AATCATATCACGGGTCTTAC,0,7221
TSS_1414_storz_regulondb,0.5,1,1,AATCATAGTGACTCCCTGTG,0,52925
TSS_1414_storz_regulondb,0.5,1,1,AATCACGGCGGGAGGCCATA,0,25980
TSS_1414_storz_regulondb,0.5,1,1,AATCAAGTGACTTCTTTAGA,0,51374
TSS_1414_storz_regulondb,0.5,1,1,AATATTCTTTGCCGGTCAGC,0,29372
TSS_1414_storz_regulondb,0.5,1,1,AATATTAAGGGACCTGGGTA,0,79331
TSS_1414_storz_regulondb,0.5,1,1,AATATTAACCGGTCCATAGT,0,50221
TSS_1414_storz_regulondb,0.5,1,1,AATATGAACGAAGTCACTTA,0,16386
TSS_1414_storz_regulondb,0.5,1,1,AATATCGTGTCGGGCTTCCA,0,24674
TSS_1414_storz_regulondb,0.5,1,1,AATATCCCGAATGCGCAAAG,0,54245
TSS_1414_storz_regulondb,0.5,1,1,AATATAGTTGAGAACGGGTA,0,54530
TSS_1414_storz_regulondb,0.5,1,1,AATAGCCGAAGAATAGTAGT,0,51870
TSS_1414_storz_regulondb,0.5,1,1,AATACCGTTTGACTAATGAC,0,47947
TSS_1414_storz_regulondb,0.5,1,1,AATACACTTAACGCCTTCAC,0,78908
TSS_1414_storz_regulondb,0.5,1,1,AATAATACCAGACGACTCTT,0,7905
TSS_1414_storz_regulondb,0.5,1,1,AATAAGTAACTTGCAAAATT,0,56706
TSS_1414_storz_regulondb,0.5,1,1,AAGTTGTATTAGCTGAGAAG,0,68990
TSS_1414_storz_regulondb,0.5,1,1,AAGTTGAGATTGTTGGGGGT,0,53731
TSS_1414_storz_regulondb,0.5,1,1,AAGTTCCTTTGCTGGTCGGT,0,47516
TSS_1414_storz_regulondb,0.5,1,1,AAGTTAACAGAGCTAGTCAA,0,56108
TSS_1414_storz_regulondb,0.5,1,1,AAGTGGGGGGTGTGTAAATG,0,67011
TSS_1414_storz_regulondb,0.5,1,1,AAGTGGCTGTAAAAACTGTG,0,10221
TSS_1414_storz_regulondb,0.5,1,1,AAGTCTTGAACCCACCGAGT,0,35823
TSS_1414_storz_regulondb,0.5,1,1,AAGTCGCACCCAGCGGAAAC,0,67875
TSS_1414_storz_regulondb,0.5,1,1,AAGTCATTTAGCAACCCCTA,0,32253
TSS_1414_storz_regulondb,0.5,1,1,AAGTAGGTGCGGATTAAAGG,0,1531
TSS_1414_storz_regulondb,0.5,1,1,AAGTAATAATGGTAGCTAGG,0,46971
TSS_1414_storz_regulondb,0.5,1,1,AAGGTTCAGCGAGCGGGATG,0,4587
TSS_1414_storz_regulondb,0.5,1,1,AAGGTTCACTCAAATTTTGT,0,33376
TSS_1414_storz_regulondb,0.5,1,1,AAGGTTAGGCGAAGTCCATA,0,72233
TSS_1414_storz_regulondb,0.5,1,1,AAGGTCTAAGGGATTCGCGC,0,6356
TSS_1414_storz_regulondb,0.5,1,1,AAGGTCGTGCTTGTGTGAGA,0,35060
TSS_1414_storz_regulondb,0.5,1,1,AAGGTATGAGTTTGTGTACC,0,57374
TSS_1414_storz_regulondb,0.5,1,1,AAGGGGCGAGCAAGTCCATT,0,35842
TSS_1414_storz_regulondb,0.5,1,1,AAGGCAGTGCACAGTATCAG,0,27677
TSS_1414_storz_regulondb,0.5,1,1,AAGGCAAGAAGAAGCTACGC,0,53748
TSS_1414_storz_regulondb,0.5,1,1,AAGCTTAGATCGAGGCGGAG,0,52652
TSS_1414_storz_regulondb,0.5,1,1,AAGCTCCTTCACTTTGGTCA,0,52123
TSS_1414_storz_regulondb,0.5,1,1,AAGCGTGTGGAATTGATCAA,0,5029
TSS_1414_storz_regulondb,0.5,1,1,AAGCGCTGTGCCCGCATCCC,0,15738
TSS_1414_storz_regulondb,0.5,1,1,AAGCCTTGTATAGGCCAGTG,0,632
TSS_1414_storz_regulondb,0.5,1,1,AAGCATGAAACAGCAAGAAA,0,35267
TSS_1414_storz_regulondb,0.5,1,1,AAGCACTCCACAAGACTACT,0,67441
TSS_1414_storz_regulondb,0.5,1,1,AAGCAATTAACGTGGTGATT,0,8951
TSS_1414_storz_regulondb,0.5,1,1,AAGCAATAGGCGTCGCGAAT,0,64453
TSS_1414_storz_regulondb,0.5,1,1,AAGCAAATCTCGCTGGAATA,0,69453
TSS_1414_storz_regulondb,0.5,1,1,AAGATTTATTGCACCCCACA,0,73201
TSS_1414_storz_regulondb,0.5,1,1,AAGATTAGTAACACAGGACC,0,10143
TSS_1414_storz_regulondb,0.5,1,1,AAGATGACATCGGATCCCTT,0,53558
TSS_1414_storz_regulondb,0.5,1,1,AAGATACTTTTGACGCGAGC,0,75938
TSS_1414_storz_regulondb,0.5,1,1,AAGAGGGAAATAGACCGTGG,0,79886
TSS_1414_storz_regulondb,0.5,1,1,AAGAGACTGGCTAGAACTAA,0,70007
TSS_1414_storz_regulondb,0.5,1,1,AAGACGTGGGCTTAATCCTA,0,71118
TSS_1414_storz_regulondb,0.5,1,1,AAGACCGCTACAAGCGGTTA,0,36771
TSS_1414_storz_regulondb,0.5,1,1,AAGACACACGGTTCTCGTCG,0,74758
TSS_1414_storz_regulondb,0.5,1,1,AAGACAAGGTTCTAGGCGCA,0,78564
TSS_1414_storz_regulondb,0.5,1,1,AACTTGGGCTAGATAGCCGT,0,79839
TSS_1414_storz_regulondb,0.5,1,1,AACTGTGGGAGGGTGGAATG,0,54919
TSS_1414_storz_regulondb,0.5,1,1,AACTGGGCCCGTTCATTGAT,0,67345
TSS_1414_storz_regulondb,0.5,1,1,AACTCTAGACAAGCTAGAAA,0,62652
TSS_1414_storz_regulondb,0.5,1,1,AACTCGGTGATCCAATTAGA,0,9417
TSS_1414_storz_regulondb,0.5,1,1,AACTCGCGTGAAATTTGGTA,0,45513
TSS_1414_storz_regulondb,0.5,1,1,AACTCCTAAATAGCACATCT,0,30199
TSS_1414_storz_regulondb,0.5,1,1,AACTCATAGTCATATCTCGC,0,35764
TSS_1414_storz_regulondb,0.5,1,1,AACTACGTGGAACGCCGCGG,0,50498
TSS_1414_storz_regulondb,0.5,1,1,AACTACCCTCCGGGCCTAGA,0,73220
TSS_1414_storz_regulondb,0.5,1,1,AACTAAACCTAATCTGATCA,0,78313
TSS_1414_storz_regulondb,0.5,1,1,AACGTGCGGATAAGAGACCA,0,29686
TSS_1414_storz_regulondb,0.5,1,1,AACGTGCACCTGACATAAAT,0,51378
TSS_1414_storz_regulondb,0.5,1,1,AACGTCACTAAGTATTTATT,0,15445
TSS_1414_storz_regulondb,0.5,1,1,AACGTAACGTTACCGGGTCT,0,78150
TSS_1414_storz_regulondb,0.5,1,1,AACGGGTTTCAACTCCAGGT,0,57261
TSS_1414_storz_regulondb,0.5,1,1,AACGGCTTGAAGCCGGGCAT,0,56380
TSS_1414_storz_regulondb,0.5,1,1,AACGGACTCAATGCTATCAT,0,3824
TSS_1414_storz_regulondb,0.5,1,1,AACGCTTACAGTCGTCACTG,0,16512
TSS_1414_storz_regulondb,0.5,1,1,AACGCCGTTCGGCCAGTCTG,0,80693
TSS_1414_storz_regulondb,0.5,1,1,AACGCCCGGCCATCCGGGAT,0,23537
TSS_1414_storz_regulondb,0.5,1,1,AACGACGGTCAGTGTGAAGT,0,49234
TSS_1414_storz_regulondb,0.5,1,1,AACGAACCAAACAGGTTAAC,0,67134
TSS_1414_storz_regulondb,0.5,1,1,AACGAAAGTAAAGGCTCTCG,0,3107
TSS_1414_storz_regulondb,0.5,1,1,AACCTTGGCAAGGGTTGGGT,0,18925
TSS_1414_storz_regulondb,0.5,1,1,AACCTGAGCCCGTGGGGCTA,0,29951
TSS_1414_storz_regulondb,0.5,1,1,AACCGTTAAGCTAGGGTGTG,0,63791
TSS_1414_storz_regulondb,0.5,1,1,AACCGGCCTGAGTCTGCTAA,0,53897
TSS_1414_storz_regulondb,0.5,1,1,AACCGCGAGCGTCCTCAGCT,0,43731
TSS_1414_storz_regulondb,0.5,1,1,AACCGCCAGGCACGCCATGC,0,13780
TSS_1414_storz_regulondb,0.5,1,1,AACCGAATTTGTGAGACATT,0,29254
TSS_1414_storz_regulondb,0.5,1,1,AACCCTTGATTTAACAAGGA,0,799
TSS_1414_storz_regulondb,0.5,1,1,AACCCTGCAAGGTTGGGTTG,0,36738
TSS_1414_storz_regulondb,0.5,1,1,AACCCTATTAGTGTTTAAAT,0,45887
TSS_1414_storz_regulondb,0.5,1,1,AACCCTAGTCCTTTTCTACA,0,74940
TSS_1414_storz_regulondb,0.5,1,1,AACCCCTCTGACCATTTCAT,0,10868
TSS_1414_storz_regulondb,0.5,1,1,AACCCAGTCCGAAATTGGTG,0,28277
TSS_1414_storz_regulondb,0.5,1,1,AACCCAGATTTCTACTCAGT,0,73054
TSS_1414_storz_regulondb,0.5,1,1,AACCATTCTTACCGACTCCG,0,76841
TSS_1414_storz_regulondb,0.5,1,1,AACCATCACGTTAGGCAAAA,0,51208
TSS_1414_storz_regulondb,0.5,1,1,AACCAGTTCTGCTCTAGGGG,0,34403
TSS_1414_storz_regulondb,0.5,1,1,AACATTTAATTAATTACAGT,0,56513
TSS_1414_storz_regulondb,0.5,1,1,AACATTCAACTTCCTGTCAG,0,69472
TSS_1414_storz_regulondb,0.5,1,1,AACATGGGACTTATTAGTCG,0,3090
TSS_1414_storz_regulondb,0.5,1,1,AACAGGGAATGACACTCGGT,0,5673
TSS_1414_storz_regulondb,0.5,1,1,AACAGCTACCTCGTGACGGA,0,45863
TSS_1414_storz_regulondb,0.5,1,1,AACACCTTACGAAGCGCCCC,0,74650
TSS_1414_storz_regulondb,0.5,1,1,AACAATGGGTCACACCGCTT,0,56665
TSS_1414_storz_regulondb,0.5,1,1,AACAATATGGAAGGTGACTG,0,23046
TSS_1414_storz_regulondb,0.5,1,1,AACAAAAGATGTACTGGCGG,0,68105
TSS_1414_storz_regulondb,0.5,1,1,AAATTTTGGGGGCCACGATG,0,45023
TSS_1414_storz_regulondb,0.5,1,1,AAATTGCTGTCACCGAGGTC,0,45509
TSS_1414_storz_regulondb,0.5,1,1,AAATTGACGATTCGAAGTGC,0,56366
TSS_1414_storz_regulondb,0.5,1,1,AAATTCGTAATTGCAGAGAT,0,4347
TSS_1414_storz_regulondb,0.5,1,1,AAATTACGCTTGGGGTTGAG,0,77283
TSS_1414_storz_regulondb,0.5,1,1,AAATGGCGCACATCCCCCAC,0,35575
TSS_1414_storz_regulondb,0.5,1,1,AAATGATTAACATCTATGTA,0,12466
TSS_1414_storz_regulondb,0.5,1,1,AAATGACCTCCAGTTCGAAC,0,77885
TSS_1414_storz_regulondb,0.5,1,1,AAATCGTACTTAATGACCAA,0,41742
TSS_1414_storz_regulondb,0.5,1,1,AAATCCGGTGATGCATTCGT,0,30748
TSS_1414_storz_regulondb,0.5,1,1,AAATACTAGACCTTACCGTT,0,22822
TSS_1414_storz_regulondb,0.5,1,1,AAATAAGTTCAAAGGTTGAT,0,45311
TSS_1414_storz_regulondb,0.5,1,1,AAATAAGGGAACATTGGTTG,0,13305
TSS_1414_storz_regulondb,0.5,1,1,AAAGGGGGTTGGGTCTGAGT,0,1303
TSS_1414_storz_regulondb,0.5,1,1,AAAGCTGCGGGTCAGACCGT,0,46279
TSS_1414_storz_regulondb,0.5,1,1,AAAGCGTTACATCTGTATGT,0,59567
TSS_1414_storz_regulondb,0.5,1,1,AAAGCAAAGTTGACCGGGTT,0,32881
TSS_1414_storz_regulondb,0.5,1,1,AAAGATGGCACGCTGCAGGT,0,47819
TSS_1414_storz_regulondb,0.5,1,1,AAACTGGGCAGAATATTCTT,0,1682
TSS_1414_storz_regulondb,0.5,1,1,AAACTCTGAACTTCAATGCT,0,8365
TSS_1414_storz_regulondb,0.5,1,1,AAACTCGCAGGTCACTCGCT,0,68988
TSS_1414_storz_regulondb,0.5,1,1,AAACTCCTGCATCTCCCTCC,0,1123
TSS_1414_storz_regulondb,0.5,1,1,AAACGGTCGGTGCGACTTAC,0,45791
TSS_1414_storz_regulondb,0.5,1,1,AAACGGAGGACTTCTTGCAG,0,69724
TSS_1414_storz_regulondb,0.5,1,1,AAACGCACAAACCGATAGCA,0,10693
TSS_1414_storz_regulondb,0.5,1,1,AAACCGTCCATATTTGGGCA,0,33931
TSS_1414_storz_regulondb,0.5,1,1,AAACCAATACAATTAGCCGC,0,80847
TSS_1414_storz_regulondb,0.5,1,1,AAACATCAAGTCAACAGTCA,0,34199
TSS_1414_storz_regulondb,0.5,1,1,AAACATCAAGTACAGTTCTC,0,52442
TSS_1414_storz_regulondb,0.5,1,1,AAACAGCTTAGCGGTCACCA,0,3972
TSS_1414_storz_regulondb,0.5,1,1,AAACAAGTTTGTTTCACTAC,0,55235
TSS_1414_storz_regulondb,0.5,1,1,AAACAAAACCCCTTAGGGAA,0,50790
TSS_1414_storz_regulondb,0.5,1,1,AAAATTGCATACCCAACCTA,0,60856
TSS_1414_storz_regulondb,0.5,1,1,AAAATTAGCCCTCGCCTCGC,0,55213
TSS_1414_storz_regulondb,0.5,1,1,AAAATGTAATTTATAGGCCT,0,16491
TSS_1414_storz_regulondb,0.5,1,1,AAAATCGGCGTCCATCACGG,0,29603
TSS_1414_storz_regulondb,0.5,1,1,AAAAGAGAATAACATCAGTG,0,7757
TSS_1414_storz_regulondb,0.5,1,1,AAAACTTATGATAGCACATA,0,75466
TSS_1414_storz_regulondb,0.5,1,1,AAAACAAACACCCTCCTGTA,0,47361
TSS_1414_storz_regulondb,0.5,1,1,AAAAATAACCTATATATACT,0,77155
TSS_1414_storz_regulondb,0.5,1,1,AAAAAGTCACGTATAACCGG,0,16755
TSS_1414_storz_regulondb,0.5,1,1,AAAAACGTGCCGTCATGACC,0,2096
TSS_1414_storz_regulondb,0.5,1,1,AAAAACGCGCATTTCCCTGA,0,38192
TSS_1414_storz_regulondb,0.5,1,1,AAAAACATGTGGCTAGTCTA,0,34842
TSS_1414_storz_regulondb,0.5,1,1,AAAAACACAAAGTGCCATGG,0,17076
TSS_1414_storz_regulondb,0.5,1,1,AAAAAATACTGCTCCTCCTT,0,78368
TSS_1414_storz_regulondb,970.0,969,0,TGGGGAAGAAGCGTCGTCAC,969,7612
TSS_1414_storz_regulondb,948.0,947,0,AAACGGTTAAACTAGGTTAG,947,29508
TSS_1414_storz_regulondb,789.0,788,0,TGCGGGCGTAATTTTAGTCC,788,27684
TSS_1414_storz_regulondb,601.0,600,0,TATTTGAACGGTCGCTTATA,600,70848
TSS_1414_storz_regulondb,480.0,479,0,GATTGCCTTGTGAATGGTAT,479,74543
TSS_1414_storz_regulondb,477.0,476,0,TTAGCATTTGTATTCCAGCA,476,13755
TSS_1414_storz_regulondb,467.0,466,0,GGCGCGAAACATCGTCAGCA,466,5371
TSS_1414_storz_regulondb,439.0,438,0,GGGAGACCAACATGTTGCCC,438,51102
TSS_1414_storz_regulondb,390.0,389,0,CACAAATTCTGAAGTTGCGT,389,58645
TSS_1414_storz_regulondb,388.0,387,0,TGGACTTATCTAAGGAGTTC,387,21937
TSS_1414_storz_regulondb,371.0,370,0,AACCACGCGGAGTCCGTGCT,370,52724
TSS_1414_storz_regulondb,285.0,284,0,GGCACTTCGACCATATGACT,284,65934
TSS_1414_storz_regulondb,193.0,192,0,TCTATATGCTCGCCACTTAT,192,14878
TSS_1414_storz_regulondb,112.0,111,0,GTCACTGTCTTTTCCCCTTC,111,61617
TSS_1414_storz_regulondb,77.0,76,0,TTGCCATTGGTTTGAGCTGC,76,35189
TSS_1414_storz_regulondb,22.0,21,0,TCTAGCTTCATATGCAAAGG,21,12265
TSS_1414_storz_regulondb,13.0,12,0,ATTTAGAGTATAGTATGGTA,12,51012
TSS_1414_storz_regulondb,10.0,9,0,GCGCAGCTTCTTGGACTTGT,9,58085
TSS_1414_storz_regulondb,9.0,8,0,CTACCCGAGAACAATGAGAC,8,10859
TSS_1414_storz_regulondb,8.0,7,0,TGGGTCCAGTGTTGGACCTG,7,14027
TSS_1414_storz_regulondb,8.0,7,0,TACTTCGCTGGCCAGTGGGC,7,17473
TSS_1414_storz_regulondb,8.0,7,0,GCCGGTCCATAAGATGGAAA,7,10514
TSS_1414_storz_regulondb,7.0,6,0,GCTCTCCAGGGGCGGAAAGT,6,75194
TSS_1414_storz_regulondb,7.0,6,0,CCTGGGTGGGACTCCCGGGA,6,8494
TSS_1414_storz_regulondb,7.0,6,0,AGGTGGACATGCATTTACCT,6,60499
TSS_1414_storz_regulondb,7.0,6,0,AGCCAGTACATCCCGGTGCA,6,9258
TSS_1414_storz_regulondb,7.0,6,0,AACAAGGTTCTACGCCAGGT,6,78902
TSS_1414_storz_regulondb,6.0,5,0,TATTGGCTATATCCTGGCCT,5,16705
TSS_1414_storz_regulondb,6.0,5,0,TATTGCTAGAGTTCTGGTGG,5,13337
TSS_1414_storz_regulondb,6.0,5,0,CAATCTTGCTAAGCTTGTGC,5,70216
TSS_1414_storz_regulondb,6.0,5,0,AGGCCTCCGTAAGTGACGGT,5,65477
TSS_1414_storz_regulondb,5.0,4,0,TTGGACTGGGAATGCACATG,4,9861
TSS_1414_storz_regulondb,5.0,4,0,TTCGGCTATTAGTACGCAGC,4,58033
TSS_1414_storz_regulondb,5.0,4,0,TGCCAGTTGAAAACACCTAA,4,68539
TSS_1414_storz_regulondb,5.0,4,0,TCGCTGATTGACCGACTTAG,4,50487
TSS_1414_storz_regulondb,5.0,4,0,GTTACTAACAGTCAATCGGA,4,25624
TSS_1414_storz_regulondb,5.0,4,0,CAATTTCCGAGAAGCGCACA,4,57112
TSS_1414_storz_regulondb,5.0,4,0,ACTCCTCAATCGTTGTATTC,4,43571
TSS_1414_storz_regulondb,4.0,3,0,GTTAGACGCGGTCCGGAGTC,3,63641
TSS_1414_storz_regulondb,4.0,3,0,GTCGGTGCCGGGAGGACGAC,3,24568
TSS_1414_storz_regulondb,4.0,3,0,GGGCAATCGTTGGAGTGGGG,3,50998
TSS_1414_storz_regulondb,4.0,3,0,GGGACATCGGGGGTTACTGA,3,48627
TSS_1414_storz_regulondb,4.0,3,0,GCTACCTGTTCTTGAGGATT,3,66634
TSS_1414_storz_regulondb,4.0,3,0,GCGTGCACAGACCCGGTTGC,3,71275
TSS_1414_storz_regulondb,4.0,3,0,GCATGTAGCTGAGTCTCCAA,3,66523
TSS_1414_storz_regulondb,4.0,3,0,GAAACACGTAAATCGTATCT,3,64042
TSS_1414_storz_regulondb,4.0,3,0,CTTACATGGCAAAAGACAGA,3,434
TSS_1414_storz_regulondb,4.0,3,0,CTGTAGAGGTAACGCTTGGT,3,45102
TSS_1414_storz_regulondb,4.0,3,0,CGTGCTTTAGTTCTAGGACT,3,11074
TSS_1414_storz_regulondb,4.0,3,0,CGTGATTCTTGGCATAAGCC,3,40073
TSS_1414_storz_regulondb,4.0,3,0,CGATGGCGATGCATAACCCT,3,77891
TSS_1414_storz_regulondb,4.0,3,0,CAGTATCCGTTTACCGCCAT,3,23742
TSS_1414_storz_regulondb,4.0,3,0,ATATATCCCAAGGGGGCGAC,3,44097
TSS_1414_storz_regulondb,4.0,3,0,AGGTCGGTGGGTTTCTCTCC,3,9969
TSS_1414_storz_regulondb,4.0,3,0,ACTTATAATAAATAACGCTT,3,69320
TSS_1414_storz_regulondb,4.0,3,0,AATCCTCCTGTATAGCCTCC,3,35362
TSS_1414_storz_regulondb,3.0,2,0,TGTGCAACGCCCTGGCCACA,2,12607
TSS_1414_storz_regulondb,3.0,2,0,TATTGAAAGACCGATTGACT,2,13891
TSS_1414_storz_regulondb,3.0,2,0,TAGCCGACAGTTAACAGATG,2,18976
TSS_1414_storz_regulondb,3.0,2,0,GTCTCAACGAGGCTCGAAAC,2,46562
TSS_1414_storz_regulondb,3.0,2,0,GTCACTAAAAACGTAGGAGG,2,47255
TSS_1414_storz_regulondb,3.0,2,0,GCTGTTGCCTTCGGAAGAAG,2,4203
TSS_1414_storz_regulondb,3.0,2,0,GAGCAGCGGACTCTGCGTGT,2,54528
TSS_1414_storz_regulondb,3.0,2,0,GAGAGAACAGGATATGCCTT,2,57582
TSS_1414_storz_regulondb,3.0,2,0,GACTGTGACCCCCAGGACTC,2,30087
TSS_1414_storz_regulondb,3.0,2,0,CTTATTCACCTTAAGTCTTG,2,58809
TSS_1414_storz_regulondb,3.0,2,0,CTTAACGAGATAGGGGACAT,2,69415
TSS_1414_storz_regulondb,3.0,2,0,CTGTACTTTCTCGACGGTAG,2,17935
TSS_1414_storz_regulondb,3.0,2,0,CGGTGCTACTCCGGGAGCTC,2,77634
TSS_1414_storz_regulondb,3.0,2,0,CGCTCTGCTCGCTACGGCAT,2,42171
TSS_1414_storz_regulondb,3.0,2,0,CCGACGAGCAATGGGCCTAG,2,61708
TSS_1414_storz_regulondb,3.0,2,0,CATCAAAAAAAATGAATAGC,2,37394
TSS_1414_storz_regulondb,3.0,2,0,ATGTATTCTCTACTTTCCCG,2,43836
TSS_1414_storz_regulondb,3.0,2,0,ACTGTAACCTCAGCGGCCAG,2,70768
TSS_1414_storz_regulondb,3.0,2,0,ACGTAATTACCAAGGTTAGT,2,39322
TSS_1414_storz_regulondb,3.0,2,0,ACGACGTCCGCGATTTATAG,2,25884
TSS_1414_storz_regulondb,3.0,2,0,ACCCTTGTGCTGCCCCAGGC,2,68697
TSS_1414_storz_regulondb,3.0,2,0,ACCCCTTGTTCATGCGCCCG,2,21884
TSS_1414_storz_regulondb,3.0,2,0,ACCACGTTGGCCGCCTGATA,2,57511
TSS_1414_storz_regulondb,3.0,2,0,ACAGACTCTGAAGATGATGC,2,13427
TSS_1414_storz_regulondb,3.0,2,0,AACGCCTCAGGTTGGGATCC,2,39209
TSS_1414_storz_regulondb,2.0,1,0,TTTGCCGTATCGATCGGTTT,1,5474
TSS_1414_storz_regulondb,2.0,1,0,TTTCTAGCCCCGACCTTCCT,1,71835
TSS_1414_storz_regulondb,2.0,1,0,TTCTAATCGCAGGAAGACGT,1,29493
TSS_1414_storz_regulondb,2.0,1,0,TTAGATGGACCGAGTACCTC,1,6697
TSS_1414_storz_regulondb,2.0,1,0,TTACACGGGATGGGTTAAGC,1,30206
TSS_1414_storz_regulondb,2.0,1,0,TGCGCATAAATTTATGAGAA,1,496
TSS_1414_storz_regulondb,2.0,1,0,TCGTACACTAGAGCACCGTG,1,22428
TSS_1414_storz_regulondb,2.0,1,0,TCGGGGGCGCGCCGTGTCTC,1,64724
TSS_1414_storz_regulondb,2.0,1,0,TCATGAAAGTTTGTCGGAGC,1,49662
TSS_1414_storz_regulondb,2.0,1,0,TATGGATGGCGTGGTCAATT,1,65190
TSS_1414_storz_regulondb,2.0,1,0,TAATCAGCAATGTTAGGGAG,1,40150
TSS_1414_storz_regulondb,2.0,1,0,GTTGATGCGCCAAACGCGAT,1,55924
TSS_1414_storz_regulondb,2.0,1,0,GTGCGTACAACTGGCGGCCC,1,65933
TSS_1414_storz_regulondb,2.0,1,0,GTCGGATTCTGCTTCGGCGC,1,71991
TSS_1414_storz_regulondb,2.0,1,0,GGACTTGGTAGGCGGGCTCC,1,14387
TSS_1414_storz_regulondb,2.0,1,0,GCAATTGACGTAACGGTTGC,1,57874
TSS_1414_storz_regulondb,2.0,1,0,GATTATAACGCCTCACTCCT,1,56847
TSS_1414_storz_regulondb,2.0,1,0,GACCCGGAACGTCTACGCCA,1,60265
TSS_1414_storz_regulondb,2.0,1,0,GAACGTCTGGTCAGGGTACC,1,44193
TSS_1414_storz_regulondb,2.0,1,0,GAACAATGGCCTGATTGTTG,1,73376
TSS_1414_storz_regulondb,2.0,1,0,GAAATCCTCCACGCGTTTGC,1,15111
TSS_1414_storz_regulondb,2.0,1,0,GAAACCCCTCGGTATAAGAA,1,108
TSS_1414_storz_regulondb,2.0,1,0,CTTGGTTTGACCACTGCCCA,1,76401
TSS_1414_storz_regulondb,2.0,1,0,CTCATGATTAAGAAAAACCC,1,10917
TSS_1414_storz_regulondb,2.0,1,0,CTATTCGGGCTTCTAGAGAG,1,33807
TSS_1414_storz_regulondb,2.0,1,0,CTATACAACCGTTCCCGTAG,1,34961
TSS_1414_storz_regulondb,2.0,1,0,CTAGTTTGATAAATCATTGA,1,9602
TSS_1414_storz_regulondb,2.0,1,0,CTACGTACTTGTGTATTCAG,1,52728
TSS_1414_storz_regulondb,2.0,1,0,CGTGCGAGGTCAAATTATAA,1,31369
TSS_1414_storz_regulondb,2.0,1,0,CGGTCAACTCGCGGTAAGGT,1,52005
TSS_1414_storz_regulondb,2.0,1,0,CGCTCCTACCTCAGACTCAG,1,65137
TSS_1414_storz_regulondb,2.0,1,0,CGCAGAGTCTAGTTTCGGCC,1,58886
TSS_1414_storz_regulondb,2.0,1,0,CGAGGATTGTGGCTCCTAGG,1,24569
TSS_1414_storz_regulondb,2.0,1,0,CCTGAACCAATGTGTGTTGG,1,18846
TSS_1414_storz_regulondb,2.0,1,0,CCGCATCGTATTGACTTTCT,1,28759
TSS_1414_storz_regulondb,2.0,1,0,CCGATACGCCGTACAACCCG,1,72406
TSS_1414_storz_regulondb,2.0,1,0,CCAGCGGGTGCCATGTGGTA,1,80509
TSS_1414_storz_regulondb,2.0,1,0,CATCGAGGCAAGCTTATACT,1,2926
TSS_1414_storz_regulondb,2.0,1,0,ATTCGCACGTATATCTAAAC,1,24373
TSS_1414_storz_regulondb,2.0,1,0,ATCGTCTTTGGTGTTAGCGG,1,7891
TSS_1414_storz_regulondb,2.0,1,0,AGGATCAAGGCCGGTATTCA,1,20666
TSS_1414_storz_regulondb,2.0,1,0,AGACGCAGAATCCCCTAACT,1,32750
TSS_1414_storz_regulondb,2.0,1,0,ACTGAAGGTACGCGATGGTA,1,22242
TSS_1414_storz_regulondb,2.0,1,0,ACTCTCGTCAACCGGTGGAG,1,48910
TSS_1414_storz_regulondb,2.0,1,0,ACGAACTCGAAGCTACGCCG,1,80345
TSS_1414_storz_regulondb,2.0,1,0,ACCCGACGACATAACAATAT,1,1566
TSS_1414_storz_regulondb,2.0,1,0,ACCAAGCAATCATGTCGTTG,1,21311
TSS_1414_storz_regulondb,2.0,1,0,ACATTCCCTGTGAGGGCGGC,1,64677
TSS_1414_storz_regulondb,2.0,1,0,ACAAGCTGGTGCCAGACAGT,1,57839
TSS_1414_storz_regulondb,2.0,1,0,AATGCATCAGCAACAGCTGC,1,23858
TSS_1414_storz_regulondb,2.0,1,0,AAGATGTGGCGCTCCAGGAA,1,71459
TSS_1414_storz_regulondb,2.0,1,0,AACGGCCGTGCATGTACGCA,1,25830
TSS_1414_storz_regulondb,2.0,1,0,AAAACTTATAGAATCCAACG,1,16435
TSS_1414_storz_regulondb,2.0,1,0,AAAACAGCACGATGCAGGCC,1,42694
