name,relative_counts,ct,ct_0,barcode,ct_1,barcode_ind
recNp,0.0053285968028419185,564,562,GCAACGGACTCCGGACAGAC,2,3216444
recNp,0.03773584905660377,163,158,ACAGTTTTGCTGTGTATCAT,5,3246605
recNp,0.015625,128,127,CGCATTGATGCAGCCAGAGA,1,3217363
recNp,0.21666666666666667,144,119,TAATCATTCCCGCGCCATGT,25,3216679
recNp,0.017857142857142856,112,111,GGTAACTGAGCGGCCTGATT,1,3249525
recNp,0.044642857142857144,115,111,AATCACCATGTGTATTCAAG,4,3224067
recNp,0.049019607843137254,105,101,CTCGCCTACTAGACTGTGTT,4,3226256
recNp,0.02,100,99,GTTGGAACATATGTGACGTC,1,3243441
recNp,0.05263157894736842,98,94,TCATGAACAGCAGCTGACGA,4,3217751
recNp,0.021052631578947368,95,94,ATGAACAGGGCAACGTCGTA,1,3216240
recNp,0.02127659574468085,94,93,CCATCCATCCTTCCTCGATT,1,3217475
recNp,0.05128205128205128,80,77,CACATCAATAGGGAAAGAGT,3,3219002
recNp,0.02631578947368421,76,75,ATAGAGCGAGACAATCGAGT,1,3247143
recNp,0.05263157894736842,78,75,ACTCTGGTAGGGCTGTCGGT,3,3227262
recNp,3.48,334,74,TCGCTCAAGCATACATCGAA,260,3237051
recNp,0.05405405405405406,76,73,TGTCAAAACCCAGATTATCA,3,3222343
recNp,11.76388888888889,917,71,ACCGCATCAGGGGAGGTCCA,846,3242321
recNp,0.02857142857142857,70,69,GACAGTGACAGCGAGGCAGC,1,3252427
recNp,0.043478260869565216,70,68,TAACAAAACTGCAGTTCAAA,2,3216338
recNp,0.10144927536231885,74,68,GTGCATAAGCCCAGAATCGT,6,3245723
recNp,0.18840579710144928,80,68,GTGAAGAGTGCGAAATTCTA,12,3229836
recNp,0.08823529411764706,72,67,GCCTATTGGATCGGATAGTG,5,3220959
recNp,5.529411764705882,442,67,CTAGGTGTTTAACCTACCCA,375,3216361
recNp,0.208955223880597,79,66,GCGATATAATAGCTTCAGCC,13,3217171
recNp,8.712121212121213,639,65,TGTTTCGAACAACAGATACG,574,3243195
recNp,0.06060606060606061,68,65,TGCCTAATCGGTTCACAGGT,3,3223944
recNp,0.06060606060606061,68,65,TAAATGGCCAAACGTCACGA,3,3221629
recNp,0.06060606060606061,68,65,CTAGGAGTTACCACAGTACT,3,3217368
recNp,0.045454545454545456,67,65,CATAAGAGGAGCGAACACCA,2,3241577
recNp,0.1076923076923077,70,64,GTCCACGAGAATACATATGT,6,3233065
recNp,0.09230769230769231,69,64,GACGATTACGGTAACGGAAA,5,3225779
recNp,0.09375,68,63,TGAAGCAGTTGAGAGGGATG,5,3216924
recNp,0.046875,65,63,CTCGAAGACGGCGCGTCGGC,2,3218902
recNp,0.046875,65,63,CCGTATAGTACCCGTGCTTC,2,3219946
recNp,0.047619047619047616,64,62,CCAAGGACTCTCCACAGTCA,2,3225144
recNp,0.06451612903225806,64,61,CGGCATGACCCCATGTATCG,3,3240379
recNp,13.209677419354838,879,61,CAAAAGAGACATGGAATGCA,818,3237428
recNp,7.548387096774194,528,61,AATTCGGGTACATGCCGCGC,467,3245421
recNp,0.06557377049180328,63,60,GTACCGTGTACACCGCACGT,3,3240944
recNp,0.03278688524590164,61,60,ACTGTACTCTGGCCCCGAGA,1,3219544
recNp,0.16666666666666666,68,59,GCCTGAGCATCTCTGTCAAA,9,3222464
recNp,0.05084745762711865,60,58,CTCTGAGGTTGAAGCTTGCA,2,3218153
recNp,0.06779661016949153,61,58,CACTAGCAGGACTACCATTG,3,3226218
recNp,0.11864406779661017,64,58,ACAAACGATCGAGCGTGGAC,6,3238605
recNp,0.06896551724137931,60,57,GGTTCACCACACGCGGGGTC,3,3252797
recNp,0.10344827586206896,62,57,CTGCCGCCACGTCTCACTAG,5,3216548
recNp,0.034482758620689655,58,57,CTACGTCTCAAAAGGCTTAT,1,3244856
recNp,0.10344827586206896,62,57,CCGGCTGGTGCGTTAAAATG,5,3233423
recNp,0.034482758620689655,58,57,CCCTCTCCGTGCCCTGCCGA,1,3218646
recNp,0.13793103448275862,64,57,CATGGTAGTCGATGGTAGGA,7,3220072
recNp,0.1206896551724138,63,57,ATTCTTTCTGATTTCGTCAT,6,3225807
recNp,3.175438596491228,236,56,TTTCAAGACTTGTTTCAAAG,180,3217906
recNp,0.03508771929824561,57,56,CGGCTTTGAATTAAAGCAGT,1,3243288
recNp,0.05263157894736842,58,56,ATAATCCATGGCGTATCCGT,2,3223675
recNp,0.05357142857142857,57,55,CTCGAGAACTACGAAAGTAC,2,3224606
recNp,0.07142857142857142,58,55,CGTCACAACCTCTTCACAAT,3,3222735
recNp,0.125,61,55,CGACCTGGGGCGGATTTATA,6,3221797
recNp,0.03571428571428571,56,55,CACGGTTGCTTCACGGTTAT,1,3247057
recNp,0.05357142857142857,57,55,CACACGTACCCCTGGAACAA,2,3216851
recNp,0.18181818181818182,63,54,GTGTGAGCGCTTGCCTCAAT,9,3222936
recNp,12.127272727272727,720,54,GGTCTCATCGGCTCGAATCG,666,3223118
recNp,1.4259259259259258,129,53,TTTCCTGGTGCTCTGGGATA,76,3246822
recNp,0.07407407407407407,56,53,CAGCAATAGCGTTGCGATAG,3,3223459
recNp,0.037037037037037035,54,53,AGACACGATGCTAAAGATCC,1,3238670
recNp,0.1509433962264151,59,52,GTTGGGGCAGCTGCCTTTGC,7,3228018
recNp,0.18867924528301888,61,52,CAGCTCGGGAAGAGCTTGCA,9,3235797
recNp,0.03773584905660377,53,52,AGGAGTAGCCAGGGGATTGT,1,3227075
recNp,0.1320754716981132,58,52,AGAGTATGGCAGGTATATAA,6,3232449
recNp,0.038461538461538464,52,51,TTCGTAACACACTGCTAGTA,1,3221535
recNp,0.038461538461538464,52,51,GGCCGCGGTGTCCTGTTAGG,1,3244920
recNp,0.038461538461538464,52,51,GACCGCCTTTTCACCTCGTT,1,3225465
recNp,0.11538461538461539,56,51,GACAGGGACCATAACACGAT,5,3234819
recNp,0.1346153846153846,57,51,CTGGGGCTCGGATCCTTGTT,6,3217821
recNp,0.09615384615384616,55,51,CCTCGTGTGGCTGTTAATAT,4,3216874
recNp,0.11538461538461539,56,51,ATAAATTACCCAACATTAGC,5,3234750
recNp,0.038461538461538464,52,51,AGTTCCAGATTGTCCATGCT,1,3216984
recNp,0.0392156862745098,51,50,TTCACTGAGGGGTGATGCCT,1,3237619
recNp,16.705882352941178,901,50,CTCGAAAATAATATGCACAG,851,3220413
recNp,6.588235294117647,385,50,CTATCTGTATTTGTCTTTAA,335,3226163
recNp,4.098039215686274,258,50,CTACAGCCCTAAGTTTCGCT,208,3233552
recNp,0.0392156862745098,51,50,AGAGCCTATGGCGGTTCTCC,1,3240979
recNp,0.058823529411764705,52,50,AAGTCGCCGATTTACATCCT,2,3217524
recNp,0.08,52,49,TTAATGGCACTGAACATCAT,3,3241381
recNp,0.04,50,49,TGCAACCAAATTTACGAGCA,1,3223440
recNp,0.04,50,49,TCAGTGCGTGGTACCCGAGT,1,3249557
recNp,0.08,52,49,GCTTAGCCATAAGCAAGGTC,3,3222053
recNp,0.18,57,49,CTTTAGTGGCGGACCCAGAG,8,3222678
recNp,0.16,56,49,CACAACAACGGGTCCACATG,7,3239120
recNp,0.04,50,49,AATATCCTCCCGGGCACAAG,1,3220013
recNp,0.04081632653061224,49,48,GCACTTCTAAGAGTTCCCAA,1,3220536
recNp,0.04081632653061224,49,48,CGATATCAGCCCCTGCAGCC,1,3232382
recNp,0.061224489795918366,50,48,CAAACCCGTGATCAAATTAT,2,3227717
recNp,0.1836734693877551,56,48,ATGGAGGCCTGTGTAGTAAT,8,3247326
recNp,0.20833333333333334,56,47,TAAGACTTTCGGCTCCATTA,9,3220673
recNp,0.125,52,47,ACTTACGGGGCCGGTAGGGA,5,3226084
recNp,0.1276595744680851,51,46,TCAGGAGGTCTCCTAGCGCT,5,3220071
recNp,0.0425531914893617,47,46,GGGCTAGTCTGGCTCTAGTG,1,3221140
recNp,0.1276595744680851,51,46,GAAGCAAGTAGTATGTTAAG,5,3245379
recNp,0.2127659574468085,55,46,CGCTTATAATTAAAGGCGAT,9,3253133
recNp,0.0425531914893617,47,46,AGGTGGTGATCAGTGTGTAA,1,3223023
recNp,0.0425531914893617,47,46,AGGATTGTGTGGGCAATGCA,1,3230697
recNp,0.043478260869565216,46,45,TCCGGTTGTTGGCTACCTAA,1,3235083
recNp,0.043478260869565216,46,45,TATCATTGATAGTCCGGAAG,1,3228213
recNp,0.06521739130434782,47,45,GGACGCATTTGCCCAATTGG,2,3216626
recNp,0.08695652173913043,48,45,GACATATTGGCTGGATTTCA,3,3223624
recNp,0.043478260869565216,46,45,CTCCGGCGCCCCCTGTAATA,1,3255702
recNp,0.06521739130434782,47,45,CATGCCGCGAGGAACCATCA,2,3218575
recNp,0.06521739130434782,47,45,CAGCCAACCGGCTCGCAGGC,2,3220236
recNp,0.043478260869565216,46,45,ACCGCTATGAACTGCGTATC,1,3235875
recNp,0.1111111111111111,48,44,TGATATCTCCTGGCCGTTTT,4,3220268
recNp,0.1111111111111111,48,44,TCCGAGCTTCAAACATCACT,4,3247432
recNp,0.3111111111111111,57,44,GGGAAGCGGAGGGCGGGCCT,13,3217841
recNp,0.2222222222222222,53,44,GACACGTTTCGGGGGATGAG,9,3248342
recNp,0.044444444444444446,45,44,CGGGATTAGTTTAGACTATA,1,3227173
recNp,4.8,259,44,AGGTACTCTTTTAGAACGTT,215,3221522
recNp,0.24444444444444444,54,44,AGCCGACACAGGGCAATGTT,10,3223228
recNp,0.044444444444444446,45,44,ACAATAATCGAAGACCTAGC,1,3233580
recNp,0.11363636363636363,47,43,TCTTTTCACACCGGCCACAA,4,3247827
recNp,9.272727272727273,450,43,TACGGGCCTCATTGCATAGT,407,3228309
recNp,0.11363636363636363,47,43,GTTTAGAACTCTTGGCAAGC,4,3217515
recNp,0.25,53,43,GTAGCCGGGATCCGCGTAGT,10,3243916
recNp,9.340909090909092,453,43,CCATTTAGTCGTGGCTCCGT,410,3226285
recNp,0.045454545454545456,44,43,CAGAAAGAGTATATTTCACG,1,3230588
recNp,0.3409090909090909,57,43,AGTGCTTGTAGAAGTGCTAG,14,3241030
recNp,0.1590909090909091,49,43,ACAGATTACCTGACTTAGTA,6,3231638
recNp,0.046511627906976744,43,42,TTGTCTGGGTGCTACTGGGA,1,3217324
recNp,0.046511627906976744,43,42,TTCGAGCCCGCACTAGCAAG,1,3222909
recNp,0.06976744186046512,44,42,TCAAAGGCAGGATCCTGATA,2,3233532
recNp,0.20930232558139536,50,42,TAACAGGTACCGCCGTCTGA,8,3218218
recNp,0.20930232558139536,50,42,GGGCGAAGTTCCCAATCTAA,8,3220474
recNp,0.3488372093023256,56,42,GGGATTCCGAGTCAGCGGGA,14,3221232
recNp,0.09302325581395349,45,42,GCTTCATGCCAATAACGAGT,3,3224938
recNp,17.651162790697676,800,42,CAAGCTCGACTACGCTAAAA,758,3227557
recNp,0.06976744186046512,44,42,ATCCGGTGCAAGCGTGGTAG,2,3251001
recNp,0.27906976744186046,53,42,ATCCGGACGAAGACATTCTT,11,3233973
recNp,0.07142857142857142,43,41,TGGGTAAGACACGTTACGAT,2,3241615
recNp,0.09523809523809523,44,41,TGAGCGGGGGTTGGGAGGGT,3,3241572
recNp,0.3333333333333333,54,41,TGAAAGACCCATTTATCCGC,13,3216303
recNp,0.047619047619047616,42,41,TCTAATCATTTGGATTCCAA,1,3249577
recNp,0.047619047619047616,42,41,TCAATATCACGCGTGCCCTA,1,3229301
recNp,0.11904761904761904,45,41,GAAACATCACCCCGATTTTA,4,3219080
recNp,0.23809523809523808,50,41,CTAACGGCGCACTATGGCCT,9,3249888
recNp,0.09523809523809523,44,41,CCTCCAGGGGAGCATGGTTT,3,3216550
recNp,0.19047619047619047,48,41,CAGGAGATCCTCCGGCAATT,7,3248131
recNp,0.11904761904761904,45,41,ATGGCCCCGTGGATGCATGA,4,3224893
recNp,0.14285714285714285,46,41,ACATATTCAAGTCCTAACGT,5,3224251
recNp,0.047619047619047616,42,41,ACAGCATAGTCATGGATTGG,1,3238519
recNp,0.04878048780487805,41,40,TTCAGTAGGGGTCCATCGAC,1,3230741
recNp,0.0975609756097561,43,40,TCCACACCTAATGGTCAACG,3,3237568
recNp,0.0975609756097561,43,40,GTTTAGATTGCCATATATTA,3,3247192
recNp,0.04878048780487805,41,40,GTTCTTGAAAGCATTAATGA,1,3220849
recNp,0.1951219512195122,47,40,GTCAGTGGCCAGGATGTACT,7,3232415
recNp,0.14634146341463414,45,40,CTTGAATCTGTCGGCGCTCC,5,3234429
recNp,0.07317073170731707,42,40,CTATACCTCAATAGTGCCAA,2,3221536
recNp,0.07317073170731707,42,40,CGTGACTGCTTAGGACTATA,2,3248406
recNp,0.12195121951219512,44,40,CGACCATGGTGCTTGTGCGA,4,3243559
recNp,0.4878048780487805,59,40,CCCTGGATACGTTGAGTTCG,19,3221067
recNp,0.04878048780487805,41,40,CAGTATGGCTGTCCGCGACA,1,3244303
recNp,9.829268292682928,442,40,ATGGCAGAGCCACAGAGATC,402,3247415
recNp,0.04878048780487805,41,40,ATATAACCTTCGGTGACGAA,1,3216180
recNp,0.1951219512195122,47,40,ACCGCGGCAGACGACCGCTC,7,3232453
recNp,0.04878048780487805,41,40,ACACCATCACTGCGGGGGCG,1,3247304
recNp,0.21951219512195122,48,40,AACGATATAGCGTTCCGAAA,8,3225530
recNp,0.05,40,39,TGTTTATGTAGAGGTGAAGT,1,3223188
recNp,0.05,40,39,TCGTTGCGTCCTTCTAGACA,1,3245593
recNp,0.175,45,39,GGTCTACAAGTGGGATCCGA,6,3244729
recNp,16.25,688,39,GGGGGGACCTCCTCACTTGC,649,3236934
recNp,0.075,41,39,CGGAGGTATAGCGGCTACAC,2,3248524
recNp,0.075,41,39,CGAAGTGGCATGGGCGCTTT,2,3249434
recNp,0.225,47,39,CCGTCACTGTTTGTCGTATG,8,3229235
recNp,0.05,40,39,CCCGATATTCTATTCAGATA,1,3229359
recNp,18.3,770,39,CATCTAGCGCCGGCCAACGG,731,3229127
recNp,0.1,42,39,CACATATTCAGTCGCACTCA,3,3254475
recNp,0.125,43,39,AGGGCGACCCCCGAAAACTT,4,3236184
recNp,10.153846153846153,433,38,TAGGGCGGTCTCAATTAGTC,395,3225481
recNp,0.05128205128205128,39,38,TACTACACTGCTTATAAGAC,1,3240412
recNp,0.15384615384615385,43,38,GTTACAGCCCGAGGACGATC,5,3229302
recNp,0.10256410256410256,41,38,GGCAGCACATGATCCAGCGC,3,3217269
recNp,0.05128205128205128,39,38,CTGGCGATGGTTGATTTAAG,1,3238258
recNp,0.10256410256410256,41,38,CCGACTTCACATGAAGGAAC,3,3235313
recNp,0.05128205128205128,39,38,CAATTCCAACGGGCGGCATA,1,3223618
recNp,0.1794871794871795,44,38,ATATTCCATATTAGGGTCCA,6,3247979
recNp,0.10256410256410256,41,38,AGTATAGATCCGAAGTCCTT,3,3217447
recNp,0.3076923076923077,49,38,ACGCTCAGCACATTGATCTG,11,3231598
recNp,0.05263157894736842,38,37,TTTATTGGCACCACTCGTAG,1,3233342
recNp,0.15789473684210525,42,37,TCTTCTGTGTGCTTTAGGAA,5,3219612
recNp,0.10526315789473684,40,37,GGTGATGATGAATAGGTGGT,3,3217469
recNp,0.05263157894736842,38,37,GGGTCAAGGGTAACTGGTGT,1,3239047
recNp,0.07894736842105263,39,37,GGAATTCCAATGCGATTTAT,2,3243661
recNp,0.21052631578947367,44,37,GCTTTACTATCGAATGTAGA,7,3220724
recNp,0.05263157894736842,38,37,CTGTTGATGTTGTACCTAGA,1,3242177
recNp,0.05263157894736842,38,37,CCCTGCCTCCGAATCCCTTT,1,3223943
recNp,0.05263157894736842,38,37,CCACTTGTTATGGAGCCGGA,1,3217446
recNp,17.710526315789473,709,37,CAGTTTGAAGATAGGACTTT,672,3249772
recNp,0.05263157894736842,38,37,ATTAGTAGGGCGGGAAATAT,1,3226561
recNp,0.05263157894736842,38,37,AGGTCTGGGTATCTTCCCAC,1,3221105
recNp,0.2631578947368421,46,37,AATACGTAGGTAGTTTCTCA,9,3228648
recNp,0.05405405405405406,37,36,TTTTCGGTTGTAGCACATTA,1,3218904
recNp,0.1891891891891892,42,36,TTATCTTATCCATTGATGGC,6,3216785
recNp,0.8648648648648649,67,36,TCTTGTATGGCACGGAAACG,31,3241157
recNp,0.08108108108108109,38,36,TATCCGAGCATGGGCGTAGC,2,3226272
recNp,0.13513513513513514,40,36,TAGATAAGTGAATAATCGAG,4,3229233
recNp,0.1891891891891892,42,36,TACTTAAGGCTCTTCGTCTG,6,3247484
recNp,0.05405405405405406,37,36,GTCACCCTGCATAACGGAGT,1,3244125
recNp,0.1891891891891892,42,36,GCTAACCACGTCTTTACAAC,6,3249966
recNp,0.08108108108108109,38,36,GCAATTGGTGGGTTCCGGAG,2,3240450
recNp,0.05405405405405406,37,36,GACGGTGTTGAGTTCGGATC,1,3236361
recNp,0.1891891891891892,42,36,CTGCGCATGCTACGCTGGTC,6,3237964
recNp,4.378378378378378,197,36,CTCGTGGGTCCGCGCTCTTA,161,3231281
recNp,0.08108108108108109,38,36,CCCAAGGTATGTAACCAAGA,2,3243620
recNp,0.10810810810810811,39,36,CAAGGAAGCAATAGTAAATG,3,3230758
recNp,0.2702702702702703,45,36,ACGTTACCTGATAGCTGGGT,9,3251559
recNp,0.16666666666666666,40,35,TGGCACCATCCTCGCGCAAA,5,3221921
recNp,0.1111111111111111,38,35,TGCGTAGGTCCGGTTCCGTC,3,3228310
recNp,0.05555555555555555,36,35,TGAACACCGTTATCTCTGGT,1,3238701
recNp,0.08333333333333333,37,35,GGTTTGTCCTCGAGATGCTA,2,3252995
recNp,25.72222222222222,960,35,GCATGAGTGGGTTTCGCATG,925,3228542
recNp,0.1388888888888889,39,35,CTTAGAACGGGCACTGGGTG,4,3247622
recNp,0.05555555555555555,36,35,ATTGTCCATGTACGGGGATC,1,3223283
recNp,0.08333333333333333,37,35,AGGGATGTTCTTAGCCTCCG,2,3238995
recNp,0.05555555555555555,36,35,AGCTCGAGTTTCGCATTTGA,1,3223207
recNp,0.6944444444444444,59,35,AAGGATTATTAGTATAATAG,24,3217541
recNp,0.08333333333333333,37,35,AACGCGGGTAGACCGGAGGT,2,3235792
recNp,18.22222222222222,690,35,AAATTCCTATGAGCAGGATG,655,3220151
recNp,0.17142857142857143,39,34,TGGTTCGTGATATACCGCGT,5,3249877
recNp,0.05714285714285714,35,34,TGGCTCAGGTATCTCGTCGT,1,3219914
recNp,23.34285714285714,850,34,TGATCATGGGAACAACTTTA,816,3250308
recNp,0.08571428571428572,36,34,TGAAACGCACCCCAATGCTG,2,3246558
recNp,0.08571428571428572,36,34,TCTTTCTCACGTGGCCGCTC,2,3218447
recNp,0.11428571428571428,37,34,TCTTGTGACAACCTCCCTTA,3,3223435
recNp,0.11428571428571428,37,34,TAGCAACGGTATGAGTCTTC,3,3228678
recNp,0.11428571428571428,37,34,TACGTTAGTCGCTTCGTGCA,3,3233864
recNp,0.05714285714285714,35,34,GTGCGCGTTGTCTGATACTT,1,3217115
recNp,0.11428571428571428,37,34,GTCTAAGGCACTGCTGTTTT,3,3239672
recNp,0.05714285714285714,35,34,GTCGGGGTAGAACCGTATGA,1,3239555
recNp,0.08571428571428572,36,34,GTCGGGACATGATCGAATGA,2,3237173
recNp,0.11428571428571428,37,34,GCGTGCAATGGGCAACTTGG,3,3217611
recNp,0.11428571428571428,37,34,GCGGGCGGCGGCCGTATGAG,3,3229714
recNp,0.11428571428571428,37,34,GACGTTATGAGCTGTAGCGG,3,3234992
recNp,0.14285714285714285,38,34,GAACGATTCTCTGATCGGGG,4,3219510
recNp,0.14285714285714285,38,34,CTTTGTAAGATCTCTGTATA,4,3247952
recNp,0.11428571428571428,37,34,CTCGTGCCCCGCACCATACT,3,3235120
recNp,0.08571428571428572,36,34,CTCCCATGACGGGTGCATGT,2,3236141
recNp,9.628571428571428,370,34,CTCCACTTCCCCGATTTAGG,336,3230862
recNp,0.05714285714285714,35,34,CGATAGGTTATAAAAAAATC,1,3228817
recNp,0.2,40,34,CCTGTACACAGGCTAATTAC,6,3241233
recNp,0.14285714285714285,38,34,CCCTCGGTGAACATCAAAAT,4,3244070
recNp,0.05714285714285714,35,34,CCCGGGGGGGCTCCCCGGAA,1,3228272
recNp,0.05714285714285714,35,34,CCAGGTACAGACATAAATGG,1,3241789
recNp,0.37142857142857144,46,34,CAAAACAATCTGGTAATAGT,12,3221326
recNp,0.08571428571428572,36,34,ATTGCCTGCTCTACTTTTAC,2,3237274
recNp,0.11428571428571428,37,34,ATTAAGACGCCGGAATTCGA,3,3253194
recNp,0.05714285714285714,35,34,ATACAAGGTGTCCACTGATA,1,3226563
recNp,0.11428571428571428,37,34,ACTTAGACCTCCTTTATCTA,3,3237495
recNp,0.2,40,34,ACGATATGTCAGTGCGACAT,6,3221190
recNp,0.11428571428571428,37,34,ACAGTCAGTCTTACGTTAAA,3,3221944
recNp,0.3235294117647059,43,33,TTGGAACGCGACTGCCGGAC,10,3220109
recNp,0.38235294117647056,45,33,TCCACACGATGGAAAGACGA,12,3223676
recNp,0.35294117647058826,44,33,GGCAATAGCCATGAAATTTG,11,3233130
recNp,0.38235294117647056,45,33,GCGACATCATAGGTACGGTT,12,3239526
recNp,0.23529411764705882,40,33,CTTGGCAGCTTTAAGCCAGT,7,3218903
recNp,0.3235294117647059,43,33,CTGGAGGCTTGAGCGTGAGG,10,3255541
recNp,0.5,49,33,CTCAAAGTCTTATGGGTCCT,16,3246889
recNp,0.20588235294117646,39,33,CGAATGTAGTTGCAATCTGT,6,3238809
recNp,0.14705882352941177,37,33,CCCCATCTGCTACTACTTCT,4,3233583
recNp,0.14705882352941177,37,33,CCAACGTGGCGTATCCCAAT,4,3218713
recNp,0.17647058823529413,38,33,CATTGTTAGCTCGGAATCAC,5,3236763
recNp,5.9411764705882355,234,33,CACCTGCTCGACAGAATTAT,201,3226805
recNp,29.91176470588235,1049,33,ATCTTCCAATTCGATTAGAT,1016,3220036
recNp,0.058823529411764705,34,33,AGATTTTGGTTCCAGGGACC,1,3242889
recNp,0.058823529411764705,34,33,ACATTCTACACGCCGTGTCT,1,3230164
recNp,0.17647058823529413,38,33,AATTCCGCATAATCGTCGGT,5,3224442
recNp,0.058823529411764705,34,33,AACAAGGTAGAGTCTAGCTC,1,3244588
recNp,0.09090909090909091,34,32,TCGAACTATTGCGTCTTATG,2,3252265
recNp,0.09090909090909091,34,32,TCAATGCTACGGTGAGCGTG,2,3243729
recNp,0.2727272727272727,40,32,GGCTCAGGCAATTGGCATAG,8,3219636
recNp,0.30303030303030304,41,32,GGATCTAAGATTGCTGTCTG,9,3217878
recNp,0.06060606060606061,33,32,GCCTATACGACAGGCGTAGT,1,3225065
recNp,0.21212121212121213,38,32,GCAGGCTCCTGCTAGCTATG,6,3234554
recNp,0.09090909090909091,34,32,GAGAGACTGTTATTCTCGCG,2,3232439
recNp,0.6060606060606061,51,32,GACTTCAGCGGAGAAGACCA,19,3233674
recNp,0.21212121212121213,38,32,CTCACCATCCGTACTATTGA,6,3253021
recNp,0.2727272727272727,40,32,CCGGGTTATTCTCCTAGCGG,8,3222954
recNp,0.09090909090909091,34,32,CAGAAACCACACGTTAATCG,2,3222883
recNp,0.2727272727272727,40,32,AGTCAAGATTTTGCCCCGTA,8,3234672
recNp,0.21212121212121213,38,32,AGTACATGGAAGCTTTCTTA,6,3234144
recNp,0.06060606060606061,33,32,AGGCTTTCGAGGTATATAAG,1,3226408
recNp,0.15625,35,31,TTCTACAACGTGATTTGATG,4,3226469
recNp,0.25,38,31,TTCAGTTGCACGGTAGAATC,7,3240767
recNp,0.125,34,31,TGACTAGAGCTTGAGCCCTC,3,3217561
recNp,0.0625,32,31,TGAACCAGGGGCCTTAAGAC,1,3241350
recNp,0.25,38,31,TCTCGGAAGGCGGTCCTTGT,7,3224980
recNp,0.09375,33,31,TACGTTTGGGGGATCCCATT,2,3249791
recNp,0.1875,36,31,TAACTGGGTTGGGCTGCAAT,5,3219475
recNp,0.0625,32,31,TAAAACGGAACAAAGGATGA,1,3250999
recNp,0.0625,32,31,GTACAGTAGGTCACGTTCAC,1,3233187
recNp,0.0625,32,31,GATAAGCGAGCAATATTCAA,1,3237430
recNp,25.21875,837,31,GAACTTCGGTAGGGGGTGCT,806,3228914
recNp,0.71875,53,31,GAAAAGTCGGGACAGCTCCA,22,3216179
recNp,0.125,34,31,CTTCTATTGCGAAGGCAATA,3,3235703
recNp,0.0625,32,31,CTCCTGTCTCTGTATTGATT,1,3222344
recNp,0.40625,43,31,CTATGGCTCATAGGTTTTCA,12,3221490
recNp,0.125,34,31,CGGCTTAAGACTTTAATCCC,3,3216578
recNp,0.1875,36,31,CGCGGGAGTGCTGTTCCTAC,5,3219233
recNp,0.40625,43,31,ATGGGGGTCACAGGCGGCCT,12,3246615
recNp,0.1875,36,31,AGCCAGCGGGAGAAGCAGAT,5,3235959
recNp,0.25,38,31,AGCATCTCTGTTTACGGGAA,7,3221200
recNp,1.53125,79,31,AGAAAGGGGTATGAGAACAA,48,3226626
recNp,0.34375,41,31,ACATATCGGCCACATTACAG,10,3243805
recNp,0.0625,32,31,AAAAATAATGTATTTACCAG,1,3240213
recNp,0.12903225806451613,33,30,TGAGAAGGCGTGATCGTAGA,3,3218573
recNp,0.0967741935483871,32,30,TCTCTTTCTATACTTTAAGA,2,3230463
recNp,0.06451612903225806,31,30,TCGGTTATGTAGGTCATTAT,1,3243724
recNp,28.258064516129032,905,30,TAGAAGAGGAATAGGGTTAC,875,3227676
recNp,0.3225806451612903,39,30,TAAGTGGCACATTCCGTCAC,9,3244013
recNp,12.161290322580646,406,30,GGTGAGCGTAAGTCCGGGGG,376,3226833
recNp,0.1935483870967742,35,30,GGGGTACGTAAAAGCTGCTG,5,3237115
recNp,0.0967741935483871,32,30,GGGCAGACAATAGCAAATCT,2,3253510
recNp,32.74193548387097,1044,30,GAGGCGTCCATTTATAAATT,1014,3246451
recNp,0.06451612903225806,31,30,GAGCAGGTGGTATTATCGTG,1,3237024
recNp,22.612903225806452,730,30,CGTTCAACGGAGTCCTGTGA,700,3242380
recNp,0.06451612903225806,31,30,CGCACCGAAGGAGTTACAAA,1,3226181
recNp,0.0967741935483871,32,30,CGACCCAAACTCGCGTTCTT,2,3241419
recNp,0.1935483870967742,35,30,CCCTGGGATAGGAAAGCATA,5,3242178
recNp,0.7419354838709677,52,30,CAGGCACGGCTTGGCACCGT,22,3220919
recNp,29.096774193548388,931,30,CACGGGAAGCTATGTTAGGC,901,3218252
recNp,0.3870967741935484,41,30,ATATTTGAAGGGCATCGTTG,11,3240647
recNp,0.2,34,29,TTTTGCACGGTGCCACATCA,5,3249722
recNp,0.1,31,29,TTCAAGATGGCCATCTACGC,2,3251163
recNp,20.666666666666668,648,29,TCCCGGTGAGATGCTAAGGG,619,3222269
recNp,0.26666666666666666,36,29,TACGATGGAGCTTTTCAAGT,7,3243563
recNp,0.5666666666666667,45,29,TAAATCTGGGGTAATGGTTC,16,3228960
recNp,0.1,31,29,GTCAAACGTGGCGCGTAGCA,2,3244256
recNp,0.06666666666666667,30,29,GTACCCTTATATTACAAGAT,1,3226086
recNp,0.16666666666666666,33,29,GCGTGGTAACTACTAGATGG,4,3235866
recNp,0.16666666666666666,33,29,CTTTCAGCAGCACCTACTTT,4,3253785
recNp,0.23333333333333334,35,29,CGCGTGATGCTTTTGATTCC,6,3238865
recNp,0.1,31,29,CCACTCCAGCAGAGTCAACT,2,3252855
recNp,0.26666666666666666,36,29,CAGTTACGCCATTTTTGAGG,7,3221271
recNp,34.93333333333333,1076,29,ATGTCATGACTCGTCAGGCA,1047,3232162
recNp,0.16666666666666666,33,29,ATAGCCCCGAGGACCTCCAA,4,3222065
recNp,0.5666666666666667,45,29,AGTGGGTGGCCACGTCGGTG,16,3223030
recNp,0.16666666666666666,33,29,AGGTCCAGGTGCGCCGCTGC,4,3234762
recNp,0.06666666666666667,30,29,AGCCCCGTCCTTCTGGTGTC,1,3225315
recNp,0.13333333333333333,32,29,AGCATTCGCCCAGTGGCAGG,3,3251810
recNp,0.06666666666666667,30,29,ACGAGATCGTTAGCGACTAA,1,3234334
recNp,0.06896551724137931,29,28,TTGCCGGGTTTACGCCTCAC,1,3229000
recNp,0.10344827586206896,30,28,TTCTGCATACTTCCGAAGGG,2,3224983
recNp,0.10344827586206896,30,28,TTATTGATAAACCCATCCGC,2,3229615
recNp,1.4137931034482758,68,28,TGGGGAGCTACCACTCCTTA,40,3217127
recNp,0.27586206896551724,35,28,TCAATCAATTCGGGCGCCTA,7,3228551
recNp,0.20689655172413793,33,28,TAAGCAATCCTTCGTGTGAT,5,3228286
recNp,0.06896551724137931,29,28,GTGCTCCTCTGGTCTGTTAG,1,3222930
recNp,0.41379310344827586,39,28,GTGACTAAAATTTACGATTA,11,3244614
recNp,0.10344827586206896,30,28,GCCTTTCGGAATGTAACCGA,2,3230018
recNp,0.10344827586206896,30,28,GCACAAAGCAACGGGTTAGT,2,3247099
recNp,9.137931034482758,292,28,GAGAGCACCCGCGTGGTTCT,264,3225554
recNp,0.4827586206896552,41,28,CTCAAAGACTAGGATTCGAT,13,3228412
recNp,0.06896551724137931,29,28,CTAGAGTTACGAAACAGATA,1,3227464
recNp,0.06896551724137931,29,28,CGTTTAGCTTATTAATCTAA,1,3237174
recNp,0.20689655172413793,33,28,CGGAACAGTCTTCACATATA,5,3221864
recNp,0.10344827586206896,30,28,CCGACGTGTTGGACTGCGGA,2,3237644
recNp,0.10344827586206896,30,28,CCCGTTGTTTCCGATTTGCG,2,3222913
recNp,0.06896551724137931,29,28,CATGCTACTTTAGTCTCTTG,1,3228747
recNp,0.10344827586206896,30,28,ATCAGCCCGGGCTACAGCTT,2,3221949
recNp,0.13793103448275862,31,28,AGGGTGGGCCGGCGAGTATG,3,3228042
recNp,0.10344827586206896,30,28,AGGGAGTAATTTACTGTCTT,2,3248625
recNp,0.10344827586206896,30,28,AGAGTTAGTCGATGCTTGCA,2,3234153
recNp,0.10344827586206896,30,28,ACCGCGGTATGAAGGCTGGC,2,3243243
recNp,0.06896551724137931,29,28,ACCAGAGGGTGTCGGCCAAA,1,3231486
recNp,32.642857142857146,940,27,TTTCTACTCTAAGTGTATCA,913,3253647
recNp,0.39285714285714285,37,27,TTGCTCCGCGCGCATTCGTT,10,3233171
recNp,0.10714285714285714,29,27,TTCCTGGAGATCGTTCAGTA,2,3228744
recNp,0.2857142857142857,34,27,TGGTTAGTTTAATCGTAGGG,7,3233975
recNp,0.07142857142857142,28,27,TGGGACGCGTTCATTTCACC,1,3244127
recNp,0.10714285714285714,29,27,TGATCTCGGGGCTGTTATTT,2,3253290
recNp,0.21428571428571427,32,27,TCGAAGGCACTTGTCCATGG,5,3246111
recNp,0.35714285714285715,36,27,TAAGGTGGATTGGCGTCTTA,9,3224623
recNp,0.39285714285714285,37,27,GTCGGGGTTGGGAAAGCACT,10,3238720
recNp,0.2857142857142857,34,27,GTCACCACACAGGGCCAATG,7,3220748
recNp,0.6071428571428571,43,27,GGTGCATGCCGGCAGGTTCG,16,3227420
recNp,0.39285714285714285,37,27,GGGGTAAGTGAACTAGCCGA,10,3218272
recNp,0.07142857142857142,28,27,GGGAAAGGCACAACCTCTGT,1,3219040
recNp,0.21428571428571427,32,27,GCGGAGAACGGTCAATAAAT,5,3231730
recNp,0.10714285714285714,29,27,GCCAATCGACCGCTTCTTAA,2,3218843
recNp,0.25,33,27,GACCTATAGCTTTCGTACAC,6,3248845
recNp,11.571428571428571,350,27,CTTGCAGCTTCCGGGAGCAT,323,3223373
recNp,0.17857142857142858,31,27,CTTAGTGTAGTTAACCAATA,4,3225533
recNp,0.07142857142857142,28,27,CTGCCATCAGCAACGCTTAG,1,3229553
recNp,0.25,33,27,CGGTTCGAACACAGGATATC,6,3239641
recNp,0.07142857142857142,28,27,CGGCGTTTCTCAAACAGGCA,1,3223167
recNp,0.07142857142857142,28,27,CGGATACGCTCTCTCGACAA,1,3216757
recNp,0.5357142857142857,41,27,CGGACTGACGCTGTAAATAC,14,3228401
recNp,0.10714285714285714,29,27,CCGCATACCGATACGCATTA,2,3223413
recNp,0.07142857142857142,28,27,CCCTCTCTGTCCTGCAGACG,1,3223588
recNp,0.07142857142857142,28,27,CAGATAAAGGCGGTCAGAAA,1,3238810
recNp,0.21428571428571427,32,27,CACCATGCACTGACCTTCTT,5,3226252
recNp,0.25,33,27,CACATCCGGCCAAGTTGAAC,6,3251584
recNp,0.07142857142857142,28,27,CAATTTGGCGCAACGGGTAT,1,3249814
recNp,0.14285714285714285,30,27,ATCAGATGCACGGGGCAAAT,3,3222858
recNp,0.07142857142857142,28,27,AGTACAGTGTGAGAAAGTGA,1,3233495
recNp,0.07142857142857142,28,27,ACTCAATCTCGAGCTGGGTT,1,3247894
recNp,0.07142857142857142,28,27,ACGCCTAGGGATCGGCGGGA,1,3231527
recNp,0.07142857142857142,28,27,AAGCCGTGGTCAGGGGGAAG,1,3248892
recNp,19.142857142857142,562,27,AAGAACTAAATGTATGCAAC,535,3238389
recNp,0.07142857142857142,28,27,AACGTCTAACCTATCATGAG,1,3246532
recNp,0.07142857142857142,28,27,AACGACTGACTCTTGGCGCT,1,3232824
recNp,0.07142857142857142,28,27,AAAGGTCCGAGAACCTCACA,1,3222349
recNp,0.18518518518518517,30,26,TTCGGTCTCGAATAAAATTA,4,3225510
recNp,0.7407407407407407,45,26,TGTAACTGAGGTAGATCTGC,19,3249467
recNp,0.2962962962962963,33,26,TGGGCCTATGAAGAGCGCAT,7,3238632
recNp,0.07407407407407407,27,26,TCGATCGCAATATATTGGCT,1,3222089
recNp,0.07407407407407407,27,26,TCCAATTAATACCTCTTTAA,1,3228788
recNp,32.03703703703704,890,26,TATAAAGCGTGCGGCACCTA,864,3243774
recNp,0.2222222222222222,31,26,TAACGATCCCCAACAGGACC,5,3237643
recNp,0.25925925925925924,32,26,GATCGGGTTCGCTAGGTTCA,6,3232715
recNp,0.37037037037037035,35,26,GACTAACGGTCAATCTCCTG,9,3220511
recNp,0.07407407407407407,27,26,CTGCATATGAGGGAAAAGCT,1,3241424
recNp,0.07407407407407407,27,26,CGTCGCATGTTGATCTTGAG,1,3220440
recNp,0.1111111111111111,28,26,CGACGGTTCCGTAGCATTAT,2,3239012
recNp,0.25925925925925924,32,26,CCGCAACGAAAGCAGTTCGG,6,3218867
recNp,0.1111111111111111,28,26,CATTTCTTCTGTTTATCCGA,2,3226880
recNp,0.07407407407407407,27,26,ATTGTTACACACGACGATGA,1,3237529
recNp,6.333333333333333,196,26,ATGGAAGAACCTAATTATTC,170,3220922
recNp,0.1111111111111111,28,26,ATAGGCTAGGCTATCGTTGT,2,3247587
recNp,10.0,295,26,AGTCGATTAAGCATTGTTTC,269,3218663
recNp,0.1111111111111111,28,26,AGCTCCTCAATTTTTGATCA,2,3218131
recNp,10.74074074074074,315,26,ACCTGGATCATCGCGGCTCC,289,3238522
recNp,0.14814814814814814,29,26,ACAGTGGGTCTAGTCCGTAA,3,3235702
recNp,0.1111111111111111,28,26,AATTGGGAGATCCCATGGTT,2,3236811
recNp,0.5925925925925926,41,26,AATACGTGTCTATGCGCCCC,15,3223375
recNp,0.14814814814814814,29,26,AAGTTTTTAGACGCAAGAGC,3,3245742
recNp,0.4074074074074074,36,26,AAACTGCATGGCCCTAGGCA,10,3251924
recNp,0.07692307692307693,26,25,TTCTACCTGGGATAACTCCT,1,3219802
recNp,0.15384615384615385,28,25,TCGGACGAAGTAACCGTTGA,3,3224792
recNp,0.07692307692307693,26,25,TCGCAGGATGCTGGCTACTT,1,3231068
recNp,0.5769230769230769,39,25,TCCTCTACGGGCGTCGCTGC,14,3254989
recNp,17.192307692307693,471,25,TCACGCGGAGCGAGACTGTC,446,3216551
recNp,0.38461538461538464,34,25,TATCATACTCGGTACTACTA,9,3217849
recNp,0.11538461538461539,27,25,TAGGTCGGTACGTCTGACGC,2,3232450
recNp,0.8846153846153846,47,25,TACTTTTGAGACGGGTAAAG,22,3253858
recNp,36.73076923076923,979,25,TAAGTATGTTCATTGGATGT,954,3227949
recNp,0.15384615384615385,28,25,GTGGCGCTTCTCGTCTACCA,3,3254343
recNp,0.11538461538461539,27,25,GTACGAGGTTTGACGTTTCC,2,3224477
recNp,0.23076923076923078,30,25,GGTGTTCTCGGCAAGGTTCA,5,3235674
recNp,0.19230769230769232,29,25,GGTCCTTCGATAGACCTAAC,4,3229276
recNp,0.15384615384615385,28,25,GCTGTGATACTCGAGGGAGC,3,3216549
recNp,0.07692307692307693,26,25,GCTAGTTGCTGTATCGGCAT,1,3227179
recNp,0.07692307692307693,26,25,GCAGTGGTCGTGCTCCGGCT,1,3231531
recNp,0.23076923076923078,30,25,GCAGGGGGCCGTCATCGACT,5,3237705
recNp,0.07692307692307693,26,25,GAGTGGAGAGCACGCAGCAT,1,3219036
recNp,0.07692307692307693,26,25,CTCAGTCTCCTTCAATAGAT,1,3236468
recNp,0.15384615384615385,28,25,CGTCCGACTGACCCACTACT,3,3230524
recNp,0.5769230769230769,39,25,CCAGTCGCCCTTTTGTTTCT,14,3246647
recNp,0.07692307692307693,26,25,ATGTGCTCAGCCTATCGCAT,1,3240585
recNp,0.5,37,25,ATCATGGAACCGTTACAAAT,12,3243772
recNp,0.07692307692307693,26,25,ACGCAGCTGGTTCGGAAAGA,1,3248063
recNp,0.23076923076923078,30,25,AATGCACGCTGTTATTGATT,5,3240915
recNp,0.07692307692307693,26,25,AAGTTATTTCCGGGTCGCCT,1,3221377
recNp,0.2692307692307692,31,25,AAGTGAACCCTCTGGGGTAT,6,3228915
recNp,0.12,26,24,TGTAGACGGTGCAATCCGTT,2,3254908
recNp,0.12,26,24,TCTGGTTTGGTGCACTAGAA,2,3217544
recNp,0.2,28,24,TAGGCTCACTCCACGTTTGG,4,3244877
recNp,0.08,25,24,TAGACGGCACTGTCTGTCTT,1,3243316
recNp,0.4,33,24,TAAAGTCCCTGCTGAGTATG,9,3230146
recNp,0.12,26,24,GTGCACTTTGGACCAACTAT,2,3245201
recNp,0.12,26,24,GGCCACTGGGCAAGGCTCAA,2,3229709
recNp,16.88,445,24,GGAGCGGTAAATGTGTAGAT,421,3220410
recNp,0.08,25,24,GGACCTATGATGCAAGGGCG,1,3232294
recNp,0.16,27,24,GCGCGCAATGAACACAGCGA,3,3221452
recNp,0.12,26,24,GCACGGTCCCATGATCGGGT,2,3238242
recNp,0.44,34,24,GAGGGATCCTGCTGTTGCAT,10,3221332
recNp,72.64,1839,24,GAAGCAGAAGCATTGGCGTT,1815,3252005
recNp,0.48,35,24,GAACCTGGGCAAAGCTAGTA,11,3225190
recNp,0.08,25,24,CTTTGTCTTAGTACTTGGTA,1,3233141
recNp,0.08,25,24,CTTTGGGCTGCTGGCACGGT,1,3227182
recNp,0.24,29,24,CTTGCGAAGGAGACTCAAAT,5,3238208
recNp,0.08,25,24,CTGGGGGACAGAGAACGTAA,1,3235438
recNp,0.36,32,24,CGGTGATATAGCAGTGGCTA,8,3244986
recNp,0.08,25,24,CGCGTGCAAATGAGCGGGAA,1,3219469
recNp,0.08,25,24,CCTGCTAGATGCCAGGTCAG,1,3233752
recNp,23.56,612,24,CCGTGCGGTCTTGCAAATAT,588,3223804
recNp,0.2,28,24,CCGGGCAGCATTGAACATTT,4,3225189
recNp,19.76,517,24,CCGCCCTACAGCTTTTCTAA,493,3223619
recNp,0.16,27,24,CCCCGGCGCAGTCTGACCAA,3,3221038
recNp,16.08,425,24,CAAGTTCAAATAACTACGGA,401,3225775
recNp,15.84,419,24,ATTCGTCGCTACGCAGAGCT,395,3226944
recNp,0.4,33,24,ACGGTTCTTAGCGCGATCCG,9,3253856
recNp,0.72,41,24,AATCAAGCTCGGCAGTGCGA,17,3239534
recNp,0.24,29,24,AACCATGCGCCGACATACGG,5,3222199
recNp,0.125,25,23,TTACCCTTTGGCTGTTTGAG,2,3239620
recNp,0.08333333333333333,24,23,TGTGACCGCAAGCTAAATCT,1,3254856
recNp,0.25,28,23,TGGGGCCAGCGCATCCGGTT,5,3232032
recNp,0.08333333333333333,24,23,TCCCTCAAAGAAATCCAGGT,1,3230912
recNp,0.125,25,23,TAGACTTTCTGTGAAGTCGG,2,3219428
recNp,0.08333333333333333,24,23,GTGTCCTCAGGTGTAATACT,1,3225219
recNp,0.08333333333333333,24,23,GGGGTCAGCCCAGCACTCAT,1,3218677
recNp,0.125,25,23,GGGCCGCAGGGCGGTCTCCT,2,3230464
recNp,0.08333333333333333,24,23,GGCCGTTTATGCTCTTTTGG,1,3219430
recNp,27.458333333333332,681,23,GGCCGCATAGTACGGAGGAC,658,3223626
recNp,0.125,25,23,GCCCTCGCGAGGCAGGCCTA,2,3254574
recNp,10.166666666666666,266,23,GCACATTAAAGACTTTAGAT,243,3220108
recNp,0.08333333333333333,24,23,GATAAAGCGTGCCCAATGCA,1,3247742
recNp,0.08333333333333333,24,23,GAGGTGCGTTAATGCCCGTT,1,3222445
recNp,0.08333333333333333,24,23,GAGAGACGCATGACTGACGG,1,3231380
recNp,0.20833333333333334,27,23,CTCACTGTACGACTGTAGCA,4,3237359
recNp,0.125,25,23,CTCACGCTGATTATCAATTG,2,3246524
recNp,13.375,343,23,CCTTGAATGATCGTCGCCAT,320,3247676
recNp,0.3333333333333333,30,23,CCGATACACCAGGTTTTGGA,7,3247586
recNp,0.20833333333333334,27,23,CCAATTGTATTTCTGAGCGC,4,3238731
recNp,0.20833333333333334,27,23,CATGGGGTATTATGGATGAT,4,3231687
recNp,0.25,28,23,CACACTGATGGGTGTACCCG,5,3238800
recNp,0.16666666666666666,26,23,CAAGGTAGGCGTTACGACAA,3,3231533
recNp,0.08333333333333333,24,23,ATGGTCTTCCACAATGCCTG,1,3218254
recNp,0.125,25,23,ATGGGCCTTAGCTGTCCGCA,2,3219637
recNp,0.375,31,23,ATAGTATACAAGGGCTCAGT,8,3225594
recNp,0.08333333333333333,24,23,ATAGGCGTTCCTGTGTGACA,1,3216280
recNp,0.125,25,23,AGTGGTGTAGAACCAATGAG,2,3220572
recNp,0.4166666666666667,32,23,AGGACTGGGATACGGTTCAA,9,3245207
recNp,0.3333333333333333,30,23,AGCAGGGCACCATAGGTCGT,7,3229681
recNp,0.08333333333333333,24,23,ACATCGCGGACATACTTATG,1,3228890
recNp,8.73913043478261,222,22,TTTCGAATTTATCTTGGTTT,200,3243306
recNp,0.08695652173913043,23,22,TTGAACGTAAGTCAAGAACG,1,3218054
recNp,0.08695652173913043,23,22,TGGATACAGAGTCAAGAGTT,1,3237649
recNp,0.08695652173913043,23,22,TGAAGACCATCCATGCTAAA,1,3237427
recNp,0.08695652173913043,23,22,TCTGTGAGCCTAAGGGATTG,1,3219876
recNp,0.08695652173913043,23,22,TCCTATGCTTGTTCGGTCGG,1,3232970
recNp,0.5217391304347826,33,22,TCCCTATACGGACTCACTCG,11,3225871
recNp,0.34782608695652173,29,22,TCAGGTCTTTATGGTTATCG,7,3237443
recNp,0.08695652173913043,23,22,TCACGGTCACAATTACCTTT,1,3231485
recNp,0.17391304347826086,25,22,TATGTCCGTCCATACTTTTT,3,3242447
recNp,1.0869565217391304,46,22,TAAATCGGCCTGGCGGAAAG,24,3223372
recNp,0.2608695652173913,27,22,GTTATCGAAGCATAGGTTTA,5,3227845
recNp,0.13043478260869565,24,22,GGCCCGGTCTCCGTTTTGGA,2,3223186
recNp,0.17391304347826086,25,22,GGCACTTCTCCTCACGAAAA,3,3223048
recNp,38.82608695652174,914,22,GCTACAACGTGGGCGAAAAA,892,3252308
recNp,0.08695652173913043,23,22,GCGTTATTTTGGGTGGCCAA,1,3236166
recNp,0.08695652173913043,23,22,GCGCTCGGCACCTACTAATT,1,3240445
recNp,0.2608695652173913,27,22,GCCTTCCATAGGGATAAGAC,5,3229942
recNp,0.13043478260869565,24,22,GCCTACTCGAACTGCGGCCA,2,3251212
recNp,0.21739130434782608,26,22,GCCATTTAGCCACATTGTAT,4,3254901
recNp,0.4782608695652174,32,22,GATCGCTTCGGTATGCATGA,10,3224579
recNp,0.08695652173913043,23,22,GAATACTGTCGGATCGGGAT,1,3233637
recNp,0.13043478260869565,24,22,CTTGGCTGGTGAATGCGTCA,2,3246954
recNp,0.13043478260869565,24,22,CTTGATTCTAGACTCGCAAC,2,3245241
recNp,0.2608695652173913,27,22,CGGTACCTAGAGGTTGCGTC,5,3251957
recNp,0.13043478260869565,24,22,CGGCTCCGCTTCCTATACAG,2,3226286
recNp,0.08695652173913043,23,22,CGCTTCAAGGTGAATGTACG,1,3221711
recNp,0.08695652173913043,23,22,CCTGTACGCGGACGATGAAA,1,3251839
recNp,0.08695652173913043,23,22,CCTCGACACCTTTAGTCGGA,1,3225888
recNp,32.391304347826086,766,22,CCCTTGAAGTAAGTACTTTC,744,3238758
recNp,0.13043478260869565,24,22,CCCAGCTGAAGGGGAGGATG,2,3221266
recNp,0.5217391304347826,33,22,CATGTACTACTGTGAGAGTT,11,3244966
recNp,0.08695652173913043,23,22,CAGGTTGACCGGATTCTAGG,1,3239933
recNp,1.5217391304347827,56,22,CACACGCAATCCCAATATTA,34,3217131
recNp,0.43478260869565216,31,22,ATTGCTGTGCAATTATCACA,9,3230163
recNp,0.21739130434782608,26,22,ATTGCGCACTAATATATAAT,4,3230122
recNp,5.869565217391305,156,22,ATTCAGCCAGCGGTCGTTGA,134,3223336
recNp,0.2608695652173913,27,22,AGCGAAAGCGCCCCGACAGT,5,3245810
recNp,0.30434782608695654,28,22,AGATAGTCGTCGACCCGCAA,6,3221924
recNp,0.08695652173913043,23,22,ACTGACTGTAGGAAGCGTAC,1,3239733
recNp,0.34782608695652173,29,22,ACACGAGTATCTGTCGCATA,7,3251958
recNp,0.13043478260869565,24,22,AATTTAAGAGAGTATTACAA,2,3247763
recNp,0.43478260869565216,31,22,AAGGATCGGACTATGGAGAC,9,3228308
recNp,0.2608695652173913,27,22,AACGTGCAAAATGGGCTGGG,5,3240115
recNp,0.08695652173913043,23,22,AACAGTTCAGTCGGATTTTC,1,3239096
recNp,0.22727272727272727,25,21,TTGTCCCGCACCTCTTCTGC,4,3233453
recNp,0.5,31,21,TTGCAACGTCAACCGCTGAA,10,3246699
recNp,0.5,31,21,TGGGTACCATCCTACCTGCG,10,3220133
recNp,0.13636363636363635,23,21,TGGCCCGGTTGGTACCGATT,2,3232771
recNp,0.13636363636363635,23,21,TGCTTGGCTTACTACACACA,2,3241155
recNp,0.13636363636363635,23,21,TGATCCCACGCGAGGGCTTA,2,3225660
recNp,0.22727272727272727,25,21,TGAGTGAATATGATCGCCTC,4,3237052
recNp,23.40909090909091,535,21,TCGCGCCATCCTGTTATGCC,514,3245507
recNp,0.18181818181818182,24,21,TCCAGGGACAAATTTTTTTG,3,3250550
recNp,24.681818181818183,563,21,TCAGAATTCAATCCGTGATC,542,3227589
recNp,0.22727272727272727,25,21,TCACGTTGCCGTACTAACCA,4,3221839
recNp,0.13636363636363635,23,21,TAGAACGGGATGTTAAGTGA,2,3220012
recNp,0.45454545454545453,30,21,GTATTTCTCTTCGGGGCTAA,9,3238449
recNp,0.2727272727272727,26,21,GGTTAAGAACGATATGACGA,5,3238140
recNp,0.3181818181818182,27,21,GGTAATGTACAAGGTGGGAT,6,3247321
recNp,0.09090909090909091,22,21,GGCTTCGTCTTCGTTAGAAC,1,3243808
recNp,0.4090909090909091,29,21,GGCCACATGCCCTGAAATAG,8,3221544
recNp,0.09090909090909091,22,21,GGCAATGCAGGACATAGAGT,1,3240688
recNp,0.09090909090909091,22,21,GGACCTGGGGATCGCATCAT,1,3234481
recNp,0.09090909090909091,22,21,GCCTGAATACGTAAAGTCTG,1,3249243
recNp,0.45454545454545453,30,21,GATTATGCGGGGGGAGGACT,9,3228502
recNp,0.22727272727272727,25,21,GACCAAACTTATCACGCAAT,4,3248747
recNp,0.2727272727272727,26,21,CTTTGATATGATGGAAGAAT,5,3234614
recNp,19.272727272727273,444,21,CTTGACGCCTGATTCTTCGT,423,3247984
recNp,0.09090909090909091,22,21,CTGTGCGGCGTTGTGTATCA,1,3230861
recNp,0.5454545454545454,32,21,CTATCCCACGTCATGTGTTG,11,3227385
recNp,0.4090909090909091,29,21,CGTCCTAGGCAGTTCTGGTG,8,3243183
recNp,0.2727272727272727,26,21,CGCTTACGACTCGCATGGAT,5,3218174
recNp,0.09090909090909091,22,21,CGCGATCAGCCACGTTAAGG,1,3235563
recNp,0.3181818181818182,27,21,CCTTGGAGAGGAGGCAACTT,6,3247053
recNp,0.18181818181818182,24,21,CCTAGGTCGGCGATGTTTGG,3,3255149
recNp,0.09090909090909091,22,21,CCGGCATAATCACCGATGTT,1,3222994
recNp,0.5909090909090909,33,21,CCCCTAGGTGCCTACGGAAC,12,3223025
recNp,0.09090909090909091,22,21,CCATCTGTAGTAGGGACATT,1,3240308
recNp,0.2727272727272727,26,21,CCAGGCGGGGTGAAGGCGCA,5,3217753
recNp,23.136363636363637,529,21,CATGGGGTAGGGGTCTGTGC,508,3231285
recNp,0.45454545454545453,30,21,CACTCGCGCAGCCCGACTAT,9,3231024
recNp,0.36363636363636365,28,21,CACGTGTATCATGAGGCCAT,7,3235392
recNp,0.09090909090909091,22,21,CACGTACGACGGACAGTAAA,1,3236060
recNp,0.13636363636363635,23,21,ATTATGATAATGCTCAGGTT,2,3240934
recNp,0.13636363636363635,23,21,ATGAGCGTAACCCCATGAAT,2,3229581
recNp,0.3181818181818182,27,21,AGTTCCGCGCGTTCTCTGTC,6,3219717
recNp,0.22727272727272727,25,21,AGTCTAACTCACCCGCTGGA,4,3233181
recNp,0.22727272727272727,25,21,AGTATGTTCAAGTGTCCAGG,4,3255943
recNp,0.13636363636363635,23,21,AGGCATACTATGAGGGAGAC,2,3224946
recNp,0.09090909090909091,22,21,AGGATTGACTTATCGAGATG,1,3224791
recNp,0.09090909090909091,22,21,AGCGGGCGCACTGTTTCTAG,1,3244575
recNp,0.13636363636363635,23,21,AGACTTTGTATGCGCGTCAT,2,3237859
recNp,0.09090909090909091,22,21,AGACTCAGATATCATAGGAT,1,3226941
recNp,0.13636363636363635,23,21,AGACCTCTAGATACACCCTG,2,3243496
recNp,0.5454545454545454,32,21,ACGGTATTGACAGCCTCGTC,11,3232842
recNp,0.22727272727272727,25,21,ACCATAAGTGCAGGTCTCGC,4,3242398
recNp,0.09090909090909091,22,21,ACACACCGCGCAATCAAAGT,1,3234842
recNp,14.954545454545455,349,21,AATTGGTAAGTTTGGTTTCT,328,3226048
recNp,0.09523809523809523,21,20,TTTGCATACAACCCTGTACA,1,3242452
recNp,0.09523809523809523,21,20,TTTGAGGACAATAGTAGTGT,1,3239033
recNp,0.09523809523809523,21,20,TTTCCTTAGCCTCCCACGCG,1,3229387
recNp,0.23809523809523808,24,20,TGTTTATAACGCACTCAGTG,4,3226960
recNp,0.09523809523809523,21,20,TGGACTTGCCATAACTACGA,1,3253583
recNp,0.2857142857142857,25,20,TCTGAGCCTTCTCCTACGGA,5,3216761
recNp,0.19047619047619047,23,20,TCGGAACCTTCGTCACACTA,3,3216363
recNp,0.09523809523809523,21,20,TCGCCCCGCATTGTTGTTCA,1,3238048
recNp,0.14285714285714285,22,20,TCCGGGAGGAGGAAGACTCT,2,3232085
recNp,0.47619047619047616,29,20,TCCATGAAGTATTGGTTCTT,9,3228058
recNp,0.09523809523809523,21,20,TACCGCCGGCGGTACGTCCT,1,3223231
recNp,0.5238095238095238,30,20,TAAAATCGCCCCCTAAAACA,10,3225369
recNp,0.14285714285714285,22,20,GTCGTCGGCTAGGTTCTACC,2,3254807
recNp,41.19047619047619,884,20,GTCCGCTTATGAATTATTGA,864,3232785
recNp,0.14285714285714285,22,20,GTCAGCTTGTTAAAACATAA,2,3224732
recNp,0.19047619047619047,23,20,GGGCAGGATAACGAGCTGTG,3,3224163
recNp,0.2857142857142857,25,20,GCGTTGTGCGGAGTAGTTAA,5,3227505
recNp,0.09523809523809523,21,20,GATGAGCACGTCGTGCCTCA,1,3227295
recNp,0.3333333333333333,26,20,GAAAAATGTGGACAGCCACG,6,3242883
recNp,16.666666666666668,369,20,CTATATGGTTTATCTAGATT,349,3231428
recNp,0.23809523809523808,24,20,CGTTTTTTGCATTGTCGGAC,4,3239489
recNp,0.3333333333333333,26,20,CGTGCGAATTGATCGGACTT,6,3251661
recNp,0.5714285714285714,31,20,CGGGTGCGGAAAGTCTAAAT,11,3226961
recNp,0.42857142857142855,28,20,CGGCTGCTCTGTCGCCTTTG,8,3232424
recNp,0.47619047619047616,29,20,CGGACTAGCATCAGCGTCAT,9,3219880
recNp,0.47619047619047616,29,20,CGCGGGTTCAGGGTTTCCCA,9,3222419
recNp,0.23809523809523808,24,20,CCCAAGGTCGTTGGGGTAGC,4,3250688
recNp,0.09523809523809523,21,20,CCATAAGCAGATATTCCCTG,1,3236375
recNp,0.14285714285714285,22,20,CACATAGTCAGATAATTTAA,2,3249994
recNp,0.19047619047619047,23,20,ATTGCTAGAGTCTCGGCTTT,3,3223166
recNp,0.38095238095238093,27,20,ATGCTGATCATCACCCTGTG,7,3229742
recNp,40.666666666666664,873,20,ATCGGACTTGCATCGGGAAA,853,3232430
recNp,0.23809523809523808,24,20,ATAATTCTCAAGTGCATCTA,4,3225183
recNp,0.09523809523809523,21,20,AGGGTTGTATTCGCATGCAA,1,3232859
recNp,0.2857142857142857,25,20,AGAAATTCCCTCTCCGATAT,5,3221498
recNp,0.14285714285714285,22,20,ACGTGGGGGCGGGATTGGGT,2,3244202
recNp,39.142857142857146,841,20,ACGGCATTCACATGCGGAAA,821,3241322
recNp,0.23809523809523808,24,20,ACAGAATACCCATGGGGGAT,4,3227139
recNp,0.19047619047619047,23,20,AATTTACTCAGTAAGCCGAT,3,3217033
recNp,0.09523809523809523,21,20,AATGCGGTACGTCCCATGAT,1,3234600
recNp,44.523809523809526,954,20,AAGCTGAACGGTTAAGTTAT,934,3246269
recNp,0.14285714285714285,22,20,AAAAAGAGCACACCCGTAGT,2,3238047
recNp,0.4,26,19,TGTGTAAGGGTAGTAAGTTA,7,3225244
recNp,0.55,29,19,TGCGTCCTTCTAGCCCGGGA,10,3230116
recNp,37.25,763,19,TCTGTGTGATAGGCGTGAAC,744,3249819
recNp,0.15,21,19,TCGGTTCTCGTTGTTCGGTA,2,3231798
recNp,0.15,21,19,TCCGATCATTGCGACATTTC,2,3223674
recNp,0.1,20,19,TAGCGGCAATGGCGCCCAGC,1,3234034
recNp,0.15,21,19,TAAATTTCGGGTGAACTCGC,2,3241323
recNp,0.1,20,19,GTTTATATCCTGTCCCGCAG,1,3241010
recNp,0.1,20,19,GTGGGGAATGCTTTGTGGCA,1,3223004
recNp,0.1,20,19,GTGGAACCTGGGACCTTGAA,1,3249941
recNp,0.2,22,19,GGGTGTTCTATGACGCAATT,3,3242735
recNp,0.25,23,19,GGGGCTGTCTTTCATGGCGT,4,3238942
recNp,0.4,26,19,GGGATTGTGTTAGACTTTAC,7,3239048
recNp,0.1,20,19,GGCTACACGGAGCCACTAAG,1,3238640
recNp,50.45,1027,19,GGCACAACACGCTCTCCTAC,1008,3221886
recNp,0.1,20,19,GCGTTGGATGGGCTTTCCTT,1,3230684
recNp,0.3,24,19,GCCATCGAAGCAACTCGATT,5,3221798
recNp,16.9,356,19,CTCCCAAGCTGTTCGCTTTC,337,3237678
recNp,0.1,20,19,CGGCATTTTACACCAGACCT,1,3221740
recNp,0.1,20,19,CGCCACGACACGTACGCCAA,1,3222156
recNp,0.75,33,19,CGCAACCTCGCCGAAATGAA,14,3234221
recNp,0.15,21,19,CCGTCACTTGCCATTGCATT,2,3220411
recNp,0.25,23,19,CCCCTGATAGGATAATAGGG,4,3224291
recNp,0.15,21,19,CATTTAGGGTTTCCAGTACA,2,3252811
recNp,0.25,23,19,CACTGGTAACACTCGCTCAT,4,3228663
recNp,0.1,20,19,ATTAGAATCATGCGTCATGA,1,3234825
recNp,0.1,20,19,ATTACCGCTTTACTTGGTAT,1,3223557
recNp,0.25,23,19,AGGGCAAGTTCCGTGAATCT,4,3225283
recNp,0.3,24,19,ACGGTGGCAAAAATTCGAAT,5,3226037
recNp,0.1,20,19,ACCTATGGCGGTCGACTGGG,1,3235644
recNp,0.15,21,19,ACCGTTGTTCCCGCTTCTGA,2,3221080
recNp,0.75,33,19,AACAAGTTGAGATAATCGTA,14,3223266
recNp,0.10526315789473684,19,18,TTTTTCCACTGGTTAGAAGG,1,3234957
recNp,0.21052631578947367,21,18,TTGTTGGAACTGTCCACGAT,3,3241417
recNp,0.3157894736842105,23,18,TTCGGAAAGCTAAATGCTTC,5,3232997
recNp,0.15789473684210525,20,18,TTAAACGTGCCCCCGAACAT,2,3229680
recNp,0.3684210526315789,24,18,TGTTGAAAAGAATACCGGCT,6,3232818
recNp,0.10526315789473684,19,18,TGTCATAGGGAAAGAGCCGC,1,3237085
recNp,0.2631578947368421,22,18,TGCACCCTTCACTGCATTGA,4,3245048
recNp,0.10526315789473684,19,18,TCTGGAATGCTTATGATAGG,1,3235014
recNp,0.21052631578947367,21,18,TCCAAACCAAGGTTCCCCTA,3,3225584
recNp,0.3684210526315789,24,18,TCACCTGTCAACTGGTCCAG,6,3239845
recNp,0.15789473684210525,20,18,TACGTGGGGGATGCTCGTAA,2,3218077
recNp,33.8421052631579,660,18,GTATGACTATTATCCCGAAA,642,3230113
recNp,3.263157894736842,79,18,GGTGGAAGAGTGATTCGCCC,61,3252925
recNp,0.10526315789473684,19,18,GGCGGCACCTTCAGATCTAA,1,3230320
recNp,0.42105263157894735,25,18,GCCGATACCGAGAATGCTTA,7,3232337
recNp,4.052631578947368,94,18,GATAGGGGAACCGGTTAAAG,76,3220768
recNp,0.47368421052631576,26,18,GAGGGACTAATAATGCATCT,8,3247384
recNp,0.3157894736842105,23,18,GACGTCCTGCGAGTGTGCTA,5,3252959
recNp,0.42105263157894735,25,18,GAATTGTTTACGTTCGTCTG,7,3231439
recNp,0.10526315789473684,19,18,CTTTTCAACACGTCTTTATA,1,3242764
recNp,0.10526315789473684,19,18,CTGTTAATTTTCCTAGTAGC,1,3224404
recNp,0.8421052631578947,33,18,CGGTCGACCTTGAAAAATCT,15,3217608
recNp,0.10526315789473684,19,18,CGGGGTGTCGGTGACAATGA,1,3241070
recNp,3.1052631578947367,76,18,CGGCGGTAACAGCTCCCTGT,58,3223376
recNp,0.15789473684210525,20,18,CGGAAGAGCCATGTTGACGT,2,3222440
recNp,0.3157894736842105,23,18,CCATCCGTGGACTACGCCGG,5,3220900
recNp,0.3157894736842105,23,18,CAGACCTTGCCGTGACCCTG,5,3235250
recNp,0.10526315789473684,19,18,ATTCTACTTGGATTTCAGTA,1,3219679
recNp,0.5789473684210527,28,18,ATCTCCATTTTTTTGATGAT,10,3252501
recNp,0.10526315789473684,19,18,ATATGACCGTGGGCAGATAT,1,3247782
recNp,0.15789473684210525,20,18,AGTCCACCTACGTCTGTCGT,2,3237325
recNp,0.2631578947368421,22,18,AGGCCAGCATCCCAGCCCGG,4,3252070
recNp,0.21052631578947367,21,18,AGGATTGAAACGGCAATTAT,3,3246641
recNp,0.10526315789473684,19,18,AGATGAATTCATCTGAGAAG,1,3223464
recNp,0.10526315789473684,19,18,AGACTATCCAAACTTAAGGT,1,3242304
recNp,0.3157894736842105,23,18,ACTTAGACTTTCGTGCCTCA,5,3248873
recNp,0.15789473684210525,20,18,ACGCAGAAACAAGGATCTGT,2,3245189
recNp,0.10526315789473684,19,18,AACAATTTACCATGCTAGAC,1,3231579
recNp,0.3684210526315789,24,18,AAAAGCAACATTGCCTTCCA,6,3229424
recNp,0.15789473684210525,20,18,AAAACGATAGGCTAGGAAGG,2,3236343
recNp,0.2222222222222222,20,17,TTGATCAGCAGCTGAATACA,3,3239530
recNp,0.3888888888888889,23,17,TTCCCTTTGTCCCGTTTGTT,6,3239959
recNp,0.16666666666666666,19,17,TTAGGGGTAGCTAACTACAG,2,3223140
recNp,0.1111111111111111,18,17,TGGAGGCCCCCGAAGCACTC,1,3217480
recNp,0.1111111111111111,18,17,TGCGTTGATTCAATTTCGCT,1,3232665
recNp,0.6666666666666666,28,17,TGCCTCCAAGGTCTTCAAAT,11,3218257
recNp,50.333333333333336,922,17,TGAAGGAAAGTCTCGTGTGA,905,3221696
recNp,0.16666666666666666,19,17,TGAAATGAATATGGGACAGT,2,3218021
recNp,0.16666666666666666,19,17,TCATGCGGTTGTGAACTCCT,2,3255684
recNp,0.1111111111111111,18,17,TAGGGCGTAGCCTCGCATTG,1,3220377
recNp,0.1111111111111111,18,17,TAGAGCTACAGTTGCTTCGA,1,3232959
recNp,0.1111111111111111,18,17,TAAATAGCGTTTCTTTAAGA,1,3236877
recNp,0.2777777777777778,21,17,GTGTTGTCTAAAGTGAGAAA,4,3246801
recNp,0.2777777777777778,21,17,GTAGTCTCCGCCCAAGAGCT,4,3222575
recNp,0.1111111111111111,18,17,GGTTGAATAGCCGCCACCGT,1,3226479
recNp,0.5555555555555556,26,17,GGCTGACCAACTCTAATAGT,9,3223883
recNp,0.5,25,17,GCGAAGGTCCTTACGGCCAT,8,3248760
recNp,0.1111111111111111,18,17,GCCTACCACCAGCCGCTAAA,1,3224719
recNp,0.1111111111111111,18,17,GAGCCCAAAGTTCAGAACTT,1,3220573
recNp,0.3333333333333333,22,17,GAGATCAGTCGCGATGGATT,5,3220592
recNp,0.1111111111111111,18,17,GACCTGCGTTCGGTACGCTT,1,3232212
recNp,1.0,34,17,CGTCCTAAACTCGGGGTTAT,17,3234248
recNp,27.0,502,17,CGGGCGAGGTCCTCTTTGGT,485,3250748
recNp,0.3888888888888889,23,17,CGGATAACAGGGCGTGTACC,6,3234054
recNp,0.4444444444444444,24,17,CGCCCAAGTAACGGGGAAGT,7,3232848
recNp,0.6666666666666666,28,17,CGACGGAGCCGGCATCAATC,11,3231424
recNp,0.3888888888888889,23,17,CGACAGCATGTTATGATTGC,6,3222025
recNp,0.7222222222222222,29,17,CGACACCATACATCCGGTCC,12,3245755
recNp,0.2222222222222222,20,17,CGAAGAGATCTACATTTCTT,3,3253773
recNp,0.6666666666666666,28,17,CCTGTGCTCACAAAGGGTTC,11,3218367
recNp,0.16666666666666666,19,17,CCCATAGCTATACCCGAGTA,2,3248553
recNp,0.6666666666666666,28,17,CAGGAATGCTAGAGCCTAGT,11,3227457
recNp,0.4444444444444444,24,17,CAGAGCCTCCGATCGGGGGT,7,3241618
recNp,0.7777777777777778,30,17,CAGACGGCTGAACGCCCATA,13,3228752
recNp,0.1111111111111111,18,17,CACGTATTAATAACTAGGGT,1,3250016
recNp,0.2777777777777778,21,17,CAAGAAAGCATCTCACGTCA,4,3233210
recNp,0.4444444444444444,24,17,ATTAGCGTTAGGATAACCCA,7,3224253
recNp,0.1111111111111111,18,17,ATAGGCTCTCTTACATACCT,1,3229199
recNp,0.2222222222222222,20,17,AGGTTATCAACTTCCTCTGG,3,3232788
recNp,0.1111111111111111,18,17,AGCAGAAGTTAGGATCGTGT,1,3217607
recNp,0.4444444444444444,24,17,ACGACGGCAAAGGCCTCACT,7,3235081
recNp,0.5555555555555556,26,17,ACCCGGCAACTGAAGTGTGA,9,3243191
recNp,0.1111111111111111,18,17,ACAGGGCCTGACTGTCACAT,1,3244318
recNp,0.1111111111111111,18,17,AAGTCCCTGCCTCACGCCCT,1,3238179
recNp,0.3333333333333333,22,17,AAGGATAGGTCCGTTTTCCA,5,3218196
recNp,0.16666666666666666,19,17,AAACGCCAAGCTTTGCAGCA,2,3219577
recNp,0.4117647058823529,22,16,TTTTAGGATAGCTCTTACCC,6,3227696
recNp,0.17647058823529413,18,16,TTCAGCGGGTAGGTTTCACC,2,3226813
recNp,0.17647058823529413,18,16,TGGCGCATATATCAGACTGG,2,3219268
recNp,0.35294117647058826,21,16,TGGCCTAGAGTGGGGTTGCC,5,3220149
recNp,0.29411764705882354,20,16,TGGCAGATTTTTTCCAAGCG,4,3244738
recNp,11.529411764705882,211,16,TGCAGAGCTCATGCGTAATA,195,3226122
recNp,0.7647058823529411,28,16,TGCACGTACGGAAATTAGAT,12,3230664
recNp,0.11764705882352941,17,16,TCTCCTCCATTGTCGGGAAG,1,3246342
recNp,0.17647058823529413,18,16,TCGGTAATGGACGGTTGCTC,2,3238947
recNp,0.11764705882352941,17,16,TCATGTCACGCGCCCGTCAT,1,3244746
recNp,0.23529411764705882,19,16,TCAACATAAAAGTTATAAAG,3,3228277
recNp,0.29411764705882354,20,16,TATTCGCACTTATAGTTTTT,4,3244494
recNp,24.470588235294116,431,16,TAGTGAAAGTGTCTCACAAA,415,3231110
recNp,0.17647058823529413,18,16,TAGCAAGGTGAAGGTCCCGT,2,3216513
recNp,0.23529411764705882,19,16,TACACACTTAGGAACTTACG,3,3252911
recNp,49.64705882352941,859,16,TAACGTCCGTGGCACGTTTG,843,3234272
recNp,0.11764705882352941,17,16,TAACCAGTTTTGACATAGGG,1,3246571
recNp,0.11764705882352941,17,16,GTTAATGCGACATCACACTC,1,3236779
recNp,14.647058823529411,264,16,GTGGTTACGCGTTGATATAT,248,3238674
recNp,0.23529411764705882,19,16,GTCCCGCGGTACCGGACTCT,3,3247337
recNp,0.47058823529411764,23,16,GGTGTTCAAGGTATAATGAA,7,3253107
recNp,0.11764705882352941,17,16,GGTAGATATGTTAGCAGTTA,1,3243242
recNp,0.23529411764705882,19,16,GGGGTTATTGCAGAACGATT,3,3222955
recNp,0.11764705882352941,17,16,GGGAAAGTTCGTTCTGCATT,1,3231770
recNp,0.11764705882352941,17,16,GGCTTGGCGTCTGGTTCAGG,1,3245199
recNp,0.17647058823529413,18,16,GGCTTCAACAGCCTTCAACA,2,3251597
recNp,1.0,32,16,GGCTGCTGGTGATCAACATC,16,3245619
recNp,0.17647058823529413,18,16,GGCATACCCTCCATCAGACC,2,3217334
recNp,0.17647058823529413,18,16,GGATTTGAATTCCACTCTAT,2,3241440
recNp,0.23529411764705882,19,16,GGAAGGTGGCATTGCGCAGG,3,3221704
recNp,13.647058823529411,247,16,GCTCAGCGCCATTACATAGT,231,3231835
recNp,0.11764705882352941,17,16,GCGTGAGCCCATACCTACGA,1,3244781
recNp,0.11764705882352941,17,16,GCCCGCAAGGGGCACAAGCG,1,3229173
recNp,0.17647058823529413,18,16,GATGCATTTATCAACCAGGC,2,3244919
recNp,0.17647058823529413,18,16,GATAGCCGTTGACGCGTCTG,2,3239524
recNp,0.11764705882352941,17,16,GATAAGAGAAAACCCGTTAT,1,3235213
recNp,0.29411764705882354,20,16,GAGGTGTAAACGGCGGGACA,4,3231192
recNp,0.29411764705882354,20,16,GAGCGAATGCCGCGATGTTC,4,3224322
recNp,0.11764705882352941,17,16,GACTATTCTAGATCGGTATT,1,3248465
recNp,13.882352941176471,251,16,GACACCGGCCGCTACAAACC,235,3244237
recNp,0.11764705882352941,17,16,GAACTCCCTCATTCAGGTCA,1,3227871
recNp,0.23529411764705882,19,16,CTTTTCGGGCTTGCCCCGCT,3,3226208
recNp,0.17647058823529413,18,16,CTTGCCCGGTGTTCAGATGA,2,3251668
recNp,0.5294117647058824,24,16,CTCCGGGGGAGTCACACCGA,8,3228063
recNp,0.11764705882352941,17,16,CTCCAAAAGAGGGCGCTCCT,1,3230024
recNp,16.294117647058822,292,16,CGCGGCAGCGGCTCTCGCAG,276,3216384
recNp,0.11764705882352941,17,16,CGACGTTTAACATGCATCTC,1,3236410
recNp,0.4117647058823529,22,16,CGACATGGTCCATTAGAGGG,6,3243263
recNp,0.29411764705882354,20,16,CGAACGCAGTTTGCCCCAAA,4,3253295
recNp,0.11764705882352941,17,16,CGAAACTGCTTGTCCTTCTC,1,3248068
recNp,0.17647058823529413,18,16,CCGTGAGCTCGCCCCGGGCG,2,3235734
recNp,0.11764705882352941,17,16,CCGCTCACCGTGGTATGAGG,1,3246318
recNp,3.3529411764705883,72,16,CCCAGGATATTAATCAAGTG,56,3234256
recNp,0.5294117647058824,24,16,CACTGGTGGAGTGGAGGGCA,8,3218081
recNp,0.47058823529411764,23,16,CACACCCTTGGAGAATGGAG,7,3252500
recNp,0.11764705882352941,17,16,CAAGTTAACCTCGGTACGTT,1,3226963
recNp,0.17647058823529413,18,16,ATCTGGTTCACCGCCCCTGA,2,3238504
recNp,0.11764705882352941,17,16,ATCCCAGTTGAAAAAATTCT,1,3247700
recNp,0.29411764705882354,20,16,ATAGCATCCAAGGCTCAGAG,4,3219539
recNp,11.941176470588236,218,16,ATACTTTTGAATCCCCTTAT,202,3225008
recNp,0.23529411764705882,19,16,AGTTCGCGAGGGGCCATCAT,3,3240268
recNp,0.11764705882352941,17,16,AGGGTCTTGCATGCAATCCT,1,3253606
recNp,0.23529411764705882,19,16,AGGCCCCGATAGAATAGGAT,3,3250837
recNp,0.23529411764705882,19,16,AGGCATAACCTGTCTCAGGT,3,3233874
recNp,1.0588235294117647,33,16,AGAGGGTCGCGGCGTACAAT,17,3219753
recNp,0.11764705882352941,17,16,AGAGGCTCCCTGACAGTCCT,1,3234120
recNp,0.17647058823529413,18,16,AGAAAAGTAGGCGGCTCTTA,2,3255690
recNp,0.11764705882352941,17,16,ACTGAATCATACTGTACTGG,1,3218451
recNp,0.11764705882352941,17,16,ACGCACCATCCGTGGGTACT,1,3243166
recNp,0.5882352941176471,25,16,ACAATAAGCTATGGGTGTTA,9,3220794
recNp,0.11764705882352941,17,16,AATTGGTGTCACCCGGTGCC,1,3233659
recNp,0.47058823529411764,23,16,AATTGGGACTTAAGCCTTTG,7,3216428
recNp,0.7058823529411765,27,16,AAGGAAAGCGACTTTGTGGT,11,3224103
recNp,0.5294117647058824,24,16,AACGAAATAGCTAGGGCCGC,8,3225535
recNp,0.17647058823529413,18,16,AAAGTGTGGGAGGAGTGAAT,2,3252202
recNp,24.8125,411,15,TTTCTTGAATGAATGCCGAT,396,3246959
recNp,0.125,16,15,TTTCAGTTCTTTTTTAGTTA,1,3216928
recNp,52.8125,859,15,TTGTGAATCTGACTTCCCAC,844,3250356
recNp,0.3125,19,15,TTCGCGGGGCAGGCGTGAGT,4,3218111
recNp,0.6875,25,15,TTCAGTCCGGGGGGTCTTTG,10,3224101
recNp,0.5625,23,15,TGTTGAAATGAGCTCTACAT,8,3221015
recNp,0.1875,17,15,TGTAAGAGCGCGGCACGGAA,2,3246843
recNp,0.25,18,15,TGATTTTCACGATGCGGGAA,3,3220644
recNp,30.6875,505,15,TCAGTAATCCTCGTTTGGCA,490,3251609
recNp,0.3125,19,15,TATCTGGCAGCTAACACAAA,4,3246692
recNp,0.125,16,15,GTTAGAGCATCGGCAGACCG,1,3241448
recNp,0.5,22,15,GTGTAAGGGAACTGAAGATG,7,3244923
recNp,0.125,16,15,GTCTCAGTGGGTACACCTGG,1,3220114
recNp,20.5625,343,15,GTCAATCGACCTCATGCTGG,328,3227422
recNp,0.125,16,15,GGTTACTACTCTTGTAAGAC,1,3235245
recNp,0.375,20,15,GGTCCTTGGACCAGAGGGAT,5,3230307
recNp,0.25,18,15,GGTCATTTAACGGCTTGTAA,3,3238256
recNp,0.6875,25,15,GGCGCAGTGTTGCTATACGT,10,3219750
recNp,0.125,16,15,GGAGGGCATGGGGGAGTGGA,1,3254228
recNp,0.25,18,15,GCCTACGGGATGCTCCGTAT,3,3217415
recNp,0.125,16,15,GCCGTCGCGAGTCAGGGGTC,1,3231681
recNp,0.125,16,15,GCCAATTAAGCTTAGCTGAA,1,3238814
recNp,0.25,18,15,GATATTGTCCATGCAAGCCT,3,3228675
recNp,0.1875,17,15,GACGTAAGTCCAGTTTTATG,2,3235851
recNp,0.125,16,15,GAAGTGAGGTGCATCACTTA,1,3251769
recNp,0.125,16,15,GAAGGAAATGCTCCGGTTAA,1,3236384
recNp,0.375,20,15,GAAAGAAGGTTTATTCCCTT,5,3245878
recNp,0.1875,17,15,GAAACAGCTCGATATGGTTC,2,3239960
recNp,48.375,788,15,CTGGTGTTTTGTCTCCCAAA,773,3237231
recNp,0.125,16,15,CTGGCGTGATGTAACATGAA,1,3231438
recNp,1.125,32,15,CTGCTACCGCCACTAATAGT,17,3224099
recNp,0.125,16,15,CTGACGCTCGTAATTAGGTC,1,3226720
recNp,0.25,18,15,CGTATCCCGCCCGCTAATTG,3,3218611
recNp,0.125,16,15,CGGTAACGCTAGCTTCCGAT,1,3229623
recNp,0.3125,19,15,CGGCCGCTAGAACTAGCGAA,4,3231846
recNp,0.375,20,15,CGCGTATCAACTCAATCCGT,5,3230860
recNp,0.625,24,15,CGCCTAACCGCAGAAAAACA,9,3235936
recNp,0.125,16,15,CGAAAGTTTGCCGCCCCATA,1,3240817
recNp,0.125,16,15,CGAAAAGGGTTGGAGAGTCC,1,3228447
recNp,0.1875,17,15,CCTTCCTTCGTATCGTGGTG,2,3246837
recNp,59.25,962,15,CCTGCATTCAGTTTTATCAC,947,3229277
recNp,0.25,18,15,CCTGCAGTCAGCCCTCCATA,3,3224538
recNp,0.125,16,15,CCTGAGGGATGCGGGAGGTT,1,3254429
recNp,0.5,22,15,CCTAAAAGGCGTCACCTGAA,7,3242641
recNp,0.25,18,15,CCGCCGCCGTGCGTAGCGGG,3,3243253
recNp,0.125,16,15,CCCACAAATCGGGTCTGTTT,1,3234022
recNp,0.4375,21,15,CCAAGCAGAACCCTGAGCGT,6,3234064
recNp,0.1875,17,15,CAGATTAAATAGACAAGCCT,2,3245257
recNp,0.125,16,15,CAATGACTACATCAGTGGGA,1,3255026
recNp,0.125,16,15,CAACATACTCCGCTATTAAT,1,3223169
recNp,0.1875,17,15,ATTTATCTTTTTATGTGAAC,2,3239784
recNp,0.3125,19,15,ATGTAGGGTAGAACCAGGAC,4,3232244
recNp,0.1875,17,15,ATGGGTAGATTGAATCAAGC,2,3251451
recNp,0.25,18,15,ATCTAACCAGAACCAGGATG,3,3246410
recNp,0.25,18,15,ATAGGTGCAGGCTAAATCGC,3,3238757
recNp,0.25,18,15,ATAGACACCAAGTTGTGCTC,3,3245659
recNp,14.1875,241,15,ATAGAAGGTAGTGTAAACGT,226,3226894
recNp,0.1875,17,15,ATAAGCTCCCAGTATGGACC,2,3250316
recNp,0.125,16,15,AGTTTATCCGTCTAGTTGCA,1,3244264
recNp,0.25,18,15,AGTTACTTATAGCCGCGAAC,3,3242884
recNp,0.1875,17,15,AGTTACTTAAGTAAAGCAAT,2,3221014
recNp,1.0625,31,15,AGTGGGGCACGCAAATGCCT,16,3230234
recNp,0.125,16,15,AGTAGTGTGTGAAAGCAGCA,1,3248412
recNp,58.75,954,15,AGCCACTCACCCTATATGAG,939,3225511
recNp,0.125,16,15,ACTCTTTCCTTGCCACTGGA,1,3253088
recNp,0.6875,25,15,ACGTGGTTTTGATGGTCGGT,10,3232709
recNp,121.875,1964,15,ACGGGCGCCCGGCAAGCAAC,1949,3250242
recNp,0.125,16,15,ACGGCTTTTAAGCTTAGGAA,1,3222125
recNp,0.125,16,15,ACGGCTCGAGCCGAGATGCT,1,3223704
recNp,0.375,20,15,ACGGACTCCACTGTGGGAAT,5,3251201
recNp,0.5625,23,15,ACGCCCATTTACGGCGGACA,8,3246662
recNp,0.125,16,15,ACCAGTAGGTTCAAGCTGAT,1,3218645
recNp,0.5625,23,15,ACAGGTTCCCCCCATCACGT,8,3248537
recNp,0.1875,17,15,ACAAAATCACGGCGCAAATA,2,3251177
recNp,0.4375,21,15,AAGAAGCTTCTGATCCAAAA,6,3228888
recNp,1.0,30,15,AACCAATAATGTGAACAAAA,15,3218076
recNp,0.125,16,15,AAAAGAACCAAAAACCTTCT,1,3247658
recNp,0.3333333333333333,18,14,TTTCGTACGAAGTCTAAGTG,4,3222756
recNp,39.666666666666664,608,14,TTGCCCGTTTTTGTGAATGT,594,3244806
recNp,0.2,16,14,TTGAGGCGGGCATCCGGTGA,2,3230773
recNp,0.13333333333333333,15,14,TGTGGCTACGGCAAGGCCGC,1,3219929
recNp,0.13333333333333333,15,14,TGTGCGGTATGTATACGGCT,1,3227926
recNp,0.13333333333333333,15,14,TGTATTCTTGTGTTGGCACG,1,3245002
recNp,0.4,19,14,TGGTAGAAAGGAACGGCATT,5,3246406
recNp,0.2,16,14,TGACGACAAGATAAAATAAA,2,3254873
recNp,8.733333333333333,144,14,TCTTCGTCTTATTCCAGTGA,130,3245748
recNp,0.5333333333333333,21,14,TCGTTGGTAGGCTTACTCAC,7,3250117
recNp,0.26666666666666666,17,14,TCGTTCTGCATAATCCCGCA,3,3241881
recNp,0.7333333333333333,24,14,TATATTAAGTGCGAAAGAGA,10,3229876
recNp,0.26666666666666666,17,14,TAGGCTACGACGATTCGACT,3,3237858
recNp,0.2,16,14,TAAAAATCTTCACGACTCTC,2,3217303
recNp,0.2,16,14,GTTCTTTCGGGGCTCGTCAC,2,3232105
recNp,0.13333333333333333,15,14,GTTCATTTCGGCCCTGCGGC,1,3236434
recNp,0.4,19,14,GTCAGCGAGACTCGACGAGA,5,3235735
recNp,0.26666666666666666,17,14,GGTATGGAATGACCAGGGCC,3,3222421
recNp,0.13333333333333333,15,14,GGTAGTGTACAACAGAGCTT,1,3227035
recNp,0.26666666666666666,17,14,GGCGACGAAGAGTACAATTA,3,3239812
recNp,0.4,19,14,GGATTTAAAGTCACCGTATA,5,3218866
recNp,0.13333333333333333,15,14,GGAGGATAAAAAAGTTACAC,1,3252622
recNp,0.13333333333333333,15,14,GGAAAGCTGAGAACTACGTT,1,3220082
recNp,0.4666666666666667,20,14,GCGGGGATCCTCCCAACTCA,6,3238399
recNp,0.4,19,14,GATAAAGAGCGAACGGGTGT,5,3233635
recNp,0.4666666666666667,20,14,GAGACGCGATGGCGATGAAG,6,3216206
recNp,0.3333333333333333,18,14,GAAGCAGGACGAACCCGGAT,4,3246642
recNp,0.3333333333333333,18,14,GAACCAGGCAGAGATTTTTC,4,3240700
recNp,0.9333333333333333,27,14,GAAAAATGGATTGTGCAACA,13,3236279
recNp,51.53333333333333,786,14,CTGGTTATTCGGACACGATG,772,3230339
recNp,0.13333333333333333,15,14,CTGATATTTGGCATACGAGC,1,3217650
recNp,0.13333333333333333,15,14,CTAGATTGAGTACACAGGGT,1,3241799
recNp,0.13333333333333333,15,14,CGGTTGACCTATTCTGAGGG,1,3244675
recNp,0.13333333333333333,15,14,CGGCACTCGCTCCGAACCTT,1,3240524
recNp,0.3333333333333333,18,14,CGACTGAATCTCAGCTGAGA,4,3237083
recNp,0.26666666666666666,17,14,CGAATCGACTCGTGGCATCC,3,3216520
recNp,0.2,16,14,CCTCTCCAATCATGTAATAA,2,3238493
recNp,0.4,19,14,CCGGTTAAAGAGTAAAGGAA,5,3249723
recNp,0.13333333333333333,15,14,CCATTAAACTCTCCTCCGGT,1,3226804
recNp,0.4666666666666667,20,14,CATGCAGGTTCAACCTAATG,6,3248116
recNp,0.2,16,14,CAGTTGGCCCGAGCTCCGCT,2,3230960
recNp,0.13333333333333333,15,14,CAGTCATCACACTGGTAGAG,1,3254038
recNp,0.13333333333333333,15,14,CAGTAAAGTGGATCAGGAGA,1,3228981
recNp,37.4,574,14,CAGGGGGGAAATCGAACCAC,560,3251896
recNp,0.13333333333333333,15,14,CAGGCCTTTATCCGGGGACA,1,3238209
recNp,0.13333333333333333,15,14,CAGGAGTAGAGCCGCAAACG,1,3245022
recNp,0.13333333333333333,15,14,CACTACCTTATCTATCCTTT,1,3249132
recNp,0.6,22,14,CACGACTGTGCTGCCCATTT,8,3222790
recNp,0.5333333333333333,21,14,CAATTGCTAGTGTCACATGC,7,3225557
recNp,0.13333333333333333,15,14,CAACTATAAGGCACTTAGGG,1,3219758
recNp,0.2,16,14,CAACGACTAACGCCGTAACA,2,3236632
recNp,29.066666666666666,449,14,ATGTCACGCACGGCTAGAGA,435,3224722
recNp,0.3333333333333333,18,14,ATGCCCCAGTACGCGGAAGT,4,3219916
recNp,0.2,16,14,AGTGCTCGCGGCAAGGGGCA,2,3232261
recNp,0.13333333333333333,15,14,AGGGACCGTCATGGTAGGTT,1,3220398
recNp,0.13333333333333333,15,14,AGCTTGGTACGTGTCGCACC,1,3220701
recNp,0.3333333333333333,18,14,AGCTATATTTGTAGCAATCA,4,3236340
recNp,0.13333333333333333,15,14,ACTACGTGGGCAAGTAACTT,1,3253028
recNp,0.3333333333333333,18,14,ACGTGAATATTAACCAGCTG,4,3220274
recNp,0.2,16,14,ACGCAACCATTAAACAGTTC,2,3222813
recNp,0.13333333333333333,15,14,ACATACGCTCCGGGGAGAGC,1,3223630
recNp,0.13333333333333333,15,14,ACACTCCGGCGGAGTAGGGT,1,3245107
recNp,0.2,16,14,ACACATATAGCGGGGCTCGT,2,3251557
recNp,0.13333333333333333,15,14,ACACAGTGTGGCCTTTCGAC,1,3230496
recNp,0.3333333333333333,18,14,AATTGATATTGTTTTTTCAA,4,3217797
recNp,62.93333333333333,957,14,AATTCAAGAGGTAAAAGGAG,943,3226837
recNp,0.2,16,14,AAATAGTTTACGAGGGTCCG,2,3217294
recNp,0.2,16,14,AAACTCCAGCCGTGGCATAC,2,3232790
recNp,0.2857142857142857,16,13,TTGCGGCGGTTTCCAGGACA,3,3231864
recNp,0.14285714285714285,14,13,TTAAAACGTGCACGAGTTGT,1,3253738
recNp,0.5714285714285714,20,13,TGCTATGCGGCTTGGGATGA,7,3220412
recNp,0.14285714285714285,14,13,TGAGGTGTTAAGCAGAACAC,1,3221381
recNp,0.14285714285714285,14,13,TCTACCGCCTACCTTTTTAT,1,3255803
recNp,0.35714285714285715,17,13,TCGTGATCGGGGGTTTGTTA,4,3224207
recNp,0.14285714285714285,14,13,TCCCAATGGTATGTCCCGTT,1,3235774
recNp,0.35714285714285715,17,13,TCATCCAGCGGCAACGTAAG,4,3227952
recNp,32.0,460,13,TATCATCGCTCTTGGCACGT,447,3249406
recNp,14.071428571428571,209,13,TAATTACATCGGTTTCACGC,196,3249768
recNp,0.14285714285714285,14,13,GTTGAGAGCGCGCGCTGTAT,1,3237830
recNp,0.6428571428571429,21,13,GTTAGTTAATCTTTGTGAGT,8,3230534
recNp,4.071428571428571,69,13,GTGGGTCCGACAGGTGCCCG,56,3219431
recNp,0.21428571428571427,15,13,GTGATGTCGGCTAGTCATTG,2,3252885
recNp,0.14285714285714285,14,13,GGGTCCTTTAGGCCCAGAAC,1,3248430
recNp,0.21428571428571427,15,13,GGGCTTGTGGAATTCGAAAC,2,3250613
recNp,0.21428571428571427,15,13,GGGCGTGGCTATGGTTGGAG,2,3254607
recNp,0.14285714285714285,14,13,GGCTGACTCCCCCGCCCTAA,1,3237246
recNp,0.21428571428571427,15,13,GGCGCTAACTGGGGAAGAAA,2,3238016
recNp,51.92857142857143,739,13,GCTTTCCGAATGCGAGCGAA,726,3234095
recNp,0.14285714285714285,14,13,GCGGCCACATCCGCGGGGAG,1,3237637
recNp,0.2857142857142857,16,13,GCGACGGCAGAGAGCGTTCC,3,3232335
recNp,1.2142857142857142,29,13,GCACAGATGCTGTGCGATAT,16,3254076
recNp,1.0,26,13,GATGGTATTGCATGGTTCTG,13,3216948
recNp,0.14285714285714285,14,13,GATGCGATTCGATTCCTGGT,1,3248869
recNp,0.14285714285714285,14,13,GACATCGACAAGAGGGGGTG,1,3223990
recNp,0.7142857142857143,22,13,CTTTGGGTGTTGACACTCCC,9,3229877
recNp,0.14285714285714285,14,13,CTTCTCTATGCGCTTGATCA,1,3227546
recNp,0.35714285714285715,17,13,CTTCGAACACATCGCCTTAC,4,3230540
recNp,0.35714285714285715,17,13,CTGATGGGACATGTTCGCTT,4,3239370
recNp,0.42857142857142855,18,13,CTCTAGGGGATCTAAAGGGC,5,3252899
recNp,1.1428571428571428,28,13,CTACAGCCGACACTGGTCTA,15,3245950
recNp,0.14285714285714285,14,13,CGTGGGCGTACGGAAACTAG,1,3222602
recNp,0.7142857142857143,22,13,CGGTGTTTAACGAGGGCCTT,9,3233101
recNp,0.14285714285714285,14,13,CGGAAGATTCACGGTTCACC,1,3233461
recNp,0.35714285714285715,17,13,CGCGACACTTAGGACACTTG,4,3246283
recNp,1.0,26,13,CCGCGACTCCAGAGGATTAG,13,3221852
recNp,0.21428571428571427,15,13,CCCAGGCTGCATAATGTAAT,2,3238178
recNp,0.14285714285714285,14,13,CCACATTCCAGTACGCTGGC,1,3225371
recNp,0.14285714285714285,14,13,ATTTAGGAAATCTAAGCCCC,1,3224071
recNp,0.21428571428571427,15,13,ATACTCGATTTACGATTTGT,2,3234530
recNp,0.5,19,13,ACTTCAGAAGGGGGAAGCTA,6,3240653
recNp,0.21428571428571427,15,13,ACTGGGAGTCTGTGCCAACT,2,3238784
recNp,0.7857142857142857,23,13,ACGTTAATATGCACTAGCTA,10,3234531
recNp,0.35714285714285715,17,13,ACGGATTCTAGTAGCGTTTG,4,3224540
recNp,0.14285714285714285,14,13,ACCAAGCGATCGAAATGAAA,1,3224056
recNp,0.42857142857142855,18,13,ACATGTCCCTCTAGATCTGG,5,3230807
recNp,0.21428571428571427,15,13,ACAACGTTCTATCACAGCGA,2,3248308
recNp,0.14285714285714285,14,13,AAGCCCGACTTGCAACTCAG,1,3227551
recNp,0.5,19,13,AACGCAGAATAGGCTCAAAT,6,3242768
recNp,0.21428571428571427,15,13,AAATTCCGCGAGCGACACTT,2,3221148
recNp,0.21428571428571427,15,13,AAAGGTGATGTATTAGCAGG,2,3236017
recNp,0.15384615384615385,13,12,TTTTACTTCCCGTAATTCCT,1,3245786
recNp,0.15384615384615385,13,12,TTTCCGCGCGCATCACCTGT,1,3224021
recNp,0.38461538461538464,16,12,TTGTTTCAGTGGTCGGTTCC,4,3224808
recNp,0.15384615384615385,13,12,TTGTCAGTCCACCTAGGAGA,1,3223495
recNp,0.38461538461538464,16,12,TTATTTAGTCAGTAATTTCG,4,3241025
recNp,0.38461538461538464,16,12,TTATGATTCGGTCGCCAATT,4,3226023
recNp,0.15384615384615385,13,12,TGGACTCACATCCCAGTTCA,1,3236537
recNp,0.3076923076923077,15,12,TGCGCGGAAGTGAATCGGTT,3,3223592
recNp,0.15384615384615385,13,12,TGATTAGCTCGGAGGCCTAT,1,3241629
recNp,69.61538461538461,916,12,TGAATTTGTTTCAATTCAAA,904,3225216
recNp,0.3076923076923077,15,12,TCTTTTCGCAGTTACTATCG,3,3222531
recNp,11.153846153846153,156,12,TCGGCCAAGAGCATCAAGTA,144,3245951
recNp,0.15384615384615385,13,12,TCGAGTGCTAGAAACTGCAA,1,3237353
recNp,0.9230769230769231,23,12,TCCCAGGCAGAATCCCGCGA,11,3239525
recNp,0.3076923076923077,15,12,TCCCAGATCACTGCGACGAG,3,3234706
recNp,45.69230769230769,605,12,TCATTTTCTGTTCCGGTATT,593,3217193
recNp,0.3076923076923077,15,12,TCATTTGGGTTAGGACAAAA,3,3225368
recNp,0.15384615384615385,13,12,TATGGCATTATTACAGACCT,1,3243180
recNp,0.46153846153846156,17,12,TAGCCTGTTGCCGTAGTTGG,5,3241976
recNp,1.4615384615384615,30,12,TAGAACTCGGCCGTACCTAA,18,3251380
recNp,0.15384615384615385,13,12,TAATTCTTCATTGCATAGCC,1,3238943
recNp,41.15384615384615,546,12,TAATCATGATACTCAAATTG,534,3235964
recNp,0.15384615384615385,13,12,TAAGTCTAAGCTGATCAAGT,1,3225370
recNp,0.15384615384615385,13,12,TAAGGATACCTGTTAGGAAC,1,3219374
recNp,36.69230769230769,488,12,GTGTACGACTGCCGATAAAG,476,3228313
recNp,1.1538461538461537,26,12,GTGTACACTAATTCGGGCCT,14,3248016
recNp,0.5384615384615384,18,12,GTCTCCCCTAGGTAAGAGGG,6,3252631
recNp,0.15384615384615385,13,12,GTCGGGATCATCTCCGCAGG,1,3220300
recNp,51.15384615384615,676,12,GTCCGGAGTTAGATCGCGCA,664,3238038
recNp,0.3076923076923077,15,12,GTAGTTCGTAGAACGCCCGG,3,3220767
recNp,0.38461538461538464,16,12,GTAGCGCCAGCGCCCGCAAT,4,3250354
recNp,0.5384615384615384,18,12,GTAATCATGCTATCATGCAT,6,3240265
recNp,0.23076923076923078,14,12,GGTCTCGAGGTGGCAACAGA,2,3244254
recNp,0.38461538461538464,16,12,GGTCGTATCCCGAAATTCCA,4,3229450
recNp,0.46153846153846156,17,12,GGGTAGGCTCTTTCCGACCT,5,3218346
recNp,1.2307692307692308,27,12,GGACTGACGAAACGCACGTC,15,3225006
recNp,0.15384615384615385,13,12,GGAACCTCAGAGGTATCCAG,1,3235216
recNp,0.46153846153846156,17,12,GCTGCTCAAAACAGCCAGGC,5,3253436
recNp,0.3076923076923077,15,12,GCGTAATACGTGATTTGGGA,3,3232300
recNp,37.84615384615385,503,12,GCGATGTTAAGCGCTGCAAT,491,3245947
recNp,0.15384615384615385,13,12,GCCCCCCATGTCCGTTATGC,1,3238425
recNp,0.15384615384615385,13,12,GCCATCTTTTTACAACCTAG,1,3253708
recNp,0.15384615384615385,13,12,GCCAAGGTAATAATATGATA,1,3249987
recNp,0.38461538461538464,16,12,GATTAATTGACTGCCCTGCG,4,3238497
recNp,54.61538461538461,721,12,GATCGGGGATTTCGGGTTAT,709,3216181
recNp,0.15384615384615385,13,12,GATCAACTCACGGTGGCGTT,1,3254606
recNp,50.07692307692308,662,12,GAACCCCGTGTCGCGTCCGA,650,3230111
recNp,0.46153846153846156,17,12,GAAATAGCGCTTGTCTTTCC,5,3255805
recNp,0.23076923076923078,14,12,CTTAATGTGAGGGAACTGCG,2,3231392
recNp,0.23076923076923078,14,12,CTCATCGAAAGTCATGCACT,2,3246191
recNp,1.6153846153846154,32,12,CGGGGCTTACACTGCCAGAG,20,3230381
recNp,0.15384615384615385,13,12,CGGCTTAAATACTACATGTA,1,3230176
recNp,0.6153846153846154,19,12,CGCGCGGCTGACTGATACGA,7,3220075
recNp,0.15384615384615385,13,12,CGCCTACGATCACATAGGCA,1,3218675
recNp,0.23076923076923078,14,12,CCTTGATAATGAGTGTACGA,2,3254899
recNp,0.15384615384615385,13,12,CCGGCTTTTCATGGGAGGGG,1,3229415
recNp,0.38461538461538464,16,12,CCGACATCAAGGTCATAGGT,4,3226316
recNp,0.5384615384615384,18,12,CCCACCGCTACAGAGCCATA,6,3223338
recNp,0.15384615384615385,13,12,CCACCCGTTCGAAAGTTCCC,1,3254383
recNp,0.15384615384615385,13,12,CCAACTCGAGAAGCGATATC,1,3248651
recNp,0.15384615384615385,13,12,CATATACAGGATGGCAGGAC,1,3231321
recNp,0.23076923076923078,14,12,CATAGTAGCGCTAAACTCTC,2,3228939
recNp,0.38461538461538464,16,12,CAGTCATGTTAACCGGGCTG,4,3220925
recNp,0.15384615384615385,13,12,CACCCCTTCGTGGACGGAGA,1,3252404
recNp,0.23076923076923078,14,12,CACACAAGGTCGGGGGTCGT,2,3231925
recNp,0.6153846153846154,19,12,CAAACTTTCTAATTACGCCT,7,3229666
recNp,0.3076923076923077,15,12,ATTTTGCGACTGACGCGCTC,3,3223309
recNp,0.15384615384615385,13,12,ATGCACGTGATTTTGATCTA,1,3247651
recNp,0.23076923076923078,14,12,ATAGACTTCGCCGGTTTTCT,2,3222417
recNp,58.30769230769231,769,12,ATAAGTGCGCCCGCCACGCG,757,3229838
recNp,0.15384615384615385,13,12,AGTCCGCTAACTGAAGTTGG,1,3224445
recNp,0.15384615384615385,13,12,AGGGCTAAGGGCTCGACAGG,1,3250921
recNp,0.46153846153846156,17,12,AGGATCAGGGGTGTGGGGTA,5,3234605
recNp,0.15384615384615385,13,12,AGGAACTGTGGCATTCCGGC,1,3253378
recNp,0.3076923076923077,15,12,AGCGGAAGTAGACCGGACGT,3,3252440
recNp,0.6923076923076923,20,12,AGCCAGGGCAGAACTTAGTA,8,3232302
recNp,0.15384615384615385,13,12,AGAAATTGCGGTGGTTGAGG,1,3251898
recNp,0.15384615384615385,13,12,ACTGAACGGTGCCCTCGTGC,1,3228480
recNp,0.15384615384615385,13,12,ACGCAGGAAAAGGCCGCAGA,1,3250115
recNp,56.15384615384615,741,12,ACCGCGGACTTAGTTTTCAG,729,3253862
recNp,0.8461538461538461,22,12,ACACTACTTAGCATCCTATG,10,3226840
recNp,0.15384615384615385,13,12,ACACAGTGCGTAGTGCCGTC,1,3253438
recNp,0.3076923076923077,15,12,AATTCAGTTCTGAGCCTGTT,3,3226367
recNp,0.23076923076923078,14,12,AATGAACATAGCGCTCGCCT,2,3242556
recNp,0.6153846153846154,19,12,AAGCAGATCTACAACTTGGA,7,3241547
recNp,0.15384615384615385,13,12,AACTCCTATCGATTGACCTT,1,3223920
recNp,0.38461538461538464,16,12,AACGCTTTAATTAGGACAAT,4,3245745
recNp,0.15384615384615385,13,12,AAACTTGGTGCAGGCCCGGT,1,3254407
recNp,0.6923076923076923,20,12,AAACGCGGGTTGTTCGTGGG,8,3234370
recNp,0.25,13,11,TTTTTTGAAATAATCGTTTC,2,3223465
recNp,0.16666666666666666,12,11,TTTGGAAGTGCTAGGTTCGA,1,3243952
recNp,0.6666666666666666,18,11,TTTCGTTGGCAAGCCCTCCG,7,3241518
recNp,0.3333333333333333,14,11,TTTCACAGTTGTATTGCTGT,3,3218958
recNp,36.166666666666664,444,11,TTTATATTCCCTTCTTATTG,433,3245198
recNp,82.08333333333333,995,11,TTCTGTGACCTTGCGGTTCA,984,3236344
recNp,0.5833333333333334,17,11,TTCGAATGCAATTTGTGTCA,6,3222961
recNp,0.16666666666666666,12,11,TTCATGGGAAACAGGGTATG,1,3237942
recNp,1.5,28,11,TTCAAGGCGATTTCTAATTA,17,3228377
recNp,1.25,25,11,TTAGAGTAGCGGTGTAAAAG,14,3255008
recNp,15.166666666666666,192,11,TGTTCACTAATACATTACAT,181,3249155
recNp,0.16666666666666666,12,11,TGGCTCCTACATTGTGCCTC,1,3219235
recNp,0.16666666666666666,12,11,TGCGTGCCCATGCAATTACA,1,3244968
recNp,82.41666666666667,999,11,TGCGGTTACCGACACAGTTG,988,3238263
recNp,0.16666666666666666,12,11,TGATTGCGAACCTTTTGCCG,1,3249925
recNp,0.16666666666666666,12,11,TGAGCACACAACTGTAATCT,1,3245245
recNp,77.41666666666667,939,11,TCGGTTACGTGTGTTTAAGT,928,3245275
recNp,0.4166666666666667,15,11,TCGGATCCATGTGTTGATTG,4,3255560
recNp,0.16666666666666666,12,11,TCGAGTTCGCAAACCCCTGG,1,3230049
recNp,0.8333333333333334,20,11,TCGAGAAATCGGTTGTCATA,9,3237943
recNp,0.4166666666666667,15,11,TCACCCTCCACTCTTACGTA,4,3237730
recNp,0.5833333333333334,17,11,TATACGATGCAGCGTCGCCC,6,3235484
recNp,58.5,712,11,TAGGCCAGTTCTAATCGTGG,701,3236666
recNp,0.4166666666666667,15,11,TACATGCCCTGCGTTACGTT,4,3242584
recNp,0.4166666666666667,15,11,TAAACGAAACTGATGGGCCG,4,3223994
recNp,0.16666666666666666,12,11,GTTGTTCGCCGCCGTCTAAT,1,3254776
recNp,0.5,16,11,GTTCGTACTTGCGGTAATTG,5,3242558
recNp,0.16666666666666666,12,11,GTGTTGACTGCTTACGGAAA,1,3250113
recNp,0.4166666666666667,15,11,GTCAACTAAGGGATACCCTC,4,3241929
recNp,0.3333333333333333,14,11,GTATATATGCCCGGGTCATA,3,3248802
recNp,0.9166666666666666,21,11,GTAGAACTGCTAACGCCAAG,10,3216212
recNp,0.9166666666666666,21,11,GGTCTGACACCGCATAGGAC,10,3239183
recNp,0.16666666666666666,12,11,GGGTCTGGAATCTATCTCCA,1,3219172
recNp,0.5,16,11,GGGGTTGAGTGAGCAGCACC,5,3246578
recNp,11.75,151,11,GGGGGGTAATGACATGACTG,140,3238307
recNp,0.16666666666666666,12,11,GGGCATTCGTGAGTCCTGGA,1,3249134
recNp,0.25,13,11,GGCTTTTCCGCATAGCCAAG,2,3247731
recNp,0.16666666666666666,12,11,GGCGTTCATGCAGTTTTTAG,1,3238893
recNp,0.16666666666666666,12,11,GGAGACCATGTACAACGGCC,1,3255611
recNp,0.4166666666666667,15,11,GCCTTCGCCCTTGTTATGGC,4,3240891
recNp,0.5833333333333334,17,11,GATTTCCGAACACCCGGGGT,6,3241842
recNp,0.5,16,11,GATGCCGCGTCGCCCAGTGC,5,3218405
recNp,0.3333333333333333,14,11,GATCAGAGATCCGGGATCAA,3,3240266
recNp,0.4166666666666667,15,11,GAGCCCGTTCTGGCACGTGC,4,3243336
recNp,0.6666666666666666,18,11,GAGCAAACCGCATTCGTGTT,7,3227154
recNp,0.3333333333333333,14,11,GAGAGGCATGGGCGCTTCGT,3,3249514
recNp,0.8333333333333334,20,11,GACTTGTTGTAATGCCAGCA,9,3241434
recNp,0.16666666666666666,12,11,GAAGTTATTTGTGGTGTCAA,1,3251509
recNp,0.25,13,11,CTTTGTCAGAGAGAGTTCCA,2,3242306
recNp,0.16666666666666666,12,11,CTTATAGCCCAAGTTCTTCG,1,3247803
recNp,1.0833333333333333,23,11,CTGGACAAACCCCCGACTGT,12,3255968
recNp,0.16666666666666666,12,11,CTATCAGGGGCATCATCTGC,1,3253167
recNp,0.3333333333333333,14,11,CTAGGGTAAGAAATTCCCAT,3,3254208
recNp,112.58333333333333,1361,11,CTAGCATATATCGGGATCCT,1350,3232847
recNp,0.5833333333333334,17,11,CTAAGTCTGTAGATCATTTC,6,3249508
recNp,0.16666666666666666,12,11,CTAAAGCTTCCTCCGATTGA,1,3220307
recNp,0.16666666666666666,12,11,CGGAAAGTGATCGCGGACCG,1,3232927
recNp,76.25,925,11,CGCTTTGGGTATCGCACCCA,914,3252159
recNp,0.16666666666666666,12,11,CGATATTTTGCTATAATATA,1,3226504
recNp,0.25,13,11,CCTCTTCGTGGCTGTTAGAT,2,3241121
recNp,0.9166666666666666,21,11,CCCTGTGATCAGAGGGTGAC,10,3249147
recNp,0.25,13,11,CCCGAGGGCTGGCATGAAAT,2,3235079
recNp,0.16666666666666666,12,11,CATTGCTTTTAAACGGCGCT,1,3217037
recNp,0.6666666666666666,18,11,CATGTTCGAAGAGACGGTTT,7,3234108
recNp,0.16666666666666666,12,11,CATCGGGGGCGGTCTGGCGT,1,3222807
recNp,0.25,13,11,CATCATAGCGATGTCTAAAA,2,3216579
recNp,0.16666666666666666,12,11,CATCAGTACATCGTCCGGCA,1,3235186
recNp,0.25,13,11,CATACCTCTTCCTTGAAAGA,2,3246892
recNp,0.25,13,11,CAGATGGTAGAGGAGTTTGT,2,3250898
recNp,0.3333333333333333,14,11,CAAGTGACAAGGTACCATGT,3,3216927
recNp,0.25,13,11,CAACAAACTGGCACACCATT,2,3241931
recNp,0.16666666666666666,12,11,ATTAACACGGGCATATTTGG,1,3217516
recNp,0.25,13,11,ATGCAGTTGACCTGCCGTGT,2,3236379
recNp,0.5,16,11,ATGATCATAGGGGCATCATC,5,3216939
recNp,0.16666666666666666,12,11,ATCTCATCTAGGTACCACTA,1,3234869
recNp,0.16666666666666666,12,11,ATCGCACCTGCACGCCCTAT,1,3246461
recNp,0.25,13,11,ATCGATTGGGAAGAACGCTT,2,3234540
recNp,0.25,13,11,ATATTGACTTTGTTGCATCC,2,3246276
recNp,0.16666666666666666,12,11,ATAAGAGCCGAAGAGGTTGT,1,3242488
recNp,0.16666666666666666,12,11,ATAACTATGTGGGCCTGGCA,1,3219228
recNp,0.16666666666666666,12,11,AGTCACTGATGGTTGAACAA,1,3222990
recNp,0.16666666666666666,12,11,AGGGCACTGAATTGAGGTGT,1,3233578
recNp,0.9166666666666666,21,11,AGGACTGCGGACCCAGTGCT,10,3231872
recNp,0.16666666666666666,12,11,AGCGCAGTATGTGATCACGC,1,3224951
recNp,0.6666666666666666,18,11,AGCCCCAACCGACTAGGTAC,7,3236252
recNp,0.16666666666666666,12,11,ACTGACTTGAATGCATGAAA,1,3244024
recNp,0.6666666666666666,18,11,ACGTCATACGCTTTGTATGC,7,3243284
recNp,0.16666666666666666,12,11,ACGGTGGGGCTTGACCTATG,1,3222503
recNp,1.8333333333333333,32,11,ACGAGCCGCGTACCGCTCGG,21,3234250
recNp,0.16666666666666666,12,11,ACCTAGTTACTCTCACAAAA,1,3226697
recNp,0.25,13,11,ACCGGGTGTTTATATCGTGT,2,3217181
recNp,0.4166666666666667,15,11,ACCAGAGTGTTCCAGATTCT,4,3234100
recNp,0.4166666666666667,15,11,ACAGTGGTAAACATCCATTC,4,3231807
recNp,0.16666666666666666,12,11,ACAGGCCAGCTTTTTTCGAC,1,3221085
recNp,122.58333333333333,1481,11,ACAACAGCGGCGTTAGTAAG,1470,3244365
recNp,72.0,874,11,AATCTTGCACCCAAAGTGGG,863,3221866
recNp,0.16666666666666666,12,11,AATCGTACCGTATACGATCT,1,3255227
recNp,0.3333333333333333,14,11,AAGGGTTTTACATGAGTGCT,3,3225540
recNp,0.4166666666666667,15,11,AACGGCATCCCTTTATGAAG,4,3241065
recNp,0.16666666666666666,12,11,AACCAGTCTTGATTGACGAT,1,3230701
recNp,9.583333333333334,125,11,AAATCAGAATAATCGGATTT,114,3241531
recNp,0.3333333333333333,14,11,AAAAAGGAACTCTCAGAGCA,3,3221109
recNp,0.18181818181818182,11,10,TTTGGTCTAAATTCACGACA,1,3254250
recNp,0.45454545454545453,14,10,TTTGCAAAGTCCTCCTTATT,4,3216688
recNp,0.5454545454545454,15,10,TTTCGGCGCTCATCCAGATA,5,3232677
recNp,0.2727272727272727,12,10,TTTCATTGTCCTTGGAACTT,2,3249820
recNp,0.2727272727272727,12,10,TTGCACCGCTTGTTCAAGGA,2,3250471
recNp,0.18181818181818182,11,10,TTCTGAAAGCACATAAGCCT,1,3248757
recNp,82.18181818181819,913,10,TTCATGAGGCGGAAAATTGT,903,3249580
recNp,0.2727272727272727,12,10,TTAATCTATAGTTATTACGT,2,3239234
recNp,1.4545454545454546,25,10,TTAACCGCTAGTTAAGCAGC,15,3249618
recNp,0.6363636363636364,16,10,TTAAACTAATGTTTCGTTTT,6,3225426
recNp,16.0,185,10,TGGTGCCAACAGTCACCTTA,175,3224550
recNp,0.2727272727272727,12,10,TGGGTATAATCCATTCCCTA,2,3223679
recNp,0.2727272727272727,12,10,TGGGCTACGAGCGCCCTGCA,2,3228452
recNp,50.09090909090909,560,10,TGCGCCACGGCGCTACATGA,550,3230989
recNp,1.0,20,10,TGCGAGTTCGAATTTCCGTC,10,3235456
recNp,0.36363636363636365,13,10,TGCCTCGAAACGATGTCGTT,3,3240008
recNp,0.18181818181818182,11,10,TGCCGCTCAGATGGATTCCA,1,3218723
recNp,0.5454545454545454,15,10,TGATCAGACGACACAACCCT,5,3221843
recNp,0.18181818181818182,11,10,TGAGTGGACGCAAGATCAAT,1,3249881
recNp,0.18181818181818182,11,10,TGAGGCCTAGATCAAAGATT,1,3221455
recNp,0.6363636363636364,16,10,TCTTGTAAATCTAATCGGAA,6,3218841
recNp,0.18181818181818182,11,10,TCTGGTTATGTATCGGCTGA,1,3226417
recNp,0.36363636363636365,13,10,TCTGGCTACGTATTGATCAT,3,3236984
recNp,0.36363636363636365,13,10,TCGGTGAATCTGGCAGCTTT,3,3223581
recNp,0.45454545454545453,14,10,TCGCTAGTTCACTTTGTGTG,4,3232491
recNp,0.18181818181818182,11,10,TCCAGATTCCCTAGCAAGTC,1,3245106
recNp,0.18181818181818182,11,10,TCCACGGGTATAGACTTGAA,1,3239870
recNp,0.45454545454545453,14,10,TCAATCGTTTTAGACCAAAT,4,3254187
recNp,0.18181818181818182,11,10,TCAACAGTAGGAACTGACTT,1,3225322
recNp,0.18181818181818182,11,10,TATTAGCGGCACTGCAGTGA,1,3225754
recNp,1.0,20,10,TATCCTGATCCGTTCCGCAA,10,3236960
recNp,37.45454545454545,421,10,TAGCATAATCCGCTTGGGTA,411,3219760
recNp,0.36363636363636365,13,10,TACCGTAAAGGACGATGGAA,3,3226718
recNp,0.18181818181818182,11,10,TAAGCCCACTCATTTATCTG,1,3255342
recNp,0.6363636363636364,16,10,TAACAACTAGAGAAGCCCAC,6,3216184
recNp,0.36363636363636365,13,10,GTTAAAAGATGACGCTTATA,3,3249494
recNp,13.636363636363637,159,10,GTCTACGGGGTACCGGGCTG,149,3251304
recNp,25.454545454545453,289,10,GTCCCCCTGCGGGTCCGGTC,279,3233677
recNp,0.45454545454545453,14,10,GTCACGGGCCGAGTACGTTA,4,3225531
recNp,0.45454545454545453,14,10,GTAAAGTTACGTGGCCAGGT,4,3222715
recNp,0.5454545454545454,15,10,GGTTCTCATACGATCCAGGG,5,3234036
recNp,0.45454545454545453,14,10,GGTAACCTCCTTGGTATTAT,4,3221698
recNp,70.27272727272727,782,10,GGGTCTAGGGTGATCTCATT,772,3247832
recNp,0.36363636363636365,13,10,GGGTAGTGATGCGACGCACT,3,3252649
recNp,0.18181818181818182,11,10,GGGTAAGCAGCCTCCTGAAA,1,3236833
recNp,0.36363636363636365,13,10,GGGCCTGGGCTTTCATGGGG,3,3248507
recNp,0.18181818181818182,11,10,GGACTACTGGTCCACGCGAC,1,3221650
recNp,0.18181818181818182,11,10,GCGATCGTCACGTCGCCCCA,1,3228570
recNp,2.1818181818181817,33,10,GCCTAAGAATGCTCAATCAA,23,3249611
recNp,0.2727272727272727,12,10,GCCAGCAATGGCATTGTAGT,2,3222422
recNp,0.2727272727272727,12,10,GATTCACAAGAAGTGGCGTA,2,3250337
recNp,0.18181818181818182,11,10,GATGGTCTAAGCTGGGCGGC,1,3230338
recNp,0.18181818181818182,11,10,GATGCGTCTCGCTCCTTCTC,1,3233529
recNp,0.45454545454545453,14,10,GAGTTCTCGAGGTCTATACA,4,3231164
recNp,0.2727272727272727,12,10,GAGCTCTTTTCGGCCTCCTC,2,3220443
recNp,0.18181818181818182,11,10,GACTCCAAGTTGTCGCCACA,1,3235196
recNp,0.2727272727272727,12,10,GACTCAAAACTGTTGGAATC,2,3248136
recNp,0.8181818181818182,18,10,GACAGGTTACCTATTCACCT,8,3224121
recNp,0.7272727272727273,17,10,GAATAGTTGGTCTTGGTCTA,7,3237432
recNp,0.5454545454545454,15,10,GAAGTGCGGGTTCATCACCG,5,3227396
recNp,0.18181818181818182,11,10,CTTTATGAAGAAACAATTTG,1,3216988
recNp,160.0,1769,10,CTGACCCCGCGTCTTACGGA,1759,3251424
recNp,0.45454545454545453,14,10,CTCTGTTTACAGCCGACTGT,4,3223635
recNp,21.727272727272727,248,10,CTCCGAGCAGTTACTCAGGT,238,3233456
recNp,0.2727272727272727,12,10,CTCCACTCGCGAGAGCCTCT,2,3220194
recNp,0.18181818181818182,11,10,CTAGAAACAGAGGTCTCGTG,1,3218717
recNp,0.18181818181818182,11,10,CGTTAAGATATTAAAAGCCA,1,3240581
recNp,1.2727272727272727,23,10,CGGTTTGAGCCTCTTCCTGT,13,3237358
recNp,0.36363636363636365,13,10,CGCTAGGGGTCAGTAGGTAC,3,3236629
recNp,0.36363636363636365,13,10,CGCGGTTACTCATTAGGGCA,3,3241397
recNp,0.18181818181818182,11,10,CCCGTCCGATCAGAGTTGTG,1,3235283
recNp,0.2727272727272727,12,10,CCCGCCTGGGGAATCCGCAT,2,3247718
recNp,88.72727272727273,985,10,CCATGTAAAGCTTAGCGGGG,975,3239484
recNp,0.18181818181818182,11,10,CCAGTAAGGGAGGATCAATA,1,3226156
recNp,0.2727272727272727,12,10,CCAGGTTAAGCACAACGGTT,2,3231090
recNp,0.5454545454545454,15,10,CATGGCAGATAAGCTGGTCT,5,3223330
recNp,0.2727272727272727,12,10,CAGCGTCGTAGACGGAATCA,2,3245161
recNp,0.18181818181818182,11,10,CACGAGATTGAGCGGCAACA,1,3227861
recNp,0.5454545454545454,15,10,CACATCTGCGGGAAAAATTT,5,3223873
recNp,0.18181818181818182,11,10,CAAGCTCTTCTAACTCAGAT,1,3240054
recNp,0.18181818181818182,11,10,ATGTGTCTTATCAACCGCAG,1,3233803
recNp,0.18181818181818182,11,10,ATGCCTGCCCTTATTCCCAA,1,3227315
recNp,0.36363636363636365,13,10,ATGCCTGAGAAGCCAGTGCA,3,3243304
recNp,0.18181818181818182,11,10,ATCACCCTTGTGGACATTGT,1,3220654
recNp,0.18181818181818182,11,10,ATATGTTATTGCTAAATGAA,1,3241630
recNp,0.18181818181818182,11,10,ATAATCTCCTGAAACGTAAA,1,3254668
recNp,0.5454545454545454,15,10,AGTCCCGTGGACAGGAAGCA,5,3229810
recNp,0.18181818181818182,11,10,AGGTTCCCAATCATTTACGA,1,3246616
recNp,0.18181818181818182,11,10,AGGCCGGCAGTTACCGCGGA,1,3242427
recNp,72.54545454545455,807,10,AGGAAGCGTTATGCGTAGAT,797,3221041
recNp,0.18181818181818182,11,10,AGCTGCTCGTTAGGAGTTTG,1,3247329
recNp,1.0909090909090908,21,10,AGCTCTATTGTAGCTGCGGA,11,3229375
recNp,0.18181818181818182,11,10,AGAGCCTTTCGGGTGGGCTG,1,3248567
recNp,0.2727272727272727,12,10,AGAGATCAGTCGATCGTGAT,2,3228395
recNp,0.18181818181818182,11,10,AGACTATTAAATCCCGACAC,1,3248700
recNp,0.2727272727272727,12,10,ACTGTCGGAAACCCTGTAGC,2,3221309
recNp,0.18181818181818182,11,10,ACTCCAGACGGTGACGCGCA,1,3237825
recNp,0.2727272727272727,12,10,ACTAATCTTTACGGATGCGG,2,3248362
recNp,0.45454545454545453,14,10,ACGCTGAAGTTTCTACCGCA,4,3231205
recNp,0.2727272727272727,12,10,AATGATGGGTTTGATGCGAA,2,3230267
recNp,0.18181818181818182,11,10,AAGGTTCGCGGGACTCGTCA,1,3252660
recNp,0.18181818181818182,11,10,AAATGCTGGTGTATTGTTCC,1,3222438
recNp,1.3,21,9,TTTGTAGCATCGTGCAGGTT,12,3247081
recNp,0.2,10,9,TTTGGCGAATCGGTTCTTGA,1,3240290
recNp,0.6,14,9,TTTGCGTTATGGGTGCTAGT,5,3220187
recNp,0.2,10,9,TTTAGGAGTCTTCTCATTTA,1,3222067
recNp,0.7,15,9,TTGTATGCGCGCAAACGCCA,6,3222331
recNp,0.4,12,9,TTGCCTGTGCAGCCGTGCTC,3,3250282
recNp,0.7,15,9,TTGCCAGTGGCGGCTATTCA,6,3217179
recNp,0.2,10,9,TTATGCCTCCGGCATTTTGT,1,3224336
recNp,1.6,24,9,TTATAGTTCTTTTGGGTAAG,15,3229379
recNp,0.2,10,9,TTAGTAGAAAAAGGGCCTAA,1,3234497
recNp,0.3,11,9,TGTCACGCTGATGTCGCAAC,2,3233802
recNp,58.5,593,9,TGCAATAAGCGCTTAACGAT,584,3224937
recNp,1.1,19,9,TGACGGTCCCGGTGCAGTTG,10,3235961
recNp,39.1,399,9,TGAATGAGTATGGACCCAGC,390,3252449
recNp,0.5,13,9,TCTCATGTAGGATCCCATTC,4,3219922
recNp,0.2,10,9,TCGGCAGTAGTTTCTTTGAA,1,3242151
recNp,0.2,10,9,TCGCTATTATAAAGTACGGA,1,3244028
recNp,205.3,2061,9,TCGAATCGAAGTTAAGTCAA,2052,3245327
recNp,2.1,29,9,TAGATGCAGTGCTGTGTCAT,20,3229275
recNp,2.8,36,9,TAGATAGGTCCTGATGGCCT,27,3231225
recNp,22.5,233,9,GTTTCCGTCTCGCTTGCGTA,224,3227914
recNp,0.3,11,9,GTTAGGGACACGCGACTAAT,2,3217305
recNp,0.2,10,9,GTTACGGGGAAAGTCCACTA,1,3227503
recNp,0.3,11,9,GTGGGACCCACAAGCAAGGA,2,3231503
recNp,100.0,1008,9,GTGCTTGTTCATCAAGGGCA,999,3229272
recNp,101.1,1019,9,GTGCGCATGCATGGTTATGG,1010,3252733
recNp,0.2,10,9,GTGCCTGCGCCGCAATTTAT,1,3224552
recNp,0.5,13,9,GTGCCCAGGGTCTACACTAA,4,3234826
recNp,0.3,11,9,GTCGAGCTACCTTTGGATCA,2,3218283
recNp,0.2,10,9,GTCCACTCTGCCTAGGTCGT,1,3228930
recNp,37.5,383,9,GGTTGGGTCAACCACGAACC,374,3234056
recNp,0.3,11,9,GGTTATTACTGCACGCGGGA,2,3243807
recNp,0.5,13,9,GGGGGCGGGCCTTCACTCTC,4,3250649
recNp,0.6,14,9,GGGGCATGACGAGGAGCTCT,5,3221349
recNp,0.3,11,9,GGGCCGCAGCCTGCCGATGT,2,3250211
recNp,93.7,945,9,GGCTGGGTTTTAGGGGATTC,936,3246258
recNp,0.2,10,9,GGAAATGAGTACGTCTACCG,1,3221337
recNp,0.3,11,9,GCTTTCAGCAGATCTTTCAC,2,3235455
recNp,9.8,106,9,GCTCAAGCCGCTAAATCGAT,97,3243624
recNp,52.6,534,9,GCTAACCGTTAGGACAGAAG,525,3232869
recNp,0.2,10,9,GCTAACAGATTCGTCTCCAT,1,3235850
recNp,0.2,10,9,GCGCTCGTATCGGATATCCT,1,3236814
recNp,0.4,12,9,GCGATGCCACACTTGACTGC,3,3235525
recNp,0.2,10,9,GCATATTTAGCACATACGGT,1,3247252
recNp,0.9,17,9,GCACTTCAATGCTGGTCCAC,8,3230480
recNp,0.4,12,9,GATACAGGACGCTCCCATTC,3,3236076
recNp,0.2,10,9,GAGTGTGTCGGTCAATTGTA,1,3247196
recNp,0.3,11,9,GAGTAGGGCGGCTCCTGGGC,2,3233217
recNp,0.3,11,9,GAGAGATCCGCTAGGCGGAC,2,3252746
recNp,61.8,626,9,CTTTTATAAGGCGGGTTCTA,617,3251540
recNp,0.3,11,9,CTTGTGTGATCTAACCATGA,2,3219100
recNp,0.2,10,9,CTGTCTGCCCGCGCTTTTGA,1,3222478
recNp,0.2,10,9,CTCTTACACAAATCGACTGC,1,3221404
recNp,0.5,13,9,CTCCATCATAGTTCCCGATT,4,3219032
recNp,0.9,17,9,CTAGTTCGTTCTCTATCTAA,8,3241741
recNp,0.2,10,9,CTACATCCATATTTAAAGGG,1,3223680
recNp,0.3,11,9,CTACATACGTACGACTCGCC,2,3217612
recNp,0.2,10,9,CGTATTTCCCGATTCGAGAT,1,3228840
recNp,0.2,10,9,CGGCAATACGAAATACTGGG,1,3242325
recNp,0.2,10,9,CGGACTCATTAGTATTACAA,1,3253053
recNp,0.2,10,9,CGCGCCTGCGTGTTGCATGT,1,3234427
recNp,0.3,11,9,CGAGTTGCGAAGTATCGGGG,2,3234115
recNp,0.4,12,9,CGAGTGAGCGTGATTCTGCG,3,3238783
recNp,1.0,18,9,CGAATTCCACTAGGCGAAAA,9,3229584
recNp,0.7,15,9,CCTCATCGGTCGCTACAACT,6,3250255
recNp,0.2,10,9,CCTATTCCTCTTCATTCACT,1,3224324
recNp,0.2,10,9,CCGCGTCGTGGCCAGAATCG,1,3220741
recNp,0.2,10,9,CCCGCAGAGATTTCAGCGTA,1,3255387
recNp,0.5,13,9,CCATCAAACAGCATTAGTCG,4,3228418
recNp,1.3,21,9,CCACGTTTTATTGTTTGCAG,12,3233450
recNp,0.2,10,9,CATCAAAAGGCAGGTGACGT,1,3251613
recNp,0.2,10,9,CATATTTGTTTCAGTGACAA,1,3226757
recNp,0.9,17,9,CAGCCGCGCGATGATAGCCT,8,3227872
recNp,0.2,10,9,CACTTTACGCCACCGCGGTC,1,3239272
recNp,0.2,10,9,CACAGTTCTTGACAAGCGGA,1,3234317
recNp,0.2,10,9,ATTGTCTAACAGTTTTTGTT,1,3240192
recNp,0.3,11,9,ATTGGTTTTCCAGGTCCCTC,2,3248891
recNp,0.2,10,9,ATGGTTAAGCCGCCAAGTGA,1,3220191
recNp,0.3,11,9,ATGGCCACTGGGAGAATATA,2,3247489
recNp,0.2,10,9,ATGCGGTTAGTCAGTTTCGG,1,3254960
recNp,74.4,752,9,ATATAGGCTCATCTGCTAAG,743,3230042
recNp,1.3,21,9,AGTTTCAGGAGGCGGGTACT,12,3225366
recNp,0.2,10,9,AGTGGATACGATGCGGCCGG,1,3221895
recNp,0.6,14,9,AGTCGTAGAGGTATGTGGGG,5,3239836
recNp,0.9,17,9,AGGTATGGACCGGGGAGAAA,8,3229419
recNp,108.9,1097,9,AGCGGCATTCAATGCTACCT,1088,3245633
recNp,1.9,27,9,AGAAGTTTACATAGAACTTC,18,3242646
recNp,0.3,11,9,ACTGATCTTCGTATGCCGTT,2,3224842
recNp,0.2,10,9,ACTCTGGCATGCTCAGTCAT,1,3216431
recNp,1.6,24,9,ACTATGCTAATCGGAGGGCT,15,3243534
recNp,1.3,21,9,ACCTAATGACGGGAGTCAAC,12,3216898
recNp,20.4,212,9,ACAACCGGTTACCTGTAAGA,203,3228493
recNp,0.2,10,9,AAGGCCAGACCTCATATTGT,1,3245175
recNp,0.2,10,9,AAGCAAAGGCGGTGGAGCTC,1,3230140
recNp,0.4,12,9,AACTCTAGATACCGTTAAAA,3,3247195
recNp,0.5,13,9,AACTAAGCTTACTAGCTCTT,4,3253091
recNp,0.2,10,9,AACGGGCTAAGCCAATTCCC,1,3237387
recNp,0.5,13,9,AAACTTTGAACTCTCGTGAC,4,3236239
recNp,0.7,15,9,AAAAGTCTAAGTGGTGAAAG,6,3236496
recNp,84.5,853,9,AAAAGTAGCGGCCCCCGGAT,844,3234274
recNp,0.3333333333333333,10,8,TTTTGTACAAATATCGCCTC,2,3250693
recNp,196.44444444444446,1775,8,TTTCCCGGAGTGAGATGAAA,1767,3247253
recNp,109.66666666666667,994,8,TTGTGTGATCCGACAAACAT,986,3236728
recNp,0.2222222222222222,9,8,TTGATGTCGGTTTTCTAGTA,1,3219410
recNp,0.5555555555555556,12,8,TTGAGATCATAGAATTCTTT,4,3230138
recNp,0.2222222222222222,9,8,TTATTTCCTGAAAATGCAGT,1,3250357
recNp,26.22222222222222,243,8,TTAGTAACTGCGAGTAGTCA,235,3230481
recNp,0.2222222222222222,9,8,TTAGCTCCGCGCTCCTTTTC,1,3247510
recNp,0.2222222222222222,9,8,TGGGTCGGCCAGGTTGCCGA,1,3239437
recNp,0.6666666666666666,13,8,TGGCGATTCGGGGAGGCACG,5,3230865
recNp,0.2222222222222222,9,8,TGCTAGCTGCGTCAGATTGG,1,3231536
recNp,0.3333333333333333,10,8,TGCCTTTCTGGGTCGAATAA,2,3223500
recNp,1.1111111111111112,17,8,TGACGGACTACAACCGACTC,9,3246238
recNp,0.3333333333333333,10,8,TCTCGCACAGTCCCGTCTGA,2,3236591
recNp,1.2222222222222223,18,8,TCTCCCCGCTGTTCTACAAC,10,3226314
recNp,0.6666666666666666,13,8,TCGGCCATGTGAGGAAGCGA,5,3217336
recNp,0.5555555555555556,12,8,TCCTACGGCGAAGAAAGCTG,4,3251698
recNp,0.8888888888888888,15,8,TCCACTTCCGGTTGGCAATT,7,3245866
recNp,0.2222222222222222,9,8,TAAGCGCTAGTCTCCCACGT,1,3233287
recNp,0.6666666666666666,13,8,TAACCGGTCTGCTAGTTCAT,5,3226334
recNp,13.222222222222221,126,8,GTTTATGATATCACAATAGA,118,3221978
recNp,0.2222222222222222,9,8,GTTACAGAAGTATACATGGT,1,3228745
recNp,0.5555555555555556,12,8,GTCAGCGACGGGTAATGGCA,4,3235440
recNp,1.2222222222222223,18,8,GTCACGGTACATTCGTATAA,10,3230945
recNp,0.8888888888888888,15,8,GTACAAGGGGCCTGGTCCCG,7,3225479
recNp,0.3333333333333333,10,8,GGTCAACTATGATATTATTC,2,3225562
recNp,0.2222222222222222,9,8,GGTATTCTACTGTGTGCTCT,1,3255375
recNp,0.3333333333333333,10,8,GGTAATTCAGGTATTAGGGG,2,3248671
recNp,0.6666666666666666,13,8,GGCGTTAGTGTCTGATATAT,5,3253070
recNp,1.1111111111111112,17,8,GGCGGCAGATACGCAGTAAG,9,3216889
recNp,0.8888888888888888,15,8,GGCAAGCATGTAAACATCAT,7,3238822
recNp,1.0,16,8,GGATTTATCCACGCTCTGCT,8,3217553
recNp,0.2222222222222222,9,8,GGATGTTTGGCCCGACATTC,1,3249192
recNp,99.77777777777777,905,8,GGAGGCCGGGTGGAACAGCA,897,3238014
recNp,0.8888888888888888,15,8,GCCCACACGACGTTGTGGCA,7,3229711
recNp,0.2222222222222222,9,8,GAGCGACGAGCAAAAGGATG,1,3220537
recNp,0.5555555555555556,12,8,GAGCCCTTAAAGCTGGACAG,4,3255207
recNp,1.0,16,8,CTTGCATATTGTTTGTTGCT,8,3237259
recNp,0.4444444444444444,11,8,CTTGATAAGTTCACGACCGG,3,3248868
recNp,0.2222222222222222,9,8,CTGCTATTAGACACGGGTTC,1,3230068
recNp,0.2222222222222222,9,8,CTCTTTCGTGCGGTTTGGGA,1,3255473
recNp,47.44444444444444,434,8,CTCTCCCCCAACAATGTAGT,426,3216553
recNp,1.0,16,8,CTCCGTGCCTTTATCAGGAC,8,3253506
recNp,1.1111111111111112,17,8,CTAGTATCTAGGAAGGGGCG,9,3238467
recNp,0.2222222222222222,9,8,CTACTGGTCGTGTAGATGGA,1,3226372
recNp,0.2222222222222222,9,8,CGTCTCACAATATATTCGAT,1,3249541
recNp,89.11111111111111,809,8,CGTCGGGCGACGGCGAGCAA,801,3225007
recNp,0.6666666666666666,13,8,CGGGGCGGGTGTTAGTCCAC,5,3237753
recNp,0.2222222222222222,9,8,CGCGCTTCACGCCGATTCCG,1,3227508
recNp,0.2222222222222222,9,8,CGCCCTAACGGGTAGCATCA,1,3235941
recNp,0.2222222222222222,9,8,CGCACCTCTGCCTCGCAGGG,1,3251582
recNp,0.2222222222222222,9,8,CGATCGAAAAGGCCAAGTGC,1,3240948
recNp,1.2222222222222223,18,8,CGATAGGTTCAGTGGGAGAA,10,3234315
recNp,0.2222222222222222,9,8,CCCGCGCATCCGACGACAGC,1,3250785
recNp,0.2222222222222222,9,8,CCACGCGGCTACAATGCGGC,1,3221357
recNp,0.2222222222222222,9,8,CAGTTCGCCCCTCATCGCGG,1,3219649
recNp,0.4444444444444444,11,8,CACGGTATCAGAGGTGTTAG,3,3248006
recNp,0.3333333333333333,10,8,CAAGTTTAGAGGTATCAGTA,2,3238308
recNp,0.2222222222222222,9,8,CAACTCCAGTGCATGACATC,1,3250588
recNp,0.5555555555555556,12,8,CAACGGCGGCATCTCTGACT,4,3238697
recNp,0.6666666666666666,13,8,CAAAGGTTGGCCTAATTGCA,5,3229027
recNp,0.4444444444444444,11,8,ATTGGGCCGACGCGTTATCG,3,3219481
recNp,0.2222222222222222,9,8,ATTCTTCAATGTGGCAGGAC,1,3218372
recNp,0.2222222222222222,9,8,ATTCGGAACGGCTTTTATAC,1,3243152
recNp,0.2222222222222222,9,8,ATTAAGGGGACCATAAGGCT,1,3245038
recNp,0.2222222222222222,9,8,ATGGCGCATTGTAGGGATGA,1,3247831
recNp,0.8888888888888888,15,8,ATCGAGTCATTCTGCAAGTG,7,3241716
recNp,0.4444444444444444,11,8,ATCGACACCCTGCGAATCTT,3,3227869
recNp,1.2222222222222223,18,8,ATCATATACAGGGGGTGGAA,10,3255165
recNp,0.4444444444444444,11,8,ATATAGGGGTAACGTAAACC,3,3216981
recNp,0.2222222222222222,9,8,ATACTTAGTTTCCGCGACCC,1,3216508
recNp,0.2222222222222222,9,8,ATAATGGGGTGAACAAGGGC,1,3233074
recNp,0.2222222222222222,9,8,AGTTAACCCGGCGTTGGCTA,1,3243748
recNp,0.4444444444444444,11,8,AGGCCTCGGACAATGATATG,3,3234588
recNp,0.4444444444444444,11,8,AGGATCCTATTGCGGTATGA,3,3230257
recNp,0.3333333333333333,10,8,AGGACCAGAAACGTCATCCA,2,3232086
recNp,0.2222222222222222,9,8,AGCCGACAGGCCCGACCGCA,1,3247623
recNp,0.7777777777777778,14,8,AGCCCTAGTCACTGTAGGGA,6,3252143
recNp,0.6666666666666666,13,8,ACTGATTGCACGTGGACGGG,5,3232706
recNp,0.2222222222222222,9,8,ACGCCATTCCACTTAAGGAC,1,3217834
recNp,0.3333333333333333,10,8,ACCATGCTTTTGTAAACTAT,2,3232177
recNp,0.8888888888888888,15,8,ACATTCCTCCTTTTAGATCT,7,3243577
recNp,0.4444444444444444,11,8,ACAAGACGCGCCTACGATTC,3,3246396
recNp,0.3333333333333333,10,8,AATTGTTTGAGCAAGCTGGG,2,3239775
recNp,0.2222222222222222,9,8,AATGCACCTTAAATGATATT,1,3251586
recNp,0.2222222222222222,9,8,AAGCTTTGTATTAGAGCTGT,1,3247516
recNp,0.3333333333333333,10,8,AACTTGGTACCACGCAGTGG,2,3235794
recNp,0.2222222222222222,9,8,AACCAGAAACATACGCTTGA,1,3227797
recNp,0.3333333333333333,10,8,AAAGCATGTTCGAGTGGCCA,2,3228217
recNp,1.0,14,7,TTCGCCTGAGCGCCAGATTT,7,3216556
recNp,0.25,8,7,TTCAAAGTGAAAAGGTCTAT,1,3238495
recNp,0.875,13,7,TTATTCGGATTCCAGAGACT,6,3239726
recNp,0.875,13,7,TGGTTGAGACTTTGGGCACA,6,3231666
recNp,1.375,17,7,TGCAAGGCAATAGTTAGGTT,10,3245637
recNp,0.25,8,7,TCTCCGATGTCATTCGATCG,1,3231836
recNp,0.625,11,7,TCTAGAGCGCTTTCGAAAAA,4,3218748
recNp,15.5,130,7,TCGATCATCAATATTCATTA,123,3233151
recNp,1.125,15,7,TCCCCTAGCCAAAGTCTGAT,8,3223349
recNp,0.25,8,7,TCCACTCGTCTCCACGGCAG,1,3243509
recNp,0.5,10,7,TCCAACAAATTGGGGCTGTG,3,3216509
recNp,1.0,14,7,TATAGGCGACGTCGCGCGTG,7,3232120
recNp,0.75,12,7,TAGGCTGGGCATGTCCTCGA,5,3222957
recNp,1.125,15,7,TACGTCTTCCTACTAGGGCG,8,3242363
recNp,41.5,338,7,TACAGCTGGGCTCGACTCAT,331,3241463
recNp,0.5,10,7,TAATCGTTCAAAATCGGGGA,3,3249942
recNp,0.25,8,7,GTTGGTTCATATAAGCATCA,1,3252837
recNp,0.375,9,7,GTTGGCCGTAGGGAATGCTG,2,3244262
recNp,0.375,9,7,GTGCCCTCGGGTGGCGGCAA,2,3217234
recNp,0.25,8,7,GTGAAGCTGTCCGCTGTTGT,1,3249776
recNp,0.375,9,7,GTCCACACGGGTGTTCTCCT,2,3238579
recNp,0.625,11,7,GTCAGGGTAAGAAGTGGATA,4,3234428
recNp,0.375,9,7,GGTATTAATAAACGAAGATT,2,3245620
recNp,0.375,9,7,GGGAAGGTACCCCGAGCGGG,2,3223560
recNp,0.625,11,7,GGCTCCTTAACATGCGAAAA,4,3220899
recNp,0.5,10,7,GGCGACTGGGCCGTTGTTTG,3,3242990
recNp,0.25,8,7,GGCCGTCGTCCATGGCTACC,1,3235670
recNp,0.25,8,7,GGCAGATCATAGGCGCCCAG,1,3238941
recNp,0.25,8,7,GCTCTCTTTTAGCACTTTTT,1,3222924
recNp,0.25,8,7,GCTCCCCCATTGCCGGGTCT,1,3252577
recNp,0.75,12,7,GCGTGTAGCAGGGCAAGTGA,5,3232033
recNp,0.5,10,7,GCCGGATCCGATATAGGAGA,3,3230124
recNp,0.875,13,7,GCAGTTGCGACGTCGGGGCA,6,3230041
recNp,0.375,9,7,GCACTAGACTGAAAAAGTCT,2,3251292
recNp,1.25,16,7,GAGTGTCTCTGTCAGCCCGT,9,3256060
recNp,0.25,8,7,GAGCCGGGTATGCAGCGTCA,1,3236932
recNp,0.375,9,7,GAGCCACACGGTTTTCTTAG,2,3226808
recNp,0.5,10,7,GACTCACCGTTGCTGACGTG,3,3248404
recNp,0.25,8,7,GACAGGGGGGTTCGCTTCGC,1,3250849
recNp,0.25,8,7,GAATCGTTGTGATGCGGGGA,1,3228994
recNp,1.0,14,7,GAATCAGCACAATTGGTGGA,7,3243323
recNp,0.75,12,7,GAAGTCGTCCTCTCGACGCA,5,3231279
recNp,0.25,8,7,CTTGCCTATATCTAGCATGG,1,3244140
recNp,1.0,14,7,CTTAAGTGAGAGTGGTGCAA,7,3243782
recNp,1.375,17,7,CTGTGATGGCTTTGTGTAAG,10,3241932
recNp,0.25,8,7,CTGTAGCTGCTCATACAATG,1,3224670
recNp,0.875,13,7,CTGGTATCCGTTATCCTTGA,6,3229451
recNp,0.75,12,7,CTCTTCAGTGCACCCAGCAA,5,3231578
recNp,1.0,14,7,CTCCGAAGTGGAGGAAATAG,7,3253737
recNp,0.5,10,7,CTCAACCTAGGACTGAGATA,3,3245638
recNp,0.25,8,7,CTATCCCCTTCAATGGAATG,1,3240778
recNp,0.375,9,7,CTAAACCCCGGGGGAAGAGA,2,3240725
recNp,0.5,10,7,CGTTTCTAGGCTTCGCTTAT,3,3240508
recNp,0.25,8,7,CGTGAACCTTTATTGGCGAA,1,3237315
recNp,0.375,9,7,CGTACGCCATACGTCCGACA,2,3244947
recNp,0.25,8,7,CGGTGACCGGCTCGCACTTG,1,3234828
recNp,47.125,383,7,CGGACGTAGGTGAATGGAAA,376,3229840
recNp,0.25,8,7,CGCGCACAGAGCTGCCTGTC,1,3234539
recNp,0.25,8,7,CGCGACTAAGCTTCCAAAGA,1,3243887
recNp,0.5,10,7,CGCACAGAAAGATTCGAAAG,3,3234794
recNp,0.5,10,7,CGAGGAGCAGACTCTACAAC,3,3218648
recNp,0.25,8,7,CCTGAATTTCTAGCTGTCGT,1,3222754
recNp,0.5,10,7,CCGTAAAAACGATCAGTGAG,3,3231926
recNp,120.125,967,7,CCGCAATAATCTTTTACCAG,960,3225731
recNp,1.125,15,7,CCGAGATACTGACAGAGGCT,8,3243938
recNp,0.25,8,7,CCCTTGCCGGCTCTTGAGGA,1,3243411
recNp,0.25,8,7,CCCGGGCGCAAATGACCCGT,1,3252309
recNp,0.25,8,7,CCCGCTGAAAAATGCAAGAG,1,3237360
recNp,0.75,12,7,CCCCGTTCGAGAGCAGGGTA,5,3225015
recNp,0.875,13,7,CCCCCCCGATCGGTCAGTAG,6,3217416
recNp,0.375,9,7,CCCATCCAAGCAGGTCATGT,2,3234926
recNp,1.0,14,7,CCCAAGTCGTATGCCTAATT,7,3223353
recNp,0.25,8,7,CCATAGTTGTTAATTACCGT,1,3256027
recNp,0.5,10,7,CCATACCTGACACGGACCTA,3,3223872
recNp,0.875,13,7,CATTGGGCGTCTCTGAAAGG,6,3241772
recNp,0.25,8,7,CATGCCAAGTTTCAAGGGAA,1,3218258
recNp,0.5,10,7,CACAGTCGCAGTGGCACGGC,3,3222676
recNp,0.25,8,7,CAAAGTTGCTCTCATATTCA,1,3235637
recNp,0.75,12,7,ATTCCTACGAATCCCCAAGA,5,3254677
recNp,0.875,13,7,ATTAGAGGTCAGCCTACATT,6,3219202
recNp,0.5,10,7,ATGTGAGGAGAGCGTTAAAT,3,3236027
recNp,0.625,11,7,ATCTCCGCAGCGGAATCTAT,4,3216705
recNp,0.25,8,7,ATCGCGTGTCCTTGTGTTCT,1,3222865
recNp,1.5,18,7,ATAGACGGCACTACGCAGCA,11,3245366
recNp,0.25,8,7,AGTATTATGTGTTCACTCAC,1,3251379
recNp,0.375,9,7,AGGGATAAACCTATTACTAA,2,3244779
recNp,0.25,8,7,AGGGAGGGGACACTGTCGGA,1,3217698
recNp,0.875,13,7,AGACTATCAAGTAACACTAA,6,3233123
recNp,0.375,9,7,AGAAGGCAAGGAGCCGCGTG,2,3253608
recNp,0.25,8,7,AGAACTTGATACGCGCCGAT,1,3239791
recNp,0.25,8,7,ACTGTCGTCCTTTTCGCAGC,1,3235806
recNp,0.625,11,7,ACGCACCTACGCACCTGCGA,4,3251675
recNp,0.375,9,7,ACATATAGCGGCACGCGACC,2,3252261
recNp,0.25,8,7,ACACGCAATGGCTATGCGGA,1,3226470
recNp,0.25,8,7,ACACATCCTAGTTCATGGCT,1,3248337
recNp,0.625,11,7,AATTCATGCTGACTGCAGAC,4,3249304
recNp,0.375,9,7,AATAGACAGAGTCACTTCGC,2,3243307
recNp,0.375,9,7,AAGTGGCGGGGTCTACACGT,2,3234920
recNp,35.625,291,7,AACGGTTTAGTCTCACAATG,284,3230921
recNp,2.0,22,7,AACCCCAGCTTTGGTTTATG,15,3252599
recNp,0.75,12,7,AAATTCTTTTTGCCCAGATA,5,3237128
recNp,0.42857142857142855,8,6,TTCTCACGCAGCTTTATGAG,2,3234800
recNp,0.2857142857142857,7,6,TTCCAGCTGGCAACAATAGC,1,3253625
recNp,0.42857142857142855,8,6,TTCATGACGAACCGTCAAGC,2,3244811
recNp,0.2857142857142857,7,6,TTAGGGGTTTGCTGTTGCCG,1,3252059
recNp,1.1428571428571428,13,6,TTAATTGCCATTAACATTGT,7,3226158
recNp,0.5714285714285714,9,6,TGGTCGATAGCCGATATGGA,3,3255049
recNp,0.2857142857142857,7,6,TGGTATTCTGTAAGGTTCGA,1,3216418
recNp,133.57142857142858,940,6,TGGGCGACGATGCGGTGGCC,934,3254975
recNp,0.2857142857142857,7,6,TGCTAGCACAGTGTCTGTTA,1,3221195
recNp,0.42857142857142855,8,6,TGCAAACTGACGACTAGGAC,2,3237424
recNp,0.5714285714285714,9,6,TGACCCCTCAGGGTCCATGA,3,3220995
recNp,34.857142857142854,249,6,TGAAATGCAGTGTAGCCAGA,243,3236393
recNp,67.85714285714286,480,6,TCCTCAAGAATACATACTTG,474,3250040
recNp,0.2857142857142857,7,6,TCCTATGGGGACGTTCGGTT,1,3232264
recNp,1.4285714285714286,15,6,TCCAGACAACATGCCCCCTG,9,3248336
recNp,1.2857142857142858,14,6,TCATTGTAATCTCCCATTAT,8,3247075
recNp,0.7142857142857143,10,6,TCAGTATAGAATGTATTTTG,4,3225512
recNp,0.2857142857142857,7,6,TCACATTCTCCGTCTCGTTG,1,3242127
recNp,0.42857142857142855,8,6,TCACATCGCACTAATAATCT,2,3255015
recNp,2.142857142857143,20,6,TCAACGGCAGGGTACGAGGG,14,3229286
recNp,0.2857142857142857,7,6,TAGCATTGAAATGTAGGCAT,1,3253648
recNp,0.7142857142857143,10,6,TAGCACTGAGGTTTGCTAGT,4,3242864
recNp,0.2857142857142857,7,6,GTTGTGCGGGGCTCGGGCGG,1,3253574
recNp,0.2857142857142857,7,6,GTTCTCATTTAAAACAGAAG,1,3226371
recNp,0.2857142857142857,7,6,GTTCGGCTGCGATTGTTGGC,1,3246932
recNp,0.2857142857142857,7,6,GTTCCGAAAGACTTAATATG,1,3251758
recNp,0.8571428571428571,11,6,GTGACTTAGTCGCCTGGACG,5,3226716
recNp,1.2857142857142858,14,6,GTATACTCTACAGGCGTTTA,8,3233104
recNp,1.2857142857142858,14,6,GTAGGAGCAATTCATGGAAT,8,3243058
recNp,0.2857142857142857,7,6,GTACCGATGCATGCCTTGGA,1,3227802
recNp,112.42857142857143,792,6,GGTCCTGGCTAGCCGCTCGT,786,3232331
recNp,0.2857142857142857,7,6,GGTAACAGGAGGTATTCAAG,1,3240969
recNp,0.42857142857142855,8,6,GGGCTGTCTTATCAGATCCA,2,3220926
recNp,0.8571428571428571,11,6,GGGAGCCTATCTGGAACATA,5,3244383
recNp,1.2857142857142858,14,6,GGCCTTGGGCACGCTTACTC,8,3233236
recNp,0.2857142857142857,7,6,GGCCTGTATAAGTAGCAGAT,1,3223909
recNp,1.2857142857142858,14,6,GGAAAGTGCAACTTGCTCAT,8,3231870
recNp,2.4285714285714284,22,6,GCGTTCATTGTGGAAAAAGG,16,3226323
recNp,0.2857142857142857,7,6,GCGGTCACCCTTGGGCATGA,1,3240123
recNp,1.2857142857142858,14,6,GCCGTCCCTGAATTAGAGTA,8,3235977
recNp,0.5714285714285714,9,6,GCCGATAAATCCATTCCAAT,3,3248870
recNp,0.2857142857142857,7,6,GATCAACGGTTACCGTCTTC,1,3229386
recNp,1.8571428571428572,18,6,GAGTGCGAGGACGAGTGCAA,12,3225186
recNp,0.2857142857142857,7,6,GAGACTATATGGTGTCTCAA,1,3224051
recNp,0.42857142857142855,8,6,CTTTCAAGTATGAATGTAAC,2,3252677
recNp,0.8571428571428571,11,6,CTTGGCGCATCGCAGGACCA,5,3238527
recNp,0.7142857142857143,10,6,CTGGTGTAGAAAATATCGAA,4,3230114
recNp,0.8571428571428571,11,6,CTCTGGAATGAATCCGGATC,5,3233832
recNp,0.2857142857142857,7,6,CTCGTCATGCTTATAAAAAT,1,3221702
recNp,1.4285714285714286,15,6,CTCAGTGGTTGTCGGAACTC,9,3230839
recNp,68.28571428571429,483,6,CTACAGCTTTCGGAGCCGAC,477,3224304
recNp,0.2857142857142857,7,6,CGTTGTAGTGTGATAGGTTC,1,3229773
recNp,0.2857142857142857,7,6,CGTTATGAACCGGGTCCTCC,1,3239038
recNp,2.5714285714285716,23,6,CGTCGCTCGAATGGGAGAAG,17,3239186
recNp,0.8571428571428571,11,6,CGGGTTTGCCTCCTAGAGCA,5,3236255
recNp,1.7142857142857142,17,6,CGGATATGATGACTATCAGC,11,3227301
recNp,0.2857142857142857,7,6,CGATGGCCTAGCAATACACA,1,3217563
recNp,0.2857142857142857,7,6,CCTGTCACCATGGGTTAAGG,1,3243212
recNp,0.5714285714285714,9,6,CCGTGAGGCCAGTGTGATTC,3,3217528
recNp,0.2857142857142857,7,6,CCGGACATGCTTACGATCCC,1,3248166
recNp,0.5714285714285714,9,6,CCGCCGTACTATTGTAAGAT,3,3245720
recNp,0.2857142857142857,7,6,CCGCCCTCTCCATTGTAAGT,1,3250893
recNp,0.2857142857142857,7,6,CCGAAGCGAAATATGATTAT,1,3224720
recNp,0.2857142857142857,7,6,CCCGCTGCTCAAGAAGTATG,1,3240246
recNp,0.2857142857142857,7,6,CCAACAACCCCCCAAGATTC,1,3228673
recNp,0.42857142857142855,8,6,CAGCGGAGGCTTCACTCATC,2,3232051
recNp,107.0,754,6,CACTAAAAATTTTTAGAGCC,748,3242734
recNp,0.5714285714285714,9,6,CACCGCATAGCCTGAACGAC,3,3237448
recNp,0.2857142857142857,7,6,CACATCCTACGTCGGGACAC,1,3222942
recNp,0.7142857142857143,10,6,CAAGGGAGGTGGTTATATGC,4,3226164
recNp,2.142857142857143,20,6,CAACAACGGTTTCTCCGGCA,14,3255267
recNp,0.5714285714285714,9,6,ATTGGTCATTTTACGCTCCC,3,3229770
recNp,94.85714285714286,669,6,ATTCTAAGCCAAGAACGGAC,663,3253880
recNp,0.42857142857142855,8,6,ATGTCTAGGACATTTACCCT,2,3241549
recNp,0.2857142857142857,7,6,ATGGGAAAGGACTGCGGAGA,1,3246413
recNp,0.5714285714285714,9,6,ATGCGCCGATGTCCTGATTC,3,3240758
recNp,0.2857142857142857,7,6,ATGCAGCCTCAGATGTAAGA,1,3236250
recNp,59.0,418,6,ATGAGCATGAACCAACAAAG,412,3255918
recNp,108.57142857142857,765,6,ATCGGTGGCAGGTCTTATTA,759,3253786
recNp,0.2857142857142857,7,6,ATCCCACGAGAACTGTTGGA,1,3230453
recNp,0.2857142857142857,7,6,ATAGGTGGAATATTTTCAAG,1,3233212
recNp,1.4285714285714286,15,6,AGGGCCTATGGGATCAAAGT,9,3221267
recNp,0.42857142857142855,8,6,AGCGTATTAGATTAAGGGAT,2,3239528
recNp,0.7142857142857143,10,6,AGACAATCCGGCAGGTCCAA,4,3248899
recNp,0.2857142857142857,7,6,ACGAGTACATTACCGCGCTG,1,3235881
recNp,1.1428571428571428,13,6,ACCTTTAGCCCCTTTCAAGA,7,3219141
recNp,0.2857142857142857,7,6,ACCACGGGCGCGGCCTAGGT,1,3222673
recNp,0.5714285714285714,9,6,ACATGCCCTCACGAATTATG,3,3248539
recNp,0.2857142857142857,7,6,ACAAGATTCTACGAAAAATC,1,3247921
recNp,136.28571428571428,959,6,AATTACAGGCAAGATGATTT,953,3250154
recNp,0.2857142857142857,7,6,AATGGGGTGGTATCTACAAC,1,3248019
recNp,1.4285714285714286,15,6,AATAAACTAACATCGATCCC,9,3220226
recNp,1.8571428571428572,18,6,AAGCATATTCACGGCCTCCT,12,3242991
recNp,1.7142857142857142,17,6,AACGTTTAACGACAACAATC,11,3225733
recNp,0.42857142857142855,8,6,AACACTCATTAGCATGTCAA,2,3233242
recNp,0.42857142857142855,8,6,AAACCTGTAAACCTTAAGAA,2,3231001
recNp,0.3333333333333333,6,5,TTTTGGCAGGCGGGTCATGA,1,3230305
recNp,0.5,7,5,TTTGGGGATCAAAGGTACTT,2,3248921
recNp,1.0,10,5,TTTAAGCGGACACCATGTCA,5,3240706
recNp,0.3333333333333333,6,5,TTCCAAGGTGCGCTTCATTG,1,3236696
recNp,0.5,7,5,TGTGCTCATAGCGTCTCAGT,2,3227948
recNp,0.5,7,5,TGTCCAGGACGGTTCAGCTT,2,3232298
recNp,0.3333333333333333,6,5,TGGGGTGGGGGCGTCTTATT,1,3217986
recNp,0.3333333333333333,6,5,TGCTATGTAATGTTCGCAGA,1,3253362
recNp,69.66666666666667,422,5,TGCAAGTTCTGTCGAACGTG,417,3240537
recNp,1.3333333333333333,12,5,TGACAAGACAATTAGCGGGT,7,3240774
recNp,0.3333333333333333,6,5,TCGTTTCCCCCCTTAGCTCC,1,3248982
recNp,0.3333333333333333,6,5,TCGTGAGTTCATCCGAGAGG,1,3242725
recNp,1.0,10,5,TCGCTCGGCCTCCAGTCTCA,5,3231586
recNp,0.3333333333333333,6,5,TCCTGGTGGACGTCCATGAT,1,3241131
recNp,0.5,7,5,TCCTGGCATGGCACTACCTG,2,3245200
recNp,1.3333333333333333,12,5,TCCCGCTTCACGCTGATTGT,7,3253904
recNp,0.3333333333333333,6,5,TCCCGCCAAGTCTGTAATCG,1,3229849
recNp,1.1666666666666667,11,5,TCCATATTCCCTTGTCAACA,6,3253065
recNp,0.3333333333333333,6,5,TCACTATGGTGAGAGGAACT,1,3248503
recNp,0.3333333333333333,6,5,TCACGCATGCATCTATACAC,1,3246364
recNp,1.3333333333333333,12,5,TATTTCGTCAAATAGGTTTT,7,3251685
recNp,3.0,22,5,TATGCGGCGTCGGGCTAGAT,17,3241405
recNp,1.8333333333333333,15,5,TATATAATCTCCTGCAAGAT,10,3247172
recNp,0.3333333333333333,6,5,TAGCCGCGGATATAGTCTAA,1,3246790
recNp,0.5,7,5,TAGCCATTTGTATCAAACTG,2,3220759
recNp,1.1666666666666667,11,5,TAGATACTAAGGTCCCAGGA,6,3253234
recNp,15.166666666666666,95,5,TAGATAAGCACACCAACCTA,90,3229305
recNp,2.5,19,5,TAGAATGACGGTTTCGGGTT,14,3239220
recNp,0.3333333333333333,6,5,TAAAGGCTTCTCTCAAAGCA,1,3224829
recNp,0.5,7,5,GTTCTTCTATATGAATCCCC,2,3246724
recNp,0.3333333333333333,6,5,GTGACCAGATTTGCCAACTA,1,3217330
recNp,116.66666666666667,704,5,GTAACATAAGCCCCCTTACA,699,3220018
recNp,0.3333333333333333,6,5,GGTCTCATTTGCTCAGACAA,1,3248570
recNp,0.5,7,5,GGTCCAGGTCTTCGGAGGAA,2,3244624
recNp,0.5,7,5,GGGTGCGACTGCGATAGTAA,2,3227427
recNp,0.3333333333333333,6,5,GGGGTGGAGGTATGGTCCAA,1,3243368
recNp,0.3333333333333333,6,5,GGGCCATGATTACCATATTG,1,3235091
recNp,0.5,7,5,GGGAAGCTTGACGCCGAGGT,2,3241320
recNp,6.0,40,5,GGCGGAGGTTTCTGGATCAA,35,3237812
recNp,0.5,7,5,GGACTGATATCTGCCCCAGC,2,3223374
recNp,1.1666666666666667,11,5,GGACGTGGTACAATCTAACC,6,3243751
recNp,144.66666666666666,872,5,GGAAGGGCGAAACTATAGGA,867,3226784
recNp,0.3333333333333333,6,5,GCTCGGGATTCTAGTAGATC,1,3218716
recNp,1.6666666666666667,14,5,GCGGATAGGCTACGAGATGC,9,3224176
recNp,0.3333333333333333,6,5,GCGCCGGCAGCGCCGGAGCG,1,3219038
recNp,1.0,10,5,GCATAGGTTAAGATCAGACT,5,3220898
recNp,0.5,7,5,GATTAATATACTAGATTTGT,2,3238590
recNp,151.33333333333334,912,5,GATGCAGGCATACTGTGCGC,907,3217551
recNp,0.3333333333333333,6,5,GATGACGTTGCTGTATTTGC,1,3237232
recNp,0.6666666666666666,8,5,GAGCAATACGTTCACTCCTC,3,3245353
recNp,1.1666666666666667,11,5,GACACGTCTCGGAACTGGGC,6,3238473
recNp,0.8333333333333334,9,5,GACAACATTCTATTTGGCTT,4,3229239
recNp,0.3333333333333333,6,5,GAACGACCAGAGCAGATCAA,1,3237947
recNp,2.0,16,5,CTGAACGATCTTGTCCGCTG,11,3225191
recNp,0.3333333333333333,6,5,CTCCTCTAAACTTACACTGT,1,3218079
recNp,0.5,7,5,CTAGGAACTATTACCTTATT,2,3243518
recNp,1.3333333333333333,12,5,CGGCAGCTAAACTTGGGCGC,7,3223352
recNp,1.8333333333333333,15,5,CGGAAATTATAGACTTTAGG,10,3229664
recNp,0.3333333333333333,6,5,CGCCACGATAGGTTTGTCAT,1,3225423
recNp,0.3333333333333333,6,5,CGATTCGTTATATTGTCATG,1,3249737
recNp,0.3333333333333333,6,5,CGATGTGTCACTCGTTTTTT,1,3222101
recNp,0.3333333333333333,6,5,CGACCAACAAACGCATCTAG,1,3242245
recNp,0.5,7,5,CGACCAAAAAACTTTATCCA,2,3241497
recNp,0.3333333333333333,6,5,CGAACGTACACTACGTGCAT,1,3216853
recNp,1.3333333333333333,12,5,CCTACTGATATCGCGATTTT,7,3219669
recNp,0.5,7,5,CCGTGGCTTTATGGACTATG,2,3254822
recNp,0.6666666666666666,8,5,CCGTATCGACTTCACTTTTG,3,3221287
recNp,0.5,7,5,CCCTCAAATTACACCGGGTC,2,3248156
recNp,0.5,7,5,CCCGGGCGAACTTCCGTTTC,2,3219754
recNp,1.8333333333333333,15,5,CCCCCTCTGACCAATGTCAC,10,3225199
recNp,1.3333333333333333,12,5,CCATTTATGCGATGTAAGGT,7,3246241
recNp,2.0,16,5,CCATTTAGAACTAGCACAAT,11,3251825
recNp,0.6666666666666666,8,5,CCAGCGTGTAGAACCCTTGT,3,3233836
recNp,0.5,7,5,CCAGAGACTTGTCGTGGCTC,2,3235955
recNp,0.3333333333333333,6,5,CCACTGAGTAAGGCGTGCAT,1,3236836
recNp,1.1666666666666667,11,5,CATTCATATATGGTCAAATA,6,3227423
recNp,0.5,7,5,CATTAAAGTAATATCTTTTG,2,3248120
recNp,0.6666666666666666,8,5,CAGCTCACAGTTCAATCTAG,3,3237567
recNp,0.6666666666666666,8,5,CAAGCCGAGGTAGTGACGAA,3,3253908
recNp,0.6666666666666666,8,5,CAACTCTTCATTTAAAGAGT,3,3254319
recNp,1.5,13,5,CAACGATATCCTGGCCATGA,8,3228864
recNp,0.3333333333333333,6,5,ATTCGGCGAGAAGTTGAGGA,1,3233156
recNp,122.66666666666667,740,5,ATGACAATGAATGGATATGC,735,3228402
recNp,0.6666666666666666,8,5,ATCTAAAGTGATTTGGTATG,3,3223233
recNp,0.3333333333333333,6,5,ATACTCACAGGTGCATCACC,1,3255890
recNp,0.8333333333333334,9,5,ATACGAAAACTCGACCGCGA,4,3236240
recNp,0.8333333333333334,9,5,ATACCGATACTCACCACCTC,4,3230956
recNp,1.0,10,5,ATACAGCCCGGCAAGCCGCT,5,3242879
recNp,65.33333333333333,396,5,AGTTTATTGGGGTACAGGAC,391,3234278
recNp,97.16666666666667,587,5,AGTTAGCTTGCACTACGCTT,582,3230385
recNp,0.8333333333333334,9,5,AGTAATATCAGTCCACGGGG,4,3232344
recNp,1.1666666666666667,11,5,AGTAACTCCCTATTGTTAAG,6,3255046
recNp,0.3333333333333333,6,5,AGCGTAACGCGTGTGAATCA,1,3251133
recNp,0.3333333333333333,6,5,AGCCTCCCTAAGAAAGCCCT,1,3223445
recNp,0.5,7,5,AGAACGCAATTACAAAGGTC,2,3216183
recNp,0.5,7,5,ACGTTGTTGTGCGCCCGGAA,2,3251741
recNp,0.3333333333333333,6,5,AATTAGCCATCTCCGTCACA,1,3239214
recNp,1.3333333333333333,12,5,AATGCTTTGGGCACTCTTAA,7,3221809
recNp,0.3333333333333333,6,5,AATGAATAACCTTCGGGCTG,1,3249829
recNp,0.3333333333333333,6,5,AATAGTTCATTGTGTGCTTA,1,3238013
recNp,123.83333333333333,747,5,AATACCATCTCGTTCTTGCG,742,3249949
recNp,159.83333333333334,963,5,AAGGTCCCAGCTGGTGCGGG,958,3250239
recNp,0.6666666666666666,8,5,AAGCAAGACCATTATCCCTT,3,3252756
recNp,73.16666666666667,443,5,AACGTATTTGCTACGCGTCG,438,3235461
recNp,0.3333333333333333,6,5,AACCGGCCCAAGGCAACGAC,1,3237708
recNp,1.1666666666666667,11,5,AAATCTTGGTAAGGACAAGG,6,3230256
recNp,0.6666666666666666,8,5,AAACCTAAACAATCAGCATC,3,3241661
recNp,0.5,7,5,AAAAGAAGTGACACTGGTGG,2,3231643
recNp,0.6666666666666666,8,5,AAAACCTCTCAACGCTGCTT,3,3230313
recNp,0.4,5,4,TTTTGTGTAGAGATGCACAT,1,3230419
recNp,0.8,7,4,TTTGATCCTATGTAGCGTTA,3,3242840
recNp,1.0,8,4,TTTCTCTGAGAAACACGATT,4,3248509
recNp,36.2,184,4,TTTCAGACGCACCTTCGCCA,180,3228870
recNp,2.0,13,4,TTTAGGGCCGAAGGCCAACA,9,3253379
recNp,0.4,5,4,TTTAGAGTCTCATCGGTGCC,1,3248844
recNp,0.6,6,4,TTGACGATCTGGTAGCCCGG,2,3249369
recNp,1.2,9,4,TTATAGGCGGGAAACGGGAC,5,3234646
recNp,0.8,7,4,TTAGTCGTGACAACTGGGAA,3,3228821
recNp,0.4,5,4,TTACTATCAAGTGTCCAGCG,1,3252850
recNp,2.2,14,4,TTACCTAACAACTAGCTGCG,10,3236307
recNp,1.2,9,4,TTAAAGTGTGTTATATGACA,5,3235360
recNp,0.4,5,4,TGTGTTAGCGTACGAGTTGC,1,3246189
recNp,1.0,8,4,TGTCTTCGGTCAGCCCTCAA,4,3248529
recNp,2.0,13,4,TGGGGTACTTTCTTTGGTTT,9,3254704
recNp,1.0,8,4,TGCGGCCGCGAAGCGCCTCT,4,3227435
recNp,0.4,5,4,TGACCAGCAGGCTCTGAACC,1,3228829
recNp,1.4,10,4,TGACAGTGGGCAGTGCTCAG,6,3244148
recNp,120.2,604,4,TGAATTTTTGTATGTGAACC,600,3229616
recNp,0.4,5,4,TCGCTCGGTCCAGTTGTCTA,1,3224920
recNp,0.6,6,4,TCGAAATGCGCAGCTCTAAA,2,3246760
recNp,1.6,11,4,TCCGATTAAAGGTCCCTCTG,7,3254324
recNp,0.8,7,4,TCCCTCGGGACCTCCGGCTG,3,3253558
recNp,1.0,8,4,TCCAGGTTTCTGGATGGAGC,4,3255738
recNp,3.0,18,4,TCAGAGCAGGGCCACAGAAC,14,3220081
recNp,0.6,6,4,TCAAGACTCTTAAAGATGGT,2,3251285
recNp,0.4,5,4,TATTCTTGCGGACCTCGGGT,1,3249787
recNp,41.4,210,4,TATGCCGCTTACCTACGCTA,206,3228721
recNp,1.0,8,4,TATCGGTCTATTTTCAGGCA,4,3248723
recNp,82.4,415,4,TAGTTGTTCTCATCCGTACG,411,3236230
recNp,1.0,8,4,TAGGTCTATAGACAAGCGTA,4,3234294
recNp,1.0,8,4,TAGGGGGCGCGATACGATTT,4,3230117
recNp,1.0,8,4,TAGATTATTACCCCAGCATG,4,3244964
recNp,0.4,5,4,TAGACCGGCTGAGTTTCGAT,1,3227648
recNp,0.4,5,4,TAAGCCCTTGGTGCGAGGCA,1,3253484
recNp,1.0,8,4,TAACGTGTCATGAGCTCGAC,4,3247599
recNp,1.6,11,4,TAAACGTCCTTTTACTTAGT,7,3254323
recNp,1.0,8,4,GTTTTCCGCTTGGCTTCGTC,4,3248960
recNp,0.8,7,4,GTTGTCGATTTTGGTACGGG,3,3249476
recNp,0.4,5,4,GTTGGTTGGGGGGGTCTAAA,1,3248343
recNp,1.0,8,4,GTTGGGAAAAAAACGGAAAT,4,3247251
recNp,0.4,5,4,GTGGACCAAGGACTCGAACC,1,3218502
recNp,0.6,6,4,GTCTGACCCATCACGCGGAT,2,3223335
recNp,0.4,5,4,GTCGGAAGTCGCTTATGGGT,1,3234597
recNp,0.4,5,4,GGTGGAACATGGAGTGTTAG,1,3255444
recNp,0.4,5,4,GGGAATCATAACTTTATACA,1,3216609
recNp,0.8,7,4,GGCATTGCAACAATGTGATA,3,3231146
recNp,0.8,7,4,GGATTGCTGGGGAAGAAGAA,3,3225209
recNp,0.4,5,4,GGATCTATTCGATAATACCC,1,3239291
recNp,0.4,5,4,GGAAATAAAGTAGAGGATCA,1,3254075
recNp,1.0,8,4,GCTCTGAACTGGGTGCTACT,4,3217130
recNp,0.6,6,4,GCTCGCCATAAATCACTCGA,2,3254300
recNp,0.4,5,4,GCGCATGGAGTGTAATACGT,1,3254583
recNp,0.4,5,4,GCCTTTGCGCTAACCCAGTA,1,3216714
recNp,1.4,10,4,GCATGGGGTAGGAAAGGTGA,6,3230315
recNp,0.8,7,4,GCAGCGTCTTAATGCGTCTG,3,3235528
recNp,0.8,7,4,GCACCCTTGTCATTCCCGTC,3,3236326
recNp,0.4,5,4,GATTCCTCCGTGCCATTCAT,1,3232076
recNp,0.4,5,4,GAGTGCCGTGCCCGGTTCTG,1,3234642
recNp,0.4,5,4,GAGGGACGCCGGCCCTCAAA,1,3252403
recNp,0.4,5,4,GAGCAGCGTAAGATTATTAC,1,3231489
recNp,0.6,6,4,GACGGGGAATTTGCGATTGT,2,3225709
recNp,1.4,10,4,GACATTATAGCCTAGGTCGG,6,3237906
recNp,0.8,7,4,GAATAGGCACACTGCGCGGT,3,3224188
recNp,151.4,760,4,GAACAGTGTTTCGGATAAAA,756,3245309
recNp,2.2,14,4,CTTGGGAGGAGGAGTTATGG,10,3230119
recNp,1.8,12,4,CTTGATTTCGGCGCGTGATG,8,3256010
recNp,0.8,7,4,CTGGAGTCATGGATTATCCC,3,3224298
recNp,0.4,5,4,CTGCTGGCGAAAAGATGTAT,1,3219416
recNp,0.4,5,4,CTCTCATTTCAGAGCACGGA,1,3251340
recNp,0.4,5,4,CTATGTGCTCTGCTTTTTTG,1,3239456
recNp,0.4,5,4,CGTTGCGATCACGGCATCTT,1,3236898
recNp,0.6,6,4,CGTCTTACCAGCTGGACGCA,2,3222320
recNp,1.2,9,4,CGCTAAATTAATTACACTGG,5,3230235
recNp,1.2,9,4,CGCGGTGTTTGTGATGTTCG,5,3251206
recNp,1.0,8,4,CGCCAACCCAGGGTATAGAA,4,3256065
recNp,163.8,822,4,CCTTCGGACTGTGTATATAT,818,3250752
recNp,1.0,8,4,CCGTTTTATTTTCTGGCCCC,4,3239758
recNp,0.4,5,4,CCGTACGGCTAGCGGACATA,1,3240410
recNp,0.4,5,4,CCGCTGGAAGGCGTGGTTTA,1,3234903
recNp,0.4,5,4,CCCGTACCCACGATCCCGAT,1,3230943
recNp,0.6,6,4,CCCCTGTGTTCTGACCACTC,2,3224386
recNp,1.2,9,4,CCCAAGCCATGCGCAACACA,5,3240139
recNp,0.4,5,4,CCATTGTTCTACTCCTGGTC,1,3254074
recNp,0.4,5,4,CCATGTTAATTGGTAAAACC,1,3255081
recNp,0.4,5,4,CCACCGCCTACTGTTGGACA,1,3233300
recNp,0.8,7,4,CCAATCAAACTCTCGAAAGC,3,3250766
recNp,0.4,5,4,CATACTGCGTAAGACCAGAC,1,3228826
recNp,0.4,5,4,CAGGCACATGTAAAGCGGCA,1,3238224
recNp,60.8,307,4,CAGCCGGCATTACCCGCTAT,303,3254135
recNp,126.0,633,4,CACCCCCGAGGGCGATGATC,629,3233120
recNp,0.6,6,4,CAATTCATGTGGTGCCGAGA,2,3232447
recNp,0.6,6,4,CAATGGCCATCAAACAAATG,2,3227849
recNp,0.4,5,4,CAAAGGCGGCGCCTTCGTCA,1,3239538
recNp,1.2,9,4,ATTGACTCCATTGGGATCCG,5,3217806
recNp,1.4,10,4,ATTAGGCTGTTGATCGGTTG,6,3246680
recNp,1.2,9,4,ATTAGCGATCAATGCGAGCA,5,3222638
recNp,0.6,6,4,ATCGTTTGAGGACCACGGTA,2,3237398
recNp,1.4,10,4,ATCGGGAATGGATGAGCCCG,6,3234963
recNp,0.6,6,4,ATCGACTTCGGCGTCTGGCA,2,3232333
recNp,0.4,5,4,ATCCTATATTCCTAAGTCAC,1,3224609
recNp,0.4,5,4,ATCAGTTTACGCGGGTACCA,1,3221775
recNp,0.8,7,4,ATATTTGAGTGCGCTCTGAG,3,3223880
recNp,0.4,5,4,AGTTAGGTAAACCGTTCAAA,1,3232259
recNp,0.6,6,4,AGTGGACATTTGTACATGCT,2,3253537
recNp,0.8,7,4,AGCCACCACCGTACGCCCTA,3,3224032
recNp,0.4,5,4,AGCAATTTCGTAATCGGAGT,1,3227444
recNp,1.4,10,4,AGATACTAGACTGTAGTCTT,6,3252054
recNp,191.2,959,4,AGAGGCGAGTCCCATCTAAA,955,3242871
recNp,1.4,10,4,AGACATGATGGTGGGACGGT,6,3252743
recNp,0.4,5,4,AGACACCCGTAGTCTGGGAT,1,3222220
recNp,0.4,5,4,ACTGCAGTCATAGGCGGGGA,1,3238898
recNp,0.4,5,4,ACTCCGGATATAGCACTGGT,1,3227628
recNp,0.4,5,4,ACTACTCAGCGGCTAAGCCA,1,3251272
recNp,0.8,7,4,ACGTTTTTCCATCGGAGAAT,3,3248251
recNp,1.2,9,4,ACCTTGATGCTCCTTAAAGA,5,3217621
recNp,0.4,5,4,ACATCAACTCGGAAACCTAC,1,3218378
recNp,0.4,5,4,AATCAGTGCACTCGATAGCG,1,3222931
recNp,2.0,13,4,AAGATTACTCATCCCAATTA,9,3225188
recNp,0.4,5,4,AAGAGTAAGAGGGAAAGGCA,1,3236860
recNp,1.8,12,4,AACTTTCCTGGTTCATTTAA,8,3216207
recNp,1.8,12,4,AACTGGGGGTCTGCGATCCC,8,3248532
recNp,0.4,5,4,AACCTCTTGCACGCACTCGC,1,3230410
recNp,2.4,15,4,AACAGTCAAGACTCACTGGG,11,3254329
recNp,3.8,22,4,AAAGGTTCGCCGCGTTCGCT,18,3230239
recNp,0.75,5,3,TTTGAAGCACCACCCTGAGT,2,3241068
recNp,0.5,4,3,TTCCCAGTACCGGTATCTCT,1,3222767
recNp,1.0,6,3,TTCAGGTACCCATTACCTTA,3,3227591
recNp,1.5,8,3,TTCACTATGACGCCCCGGAG,5,3244545
recNp,1.5,8,3,TTCACCCACTTTGTAGCAAC,5,3235861
recNp,0.5,4,3,TTCAAGCAATCGGATCTAAT,1,3235085
recNp,1.25,7,3,TGCAGTTTGAGCTTCCATCT,4,3230378
recNp,0.5,4,3,TGATCCAGGGTTGATTATTA,1,3224585
recNp,0.75,5,3,TCTTGATATCCCACCAAAGC,2,3226167
recNp,0.5,4,3,TCTCGGTAAACATTTGGCGC,1,3225453
recNp,3.0,14,3,TCTCCGGGTTGTGGGTTGAC,11,3249609
recNp,0.75,5,3,TCGTGGCTTTCTATACGTCT,2,3230317
recNp,1.75,9,3,TCGTAATGTTAAATCAAGCT,6,3232640
recNp,0.5,4,3,TCAGGAGCGCGTGTTAAATA,1,3229366
recNp,0.5,4,3,TCAACTGGTACAGGAAAAAA,1,3229462
recNp,0.5,4,3,TATTACCGCATTATGCTGTA,1,3243156
recNp,3.75,17,3,TATCTGCATGAACCCGGCTG,14,3232315
recNp,2.0,10,3,TACTCATGAGGCGGGTCGAT,7,3247842
recNp,1.25,7,3,TACGTCGGACGTCTCCGTGA,4,3248672
recNp,2.0,10,3,GTTTAGTGCAGCACATATAC,7,3216216
recNp,0.75,5,3,GTGCATATTATGGCTTGTGA,2,3230304
recNp,129.75,521,3,GTCTCCCTGGACTGGGCTAC,518,3228716
recNp,1.5,8,3,GTCGTTGACGGATCGTCCTC,5,3241892
recNp,139.0,558,3,GTCCTGCCCGGTGTTGCGAA,555,3244420
recNp,2.0,10,3,GTCATCTAGCGCTCCTATAA,7,3253864
recNp,0.5,4,3,GTAAGTTCCCATCCAACCCT,1,3222240
recNp,1.25,7,3,GTAAGGGTCTGATCTTCAGG,4,3227904
recNp,1.0,6,3,GGTCGGACACCCCGGACGCT,3,3247375
recNp,1.25,7,3,GGGATGGTCGATCACAGGCA,4,3240739
recNp,0.5,4,3,GGCAAGACCCCATACCGGCG,1,3234538
recNp,3.25,15,3,GGACTAGACTGGAGATGGCA,12,3247525
recNp,0.5,4,3,GGACAGGCGCTATCAAGCCC,1,3221161
recNp,1.75,9,3,GGAATTGATTCTTTAGAAGA,6,3217042
recNp,0.5,4,3,GCTCTGGTGATCTTACTTGG,1,3216987
recNp,0.5,4,3,GCGGTGACCGTATTTATATA,1,3243680
recNp,1.25,7,3,GCGGGGCGCCTTAATTATAT,4,3250643
recNp,1.0,6,3,GCGCCTGTAAGTGTATGCGA,3,3244642
recNp,1.0,6,3,GCGATTGTTTCACGGCAGTA,3,3239084
recNp,0.5,4,3,GCGACTGTTAATCGGGAGTT,1,3239579
recNp,177.5,712,3,GCCCTCGCTGGCGCGCTGGA,709,3229982
recNp,1.0,6,3,GCCAGGCTGGTGCAGCGAGT,3,3252689
recNp,0.75,5,3,GCAGGCGAACAATTGATCGC,2,3231445
recNp,1.25,7,3,GCACTGCAAAAACTCCGTCC,4,3235862
recNp,1.0,6,3,GCAATCGATATCGCCCTTCG,3,3248798
recNp,0.5,4,3,GCAATAGGCCTAAACCAGCC,1,3218429
recNp,0.75,5,3,GCAAGACCAAATCCCTGATC,2,3225637
recNp,1.75,9,3,GAGCATTCCAAATTGCAATA,6,3234995
recNp,8.5,36,3,GACCGCTATGGCACCTCACA,33,3223749
recNp,0.5,4,3,GAAACGGACAGGAAACGCTA,1,3225513
recNp,0.75,5,3,CTTTATTTTATATCGCGTAC,2,3254933
recNp,0.5,4,3,CTTGCACAGGCTCAGGGGTA,1,3216628
recNp,1.75,9,3,CTGCCAAATAGATTGTTTCG,6,3248346
recNp,0.5,4,3,CTCTGGGGGGTCGTTCACTG,1,3245226
recNp,0.5,4,3,CTCTATTACATCTTATTAGT,1,3241197
recNp,0.5,4,3,CTCTACTCTCTTGCTTGATC,1,3220613
recNp,0.5,4,3,CTCCACAGAAGATTGCATAG,1,3249923
recNp,2.0,10,3,CTACTGCATGCCCTAGGTAA,7,3220928
recNp,16.0,66,3,CTAATTGATGCAGTCTAACA,63,3236099
recNp,0.75,5,3,CTAACAACGATCCCTCTACC,2,3237861
recNp,2.5,12,3,CGTTTGCATGAGCGAGTTCT,9,3232792
recNp,1.75,9,3,CGTTATTGCGGCTTAAAGCC,6,3249610
recNp,1.5,8,3,CGTGACGTAAGTTGCGCCCC,5,3255980
recNp,89.25,359,3,CGTATGGGATCCCGTGAAAA,356,3254589
recNp,2.0,10,3,CGTATCTGCTCGTAATGTTA,7,3220656
recNp,0.5,4,3,CGGTCTATAACAGCGCAGCA,1,3218908
recNp,1.5,8,3,CGGCTACAAGAACCCCGTCG,5,3251430
recNp,1.25,7,3,CGCGGCCAGATCCGGCGTGC,4,3232329
recNp,2.0,10,3,CGCCGATGGGGGCCGGTGGG,7,3252647
recNp,3.0,14,3,CCTTCCACACCTATTTCGCA,11,3232458
recNp,0.5,4,3,CCGACTGTGATACGGGGCGA,1,3236022
recNp,0.5,4,3,CCGAATATACAACAATAGTC,1,3226603
recNp,1.0,6,3,CCCCTGCTCATCAGTGAACT,3,3238470
recNp,0.75,5,3,CCCCGCTTTTGATCGTGCTA,2,3249315
recNp,1.5,8,3,CAGGGTCACCGGTTTTTGTG,5,3250642
recNp,2.75,13,3,CAGATAACCCTATGAGAGAG,10,3232803
recNp,1.0,6,3,CAATACTCGTACCAATGATT,3,3255448
recNp,1.0,6,3,ATTTGAAGCTCGTCCGCCAC,3,3237797
recNp,1.5,8,3,ATTTCCACTGGTACCTGTCG,5,3254192
recNp,0.5,4,3,ATTCGCACGTAGTTTGCGTA,1,3220653
recNp,2.0,10,3,ATTATCTAGGAGTGGTACGA,7,3230870
recNp,0.5,4,3,ATGTGGAGCGCGGATGGAAT,1,3237433
recNp,1.5,8,3,ATGAAAGGCACTCCTCCCGC,5,3248348
recNp,1.75,9,3,ATCTTAGAGAACGGAAGTCT,6,3243638
recNp,0.5,4,3,ATCGGTCCCGCGCATTTGTT,1,3241481
recNp,0.5,4,3,AGCGGAGGCTGCTGTACGAC,1,3221622
recNp,1.0,6,3,AGCCTGTGAGTTCCGGCCCC,3,3227440
recNp,1.0,6,3,AGCCAGATCTTCCGTCCTTC,3,3232339
recNp,1.5,8,3,AGCACGGTACCCGAGTCAAT,5,3218576
recNp,0.5,4,3,AGATGCCCTCACCCCTTTTT,1,3250675
recNp,1.25,7,3,AGATCAAGTCAGTCAGTCAT,4,3248338
recNp,0.5,4,3,ACTTAACTTTTCGGGGACAC,1,3247717
recNp,1.25,7,3,ACTGGGTTTGCGGAGGACTA,4,3233222
recNp,0.5,4,3,ACTATGCGTAGATACTTATA,1,3232955
recNp,0.5,4,3,ACGATCCTTTGTAGGCTCAG,1,3233115
recNp,0.75,5,3,ACCTTTAGACTTGGGGATCC,2,3233185
recNp,0.5,4,3,ACACGCTTATGGTACCTTCC,1,3249375
recNp,0.5,4,3,AATTCTACTATTACAGGAGT,1,3255881
recNp,0.75,5,3,AATTAGCGAGCAATCAGCTG,2,3220927
recNp,3.25,15,3,AATGACTTCGGGCTTTGCTT,12,3253912
recNp,1.25,7,3,AATGACACAGGCGGTGCGGG,4,3245618
recNp,1.25,7,3,AAGGTGCCTAGGGACGCCAT,4,3238468
recNp,113.5,456,3,AAGGTCTGTGAGTGTTGCAT,453,3232659
recNp,3.0,14,3,AACTCGGGTTGGTAGAATGT,11,3226505
recNp,0.5,4,3,AACGGCCATCACGAAACCCT,1,3221049
recNp,0.5,4,3,AACACGCTGGATAGTTCCGC,1,3255827
recNp,0.5,4,3,AAAGGATCGCGCTAAGGTTA,1,3248498
recNp,2.0,10,3,AAACACGACTCTTACATAAC,7,3253861
recNp,0.6666666666666666,3,2,TTTTAACAGATCTTAGTGAA,1,3252745
recNp,0.6666666666666666,3,2,TTTCAGTTTCTCCGTCCGGA,1,3253383
recNp,4.666666666666667,15,2,TTCTATGCTGGAGATCAGCG,13,3256056
recNp,0.6666666666666666,3,2,TTATTAGCAAGTAACTTCAG,1,3254506
recNp,0.6666666666666666,3,2,TTATCTGTGCGGTATCGGCA,1,3242859
recNp,0.6666666666666666,3,2,TTACCCGTTCCCTACCAGAG,1,3255235
recNp,31.0,94,2,TTACAGGTGGTCGCGGTTGA,92,3245579
recNp,0.6666666666666666,3,2,TGTGTAGTTGAAAACCGCTG,1,3254214
recNp,0.6666666666666666,3,2,TGTATTCCTGTTACGGTCTG,1,3255793
recNp,0.6666666666666666,3,2,TGGAGTGAAGTGAGCCCTAG,1,3255439
recNp,250.66666666666666,753,2,TCGTTACTACCCCGCCGGCG,751,3249385
recNp,1.6666666666666667,6,2,TCGTTAACGACATTCATCTG,4,3246819
recNp,0.6666666666666666,3,2,TCGAATAGCAATAGACTTGT,1,3250476
recNp,0.6666666666666666,3,2,TCACACTTGGTGTCGTGCCA,1,3252994
recNp,1.0,4,2,TATCTGATGCACAGACTGAT,2,3242322
recNp,0.6666666666666666,3,2,TAGGTTGACAAATAAGGAAC,1,3218263
recNp,15.0,46,2,GTTGTAGAGTGTGAAGCAAA,44,3230450
recNp,1.0,4,2,GTTAGTGAAAACACGGGCTG,2,3238012
recNp,96.66666666666667,291,2,GTTAGAATGGGCTTGGGTGT,289,3230389
recNp,0.6666666666666666,3,2,GTTAGAACTCTGTCGTTGAT,1,3231199
recNp,1.0,4,2,GTTACTTTCCGGGGAACGAC,2,3242431
recNp,0.6666666666666666,3,2,GTGTACCGAACATCCAGCGT,1,3239383
recNp,0.6666666666666666,3,2,GTGGCCATCTGGCGATCTTT,1,3244273
recNp,0.6666666666666666,3,2,GTGACGCTCGTACTGTCCTA,1,3246818
recNp,1.6666666666666667,6,2,GTCTGTTTTCATAAATTAAT,4,3229033
recNp,0.6666666666666666,3,2,GTCCGACTTTTCACGGTTAT,1,3232979
recNp,1.0,4,2,GTAGTACACACGCTTGTGGG,2,3242402
recNp,0.6666666666666666,3,2,GTACCGCGACAATCGAAGGT,1,3241026
recNp,0.6666666666666666,3,2,GGTTCACTGTCGTTGAGCTG,1,3216557
recNp,1.3333333333333333,5,2,GGTCTGCCTCCAATGTTCCC,3,3247016
recNp,0.6666666666666666,3,2,GGGTTTGACATTATTATCGG,1,3232412
recNp,0.6666666666666666,3,2,GGGTCGATTTTCCCTCGAAA,1,3255248
recNp,0.6666666666666666,3,2,GGGAGAGGGGGTAAGGCGCT,1,3218011
recNp,4.666666666666667,15,2,GGCTAAGAGCTGATGATAAC,13,3238464
recNp,1.6666666666666667,6,2,GGCGTGCTGCTGTGAACTAA,4,3223637
recNp,3.0,10,2,GGCCCGGTTGAGTTCCTCAC,8,3252760
recNp,176.0,529,2,GGATTCACGCGGCTTTTCAT,527,3233003
recNp,1.6666666666666667,6,2,GGAGACGGTAGCCCCATTTA,4,3219018
recNp,0.6666666666666666,3,2,GGACTGAGTTAGTCACGTTA,1,3244828
recNp,0.6666666666666666,3,2,GCTATACTGCATAAGCCACG,1,3253382
recNp,0.6666666666666666,3,2,GCTACTACAAAGCTCCTGAT,1,3225450
recNp,1.0,4,2,GCTAACTGAGTCTTGTGTGC,2,3230103
recNp,2.0,7,2,GCCTGACCGTGGTCAGCCAA,5,3230144
recNp,69.33333333333333,209,2,GCCGCCTTCAAACAATAGTT,207,3250240
recNp,1.6666666666666667,6,2,GCCAAAGTCGGAGGACTCAA,4,3242782
recNp,0.6666666666666666,3,2,GCATCGGCGTTCGTTTCCCT,1,3235523
recNp,4.333333333333333,14,2,GCATCACGGTGGAGGAGCGT,12,3229160
recNp,0.6666666666666666,3,2,GCATAGTTTAGCATACTAAG,1,3238347
recNp,0.6666666666666666,3,2,GAGCTAGGGTACCCGTTCAC,1,3255300
recNp,3.3333333333333335,11,2,GAGCCGGGTGACGGGTTACG,9,3218265
recNp,0.6666666666666666,3,2,GACTATCCCCATTTCTGCCG,1,3244212
recNp,0.6666666666666666,3,2,GACCGGAACTGCGTGCAAAT,1,3240729
recNp,1.0,4,2,GAAGGTCATAGCAAGACTTG,2,3223332
recNp,2.0,7,2,GAAGGATTGTTCGTCCAGTT,5,3216225
recNp,1.0,4,2,GAAGGATCCACAGCTGATGG,2,3239806
recNp,1.3333333333333333,5,2,GAAATGCGTTTCTGTATCGA,3,3225184
recNp,2.0,7,2,CTTCGTCAGCGACAGCGTGT,5,3242394
recNp,0.6666666666666666,3,2,CTGTGTTCATGGACCGTATG,1,3233108
recNp,4.666666666666667,15,2,CTGCAGCCCCCTCCTGCAGC,13,3220897
recNp,1.6666666666666667,6,2,CTCCTACAACAAGATTTTGC,4,3240960
recNp,1.0,4,2,CTATGTTCGTTAGTGTTGGA,2,3256025
recNp,0.6666666666666666,3,2,CTAGTGAAGGACTATATTCG,1,3221934
recNp,1.6666666666666667,6,2,CTACGCCCCGCAGGGGACTT,4,3249613
recNp,1.6666666666666667,6,2,CTAACATGCGCTCTCTGAAG,4,3238465
recNp,1.3333333333333333,5,2,CGTTTGACAATTAGAGACTG,3,3254587
recNp,1.6666666666666667,6,2,CGTCTGGCCGCTTGTTCGGC,4,3222781
recNp,0.6666666666666666,3,2,CGGCTTCTATATTTCTTTTT,1,3219586
recNp,0.6666666666666666,3,2,CGCTACCTGGCTGCGAATTC,1,3221992
recNp,0.6666666666666666,3,2,CGACGTGGCTTATAGGGCGG,1,3220797
recNp,2.3333333333333335,8,2,CGAAGGTCGCCCTTATAAAG,6,3239773
recNp,0.6666666666666666,3,2,CCTTGAGTGTCTCATCCAGT,1,3252140
recNp,1.6666666666666667,6,2,CCGCTGCGCAAGGCATAGCA,4,3223392
recNp,1.3333333333333333,5,2,CATCAGCTCGCATACGGATC,3,3241120
recNp,1.0,4,2,CATCAACTAGCGTTCAATTG,2,3241072
recNp,1.3333333333333333,5,2,CAGTCTCCGAGCGTCCATTT,3,3223402
recNp,2.6666666666666665,9,2,CAGCTCAGCCCGATCAGTTA,7,3255875
recNp,0.6666666666666666,3,2,CACCGCTACTAATACCAATT,1,3231029
recNp,11.333333333333334,35,2,CACAATGCTCATTTCGATTT,33,3241305
recNp,0.6666666666666666,3,2,CAATTGGTTTAAGCTAGACA,1,3226142
recNp,0.6666666666666666,3,2,CAACTCAATATTCTTGTTGG,1,3220123
recNp,15.666666666666666,48,2,CAACTAGCGTCACGCTGGGC,46,3228407
recNp,0.6666666666666666,3,2,CAACATGTTTGCCGCAAGAG,1,3241967
recNp,0.6666666666666666,3,2,ATTTGGGGGGCGTGTACTGG,1,3248530
recNp,0.6666666666666666,3,2,ATTTGGCGTCGAGGATCCTT,1,3255127
recNp,0.6666666666666666,3,2,ATTGTAGTCCTGTATGTACC,1,3243178
recNp,1.6666666666666667,6,2,ATTAAACAAAAAGACTTATC,4,3248817
recNp,2.6666666666666665,9,2,ATGTCCAGACTTGTTATCAA,7,3225553
recNp,95.0,286,2,ATGTACCCCAGAACACTTCC,284,3255737
recNp,50.666666666666664,153,2,ATGGCCTGGCCGTCAGGAAT,151,3226992
recNp,3.0,10,2,ATGGCATCAGGGTGGAATAA,8,3236253
recNp,0.6666666666666666,3,2,ATGAAGTACGAACGAACAGC,1,3231602
recNp,1.3333333333333333,5,2,ATCTCCCCTTTTGCCTAAGG,3,3217209
recNp,2.3333333333333335,8,2,ATCATCAAAAGGCCTCGGAG,6,3252895
recNp,1.0,4,2,ATATGGCTTTCTCAGCAAAC,2,3217211
recNp,1.6666666666666667,6,2,ATAATGGCTTGCTTATCGCG,4,3240702
recNp,2.3333333333333335,8,2,AGGTCTTCAGGAAATACCGA,6,3216368
recNp,0.6666666666666666,3,2,AGGCTTAAACGTTCAGGGGT,1,3224928
recNp,0.6666666666666666,3,2,AGACTCCTCTGACCCTATGA,1,3245060
recNp,1.0,4,2,AGACATTAATTATATTCATC,2,3231802
recNp,1.3333333333333333,5,2,ACGTCCCTAGGGGATGCCTA,3,3221534
recNp,1.3333333333333333,5,2,ACGACAGTTACACTTACTTA,3,3239192
recNp,2.3333333333333335,8,2,ACCAAATTCAGGCCTTTTTG,6,3232118
recNp,4.0,13,2,ACATACGGCTCGTTCACGTC,11,3225389
recNp,0.6666666666666666,3,2,ACACAGACACTAAAGTTAAA,1,3219780
recNp,1.6666666666666667,6,2,AATTTCTCGATCGATCGGCA,4,3251723
recNp,0.6666666666666666,3,2,AATTCACCTCCGGACCAAGT,1,3224915
recNp,307.6666666666667,924,2,AATGGCACTACTCGCGGATC,922,3255385
recNp,1.6666666666666667,6,2,AATCTTCAGGCTGAGCCGTT,4,3243338
recNp,1.0,4,2,AATCCAGATCACTCGTCTGA,2,3223700
recNp,0.6666666666666666,3,2,AATAGGCACCTCACTGACGT,1,3231135
recNp,0.6666666666666666,3,2,AACTATGTTACGACACAAAC,1,3247597
recNp,0.6666666666666666,3,2,AACGGGGGGATTACCAAGCA,1,3252297
recNp,1.0,4,2,AACGACCACGTATATAGGCC,2,3237383
recNp,3.3333333333333335,11,2,AAAAGCAGAGAGTAGTATAA,9,3229431
recNp,2.3333333333333335,8,2,AAAACCTACTCAGCTACACA,6,3227630
recNp,1.5,3,1,TTTTCAAACTAAACACTTGC,2,3252829
recNp,1.5,3,1,TTTGGTGCTACTGATAGAGG,2,3245283
recNp,2.0,4,1,TTTCCGTATAATTTGGTGAC,3,3247632
recNp,1.0,2,1,TTGACGTACCTACGATGTAG,1,3232524
recNp,3.0,6,1,TTCTGCCGGGTGTGGGTTTG,5,3255199
recNp,3.5,7,1,TTCGTCCGTAACTAATGCCG,6,3226132
recNp,1.0,2,1,TTCCGCGGCTTATCTTAAGG,1,3243810
recNp,2.0,4,1,TTCAAGACAATGTCCACACG,3,3234537
recNp,1.0,2,1,TTCAAACTTTTTCAGGAGTG,1,3225310
recNp,2.0,4,1,TTAGTCGATGTTATGTCGAA,3,3253013
recNp,4.0,8,1,TTAGACGTACGAGCAGTCAA,7,3249305
recNp,2.0,4,1,TTAGAAACTACATTAGTGTG,3,3243335
recNp,1.5,3,1,TTACGCCGCGCGATATTCAT,2,3222351
recNp,2.0,4,1,TTACGAGACTGGTCAGGGGC,3,3232585
recNp,1.5,3,1,TGGGGGGTTCCGTCGCAGTA,2,3225428
recNp,1.0,2,1,TGGGCCTATATGGTCAATCT,1,3226536
recNp,1.0,2,1,TGCGTTTCAAGTTACCAGAA,1,3249314
recNp,1.0,2,1,TGCGCTCCGATTCCTCCCCC,1,3222571
recNp,1.0,2,1,TGCCTCGAAAAATCAGGACT,1,3220548
recNp,1.0,2,1,TGCAAACCGGGTAAGCGTTA,1,3254584
recNp,4.0,8,1,TGATGACGTCTGGCAGCTAA,7,3242648
recNp,4.0,8,1,TGAACATTCAAGTAATAACG,7,3218949
recNp,2.5,5,1,TCTGCGATTCTATCATTATG,4,3237955
recNp,2.5,5,1,TCGCCTAGAGGACCGGCTGG,4,3254592
recNp,1.0,2,1,TCCCCCAAGCACCTTGATAA,1,3231113
recNp,1.0,2,1,TCATCTGATCGTTCGCGGCA,1,3226834
recNp,7.0,14,1,TCAAGTTGCACACAAATACG,13,3220652
recNp,1.0,2,1,TATTATGCTCGAACCAAGAA,1,3227424
recNp,3.0,6,1,TATCTTAATCTCGGGTATCG,5,3253249
recNp,1.0,2,1,TACTCCTTGGTGCGGCTTTG,1,3247624
recNp,1.0,2,1,TAATGGCAGGGAAGGGAGTG,1,3236968
recNp,1.0,2,1,TAAGAAAGAAAGGCAACCCG,1,3254562
recNp,5.0,10,1,GTTCCTTAATTACAACGGTG,9,3248364
recNp,1.0,2,1,GTTACGAGTTGCCTTTCGTA,1,3234486
recNp,2.0,4,1,GTTAATAGGCGTTCCAGTTT,3,3252930
recNp,2.0,4,1,GTGACGCCCCAATCCCGATT,3,3225233
recNp,3.5,7,1,GTGAATACGCCCCGAGCCGA,6,3242596
recNp,2.0,4,1,GTGAAAGTGGCCCTATAAAC,3,3252185
recNp,3.5,7,1,GTCGATGCGCTCCCCTATGA,6,3236419
recNp,1.0,2,1,GTCCTTGGACTCAAGAGGAT,1,3230475
recNp,1.5,3,1,GTAATCGTCCTCTATTAACT,2,3247279
recNp,1.5,3,1,GGTTTAGAGCTGCTTTAGAT,2,3223827
recNp,1.0,2,1,GGTGAGCCCCTGAAAAGGGG,1,3230244
recNp,1.0,2,1,GGTCGGCGCGAACGCAAGGC,1,3227622
recNp,1.0,2,1,GGGGGGAATATATTTCCAGT,1,3246265
recNp,1.5,3,1,GGCATGTCAGGAATATAAAA,2,3235970
recNp,2.5,5,1,GGCACATAATATGACACTTG,4,3225893
recNp,2.0,4,1,GGATTTTAAATATACTTTAA,3,3230306
recNp,1.5,3,1,GGATGCTGCCCATTATTCAC,2,3225948
recNp,1.0,2,1,GGAGTTCCGCTCGTTGATTT,1,3235104
recNp,1.0,2,1,GCTTTGGTCTTGTGCCATCG,1,3223911
recNp,2.0,4,1,GCTCGCCATCGCGGGATGGC,3,3227380
recNp,4.5,9,1,GCGTTACCGTTCTAGTTGGG,8,3254326
recNp,3.0,6,1,GCGTCTATGATACACGTAAT,5,3246419
recNp,1.0,2,1,GCCTTCTAGGTGCTCCAATA,1,3238939
recNp,8.0,16,1,GCCCGCTTGCCAGCGTGAAA,15,3247085
recNp,1.0,2,1,GCATCGATGAGTCCATTGCT,1,3252761
recNp,1.0,2,1,GCAGCCCCCTTCTGATGAAC,1,3231033
recNp,2.0,4,1,GCACATTCAACCAGAGGTTT,3,3229328
recNp,1.5,3,1,GCACAGGTTACTAAATCGGC,2,3241122
recNp,1.0,2,1,GATTTTTCGTTTCACCTTCG,1,3219148
recNp,5.0,10,1,GATCTCCTCTCCTTGGTTAT,9,3249907
recNp,1.0,2,1,GATCAAACACAAAGTGTGGG,1,3250148
recNp,1.0,2,1,GATATTGCGCTTAGGATTCG,1,3255626
recNp,1.5,3,1,GAACGACTCCCGGCTAGGCG,2,3228340
recNp,1.0,2,1,GAAACCTTTCGAATGAATCC,1,3223329
recNp,1.0,2,1,CTTTAGTGTCTCTGTGCTCA,1,3226956
recNp,1.0,2,1,CTTGCGTCTATGTAGCGACG,1,3234618
recNp,1.0,2,1,CTTCGCATGTGAACTTCCCA,1,3255717
recNp,1.0,2,1,CTTCCGCCGATTGCGATCAA,1,3238142
recNp,2.0,4,1,CTTACACCGGACCCACTATA,3,3235088
recNp,2.5,5,1,CTTAATTCTGATGCATGGAA,4,3234038
recNp,439.5,879,1,CTGCATCCTTAGAGTTCAAA,878,3249990
recNp,1.5,3,1,CTGACGTATAACCAGCCAAG,2,3232801
recNp,1.0,2,1,CGTACCTACGTAGCGCGACA,1,3240057
recNp,1.0,2,1,CGGTGGCAGCGGACGGCGGG,1,3234084
recNp,1.5,3,1,CGGAGGACTAGATGCCAGGC,2,3243003
recNp,1.5,3,1,CGCGCCCAATGTCAGGTGGT,2,3230351
recNp,1.5,3,1,CGCCAACCAGTGGTGGGTTT,2,3229358
recNp,1.5,3,1,CCTACGCGGGAAACTCCAGG,2,3231591
recNp,1.0,2,1,CCGTCCGAATCAAGTGTGTC,1,3220381
recNp,1.0,2,1,CCGGATGATAAACGTCTCTC,1,3255819
recNp,1.0,2,1,CCCTCGCAACGTTCCAAGAA,1,3251903
recNp,1.0,2,1,CCCGACCGCGAAAGCTAGCA,1,3247106
recNp,2.5,5,1,CCATCCACGTTGTCGGGGAG,4,3247079
recNp,86.0,172,1,CCATATGGACAGGTGATGAT,171,3253261
recNp,1.0,2,1,CCAGCGAAGCGATCTCAGGA,1,3225307
recNp,1.0,2,1,CCAAAGTCGCTTAACGCTGG,1,3244279
recNp,2.0,4,1,CCAAACGATAGGCTATCTCT,3,3231289
recNp,1.5,3,1,CATTATTTACTACCTACTAT,2,3226845
recNp,1.0,2,1,CATGAGTTTTAGTTACCGGT,1,3251857
recNp,1.0,2,1,CATATAGAAGGTCTCGTATT,1,3250226
recNp,1.5,3,1,CAGGCGTAGACACAGACTCC,2,3236854
recNp,5.0,10,1,CAGCTGTCATTCTACGCTAT,9,3235364
recNp,1.5,3,1,CAGCTAACAGGAAGACATTT,2,3229433
recNp,1.0,2,1,CAGACTGCATGTTATGTTCT,1,3220074
recNp,1.0,2,1,CACTTCTATGTGGAGAGATC,1,3233542
recNp,1.0,2,1,CACGGGGAAATGAGCGCTGA,1,3228965
recNp,2.0,4,1,CACGGAGATATAAGCCCGCA,3,3237975
recNp,2.5,5,1,CACCTTGGCACGGGGAGGCT,4,3224957
recNp,1.0,2,1,ATTTTCAGAAGCTACAGTGC,1,3237745
recNp,2.0,4,1,ATTGTCCCGATGACATTACT,3,3219917
recNp,1.0,2,1,ATGCTACTTGCGTGGGCATA,1,3219915
recNp,2.5,5,1,ATGAACCCTGCATCTCAGAT,4,3220810
recNp,1.0,2,1,ATATGGGCAACCTTTCTGGT,1,3246685
recNp,5.5,11,1,AGTTGATGCCACCCGCTTTG,10,3245625
recNp,1.0,2,1,AGTCGGGTACGGGTATCCAG,1,3251799
recNp,1.0,2,1,AGGGTTTTTCGGCGTAGAGT,1,3246677
recNp,3.0,6,1,AGGCAATTGTAAGGCATAGC,5,3225970
recNp,4.0,8,1,AGGACATTTCGTCTCCTAGA,7,3252814
recNp,4.0,8,1,AGCCGTCAAGTGATGTTATT,7,3238245
recNp,425.0,850,1,AGCCGCCTTATTCAATGTGA,849,3249646
recNp,1.0,2,1,AGCAACAAGGCAACCGATGT,1,3225558
recNp,3.0,6,1,AGAGGGCTGAAACGGCGGGC,5,3245919
recNp,2.0,4,1,AGACGGGGAAGCGCTAGTGT,3,3248649
recNp,498.0,996,1,ACTCTTCGCCAACTCGGTAA,995,3239662
recNp,1.0,2,1,ACTCGCTAGTTTGTATGGAA,1,3247193
recNp,1.0,2,1,ACGTACTGGGGGGGTCGTAT,1,3220320
recNp,1.0,2,1,ACGCGTATGGGTGTGGAGGT,1,3251964
recNp,1.5,3,1,ACCCGCACGTGGCGCTTTCC,2,3251494
recNp,2.0,4,1,ACACACTCGCGCGTTTTCGC,3,3221491
recNp,1.0,2,1,AATTTATATTCCGGTATATC,1,3223380
recNp,1.0,2,1,AAGCCACTCAGGCACCAAGC,1,3254977
recNp,34.5,69,1,AAGAGTGAATTGCGTCCTGG,68,3229306
recNp,1.5,3,1,AACTACAGTGTTGCGCTCAG,2,3234533
recNp,3.0,6,1,AAATTTTCCGACGGCATTCA,5,3248340
recNp,1.0,2,1,AAATTCATAGTTGTTGATAG,1,3249895
recNp,240.5,481,1,AAAGGGTTTGATCAGACTAA,480,3249620
recNp,1.0,2,1,AAAAATTAATCAAAAGGGTA,1,3240593
recNp,0.008695652173913044,114,114,ACAGAGTATTGTGGTAGTTT,0,3220909
recNp,0.011494252873563218,86,86,TGGGCGGGCAGCGGCATTGG,0,3226180
recNp,0.012345679012345678,80,80,AGTGCCGCTGCCCCAGTCAC,0,3224450
recNp,0.0125,79,79,CCTTCATCTTGGAACGCGTG,0,3222881
recNp,0.01282051282051282,77,77,GTCGCGAGAGGTCCCAGTGA,0,3243112
recNp,0.013333333333333334,74,74,GTAGCACTTACCGTCGCTCA,0,3224605
recNp,0.013513513513513514,73,73,GTTTCCCGTGATCCAGCTCA,0,3219370
recNp,0.013888888888888888,71,71,TATCACCGACGAATACGAGT,0,3221861
recNp,0.014492753623188406,68,68,GAGACATAATCATATGGCGA,0,3217983
recNp,0.014925373134328358,66,66,TTATCGAGATCCAAGGGAAC,0,3222528
recNp,0.014925373134328358,66,66,CGTTTCACACGCCCCGGACA,0,3240229
recNp,0.014925373134328358,66,66,CAATAGTCCGTCCTAGGCCA,0,3250947
recNp,0.015384615384615385,64,64,CGGATCGTAGCCCCGCGTAC,0,3222121
recNp,0.015384615384615385,64,64,CATCCGGCAGTTTCATTCAA,0,3242067
recNp,0.015625,63,63,CTTGAGACCTCATCGCGGAC,0,3224858
recNp,0.016129032258064516,61,61,TCCGGTAATAGCCTTGTGCA,0,3226868
recNp,0.016129032258064516,61,61,GTTAGTGGACCCAATTCAGA,0,3216409
recNp,0.01639344262295082,60,60,GGAGTGCATTGAGCTATGTA,0,3228569
recNp,0.01639344262295082,60,60,ATGCCAGGCACTCGATATGT,0,3244492
recNp,0.016666666666666666,59,59,ACAGATTATCGGATGCTCGG,0,3218333
recNp,0.01694915254237288,58,58,GGGCGGGACCGTGCGCACAG,0,3230909
recNp,0.01694915254237288,58,58,CCCCATTCGCGGCAGGCGTA,0,3227730
recNp,0.01694915254237288,58,58,CAAATCCCAATCCTGGTCAG,0,3218017
recNp,0.01694915254237288,58,58,AGCTTTGCTATTGGGAGTAT,0,3239798
recNp,0.017543859649122806,56,56,TGTTTCAGGTATACATCTAT,0,3218496
recNp,0.017543859649122806,56,56,GAAGAGTGGAAATCATCCAC,0,3235771
recNp,0.017857142857142856,55,55,GATGGACTTAAACGAGCAAG,0,3253586
recNp,0.017857142857142856,55,55,CGCACCAAGTTTCAAGCAGA,0,3239757
recNp,0.017857142857142856,55,55,AGGTTATGCATCAGGCTGCA,0,3240447
recNp,0.01818181818181818,54,54,TTCTATCCGCCTAACTGTGA,0,3216241
recNp,0.01818181818181818,54,54,GGCAGGCTACGGCCCGCAAT,0,3228948
recNp,0.01818181818181818,54,54,GCCGGCTCGCTTTTCCCAAA,0,3229803
recNp,0.01818181818181818,54,54,AATGCGTAAGCAGACGGGGT,0,3217813
recNp,0.018518518518518517,53,53,TGTGGCCTGCGGGGCCTATG,0,3230774
recNp,0.018518518518518517,53,53,CCGGACCCTTCGCAAATCTT,0,3248283
recNp,0.018518518518518517,53,53,AGTGACTACTGTTCTGGAAG,0,3245973
recNp,0.018518518518518517,53,53,AGATATGCGTTAGCGGTGGA,0,3224323
recNp,0.018518518518518517,53,53,AAATCAACACATAGGCGAAT,0,3225650
recNp,0.018867924528301886,52,52,TACGTGTGAGTAGCGAGGCC,0,3217984
recNp,0.018867924528301886,52,52,TAATATCAACTCCTCGGCTC,0,3241745
recNp,0.018867924528301886,52,52,GAATTGTTGCACACGAAATT,0,3246267
recNp,0.018867924528301886,52,52,AGCGCATAAAAATCTCGATT,0,3224361
recNp,0.019230769230769232,51,51,TGTGATTGGTTCCCTCAACA,0,3238422
recNp,0.019230769230769232,51,51,TCGCTAAAACTTGTTCCATG,0,3226528
recNp,0.019230769230769232,51,51,TACAATTAGGCGCTGAGTAA,0,3236179
recNp,0.019230769230769232,51,51,CGAGTAACGAACGGCCCTGC,0,3255726
recNp,0.019230769230769232,51,51,CACACCGTTTCAGTAGCTCA,0,3219123
recNp,0.0196078431372549,50,50,GCAGACGCGACAGGTAGATT,0,3234981
recNp,0.0196078431372549,50,50,CTCTGGCGCCAGGCCCTCTA,0,3244672
recNp,0.0196078431372549,50,50,CGAGCTGTAAGCCTTTGGTA,0,3224831
recNp,0.0196078431372549,50,50,ATGCGGGCGAGGCTTAGCTT,0,3240669
recNp,0.02,49,49,TGGACCTATATGCGGCTCAA,0,3229466
recNp,0.02,49,49,TGCTACGTCTCCACTGTTGA,0,3243674
recNp,0.02,49,49,GGGACGGGAAACTCAAAAAC,0,3222752
recNp,0.02,49,49,CCCGGCTCTCAAGCGCGCTT,0,3219986
recNp,0.02,49,49,ATCCGACACGCGTGTTCTCT,0,3229152
recNp,0.02,49,49,AAACCCTTTACCGCGAGAGA,0,3226962
recNp,0.02040816326530612,48,48,TCTGGGCCTGTGTGGGAAGC,0,3228457
recNp,0.02040816326530612,48,48,TATGTCGTGTTATAATGCCG,0,3231523
recNp,0.02040816326530612,48,48,GGTGATTCTACAACCAAGGA,0,3236583
recNp,0.02040816326530612,48,48,CTTAACGTGGCACTTGCATG,0,3250167
recNp,0.020833333333333332,47,47,TGATAGTCATAGCCATCTTG,0,3232817
recNp,0.020833333333333332,47,47,TCGTATGATGCTCTCTTCCG,0,3226750
recNp,0.020833333333333332,47,47,TCGCACTATGGCAAGTGACT,0,3217877
recNp,0.020833333333333332,47,47,TATGCTAACCCCCAGGATAG,0,3220611
recNp,0.020833333333333332,47,47,GGTCCTGGACTAAGTACAAG,0,3236858
recNp,0.020833333333333332,47,47,GATTAGGCATCGTCACACGA,0,3244014
recNp,0.020833333333333332,47,47,CTGAACGACGGGTGAGTGTT,0,3218741
recNp,0.020833333333333332,47,47,CATCTCTTGGCCACCCTTGT,0,3243820
recNp,0.020833333333333332,47,47,CACTATGCGCACCTAGTGCC,0,3217032
recNp,0.020833333333333332,47,47,ACTCTTGACCCTTCCGTAAG,0,3219571
recNp,0.02127659574468085,46,46,GTGAGCAGACAGTGTGCGGT,0,3253533
recNp,0.02127659574468085,46,46,CGGGCGGATGCTATCCTCTA,0,3217823
recNp,0.02127659574468085,46,46,ACGGCTGAGTTGGGGACAAG,0,3239490
recNp,0.02127659574468085,46,46,AATTACTGTGTAACCGTGCA,0,3251234
recNp,0.02127659574468085,46,46,AAGCCTCTGTCGTTTCCGGT,0,3232519
recNp,0.021739130434782608,45,45,GCAATTTCCAAACCAGACAT,0,3228520
recNp,0.021739130434782608,45,45,CTGCGGACCCAGGCAGAATA,0,3222783
recNp,0.021739130434782608,45,45,CGTCAATCACGCTCTCGCTA,0,3217237
recNp,0.021739130434782608,45,45,CAAGGTGGCAGCCGTCGGAA,0,3235591
recNp,0.021739130434782608,45,45,AGCCGGGAGTATGGATCACC,0,3222533
recNp,0.021739130434782608,45,45,ACAGCATTCGAGATTTGTTT,0,3244931
recNp,0.021739130434782608,45,45,AAATGGTCCCAGGTAGAGAA,0,3250364
recNp,0.022222222222222223,44,44,TGACTCCACTATGGTTAACT,0,3233386
recNp,0.022222222222222223,44,44,TGACACTGAGAGGTCTAGGT,0,3221649
recNp,0.022222222222222223,44,44,TATCGTGATTATCGTGCCAG,0,3225064
recNp,0.022222222222222223,44,44,TAGCCAGTCTAAAGTGAGGG,0,3230526
recNp,0.022222222222222223,44,44,CTGCCTGGAGTAGGGATGTA,0,3226531
recNp,0.022222222222222223,44,44,CACCTTCTCCAATCCATCCT,0,3243557
recNp,0.022222222222222223,44,44,CAAACTCGCGTGGGCGCCTT,0,3223436
recNp,0.022222222222222223,44,44,AGGCTAGACCTCAGTTTGGC,0,3220438
recNp,0.022222222222222223,44,44,AGATCGGAAGGCAGAACACG,0,3219672
recNp,0.022222222222222223,44,44,ACGGTTTGCACCCCATAGTC,0,3227034
recNp,0.022222222222222223,44,44,AAGTGCGCGGAGATGGGATT,0,3219873
recNp,0.022727272727272728,43,43,TTGTTCCCTGGGACATTTGG,0,3216276
recNp,0.022727272727272728,43,43,TTAGAGTGGACGAGCAGATC,0,3248958
recNp,0.022727272727272728,43,43,GTCCGAGTTCGGTGCACGTA,0,3244385
recNp,0.022727272727272728,43,43,GGCCTGATCTATATTCGGGG,0,3228095
recNp,0.022727272727272728,43,43,GCTGACTCCACAGGTGCTAC,0,3230965
recNp,0.022727272727272728,43,43,CTCGCGGAGACATGCTCGTA,0,3222362
recNp,0.022727272727272728,43,43,AGCCGCGGGGACATCTCGAG,0,3252731
recNp,0.022727272727272728,43,43,AACTCCGTTTCGTTTGAAAG,0,3226596
recNp,0.023255813953488372,42,42,TGCGTAATCTCCTCAAGTTA,0,3221467
recNp,0.023255813953488372,42,42,TCTATATCACCTCTCAGGAA,0,3220220
recNp,0.023255813953488372,42,42,TAGACTCACCAGTAAGACAT,0,3225774
recNp,0.023255813953488372,42,42,GGGATCGGGCCAAACGATCG,0,3249657
recNp,0.023255813953488372,42,42,GACACCTTCCTGATTTACAG,0,3231370
recNp,0.023255813953488372,42,42,CCTAATCAACCATGCCTCCT,0,3238207
recNp,0.023255813953488372,42,42,CCGCAGAGCGGCACAATCCG,0,3226405
recNp,0.023255813953488372,42,42,CATCTTAACTGGGTACCAGA,0,3241222
recNp,0.023255813953488372,42,42,CAGGTTAATTACAATCCCAT,0,3238602
recNp,0.023255813953488372,42,42,CACCCAGTTAGTGGCCACAA,0,3219261
recNp,0.023255813953488372,42,42,CAAACGGAGTGACAAAGCAT,0,3243913
recNp,0.023255813953488372,42,42,ATTCCTGCGGATCACGACGT,0,3216819
recNp,0.023255813953488372,42,42,ATGAGCCTGCCTGGGCCGGA,0,3245158
recNp,0.023255813953488372,42,42,AATCCGCCCGTATGAGGTTG,0,3243627
recNp,0.023809523809523808,41,41,TTCCAGGAACGATATAGTCC,0,3240232
recNp,0.023809523809523808,41,41,TCCCCTAGTCGGCCAGTACT,0,3221197
recNp,0.023809523809523808,41,41,TATAATGGGTCAAGAGACCT,0,3234449
recNp,0.023809523809523808,41,41,TACTTAGATCAAGTCCGCTA,0,3237990
recNp,0.023809523809523808,41,41,GCACCGCGCCGGGATCCCGC,0,3234210
recNp,0.023809523809523808,41,41,CTGAAGTCGAACATCATTGC,0,3243001
recNp,0.023809523809523808,41,41,CAGCGCGTCTGAGTGCCGTT,0,3228455
recNp,0.023809523809523808,41,41,CACGGGTCCAGCCGTGGTGT,0,3224186
recNp,0.023809523809523808,41,41,AGGAATTATACAACACTTTT,0,3226972
recNp,0.023809523809523808,41,41,ACCGTTCCACCGGACATTAG,0,3254835
recNp,0.024390243902439025,40,40,TTGGCAATGGGTTACATGCA,0,3233582
recNp,0.024390243902439025,40,40,TGTTCGGAAATTGTGCCGAG,0,3228180
recNp,0.024390243902439025,40,40,TGTGCATCGCTCCGCCAGAC,0,3219121
recNp,0.024390243902439025,40,40,TCCAATCATTGATAGTATGT,0,3224485
recNp,0.024390243902439025,40,40,TCAGACTACACTATCCCGAA,0,3233289
recNp,0.024390243902439025,40,40,GTTCGCGTTATGTAGTAGGT,0,3218671
recNp,0.024390243902439025,40,40,GGCCGCGGAGGTTCCCCGAC,0,3220747
recNp,0.024390243902439025,40,40,CTGAGAGCGCTGCGGGATGC,0,3234897
recNp,0.024390243902439025,40,40,CACTAGGCACGTGGTCCGGT,0,3237988
recNp,0.024390243902439025,40,40,ATGGTACTTAAGATGCCGAA,0,3217884
recNp,0.024390243902439025,40,40,AGGACAGTACTTGAAACGAC,0,3220670
recNp,0.025,39,39,GTTCAATAGGACGAGGTATA,0,3237888
recNp,0.025,39,39,GCGTCCAGTCATTTCTCTTA,0,3250747
recNp,0.025,39,39,GCGAGGTTATCTGTGTCAGG,0,3249258
recNp,0.025,39,39,CTTGGCCCCTCGTCTTGGCC,0,3216954
recNp,0.025,39,39,CTGGGGCCTCGACGACACGA,0,3248932
recNp,0.025,39,39,CTAATTCGTCTGTGAAGGAA,0,3224026
recNp,0.025,39,39,CGAACCCCCTGCGTAATCGA,0,3244196
recNp,0.025,39,39,CCCTTTACAGAGTGCCGCTA,0,3226916
recNp,0.025,39,39,CACGTGAGGGGTGTTCCAGG,0,3223824
recNp,0.025,39,39,CACCAATCCTGACGTTCTCA,0,3240443
recNp,0.025,39,39,CAATAGCCAAAACCGATTAC,0,3250473
recNp,0.025,39,39,ATCGGCAGGCTCAAGTCTTC,0,3248894
recNp,0.025,39,39,AGGCGCGAAAATTGGGCACA,0,3222814
recNp,0.025,39,39,AGCGACCGTTAACAGGTGGG,0,3238834
recNp,0.025,39,39,ACATCTCGCTGGATACTGCA,0,3226134
recNp,0.02564102564102564,38,38,TTAATCCGGGAGCTAACTGT,0,3235322
recNp,0.02564102564102564,38,38,TGTGCCACGACTGGTTTACT,0,3216607
recNp,0.02564102564102564,38,38,TCTGGCGTGGTTTACCATAC,0,3243066
recNp,0.02564102564102564,38,38,TCGGACTCCATCAGCTCAAG,0,3222239
recNp,0.02564102564102564,38,38,TCGCTCAGAAGGTTGCCCAT,0,3230946
recNp,0.02564102564102564,38,38,GGGTCGTGATCTTCCCGAGA,0,3237974
recNp,0.02564102564102564,38,38,CTTTACCCCGCGGGAGCAAC,0,3222560
recNp,0.02564102564102564,38,38,CAAAACAGGTTCTCGTAGGT,0,3220073
recNp,0.02564102564102564,38,38,ATCGTGCGGCAGTACCACTG,0,3219417
recNp,0.02564102564102564,38,38,ATCCGTGAGCGCCCTTGTGT,0,3230911
recNp,0.02631578947368421,37,37,TCTGGAACCCGTCTACCCGG,0,3217953
recNp,0.02631578947368421,37,37,TCGATTGTGACCCGGCCCTG,0,3222529
recNp,0.02631578947368421,37,37,TCCCGGCACAGTCACGCATC,0,3239800
recNp,0.02631578947368421,37,37,GTGCTCAGCAATTGCAGCTG,0,3224136
recNp,0.02631578947368421,37,37,GTGCTAAGGCAGATAGTTTG,0,3229110
recNp,0.02631578947368421,37,37,GTGAGCAGTGACGCAATTGC,0,3233233
recNp,0.02631578947368421,37,37,GGTACATGCGCGGTTTCGCT,0,3248769
recNp,0.02631578947368421,37,37,GGATACTAGGGCCGTTCCAT,0,3236707
recNp,0.02631578947368421,37,37,GCTCATAAAAGCACTAAATG,0,3217272
recNp,0.02631578947368421,37,37,CTGTGGGACTGCGCATTGCG,0,3224604
recNp,0.02631578947368421,37,37,CGCCAAAACTTTCGCGCAAC,0,3235542
recNp,0.02631578947368421,37,37,CCTAGAAATACGTGCGACAG,0,3226003
recNp,0.02631578947368421,37,37,ATGGAGCCATGTAGAGGCCA,0,3226567
recNp,0.02631578947368421,37,37,ATCGGGTGCATTTCCTGGTA,0,3243370
recNp,0.02631578947368421,37,37,AGGTGAACGACGATCTCCGT,0,3238891
recNp,0.02631578947368421,37,37,AGAGCGCGGCGAGTAGACCA,0,3217478
recNp,0.02631578947368421,37,37,AATGCACGTAGATCATGGAA,0,3249475
recNp,0.02702702702702703,36,36,TTGCGATACACGTTCCCGTG,0,3218743
recNp,0.02702702702702703,36,36,TAATTGTTCTATTAATGGTC,0,3221565
recNp,0.02702702702702703,36,36,TAATCAGCGAGTCACCCAAG,0,3242965
recNp,0.02702702702702703,36,36,GTGCTCTACAATCGGATAAT,0,3253209
recNp,0.02702702702702703,36,36,GCTCGCCTGCAAGACATCGG,0,3217091
recNp,0.02702702702702703,36,36,CTCTTGGATACAAAAAAAGA,0,3241694
recNp,0.02702702702702703,36,36,CGGTAGTGCAGGGTTTGTAG,0,3220376
recNp,0.02702702702702703,36,36,CGCAAAAAATGTCCACAACT,0,3237857
recNp,0.02702702702702703,36,36,AGTCTATCATACTCTAGATT,0,3218497
recNp,0.027777777777777776,35,35,TTGTTTAAGGGGGCACTGTA,0,3237965
recNp,0.027777777777777776,35,35,TGTGGCTCCACGTTACTCGA,0,3246321
recNp,0.027777777777777776,35,35,TGCGAAATGCATGCCCACAA,0,3217703
recNp,0.027777777777777776,35,35,TGATGCTTTTGAGACGCGGC,0,3217800
recNp,0.027777777777777776,35,35,TCGCACCTGGCTATTCTCCA,0,3229331
recNp,0.027777777777777776,35,35,GTGACGAGAAATCAAATATA,0,3230342
recNp,0.027777777777777776,35,35,GTACGCACCCCCCATCCGAT,0,3224382
recNp,0.027777777777777776,35,35,GTAATCAGGGGCGCGGTCTT,0,3255253
recNp,0.027777777777777776,35,35,GCGTAAGTGAGGGCACTGTA,0,3236518
recNp,0.027777777777777776,35,35,GCGGCTACTCCGATTGTATA,0,3224362
recNp,0.027777777777777776,35,35,GCCGTGGGGAGGTCTGCGGT,0,3229527
recNp,0.027777777777777776,35,35,CGTCGGTAGTATATGCGTAC,0,3218548
recNp,0.027777777777777776,35,35,CCGATAACATGTGATAGCGG,0,3220848
recNp,0.027777777777777776,35,35,ATTTTGGCTTGTATTCCGCT,0,3237149
recNp,0.027777777777777776,35,35,ATGCAGCCGCGGTAAGTGGT,0,3218970
recNp,0.027777777777777776,35,35,ACGAGGTCTGCTATTCACAA,0,3230493
recNp,0.027777777777777776,35,35,ACGACCGTCAAGAGTCGAGT,0,3243562
recNp,0.027777777777777776,35,35,ACAGATTCTTTCTAAGGCAG,0,3232872
recNp,0.027777777777777776,35,35,AACCCCTCCCTAGGGAACAA,0,3216411
recNp,0.02857142857142857,34,34,TTTATCCCTCCGATGGACGA,0,3223469
recNp,0.02857142857142857,34,34,TGAGGCATTCGGTCACGGAA,0,3216802
recNp,0.02857142857142857,34,34,TGAACCCAGAACGACCACCA,0,3244730
recNp,0.02857142857142857,34,34,TCTAGGCGTACCACCACGGG,0,3217476
recNp,0.02857142857142857,34,34,TCCGCTCGTGGTCAGAGGAA,0,3223970
recNp,0.02857142857142857,34,34,TCACACTGCCCAGATCTTAA,0,3226855
recNp,0.02857142857142857,34,34,TAGGACATCGGAAGTGCCAA,0,3242490
recNp,0.02857142857142857,34,34,TAAAGGATCATGCACCCTGA,0,3226939
recNp,0.02857142857142857,34,34,GTGTAAGTACGGATGCATTC,0,3251651
recNp,0.02857142857142857,34,34,GATCGAAGGTTACTAAGCCG,0,3225475
recNp,0.02857142857142857,34,34,CGTGCGAGCGTTAGCACCTG,0,3220364
recNp,0.02857142857142857,34,34,CGTATCTTGGGCGGTGCCCA,0,3222285
recNp,0.02857142857142857,34,34,CGCGTGATTTACAAATCCCA,0,3255546
recNp,0.02857142857142857,34,34,CGCAGTTTTAAGTTCGATAG,0,3252314
recNp,0.02857142857142857,34,34,CAGATAGTGCCGTGCACCAT,0,3233720
recNp,0.029411764705882353,33,33,TGGTTCACGGAGTCCAAGAA,0,3245092
recNp,0.029411764705882353,33,33,TGGAGTCGCTGGAATGATGA,0,3225336
recNp,0.029411764705882353,33,33,TATCGATTTTGCCATCGAAC,0,3242323
recNp,0.029411764705882353,33,33,GTGTCCGACTGAGACTAAGG,0,3224850
recNp,0.029411764705882353,33,33,GTGAAGTCCCAGGATAGCCA,0,3254827
recNp,0.029411764705882353,33,33,GTCTATCAAACGTGCCTCCT,0,3216783
recNp,0.029411764705882353,33,33,GTAAGACACTGGTCAGAGGT,0,3239852
recNp,0.029411764705882353,33,33,GGGATTGACCAGGGTCGTCT,0,3236513
recNp,0.029411764705882353,33,33,GGCAATACGGTTGTTTGTCG,0,3242289
recNp,0.029411764705882353,33,33,GATAATATGAACGCTATGAG,0,3222064
recNp,0.029411764705882353,33,33,GAGTCGTAATTTTCCGTATG,0,3217073
recNp,0.029411764705882353,33,33,GAATCGGCCGTCTTAAGGTA,0,3220230
recNp,0.029411764705882353,33,33,CTCGGAGGGCAGCCCATTTT,0,3228163
recNp,0.029411764705882353,33,33,CGATGGAATGGGTTTCTAGT,0,3225809
recNp,0.029411764705882353,33,33,CCAAATGGAGTGGAAAGAAT,0,3231159
recNp,0.029411764705882353,33,33,CACTGAGCTTAAAGTGAATC,0,3227033
recNp,0.029411764705882353,33,33,CAACAGCTCTCAGGGCACTG,0,3247332
recNp,0.029411764705882353,33,33,ATTTTCATAGCCAGGAACAG,0,3247006
recNp,0.029411764705882353,33,33,ATGTGACTGGGGTTGTCATC,0,3222838
recNp,0.029411764705882353,33,33,ATGCGGAACTGCATAAACCG,0,3237640
recNp,0.029411764705882353,33,33,ATAAGAATTGCTATAGAGTT,0,3225145
recNp,0.029411764705882353,33,33,AGGTTATCGCGTAGTCACAA,0,3249943
recNp,0.029411764705882353,33,33,AGGTCACATAGGACAATGTG,0,3219005
recNp,0.029411764705882353,33,33,ACGTGGAGCTTATTAACACT,0,3244674
recNp,0.029411764705882353,33,33,ACAGTCTGGGATGGCAATTT,0,3240680
recNp,0.029411764705882353,33,33,AAGAGGAGTGGGTGTGCGGT,0,3245260
recNp,0.030303030303030304,32,32,TGGGGTCAAAGAATACGGTC,0,3242408
recNp,0.030303030303030304,32,32,TGGCCGATGAGGAAAACACA,0,3219752
recNp,0.030303030303030304,32,32,TCTATTAATTATAAGTCACA,0,3219226
recNp,0.030303030303030304,32,32,TACCAACAGCAAACGCTTGG,0,3220116
recNp,0.030303030303030304,32,32,GTCGCGTCTTTATCTGCGTG,0,3228468
recNp,0.030303030303030304,32,32,GGTTGGCGAGACCAGCCAAG,0,3248137
recNp,0.030303030303030304,32,32,GAAGGCGGAAGAGAGGAACA,0,3231606
recNp,0.030303030303030304,32,32,CAGTGGCCCCCCGCAAATAC,0,3222782
recNp,0.030303030303030304,32,32,CACAGACTGACGGCGCGAGA,0,3255428
recNp,0.030303030303030304,32,32,ATGGACTTAGCAGTCGCACG,0,3224145
recNp,0.030303030303030304,32,32,AGGGCGGCAGACCAGTGCGC,0,3219227
recNp,0.030303030303030304,32,32,AGACAGTTCACACACCGTGA,0,3240233
recNp,0.030303030303030304,32,32,ACTACTCAATGAAGTCTTGC,0,3224449
recNp,0.030303030303030304,32,32,AAATCAGCGTTTTACGCACA,0,3236723
recNp,0.03125,31,31,TTGTATGCGTTGTGTAAACC,0,3245157
recNp,0.03125,31,31,TTCGCAATATGACCGGTTAT,0,3229995
recNp,0.03125,31,31,TGGAATACGACGAGTTATTG,0,3250498
recNp,0.03125,31,31,TCGGTTATGTACGGTTGACG,0,3230086
recNp,0.03125,31,31,TCCTGCATGAACAATAGGGC,0,3223504
recNp,0.03125,31,31,TCATAGATGTCGCGTTCTGA,0,3235189
recNp,0.03125,31,31,GTCCTTCGGGTCACCGGGTT,0,3243927
recNp,0.03125,31,31,GTAAGTGCGCGAGCGCATTA,0,3223648
recNp,0.03125,31,31,GGCCTTATCTATCTGGACCA,0,3247199
recNp,0.03125,31,31,GGCCAATCACTAAAGGATAA,0,3222633
recNp,0.03125,31,31,GACATCATACCGCAGAGTCA,0,3222301
recNp,0.03125,31,31,CGCTTACAAAAGACTTAATA,0,3234892
recNp,0.03125,31,31,CCCCAACATTCAGGCGGTAC,0,3239301
recNp,0.03125,31,31,CCATAGTCCATATCCGCGGC,0,3226012
recNp,0.03125,31,31,CAGCAAGAGCAGTAAGGACG,0,3242401
recNp,0.03125,31,31,ATGGTTTCTATGTATAAGAA,0,3240144
recNp,0.03125,31,31,AGGTGTTTAGAAGCACAGCC,0,3218336
recNp,0.03125,31,31,AGCTTCTGGAGTGCCTGCGG,0,3224443
recNp,0.03125,31,31,AGCGATCTAGCAGTCAACCC,0,3255941
recNp,0.03125,31,31,ACTATTGATCAAGTTTGGGT,0,3247864
recNp,0.03125,31,31,ACGGGGAAGGCATCATCGTA,0,3236995
recNp,0.03125,31,31,ACCCATTAAGAAGGTACAGT,0,3219674
recNp,0.03125,31,31,AATGGGTTATTCCGCCCCGT,0,3219144
recNp,0.03225806451612903,30,30,TTCTTGTCTGCATACGCACA,0,3218404
recNp,0.03225806451612903,30,30,TTCAGCCGATCTTGATTCCC,0,3242511
recNp,0.03225806451612903,30,30,TTACTCGCGTACGAGGGAGT,0,3222598
recNp,0.03225806451612903,30,30,TGTAAGGTTCTAAAGCTCAT,0,3252017
recNp,0.03225806451612903,30,30,TCGTCCAATCTCATAGGTCT,0,3222809
recNp,0.03225806451612903,30,30,TCCCTCGCCTTTGTTCCCAC,0,3247191
recNp,0.03225806451612903,30,30,GTAAAAAAAGCGTCAAGCTA,0,3216631
recNp,0.03225806451612903,30,30,GGTTCCGGGATTGATCATTA,0,3222785
recNp,0.03225806451612903,30,30,GGTATGGCTGGACAATGGGA,0,3248600
recNp,0.03225806451612903,30,30,GGCCACTGGCGATGTCATTA,0,3252161
recNp,0.03225806451612903,30,30,GCTGTCACGAAGCGCTTTCT,0,3219436
recNp,0.03225806451612903,30,30,GCTGGCTCAATGAAATCGGT,0,3243361
recNp,0.03225806451612903,30,30,GCCGACACGGTTTGCGCAGC,0,3218468
recNp,0.03225806451612903,30,30,GCAAGTAATCGGAACTTAGT,0,3246503
recNp,0.03225806451612903,30,30,CTCAAGGGATACTTGGTAGC,0,3222252
recNp,0.03225806451612903,30,30,CTAATAGATAGGTTGGCACC,0,3230254
recNp,0.03225806451612903,30,30,CGTTGGCCGTAATATGGCCT,0,3252872
recNp,0.03225806451612903,30,30,CGTAGCCGTTATATAACATG,0,3220199
recNp,0.03225806451612903,30,30,CGGTCCATCAGGTATGGGTC,0,3237648
recNp,0.03225806451612903,30,30,CGCTATAGGTGCTCGATATT,0,3224642
recNp,0.03225806451612903,30,30,CCGTTAGGGTTATATCCCAT,0,3225648
recNp,0.03225806451612903,30,30,CCGCATGTTAAGGGCTGGTT,0,3218094
recNp,0.03225806451612903,30,30,CCACGACAGTCAAGTCGAAC,0,3246575
recNp,0.03225806451612903,30,30,CCAATGAGGACTTGTGATGT,0,3227078
recNp,0.03225806451612903,30,30,CCAACGGGCCTCTGCATCTA,0,3250986
recNp,0.03225806451612903,30,30,CATTAGGGGCAACTGCTCGT,0,3233008
recNp,0.03225806451612903,30,30,CAAGTAGTCATAGCACTGAA,0,3246206
recNp,0.03225806451612903,30,30,ATAGGATATGGTTAATCTCT,0,3243454
recNp,0.03225806451612903,30,30,AGGTCGTATAGTGCTCTGTT,0,3244858
recNp,0.03225806451612903,30,30,AGGACACCGCACGGCTGCGC,0,3226358
recNp,0.03225806451612903,30,30,ACGAATTGCAGAAAGAGCTA,0,3253387
recNp,0.03225806451612903,30,30,AATCGGGTTAGGCCAAGAAA,0,3217414
recNp,0.03225806451612903,30,30,AAGAGACCCCTCAGAACTCT,0,3223208
recNp,0.03333333333333333,29,29,TTCGATGTTCTGAGTGTCAT,0,3235019
recNp,0.03333333333333333,29,29,TGTGTCCTAATATTTAACTC,0,3244354
recNp,0.03333333333333333,29,29,TGTATCCCGCTCCCTACTAG,0,3253642
recNp,0.03333333333333333,29,29,TGGCCATACGAGATCACCTG,0,3251144
recNp,0.03333333333333333,29,29,TCTCAGAATTGGTTCTCGTT,0,3251775
recNp,0.03333333333333333,29,29,TCGCGACCGAGGTTATGCGA,0,3245926
recNp,0.03333333333333333,29,29,TCAGAGGGTGGGTCGTGGAC,0,3229591
recNp,0.03333333333333333,29,29,TAGATGAGAACATTGATGCT,0,3222496
recNp,0.03333333333333333,29,29,TACAGATTTTATATTTACTG,0,3218464
recNp,0.03333333333333333,29,29,GTGGCGCGTGTCTGGCGAAA,0,3238084
recNp,0.03333333333333333,29,29,GTCTTTGCCTTGCTCGCTGT,0,3242268
recNp,0.03333333333333333,29,29,GGCGCCTTAACGAGCTCGCT,0,3232736
recNp,0.03333333333333333,29,29,GCGGGGATGGCCGCAGACGG,0,3243830
recNp,0.03333333333333333,29,29,GCGAGTCCCTCAGCCCGCTT,0,3241172
recNp,0.03333333333333333,29,29,GCCGTTCGTCACTGTTTCGG,0,3252724
recNp,0.03333333333333333,29,29,GCCGAGGAGCGTTCCACCGT,0,3236971
recNp,0.03333333333333333,29,29,GACTTGATATTAACTTGAAT,0,3219003
recNp,0.03333333333333333,29,29,GAATCATGGTCAATCGTACG,0,3249345
recNp,0.03333333333333333,29,29,GAAGTGGCTAATGTGCACGT,0,3247446
recNp,0.03333333333333333,29,29,CTTTAACGGTACCTGTTCAT,0,3250025
recNp,0.03333333333333333,29,29,CTTGAGAGGTAGAGAGCCGA,0,3222561
recNp,0.03333333333333333,29,29,CTGTTACTTAAGGGGTAGGT,0,3253331
recNp,0.03333333333333333,29,29,CTCTGCCTCATGTCTGTCAG,0,3247647
recNp,0.03333333333333333,29,29,CTCCGTTAATCGCTCCACGA,0,3221433
recNp,0.03333333333333333,29,29,CTACTGCTTTTTAACCACAT,0,3243462
recNp,0.03333333333333333,29,29,CGGGTTCACAGGTACCGTTA,0,3229748
recNp,0.03333333333333333,29,29,CGGGTCAGCTGGCAGTCATT,0,3217194
recNp,0.03333333333333333,29,29,CGGACTTTCCCGTTTACTGT,0,3245981
recNp,0.03333333333333333,29,29,CCTGTGCGCCTTCCGGTAAA,0,3232926
recNp,0.03333333333333333,29,29,CCTGGCACTAATGTCTTGTT,0,3247741
recNp,0.03333333333333333,29,29,CCGAGAGTTGAACCTTCAGC,0,3239547
recNp,0.03333333333333333,29,29,CCACACATAGCCTGCGAGCG,0,3240296
recNp,0.03333333333333333,29,29,CACCGGGGCTGAGAGCACGT,0,3227882
recNp,0.03333333333333333,29,29,AGTTGCGGCACGGTGCATAA,0,3233746
recNp,0.03333333333333333,29,29,AGCGCGAGGGGCTGGCAATC,0,3229869
recNp,0.03333333333333333,29,29,AGCACCTTCTGAACGTCACA,0,3235793
recNp,0.03333333333333333,29,29,ACGTGGGGGGAAGTAGTGGG,0,3230297
recNp,0.03333333333333333,29,29,ACCCCCTCCTCTTATGAAGA,0,3216723
recNp,0.03333333333333333,29,29,ACAGAACGCGTATTAACATG,0,3234867
recNp,0.03333333333333333,29,29,AATGCATCAGTCGTGACATC,0,3239271
recNp,0.03333333333333333,29,29,AATGAACGGTACGACTGGTT,0,3235641
recNp,0.03333333333333333,29,29,AAGCTCGGGCGGGGTTAGAA,0,3239397
recNp,0.034482758620689655,28,28,TTTAAAAGTCCCGAAGAGTA,0,3234982
recNp,0.034482758620689655,28,28,TTGGCCTTAGATAGAGGATC,0,3222191
recNp,0.034482758620689655,28,28,TTGCAGGCTCCGGGGGCAAT,0,3254687
recNp,0.034482758620689655,28,28,TGGAAGGTTTAAATAGTCGC,0,3219676
recNp,0.034482758620689655,28,28,TGCGCTCGTTGGATCAGAAC,0,3221540
recNp,0.034482758620689655,28,28,TCTGAGATAAGCCGCTAGGG,0,3220815
recNp,0.034482758620689655,28,28,TCGTAAGTTATGTGCGTTCT,0,3219131
recNp,0.034482758620689655,28,28,TCGAGCATAAAGGGGTCCAT,0,3234482
recNp,0.034482758620689655,28,28,TCGAAATTTACGGTCACTGC,0,3226591
recNp,0.034482758620689655,28,28,TCCGTGCCATCTATCTTCCT,0,3232266
recNp,0.034482758620689655,28,28,TAGCTGTGCAAACGGAATAG,0,3250751
recNp,0.034482758620689655,28,28,GGGAGAGTGGTTTAGGTATG,0,3239857
recNp,0.034482758620689655,28,28,GCGATAATTAGCTTCTTTAT,0,3233038
recNp,0.034482758620689655,28,28,GCAGCGACCTGTAGAATTTC,0,3217758
recNp,0.034482758620689655,28,28,GATGGCTCCTAGAGTTTGTG,0,3243715
recNp,0.034482758620689655,28,28,GAGCAAAGGCACTGATAAGT,0,3231133
recNp,0.034482758620689655,28,28,GACGCTCGTGTTGCTTTGTC,0,3227077
recNp,0.034482758620689655,28,28,GAAGGGAATTCGCGTCAACC,0,3221923
recNp,0.034482758620689655,28,28,CTCAAGTCCCGGGTCTCACG,0,3221376
recNp,0.034482758620689655,28,28,CGCGCGGTCGGCATAGTGAT,0,3233553
recNp,0.034482758620689655,28,28,CCTTGCTTCCCTGGGAGCTG,0,3247052
recNp,0.034482758620689655,28,28,CCAGTAACAGTGAGACTGTT,0,3217072
recNp,0.034482758620689655,28,28,CAGGGATAGCAGCACAGTGT,0,3249817
recNp,0.034482758620689655,28,28,CACTGACAGGTATCACGCGA,0,3225618
recNp,0.034482758620689655,28,28,CAAACCACTGAGGGCCAGCA,0,3245055
recNp,0.034482758620689655,28,28,AGTGGAGCAGTCCAGAAGTG,0,3246279
recNp,0.034482758620689655,28,28,AGTAGGACGTAGTTCTCGTA,0,3241075
recNp,0.034482758620689655,28,28,AGATAGAGGGCCACGCGGTC,0,3219885
recNp,0.034482758620689655,28,28,AGACGCTCAACGCGAACGAA,0,3245691
recNp,0.034482758620689655,28,28,ACGCTAATCGTGTTCGGCGG,0,3232445
recNp,0.034482758620689655,28,28,ACCCCGGTACTGCTCCCAAA,0,3254304
recNp,0.034482758620689655,28,28,ACAAATCATCCACGCAATGG,0,3240655
recNp,0.034482758620689655,28,28,AATACAGACTCTTCTCCCTA,0,3222894
recNp,0.034482758620689655,28,28,AAAGGTGTAGCGGGACAGAG,0,3244818
recNp,0.03571428571428571,27,27,TGTCTGGCCAGAAATAGTTC,0,3216417
recNp,0.03571428571428571,27,27,TGTCAACTTCATAACCCTCA,0,3228608
recNp,0.03571428571428571,27,27,TCGGGCTAGAATGACCAGGA,0,3222671
recNp,0.03571428571428571,27,27,TCGGATGTGTTGCACAATTT,0,3234912
recNp,0.03571428571428571,27,27,TCCGCTGATTCTGGGCAATA,0,3247649
recNp,0.03571428571428571,27,27,TCAGGTTACCTACTGCGGAG,0,3231799
recNp,0.03571428571428571,27,27,TCACAGCATGATACTGATAT,0,3228993
recNp,0.03571428571428571,27,27,TATCGTAAACGCAACGGCTA,0,3231524
recNp,0.03571428571428571,27,27,TAGCTGCAGGCTGGCTGGCA,0,3233873
recNp,0.03571428571428571,27,27,TAGCTAGGGGCGGCAAGACA,0,3237776
recNp,0.03571428571428571,27,27,GTGTTACGTGTTGTGTTAAC,0,3229124
recNp,0.03571428571428571,27,27,GGGTAGACAACATTTTAAGC,0,3242160
recNp,0.03571428571428571,27,27,GGCGCTGCGTGTGAGAAATT,0,3245807
recNp,0.03571428571428571,27,27,GCCGTAGGGCTTACCGCTGG,0,3249273
recNp,0.03571428571428571,27,27,GCCAAGAGGAGTTCATCAGC,0,3224007
recNp,0.03571428571428571,27,27,GCATCTAGGGAACGACTGGA,0,3222628
recNp,0.03571428571428571,27,27,GAATTCAGACCTACGGTATG,0,3236152
recNp,0.03571428571428571,27,27,GAACAGAGTCATCTTAGTTC,0,3236030
recNp,0.03571428571428571,27,27,CTTCATGGTAGTAGACTCCT,0,3250274
recNp,0.03571428571428571,27,27,CTTATTGGAACTTCATCATC,0,3246076
recNp,0.03571428571428571,27,27,CTGTGTTTAAGCCCGATAAT,0,3222845
recNp,0.03571428571428571,27,27,CTGGGATGCTGATAATAGTT,0,3246583
recNp,0.03571428571428571,27,27,CTGGGAACACTTACATGTAT,0,3220282
recNp,0.03571428571428571,27,27,CTGATGTAATGAGTAGAGAA,0,3238494
recNp,0.03571428571428571,27,27,CTCCATGTGATCCAAATTAG,0,3239586
recNp,0.03571428571428571,27,27,CTAACCCGGCCAGGGCGGTG,0,3230590
recNp,0.03571428571428571,27,27,CGTAGGCAAATCGATGAGAT,0,3249537
recNp,0.03571428571428571,27,27,CGGGAACCGGGGGAGAAGGA,0,3242510
recNp,0.03571428571428571,27,27,CGAAGTTCAGGGAAGTCGCT,0,3249682
recNp,0.03571428571428571,27,27,CCGGTGGGGTTTTACACTAC,0,3233558
recNp,0.03571428571428571,27,27,CCGAGTTCGCTTGTGCCATA,0,3251402
recNp,0.03571428571428571,27,27,CCAGAGGTTCTTCCGTCAAT,0,3224120
recNp,0.03571428571428571,27,27,CCAACTACGCGACCTGAGAA,0,3220037
recNp,0.03571428571428571,27,27,CACCTGCGCGCTCGGCAAAG,0,3246072
recNp,0.03571428571428571,27,27,AGCGTTCTAGGCTACGTCTG,0,3246422
recNp,0.03571428571428571,27,27,AGCGATCGTATCTACCCCGA,0,3238281
recNp,0.03571428571428571,27,27,AGCAGTTTAAATCAAAATGT,0,3229981
recNp,0.03571428571428571,27,27,AGATTGCACCCCAAACGCTG,0,3232924
recNp,0.03571428571428571,27,27,AGACTCAATGTTAATTGGTT,0,3222054
recNp,0.03571428571428571,27,27,AGAACAGCGGTCCATTTGGG,0,3253316
recNp,0.03571428571428571,27,27,ACGGTCCTAGGATGTTATAG,0,3242604
recNp,0.03571428571428571,27,27,AATATCAACAGGCGTCGGGA,0,3243150
recNp,0.03571428571428571,27,27,AAGGTCAAGGTGACTCATTC,0,3220552
recNp,0.03571428571428571,27,27,AAAGGGGCATGCAGTCTTTG,0,3233136
recNp,0.03571428571428571,27,27,AAACGCCGGACGAAGCAAAC,0,3248646
recNp,0.03571428571428571,27,27,AAAAGCCGGTGTGTTTACCA,0,3232233
recNp,0.037037037037037035,26,26,TTTGGGGGAGGACAGGCTAT,0,3217619
recNp,0.037037037037037035,26,26,TTGTGCGTCACAAATTTTGT,0,3218869
recNp,0.037037037037037035,26,26,TTATTGGCTCTCTGACCTGT,0,3227624
recNp,0.037037037037037035,26,26,TGTGTTTGCCTCTGGGATTT,0,3231878
recNp,0.037037037037037035,26,26,TGTACAGACAGGAATATAAA,0,3254381
recNp,0.037037037037037035,26,26,TGGCAGTCCGCACCGCTCTG,0,3219393
recNp,0.037037037037037035,26,26,TGCGCCCTCGACGACCCGTA,0,3239588
recNp,0.037037037037037035,26,26,TCTGTAAACGCAATCTTTGT,0,3244640
recNp,0.037037037037037035,26,26,TCTGACTCATCCGAATCCTT,0,3218787
recNp,0.037037037037037035,26,26,TCATCTGACAGCAAGCGGGT,0,3235156
recNp,0.037037037037037035,26,26,TATGAGGTTAACTGATACAA,0,3219713
recNp,0.037037037037037035,26,26,TAGGTTTAGAATATAGGTAT,0,3222127
recNp,0.037037037037037035,26,26,TAGATCCATCCACGACACTT,0,3222441
recNp,0.037037037037037035,26,26,TAGACATTGATCGGATCTGT,0,3235288
recNp,0.037037037037037035,26,26,TACAACTCAGCGGACGCTAA,0,3239336
recNp,0.037037037037037035,26,26,TAAAGGGGACGAGTAACCAA,0,3232647
recNp,0.037037037037037035,26,26,GTCGAATAGTCCATCCGGGA,0,3240001
recNp,0.037037037037037035,26,26,GTCACACAGCGGAACGACAA,0,3244842
recNp,0.037037037037037035,26,26,GGGTCCTTGCGAGCCCGTGG,0,3234109
recNp,0.037037037037037035,26,26,GGGGGATGAGCCACGTTTTG,0,3228136
recNp,0.037037037037037035,26,26,GGGGATGCCTTCCTTCGTTC,0,3231349
recNp,0.037037037037037035,26,26,GGGACCAGCGGAACCGAGGT,0,3219847
recNp,0.037037037037037035,26,26,GGCGCAGAAGGCGATGAAGT,0,3227629
recNp,0.037037037037037035,26,26,GCGCACCGGCGAGGTGTCAC,0,3232490
recNp,0.037037037037037035,26,26,GATGATTCCGAGCGCTACGG,0,3219578
recNp,0.037037037037037035,26,26,GATCGTGTAACAGGATCCCC,0,3240883
recNp,0.037037037037037035,26,26,GAGGGCTCTCGTACACGGGA,0,3219125
recNp,0.037037037037037035,26,26,GAGAACTGAGACTTGAATTC,0,3224277
recNp,0.037037037037037035,26,26,GACTACCAGCTTAAAAAGGA,0,3243667
recNp,0.037037037037037035,26,26,GAAGCAGAGGCGATAGGGGG,0,3249857
recNp,0.037037037037037035,26,26,GAAGATGTAGGCCTCCTTTG,0,3224504
recNp,0.037037037037037035,26,26,CTTATATCATGGTGACACGT,0,3243506
recNp,0.037037037037037035,26,26,CTGACAGCATTGAAAAGTCA,0,3244359
recNp,0.037037037037037035,26,26,CTCAGATACAGGCACTCGGT,0,3241097
recNp,0.037037037037037035,26,26,CGTTGTCGATGCGTTCAGTA,0,3235948
recNp,0.037037037037037035,26,26,CGGCGAACAACGTTCTAACA,0,3243862
recNp,0.037037037037037035,26,26,CGATGCTCTGGCGTATATGC,0,3234645
recNp,0.037037037037037035,26,26,CCATATCTATCGGCTGCCAT,0,3221150
recNp,0.037037037037037035,26,26,CATTTGAGAAGAGATGTGTG,0,3241718
recNp,0.037037037037037035,26,26,CATGGCACATATAAAGAGGC,0,3225281
recNp,0.037037037037037035,26,26,CATAAGTTGGATGTTCCAGA,0,3223494
recNp,0.037037037037037035,26,26,CAAACATGCACCATTTGGCT,0,3224801
recNp,0.037037037037037035,26,26,ATAACGTCCACCAAATCTAG,0,3237642
recNp,0.037037037037037035,26,26,AGGGATGGTGTGGAAAGGCA,0,3241488
recNp,0.037037037037037035,26,26,AGGCCGTGTGTCAGGGGATG,0,3245394
recNp,0.037037037037037035,26,26,AGACGCCGGCAGATTCTCCC,0,3224290
recNp,0.037037037037037035,26,26,ACTGGCTTGCCAAGGGTTCA,0,3227245
recNp,0.037037037037037035,26,26,ACGTTGAGAGTAGATACACT,0,3224821
recNp,0.037037037037037035,26,26,ACCCTAGGTGAGTATGGGCG,0,3243153
recNp,0.037037037037037035,26,26,ACAATTTTACGCTCATGTAA,0,3252475
recNp,0.038461538461538464,25,25,TTGTAGGAGGTATGGCGTGA,0,3219171
recNp,0.038461538461538464,25,25,TTCCTATAATGAGTGATTGT,0,3220539
recNp,0.038461538461538464,25,25,TTAGCTTGGCCCACGGGGTA,0,3250081
recNp,0.038461538461538464,25,25,TGTCTCCTGCTAACGCATAG,0,3217985
recNp,0.038461538461538464,25,25,TCTATACTAACTCTACGTAA,0,3218352
recNp,0.038461538461538464,25,25,TCATAAACTGCGTTATAAAG,0,3225081
recNp,0.038461538461538464,25,25,TAAGGCGTTTATCATCAGGT,0,3241567
recNp,0.038461538461538464,25,25,TAACCGCGTCGTGTTGGCCT,0,3222175
recNp,0.038461538461538464,25,25,TAAAGGAGTATCTTCTTTTC,0,3227757
recNp,0.038461538461538464,25,25,TAAAAGATGAGAGCTTACAG,0,3218449
recNp,0.038461538461538464,25,25,GTTTATGACTCGTTAGGGCA,0,3251090
recNp,0.038461538461538464,25,25,GTGTGCCTTTGTATCCGGCG,0,3238088
recNp,0.038461538461538464,25,25,GTGGCTAAGCACGTAATTCT,0,3246473
recNp,0.038461538461538464,25,25,GTGGAAGTCATGTGTAAGCG,0,3246493
recNp,0.038461538461538464,25,25,GTGCTCGGATGGGGTAGCAT,0,3232886
recNp,0.038461538461538464,25,25,GTCTTCTAACTATTTAGTAA,0,3217887
recNp,0.038461538461538464,25,25,GTCGTTATACTGATACCTAT,0,3223900
recNp,0.038461538461538464,25,25,GTCGGTTCGATTTCGTCGGT,0,3244918
recNp,0.038461538461538464,25,25,GTCCTTACCACCGTCTATTA,0,3246749
recNp,0.038461538461538464,25,25,GTAGTAGCGAGGACGTACTG,0,3217930
recNp,0.038461538461538464,25,25,GGTTGGTCTGGCGTTCGGAG,0,3236754
recNp,0.038461538461538464,25,25,GGGAAGAAATACTCTCATTG,0,3231046
recNp,0.038461538461538464,25,25,GGCTCTAAAGGGAAAGATAG,0,3216308
recNp,0.038461538461538464,25,25,GGCTAACTGGGGTTGACCCT,0,3249141
recNp,0.038461538461538464,25,25,GGATTAGATTGCTACGCGTT,0,3236614
recNp,0.038461538461538464,25,25,GGACCTCTACAGTAGGAGGC,0,3245770
recNp,0.038461538461538464,25,25,GCTTCCCTGTTTTGGTTCTA,0,3218358
recNp,0.038461538461538464,25,25,GCGAGATTAGCAACGTTATG,0,3251580
recNp,0.038461538461538464,25,25,GCCTCCATCAGCTCACGGTG,0,3237987
recNp,0.038461538461538464,25,25,GCCATCGTATGGCTGATAAG,0,3244539
recNp,0.038461538461538464,25,25,GATAGTGTGGGGATCCGGCA,0,3231778
recNp,0.038461538461538464,25,25,GAGCAACAGCGTACCGGGCT,0,3220574
recNp,0.038461538461538464,25,25,GACCCTAGGCCCTTATATAG,0,3227550
recNp,0.038461538461538464,25,25,GAACCGGGGTGACAGTTATG,0,3247818
recNp,0.038461538461538464,25,25,CTGGTGCAGGGTCTTGCATT,0,3236443
recNp,0.038461538461538464,25,25,CTCTATGTAATGTTGGTAAG,0,3240331
recNp,0.038461538461538464,25,25,CGGTCATGCCCTGTGCTCAA,0,3251771
recNp,0.038461538461538464,25,25,CGGGCTGTGAATGGCCTCTA,0,3237132
recNp,0.038461538461538464,25,25,CGACTGTTTAACCGAGTCGC,0,3226645
recNp,0.038461538461538464,25,25,CGAAGGCCAGGGCTCTTGCC,0,3229943
recNp,0.038461538461538464,25,25,CCCGGCACCATGTTTGTGGG,0,3221284
recNp,0.038461538461538464,25,25,CCAGAAGCTTTATGTTAACG,0,3230474
recNp,0.038461538461538464,25,25,CATAACCGAGCAGAGCCCGA,0,3233949
recNp,0.038461538461538464,25,25,CAGTCTGATCAGGAGGTCGG,0,3235481
recNp,0.038461538461538464,25,25,CAGGAACGTTCTATACAGAT,0,3219484
recNp,0.038461538461538464,25,25,ATTGCGCCGAGGGATACATG,0,3226472
recNp,0.038461538461538464,25,25,ATGGGAATGTGCTACGAAGG,0,3235581
recNp,0.038461538461538464,25,25,ATGATCGATTGATACACCAA,0,3246341
recNp,0.038461538461538464,25,25,ATCGTCAGGCAAGCCTGCAA,0,3240962
recNp,0.038461538461538464,25,25,ATCAGTAGGAACGTGGCCCT,0,3224584
recNp,0.038461538461538464,25,25,ATAGTTGAGCAGGTTACCTA,0,3221065
recNp,0.038461538461538464,25,25,AGTTCGGAAGCAAAAGTAAT,0,3218839
recNp,0.038461538461538464,25,25,AGTGGTTCCGGGCGTGACGA,0,3229376
recNp,0.038461538461538464,25,25,AGGTGACTGCCTGAGTCACG,0,3245988
recNp,0.038461538461538464,25,25,AGGCAGACGTCGGATGCCTC,0,3225357
recNp,0.038461538461538464,25,25,AGCATGCCAATGCGTCATTG,0,3232703
recNp,0.038461538461538464,25,25,AGCAGAAGGTGAATCTCACT,0,3221893
recNp,0.038461538461538464,25,25,AGATGCTCCTCGCCTCCGAT,0,3244740
recNp,0.038461538461538464,25,25,AGAACTACGGGGAAATAGCA,0,3230527
recNp,0.038461538461538464,25,25,ACTCCCGGGCACTCCGAATG,0,3241994
recNp,0.038461538461538464,25,25,ACGTGCAGGACGAGGATTCT,0,3225866
recNp,0.038461538461538464,25,25,ACCTCACGAGATGCCAACGG,0,3238531
recNp,0.038461538461538464,25,25,ACATATCCATTGATAGCTAA,0,3231490
recNp,0.038461538461538464,25,25,ACACAGGATTAGGGCCTGAA,0,3248267
recNp,0.038461538461538464,25,25,ACAAGCACATCCAAATCTCC,0,3233343
recNp,0.038461538461538464,25,25,AACGGTTGGTGTTGGACGGC,0,3238184
recNp,0.038461538461538464,25,25,AACACTCGGGCTACGTGCTG,0,3238993
recNp,0.038461538461538464,25,25,AAACAGATCGCTTCAGCAGC,0,3225238
recNp,0.04,24,24,TTCCTAATACCGGTCGCTAC,0,3221129
recNp,0.04,24,24,TTCAGGGTAGCTTAGCGTGC,0,3249904
recNp,0.04,24,24,TTATCGCAAGCCAGGGGGGT,0,3237881
recNp,0.04,24,24,TTAAAACGCGATTCAGTTCT,0,3226650
recNp,0.04,24,24,TGGGCTAAAAGTGTGGCGCG,0,3245739
recNp,0.04,24,24,TGGAAAGGTATGGCAGATTG,0,3237880
recNp,0.04,24,24,TGAGACAACCTACGGCACTA,0,3242895
recNp,0.04,24,24,TCGAGAACCTCTTGCCTTAT,0,3237112
recNp,0.04,24,24,TCATCGATGTAGATATATCG,0,3229494
recNp,0.04,24,24,TAGCGGGACAAGCTTTGGAT,0,3253363
recNp,0.04,24,24,TAGACCACGGCCTACGTTAC,0,3237056
recNp,0.04,24,24,TAAGCTCTATAGGGTGGCGA,0,3236755
recNp,0.04,24,24,GTGTATGGTAATGTGGATCC,0,3224385
recNp,0.04,24,24,GTGCGGGGAAGTGTGGCCTA,0,3238641
recNp,0.04,24,24,GTCTGCAGAGCTCCGCGAGC,0,3220441
recNp,0.04,24,24,GGTGGCACATTTTCTACAAA,0,3250367
recNp,0.04,24,24,GGTAGCATATGCTGTAGCGG,0,3217805
recNp,0.04,24,24,GGTAAAGTAGACGTTATATG,0,3224124
recNp,0.04,24,24,GGGCGACTGGCTAGCCGCGC,0,3218060
recNp,0.04,24,24,GGCACATGAATCTAGCCATG,0,3225038
recNp,0.04,24,24,GGAAATATACATCGCGTTCC,0,3227352
recNp,0.04,24,24,GCTGCTATCTGTACGTGGCC,0,3236595
recNp,0.04,24,24,GCTCGACAGGCTAAGTGTTA,0,3224368
recNp,0.04,24,24,GCCTCTTACTTACTTCGCGA,0,3216999
recNp,0.04,24,24,GATGACATGGCTTGATCAGT,0,3239009
recNp,0.04,24,24,GAGTGACGAGCTATGTCATT,0,3216818
recNp,0.04,24,24,GAGGTGTCCAATGATACCTG,0,3246390
recNp,0.04,24,24,GAGGTATGGTGGGGGCAAAC,0,3243603
recNp,0.04,24,24,GAGGGATGCGAAGGCTGCCC,0,3222155
recNp,0.04,24,24,GAGAACTGGCACATACTTTT,0,3236105
recNp,0.04,24,24,GAAGTACAGATAGGAGCTAT,0,3244206
recNp,0.04,24,24,GAAACAGGGGTCGTTCGGAA,0,3233075
recNp,0.04,24,24,CTTGCACACACGTGGCTGCT,0,3254085
recNp,0.04,24,24,CTACCATCACTTGTCGTGCG,0,3221378
recNp,0.04,24,24,CGTTTGTGCTAAAACGCTCA,0,3228814
recNp,0.04,24,24,CGTCCAACGGAATAGGAACA,0,3250311
recNp,0.04,24,24,CGGGGCGACTGCTCAAGGCA,0,3251488
recNp,0.04,24,24,CGGGCAAACGGGCGCGATTT,0,3236787
recNp,0.04,24,24,CGCTTCAGAACCGTATGAAT,0,3245050
recNp,0.04,24,24,CGCCTAGTGTTAGGTTTGCT,0,3239300
recNp,0.04,24,24,CGAGTTCACCGTACCCTTTG,0,3244511
recNp,0.04,24,24,CCTATGGCTCCCAGGCAGGC,0,3245373
recNp,0.04,24,24,CCGTAGCGGACGACGCAGCT,0,3242909
recNp,0.04,24,24,CCGCTTCCGTCGGCGTCACC,0,3223559
recNp,0.04,24,24,CCCCTGAGAGTAAAGGTTGG,0,3229514
recNp,0.04,24,24,CCAGCCATTGAACACGTACA,0,3242613
recNp,0.04,24,24,CATCTCCGTGATACGCACTT,0,3250867
recNp,0.04,24,24,CACAGCACTTCCCTAACTAA,0,3228226
recNp,0.04,24,24,ATGTGACGATAACAGGACTC,0,3242040
recNp,0.04,24,24,ATGGAATGCGCCCCTCCAGA,0,3239453
recNp,0.04,24,24,ATCTTTGCTAGCCGTAAGCT,0,3220618
recNp,0.04,24,24,ATATTGCTGCGCCTAGCCCT,0,3221132
recNp,0.04,24,24,ATAACAGGTACCCCGGCGTC,0,3238827
recNp,0.04,24,24,AGTACTCTGGCCTGCAGAGC,0,3226803
recNp,0.04,24,24,AGTAAGGGTAGTACCGCGAG,0,3222839
recNp,0.04,24,24,AGGGCGAGGCCCCGGGTGGG,0,3229206
recNp,0.04,24,24,AGGGAATTTGTACCGCGGGG,0,3228513
recNp,0.04,24,24,AGAAGTAAGCAGCGTCACTT,0,3227667
recNp,0.04,24,24,AGAACTTAATCGTGAGGTAT,0,3228365
recNp,0.04,24,24,ACTTAAGTTACGTAGCTCAG,0,3245399
recNp,0.04,24,24,ACGCATTTCTCCGCGGTGTG,0,3218602
recNp,0.04,24,24,ACATTCCGGAACGGTTTACC,0,3243149
recNp,0.04,24,24,AAGCCGCCGCCTCTAGGGTT,0,3232734
recNp,0.04,24,24,AACTTCTAGAAGTAGCGCTG,0,3252996
recNp,0.04,24,24,AACTGATTGGTTGGCATGAG,0,3231108
recNp,0.041666666666666664,23,23,TTTGGGACGAGGAAAATTCT,0,3218670
recNp,0.041666666666666664,23,23,TTTACACCGTAAGTGCCCCA,0,3238875
recNp,0.041666666666666664,23,23,TTGGTTGCTTATCGCTTAAT,0,3216985
recNp,0.041666666666666664,23,23,TTGGTAAAGTAGTTAGGAGT,0,3237532
recNp,0.041666666666666664,23,23,TTGCAGGCTTACCGGAATCT,0,3232144
recNp,0.041666666666666664,23,23,TTCCTGTGGTAAAACAAGCA,0,3240753
recNp,0.041666666666666664,23,23,TTAAGTCTGTTGTTAAGGAG,0,3219429
recNp,0.041666666666666664,23,23,TGGCCACGTCAATGAAAGCC,0,3228189
recNp,0.041666666666666664,23,23,TGCAGAGTGGAGGGAGGCTT,0,3232636
recNp,0.041666666666666664,23,23,TGATGGTGTCATTGAAGAAA,0,3251556
recNp,0.041666666666666664,23,23,TCGCAATAGAAGAGCAGTAT,0,3228230
recNp,0.041666666666666664,23,23,TCGAATTATGGCACAGCGGA,0,3254934
recNp,0.041666666666666664,23,23,TCCTAATTGCCTCTTGGCTC,0,3235939
recNp,0.041666666666666664,23,23,TCAATGTCCTGCTCCGCCGT,0,3236809
recNp,0.041666666666666664,23,23,TATAAGCCATCAGATAGAGC,0,3218416
recNp,0.041666666666666664,23,23,TAGCTTTTGTAGGGTAATGG,0,3236973
recNp,0.041666666666666664,23,23,TAGCTCTACTCGTGGTACCC,0,3245775
recNp,0.041666666666666664,23,23,GTTTTTGGCTTCTAAATTTA,0,3231641
recNp,0.041666666666666664,23,23,GTTTCCTGCAGTCCACGGCG,0,3219338
recNp,0.041666666666666664,23,23,GTTTCCATAGCCCTGGCAGA,0,3238807
recNp,0.041666666666666664,23,23,GTGGTCCAGACATAGAGAGG,0,3222280
recNp,0.041666666666666664,23,23,GTGGAAAGACCTTTTTTAGA,0,3235389
recNp,0.041666666666666664,23,23,GTCTTTTGGATGAGGCCGAA,0,3217479
recNp,0.041666666666666664,23,23,GTCGTCTGGAGGGATTCGAA,0,3234336
recNp,0.041666666666666664,23,23,GTCCAGGTGATCTTCTATGG,0,3255694
recNp,0.041666666666666664,23,23,GTCAGCAAATCGATCGCGCA,0,3245994
recNp,0.041666666666666664,23,23,GTACCATTCGAAGGGCGCGT,0,3231769
recNp,0.041666666666666664,23,23,GTAAAACTATCGGGCAACGA,0,3239801
recNp,0.041666666666666664,23,23,GGGTGCGCACTAGGTTAACT,0,3240444
recNp,0.041666666666666664,23,23,GGGAAGGCGGAGGGGGGGTG,0,3249363
recNp,0.041666666666666664,23,23,GGCGCGAACTTCGCAGCTTC,0,3237972
recNp,0.041666666666666664,23,23,GGCCTATCCCATCTTGTTCT,0,3232165
recNp,0.041666666666666664,23,23,GGAAACTGGTCCGCATGTAT,0,3241672
recNp,0.041666666666666664,23,23,GGAAACAGAGGTAGTGCACT,0,3247983
recNp,0.041666666666666664,23,23,GCGGATATCTGGGAGGCCAA,0,3223261
recNp,0.041666666666666664,23,23,GCCTACTCCTTCGATGGGCA,0,3234404
recNp,0.041666666666666664,23,23,GCCGAGTAAAATGTACCAGT,0,3238082
recNp,0.041666666666666664,23,23,GAGCTCTCTCCACTAAACGC,0,3252007
recNp,0.041666666666666664,23,23,GAAGTCGGTTTGTTCTTGGC,0,3230525
recNp,0.041666666666666664,23,23,CTTTGATGGGAGCACGAGTA,0,3223475
recNp,0.041666666666666664,23,23,CTGTGACCATGATATTCGCA,0,3218499
recNp,0.041666666666666664,23,23,CTGTCAAAACCATGATTTTT,0,3223702
recNp,0.041666666666666664,23,23,CTCGCTTCACTGAGTACGTG,0,3232388
recNp,0.041666666666666664,23,23,CTCCTCCAGCGTTGTTTTCT,0,3241853
recNp,0.041666666666666664,23,23,CTAACCATCCAAACTATCAA,0,3244406
recNp,0.041666666666666664,23,23,CGTTTGCTGTTGGAGGCGCT,0,3227016
recNp,0.041666666666666664,23,23,CGCTTAAGTGTCGCGTCAGA,0,3230954
recNp,0.041666666666666664,23,23,CGCGACATTCGCGCTTCTGC,0,3225643
recNp,0.041666666666666664,23,23,CGAATCCTATATTCCAGCTT,0,3248133
recNp,0.041666666666666664,23,23,CCTAAGCGCATATACTTTTC,0,3222093
recNp,0.041666666666666664,23,23,CCCATCAGACCTCCCGCGGC,0,3240245
recNp,0.041666666666666664,23,23,CCATCGTAATAAACGCTGTA,0,3222866
recNp,0.041666666666666664,23,23,CATTCTTCCGTATTGACTAT,0,3238490
recNp,0.041666666666666664,23,23,CAGGTATGATGCCGAGATGT,0,3244541
recNp,0.041666666666666664,23,23,CAGGCAGGTTCGAGTTACCT,0,3232195
recNp,0.041666666666666664,23,23,CAGCCTGGCTAAAGTGTCTC,0,3252227
recNp,0.041666666666666664,23,23,CAGCCAGGGCCAAAAACACG,0,3221353
recNp,0.041666666666666664,23,23,CAGACTACCTATCCGGACCA,0,3234617
recNp,0.041666666666666664,23,23,CACCAAATTGACGATCGGTG,0,3246696
recNp,0.041666666666666664,23,23,ATTGTCAATTATATAGACAT,0,3249731
recNp,0.041666666666666664,23,23,ATTCCCGTGCACAACGCTTG,0,3225839
recNp,0.041666666666666664,23,23,ATTCAGAGGCGTATGACATA,0,3237239
recNp,0.041666666666666664,23,23,ATTACGCTAATCTTAGAAGT,0,3226564
recNp,0.041666666666666664,23,23,ATTAATACGGGACGTACCAG,0,3220817
recNp,0.041666666666666664,23,23,ATGTGGCTCATAAGGGGGTT,0,3236874
recNp,0.041666666666666664,23,23,ATGTAACACGAGGCGGGGAC,0,3231320
recNp,0.041666666666666664,23,23,ATCCGTAAGATTCAAAGGGG,0,3218533
recNp,0.041666666666666664,23,23,ATATTACGCGCATCCACCTT,0,3250369
recNp,0.041666666666666664,23,23,ATAGTTAGCGATACGTAGAA,0,3241901
recNp,0.041666666666666664,23,23,ATAGGTCCCGGGGTTATAAC,0,3249274
recNp,0.041666666666666664,23,23,ATAGCCTTGTTAGTTTCCTG,0,3223215
recNp,0.041666666666666664,23,23,AGTCTTTATACCGATTAGTC,0,3223485
recNp,0.041666666666666664,23,23,AGTACCAACTGTCTGACTGA,0,3219122
recNp,0.041666666666666664,23,23,AGGGCGCAGCTCTGACGGTC,0,3248452
recNp,0.041666666666666664,23,23,AGGCTAAGGTTAGTACTAAC,0,3245667
recNp,0.041666666666666664,23,23,AGCTCTCCATCATGGAGCAA,0,3243650
recNp,0.041666666666666664,23,23,AGCGCCAAACGGGATCGTTG,0,3255146
recNp,0.041666666666666664,23,23,ACCTTGGTTGCCGTTACTTA,0,3251084
recNp,0.041666666666666664,23,23,ACCCGTGGTTTGACAACCCA,0,3223699
recNp,0.041666666666666664,23,23,AATAGATTGGAGGGATCTCA,0,3253928
recNp,0.041666666666666664,23,23,AAGTTCCAGCCAAGCGAATA,0,3254413
recNp,0.041666666666666664,23,23,AAGTGTATCACCGCACGTGG,0,3235717
recNp,0.041666666666666664,23,23,AAGCTGATGCGCCGGCCTCC,0,3224341
recNp,0.041666666666666664,23,23,AAGCGTACCTCAACAAGGCA,0,3240263
recNp,0.041666666666666664,23,23,AAGAAGGGAGGCTGCGGCCT,0,3240525
recNp,0.041666666666666664,23,23,AACAGACTCTGATAGGGTCT,0,3245049
recNp,0.041666666666666664,23,23,AAAGAGTCCAGAGAAAAAGG,0,3252207
recNp,0.043478260869565216,22,22,TTGGGCGCAGACCACATTAA,0,3246557
recNp,0.043478260869565216,22,22,TTCACACCGAGTCATCGCTG,0,3227900
recNp,0.043478260869565216,22,22,TGTGTGGGCGGCTTAGCTTT,0,3226258
recNp,0.043478260869565216,22,22,TGTGGGGGACAAATAAGGTC,0,3251102
recNp,0.043478260869565216,22,22,TGGACTTAGGGTCAAACGGG,0,3250054
recNp,0.043478260869565216,22,22,TGCCTCATTCTTTGGCGCAA,0,3251018
recNp,0.043478260869565216,22,22,TGCCGTTAGCGCGCTTAATT,0,3232711
recNp,0.043478260869565216,22,22,TCTCGGTACCGCCCCCGCGC,0,3225646
recNp,0.043478260869565216,22,22,TCGCCGTGGGTAACACGGAG,0,3253415
recNp,0.043478260869565216,22,22,TCCTGTGCCTAAATGCAAAA,0,3237547
recNp,0.043478260869565216,22,22,TCCTACGGTAGGCAGATTAG,0,3226261
recNp,0.043478260869565216,22,22,TCCCCTTAATGAATCAGTGA,0,3235617
recNp,0.043478260869565216,22,22,TCCAGAAGCCGTGAAAGAGC,0,3252240
recNp,0.043478260869565216,22,22,TCAGCTCTCGGGCCATTTCG,0,3235185
recNp,0.043478260869565216,22,22,TCAAGGTTGAGTATGGATTC,0,3242465
recNp,0.043478260869565216,22,22,TCAAGGCAGCGATACACATT,0,3217365
recNp,0.043478260869565216,22,22,TATACACTTGAGCCCGCTTA,0,3246989
recNp,0.043478260869565216,22,22,TAATTGTGTAGCCTCTGTAT,0,3244777
recNp,0.043478260869565216,22,22,TAAGTTACTTCTTGGTTTTA,0,3220262
recNp,0.043478260869565216,22,22,TAACCACCGTACGCGACCAA,0,3240584
recNp,0.043478260869565216,22,22,GTTAGATTGTTTTCGGGATG,0,3223230
recNp,0.043478260869565216,22,22,GTGCTGATTTGAATCCCGCG,0,3224672
recNp,0.043478260869565216,22,22,GGTTAGTTGTTACGTGGGAT,0,3249131
recNp,0.043478260869565216,22,22,GGGCAGGAGTGGCCCTGGTT,0,3229244
recNp,0.043478260869565216,22,22,GGGAGCCGGTAAAACAGAGG,0,3251884
recNp,0.043478260869565216,22,22,GGAATGCTAGATAATCGCGG,0,3228664
recNp,0.043478260869565216,22,22,GGAAATATACTATGCAACAA,0,3235899
recNp,0.043478260869565216,22,22,GCTTAGCCCCGGGAAATGAA,0,3222718
recNp,0.043478260869565216,22,22,GCCTTGTGGCCCAGTAGGAA,0,3220989
recNp,0.043478260869565216,22,22,GCCAGCTTGAGCTTGCAAAG,0,3233047
recNp,0.043478260869565216,22,22,GATTAATGGGATAGTCAGTG,0,3253421
recNp,0.043478260869565216,22,22,GATCACGGTTGGCGAGTTCG,0,3228859
recNp,0.043478260869565216,22,22,GACTACTAACGCTCTAGGAT,0,3239335
recNp,0.043478260869565216,22,22,CTTTTCCCATCCGGGAAGGA,0,3218535
recNp,0.043478260869565216,22,22,CTTTGGTCCACGACAGCTTT,0,3237191
recNp,0.043478260869565216,22,22,CTCTGGGCCTTATGCCTTCA,0,3244151
recNp,0.043478260869565216,22,22,CGGGGGTTGAGGTGACTCTG,0,3236409
recNp,0.043478260869565216,22,22,CGGATAAACTAAGCGCACGA,0,3248918
recNp,0.043478260869565216,22,22,CCTTTGCCCCATGGGTGTTT,0,3241906
recNp,0.043478260869565216,22,22,CCTCTCTACACGTCTGTGAA,0,3217752
recNp,0.043478260869565216,22,22,CCTCTCGGGCACACGGGTGC,0,3220279
recNp,0.043478260869565216,22,22,CCCTTTCACAGAGTGCTGTT,0,3219673
recNp,0.043478260869565216,22,22,CCCGGCCTGCTCGGAATGAG,0,3229809
recNp,0.043478260869565216,22,22,CCCGGCAGAGGAATTTTTTA,0,3221901
recNp,0.043478260869565216,22,22,CCCCATGCTTCGATCTACTT,0,3220694
recNp,0.043478260869565216,22,22,CCCACGAGTTGGCTAGACCT,0,3232356
recNp,0.043478260869565216,22,22,CCATTTCTGATATCCCCGTT,0,3217389
recNp,0.043478260869565216,22,22,CATTGGCGGACACGCGGAGT,0,3246001
recNp,0.043478260869565216,22,22,CATGGTTTTGGCCGTTACTA,0,3226254
recNp,0.043478260869565216,22,22,CAGTGCACCTGGAAACGATA,0,3221106
recNp,0.043478260869565216,22,22,CAGGATCGGAAAACTGGGGA,0,3231250
recNp,0.043478260869565216,22,22,CAACTTGCGTGGCCTAAATC,0,3222567
recNp,0.043478260869565216,22,22,CAAACGGCGATATGCGCGAT,0,3220616
recNp,0.043478260869565216,22,22,ATGGTCGGGCGAGACTACTT,0,3245459
recNp,0.043478260869565216,22,22,ATAGCCATTATAGTTGAAGA,0,3243812
recNp,0.043478260869565216,22,22,ACTTCCCGGTATGCGCCATA,0,3235474
recNp,0.043478260869565216,22,22,ACCTATCCCATGTATCGGCA,0,3241241
recNp,0.043478260869565216,22,22,ACCAGGAAATTACACGTGGT,0,3242738
recNp,0.043478260869565216,22,22,AATCGGGTTATTTGATTTCT,0,3237515
recNp,0.043478260869565216,22,22,AAGGTCTATGAGGCGGTCGT,0,3231071
recNp,0.043478260869565216,22,22,AACTGGAGTGGATGACACGC,0,3248071
recNp,0.043478260869565216,22,22,AAAGCTATGGAGCGCATTCT,0,3229837
recNp,0.043478260869565216,22,22,AAACCCACCTGTGGTACATG,0,3217731
recNp,0.045454545454545456,21,21,TTGGTTCCCTTAAACCTAGC,0,3229643
recNp,0.045454545454545456,21,21,TTGATTGTAGTTCGTGGACA,0,3232226
recNp,0.045454545454545456,21,21,TTCCCAGTTAGTAGCCGGCT,0,3238829
recNp,0.045454545454545456,21,21,TTCAGACAACGCCGCTAACG,0,3230492
recNp,0.045454545454545456,21,21,TTACGATAGGTCCGGTGGTG,0,3239087
recNp,0.045454545454545456,21,21,TGCCATCGCCGCCGCCCACA,0,3237882
recNp,0.045454545454545456,21,21,TGACAGATTCTGGTAACCAC,0,3241792
recNp,0.045454545454545456,21,21,TCTTAGGGACGGTGGAACGT,0,3231694
recNp,0.045454545454545456,21,21,TCTGCTGGTCGCTAACAGAT,0,3246407
recNp,0.045454545454545456,21,21,TCGCCAATTGATCATTCTGG,0,3236568
recNp,0.045454545454545456,21,21,TCCGTTGAAATCCCAAATTC,0,3217690
recNp,0.045454545454545456,21,21,TCCCGACACCTCTTAAATAT,0,3248099
recNp,0.045454545454545456,21,21,TCCATGAGTAAGACGAATAT,0,3225215
recNp,0.045454545454545456,21,21,TCCACCTCGTTAGCATCTTC,0,3232022
recNp,0.045454545454545456,21,21,TATCTAAGCTCGGCCGACAT,0,3236348
recNp,0.045454545454545456,21,21,GTTTAGCCACGAGCAGCCGA,0,3249019
recNp,0.045454545454545456,21,21,GTGGAGTTCTAGACTCAAGA,0,3247577
recNp,0.045454545454545456,21,21,GTGAATCTGGCTCTGATGAA,0,3224622
recNp,0.045454545454545456,21,21,GTCTGGTCTGACACGCACAG,0,3251487
recNp,0.045454545454545456,21,21,GTCCAATAAGCGAATTTGGA,0,3241912
recNp,0.045454545454545456,21,21,GTAGCCATGTCCAGTCGGCC,0,3221846
recNp,0.045454545454545456,21,21,GGTGCCTTAATAGATGTGCA,0,3221011
recNp,0.045454545454545456,21,21,GGTCATTATACGAATGCGCG,0,3229153
recNp,0.045454545454545456,21,21,GGTAGAAGAGAGGTGCGCTT,0,3230869
recNp,0.045454545454545456,21,21,GGGCAGGCTTCTAAACAAGA,0,3228281
recNp,0.045454545454545456,21,21,GGGCAGCGCTTTCGGCTGGT,0,3248316
recNp,0.045454545454545456,21,21,GGGAGGTTCAGAGGACGTGG,0,3222198
recNp,0.045454545454545456,21,21,GGCTTGGCTGTACGATAGGT,0,3227934
recNp,0.045454545454545456,21,21,GGATGGAGAGCCGAAAATTG,0,3255455
recNp,0.045454545454545456,21,21,GCTTGTAGTGAACCGGTTAT,0,3227539
recNp,0.045454545454545456,21,21,GCTGTGATTTCCAACGCAAA,0,3255092
recNp,0.045454545454545456,21,21,GCTGACTCCTCGGTCATGTG,0,3237645
recNp,0.045454545454545456,21,21,GCCCTGCCAAGACTATCTAT,0,3251691
recNp,0.045454545454545456,21,21,GCCCCGGGTAGAAAAGGGCT,0,3250799
recNp,0.045454545454545456,21,21,GCCCCAGGACTAGAAGATGC,0,3231013
recNp,0.045454545454545456,21,21,GCAGGCGCACCGCCCGGACT,0,3220219
recNp,0.045454545454545456,21,21,GATCCCTGTCGCAAGGGTGA,0,3220874
recNp,0.045454545454545456,21,21,GAGATAATGTTCTATTGGGT,0,3227254
recNp,0.045454545454545456,21,21,GACTTACGGGTAAGGTGAGG,0,3226969
recNp,0.045454545454545456,21,21,GACCGCTGCAAAAGTGAGCT,0,3241373
recNp,0.045454545454545456,21,21,GACATCGGTTGCCGCCTATC,0,3234559
recNp,0.045454545454545456,21,21,GAATCCCTTTAATAAAGTGA,0,3220335
recNp,0.045454545454545456,21,21,CTGGCTATACTTTGAAGGCT,0,3242976
recNp,0.045454545454545456,21,21,CTGCTGGGGGCAGCGCAGAA,0,3247648
recNp,0.045454545454545456,21,21,CTCGATAACTCAGATCTTTT,0,3232952
recNp,0.045454545454545456,21,21,CTCCTCCCCTAATCACCCGG,0,3226968
recNp,0.045454545454545456,21,21,CTCCGAGAAGATTAGGTTCA,0,3223878
recNp,0.045454545454545456,21,21,CTATTACGAGTGCATCCCCA,0,3217653
recNp,0.045454545454545456,21,21,CTAGAAACGACAGATAACGT,0,3237606
recNp,0.045454545454545456,21,21,CGGGTTGAAGCGCCTCGGGG,0,3217614
recNp,0.045454545454545456,21,21,CGGCCGCGACACCGCTAGCT,0,3224025
recNp,0.045454545454545456,21,21,CGCCCATGGTATTAACGCTG,0,3220677
recNp,0.045454545454545456,21,21,CGACCGGCTGGTTTAAAAGT,0,3242327
recNp,0.045454545454545456,21,21,CCGTACTGTCGGTTAGTCGT,0,3251008
recNp,0.045454545454545456,21,21,CCGGTATGGTAGTGACGACA,0,3252071
recNp,0.045454545454545456,21,21,CCGGGCTCGGTCCAGTTTTT,0,3221277
recNp,0.045454545454545456,21,21,CCGAGTAGGCGTGCGTCTCA,0,3249902
recNp,0.045454545454545456,21,21,CCCAGGTTACCTCATCGTCA,0,3220243
recNp,0.045454545454545456,21,21,CCACAGGGTTAAGAAAACCA,0,3218365
recNp,0.045454545454545456,21,21,CATATACCCAAGCGGACGTA,0,3252985
recNp,0.045454545454545456,21,21,CAGTGGGCTTACACGCGAAC,0,3246379
recNp,0.045454545454545456,21,21,CAGTGGATGATGTAATGAGT,0,3221946
recNp,0.045454545454545456,21,21,CAGGTCATGAACAAAGGGGA,0,3252474
recNp,0.045454545454545456,21,21,CAGACTTCGAACTGACTATG,0,3226038
recNp,0.045454545454545456,21,21,ATTTGCGAAAGGAATACTCA,0,3229954
recNp,0.045454545454545456,21,21,ATTCGTAAGAATAAATCGTA,0,3249058
recNp,0.045454545454545456,21,21,ATTCACGTATTTTTTACGAT,0,3230059
recNp,0.045454545454545456,21,21,ATGTCAGCCCAGTTCGGCTC,0,3255100
recNp,0.045454545454545456,21,21,ATGCGGAAGGATTTCGTGCG,0,3235259
recNp,0.045454545454545456,21,21,ATCTAATAATGAGTACCAGG,0,3235495
recNp,0.045454545454545456,21,21,ATATATTAGGAGTGCGTAGT,0,3221918
recNp,0.045454545454545456,21,21,ATAGCCGGAACTCGGGCACG,0,3250208
recNp,0.045454545454545456,21,21,AGTTGGACCTAAGGGTGGAG,0,3239606
recNp,0.045454545454545456,21,21,AGTATTAATTCGTGGCTCGC,0,3245532
recNp,0.045454545454545456,21,21,AGAGTTTGATAGAATTCCTC,0,3238599
recNp,0.045454545454545456,21,21,AGACAGCGGCTGGCCTTAGT,0,3240625
recNp,0.045454545454545456,21,21,ACTTATTTATCTGCGGGTCG,0,3242292
recNp,0.045454545454545456,21,21,ACTGGAGGATTTTCCGGGAG,0,3243903
recNp,0.045454545454545456,21,21,ACTCTACAGTGCGATGCAGG,0,3221138
recNp,0.045454545454545456,21,21,ACCTTGTATTGGTGTTAGGA,0,3243965
recNp,0.045454545454545456,21,21,ACCTCGCCTATCTCTCCGAA,0,3227723
recNp,0.045454545454545456,21,21,ACCGTTTCCTAATTTTAGCG,0,3250923
recNp,0.045454545454545456,21,21,ACCCGCATGATTCACTCGGC,0,3243211
recNp,0.045454545454545456,21,21,ACCCATCCTCAATTGTGAAT,0,3247909
recNp,0.045454545454545456,21,21,ACCATCGAAGCCAGCTCGGT,0,3241000
recNp,0.045454545454545456,21,21,ACCAGGTGATTCGGACCCCG,0,3216960
recNp,0.045454545454545456,21,21,ACCACTCAAGTCGGGTGACG,0,3225706
recNp,0.045454545454545456,21,21,AATCGAGTTCATTAACGCTA,0,3251643
recNp,0.045454545454545456,21,21,AAGTGGGTTTCAGGAATAAC,0,3226680
recNp,0.045454545454545456,21,21,AACAGTCTGACTGTCGGGGA,0,3244962
recNp,0.045454545454545456,21,21,AAATAGGCTGCAAGTGGGTG,0,3253766
recNp,0.045454545454545456,21,21,AAACGTTGGTGTAGTCTACT,0,3250105
recNp,0.047619047619047616,20,20,TTTTAGCTACGAGTGCTATA,0,3219192
recNp,0.047619047619047616,20,20,TTGACACCTGCGGTTGAGAC,0,3253174
recNp,0.047619047619047616,20,20,TGTCTCGAAAACCATAAGAT,0,3251905
recNp,0.047619047619047616,20,20,TGGTCGCCAGGGCGCGAAGG,0,3232012
recNp,0.047619047619047616,20,20,TGGGCGCAGGCTCCCAATTC,0,3252295
recNp,0.047619047619047616,20,20,TGGCGATCCTGCGTCTTCAT,0,3220515
recNp,0.047619047619047616,20,20,TGGACTGTCGGCACGCTTAT,0,3239724
recNp,0.047619047619047616,20,20,TGGACATGGGGGGGCAGAAT,0,3224760
recNp,0.047619047619047616,20,20,TGATGGTTCTTTCCCCTCCA,0,3226004
recNp,0.047619047619047616,20,20,TCGGATGGTACTTCAGGTTA,0,3247380
recNp,0.047619047619047616,20,20,TCGCTTTAAGCCCTGCTTTA,0,3239854
recNp,0.047619047619047616,20,20,TCGCATCATCCTTGAATCAT,0,3222244
recNp,0.047619047619047616,20,20,TCAGATTATGCGACACTTGG,0,3253169
recNp,0.047619047619047616,20,20,TATGCTCGGTCTGGATAGTC,0,3219473
recNp,0.047619047619047616,20,20,TATAAGGGTCTTGATACGTT,0,3248141
recNp,0.047619047619047616,20,20,TAGAAGAGTCGTCATGGCAG,0,3227017
recNp,0.047619047619047616,20,20,TACGTACGATCTGCGAGGAT,0,3241378
recNp,0.047619047619047616,20,20,GTTCTTACAACGCGGGTGTA,0,3228837
recNp,0.047619047619047616,20,20,GTTAGTCTCGGAGCGGGCGA,0,3225070
recNp,0.047619047619047616,20,20,GTGTGCACACCAAGGCTAGA,0,3217810
recNp,0.047619047619047616,20,20,GTGCTTATGATATGTTCAGT,0,3248195
recNp,0.047619047619047616,20,20,GTCCCGGCATATCCCCGTAT,0,3246277
recNp,0.047619047619047616,20,20,GTCCCCAAGATGCTATAACG,0,3251339
recNp,0.047619047619047616,20,20,GTACGCCTCCGCAGACTGGA,0,3251449
recNp,0.047619047619047616,20,20,GGTGGTTGTTCGTAGCCCTA,0,3222705
recNp,0.047619047619047616,20,20,GGGCAACAAGCAGAGTTCAC,0,3236471
recNp,0.047619047619047616,20,20,GGGATAAGAGGCGTACAGAC,0,3218280
recNp,0.047619047619047616,20,20,GGGAGCCGCAGACCCTCGTG,0,3228756
recNp,0.047619047619047616,20,20,GGATTAAAGTATCCTCGTTT,0,3253939
recNp,0.047619047619047616,20,20,GCTTTGAGACTCGACTGTAT,0,3240241
recNp,0.047619047619047616,20,20,GCTTGTGTAGCTATAGTCCA,0,3253218
recNp,0.047619047619047616,20,20,GCGCTGGCCGATGTTGGAGC,0,3228679
recNp,0.047619047619047616,20,20,GCGATTAGTATCTTGGTATC,0,3226809
recNp,0.047619047619047616,20,20,GCATTCTTGCTTGCCCCCAA,0,3218581
recNp,0.047619047619047616,20,20,GCAATACTGGCAAGTAACTC,0,3235707
recNp,0.047619047619047616,20,20,GATCGAGGCAGTATTGCGAC,0,3240234
recNp,0.047619047619047616,20,20,GAGGCCCATTCCTGAGGCTT,0,3249184
recNp,0.047619047619047616,20,20,GAGATTTTTAGTTTTACTTA,0,3251644
recNp,0.047619047619047616,20,20,GAGACCAACGTCGGACTGCA,0,3239046
recNp,0.047619047619047616,20,20,GACCGTGCTAAATACACAGT,0,3224917
recNp,0.047619047619047616,20,20,GACAAATAGGACGACACCGT,0,3226890
recNp,0.047619047619047616,20,20,GAATGTACAAAGCAGCTAGC,0,3228450
recNp,0.047619047619047616,20,20,CTTATTTAGGTCGCTCGACG,0,3243035
recNp,0.047619047619047616,20,20,CTTACCGTTGATTCTTCGTA,0,3234850
recNp,0.047619047619047616,20,20,CTCTACTCTTTATTGTGGGG,0,3250037
recNp,0.047619047619047616,20,20,CTCAGGTAAGACACCCTGGG,0,3224068
recNp,0.047619047619047616,20,20,CTATTGAGTGGCTGCCTCAG,0,3226255
recNp,0.047619047619047616,20,20,CTATCGCCGCAGCGGTCCAA,0,3244198
recNp,0.047619047619047616,20,20,CGTAGGGAAGGCTTAGCCCA,0,3246518
recNp,0.047619047619047616,20,20,CGCTCATATGTGCAAATGTC,0,3249380
recNp,0.047619047619047616,20,20,CGCCACTAGGAGCCCCCAGC,0,3229569
recNp,0.047619047619047616,20,20,CGCAGTAGTCTAAACGAAAG,0,3241116
recNp,0.047619047619047616,20,20,CGATGTCGCTGCGGGCGCCA,0,3236808
recNp,0.047619047619047616,20,20,CGACATGGAGGGACGCCCGA,0,3234193
recNp,0.047619047619047616,20,20,CCTCGAACGCCGCTCTCGCC,0,3234879
recNp,0.047619047619047616,20,20,CCTCAGCGAATAAACTTAAA,0,3239491
recNp,0.047619047619047616,20,20,CCGGTCTAACAGGATGCGTT,0,3232009
recNp,0.047619047619047616,20,20,CCGGCGTTCGGCATATACCA,0,3222988
recNp,0.047619047619047616,20,20,CCCTCTAGTCTGGTAACGCT,0,3230726
recNp,0.047619047619047616,20,20,CCATGTTAGAAGATGGGGGT,0,3241303
recNp,0.047619047619047616,20,20,CATGCACCGGGAGTGCCTAA,0,3231844
recNp,0.047619047619047616,20,20,CATCAAGAGGCCGGGCTTCC,0,3246878
recNp,0.047619047619047616,20,20,CATAGAGAATACTTTCAGCT,0,3239028
recNp,0.047619047619047616,20,20,CACTAGGGCATCGGTGTCTA,0,3232064
recNp,0.047619047619047616,20,20,CACGTGTGTAACCTCGAGCG,0,3221727
recNp,0.047619047619047616,20,20,CACGGGAGTAGATACAAATA,0,3242362
recNp,0.047619047619047616,20,20,ATTGTGGGGTGCTGATTGCT,0,3250083
recNp,0.047619047619047616,20,20,ATTGCCGTTCTAGGCTAATG,0,3247675
recNp,0.047619047619047616,20,20,ATTAGGTGGTTAGGGGGCCT,0,3237636
recNp,0.047619047619047616,20,20,ATGCCGACGAACGGAGCCTA,0,3216655
recNp,0.047619047619047616,20,20,ATGCAACTGAGCCCAGCAAC,0,3253805
recNp,0.047619047619047616,20,20,ATCTCTCGCATATCAGCATC,0,3240202
recNp,0.047619047619047616,20,20,ATCGACACAGGGTCCAAAGA,0,3254948
recNp,0.047619047619047616,20,20,ATCCAGGGCTTGACGAGGCT,0,3222354
recNp,0.047619047619047616,20,20,ATCAAGCGCTTGACGGGATG,0,3232597
recNp,0.047619047619047616,20,20,ATATCGAGCGGGGTAAATGG,0,3217691
recNp,0.047619047619047616,20,20,ATACCGCCAGCGCGAAATGT,0,3230188
recNp,0.047619047619047616,20,20,AGTCCGATGGCCAGATTCCG,0,3220822
recNp,0.047619047619047616,20,20,AGTCCGAAATACCGTTATAA,0,3251892
recNp,0.047619047619047616,20,20,AGTACCTTTTTTTCTACGAG,0,3235503
recNp,0.047619047619047616,20,20,AGGGCCAGCCTTCGGTACAG,0,3242838
recNp,0.047619047619047616,20,20,AGCCACTCGTATTCGAGGAG,0,3230616
recNp,0.047619047619047616,20,20,AGAGGGCCTCTAGTGCTATA,0,3237614
recNp,0.047619047619047616,20,20,ACTTGATCCTGTTGCTGGTT,0,3240195
recNp,0.047619047619047616,20,20,ACTTCCTCACGACTCTGAAA,0,3249483
recNp,0.047619047619047616,20,20,ACTTAACTGAGGAATGACGT,0,3229195
recNp,0.047619047619047616,20,20,ACTCAGATCACTCAATTATC,0,3241464
recNp,0.047619047619047616,20,20,ACTATTGCACCTTTAGACGT,0,3237177
recNp,0.047619047619047616,20,20,ACGTAACTGAAACGGGGCGC,0,3240461
recNp,0.047619047619047616,20,20,ACGGGTTATTCACTGCTCAG,0,3248741
recNp,0.047619047619047616,20,20,ACGCCTGAGCGCAAACATAC,0,3243049
recNp,0.047619047619047616,20,20,ACCACCCCCTGTACCATACT,0,3233355
recNp,0.047619047619047616,20,20,ACCACACGGTGCCCTTAAAG,0,3251457
recNp,0.047619047619047616,20,20,ACAGGTTAGATGTCCTGTCC,0,3247117
recNp,0.047619047619047616,20,20,ACACAGTTCGGGGCCTCCCA,0,3245141
recNp,0.047619047619047616,20,20,AATTCGGCGCGAGACAGGTT,0,3251923
recNp,0.047619047619047616,20,20,AATGTCCTTTTTAGTATGAA,0,3247461
recNp,0.047619047619047616,20,20,AATCCCAAACCTACAGTTTG,0,3245789
recNp,0.047619047619047616,20,20,AATCAGCAGTCAAGTCGCAG,0,3241321
recNp,0.047619047619047616,20,20,AACCTCCATAGAGGGCTCAT,0,3224901
recNp,0.047619047619047616,20,20,AACCGCCGATTAGTCTCTTG,0,3232203
recNp,0.047619047619047616,20,20,AACCCTCGCATCACCGGAGT,0,3239690
recNp,0.047619047619047616,20,20,AAATAGACCCGGTGGGGGAA,0,3222183
recNp,0.047619047619047616,20,20,AAAGGGGCACTATTACTGTA,0,3218193
recNp,0.047619047619047616,20,20,AAAATCTTCGCTATATGATC,0,3225239
recNp,0.05,19,19,TTTTTCTAACGAAGTAACCT,0,3226277
recNp,0.05,19,19,TTGTGGGGTAGTAGCAGGTC,0,3218191
recNp,0.05,19,19,TTCTTGGTCTCCATATCCCG,0,3217954
recNp,0.05,19,19,TTCCAAGACTCAAAGTAGAA,0,3228568
recNp,0.05,19,19,TTCATATTACGGTTCTGATG,0,3251294
recNp,0.05,19,19,TTACCTCTGACTCTGCTAGT,0,3240313
recNp,0.05,19,19,TTAATGTAGACTGGGTATGT,0,3217755
recNp,0.05,19,19,TGTGGGTAATTGAAAACATA,0,3233792
recNp,0.05,19,19,TGCTCGCACTCTCTGCTTGA,0,3250687
recNp,0.05,19,19,TGCACCTCACACCTTGAAAG,0,3231886
recNp,0.05,19,19,TGACCGCGGTGGACGGTACA,0,3242163
recNp,0.05,19,19,TCGTGGCATACGCAAACAGG,0,3242399
recNp,0.05,19,19,TCGTGATTTGAATTGGGAAA,0,3250381
recNp,0.05,19,19,TCCGAGCCTGTCCGCACAGT,0,3242043
recNp,0.05,19,19,TCACCATAGTGTAGAGAGCT,0,3231368
recNp,0.05,19,19,TATACGACCGCGATATCGAG,0,3255977
recNp,0.05,19,19,TAACTGAATTTTGCAGTACC,0,3245213
recNp,0.05,19,19,TAACGAATAACGTCTAATTC,0,3223000
recNp,0.05,19,19,TAAAATTTGTTGACATATGT,0,3220146
recNp,0.05,19,19,GTTGGGGGCGGATGGGAGGC,0,3234558
recNp,0.05,19,19,GTGCCTTCTTTCCTTAGTGG,0,3255481
recNp,0.05,19,19,GTGACATATTTTGATCAGGT,0,3245395
recNp,0.05,19,19,GTCGTCCGGACCGGTAGCGG,0,3229493
recNp,0.05,19,19,GTCCTTCATTAAAAAACTTC,0,3224494
recNp,0.05,19,19,GTCAGTTCCACATGTATGTA,0,3235524
recNp,0.05,19,19,GGTGACGGAGGCCCGCGATA,0,3235749
recNp,0.05,19,19,GGTACGGTAAATCGGCCGCA,0,3225800
recNp,0.05,19,19,GGGTCTCACATAACCAGGCC,0,3231012
recNp,0.05,19,19,GGGTAATGGACTGTAGGATA,0,3243333
recNp,0.05,19,19,GGGGGGAGAGATATCCCGGG,0,3228684
recNp,0.05,19,19,GGCGTCGCGGGTCTCACGCC,0,3242912
recNp,0.05,19,19,GGCCAACGAAGCTGAGTCAG,0,3221984
recNp,0.05,19,19,GGAGGGCCGTGGGTAGCCAA,0,3223997
recNp,0.05,19,19,GGAGCGTAAGAAATTGTGTT,0,3250119
recNp,0.05,19,19,GCTTTCGGTTGCTTTAATTG,0,3233870
recNp,0.05,19,19,GCTTATCTCGGTCTTTGCAA,0,3247100
recNp,0.05,19,19,GCGTTTGAGGGGTAAGCCCT,0,3245115
recNp,0.05,19,19,GCGCCTCAGATGTACTTGGT,0,3238111
recNp,0.05,19,19,GCCGACAGGCGTAGCGGAAT,0,3249754
recNp,0.05,19,19,GCCCAGGGGTAAATGCTGCT,0,3239851
recNp,0.05,19,19,GCACGGGGGATAGAGGAAAA,0,3246651
recNp,0.05,19,19,GCACATTCTCCTATCTGTTG,0,3230542
recNp,0.05,19,19,GATATCCATGGGGCACCGCG,0,3241117
recNp,0.05,19,19,GAGTATTGAACGTCATGACC,0,3234227
recNp,0.05,19,19,GACCGAACAACTTGCGTTGG,0,3222418
recNp,0.05,19,19,GAATGAACGGTTATAACGTT,0,3239015
recNp,0.05,19,19,GAACTTATCACAGCTACTGA,0,3235915
recNp,0.05,19,19,CTTCGCCGCGATAGTCAGGC,0,3235040
recNp,0.05,19,19,CTTCCTCCACAGCTTCTCGC,0,3219351
recNp,0.05,19,19,CTGTTTGGGTACTCTCGTTT,0,3251647
recNp,0.05,19,19,CTGGGTAGGTTCGTTCACCA,0,3217929
recNp,0.05,19,19,CTACTGGAATGGGGGGCCAC,0,3225121
recNp,0.05,19,19,CTAACCTTGAGATCCCATTC,0,3218763
recNp,0.05,19,19,CGGTCTCTTTACGTAGTTCG,0,3217225
recNp,0.05,19,19,CGGCGAAACACAGTTTTAAA,0,3234483
recNp,0.05,19,19,CGGAGCCATGTCATAGACGA,0,3239384
recNp,0.05,19,19,CGGACACACCTTTCATACAT,0,3219348
recNp,0.05,19,19,CGCTGTTGGGCGACAGTGGA,0,3240605
recNp,0.05,19,19,CGCCAGGCGCATCTTCTTGA,0,3228020
recNp,0.05,19,19,CGATGAGATATGAGGCCTGG,0,3229882
recNp,0.05,19,19,CGACGGTCTATTCAACGTGC,0,3254667
recNp,0.05,19,19,CGACACAGGCTATAAAAAAT,0,3231603
recNp,0.05,19,19,CCTCAGGCTGGGCTCGGATT,0,3220058
recNp,0.05,19,19,CCGGCCTAGTTGCAAAAACT,0,3240002
recNp,0.05,19,19,CCGCCACTCTCTAACAACTG,0,3239212
recNp,0.05,19,19,CCGAGTCAGTGGCGTTATAG,0,3241802
recNp,0.05,19,19,CCCGTCGGCTTTAGTAGGAA,0,3237477
recNp,0.05,19,19,CCCGAGGCTTTGTTTCTATG,0,3217907
recNp,0.05,19,19,CCCCGGCTTCGTGAACGATA,0,3238116
recNp,0.05,19,19,CCATGTTCCCCCAGACTGTT,0,3248047
recNp,0.05,19,19,CCAGGCCGTTCGCTTACCCT,0,3226683
recNp,0.05,19,19,CATTCTTCAGGGGCACGTCA,0,3253373
recNp,0.05,19,19,CATGGATTAAGGCGTCTCCT,0,3226866
recNp,0.05,19,19,CATGCTTGGACGTGTCCGCA,0,3218805
recNp,0.05,19,19,CATGCTTATGCTGTCCCCTT,0,3227159
recNp,0.05,19,19,CACGTCGTAAAGTGGTATGT,0,3249739
recNp,0.05,19,19,CACCGCATCCGTAGGAGTAT,0,3245464
recNp,0.05,19,19,CAATAAATCCCAAGACCGGA,0,3239143
recNp,0.05,19,19,CAACTAAGGAATATAGCGTA,0,3228409
recNp,0.05,19,19,CAACGGGATCTGGGGACACC,0,3220889
recNp,0.05,19,19,ATTGCGTGATGAGCAGGCGC,0,3235039
recNp,0.05,19,19,ATTGAGGCGTTTGAGTACGG,0,3236214
recNp,0.05,19,19,ATGCCAGCAATGAACGAAAC,0,3233613
recNp,0.05,19,19,ATCGAACGCGGAACTGTACC,0,3229554
recNp,0.05,19,19,ATACATAATATCGTTTGGTA,0,3219701
recNp,0.05,19,19,AGTTGGGAACTCTTATTCGA,0,3227120
recNp,0.05,19,19,AGGAGCGATTATACCTTACG,0,3238815
recNp,0.05,19,19,AGCGGGTCTTCCGCTAATAG,0,3251533
recNp,0.05,19,19,AGCGCCTCTGTTGTCTGCGT,0,3217681
recNp,0.05,19,19,AGATTGCCCGCCCACGCCTG,0,3243215
recNp,0.05,19,19,AGAGTGCGCATGGTTAATAA,0,3233796
recNp,0.05,19,19,ACTACACATTTAGGCGCAGG,0,3242361
recNp,0.05,19,19,ACTAAAACGGCACTCGCGCC,0,3239423
recNp,0.05,19,19,ACGGGGCTTGGGTATACCGA,0,3248066
recNp,0.05,19,19,ACGGGGAAGTTCCACCAATG,0,3253024
recNp,0.05,19,19,ACCGTCTTCCGTATTTTTAC,0,3246502
recNp,0.05,19,19,ACCGGATAGCCGAAGCGTTG,0,3242765
recNp,0.05,19,19,ACAGGGCGATGCCATTAATA,0,3220708
recNp,0.05,19,19,AATTAGCTTCTGTCTACGTT,0,3225886
recNp,0.05,19,19,AATTAACGGTTATGTGGCGA,0,3252681
recNp,0.05,19,19,AATGCGCTGCCGGACACACC,0,3223991
recNp,0.05,19,19,AAGTATGTAGGAAAGTTCAT,0,3241530
recNp,0.05,19,19,AAGTAGGTGATGACTGCATT,0,3221064
recNp,0.05,19,19,AAGTACGACTCAGCTCGGAG,0,3227378
recNp,0.05,19,19,AAGCACGCGCTGCGAACTTA,0,3250486
recNp,0.05,19,19,AAGATTAGTACTGATCGGTG,0,3219339
recNp,0.05,19,19,AAGACGCGTCGTAAGTTTCA,0,3216979
recNp,0.05,19,19,AACGCTGTAGACGTGTTGTT,0,3241118
recNp,0.05,19,19,AACCTGTTTGTCGTCATATA,0,3236807
recNp,0.05,19,19,AACATCAGACAGCGTTGCAA,0,3229692
recNp,0.05263157894736842,18,18,TTTGGGTGGCCGTTTCTTCA,0,3225161
recNp,0.05263157894736842,18,18,TTTGGGGGGGGTTAGTCGTA,0,3220821
recNp,0.05263157894736842,18,18,TTTCCCGCGCACATTCTTAG,0,3249562
recNp,0.05263157894736842,18,18,TTGCAATGTGAAGTAGAATG,0,3243737
recNp,0.05263157894736842,18,18,TTCGAACTTTGGCCTAGGTG,0,3239706
recNp,0.05263157894736842,18,18,TTCCCTACTATCAATACGAT,0,3226287
recNp,0.05263157894736842,18,18,TTCCACGCGTGCTGCATGGC,0,3232103
recNp,0.05263157894736842,18,18,TGTTCAATTTTTCCGATGTC,0,3219950
recNp,0.05263157894736842,18,18,TGGTAATTTGATTAACAACT,0,3248994
recNp,0.05263157894736842,18,18,TGGACAAGGCTTTCTTGAAA,0,3225582
recNp,0.05263157894736842,18,18,TGCGGTGTGACCTAAAGGCT,0,3218579
recNp,0.05263157894736842,18,18,TGCCCTGGAGACGCCGACTG,0,3233346
recNp,0.05263157894736842,18,18,TGAGATCGAGTATCACGGCT,0,3230957
recNp,0.05263157894736842,18,18,TGACAAGCAGCACCCGCTCA,0,3216257
recNp,0.05263157894736842,18,18,TCGGATCCGAAGTAGAATCG,0,3240649
recNp,0.05263157894736842,18,18,TCGCTTGGTTATGAAAGGCA,0,3237740
recNp,0.05263157894736842,18,18,TCCACGACCACTACGGCTTC,0,3228415
recNp,0.05263157894736842,18,18,TCAGACGATAGGCCAGGCGT,0,3227820
recNp,0.05263157894736842,18,18,TATAAGGGGCTCGTTTTCCC,0,3242537
recNp,0.05263157894736842,18,18,TAGGCTCGGTGTTGCTTTTA,0,3218912
recNp,0.05263157894736842,18,18,TACTCGCGATTATCGTACGA,0,3242803
recNp,0.05263157894736842,18,18,TACGCCGGTTCTGCCCGGCA,0,3241635
recNp,0.05263157894736842,18,18,TACCTCACGTCGCGGTGGGA,0,3246004
recNp,0.05263157894736842,18,18,TACAGCGGAATGCTTTCATT,0,3254536
recNp,0.05263157894736842,18,18,TAAGTGGATAGTTTCTGCAG,0,3245557
recNp,0.05263157894736842,18,18,TAACCGCGTCCTCGACGTGT,0,3245867
recNp,0.05263157894736842,18,18,TAAACGTCGGCTCATTGTTT,0,3224130
recNp,0.05263157894736842,18,18,GTGTTATTGCGCGTTACTAT,0,3216568
recNp,0.05263157894736842,18,18,GTGCTTCGACGTGGGAACAC,0,3222784
recNp,0.05263157894736842,18,18,GTGCGCGGTGCACTGGCGAT,0,3240957
recNp,0.05263157894736842,18,18,GTGCGATGGACATTAATCGC,0,3223508
recNp,0.05263157894736842,18,18,GTGATTCTGGGCGTGTCCAC,0,3251329
recNp,0.05263157894736842,18,18,GTGAGTTCTTAATGGAACCA,0,3223750
recNp,0.05263157894736842,18,18,GTGAGATTCTTCAACTATGA,0,3229078
recNp,0.05263157894736842,18,18,GTGAGATCAGCGGTTCTCTG,0,3218248
recNp,0.05263157894736842,18,18,GTGAGAGTCACTGCAACAAG,0,3226407
recNp,0.05263157894736842,18,18,GTGAACTGGCTCGAGCAGTT,0,3232987
recNp,0.05263157894736842,18,18,GTCCGCCCTGTAAGCCGCAA,0,3223566
recNp,0.05263157894736842,18,18,GTACGATCTTCCCATGCGGG,0,3224757
recNp,0.05263157894736842,18,18,GTAAAGCAAGAGCTCAGGGG,0,3227815
recNp,0.05263157894736842,18,18,GGCTGTGGCCGTTTAATGGA,0,3231126
recNp,0.05263157894736842,18,18,GGCGTTTTAATGGCCCGAAT,0,3246425
recNp,0.05263157894736842,18,18,GGACGGGCGGTGTGATCGTA,0,3237281
recNp,0.05263157894736842,18,18,GGACGAAGCCCGTACAATGT,0,3219084
recNp,0.05263157894736842,18,18,GGACCTATTCTTCTATGATC,0,3222154
recNp,0.05263157894736842,18,18,GCTTGTGGATGCTGCCGATC,0,3219794
recNp,0.05263157894736842,18,18,GCTTGAGATCATTTGCTACA,0,3220380
recNp,0.05263157894736842,18,18,GCTTCTAGGTCAACGTCTAG,0,3223527
recNp,0.05263157894736842,18,18,GCGTGCTTCCGTAGGCGGAT,0,3226192
recNp,0.05263157894736842,18,18,GCGACGATGCCGCAAATACG,0,3240621
recNp,0.05263157894736842,18,18,GCCCCTATGCCGGCATCGTA,0,3238676
recNp,0.05263157894736842,18,18,GCCAGAATCGTGCCCCCGCG,0,3247056
recNp,0.05263157894736842,18,18,GCAGAAAAGTCTCATTGTGA,0,3250261
recNp,0.05263157894736842,18,18,GATTCAGCGTTTTGACGCCC,0,3253655
recNp,0.05263157894736842,18,18,GATGCGGGGTGGGCAGTCGA,0,3227618
recNp,0.05263157894736842,18,18,GAGGACATTCATAACCGGTA,0,3225657
recNp,0.05263157894736842,18,18,GAGGACAGCCCTACACGGGT,0,3228718
recNp,0.05263157894736842,18,18,GACTAAGTAGCATTAGCAAG,0,3225783
recNp,0.05263157894736842,18,18,GACAGACGTGCCTCGGAAGG,0,3233285
recNp,0.05263157894736842,18,18,GAATATCAGTTTATCTTCGG,0,3242214
recNp,0.05263157894736842,18,18,GAACCGTATGACTTATTATT,0,3243412
recNp,0.05263157894736842,18,18,CTTGTTGAAAAGAGGAAAAT,0,3229675
recNp,0.05263157894736842,18,18,CTTCTTCAGGTCGGTGCCAA,0,3240029
recNp,0.05263157894736842,18,18,CTGGAATTTGGGTCTTCTGC,0,3247574
recNp,0.05263157894736842,18,18,CTCGAAATTAAGACCGCCCT,0,3218751
recNp,0.05263157894736842,18,18,CTCAGCTATTATGTCAGCTA,0,3237356
recNp,0.05263157894736842,18,18,CTATAAAATTGCTACGGTAT,0,3246460
recNp,0.05263157894736842,18,18,CTACCCTTCTCACAAAGCGT,0,3250386
recNp,0.05263157894736842,18,18,CTAATACCAGATACCGGTAT,0,3240199
recNp,0.05263157894736842,18,18,CGTATAGGTACGATTACGGA,0,3235101
recNp,0.05263157894736842,18,18,CGGGATATACGATTGTGGTC,0,3230026
recNp,0.05263157894736842,18,18,CGGCACTGAGGCCCACTGAG,0,3249601
recNp,0.05263157894736842,18,18,CGGATTGTATAGCGGGCTCA,0,3221724
recNp,0.05263157894736842,18,18,CGCTAGTGGTTCCGCTCGCC,0,3232354
recNp,0.05263157894736842,18,18,CGACTCGGGATGAGCCTCTA,0,3219546
recNp,0.05263157894736842,18,18,CGAATGTTCTTATCTCACCA,0,3229912
recNp,0.05263157894736842,18,18,CGAATAGCATCCCCAAGATT,0,3226759
recNp,0.05263157894736842,18,18,CCTTAACAGTTCCAGGTCAG,0,3246505
recNp,0.05263157894736842,18,18,CCTCCGATAGTTCTGAGGAG,0,3243979
recNp,0.05263157894736842,18,18,CCGGGGCGGAGAGGCAGGTA,0,3234929
recNp,0.05263157894736842,18,18,CCCACGATGGGTGCTATGCA,0,3234216
recNp,0.05263157894736842,18,18,CATTCGAGAAGATTTAATAC,0,3216478
recNp,0.05263157894736842,18,18,CATTATACATGAACTAGGAT,0,3249727
recNp,0.05263157894736842,18,18,CAATTCGATACGAGGAAATG,0,3221325
recNp,0.05263157894736842,18,18,CAATCTTTGGTCTTCAGTGC,0,3237818
recNp,0.05263157894736842,18,18,CAAACGGTTCGGCCTACGGC,0,3250168
recNp,0.05263157894736842,18,18,ATTTTGCTCTGACCAGTTGT,0,3221021
recNp,0.05263157894736842,18,18,ATTGACTACTCCCAGGGCCA,0,3220317
recNp,0.05263157894736842,18,18,ATTCGGTAATGCGGGGAAAA,0,3221835
recNp,0.05263157894736842,18,18,ATTACTGAGGCTGCTACGTG,0,3232173
recNp,0.05263157894736842,18,18,ATTAACAGCAAATGAGAGTG,0,3240519
recNp,0.05263157894736842,18,18,ATGGAGGGCGTAAGCGGTCA,0,3220439
recNp,0.05263157894736842,18,18,ATGCAAAAACTTACATTGCC,0,3246297
recNp,0.05263157894736842,18,18,ATCTCAATCTTGTATCGATG,0,3228093
recNp,0.05263157894736842,18,18,ATATAGCCGTCCTTCAAGCA,0,3216983
recNp,0.05263157894736842,18,18,AGTGTCCCTACTGCAATCCA,0,3242802
recNp,0.05263157894736842,18,18,AGTGGTCTTAAAAATGGGGA,0,3233687
recNp,0.05263157894736842,18,18,AGGGCAACAAGCCTCTGCGT,0,3221943
recNp,0.05263157894736842,18,18,AGGCCCTATATTCTCTGCTG,0,3229585
recNp,0.05263157894736842,18,18,AGCTCTAGATCTGTGGTATA,0,3221133
recNp,0.05263157894736842,18,18,AGCACCAGAGTCAAGCAAAT,0,3241803
recNp,0.05263157894736842,18,18,ACTTCAACGCGTAATGAGTT,0,3217702
recNp,0.05263157894736842,18,18,ACGGTTAGTAGTGATAGCAT,0,3251404
recNp,0.05263157894736842,18,18,ACGCGTACCAGGTTTACAAT,0,3244205
recNp,0.05263157894736842,18,18,ACCGTCCAAAGAGGCATCGT,0,3242400
recNp,0.05263157894736842,18,18,ACCGGTTCTAGGACGACGGT,0,3227451
recNp,0.05263157894736842,18,18,ACCGGCCCGGCCTGCATCCA,0,3246431
recNp,0.05263157894736842,18,18,ACCGCTTACGTGGTCCGGGG,0,3234152
recNp,0.05263157894736842,18,18,AATCTAGATTGTTCGCCCGT,0,3219009
recNp,0.05263157894736842,18,18,AATAACGTGCGATTAGAACT,0,3238985
recNp,0.05263157894736842,18,18,AAGTCGTGATCCTGAGGGCG,0,3235879
recNp,0.05263157894736842,18,18,AAGGGGACTTCATTCTTACA,0,3242694
recNp,0.05263157894736842,18,18,AAGAAGATGAGCGTGCCGAG,0,3217208
recNp,0.05263157894736842,18,18,AACGATACATGTGAAGGCAG,0,3221144
recNp,0.05263157894736842,18,18,AACCCATTGGCGACCGACTT,0,3244268
recNp,0.05263157894736842,18,18,AAATGGGAAGAGACGGTACG,0,3249324
recNp,0.05263157894736842,18,18,AAATCAAGCACTCTGGGGGA,0,3241721
recNp,0.05263157894736842,18,18,AAATCAACATCCCGTTCGAT,0,3237158
recNp,0.05263157894736842,18,18,AAATATGAGAAGGCGTTCCT,0,3217242
recNp,0.05263157894736842,18,18,AAAGACGATGCAAGTCACTT,0,3238382
recNp,0.05263157894736842,18,18,AAACTCACTGATTTGCCCTA,0,3223034
recNp,0.05263157894736842,18,18,AAACACACGTTCGCGGTGGT,0,3224667
recNp,0.05555555555555555,17,17,TTGGTTTAGCTCGCCGTGAA,0,3218977
recNp,0.05555555555555555,17,17,TTGCTTGAGTATTTTGATTT,0,3221556
recNp,0.05555555555555555,17,17,TTGATACGTGACCAGATAAA,0,3245826
recNp,0.05555555555555555,17,17,TTCTTGAGGCATTGTGGGTG,0,3221769
recNp,0.05555555555555555,17,17,TTCTGGTAGTATTACTCAAA,0,3226135
recNp,0.05555555555555555,17,17,TTCCCAAGTTGGGTTAAACG,0,3239244
recNp,0.05555555555555555,17,17,TTACTGCAGTTGGCTTGTTC,0,3248254
recNp,0.05555555555555555,17,17,TGTACTGACTCTTCAGCATG,0,3217908
recNp,0.05555555555555555,17,17,TGGTCCGCCATGGGCAAATT,0,3228483
recNp,0.05555555555555555,17,17,TGGTATCTAGGAAAACACAT,0,3249183
recNp,0.05555555555555555,17,17,TGGTAGGATCAGTGCTGCCT,0,3220820
recNp,0.05555555555555555,17,17,TGGGGTCAGCCCAATGATGT,0,3227205
recNp,0.05555555555555555,17,17,TGGGCTTAGCGGTGGGTTCA,0,3244035
recNp,0.05555555555555555,17,17,TGGGAATAAGTGTCCTAGCG,0,3242366
recNp,0.05555555555555555,17,17,TGGCGGTGCGAAGGGACCAA,0,3231287
recNp,0.05555555555555555,17,17,TGAGCTCGATACTTGGACAA,0,3235358
recNp,0.05555555555555555,17,17,TCTCAACACGACTGAGATTA,0,3249506
recNp,0.05555555555555555,17,17,TCTAGGTGACCCCAACGTCT,0,3246716
recNp,0.05555555555555555,17,17,TCGTCGTTGGGTTAAGCCCC,0,3244531
recNp,0.05555555555555555,17,17,TCGAGGGGGATTCGCGTGCG,0,3234316
recNp,0.05555555555555555,17,17,TCGAATCGAAGGAGCAAGAA,0,3230095
recNp,0.05555555555555555,17,17,TCATCTGTATTAGAAGTATA,0,3223977
recNp,0.05555555555555555,17,17,TCAGTACCAGGGCGGCGAAA,0,3247815
recNp,0.05555555555555555,17,17,TCAACGTCCGGCCAGAAACA,0,3232084
recNp,0.05555555555555555,17,17,TATTGACGAATTCGTAACAA,0,3237206
recNp,0.05555555555555555,17,17,TAGGTCTCGCATGGATGGTA,0,3243039
recNp,0.05555555555555555,17,17,TAGAGAGTAGCGATGTAAGC,0,3217876
recNp,0.05555555555555555,17,17,TACTCGTACCTCATGTGCAA,0,3241502
recNp,0.05555555555555555,17,17,TAACGAGGACTATAGGAATT,0,3253210
recNp,0.05555555555555555,17,17,TAACCTCTAACCCCCGGATA,0,3246472
recNp,0.05555555555555555,17,17,GTGGATCCACGGTCCGGTGC,0,3229090
recNp,0.05555555555555555,17,17,GTGCTGGGGGTTGCTTACCT,0,3226288
recNp,0.05555555555555555,17,17,GTGAGGACGAACGCTTTTCC,0,3250272
recNp,0.05555555555555555,17,17,GTGAGACTGTGGCACAGGGG,0,3240771
recNp,0.05555555555555555,17,17,GTGACTTGTGTGCAGGTAGT,0,3232968
recNp,0.05555555555555555,17,17,GTCCGTTATCGCTATGTGTA,0,3250824
recNp,0.05555555555555555,17,17,GTCCCCATGGTTAAACCGAT,0,3246421
recNp,0.05555555555555555,17,17,GTATGTGACGTGGAACCTCA,0,3243382
recNp,0.05555555555555555,17,17,GTATCATTATCAACCATTGT,0,3218765
recNp,0.05555555555555555,17,17,GTAGCACCGGGCTGTCAACT,0,3228491
recNp,0.05555555555555555,17,17,GTAGATACCCACTAATTGAC,0,3238567
recNp,0.05555555555555555,17,17,GTAATAGCTGGATTTCAAGC,0,3239239
recNp,0.05555555555555555,17,17,GGTGGCTGGACCCGCGTCGT,0,3231927
recNp,0.05555555555555555,17,17,GGTGCACCCGCCCATCGTTC,0,3238397
recNp,0.05555555555555555,17,17,GGTAAAGGTTTTGCTCAGCT,0,3218388
recNp,0.05555555555555555,17,17,GGGTCGGCTTGTACGTACGT,0,3229948
recNp,0.05555555555555555,17,17,GGGGTTACTCGCTGACGGTT,0,3252562
recNp,0.05555555555555555,17,17,GGGACATTCATAGGATAGCA,0,3222692
recNp,0.05555555555555555,17,17,GGGACACGAGGCGTGAATCA,0,3246300
recNp,0.05555555555555555,17,17,GGCAGCCGTCATTGGGACAA,0,3234143
recNp,0.05555555555555555,17,17,GGCAGCAGAGACTTAGGCCA,0,3236939
recNp,0.05555555555555555,17,17,GGAGGCTTCCATCGACATCC,0,3221697
recNp,0.05555555555555555,17,17,GCTTTTGGGACCAATCGGCT,0,3219120
recNp,0.05555555555555555,17,17,GCTGCAAACCCCGGAATGGT,0,3217430
recNp,0.05555555555555555,17,17,GCTCTGCCAATGTGGGTATC,0,3224699
recNp,0.05555555555555555,17,17,GCACCCCATGAGCTAGGTCA,0,3244557
recNp,0.05555555555555555,17,17,GCAAGGTCATTTGACTATTA,0,3244535
recNp,0.05555555555555555,17,17,GCAAAACTTCCGGTCTGAGA,0,3250836
recNp,0.05555555555555555,17,17,GATTAGATCCCCGACGCGCG,0,3246882
recNp,0.05555555555555555,17,17,GAGCGTTCGATCCTCCGCTG,0,3246274
recNp,0.05555555555555555,17,17,GAGAAGCTTATAATTGGTGC,0,3241268
recNp,0.05555555555555555,17,17,GACGGGATCTTAACTCAGAA,0,3224220
recNp,0.05555555555555555,17,17,GACCAGAACCGGTTTATCCC,0,3224798
recNp,0.05555555555555555,17,17,GACCACAGTACTTGATCCAC,0,3249909
recNp,0.05555555555555555,17,17,GAAGGGAGAACGCTGTGGGT,0,3227918
recNp,0.05555555555555555,17,17,GAACTCCTAAGACTGCCCGC,0,3221945
recNp,0.05555555555555555,17,17,GAACACTACTTTGATTCACT,0,3230605
recNp,0.05555555555555555,17,17,GAAACGGTAATCACTACTCG,0,3246458
recNp,0.05555555555555555,17,17,CTTTTCTGCTAGGTGGCCCT,0,3236797
recNp,0.05555555555555555,17,17,CTTATTGGGACTATATCAGT,0,3231371
recNp,0.05555555555555555,17,17,CTTAAGGATCTCCTGCTTTT,0,3221922
recNp,0.05555555555555555,17,17,CTGACCTTTAGACATAAGTC,0,3228017
recNp,0.05555555555555555,17,17,CTGAAGCGTAGTTCCTTCTT,0,3223737
recNp,0.05555555555555555,17,17,CTGAACGTCGGCGTTGATGT,0,3225324
recNp,0.05555555555555555,17,17,CTCTATAGACGAATTCTGCT,0,3236100
recNp,0.05555555555555555,17,17,CTCGGACTAACGCTTCGGAC,0,3219185
recNp,0.05555555555555555,17,17,CTCCGACGTTCTTCTCGGTA,0,3249194
recNp,0.05555555555555555,17,17,CTCCGAAGCGATTGAACAGA,0,3228273
recNp,0.05555555555555555,17,17,CTCATGAGTAGCTAATAATG,0,3228466
recNp,0.05555555555555555,17,17,CTATAAGACAAGTGTTTGGA,0,3232443
recNp,0.05555555555555555,17,17,CGTTGCAGGGACTCAGGCAA,0,3229332
recNp,0.05555555555555555,17,17,CGTTAAGTCTCGATCTACCT,0,3221435
recNp,0.05555555555555555,17,17,CGTCGTATCGACCCCGGGAC,0,3253423
recNp,0.05555555555555555,17,17,CGTCACGAGAGCACGATTCT,0,3229250
recNp,0.05555555555555555,17,17,CGTATGAACGGGAGCGATAT,0,3251632
recNp,0.05555555555555555,17,17,CGGGAGAAGGGGTTTATAGC,0,3221385
recNp,0.05555555555555555,17,17,CGGCTGGAGTGTATGATATT,0,3228606
recNp,0.05555555555555555,17,17,CGCGTTCCAAAAGCGGTTCT,0,3253140
recNp,0.05555555555555555,17,17,CGATGCGGGGTGAAAAGGTG,0,3216242
recNp,0.05555555555555555,17,17,CGAGGACCGCGACAAATATG,0,3252922
recNp,0.05555555555555555,17,17,CGAAGCGGGACCGTTATGTT,0,3216681
recNp,0.05555555555555555,17,17,CCTAATGTAACATCTAGGAT,0,3230725
recNp,0.05555555555555555,17,17,CCTAACACTTTACCTAAAAC,0,3254292
recNp,0.05555555555555555,17,17,CCGTCTATATTTGTAACCAT,0,3227566
recNp,0.05555555555555555,17,17,CCGGCTCACGCTCGACTACG,0,3227666
recNp,0.05555555555555555,17,17,CCGGCATAGGGACTTACTGT,0,3216243
recNp,0.05555555555555555,17,17,CCCTGAATGAAGGCAAGTTA,0,3243646
recNp,0.05555555555555555,17,17,CCAGCGTGTAGTTGACGAGG,0,3216764
recNp,0.05555555555555555,17,17,CCAGCAATCGGCAATCAGGT,0,3252181
recNp,0.05555555555555555,17,17,CCAATTCTACGAGAGTTCGT,0,3217988
recNp,0.05555555555555555,17,17,CATCGACATTCTCGACGGTG,0,3226473
recNp,0.05555555555555555,17,17,CATCCAACGTACTTTGTCTC,0,3236659
recNp,0.05555555555555555,17,17,CACGTCAGCTAGACTTGATG,0,3234261
recNp,0.05555555555555555,17,17,CACCAACATTAGCGCCGTCA,0,3228441
recNp,0.05555555555555555,17,17,ATGCAAGCCAAAAGCGACAA,0,3249151
recNp,0.05555555555555555,17,17,ATGATCAGTAGCCAAGTTGT,0,3230430
recNp,0.05555555555555555,17,17,ATCTTTTTCCACTCTAGAGA,0,3253802
recNp,0.05555555555555555,17,17,ATCTAGAATTACGTGGTACG,0,3252156
recNp,0.05555555555555555,17,17,ATCGCGAGACCGCGGATTAT,0,3242120
recNp,0.05555555555555555,17,17,ATCAAATATCCCGCGGGGAA,0,3225286
recNp,0.05555555555555555,17,17,ATAGGTCAGCAGTCTTGTAT,0,3241673
recNp,0.05555555555555555,17,17,ATAGCATCATTGTGTAATGT,0,3231750
recNp,0.05555555555555555,17,17,AGTACGGGACCTATTTAAAT,0,3240283
recNp,0.05555555555555555,17,17,AGGTATCGACAGAAAACAAT,0,3228005
recNp,0.05555555555555555,17,17,AGGGCTATCTGTGGCTCAAG,0,3216658
recNp,0.05555555555555555,17,17,AGGAGTGGAATAATGCGGGT,0,3224588
recNp,0.05555555555555555,17,17,AGCCCAATCGGGCGGGCACA,0,3251773
recNp,0.05555555555555555,17,17,AGATTAGTCGCGTCCCCGTA,0,3254120
recNp,0.05555555555555555,17,17,AGACGCTTAATTAATAGTGA,0,3245795
recNp,0.05555555555555555,17,17,ACTTGCAGCTAATGTGCAAT,0,3222470
recNp,0.05555555555555555,17,17,ACGTAGGCGTCCTTAATGGC,0,3249951
recNp,0.05555555555555555,17,17,ACGGCCAATTTTGGACTAGG,0,3242887
recNp,0.05555555555555555,17,17,ACGCGGCTAGCAGTGATAAG,0,3243491
recNp,0.05555555555555555,17,17,ACCTCACGCGCCCTTAGAAA,0,3225592
recNp,0.05555555555555555,17,17,ACCCACGTGTGGTATATTAA,0,3219959
recNp,0.05555555555555555,17,17,ACCATACGTAGTGTCACGGA,0,3229723
recNp,0.05555555555555555,17,17,ACATGAGCCGTCAATTTTAT,0,3225243
recNp,0.05555555555555555,17,17,ACAGTTGGCCACTCTGACTT,0,3217522
recNp,0.05555555555555555,17,17,AATTGTCGGTGGCAATGTGT,0,3254420
recNp,0.05555555555555555,17,17,AATCAGCGCGTCACCTGCGG,0,3224018
recNp,0.05555555555555555,17,17,AAGACTCTTGTCGCGACCGT,0,3233150
recNp,0.05555555555555555,17,17,AACCCTAGTTCGGCGGGTCG,0,3225122
recNp,0.05555555555555555,17,17,AACCCATGTCCAAATAAGAA,0,3241376
recNp,0.05555555555555555,17,17,AAATATATTTGGATCCACTG,0,3243707
recNp,0.05555555555555555,17,17,AAAATGACGGGGGTCATGCA,0,3249686
recNp,0.05555555555555555,17,17,AAAACCTGCCATTCGGACGT,0,3230706
recNp,0.058823529411764705,16,16,TTTTGAAGTGCCTAAGGCTA,0,3245923
recNp,0.058823529411764705,16,16,TTTTATGCCTTGTATTATTT,0,3237991
recNp,0.058823529411764705,16,16,TTTTACGCGGCGCCCTTCCT,0,3216792
recNp,0.058823529411764705,16,16,TTTGTTAAACGAATGCTGAG,0,3243067
recNp,0.058823529411764705,16,16,TTGGGGGACTCACTCACTCT,0,3249538
recNp,0.058823529411764705,16,16,TTGGAATGTAGAACCCAATC,0,3228991
recNp,0.058823529411764705,16,16,TTGCTAGAGAATGAATCGGT,0,3222071
recNp,0.058823529411764705,16,16,TTGCACATACGCCATGGTCT,0,3235018
recNp,0.058823529411764705,16,16,TTGAACTTTATCGTCTTTAC,0,3248451
recNp,0.058823529411764705,16,16,TTCGTACAAATTCCATACCC,0,3217079
recNp,0.058823529411764705,16,16,TTCGACACAGCGTTAACGTC,0,3247737
recNp,0.058823529411764705,16,16,TTCCCGAGGACAGGCTGGCT,0,3226269
recNp,0.058823529411764705,16,16,TTCATCCTCGATATTGTCTC,0,3224668
recNp,0.058823529411764705,16,16,TTACTCACAGTGGCTTTCTT,0,3254806
recNp,0.058823529411764705,16,16,TGTCGCGGCTAGGCGCATGC,0,3226628
recNp,0.058823529411764705,16,16,TGGTGTGACTGGACAGAGCC,0,3232555
recNp,0.058823529411764705,16,16,TGGTCATGCCTGAATCACAT,0,3255293
recNp,0.058823529411764705,16,16,TGCTAGGGTTGTACGTTCTG,0,3237985
recNp,0.058823529411764705,16,16,TGCACCGCCTGGGTCTGACA,0,3223110
recNp,0.058823529411764705,16,16,TGCAACCTATTACTCATCGG,0,3228751
recNp,0.058823529411764705,16,16,TCTTATAGTCGGCGTTGGGT,0,3219718
recNp,0.058823529411764705,16,16,TCGGGCTAAGTTTGGTTTAG,0,3246211
recNp,0.058823529411764705,16,16,TCGGCCGTTATTGCCAACGG,0,3240932
recNp,0.058823529411764705,16,16,TCGGCCGTGGTCCCTTCTTG,0,3250698
recNp,0.058823529411764705,16,16,TCGGCCCGGCGCCCGATGAT,0,3230723
recNp,0.058823529411764705,16,16,TCGACTGGGACCGCCCTGGT,0,3246266
recNp,0.058823529411764705,16,16,TCCTCTTATGGCGTTTTTTT,0,3243414
recNp,0.058823529411764705,16,16,TCCCTGGATGGGTGAACTGA,0,3244608
recNp,0.058823529411764705,16,16,TCCATAGCGATTAGCCATAG,0,3223834
recNp,0.058823529411764705,16,16,TCAGTTTGTTAGAAAATGCC,0,3235592
recNp,0.058823529411764705,16,16,TATAGAACTGGAACCGCAGC,0,3220070
recNp,0.058823529411764705,16,16,TATAAAAGTGGTTGATAAGT,0,3240942
recNp,0.058823529411764705,16,16,TAGGTTGCTAACTGCGGGAT,0,3235151
recNp,0.058823529411764705,16,16,TACGGGCTTTTGTAAGTTTC,0,3243391
recNp,0.058823529411764705,16,16,TACACGCGTAGGAGGTCTAC,0,3229204
recNp,0.058823529411764705,16,16,TAAGTTTGATACTACCGATA,0,3235624
recNp,0.058823529411764705,16,16,TAACGTTAGACTCTTGACGA,0,3245771
recNp,0.058823529411764705,16,16,TAACCGAGTTGAGGCGTGAC,0,3220684
recNp,0.058823529411764705,16,16,GTTATCAGACCTACGTGAAT,0,3244356
recNp,0.058823529411764705,16,16,GTGTCGAGGTCCCGCCGCAA,0,3230830
recNp,0.058823529411764705,16,16,GTGGGTTTTTATCTCGCTCG,0,3255563
recNp,0.058823529411764705,16,16,GTGGCATTGCGCCGCTGTCT,0,3246346
recNp,0.058823529411764705,16,16,GTGCTCAAAAGGAACGTTTA,0,3233654
recNp,0.058823529411764705,16,16,GTCTGCAAAGTGAGGTAGTA,0,3226719
recNp,0.058823529411764705,16,16,GTCCTGGATCTACATTACGG,0,3230753
recNp,0.058823529411764705,16,16,GTACATTGCTTGGCATGTAT,0,3250195
recNp,0.058823529411764705,16,16,GTAACGTGATATCTCAATTC,0,3220147
recNp,0.058823529411764705,16,16,GGTGGGTTTTTTAGAACCTG,0,3243914
recNp,0.058823529411764705,16,16,GGTCAGGCAGAGAATGCTGG,0,3240672
recNp,0.058823529411764705,16,16,GGTACGCTTGGTTACGGTAT,0,3254005
recNp,0.058823529411764705,16,16,GGGTATCGCCCCGCAGGATT,0,3251164
recNp,0.058823529411764705,16,16,GGGGGTTTGGAAAGGATACG,0,3228097
recNp,0.058823529411764705,16,16,GGGAGGACTAACCGTTCAGG,0,3220029
recNp,0.058823529411764705,16,16,GGCTTGGGATCATGGCTCAG,0,3229066
recNp,0.058823529411764705,16,16,GGCGTACAAACGAATCCAGC,0,3237335
recNp,0.058823529411764705,16,16,GGCCATTGCTCAACCCCACG,0,3220568
recNp,0.058823529411764705,16,16,GGCCATCACGCTACGAAATA,0,3231640
recNp,0.058823529411764705,16,16,GGATTGCGGGTAGTGATTAA,0,3249572
recNp,0.058823529411764705,16,16,GGAGGTATTAGAGAGCCTTG,0,3246437
recNp,0.058823529411764705,16,16,GGACACATCTTACGAGAGTG,0,3244695
recNp,0.058823529411764705,16,16,GCTTGCTTAAATTTCGATAG,0,3240555
recNp,0.058823529411764705,16,16,GCTCAAAACTAACGACGGAT,0,3233576
recNp,0.058823529411764705,16,16,GCTAACTTCCGGATGGTTCC,0,3230034
recNp,0.058823529411764705,16,16,GCGTTAAAAAAGGCGCGCAT,0,3246798
recNp,0.058823529411764705,16,16,GCGCTTACGCAGACTTAATT,0,3228019
recNp,0.058823529411764705,16,16,GCGCGGTATCGGGAATGGTA,0,3231093
recNp,0.058823529411764705,16,16,GCCTGTGCAGGCTTATAGAG,0,3232148
recNp,0.058823529411764705,16,16,GCCGAGAGTTACTAGCTTTT,0,3226414
recNp,0.058823529411764705,16,16,GCCATGGGACCTCCGAGGGG,0,3218973
recNp,0.058823529411764705,16,16,GCCAGTCAGGGTACATGCGG,0,3244514
recNp,0.058823529411764705,16,16,GCAAGGCAGTGGTGTAACAC,0,3231252
recNp,0.058823529411764705,16,16,GCAACCGTCTTGACCTGACT,0,3236991
recNp,0.058823529411764705,16,16,GATTGTCTGTGTGTGTTCGC,0,3250210
recNp,0.058823529411764705,16,16,GATGAGTCGGCCTTAAGGAC,0,3229749
recNp,0.058823529411764705,16,16,GAGAAACAATCGCAGGGGTA,0,3246658
recNp,0.058823529411764705,16,16,GACGTGCATTGTTTGGGATT,0,3244305
recNp,0.058823529411764705,16,16,GACGGCTTAAGCTTAGAGTG,0,3235543
recNp,0.058823529411764705,16,16,CTTGATCGTTACTGCGCTGA,0,3237635
recNp,0.058823529411764705,16,16,CTTCTACGGCTAGACAGTTG,0,3239853
recNp,0.058823529411764705,16,16,CTGCGGAGCATTGGCCTACG,0,3226558
recNp,0.058823529411764705,16,16,CTCTAGGACTCTCCCACCCT,0,3238143
recNp,0.058823529411764705,16,16,CTCATACCGCAAGTGACAGT,0,3243171
recNp,0.058823529411764705,16,16,CGTTTAACGGAATCTCTGAA,0,3225442
recNp,0.058823529411764705,16,16,CGTGGCGTTAGGGCGTGGGT,0,3246643
recNp,0.058823529411764705,16,16,CGGTGACAACATTACAATGG,0,3250147
recNp,0.058823529411764705,16,16,CGGTCTCTTTGGACACGAAT,0,3237679
recNp,0.058823529411764705,16,16,CGGATGATGTCAAATAAGCC,0,3217481
recNp,0.058823529411764705,16,16,CGGATAGGAATCATTGATGG,0,3237911
recNp,0.058823529411764705,16,16,CGCTCATGCCCGCGTGTACT,0,3221681
recNp,0.058823529411764705,16,16,CGCCATATGGCTCCTATGCC,0,3230948
recNp,0.058823529411764705,16,16,CCTGGCAGTGGAGTAACTAT,0,3251589
recNp,0.058823529411764705,16,16,CCTCTATCCTCGTCGGCGTC,0,3255416
recNp,0.058823529411764705,16,16,CCTATTATCTACTGAGAGTC,0,3234061
recNp,0.058823529411764705,16,16,CCCGTTTAGGAGTGTGCTAG,0,3231085
recNp,0.058823529411764705,16,16,CCCCTCTGTATACCCCACGC,0,3217298
recNp,0.058823529411764705,16,16,CCATCTGGGGTGTTTACTTC,0,3248626
recNp,0.058823529411764705,16,16,CCAGCCAGACGTTAACGTAG,0,3222815
recNp,0.058823529411764705,16,16,CCAATAAGTGAGGCGATGAG,0,3253681
recNp,0.058823529411764705,16,16,CCAAGTTTTCGAATCCGCTT,0,3234648
recNp,0.058823529411764705,16,16,CCAAGGTAACAGTCTCTAGG,0,3230562
recNp,0.058823529411764705,16,16,CATTCCAGGATCTCCGATTG,0,3216858
recNp,0.058823529411764705,16,16,CATAGGAGTATTCGTATTTA,0,3253487
recNp,0.058823529411764705,16,16,CAGGCCTTTCAGAGCAGCGT,0,3244895
recNp,0.058823529411764705,16,16,CAGCTCGTCATTGCAAACGC,0,3217996
recNp,0.058823529411764705,16,16,CAGCAGGACGCCGCTGAAAG,0,3220752
recNp,0.058823529411764705,16,16,CACGCTTTGGAGCTCCGTCG,0,3255866
recNp,0.058823529411764705,16,16,CAAATAAGAGGAAACTCGTC,0,3238983
recNp,0.058823529411764705,16,16,ATTTGTGTCTGGGGCGCACG,0,3226867
recNp,0.058823529411764705,16,16,ATTTATCTCGCGGTGTTCAT,0,3248140
recNp,0.058823529411764705,16,16,ATGCGTTAGGGATCTGGATT,0,3232935
recNp,0.058823529411764705,16,16,ATGACCCGACCGAGTACAGC,0,3235582
recNp,0.058823529411764705,16,16,ATCATGTACCACAGTATTGC,0,3245462
recNp,0.058823529411764705,16,16,ATAAGACCTGTCGAAGGCAA,0,3239782
recNp,0.058823529411764705,16,16,ATAAGACCAGTCACGTTGTC,0,3247922
recNp,0.058823529411764705,16,16,AGTTGAACTGGGTACTGTAA,0,3236118
recNp,0.058823529411764705,16,16,AGTCGCTGGCAAAGATTCCA,0,3234112
recNp,0.058823529411764705,16,16,AGTAATGATTAGCACAAGGC,0,3221020
recNp,0.058823529411764705,16,16,AGGTGTGACAAGGCAACAGA,0,3221810
recNp,0.058823529411764705,16,16,AGGTACACAAAGAAGGTAGG,0,3244236
recNp,0.058823529411764705,16,16,AGCAGCGGCGCGGGCGATGT,0,3216990
recNp,0.058823529411764705,16,16,AGATAGCACCTTTTCGTAGT,0,3222997
recNp,0.058823529411764705,16,16,AGAGCCACGGGGGGGTGACA,0,3216615
recNp,0.058823529411764705,16,16,AGAACCGCCGCGACAAGACA,0,3237970
recNp,0.058823529411764705,16,16,ACTTCCAGTCGGCTACAAGA,0,3225963
recNp,0.058823529411764705,16,16,ACTGACAAGAGCACGTCGGG,0,3216580
recNp,0.058823529411764705,16,16,ACTCTGCTGATCAAGAGGCC,0,3225158
recNp,0.058823529411764705,16,16,ACGTAGGTTTCTAATCGAAA,0,3235994
recNp,0.058823529411764705,16,16,ACCTTTATGAGGCAGCTAAT,0,3228692
recNp,0.058823529411764705,16,16,ACCGTTGAACTATCCACAAC,0,3230614
recNp,0.058823529411764705,16,16,ACCAAAGTCCCGTTCCGCGA,0,3237249
recNp,0.058823529411764705,16,16,ACATATGCCCTTAAGGATCC,0,3242371
recNp,0.058823529411764705,16,16,ACAGGAGTTCGTTACATTTA,0,3245675
recNp,0.058823529411764705,16,16,AATGCACGCACGTGGTACTA,0,3229315
recNp,0.058823529411764705,16,16,AAGTCCTGGTACAAGAAAGA,0,3224363
recNp,0.058823529411764705,16,16,AAGTACAGTCCCAAAGTGGA,0,3226621
recNp,0.058823529411764705,16,16,AAGGTTTAGTCTCTCTACGG,0,3234402
recNp,0.058823529411764705,16,16,AAATACCGCATGTGACTTTG,0,3235212
recNp,0.0625,15,15,TTTGTACTGAAGCTCTTTAA,0,3243642
recNp,0.0625,15,15,TTTATGGCTCGCGATATCGG,0,3234735
recNp,0.0625,15,15,TTTAATGGGAATTACGGACA,0,3231652
recNp,0.0625,15,15,TTGTGGCAACGGTATCTTGC,0,3250926
recNp,0.0625,15,15,TTGGCATTGATCTCCTAAAG,0,3235808
recNp,0.0625,15,15,TTGGAAGCCATCGGCCGGCT,0,3252809
recNp,0.0625,15,15,TTGCATTTACGGGGAATCAA,0,3241151
recNp,0.0625,15,15,TTGATCCGCTATGCGTACCG,0,3227947
recNp,0.0625,15,15,TTGAGATAGTTGAGCTGAGG,0,3246061
recNp,0.0625,15,15,TTACGAAGCCGGGATCAGGT,0,3222007
recNp,0.0625,15,15,TGTCCGAAGTTTGTCGCTGT,0,3235857
recNp,0.0625,15,15,TGTACTGTTAGACTCTAACC,0,3240113
recNp,0.0625,15,15,TGTACGCTGTAAAACAGAGG,0,3239278
recNp,0.0625,15,15,TGGTTTGTCGTTTACATGTG,0,3246108
recNp,0.0625,15,15,TGGTAAGCGCCGCCGGCGGG,0,3228414
recNp,0.0625,15,15,TGGCCAAATTACACGTTGGT,0,3240487
recNp,0.0625,15,15,TGGATATGGTTTCATACAGG,0,3237233
recNp,0.0625,15,15,TGCTTCGCCTATTGGTTAGC,0,3241080
recNp,0.0625,15,15,TGCCGTGAACGTATGTAACT,0,3244250
recNp,0.0625,15,15,TGCACGACGGGGGAAATGTT,0,3253269
recNp,0.0625,15,15,TGCAAACGTGGCTACGTGCG,0,3244955
recNp,0.0625,15,15,TGATCAATGCTCTACGTACA,0,3242095
recNp,0.0625,15,15,TGAGCATCTGGCCCCATCAC,0,3254424
recNp,0.0625,15,15,TGAGACGGATTGGGGCACCG,0,3229167
recNp,0.0625,15,15,TCGTCTGTGCCGGCAAGCGA,0,3249912
recNp,0.0625,15,15,TCGGAGACTTGTCAGTGACG,0,3229156
recNp,0.0625,15,15,TCGGAATCAATGGGCTATAT,0,3239979
recNp,0.0625,15,15,TCGCGGCGGGCTAAATGAGA,0,3224019
recNp,0.0625,15,15,TCGCGAATGTGGAAGTAGGG,0,3245530
recNp,0.0625,15,15,TCGCCGGTACCGGTCTTAGC,0,3238855
recNp,0.0625,15,15,TCCCAAGGAATGAGAGAACG,0,3225751
recNp,0.0625,15,15,TCAGTCGGGTCTTGACGCCT,0,3244368
recNp,0.0625,15,15,TCACGTGTCTAAGGCCTATC,0,3220851
recNp,0.0625,15,15,TCAAGACCGTGCATCCTCGG,0,3243567
recNp,0.0625,15,15,TCAACGAACTTGCACCGCTG,0,3254681
recNp,0.0625,15,15,TATGTAGAATTTCTTGGATC,0,3241746
recNp,0.0625,15,15,TAGAATTTGCCTGTGCCCGT,0,3224678
recNp,0.0625,15,15,TACTGAAAACCCTGGTCCCT,0,3231324
recNp,0.0625,15,15,TACCCGGTCGGACGACCGTG,0,3225736
recNp,0.0625,15,15,TACCAGGTCAAAGGGTCTCT,0,3220850
recNp,0.0625,15,15,TAATTTTAACGTATCAACCG,0,3242001
recNp,0.0625,15,15,TAAGCTTCAGCGCTGTTATT,0,3248593
recNp,0.0625,15,15,TAAACCCCTACTCTCCAAGT,0,3237298
recNp,0.0625,15,15,GTTTCCGGACATAGTAATAG,0,3227649
recNp,0.0625,15,15,GTTCGATACGCAGAACGTCA,0,3216462
recNp,0.0625,15,15,GTTCCGGTTGGTTTACGGAC,0,3241077
recNp,0.0625,15,15,GTTATTGACAGCGGCGGGAT,0,3247003
recNp,0.0625,15,15,GTTATCCCGTGCCGGATCGA,0,3227462
recNp,0.0625,15,15,GTGTCTGGGGTGCCCCCAAA,0,3236972
recNp,0.0625,15,15,GTGGGTTCGTGCACGCGCTG,0,3249758
recNp,0.0625,15,15,GTGAATAGCGAACAGGGTAT,0,3224069
recNp,0.0625,15,15,GTATACACACTGCAGAGGCC,0,3225237
recNp,0.0625,15,15,GTAAGTAATGACAGCGTTCT,0,3245929
recNp,0.0625,15,15,GTAAACCTGAGAGTCGTTGT,0,3219341
recNp,0.0625,15,15,GGTGCGCCGTCAGTTGACAG,0,3217178
recNp,0.0625,15,15,GGTCCCACCCGTGGTAATAA,0,3223028
recNp,0.0625,15,15,GGGTGAGCCCGATGAGGTAT,0,3238877
recNp,0.0625,15,15,GGGGCATCTGCAGTGCAGGG,0,3240385
recNp,0.0625,15,15,GGCGTTCCCCGAAGCAGCGA,0,3227541
recNp,0.0625,15,15,GGCCGTCTCCTCCGGGGGAA,0,3251961
recNp,0.0625,15,15,GGCCCCCGAAACAGAATAAC,0,3228456
recNp,0.0625,15,15,GGCAAGACGTGTCGTTAATC,0,3250955
recNp,0.0625,15,15,GGAGTTCAGGGTGTAATTAC,0,3240847
recNp,0.0625,15,15,GGAGGTGGCGGTCAGTGCAT,0,3240288
recNp,0.0625,15,15,GGAGCGGGCCATACAGCTAT,0,3233330
recNp,0.0625,15,15,GGACCTTGAGATTTGGTGCG,0,3233900
recNp,0.0625,15,15,GGAAGCGGGAACAAATACAA,0,3222297
recNp,0.0625,15,15,GCGGAAACGTATTAGTCGAT,0,3249322
recNp,0.0625,15,15,GCGAGGTCACGTACGCGAGC,0,3245163
recNp,0.0625,15,15,GCCAGTGGAAAGCTCACAAG,0,3231201
recNp,0.0625,15,15,GCATGACCAAGAAAAGCAGG,0,3221995
recNp,0.0625,15,15,GCAGCTGAGTAAAGCATATA,0,3242153
recNp,0.0625,15,15,GCACGTGACATAATAGCACA,0,3230427
recNp,0.0625,15,15,GCACGGTCATGCCCATCGAG,0,3225236
recNp,0.0625,15,15,GCAACCCAGTCGCTTATTCT,0,3226482
recNp,0.0625,15,15,GATGGCTCCGCCACGCCACA,0,3219187
recNp,0.0625,15,15,GATCTCCTGCATTTGGTTGG,0,3231922
recNp,0.0625,15,15,GATACCCAACCCGAGGTGCA,0,3239147
recNp,0.0625,15,15,GACGCCGCTCGCGAGTCCTC,0,3218159
recNp,0.0625,15,15,GACCTTCGGTAATCACGTCA,0,3250443
recNp,0.0625,15,15,GAATCGTTCATATGCTTCGC,0,3222219
recNp,0.0625,15,15,GAAGGATGCATCCCGGTATA,0,3217694
recNp,0.0625,15,15,GAACTGTAGTTTTAGTCGTG,0,3226213
recNp,0.0625,15,15,GAACACGATAAGTTCCGGCA,0,3249024
recNp,0.0625,15,15,CTTGACGAAACGCGACGTGT,0,3223265
recNp,0.0625,15,15,CTTATGACATTCCATCATCA,0,3255171
recNp,0.0625,15,15,CTGCCTTTCGCGGGAATGAG,0,3228143
recNp,0.0625,15,15,CTGAACGGGTTGGAACTTAA,0,3232564
recNp,0.0625,15,15,CTCTGCGTCCAGACAAGGTG,0,3251140
recNp,0.0625,15,15,CTCGGCTTACCCTGCCAAGC,0,3252323
recNp,0.0625,15,15,CTCCGGTATATTTCCAGAGA,0,3222414
recNp,0.0625,15,15,CTCCGAGCTACTAGAGGATC,0,3220861
recNp,0.0625,15,15,CTACTCCGCCAATCGCATCT,0,3235459
recNp,0.0625,15,15,CTAAGGAACCCAAGTCTCAC,0,3223234
recNp,0.0625,15,15,CTAAAGGACGCCCGGCCCGG,0,3224949
recNp,0.0625,15,15,CGTGGTGCTGTTGGCAATAA,0,3248991
recNp,0.0625,15,15,CGTGAGTCATCCCCCTAGCC,0,3230589
recNp,0.0625,15,15,CGTCTACGAGCAAGCGGAGA,0,3252373
recNp,0.0625,15,15,CGTCGCTCGGCTGCAGTCGA,0,3218585
recNp,0.0625,15,15,CGTAGCTTGCCTTCCGGCGG,0,3247903
recNp,0.0625,15,15,CGGTTGCGGACAATAGCCGT,0,3254476
recNp,0.0625,15,15,CGGGTACTGACCAGCCGGTG,0,3248749
recNp,0.0625,15,15,CGCTGGTTAGGGCCGAGCTT,0,3229916
recNp,0.0625,15,15,CGCGCGCGCACATCATCCGT,0,3251808
recNp,0.0625,15,15,CGCGCAACTCTTCTCGAAGG,0,3231841
recNp,0.0625,15,15,CGCCAGTGAGTAGTAGTGTT,0,3244153
recNp,0.0625,15,15,CGCAAGTAGGTTAGGGAATG,0,3254213
recNp,0.0625,15,15,CGATGTACTAAGTCGATCAC,0,3218309
recNp,0.0625,15,15,CGACAGACAACGTGGCCGGC,0,3248986
recNp,0.0625,15,15,CCTGGGCCACGTGCGTGTCA,0,3216852
recNp,0.0625,15,15,CCTCCCACGGAATAATTTAA,0,3223144
recNp,0.0625,15,15,CCTAGCGATGTTAGATAGAC,0,3222008
recNp,0.0625,15,15,CCGTAATCTGACTTGGGCAA,0,3244208
recNp,0.0625,15,15,CCGGGGCGCAGGAACTGAGA,0,3238348
recNp,0.0625,15,15,CCGAGTGACTCCATGCAACT,0,3238793
recNp,0.0625,15,15,CCCTCGTACTGGGCTAGGTT,0,3232873
recNp,0.0625,15,15,CCCCGATGCGCGTGTGGCAT,0,3236832
recNp,0.0625,15,15,CCCAGTACGTGAGTACGTTC,0,3223192
recNp,0.0625,15,15,CCAGGCATATCACCGATTCC,0,3236937
recNp,0.0625,15,15,CCACGATCCCGACACGATGG,0,3252678
recNp,0.0625,15,15,CATTACAGAGGCGGTCGGAC,0,3223409
recNp,0.0625,15,15,CATGCCCCCGCGCATCAACG,0,3239585
recNp,0.0625,15,15,CATAGTAAATAATGGGCGGT,0,3238639
recNp,0.0625,15,15,CAGGGCTTCAGAAAGTGAAT,0,3238723
recNp,0.0625,15,15,CAGACTTTATTTTCCAGGAT,0,3248295
recNp,0.0625,15,15,CACTACTCTCGGTGAAGGGG,0,3251577
recNp,0.0625,15,15,CACGCACGTGATAAATGCTG,0,3216732
recNp,0.0625,15,15,CACCATATAAGTTAAGGGTA,0,3241503
recNp,0.0625,15,15,CACACGGTTAATACGTGCGG,0,3239045
recNp,0.0625,15,15,CACAAGCAGCTGCCATATAA,0,3229002
recNp,0.0625,15,15,CACAAAGGAAGATCAATAAG,0,3233041
recNp,0.0625,15,15,CAAGGGAGCATCTGAAGGGT,0,3250441
recNp,0.0625,15,15,CAACCGATCCGCGGGTACAT,0,3225406
recNp,0.0625,15,15,ATTTGACGTAAGACCCGAGG,0,3217517
recNp,0.0625,15,15,ATTGGATCGCAAATTGGAGA,0,3239259
recNp,0.0625,15,15,ATTGCTCGGGCGCCCTCTTG,0,3220554
recNp,0.0625,15,15,ATGATTGCAAAATCGTACCA,0,3231047
recNp,0.0625,15,15,ATCTTTCTTATTCATGGGTC,0,3236875
recNp,0.0625,15,15,ATCTGCCGCGGGATTATCAC,0,3221012
recNp,0.0625,15,15,ATCGGGGCGGAGGCATCCGA,0,3231823
recNp,0.0625,15,15,ATATCGTCCGGCAGAACTAA,0,3239245
recNp,0.0625,15,15,ATAATCCCGGCGTCACGGTG,0,3249177
recNp,0.0625,15,15,ATAAGTCTTCATGTTTCAAG,0,3239595
recNp,0.0625,15,15,ATAAGCGTGGACGCTAGATA,0,3220914
recNp,0.0625,15,15,AGTTCACCCGTAGGACTACG,0,3226681
recNp,0.0625,15,15,AGTTACGATCCCGCGTCCTT,0,3246690
recNp,0.0625,15,15,AGTCCACACCGTAGGATCGT,0,3236216
recNp,0.0625,15,15,AGTATTGATCTCTAGCTTTC,0,3238858
recNp,0.0625,15,15,AGGTGGGCGCACTTTGGTAT,0,3225468
recNp,0.0625,15,15,AGGGTTCTAAATCAGGAAAG,0,3241352
recNp,0.0625,15,15,AGGGTCTAGCCTTCGAGAAG,0,3235812
recNp,0.0625,15,15,AGGGCGCTTATATTCACATG,0,3254070
recNp,0.0625,15,15,AGGCTAACAGTATAGGCGTA,0,3218679
recNp,0.0625,15,15,AGGCGTGACCGCCAGCCGAA,0,3255871
recNp,0.0625,15,15,AGGCGGCGGCTATGTGGTCT,0,3255477
recNp,0.0625,15,15,AGCTCGGCACCGTGGGGAGT,0,3243885
recNp,0.0625,15,15,AGCACCCGAATCAGTTTCTG,0,3226476
recNp,0.0625,15,15,AGATTTGCGAGGACACGGGT,0,3232200
recNp,0.0625,15,15,AGAAGTTCGCCCTAATTTTT,0,3224393
recNp,0.0625,15,15,AGAAAGGGTACTGAAGCTCT,0,3231334
recNp,0.0625,15,15,ACTTTGGGGCAAGGAAACCT,0,3235993
recNp,0.0625,15,15,ACTGGCCTCAGTAACGTAAC,0,3244386
recNp,0.0625,15,15,ACTGCAGTCATGTTTACTAT,0,3227149
recNp,0.0625,15,15,ACTGATCCTAACTGAAGACT,0,3231795
recNp,0.0625,15,15,ACTGACCTTATAGGAATTTC,0,3254363
recNp,0.0625,15,15,ACTCTCTTGTGGCGCCCCTT,0,3223498
recNp,0.0625,15,15,ACTACTACCGGGTAAGCTAC,0,3231335
recNp,0.0625,15,15,ACTAAAAAGGAGGAAAGATC,0,3246356
recNp,0.0625,15,15,ACGAGGGCAGTCCAAGGTAT,0,3225128
recNp,0.0625,15,15,ACCTACGGGGAGCAAGACGT,0,3232381
recNp,0.0625,15,15,ACCCATCGTCATTAATTTTA,0,3235454
recNp,0.0625,15,15,ACACGGCCCGCGGGTGGGAC,0,3227555
recNp,0.0625,15,15,ACAAACTTTTAACATGTCGG,0,3233630
recNp,0.0625,15,15,AATTTCGTGCTCTGTACAGT,0,3248464
recNp,0.0625,15,15,AATTGGCGCTCAGCGCTCGT,0,3220241
recNp,0.0625,15,15,AATACGTTCGCAAATTCGTG,0,3228820
recNp,0.0625,15,15,AAGTCGATCATTATCGCAAT,0,3219277
recNp,0.0625,15,15,AAGGTGATTAGGGCGTATCA,0,3233387
recNp,0.0625,15,15,AAGGATCAGAGAGAGTGATC,0,3241438
recNp,0.0625,15,15,AACCACATGGACACGAGACT,0,3243062
recNp,0.0625,15,15,AACACATCATTTGAGCTACG,0,3218231
recNp,0.0625,15,15,AAAAGATAACTTTGCTGTGT,0,3231248
recNp,0.06666666666666667,14,14,TTTAGGTATCGGGTGGGTAA,0,3240451
recNp,0.06666666666666667,14,14,TTTACTGGACCAGGTAGGGA,0,3231679
recNp,0.06666666666666667,14,14,TTGGCTTAGAGGTTAGTTGT,0,3217875
recNp,0.06666666666666667,14,14,TTGAGTAACAGCTGCACCTA,0,3223729
recNp,0.06666666666666667,14,14,TTCTTGCGCTAGTTATACTC,0,3253764
recNp,0.06666666666666667,14,14,TTCGTTCGTACTCTGTGCCA,0,3246210
recNp,0.06666666666666667,14,14,TTCGGTCCCCTTAGCACTTA,0,3235158
recNp,0.06666666666666667,14,14,TTCCAGCATGCTGATAGGCT,0,3232710
recNp,0.06666666666666667,14,14,TTCACTTGAGTGTAGACGAT,0,3225904
recNp,0.06666666666666667,14,14,TTATTTAAAGGCGAAGCCGA,0,3248081
recNp,0.06666666666666667,14,14,TTAGTGTAAGGTCTACGCAA,0,3225326
recNp,0.06666666666666667,14,14,TTACGAAATACAAGTGATCA,0,3236517
recNp,0.06666666666666667,14,14,TGTGGTGCATCGGCATTCTA,0,3242237
recNp,0.06666666666666667,14,14,TGTGGCCTATGCATGCCTCA,0,3224626
recNp,0.06666666666666667,14,14,TGGTGGCCTTGCTAGCTTCG,0,3216890
recNp,0.06666666666666667,14,14,TGGTCAAGATTGGTCTTAAA,0,3225689
recNp,0.06666666666666667,14,14,TGGTACGTTCTTCTAGTAAA,0,3231889
recNp,0.06666666666666667,14,14,TGGGCTGAGTGGCTCTTTCC,0,3230782
recNp,0.06666666666666667,14,14,TGGGAACCTACGACGACACA,0,3233877
recNp,0.06666666666666667,14,14,TGCTCGGTTGAGTATACCAG,0,3239081
recNp,0.06666666666666667,14,14,TGCCAGACCCACCGCGCAGG,0,3217826
recNp,0.06666666666666667,14,14,TGCACCAAAAATATATGTGA,0,3235295
recNp,0.06666666666666667,14,14,TGATTTTTGTGAGGCTACGG,0,3234340
recNp,0.06666666666666667,14,14,TGACAATCTGTCAACTGCAG,0,3216486
recNp,0.06666666666666667,14,14,TCTCTTTCGCTAGAATGACA,0,3220853
recNp,0.06666666666666667,14,14,TCTCATAAATTGTTGCTAAT,0,3233842
recNp,0.06666666666666667,14,14,TCGTTCTATGGGGCATACGA,0,3228917
recNp,0.06666666666666667,14,14,TCGATCCGTGGCTATCTGTT,0,3232558
recNp,0.06666666666666667,14,14,TCCGCCGTAACGGGTTACGC,0,3239827
recNp,0.06666666666666667,14,14,TCCCGGGTATGAGCTGCAAG,0,3222484
recNp,0.06666666666666667,14,14,TCCAAGAATATCATCTTACG,0,3251236
recNp,0.06666666666666667,14,14,TCATTCACGCGTGTGGTTCG,0,3224992
recNp,0.06666666666666667,14,14,TCATCGACGTATTAGACCCC,0,3222497
recNp,0.06666666666666667,14,14,TCACATCGCCCCGTAAGATT,0,3221242
recNp,0.06666666666666667,14,14,TCAATAGCCTTACTCCGGCC,0,3240945
recNp,0.06666666666666667,14,14,TATGCCAGGTAACAAGTAAT,0,3233482
recNp,0.06666666666666667,14,14,TATATTGGTGGCCCTTTTAA,0,3225849
recNp,0.06666666666666667,14,14,TATAACCCGATGCTCGTATA,0,3226870
recNp,0.06666666666666667,14,14,TAGTGATAAGCCATAGACAG,0,3250557
recNp,0.06666666666666667,14,14,TAGACTAATTGTTTAACATA,0,3221039
recNp,0.06666666666666667,14,14,TACTTGTGCCTCGGTTTCAT,0,3222211
recNp,0.06666666666666667,14,14,TACTCATCCGCCGGAATCTC,0,3242699
recNp,0.06666666666666667,14,14,TACGGGAACACTTGCCACTA,0,3235876
recNp,0.06666666666666667,14,14,TACGAGGGGCAAGGTACTCA,0,3218139
recNp,0.06666666666666667,14,14,TACCGTTCTGCCAGGTATTA,0,3219270
recNp,0.06666666666666667,14,14,TACCGATTGGTTGCACCGCT,0,3247387
recNp,0.06666666666666667,14,14,TACATACATGAATCGATACA,0,3218911
recNp,0.06666666666666667,14,14,TAATGCCATTACATCTATGG,0,3237569
recNp,0.06666666666666667,14,14,TAAGCGAGGTTTTCAAACGG,0,3235958
recNp,0.06666666666666667,14,14,TAACGTCACTTTCTTACCGA,0,3246551
recNp,0.06666666666666667,14,14,TAACCTAATACCTCAAGTGT,0,3243317
recNp,0.06666666666666667,14,14,TAAACCGCTTTTTTTGGACA,0,3224144
recNp,0.06666666666666667,14,14,GTTTAATTTGGGACGGCACT,0,3248314
recNp,0.06666666666666667,14,14,GTTGCAAGGACCGGTAGCTG,0,3232871
recNp,0.06666666666666667,14,14,GTTGATAGGTCCTTAGATGC,0,3250087
recNp,0.06666666666666667,14,14,GTGGAAGTTAACGTCACATC,0,3216892
recNp,0.06666666666666667,14,14,GTGGAAGAGCGTTATGGAGG,0,3232196
recNp,0.06666666666666667,14,14,GTGATCCGGGACCGCGGGGA,0,3240965
recNp,0.06666666666666667,14,14,GTCTGGGTCACGTTCTAGCG,0,3222702
recNp,0.06666666666666667,14,14,GTCGGCAACAGTTAGTCGCA,0,3255515
recNp,0.06666666666666667,14,14,GTCACGTGTGGTGCCACTGT,0,3239161
recNp,0.06666666666666667,14,14,GTATGTTAGTGTAGCTACCT,0,3226442
recNp,0.06666666666666667,14,14,GTAGATGTCTCCCCGACTGA,0,3237302
recNp,0.06666666666666667,14,14,GTACCGGACGGGTGGCGGGA,0,3235666
recNp,0.06666666666666667,14,14,GTAATCGGTGTATCATCAGA,0,3225096
recNp,0.06666666666666667,14,14,GGTTGGTAGACAGAAGCACT,0,3223782
recNp,0.06666666666666667,14,14,GGTGTTCACCACTAATCTAA,0,3252204
recNp,0.06666666666666667,14,14,GGTGCGGTAGTCTTTATACA,0,3224282
recNp,0.06666666666666667,14,14,GGTATTGTAACATAAAGGGA,0,3219004
recNp,0.06666666666666667,14,14,GGTATAACTGGAATTCCGTA,0,3222050
recNp,0.06666666666666667,14,14,GGGATGCGTGTTACCACGAG,0,3253272
recNp,0.06666666666666667,14,14,GGGAGGACGTCTAGCTCAGG,0,3217238
recNp,0.06666666666666667,14,14,GGGACAATGAGAGTGAGATA,0,3243121
recNp,0.06666666666666667,14,14,GGGAAACGGCTCGGCCTGTC,0,3247001
recNp,0.06666666666666667,14,14,GGCTTTATGGGCCGAACTGT,0,3239334
recNp,0.06666666666666667,14,14,GGCCCGGGATCCAATGTAGA,0,3229031
recNp,0.06666666666666667,14,14,GGCATTCGTTAGTTAGTGAA,0,3241471
recNp,0.06666666666666667,14,14,GGCATACCTTGAGCGGGGGA,0,3233980
recNp,0.06666666666666667,14,14,GGAGTCCCTGTTGACTAATG,0,3222709
recNp,0.06666666666666667,14,14,GGACCGGTCCCTGCAACCAT,0,3221801
recNp,0.06666666666666667,14,14,GGAATTCGTCGGACGGGTTC,0,3235280
recNp,0.06666666666666667,14,14,GGAAGGGTAATTCTTCCCTA,0,3243955
recNp,0.06666666666666667,14,14,GGAAAACGGGAATGCTATAT,0,3217842
recNp,0.06666666666666667,14,14,GCTGGGGTGGCGAACCTGGA,0,3226190
recNp,0.06666666666666667,14,14,GCTGATGGTTATTTGGCATC,0,3235745
recNp,0.06666666666666667,14,14,GCTCACTTCGATGGTGACCC,0,3223411
recNp,0.06666666666666667,14,14,GCTAGGCGGTGGTTAGTCAA,0,3245420
recNp,0.06666666666666667,14,14,GCGTGTCGTCCGTATCAGTA,0,3252553
recNp,0.06666666666666667,14,14,GCGGCATGTGTGTCTTGACT,0,3236905
recNp,0.06666666666666667,14,14,GCGCTCGCTCACCCAAACTG,0,3232567
recNp,0.06666666666666667,14,14,GCGCACGTGATGATACACTG,0,3234733
recNp,0.06666666666666667,14,14,GCGAGGCAGAGAGTAATTTG,0,3253303
recNp,0.06666666666666667,14,14,GCGAGGACCTAATATGATGA,0,3240005
recNp,0.06666666666666667,14,14,GCGAAATGTTAGATCTCATG,0,3221055
recNp,0.06666666666666667,14,14,GCCCGGGGTGACACGCTGAC,0,3247908
recNp,0.06666666666666667,14,14,GCCCCCTATCAGCGTGGCTT,0,3247621
recNp,0.06666666666666667,14,14,GCATACCGTTAACATGACAT,0,3218938
recNp,0.06666666666666667,14,14,GCATACACATTTCAGAGCCT,0,3245073
recNp,0.06666666666666667,14,14,GCATAAAAGCGGCCGAGGCC,0,3237497
recNp,0.06666666666666667,14,14,GATGTGTCCAGCCCAGCGGG,0,3221152
recNp,0.06666666666666667,14,14,GATAGAAAGGTCGCAAAAGT,0,3255116
recNp,0.06666666666666667,14,14,GAGTATTACTGCGTATGCCG,0,3241173
recNp,0.06666666666666667,14,14,GAGGTTGCAAAGCCTTTCGA,0,3228142
recNp,0.06666666666666667,14,14,GAGGCAGTCAGTTGCGTCTT,0,3224335
recNp,0.06666666666666667,14,14,GAGCTTGACTCAAGGTTAAA,0,3244462
recNp,0.06666666666666667,14,14,GAGCCCACTATGGGATTCGT,0,3245400
recNp,0.06666666666666667,14,14,GAGACGCGCGTGTAAAAATA,0,3224651
recNp,0.06666666666666667,14,14,GACGCATGGATTTAATGAGT,0,3235298
recNp,0.06666666666666667,14,14,GACACTCATAACTTCCTCGC,0,3239871
recNp,0.06666666666666667,14,14,GAACTCCATTTCGGGAATCC,0,3254881
recNp,0.06666666666666667,14,14,GAAATGGGTCATTCGGAGCC,0,3223052
recNp,0.06666666666666667,14,14,GAAATAAAGATGTCTTGGAC,0,3218922
recNp,0.06666666666666667,14,14,CTGTGTCAAGGTGACGTTGT,0,3231580
recNp,0.06666666666666667,14,14,CTGTAGAGGACGCTTATAGT,0,3252696
recNp,0.06666666666666667,14,14,CTGGTTAGTCACGTAAAATG,0,3246426
recNp,0.06666666666666667,14,14,CTGCCGCTAAGCATCGACGA,0,3235555
recNp,0.06666666666666667,14,14,CTGACGAGGGTGCGGCCGTC,0,3217616
recNp,0.06666666666666667,14,14,CTGAAGTGTTGGGCTAAGGG,0,3232535
recNp,0.06666666666666667,14,14,CTGAAGGATTTCACGCTATA,0,3238997
recNp,0.06666666666666667,14,14,CTCGGCACTCCGTATGGGAA,0,3243510
recNp,0.06666666666666667,14,14,CTCACTGTTCGTGCGAAGAA,0,3222072
recNp,0.06666666666666667,14,14,CTAGTGAACTATCAGCTCTC,0,3231045
recNp,0.06666666666666667,14,14,CTACCGAATCTGTAGAATCG,0,3242534
recNp,0.06666666666666667,14,14,CTACAGAAGGTTATGGCGGC,0,3243644
recNp,0.06666666666666667,14,14,CTAAAATCCTTTTCCTACGG,0,3227204
recNp,0.06666666666666667,14,14,CGTTTAGCGTCTAGGCCAAC,0,3221694
recNp,0.06666666666666667,14,14,CGTTAGGTACAAAGCGTGGA,0,3244597
recNp,0.06666666666666667,14,14,CGTAATGCATCAAATCCTGT,0,3235413
recNp,0.06666666666666667,14,14,CGGTCACGGGTCGGGACCGT,0,3231760
recNp,0.06666666666666667,14,14,CGGCTCCCATCCATGATTAT,0,3221402
recNp,0.06666666666666667,14,14,CGCTCGCTGTTTACACGATC,0,3230727
recNp,0.06666666666666667,14,14,CGCCGCTTTCTTGTAGGCGC,0,3236363
recNp,0.06666666666666667,14,14,CGCCATGTCATTAGAGAATG,0,3217076
recNp,0.06666666666666667,14,14,CGAGCAGTTTAGAGATCTTA,0,3230087
recNp,0.06666666666666667,14,14,CGACCCTCGATCATGACATA,0,3227479
recNp,0.06666666666666667,14,14,CCTGGGGGGGTATCGTCCGA,0,3248258
recNp,0.06666666666666667,14,14,CCGGCTAATGGGAGCATAAG,0,3255479
recNp,0.06666666666666667,14,14,CCCTGCGGTCCGGCGTCATG,0,3227552
recNp,0.06666666666666667,14,14,CCCGTCTTCATTTACCTGAA,0,3243733
recNp,0.06666666666666667,14,14,CCCCACTGGGGTGACTTCAG,0,3235164
recNp,0.06666666666666667,14,14,CCCATACTCGGCCCGAGCTG,0,3229317
recNp,0.06666666666666667,14,14,CCACAATACGTTGCGAAAAA,0,3236613
recNp,0.06666666666666667,14,14,CCAAGGGCCCTTGTGTTTCA,0,3222630
recNp,0.06666666666666667,14,14,CATCTCCTGGGAAACGCGTA,0,3250062
recNp,0.06666666666666667,14,14,CATATTATCGTCCACGTTAC,0,3248849
recNp,0.06666666666666667,14,14,CAGTGTGCTTGATATCCTGA,0,3233213
recNp,0.06666666666666667,14,14,CAGTACCGGGGGGCGAAAGA,0,3249472
recNp,0.06666666666666667,14,14,CAGGCCATAACGGTGCCGAT,0,3233588
recNp,0.06666666666666667,14,14,CAGCGACACTACGGGGAACC,0,3226119
recNp,0.06666666666666667,14,14,CAGATCCTTACCCGACGGAG,0,3225803
recNp,0.06666666666666667,14,14,CACGTCTTCACTGTTGCCAA,0,3241770
recNp,0.06666666666666667,14,14,CACGCTTCTTTCTGTTCCAA,0,3243983
recNp,0.06666666666666667,14,14,CACATTATGCTCTCCGCCCT,0,3241896
recNp,0.06666666666666667,14,14,CACATTACCATGTGTCTATT,0,3242763
recNp,0.06666666666666667,14,14,CAATACCGTAGATCAATATC,0,3221128
recNp,0.06666666666666667,14,14,CAAGGCACCTCGTGTTCGTC,0,3232969
recNp,0.06666666666666667,14,14,CAAGCCTCCGATCGTAACAT,0,3229949
recNp,0.06666666666666667,14,14,CAACGAGTTTAAGACCTAAA,0,3232470
recNp,0.06666666666666667,14,14,ATTTGCCGGGGTGACGGACG,0,3228302
recNp,0.06666666666666667,14,14,ATTGGCTACCAGTTGGATCG,0,3220755
recNp,0.06666666666666667,14,14,ATTGCAAGCTGGCACTTAGT,0,3225782
recNp,0.06666666666666667,14,14,ATGGCCGGACGCGGTCTCCC,0,3234723
recNp,0.06666666666666667,14,14,ATGGAGTAGGCGCAATACCG,0,3234787
recNp,0.06666666666666667,14,14,ATGGAAGACGAGTCGGCACA,0,3224824
recNp,0.06666666666666667,14,14,ATGCTGCTGTGGCGACCGTT,0,3252100
recNp,0.06666666666666667,14,14,ATGCGCATGTCCTTTTTCGC,0,3255498
recNp,0.06666666666666667,14,14,ATCTCCAACCTCGGTGCTAA,0,3244924
recNp,0.06666666666666667,14,14,ATCTAGCGCTGTTTCGTGCT,0,3247807
recNp,0.06666666666666667,14,14,ATCGAGACAGCTTGGTTGCG,0,3226782
recNp,0.06666666666666667,14,14,ATCCCTTTGTCCTCATTCGC,0,3252656
recNp,0.06666666666666667,14,14,ATACTCTGCTGGTAACATTC,0,3228400
recNp,0.06666666666666667,14,14,ATACGGGGATTTGCATCCGC,0,3243444
recNp,0.06666666666666667,14,14,ATAATTTGAAGCAACTGGTT,0,3244358
recNp,0.06666666666666667,14,14,AGTTACGTAATAAGTGGCTA,0,3243314
recNp,0.06666666666666667,14,14,AGTGTATTAGTAGCTGAAGG,0,3236441
recNp,0.06666666666666667,14,14,AGGTCGATTGCCGTCCAAAA,0,3240142
recNp,0.06666666666666667,14,14,AGGGTAGACCATGATGTGTA,0,3249771
recNp,0.06666666666666667,14,14,AGGGGTTGTAATGCTAACCT,0,3231152
recNp,0.06666666666666667,14,14,AGGGAGATACGTAGTGGCGG,0,3216751
recNp,0.06666666666666667,14,14,AGGCTCGCTCAAATCGCCAC,0,3243649
recNp,0.06666666666666667,14,14,AGGCAAAAGCGTCAGTGCTT,0,3235126
recNp,0.06666666666666667,14,14,AGCTACGTGCCGCACACTTC,0,3219247
recNp,0.06666666666666667,14,14,AGCGTGAAACGACGCCCGGG,0,3249160
recNp,0.06666666666666667,14,14,AGCGGCCGATAGCCACCGTG,0,3227752
recNp,0.06666666666666667,14,14,AGCCCGAGCCTTAAGGGTGG,0,3235279
recNp,0.06666666666666667,14,14,AGCCAACTTCCTAGGGTCCC,0,3227998
recNp,0.06666666666666667,14,14,AGCCAACCCGCTCCGTAAGG,0,3238182
recNp,0.06666666666666667,14,14,AGCATCACACAGGGTAAATT,0,3240062
recNp,0.06666666666666667,14,14,AGATGGACAATAAATATGGC,0,3234190
recNp,0.06666666666666667,14,14,AGAGTCTGAGTTATTTCTCC,0,3243107
recNp,0.06666666666666667,14,14,AGAGTACTCCATTCCCTCGC,0,3227772
recNp,0.06666666666666667,14,14,AGACTTCCGACTTCCCGGGA,0,3223757
recNp,0.06666666666666667,14,14,AGACTGGACTCATGCTCCGA,0,3220476
recNp,0.06666666666666667,14,14,AGACGTGACTGTCCGGTAGT,0,3226207
recNp,0.06666666666666667,14,14,AGACGCCTAGACTCGTGCGA,0,3250276
recNp,0.06666666666666667,14,14,AGAACAGTACTGAGTCCCCT,0,3242097
recNp,0.06666666666666667,14,14,ACTGGACTGGCAGTTATGGA,0,3244375
recNp,0.06666666666666667,14,14,ACTCCCAAGGGGCTGGATTA,0,3255978
recNp,0.06666666666666667,14,14,ACGTTCGACATAGAACGTTC,0,3235153
recNp,0.06666666666666667,14,14,ACGGATTTTTTGTTGGGCTT,0,3231991
recNp,0.06666666666666667,14,14,ACGCGCGGGCATGTGTAGGT,0,3255249
recNp,0.06666666666666667,14,14,ACGAAAGACGTGATGTACTT,0,3216733
recNp,0.06666666666666667,14,14,ACCGGAACCGTAGTGAGACT,0,3241143
recNp,0.06666666666666667,14,14,ACATTCGACCGGCTCGCGCC,0,3236470
recNp,0.06666666666666667,14,14,ACAGCGTGTCTTTGCGCACA,0,3229993
recNp,0.06666666666666667,14,14,ACAGAGGCGGGCGGAACTAA,0,3231749
recNp,0.06666666666666667,14,14,ACACGAGTATAGAGTTACTT,0,3241125
recNp,0.06666666666666667,14,14,AATTGATCGCCATTGCGGAC,0,3228521
recNp,0.06666666666666667,14,14,AATGGATCTTATTTCGACGG,0,3223586
recNp,0.06666666666666667,14,14,AATCTTAGCTGCCGCACCCT,0,3223480
recNp,0.06666666666666667,14,14,AATCACAATGATGAGTGTTT,0,3251132
recNp,0.06666666666666667,14,14,AATAGCATGAACCGGTTGTA,0,3230607
recNp,0.06666666666666667,14,14,AACTTATTTCGTGAAGGCTG,0,3217931
recNp,0.06666666666666667,14,14,AACGTGGGTCTCGGTCATGC,0,3216313
recNp,0.06666666666666667,14,14,AACGGTCCCAGCCTATCATA,0,3218942
recNp,0.06666666666666667,14,14,AACAGTATAGTACGAGTGAA,0,3233657
recNp,0.06666666666666667,14,14,AAATACCAGAACATGGAGCG,0,3234891
recNp,0.06666666666666667,14,14,AAACTTCACATATTATAGTA,0,3230841
recNp,0.06666666666666667,14,14,AAAATCGTCAACTCAAGGTA,0,3247733
recNp,0.06666666666666667,14,14,AAAATCAGCCCAAACTGCAG,0,3234962
recNp,0.07142857142857142,13,13,TTGCTCGTTATTGGCCCCCC,0,3249468
recNp,0.07142857142857142,13,13,TTGAACAGCCCGCCAAACCG,0,3226050
recNp,0.07142857142857142,13,13,TTCCTTTAGTAAGTTGTTGC,0,3243127
recNp,0.07142857142857142,13,13,TTCCAGCGCCCATCCCCTTG,0,3217808
recNp,0.07142857142857142,13,13,TTCATTATTGGCACTTAGAT,0,3218744
recNp,0.07142857142857142,13,13,TTAATAGCGTTTTTTAGGTT,0,3254256
recNp,0.07142857142857142,13,13,TGTGGTTGAACATGCAGGAC,0,3228748
recNp,0.07142857142857142,13,13,TGTCTAGTGCCAGCGGATGT,0,3222076
recNp,0.07142857142857142,13,13,TGTACAGAAAACATGCCAAG,0,3220453
recNp,0.07142857142857142,13,13,TGGGGACAACGTGCCTTGGT,0,3222569
recNp,0.07142857142857142,13,13,TGGATCTCCTTAAACTATAT,0,3237263
recNp,0.07142857142857142,13,13,TGCCTTCTTTTTGTAGGCAG,0,3224611
recNp,0.07142857142857142,13,13,TGCCCGGCTAGGACTTATAT,0,3220448
recNp,0.07142857142857142,13,13,TGCATCTAGAGGTTCGAAGT,0,3219595
recNp,0.07142857142857142,13,13,TGCACTATCCCCAAGACTGA,0,3253806
recNp,0.07142857142857142,13,13,TGCACAGAACGTCAAGTACG,0,3224892
recNp,0.07142857142857142,13,13,TGATCTGCATGGTCATCTGG,0,3240065
recNp,0.07142857142857142,13,13,TGATCCACGGTTCCGTTAAG,0,3230848
recNp,0.07142857142857142,13,13,TGACGGGACCCTCTTGATCA,0,3232040
recNp,0.07142857142857142,13,13,TGACCTGTGGAAAGAGAGAG,0,3231087
recNp,0.07142857142857142,13,13,TCTTAGTTCGTTTATATACT,0,3218433
recNp,0.07142857142857142,13,13,TCTACGGGGCGAGGAGTTTC,0,3233182
recNp,0.07142857142857142,13,13,TCGTGTTCTGGTGTAAGGAC,0,3227816
recNp,0.07142857142857142,13,13,TCGCGTTGGTGGCCGAGGGA,0,3228843
recNp,0.07142857142857142,13,13,TCGCCTCTGACGAGACGCGG,0,3226982
recNp,0.07142857142857142,13,13,TCCTCAGCACAAATTGGAGA,0,3249255
recNp,0.07142857142857142,13,13,TCCGTTGATGAGTTGTAACA,0,3227913
recNp,0.07142857142857142,13,13,TCACCGGTAAGTGTACCGTC,0,3224127
recNp,0.07142857142857142,13,13,TCACCCACACATCGGAATTA,0,3254039
recNp,0.07142857142857142,13,13,TATTTATCTATTCACGCCTC,0,3234002
recNp,0.07142857142857142,13,13,TATCCGAATTAGCGTGCCTA,0,3255056
recNp,0.07142857142857142,13,13,TAGTCCGTGCAGGGACTTGA,0,3222788
recNp,0.07142857142857142,13,13,TAGGGTGCTGAATAACGATT,0,3251830
recNp,0.07142857142857142,13,13,TACTAATTCTTCGAAGGGCT,0,3222848
recNp,0.07142857142857142,13,13,TACAGGTCATAATCTTACCA,0,3251856
recNp,0.07142857142857142,13,13,TAACAGCGCTGGCCAGGTGC,0,3219133
recNp,0.07142857142857142,13,13,TAAAGAATTTCGTGCGCCTT,0,3233077
recNp,0.07142857142857142,13,13,GTTGTTTTGGTGTCTCTGGC,0,3233325
recNp,0.07142857142857142,13,13,GTTGAGCCACTCATGGCCCT,0,3228723
recNp,0.07142857142857142,13,13,GTTAGCGCTAAGCTACGGCT,0,3246747
recNp,0.07142857142857142,13,13,GTGGTCTTGGCACTCTCGTT,0,3231106
recNp,0.07142857142857142,13,13,GTGCATCGCTAGTGGGGGCA,0,3254906
recNp,0.07142857142857142,13,13,GTGAGGCGGGCAAGGGATTT,0,3238675
recNp,0.07142857142857142,13,13,GTAGCGCAACAAGACGTTCA,0,3253582
recNp,0.07142857142857142,13,13,GTAGAGAAGTCCAGCGAGTA,0,3224681
recNp,0.07142857142857142,13,13,GTACTGAAAGGACATCGATT,0,3220576
recNp,0.07142857142857142,13,13,GTAATCCTGGCAAATATTAC,0,3247296
recNp,0.07142857142857142,13,13,GGTGTGGTTTTTATGAACAA,0,3246542
recNp,0.07142857142857142,13,13,GGTGCCTACCAATTATTTAT,0,3244840
recNp,0.07142857142857142,13,13,GGTCTCGCGTAATGCGGCTT,0,3239329
recNp,0.07142857142857142,13,13,GGTACGCATTGGCGGGGCAT,0,3233694
recNp,0.07142857142857142,13,13,GGGGCCGTCCTGAAGGGTAA,0,3243846
recNp,0.07142857142857142,13,13,GGGCGCTTGTGGGCGTTGCA,0,3254715
recNp,0.07142857142857142,13,13,GGGCCGAGCTCGACGATGAA,0,3237472
recNp,0.07142857142857142,13,13,GGCTTCGGTACATATCCTCG,0,3223317
recNp,0.07142857142857142,13,13,GGCTTCCTCAGGCGACGGTT,0,3238857
recNp,0.07142857142857142,13,13,GGCTCCGAATTGCCGCGCAG,0,3226182
recNp,0.07142857142857142,13,13,GGCTAGAGCCATCGATATAT,0,3220854
recNp,0.07142857142857142,13,13,GGCGTGTCAGAAAGTTCGAC,0,3238020
recNp,0.07142857142857142,13,13,GGCGCGGCCTGAGGGTGTCA,0,3223585
recNp,0.07142857142857142,13,13,GGACGTCTAGCTTTTCAAAC,0,3233253
recNp,0.07142857142857142,13,13,GGACATCAAAACCATCCGAA,0,3231622
recNp,0.07142857142857142,13,13,GCTTGATATATAGTCTGTAT,0,3250948
recNp,0.07142857142857142,13,13,GCTGGAGGTTCTTAGCCTCG,0,3235431
recNp,0.07142857142857142,13,13,GCTCGGTCCTCTTAGGCACT,0,3219714
recNp,0.07142857142857142,13,13,GCGTGACGACGTGGGGCCAA,0,3247280
recNp,0.07142857142857142,13,13,GCGTAGGAGGCTACTTGTGT,0,3235505
recNp,0.07142857142857142,13,13,GCCAAAGGTTCTGAGAGAGG,0,3241015
recNp,0.07142857142857142,13,13,GCAGGGGCAGCGCAGGCCAC,0,3254268
recNp,0.07142857142857142,13,13,GCAGCAGCTTGATTTTCAGC,0,3221617
recNp,0.07142857142857142,13,13,GCAACCATACCCTTGTGCGA,0,3230633
recNp,0.07142857142857142,13,13,GCAAAAAGGGAGCTATCAAA,0,3220125
recNp,0.07142857142857142,13,13,GATGGCTTTGAAGGGAGAAT,0,3230344
recNp,0.07142857142857142,13,13,GATGATTCTGCGGGGTATCA,0,3233660
recNp,0.07142857142857142,13,13,GATACGAGCTAGCGAGGTAC,0,3233853
recNp,0.07142857142857142,13,13,GAGTCCACGACAATGCATTG,0,3240947
recNp,0.07142857142857142,13,13,GAGTAGCCTAGACGAGCTGG,0,3242565
recNp,0.07142857142857142,13,13,GAGGCACATTAGTATTACTG,0,3254613
recNp,0.07142857142857142,13,13,GAGGATTGAGGCGCGTACCA,0,3249317
recNp,0.07142857142857142,13,13,GAGCAGCCACTCAATGCTCA,0,3221238
recNp,0.07142857142857142,13,13,GACTCACAAGGTGGATCCCA,0,3244515
recNp,0.07142857142857142,13,13,GACATGATTGTCTAAGCTAG,0,3246470
recNp,0.07142857142857142,13,13,GACATCAAAAAGGTAGGGAA,0,3234499
recNp,0.07142857142857142,13,13,GAATATCCACGTGGCTCAGG,0,3228863
recNp,0.07142857142857142,13,13,CTTGCTGTCTGAGAGTTATG,0,3237890
recNp,0.07142857142857142,13,13,CTGCTGCCGCACATTAGAGT,0,3220545
recNp,0.07142857142857142,13,13,CTGCCGCGCAGTAGCAAACC,0,3242150
recNp,0.07142857142857142,13,13,CTGCCATTTGATGCGTTACT,0,3231280
recNp,0.07142857142857142,13,13,CTCTTTTTGAGGATCGTCCT,0,3239796
recNp,0.07142857142857142,13,13,CTCTGTATCTCTGGCATTTG,0,3246742
recNp,0.07142857142857142,13,13,CTCCGTCCACTCTTCCTTAA,0,3230403
recNp,0.07142857142857142,13,13,CTCAGCCCTGTAGCGGAACC,0,3224596
recNp,0.07142857142857142,13,13,CTATTCTATCCATTGTTGCT,0,3231369
recNp,0.07142857142857142,13,13,CTATGCAGTCGTTTATCTCA,0,3252444
recNp,0.07142857142857142,13,13,CTAGAAACCACATGTTTTGG,0,3228094
recNp,0.07142857142857142,13,13,CTAAAGGTGATTTGAACTGC,0,3221075
recNp,0.07142857142857142,13,13,CGTTTGTAAATACTTCAGCA,0,3253772
recNp,0.07142857142857142,13,13,CGTGTTACATGACTTAATGT,0,3223239
recNp,0.07142857142857142,13,13,CGTGGGGTCTGGGATACAAA,0,3239330
recNp,0.07142857142857142,13,13,CGTGACCTGGTATGGTTAAT,0,3255314
recNp,0.07142857142857142,13,13,CGTCCGCATCATCGGTTCGT,0,3222964
recNp,0.07142857142857142,13,13,CGGGCCCCTGCTCGTACTGA,0,3244282
recNp,0.07142857142857142,13,13,CGGGAGGATGATATATTCCC,0,3237683
recNp,0.07142857142857142,13,13,CGGGACTCTTGTTGCCGGAC,0,3233947
recNp,0.07142857142857142,13,13,CGGGACGTTATCTAACTCAG,0,3228921
recNp,0.07142857142857142,13,13,CGGCTGGTTGTTTGTTTATT,0,3254492
recNp,0.07142857142857142,13,13,CGCTATACCCAGATGTCTCT,0,3241566
recNp,0.07142857142857142,13,13,CGCGATCCGTAGGTTAGGTC,0,3240344
recNp,0.07142857142857142,13,13,CGCAACCTCGGTTAACATGA,0,3244015
recNp,0.07142857142857142,13,13,CGATATATCGCTCGGCGCAT,0,3255406
recNp,0.07142857142857142,13,13,CGAGCTCATAAGAGATAAAG,0,3253314
recNp,0.07142857142857142,13,13,CGAGCCCAGGTTGGGGTCCT,0,3232554
recNp,0.07142857142857142,13,13,CGACACAAGCCACTCCTGTG,0,3228165
recNp,0.07142857142857142,13,13,CCTTTCACCGCGTGTAAGGA,0,3245032
recNp,0.07142857142857142,13,13,CCTTCTTCAGACGGCGAGAT,0,3237516
recNp,0.07142857142857142,13,13,CCTCGTATTACAACGTCTAG,0,3240732
recNp,0.07142857142857142,13,13,CCTCCGCTGAAGTCCTGGAG,0,3250833
recNp,0.07142857142857142,13,13,CCTATGTGTTGGCCGGGCAT,0,3241178
recNp,0.07142857142857142,13,13,CCGGTAGAACAAATGATATT,0,3224574
recNp,0.07142857142857142,13,13,CCGGGCGGTATTCAAGTGAT,0,3247517
recNp,0.07142857142857142,13,13,CCGAGCTATATGGTGGATCT,0,3249924
recNp,0.07142857142857142,13,13,CCCTAAGCCGCAAGCGGGCG,0,3222966
recNp,0.07142857142857142,13,13,CCCCACTCTAATTAGGCCAC,0,3224962
recNp,0.07142857142857142,13,13,CCCAGGCGAACGGGTATACA,0,3250307
recNp,0.07142857142857142,13,13,CCCAAGGATTCCCCGATTAA,0,3234037
recNp,0.07142857142857142,13,13,CCACAACACACGACATGGTA,0,3247373
recNp,0.07142857142857142,13,13,CCAATTTACATGGGTTATTA,0,3217021
recNp,0.07142857142857142,13,13,CATGTTGATTTATCGAGGAT,0,3235705
recNp,0.07142857142857142,13,13,CATGTGGGTACTAGGGTCAG,0,3251303
recNp,0.07142857142857142,13,13,CATGCGCGGTTGTTGTTTGC,0,3247695
recNp,0.07142857142857142,13,13,CATGACGACTGGGCACCCGC,0,3249901
recNp,0.07142857142857142,13,13,CATCTGCGCTGTAATAATGA,0,3224123
recNp,0.07142857142857142,13,13,CATCACTTCCAGTACGGGCA,0,3248987
recNp,0.07142857142857142,13,13,CATAGGCATGCATAATGACA,0,3224507
recNp,0.07142857142857142,13,13,CATACAGTGAATCAGGATGG,0,3244667
recNp,0.07142857142857142,13,13,CAGTTTTGTGTGTCCTCAGA,0,3239468
recNp,0.07142857142857142,13,13,CAGTATGTAAGGGCGGGCGT,0,3234338
recNp,0.07142857142857142,13,13,CAGGTTCGCCCATCATGGGT,0,3227323
recNp,0.07142857142857142,13,13,CAGGTGCCATTGAGAGCAAA,0,3252155
recNp,0.07142857142857142,13,13,CAGGGTTCGGGCATCCGAAA,0,3223093
recNp,0.07142857142857142,13,13,CAGCGTGAGAACGTTGCATA,0,3252416
recNp,0.07142857142857142,13,13,CAGCGCTTGAATTAAACATT,0,3255273
recNp,0.07142857142857142,13,13,CAGCCTTGCATACTACGTTC,0,3218605
recNp,0.07142857142857142,13,13,CAGAGCGGCTTTGTAGACCT,0,3249017
recNp,0.07142857142857142,13,13,CACTGTGTTGCAGCGTAAAT,0,3240287
recNp,0.07142857142857142,13,13,CACCAGCGTTATTGGCTTGC,0,3240846
recNp,0.07142857142857142,13,13,CAAGCACTCTCCGTATCAAT,0,3227746
recNp,0.07142857142857142,13,13,CAACGGAAGTTCGATGTAAT,0,3216515
recNp,0.07142857142857142,13,13,CAACGCTGGTCGGCCGCCAT,0,3249138
recNp,0.07142857142857142,13,13,ATTGGGTGTGGGTCGTGTAC,0,3222606
recNp,0.07142857142857142,13,13,ATTCGAGAGGGCATACCTAA,0,3242808
recNp,0.07142857142857142,13,13,ATTAACTACCTTGCTTGTAT,0,3220190
recNp,0.07142857142857142,13,13,ATGATAAGCAACAGAAGCAA,0,3224589
recNp,0.07142857142857142,13,13,ATCTTGCCATGTAAGTCGGG,0,3238645
recNp,0.07142857142857142,13,13,ATCGCTTCACTAGGTCATTG,0,3244067
recNp,0.07142857142857142,13,13,ATCCGGCAAAATGAGGCCAG,0,3224765
recNp,0.07142857142857142,13,13,ATCCGCCGCCAATAAGAACT,0,3249665
recNp,0.07142857142857142,13,13,ATCCCCCAACCATCTTGGTT,0,3219007
recNp,0.07142857142857142,13,13,ATCCCAGGTACAGTCCGTAA,0,3243305
recNp,0.07142857142857142,13,13,ATCATGTGTAGGCGGGGTGT,0,3253333
recNp,0.07142857142857142,13,13,ATATCCAGGGGAAAGGGAGG,0,3248525
recNp,0.07142857142857142,13,13,ATAGGTACTTAAAAAATCCT,0,3249020
recNp,0.07142857142857142,13,13,ATAATTTTGAGGGGTCTGGC,0,3240673
recNp,0.07142857142857142,13,13,ATAATGATGGTAGCGAGATA,0,3216825
recNp,0.07142857142857142,13,13,AGTTTCTGGTAAAGGGAGAC,0,3249327
recNp,0.07142857142857142,13,13,AGTTACGTGTCCTTTTATCA,0,3233244
recNp,0.07142857142857142,13,13,AGTCTGTTAATGGTTACATA,0,3239632
recNp,0.07142857142857142,13,13,AGTCCGGGCATAAAACTCCA,0,3250928
recNp,0.07142857142857142,13,13,AGTCATTTGGAAGCATACCT,0,3229587
recNp,0.07142857142857142,13,13,AGTAGGGGTGCCTTTGGCAA,0,3225469
recNp,0.07142857142857142,13,13,AGGGAGCAACGTCTGATCTG,0,3248310
recNp,0.07142857142857142,13,13,AGGAAGCGGGTATGCCATGA,0,3216366
recNp,0.07142857142857142,13,13,AGCTTCACCCGTAACGGCTG,0,3226713
recNp,0.07142857142857142,13,13,AGCTGATACCCTCGGTTCAC,0,3227355
recNp,0.07142857142857142,13,13,AGCGTGTCGTGTTGTATGCC,0,3227891
recNp,0.07142857142857142,13,13,AGCGCTGAGCGAGGTTACTA,0,3248368
recNp,0.07142857142857142,13,13,AGCCGGACATCTTAGCTGGC,0,3247002
recNp,0.07142857142857142,13,13,AGCACCTAGTGCAGTGAGAT,0,3234633
recNp,0.07142857142857142,13,13,AGATGTTCCTATCGCATAGT,0,3216572
recNp,0.07142857142857142,13,13,AGATGAACATTATGGCTCGG,0,3250730
recNp,0.07142857142857142,13,13,AGAGTCTCCACTTCAATATA,0,3217935
recNp,0.07142857142857142,13,13,ACTTCGATGAATGAACTCAG,0,3216473
recNp,0.07142857142857142,13,13,ACTGCGCCTCAGTATTAAGA,0,3226117
recNp,0.07142857142857142,13,13,ACTCTCATAATATAGATGGG,0,3250871
recNp,0.07142857142857142,13,13,ACGGCCGCTAAGGGATCAGT,0,3231158
recNp,0.07142857142857142,13,13,ACGCTATATTCGGCACAGAA,0,3216345
recNp,0.07142857142857142,13,13,ACGCAGTCATCAGCTTCCCC,0,3238988
recNp,0.07142857142857142,13,13,ACCTGTGGCCAGGGGTTTGA,0,3254652
recNp,0.07142857142857142,13,13,ACCTGTACGGACCATACGAA,0,3230917
recNp,0.07142857142857142,13,13,ACCCGAGAGTAGCTATATCG,0,3246536
recNp,0.07142857142857142,13,13,ACCAGGGTACACTGTCATCG,0,3223748
recNp,0.07142857142857142,13,13,ACATCTTTGATTTTCAAATG,0,3217244
recNp,0.07142857142857142,13,13,ACACGCGGACCGATCTGCCT,0,3252941
recNp,0.07142857142857142,13,13,AATGTCTTCTTTTAACAGAG,0,3242014
recNp,0.07142857142857142,13,13,AATGCTCAGACATTTTATTC,0,3251497
recNp,0.07142857142857142,13,13,AATCCCGAGCGTAAAGACTT,0,3235564
recNp,0.07142857142857142,13,13,AATCAAAGATCCTGCGCATA,0,3238357
recNp,0.07142857142857142,13,13,AATAAACATCGAGACATCCC,0,3250060
recNp,0.07142857142857142,13,13,AAGGTGGCGTGGTTATCAGG,0,3251826
recNp,0.07142857142857142,13,13,AAGGGCATCAAATCCCCATC,0,3224029
recNp,0.07142857142857142,13,13,AAGAAGTGTCTACATTGGGA,0,3255445
recNp,0.07142857142857142,13,13,AACGGTGCATGACGGCGCGG,0,3247765
recNp,0.07142857142857142,13,13,AACGAGGCTGGCGGGGATCA,0,3228224
recNp,0.07142857142857142,13,13,AACCTTATTTATTCGTGCAA,0,3222439
recNp,0.07142857142857142,13,13,AACCTGATCTCTATAGCCTA,0,3226503
recNp,0.07142857142857142,13,13,AACCACGACACCTTAAAATG,0,3242407
recNp,0.07142857142857142,13,13,AAATGTGTAGCATATTACGC,0,3251029
recNp,0.07142857142857142,13,13,AAATCGCTTCTATGGGTCAA,0,3254283
recNp,0.07142857142857142,13,13,AAAGTATCATGCCAATCCGT,0,3226685
recNp,0.07142857142857142,13,13,AAAGGAGGTTTGGAATACTG,0,3233435
recNp,0.07142857142857142,13,13,AAAACCCCCTACTACTGGCA,0,3231463
recNp,0.07692307692307693,12,12,TTTTAGAGGTAGCATCGGGT,0,3217180
recNp,0.07692307692307693,12,12,TTTCGCAGAGCAGCAGCAGC,0,3217624
recNp,0.07692307692307693,12,12,TTTCAAACTTCAATTGAAAT,0,3238692
recNp,0.07692307692307693,12,12,TTTAGAAATCAGTCCACAGG,0,3249071
recNp,0.07692307692307693,12,12,TTTACGCGGCTATCTGGTTA,0,3219724
recNp,0.07692307692307693,12,12,TTTAAGGACTGCCACTGATT,0,3231654
recNp,0.07692307692307693,12,12,TTTAAACACCTTTATTCACT,0,3232819
recNp,0.07692307692307693,12,12,TTGCTTAGGAAAATCATTTG,0,3237840
recNp,0.07692307692307693,12,12,TTGAACCCCATAGATAATCT,0,3223632
recNp,0.07692307692307693,12,12,TTCTCGGCTTGGATTCCAAT,0,3247096
recNp,0.07692307692307693,12,12,TTCTCATAGCGAATCAGGTA,0,3239592
recNp,0.07692307692307693,12,12,TTCGATGCGCCATCTCCCGC,0,3226257
recNp,0.07692307692307693,12,12,TTCCGTCGCCTTAGTGGAAG,0,3232556
recNp,0.07692307692307693,12,12,TTCAGATTCATCACTCGCAA,0,3223731
recNp,0.07692307692307693,12,12,TTATGTCGTGCGAGGGAATA,0,3234376
recNp,0.07692307692307693,12,12,TTATGCGGTGTAGATCCAGG,0,3232492
recNp,0.07692307692307693,12,12,TTATCATAATGGTTTTTTTG,0,3251147
recNp,0.07692307692307693,12,12,TTAGTTGCTTAACGGTTCAT,0,3252784
recNp,0.07692307692307693,12,12,TTAATAGGTCGTATACAGTT,0,3226699
recNp,0.07692307692307693,12,12,TGTTTTCCCGGTCATATGTC,0,3248176
recNp,0.07692307692307693,12,12,TGTAACCCGGAGGTCTCTTC,0,3244018
recNp,0.07692307692307693,12,12,TGGTGGTAAAGGTAAGGCGG,0,3240092
recNp,0.07692307692307693,12,12,TGGGGGGATTTGGAAGTCAA,0,3247981
recNp,0.07692307692307693,12,12,TGGGGGCTCTGAATCTCGAC,0,3220961
recNp,0.07692307692307693,12,12,TGCTGACGGGCACTAATCAA,0,3255478
recNp,0.07692307692307693,12,12,TGCTCTACGAGCCATGGGGT,0,3239299
recNp,0.07692307692307693,12,12,TGCTAATTAAGTCCCAATGC,0,3244758
recNp,0.07692307692307693,12,12,TGCGTTGGTCTCCGTCCGTT,0,3239083
recNp,0.07692307692307693,12,12,TGCGCCTTGTATCTCGCACG,0,3236171
recNp,0.07692307692307693,12,12,TGCGCCAGTGATTACACGTA,0,3238685
recNp,0.07692307692307693,12,12,TGCCTAAGCTATGGAATCTC,0,3217969
recNp,0.07692307692307693,12,12,TGCCAGCCCGACGGAGTGAT,0,3222889
recNp,0.07692307692307693,12,12,TGCAGGACCGGAGTCAGGCA,0,3246501
recNp,0.07692307692307693,12,12,TGCACTCGGTATCATCATGT,0,3219401
recNp,0.07692307692307693,12,12,TGCACTATGTGAGCCGACGC,0,3248701
recNp,0.07692307692307693,12,12,TGCAATAATACTTCCTCATT,0,3250341
recNp,0.07692307692307693,12,12,TGATGTGATACTCGAGCCTA,0,3223768
recNp,0.07692307692307693,12,12,TGATACCGCCCTACCCCCAT,0,3231648
recNp,0.07692307692307693,12,12,TGACCAGTCAGCACTAAGAG,0,3237286
recNp,0.07692307692307693,12,12,TGACAAGACCGCATCTCTAT,0,3241947
recNp,0.07692307692307693,12,12,TGAAAGTAAGGTGCTCCATC,0,3253106
recNp,0.07692307692307693,12,12,TGAAACGAGTGGGTCTGGAC,0,3240868
recNp,0.07692307692307693,12,12,TCTTGCTACGCATTGGAAGG,0,3250183
recNp,0.07692307692307693,12,12,TCTTCGCCGACTAAGTCCAA,0,3237237
recNp,0.07692307692307693,12,12,TCTAAGCCATGCGGGATGAA,0,3224772
recNp,0.07692307692307693,12,12,TCGTTGCCTAAAGATCTGCA,0,3229126
recNp,0.07692307692307693,12,12,TCGTGGCTGCGGTGAAATAC,0,3216469
recNp,0.07692307692307693,12,12,TCGGTATGACTCCTGGTGCG,0,3217379
recNp,0.07692307692307693,12,12,TCGGACGCCGACAGTGAGTT,0,3242181
recNp,0.07692307692307693,12,12,TCGGAACCGCGGCGACGGAG,0,3251165
recNp,0.07692307692307693,12,12,TCCTCCCAGGACTACCAGGC,0,3246755
recNp,0.07692307692307693,12,12,TCCCACTTACCGACACCTGT,0,3237181
recNp,0.07692307692307693,12,12,TCCCACCGCCTCCCGGCGAC,0,3225309
recNp,0.07692307692307693,12,12,TCCAGGTTAGGTGGACTCTT,0,3226059
recNp,0.07692307692307693,12,12,TCATGCGCGGGAGTAAGCTT,0,3238339
recNp,0.07692307692307693,12,12,TCATATCTCTCTTGTTGCAT,0,3238600
recNp,0.07692307692307693,12,12,TCAGGGGGCGAGGGGCCTGT,0,3219092
recNp,0.07692307692307693,12,12,TCAATTGTAGCCTGCACAAG,0,3240850
recNp,0.07692307692307693,12,12,TATGGTGCAAGAAATTGTCG,0,3244487
recNp,0.07692307692307693,12,12,TATCCGGTGTTCTGGTGAAC,0,3231282
recNp,0.07692307692307693,12,12,TATATCTTCCGTGTACTACT,0,3234890
recNp,0.07692307692307693,12,12,TAGCTTGGATTTGCCAGTCG,0,3243082
recNp,0.07692307692307693,12,12,TACGTTCGGTTCGGCGGTAT,0,3246603
recNp,0.07692307692307693,12,12,TACGGATTTATGGGATCCGT,0,3244899
recNp,0.07692307692307693,12,12,TACCGGGGTAAAAACTGGCA,0,3222908
recNp,0.07692307692307693,12,12,TACCCATGGGTTCAGGTTGA,0,3217684
recNp,0.07692307692307693,12,12,TACCACCCGAAGATTTTGCT,0,3217050
recNp,0.07692307692307693,12,12,TAATTGTAGCGCGCAGGCGG,0,3240938
recNp,0.07692307692307693,12,12,TAATAACCGCCAGTGGCGTA,0,3223576
recNp,0.07692307692307693,12,12,TAACCTACGAATCAAAGGAT,0,3245617
recNp,0.07692307692307693,12,12,TAACAGATAACAGGTTCTTG,0,3248916
recNp,0.07692307692307693,12,12,GTTTGTTTCGAAGGTGGTTA,0,3254078
recNp,0.07692307692307693,12,12,GTTCATGGGCCTTCGTCATT,0,3229657
recNp,0.07692307692307693,12,12,GTTCATGGCCCGCAACTCGC,0,3244615
recNp,0.07692307692307693,12,12,GTGGATATCAGCTGAGCGGG,0,3247360
recNp,0.07692307692307693,12,12,GTGCTAGACCCAACGATCAC,0,3247881
recNp,0.07692307692307693,12,12,GTGACTCGAAGCGGGCATCG,0,3237290
recNp,0.07692307692307693,12,12,GTCTTAGTCTGCCAGCAGTG,0,3254533
recNp,0.07692307692307693,12,12,GTCTGGTTTGACTGGTAGAT,0,3224505
recNp,0.07692307692307693,12,12,GTCGTTATTCAGATGGGGTG,0,3246921
recNp,0.07692307692307693,12,12,GTCAACGTACCAAAATACTT,0,3255085
recNp,0.07692307692307693,12,12,GTATGCGGGTGCCTAATCGG,0,3220915
recNp,0.07692307692307693,12,12,GTATGCGATCATGAATAAAT,0,3224785
recNp,0.07692307692307693,12,12,GTAGGACAAGTGTGCACTGA,0,3222968
recNp,0.07692307692307693,12,12,GTACCCAGATCGTGTTTGCA,0,3252246
recNp,0.07692307692307693,12,12,GTACACACATTAGTATATCA,0,3252629
recNp,0.07692307692307693,12,12,GGTGTGTTTCCCGGTAGACG,0,3253271
recNp,0.07692307692307693,12,12,GGTCTTCCAGCGGGTTGTTT,0,3226753
recNp,0.07692307692307693,12,12,GGTCAGGCCGGGAATAGGAC,0,3230733
recNp,0.07692307692307693,12,12,GGTCAGAAATGAGCGCGGCC,0,3216514
recNp,0.07692307692307693,12,12,GGGTTGTGCAAGAGACTGAA,0,3248173
recNp,0.07692307692307693,12,12,GGGTCTTTAAAACGCACTGA,0,3251360
recNp,0.07692307692307693,12,12,GGGGTAGTTGCACTTGACAA,0,3249489
recNp,0.07692307692307693,12,12,GGGGGTACAGAGATAGGTAT,0,3231450
recNp,0.07692307692307693,12,12,GGGGAGACGGGGTTATCAAC,0,3218728
recNp,0.07692307692307693,12,12,GGCTCACGGAATCATTATCT,0,3227912
recNp,0.07692307692307693,12,12,GGCGACTGTGTTTTGGCTTA,0,3218066
recNp,0.07692307692307693,12,12,GGATCTTTCGTTCAGCGGGC,0,3222659
recNp,0.07692307692307693,12,12,GGATAGTTCACTACGCTTTG,0,3243196
recNp,0.07692307692307693,12,12,GCTTGTAGGTATGTTGCGAA,0,3242700
recNp,0.07692307692307693,12,12,GCTTCTGTAAGTGCTCTCGG,0,3216784
recNp,0.07692307692307693,12,12,GCTGGACAGTGGCGGTCTTG,0,3236593
recNp,0.07692307692307693,12,12,GCTCGTGAACGGTAAGGACT,0,3220590
recNp,0.07692307692307693,12,12,GCGTCTGAGCAACGGTAGGT,0,3247880
recNp,0.07692307692307693,12,12,GCGTCTCACCGGACCGTTAC,0,3254350
recNp,0.07692307692307693,12,12,GCGTCCTTGACTTCTTTGTG,0,3224487
recNp,0.07692307692307693,12,12,GCGTCATCCACTCTCCCTTA,0,3218130
recNp,0.07692307692307693,12,12,GCGGCTGACCGATCAACTGG,0,3217295
recNp,0.07692307692307693,12,12,GCGATTGTATGAAGCATCTG,0,3217848
recNp,0.07692307692307693,12,12,GCCGTCAAGAAATCCTAGGT,0,3228818
recNp,0.07692307692307693,12,12,GCCAGTGTGTCAGGCTATTA,0,3248934
recNp,0.07692307692307693,12,12,GCAGATTTCTTATCGGTATC,0,3231873
recNp,0.07692307692307693,12,12,GCACGGTCTATAAACTCCGA,0,3243981
recNp,0.07692307692307693,12,12,GATTTTGTGGGAATGAATAG,0,3242004
recNp,0.07692307692307693,12,12,GATGTCCATGTACAGGGTCG,0,3248697
recNp,0.07692307692307693,12,12,GATGGCGGACCCCTCTCGTT,0,3232204
recNp,0.07692307692307693,12,12,GATCGCACTGGGGACAACAC,0,3228749
recNp,0.07692307692307693,12,12,GAGTGTAGCAACTCTTCTGC,0,3229908
recNp,0.07692307692307693,12,12,GAGTGGGGAGAGTCATTCGG,0,3233543
recNp,0.07692307692307693,12,12,GAGTCCGCGGACTCTTCATG,0,3250541
recNp,0.07692307692307693,12,12,GAGGTCCGAAGCCGGGTGTC,0,3229866
recNp,0.07692307692307693,12,12,GACTCTTGATGCATAGTCGT,0,3243884
recNp,0.07692307692307693,12,12,GAATGACGACGACAACCGGT,0,3242182
recNp,0.07692307692307693,12,12,GAATAGATTCTACAATCCGA,0,3244314
recNp,0.07692307692307693,12,12,GAAGGTATGCACGCCACACG,0,3230934
recNp,0.07692307692307693,12,12,GAAGCGCATAGTTCATAGAC,0,3219731
recNp,0.07692307692307693,12,12,GAAAGTATCACAACTCTCAA,0,3233465
recNp,0.07692307692307693,12,12,CTTTAGTGTTCGTGAATACT,0,3234893
recNp,0.07692307692307693,12,12,CTTGTTCGGGCGCGAACGAT,0,3253591
recNp,0.07692307692307693,12,12,CTTCATCTAATCCGCGTTGT,0,3253762
recNp,0.07692307692307693,12,12,CTTACACAGGATTCTACGAT,0,3250057
recNp,0.07692307692307693,12,12,CTGGGTCTGCTTAACGGGCT,0,3249477
recNp,0.07692307692307693,12,12,CTGGCGGCCCAGACATTAAC,0,3223063
recNp,0.07692307692307693,12,12,CTGCGCGAAGTACCACCGTA,0,3253449
recNp,0.07692307692307693,12,12,CTGCCTGTGTGTTGACAGGG,0,3236789
recNp,0.07692307692307693,12,12,CTCTTCATGAGCAGCACGGA,0,3233722
recNp,0.07692307692307693,12,12,CTCTCGAACAAGTCCTTAGT,0,3240786
recNp,0.07692307692307693,12,12,CTCGGGCGAATGTAAGATTC,0,3229673
recNp,0.07692307692307693,12,12,CTCGGATTGGCCTCAAGGTA,0,3243168
recNp,0.07692307692307693,12,12,CTCAATGTTCTCTTTATTGC,0,3239567
recNp,0.07692307692307693,12,12,CTCAAGACCTTGGAAGGCTC,0,3223305
recNp,0.07692307692307693,12,12,CTATCCTGGTGGTCACCGAT,0,3252818
recNp,0.07692307692307693,12,12,CTATAAACGATATTGTGTGA,0,3236958
recNp,0.07692307692307693,12,12,CTAGTGACGCTAGGGCGCCA,0,3244689
recNp,0.07692307692307693,12,12,CTAGGGGCAGATATTGCATG,0,3231914
recNp,0.07692307692307693,12,12,CTAGGCTTCATACGCTAAAT,0,3252676
recNp,0.07692307692307693,12,12,CTAGGCTATGGTGGCCAGGA,0,3224400
recNp,0.07692307692307693,12,12,CTACCCAACTTGTCCAGTGA,0,3254274
recNp,0.07692307692307693,12,12,CGTTGCAACCATTCTGTAGG,0,3232766
recNp,0.07692307692307693,12,12,CGTTCACACATACGTCCAGA,0,3231316
recNp,0.07692307692307693,12,12,CGTGTTAACTGGCCTACCTA,0,3240609
recNp,0.07692307692307693,12,12,CGTGAGATGAACTACTGTTG,0,3247585
recNp,0.07692307692307693,12,12,CGTGAATATTCGGTAATGAA,0,3227242
recNp,0.07692307692307693,12,12,CGTCGTTAGTGGGCACCGGA,0,3243896
recNp,0.07692307692307693,12,12,CGTCCTCAATAATACTTGCG,0,3229072
recNp,0.07692307692307693,12,12,CGTATCAAATACACAGGAGG,0,3240099
recNp,0.07692307692307693,12,12,CGTACAGGACACTTTTTAAT,0,3242278
recNp,0.07692307692307693,12,12,CGGTATCGGTTTTTGGAACA,0,3254572
recNp,0.07692307692307693,12,12,CGGTACTCCTACACCGGTGC,0,3249852
recNp,0.07692307692307693,12,12,CGCTTGCCTGATATATACTC,0,3239986
recNp,0.07692307692307693,12,12,CGCGGGAAGGCGTTATGAGG,0,3221602
recNp,0.07692307692307693,12,12,CGCATCCCCAAGCCTTTCTC,0,3253932
recNp,0.07692307692307693,12,12,CGATGCGGGCAACATCTGTT,0,3216259
recNp,0.07692307692307693,12,12,CGATAAGGAGCCGGTAAAAG,0,3253138
recNp,0.07692307692307693,12,12,CCTTGAATGCGAGACGAAAC,0,3252972
recNp,0.07692307692307693,12,12,CCTGGTGTGTTCGGCCGCGG,0,3254539
recNp,0.07692307692307693,12,12,CCTCCAGGTTGGCCGAGAAC,0,3230784
recNp,0.07692307692307693,12,12,CCTCACCATGGATCAATGCA,0,3229128
recNp,0.07692307692307693,12,12,CCTATGGTAAAAGTCCGGCA,0,3250976
recNp,0.07692307692307693,12,12,CCTATGGCTAATGTCGATGG,0,3230210
recNp,0.07692307692307693,12,12,CCTAGGGTATTCCATTTTCA,0,3223049
recNp,0.07692307692307693,12,12,CCTAGCATTAGAAAGGGTTA,0,3253054
recNp,0.07692307692307693,12,12,CCGTACCCGCGGAAGCCATG,0,3219046
recNp,0.07692307692307693,12,12,CCGGTTTGCTAAGTCTATAA,0,3244644
recNp,0.07692307692307693,12,12,CCGGGTTACCGGTGGTCGAG,0,3241351
recNp,0.07692307692307693,12,12,CCGGATTCACCATCGGTAAA,0,3236330
recNp,0.07692307692307693,12,12,CCGCAGTCCTAGGGTGTGTG,0,3219651
recNp,0.07692307692307693,12,12,CCCGTTTATTGCTGCTCGGT,0,3217998
recNp,0.07692307692307693,12,12,CCCGGAACTAACCAGAGTCA,0,3244744
recNp,0.07692307692307693,12,12,CCCCACGTGGATCAGAGGGG,0,3230988
recNp,0.07692307692307693,12,12,CCCATTTTACCGACCTTAAA,0,3252277
recNp,0.07692307692307693,12,12,CCCATCCTCGAAATTCCACA,0,3249379
recNp,0.07692307692307693,12,12,CCCAAAACGAACCGAGTTTT,0,3220090
recNp,0.07692307692307693,12,12,CCATTGCGGTAGTTGTCAAT,0,3236368
recNp,0.07692307692307693,12,12,CCAGTGGACTATGTAACAGG,0,3218225
recNp,0.07692307692307693,12,12,CCAGTAACCACCTCAGATAA,0,3241723
recNp,0.07692307692307693,12,12,CCAACTCAGGAACGCTAAAG,0,3239723
recNp,0.07692307692307693,12,12,CCAAAGCCTTAAATGGCGAC,0,3239643
recNp,0.07692307692307693,12,12,CATTCCATATGGTTTATAAA,0,3245143
recNp,0.07692307692307693,12,12,CATGGGGCATCGTACATCTT,0,3233686
recNp,0.07692307692307693,12,12,CATCGATTGACTTCAGATTA,0,3230538
recNp,0.07692307692307693,12,12,CATAGCTAGCTCTCAACAAT,0,3243719
recNp,0.07692307692307693,12,12,CAGTGACCTGCGGGCAACAG,0,3245861
recNp,0.07692307692307693,12,12,CAGTCACCCTTGTGACAACA,0,3236438
recNp,0.07692307692307693,12,12,CAGTCAAGATCACTAGAATG,0,3241578
recNp,0.07692307692307693,12,12,CAGCTACCGGGCCTTAATTC,0,3226612
recNp,0.07692307692307693,12,12,CAGAGGCCCCGCTAACAAAC,0,3241281
recNp,0.07692307692307693,12,12,CACTGTAGTCAAGTGTGCAA,0,3227887
recNp,0.07692307692307693,12,12,CACTACTCGAATCGTCAGAC,0,3227875
recNp,0.07692307692307693,12,12,CACTAATCATGGTCCAACCA,0,3230986
recNp,0.07692307692307693,12,12,CACGGAGAACACATCGCGCA,0,3238019
recNp,0.07692307692307693,12,12,CACCTGCCCTGGCACGATAG,0,3235884
recNp,0.07692307692307693,12,12,CACATACAGCTGTTGGATAA,0,3217273
recNp,0.07692307692307693,12,12,CACACCATCAGTACATGGCA,0,3245165
recNp,0.07692307692307693,12,12,CAATAGACCTCTCTTGCAAC,0,3245108
recNp,0.07692307692307693,12,12,CAAGTGCGGCACAAGCGCTA,0,3221679
recNp,0.07692307692307693,12,12,CAAGGGTACATTCCCAGGGT,0,3247788
recNp,0.07692307692307693,12,12,CAACAGTGGTCGCCGCCTAA,0,3234798
recNp,0.07692307692307693,12,12,CAAAACCTACATAGCGAGGT,0,3233291
recNp,0.07692307692307693,12,12,ATTTCCCTTGGGGGCTGCCT,0,3216653
recNp,0.07692307692307693,12,12,ATTTCCACGCACTCTAACAG,0,3247723
recNp,0.07692307692307693,12,12,ATTGACCGGCTCCTGGTCTG,0,3218610
recNp,0.07692307692307693,12,12,ATTCTAATCGTGTCATTCTC,0,3234453
recNp,0.07692307692307693,12,12,ATTCACACGATTTTTAACTT,0,3243498
recNp,0.07692307692307693,12,12,ATTAACGAGTGTGGCGATTT,0,3236072
recNp,0.07692307692307693,12,12,ATGTGATGTCTTTCACAGTC,0,3239613
recNp,0.07692307692307693,12,12,ATGGGATAGAGTAGGTCTTA,0,3223410
recNp,0.07692307692307693,12,12,ATGGCTAATACAGGGCGCTA,0,3226224
recNp,0.07692307692307693,12,12,ATGCGCCACCGGCTGCCGGC,0,3249571
recNp,0.07692307692307693,12,12,ATGAGCATGAGTTCAGAGGA,0,3245240
recNp,0.07692307692307693,12,12,ATGACTATAAACAGGTACAT,0,3244805
recNp,0.07692307692307693,12,12,ATGACATTGATACGTGGGAA,0,3217205
recNp,0.07692307692307693,12,12,ATCCATCCACTCACACAGTG,0,3236775
recNp,0.07692307692307693,12,12,ATAGTTGCTTACAGTCAAAG,0,3229312
recNp,0.07692307692307693,12,12,ATAGCTTGTCAGGATAGTCG,0,3217765
recNp,0.07692307692307693,12,12,ATAGCATTCGTGAAGGTGTC,0,3242964
recNp,0.07692307692307693,12,12,ATACGTTTTACTTATGCCGT,0,3248699
recNp,0.07692307692307693,12,12,ATAACGACGTTTGTCTCACA,0,3232563
recNp,0.07692307692307693,12,12,ATAAAAGTAACTTACGGCCG,0,3232687
recNp,0.07692307692307693,12,12,AGTTTGGGTTCTTAAACAAA,0,3225651
recNp,0.07692307692307693,12,12,AGTCCGTGAGTCGGCGGCAT,0,3241049
recNp,0.07692307692307693,12,12,AGGTAAAAACGGGGTAACCG,0,3237297
recNp,0.07692307692307693,12,12,AGGGCTTAGGCGTTAGAACA,0,3250936
recNp,0.07692307692307693,12,12,AGGGACCTCATTCAACAATC,0,3224379
recNp,0.07692307692307693,12,12,AGGCCTCTGCTGCTTGCGTG,0,3224278
recNp,0.07692307692307693,12,12,AGGAGATATTCTGTTCGGTG,0,3230932
recNp,0.07692307692307693,12,12,AGGAAGGGTGGAGCGGTCAA,0,3245730
recNp,0.07692307692307693,12,12,AGGAACTAGAGTTGTCGCCT,0,3218582
recNp,0.07692307692307693,12,12,AGCTCATTCCCCTATTGACG,0,3237833
recNp,0.07692307692307693,12,12,AGCGGCTCAAGAACTCTCGA,0,3247829
recNp,0.07692307692307693,12,12,AGCGACCCAACCCGCCTTTA,0,3230340
recNp,0.07692307692307693,12,12,AGCCCGTGCGCCGACCGGAA,0,3226448
recNp,0.07692307692307693,12,12,AGCATTCTAGCGCCTTCGAT,0,3230255
recNp,0.07692307692307693,12,12,AGAGGGCTGGGCTTAGACTT,0,3229435
recNp,0.07692307692307693,12,12,AGACTGCTTCCCTGGTTTAC,0,3241147
recNp,0.07692307692307693,12,12,AGACCGAGAAACTGGTACCT,0,3238400
recNp,0.07692307692307693,12,12,AGAATCTATGTTGTGCTTTG,0,3216963
recNp,0.07692307692307693,12,12,ACTTACGAACTCACTGCGCC,0,3242324
recNp,0.07692307692307693,12,12,ACTGAACGAGCGTTCCCAAC,0,3244803
recNp,0.07692307692307693,12,12,ACTATTTTCCGGCGTATATC,0,3250086
recNp,0.07692307692307693,12,12,ACTATGGCAAAACTTTTCAC,0,3242495
recNp,0.07692307692307693,12,12,ACGGGGCCAGTACCCCGGGC,0,3245993
recNp,0.07692307692307693,12,12,ACCTAGATAGGAGGAGCGAT,0,3230528
recNp,0.07692307692307693,12,12,ACCGTTCTGCGATACGACGA,0,3221079
recNp,0.07692307692307693,12,12,ACCCTTGTGCCACATCGATT,0,3236806
recNp,0.07692307692307693,12,12,ACAGGTTACTGCGCGTGTAC,0,3255982
recNp,0.07692307692307693,12,12,ACAGCATACGCAGGAAGCTG,0,3238735
recNp,0.07692307692307693,12,12,ACACATGCGGACCGAGAGAC,0,3239503
recNp,0.07692307692307693,12,12,AATTATTCCCTTTGAATAAC,0,3247872
recNp,0.07692307692307693,12,12,AATGGACTCGTCGCCATTGA,0,3238301
recNp,0.07692307692307693,12,12,AATCGATATCTGCGGACCAA,0,3218909
recNp,0.07692307692307693,12,12,AATCGACCCGGATCCATTAA,0,3227814
recNp,0.07692307692307693,12,12,AATATTCCGGCCACATTTAG,0,3216974
recNp,0.07692307692307693,12,12,AAGTCTGAAGATGGCGATTA,0,3224158
recNp,0.07692307692307693,12,12,AACTCAACACCCTGGTATTG,0,3231454
recNp,0.07692307692307693,12,12,AACGCTATACGGATGATCAC,0,3226975
recNp,0.07692307692307693,12,12,AACACGCTCTCCCACCAGTC,0,3251005
recNp,0.07692307692307693,12,12,AAATTCGGCTTAAACACTTA,0,3222863
recNp,0.07692307692307693,12,12,AAATGTCAGATGACTACTAT,0,3229951
recNp,0.07692307692307693,12,12,AAATGCCACAAAGGTATAGG,0,3224759
recNp,0.07692307692307693,12,12,AAAGCCTCAGTCGGTCTTCG,0,3233488
recNp,0.07692307692307693,12,12,AAACCCTGTCGTTAGGGTTA,0,3229539
recNp,0.07692307692307693,12,12,AAAATACTCACTGACGCGGA,0,3234868
recNp,0.08333333333333333,11,11,TTTTTAAGTAACCTATCGCC,0,3248405
recNp,0.08333333333333333,11,11,TTTTGGGCGCCGGCCCAGTC,0,3237746
recNp,0.08333333333333333,11,11,TTGTGTCGCAGTAGTACTCC,0,3220118
recNp,0.08333333333333333,11,11,TTGGTATCTATGCATCTGGA,0,3229717
recNp,0.08333333333333333,11,11,TTGCGCATTATTCTCTGACA,0,3249306
recNp,0.08333333333333333,11,11,TTGACCGTGTCTCGCTATAA,0,3244154
recNp,0.08333333333333333,11,11,TTGAATGTCTTCGACAGGTG,0,3243558
recNp,0.08333333333333333,11,11,TTGAACGGTATCTCCAGGAT,0,3216497
recNp,0.08333333333333333,11,11,TTCTAATTCTTCCGATCTTC,0,3225249
recNp,0.08333333333333333,11,11,TTAGGGACGGTTATCGTCAA,0,3234212
recNp,0.08333333333333333,11,11,TTACGCTCATGGGCGACGCT,0,3251915
recNp,0.08333333333333333,11,11,TTACCAGGGCACAACATCGA,0,3235750
recNp,0.08333333333333333,11,11,TGTTGAGAGCCTGTCTTGAT,0,3228477
recNp,0.08333333333333333,11,11,TGTACTATTTCGAGAGTGTC,0,3222842
recNp,0.08333333333333333,11,11,TGTAAATCCGGTTAGGCTCT,0,3254325
recNp,0.08333333333333333,11,11,TGGTTGGTCGGAAAGATCAT,0,3240507
recNp,0.08333333333333333,11,11,TGGTGCTCCGGAGCCCCAAA,0,3228653
recNp,0.08333333333333333,11,11,TGGTGCAGGTCGTGATATCT,0,3220442
recNp,0.08333333333333333,11,11,TGGGAGTGGATACGCAATTC,0,3226915
recNp,0.08333333333333333,11,11,TGGGACACAGAGTATCCGGA,0,3254682
recNp,0.08333333333333333,11,11,TGGGAATGGCAGAATGCAAG,0,3255658
recNp,0.08333333333333333,11,11,TGCGCCCACTCTTGTGGCGA,0,3239934
recNp,0.08333333333333333,11,11,TGCGCACGTGCCTCTGAAGT,0,3233463
recNp,0.08333333333333333,11,11,TGCGAAATCGCGGTCATATT,0,3251243
recNp,0.08333333333333333,11,11,TGCCGATCGTAAGCGGTTAA,0,3230217
recNp,0.08333333333333333,11,11,TGCATTGTATTGAGGACCAT,0,3232661
recNp,0.08333333333333333,11,11,TGCAAGGCAAATGAGGCGTC,0,3241715
recNp,0.08333333333333333,11,11,TGACGCTCGCTCGGTTGAAG,0,3234488
recNp,0.08333333333333333,11,11,TCGTTGGGATTGGGGGACTT,0,3238159
recNp,0.08333333333333333,11,11,TCGTTCCAAGGGGTTCAAAA,0,3224479
recNp,0.08333333333333333,11,11,TCGTCAGGTTAGGGCCGTCC,0,3223525
recNp,0.08333333333333333,11,11,TCGCATCACTTAGGCAGAGT,0,3252512
recNp,0.08333333333333333,11,11,TCGAGCTAGAATTTCCAGAG,0,3244991
recNp,0.08333333333333333,11,11,TCGACTTGAGGCCAAAATGT,0,3244304
recNp,0.08333333333333333,11,11,TCCTCGTGTGGTAATCTGCG,0,3240350
recNp,0.08333333333333333,11,11,TCCTATGCACCTAATGACGA,0,3217070
recNp,0.08333333333333333,11,11,TCCTACAGCGCGGCGCTGAC,0,3250727
recNp,0.08333333333333333,11,11,TCCGAGCATGTTTGTTTTTA,0,3238189
recNp,0.08333333333333333,11,11,TCCCCGCTTAGAGGATGGTA,0,3219237
recNp,0.08333333333333333,11,11,TCATTTGCCGCGCCGGATTA,0,3240193
recNp,0.08333333333333333,11,11,TCATTCTACGTTTATTCCGC,0,3230500
recNp,0.08333333333333333,11,11,TCATTAACATATGCTTGCCG,0,3227538
recNp,0.08333333333333333,11,11,TCAGTTGCTACGTTGTTTTC,0,3242890
recNp,0.08333333333333333,11,11,TCAGGTCCCCCTACGGGCGA,0,3250436
recNp,0.08333333333333333,11,11,TCAGCAATCTACTGTGTAAC,0,3225808
recNp,0.08333333333333333,11,11,TCAGAGTAAGGAGACTTCAC,0,3227961
recNp,0.08333333333333333,11,11,TATTTGCATCGGGAACCTTT,0,3232905
recNp,0.08333333333333333,11,11,TATTCAATCATTCCTCACAT,0,3217420
recNp,0.08333333333333333,11,11,TATCATATACCAGATGAGCT,0,3226409
recNp,0.08333333333333333,11,11,TATACATTTGCGGCTACATT,0,3223308
recNp,0.08333333333333333,11,11,TATAAGCAGCATTTTGATTG,0,3244957
recNp,0.08333333333333333,11,11,TAGGTGAGTCATCGGTGCGG,0,3225658
recNp,0.08333333333333333,11,11,TAGGAATTGGTGAGCAAGAT,0,3230641
recNp,0.08333333333333333,11,11,TAGCCCCTGGGAACGAAGCG,0,3217129
recNp,0.08333333333333333,11,11,TAGCAGGATTGCCAAGGCCC,0,3248468
recNp,0.08333333333333333,11,11,TAGATGTGTGACTTAAAAAT,0,3242241
recNp,0.08333333333333333,11,11,TACTGGGGGATTAAGGCTGT,0,3237086
recNp,0.08333333333333333,11,11,TACAAACCTGACTGTGGTGG,0,3231458
recNp,0.08333333333333333,11,11,TAATGTATTTCACTGCAGGC,0,3242469
recNp,0.08333333333333333,11,11,TAAGAGGGATGCGGACCCCA,0,3240434
recNp,0.08333333333333333,11,11,TAACTGAGACGACCTATGGT,0,3244436
recNp,0.08333333333333333,11,11,TAAATGCCTGTAGATTCGTG,0,3219678
recNp,0.08333333333333333,11,11,GTTCGATGAGACCGACCTAG,0,3248632
recNp,0.08333333333333333,11,11,GTTATTGGACTGATGCGGAT,0,3249821
recNp,0.08333333333333333,11,11,GTGGAATCCGCATGCTATAC,0,3247982
recNp,0.08333333333333333,11,11,GTGCTGGGACATATTGCGGG,0,3244081
recNp,0.08333333333333333,11,11,GTGCGCCCTAGAGTTCGGTA,0,3244591
recNp,0.08333333333333333,11,11,GTCGGTGAGGGTTAGTGTAA,0,3226270
recNp,0.08333333333333333,11,11,GTCGCTCTTAGCGGCAACCC,0,3251092
recNp,0.08333333333333333,11,11,GTCGAAATTTGCTCCATGTA,0,3220675
recNp,0.08333333333333333,11,11,GTCACTTGGCCAAGGGCGGG,0,3243187
recNp,0.08333333333333333,11,11,GTATGAATAACGGGGTTAAA,0,3218635
recNp,0.08333333333333333,11,11,GTATCCTTCGTTAGTCGCTT,0,3227382
recNp,0.08333333333333333,11,11,GTATAAGATAATTTCAAGGA,0,3232243
recNp,0.08333333333333333,11,11,GTAGCACATAGACGTCACCG,0,3238808
recNp,0.08333333333333333,11,11,GTACTCGCGTGACTACCGAA,0,3219751
recNp,0.08333333333333333,11,11,GTACCACGGAGGTAGGCGCA,0,3232881
recNp,0.08333333333333333,11,11,GTACAGATCAGGTCAGTTAT,0,3219214
recNp,0.08333333333333333,11,11,GGTTTGCTGTAGGCTATATA,0,3244156
recNp,0.08333333333333333,11,11,GGTAAGGGCGAGTGGTCATG,0,3227021
recNp,0.08333333333333333,11,11,GGGTGCAATAAATCTACTCG,0,3241585
recNp,0.08333333333333333,11,11,GGGTGAGTGCGTTCTGTAGC,0,3243717
recNp,0.08333333333333333,11,11,GGGGCCTAAAATGGGAGATG,0,3240607
recNp,0.08333333333333333,11,11,GGGCGATCTTGCGTCTATAC,0,3228996
recNp,0.08333333333333333,11,11,GGGCAAGTGCTTAGTATTAG,0,3219317
recNp,0.08333333333333333,11,11,GGGAAATGGCTCCTGTGCGG,0,3218414
recNp,0.08333333333333333,11,11,GGGAAAATTGGGCTTTTTGT,0,3245270
recNp,0.08333333333333333,11,11,GGCTGGTACGCCCCTGGATG,0,3253703
recNp,0.08333333333333333,11,11,GGCTGAGTGGCGAGATTCCC,0,3237647
recNp,0.08333333333333333,11,11,GGCGCTCTTATATGTCTCGG,0,3217807
recNp,0.08333333333333333,11,11,GGCGAGGTCCAGGCCTGAGA,0,3236308
recNp,0.08333333333333333,11,11,GGCATCCATGCAATTTAGCT,0,3232841
recNp,0.08333333333333333,11,11,GGCATAACCCATGTTCTTTC,0,3217943
recNp,0.08333333333333333,11,11,GGCAGACTTAAGGTTCGGCA,0,3227917
recNp,0.08333333333333333,11,11,GGATACTGTTTGATTACGCG,0,3237371
recNp,0.08333333333333333,11,11,GGAGGTGAGGAGCCATCTGA,0,3242497
recNp,0.08333333333333333,11,11,GGACTTTATTCGACATACTC,0,3244929
recNp,0.08333333333333333,11,11,GGACTTACGGATTCTGGTGC,0,3220009
recNp,0.08333333333333333,11,11,GGACTACTCCATAATCCTTA,0,3217082
recNp,0.08333333333333333,11,11,GGACCTAGTACCTCAGGCCT,0,3219629
recNp,0.08333333333333333,11,11,GGAACAGCTACGGACTCTGC,0,3241974
recNp,0.08333333333333333,11,11,GCTTAGTTGCCAGTTTGAAC,0,3253650
recNp,0.08333333333333333,11,11,GCTGGTGCGCGTCAGTTAAA,0,3222634
recNp,0.08333333333333333,11,11,GCTCTCGTTGTACTTGCTAG,0,3239936
recNp,0.08333333333333333,11,11,GCTCAATGTTGCTTCTGGAA,0,3222052
recNp,0.08333333333333333,11,11,GCGTGTGCGAGACGAGATGG,0,3217230
recNp,0.08333333333333333,11,11,GCGTCTCCAAAATAAAGGTA,0,3231727
recNp,0.08333333333333333,11,11,GCGTATCTAAAGGATGTGGG,0,3233614
recNp,0.08333333333333333,11,11,GCGGGGCGCTAAGCCTACGT,0,3230469
recNp,0.08333333333333333,11,11,GCGGGAGCCCCCCCTTAATC,0,3223280
recNp,0.08333333333333333,11,11,GCGCGTAATAACCGCGTATA,0,3222562
recNp,0.08333333333333333,11,11,GCGCGGTGTACTCACTTCAA,0,3251013
recNp,0.08333333333333333,11,11,GCGCAATCGCGTCCCTCTAC,0,3236458
recNp,0.08333333333333333,11,11,GCCGCTACGTGCTCTCAAAA,0,3223921
recNp,0.08333333333333333,11,11,GCCCCAAAAATAGTATGAAG,0,3233299
recNp,0.08333333333333333,11,11,GCCAGCTCCAATTCGGAAAT,0,3220426
recNp,0.08333333333333333,11,11,GCATCCTAAGTAGTGTTAGA,0,3248598
recNp,0.08333333333333333,11,11,GCAGGCGTTATGGCTGGCAT,0,3226878
recNp,0.08333333333333333,11,11,GCACCGATGCCAGCATGGAA,0,3223832
recNp,0.08333333333333333,11,11,GCACACGCAGGTCATCAGCT,0,3240668
recNp,0.08333333333333333,11,11,GCACAATAGAAGGCGACGTG,0,3217399
recNp,0.08333333333333333,11,11,GATTTGATCTCCAAGGCAAG,0,3217299
recNp,0.08333333333333333,11,11,GATGCGGACTAATGCTTCGT,0,3241264
recNp,0.08333333333333333,11,11,GATGACAACCCAACCGAGCT,0,3237913
recNp,0.08333333333333333,11,11,GATCTCGGTGTTTTCACGCT,0,3233066
recNp,0.08333333333333333,11,11,GATAGATGGGTAAATCAAAT,0,3236682
recNp,0.08333333333333333,11,11,GAGTGGGTAATATAGAATTT,0,3250015
recNp,0.08333333333333333,11,11,GAGTGACATCATCTGAGGAT,0,3253938
recNp,0.08333333333333333,11,11,GAGTATTTCAGTCAACGTTC,0,3232893
recNp,0.08333333333333333,11,11,GAGATTCCCATTGGCCGACA,0,3228384
recNp,0.08333333333333333,11,11,GAGATATCTTATAACCTCCA,0,3216729
recNp,0.08333333333333333,11,11,GAGAGTAGCTTTACCAGGGT,0,3223057
recNp,0.08333333333333333,11,11,GAGACTTGTGCTTGACTACG,0,3236748
recNp,0.08333333333333333,11,11,GACGGTTAATCTGTATTTTA,0,3242397
recNp,0.08333333333333333,11,11,GACCTTGCGTCCAGGTTCGA,0,3247206
recNp,0.08333333333333333,11,11,GACCTCTCGCTCCTGGCGGA,0,3242092
recNp,0.08333333333333333,11,11,GACCCACGCGGAGTCAGTGC,0,3253809
recNp,0.08333333333333333,11,11,GACAATAACGAATATTATGT,0,3222378
recNp,0.08333333333333333,11,11,GAATGGGGGATGGGTATGTC,0,3252547
recNp,0.08333333333333333,11,11,GAATCGCAACATATCGTCTT,0,3223026
recNp,0.08333333333333333,11,11,GAATCCCCCCGGGTTGGGAT,0,3236220
recNp,0.08333333333333333,11,11,GAATATGGAGTCATCTCATG,0,3236993
recNp,0.08333333333333333,11,11,GAAGTAATATAGACAAGTAG,0,3226144
recNp,0.08333333333333333,11,11,GAAGGCAACGGCACTGCCGC,0,3234566
recNp,0.08333333333333333,11,11,GAACGTTGCACAATCAGCTA,0,3236756
recNp,0.08333333333333333,11,11,GAACGCTCACGGGAGCTTGG,0,3219124
recNp,0.08333333333333333,11,11,GAACGCCTTAGCCGCAGATT,0,3222270
recNp,0.08333333333333333,11,11,GAACGCCTATGCTCTGTGAC,0,3234894
recNp,0.08333333333333333,11,11,GAACGCCCGTCACTGGGAAG,0,3232634
recNp,0.08333333333333333,11,11,CTTGTTCTCACTGCGGTCTG,0,3223701
recNp,0.08333333333333333,11,11,CTTGGAGTGTCAATCAGGCG,0,3229008
recNp,0.08333333333333333,11,11,CTTGCTCAGAACGCAGCCGA,0,3253089
recNp,0.08333333333333333,11,11,CTTGCCCACGTGATTACACG,0,3234896
recNp,0.08333333333333333,11,11,CTTCGCTGTAAGGTGGTCCC,0,3229519
recNp,0.08333333333333333,11,11,CTTCCCGCCGCCAAGCCAGT,0,3226678
recNp,0.08333333333333333,11,11,CTTATAACGGAGGACCAGAC,0,3223010
recNp,0.08333333333333333,11,11,CTTAGAATCCGTAGACTTTG,0,3231067
recNp,0.08333333333333333,11,11,CTTACTGGTAGCGGACAAAC,0,3253151
recNp,0.08333333333333333,11,11,CTGTACCCGCCCGGGATTTG,0,3222534
recNp,0.08333333333333333,11,11,CTGGGAATCTAATGATACAC,0,3217039
recNp,0.08333333333333333,11,11,CTGGAGACGTAGGTATCGAT,0,3230428
recNp,0.08333333333333333,11,11,CTGGAACTTGCATATTTGGA,0,3234747
recNp,0.08333333333333333,11,11,CTGCCGGCACGTTACACGAA,0,3236697
recNp,0.08333333333333333,11,11,CTGATTTTGCTCAGTTGCTA,0,3239115
recNp,0.08333333333333333,11,11,CTCTTTCACACAATCATAGT,0,3216248
recNp,0.08333333333333333,11,11,CTCGCACTCACTCTATCTCA,0,3243675
recNp,0.08333333333333333,11,11,CTAGGGCCTGATAACAGGAC,0,3221504
recNp,0.08333333333333333,11,11,CTAGGCCCGTCGGGCTGTAT,0,3231583
recNp,0.08333333333333333,11,11,CTACTTAGTCAGTCTTTGTT,0,3240189
recNp,0.08333333333333333,11,11,CTACTGCCGGTCAATTCTTG,0,3225695
recNp,0.08333333333333333,11,11,CTACTCCCTCTCAGCCATAA,0,3225710
recNp,0.08333333333333333,11,11,CTACTAAGATCAGGTACGTA,0,3230620
recNp,0.08333333333333333,11,11,CTAAGCTATCGAAATACATA,0,3217911
recNp,0.08333333333333333,11,11,CTAACCTATGTGCGACAAGA,0,3239155
recNp,0.08333333333333333,11,11,CTAACCCCATGTGAGACCTG,0,3240619
recNp,0.08333333333333333,11,11,CTAAATCGCATAAAGTCTGT,0,3236051
recNp,0.08333333333333333,11,11,CGTTAGCTGTCAGTCCGGTG,0,3251403
recNp,0.08333333333333333,11,11,CGTGTCATTCCTGAACTTGT,0,3241265
recNp,0.08333333333333333,11,11,CGTCGTTTAACCGCTCAACT,0,3245864
recNp,0.08333333333333333,11,11,CGTCCTGCCACGTGGTGATC,0,3254365
recNp,0.08333333333333333,11,11,CGGTTTTAAACAGGGTTTGG,0,3219744
recNp,0.08333333333333333,11,11,CGGTCGGGCTTAGCTCGTGA,0,3227945
recNp,0.08333333333333333,11,11,CGGCTACATATCGTATTTTT,0,3220334
recNp,0.08333333333333333,11,11,CGGCCCTGTCCCGGTCTCTT,0,3234619
recNp,0.08333333333333333,11,11,CGGATATCCTATAAGGCTAA,0,3218792
recNp,0.08333333333333333,11,11,CGCTGTGCGGGCAGGCTCTG,0,3250067
recNp,0.08333333333333333,11,11,CGCTGGGCTCTTATTACACT,0,3244854
recNp,0.08333333333333333,11,11,CGCTGGACGCTACTCAGTTT,0,3238213
recNp,0.08333333333333333,11,11,CGCTATACTGTTGTCGTTAA,0,3226938
recNp,0.08333333333333333,11,11,CGCGCGGGTGGGATGCGCCC,0,3231210
recNp,0.08333333333333333,11,11,CGCCGGCGCATAGGTCCCAA,0,3229867
recNp,0.08333333333333333,11,11,CGCATGCCGTGCCGTCCTAC,0,3246378
recNp,0.08333333333333333,11,11,CGCAGGCGATCTGTACTCAC,0,3229784
recNp,0.08333333333333333,11,11,CGATTCGGGCGTACGGCGTG,0,3224903
recNp,0.08333333333333333,11,11,CGAGGATAGGGGACCATGAC,0,3221562
recNp,0.08333333333333333,11,11,CGACGACTGCACCGACGGGG,0,3232413
recNp,0.08333333333333333,11,11,CGAATAAGCTTCTACTGCAT,0,3246143
recNp,0.08333333333333333,11,11,CGAAACCCCCGCTGTGAGGC,0,3232349
recNp,0.08333333333333333,11,11,CCTTACTTAACAGGTGATGT,0,3219687
recNp,0.08333333333333333,11,11,CCTCCGGACCTGTCGCTAGA,0,3242201
recNp,0.08333333333333333,11,11,CCTATTCAGAAACTTCCGAA,0,3217152
recNp,0.08333333333333333,11,11,CCTAATGCGGGGGCTTTTCT,0,3231600
recNp,0.08333333333333333,11,11,CCGTTTCCTTAACGTAGTGG,0,3227327
recNp,0.08333333333333333,11,11,CCGTTTCAGACTATGAGTTT,0,3219371
recNp,0.08333333333333333,11,11,CCGTGGCACTGAAGATTGCG,0,3247486
recNp,0.08333333333333333,11,11,CCGTGAGTTATAATCATTTT,0,3250091
recNp,0.08333333333333333,11,11,CCGGCAGCGACACTGGGCGA,0,3239756
recNp,0.08333333333333333,11,11,CCGGATGAGCGAAAGAGGTT,0,3249220
recNp,0.08333333333333333,11,11,CCGCTGCGTCTACGAAAGGC,0,3243135
recNp,0.08333333333333333,11,11,CCGACCGATAACGGTTGGGT,0,3228753
recNp,0.08333333333333333,11,11,CCCTGGCGCTCTGAAACTAA,0,3244816
recNp,0.08333333333333333,11,11,CCCTCGACCAGGGTAAGAGT,0,3222552
recNp,0.08333333333333333,11,11,CCCCTACGGGGGAACAGGAG,0,3227208
recNp,0.08333333333333333,11,11,CCCCCGCCCACTCCGCGTGC,0,3216767
recNp,0.08333333333333333,11,11,CCATGGATCCGGTTGCCGAC,0,3241911
recNp,0.08333333333333333,11,11,CCATGCACTCCGTCCCATCG,0,3229970
recNp,0.08333333333333333,11,11,CCATCTACAGTTTGATGATA,0,3237328
recNp,0.08333333333333333,11,11,CCAGGTGAGAGGAACTGTGT,0,3227381
recNp,0.08333333333333333,11,11,CATTGCTGGATCGGTGAGGC,0,3217803
recNp,0.08333333333333333,11,11,CATTATAACTCCTAAGTTCC,0,3234005
recNp,0.08333333333333333,11,11,CATGTTGTGTCACTTGAGTT,0,3216447
recNp,0.08333333333333333,11,11,CAGTAAGGCTTCGGTCATAA,0,3241420
recNp,0.08333333333333333,11,11,CAGGTCTTAGGCTCCCGCCA,0,3252528
recNp,0.08333333333333333,11,11,CAGGAGGGCGAATGAGTATT,0,3241499
recNp,0.08333333333333333,11,11,CAGCGCTGTAGCAGAAACTT,0,3255270
recNp,0.08333333333333333,11,11,CAGCCGCTGTTAAAGTGGGT,0,3243483
recNp,0.08333333333333333,11,11,CAGCCAGATTGCAATCGCCA,0,3223573
recNp,0.08333333333333333,11,11,CACGCAACCTGAGATGATGC,0,3254134
recNp,0.08333333333333333,11,11,CACGACATTGACCGGTAGGA,0,3238311
recNp,0.08333333333333333,11,11,CACCTAGGGGTAGGTCCCAT,0,3232925
recNp,0.08333333333333333,11,11,CACCCATGAGGTGGGTATAA,0,3252317
recNp,0.08333333333333333,11,11,CAATGTCAGGACTCATCGAA,0,3249726
recNp,0.08333333333333333,11,11,CAATCACGTGTACGTTGATG,0,3249540
recNp,0.08333333333333333,11,11,CAAGATACGCAAGCAGCCTA,0,3250750
recNp,0.08333333333333333,11,11,CAACATTCACGGAAGCAAGT,0,3228283
recNp,0.08333333333333333,11,11,CAAATATCAACTATTGGAAG,0,3232994
recNp,0.08333333333333333,11,11,CAAATAAACTGGACTCGGTG,0,3221621
recNp,0.08333333333333333,11,11,CAAAGAAGGACCAATTAGAC,0,3249999
recNp,0.08333333333333333,11,11,ATTGTCTTAGAAGCTTGCAA,0,3248015
recNp,0.08333333333333333,11,11,ATTGCTCACCGATCTAATTG,0,3228449
recNp,0.08333333333333333,11,11,ATTCGTGCTAAAATAGCTTC,0,3233901
recNp,0.08333333333333333,11,11,ATTCGGCCATATAACTCGCT,0,3220017
recNp,0.08333333333333333,11,11,ATTCCCGATCTTGTCTCTTT,0,3240863
recNp,0.08333333333333333,11,11,ATTAAGGGTAAAGTCACTCC,0,3230468
recNp,0.08333333333333333,11,11,ATGGTTCTTTGTGAGTGTAT,0,3242491
recNp,0.08333333333333333,11,11,ATGGGTAATTTACTCATCTG,0,3247926
recNp,0.08333333333333333,11,11,ATGGGGTCATAACTCTGCGT,0,3242206
recNp,0.08333333333333333,11,11,ATGGGAGAGCGATCTATTGA,0,3255729
recNp,0.08333333333333333,11,11,ATGGCCGGGAACGTGTCGTT,0,3227203
recNp,0.08333333333333333,11,11,ATGGAGGATTCATGGCTGGT,0,3233825
recNp,0.08333333333333333,11,11,ATGATCAAAGTTCCAGTTCA,0,3248328
recNp,0.08333333333333333,11,11,ATCTCCGCTTCTTGCAAGTG,0,3231822
recNp,0.08333333333333333,11,11,ATCTATCTGACGGCATAACA,0,3239727
recNp,0.08333333333333333,11,11,ATCCCCATAAACGACGAACG,0,3233211
recNp,0.08333333333333333,11,11,ATCATCTGGGGCGGACTATT,0,3216657
recNp,0.08333333333333333,11,11,ATCATAAGTGGCTATACTAC,0,3218480
recNp,0.08333333333333333,11,11,ATATTCAGCATCTTATAATC,0,3237509
recNp,0.08333333333333333,11,11,ATATCTCAACAATCACCCTA,0,3246884
recNp,0.08333333333333333,11,11,ATATAATGGGACATATGCTT,0,3249778
recNp,0.08333333333333333,11,11,ATAGGAATACTTTGAAACAG,0,3238363
recNp,0.08333333333333333,11,11,ATACGGGTTCCTTCTAGGAA,0,3216586
recNp,0.08333333333333333,11,11,ATAATTCAACGATCGGATCT,0,3224398
recNp,0.08333333333333333,11,11,ATAATGAGGCCCAATGGTTC,0,3254497
recNp,0.08333333333333333,11,11,ATAAACGCTATCGGACCTTG,0,3227253
recNp,0.08333333333333333,11,11,AGTTGGCCGTCAGCTCTGCT,0,3250480
recNp,0.08333333333333333,11,11,AGTTCCACTTTCATCATCAC,0,3254912
recNp,0.08333333333333333,11,11,AGTCTCCTGGTGGGCCGGTA,0,3229523
recNp,0.08333333333333333,11,11,AGGTATAGGGTATCGTACGA,0,3237828
recNp,0.08333333333333333,11,11,AGGGCAAGACCTTCCCGCCA,0,3245467
recNp,0.08333333333333333,11,11,AGGGATAGCTTTGAGTGATT,0,3243625
recNp,0.08333333333333333,11,11,AGGCACCTCAATACATACTT,0,3219919
recNp,0.08333333333333333,11,11,AGGCAAACAGAACAGTAGCA,0,3218382
recNp,0.08333333333333333,11,11,AGGAGAATAGAGGGTAAATC,0,3216824
recNp,0.08333333333333333,11,11,AGCGATTTACAATAGGCGTA,0,3239777
recNp,0.08333333333333333,11,11,AGCGAGTTATATCATATGAG,0,3224482
recNp,0.08333333333333333,11,11,AGCGAAAAACGCATATACAG,0,3244253
recNp,0.08333333333333333,11,11,AGCACAGCACCTGGCCAGGT,0,3236548
recNp,0.08333333333333333,11,11,AGATGGATGATCCGTGTACC,0,3225711
recNp,0.08333333333333333,11,11,AGATAAAGTTTGGTTTTCGG,0,3249764
recNp,0.08333333333333333,11,11,AGAAGTTACTCTTTGTTTGA,0,3228140
recNp,0.08333333333333333,11,11,AGAACGTCCTATCGATCGGC,0,3226835
recNp,0.08333333333333333,11,11,AGAACATGTTTGCCATAATA,0,3232876
recNp,0.08333333333333333,11,11,ACTGGTTACACCATCCTAGT,0,3229439
recNp,0.08333333333333333,11,11,ACTCTACAGCATAACTCTTT,0,3235318
recNp,0.08333333333333333,11,11,ACTCGGTTAGTATCAGACTG,0,3222744
recNp,0.08333333333333333,11,11,ACTAGCGAGCGCAGTGGGAC,0,3245308
recNp,0.08333333333333333,11,11,ACGTACACGGATCGTAGGGC,0,3243589
recNp,0.08333333333333333,11,11,ACGCCAAGACGTAACTACTG,0,3234536
recNp,0.08333333333333333,11,11,ACGCAGAAGGAAAAATGGGA,0,3238595
recNp,0.08333333333333333,11,11,ACGATCAAGGCCGGAGCGAT,0,3224425
recNp,0.08333333333333333,11,11,ACGAGCGCAAGGTATGCTCA,0,3221054
recNp,0.08333333333333333,11,11,ACCTTCGAAGGTGACCTCGC,0,3225340
recNp,0.08333333333333333,11,11,ACCTATGGGGCCGTACATGT,0,3254246
recNp,0.08333333333333333,11,11,ACCTAAGGAAGCGTGAGCAG,0,3232748
recNp,0.08333333333333333,11,11,ACCCCCTAGTAATAAATAAA,0,3248351
recNp,0.08333333333333333,11,11,ACCCAGTTTCAGTTTCGCGT,0,3250313
recNp,0.08333333333333333,11,11,ACATTTACTAGGTTTTGGAA,0,3240781
recNp,0.08333333333333333,11,11,ACATCTCATGAGCATTTCGT,0,3221052
recNp,0.08333333333333333,11,11,ACACTTGGCATCCGCTCCAA,0,3216935
recNp,0.08333333333333333,11,11,ACAATGAGATGGATTGAGTA,0,3244621
recNp,0.08333333333333333,11,11,ACAAGGATTCTTGTCGCATT,0,3219954
recNp,0.08333333333333333,11,11,ACAAATTCATCACTTAAGTC,0,3225163
recNp,0.08333333333333333,11,11,AATTATCTATCGATCGGGTA,0,3228823
recNp,0.08333333333333333,11,11,AATGTGTTTGATTAATATAG,0,3235585
recNp,0.08333333333333333,11,11,AATGGAGTTTCAACGTGACG,0,3235583
recNp,0.08333333333333333,11,11,AATGCGAACTCAATCTAGGA,0,3253182
recNp,0.08333333333333333,11,11,AATCGATACACGGATTGTCC,0,3233372
recNp,0.08333333333333333,11,11,AATCATTTTGTAATTCGCTG,0,3233183
recNp,0.08333333333333333,11,11,AATATCTCTTTTCGGGCAGA,0,3227884
recNp,0.08333333333333333,11,11,AATATACAATTACATTTTTA,0,3233892
recNp,0.08333333333333333,11,11,AATAGCGCGCGAGATGTGGT,0,3240405
recNp,0.08333333333333333,11,11,AATAAAATCCGTGCGCAAAA,0,3224288
recNp,0.08333333333333333,11,11,AAGGCCGCCTTCAGTTCTTG,0,3240433
recNp,0.08333333333333333,11,11,AAGCTGACTACGATATCACA,0,3239667
recNp,0.08333333333333333,11,11,AAGAGCAGCCGATACTTAGT,0,3246666
recNp,0.08333333333333333,11,11,AAGACCGACTTAACAGTGCG,0,3231154
recNp,0.08333333333333333,11,11,AACTTGCCAAACCGCTTCGA,0,3234145
recNp,0.08333333333333333,11,11,AACTGGGATGAATCCGAATA,0,3217149
recNp,0.08333333333333333,11,11,AACGAGTACCTTCTTGTTCA,0,3248675
recNp,0.08333333333333333,11,11,AACCGTCACGCTGGTCACGA,0,3240230
recNp,0.08333333333333333,11,11,AACAGTGGGTTCCCGTAGGT,0,3235558
recNp,0.08333333333333333,11,11,AAATTACTCTAAGAAGGATG,0,3222009
recNp,0.08333333333333333,11,11,AAACTTCATGCAGAGCGTGA,0,3233833
recNp,0.08333333333333333,11,11,AAAAGTGGCGTCCCCTGAAG,0,3243753
recNp,0.09090909090909091,10,10,TTTTTCAGTTGAGGTTCCCA,0,3216247
recNp,0.09090909090909091,10,10,TTTGCAAGAGAGGCTTACGG,0,3251585
recNp,0.09090909090909091,10,10,TTTCGCTGGTGGTATAAGGC,0,3224192
recNp,0.09090909090909091,10,10,TTTCGATTGACCACCAATGT,0,3251486
recNp,0.09090909090909091,10,10,TTTAGGGAATAAACGGTAGG,0,3246635
recNp,0.09090909090909091,10,10,TTGTTTAGGTAGTCTTACGT,0,3251448
recNp,0.09090909090909091,10,10,TTCTTCCGGGCCTCGCGCGT,0,3217659
recNp,0.09090909090909091,10,10,TTCGCGAGGGGCATTGATTT,0,3234693
recNp,0.09090909090909091,10,10,TTCCGATATACGATCACCTA,0,3242751
recNp,0.09090909090909091,10,10,TTCAGATAATTCGTGAGTTT,0,3218484
recNp,0.09090909090909091,10,10,TTATGAGCTCTTTGCGGAAT,0,3216305
recNp,0.09090909090909091,10,10,TTAGATAGTTTCTTGTTGGA,0,3220615
recNp,0.09090909090909091,10,10,TTAATTGCGTCACAAAGCGC,0,3250170
recNp,0.09090909090909091,10,10,TTAAGTAAATAGCTTATTTT,0,3231714
recNp,0.09090909090909091,10,10,TTAACGGTTAGGAAAAGTTG,0,3245868
recNp,0.09090909090909091,10,10,TGTTTGACAGCAACCACTGC,0,3222106
recNp,0.09090909090909091,10,10,TGTTACGTGTACGGTACATA,0,3217092
recNp,0.09090909090909091,10,10,TGTGTATTTATGTCAGGTGA,0,3243192
recNp,0.09090909090909091,10,10,TGTCCACATCAAGATACGCC,0,3231794
recNp,0.09090909090909091,10,10,TGTCACTTTACCAATGGAGT,0,3253546
recNp,0.09090909090909091,10,10,TGTCACGTCTTCCTGAACTC,0,3228523
recNp,0.09090909090909091,10,10,TGTATCGGTCTATTTTTGTC,0,3230728
recNp,0.09090909090909091,10,10,TGGTCCAACGATCGCCGAAA,0,3238724
recNp,0.09090909090909091,10,10,TGGTAGAACGTGGCTTAAAA,0,3233718
recNp,0.09090909090909091,10,10,TGGCTACTGTGACTACGTCT,0,3241087
recNp,0.09090909090909091,10,10,TGGCGTTAGGAAATACCTCG,0,3227377
recNp,0.09090909090909091,10,10,TGGCGATCTTCGTTAAATTG,0,3238491
recNp,0.09090909090909091,10,10,TGGCATGAGCGACAACGGGT,0,3229674
recNp,0.09090909090909091,10,10,TGGACGGGAGCAGTTTAAGC,0,3232595
recNp,0.09090909090909091,10,10,TGCGTCACGGGCAGATGGCA,0,3250624
recNp,0.09090909090909091,10,10,TGCGCACGACAATATTATGG,0,3240171
recNp,0.09090909090909091,10,10,TGCCAACGGATCGACTGGAA,0,3251161
recNp,0.09090909090909091,10,10,TGAGTGGGAGAAGTCCTTGA,0,3228923
recNp,0.09090909090909091,10,10,TGAGTAGGCTCCGGCAGGCC,0,3244563
recNp,0.09090909090909091,10,10,TGACCCTTCCGAACACGCTG,0,3247436
recNp,0.09090909090909091,10,10,TGAACCCGCTTCTAAGGTGC,0,3237365
recNp,0.09090909090909091,10,10,TGAAATAGAAGAGAGAGATC,0,3220318
recNp,0.09090909090909091,10,10,TCTGTGGCTTGGTCCAAGGT,0,3230394
recNp,0.09090909090909091,10,10,TCTCGGGCGGGGAGACCTAA,0,3218971
recNp,0.09090909090909091,10,10,TCTCGGAAATGAGACGTTCG,0,3219721
recNp,0.09090909090909091,10,10,TCTCGCATGTTGGCATACCA,0,3249989
recNp,0.09090909090909091,10,10,TCGTGGAGGCTTATCACTCC,0,3233345
recNp,0.09090909090909091,10,10,TCGTCTTCCGTTCACGTCTG,0,3246980
recNp,0.09090909090909091,10,10,TCGTCAAGACTTGTAGACCC,0,3223408
recNp,0.09090909090909091,10,10,TCGGGTTACACCCATAATTT,0,3232145
recNp,0.09090909090909091,10,10,TCGGGAATTACGGCAGAGAG,0,3237682
recNp,0.09090909090909091,10,10,TCGGAGCCGCAGCCCCTTCG,0,3248660
recNp,0.09090909090909091,10,10,TCGACGTATGCACTTCGCGG,0,3219130
recNp,0.09090909090909091,10,10,TCGAAGCCGGGCTGATATTG,0,3249430
recNp,0.09090909090909091,10,10,TCCTATTGTTTCTGAGCGTA,0,3242365
recNp,0.09090909090909091,10,10,TCCTAGTGCCGAACGATCAC,0,3235775
recNp,0.09090909090909091,10,10,TCCGGACTCTCTTTTGCTGC,0,3227693
recNp,0.09090909090909091,10,10,TCCCGGGTAGTCGGATGACC,0,3229685
recNp,0.09090909090909091,10,10,TCCAGTTGGCCTCCCAACGA,0,3220280
recNp,0.09090909090909091,10,10,TCCACAACAGGCGACTACTA,0,3240864
recNp,0.09090909090909091,10,10,TCCAATAGCAGCACCGGGGA,0,3233425
recNp,0.09090909090909091,10,10,TCACAAGGCCTCGGGTGCAG,0,3234741
recNp,0.09090909090909091,10,10,TATTGGGTCTTGTTAATCTA,0,3255397
recNp,0.09090909090909091,10,10,TATGCTGGTTCTACACGCAT,0,3234579
recNp,0.09090909090909091,10,10,TATGCCTCGAGATCTCCTGG,0,3220035
recNp,0.09090909090909091,10,10,TATCTCACACGAACGACTTC,0,3226444
recNp,0.09090909090909091,10,10,TATCACGGAGCCCCTGTCCA,0,3228403
recNp,0.09090909090909091,10,10,TATAGACAGTGTATCGGGCT,0,3249542
recNp,0.09090909090909091,10,10,TATAAGGCGACACGCATTAA,0,3247434
recNp,0.09090909090909091,10,10,TAGGCATTGGCCCTGTACGG,0,3220039
recNp,0.09090909090909091,10,10,TAGCCGCCAGATCCACAGAG,0,3246118
recNp,0.09090909090909091,10,10,TAGATTTCGTGGAAGGCTAG,0,3252510
recNp,0.09090909090909091,10,10,TAGAGGGAAGATATAACCAC,0,3228546
recNp,0.09090909090909091,10,10,TAGACGCCAGCCTGGCATCT,0,3225675
recNp,0.09090909090909091,10,10,TAGACGCAACCACCTAGGCA,0,3217987
recNp,0.09090909090909091,10,10,TAGACCTTCTGGAACTGAAT,0,3254622
recNp,0.09090909090909091,10,10,TACGGAGCATAGGCTGAGAG,0,3253307
recNp,0.09090909090909091,10,10,TACGCCCACGGAGGTCGGGC,0,3225670
recNp,0.09090909090909091,10,10,TACGCATCAGCTATAGTCGG,0,3252540
recNp,0.09090909090909091,10,10,TACGATCTTACTGTGGGCTG,0,3244463
recNp,0.09090909090909091,10,10,TACCTTATAATAGGTTCCGG,0,3245581
recNp,0.09090909090909091,10,10,TACCCAGAATTAAGATGCAT,0,3229253
recNp,0.09090909090909091,10,10,TAATTTGTTACCTCTTTCGT,0,3216608
recNp,0.09090909090909091,10,10,TAAGCGGAGTCCGCTCTCGA,0,3246673
recNp,0.09090909090909091,10,10,TAAGAATCTGGAAAGACCAC,0,3250992
recNp,0.09090909090909091,10,10,TAAGAACACCGACACCGGCG,0,3255359
recNp,0.09090909090909091,10,10,TAACGTTCTAATAGGTGATA,0,3230185
recNp,0.09090909090909091,10,10,TAACACGGTTCTGTAATGCG,0,3245428
recNp,0.09090909090909091,10,10,TAAACATGCTGTTCCCACAC,0,3222741
recNp,0.09090909090909091,10,10,GTTACGTGGCCTTGATTACA,0,3220098
recNp,0.09090909090909091,10,10,GTGTCCCACATGAGATAATA,0,3237262
recNp,0.09090909090909091,10,10,GTGTATCCCGTCTAAAAGGA,0,3216967
recNp,0.09090909090909091,10,10,GTGGCATGGGTATGAAAATA,0,3227930
recNp,0.09090909090909091,10,10,GTGCCAAGCCGCTTACGAGC,0,3254185
recNp,0.09090909090909091,10,10,GTGACTCTGGACACTGACTC,0,3226532
recNp,0.09090909090909091,10,10,GTGACATGAAATGTTTGTGA,0,3236828
recNp,0.09090909090909091,10,10,GTCGAGCACTAGAGCATGGT,0,3235526
recNp,0.09090909090909091,10,10,GTCACCACATAACCGAGTCA,0,3229004
recNp,0.09090909090909091,10,10,GTATGCTTTATTAGGTTTAG,0,3218177
recNp,0.09090909090909091,10,10,GTATGCTGTCCTATATTCTG,0,3221013
recNp,0.09090909090909091,10,10,GTAGGTTGACTCCCTTGCGT,0,3241649
recNp,0.09090909090909091,10,10,GTACACAAAAAGTCCGGAGA,0,3230367
recNp,0.09090909090909091,10,10,GTAAAGTTAGTACGTGCTCC,0,3236726
recNp,0.09090909090909091,10,10,GGTTTGCAATTGCTTACATA,0,3237883
recNp,0.09090909090909091,10,10,GGTCTTTGGCCTCTGCCACC,0,3253102
recNp,0.09090909090909091,10,10,GGTCCGGTTTGTGGCATTAA,0,3245724
recNp,0.09090909090909091,10,10,GGTATTAATCAGTACGTAAG,0,3223570
recNp,0.09090909090909091,10,10,GGTATGGACTTTCCCGTATT,0,3239779
recNp,0.09090909090909091,10,10,GGTAAGGCTGCAACATTCCA,0,3251756
recNp,0.09090909090909091,10,10,GGGTTTTTTGGCCTATCCAG,0,3237333
recNp,0.09090909090909091,10,10,GGGTTGAGTGCCCTCGAGCT,0,3250889
recNp,0.09090909090909091,10,10,GGGGCTCTTCCTGCGCTATG,0,3231890
recNp,0.09090909090909091,10,10,GGGCTTCAGGTTTGTCAAGG,0,3248255
recNp,0.09090909090909091,10,10,GGGCTGCGCAACACGGGTGG,0,3229425
recNp,0.09090909090909091,10,10,GGGCTGACAGAGTGAATCTG,0,3216612
recNp,0.09090909090909091,10,10,GGGCGGCGTGCCCATAGACA,0,3236335
recNp,0.09090909090909091,10,10,GGGATCCGGTGGCCTCGTAG,0,3246748
recNp,0.09090909090909091,10,10,GGGAGGTATGAGGCATGGAA,0,3223886
recNp,0.09090909090909091,10,10,GGCTTAATCGGGAAGCGCAT,0,3253099
recNp,0.09090909090909091,10,10,GGCGGTCGCGCTACTCACGC,0,3240809
recNp,0.09090909090909091,10,10,GGCCAAAAATATATGTGAGT,0,3229401
recNp,0.09090909090909091,10,10,GGAGTGCTTGCAAAACGCCT,0,3249555
recNp,0.09090909090909091,10,10,GGACATAGGCGTGATACGTC,0,3252448
recNp,0.09090909090909091,10,10,GCTTTCGGAATTACGGGGTC,0,3249303
recNp,0.09090909090909091,10,10,GCTTGTTGTCCGATGGGGTT,0,3240620
recNp,0.09090909090909091,10,10,GCTTCTGGTATAGTCCAGAC,0,3228769
recNp,0.09090909090909091,10,10,GCTTCAGGGGCGTATCGAGG,0,3235301
recNp,0.09090909090909091,10,10,GCTCCCAAAGTGCAGCATAG,0,3246114
recNp,0.09090909090909091,10,10,GCTCAAGCAGATTGGGTCGG,0,3216552
recNp,0.09090909090909091,10,10,GCGTGCGATCACCTGTGTTC,0,3223669
recNp,0.09090909090909091,10,10,GCGGGTATCCACGATATTCA,0,3216691
recNp,0.09090909090909091,10,10,GCGGCCAAAGGGCTCCCAAG,0,3234204
recNp,0.09090909090909091,10,10,GCGGCATTCCGGGCACGTAT,0,3240755
recNp,0.09090909090909091,10,10,GCGGCATCTTGTTGGGTTGA,0,3232192
recNp,0.09090909090909091,10,10,GCGCTACCGGAGCCATAAGG,0,3239634
recNp,0.09090909090909091,10,10,GCGCCATAGAGGGCAGTTTT,0,3232617
recNp,0.09090909090909091,10,10,GCCGGGATGTGGACACACCT,0,3249174
recNp,0.09090909090909091,10,10,GCCGGCGAGAACGAGACAAG,0,3229001
recNp,0.09090909090909091,10,10,GCCGCAGAGAGCTTGATCAA,0,3243816
recNp,0.09090909090909091,10,10,GCCCGATCGCTCCTATCATG,0,3240264
recNp,0.09090909090909091,10,10,GCCCCGTCGTCTCGATGCGG,0,3255864
recNp,0.09090909090909091,10,10,GCCCAGCCAGGACAGTCCAG,0,3247862
recNp,0.09090909090909091,10,10,GCAGGTTCTGAATCCGTGCC,0,3240951
recNp,0.09090909090909091,10,10,GCAGGTCATTAGGCAAGCAA,0,3216647
recNp,0.09090909090909091,10,10,GCACCTTAAGGGCGCCTCTG,0,3254504
recNp,0.09090909090909091,10,10,GCACACTGTACAAAAGTTAG,0,3230270
recNp,0.09090909090909091,10,10,GATTGTCTGCTATGGGCGGG,0,3222312
recNp,0.09090909090909091,10,10,GATCCCAACCTGAAGCTGTG,0,3226502
recNp,0.09090909090909091,10,10,GATATGGCGACGGCGTTTAA,0,3239795
recNp,0.09090909090909091,10,10,GATAAGCTTACTCGACTGCG,0,3221154
recNp,0.09090909090909091,10,10,GAGGGGAGCAAGAGCACGAA,0,3234766
recNp,0.09090909090909091,10,10,GAGGGCCCGAATCCAAGGAT,0,3229843
recNp,0.09090909090909091,10,10,GAGGCAAACCGACGGACTGT,0,3246774
recNp,0.09090909090909091,10,10,GAGACTCCCACATGCGTTCC,0,3241144
recNp,0.09090909090909091,10,10,GACTTCTCGCCTTTCTGGAA,0,3236585
recNp,0.09090909090909091,10,10,GACCGTCGGAGACCATGAGA,0,3230115
recNp,0.09090909090909091,10,10,GACATGGTCTTTGACCTCAA,0,3229597
recNp,0.09090909090909091,10,10,GAATTGCACAGATCGCGACC,0,3234320
recNp,0.09090909090909091,10,10,GAAGTTCAATTCCGGCGCAT,0,3216611
recNp,0.09090909090909091,10,10,GAAGCTAGATCGAGCAGCCC,0,3234708
recNp,0.09090909090909091,10,10,GAAGCCTTTCTTTGGAAACC,0,3237948
recNp,0.09090909090909091,10,10,GAAACCTGGGGCGGCCCAGT,0,3251166
recNp,0.09090909090909091,10,10,GAAACCAGGCTGGATTATCG,0,3226871
recNp,0.09090909090909091,10,10,CTTTCGAGAATATGAGTTTT,0,3226622
recNp,0.09090909090909091,10,10,CTTTACAACAAGAGAAGGTA,0,3232274
recNp,0.09090909090909091,10,10,CTTGTAGTATGCTGCCCATT,0,3243500
recNp,0.09090909090909091,10,10,CTTGGACGTAGGCAACTTCG,0,3254186
recNp,0.09090909090909091,10,10,CTTACTGCGCAAATTCGGAG,0,3250428
recNp,0.09090909090909091,10,10,CTTACACTTAATGCGGAGGT,0,3244181
recNp,0.09090909090909091,10,10,CTTACACCAAGCGAATATTT,0,3248772
recNp,0.09090909090909091,10,10,CTGTGCAATCTAAACTTAGG,0,3217844
recNp,0.09090909090909091,10,10,CTGGGGGGGCGAATCTTGTA,0,3224939
recNp,0.09090909090909091,10,10,CTGCGCCAGTCACGGCGGGT,0,3233511
recNp,0.09090909090909091,10,10,CTGACGGTAGTCCCCTACGA,0,3234187
recNp,0.09090909090909091,10,10,CTCTCTGCATAATGGCTTTC,0,3229384
recNp,0.09090909090909091,10,10,CTCTACGAGTTCTTTCTGGC,0,3254095
recNp,0.09090909090909091,10,10,CTCCAGCATGAGCTAATTCA,0,3247210
recNp,0.09090909090909091,10,10,CTCAGTCTGACGGGCGACCC,0,3251100
recNp,0.09090909090909091,10,10,CTCAGATCGTCTACCGCGGG,0,3224723
recNp,0.09090909090909091,10,10,CTCAACCGCGGCGTCCGAGA,0,3255840
recNp,0.09090909090909091,10,10,CTATACCTTCATTCGTGAAA,0,3247412
recNp,0.09090909090909091,10,10,CTAGTCACGCATGACGAGCT,0,3242903
recNp,0.09090909090909091,10,10,CTAGCGGGGCGTTCAGGAGA,0,3224948
recNp,0.09090909090909091,10,10,CTACTATCCGGTCACTTGCT,0,3234352
recNp,0.09090909090909091,10,10,CTACGGATCCCTGCGCCTGT,0,3253840
recNp,0.09090909090909091,10,10,CGTTATATAATTACGAAATC,0,3218852
recNp,0.09090909090909091,10,10,CGTTACTGTGTTCCGGTGAG,0,3244921
recNp,0.09090909090909091,10,10,CGTGTTTCCTGGGGAGCAGG,0,3218421
recNp,0.09090909090909091,10,10,CGTGGAGTCTTTATAGTAAG,0,3251407
recNp,0.09090909090909091,10,10,CGTGCGAGCTGTCTATGCGA,0,3227042
recNp,0.09090909090909091,10,10,CGTGATGCTAGCGTGTAGAT,0,3252473
recNp,0.09090909090909091,10,10,CGTGATCGAGATCTCTTCGG,0,3240470
recNp,0.09090909090909091,10,10,CGGTCCAAATGCCGTATCGT,0,3227991
recNp,0.09090909090909091,10,10,CGGTACTTCGGAGCGTCGTA,0,3233633
recNp,0.09090909090909091,10,10,CGGGGCCTGTCCTGTCAACT,0,3229202
recNp,0.09090909090909091,10,10,CGGGCACGAACACACTATAT,0,3242128
recNp,0.09090909090909091,10,10,CGGGATTGATAGGATTGATA,0,3232229
recNp,0.09090909090909091,10,10,CGGCAAGCCCGGATTGTCCA,0,3216339
recNp,0.09090909090909091,10,10,CGCGTAAGTCTCATCGCGAC,0,3254271
recNp,0.09090909090909091,10,10,CGCCTCCTTAAGGAACACTG,0,3231456
recNp,0.09090909090909091,10,10,CGCACCCATGCTATTCTTGA,0,3252579
recNp,0.09090909090909091,10,10,CGCACCAGCAATTGGATCCA,0,3216277
recNp,0.09090909090909091,10,10,CGCAAATCAAGCCCGCCCCA,0,3220698
recNp,0.09090909090909091,10,10,CGCAAAGCTCATATAGTGTG,0,3248897
recNp,0.09090909090909091,10,10,CGATACCCCTAAAACGTAAC,0,3253002
recNp,0.09090909090909091,10,10,CGAGTCTAATACACGCAGGC,0,3234925
recNp,0.09090909090909091,10,10,CGAGCCTCATTCTCAATCCC,0,3227798
recNp,0.09090909090909091,10,10,CGACTTGTCGAACCGATGCG,0,3226725
recNp,0.09090909090909091,10,10,CGACGGGTACGGCCTTAGTT,0,3229157
recNp,0.09090909090909091,10,10,CGACATGTGCTTTTGTGCTT,0,3237366
recNp,0.09090909090909091,10,10,CGAACGTTAGTCTCCATCGG,0,3221523
recNp,0.09090909090909091,10,10,CCTTCTACTCGCAACAACCG,0,3234349
recNp,0.09090909090909091,10,10,CCTTCCGTACGAGGTGGGTG,0,3222820
recNp,0.09090909090909091,10,10,CCTTACGCAGGCTACTCGTA,0,3234031
recNp,0.09090909090909091,10,10,CCTGTAACTAACTGTAGTCT,0,3228731
recNp,0.09090909090909091,10,10,CCTGGAGATCCGTAATACTC,0,3227625
recNp,0.09090909090909091,10,10,CCTGCGGATGCTCTACCGGC,0,3220229
recNp,0.09090909090909091,10,10,CCTCGTTTTGTCGAAGGTCC,0,3249746
recNp,0.09090909090909091,10,10,CCTCGACATGTCCGAGAGGC,0,3225908
recNp,0.09090909090909091,10,10,CCTATATCCAGTGCGCTAGC,0,3230544
recNp,0.09090909090909091,10,10,CCGTTCGTAGTCAAATGATT,0,3234755
recNp,0.09090909090909091,10,10,CCGGTGTCCGTTGATTTACC,0,3237178
recNp,0.09090909090909091,10,10,CCGCGGAGGGTGCCGTGCCC,0,3236662
recNp,0.09090909090909091,10,10,CCGATGTTTATTTTATTGGC,0,3253399
recNp,0.09090909090909091,10,10,CCGAGAGAGGGTGCACACGC,0,3235001
recNp,0.09090909090909091,10,10,CCCTCAGGGTCGCGGGGATG,0,3218437
recNp,0.09090909090909091,10,10,CCCAAGGATAGTAGGACGGA,0,3245863
recNp,0.09090909090909091,10,10,CCATTTGAGGGTGTATGCTA,0,3246762
recNp,0.09090909090909091,10,10,CCATTCTGCAGTAGTCGGCT,0,3220483
recNp,0.09090909090909091,10,10,CCATCATCTGTAAGATTAGA,0,3246839
recNp,0.09090909090909091,10,10,CCAGTTCTGCATTTAGGAGT,0,3252601
recNp,0.09090909090909091,10,10,CCAAGTATACATGCCCTGTT,0,3237331
recNp,0.09090909090909091,10,10,CCAAGCGAACTACGCATTTA,0,3227013
recNp,0.09090909090909091,10,10,CATTTGCTGATTAGCTGGTT,0,3217192
recNp,0.09090909090909091,10,10,CATTTCAGCTCCGTCCGTTT,0,3239114
recNp,0.09090909090909091,10,10,CATGTCTGGCATACCAAATC,0,3217768
recNp,0.09090909090909091,10,10,CATGACGCTAGGAGTCTAAC,0,3216886
recNp,0.09090909090909091,10,10,CATCATAAAGCTACGGTTGG,0,3232460
recNp,0.09090909090909091,10,10,CATCAGTTCATATATATCGT,0,3232366
recNp,0.09090909090909091,10,10,CATCAATCGTTCCGGCGCTA,0,3223293
recNp,0.09090909090909091,10,10,CAGTGTTCCGGTAAGTGTAT,0,3220263
recNp,0.09090909090909091,10,10,CAGTGCTCGTTTAAGCGACT,0,3218222
recNp,0.09090909090909091,10,10,CAGTACAGTCACTAATAGGC,0,3231923
recNp,0.09090909090909091,10,10,CAGTAACTGATCGGAGGGAA,0,3252486
recNp,0.09090909090909091,10,10,CAGGTCACGAGTGCGCCAAT,0,3230168
recNp,0.09090909090909091,10,10,CAGGGGCACACAGGCTTGAA,0,3249953
recNp,0.09090909090909091,10,10,CAGCGTTCTAGCACCTCGGC,0,3245393
recNp,0.09090909090909091,10,10,CACGCCTTACCCATCACTCT,0,3221272
recNp,0.09090909090909091,10,10,CACACATATCCGCGCAGGTG,0,3249958
recNp,0.09090909090909091,10,10,CACAACTTCTATCTCTGTCG,0,3222738
recNp,0.09090909090909091,10,10,CAATGGTTCCAAGCTAACGC,0,3247038
recNp,0.09090909090909091,10,10,CAATGGCAACTACACACACA,0,3224618
recNp,0.09090909090909091,10,10,CAATCATTAAGTTGATTTAG,0,3239082
recNp,0.09090909090909091,10,10,CAAGCAACTGCTAAGGCTGT,0,3255861
recNp,0.09090909090909091,10,10,CAACGGGCGTCATCGACGAA,0,3242485
recNp,0.09090909090909091,10,10,CAACGATCCTCATGGGGGGA,0,3241898
recNp,0.09090909090909091,10,10,CAACCTAGCAGTCATACACA,0,3222778
recNp,0.09090909090909091,10,10,CAAACCTCACGGACATAGGA,0,3229469
recNp,0.09090909090909091,10,10,ATTTCGCCGTGAACTACCTA,0,3241581
recNp,0.09090909090909091,10,10,ATTTAGTTGACGACGAAGTA,0,3250925
recNp,0.09090909090909091,10,10,ATTGAAGGCTATTTCCAATT,0,3223134
recNp,0.09090909090909091,10,10,ATTCGCACCACAGAAAACAC,0,3240058
recNp,0.09090909090909091,10,10,ATTACGCCACACCCTAGCGT,0,3253931
recNp,0.09090909090909091,10,10,ATGGGATAATCAGTCTAAGC,0,3243502
recNp,0.09090909090909091,10,10,ATGCTCCACACAGACACCAG,0,3221728
recNp,0.09090909090909091,10,10,ATGCGGCCATTTCACCTCGG,0,3237884
recNp,0.09090909090909091,10,10,ATGAGGATGCCTAGTAAAAA,0,3222704
recNp,0.09090909090909091,10,10,ATGAATGTAGCCCCGAGCAT,0,3249728
recNp,0.09090909090909091,10,10,ATCCCTACATACTGGAGCTT,0,3245425
recNp,0.09090909090909091,10,10,ATATTGGTACACGTGGCCAA,0,3238944
recNp,0.09090909090909091,10,10,ATATGAGCTGTTGAGCGCAT,0,3246876
recNp,0.09090909090909091,10,10,ATATATAGCATCGTGCTCAT,0,3237528
recNp,0.09090909090909091,10,10,ATAGCTGGACGAGGACGAAC,0,3249056
recNp,0.09090909090909091,10,10,ATAGCGTTATTTTAGGTTGG,0,3239559
recNp,0.09090909090909091,10,10,ATAGCCGCAATGTTAGAGAG,0,3242910
recNp,0.09090909090909091,10,10,ATACCGAACAACCCGGGCCA,0,3219796
recNp,0.09090909090909091,10,10,AGTTTACCATATGTTAAATT,0,3254444
recNp,0.09090909090909091,10,10,AGTCGTACGTGTGAATTATA,0,3237192
recNp,0.09090909090909091,10,10,AGTCATGGGTAGTTCGGCCC,0,3254132
recNp,0.09090909090909091,10,10,AGTCATGGCCCATGAATGCC,0,3243714
recNp,0.09090909090909091,10,10,AGTCAGAGTAAGGTATGTTA,0,3240699
recNp,0.09090909090909091,10,10,AGGTTAAACGTGTGATCGCG,0,3217582
recNp,0.09090909090909091,10,10,AGGTCAAGGTATATTTGAGG,0,3249364
recNp,0.09090909090909091,10,10,AGGGTGCGCATCGCTTGCCT,0,3217321
recNp,0.09090909090909091,10,10,AGGCGTTAACCTAACTATAT,0,3228130
recNp,0.09090909090909091,10,10,AGGATGGTCGCCCAGGCCAA,0,3235511
recNp,0.09090909090909091,10,10,AGCTATTGTGTACCCCCGCC,0,3225962
recNp,0.09090909090909091,10,10,AGCCTGCTTATTGGGAAGTT,0,3249043
recNp,0.09090909090909091,10,10,AGCATAACCGGCAGATACGC,0,3221977
recNp,0.09090909090909091,10,10,AGCAACTTACCGGATGGTTA,0,3237899
recNp,0.09090909090909091,10,10,AGATAGCGACATCATCATGA,0,3238112
recNp,0.09090909090909091,10,10,AGACTTCAAGGGGCGACATG,0,3233632
recNp,0.09090909090909091,10,10,AGACATTTGGGCTACGTGTT,0,3217423
recNp,0.09090909090909091,10,10,AGACAATCTGTTGGAAATCT,0,3239085
recNp,0.09090909090909091,10,10,AGAAAACTGTCGTTAATCGA,0,3241520
recNp,0.09090909090909091,10,10,ACTTTTGTCCATCTCACGCG,0,3228526
recNp,0.09090909090909091,10,10,ACTCTTAAGAGGCTAATTAA,0,3252016
recNp,0.09090909090909091,10,10,ACTCGTGCACACGGCACACA,0,3245534
recNp,0.09090909090909091,10,10,ACTCCAAAGCTATCAATATC,0,3224827
recNp,0.09090909090909091,10,10,ACTCACAAGCTCGGAAAATT,0,3235853
recNp,0.09090909090909091,10,10,ACGTTTCGATATTACACTTG,0,3233249
recNp,0.09090909090909091,10,10,ACGTCTCAAAGGTGAAGACA,0,3225255
recNp,0.09090909090909091,10,10,ACGGATCGCCTTACAGCAGG,0,3221526
recNp,0.09090909090909091,10,10,ACGCTCTTTAAGGGTGCAAC,0,3229817
recNp,0.09090909090909091,10,10,ACGCGTTATATGAGGGCGGA,0,3219749
recNp,0.09090909090909091,10,10,ACGCCTCGTATCCGCAGGTA,0,3216464
recNp,0.09090909090909091,10,10,ACGACCAGAAGTTCCAGATG,0,3221365
recNp,0.09090909090909091,10,10,ACCTGGAACGTTTAAGTAGC,0,3255023
recNp,0.09090909090909091,10,10,ACCGATGCGATTATCCACGA,0,3249510
recNp,0.09090909090909091,10,10,ACATGTGAACTCAAAGAGCA,0,3221023
recNp,0.09090909090909091,10,10,ACAGGAATGTGACGAGCGGG,0,3234142
recNp,0.09090909090909091,10,10,ACAGATCAGGGTCAGAGCCC,0,3223415
recNp,0.09090909090909091,10,10,ACACCCCTTTCGGGACGCAA,0,3229697
recNp,0.09090909090909091,10,10,ACAATAAGTCTCGTGGATGG,0,3229561
recNp,0.09090909090909091,10,10,AATTTTCCGATTCCACTTTT,0,3234561
recNp,0.09090909090909091,10,10,AATTATGTGATGGTGAGAAT,0,3242615
recNp,0.09090909090909091,10,10,AATTATCTAGGTTACAGAAA,0,3221231
recNp,0.09090909090909091,10,10,AATCAAGATTATGTAATACT,0,3248253
recNp,0.09090909090909091,10,10,AAGTCTCAGGATCGACGATG,0,3240967
recNp,0.09090909090909091,10,10,AAGGATGGTGGTATTGAAAA,0,3233889
recNp,0.09090909090909091,10,10,AAGCGAGGTGGCTAGCACAA,0,3220679
recNp,0.09090909090909091,10,10,AAGCAGATTCAGACGTGATC,0,3252278
recNp,0.09090909090909091,10,10,AAGATTTAGCAGACTCGGAC,0,3252852
recNp,0.09090909090909091,10,10,AACTGTGCTGTTTTTGGAGC,0,3237397
recNp,0.09090909090909091,10,10,AACGTCAGTTTGAAGCATCG,0,3255746
recNp,0.09090909090909091,10,10,AACGCCACAATAGTCATGGG,0,3251093
recNp,0.09090909090909091,10,10,AACGCCAAGATGCCAAACGT,0,3247058
recNp,0.09090909090909091,10,10,AACGCACTGTCCGGCCTGTA,0,3235125
recNp,0.09090909090909091,10,10,AACGAGGGGTAGCCCTAAAC,0,3251774
recNp,0.09090909090909091,10,10,AACCTCAACGAAAGAAGAAA,0,3234319
recNp,0.09090909090909091,10,10,AACCTAGGAAGGTCTAATCC,0,3250038
recNp,0.09090909090909091,10,10,AACAAAACAGTTAACTGCGG,0,3224761
recNp,0.09090909090909091,10,10,AAATGGTTAATGCACGCACA,0,3232593
recNp,0.09090909090909091,10,10,AAAACCCGACATATCTTCGT,0,3219594
recNp,0.1,9,9,TTTTGTATGCTTTACACTTA,0,3227590
recNp,0.1,9,9,TTTTATGCTACAGTTGTTAC,0,3242617
recNp,0.1,9,9,TTTGTGCTTTGCGTATATCA,0,3245529
recNp,0.1,9,9,TTTCGGATATCTTAACCGCG,0,3232571
recNp,0.1,9,9,TTTCGCCGTCTCACTGGCCT,0,3230920
recNp,0.1,9,9,TTTATTCACTAAGCCGAGAC,0,3230345
recNp,0.1,9,9,TTTAGCCGTTCCTTGTGCGT,0,3244945
recNp,0.1,9,9,TTGTAAACTTCCCAGGATAA,0,3227468
recNp,0.1,9,9,TTGGGACCCGGTCCAAACAG,0,3229892
recNp,0.1,9,9,TTGGATTTGTAATTCATAAG,0,3247786
recNp,0.1,9,9,TTGGAGGCATATTGGTTACC,0,3221019
recNp,0.1,9,9,TTGCCGTGTGGTTAAAAAGG,0,3216318
recNp,0.1,9,9,TTGCCATTCCTGTAAGCCTT,0,3228289
recNp,0.1,9,9,TTCTCACGTACTGAGCTCAT,0,3237175
recNp,0.1,9,9,TTCCGGGGCGTTGTCGATTA,0,3232977
recNp,0.1,9,9,TTCAAGTCCCGCAGAGAACT,0,3240153
recNp,0.1,9,9,TTCAACGGCTGGGAAAAAAT,0,3248111
recNp,0.1,9,9,TTATACTGAAAGCCATATGA,0,3254734
recNp,0.1,9,9,TTAGTTGGAGAGGCTTTTGG,0,3244992
recNp,0.1,9,9,TTAGTGCCCGCCCCGTCGCC,0,3222079
recNp,0.1,9,9,TTAACGGTTTGCAGATATGT,0,3227565
recNp,0.1,9,9,TTAACGCGCTAGGGTTTCCA,0,3247216
recNp,0.1,9,9,TTAACAGTTAGCGTATCGCG,0,3247974
recNp,0.1,9,9,TGTTGTACGTACTTGCCCAG,0,3227844
recNp,0.1,9,9,TGTTATATGTGACGGCCCTG,0,3231552
recNp,0.1,9,9,TGTGCTACGTCACCACCGTA,0,3248046
recNp,0.1,9,9,TGTCTACTTCCGAACCGACG,0,3219377
recNp,0.1,9,9,TGTCAGATATGGCCCACCCT,0,3237180
recNp,0.1,9,9,TGTAGCATGGCTCTGGTTGC,0,3247987
recNp,0.1,9,9,TGGTGGATTTCAGCACTTCG,0,3224766
recNp,0.1,9,9,TGGATGAGGGTTATCTAGAC,0,3220777
recNp,0.1,9,9,TGCCCATCCGGGGAAGGATA,0,3247725
recNp,0.1,9,9,TGCCACTTTAGTAAAACGGT,0,3246147
recNp,0.1,9,9,TGCCAATCAGGCACCCCGGG,0,3236534
recNp,0.1,9,9,TGCAGTTCAAGTGGCGTCCC,0,3237953
recNp,0.1,9,9,TGATTTAACAGACGAGGACC,0,3247379
recNp,0.1,9,9,TGATCCTCCCGACTCCGCGT,0,3218068
recNp,0.1,9,9,TGATCCAAAGCACTGGCACC,0,3218985
recNp,0.1,9,9,TGAGTTGTGTACGGCCGGTT,0,3244382
recNp,0.1,9,9,TGAGATTTCGACCAATATTA,0,3243643
recNp,0.1,9,9,TGAATTTAAGCTAGCAATTA,0,3243448
recNp,0.1,9,9,TGAATTCTGCGGCTCTAAGG,0,3238226
recNp,0.1,9,9,TCTAACTCCGATGCATTGTC,0,3220450
recNp,0.1,9,9,TCGTGGCATTCAAAGACTAG,0,3237386
recNp,0.1,9,9,TCGGTCTAGAGGTACGCCGA,0,3246369
recNp,0.1,9,9,TCGCTGGTTACTTGATCCGT,0,3224286
recNp,0.1,9,9,TCGATTTAAACGTAATTATT,0,3254654
recNp,0.1,9,9,TCGAGTGCGCCCGGATGACA,0,3223438
recNp,0.1,9,9,TCCTCAGCCCTGATCGCATT,0,3236649
recNp,0.1,9,9,TCCGGCCGAACACGGTCCGA,0,3217933
recNp,0.1,9,9,TCCGCTAGTGCCTGTGCATG,0,3242238
recNp,0.1,9,9,TCCCCGGATTCTGTAGTATC,0,3237638
recNp,0.1,9,9,TCCATGATCTTCGCATACGT,0,3239793
recNp,0.1,9,9,TCCACGAACTCTCCACTGTA,0,3244560
recNp,0.1,9,9,TCAGGTCTAGGTAAAATCAC,0,3231584
recNp,0.1,9,9,TCAGAGCGTCATGACACATG,0,3229952
recNp,0.1,9,9,TCACAATGCCAGCATTGTGA,0,3254672
recNp,0.1,9,9,TCAAACTACCAATAAAGGTC,0,3232714
recNp,0.1,9,9,TATTGGGGGGCTTCAGGAAC,0,3229114
recNp,0.1,9,9,TAGGGTATTCCCTCGTTGTA,0,3249552
recNp,0.1,9,9,TAGCCAACGCGGACCCAAGT,0,3226710
recNp,0.1,9,9,TAGCAGCCTCTCCACGACAT,0,3240474
recNp,0.1,9,9,TAGCACAGTATTCTGGCTCT,0,3222579
recNp,0.1,9,9,TAGATGGAACAGTAAACAGA,0,3220771
recNp,0.1,9,9,TAGATGATGCGTTTTTTGCG,0,3254066
recNp,0.1,9,9,TACTGGGTCTGCTGGGAAGG,0,3229360
recNp,0.1,9,9,TACTCCTGGGCTGGCTGCAA,0,3239776
recNp,0.1,9,9,TACTCACGGGCGGTAAGAGA,0,3246928
recNp,0.1,9,9,TACTATCAGTTGAGTAGGTC,0,3240122
recNp,0.1,9,9,TACTAAGTCCATGTGGGCGG,0,3229582
recNp,0.1,9,9,TACGCGCACTATCGTCGCAG,0,3251807
recNp,0.1,9,9,TACCCGCCCACCCAATGGCC,0,3244963
recNp,0.1,9,9,TACATGCCCAGAGACGTTCA,0,3239994
recNp,0.1,9,9,TACAATCAGGTTTTCGCTTG,0,3252338
recNp,0.1,9,9,TAAGTCCTTAGGGCGAAGGA,0,3224347
recNp,0.1,9,9,TAAGGGATGTTAAAATAAAT,0,3227692
recNp,0.1,9,9,TAAGCACGGGCATGGTACGT,0,3231537
recNp,0.1,9,9,TAAGAAGGACAAGACTGGCA,0,3222272
recNp,0.1,9,9,TAACTTTCTTGCCGCTCTTC,0,3242445
recNp,0.1,9,9,TAAAGGATGACTTTACCTCT,0,3253127
recNp,0.1,9,9,TAAAGCAGCCAGTGGGAAGG,0,3244163
recNp,0.1,9,9,GTTCGGTTGGTAAATGCTGT,0,3221606
recNp,0.1,9,9,GTTCCGTCATTGATTGGTCA,0,3246424
recNp,0.1,9,9,GTTCCACCAGTTAGTCGGTA,0,3236635
recNp,0.1,9,9,GTTCAGACGGAGCTTTCAAA,0,3224009
recNp,0.1,9,9,GTGTGGAGGTAGAGATAGAA,0,3226359
recNp,0.1,9,9,GTGTGCGGAATCACACTCTC,0,3227496
recNp,0.1,9,9,GTGTCTCCCACGTACTATCT,0,3217329
recNp,0.1,9,9,GTGTCGATCTGTATCTTACA,0,3241089
recNp,0.1,9,9,GTGGGCATTTAAGGCCCGAT,0,3255484
recNp,0.1,9,9,GTGCAAAAAGATTATGATGT,0,3224444
recNp,0.1,9,9,GTGAGTGGGGGCGCGGATCG,0,3245497
recNp,0.1,9,9,GTGAATGTGCAGGCGTGTGT,0,3222987
recNp,0.1,9,9,GTGAACGTCATGGCGTAACC,0,3236183
recNp,0.1,9,9,GTCTTCGTGTTGCGCAGGGT,0,3226036
recNp,0.1,9,9,GTCAGCTAGTTACAGAAAGC,0,3250279
recNp,0.1,9,9,GTCACATATTTTGACTGTCA,0,3240770
recNp,0.1,9,9,GTATGTCGCGAGCGCCTAAC,0,3222700
recNp,0.1,9,9,GTAGTGTCGATCCGGCAAAT,0,3223388
recNp,0.1,9,9,GTACGGCCGGCAAAATAAAA,0,3228767
recNp,0.1,9,9,GTACAGAACTTCAGTGGGTT,0,3243648
recNp,0.1,9,9,GTAAAGGCGGTCCACACCGG,0,3234580
recNp,0.1,9,9,GGTTTCTAAGCTTCTATAAT,0,3217502
recNp,0.1,9,9,GGTTCCCTCACAAAAGTTCG,0,3220857
recNp,0.1,9,9,GGTTCAGTAGTAGTGACATA,0,3229710
recNp,0.1,9,9,GGTGAGTACAGCACTCCGAG,0,3239470
recNp,0.1,9,9,GGTCTCTAGTAACCTAGACC,0,3245105
recNp,0.1,9,9,GGTCGGTGGTACGTTAAACT,0,3240036
recNp,0.1,9,9,GGTCAAACAGGACTGGGTCA,0,3235877
recNp,0.1,9,9,GGTATTTGGGGGGAATTAAC,0,3229208
recNp,0.1,9,9,GGGTTGAGAGCTCCCGTTTT,0,3246966
recNp,0.1,9,9,GGGTTGACCTTCTTGGATTG,0,3245087
recNp,0.1,9,9,GGGGAGGTAGGTCTTTTCGT,0,3225855
recNp,0.1,9,9,GGGGAGCCGCACTCCGACAT,0,3233344
recNp,0.1,9,9,GGGCGATCTGGGGCATCTCG,0,3228649
recNp,0.1,9,9,GGGCCTTGGGCGTATCCCGA,0,3227747
recNp,0.1,9,9,GGGCATGGGGCATTTGTTCG,0,3248306
recNp,0.1,9,9,GGGAGTACGGCCATCACGTT,0,3223744
recNp,0.1,9,9,GGGAATGGCAATGATCGTTC,0,3238512
recNp,0.1,9,9,GGCATTTACGCTAGTACGGA,0,3232741
recNp,0.1,9,9,GGATTAAACTTTACTCGAAA,0,3222133
recNp,0.1,9,9,GGAGAGTAACTCATGGCAAC,0,3220749
recNp,0.1,9,9,GGACTTTACTATTAGGTGCG,0,3250295
recNp,0.1,9,9,GGACGTGGTATTCTATGGCG,0,3232849
recNp,0.1,9,9,GGACATCACGGCATCCTAAT,0,3255988
recNp,0.1,9,9,GGAATGGGGTGTCGGACGAG,0,3245248
recNp,0.1,9,9,GGAAGAGACACTTACCCTAA,0,3220538
recNp,0.1,9,9,GGAACATTGTCTATCAGCAT,0,3226620
recNp,0.1,9,9,GCTGCGGGGGAAACTCTGTC,0,3246985
recNp,0.1,9,9,GCGTAGTACAATAGGTCCCG,0,3241692
recNp,0.1,9,9,GCGGCCGCTAAGTAGCTTGT,0,3235285
recNp,0.1,9,9,GCGGACAGAGAGGCAAGTAT,0,3228446
recNp,0.1,9,9,GCGATCGCCATTTTCAGTTG,0,3236622
recNp,0.1,9,9,GCGATCAGTTCTTATAACAT,0,3250741
recNp,0.1,9,9,GCCTTGTAGATTGGTAGAAA,0,3249298
recNp,0.1,9,9,GCCGTGGTGTCCACGTCCAT,0,3235798
recNp,0.1,9,9,GCCCAAGATTAACGTACCGA,0,3250085
recNp,0.1,9,9,GCCATCGTCAATCTCATAAA,0,3235908
recNp,0.1,9,9,GCCATAGAGCCAATCGTTTA,0,3237469
recNp,0.1,9,9,GCCAGGTAGGTCTCTAAGAT,0,3230805
recNp,0.1,9,9,GCCAAGGTCAACCGCATTTA,0,3230409
recNp,0.1,9,9,GCATGCTCAGAGGGATAAGT,0,3234231
recNp,0.1,9,9,GCATGCCAACACACTTGTCC,0,3216791
recNp,0.1,9,9,GCAGCGCAGAATCGGTCAGG,0,3247201
recNp,0.1,9,9,GCAGACAACCCTAGTTTTAA,0,3230810
recNp,0.1,9,9,GCACGAACCAGCGATGCATG,0,3231742
recNp,0.1,9,9,GCACCAGGTCGGGGGACAAT,0,3217338
recNp,0.1,9,9,GCACAGGTCACAGGGGAGCC,0,3225154
recNp,0.1,9,9,GCACAAGCTATAGGCTATTA,0,3226090
recNp,0.1,9,9,GCAAGCGGAGAGTATGACAG,0,3230993
recNp,0.1,9,9,GATTTAATTGGAACATATGA,0,3237329
recNp,0.1,9,9,GATTAGCTCCTTGACTCATG,0,3217146
recNp,0.1,9,9,GATATCGGTTGCTGTGAGGT,0,3238583
recNp,0.1,9,9,GATATCACGATACTCACGAG,0,3251650
recNp,0.1,9,9,GATACCCCTCTTGGGGTTCA,0,3248875
recNp,0.1,9,9,GATAAGACAATCCCAGTGCC,0,3236312
recNp,0.1,9,9,GAGTCAATTATTTGCGGTAA,0,3240028
recNp,0.1,9,9,GAGTAGCGTGCAGGCACAGG,0,3250521
recNp,0.1,9,9,GAGGGGTCCGCGACCAGTAT,0,3219309
recNp,0.1,9,9,GAGGCGGTGCGACAGTTCCC,0,3230981
recNp,0.1,9,9,GAGCGATCGTATCACAGTAA,0,3246471
recNp,0.1,9,9,GAGCCATAAAGTTGTGGGAT,0,3225661
recNp,0.1,9,9,GAGCATTAATGCCATCAATA,0,3226130
recNp,0.1,9,9,GACAGCCTTTATGGCTGAAA,0,3232885
recNp,0.1,9,9,GACAATTCCCTACGGTTTCA,0,3219373
recNp,0.1,9,9,GAATTCTTATATATGTCCCT,0,3236990
recNp,0.1,9,9,GAATCCGTTTAAACCCTCTA,0,3253564
recNp,0.1,9,9,GAAGTTATCATGCGAACGAA,0,3242687
recNp,0.1,9,9,GAAGTGAGACTCTTAAGGCC,0,3248555
recNp,0.1,9,9,GAACTCGCTAATCCTTGATC,0,3222370
recNp,0.1,9,9,GAACATGCCAGTCCCACGAC,0,3249790
recNp,0.1,9,9,GAAATTGTCACCACTGATGT,0,3245070
recNp,0.1,9,9,GAAAGGTGGCTCCTTAGGTG,0,3223954
recNp,0.1,9,9,GAAACGCAGGGGCGCGTTAA,0,3233952
recNp,0.1,9,9,CTTTAACATTTATTAATTCT,0,3241928
recNp,0.1,9,9,CTTGCCGCACTACAAATATA,0,3236773
recNp,0.1,9,9,CTTCTCTGACGGAGGCTCGA,0,3243011
recNp,0.1,9,9,CTTAGCTGTAAATAAGTTCC,0,3252123
recNp,0.1,9,9,CTGTAGGTACCTGCTGATGG,0,3234724
recNp,0.1,9,9,CTGGCATCGTCCTGTGCGCA,0,3253323
recNp,0.1,9,9,CTGCGCCCGAGGTGTGAAGT,0,3243853
recNp,0.1,9,9,CTGAAGGTGAAAGAGCGTAG,0,3250758
recNp,0.1,9,9,CTCTTTATGAGCCGGCTATA,0,3237404
recNp,0.1,9,9,CTCTAAAATCGGTACATCCC,0,3228609
recNp,0.1,9,9,CTCGGTCTAAATCGGGTTTC,0,3223236
recNp,0.1,9,9,CTCGCCCTGCATTCTGTGAC,0,3224822
recNp,0.1,9,9,CTAGTTCGTCTGTCACCGTC,0,3224422
recNp,0.1,9,9,CTACTCAGGCGTCAGGGATA,0,3218972
recNp,0.1,9,9,CTACTAGCAACATAACCTAG,0,3255321
recNp,0.1,9,9,CGTTTCCTTTGGCCAGTGGG,0,3245722
recNp,0.1,9,9,CGTGTTCGATGAGACAGGCG,0,3247204
recNp,0.1,9,9,CGTGTATTCTTGTCGGCGTT,0,3241865
recNp,0.1,9,9,CGTCGGATCCGCTGCGTACG,0,3226601
recNp,0.1,9,9,CGTCGCTCATTCTGTAGCCC,0,3251479
recNp,0.1,9,9,CGTCACAAAAGAGCGGATTC,0,3221560
recNp,0.1,9,9,CGTAATTCCATACCGATTCA,0,3220689
recNp,0.1,9,9,CGGTTTCTCCATTATATACA,0,3246925
recNp,0.1,9,9,CGGGCCGCATCCTTACGGGT,0,3254903
recNp,0.1,9,9,CGGATTTAAAAGCATGTGCT,0,3219196
recNp,0.1,9,9,CGGAGGTAGAGAACGTAATC,0,3225896
recNp,0.1,9,9,CGGAACGGAGTTAACCCAAC,0,3251989
recNp,0.1,9,9,CGCTAGTGATAACGGGTCCC,0,3241069
recNp,0.1,9,9,CGCATGGGCTAACGTTCCCT,0,3247154
recNp,0.1,9,9,CGCAGTTGCCAAAGAATATA,0,3233840
recNp,0.1,9,9,CGCACGTGAGCAACAGTATT,0,3219139
recNp,0.1,9,9,CGAGTTAGGGCGTCTAAGAT,0,3243116
recNp,0.1,9,9,CGAGCTTTGGAGTGAGTCAT,0,3228998
recNp,0.1,9,9,CGAATTGTTGGGTGCATCTT,0,3228603
recNp,0.1,9,9,CGAATCGAATTATGCTTTGT,0,3220723
recNp,0.1,9,9,CCTTTTCTTCAGCCGAATGC,0,3222020
recNp,0.1,9,9,CCTGGTTACACATACAGGCG,0,3250897
recNp,0.1,9,9,CCTCTTAGAACACCGCCCGA,0,3228145
recNp,0.1,9,9,CCTCCGAATGACGGATAGGT,0,3218220
recNp,0.1,9,9,CCGTTGTCAGGAGTAGTACC,0,3238026
recNp,0.1,9,9,CCGTACCGTGTGCAATCTAT,0,3246123
recNp,0.1,9,9,CCGGGCTGATTGCCCCGCGT,0,3228554
recNp,0.1,9,9,CCGCTTCGCATTGCTGAGGT,0,3233191
recNp,0.1,9,9,CCGCTCTGACGTGCCTCCCC,0,3220344
recNp,0.1,9,9,CCGCCAGTAGATAAAAACGT,0,3223518
recNp,0.1,9,9,CCCTGAGCAGTACCCGATTG,0,3244948
recNp,0.1,9,9,CCCCAGTTGTGGGAAAACGT,0,3252578
recNp,0.1,9,9,CCCACTCCATCACGAGACGT,0,3245276
recNp,0.1,9,9,CCCAACGTTTCCCTCAGCTC,0,3252812
recNp,0.1,9,9,CCATTTCCAAGACATGTGGG,0,3232720
recNp,0.1,9,9,CCAGTGCCACGGTCCCCTTT,0,3242242
recNp,0.1,9,9,CCAGTACGAGAGACTAGGGC,0,3237405
recNp,0.1,9,9,CCACCTTTCAGTCCCTGATA,0,3247118
recNp,0.1,9,9,CCACCGTGCCGTAATGAGCA,0,3252340
recNp,0.1,9,9,CATTGCTTATTCAGATCGCC,0,3231683
recNp,0.1,9,9,CATTGAAGGGCAGCAGGAAC,0,3225339
recNp,0.1,9,9,CATGTCTATAGCTCCACCCT,0,3238031
recNp,0.1,9,9,CATCCGTTGTCTAAATTCAA,0,3228048
recNp,0.1,9,9,CATATCTCGATGAGTCCACG,0,3219265
recNp,0.1,9,9,CATAGGGCAACGCATGCCAC,0,3219081
recNp,0.1,9,9,CAGTGGGTGTACCACCGGAT,0,3247340
recNp,0.1,9,9,CAGCATCAGCCCAAACCAAC,0,3252604
recNp,0.1,9,9,CAGCATAACACCGCTCGCAA,0,3218845
recNp,0.1,9,9,CAGAGCTGCTCAGCGTGATC,0,3234149
recNp,0.1,9,9,CAGACGACCTCATGATTTTA,0,3239509
recNp,0.1,9,9,CACTTGGCCAGTCACCACGA,0,3240162
recNp,0.1,9,9,CACTACATTCATCGTGTTGC,0,3223209
recNp,0.1,9,9,CACGTTCGGGTAGCAGGACC,0,3255221
recNp,0.1,9,9,CACGATCGGGCGACGGCGAA,0,3239508
recNp,0.1,9,9,CACCTAGATATCGAATAATG,0,3251414
recNp,0.1,9,9,CACCGGCATCTTAGCCTAGC,0,3218031
recNp,0.1,9,9,CACCACAGGTGACGTTTGGA,0,3234113
recNp,0.1,9,9,CAACGTTGAGCATCTCAGTT,0,3235762
recNp,0.1,9,9,CAACCGCCCGCTAATCCCCC,0,3219098
recNp,0.1,9,9,CAACATTAAGGCGTCAGCTC,0,3242551
recNp,0.1,9,9,ATTTTGGTAATCAACTCGGC,0,3225095
recNp,0.1,9,9,ATTTTCCTGTTTAGCGATTA,0,3237889
recNp,0.1,9,9,ATTTGTCGGAATATCCCCTC,0,3235094
recNp,0.1,9,9,ATTTGTAGCCGGTTTAAGAC,0,3251784
recNp,0.1,9,9,ATTTGCTTCCTCCGATCCGT,0,3232990
recNp,0.1,9,9,ATTTGAATAATAAGGTATTT,0,3248931
recNp,0.1,9,9,ATTGTTAAGCGTGCACAGGG,0,3233064
recNp,0.1,9,9,ATTGTCAATGCTGATTGGCC,0,3253926
recNp,0.1,9,9,ATTGCTTCGTACTTTATGCG,0,3230413
recNp,0.1,9,9,ATTGAAACCAACCCCGTGCA,0,3229189
recNp,0.1,9,9,ATTCCAAGCCGGCGAACGTA,0,3247740
recNp,0.1,9,9,ATTAGATTCACGGCCTAATG,0,3240556
recNp,0.1,9,9,ATGTAGGTGCATTCTGGACC,0,3234446
recNp,0.1,9,9,ATGGTTACATTTGGTGCTGA,0,3240409
recNp,0.1,9,9,ATGGGATGCTGTTTTTAGGA,0,3231194
recNp,0.1,9,9,ATGCTTAATCCTCGGTAAGA,0,3244178
recNp,0.1,9,9,ATGCTGGTTACCTAGCGATT,0,3231773
recNp,0.1,9,9,ATGATCAAGGCCGCTGACTT,0,3231010
recNp,0.1,9,9,ATCTTGGTGCTCCGTTCTAT,0,3249533
recNp,0.1,9,9,ATCTTCAGACGAAGCAGGAC,0,3236138
recNp,0.1,9,9,ATCGAAAACAGAGCGCAAAA,0,3248656
recNp,0.1,9,9,ATCCCGCTCGGGGGTAGAGG,0,3240432
recNp,0.1,9,9,ATCATTCATATCACCCTCGG,0,3224976
recNp,0.1,9,9,ATCAGGGCTGGTCACCATGA,0,3246476
recNp,0.1,9,9,ATCAGAGCATTGAGGAACTT,0,3217594
recNp,0.1,9,9,ATACTTACGTCATCGTATCA,0,3239325
recNp,0.1,9,9,ATACCCACAGCTAGGTCACC,0,3222956
recNp,0.1,9,9,ATAACGGCAACGCATATGAT,0,3244550
recNp,0.1,9,9,ATAAATTCTAACCGGTGTCA,0,3235718
recNp,0.1,9,9,AGTTTGCCCCCGGACTCAAC,0,3240345
recNp,0.1,9,9,AGTTGGCTTGTGTTGCAGCA,0,3241679
recNp,0.1,9,9,AGTTAGCACAATACACCTGG,0,3228571
recNp,0.1,9,9,AGTGTGTTTCCAGGCAAGTT,0,3253235
recNp,0.1,9,9,AGTGGCGTACTTATGTGTGG,0,3246314
recNp,0.1,9,9,AGTGCTTGGACCAAAAATAG,0,3217833
recNp,0.1,9,9,AGTGCGAAACACCGGTCCAC,0,3244977
recNp,0.1,9,9,AGTCCGCTCTACGCTCTCAG,0,3241154
recNp,0.1,9,9,AGTCCGCGCTACCTTGGGTC,0,3247442
recNp,0.1,9,9,AGGGGGTTAGTCGGTTTAAA,0,3246850
recNp,0.1,9,9,AGGGATGGCAAAGGCGGGTT,0,3223463
recNp,0.1,9,9,AGCGTCCTTTTTCGTTGTTA,0,3252606
recNp,0.1,9,9,AGCCTCAGACGGAGTCGCGA,0,3224252
recNp,0.1,9,9,AGCAGTCATTTTAACCCTAT,0,3221730
recNp,0.1,9,9,AGATAATACCTATAGAGAGG,0,3245614
recNp,0.1,9,9,AGAGTGTTTGGATTTTGTCG,0,3245801
recNp,0.1,9,9,AGAGTGGCTAAGTTCGGAAC,0,3226475
recNp,0.1,9,9,AGAGGGTCGTGAGAAGTCTT,0,3247897
recNp,0.1,9,9,AGAGAGGGAGTTATTCCTTA,0,3218968
recNp,0.1,9,9,AGACGTATTGGACTTCCCAA,0,3227243
recNp,0.1,9,9,AGAATGCTTATTCGAGTGCT,0,3227212
recNp,0.1,9,9,ACTTGTATCGTCTGTTGTAG,0,3225853
recNp,0.1,9,9,ACTGCGATTTACAACAATGT,0,3252575
recNp,0.1,9,9,ACTCGACGTTTAAGAGTCCA,0,3242688
recNp,0.1,9,9,ACTCAGGGCATTAAGGTGAT,0,3220378
recNp,0.1,9,9,ACTATATATTTTAAAGAAAA,0,3218227
recNp,0.1,9,9,ACTAGAAGCTTGCAGGACGT,0,3224426
recNp,0.1,9,9,ACTACGCACGTAAGACATGT,0,3255269
recNp,0.1,9,9,ACGGGGGACCAGACCAGCTT,0,3226211
recNp,0.1,9,9,ACGGAAAGTCGTGCTTTTTT,0,3238566
recNp,0.1,9,9,ACGCTGGGGCGTGTTGCGGT,0,3242308
recNp,0.1,9,9,ACGCAGGAATAGGTTTTTAA,0,3224945
recNp,0.1,9,9,ACCGTCCCCCCAGGTCGTCA,0,3230021
recNp,0.1,9,9,ACCGTAGATGCATATGTTGT,0,3224634
recNp,0.1,9,9,ACCCAGCCTCTAAGACCCAG,0,3245948
recNp,0.1,9,9,ACCAGAAAGTACTCGAGGGA,0,3251493
recNp,0.1,9,9,ACATCCTCCGCTTCAATGTT,0,3254883
recNp,0.1,9,9,ACATAGAGGATTAGCTGCGC,0,3235883
recNp,0.1,9,9,ACAGTAAGAGATTCCGAAGA,0,3243367
recNp,0.1,9,9,ACAGGAAGGGATAGGCTGGA,0,3222177
recNp,0.1,9,9,ACACAGGCTAGTCAGCGTAC,0,3221278
recNp,0.1,9,9,AATTCCCTGGAGACGACTCA,0,3241444
recNp,0.1,9,9,AATTCATGCATAGGGGAGGT,0,3251491
recNp,0.1,9,9,AAGTGCCCGGGTACCAATAC,0,3217781
recNp,0.1,9,9,AAGCCAATCGGAAGGTAAAG,0,3255825
recNp,0.1,9,9,AAGAGATCGTCTCTTCCATT,0,3225959
recNp,0.1,9,9,AAGAACCCAGGGGCGTGGTG,0,3243297
recNp,0.1,9,9,AACGGAGAAGATAGCGAAAA,0,3222636
recNp,0.1,9,9,AACGAAGATACACTGAGTGT,0,3232877
recNp,0.1,9,9,AACCGTTCGCGTTAGGGTTT,0,3217519
recNp,0.1,9,9,AACCATTCTATCTCGGGCAA,0,3255512
recNp,0.1,9,9,AACCACACAGCTCACCTTAA,0,3217965
recNp,0.1,9,9,AACATATTCTCGTGCCTGGG,0,3245689
recNp,0.1,9,9,AACAGGCTATATGCGCCATC,0,3220769
recNp,0.1,9,9,AAATGTTGGTAACCAAAGCT,0,3218718
recNp,0.1,9,9,AAATGATAAGACGTACTTGC,0,3248171
recNp,0.1,9,9,AAATCGTGGGTCTAACAGCG,0,3237301
recNp,0.1,9,9,AAATAATTGTTAGGGAGACC,0,3249137
recNp,0.1,9,9,AAACCGATTCACGAATGTAC,0,3240652
recNp,0.1,9,9,AAAAGCAATGGTGGCTGTAT,0,3226253
recNp,0.1,9,9,AAAACTTATGAATAGTAATG,0,3225291
recNp,0.1,9,9,AAAAAAGGGGAGATCCGATT,0,3224972
recNp,0.1111111111111111,8,8,TTTTCATTGTGCCATTCATC,0,3252913
recNp,0.1111111111111111,8,8,TTTTCACCTAAATAGTGGTG,0,3234228
recNp,0.1111111111111111,8,8,TTTGAAAGTACCCTGCGGGC,0,3237992
recNp,0.1111111111111111,8,8,TTTCTCCCTCCCATACGTAC,0,3241273
recNp,0.1111111111111111,8,8,TTTCGCAGACCTAACGCTGG,0,3219399
recNp,0.1111111111111111,8,8,TTTACCGGACACAGGTCCTT,0,3251030
recNp,0.1111111111111111,8,8,TTGTGGAGTATAGTTCTAAG,0,3236473
recNp,0.1111111111111111,8,8,TTGTGAGAAGCTTAGTGATC,0,3243660
recNp,0.1111111111111111,8,8,TTGGAAGGACTGGCTTGCCT,0,3246078
recNp,0.1111111111111111,8,8,TTGCCAACCTCATTGATGGG,0,3225844
recNp,0.1111111111111111,8,8,TTGATCAGGGATCGGTCCTG,0,3242284
recNp,0.1111111111111111,8,8,TTCTGTTAGAGTTACATTCT,0,3236140
recNp,0.1111111111111111,8,8,TTCTGCGGATGCAGATGACA,0,3254396
recNp,0.1111111111111111,8,8,TTCGGCCTGGTGTAGCGTGT,0,3229455
recNp,0.1111111111111111,8,8,TTCCCGGGGCGCCCGGACAT,0,3219470
recNp,0.1111111111111111,8,8,TTCATGCCACGTGGGCCATA,0,3247794
recNp,0.1111111111111111,8,8,TTCATACTCGACTTCACCAA,0,3252487
recNp,0.1111111111111111,8,8,TTATTGTAACTTGATCTGGT,0,3241743
recNp,0.1111111111111111,8,8,TTATGTACTATTGGATGGAC,0,3219248
recNp,0.1111111111111111,8,8,TTATCATCTCTAGTCCGAGA,0,3241653
recNp,0.1111111111111111,8,8,TTATCAAATTGGGCGTGCAA,0,3236985
recNp,0.1111111111111111,8,8,TTAGTGCAATTTGACTCGTG,0,3216479
recNp,0.1111111111111111,8,8,TTAGATGTAAGCGGTACTAT,0,3251553
recNp,0.1111111111111111,8,8,TTAGAGACGGGGGCCTCGCT,0,3218702
recNp,0.1111111111111111,8,8,TTACTTGGGAATATTGTAAC,0,3226273
recNp,0.1111111111111111,8,8,TTACGCGGGCAGATTTATCC,0,3219083
recNp,0.1111111111111111,8,8,TTACAGCGCTCAGTTCGGCT,0,3233128
recNp,0.1111111111111111,8,8,TTAAGACAATACGTCCGGGT,0,3220521
recNp,0.1111111111111111,8,8,TTAACTCTTGGGCTGACCAT,0,3236879
recNp,0.1111111111111111,8,8,TGTTTTATGGACCTGCGAAC,0,3235308
recNp,0.1111111111111111,8,8,TGTGGTGGTTAGACGCTCAC,0,3244556
recNp,0.1111111111111111,8,8,TGTCGAACGTATTTGCCTGT,0,3229355
recNp,0.1111111111111111,8,8,TGTCAGTCATGACTTGACGC,0,3231451
recNp,0.1111111111111111,8,8,TGTCACCCTATTCGCGAACA,0,3245539
recNp,0.1111111111111111,8,8,TGGTGTAATTGGTACATTAA,0,3238817
recNp,0.1111111111111111,8,8,TGGTGCCTCTACGAAATTTT,0,3232065
recNp,0.1111111111111111,8,8,TGGTCGCCCTAAGCAGTGCA,0,3242662
recNp,0.1111111111111111,8,8,TGGGGCCTCTTTCACAGTGA,0,3221538
recNp,0.1111111111111111,8,8,TGGGGAGCAATCCAGAGCGG,0,3241766
recNp,0.1111111111111111,8,8,TGGGCTGCACTACAGTAATG,0,3246384
recNp,0.1111111111111111,8,8,TGCTTGCTAATGAACGCATC,0,3228320
recNp,0.1111111111111111,8,8,TGCGGCGACGCCTTCGCGCT,0,3244853
recNp,0.1111111111111111,8,8,TGCCGTTGCAACGATCGCCT,0,3238158
recNp,0.1111111111111111,8,8,TGCAGGAGCATCCACTGAAT,0,3243013
recNp,0.1111111111111111,8,8,TGCAATAGTAAAGGACTTGA,0,3234839
recNp,0.1111111111111111,8,8,TGATGGATCGGCACTCTAGG,0,3217383
recNp,0.1111111111111111,8,8,TGAGACGTTTGATTACGATC,0,3228399
recNp,0.1111111111111111,8,8,TGACGAGTCGTCACGGATTC,0,3248927
recNp,0.1111111111111111,8,8,TGAATGGCTTGCCAGAGCCA,0,3231030
recNp,0.1111111111111111,8,8,TGAATCCGCCTTACGCATGC,0,3218156
recNp,0.1111111111111111,8,8,TGAATAGATGGCGCGTAGCT,0,3225323
recNp,0.1111111111111111,8,8,TGAACCGCATCAACTCAAGT,0,3246975
recNp,0.1111111111111111,8,8,TCTTTATGCGCGATCAAAAA,0,3234628
recNp,0.1111111111111111,8,8,TCTCGACGCCGGATACTTTT,0,3225069
recNp,0.1111111111111111,8,8,TCTAATGCAAACCTACATGG,0,3244870
recNp,0.1111111111111111,8,8,TCGTGTGAAGTATTAAGATA,0,3219769
recNp,0.1111111111111111,8,8,TCGTAGAGAAAAGACTTACT,0,3247054
recNp,0.1111111111111111,8,8,TCGGTGTGGCGAGTCCGGTG,0,3237668
recNp,0.1111111111111111,8,8,TCGGCTTTGATGCCAGGCGA,0,3240920
recNp,0.1111111111111111,8,8,TCGGAGTTTCAAACATAATG,0,3221082
recNp,0.1111111111111111,8,8,TCGGAAGCCGAGATATTGTA,0,3238596
recNp,0.1111111111111111,8,8,TCGCTCGAACGATGCACGCC,0,3243017
recNp,0.1111111111111111,8,8,TCCTTGAATCCGTATTAAAG,0,3221312
recNp,0.1111111111111111,8,8,TCCTGGGCGTGTTGGTCCTG,0,3254229
recNp,0.1111111111111111,8,8,TCCTGGAACGACCGGAAGCC,0,3217196
recNp,0.1111111111111111,8,8,TCCTGATAAAGAGCCCACCC,0,3222696
recNp,0.1111111111111111,8,8,TCCTCAGTTGGTCCTGGTCG,0,3232119
recNp,0.1111111111111111,8,8,TCCGTGTTTTCCCTCGGCCA,0,3254123
recNp,0.1111111111111111,8,8,TCCATAGATTGCTATTCATA,0,3248167
recNp,0.1111111111111111,8,8,TCATGAATCAATAATCGGAG,0,3250026
recNp,0.1111111111111111,8,8,TCAGCTCTCGTTGGGTCTTC,0,3228184
recNp,0.1111111111111111,8,8,TCAGAGCTCGACTCGGAGGT,0,3221725
recNp,0.1111111111111111,8,8,TCAATACAGCGCCGGGGTAG,0,3223829
recNp,0.1111111111111111,8,8,TCAAGTGAGGAGTTTCCCGT,0,3224767
recNp,0.1111111111111111,8,8,TATTTACAGCTTCTCTACCA,0,3229426
recNp,0.1111111111111111,8,8,TATTAGTTTCCACGCACCGG,0,3232023
recNp,0.1111111111111111,8,8,TATGGGAAAAACGCCATTGT,0,3218518
recNp,0.1111111111111111,8,8,TATGATCCACTTCGACTGCT,0,3229129
recNp,0.1111111111111111,8,8,TATATATTTGGCGAAGGAGC,0,3228471
recNp,0.1111111111111111,8,8,TAGGTCTCGCCCACAAACGA,0,3219340
recNp,0.1111111111111111,8,8,TAGGTACTGGATGAGGGCCA,0,3232684
recNp,0.1111111111111111,8,8,TAGGGTTAGTTCTAGTCACT,0,3231165
recNp,0.1111111111111111,8,8,TAGCTCGTTATACAAAGAAA,0,3237918
recNp,0.1111111111111111,8,8,TAGAGTAGTCAAATGAAGGA,0,3222967
recNp,0.1111111111111111,8,8,TACTTTTGTCTCTAAATGAG,0,3223242
recNp,0.1111111111111111,8,8,TACGTTTACAACTCTTTATT,0,3252940
recNp,0.1111111111111111,8,8,TACGGGGCGCATAAGACTTT,0,3222041
recNp,0.1111111111111111,8,8,TAATTATCGAAGCATTTGAC,0,3240279
recNp,0.1111111111111111,8,8,TAATGCAGTCCTATATAGTA,0,3247070
recNp,0.1111111111111111,8,8,TAAGTTAGGGGCTGAAGGCG,0,3238211
recNp,0.1111111111111111,8,8,TAAGTATTGCACCGTAATGC,0,3251358
recNp,0.1111111111111111,8,8,TAAGGATTAACTGTAATGGA,0,3250915
recNp,0.1111111111111111,8,8,TAAGCATCAAGTCAACTTCG,0,3248223
recNp,0.1111111111111111,8,8,TAAGAGGAAAGCCCAATCAA,0,3242455
recNp,0.1111111111111111,8,8,TAAATTCTCAGAATCGCCCA,0,3250143
recNp,0.1111111111111111,8,8,TAAAGAGCAAGGCCTGCGGG,0,3219681
recNp,0.1111111111111111,8,8,TAAAGAAAGGAGTCAGTAGT,0,3217222
recNp,0.1111111111111111,8,8,TAAAACTCTTGTTCTTTAGT,0,3238266
recNp,0.1111111111111111,8,8,GTTGCCATACGTTGGCTTCA,0,3217601
recNp,0.1111111111111111,8,8,GTTCGGCTCAGGAGGTCGTT,0,3221770
recNp,0.1111111111111111,8,8,GTTCACGCCACATTCGCCCT,0,3238794
recNp,0.1111111111111111,8,8,GTTACGCCTTGTCCGCGAAA,0,3249346
recNp,0.1111111111111111,8,8,GTTAAATTAATTGTATAAAA,0,3228096
recNp,0.1111111111111111,8,8,GTGTCGGGAGGACCGGACAC,0,3253807
recNp,0.1111111111111111,8,8,GTGGTGAACATATATCATAG,0,3222959
recNp,0.1111111111111111,8,8,GTGGGGAAGGGGCTCTTCAT,0,3245859
recNp,0.1111111111111111,8,8,GTGAGCATGGGGATCGGCTA,0,3245721
recNp,0.1111111111111111,8,8,GTGAACGGCGGATGCAAGCT,0,3245980
recNp,0.1111111111111111,8,8,GTCTGAGCGTCGGGCAAGGA,0,3248618
recNp,0.1111111111111111,8,8,GTCTATCTATGGTGTGCAAG,0,3251834
recNp,0.1111111111111111,8,8,GTCGTCGCGCTGATCCCATG,0,3238100
recNp,0.1111111111111111,8,8,GTCGCACGATGTCACTTTTG,0,3241955
recNp,0.1111111111111111,8,8,GTCCTCGCCCGGAGGGCCGT,0,3244071
recNp,0.1111111111111111,8,8,GTCCGTGGTTTAGGACCTCA,0,3235740
recNp,0.1111111111111111,8,8,GTCCGCTCTGCAAGTCTTGA,0,3227047
recNp,0.1111111111111111,8,8,GTCCGCACCGGGCCAAGCGT,0,3242283
recNp,0.1111111111111111,8,8,GTCCAACGATGAGGCACCCC,0,3244149
recNp,0.1111111111111111,8,8,GTCAACTTATGCGGCCGCAT,0,3231646
recNp,0.1111111111111111,8,8,GTATTTGGGTCTCGGCGATT,0,3242695
recNp,0.1111111111111111,8,8,GTATTACATGCATTTCATCA,0,3229874
recNp,0.1111111111111111,8,8,GTAGTCCCGGGTATTCGTTC,0,3239488
recNp,0.1111111111111111,8,8,GTAGTATCTGCTTCGAATTC,0,3241274
recNp,0.1111111111111111,8,8,GTAGCTCCCGCTGCGATCTA,0,3218018
recNp,0.1111111111111111,8,8,GTAGACGACGGGCATAGGAA,0,3218123
recNp,0.1111111111111111,8,8,GTAACTCGGCAGCCACCCCA,0,3234378
recNp,0.1111111111111111,8,8,GTAACGACGATAAAAGCAAA,0,3232518
recNp,0.1111111111111111,8,8,GTAACCCCGCGGGCGCCCGA,0,3250852
recNp,0.1111111111111111,8,8,GTAAACGACGAATTGCACGA,0,3218747
recNp,0.1111111111111111,8,8,GGTAAGGCTCTTAAAAGTTT,0,3236705
recNp,0.1111111111111111,8,8,GGTAACGGGGGTCTCCCACG,0,3254671
recNp,0.1111111111111111,8,8,GGGTTTGCAAGTTTGTACAC,0,3243683
recNp,0.1111111111111111,8,8,GGGTCAATCAAGTATTCGTT,0,3243458
recNp,0.1111111111111111,8,8,GGGTAGGACATTCTAAGTTA,0,3253934
recNp,0.1111111111111111,8,8,GGGGTTGGCCATAACTAGGG,0,3232117
recNp,0.1111111111111111,8,8,GGGGGAGTACGTCTGTCGTC,0,3239905
recNp,0.1111111111111111,8,8,GGGCTTTTGTGCCATACGGT,0,3234651
recNp,0.1111111111111111,8,8,GGGCCTGACGCCAGACAATT,0,3239405
recNp,0.1111111111111111,8,8,GGGATCATTGGAGGTTGCCA,0,3230479
recNp,0.1111111111111111,8,8,GGGACGCCGTGGACTATGCA,0,3243118
recNp,0.1111111111111111,8,8,GGGACACTAGACGGTCCACA,0,3219053
recNp,0.1111111111111111,8,8,GGGAACTTGCTTCGATGTAC,0,3240077
recNp,0.1111111111111111,8,8,GGCTCTACCTCGACAGATTT,0,3237572
recNp,0.1111111111111111,8,8,GGCTAGTGTTCCACAACATA,0,3226411
recNp,0.1111111111111111,8,8,GGCTAGCCGTTTCTCAGATT,0,3232768
recNp,0.1111111111111111,8,8,GGCTACGGTCAGCTTTTAAC,0,3230658
recNp,0.1111111111111111,8,8,GGCTAACTACGACAGGACGG,0,3236055
recNp,0.1111111111111111,8,8,GGCGCGTACGTTAGTTCAGC,0,3236146
recNp,0.1111111111111111,8,8,GGCCGGCATTCTTTCCAGTG,0,3242057
recNp,0.1111111111111111,8,8,GGCCCTTCTCATAAGATATT,0,3235886
recNp,0.1111111111111111,8,8,GGCATCTTACGAGTACTCTA,0,3226040
recNp,0.1111111111111111,8,8,GGCAGGTCGAGCGCGTGGGA,0,3246393
recNp,0.1111111111111111,8,8,GGATTTGTGATGATCCCCAG,0,3228282
recNp,0.1111111111111111,8,8,GGATTGCACTCGCGCTTTGT,0,3251970
recNp,0.1111111111111111,8,8,GGATGCTATCTTCACATATA,0,3252533
recNp,0.1111111111111111,8,8,GGAGTTGTAGTTCATTGAGA,0,3241586
recNp,0.1111111111111111,8,8,GGAGCGAAAGAGTTTAGTAC,0,3228223
recNp,0.1111111111111111,8,8,GGAGACCATACTGCATTACG,0,3231792
recNp,0.1111111111111111,8,8,GGACCTCTATCTACCCCCAG,0,3245388
recNp,0.1111111111111111,8,8,GGACCCTCGATTCCGAGTAT,0,3233283
recNp,0.1111111111111111,8,8,GGAACGTAGACCGGCCCCTA,0,3241271
recNp,0.1111111111111111,8,8,GGAAAAGTAGGGACCCTTGA,0,3221234
recNp,0.1111111111111111,8,8,GGAAAACTACGTAAGTGTTA,0,3222316
recNp,0.1111111111111111,8,8,GCTGGTCAAGGCAATAGTGG,0,3245118
recNp,0.1111111111111111,8,8,GCTGCCCTTGAGGCAACGGG,0,3245144
recNp,0.1111111111111111,8,8,GCTGCCAACATCATTAATTG,0,3220628
recNp,0.1111111111111111,8,8,GCTGCATCACCCGAAACAAC,0,3249325
recNp,0.1111111111111111,8,8,GCTGACCCTTGGCTTTCACT,0,3220233
recNp,0.1111111111111111,8,8,GCTATCCGACGTATAAGTCA,0,3230375
recNp,0.1111111111111111,8,8,GCTAAGAACATGTCCGGAGT,0,3219439
recNp,0.1111111111111111,8,8,GCGTAGTCCGAAGTCCATCA,0,3255057
recNp,0.1111111111111111,8,8,GCGTACTGAGTATTCGTCGA,0,3218406
recNp,0.1111111111111111,8,8,GCGTAATGATATTATTGCTG,0,3235065
recNp,0.1111111111111111,8,8,GCGGGCCGGACTACTCCATA,0,3219671
recNp,0.1111111111111111,8,8,GCGGCCTCTGATCGGTCAAA,0,3218508
recNp,0.1111111111111111,8,8,GCGCTTGCAATCGATCTATT,0,3240580
recNp,0.1111111111111111,8,8,GCGCGTGGACCATCAATTTC,0,3250180
recNp,0.1111111111111111,8,8,GCGCGCGGAGATGTCGTCAG,0,3235024
recNp,0.1111111111111111,8,8,GCGAGGTGCCGTCGGTAGTG,0,3216446
recNp,0.1111111111111111,8,8,GCGACCTCCGTTAGCCTCGT,0,3229147
recNp,0.1111111111111111,8,8,GCCGTGGTTTGCAATAAAAG,0,3226649
recNp,0.1111111111111111,8,8,GCCGGATAGTAATTGTTTTG,0,3222932
recNp,0.1111111111111111,8,8,GCCGAGACGATGTTGACGTT,0,3232570
recNp,0.1111111111111111,8,8,GCATGACAGAACGCCTGATC,0,3253000
recNp,0.1111111111111111,8,8,GCATCGAACCTTAAGCCGGA,0,3236472
recNp,0.1111111111111111,8,8,GCATAGGGATATACGGGAGC,0,3238052
recNp,0.1111111111111111,8,8,GCATAGCGCGGATATCAGAG,0,3223904
recNp,0.1111111111111111,8,8,GCAGTAAAAATCAGCTATGA,0,3216370
recNp,0.1111111111111111,8,8,GCAATTTAAGATGCGCACGA,0,3245974
recNp,0.1111111111111111,8,8,GCAAGGATGCGTAATCCCGG,0,3239549
recNp,0.1111111111111111,8,8,GATTGTTGAATGACTGGCGC,0,3237944
recNp,0.1111111111111111,8,8,GATGCGGGCCACTCGGAGTC,0,3233676
recNp,0.1111111111111111,8,8,GATCGCCGTACGGCGATATC,0,3236328
recNp,0.1111111111111111,8,8,GATCCGGGTAATGAAGTTAG,0,3224852
recNp,0.1111111111111111,8,8,GAGTTTTTTGCTAGACTCAT,0,3226370
recNp,0.1111111111111111,8,8,GAGTTGCTAAGCTATCTCTA,0,3232757
recNp,0.1111111111111111,8,8,GAGTCCCAACTGCCGATGAG,0,3225039
recNp,0.1111111111111111,8,8,GAGGTAGGTTTACTGCAACT,0,3234621
recNp,0.1111111111111111,8,8,GAGGCTTAAGTTTGACTTGC,0,3246432
recNp,0.1111111111111111,8,8,GAGAGGCCCAGCAGAAATTT,0,3247719
recNp,0.1111111111111111,8,8,GAGACGAAGGGAGATTGCCT,0,3246481
recNp,0.1111111111111111,8,8,GACTTGTGCGCGCCTTCAGA,0,3225139
recNp,0.1111111111111111,8,8,GACTGGATAACAGCTCATGT,0,3226815
recNp,0.1111111111111111,8,8,GACGGCGCTGCCGTAAATCG,0,3236019
recNp,0.1111111111111111,8,8,GACGGCAGTAGGCCTGTGAC,0,3231797
recNp,0.1111111111111111,8,8,GACCCACAAGGGATGACCGC,0,3217542
recNp,0.1111111111111111,8,8,GACCATTGAGATGCCGCTAT,0,3232115
recNp,0.1111111111111111,8,8,GACATCATGCTTCACAGGGC,0,3228528
recNp,0.1111111111111111,8,8,GAATGCCATCATACCGCCTT,0,3248720
recNp,0.1111111111111111,8,8,GAAGTCCATGGGTATCCTCC,0,3226806
recNp,0.1111111111111111,8,8,GAACTAGAGGCACTATAGTC,0,3220651
recNp,0.1111111111111111,8,8,GAACCCTGTCGCGGGGGGGT,0,3239651
recNp,0.1111111111111111,8,8,GAAACAATATGGTTGCCAAT,0,3224161
recNp,0.1111111111111111,8,8,CTTGAGTTCATCTCAACGGA,0,3249100
recNp,0.1111111111111111,8,8,CTTCACCTATCCGAAGTCCC,0,3218173
recNp,0.1111111111111111,8,8,CTTAGTGGCACCGCGAATGC,0,3242152
recNp,0.1111111111111111,8,8,CTTAGCGAATCAGGAATGGT,0,3242836
recNp,0.1111111111111111,8,8,CTGGTAACGCCAGGGGACAC,0,3245227
recNp,0.1111111111111111,8,8,CTGGGAAAAGGGGACGTGAA,0,3234840
recNp,0.1111111111111111,8,8,CTGGCACGGGGGCTCATCGC,0,3241224
recNp,0.1111111111111111,8,8,CTGCATTGTCCAGATGGCGA,0,3253482
recNp,0.1111111111111111,8,8,CTGCACATGACTCAACCGCA,0,3244808
recNp,0.1111111111111111,8,8,CTGATCGGCGGGTGGAGTAG,0,3234318
recNp,0.1111111111111111,8,8,CTCTCCGATGTTGACTTGGG,0,3235880
recNp,0.1111111111111111,8,8,CTCTACTTCCCGGTTTGGAG,0,3230523
recNp,0.1111111111111111,8,8,CTCGTTGTCAGACAACCGAT,0,3248069
recNp,0.1111111111111111,8,8,CTCGCCGATGGAAGCTGTGG,0,3221778
recNp,0.1111111111111111,8,8,CTCCGTGGTCCGCGTCGCCA,0,3245145
recNp,0.1111111111111111,8,8,CTCCGCAATCATTAATGTGC,0,3238576
recNp,0.1111111111111111,8,8,CTCCCCTGCAATTCAGCGAA,0,3223055
recNp,0.1111111111111111,8,8,CTCCAGAGGACTAACATAGG,0,3220394
recNp,0.1111111111111111,8,8,CTCACAGTAATTATGGGTCA,0,3234855
recNp,0.1111111111111111,8,8,CTATATCGATTCTTTTAAAA,0,3241883
recNp,0.1111111111111111,8,8,CTAGTTAGTGTCTTCTGCTC,0,3235217
recNp,0.1111111111111111,8,8,CTACGGTACAGGTCCGCCCT,0,3252658
recNp,0.1111111111111111,8,8,CTAATTCGAGGTTTGTCTTT,0,3230913
recNp,0.1111111111111111,8,8,CGTTGATGTGGGTACCGACG,0,3239557
recNp,0.1111111111111111,8,8,CGTTCTTGGCATCACCCCTT,0,3253957
recNp,0.1111111111111111,8,8,CGTTATAAGACAATCCGCGG,0,3251883
recNp,0.1111111111111111,8,8,CGTTAATTGGCGAGCCAGTG,0,3237334
recNp,0.1111111111111111,8,8,CGTTAAGCATGTCTAACGAA,0,3244501
recNp,0.1111111111111111,8,8,CGTCCCACCGGTTCGGGGAC,0,3250116
recNp,0.1111111111111111,8,8,CGTCAGAATCGCCAGGAGCA,0,3249960
recNp,0.1111111111111111,8,8,CGGTTTCAGCGTCGGTTGGA,0,3219665
recNp,0.1111111111111111,8,8,CGGGCTGGAAGACGGTCATT,0,3245152
recNp,0.1111111111111111,8,8,CGGGCTGAGGTATAGGGGGT,0,3238291
recNp,0.1111111111111111,8,8,CGGGCCTCGCCGCGTGAGAA,0,3233309
recNp,0.1111111111111111,8,8,CGGGAGTTGCTTGTCCAGAC,0,3233767
recNp,0.1111111111111111,8,8,CGGCCCGATCTACTGGTGGT,0,3251835
recNp,0.1111111111111111,8,8,CGGCCAAGGGTTCTGTCTGG,0,3227759
recNp,0.1111111111111111,8,8,CGGCAGTGATCGAGGGCTTT,0,3246430
recNp,0.1111111111111111,8,8,CGGAGGGCTCGCAATACCGT,0,3243068
recNp,0.1111111111111111,8,8,CGGACGTTAAGTTTATTGCG,0,3229342
recNp,0.1111111111111111,8,8,CGCTGGCCGTCCTCTCAGCT,0,3240773
recNp,0.1111111111111111,8,8,CGCTGGAGGCGGTTGGTGGT,0,3231254
recNp,0.1111111111111111,8,8,CGCTACCGCACCACGGTGCA,0,3249959
recNp,0.1111111111111111,8,8,CGCGTCGAGTCTACCATGTC,0,3244673
recNp,0.1111111111111111,8,8,CGCGGAATTCACGATTCACG,0,3225151
recNp,0.1111111111111111,8,8,CGCCGTCAATAATGTGTAGT,0,3226445
recNp,0.1111111111111111,8,8,CGCCCTTTGGGCCTTATCAG,0,3230749
recNp,0.1111111111111111,8,8,CGCATACGTGCGTACGTGGT,0,3227206
recNp,0.1111111111111111,8,8,CGATACCGGTTTTCCTCGCG,0,3233445
recNp,0.1111111111111111,8,8,CGAGTGCTGAATCGATAGGG,0,3245900
recNp,0.1111111111111111,8,8,CGAGCTGAGCTAGATTCATG,0,3239897
recNp,0.1111111111111111,8,8,CGAGCAGTCACAGCCCTTAC,0,3217374
recNp,0.1111111111111111,8,8,CGAGATTTTCGTCTGTTAGT,0,3237989
recNp,0.1111111111111111,8,8,CGACTGCACGTAGGTGAAGA,0,3226161
recNp,0.1111111111111111,8,8,CGACTAATAGGTGGCATGAG,0,3218735
recNp,0.1111111111111111,8,8,CGACCTGGCATCCATTCCTT,0,3226490
recNp,0.1111111111111111,8,8,CGAAAGTCACAAAGACTAAT,0,3240856
recNp,0.1111111111111111,8,8,CCTTGACCCTTCCCCCCGGT,0,3242873
recNp,0.1111111111111111,8,8,CCTGAACACCTACTGCGACC,0,3225665
recNp,0.1111111111111111,8,8,CCTCTATGACCTGCCGCGTG,0,3217992
recNp,0.1111111111111111,8,8,CCTCACTGGCTTCGGCTGAA,0,3238163
recNp,0.1111111111111111,8,8,CCTCACGATCAACAGGGTTT,0,3231848
recNp,0.1111111111111111,8,8,CCTCACCGTCTTTTGGCCCT,0,3220157
recNp,0.1111111111111111,8,8,CCTATTCATACGAGGATCTT,0,3254837
recNp,0.1111111111111111,8,8,CCTAAGAGCAAAAGAGTACC,0,3240889
recNp,0.1111111111111111,8,8,CCGTCCGGTATTCAAAAGTG,0,3217466
recNp,0.1111111111111111,8,8,CCGGCTAACACGCATGGTTT,0,3252458
recNp,0.1111111111111111,8,8,CCGCGAATACAGCCACCACG,0,3228137
recNp,0.1111111111111111,8,8,CCGCCAACCTTCCCTATTGA,0,3227626
recNp,0.1111111111111111,8,8,CCGATGCACGAAGATCCTAT,0,3230872
recNp,0.1111111111111111,8,8,CCGAAACCGACACACCAGCA,0,3243101
recNp,0.1111111111111111,8,8,CCCTTGTACGCCTTGGCGGT,0,3225248
recNp,0.1111111111111111,8,8,CCCTAAAGTCCGTTACGGCT,0,3233651
recNp,0.1111111111111111,8,8,CCCGCACCTATTTGGGTTAT,0,3250189
recNp,0.1111111111111111,8,8,CCCCTGGCTGACTCTGGAGA,0,3237064
recNp,0.1111111111111111,8,8,CCCCCGTGGCCCCACTCCCA,0,3229549
recNp,0.1111111111111111,8,8,CCCCCCCAGCCTTGCATCAA,0,3231016
recNp,0.1111111111111111,8,8,CCCCCAGATATAAGTCCTCG,0,3237997
recNp,0.1111111111111111,8,8,CCCATTGTACTATATCCAAG,0,3222882
recNp,0.1111111111111111,8,8,CCCATCCTCAACCTCCTAGC,0,3229388
recNp,0.1111111111111111,8,8,CCCACGTTAGCCCTGGCCTG,0,3250560
recNp,0.1111111111111111,8,8,CCATCTGCTGGCTTTCGGGT,0,3252379
recNp,0.1111111111111111,8,8,CCATCCCCGGAGGCGTTATC,0,3253370
recNp,0.1111111111111111,8,8,CCATCAGTACTTATGAAACC,0,3249054
recNp,0.1111111111111111,8,8,CCAGCCGCGCCATGGGCACC,0,3217827
recNp,0.1111111111111111,8,8,CCAGATTCAATGAGAAGTCG,0,3238734
recNp,0.1111111111111111,8,8,CCAATTTAAGCTGCATTATC,0,3230211
recNp,0.1111111111111111,8,8,CCAAGACCAGATAGACGATG,0,3227843
recNp,0.1111111111111111,8,8,CCAACTTCCAGAGGTCATGG,0,3240626
recNp,0.1111111111111111,8,8,CATTTATGAATGCCATTTTA,0,3217725
recNp,0.1111111111111111,8,8,CATTGGTTGCAATCCCGCTT,0,3230665
recNp,0.1111111111111111,8,8,CATGTTGATCGTGCGGTCGC,0,3222129
recNp,0.1111111111111111,8,8,CATCCCAGATACCACTCCTG,0,3241067
recNp,0.1111111111111111,8,8,CATATGGATGGTGGGTAAGG,0,3222311
recNp,0.1111111111111111,8,8,CATACTCACCTATTCGTTCT,0,3231933
recNp,0.1111111111111111,8,8,CAGTCACGCTCGACGCTAAG,0,3224193
recNp,0.1111111111111111,8,8,CAGGCGTGGTTCTGGATAGG,0,3227299
recNp,0.1111111111111111,8,8,CAGCTCCCTTGCATCGGAGT,0,3254520
recNp,0.1111111111111111,8,8,CAGCCGGGCTGTTAGACTCT,0,3239831
recNp,0.1111111111111111,8,8,CAGCACACACAGACGATGTA,0,3238352
recNp,0.1111111111111111,8,8,CAGCAACGTGTTATCGGACA,0,3238831
recNp,0.1111111111111111,8,8,CAGATTTGTGCAACCATAGT,0,3236101
recNp,0.1111111111111111,8,8,CAGATTCATATCCCGACGGT,0,3244467
recNp,0.1111111111111111,8,8,CAGATACGGATGGGTCAGGA,0,3221537
recNp,0.1111111111111111,8,8,CAGAGCAAGGTGATCGGATA,0,3217150
recNp,0.1111111111111111,8,8,CAGAAAACCAACGTCAGAAA,0,3249203
recNp,0.1111111111111111,8,8,CACGGTTTAAAGTCGCCTCT,0,3231809
recNp,0.1111111111111111,8,8,CACGGTTAGACATTAGCCCT,0,3220494
recNp,0.1111111111111111,8,8,CACGCTCAAGACATTGTCTT,0,3219150
recNp,0.1111111111111111,8,8,CACCTTATCTGGGGAAGCCA,0,3223746
recNp,0.1111111111111111,8,8,CACACAGTCAATTATACAGG,0,3228385
recNp,0.1111111111111111,8,8,CAATGGTATACGGGACCCCC,0,3230522
recNp,0.1111111111111111,8,8,CAATGGAAGATAGATGATAA,0,3231905
recNp,0.1111111111111111,8,8,CAAGTCGGTTAATGCGTAAG,0,3237313
recNp,0.1111111111111111,8,8,CAACACATGTAAGGATGTAC,0,3246447
recNp,0.1111111111111111,8,8,CAAATAGGAGGACGAGTGTG,0,3232124
recNp,0.1111111111111111,8,8,CAAAATAAATCAAAGGCGTA,0,3228169
recNp,0.1111111111111111,8,8,ATTTGACCGACACTATCTGC,0,3233220
recNp,0.1111111111111111,8,8,ATTTCGAGGTGTGGACTGAT,0,3232865
recNp,0.1111111111111111,8,8,ATTGTTTTAAGAGGAGTCAT,0,3223384
recNp,0.1111111111111111,8,8,ATTGAACGAAACCGCTAAAA,0,3248119
recNp,0.1111111111111111,8,8,ATTCGTCAGCATTGTATGGG,0,3221863
recNp,0.1111111111111111,8,8,ATTCAGGAGCTAAATTTTCA,0,3222989
recNp,0.1111111111111111,8,8,ATGTTCCAGGAAAGTTTGAC,0,3218929
recNp,0.1111111111111111,8,8,ATGTGCGAAACGTGGCGGCT,0,3250213
recNp,0.1111111111111111,8,8,ATGTCGCTAGTATTAGCCCG,0,3216400
recNp,0.1111111111111111,8,8,ATGTCGAGGCGGTCACTGCC,0,3235626
recNp,0.1111111111111111,8,8,ATGGTTCCAGGAGGATAATG,0,3235704
recNp,0.1111111111111111,8,8,ATGGTGACCGCGTTGTATCT,0,3220422
recNp,0.1111111111111111,8,8,ATGGCTTTGGTGTAAACAAA,0,3238407
recNp,0.1111111111111111,8,8,ATGCTTTCTTACACCGTCAT,0,3240411
recNp,0.1111111111111111,8,8,ATGCTAAGGCCGTGTTCCTC,0,3220336
recNp,0.1111111111111111,8,8,ATGCATAGTTCGCTGAGTGT,0,3234465
recNp,0.1111111111111111,8,8,ATGATTTAAGTCGGTGCGCG,0,3252993
recNp,0.1111111111111111,8,8,ATGATTGTCCACACATCGCG,0,3246881
recNp,0.1111111111111111,8,8,ATGAACGTTGTACCGATCCA,0,3238569
recNp,0.1111111111111111,8,8,ATCTCCGGCAGGAATCTAAC,0,3252064
recNp,0.1111111111111111,8,8,ATCTCATGACCGTGTATTCC,0,3217695
recNp,0.1111111111111111,8,8,ATCTACATGTGGTCCTGACT,0,3245963
recNp,0.1111111111111111,8,8,ATCTAATTCTTGTACGCTGA,0,3247555
recNp,0.1111111111111111,8,8,ATCGTCTGTCCGGAGTCATA,0,3253417
recNp,0.1111111111111111,8,8,ATCGGCTCCAGGCCAAAGCG,0,3241467
recNp,0.1111111111111111,8,8,ATCCGGAGAGTATAAAAGTT,0,3241840
recNp,0.1111111111111111,8,8,ATATCCTATAGCTTGTTAGG,0,3226447
recNp,0.1111111111111111,8,8,ATATAGACAATAGAAAATGC,0,3234373
recNp,0.1111111111111111,8,8,ATAGTTGTCCAATGTGAACG,0,3243953
recNp,0.1111111111111111,8,8,ATAGCCGCTGGCTAGCAGGG,0,3222070
recNp,0.1111111111111111,8,8,ATAGCACCTGTTCGTCCAGT,0,3219971
recNp,0.1111111111111111,8,8,ATACTTTGGGCCACCAAGTA,0,3241996
recNp,0.1111111111111111,8,8,ATAAGGAAGATGGCGGCGAC,0,3240779
recNp,0.1111111111111111,8,8,ATAAGACGCGGAAATATTCA,0,3240955
recNp,0.1111111111111111,8,8,ATAACGCTCGGTCTCCCTGT,0,3229915
recNp,0.1111111111111111,8,8,AGTTTACGCGACTACACGGC,0,3235027
recNp,0.1111111111111111,8,8,AGTCTTGGAGGGCCGCGTGA,0,3241768
recNp,0.1111111111111111,8,8,AGTCTCAGATTGATATACAC,0,3255384
recNp,0.1111111111111111,8,8,AGTCGTGGCCGGTCTGGTAG,0,3218952
recNp,0.1111111111111111,8,8,AGTCACTTCTTTCCTGGCAG,0,3242665
recNp,0.1111111111111111,8,8,AGTATGTATTACTGTCTCCA,0,3251002
recNp,0.1111111111111111,8,8,AGTAGAATAGCTTTGAGTAA,0,3241327
recNp,0.1111111111111111,8,8,AGTAAATGAAAACGCGATGC,0,3235737
recNp,0.1111111111111111,8,8,AGGTTGAGTTGAAGCACGCT,0,3225312
recNp,0.1111111111111111,8,8,AGGTTATGGCAATATGACGT,0,3227770
recNp,0.1111111111111111,8,8,AGGGGTTCACCGAACACCAG,0,3226728
recNp,0.1111111111111111,8,8,AGGGGCGCGCTAGCTTGGTG,0,3243169
recNp,0.1111111111111111,8,8,AGGGGACTCTTTTTGCTGCA,0,3237235
recNp,0.1111111111111111,8,8,AGGCCTCGCCTTCTGACCGG,0,3221205
recNp,0.1111111111111111,8,8,AGGCATTGAATAGTCCTTGC,0,3231260
recNp,0.1111111111111111,8,8,AGGAGGGCCGGACATGGTAA,0,3239932
recNp,0.1111111111111111,8,8,AGGAATCGTTACTCTGAGAT,0,3255497
recNp,0.1111111111111111,8,8,AGGAATCGCTTTGGCTGCAG,0,3228708
recNp,0.1111111111111111,8,8,AGCTCAGAAAACTCCAAATT,0,3244990
recNp,0.1111111111111111,8,8,AGCTATAGCCCGTACCGCAG,0,3230222
recNp,0.1111111111111111,8,8,AGCGACGTTGACTCGATCCA,0,3228754
recNp,0.1111111111111111,8,8,AGCCTCAACGTCAGGTTTGG,0,3219206
recNp,0.1111111111111111,8,8,AGCAAAGTCTCATGGAGGGT,0,3248215
recNp,0.1111111111111111,8,8,AGCAAAATCAGTATATGTCG,0,3218609
recNp,0.1111111111111111,8,8,AGATTAACAATTTTTCATTA,0,3250104
recNp,0.1111111111111111,8,8,AGATGTCGCTTCGCTACAAA,0,3217078
recNp,0.1111111111111111,8,8,AGATGCGACTCGTTAGATCG,0,3224388
recNp,0.1111111111111111,8,8,AGATCGGGCTCATTCAGCTT,0,3219693
recNp,0.1111111111111111,8,8,AGAGGGACAATGTGGAAAGC,0,3226377
recNp,0.1111111111111111,8,8,AGAGCAAGTTAGAAGTCGCT,0,3240151
recNp,0.1111111111111111,8,8,AGAGAGCAGCAGATATCACC,0,3220655
recNp,0.1111111111111111,8,8,AGACGATCAACGAGAAAAGC,0,3231249
recNp,0.1111111111111111,8,8,AGACAGTCCCTTACTAAAAC,0,3241899
recNp,0.1111111111111111,8,8,AGACAAGCTTCATACCCTGG,0,3218982
recNp,0.1111111111111111,8,8,AGAATGTCAGTGGATCCCCG,0,3228139
recNp,0.1111111111111111,8,8,AGAAGCGGTATGGGCACTAC,0,3229024
recNp,0.1111111111111111,8,8,ACTTTCGCCAATGCAAGCGT,0,3236888
recNp,0.1111111111111111,8,8,ACTGGATAAGTCCAAGATAA,0,3249253
recNp,0.1111111111111111,8,8,ACTACTGCATTTGGATTTTA,0,3254842
recNp,0.1111111111111111,8,8,ACTAACTTGAGGAGCGATCT,0,3226420
recNp,0.1111111111111111,8,8,ACGTCTATTGCTCCTCGACC,0,3235261
recNp,0.1111111111111111,8,8,ACGTCAAGTGCGAGATTTAT,0,3236774
recNp,0.1111111111111111,8,8,ACGGCGGGTGCGTCGTTTAC,0,3233893
recNp,0.1111111111111111,8,8,ACGCGGACACCAAGGTAAAT,0,3235366
recNp,0.1111111111111111,8,8,ACGCAAAAATGGCCGTACCT,0,3242690
recNp,0.1111111111111111,8,8,ACCTGTCGGAAATACTCGAC,0,3220384
recNp,0.1111111111111111,8,8,ACCTGGGTGTGTGAGTTCCG,0,3240267
recNp,0.1111111111111111,8,8,ACCTCCCTAGATTTGGGAGG,0,3241775
recNp,0.1111111111111111,8,8,ACCCTGCTGCCCGACTCCAT,0,3230499
recNp,0.1111111111111111,8,8,ACCATATGCCGAGCCTCTTA,0,3247019
recNp,0.1111111111111111,8,8,ACCAATTCAGTTAGCTAGTC,0,3240849
recNp,0.1111111111111111,8,8,ACACTGTGTAACAAGCGATG,0,3226632
recNp,0.1111111111111111,8,8,ACACCGTCATCTCAGCGGTA,0,3221733
recNp,0.1111111111111111,8,8,ACACCCGTAACGCTCCTTTA,0,3231543
recNp,0.1111111111111111,8,8,ACACATTTAAGACAGTCGGA,0,3228327
recNp,0.1111111111111111,8,8,AATTTTTTGGGCAATAAATT,0,3231162
recNp,0.1111111111111111,8,8,AATTCTCCCTGTTACGGGTT,0,3232542
recNp,0.1111111111111111,8,8,AATTCCTTATGGAAGCTAAC,0,3237674
recNp,0.1111111111111111,8,8,AATTACTCTTTGGTATTGTT,0,3230497
recNp,0.1111111111111111,8,8,AATGTATAATGAAGGTCTTA,0,3221401
recNp,0.1111111111111111,8,8,AATGGTAAGCACGCGGCATC,0,3229991
recNp,0.1111111111111111,8,8,AATGGCTAAATTTTGCACCA,0,3247145
recNp,0.1111111111111111,8,8,AATGCCTGAAGGTCTGAGTC,0,3235415
recNp,0.1111111111111111,8,8,AATCCTGCCCGAGGACGGCG,0,3228479
recNp,0.1111111111111111,8,8,AATATCTGGTGATTCTCCTA,0,3219619
recNp,0.1111111111111111,8,8,AATAGTCATTCGGCAGTTAT,0,3230668
recNp,0.1111111111111111,8,8,AATAGGGATAAGTGATGATT,0,3242050
recNp,0.1111111111111111,8,8,AATACGAACGCGGCCTCCGG,0,3223282
recNp,0.1111111111111111,8,8,AAGTCATTAGTGGTTCGGTT,0,3226817
recNp,0.1111111111111111,8,8,AAGTATTGCTGAAATGTCAT,0,3250847
recNp,0.1111111111111111,8,8,AAGGGTAATGCTGTCGGACA,0,3247843
recNp,0.1111111111111111,8,8,AAGGCCTCGCCGATCGACCG,0,3230262
recNp,0.1111111111111111,8,8,AAGGACTGCACTGCTCAAAG,0,3240930
recNp,0.1111111111111111,8,8,AAGAGAGCTCTGCGCATGTG,0,3226530
recNp,0.1111111111111111,8,8,AACTTGCGCCTCACAGTGTT,0,3241235
recNp,0.1111111111111111,8,8,AACGTGTGTGGCGGGAGTGT,0,3232892
recNp,0.1111111111111111,8,8,AACCGTTCATTTCCTTCGGA,0,3236103
recNp,0.1111111111111111,8,8,AACCCGGATGGCGACCACTC,0,3244841
recNp,0.1111111111111111,8,8,AACAGGCGGCTTTCCACTGT,0,3234372
recNp,0.1111111111111111,8,8,AAAGTAACGCGCACTCTAGT,0,3234788
recNp,0.1111111111111111,8,8,AAAGCTAGATCCCAGGGCCA,0,3242919
recNp,0.1111111111111111,8,8,AAAAAACCGCGGTTATTCCA,0,3242562
recNp,0.125,7,7,TTTTTGAACCGGTTCGTCCA,0,3238395
recNp,0.125,7,7,TTTTACTCGCGCATAACGTG,0,3225789
recNp,0.125,7,7,TTTGTACCGATTTAGGGGTC,0,3253735
recNp,0.125,7,7,TTTGGGACGGGTTGCACCTA,0,3238951
recNp,0.125,7,7,TTTGGCCATGGTGCCAAAAG,0,3247933
recNp,0.125,7,7,TTTGAGTTCTTAGGTAACTA,0,3248627
recNp,0.125,7,7,TTTCATGGGTTCCGATAATG,0,3241815
recNp,0.125,7,7,TTTCACATTAGAACCTCGAC,0,3241791
recNp,0.125,7,7,TTGTTGTGACTAGCGGAATG,0,3241294
recNp,0.125,7,7,TTGTCAAGGATGAAACGGTA,0,3223065
recNp,0.125,7,7,TTGTAAAATTCTCCATTCGC,0,3226752
recNp,0.125,7,7,TTGGGAGGTGGATATCCCTA,0,3219343
recNp,0.125,7,7,TTGGGACTTTCGCCCGGCCC,0,3250393
recNp,0.125,7,7,TTGGATTGAATGCAGATTGA,0,3241719
recNp,0.125,7,7,TTGGATTATACCTTCGCTTG,0,3224328
recNp,0.125,7,7,TTGCGCAAAGTTGCACCCCC,0,3218781
recNp,0.125,7,7,TTGCACGTCATGGTGGTGAA,0,3247925
recNp,0.125,7,7,TTGAAACGACTCCAGGGGTC,0,3248731
recNp,0.125,7,7,TTCTGGATAGTCGTAGCGTA,0,3244891
recNp,0.125,7,7,TTCGGTCTAGTCTGGCGCCA,0,3221780
recNp,0.125,7,7,TTCCAAAGTGCAGTGGGCCA,0,3238429
recNp,0.125,7,7,TTCAGTACATAGCCACTTTA,0,3235924
recNp,0.125,7,7,TTCACCCGGCCTTGCAATAC,0,3221311
recNp,0.125,7,7,TTATTAGGGCCGTTTCGACC,0,3225343
recNp,0.125,7,7,TTATCTGGCCGAGTAAGGGC,0,3243678
recNp,0.125,7,7,TTAGGAATGCGTTAGTATTT,0,3246244
recNp,0.125,7,7,TTAGCATAAGGCTTATTTTA,0,3216833
recNp,0.125,7,7,TTACGTACCTCTTAACCGGT,0,3226557
recNp,0.125,7,7,TTACGATGGAAAGCGCTAAT,0,3241823
recNp,0.125,7,7,TTACCTGACGCGTTCGCTTA,0,3216584
recNp,0.125,7,7,TTACCAGCTCTGGCTCTGAT,0,3217613
recNp,0.125,7,7,TTAAGGATTCAGCGCGGGTT,0,3237384
recNp,0.125,7,7,TTAACGTGCCCGGGCCGAAT,0,3230437
recNp,0.125,7,7,TGTTTATCAAACGCCTTGGG,0,3245460
recNp,0.125,7,7,TGTTGTTCGGGTGGTATCCA,0,3240004
recNp,0.125,7,7,TGTTGCTTCCAGGCCGCATA,0,3224365
recNp,0.125,7,7,TGTTGCTAGATACTATTGAA,0,3216250
recNp,0.125,7,7,TGTTATGGGAATAGGTGAAT,0,3223808
recNp,0.125,7,7,TGTCGGAACTGTGTGTCTCA,0,3252550
recNp,0.125,7,7,TGTCATCGCGTAAGTTGTTG,0,3254743
recNp,0.125,7,7,TGTCAAATAGAGCATGAAAA,0,3236377
recNp,0.125,7,7,TGTATGGTGTGTCGATGGTT,0,3231105
recNp,0.125,7,7,TGTACAATAGGAACTTCAGC,0,3222991
recNp,0.125,7,7,TGTAAACCCTAACCTGTGAT,0,3228950
recNp,0.125,7,7,TGGTGCGCGCACTAGATCGA,0,3255972
recNp,0.125,7,7,TGGTATTGCCCAAATTGACA,0,3244393
recNp,0.125,7,7,TGGGGTTACGGTTGACTGAC,0,3235137
recNp,0.125,7,7,TGGGAGAATGCTCCGGACTG,0,3240158
recNp,0.125,7,7,TGGCTTGTGTCAGAGGAGTA,0,3249711
recNp,0.125,7,7,TGGCTTGCGGTCAGTAGGGT,0,3243413
recNp,0.125,7,7,TGGCTCATATATCTCATGGC,0,3220267
recNp,0.125,7,7,TGGCCGACGCAAATCGACAG,0,3236333
recNp,0.125,7,7,TGGCCCACGACACACCACGC,0,3218334
recNp,0.125,7,7,TGGCAAACTCGCAGACAGTT,0,3231612
recNp,0.125,7,7,TGGATGGGCGAGCCAAGGAT,0,3237604
recNp,0.125,7,7,TGCTTGGGGCTGCGACATCA,0,3237439
recNp,0.125,7,7,TGCCGTTATCCAGACCAGGC,0,3251752
recNp,0.125,7,7,TGCCCTTCGCCGTGCCCGGC,0,3241904
recNp,0.125,7,7,TGCCAGGAGCATCCATGATT,0,3226594
recNp,0.125,7,7,TGCCAGACGGGGGTAGCCCT,0,3237838
recNp,0.125,7,7,TGCATTCGGCAAGACCCGAG,0,3251033
recNp,0.125,7,7,TGCATTCCTTCCAACAGGTT,0,3250792
recNp,0.125,7,7,TGAGGAACCGTTTGCTCATT,0,3255084
recNp,0.125,7,7,TGAGCCCCCCTGTTGGGGAT,0,3217596
recNp,0.125,7,7,TGAGAACCTTCGGTTAAAAA,0,3230204
recNp,0.125,7,7,TGACCCCGCGAAAGTCTGCA,0,3244979
recNp,0.125,7,7,TGAATTGCTTGGTATTTTAG,0,3255586
recNp,0.125,7,7,TGAATTGAACGAACGGCTGA,0,3221655
recNp,0.125,7,7,TGAACCCTCGATGTTAACGT,0,3233793
recNp,0.125,7,7,TCTGTGATAGGTTGTAGCCA,0,3238962
recNp,0.125,7,7,TCTGTCGTAGCAAAACGAGT,0,3246977
recNp,0.125,7,7,TCTGTCATTTCTGCAACTAA,0,3249724
recNp,0.125,7,7,TCTATGTAGTCGGCTTATTG,0,3248812
recNp,0.125,7,7,TCTATCCATGACCTGAGCCA,0,3217249
recNp,0.125,7,7,TCTAAGAGGTCGCTGAGGCA,0,3245848
recNp,0.125,7,7,TCTAACCTCTCCGGTTTACT,0,3234407
recNp,0.125,7,7,TCGGTGTCTGATGGTCTTTC,0,3226952
recNp,0.125,7,7,TCGGGTCAGCAGCTCAGCTA,0,3221236
recNp,0.125,7,7,TCGGGAGGCGGATTAGACGT,0,3231899
recNp,0.125,7,7,TCGCTATATCGGGTACCCCC,0,3248275
recNp,0.125,7,7,TCGCGCATCGAATTCGAGTA,0,3234029
recNp,0.125,7,7,TCGCGAGAGCTACATCGGAT,0,3228659
recNp,0.125,7,7,TCGATGTTTGTCAGAACGGC,0,3253740
recNp,0.125,7,7,TCGATAGGGTGTGGAGATGT,0,3245433
recNp,0.125,7,7,TCGACGCCATTGCAAGGAAT,0,3240059
recNp,0.125,7,7,TCCTGGTATTATATATTAAC,0,3250448
recNp,0.125,7,7,TCCTGCGCGTGTTAAACCTG,0,3236623
recNp,0.125,7,7,TCCGTTTGCAATCTGCAATT,0,3241937
recNp,0.125,7,7,TCCGTTTGATGCATTTTACA,0,3221159
recNp,0.125,7,7,TCCGTGATTCCAAATAGCCC,0,3223199
recNp,0.125,7,7,TCCCTCGCATTGCCTATCTT,0,3222910
recNp,0.125,7,7,TCCATAACAACGTGAATTAA,0,3254260
recNp,0.125,7,7,TCATTGTCTAAACATCTAGA,0,3239878
recNp,0.125,7,7,TCATTGCTCTAAGACCTTTT,0,3243761
recNp,0.125,7,7,TCATAGCCTAGGCTATCATC,0,3218644
recNp,0.125,7,7,TCAGCGAAAGGGTGTACCCA,0,3242787
recNp,0.125,7,7,TCACGTCGAAGCCGATCAAA,0,3237355
recNp,0.125,7,7,TCAACTCGGATAACAGCGAC,0,3238541
recNp,0.125,7,7,TATTAAGAGCGTCAGGAGTC,0,3231771
recNp,0.125,7,7,TATGGCATGTAGAGGACACG,0,3227036
recNp,0.125,7,7,TATCGAGGGCATGGGAGTCG,0,3241604
recNp,0.125,7,7,TATCCGTAGATCGTGGTTTC,0,3251283
recNp,0.125,7,7,TATATTGCTAATGATGTGCA,0,3241907
recNp,0.125,7,7,TATATAGCCCGTCTAACAGT,0,3243495
recNp,0.125,7,7,TATATACACTGTGCTCGAGA,0,3241941
recNp,0.125,7,7,TATAGGGCGTGTGTTAGGCA,0,3235086
recNp,0.125,7,7,TATAATTGATGGCAGGAACC,0,3252224
recNp,0.125,7,7,TATAACTGTCACACGTTAGT,0,3229619
recNp,0.125,7,7,TAGTGTTTTCTCTGCGTAAT,0,3218417
recNp,0.125,7,7,TAGGGTATTCCGATCAGGTC,0,3246525
recNp,0.125,7,7,TAGGGATTGTCTAACAGATT,0,3253100
recNp,0.125,7,7,TAGGACTCGCCTGTACGGCG,0,3232772
recNp,0.125,7,7,TAGCACCGTGTTCGATTTGC,0,3217941
recNp,0.125,7,7,TACTCAAGCAACGCCGGGGA,0,3230279
recNp,0.125,7,7,TACGGGTTGGAGCATGGGAT,0,3243194
recNp,0.125,7,7,TACGGATGACGATCCTAAAT,0,3221763
recNp,0.125,7,7,TACGGACATCTTGGAAATAC,0,3224688
recNp,0.125,7,7,TACGAGCGGGATAATATGCT,0,3239400
recNp,0.125,7,7,TACCTTATCATATGGTTAGG,0,3221558
recNp,0.125,7,7,TACCTCTCAGGCCATCAGGC,0,3222999
recNp,0.125,7,7,TACCGTGAACTAATTCACTG,0,3225148
recNp,0.125,7,7,TACCACCGGGTATGCGAGAA,0,3249733
recNp,0.125,7,7,TACAGCGGTACACAGATTTA,0,3218418
recNp,0.125,7,7,TAATTTCAGCCGTCCCGTTT,0,3228233
recNp,0.125,7,7,TAATGATAAGTTAGGAATAG,0,3232267
recNp,0.125,7,7,TAATCACGATGCAGGCTTAG,0,3221153
recNp,0.125,7,7,TAAATCATCACGTGCGTAGT,0,3229985
recNp,0.125,7,7,TAAAGGCCCCACATTTTAAT,0,3236876
recNp,0.125,7,7,GTTTTTATTCATGTGCGTGG,0,3254224
recNp,0.125,7,7,GTTGGAGCAGTTAAAAGGAC,0,3254446
recNp,0.125,7,7,GTTCACGTGCAGTTTTGGCT,0,3217083
recNp,0.125,7,7,GTGTTTCACTACCTGAGAAA,0,3253664
recNp,0.125,7,7,GTGGGGGCGCCGGTTTTAGG,0,3233797
recNp,0.125,7,7,GTGCTCCCTTCGGCTGATGG,0,3237574
recNp,0.125,7,7,GTGAGAGCTGTAACCTGGTA,0,3243578
recNp,0.125,7,7,GTGACCGGGGCGTCAGACTC,0,3240309
recNp,0.125,7,7,GTGACATAAAGGACATCCAA,0,3238568
recNp,0.125,7,7,GTCTGAAATTTTTGGGTGGC,0,3230768
recNp,0.125,7,7,GTCCGGTCGAAAGCACGTAC,0,3222159
recNp,0.125,7,7,GTCACTGGCTCCGGCGGCAT,0,3218160
recNp,0.125,7,7,GTATAGTATGCATGCAATAT,0,3247713
recNp,0.125,7,7,GTAGGGGCGCTCTGTTTCGT,0,3236851
recNp,0.125,7,7,GTAGGGATATCACCACCTGC,0,3241848
recNp,0.125,7,7,GTAGAGGGCTCAGGAAAATT,0,3228616
recNp,0.125,7,7,GTAGACCTCCAAGATAGGAA,0,3238574
recNp,0.125,7,7,GGTTGGGTGTTTGATGGGTG,0,3255747
recNp,0.125,7,7,GGTTGATCTCTGAATGAACA,0,3252132
recNp,0.125,7,7,GGTTGAAGGGTAAACTCGTG,0,3220587
recNp,0.125,7,7,GGTTCACGGTGGTGACTCAA,0,3242809
recNp,0.125,7,7,GGTGGTCAGCGATTGGTATC,0,3244426
recNp,0.125,7,7,GGTGGCAGAAATGTTCAGCA,0,3218134
recNp,0.125,7,7,GGTCTCTGTGGGTGTCCCTT,0,3232164
recNp,0.125,7,7,GGTCGTCTTGATAACATACA,0,3217610
recNp,0.125,7,7,GGTCGGTCACAAAACTACCT,0,3253617
recNp,0.125,7,7,GGTAGGCTCAAGGGTGATGT,0,3224224
recNp,0.125,7,7,GGTAAGAGCTGTCAGTTGCA,0,3217572
recNp,0.125,7,7,GGGTTCCGTGGGACAAGAGG,0,3235998
recNp,0.125,7,7,GGGTTATAACTATTGTAGAT,0,3242222
recNp,0.125,7,7,GGGTGTATCTAGAATAGGAG,0,3244722
recNp,0.125,7,7,GGGTCACAAGCCAATGAGGA,0,3224728
recNp,0.125,7,7,GGGTAAACACAAATAAGTGT,0,3246838
recNp,0.125,7,7,GGGGTTGGCGATACAGGCAG,0,3241208
recNp,0.125,7,7,GGGGAGGCTAAGGGGGAGCC,0,3226656
recNp,0.125,7,7,GGGCCTTTAAGCTGCAGTGC,0,3225100
recNp,0.125,7,7,GGGCCGTTGTTCCGGGATAT,0,3227437
recNp,0.125,7,7,GGGACAGAATACTAGGGATC,0,3249827
recNp,0.125,7,7,GGCTTAACGTTCTTTGCGAA,0,3243138
recNp,0.125,7,7,GGCGTGATACAGTTCAACGG,0,3223951
recNp,0.125,7,7,GGCGTCTCTACGTGTTGAAT,0,3228614
recNp,0.125,7,7,GGCGTCTATACAATGTCCAT,0,3233936
recNp,0.125,7,7,GGCGGGTGAGATGTGCTAAA,0,3243647
recNp,0.125,7,7,GGCGCCCAAGGAATCTTTCT,0,3239406
recNp,0.125,7,7,GGCCGGCCCCGATGCGGAAT,0,3244953
recNp,0.125,7,7,GGCAATTTCAGACCTGGTCC,0,3247435
recNp,0.125,7,7,GGCAAGGCATTGGATGGGCA,0,3248538
recNp,0.125,7,7,GGCAAGCCTAGGCGGCAGGG,0,3241064
recNp,0.125,7,7,GGATTAGAACGTTCCCTGAG,0,3218120
recNp,0.125,7,7,GGAGACCAATTGTTGAGCCC,0,3216652
recNp,0.125,7,7,GGACTATAATACAGCGGTTG,0,3249945
recNp,0.125,7,7,GGACGATGGCAGCGGATCCA,0,3228583
recNp,0.125,7,7,GGACACCCGGTGGTACTTTA,0,3219891
recNp,0.125,7,7,GGAATATGAACATAGGTGTT,0,3230205
recNp,0.125,7,7,GGAATAAAAAGAAGCCCGGT,0,3252820
recNp,0.125,7,7,GGAAGGTTAAAGTGTTGGAA,0,3251583
recNp,0.125,7,7,GGAAGCGGCTGGATTTGTAA,0,3226481
recNp,0.125,7,7,GGAACTAGACACTAACCTCA,0,3227818
recNp,0.125,7,7,GGAAATAAGGGGTGTAAGGC,0,3247674
recNp,0.125,7,7,GCTTCGGCGCTCGCAAAGCT,0,3239294
recNp,0.125,7,7,GCTTATACCGTTTTACAACT,0,3244540
recNp,0.125,7,7,GCTCTTTTTGGTCATGGGCA,0,3218126
recNp,0.125,7,7,GCTCTCTTCTCGTACGCAAA,0,3245219
recNp,0.125,7,7,GCTCGCTTTCCAGGAATTAT,0,3251789
recNp,0.125,7,7,GCTAGTTGACAGTCCCGTTA,0,3220692
recNp,0.125,7,7,GCTAGGGCGGCAGTCAAAGT,0,3246151
recNp,0.125,7,7,GCGTTGTTATTATCGATGGA,0,3253196
recNp,0.125,7,7,GCGTAGGCCTCTCATGTGGG,0,3244760
recNp,0.125,7,7,GCGGTGTGCCTACAGAATGG,0,3224819
recNp,0.125,7,7,GCGCTAGTAGAAGACCCGAC,0,3230433
recNp,0.125,7,7,GCGCGTCAGACTAAGTGCGA,0,3228000
recNp,0.125,7,7,GCGCGCTTTTTTTCGTTGTC,0,3250592
recNp,0.125,7,7,GCGCGAAGTGGGCACAGTTT,0,3246522
recNp,0.125,7,7,GCGACTTCCAGACGAGATAG,0,3221576
recNp,0.125,7,7,GCGACAGATACCTCAGCGCT,0,3229990
recNp,0.125,7,7,GCCTCAGTAGGGGAAGAAAG,0,3231262
recNp,0.125,7,7,GCCTAGCGAGCCTTTGATAT,0,3231929
recNp,0.125,7,7,GCCGGTCAACTCGTTCCATA,0,3254804
recNp,0.125,7,7,GCCGCGTAGGAAGCCTAAGT,0,3221651
recNp,0.125,7,7,GCCGCCTGCCGGTTTCATGG,0,3230724
recNp,0.125,7,7,GCCCAGTTGTTAAAGGCGAA,0,3237729
recNp,0.125,7,7,GCCCACGTTAGCGCATGTTT,0,3239398
recNp,0.125,7,7,GCCACGAGGCCCTGAACCAC,0,3224254
recNp,0.125,7,7,GCCACCAGGTTAGTCATAAT,0,3222556
recNp,0.125,7,7,GCCAACATTAGTCCGTACTG,0,3232272
recNp,0.125,7,7,GCATGTGTCACTTGGTACTG,0,3244517
recNp,0.125,7,7,GCAGACCAGAAACGCCTAAA,0,3238888
recNp,0.125,7,7,GCACTTAGTGCAAGGCGCTT,0,3228144
recNp,0.125,7,7,GCACGGGCAACCTGCGCCAG,0,3240032
recNp,0.125,7,7,GCACCGAATGCTTCAGTAGT,0,3246215
recNp,0.125,7,7,GCAATGCAACAGCATATGAC,0,3250894
recNp,0.125,7,7,GCAATCGTCCTAAGTATATG,0,3237395
recNp,0.125,7,7,GCAATATTACTCAAAAGGTG,0,3230506
recNp,0.125,7,7,GATTTGGGAGCTTATGGGTG,0,3236033
recNp,0.125,7,7,GATTGTTGAATGAGCCGTTG,0,3217801
recNp,0.125,7,7,GATTGCTAGATAATTCTTCT,0,3252177
recNp,0.125,7,7,GATTCGCCAGGAGGACCATG,0,3219823
recNp,0.125,7,7,GATTCCCGCATTGTTCGGAA,0,3242210
recNp,0.125,7,7,GATTAAAAAATTGTCGCTTG,0,3231649
recNp,0.125,7,7,GATGCTCTCACACCTGTTCC,0,3236417
recNp,0.125,7,7,GATGAGACGGTCTGGGTCGC,0,3233950
recNp,0.125,7,7,GATCTAATTCTCAATTTGTA,0,3219989
recNp,0.125,7,7,GATATACTCTTTGTTCCGAC,0,3218239
recNp,0.125,7,7,GATAGTGCACGGGAATCATT,0,3235746
recNp,0.125,7,7,GATAAAGTGTTATACAACTT,0,3232456
recNp,0.125,7,7,GAGTGAACGTTGGGGGTGCT,0,3246763
recNp,0.125,7,7,GAGTCATGTGCGAGGATGGA,0,3235021
recNp,0.125,7,7,GAGGTCTCTCGTGCGACTAA,0,3241141
recNp,0.125,7,7,GAGGGGGTTAACAGCATTAG,0,3235811
recNp,0.125,7,7,GAGCACGTAACTCTAGGTGC,0,3248298
recNp,0.125,7,7,GAGATTGTTACCGTCATAAA,0,3249586
recNp,0.125,7,7,GAGAGCCATCACTTCTGTTC,0,3237189
recNp,0.125,7,7,GACTGGCGCTCTTGCATATT,0,3225041
recNp,0.125,7,7,GACGTACGTCCACCGAAGCC,0,3255174
recNp,0.125,7,7,GACGGAACTCCCTGGAGAAC,0,3235897
recNp,0.125,7,7,GACCTGGGGCTACCGATAGC,0,3235621
recNp,0.125,7,7,GACCGGAAGGTTTAGCAGCA,0,3249908
recNp,0.125,7,7,GACCCCGACCCTGATTCTCC,0,3238492
recNp,0.125,7,7,GACATCGTCTACCCAGAAGA,0,3234935
recNp,0.125,7,7,GACAGCTCATCTGGCATATT,0,3238813
recNp,0.125,7,7,GACAAACCGACCCCTAATAC,0,3247697
recNp,0.125,7,7,GAATTGGGGGCAGCGTTCGG,0,3249240
recNp,0.125,7,7,GAATCGCTCGTGACCAGATC,0,3249878
recNp,0.125,7,7,GAATCATTGAACTCAGAGTG,0,3235276
recNp,0.125,7,7,GAAGTGAATATGCGTTACAT,0,3243259
recNp,0.125,7,7,GAAGTAACAATAAGACGGTC,0,3247153
recNp,0.125,7,7,GAACTGGCCAATGATCGACT,0,3229501
recNp,0.125,7,7,GAACTATGGTTGAGGTAGAA,0,3219716
recNp,0.125,7,7,GAACGTGTTCACCGGGAAAG,0,3240838
recNp,0.125,7,7,GAACGGTCGCCAGCTCGAGC,0,3233049
recNp,0.125,7,7,GAACCAAGCCTATTTTAGGA,0,3236584
recNp,0.125,7,7,GAACATGTGTCTGTGGAAGA,0,3254445
recNp,0.125,7,7,GAAATTCTCCGGACGGCCAA,0,3235020
recNp,0.125,7,7,CTTTTTTAATTAGTCTGAAG,0,3253680
recNp,0.125,7,7,CTTTTAGGCCATTATAACTA,0,3230565
recNp,0.125,7,7,CTTTGCCGTACACATCGCAG,0,3235778
recNp,0.125,7,7,CTTTGCATGAGGGGCTCCGG,0,3245678
recNp,0.125,7,7,CTTTGAAAGATACTATTTTC,0,3238900
recNp,0.125,7,7,CTTGTAAGAGTGCTGCATTC,0,3233902
recNp,0.125,7,7,CTTGGGGCGATCACAAGGCA,0,3228674
recNp,0.125,7,7,CTTGGGCAGTCCTATGTTTC,0,3235282
recNp,0.125,7,7,CTTGGCGCGTTAAGTAAGCT,0,3233020
recNp,0.125,7,7,CTGTTTGAACCTGTACACGT,0,3239607
recNp,0.125,7,7,CTGTACCACCGGATGACAAC,0,3244461
recNp,0.125,7,7,CTGGCTGCATCGAATGGAGC,0,3242164
recNp,0.125,7,7,CTGGCAGACGGCCACGTTAA,0,3228891
recNp,0.125,7,7,CTGGAGGGACTCCTTGTTTC,0,3242621
recNp,0.125,7,7,CTGCCCTAAGAAAGAACTTC,0,3238677
recNp,0.125,7,7,CTGAGCCTGGTTTATGGATC,0,3239673
recNp,0.125,7,7,CTGACACAGACACGCAATAT,0,3228838
recNp,0.125,7,7,CTGAAGGAATCCACCGTCGG,0,3220264
recNp,0.125,7,7,CTGAACCTGGTGTAACAACT,0,3221204
recNp,0.125,7,7,CTCTTGTCGAGTTGAGGCTT,0,3229620
recNp,0.125,7,7,CTCTCAGCGTTAACGTCTTC,0,3254281
recNp,0.125,7,7,CTCTATACCAGTATATGTTC,0,3230637
recNp,0.125,7,7,CTCGTGCTGATATCGCACTG,0,3230309
recNp,0.125,7,7,CTCGTATGTAGTTCCAACCT,0,3236049
recNp,0.125,7,7,CTCGATGGCACAATCATTGA,0,3243645
recNp,0.125,7,7,CTCAGATCACATCGATAATC,0,3252392
recNp,0.125,7,7,CTCAAGCGTCCGTCTCGACA,0,3230930
recNp,0.125,7,7,CTATAGCTCCCGAAGGACCA,0,3234192
recNp,0.125,7,7,CTAGTAACTCGCACGAGGAT,0,3247146
recNp,0.125,7,7,CTACTATCAGCTGAATTTTG,0,3230646
recNp,0.125,7,7,CTACGGGCGCAGGCAAGATA,0,3247243
recNp,0.125,7,7,CTAAATCTCATTCAATTATT,0,3228762
recNp,0.125,7,7,CTAAAATAAAACCGGGTTGA,0,3236483
recNp,0.125,7,7,CGTTTTGCGCATCGTTAGAT,0,3249283
recNp,0.125,7,7,CGTTCTCACGGGCGACGCCG,0,3253005
recNp,0.125,7,7,CGTGGATAACTAGTTGATAG,0,3255666
recNp,0.125,7,7,CGTGCTTGCCTGGGGCCAAG,0,3221980
recNp,0.125,7,7,CGTCGTGATAATGACGAAAA,0,3223842
recNp,0.125,7,7,CGTCGTAGAATTGGACAACC,0,3218125
recNp,0.125,7,7,CGTCCGCCGCTGGCGCACAA,0,3234847
recNp,0.125,7,7,CGTATGATCAGACCGTTGGG,0,3233354
recNp,0.125,7,7,CGTACGGGCGGATGACTTTC,0,3242147
recNp,0.125,7,7,CGTAAAAGGCCTTGGGCGTC,0,3253329
recNp,0.125,7,7,CGGTATGGCCAGTTGAAACA,0,3249998
recNp,0.125,7,7,CGGGTGGGCTAGCACCTAGA,0,3243931
recNp,0.125,7,7,CGGGTGCGGGCAAGGCGGGT,0,3252219
recNp,0.125,7,7,CGGGCGGTGCGATGCGGGGG,0,3235684
recNp,0.125,7,7,CGGCCCGCCACGCAGGTTCA,0,3221268
recNp,0.125,7,7,CGCTGTACTTGTACCAACAT,0,3216826
recNp,0.125,7,7,CGCGGAGCAAGCGGTACTGA,0,3224873
recNp,0.125,7,7,CGCCCCAAATAAAGCCTGCG,0,3224006
recNp,0.125,7,7,CGATGGGCGAAGCACTCCTT,0,3245001
recNp,0.125,7,7,CGATCGTTTCAATCGTTGCT,0,3247207
recNp,0.125,7,7,CGAGCGGCATTCAGGCAGCC,0,3234425
recNp,0.125,7,7,CGAGCGAAATGGCCAGTCTC,0,3222619
recNp,0.125,7,7,CGAGCCGCGATGGGCAGTCG,0,3217693
recNp,0.125,7,7,CGAGACTGTCAAGATTTTAA,0,3232832
recNp,0.125,7,7,CGACGCTGGTGTATGCAAAT,0,3248205
recNp,0.125,7,7,CGAAGAGATTGGCGCTTATC,0,3222153
recNp,0.125,7,7,CGAACTATGGATATTGGGAT,0,3251368
recNp,0.125,7,7,CGAACATCCGGAGATAAGCC,0,3224568
recNp,0.125,7,7,CCTTCGCATCGGCAAATCGA,0,3236989
recNp,0.125,7,7,CCTTCCACGTTGGGACTTCA,0,3238883
recNp,0.125,7,7,CCTTAGGCACGGTGTAATAG,0,3247596
recNp,0.125,7,7,CCTGTTAATCTAAGTGGATT,0,3233072
recNp,0.125,7,7,CCTGCTTGCGCTCCGCTTGC,0,3226093
recNp,0.125,7,7,CCTGCAACCAGGCCACCATA,0,3238654
recNp,0.125,7,7,CCTCAGCGCCCTGTCCACGG,0,3252129
recNp,0.125,7,7,CCTCAATGGCAGTACCGGAT,0,3218363
recNp,0.125,7,7,CCTATGGCGTTCTCAGGGAT,0,3244491
recNp,0.125,7,7,CCGTGAATCGGATGCATATC,0,3253532
recNp,0.125,7,7,CCGCACATTTCTAGAAACCC,0,3218969
recNp,0.125,7,7,CCGATGAGAGGCACAGTGAA,0,3232992
recNp,0.125,7,7,CCGATCTATCGGGACGCGAA,0,3245898
recNp,0.125,7,7,CCGAGGTCCACCCTCGCGTC,0,3222273
recNp,0.125,7,7,CCGAACCAGTGGTACTATTT,0,3231680
recNp,0.125,7,7,CCCGTGTCAATTATCGTGTT,0,3245903
recNp,0.125,7,7,CCCGGGCAGCGTTGCAGCCA,0,3244809
recNp,0.125,7,7,CCCCCGAGATAAGTGATTGA,0,3229075
recNp,0.125,7,7,CCCCAGGTTCTAAGAATGAA,0,3245804
recNp,0.125,7,7,CCCATCTCATTAATTGCCGG,0,3232986
recNp,0.125,7,7,CCCAGGCTCTAAGTTGGCTA,0,3244585
recNp,0.125,7,7,CCCAGAACCCCGGGGTTGTA,0,3240093
recNp,0.125,7,7,CCATTGGAAATCCGTGGGCA,0,3217799
recNp,0.125,7,7,CCATCTTGTCAAGACGGCCT,0,3218211
recNp,0.125,7,7,CCATATCTTTAGATTGGTGG,0,3220115
recNp,0.125,7,7,CCACTCCAGATGTCCCGTTG,0,3226361
recNp,0.125,7,7,CCAAGAGCAGACATATAGAG,0,3231039
recNp,0.125,7,7,CCAAAATGCTCAATTCGATC,0,3238057
recNp,0.125,7,7,CATGTTATGCCATATATCGG,0,3221131
recNp,0.125,7,7,CATGATCAGGGCGTTAAAAG,0,3253481
recNp,0.125,7,7,CATGACCAGTGGGCATTTTT,0,3229383
recNp,0.125,7,7,CATCCGCCCCAGCTCAGAGA,0,3247227
recNp,0.125,7,7,CATCATCGGAATTGGGATCG,0,3254709
recNp,0.125,7,7,CATCAGGTCCGCCTATCATA,0,3230206
recNp,0.125,7,7,CATATTCATGGCCCGATAAT,0,3224721
recNp,0.125,7,7,CAGTTTCATAGGTCCCCCCT,0,3222429
recNp,0.125,7,7,CAGTACGAGGGCACCTTCAT,0,3237968
recNp,0.125,7,7,CAGGTCTAGTTCAGGCAGCA,0,3241810
recNp,0.125,7,7,CAGGATCGTCTCGTTGAGGT,0,3253306
recNp,0.125,7,7,CAGCTCAATTATTTGACGTA,0,3230166
recNp,0.125,7,7,CAGCTAAACAGCGCCAGAGG,0,3238166
recNp,0.125,7,7,CAGCGGCATTTCAGTTGTTA,0,3226779
recNp,0.125,7,7,CAGCCAGCCTGAGGTGAGTA,0,3232299
recNp,0.125,7,7,CAGCATTTTAAACAGGTTGA,0,3235612
recNp,0.125,7,7,CACTCCAATGCGTGCGTAAA,0,3234545
recNp,0.125,7,7,CACTACTGCTCACAGGGGAA,0,3220516
recNp,0.125,7,7,CACGACAGGATCTATGCCCC,0,3244815
recNp,0.125,7,7,CACCTGAACGACAACAAGCT,0,3224860
recNp,0.125,7,7,CACACCGGATGAGCTTCGTT,0,3222062
recNp,0.125,7,7,CACAACCAAGACGGTAAGCT,0,3252704
recNp,0.125,7,7,CACAAAGCGCTATCAGTGCG,0,3226679
recNp,0.125,7,7,CAATCATGAATGAAACTTTA,0,3223752
recNp,0.125,7,7,CAATAACTTCCGGAGTACGG,0,3226221
recNp,0.125,7,7,CAAGATCCTAGCTGACTGGG,0,3241095
recNp,0.125,7,7,CAACTCGGTCTGTACAGAGC,0,3226748
recNp,0.125,7,7,CAACGTGGGCACATGTGCTT,0,3222318
recNp,0.125,7,7,CAACGAAGCGTAGTGGTCAC,0,3224839
recNp,0.125,7,7,CAAATTGCCACCTTCGTTAT,0,3225282
recNp,0.125,7,7,CAAATGCAAACGGAGCTCAT,0,3229074
recNp,0.125,7,7,CAAAGACCACAATTCACGTC,0,3218312
recNp,0.125,7,7,ATTTGATCTACGGGACGATA,0,3227267
recNp,0.125,7,7,ATTTCATTGTTAAGTGTCGG,0,3238148
recNp,0.125,7,7,ATTTACCTTCATTTGGGTCA,0,3234937
recNp,0.125,7,7,ATTTAATGCTCGGGGTCTCC,0,3245897
recNp,0.125,7,7,ATTGTACTCAGGCTTGACCT,0,3221191
recNp,0.125,7,7,ATTGGAATGTAAACAGTGAT,0,3253391
recNp,0.125,7,7,ATTGCCCTTCCTAATATGAA,0,3254167
recNp,0.125,7,7,ATTCATGGTCTGCTCCCGGG,0,3236663
recNp,0.125,7,7,ATTATTGAGACCGAATTCAG,0,3232446
recNp,0.125,7,7,ATGTTATCAGTTGCGTCTAC,0,3246709
recNp,0.125,7,7,ATGTGTAGCGCTTTCTATCC,0,3220163
recNp,0.125,7,7,ATGTCTGTGATGACTCCTAC,0,3252083
recNp,0.125,7,7,ATGTCTATCACAGTGCGCTC,0,3231399
recNp,0.125,7,7,ATGTAGAGCGCGGGTCCCCC,0,3233040
recNp,0.125,7,7,ATGGTACGGGCACAAGTACT,0,3236297
recNp,0.125,7,7,ATGGGGTGTATAGATCTTGT,0,3226212
recNp,0.125,7,7,ATGGGGCGGCGAACCGGATG,0,3253813
recNp,0.125,7,7,ATGGAGTTCAGGTTGTACGT,0,3226760
recNp,0.125,7,7,ATGAAGGCCCAGGTGGGCGA,0,3216222
recNp,0.125,7,7,ATCTTTGCTAAGTTCAAACG,0,3245621
recNp,0.125,7,7,ATCTCTGAGACCACTCTAGT,0,3216244
recNp,0.125,7,7,ATCTCACTTTTGATGGCCGG,0,3224381
recNp,0.125,7,7,ATCGTGGTCTGTGATGGTTC,0,3235394
recNp,0.125,7,7,ATCGGTTGGTCCGCTGCCTG,0,3222564
recNp,0.125,7,7,ATCGGCACAATGTTCTGACT,0,3222202
recNp,0.125,7,7,ATCCTCGACAGTCAGCCAAT,0,3230622
recNp,0.125,7,7,ATCCAAGCACAGATTGGGGA,0,3237526
recNp,0.125,7,7,ATCCAACTCAAGATTTGGAG,0,3241702
recNp,0.125,7,7,ATATGCGAAAGATACTGGTT,0,3251959
recNp,0.125,7,7,ATATACGCCGGGGTATCCAA,0,3220048
recNp,0.125,7,7,ATAGGACTACATGGTTTCGG,0,3220994
recNp,0.125,7,7,ATAGCGGTTACGAGGTCATT,0,3220085
recNp,0.125,7,7,ATACCGTTCCCCCGCTAGTA,0,3234791
recNp,0.125,7,7,ATAAATTAAGATCTCATGAC,0,3235728
recNp,0.125,7,7,ATAAAAGCTGAGGCGGAAAG,0,3242277
recNp,0.125,7,7,AGTTGGTGTGAAGGCCGTTA,0,3232122
recNp,0.125,7,7,AGTTGCAGGAATGGGTATCA,0,3220992
recNp,0.125,7,7,AGTTAGCGTAGTGTGGCCAG,0,3248203
recNp,0.125,7,7,AGTGGCCACGGCTCGGAATA,0,3254865
recNp,0.125,7,7,AGTCGCGTGGATGGTACAAG,0,3235351
recNp,0.125,7,7,AGTCCCGCCACGTGTCGCCC,0,3240931
recNp,0.125,7,7,AGTATAATGCGGCGTACGGC,0,3251446
recNp,0.125,7,7,AGTAAGCGGGGTAGACGGAG,0,3251279
recNp,0.125,7,7,AGGTCTAGTACCGCACCTAA,0,3233184
recNp,0.125,7,7,AGGTCATTTTCCCTAGACGT,0,3227146
recNp,0.125,7,7,AGGTCAGGCACGCACGTCAG,0,3221354
recNp,0.125,7,7,AGGGCTGGCAGCTATGACGA,0,3221597
recNp,0.125,7,7,AGGGCGGCCAGCTGTGTGCA,0,3251150
recNp,0.125,7,7,AGGGCATAGACACGCTATAT,0,3232773
recNp,0.125,7,7,AGGGCAGGCGTCGAAAAGGC,0,3242966
recNp,0.125,7,7,AGGGAGCTCCCCACAGGGGT,0,3229180
recNp,0.125,7,7,AGGCGGTGTATACAAATCGC,0,3218192
recNp,0.125,7,7,AGGCGCATTTTGTGTTCGCC,0,3233984
recNp,0.125,7,7,AGGCAGGTAATACGCATATA,0,3241200
recNp,0.125,7,7,AGGCACTCGCAGGTAAAGTT,0,3252342
recNp,0.125,7,7,AGGATTAATGTTATCGGTCA,0,3237303
recNp,0.125,7,7,AGGAGTGATATTCTTTTTAG,0,3239469
recNp,0.125,7,7,AGCTTAGTACATGTTGAAAC,0,3233847
recNp,0.125,7,7,AGCTGTTCATGGCGGATATG,0,3230826
recNp,0.125,7,7,AGCTGTTAACGCCATTCCAA,0,3234426
recNp,0.125,7,7,AGCTGCGGGACACTTGGCAT,0,3238436
recNp,0.125,7,7,AGCGAGGACCGAGGGGCCAT,0,3232063
recNp,0.125,7,7,AGCCCGTTTGCAGTATGCGC,0,3255441
recNp,0.125,7,7,AGCCCGTCAAGAGGTGTGAT,0,3240577
recNp,0.125,7,7,AGCCACGTTAAACTTTACAG,0,3249566
recNp,0.125,7,7,AGCAATTGGAACCTTACAGT,0,3232900
recNp,0.125,7,7,AGCAATCCAGGCATGGTCTT,0,3220731
recNp,0.125,7,7,AGATCAAAGTCGGATAACAG,0,3233824
recNp,0.125,7,7,AGATATCGGCGTATATTGCT,0,3237054
recNp,0.125,7,7,AGAGTTGCTCCGGGTTGGAT,0,3241473
recNp,0.125,7,7,AGAGAATTTGGATGCAATTT,0,3229155
recNp,0.125,7,7,AGACCCGCCGCTAAATCCAG,0,3232073
recNp,0.125,7,7,ACTTGTGTTCGCACCCTATC,0,3218746
recNp,0.125,7,7,ACTGTTGGTTACCTTCGGGC,0,3248732
recNp,0.125,7,7,ACTGCACGAGCCCACGAAAC,0,3246700
recNp,0.125,7,7,ACTGACAAGTTTTTCCAGTC,0,3216285
recNp,0.125,7,7,ACTCTATGTTGGCCGAACTA,0,3249747
recNp,0.125,7,7,ACTCCCTTTGTAAAGATCTG,0,3236480
recNp,0.125,7,7,ACTAATAGGGGCGTAAACAT,0,3231393
recNp,0.125,7,7,ACGTTAGTACTCACAACCCT,0,3241337
recNp,0.125,7,7,ACGTGGGTTTGGGTAGAGGA,0,3225943
recNp,0.125,7,7,ACGTGCCAACGGGAAGGAGC,0,3229274
recNp,0.125,7,7,ACGTCACTGGATAACATAGT,0,3233349
recNp,0.125,7,7,ACGGTAGAACTACACGGGGG,0,3216926
recNp,0.125,7,7,ACGGGCGTGTAGAGAACTCA,0,3237127
recNp,0.125,7,7,ACGCTTGTCCTCCACTCGGA,0,3237941
recNp,0.125,7,7,ACGAGTTTCACGATCATTCT,0,3230561
recNp,0.125,7,7,ACCTGAAGGGAACCATTTTA,0,3229168
recNp,0.125,7,7,ACCGGTCGTTCGTCCAATAA,0,3241634
recNp,0.125,7,7,ACCGGGGTTACCAACTCTTT,0,3219236
recNp,0.125,7,7,ACCGGCTGAAGACGTTTGGA,0,3237804
recNp,0.125,7,7,ACCCGTGCTGGCGGGGGTGG,0,3238648
recNp,0.125,7,7,ACCCACGTGCTTGGTGCGGC,0,3239116
recNp,0.125,7,7,ACCACCCGATTCACGTTAGT,0,3221525
recNp,0.125,7,7,ACATGGGCTCGGTAATTACG,0,3240651
recNp,0.125,7,7,ACATGGACTTAACCATCCAG,0,3240149
recNp,0.125,7,7,ACATCTAATACTTCTTGTCC,0,3227090
recNp,0.125,7,7,ACATCGGGGTCCAGCTAGGG,0,3235219
recNp,0.125,7,7,ACATAGTTCGGCTACGCAAT,0,3253156
recNp,0.125,7,7,ACAGCCGGGTTTTCGGGACG,0,3218284
recNp,0.125,7,7,ACACTGTCGTCTATAGTAGC,0,3225245
recNp,0.125,7,7,ACAAGGTGGCCCCTATCTAA,0,3243276
recNp,0.125,7,7,AATGTTTCCAGCCGAGACTT,0,3217158
recNp,0.125,7,7,AATGCGATGTATTACGGCGG,0,3225961
recNp,0.125,7,7,AATGAGTCGTAACCTCACGT,0,3253047
recNp,0.125,7,7,AATCTGCTAACAATATCCGT,0,3231189
recNp,0.125,7,7,AAGTTATCTCGGCCAAGCCC,0,3232781
recNp,0.125,7,7,AAGTATTAAGACTTGGCGGC,0,3219610
recNp,0.125,7,7,AAGGTGTGCTCCGTCCGGAT,0,3223050
recNp,0.125,7,7,AAGGCTCTATCTCTGTAGTG,0,3234185
recNp,0.125,7,7,AAGCCTTCAAATACATGGTA,0,3227460
recNp,0.125,7,7,AAGCAGCGGGAGAGAACACC,0,3231309
recNp,0.125,7,7,AAGATGCTTAACCTACGTAG,0,3220217
recNp,0.125,7,7,AAGACCGACAAGCAGTGAGT,0,3225365
recNp,0.125,7,7,AACCTCTACGCAAGTCTAAG,0,3254840
recNp,0.125,7,7,AACCCGGTCTTTGCATCCGT,0,3243018
recNp,0.125,7,7,AACCCAAATGATCCCTGTAC,0,3218900
recNp,0.125,7,7,AACAAAACGATGTAGCACTG,0,3230563
recNp,0.125,7,7,AAATGAGCCTGAAGGGTAGC,0,3249738
recNp,0.125,7,7,AAATCAAAGCGGAGAAATCT,0,3222947
recNp,0.125,7,7,AAAGTGCGGTTTTTTGGGTG,0,3217195
recNp,0.125,7,7,AAAGTGACAATCTCATGGGG,0,3242079
recNp,0.125,7,7,AAACCTGTGTGGTTGTTAGT,0,3229774
recNp,0.125,7,7,AAACCGATCCGAATTCTGGA,0,3232328
recNp,0.125,7,7,AAACAGTAGTCTCTAACGAG,0,3217307
recNp,0.125,7,7,AAAATAAGCCCCGGCGCAGT,0,3230994
recNp,0.125,7,7,AAAAGCGCACCTCTTGTCTA,0,3244513
recNp,0.125,7,7,AAAACCGTGCTTAACAGTAA,0,3227325
recNp,0.14285714285714285,6,6,TTTTGCGGTTCAGTAACATC,0,3231155
recNp,0.14285714285714285,6,6,TTTTATGCTCATTCATGAAT,0,3252051
recNp,0.14285714285714285,6,6,TTTGTCTACATTTTTACAGC,0,3242504
recNp,0.14285714285714285,6,6,TTTGTACGAGGTTCGCTCTT,0,3217296
recNp,0.14285714285714285,6,6,TTTCTGGTTTTTATTCAGCA,0,3243716
recNp,0.14285714285714285,6,6,TTTCTATACCATGCGCGGAT,0,3231019
recNp,0.14285714285714285,6,6,TTTCTACTGCAAGGCAAGAA,0,3248558
recNp,0.14285714285714285,6,6,TTTCTAAGGTCCGTAACAAT,0,3244150
recNp,0.14285714285714285,6,6,TTTCCTATGTGAAAAAATTA,0,3222364
recNp,0.14285714285714285,6,6,TTTCCACCGGTCCGATCATG,0,3230625
recNp,0.14285714285714285,6,6,TTTATCTTGTGTTGCCAACC,0,3251555
recNp,0.14285714285714285,6,6,TTTACCAACCTTACCATTCA,0,3228746
recNp,0.14285714285714285,6,6,TTGTGGTAGTAGCTTGTGCA,0,3243699
recNp,0.14285714285714285,6,6,TTGTCTTTGTTCCCGGTCCA,0,3228432
recNp,0.14285714285714285,6,6,TTGTATAACGCGACATAGCG,0,3244488
recNp,0.14285714285714285,6,6,TTGGCTAATCGCGATGATGG,0,3229966
recNp,0.14285714285714285,6,6,TTGGAGCGGTCCTGTATACA,0,3253067
recNp,0.14285714285714285,6,6,TTGCTGTGAATCTGTTGATA,0,3230843
recNp,0.14285714285714285,6,6,TTGAGGAAGTTACTCTCTCA,0,3220454
recNp,0.14285714285714285,6,6,TTGAGCTGATGGGAGACCCT,0,3226569
recNp,0.14285714285714285,6,6,TTCACCTATCCCGACTGCTA,0,3232707
recNp,0.14285714285714285,6,6,TTCAAGTTTAGCTTTTGAGG,0,3235940
recNp,0.14285714285714285,6,6,TTCAAAGGCAATGCTACGGC,0,3251922
recNp,0.14285714285714285,6,6,TTAGTATGAGTCTGATCGCA,0,3254825
recNp,0.14285714285714285,6,6,TTACTCGGTAAATTGCAGTG,0,3241676
recNp,0.14285714285714285,6,6,TTACCGCTTCGCCCAGGCTT,0,3216696
recNp,0.14285714285714285,6,6,TGTTTCAGAATCGCCATCCG,0,3222675
recNp,0.14285714285714285,6,6,TGTTGGCAAGCATACCGGTA,0,3221823
recNp,0.14285714285714285,6,6,TGTTAGGGTACCGCGTCGTC,0,3229020
recNp,0.14285714285714285,6,6,TGTGGGCAGCGGTATTCTGC,0,3238672
recNp,0.14285714285714285,6,6,TGTGAGGGATCTCCTTACAA,0,3245663
recNp,0.14285714285714285,6,6,TGTCCACTCACAGCACCATG,0,3236169
recNp,0.14285714285714285,6,6,TGTATAGAGGCATGACCTGT,0,3217046
recNp,0.14285714285714285,6,6,TGTAAGCCGTACGTGTCGGA,0,3241765
recNp,0.14285714285714285,6,6,TGGTAACACTCGAATATGCA,0,3253770
recNp,0.14285714285714285,6,6,TGGGGACCAATGTTTAGTTC,0,3243505
recNp,0.14285714285714285,6,6,TGGGCGAACGTATCTGAATT,0,3223874
recNp,0.14285714285714285,6,6,TGGGCATTGTCGCGAGTATC,0,3217436
recNp,0.14285714285714285,6,6,TGGGATAACGCGATGTCCTA,0,3227728
recNp,0.14285714285714285,6,6,TGGCCTTCTCCAGATATCCA,0,3253348
recNp,0.14285714285714285,6,6,TGGCCTCTAATTCACTAGGC,0,3229775
recNp,0.14285714285714285,6,6,TGCTTCGGAATCCGTTTGCC,0,3232843
recNp,0.14285714285714285,6,6,TGCTGAGACGCTCATACTGA,0,3238459
recNp,0.14285714285714285,6,6,TGCCGTGCACCTCTCTATGC,0,3232383
recNp,0.14285714285714285,6,6,TGATTGTCTCATGTAATCGT,0,3227060
recNp,0.14285714285714285,6,6,TGATGCTCCTTCTTTTCTAC,0,3238086
recNp,0.14285714285714285,6,6,TGATCGCACATATGAGAATC,0,3224931
recNp,0.14285714285714285,6,6,TGATAGAGGGTGCCACAAAT,0,3226510
recNp,0.14285714285714285,6,6,TGAGTGTCAGGTACCATTAA,0,3244646
recNp,0.14285714285714285,6,6,TGAGTGCAATGAAAAATCTA,0,3217829
recNp,0.14285714285714285,6,6,TGAGGGACTATACATGGCGC,0,3227043
recNp,0.14285714285714285,6,6,TGAGGCGGTTCAACTCAGAC,0,3251483
recNp,0.14285714285714285,6,6,TGACTTAAACTCATGAAGAA,0,3224269
recNp,0.14285714285714285,6,6,TGACAATATGCGGCCGGGCT,0,3241287
recNp,0.14285714285714285,6,6,TGAAGCTGACCGGCGCACCG,0,3242209
recNp,0.14285714285714285,6,6,TCTTGCGACAGATCGCCACA,0,3217155
recNp,0.14285714285714285,6,6,TCTTCCGTAGCAGCTGCATC,0,3244778
recNp,0.14285714285714285,6,6,TCTGTCCAATCTTTATCTGC,0,3247545
recNp,0.14285714285714285,6,6,TCTGGATACGCAAACTGCCC,0,3247707
recNp,0.14285714285714285,6,6,TCTGATGTTGTCCTACATCA,0,3241851
recNp,0.14285714285714285,6,6,TCTCGGATTGGGGTGCTAGA,0,3235329
recNp,0.14285714285714285,6,6,TCTCCTATCAACGCGTTCGG,0,3235805
recNp,0.14285714285714285,6,6,TCTAAAGAGGCGCTACATAA,0,3243464
recNp,0.14285714285714285,6,6,TCGTTGCCGATTTGGTAACT,0,3229550
recNp,0.14285714285714285,6,6,TCGTGATACGGGTCATTTTT,0,3244381
recNp,0.14285714285714285,6,6,TCGTATGGTTTGGCCGCATC,0,3230435
recNp,0.14285714285714285,6,6,TCGGTGGGAAACAATGGTTC,0,3238120
recNp,0.14285714285714285,6,6,TCGGGTGGACAGACTGGAGA,0,3217960
recNp,0.14285714285714285,6,6,TCGGCGCCCGGCGCACTTTC,0,3225813
recNp,0.14285714285714285,6,6,TCGGAGTAACTTCGTAAAGT,0,3224800
recNp,0.14285714285714285,6,6,TCGCTTACACTAGCCGGTCT,0,3247428
recNp,0.14285714285714285,6,6,TCGCTGCCGTCACGAAGAAG,0,3228084
recNp,0.14285714285714285,6,6,TCGATTAGGGGTGTATCAGA,0,3250118
recNp,0.14285714285714285,6,6,TCGATCTGGCAGGGCAGGTA,0,3255636
recNp,0.14285714285714285,6,6,TCGACTGGAGCTTGCTGCAA,0,3223024
recNp,0.14285714285714285,6,6,TCCTGCGGTGGTGAGGTATT,0,3222359
recNp,0.14285714285714285,6,6,TCCTCCCACTAGGCATCGCC,0,3242123
recNp,0.14285714285714285,6,6,TCCTAGAACGTCGTTTGATG,0,3240587
recNp,0.14285714285714285,6,6,TCCGGCATCCGGCTGTCAGC,0,3255790
recNp,0.14285714285714285,6,6,TCCGCCACAAATAAGTCTCG,0,3234805
recNp,0.14285714285714285,6,6,TCCCTTACGTTTAGGGATGG,0,3237728
recNp,0.14285714285714285,6,6,TCCCCCCATTCCTGCCAAAA,0,3218292
recNp,0.14285714285714285,6,6,TCCCAGCAGCTGGACAGACA,0,3231701
recNp,0.14285714285714285,6,6,TCCAGGGTATACTGCATTAA,0,3222001
recNp,0.14285714285714285,6,6,TCCACCTACTTCCCGGCGAG,0,3240156
recNp,0.14285714285714285,6,6,TCAGTTCCCAGGAATCTGAG,0,3247334
recNp,0.14285714285714285,6,6,TCAGGGTAGTAAGTGGGCTT,0,3216875
recNp,0.14285714285714285,6,6,TCAGGATCACCCGAGGGTTG,0,3223262
recNp,0.14285714285714285,6,6,TCAGCCTGCCTTGAGGCACT,0,3220549
recNp,0.14285714285714285,6,6,TCAGCATCTGCGCGCACCTA,0,3236868
recNp,0.14285714285714285,6,6,TCAGAAGAGCAGAACCTAGA,0,3248819
recNp,0.14285714285714285,6,6,TCACACGTATTGTAGTATTT,0,3243104
recNp,0.14285714285714285,6,6,TCAATTACCTCTCGAGTTCG,0,3227919
recNp,0.14285714285714285,6,6,TCAAGTTGAGCGCTTACTAT,0,3241571
recNp,0.14285714285714285,6,6,TCAAGGGATCTCCACGCTGT,0,3250197
recNp,0.14285714285714285,6,6,TATTGGCAACTGGGAGGATT,0,3243190
recNp,0.14285714285714285,6,6,TATTGACTGAGAATTTCATC,0,3250691
recNp,0.14285714285714285,6,6,TATTGAAATGGCTGCTGTTA,0,3246586
recNp,0.14285714285714285,6,6,TATTCAAAAACCCTAGCCCA,0,3233541
recNp,0.14285714285714285,6,6,TATGGGGCTTAGTTGTAAAC,0,3236053
recNp,0.14285714285714285,6,6,TATGCGCCGCAAAAAGCCTA,0,3246793
recNp,0.14285714285714285,6,6,TATGCGCAGAAGGTGGCGAT,0,3216316
recNp,0.14285714285714285,6,6,TATCGAGTTTGGGCTTCTAT,0,3236276
recNp,0.14285714285714285,6,6,TATCACACTGATAGCGTATC,0,3249087
recNp,0.14285714285714285,6,6,TATATTGGTTCCGTAATACA,0,3237826
recNp,0.14285714285714285,6,6,TATACCTTTCCCGAACTGTT,0,3251987
recNp,0.14285714285714285,6,6,TAGTTTAGTACTTAGGTTCA,0,3227302
recNp,0.14285714285714285,6,6,TAGGTAGCTGTGACATTGAT,0,3233005
recNp,0.14285714285714285,6,6,TAGGGGCCGCAGCGATATGA,0,3220682
recNp,0.14285714285714285,6,6,TAGGGAGAATGTTACCAGCT,0,3227963
recNp,0.14285714285714285,6,6,TAGGGAAGTATTACTCCCTC,0,3223825
recNp,0.14285714285714285,6,6,TAGCGCCGGTATGCATGACT,0,3231852
recNp,0.14285714285714285,6,6,TAGCCTAGGCCCCTTGCTGC,0,3236350
recNp,0.14285714285714285,6,6,TACTTCCCTAAAAATCCAAG,0,3251515
recNp,0.14285714285714285,6,6,TACGGAATTCGGAACCCATG,0,3246844
recNp,0.14285714285714285,6,6,TACGCCGGGACTTCTACAGC,0,3221313
recNp,0.14285714285714285,6,6,TACCTTGCGGCATGCACTGA,0,3250121
recNp,0.14285714285714285,6,6,TACCTCTGTATACCCGAAAA,0,3216806
recNp,0.14285714285714285,6,6,TACCTCTGCACCAACGAGTC,0,3222386
recNp,0.14285714285714285,6,6,TACCCGATGGTAGACGTTTA,0,3227631
recNp,0.14285714285714285,6,6,TACACAGTATGACCGGCATC,0,3237999
recNp,0.14285714285714285,6,6,TAAGTCGTCCCTCCAGGCAG,0,3246212
recNp,0.14285714285714285,6,6,TAAGGATAAACGTTCCGGTA,0,3228280
recNp,0.14285714285714285,6,6,TAAGCCCGCTCACCGGGAAT,0,3249133
recNp,0.14285714285714285,6,6,TAACCGGGGCTTACGGATTC,0,3246572
recNp,0.14285714285714285,6,6,TAACAAGTCTACGCTTATTG,0,3228459
recNp,0.14285714285714285,6,6,TAAAGTAGGGTTTATCCTTC,0,3239122
recNp,0.14285714285714285,6,6,TAAAGGCCTTCTTCGCTTAG,0,3231838
recNp,0.14285714285714285,6,6,GTTTCGCGGTCTCGAGATAA,0,3252585
recNp,0.14285714285714285,6,6,GTTTATGATAAATGCTCCCA,0,3224575
recNp,0.14285714285714285,6,6,GTTGTTCTTTTAGTAGCAAT,0,3251444
recNp,0.14285714285714285,6,6,GTTGGTGAGTCAGTCTTTAA,0,3238161
recNp,0.14285714285714285,6,6,GTTGCCTGGGACAGCCGAGT,0,3248107
recNp,0.14285714285714285,6,6,GTTCTGTAACACCTGTCTCC,0,3239593
recNp,0.14285714285714285,6,6,GTTCTGCGTCGTAGCATGAT,0,3233308
recNp,0.14285714285714285,6,6,GTTCGTTGCTCCGTGAACCG,0,3247572
recNp,0.14285714285714285,6,6,GTTCCTACTTTAACGCGACA,0,3243867
recNp,0.14285714285714285,6,6,GTTCAAGATGGGGACCCTCG,0,3225247
recNp,0.14285714285714285,6,6,GTTAGCGAGGCTAGTGGGAC,0,3227502
recNp,0.14285714285714285,6,6,GTTACTTAGGATTCTAATTT,0,3229106
recNp,0.14285714285714285,6,6,GTGTTGCTGATCACGCACCA,0,3237677
recNp,0.14285714285714285,6,6,GTGTTGCTAATACTGTAGAA,0,3248459
recNp,0.14285714285714285,6,6,GTGTACGCGGCATATAGCCA,0,3231888
recNp,0.14285714285714285,6,6,GTGGTATGCGTTAGCACAGC,0,3234673
recNp,0.14285714285714285,6,6,GTGGGCGGTTGAGTCAAGCT,0,3232227
recNp,0.14285714285714285,6,6,GTGCAGTGCCAGCGCACATC,0,3239899
recNp,0.14285714285714285,6,6,GTGAAGGATCTTAGACATAT,0,3221870
recNp,0.14285714285714285,6,6,GTCTCCCGCGCGCGTATGTC,0,3234055
recNp,0.14285714285714285,6,6,GTCTAAGGGACTTCCGCTTT,0,3217531
recNp,0.14285714285714285,6,6,GTCTAAAGGAAAATTGTGAA,0,3237692
recNp,0.14285714285714285,6,6,GTCGTGTCGAAAGGGCGCAA,0,3255660
recNp,0.14285714285714285,6,6,GTCGGTTTGATAATACAGTG,0,3252753
recNp,0.14285714285714285,6,6,GTCGGGTCAGCTATGGCCGC,0,3227108
recNp,0.14285714285714285,6,6,GTCGAAACTTGGCCGCTATT,0,3234208
recNp,0.14285714285714285,6,6,GTCCTCCCAACATACCTAGG,0,3237887
recNp,0.14285714285714285,6,6,GTCCGCGCAAATGAAGAAGT,0,3216901
recNp,0.14285714285714285,6,6,GTCAGAGGAGAAATCGCGCA,0,3237984
recNp,0.14285714285714285,6,6,GTCAACGTAGTCAGCACACA,0,3225780
recNp,0.14285714285714285,6,6,GTATCTTTGGGCGAACCGGC,0,3244584
recNp,0.14285714285714285,6,6,GTATCGTCCAAGGAGCCCGT,0,3249963
recNp,0.14285714285714285,6,6,GTATCGTAGCCTCTGATTCC,0,3221487
recNp,0.14285714285714285,6,6,GTATCCGGTTGACAACCTCC,0,3231166
recNp,0.14285714285714285,6,6,GTAGCAAGCAGTTCTCGGAA,0,3222971
recNp,0.14285714285714285,6,6,GTACGAGGATCGCACTTGCT,0,3223786
recNp,0.14285714285714285,6,6,GTACCCCGACTGCTACCTTG,0,3253793
recNp,0.14285714285714285,6,6,GGTTAGCACAACCCTGCCCT,0,3224735
recNp,0.14285714285714285,6,6,GGTTACCGATTAAGACGGAG,0,3229475
recNp,0.14285714285714285,6,6,GGTTAAGGGCATCTTACACC,0,3247767
recNp,0.14285714285714285,6,6,GGTGTTACCACAAGTGTGTC,0,3225645
recNp,0.14285714285714285,6,6,GGTGCACAGCGGCCTAAATG,0,3246581
recNp,0.14285714285714285,6,6,GGTCTTCAGGATGTTCGAAT,0,3229243
recNp,0.14285714285714285,6,6,GGTATAGACGTCAGTACGGA,0,3229240
recNp,0.14285714285714285,6,6,GGTAACTTATCGGAATCGTC,0,3229121
recNp,0.14285714285714285,6,6,GGGTGCTAGGGCAATTGGCT,0,3220022
recNp,0.14285714285714285,6,6,GGGTGCCGTGTGGACATTAG,0,3222877
recNp,0.14285714285714285,6,6,GGGTCGCGATTAGACGCTCC,0,3243182
recNp,0.14285714285714285,6,6,GGGTAACGTAGGTTCGCTGG,0,3223639
recNp,0.14285714285714285,6,6,GGGGTTTATAGTGTCTGAGT,0,3218762
recNp,0.14285714285714285,6,6,GGGGTCTCCACCCTGTCGTA,0,3218951
recNp,0.14285714285714285,6,6,GGGGCGCTTAAGACCAAAAA,0,3221040
recNp,0.14285714285714285,6,6,GGGGCATGGAGAACCCTTGG,0,3222002
recNp,0.14285714285714285,6,6,GGGGAGGACACAGCTCACCA,0,3240650
recNp,0.14285714285714285,6,6,GGGCCTCAAGCTAAGGGAAA,0,3254227
recNp,0.14285714285714285,6,6,GGGCCTACGCCTTCTAAGAG,0,3230007
recNp,0.14285714285714285,6,6,GGGCCGCTTGGCCCCGCCCA,0,3241496
recNp,0.14285714285714285,6,6,GGGCCACAAGCCGTACTACT,0,3229559
recNp,0.14285714285714285,6,6,GGGATTAAGATCCCTATTGT,0,3217523
recNp,0.14285714285714285,6,6,GGGATGTACCGTGGCGCACC,0,3228758
recNp,0.14285714285714285,6,6,GGGAAAGGGCGAGTGCTAGT,0,3223053
recNp,0.14285714285714285,6,6,GGCTTGGCTTACAACCAGCC,0,3243415
recNp,0.14285714285714285,6,6,GGCTCTACTGTTCTGTAGAT,0,3255629
recNp,0.14285714285714285,6,6,GGCGTATTTACGTTCCGGTC,0,3242550
recNp,0.14285714285714285,6,6,GGCGGGACTTAGGGGGTGAT,0,3220710
recNp,0.14285714285714285,6,6,GGCGGCAGTTACGTAATTCA,0,3229102
recNp,0.14285714285714285,6,6,GGCAGAATCGGAGCAACGAT,0,3249377
recNp,0.14285714285714285,6,6,GGCAAGATGTCTATTCGTTT,0,3254040
recNp,0.14285714285714285,6,6,GGATTTGGCGTAGAGGCGAA,0,3216416
recNp,0.14285714285714285,6,6,GGATTCGCGTCACACTATAG,0,3223562
recNp,0.14285714285714285,6,6,GGATGCTAGGAACGCATAAG,0,3224590
recNp,0.14285714285714285,6,6,GGAGTGGGGTATCCCATAAC,0,3236855
recNp,0.14285714285714285,6,6,GGACACCGGTATGTCTGCGT,0,3239356
recNp,0.14285714285714285,6,6,GGACAAAGGACTCGCAGGTG,0,3240521
recNp,0.14285714285714285,6,6,GGAATTCCTGTTTTGCCTGA,0,3254634
recNp,0.14285714285714285,6,6,GGAAGCTCGGGAGCATGGTT,0,3245374
recNp,0.14285714285714285,6,6,GCTTTTGAATAAGGGGACAA,0,3225934
recNp,0.14285714285714285,6,6,GCTTGCTTCTCGTCGCTCCG,0,3249382
recNp,0.14285714285714285,6,6,GCTTATTCCAGAAGGATTAA,0,3253547
recNp,0.14285714285714285,6,6,GCTGTCACTAATTTAAACCC,0,3247835
recNp,0.14285714285714285,6,6,GCTCTGGGGGGTAGCAGGAC,0,3227670
recNp,0.14285714285714285,6,6,GCTCGGGTCGCTTATATGGA,0,3234721
recNp,0.14285714285714285,6,6,GCTCCGTTCGATGGTTTCGA,0,3220830
recNp,0.14285714285714285,6,6,GCGTTGACCCGAGGCGTATC,0,3245588
recNp,0.14285714285714285,6,6,GCGTTCATACTTTCGCGTTC,0,3249716
recNp,0.14285714285714285,6,6,GCGGCTGCGCAGGCCGCTGT,0,3237667
recNp,0.14285714285714285,6,6,GCGGCGAACTTCGGGAGTCA,0,3222255
recNp,0.14285714285714285,6,6,GCGCGATTCAGATCACCGTT,0,3246924
recNp,0.14285714285714285,6,6,GCGCATCTCGTGTCGTCAGG,0,3221160
recNp,0.14285714285714285,6,6,GCGCACGATTGGGGAATACG,0,3235634
recNp,0.14285714285714285,6,6,GCGATCAATCTCCTATAACA,0,3231394
recNp,0.14285714285714285,6,6,GCCTTTCTGGGCAACGCTAT,0,3238428
recNp,0.14285714285714285,6,6,GCCTTCAAATCTGGAATGGC,0,3249165
recNp,0.14285714285714285,6,6,GCCTGCGTCGGGCCGTTGAG,0,3240509
recNp,0.14285714285714285,6,6,GCCTGCGCCAAACGGTTTTG,0,3235458
recNp,0.14285714285714285,6,6,GCCGTGGGTCACGCAACGCC,0,3251627
recNp,0.14285714285714285,6,6,GCCGGGGTGTAAGCTACCCC,0,3219690
recNp,0.14285714285714285,6,6,GCCGGGAACTTTGTTCGCTT,0,3244259
recNp,0.14285714285714285,6,6,GCCGGCAATTATTAATTCTA,0,3236503
recNp,0.14285714285714285,6,6,GCCGCTAAGCGAACTGATTG,0,3235168
recNp,0.14285714285714285,6,6,GCCGCGTAAATGGCGCAGAC,0,3233068
recNp,0.14285714285714285,6,6,GCCGCGCATGCAACCACTCA,0,3239404
recNp,0.14285714285714285,6,6,GCCGATCTGATAGCAAGGAC,0,3229364
recNp,0.14285714285714285,6,6,GCCGAGCCGTCCGTTCTCTT,0,3221142
recNp,0.14285714285714285,6,6,GCCGAGAACGGCACCATAGG,0,3220117
recNp,0.14285714285714285,6,6,GCCGAATCCGTTGTCTAACT,0,3222363
recNp,0.14285714285714285,6,6,GCCCTCACCGTAGAGGGCGC,0,3243532
recNp,0.14285714285714285,6,6,GCCCGCGCAAACGCGTGGTG,0,3236378
recNp,0.14285714285714285,6,6,GCCCCCCTAGGTGTCCCAGT,0,3238408
recNp,0.14285714285714285,6,6,GCCCCATCCAATGCCCCGAG,0,3224216
recNp,0.14285714285714285,6,6,GCCATTTGGGTGCTGCCCAC,0,3235647
recNp,0.14285714285714285,6,6,GCCAGCCGCACAAGGGGTAA,0,3240095
recNp,0.14285714285714285,6,6,GCCAATGGCGGTGCGCTAAA,0,3242605
recNp,0.14285714285714285,6,6,GCCAAGTCTACGATCGGTGA,0,3249242
recNp,0.14285714285714285,6,6,GCCAACCTGGGTTAGCTGGG,0,3237058
recNp,0.14285714285714285,6,6,GCATCAAGTTGGCATCGTGA,0,3253981
recNp,0.14285714285714285,6,6,GCAGTAAAGCAGTCCTCCCC,0,3220612
recNp,0.14285714285714285,6,6,GCAGGTACCGTAACTTCATA,0,3219677
recNp,0.14285714285714285,6,6,GCACCCACCAATTGACCCAA,0,3238946
recNp,0.14285714285714285,6,6,GCACAACCTAAGGAAGCACA,0,3239098
recNp,0.14285714285714285,6,6,GCAATACGTCAGGAACAGCA,0,3225014
recNp,0.14285714285714285,6,6,GCAATACACCTGCGCCCTTG,0,3254793
recNp,0.14285714285714285,6,6,GCAAAAACATAAATTTTAGT,0,3242552
recNp,0.14285714285714285,6,6,GATTTTTCAGCGCGAATCGA,0,3224557
recNp,0.14285714285714285,6,6,GATTTTACTTGGAGAGTTGG,0,3244627
recNp,0.14285714285714285,6,6,GATTGGGCTCTAGTTAACTC,0,3235320
recNp,0.14285714285714285,6,6,GATTGCGGGTTGGAGGCAGG,0,3222787
recNp,0.14285714285714285,6,6,GATTAGCGTAAGCTTCCTTT,0,3225288
recNp,0.14285714285714285,6,6,GATGTTCTACCCTAGAATGC,0,3250202
recNp,0.14285714285714285,6,6,GATGTTCAGGTCCTAACACG,0,3253823
recNp,0.14285714285714285,6,6,GATGCCTGCCACCGTTATTC,0,3222737
recNp,0.14285714285714285,6,6,GATGAGTCTTTATCGGCACT,0,3228584
recNp,0.14285714285714285,6,6,GATCTGGCAGTAAGGAGGCT,0,3239903
recNp,0.14285714285714285,6,6,GAGTGAGGGCGACTACCATT,0,3247155
recNp,0.14285714285714285,6,6,GAGTCTATGCTACTCGTGCG,0,3221141
recNp,0.14285714285714285,6,6,GAGGTTGGATATGCGTTCGT,0,3225845
recNp,0.14285714285714285,6,6,GAGCTCGATCCGGCACCAAG,0,3234024
recNp,0.14285714285714285,6,6,GAGCAAAAGGGATTGATCTT,0,3252636
recNp,0.14285714285714285,6,6,GAGATGCAATGCTTCGCCAA,0,3217491
recNp,0.14285714285714285,6,6,GAGACCTTCACATTTAGTAC,0,3235714
recNp,0.14285714285714285,6,6,GACTCGCGGCTGTTGTCGTA,0,3249774
recNp,0.14285714285714285,6,6,GACTCCAGGAGCTTCCGTGG,0,3243560
recNp,0.14285714285714285,6,6,GACGGTTATAGTTGCCGCCT,0,3227410
recNp,0.14285714285714285,6,6,GACGGTGCGTTAGCCACCTC,0,3236651
recNp,0.14285714285714285,6,6,GACGGTACGTGAGGGTTTTG,0,3228075
recNp,0.14285714285714285,6,6,GACGCTTATTTTACGTTCAC,0,3233294
recNp,0.14285714285714285,6,6,GACCTCTATTCAAGCCATGC,0,3252408
recNp,0.14285714285714285,6,6,GACCTCGATCAGAGGAATAG,0,3232441
recNp,0.14285714285714285,6,6,GACCGACCCTCAGTGTACTC,0,3241727
recNp,0.14285714285714285,6,6,GACAGCGAATTCGTACTGGT,0,3245553
recNp,0.14285714285714285,6,6,GACACCTTAAATGGACATCC,0,3222205
recNp,0.14285714285714285,6,6,GAATGACAGGGAGTCGCACG,0,3221865
recNp,0.14285714285714285,6,6,GAAGAGGGCAACGCGGCGTC,0,3228110
recNp,0.14285714285714285,6,6,GAACCTCCTAGTTCCCTTAT,0,3249955
recNp,0.14285714285714285,6,6,GAAAGCAGACAATTAAACGC,0,3233389
recNp,0.14285714285714285,6,6,GAAACATTTCCGCCGGAAAC,0,3251406
recNp,0.14285714285714285,6,6,CTTTTTTAGGTTCTGAATAG,0,3227480
recNp,0.14285714285714285,6,6,CTTTGGGCGAAAGTCTCGAC,0,3234678
recNp,0.14285714285714285,6,6,CTTTAGGCACTCATAGCTCA,0,3227322
recNp,0.14285714285714285,6,6,CTTTACCAGTGAATGCGCTA,0,3234457
recNp,0.14285714285714285,6,6,CTTGTAGGTAGTGTCTTGGT,0,3227567
recNp,0.14285714285714285,6,6,CTTGGTGCAAAAAGGCTAAG,0,3225724
recNp,0.14285714285714285,6,6,CTTGGGTGTGTCCCCAGGTC,0,3225887
recNp,0.14285714285714285,6,6,CTTGCTGTATCTTTAAGTGG,0,3251460
recNp,0.14285714285714285,6,6,CTTCGGAATTATCTTATCGA,0,3222346
recNp,0.14285714285714285,6,6,CTGTAGTCACGTAGCCAAAA,0,3234507
recNp,0.14285714285714285,6,6,CTGTACTGTATGTCACAATA,0,3237885
recNp,0.14285714285714285,6,6,CTGGTTCTGTTCGACTCTTC,0,3253679
recNp,0.14285714285714285,6,6,CTGGTATAGATGCGGGACAA,0,3250518
recNp,0.14285714285714285,6,6,CTGGGCAGACCACGACAATG,0,3227694
recNp,0.14285714285714285,6,6,CTGGGCACCTGCAGCTATAT,0,3225777
recNp,0.14285714285714285,6,6,CTGGAGTGAACGGTACCAGC,0,3218606
recNp,0.14285714285714285,6,6,CTGCGTTTCCGCTGATTCAT,0,3217804
recNp,0.14285714285714285,6,6,CTGAGGCGACCCTTACAAGC,0,3238869
recNp,0.14285714285714285,6,6,CTCTTTTTGCAGGCGGGTAT,0,3226568
recNp,0.14285714285714285,6,6,CTCTTTCCAGGGCACCCCTT,0,3242766
recNp,0.14285714285714285,6,6,CTCTTAAGAGTTCCTCTCGG,0,3248763
recNp,0.14285714285714285,6,6,CTCGGCACCGACGATTTCAG,0,3240204
recNp,0.14285714285714285,6,6,CTCGGAACCAAGTTACTTAG,0,3240617
recNp,0.14285714285714285,6,6,CTCGCCTGAGATCCGTATTG,0,3237441
recNp,0.14285714285714285,6,6,CTCCACGTTAGGAATTGGTA,0,3250366
recNp,0.14285714285714285,6,6,CTCATATCATTGGGCAACGT,0,3218024
recNp,0.14285714285714285,6,6,CTATGTGATTCGAATTTCCA,0,3217191
recNp,0.14285714285714285,6,6,CTATAAGCATATAGGGGTTC,0,3218091
recNp,0.14285714285714285,6,6,CTAGTGCTCGACTAGCATGA,0,3227921
recNp,0.14285714285714285,6,6,CTAGATTATACTTCAGAAGA,0,3233990
recNp,0.14285714285714285,6,6,CTACCGAGACCGCAAAGTTG,0,3242440
recNp,0.14285714285714285,6,6,CTACAGTGACCAGGCACAAC,0,3234532
recNp,0.14285714285714285,6,6,CTACACTCCTTGGCGCTAGG,0,3254089
recNp,0.14285714285714285,6,6,CTAATGACATATGCTTATAG,0,3225304
recNp,0.14285714285714285,6,6,CTAAACCAGGCGTCAAGCGG,0,3230181
recNp,0.14285714285714285,6,6,CGTTGTTAGTCGCCGTATCT,0,3250528
recNp,0.14285714285714285,6,6,CGTTGATTCGAGTAACGCCG,0,3219279
recNp,0.14285714285714285,6,6,CGTTGAACAAAGTAATCCCT,0,3224776
recNp,0.14285714285714285,6,6,CGTTATTAAATGCTTTGCAA,0,3238217
recNp,0.14285714285714285,6,6,CGTGATGACCGCCCATTCGA,0,3224506
recNp,0.14285714285714285,6,6,CGTCGTGATTCTTCTGAGCT,0,3234509
recNp,0.14285714285714285,6,6,CGTCAAGCAGGTCTTGGGAA,0,3237273
recNp,0.14285714285714285,6,6,CGTAAGAAAGCGGTTCACGA,0,3226169
recNp,0.14285714285714285,6,6,CGGTGCTGAGCTCTGTATCA,0,3220543
recNp,0.14285714285714285,6,6,CGGTATTGCGTCTCCCGCCC,0,3242554
recNp,0.14285714285714285,6,6,CGGTATGGTTTTCCACGGGT,0,3237474
recNp,0.14285714285714285,6,6,CGGGTGACGGGTAAAATAGA,0,3242122
recNp,0.14285714285714285,6,6,CGGGCATGTAGGACAGCCTA,0,3240273
recNp,0.14285714285714285,6,6,CGGGCATGGTGGCCGCAAAC,0,3233538
recNp,0.14285714285714285,6,6,CGGGAAAACGATCCGTGTTC,0,3256019
recNp,0.14285714285714285,6,6,CGGCGATTAGTTAGGTTCGA,0,3217957
recNp,0.14285714285714285,6,6,CGGCAGGTAACAAAGCTAAC,0,3226794
recNp,0.14285714285714285,6,6,CGGCACTAAGCGCGTAACCG,0,3221557
recNp,0.14285714285714285,6,6,CGGCAATGGTAAATTGATCT,0,3223156
recNp,0.14285714285714285,6,6,CGGCAAGGCTCGGGTTAAGG,0,3240148
recNp,0.14285714285714285,6,6,CGGATCTAAGTCACACCCGT,0,3238434
recNp,0.14285714285714285,6,6,CGGATCGCAAACATATTATG,0,3250618
recNp,0.14285714285714285,6,6,CGGAGTGCTACCGGGGGTCT,0,3251578
recNp,0.14285714285714285,6,6,CGGAGGCATCAGCAGTGGCC,0,3220166
recNp,0.14285714285714285,6,6,CGCTGTCCTGCACCACGGTG,0,3221659
recNp,0.14285714285714285,6,6,CGCTCCGATTCGCTATCCTT,0,3244260
recNp,0.14285714285714285,6,6,CGCTCAAGTTTTCGGATCGC,0,3245509
recNp,0.14285714285714285,6,6,CGCTAGAATGGTGGGTGTAA,0,3218396
recNp,0.14285714285714285,6,6,CGCGTCTGTGCTTCGATTCA,0,3237223
recNp,0.14285714285714285,6,6,CGCGCAATAGCGAATAACTC,0,3235414
recNp,0.14285714285714285,6,6,CGCCTTTTCGGGACACATAT,0,3226116
recNp,0.14285714285714285,6,6,CGCCGTATTGACTGAATGAT,0,3216519
recNp,0.14285714285714285,6,6,CGCCCTGTCCATGTATGAGA,0,3244388
recNp,0.14285714285714285,6,6,CGCCCATCGATTTTTTGAAG,0,3232693
recNp,0.14285714285714285,6,6,CGATTTAAGGAGCCTCTAGA,0,3251235
recNp,0.14285714285714285,6,6,CGATGACCTTTAGGATCAAA,0,3225456
recNp,0.14285714285714285,6,6,CGAGTCATTGGGAACGACAC,0,3253646
recNp,0.14285714285714285,6,6,CGAGTACCCGATACATAAAA,0,3220671
recNp,0.14285714285714285,6,6,CGAGACTCCTCTGGCTTGCC,0,3225402
recNp,0.14285714285714285,6,6,CGACCCAAATGTCTCAAATT,0,3222672
recNp,0.14285714285714285,6,6,CGAAGGCCAACTAGACCGTT,0,3239118
recNp,0.14285714285714285,6,6,CGAAGGAGGTGAGTCTGGAA,0,3250952
recNp,0.14285714285714285,6,6,CGAACTGGGGCCGCCTGGGT,0,3225667
recNp,0.14285714285714285,6,6,CGAACTGACGTCGCTAAAAA,0,3216991
recNp,0.14285714285714285,6,6,CCTGGTGAGCTAATAGCTGC,0,3243721
recNp,0.14285714285714285,6,6,CCTCGTTAGGCGTAGGATAC,0,3245628
recNp,0.14285714285714285,6,6,CCTATGCCGGGCGGAAAACA,0,3218984
recNp,0.14285714285714285,6,6,CCTACGTGATAGATTCGATA,0,3225346
recNp,0.14285714285714285,6,6,CCTACCGGCTGAGTGGAATT,0,3253043
recNp,0.14285714285714285,6,6,CCGTTTACTGCGACTCCGAT,0,3219008
recNp,0.14285714285714285,6,6,CCGTTATGCATATTTAAGTA,0,3219034
recNp,0.14285714285714285,6,6,CCGTCAAAAGGTATTTCCGA,0,3219273
recNp,0.14285714285714285,6,6,CCGTAGGTCTATGGCACTCC,0,3232199
recNp,0.14285714285714285,6,6,CCGGTGCAATGCCACGCGCC,0,3224327
recNp,0.14285714285714285,6,6,CCGGCAAAGTCATCCAGCGC,0,3246386
recNp,0.14285714285714285,6,6,CCGCTCCCCCGGTTCTGCAG,0,3239165
recNp,0.14285714285714285,6,6,CCGCCGCTTGGCAAAGTGAA,0,3231525
recNp,0.14285714285714285,6,6,CCGCCGATGCGGGGGCTCAA,0,3240121
recNp,0.14285714285714285,6,6,CCGCACTCGTTGCGTACCTA,0,3233440
recNp,0.14285714285714285,6,6,CCGCACTAGATTCGGAGCAT,0,3255409
recNp,0.14285714285714285,6,6,CCGAGTTCTGGGTTTAACGG,0,3221441
recNp,0.14285714285714285,6,6,CCCTATCGGTAACTTAGTCG,0,3239619
recNp,0.14285714285714285,6,6,CCCGTTAGTGGACAATTGTG,0,3229336
recNp,0.14285714285714285,6,6,CCCCCTGCCCTTTGGACTGC,0,3222055
recNp,0.14285714285714285,6,6,CCCCATGGGAATGATTGGCA,0,3226009
recNp,0.14285714285714285,6,6,CCCATACACAGTTAGCGTAT,0,3239119
recNp,0.14285714285714285,6,6,CCCACGATGTGCTGCAAATC,0,3249900
recNp,0.14285714285714285,6,6,CCCACAGGCAGCAGAGTTAT,0,3235129
recNp,0.14285714285714285,6,6,CCATCGGTGAAAGTTCCGGT,0,3240845
recNp,0.14285714285714285,6,6,CCATCCCCGAGGGAATCGAT,0,3252411
recNp,0.14285714285714285,6,6,CCATCATTACAAATCTTACT,0,3222200
recNp,0.14285714285714285,6,6,CCATATCTATCCAACCCAAC,0,3236154
recNp,0.14285714285714285,6,6,CCATAATGTAACTTCTTTTC,0,3234343
recNp,0.14285714285714285,6,6,CCAGAAGGGCATAATAATCC,0,3224060
recNp,0.14285714285714285,6,6,CCAATTGGAAATCCATTGAA,0,3249252
recNp,0.14285714285714285,6,6,CATTTGTCAGCGTGTGGTTT,0,3223697
recNp,0.14285714285714285,6,6,CATGTTTCTCGCGGACTCCG,0,3219740
recNp,0.14285714285714285,6,6,CATGGAGCTCCTGCGGAGTA,0,3219849
recNp,0.14285714285714285,6,6,CATGCCTTAGCCCTTGATGA,0,3246607
recNp,0.14285714285714285,6,6,CATGCACGTACCTCCAGAAT,0,3230014
recNp,0.14285714285714285,6,6,CATCCTCTTGTGACGAGCGT,0,3235161
recNp,0.14285714285714285,6,6,CAGTCTTACACTGGAAACAT,0,3254796
recNp,0.14285714285714285,6,6,CAGGTGGCCACGAGGTGTGT,0,3222241
recNp,0.14285714285714285,6,6,CAGGGGTTCGAATCTGCAGG,0,3230380
recNp,0.14285714285714285,6,6,CAGGGATGTGAGATGCAAAT,0,3233514
recNp,0.14285714285714285,6,6,CAGGCTGTAATACGCGTAGA,0,3230594
recNp,0.14285714285714285,6,6,CAGGCGTATACTGAGCTGGT,0,3227429
recNp,0.14285714285714285,6,6,CAGGACCTCGTTTCTTTATC,0,3238715
recNp,0.14285714285714285,6,6,CAGCCGTTACATCCCCCGAG,0,3223567
recNp,0.14285714285714285,6,6,CAGCAGAACGCTGGCGCCAT,0,3218714
recNp,0.14285714285714285,6,6,CAGATTGACCTGCCACAGGG,0,3230819
recNp,0.14285714285714285,6,6,CAGATTCGTGCTCATGTAAA,0,3240532
recNp,0.14285714285714285,6,6,CAGAGACACGTCTACTTCGA,0,3224397
recNp,0.14285714285714285,6,6,CAGACAGTCAGTTTTGGCCA,0,3248881
recNp,0.14285714285714285,6,6,CAGAAAAATGACGTAGACGA,0,3226592
recNp,0.14285714285714285,6,6,CACTTACGCTCTGGTAATTG,0,3229808
recNp,0.14285714285714285,6,6,CACTCTCGCGGACTTAAGTT,0,3250760
recNp,0.14285714285714285,6,6,CACTCCCGAACGTGCCATGT,0,3218594
recNp,0.14285714285714285,6,6,CACTCCCAGGGAAGTGGAGC,0,3220894
recNp,0.14285714285714285,6,6,CACTAAGTTGGGTCGCTCGA,0,3241793
recNp,0.14285714285714285,6,6,CACGCGGAAGATAATGTCGA,0,3222253
recNp,0.14285714285714285,6,6,CACGCGCACGTTTTAATTTT,0,3239869
recNp,0.14285714285714285,6,6,CACAGCGGGCAAATGATTAC,0,3222371
recNp,0.14285714285714285,6,6,CACAAGTAACCCACCAAGAA,0,3250300
recNp,0.14285714285714285,6,6,CACAAGATATCTGATCCGGA,0,3240091
recNp,0.14285714285714285,6,6,CAATTGTATAGACAGATCGA,0,3245377
recNp,0.14285714285714285,6,6,CAATTCCAACAACATTCATA,0,3243384
recNp,0.14285714285714285,6,6,CAATTAGCGCCTCCGCTAAA,0,3225595
recNp,0.14285714285714285,6,6,CAATGAACATGTATAGTGAC,0,3224586
recNp,0.14285714285714285,6,6,CAATCGCGGCACCTATCGCT,0,3236767
recNp,0.14285714285714285,6,6,CAAGAAAACAGGATTGTGTC,0,3232034
recNp,0.14285714285714285,6,6,CAACAGGTTCGGAGCGGGAG,0,3250703
recNp,0.14285714285714285,6,6,CAAATCTCAAAACGGTCTGT,0,3230074
recNp,0.14285714285714285,6,6,ATTTTAGCTGTGCATGTCGG,0,3230478
recNp,0.14285714285714285,6,6,ATTTGAGTGGCGGCGGTCAC,0,3248212
recNp,0.14285714285714285,6,6,ATTTCCTTGCCGACCTTTGA,0,3236334
recNp,0.14285714285714285,6,6,ATTTCACTGGAACCCTTGAT,0,3252158
recNp,0.14285714285714285,6,6,ATTTATAGCAGCGTATGCCA,0,3252695
recNp,0.14285714285714285,6,6,ATTGTGCCCTAATGGAAATG,0,3249550
recNp,0.14285714285714285,6,6,ATTGTGCCAGTCCGCGGACA,0,3246920
recNp,0.14285714285714285,6,6,ATTGGTGTCACCCCGGCCAA,0,3218457
recNp,0.14285714285714285,6,6,ATTGGCAGTTGGCCCTGCAG,0,3231526
recNp,0.14285714285714285,6,6,ATTGCCCTTCATTTAATAAC,0,3240261
recNp,0.14285714285714285,6,6,ATTCAGATAGCTGTAGTGCA,0,3220751
recNp,0.14285714285714285,6,6,ATTATTTCGGCTGGAATTAC,0,3249698
recNp,0.14285714285714285,6,6,ATTATCAAAGAGCGTCTCCA,0,3239023
recNp,0.14285714285714285,6,6,ATGTTGTTTCTCTATCGAGG,0,3217327
recNp,0.14285714285714285,6,6,ATGTGACTGGCATTAGCCAA,0,3247470
recNp,0.14285714285714285,6,6,ATGTCCGCCCACCCGGTGTT,0,3241254
recNp,0.14285714285714285,6,6,ATGGTGTAAATCTTTTGGAA,0,3224674
recNp,0.14285714285714285,6,6,ATGGGTAAAGTTGCACGCGC,0,3225083
recNp,0.14285714285714285,6,6,ATGGGGTGCACGAGTATCCC,0,3222498
recNp,0.14285714285714285,6,6,ATGGCTAATTCACGGGCTGA,0,3234756
recNp,0.14285714285714285,6,6,ATGGAGGGGGCAGTAGTAGG,0,3244987
recNp,0.14285714285714285,6,6,ATGCGAGCCTACCTTTACGG,0,3238854
recNp,0.14285714285714285,6,6,ATGCAGCGCACTTTGCACGG,0,3237188
recNp,0.14285714285714285,6,6,ATGCACATGTACGATTTATA,0,3256044
recNp,0.14285714285714285,6,6,ATGCAAGCCCAGGATGTGGA,0,3239692
recNp,0.14285714285714285,6,6,ATGAGCTCCGCTCGATACCC,0,3255297
recNp,0.14285714285714285,6,6,ATGAAGTTGGGTGGGGCGGC,0,3229248
recNp,0.14285714285714285,6,6,ATCTGAGTGTATTCGAAGAG,0,3230947
recNp,0.14285714285714285,6,6,ATCTCCGGCACACCAGAGAG,0,3239837
recNp,0.14285714285714285,6,6,ATCGGATCTCATTCTTCACG,0,3251004
recNp,0.14285714285714285,6,6,ATCCTAGGTTTGCGATGAAC,0,3228154
recNp,0.14285714285714285,6,6,ATCCCTTCATTCTCACAGTA,0,3244045
recNp,0.14285714285714285,6,6,ATCATGATTATAAGCGGGTT,0,3249509
recNp,0.14285714285714285,6,6,ATCACGCCTTAGGAGTTCTT,0,3243060
recNp,0.14285714285714285,6,6,ATCAAGCTTTCCGTGCGGAC,0,3243832
recNp,0.14285714285714285,6,6,ATATGCAGTAGTGGTCGGAG,0,3254557
recNp,0.14285714285714285,6,6,ATATCATGTTGAAACAATCT,0,3227664
recNp,0.14285714285714285,6,6,ATACCGATTCCAGTATGTGC,0,3244546
recNp,0.14285714285714285,6,6,ATAATTCCTACTGACCGCGG,0,3252258
recNp,0.14285714285714285,6,6,ATAATAGGTCTGGCCGTCCA,0,3243652
recNp,0.14285714285714285,6,6,ATAAGGTAATATTGATCTCA,0,3250124
recNp,0.14285714285714285,6,6,ATAAACGGTCGTGCAGCAGA,0,3252186
recNp,0.14285714285714285,6,6,AGTTTCATAAAAGGGCATGA,0,3238633
recNp,0.14285714285714285,6,6,AGTTCACCGTGAGGGCGTGC,0,3242336
recNp,0.14285714285714285,6,6,AGTTACAGAGCGTATCGGGT,0,3247985
recNp,0.14285714285714285,6,6,AGTTAACAATTGCCAGGCAA,0,3236347
recNp,0.14285714285714285,6,6,AGTGGAATGCCACTGATCGT,0,3243978
recNp,0.14285714285714285,6,6,AGTCGAACCGTAACCTCGAC,0,3221573
recNp,0.14285714285714285,6,6,AGTAGGTCTACTAGCTAAAT,0,3231921
recNp,0.14285714285714285,6,6,AGGTTGATCCATACTTACGA,0,3225649
recNp,0.14285714285714285,6,6,AGGTGGCCGAAAGGTCCAGT,0,3224137
recNp,0.14285714285714285,6,6,AGGTCGATTCAGGTTTTGCC,0,3226486
recNp,0.14285714285714285,6,6,AGGTAGGTCGACCTAAATGA,0,3247812
recNp,0.14285714285714285,6,6,AGGTAGCCGTCCTATGCAAT,0,3232633
recNp,0.14285714285714285,6,6,AGGGGGTCTGAGCCGCTTCA,0,3221561
recNp,0.14285714285714285,6,6,AGGGGGCACCTATGGGATCT,0,3228697
recNp,0.14285714285714285,6,6,AGGGGCTCTCCAGGTCAAGC,0,3222416
recNp,0.14285714285714285,6,6,AGGGGATCGGTACTATCGAC,0,3253607
recNp,0.14285714285714285,6,6,AGGGGAAGGTATCAGGGTGT,0,3239010
recNp,0.14285714285714285,6,6,AGGGCTCTCAGAGGATCTCC,0,3249653
recNp,0.14285714285714285,6,6,AGGGCCTTTCCGCGTCCTTC,0,3250793
recNp,0.14285714285714285,6,6,AGGCCGGTACTTCTAGTCGT,0,3216934
recNp,0.14285714285714285,6,6,AGGCACAGTTAATGGGGGTT,0,3240055
recNp,0.14285714285714285,6,6,AGGACGGTTTGCGTGTGTGG,0,3255764
recNp,0.14285714285714285,6,6,AGCTATTAATATCGGTTGCT,0,3247181
recNp,0.14285714285714285,6,6,AGCGTAAACGGTGCATTCGG,0,3252179
recNp,0.14285714285714285,6,6,AGCGCATGAAACCACCAGGA,0,3236020
recNp,0.14285714285714285,6,6,AGCCTTTTTGCGCGTCCTGT,0,3226363
recNp,0.14285714285714285,6,6,AGCCCAGTTATGTACTCATG,0,3230606
recNp,0.14285714285714285,6,6,AGCAGGTATGCTTTAGTTCT,0,3237517
recNp,0.14285714285714285,6,6,AGCAGGTATAGGCGGGAAAA,0,3224239
recNp,0.14285714285714285,6,6,AGCACTCGAGGTACACAGCT,0,3231015
recNp,0.14285714285714285,6,6,AGCAAAACTTTCGAGTGTGT,0,3227597
recNp,0.14285714285714285,6,6,AGATTCCGACAAAAATAAAG,0,3227193
recNp,0.14285714285714285,6,6,AGATTATGCTCATCGGGATG,0,3218465
recNp,0.14285714285714285,6,6,AGATATGTTGACAATACCTT,0,3253341
recNp,0.14285714285714285,6,6,AGATATCTCGCTAACTGACG,0,3252813
recNp,0.14285714285714285,6,6,AGAGGACAAGGAAGAGATTT,0,3231661
recNp,0.14285714285714285,6,6,AGAGGAACGGGGCAACGTCA,0,3244844
recNp,0.14285714285714285,6,6,AGAACCGCCCACGAACCCAC,0,3236940
recNp,0.14285714285714285,6,6,ACTTCTGGATCACTCAAGAG,0,3219715
recNp,0.14285714285714285,6,6,ACTGGAATGACGACGTGCAT,0,3230712
recNp,0.14285714285714285,6,6,ACTGCCAGTTTAGCCCTCAC,0,3233081
recNp,0.14285714285714285,6,6,ACTGAATTCTTAAGATACTC,0,3239149
recNp,0.14285714285714285,6,6,ACTCTGCACCATTCTCTCCC,0,3249368
recNp,0.14285714285714285,6,6,ACTCGGCGTCTGGCGCTCAG,0,3252499
recNp,0.14285714285714285,6,6,ACTCATCTGCTACCTTGGTT,0,3223468
recNp,0.14285714285714285,6,6,ACTAGATTATCAGAAGCTAA,0,3228499
recNp,0.14285714285714285,6,6,ACTACATGCTACAACATCAG,0,3247215
recNp,0.14285714285714285,6,6,ACGTGGGTAAGGGCTTGCGT,0,3225852
recNp,0.14285714285714285,6,6,ACGTGCGGGCTCGGAGCCGT,0,3239781
recNp,0.14285714285714285,6,6,ACGTGCGACCACGCCCGTTA,0,3246604
recNp,0.14285714285714285,6,6,ACGTCTTGGTATGTAAGGTA,0,3221066
recNp,0.14285714285714285,6,6,ACGTCTCACTCTGGCAGTCT,0,3220339
recNp,0.14285714285714285,6,6,ACGGTATTAGGGTGTTCAGA,0,3248209
recNp,0.14285714285714285,6,6,ACGGGACAGTGGTGCACTTG,0,3234460
recNp,0.14285714285714285,6,6,ACGGCAGAAACTTTGGCGTA,0,3252080
recNp,0.14285714285714285,6,6,ACGCCTGTTCTTGATCGGGG,0,3254064
recNp,0.14285714285714285,6,6,ACGCCATAAATGTCCGCAAT,0,3226089
recNp,0.14285714285714285,6,6,ACGCATGAATAGTAGCTCGA,0,3243809
recNp,0.14285714285714285,6,6,ACGATCTAGACTGACGCCTG,0,3250442
recNp,0.14285714285714285,6,6,ACGAGCCGCCCACAACGTGC,0,3234694
recNp,0.14285714285714285,6,6,ACGACGTGTGGTGTTTAAAT,0,3228478
recNp,0.14285714285714285,6,6,ACCTCTTGCGTCTGCGAACC,0,3248834
recNp,0.14285714285714285,6,6,ACCGTGGACACTTGGAACGT,0,3241852
recNp,0.14285714285714285,6,6,ACCGGTATTTATCACAAGTC,0,3247904
recNp,0.14285714285714285,6,6,ACCGCTAACCTACGCGCCTT,0,3251772
recNp,0.14285714285714285,6,6,ACCGCGGCTGAGTCAACTAT,0,3250620
recNp,0.14285714285714285,6,6,ACCGCGCACCAGGGCTCTTG,0,3244536
recNp,0.14285714285714285,6,6,ACCGCATAGTTCCTAATGGC,0,3225375
recNp,0.14285714285714285,6,6,ACCCCTAGGCAATTTATTCA,0,3241552
recNp,0.14285714285714285,6,6,ACCATTACACCTTTGGCTAG,0,3251094
recNp,0.14285714285714285,6,6,ACCATTAAGCATTTATCACT,0,3242429
recNp,0.14285714285714285,6,6,ACCATGCGTAAAGGTTCGCC,0,3218028
recNp,0.14285714285714285,6,6,ACCAACAGACAGCCTGACAG,0,3230868
recNp,0.14285714285714285,6,6,ACATTTCCGAGGCAGGCGCT,0,3252712
recNp,0.14285714285714285,6,6,ACATGCGGACCAGCAACTTG,0,3222123
recNp,0.14285714285714285,6,6,ACAGTCCATATGTCATAACT,0,3251192
recNp,0.14285714285714285,6,6,ACAGAAACGAGATAATGCGA,0,3237789
recNp,0.14285714285714285,6,6,ACACAACCATTTTAATTCGC,0,3222356
recNp,0.14285714285714285,6,6,ACAATTACGCCCGCACGGTT,0,3227892
recNp,0.14285714285714285,6,6,ACAATCAACCGGGTGCTTTT,0,3228766
recNp,0.14285714285714285,6,6,ACAACATGATCGGTCACCAT,0,3240815
recNp,0.14285714285714285,6,6,AATTCAGACTCGGAGGATCC,0,3225659
recNp,0.14285714285714285,6,6,AATCGAGAGTATGGAAAACA,0,3234443
recNp,0.14285714285714285,6,6,AATATATTTACAAGATTCGA,0,3240460
recNp,0.14285714285714285,6,6,AATATACTCGTTGCTCTGGG,0,3228578
recNp,0.14285714285714285,6,6,AATACTCTTTTTATGCAAGA,0,3253265
recNp,0.14285714285714285,6,6,AAGTTGATTAATCCCGATAA,0,3248890
recNp,0.14285714285714285,6,6,AAGTTCTGGTGTAAGAGGCT,0,3223955
recNp,0.14285714285714285,6,6,AAGTGGTGGGGTCTCGCTGT,0,3246958
recNp,0.14285714285714285,6,6,AAGGATAGATAGCTTCAAGC,0,3223913
recNp,0.14285714285714285,6,6,AAGGAACTAGAACGTTGTAC,0,3232751
recNp,0.14285714285714285,6,6,AAGATCGACACTGGTTCCGA,0,3222469
recNp,0.14285714285714285,6,6,AAGAGGGCGTTCAGCAGTTT,0,3219056
recNp,0.14285714285714285,6,6,AACTATTGATAAGGCAGGAC,0,3237021
recNp,0.14285714285714285,6,6,AACGTCGGTTGGCGCATGTA,0,3235575
recNp,0.14285714285714285,6,6,AACGGAACTCCGGTCTTCAG,0,3249057
recNp,0.14285714285714285,6,6,AACGAGGACACTCTCTCGCG,0,3231383
recNp,0.14285714285714285,6,6,AACGAAGCCCACTAGAGAGA,0,3222572
recNp,0.14285714285714285,6,6,AACCTTCCCGTAATACAGAT,0,3248766
recNp,0.14285714285714285,6,6,AACCGTTGTGAAGGAGGCAT,0,3245552
recNp,0.14285714285714285,6,6,AACCACTCGTGAAACGGAGG,0,3248179
recNp,0.14285714285714285,6,6,AACATGCTCTGAAAAAGGTA,0,3245204
recNp,0.14285714285714285,6,6,AACAAGACAAGATAGGTCGT,0,3231131
recNp,0.14285714285714285,6,6,AAATTCCCAGGCTCGACATG,0,3233693
recNp,0.14285714285714285,6,6,AAATATCCACTGGAATTCCG,0,3225409
recNp,0.14285714285714285,6,6,AAAGCGTTGACGTCCGGTGG,0,3244370
recNp,0.14285714285714285,6,6,AAAGCCAGTTGTGGAGGCGT,0,3245808
recNp,0.14285714285714285,6,6,AAAGCCACGGAGACTGACAA,0,3238929
recNp,0.14285714285714285,6,6,AAAGAAAGCGTAGAGGCTGC,0,3241650
recNp,0.14285714285714285,6,6,AAACTTCTGGTTCACACTGG,0,3222472
recNp,0.14285714285714285,6,6,AAACTGGAATAAAAGGTTTC,0,3225816
recNp,0.14285714285714285,6,6,AAACTCTTTCTTGCTATATA,0,3228225
recNp,0.14285714285714285,6,6,AAACGTTAGTCGTCGTAGAG,0,3243061
recNp,0.14285714285714285,6,6,AAACCTCGACTTGTTCTACG,0,3240769
recNp,0.14285714285714285,6,6,AAACCACATGATTGTTTGTG,0,3254244
recNp,0.14285714285714285,6,6,AAACACGATATATGCACTCA,0,3241710
recNp,0.14285714285714285,6,6,AAAATTTGGCGGATATACTA,0,3221814
recNp,0.14285714285714285,6,6,AAAATCGTGTCTGCGCTATA,0,3250501
recNp,0.16666666666666666,5,5,TTTTTACTAACTTCACTGCA,0,3249914
recNp,0.16666666666666666,5,5,TTTTGTTGGGGTCCAGTGTT,0,3244548
recNp,0.16666666666666666,5,5,TTTTCCCTTCTGATGCTTTT,0,3253554
recNp,0.16666666666666666,5,5,TTTTACGGGCGACTGAGACA,0,3226677
recNp,0.16666666666666666,5,5,TTTCTGGCACGGCCTTCTCT,0,3219513
recNp,0.16666666666666666,5,5,TTTCGTGAGTGCATCTCCTC,0,3223406
recNp,0.16666666666666666,5,5,TTTCGGCTCAAGCAGAATAG,0,3227394
recNp,0.16666666666666666,5,5,TTTCGGATCTTAAAACTCGG,0,3218884
recNp,0.16666666666666666,5,5,TTTCGCTGCGGTCTGGCATA,0,3229111
recNp,0.16666666666666666,5,5,TTTCCTAATACGGGCATCAG,0,3226214
recNp,0.16666666666666666,5,5,TTTCCGTTTACGCCGCGCAT,0,3241466
recNp,0.16666666666666666,5,5,TTTCCAGACTTCAAACTCGG,0,3225405
recNp,0.16666666666666666,5,5,TTTCATCAAGCTTCAGCGGC,0,3251456
recNp,0.16666666666666666,5,5,TTTCAGTGCCATCAGCCCGA,0,3227825
recNp,0.16666666666666666,5,5,TTTCACTCTCCACGTTAGAC,0,3228219
recNp,0.16666666666666666,5,5,TTTAGCACAGAAAGAATAGA,0,3219087
recNp,0.16666666666666666,5,5,TTGTAAATGCCCGTTGCGAG,0,3223009
recNp,0.16666666666666666,5,5,TTGGACCTTCGGCGGGGTGG,0,3239062
recNp,0.16666666666666666,5,5,TTGCAGCATGGGACCCCGTT,0,3226642
recNp,0.16666666666666666,5,5,TTGATACACGGAGATCATGC,0,3232345
recNp,0.16666666666666666,5,5,TTGAGTCATGCATCCATTGC,0,3224366
recNp,0.16666666666666666,5,5,TTGAGTACGTTCGTCACTAG,0,3244934
recNp,0.16666666666666666,5,5,TTGAATTGAACGGTCAACAA,0,3223837
recNp,0.16666666666666666,5,5,TTCTTGTGAACCAGGACATA,0,3244750
recNp,0.16666666666666666,5,5,TTCTCATCGTCAATCGAGCA,0,3242988
recNp,0.16666666666666666,5,5,TTCTAGCTACCAGGGGTAAG,0,3226263
recNp,0.16666666666666666,5,5,TTCGGTTCAACGACGTCTAG,0,3232522
recNp,0.16666666666666666,5,5,TTCGGCCGGCCCTGACCAGG,0,3249429
recNp,0.16666666666666666,5,5,TTCGCTTACGTGCTACCGGC,0,3246957
recNp,0.16666666666666666,5,5,TTCCGCAAGCAGTCAATTTA,0,3244457
recNp,0.16666666666666666,5,5,TTCATATCTGTTCATATCGT,0,3219838
recNp,0.16666666666666666,5,5,TTCAGCGTCGTACGCTGTTC,0,3230015
recNp,0.16666666666666666,5,5,TTATCTTTTATTGATCAAAG,0,3233110
recNp,0.16666666666666666,5,5,TTAGTTGTTTATGTGTGATA,0,3255520
recNp,0.16666666666666666,5,5,TTAGGATATATTTGTTGTGG,0,3225566
recNp,0.16666666666666666,5,5,TTAGAGGGACTTTAAAATTC,0,3223823
recNp,0.16666666666666666,5,5,TTACAGCACCTTAGGCAGCA,0,3228848
recNp,0.16666666666666666,5,5,TTAAGTAGGGCTCGCTCGTT,0,3250959
recNp,0.16666666666666666,5,5,TTAACTCTTTGGCGTTGGTT,0,3241594
recNp,0.16666666666666666,5,5,TGTTGCTTCGTGTGCCAGTA,0,3225784
recNp,0.16666666666666666,5,5,TGTTCCGCGGCATCAGCGGG,0,3242464
recNp,0.16666666666666666,5,5,TGTCTGTGCCATTCAGGGAC,0,3220111
recNp,0.16666666666666666,5,5,TGTCGGGAGCGATTGTACTC,0,3250689
recNp,0.16666666666666666,5,5,TGTCACAGATTGTATGGTAC,0,3234799
recNp,0.16666666666666666,5,5,TGTCAAGTGTTTCCCCCTGT,0,3217405
recNp,0.16666666666666666,5,5,TGTATTCGTCGTTATGACTT,0,3244129
recNp,0.16666666666666666,5,5,TGTATCCTTAATAAAGCATA,0,3255522
recNp,0.16666666666666666,5,5,TGTACTTCAAGGAGCTAGCC,0,3245140
recNp,0.16666666666666666,5,5,TGTACCCTGACTTCCGATGG,0,3234697
recNp,0.16666666666666666,5,5,TGGGTGGAAAAAACTCCGAA,0,3235487
recNp,0.16666666666666666,5,5,TGGGTCAGCAATCATACACT,0,3221432
recNp,0.16666666666666666,5,5,TGGGGGACTTTGAAGGTCTC,0,3243170
recNp,0.16666666666666666,5,5,TGGGGAGTCGTCCGGCATCA,0,3242270
recNp,0.16666666666666666,5,5,TGGGCCGCTATTCTCGCCAT,0,3249940
recNp,0.16666666666666666,5,5,TGGGAGTATAGACTTGGTAC,0,3236243
recNp,0.16666666666666666,5,5,TGGGAGAATAGAAGGTATGG,0,3219603
recNp,0.16666666666666666,5,5,TGGCTGGCCGTAGTAAGAAA,0,3217761
recNp,0.16666666666666666,5,5,TGGCGTTGGTATCCTGTAAC,0,3241737
recNp,0.16666666666666666,5,5,TGGCACGATTACGCCTGACA,0,3249451
recNp,0.16666666666666666,5,5,TGGCAATCCCATTGTGAATC,0,3239695
recNp,0.16666666666666666,5,5,TGGAGGCTCACATAATCCCG,0,3224793
recNp,0.16666666666666666,5,5,TGGAGGATGATCTATATCAT,0,3234714
recNp,0.16666666666666666,5,5,TGGAATGGCTTGGATTCGCT,0,3243048
recNp,0.16666666666666666,5,5,TGGAAGGGTAATAGGTGATC,0,3232515
recNp,0.16666666666666666,5,5,TGCGTGAGTAAGCAGTTACT,0,3221114
recNp,0.16666666666666666,5,5,TGCGGTTACAGACTGGCACC,0,3248850
recNp,0.16666666666666666,5,5,TGCGGCGCGCTTGTGCTCTA,0,3247173
recNp,0.16666666666666666,5,5,TGCGCGAGGTTGTTTCCTTT,0,3224981
recNp,0.16666666666666666,5,5,TGCCTCTGCATTGCTTACTC,0,3232521
recNp,0.16666666666666666,5,5,TGCCTAGGGGAAATAAGAGG,0,3234237
recNp,0.16666666666666666,5,5,TGCCGTCCTCGGTAACACCG,0,3221115
recNp,0.16666666666666666,5,5,TGCCGTCCAAAGAGCTCGTT,0,3229226
recNp,0.16666666666666666,5,5,TGCCCGGTTCGATAGCATTG,0,3236598
recNp,0.16666666666666666,5,5,TGCATTGAGCTGAAGATAGT,0,3250371
recNp,0.16666666666666666,5,5,TGCAATTTCTATTTGGAAAG,0,3248975
recNp,0.16666666666666666,5,5,TGCAAAGTATAACGGCTTCG,0,3247055
recNp,0.16666666666666666,5,5,TGATTTAGTGTCTAGTAACT,0,3219127
recNp,0.16666666666666666,5,5,TGATTCACGGCAGGTATCTC,0,3236180
recNp,0.16666666666666666,5,5,TGATGCGACCGGGCATTCAG,0,3236704
recNp,0.16666666666666666,5,5,TGATGCCCTCAGGACTGTCT,0,3250593
recNp,0.16666666666666666,5,5,TGAGGTTGGTAAAACCGTGA,0,3249524
recNp,0.16666666666666666,5,5,TGAGGGGCAAGATCCCAATT,0,3234898
recNp,0.16666666666666666,5,5,TGAGGAGCATAGATGTTTCT,0,3232087
recNp,0.16666666666666666,5,5,TGAGATCGCCTTACATGAAA,0,3253881
recNp,0.16666666666666666,5,5,TGACTGAAGGCCCCCACGAG,0,3220277
recNp,0.16666666666666666,5,5,TGACCCACGACTTGTTTGAT,0,3251447
recNp,0.16666666666666666,5,5,TCTTGTTCTTCTCTTTTGAT,0,3246580
recNp,0.16666666666666666,5,5,TCTTGAGTGGGCCAATCAAG,0,3254188
recNp,0.16666666666666666,5,5,TCTTAGTTGTCATGTTTCTG,0,3249018
recNp,0.16666666666666666,5,5,TCTCTTACCCCGTAGCGGAA,0,3246150
recNp,0.16666666666666666,5,5,TCTCGTCGGGTCACAGCTAG,0,3243654
recNp,0.16666666666666666,5,5,TCTAGTTGATCCGACTTAAT,0,3235286
recNp,0.16666666666666666,5,5,TCTACGGGCGTATTCCCTCG,0,3236849
recNp,0.16666666666666666,5,5,TCTAAAATTGTTGATCGCCC,0,3222530
recNp,0.16666666666666666,5,5,TCGTTTCGTTGTCCAGCTGG,0,3235616
recNp,0.16666666666666666,5,5,TCGTGTTCCTTCATATGAGT,0,3216702
recNp,0.16666666666666666,5,5,TCGTGCTATTGGGAAGCGTC,0,3227544
recNp,0.16666666666666666,5,5,TCGTCGAACGGTAACGTTCA,0,3229783
recNp,0.16666666666666666,5,5,TCGTATCACCCTCAGAGGAT,0,3220871
recNp,0.16666666666666666,5,5,TCGGTTTTTACCAGCTTTTG,0,3225149
recNp,0.16666666666666666,5,5,TCGGCTCGTGTAGCAATTTT,0,3231865
recNp,0.16666666666666666,5,5,TCGGCGAAGAGCGGCAAGGG,0,3242618
recNp,0.16666666666666666,5,5,TCGGAGTCTCGGGAAGTGTC,0,3245342
recNp,0.16666666666666666,5,5,TCGCTTCGTTTGCGATGCCC,0,3222450
recNp,0.16666666666666666,5,5,TCGCTTCGGTCCCGAGCCGG,0,3249554
recNp,0.16666666666666666,5,5,TCGCCTTAGCACGCGGGTGT,0,3228436
recNp,0.16666666666666666,5,5,TCGCACCAGCCCCACGGGGC,0,3243209
recNp,0.16666666666666666,5,5,TCGATGTCATCGCCCAGAGA,0,3229786
recNp,0.16666666666666666,5,5,TCGAAATGAGCTGTAAAAGC,0,3245314
recNp,0.16666666666666666,5,5,TCCTGGACGATACGCACAGA,0,3228044
recNp,0.16666666666666666,5,5,TCCGGTGTTGCGGTCCTGGC,0,3235646
recNp,0.16666666666666666,5,5,TCCGGGATCGATTACTTGGC,0,3223993
recNp,0.16666666666666666,5,5,TCCGCCCCTTTGGCTCTGGT,0,3234592
recNp,0.16666666666666666,5,5,TCCGACAGGCCCGGGGGTTC,0,3223288
recNp,0.16666666666666666,5,5,TCCATTTAATACATTGAATA,0,3223745
recNp,0.16666666666666666,5,5,TCCATCAAGGTTAGGCCAAT,0,3232372
recNp,0.16666666666666666,5,5,TCCATAATTATGGGGTAAAT,0,3246226
recNp,0.16666666666666666,5,5,TCCATAAGTAAGAGTGCACC,0,3254843
recNp,0.16666666666666666,5,5,TCATTAGGGACACACACTCG,0,3235015
recNp,0.16666666666666666,5,5,TCATACGGCCCGATTGTATT,0,3219137
recNp,0.16666666666666666,5,5,TCAGTTGTACCCCACCCAGC,0,3237084
recNp,0.16666666666666666,5,5,TCAGTAAATTAGAAGAAGGA,0,3243703
recNp,0.16666666666666666,5,5,TCACAAAAAAAGCACCCGCC,0,3226002
recNp,0.16666666666666666,5,5,TCAATGGAATGAGACCCCTG,0,3248746
recNp,0.16666666666666666,5,5,TCAACTTCATCCAAATGGTC,0,3229804
recNp,0.16666666666666666,5,5,TCAAAGGCCCGTTCTTATCA,0,3220218
recNp,0.16666666666666666,5,5,TATTTTCGACAATGGAGCAT,0,3236895
recNp,0.16666666666666666,5,5,TATTCTGTTCGCTTATTCTT,0,3227549
recNp,0.16666666666666666,5,5,TATTCCCGCAACGAACAATA,0,3247069
recNp,0.16666666666666666,5,5,TATTCAGGACAAGGGAATTC,0,3224059
recNp,0.16666666666666666,5,5,TATTACGGCATCAAGAAGGC,0,3242837
recNp,0.16666666666666666,5,5,TATGGGAAGATAACTTTACA,0,3243985
recNp,0.16666666666666666,5,5,TATCCCGGTGAAGGTCTTAA,0,3254258
recNp,0.16666666666666666,5,5,TATACGGTAGCCTAATTGCC,0,3246433
recNp,0.16666666666666666,5,5,TAGGTCTCCTAATTACTAAG,0,3220802
recNp,0.16666666666666666,5,5,TAGGTCCGTATAGAGGAGTC,0,3255833
recNp,0.16666666666666666,5,5,TAGGGTCTAGAGCCCAGTGC,0,3239957
recNp,0.16666666666666666,5,5,TAGGCCTTTGTACACACGCA,0,3250430
recNp,0.16666666666666666,5,5,TAGGACCTCTCCGATCCTAG,0,3219572
recNp,0.16666666666666666,5,5,TAGCGGAGGGATACGACAGA,0,3250174
recNp,0.16666666666666666,5,5,TAGATCTCATAAACTGACGC,0,3233539
recNp,0.16666666666666666,5,5,TAGAACCTCTACCCAGCAAT,0,3252738
recNp,0.16666666666666666,5,5,TACTTCTTTGGCAGGGGCTG,0,3240964
recNp,0.16666666666666666,5,5,TACGGAGGCGGATGTCCACG,0,3223916
recNp,0.16666666666666666,5,5,TACGCAAGGGCGCATGATTC,0,3225328
recNp,0.16666666666666666,5,5,TACGAGATCCTTCATTAGTG,0,3251262
recNp,0.16666666666666666,5,5,TACCGTATAGGCTTGTTCGT,0,3246190
recNp,0.16666666666666666,5,5,TACCGGCCGATGGACATTCT,0,3221033
recNp,0.16666666666666666,5,5,TACAGTAATCGGGCCATCCT,0,3240882
recNp,0.16666666666666666,5,5,TACACCTTGCCGGACCCAGC,0,3228307
recNp,0.16666666666666666,5,5,TAATGGTTAGGTAATCATTG,0,3219362
recNp,0.16666666666666666,5,5,TAATGGAGTCACCGTATTGC,0,3235090
recNp,0.16666666666666666,5,5,TAATCGTTATTTAGACATGG,0,3228992
recNp,0.16666666666666666,5,5,TAATCCGAGCTTTCTAGAAC,0,3249913
recNp,0.16666666666666666,5,5,TAAGTGTCGGGAATATGCAT,0,3222287
recNp,0.16666666666666666,5,5,TAACTGGGCATTGTAGTATT,0,3233689
recNp,0.16666666666666666,5,5,TAACCTAAGAGTCGGCTAGT,0,3235741
recNp,0.16666666666666666,5,5,GTTTTTGTTTCATTGTCCTG,0,3236281
recNp,0.16666666666666666,5,5,GTTTTGTCCCCTTTGAAAGG,0,3216933
recNp,0.16666666666666666,5,5,GTTTCCCAGGAATTTCCGGT,0,3224902
recNp,0.16666666666666666,5,5,GTTTACTCGGATCATCAAAG,0,3246963
recNp,0.16666666666666666,5,5,GTTGGATAAAAGGTACAGGG,0,3220649
recNp,0.16666666666666666,5,5,GTTCCGCTTCATGTCTGGGG,0,3228214
recNp,0.16666666666666666,5,5,GTTATTGGGCGTAACGCGTC,0,3244342
recNp,0.16666666666666666,5,5,GTTATACACAAGTCATGTTG,0,3224447
recNp,0.16666666666666666,5,5,GTTAAGCGCACCGTCGGACA,0,3218324
recNp,0.16666666666666666,5,5,GTGTGGTACGAACGGATCTC,0,3241145
recNp,0.16666666666666666,5,5,GTGTGGAAGAAACATTCGAT,0,3222486
recNp,0.16666666666666666,5,5,GTGTGAGGCCGTGGCTCTAA,0,3216865
recNp,0.16666666666666666,5,5,GTGCGTAGTCCTTTTGCTTC,0,3232890
recNp,0.16666666666666666,5,5,GTGCGAAAATCTGGGCGTAT,0,3234732
recNp,0.16666666666666666,5,5,GTGCCAAAAACACCGGATTT,0,3232390
recNp,0.16666666666666666,5,5,GTGCATCTGGGCGTTAATGG,0,3240686
recNp,0.16666666666666666,5,5,GTGAATAGTATCGGTGTAGA,0,3237950
recNp,0.16666666666666666,5,5,GTCTTGCATTAGAGCCTGGT,0,3216944
recNp,0.16666666666666666,5,5,GTCTTCTTTGAATAGTTACG,0,3226457
recNp,0.16666666666666666,5,5,GTCTTCACGGTATGCCATCC,0,3235396
recNp,0.16666666666666666,5,5,GTCTGATGTACAAACGTGAG,0,3244087
recNp,0.16666666666666666,5,5,GTCCTATCCTGCCAAAGGGC,0,3229378
recNp,0.16666666666666666,5,5,GTCCACTCACTAAAACATTT,0,3225639
recNp,0.16666666666666666,5,5,GTCCAAAAATGGCACATCAG,0,3222225
recNp,0.16666666666666666,5,5,GTCAGAGGTATATGGACGCG,0,3219854
recNp,0.16666666666666666,5,5,GTCAATAGTAAGGTCTGACG,0,3216594
recNp,0.16666666666666666,5,5,GTATGGCCTTTGTGCCCTCA,0,3228825
recNp,0.16666666666666666,5,5,GTATCGTGAATAAGTCTGAC,0,3244255
recNp,0.16666666666666666,5,5,GTAGCGGGTAACCGCTGGAG,0,3251143
recNp,0.16666666666666666,5,5,GTAGCGAGTATGGCCTCAAT,0,3247614
recNp,0.16666666666666666,5,5,GTAGATCGATGATGCATCGG,0,3234321
recNp,0.16666666666666666,5,5,GTAAGCTCGTTGGCGTAAAC,0,3239215
recNp,0.16666666666666666,5,5,GTAACTACATCAACTGCGAT,0,3221567
recNp,0.16666666666666666,5,5,GTAACGAAACCGATCGCGCG,0,3248989
recNp,0.16666666666666666,5,5,GTAACCGAGGTATCCTTTTG,0,3227184
recNp,0.16666666666666666,5,5,GGTTGTGTTGCACGTTCATC,0,3241491
recNp,0.16666666666666666,5,5,GGTTCTCTAGATTGTTCCGC,0,3216526
recNp,0.16666666666666666,5,5,GGTGCAATCGCGAAGAACGT,0,3241979
recNp,0.16666666666666666,5,5,GGTCGCCCGACTATCGGCCA,0,3237923
recNp,0.16666666666666666,5,5,GGTCGATCAACCGCTATTTC,0,3233192
recNp,0.16666666666666666,5,5,GGTATAGCGAAGAAATGCCG,0,3251284
recNp,0.16666666666666666,5,5,GGTAGCACCTATCGACTGTC,0,3247032
recNp,0.16666666666666666,5,5,GGTACCTGCTCTTTGTGGGA,0,3239331
recNp,0.16666666666666666,5,5,GGGTATGGCCGGATTTATTT,0,3246936
recNp,0.16666666666666666,5,5,GGGGCCTACAGCGATCGAAC,0,3231076
recNp,0.16666666666666666,5,5,GGGCTAAAGGAACTTTCCTG,0,3249992
recNp,0.16666666666666666,5,5,GGGCGGATTTTTTCTTATGT,0,3227324
recNp,0.16666666666666666,5,5,GGGCAGGCCCGTTTTCCTTT,0,3247122
recNp,0.16666666666666666,5,5,GGGAGGAAAGAACCGTTCAT,0,3221676
recNp,0.16666666666666666,5,5,GGGAGACCGCTTTTTGCTTG,0,3238499
recNp,0.16666666666666666,5,5,GGGACGTAAGTAGGGTCCTG,0,3250891
recNp,0.16666666666666666,5,5,GGGACCGACGATGACACCCA,0,3237827
recNp,0.16666666666666666,5,5,GGGAACTTGCCGACGAATGT,0,3221530
recNp,0.16666666666666666,5,5,GGCTCTCAACCGCGTGTCCT,0,3252541
recNp,0.16666666666666666,5,5,GGCTCAGGATAGCGGGGCAA,0,3252758
recNp,0.16666666666666666,5,5,GGCTAAAAAGGAACTCGGTG,0,3235272
recNp,0.16666666666666666,5,5,GGCGCATGTCAAAAACAATT,0,3244819
recNp,0.16666666666666666,5,5,GGCCTTCTTACGTTACTAGG,0,3221743
recNp,0.16666666666666666,5,5,GGCCGCTCTCGCCACCCAAA,0,3245715
recNp,0.16666666666666666,5,5,GGCCAGCCCATGGGCTTCAC,0,3219383
recNp,0.16666666666666666,5,5,GGCATTTGACTACGCCATTC,0,3218368
recNp,0.16666666666666666,5,5,GGCATGGTGACTTACAAATC,0,3229779
recNp,0.16666666666666666,5,5,GGCAGCCCAGGTAACTTCGG,0,3224022
recNp,0.16666666666666666,5,5,GGCAATACACTCCCCATGGT,0,3234985
recNp,0.16666666666666666,5,5,GGATTCTCGCTCATAACAAT,0,3254939
recNp,0.16666666666666666,5,5,GGATAGGACGAGGGGCGACT,0,3225094
recNp,0.16666666666666666,5,5,GGAGTGGCGTTGGCTGCATA,0,3222026
recNp,0.16666666666666666,5,5,GGAGTCCCCCTCTGTGCGCT,0,3234128
recNp,0.16666666666666666,5,5,GGAGGCGCAGATGGCAATTA,0,3239286
recNp,0.16666666666666666,5,5,GGACGCAGTCTTCTAGTCCT,0,3255532
recNp,0.16666666666666666,5,5,GGACCATGTGCAGCCATCAT,0,3234936
recNp,0.16666666666666666,5,5,GGACAAGACGTAATACCGGT,0,3239181
recNp,0.16666666666666666,5,5,GGAATTGACGGAGCGTGGAA,0,3224225
recNp,0.16666666666666666,5,5,GGAAGGTTCTTGATTACCTC,0,3252982
recNp,0.16666666666666666,5,5,GGAACTCTATTGGGCGATCA,0,3251087
recNp,0.16666666666666666,5,5,GGAACCCTCCCCAACTACCC,0,3240381
recNp,0.16666666666666666,5,5,GGAAAGTTCGCGCTATTTAC,0,3238616
recNp,0.16666666666666666,5,5,GCTTTCAGGAGTAAAGTACA,0,3239222
recNp,0.16666666666666666,5,5,GCTTGTTCCCTCCGGGATGC,0,3249582
recNp,0.16666666666666666,5,5,GCTTGCATGCTCAAGGCGGG,0,3243732
recNp,0.16666666666666666,5,5,GCTTCCCCTGGTGGAAACCC,0,3248252
recNp,0.16666666666666666,5,5,GCTTCACTTTTCTAATGTAT,0,3228221
recNp,0.16666666666666666,5,5,GCTTACAAGGCGGGTGTGCA,0,3227545
recNp,0.16666666666666666,5,5,GCTGGAATGCATCAGTATGC,0,3228789
recNp,0.16666666666666666,5,5,GCTGCAACCTAATACGTTGG,0,3224478
recNp,0.16666666666666666,5,5,GCTGAATGACACTCATAAGC,0,3235668
recNp,0.16666666666666666,5,5,GCTCTTTCCACTACAGCAAT,0,3229713
recNp,0.16666666666666666,5,5,GCTAGCCCAAATCACGAACA,0,3243918
recNp,0.16666666666666666,5,5,GCGTTGCGAAGAGGAATTTA,0,3239369
recNp,0.16666666666666666,5,5,GCGTTACTGCATAAGAAATA,0,3217762
recNp,0.16666666666666666,5,5,GCGGTATCACTCGTTGTACT,0,3255394
recNp,0.16666666666666666,5,5,GCGGGTTCCATCGTGGAAAG,0,3251887
recNp,0.16666666666666666,5,5,GCGGATGGTAACTGGGGAAC,0,3225581
recNp,0.16666666666666666,5,5,GCGCGCACGCTCTATTGTAT,0,3238953
recNp,0.16666666666666666,5,5,GCGCGCACACTCAGTCATCA,0,3218245
recNp,0.16666666666666666,5,5,GCGAGTCGGCTGCATGATCC,0,3222345
recNp,0.16666666666666666,5,5,GCGAGACGATCCTCCGACAT,0,3227537
recNp,0.16666666666666666,5,5,GCGAAAGTGTTTGCCTACAG,0,3248739
recNp,0.16666666666666666,5,5,GCCTGTGCGGCATGATGTAT,0,3254653
recNp,0.16666666666666666,5,5,GCCTACAGCCTTCCCTCGTG,0,3251535
recNp,0.16666666666666666,5,5,GCCGGTTTCTATGACCTCCC,0,3218236
recNp,0.16666666666666666,5,5,GCCGCTAAGTATGCTTTTGA,0,3224255
recNp,0.16666666666666666,5,5,GCCGCAAAGCTATCCGGTGA,0,3252228
recNp,0.16666666666666666,5,5,GCCCATAGTTCCGAAAATTA,0,3244859
recNp,0.16666666666666666,5,5,GCCCACGGAGTCATAGAACT,0,3244139
recNp,0.16666666666666666,5,5,GCCACATGTCATGGGTGTTC,0,3255226
recNp,0.16666666666666666,5,5,GCAGTGGGACGGCTCTCTTG,0,3250635
recNp,0.16666666666666666,5,5,GCAGGTCTAAAGTCTAAAGA,0,3229552
recNp,0.16666666666666666,5,5,GCAGCCATTCGACACATTAC,0,3249995
recNp,0.16666666666666666,5,5,GCAGAGGTTGGTCCAACAGA,0,3225046
recNp,0.16666666666666666,5,5,GCAGAGAGGCTTCTCATAGG,0,3236544
recNp,0.16666666666666666,5,5,GCAGAATGTGGATTCGATGA,0,3248138
recNp,0.16666666666666666,5,5,GCAGAATGAGTAGGACTTGT,0,3216680
recNp,0.16666666666666666,5,5,GCACTGCCGTCATAGGGTAT,0,3246950
recNp,0.16666666666666666,5,5,GCACGTTTAAGACCGTAGCA,0,3229260
recNp,0.16666666666666666,5,5,GCACCCCGTCACTTGACTTT,0,3241908
recNp,0.16666666666666666,5,5,GCACCACATGGCACGCAGTA,0,3222360
recNp,0.16666666666666666,5,5,GCAATAGTTACTAGCGTCTC,0,3255025
recNp,0.16666666666666666,5,5,GCAAGAGAGATTACGTTCAC,0,3254105
recNp,0.16666666666666666,5,5,GCAACAAAGCCACCGAGCGT,0,3241478
recNp,0.16666666666666666,5,5,GATTCAGAAAGGGTCAACAA,0,3223168
recNp,0.16666666666666666,5,5,GATGTCAACCTGGTAGACGA,0,3251904
recNp,0.16666666666666666,5,5,GATGATTATTACGGGTTCCA,0,3224795
recNp,0.16666666666666666,5,5,GATCGGCTTGGTGCGGGAAA,0,3226657
recNp,0.16666666666666666,5,5,GATCGAGCGGCTATCCCTGG,0,3254563
recNp,0.16666666666666666,5,5,GATCCACGGTTCGGACGGGG,0,3239191
recNp,0.16666666666666666,5,5,GATATCCGGCACTCGGGGCT,0,3249734
recNp,0.16666666666666666,5,5,GATATCCATATTAAGGTTAT,0,3229947
recNp,0.16666666666666666,5,5,GATACGAAGTGGTCGGAGTC,0,3243451
recNp,0.16666666666666666,5,5,GATAAGTTGGAGGTAAACGT,0,3237243
recNp,0.16666666666666666,5,5,GATAAAACGAGGATGCCCCG,0,3224016
recNp,0.16666666666666666,5,5,GAGTTTCAACGCTTTATTGG,0,3248706
recNp,0.16666666666666666,5,5,GAGTTCGTTGTACAATGTTC,0,3233862
recNp,0.16666666666666666,5,5,GAGTTCGGACGCATGGTGGG,0,3221962
recNp,0.16666666666666666,5,5,GAGTCGCGAGTCAGTGTGAA,0,3233612
recNp,0.16666666666666666,5,5,GAGTCAGGCGTCGCGTTTTA,0,3229747
recNp,0.16666666666666666,5,5,GAGTAGTATCCGGTTTTGGT,0,3239465
recNp,0.16666666666666666,5,5,GAGTAGGTGTTCCCTACAAA,0,3232837
recNp,0.16666666666666666,5,5,GAGGTGGCCAAACTCTGAGG,0,3222637
recNp,0.16666666666666666,5,5,GAGGGTGTAGTAAAGAGCAT,0,3236689
recNp,0.16666666666666666,5,5,GAGGGGACACGTCGCTGTCA,0,3223556
recNp,0.16666666666666666,5,5,GAGGCTGACTACCATTCAAT,0,3222319
recNp,0.16666666666666666,5,5,GAGGCGTAATATCACGATAT,0,3243494
recNp,0.16666666666666666,5,5,GAGGCGGGTCACGTCTTTTG,0,3246717
recNp,0.16666666666666666,5,5,GAGCCGGGAGGCTTCTACAT,0,3219957
recNp,0.16666666666666666,5,5,GAGAATATACGAAGCGAAGA,0,3217435
recNp,0.16666666666666666,5,5,GACGCTACTCTCCTAGAATA,0,3216359
recNp,0.16666666666666666,5,5,GACGAGTCATAAAGGTGGTA,0,3232767
recNp,0.16666666666666666,5,5,GACCGCCGAACGTAACGATA,0,3254713
recNp,0.16666666666666666,5,5,GACCCAAATGACAGCAGATG,0,3224118
recNp,0.16666666666666666,5,5,GACATCCACATGTAAGAAAT,0,3230447
recNp,0.16666666666666666,5,5,GACAACCACTATGATGAAGA,0,3250956
recNp,0.16666666666666666,5,5,GAATGCCGCATCCGAAACAC,0,3235529
recNp,0.16666666666666666,5,5,GAATGAGAGGTTCTTATAAA,0,3239664
recNp,0.16666666666666666,5,5,GAATGAACGACCCCCATTGC,0,3241048
recNp,0.16666666666666666,5,5,GAATATGACAAAGGCGCATG,0,3229353
recNp,0.16666666666666666,5,5,GAATAGGCCCCGGCCCTTGT,0,3230813
recNp,0.16666666666666666,5,5,GAAGGACGTAGAATGGGTTG,0,3249780
recNp,0.16666666666666666,5,5,GAAGAGCCCATTAAGTCGAG,0,3247487
recNp,0.16666666666666666,5,5,GAACTAATACGCACGACACA,0,3239983
recNp,0.16666666666666666,5,5,GAACGGCTAGAGCCTTCATA,0,3236147
recNp,0.16666666666666666,5,5,GAACCTTTAGGGTATAAGCA,0,3245825
recNp,0.16666666666666666,5,5,GAACCCGTATAACGGGTATT,0,3252900
recNp,0.16666666666666666,5,5,GAACATTGGCGGGTACTGCT,0,3216523
recNp,0.16666666666666666,5,5,GAAAAGCAGTGACCGAGACA,0,3220347
recNp,0.16666666666666666,5,5,CTTTATATTAAGGGTATGTA,0,3254269
recNp,0.16666666666666666,5,5,CTTTAAGATGCTTCTGCCCT,0,3221812
recNp,0.16666666666666666,5,5,CTTGTTTGGCCAGATCATCG,0,3223213
recNp,0.16666666666666666,5,5,CTTGTCGGCTAATCCAATAC,0,3226786
recNp,0.16666666666666666,5,5,CTTGGCATTGTCTGCACTCC,0,3246527
recNp,0.16666666666666666,5,5,CTTCATATTCGACAATGGTG,0,3239603
recNp,0.16666666666666666,5,5,CTTCAGGAGTCGCTATATGA,0,3229771
recNp,0.16666666666666666,5,5,CTTATTGAAAAAAGGCGCGT,0,3219198
recNp,0.16666666666666666,5,5,CTTATTCTGACCCATGGTCC,0,3220779
recNp,0.16666666666666666,5,5,CTTAGCGTGTCCTTAGATTC,0,3250334
recNp,0.16666666666666666,5,5,CTTAGACGCCGCCCACAAGT,0,3253112
recNp,0.16666666666666666,5,5,CTGTGCAAACATGGGGATGT,0,3230775
recNp,0.16666666666666666,5,5,CTGTATAACGAAAGGGCGCG,0,3240800
recNp,0.16666666666666666,5,5,CTGTAACCACGGACGCGGCG,0,3240689
recNp,0.16666666666666666,5,5,CTGGTATGGATTTGAATTGC,0,3246301
recNp,0.16666666666666666,5,5,CTGGGTTTGACATCTGTGCC,0,3228889
recNp,0.16666666666666666,5,5,CTGGGCAAATGCTACGGCTC,0,3243320
recNp,0.16666666666666666,5,5,CTGGGACTCCTAGTGGCTGG,0,3241358
recNp,0.16666666666666666,5,5,CTGCGTTGAATTAGCGGTTA,0,3240613
recNp,0.16666666666666666,5,5,CTGCGCTGATTGTTCCGTGA,0,3240894
recNp,0.16666666666666666,5,5,CTGCCAGGCCGAATTACTTA,0,3217456
recNp,0.16666666666666666,5,5,CTCTCTTAATAGGATTACAT,0,3232355
recNp,0.16666666666666666,5,5,CTCTCCTATATAGGGTCATC,0,3254042
recNp,0.16666666666666666,5,5,CTCGTAGGGCGAGTGACGCC,0,3227672
recNp,0.16666666666666666,5,5,CTCCTTAACGGCATTACGAT,0,3217148
recNp,0.16666666666666666,5,5,CTCCGAGTGATGGGCTTGCC,0,3222532
recNp,0.16666666666666666,5,5,CTCCCCACGGATCAACAGAC,0,3235656
recNp,0.16666666666666666,5,5,CTCCCAAGGTGAGGCCCACT,0,3247381
recNp,0.16666666666666666,5,5,CTCAGAGCTAAACCGTCTAA,0,3218459
recNp,0.16666666666666666,5,5,CTATGTGTTATTCTGCCCCG,0,3217448
recNp,0.16666666666666666,5,5,CTATGCGCAAAAAAATAATC,0,3252072
recNp,0.16666666666666666,5,5,CTATCTGTCGGTGGGGGGGC,0,3218688
recNp,0.16666666666666666,5,5,CTATATTCACTGAGGTTATA,0,3241318
recNp,0.16666666666666666,5,5,CTATACTGGTGCTAGGCAAG,0,3239962
recNp,0.16666666666666666,5,5,CTAGGTATATCGTGACTTTT,0,3231410
recNp,0.16666666666666666,5,5,CTAGCCCCACGGTCTTAAGG,0,3231069
recNp,0.16666666666666666,5,5,CTACCATCAGTCCCTTGTTG,0,3252836
recNp,0.16666666666666666,5,5,CTAATGCCTCCTCCTGAGTT,0,3241146
recNp,0.16666666666666666,5,5,CTAATATGTGAGGGCATTAC,0,3227214
recNp,0.16666666666666666,5,5,CTAATAACGAGTCACTCAAA,0,3237473
recNp,0.16666666666666666,5,5,CTAACAGTGTGGTCGTTTGG,0,3227712
recNp,0.16666666666666666,5,5,CTAACAGCAGTTAACGGCCT,0,3233402
recNp,0.16666666666666666,5,5,CTAAAGTACCTCGTTCTTGT,0,3244888
recNp,0.16666666666666666,5,5,CTAAACCACAATCCGATCTC,0,3242566
recNp,0.16666666666666666,5,5,CGTTAAATGTAATTGGTTTC,0,3247708
recNp,0.16666666666666666,5,5,CGTGGGTGTGCCACTCAGAT,0,3228750
recNp,0.16666666666666666,5,5,CGTGGCTATCCCTGACCACT,0,3248311
recNp,0.16666666666666666,5,5,CGTGCGGGGATAGCGGAGAG,0,3225644
recNp,0.16666666666666666,5,5,CGTGAATGACGGTCGTATAC,0,3230208
recNp,0.16666666666666666,5,5,CGTCAGTCAGGGCTTACACT,0,3217912
recNp,0.16666666666666666,5,5,CGTATCGCGTACGTCGGTCC,0,3244421
recNp,0.16666666666666666,5,5,CGTAGGGGTTCGTGAACTAG,0,3235397
recNp,0.16666666666666666,5,5,CGTACGTCAGAGCTCACTTC,0,3255981
recNp,0.16666666666666666,5,5,CGTAATTACTAGCATCGCGG,0,3219622
recNp,0.16666666666666666,5,5,CGTAAAAATAACATCTGCCA,0,3216891
recNp,0.16666666666666666,5,5,CGGTGGGCTCCACACGAGCA,0,3218797
recNp,0.16666666666666666,5,5,CGGTGCAGTAGGTATGCTTG,0,3235712
recNp,0.16666666666666666,5,5,CGGTGAGCGCTGCCGATCAG,0,3251032
recNp,0.16666666666666666,5,5,CGGTCTTAGCCAAGGCAAGT,0,3246951
recNp,0.16666666666666666,5,5,CGGTCATCGCGAGTGAACTC,0,3234908
recNp,0.16666666666666666,5,5,CGGGGCGCAGCTATCGTCTC,0,3252545
recNp,0.16666666666666666,5,5,CGGGGCATGAGAGGAAATCC,0,3231632
recNp,0.16666666666666666,5,5,CGGGCCACAGCTTGTCGCAT,0,3227053
recNp,0.16666666666666666,5,5,CGGCGCTCTCGCTGTAGTGC,0,3234584
recNp,0.16666666666666666,5,5,CGGCGCAGTCCAGAGCCAAA,0,3229689
recNp,0.16666666666666666,5,5,CGGCCCGGCCTAGCGTTGTT,0,3238895
recNp,0.16666666666666666,5,5,CGGATGATTTAGCTTACCTT,0,3231691
recNp,0.16666666666666666,5,5,CGCTGCAAAATGTTGCGCCG,0,3217477
recNp,0.16666666666666666,5,5,CGCTGACATGTCGTCGGAGG,0,3252542
recNp,0.16666666666666666,5,5,CGCTCTTGTACGTTGTATTC,0,3240243
recNp,0.16666666666666666,5,5,CGCGTGGCAGATTAAGACAC,0,3251561
recNp,0.16666666666666666,5,5,CGCGGGACCGTCAAGGGGAA,0,3254332
recNp,0.16666666666666666,5,5,CGCGAAAAGGTAAGGCGCGG,0,3222886
recNp,0.16666666666666666,5,5,CGCCGTAAGCAATCTGGGGT,0,3229134
recNp,0.16666666666666666,5,5,CGCCCAACATAAATGGTAGG,0,3236853
recNp,0.16666666666666666,5,5,CGCCATAATCTACAGCGCAG,0,3225293
recNp,0.16666666666666666,5,5,CGCATCGCACCATCACGTCT,0,3253302
recNp,0.16666666666666666,5,5,CGCACGCTGGGGATATCTAC,0,3235390
recNp,0.16666666666666666,5,5,CGCACCCGCCCATTAGCCCG,0,3236213
recNp,0.16666666666666666,5,5,CGATTATCTCTATGGAGTAT,0,3241992
recNp,0.16666666666666666,5,5,CGATGTTTATTGCTGCTGTC,0,3221574
recNp,0.16666666666666666,5,5,CGATCATGTTGGACGCATGT,0,3251733
recNp,0.16666666666666666,5,5,CGAGGGAGCTACCTACACAC,0,3233035
recNp,0.16666666666666666,5,5,CGAGAGGCTGGACCAATCGG,0,3250715
recNp,0.16666666666666666,5,5,CGAGAGGACCGTTTGAACCG,0,3225587
recNp,0.16666666666666666,5,5,CGACTATAGAATACACGGTT,0,3245784
recNp,0.16666666666666666,5,5,CGACATGGAGGTGCGTCTAT,0,3240859
recNp,0.16666666666666666,5,5,CGAATCAAGGTGCGCCCTGA,0,3254706
recNp,0.16666666666666666,5,5,CGAAGTACAGGGGTTGTGGG,0,3256042
recNp,0.16666666666666666,5,5,CGAACGTTTTTGGGACAGCG,0,3249690
recNp,0.16666666666666666,5,5,CGAACGTATGACCCACCCAA,0,3219136
recNp,0.16666666666666666,5,5,CGAAATATGACATGCATCGA,0,3240820
recNp,0.16666666666666666,5,5,CGAAATAATTAAAATTGGCT,0,3228761
recNp,0.16666666666666666,5,5,CCTTTGGCCACTGCCCTCTG,0,3254711
recNp,0.16666666666666666,5,5,CCTTGGACGTCTCACCTAGA,0,3235350
recNp,0.16666666666666666,5,5,CCTTGCTCGAAGGGCCTTCA,0,3230003
recNp,0.16666666666666666,5,5,CCTTGCCCCGGTGTATAAGC,0,3243895
recNp,0.16666666666666666,5,5,CCTTCATTTCTTATCAGAAT,0,3244701
recNp,0.16666666666666666,5,5,CCTTCAAACGCACAGTGATA,0,3226917
recNp,0.16666666666666666,5,5,CCTGCTTGCAGACCTCCGCA,0,3250176
recNp,0.16666666666666666,5,5,CCTGCCGTCGTGCTAGGAGA,0,3217465
recNp,0.16666666666666666,5,5,CCTGAGTAAGTCCAATCGGG,0,3236310
recNp,0.16666666666666666,5,5,CCTCGTACATCGTCGGGATC,0,3223131
recNp,0.16666666666666666,5,5,CCTCCCTGCCACTCGATGTT,0,3226607
recNp,0.16666666666666666,5,5,CCTCCCTATGGTCGCGTTGC,0,3235604
recNp,0.16666666666666666,5,5,CCTATGGATATCAAAGCTGT,0,3216654
recNp,0.16666666666666666,5,5,CCTAGCTAAGGCGTATCGCC,0,3245317
recNp,0.16666666666666666,5,5,CCTAGAGCTGCAGTACCGTG,0,3240950
recNp,0.16666666666666666,5,5,CCGTGGCGCCCGTTCGAAGT,0,3245208
recNp,0.16666666666666666,5,5,CCGTACTCACATCACTGGCA,0,3220801
recNp,0.16666666666666666,5,5,CCGGTCCGCGATGAGGCTAA,0,3228465
recNp,0.16666666666666666,5,5,CCGGTAGGTGTACGTGAGCG,0,3251722
recNp,0.16666666666666666,5,5,CCGGGAGGTAAACTGGCGCC,0,3234949
recNp,0.16666666666666666,5,5,CCGGAGTACGGGACTACGAG,0,3220579
recNp,0.16666666666666666,5,5,CCGGAATTCCGAGTATAGCG,0,3222609
recNp,0.16666666666666666,5,5,CCGGAAGTTAACTGGTCTTC,0,3240191
recNp,0.16666666666666666,5,5,CCGCTACGTTACAGCCTACC,0,3233279
recNp,0.16666666666666666,5,5,CCGCCTGGTTCTAGGGAAAT,0,3234411
recNp,0.16666666666666666,5,5,CCGCCTAGGTCAGTAAGAGC,0,3246116
recNp,0.16666666666666666,5,5,CCGATGAGCTAGGCCGGACA,0,3223263
recNp,0.16666666666666666,5,5,CCGATAAGGCGTCCACGTAA,0,3251373
recNp,0.16666666666666666,5,5,CCGAGTGTAGGCTAGGAACT,0,3246021
recNp,0.16666666666666666,5,5,CCGAGGTGATGTGTTGTCGT,0,3228227
recNp,0.16666666666666666,5,5,CCGACGTGCAAGGCCTTTTC,0,3247177
recNp,0.16666666666666666,5,5,CCCTGAGCGCGCAATGTCAA,0,3243383
recNp,0.16666666666666666,5,5,CCCTCCGGGTACGCGGGGGC,0,3228027
recNp,0.16666666666666666,5,5,CCCTATCGGGCTGGTCTGTT,0,3237512
recNp,0.16666666666666666,5,5,CCCGTGCGGGATGCTAGGAA,0,3216893
recNp,0.16666666666666666,5,5,CCCGTCCCCTAACTTTCCGC,0,3223113
recNp,0.16666666666666666,5,5,CCCGGATTGACCGATCAAAA,0,3252372
recNp,0.16666666666666666,5,5,CCCGCTAGCTTGTGGGCCGA,0,3243917
recNp,0.16666666666666666,5,5,CCCCCACCGCTTGAGATCGT,0,3233155
recNp,0.16666666666666666,5,5,CCCATCTTAACAGGTTAAGA,0,3225735
recNp,0.16666666666666666,5,5,CCCACTTGAATCGTTGGTTG,0,3252374
recNp,0.16666666666666666,5,5,CCCAACGCTTACATCTGACT,0,3231845
recNp,0.16666666666666666,5,5,CCATGTAGAGTATAAAAGAC,0,3220134
recNp,0.16666666666666666,5,5,CCATGAGCAGAACTGGAGAG,0,3217172
recNp,0.16666666666666666,5,5,CCATCGGCTCCCCGGCCATT,0,3244776
recNp,0.16666666666666666,5,5,CCATAACGTATTATGGGCTG,0,3243266
recNp,0.16666666666666666,5,5,CCAGGGGCGGCACTCCTCAT,0,3218621
recNp,0.16666666666666666,5,5,CCAGAGAGTCCAGTAGCCTC,0,3245159
recNp,0.16666666666666666,5,5,CCACTCTGGCACCCGAGTCG,0,3218138
recNp,0.16666666666666666,5,5,CCACCGGCTCACGGCGTCGG,0,3226682
recNp,0.16666666666666666,5,5,CCAAACGTTTCGTGGTCTAG,0,3216964
recNp,0.16666666666666666,5,5,CATTTTATTTCTTTGGTAGT,0,3219646
recNp,0.16666666666666666,5,5,CATTTGACTTTTACGGGCGT,0,3225798
recNp,0.16666666666666666,5,5,CATTTAGTTCGAAAGGACAC,0,3240810
recNp,0.16666666666666666,5,5,CATTGTTAAAAATATTAGAC,0,3227174
recNp,0.16666666666666666,5,5,CATGTTTCTCACCTTACCGC,0,3255595
recNp,0.16666666666666666,5,5,CATGTTGGCTATATCCATGA,0,3248843
recNp,0.16666666666666666,5,5,CATGTCGTGGTCGCAGTTCA,0,3224944
recNp,0.16666666666666666,5,5,CATGCGATAGTAATTTGGAT,0,3224919
recNp,0.16666666666666666,5,5,CATCCGTGGTCCCCCCAAAG,0,3236727
recNp,0.16666666666666666,5,5,CATCAATCTTTGACACTAGC,0,3242086
recNp,0.16666666666666666,5,5,CATAGTAAGATGTGCCACTC,0,3231499
recNp,0.16666666666666666,5,5,CATAGGTCTATTGACTACAT,0,3227106
recNp,0.16666666666666666,5,5,CAGTTGGATGCCAAATAGAT,0,3233238
recNp,0.16666666666666666,5,5,CAGTAGCGCAACTTAGGAAG,0,3242425
recNp,0.16666666666666666,5,5,CAGGTACATGAAGCGTGAAC,0,3232332
recNp,0.16666666666666666,5,5,CAGGGCTATCGGAAAATGAA,0,3235676
recNp,0.16666666666666666,5,5,CAGCGGCCACTCCGTGCAAA,0,3244308
recNp,0.16666666666666666,5,5,CAGCGATAGGCTCGGCACTA,0,3243193
recNp,0.16666666666666666,5,5,CAGAGTCAAATTTAGGGTTT,0,3225778
recNp,0.16666666666666666,5,5,CAGAGCTTTGGCCGTAAATG,0,3244486
recNp,0.16666666666666666,5,5,CAGACACCCGACATCGCTCT,0,3216965
recNp,0.16666666666666666,5,5,CAGAAAAGGAGTAGGCGGTT,0,3228138
recNp,0.16666666666666666,5,5,CACTCTAGACGTAGGGAAAC,0,3217241
recNp,0.16666666666666666,5,5,CACTCGGTAGGGTATGCGGC,0,3240278
recNp,0.16666666666666666,5,5,CACTCAAGTGGGCGGTAGCA,0,3232452
recNp,0.16666666666666666,5,5,CACTATAAGATCTAGCAGGG,0,3222454
recNp,0.16666666666666666,5,5,CACGGTTGAGGTCGGTTGAA,0,3234942
recNp,0.16666666666666666,5,5,CACGGGGGCCGTTAGGAAGA,0,3223807
recNp,0.16666666666666666,5,5,CACGGACCGATCTGGGTCTT,0,3231446
recNp,0.16666666666666666,5,5,CACGCCAATGGATTATAGCC,0,3225226
recNp,0.16666666666666666,5,5,CACGAGCCTGCCAGCGCAAG,0,3224148
recNp,0.16666666666666666,5,5,CACCTTTCCTTCCGGGGGCA,0,3218647
recNp,0.16666666666666666,5,5,CACCGTGTGGCAGGCTCCTA,0,3227321
recNp,0.16666666666666666,5,5,CACCGAGAACAGAGATCAAA,0,3250985
recNp,0.16666666666666666,5,5,CACCCACCACCGGTTTTGTC,0,3236562
recNp,0.16666666666666666,5,5,CACATCACCCCCCTCAACGA,0,3232135
recNp,0.16666666666666666,5,5,CACACCTGTATGATTGCACG,0,3225721
recNp,0.16666666666666666,5,5,CACACAGTATGGCCTGTCTC,0,3228794
recNp,0.16666666666666666,5,5,CACAATCCTAGATGCCCTCA,0,3234224
recNp,0.16666666666666666,5,5,CAATTGTCTCGACCACGAAC,0,3243436
recNp,0.16666666666666666,5,5,CAATGGTCAGCGATGTCTTG,0,3228715
recNp,0.16666666666666666,5,5,CAATGGGAACTATTTGACTT,0,3216415
recNp,0.16666666666666666,5,5,CAATGAGTAAATTCTAAGGT,0,3252566
recNp,0.16666666666666666,5,5,CAATCTGAGCCCGCTATACG,0,3225337
recNp,0.16666666666666666,5,5,CAATCGAGTCAGTATGTCCA,0,3234831
recNp,0.16666666666666666,5,5,CAATAGTGTCGCCACAAGGA,0,3250209
recNp,0.16666666666666666,5,5,CAAGTTGTAACATTCCCGAT,0,3232464
recNp,0.16666666666666666,5,5,CAAGTGTCCAAACAGAGATT,0,3225537
recNp,0.16666666666666666,5,5,CAAGATCTCTGTGTTTCACA,0,3233073
recNp,0.16666666666666666,5,5,CAAGATATCCATTGGCTTCC,0,3224925
recNp,0.16666666666666666,5,5,CAAGAGGGTTAGCACTGTCG,0,3216821
recNp,0.16666666666666666,5,5,CAACTACGTAGCTTCCTCCG,0,3217034
recNp,0.16666666666666666,5,5,CAACGGAGTCCCGATAGGGG,0,3224420
recNp,0.16666666666666666,5,5,CAACAGCTGTGGCACTACAC,0,3231195
recNp,0.16666666666666666,5,5,CAAAACCAGAAACGCGTGAT,0,3234137
recNp,0.16666666666666666,5,5,CAAAAAACGCATCTCGGGAC,0,3229676
recNp,0.16666666666666666,5,5,ATTTGATGCGCTAGTGTTTG,0,3252723
recNp,0.16666666666666666,5,5,ATTTAACACTACACCTTATC,0,3237969
recNp,0.16666666666666666,5,5,ATTGTAAACTGGTTCCGTCT,0,3227337
recNp,0.16666666666666666,5,5,ATTGCCAAACGCAAATCTCA,0,3251781
recNp,0.16666666666666666,5,5,ATTGCATTGCAGATCTGAAG,0,3239013
recNp,0.16666666666666666,5,5,ATTGATTATCGTGGCCTCGG,0,3249950
recNp,0.16666666666666666,5,5,ATTATGTTCTCAGATAGGCG,0,3250797
recNp,0.16666666666666666,5,5,ATTATGCTGTATATAGTTCA,0,3242509
recNp,0.16666666666666666,5,5,ATTATGAGGTTCGTGCTCGT,0,3237332
recNp,0.16666666666666666,5,5,ATTAACGAGGTAGCACAGTG,0,3242015
recNp,0.16666666666666666,5,5,ATTAAAAACTCAGGCGTAAA,0,3218974
recNp,0.16666666666666666,5,5,ATGTCGATGGCCCCCCGGGG,0,3250022
recNp,0.16666666666666666,5,5,ATGGGCCTGCCTCTGATTAA,0,3232358
recNp,0.16666666666666666,5,5,ATGCTTAAGTTGCCTCCAGG,0,3217991
recNp,0.16666666666666666,5,5,ATGCTATTGGCCGGTCGGAG,0,3245714
recNp,0.16666666666666666,5,5,ATGCGGGAGCTAAGGCGGAA,0,3246543
recNp,0.16666666666666666,5,5,ATGCCGTATTGTCAGGCAGA,0,3248744
recNp,0.16666666666666666,5,5,ATGCAATTTCGATCCGGTAC,0,3248211
recNp,0.16666666666666666,5,5,ATGAGTGACGGGTAATGACG,0,3221948
recNp,0.16666666666666666,5,5,ATGAGCTCAATCCACCTGGT,0,3231997
recNp,0.16666666666666666,5,5,ATGAATTACAAGCGATCTAC,0,3229515
recNp,0.16666666666666666,5,5,ATCTTTTACCTGTCTATGGC,0,3251620
recNp,0.16666666666666666,5,5,ATCTTCTGCGCATGCCGAGA,0,3235225
recNp,0.16666666666666666,5,5,ATCTGATGCGCGCGGTGAAT,0,3217109
recNp,0.16666666666666666,5,5,ATCTCACCAGGATGTGCCAT,0,3236102
recNp,0.16666666666666666,5,5,ATCTAGCAACACAATGTACT,0,3252081
recNp,0.16666666666666666,5,5,ATCGTGTTGCGCGTGATGTT,0,3246992
recNp,0.16666666666666666,5,5,ATCGGACAACGCTTCCACAT,0,3222963
recNp,0.16666666666666666,5,5,ATCGAGTACCGCCTGAGTAA,0,3222801
recNp,0.16666666666666666,5,5,ATCGACTAGGTTCGTGTAAC,0,3222120
recNp,0.16666666666666666,5,5,ATCGACAACCAAGTCTGGTT,0,3230466
recNp,0.16666666666666666,5,5,ATCATGTGTATGGTCAATCT,0,3244769
recNp,0.16666666666666666,5,5,ATCATACGGTCCGTTATAAC,0,3238897
recNp,0.16666666666666666,5,5,ATCACTTCGATTCCCGTTAC,0,3254707
recNp,0.16666666666666666,5,5,ATATTCGACTTGCCTCTCGG,0,3246520
recNp,0.16666666666666666,5,5,ATATCGCACCACATGCTCTA,0,3232689
recNp,0.16666666666666666,5,5,ATATATAAGTGCTTTAAGTC,0,3223631
recNp,0.16666666666666666,5,5,ATATAACCTACACAAACGCA,0,3236387
recNp,0.16666666666666666,5,5,ATAGTTCTGTGACCCCGTGT,0,3237326
recNp,0.16666666666666666,5,5,ATAGTATGCACGTCATTGGC,0,3254548
recNp,0.16666666666666666,5,5,ATAGCATCATCGGCCGCGGG,0,3229728
recNp,0.16666666666666666,5,5,ATAGAGTAGCACACCTTCAA,0,3242271
recNp,0.16666666666666666,5,5,ATACGTCATATTACTGCCCG,0,3217075
recNp,0.16666666666666666,5,5,ATACGGGTGTCAGGATTTAA,0,3228734
recNp,0.16666666666666666,5,5,ATACGCCCTATTAGCACTTG,0,3254204
recNp,0.16666666666666666,5,5,ATACAATTCTCTTAGAGTTT,0,3221722
recNp,0.16666666666666666,5,5,ATAATAGTCCATGGATTGAT,0,3225471
recNp,0.16666666666666666,5,5,ATAAGGGTGCACTTAGCTTA,0,3250920
recNp,0.16666666666666666,5,5,ATAAGACTCGCGGGAAGAAC,0,3222653
recNp,0.16666666666666666,5,5,ATAACGATAGATTTTTCTGT,0,3239464
recNp,0.16666666666666666,5,5,ATAAATGTTTATCCGGGATC,0,3253146
recNp,0.16666666666666666,5,5,AGTTGCATCGTGAGTACCTT,0,3248170
recNp,0.16666666666666666,5,5,AGTGTGGTACCGCAAAAGCC,0,3227665
recNp,0.16666666666666666,5,5,AGTGTATTAACATGTACCAC,0,3255936
recNp,0.16666666666666666,5,5,AGTGTATGACATCCACCGCT,0,3229661
recNp,0.16666666666666666,5,5,AGTGGTGTTTAAGGGAAACA,0,3251167
recNp,0.16666666666666666,5,5,AGTGCTTTCATGTCAAGCGT,0,3241484
recNp,0.16666666666666666,5,5,AGTGCTAATGTATCTATGGT,0,3243015
recNp,0.16666666666666666,5,5,AGTCGTGGCTTGGGTTCGGA,0,3247176
recNp,0.16666666666666666,5,5,AGTCGGCCTACGTACCAGGA,0,3220508
recNp,0.16666666666666666,5,5,AGTATGTATTATCTGTCGGT,0,3244058
recNp,0.16666666666666666,5,5,AGTAAGCTTTTTTCTATCAG,0,3227103
recNp,0.16666666666666666,5,5,AGGTGTGACACTGAATTTAC,0,3227421
recNp,0.16666666666666666,5,5,AGGTGGGCCAATCAGGCTGG,0,3233998
recNp,0.16666666666666666,5,5,AGGTGATGGTTTAAAGTCTG,0,3246149
recNp,0.16666666666666666,5,5,AGGTGAGGCTAGTCGCATAA,0,3225147
recNp,0.16666666666666666,5,5,AGGTAATAACGCAGAATCAG,0,3248636
recNp,0.16666666666666666,5,5,AGGGTTATGAGTCGATACTG,0,3243177
recNp,0.16666666666666666,5,5,AGGGGTGGACTCGCGGGCTG,0,3246195
recNp,0.16666666666666666,5,5,AGGGGTCTAACTGAATGCAT,0,3229104
recNp,0.16666666666666666,5,5,AGGGGTATCACCTAGCGGTG,0,3250123
recNp,0.16666666666666666,5,5,AGGGGACATGTGATCCTTTA,0,3250335
recNp,0.16666666666666666,5,5,AGGGATCACTAACTCTATAT,0,3222179
recNp,0.16666666666666666,5,5,AGGGAGGTAAAGTCTTCTAA,0,3238021
recNp,0.16666666666666666,5,5,AGGGAGAGTCCAAGAAGATC,0,3217609
recNp,0.16666666666666666,5,5,AGGGACAGACTTGTAAACAA,0,3255461
recNp,0.16666666666666666,5,5,AGGCGCGGTCCAAAAGGCAG,0,3226443
recNp,0.16666666666666666,5,5,AGGCGATAGTCTGCCGCGGC,0,3253217
recNp,0.16666666666666666,5,5,AGGATTCAAGTGGGCCTGTA,0,3252056
recNp,0.16666666666666666,5,5,AGGATACGAGAACCCTTAAA,0,3224754
recNp,0.16666666666666666,5,5,AGGAGCACACCTGCCTAACA,0,3230299
recNp,0.16666666666666666,5,5,AGCTTATCGCTTGTGTGGTG,0,3221440
recNp,0.16666666666666666,5,5,AGCTATTCTCTACGTGGATC,0,3250005
recNp,0.16666666666666666,5,5,AGCGTGGCGATATCGCCAGG,0,3222975
recNp,0.16666666666666666,5,5,AGCGTAAACAGTCCCGGGTA,0,3219720
recNp,0.16666666666666666,5,5,AGCGATCCTCTTTTCTTACA,0,3247144
recNp,0.16666666666666666,5,5,AGCCGCCCATTACGAGGACC,0,3239799
recNp,0.16666666666666666,5,5,AGCCATGACACAAGCTGCAT,0,3251261
recNp,0.16666666666666666,5,5,AGCCAAGTCAGTGTGCCAGC,0,3239117
recNp,0.16666666666666666,5,5,AGCATTAGCGATTGACTACC,0,3226755
recNp,0.16666666666666666,5,5,AGCAGGAAAGTGCACATTTA,0,3235157
recNp,0.16666666666666666,5,5,AGCAGATATATTTGAATTCA,0,3238146
recNp,0.16666666666666666,5,5,AGATCTGGTAGCTCGGATTC,0,3240453
recNp,0.16666666666666666,5,5,AGATCTAACGTAAGCGGGCT,0,3226633
recNp,0.16666666666666666,5,5,AGATCCGACCTTCCTTGATT,0,3234501
recNp,0.16666666666666666,5,5,AGAGGAACCCCACACGGGGG,0,3230477
recNp,0.16666666666666666,5,5,AGAGCTTTTTTACGCCCTGC,0,3251629
recNp,0.16666666666666666,5,5,AGAGCGTGGTAGCCTGAGCG,0,3233169
recNp,0.16666666666666666,5,5,AGAGATTCACATATCCAAAC,0,3235776
recNp,0.16666666666666666,5,5,AGACCTGCCCCGAGCAACTC,0,3255632
recNp,0.16666666666666666,5,5,AGAATCGTAACGAGTTGGCA,0,3232820
recNp,0.16666666666666666,5,5,AGAAACTAGCAGGCACCACA,0,3230924
recNp,0.16666666666666666,5,5,ACTTTGTGGGATATGGGTGT,0,3235852
recNp,0.16666666666666666,5,5,ACTTGTGCTTGGTTGGGCGC,0,3223806
recNp,0.16666666666666666,5,5,ACTTGGACTTATTAGTTGGG,0,3229548
recNp,0.16666666666666666,5,5,ACTGGCGCGGTGTTTGGCTT,0,3217696
recNp,0.16666666666666666,5,5,ACTGGAACCTTGATATATAA,0,3255363
recNp,0.16666666666666666,5,5,ACTGCCGAGTACAGTCCCCA,0,3250212
recNp,0.16666666666666666,5,5,ACTGATATCGTGGTCCAGGC,0,3231059
recNp,0.16666666666666666,5,5,ACTCTTTACAGGTTCGAAAC,0,3230537
recNp,0.16666666666666666,5,5,ACTCTTGTGCACTGGTATAT,0,3252576
recNp,0.16666666666666666,5,5,ACTATGTCACCCCGATACGA,0,3250733
recNp,0.16666666666666666,5,5,ACTAAGATAACGGTAGGAAG,0,3225944
recNp,0.16666666666666666,5,5,ACGTCATTGATATTTGTCCA,0,3252790
recNp,0.16666666666666666,5,5,ACGTAGGGCATTGGCAACCA,0,3216397
recNp,0.16666666666666666,5,5,ACGGTCCTAGGACCTCGTCG,0,3218498
recNp,0.16666666666666666,5,5,ACGGAATATAATTTATGACT,0,3218793
recNp,0.16666666666666666,5,5,ACGCGTGATGCCATCGTCAT,0,3234984
recNp,0.16666666666666666,5,5,ACGCGGCCCGTCAATTATGG,0,3234396
recNp,0.16666666666666666,5,5,ACGCGATGCCGGGGCAAAAA,0,3218944
recNp,0.16666666666666666,5,5,ACGATGCGCTGTCTATGATA,0,3245243
recNp,0.16666666666666666,5,5,ACGACTAGCTACGAACTCCT,0,3221352
recNp,0.16666666666666666,5,5,ACGACACTTACGTCCCTTGC,0,3222170
recNp,0.16666666666666666,5,5,ACGAAATGGGTGGGTATTTA,0,3248067
recNp,0.16666666666666666,5,5,ACCTGGGTGGGCAGCGAGGC,0,3249559
recNp,0.16666666666666666,5,5,ACCTGAATTTGATTCTGTTG,0,3229857
recNp,0.16666666666666666,5,5,ACCTCGGAGTTCAGACTATC,0,3247548
recNp,0.16666666666666666,5,5,ACCCGCCCAAAACCGTTCGC,0,3226388
recNp,0.16666666666666666,5,5,ACCATTCAGAACTTGTGCCT,0,3218907
recNp,0.16666666666666666,5,5,ACCATACGCCGGGTACTCTA,0,3219017
recNp,0.16666666666666666,5,5,ACCAGATAAGCAGCACCCTT,0,3228106
recNp,0.16666666666666666,5,5,ACATCTGGTACTGTACCGGT,0,3252316
recNp,0.16666666666666666,5,5,ACATATGGTTTGGGATGAGC,0,3218620
recNp,0.16666666666666666,5,5,ACATATGAGATGGCCTTAAT,0,3227749
recNp,0.16666666666666666,5,5,ACATACTTTTTCCTCAGATC,0,3253891
recNp,0.16666666666666666,5,5,ACATAATGCTTGAAGTTGAG,0,3237007
recNp,0.16666666666666666,5,5,ACAGTATCATGGCTCGGTGG,0,3217134
recNp,0.16666666666666666,5,5,ACAGGTTGGGCATTAATAAC,0,3233422
recNp,0.16666666666666666,5,5,ACAGGTATTATTATGCATTT,0,3246563
recNp,0.16666666666666666,5,5,ACAGAGGGCATTAGGATCCG,0,3223115
recNp,0.16666666666666666,5,5,ACAATGATCCGCAAGCAAAA,0,3231188
recNp,0.16666666666666666,5,5,ACAACGGTTGCAATTGGTCA,0,3245774
recNp,0.16666666666666666,5,5,ACAAATAAGAACGTATGTTA,0,3238743
recNp,0.16666666666666666,5,5,AATTTCCAACAGGATTCGTC,0,3253771
recNp,0.16666666666666666,5,5,AATTTCAGTGGACCCCGCTA,0,3222477
recNp,0.16666666666666666,5,5,AATTGGCGTTTTCATGACAC,0,3246011
recNp,0.16666666666666666,5,5,AATTGAGTTCACGGAGTGTG,0,3241495
recNp,0.16666666666666666,5,5,AATTCTGATGGCAATCGCTG,0,3229868
recNp,0.16666666666666666,5,5,AATTATTAGCTAGTAACGTG,0,3245608
recNp,0.16666666666666666,5,5,AATTATAAAGCTTCCCGAGT,0,3247899
recNp,0.16666666666666666,5,5,AATGTGATGAACAGTAGGAT,0,3219449
recNp,0.16666666666666666,5,5,AATGCCAGTGAGACCCTGTG,0,3218381
recNp,0.16666666666666666,5,5,AATCAAGTGGGCCATGTGGA,0,3238524
recNp,0.16666666666666666,5,5,AATATGTACGATCACGTTGA,0,3253386
recNp,0.16666666666666666,5,5,AATATATTATACAGGCGGCC,0,3245069
recNp,0.16666666666666666,5,5,AATAGCCGAGATCGTGCCGA,0,3245805
recNp,0.16666666666666666,5,5,AATACTGGAATTTGCCCGAC,0,3237530
recNp,0.16666666666666666,5,5,AATACTGACGCAAAGCATGC,0,3246791
recNp,0.16666666666666666,5,5,AATAAGCGCTGCGGAAAGTA,0,3245556
recNp,0.16666666666666666,5,5,AATAACTCTTTCTGTACAGT,0,3223715
recNp,0.16666666666666666,5,5,AATAACTAAGCACTACTGCA,0,3231400
recNp,0.16666666666666666,5,5,AAGTGAACCGCTAAAATAAA,0,3242740
recNp,0.16666666666666666,5,5,AAGTCCATGATCATCGAATT,0,3253385
recNp,0.16666666666666666,5,5,AAGGGACCGATTTGAGGTCC,0,3227718
recNp,0.16666666666666666,5,5,AAGGCGTAACCCTTCGCGTT,0,3234090
recNp,0.16666666666666666,5,5,AAGATCTGAGAACATTCAGA,0,3235299
recNp,0.16666666666666666,5,5,AACTGTGGACGTAGACTAGG,0,3216686
recNp,0.16666666666666666,5,5,AACTCCCACGCGTCGGCGCA,0,3254946
recNp,0.16666666666666666,5,5,AACGATTACGCGTAGGGATT,0,3235831
recNp,0.16666666666666666,5,5,AACGAAACGTATGTCCAAAT,0,3248597
recNp,0.16666666666666666,5,5,AACCTCAGACAATCGTTAAT,0,3240963
recNp,0.16666666666666666,5,5,AACCGTGTAATCTCGTCGCA,0,3254721
recNp,0.16666666666666666,5,5,AACCCTTACTAGCTCGGACG,0,3242489
recNp,0.16666666666666666,5,5,AACAGTCTAGATGGTTGGGA,0,3251725
recNp,0.16666666666666666,5,5,AACAAACGAGCATTATGTGA,0,3254136
recNp,0.16666666666666666,5,5,AAATTGGTAGTCGCTGTAAT,0,3217615
recNp,0.16666666666666666,5,5,AAATTAAATACAATCAATGA,0,3231723
recNp,0.16666666666666666,5,5,AAATCGTGCCGGTTTCTACG,0,3225179
recNp,0.16666666666666666,5,5,AAATACCGATTCGCCGAGTA,0,3218947
recNp,0.16666666666666666,5,5,AAACTGTACGCAGGGTGAAA,0,3231427
recNp,0.16666666666666666,5,5,AAACTGGGGCTACTCTCGTC,0,3243713
recNp,0.16666666666666666,5,5,AAACTCGCTGTCGCTGGACA,0,3221660
recNp,0.16666666666666666,5,5,AAACACTCTATCATGAAAGT,0,3216752
recNp,0.16666666666666666,5,5,AAAAGCCCTCACCTGTCCTA,0,3254127
recNp,0.16666666666666666,5,5,AAAAAAAAGTGTAAAGTGGT,0,3230060
recNp,0.2,4,4,TTTTGGTGGGATTGGGCCAA,0,3234874
recNp,0.2,4,4,TTTTAGCCCCATGGCCTGGC,0,3238927
recNp,0.2,4,4,TTTTACAGCTGCGCAAGACC,0,3233490
recNp,0.2,4,4,TTTGAGTATTAGCTATCTAT,0,3249786
recNp,0.2,4,4,TTTCGGGATTGCGCACCAAA,0,3252521
recNp,0.2,4,4,TTTCAGTAGGTACGCCGACA,0,3251545
recNp,0.2,4,4,TTTCACTATTGGGATGGGGG,0,3222217
recNp,0.2,4,4,TTTACAGGTAGGAGGCGGAA,0,3216484
recNp,0.2,4,4,TTTAACCTGCTACTTCCGTA,0,3252634
recNp,0.2,4,4,TTTAACAACGACTGCTCGGC,0,3216203
recNp,0.2,4,4,TTGTTACTGGTTGGCATCGC,0,3225071
recNp,0.2,4,4,TTGTAGAGAGTGGTGCTTCA,0,3248064
recNp,0.2,4,4,TTGGGTCCCCAGCAAGGCCT,0,3223477
recNp,0.2,4,4,TTGGGGGTACTTAATTGGGG,0,3218412
recNp,0.2,4,4,TTGGGGATTTTCCAATGCAG,0,3247791
recNp,0.2,4,4,TTGGATAATCTGCAAACGGA,0,3235302
recNp,0.2,4,4,TTGGACGACGATAACTCTCG,0,3233274
recNp,0.2,4,4,TTGCTTCCATCCACGGGTCA,0,3235356
recNp,0.2,4,4,TTGCTCACATTCATTGGATA,0,3249233
recNp,0.2,4,4,TTGCCTCTTATGAACTCCAT,0,3230694
recNp,0.2,4,4,TTGCCAAGCCCCAGCGGCAT,0,3248098
recNp,0.2,4,4,TTGAGGGCCTGTGCATGGGT,0,3224954
recNp,0.2,4,4,TTGAGGCCAAAAAAATGGGG,0,3224559
recNp,0.2,4,4,TTGAGCGATGGTGTAGCGAG,0,3226366
recNp,0.2,4,4,TTGAATCTTATTCGCGCATG,0,3232437
recNp,0.2,4,4,TTCTTTCTTTATTCCTTCGG,0,3249169
recNp,0.2,4,4,TTCTTCTGTGGTCATCGCGA,0,3253394
recNp,0.2,4,4,TTCGGTGTCGAAAGGCCGTA,0,3247175
recNp,0.2,4,4,TTCGGAGGAAGATTATGCCC,0,3255955
recNp,0.2,4,4,TTCGGAACGCAGGGCCTCAT,0,3253841
recNp,0.2,4,4,TTCGCAGATCAATGGCGGGG,0,3239113
recNp,0.2,4,4,TTCGCACGCGTCGCTGCAAG,0,3231161
recNp,0.2,4,4,TTCATTCGATTCTTGCGTCG,0,3233145
recNp,0.2,4,4,TTCAACCCGTATGGCCACCT,0,3248893
recNp,0.2,4,4,TTATGTGTATCGCTGGCTAG,0,3226872
recNp,0.2,4,4,TTAGGGTCCACGTAGTAGGA,0,3240623
recNp,0.2,4,4,TTAGCTCGGCTGGGGTGTTC,0,3227570
recNp,0.2,4,4,TTAGCGGCGCGAGTGAGTAT,0,3253087
recNp,0.2,4,4,TTACTTACGCCATCCCGCCA,0,3225284
recNp,0.2,4,4,TTACGGGAACACTAACACCA,0,3242302
recNp,0.2,4,4,TTACCTGGAAGGACCCAGCC,0,3254003
recNp,0.2,4,4,TTAACTCCATATTTCCAGTT,0,3239527
recNp,0.2,4,4,TTAACAATCACAATCACGAT,0,3227789
recNp,0.2,4,4,TTAAAGTTAAGCGGAGTATG,0,3243531
recNp,0.2,4,4,TGTTATGGCCCGATTTGCTT,0,3242812
recNp,0.2,4,4,TGTTATAAATCCCCGGATAT,0,3230465
recNp,0.2,4,4,TGTTAGACCGTTCTATGTCT,0,3246577
recNp,0.2,4,4,TGTGTTCAAGGGCAGTTCCC,0,3241001
recNp,0.2,4,4,TGTGTATGGAAGGCGCCGAC,0,3229944
recNp,0.2,4,4,TGTGGTCTGCCCAGTATCAT,0,3235772
recNp,0.2,4,4,TGTGGAACTGGTCAGCGTAT,0,3232046
recNp,0.2,4,4,TGTGCCGAAGCTTATGAAAT,0,3224593
recNp,0.2,4,4,TGTGATGTGAGCGGGATCGG,0,3254334
recNp,0.2,4,4,TGTGAGCCTAGTTCCAAAGC,0,3236805
recNp,0.2,4,4,TGTGACGTACTCGGCATGGG,0,3238966
recNp,0.2,4,4,TGTGACGGTATTGTGCTTCA,0,3235270
recNp,0.2,4,4,TGTCCTAGGGAAGTGCTGCG,0,3221908
recNp,0.2,4,4,TGTCAATGACTAGCAAAGAG,0,3225217
recNp,0.2,4,4,TGTCAAGAAATCGGGGATAT,0,3245505
recNp,0.2,4,4,TGTAGGCAAAGGCTGGTAGA,0,3235400
recNp,0.2,4,4,TGTAGACGTGCAGGGTGCTG,0,3252324
recNp,0.2,4,4,TGGTTTTCGATCATATAAGA,0,3230416
recNp,0.2,4,4,TGGTGTCCCCATTCCGATCA,0,3237253
recNp,0.2,4,4,TGGTGCACATGTAGCTTCCG,0,3218918
recNp,0.2,4,4,TGGTAAGTCAGCCGCTATTT,0,3249504
recNp,0.2,4,4,TGGGTTATTTTCCAGAGCCC,0,3246836
recNp,0.2,4,4,TGGGTGCTGACGCTGGCCCC,0,3233713
recNp,0.2,4,4,TGGGTACTGGGAGGGAATAG,0,3224292
recNp,0.2,4,4,TGGGCTTGTTGCGACCCGTG,0,3229351
recNp,0.2,4,4,TGGCTCATGGCGGCGGCATA,0,3250862
recNp,0.2,4,4,TGGCCTTTATAGTTCCACAT,0,3219347
recNp,0.2,4,4,TGGCAGTGGCCTGTCCAAGC,0,3227221
recNp,0.2,4,4,TGGATGTAAAATGACGAATT,0,3225892
recNp,0.2,4,4,TGGATGCAACTTCATTTCGG,0,3246405
recNp,0.2,4,4,TGGATGAATTAGTATCTCAT,0,3236942
recNp,0.2,4,4,TGGATGAAAGTAATCTGGTC,0,3245278
recNp,0.2,4,4,TGGACGGCACGGATCTGGAC,0,3233152
recNp,0.2,4,4,TGCTTCACCGGTTCACGCGA,0,3242744
recNp,0.2,4,4,TGCGTTTTTACTAATTGCAG,0,3217704
recNp,0.2,4,4,TGCGCTTAAATAGCACCCAC,0,3217159
recNp,0.2,4,4,TGCGCTGCATGTGCCACGAA,0,3245696
recNp,0.2,4,4,TGCCTGGTGAGCGGATAATG,0,3226308
recNp,0.2,4,4,TGCCTCTCCGTTCGATCAAT,0,3239145
recNp,0.2,4,4,TGCCTCCTCGAAACGGCGAA,0,3227801
recNp,0.2,4,4,TGCCGCAACGAAGTAACATT,0,3222245
recNp,0.2,4,4,TGCCGATCCTTGTTCCAGCT,0,3227365
recNp,0.2,4,4,TGCCCTTACCATATTTACGG,0,3221151
recNp,0.2,4,4,TGCATGGGGACGTTGGCTCC,0,3242875
recNp,0.2,4,4,TGATTGAGCGAGCGCACATC,0,3243922
recNp,0.2,4,4,TGATCGAGGTGGGTATTGAG,0,3216213
recNp,0.2,4,4,TGAGGCTAATCGCATACCCT,0,3245082
recNp,0.2,4,4,TGACCTCGTAAGTGAAAACC,0,3233830
recNp,0.2,4,4,TGACCACAGGTGCAAGCCGC,0,3227024
recNp,0.2,4,4,TGAATACTGCGGGGATCTTA,0,3242922
recNp,0.2,4,4,TCTTGGTGAACCCAGTTGCC,0,3223474
recNp,0.2,4,4,TCTTCAGTAATTGCAACCGT,0,3218767
recNp,0.2,4,4,TCTTAGCAGAAATGTGCCAA,0,3255970
recNp,0.2,4,4,TCTGGGGCTTGTAACCGCGT,0,3218228
recNp,0.2,4,4,TCTGGCTTGCTGGCAGCCAG,0,3235486
recNp,0.2,4,4,TCTGCGTGCCACGCTCACGG,0,3253457
recNp,0.2,4,4,TCTGACTAAGTAAATCCACT,0,3222892
recNp,0.2,4,4,TCTCGGCCCAACTATAAGGT,0,3222641
recNp,0.2,4,4,TCTAATCCGCTCGTTAGTCT,0,3241490
recNp,0.2,4,4,TCTAATAGACGGCGTGACTA,0,3232392
recNp,0.2,4,4,TCGTGTGCACCGATGTCTAG,0,3253995
recNp,0.2,4,4,TCGTGAGGCATTGGCGGTTT,0,3250120
recNp,0.2,4,4,TCGTACTTGGTTTGCGCTTG,0,3251237
recNp,0.2,4,4,TCGTACCGTAGCGGGGTACT,0,3233394
recNp,0.2,4,4,TCGTAAGAAAAGGCAGCGAG,0,3235314
recNp,0.2,4,4,TCGGTATGCTCAACAGGGAT,0,3217846
recNp,0.2,4,4,TCGGGGATAAGGCGATATAA,0,3243990
recNp,0.2,4,4,TCGGGATTTTAATTCACATT,0,3226686
recNp,0.2,4,4,TCGGGATCGTGGTTCAATAT,0,3238816
recNp,0.2,4,4,TCGGCTACAGTTGATGGGTT,0,3232557
recNp,0.2,4,4,TCGGACACCTAATCCTGGGC,0,3230781
recNp,0.2,4,4,TCGCCTGTGATAATCTTTTG,0,3254754
recNp,0.2,4,4,TCGCCGATTCCTCTCTCAGA,0,3226491
recNp,0.2,4,4,TCGCAAGTCTTAGCAAATGA,0,3230272
recNp,0.2,4,4,TCGATCGGATTTCGAGTTTT,0,3241657
recNp,0.2,4,4,TCGACTTTACCGTGAGTACT,0,3247929
recNp,0.2,4,4,TCGACTACGGTAACGGAGTC,0,3254496
recNp,0.2,4,4,TCGACGTTCGGGTCGTGACT,0,3243274
recNp,0.2,4,4,TCGACATCGTGTTACATTGA,0,3251211
recNp,0.2,4,4,TCGAATTCTAAAACATTGGG,0,3225099
recNp,0.2,4,4,TCGAAAGTGCGTATCGCAGG,0,3240387
recNp,0.2,4,4,TCGAAAATCAACAGGTAAGC,0,3234413
recNp,0.2,4,4,TCCTTTAGGGTCGGCATCGT,0,3225929
recNp,0.2,4,4,TCCTTGATCCAGCTTCTTTT,0,3251732
recNp,0.2,4,4,TCCTTATCTTTCCTACCCTC,0,3239022
recNp,0.2,4,4,TCCTCATCACTTACTAGCCA,0,3251482
recNp,0.2,4,4,TCCTAACAGTCAGCCTCGAC,0,3234033
recNp,0.2,4,4,TCCCTACCTGTATGTCTCAA,0,3231017
recNp,0.2,4,4,TCCCGCAGAAGCGGAGGTTC,0,3232690
recNp,0.2,4,4,TCCAGAAAATGTTGCTTTGT,0,3228706
recNp,0.2,4,4,TCCACTCGCCGAAATTTTCG,0,3228381
recNp,0.2,4,4,TCATGAGAAACACTTATCAA,0,3254100
recNp,0.2,4,4,TCAGCATGAGAAGTGTCCAA,0,3247378
recNp,0.2,4,4,TCAGACGAAACCGTTCCAAG,0,3231488
recNp,0.2,4,4,TCACACGACGGATCACGCGT,0,3229940
recNp,0.2,4,4,TCAACCATCGGTACTCACCG,0,3235636
recNp,0.2,4,4,TCAAAGTGCACTGGATCCTT,0,3224607
recNp,0.2,4,4,TCAAACCGTCATCGTATCTA,0,3220730
recNp,0.2,4,4,TATTTTTAAGCCCCATCGCT,0,3243133
recNp,0.2,4,4,TATTGTCAGTCTGACGTCGG,0,3235034
recNp,0.2,4,4,TATTGGATGGTATAAACTGT,0,3223270
recNp,0.2,4,4,TATTGCATGATGCGCGTTTT,0,3250365
recNp,0.2,4,4,TATTACTTGGTAGGCCATGC,0,3248657
recNp,0.2,4,4,TATGAGAGACTGTTCGACAA,0,3224380
recNp,0.2,4,4,TATCGTGGCGCAAAATGGTA,0,3235136
recNp,0.2,4,4,TATCCTCCCCAGGTGGGCTA,0,3242373
recNp,0.2,4,4,TATCCACTCGTGAGCTGCCA,0,3250945
recNp,0.2,4,4,TAGGTTTAGTAGGTTTAGCA,0,3252061
recNp,0.2,4,4,TAGGTCTCGGCGGAAGGCCT,0,3230329
recNp,0.2,4,4,TAGGCGCCATGCTAGGAGGC,0,3221194
recNp,0.2,4,4,TAGGCACCTCTAAAAAAGTC,0,3248287
recNp,0.2,4,4,TAGGAGACTCGTGGGAACAT,0,3240937
recNp,0.2,4,4,TAGCTCGCCGTCATTCACGT,0,3217215
recNp,0.2,4,4,TAGACCCCGGGTACCCCCGC,0,3222012
recNp,0.2,4,4,TAGACAGGGAAAGAGGATGT,0,3227593
recNp,0.2,4,4,TACTTCCGCCCGAGCGCAAG,0,3243347
recNp,0.2,4,4,TACTGATCGATACCTGACTC,0,3255789
recNp,0.2,4,4,TACTCGAACTTCGGTGAAAG,0,3253326
recNp,0.2,4,4,TACTAGCGTGCTCTTGTCTC,0,3255780
recNp,0.2,4,4,TACTAAAGGGTATGCCTTGG,0,3226581
recNp,0.2,4,4,TACGGTCCCCAGGCCTACCC,0,3245668
recNp,0.2,4,4,TACCGTTTGACCATGTCACC,0,3229071
recNp,0.2,4,4,TACCCGATGCTCGTACTCTC,0,3252928
recNp,0.2,4,4,TACCACTCTGGATTCAGAGG,0,3249699
recNp,0.2,4,4,TACAAGTGCTACGTGGTGTA,0,3234150
recNp,0.2,4,4,TAATTGCGTCCTTGATTACA,0,3219581
recNp,0.2,4,4,TAATGTTGGAACCTGCGACT,0,3234235
recNp,0.2,4,4,TAATGGGCTATACCGATTAA,0,3219179
recNp,0.2,4,4,TAATCAGGGACTCCCGCGGT,0,3245830
recNp,0.2,4,4,TAAGTGCTGCCGTGTATACC,0,3235087
recNp,0.2,4,4,TAAGTAAGTCTTTACTGCAC,0,3223766
recNp,0.2,4,4,TAAGCTTAGTGTGATCAGAA,0,3250509
recNp,0.2,4,4,TAAGCCGAGCGACCATGCGA,0,3227256
recNp,0.2,4,4,TAAGAATCCATAGACGATAT,0,3231862
recNp,0.2,4,4,TAACTTGAGCCTAGCGGATA,0,3222686
recNp,0.2,4,4,TAACGTTAAGCCGCTAAGGC,0,3237006
recNp,0.2,4,4,TAACAAAGCGAGGGTCCGCA,0,3229983
recNp,0.2,4,4,GTTTTCAGCGTATTGATGTG,0,3246025
recNp,0.2,4,4,GTTTTAGTTCCACTGGGCCG,0,3220663
recNp,0.2,4,4,GTTTCTAGTCGAGTGCCGTA,0,3236818
recNp,0.2,4,4,GTTTCGCCCTGTTCGTCATA,0,3229300
recNp,0.2,4,4,GTTTATCCGAGCGTGACTGG,0,3226772
recNp,0.2,4,4,GTTGTTGCCACTATGTTAAT,0,3248980
recNp,0.2,4,4,GTTGGTCCATGATGCGCCAA,0,3235905
recNp,0.2,4,4,GTTGGGGCATTACCGGGGTC,0,3243273
recNp,0.2,4,4,GTTGGGAGTTTCTGCAGAAG,0,3250563
recNp,0.2,4,4,GTTGGCGGTCTCCCTTTACA,0,3235121
recNp,0.2,4,4,GTTGGATAATGATCTCGGTG,0,3233525
recNp,0.2,4,4,GTTGCCGTCGGCCCATGTAG,0,3229048
recNp,0.2,4,4,GTTGATCCTGTATGATCCTC,0,3222854
recNp,0.2,4,4,GTTGAATGAATTGGTCTTCT,0,3255596
recNp,0.2,4,4,GTTATCTAGGGAGGAACCTA,0,3239449
recNp,0.2,4,4,GTTACGAAAACGTGGCACGT,0,3236516
recNp,0.2,4,4,GTGTTGCGCCTGCCATCAGC,0,3244774
recNp,0.2,4,4,GTGTGTTTTTGGGGTGTGCC,0,3217493
recNp,0.2,4,4,GTGTGAAATTGGAAGGGCGC,0,3233039
recNp,0.2,4,4,GTGTAGCAGGACGTACCGAG,0,3252609
recNp,0.2,4,4,GTGGGATTTACGAGTGTGTG,0,3216256
recNp,0.2,4,4,GTGCGGTTTGGAGACTGTAA,0,3217578
recNp,0.2,4,4,GTGCCCAAGCGTTTACGCTC,0,3231729
recNp,0.2,4,4,GTGCAGCGCTGAGGTACGCA,0,3239249
recNp,0.2,4,4,GTGATCGGCTTTAAGATGTT,0,3216188
recNp,0.2,4,4,GTGACAGTTCCGGCGGACAA,0,3230636
recNp,0.2,4,4,GTCTTGGTTCACGATGGTAA,0,3251417
recNp,0.2,4,4,GTCTGGGAAGTTAGGTGTAC,0,3226483
recNp,0.2,4,4,GTCTCTTCTGGATCAGCCTG,0,3229164
recNp,0.2,4,4,GTCTCAAAAGTCGTAAGTGG,0,3224669
recNp,0.2,4,4,GTCGTCTTCTACTTCGAGAG,0,3227160
recNp,0.2,4,4,GTCGGGTTCCAATTACCTCA,0,3243223
recNp,0.2,4,4,GTCGGGTCAGCTCTCGCTTC,0,3224223
recNp,0.2,4,4,GTCGGCCGGGGATAATATAA,0,3220487
recNp,0.2,4,4,GTCGGAATAAGAGTCCGGCT,0,3228497
recNp,0.2,4,4,GTCGAAGTGAGATGCAGGTC,0,3247448
recNp,0.2,4,4,GTCCTCGATCACGCCCCGAT,0,3248144
recNp,0.2,4,4,GTCCGTGAAGCAATCCTTGT,0,3246066
recNp,0.2,4,4,GTCCGGGGCAGATAACCCGG,0,3247202
recNp,0.2,4,4,GTCCGGACATAGGGACAGGG,0,3224671
recNp,0.2,4,4,GTCCGCTGGACAAGCGCGGA,0,3239466
recNp,0.2,4,4,GTCCGAGGCCAAAGATACAC,0,3234489
recNp,0.2,4,4,GTCCCTCATGCCCGCGAATT,0,3252574
recNp,0.2,4,4,GTCCAGCGCCCTCCGCCTAG,0,3235807
recNp,0.2,4,4,GTCCAAAGAAATGTCGCTGT,0,3249023
recNp,0.2,4,4,GTCAGTACTGCTATGCTATC,0,3221813
recNp,0.2,4,4,GTATGTATGTTCGGCAATAT,0,3250288
recNp,0.2,4,4,GTATGCCTCTTATGTGCGAT,0,3229470
recNp,0.2,4,4,GTATACGCGATCTCGGGCAC,0,3227992
recNp,0.2,4,4,GTAGTCAGAGGATATCGATT,0,3217031
recNp,0.2,4,4,GTAGCACTACACACAACGCA,0,3236621
recNp,0.2,4,4,GTAGAAATAGTGCAAGGCCT,0,3242376
recNp,0.2,4,4,GTACTTGCGGCTTTATTGGG,0,3247212
recNp,0.2,4,4,GTACGCCTTAGAACATTATA,0,3220447
recNp,0.2,4,4,GTAAGGCCATATACCAGACT,0,3225443
recNp,0.2,4,4,GGTTTGTGTAAATGCGTTGC,0,3226007
recNp,0.2,4,4,GGTTGGGGGCGCGCACGAGG,0,3240435
recNp,0.2,4,4,GGTTCGCCGGCAGCTATGTT,0,3250080
recNp,0.2,4,4,GGTTCCCTCACTGAATTCCC,0,3220578
recNp,0.2,4,4,GGTTAATAATCGCGGTCATG,0,3235613
recNp,0.2,4,4,GGTGCCCCGCAGGTTCTTGT,0,3216260
recNp,0.2,4,4,GGTCTCTGGGTCGAGGCAGA,0,3225009
recNp,0.2,4,4,GGTCTCATCGGCTTGCCAGT,0,3242512
recNp,0.2,4,4,GGTCCGAAGTAATAAAACTT,0,3225917
recNp,0.2,4,4,GGTCCCCTAGTATTAGAACT,0,3236383
recNp,0.2,4,4,GGTCAAAGTAAATGAGAAGT,0,3245113
recNp,0.2,4,4,GGTATGGTATATAAAACTTC,0,3226918
recNp,0.2,4,4,GGTAGTTCACCCTGATTGTG,0,3242011
recNp,0.2,4,4,GGTAATAAAATAGATAAAGT,0,3250149
recNp,0.2,4,4,GGTAACGTCTTTGAGAAAGG,0,3231938
recNp,0.2,4,4,GGGTGACACGTAGTGCGTCG,0,3227258
recNp,0.2,4,4,GGGTACGGGTAGGACTCTAC,0,3247524
recNp,0.2,4,4,GGGGTTGGGGAGCTTCGGCT,0,3236168
recNp,0.2,4,4,GGGGACCTAAGACTTCCTCA,0,3234906
recNp,0.2,4,4,GGGGACCATTGTAGATTCGT,0,3250259
recNp,0.2,4,4,GGGCGGCGCATGACAACGGC,0,3224563
recNp,0.2,4,4,GGGCCAGCGTAGCATGTTAA,0,3253998
recNp,0.2,4,4,GGGCACGTTTTTACGGTAAC,0,3242039
recNp,0.2,4,4,GGGATATGGGGCTATTTTAA,0,3238219
recNp,0.2,4,4,GGGAGCTCTGGTAAACCTTC,0,3227950
recNp,0.2,4,4,GGGAGACCACTCCACTCTTC,0,3233809
recNp,0.2,4,4,GGGACATGCACTTTGTTCGT,0,3238528
recNp,0.2,4,4,GGCTGAGTGCGAAAATTATT,0,3254805
recNp,0.2,4,4,GGCGTATAGGGCTGATGACT,0,3230566
recNp,0.2,4,4,GGCGGATGAAGATGCTGAGC,0,3249781
recNp,0.2,4,4,GGCGGACCCTTAGAGGGATT,0,3216993
recNp,0.2,4,4,GGCGGAACTAATGGTCGTCT,0,3243623
recNp,0.2,4,4,GGCGCTGATCAATCTTAGCC,0,3255644
recNp,0.2,4,4,GGCGAAGAACTCTCGTCCAA,0,3231891
recNp,0.2,4,4,GGCCTTGTCTGTGGAAGTGA,0,3224692
recNp,0.2,4,4,GGCCTAGCACCTGGCACGCT,0,3219573
recNp,0.2,4,4,GGCCCGGCAGTACATTGGTG,0,3228797
recNp,0.2,4,4,GGCCCCAATAAAGTAGCCCG,0,3249277
recNp,0.2,4,4,GGCCCATACGCTCTGTCGCG,0,3233252
recNp,0.2,4,4,GGCATAAAGCCAAACGTCTT,0,3231251
recNp,0.2,4,4,GGCAGAAATGCCCAGTTATT,0,3246067
recNp,0.2,4,4,GGCACCAGCCACGGGGAGCG,0,3223999
recNp,0.2,4,4,GGCACAATCTTTGACAGGTG,0,3245269
recNp,0.2,4,4,GGATGATTGCTCAAAATTTT,0,3252067
recNp,0.2,4,4,GGATGATGTCAGAAATTAAG,0,3236560
recNp,0.2,4,4,GGATCGCCCACGGAGTCGCG,0,3232750
recNp,0.2,4,4,GGATAATATCGCAGAATGTG,0,3243777
recNp,0.2,4,4,GGAGGAGTACTCATCTACTT,0,3237966
recNp,0.2,4,4,GGAGGAAAACTATAAATCCC,0,3248467
recNp,0.2,4,4,GGAGAATAGTGCAACCATGG,0,3225971
recNp,0.2,4,4,GGACTTCCGCCTCTTTCGCT,0,3245391
recNp,0.2,4,4,GGACTGCTTCGGGCTTACCC,0,3247953
recNp,0.2,4,4,GGACTCAGACAGTCTAGAGA,0,3242235
recNp,0.2,4,4,GGACTATGGTTCCTCCTACA,0,3234241
recNp,0.2,4,4,GGACACAAACATTATTATAT,0,3217756
recNp,0.2,4,4,GGAACGCCTCGACCCTTGCA,0,3238240
recNp,0.2,4,4,GCTTCGCCTCCTTCTTACCC,0,3248528
recNp,0.2,4,4,GCTGTGATTATTTCCGTTTC,0,3233727
recNp,0.2,4,4,GCTGTAAAGTGGGGAACGGC,0,3234698
recNp,0.2,4,4,GCTGCATAGCAATGGGAGAG,0,3231109
recNp,0.2,4,4,GCTCTTGTTACGGAAAGGCC,0,3255131
recNp,0.2,4,4,GCTCCATGTGGAGTTAACTC,0,3220800
recNp,0.2,4,4,GCTAGAAGCCCCCGGAGGTA,0,3236784
recNp,0.2,4,4,GCTAAATATAGCATTTGCGG,0,3253111
recNp,0.2,4,4,GCGTGTTTATCCGGACACCT,0,3246338
recNp,0.2,4,4,GCGTCTAAGGTTGTCCTGTA,0,3246602
recNp,0.2,4,4,GCGTCGCGGCCTGAGCGCAC,0,3222242
recNp,0.2,4,4,GCGGTGGGCAAAGTGTTAAC,0,3227181
recNp,0.2,4,4,GCGGTAATTGCGTTCTGCGT,0,3255070
recNp,0.2,4,4,GCGGGACGAGGTCGTTGGTC,0,3255501
recNp,0.2,4,4,GCGGCTACTGAGGCAGAGCC,0,3236599
recNp,0.2,4,4,GCGGAAAGTGTTAAGAACGA,0,3246539
recNp,0.2,4,4,GCGCTATTTTAATAATTAAC,0,3248587
recNp,0.2,4,4,GCGCCACGCTTGTCAAGTGC,0,3241459
recNp,0.2,4,4,GCGCACGTAGGGCTAGGGGT,0,3219719
recNp,0.2,4,4,GCGCACAGTAACTTTGGCAA,0,3231981
recNp,0.2,4,4,GCCTAACCCTTTATTAACGA,0,3218362
recNp,0.2,4,4,GCCGTATTGCGCGCAGGATA,0,3251981
recNp,0.2,4,4,GCCGGACTTGATATCAAGCG,0,3230516
recNp,0.2,4,4,GCCGCAGCTGCCTGATCCTA,0,3243529
recNp,0.2,4,4,GCCCTTGCCGGTCATAACCT,0,3248436
recNp,0.2,4,4,GCCCTGTTTTGCATACACGA,0,3226042
recNp,0.2,4,4,GCCCGTCGCGCAGACTCTCA,0,3248056
recNp,0.2,4,4,GCCCGAGTATCAACGGAGCT,0,3251541
recNp,0.2,4,4,GCCCGACGCATCTCGGTTTC,0,3230271
recNp,0.2,4,4,GCATTCTTGCGCTCCGTTAT,0,3250173
recNp,0.2,4,4,GCATGTCAACACTCGTGTCT,0,3229477
recNp,0.2,4,4,GCATCGACGTAATGGGACTC,0,3234057
recNp,0.2,4,4,GCAGTTTTCTTCAGGTCCTC,0,3222652
recNp,0.2,4,4,GCAGCGGACATTTAGTCCTT,0,3218953
recNp,0.2,4,4,GCAGATGGTCGGCCCCACGT,0,3236212
recNp,0.2,4,4,GCACGTACTGAGCACCATCA,0,3234789
recNp,0.2,4,4,GCACGTAACTGGCATTCTAT,0,3235108
recNp,0.2,4,4,GCACGCAAACAGTAGAACAA,0,3246239
recNp,0.2,4,4,GCACCAGGTTTGCCTGTCAA,0,3228021
recNp,0.2,4,4,GCAATACTCCGTAACGCGGC,0,3224231
recNp,0.2,4,4,GCAAGTATTAAGGCCTGACT,0,3230863
recNp,0.2,4,4,GCAAGGGCTCTTGGACACTA,0,3222117
recNp,0.2,4,4,GCAAGGAACCACTCATCCGT,0,3223539
recNp,0.2,4,4,GCAAGACTTGTCGTCGCGAA,0,3248526
recNp,0.2,4,4,GCAACAATTATAATTCCTAG,0,3243569
recNp,0.2,4,4,GATTTCCAGCTGGGGGTGTA,0,3237093
recNp,0.2,4,4,GATTAGGTTAAGGGTGTAAT,0,3216525
recNp,0.2,4,4,GATGGTCCTGTCTTCCGGTG,0,3236738
recNp,0.2,4,4,GATGGGCCAACATTTATAAA,0,3239908
recNp,0.2,4,4,GATGGGATATTCGGGAGGCT,0,3234704
recNp,0.2,4,4,GATGGCATTGATGGTGGAAT,0,3253666
recNp,0.2,4,4,GATGCCGGCTCTGGAGGGTA,0,3228841
recNp,0.2,4,4,GATGACTTGCTCCCGGCTTA,0,3255670
recNp,0.2,4,4,GATCTTTCATCCGACGTTTA,0,3246207
recNp,0.2,4,4,GATCTGGTAATGGCCGTGTA,0,3252739
recNp,0.2,4,4,GATCCTTCAAAAACCGCATT,0,3247595
recNp,0.2,4,4,GATATATCGATCTCCCTTTT,0,3221808
recNp,0.2,4,4,GATACGTTTCTACAAAAACT,0,3240147
recNp,0.2,4,4,GAGTCTTTTAGTGATCACAC,0,3217897
recNp,0.2,4,4,GAGGCAGTGCTATGCCAAAC,0,3235191
recNp,0.2,4,4,GAGCTCTAGTGTTTTTGTCA,0,3253575
recNp,0.2,4,4,GAGCCGGGCAAGCTCGCGCT,0,3238861
recNp,0.2,4,4,GAGCACCAGTATAGCCAACT,0,3242272
recNp,0.2,4,4,GAGATGTCCAGGTGCGAAAA,0,3246064
recNp,0.2,4,4,GAGACCGTCTTGTATGTTTG,0,3217271
recNp,0.2,4,4,GAGACAAACAGGTTCATTGC,0,3217331
recNp,0.2,4,4,GAGAATCAAAGGAAGCTTGT,0,3223238
recNp,0.2,4,4,GAGAAACGTTTTGACGGCCC,0,3244916
recNp,0.2,4,4,GACTAAGCTTCAGGGTCACT,0,3242737
recNp,0.2,4,4,GACGGGTGCGGTGGGGGCAC,0,3221213
recNp,0.2,4,4,GACGCTGTCCTGGAGTTAGG,0,3227922
recNp,0.2,4,4,GACGCCCCAAGGTTGTATTG,0,3228795
recNp,0.2,4,4,GACGCCCAACGGTGCTCAGT,0,3236185
recNp,0.2,4,4,GACGAGTGAATCTCCGTGAG,0,3217325
recNp,0.2,4,4,GACCGGGGGGCGGGACTTCA,0,3243064
recNp,0.2,4,4,GACAGCCTTAGTGTTAGGCC,0,3233996
recNp,0.2,4,4,GAATGGTTCCGTGGCGTCCT,0,3250850
recNp,0.2,4,4,GAAGTAGTGTAGGACAATAG,0,3224912
recNp,0.2,4,4,GAAGGACTCTTTCAACTTGG,0,3233823
recNp,0.2,4,4,GAACCCGGTGTCCGAACACT,0,3230488
recNp,0.2,4,4,GAAATCGGTAGTTATGCAAC,0,3217881
recNp,0.2,4,4,GAAACTAGAGCTACGCAGAG,0,3230494
recNp,0.2,4,4,GAAACGGGGACCTCGACAGT,0,3249952
recNp,0.2,4,4,GAAACGACATCTTGATTAGA,0,3248065
recNp,0.2,4,4,GAAACATAATACGTTGCCAT,0,3238312
recNp,0.2,4,4,GAAAAACTTAACGATGCAGT,0,3230888
recNp,0.2,4,4,CTTTTGCTCTTTGCTATACT,0,3250628
recNp,0.2,4,4,CTTTCCACTCGCGGATGGCA,0,3229246
recNp,0.2,4,4,CTTTCACTTTATTGTAATAA,0,3226184
recNp,0.2,4,4,CTTTATAGGGTTCATATTCA,0,3254625
recNp,0.2,4,4,CTTGTTTACGGTAATTAGCT,0,3240150
recNp,0.2,4,4,CTTGTTAGAAGTAGTCTCGG,0,3239492
recNp,0.2,4,4,CTTGGGAAGCTGGGGTTTCA,0,3241565
recNp,0.2,4,4,CTTGCTTTCGGATAATATCA,0,3252439
recNp,0.2,4,4,CTTGCTGGTGCCGGACTGAC,0,3245146
recNp,0.2,4,4,CTTGCGTGGGTCAGCAGGGT,0,3251199
recNp,0.2,4,4,CTTGCACGGTCCTCACATGT,0,3226464
recNp,0.2,4,4,CTTCTCGTGCAGGGCAGTAT,0,3231452
recNp,0.2,4,4,CTTCTATTTACCCTGCCTCG,0,3248313
recNp,0.2,4,4,CTTCTACGCCAGGTGGGCAT,0,3220155
recNp,0.2,4,4,CTTATCTGGCCCCCTGGGCG,0,3240959
recNp,0.2,4,4,CTTATAGGCCCTAAACACCG,0,3234251
recNp,0.2,4,4,CTTAGTTGATAGCAACATAT,0,3237287
recNp,0.2,4,4,CTTAGGTGTGGCTACATCAC,0,3223486
recNp,0.2,4,4,CTTAAGTACAAGGACGGTCG,0,3225252
recNp,0.2,4,4,CTGTGCGGCCAAAAGTGGTT,0,3238314
recNp,0.2,4,4,CTGTATAGACGCAGAAGTAA,0,3242415
recNp,0.2,4,4,CTGGGGTGAGCGCGTCGTAC,0,3229520
recNp,0.2,4,4,CTGGGAGCAATATTGTGCAG,0,3227283
recNp,0.2,4,4,CTGGATCGACTGGGAGGGGT,0,3250214
recNp,0.2,4,4,CTGGACGTATGATGAGACAC,0,3228312
recNp,0.2,4,4,CTGGAATAAAGATGTCAGGA,0,3234830
recNp,0.2,4,4,CTGCGGAATTGTTAGATCTG,0,3244625
recNp,0.2,4,4,CTGCGCGGTATATTAACGAA,0,3216620
recNp,0.2,4,4,CTCTAGGAGAGGATTTTCCC,0,3243245
recNp,0.2,4,4,CTCTAGGAAGACAATAGGGG,0,3255797
recNp,0.2,4,4,CTCTAAGATCATTGCACGGG,0,3234804
recNp,0.2,4,4,CTCCGTAGACAACCAGTCAT,0,3220688
recNp,0.2,4,4,CTCAAACCTATCACTCTCCA,0,3254532
recNp,0.2,4,4,CTATTTTCGACAACAGCCGG,0,3253804
recNp,0.2,4,4,CTATTTATAGGTCCGGAGAG,0,3220493
recNp,0.2,4,4,CTATTCTCCGGTTAACGAAG,0,3220475
recNp,0.2,4,4,CTATGAGTAGCGATGCGGCC,0,3249353
recNp,0.2,4,4,CTACGTCCGAGGCCAGGGAC,0,3234899
recNp,0.2,4,4,CTACGCGTAAGTTGGGTCTG,0,3253170
recNp,0.2,4,4,CTACACCCCTGACCTCGCTC,0,3230090
recNp,0.2,4,4,CTACAACTCAAATTAGGCAT,0,3254465
recNp,0.2,4,4,CTAAGGAAAAACGGTCGTAA,0,3227386
recNp,0.2,4,4,CTAACAGAAGGAGTTATTAA,0,3220544
recNp,0.2,4,4,CGTTTCTTATGTGGAAACGA,0,3220678
recNp,0.2,4,4,CGTTGTTTCGTCTTGAGGGT,0,3255597
recNp,0.2,4,4,CGTTGGACTTCTCCGATGAC,0,3255155
recNp,0.2,4,4,CGTTCTGTAGTATCACACAC,0,3254270
recNp,0.2,4,4,CGTTCATTCCGCGTTCGTAA,0,3248959
recNp,0.2,4,4,CGTTAGGGCTTCTAGAAGAT,0,3223917
recNp,0.2,4,4,CGTTACTAAAGATCACCGTA,0,3243117
recNp,0.2,4,4,CGTTACCTTTCGGATCAACC,0,3255179
recNp,0.2,4,4,CGTTAAATGGTAGACCAATT,0,3251267
recNp,0.2,4,4,CGTGTTACAACTCTAGAAGC,0,3247116
recNp,0.2,4,4,CGTGTACTATGGTAACATAG,0,3219534
recNp,0.2,4,4,CGTGCCCCACGTAAACTCCA,0,3222355
recNp,0.2,4,4,CGTGCATTCTCCTTTTTATG,0,3238768
recNp,0.2,4,4,CGTGACTAGCAATCCGGATC,0,3218439
recNp,0.2,4,4,CGTGAAGGCTACAAAAGATA,0,3216238
recNp,0.2,4,4,CGTCTTGGGTAGGTCGAAAC,0,3251145
recNp,0.2,4,4,CGTCTTCTTCAGGGGTATCA,0,3227953
recNp,0.2,4,4,CGTCGCATGCTGGATGTTTC,0,3235256
recNp,0.2,4,4,CGTCCCGGGTGAACAAACGA,0,3225539
recNp,0.2,4,4,CGTCCAGAATTTTTGCGCGA,0,3237265
recNp,0.2,4,4,CGTCACGCCCTGGTAGGTCA,0,3227987
recNp,0.2,4,4,CGTATTCCGTCCAAGCGCAA,0,3251224
recNp,0.2,4,4,CGTAGAGACGTGCGGCCGCA,0,3240568
recNp,0.2,4,4,CGTACGCCGATTCTTTCGGG,0,3216759
recNp,0.2,4,4,CGTAAATATTCGTGTTTATT,0,3234247
recNp,0.2,4,4,CGGTTGTCAACCATCGGCGT,0,3236524
recNp,0.2,4,4,CGGTCTGGTGGCGGTTCGTG,0,3255551
recNp,0.2,4,4,CGGTAGATTTCATACCTGCT,0,3253570
recNp,0.2,4,4,CGGTACCGAAACAATCCGAA,0,3239955
recNp,0.2,4,4,CGGTACCCTACAACTGAGAA,0,3219173
recNp,0.2,4,4,CGGTACAATGCACGCTTACT,0,3232562
recNp,0.2,4,4,CGGGTGTGACTTAGACAGAT,0,3236050
recNp,0.2,4,4,CGGGCCTACCCAAAGGCTTC,0,3243036
recNp,0.2,4,4,CGGGCCGCGCCTACCTGGTG,0,3245824
recNp,0.2,4,4,CGGCTAAGGTGGGATGGGCA,0,3249433
recNp,0.2,4,4,CGGCATTGATTATGCCCGTA,0,3223953
recNp,0.2,4,4,CGGAGGGCGGGTCTAACCGT,0,3238722
recNp,0.2,4,4,CGGACCGTTACTTCTGCATG,0,3230350
recNp,0.2,4,4,CGGAATGGGTACTCTGTCCA,0,3219756
recNp,0.2,4,4,CGCTTGGCGCATTATACCTG,0,3251290
recNp,0.2,4,4,CGCTGTTCTCCGGGAATTCG,0,3255588
recNp,0.2,4,4,CGCTGCGGGAAGTTGACTCT,0,3245895
recNp,0.2,4,4,CGCTGCACACGCTTGGGCGT,0,3228952
recNp,0.2,4,4,CGCTAGCCTCTATTACAGGA,0,3227289
recNp,0.2,4,4,CGCGTTTCCTGCAACATTCA,0,3237536
recNp,0.2,4,4,CGCGCTCTCAGGTTTCACTG,0,3243968
recNp,0.2,4,4,CGCGACTTCTACAGACACGA,0,3240119
recNp,0.2,4,4,CGCGACGAAGTCCCAGATTT,0,3247529
recNp,0.2,4,4,CGCCTGTCTCTCCAAAGAAT,0,3252180
recNp,0.2,4,4,CGCCTAGAATTATCCAACAA,0,3253486
recNp,0.2,4,4,CGCCGCTCGGGTCAAAGGCA,0,3249775
recNp,0.2,4,4,CGCCGCAATGTGAAATAGCT,0,3224063
recNp,0.2,4,4,CGCCGACCAGTTGACGGAGA,0,3223407
recNp,0.2,4,4,CGCCCTTGACATCAAACATT,0,3225585
recNp,0.2,4,4,CGCCCTTCGCAACACTCTCT,0,3218389
recNp,0.2,4,4,CGCCCAGAAATAAGGCCCAG,0,3242303
recNp,0.2,4,4,CGCAGGTCTAGAGCCCTATG,0,3247736
recNp,0.2,4,4,CGCACTTTGGCACGTGAATG,0,3227244
recNp,0.2,4,4,CGATGCGCTTCGGTGAGTCC,0,3243612
recNp,0.2,4,4,CGAGGGTAAGTACGCGTTAG,0,3245561
recNp,0.2,4,4,CGAGCGCCTAAGCGGCCGTG,0,3226091
recNp,0.2,4,4,CGAGAGGGGAGCCCGTGCCA,0,3235638
recNp,0.2,4,4,CGACTATTAATTAATATCAA,0,3235066
recNp,0.2,4,4,CGACGGCATCCCTTTTAGTT,0,3233721
recNp,0.2,4,4,CGACCTCTTCGCCCAACGAG,0,3230050
recNp,0.2,4,4,CGAAGGGTGTACACTAGATT,0,3232013
recNp,0.2,4,4,CCTTCTTGGGCCGGGTGCAT,0,3224262
recNp,0.2,4,4,CCTTCACGACGGGAGTACGA,0,3249854
recNp,0.2,4,4,CCTTACCCATCACGTGATAT,0,3225538
recNp,0.2,4,4,CCTGACGCGGTCATGCGAGT,0,3230846
recNp,0.2,4,4,CCTCGCAGGCACGAGTATCA,0,3222538
recNp,0.2,4,4,CCTCAGGGGTAGGTGGTACG,0,3241540
recNp,0.2,4,4,CCTACTCGATTAACATATGA,0,3239053
recNp,0.2,4,4,CCTACGTTGGGTGCATTCAT,0,3252565
recNp,0.2,4,4,CCTACAGGGGAGAACCGTAA,0,3243861
recNp,0.2,4,4,CCTAATTAGGATGCTGCAGA,0,3233140
recNp,0.2,4,4,CCGTCTTCTCTAGAAGTTTC,0,3222600
recNp,0.2,4,4,CCGTATCGAGCACTGGTGAC,0,3250951
recNp,0.2,4,4,CCGTATACGTTAGAGCACGC,0,3227806
recNp,0.2,4,4,CCGTACTCCGTGCCCTTCTG,0,3248862
recNp,0.2,4,4,CCGGTTAGGACCAATACTTT,0,3224768
recNp,0.2,4,4,CCGGCAGCTTATCAGAAGGA,0,3247194
recNp,0.2,4,4,CCGATACTCACCATAGTCTA,0,3219781
recNp,0.2,4,4,CCGAATCGTCATTCAGAACC,0,3255393
recNp,0.2,4,4,CCCTTGATTGGACCGCCCAC,0,3229816
recNp,0.2,4,4,CCCTCGTCTATGCATAAATA,0,3252878
recNp,0.2,4,4,CCCGTTATGGTACGCCGATA,0,3228215
recNp,0.2,4,4,CCCGATTCATTATACAAAAA,0,3218649
recNp,0.2,4,4,CCCGAGCTCTGTATGGTCGG,0,3243890
recNp,0.2,4,4,CCCCGTCACCGCTGTCTAGT,0,3233851
recNp,0.2,4,4,CCCCCGTGGGCCTTAACAGG,0,3220278
recNp,0.2,4,4,CCCCACCTACGGTCTGACCG,0,3238315
recNp,0.2,4,4,CCCATCCCGGAAAATGCACA,0,3223912
recNp,0.2,4,4,CCCAGCTACACAAGCAAGGC,0,3223220
recNp,0.2,4,4,CCCAAGGAGGTCTGCCTTTA,0,3228382
recNp,0.2,4,4,CCATTTACTGTCTGGTACGG,0,3218607
recNp,0.2,4,4,CCATGTCATGCTTAGCCTTC,0,3246533
recNp,0.2,4,4,CCATACCCTTGACACGTGCT,0,3252052
recNp,0.2,4,4,CCAGTCGCACACGTCGTGCT,0,3255182
recNp,0.2,4,4,CCAGGCTTCTCCAATGTGGC,0,3217451
recNp,0.2,4,4,CCAGGATGCCGGACCATAGA,0,3243214
recNp,0.2,4,4,CCAGACATAGCCCTCCGCGA,0,3252343
recNp,0.2,4,4,CCACTTGTGTGGGTGTAGGG,0,3232239
recNp,0.2,4,4,CCACGGTTATGACCTCAGAT,0,3227915
recNp,0.2,4,4,CCACCATGATGCGGGGCATA,0,3226611
recNp,0.2,4,4,CCACAACCTCCGCTGAGGCA,0,3238018
recNp,0.2,4,4,CCAATTCACTATACTATGGC,0,3233134
recNp,0.2,4,4,CCAACGGTGCTATGAAGCGC,0,3225012
recNp,0.2,4,4,CCAAATTGCTACAAGATCAA,0,3245777
recNp,0.2,4,4,CATGTCCGCTAGAGAGGTCT,0,3235170
recNp,0.2,4,4,CATGTATTAGCGAGTTACGG,0,3242804
recNp,0.2,4,4,CATGCTAGTATGCCTTGCTT,0,3221844
recNp,0.2,4,4,CATCTCCGAGGTGTCTTTTG,0,3238300
recNp,0.2,4,4,CATCGGATCAGGGCTTAGAC,0,3228025
recNp,0.2,4,4,CATCCCGATAACGCTGCTCA,0,3219058
recNp,0.2,4,4,CATCAAGGCCATCTCAAACC,0,3225372
recNp,0.2,4,4,CATATGCCAGACCCGTTAAG,0,3221230
recNp,0.2,4,4,CATAGTTCCGGCGGCTCAGG,0,3241050
recNp,0.2,4,4,CATAGTCTGATAGGATTGTT,0,3238150
recNp,0.2,4,4,CATAGGGGTACAACAAACGT,0,3224610
recNp,0.2,4,4,CATACTGTCTATTATCAGAG,0,3242021
recNp,0.2,4,4,CAGTCTGGATGGTTAGCGCA,0,3222644
recNp,0.2,4,4,CAGGGATAATACATGCCCAC,0,3243114
recNp,0.2,4,4,CAGGCGTCGGATGCATGTCT,0,3232066
recNp,0.2,4,4,CAGGATTGTTGCATCGTCTC,0,3228220
recNp,0.2,4,4,CAGGACACCCTCCACCGGCC,0,3232909
recNp,0.2,4,4,CAGCGCAATTAATCGTATTC,0,3248933
recNp,0.2,4,4,CAGCGAAGCTTCAGGGCAGG,0,3226198
recNp,0.2,4,4,CAGCCGTACTACGATCGAGC,0,3241631
recNp,0.2,4,4,CAGCCGCCGAGGAAAGGACA,0,3229245
recNp,0.2,4,4,CAGCACGGACCATGGTGCTT,0,3246817
recNp,0.2,4,4,CAGAGCCGGTACTGCTTACA,0,3226413
recNp,0.2,4,4,CAGAGCAGACCCACCTGCGG,0,3245375
recNp,0.2,4,4,CAGACAGTACGGTAACATCC,0,3220409
recNp,0.2,4,4,CAGAATGCTTACCGTCGCCA,0,3242774
recNp,0.2,4,4,CACTTCCATCCCCGCAATGA,0,3231780
recNp,0.2,4,4,CACTTCACAGTAGGACATTA,0,3237402
recNp,0.2,4,4,CACTCACTAGCAAACCCTGA,0,3220403
recNp,0.2,4,4,CACTAAATGACTAGATTCCG,0,3248920
recNp,0.2,4,4,CACGGTCGTTGATGCCAAAA,0,3246655
recNp,0.2,4,4,CACGCGCAGGCGCCACGGCA,0,3239304
recNp,0.2,4,4,CACGCCTGTAAGAGGATATC,0,3239431
recNp,0.2,4,4,CACGAGCGAGTCAGCGTAGC,0,3235706
recNp,0.2,4,4,CACCTGGGTTAAGACAACAG,0,3238083
recNp,0.2,4,4,CACCGCTTCCTTTATAACCA,0,3227387
recNp,0.2,4,4,CACAGACCAAACGGTGGGTC,0,3239237
recNp,0.2,4,4,CACACTCCGTAAGGACATGA,0,3231791
recNp,0.2,4,4,CAATGATTTGGTCGTATCCA,0,3222819
recNp,0.2,4,4,CAATGAAGAAGGAGCTCCTC,0,3232930
recNp,0.2,4,4,CAATCGTGGTAATCACAGAT,0,3251015
recNp,0.2,4,4,CAATCCGTGAGTGTTGATTC,0,3244961
recNp,0.2,4,4,CAATCCGCGATACATGGGAA,0,3247870
recNp,0.2,4,4,CAATCAATACTTTACCAACG,0,3225960
recNp,0.2,4,4,CAATATTGCTTCATATATTC,0,3254440
recNp,0.2,4,4,CAAGGACGAGTCTCCCGAAG,0,3238280
recNp,0.2,4,4,CAACTTTGTATTAAAACATA,0,3249903
recNp,0.2,4,4,CAACCTAGCTCATGGGCGAA,0,3229659
recNp,0.2,4,4,CAACATAAGAGTACTTTTGT,0,3238679
recNp,0.2,4,4,CAACAGTGCCTCCTGTGGTT,0,3216565
recNp,0.2,4,4,ATTTTCTTTGGAGGACGAAT,0,3219397
recNp,0.2,4,4,ATTTGTGCTTCATTGGCAAT,0,3234773
recNp,0.2,4,4,ATTTGCGAGGGCTATAGTTG,0,3247631
recNp,0.2,4,4,ATTTCTAGTTGAGTACGTAT,0,3234904
recNp,0.2,4,4,ATTTCGACTTTTTCGTTCTA,0,3240750
recNp,0.2,4,4,ATTTCCGACACGATGAGTCT,0,3222776
recNp,0.2,4,4,ATTGCGAGGTAGTGAGTCAA,0,3251751
recNp,0.2,4,4,ATTCTGACGACTCATCCGGA,0,3217066
recNp,0.2,4,4,ATTCGGACTGCTGCCTCCTC,0,3239095
recNp,0.2,4,4,ATTCAGGAAGGTTTTGCTCT,0,3219054
recNp,0.2,4,4,ATTCACATTCTTGAGGTGTA,0,3222703
recNp,0.2,4,4,ATTATCCTTGAAAGTTGTCA,0,3232678
recNp,0.2,4,4,ATTACGACCAGGTACGACGG,0,3242761
recNp,0.2,4,4,ATTAAGCCCCTGTTCAAAAC,0,3224733
recNp,0.2,4,4,ATGTGATAGGTTGAGAGAAG,0,3225466
recNp,0.2,4,4,ATGTCTACGTCTTTAGAGCA,0,3232759
recNp,0.2,4,4,ATGTCTACAGCCGCACCTTA,0,3235296
recNp,0.2,4,4,ATGTAGTCATCAAGATTGTA,0,3216502
recNp,0.2,4,4,ATGTACGGGGTTTCTTTATA,0,3217485
recNp,0.2,4,4,ATGGTTAACCCCCGATGAGC,0,3221274
recNp,0.2,4,4,ATGGTGGGTGTAAGGAACGC,0,3244700
recNp,0.2,4,4,ATGGTCAGAAAATATTCCAA,0,3226085
recNp,0.2,4,4,ATGGGTTCGGATCTGTGATA,0,3236706
recNp,0.2,4,4,ATGGGGTAGGGGGGACCTTT,0,3247254
recNp,0.2,4,4,ATGCGAGAGGACCTAGCCCC,0,3246074
recNp,0.2,4,4,ATGCATGGAGTTGATTAACG,0,3246172
recNp,0.2,4,4,ATGCACGAACTCGGGCCTTC,0,3250144
recNp,0.2,4,4,ATGCACAAAAATTTGTTAGG,0,3222061
recNp,0.2,4,4,ATGAGATTTACGAATCTGTT,0,3241983
recNp,0.2,4,4,ATGACCCATGCTTACAGTCA,0,3250908
recNp,0.2,4,4,ATCTTTGCCTTTGGGCCTTG,0,3230961
recNp,0.2,4,4,ATCTTATAGCCACCTATTAG,0,3236760
recNp,0.2,4,4,ATCTTATACGTACGTTCAGA,0,3244861
recNp,0.2,4,4,ATCTGAAAATAACGGTGCAG,0,3232914
recNp,0.2,4,4,ATCTCAAGTACTGCACTAGA,0,3221410
recNp,0.2,4,4,ATCGTCCGTAAGCCCACTGC,0,3247048
recNp,0.2,4,4,ATCCGCGACGGGGCAGAAGA,0,3237796
recNp,0.2,4,4,ATCCGAAGTCCTGAAACCCT,0,3232168
recNp,0.2,4,4,ATCCCATCGCTCTAAACGGC,0,3245989
recNp,0.2,4,4,ATCATCACCAGAAGTGTAAT,0,3248020
recNp,0.2,4,4,ATCAGTTCGAACCCAAGGGG,0,3244199
recNp,0.2,4,4,ATATTCGGCAGAGGGTCCGA,0,3253187
recNp,0.2,4,4,ATATCCACGTGTACTTGGTG,0,3228405
recNp,0.2,4,4,ATATAATGATCCGCTCACGC,0,3244785
recNp,0.2,4,4,ATATAAAATTGGGACCTCCG,0,3218731
recNp,0.2,4,4,ATAGTTCCCGGGTGCGACGT,0,3220208
recNp,0.2,4,4,ATAGGGTTTTGGGACAATGA,0,3240530
recNp,0.2,4,4,ATAGGCAAGTAGCACCTTTG,0,3236856
recNp,0.2,4,4,ATACTACCGTTTTATAATGC,0,3232988
recNp,0.2,4,4,ATACGTATGCACTAAATCTT,0,3243873
recNp,0.2,4,4,ATACCGCAGGTAGCGAAGAA,0,3249818
recNp,0.2,4,4,ATACAACGGGTCGAGCCCGA,0,3245474
recNp,0.2,4,4,ATAACGGTTGCAGATGCTGA,0,3247745
recNp,0.2,4,4,ATAACGCGACATAGATGCAT,0,3222126
recNp,0.2,4,4,AGTTTAGGGTAAACTCCTTT,0,3224267
recNp,0.2,4,4,AGTTCTCTTGAGGGTTTGCA,0,3250707
recNp,0.2,4,4,AGTTCGAAAGATAGGACATA,0,3230595
recNp,0.2,4,4,AGTTCCCCGACGAACCAATA,0,3242309
recNp,0.2,4,4,AGTGTCGGCTATAGCGCCCG,0,3250336
recNp,0.2,4,4,AGTGGGTTTCATTTTCGTTA,0,3232014
recNp,0.2,4,4,AGTGCAAAATTCGCATTCGC,0,3232406
recNp,0.2,4,4,AGTGATCTCATCACAGCGTG,0,3241846
recNp,0.2,4,4,AGTCAGAAGACGAACCAATA,0,3234485
recNp,0.2,4,4,AGTATACCTATGTGATGTTG,0,3254889
recNp,0.2,4,4,AGTACGGATCGGATTGGTAA,0,3231138
recNp,0.2,4,4,AGTAAAAACATACGGAATGC,0,3221524
recNp,0.2,4,4,AGGTAGGCGAATTCCGGAAG,0,3246113
recNp,0.2,4,4,AGGGTCCGAGTCAGGCGCGT,0,3252329
recNp,0.2,4,4,AGGGCACCGGGGAACAGTAA,0,3244266
recNp,0.2,4,4,AGGGAGTTTCTTTTCTGATT,0,3230063
recNp,0.2,4,4,AGGCTCAAAAAACTAGCAAA,0,3223664
recNp,0.2,4,4,AGGCCTGCTATGCAAGACGT,0,3218835
recNp,0.2,4,4,AGGCCACTAGCTTCACGAAC,0,3240733
recNp,0.2,4,4,AGGCAGTATGGTTCCACAAT,0,3218786
recNp,0.2,4,4,AGGCAGCGACGGGAAAGCAT,0,3218976
recNp,0.2,4,4,AGGATAGGGTCTAGGGGACT,0,3252708
recNp,0.2,4,4,AGGAGGCAACGGCTCCGTTG,0,3224608
recNp,0.2,4,4,AGGAGATCCCCAACGTTCCA,0,3216279
recNp,0.2,4,4,AGGACGGTGGCACTGTGTGC,0,3245740
recNp,0.2,4,4,AGGACCAATACGCTGCCCTT,0,3249743
recNp,0.2,4,4,AGCTTCGCCAGTAGGATGAC,0,3230751
recNp,0.2,4,4,AGCTGGAGGAGTGATTCATG,0,3233871
recNp,0.2,4,4,AGCTAGAGTGCGGACCTGGG,0,3253557
recNp,0.2,4,4,AGCTACTCAGAGAGAGCCGC,0,3241849
recNp,0.2,4,4,AGCTAAGGTGGCGATCCGCG,0,3234739
recNp,0.2,4,4,AGCGTAGAGGTTCTAATGAA,0,3217198
recNp,0.2,4,4,AGCGGGCCGGCATTTAGATT,0,3252633
recNp,0.2,4,4,AGCCTATTCAGAATTAGTCA,0,3233257
recNp,0.2,4,4,AGCCGTCGCGCAGGTCGGCC,0,3229023
recNp,0.2,4,4,AGCCGCTGATCGTAGAGACG,0,3234757
recNp,0.2,4,4,AGCCGAGTGCAAAATAATAC,0,3244425
recNp,0.2,4,4,AGCCCACATCGTAAGTTAGG,0,3248409
recNp,0.2,4,4,AGCAATTCTTAGTGTTAGTT,0,3223003
recNp,0.2,4,4,AGCAATTCCTTATTCTCTTG,0,3223712
recNp,0.2,4,4,AGCAAGTGGAGCTGCGGTCA,0,3223534
recNp,0.2,4,4,AGATTGGTAGTAATCGGCGC,0,3247993
recNp,0.2,4,4,AGATTCGCGGATGCTAGACC,0,3223721
recNp,0.2,4,4,AGATGCACTGGTATTAACAG,0,3232198
recNp,0.2,4,4,AGATCCTATCGGCTTCGCAC,0,3218785
recNp,0.2,4,4,AGAGTCTCCGTCCGGGTTCA,0,3246045
recNp,0.2,4,4,AGAGGGTCAAGTACGTTGAG,0,3253927
recNp,0.2,4,4,AGAGGGAATCCTCCTTGAAG,0,3223949
recNp,0.2,4,4,AGAGGAATTGGTCCAAACAG,0,3254145
recNp,0.2,4,4,AGAGCACTGCTGTACCCTCT,0,3217961
recNp,0.2,4,4,AGAGAACTACCCTGCATTCG,0,3224955
recNp,0.2,4,4,AGACATGGGTTACATGCTTC,0,3246305
recNp,0.2,4,4,AGAATTGAGTGTCTACAATG,0,3233860
recNp,0.2,4,4,AGAAGTAGTATGTGGCTGAG,0,3218127
recNp,0.2,4,4,AGAAGGTCAGTGAGTGGTCT,0,3234032
recNp,0.2,4,4,AGAAGGGTTTTGTTCTCGAG,0,3217054
recNp,0.2,4,4,AGAACGCCCAATCGTTATCA,0,3247802
recNp,0.2,4,4,AGAACCAGATCAACATACGA,0,3231470
recNp,0.2,4,4,ACTTGGTACAGGTCGGACGC,0,3240207
recNp,0.2,4,4,ACTTGCGGGGTCATGGAGAG,0,3248007
recNp,0.2,4,4,ACTTGAAAACGTCGTCGTCC,0,3220575
recNp,0.2,4,4,ACTTCTGGCCATGCTCCATC,0,3242523
recNp,0.2,4,4,ACTTACGGAAGCCTATATTA,0,3246729
recNp,0.2,4,4,ACTGGAAGAAGGTTGCCTTG,0,3240879
recNp,0.2,4,4,ACTGCGGTCACCAGTTGCCA,0,3239819
recNp,0.2,4,4,ACTCTTTGTAACAGAGATCC,0,3237680
recNp,0.2,4,4,ACTCTAGATAGGCCACGGCA,0,3231226
recNp,0.2,4,4,ACTCGGCCTTCACGGTTGGT,0,3248408
recNp,0.2,4,4,ACTATGCATTATGTACAGAC,0,3218164
recNp,0.2,4,4,ACTATCGCCACGATACGAGC,0,3242689
recNp,0.2,4,4,ACGTCCTCATACAGGCTTGG,0,3221700
recNp,0.2,4,4,ACGTAGGTACGTTGCAGTGA,0,3252628
recNp,0.2,4,4,ACGGTTGCACCTCGTTCAGA,0,3218710
recNp,0.2,4,4,ACGGGGGATACGAGTACCGA,0,3238273
recNp,0.2,4,4,ACGGCGATACTCGCAGTTTT,0,3228730
recNp,0.2,4,4,ACGGAGTGCTCAATGGGAAA,0,3252115
recNp,0.2,4,4,ACGGAAGGTCATTTTCTATT,0,3229536
recNp,0.2,4,4,ACGGAACATGAGGCTTACCC,0,3243134
recNp,0.2,4,4,ACGCGATTGGCTGCCGTACA,0,3252979
recNp,0.2,4,4,ACGCCGGTACAGGTCGGTTT,0,3230940
recNp,0.2,4,4,ACGCCGAATGCTGCTAGTTA,0,3217843
recNp,0.2,4,4,ACGCCAGACACAGGGTTGAA,0,3225240
recNp,0.2,4,4,ACGCATTCCTAAGAAATAGC,0,3255451
recNp,0.2,4,4,ACGCATACTGCTTATGCCAG,0,3229406
recNp,0.2,4,4,ACGCAGCAGGTTGAATTACA,0,3227037
recNp,0.2,4,4,ACGCACGGTGGTATCCCGGT,0,3217732
recNp,0.2,4,4,ACGCAAGGCTTGATCTGTTA,0,3219047
recNp,0.2,4,4,ACGCAAGGCAATACGGCAAT,0,3222481
recNp,0.2,4,4,ACGCAACGCGGACTTGAGGC,0,3254732
recNp,0.2,4,4,ACGACTTAGTGCGGTACAAC,0,3231971
recNp,0.2,4,4,ACGACGATTCTCGTTAAGTA,0,3232228
recNp,0.2,4,4,ACCTTATGATATGAGCGAAG,0,3244697
recNp,0.2,4,4,ACCTCATCGGAACTCGATAA,0,3255507
recNp,0.2,4,4,ACCTATCACGACCTTTCACT,0,3249266
recNp,0.2,4,4,ACCGTGGCGAAATCTCCACT,0,3226730
recNp,0.2,4,4,ACCGTCTCTAGCGTGTATAT,0,3248643
recNp,0.2,4,4,ACCGCATCGTAATAAATGCG,0,3243941
recNp,0.2,4,4,ACCGATTTGGTGGCCTGTGG,0,3249198
recNp,0.2,4,4,ACCGACTTTAGGCAACTAAC,0,3236881
recNp,0.2,4,4,ACCCTAGGCACGTCTAGCTC,0,3234043
recNp,0.2,4,4,ACCCGTCCCCGATTAAAGGG,0,3222759
recNp,0.2,4,4,ACCATATCCGCGTGCCGCTA,0,3252128
recNp,0.2,4,4,ACCACGTCTCAGGCTAGCCC,0,3228875
recNp,0.2,4,4,ACCAATGTTACGCGGTATTG,0,3239868
recNp,0.2,4,4,ACCAACCAAAAAGGTACTTC,0,3242267
recNp,0.2,4,4,ACATTGTTCCAACGTAATAG,0,3217970
recNp,0.2,4,4,ACATTCTAGATATCCTGATG,0,3226701
recNp,0.2,4,4,ACATGGCTCGGGCCGCTGTT,0,3228190
recNp,0.2,4,4,ACATCGGTTCCACGAGGTAT,0,3234085
recNp,0.2,4,4,ACAGTTTTTCTCCTAGTCTG,0,3240816
recNp,0.2,4,4,ACAGGTCGATGTCGCATGAT,0,3231180
recNp,0.2,4,4,ACAGGGAAGGATTGCGATTT,0,3234954
recNp,0.2,4,4,ACAGGAAATCCTTCATGTCT,0,3240491
recNp,0.2,4,4,ACAGCCTGACGCCGTCCGTT,0,3255770
recNp,0.2,4,4,ACAGACAACTGCTCGATCTA,0,3229125
recNp,0.2,4,4,ACACTCACGGCCGGTTTTCA,0,3224647
recNp,0.2,4,4,ACACCCGCGAACAATGACTC,0,3218320
recNp,0.2,4,4,ACACCAGGACTCATGTACTA,0,3219384
recNp,0.2,4,4,ACACAGGGTCTATCCCAAAG,0,3218224
recNp,0.2,4,4,ACACAATTGCTTTCCTGAGG,0,3250796
recNp,0.2,4,4,ACAATTGCATCCATGGCACA,0,3219515
recNp,0.2,4,4,ACAATAGCCCATCCAGGCTC,0,3253964
recNp,0.2,4,4,ACAAGACTGTGCGTATTTAT,0,3229032
recNp,0.2,4,4,ACAACTAGCTCCCAACTGCT,0,3230931
recNp,0.2,4,4,ACAACGCTCTACATGTAGCA,0,3234876
recNp,0.2,4,4,ACAACATTCATAGGAGCAGC,0,3242377
recNp,0.2,4,4,AATTTGCAGGAAGTCGATGA,0,3226529
recNp,0.2,4,4,AATTGTCTTTTTACCGGTAG,0,3222075
recNp,0.2,4,4,AATTCCGGCGAGACCGGAGC,0,3227881
recNp,0.2,4,4,AATGCACTTTCTAGGTTGAC,0,3220404
recNp,0.2,4,4,AATGCACATGTAGGGGTTAT,0,3227916
recNp,0.2,4,4,AATGCAAGTTACGCATCGCA,0,3242125
recNp,0.2,4,4,AATCTAACTGGCAGAAGGCC,0,3237330
recNp,0.2,4,4,AATCGGGTTACTAGAGAGGG,0,3238652
recNp,0.2,4,4,AATCCTGACGTCCTCCGCCG,0,3242597
recNp,0.2,4,4,AATATCGACACGGCCCGATC,0,3237707
recNp,0.2,4,4,AATATAGTGTTTGTTTTAGT,0,3224675
recNp,0.2,4,4,AATACTGGGGTGAGCATATC,0,3255829
recNp,0.2,4,4,AAGTCAGACGCGATACACTC,0,3227298
recNp,0.2,4,4,AAGTATCATGGCGCACCGGC,0,3251588
recNp,0.2,4,4,AAGGGTTAAGAGCAAGTGAA,0,3245896
recNp,0.2,4,4,AAGGGGTTGGGTTTACACTC,0,3234325
recNp,0.2,4,4,AAGGCCATCATGCAGGGGAT,0,3242807
recNp,0.2,4,4,AAGCTCCTGGACCACCGAGT,0,3246263
recNp,0.2,4,4,AAGCTAGTCCTGTCAATCTC,0,3252816
recNp,0.2,4,4,AAGCGTCGAATAGTTGAGCC,0,3238967
recNp,0.2,4,4,AAGCCATCTCGCGCTTCCAT,0,3244079
recNp,0.2,4,4,AAGCAAGATCCCAGCTCTTG,0,3225051
recNp,0.2,4,4,AAGATGTGGGCTCCATCTTG,0,3246687
recNp,0.2,4,4,AACTTTGAGGACCCGATTTC,0,3219395
recNp,0.2,4,4,AACTTATGGCTAGAATCCGT,0,3246008
recNp,0.2,4,4,AACTGCCTGTCCTGATGTAT,0,3236495
recNp,0.2,4,4,AACTATTGTCTCATTGGCTA,0,3243771
recNp,0.2,4,4,AACTAATGGGTCATGTAATC,0,3230845
recNp,0.2,4,4,AACGTGATCGTAGAGCCCTT,0,3222303
recNp,0.2,4,4,AACGGGTGCCACTACTCGCT,0,3243046
recNp,0.2,4,4,AACGGCACCGGTAGGGTCGA,0,3237137
recNp,0.2,4,4,AACGAAATCACCGACGCTCA,0,3219981
recNp,0.2,4,4,AACCTTAAGGGATCCTGACC,0,3223568
recNp,0.2,4,4,AACCGTACGAGTCATTGTAT,0,3229130
recNp,0.2,4,4,AACACCGAATACACGTCCAC,0,3228759
recNp,0.2,4,4,AACAAGATAATCTATCGGTG,0,3255153
recNp,0.2,4,4,AACAAAAGGCTCATAAGCGC,0,3251770
recNp,0.2,4,4,AAATTCGGTAAGGGTAAGCA,0,3230001
recNp,0.2,4,4,AAATGAACTTTCAGCGCGAT,0,3234578
recNp,0.2,4,4,AAATCGGAAGCTGAATCGGA,0,3222259
recNp,0.2,4,4,AAATATCTAGAAGTAACGAC,0,3217080
recNp,0.2,4,4,AAATAGTCTATCGGCCCACA,0,3218906
recNp,0.2,4,4,AAAGGGGACGCATACTCACA,0,3240936
recNp,0.2,4,4,AAAGAATGGCAGAGGCATTA,0,3255186
recNp,0.2,4,4,AAACTTTCAATTCTCTTGAG,0,3240277
recNp,0.2,4,4,AAACTCCCTCGAGTCTTCTA,0,3240286
recNp,0.2,4,4,AAAATTCCTCGGCCTTCCTT,0,3255407
recNp,0.2,4,4,AAAATGTTATGTCAATGTGT,0,3247804
recNp,0.2,4,4,AAAATACCTGCACTGTCCCT,0,3244677
recNp,0.2,4,4,AAAAGGTAGGGCCATCGTCA,0,3237336
recNp,0.2,4,4,AAAAGCCCCGATGTAAGCTG,0,3242721
recNp,0.2,4,4,AAAAGATACCTGGCACCGGC,0,3251131
recNp,0.2,4,4,AAAAACAAGGCCTATCTTGA,0,3242141
recNp,0.25,3,3,TTTTGTGACCTGACCACGCA,0,3231217
recNp,0.25,3,3,TTTTGGTATGTACGATCGCC,0,3233026
recNp,0.25,3,3,TTTTATGATTCAAAACGGTT,0,3222753
recNp,0.25,3,3,TTTTAGCACACCTCCATACG,0,3223905
recNp,0.25,3,3,TTTTACTATGTCGGAGTGGG,0,3242082
recNp,0.25,3,3,TTTGTTAGGACGAGATAGCA,0,3220458
recNp,0.25,3,3,TTTGCCTACTATGAATGTTA,0,3243530
recNp,0.25,3,3,TTTGCATTTGAACGAGTCTA,0,3232459
recNp,0.25,3,3,TTTGAACGGAACCCGTGGAA,0,3247402
recNp,0.25,3,3,TTTCTACCCACATTTTCCAC,0,3226812
recNp,0.25,3,3,TTTCCGTGTTGTCGGGAACA,0,3248836
recNp,0.25,3,3,TTTCATAGCGGTCAAGTCTA,0,3231609
recNp,0.25,3,3,TTTCAGCGGGTTGGGGTATT,0,3243720
recNp,0.25,3,3,TTTATAGCCGTGAGTGCTTT,0,3232802
recNp,0.25,3,3,TTTAGGGAGTTAGTGCATTC,0,3249397
recNp,0.25,3,3,TTTAGGATATAGGGCCGTTG,0,3231960
recNp,0.25,3,3,TTTACGACCGTAAGGTCCTG,0,3242416
recNp,0.25,3,3,TTTAACGGATCTCGCGGGAC,0,3244219
recNp,0.25,3,3,TTTAAACTGCGTGAGAGCTG,0,3229069
recNp,0.25,3,3,TTGTTCCTTTGTCTTGCATT,0,3244783
recNp,0.25,3,3,TTGTTATGCTCGTGCAACTG,0,3247485
recNp,0.25,3,3,TTGTGAGGGTACTCCGTGTA,0,3225170
recNp,0.25,3,3,TTGTGAACTTCGCGGGTGGC,0,3245282
recNp,0.25,3,3,TTGTAGTACGGCCTGATCAG,0,3245447
recNp,0.25,3,3,TTGTAAACCACTCGTCCCGC,0,3229772
recNp,0.25,3,3,TTGGTGATGAATCGCGATGG,0,3234557
recNp,0.25,3,3,TTGGTCGATCTGGATCGTAT,0,3255148
recNp,0.25,3,3,TTGCTAGGCGTGCGGGGTAC,0,3230532
recNp,0.25,3,3,TTGCGGGGCGTCGTCTTCTT,0,3216660
recNp,0.25,3,3,TTGCCGCCGGTTTGTTGTGA,0,3248112
recNp,0.25,3,3,TTGAGGCTGTGAGTGCCGAA,0,3252367
recNp,0.25,3,3,TTGAGAAACTATGTAGTTTG,0,3241123
recNp,0.25,3,3,TTGACTCTTTGGTATATCTT,0,3244347
recNp,0.25,3,3,TTGAAGCGGTATGGCAGGCT,0,3226619
recNp,0.25,3,3,TTCTTCATATAGAGCGTTTA,0,3246988
recNp,0.25,3,3,TTCTGTCCGTAAAACCGAGA,0,3229067
recNp,0.25,3,3,TTCTGGGTGCTCATATGTGA,0,3249341
recNp,0.25,3,3,TTCTGAGGGGCTAACAGCGT,0,3229684
recNp,0.25,3,3,TTCTCGAAAGTTAACTGGTC,0,3239351
recNp,0.25,3,3,TTCTCCTTCGTTCGCAGGCG,0,3216387
recNp,0.25,3,3,TTCTATGTGGCTTATGGCAA,0,3236638
recNp,0.25,3,3,TTCGGGTGCTGGGTGTCTAG,0,3240235
recNp,0.25,3,3,TTCGGACCCTTGCCTTTATA,0,3239532
recNp,0.25,3,3,TTCGCGTTAAGGGCCTTGAC,0,3245616
recNp,0.25,3,3,TTCGCCACAAACCCCTATAC,0,3229445
recNp,0.25,3,3,TTCCTCCTCTCAACCTTCCA,0,3241515
recNp,0.25,3,3,TTCATTTTCGTCGTTTCTAC,0,3254670
recNp,0.25,3,3,TTCATCCATCTTATATCGAA,0,3247834
recNp,0.25,3,3,TTCATAAGTAACCAGGGGCC,0,3232899
recNp,0.25,3,3,TTCAGCTCAATGGTAATGCA,0,3239448
recNp,0.25,3,3,TTCACACTTTTCAATGTAAG,0,3222074
recNp,0.25,3,3,TTCAAGACAGCTACCGGCTT,0,3239860
recNp,0.25,3,3,TTATTCATTCGGTACCTGCC,0,3242406
recNp,0.25,3,3,TTATGCCCTGAGGCCTTGTT,0,3249779
recNp,0.25,3,3,TTATGATCTGGTATTAGAAT,0,3231340
recNp,0.25,3,3,TTATCATAATGGTTTTTTGC,0,3251160
recNp,0.25,3,3,TTATATCGCGGTCTTACACA,0,3230992
recNp,0.25,3,3,TTAGGAACTGCCAACTTCAT,0,3253649
recNp,0.25,3,3,TTAGCGCCTGTAACAAATCA,0,3241091
recNp,0.25,3,3,TTAGACGAGTGTACTTCCTC,0,3255020
recNp,0.25,3,3,TTACGACAAAATTTGTTTGT,0,3223661
recNp,0.25,3,3,TTAATGTCATGTACACTGGT,0,3249359
recNp,0.25,3,3,TTAAGGTGTTGCACGTGAGG,0,3232604
recNp,0.25,3,3,TGTTGTCGTTCTATTCTGGG,0,3236057
recNp,0.25,3,3,TGTTGGACTAATTGATACCT,0,3235837
recNp,0.25,3,3,TGTTGATGAAACGGATTAGG,0,3239647
recNp,0.25,3,3,TGTTCAAGAACACTTCGAGT,0,3223685
recNp,0.25,3,3,TGTTATAGTAAAGTCGAATG,0,3234820
recNp,0.25,3,3,TGTGTTCCCCTCGCAAGCTC,0,3233628
recNp,0.25,3,3,TGTGTATCTTACAATGAATT,0,3248010
recNp,0.25,3,3,TGTGCCTAACAGGAATCGCA,0,3243579
recNp,0.25,3,3,TGTCGGTTCGTCCCGTCTGT,0,3252405
recNp,0.25,3,3,TGTCCAGGTACCCCGGGTCG,0,3219600
recNp,0.25,3,3,TGTATGTGGTATAATTTGTT,0,3252341
recNp,0.25,3,3,TGTATGCCGGTAATCTATCC,0,3218168
recNp,0.25,3,3,TGTAAGTGGGTATCAAAGGT,0,3245413
recNp,0.25,3,3,TGGTGTTCCTGATCCGCACA,0,3218132
recNp,0.25,3,3,TGGTGGCTACTCTCTACCAA,0,3218863
recNp,0.25,3,3,TGGTCAACGTGCATGGGCAG,0,3219350
recNp,0.25,3,3,TGGTAGTATAGGGAGGCCCA,0,3228482
recNp,0.25,3,3,TGGTACCAAGGATATGACGG,0,3232569
recNp,0.25,3,3,TGGTAAATTTTTCGCGGCTT,0,3236943
recNp,0.25,3,3,TGGGTTTAGCCATGGTAGGA,0,3225378
recNp,0.25,3,3,TGGGGAGGGGGTGCATATCC,0,3232143
recNp,0.25,3,3,TGGGGAAAATCGCATGTACA,0,3229518
recNp,0.25,3,3,TGGGCGCGCTGACTGGCATC,0,3236346
recNp,0.25,3,3,TGGGATGAAAAAAAACCCTG,0,3251656
recNp,0.25,3,3,TGGGAGTTATATGCGTCAGA,0,3221007
recNp,0.25,3,3,TGGGAAAGCGATCAAACGTA,0,3243844
recNp,0.25,3,3,TGGCTTCTCGCTTGAGTTAC,0,3226301
recNp,0.25,3,3,TGGCTGCTGGTTCCGCGGCT,0,3218547
recNp,0.25,3,3,TGGCTCAGGGCCAAAGGTCC,0,3227862
recNp,0.25,3,3,TGGCGTACACAATAGGTGTT,0,3227635
recNp,0.25,3,3,TGGCCTCGGTGTCCATGCTG,0,3231947
recNp,0.25,3,3,TGGCAGTGCTTGGGGAATTA,0,3232961
recNp,0.25,3,3,TGGAGCGTTCATTGGTCGAG,0,3223830
recNp,0.25,3,3,TGGACGGGTCCTCCACGGGA,0,3227695
recNp,0.25,3,3,TGGAAAGGAAAGTAGCGGAT,0,3222870
recNp,0.25,3,3,TGGAAAAATCTAGAGAGTAA,0,3220832
recNp,0.25,3,3,TGCTTTACGTGGACTAACTA,0,3218622
recNp,0.25,3,3,TGCTGCCGGCCCGCTTTGGC,0,3227716
recNp,0.25,3,3,TGCTCGGCGAAATCTTAACA,0,3228713
recNp,0.25,3,3,TGCTCCTAAAAGGGTGTCCA,0,3238212
recNp,0.25,3,3,TGCGGCGTCGGCAGCTAAGT,0,3231912
recNp,0.25,3,3,TGCGGAAGGCCGATTTGAAC,0,3240101
recNp,0.25,3,3,TGCGCTTACCGAGCATGCTA,0,3255974
recNp,0.25,3,3,TGCGCTGCATCTCGCCGAGT,0,3229725
recNp,0.25,3,3,TGCCGTTAATGACCAAAAAC,0,3227568
recNp,0.25,3,3,TGCCGGCGCGTGCGGGGGAT,0,3220272
recNp,0.25,3,3,TGCCCGAACAGACCTTGGTC,0,3234188
recNp,0.25,3,3,TGCCATAACTTTACTATAGG,0,3248787
recNp,0.25,3,3,TGCAGTTTGACAAGGGTCGT,0,3224518
recNp,0.25,3,3,TGCAGGATTTACATGGAGCA,0,3245345
recNp,0.25,3,3,TGCAGCCACTGGTTATACAG,0,3220047
recNp,0.25,3,3,TGCACTTATATTTAAGTTTC,0,3219471
recNp,0.25,3,3,TGCACTCAACAGTATTTTCA,0,3250192
recNp,0.25,3,3,TGCACGGAATTGGTTCACAA,0,3217005
recNp,0.25,3,3,TGCAATCCCGGGTAGTGTTC,0,3238984
recNp,0.25,3,3,TGCAACCGATTAGAACGCCA,0,3232775
recNp,0.25,3,3,TGATCTCGGCATTCACACCT,0,3242619
recNp,0.25,3,3,TGAGCCAACGCGCAAGCTAG,0,3222982
recNp,0.25,3,3,TGAGATAGTGAAGTCGTTCA,0,3250440
recNp,0.25,3,3,TGACTCAGTCGTTACACACG,0,3224135
recNp,0.25,3,3,TGACGGCAGTACCACCGTAC,0,3249956
recNp,0.25,3,3,TGACGAGTGGTTAATGTGAG,0,3249460
recNp,0.25,3,3,TGAAAAGTCAGTCAGAAATA,0,3243228
recNp,0.25,3,3,TGAAAACTGTTAAGCGTGTT,0,3246621
recNp,0.25,3,3,TCTTTTAAGATAGTCATTCC,0,3243281
recNp,0.25,3,3,TCTTGGCTCACCGGTGTACT,0,3233139
recNp,0.25,3,3,TCTTGCTCAGTAGACCTCGT,0,3245797
recNp,0.25,3,3,TCTTGCCATGGGAATGAGGC,0,3247423
recNp,0.25,3,3,TCTTGACAATAGGAAATGCA,0,3241114
recNp,0.25,3,3,TCTTGAACCTTAAACCAGTT,0,3241926
recNp,0.25,3,3,TCTTAGTGCTGAGTCTAAAA,0,3221500
recNp,0.25,3,3,TCTGTTCAAGCACACTCTCT,0,3241818
recNp,0.25,3,3,TCTGTTATTTAGGGCGATTT,0,3249068
recNp,0.25,3,3,TCTGTACTTCGTACGTTGTC,0,3217546
recNp,0.25,3,3,TCTGCTTCCTTCTTCAAGAG,0,3237059
recNp,0.25,3,3,TCTGCAGCAGCTCCTCTACA,0,3222885
recNp,0.25,3,3,TCTGAAATTCCATTCACTGA,0,3216836
recNp,0.25,3,3,TCTCAAGTCGCCCTGCTCCC,0,3244804
recNp,0.25,3,3,TCTATTCAACGGCGGCTTTA,0,3249765
recNp,0.25,3,3,TCTATCTCCTTGCTATCGTA,0,3233561
recNp,0.25,3,3,TCTATAGCGTTCTTGTAGCA,0,3245741
recNp,0.25,3,3,TCTACTCAGAAGTCCCTGCT,0,3243226
recNp,0.25,3,3,TCGTGAGGTCCGCCATGGTA,0,3250439
recNp,0.25,3,3,TCGTGAGCGGACCCGAAACA,0,3253414
recNp,0.25,3,3,TCGTGAATCGCTTTGAGGTT,0,3255276
recNp,0.25,3,3,TCGGGCAGTGACGGCTCACG,0,3251207
recNp,0.25,3,3,TCGGATACGTACATTGCGTG,0,3231939
recNp,0.25,3,3,TCGGAGGAAACGACCTGATT,0,3253584
recNp,0.25,3,3,TCGGAAGGCATTACCAGTGG,0,3243789
recNp,0.25,3,3,TCGCTATTTTCGGTCCGCCC,0,3220460
recNp,0.25,3,3,TCGCGTACCACTGGATATCG,0,3231717
recNp,0.25,3,3,TCGCCCCTGGGCGTCATACT,0,3236672
recNp,0.25,3,3,TCGCCCCATTACGGGGTGCG,0,3251738
recNp,0.25,3,3,TCGCACGGAGAGCTTTTTCC,0,3217199
recNp,0.25,3,3,TCGACGTCGGAGGTGTGGAA,0,3225380
recNp,0.25,3,3,TCGACGTAGCGCCACGTGCC,0,3252371
recNp,0.25,3,3,TCGACGCAGCTGTCACCAGC,0,3223467
recNp,0.25,3,3,TCGACAAACATATCTCGTTA,0,3216931
recNp,0.25,3,3,TCCTCTTCGAGGGATACAGT,0,3219199
recNp,0.25,3,3,TCCTCACTCGGTCAGGAAAG,0,3252073
recNp,0.25,3,3,TCCGGTATCTCGCGCGTAGC,0,3234821
recNp,0.25,3,3,TCCGGGGCTACCTTGGCCAG,0,3239937
recNp,0.25,3,3,TCCGGGCAGGCGCCACCATG,0,3238517
recNp,0.25,3,3,TCCGGCCAGGAGCATCACAC,0,3230985
recNp,0.25,3,3,TCCGCTTGGACCGGAGGTAT,0,3231753
recNp,0.25,3,3,TCCGCGTACTGGAACCACCA,0,3218260
recNp,0.25,3,3,TCCCTGTGCTCCCGATCATT,0,3247799
recNp,0.25,3,3,TCCCGGAATTCCGGTGAGAC,0,3250355
recNp,0.25,3,3,TCCCCCATGTGGTTCTCTTA,0,3228681
recNp,0.25,3,3,TCCCACGCTGGGTTGGCTAT,0,3222467
recNp,0.25,3,3,TCCATGGTGAATAGTGAACA,0,3251927
recNp,0.25,3,3,TCCATGGGATGAATATGCGT,0,3227439
recNp,0.25,3,3,TCATGCTAAGGGTTAGTGAT,0,3224333
recNp,0.25,3,3,TCATATGCATCTAATTTCTA,0,3246339
recNp,0.25,3,3,TCATAAACAACCAGAGGGTT,0,3249391
recNp,0.25,3,3,TCACTCGTATAAGTTAAGAT,0,3247022
recNp,0.25,3,3,TCACGAATAAGTTTTACCCA,0,3228925
recNp,0.25,3,3,TCACACTGTTTCAGAGCTGG,0,3240492
recNp,0.25,3,3,TCACAATCAATTGCTCCATT,0,3228410
recNp,0.25,3,3,TCACAACATTGGTGCCCCTG,0,3237176
recNp,0.25,3,3,TCAAGGTTGAAGATGACGGT,0,3228167
recNp,0.25,3,3,TCAAGCTAAAGTTTCGTCTC,0,3255659
recNp,0.25,3,3,TCAAAGAACGCACAAGGCGG,0,3231292
recNp,0.25,3,3,TATTTTAATTCCGTCGCTCG,0,3236087
recNp,0.25,3,3,TATTGGCGTGCGCCAAATCC,0,3231988
recNp,0.25,3,3,TATTCCAACGCGACCGACCC,0,3249968
recNp,0.25,3,3,TATTCAGTTGAAAAGGATTT,0,3230995
recNp,0.25,3,3,TATTAAGATATCCGGCGCAC,0,3227509
recNp,0.25,3,3,TATGTTCGCCTTAATGTGCT,0,3231879
recNp,0.25,3,3,TATGTCTAGGCTTAGAAAGG,0,3229599
recNp,0.25,3,3,TATGGGATAATTTGTGAGAA,0,3237917
recNp,0.25,3,3,TATGGGACGAAACTAAATTA,0,3219444
recNp,0.25,3,3,TATGGATCTCAGTTCCCTTT,0,3244790
recNp,0.25,3,3,TATGCGGTGTCCCAAACCGT,0,3232793
recNp,0.25,3,3,TATGCGGCTTTGATTTATAC,0,3242048
recNp,0.25,3,3,TATCTGAGAGATACAAAGGG,0,3251893
recNp,0.25,3,3,TATCCGGTTGAGCTATCTGT,0,3216474
recNp,0.25,3,3,TATATAAAGTGCTCGTCCAC,0,3239328
recNp,0.25,3,3,TAGTCCTGCTCAGATCTACA,0,3224208
recNp,0.25,3,3,TAGTACGCAGAGTTAAGCCC,0,3238786
recNp,0.25,3,3,TAGGTAAGCTAGAAACAGCA,0,3246146
recNp,0.25,3,3,TAGGGTCCAGGGGCACCCGA,0,3237337
recNp,0.25,3,3,TAGGATCCCGTCTGTGGTAT,0,3240081
recNp,0.25,3,3,TAGCTGGGTTTCTGGAATCC,0,3242706
recNp,0.25,3,3,TAGCTCCATTTTAATCTTGA,0,3232954
recNp,0.25,3,3,TAGCGTACAAAGGAGTTGTG,0,3221243
recNp,0.25,3,3,TAGCCGGGGACTATCACGAG,0,3252835
recNp,0.25,3,3,TAGCCGAAGCTATGCTCACC,0,3222639
recNp,0.25,3,3,TAGACGCGGCCTTATACAAC,0,3237101
recNp,0.25,3,3,TAGAATAGGCAGTGTGTGAA,0,3237028
recNp,0.25,3,3,TAGAAACACTTGACTGGAAG,0,3243424
recNp,0.25,3,3,TACTTAGGTCTTGGAGCTGT,0,3240754
recNp,0.25,3,3,TACTGTGGTGTCATACCTAC,0,3240316
recNp,0.25,3,3,TACGTGTTGCCCCATGGCTA,0,3233564
recNp,0.25,3,3,TACGTCTGGGCGGACAACCC,0,3239828
recNp,0.25,3,3,TACGTCCTTCGCTTTAACAC,0,3247722
recNp,0.25,3,3,TACGTAGTGCTAGCGAGGGT,0,3231610
recNp,0.25,3,3,TACGGATCATCACGCTTGGC,0,3221360
recNp,0.25,3,3,TACGGAGATGTATGCTTACA,0,3242072
recNp,0.25,3,3,TACGATAGTGCAGCCTCTAC,0,3236793
recNp,0.25,3,3,TACCCGTATTGCGATGCGCA,0,3216765
recNp,0.25,3,3,TACAGTTCAAAGCTTATTTA,0,3220038
recNp,0.25,3,3,TACAGAAGAGTGTTGTTCTG,0,3218438
recNp,0.25,3,3,TACAAGATATCATGACAGAA,0,3234844
recNp,0.25,3,3,TAATGCGATGGTCATTTTGC,0,3242842
recNp,0.25,3,3,TAATCCACATTTTGAGGTCT,0,3234375
recNp,0.25,3,3,TAAGGTATCTCAGAAGTATG,0,3219433
recNp,0.25,3,3,TAAGGGGTACGGATTACTGG,0,3216471
recNp,0.25,3,3,TAAGGCGTTATGCGCATGTG,0,3254651
recNp,0.25,3,3,TAAGCTCGAGGTGTGGATCT,0,3223965
recNp,0.25,3,3,TAAGCATATGCGAAGAAAAT,0,3245975
recNp,0.25,3,3,TAAGAATTTTGATGCACCAG,0,3228999
recNp,0.25,3,3,TAAGAAAGTGTCAGGATCGT,0,3218522
recNp,0.25,3,3,TAACTATAGGAACCTTTTCC,0,3219178
recNp,0.25,3,3,TAACGCCAGCGGATCCAGTT,0,3242521
recNp,0.25,3,3,TAAATGGGACCTGCGACTCG,0,3229545
recNp,0.25,3,3,TAAAGTATAGGGACACCCTT,0,3242342
recNp,0.25,3,3,TAAACTGGGTGCTCCGTCTG,0,3236479
recNp,0.25,3,3,TAAACGACCGATCGCCGCAG,0,3216307
recNp,0.25,3,3,TAAACATGGTCGAGTTAGTC,0,3229815
recNp,0.25,3,3,GTTTCGGCACGACTCGACAT,0,3247080
recNp,0.25,3,3,GTTTAATTCTCTTACGTGCT,0,3249028
recNp,0.25,3,3,GTTGGTTCGGGTTGCTCAGT,0,3228495
recNp,0.25,3,3,GTTGGTCCTATAACCCAGCT,0,3230833
recNp,0.25,3,3,GTTGACGTGTGTTTGAAACT,0,3225572
recNp,0.25,3,3,GTTGACCCACGCCACATACC,0,3249930
recNp,0.25,3,3,GTTGACACACCCGGACCGTC,0,3247817
recNp,0.25,3,3,GTTCTGGGCGGAAGTTGAAT,0,3233388
recNp,0.25,3,3,GTTCTGGAGTCAAAGAATTT,0,3219220
recNp,0.25,3,3,GTTCTAGTGCCGCGTATAGG,0,3240918
recNp,0.25,3,3,GTTCCCATATAAGTCCAAGC,0,3229330
recNp,0.25,3,3,GTTCAGCAGATGGGTAATTC,0,3216264
recNp,0.25,3,3,GTTAGAGCCCCGGGGTTCTA,0,3225699
recNp,0.25,3,3,GTTACTCGGACGTCTTAGCA,0,3237916
recNp,0.25,3,3,GTGTTTCCCGTTTCACCATC,0,3249091
recNp,0.25,3,3,GTGTTGCTTGAGGGTTTGGG,0,3221449
recNp,0.25,3,3,GTGTTCCGTATTAGCCAACT,0,3231426
recNp,0.25,3,3,GTGTGGACTGGCCCCAAGAT,0,3223290
recNp,0.25,3,3,GTGTGCGGACAAAGCATAGC,0,3228153
recNp,0.25,3,3,GTGTCTTCGAACCTGTCTCT,0,3240104
recNp,0.25,3,3,GTGTCACTTATCCTACCGGG,0,3231130
recNp,0.25,3,3,GTGTATGTACTTCTAATTCT,0,3252592
recNp,0.25,3,3,GTGTAGCTATACGTTCTGTT,0,3227669
recNp,0.25,3,3,GTGGTTGGCCATCCGTCTAC,0,3236802
recNp,0.25,3,3,GTGGTGGCTATCGCGCGCGC,0,3254791
recNp,0.25,3,3,GTGGTCATTCGCGGATACCT,0,3233043
recNp,0.25,3,3,GTGGTAATGGCTGGTGTCAT,0,3216637
recNp,0.25,3,3,GTGGGTCCCAGGTATCCCCC,0,3235354
recNp,0.25,3,3,GTGGCCTCCTAATGGCATAT,0,3244218
recNp,0.25,3,3,GTGCGGGATTAGTGTATCAA,0,3249527
recNp,0.25,3,3,GTGCCTTTTGTTCACGGGGG,0,3236734
recNp,0.25,3,3,GTGCAGCCTTACCGAAAACT,0,3235333
recNp,0.25,3,3,GTGCACATATTAATTTCTTC,0,3240687
recNp,0.25,3,3,GTGAGCGATAGGTCAACTAA,0,3230776
recNp,0.25,3,3,GTGACTTAGATTCCGTCAGA,0,3241821
recNp,0.25,3,3,GTGAAGGAAAACCGGGCACT,0,3230232
recNp,0.25,3,3,GTCTTTGCAATGTGTGGGCT,0,3217763
recNp,0.25,3,3,GTCTTGGGAAGCCTGGAACG,0,3241248
recNp,0.25,3,3,GTCTCCCGCCCTAAATTCAA,0,3229718
recNp,0.25,3,3,GTCTCACGTGGCATGAGTGC,0,3255376
recNp,0.25,3,3,GTCTAGCTCAGACGTCCTAA,0,3245025
recNp,0.25,3,3,GTCTAGACATATTGAACGGT,0,3241910
recNp,0.25,3,3,GTCGTTACGGGCAGTTGCCC,0,3246484
recNp,0.25,3,3,GTCGTCGGGGGAGAGCCCCC,0,3230503
recNp,0.25,3,3,GTCGTATGAAGGAACCCTTT,0,3242907
recNp,0.25,3,3,GTCGCTCGCACCTATAAGGT,0,3229547
recNp,0.25,3,3,GTCGCTCCGAAGTTGCAAAA,0,3233634
recNp,0.25,3,3,GTCGCCATGTTCAAATCAGT,0,3236732
recNp,0.25,3,3,GTCGAGTGCTCGGCATGCTT,0,3232236
recNp,0.25,3,3,GTCGAGCAGATAGTAACATG,0,3219314
recNp,0.25,3,3,GTCGAGAGCCATCAGATGTG,0,3229678
recNp,0.25,3,3,GTCCTAAATACGCACGCTGT,0,3248902
recNp,0.25,3,3,GTCCCTGTTTACCATGGGTG,0,3235284
recNp,0.25,3,3,GTCCAAAGAGTCGCTCATAG,0,3226113
recNp,0.25,3,3,GTCATTCACGTTTCACTATG,0,3244326
recNp,0.25,3,3,GTCATATTGACCTGGAGAAC,0,3255353
recNp,0.25,3,3,GTCAATTGGACGGAGTTCGC,0,3251956
recNp,0.25,3,3,GTATTGTACAGGGTTCTTTC,0,3254247
recNp,0.25,3,3,GTATTGACAGCTCATTCGCA,0,3241011
recNp,0.25,3,3,GTATTCCAAGCACTCAGGAC,0,3222761
recNp,0.25,3,3,GTATTCAACAGCGCGAGGAA,0,3223141
recNp,0.25,3,3,GTATGCCAATATAGTTTAGA,0,3236306
recNp,0.25,3,3,GTATCCCCAACGCGTCCGCC,0,3252755
recNp,0.25,3,3,GTATACTCTCAGCGCGAGCT,0,3252078
recNp,0.25,3,3,GTATAACATTTGGGCCAGGA,0,3251537
recNp,0.25,3,3,GTAGTGTGTTATGGCCGCCA,0,3239019
recNp,0.25,3,3,GTAGTGCTGAACGTCAAGGG,0,3248941
recNp,0.25,3,3,GTAGTACAGGGTCTTAGTTC,0,3241969
recNp,0.25,3,3,GTAGATCGTGATATCGCACG,0,3246816
recNp,0.25,3,3,GTAGAAGGCTACACATGCCC,0,3220753
recNp,0.25,3,3,GTACTTGTGTAGTGATCGGG,0,3217275
recNp,0.25,3,3,GTACGGAGATCTACACACTA,0,3224567
recNp,0.25,3,3,GTACGAGTTCATTTATAAGT,0,3231011
recNp,0.25,3,3,GTACATATGCTAGTAGAGCA,0,3229117
recNp,0.25,3,3,GTACAGGTGCCAGTGACGGG,0,3253700
recNp,0.25,3,3,GTAATCTTATCGTAGTGCAT,0,3246411
recNp,0.25,3,3,GTAAGCTTCGGCAGTACTCA,0,3248366
recNp,0.25,3,3,GTAACTTGTGCGGGGACACC,0,3216452
recNp,0.25,3,3,GTAACGACCATCATAGACTA,0,3251275
recNp,0.25,3,3,GTAAAATCGAGGAGGATGTA,0,3233948
recNp,0.25,3,3,GGTTTTGTACACAAAGGCCA,0,3237696
recNp,0.25,3,3,GGTTGTGAGGGGAGCTGGGG,0,3251109
recNp,0.25,3,3,GGTTGCAAAATAGCGCATGA,0,3243063
recNp,0.25,3,3,GGTTGATCCTAGATGCGCCT,0,3252299
recNp,0.25,3,3,GGTTCTTAGTGATGAGACCA,0,3223996
recNp,0.25,3,3,GGTTCCTGGGATTGGCTAGT,0,3223425
recNp,0.25,3,3,GGTTCCTCACACCAGACCCC,0,3246322
recNp,0.25,3,3,GGTTAAAAAAGGCCGCGACA,0,3247411
recNp,0.25,3,3,GGTGTGACGTGGAGTCCTGG,0,3230441
recNp,0.25,3,3,GGTGTATGACGGGATTACTT,0,3249262
recNp,0.25,3,3,GGTGTATGACGAGCCGGTGA,0,3242051
recNp,0.25,3,3,GGTCTGATGTTTCCGAGCCT,0,3235867
recNp,0.25,3,3,GGTCTAGATTTCAATTGAGT,0,3252806
recNp,0.25,3,3,GGTCGTCAGGTTTAGTGTAG,0,3243203
recNp,0.25,3,3,GGTCGGGGGCTGATAAGAAA,0,3223577
recNp,0.25,3,3,GGTCGGGCTAGGAGCCGAAA,0,3232297
recNp,0.25,3,3,GGTCCTAAGTCGGATGCAGT,0,3229621
recNp,0.25,3,3,GGTCCCGTCGAATCGCACCA,0,3220793
recNp,0.25,3,3,GGTCATTACTTGGTGTGAGC,0,3254783
recNp,0.25,3,3,GGTCAAGAGCGCATCAGTCC,0,3224923
recNp,0.25,3,3,GGTAGCTGGGTAGGGGGCAA,0,3223563
recNp,0.25,3,3,GGTAGCCCTCATTATCATAT,0,3219269
recNp,0.25,3,3,GGTACAGACTCTAAGTTATT,0,3229853
recNp,0.25,3,3,GGTAAATATATTTCTACATT,0,3247691
recNp,0.25,3,3,GGGTTTATTCCCAGAAGGTT,0,3253644
recNp,0.25,3,3,GGGTGGATAAAGGAGCCTTT,0,3249281
recNp,0.25,3,3,GGGTGCCTGTCGCCTAGTTT,0,3242515
recNp,0.25,3,3,GGGTCCAAACCCGCATCGGG,0,3228059
recNp,0.25,3,3,GGGGGGCCGTCTCCCGATGG,0,3218154
recNp,0.25,3,3,GGGGCGGGAGGATTAGATAG,0,3233028
recNp,0.25,3,3,GGGGAGGAAATGGGGGGGAT,0,3218719
recNp,0.25,3,3,GGGGACATCGCAGTGTGGAC,0,3228231
recNp,0.25,3,3,GGGCTTAGTGGGTCCTTTGT,0,3251469
recNp,0.25,3,3,GGGCGAGGGCTATAAACCAT,0,3255317
recNp,0.25,3,3,GGGCCTGTCAGTAGTCGGAA,0,3239760
recNp,0.25,3,3,GGGCATGCTCACGGCCAGAG,0,3224897
recNp,0.25,3,3,GGGCAGCTTTACTTTCTCAT,0,3225185
recNp,0.25,3,3,GGGCAGCGACTTTGCCGTGA,0,3244439
recNp,0.25,3,3,GGGCAATTACGAAATATTTA,0,3241790
recNp,0.25,3,3,GGGCAAACTGCTACCATAGA,0,3224867
recNp,0.25,3,3,GGGATCTCGAGTGCCTATTC,0,3227147
recNp,0.25,3,3,GGGAGGCGCTATCACGCGTG,0,3251695
recNp,0.25,3,3,GGGAGACAAAAATTGACCGA,0,3249195
recNp,0.25,3,3,GGGACCGCCAGACTCAATCT,0,3246455
recNp,0.25,3,3,GGGAATATCTTCAACAGAAA,0,3244440
recNp,0.25,3,3,GGGAAGACAGAGGGCAGTGT,0,3232191
recNp,0.25,3,3,GGCTTTTCTCAGGCGTTCTT,0,3224484
recNp,0.25,3,3,GGCTTTCTGTTGAAGATATA,0,3216558
recNp,0.25,3,3,GGCTTGGGGGACTGTAATCC,0,3226072
recNp,0.25,3,3,GGCTTATCCAAAAGCAAAGG,0,3216789
recNp,0.25,3,3,GGCTTAAAACCCCAGGTTTG,0,3239313
recNp,0.25,3,3,GGCTCGGCCGATGGTAGTGC,0,3227813
recNp,0.25,3,3,GGCTATCCGTATAAATAAGT,0,3253889
recNp,0.25,3,3,GGCGTTCAAGATGGGAGGTT,0,3231018
recNp,0.25,3,3,GGCGTCTGGCTAGACCTCCC,0,3245162
recNp,0.25,3,3,GGCGGGCACATGTCACCAAA,0,3222946
recNp,0.25,3,3,GGCGCTGATGTAAATTGTGT,0,3229754
recNp,0.25,3,3,GGCGCGTTTGGACGGTGGCA,0,3229971
recNp,0.25,3,3,GGCGCGGCAAAGGGATCCAA,0,3229805
recNp,0.25,3,3,GGCGCAAGTCTCATTGAGTC,0,3217730
recNp,0.25,3,3,GGCCTACTAACAAGCGCGCG,0,3227588
recNp,0.25,3,3,GGCCCGGGTCGCTTGGACAC,0,3247203
recNp,0.25,3,3,GGCCCGATGCAATGTTGCTG,0,3219208
recNp,0.25,3,3,GGCCAGGCGCTTTACTCGGT,0,3238330
recNp,0.25,3,3,GGCCAAGGCGATGTCAGTGA,0,3237864
recNp,0.25,3,3,GGCATTATCCCGTGACTTGG,0,3251759
recNp,0.25,3,3,GGCATCGGGAGCATCGAACT,0,3242282
recNp,0.25,3,3,GGCAGCCCCGGTGAGGTTGT,0,3247383
recNp,0.25,3,3,GGCAAGGCTTTCCCCGTGGT,0,3242233
recNp,0.25,3,3,GGCAAATCTATTTATCAGCG,0,3236594
recNp,0.25,3,3,GGATCTTGGCCGTTCTGCGT,0,3217989
recNp,0.25,3,3,GGAGGTTTTTGCACACCACA,0,3241169
recNp,0.25,3,3,GGAGGCTGACACACCTCGAG,0,3235593
recNp,0.25,3,3,GGAGGATATATACACACTCT,0,3235488
recNp,0.25,3,3,GGAGCAATCAACATTTTCGG,0,3244020
recNp,0.25,3,3,GGAGACTAATCCTCCCGTTG,0,3253685
recNp,0.25,3,3,GGACTTATAGAATGATCCGC,0,3251353
recNp,0.25,3,3,GGACTGATCATGGTATACAG,0,3222249
recNp,0.25,3,3,GGACATCCGCAAATCCTCGT,0,3239835
recNp,0.25,3,3,GGACATCATATAAATTTCTG,0,3238393
recNp,0.25,3,3,GGACAGGTGCTCGTATGGCC,0,3230969
recNp,0.25,3,3,GGACAATTATTGCATTTTCT,0,3217339
recNp,0.25,3,3,GGAATGTCGTAGGGCTGTCG,0,3222463
recNp,0.25,3,3,GGAATATTCTGAGCTGCAAT,0,3218194
recNp,0.25,3,3,GGAAGATATCCAATGACTGT,0,3244188
recNp,0.25,3,3,GGAACATCAAGCTACCGGAG,0,3222843
recNp,0.25,3,3,GCTTTAATTGCCGACGCGTT,0,3228711
recNp,0.25,3,3,GCTTGCCGGGTTGAGTAATA,0,3239125
recNp,0.25,3,3,GCTGTTTACTTTGTGTTCGC,0,3241794
recNp,0.25,3,3,GCTGGGGTGGTAATGCTTAC,0,3217302
recNp,0.25,3,3,GCTGCGAGGCTGAGAAGGAT,0,3240045
recNp,0.25,3,3,GCTGATACTCTTTACGCCAA,0,3219550
recNp,0.25,3,3,GCTCTGCGCGGAATTTACTC,0,3240132
recNp,0.25,3,3,GCTCCAAGTAAATGCGTCGG,0,3226187
recNp,0.25,3,3,GCTATTTTAACGATCCGGAG,0,3248197
recNp,0.25,3,3,GCTACGCACGCAACGAACCA,0,3254499
recNp,0.25,3,3,GCTAAGAAGCTAATTTTAAC,0,3232351
recNp,0.25,3,3,GCGTGCTGTTTTTGTGACAG,0,3253057
recNp,0.25,3,3,GCGTAAATATGCTTGAGTCA,0,3251489
recNp,0.25,3,3,GCGGGGAAATTAGCACAATA,0,3236073
recNp,0.25,3,3,GCGGCCCACCGATACTGATT,0,3229617
recNp,0.25,3,3,GCGGCAATAATTCATGCAGT,0,3217700
recNp,0.25,3,3,GCGGACTCGACGGTCGCCCA,0,3255693
recNp,0.25,3,3,GCGGAACAAACCGACAGCTT,0,3243090
recNp,0.25,3,3,GCGCTGGAAGGTCTCTTCCC,0,3234838
recNp,0.25,3,3,GCGCTCCAGAATATCCAGCA,0,3246961
recNp,0.25,3,3,GCGCGTTGCTGAGGTCGCCC,0,3216958
recNp,0.25,3,3,GCGATATCCAGGATCTCCAA,0,3244821
recNp,0.25,3,3,GCGATAGCATGCTAGTCAGA,0,3221654
recNp,0.25,3,3,GCGAATCGGACGAGCGTGTG,0,3246751
recNp,0.25,3,3,GCGAACGCGCACCATTCGAT,0,3240890
recNp,0.25,3,3,GCGAACCCCTCTGATGAAGC,0,3237445
recNp,0.25,3,3,GCCTCCTTTACGTCACGGAG,0,3221380
recNp,0.25,3,3,GCCTATTCAGATGTTTCACT,0,3251844
recNp,0.25,3,3,GCCTATATAAGGGCTTAGAA,0,3224652
recNp,0.25,3,3,GCCTAATTGCGGATGGGCTC,0,3237605
recNp,0.25,3,3,GCCGCCAACCCTGCTTAACA,0,3238959
recNp,0.25,3,3,GCCCTGCCCAGCCCAACAAC,0,3231903
recNp,0.25,3,3,GCCCGGTCGGGGTCAGCGAC,0,3243070
recNp,0.25,3,3,GCCCGATCAGGTTAGTCTTT,0,3234616
recNp,0.25,3,3,GCCCCTCGCTCGATGGCTAT,0,3245255
recNp,0.25,3,3,GCCAGAGGGGATCGCGTAAC,0,3219177
recNp,0.25,3,3,GCCAATTACAGTGGCATCTA,0,3242939
recNp,0.25,3,3,GCATTCAAACGTGAGCGGTC,0,3234889
recNp,0.25,3,3,GCATCTGGATATCACAGAAC,0,3240513
recNp,0.25,3,3,GCAGTGCGGAATGTGCGGCT,0,3235917
recNp,0.25,3,3,GCAGAGTTTATGTAAGTGCT,0,3219151
recNp,0.25,3,3,GCACTCGAGGGTCCTGATAA,0,3248386
recNp,0.25,3,3,GCACGCACATTTAGAAGGTT,0,3217326
recNp,0.25,3,3,GCACACCTAGATTTTGCCTA,0,3234223
recNp,0.25,3,3,GCAATTGACTCGGCGAGGTA,0,3232733
recNp,0.25,3,3,GATTGCGTCAAGCCACCCTG,0,3226593
recNp,0.25,3,3,GATTCTAAATTCTCAAATCT,0,3234660
recNp,0.25,3,3,GATTATTGGTTGTCGATTAC,0,3225178
recNp,0.25,3,3,GATTATAGAGGATTATCCTG,0,3220706
recNp,0.25,3,3,GATGTGTTTGATTCTCTAAG,0,3225319
recNp,0.25,3,3,GATGATCTGAGAAAGGCTAC,0,3253767
recNp,0.25,3,3,GATGAGCTTTCCGCAGCCGA,0,3222384
recNp,0.25,3,3,GATGACAGAAGGTAGATATA,0,3238950
recNp,0.25,3,3,GATCGCGTAGGCGCACACCT,0,3233216
recNp,0.25,3,3,GATCGACTGTCAAGTGGATA,0,3228028
recNp,0.25,3,3,GATATTGCTACCTGCAGACC,0,3244897
recNp,0.25,3,3,GATATGCCTGAGGAAGCTAC,0,3217483
recNp,0.25,3,3,GATAGGCGGGCAATTATAAT,0,3231288
recNp,0.25,3,3,GATACATTCTGGACTTGTAT,0,3217503
recNp,0.25,3,3,GAGTCTGTGCAGCTAATCTG,0,3245640
recNp,0.25,3,3,GAGTCGTGCGAGGCGGAGCT,0,3220020
recNp,0.25,3,3,GAGTCCTGGCGCACGCCCTT,0,3254814
recNp,0.25,3,3,GAGGTTCCGGGACCGCAAAG,0,3227342
recNp,0.25,3,3,GAGGTACCACCAAAAAAATG,0,3244590
recNp,0.25,3,3,GAGGAGTGATAATATTCAGT,0,3232956
recNp,0.25,3,3,GAGGAAAAGCACGGCGCAAA,0,3237088
recNp,0.25,3,3,GAGCTCCCCCATCATTATAA,0,3240678
recNp,0.25,3,3,GAGCTAGCGCTCACCACGTT,0,3218874
recNp,0.25,3,3,GAGCAAATTCTATCGTGTAC,0,3247437
recNp,0.25,3,3,GAGACACGGCAATACTATGA,0,3255414
recNp,0.25,3,3,GAGACAATTCTATGCATTGG,0,3254623
recNp,0.25,3,3,GACTCCAAGCCACATTAATG,0,3235586
recNp,0.25,3,3,GACTCACCACAATGTGTGGG,0,3216555
recNp,0.25,3,3,GACTAAGATGTAAAGGTCGG,0,3240159
recNp,0.25,3,3,GACTAACGCCCCAGGTCGAT,0,3237283
recNp,0.25,3,3,GACGTAACACAAGAGGTAAG,0,3246070
recNp,0.25,3,3,GACGCAAGCATGGATAAAGT,0,3235457
recNp,0.25,3,3,GACCGTGTTTATTACGAGCG,0,3241086
recNp,0.25,3,3,GACCCTTGTTACACCGATTG,0,3250755
recNp,0.25,3,3,GACCCTCGGCGTGACGGGTG,0,3227983
recNp,0.25,3,3,GACATCAGTAGCTTTAGGTG,0,3236465
recNp,0.25,3,3,GACAGGACGTCTTCTATGGA,0,3232840
recNp,0.25,3,3,GAATTTGACAATGGCCAACT,0,3222822
recNp,0.25,3,3,GAATTGTGTTATTTACTTAG,0,3254896
recNp,0.25,3,3,GAATGAGCTGCGGTTCAGTT,0,3248315
recNp,0.25,3,3,GAATACGCTTCTGCACAGGA,0,3221836
recNp,0.25,3,3,GAATAAACGTCGGCCGTATC,0,3247076
recNp,0.25,3,3,GAAGTGTGGCAAAGAGCGGC,0,3221018
recNp,0.25,3,3,GAAGGGTTGTTGGGATACGA,0,3241674
recNp,0.25,3,3,GAAGGGCGCCCGCCACTGTG,0,3231379
recNp,0.25,3,3,GAAGCTAGGCGAACGGCTAG,0,3239691
recNp,0.25,3,3,GAAGAAATGACTAGAGTGAT,0,3245697
recNp,0.25,3,3,GAACCAACTCTCACTTTATG,0,3252319
recNp,0.25,3,3,GAACACGGCGTGGTTGGTGA,0,3250397
recNp,0.25,3,3,GAACAATACCCGGAATCCGG,0,3235590
recNp,0.25,3,3,GAAAGGGTCTATGTCATCCA,0,3244988
recNp,0.25,3,3,GAAAGCGGTAGACAAACCGT,0,3254696
recNp,0.25,3,3,GAAACCAAGTTGCTGAAAAG,0,3216481
recNp,0.25,3,3,CTTTTGTACTTTTCGATGTA,0,3237886
recNp,0.25,3,3,CTTTTCAGTAATTGTGATGT,0,3239467
recNp,0.25,3,3,CTTTGACTTCGAGATTTCTA,0,3242390
recNp,0.25,3,3,CTTTCTTGATGGCAGTCCGC,0,3229471
recNp,0.25,3,3,CTTTCTTAGGTTATGCCACA,0,3245344
recNp,0.25,3,3,CTTTCTAAAATCTCTTCACA,0,3236946
recNp,0.25,3,3,CTTTACCAAGCGTATTCGCA,0,3229595
recNp,0.25,3,3,CTTGGTACAACCAAACGCTT,0,3255123
recNp,0.25,3,3,CTTGGCCAGCAGCGACAACG,0,3250729
recNp,0.25,3,3,CTTCTCGTATATCTTGCAGG,0,3254864
recNp,0.25,3,3,CTTCGATGAGTAAAGCTAAA,0,3240078
recNp,0.25,3,3,CTTATTTGTCGTTAATTTTA,0,3253789
recNp,0.25,3,3,CTTATTGATGGCTATCGAAA,0,3246574
recNp,0.25,3,3,CTTAGTTCACAGTTTCTGTT,0,3232852
recNp,0.25,3,3,CTTACGCGGTGCAAACTCAA,0,3229875
recNp,0.25,3,3,CTTACCCCCAGATGCAAGTC,0,3243016
recNp,0.25,3,3,CTTAAGGCAGAACAAAGCAA,0,3225341
recNp,0.25,3,3,CTTAAAACGTCGAGACTTGT,0,3230260
recNp,0.25,3,3,CTGTTCGTCAACGGTCGGTA,0,3243312
recNp,0.25,3,3,CTGTGTTAGAGATCTATTCT,0,3228426
recNp,0.25,3,3,CTGTCCCCACGCACGGGTGT,0,3216342
recNp,0.25,3,3,CTGTACCCCATGGTATCTTC,0,3224655
recNp,0.25,3,3,CTGGTCAATCTGAGTAAATA,0,3227119
recNp,0.25,3,3,CTGGAGATCGTCCCATGGAC,0,3226480
recNp,0.25,3,3,CTGGACGTCTCTGCACCTTC,0,3234760
recNp,0.25,3,3,CTGCTCCAGCCATGCGCTCC,0,3228060
recNp,0.25,3,3,CTGCTAAGTGAGGTATGAAG,0,3238093
recNp,0.25,3,3,CTGCCTAGGCTTTTGCTCAT,0,3236581
recNp,0.25,3,3,CTGCCGTCTTAGGCCGTGAT,0,3250394
recNp,0.25,3,3,CTGCCGGACCGTCACTCCTC,0,3244249
recNp,0.25,3,3,CTGCCGCCACACACCGCAAT,0,3219974
recNp,0.25,3,3,CTGCAGAGAAATAGGATTGG,0,3255749
recNp,0.25,3,3,CTGACGATGTGGAGGCCGCC,0,3218754
recNp,0.25,3,3,CTCTTCATGCATGCACGCGC,0,3232387
recNp,0.25,3,3,CTCTTCACCGTGGCGTTATG,0,3249859
recNp,0.25,3,3,CTCTGCCTATTGGGCTGGCG,0,3232923
recNp,0.25,3,3,CTCTGATATCGTCTGTCGAA,0,3220551
recNp,0.25,3,3,CTCTCTGAATTCCGTATTAA,0,3230064
recNp,0.25,3,3,CTCTCACCCGCCGCTTCGGA,0,3250468
recNp,0.25,3,3,CTCTACCCTATTTGTGTATT,0,3224138
recNp,0.25,3,3,CTCTACCAAAAGCCACACGA,0,3226874
recNp,0.25,3,3,CTCTACAGGTTGTCCTGCAG,0,3234626
recNp,0.25,3,3,CTCGAAAGGGATACACTGAG,0,3254219
recNp,0.25,3,3,CTCCTCGTGTGTGCACACTG,0,3234164
recNp,0.25,3,3,CTCCAGGCCAGGGATCGTAT,0,3231911
recNp,0.25,3,3,CTCCAGAGGACCGACGTCCT,0,3247208
recNp,0.25,3,3,CTCATATTGGGCTTTAACTC,0,3216698
recNp,0.25,3,3,CTCAGTTGGTGCCAGAGTCC,0,3234779
recNp,0.25,3,3,CTCAGTCTTAGGGTACTTAC,0,3238228
recNp,0.25,3,3,CTCAATTACTTCTTGTCAGG,0,3228563
recNp,0.25,3,3,CTATTATCTGTCGATCACAT,0,3252737
recNp,0.25,3,3,CTATTAGGCACTGGGCAGGT,0,3227560
recNp,0.25,3,3,CTATCGATGACAGGTTGTGT,0,3254282
recNp,0.25,3,3,CTAGTTTGATGGGTGCCCCG,0,3229890
recNp,0.25,3,3,CTAGGTTGGTGTGAGTTCAC,0,3226209
recNp,0.25,3,3,CTAGGCAGTGGGTTCTATAA,0,3222288
recNp,0.25,3,3,CTAGGATCACGGCAGTCAGT,0,3222898
recNp,0.25,3,3,CTAGAGCAATATAGAGGTAA,0,3218158
recNp,0.25,3,3,CTACTCAGCATATAGAAGCC,0,3229653
recNp,0.25,3,3,CTACTAACAAAAGCCCCTTT,0,3233320
recNp,0.25,3,3,CTACGTAAGAATCGTCACTG,0,3245284
recNp,0.25,3,3,CTACAACTGTCACATTTCGG,0,3219698
recNp,0.25,3,3,CTAAGATATACCCGTTCGAG,0,3240825
recNp,0.25,3,3,CTAAGAAAAAAACCGGACCG,0,3227540
recNp,0.25,3,3,CTAACCCGTTACAAAATGAT,0,3248097
recNp,0.25,3,3,CGTTTATACGTAAGCATTAA,0,3223698
recNp,0.25,3,3,CGTTGTTCACTCTTCTGAAT,0,3227943
recNp,0.25,3,3,CGTTGATGAGATAAAGGCGA,0,3232887
recNp,0.25,3,3,CGTTGAATAAGTCCCTTCCT,0,3221624
recNp,0.25,3,3,CGTTATGTGCGGCGCCGAAT,0,3241689
recNp,0.25,3,3,CGTTAGTTCCTGGGCTTGCT,0,3220021
recNp,0.25,3,3,CGTTACAGTGTTACAGCAAT,0,3252074
recNp,0.25,3,3,CGTGTATCTCCGTGGATCCC,0,3255396
recNp,0.25,3,3,CGTGTAGGTAAATTATCACG,0,3229325
recNp,0.25,3,3,CGTGGCAACACAATCTGGGT,0,3247335
recNp,0.25,3,3,CGTGGAGCCTCGGCTCAGAT,0,3241942
recNp,0.25,3,3,CGTGCTTGGGGAGCAAGTAT,0,3242280
recNp,0.25,3,3,CGTGAATGTCTTCCCGAAAT,0,3239339
recNp,0.25,3,3,CGTCTTCTTGTATGGTTCTA,0,3242616
recNp,0.25,3,3,CGTCCTGTGTGTGAACCCGC,0,3254455
recNp,0.25,3,3,CGTCCAAATTCACGAACGGA,0,3247891
recNp,0.25,3,3,CGTATCTGGTGGACTCCCAG,0,3222939
recNp,0.25,3,3,CGTATATTAGTCTGGGACTT,0,3253714
recNp,0.25,3,3,CGTATAACGGTTATGGTACA,0,3244812
recNp,0.25,3,3,CGTAGCTAAAATCAGTTATT,0,3232386
recNp,0.25,3,3,CGTACTCGGGGACAATGTCG,0,3236800
recNp,0.25,3,3,CGTACCTTGCACACATGTGG,0,3241909
recNp,0.25,3,3,CGTACAGCACAGCAGTAGAA,0,3225741
recNp,0.25,3,3,CGGTTTCCTACCCATTCGTT,0,3243925
recNp,0.25,3,3,CGGTTCGACGGGTAACGAGG,0,3250046
recNp,0.25,3,3,CGGTGTGCAGCCTAACTATG,0,3221954
recNp,0.25,3,3,CGGTGTCGAACCGCGGGGGC,0,3220772
recNp,0.25,3,3,CGGTCTCCTTAGAATAGCTG,0,3248390
recNp,0.25,3,3,CGGTACATTATGAGTAATCG,0,3236764
recNp,0.25,3,3,CGGGTCAAAAAGGGGTTAGT,0,3225444
recNp,0.25,3,3,CGGGATTGGGTAGGGTTTAT,0,3253277
recNp,0.25,3,3,CGGGATGATCGTCGATGCGG,0,3241680
recNp,0.25,3,3,CGGGAGCCCCACCGAGAGAT,0,3238028
recNp,0.25,3,3,CGGCTGTACCTCCTGCAGAT,0,3228111
recNp,0.25,3,3,CGGCTGAACCATCAGCGTGA,0,3231806
recNp,0.25,3,3,CGGCTCGACGGGGATAGCCT,0,3226013
recNp,0.25,3,3,CGGCTAAGTCGGGGACCCTG,0,3224189
recNp,0.25,3,3,CGGCGTCGGTTGGGGTACAC,0,3219532
recNp,0.25,3,3,CGGCCTGAATTGTAGCACTC,0,3221907
recNp,0.25,3,3,CGGCCCAGGGTCCGCCCTTC,0,3248106
recNp,0.25,3,3,CGGCAATACTTAAGACCGTT,0,3224095
recNp,0.25,3,3,CGGAGCCTGGGGCATTGACC,0,3226687
recNp,0.25,3,3,CGGACGTATTGATCATAAAC,0,3252673
recNp,0.25,3,3,CGGACCGGACTTGGCGAACA,0,3252853
recNp,0.25,3,3,CGGAAGGCTCACTTGTAACT,0,3227838
recNp,0.25,3,3,CGCTGTGTGCGGGGTGTAAG,0,3231747
recNp,0.25,3,3,CGCTGTCAAGTCGTGGCTCT,0,3226137
recNp,0.25,3,3,CGCTCTATTGGTTGCGACTC,0,3226259
recNp,0.25,3,3,CGCTCGCTCCGGGCCGGGGG,0,3249594
recNp,0.25,3,3,CGCTAATTCGGTGAAGTTCT,0,3247727
recNp,0.25,3,3,CGCGTTGTGCCGCTCGCCTT,0,3253211
recNp,0.25,3,3,CGCGTTGCCTTACGAACTTT,0,3249685
recNp,0.25,3,3,CGCGTGCCTTGGCTAAGGGT,0,3244293
recNp,0.25,3,3,CGCGCCACTACTAAATGTAA,0,3218361
recNp,0.25,3,3,CGCGAACGGTTTAATATACG,0,3225042
recNp,0.25,3,3,CGCCTAAGGCACAATGAATC,0,3224195
recNp,0.25,3,3,CGCCGGTTGGACTGATTTCA,0,3227383
recNp,0.25,3,3,CGCCGGAGAATCGTGCGAAC,0,3246761
recNp,0.25,3,3,CGCACGACCGAAGAGCTTTA,0,3220271
recNp,0.25,3,3,CGCACCTCCCCAACCTCTCA,0,3247443
recNp,0.25,3,3,CGATGGAAAGGAGAGCATCA,0,3252857
recNp,0.25,3,3,CGATGCAGTTATGTAGGGCA,0,3218595
recNp,0.25,3,3,CGATACTCATTCGCAATCTC,0,3248560
recNp,0.25,3,3,CGAGTTTGATCGCTCCTGCG,0,3253400
recNp,0.25,3,3,CGAGTTGTTCGTCCGTCTCG,0,3224639
recNp,0.25,3,3,CGAGTATCTATCAAGTCGCT,0,3239944
recNp,0.25,3,3,CGAGCTCGACTCGTACTCTG,0,3217914
recNp,0.25,3,3,CGAGCACTAGAAATCAAGAT,0,3224172
recNp,0.25,3,3,CGAGACGATTGGCTAATCGG,0,3242825
recNp,0.25,3,3,CGACGGCGACTATCTCACGT,0,3235744
recNp,0.25,3,3,CGACGGCCCGACCAACATCA,0,3241739
recNp,0.25,3,3,CGACAGGCTTATTGATAAAT,0,3248491
recNp,0.25,3,3,CGACAGGCGGGGGATGTGTT,0,3241082
recNp,0.25,3,3,CGACAACTCTAACGGTGATA,0,3227741
recNp,0.25,3,3,CGAAGTCGCGTAGTGGCCAA,0,3240582
recNp,0.25,3,3,CGAACGTTCGTCCGATGTAC,0,3239974
recNp,0.25,3,3,CGAAATCCACACAGGAACGA,0,3217966
recNp,0.25,3,3,CGAAAGTACTTAAGAACATC,0,3230263
recNp,0.25,3,3,CCTTTCACCAGCTATGTTAA,0,3241595
recNp,0.25,3,3,CCTTGTTGACCTGGTGATTT,0,3218033
recNp,0.25,3,3,CCTTGTCCGCCCTCGGCAGG,0,3233234
recNp,0.25,3,3,CCTTATAACCTTTACAGCCA,0,3236494
recNp,0.25,3,3,CCTGTGGGAGTTATACGAGT,0,3231984
recNp,0.25,3,3,CCTGTCCAGATTATGTTTAA,0,3243593
recNp,0.25,3,3,CCTCTGCGAATTCCTATAAA,0,3237558
recNp,0.25,3,3,CCTCTAGATTCCGTTTCTAT,0,3235711
recNp,0.25,3,3,CCTCGTTTAAGAAGGCGACC,0,3228271
recNp,0.25,3,3,CCTCGGCGACAGGAATCCGG,0,3223947
recNp,0.25,3,3,CCTCGCCCCGGCAATCCCGG,0,3255302
recNp,0.25,3,3,CCTCCTTTGGGGAAAACATA,0,3220040
recNp,0.25,3,3,CCTCCAGCCTAGGCAGAACG,0,3241834
recNp,0.25,3,3,CCTATGCGCGCGGCTAAGCC,0,3220966
recNp,0.25,3,3,CCTACGCTTGAGGAATCTTT,0,3245488
recNp,0.25,3,3,CCTAAACCTACCACATCCAG,0,3233505
recNp,0.25,3,3,CCGTTGGAAATTAGGCTCCC,0,3239615
recNp,0.25,3,3,CCGTGTATCGCCCTCTGACA,0,3253788
recNp,0.25,3,3,CCGTGGACTTCCCGTTCATG,0,3249136
recNp,0.25,3,3,CCGTCTGGGCAACGGGACAG,0,3238606
recNp,0.25,3,3,CCGGTTCAGTAAGCCTGAGT,0,3228476
recNp,0.25,3,3,CCGGGGAAGAATCGGTCCAA,0,3248759
recNp,0.25,3,3,CCGGCCCAGTCACCGCGAGC,0,3231498
recNp,0.25,3,3,CCGGCCAAAGGCGGGATACT,0,3240396
recNp,0.25,3,3,CCGGATCCATCATTAACAAA,0,3243012
recNp,0.25,3,3,CCGCTTGATTAGTTAAACTT,0,3226776
recNp,0.25,3,3,CCGCGGGGTAGCATCGGGTA,0,3247536
recNp,0.25,3,3,CCGCGCCTAGCCCTCGTCTA,0,3227039
recNp,0.25,3,3,CCGCGATTATGGAAGAATTC,0,3240380
recNp,0.25,3,3,CCGCGAGCACTATCGGAAGC,0,3222629
recNp,0.25,3,3,CCGCCCCGAGAGGCTCATTC,0,3222928
recNp,0.25,3,3,CCGATGCTTTTACGCATCGA,0,3233427
recNp,0.25,3,3,CCGATGCATTAGTCGGCCTA,0,3220589
recNp,0.25,3,3,CCGATCAGTGCTCAAACTAT,0,3250101
recNp,0.25,3,3,CCGAGCTAGCGAGTAGGATA,0,3250429
recNp,0.25,3,3,CCCTGAAGGCCTCGTTACAT,0,3250383
recNp,0.25,3,3,CCCTGAACCCCCAACTTGGC,0,3231974
recNp,0.25,3,3,CCCTATTGAAACATTCCATA,0,3240249
recNp,0.25,3,3,CCCTAAATCCCACTTCACCT,0,3224899
recNp,0.25,3,3,CCCGGTGCAGACCGGAACTG,0,3251653
recNp,0.25,3,3,CCCGGACCGGATATGTGTGC,0,3219549
recNp,0.25,3,3,CCCGAGTACGAGACGGAGAC,0,3221218
recNp,0.25,3,3,CCCCTTTGAACTAACTGAGT,0,3232836
recNp,0.25,3,3,CCCCTGGAGTTGGAGCACAT,0,3243023
recNp,0.25,3,3,CCCCTCGGATGCCCATACGA,0,3231644
recNp,0.25,3,3,CCCCTACAGGACTGAGACAT,0,3251746
recNp,0.25,3,3,CCCCCCTTCCATAGTGTCTA,0,3249282
recNp,0.25,3,3,CCCCCCCTTCGCCGCGCGGT,0,3224401
recNp,0.25,3,3,CCCAGCGGGTTGGTTACCTG,0,3242275
recNp,0.25,3,3,CCCACTATGAGACGTAGCAT,0,3240194
recNp,0.25,3,3,CCATTTGTGTATCGCCAGGG,0,3223210
recNp,0.25,3,3,CCATGTTTCATTTCCGCCAT,0,3218426
recNp,0.25,3,3,CCATCAAATGTGCTTACTAG,0,3242454
recNp,0.25,3,3,CCATAGGTCACGAGATACTG,0,3229517
recNp,0.25,3,3,CCATAGCCTGTGGCCTTGCT,0,3251939
recNp,0.25,3,3,CCATACATGGCAATGGTTGT,0,3240009
recNp,0.25,3,3,CCAGTCTGAGCCGAGGGGCT,0,3231642
recNp,0.25,3,3,CCAGGTGCACCCATGCAGTT,0,3221663
recNp,0.25,3,3,CCAGGACTCGAGCCCTTTGG,0,3244885
recNp,0.25,3,3,CCAGCAGGGCTACTGCGGGT,0,3234859
recNp,0.25,3,3,CCAGATGTAATAGGCCCTAC,0,3246495
recNp,0.25,3,3,CCAGAGGATAAACGTGGGAG,0,3225135
recNp,0.25,3,3,CCAGAGAATTGTTGGCAATC,0,3247866
recNp,0.25,3,3,CCACGTCAGCGCGAGTAGAG,0,3225950
recNp,0.25,3,3,CCACGGCTTTTTCAGACACG,0,3216866
recNp,0.25,3,3,CCAATTCTATGGACACGGGT,0,3231496
recNp,0.25,3,3,CATTATCTTGAGAGCAGATC,0,3245139
recNp,0.25,3,3,CATTAGTTTCTGTGGGAGAC,0,3233706
recNp,0.25,3,3,CATTAATAAAACAAGTTTCA,0,3220727
recNp,0.25,3,3,CATGTTCCGGGTTTCGAGCT,0,3241365
recNp,0.25,3,3,CATGTGACCGGCTCAGCGGC,0,3222846
recNp,0.25,3,3,CATGGACTGCAAAGACGCTG,0,3243038
recNp,0.25,3,3,CATCTACAAAGGCACGGTAA,0,3240061
recNp,0.25,3,3,CATCGCTAATGCAGCAACTC,0,3229712
recNp,0.25,3,3,CATCATCCCCCGCCCGAAAC,0,3229456
recNp,0.25,3,3,CAGTTGCGGTTTCTCAAGTC,0,3243420
recNp,0.25,3,3,CAGGGGTTGGAAGGTAACCA,0,3232996
recNp,0.25,3,3,CAGGGGACGATAAGACTTGG,0,3225894
recNp,0.25,3,3,CAGGCATCCCCTGCGTTTGC,0,3222381
recNp,0.25,3,3,CAGGAATCGGGGCTTAGAAC,0,3248389
recNp,0.25,3,3,CAGCTTAAGAACGCGCAGAC,0,3235016
recNp,0.25,3,3,CAGCTGGCGGTAGAAGAAAC,0,3233926
recNp,0.25,3,3,CAGCGGTTCTGTACTATATC,0,3250392
recNp,0.25,3,3,CAGCGAAAGGAAGGACCTGT,0,3244048
recNp,0.25,3,3,CAGCAGTTCTTTCAAGTAGG,0,3244395
recNp,0.25,3,3,CAGATTTATGACCTTATTTT,0,3225752
recNp,0.25,3,3,CAGAGCGGGACGTTAATTTG,0,3249021
recNp,0.25,3,3,CAGAATATTAAGGGCACATA,0,3238323
recNp,0.25,3,3,CAGAAGCAGAAGGCCATACG,0,3220325
recNp,0.25,3,3,CAGAAATGCATAGGAATACA,0,3252795
recNp,0.25,3,3,CACTTTGGCTCTGGCGGGAA,0,3219274
recNp,0.25,3,3,CACTCTAATGCCCATATGGT,0,3216252
recNp,0.25,3,3,CACGTACCTTACACAGTTTA,0,3245690
recNp,0.25,3,3,CACGCATATCGACAAGCTAA,0,3242236
recNp,0.25,3,3,CACCTCGCGCTTGCCCCGGC,0,3238022
recNp,0.25,3,3,CACCCTGGCACCCCCGCCAA,0,3228615
recNp,0.25,3,3,CACCCGCAAGGTGTAAAACA,0,3243366
recNp,0.25,3,3,CACATTTCCGCACACGTCGG,0,3229473
recNp,0.25,3,3,CACATCACACTCCGGTTCAT,0,3231775
recNp,0.25,3,3,CAATGTGAGATCGGGCGCTT,0,3226970
recNp,0.25,3,3,CAATGTACGTCCCGAACCGA,0,3224603
recNp,0.25,3,3,CAATGAGGAGCAACCATTAA,0,3232020
recNp,0.25,3,3,CAAGGTAACAACTAGCAACG,0,3227014
recNp,0.25,3,3,CAAGGCCGCTGGTGAAACTA,0,3241514
recNp,0.25,3,3,CAAGGACCCCGGCCAACGCT,0,3222585
recNp,0.25,3,3,CAACGCTTCATAGGTGCGTT,0,3216756
recNp,0.25,3,3,CAACGCTCTACGACCTCCTA,0,3230659
recNp,0.25,3,3,CAACCTACAGTAGTGTAAGG,0,3220625
recNp,0.25,3,3,CAAATAACTTGCACCTCGAA,0,3239297
recNp,0.25,3,3,CAAACGTGCCATTCGCAGCA,0,3218916
recNp,0.25,3,3,CAAAAGCTTAGAGCATGCTA,0,3218889
recNp,0.25,3,3,ATTTTGTGACATTTGACGGA,0,3245206
recNp,0.25,3,3,ATTTGAGAGACGTTCTGCTG,0,3248695
recNp,0.25,3,3,ATTTCCGTCAGCTATCGGTA,0,3242806
recNp,0.25,3,3,ATTTCAGAGCTTCTTGCCTA,0,3230812
recNp,0.25,3,3,ATTTAAAAAGGAAATCGGTG,0,3241356
recNp,0.25,3,3,ATTGTCTGGGCCGCCGAGAT,0,3254585
recNp,0.25,3,3,ATTGTACGACCCTGGTCGGG,0,3253763
recNp,0.25,3,3,ATTGGCGCAGAACTGAAAGC,0,3220449
recNp,0.25,3,3,ATTGCGGCTGCATAAACTAA,0,3228575
recNp,0.25,3,3,ATTCTTAGCGGGACATGCGA,0,3227158
recNp,0.25,3,3,ATTCGGGTATCCGGGGTTAT,0,3228932
recNp,0.25,3,3,ATTCGGCCGGTAGGGAGCCA,0,3240660
recNp,0.25,3,3,ATTATTTACTCTTTTTGGGG,0,3250224
recNp,0.25,3,3,ATTACGACAGAGTTCAAGAA,0,3238771
recNp,0.25,3,3,ATTAAAAGGCTTGGGTGTCG,0,3251726
recNp,0.25,3,3,ATGTGGGCGGAAGTGCAGAG,0,3242393
recNp,0.25,3,3,ATGTGCGTGTCTGCCTCTTG,0,3221010
recNp,0.25,3,3,ATGTGCGGAACTCGTCTGTT,0,3246499
recNp,0.25,3,3,ATGTGATTTGGATGCGAATC,0,3241675
recNp,0.25,3,3,ATGTCCGGTTTAGCGGGCGG,0,3251371
recNp,0.25,3,3,ATGTCAGTTCGGACATGAAT,0,3238760
recNp,0.25,3,3,ATGGTTCGTGACGTTGTACA,0,3255599
recNp,0.25,3,3,ATGGCCATGTCACAGCAAGA,0,3242458
recNp,0.25,3,3,ATGGCACATACCTGTCGTAC,0,3237543
recNp,0.25,3,3,ATGCTGAATATATGAATCAT,0,3247011
recNp,0.25,3,3,ATGCTGAAAGTCCGGCTACT,0,3254794
recNp,0.25,3,3,ATGCTCTATCTCCAGGTAGA,0,3222565
recNp,0.25,3,3,ATGCTCCAGTGTAAACGAGG,0,3253198
recNp,0.25,3,3,ATGCTAGGGTACTTGGAGCA,0,3221736
recNp,0.25,3,3,ATGCGGACACGAAGCCCCAA,0,3253691
recNp,0.25,3,3,ATGCGACATGAACCAAGCGG,0,3221059
recNp,0.25,3,3,ATGCCCCGGGCTATAGGTAG,0,3240130
recNp,0.25,3,3,ATGCCCACCATTGGTAACAT,0,3219837
recNp,0.25,3,3,ATGCAGGTAACACACATGGT,0,3249166
recNp,0.25,3,3,ATGACGGCCAGAGTGATCCG,0,3218485
recNp,0.25,3,3,ATGACAACTTATTTGGAGCG,0,3238878
recNp,0.25,3,3,ATGAAATTGCCTTAAGTGAG,0,3224685
recNp,0.25,3,3,ATGAAACAGTGGCGTCCCCA,0,3253984
recNp,0.25,3,3,ATCTGGTGTTGTTTCCCCTA,0,3236765
recNp,0.25,3,3,ATCTCGCGCCCAATAGAAAA,0,3231973
recNp,0.25,3,3,ATCGGGGTCGTGGAGATTTA,0,3228481
recNp,0.25,3,3,ATCGCTCGGTTAGTCCTCCA,0,3224299
recNp,0.25,3,3,ATCCGGAGCCTAACCTTTCA,0,3228933
recNp,0.25,3,3,ATCAGCCGCCCAGGTATTGA,0,3251289
recNp,0.25,3,3,ATCACTAACCCAGGTGCTAC,0,3224043
recNp,0.25,3,3,ATCACCTGGAGCCTTAATGT,0,3242666
recNp,0.25,3,3,ATCACAGGAACTTATGATGG,0,3243453
recNp,0.25,3,3,ATCAAAGTGAGGCGGGGGCC,0,3240523
recNp,0.25,3,3,ATATTCGTTGCGCGGATTTT,0,3218155
recNp,0.25,3,3,ATATTATGCTCGACACAGCC,0,3228316
recNp,0.25,3,3,ATATCGACGTTCAAGTATGT,0,3234523
recNp,0.25,3,3,ATAGGAAAATTACAGCTTCA,0,3221604
recNp,0.25,3,3,ATAGCGCTCGTAAACATTCG,0,3234647
recNp,0.25,3,3,ATAGAGCTTTTGGGCGCAGT,0,3217559
recNp,0.25,3,3,ATACTGCTCTTACCTGCAAA,0,3253225
recNp,0.25,3,3,ATACTATTTACCCTGTCCGG,0,3236736
recNp,0.25,3,3,ATAAGGGTTCAGGGCTTTCT,0,3218221
recNp,0.25,3,3,ATAACAAGCACGCGGCCAAT,0,3244989
recNp,0.25,3,3,ATAAATAACATCTGTTTGAG,0,3249579
recNp,0.25,3,3,AGTTTTCGACCTCCGAAGCC,0,3223002
recNp,0.25,3,3,AGTTTGGTAGCCCCGAGCGG,0,3219500
recNp,0.25,3,3,AGTTCCTACACACAGCGTCA,0,3238309
recNp,0.25,3,3,AGTTCACCGTACTTACCATT,0,3240975
recNp,0.25,3,3,AGTTCACATACAGAAGGCGA,0,3249347
recNp,0.25,3,3,AGTGCGAGCACGGCTAAAGT,0,3216692
recNp,0.25,3,3,AGTCGAAGGGATGCGTGACT,0,3240289
recNp,0.25,3,3,AGTCCTATTCATCAACAGGT,0,3217162
recNp,0.25,3,3,AGTATTGTATCGCATGCCTC,0,3250565
recNp,0.25,3,3,AGTAACGATCATTTATTTAA,0,3238908
recNp,0.25,3,3,AGGTTCGTGTTCTTATCACG,0,3255435
recNp,0.25,3,3,AGGTTCAGGTGGTTACTAGA,0,3245310
recNp,0.25,3,3,AGGTGGCTGGGCTGACGCTC,0,3221116
recNp,0.25,3,3,AGGTAATGCTTTAGCGTCTC,0,3247690
recNp,0.25,3,3,AGGGTGGCCACGTGACGGAT,0,3236038
recNp,0.25,3,3,AGGGGGTATGGTTCATTCAT,0,3234518
recNp,0.25,3,3,AGGGGCTACCGCTAGTCGTG,0,3237946
recNp,0.25,3,3,AGGGCCTTGTGGCATTACTA,0,3229605
recNp,0.25,3,3,AGGGACGTTGGTCATTCACA,0,3237113
recNp,0.25,3,3,AGGGACCAGGTCATGGCCTA,0,3252026
recNp,0.25,3,3,AGGGACACTCCCATCCGCGC,0,3230100
recNp,0.25,3,3,AGGCTCCTGATTTGGTATTA,0,3230997
recNp,0.25,3,3,AGGCCGCATAGAACAATTTG,0,3250626
recNp,0.25,3,3,AGGCCAGGTACCGTGTTTAA,0,3224370
recNp,0.25,3,3,AGGATGTACCCGGATTTTGT,0,3254451
recNp,0.25,3,3,AGGACTGCTCCGAGGCACGT,0,3234114
recNp,0.25,3,3,AGGAAGCCACTGCTTCCCCG,0,3254884
recNp,0.25,3,3,AGCTGTCACGTTTAACGACC,0,3222847
recNp,0.25,3,3,AGCTCCGGGTCCTAATAGAT,0,3238657
recNp,0.25,3,3,AGCTAATTGGTGTTCAAATG,0,3238391
recNp,0.25,3,3,AGCGTTGAAATGAATGAATT,0,3236144
recNp,0.25,3,3,AGCGTCCCCCTACACCTCAA,0,3218264
recNp,0.25,3,3,AGCGTACCATCAAATTGTCG,0,3226814
recNp,0.25,3,3,AGCGGTGACTTCCATTTAGA,0,3235795
recNp,0.25,3,3,AGCGGCTTATTGCATGTTCA,0,3254457
recNp,0.25,3,3,AGCGGAAGGTGGATGTTTAC,0,3229789
recNp,0.25,3,3,AGCCTTTGTTACGTCATGGG,0,3226047
recNp,0.25,3,3,AGCCAGCATTTATGTCCGAC,0,3222584
recNp,0.25,3,3,AGCAGTTTTCAGTTGGTCCA,0,3220354
recNp,0.25,3,3,AGCAGCTACAACTCGGTAAT,0,3219234
recNp,0.25,3,3,AGCACGATACCAATTAATAT,0,3232953
recNp,0.25,3,3,AGCACCATGACGCTTATTCT,0,3242970
recNp,0.25,3,3,AGATTTTGTGTGTAGGACTA,0,3216341
recNp,0.25,3,3,AGATTCGTTGTTTCCGTTAT,0,3236570
recNp,0.25,3,3,AGATATACCGGCGTTCTCTC,0,3220156
recNp,0.25,3,3,AGATAGGCAAACGATTCGTC,0,3228916
recNp,0.25,3,3,AGAGTGTCTATTGAGTTACG,0,3232260
recNp,0.25,3,3,AGAGTCGCGCTGGCTCTAGT,0,3246990
recNp,0.25,3,3,AGAGGGGATCGCTAGTAGGA,0,3241847
recNp,0.25,3,3,AGAGGCAGGGTCCGCACGGA,0,3240003
recNp,0.25,3,3,AGAGCGGCGTAGACCAATTG,0,3252311
recNp,0.25,3,3,AGAGCAGTGCATGCGTACGA,0,3248770
recNp,0.25,3,3,AGAGATGACATTGAGGGTTA,0,3223747
recNp,0.25,3,3,AGAGAATTGGCCCATCAAGG,0,3242952
recNp,0.25,3,3,AGACTTGGCGCTTCGCACAT,0,3243285
recNp,0.25,3,3,AGACTGTCCCACAGTCGTAT,0,3229813
recNp,0.25,3,3,AGACCGATAGCAACCTTTTG,0,3216410
recNp,0.25,3,3,AGAAGCCTTATGATTCCAGC,0,3245766
recNp,0.25,3,3,AGAACTGGCGGGCCCATTTG,0,3236130
recNp,0.25,3,3,AGAAAGTTCGTGTGAGCAAT,0,3220811
recNp,0.25,3,3,ACTTGGGAGTAAGCACGATG,0,3237340
recNp,0.25,3,3,ACTTGCCTTCGGAGGTAGAC,0,3240347
recNp,0.25,3,3,ACTTCCCACACCGGTCCCAG,0,3225516
recNp,0.25,3,3,ACTTACTTTCCGTTGACCGT,0,3217735
recNp,0.25,3,3,ACTTAAGTGCTGAGACCGTG,0,3242848
recNp,0.25,3,3,ACTGTTTGCATTCGGCGGTG,0,3234234
recNp,0.25,3,3,ACTGTTCCAACAGGTGCAAC,0,3239731
recNp,0.25,3,3,ACTGTGGAGTTATCAACCTG,0,3240578
recNp,0.25,3,3,ACTGCGCTCGATTGGCCGCA,0,3236586
recNp,0.25,3,3,ACTGCAAGGGGCCAGCCTAG,0,3238909
recNp,0.25,3,3,ACTGCAAGGGACTTTATTCA,0,3231283
recNp,0.25,3,3,ACTGACGTTTGATACCAAGG,0,3218345
recNp,0.25,3,3,ACTCTGGGCCACTATAGAGT,0,3247618
recNp,0.25,3,3,ACTCTCGAATAGAGCGTTAA,0,3241816
recNp,0.25,3,3,ACTCGGTACTAAATGCCTAG,0,3229846
recNp,0.25,3,3,ACTACCGTGGGTGACCAAGC,0,3239772
recNp,0.25,3,3,ACGTTGTGGCAAGTACGGGT,0,3241472
recNp,0.25,3,3,ACGTGGTCAACGCAGCTCTA,0,3233030
recNp,0.25,3,3,ACGTGCCGCTACGCCAACGC,0,3233022
recNp,0.25,3,3,ACGTCCGGGTAGTTGAACTC,0,3217333
recNp,0.25,3,3,ACGTCCGATCGTGTTCACAA,0,3245265
recNp,0.25,3,3,ACGTAGTGGGGTCTTGCGTT,0,3244598
recNp,0.25,3,3,ACGTAACGTACTCCGAAATC,0,3250317
recNp,0.25,3,3,ACGGTATGTCCACCAGGAAA,0,3221688
recNp,0.25,3,3,ACGGTAATGGACCCGTCGAG,0,3229183
recNp,0.25,3,3,ACGGGTGCATAATACGTCCA,0,3235422
recNp,0.25,3,3,ACGGGATTTGCGTCTGCCGG,0,3238682
recNp,0.25,3,3,ACGGGACCTCGCTCAACGGC,0,3246752
recNp,0.25,3,3,ACGGCGCTAATTAGAAAGGG,0,3225455
recNp,0.25,3,3,ACGGCCTGTAGTGCTTATTT,0,3249689
recNp,0.25,3,3,ACGGATCGGCGCTGAAATTT,0,3251405
recNp,0.25,3,3,ACGCGCTTCAGACAGAGCTA,0,3225977
recNp,0.25,3,3,ACGCGCGCCAAAAGGCATTA,0,3235017
recNp,0.25,3,3,ACGCGCATTTGAGCCGCCGA,0,3220509
recNp,0.25,3,3,ACGATGCGAGGGTCTTTATC,0,3221799
recNp,0.25,3,3,ACGATAGCGTTAAGCTTTAT,0,3250901
recNp,0.25,3,3,ACGATACCCACGCCAATGCA,0,3224162
recNp,0.25,3,3,ACGAGGGCGAGAGGTGCCTC,0,3232130
recNp,0.25,3,3,ACGAGAAGCATAGACTTCCC,0,3218950
recNp,0.25,3,3,ACCTGGTCTTGTGGTCTTTT,0,3225692
recNp,0.25,3,3,ACCTCCGCTATCTTCGCGTT,0,3252514
recNp,0.25,3,3,ACCGTTTACAAAAGTTGTTC,0,3236904
recNp,0.25,3,3,ACCGTCTCGGGCACATTGGT,0,3222911
recNp,0.25,3,3,ACCGGTAATCCCATGCTCAC,0,3224128
recNp,0.25,3,3,ACCGATTTTAATAGTGGCAG,0,3228089
recNp,0.25,3,3,ACCCCTCGCGGGCGACTGGC,0,3250278
recNp,0.25,3,3,ACCCACAACGAGCCAGGAAT,0,3246327
recNp,0.25,3,3,ACCATGTATACCAATCGATA,0,3254243
recNp,0.25,3,3,ACCATGACTCAGGGCTCCGG,0,3247163
recNp,0.25,3,3,ACCAGTTTCGACACGTATAT,0,3229154
recNp,0.25,3,3,ACCACTCGAGTCGCCAAGTT,0,3219085
recNp,0.25,3,3,ACCACGTTGAGACGTTAGGC,0,3247130
recNp,0.25,3,3,ACCAACGCCGAGGTCTCCTT,0,3226128
recNp,0.25,3,3,ACATTGTCCCTTAATCAGGA,0,3251777
recNp,0.25,3,3,ACATAGTGTTAGACGCGGAG,0,3223865
recNp,0.25,3,3,ACAGAGAGAATGGACTTGTG,0,3240314
recNp,0.25,3,3,ACACGTGCCAGTGACTCACA,0,3228605
recNp,0.25,3,3,ACACCCCGGGGGTAATTACC,0,3226886
recNp,0.25,3,3,ACAAGATGTTTATAGATCAG,0,3234362
recNp,0.25,3,3,ACAACATGTGTCTTTTGGAT,0,3252838
recNp,0.25,3,3,ACAAAGTCGTCCATATACGT,0,3255089
recNp,0.25,3,3,AATTGAAAAAATCGCAGGCC,0,3232645
recNp,0.25,3,3,AATTACGCGCCCCGAAATTA,0,3250497
recNp,0.25,3,3,AATGTTGGCAACTGTATAAC,0,3229092
recNp,0.25,3,3,AATGCCACGCGACTGCAAAA,0,3239107
recNp,0.25,3,3,AATCGAAGCCGGTCGGTGAC,0,3246800
recNp,0.25,3,3,AATCCCTGTCGCGTGATACC,0,3225501
recNp,0.25,3,3,AATATGAAGGGCCGATAGTT,0,3228652
recNp,0.25,3,3,AATAGACCGCTTATAAAGGC,0,3222063
recNp,0.25,3,3,AATACATGCCCTCTTTGAGC,0,3231882
recNp,0.25,3,3,AATACAGAAGGGTGTCGTTC,0,3218878
recNp,0.25,3,3,AATAATAAATCCGCAGTGAT,0,3224285
recNp,0.25,3,3,AATAAGTCCAGCCATTAATC,0,3224898
recNp,0.25,3,3,AATAAGTATGGAATCTTCGC,0,3220024
recNp,0.25,3,3,AAGTTTTACGAGATAGGTTA,0,3228577
recNp,0.25,3,3,AAGTTTACCCGTTTATCTTC,0,3253605
recNp,0.25,3,3,AAGTTGCATTTACAAGACCC,0,3233579
recNp,0.25,3,3,AAGTTAACAAACCATGATGT,0,3247616
recNp,0.25,3,3,AAGTGAACACGAAACCCTAA,0,3250756
recNp,0.25,3,3,AAGTAGTAGAGATTTTTATA,0,3223652
recNp,0.25,3,3,AAGTAGCCAGTATCACTAAC,0,3227826
recNp,0.25,3,3,AAGTAACCCATTGCCCGCGC,0,3218913
recNp,0.25,3,3,AAGGGTCAGTTTTCCATTCC,0,3254878
recNp,0.25,3,3,AAGGGTAGTGCTCAAGAAGA,0,3225947
recNp,0.25,3,3,AAGGCTAAAACATTGACCGA,0,3227668
recNp,0.25,3,3,AAGCGTTGATTCCCGTTGGT,0,3252507
recNp,0.25,3,3,AAGCGGCGCTCCAAACTGCT,0,3230505
recNp,0.25,3,3,AAGCGCTTAATGTGGGTTTG,0,3230759
recNp,0.25,3,3,AAGCGAAATTATGGACCAGT,0,3223461
recNp,0.25,3,3,AAGCCGGAAAAGACCTCCTC,0,3255173
recNp,0.25,3,3,AAGCCATTTTCGAGCAAGTG,0,3249885
recNp,0.25,3,3,AAGCACCAAAGAAGAACCAA,0,3248704
recNp,0.25,3,3,AAGCAACAAAGCAATTAACA,0,3250059
recNp,0.25,3,3,AAGATACATTTGATAGGCTC,0,3222599
recNp,0.25,3,3,AAGAGAGCAGCATAAGTGGC,0,3249275
recNp,0.25,3,3,AAGACCCCGGGGATACGATC,0,3233923
recNp,0.25,3,3,AAGAAGAGGGTAATCGATGC,0,3227939
recNp,0.25,3,3,AACGGTATGCCGGAGACGTG,0,3231530
recNp,0.25,3,3,AACGCGCGCCAACGTAATAA,0,3225561
recNp,0.25,3,3,AACGATGATTGTTCGCCCTA,0,3239610
recNp,0.25,3,3,AACGACGTGCGATTTAGTGT,0,3242899
recNp,0.25,3,3,AACCTATTCACGGCTACGGG,0,3252339
recNp,0.25,3,3,AACCAACGCGCTTTGTCGGG,0,3216758
recNp,0.25,3,3,AACCAACGCCTTTATTTGCA,0,3224011
recNp,0.25,3,3,AACAGTCTGGTATGCTCTTT,0,3239354
recNp,0.25,3,3,AACAGTCCATAATTTGTATT,0,3233088
recNp,0.25,3,3,AACAGCCGCTGGCCCATTCT,0,3221546
recNp,0.25,3,3,AACAATGACGAGTAGTATTT,0,3237675
recNp,0.25,3,3,AAATGTAAGGTGAAATAAGC,0,3251377
recNp,0.25,3,3,AAATGCGCTACGTACCAACT,0,3223496
recNp,0.25,3,3,AAATGACTGGAAAACGTCAT,0,3222850
recNp,0.25,3,3,AAAGTTCCATTGCTAGCAAC,0,3220998
recNp,0.25,3,3,AAAGGGTCGATTTTATTCTG,0,3237022
recNp,0.25,3,3,AAAGGGCGTGCCCTTGCGCT,0,3218821
recNp,0.25,3,3,AAACGCACACATAGCCGCTC,0,3227218
recNp,0.25,3,3,AAAATCACACCTGTCCGGAC,0,3239512
recNp,0.25,3,3,AAAAGGCTGGTGTCGATGCT,0,3254259
recNp,0.25,3,3,AAAAAGGCAGCCGGATCGCA,0,3216760
recNp,0.3333333333333333,2,2,TTTTTGAGGGCTTTTTAATT,0,3240790
recNp,0.3333333333333333,2,2,TTTTTCAAAAGAACCTTCGT,0,3219583
recNp,0.3333333333333333,2,2,TTTTTAGGAACTCTTGGCGC,0,3247790
recNp,0.3333333333333333,2,2,TTTTGCCCGTTACTTAATGT,0,3221951
recNp,0.3333333333333333,2,2,TTTTGCACCCTACTGCCCCG,0,3221726
recNp,0.3333333333333333,2,2,TTTTCGTGCCCCATCTTGGT,0,3243218
recNp,0.3333333333333333,2,2,TTTTCATTGCCGTAGGCCGT,0,3235448
recNp,0.3333333333333333,2,2,TTTTACAGCCGCCTTGCGCG,0,3232758
recNp,0.3333333333333333,2,2,TTTGGCTAGCCGTGTCGCGT,0,3218364
recNp,0.3333333333333333,2,2,TTTGGCAGTATACCTTGGGC,0,3216606
recNp,0.3333333333333333,2,2,TTTGGACAAGATCAGGTAAC,0,3252293
recNp,0.3333333333333333,2,2,TTTGATGGTCGGGTTCAGGT,0,3247230
recNp,0.3333333333333333,2,2,TTTGAGGCGATTTTCGCCAT,0,3239917
recNp,0.3333333333333333,2,2,TTTCGTTGCGGTTTCGAATG,0,3226538
recNp,0.3333333333333333,2,2,TTTCGCTACCTGGCTTTTAT,0,3252013
recNp,0.3333333333333333,2,2,TTTCGATGCCGGCCCGTCTC,0,3227681
recNp,0.3333333333333333,2,2,TTTCGAATAATTTCGCTTCT,0,3220026
recNp,0.3333333333333333,2,2,TTTCATTTCTTTATCGCAGT,0,3224166
recNp,0.3333333333333333,2,2,TTTCACTGTGAACGGAGCGA,0,3255583
recNp,0.3333333333333333,2,2,TTTCACAGGTAGCCGGGATG,0,3245769
recNp,0.3333333333333333,2,2,TTTATTTCTTTTGTGTCCCT,0,3222958
recNp,0.3333333333333333,2,2,TTTAGTCCCACTGATCGCCG,0,3254308
recNp,0.3333333333333333,2,2,TTTACGGCGTTTCCATCTTT,0,3242664
recNp,0.3333333333333333,2,2,TTTACAATCGCATAAGCCTA,0,3251809
recNp,0.3333333333333333,2,2,TTGTTCAAATTCGAACCGGG,0,3234913
recNp,0.3333333333333333,2,2,TTGTGCCTCGTCGAAGCACG,0,3242317
recNp,0.3333333333333333,2,2,TTGTGAGGAGGTGGACCGCC,0,3227392
recNp,0.3333333333333333,2,2,TTGTCTGCAGCGGGGTACGT,0,3231075
recNp,0.3333333333333333,2,2,TTGTCTCCTTCCTGAAGTTG,0,3235197
recNp,0.3333333333333333,2,2,TTGTCAGGCGTGCGAAAACT,0,3255928
recNp,0.3333333333333333,2,2,TTGTAGTGAACCCACGGCCA,0,3227782
recNp,0.3333333333333333,2,2,TTGTAGCTTAGTTGCATGGT,0,3227275
recNp,0.3333333333333333,2,2,TTGTAGCGTGGACAAGTTAT,0,3222501
recNp,0.3333333333333333,2,2,TTGTAAGTCCTAAGGGATCA,0,3241704
recNp,0.3333333333333333,2,2,TTGGTTAACTAGCACACTGC,0,3240606
recNp,0.3333333333333333,2,2,TTGGTGATACATGGTAGACT,0,3247716
recNp,0.3333333333333333,2,2,TTGGGGCCAGGACCAATCGC,0,3253297
recNp,0.3333333333333333,2,2,TTGGGACTACTCACCGCTTT,0,3216394
recNp,0.3333333333333333,2,2,TTGGGACGTCTGATCTCGCT,0,3223105
recNp,0.3333333333333333,2,2,TTGGCAACCCGGCCTCTAGT,0,3228638
recNp,0.3333333333333333,2,2,TTGGAGACGACGGGAGGGGA,0,3248229
recNp,0.3333333333333333,2,2,TTGCTGCATAAATTTCGGAG,0,3240228
recNp,0.3333333333333333,2,2,TTGCGTGTTTTAACGTAGGT,0,3247256
recNp,0.3333333333333333,2,2,TTGCGTCACGCGATGTGATG,0,3233404
recNp,0.3333333333333333,2,2,TTGCCTATCCTTGAGGGACA,0,3244144
recNp,0.3333333333333333,2,2,TTGCAGGGGAAGCAGTATCG,0,3235739
recNp,0.3333333333333333,2,2,TTGCACGCGGTGGCAATGGT,0,3251933
recNp,0.3333333333333333,2,2,TTGCAAATTGTAACGTGCTC,0,3224446
recNp,0.3333333333333333,2,2,TTGATCTATTACGTAAATCC,0,3241939
recNp,0.3333333333333333,2,2,TTGATATTAGCGATACGGCG,0,3221732
recNp,0.3333333333333333,2,2,TTGAGTGCTAACATTGGCGT,0,3230804
recNp,0.3333333333333333,2,2,TTGAGGAGCGAGCCATTTCT,0,3229357
recNp,0.3333333333333333,2,2,TTGACCTTACCCTCAGTTAA,0,3236941
recNp,0.3333333333333333,2,2,TTGAAATCCAATGCAGCTTA,0,3242204
recNp,0.3333333333333333,2,2,TTGAAATATCATGTCACATA,0,3227582
recNp,0.3333333333333333,2,2,TTCTTCTGCAGACAGAGTAG,0,3255373
recNp,0.3333333333333333,2,2,TTCTGGCAGTGGTCTACATA,0,3242343
recNp,0.3333333333333333,2,2,TTCGTTTGAGCGCCGTACTG,0,3231088
recNp,0.3333333333333333,2,2,TTCGCGAAGAGCTTCCCTCT,0,3228416
recNp,0.3333333333333333,2,2,TTCGATTGGCAAAACCCGCT,0,3235128
recNp,0.3333333333333333,2,2,TTCGAATGATATCTCCCTTG,0,3225669
recNp,0.3333333333333333,2,2,TTCCGTCAAACCGTACCGAG,0,3220946
recNp,0.3333333333333333,2,2,TTCCCACCAACAATGCGTAC,0,3240180
recNp,0.3333333333333333,2,2,TTCCATTAAGGCTCGGCGGA,0,3252011
recNp,0.3333333333333333,2,2,TTCAGTTAAGAGGTGTGGAT,0,3254500
recNp,0.3333333333333333,2,2,TTCAGGCACGCGGTGAGGTT,0,3221802
recNp,0.3333333333333333,2,2,TTCAATGAGAGACGATCAGT,0,3237114
recNp,0.3333333333333333,2,2,TTATCTCTGATTGCGGACAT,0,3217618
recNp,0.3333333333333333,2,2,TTATCTAGCGAGGGGAGGGG,0,3238051
recNp,0.3333333333333333,2,2,TTATATCGGTCCAGCGGACT,0,3226276
recNp,0.3333333333333333,2,2,TTATAGTAGCCCCGTGCGCT,0,3244925
recNp,0.3333333333333333,2,2,TTATACGTCTTCAGGCTATT,0,3238759
recNp,0.3333333333333333,2,2,TTAGTTTTGCGCACGATGGT,0,3220921
recNp,0.3333333333333333,2,2,TTAGTGAGGGCCTAAAGCAG,0,3227920
recNp,0.3333333333333333,2,2,TTAGCCACTTCGGATCACGC,0,3226635
recNp,0.3333333333333333,2,2,TTACGATGAATAACCCTTTG,0,3245584
recNp,0.3333333333333333,2,2,TTAATGAGCTAAGGTTGACC,0,3218617
recNp,0.3333333333333333,2,2,TTAATCTGCCTTCGATCGGT,0,3247308
recNp,0.3333333333333333,2,2,TTAACCCCGGGAGGGTAGAT,0,3216304
recNp,0.3333333333333333,2,2,TTAAAAGCACTAACTCACAG,0,3218262
recNp,0.3333333333333333,2,2,TGTTTAGGCTAAACTCGAGA,0,3222660
recNp,0.3333333333333333,2,2,TGTTCCGGCTCGTGGATATA,0,3241997
recNp,0.3333333333333333,2,2,TGTGTTCACAGTAGGAGAAA,0,3252539
recNp,0.3333333333333333,2,2,TGTGCGAGTCGGCGGCGTAG,0,3232389
recNp,0.3333333333333333,2,2,TGTGAGCCATTCGAGGAGGG,0,3230951
recNp,0.3333333333333333,2,2,TGTCGCGTAGTACCGAATGG,0,3235144
recNp,0.3333333333333333,2,2,TGTCGCCCAGTACTCCAGAG,0,3227548
recNp,0.3333333333333333,2,2,TGTCACTGTAGTGTGCTCGC,0,3222027
recNp,0.3333333333333333,2,2,TGTCAATCTTCGCTGGATAT,0,3249350
recNp,0.3333333333333333,2,2,TGTCAAAACCCAATAGAGAC,0,3229372
recNp,0.3333333333333333,2,2,TGTATTTCATCGGATAGGAT,0,3240822
recNp,0.3333333333333333,2,2,TGTATATTAATTATTCCTAT,0,3228987
recNp,0.3333333333333333,2,2,TGTATAGGAACACGCTATGT,0,3254068
recNp,0.3333333333333333,2,2,TGTAGGTTATTACTGATGGA,0,3220223
recNp,0.3333333333333333,2,2,TGTAACACTGCGAATCACTG,0,3239374
recNp,0.3333333333333333,2,2,TGGTTGGGAGTGTCCGCTGT,0,3222921
recNp,0.3333333333333333,2,2,TGGTTGGATGCATTGCTGTA,0,3249355
recNp,0.3333333333333333,2,2,TGGTTCACGGAGTCCAAGTA,0,3245093
recNp,0.3333333333333333,2,2,TGGTCGTGACTCACCACATG,0,3243102
recNp,0.3333333333333333,2,2,TGGTCCGCGCACAACTACTG,0,3223306
recNp,0.3333333333333333,2,2,TGGGTTCGATACGGCCATCT,0,3231896
recNp,0.3333333333333333,2,2,TGGGTGACTGCACCTCTTGG,0,3224758
recNp,0.3333333333333333,2,2,TGGGTAAGGAAGCGGTCGGT,0,3254890
recNp,0.3333333333333333,2,2,TGGGGACTAGGGGGGTTATC,0,3222476
recNp,0.3333333333333333,2,2,TGGGAGGTCAAGGGCGGGGC,0,3255480
recNp,0.3333333333333333,2,2,TGGCTTTCTCGACCTCAGAT,0,3252605
recNp,0.3333333333333333,2,2,TGGCTTCAGTCCTAAGGCTT,0,3230029
recNp,0.3333333333333333,2,2,TGGCTACTGAGGTCCATCTG,0,3223189
recNp,0.3333333333333333,2,2,TGGCGGCTTCGCTGCATGGC,0,3236497
recNp,0.3333333333333333,2,2,TGGCCAAGCGAGAGTGGGTA,0,3240812
recNp,0.3333333333333333,2,2,TGGATTTCTTAAATCCTATA,0,3252010
recNp,0.3333333333333333,2,2,TGGAATCAATCCAATTCACG,0,3237091
recNp,0.3333333333333333,2,2,TGGAACCTCGTCAGATTGGT,0,3217343
recNp,0.3333333333333333,2,2,TGGAAAGATTGGCCCTGTGT,0,3230709
recNp,0.3333333333333333,2,2,TGCTTAAAATTGTATACATG,0,3220776
recNp,0.3333333333333333,2,2,TGCGGACACCTGGACGAAGA,0,3254608
recNp,0.3333333333333333,2,2,TGCCTTAGGGTGTGATGGAG,0,3241875
recNp,0.3333333333333333,2,2,TGCCTAAGAGACCGGGTCCT,0,3252413
recNp,0.3333333333333333,2,2,TGCCGGCCATATTGGGCTCC,0,3231826
recNp,0.3333333333333333,2,2,TGCCACATCAGTCGATGTGA,0,3238198
recNp,0.3333333333333333,2,2,TGCATAGTTGTCTCGACTTT,0,3220174
recNp,0.3333333333333333,2,2,TGCATACAATCTTATGACCA,0,3220196
recNp,0.3333333333333333,2,2,TGCACCGTTTACGTCGGACC,0,3243604
recNp,0.3333333333333333,2,2,TGCAACAAAACACGTTTGTC,0,3243689
recNp,0.3333333333333333,2,2,TGATTCGAGTTGTGATCGCT,0,3230182
recNp,0.3333333333333333,2,2,TGATTATTCATGGTCCGATT,0,3231378
recNp,0.3333333333333333,2,2,TGATTAGCCGAGTACCATAA,0,3227890
recNp,0.3333333333333333,2,2,TGAGTGAACTAATTCCTGCC,0,3218122
recNp,0.3333333333333333,2,2,TGAGTATCGAGCTTACTGCC,0,3224537
recNp,0.3333333333333333,2,2,TGAGCGTCAAGCCAGGTTAC,0,3226640
recNp,0.3333333333333333,2,2,TGAGCAAGGGAATACCCCCC,0,3225125
recNp,0.3333333333333333,2,2,TGACGGATAAGGTCCAGGTT,0,3243956
recNp,0.3333333333333333,2,2,TGACACTACCTGAACTGGAA,0,3216217
recNp,0.3333333333333333,2,2,TGAATAGTAGATCTCAAACG,0,3231931
recNp,0.3333333333333333,2,2,TGAACATACCCGGCTGGAAC,0,3249193
recNp,0.3333333333333333,2,2,TGAAAGTATCCCCGCGAACG,0,3233280
recNp,0.3333333333333333,2,2,TCTTTCTTTCGCTTAATTAC,0,3237060
recNp,0.3333333333333333,2,2,TCTTCTGTGAAGCGCTCCTA,0,3229806
recNp,0.3333333333333333,2,2,TCTTCCTACAAGATATATAG,0,3227152
recNp,0.3333333333333333,2,2,TCTTAGGAATATTATATTTC,0,3230167
recNp,0.3333333333333333,2,2,TCTTAAGGCGGGGCGTTCGG,0,3242412
recNp,0.3333333333333333,2,2,TCTTAACACCACCGTGTTAG,0,3216794
recNp,0.3333333333333333,2,2,TCTGCGAGCAAGAGCCTTCG,0,3221738
recNp,0.3333333333333333,2,2,TCTGAGTGGCAAGGAAGAAA,0,3223882
recNp,0.3333333333333333,2,2,TCTGAGCATAGGATAAGGGA,0,3227448
recNp,0.3333333333333333,2,2,TCTGAACAACTAAGGGCTTG,0,3227279
recNp,0.3333333333333333,2,2,TCTGAAAGGCGTGGGCAGTT,0,3238265
recNp,0.3333333333333333,2,2,TCTCCGGGACTCCGGCCCGT,0,3242468
recNp,0.3333333333333333,2,2,TCTATCTTGCACTTACTGGG,0,3248221
recNp,0.3333333333333333,2,2,TCTAGGGCCGTTCTTGCCAT,0,3248115
recNp,0.3333333333333333,2,2,TCTAAATCGATTAGGTTGGC,0,3229696
recNp,0.3333333333333333,2,2,TCGTTCCGTATGCGATCAGC,0,3229918
recNp,0.3333333333333333,2,2,TCGTTAGCCGTCAACCGTCA,0,3222350
recNp,0.3333333333333333,2,2,TCGTGTGGACGTCGAACGTG,0,3255594
recNp,0.3333333333333333,2,2,TCGTCGGTGCGCCGTGGATT,0,3250545
recNp,0.3333333333333333,2,2,TCGTCGGAGCCGAAAACCGG,0,3220424
recNp,0.3333333333333333,2,2,TCGTCCACGGCAGCACGTTA,0,3238055
recNp,0.3333333333333333,2,2,TCGGTTGTCTGGCGCGTTGA,0,3233374
recNp,0.3333333333333333,2,2,TCGGTGATTGTGCCACCTTT,0,3251308
recNp,0.3333333333333333,2,2,TCGGTGACGGCTGAAGTACT,0,3231932
recNp,0.3333333333333333,2,2,TCGGGAGCACTCTAAACATA,0,3233262
recNp,0.3333333333333333,2,2,TCGGCGGGGAATCACGACTT,0,3229427
recNp,0.3333333333333333,2,2,TCGGACGAACAGTACAGGTC,0,3232151
recNp,0.3333333333333333,2,2,TCGCTCCATGACTGACGTTC,0,3242121
recNp,0.3333333333333333,2,2,TCGCATAGGTTCGACCGGCC,0,3221362
recNp,0.3333333333333333,2,2,TCGCACTTAAAATGACACAG,0,3225891
recNp,0.3333333333333333,2,2,TCGACTCCCTAAATTTACGG,0,3231871
recNp,0.3333333333333333,2,2,TCGAATTGATACGTCTTAAT,0,3220839
recNp,0.3333333333333333,2,2,TCGAATGGTGGTCAATCGTT,0,3226707
recNp,0.3333333333333333,2,2,TCCTTCCTCTGGGCCGTCTC,0,3248149
recNp,0.3333333333333333,2,2,TCCTTCAAAGATTATGGTTA,0,3224331
recNp,0.3333333333333333,2,2,TCCTGTCCCGTAATCTAAAA,0,3233656
recNp,0.3333333333333333,2,2,TCCTGCTCGAGTACGTAAGC,0,3233731
recNp,0.3333333333333333,2,2,TCCTCCCCGCCTTGGCTTAT,0,3234252
recNp,0.3333333333333333,2,2,TCCGTTGTATGGTCACACAG,0,3228677
recNp,0.3333333333333333,2,2,TCCGTATTTGCCATAGCGAC,0,3244355
recNp,0.3333333333333333,2,2,TCCGGGATAACTAGAGATGT,0,3219135
recNp,0.3333333333333333,2,2,TCCGGCGGTAACATGTAGAT,0,3218136
recNp,0.3333333333333333,2,2,TCCGCTCGCGGACTATTGTA,0,3252627
recNp,0.3333333333333333,2,2,TCCGCAGGCGGACTCTTATC,0,3217660
recNp,0.3333333333333333,2,2,TCCGATCTGCGCTTTCGTCA,0,3252919
recNp,0.3333333333333333,2,2,TCCCTTGTCACCGCATCGCT,0,3220383
recNp,0.3333333333333333,2,2,TCCCTTGACTCACTAGGACC,0,3237462
recNp,0.3333333333333333,2,2,TCCCGTTCATGTGTCGATGC,0,3238874
recNp,0.3333333333333333,2,2,TCCCCAACCGAACTGTGGAA,0,3226507
recNp,0.3333333333333333,2,2,TCCATCTATTGAGTGACGAG,0,3240921
recNp,0.3333333333333333,2,2,TCCATCAGATTAAGTCTCAC,0,3243824
recNp,0.3333333333333333,2,2,TCCATACGTGATCTTACCAC,0,3233194
recNp,0.3333333333333333,2,2,TCCAGTATGGCGATGGTAGT,0,3220550
recNp,0.3333333333333333,2,2,TCCAGGGGAGCCTATCGTAA,0,3255792
recNp,0.3333333333333333,2,2,TCCACCTTTTGATGGTTGGA,0,3229791
recNp,0.3333333333333333,2,2,TCCACAGATAAGAACCGCGA,0,3226341
recNp,0.3333333333333333,2,2,TCATCTTCGAGCTGATTACA,0,3251047
recNp,0.3333333333333333,2,2,TCATAGTGTTTTTACCCGTC,0,3236695
recNp,0.3333333333333333,2,2,TCATACAATTGAGGTGTGAT,0,3230814
recNp,0.3333333333333333,2,2,TCAGGGGACGGCCGTGCAGC,0,3246894
recNp,0.3333333333333333,2,2,TCAGCCTTTTGGGTAACTTA,0,3235462
recNp,0.3333333333333333,2,2,TCAGAATGGGGGGGCGGCGT,0,3229428
recNp,0.3333333333333333,2,2,TCACCGCGGACGTCCACGAC,0,3216375
recNp,0.3333333333333333,2,2,TCACATGGATGCTTCCGTAA,0,3247748
recNp,0.3333333333333333,2,2,TCACAAACCAATTCACGCGT,0,3229524
recNp,0.3333333333333333,2,2,TCAATTAGGCGGATAGGGTC,0,3230732
recNp,0.3333333333333333,2,2,TCAATAAATCGATATCAAGA,0,3219093
recNp,0.3333333333333333,2,2,TCAAGTGGGTTGACCATATC,0,3222861
recNp,0.3333333333333333,2,2,TCAAGCCTGGATAGTTGGTC,0,3227485
recNp,0.3333333333333333,2,2,TCAAAGAGGGGACACAATAT,0,3228322
recNp,0.3333333333333333,2,2,TCAAAATCACCACATGAGGA,0,3239032
recNp,0.3333333333333333,2,2,TATTGGTTCCGCCGTGGTGG,0,3216735
recNp,0.3333333333333333,2,2,TATTGGAGTAGGAATCCCAT,0,3254217
recNp,0.3333333333333333,2,2,TATTGCCTACTCCGGGAATG,0,3234846
recNp,0.3333333333333333,2,2,TATTACGCCTTAGGTGTAGC,0,3249185
recNp,0.3333333333333333,2,2,TATGTTGCTGATACTAGCTC,0,3220518
recNp,0.3333333333333333,2,2,TATGTCTTGGAACACCAAGA,0,3236311
recNp,0.3333333333333333,2,2,TATGGAGTGTGGGGAATAGG,0,3244490
recNp,0.3333333333333333,2,2,TATGCATATTGTTATTACAA,0,3232933
recNp,0.3333333333333333,2,2,TATGCAAATAGGGTCAACTT,0,3230184
recNp,0.3333333333333333,2,2,TATCTGGAAAATTTATCATG,0,3238923
recNp,0.3333333333333333,2,2,TATCGGCCAAAAGTACTCAC,0,3253822
recNp,0.3333333333333333,2,2,TATCCCGGTCTGGGACCACA,0,3228644
recNp,0.3333333333333333,2,2,TATCCAAACACTCTCGATTT,0,3248152
recNp,0.3333333333333333,2,2,TATCATTAACTAGATGTCCA,0,3238118
recNp,0.3333333333333333,2,2,TATACACAGTCGTCAGCTAT,0,3247512
recNp,0.3333333333333333,2,2,TATAATACTACTCGGCCTAA,0,3234807
recNp,0.3333333333333333,2,2,TATAAGCCTAGAATTTGTAT,0,3252406
recNp,0.3333333333333333,2,2,TATAACGTGTGGCCGTCGTC,0,3254941
recNp,0.3333333333333333,2,2,TAGGTCGGCTCACAGGAGCA,0,3245787
recNp,0.3333333333333333,2,2,TAGGGAGACAGATTCCCTGA,0,3244537
recNp,0.3333333333333333,2,2,TAGGGAAGCAGCCACCGCCT,0,3255870
recNp,0.3333333333333333,2,2,TAGGGAAGATGATGGCGGGG,0,3227126
recNp,0.3333333333333333,2,2,TAGCTTAAAGGCTGTACGCG,0,3252757
recNp,0.3333333333333333,2,2,TAGCGGCTTGGGTGGATTCA,0,3241353
recNp,0.3333333333333333,2,2,TAGCCGTTGAGCCCGACTAA,0,3216929
recNp,0.3333333333333333,2,2,TAGCCACCCTACATGAAGCG,0,3218014
recNp,0.3333333333333333,2,2,TAGATTAGTAGAGTCCATGC,0,3222081
recNp,0.3333333333333333,2,2,TAGATGTTCGCATAGGTCGA,0,3229217
recNp,0.3333333333333333,2,2,TAGAGTAACTACTCCATCGG,0,3243891
recNp,0.3333333333333333,2,2,TAGAGCGGTTATTTTATGAT,0,3247496
recNp,0.3333333333333333,2,2,TAGACTAAAAACATCGTGAC,0,3243188
recNp,0.3333333333333333,2,2,TAGAACGGTTCATTGCTAGT,0,3242572
recNp,0.3333333333333333,2,2,TACTGGTCTTTAAACTTGGC,0,3254848
recNp,0.3333333333333333,2,2,TACTCTTAGAGGATTAAGGT,0,3229391
recNp,0.3333333333333333,2,2,TACGTTCCCCAAAACTGGTT,0,3235946
recNp,0.3333333333333333,2,2,TACGGGGGAATAACAATTTT,0,3222317
recNp,0.3333333333333333,2,2,TACGGGCTAGCTGCGAATGG,0,3248462
recNp,0.3333333333333333,2,2,TACGGATAGCGGGCAACTAG,0,3251020
recNp,0.3333333333333333,2,2,TACCTTTCATCCATTCCCCG,0,3229394
recNp,0.3333333333333333,2,2,TACCTCGCATAGATCCATTC,0,3241570
recNp,0.3333333333333333,2,2,TACCGTGATGCATCGGGTAA,0,3217270
recNp,0.3333333333333333,2,2,TACCGAGGGCTATTGAACCC,0,3231944
recNp,0.3333333333333333,2,2,TACCCATTAAGTGGGTTAAA,0,3230248
recNp,0.3333333333333333,2,2,TACATTCAATCGGGCATGTA,0,3225289
recNp,0.3333333333333333,2,2,TACATATAAACCCGACTAAA,0,3218340
recNp,0.3333333333333333,2,2,TACATACGCCCGCCCTTGGA,0,3250134
recNp,0.3333333333333333,2,2,TACAGCATTGTCCTTCCATT,0,3218604
recNp,0.3333333333333333,2,2,TACACTTGCTACGGTCGGCT,0,3238216
recNp,0.3333333333333333,2,2,TACAAGGTGGTCTACGAGCT,0,3245582
recNp,0.3333333333333333,2,2,TACAAGCTAACATGTATCGA,0,3254859
recNp,0.3333333333333333,2,2,TAATATCGAGACGCAGTGTT,0,3233067
recNp,0.3333333333333333,2,2,TAATACTGTTAAGACCCTTC,0,3243091
recNp,0.3333333333333333,2,2,TAATACTCATCCATCTTACA,0,3246883
recNp,0.3333333333333333,2,2,TAATAACGCGCATTAGTGTT,0,3254299
recNp,0.3333333333333333,2,2,TAAGTGTGCAGTGGTTTCAA,0,3238369
recNp,0.3333333333333333,2,2,TAAGTGAATGAACTCAAATT,0,3229716
recNp,0.3333333333333333,2,2,TAAGCTCACGGTTATCGGGT,0,3218219
recNp,0.3333333333333333,2,2,TAACATTAGGGAATCGCGTC,0,3233794
recNp,0.3333333333333333,2,2,TAAATGCTCGTTCACATTAA,0,3233052
recNp,0.3333333333333333,2,2,TAAATCAAGAGTGAGTCAAT,0,3234448
recNp,0.3333333333333333,2,2,GTTTTGATCTTAGTCCATTG,0,3230337
recNp,0.3333333333333333,2,2,GTTTGAAACAAGCATCCGTC,0,3237641
recNp,0.3333333333333333,2,2,GTTTCGGTGGACAGGAGACA,0,3255062
recNp,0.3333333333333333,2,2,GTTTACCGTTGGAACAAGAC,0,3247662
recNp,0.3333333333333333,2,2,GTTGTCAATCGTTTCCACGT,0,3222005
recNp,0.3333333333333333,2,2,GTTGGTGATGCAGGTGTGTA,0,3234560
recNp,0.3333333333333333,2,2,GTTGATCGGCCGAGCGAGCG,0,3220222
recNp,0.3333333333333333,2,2,GTTCTTATTTAAGTTGGGTG,0,3233959
recNp,0.3333333333333333,2,2,GTTCGTTATCGGTATATGGC,0,3234070
recNp,0.3333333333333333,2,2,GTTCGTATATGCTGCCACGA,0,3218116
recNp,0.3333333333333333,2,2,GTTCGGCAACCGCGTAACAG,0,3238141
recNp,0.3333333333333333,2,2,GTTCGCGGAACACCCACGGG,0,3241607
recNp,0.3333333333333333,2,2,GTTCCTTTTGAAATGCGGGA,0,3247770
recNp,0.3333333333333333,2,2,GTTCCAATGGGCTACACAGT,0,3242692
recNp,0.3333333333333333,2,2,GTTATTCCGATCATGAGGAT,0,3235742
recNp,0.3333333333333333,2,2,GTTAGCGAATCACCCAGTCT,0,3226818
recNp,0.3333333333333333,2,2,GTTACGGCGCAATTCCTGTT,0,3253792
recNp,0.3333333333333333,2,2,GTTACCTCCGGACTACATTT,0,3227775
recNp,0.3333333333333333,2,2,GTGTTTAGCATGTCTAATTA,0,3237020
recNp,0.3333333333333333,2,2,GTGTGGGCCGGTGATAGTCC,0,3252476
recNp,0.3333333333333333,2,2,GTGTGACTGTAGTGCGCCAT,0,3245559
recNp,0.3333333333333333,2,2,GTGTGAAGTACGGTGATACC,0,3240777
recNp,0.3333333333333333,2,2,GTGTCAATTGTCCGCAGTGC,0,3238515
recNp,0.3333333333333333,2,2,GTGTAGACGCTCCAACCGGT,0,3241603
recNp,0.3333333333333333,2,2,GTGGTGCGCCAGAGATTTTT,0,3248109
recNp,0.3333333333333333,2,2,GTGCGGCTTCTTGATCCGCT,0,3229847
recNp,0.3333333333333333,2,2,GTGCGCGGTTATGGGGGCTC,0,3216957
recNp,0.3333333333333333,2,2,GTGCGATGGCGTTCAGCCCT,0,3252206
recNp,0.3333333333333333,2,2,GTGCAGGATTTTCCTTCACG,0,3233426
recNp,0.3333333333333333,2,2,GTGATACCATTGTAAGTTTG,0,3245085
recNp,0.3333333333333333,2,2,GTGATACATTATGGAGCGAT,0,3241648
recNp,0.3333333333333333,2,2,GTGATAACCCTCCTTCGGCC,0,3229030
recNp,0.3333333333333333,2,2,GTGAGTCTCACGGCATAAGC,0,3218467
recNp,0.3333333333333333,2,2,GTGACGGATCGAAGAATATC,0,3247413
recNp,0.3333333333333333,2,2,GTGACCCCAATTAGTTAAGT,0,3224734
recNp,0.3333333333333333,2,2,GTGAACGACCCTACAGTTAT,0,3220674
recNp,0.3333333333333333,2,2,GTGAAAACCGCAGTTAGCGG,0,3223836
recNp,0.3333333333333333,2,2,GTCTTCTCTGAAATTGATTG,0,3231465
recNp,0.3333333333333333,2,2,GTCTGGAAAAGTGGCCAATT,0,3254067
recNp,0.3333333333333333,2,2,GTCTGACAGGCAAGCCCTGC,0,3244542
recNp,0.3333333333333333,2,2,GTCTCAGACTAAAATCCCGA,0,3240155
recNp,0.3333333333333333,2,2,GTCGTCGGTTTTGATGACTT,0,3240063
recNp,0.3333333333333333,2,2,GTCGTCCCCGTATTGAATCC,0,3255584
recNp,0.3333333333333333,2,2,GTCGCGCTGAGAAGGGCACT,0,3244214
recNp,0.3333333333333333,2,2,GTCGAGGTCCTTCTGGACCT,0,3233748
recNp,0.3333333333333333,2,2,GTCCGTAACTCGACCCCGCA,0,3237362
recNp,0.3333333333333333,2,2,GTCCAGGACGTACGAATTAG,0,3232482
recNp,0.3333333333333333,2,2,GTCAGCCTTTCCGAACTTCA,0,3231713
recNp,0.3333333333333333,2,2,GTCAGAGCTAATCGTAGATT,0,3226627
recNp,0.3333333333333333,2,2,GTATTGTACGGTATCGCATG,0,3243986
recNp,0.3333333333333333,2,2,GTATTCTCGGAACCATAGCC,0,3253154
recNp,0.3333333333333333,2,2,GTATCCTTGTCGCCCCCCTT,0,3248383
recNp,0.3333333333333333,2,2,GTATCCTGGGTGGTCGAAGG,0,3238551
recNp,0.3333333333333333,2,2,GTATCCACAACCGAGGCTCT,0,3228235
recNp,0.3333333333333333,2,2,GTATCAATTCCGAACTCTTA,0,3245332
recNp,0.3333333333333333,2,2,GTATAGGGGGGTTCTGGTGC,0,3245237
recNp,0.3333333333333333,2,2,GTATACGTCACAGTGCAGTT,0,3253965
recNp,0.3333333333333333,2,2,GTAGTGAAGTGAGTTCCCGG,0,3216992
recNp,0.3333333333333333,2,2,GTAGTATGGTCTAAAAGAAA,0,3252058
recNp,0.3333333333333333,2,2,GTAGATGGTTCGAGTGCGAT,0,3253197
recNp,0.3333333333333333,2,2,GTACGTTGGGTCTCCTGGGA,0,3224773
recNp,0.3333333333333333,2,2,GTACCAGCACTATCGGCAGT,0,3235251
recNp,0.3333333333333333,2,2,GTACAGTGCGTGTGGGCTTC,0,3223116
recNp,0.3333333333333333,2,2,GTAAGCCCCCACAAATCACA,0,3230066
recNp,0.3333333333333333,2,2,GGTTGCTCCAACCCTTCACG,0,3247735
recNp,0.3333333333333333,2,2,GGTTCTAGACATTCCCCGGC,0,3253859
recNp,0.3333333333333333,2,2,GGTTATTAATGTGTGTGTGC,0,3248562
recNp,0.3333333333333333,2,2,GGTGGTGAGTCAAAGCAGTG,0,3220729
recNp,0.3333333333333333,2,2,GGTGCATCGGCTGGTTACCG,0,3239097
recNp,0.3333333333333333,2,2,GGTCTAGGCGCGTTTGCGAC,0,3254935
recNp,0.3333333333333333,2,2,GGTCGGTATACGTCGGGAGC,0,3242762
recNp,0.3333333333333333,2,2,GGTCCCTCTTAGACCCGACG,0,3252663
recNp,0.3333333333333333,2,2,GGTCCAAGGTCCTACGATTA,0,3244423
recNp,0.3333333333333333,2,2,GGTATGGAACGTCAACTTTC,0,3247777
recNp,0.3333333333333333,2,2,GGTATGCGTCAGTCCTAGTC,0,3226274
recNp,0.3333333333333333,2,2,GGTATAGCATTTCTACATAC,0,3242003
recNp,0.3333333333333333,2,2,GGTACCTTCGGAATCAGGAT,0,3240881
recNp,0.3333333333333333,2,2,GGTACACATCCTTTCCCACT,0,3245091
recNp,0.3333333333333333,2,2,GGGTTTTTAATTGACTTTAG,0,3226489
recNp,0.3333333333333333,2,2,GGGTTTCCGTTCATATATGG,0,3250732
recNp,0.3333333333333333,2,2,GGGTTGTCGGTTCGACCATA,0,3253725
recNp,0.3333333333333333,2,2,GGGTTGCTCCCCACGAAACG,0,3240978
recNp,0.3333333333333333,2,2,GGGTGCTTTACTAGCGGTGT,0,3223587
recNp,0.3333333333333333,2,2,GGGTGACCCCTTCGGGCTTC,0,3247710
recNp,0.3333333333333333,2,2,GGGTCTGACTGACGTCCCAC,0,3245930
recNp,0.3333333333333333,2,2,GGGTCGATCGATATTCCAAG,0,3249025
recNp,0.3333333333333333,2,2,GGGTAGTTTTCCGCTCGTCC,0,3220883
recNp,0.3333333333333333,2,2,GGGGCTCATAGCCCCCCTAT,0,3233732
recNp,0.3333333333333333,2,2,GGGGACATAGGACAGGGAGA,0,3248012
recNp,0.3333333333333333,2,2,GGGCGTTAGACTGACTGACG,0,3230604
recNp,0.3333333333333333,2,2,GGGCGTCTGGGAGGAGTCCG,0,3227750
recNp,0.3333333333333333,2,2,GGGCGGTTTTGATTCCTATG,0,3223703
recNp,0.3333333333333333,2,2,GGGCGATCACCGCGCATCTT,0,3219328
recNp,0.3333333333333333,2,2,GGGCCTCCCAGATCTCCCTC,0,3227955
recNp,0.3333333333333333,2,2,GGGCACGCGGACGGCATAGT,0,3222740
recNp,0.3333333333333333,2,2,GGGATAGCTCATATAGCCAT,0,3251682
recNp,0.3333333333333333,2,2,GGGATAGCCGTAGGGCTTTC,0,3245287
recNp,0.3333333333333333,2,2,GGGAGTTTTGTGATCAGCCT,0,3231386
recNp,0.3333333333333333,2,2,GGGACAAGGGGGTTTTTCCA,0,3220937
recNp,0.3333333333333333,2,2,GGGAAATTTGAGTCAACAAA,0,3245831
recNp,0.3333333333333333,2,2,GGGAAAAAGACAATGGTCAA,0,3230964
recNp,0.3333333333333333,2,2,GGCTTACACCTACATAGAGG,0,3249276
recNp,0.3333333333333333,2,2,GGCTGTTGATGCAATAGCTA,0,3233753
recNp,0.3333333333333333,2,2,GGCTGGCAGTCTTATCGGTA,0,3249200
recNp,0.3333333333333333,2,2,GGCTCTTTTCTGTGCCACGT,0,3243065
recNp,0.3333333333333333,2,2,GGCTATCTGCTTTTCGGCTG,0,3230735
recNp,0.3333333333333333,2,2,GGCTAGGACCCTTACCGTAG,0,3244688
recNp,0.3333333333333333,2,2,GGCTAGACCTCACACATCTC,0,3243244
recNp,0.3333333333333333,2,2,GGCTACTCTGGCATTATCAT,0,3255705
recNp,0.3333333333333333,2,2,GGCTAATAAGTGGACTTGTA,0,3255536
recNp,0.3333333333333333,2,2,GGCGTTTTGAGGCGTGTGCA,0,3245160
recNp,0.3333333333333333,2,2,GGCGTTGGCCGCGGGCTGAC,0,3248896
recNp,0.3333333333333333,2,2,GGCCTCGTCCGCGCGAAGAC,0,3245688
recNp,0.3333333333333333,2,2,GGCCTACATGAGTCGGCTCC,0,3254344
recNp,0.3333333333333333,2,2,GGCCGTACTATGGCTGAACA,0,3246441
recNp,0.3333333333333333,2,2,GGCCCCGCGGACCTAAATCC,0,3237831
recNp,0.3333333333333333,2,2,GGCCATGGGGGTGTAGGACG,0,3230486
recNp,0.3333333333333333,2,2,GGCATTGCGTGACAAATTTA,0,3229468
recNp,0.3333333333333333,2,2,GGATTTTGTTGTGCAGGGGG,0,3245242
recNp,0.3333333333333333,2,2,GGATGGAGATCATTCTTTAC,0,3225303
recNp,0.3333333333333333,2,2,GGATGCAGAGATGATGCTTC,0,3241563
recNp,0.3333333333333333,2,2,GGATCTGGCTGCATATTCGG,0,3240145
recNp,0.3333333333333333,2,2,GGATAGCGGCAGGTGGTGAT,0,3220805
recNp,0.3333333333333333,2,2,GGACGTTCGTCAAGGCGGAG,0,3252402
recNp,0.3333333333333333,2,2,GGACGGAAAAGTATTTTTCT,0,3221280
recNp,0.3333333333333333,2,2,GGACCACGATGTGTAGTTCT,0,3234796
recNp,0.3333333333333333,2,2,GGACAGTACGTTAGAGAGGG,0,3247879
recNp,0.3333333333333333,2,2,GGAATCCCGCGTAGGAAGAC,0,3225737
recNp,0.3333333333333333,2,2,GGAATACCTCCGCTATCGTT,0,3249915
recNp,0.3333333333333333,2,2,GGAAGGTTGGTGGTCACGGT,0,3227266
recNp,0.3333333333333333,2,2,GGAACGTAGTCCAGCCGGAC,0,3223031
recNp,0.3333333333333333,2,2,GCTTGTGGGATACGGAAGGA,0,3255298
recNp,0.3333333333333333,2,2,GCTTGTAGCTAACTAAGTTA,0,3244331
recNp,0.3333333333333333,2,2,GCTTCAGGGAGGATATTTTG,0,3234335
recNp,0.3333333333333333,2,2,GCTTAAGCTACAATTCGAAT,0,3222736
recNp,0.3333333333333333,2,2,GCTGTGTCCTGGACGGTTCA,0,3233451
recNp,0.3333333333333333,2,2,GCTGTGATTCTCGAGGGAGC,0,3216576
recNp,0.3333333333333333,2,2,GCTGGTAGGTAGCCCGGTTC,0,3223198
recNp,0.3333333333333333,2,2,GCTGGGAGCATGTTAGGGGA,0,3219480
recNp,0.3333333333333333,2,2,GCTGGACCAGGGGGGGTTTG,0,3221342
recNp,0.3333333333333333,2,2,GCTGGACAGTCACGATGATA,0,3224564
recNp,0.3333333333333333,2,2,GCTGCCGTATGCGGAGGTTA,0,3232816
recNp,0.3333333333333333,2,2,GCTCTAGTAGGTCCAACGAG,0,3225024
recNp,0.3333333333333333,2,2,GCTCGGCTACGACAATTTAA,0,3245401
recNp,0.3333333333333333,2,2,GCTCGCTAAGTCCAACTCTT,0,3252988
recNp,0.3333333333333333,2,2,GCTCGCGTTGGGGCCGATGA,0,3242856
recNp,0.3333333333333333,2,2,GCTCCGCCGTACGGGTCCGG,0,3230325
recNp,0.3333333333333333,2,2,GCTCCGAACCGCGCAGGGTT,0,3246354
recNp,0.3333333333333333,2,2,GCTCCATTGCTGCTATGTTG,0,3227426
recNp,0.3333333333333333,2,2,GCTCACGAATGAGCGGATAG,0,3237179
recNp,0.3333333333333333,2,2,GCTATTATTCACAGGTTAAT,0,3236380
recNp,0.3333333333333333,2,2,GCTATCTGCTCTTTCAGGAT,0,3216662
recNp,0.3333333333333333,2,2,GCTAATCGAGAAACTATGTA,0,3238572
recNp,0.3333333333333333,2,2,GCGTTGTTCCGCAGCGAAAA,0,3248926
recNp,0.3333333333333333,2,2,GCGTGGACATCATGTGCCTC,0,3252318
recNp,0.3333333333333333,2,2,GCGTGAAATGAGCTCAAGCG,0,3246720
recNp,0.3333333333333333,2,2,GCGTCTTACGATTAGTAAAT,0,3249651
recNp,0.3333333333333333,2,2,GCGGTGCGATGCGGTCGTCC,0,3246388
recNp,0.3333333333333333,2,2,GCGGTAAACCGGTTTCAACA,0,3247506
recNp,0.3333333333333333,2,2,GCGGGGTCAAGTCTGACATA,0,3251386
recNp,0.3333333333333333,2,2,GCGGCCACGTTATATCACTG,0,3229237
recNp,0.3333333333333333,2,2,GCGGCAGAAATCAGGTAGAG,0,3253846
recNp,0.3333333333333333,2,2,GCGCTCGGCCGTGTAGAGAA,0,3231934
recNp,0.3333333333333333,2,2,GCGCTATAATTGTGAAATTT,0,3254950
recNp,0.3333333333333333,2,2,GCGCGGTAATCTGTCCGTGT,0,3237755
recNp,0.3333333333333333,2,2,GCGCCTACGGCGTCGTAAAG,0,3230422
recNp,0.3333333333333333,2,2,GCGCATAGAATGTCGTGGAG,0,3252978
recNp,0.3333333333333333,2,2,GCGCACTACTCGCTTTCAAC,0,3236241
recNp,0.3333333333333333,2,2,GCGCAATGGGTTCGACCCCT,0,3216554
recNp,0.3333333333333333,2,2,GCGATTCGGCCGCGCTAAGA,0,3240499
recNp,0.3333333333333333,2,2,GCGATCCCATCTTCTGTTCG,0,3237001
recNp,0.3333333333333333,2,2,GCGATCACATGAAGGTGAAG,0,3235813
recNp,0.3333333333333333,2,2,GCGAGAACGAGGAGGGAATA,0,3239196
recNp,0.3333333333333333,2,2,GCGACTGGGAGTGAGACCAA,0,3249625
recNp,0.3333333333333333,2,2,GCGACCGAACGAACAAAACT,0,3239911
recNp,0.3333333333333333,2,2,GCGACAATAGAGGGGACCGA,0,3249094
recNp,0.3333333333333333,2,2,GCCTGCAGAGTGACTGAACA,0,3234872
recNp,0.3333333333333333,2,2,GCCTGACCGCGCCCATTTGT,0,3250286
recNp,0.3333333333333333,2,2,GCCTCTACACTTGAACATGT,0,3239935
recNp,0.3333333333333333,2,2,GCCTCGTGGAGGGCCACGCA,0,3242900
recNp,0.3333333333333333,2,2,GCCTCGATGGCTTGGAGACC,0,3229135
recNp,0.3333333333333333,2,2,GCCGTGTTTTGTCCATATGG,0,3234155
recNp,0.3333333333333333,2,2,GCCGGTCACCGCAGATTTAA,0,3216642
recNp,0.3333333333333333,2,2,GCCGCCTGTCATGGCCCGAG,0,3255450
recNp,0.3333333333333333,2,2,GCCGAAACGGGGATGAAAAT,0,3219432
recNp,0.3333333333333333,2,2,GCCCCTTGACCAATTGCATA,0,3251888
recNp,0.3333333333333333,2,2,GCCCAACGGTGCCAGCGGGC,0,3220619
recNp,0.3333333333333333,2,2,GCCCAACGAATGTTAAATCC,0,3237338
recNp,0.3333333333333333,2,2,GCCAGAGGCAGTGACAGACT,0,3253588
recNp,0.3333333333333333,2,2,GCCAATGCAAGTGACCGCGA,0,3232712
recNp,0.3333333333333333,2,2,GCCAAGTCCCCTCTGCTCCT,0,3234895
recNp,0.3333333333333333,2,2,GCATGACGGGCAGCGTAGAG,0,3232786
recNp,0.3333333333333333,2,2,GCATCAAGTATCGCCCCGCT,0,3252380
recNp,0.3333333333333333,2,2,GCATATGCTAATTTCGCAGG,0,3239972
recNp,0.3333333333333333,2,2,GCATAAATGAACCGAATGCC,0,3225714
recNp,0.3333333333333333,2,2,GCAGTAGTTCATCTCTATCT,0,3224907
recNp,0.3333333333333333,2,2,GCAGTAACCGGTTCGCTAAT,0,3236883
recNp,0.3333333333333333,2,2,GCAGGAGGGAGCGGATACAT,0,3237686
recNp,0.3333333333333333,2,2,GCAGCGACCGACTTCGGTTG,0,3217670
recNp,0.3333333333333333,2,2,GCAGATACAACGATCATGTA,0,3247499
recNp,0.3333333333333333,2,2,GCACTGCGTCTCGAGTAGGT,0,3219479
recNp,0.3333333333333333,2,2,GCACGCCCCTATATAGTTTA,0,3252508
recNp,0.3333333333333333,2,2,GCAATGGCGTTACGGGCAGT,0,3236258
recNp,0.3333333333333333,2,2,GCAATAGCGATTTGTGTTTA,0,3250856
recNp,0.3333333333333333,2,2,GCAATACAACGGTTGTAGGG,0,3240884
recNp,0.3333333333333333,2,2,GCAAGAATCGTACTATTATC,0,3242119
recNp,0.3333333333333333,2,2,GCAACTCCAATCTCTCGTAA,0,3237656
recNp,0.3333333333333333,2,2,GCAAAACATCCCCGAGGTCC,0,3218335
recNp,0.3333333333333333,2,2,GATTTATTTAGACTTGCGAA,0,3225187
recNp,0.3333333333333333,2,2,GATTTAGGTTGAGCTGCCAC,0,3245979
recNp,0.3333333333333333,2,2,GATTCTGGGAGTTTTGCTGT,0,3224359
recNp,0.3333333333333333,2,2,GATTCAAATACACTATTGCC,0,3253997
recNp,0.3333333333333333,2,2,GATTATTATCGGGCACCCTT,0,3243344
recNp,0.3333333333333333,2,2,GATTAGGGCGGACCTGAGGG,0,3229296
recNp,0.3333333333333333,2,2,GATGTCGCCTGTTATGGCCT,0,3240463
recNp,0.3333333333333333,2,2,GATGGTCACTGGGGATACGG,0,3243718
recNp,0.3333333333333333,2,2,GATGGCTGTGGTCTTTATGA,0,3217482
recNp,0.3333333333333333,2,2,GATGCCAGTGGCAACGGTGG,0,3249464
recNp,0.3333333333333333,2,2,GATGAACACGACTGTGTTCG,0,3221470
recNp,0.3333333333333333,2,2,GATCGAAGTCGTTCTTTTCC,0,3237807
recNp,0.3333333333333333,2,2,GATATTTTTGACTCGTTCGA,0,3249204
recNp,0.3333333333333333,2,2,GATATGTATATAAAGGACAC,0,3241795
recNp,0.3333333333333333,2,2,GATATGCATGTTCCAGCCCT,0,3249702
recNp,0.3333333333333333,2,2,GATATACTTTGTGATTCTGT,0,3252879
recNp,0.3333333333333333,2,2,GATACTTACAGGGATTGCGT,0,3239373
recNp,0.3333333333333333,2,2,GATACCTACCCTCGCGCACC,0,3254954
recNp,0.3333333333333333,2,2,GATACCCGCACCGTTTTTTT,0,3249545
recNp,0.3333333333333333,2,2,GATAATCTAGTATACGCCAT,0,3248929
recNp,0.3333333333333333,2,2,GAGTTTCTGTGATCGCACCA,0,3251928
recNp,0.3333333333333333,2,2,GAGTTAGATGGGGACCATTA,0,3249797
recNp,0.3333333333333333,2,2,GAGTTACTCAATAGAACACC,0,3236998
recNp,0.3333333333333333,2,2,GAGTGCTAGTTCAGATTGTG,0,3246737
recNp,0.3333333333333333,2,2,GAGTGCCTAACGCCACCCAA,0,3220077
recNp,0.3333333333333333,2,2,GAGTCGGCGATCGGCGGCTT,0,3255035
recNp,0.3333333333333333,2,2,GAGTCCGGTGAGGAATTGTC,0,3225732
recNp,0.3333333333333333,2,2,GAGTCCCGAGGATCAGGGTG,0,3248864
recNp,0.3333333333333333,2,2,GAGTCCATGCGACACCGGGT,0,3253177
recNp,0.3333333333333333,2,2,GAGTAGTTGCGCATACGATC,0,3252791
recNp,0.3333333333333333,2,2,GAGGTCTAGCCGCCTTTTCA,0,3251871
recNp,0.3333333333333333,2,2,GAGGTCCTCTCTCAAAACGT,0,3217802
recNp,0.3333333333333333,2,2,GAGGGGTGTGTCGCTATCCA,0,3216634
recNp,0.3333333333333333,2,2,GAGGGGGCAAACACGTCAAC,0,3238450
recNp,0.3333333333333333,2,2,GAGGGCACTGCATCAGTGAC,0,3219316
recNp,0.3333333333333333,2,2,GAGGGACGTTGATACCGGGT,0,3244270
recNp,0.3333333333333333,2,2,GAGGCCTCACTGCATAAGAC,0,3228897
recNp,0.3333333333333333,2,2,GAGCTGGAGGAAATGGAGAC,0,3247282
recNp,0.3333333333333333,2,2,GAGCTACCAGAGCGGAGGCG,0,3247769
recNp,0.3333333333333333,2,2,GAGCGGACTCTAGTCCTTAT,0,3234072
recNp,0.3333333333333333,2,2,GAGCGCCGAAATCCACAGCG,0,3231585
recNp,0.3333333333333333,2,2,GAGCGAGTCCTGTCAATAGT,0,3243022
recNp,0.3333333333333333,2,2,GAGCCCGGTACCTTATTGAA,0,3255945
recNp,0.3333333333333333,2,2,GAGCCCCTGCCGACGTTTGT,0,3238969
recNp,0.3333333333333333,2,2,GAGCAGTAGCATGTACGCCT,0,3247961
recNp,0.3333333333333333,2,2,GAGAGGCTGTGGACCAGGTT,0,3237639
recNp,0.3333333333333333,2,2,GAGAGCGTGAGAATCACTGC,0,3237471
recNp,0.3333333333333333,2,2,GAGACGGGTGCCAATCCTGG,0,3225889
recNp,0.3333333333333333,2,2,GAGACGGCATTTTCATTAGG,0,3216420
recNp,0.3333333333333333,2,2,GAGACCTCTTACGCGCGTGC,0,3227720
recNp,0.3333333333333333,2,2,GACTTCGTGAGCGAGACGAG,0,3235562
recNp,0.3333333333333333,2,2,GACTTATTTGCTTGTACGGT,0,3232293
recNp,0.3333333333333333,2,2,GACTCCGCCACTAACTGCAG,0,3227175
recNp,0.3333333333333333,2,2,GACTAGCTTTATGCACCATC,0,3225616
recNp,0.3333333333333333,2,2,GACGGCCCTACCGTCTTCCG,0,3236111
recNp,0.3333333333333333,2,2,GACGGCATATGCCGAGGCAT,0,3226661
recNp,0.3333333333333333,2,2,GACGGAACAATTTATAAACA,0,3217822
recNp,0.3333333333333333,2,2,GACCGGTGCTTTAAAGAAGC,0,3236474
recNp,0.3333333333333333,2,2,GACATGGGAGTTGTTTAGGT,0,3238257
recNp,0.3333333333333333,2,2,GACATGAACTCAAGGCGATG,0,3221657
recNp,0.3333333333333333,2,2,GACACGGGTGGCATACAGGC,0,3230281
recNp,0.3333333333333333,2,2,GAATTTTTACAAGCGGTCGT,0,3246319
recNp,0.3333333333333333,2,2,GAATTGATTACAGGCGCACT,0,3255177
recNp,0.3333333333333333,2,2,GAATTCATCACGTTCCCCGA,0,3221409
recNp,0.3333333333333333,2,2,GAATGTATTACAGCAGATCG,0,3248322
recNp,0.3333333333333333,2,2,GAATCGGCACATACCGCGCA,0,3228856
recNp,0.3333333333333333,2,2,GAATAGGCCATTTTTTCTGT,0,3238259
recNp,0.3333333333333333,2,2,GAATAACTGACTCAGAGATG,0,3239302
recNp,0.3333333333333333,2,2,GAAGTGTGCATTGATCTACT,0,3239963
recNp,0.3333333333333333,2,2,GAAGGTGGACTCGCCCTTGA,0,3238832
recNp,0.3333333333333333,2,2,GAAGCGGTGATCGATGTTCC,0,3252162
recNp,0.3333333333333333,2,2,GAAGCCTGGGCGGCCTTATA,0,3225571
recNp,0.3333333333333333,2,2,GAAGCACGATCGTGACGTAA,0,3235193
recNp,0.3333333333333333,2,2,GAAGATTCCCATACATGATT,0,3216245
recNp,0.3333333333333333,2,2,GAAGACTGCCAGGCAACCGA,0,3234574
recNp,0.3333333333333333,2,2,GAACTTGTGTGATATGGCGA,0,3231160
recNp,0.3333333333333333,2,2,GAACGGCTCATCCGTACAGA,0,3238294
recNp,0.3333333333333333,2,2,GAACGAACCTGGATTCCGAA,0,3227800
recNp,0.3333333333333333,2,2,GAAATTAGACTCTAGAAGCG,0,3218085
recNp,0.3333333333333333,2,2,GAAATGCATGTGCCAAGGCT,0,3230216
recNp,0.3333333333333333,2,2,GAAATCCTACAAACTGTGGG,0,3235371
recNp,0.3333333333333333,2,2,GAAATAAAGCTGAAGTTTCA,0,3236034
recNp,0.3333333333333333,2,2,GAAAGTACAGCCCGCGAAAT,0,3225921
recNp,0.3333333333333333,2,2,GAAAGAAATCTCCTGTCAAC,0,3225555
recNp,0.3333333333333333,2,2,GAAACCCTGGTTGAATCCGC,0,3239685
recNp,0.3333333333333333,2,2,GAAAAGAGACTCTAGGCGAT,0,3221628
recNp,0.3333333333333333,2,2,GAAAAGACAGCTATTGAGAT,0,3230120
recNp,0.3333333333333333,2,2,CTTTTGTCACACGGCCCTTT,0,3254679
recNp,0.3333333333333333,2,2,CTTTTCAGCGAGTATACGTG,0,3228824
recNp,0.3333333333333333,2,2,CTTTTACCACTATGTACGGT,0,3244647
recNp,0.3333333333333333,2,2,CTTTGCCGAAATTTAGTGTC,0,3230591
recNp,0.3333333333333333,2,2,CTTTCGTTATGCTACCCTCT,0,3222465
recNp,0.3333333333333333,2,2,CTTTCGTTAGTACTAGCTAC,0,3237130
recNp,0.3333333333333333,2,2,CTTTCGTAAATGAGTATAAC,0,3227698
recNp,0.3333333333333333,2,2,CTTTCGCCCTACACGTCTGT,0,3241949
recNp,0.3333333333333333,2,2,CTTTATGCGCCATCTCATCC,0,3234471
recNp,0.3333333333333333,2,2,CTTTACTCGTCATGTTGGGA,0,3219764
recNp,0.3333333333333333,2,2,CTTTACCGAGAGGGTGCATT,0,3241620
recNp,0.3333333333333333,2,2,CTTGTGCCTACTTGGGAGAG,0,3251737
recNp,0.3333333333333333,2,2,CTTGCACCTCACGACGGTAT,0,3226955
recNp,0.3333333333333333,2,2,CTTGAGATGAGAATACCGTG,0,3222176
recNp,0.3333333333333333,2,2,CTTCTTTACCTGCTAATATT,0,3237777
recNp,0.3333333333333333,2,2,CTTCTTGACGTAAGACATAA,0,3228685
recNp,0.3333333333333333,2,2,CTTCTCACTATGAACGCTGA,0,3227227
recNp,0.3333333333333333,2,2,CTTCTCACCAGCGGTTCCGT,0,3244276
recNp,0.3333333333333333,2,2,CTTCTACTAGAAGGTTCACT,0,3235046
recNp,0.3333333333333333,2,2,CTTCGGTCCTCCCGGCAATT,0,3233872
recNp,0.3333333333333333,2,2,CTTCGGGCAGGTTTTTGAGC,0,3245335
recNp,0.3333333333333333,2,2,CTTCGAATGCGCCGGAATCG,0,3243855
recNp,0.3333333333333333,2,2,CTTCCAACACGGACATTCTA,0,3223027
recNp,0.3333333333333333,2,2,CTTCAGCGATAGAACATCTA,0,3250396
recNp,0.3333333333333333,2,2,CTTACCCGCGTATCTTGGAC,0,3246457
recNp,0.3333333333333333,2,2,CTTACACTCATCGAAAAAAT,0,3229163
recNp,0.3333333333333333,2,2,CTTACACGAGCTGTCAATAG,0,3246192
recNp,0.3333333333333333,2,2,CTGTTCTGATCGTTCTGTAC,0,3226881
recNp,0.3333333333333333,2,2,CTGTTATTGACCAACAGAAT,0,3218868
recNp,0.3333333333333333,2,2,CTGGTAGTAATTTCTGGCGA,0,3236535
recNp,0.3333333333333333,2,2,CTGGGTCCATAACGAGTTGG,0,3245392
recNp,0.3333333333333333,2,2,CTGGCATCGGGTCATGGAAG,0,3251849
recNp,0.3333333333333333,2,2,CTGCTCCGGAGCGACCATAC,0,3252543
recNp,0.3333333333333333,2,2,CTGCTCCACAAGCACGCATA,0,3237585
recNp,0.3333333333333333,2,2,CTGCTAACATCATGTCGGAT,0,3232882
recNp,0.3333333333333333,2,2,CTGCGTCCTCTTAACCTCTA,0,3228688
recNp,0.3333333333333333,2,2,CTGCGGGGGAGGTGTGCTAG,0,3240318
recNp,0.3333333333333333,2,2,CTGCGACTGAACCGGTGCAG,0,3220030
recNp,0.3333333333333333,2,2,CTGCAACCTCACGGGAAAAA,0,3222915
recNp,0.3333333333333333,2,2,CTGAGGTACTGGATCATCTC,0,3232656
recNp,0.3333333333333333,2,2,CTGACGGTTGAGTCTCCTGT,0,3238362
recNp,0.3333333333333333,2,2,CTGACGCCTTTCGCATGATG,0,3219313
recNp,0.3333333333333333,2,2,CTCTGGTGTCTGACCGAGTT,0,3243842
recNp,0.3333333333333333,2,2,CTCTGCCATGCGTCATCCGG,0,3232735
recNp,0.3333333333333333,2,2,CTCTCGGTTATATCCCCTAA,0,3238085
recNp,0.3333333333333333,2,2,CTCTATGACCCCCACATTCT,0,3231831
recNp,0.3333333333333333,2,2,CTCTAAGAACACTGAGCGTC,0,3232663
recNp,0.3333333333333333,2,2,CTCGTCAGGAACCACTACTA,0,3218369
recNp,0.3333333333333333,2,2,CTCGGTGTCGAAGCGATGGC,0,3242626
recNp,0.3333333333333333,2,2,CTCGGTGGCGGAGACTCCCC,0,3228901
recNp,0.3333333333333333,2,2,CTCGGGCGCCTTGTTATATC,0,3217417
recNp,0.3333333333333333,2,2,CTCGACGTACCCTTAACAGC,0,3227099
recNp,0.3333333333333333,2,2,CTCGACAGTAAGCTAACTGG,0,3219797
recNp,0.3333333333333333,2,2,CTCCTCATCTTCAGAAAATC,0,3247068
recNp,0.3333333333333333,2,2,CTCCTAACATAAGGCAACGC,0,3247015
recNp,0.3333333333333333,2,2,CTCCCAGTTCGTTGGCCCGA,0,3221820
recNp,0.3333333333333333,2,2,CTCCCAAACTTAATGACAAA,0,3241621
recNp,0.3333333333333333,2,2,CTCCACTTTTTAGTTCAGCA,0,3250177
recNp,0.3333333333333333,2,2,CTCATCACAGTCATGCTCCA,0,3240544
recNp,0.3333333333333333,2,2,CTCAGTCACCATTAAAGGCA,0,3253389
recNp,0.3333333333333333,2,2,CTCACCGTGAAGTCTTACCA,0,3241537
recNp,0.3333333333333333,2,2,CTCAATTTGCATTACCTACA,0,3230575
recNp,0.3333333333333333,2,2,CTCAACTACTTAAACGGGCT,0,3219128
recNp,0.3333333333333333,2,2,CTATTTACTTAGGGGTGCGT,0,3235489
recNp,0.3333333333333333,2,2,CTATTGCACGGGTACGTGTC,0,3231956
recNp,0.3333333333333333,2,2,CTATTGAAATAATTGCCCGA,0,3250446
recNp,0.3333333333333333,2,2,CTATGGGTATGGGTAAAACA,0,3217128
recNp,0.3333333333333333,2,2,CTATGCAGGAATCGCGCTTA,0,3216423
recNp,0.3333333333333333,2,2,CTATCTGATTTAACCACGGT,0,3232866
recNp,0.3333333333333333,2,2,CTATATGCCCTCTGATGCCA,0,3226942
recNp,0.3333333333333333,2,2,CTATAATGTGTCAGTTATAG,0,3219514
recNp,0.3333333333333333,2,2,CTAGTGATGGCATAAGCCCA,0,3247288
recNp,0.3333333333333333,2,2,CTAGTACACGAGGCAAAGGG,0,3246559
recNp,0.3333333333333333,2,2,CTAGCGCGAGTCTCGTTCTG,0,3241761
recNp,0.3333333333333333,2,2,CTAGAATACAGGCTGTATAT,0,3222764
recNp,0.3333333333333333,2,2,CTACTGCGTGCTAGAGATAT,0,3254728
recNp,0.3333333333333333,2,2,CTACGGAGAAGGAGGTGGGT,0,3232160
recNp,0.3333333333333333,2,2,CTACGCGAGTTGCCTGACCG,0,3246887
recNp,0.3333333333333333,2,2,CTACGCAGTACAATAGGCCC,0,3234151
recNp,0.3333333333333333,2,2,CTACGAATGAATATCTAGTC,0,3235910
recNp,0.3333333333333333,2,2,CTACCTTTGACTGCGGTCCA,0,3225846
recNp,0.3333333333333333,2,2,CTACATCTATGAAGAATCTT,0,3249717
recNp,0.3333333333333333,2,2,CTACAGCTAAACTCTGAGAC,0,3228650
recNp,0.3333333333333333,2,2,CTACAGAGATGTGGCCAGCA,0,3247863
recNp,0.3333333333333333,2,2,CTAAATATAAATGGTCTACA,0,3231529
recNp,0.3333333333333333,2,2,CGTTTCATTTCCAATATCTA,0,3238355
recNp,0.3333333333333333,2,2,CGTTGCCGGAGGTACGGTGG,0,3232197
recNp,0.3333333333333333,2,2,CGTTCGACGGGGCTTTGTAA,0,3224175
recNp,0.3333333333333333,2,2,CGTTATTAACTACTTCAATC,0,3237005
recNp,0.3333333333333333,2,2,CGTTAAAGTACTTAGAAGGG,0,3246721
recNp,0.3333333333333333,2,2,CGTGTGTCGCTCTCGGCGTC,0,3226646
recNp,0.3333333333333333,2,2,CGTGGCCTCTTACATGTTCG,0,3218577
recNp,0.3333333333333333,2,2,CGTGGCATAACCTCTATGGC,0,3252862
recNp,0.3333333333333333,2,2,CGTGCGAGCCATCCTGGGGC,0,3240489
recNp,0.3333333333333333,2,2,CGTGAGCGGTAGAAAGCAGG,0,3241442
recNp,0.3333333333333333,2,2,CGTCGCTTTCCTTAATGCTC,0,3241691
recNp,0.3333333333333333,2,2,CGTCGAGGGAACCCAGGTCT,0,3230821
recNp,0.3333333333333333,2,2,CGTCCCAGGCAATGACGCAA,0,3250161
recNp,0.3333333333333333,2,2,CGTCCAAGCTTTTGACAAGA,0,3250983
recNp,0.3333333333333333,2,2,CGTATTAAAGGGTGTGCGAG,0,3253553
recNp,0.3333333333333333,2,2,CGTAGTTGAATAGGGGCGAT,0,3241708
recNp,0.3333333333333333,2,2,CGTAGAATACGTCACTGCGT,0,3244670
recNp,0.3333333333333333,2,2,CGTACTCTGCTGCGATTTAA,0,3242513
recNp,0.3333333333333333,2,2,CGTACCACTAGGAAAAGGGT,0,3240557
recNp,0.3333333333333333,2,2,CGTAAGTTTAAAGCCCATCA,0,3233144
recNp,0.3333333333333333,2,2,CGGTTGCAGACTCGCTAGGA,0,3218083
recNp,0.3333333333333333,2,2,CGGTGATCAGACCATTCCAT,0,3248113
recNp,0.3333333333333333,2,2,CGGTGATATGGGGTAGAGCC,0,3234058
recNp,0.3333333333333333,2,2,CGGGTGAGTCACTCCTTCCC,0,3251859
recNp,0.3333333333333333,2,2,CGGGGGCACTCATCAGGTTT,0,3236075
recNp,0.3333333333333333,2,2,CGGGGGATCGCCCGCTATTA,0,3232560
recNp,0.3333333333333333,2,2,CGGGGGAAACATAGGTTATA,0,3219188
recNp,0.3333333333333333,2,2,CGGGCTTTCGCGTTCGCCTG,0,3233503
recNp,0.3333333333333333,2,2,CGGGCCATCAATTGGATTTA,0,3226290
recNp,0.3333333333333333,2,2,CGGGACACCCCCTCCCAGGT,0,3223792
recNp,0.3333333333333333,2,2,CGGCTTCTAGTACGCGATCG,0,3247895
recNp,0.3333333333333333,2,2,CGGCTCATCGTCAATCGGCC,0,3254559
recNp,0.3333333333333333,2,2,CGGCGTTTAGCGTCGATTGT,0,3222713
recNp,0.3333333333333333,2,2,CGGCGGAAGCCAATGCTGAT,0,3230666
recNp,0.3333333333333333,2,2,CGGCATCAGCTACTTCCGTG,0,3221493
recNp,0.3333333333333333,2,2,CGGCAGCGAATAGAGAACGT,0,3236153
recNp,0.3333333333333333,2,2,CGGCACGATGAGAACGGAAC,0,3231467
recNp,0.3333333333333333,2,2,CGGCAATGCAGGAGAGACTC,0,3236830
recNp,0.3333333333333333,2,2,CGGAGGCAAGATTTCGGTTG,0,3221471
recNp,0.3333333333333333,2,2,CGGACTTCGGAGAACAGGGG,0,3220910
recNp,0.3333333333333333,2,2,CGGACTGTGTTTCACCTGTT,0,3221077
recNp,0.3333333333333333,2,2,CGCTTTTTGTCTTAACCAGC,0,3252810
recNp,0.3333333333333333,2,2,CGCTGGACGTCAGTTGGAGA,0,3231493
recNp,0.3333333333333333,2,2,CGCTAGGACAGAAATCATGT,0,3255964
recNp,0.3333333333333333,2,2,CGCTAAGCCTCTTGTGCAGT,0,3246478
recNp,0.3333333333333333,2,2,CGCGTATTTGACAGGCGGCC,0,3238618
recNp,0.3333333333333333,2,2,CGCGGCCACAAGCTGGATCG,0,3251827
recNp,0.3333333333333333,2,2,CGCGGCAAGGTACTCCTTCG,0,3229279
recNp,0.3333333333333333,2,2,CGCGCGGGCCAGCACAGTTC,0,3238840
recNp,0.3333333333333333,2,2,CGCGACCGGTCCGTCCAGAT,0,3250432
recNp,0.3333333333333333,2,2,CGCGAATACTTATTAGTTCC,0,3242610
recNp,0.3333333333333333,2,2,CGCCTTTAGGGGGAGTAACG,0,3226101
recNp,0.3333333333333333,2,2,CGCCGCCTAATCCTGTTGTA,0,3250590
recNp,0.3333333333333333,2,2,CGCCGCCGTGACTGTAAGAA,0,3240558
recNp,0.3333333333333333,2,2,CGCCCATTGGTTAGTGCCTT,0,3247976
recNp,0.3333333333333333,2,2,CGCCAGACGGCCCCGTCGTA,0,3248904
recNp,0.3333333333333333,2,2,CGCAGTTCCACGACAAAGCC,0,3231893
recNp,0.3333333333333333,2,2,CGCAGACAGCATAATTCTGG,0,3230290
recNp,0.3333333333333333,2,2,CGCAGAACAGACAAGACTGA,0,3224083
recNp,0.3333333333333333,2,2,CGCACTGAGGGGCAGCCGAG,0,3255929
recNp,0.3333333333333333,2,2,CGCACAAAGGGTCGTCGGGC,0,3222916
recNp,0.3333333333333333,2,2,CGATTCCGTCTTTGCACTGT,0,3246454
recNp,0.3333333333333333,2,2,CGATGTTCCAAGTATTTCGT,0,3229412
recNp,0.3333333333333333,2,2,CGATGGAGGCCACCACCCAA,0,3241215
recNp,0.3333333333333333,2,2,CGATGAAGCGACCTGACGGC,0,3242091
recNp,0.3333333333333333,2,2,CGATCTACTCCTAGCAAGTT,0,3248216
recNp,0.3333333333333333,2,2,CGATATGTTATGGGTTACGC,0,3245907
recNp,0.3333333333333333,2,2,CGATAGTAACCATAAGTAAA,0,3255466
recNp,0.3333333333333333,2,2,CGAGTATTCATAATCCAGCG,0,3248534
recNp,0.3333333333333333,2,2,CGAGATAGTGTCTGCACCTA,0,3217283
recNp,0.3333333333333333,2,2,CGAGACAGTTCCATGAGTTT,0,3218347
recNp,0.3333333333333333,2,2,CGAGAAAAAAATCCCGATTT,0,3225524
recNp,0.3333333333333333,2,2,CGACGTAGGTCGATTCTTGG,0,3224074
recNp,0.3333333333333333,2,2,CGACACCACCCCTGAGAGAA,0,3241310
recNp,0.3333333333333333,2,2,CGAATGCCCTGCATATCGAG,0,3250237
recNp,0.3333333333333333,2,2,CGAAGTCATACAAGTCAGGG,0,3244834
recNp,0.3333333333333333,2,2,CGAACTTCCGGCAGCAGGGT,0,3244712
recNp,0.3333333333333333,2,2,CGAACTTAAAAAGTGTCTCC,0,3247893
recNp,0.3333333333333333,2,2,CGAACTCATTGCCAGTCGAA,0,3228061
recNp,0.3333333333333333,2,2,CGAAAGACCCTCAGTTTCAA,0,3221165
recNp,0.3333333333333333,2,2,CGAAACGGCCTTTGAGCGTT,0,3244408
recNp,0.3333333333333333,2,2,CCTTGTAATATAGGGTGCAT,0,3229238
recNp,0.3333333333333333,2,2,CCTTCCGGGTCTGTGACCCC,0,3231650
recNp,0.3333333333333333,2,2,CCTGTTTAGCTATGGCTTCC,0,3226215
recNp,0.3333333333333333,2,2,CCTGTTCCGACGACATTCCT,0,3241720
recNp,0.3333333333333333,2,2,CCTGTTAAACCGTTTCTCAT,0,3250552
recNp,0.3333333333333333,2,2,CCTGTGCAGAAGTTCGCTTA,0,3217964
recNp,0.3333333333333333,2,2,CCTGTCCCAGGGCCCAATAC,0,3234593
recNp,0.3333333333333333,2,2,CCTGTAGCAAGTCTAAAATA,0,3253310
recNp,0.3333333333333333,2,2,CCTGGTGGTTCGTCAAAAAT,0,3252244
recNp,0.3333333333333333,2,2,CCTGGTGCACTTCCAGTTAA,0,3249206
recNp,0.3333333333333333,2,2,CCTGAGAAAAAGATGTAACG,0,3216419
recNp,0.3333333333333333,2,2,CCTCTTGACTTGATTCTGAT,0,3223526
recNp,0.3333333333333333,2,2,CCTCTAATCGACACCCGCCA,0,3225020
recNp,0.3333333333333333,2,2,CCTCGTCCAATGCTTGGGAC,0,3252511
recNp,0.3333333333333333,2,2,CCTCGATCTCCGGACGTGGT,0,3238438
recNp,0.3333333333333333,2,2,CCTCCGCTCCCTGGTCTAGA,0,3235042
recNp,0.3333333333333333,2,2,CCTCCGACCTCAGTCGAAAG,0,3241664
recNp,0.3333333333333333,2,2,CCTCAGTAAGGGCCTGACCC,0,3216583
recNp,0.3333333333333333,2,2,CCTCAGATGTCGTTAAGGGG,0,3226005
recNp,0.3333333333333333,2,2,CCTCAACCCACGGTCGTCTG,0,3228770
recNp,0.3333333333333333,2,2,CCTCAAATAGGACCTTCGCT,0,3231066
recNp,0.3333333333333333,2,2,CCTCAAAGGGCGCAATTGCA,0,3240431
recNp,0.3333333333333333,2,2,CCTATCGGGGTTAAGTGCTC,0,3241092
recNp,0.3333333333333333,2,2,CCTACTCGACACCATCGGAT,0,3238948
recNp,0.3333333333333333,2,2,CCTACAATATTGGTCTTCTT,0,3227458
recNp,0.3333333333333333,2,2,CCGTTTGGTTTCTGGCGTTG,0,3254346
recNp,0.3333333333333333,2,2,CCGTGCCTTGACAGTTTCAT,0,3243037
recNp,0.3333333333333333,2,2,CCGTCGGTTCGATGCTGAAG,0,3227335
recNp,0.3333333333333333,2,2,CCGTCGCTCGTGTCCACAGG,0,3218063
recNp,0.3333333333333333,2,2,CCGTACAATCAGGCGCCCTA,0,3219240
recNp,0.3333333333333333,2,2,CCGGTGGTGTGAATGAATAA,0,3231311
recNp,0.3333333333333333,2,2,CCGGTGGAGGGAGATCAGTC,0,3232878
recNp,0.3333333333333333,2,2,CCGGTGCCGATCCATTTGTT,0,3225854
recNp,0.3333333333333333,2,2,CCGGTCAATTATGTCGTATC,0,3246268
recNp,0.3333333333333333,2,2,CCGGTCAAGGCACGTGCTTG,0,3217351
recNp,0.3333333333333333,2,2,CCGGGTAGATAGCCATAACA,0,3224689
recNp,0.3333333333333333,2,2,CCGGCCACTGTTTGACTAGA,0,3249548
recNp,0.3333333333333333,2,2,CCGGCATAACGGTACGTTGT,0,3225250
recNp,0.3333333333333333,2,2,CCGGAGGGTCATAAACTTTT,0,3248104
recNp,0.3333333333333333,2,2,CCGGAAATGTCACACAGTTG,0,3217375
recNp,0.3333333333333333,2,2,CCGGAAAGTGCACCTTTTGC,0,3221468
recNp,0.3333333333333333,2,2,CCGCTCGAATTGGGGCAAAA,0,3243961
recNp,0.3333333333333333,2,2,CCGCGTGACTCCGGGACGAT,0,3237155
recNp,0.3333333333333333,2,2,CCGCCTCGACTCAATACGCG,0,3239168
recNp,0.3333333333333333,2,2,CCGCCCAACACGTACAACGG,0,3221415
recNp,0.3333333333333333,2,2,CCGCCATTGCAAAGATTAAA,0,3248828
recNp,0.3333333333333333,2,2,CCGCACCCCACTCTCCTTGG,0,3237109
recNp,0.3333333333333333,2,2,CCGCACAACGTCCGGGGGCT,0,3232883
recNp,0.3333333333333333,2,2,CCGATTCCGTTCCCAATGGT,0,3232056
recNp,0.3333333333333333,2,2,CCGATCGTAAGACGGAGGTC,0,3249115
recNp,0.3333333333333333,2,2,CCGATAAGGTGCCACAGGTC,0,3247416
recNp,0.3333333333333333,2,2,CCCTTCGGAAAAAAGGGTGG,0,3230867
recNp,0.3333333333333333,2,2,CCCTATCTTTCAATTCTTAA,0,3247728
recNp,0.3333333333333333,2,2,CCCTAGATAGTGGGGCAGCA,0,3249710
recNp,0.3333333333333333,2,2,CCCTAATACCCCTTAGCTCA,0,3221110
recNp,0.3333333333333333,2,2,CCCTAAGAGTCAAAGCACTT,0,3236391
recNp,0.3333333333333333,2,2,CCCGTGTGCTGCGAGGAGAT,0,3235863
recNp,0.3333333333333333,2,2,CCCGTATCGTGTGCGAGGCA,0,3248983
recNp,0.3333333333333333,2,2,CCCGCTGCACTCCTAAACTG,0,3216775
recNp,0.3333333333333333,2,2,CCCGCTCTGTCCCAGCACGA,0,3246060
recNp,0.3333333333333333,2,2,CCCCGGGGTCGAAGTGCCAC,0,3253283
recNp,0.3333333333333333,2,2,CCCCGCCCACCTACAAGTGC,0,3250249
recNp,0.3333333333333333,2,2,CCCCATTGGCTTCGAACTCC,0,3231224
recNp,0.3333333333333333,2,2,CCCCAGCCTTCAAGAGTGAG,0,3234797
recNp,0.3333333333333333,2,2,CCCCAAGCGCACTGGGAAGA,0,3238535
recNp,0.3333333333333333,2,2,CCCATATACGGGTCTAATTG,0,3225494
recNp,0.3333333333333333,2,2,CCCAGGTCTAAAGGAAGTAA,0,3255934
recNp,0.3333333333333333,2,2,CCCACCTCGTACAACAGCAT,0,3244060
recNp,0.3333333333333333,2,2,CCCACAGGCAGTGTAGACGG,0,3254770
recNp,0.3333333333333333,2,2,CCATTTTAGGTAGTAGGAAA,0,3217455
recNp,0.3333333333333333,2,2,CCATTGCACGTACATTACTC,0,3220486
recNp,0.3333333333333333,2,2,CCATTCCCGAGAGTTCACGA,0,3234062
recNp,0.3333333333333333,2,2,CCAGTATGTGATGTAAGGAG,0,3221619
recNp,0.3333333333333333,2,2,CCAGTACTATGGCTCGACAA,0,3218366
recNp,0.3333333333333333,2,2,CCAGGGGCGTCCGAAGGGGC,0,3245563
recNp,0.3333333333333333,2,2,CCAGCGTGCTACCTATTAAG,0,3221403
recNp,0.3333333333333333,2,2,CCACGCATATTTGGGAATCC,0,3222943
recNp,0.3333333333333333,2,2,CCACGACAGGCATCCAGGAA,0,3251194
recNp,0.3333333333333333,2,2,CCACCTATAAGGAGAACCTA,0,3239433
recNp,0.3333333333333333,2,2,CCACAAGCCATGAAACCCAC,0,3254719
recNp,0.3333333333333333,2,2,CCACAACCAACTCTATAGGT,0,3247291
recNp,0.3333333333333333,2,2,CCAATGACGTCACGCCCCCT,0,3244362
recNp,0.3333333333333333,2,2,CCAAGGAGCTCACTATCACA,0,3241443
recNp,0.3333333333333333,2,2,CCAAGCCCTCTACAGAGGGT,0,3248709
recNp,0.3333333333333333,2,2,CCAACACACTAAGATCTCTA,0,3251085
recNp,0.3333333333333333,2,2,CATTGCTAGCGGATCAGCGA,0,3219547
recNp,0.3333333333333333,2,2,CATTGATGGTAAAGGCGGAT,0,3220014
recNp,0.3333333333333333,2,2,CATTACACTGGGATAGGCCG,0,3223194
recNp,0.3333333333333333,2,2,CATGTTCAGTTTTGTAGGTA,0,3244357
recNp,0.3333333333333333,2,2,CATGACTGCTGTCAGTCAGT,0,3225295
recNp,0.3333333333333333,2,2,CATGACGCCTAGCTAGTTGC,0,3250904
recNp,0.3333333333333333,2,2,CATGACAAGTCGTGACGCCT,0,3234409
recNp,0.3333333333333333,2,2,CATCTGCTATGCGCGGGGTA,0,3219937
recNp,0.3333333333333333,2,2,CATCGCAACGGAATTAGATG,0,3250499
recNp,0.3333333333333333,2,2,CATCCGTTCCGGTCTGGTTG,0,3248073
recNp,0.3333333333333333,2,2,CATCCGTAGCCATGACCATC,0,3252126
recNp,0.3333333333333333,2,2,CATCCGCGCCGGCGCTGTCT,0,3233147
recNp,0.3333333333333333,2,2,CATCATGCACGCTAGTCTTA,0,3240222
recNp,0.3333333333333333,2,2,CATCACGGTTTGTACGTGCC,0,3252306
recNp,0.3333333333333333,2,2,CATAGGTTGCGCAATCCAAA,0,3220818
recNp,0.3333333333333333,2,2,CATAGGTACAAATATACGCA,0,3250284
recNp,0.3333333333333333,2,2,CATACTACTTTTAGGGACTA,0,3230025
recNp,0.3333333333333333,2,2,CATACATTCGATCCCGAGCT,0,3240988
recNp,0.3333333333333333,2,2,CATAATTGCCATCATATTAT,0,3220960
recNp,0.3333333333333333,2,2,CATAACGTGTCATATGCGCA,0,3225107
recNp,0.3333333333333333,2,2,CAGTTCAGGTCTTAGTGTAA,0,3253540
recNp,0.3333333333333333,2,2,CAGGTATCAAAAAGCTGCGG,0,3237778
recNp,0.3333333333333333,2,2,CAGGTAAGCGCGTTTACTTG,0,3243457
recNp,0.3333333333333333,2,2,CAGGGGTTATTTGTGAAATT,0,3224542
recNp,0.3333333333333333,2,2,CAGGGATTATTACTCAATTC,0,3250188
recNp,0.3333333333333333,2,2,CAGGATAAGATGACCGCTAT,0,3230803
recNp,0.3333333333333333,2,2,CAGGAACGCAAGCGCACCGG,0,3254545
recNp,0.3333333333333333,2,2,CAGCTCCTTTGCATTAAAAA,0,3246336
recNp,0.3333333333333333,2,2,CAGCCTCGCTATAATCCTAC,0,3218681
recNp,0.3333333333333333,2,2,CAGCCGCATGAAATTGAGAA,0,3218371
recNp,0.3333333333333333,2,2,CAGCAAGCACGCAGATTTAC,0,3220659
recNp,0.3333333333333333,2,2,CAGATCGTCTTAGTCACAGG,0,3221245
recNp,0.3333333333333333,2,2,CAGATACTGTAGGATACAAT,0,3256028
recNp,0.3333333333333333,2,2,CAGATACAGCACGACCGCGC,0,3233807
recNp,0.3333333333333333,2,2,CAGAGGATATGTCCGATGAC,0,3249060
recNp,0.3333333333333333,2,2,CAGACTTACCTTTCATGGCT,0,3253300
recNp,0.3333333333333333,2,2,CAGACTCTGCAGGTAGTCCT,0,3233636
recNp,0.3333333333333333,2,2,CACTAGCGCCACTCTACGCA,0,3221605
recNp,0.3333333333333333,2,2,CACGTGGGAGGAAGACGCCG,0,3240471
recNp,0.3333333333333333,2,2,CACGGGACTAATCTCTTTTG,0,3226637
recNp,0.3333333333333333,2,2,CACGACTATATTGACGCATC,0,3246504
recNp,0.3333333333333333,2,2,CACCTCAGGACATGCGCGCG,0,3224856
recNp,0.3333333333333333,2,2,CACCGTAGTGTGCGATGTTA,0,3243829
recNp,0.3333333333333333,2,2,CACCCCTATTTTGGGAAGTC,0,3218742
recNp,0.3333333333333333,2,2,CACATCGACGGCTGGTTCGA,0,3229818
recNp,0.3333333333333333,2,2,CACAACTACTCAATCTGCGG,0,3250372
recNp,0.3333333333333333,2,2,CAATGGGGAGATACCATGAC,0,3224814
recNp,0.3333333333333333,2,2,CAATGCAATTATTTAGCCCA,0,3230191
recNp,0.3333333333333333,2,2,CAATGAACATACACAGTGCG,0,3223097
recNp,0.3333333333333333,2,2,CAATCAAGATCAGAACTATC,0,3243848
recNp,0.3333333333333333,2,2,CAAGTGTGGTTTTCTGTCAC,0,3225910
recNp,0.3333333333333333,2,2,CAAGGTACGGAAGGTAAGTG,0,3224042
recNp,0.3333333333333333,2,2,CAAGATCATCGTTCATCGTT,0,3240237
recNp,0.3333333333333333,2,2,CAACTTTCAATCCGTCTACG,0,3216669
recNp,0.3333333333333333,2,2,CAACTGCAGTACCACGACTA,0,3232960
recNp,0.3333333333333333,2,2,CAACTAACAGATATAAAAGC,0,3243586
recNp,0.3333333333333333,2,2,CAACGGTGTGTCTGGATGAA,0,3230135
recNp,0.3333333333333333,2,2,CAACGACAAGGCAGTAACGT,0,3241004
recNp,0.3333333333333333,2,2,CAACCCCAGGACTCTAAGTG,0,3249012
recNp,0.3333333333333333,2,2,CAACATCTAAAGATGGGAGC,0,3244204
recNp,0.3333333333333333,2,2,CAAAGTCGTCGGGAATACTA,0,3234189
recNp,0.3333333333333333,2,2,CAAAGGCCCTTACGTTTTAT,0,3233916
recNp,0.3333333333333333,2,2,CAAACTCGTCTGGGAGGAGC,0,3221379
recNp,0.3333333333333333,2,2,CAAAAATCATGGAGTATTTG,0,3250055
recNp,0.3333333333333333,2,2,ATTTGTTTTAACTTTGTATC,0,3217300
recNp,0.3333333333333333,2,2,ATTTCCGGTCCTCGATATGT,0,3234657
recNp,0.3333333333333333,2,2,ATTGGTGCCTGTGGCGAGAG,0,3219825
recNp,0.3333333333333333,2,2,ATTGGATTGCAGTTCGTTGC,0,3236469
recNp,0.3333333333333333,2,2,ATTGCTGGGTATAATTTCAG,0,3234023
recNp,0.3333333333333333,2,2,ATTGCCCGACCCGGGCATCA,0,3249569
recNp,0.3333333333333333,2,2,ATTGCATACATTTGATCGTT,0,3245934
recNp,0.3333333333333333,2,2,ATTCAATACATATGCGAGAG,0,3242348
recNp,0.3333333333333333,2,2,ATTAGTACGCCTAGGATGAC,0,3216379
recNp,0.3333333333333333,2,2,ATTAGGCGGGGCCTTCGACA,0,3252008
recNp,0.3333333333333333,2,2,ATTAGCTTGTACGAGGGAAT,0,3222347
recNp,0.3333333333333333,2,2,ATTACCGCCCTACGCCAATG,0,3221045
recNp,0.3333333333333333,2,2,ATTAAACTAAAGCTTGTAAT,0,3232171
recNp,0.3333333333333333,2,2,ATGTTGGGACAAAGCGAATA,0,3245514
recNp,0.3333333333333333,2,2,ATGTTATATACACGGTCATG,0,3251104
recNp,0.3333333333333333,2,2,ATGTTAGTGGTTTGTAATAA,0,3221442
recNp,0.3333333333333333,2,2,ATGTGTACGAGTTATTACAG,0,3219655
recNp,0.3333333333333333,2,2,ATGTGATTGTAGATTCTCTA,0,3227662
recNp,0.3333333333333333,2,2,ATGTCAGACACACACGGCAC,0,3243621
recNp,0.3333333333333333,2,2,ATGTAGCCCGGAATATCAAC,0,3227699
recNp,0.3333333333333333,2,2,ATGGTGAGACCGTTTGGGCT,0,3232440
recNp,0.3333333333333333,2,2,ATGGGTTATTGTGCAAGGGG,0,3237588
recNp,0.3333333333333333,2,2,ATGGGGTGCCGGAGCCCGGC,0,3236039
recNp,0.3333333333333333,2,2,ATGGGAACATATGATATGGA,0,3249969
recNp,0.3333333333333333,2,2,ATGGCTAATCAGAGTCACGA,0,3246750
recNp,0.3333333333333333,2,2,ATGAGCAAGCTCTGTAACGC,0,3224126
recNp,0.3333333333333333,2,2,ATGACTAGACAGGTAGCATC,0,3250128
recNp,0.3333333333333333,2,2,ATGACCAGATGTAAACGTGT,0,3254195
recNp,0.3333333333333333,2,2,ATGAACCGTTCGATGGGCGG,0,3219553
recNp,0.3333333333333333,2,2,ATCTTTGTGATGAAGGAGAC,0,3249431
recNp,0.3333333333333333,2,2,ATCTTGGTGTGGCGACCAGG,0,3231653
recNp,0.3333333333333333,2,2,ATCTGCTGCATCATGTTCCT,0,3250697
recNp,0.3333333333333333,2,2,ATCTGCAAAATGCTGTATTC,0,3249816
recNp,0.3333333333333333,2,2,ATCTATGTGTGGCCTTTAGG,0,3250611
recNp,0.3333333333333333,2,2,ATCTACTCCAGAGGATGTGT,0,3218764
recNp,0.3333333333333333,2,2,ATCGTACGACGCGGAAGTGC,0,3223060
recNp,0.3333333333333333,2,2,ATCGGTTTTACCTGTGCACA,0,3252635
recNp,0.3333333333333333,2,2,ATCGAGTGATAGCACAGTTA,0,3222157
recNp,0.3333333333333333,2,2,ATCGAACAACATAGATAAAG,0,3253374
recNp,0.3333333333333333,2,2,ATCCTGGAGAACCCCCTTAT,0,3240833
recNp,0.3333333333333333,2,2,ATCCTCCCGGCCAGCAGTGA,0,3240452
recNp,0.3333333333333333,2,2,ATCCGTGCGTTATACCTGTT,0,3238192
recNp,0.3333333333333333,2,2,ATCCGGGTTGTTTCGAGTCC,0,3229068
recNp,0.3333333333333333,2,2,ATCCCGCGCTGGGGGGCGGA,0,3226983
recNp,0.3333333333333333,2,2,ATCCAGCACGCGTATGCGCT,0,3232324
recNp,0.3333333333333333,2,2,ATCAGCGCCCAGGATGTCAG,0,3225241
recNp,0.3333333333333333,2,2,ATCACGACTGTGTTGGACGT,0,3226264
recNp,0.3333333333333333,2,2,ATCAATTAGCTCCGTGCGGC,0,3234147
recNp,0.3333333333333333,2,2,ATATTGACGCAAGGCAGATC,0,3225534
recNp,0.3333333333333333,2,2,ATATTACCTTATAGACAAGA,0,3216510
recNp,0.3333333333333333,2,2,ATATCGTCTGCCATGCCGAA,0,3221680
recNp,0.3333333333333333,2,2,ATATCAGTCTCTTCGGTCAC,0,3236433
recNp,0.3333333333333333,2,2,ATATAGTATGCATTACGATA,0,3243043
recNp,0.3333333333333333,2,2,ATATAGCCGTGCGATTTAGA,0,3241498
recNp,0.3333333333333333,2,2,ATAGTTGGGTCTACCAGAGA,0,3234676
recNp,0.3333333333333333,2,2,ATAGTCACAAAGCGCGTGAT,0,3245109
recNp,0.3333333333333333,2,2,ATAGTCAAAACGGGGTGTCA,0,3253812
recNp,0.3333333333333333,2,2,ATAGCTCACAATTAAAATGG,0,3243728
recNp,0.3333333333333333,2,2,ATACCCGCTGGGTCCGATTA,0,3234702
recNp,0.3333333333333333,2,2,ATACATGCTTTTCCAGCGTC,0,3248033
recNp,0.3333333333333333,2,2,ATACATCGATCGTTGTAGAG,0,3234526
recNp,0.3333333333333333,2,2,ATACACGAATCTGCGTGATC,0,3249188
recNp,0.3333333333333333,2,2,ATAATCCAGGGCCGCACCAT,0,3217581
recNp,0.3333333333333333,2,2,ATAAGGGACGCACAGTTACG,0,3231494
recNp,0.3333333333333333,2,2,ATAAGAAAGGTCTCTTGACG,0,3246494
recNp,0.3333333333333333,2,2,ATAACAGTAGAAGGGTCCAA,0,3243513
recNp,0.3333333333333333,2,2,ATAAATGGGCAACTCTAGGC,0,3231124
recNp,0.3333333333333333,2,2,ATAAAAAGTCGAATTTCTAC,0,3222251
recNp,0.3333333333333333,2,2,AGTTTTGGTATTCAAGTTCA,0,3219182
recNp,0.3333333333333333,2,2,AGTTGCTTAGAATCTATATG,0,3248274
recNp,0.3333333333333333,2,2,AGTTGCTCGGTACTTAGTCA,0,3224129
recNp,0.3333333333333333,2,2,AGTTGATAAATCTGTTTCGG,0,3228484
recNp,0.3333333333333333,2,2,AGTTATTGTTAAGACTATTG,0,3227052
recNp,0.3333333333333333,2,2,AGTTACCTGGTGCGTGGGAT,0,3231416
recNp,0.3333333333333333,2,2,AGTTAAAGGGATCCGCGGGA,0,3217932
recNp,0.3333333333333333,2,2,AGTGTTTATATGATAACGAG,0,3237280
recNp,0.3333333333333333,2,2,AGTGTCTAAGTTAAACAGCA,0,3234711
recNp,0.3333333333333333,2,2,AGTGGAAATTTACTCCAGCA,0,3230236
recNp,0.3333333333333333,2,2,AGTGCAGGACGACTGGGGAA,0,3218673
recNp,0.3333333333333333,2,2,AGTGAACGATAGCGCGCACA,0,3234744
recNp,0.3333333333333333,2,2,AGTCGTGTTCAACATCAGGC,0,3252409
recNp,0.3333333333333333,2,2,AGTCGAGCTGGTTAAGTTAC,0,3225526
recNp,0.3333333333333333,2,2,AGTCATGCCTCTTATGTGAC,0,3223963
recNp,0.3333333333333333,2,2,AGTCAGTCGAGGCTGCTCCC,0,3251700
recNp,0.3333333333333333,2,2,AGTATTTTAAATGACGGGAT,0,3248988
recNp,0.3333333333333333,2,2,AGTATTGACAGGTTATATCG,0,3236863
recNp,0.3333333333333333,2,2,AGTAGCCCTCGTACACTTGC,0,3219031
recNp,0.3333333333333333,2,2,AGTACGCGTAGTTTAGCTGG,0,3253276
recNp,0.3333333333333333,2,2,AGTAAGCGATTTTCGGGCCG,0,3230408
recNp,0.3333333333333333,2,2,AGTAAAATTGGTTTTGCGAG,0,3255117
recNp,0.3333333333333333,2,2,AGGTTAGACCCACAGATGGG,0,3222937
recNp,0.3333333333333333,2,2,AGGTATCGACACAAGTCTGC,0,3219086
recNp,0.3333333333333333,2,2,AGGTAAGAGAGGATCTAAGT,0,3234059
recNp,0.3333333333333333,2,2,AGGTAAACGGCAGGACAGGA,0,3232419
recNp,0.3333333333333333,2,2,AGGGTGTTAGAAGGTCCGCA,0,3240895
recNp,0.3333333333333333,2,2,AGGGTCGTGTTTTATAGCAA,0,3250567
recNp,0.3333333333333333,2,2,AGGGTCACCTTGTTGGTCTA,0,3235667
recNp,0.3333333333333333,2,2,AGGGGTCAACTAGGGCGTGA,0,3247278
recNp,0.3333333333333333,2,2,AGGGGGTGTTCAAGCCAAGA,0,3231358
recNp,0.3333333333333333,2,2,AGGGCCTAGCGTTTAAGATC,0,3232681
recNp,0.3333333333333333,2,2,AGGGATCAAGTTTGTGCTGT,0,3227777
recNp,0.3333333333333333,2,2,AGGCTCGTGCCTTCATTCCC,0,3240566
recNp,0.3333333333333333,2,2,AGGCTCGAATAAAGGGTGTC,0,3228543
recNp,0.3333333333333333,2,2,AGGCGTGGTCGTCTATTGAA,0,3221096
recNp,0.3333333333333333,2,2,AGGCCTTGACACGAATGTTA,0,3228290
recNp,0.3333333333333333,2,2,AGGCACGAGCACCACGCAAC,0,3236933
recNp,0.3333333333333333,2,2,AGGATTTGTGGCAATCCTTG,0,3226452
recNp,0.3333333333333333,2,2,AGGATAGTGATTGACCTGTA,0,3221904
recNp,0.3333333333333333,2,2,AGGAGTTTGGAGATTAGCTG,0,3227859
recNp,0.3333333333333333,2,2,AGGAGACCATCGGGTTAGGT,0,3235028
recNp,0.3333333333333333,2,2,AGGAATAAATTCTGTCGCGT,0,3232855
recNp,0.3333333333333333,2,2,AGGAACACCCCATTAGGGAT,0,3226200
recNp,0.3333333333333333,2,2,AGCTTGGTTCTTCAACAGGT,0,3245494
recNp,0.3333333333333333,2,2,AGCTCAGTTGCTGTTTGGTG,0,3247951
recNp,0.3333333333333333,2,2,AGCTCAGTACTCAGCAGCCC,0,3243455
recNp,0.3333333333333333,2,2,AGCTAGGCTGTGCCTACGAA,0,3247235
recNp,0.3333333333333333,2,2,AGCGTATACCTTCGCGCGAA,0,3223564
recNp,0.3333333333333333,2,2,AGCGGGATACAAAGACGGTC,0,3251546
recNp,0.3333333333333333,2,2,AGCGGCCCCAGACCTGACTT,0,3237196
recNp,0.3333333333333333,2,2,AGCGCGCACTCTCGAATTAA,0,3231198
recNp,0.3333333333333333,2,2,AGCCTCAGAGCTTGTTCCTG,0,3244552
recNp,0.3333333333333333,2,2,AGCCGCAGGGCTGACGTATT,0,3226935
recNp,0.3333333333333333,2,2,AGCCCCTACGTTTGGACACC,0,3246477
recNp,0.3333333333333333,2,2,AGCCAACACACATGCCAGAA,0,3242908
recNp,0.3333333333333333,2,2,AGCACTTAAAGGATACAAAT,0,3232577
recNp,0.3333333333333333,2,2,AGATTACTTAGACCACTAGC,0,3253534
recNp,0.3333333333333333,2,2,AGATGGGGTAATCAGGGTGA,0,3236515
recNp,0.3333333333333333,2,2,AGATGCTTTTGTGGCCCCTG,0,3221074
recNp,0.3333333333333333,2,2,AGATGCAGATGGGTTTCGGC,0,3247344
recNp,0.3333333333333333,2,2,AGATCCTGGGCTAGCCACAA,0,3253215
recNp,0.3333333333333333,2,2,AGATAGCAGATTGAGTAGCG,0,3248249
recNp,0.3333333333333333,2,2,AGAGCTCTCTATGTTTTAGG,0,3223770
recNp,0.3333333333333333,2,2,AGAGCACCGCTGACACACGC,0,3237611
recNp,0.3333333333333333,2,2,AGAGAGTTTGAGGTAGCCGA,0,3245558
recNp,0.3333333333333333,2,2,AGAGAACACCGTGTAATTAG,0,3232493
recNp,0.3333333333333333,2,2,AGACGTCTGCTGCCGCCATT,0,3221136
recNp,0.3333333333333333,2,2,AGACGGCCACTGCTGTCGGA,0,3235965
recNp,0.3333333333333333,2,2,AGACGCCGAAACGAGGGGAC,0,3235643
recNp,0.3333333333333333,2,2,AGACCCGACTTGCCGCGCTA,0,3217051
recNp,0.3333333333333333,2,2,AGACATTCTAATACGGTGCT,0,3220855
recNp,0.3333333333333333,2,2,AGACACTTTGCAACCTCCAC,0,3253304
recNp,0.3333333333333333,2,2,AGACACCGAACCTCCACAAT,0,3224797
recNp,0.3333333333333333,2,2,AGACACACTATGCTAGCAGG,0,3226943
recNp,0.3333333333333333,2,2,AGAATTTTTCGGAGGCCAGG,0,3245131
recNp,0.3333333333333333,2,2,AGAATTATGTGTCCCGGGGC,0,3225718
recNp,0.3333333333333333,2,2,AGAATGAAAGAGGATACACA,0,3237578
recNp,0.3333333333333333,2,2,AGAAGTCCGCCTGTCAGTAA,0,3244817
recNp,0.3333333333333333,2,2,AGAAGGGGTTAAAGGACGTA,0,3226387
recNp,0.3333333333333333,2,2,ACTTAGCGCTTAAGTTGCAC,0,3235677
recNp,0.3333333333333333,2,2,ACTGGTCAGGGCAGGCTACC,0,3242508
recNp,0.3333333333333333,2,2,ACTGGGAGGCTCTACCTGGA,0,3252103
recNp,0.3333333333333333,2,2,ACTGGGACTCAGGGCTAGAT,0,3247721
recNp,0.3333333333333333,2,2,ACTGCCCAAGTTACCGGATA,0,3239858
recNp,0.3333333333333333,2,2,ACTGATTGCACTCCTGGTGC,0,3249197
recNp,0.3333333333333333,2,2,ACTCCTTTTAAACCAATACT,0,3251149
recNp,0.3333333333333333,2,2,ACTCCTACTTCAATATAGGG,0,3225906
recNp,0.3333333333333333,2,2,ACTCATACCGTTGACACTCG,0,3249648
recNp,0.3333333333333333,2,2,ACTCACGTTCGACCACTTAC,0,3226922
recNp,0.3333333333333333,2,2,ACTAGGCGATTGACTTTACG,0,3217880
recNp,0.3333333333333333,2,2,ACTAGCGCACATACGGGTGA,0,3227274
recNp,0.3333333333333333,2,2,ACTACAAGCTCCGTCATCAT,0,3238594
recNp,0.3333333333333333,2,2,ACGTGTCGGGGGTCAAAGTT,0,3227217
recNp,0.3333333333333333,2,2,ACGTGGCTGAACACATCAGG,0,3249926
recNp,0.3333333333333333,2,2,ACGTCGGTAATGTTATAGAT,0,3217584
recNp,0.3333333333333333,2,2,ACGTAGTTGAAGAGACTCGT,0,3254397
recNp,0.3333333333333333,2,2,ACGGGTAGCGACTCCCACTC,0,3222296
recNp,0.3333333333333333,2,2,ACGGGGTAACTACAGCACTC,0,3235267
recNp,0.3333333333333333,2,2,ACGGCTCCTACAACTCTTAT,0,3233288
recNp,0.3333333333333333,2,2,ACGGATCTGGACGGCTTTTG,0,3253913
recNp,0.3333333333333333,2,2,ACGCTGTTGTGTGCGGTATA,0,3218037
recNp,0.3333333333333333,2,2,ACGCTATCGGCCCAACAGTG,0,3222056
recNp,0.3333333333333333,2,2,ACGCGGGTCTGCTTCTGTGA,0,3217628
recNp,0.3333333333333333,2,2,ACGCGCGACGCAGCCGCGGC,0,3253305
recNp,0.3333333333333333,2,2,ACGCGCCAGCTCCACCGGGC,0,3218880
recNp,0.3333333333333333,2,2,ACGATCTCGGATACAGAAAG,0,3238796
recNp,0.3333333333333333,2,2,ACGATATAGCGGACACTGGG,0,3247766
recNp,0.3333333333333333,2,2,ACGATAATCTCCAATATCTG,0,3233491
recNp,0.3333333333333333,2,2,ACGACGGAAAGGTAACGGGA,0,3252498
recNp,0.3333333333333333,2,2,ACGAATTCTATCGGCAAGAT,0,3238317
recNp,0.3333333333333333,2,2,ACCTTGGCAGGTTCTTTACA,0,3255066
recNp,0.3333333333333333,2,2,ACCTACTTAGACCCTCGGAG,0,3240775
recNp,0.3333333333333333,2,2,ACCTACTCCGCCGGTTTATC,0,3223989
recNp,0.3333333333333333,2,2,ACCGTTATTCAGGGAAGAGA,0,3229241
recNp,0.3333333333333333,2,2,ACCGTCAATACAAATTCAGA,0,3245949
recNp,0.3333333333333333,2,2,ACCGTACGTCCTACGGACTT,0,3235752
recNp,0.3333333333333333,2,2,ACCGGGGGAGAGCCCAGAAC,0,3230069
recNp,0.3333333333333333,2,2,ACCGGCTTCAGACTACTTGC,0,3224632
recNp,0.3333333333333333,2,2,ACCGCTCTCTCACTAATACT,0,3255045
recNp,0.3333333333333333,2,2,ACCGATCCAAGTTGACTCCA,0,3239938
recNp,0.3333333333333333,2,2,ACCCTAGGTGTCGGGAGTGT,0,3220541
recNp,0.3333333333333333,2,2,ACCCGTGGTAAGGGCATGCT,0,3251944
recNp,0.3333333333333333,2,2,ACCCGTGCTCTAATCAGATT,0,3246141
recNp,0.3333333333333333,2,2,ACCCAGGATTGCAGCAGGGT,0,3238598
recNp,0.3333333333333333,2,2,ACCATTGCCTCGCTCGTACA,0,3243499
recNp,0.3333333333333333,2,2,ACCAGGCCCCAAGGGACGTG,0,3230285
recNp,0.3333333333333333,2,2,ACCAGCCGCTTCTCTGTAAG,0,3241760
recNp,0.3333333333333333,2,2,ACCACACCTACACGTCTTAG,0,3230467
recNp,0.3333333333333333,2,2,ACCAATTTGTTTAAATCTTT,0,3236319
recNp,0.3333333333333333,2,2,ACATTAGCACGATAGTTAGT,0,3240173
recNp,0.3333333333333333,2,2,ACATGTAATTGTCCTTAGGG,0,3223175
recNp,0.3333333333333333,2,2,ACATGGTTTATATCCTTCAG,0,3223546
recNp,0.3333333333333333,2,2,ACATCAACAGTTGTCGGAGC,0,3250754
recNp,0.3333333333333333,2,2,ACATACAGGACTGTCTTCGC,0,3226889
recNp,0.3333333333333333,2,2,ACAGCAAAATACGGTAGCCT,0,3221772
recNp,0.3333333333333333,2,2,ACAGAACAAACCTGTACCTT,0,3252932
recNp,0.3333333333333333,2,2,ACACACCATTTTGGCTAGTC,0,3251265
recNp,0.3333333333333333,2,2,ACAATCTACCACTCAGTAGA,0,3236283
recNp,0.3333333333333333,2,2,ACAAGAGTTCGCAGGCCAGC,0,3228083
recNp,0.3333333333333333,2,2,AATTGTTTCGTGGCATTACT,0,3235391
recNp,0.3333333333333333,2,2,AATTGGAAGCGAAGGGGTTC,0,3245117
recNp,0.3333333333333333,2,2,AATTAGCAAGATCTTGGATA,0,3225931
recNp,0.3333333333333333,2,2,AATTACTGACAAAAGTGGAT,0,3243059
recNp,0.3333333333333333,2,2,AATGTACCATGGGTTATGAG,0,3235516
recNp,0.3333333333333333,2,2,AATGGTGGGGATACTCTCGT,0,3246302
recNp,0.3333333333333333,2,2,AATGGATCTCTTATATACAG,0,3236476
recNp,0.3333333333333333,2,2,AATGATGGTGCCTCTCGATA,0,3232682
recNp,0.3333333333333333,2,2,AATGAGCCTGATGGCGAGGA,0,3230044
recNp,0.3333333333333333,2,2,AATGACGGGTTGCCGACTTG,0,3236058
recNp,0.3333333333333333,2,2,AATCTGATTGGGTTCAAGAT,0,3236812
recNp,0.3333333333333333,2,2,AATCGTCTAGGGATGCACAG,0,3219472
recNp,0.3333333333333333,2,2,AATCGCGGTTTAGGGCGAGT,0,3241533
recNp,0.3333333333333333,2,2,AATCCCCCAATTGGATAGTG,0,3226896
recNp,0.3333333333333333,2,2,AATCAATATCAAAATACAAT,0,3216912
recNp,0.3333333333333333,2,2,AATATGGAGCGGCGTCACGA,0,3219597
recNp,0.3333333333333333,2,2,AATAACGATTCGCCCCTCTC,0,3231876
recNp,0.3333333333333333,2,2,AAGTTGAAGAAAGAGTGATA,0,3247936
recNp,0.3333333333333333,2,2,AAGTCTCGCATCGTGCTAAG,0,3251708
recNp,0.3333333333333333,2,2,AAGTCTCCTTCAATTTGTGG,0,3233835
recNp,0.3333333333333333,2,2,AAGGGGCAGTCCGAATACAT,0,3251814
recNp,0.3333333333333333,2,2,AAGGGCAACGGAGAGACGCT,0,3222934
recNp,0.3333333333333333,2,2,AAGGAAAGTTAGGCCGGTAG,0,3245485
recNp,0.3333333333333333,2,2,AAGCTCGTTTCCGGGCCTTA,0,3250899
recNp,0.3333333333333333,2,2,AAGCTCCGGGGTCATGTGGG,0,3222645
recNp,0.3333333333333333,2,2,AAGCTATGTGTACGCTCGAT,0,3241492
recNp,0.3333333333333333,2,2,AAGCGCCGTCCGATACCCAA,0,3247698
recNp,0.3333333333333333,2,2,AAGCCGCCCAGGCGGTAGGA,0,3238996
recNp,0.3333333333333333,2,2,AAGCCCTATATGTATATTAC,0,3226714
recNp,0.3333333333333333,2,2,AAGCCACAGCCGAATCTGGT,0,3243249
recNp,0.3333333333333333,2,2,AAGCACGGTGCGAGCCGTAC,0,3216638
recNp,0.3333333333333333,2,2,AAGATGCTCACCGTATAGAT,0,3234737
recNp,0.3333333333333333,2,2,AAGAGACCAGCGGGTTCGAT,0,3244233
recNp,0.3333333333333333,2,2,AAGACAACCGCAGCGCTGAA,0,3216754
recNp,0.3333333333333333,2,2,AAGAAGAATGAGTTGTCCCT,0,3228043
recNp,0.3333333333333333,2,2,AACTGCTTGTAGTCCTTCAA,0,3232609
recNp,0.3333333333333333,2,2,AACTCAATGCATTTGCGGGC,0,3254080
recNp,0.3333333333333333,2,2,AACTAAGCTTGAAATCCATA,0,3224576
recNp,0.3333333333333333,2,2,AACGGTATGGCGTGGAAGAT,0,3252921
recNp,0.3333333333333333,2,2,AACGCTGCGGTGAGCCACTC,0,3229096
recNp,0.3333333333333333,2,2,AACGCCACCATATAAGGTGG,0,3218650
recNp,0.3333333333333333,2,2,AACGCAAATATGTGCTGATG,0,3249603
recNp,0.3333333333333333,2,2,AACGAGTCTGCAGCGTCCGT,0,3254432
recNp,0.3333333333333333,2,2,AACCTATTGAAGATCGTTTT,0,3223129
recNp,0.3333333333333333,2,2,AACCTAGTCGTTTTGGGTAA,0,3222558
recNp,0.3333333333333333,2,2,AACCAAGGCGCATCAATCGA,0,3249502
recNp,0.3333333333333333,2,2,AACCAACGCCAGAGGCTGGG,0,3217308
recNp,0.3333333333333333,2,2,AACATCCTTACGCCGACGTC,0,3236541
recNp,0.3333333333333333,2,2,AACAGAGATGAAAGGAGAGC,0,3238873
recNp,0.3333333333333333,2,2,AACAGACATACTGTTGCACC,0,3233581
recNp,0.3333333333333333,2,2,AACACGCTCCAGGAGGCATG,0,3237361
recNp,0.3333333333333333,2,2,AACACCGGCGATGACCGGAC,0,3223512
recNp,0.3333333333333333,2,2,AACACAAAGCGCTGTACAGG,0,3222739
recNp,0.3333333333333333,2,2,AAATTCATCCGCTGCCGCGA,0,3240498
recNp,0.3333333333333333,2,2,AAATGTGTGTGCCCCCGCAG,0,3219043
recNp,0.3333333333333333,2,2,AAATCCAGATAATGGTTTCA,0,3243122
recNp,0.3333333333333333,2,2,AAAGTGCCACTATCCCGCAG,0,3244708
recNp,0.3333333333333333,2,2,AAAGGAGATGTTGTCCTATA,0,3223202
recNp,0.3333333333333333,2,2,AAACGGCGAATCGGAAGTCT,0,3241231
recNp,0.3333333333333333,2,2,AAACCCTTTACCGCGAGAGT,0,3227002
recNp,0.3333333333333333,2,2,AAACCCTCGGCCCTTCATTT,0,3243459
recNp,0.3333333333333333,2,2,AAAATTCAACAAAGCTAAAC,0,3223343
recNp,0.3333333333333333,2,2,AAAATCATTGCTCTCTGATC,0,3242148
recNp,0.3333333333333333,2,2,AAAAGGGGTTCTTAGTACCA,0,3241876
recNp,0.5,1,1,TTTTTTAATCGCCGATCGGT,0,3223784
recNp,0.5,1,1,TTTTGTGCTCTACTGTACCT,0,3242453
recNp,0.5,1,1,TTTTCAAGTGCTGATGGAGC,0,3241375
recNp,0.5,1,1,TTTTACTTGGTGTGACCGCC,0,3239017
recNp,0.5,1,1,TTTTACATTCGTGCCTACAG,0,3236894
recNp,0.5,1,1,TTTTAAGGGAGGGAGGGTCT,0,3227339
recNp,0.5,1,1,TTTGTATTCACAACTTCCAC,0,3231350
recNp,0.5,1,1,TTTGGTCAAAAGGCTTGAAC,0,3241517
recNp,0.5,1,1,TTTGGCTCGTCAGTGTCCCG,0,3246073
recNp,0.5,1,1,TTTGGCTATCATTTAACGTC,0,3231810
recNp,0.5,1,1,TTTGGATTGCCCCCCGACAT,0,3253621
recNp,0.5,1,1,TTTGCTGCGGGTAAAGAGCA,0,3242793
recNp,0.5,1,1,TTTGCAAGCCGCATTTGTCC,0,3231491
recNp,0.5,1,1,TTTGATGGGAGACTCCTGAA,0,3227726
recNp,0.5,1,1,TTTGAAAGCGTGTGAATGGC,0,3237791
recNp,0.5,1,1,TTTCTTTCAAGTATACCTAT,0,3241361
recNp,0.5,1,1,TTTCTTAGAAACACGAATAG,0,3219580
recNp,0.5,1,1,TTTCTATATCCGGACATGGA,0,3238435
recNp,0.5,1,1,TTTCGTTTCCACACAGTTTA,0,3232532
recNp,0.5,1,1,TTTCGACACCGGGTGAGCAT,0,3251954
recNp,0.5,1,1,TTTAGCCTATACAGAACGAG,0,3250805
recNp,0.5,1,1,TTTAGAATCGGTCACACCCA,0,3239014
recNp,0.5,1,1,TTTACTTTAGCACCAGTACC,0,3216972
recNp,0.5,1,1,TTTAATGAGGTCCGGGCAGC,0,3220691
recNp,0.5,1,1,TTTAATATGCTAGGCCCTAT,0,3241390
recNp,0.5,1,1,TTGTTGGAAACGCACCTCAG,0,3249905
recNp,0.5,1,1,TTGTGCCTATTACCGTCCTG,0,3222077
recNp,0.5,1,1,TTGTGAACCCGTTTTTATCT,0,3246609
recNp,0.5,1,1,TTGTCGGCTATAGTCTGGAT,0,3244882
recNp,0.5,1,1,TTGTCCTGGAATATGGAGCA,0,3243271
recNp,0.5,1,1,TTGGTGCATTATTCTATGTG,0,3222860
recNp,0.5,1,1,TTGGTCTATTCGGATGCATA,0,3240466
recNp,0.5,1,1,TTGGGAAGGCCTGTTAGGGG,0,3244168
recNp,0.5,1,1,TTGGGAAGCGGACGAAGACC,0,3236530
recNp,0.5,1,1,TTGGAAAAGGACAATTGATA,0,3217297
recNp,0.5,1,1,TTGCTCGGTCTAGAAGCCGG,0,3223846
recNp,0.5,1,1,TTGCGGAGCGTGAGCGATGT,0,3235469
recNp,0.5,1,1,TTGCGAGACGGAAAGCCTCA,0,3226535
recNp,0.5,1,1,TTGCATTACAAGCAGTGCTA,0,3243377
recNp,0.5,1,1,TTGATGGGGCCGCTAGACAA,0,3241034
recNp,0.5,1,1,TTGATCAGGTCGTATGACCC,0,3232503
recNp,0.5,1,1,TTGAGTAGCTAAGAAGGCTT,0,3241837
recNp,0.5,1,1,TTGAGGTCACGTCACCATAA,0,3252557
recNp,0.5,1,1,TTGAGGATTAAATTCGGGAA,0,3241583
recNp,0.5,1,1,TTGACTGCTAGCTAAATTTA,0,3224458
recNp,0.5,1,1,TTGACAATTCCGGCAGGAGG,0,3231811
recNp,0.5,1,1,TTGACAACTGTACGCTCTAC,0,3235490
recNp,0.5,1,1,TTGAATAGGTTCATTCCCTC,0,3250453
recNp,0.5,1,1,TTGAAATTGTCCGGTTCAGT,0,3232071
recNp,0.5,1,1,TTCTTCCTGAGTTATCAAAA,0,3250201
recNp,0.5,1,1,TTCTTACGAGATATCTCTGA,0,3240554
recNp,0.5,1,1,TTCTGTCAGTATATTTGAAG,0,3253985
recNp,0.5,1,1,TTCTCGGATAACAGCTTCAA,0,3245137
recNp,0.5,1,1,TTCGAGCCTCGCTATTCAGC,0,3234162
recNp,0.5,1,1,TTCCTTGGGGTCCCTGATGC,0,3218591
recNp,0.5,1,1,TTCCGTGGAAAGTGACAGGA,0,3239080
recNp,0.5,1,1,TTCCCTAATCAAACTTGTGA,0,3243339
recNp,0.5,1,1,TTCCACCGGCAAAGGAGTCA,0,3249505
recNp,0.5,1,1,TTCCACAGGGCACACGTTTG,0,3227350
recNp,0.5,1,1,TTCAGATTGGTTCCAGGTAT,0,3253352
recNp,0.5,1,1,TTCAATCTTCCTATGCCCCC,0,3255800
recNp,0.5,1,1,TTCAATAGATCGGGGTCTAT,0,3251054
recNp,0.5,1,1,TTCAATAAGCAGGGTTAGAC,0,3255318
recNp,0.5,1,1,TTCAACGGAGAGGACGTTTA,0,3221043
recNp,0.5,1,1,TTATTTAACCTCGGTCGGTC,0,3250922
recNp,0.5,1,1,TTATTAGCTGGTCCGGCAAG,0,3248433
recNp,0.5,1,1,TTATCGTTTGGCGTAAGTGG,0,3231072
recNp,0.5,1,1,TTATCCTGCTCCCCGTGTAC,0,3226811
recNp,0.5,1,1,TTATCCGACCCTTTGGTATT,0,3236627
recNp,0.5,1,1,TTATATAAATAGAACCTTTT,0,3249227
recNp,0.5,1,1,TTAGTGCAGACTTTATTAGA,0,3241119
recNp,0.5,1,1,TTAGTGATGGACTCCAAAGC,0,3247611
recNp,0.5,1,1,TTAGGTCACCTATAGGAGTA,0,3224289
recNp,0.5,1,1,TTAGGCAGACTGTCCATGAA,0,3219875
recNp,0.5,1,1,TTAGCACTGACCCGTCTGGA,0,3219175
recNp,0.5,1,1,TTAGCAAAAGCAGAGCGATG,0,3224338
recNp,0.5,1,1,TTAGATTACGTGCGCCTCGG,0,3232783
recNp,0.5,1,1,TTAGATCGGAAGTTGGCGCG,0,3216196
recNp,0.5,1,1,TTACTTTGTGGTAAGGCAGT,0,3227562
recNp,0.5,1,1,TTACTCTAGATAGATTCCTT,0,3232015
recNp,0.5,1,1,TTACTCGCGCACACTTCACC,0,3240528
recNp,0.5,1,1,TTACGTATTAAGGAACGAGA,0,3223505
recNp,0.5,1,1,TTACGGTATTACAGGCTCAG,0,3237620
recNp,0.5,1,1,TTACCTCTAGGATGGCCTGA,0,3233655
recNp,0.5,1,1,TTACCACTGGTTCGCTAGTT,0,3228062
recNp,0.5,1,1,TTACAACTAAAAGAACTCTA,0,3239163
recNp,0.5,1,1,TTAATCATTATCTGGATTCC,0,3239473
recNp,0.5,1,1,TTAAGAATTTGCACCCCTGA,0,3238005
recNp,0.5,1,1,TTAACGGGATACAAATATAC,0,3240624
recNp,0.5,1,1,TTAAAGCACCAGTCTTGTGA,0,3238739
recNp,0.5,1,1,TTAAAAGCCACCATTTACTT,0,3237025
recNp,0.5,1,1,TGTTTAATCCTCAGGCAGGT,0,3249652
recNp,0.5,1,1,TGTTCGGGAAATCTTGAGGC,0,3251642
recNp,0.5,1,1,TGTTCACGGTCAGATGCGAG,0,3229658
recNp,0.5,1,1,TGTCGTTCAAGATGTCGGTA,0,3223528
recNp,0.5,1,1,TGTCGGTAAAATGGTGGTCC,0,3224187
recNp,0.5,1,1,TGTATTAACTGCCGCATGCC,0,3218453
recNp,0.5,1,1,TGTATCTTCTGGATTACCAT,0,3234664
recNp,0.5,1,1,TGTACGTGCCGGGCCTCAAC,0,3231483
recNp,0.5,1,1,TGTAATCCGGTATGTTGACT,0,3227706
recNp,0.5,1,1,TGTAACACCGCGTACGGTAT,0,3227115
recNp,0.5,1,1,TGTAAAGCACATACTTCGCT,0,3242885
recNp,0.5,1,1,TGGTTCCGGCGCCTGTCCAC,0,3251151
recNp,0.5,1,1,TGGTTCCAGGGGGGATCCAA,0,3242156
recNp,0.5,1,1,TGGTTACCGGGCGCACGGGG,0,3246918
recNp,0.5,1,1,TGGTGGTCAGTGGACTGTAA,0,3226830
recNp,0.5,1,1,TGGTGGCGTGATCACATCAC,0,3223381
recNp,0.5,1,1,TGGTCGTAACTATGAACGGC,0,3222060
recNp,0.5,1,1,TGGTCACCGAGATACCTTCA,0,3238621
recNp,0.5,1,1,TGGTACAATGTCCGCATTCC,0,3230170
recNp,0.5,1,1,TGGGTGGCCGGTAGACCACG,0,3243449
recNp,0.5,1,1,TGGGGTTTGTGGAGGACCTC,0,3231902
recNp,0.5,1,1,TGGGGCTACGGTAAAACATC,0,3246176
recNp,0.5,1,1,TGGGCACCGAAACCAGCACA,0,3246508
recNp,0.5,1,1,TGGGATCCAGTTGTAGGGAC,0,3236563
recNp,0.5,1,1,TGGGAGTAGAAGTTCTTAGA,0,3253485
recNp,0.5,1,1,TGGCTTCGCAACCATTGAAG,0,3241429
recNp,0.5,1,1,TGGCTGAGTTGAAGTTTCTT,0,3232153
recNp,0.5,1,1,TGGCGCCGGTAATCGGTCGG,0,3233530
recNp,0.5,1,1,TGGCATAACGGAAAAATCGT,0,3242100
recNp,0.5,1,1,TGGCAGTTTCCTACCCGGAC,0,3237087
recNp,0.5,1,1,TGGCAGGGACTAATGGTCAC,0,3237299
recNp,0.5,1,1,TGGCAAGTCACCGCCTATTA,0,3233232
recNp,0.5,1,1,TGGATTCGGTTACGTGAAGA,0,3251823
recNp,0.5,1,1,TGGATCTCTCAAGCAGCCGT,0,3233755
recNp,0.5,1,1,TGGAGTGAGGAGCGATCTTT,0,3254298
recNp,0.5,1,1,TGGAGTCCGTATCTGGAACG,0,3232395
recNp,0.5,1,1,TGGAGCAACCGACTTTGACC,0,3244083
recNp,0.5,1,1,TGGACGGTTCTCCATATCAC,0,3229282
recNp,0.5,1,1,TGGACGGCGTAGTGCGTTCC,0,3247295
recNp,0.5,1,1,TGGACGAATTCAGCCCCTAC,0,3243576
recNp,0.5,1,1,TGGACAGTCTTGCCATACTA,0,3245142
recNp,0.5,1,1,TGGAAGCAAAGAACCTGGCA,0,3227834
recNp,0.5,1,1,TGCTTCGGAGGGATCTGCCA,0,3228707
recNp,0.5,1,1,TGCTGTAACAAGTGGATTTT,0,3251245
recNp,0.5,1,1,TGCTGGACTATGGCTGGCTA,0,3240408
recNp,0.5,1,1,TGCTACAGAATTCAGCGTTT,0,3227885
recNp,0.5,1,1,TGCGTTAAGTTTCGTTGTGT,0,3218808
recNp,0.5,1,1,TGCGGTTGCTAAGGCTTCGT,0,3226912
recNp,0.5,1,1,TGCGGTGGGAAGCCGCTTTA,0,3235169
recNp,0.5,1,1,TGCGGTCGTTCAATAAGCGA,0,3251768
recNp,0.5,1,1,TGCGGCTTGCCAGACAATTT,0,3245325
recNp,0.5,1,1,TGCCTTTCATCTCGGGATCG,0,3254877
recNp,0.5,1,1,TGCCTATTACGTTTCGATGT,0,3229997
recNp,0.5,1,1,TGCCGTAGCCTAGGTGCTGA,0,3251999
recNp,0.5,1,1,TGCCGGAACTAGATGACAGC,0,3221146
recNp,0.5,1,1,TGCCGCGACCCTTCTCAGGG,0,3252165
recNp,0.5,1,1,TGCCGATGCGCAACACCAAC,0,3220379
recNp,0.5,1,1,TGCCGAGATGCGCGGAGTGA,0,3244330
recNp,0.5,1,1,TGCCAACTTGCTCGTCATTA,0,3246119
recNp,0.5,1,1,TGCAAAAGCGGCATCGCGTT,0,3242367
recNp,0.5,1,1,TGATTCGTGAGTGTACACTG,0,3240892
recNp,0.5,1,1,TGATCCAAAACAGAGACTAG,0,3228141
recNp,0.5,1,1,TGATATCCTAAACTTACATT,0,3226041
recNp,0.5,1,1,TGAGTTGGGAATACTAAGGT,0,3255703
recNp,0.5,1,1,TGAGGTTAGCCGTTCTTGCA,0,3224687
recNp,0.5,1,1,TGAGGCTCCCTGAAGGTGGG,0,3248226
recNp,0.5,1,1,TGAGAAGCCCGTGGCAGGTG,0,3226732
recNp,0.5,1,1,TGACTGATCGGGTTTTAATT,0,3216820
recNp,0.5,1,1,TGACCGGAGTATAGCCATCG,0,3237646
recNp,0.5,1,1,TGACATTCGTCCTGGTTGGC,0,3246081
recNp,0.5,1,1,TGAAGTGGTTGAAAGTCTGC,0,3221684
recNp,0.5,1,1,TGAACGAGGTCTAATGTCTC,0,3222455
recNp,0.5,1,1,TGAACATTTCAAACTCTTAA,0,3245726
recNp,0.5,1,1,TCTTTTACACAGCTAACGAG,0,3241342
recNp,0.5,1,1,TCTGTTGGTAGCATTTAATG,0,3243291
recNp,0.5,1,1,TCTGTCGAAGCCACATGGAA,0,3254609
recNp,0.5,1,1,TCTGTAATGGTCACGCATCG,0,3248172
recNp,0.5,1,1,TCTGGCAGAGTTGCTTTGTA,0,3251382
recNp,0.5,1,1,TCTGCTAGAGAATTGGAGTT,0,3239190
recNp,0.5,1,1,TCTCTGTTGTGCGACGATCC,0,3239855
recNp,0.5,1,1,TCTCTCTGGGGACACTGCCC,0,3219447
recNp,0.5,1,1,TCTCCCCGCGGCTCTGCTAA,0,3216906
recNp,0.5,1,1,TCTCATAAAAAGGAGTCAGG,0,3249319
recNp,0.5,1,1,TCTCACTTTAGCGCGAAGGT,0,3224427
recNp,0.5,1,1,TCTATTTTGGTTTGACTAAT,0,3229278
recNp,0.5,1,1,TCTATAGATAATATAACGCA,0,3251088
recNp,0.5,1,1,TCTATACAATTTCAGCTGCG,0,3251621
recNp,0.5,1,1,TCTAGCGAGTAACTCAAGTC,0,3230009
recNp,0.5,1,1,TCTACTTGTGCTGCAATAGA,0,3232669
recNp,0.5,1,1,TCTACCACATCTTTTGCGTT,0,3219126
recNp,0.5,1,1,TCTAACACTGTATAGCCGTT,0,3228724
recNp,0.5,1,1,TCTAAAGTCAAGACTATAGA,0,3228467
recNp,0.5,1,1,TCTAAACGTTCGGATCACGG,0,3251181
recNp,0.5,1,1,TCGTTTGAATGAAATTTCTA,0,3246213
recNp,0.5,1,1,TCGTAATCTGGATGCGCCTA,0,3232360
recNp,0.5,1,1,TCGGTTTCGATGAAAACTGG,0,3253743
recNp,0.5,1,1,TCGGTAGACTTAAAAGACTG,0,3240468
recNp,0.5,1,1,TCGGGTGTGAATTCAGATAC,0,3248937
recNp,0.5,1,1,TCGGGGTTTCGGGGGACAGA,0,3225314
recNp,0.5,1,1,TCGGGCACACTGTGGGCATA,0,3255185
recNp,0.5,1,1,TCGGCACTCATGTTAACAGC,0,3235252
recNp,0.5,1,1,TCGGAAGGTGGGATCATAGC,0,3254688
recNp,0.5,1,1,TCGCTGGCTAACTCTACGGT,0,3234950
recNp,0.5,1,1,TCGCGTTTTTGCTGTTTCCT,0,3230495
recNp,0.5,1,1,TCGCGGCAATCCTGTTTGAA,0,3239050
recNp,0.5,1,1,TCGCGCGTCAGCAAAACCTG,0,3216701
recNp,0.5,1,1,TCGCGAACGATGCACTTATC,0,3251213
recNp,0.5,1,1,TCGCCATGGGCGTAATAGGC,0,3229073
recNp,0.5,1,1,TCGCCAGCCAAATCGTGATT,0,3242205
recNp,0.5,1,1,TCGCATGGCGTGCATATGCA,0,3244982
recNp,0.5,1,1,TCGCAAAGATCACATGTGAT,0,3219893
recNp,0.5,1,1,TCGATGATGTGCTCGGATTC,0,3233512
recNp,0.5,1,1,TCGATCAAAATTTTGGACCG,0,3225316
recNp,0.5,1,1,TCGAGTACTAGACAGGTTAA,0,3224509
recNp,0.5,1,1,TCGAGGCGGCCTAACGGTCA,0,3227842
recNp,0.5,1,1,TCGAGCTTAACGGTAGTGGG,0,3253455
recNp,0.5,1,1,TCGACTAACTCTCCAGAAAA,0,3244130
recNp,0.5,1,1,TCGACGACCTGGTCACCGTG,0,3241744
recNp,0.5,1,1,TCGACAGGGTAGCTATAGGA,0,3238186
recNp,0.5,1,1,TCGAATTGTTTGCGAATGGA,0,3247937
recNp,0.5,1,1,TCGAATAATGAATACCTAGG,0,3246956
recNp,0.5,1,1,TCCTGCTAATAGACACTTTG,0,3235530
recNp,0.5,1,1,TCCTGCATCTGACAGGCGAA,0,3254280
recNp,0.5,1,1,TCCTGAATGATCACCCCCGA,0,3231128
recNp,0.5,1,1,TCCTCTGTATCGTCATGAAA,0,3251971
recNp,0.5,1,1,TCCTCAGACCAGGGCGTTGG,0,3240386
recNp,0.5,1,1,TCCTCAAACCCAGTCAGTGC,0,3227303
recNp,0.5,1,1,TCCGTCTAATTGGCCTCCAC,0,3223847
recNp,0.5,1,1,TCCGTAGGCTGCAGCGCCCA,0,3248210
recNp,0.5,1,1,TCCGTAAGCATTTCTTCGTT,0,3244172
recNp,0.5,1,1,TCCGGTATTCGGTCCGTACC,0,3242345
recNp,0.5,1,1,TCCGCTTCTATAGGGAGATC,0,3244194
recNp,0.5,1,1,TCCCGTTGTACTGCTAAAAG,0,3241020
recNp,0.5,1,1,TCCCGGCATTGCCCGGTTAG,0,3245458
recNp,0.5,1,1,TCCCGATGCTACGTGATTTC,0,3220931
recNp,0.5,1,1,TCCCAGTAGGGTCCTGTCTG,0,3219190
recNp,0.5,1,1,TCCCAGGTGTGGGCTTCTAA,0,3228883
recNp,0.5,1,1,TCCAGTTCTGAACGGTGTCA,0,3246863
recNp,0.5,1,1,TCCAGCTAGTAATTGCTTAA,0,3233276
recNp,0.5,1,1,TCCACTTAGAGGAATAGGTT,0,3231532
recNp,0.5,1,1,TCCACCCCGTTTCTTACTGC,0,3217580
recNp,0.5,1,1,TCCAAGAAGTAGGGGCCACG,0,3218343
recNp,0.5,1,1,TCATTATGCCTACGTTAGGA,0,3238113
recNp,0.5,1,1,TCATTAGAAACGGCACTTAT,0,3254779
recNp,0.5,1,1,TCATGTAGACCGAGTGGTAC,0,3217460
recNp,0.5,1,1,TCATGTAATGGCGGCTAGTG,0,3235681
recNp,0.5,1,1,TCATGAGATGTTCCCGTGGG,0,3242307
recNp,0.5,1,1,TCATGAGAAACTTAGTAAAG,0,3218537
recNp,0.5,1,1,TCATCTGCTGTATAGTGCAT,0,3225017
recNp,0.5,1,1,TCATCGGATAACAGACACAA,0,3247720
recNp,0.5,1,1,TCATCCGAGTCGGTTTTTTC,0,3237912
recNp,0.5,1,1,TCAGTGCTGGCTCGGTGGGA,0,3219994
recNp,0.5,1,1,TCAGTATTATCAAGGTTGGT,0,3236758
recNp,0.5,1,1,TCAGGATCGCTAGAAGTACC,0,3234765
recNp,0.5,1,1,TCAGCGGGTAGGGAATCGCT,0,3229474
recNp,0.5,1,1,TCACGGGGGTGTACAACGTC,0,3252819
recNp,0.5,1,1,TCACGACGGTTATCTGCTAT,0,3229261
recNp,0.5,1,1,TCACCGTAAGGCATAGGCGG,0,3239376
recNp,0.5,1,1,TCACAATTTCCCCCGAAATC,0,3237754
recNp,0.5,1,1,TCAAGGGCTCGGGTAGCGGC,0,3225103
recNp,0.5,1,1,TCAAGGATCCCGCGGCTTGC,0,3219266
recNp,0.5,1,1,TCAAGCGCTTTAAATCGTGG,0,3236882
recNp,0.5,1,1,TCAACTCTCGGGCGCGAGAT,0,3216876
recNp,0.5,1,1,TCAACAGCGCGATTGGCATT,0,3238651
recNp,0.5,1,1,TCAAAGGGCTCGCTCGTTTA,0,3242503
recNp,0.5,1,1,TATTTGACTTGGTTCCACTA,0,3229781
recNp,0.5,1,1,TATTGGAGTAACTGCGGCGC,0,3224203
recNp,0.5,1,1,TATTCTTTAGTTTTCGCAAA,0,3227506
recNp,0.5,1,1,TATTCAGGCGTAGATCGCCA,0,3240757
recNp,0.5,1,1,TATTAGGGCTACATTCGAAC,0,3254484
recNp,0.5,1,1,TATTAGACGCTGGCCGGGAC,0,3219882
recNp,0.5,1,1,TATGTGGCAGTCAGTCCTAC,0,3222986
recNp,0.5,1,1,TATGTAGTGGGCGCCCAAAG,0,3247663
recNp,0.5,1,1,TATGTACCGCCTGCCTGCAT,0,3217944
recNp,0.5,1,1,TATGGTGAGTTGACAAGGAA,0,3240922
recNp,0.5,1,1,TATGGTACTGGGAAATGCCT,0,3220188
recNp,0.5,1,1,TATGATGTTTTACCCTACCT,0,3238601
recNp,0.5,1,1,TATCTTCAGCTCGTGCCGGT,0,3235887
recNp,0.5,1,1,TATCTGCCCCCTTGGACTGG,0,3252600
recNp,0.5,1,1,TATCTCTTGTTGTTGATAGA,0,3236757
recNp,0.5,1,1,TATCTCGTCCGCTCATTAAC,0,3234330
recNp,0.5,1,1,TATCTAGTGGGTGGCTTACA,0,3241554
recNp,0.5,1,1,TATCGTGCTAGCTGAACTAG,0,3216424
recNp,0.5,1,1,TATCGGTGGGTTCTTCTAGT,0,3232242
recNp,0.5,1,1,TATCGGGGAGATTTATTTAA,0,3249503
recNp,0.5,1,1,TATCGGACCACTCGGAACGA,0,3220865
recNp,0.5,1,1,TATCCTAGTCGGGCATTGCG,0,3243151
recNp,0.5,1,1,TATCCGGCTGCGATCTTAAC,0,3242821
recNp,0.5,1,1,TATCCCCTTAGCCCGCCTCT,0,3216319
recNp,0.5,1,1,TATCATTGTGTGGGCAAATG,0,3244512
recNp,0.5,1,1,TATATCGGGTGGCCATAATA,0,3235736
recNp,0.5,1,1,TATATAAAGTTGCCTTGCTT,0,3247298
recNp,0.5,1,1,TATACGAGAAATAGATACAT,0,3221406
recNp,0.5,1,1,TATAACTCCGTTATATACAT,0,3228239
recNp,0.5,1,1,TATAAACGTTAAGATCGCCA,0,3221593
recNp,0.5,1,1,TAGGTGCTTTTCTAAAGGGT,0,3253682
recNp,0.5,1,1,TAGGGAGTGAACCGTGGTGT,0,3227199
recNp,0.5,1,1,TAGGGAAATCAGTCTCGCAT,0,3242326
recNp,0.5,1,1,TAGGACTTACATAGTTTTTG,0,3246534
recNp,0.5,1,1,TAGCTGGGGGTATGAGAGTA,0,3240674
recNp,0.5,1,1,TAGCTGGAGTTAGGCCGGGT,0,3216365
recNp,0.5,1,1,TAGCTAATGAGTCATGGGAT,0,3235190
recNp,0.5,1,1,TAGCGTACTAGTTAGAGTAA,0,3226751
recNp,0.5,1,1,TAGCGATGTTGTCACACGGA,0,3252815
recNp,0.5,1,1,TAGCCGCCATTAGAAGTGTA,0,3227226
recNp,0.5,1,1,TAGCACACGATCAAATAGCC,0,3234663
recNp,0.5,1,1,TAGATTAAAAGTAGACAGCG,0,3250610
recNp,0.5,1,1,TAGAGTTTGGGGTCAAGAGT,0,3251624
recNp,0.5,1,1,TAGAGTCTTTATGACCGATT,0,3226159
recNp,0.5,1,1,TAGAATGACCACGTAGACCC,0,3233011
recNp,0.5,1,1,TACTTACGTTCGTTACTTGT,0,3235828
recNp,0.5,1,1,TACTGTCTCTTTCTACAGGC,0,3228339
recNp,0.5,1,1,TACTGGAAATTTGGTAGATT,0,3232708
recNp,0.5,1,1,TACTGATGTCACTGCATGTT,0,3248898
recNp,0.5,1,1,TACTCCTACAGCAAATGGAT,0,3237703
recNp,0.5,1,1,TACTACATTCGCACGGGTTA,0,3240089
recNp,0.5,1,1,TACGTCTGTGTAGTTCAGAG,0,3242231
recNp,0.5,1,1,TACGTCCGACTAACCGCGGG,0,3225349
recNp,0.5,1,1,TACGTAACGAAGTCTGGCAG,0,3225590
recNp,0.5,1,1,TACGCCCTACATGTAATACT,0,3250660
recNp,0.5,1,1,TACGATCTGGTTTGGAGACT,0,3237837
recNp,0.5,1,1,TACCTTATGCCAGCGAATTC,0,3220289
recNp,0.5,1,1,TACCTGACGCCTGGATATGG,0,3223423
recNp,0.5,1,1,TACCTATCGGCTCGCAAAGG,0,3253933
recNp,0.5,1,1,TACCGGTGTAAGCCCTAAGC,0,3218616
recNp,0.5,1,1,TACCGACAAAATTGACCATT,0,3232901
recNp,0.5,1,1,TACATTTCGCTCGAATTTCC,0,3242094
recNp,0.5,1,1,TACATGTGCCCGCGAACACC,0,3242418
recNp,0.5,1,1,TACATAGCAGACGTGAAAAT,0,3217085
recNp,0.5,1,1,TACAGGGGGGCCGAAATACC,0,3235289
recNp,0.5,1,1,TACAGGCCAGGTTCATGACT,0,3239189
recNp,0.5,1,1,TAATTCGGTAATAGCACAGA,0,3234659
recNp,0.5,1,1,TAATGTAGTAATTTGGGGGT,0,3250594
recNp,0.5,1,1,TAATAGGCGCCGCGTATCAT,0,3234455
recNp,0.5,1,1,TAATACGAAGATGCCCCAGC,0,3219033
recNp,0.5,1,1,TAACTTCTTTCCGCCTTGAG,0,3223650
recNp,0.5,1,1,TAACTGATAGAGCCCTTCAA,0,3237500
recNp,0.5,1,1,TAACAAAACTGCAGTTCAAC,0,3216360
recNp,0.5,1,1,TAAAGGAGTGCGCGACTGTA,0,3255012
recNp,0.5,1,1,TAAAATGGGTTATCTCTTCG,0,3235997
recNp,0.5,1,1,TAAAATCGGCGCGAAATTGT,0,3242333
recNp,0.5,1,1,GTTTTGCTAACGATAATGAA,0,3245330
recNp,0.5,1,1,GTTTTCCCACCCCCCAGTCT,0,3254953
recNp,0.5,1,1,GTTTTCAACAAGGAGTCTAG,0,3243409
recNp,0.5,1,1,GTTTTAAAGGGCCGATGGTC,0,3221005
recNp,0.5,1,1,GTTTGCCCGGTCTGTGGACA,0,3233391
recNp,0.5,1,1,GTTTCTAGATTGAGCTAGAA,0,3235642
recNp,0.5,1,1,GTTTCCGAATAGTCATAACT,0,3218249
recNp,0.5,1,1,GTTTAATACCTGGGATAACC,0,3249596
recNp,0.5,1,1,GTTGTTAACATTTCTTGGAC,0,3235332
recNp,0.5,1,1,GTTGTCATCCCAGTGCTATA,0,3243179
recNp,0.5,1,1,GTTGTATCTCTCGTATCACT,0,3248647
recNp,0.5,1,1,GTTGGGGTCTCGGACCATGG,0,3238919
recNp,0.5,1,1,GTTGCCCTGGGCTACCCCAG,0,3254106
recNp,0.5,1,1,GTTGATTTTCCTGGATTGGA,0,3237305
recNp,0.5,1,1,GTTGATCTCTAATATGTCCC,0,3235317
recNp,0.5,1,1,GTTGACGAGCTTGACAGTCC,0,3251697
recNp,0.5,1,1,GTTCGTTGTTGGAAACCATA,0,3243966
recNp,0.5,1,1,GTTCCCGCAGACCAATCGGT,0,3219448
recNp,0.5,1,1,GTTCCACTGGTAACCACAAC,0,3228847
recNp,0.5,1,1,GTTATTACTCGCGCTCTTTT,0,3240756
recNp,0.5,1,1,GTTATGCTACAAAGGCCCAA,0,3246952
recNp,0.5,1,1,GTTATCAAGGGCCTCGGCTA,0,3227678
recNp,0.5,1,1,GTTAGCTATCGGTTCTGGAT,0,3244162
recNp,0.5,1,1,GTTACTTTGTGCGAGTATGC,0,3240977
recNp,0.5,1,1,GTTACGGTTTGGAATATGAG,0,3238411
recNp,0.5,1,1,GTTACCATCGACTCAGCGAC,0,3253538
recNp,0.5,1,1,GTTAAACGCTGCCATGCCTC,0,3249479
recNp,0.5,1,1,GTGTTATATAGAATATCACG,0,3229201
recNp,0.5,1,1,GTGTGTTATGTTCTAGGGAC,0,3250998
recNp,0.5,1,1,GTGTGATTGATCAAGAGCCT,0,3238530
recNp,0.5,1,1,GTGTAGGGCAGATCCCAACT,0,3240670
recNp,0.5,1,1,GTGTACTATATGGAATTTCC,0,3224238
recNp,0.5,1,1,GTGGGTCTCCGGGAGTCAAG,0,3235609
recNp,0.5,1,1,GTGGGTAACTGGGCCAGCAG,0,3237806
recNp,0.5,1,1,GTGCTTATATTACTCTGCGT,0,3237440
recNp,0.5,1,1,GTGCGCGAGATAGTGTCTTT,0,3220645
recNp,0.5,1,1,GTGCCTTGGACCCTCCTCCG,0,3256015
recNp,0.5,1,1,GTGCCCTCGCACTTCAATCG,0,3240888
recNp,0.5,1,1,GTGCAATGACAACTCAATTT,0,3246324
recNp,0.5,1,1,GTGACTGTACGGAGGATCTG,0,3221478
recNp,0.5,1,1,GTGACGGGCAGGGGTAGGAA,0,3221803
recNp,0.5,1,1,GTGACGAGACCGGGTCAGGT,0,3244310
recNp,0.5,1,1,GTGACATCATCGAGTTAGCA,0,3228899
recNp,0.5,1,1,GTCTTTAACGGTACAAAGAG,0,3244052
recNp,0.5,1,1,GTCTGGGAAATCCCCATTGA,0,3248768
recNp,0.5,1,1,GTCTGCTTGGATCTCATTTG,0,3240974
recNp,0.5,1,1,GTCTATTGCCAAAGCCAAGT,0,3238183
recNp,0.5,1,1,GTCGTTAACCTAGCTTGTTT,0,3250853
recNp,0.5,1,1,GTCGTGGCGCTCAGAGATAC,0,3236953
recNp,0.5,1,1,GTCGTGACACGCTAGTTGCC,0,3230458
recNp,0.5,1,1,GTCGTCGATGTCCTTTAAAG,0,3248349
recNp,0.5,1,1,GTCGGCACGGCCTTCTGCAC,0,3246139
recNp,0.5,1,1,GTCGCTGAAGTTGCGCGTTA,0,3252082
recNp,0.5,1,1,GTCGATATGAGCCTCGCGAT,0,3235266
recNp,0.5,1,1,GTCGAAGAGCTGGACCAAGA,0,3219306
recNp,0.5,1,1,GTCCTTACTGGCCGCATTCT,0,3250864
recNp,0.5,1,1,GTCCCTCCAAACCGTGTGCC,0,3251278
recNp,0.5,1,1,GTCCCGTTAGGGGTCTCCGC,0,3252057
recNp,0.5,1,1,GTCCCGTGTACAACTCTCTG,0,3240378
recNp,0.5,1,1,GTCCCGGGGTGATAGGAGTC,0,3235080
recNp,0.5,1,1,GTCCATGATGGGTTATACTT,0,3255740
recNp,0.5,1,1,GTCCAGGGTATGTAGTAAAA,0,3253830
recNp,0.5,1,1,GTCCAATAGTAACCCATGTC,0,3220471
recNp,0.5,1,1,GTCATGCGGAGTGTGCCGTG,0,3233142
recNp,0.5,1,1,GTCACCGGAATCTAACTTAT,0,3249918
recNp,0.5,1,1,GTCAAGAGGCGCAGAGGGTT,0,3226360
recNp,0.5,1,1,GTATTGATCCATAATTCAGG,0,3235858
recNp,0.5,1,1,GTATGAACTCTGGCCATATA,0,3222214
recNp,0.5,1,1,GTATCGGACATATATAACCT,0,3239025
recNp,0.5,1,1,GTATCCGACTCCAAATTCAA,0,3228955
recNp,0.5,1,1,GTATCCCCCGATGGCTCAGA,0,3240346
recNp,0.5,1,1,GTATCCATAAGCCTGTCGGA,0,3230451
recNp,0.5,1,1,GTAGTGTCCTCCTTCAATCT,0,3250082
recNp,0.5,1,1,GTAGTGATAATTAGTCAATA,0,3227999
recNp,0.5,1,1,GTAGGGGGGAATACAAGGGA,0,3248928
recNp,0.5,1,1,GTAGGGGGAGGGCTAAGTCC,0,3237429
recNp,0.5,1,1,GTAGCTGTGCTCAGCCCTAG,0,3249766
recNp,0.5,1,1,GTAGCAGCAGCTAATTTTGT,0,3225794
recNp,0.5,1,1,GTAGAGCCCTGTCAGGGAGA,0,3228270
recNp,0.5,1,1,GTAGAATTTTCCCGCGGGCA,0,3241256
recNp,0.5,1,1,GTACTGGTCAATACGCGGTA,0,3222254
recNp,0.5,1,1,GTACTGAAATAGTTTCTGTT,0,3237148
recNp,0.5,1,1,GTACGTCATCTACTTGTGGC,0,3222305
recNp,0.5,1,1,GTACGAACTTGGCAACTGGG,0,3218407
recNp,0.5,1,1,GTACCAAGGTGCGGCGCTGC,0,3242279
recNp,0.5,1,1,GTACAGAGTAAGCCCCCTGA,0,3225919
recNp,0.5,1,1,GTAAGTATATGACGTATTAT,0,3221627
recNp,0.5,1,1,GTAACCAGGGCCTAGGACTT,0,3221762
recNp,0.5,1,1,GGTTTACCTAACTGGTGGTG,0,3218745
recNp,0.5,1,1,GGTTGTTCTATAAGATTTCA,0,3234781
recNp,0.5,1,1,GGTTGATCGAGAAGCTTTTG,0,3216529
recNp,0.5,1,1,GGTTCGTAGGAGGTTTCGGG,0,3226068
recNp,0.5,1,1,GGTTATTCCCGATGGGTACA,0,3229397
recNp,0.5,1,1,GGTGTTCGCTACGGTGGTCA,0,3242867
recNp,0.5,1,1,GGTGTGTGTTGGTCACCCGA,0,3216563
recNp,0.5,1,1,GGTGTGTCACGGCCGCGGGG,0,3239846
recNp,0.5,1,1,GGTGTGCGTGCAACGCAGGT,0,3219506
recNp,0.5,1,1,GGTGGATATCATAAAACACA,0,3233229
recNp,0.5,1,1,GGTGCGATCCAACATACCGA,0,3250156
recNp,0.5,1,1,GGTGCAGGTCTGTACCCCTG,0,3231801
recNp,0.5,1,1,GGTGACGGTGTACTGTTTAA,0,3239018
recNp,0.5,1,1,GGTGAAGGAAACATCGGGTC,0,3251866
recNp,0.5,1,1,GGTCTCGGCCAACTTTAGGG,0,3229327
recNp,0.5,1,1,GGTCCGATATCCCAAGGTAT,0,3231793
recNp,0.5,1,1,GGTCAGCTACGGGATCCAGA,0,3241130
recNp,0.5,1,1,GGTCACTATAAAAATTCGGA,0,3243097
recNp,0.5,1,1,GGTCACGAACTAAGGGGTTA,0,3252536
recNp,0.5,1,1,GGTATTTCATGAAAAGTGGC,0,3243776
recNp,0.5,1,1,GGTATTGCGTTATTTGCTGG,0,3231052
recNp,0.5,1,1,GGTACTGTTGGGCGGCCTAT,0,3247237
recNp,0.5,1,1,GGTACCGTGCTGTTCGTCCC,0,3218506
recNp,0.5,1,1,GGTAAGGTCACAAGATGTTA,0,3227304
recNp,0.5,1,1,GGTAAGGAGCATGTTACGTG,0,3250544
recNp,0.5,1,1,GGTAAATTTTCACAGTATAG,0,3237157
recNp,0.5,1,1,GGGTTATAAATAGAGTTGTA,0,3242111
recNp,0.5,1,1,GGGTGCTAGGCCCATACCCC,0,3239803
recNp,0.5,1,1,GGGTGCATTCCCCGCGAGAG,0,3219952
recNp,0.5,1,1,GGGTCGAGTCTTCCAGGGAT,0,3229669
recNp,0.5,1,1,GGGTAAAAAAGTGAGATCCC,0,3233757
recNp,0.5,1,1,GGGGTATGCCCTTCTTAGAC,0,3237599
recNp,0.5,1,1,GGGGGCCACTGCTTTATGTT,0,3242668
recNp,0.5,1,1,GGGGCGAAACGCATACTTGG,0,3223742
recNp,0.5,1,1,GGGGAGCAAGACTCGTCGTG,0,3248051
recNp,0.5,1,1,GGGCTCTTGTAAACTCTTTG,0,3255357
recNp,0.5,1,1,GGGCTCGTGCAGATTGCGTA,0,3217747
recNp,0.5,1,1,GGGCTCGACCCGTGCTAGAC,0,3222549
recNp,0.5,1,1,GGGCTAGCCGGAAAGCTACT,0,3229100
recNp,0.5,1,1,GGGCGCTTTTTTTCGTTGTC,0,3250608
recNp,0.5,1,1,GGGCCCGGCTGCATTGCACT,0,3216998
recNp,0.5,1,1,GGGCCAATGAGGCAGAAAAC,0,3232280
recNp,0.5,1,1,GGGCACCTCTTCTCCCTCGG,0,3227888
recNp,0.5,1,1,GGGCAAGGTGGCCTGAATTA,0,3219557
recNp,0.5,1,1,GGGATCCAGAAACTTCATAC,0,3222742
recNp,0.5,1,1,GGGATATTCGGGTATTTTAT,0,3234041
recNp,0.5,1,1,GGGACTTCGCTATGTAGGAT,0,3245706
recNp,0.5,1,1,GGGAAGTATGCCCGTGAATT,0,3232003
recNp,0.5,1,1,GGCTGGGAGACTGAGGACGG,0,3253842
recNp,0.5,1,1,GGCTGAGCCAGTAGATGCTC,0,3245870
recNp,0.5,1,1,GGCTCGCCCTCGGACCCAGG,0,3221022
recNp,0.5,1,1,GGCTAACTTCGTTCGGAGAA,0,3233307
recNp,0.5,1,1,GGCTAAATCCGGCGAAAACG,0,3219010
recNp,0.5,1,1,GGCGGTGCGTGAACGACAAG,0,3251000
recNp,0.5,1,1,GGCGCGGCCTTTGATACCCT,0,3217248
recNp,0.5,1,1,GGCGCGGCCCTTCACCTAAT,0,3226921
recNp,0.5,1,1,GGCCTGCATATTGCTGAACT,0,3223761
recNp,0.5,1,1,GGCCTGACTCTGACGGTAAA,0,3244328
recNp,0.5,1,1,GGCCCTGAGTAAACGAACAG,0,3225166
recNp,0.5,1,1,GGCCCCTATTTTATAAGTGC,0,3244207
recNp,0.5,1,1,GGCCCCGGGCTTCTACTGGC,0,3217012
recNp,0.5,1,1,GGCCCCGCTTCCGGTTGACG,0,3244051
recNp,0.5,1,1,GGCCACTGACGCCAACCCGC,0,3219601
recNp,0.5,1,1,GGCATGAATAGCGGATATTC,0,3231241
recNp,0.5,1,1,GGCATCGGGCCTTATTCTGG,0,3235399
recNp,0.5,1,1,GGCATCCGCGGTATGGCGAA,0,3216530
recNp,0.5,1,1,GGCATACTCTCCGTTGCTAA,0,3251925
recNp,0.5,1,1,GGCAGTAGCAGCATACCCCG,0,3251612
recNp,0.5,1,1,GGCAGATGCCTCCGTTGCCC,0,3223466
recNp,0.5,1,1,GGCACTCTCAGGGGTCATAT,0,3218989
recNp,0.5,1,1,GGCACTCAACTGTACCCCTA,0,3245609
recNp,0.5,1,1,GGCACATAACAAGCTAATCC,0,3233557
recNp,0.5,1,1,GGCAAGGCCAACGATAGTAC,0,3247312
recNp,0.5,1,1,GGATTGTCTAAATCGGGGCA,0,3247593
recNp,0.5,1,1,GGATCGGTCACGACGCATCT,0,3250591
recNp,0.5,1,1,GGATCCCGTCGAGTGCACGC,0,3218359
recNp,0.5,1,1,GGATCAATGGATTTCGACGA,0,3255650
recNp,0.5,1,1,GGATATTGCGGTGCGCGTTG,0,3241820
recNp,0.5,1,1,GGATAGTGACTAGATTGGAC,0,3216878
recNp,0.5,1,1,GGATAGACTAAAGGCGTGGT,0,3252789
recNp,0.5,1,1,GGAGGATGCCTCATTCAATG,0,3226024
recNp,0.5,1,1,GGAGCTCAACGTTGGTTCAC,0,3246715
recNp,0.5,1,1,GGAGCAGTTTAGCAAACCGG,0,3225355
recNp,0.5,1,1,GGACTTCGCACAGGTCACTA,0,3251980
recNp,0.5,1,1,GGACGGACCGTCCCTAAGTC,0,3255656
recNp,0.5,1,1,GGACCATGATGCGAATCAGC,0,3226763
recNp,0.5,1,1,GGACATGCTATGTTTCCGAA,0,3225482
recNp,0.5,1,1,GGAAGCAGACGAGAATCGCA,0,3254555
recNp,0.5,1,1,GCTTTCAGTGTCACTGCGAT,0,3229065
recNp,0.5,1,1,GCTTTAACGAGCACTGTTTT,0,3222004
recNp,0.5,1,1,GCTTGCTCTCATCTGGCCTT,0,3217101
recNp,0.5,1,1,GCTTCTCGCAGATCTTGGCA,0,3223828
recNp,0.5,1,1,GCTTAATTTCGTACCTTAAC,0,3241229
recNp,0.5,1,1,GCTTAAGTCGCCTTGTACCT,0,3244400
recNp,0.5,1,1,GCTTAACGTGCTAGCCCGCC,0,3242614
recNp,0.5,1,1,GCTGTATGTGCTCCTTAGCA,0,3252699
recNp,0.5,1,1,GCTGGTTTGTTAGTCCTGCC,0,3255844
recNp,0.5,1,1,GCTGGTTCAGAGCATCCGCA,0,3246526
recNp,0.5,1,1,GCTGGCAGTCATGTATACGC,0,3233027
recNp,0.5,1,1,GCTGCTTAACGACAACACGC,0,3229720
recNp,0.5,1,1,GCTGCTCCAGGGTAGTGAGT,0,3244932
recNp,0.5,1,1,GCTGCACCCATCATTCGCCA,0,3233383
recNp,0.5,1,1,GCTGACATACATGCCTCGAG,0,3241360
recNp,0.5,1,1,GCTCTGCTACGTTCGGAAGG,0,3232091
recNp,0.5,1,1,GCTCACGGTGGGGGGACGCA,0,3232008
recNp,0.5,1,1,GCTCACATTCCGGGAACCGC,0,3245475
recNp,0.5,1,1,GCTATACAGGTTATCCAGCC,0,3246344
recNp,0.5,1,1,GCTAGGTAGCATCTAGTGCA,0,3241418
recNp,0.5,1,1,GCTAATTGTGAGAAAGCAAA,0,3231528
recNp,0.5,1,1,GCTAATAACCATGCGTTAGC,0,3251427
recNp,0.5,1,1,GCGTTTAGGACCACCCCATA,0,3248719
recNp,0.5,1,1,GCGTTGTAACTACGAGGCTC,0,3222069
recNp,0.5,1,1,GCGTTGGGTGCCTCATGTTG,0,3218937
recNp,0.5,1,1,GCGTTCCGTGGCCCCTCTAG,0,3252807
recNp,0.5,1,1,GCGTTCCGCAATAACTGATG,0,3232241
recNp,0.5,1,1,GCGTGCTCTGAAGCGCAATC,0,3221897
recNp,0.5,1,1,GCGTGCCAGTGGAAGCGAGG,0,3244496
recNp,0.5,1,1,GCGTGCACAGCGTCGCTGCC,0,3221756
recNp,0.5,1,1,GCGTGACGGGGCTTTTTTGT,0,3226191
recNp,0.5,1,1,GCGTCTCAGACGTAGGCAAT,0,3223881
recNp,0.5,1,1,GCGTCGCGCAAAGTTGAAAA,0,3244605
recNp,0.5,1,1,GCGTCCTTCTACCGGTCGCC,0,3241234
recNp,0.5,1,1,GCGTCAGGAGACAGCAGTGA,0,3230708
recNp,0.5,1,1,GCGGGTTCTATAAGTTTTCT,0,3223855
recNp,0.5,1,1,GCGGGCAGGTCCTGCACTCC,0,3241090
recNp,0.5,1,1,GCGGCCTATTAAAATTATAA,0,3228552
recNp,0.5,1,1,GCGCTAGAACCTATAAGGCG,0,3246919
recNp,0.5,1,1,GCGCGAGATTCTCTTGGTTT,0,3217220
recNp,0.5,1,1,GCGCCCTGATGTCGTCATGT,0,3245894
recNp,0.5,1,1,GCGCCCATGGAGATAATCTT,0,3226823
recNp,0.5,1,1,GCGCAATTTGCGCAATAATG,0,3223054
recNp,0.5,1,1,GCGCAACAGGTTGTCGTCAA,0,3235200
recNp,0.5,1,1,GCGATACGGAGAGTTGTAAA,0,3221608
recNp,0.5,1,1,GCGAGAATCTCCGTTAACGT,0,3222459
recNp,0.5,1,1,GCGAAGCGGGAAGTAAACCC,0,3234045
recNp,0.5,1,1,GCGAACTAACTTCCACTTTT,0,3228822
recNp,0.5,1,1,GCCTTGGTACCCTAACTATG,0,3238109
recNp,0.5,1,1,GCCTGCAGTCGTCGGCTCGC,0,3225067
recNp,0.5,1,1,GCCTCCTATTAGGCGAGAGA,0,3230535
recNp,0.5,1,1,GCCTCATCGACCCCATATGA,0,3251787
recNp,0.5,1,1,GCCTATATCTACTACCGGAA,0,3237573
recNp,0.5,1,1,GCCTAGCGTGAGGTAGCGTG,0,3245166
recNp,0.5,1,1,GCCGTGCGTGCACATCATCA,0,3241055
recNp,0.5,1,1,GCCGGTATAGCGAGTATAAA,0,3217301
recNp,0.5,1,1,GCCGGCATGGCTGAGGCTTG,0,3241166
recNp,0.5,1,1,GCCGGATCTTCCTGCATTGC,0,3218914
recNp,0.5,1,1,GCCGCTGACCTGGCAATGAG,0,3229137
recNp,0.5,1,1,GCCGCTCGTAACTTATTGCC,0,3220480
recNp,0.5,1,1,GCCGCAAACAGGACCCGTCC,0,3234030
recNp,0.5,1,1,GCCCTTGGTCCAGAGCGGGT,0,3237476
recNp,0.5,1,1,GCCCGGAGATTGGTCCTAAG,0,3252442
recNp,0.5,1,1,GCCCAAAGATCATGTGTTAG,0,3247751
recNp,0.5,1,1,GCCATTGCATACGGTCTAGC,0,3233369
recNp,0.5,1,1,GCCATCGCACTCCGTCTCCA,0,3223153
recNp,0.5,1,1,GCCAGTAAGGACGGGGGAAA,0,3239146
recNp,0.5,1,1,GCCAGAGAAGCTAGATCGTT,0,3250130
recNp,0.5,1,1,GCCACCTATTGGGTACTTGA,0,3248674
recNp,0.5,1,1,GCCAAACCGGCGAACGGCTC,0,3239065
recNp,0.5,1,1,GCATCCAGGCTCGGGCCGGA,0,3254447
recNp,0.5,1,1,GCAGTTCTATACGAGTACTA,0,3225753
recNp,0.5,1,1,GCAGTTCGATGCGAAGCAAC,0,3239086
recNp,0.5,1,1,GCAGTCGTATTGTGCAGTGG,0,3247901
recNp,0.5,1,1,GCAGGACTTACCTACAGGCG,0,3255255
recNp,0.5,1,1,GCAGGAATATGCCATTATGA,0,3218618
recNp,0.5,1,1,GCAGCGTTGGGTGTGTGTCT,0,3240494
recNp,0.5,1,1,GCAGAATTGTAGTTAGTACT,0,3237575
recNp,0.5,1,1,GCACGCATTCGCCCGGAGAT,0,3244049
recNp,0.5,1,1,GCACGAAGTGACTCACAGCT,0,3250772
recNp,0.5,1,1,GCACCGTGGTGGAGGTTAGT,0,3244747
recNp,0.5,1,1,GCACCGCGATGGATGGCAGT,0,3238195
recNp,0.5,1,1,GCACATCGTTCGGTTGTGAA,0,3219656
recNp,0.5,1,1,GCAATTGAGGGAATTTGGGG,0,3251614
recNp,0.5,1,1,GCAAGCGACAGATGTCTGAC,0,3225514
recNp,0.5,1,1,GCAAGATAAGCACAGCGCCC,0,3237048
recNp,0.5,1,1,GCAACGATGGGTAACCAAGC,0,3243057
recNp,0.5,1,1,GCAACAACCCGACGGCGTCC,0,3234433
recNp,0.5,1,1,GATTTCGTGCGTCGCGGCTC,0,3228147
recNp,0.5,1,1,GATTTACCATGGGAGGTCCC,0,3216448
recNp,0.5,1,1,GATTGTTTGCGCTTTGCGTG,0,3254879
recNp,0.5,1,1,GATTGGTGCCGTTCAAAGTT,0,3251619
recNp,0.5,1,1,GATTCATGGGGTTTGGTTCG,0,3220185
recNp,0.5,1,1,GATTCACGCCCCTGCATTTC,0,3236198
recNp,0.5,1,1,GATGTTAGTCTATCGGATCT,0,3250218
recNp,0.5,1,1,GATGAGTTCTAGAAGGATTG,0,3235324
recNp,0.5,1,1,GATGAGCGTGATAATATTTC,0,3250896
recNp,0.5,1,1,GATGAGCGAACTGATCGGAT,0,3237901
recNp,0.5,1,1,GATCTCAGGTAGAAAAGCAA,0,3236896
recNp,0.5,1,1,GATCGTTATGTGCCTGCTAA,0,3237945
recNp,0.5,1,1,GATCGGTAACAGTGAAAGCG,0,3250470
recNp,0.5,1,1,GATCGCGGCCGGCTGAATCA,0,3250368
recNp,0.5,1,1,GATCCCGTTCTGAGTTTCCT,0,3247787
recNp,0.5,1,1,GATCCATCCATTATTTCCCT,0,3247878
recNp,0.5,1,1,GATCATCTTCTTGAAGGTCC,0,3225338
recNp,0.5,1,1,GATCAGGTCATATGGTCAGT,0,3247422
recNp,0.5,1,1,GATATTAATAACCTCCCCGC,0,3221189
recNp,0.5,1,1,GATACTCAGTCGTGTTCGAC,0,3226756
recNp,0.5,1,1,GATACTATGTTAGCGAGCGC,0,3231796
recNp,0.5,1,1,GATACAACCGTCCGGTCAGC,0,3231169
recNp,0.5,1,1,GAGTCAGGCGGGAGTATTCC,0,3223530
recNp,0.5,1,1,GAGGTCATGCGTTGTGATAT,0,3219774
recNp,0.5,1,1,GAGGTACCCGTGTCGCGGAC,0,3222475
recNp,0.5,1,1,GAGGCGTGACAGTTGTACGA,0,3238477
recNp,0.5,1,1,GAGGCGACTGGCTTGGTAAC,0,3235817
recNp,0.5,1,1,GAGCTTGACGATCGTTAAGA,0,3254847
recNp,0.5,1,1,GAGCCACTTCGTACCAACGG,0,3238638
recNp,0.5,1,1,GAGCATCGCAAGCCTGAGAT,0,3234436
recNp,0.5,1,1,GAGCAAGTTTAGCGAGTGAA,0,3234601
recNp,0.5,1,1,GAGATCAGCGCTGGTGATCC,0,3252644
recNp,0.5,1,1,GAGAGTACACCCCGAGCTAG,0,3254760
recNp,0.5,1,1,GAGAGCATGACGGCTGTCCA,0,3220159
recNp,0.5,1,1,GAGAATATTTAACTAGATCC,0,3223177
recNp,0.5,1,1,GACTTTTACCCGTCTCCAAG,0,3219496
recNp,0.5,1,1,GACTCTATTGCCGGGATAAA,0,3250066
recNp,0.5,1,1,GACTCGGACGTTACTTATCA,0,3217651
recNp,0.5,1,1,GACTCCCATAGGGCCGAGTT,0,3238716
recNp,0.5,1,1,GACTATCTGGATTGAAAGTC,0,3243773
recNp,0.5,1,1,GACTAGCGGGGAGCGTAGAC,0,3228453
recNp,0.5,1,1,GACGGGGTAACGTAGGCCCT,0,3234682
recNp,0.5,1,1,GACGGCGCAGGTTTCGCCCT,0,3246970
recNp,0.5,1,1,GACGCCTCCGGATTCACCCC,0,3217994
recNp,0.5,1,1,GACGCAAAGGAGACCTGTGA,0,3236150
recNp,0.5,1,1,GACGACTGCGCGCGTCACCG,0,3238689
recNp,0.5,1,1,GACCTATAACCTGATACTGA,0,3233235
recNp,0.5,1,1,GACCGGTGTATTCGGTGTCG,0,3229741
recNp,0.5,1,1,GACCGAGACGACTGTCATTA,0,3226613
recNp,0.5,1,1,GACCCGGGAAGAAGAGGACC,0,3242741
recNp,0.5,1,1,GACCCGGATATTGAAGTGAA,0,3228908
recNp,0.5,1,1,GACCCCAAGTGGGATTTCGT,0,3240717
recNp,0.5,1,1,GACATCTTCGTGATGCGACG,0,3238673
recNp,0.5,1,1,GACATCCTTAGCCTCTGAGT,0,3249114
recNp,0.5,1,1,GACATCCCCAGTGGCATTAC,0,3222460
recNp,0.5,1,1,GACATAGTCATATGAACCCG,0,3244506
recNp,0.5,1,1,GACAGCCATCTAAAATTCAC,0,3228995
recNp,0.5,1,1,GACACCATCGAATGGACAAG,0,3223085
recNp,0.5,1,1,GACAAGTTCACTCCAATAGT,0,3225053
recNp,0.5,1,1,GACAACTCGGCGATGCATCT,0,3228810
recNp,0.5,1,1,GACAACGGGAGCATTGACCT,0,3219494
recNp,0.5,1,1,GAATTAATCTAAGTTACTCC,0,3254789
recNp,0.5,1,1,GAATGAGATTCTGTCGGTAC,0,3226449
recNp,0.5,1,1,GAATATTCGTCCCACTCTTT,0,3221819
recNp,0.5,1,1,GAATAGCTAAGAAAAGTCAA,0,3237270
recNp,0.5,1,1,GAATAATCGGGTATATTTAA,0,3217371
recNp,0.5,1,1,GAAGGTATCCTGAGGACGAA,0,3232599
recNp,0.5,1,1,GAAGGGTTCTTTTTTGCCGA,0,3227326
recNp,0.5,1,1,GAAGCTTCCGCAATGGGACC,0,3235109
recNp,0.5,1,1,GAACTATTCTCGGACACGAC,0,3255296
recNp,0.5,1,1,GAACGTGTTCTGCTTGCCGG,0,3252632
recNp,0.5,1,1,GAACGGAATGGATCGAAAAC,0,3237306
recNp,0.5,1,1,GAACGAATGTTGAATAGTTT,0,3232897
recNp,0.5,1,1,GAACCGGTGTTACACCTACA,0,3240281
recNp,0.5,1,1,GAACCATGGAAGTGCCAACT,0,3237713
recNp,0.5,1,1,GAACAGAACGCCAGGGGCCA,0,3247689
recNp,0.5,1,1,GAAATTTCTCACTAGCGGCA,0,3243725
recNp,0.5,1,1,GAAATGGCGTACGGGTCATG,0,3217087
recNp,0.5,1,1,GAAACTACTTGCGGCAATGG,0,3220170
recNp,0.5,1,1,GAAACATTAATATCATGAGA,0,3245650
recNp,0.5,1,1,GAAAATTCACGTTCCAACTC,0,3253339
recNp,0.5,1,1,CTTTTTCGTCAGCATCGACC,0,3249207
recNp,0.5,1,1,CTTTTGTGGCATTCCAATAG,0,3252935
recNp,0.5,1,1,CTTTTCTTTTTGTGGTCGAG,0,3231955
recNp,0.5,1,1,CTTTGGTGCTCGTATGATGT,0,3247940
recNp,0.5,1,1,CTTTCCAAGCGTACGATCTC,0,3243442
recNp,0.5,1,1,CTTGTGGCTCAATTATACTA,0,3252772
recNp,0.5,1,1,CTTGGGGGATCCCCATCAGT,0,3220577
recNp,0.5,1,1,CTTGGGATGGATAGGGTGTT,0,3249011
recNp,0.5,1,1,CTTGCGGGGTTTCAATAATT,0,3227558
recNp,0.5,1,1,CTTGCCTCATGCCCACGCCT,0,3252024
recNp,0.5,1,1,CTTGCAGTGGCTCCTCTCCT,0,3238540
recNp,0.5,1,1,CTTGACTAATGCGTGTGGGT,0,3241764
recNp,0.5,1,1,CTTGACATCGCTAGAAACAA,0,3219262
recNp,0.5,1,1,CTTGAACAGGAACAGCCGAA,0,3219095
recNp,0.5,1,1,CTTCTAGCGTACGGTGATTA,0,3217879
recNp,0.5,1,1,CTTCGCGTGCTCCGAGCGCG,0,3224452
recNp,0.5,1,1,CTTCGACATTAGATATAAAA,0,3218360
recNp,0.5,1,1,CTTCCCTAGAGACTGAAAGG,0,3249280
recNp,0.5,1,1,CTTCATGGAACCCTCCTTGG,0,3252137
recNp,0.5,1,1,CTTCATCGGGCGTCATGTCT,0,3232149
recNp,0.5,1,1,CTTCAGATATACTCGACAAT,0,3228202
recNp,0.5,1,1,CTTATTTACCACTCGACGCG,0,3240916
recNp,0.5,1,1,CTTATAGGCCCGAGGGAAAC,0,3233261
recNp,0.5,1,1,CTTAGGTAACCTGGCCTACA,0,3243685
recNp,0.5,1,1,CTTAGCGCCAGAAAGTGTAA,0,3249064
recNp,0.5,1,1,CTTACGGATACAGGCGACCC,0,3216451
recNp,0.5,1,1,CTTACACGTTGGGGGCTACA,0,3228102
recNp,0.5,1,1,CTTAACAGGGACGATAAATG,0,3238144
recNp,0.5,1,1,CTGTTGCGCTGCGGGGAAGG,0,3225812
recNp,0.5,1,1,CTGTGGAAGAGGAAAGTGAT,0,3225734
recNp,0.5,1,1,CTGTACTCACTGGTTTATTA,0,3235556
recNp,0.5,1,1,CTGTAAAATTCGTACCGTTT,0,3241051
recNp,0.5,1,1,CTGGTCTAAAGGTCCTACCG,0,3231327
recNp,0.5,1,1,CTGGTCCGGCCTGTTACGAA,0,3230597
recNp,0.5,1,1,CTGGTATAGCACTTCGCACT,0,3232296
recNp,0.5,1,1,CTGGCCTATAAGTGTATACA,0,3238704
recNp,0.5,1,1,CTGGCATCAGACTCATACGG,0,3240007
recNp,0.5,1,1,CTGCTCTAGTGTGAAGCAGC,0,3239774
recNp,0.5,1,1,CTGCGTGGCGCATTTCGCAA,0,3240394
recNp,0.5,1,1,CTGCCATTTCATGAGCGTGT,0,3246392
recNp,0.5,1,1,CTGATTCGGATCGGACTATC,0,3240242
recNp,0.5,1,1,CTGATCTTCGTTGCCGTGTG,0,3242854
recNp,0.5,1,1,CTGATCTAATACAGCTAAGG,0,3249313
recNp,0.5,1,1,CTGATCCCGGGGATATCAAT,0,3244999
recNp,0.5,1,1,CTGAGGACCTTGTTACAGGC,0,3248981
recNp,0.5,1,1,CTGAAGACATAGTGTTCATC,0,3232822
recNp,0.5,1,1,CTCTTTTATGGCCACAATCA,0,3232174
recNp,0.5,1,1,CTCTTGAGTCTTGGAAAGTG,0,3246794
recNp,0.5,1,1,CTCTGGGAATCCGGCGGCGG,0,3244538
recNp,0.5,1,1,CTCTCAGGCCAACGTACCGG,0,3250263
recNp,0.5,1,1,CTCTATCGGTACTTCGTTAT,0,3245253
recNp,0.5,1,1,CTCTATATAACGCACATGTC,0,3236211
recNp,0.5,1,1,CTCTAGAGTTCCGGTGACCG,0,3242845
recNp,0.5,1,1,CTCTACGCCTGTGAAGACTA,0,3239274
recNp,0.5,1,1,CTCTAATATGGGTGCCGTGA,0,3236722
recNp,0.5,1,1,CTCTAAAAGCGTATCACGTA,0,3218722
recNp,0.5,1,1,CTCGTACGTAGTTGCATTTG,0,3234405
recNp,0.5,1,1,CTCGGGACCTAGAGTCGTGT,0,3235365
recNp,0.5,1,1,CTCGGCCGTGAGAATCCCAC,0,3225801
recNp,0.5,1,1,CTCGCGGTCATGATACCAAG,0,3234871
recNp,0.5,1,1,CTCGCGGTAAGCAAGGTAAT,0,3251622
recNp,0.5,1,1,CTCGCCACTGGGTTTGAGGG,0,3255956
recNp,0.5,1,1,CTCGAGGCCCGCCGAGGGTG,0,3222972
recNp,0.5,1,1,CTCCTCATCCGGCCTTTCGA,0,3220581
recNp,0.5,1,1,CTCCCTGCTGAACCGGAGTG,0,3246087
recNp,0.5,1,1,CTCATTCACTAATAGGCAGA,0,3247319
recNp,0.5,1,1,CTCAGGCCTTATGCGAGCCT,0,3225826
recNp,0.5,1,1,CTCACCAGGGTCGGGTGGGC,0,3252203
recNp,0.5,1,1,CTCACAGCTACTGAGCTAGT,0,3245718
recNp,0.5,1,1,CTATTGTATCGATTGTATTT,0,3249226
recNp,0.5,1,1,CTATTCGCGAATGTCGTATG,0,3238165
recNp,0.5,1,1,CTATGTTCGGTTATTATTCG,0,3242783
recNp,0.5,1,1,CTATCACATCTGCACCTAGT,0,3236174
recNp,0.5,1,1,CTATATAAGAACAGTCAGCT,0,3254168
recNp,0.5,1,1,CTAGTGGGACACTCGGACTA,0,3248601
recNp,0.5,1,1,CTAGGTTCACCGGAACCCTG,0,3219186
recNp,0.5,1,1,CTAGGTGGCCCGCTATCTAA,0,3221541
recNp,0.5,1,1,CTAGCTTTAGCGGGTCTACT,0,3252517
recNp,0.5,1,1,CTAGCTGCAAATGAGGGAGT,0,3248583
recNp,0.5,1,1,CTAGCTCGCGCGCTCAGGTC,0,3230832
recNp,0.5,1,1,CTAGCGTAAGGGCGGCCTAT,0,3233643
recNp,0.5,1,1,CTAGCCCGGCCTATCATCGT,0,3242592
recNp,0.5,1,1,CTAGAATACTACTTTTCTAA,0,3250989
recNp,0.5,1,1,CTACGGGCCTAAGTTGTAAC,0,3253519
recNp,0.5,1,1,CTACCTAGGCACGTGTCCTC,0,3241174
recNp,0.5,1,1,CTACCGGTTGCATAGGAACC,0,3216561
recNp,0.5,1,1,CTACCCGGAATCAATCTCAG,0,3246846
recNp,0.5,1,1,CTAAGATCCTACGGCATGTC,0,3250438
recNp,0.5,1,1,CTAAAGGGTTTCCTGTTAGT,0,3225603
recNp,0.5,1,1,CTAAAGGCATCGAGCGCGGT,0,3245827
recNp,0.5,1,1,CGTTTCACAACTATGGAACG,0,3232166
recNp,0.5,1,1,CGTTGCATTAGAAGAGTGTA,0,3244742
recNp,0.5,1,1,CGTTGATACAAATACCAAGG,0,3235864
recNp,0.5,1,1,CGTTAGTGGGCGTCTCTGCT,0,3238742
recNp,0.5,1,1,CGTGTTCTTACGACCGGAAC,0,3246358
recNp,0.5,1,1,CGTGTGTTCTAGATGCGGAG,0,3230793
recNp,0.5,1,1,CGTGTGGTTGCATTTCTGGC,0,3226324
recNp,0.5,1,1,CGTGTCTACGGCTGTAACGG,0,3233494
recNp,0.5,1,1,CGTGGTGCGCGTTTGCTATA,0,3229141
recNp,0.5,1,1,CGTGGTCAATTTTGGGAAAG,0,3247221
recNp,0.5,1,1,CGTGGGCAACATCAAGACGT,0,3219486
recNp,0.5,1,1,CGTGGAGCGCGGTAATATGC,0,3237794
recNp,0.5,1,1,CGTGCGCTATGGAAGCCAGT,0,3225817
recNp,0.5,1,1,CGTGATTGTTCGACAGAAGT,0,3217832
recNp,0.5,1,1,CGTGATAGAAAGGTTTACAC,0,3247071
recNp,0.5,1,1,CGTGAGGGCGACGGTGCGGT,0,3241014
recNp,0.5,1,1,CGTGACCTAGGTGGCCTGAG,0,3240164
recNp,0.5,1,1,CGTCTTTGCTTTGCACGATG,0,3227124
recNp,0.5,1,1,CGTCTTGAGGTGAGTTTTCG,0,3254641
recNp,0.5,1,1,CGTCTGTGGGAAACACATCG,0,3248030
recNp,0.5,1,1,CGTCGTGAGGTATGACGACA,0,3224174
recNp,0.5,1,1,CGTCGGCCCTAGCTGCGAGA,0,3216709
recNp,0.5,1,1,CGTCGCCAGTCAGGGTCTTC,0,3241244
recNp,0.5,1,1,CGTCGCACGAGCAGACGAGC,0,3218230
recNp,0.5,1,1,CGTCGAGGAGTAAGGTCCAT,0,3243591
recNp,0.5,1,1,CGTCATGGTACACTCTCCTG,0,3249471
recNp,0.5,1,1,CGTCACACTACCCTTGCACC,0,3254535
recNp,0.5,1,1,CGTATGGCTGCGGCCCAGCG,0,3233848
recNp,0.5,1,1,CGTAGTCTCAACCACCTCTT,0,3239900
recNp,0.5,1,1,CGTACTGGGGACCTGACGTC,0,3243726
recNp,0.5,1,1,CGTACCACTATGGCTCCCAC,0,3224726
recNp,0.5,1,1,CGGTTAGTCCTCTTTGTCAA,0,3250914
recNp,0.5,1,1,CGGTTAACGTTTACAGACAA,0,3253508
recNp,0.5,1,1,CGGTGTGAGCACTCTCAACC,0,3227307
recNp,0.5,1,1,CGGTATGTTTCAATAATCCC,0,3221708
recNp,0.5,1,1,CGGTAGGTGTCGGCAAATTG,0,3230752
recNp,0.5,1,1,CGGGGATCTTTCCTGGCAAA,0,3219011
recNp,0.5,1,1,CGGGCCGGACGCGAGGCCTA,0,3221868
recNp,0.5,1,1,CGGGAGTATTATTCCTTATG,0,3247302
recNp,0.5,1,1,CGGGAGAGCTGACCACGAAT,0,3228852
recNp,0.5,1,1,CGGGAAGTGTGCAGTAAGTT,0,3229652
recNp,0.5,1,1,CGGCTTGACAGCGAAAAAGC,0,3223383
recNp,0.5,1,1,CGGCTCGCCTGTCCCGGACT,0,3243924
recNp,0.5,1,1,CGGCGGTGAAAAGATTGAGT,0,3251819
recNp,0.5,1,1,CGGCACTACGGAATCGTCAG,0,3255952
recNp,0.5,1,1,CGGATCTCTTCGGGTTTAAG,0,3234720
recNp,0.5,1,1,CGGATAATGACTCTATGATT,0,3243746
recNp,0.5,1,1,CGGAGAGGCATAATGATTCA,0,3229418
recNp,0.5,1,1,CGGACTACCGGGTCCCCCCT,0,3224471
recNp,0.5,1,1,CGCTTTCGCTCAGCGCTTAG,0,3241797
recNp,0.5,1,1,CGCTGACCGGTACACTCAGA,0,3242041
recNp,0.5,1,1,CGCTCTAGCATAAGGGTAGG,0,3224615
recNp,0.5,1,1,CGCTCCGCGGCCGCTCTCTA,0,3250819
recNp,0.5,1,1,CGCTATGGTGAGTGCGCGAG,0,3253509
recNp,0.5,1,1,CGCTACACTAGGGGATCAAT,0,3238767
recNp,0.5,1,1,CGCGGTAGGCATTGAGTGAT,0,3250122
recNp,0.5,1,1,CGCGGGTTTCCTTCGCGCAC,0,3228980
recNp,0.5,1,1,CGCGGGTCCCCAAAAGAAGG,0,3239497
recNp,0.5,1,1,CGCGCTCCGTAATGTGAATG,0,3227883
recNp,0.5,1,1,CGCGCGTGATCTTATGGCGT,0,3233023
recNp,0.5,1,1,CGCCGTTCATAGGCAAAAGC,0,3249980
recNp,0.5,1,1,CGCCGCTGGGGGTCGGTCGG,0,3252552
recNp,0.5,1,1,CGCCGCCGGTTACAACAGTC,0,3248469
recNp,0.5,1,1,CGCCATGGTTTCATCAGTTT,0,3243250
recNp,0.5,1,1,CGCCAGCAGGCAGTAGAGTT,0,3249487
recNp,0.5,1,1,CGCCACAGTTGGGGTGCCCC,0,3221739
recNp,0.5,1,1,CGCATGGTGATGACGCTACT,0,3250965
recNp,0.5,1,1,CGCAGTATGGAGGGGCGCGG,0,3221167
recNp,0.5,1,1,CGCAGAGCATCACATCTTTG,0,3229865
recNp,0.5,1,1,CGCAACATACCAGCCAATTG,0,3245422
recNp,0.5,1,1,CGATTAATTATTTTTTAAGG,0,3236761
recNp,0.5,1,1,CGATGCCGTCATGGTCATAG,0,3223286
recNp,0.5,1,1,CGATCGCTGGTATCATCCTT,0,3251832
recNp,0.5,1,1,CGATAGCTGTTCATTCCGCG,0,3252111
recNp,0.5,1,1,CGATACCGTTGCATAATGAT,0,3246345
recNp,0.5,1,1,CGAGGAGGAGCTACAGTGCT,0,3234833
recNp,0.5,1,1,CGAGATCGCAAATTAAGGTT,0,3216364
recNp,0.5,1,1,CGACGTTCTCAGAGATCAGG,0,3229123
recNp,0.5,1,1,CGACCAAACGGGATTAGCGA,0,3230282
recNp,0.5,1,1,CGAATTATGCGGACCACCTA,0,3225206
recNp,0.5,1,1,CGAATGCCTATGTGACAGCC,0,3247845
recNp,0.5,1,1,CGAATGAGGGTGACAGTTGC,0,3253973
recNp,0.5,1,1,CGAATAGCTTTAGAGCGGAC,0,3224872
recNp,0.5,1,1,CGAAGTAACGGGGGTGTGAT,0,3247232
recNp,0.5,1,1,CGAAGGGTATGACGCATCAA,0,3251433
recNp,0.5,1,1,CGAAATGCTAAAAAATAGCA,0,3227379
recNp,0.5,1,1,CCTTGGGAAAGTATGACACA,0,3220097
recNp,0.5,1,1,CCTTGGAATGGAAAAAATAA,0,3219951
recNp,0.5,1,1,CCTTGCTGAACGTGCTTGGG,0,3233457
recNp,0.5,1,1,CCTTGCAACCATTGGAGGGT,0,3243427
recNp,0.5,1,1,CCTTCCCGCTACCAGGGCCA,0,3226842
recNp,0.5,1,1,CCTTAATCAGATCCAGGTCT,0,3232511
recNp,0.5,1,1,CCTGTCAGAGTGGCTCCCCT,0,3230838
recNp,0.5,1,1,CCTGGAATGGTTAAATACCT,0,3222250
recNp,0.5,1,1,CCTGAAGCGTTAATCCTCGG,0,3216881
recNp,0.5,1,1,CCTGAACGACATCGAGGTAC,0,3218749
recNp,0.5,1,1,CCTCTTTAGACCGAGTCTGG,0,3223992
recNp,0.5,1,1,CCTCCGCAAGCGTTTGCGGT,0,3217777
recNp,0.5,1,1,CCTCAATTCCGTGCAGAGGG,0,3228266
recNp,0.5,1,1,CCTATTGCTTACGTGTCAAC,0,3236143
recNp,0.5,1,1,CCTATCGGCTTGGGGTCGTC,0,3240146
recNp,0.5,1,1,CCTAGCAGGTGACTTGCTGG,0,3220198
recNp,0.5,1,1,CCTAGACGCTCGGGATAGGT,0,3232116
recNp,0.5,1,1,CCTAAATGATGGAGACCAAC,0,3235855
recNp,0.5,1,1,CCGTGTGTTAACATTTACAT,0,3217617
recNp,0.5,1,1,CCGTGAGTAGCCAGAGTACA,0,3246620
recNp,0.5,1,1,CCGTCACCCAGATAACGCAA,0,3224233
recNp,0.5,1,1,CCGTACAGGCATCTTTACAT,0,3255389
recNp,0.5,1,1,CCGGTTATGTCTGTCTTGAT,0,3228440
recNp,0.5,1,1,CCGGCTTTCCATCCCCTTAT,0,3238761
recNp,0.5,1,1,CCGCGTTATACGCATGACGA,0,3236618
recNp,0.5,1,1,CCGCCCTGGTTGTCCCCAAG,0,3235127
recNp,0.5,1,1,CCGCCCAGGTAGTCATCATG,0,3229021
recNp,0.5,1,1,CCGCACAGACTTCAGATGAG,0,3244847
recNp,0.5,1,1,CCGATGGAATGTTGTAGACC,0,3235194
recNp,0.5,1,1,CCGAGTAGCCGTAAGGTAAT,0,3242044
recNp,0.5,1,1,CCGACTCCGGCATGCCACTA,0,3235930
recNp,0.5,1,1,CCGACAACCTGAGAACCTCG,0,3236313
recNp,0.5,1,1,CCCTTGTGGATCCCTTCGAC,0,3223472
recNp,0.5,1,1,CCCTTCTCTTACCACGAGTG,0,3224896
recNp,0.5,1,1,CCCTGAACGAACTGAATAGG,0,3246259
recNp,0.5,1,1,CCCTCATGTCGCGCCCGACG,0,3223743
recNp,0.5,1,1,CCCTCAGTCAAAAAGTTCAT,0,3255047
recNp,0.5,1,1,CCCTAGTACGTAAGTCGCTC,0,3219962
recNp,0.5,1,1,CCCTACCGCTTTAGGGGTCA,0,3228104
recNp,0.5,1,1,CCCGGTAAGGCCAGCGTGAC,0,3229022
recNp,0.5,1,1,CCCGGAATAACATGTCTTCC,0,3237182
recNp,0.5,1,1,CCCGCACGAAAGGCAGCTTA,0,3239564
recNp,0.5,1,1,CCCGAATATCACTTCTAGTC,0,3243093
recNp,0.5,1,1,CCCCTCGCCGAACCATAAAA,0,3233113
recNp,0.5,1,1,CCCCGTTTTTGAAAGAGTTA,0,3237513
recNp,0.5,1,1,CCCCCGGGCATATTTCACCA,0,3219827
recNp,0.5,1,1,CCCCAAGACATAAGAGGCTA,0,3232223
recNp,0.5,1,1,CCCATTGCGGGTTTGCAAGG,0,3219878
recNp,0.5,1,1,CCCATTAGTTCCGAGTCACG,0,3245153
recNp,0.5,1,1,CCCATGTCCAGCACAGGGTC,0,3221026
recNp,0.5,1,1,CCCATATAGTTCGGGGCCGT,0,3229726
recNp,0.5,1,1,CCCAGCGGTCTATCAGAAGA,0,3250145
recNp,0.5,1,1,CCCAGATGTGGAGCAAGTAT,0,3225483
recNp,0.5,1,1,CCCACCGCAATAGAATAGCT,0,3241970
recNp,0.5,1,1,CCCAATATGATCAATCTAGG,0,3248070
recNp,0.5,1,1,CCATTTAGGAGAAAAACGGC,0,3247382
recNp,0.5,1,1,CCATTAGGGTCTCGCCTTCT,0,3248335
recNp,0.5,1,1,CCATGGTCCTATCTACAACA,0,3231092
recNp,0.5,1,1,CCATCGTCCGTACCAGATCG,0,3240516
recNp,0.5,1,1,CCATCGGGTTCCTACGCGCA,0,3239276
recNp,0.5,1,1,CCATCCTCCCCTGTGCCGCT,0,3246224
recNp,0.5,1,1,CCATCCGCAGAATTTGGGTG,0,3219934
recNp,0.5,1,1,CCAGGGCTTCTGTGCACGCG,0,3227847
recNp,0.5,1,1,CCAGATCTACCCAATGGGGA,0,3236683
recNp,0.5,1,1,CCACCCTCGCCTCCGACTCA,0,3219346
recNp,0.5,1,1,CCACACAAATAGGATAGTTA,0,3224197
recNp,0.5,1,1,CCAATGCACTGCTATGATAT,0,3231409
recNp,0.5,1,1,CCAATATTATTCTCTGCTTG,0,3222758
recNp,0.5,1,1,CCAAGTACGTTACACATCAT,0,3241859
recNp,0.5,1,1,CCAAGAGCGAGCTGGGCAGA,0,3228257
recNp,0.5,1,1,CCAACGTATGATTAAGATGG,0,3226841
recNp,0.5,1,1,CATTTTTCTACTATATGGTT,0,3239608
recNp,0.5,1,1,CATTTCGCGGTAGGAGTAAT,0,3226989
recNp,0.5,1,1,CATTTAGCATATGGTTAGGG,0,3234653
recNp,0.5,1,1,CATTCTGACTGTGAACATGA,0,3219140
recNp,0.5,1,1,CATTAGTTGGGTAACCACCA,0,3222797
recNp,0.5,1,1,CATTACAGTCGTATCCGGAT,0,3240701
recNp,0.5,1,1,CATGGATTAGTACCTGGTCT,0,3251480
recNp,0.5,1,1,CATGGACCTTTCAACGGACA,0,3236261
recNp,0.5,1,1,CATGCCATGTTCTCCTCCTA,0,3221086
recNp,0.5,1,1,CATGAAGATCGGTCATCAGC,0,3243283
recNp,0.5,1,1,CATGAAAAGGGTACTCGAGA,0,3243540
recNp,0.5,1,1,CATCCAGTATGGATACTGGG,0,3252615
recNp,0.5,1,1,CATCCACGCAGCCAAATTTA,0,3224700
recNp,0.5,1,1,CATCAGTCACTTGTAGCTTA,0,3241774
recNp,0.5,1,1,CATCACTTTGAAGGACGTTA,0,3245126
recNp,0.5,1,1,CATCAAGTACATAGGACCAT,0,3235122
recNp,0.5,1,1,CATATCTCGGGACCGGCCCC,0,3254077
recNp,0.5,1,1,CATATCAATCGGTTCTGTTA,0,3246173
recNp,0.5,1,1,CATATATATGCATCAAGCTT,0,3228029
recNp,0.5,1,1,CATAATCGGCAAATTTGTGG,0,3237126
recNp,0.5,1,1,CAGTCGCGGGCTCATGCACC,0,3226401
recNp,0.5,1,1,CAGTATCGCAGAGATGCCAG,0,3234955
recNp,0.5,1,1,CAGTAGTCTAGCTAAAAGCA,0,3224112
recNp,0.5,1,1,CAGTAGGCTCATTACGTATT,0,3237089
recNp,0.5,1,1,CAGGTCTAGGGTGCTCCTGT,0,3219250
recNp,0.5,1,1,CAGGTCACGACTTATCCTGC,0,3253055
recNp,0.5,1,1,CAGGGTCATATCTGCGACGT,0,3249767
recNp,0.5,1,1,CAGGGACTACCGGCGTAGAC,0,3221931
recNp,0.5,1,1,CAGGCCCCCCGTGAAAGGTT,0,3249855
recNp,0.5,1,1,CAGGATGGCAATACGATTAT,0,3234631
recNp,0.5,1,1,CAGGACCTGCGGGACCGGTA,0,3221069
recNp,0.5,1,1,CAGCTGGGAAAAACCCCAGT,0,3221316
recNp,0.5,1,1,CAGCGTCTAGCATTCCAACA,0,3250708
recNp,0.5,1,1,CAGCATAATCTGCAGTCCGA,0,3250736
recNp,0.5,1,1,CAGAGTCCACCTTTGGCGAA,0,3234351
recNp,0.5,1,1,CAGAACGAGATCTCATATCT,0,3230483
recNp,0.5,1,1,CAGAACACGTGGCCCAATTC,0,3217245
recNp,0.5,1,1,CAGAAAATAACGTGGTCTGC,0,3222373
recNp,0.5,1,1,CACTGTCGATGTTATAGCCA,0,3239941
recNp,0.5,1,1,CACTGTAAGTTTTTGTGATG,0,3240349
recNp,0.5,1,1,CACTGGCGGAGTTCCGGGGC,0,3248912
recNp,0.5,1,1,CACTCGATTCTCGCCATTAC,0,3224942
recNp,0.5,1,1,CACTATGCTGGTTGGGGGAT,0,3245339
recNp,0.5,1,1,CACTATATATCAGACAAAGG,0,3238949
recNp,0.5,1,1,CACTAGGGTACAAACCGGAA,0,3251130
recNp,0.5,1,1,CACTAAGGGTCTGTGATTAA,0,3253825
recNp,0.5,1,1,CACGTGGCATCCACTTGACA,0,3255622
recNp,0.5,1,1,CACGTAAGATGGGCGGGGTA,0,3252225
recNp,0.5,1,1,CACGGGTTAGCCTGAAACAA,0,3233243
recNp,0.5,1,1,CACGGAGAAGCATTTAAGGG,0,3246753
recNp,0.5,1,1,CACGCGGGTTGGCAAGCGCG,0,3223561
recNp,0.5,1,1,CACGCATGGTCAAACGTCTG,0,3253318
recNp,0.5,1,1,CACGAAGGTGAAAAGATTGC,0,3229029
recNp,0.5,1,1,CACCTGATTCATAACCTTCG,0,3216690
recNp,0.5,1,1,CACCTCTTAAGTATATCTAG,0,3238706
recNp,0.5,1,1,CACCTCATGAACGCGGTGGG,0,3239750
recNp,0.5,1,1,CACCCGTGTTTCAAATGGTT,0,3234110
recNp,0.5,1,1,CACCCAATGTCATGGCCCCA,0,3238656
recNp,0.5,1,1,CACCATAATATGGTGAGTGC,0,3224729
recNp,0.5,1,1,CACCAGCCACACGTTTCTAG,0,3248431
recNp,0.5,1,1,CACCACTTGGCACAATTCTG,0,3219344
recNp,0.5,1,1,CACCACAATACATTCTCCGT,0,3254230
recNp,0.5,1,1,CACAGTGGATTACGTCTTGC,0,3241861
recNp,0.5,1,1,CACAGGCCAGGGGCGGGGGA,0,3242212
recNp,0.5,1,1,CACACGTTCGGCACGTTTGT,0,3249113
recNp,0.5,1,1,CACACCGAGTTTCATCTAGA,0,3221699
recNp,0.5,1,1,CACAATGGCCTGAGCTTTTG,0,3245685
recNp,0.5,1,1,CACAATCCGAATGGTCAAAT,0,3219134
recNp,0.5,1,1,CACAAGCCATCTCATAAGTT,0,3219727
recNp,0.5,1,1,CACAAATATGATACTAAAGA,0,3218928
recNp,0.5,1,1,CAATTTCATAAGAGCACTAA,0,3221936
recNp,0.5,1,1,CAATTATGGGACTCCGGTAC,0,3229132
recNp,0.5,1,1,CAATGTTAGCTAGAGAAATA,0,3245731
recNp,0.5,1,1,CAATGTGTATTATTCTTCGC,0,3221108
recNp,0.5,1,1,CAATCGGATGCCTGACCGTT,0,3223783
recNp,0.5,1,1,CAATCCTGGGATGGCTTGGG,0,3238538
recNp,0.5,1,1,CAATAGCATGACCGCTGTAG,0,3218205
recNp,0.5,1,1,CAATACTTCGTCAAAGACGT,0,3231842
recNp,0.5,1,1,CAAGTTATAAGTCGGGTACT,0,3216340
recNp,0.5,1,1,CAAGTTAATTCCAACGAATC,0,3247390
recNp,0.5,1,1,CAAGTGGAGAATAGAACCGT,0,3254808
recNp,0.5,1,1,CAAGCATGGACCGCAAAGCA,0,3221841
recNp,0.5,1,1,CAACGGGACGTCTCATACGC,0,3230426
recNp,0.5,1,1,CAACCTGACTGCAGATCCGA,0,3226315
recNp,0.5,1,1,CAACACTCGTGACCATGTAC,0,3223039
recNp,0.5,1,1,CAAATGTCTAGCTTCGACTG,0,3221024
recNp,0.5,1,1,CAAAGCCTTGGTTTAGTAGG,0,3219174
recNp,0.5,1,1,CAAAAGGTCAAAAAGGTTTC,0,3250360
recNp,0.5,1,1,CAAAAAAGCAAAACTGTCTG,0,3226318
recNp,0.5,1,1,ATTTTTTTGAAGGTAGTGGA,0,3230719
recNp,0.5,1,1,ATTTTGGTTCTTCAACTCGC,0,3225563
recNp,0.5,1,1,ATTTTGCTGGCTTCGCATGG,0,3229402
recNp,0.5,1,1,ATTTTGCTGCTGATAACGCG,0,3231323
recNp,0.5,1,1,ATTTTCCAGGTTACATACCA,0,3245381
recNp,0.5,1,1,ATTTGTTTTCTCACTCAAGT,0,3244543
recNp,0.5,1,1,ATTTCTGCTCTCATTACGCA,0,3225738
recNp,0.5,1,1,ATTTCCAGTTGAGGCTCCTA,0,3226888
recNp,0.5,1,1,ATTTAAGCGGCCAAACGAGT,0,3246576
recNp,0.5,1,1,ATTTAAAAAACTCTGACTAG,0,3233730
recNp,0.5,1,1,ATTGTGGGTGCCACGATAAT,0,3239277
recNp,0.5,1,1,ATTGTGCCTTATGTGTCTTG,0,3254775
recNp,0.5,1,1,ATTGTATCGTACTATTGTCC,0,3232704
recNp,0.5,1,1,ATTGTAAACCTGCCAGCCAA,0,3241153
recNp,0.5,1,1,ATTGGTGCGGTGAACGGTAA,0,3235878
recNp,0.5,1,1,ATTGCTAATTAAATTATGGT,0,3245417
recNp,0.5,1,1,ATTCTGCGTACGTGGACGAC,0,3254664
recNp,0.5,1,1,ATTCCCATGACAGTCGTGGA,0,3239378
recNp,0.5,1,1,ATTCATGACACGCTTCTCCT,0,3240973
recNp,0.5,1,1,ATTCACCCGGTCTGCGTCCT,0,3244866
recNp,0.5,1,1,ATTATTTCCCTCACCGGTTA,0,3217291
recNp,0.5,1,1,ATTATTGGCTGTTATCCAAC,0,3252920
recNp,0.5,1,1,ATTAGTGAAGTATCTCGGAC,0,3235341
recNp,0.5,1,1,ATTAGAAGCGAGAGTCGATG,0,3231746
recNp,0.5,1,1,ATTACCCTAGTGCGAAGGCG,0,3221374
recNp,0.5,1,1,ATTAAGAGGCAGTGAATAGA,0,3239281
recNp,0.5,1,1,ATTAACCTATAAATGTTAAT,0,3237914
recNp,0.5,1,1,ATGTGTTTGTCAAGCAGCAA,0,3233053
recNp,0.5,1,1,ATGTGTACACCTGCGGCTTC,0,3222203
recNp,0.5,1,1,ATGTCCACGTACAGGGCAGT,0,3233977
recNp,0.5,1,1,ATGTATTAAACTTCCCTGAT,0,3233695
recNp,0.5,1,1,ATGTAAACAGTCCAGGATCG,0,3248722
recNp,0.5,1,1,ATGGTAGAACAGTTTACAGA,0,3228279
recNp,0.5,1,1,ATGGGTATGGGTTATTATTG,0,3235502
recNp,0.5,1,1,ATGGGGTTTCTCCCTAGGGG,0,3240042
recNp,0.5,1,1,ATGGGGCTCTACGCAACTAA,0,3227923
recNp,0.5,1,1,ATGGCAAACCGCGTGTTTGG,0,3235226
recNp,0.5,1,1,ATGGACTGTTTACACAATGC,0,3229088
recNp,0.5,1,1,ATGGACGTGTTTTAAGGATC,0,3216936
recNp,0.5,1,1,ATGGAAGGTTTTCAGTATTT,0,3223502
recNp,0.5,1,1,ATGCTCCGTGGGCTCACGCT,0,3233338
recNp,0.5,1,1,ATGCGTCTTTCATTGAATTA,0,3255412
recNp,0.5,1,1,ATGCGGGCGGGAAATCGTTC,0,3221903
recNp,0.5,1,1,ATGCGGGAACTGTTCAGCGA,0,3240590
recNp,0.5,1,1,ATGCCGATTAAGCAAGAATC,0,3233894
recNp,0.5,1,1,ATGCATAATAATCCCCATAG,0,3234951
recNp,0.5,1,1,ATGCAAAGGCTCACAATTGG,0,3224041
recNp,0.5,1,1,ATGATTAACCGGGGGTATGC,0,3218870
recNp,0.5,1,1,ATGATGTGGCAATCGTAAAT,0,3235051
recNp,0.5,1,1,ATGACATCGGGAAGGCGGCT,0,3221453
recNp,0.5,1,1,ATGAACGCCAGCATAATATC,0,3219932
recNp,0.5,1,1,ATGAAAGCTCATATACTAAC,0,3237011
recNp,0.5,1,1,ATCTGTTTGTGTAAACGCAT,0,3236192
recNp,0.5,1,1,ATCTCCTCGGTCTTTGGTTC,0,3253488
recNp,0.5,1,1,ATCTCAGTACTAATATATCA,0,3235990
recNp,0.5,1,1,ATCGTTAAAAGTTCATGTTT,0,3244197
recNp,0.5,1,1,ATCGGGGCAGGACTTCACAC,0,3244985
recNp,0.5,1,1,ATCGCGTTCACATGATTCCG,0,3221139
recNp,0.5,1,1,ATCGATCTAAGAAAATCTAC,0,3217697
recNp,0.5,1,1,ATCCTTGTTAAGGGTGCTAG,0,3227764
recNp,0.5,1,1,ATCCTTCCCATCTGACGACA,0,3223960
recNp,0.5,1,1,ATCCTAACACACACGGTTCT,0,3225318
recNp,0.5,1,1,ATCCGTCGAGCATAAGTAAG,0,3255751
recNp,0.5,1,1,ATCCGTCATAATGTGCTAAC,0,3230564
recNp,0.5,1,1,ATCCGTAGATCGCGTAACGC,0,3231361
recNp,0.5,1,1,ATCCCGTATAATCAGGGGAA,0,3255748
recNp,0.5,1,1,ATCCATTTGTGGCATTGTAG,0,3240728
recNp,0.5,1,1,ATCATTTCTGCTGTCGTTGA,0,3245396
recNp,0.5,1,1,ATCATCGCCGGCAACTTAAT,0,3233571
recNp,0.5,1,1,ATCATCAAAGGGTGCCGGGT,0,3235352
recNp,0.5,1,1,ATCACGCCACTGGGTTCCAC,0,3238496
recNp,0.5,1,1,ATCAATGCTGAATAGGAAAT,0,3221246
recNp,0.5,1,1,ATATCGTCCTTGTGTCTCTG,0,3235935
recNp,0.5,1,1,ATATCCTGGCTTTCTTCCAT,0,3247259
recNp,0.5,1,1,ATATCCGGCATTATAAGGTT,0,3225802
recNp,0.5,1,1,ATATACGACTCATTGGCTTA,0,3233173
recNp,0.5,1,1,ATATAATTTTGCGTACGTTC,0,3232667
recNp,0.5,1,1,ATAGTCGTCGGCGCAATAGG,0,3231286
recNp,0.5,1,1,ATAGGTTTTTCCGAGAAGAA,0,3243750
recNp,0.5,1,1,ATAGGTTGCAACACCGATCT,0,3244390
recNp,0.5,1,1,ATAGGGCCATCTACCAGTTG,0,3237930
recNp,0.5,1,1,ATAGCTTCATTAAATCTTGC,0,3255431
recNp,0.5,1,1,ATAGCGTAAGTGTGCGTTTG,0,3230370
recNp,0.5,1,1,ATACTAACCTCCTGCACGCT,0,3250909
recNp,0.5,1,1,ATACGAGCAGAGTCTCACAC,0,3219037
recNp,0.5,1,1,ATACATGTTGGCACAAGATT,0,3248629
recNp,0.5,1,1,ATACATGCCATACCGGGTTC,0,3225743
recNp,0.5,1,1,ATACAGGCTGCGCCTAGGGG,0,3245986
recNp,0.5,1,1,ATACACTGAGGAGTCATTCT,0,3245622
recNp,0.5,1,1,ATAATCCAGTGGTTTCGATA,0,3239708
recNp,0.5,1,1,ATAATATTAGGAGGACGAGT,0,3250806
recNp,0.5,1,1,ATAAGAAGGCCCAGGGACCC,0,3234988
recNp,0.5,1,1,ATAAATTGCAACGCTGTAAT,0,3244123
recNp,0.5,1,1,ATAAAGTGTGACCAGAGCTA,0,3237212
recNp,0.5,1,1,ATAAAATCACGAGCTAATAT,0,3244316
recNp,0.5,1,1,ATAAAAATTGCCGTGCGCCG,0,3226157
recNp,0.5,1,1,ATAAAAACCATAACGGTGTG,0,3242693
recNp,0.5,1,1,AGTTTTGGGCGTCGGAGACT,0,3218052
recNp,0.5,1,1,AGTTTAAACACAAAGAGGTA,0,3254914
recNp,0.5,1,1,AGTTGAGTAATGGGTTTACG,0,3252682
recNp,0.5,1,1,AGTTCTAGTAGGTGTTAAGG,0,3237431
recNp,0.5,1,1,AGTTCGGGAAGGGATCATTA,0,3239665
recNp,0.5,1,1,AGTTCGCGTATCCGGGTCGA,0,3246775
recNp,0.5,1,1,AGTTCAACGGCCATTGAGGG,0,3239480
recNp,0.5,1,1,AGTGTTATATGTTGGCCCGT,0,3233046
recNp,0.5,1,1,AGTGTCGGCGATGTGGTTAT,0,3230245
recNp,0.5,1,1,AGTGTAGCATTCCTGCCTCG,0,3251452
recNp,0.5,1,1,AGTGTAATTGATGTCATTTG,0,3229647
recNp,0.5,1,1,AGTGGGATATCTCACTTGTA,0,3254276
recNp,0.5,1,1,AGTGAGCTAGTGGCTTGTTT,0,3241280
recNp,0.5,1,1,AGTGACTGCAGAATCACCGT,0,3248208
recNp,0.5,1,1,AGTGAATCACGTGCAAACAC,0,3239099
recNp,0.5,1,1,AGTCTTGTCGGCCCCGGAGA,0,3254479
recNp,0.5,1,1,AGTCTCGCCGACGATGTGAA,0,3237932
recNp,0.5,1,1,AGTCATTGATTTGGGTTTCT,0,3233679
recNp,0.5,1,1,AGTATTCGCACGTGCGCACT,0,3246039
recNp,0.5,1,1,AGTATACCCCAACACCTGCA,0,3226705
recNp,0.5,1,1,AGTAGTCAACAAAGAAAGCA,0,3240553
recNp,0.5,1,1,AGGTGTTGTCATCCTTCGTG,0,3247014
recNp,0.5,1,1,AGGTGGACCCTAACTCCGCG,0,3216311
recNp,0.5,1,1,AGGTGATGTAACTCGGTAGC,0,3238848
recNp,0.5,1,1,AGGTGAACGTGGACGAGGTT,0,3250273
recNp,0.5,1,1,AGGTCTAGGGTGAACCGAAT,0,3248312
recNp,0.5,1,1,AGGTCTACCTGATTATCGCG,0,3245811
recNp,0.5,1,1,AGGTCGCGGGGTCCAATAGT,0,3216292
recNp,0.5,1,1,AGGTAGACGTGCACCTACGT,0,3230358
recNp,0.5,1,1,AGGGGGCAGGCATTTGCAAC,0,3225984
recNp,0.5,1,1,AGGGCTGGTCCACTCTTACA,0,3243697
recNp,0.5,1,1,AGGGATTCGGTACCCCCCCT,0,3225467
recNp,0.5,1,1,AGGGAATCACACACCAATTG,0,3224906
recNp,0.5,1,1,AGGGAAAGATCATCGTTGTA,0,3245477
recNp,0.5,1,1,AGGCTTGACTAAGCAATTCA,0,3252964
recNp,0.5,1,1,AGGCTTCCGTGGGACTTTAT,0,3227924
recNp,0.5,1,1,AGGCTGGGAGCTGGTTGGTG,0,3227224
recNp,0.5,1,1,AGGCGGCATGGGATCCGGCG,0,3238139
recNp,0.5,1,1,AGGCGCCGCCGTTGCAAATG,0,3253983
recNp,0.5,1,1,AGGCGCCCAAGACGCCATAT,0,3245821
recNp,0.5,1,1,AGGCATCAAATCAGATTTCA,0,3222466
recNp,0.5,1,1,AGGATTTGGCCCCTTGGCTC,0,3241602
recNp,0.5,1,1,AGGATAAAACTAGTCACATA,0,3238509
recNp,0.5,1,1,AGGAGTTGCCTAGCGGGTTC,0,3226241
recNp,0.5,1,1,AGGACGATGTTAGGTTAATA,0,3224414
recNp,0.5,1,1,AGCTTACCCTGTGTCCCCCT,0,3229926
recNp,0.5,1,1,AGCTAGCGCCATGTAATGCA,0,3247560
recNp,0.5,1,1,AGCTAAGAGAACCAATTCCT,0,3229242
recNp,0.5,1,1,AGCGTGATGTTATTTGATGG,0,3224582
recNp,0.5,1,1,AGCGTCTTGCCAACAAGATC,0,3233590
recNp,0.5,1,1,AGCGTAGCCGGATAAATATA,0,3255858
recNp,0.5,1,1,AGCGACCCGTAACGTGGAAG,0,3242696
recNp,0.5,1,1,AGCCTGCCTAACCGTTTTAG,0,3241177
recNp,0.5,1,1,AGCCTCTTCGTTTCATTACG,0,3245238
recNp,0.5,1,1,AGCCTAGTAGACGCAAGGTG,0,3242743
recNp,0.5,1,1,AGCCTACAAAATCAGCTGGA,0,3255657
recNp,0.5,1,1,AGCCGCAACTGCTGGATTGA,0,3219808
recNp,0.5,1,1,AGCCGAAGGGCTTAAACCGA,0,3234873
recNp,0.5,1,1,AGCCCTTACAATCGAAAAAC,0,3247547
recNp,0.5,1,1,AGCCCGACTTCCCAAACGGG,0,3226133
recNp,0.5,1,1,AGCCACACAATATTTGAATG,0,3231511
recNp,0.5,1,1,AGCATTTCTCGAGCGCTATC,0,3218838
recNp,0.5,1,1,AGCATTGGACTGAGGCCGTG,0,3254416
recNp,0.5,1,1,AGCAGTGTTTCATCATAGTG,0,3242126
recNp,0.5,1,1,AGCACCTTCGGGTACCCACG,0,3248505
recNp,0.5,1,1,AGCAATGCGTATAGCGGAGT,0,3223316
recNp,0.5,1,1,AGCAAAAGGCCGTTGAGGTC,0,3220560
recNp,0.5,1,1,AGATTTCAACTGACTCGCGA,0,3248449
recNp,0.5,1,1,AGATTAGGAGAACTCCTCGC,0,3241124
recNp,0.5,1,1,AGATGATGAGGCCCAAGAGT,0,3224133
recNp,0.5,1,1,AGATCAGGAGTGCGCGAGGT,0,3238358
recNp,0.5,1,1,AGATACAGCGGACGTCTCTA,0,3226320
recNp,0.5,1,1,AGAGCTTGTACACAGCCTAA,0,3227851
recNp,0.5,1,1,AGAGCTCACGCGGGTATAGG,0,3233117
recNp,0.5,1,1,AGAGCCGATTGTCGTACATG,0,3226011
recNp,0.5,1,1,AGAGAGCGCGCTTTAAGTTG,0,3241978
recNp,0.5,1,1,AGAGACGTTCATTTAAACCT,0,3240748
recNp,0.5,1,1,AGACGTTCCGAAAATTACGT,0,3250895
recNp,0.5,1,1,AGACGTTATCGGGGATCCGA,0,3231768
recNp,0.5,1,1,AGACGGTCCCACTAGACTAA,0,3241522
recNp,0.5,1,1,AGACAGGGCGTTTGGCCCTG,0,3245437
recNp,0.5,1,1,AGAATTCGCCGTACTACAGG,0,3217862
recNp,0.5,1,1,AGAAGGCTCTTTCCTACTAT,0,3234643
recNp,0.5,1,1,AGAACTGATGGACCGATGTT,0,3234650
recNp,0.5,1,1,AGAACCGTCAGTCTCCACTC,0,3253206
recNp,0.5,1,1,ACTTTTCACATTACTAGGAA,0,3251699
recNp,0.5,1,1,ACTTTCTCGTCGGCTCATCT,0,3246803
recNp,0.5,1,1,ACTTGTTTTCGTTTGACTCA,0,3238383
recNp,0.5,1,1,ACTTGTTAGTTTCGGACTAA,0,3220237
recNp,0.5,1,1,ACTTCATTTCTACTGGAGTA,0,3241940
recNp,0.5,1,1,ACTGTACTCTGGCCCCGAGT,0,3219567
recNp,0.5,1,1,ACTGGCTAGCCTTTATGTTG,0,3224806
recNp,0.5,1,1,ACTGGCATACGACTGCATAG,0,3232129
recNp,0.5,1,1,ACTGACGCTGGACTTTCGAC,0,3228336
recNp,0.5,1,1,ACTCTGGAGTCCCCTTGACT,0,3223036
recNp,0.5,1,1,ACTCTCACGAATATGTGGGA,0,3224656
recNp,0.5,1,1,ACTCTACTGGAATGTGCGGG,0,3242138
recNp,0.5,1,1,ACTCTACAGCACTCCAGCCT,0,3252280
recNp,0.5,1,1,ACTCGCACAACACATAAACT,0,3236522
recNp,0.5,1,1,ACTCCGGACCTATTCAACTT,0,3217774
recNp,0.5,1,1,ACTCCCAATTTGGGTTTGTG,0,3230600
recNp,0.5,1,1,ACTCCAGGGAGGCGTACTAT,0,3245148
recNp,0.5,1,1,ACTCATCGGTTGTGCCAGTT,0,3232823
recNp,0.5,1,1,ACTATCTAGTGTAGACAGCG,0,3225765
recNp,0.5,1,1,ACTACTTAAGCTAATGGAAT,0,3245129
recNp,0.5,1,1,ACTAATATATCGCCATCTGC,0,3242129
recNp,0.5,1,1,ACTAAGTGTCGCTACTGCAA,0,3220964
recNp,0.5,1,1,ACTAACACGGATCAGTCCAC,0,3217287
recNp,0.5,1,1,ACGTTCCCAAGGGATTCCAG,0,3247008
recNp,0.5,1,1,ACGTGAAGTCTGAAACTTCA,0,3221815
recNp,0.5,1,1,ACGTATGTCTTTTGGTTGTT,0,3242771
recNp,0.5,1,1,ACGTACACGGGGTCCTCACC,0,3231639
recNp,0.5,1,1,ACGGTGTGCGTTTGCACTCT,0,3251337
recNp,0.5,1,1,ACGGGCATCTACCTACGAGC,0,3224571
recNp,0.5,1,1,ACGGAGACCTCGAAGCGATT,0,3248556
recNp,0.5,1,1,ACGGACGAAGGGGCGAGTTA,0,3217978
recNp,0.5,1,1,ACGCTTTGAGGAAAAAGTAA,0,3253319
recNp,0.5,1,1,ACGCTGGTTTAATTCTGCGT,0,3239004
recNp,0.5,1,1,ACGCTGAAATAGGACTCTAG,0,3234761
recNp,0.5,1,1,ACGCGGTTTGGGTTCCCGAA,0,3254327
recNp,0.5,1,1,ACGCAGCCATTAAAAGCCCC,0,3254430
recNp,0.5,1,1,ACGATCTGTTAATAGGTATG,0,3225068
recNp,0.5,1,1,ACGAGTATTGACACTAGGGA,0,3249361
recNp,0.5,1,1,ACGAGCATATAAGCTTAGAC,0,3228003
recNp,0.5,1,1,ACCTGTAGTCCGCATCCCGG,0,3218293
recNp,0.5,1,1,ACCTGCTTAATGCCGGAATG,0,3218556
recNp,0.5,1,1,ACCTCCTAGCGATCAGTCCT,0,3240811
recNp,0.5,1,1,ACCGTCTATGCTCGTGTATC,0,3245695
recNp,0.5,1,1,ACCGTCCGTATGGTCTACGC,0,3232357
recNp,0.5,1,1,ACCGTAGGGCATGCGTCCCT,0,3231232
recNp,0.5,1,1,ACCGGGCGTAAAGGTTGCAC,0,3247190
recNp,0.5,1,1,ACCGCACACATTTGGCCGAC,0,3243041
recNp,0.5,1,1,ACCGCAAGCCACACATTCGT,0,3243349
recNp,0.5,1,1,ACCGAGCAAATCATACCCTA,0,3249256
recNp,0.5,1,1,ACCGAACATACCCCGAAACG,0,3223767
recNp,0.5,1,1,ACCCTGGTGACAGTATGATA,0,3242571
recNp,0.5,1,1,ACCCGTCTTGCGGATCGCAG,0,3219477
recNp,0.5,1,1,ACCCGAATAGTCTTGATAGG,0,3235900
recNp,0.5,1,1,ACCCCCGGACAGTGGACAGG,0,3227461
recNp,0.5,1,1,ACCCATGAGATCCAGGTTGA,0,3254554
recNp,0.5,1,1,ACCCAGTTGGCTCCAACGGC,0,3239862
recNp,0.5,1,1,ACCATGTACTTGCACATACG,0,3219014
recNp,0.5,1,1,ACCATCAGGCGGGTATTGTT,0,3217256
recNp,0.5,1,1,ACCAGAGTCTAGATTATGGG,0,3247004
recNp,0.5,1,1,ACCACTCCTGGGGTAGTCTC,0,3241401
recNp,0.5,1,1,ACCACGCTTTTGAAACGGCT,0,3250482
recNp,0.5,1,1,ACCAAGGATCCGGTTGACCC,0,3221653
recNp,0.5,1,1,ACCAAGCTGGTCATCTCTGC,0,3243275
recNp,0.5,1,1,ACATTTTCCCATATACTGCG,0,3240628
recNp,0.5,1,1,ACATTCGTAACAGAGAGGCA,0,3221176
recNp,0.5,1,1,ACATGCTATCGTATCTGTAC,0,3232658
recNp,0.5,1,1,ACATGATTCTCATGCAAGGA,0,3226410
recNp,0.5,1,1,ACATCTGCTAGCTTAACTCG,0,3225408
recNp,0.5,1,1,ACATCTCCTACTGACGTGTC,0,3243099
recNp,0.5,1,1,ACATCGGGAGGTCTTGTTGC,0,3219474
recNp,0.5,1,1,ACATCCGGATGGCCACTTAG,0,3237860
recNp,0.5,1,1,ACATCCCGAGTGCGAGATAG,0,3235307
recNp,0.5,1,1,ACATCATGACGTCATAGTTT,0,3236217
recNp,0.5,1,1,ACATATAGTTATAATTATCA,0,3244275
recNp,0.5,1,1,ACAGTCGGCGACCGGCCAAA,0,3239090
recNp,0.5,1,1,ACAGTCGGCCGGGTATAAAT,0,3241476
recNp,0.5,1,1,ACAGGTATCCCGATGGTCAT,0,3231837
recNp,0.5,1,1,ACAGGTACACTAAGTAGAGT,0,3224107
recNp,0.5,1,1,ACAGGGGAACTCCGGACGTC,0,3254823
recNp,0.5,1,1,ACAGGCCCCGCGCCGCACCC,0,3244639
recNp,0.5,1,1,ACAGCGAGTGCGAGCGTGAT,0,3236232
recNp,0.5,1,1,ACAGCATCTCTTGTTTTGGC,0,3226914
recNp,0.5,1,1,ACAGAGGTAGTTATCACCGG,0,3231573
recNp,0.5,1,1,ACACTTATCTCTTGCGGTCC,0,3237111
recNp,0.5,1,1,ACACGTGTGGAACGGCGCAG,0,3217812
recNp,0.5,1,1,ACACGCCCACGCAGAGTTTG,0,3231196
recNp,0.5,1,1,ACACGATTTCCAGAACAGTT,0,3218303
recNp,0.5,1,1,ACACACGCGTGTTTGTCTAC,0,3252387
recNp,0.5,1,1,ACAACAGCGCTTGGGAATAA,0,3253155
recNp,0.5,1,1,ACAAACGGGTTGGTTTCGGT,0,3242423
recNp,0.5,1,1,AATTTTATCGCGTACACTAC,0,3241421
recNp,0.5,1,1,AATTTGGTTCCCTTGCGTGG,0,3245261
recNp,0.5,1,1,AATTCCTATGCCGCTAGGGG,0,3228040
recNp,0.5,1,1,AATTCCCTTTGAGGGGAACC,0,3241460
recNp,0.5,1,1,AATTCCAGAGCCTATGAAAG,0,3251786
recNp,0.5,1,1,AATTCAGGGCTAACCGTACC,0,3252230
recNp,0.5,1,1,AATGTCCTCAGTAGGTCATG,0,3240694
recNp,0.5,1,1,AATGTATGGGTGTCATAGCA,0,3252975
recNp,0.5,1,1,AATGTAGACTGCTATTGGTC,0,3229777
recNp,0.5,1,1,AATGGGGTGACGCAAGGGGG,0,3240966
recNp,0.5,1,1,AATGCCGCAACGGATTGTTT,0,3240141
recNp,0.5,1,1,AATGAGTATCCACGAGGTGT,0,3239435
recNp,0.5,1,1,AATCTGTAGTTGCAACACGA,0,3239954
recNp,0.5,1,1,AATCGGATAGGCACCGCCCT,0,3222161
recNp,0.5,1,1,AATCGCACGTTGATTTCCAT,0,3241933
recNp,0.5,1,1,AATCGCAAAGAGTTAGCAAA,0,3222818
recNp,0.5,1,1,AATCGATTTCCTTGTCTGTG,0,3251829
recNp,0.5,1,1,AATCGATGATCTGAACAGGA,0,3246219
recNp,0.5,1,1,AATCCTACACGATACTAAGT,0,3249875
recNp,0.5,1,1,AATATTCCGGCTACGCGCTA,0,3217484
recNp,0.5,1,1,AATAGAGCTCTGCTTGAAGG,0,3221198
recNp,0.5,1,1,AATAGAACTCATATTTGGTG,0,3242971
recNp,0.5,1,1,AAGTTTTGAATCGAAGGAGG,0,3238318
recNp,0.5,1,1,AAGTGCTTAGACTTCGTTAA,0,3249135
recNp,0.5,1,1,AAGTGCCTGCTGAACTGTCG,0,3242446
recNp,0.5,1,1,AAGTCATAAGCATGCGAGGT,0,3225302
recNp,0.5,1,1,AAGGTAGGGGTTGTACGGGC,0,3218536
recNp,0.5,1,1,AAGGGGTACGCGTGGACCTC,0,3224468
recNp,0.5,1,1,AAGGCTTTCCGTTGTTAAGA,0,3244645
recNp,0.5,1,1,AAGGATAGCTGGGGCGGACC,0,3252315
recNp,0.5,1,1,AAGGACCTCACTCCGTTTGA,0,3247082
recNp,0.5,1,1,AAGCTCACGCTAGCCTACGC,0,3237773
recNp,0.5,1,1,AAGCTCACACGAACACATAC,0,3247123
recNp,0.5,1,1,AAGCCCTTACTCCTACGGTG,0,3249248
recNp,0.5,1,1,AAGCCCCCTGGCGCCGGAAA,0,3251291
recNp,0.5,1,1,AAGCCATGCGCATCCCAGCC,0,3218271
recNp,0.5,1,1,AAGAGTCAATCTTTCCTACT,0,3241266
recNp,0.5,1,1,AAGAGCACGTTCTCATTCCA,0,3224159
recNp,0.5,1,1,AAGACCTATGTACTAGCAGG,0,3219574
recNp,0.5,1,1,AAGAAAGACATTAGACCAAC,0,3218824
recNp,0.5,1,1,AACTTTTTATTTTACTAGCT,0,3233698
recNp,0.5,1,1,AACTTGTCCGATCGAGAGAA,0,3255708
recNp,0.5,1,1,AACTGACACACGGTCTTGGT,0,3222163
recNp,0.5,1,1,AACTAGGGCCTTCTGTGGCT,0,3225986
recNp,0.5,1,1,AACTAGACTGCGCGCCTCCA,0,3218550
recNp,0.5,1,1,AACTACTGAATGCTTTATGG,0,3222853
recNp,0.5,1,1,AACGTTATATGGGCGCACTG,0,3236376
recNp,0.5,1,1,AACGTCTTGTAATGACTTAA,0,3252833
recNp,0.5,1,1,AACGGCGCGCGGGTCTATAC,0,3245972
recNp,0.5,1,1,AACCGTTTTCGCCCAAGTAA,0,3255766
recNp,0.5,1,1,AACCGTCTTATGGCCGCTTA,0,3255252
recNp,0.5,1,1,AACCGCTGCTATGTGATACT,0,3224673
recNp,0.5,1,1,AACCGACTGTGTACAGACGA,0,3248448
recNp,0.5,1,1,AACCCCGTCGGTATGCGTTA,0,3233527
recNp,0.5,1,1,AACCAATCAGCAGAAGTACT,0,3216211
recNp,0.5,1,1,AACATTGACGATGTGTTGTT,0,3249484
recNp,0.5,1,1,AACATAAGCCACTTTCCGTC,0,3221939
recNp,0.5,1,1,AACAGTTTCGCGTGAACCCT,0,3217760
recNp,0.5,1,1,AACACGTCGATCAGCCCGTC,0,3219398
recNp,0.5,1,1,AACACCGGGTTCGAATCTTC,0,3251657
recNp,0.5,1,1,AACAATCACCGGAATAGATC,0,3245850
recNp,0.5,1,1,AACAAGTCAAATACAGACTT,0,3222804
recNp,0.5,1,1,AACAAGCATAATACACCACT,0,3229700
recNp,0.5,1,1,AAATTTCACCCGTAGGCTCC,0,3246877
recNp,0.5,1,1,AAATTTATTATTCGGTAGAT,0,3251755
recNp,0.5,1,1,AAATTCTGACTCCGTGCGGC,0,3216254
recNp,0.5,1,1,AAATGAAGTCTGTTCATTAC,0,3219217
recNp,0.5,1,1,AAATATACCGATGGGGACTT,0,3229761
recNp,0.5,1,1,AAAGTGTCTGGGAGATTTCA,0,3240446
recNp,0.5,1,1,AAAGGGGAGTCCAATTCTAA,0,3246125
recNp,0.5,1,1,AAAGCGAACTAGGTTTAGGT,0,3235172
recNp,0.5,1,1,AAAGAAATTAACGGGACCCA,0,3216517
recNp,0.5,1,1,AAACCTGGGTTTGCATTCGC,0,3252328
recNp,0.5,1,1,AAACCGCGTTTCACGGCTAT,0,3244549
recNp,0.5,1,1,AAAAGGTCTATGGTACTGTA,0,3244495
recNp,0.5,1,1,AAAAGGTAAAGAGAGACTGT,0,3236542
recNp,0.5,1,1,AAAAGCACACCAGGCAAACT,0,3243919
recNp,0.5,1,1,AAAACTCATGGTTATCGTCT,0,3222542
recNp,0.5,1,1,AAAACGGACTGGCCTATTAA,0,3237898
recNp,0.5,1,1,AAAACCCGACGTATGAAAGG,0,3226232
recNp,0.5,1,1,AAAACAAATTTGTTCGAATA,0,3239873
recNp,1972.0,1971,0,GGAAGGTTATTAAATCAGAC,1971,3254976
recNp,996.0,995,0,AGTTAGAAGTCCTGTGTGAC,995,3244095
recNp,992.0,991,0,GTATGTGAGCATCTCTTCAC,991,3222626
recNp,914.0,913,0,CGGTGGTCGTTATATTCGAC,913,3232657
recNp,747.0,746,0,GCGGGGAAGGGTAGACGTTA,746,3243594
recNp,429.0,428,0,TCGTTAGCGGAAACCCGCCA,428,3250658
recNp,391.0,390,0,AGTAAAGATTCGAAAGCAAT,390,3253256
recNp,360.0,359,0,CGTCAGGACCCCGGAGAAAC,359,3246062
recNp,299.0,298,0,CGCTCCCCCCGGATATACTG,298,3222293
recNp,296.0,295,0,AACGCTGCAACTTCTAGCCG,295,3241553
recNp,206.0,205,0,TATTATGCCACTGCCACTGT,205,3225424
recNp,15.0,14,0,CCATCTGCTATTGCCCGGGA,14,3241850
recNp,14.0,13,0,TGTTCGGATGAGGCGGATAA,13,3247072
recNp,14.0,13,0,GCGATACAGATGTTCAGTGC,13,3229057
recNp,12.0,11,0,ACCTTTTTACGTCATGCTTT,11,3229304
recNp,11.0,10,0,ATGTCACGCACGGCTAGAGT,10,3224753
recNp,10.0,9,0,TCTCACTATGGTAAATCATG,9,3242983
recNp,10.0,9,0,GTCGGGACGTGAGTAAGTTA,9,3239182
recNp,10.0,9,0,GGCTCGTTTGGCACAACGCT,9,3255817
recNp,10.0,9,0,GGCCCTGTATATTGGCAGAA,9,3228392
recNp,10.0,9,0,CTTTTATTTAGAAAGGTCTC,9,3237747
recNp,10.0,9,0,AATGTATGGTCCTTAGACCG,9,3250221
recNp,9.0,8,0,GTTGTACAGTTAGCCCGAGT,8,3227430
recNp,8.0,7,0,GAGGCCTGTTAGAAACCTCT,7,3249876
recNp,8.0,7,0,AGACGGCGAGCATGGTGCTA,7,3253066
recNp,7.0,6,0,TCCACAGGCCTGAAAACCTT,6,3226965
recNp,7.0,6,0,TATGTAACCGGATAAATCTC,6,3220176
recNp,7.0,6,0,TACCCCGGCAACGGGTATGG,6,3229988
recNp,7.0,6,0,GAGATTTATTGCGGGACACT,6,3223579
recNp,7.0,6,0,CCGTAAGCAAACAAGGGAGT,6,3230377
recNp,6.0,5,0,CTCCGATCATTATGAGACTT,5,3234543
recNp,6.0,5,0,ATTCGGTAGATATGGGGTAT,5,3228319
recNp,6.0,5,0,ATAGGACAAACTGCAAGATA,5,3246893
recNp,6.0,5,0,AGATACTAATTGCGTTGACG,5,3246235
recNp,5.0,4,0,TGATCTAGTACTTCATAATG,4,3233765
recNp,5.0,4,0,TCCGGCTTAAAGGCGCCAAC,4,3216227
recNp,5.0,4,0,GTTAACTTAGGTGTTAAAAC,4,3242636
recNp,5.0,4,0,CGACCAGTTGCGGCACGGAC,4,3229408
recNp,5.0,4,0,CCGCCACGCACGCTGTCAGA,4,3242853
recNp,5.0,4,0,AAGGGTACCAGTGTCATCAG,4,3225560
recNp,4.0,3,0,TTTCAAGAGTCTGTTGAAGG,3,3220580
recNp,4.0,3,0,GGTATGCTTTAATCTATTGA,3,3234259
recNp,4.0,3,0,CTAAGTGGAGTTTAGGCCGA,3,3253250
recNp,4.0,3,0,CCGAAAACTCGCGGTTACTA,3,3234461
recNp,4.0,3,0,ATTTCAGTCCTGTCCGCTTA,3,3245340
recNp,4.0,3,0,AGGATAGATCGGATAGACTG,3,3253253
recNp,4.0,3,0,ACACTGACGTACTCGACAGT,3,3228494
recNp,4.0,3,0,AAAAGGGCCGCTTACTGCGC,3,3229273
recNp,3.0,2,0,TTTTTCAGTTATCGTCAATC,2,3232804
recNp,3.0,2,0,TTTATGTGTATAGTTTGGCT,2,3254310
recNp,3.0,2,0,TTCGATGTGCGATTTGTTGT,2,3216204
recNp,3.0,2,0,TCACGTTTTCTACGCGACCA,2,3220162
recNp,3.0,2,0,TCAAACCTCTGCGAGCGTTA,2,3249245
recNp,3.0,2,0,TACCGAAATCGAGAATCATC,2,3236500
recNp,3.0,2,0,GACCCTTTTATACCATGTCA,2,3239198
recNp,3.0,2,0,CTCAGCGTTTTTGAGAGGTA,2,3230126
recNp,3.0,2,0,CGCTACATGATGTGATAATA,2,3250564
recNp,3.0,2,0,CGCGTATGAGTTAATTCCGG,2,3254768
recNp,3.0,2,0,CCTCTGGCCTTAAATTCCTG,2,3235956
recNp,3.0,2,0,CCAACATCTTAGTAAGATTG,2,3220924
recNp,3.0,2,0,CACAGTATTATTTTCGCGTG,2,3234314
recNp,3.0,2,0,ATCCCCGCGTGCGCTAGTAC,2,3216573
recNp,3.0,2,0,AGAACTCGGTGTTTGGTTGT,2,3252112
recNp,3.0,2,0,ACTAACGCGAACACTCTCTT,2,3241043
recNp,3.0,2,0,AATCCGTGCCAAACGCGACC,2,3225693
recNp,3.0,2,0,AAATTGCGCCCCTGTAAGTA,2,3229414
recNp,2.0,1,0,TTGGACTTGCGCATAAAGTT,1,3234824
recNp,2.0,1,0,TGTAATCGTGTCCTCAATTC,1,3232010
recNp,2.0,1,0,TGCCACTGGGCCTAAAATGG,1,3250310
recNp,2.0,1,0,TGATCTGACTGCACGTACAG,1,3238954
recNp,2.0,1,0,TGAAAATGAGACCGTCAACA,1,3255203
recNp,2.0,1,0,TCTTATCGTTCATAACTTAG,1,3233458
recNp,2.0,1,0,TCCGACCGGATGATTAGCAA,1,3218948
recNp,2.0,1,0,TAGCAGAATGGTGGTCCAGT,1,3247377
recNp,2.0,1,0,TAGACACTATCGAAGTGGGC,1,3222933
recNp,2.0,1,0,TACAGGTGTAGTTTATGGAT,1,3236829
recNp,2.0,1,0,GTTTGTACTAGCACCTGAAA,1,3228030
recNp,2.0,1,0,GTTATCCTCCGTGATTTGAA,1,3240437
recNp,2.0,1,0,GTTAGAAATTGTGCATCCGC,1,3240152
recNp,2.0,1,0,GTGTGCGATATTCGATAGTG,1,3216857
recNp,2.0,1,0,GTGTATTCGGAGATCATTGC,1,3220650
recNp,2.0,1,0,GGGCATTCCTGTGAGCGACA,1,3232794
recNp,2.0,1,0,GGCCCACCATGTGGTGCAAT,1,3220583
recNp,2.0,1,0,GCCACTGCACTTGGATCTGG,1,3236499
recNp,2.0,1,0,GCATGTCCGGGTTAGCGCTA,1,3241825
recNp,2.0,1,0,GAGAGATACGTTACATTGCT,1,3246861
recNp,2.0,1,0,GACCCATCCTGTCGTACTAG,1,3225527
recNp,2.0,1,0,CTGATCGAGCCAACAGAACG,1,3237186
recNp,2.0,1,0,CTCGGGGTCGTGTCATTGCT,1,3236685
recNp,2.0,1,0,CTATCCTCGAAGAGCGTTGC,1,3241272
recNp,2.0,1,0,CGTTTGGGCCACGACAATGT,1,3254427
recNp,2.0,1,0,CGTGGCCCAATAGCTTCGTC,1,3216511
recNp,2.0,1,0,CGTATAGCCCGGTCCTGTGT,1,3243311
recNp,2.0,1,0,CGATGTACTGAATTGAAGTG,1,3255736
recNp,2.0,1,0,CCTTTGGCTGTACTGTTGAT,1,3246145
recNp,2.0,1,0,CCGGGTACACGCGTCTATAC,1,3255842
recNp,2.0,1,0,CCATATGGACACGTCAACTC,1,3249407
recNp,2.0,1,0,CATTGTCAGAATGATATGAT,1,3241903
recNp,2.0,1,0,CATCTAAGAGTAATGTGCGT,1,3234629
recNp,2.0,1,0,CATCGACGCATTTCCTCCCT,1,3240560
recNp,2.0,1,0,CAGTGTCATAGTTCAATGGT,1,3221335
recNp,2.0,1,0,CAATTGAACGTTTAGGGCAG,1,3226326
recNp,2.0,1,0,ATTGTCTCCCGCCGACGTAA,1,3220350
recNp,2.0,1,0,ATCGCGCGCACTCGGAATAT,1,3255379
recNp,2.0,1,0,ATATGTGCTAAGTTCACGAC,1,3236498
recNp,2.0,1,0,ATAGTCGGGGGAACCTCGCA,1,3235709
recNp,2.0,1,0,ATACGAACTAGCCCATTTAC,1,3245945
recNp,2.0,1,0,AGTGTTATAGGCCTCGGTGC,1,3220414
recNp,2.0,1,0,AGGCTCCGACAGCGGGTTCC,1,3247592
recNp,2.0,1,0,AGGCTAATCGGACCGCGTCA,1,3230825
recNp,2.0,1,0,AGCGTCCCGGAATCGCAGGC,1,3227993
recNp,2.0,1,0,ACTACTATATAGGCCTCAGG,1,3231190
recNp,2.0,1,0,ACGAGTGGCATCATACGTGC,1,3253439
recNp,2.0,1,0,ACCTGCAGTGGGGAGTCTGA,1,3248213
recNp,2.0,1,0,AATCGCAGTTCGGGTGGTGT,1,3223621
recNp,2.0,1,0,AATAGTGAGCTTGCTGGGGT,1,3245125
recNp,2.0,1,0,AAGCCTATGATCATCCGCAT,1,3218281
recNp,2.0,1,0,AAAGCATTCGCATCCGGCCA,1,3255630
recNp,2.0,1,0,AAAAATGTAGTTGAGATTCA,1,3236699
