name,relative_counts,ct,ct_0,barcode,ct_1,barcode_ind
yadE_predicted,0.3424345847554039,1178,878,TGCTTGACATTGGCCAGTGG,300,4219075
yadE_predicted,0.0111731843575419,179,178,GACCTTCAGGCATTTAGTTT,1,4188195
yadE_predicted,0.01935483870967742,156,154,AACGCTTGACTGACCCACCT,2,4193127
yadE_predicted,0.03731343283582089,137,133,GCTTCCCCATAATGGTTCTA,4,4160019
yadE_predicted,0.088,134,124,TAGGTCAACTGAGGACACAT,10,4180884
yadE_predicted,0.05785123966942149,126,120,GGCTGCATCCATTACGGTAC,6,4171467
yadE_predicted,0.14912280701754385,129,113,GCTTTCAGTCGTCACGATAG,16,4171936
yadE_predicted,12.460176991150442,1519,112,TCTAGACGGATATAAAGGGT,1407,4195805
yadE_predicted,0.03571428571428571,114,111,TACTGTGACTGGGAAGCTGA,3,4171804
yadE_predicted,0.02702702702702703,112,110,AGCATGCAAGGGCAATAGAT,2,4178417
yadE_predicted,0.04504504504504504,114,110,AACGATTGATGAAACGACAC,4,4211853
yadE_predicted,0.018691588785046728,107,106,CGACACCGAGGGGGTATTTT,1,4159385
yadE_predicted,6.254716981132075,767,105,CCCATTCGCTCAAAATGACA,662,4165743
yadE_predicted,0.02830188679245283,107,105,CAGGTCGCGGGGACATTTTT,2,4168158
yadE_predicted,4.180952380952381,542,104,GCAACTCTCTACCGTTAAGA,438,4164643
yadE_predicted,0.0196078431372549,102,101,AAGCAAAGCTGATGCATTGC,1,4159386
yadE_predicted,7.01980198019802,808,100,CATCTGTGCAGAGGGCCTGT,708,4195420
yadE_predicted,0.04040404040404041,101,98,AAAGGATCGCGGAGCAGATA,3,4213887
yadE_predicted,0.061224489795918366,102,97,GCACTAAGTTTTCGATGGTA,5,4163563
yadE_predicted,0.07368421052631578,100,94,TAGCCAGTCCCGGCAGCCTT,6,4222257
yadE_predicted,5.204301075268817,575,92,ATCCACGGTAACACCGCAAT,483,4222971
yadE_predicted,0.053763440860215055,96,92,ACGTTGTCTTGCCCCCTCGT,4,4160496
yadE_predicted,0.043478260869565216,94,91,GATGCAGGAAACGATGCGGC,3,4163103
yadE_predicted,4.7032967032967035,517,90,CTTGGTGGCCGCTACCCAAC,427,4216478
yadE_predicted,0.05555555555555555,93,89,GGATGCAGGGGTGACCTAGT,4,4171737
yadE_predicted,0.03409090909090909,89,87,AGAGGTTGCTATCTGGCCCC,2,4190060
yadE_predicted,0.034482758620689655,88,86,ATCGGGCCTAAGCCCGCGTC,2,4193968
yadE_predicted,0.04597701149425287,89,86,ATCGCAAATTCCAACCGTGG,3,4197918
yadE_predicted,0.023255813953488372,86,85,AGGATCGGCGCAAGCATGTA,1,4197636
yadE_predicted,0.17647058823529413,98,84,GGTGTTCGCATTCAGATTGG,14,4160022
yadE_predicted,0.047058823529411764,87,84,GGCCCGGCGCCAAACCCGAT,3,4175978
yadE_predicted,0.023809523809523808,84,83,CTAGAAAGCCGCTCGACTGA,1,4186188
yadE_predicted,1.4047619047619047,200,83,AGTCCACATTGGGAGTCCCA,117,4220086
yadE_predicted,0.04819277108433735,85,82,CATTAAAGACGAGGCGTTTA,3,4160317
yadE_predicted,14.734939759036145,1304,82,ATAAGAGTCTACCGTTAATA,1222,4173832
yadE_predicted,0.12195121951219512,90,81,TCGGTACACTGTCAGGTCCA,9,4168008
yadE_predicted,0.13580246913580246,90,80,TATCGGCGAAACCGATCCGT,10,4234496
yadE_predicted,0.024691358024691357,81,80,TATAATTGTGCAATCTGGTT,1,4159883
yadE_predicted,0.024691358024691357,81,80,ATTCACAAGAAGTCCCTGCT,1,4225124
yadE_predicted,0.024691358024691357,81,80,AGATAGCGGGCCGGTTTTCT,1,4164446
yadE_predicted,2.3797468354430378,265,78,TGCGGTATTGGACTAACGGT,187,4166849
yadE_predicted,0.17721518987341772,91,78,ATAGCAGTCTGCTTGTCTGT,13,4171540
yadE_predicted,0.02531645569620253,79,78,AACATCCTCAAAAGTGTGTG,1,4185099
yadE_predicted,7.910256410256411,693,77,TGGCAGGCACAGTTAAGGCG,616,4201337
yadE_predicted,9.794871794871796,840,77,TAGCGCGCTGAGAATCCGGG,763,4163697
yadE_predicted,0.0641025641025641,81,77,AATCCCAGAGACAGGCAAGA,4,4197327
yadE_predicted,7.805194805194805,676,76,GGGCGTCCGTGGCTTGTATA,600,4197919
yadE_predicted,0.10526315789473684,82,75,TTCTGTGATTTAGTCATCGA,7,4162374
yadE_predicted,0.06578947368421052,79,75,TACACCTCGAGGAACCGGCA,4,4205410
yadE_predicted,0.06666666666666667,78,74,TGGTTGTCTACTAGAATTAG,4,4166914
yadE_predicted,0.04,76,74,TCTGGAAGAGGGTATGAGAC,2,4200558
yadE_predicted,5.28,469,74,GGACTGGCCAAGCGCAGACA,395,4198155
yadE_predicted,0.02666666666666667,75,74,CCATCGTGGATAAATAGCGA,1,4165064
yadE_predicted,0.02702702702702703,74,73,TTTGGTGCACTTTGTCCGCT,1,4161853
yadE_predicted,0.05405405405405406,76,73,GTTAATACGTAGATTATGTA,3,4162944
yadE_predicted,0.0410958904109589,74,72,CTCTGCGTGGCTTCCGGCGA,2,4182574
yadE_predicted,0.027777777777777776,72,71,GCGAATTAGACAATGTAGAT,1,4184359
yadE_predicted,0.027777777777777776,72,71,CGTTGTGGCCGATAGTGGTA,1,4207806
yadE_predicted,0.09722222222222222,77,71,AACGGATTTATAGCTGGTTC,6,4194836
yadE_predicted,0.04225352112676056,72,70,TTGAGTGCTACTCGCTCGAG,2,4226179
yadE_predicted,0.028169014084507043,71,70,ACCACATAAAAATCCATAAT,1,4230657
yadE_predicted,0.08571428571428572,74,69,TACGTCAATGCGTTGATCGT,5,4160036
yadE_predicted,0.02857142857142857,70,69,CGATCAAGGATGCAGATCAT,1,4176723
yadE_predicted,0.02857142857142857,70,69,CAGACAAGAAGAGACGGTAC,1,4200879
yadE_predicted,0.15942028985507245,78,68,TTAGCGCAGGGAGTGACGTT,10,4176732
yadE_predicted,0.11594202898550725,75,68,TCGCCCTAATTAATTCAGGA,7,4183491
yadE_predicted,0.08695652173913043,73,68,GCTGTCAACGGTCAGGCAAT,5,4221503
yadE_predicted,0.23529411764705882,82,67,TTGTGTGATCAATGCGTCAT,15,4233554
yadE_predicted,0.17647058823529413,78,67,TGCCCCTGTGAAGCTGGATC,11,4224196
yadE_predicted,0.029411764705882353,68,67,GAACAGTCGGAACCTCCGAT,1,4223037
yadE_predicted,0.07352941176470588,71,67,CACAAGCTTTGTCTCCATCA,4,4163322
yadE_predicted,0.029411764705882353,68,67,ATTTCTAGGATAACGTCTAG,1,4166414
yadE_predicted,0.08955223880597014,71,66,TTACTCTGATGGCCATGGCT,5,4170220
yadE_predicted,0.029850746268656716,67,66,CGGCCATCTCTCGATTGGGC,1,4235128
yadE_predicted,0.19402985074626866,78,66,CAATAAGCATATTGCAGGGA,12,4166335
yadE_predicted,0.06060606060606061,68,65,TTGTTTATCGAGAGAGAAAT,3,4166480
yadE_predicted,0.10606060606060606,71,65,TAGAATCTCTCGGACTCAAA,6,4168259
yadE_predicted,0.15151515151515152,74,65,GGGGGTCGTCTACTCAATAA,9,4175247
yadE_predicted,0.030303030303030304,66,65,GGCACTTCTCGTGGGGCACT,1,4201299
yadE_predicted,0.045454545454545456,67,65,CTGGTCGAGTGTCTTGCTGT,2,4235908
yadE_predicted,0.07575757575757576,69,65,AGGCCTTTAACGACTCCTTA,4,4184265
yadE_predicted,0.06153846153846154,67,64,TGGGGGGTACATACATGGCT,3,4170740
yadE_predicted,0.07692307692307693,68,64,TGCACCACATGGCCATTCTA,4,4159520
yadE_predicted,0.07692307692307693,68,64,TCCGCTTTAGTGAGTCAGAA,4,4221660
yadE_predicted,0.03076923076923077,65,64,TAGCCGGACGCTAAGGTATT,1,4230503
yadE_predicted,0.1076923076923077,70,64,GACTGGTCACGCGCTACTGG,6,4166900
yadE_predicted,0.03076923076923077,65,64,CTTCCTATGCAAAACATTTA,1,4231115
yadE_predicted,0.046153846153846156,66,64,CGACTATACTGTTAATGTTG,2,4226258
yadE_predicted,0.07692307692307693,68,64,AACCGATGGCCAAAATATAC,4,4193694
yadE_predicted,0.078125,67,63,GTAACAAACCCGCGTGTCCT,4,4211505
yadE_predicted,11.640625,807,63,CGTTGGGCGGGTATTTGTCT,744,4180810
yadE_predicted,0.09375,68,63,ATGCCAGTGGGGTTCTTGTT,5,4161058
yadE_predicted,8.703125,619,63,AGAATACCGGCAGGGCTCTT,556,4215999
yadE_predicted,0.171875,73,63,AACTTATATCCTCGCGATTG,10,4173184
yadE_predicted,0.03125,64,63,AACGTTATCACTGGAGGGCT,1,4163990
yadE_predicted,0.047619047619047616,64,62,TACGACCCTTGGGGAGCCAC,2,4169962
yadE_predicted,0.031746031746031744,63,62,GTGGCACAGCTGACACCGCG,1,4217669
yadE_predicted,0.031746031746031744,63,62,AATTATTTGTGGAAAACGGT,1,4167885
yadE_predicted,0.03225806451612903,62,61,GTGAGTGACGGTTTATGTGA,1,4231952
yadE_predicted,0.03225806451612903,62,61,GCGGTGGAGGCCTACGGCAA,1,4159894
yadE_predicted,14.508196721311476,944,60,GCTACACAAGGGCGCGCTTC,884,4233614
yadE_predicted,0.03278688524590164,61,60,AATTGCGCATTCCTCGCAAT,1,4179366
yadE_predicted,0.06666666666666667,62,59,TGCAGACCCAATGTTCCGAC,3,4223267
yadE_predicted,0.03333333333333333,60,59,TCGGCGCGATATCTAGTTAC,1,4165835
yadE_predicted,0.05,61,59,TAGCTGGTAAGATCGTTGTA,2,4179120
yadE_predicted,0.03333333333333333,60,59,GTTGGCCAAGTTCGTCACAT,1,4181869
yadE_predicted,0.25,73,59,CGATGTTGTGTGTTTTGCGA,14,4185763
yadE_predicted,0.06779661016949153,61,58,GAACCGTCATAGATCGGGGT,3,4232886
yadE_predicted,0.0847457627118644,62,58,AGGTCATTCCACTCCGAAGA,4,4166471
yadE_predicted,0.03389830508474576,59,58,AGGTATCCGGCCCGATGTTT,1,4173820
yadE_predicted,0.06896551724137931,60,57,CTACCGCAGGCGACTTTCAT,3,4161106
yadE_predicted,11.224137931034482,707,57,CGGGGCATGCTCCTTCCTAC,650,4203377
yadE_predicted,0.10344827586206896,62,57,ATCCCTAATGTTTAATCGCT,5,4190801
yadE_predicted,0.034482758620689655,58,57,AACTTCGCTGATGTGCCGTT,1,4195193
yadE_predicted,0.07017543859649122,59,56,CCAGCTGGGAGAATCCTGCA,3,4172560
yadE_predicted,0.03508771929824561,57,56,CAAGCGTGATTCGGTATCCA,1,4226187
yadE_predicted,0.03508771929824561,57,56,AGGTAGCAGCTTGCAGGATT,1,4176242
yadE_predicted,0.12280701754385964,62,56,ACACCAGTTGTAGCCAGGAT,6,4187306
yadE_predicted,0.05357142857142857,57,55,TGTTCAGTCCTATGCAATAT,2,4173266
yadE_predicted,0.03571428571428571,56,55,TATCGCAGATTCTTAGCTGT,1,4216541
yadE_predicted,0.10714285714285714,60,55,GGATCAGCGAAATTTGTGCT,5,4195328
yadE_predicted,0.05357142857142857,57,55,GGACATTAGCGGGTCATAAA,2,4223887
yadE_predicted,5.642857142857143,370,55,GCTCCTGTCAACGTAAGGAA,315,4185818
yadE_predicted,0.23214285714285715,67,55,GCCGACGACCTCGGGTGGGA,12,4201385
yadE_predicted,0.125,61,55,CTTCTCCTTATGATTTGAGT,6,4223614
yadE_predicted,0.07142857142857142,58,55,CGCGGTGCCAGCCGTGGCTC,3,4214418
yadE_predicted,0.03571428571428571,56,55,CCTTGTTCCGTAGGCGCGGC,1,4190810
yadE_predicted,0.03571428571428571,56,55,CAGAAGAATTCTGTTAAAGA,1,4238990
yadE_predicted,0.07142857142857142,58,55,ATCCGGTAAGGCTGATTAAT,3,4228742
yadE_predicted,0.03571428571428571,56,55,ATATCGTACTTCGTTCTTGC,1,4160250
yadE_predicted,0.2,64,54,TTCTAGCGGGGTAATAACTG,10,4199119
yadE_predicted,18.8,1087,54,TAGAATGTACTTCTTCGCGA,1033,4193919
yadE_predicted,0.14545454545454545,61,54,TAACGTTGGTTATCACTAAG,7,4204543
yadE_predicted,0.03636363636363636,55,54,TAACGGACCATTCGAGTGAT,1,4165761
yadE_predicted,0.03636363636363636,55,54,GCGGGCTACAGCGATCCCTT,1,4203728
yadE_predicted,16.636363636363637,968,54,GAGTGTCGGCCAGGTGTAAG,914,4203071
yadE_predicted,0.21818181818181817,65,54,CTGCGCATATGAGTGAAAAT,11,4168627
yadE_predicted,0.03636363636363636,55,54,CTATATGAAATCGCCCCGGA,1,4176915
yadE_predicted,0.10909090909090909,59,54,CCCTGAACTCAGTTCAGGGT,5,4160726
yadE_predicted,0.23636363636363636,66,54,CCCGAAATCAACCTCCTCTG,12,4234594
yadE_predicted,0.03636363636363636,55,54,ATGCAGGGGTTTTTCGTACG,1,4175154
yadE_predicted,0.05555555555555555,55,53,TCTAGAGAGTCTCGGACTTT,2,4216465
yadE_predicted,0.037037037037037035,54,53,GATTAACGCTATGGCAGACT,1,4196608
yadE_predicted,0.12962962962962962,59,53,CTACCCTAATACCAAATCAC,6,4163323
yadE_predicted,0.05555555555555555,55,53,CGGTTAATACGCACACAAAG,2,4194419
yadE_predicted,0.05555555555555555,55,53,CCTACTTTTGTAGATTAGGT,2,4228945
yadE_predicted,0.037037037037037035,54,53,AGAACAAAAAACTGTGGCTT,1,4210327
yadE_predicted,0.03773584905660377,53,52,TTGCCACGCCTTGATTGTCT,1,4170329
yadE_predicted,0.2830188679245283,66,52,TCTGATCCTGGGTCTCATCC,14,4162992
yadE_predicted,0.05660377358490566,54,52,TCTCCCTTTGCTGCTTAAAT,2,4160316
yadE_predicted,0.20754716981132076,62,52,GGGAAGAGCGTATAGGAAGC,10,4240647
yadE_predicted,0.16981132075471697,60,52,GCTCTTATTCTGTTAGCCAT,8,4199592
yadE_predicted,0.03773584905660377,53,52,CGGTAATTGCCTTATGTCGT,1,4230196
yadE_predicted,0.03773584905660377,53,52,CAAATTGAGTGGGGTCGCCC,1,4166550
yadE_predicted,0.07547169811320754,55,52,AGCGCAGTAGTAAGTATATG,3,4194838
yadE_predicted,0.22641509433962265,63,52,AATTTAAATAACACTATACT,11,4172111
yadE_predicted,0.038461538461538464,52,51,TATATTTAAACAAAAGCGCA,1,4174111
yadE_predicted,0.09615384615384616,55,51,GCTTCTTCTCAGAGACCTGT,4,4191071
yadE_predicted,0.038461538461538464,52,51,CCAACTCTGTTATTCTATAC,1,4176781
yadE_predicted,0.09615384615384616,55,51,ATCATGGAGACCCGAAGGAG,4,4190235
yadE_predicted,0.038461538461538464,52,51,ATACTGGCGGATAGGATCGG,1,4167499
yadE_predicted,0.0392156862745098,51,50,TAAATATATACAGGGGAGGT,1,4189009
yadE_predicted,0.0392156862745098,51,50,GTACGCATACGGGAGAGTAT,1,4213176
yadE_predicted,0.17647058823529413,58,50,GCTTAATCCTTGAACTTGGT,8,4162054
yadE_predicted,0.23529411764705882,61,50,CAGGGCTAGCACTGGTCGTA,11,4162321
yadE_predicted,17.372549019607842,935,50,ATCAAGATGGTCCGGACGTA,885,4189001
yadE_predicted,0.17647058823529413,58,50,AGCGTCGCGTACTCAGGACG,8,4167053
yadE_predicted,0.0392156862745098,51,50,ACATTTGTAAAGCCAGACTG,1,4176669
yadE_predicted,0.0392156862745098,51,50,ACATCGATCCCAGTAGGCTG,1,4208641
yadE_predicted,0.13725490196078433,56,50,AAGGAAGGGCGAACGTTTAA,6,4188375
yadE_predicted,0.0392156862745098,51,50,AACGGCAGTTTCGATCAGAC,1,4186120
yadE_predicted,0.1,53,49,TTGGCGCTTTTCATCTGATT,4,4205012
yadE_predicted,0.04,50,49,TCGTGAATTCTGTTCATCGG,1,4175349
yadE_predicted,0.04,50,49,TAAAGTGCGGATGGAAGTAG,1,4181699
yadE_predicted,0.14,55,49,GGGACCAGTGGAAGAAGGGT,6,4176945
yadE_predicted,0.2,58,49,GATCCCGCGCGTCTCGCCGT,9,4235395
yadE_predicted,9.7,533,49,CGTATTAGTTTACGTGGCCA,484,4197895
yadE_predicted,0.1,53,49,CGCAGGGGCGTTAGAAAGTA,4,4183569
yadE_predicted,0.04,50,49,CAATTTCCAGCAGTAGCAGA,1,4166472
yadE_predicted,0.04,50,49,CAAGACTACGCCTGTGTGGC,1,4183327
yadE_predicted,0.26,61,49,AGTCAATATGGCAGACATCC,12,4205407
yadE_predicted,0.1,53,49,ACGGCCAAGCATTGTAAGAT,4,4222049
yadE_predicted,0.04081632653061224,49,48,TCCCGTTCCCTCTGTCCACT,1,4202441
yadE_predicted,0.04081632653061224,49,48,GTAGGATAGACAGGACGGCT,1,4236805
yadE_predicted,0.04081632653061224,49,48,GGGGGGGTATCTACGAGCCC,1,4198591
yadE_predicted,0.24489795918367346,59,48,CTCTCGTTGGTTTATGTGGT,11,4200719
yadE_predicted,1.5918367346938775,125,48,CTCCCCAGTCTTTAACCCCA,77,4195307
yadE_predicted,0.04081632653061224,49,48,CTACGGTTTCCACATGACTA,1,4238696
yadE_predicted,2.7142857142857144,180,48,CTAATACTCTTGGATACCCA,132,4165620
yadE_predicted,0.08163265306122448,51,48,CCCACGAATCAATCCTTGCA,3,4240206
yadE_predicted,0.061224489795918366,50,48,CAGTCCATGTCATTGAAAAT,2,4202331
yadE_predicted,0.14285714285714285,54,48,CAATCGGAATCCAGTGGTGC,6,4173827
yadE_predicted,0.061224489795918366,50,48,AGCACAAGGCAGGTGGTCCT,2,4196719
yadE_predicted,0.04081632653061224,49,48,AAGGGCAGACTGCAAGGTGT,1,4202094
yadE_predicted,0.0625,49,47,TTGGGGGCACTGGTTCCGAA,2,4181925
yadE_predicted,0.16666666666666666,54,47,TCGCGGTTGGCGTAGAGGAT,7,4220977
yadE_predicted,0.08333333333333333,50,47,TCGAATACGCCAATATTCGT,3,4176154
yadE_predicted,18.125,916,47,GTCGTTGCAGGTTATCGAGT,869,4188627
yadE_predicted,0.08333333333333333,50,47,GCTGGTACGAAGGTGTCTTT,3,4237329
yadE_predicted,0.20833333333333334,56,47,GCAGGCGGAAATATTACCAA,9,4216324
yadE_predicted,0.041666666666666664,48,47,CTGTTCATGGTATCTCCTAC,1,4212272
yadE_predicted,0.041666666666666664,48,47,CTACACAAGAAACATACCTG,1,4232992
yadE_predicted,0.041666666666666664,48,47,CGGTCGAATCCAGCCCCATC,1,4186760
yadE_predicted,0.041666666666666664,48,47,CATTCTGCGAAGTGACCAGT,1,4166557
yadE_predicted,0.0625,49,47,ATGTAGTGAGACAAAACAGT,2,4204475
yadE_predicted,0.041666666666666664,48,47,AGTGCGAGTCTTAAGCCATA,1,4192597
yadE_predicted,0.041666666666666664,48,47,AGGCGCACGTCTAGTGAGAC,1,4215741
yadE_predicted,0.041666666666666664,48,47,ACTTTTCTGCCAATGCGAGT,1,4180948
yadE_predicted,0.1875,55,47,ACCCCAAATGATGAGTATGA,8,4204750
yadE_predicted,0.1702127659574468,53,46,TTTCCTATGCTGGAATGATA,7,4181591
yadE_predicted,9.53191489361702,493,46,TGTGGGTGCAACGGGGACCT,447,4210083
yadE_predicted,18.680851063829788,923,46,TGGCACTTTCTGCAGGCAAA,877,4204154
yadE_predicted,0.10638297872340426,50,46,TGCCCAGCCGGAAGAAAAAA,4,4224489
yadE_predicted,0.1276595744680851,51,46,TACTGGGCGAGACCTTCGAA,5,4202718
yadE_predicted,0.0851063829787234,49,46,TACGTACCTCCGGCCCACAT,3,4194021
yadE_predicted,0.2765957446808511,58,46,GGTTTAGAGATTCCTCGAGC,12,4184013
yadE_predicted,0.0425531914893617,47,46,GGGAGGTCTCCCGTATACCC,1,4162319
yadE_predicted,16.574468085106382,824,46,CGGACTACTAAGGCAGAATA,778,4171811
yadE_predicted,0.0425531914893617,47,46,AACGCCCAAGAGGGTCCCTT,1,4237345
yadE_predicted,0.043478260869565216,46,45,TGTAGACATGTCCGGGACCT,1,4203376
yadE_predicted,0.06521739130434782,47,45,TCGGGTTCCATACGTGGCAT,2,4210245
yadE_predicted,0.08695652173913043,48,45,TAGGAGTCATCCAACACTGG,3,4166481
yadE_predicted,0.043478260869565216,46,45,GCAGAGTGTATCATGAGCTA,1,4191327
yadE_predicted,0.30434782608695654,58,45,GACCACAAAACATCGACTCA,13,4227881
yadE_predicted,0.043478260869565216,46,45,CGCGCGCCTACCGTATGAAT,1,4209442
yadE_predicted,25.108695652173914,1199,45,CGAAACCGACAGTTCATCGC,1154,4174808
yadE_predicted,0.13043478260869565,50,45,CATGGAACCAATGCAATAGT,5,4195260
yadE_predicted,0.043478260869565216,46,45,ATGAGGTTAGAAAGCCGGCG,1,4171279
yadE_predicted,2.6666666666666665,163,44,TTACTAGACGGAGTACATCA,119,4217875
yadE_predicted,0.044444444444444446,45,44,TAGGATCTAGTCGCGACGGA,1,4190389
yadE_predicted,0.044444444444444446,45,44,GGAGCAGGGGCTTTCCAAGC,1,4175444
yadE_predicted,0.08888888888888889,47,44,CGTGGATGGTACAATGGATA,3,4221557
yadE_predicted,0.044444444444444446,45,44,CGCGTGTTTCTGTCTACGTT,1,4227492
yadE_predicted,0.044444444444444446,45,44,CGAAGTCCGCCGTACGCTGT,1,4162500
yadE_predicted,0.044444444444444446,45,44,CCTTAACCGGTGGGTTGCCA,1,4198926
yadE_predicted,0.044444444444444446,45,44,ATCTATGATCGGTCCAAAAC,1,4202149
yadE_predicted,12.666666666666666,613,44,ATAGCTCATTCAACTTACAC,569,4232463
yadE_predicted,0.1111111111111111,48,44,AGCTTTGTCACACACAGCGA,4,4195589
yadE_predicted,0.08888888888888889,47,44,AGAAGGCTCCAAACGGCAGG,3,4231270
yadE_predicted,0.044444444444444446,45,44,ACGGCGCAACAGTATCCCTT,1,4170825
yadE_predicted,0.06666666666666667,46,44,AACCCTGCCATACGCTTATA,2,4206299
yadE_predicted,0.045454545454545456,44,43,TGAACTAATGTCTCCTGCAG,1,4178800
yadE_predicted,0.045454545454545456,44,43,TCTAATTACCGCAATTTCGT,1,4210702
yadE_predicted,0.06818181818181818,45,43,TATGATGACGTAGACACGGT,2,4159803
yadE_predicted,0.045454545454545456,44,43,TATCGCGCGGAGTTAACTCT,1,4182110
yadE_predicted,0.06818181818181818,45,43,GTGGCCCAGAGAGTATGTAC,2,4174178
yadE_predicted,0.06818181818181818,45,43,GTACACTGGCGCTGGTCCGT,2,4174335
yadE_predicted,0.1590909090909091,49,43,GGCGCAATCCGGATATTCTT,6,4208315
yadE_predicted,0.06818181818181818,45,43,GAGGACTTGCTGGAAAAAAT,2,4212826
yadE_predicted,0.045454545454545456,44,43,GACCATTCAACACATTACTA,1,4217700
yadE_predicted,0.3181818181818182,56,43,GAAATTATCGTCGAACTCTG,13,4196022
yadE_predicted,0.25,53,43,CTCGGGATCTAGGAATATAT,10,4198936
yadE_predicted,0.045454545454545456,44,43,CCCCGCCATATCCCATTACT,1,4186033
yadE_predicted,18.636363636363637,862,43,AGTTCGGGTAGGGGTCGCTA,819,4175305
yadE_predicted,0.045454545454545456,44,43,AGAGATCATGCGCATAGACT,1,4159812
yadE_predicted,0.11363636363636363,47,43,ACTGGGAGCCTCGACGACTT,4,4219694
yadE_predicted,0.045454545454545456,44,43,AATCGGACGTCTAGCTTACG,1,4205082
yadE_predicted,0.25,53,43,AACAGCCGCACGGTATTTTC,10,4213561
yadE_predicted,0.046511627906976744,43,42,TTATGCACATCACGTAGATT,1,4161353
yadE_predicted,1.2325581395348837,94,42,TGTTTACGTAAGCCCGGCGT,52,4175016
yadE_predicted,4.186046511627907,221,42,TGTCTGCTACATGTTCTAAG,179,4169084
yadE_predicted,0.046511627906976744,43,42,TGGGCGGTGAGCAGATGGAA,1,4193231
yadE_predicted,0.06976744186046512,44,42,TCTACCCTGAGTCACGTCGG,2,4208197
yadE_predicted,16.72093023255814,760,42,TCGCATCGGTAAATAGGCCT,718,4240637
yadE_predicted,0.046511627906976744,43,42,TCCCGTATACGTGTTTCCAT,1,4159885
yadE_predicted,0.06976744186046512,44,42,TCCAATAGGTCTCTCCGGTT,2,4228814
yadE_predicted,0.046511627906976744,43,42,TAGGCTCTTTCCGTTTGTTA,1,4208507
yadE_predicted,0.06976744186046512,44,42,GTTCACATGAGAATGCGAAT,2,4168324
yadE_predicted,0.11627906976744186,46,42,GGCCTTTGTGATAAACTGTA,4,4200220
yadE_predicted,0.2558139534883721,52,42,GGCCGGAGGAGTGGCTCAAA,10,4225577
yadE_predicted,0.06976744186046512,44,42,GGCAGAATACCGCTTATATT,2,4160657
yadE_predicted,0.046511627906976744,43,42,GCGGCAGGGCATCGGCTGCA,1,4188380
yadE_predicted,0.06976744186046512,44,42,GCGCTATAGCTCGGGGAGGA,2,4181704
yadE_predicted,0.13953488372093023,47,42,GATTGCGGCCGGGCACCGGT,5,4173203
yadE_predicted,0.06976744186046512,44,42,CCGCGCTAAACACTTGAATG,2,4233269
yadE_predicted,0.046511627906976744,43,42,CCAACCAAATGTTTAATCTC,1,4168070
yadE_predicted,0.046511627906976744,43,42,CATGCACTCAAGGACATCTG,1,4184974
yadE_predicted,0.046511627906976744,43,42,CAGTAACAACACGCCAAGAA,1,4191616
yadE_predicted,0.046511627906976744,43,42,CAGCGTGCTCGGTTGTGGTG,1,4191970
yadE_predicted,20.41860465116279,919,42,CACCCAACGTCTTGAGCCTT,877,4208318
yadE_predicted,0.09302325581395349,45,42,AGTCGGTCCAGCATTAACCT,3,4164997
yadE_predicted,0.06976744186046512,44,42,AGAACTTGTCGGGCGCAAGT,2,4162381
yadE_predicted,22.3953488372093,1004,42,ACGGACACTCGGGCAATCCT,962,4164854
yadE_predicted,0.07142857142857142,43,41,TCTTGCGGAGGTGCCTTTGA,2,4168585
yadE_predicted,0.047619047619047616,42,41,TCCCATTTTCGTGTCGGCAG,1,4230987
yadE_predicted,0.07142857142857142,43,41,TCAGACACACATTTGTCAAT,2,4224618
yadE_predicted,0.19047619047619047,48,41,GTTGGTGCAAGGGATCAATA,7,4202959
yadE_predicted,0.19047619047619047,48,41,GGGTAATCCGGGATATATCG,7,4214588
yadE_predicted,5.738095238095238,281,41,GCGGGATTCCAAGACGTAGG,240,4166081
yadE_predicted,0.11904761904761904,45,41,GCATCAGCTTCATTTACCTG,4,4218872
yadE_predicted,0.047619047619047616,42,41,GCAGCCGTCTTCCCGGCCTA,1,4179184
yadE_predicted,0.07142857142857142,43,41,GACTCGACACAGCCATGTTA,2,4233555
yadE_predicted,0.047619047619047616,42,41,CTTATTCCTCCAACAATATT,1,4177973
yadE_predicted,0.047619047619047616,42,41,CTCCAATGTTTGTAGTCCAA,1,4213778
yadE_predicted,0.16666666666666666,47,41,CTAAGGGTGTTCAGTAGCGT,6,4192924
yadE_predicted,0.09523809523809523,44,41,CCGGTCTCTCCACCGGTATG,3,4206476
yadE_predicted,0.047619047619047616,42,41,CATCGCTGTCTGGGATCCAA,1,4202098
yadE_predicted,0.047619047619047616,42,41,CAGTGTGCAGCGACTTGTAA,1,4191025
yadE_predicted,0.30952380952380953,53,41,CACCGGGTCAATCGGCCTGT,12,4171469
yadE_predicted,0.09523809523809523,44,41,CAATGTACACGCCCACGGGT,3,4213859
yadE_predicted,0.21428571428571427,49,41,ATGGTTCATAAATTAATGGT,8,4223683
yadE_predicted,0.2857142857142857,52,41,ATGGCTACCGATATCATTAA,11,4208051
yadE_predicted,0.047619047619047616,42,41,AGGGTCTGACTCATCGGACT,1,4209644
yadE_predicted,0.21428571428571427,49,41,ACGAACTCGGCCTACTGGAA,8,4195583
yadE_predicted,0.04878048780487805,41,40,TTATACCCTGCCCCGTTCAT,1,4170003
yadE_predicted,17.146341463414632,742,40,TTACGTTTATTGGAAGACCT,702,4225080
yadE_predicted,0.04878048780487805,41,40,TGTGGTACCTAGTCGTACAC,1,4216171
yadE_predicted,5.048780487804878,246,40,TGCGGGAGTAACATCTGGGT,206,4218037
yadE_predicted,0.04878048780487805,41,40,TCGCGCTGCAAGGGCAGCGG,1,4228647
yadE_predicted,0.24390243902439024,49,40,TAGATGTGTTTCTTGTACAG,9,4185621
yadE_predicted,0.07317073170731707,42,40,TAAGACATTGTTCTGAATTT,2,4201432
yadE_predicted,0.36585365853658536,54,40,GTGTCCCAATAATTAATTCT,14,4203873
yadE_predicted,0.12195121951219512,44,40,GTGCAACAATCCATTGGGAT,4,4186901
yadE_predicted,0.04878048780487805,41,40,GGTAACAATAGACCTGCTAG,1,4172064
yadE_predicted,0.24390243902439024,49,40,GGAGATTGCAGCGCAGGCAT,9,4169324
yadE_predicted,9.024390243902438,409,40,GCTCCGGCCTGTGGTTAGTA,369,4225494
yadE_predicted,0.04878048780487805,41,40,GCGAATGCCGAGTTGATTTG,1,4164178
yadE_predicted,0.21951219512195122,48,40,GCCCAGCGAGTAGGCCGCGA,8,4189259
yadE_predicted,0.04878048780487805,41,40,CTGTGAAAGAACGGTTTGGT,1,4222544
yadE_predicted,0.04878048780487805,41,40,CTACGGACTGAATCTGGATA,1,4222060
yadE_predicted,0.12195121951219512,44,40,CGGTCCATTTGGTGGAAGGA,4,4232434
yadE_predicted,0.0975609756097561,43,40,CATGTGCTGAATTCAGGTAT,3,4166508
yadE_predicted,0.2926829268292683,51,40,ATTCTTTCAGCTGTTAGTCA,11,4224659
yadE_predicted,0.07317073170731707,42,40,ATTCCACTAGACCGTTTCAG,2,4202465
yadE_predicted,0.21951219512195122,48,40,ATAACCATGACGCGCTCACC,8,4181785
yadE_predicted,0.0975609756097561,43,40,AGCTCACACACAGATAGTAC,3,4233493
yadE_predicted,21.21951219512195,909,40,AATCATGCCAAACTCCGGGT,869,4207207
yadE_predicted,0.04878048780487805,41,40,AAATGTAAAGCCAGGAAGTG,1,4177415
yadE_predicted,0.1951219512195122,47,40,AAAACAAGGGCGCGGGGCGA,7,4167825
yadE_predicted,0.125,43,39,TTGTCTAAGCCATTTGTGTA,4,4169418
yadE_predicted,0.05,40,39,TTGGTAGCAAAGTAACTATT,1,4225997
yadE_predicted,0.05,40,39,TTCTCACTTTGTAGGTTCCA,1,4178072
yadE_predicted,3.075,161,39,TTCCGAACCTGACAAGGCCT,122,4185301
yadE_predicted,0.1,42,39,TTATTTCGCTAATACCTGCA,3,4183158
yadE_predicted,0.075,41,39,TTACAGGCCAATCGTGGTAT,2,4216663
yadE_predicted,0.05,40,39,TTACACTCTGTGGGGAGGCA,1,4220034
yadE_predicted,0.05,40,39,TCAGATCCGCTTCGCTCCTC,1,4174883
yadE_predicted,0.1,42,39,GTGCATTCCAGATGCATGAT,3,4217370
yadE_predicted,0.4,54,39,GTCGGCGACGAACTCCCAGT,15,4188622
yadE_predicted,0.7,66,39,GTAGACCTAGTCCCGGCTGT,27,4196808
yadE_predicted,0.05,40,39,GCGTTAAATTCCTACACCGT,1,4197381
yadE_predicted,0.075,41,39,GATGTTCTTCCTTTGGGATG,2,4175639
yadE_predicted,0.05,40,39,GACCTTACATCGTACTCGCA,1,4163819
yadE_predicted,0.05,40,39,GAAGACAGCATTAGTACATA,1,4225077
yadE_predicted,0.05,40,39,CGGGTAGCCCCAACTTGACA,1,4185216
yadE_predicted,0.075,41,39,CGGATTCCGTTGCCACGATT,2,4175825
yadE_predicted,0.175,45,39,CCTGGGTCCCATTTGCAATA,6,4182115
yadE_predicted,0.05,40,39,CACGGTCTGGAACTTAAGGG,1,4163136
yadE_predicted,0.05,40,39,ATATTCTCGATAACATTAGT,1,4198611
yadE_predicted,0.275,49,39,AGGTCAGTAAGAGCCGGGAA,10,4204547
yadE_predicted,0.075,41,39,AATATGTATGGATTGACGTC,2,4209769
yadE_predicted,0.175,45,39,AAAGGGAGTTACGTGGGGGA,6,4200493
yadE_predicted,0.175,45,39,AAACTGCACCCCATGGCTTG,6,4162066
yadE_predicted,0.15384615384615385,43,38,TTCTCTTATAGCAATCGAAG,5,4192396
yadE_predicted,0.07692307692307693,40,38,TTCCTGGTGCTAAATGGCCT,2,4166345
yadE_predicted,0.07692307692307693,40,38,TGTGGCTGTTATCCTTGTCG,2,4209508
yadE_predicted,0.07692307692307693,40,38,TCGACATAATTATGTAGTTT,2,4174384
yadE_predicted,0.28205128205128205,48,38,TCAGACAAAGCGGACCTGTT,10,4205097
yadE_predicted,0.38461538461538464,52,38,TCACCAAGCTGTACCATTTT,14,4175964
yadE_predicted,0.07692307692307693,40,38,TCAAGTTGCCAAGCCGGTCT,2,4170516
yadE_predicted,0.10256410256410256,41,38,GTTGTTATATAAAGATATTA,3,4221000
yadE_predicted,0.05128205128205128,39,38,GTCCGTGTGCTAGGTGCAGT,1,4192857
yadE_predicted,0.07692307692307693,40,38,GGTGTCCAGCTCGGCTTAGT,2,4159947
yadE_predicted,0.2564102564102564,47,38,GGCTAGGGAAGAGTGGCCGA,9,4199233
yadE_predicted,0.1282051282051282,42,38,GGACAAGCTCATTCCTTGGT,4,4239937
yadE_predicted,0.1794871794871795,44,38,GCCTTCTCCACGATGAGGCA,6,4185849
yadE_predicted,0.15384615384615385,43,38,GCCTGACCTTCACCATGGGG,5,4179602
yadE_predicted,0.05128205128205128,39,38,GCCACTTATTCGGCTCTGTC,1,4161445
yadE_predicted,0.05128205128205128,39,38,GACCCGGCCAGGGAGAGGAA,1,4203437
yadE_predicted,0.05128205128205128,39,38,CTTCTAATAAAGAAGGCGTA,1,4213697
yadE_predicted,0.07692307692307693,40,38,CTGATTCCCGTCCTCTCGAA,2,4208174
yadE_predicted,0.1282051282051282,42,38,CGTTAACCACAACCATACTA,4,4185762
yadE_predicted,0.05128205128205128,39,38,CGCATTTTTTCGTCACCAGA,1,4236920
yadE_predicted,0.05128205128205128,39,38,CATGTCCCCATGGGCAGTCT,1,4205879
yadE_predicted,0.10256410256410256,41,38,CAAGGGTCAGACTCATGCTG,3,4219916
yadE_predicted,0.28205128205128205,48,38,ATTCAACCGGGTCTAAAGAG,10,4237523
yadE_predicted,0.05128205128205128,39,38,ATGGATCAAGCTTATGGTGG,1,4200718
yadE_predicted,0.07692307692307693,40,38,ATCCTCGCGTTCATGGACTG,2,4178302
yadE_predicted,0.05128205128205128,39,38,AGACGCCCTCAAACGAACAT,1,4159744
yadE_predicted,0.358974358974359,51,38,AGACCCCAGACAACCTGTCT,13,4163560
yadE_predicted,0.07692307692307693,40,38,ACCAGGTACCCTAGTACTAG,2,4226421
yadE_predicted,0.07692307692307693,40,38,AAGCAGACTAGACAAGATTA,2,4176802
yadE_predicted,0.05263157894736842,38,37,TGGTGCCCGAGACATACGCA,1,4190446
yadE_predicted,0.13157894736842105,41,37,TGGAGGACTCCCTCAGATCG,4,4215526
yadE_predicted,0.10526315789473684,40,37,TCGGTCATGGGCGGCGATTA,3,4232150
yadE_predicted,0.23684210526315788,45,37,TCCGCTCACCGGGTTAAGAG,8,4193251
yadE_predicted,0.21052631578947367,44,37,TATGCGGCTGTTAAGCAGTT,7,4187339
yadE_predicted,0.23684210526315788,45,37,GGGGCTTATTGGGGTCCTAG,8,4201094
yadE_predicted,0.18421052631578946,43,37,GCAATTATTCCCTAAACAGT,6,4169451
yadE_predicted,0.07894736842105263,39,37,GAGGTGTTCGACTAGATTGT,2,4210169
yadE_predicted,0.05263157894736842,38,37,GACACAGTGACGGTAATCAT,1,4161755
yadE_predicted,0.05263157894736842,38,37,CTATACTGAAGGCAGACAAT,1,4175887
yadE_predicted,0.05263157894736842,38,37,CGTGGACGGACCTGCCCAAG,1,4190936
yadE_predicted,0.05263157894736842,38,37,CGCCGATTTTAATCACCACG,1,4216827
yadE_predicted,0.15789473684210525,42,37,CACGGCGGCTGTCCGCCGTG,5,4171831
yadE_predicted,0.18421052631578946,43,37,CAAAACTTTGCTAAACGCTA,6,4230262
yadE_predicted,0.07894736842105263,39,37,AGTTAGGACCCGGGGCGCAA,2,4210607
yadE_predicted,0.05263157894736842,38,37,ACGAGGGCACCTAGGCTATG,1,4223581
yadE_predicted,0.16216216216216217,41,36,TTTTACGCTGCTCCGAGTAA,5,4228595
yadE_predicted,0.05405405405405406,37,36,TTGAGTTACGATAGCACTGT,1,4225788
yadE_predicted,20.83783783783784,806,36,TTAGCTGAGTGAGATTGCGC,770,4178726
yadE_predicted,0.05405405405405406,37,36,TGCGCAACTAACAAGAAATG,1,4177193
yadE_predicted,0.05405405405405406,37,36,TGATCCGTTTGAACCGTTAA,1,4237525
yadE_predicted,0.16216216216216217,41,36,TAATGTATCCGACACAAGTC,5,4223839
yadE_predicted,0.10810810810810811,39,36,GGTTCTGAGCGGTTACGCTT,3,4183484
yadE_predicted,0.24324324324324326,44,36,GGGAAAGACCTACCAGGGAT,8,4169322
yadE_predicted,0.2702702702702703,45,36,GGAGCTTGGAAAGCGACTCA,9,4196523
yadE_predicted,0.16216216216216217,41,36,GCCTCGAAGCCACGATTTGG,5,4226652
yadE_predicted,0.05405405405405406,37,36,CTCGGCCTAGCGTGGCCTTT,1,4181267
yadE_predicted,0.10810810810810811,39,36,CGGGGAGTCGTCGCTCAGCT,3,4233707
yadE_predicted,0.05405405405405406,37,36,CGCGCTCAAACCACTTGCCT,1,4174336
yadE_predicted,0.05405405405405406,37,36,CGCCAGACTACGTAACGACT,1,4200717
yadE_predicted,0.05405405405405406,37,36,CGCATGGACTGAGATTGTAT,1,4217009
yadE_predicted,0.05405405405405406,37,36,CCTGTAACAGGTCCTGTACT,1,4170056
yadE_predicted,0.05405405405405406,37,36,CCGAGATACTTCAATTAATG,1,4169234
yadE_predicted,0.05405405405405406,37,36,CACTATCAATAGGACCAATA,1,4179132
yadE_predicted,0.08108108108108109,38,36,CACGGCTGTCCCCCGCGCCG,2,4181270
yadE_predicted,0.21621621621621623,43,36,CACACAACGCAATCAACCAG,7,4205156
yadE_predicted,0.05405405405405406,37,36,ATTCTCAAACTCTAGAACCA,1,4219696
yadE_predicted,0.13513513513513514,40,36,ATCTATCCCCGTTGCCCCGA,4,4173552
yadE_predicted,0.16216216216216217,41,36,ACCGCGGCGCAAAGGACCCT,5,4164186
yadE_predicted,0.08108108108108109,38,36,AATTCAAAGTGGTGGATTAG,2,4211988
yadE_predicted,0.05405405405405406,37,36,AAAGGTGACTATAGATTCCG,1,4212231
yadE_predicted,0.05555555555555555,36,35,TTTATCCCTTGTGCCAGGGT,1,4179592
yadE_predicted,14.833333333333334,568,35,TTCTAGGGATATGCCGTTAT,533,4195630
yadE_predicted,0.05555555555555555,36,35,TTCCCGACGACACATGCAGC,1,4163772
yadE_predicted,0.05555555555555555,36,35,TGGCAGATGAACTCCCGGGG,1,4166104
yadE_predicted,0.4166666666666667,49,35,TCGACTCACTCCCCGTGAAC,14,4171496
yadE_predicted,0.05555555555555555,36,35,TCCGGGTGCTGCGTCATCTA,1,4171543
yadE_predicted,0.05555555555555555,36,35,TATGATCTCATCCCTGCGTA,1,4192758
yadE_predicted,0.16666666666666666,40,35,TAGAATGTGCTAACTTTCGT,5,4170084
yadE_predicted,0.05555555555555555,36,35,GTGTCATTATACCTCAGCTG,1,4240186
yadE_predicted,0.05555555555555555,36,35,GTCGGCCGCAATGTGGGGAG,1,4176342
yadE_predicted,0.05555555555555555,36,35,GTACGCGCGTGAACAACCTT,1,4170151
yadE_predicted,0.1111111111111111,38,35,GGTCTCGTAGAAGGAACTGG,3,4218407
yadE_predicted,0.05555555555555555,36,35,GCGAGTATTCATCTGGGCTT,1,4188262
yadE_predicted,0.08333333333333333,37,35,GCGACCACATCCAGGACAGC,2,4202846
yadE_predicted,0.2222222222222222,42,35,GACAGGCGCCTTATGGTACG,7,4176688
yadE_predicted,0.05555555555555555,36,35,CTGAGGTTCGATATCGCACA,1,4173429
yadE_predicted,0.19444444444444445,41,35,CTCAACGCCTAATCCGAAAG,6,4184177
yadE_predicted,3.9166666666666665,175,35,CGGCTACGGTCAAGGCGCAG,140,4183389
yadE_predicted,0.1388888888888889,39,35,CGCTGGGGCGCTTCCCTCAG,4,4182047
yadE_predicted,0.5555555555555556,54,35,CGCATGATTCCTATCGAACT,19,4206980
yadE_predicted,0.05555555555555555,36,35,ATTGCTGAACTTGTGTGCAA,1,4204691
yadE_predicted,0.25,43,35,ATGGTCTAAGTTACAGACCA,8,4165908
yadE_predicted,0.05555555555555555,36,35,ACCCACTAAGGCTCGACGAT,1,4219648
yadE_predicted,0.05555555555555555,36,35,ACATCTAGGCCGTGTGATTC,1,4218939
yadE_predicted,0.05555555555555555,36,35,AAACCATACCCCCAGCCTCT,1,4170645
yadE_predicted,0.3142857142857143,44,34,TTTTCGGCTCGATGGACATA,10,4208786
yadE_predicted,0.17142857142857143,39,34,TTAGGTTATTGCGCACCATG,5,4201974
yadE_predicted,0.14285714285714285,38,34,TCTATGGCTAGGGTGAGGGA,4,4174389
yadE_predicted,0.05714285714285714,35,34,TCGACGCGTTCCCGGCCTTC,1,4201145
yadE_predicted,0.5142857142857142,51,34,GTATCCTGAACGCCAGTGGT,17,4175415
yadE_predicted,0.08571428571428572,36,34,GGCGTATGTCGGTCGCACAT,2,4224404
yadE_predicted,0.11428571428571428,37,34,GGAGCCACGAGTGGTCACGG,3,4162029
yadE_predicted,0.2,40,34,GATTCGCCGTAAATACCAAC,6,4229767
yadE_predicted,0.14285714285714285,38,34,GAAATGCGAGTTGGCAGATA,4,4201563
yadE_predicted,0.05714285714285714,35,34,CTGATAATAATGAACCGGAC,1,4162849
yadE_predicted,0.05714285714285714,35,34,CTCACGGTTATTGAGGCTAG,1,4189644
yadE_predicted,11.914285714285715,450,34,CTATGTTTCCCCTGGTTAGT,416,4172297
yadE_predicted,7.8,306,34,CGTTCCGCGATTTCGGTATA,272,4178812
yadE_predicted,0.05714285714285714,35,34,CGGGTCTCTCTGGAGTACGA,1,4175829
yadE_predicted,0.14285714285714285,38,34,CCATACCGAGCCATATTGGT,4,4207733
yadE_predicted,0.05714285714285714,35,34,CCACCAGATTCAGTGGGGGT,1,4215430
yadE_predicted,0.05714285714285714,35,34,CAGAGCAGAGGTTACATCAG,1,4163785
yadE_predicted,0.45714285714285713,49,34,CAAGCGCACCGGGATGGGTC,15,4202697
yadE_predicted,0.17142857142857143,39,34,ATTCTGGGGCGAGCTAACCT,5,4193157
yadE_predicted,1.2,75,34,AGTCATGGCGTCAGAGTTAT,41,4199290
yadE_predicted,0.05714285714285714,35,34,AGGGTAGCGTGTACCAAACG,1,4194855
yadE_predicted,0.11428571428571428,37,34,AGGCCGTTATTGTGAATAGG,3,4162192
yadE_predicted,0.05714285714285714,35,34,AGATACCAGGGTATCCTGAT,1,4173554
yadE_predicted,0.08571428571428572,36,34,ACTCAGTGGAAGTCACCGGA,2,4236208
yadE_predicted,0.2571428571428571,42,34,AAATACCATACATGCGAAAA,8,4179624
yadE_predicted,0.14285714285714285,38,34,AAAACTGTTATCCGCACCGT,4,4225574
yadE_predicted,21.794117647058822,773,33,TTTTACGGGCTCAGCCGGGG,740,4164903
yadE_predicted,0.17647058823529413,38,33,TTCAGGCGACTATGTTCCCT,5,4171051
yadE_predicted,0.17647058823529413,38,33,TTATGTAATAAACGCGACCT,5,4173202
yadE_predicted,0.3235294117647059,43,33,TGTTATACGTTCGTAAGGCC,10,4165101
yadE_predicted,0.23529411764705882,40,33,TGGTGCATAATATGACGCAA,7,4176634
yadE_predicted,0.08823529411764706,35,33,TGCGGATAATGATGGATTTA,2,4236784
yadE_predicted,0.20588235294117646,39,33,TCGTTCACGGTCCTAAATGA,6,4233625
yadE_predicted,0.058823529411764705,34,33,GTTACCGGGAGCAGCATATA,1,4179593
yadE_predicted,0.17647058823529413,38,33,GTATACGGTCTTAACAGACT,5,4224426
yadE_predicted,4.764705882352941,194,33,GTACTGCTTCTCTTTAGGTC,161,4228298
yadE_predicted,0.058823529411764705,34,33,GTAATAAAGCCGTCAAAATC,1,4183139
yadE_predicted,0.11764705882352941,36,33,GTAAAGGGCGCAACGAAAAC,3,4237751
yadE_predicted,0.058823529411764705,34,33,GGGCTTGGAAGGTATTTGTG,1,4198300
yadE_predicted,0.29411764705882354,42,33,GGAATGTAGAGTGGTGGGCA,9,4164160
yadE_predicted,0.08823529411764706,35,33,GCTCACGGGCCTCAACGCGC,2,4190842
yadE_predicted,0.3235294117647059,43,33,GACTCTCTTGCAGCAAAACA,10,4224634
yadE_predicted,0.14705882352941177,37,33,CTCACACCTCCGCTAGGAAG,4,4208200
yadE_predicted,0.14705882352941177,37,33,CTACAACGACTGGTATAATG,4,4212481
yadE_predicted,0.2647058823529412,41,33,CGTGTAATTCTCCGGCGTGT,8,4231087
yadE_predicted,0.058823529411764705,34,33,CGTGAAATACTTGGCGGATA,1,4213942
yadE_predicted,0.058823529411764705,34,33,CGGACACGAGAAGTCGGGTA,1,4173349
yadE_predicted,0.058823529411764705,34,33,CGACTCGAGCGGGAGATCCT,1,4185197
yadE_predicted,0.058823529411764705,34,33,CCTGTGTCTTGGTCCCTGTG,1,4215530
yadE_predicted,0.2647058823529412,41,33,CCCGCAACCGAGATGTCCGT,8,4222834
yadE_predicted,0.058823529411764705,34,33,CCCATAAAATTTCAATAGTA,1,4161809
yadE_predicted,0.14705882352941177,37,33,CATGGTGGCGTATCGTTTAC,4,4229962
yadE_predicted,0.08823529411764706,35,33,CATCGCCGTGACCATCCTAG,2,4165481
yadE_predicted,0.14705882352941177,37,33,CAGCAGGGCTGTCCAGGCCC,4,4192108
yadE_predicted,0.20588235294117646,39,33,CAAAGTCGTTACCTAGATGC,6,4237638
yadE_predicted,0.058823529411764705,34,33,ATCAGGTCGCAGAGGCAGCA,1,4178183
yadE_predicted,0.08823529411764706,35,33,AGAACGTTGCCGGGTCAACG,2,4162982
yadE_predicted,0.058823529411764705,34,33,ACGGATGACCGGTAGTTGTT,1,4214427
yadE_predicted,19.0,678,33,ACCTGGAGATGGCACGGTAT,645,4185956
yadE_predicted,0.058823529411764705,34,33,ACCATAGTCAACCCAGCACT,1,4166938
yadE_predicted,0.058823529411764705,34,33,AACGGGACCCCGGCCTAGCG,1,4238390
yadE_predicted,0.058823529411764705,34,33,AACAATAGGGACTTAGTGTA,1,4193669
yadE_predicted,0.058823529411764705,34,33,AACAACCTTCTCTGGAGCGT,1,4210379
yadE_predicted,0.09090909090909091,34,32,TTTAGTGCACATTTTGGAGG,2,4198760
yadE_predicted,0.18181818181818182,37,32,TTTACTACTCGCGTAAAAAC,5,4194837
yadE_predicted,0.36363636363636365,43,32,TTCTGTCTGTGTGTTTGCTG,11,4184959
yadE_predicted,0.12121212121212122,35,32,TTATCGAAAAACTCTTGTGG,3,4168035
yadE_predicted,0.30303030303030304,41,32,TGTACGGTTGCCCGCGCGGT,9,4225976
yadE_predicted,0.06060606060606061,33,32,TCGTCTCAGCTCGTTCGCGG,1,4227455
yadE_predicted,0.06060606060606061,33,32,TCAGATGTTTGCGCGTCAAA,1,4219836
yadE_predicted,17.242424242424242,600,32,TATCCGGAGAAAAGAATCAG,568,4204440
yadE_predicted,0.21212121212121213,38,32,TATACAGGCAGGTCGTGCTC,6,4205168
yadE_predicted,0.09090909090909091,34,32,TACTCCTGCTTTGTTGTTGT,2,4210382
yadE_predicted,0.21212121212121213,38,32,TAAAAAAATTAGTAACCGGG,6,4216470
yadE_predicted,1.6363636363636365,85,32,GTGGGTCTGCGACGCATCAG,53,4206193
yadE_predicted,0.06060606060606061,33,32,GTCGTAGCCCACCAGGGGAA,1,4177661
yadE_predicted,0.3333333333333333,42,32,GTACTTCGAGAGACATCCGC,10,4195306
yadE_predicted,0.06060606060606061,33,32,GGTGGCCTTCTCGTGGGAAA,1,4166928
yadE_predicted,0.06060606060606061,33,32,GGTAGTAGGAGGTGATTGGC,1,4177096
yadE_predicted,2.515151515151515,114,32,GCTCCTGGCTTTGAGTGTTT,82,4211610
yadE_predicted,0.36363636363636365,43,32,GCTACACCATTTGCTGTGCT,11,4229351
yadE_predicted,0.12121212121212122,35,32,GCGAATGCGACCGTGTGCAG,3,4209574
yadE_predicted,0.06060606060606061,33,32,GATCCACGGATGGTGCGCAT,1,4192033
yadE_predicted,16.151515151515152,564,32,GAGAATCGAGACCAATCAGT,532,4189309
yadE_predicted,0.24242424242424243,39,32,GACAAAACTTGACGAACTAA,7,4230430
yadE_predicted,0.15151515151515152,36,32,GAAGAGTCCGTGGGGCGACC,4,4213319
yadE_predicted,0.06060606060606061,33,32,CTGGCTTTAGTCACCAATCA,1,4186996
yadE_predicted,0.06060606060606061,33,32,CGGCTCACAATCGATGGATC,1,4170380
yadE_predicted,0.06060606060606061,33,32,CCTTGTATATAATCGCTGTA,1,4173271
yadE_predicted,0.15151515151515152,36,32,CCTCAACAGACGTCCACTCA,4,4226991
yadE_predicted,0.09090909090909091,34,32,CCGGTAATTGAGCGGCTAAT,2,4220161
yadE_predicted,30.90909090909091,1051,32,CCCTGAGTTACAAGATGGGT,1019,4187631
yadE_predicted,7.090909090909091,265,32,CAAATGTTCCTCCTCTGCGA,233,4184412
yadE_predicted,0.06060606060606061,33,32,ATGCAGAAATATTGCGTCAA,1,4189103
yadE_predicted,0.06060606060606061,33,32,ATGCACCCCCGCTTATCTGC,1,4165484
yadE_predicted,0.3939393939393939,44,32,ATCGGCGTATGCATGGTTCG,12,4208965
yadE_predicted,0.36363636363636365,43,32,AGTGCAGGATCGACCGCGTT,11,4198130
yadE_predicted,0.06060606060606061,33,32,AGTACACCTTGGTCGGCCAG,1,4182349
yadE_predicted,0.24242424242424243,39,32,AGGCATCCAGGGTCCAAAAA,7,4216902
yadE_predicted,0.06060606060606061,33,32,AGATCACGCGAGATAAGCTT,1,4215289
yadE_predicted,0.06060606060606061,33,32,ACGTCTATGGCGGAGGGAGG,1,4202385
yadE_predicted,0.06060606060606061,33,32,ACAACTGATCGGTATGTGAG,1,4183728
yadE_predicted,0.18181818181818182,37,32,AATTGCAATACACGTGGAAA,5,4206373
yadE_predicted,0.12121212121212122,35,32,AAGTTTTAATCGTAGTATCA,3,4223332
yadE_predicted,0.15151515151515152,36,32,AAACGTTCCGGCAGCGGTGT,4,4172374
yadE_predicted,0.15151515151515152,36,32,AAAATATGGTGACAACGGTT,4,4220722
yadE_predicted,0.12121212121212122,35,32,AAAAATTAATCGTTAGACGG,3,4188759
yadE_predicted,0.125,34,31,TTGTTCTGGCCATTGTAGAT,3,4184366
yadE_predicted,7.375,266,31,TTCGCGTTCCACGGGTCGAA,235,4204081
yadE_predicted,0.125,34,31,TGTGCGGCGTCATTTCATTC,3,4214115
yadE_predicted,0.09375,33,31,TGGTGCTCAGAGACTCGAGA,2,4237998
yadE_predicted,0.25,38,31,TGCAACGGGTCCTCGCCGCA,7,4208787
yadE_predicted,0.21875,37,31,TCGGCAAAAGGCATAGTAAT,6,4189592
yadE_predicted,0.15625,35,31,TCCTGCGCTCTTGGTGGGAA,4,4174819
yadE_predicted,0.15625,35,31,TATCTACGATAGGAGGGACT,4,4170754
yadE_predicted,0.09375,33,31,GTCTCCGGTCGGTGGCATAA,2,4211414
yadE_predicted,13.5,462,31,GTATGGGGGTTTACTTTGAT,431,4173610
yadE_predicted,0.0625,32,31,GCCAGCTTAATCGTTTGGTG,1,4222261
yadE_predicted,0.15625,35,31,CTATCAGTCACGCGGGGCCA,4,4229906
yadE_predicted,0.0625,32,31,CTAAGACTGTTTACAGCAAG,1,4224884
yadE_predicted,0.125,34,31,CGGACGTCATATAAATTATG,3,4216329
yadE_predicted,0.28125,39,31,CCGTGGGACAAGACGGTTCA,8,4200252
yadE_predicted,0.21875,37,31,CCGGTTTTAACGTCTGGCCT,6,4166675
yadE_predicted,0.0625,32,31,CCATAGGTACGCCCGGGTGT,1,4187796
yadE_predicted,0.0625,32,31,CAGTTGGTGTCTCACCACCA,1,4178340
yadE_predicted,0.0625,32,31,CAGGCCGATACGAGCCGACG,1,4168471
yadE_predicted,0.0625,32,31,CACATCAAGCCAGGACATGG,1,4196120
yadE_predicted,0.21875,37,31,CAATGTCTTCGAAGTGGGTA,6,4192852
yadE_predicted,0.21875,37,31,ATTTAAGCTAACGGGGTTGC,6,4237194
yadE_predicted,0.0625,32,31,ATGTATCCCTATTGCACTTG,1,4161107
yadE_predicted,0.28125,39,31,ATGCGCCCCGGCGGCTGCGG,8,4214112
yadE_predicted,0.125,34,31,AGTTGAAGAGTTAGGTTCGC,3,4182042
yadE_predicted,0.0625,32,31,ACTTAGTGAGTTTCCAAAGG,1,4206841
yadE_predicted,0.15625,35,31,AATGGGTCGTAACATTCTAT,4,4193021
yadE_predicted,0.0625,32,31,AATCACAAAATTATGTGCCT,1,4160590
yadE_predicted,0.0625,32,31,AAACGATAGACGGTACCAAA,1,4196413
yadE_predicted,0.21875,37,31,AAAATTAGAATCAATTGTAA,6,4239398
yadE_predicted,0.06451612903225806,31,30,TTATCGATAAAGATAAGAGT,1,4221626
yadE_predicted,0.5161290322580645,45,30,TGGTTCCTATTGGACACTTT,15,4205017
yadE_predicted,0.12903225806451613,33,30,TGGGGCTGCACTAGAAACGG,3,4230493
yadE_predicted,0.12903225806451613,33,30,TGGCGCGAATTCAGATTGCG,3,4180271
yadE_predicted,0.12903225806451613,33,30,TGGAATATTGTCACACGCGA,3,4184059
yadE_predicted,0.3870967741935484,41,30,TCTATGCTGATCCAAGGATT,11,4192701
yadE_predicted,0.12903225806451613,33,30,TCCAGCCATCATATCTACAG,3,4196857
yadE_predicted,0.12903225806451613,33,30,TAGGGATAAGGTTTGACGCA,3,4195669
yadE_predicted,0.06451612903225806,31,30,TAACCTGCACCTAGCCAACT,1,4166673
yadE_predicted,0.22580645161290322,36,30,TAACAGTCTTAGATCATCAC,6,4200132
yadE_predicted,0.12903225806451613,33,30,GTTCAGGCCTGATCTGGCTC,3,4223617
yadE_predicted,0.12903225806451613,33,30,GTGTGTTAAAGTGTGGCCAT,3,4186618
yadE_predicted,0.06451612903225806,31,30,GTCCTTTTGTTCGTTGTCCA,1,4231961
yadE_predicted,0.1935483870967742,35,30,GTCATTCTGCGGCTTTCAGA,5,4226256
yadE_predicted,0.06451612903225806,31,30,GTCAAACTGTCCAGCCCATT,1,4221617
yadE_predicted,0.16129032258064516,34,30,GTAGTTGACTAGCTGGATGC,4,4198819
yadE_predicted,31.516129032258064,1006,30,GGGACCGAGCCTTGTAGTCT,976,4174462
yadE_predicted,0.1935483870967742,35,30,GGCCAAGTAGCCAGAGTGGC,5,4162237
yadE_predicted,0.22580645161290322,36,30,GCGAATGTAGCACGGCTTAC,6,4199402
yadE_predicted,9.03225806451613,309,30,GCAGGGGAGACGCGTTCAAG,279,4231081
yadE_predicted,0.3225806451612903,39,30,GATTCCAATCTGAGGTCTAA,9,4187857
yadE_predicted,0.0967741935483871,32,30,GAGAGAATGACGTAAGGGTA,2,4210999
yadE_predicted,0.16129032258064516,34,30,GAACAATCTCGAGACTGGCG,4,4171104
yadE_predicted,0.25806451612903225,37,30,CTTTGCGTTAACCAACGGGC,7,4183207
yadE_predicted,0.25806451612903225,37,30,CTAACCAAGTGCTGAATTGA,7,4170605
yadE_predicted,0.06451612903225806,31,30,CGGTGTTATAGTCACCGGCT,1,4208034
yadE_predicted,0.06451612903225806,31,30,CGCCGCGATGGTTTCAGTAT,1,4212598
yadE_predicted,0.06451612903225806,31,30,CGAGGGTAAGCACCACACTT,1,4165482
yadE_predicted,0.06451612903225806,31,30,CCTTTTTCATTTGCATGCGA,1,4167398
yadE_predicted,0.16129032258064516,34,30,CCCTCTCGGCTAGTCGTCCG,4,4169699
yadE_predicted,0.06451612903225806,31,30,CCAGATCTAGGGTCTTAAAT,1,4204041
yadE_predicted,0.06451612903225806,31,30,CATTTTCCCTTACTCTGTAT,1,4202020
yadE_predicted,0.06451612903225806,31,30,CATTGCATTACGCGCACTTT,1,4172218
yadE_predicted,0.06451612903225806,31,30,CAATGAAATCGTGCGATGAA,1,4230576
yadE_predicted,0.4838709677419355,44,30,ATTGGATCCTCTTTCACAAT,14,4178475
yadE_predicted,0.12903225806451613,33,30,ATGGTCCCTTCAGATGCTTT,3,4159747
yadE_predicted,0.2903225806451613,38,30,ATGCGAGGCGCAAACCCAAA,8,4193083
yadE_predicted,0.0967741935483871,32,30,ATGCATACTCTCGCAGGTTA,2,4187076
yadE_predicted,0.06451612903225806,31,30,AGGGGCTGGCAGAGTTCTTC,1,4211202
yadE_predicted,0.06451612903225806,31,30,AGGGGCATAAGCTAAACGAG,1,4221144
yadE_predicted,0.06451612903225806,31,30,AGGATAGCCGCAATGCGAAT,1,4181331
yadE_predicted,0.16129032258064516,34,30,AGCGTAAACGCTTTGGAAAG,4,4166082
yadE_predicted,0.06451612903225806,31,30,AGAATACAAGGCCTACATTT,1,4233277
yadE_predicted,0.1935483870967742,35,30,ACGTGAAGGTTAGTGGTACT,5,4161126
yadE_predicted,0.16129032258064516,34,30,ACGTCCACTACGGGGTCATT,4,4181189
yadE_predicted,0.16129032258064516,34,30,AACGAGGGGGCCTGTATTGA,4,4205798
yadE_predicted,0.23333333333333334,35,29,TTTCGCGTGTTCCTTGGCTG,6,4189585
yadE_predicted,0.06666666666666667,30,29,TGGAGCGTAGAACTGTGCGA,1,4235034
yadE_predicted,0.1,31,29,TGCGGATGGACGTCCCGGAT,2,4160669
yadE_predicted,0.06666666666666667,30,29,TGACAAGCTACCCCTGTCCG,1,4204442
yadE_predicted,3.1666666666666665,123,29,TCCTTACAGCTCTCTCCTCA,94,4215784
yadE_predicted,0.06666666666666667,30,29,TCCGCGGCCATGTGGAGAAT,1,4221604
yadE_predicted,0.06666666666666667,30,29,TCCGCGCATGAATGTTAGTA,1,4220613
yadE_predicted,0.06666666666666667,30,29,TCAGGTTGCCCTCGTTTGGG,1,4207279
yadE_predicted,0.1,31,29,TATGACCGTTCGGTAATTGT,2,4198385
yadE_predicted,0.16666666666666666,33,29,GTTAACCCATTGAGTGACCT,4,4161056
yadE_predicted,0.23333333333333334,35,29,GGTAACCAAGGGGACTATAT,6,4165399
yadE_predicted,0.06666666666666667,30,29,GGGAGTCTAGGGATTTGTAT,1,4233913
yadE_predicted,0.06666666666666667,30,29,GGCTACCTATTCGATACGAG,1,4221725
yadE_predicted,0.1,31,29,GGCGTGAACTGTTATAGCTG,2,4222733
yadE_predicted,17.933333333333334,566,29,GCCCAAAACTACGACCGACG,537,4208048
yadE_predicted,0.06666666666666667,30,29,GACTGGGGTAGCTGACTCAT,1,4162506
yadE_predicted,0.1,31,29,CTCGCTGCGGTAATACGCTC,2,4202958
yadE_predicted,0.16666666666666666,33,29,CGTCAGAAGTAACACCTATG,4,4199901
yadE_predicted,0.06666666666666667,30,29,CGTAACGCGATCCACCTGAT,1,4229293
yadE_predicted,0.06666666666666667,30,29,CGGATCTCTTCCCGGATGTT,1,4198291
yadE_predicted,0.2,34,29,CGATTATGATGACCTCCTTG,5,4196136
yadE_predicted,48.733333333333334,1490,29,CCATTCTAACGATTTATGCG,1461,4198317
yadE_predicted,0.1,31,29,CCACGCTAGGCCCTGTCTAT,2,4177707
yadE_predicted,0.1,31,29,CAGTGGTTTCGTATGTAGGT,2,4214415
yadE_predicted,0.23333333333333334,35,29,CACTATATAGGCCACACGTG,6,4227241
yadE_predicted,0.06666666666666667,30,29,CACCATACAGTACTAATCTT,1,4159733
yadE_predicted,0.4,40,29,CAAATCTCAATCTACGGTAA,11,4181296
yadE_predicted,0.13333333333333333,32,29,ATTCTTGTTAGGCATGCTAA,3,4199329
yadE_predicted,0.3333333333333333,38,29,ATGGTCCAATAGCGACTATG,9,4190234
yadE_predicted,0.06666666666666667,30,29,ATGGCCCTCAAATTTTCTTT,1,4160525
yadE_predicted,0.26666666666666666,36,29,ATCCTGAGCACTGCGAGGGT,7,4228648
yadE_predicted,0.5,43,29,ATCCGGGTGGCCCGTTGACT,14,4206666
yadE_predicted,0.23333333333333334,35,29,ATCCACTATAAATACCGTTT,6,4173641
yadE_predicted,0.16666666666666666,33,29,ACTATCGTGTCGCGTCGGCT,4,4227495
yadE_predicted,0.13333333333333333,32,29,ACGTGTAATATCCCGACCCT,3,4178897
yadE_predicted,0.26666666666666666,36,29,ACGTGAAGACGGTGGGTGAG,7,4198886
yadE_predicted,0.06666666666666667,30,29,ACATGGGTATGAACGTAGTC,1,4213088
yadE_predicted,0.3,37,29,AATGCTTATGCACAACGAGA,8,4183619
yadE_predicted,0.06666666666666667,30,29,AACCCGTATCCTAGATTAGT,1,4166623
yadE_predicted,0.27586206896551724,35,28,TTCAGGCACTTAGAGAGTAT,7,4167282
yadE_predicted,0.3793103448275862,38,28,TGGACACCAAGGAGTTCTAA,10,4166674
yadE_predicted,0.10344827586206896,30,28,TGATGTATACGGCCTAATGC,2,4162059
yadE_predicted,0.1724137931034483,32,28,TCCACGGGACACCACTGTTT,4,4196489
yadE_predicted,0.20689655172413793,33,28,TATAGAGCATACCGACGGAT,5,4167189
yadE_predicted,0.06896551724137931,29,28,TAGCTCGACACAAGATATGA,1,4177928
yadE_predicted,0.13793103448275862,31,28,TAAGGCTCCCAGACGTTTAA,3,4216059
yadE_predicted,0.4827586206896552,41,28,TAAACCAAATGGTCTGAAGC,13,4189529
yadE_predicted,0.06896551724137931,29,28,GTTTGGTAAGTTGAATATAG,1,4218599
yadE_predicted,0.2413793103448276,34,28,GTTTCTACACAGCACCATCT,6,4181762
yadE_predicted,0.20689655172413793,33,28,GTGATCCAGATCGCAGACGC,5,4172675
yadE_predicted,0.3103448275862069,36,28,GGCTATACTTATTCGCAAAT,8,4169902
yadE_predicted,0.13793103448275862,31,28,GGCCACTTCCGCTGTGCGCA,3,4225492
yadE_predicted,0.06896551724137931,29,28,GGCATAACTGCCTCTCTTTA,1,4217006
yadE_predicted,0.13793103448275862,31,28,GGACTCCGGCCTTTCCGCAA,3,4238570
yadE_predicted,25.79310344827586,775,28,GCAGAGACCGCACGCCCACG,747,4199008
yadE_predicted,0.13793103448275862,31,28,GAGCTGAGAGCCTATCAGAG,3,4227418
yadE_predicted,15.724137931034482,483,28,GACTGTCGTTGCTTAAAGAT,455,4221185
yadE_predicted,0.10344827586206896,30,28,GACATGGGGCTTCTTGATAC,2,4185617
yadE_predicted,0.27586206896551724,35,28,CTTGCGACTGGGCCTCCAAC,7,4183157
yadE_predicted,21.413793103448278,648,28,CTGTCTGGATTCGTCCACAT,620,4239681
yadE_predicted,0.13793103448275862,31,28,CGTATCACATAGCAAGAGCT,3,4217727
yadE_predicted,0.06896551724137931,29,28,CGGCAGCTCTTCTAATAGAA,1,4238824
yadE_predicted,0.06896551724137931,29,28,CGATGTATCGCTCCGTGTGC,1,4169682
yadE_predicted,0.06896551724137931,29,28,CCCCCCTTAAGCTTTTTGGA,1,4188194
yadE_predicted,0.2413793103448276,34,28,CCATCTTGGAGTTATACTTT,6,4177911
yadE_predicted,0.06896551724137931,29,28,CCACGGTACCGATTCTCTGT,1,4216538
yadE_predicted,0.06896551724137931,29,28,CCAATGATTAGTAACCGTGA,1,4233926
yadE_predicted,0.06896551724137931,29,28,CATTCACGTCTCAAATATTT,1,4170519
yadE_predicted,0.20689655172413793,33,28,CATCAAGCTTGACCGGTTTG,5,4193370
yadE_predicted,0.06896551724137931,29,28,CAGGCTGTGTCCGGTTGTTT,1,4206021
yadE_predicted,0.1724137931034483,32,28,CAGCCAGCGGTACCGGATAT,4,4236968
yadE_predicted,0.27586206896551724,35,28,CACCCACGGCCTCCCAGAAC,7,4176539
yadE_predicted,15.448275862068966,475,28,ATCGACTACTGTAGAGCTTC,447,4216907
yadE_predicted,0.06896551724137931,29,28,AGGTTCTTGGCATTTCATCT,1,4174611
yadE_predicted,0.06896551724137931,29,28,AGGTACGCCACGCCCTTTGT,1,4184283
yadE_predicted,0.27586206896551724,35,28,AGGATGCCAACGAATAGGTA,7,4220066
yadE_predicted,0.10344827586206896,30,28,AGAAGATCTTCTTCTGCCAA,2,4165943
yadE_predicted,4.724137931034483,164,28,ACCACAGTACGACTCTAGAT,136,4189421
yadE_predicted,0.13793103448275862,31,28,ACAGGCTGATTAACAGCGTC,3,4179683
yadE_predicted,0.06896551724137931,29,28,AATAAACTGTGGAGTTTCGT,1,4210948
yadE_predicted,0.06896551724137931,29,28,AAGAAGCGTATGGGCGTCTC,1,4186749
yadE_predicted,0.07142857142857142,28,27,TTTACAGCGGTAACTGGTAA,1,4234936
yadE_predicted,0.10714285714285714,29,27,TTGAGTTCCTCTTTTGATCC,2,4236790
yadE_predicted,0.10714285714285714,29,27,TGGTTCCAGGGTTCCGCTAA,2,4233908
yadE_predicted,0.14285714285714285,30,27,TGACGGCAGATACCTTAATT,3,4231341
yadE_predicted,0.07142857142857142,28,27,TCTGCAAGCCAATATCGTCG,1,4195910
yadE_predicted,0.07142857142857142,28,27,TCTAATCGCCTGAGTCAATC,1,4216952
yadE_predicted,0.35714285714285715,36,27,TCCAATAAAAGTTCCCTCGT,9,4182833
yadE_predicted,0.07142857142857142,28,27,TCAAAGCACCATAACCTTGT,1,4236350
yadE_predicted,0.21428571428571427,32,27,TAGCACAGCTCATTGGTCGC,5,4199673
yadE_predicted,16.642857142857142,492,27,TAATGTCCAACATTATTTCA,465,4171609
yadE_predicted,0.25,33,27,GTTAGCCATCAAATGGGCGA,6,4185768
yadE_predicted,30.642857142857142,884,27,GTCAGGTTATCTATTCTCTT,857,4228179
yadE_predicted,19.071428571428573,560,27,GTAGCGGGGAAGGGCTGCAT,533,4170586
yadE_predicted,0.14285714285714285,30,27,GGCTGCTCAAGACCTGTGAT,3,4182572
yadE_predicted,0.17857142857142858,31,27,GGCGGTTCCCTGATTACTAT,4,4186699
yadE_predicted,0.07142857142857142,28,27,GCAAAGGTACAAGCATACGA,1,4185696
yadE_predicted,0.21428571428571427,32,27,GACCGGCGCGATGCCAACTT,5,4230566
yadE_predicted,0.21428571428571427,32,27,CTGTCGTTAAATTAGGATTC,5,4182883
yadE_predicted,0.07142857142857142,28,27,CTGGCGACGGGATTAGGAGT,1,4171613
yadE_predicted,0.07142857142857142,28,27,CTCGAAGTCCGCTTTCTAGT,1,4234746
yadE_predicted,0.17857142857142858,31,27,CGGGGGGAGTTGGGCGTTGA,4,4229520
yadE_predicted,0.07142857142857142,28,27,CGGCCGGAACCGAGTGTGAC,1,4163466
yadE_predicted,18.357142857142858,540,27,CGGATGAGTCGGCCGTCAAT,513,4198006
yadE_predicted,0.10714285714285714,29,27,CCTCAAGGTTCGGCATAATT,2,4195178
yadE_predicted,0.10714285714285714,29,27,CCGGGAAATTGGTACAGAAT,2,4232936
yadE_predicted,0.21428571428571427,32,27,CCAGTCCATCGCAACCATCA,5,4213786
yadE_predicted,0.07142857142857142,28,27,CAGGATAGACGCGCTCGCTT,1,4172463
yadE_predicted,0.25,33,27,CAAACGGAACCGCGAGCTAT,6,4198125
yadE_predicted,0.07142857142857142,28,27,ATTGTGCCTTGAAGAGAGTA,1,4214620
yadE_predicted,0.14285714285714285,30,27,ATTACAACCGCCGGAGAGGT,3,4240519
yadE_predicted,0.17857142857142858,31,27,ATGTGAATGCGTTCAAAGGA,4,4197231
yadE_predicted,0.21428571428571427,32,27,ATCTACCTGGGGTCACCATA,5,4188075
yadE_predicted,0.07142857142857142,28,27,ATCCTGGCCCAGTTGGGTAG,1,4183101
yadE_predicted,0.07142857142857142,28,27,ATCCATCGCCTCTTCAGAAT,1,4186268
yadE_predicted,0.07142857142857142,28,27,ATATCATTCGCCGGACACGC,1,4195409
yadE_predicted,0.21428571428571427,32,27,ATACGGCCCCCGCCGTCGGG,5,4215373
yadE_predicted,1.1785714285714286,59,27,AGATTATGGGTGCTATAAGA,32,4197524
yadE_predicted,0.07142857142857142,28,27,ACTTTCGGCTACATGTAAGG,1,4210341
yadE_predicted,0.14285714285714285,30,27,ACGTTGGAGACTGCGTCTTA,3,4207643
yadE_predicted,0.17857142857142858,31,27,ACCGTTGGGGCGGGTAGATA,4,4181105
yadE_predicted,0.10714285714285714,29,27,ACAGTAATAAGGAGAACAGT,2,4211664
yadE_predicted,0.07142857142857142,28,27,AATTTTTCTAAGCCCTTGGC,1,4179926
yadE_predicted,31.5,908,27,AAGGACCCGGTACTCCAATG,881,4230855
yadE_predicted,0.32142857142857145,35,27,AACCGCTATTAGTCATTGAT,8,4194792
yadE_predicted,0.14285714285714285,30,27,AAACACTAAAATATGTATTA,3,4200955
yadE_predicted,0.07142857142857142,28,27,AAAACTACCCCAAGTGCTTG,1,4209750
yadE_predicted,0.07407407407407407,27,26,TTTGAAATGCTCGCTAAGAT,1,4178707
yadE_predicted,0.07407407407407407,27,26,TTTAAGAAGTTATCACGGAT,1,4219391
yadE_predicted,0.18518518518518517,30,26,TTGCGGAACCTGTGGGCGAT,4,4180815
yadE_predicted,0.2222222222222222,31,26,TGGAAGGCAAGTTGATCGTT,5,4222386
yadE_predicted,0.07407407407407407,27,26,TCTTCAACCTTCTTTTAACT,1,4186992
yadE_predicted,0.07407407407407407,27,26,TCTCAGTTAACACTAATATG,1,4185955
yadE_predicted,0.1111111111111111,28,26,TCCCCCAAAAGTCGAGTACG,2,4205998
yadE_predicted,0.2222222222222222,31,26,TCCAAGGACCTCCAGCTATT,5,4210265
yadE_predicted,0.48148148148148145,38,26,TAACCTCGTCGCCCAGGAGT,12,4162840
yadE_predicted,0.1111111111111111,28,26,GTTATTCCCACGTCCAGCCT,2,4190728
yadE_predicted,0.1111111111111111,28,26,GTGAAGCAAAGAAAGGGGGA,2,4237687
yadE_predicted,0.1111111111111111,28,26,GTCATGGAATAAGACGTATT,2,4187555
yadE_predicted,0.1111111111111111,28,26,GTACAGGAATGTCACACTAT,2,4207547
yadE_predicted,0.07407407407407407,27,26,GTAAATCTGGCCATGGCCTT,1,4221999
yadE_predicted,0.2222222222222222,31,26,GGTTGAAAGCAACTTGGGAG,5,4217153
yadE_predicted,0.5185185185185185,39,26,GGTTCGCCGGTGGGGCGTGA,13,4218075
yadE_predicted,10.592592592592593,311,26,GGGAAACATCCGTATCACTT,285,4217621
yadE_predicted,0.2962962962962963,33,26,GGAGCACACTCAGATTCGCA,7,4181583
yadE_predicted,0.07407407407407407,27,26,GCTGTATTGTGAATGCCTGC,1,4166163
yadE_predicted,0.14814814814814814,29,26,GCTGGTTGGTTCCGATACCG,3,4168423
yadE_predicted,0.07407407407407407,27,26,GCTGATCAAATAGGCCACCC,1,4218585
yadE_predicted,0.07407407407407407,27,26,GATTAACGGTTTTTTATCTA,1,4233000
yadE_predicted,0.1111111111111111,28,26,GATGCTCTCGACAAGCCGCG,2,4169791
yadE_predicted,32.55555555555556,904,26,CTTTTCCGTTTATGTCCACG,878,4211263
yadE_predicted,3.5185185185185186,120,26,CTGTGAAATATAGGGGTTCG,94,4192531
yadE_predicted,0.07407407407407407,27,26,CTGCGCACGGATTGCGAGGT,1,4231273
yadE_predicted,0.2222222222222222,31,26,CGGCGCGAGGGCGTAGTCTA,5,4170295
yadE_predicted,0.18518518518518517,30,26,CGGATTTCTTGATGGCATTT,4,4206725
yadE_predicted,0.14814814814814814,29,26,CGCTAATCGCATGCCCCTTC,3,4223889
yadE_predicted,0.07407407407407407,27,26,CGACCGCGACCGTAATTGTT,1,4240307
yadE_predicted,0.18518518518518517,30,26,CCGTCCGGGGGAAGGCTTGT,4,4214245
yadE_predicted,0.07407407407407407,27,26,CCGCTTGGAGCTAGATCTAG,1,4185211
yadE_predicted,0.07407407407407407,27,26,CCGCTCAGAAACATTTACCG,1,4231214
yadE_predicted,0.18518518518518517,30,26,CCGAATACGACATTAATTAG,4,4220837
yadE_predicted,0.48148148148148145,38,26,CCCTGCCATCTTGAGGGTAG,12,4174170
yadE_predicted,0.1111111111111111,28,26,CCCCACTAGGCACATGATCA,2,4226316
yadE_predicted,0.07407407407407407,27,26,CCATCAGCTTAAGACTCGCA,1,4216395
yadE_predicted,0.1111111111111111,28,26,CATGTCTGCTAATCGTTATT,2,4209576
yadE_predicted,0.1111111111111111,28,26,CATGGTTATCACGCACCAGT,2,4160588
yadE_predicted,0.07407407407407407,27,26,CATGAAGCTAGATGTTCGGA,1,4190217
yadE_predicted,0.07407407407407407,27,26,CATCCTAAGGCCCCCCTTGG,1,4220196
yadE_predicted,35.0,970,26,CAGGAGCGGAAAGAGTACCT,944,4227606
yadE_predicted,0.07407407407407407,27,26,CACTTGATCTGTGTAGGGGG,1,4186097
yadE_predicted,0.25925925925925924,32,26,CAATTGCTACACAGTTCTAT,6,4205493
yadE_predicted,17.14814814814815,488,26,CAAAGGAATGAGCGCTTGGA,462,4207583
yadE_predicted,0.18518518518518517,30,26,ATCCAGGCTTAATAAAGTAA,4,4172220
yadE_predicted,0.07407407407407407,27,26,ATACACCAGGTGTAGAGGCA,1,4201692
yadE_predicted,0.1111111111111111,28,26,AGTCCTTTACCTTTTCCTTT,2,4180534
yadE_predicted,0.07407407407407407,27,26,AGGTGTGCTCACTGGTTCAG,1,4172619
yadE_predicted,0.3333333333333333,34,26,AGGTGCGGATTACCCGAGAA,8,4166798
yadE_predicted,0.1111111111111111,28,26,AGCAAACTATCAAGCGATCT,2,4161122
yadE_predicted,0.14814814814814814,29,26,AGAATTTACGGCCATGTACT,3,4176916
yadE_predicted,19.0,538,26,ACTTCGGGTGAGCAACACAG,512,4159387
yadE_predicted,0.1111111111111111,28,26,ACTAAGGAGCCAGTTTGGTT,2,4231131
yadE_predicted,0.07407407407407407,27,26,ACGCCCGAAGAGTAGACTTG,1,4163487
yadE_predicted,0.07407407407407407,27,26,ACCCTCCTGGTTGACCGAGT,1,4213273
yadE_predicted,0.14814814814814814,29,26,AATTCTGTCCATTCGTTTAT,3,4178014
yadE_predicted,12.851851851851851,372,26,AATTAGTGTACCCTAAAATA,346,4190815
yadE_predicted,13.814814814814815,398,26,AAGCCCACATGCACACGCGC,372,4194416
yadE_predicted,0.07407407407407407,27,26,AACTCATATATTCGAACTCC,1,4208711
yadE_predicted,0.25925925925925924,32,26,AAATAGCTAACTCAGACGCT,6,4191329
yadE_predicted,0.38461538461538464,34,25,TTTGCAGCTTGCCTGTGTCT,9,4193230
yadE_predicted,0.11538461538461539,27,25,TTATAAACTGACACCGCTCA,2,4206494
yadE_predicted,0.15384615384615385,28,25,TGTGTGCTAGTTCTGCCCTG,3,4177931
yadE_predicted,0.07692307692307693,26,25,TGTAGATACGCCCGAGAGCA,1,4162519
yadE_predicted,31.615384615384617,846,25,TAAGTGGAGTCGGGCGATCA,821,4181582
yadE_predicted,37.38461538461539,996,25,TAAAGACGCGAGCTTCTAGT,971,4202384
yadE_predicted,0.07692307692307693,26,25,GTGGACTCGGTGGTAACGGA,1,4162193
yadE_predicted,0.07692307692307693,26,25,GTCGGTTCTGCGGTGACGTG,1,4178548
yadE_predicted,35.23076923076923,940,25,GTCGCAACGCCACACCCGAT,915,4226154
yadE_predicted,0.07692307692307693,26,25,GTCGACGGTTATCCTAGTGC,1,4189674
yadE_predicted,0.19230769230769232,29,25,GTATTAGTCCGTTCATAAAT,4,4208160
yadE_predicted,0.07692307692307693,26,25,GGTAGGGCTTAACATGGAAC,1,4200039
yadE_predicted,0.23076923076923078,30,25,GGTAACCGGTTTCTAATGCC,5,4207618
yadE_predicted,6.076923076923077,182,25,GGGATATCACACCTTTTTGA,157,4163568
yadE_predicted,0.5769230769230769,39,25,GGAAAGTCCGGTAGCGACGA,14,4234702
yadE_predicted,2.3846153846153846,86,25,GCGGTATCCAGTCAGGGCCT,61,4198231
yadE_predicted,13.807692307692308,383,25,GCATAAAGCTATTTTATTGT,358,4237236
yadE_predicted,0.07692307692307693,26,25,GAAGACCTATGAGCATTAAA,1,4161055
yadE_predicted,0.11538461538461539,27,25,CTTCTATGTATAGGCCACCT,2,4208320
yadE_predicted,0.07692307692307693,26,25,CTTCAGTAGGAACGACCCAA,1,4161209
yadE_predicted,0.07692307692307693,26,25,CTTACCTTCGCTTCTTAGCA,1,4182140
yadE_predicted,0.11538461538461539,27,25,CTGAACGCGGTAGGCGTTCA,2,4204130
yadE_predicted,0.07692307692307693,26,25,CGGTCCCACTACCTGAACGT,1,4170149
yadE_predicted,0.34615384615384615,33,25,CGGGCTCGTAATCGAATTAG,8,4188479
yadE_predicted,0.11538461538461539,27,25,CGACGTGATGAGCAGATTTG,2,4189535
yadE_predicted,0.19230769230769232,29,25,CCTCGCGATATTCTTGCCCA,4,4206743
yadE_predicted,0.3076923076923077,32,25,CCTAATCTAGCCTGAAGCTC,7,4196757
yadE_predicted,22.692307692307693,614,25,CCAGCGCGCGCTATCCGAAT,589,4205154
yadE_predicted,0.07692307692307693,26,25,CCAGAAGCCGCATGACGGGA,1,4203545
yadE_predicted,0.11538461538461539,27,25,CCAACCCTTGGATACAAGTG,2,4202844
yadE_predicted,0.23076923076923078,30,25,CAGTGCTTTCTGGTCTTTAA,5,4184798
yadE_predicted,0.07692307692307693,26,25,CAGGGCCGCACAATTTACGC,1,4188818
yadE_predicted,0.23076923076923078,30,25,CACTCTTTTTTATTTAGCGC,5,4178702
yadE_predicted,0.07692307692307693,26,25,CACTAGCTTAGAATTGTAGT,1,4210198
yadE_predicted,0.07692307692307693,26,25,ATGGTCACGCCGGGATCTTC,1,4225841
yadE_predicted,0.15384615384615385,28,25,ATGCTGGCCTCGGTCATTCA,3,4193745
yadE_predicted,0.07692307692307693,26,25,ATCGAAGGAGTGACAGTGAA,1,4213893
yadE_predicted,0.07692307692307693,26,25,ATAGTCCATTTTCTTGGCTC,1,4161754
yadE_predicted,0.07692307692307693,26,25,AGTGCTCGTTTCAGTCGAAG,1,4229602
yadE_predicted,0.07692307692307693,26,25,AGGGGGTACTGGCACGTAAA,1,4175990
yadE_predicted,0.15384615384615385,28,25,AGCGATGCTGCGCAAACGGA,3,4207943
yadE_predicted,0.15384615384615385,28,25,AGCAGTCTGGCGATCTGGCT,3,4187642
yadE_predicted,0.11538461538461539,27,25,AGAAACTCCCCGAACTTAGA,2,4171814
yadE_predicted,0.07692307692307693,26,25,ACGCGTTTGGGCTAGCGGTT,1,4240489
yadE_predicted,0.07692307692307693,26,25,AAGTGGTAGCGATCAGGTAT,1,4185436
yadE_predicted,0.19230769230769232,29,25,AACCTTCAAAGCCTCATGTA,4,4170758
yadE_predicted,0.3076923076923077,32,25,AACACCACACTTAGCGACAC,7,4184854
yadE_predicted,0.28,30,24,TTTGCTCACCTTTGCAAGTC,6,4197419
yadE_predicted,0.08,25,24,TTCAGGGAAGATAAACGGTC,1,4196742
yadE_predicted,0.08,25,24,TTAGGCAGGTTGGCCCATAT,1,4185020
yadE_predicted,0.12,26,24,TTAAGCCGATATTTAATTCT,2,4235309
yadE_predicted,0.12,26,24,TGTGTCTATTCGGGACCATC,2,4231698
yadE_predicted,0.16,27,24,TGTAGGGTTGAAAACTGAAA,3,4172704
yadE_predicted,0.12,26,24,TGCAGAGGGCCAGCGTGGAA,2,4230136
yadE_predicted,0.16,27,24,TGAGGGGATTCTTAATGGAA,3,4199874
yadE_predicted,5.6,163,24,TCGGGTTTTGACTGCCCATG,139,4217473
yadE_predicted,0.08,25,24,TAGCACCTAAAGACCGGAAA,1,4163060
yadE_predicted,0.28,30,24,TACCTATAGGCACGTTCCGA,6,4166094
yadE_predicted,0.12,26,24,TACATATGTTCTCCGGGTCG,2,4238622
yadE_predicted,0.12,26,24,TACATAATAGTACTATTTTC,2,4159703
yadE_predicted,0.08,25,24,TACAACGGTTCGGCGAGACA,1,4232379
yadE_predicted,0.16,27,24,GTTCCAGCTAGTCTCAAAAG,3,4188951
yadE_predicted,0.24,29,24,GTGTTAGTCTTAGCATTCAT,5,4214345
yadE_predicted,26.4,683,24,GTCGATGTCTTTGATAAATG,659,4198248
yadE_predicted,0.12,26,24,GTAGTAAAGGGTAGGTAGGT,2,4167255
yadE_predicted,0.12,26,24,GGTTGTTGTTTTCCAGTCCA,2,4181580
yadE_predicted,17.16,452,24,GGTACGTTAAGCCACCTTTA,428,4185898
yadE_predicted,0.08,25,24,GGGGTGTGCCTGCTGGTATA,1,4225732
yadE_predicted,0.28,30,24,GGCTGAGCATGCATCGGGCA,6,4221889
yadE_predicted,0.12,26,24,GGCTATTATGCGAGCGGTTT,2,4187789
yadE_predicted,0.4,33,24,GGACCCGGGCGTTTTGAGGA,9,4221616
yadE_predicted,0.24,29,24,GCTGTATACGGTAGGTTTAA,5,4212772
yadE_predicted,0.16,27,24,GCTCGCAACAACTAAGTGGT,3,4171507
yadE_predicted,0.2,28,24,GCGGCGTTTGCGTCGTGCTA,4,4211112
yadE_predicted,0.36,32,24,GCCTCCATATTGGCTAGGAC,8,4206661
yadE_predicted,0.16,27,24,GCCTATTTACTAATTTGTGC,3,4193030
yadE_predicted,37.72,966,24,GCCGTAGGACTGGGACGTAT,942,4174408
yadE_predicted,0.08,25,24,GCCACCGCATCGCGCTTTTT,1,4212734
yadE_predicted,0.2,28,24,GATTCCTAATGCACCAGTTT,4,4239936
yadE_predicted,0.08,25,24,GATTAGGACCTGTCCCCAGA,1,4205543
yadE_predicted,0.16,27,24,GAGCGATCGTTTCATAGACA,3,4170935
yadE_predicted,0.08,25,24,CTTCCCAGTCGGCAAGGCCT,1,4184659
yadE_predicted,0.08,25,24,CTGCCTTAGTGCGTTTAGAC,1,4197143
yadE_predicted,0.08,25,24,CTGATGGATTTCTATAAAAG,1,4205134
yadE_predicted,0.08,25,24,CTGAGGAGTATGGGCTAAAA,1,4200325
yadE_predicted,0.08,25,24,CTAACCATTAGTGTGCTGGT,1,4160628
yadE_predicted,0.12,26,24,CGGCTGCATACCTGTACAAA,2,4225200
yadE_predicted,0.16,27,24,CGCATTACCCGGCGCCGACT,3,4203630
yadE_predicted,0.08,25,24,CGAAGATTTCGTCTCCGAAA,1,4171304
yadE_predicted,21.2,553,24,CCCAATTTGACCACGCCTAG,529,4228963
yadE_predicted,0.12,26,24,CCAGTGGTGTCAGTTCTTAT,2,4182581
yadE_predicted,0.2,28,24,CCAGCGCTCCGTGCTTCGGA,4,4218832
yadE_predicted,0.08,25,24,CATCGAGTGTAGTAAGGCAA,1,4170375
yadE_predicted,0.08,25,24,CATCAATTTTTACTGAGGGG,1,4218963
yadE_predicted,0.16,27,24,CAGTCCTCCGCTTTTGCTTA,3,4226966
yadE_predicted,38.52,986,24,CACGTCAGTTTACGGCGTAG,962,4211125
yadE_predicted,0.08,25,24,CACCTGAATGACTTAGTTTT,1,4165184
yadE_predicted,0.36,32,24,CACCGGGTCCGCTAACCGCA,8,4239240
yadE_predicted,0.2,28,24,CAATCCTAGGGCTCACACTC,4,4176863
yadE_predicted,0.08,25,24,CAAAGCTTAGCTCAGAGGAG,1,4171078
yadE_predicted,0.08,25,24,ATTTCGTGCAAGTGTTCGGG,1,4173836
yadE_predicted,0.08,25,24,ATCAAAGCCGCGTACAACTG,1,4189349
yadE_predicted,0.16,27,24,ATAAACTTTACACTTGCAAT,3,4206144
yadE_predicted,0.08,25,24,AGTCTAAGCGGGTTCGATGA,1,4211519
yadE_predicted,0.56,37,24,AGGGGTGAAGGACACTCATT,13,4167129
yadE_predicted,0.08,25,24,AGGGGAGGTGACTGTCCCAA,1,4229578
yadE_predicted,0.24,29,24,AGATGGATACACGTAAAGCT,5,4203163
yadE_predicted,0.24,29,24,AGATATTCTCACGGGTATCA,5,4233563
yadE_predicted,0.08,25,24,AGAGGAATTTCCTTTCAGAT,1,4195476
yadE_predicted,0.44,34,24,ACTCAATACTGATGTGCTTA,10,4233815
yadE_predicted,0.48,35,24,ACGTCGGTTAACTCTTTGAG,11,4191014
yadE_predicted,0.08,25,24,ACCGGTGTGCATGACGCCTA,1,4235001
yadE_predicted,0.32,31,24,ACCCTTCTGCTTGCCGCTAG,7,4191845
yadE_predicted,17.52,461,24,ACACAGGTATAGCGCCAACA,437,4180827
yadE_predicted,0.08,25,24,AATCTAAGCACTGATGTTAG,1,4220401
yadE_predicted,12.52,336,24,AAGTGGTGTTACTGGGGTCC,312,4204226
yadE_predicted,0.16,27,24,AAGAATCAAAGAGGCTTTCG,3,4227459
yadE_predicted,0.2,28,24,AACTGGCCAAAGTAAAACGA,4,4192035
yadE_predicted,0.08,25,24,AAAAGCGCGAAACTTTTCGC,1,4212277
yadE_predicted,0.125,25,23,TTTTTCAGCCTGGTTCAATT,2,4238809
yadE_predicted,0.16666666666666666,26,23,TTTTCGTTGGCCGTCGCTCC,3,4166281
yadE_predicted,0.20833333333333334,27,23,TTTTAATACATAAAGTGAAC,4,4200881
yadE_predicted,0.08333333333333333,24,23,TTCAACATGGTATGACCCGT,1,4213469
yadE_predicted,0.08333333333333333,24,23,TGTACGTAGGTAGTACATTA,1,4229278
yadE_predicted,0.125,25,23,TGCATGCTATCTTGTCAGGA,2,4167296
yadE_predicted,0.16666666666666666,26,23,TGATGTTTACGTTAAGGTGT,3,4219518
yadE_predicted,0.08333333333333333,24,23,TGAACACAGGTCGTCCCTCG,1,4201653
yadE_predicted,0.08333333333333333,24,23,TCGTTGTGCCTCTAACGTCT,1,4167729
yadE_predicted,0.08333333333333333,24,23,TCGTAGGCGAGCATTCGGAC,1,4220227
yadE_predicted,0.08333333333333333,24,23,TCGTAGACTCGGGACATGGC,1,4176029
yadE_predicted,0.125,25,23,TCAATGGGAAGGGTAAATAT,2,4193027
yadE_predicted,0.20833333333333334,27,23,TATACAACAACTCTGTCCCT,4,4218148
yadE_predicted,0.16666666666666666,26,23,TAATTGTGGTCCTTTAGAAT,3,4211044
yadE_predicted,0.375,31,23,GTTTATTAGGGTGTAGTTTT,8,4165391
yadE_predicted,0.08333333333333333,24,23,GTTGTTGGGTAGGTAGCTGA,1,4214726
yadE_predicted,0.125,25,23,GTGTGCGGGTATTATTTTGA,2,4222289
yadE_predicted,0.125,25,23,GTGGGTTTTGCACGTAGATA,2,4177590
yadE_predicted,0.5833333333333334,36,23,GTCTCGTTGAACCCTAGGTG,13,4231515
yadE_predicted,0.5416666666666666,35,23,GGTGCTAAGGATTAGGCACC,12,4167678
yadE_predicted,13.916666666666666,356,23,GGTACGTTGCCTAGAGAAGT,333,4216022
yadE_predicted,0.125,25,23,GGCAAACTCCACTGGTTATA,2,4218512
yadE_predicted,0.375,31,23,GCTTTGGATGCGCCTATAGT,8,4213231
yadE_predicted,8.541666666666666,227,23,GCGCTCAATACATTACGTGT,204,4225000
yadE_predicted,0.125,25,23,GCGCGCGTTTTAAGCGAGCT,2,4182111
yadE_predicted,0.08333333333333333,24,23,GCGACACAGGGAAGATGGAA,1,4216746
yadE_predicted,26.041666666666668,647,23,GCCCGTACAGTTCAAGTCGC,624,4191390
yadE_predicted,0.08333333333333333,24,23,GCCCGACGAAAGGGAGCATC,1,4176121
yadE_predicted,0.125,25,23,GCCAGTGGTAAATGAGCTTT,2,4231550
yadE_predicted,0.08333333333333333,24,23,GCAGGAGCCCAACGCGTTCA,1,4225625
yadE_predicted,0.08333333333333333,24,23,GATTCCCATGTGCCGCCCCA,1,4216623
yadE_predicted,0.16666666666666666,26,23,GAGTGCATTCCTGTTAGTTC,3,4170095
yadE_predicted,36.958333333333336,909,23,GAGGAAGATATGGAACTTCT,886,4174254
yadE_predicted,0.08333333333333333,24,23,CTTGGTGCAACACGTTACAA,1,4205328
yadE_predicted,0.08333333333333333,24,23,CTTGGGGCGTCTGACGAACA,1,4188621
yadE_predicted,0.08333333333333333,24,23,CTTGGAGCGTTGTCCTTAGA,1,4206523
yadE_predicted,0.08333333333333333,24,23,CTCTTTGGGGAGTCCTCGCT,1,4180266
yadE_predicted,0.125,25,23,CTCTAGGATAACCACCACTG,2,4186544
yadE_predicted,0.08333333333333333,24,23,CTCTAGCTTTTGATTTCGCG,1,4228563
yadE_predicted,0.125,25,23,CGTCCGGGCGGAGACTGACG,2,4221145
yadE_predicted,0.08333333333333333,24,23,CGCTAAACTTACGGCAGTTG,1,4203627
yadE_predicted,0.08333333333333333,24,23,CCTTATTCGTCAAGGCCCCG,1,4176488
yadE_predicted,0.375,31,23,CCTTACCACTGCAAGTAGAG,8,4208444
yadE_predicted,0.3333333333333333,30,23,CCCCTTAGCGCAACCTGCGT,7,4164167
yadE_predicted,0.5833333333333334,36,23,CAGGACATTAAATGCGAGTT,13,4197556
yadE_predicted,0.08333333333333333,24,23,CACGTCCGGTTGAGGAAAGT,1,4203793
yadE_predicted,0.20833333333333334,27,23,CAAAGGAGTTCGCTTTAGGC,4,4208309
yadE_predicted,7.5,202,23,ATTACGCATCTTGGAAGCAT,179,4208580
yadE_predicted,0.08333333333333333,24,23,ATGAACCGTCCTGCTTGGCA,1,4190453
yadE_predicted,0.16666666666666666,26,23,ATAAGTCCGTCCAGCTCCTA,3,4207907
yadE_predicted,0.08333333333333333,24,23,AGTGCATGACAGTATACGAA,1,4169416
yadE_predicted,0.16666666666666666,26,23,AGGTCAGCGTGTTTCGGCGC,3,4201630
yadE_predicted,0.16666666666666666,26,23,AGGCACCTGAGGCTAGGGAT,3,4176032
yadE_predicted,0.08333333333333333,24,23,AGCTCGATTGGCCGAGACCC,1,4233489
yadE_predicted,0.08333333333333333,24,23,AGCCTTGGTTTGTCTGCGCA,1,4164669
yadE_predicted,0.375,31,23,ACTTTCTGTACTGACTGCTT,8,4163185
yadE_predicted,0.5,34,23,ACTATGAACGTAAATAGCGC,11,4215049
yadE_predicted,0.08333333333333333,24,23,ACGCGCCTGTTAAAGCCAGT,1,4200740
yadE_predicted,0.16666666666666666,26,23,ACCGCTAGGCTCCTCCAGAG,3,4222548
yadE_predicted,0.3333333333333333,30,23,AAGGCCGGTGTGAGAGCGTG,7,4204091
yadE_predicted,0.08333333333333333,24,23,AAAGTCTCACAGCTGCGTTA,1,4211995
yadE_predicted,0.13043478260869565,24,22,TGGAGAGACCAGTGTTTGCT,2,4204941
yadE_predicted,0.13043478260869565,24,22,TGCACCTGTGGTTTTCCACA,2,4217779
yadE_predicted,0.391304347826087,30,22,TGACCGGCGGCAGCAGTCCT,8,4212691
yadE_predicted,0.17391304347826086,25,22,TGAACCCCCTGTATGCACGT,3,4205700
yadE_predicted,0.2608695652173913,27,22,TCTCGGTGAGGTTCGGAATA,5,4200242
yadE_predicted,0.17391304347826086,25,22,TCTCGGTACATGACTGTAGC,3,4168967
yadE_predicted,0.08695652173913043,23,22,TCTAAGCACACCGGGTACTC,1,4216565
yadE_predicted,0.17391304347826086,25,22,TCGGTGTAGCCTAGCTATAA,3,4201633
yadE_predicted,0.43478260869565216,31,22,TCGGAGTACTGCGCAATTGA,9,4226255
yadE_predicted,30.869565217391305,731,22,TCAAGGCAGCGTGCACCAGA,709,4195053
yadE_predicted,29.26086956521739,694,22,TATACAGCCGACTCCCTTAT,672,4216299
yadE_predicted,0.21739130434782608,26,22,TAGACGGTCGAAACTTCTTG,4,4168687
yadE_predicted,0.21739130434782608,26,22,TACTTGGCGGGTTAGGAGGC,4,4212973
yadE_predicted,0.08695652173913043,23,22,TACTGAATTCACTTAAACGT,1,4233048
yadE_predicted,0.34782608695652173,29,22,TACAAATGAATCTACTTATA,7,4196222
yadE_predicted,0.08695652173913043,23,22,TAAAGAGCCATTCATAACAC,1,4196667
yadE_predicted,0.08695652173913043,23,22,GTGTACGTCTGTCCTGCATG,1,4167388
yadE_predicted,0.2608695652173913,27,22,GTCGTCTCGTCCCGCGACAC,5,4194740
yadE_predicted,0.08695652173913043,23,22,GTACAGGGTAATAAGTAGAC,1,4213645
yadE_predicted,22.565217391304348,540,22,GGGGGGCCACGAGGCTTCAT,518,4209638
yadE_predicted,0.08695652173913043,23,22,GGGAGCGCGAATTCCCAATA,1,4161802
yadE_predicted,0.08695652173913043,23,22,GGCTGGTGGATTGATACCTA,1,4177818
yadE_predicted,39.391304347826086,927,22,GGACCGCCCTCCTAACCGAT,905,4167720
yadE_predicted,19.217391304347824,463,22,GCGTTGGGTCACGAAGCCTA,441,4185954
yadE_predicted,0.08695652173913043,23,22,GCCTAATAGTACACTGTTTT,1,4164973
yadE_predicted,39.65217391304348,933,22,GCCGCGGTGCAAGGGTCTCT,911,4192141
yadE_predicted,0.08695652173913043,23,22,GCCCATGCGGGGTTGGACGT,1,4239253
yadE_predicted,0.2608695652173913,27,22,GCCAACGCCATCTCGATTAG,5,4216862
yadE_predicted,0.13043478260869565,24,22,GATCGTTAGCTCGGAGCGAA,2,4205886
yadE_predicted,0.13043478260869565,24,22,GAGAGGAGTACACACGAATT,2,4212558
yadE_predicted,0.08695652173913043,23,22,GAAAGCGTTCCGCCGGTCCG,1,4218574
yadE_predicted,0.13043478260869565,24,22,CTTCGTCAGACGGCGCATGT,2,4187387
yadE_predicted,0.13043478260869565,24,22,CTTCAAACATTTTTTCTCAT,2,4163910
yadE_predicted,0.30434782608695654,28,22,CTTAAAGGCTTCATAGGCGG,6,4168178
yadE_predicted,0.17391304347826086,25,22,CTGTTTGAAATCTTCCTACA,3,4228308
yadE_predicted,0.21739130434782608,26,22,CTGTGGGCCGTTATGAAGGA,4,4162202
yadE_predicted,0.08695652173913043,23,22,CTGGGGTAGTATTTAATCTC,1,4186539
yadE_predicted,0.13043478260869565,24,22,CCTAGCTGAGTCGAGCGCCG,2,4232322
yadE_predicted,0.34782608695652173,29,22,CCTAACGAGTTGTACGTCAG,7,4233193
yadE_predicted,0.08695652173913043,23,22,CCGTTTCGTAAGGATAAGAT,1,4226557
yadE_predicted,0.08695652173913043,23,22,CCGCAATGACATCTCCGCGT,1,4181662
yadE_predicted,0.2608695652173913,27,22,CCGACTGGGGTCCTCACCGG,5,4205993
yadE_predicted,0.13043478260869565,24,22,CCGAAGGCGGACAGTTGCCA,2,4166796
yadE_predicted,0.21739130434782608,26,22,CCCGCGACAAAAATTGAGCA,4,4197326
yadE_predicted,0.17391304347826086,25,22,CCAGGACTATCCCCCACGAC,3,4209327
yadE_predicted,0.43478260869565216,31,22,CCACCAGCGAAAGGTTTAAC,9,4183369
yadE_predicted,0.34782608695652173,29,22,CAGAGTCCGAGGCAATGCCT,7,4233627
yadE_predicted,0.08695652173913043,23,22,CACTGACCTATAAAACATTT,1,4190808
yadE_predicted,0.08695652173913043,23,22,CACGCGCGTGGAATCGCGCG,1,4225640
yadE_predicted,0.21739130434782608,26,22,CAAGTCCGGACGGAGACCGG,4,4185618
yadE_predicted,0.08695652173913043,23,22,ATTTTTCCTGCCAACAATTG,1,4215627
yadE_predicted,0.21739130434782608,26,22,ATTCTAATATCTGGCAATAT,4,4225987
yadE_predicted,0.08695652173913043,23,22,ATGTTGCAGACGTTTTTCGA,1,4231719
yadE_predicted,0.08695652173913043,23,22,ATGTGCTACTAGCTGCAGAT,1,4180699
yadE_predicted,0.08695652173913043,23,22,ATGCGCAGGCCAGGTTAGGT,1,4229576
yadE_predicted,0.08695652173913043,23,22,ATGAGAGCGCGCGGTCGTAT,1,4241262
yadE_predicted,0.13043478260869565,24,22,ATCTAGGAATGGGGGCACAT,2,4175148
yadE_predicted,0.08695652173913043,23,22,ATCGTTGAGCAATTTTCAAT,1,4191197
yadE_predicted,0.4782608695652174,32,22,ATACGATGTGCACGCGCTGG,10,4199328
yadE_predicted,0.13043478260869565,24,22,AGGTGACAGGCTACGTTTGA,2,4224445
yadE_predicted,0.43478260869565216,31,22,AGGCGCAAGCGGCTCAATAG,9,4199605
yadE_predicted,0.08695652173913043,23,22,AGCTGAGGCCAGTCGGGTTG,1,4169397
yadE_predicted,0.21739130434782608,26,22,AGCCCAATGTCTGGTTCTTT,4,4188819
yadE_predicted,0.08695652173913043,23,22,ACTTGGTGCCCGTTTACGCA,1,4205102
yadE_predicted,0.08695652173913043,23,22,ACTAGTTTCAGGGACCAAGT,1,4185015
yadE_predicted,0.30434782608695654,28,22,ACTAGGCCAGCGCCGACTGT,6,4176959
yadE_predicted,0.08695652173913043,23,22,ACGACAAATGGTCCGGTCAT,1,4195021
yadE_predicted,0.08695652173913043,23,22,ACATTGCCTAATTGGACCTA,1,4210182
yadE_predicted,17.26086956521739,418,22,AATTACGGTCCCACGCCACG,396,4178541
yadE_predicted,0.17391304347826086,25,22,AATAGCGAGCACACGCCGGT,3,4179714
yadE_predicted,0.5217391304347826,33,22,AAGGCGCAGGCTAAACGCTT,11,4193162
yadE_predicted,0.13043478260869565,24,22,AAATGTTAGAGCCGTTTCCA,2,4176035
yadE_predicted,0.17391304347826086,25,22,AAAGCGGCGCTCACACGCTC,3,4239361
yadE_predicted,0.09090909090909091,22,21,TTATGAGGTACCCCGTTAAT,1,4209181
yadE_predicted,37.90909090909091,854,21,TTACAGTTTCGGGCCCTGGT,833,4182426
yadE_predicted,0.09090909090909091,22,21,TGGTTAAACCTTCTCCTAAT,1,4238635
yadE_predicted,0.13636363636363635,23,21,TGGAGGTGGTGGTTGTTTGT,2,4199738
yadE_predicted,0.13636363636363635,23,21,TGGACATATAATATCGTATC,2,4205938
yadE_predicted,0.09090909090909091,22,21,TGCAATGTCCCGTTTACTTG,1,4171468
yadE_predicted,0.09090909090909091,22,21,TGACCCAGATGGACAGTTAA,1,4234883
yadE_predicted,0.09090909090909091,22,21,TATAGGCATCGGATTACCGT,1,4187635
yadE_predicted,0.09090909090909091,22,21,TATAAATCCATCCGAAATCT,1,4181459
yadE_predicted,0.09090909090909091,22,21,TACGAAAAGCAATGTGCTTG,1,4214231
yadE_predicted,0.18181818181818182,24,21,TAATTCGTACCGAGTCCGGC,3,4184025
yadE_predicted,0.13636363636363635,23,21,TAATGATTTTGGGTGTTTGC,2,4168937
yadE_predicted,0.2727272727272727,26,21,TAAGTTAGGCGCTACCGATG,5,4200221
yadE_predicted,0.6818181818181818,35,21,GTAAACGGATGGTCTGTGGT,14,4169327
yadE_predicted,0.13636363636363635,23,21,GGTGGCCCCGAGTGAAGATC,2,4223836
yadE_predicted,0.09090909090909091,22,21,GGTAAAGAAAAGGGGTAAGT,1,4233744
yadE_predicted,0.5454545454545454,32,21,GGGTTTAGGTGACAAAAATA,11,4215778
yadE_predicted,0.3181818181818182,27,21,GGACAGCACCATGCTACTTC,6,4175550
yadE_predicted,0.09090909090909091,22,21,GCTCCATTAGTGAATTTAAG,1,4167688
yadE_predicted,0.09090909090909091,22,21,GCGTGCCCAACTTTCGGATC,1,4187019
yadE_predicted,0.36363636363636365,28,21,GCGCAAGACCGTCTATCGAC,7,4218220
yadE_predicted,0.8636363636363636,39,21,GCCTTAGAACTGCATTGAGC,18,4167719
yadE_predicted,0.13636363636363635,23,21,GCCGGGGTCGCGAGTATATT,2,4203931
yadE_predicted,0.09090909090909091,22,21,GCATTGGTGCATCGATTCTA,1,4214974
yadE_predicted,0.2727272727272727,26,21,GATTATACAACCAATCATAA,5,4185100
yadE_predicted,0.13636363636363635,23,21,CTGATTGGTCGATTCGGTGC,2,4203002
yadE_predicted,0.3181818181818182,27,21,CTCTAGCATAGACATCTCAC,6,4182023
yadE_predicted,0.3181818181818182,27,21,CTCAAAGCGCACGCTCCGAG,6,4199265
yadE_predicted,81.68181818181819,1817,21,CTATGTTCCCCGGTAAGGAC,1796,4185321
yadE_predicted,0.18181818181818182,24,21,CGGTATTGACAAGGGCACCT,3,4191615
yadE_predicted,0.45454545454545453,30,21,CGGCAGGGCGGAGTAGTACA,9,4171584
yadE_predicted,0.18181818181818182,24,21,CCTCTCGAAAACGAGTAGAT,3,4185960
yadE_predicted,0.4090909090909091,29,21,CCTAGACTGGCGCTACCTTA,8,4219317
yadE_predicted,0.36363636363636365,28,21,CCCTGGAAGATGATGCGATG,7,4165330
yadE_predicted,0.18181818181818182,24,21,CCAATATCTTGATCGGGAGA,3,4239289
yadE_predicted,0.09090909090909091,22,21,CATTCATAATTGCTGTTGAT,1,4208219
yadE_predicted,0.13636363636363635,23,21,CAGGTCCGTGTTTACCGTTT,2,4224198
yadE_predicted,0.3181818181818182,27,21,CAGGGCGCAAGGCCCCTTCG,6,4205754
yadE_predicted,0.09090909090909091,22,21,CAGGCTACAGATTGTTGGCC,1,4199965
yadE_predicted,0.4090909090909091,29,21,CAAATGAGCGCCTTAACCTA,8,4174569
yadE_predicted,6.5,163,21,CAAATCTGTTGCCAGTGACA,142,4222392
yadE_predicted,0.13636363636363635,23,21,CAAACCGGCAAAACCGTAAG,2,4170064
yadE_predicted,0.09090909090909091,22,21,ATTTGATAAGCACTTGGCTA,1,4221642
yadE_predicted,0.09090909090909091,22,21,ATTGGCCAGTCCATTACGTT,1,4236357
yadE_predicted,0.09090909090909091,22,21,ATGGTGTGGGCCATAACGAA,1,4195819
yadE_predicted,0.3181818181818182,27,21,ATATCGTGCAAACTAAAAAG,6,4194786
yadE_predicted,0.13636363636363635,23,21,AGGGGTGGGGATGTAGGGCA,2,4200323
yadE_predicted,0.09090909090909091,22,21,AGCCAGGTTAAGGTATTTGT,1,4236364
yadE_predicted,0.09090909090909091,22,21,AGACGGATTCACACCACCTT,1,4178310
yadE_predicted,0.3181818181818182,27,21,AGAATCGGTCCAGTAGTTAT,6,4192424
yadE_predicted,0.2727272727272727,26,21,AGAATATTTACCCTCACCGT,5,4161415
yadE_predicted,0.3181818181818182,27,21,ACTTGCGGTCTGGCCAAGCC,6,4167627
yadE_predicted,0.18181818181818182,24,21,ACGGTCATGGCCTGCGCTAA,3,4239084
yadE_predicted,0.45454545454545453,30,21,ACACTGGAGGTATCAGGTAG,9,4176155
yadE_predicted,0.09090909090909091,22,21,AATCGCTCTCCATACCGAGC,1,4185970
yadE_predicted,0.22727272727272727,25,21,AATACTGGGACACGGCTGGA,4,4196813
yadE_predicted,0.09090909090909091,22,21,AAGTTGAAGCCGTGCACTAC,1,4175379
yadE_predicted,0.09090909090909091,22,21,AACCGGGATGAACCATGGTT,1,4213086
yadE_predicted,0.09523809523809523,21,20,TTTCGAGGTTCAAGAGCTTT,1,4192756
yadE_predicted,0.09523809523809523,21,20,TTTCCTCATCTACTCACTCG,1,4164227
yadE_predicted,0.09523809523809523,21,20,TTCTCACCGGATATGTAGCA,1,4202399
yadE_predicted,0.09523809523809523,21,20,TTAAGTGGATGCCGTTTGCT,1,4215271
yadE_predicted,0.09523809523809523,21,20,TTAAACCGTATGCCACAGTG,1,4213629
yadE_predicted,0.7142857142857143,34,20,TGGCACAGAGGAGAACCCAG,14,4213774
yadE_predicted,0.09523809523809523,21,20,TGGAGTCTCTGTGCAGGGAT,1,4184828
yadE_predicted,0.5714285714285714,31,20,TGCAAGTCCCCTTATCAGTG,11,4203387
yadE_predicted,0.14285714285714285,22,20,TGAACCAGCTTCAATATGAA,2,4183205
yadE_predicted,0.19047619047619047,23,20,TCGTGGACCCAGTGCTTGCT,3,4174415
yadE_predicted,0.23809523809523808,24,20,TCGTACAAGGTAAGTTCTCC,4,4198204
yadE_predicted,0.09523809523809523,21,20,TCGCCTACTAAGTGTTACAT,1,4192399
yadE_predicted,0.09523809523809523,21,20,TCGCCAAGTTTACAAGGGGA,1,4176402
yadE_predicted,0.09523809523809523,21,20,TCCTCATAGCTTCTATCTAC,1,4212596
yadE_predicted,0.09523809523809523,21,20,TCCATCGTTTAGGAACAAGG,1,4179709
yadE_predicted,45.19047619047619,968,20,TCATGGAGCCTACTGTTCGG,948,4211000
yadE_predicted,0.38095238095238093,27,20,TATCTGGCTTGGGTAGTTTA,7,4190688
yadE_predicted,0.09523809523809523,21,20,TATACCGAGAAGACTAAAAA,1,4228837
yadE_predicted,0.2857142857142857,25,20,TAGGGATTGACTGCTGGCTC,5,4205120
yadE_predicted,0.2857142857142857,25,20,TAGAAAAGTTCGAGTGAGAG,5,4212483
yadE_predicted,0.2857142857142857,25,20,GTCTGTTTTTAACAGCGTTA,5,4188207
yadE_predicted,0.09523809523809523,21,20,GGTTTAATGTACTAAGCGCT,1,4200377
yadE_predicted,0.09523809523809523,21,20,GGGCCTCCCCTGGGGCTCAT,1,4229791
yadE_predicted,0.19047619047619047,23,20,GGCTAAGGCGGATCCTCAGA,3,4226111
yadE_predicted,0.09523809523809523,21,20,GGCAGGACCGATGCCTTCGG,1,4215887
yadE_predicted,0.2857142857142857,25,20,GGAGCCCGCAGACCATGATT,5,4229899
yadE_predicted,0.19047619047619047,23,20,GGACTGAGGTTCCTAGGGTA,3,4212557
yadE_predicted,0.09523809523809523,21,20,GCTTCTATAAAGTTTCTATG,1,4203164
yadE_predicted,0.09523809523809523,21,20,GCGGCAGAGAGGGTTCTGAT,1,4205484
yadE_predicted,0.2857142857142857,25,20,GCCATCGAAACGACTAAACA,5,4170368
yadE_predicted,0.14285714285714285,22,20,GCACGGGTGTACAGAAAGTC,2,4237608
yadE_predicted,0.19047619047619047,23,20,GATCTGCATGTTGGGTGCGT,3,4165162
yadE_predicted,0.09523809523809523,21,20,GATCGCAACACAATCATCCC,1,4220714
yadE_predicted,0.09523809523809523,21,20,GAGTACGCGATCAACAATAA,1,4226702
yadE_predicted,0.09523809523809523,21,20,GACAGCTCCAGTGGCCTAAA,1,4204815
yadE_predicted,0.09523809523809523,21,20,GAAGCTACCCGCTCGTCCAA,1,4189446
yadE_predicted,0.38095238095238093,27,20,GAAATCTATAGTGTCCGCCC,7,4229223
yadE_predicted,0.14285714285714285,22,20,CTAACTGTTCCATGGAGATT,2,4161256
yadE_predicted,0.38095238095238093,27,20,CTAAAATGTAGGATCGGGAG,7,4196915
yadE_predicted,0.14285714285714285,22,20,CGTGTACACAACGAGGGCCT,2,4190057
yadE_predicted,44.04761904761905,944,20,CGTGCTTTTTCCTTGACGAT,924,4172739
yadE_predicted,0.09523809523809523,21,20,CGGTTTGGAAAGGTCCCGTT,1,4238572
yadE_predicted,0.19047619047619047,23,20,CGGCTCTAGGGCCCTTTGAT,3,4227032
yadE_predicted,0.09523809523809523,21,20,CGATAGAGCGTTTCATAGGA,1,4207807
yadE_predicted,0.09523809523809523,21,20,CGAGGCATATTAAGGAGGGA,1,4196570
yadE_predicted,0.23809523809523808,24,20,CGACGCACGTAGGATGTGCA,4,4166083
yadE_predicted,0.09523809523809523,21,20,CCTTTTTTCAGGTTAAACAT,1,4182165
yadE_predicted,0.09523809523809523,21,20,CCCTTTCCGCTTTCAGGTAT,1,4173444
yadE_predicted,0.09523809523809523,21,20,CCCCTATGTGCCATCGCCAC,1,4192561
yadE_predicted,0.23809523809523808,24,20,CCCATCTGAGACATCCGTAT,4,4193424
yadE_predicted,0.09523809523809523,21,20,CCCAACTGTCGTATCACTGT,1,4210938
yadE_predicted,0.42857142857142855,28,20,CCATGTAGGGATGATTATAA,8,4192814
yadE_predicted,46.666666666666664,999,20,CCATATGAAGGTATTCTCTG,979,4184956
yadE_predicted,0.09523809523809523,21,20,CCACGTCAGCGAAGGCCTAC,1,4181407
yadE_predicted,0.09523809523809523,21,20,CATTTGTAGCGGGTTAACGA,1,4196113
yadE_predicted,0.2857142857142857,25,20,CATACAGGCCTATTTATACA,5,4216157
yadE_predicted,0.19047619047619047,23,20,CAGAGCAAGATATCTTATGA,3,4181078
yadE_predicted,0.38095238095238093,27,20,CACTTCTCGCTATACAGCCA,7,4161723
yadE_predicted,0.09523809523809523,21,20,CACCAGCGCGTGCCCGTTGG,1,4218569
yadE_predicted,0.3333333333333333,26,20,ATTAAGTCCGGGCTAGAAGG,6,4209533
yadE_predicted,0.09523809523809523,21,20,ATGGTTAAGTACCAAGCGTA,1,4173125
yadE_predicted,42.142857142857146,904,20,ATCAACGGTGGGCAACGTGG,884,4166627
yadE_predicted,0.09523809523809523,21,20,AGTCTCTCTAAATATCTTAC,1,4217204
yadE_predicted,0.14285714285714285,22,20,AGCCATCTCGGTAGCGGACA,2,4161715
yadE_predicted,0.3333333333333333,26,20,ACTAGGCTAGGTCTAATGGA,6,4200260
yadE_predicted,0.09523809523809523,21,20,ACGAACCTGCTTTCGCGTCA,1,4176964
yadE_predicted,0.09523809523809523,21,20,ACCATCTAGAATTACCTATT,1,4184089
yadE_predicted,0.47619047619047616,29,20,AATTTCGATCGGTGCTGCTC,9,4233577
yadE_predicted,0.23809523809523808,24,20,AAGGACTCACTCCCGGCAGA,4,4200149
yadE_predicted,0.14285714285714285,22,20,AACTGTACAGGGGTATCGTA,2,4187134
yadE_predicted,0.5,28,19,TTTTGTGCGGCATTCTGACT,9,4177653
yadE_predicted,0.35,25,19,TTGTTGTCCAGTATGCCCGC,6,4187120
yadE_predicted,0.1,20,19,TTGGTCGAGCGATGCCCATT,1,4202040
yadE_predicted,20.05,419,19,TTGCCTCACTGCTATAAAGC,400,4223334
yadE_predicted,0.15,21,19,TTCGGAAGGTCGTTAGAACT,2,4191114
yadE_predicted,0.45,27,19,TTACCCCTTCTAATCCATCG,8,4235912
yadE_predicted,0.1,20,19,TTAACCGGCCAATTTTGTAA,1,4220836
yadE_predicted,0.15,21,19,TGTGGTGCAGAAAAGCTTTG,2,4196669
yadE_predicted,34.9,716,19,TGGGTCGATGTAACCTCGAT,697,4186995
yadE_predicted,0.15,21,19,TGACGCCTCGTCACGATCAC,2,4164853
yadE_predicted,0.1,20,19,TCTACAGCTATAAGTCGGAT,1,4193596
yadE_predicted,15.4,326,19,TCGGACAGGAAGAAGAGTTC,307,4161257
yadE_predicted,0.1,20,19,TCGCAACTATCAGAGAAAAT,1,4222469
yadE_predicted,0.1,20,19,TCGAGTTGAGTCCCAAGTGA,1,4196605
yadE_predicted,0.15,21,19,TCATGGGTCCGGCGTAGCAT,2,4174261
yadE_predicted,32.55,669,19,TATGCTCTGGATCTCACTTT,650,4224401
yadE_predicted,0.15,21,19,TATGCCCTGCTTATCCGGGG,2,4191724
yadE_predicted,0.25,23,19,TATCCACACGGTATTCACTG,4,4221445
yadE_predicted,0.1,20,19,TAGATCATGGCCCGTACTCC,1,4169963
yadE_predicted,33.35,685,19,TAGACCTTTATGGTGAGTGT,666,4187124
yadE_predicted,0.1,20,19,TAAGCGTCTACTCCCTTTTG,1,4159694
yadE_predicted,0.1,20,19,TAACTACCGCATAGTTTATG,1,4208874
yadE_predicted,0.2,22,19,GTTGTTGAATCGGTACCGGT,3,4206727
yadE_predicted,0.1,20,19,GGTTTGCTTATAGAAGTATT,1,4174057
yadE_predicted,0.25,23,19,GGTACAGCGAAACTGGGTCA,4,4189677
yadE_predicted,0.1,20,19,GGTAACGTTATAAGGCTCAT,1,4197057
yadE_predicted,0.2,22,19,GGGCTAGTTTGTCGCGGAAC,3,4193324
yadE_predicted,0.2,22,19,GGGAATGGTGTTAATACTTG,3,4168632
yadE_predicted,0.5,28,19,GGCTTGAAAGTGGGCATGCC,9,4235244
yadE_predicted,0.55,29,19,GGCACACTAGCTGGACGGAT,10,4165539
yadE_predicted,0.15,21,19,GCTTTGCTGCAAGTTGACCA,2,4210329
yadE_predicted,0.1,20,19,GCGGTACATGGTGACCATCA,1,4165746
yadE_predicted,0.1,20,19,GCGGATACAAGTCGCGAGGC,1,4202696
yadE_predicted,0.1,20,19,GCGCTTGGTGTGTCTACGCG,1,4237054
yadE_predicted,0.3,24,19,GCGATCCCGGAATTCATGAT,5,4169841
yadE_predicted,0.2,22,19,GCAACTACTTCGAGTTGTAC,3,4200918
yadE_predicted,0.25,23,19,GATTACTCAATTTTGGGCCA,4,4161306
yadE_predicted,0.1,20,19,GATTAAACCCAAGTGACCCG,1,4204360
yadE_predicted,0.1,20,19,GAGCTGTTGGAATATAATGC,1,4223984
yadE_predicted,0.1,20,19,GACCAAACACCATATAAGTA,1,4223468
yadE_predicted,0.1,20,19,CTTTTCTGTCACCAACATGC,1,4202589
yadE_predicted,0.15,21,19,CTGTGGTCTGGGGATCGAGA,2,4163899
yadE_predicted,0.15,21,19,CTGATGTCCGGAACGAGCAT,2,4177817
yadE_predicted,0.2,22,19,CTACGGGTGGCCCTCGGCAT,3,4219200
yadE_predicted,21.7,452,19,CGTCCTTACATCTGCGGTGA,433,4164907
yadE_predicted,0.1,20,19,CGGCATAATGAACGTTAGGG,1,4238422
yadE_predicted,0.2,22,19,CGGATCTTAGGGGCACGATG,3,4168186
yadE_predicted,0.1,20,19,CGCACATCTATATCGCCCAG,1,4207821
yadE_predicted,0.1,20,19,CCTCTCGGGGTACTCCAAAT,1,4201777
yadE_predicted,0.5,28,19,CCGCTGATTATTGTGGGGTT,9,4219357
yadE_predicted,0.45,27,19,CCCTTGTCCTCTCATGACAA,8,4210559
yadE_predicted,0.3,24,19,CCCAAGTGAATTCTCTCGTG,5,4215664
yadE_predicted,0.4,26,19,CCCAACGTGCCTGAGTGATG,7,4226817
yadE_predicted,0.25,23,19,CCAGCACGGGATTGTCATCT,4,4166552
yadE_predicted,0.1,20,19,CCACTTGACACGCGTTTGCT,1,4197754
yadE_predicted,0.6,30,19,CATTTTTCCCAGATGAGCTT,11,4179510
yadE_predicted,0.15,21,19,CAGTAGTGCCCCTCATAATG,2,4223443
yadE_predicted,0.35,25,19,CAGGTCACTGCTGGAGACAG,6,4163634
yadE_predicted,0.65,31,19,CAGCGTATTGCCACGCGCAG,12,4209637
yadE_predicted,0.1,20,19,CAGATCAGTGCGTAATAATG,1,4190058
yadE_predicted,0.1,20,19,ATTTATTCAGATTTTGGGGT,1,4216948
yadE_predicted,0.1,20,19,ATGCTTTCACTGATATGAAG,1,4212425
yadE_predicted,0.5,28,19,ATCAGCTCTTTTTGAAGATT,9,4186512
yadE_predicted,0.2,22,19,ATACGGATTACTGTATTAGA,3,4196148
yadE_predicted,12.1,260,19,AGTTCTCCTCTCTTAATGCG,241,4224668
yadE_predicted,0.15,21,19,AGTGCATGAGAAGGTCACCT,2,4162194
yadE_predicted,0.45,27,19,AGGTCTCTTGCCGTTCAGGA,8,4206719
yadE_predicted,4.85,115,19,AGCATAACCCGAACTACCTA,96,4199589
yadE_predicted,0.1,20,19,AGAGTGTTGAGTCTGATTTA,1,4220387
yadE_predicted,0.1,20,19,AGAGAATGACGTCAAAGTAG,1,4222175
yadE_predicted,0.25,23,19,ACCGTCTTTCGGGGCGTCGT,4,4202641
yadE_predicted,0.1,20,19,ACCGCTGTGAGAAAGGTGGA,1,4209968
yadE_predicted,0.25,23,19,ACCCGAAGGTCGGTGCCAGC,4,4163133
yadE_predicted,0.1,20,19,ACCAAGCTCGAATTCCACTG,1,4185707
yadE_predicted,0.15,21,19,ACCAAGCACCTGAGAGTACT,2,4175983
yadE_predicted,0.15,21,19,ACAGTGCTTTCGAGCCAAAC,2,4171267
yadE_predicted,0.2,22,19,ACAAACTACGTCATTCTTTC,3,4230077
yadE_predicted,46.05,939,19,AATTGCCGAAAATCAGGAAC,920,4174125
yadE_predicted,0.15,21,19,AATGCTTCGTGCTGAAAGTA,2,4175017
yadE_predicted,0.15,21,19,AATACCCACATACACAAGCC,2,4199688
yadE_predicted,0.25,23,19,AAATGAGGTACTCGGCTTTC,4,4236220
yadE_predicted,0.1,20,19,AAAGTTAAGGAACCCGGCTC,1,4206596
yadE_predicted,0.35,25,19,AAAGTACGATAAAAAATAGC,6,4161384
yadE_predicted,0.15789473684210525,20,18,TTACCCCTTGCCCACGCCTT,2,4191494
yadE_predicted,0.10526315789473684,19,18,TTAAGGCGTGCGACTTTATT,1,4214310
yadE_predicted,0.10526315789473684,19,18,TGGGGACTCCATCAATCGAA,1,4235043
yadE_predicted,0.15789473684210525,20,18,TGGAGATCCAGTGCCTAATA,2,4224893
yadE_predicted,0.21052631578947367,21,18,TGCTTACTGGAAAGGTCCCT,3,4183990
yadE_predicted,0.15789473684210525,20,18,TGACGGCTGCCTGCGCGTTA,2,4210564
yadE_predicted,0.15789473684210525,20,18,TCTTCGCTGCAGGTCTAATA,2,4194550
yadE_predicted,0.5789473684210527,28,18,TCGTCTGTAGAGGTCACGGG,10,4176099
yadE_predicted,0.6842105263157895,30,18,TCGGCTGGTTAAAAGGTGGA,12,4228627
yadE_predicted,0.10526315789473684,19,18,TCCGTGTCATTGGTAGGTAT,1,4193866
yadE_predicted,0.47368421052631576,26,18,TCCATACGCAAGGTCGGTAA,8,4168266
yadE_predicted,23.36842105263158,461,18,TCCAGGTTCCGGTACGTGTG,443,4212225
yadE_predicted,0.2631578947368421,22,18,TCACCTGTCCGATGATGTTA,4,4231288
yadE_predicted,0.2631578947368421,22,18,TCACAGCGGCAGGGTTCGAT,4,4175888
yadE_predicted,0.15789473684210525,20,18,TACTCACGGCCCAATTGCTG,2,4191646
yadE_predicted,0.10526315789473684,19,18,TAACCGCTGGACCATCAAGT,1,4167747
yadE_predicted,0.10526315789473684,19,18,GTTCCTCTAACTGGGCTAAA,1,4197769
yadE_predicted,0.10526315789473684,19,18,GTCTGGATCGTGTACTGTGG,1,4228951
yadE_predicted,0.10526315789473684,19,18,GTCTGCCGCTGGCAACGGAA,1,4239672
yadE_predicted,0.10526315789473684,19,18,GTAATATCTTAGGCGTTCCT,1,4229761
yadE_predicted,0.10526315789473684,19,18,GGTATATCCGACCATTGAAC,1,4176970
yadE_predicted,0.5789473684210527,28,18,GGGTGAACAGAATCGGTACT,10,4198882
yadE_predicted,0.15789473684210525,20,18,GGGGACCCACGTCGCCGGAT,2,4234507
yadE_predicted,0.10526315789473684,19,18,GGGGAATCTTGCTAGTGGAT,1,4203243
yadE_predicted,0.21052631578947367,21,18,GGGGAACCGAGTGACAGGTT,3,4230866
yadE_predicted,0.3157894736842105,23,18,GGGCGCCTTCACGTACCAAG,5,4189671
yadE_predicted,0.10526315789473684,19,18,GGGACGTTCGGATTGTGGGT,1,4236478
yadE_predicted,0.10526315789473684,19,18,GGCATGATAGCCATAATTAA,1,4213037
yadE_predicted,0.10526315789473684,19,18,GGCAGAGGAGTAATTACACC,1,4188704
yadE_predicted,0.10526315789473684,19,18,GGCAAGTGTTGGCGAGCAGC,1,4223494
yadE_predicted,0.10526315789473684,19,18,GGATTAGCGGCTGCCACAGT,1,4225622
yadE_predicted,0.2631578947368421,22,18,GCTGGGTCTGGCGCGATGAT,4,4193046
yadE_predicted,0.21052631578947367,21,18,GCTCGGTACATGTTCCATTC,3,4194417
yadE_predicted,17.05263157894737,341,18,GCTCGGGTTACCTGCAGAGT,323,4191212
yadE_predicted,0.21052631578947367,21,18,GCCCGGGAACTAACGATGAA,3,4184126
yadE_predicted,0.21052631578947367,21,18,GATTGCAGTGGGCGCGTCGT,3,4207584
yadE_predicted,76.78947368421052,1476,18,GAGATAGGACGAACACGGTT,1458,4233558
yadE_predicted,0.10526315789473684,19,18,GAGACGGGCTTTACGAAGAA,1,4194358
yadE_predicted,0.3684210526315789,24,18,GACGCGACGTGACAATATTT,6,4202288
yadE_predicted,0.5263157894736842,27,18,GACCCCGCTAGTTCTACCAT,9,4165384
yadE_predicted,0.3157894736842105,23,18,CTTGGTCCTTGTAATATAAA,5,4214063
yadE_predicted,0.42105263157894735,25,18,CTTGGGTTTCATGCGTCTCT,7,4192968
yadE_predicted,0.10526315789473684,19,18,CTTGGGCCTAGGGATGCCTC,1,4231387
yadE_predicted,0.5789473684210527,28,18,CTGAGCGTTACCACATGTTG,10,4162024
yadE_predicted,0.10526315789473684,19,18,CTCTTCCGACATAAAAGTAC,1,4237880
yadE_predicted,23.473684210526315,463,18,CTCTGAAGGGTAACAACAGG,445,4225686
yadE_predicted,0.10526315789473684,19,18,CTAGGGCCGCTGGGAGAGAG,1,4193371
yadE_predicted,0.10526315789473684,19,18,CTAATCGAATGGGCGCCGAG,1,4182496
yadE_predicted,0.47368421052631576,26,18,CTAAACCATTCTGTAAGCTA,8,4240635
yadE_predicted,0.15789473684210525,20,18,CGTTGTTGCTGCCCTTCAAG,2,4167577
yadE_predicted,0.21052631578947367,21,18,CGTGACGTCGATTATGGGTG,3,4225573
yadE_predicted,0.15789473684210525,20,18,CGTAAAATACAGTTTAGTAG,2,4204306
yadE_predicted,0.15789473684210525,20,18,CGGGACCTCGGAAGACTCTT,2,4232489
yadE_predicted,0.10526315789473684,19,18,CGGGAACACTAAGATGTTTG,1,4222558
yadE_predicted,0.2631578947368421,22,18,CGGCTGGGGAAATGATTGCC,4,4213894
yadE_predicted,0.8421052631578947,33,18,CGGCCTACCCAGAAGCGAGT,15,4218383
yadE_predicted,0.15789473684210525,20,18,CGCTATTCTATCTGCAAGTT,2,4162213
yadE_predicted,0.10526315789473684,19,18,CGATGTTGGGAACCCGCGAG,1,4221198
yadE_predicted,24.0,473,18,CCTACGGCAAGGTGGCACTT,455,4175355
yadE_predicted,0.47368421052631576,26,18,CCGTTTCGGCCGTGGTCAAC,8,4212254
yadE_predicted,0.10526315789473684,19,18,CCGACTCCTTCAGTCCAGTA,1,4208514
yadE_predicted,41.0,796,18,CCCCCGCCGGTGCACACAGG,778,4185905
yadE_predicted,0.15789473684210525,20,18,CATTCTGCGGATGCCAGTCA,2,4196661
yadE_predicted,0.10526315789473684,19,18,CATGGCTGTACGTTATGCGC,1,4189106
yadE_predicted,0.21052631578947367,21,18,CACGAACGGAAGTAGATAAT,3,4193474
yadE_predicted,0.15789473684210525,20,18,CACCTCGTGTAAAGTATGAT,2,4168130
yadE_predicted,0.7894736842105263,32,18,CACCGTAGAGGAGTAGATTG,14,4204515
yadE_predicted,0.10526315789473684,19,18,CAATTACTACGGAATTCGTC,1,4208333
yadE_predicted,0.10526315789473684,19,18,CAATGAGCTTTTGTCGCTCC,1,4181367
yadE_predicted,0.10526315789473684,19,18,CAACGAACTTTTTATTCGGC,1,4220030
yadE_predicted,0.3684210526315789,24,18,CAAAGGCGGTAGTCTTGAGA,6,4213440
yadE_predicted,0.3157894736842105,23,18,ATTCTCGGATCCGGGGCGTT,5,4203241
yadE_predicted,0.3157894736842105,23,18,ATTATGACTAGGTACGTGCC,5,4239671
yadE_predicted,0.3684210526315789,24,18,ATGGCAGAGCCAAATCAAGG,6,4218211
yadE_predicted,3.0,74,18,ATGAAATTAGCACGACCCGT,56,4161383
yadE_predicted,0.15789473684210525,20,18,ATCCCTGGTCTTAGCTAGTC,2,4225433
yadE_predicted,0.15789473684210525,20,18,ATCATCATGTGTACCGGGCA,2,4185244
yadE_predicted,25.473684210526315,501,18,ATAGGTTTGTGTCTCCTGGG,483,4164239
yadE_predicted,0.21052631578947367,21,18,ATAGGAACTCTGATAACAGC,3,4205718
yadE_predicted,0.10526315789473684,19,18,ATAAGTAGGTGAGAGAGGTC,1,4225637
yadE_predicted,0.10526315789473684,19,18,AGGGTGTTATTTTTCAAACT,1,4172184
yadE_predicted,0.10526315789473684,19,18,AGCAGCTTAATTCCGCGGCA,1,4198462
yadE_predicted,0.10526315789473684,19,18,AGAAGTTTAGTAATATCCAA,1,4216690
yadE_predicted,0.15789473684210525,20,18,ACTGGTTTCGACACTCATCA,2,4226912
yadE_predicted,0.21052631578947367,21,18,ACGGATTAGTTAGATCATGG,3,4180089
yadE_predicted,0.10526315789473684,19,18,ACCTTTAAATGCCTCTTACG,1,4223162
yadE_predicted,0.21052631578947367,21,18,ACCGACCATTGACGCGGACA,3,4173191
yadE_predicted,8.052631578947368,170,18,AAGCTCACTTTTAAGGCATA,152,4174813
yadE_predicted,0.631578947368421,29,18,AAGACTCATCCTTACCGAGA,11,4231382
yadE_predicted,0.10526315789473684,19,18,AAATGATTCTGGGAGGGCAA,1,4183239
yadE_predicted,0.42105263157894735,25,18,AAAACTTGTACAACAGTGGT,7,4198543
yadE_predicted,0.16666666666666666,19,17,TTTTTGGAGTGGGTCCACAT,2,4186475
yadE_predicted,0.16666666666666666,19,17,TTTTGGAAATGGACCACTTT,2,4168757
yadE_predicted,0.1111111111111111,18,17,TTGGCGTGCGATGATCCTTC,1,4201895
yadE_predicted,0.1111111111111111,18,17,TTGCAACTCTCTCACTAGGT,1,4181659
yadE_predicted,0.2222222222222222,20,17,TTGAGGGCGTATTACACAAA,3,4210574
yadE_predicted,0.3333333333333333,22,17,TTCCGGAAATGCAACATTTT,5,4229347
yadE_predicted,0.16666666666666666,19,17,TTAAGTCGGGCGCCGTGCGT,2,4172392
yadE_predicted,0.6111111111111112,27,17,TGTGAAAGAATACTATAAAG,10,4238858
yadE_predicted,0.1111111111111111,18,17,TGTACGGTGTAGTGACATTC,1,4232001
yadE_predicted,0.16666666666666666,19,17,TGGTTTTTTTCTCCATTAGG,2,4165270
yadE_predicted,0.5,25,17,TGGGATGATATATCATCCAC,8,4193520
yadE_predicted,0.3333333333333333,22,17,TGGCATATCAGAATTCATGA,5,4203576
yadE_predicted,0.1111111111111111,18,17,TGGATTTATCGCGTTCGCAT,1,4208458
yadE_predicted,0.1111111111111111,18,17,TGCTTCGAGCCTTACACTTT,1,4170834
yadE_predicted,0.1111111111111111,18,17,TGAGCCGTACGACACTCACA,1,4179144
yadE_predicted,0.2222222222222222,20,17,TGACGGGCTTCGACCCGATC,3,4185022
yadE_predicted,0.2222222222222222,20,17,TGAATTTCGGCCTGTGTCAT,3,4186700
yadE_predicted,27.944444444444443,519,17,TCCTTGCTGGCGCTATTTAA,502,4177038
yadE_predicted,22.61111111111111,423,17,TCCTACACCTATCCAGTCCT,406,4215428
yadE_predicted,0.1111111111111111,18,17,TCACTACGTACACGTAAATC,1,4241130
yadE_predicted,29.88888888888889,554,17,TCAACTTTGAGAGCTATTGT,537,4176553
yadE_predicted,0.3333333333333333,22,17,TATTTTCCGTTTTTGCAACA,5,4220911
yadE_predicted,0.2222222222222222,20,17,TATTCATATCGACAAAGGGT,3,4181512
yadE_predicted,0.1111111111111111,18,17,TACGAGGCTTCGATGGTTCA,1,4160547
yadE_predicted,0.1111111111111111,18,17,TAAATCACCATGCTGCCCAC,1,4219254
yadE_predicted,0.1111111111111111,18,17,GTGTGGAGGTGAACCTGAGA,1,4229453
yadE_predicted,1.0,34,17,GTGCGAGGCTACTACTTTTA,17,4172084
yadE_predicted,0.6111111111111112,27,17,GTCAGGCGGAGCGGGCACCT,10,4207217
yadE_predicted,0.1111111111111111,18,17,GTATTACCTAGGTGGTCGTA,1,4216761
yadE_predicted,0.4444444444444444,24,17,GTATATATCATTCATTAGTC,7,4165910
yadE_predicted,0.1111111111111111,18,17,GTACTATCCCAGCTAATGTT,1,4174898
yadE_predicted,0.2222222222222222,20,17,GTACCCGAGTAGAACGTTCT,3,4178322
yadE_predicted,0.1111111111111111,18,17,GGTAGTCATAGTCCCTGTCT,1,4196738
yadE_predicted,0.1111111111111111,18,17,GGGGACACTAACGCAAGGTC,1,4192534
yadE_predicted,0.16666666666666666,19,17,GGCTTAGTAGTTAAGAGCTC,2,4188151
yadE_predicted,0.1111111111111111,18,17,GGAAATTACACCCGCCCGCG,1,4163051
yadE_predicted,0.16666666666666666,19,17,GCGTTAGGGTTAGCCGACTA,2,4162726
yadE_predicted,0.16666666666666666,19,17,GCGTGAGTAAAGCAGCTAAT,2,4235362
yadE_predicted,0.3888888888888889,23,17,GCGGACCGCTCTTTTTATTT,6,4215287
yadE_predicted,0.1111111111111111,18,17,GCCACCTGATGTTCGGCTCA,1,4181840
yadE_predicted,0.16666666666666666,19,17,GCAGTGCAACTATTCGTATG,2,4175416
yadE_predicted,0.3333333333333333,22,17,GCACAAGTAACGTGCTCTTA,5,4200084
yadE_predicted,0.2777777777777778,21,17,GATTAGTGTCAGCTCCTGAA,4,4208708
yadE_predicted,0.1111111111111111,18,17,GATCACTGGGCAATAGGACG,1,4173846
yadE_predicted,0.1111111111111111,18,17,GAGAGGCCCTCCAGTCATGT,1,4165400
yadE_predicted,0.2777777777777778,21,17,GAGAACGTGCAATTAGGGCA,4,4171566
yadE_predicted,0.3888888888888889,23,17,GAATAGGATTTATGTTTAAT,6,4199403
yadE_predicted,0.2777777777777778,21,17,CTTCAATCGGAACTAGCCGG,4,4189023
yadE_predicted,0.1111111111111111,18,17,CTAGGTGACAAGTCCGCCAG,1,4172185
yadE_predicted,0.4444444444444444,24,17,CTAAGGCAATGGTTTTTGGT,7,4170053
yadE_predicted,0.1111111111111111,18,17,CGTTTGTGAGTTACTGCGCG,1,4198933
yadE_predicted,0.1111111111111111,18,17,CGTTTCTATGCGAACGAAGG,1,4210340
yadE_predicted,0.16666666666666666,19,17,CGTAGATTACTATGTAATAA,2,4218568
yadE_predicted,0.4444444444444444,24,17,CGCGTGTACTTGCTGATACT,7,4188369
yadE_predicted,0.1111111111111111,18,17,CGCGCCGATTTTACAGGACG,1,4229969
yadE_predicted,0.16666666666666666,19,17,CGATGTTGTATACGGTGCAA,2,4179198
yadE_predicted,0.2222222222222222,20,17,CCTCCTTAGTCGGACAACCA,3,4191639
yadE_predicted,0.1111111111111111,18,17,CCGTGTAACCACTGGAGCGT,1,4160861
yadE_predicted,0.1111111111111111,18,17,CCGGTTGTGGGAAAGTCATC,1,4218218
yadE_predicted,0.2777777777777778,21,17,CCGCCTTGGACGATAGCCTA,4,4212445
yadE_predicted,8.166666666666666,163,17,CCGATTATTGCGTCTTGCGC,146,4232790
yadE_predicted,0.5,25,17,CCCTAATGCCGGGCAGCCGA,8,4189053
yadE_predicted,0.1111111111111111,18,17,CCCGCCATCTTGGTGACGAT,1,4183899
yadE_predicted,6.388888888888889,131,17,CCCCTTTAACATAAGTCCAC,114,4190675
yadE_predicted,0.16666666666666666,19,17,CCACTGTGAACCAAAAACGC,2,4210855
yadE_predicted,0.16666666666666666,19,17,CATTTCTTGACTAATCAAAA,2,4231996
yadE_predicted,0.2777777777777778,21,17,CAGCGTGGTAACGGAGTAAC,4,4207152
yadE_predicted,0.1111111111111111,18,17,CAGCGGGCCAAGCATCACTC,1,4237099
yadE_predicted,0.3888888888888889,23,17,CAGAGACCAATTTTTTGGTT,6,4165632
yadE_predicted,0.3888888888888889,23,17,CACGGGAGACAGCGTACTGG,6,4192635
yadE_predicted,0.2777777777777778,21,17,CACCTCTTAAACACAGTGTT,4,4214528
yadE_predicted,0.1111111111111111,18,17,CACAGTTGGTTAATAGACGG,1,4178480
yadE_predicted,0.1111111111111111,18,17,CAAGGTCACATCTCAACCAT,1,4235553
yadE_predicted,0.1111111111111111,18,17,CAAGGCTCGGCGCTTTATCC,1,4200324
yadE_predicted,0.1111111111111111,18,17,CAACAATGGATGAGGTTATA,1,4224832
yadE_predicted,0.2777777777777778,21,17,ATTCGCTGGAACGCGCGTTC,4,4234938
yadE_predicted,0.2777777777777778,21,17,ATTAATAAACCACACCACAC,4,4229771
yadE_predicted,0.1111111111111111,18,17,ATGGAAACCAGGAATAGCCT,1,4219954
yadE_predicted,0.1111111111111111,18,17,ATGACACACGGTGAAGACAT,1,4229591
yadE_predicted,0.7222222222222222,29,17,ATGAATATCTGCGCCAGAAC,12,4160583
yadE_predicted,0.16666666666666666,19,17,AGCGACGGTAGCAGGACGAG,2,4173109
yadE_predicted,0.5,25,17,AGCCCTGTGCTACGATTCAA,8,4236355
yadE_predicted,0.1111111111111111,18,17,AGATTTAGTACACACCGCAA,1,4229072
yadE_predicted,0.1111111111111111,18,17,AGATGGTCGCGGAAGTGGAC,1,4208341
yadE_predicted,0.1111111111111111,18,17,AGAGCCTAGACGTGTAGTAC,1,4197292
yadE_predicted,0.2777777777777778,21,17,ACTTCGAGTTAAGTATCAAA,4,4215298
yadE_predicted,0.2777777777777778,21,17,ACTCGGGCAGCCGGCGCGTC,4,4187328
yadE_predicted,0.2222222222222222,20,17,ACTCGCAGTTGTGGGACGCA,3,4214929
yadE_predicted,11.222222222222221,218,17,ACGTGTTCCAGCGGTCGTCC,201,4190256
yadE_predicted,0.16666666666666666,19,17,ACGCAGCAGATTTTTCCCTC,2,4169328
yadE_predicted,17.77777777777778,336,17,ACCAGCCGGTGAAGTTCACC,319,4184967
yadE_predicted,0.5555555555555556,26,17,AACGCACCATTACACAGATA,9,4231998
yadE_predicted,0.1111111111111111,18,17,AACACTGATAAAGCACTGCC,1,4181890
yadE_predicted,0.1111111111111111,18,17,AAAGCGTGAGTGCCGGCAGA,1,4208364
yadE_predicted,17.055555555555557,323,17,AAAGAGGAGTGAGAATCGCA,306,4170217
yadE_predicted,0.1111111111111111,18,17,AAAATTTTCTTCAAGCAAGC,1,4230118
yadE_predicted,0.11764705882352941,17,16,TTTAGACAAGCGTGTTGATC,1,4177459
yadE_predicted,0.23529411764705882,19,16,TTTAACGGTTGCCCCGCGCG,3,4222497
yadE_predicted,5.0588235294117645,101,16,TTGTATGCTGGCCTAGAGAT,85,4208136
yadE_predicted,0.11764705882352941,17,16,TTGGGGTAGCTTAGCGTGAA,1,4227248
yadE_predicted,0.11764705882352941,17,16,TTGCGAGCGATTTCTGTTTG,1,4185821
yadE_predicted,0.11764705882352941,17,16,TTCGGCCGGCCTAGCGAGAC,1,4197985
yadE_predicted,0.23529411764705882,19,16,TTCCAGTACGAAAGATCCTA,3,4206894
yadE_predicted,0.11764705882352941,17,16,TTCATTTGGCTCAGATAGTT,1,4169457
yadE_predicted,0.6470588235294118,26,16,TTAACGGACGGTGTTTGGCT,10,4233115
yadE_predicted,0.11764705882352941,17,16,TTAAAGCAGGCGGGTTAATC,1,4189024
yadE_predicted,0.17647058823529413,18,16,TGTGTGGGCTCGAGCGCCCA,2,4213365
yadE_predicted,0.11764705882352941,17,16,TGCGACCAGGCGAGATAGGC,1,4169688
yadE_predicted,0.11764705882352941,17,16,TCTTGCAGGGGCGTTTAGGA,1,4188143
yadE_predicted,0.17647058823529413,18,16,TCTGGCCTGACCGCGACCCT,2,4230736
yadE_predicted,6.176470588235294,120,16,TCTGCACAGTGATCAGTTGG,104,4214005
yadE_predicted,0.47058823529411764,23,16,TCGGAACTCAATCCCAACGC,7,4163057
yadE_predicted,0.11764705882352941,17,16,TCGCAGTTGCCGATTAGAGC,1,4221614
yadE_predicted,10.705882352941176,197,16,TCCTCTGACCTTTTCCCTCT,181,4202344
yadE_predicted,0.11764705882352941,17,16,TCAGGCATCGAAATGGTCAT,1,4169798
yadE_predicted,0.23529411764705882,19,16,TCAGGAGGCCAATTGGCTAA,3,4178878
yadE_predicted,0.17647058823529413,18,16,TATTTGAGCTCGTGGGTCTA,2,4180956
yadE_predicted,0.23529411764705882,19,16,TAGTAATTAATAAACAGTAA,3,4224612
yadE_predicted,0.11764705882352941,17,16,TAGGCGCGTTGACACCGAGA,1,4189893
yadE_predicted,0.17647058823529413,18,16,TAGAGTTCTCCCCCCAACTC,2,4179402
yadE_predicted,0.11764705882352941,17,16,TACTTGCATTAGATGGGCTA,1,4165277
yadE_predicted,0.35294117647058826,21,16,TACGTCTGGCTTCGTCCGCA,5,4170492
yadE_predicted,0.17647058823529413,18,16,TACGAGACAGTAAGTACATG,2,4213632
yadE_predicted,0.11764705882352941,17,16,TACAGTGATAAGTGGAATTG,1,4220732
yadE_predicted,0.11764705882352941,17,16,GTTGCTATGATATGAGCATG,1,4201651
yadE_predicted,0.17647058823529413,18,16,GTGGAGGGCCACTTGTGTCG,2,4204305
yadE_predicted,0.11764705882352941,17,16,GTCGGCGCTTCGTGCGTCTA,1,4194006
yadE_predicted,0.11764705882352941,17,16,GTAATAGTTATGTCATTATC,1,4185208
yadE_predicted,0.17647058823529413,18,16,GGTATTTGAAGAGACGCCAT,2,4160445
yadE_predicted,0.11764705882352941,17,16,GGTACGAGTTGATATACATA,1,4175018
yadE_predicted,0.11764705882352941,17,16,GGAGGCACACGTGTGGCCTT,1,4222438
yadE_predicted,0.23529411764705882,19,16,GGACCACTCCCAGAACTGTA,3,4205592
yadE_predicted,0.8235294117647058,29,16,GGACAAGCGCGTGGCTGGTT,13,4191430
yadE_predicted,0.6470588235294118,26,16,GCGTGAGGGTATATCGATTA,10,4195754
yadE_predicted,0.47058823529411764,23,16,GCGAGGTTGTTCATGACAAG,7,4212170
yadE_predicted,0.17647058823529413,18,16,GCCTATTTGATATCATGGCT,2,4183076
yadE_predicted,0.11764705882352941,17,16,GCCCCTCCGGTGCACCTCGT,1,4175741
yadE_predicted,0.4117647058823529,22,16,GCAGGATTAATATCCGGATT,6,4176343
yadE_predicted,0.23529411764705882,19,16,GAGAACCTGGCCTTATACAT,3,4186024
yadE_predicted,0.29411764705882354,20,16,GACGAATAATAATCCTTGTT,4,4168037
yadE_predicted,0.11764705882352941,17,16,GACACCTAGGTCCACTGTTA,1,4198075
yadE_predicted,0.17647058823529413,18,16,GAACAGGGTCGTGGCTGCTG,2,4173069
yadE_predicted,0.35294117647058826,21,16,GAAAGACACGCACAGAAAGA,5,4206686
yadE_predicted,0.11764705882352941,17,16,CTTTCTGATTTAGGAGCTCT,1,4167632
yadE_predicted,0.29411764705882354,20,16,CTTGACTAGGATCTTGGGTC,4,4203223
yadE_predicted,0.11764705882352941,17,16,CTTATTCGGGACTGTCATCT,1,4167690
yadE_predicted,0.17647058823529413,18,16,CTCTATCTGTGCTCAACCTA,2,4234982
yadE_predicted,0.4117647058823529,22,16,CTCAGTGTCCCTGCGCGTCA,6,4176101
yadE_predicted,0.11764705882352941,17,16,CGTTGTCAGGGCGGTTAATA,1,4205945
yadE_predicted,0.17647058823529413,18,16,CGTATTAGGGAGACCCATCC,2,4174338
yadE_predicted,0.29411764705882354,20,16,CGGGCATCTACTGTGGCCAT,4,4161076
yadE_predicted,0.11764705882352941,17,16,CGGCAAGACGGGGCGATGGG,1,4220873
yadE_predicted,0.11764705882352941,17,16,CGCTTTGCGGACTTCCGGGA,1,4161713
yadE_predicted,0.11764705882352941,17,16,CGCGTTTTACAAGCGGCTGG,1,4166347
yadE_predicted,0.17647058823529413,18,16,CGCGTTCGAGACTGGTGTAA,2,4207830
yadE_predicted,0.4117647058823529,22,16,CGCCAGGTCACAGATTCGGA,6,4228216
yadE_predicted,0.29411764705882354,20,16,CGCACTTAGGCTCCAGTTGC,4,4159908
yadE_predicted,0.5294117647058824,24,16,CGAGGACCTGCAAGCACGGT,8,4209812
yadE_predicted,35.470588235294116,618,16,CGACGCGGAACTGTTCTTTG,602,4224125
yadE_predicted,0.17647058823529413,18,16,CCTTTTGACGTTAGGTTGAG,2,4226171
yadE_predicted,0.17647058823529413,18,16,CCTGTGCCAGCGTTCATCGT,2,4238923
yadE_predicted,0.17647058823529413,18,16,CCTCGGGCGTGAGAACCGTT,2,4159979
yadE_predicted,0.23529411764705882,19,16,CCTACGAGCACCTGTAGAAC,3,4230302
yadE_predicted,0.11764705882352941,17,16,CCGATCGGCGTACAAAAATA,1,4223680
yadE_predicted,0.11764705882352941,17,16,CCCTGCGACCGGCCACCAAA,1,4195886
yadE_predicted,0.11764705882352941,17,16,CCAGCGGCAGCCGCTCGAAA,1,4185622
yadE_predicted,34.76470588235294,606,16,CCAAAGTCATACTGGTCGTT,590,4178305
yadE_predicted,0.17647058823529413,18,16,CATGAGCCTCAAGACTCCCC,2,4161254
yadE_predicted,0.23529411764705882,19,16,CAGGACCAGAACCTGAAGTT,3,4231772
yadE_predicted,0.11764705882352941,17,16,CAGAGAAAATGCGGCTAAAC,1,4164945
yadE_predicted,0.11764705882352941,17,16,CACGCTACAAGTGGTTACCC,1,4234548
yadE_predicted,0.35294117647058826,21,16,CACGCCGCGCCTATTAAGTA,5,4195536
yadE_predicted,0.11764705882352941,17,16,CACCTCACCGCTCGCATAGG,1,4194485
yadE_predicted,0.11764705882352941,17,16,CAAGTGTTTCGGTTACCGGC,1,4235620
yadE_predicted,0.17647058823529413,18,16,CAACCGCAGCCCCGTGGATT,2,4180538
yadE_predicted,0.17647058823529413,18,16,ATTTTGAATTCCAGCTAGGA,2,4211282
yadE_predicted,1.0,32,16,ATTTTCCCTGAGGTTTAAGT,16,4177407
yadE_predicted,0.11764705882352941,17,16,ATTCGGAGCCCACCTATGCG,1,4215851
yadE_predicted,0.11764705882352941,17,16,ATTAGGGCCGAACTTGTATA,1,4232104
yadE_predicted,0.11764705882352941,17,16,ATGCTCCAAACCCCCATCGT,1,4229937
yadE_predicted,0.17647058823529413,18,16,ATCTAATAGCCAAGGCCAGA,2,4240229
yadE_predicted,16.58823529411765,297,16,ATCCTGATCATGTAGTCAGG,281,4232265
yadE_predicted,0.11764705882352941,17,16,ATCACCAGGCCAATCGCCAT,1,4202218
yadE_predicted,0.11764705882352941,17,16,ATATAAAAGACTCTCTTAAT,1,4221623
yadE_predicted,0.23529411764705882,19,16,ATACGGCGGCCCTCTAGGGG,3,4212999
yadE_predicted,0.11764705882352941,17,16,ATAAGTTCAAAGATCACCGT,1,4223426
yadE_predicted,27.764705882352942,487,16,AGTTGTACAGAAACGTCTCA,471,4165565
yadE_predicted,0.35294117647058826,21,16,AGGGCAGGACTGTCTTTTAA,5,4211681
yadE_predicted,0.29411764705882354,20,16,AGCGTGTGCAGGCTCACCAT,4,4205492
yadE_predicted,0.29411764705882354,20,16,AGCGGTCTCTGTTGTGGGAA,4,4182998
yadE_predicted,0.17647058823529413,18,16,AGCGCGAGACAGTTCATGAG,2,4165510
yadE_predicted,1.2941176470588236,37,16,AGCCGAGAAAGTTGCTTCAT,21,4221020
yadE_predicted,0.47058823529411764,23,16,AGAGAGTATGGCTCCCGCCA,7,4220972
yadE_predicted,0.11764705882352941,17,16,ACTTGTGTCAGTGGAACGAA,1,4178806
yadE_predicted,0.17647058823529413,18,16,ACTTACAGATGAGGGACGCG,2,4192338
yadE_predicted,0.17647058823529413,18,16,ACTGCTAATATGTGTTTGGA,2,4234077
yadE_predicted,0.11764705882352941,17,16,ACGTTTTGTCGGAGATTGGG,1,4176001
yadE_predicted,15.882352941176471,285,16,ACGGAGGTTTAGGCGACCAG,269,4171684
yadE_predicted,0.11764705882352941,17,16,ACGATCCGGAACTAGATAGG,1,4240367
yadE_predicted,0.11764705882352941,17,16,ACATAGCTCATGACACTCAG,1,4231458
yadE_predicted,0.11764705882352941,17,16,AAGGTTAGTGACAGCAGTCC,1,4207565
yadE_predicted,0.29411764705882354,20,16,AAGCCTAGACTGGTAAACGT,4,4209440
yadE_predicted,0.5294117647058824,24,16,AAGCCAAATCGGAGTATGAC,8,4239324
yadE_predicted,0.35294117647058826,21,16,AACTATGAGGGTAGGGAGTC,5,4212685
yadE_predicted,34.8235294117647,607,16,AACATCCACGCCTAACGGTG,591,4164972
yadE_predicted,0.17647058823529413,18,16,AAACGTCATCCGTATCGAGT,2,4161252
yadE_predicted,0.25,18,15,TTTCGCAGAGGGGCTATCCG,3,4165754
yadE_predicted,0.3125,19,15,TTTAAGCCCTAAACCTGTCT,4,4182792
yadE_predicted,0.25,18,15,TTGGTGCTTCCTGCCATGGA,3,4197335
yadE_predicted,0.125,16,15,TTGCAACTATTTGCGAGACG,1,4232103
yadE_predicted,20.5,342,15,TTCAGCCCAGCTACTGGTGT,327,4173824
yadE_predicted,0.125,16,15,TTATCATTTGTAGTCAGCTC,1,4216062
yadE_predicted,0.1875,17,15,TTAGTGTTAGCCTCCGTCGT,2,4183727
yadE_predicted,0.125,16,15,TTACAGCACCGTTCGCCCAA,1,4173408
yadE_predicted,0.3125,19,15,TGTCGGTGGGGAATATTATG,4,4187863
yadE_predicted,0.125,16,15,TGTCCCACGTCATTCACGTT,1,4200045
yadE_predicted,0.125,16,15,TGTCAGGCTGTAACATAAGT,1,4224942
yadE_predicted,0.125,16,15,TGGCGGGCGTCTATGCACCA,1,4208046
yadE_predicted,39.0,638,15,TGCTCACAATGGGCAAGGGC,623,4216755
yadE_predicted,0.5625,23,15,TGCGGCTCTAATTGGGCACG,8,4192535
yadE_predicted,0.3125,19,15,TGATGTGCGTGCCCGCGTCT,4,4172252
yadE_predicted,0.625,24,15,TGATCCCCTGCACGGGCCTA,9,4162853
yadE_predicted,0.125,16,15,TCTCCCAGGCAGTATGAAGG,1,4162595
yadE_predicted,0.25,18,15,TCGGGCCTGATGAGCGGAAC,3,4219952
yadE_predicted,0.125,16,15,TCGGGAAACTCTTCAAGCTA,1,4179155
yadE_predicted,0.125,16,15,TCGCCAAGTGCGACATTGTA,1,4232210
yadE_predicted,0.1875,17,15,TCCCTGCATTATTTTCCGAA,2,4171384
yadE_predicted,57.125,928,15,TCATGGAAGTTGACCTGACT,913,4189766
yadE_predicted,47.125,768,15,TAGGAAGGCGGACTAACTCT,753,4176104
yadE_predicted,0.625,24,15,TAGCACGAGAAATGCAAGTA,9,4218347
yadE_predicted,0.125,16,15,TACCGCCGTGAGCCTGGCTG,1,4179381
yadE_predicted,0.125,16,15,TAAGCCTTAGTTGCGTTTTT,1,4205015
yadE_predicted,0.25,18,15,TAAAGCTCTTAAGCGCCCTC,3,4235981
yadE_predicted,0.125,16,15,GTTTTATGCGTTAGAAAGGC,1,4177486
yadE_predicted,0.1875,17,15,GTTCGCCAAGTTTTCCAGGA,2,4239208
yadE_predicted,0.1875,17,15,GTGTAGATCAATCGTGCTGC,2,4163473
yadE_predicted,30.625,504,15,GTGAGGCTATACCGACTCCA,489,4165753
yadE_predicted,0.125,16,15,GTCTAGCAGGTTGTGTGAGT,1,4235018
yadE_predicted,0.125,16,15,GTCTACTCTGCTGGGGCAGC,1,4189471
yadE_predicted,0.125,16,15,GTCGTAGACGCAGCTCGTTT,1,4166683
yadE_predicted,0.3125,19,15,GTCGCGTTTCTGGTATTCGA,4,4165383
yadE_predicted,0.1875,17,15,GTCATGGTTGGGAACTTTTC,2,4230922
yadE_predicted,0.375,20,15,GTCATCTGGTTTATATCTCC,5,4177167
yadE_predicted,0.4375,21,15,GTCAATGTCGTACTATTAAG,6,4211824
yadE_predicted,0.1875,17,15,GTATACTGTCTCCGGAGAAA,2,4199263
yadE_predicted,0.8125,27,15,GTAGACTATTTTGTATGGTC,12,4208495
yadE_predicted,0.125,16,15,GGTTTAACCGCATCAATGCT,1,4192774
yadE_predicted,0.1875,17,15,GGTGAGTGCGGACTTAACGA,2,4227094
yadE_predicted,0.125,16,15,GGTCAAGCCTCAAGACGACA,1,4202899
yadE_predicted,0.1875,17,15,GGGAGGTGGAATCTCGGTGC,2,4193233
yadE_predicted,0.3125,19,15,GGCGGTATAGGCTGAAGAAG,4,4194729
yadE_predicted,0.25,18,15,GGATGGACATCTAGGCTTCA,3,4199877
yadE_predicted,0.125,16,15,GGACACTATCACGTCAAGCA,1,4218453
yadE_predicted,0.125,16,15,GCTTAGATCAGTTCACAAAC,1,4196720
yadE_predicted,0.125,16,15,GCTGTACCGGGGGTACGCGT,1,4213810
yadE_predicted,51.1875,833,15,GCGTAAACCTCCTTTATGGT,818,4170014
yadE_predicted,0.125,16,15,GCGCATAAAAAACTCCGGAA,1,4161733
yadE_predicted,43.9375,717,15,GCGAATGTCACAAGCGTCCA,702,4184180
yadE_predicted,0.1875,17,15,GCCGGTTTAGCATACCGCGT,2,4223522
yadE_predicted,0.125,16,15,GCCACCTCAGCGTTAGGGCT,1,4161060
yadE_predicted,0.125,16,15,GCATTTGGTGAAGAGTGTAG,1,4162504
yadE_predicted,0.125,16,15,GCACGGACACTCACACTCAC,1,4198948
yadE_predicted,0.125,16,15,GAGAAATAATCTAAGACGAG,1,4191142
yadE_predicted,0.125,16,15,GACTCTGCATGAGTTTTGAA,1,4220102
yadE_predicted,14.1875,241,15,CTTCGCGGAAAGAAAAACCT,226,4198673
yadE_predicted,0.25,18,15,CTTAGAGGTAGCATATATCA,3,4210597
yadE_predicted,0.1875,17,15,CTGTGTCTAGAATAGTCGTG,2,4177396
yadE_predicted,0.125,16,15,CTGTGACGGAAAGCCTTTAG,1,4167397
yadE_predicted,13.6875,233,15,CTCCTGACGAGAATGCATTT,218,4186106
yadE_predicted,0.3125,19,15,CTCCAATCGTGAACTTGTCG,4,4239218
yadE_predicted,0.3125,19,15,CTCACGCCGATATAAATTAC,4,4184455
yadE_predicted,0.375,20,15,CTAGTACGCATAGCAGGTGT,5,4235991
yadE_predicted,0.125,16,15,CTACATGTTTTTTGCTTGAC,1,4217028
yadE_predicted,0.125,16,15,CGTTTACACCGGTTGAGCAA,1,4238889
yadE_predicted,0.125,16,15,CGGTTTACCCAAAACCTCTA,1,4230955
yadE_predicted,0.5625,23,15,CGGTAGCGACTCCTGGTCAC,8,4230203
yadE_predicted,0.3125,19,15,CGCGGCGCTATGTACCCGTG,4,4222394
yadE_predicted,0.75,26,15,CGCCGGGAGACCATACGGAT,11,4219025
yadE_predicted,0.125,16,15,CGAGCAGTAGTGCGAGTTAA,1,4231271
yadE_predicted,0.1875,17,15,CGACTAAACGCTCTGATATC,2,4166437
yadE_predicted,0.25,18,15,CGACATCTAAGGCTCGGGAA,3,4214064
yadE_predicted,42.0,686,15,CGAAGTATAGAGGATCTGAT,671,4207362
yadE_predicted,0.25,18,15,CGAACGTGGATATACTGGAC,3,4174880
yadE_predicted,0.75,26,15,CCTAGCCTTGAGTCCTTTAC,11,4215886
yadE_predicted,0.125,16,15,CCGTCGGGGAATGTCCCGGA,1,4189108
yadE_predicted,0.125,16,15,CCGCAAGTTAGAACTTTACA,1,4162461
yadE_predicted,0.125,16,15,CCCTGGGGTTCTGTTACAAC,1,4233221
yadE_predicted,0.125,16,15,CCCTGCCAACGCGGCTGTGA,1,4166755
yadE_predicted,0.125,16,15,CCCGCATATTCTCTTCAGCA,1,4211287
yadE_predicted,39.6875,649,15,CCCCCAAGCCTCCATTAGTG,634,4224848
yadE_predicted,0.125,16,15,CCAAAGCATAACCAACGAAT,1,4176933
yadE_predicted,0.125,16,15,CCAAACTTGATCAGTAGTAG,1,4223313
yadE_predicted,0.125,16,15,CATGGAATCCCGGTTATTTC,1,4208717
yadE_predicted,0.1875,17,15,CATATCCTTGGGTTCCTATC,2,4171750
yadE_predicted,0.25,18,15,CAGTCTTGGGGTTCGCAAAA,3,4227054
yadE_predicted,0.5,22,15,CAGCCGTGTAGACCCCACCT,7,4205270
yadE_predicted,0.8125,27,15,CACTCCAAGGCGAGTCCCAG,12,4206414
yadE_predicted,0.1875,17,15,CACACAAGTAAACGGTAGAT,2,4213317
yadE_predicted,0.1875,17,15,CAACTCCGTGGCTCGAAATA,2,4170889
yadE_predicted,0.375,20,15,CAAATCCGATGGACCGCATG,5,4177401
yadE_predicted,0.125,16,15,CAAAGAACTGTCTTTCAAAT,1,4227597
yadE_predicted,0.125,16,15,ATTGAGGGGATAGCGTGTTA,1,4209444
yadE_predicted,18.875,316,15,ATCGGATCATAAGTAAATCA,301,4176043
yadE_predicted,0.375,20,15,ATCCGGGTGATGTTTGACAA,5,4181183
yadE_predicted,34.3125,563,15,ATCAATTCTACTGATCCATT,548,4175932
yadE_predicted,0.1875,17,15,ATAGTGCGGGGTATTCCCCT,2,4177960
yadE_predicted,0.5,22,15,AGTTTGCGCGTGTCGTAATC,7,4234360
yadE_predicted,0.125,16,15,AGGGTAAATATTCGTCGCAT,1,4211572
yadE_predicted,0.125,16,15,AGGACAATAAATTCAACAGC,1,4199333
yadE_predicted,0.1875,17,15,AGCTGACGATCAGTAATCAC,2,4195500
yadE_predicted,28.6875,473,15,AGCGATCGCGTTCTCAATGA,458,4210249
yadE_predicted,58.375,948,15,AGAGGGAAGCCAGCCCGGAC,933,4218573
yadE_predicted,0.125,16,15,ACTTACTTAGTCCTCTCGGA,1,4177031
yadE_predicted,0.9375,29,15,ACTGGTTATCTCGTACGTGA,14,4213170
yadE_predicted,0.125,16,15,ACTATATGGCAATATACCCA,1,4236783
yadE_predicted,0.125,16,15,ACTAGACCTAAGCCCTCGAA,1,4228103
yadE_predicted,0.125,16,15,ACGCTCCGAGTGATGCAGGC,1,4236021
yadE_predicted,0.25,18,15,ACCTATACGCCTTCTTCAGG,3,4164240
yadE_predicted,0.25,18,15,ACCGAATGCACGCGGGAGAG,3,4239119
yadE_predicted,0.1875,17,15,ACCAAATACCCAAGCACATT,2,4164396
yadE_predicted,0.125,16,15,ACAGCAGTACACCCTTACTC,1,4206529
yadE_predicted,0.125,16,15,AATCTTAGCCGGAACAATCG,1,4168087
yadE_predicted,0.3125,19,15,AACTATCCATATTCTATGAC,4,4225848
yadE_predicted,27.75,458,15,AACTAGAGGGCAGTTTTTTA,443,4220168
yadE_predicted,0.125,16,15,AACGCCGCCGGTGACCCTTA,1,4215252
yadE_predicted,0.5625,23,15,AACCAGGGAGGAGGACCACG,8,4208530
yadE_predicted,0.875,28,15,AAAAGCACTTTGCTACACGC,13,4186451
yadE_predicted,0.26666666666666666,17,14,TTGCGTTGGCAAGATACTCT,3,4209941
yadE_predicted,0.26666666666666666,17,14,TTGATTGCCCGTGCACGTGA,3,4225369
yadE_predicted,0.6666666666666666,23,14,TTAGGCCTAGTACAAGGCCA,9,4203271
yadE_predicted,0.3333333333333333,18,14,TGTAACGTTCAAATTTTGAC,4,4197923
yadE_predicted,0.3333333333333333,18,14,TGGTTGCAACCGCGGGAATT,4,4231082
yadE_predicted,0.2,16,14,TGGTAATTGGTCAGGTGCTG,2,4165749
yadE_predicted,0.13333333333333333,15,14,TGGGGGGTCCGCACTGGGGG,1,4223641
yadE_predicted,0.2,16,14,TGGGCTGAATTTGGGGGGAA,2,4217224
yadE_predicted,57.733333333333334,879,14,TGCTCGGCCCTTGCGCGTAC,865,4224556
yadE_predicted,0.6666666666666666,23,14,TGCTACCCCGGGACTGCTTG,9,4234144
yadE_predicted,0.13333333333333333,15,14,TGCCGGTAATAATGAGATTA,1,4226453
yadE_predicted,0.13333333333333333,15,14,TCTAACAGGCCCCGCTATTA,1,4159895
yadE_predicted,0.13333333333333333,15,14,TCGGTCACTCGCTGGGAAAC,1,4196743
yadE_predicted,0.13333333333333333,15,14,TCATTGTGTGCGATCCGCAA,1,4239092
yadE_predicted,0.13333333333333333,15,14,TCAGGTTAATATATGGGCGT,1,4191195
yadE_predicted,0.4,19,14,TCAGACTCCAAGTTGAAACA,5,4192529
yadE_predicted,0.26666666666666666,17,14,TATCACTTCGGACTATGTCG,3,4166965
yadE_predicted,0.13333333333333333,15,14,TAGAATTCCCCGGTTTCTGA,1,4178797
yadE_predicted,0.13333333333333333,15,14,TAGAATACCGCACTATCCGA,1,4169598
yadE_predicted,0.13333333333333333,15,14,TAATACTAGACTGTATTCAT,1,4189237
yadE_predicted,0.13333333333333333,15,14,TAAGTTAGTGTTCTTAGTCT,1,4208650
yadE_predicted,0.13333333333333333,15,14,TAAACATGCTGAATGTCATT,1,4206594
yadE_predicted,0.6,22,14,TAAAAATCGGGGTCCGTCAC,8,4178084
yadE_predicted,0.13333333333333333,15,14,GTTTAGAATTAACCACATTA,1,4227643
yadE_predicted,0.13333333333333333,15,14,GTTTAAATCCACCCCACTTG,1,4230948
yadE_predicted,0.13333333333333333,15,14,GTTGGGGTAATAGACTGTTC,1,4168925
yadE_predicted,0.13333333333333333,15,14,GTTGGGGGACCGTCCATTAT,1,4160773
yadE_predicted,0.26666666666666666,17,14,GTTCTAGGGCGTGTCACAGT,3,4206945
yadE_predicted,0.26666666666666666,17,14,GTGTACTGACACTAGCGTGT,3,4188198
yadE_predicted,0.13333333333333333,15,14,GTGGTACCTATTCTTTCTTT,1,4233679
yadE_predicted,0.13333333333333333,15,14,GTCGCATCGACCCCCCAAGT,1,4193610
yadE_predicted,0.4666666666666667,20,14,GTATTTAAGTGTTTTGACAA,6,4234416
yadE_predicted,0.13333333333333333,15,14,GTATTGACACTTCCTCGTGA,1,4189589
yadE_predicted,0.2,16,14,GTAAGATGTCCGCTAATGAC,2,4169499
yadE_predicted,0.13333333333333333,15,14,GGTGTATTCCATGCAAGACA,1,4181462
yadE_predicted,0.4666666666666667,20,14,GGTACCGGCGCTTCTGCGCA,6,4204930
yadE_predicted,0.13333333333333333,15,14,GGGCTAGCCAGCCCTTCAAA,1,4197329
yadE_predicted,10.8,175,14,GGCCAGAGCTCGACGCCCGA,161,4223483
yadE_predicted,0.26666666666666666,17,14,GGCACCTGTTGCGTGTAATC,3,4216008
yadE_predicted,0.13333333333333333,15,14,GGAGGCTGCTGGTTGCATCG,1,4226182
yadE_predicted,0.13333333333333333,15,14,GGAATCATTGTAGACCTAGC,1,4186998
yadE_predicted,0.13333333333333333,15,14,GGAACCGCTAGTAAACTACG,1,4185096
yadE_predicted,0.8666666666666667,26,14,GCTGATCTCCGTTCGTACAG,12,4187440
yadE_predicted,0.13333333333333333,15,14,GCTCTCTTAGGCCCTCGTAA,1,4239705
yadE_predicted,0.9333333333333333,27,14,GCGCATTTTCACGCGCATAT,13,4160063
yadE_predicted,0.13333333333333333,15,14,GCCTCCTAGTCATTATCACG,1,4237752
yadE_predicted,0.26666666666666666,17,14,GCACATAGGCGGAGTAGTTG,3,4163116
yadE_predicted,0.26666666666666666,17,14,GATCAGTACAGCCAATTGAA,3,4173509
yadE_predicted,0.13333333333333333,15,14,GACGATATGGTCTTCCGGGA,1,4229084
yadE_predicted,0.4,19,14,GACACTCCAAGGTCGGACCT,5,4196338
yadE_predicted,68.26666666666667,1037,14,CTGTGAGTGTTTCCCGAACG,1023,4205019
yadE_predicted,0.6666666666666666,23,14,CTCGGCTCCAGAGCTCAGAG,9,4213359
yadE_predicted,0.13333333333333333,15,14,CTAGCTGACCGTTCTAAATA,1,4187592
yadE_predicted,0.13333333333333333,15,14,CTAAGAGGTCGTTGTTGCTG,1,4213563
yadE_predicted,0.13333333333333333,15,14,CGTCGGTCTGTTAAGCGGTT,1,4167687
yadE_predicted,0.13333333333333333,15,14,CGTCAGTAGAGAGAGCGGGC,1,4162851
yadE_predicted,0.2,16,14,CGGGAATCGCGGTGTACTAC,2,4235361
yadE_predicted,6.133333333333334,105,14,CGCTACGCCCCCCACCGGAT,91,4201293
yadE_predicted,63.53333333333333,966,14,CGCTAAAACCACGAGTGTTA,952,4182499
yadE_predicted,0.26666666666666666,17,14,CGCATGAAATTTGGCTCGAA,3,4177470
yadE_predicted,0.3333333333333333,18,14,CGACCAAAATAGGCAATGCT,4,4173659
yadE_predicted,0.2,16,14,CCTTGGTTGGAATAGATGGG,2,4213441
yadE_predicted,0.13333333333333333,15,14,CCTAGCTCATCGCCCACCAT,1,4193187
yadE_predicted,0.13333333333333333,15,14,CCGTACCCGCTGCCATGTGT,1,4233642
yadE_predicted,0.4,19,14,CCGGCACAAATCATCTCAGG,5,4162481
yadE_predicted,0.6666666666666666,23,14,CCCGGACAGGCGGCAATGTG,9,4165393
yadE_predicted,0.13333333333333333,15,14,CCCATTGGTAGGGGGGGCTT,1,4228881
yadE_predicted,0.2,16,14,CATGTCCCATTTAAGAAAAG,2,4231904
yadE_predicted,0.2,16,14,CAGTGGGACTTTATGCGCTA,2,4182799
yadE_predicted,0.13333333333333333,15,14,CAGCTTGAATTTTTGTCCAA,1,4195838
yadE_predicted,0.13333333333333333,15,14,CAGACCATATCGGGCAGTAC,1,4203084
yadE_predicted,0.2,16,14,CACTAGCCACAGAAATCTTT,2,4211252
yadE_predicted,0.13333333333333333,15,14,ATTCAGGATCGAATCCAGCA,1,4165389
yadE_predicted,0.13333333333333333,15,14,ATTAAAAGTGGAAAGTGTCT,1,4235606
yadE_predicted,49.666666666666664,758,14,ATGGAGCGGCCGACCCTGCG,744,4200880
yadE_predicted,0.3333333333333333,18,14,ATCTGGTTTCCCCAAAAATG,4,4240457
yadE_predicted,0.2,16,14,ATCCGACACAAACACATTTG,2,4171219
yadE_predicted,0.3333333333333333,18,14,AGTGGATTCGCAAACTTGTT,4,4171957
yadE_predicted,14.533333333333333,231,14,AGTCACTCACAAAGACGCAA,217,4226532
yadE_predicted,0.2,16,14,AGTAACTCGCGTAATGTTAG,2,4177646
yadE_predicted,0.2,16,14,AGCATTAGGCGATGTGGGTA,2,4225203
yadE_predicted,0.2,16,14,AGAGGACAGAAAAGGGCTAG,2,4168543
yadE_predicted,0.13333333333333333,15,14,AGACGTCGCGTTCCTCGGCA,1,4213798
yadE_predicted,0.13333333333333333,15,14,ACGTCTGAAGGATTCGCGTA,1,4190388
yadE_predicted,0.3333333333333333,18,14,ACGCGAGGGAAAATCGACCT,4,4215471
yadE_predicted,0.8,25,14,ACATAAAGCAGACCATGTTT,11,4171204
yadE_predicted,0.13333333333333333,15,14,AATTACGTCTGGGAAAGCTT,1,4223085
yadE_predicted,0.4666666666666667,20,14,AATGTTTGAATATAAATTTA,6,4190125
yadE_predicted,0.6,22,14,AATCTCTCTGTGGTTCCCGC,8,4191566
yadE_predicted,23.2,361,14,AATCCAGGTTTCACTGAGGT,347,4208954
yadE_predicted,0.13333333333333333,15,14,AAGCGGGTCGAGTTAGGTGA,1,4167350
yadE_predicted,0.13333333333333333,15,14,AACTTCGTCGCCATGGGATT,1,4170899
yadE_predicted,0.4666666666666667,20,14,AACAGCCAACATGTGGCGCC,6,4231326
yadE_predicted,0.14285714285714285,14,13,TTTCATGGATTCACTTGTGA,1,4163898
yadE_predicted,0.2857142857142857,16,13,TTTCACTTTGATGGTACCCG,3,4232032
yadE_predicted,58.5,831,13,TTTACGGGCGCCAACTGAGC,818,4217843
yadE_predicted,0.5714285714285714,20,13,TTGTTGATGTACCAATCCCT,7,4192724
yadE_predicted,0.35714285714285715,17,13,TTGGGCAATAACATGACAAT,4,4179879
yadE_predicted,0.14285714285714285,14,13,TTGGCCAGACGTGGAAGCCT,1,4231306
yadE_predicted,0.14285714285714285,14,13,TTGAAACAAACACTCAGGTT,1,4186246
yadE_predicted,0.14285714285714285,14,13,TTCAGTAATAGTTCATCACT,1,4180449
yadE_predicted,46.57142857142857,664,13,TGTATGAACTAAGATCTCGT,651,4214438
yadE_predicted,0.14285714285714285,14,13,TGGTATGGACCGCATAGCTT,1,4171550
yadE_predicted,0.2857142857142857,16,13,TGCATACATCGTACGTATAT,3,4191941
yadE_predicted,0.14285714285714285,14,13,TGAGCGGCCTCTCGGGTCCT,1,4215290
yadE_predicted,0.35714285714285715,17,13,TCTGAGCAATAAATCTTAGA,4,4234490
yadE_predicted,0.14285714285714285,14,13,TCTAGGTGGCACGCAGTGAT,1,4182808
yadE_predicted,0.14285714285714285,14,13,TCTACTGCCCTGGGACCCCG,1,4171656
yadE_predicted,0.21428571428571427,15,13,TCGGGATCTACTAAGCTTTG,2,4180687
yadE_predicted,0.21428571428571427,15,13,TCGAACACGCTAGCGGTGAA,2,4175546
yadE_predicted,0.14285714285714285,14,13,TCCTTTGCATCCAGCTGCAG,1,4193180
yadE_predicted,0.21428571428571427,15,13,TCCGGAAATGCCTGTTGCAT,2,4226280
yadE_predicted,0.42857142857142855,18,13,TAGCCGTCGTCAAGATCGAT,5,4177968
yadE_predicted,0.14285714285714285,14,13,TAGCCGGTATATTTGCCCTG,1,4184697
yadE_predicted,0.21428571428571427,15,13,TACATCGGGCGCCCCTTATA,2,4227142
yadE_predicted,0.14285714285714285,14,13,TAACGTCATGACCTCACTCC,1,4173888
yadE_predicted,0.14285714285714285,14,13,TAAAATAGAAAGCTGTTCCG,1,4165989
yadE_predicted,0.2857142857142857,16,13,GTTGGGACGGGGCCGTGGCA,3,4225891
yadE_predicted,0.2857142857142857,16,13,GTTGCTTCAGAGGCGCACCA,3,4218964
yadE_predicted,0.21428571428571427,15,13,GTTACATAGCCCTCCATGTG,2,4202056
yadE_predicted,0.6428571428571429,21,13,GTGCTGATGGTAACTAACTC,8,4172513
yadE_predicted,0.14285714285714285,14,13,GTGAGGCTTGACCGGGCATC,1,4205792
yadE_predicted,0.21428571428571427,15,13,GTGACAATGGATGCATCCGT,2,4229388
yadE_predicted,0.7857142857142857,23,13,GTCTCGGGGGTCAGATCGAT,10,4233677
yadE_predicted,0.42857142857142855,18,13,GTCTCACCAACCTTTGGTGT,5,4231786
yadE_predicted,0.5,19,13,GTCCACTTGGCTAAATCTGT,6,4175348
yadE_predicted,0.14285714285714285,14,13,GTCATGGGCACACTTGCTTT,1,4180048
yadE_predicted,0.14285714285714285,14,13,GTATCTGAGGTCACAATCCG,1,4237797
yadE_predicted,18.071428571428573,265,13,GGTGCCTAAGCAATCACGCG,252,4216106
yadE_predicted,0.42857142857142855,18,13,GGTGATTTTAACAGATGTAT,5,4187708
yadE_predicted,0.35714285714285715,17,13,GGTACAGACAGCTTGGAGGT,4,4224368
yadE_predicted,0.14285714285714285,14,13,GGGTCGATATAGTACGCAAT,1,4209824
yadE_predicted,0.35714285714285715,17,13,GGGGGCGGGCAAGAATCGTC,4,4205575
yadE_predicted,0.35714285714285715,17,13,GGGATTTTCTAAGACATCAA,4,4178256
yadE_predicted,0.14285714285714285,14,13,GGGAATGTTGTGTTCATCTC,1,4204908
yadE_predicted,0.21428571428571427,15,13,GGCTACGGGAATAGAAAATA,2,4190028
yadE_predicted,28.785714285714285,415,13,GGCTACAGGGAGTTCTGGGA,402,4238391
yadE_predicted,0.14285714285714285,14,13,GGCATCTAGTATGGAAGGTG,1,4186540
yadE_predicted,41.07142857142857,587,13,GGCACGAGAGATAAGGACCA,574,4201333
yadE_predicted,0.14285714285714285,14,13,GGAGTGATAGTCCAAATCAA,1,4222894
yadE_predicted,0.14285714285714285,14,13,GCGTGCTTGTAGATGGCGAA,1,4160858
yadE_predicted,0.14285714285714285,14,13,GCGGTTGTGGTAAAGTTACG,1,4168159
yadE_predicted,22.642857142857142,329,13,GCAGCTAGACCAGCATTGCA,316,4183507
yadE_predicted,0.2857142857142857,16,13,GCACGTGCGTGCGCCACATG,3,4221504
yadE_predicted,0.14285714285714285,14,13,GATTCAAACGACCAAACGCC,1,4220658
yadE_predicted,0.2857142857142857,16,13,GATGGTCCGCGACCGTCGTC,3,4182291
yadE_predicted,0.14285714285714285,14,13,GATGCGTCAGAGATATGCAG,1,4189596
yadE_predicted,0.14285714285714285,14,13,GACTGGGCTGGCTGTTGAGA,1,4175066
yadE_predicted,0.14285714285714285,14,13,GACGAGCAATTACTTCGGCC,1,4221139
yadE_predicted,0.14285714285714285,14,13,GAAGGTAATACTCCATCCAA,1,4210247
yadE_predicted,0.14285714285714285,14,13,CTTGCGTTTTATCAAGTAGG,1,4198376
yadE_predicted,0.5714285714285714,20,13,CTCTTCTTAGTGCGGCAAGG,7,4219646
yadE_predicted,0.14285714285714285,14,13,CTCGTTCTCTCAACCGTGTT,1,4239444
yadE_predicted,0.5,19,13,CTCGGTCATAGTAAGGTAAT,6,4170901
yadE_predicted,0.14285714285714285,14,13,CTCGGAGACATCCGACACTA,1,4224347
yadE_predicted,28.642857142857142,413,13,CTCGAAACCGCTGGTTAGTC,400,4196722
yadE_predicted,0.14285714285714285,14,13,CTCCTATCCGACGAGCAACG,1,4178704
yadE_predicted,0.42857142857142855,18,13,CGTATGAATCAACCTCGCGT,5,4211133
yadE_predicted,0.42857142857142855,18,13,CGTAAAAGGACTTCTCGCTC,5,4185415
yadE_predicted,0.35714285714285715,17,13,CGACAGAGCTGCTACTGGTG,4,4191605
yadE_predicted,11.857142857142858,178,13,CGACACATTTTACGGTACTA,165,4227076
yadE_predicted,0.14285714285714285,14,13,CCTCTAAGCAATGCGTACTA,1,4219104
yadE_predicted,0.42857142857142855,18,13,CCTATTCGGTTATCTTATGC,5,4165096
yadE_predicted,0.21428571428571427,15,13,CCATATCATGTTTCGCCTAG,2,4204527
yadE_predicted,0.35714285714285715,17,13,CCAGCCGCACTGTTATCAAA,4,4183437
yadE_predicted,0.21428571428571427,15,13,CCAAGCTCGGTTAGTATCGC,2,4205870
yadE_predicted,0.42857142857142855,18,13,CCAAACCAATTTCAAATCTC,5,4172270
yadE_predicted,0.14285714285714285,14,13,CATTGTCTTTCGACACCAAT,1,4233341
yadE_predicted,0.14285714285714285,14,13,CATTGCATCGCACGCGGCGA,1,4201088
yadE_predicted,0.6428571428571429,21,13,CATTCTTCACCCGATCCATA,8,4226460
yadE_predicted,0.14285714285714285,14,13,CATTCAAACGCAACCCGGAA,1,4161686
yadE_predicted,0.21428571428571427,15,13,CATCCCTCGAATTCTAGGCT,2,4236926
yadE_predicted,0.14285714285714285,14,13,CATCATGATGCTGTGCTTGT,1,4186355
yadE_predicted,0.14285714285714285,14,13,CATCACTTGCTGGGAGAGAC,1,4170792
yadE_predicted,0.21428571428571427,15,13,CATAATTAGACAATACGTAT,2,4224429
yadE_predicted,0.2857142857142857,16,13,CAATTAGATGGTAAACGGGT,3,4228764
yadE_predicted,0.14285714285714285,14,13,CAATCTTTCCGGCTCCCTCA,1,4187890
yadE_predicted,0.21428571428571427,15,13,CAAGCCCGTTCAGTGAATTT,2,4197671
yadE_predicted,0.2857142857142857,16,13,ATTTTGACACGGGGACACGG,3,4206840
yadE_predicted,0.14285714285714285,14,13,ATTTATTGCGCTCTGCAGAA,1,4222033
yadE_predicted,12.357142857142858,185,13,ATTCTTTGTCTTAGTGATTT,172,4213800
yadE_predicted,0.14285714285714285,14,13,ATGTATTGCCTTGTCAGGTC,1,4235768
yadE_predicted,0.2857142857142857,16,13,ATGGTACACTAAACTCAGGA,3,4229021
yadE_predicted,1.4285714285714286,32,13,ATCCTCCGCTATGGATTCGG,19,4188571
yadE_predicted,0.21428571428571427,15,13,ATACGATGAATGAGCCGTAC,2,4176410
yadE_predicted,0.14285714285714285,14,13,AGTGTAGGGCGCCGGTCTGT,1,4184630
yadE_predicted,0.14285714285714285,14,13,AGTGGCACCCGTTGCGCTTA,1,4219035
yadE_predicted,0.14285714285714285,14,13,AGGGAAGCACGCAATACTTT,1,4211315
yadE_predicted,0.14285714285714285,14,13,AGGCATTCTGTAGGATAAAA,1,4169256
yadE_predicted,6.5,103,13,AGGCATACTAAGGACTTAAG,90,4204641
yadE_predicted,0.35714285714285715,17,13,AGCTTGCGAGAAGGTTAGTT,4,4167839
yadE_predicted,0.6428571428571429,21,13,AGCTTCAATTTAGGTACAAG,8,4164311
yadE_predicted,0.35714285714285715,17,13,AGAGTTTAAGGCAGCGTTGA,4,4163641
yadE_predicted,0.5,19,13,AGAAGGATTTGGTCTGGAAT,6,4163631
yadE_predicted,0.14285714285714285,14,13,ACGGACGCGATCTCGAGCCT,1,4180605
yadE_predicted,0.14285714285714285,14,13,ACGGAAGCTCATGCTAGCTC,1,4161654
yadE_predicted,0.14285714285714285,14,13,ACCTGGCTGTACCCCTATGC,1,4192330
yadE_predicted,0.14285714285714285,14,13,ACCATATTAGAACCCAAATT,1,4173279
yadE_predicted,0.14285714285714285,14,13,AATCTAGGCTATATGGTCGT,1,4185972
yadE_predicted,0.5714285714285714,20,13,AAGGTACAGCAATAGACACA,7,4163075
yadE_predicted,0.2857142857142857,16,13,AACGGTCCCTTCTTTGTCCG,3,4192366
yadE_predicted,0.5,19,13,AAATAGGAGGTGCATGGAGG,6,4188561
yadE_predicted,35.714285714285715,512,13,AAAATCTGTACATTTCTCAC,499,4186479
yadE_predicted,1.3076923076923077,28,12,TTTTTCATATACGACACTGG,16,4184182
yadE_predicted,0.15384615384615385,13,12,TTTCTAATGCCCGGTCCATA,1,4215250
yadE_predicted,0.15384615384615385,13,12,TTGGAGGACCTCACCGTAGA,1,4170359
yadE_predicted,0.15384615384615385,13,12,TTGCTAATCACTTTATGTGC,1,4194861
yadE_predicted,0.23076923076923078,14,12,TTGAAGCACCCTACGCAAGG,2,4180309
yadE_predicted,0.15384615384615385,13,12,TTCTATTACGCACTACAGTC,1,4230563
yadE_predicted,0.15384615384615385,13,12,TTCAGGGTACACCGCAGTTA,1,4165219
yadE_predicted,0.3076923076923077,15,12,TTAGGGTTGGGCAATGGATA,3,4216715
yadE_predicted,0.3076923076923077,15,12,TGTTTAATCCATCGGTCGTC,3,4189195
yadE_predicted,0.15384615384615385,13,12,TGTCCCGGTAGTTCCACCTA,1,4232460
yadE_predicted,0.15384615384615385,13,12,TGTAAAAGGATTAGTACCCC,1,4228917
yadE_predicted,51.61538461538461,682,12,TGGATAGACGGGGCCTCTCG,670,4203725
yadE_predicted,0.15384615384615385,13,12,TGGAGAATTGATTGCACTAA,1,4181043
yadE_predicted,0.6153846153846154,19,12,TGGAAGAGTGGTCGAACGAG,7,4190631
yadE_predicted,0.38461538461538464,16,12,TGCTGCACGCACCGTCGGTC,4,4233687
yadE_predicted,0.15384615384615385,13,12,TGCGAAGGTCAGCAAGGCCA,1,4212493
yadE_predicted,0.23076923076923078,14,12,TGAGGGCTCAATGGTTTCTG,2,4222964
yadE_predicted,0.46153846153846156,17,12,TGAGGATGACGAATTATGGT,5,4224994
yadE_predicted,0.9230769230769231,23,12,TGAGCATCTTTAAGTAAAGA,11,4233144
yadE_predicted,0.15384615384615385,13,12,TGACGAATCTGCTCTCCACA,1,4165109
yadE_predicted,0.5384615384615384,18,12,TGAAATTTCCAAGTAGGTTA,6,4205254
yadE_predicted,0.15384615384615385,13,12,TCTCTTTGTGTGCATGTACG,1,4165624
yadE_predicted,0.5384615384615384,18,12,TCTCCCGGATAAGATGATAC,6,4161661
yadE_predicted,54.15384615384615,715,12,TCTCAGTTCAGTATCTCCAA,703,4221311
yadE_predicted,0.3076923076923077,15,12,TCTAGCGTAAAGGACCTCTT,3,4161569
yadE_predicted,53.15384615384615,702,12,TCCTTGACCTTCCGAATAGA,690,4171805
yadE_predicted,0.15384615384615385,13,12,TCAGAAGTAGGCAAGGGGAC,1,4181589
yadE_predicted,0.15384615384615385,13,12,TAGCTGAAAGTGGGTACACT,1,4215299
yadE_predicted,0.15384615384615385,13,12,TAGCATTGACTGATACGACT,1,4199126
yadE_predicted,0.23076923076923078,14,12,TAGACGTTAAGGCCCCCGAA,2,4216026
yadE_predicted,0.3076923076923077,15,12,TAAGCGTTAGCTAACGACCA,3,4215426
yadE_predicted,0.3076923076923077,15,12,TAAACGCTTCTCGTAGAAAA,3,4202064
yadE_predicted,0.15384615384615385,13,12,GTGCATTCCAGGCAGCAAGC,1,4191768
yadE_predicted,0.15384615384615385,13,12,GTATAGTAACCCCTTTTCTG,1,4212061
yadE_predicted,0.5384615384615384,18,12,GGTTGGGGGATGTGTTTAAC,6,4201208
yadE_predicted,0.46153846153846156,17,12,GGTTGATAGGGGCTCCCCAA,5,4217037
yadE_predicted,0.38461538461538464,16,12,GGTCGGAATGGGAGTAATAC,4,4192343
yadE_predicted,0.23076923076923078,14,12,GGGTGGTAGCGATGTCTGGG,2,4180759
yadE_predicted,0.23076923076923078,14,12,GGGAATTGATACCATCAATG,2,4218310
yadE_predicted,0.15384615384615385,13,12,GGCTGTTCCGTGACGCGGAC,1,4207597
yadE_predicted,0.3076923076923077,15,12,GGCTCATAATCGGCGTTAGC,3,4166624
yadE_predicted,51.0,674,12,GGACTCGCTTTCCCAACCAT,662,4167406
yadE_predicted,0.3076923076923077,15,12,GGACCCTGGGGGTAGCAATC,3,4161874
yadE_predicted,0.23076923076923078,14,12,GCTCTATTGAATCTTCAAGA,2,4214614
yadE_predicted,0.15384615384615385,13,12,GCTCAACCGGACGTTACTTC,1,4213209
yadE_predicted,46.0,609,12,GCTAGTCATTTTACGAAAGA,597,4206442
yadE_predicted,0.15384615384615385,13,12,GCGCTCCTTAGGTACTCTTT,1,4222379
yadE_predicted,0.23076923076923078,14,12,GCGATACCGACAAGTGGTAA,2,4227538
yadE_predicted,0.15384615384615385,13,12,GCCGAGGACTTAAGCGTAAT,1,4222975
yadE_predicted,0.15384615384615385,13,12,GCCAGAGAAAGACCTATCGA,1,4177726
yadE_predicted,0.15384615384615385,13,12,GCCAAATATTTCGGGTGTAA,1,4163561
yadE_predicted,0.15384615384615385,13,12,GCACGCGTCAACGTATCGAG,1,4169424
yadE_predicted,0.3076923076923077,15,12,GCACCGGTCGGCTCCCCTCG,3,4198610
yadE_predicted,0.15384615384615385,13,12,GATTAGTATGGGACTTGGGA,1,4199401
yadE_predicted,0.15384615384615385,13,12,GATCTTATGTGTTCCGAGGG,1,4219638
yadE_predicted,0.15384615384615385,13,12,GATCGGTTATAGACTGTCTT,1,4198570
yadE_predicted,69.61538461538461,916,12,GACTTGCCTACGATAGATAC,904,4215782
yadE_predicted,0.15384615384615385,13,12,CTTGCTCCATTAACACCACA,1,4214656
yadE_predicted,0.15384615384615385,13,12,CTGTATATCCTATTTAGCGT,1,4229963
yadE_predicted,0.46153846153846156,17,12,CTCATGTTAACCCACGTACA,5,4235617
yadE_predicted,0.15384615384615385,13,12,CGGACCCCGAAAGTGGTCCC,1,4231982
yadE_predicted,0.15384615384615385,13,12,CGCTGGTTTTTGAAGTGCAT,1,4225943
yadE_predicted,0.23076923076923078,14,12,CGCGCTCTCGGGCCATTCCA,2,4185486
yadE_predicted,1.6153846153846154,32,12,CGCGCCTCGGTCCTCATCAT,20,4217319
yadE_predicted,1.3076923076923077,28,12,CGCCTCCCTCGGGCCGCGAA,16,4180550
yadE_predicted,0.15384615384615385,13,12,CGCATTGCACCCAATCGGGT,1,4184178
yadE_predicted,0.23076923076923078,14,12,CGCAAGCACAATTTAAACTG,2,4238692
yadE_predicted,27.76923076923077,372,12,CGATTATTTGTAATACAGAA,360,4236226
yadE_predicted,0.6923076923076923,20,12,CCTCGGCAGAGCCTGGCTAA,8,4220772
yadE_predicted,0.5384615384615384,18,12,CCTACCCGTACTCTTTGAGG,6,4231860
yadE_predicted,0.15384615384615385,13,12,CCGGTTGAGTTTGCGAGCCC,1,4173067
yadE_predicted,0.15384615384615385,13,12,CCGCAAGCGTTAGATAACGG,1,4196602
yadE_predicted,0.38461538461538464,16,12,CCGAAAGCTTATTTCTCTGT,4,4236599
yadE_predicted,0.38461538461538464,16,12,CCCTTAAATTAGGGGGCATC,4,4236413
yadE_predicted,0.15384615384615385,13,12,CCCGTGTCACACGTAAACCA,1,4159956
yadE_predicted,0.38461538461538464,16,12,CCCGCCGTGCCGCAGTTAGT,4,4174932
yadE_predicted,0.15384615384615385,13,12,CCCAACAGGGTTCGCAAGGA,1,4203317
yadE_predicted,0.46153846153846156,17,12,CCATGACGTCGCTTTACCTG,5,4183752
yadE_predicted,0.23076923076923078,14,12,CATGCGACCCGGAGCTATTG,2,4183629
yadE_predicted,0.15384615384615385,13,12,CATGAATTAAATAGGCAGAG,1,4165928
yadE_predicted,1.0,24,12,CAGTAGGCTAGCAGGCCATT,12,4164228
yadE_predicted,0.15384615384615385,13,12,CAGGTTCGGTGACGCATCTC,1,4218774
yadE_predicted,0.38461538461538464,16,12,CAGCGTGGTGGAGGTATTTC,4,4164245
yadE_predicted,0.38461538461538464,16,12,CAGACCGTCACGCAGAGTTA,4,4181832
yadE_predicted,0.3076923076923077,15,12,CACCACCGCCGTATCCTGAG,3,4238001
yadE_predicted,0.15384615384615385,13,12,CAATCAGTGAAGCTGCGAGT,1,4211121
yadE_predicted,0.46153846153846156,17,12,ATCCCTATTGCTCCGTACTT,5,4236637
yadE_predicted,0.3076923076923077,15,12,ATATCTTCCACGCACGACGT,3,4202649
yadE_predicted,0.8461538461538461,22,12,ATAGGTGGGTATCCGACAAA,10,4236680
yadE_predicted,0.46153846153846156,17,12,ATACATATTCCTGCTCTTAT,5,4237334
yadE_predicted,0.5384615384615384,18,12,AGTTGAACATTAGGTACGGA,6,4221370
yadE_predicted,0.15384615384615385,13,12,AGTGGCTCGGCGTCCCAAGA,1,4203170
yadE_predicted,0.15384615384615385,13,12,AGTCGAGCCATGTTCCTCAT,1,4174535
yadE_predicted,0.15384615384615385,13,12,AGTCATTCCTTACATCAATT,1,4201314
yadE_predicted,0.15384615384615385,13,12,AGCAGGACCCCACTCGGAAG,1,4208053
yadE_predicted,0.23076923076923078,14,12,AGAGTCATATACGTAAAATA,2,4232609
yadE_predicted,0.15384615384615385,13,12,ACTTCAGCCTAGGGGGTATA,1,4190725
yadE_predicted,0.8461538461538461,22,12,ACGTTACTGTGCCGGTGGGT,10,4221357
yadE_predicted,0.6153846153846154,19,12,ACGCTAAATACGTGTGTATT,7,4214113
yadE_predicted,0.23076923076923078,14,12,ACCTGGTTCCTATCAAGTTA,2,4172219
yadE_predicted,0.15384615384615385,13,12,ACCAGCGTCTCAGCTGTCTT,1,4200344
yadE_predicted,0.15384615384615385,13,12,ACATAAATTAGTAGAAAAAG,1,4222932
yadE_predicted,71.15384615384616,936,12,ACAGTTGGTAGGGTAAAACT,924,4184425
yadE_predicted,0.15384615384615385,13,12,ACAGGGTGTTAAGTTCGTCG,1,4228132
yadE_predicted,0.15384615384615385,13,12,ACACAGGGGGAAACGGTTTA,1,4204685
yadE_predicted,0.15384615384615385,13,12,ACAAGGATCTCGAAGCGGAA,1,4221899
yadE_predicted,0.15384615384615385,13,12,AATTGACGGCTACGACGGAC,1,4201848
yadE_predicted,0.6923076923076923,20,12,AAGATATCTCGCACGAGATT,8,4161284
yadE_predicted,0.15384615384615385,13,12,AAATAAAGGGGTACGGTGAG,1,4227938
yadE_predicted,0.3076923076923077,15,12,AAAGTCCTGTAAGGGTTGAA,3,4225796
yadE_predicted,0.6666666666666666,18,11,TTTGCAGTACAATGGCACCT,7,4218474
yadE_predicted,0.5,16,11,TTTCTGTAGACTGAGATCGA,5,4163111
yadE_predicted,23.833333333333332,296,11,TTTCGGAATAGTGGCGGTGT,285,4166809
yadE_predicted,0.16666666666666666,12,11,TTTCATTAGCTAGTCGATGG,1,4175259
yadE_predicted,0.8333333333333334,20,11,TTTAATTCCGCTACATATTC,9,4182640
yadE_predicted,0.16666666666666666,12,11,TTGGCATCTTTCCCGTGCGA,1,4217066
yadE_predicted,0.16666666666666666,12,11,TTCTCTGTGAGCTGATCTAT,1,4192532
yadE_predicted,0.5833333333333334,17,11,TTCGAGTAGGATAAGTGATG,6,4240323
yadE_predicted,0.3333333333333333,14,11,TTCCGCGTGACAATAAGCGA,3,4231132
yadE_predicted,16.333333333333332,206,11,TTCCCCCATTGAAACGCGTT,195,4201629
yadE_predicted,0.6666666666666666,18,11,TTAGGTAGTACATTTATATG,7,4190732
yadE_predicted,0.25,13,11,TTAGGGCATCTTATCTTTGT,2,4173379
yadE_predicted,0.16666666666666666,12,11,TTAGGCGCCCGTCCTATGAC,1,4162761
yadE_predicted,0.16666666666666666,12,11,TGTTATTGGCGCACGTGGGG,1,4191344
yadE_predicted,0.3333333333333333,14,11,TGTGGCAAACAAGGGTGGGT,3,4239443
yadE_predicted,0.75,19,11,TGTATCTCAGAGGGTGCGTT,8,4237821
yadE_predicted,0.5,16,11,TGTAAGCAGGTCCCGATGTA,5,4164250
yadE_predicted,0.16666666666666666,12,11,TGGTGTCTCAGGCATCTCAT,1,4222153
yadE_predicted,0.16666666666666666,12,11,TGCTCCTCGCGGCCAGCCTT,1,4229338
yadE_predicted,0.16666666666666666,12,11,TGCGGCCCCCCGTAGTACTT,1,4224559
yadE_predicted,0.16666666666666666,12,11,TGCCCGTCATGCCGGCTCAT,1,4194286
yadE_predicted,0.16666666666666666,12,11,TGCCCAGGGCGGAAAGACCG,1,4217977
yadE_predicted,0.25,13,11,TGCACAGCTACCGCTGTCTT,2,4172742
yadE_predicted,0.16666666666666666,12,11,TGAAGCCTTTCGTATGGTTA,1,4205791
yadE_predicted,0.16666666666666666,12,11,TCTGTCGCAGCAGGCATAAC,1,4162466
yadE_predicted,25.666666666666668,318,11,TCTGGGCTATTTACTCCCCC,307,4202961
yadE_predicted,0.6666666666666666,18,11,TCTGACTCCATAAACACGGA,7,4173221
yadE_predicted,0.25,13,11,TCGCTCTTACTAAGATGCCT,2,4164793
yadE_predicted,0.16666666666666666,12,11,TCGAATACTTACTCCCGATA,1,4159972
yadE_predicted,26.5,328,11,TCCCCATGGGAACTCAGGTT,317,4167306
yadE_predicted,0.16666666666666666,12,11,TCAGCGTAGTTCAGGAACCT,1,4197075
yadE_predicted,0.8333333333333334,20,11,TATATGCCAATCACGTTAAG,9,4184735
yadE_predicted,0.3333333333333333,14,11,TATAGGCCAACGTTGATTTT,3,4200229
yadE_predicted,0.16666666666666666,12,11,TAGGGCGCACCAACTTGCAA,1,4203554
yadE_predicted,0.4166666666666667,15,11,TACTCTATTGCTTTATACTG,4,4177551
yadE_predicted,0.16666666666666666,12,11,TACGATACACCACAATCGGA,1,4198010
yadE_predicted,0.16666666666666666,12,11,TACCTCGTCCGTCGGAACTA,1,4221584
yadE_predicted,0.16666666666666666,12,11,TAAATAAGCGCCTCCCTGTC,1,4181950
yadE_predicted,0.25,13,11,TAAAATTTCATAACGGTCGT,2,4200381
yadE_predicted,0.9166666666666666,21,11,TAAAATGCATCAGTCATCGA,10,4174132
yadE_predicted,0.16666666666666666,12,11,GTGTCTTAACGCGAGTAGTC,1,4159882
yadE_predicted,0.16666666666666666,12,11,GTGGGGGCCTTCGGGACGAA,1,4204756
yadE_predicted,0.25,13,11,GTGACCCGACTTGTTGAAGA,2,4180274
yadE_predicted,30.5,376,11,GTCTCTTAAGGCCGGCCATG,365,4187645
yadE_predicted,0.16666666666666666,12,11,GTCTAGCGATTTCCAATTTG,1,4161077
yadE_predicted,0.4166666666666667,15,11,GTCGTCGCAACCAACTGCTA,4,4164232
yadE_predicted,0.16666666666666666,12,11,GTCGCTCCGTACGTTTGAAT,1,4221195
yadE_predicted,0.3333333333333333,14,11,GTAGTACAGGGTAATTCAGA,3,4209456
yadE_predicted,0.16666666666666666,12,11,GTAGAGTAGGATCCACCTTC,1,4232935
yadE_predicted,0.16666666666666666,12,11,GGTGCTCCCGTTTGCGTTTT,1,4235394
yadE_predicted,0.16666666666666666,12,11,GGTGACTCGCTACGGGCACT,1,4231793
yadE_predicted,0.16666666666666666,12,11,GGGTCTTTGTGCTAACAGGA,1,4210565
yadE_predicted,0.16666666666666666,12,11,GGGAACTATAGCAAGGCGGA,1,4234751
yadE_predicted,0.16666666666666666,12,11,GGCATCGAACCCGTACACTT,1,4191499
yadE_predicted,0.25,13,11,GGCAACACTTTGCGACGCTC,2,4177642
yadE_predicted,0.16666666666666666,12,11,GGAATCGTGTGCTAGCGACA,1,4175473
yadE_predicted,0.16666666666666666,12,11,GCTTTACTCCACATGCATCA,1,4176239
yadE_predicted,0.25,13,11,GCTGAGTGCCCAGAGAATCA,2,4221355
yadE_predicted,0.25,13,11,GCTCCTCCAAAGCCCTAGAG,2,4225948
yadE_predicted,0.3333333333333333,14,11,GCGTGTTAGAAGGCAGCAGC,3,4207066
yadE_predicted,0.16666666666666666,12,11,GCGCTTGAAAACGCGGAACG,1,4173611
yadE_predicted,0.5,16,11,GCGCGGGATCTACTCCGATC,5,4181727
yadE_predicted,0.16666666666666666,12,11,GCCTGTGTGGACTTCAATGA,1,4219894
yadE_predicted,0.25,13,11,GCCTAGCCAATAGAGTCAGC,2,4208113
yadE_predicted,0.16666666666666666,12,11,GCCGGGGCGACTAAACACTT,1,4177398
yadE_predicted,0.16666666666666666,12,11,GCATGCCATTACTCTCCACG,1,4200834
yadE_predicted,0.5833333333333334,17,11,GCAGACATCATATGTAGAGC,6,4216687
yadE_predicted,0.6666666666666666,18,11,GCACAGATCGCGGGATGATA,7,4215688
yadE_predicted,1.25,25,11,GCAAAACCCAAAGGAGTGCG,14,4161918
yadE_predicted,18.416666666666668,231,11,GATTTCGGGAGTACTCCCAT,220,4219028
yadE_predicted,0.16666666666666666,12,11,GATGGCCACTAAGAATGTGA,1,4215843
yadE_predicted,0.16666666666666666,12,11,GATAAGACAGGCACCGGGGA,1,4230651
yadE_predicted,0.6666666666666666,18,11,GAGGGCGGCATCACTGTGAG,7,4228096
yadE_predicted,0.25,13,11,GAGGGCACAGGGCACTCAGT,2,4176424
yadE_predicted,0.16666666666666666,12,11,GAGGCCTGACAACATGGTCT,1,4218217
yadE_predicted,0.5,16,11,GACGCTGCGATCTTGGCCCC,5,4172760
yadE_predicted,1.0,22,11,GACATTCACGGGATTCTTCT,11,4173041
yadE_predicted,0.16666666666666666,12,11,GACAATGATAGCCAATGGTA,1,4235011
yadE_predicted,0.16666666666666666,12,11,CTTGAGCCCGCAGTGCATCA,1,4230583
yadE_predicted,0.3333333333333333,14,11,CTTCAACGCCGAGGCCGTAT,3,4194662
yadE_predicted,0.16666666666666666,12,11,CTTCAAATCGCACATGAAAG,1,4218941
yadE_predicted,0.16666666666666666,12,11,CTTATTTAAACGGAAGCGGC,1,4195115
yadE_predicted,0.25,13,11,CTGGAGCTACTGTGCCAGCA,2,4205771
yadE_predicted,0.16666666666666666,12,11,CTGCCGTGAGACATACGTTC,1,4175598
yadE_predicted,72.0,874,11,CTCGTCCGAGGAGAGTGGGG,863,4241441
yadE_predicted,0.16666666666666666,12,11,CTATTGGCCGCTGCATTTCC,1,4184017
yadE_predicted,0.16666666666666666,12,11,CGGTACGGAAGTCATAGTCT,1,4227234
yadE_predicted,0.25,13,11,CGCTAAGTATTAGGCAATCC,2,4235003
yadE_predicted,0.16666666666666666,12,11,CGCCTCGTGCCTCTATTTGT,1,4191725
yadE_predicted,0.6666666666666666,18,11,CGAGGTCACGCGGTTCCACT,7,4212816
yadE_predicted,0.5,16,11,CGAAACTTCGGATGCCGATG,5,4172761
yadE_predicted,0.16666666666666666,12,11,CCTTTAGATGAATATCGATA,1,4219988
yadE_predicted,0.16666666666666666,12,11,CCTCGGCTGGTAATTTCTCC,1,4237560
yadE_predicted,0.4166666666666667,15,11,CCGTCCATCCGATACGTCCT,4,4210709
yadE_predicted,0.5833333333333334,17,11,CCGGCTCACCGAGTTGGGGA,6,4174253
yadE_predicted,0.16666666666666666,12,11,CCGCTATCTCCGGAGTTGGC,1,4168380
yadE_predicted,0.3333333333333333,14,11,CCCTTGCCCCTGACATTTAG,3,4228349
yadE_predicted,0.16666666666666666,12,11,CCATGTCCTACCGTCCGTAA,1,4185402
yadE_predicted,0.25,13,11,CCATACGCTCCCCGGCAAGA,2,4205265
yadE_predicted,0.25,13,11,CCACGTCCTCGTCGTAAGCG,2,4200895
yadE_predicted,0.16666666666666666,12,11,CCACCATGCGTTGTTCCCTA,1,4223138
yadE_predicted,0.75,19,11,CATTAGGGGCTGGTTCCGCG,8,4171560
yadE_predicted,0.16666666666666666,12,11,CAGTTTCATAAATCTACCGG,1,4235313
yadE_predicted,0.16666666666666666,12,11,CAGTTGGGCATCCAGCCAGA,1,4193267
yadE_predicted,46.25,565,11,CAGTGGGTCTATTCAAGTCA,554,4178391
yadE_predicted,0.25,13,11,CAGCGCATACGCTTTAACCG,2,4204603
yadE_predicted,0.16666666666666666,12,11,CAGCCTGCTTTCCCGCAGTT,1,4218743
yadE_predicted,0.16666666666666666,12,11,CACCCAGTGTAGGGGCATAC,1,4168504
yadE_predicted,0.16666666666666666,12,11,CAATGGGGCTCGAGGCTGAT,1,4160756
yadE_predicted,0.16666666666666666,12,11,CAACTTCATGAACACCCCGG,1,4192551
yadE_predicted,0.16666666666666666,12,11,ATTGTCCAGGCTAAGGTCGC,1,4170055
yadE_predicted,0.4166666666666667,15,11,ATTCATCTGAAAAATGGTCC,4,4212551
yadE_predicted,65.58333333333333,797,11,ATGTTTGTGCTAGGACCGTG,786,4180798
yadE_predicted,0.25,13,11,ATGAAATCTACCATCGGCCC,2,4164230
yadE_predicted,0.6666666666666666,18,11,ATCTAATTAAACAGGCGTAT,7,4204843
yadE_predicted,0.8333333333333334,20,11,ATCGCAGCTTGCCTGTGGGG,9,4237863
yadE_predicted,0.16666666666666666,12,11,ATCCGAAGACGCAACTTTAC,1,4239562
yadE_predicted,0.8333333333333334,20,11,ATCCACGCGTACGAGCGTGA,9,4231063
yadE_predicted,3.4166666666666665,51,11,ATATTGTATGCCGACGCGTT,40,4184195
yadE_predicted,0.16666666666666666,12,11,ATATATACGTAGTTACACGC,1,4210344
yadE_predicted,0.16666666666666666,12,11,ATACGTGACGAGCGCCTGTA,1,4176368
yadE_predicted,0.16666666666666666,12,11,ATAAACTCCCGGTACCTCAT,1,4202212
yadE_predicted,0.16666666666666666,12,11,AGTCAAGGACATGAATCGCC,1,4187195
yadE_predicted,0.16666666666666666,12,11,AGGGTTCCCGGAAACAAGAT,1,4211258
yadE_predicted,28.083333333333332,347,11,AGGCGCACCGCCCATTTTCT,336,4203927
yadE_predicted,0.16666666666666666,12,11,AGGCCTCTTAGGTTCCCACA,1,4171281
yadE_predicted,77.91666666666667,945,11,AGCTGCCTGTAAGTATACGT,934,4182807
yadE_predicted,0.5833333333333334,17,11,AGAACCGTGTTCTCTGATTA,6,4200855
yadE_predicted,0.16666666666666666,12,11,ACGGTAGTGGAGAGTTTTAG,1,4174382
yadE_predicted,0.25,13,11,ACGGGAATTCTTTCCGTATT,2,4213356
yadE_predicted,0.6666666666666666,18,11,ACGACGGGACACGTAGTTAG,7,4217186
yadE_predicted,0.16666666666666666,12,11,AATTTTATAGATCCTGGCGT,1,4216633
yadE_predicted,0.16666666666666666,12,11,AATCATCACGTTACACGCCA,1,4184188
yadE_predicted,0.25,13,11,AATATGAGGACGATACGTAG,2,4188286
yadE_predicted,0.16666666666666666,12,11,AAGTAATCTCGGCCGTTCGG,1,4180995
yadE_predicted,0.16666666666666666,12,11,AAGATCGAGTGGACATGAAT,1,4166901
yadE_predicted,90.75,1099,11,AAGAACGGTTATGCATTGTA,1088,4221353
yadE_predicted,0.25,13,11,AACTTTTACACTGGGAGTCG,2,4235551
yadE_predicted,0.16666666666666666,12,11,AACGAGCGTGAATGCTTGCC,1,4166095
yadE_predicted,57.916666666666664,705,11,AACCGTGGCATTACGCGAGA,694,4198395
yadE_predicted,0.16666666666666666,12,11,AAAGGTCAACATACACTCCA,1,4190939
yadE_predicted,0.18181818181818182,11,10,TTTCGGTCGCTTCAGGATCC,1,4214559
yadE_predicted,1.2727272727272727,23,10,TTGAATGGAACACAAAACCA,13,4232658
yadE_predicted,0.18181818181818182,11,10,TTCGCCTATGCAATTTCAGA,1,4200559
yadE_predicted,0.8181818181818182,18,10,TTCCAGGTACGGTTTCCTAC,8,4224085
yadE_predicted,0.5454545454545454,15,10,TTCATAGAAGATGTTGGATC,5,4207344
yadE_predicted,0.6363636363636364,16,10,TGTTGACCTGCAGATGGGTA,6,4200183
yadE_predicted,0.18181818181818182,11,10,TGTGCCGTCGTACGCTGCAT,1,4240208
yadE_predicted,0.18181818181818182,11,10,TGCCGGAACCCTTCTAGGAT,1,4175976
yadE_predicted,0.2727272727272727,12,10,TGCCAGTTGGGGATCTCAAA,2,4214431
yadE_predicted,0.45454545454545453,14,10,TGATGGGCTAATGCGAGGAT,4,4225750
yadE_predicted,0.18181818181818182,11,10,TGAGCGCTGTCATAGCCGAA,1,4203920
yadE_predicted,0.18181818181818182,11,10,TGACTTAGAGAGAATAGTTC,1,4217555
yadE_predicted,0.8181818181818182,18,10,TCTTTCGAACCAACGGAAAC,8,4231514
yadE_predicted,0.18181818181818182,11,10,TCTGGAGCGTCCGGGACCTA,1,4167501
yadE_predicted,0.18181818181818182,11,10,TCGGAAGACCGCATGCCAGA,1,4240461
yadE_predicted,0.18181818181818182,11,10,TCGCGGGGAGATGCTCGGTT,1,4209723
yadE_predicted,0.2727272727272727,12,10,TCCTATGTATAGGTAATGAT,2,4174675
yadE_predicted,0.36363636363636365,13,10,TCCCTTACCACGCCCTTCTC,3,4191913
yadE_predicted,0.18181818181818182,11,10,TCCAAAAAAGTTTGGTCGGA,1,4174383
yadE_predicted,0.18181818181818182,11,10,TCATGGCTAGTAACGGCTGG,1,4160276
yadE_predicted,0.5454545454545454,15,10,TCAATAATTCAGGCCTCGTT,5,4177511
yadE_predicted,0.18181818181818182,11,10,TCAAAGCGTATGGATAGCCA,1,4170673
yadE_predicted,0.18181818181818182,11,10,TATGCGGAGTCAGTTTAAAG,1,4233639
yadE_predicted,0.2727272727272727,12,10,TATAATCGGGGACCCAACTA,2,4201026
yadE_predicted,0.9090909090909091,19,10,TAGGTGCGGTGTCACAAGGG,9,4210566
yadE_predicted,0.45454545454545453,14,10,TAGGGACAGTGACTTCCAGA,4,4226462
yadE_predicted,0.45454545454545453,14,10,TACGGACGCTATATACTGTC,4,4196334
yadE_predicted,0.18181818181818182,11,10,TAATATTGATGCTTCGCCCA,1,4176885
yadE_predicted,0.18181818181818182,11,10,TAAGGGGCTATTGGAGACTA,1,4206539
yadE_predicted,0.5454545454545454,15,10,TAACCTGTCATTGATGAGCA,5,4214915
yadE_predicted,0.18181818181818182,11,10,GTTAGATTGACTATCGTCCC,1,4163484
yadE_predicted,0.45454545454545453,14,10,GTGGTCGCTCAGATGAGAAT,4,4210871
yadE_predicted,0.36363636363636365,13,10,GTCTAGAGCTATAAGATCCC,3,4191019
yadE_predicted,0.36363636363636365,13,10,GTATGATAACTGGCCTCTTT,3,4233318
yadE_predicted,0.2727272727272727,12,10,GGTAATGCTCCTGAGACATA,2,4161272
yadE_predicted,0.2727272727272727,12,10,GGGTAAGCGATGCCGGGCCA,2,4230710
yadE_predicted,0.7272727272727273,17,10,GGAGCGTGTAGTGAGGTTCT,7,4192614
yadE_predicted,0.36363636363636365,13,10,GGAAATAAAGGTATGCAAGT,3,4235233
yadE_predicted,42.63636363636363,478,10,GCTTCTAAACGCAAGACCCA,468,4228771
yadE_predicted,0.36363636363636365,13,10,GCTGGACCGTTTCACCCACA,3,4215754
yadE_predicted,44.36363636363637,497,10,GCTCTCCAGAGGCATCGTAG,487,4159983
yadE_predicted,0.18181818181818182,11,10,GCGGCGAGGCCTGTTCGTGT,1,4192773
yadE_predicted,0.2727272727272727,12,10,GCGCCAGGGTTGGATCTTAT,2,4240997
yadE_predicted,0.18181818181818182,11,10,GCCGCCGTCGTCAAGAACGG,1,4179459
yadE_predicted,0.36363636363636365,13,10,GCCCATCGGTAACTTCGCGG,3,4214195
yadE_predicted,1.0,20,10,GCATTTTGGAGCCCGACTAG,10,4179720
yadE_predicted,0.2727272727272727,12,10,GCACTACGGTCACCGTCACA,2,4166107
yadE_predicted,0.9090909090909091,19,10,GCAATGGTACGCGCCTGTAT,9,4238478
yadE_predicted,0.2727272727272727,12,10,GAGACCATATCAGGTCAAGT,2,4198508
yadE_predicted,31.09090909090909,351,10,GACTGACCTAAAAATTTGGA,341,4169347
yadE_predicted,0.36363636363636365,13,10,GACGACCTAGTCCTAACTAA,3,4210246
yadE_predicted,0.18181818181818182,11,10,GACCGTGAAAGTTAATCAAG,1,4196268
yadE_predicted,0.18181818181818182,11,10,GACCGGTATCCCTCCTCACG,1,4166566
yadE_predicted,0.45454545454545453,14,10,GAAGCCACGTGAATGGTACA,4,4220242
yadE_predicted,0.36363636363636365,13,10,GAACGTCCTTTCACTGGTGG,3,4194107
yadE_predicted,39.0,438,10,GAAAAGCTGGTTCGGGGATA,428,4230227
yadE_predicted,0.5454545454545454,15,10,CTCGACGTCATGAGGTCTCT,5,4188554
yadE_predicted,0.2727272727272727,12,10,CTCCAATTGTTTGTGCTCGC,2,4167582
yadE_predicted,0.18181818181818182,11,10,CTAGCTCCCTTAAACTTGCC,1,4185023
yadE_predicted,0.36363636363636365,13,10,CTAAGGTCTTCATACGACAA,3,4214759
yadE_predicted,0.18181818181818182,11,10,CGTCACACTCGATCGAAATT,1,4190545
yadE_predicted,0.18181818181818182,11,10,CGTAGTTCGGAGGTCGCAAT,1,4195768
yadE_predicted,0.18181818181818182,11,10,CGCTTACACGGTTCGACCAA,1,4192545
yadE_predicted,0.2727272727272727,12,10,CGCTCCCTTATCTACCCATT,2,4196221
yadE_predicted,0.6363636363636364,16,10,CGCGAGAAATACTAGAGTCA,6,4221748
yadE_predicted,0.18181818181818182,11,10,CGCACGTGATTCGAACGCCC,1,4223851
yadE_predicted,0.2727272727272727,12,10,CCTCAGGGTTAGGGCATCTC,2,4233551
yadE_predicted,0.18181818181818182,11,10,CCGGCCAGCTCCTGCGTCAT,1,4210184
yadE_predicted,0.5454545454545454,15,10,CCGCTGATGGTAATGCCATC,5,4186537
yadE_predicted,0.36363636363636365,13,10,CCGCGGTATCGGTCCATGCA,3,4216544
yadE_predicted,0.18181818181818182,11,10,CCAGAACATAAGCAGATTCG,1,4228134
yadE_predicted,0.2727272727272727,12,10,CATTCAAACGCAACAATGAG,2,4191908
yadE_predicted,0.7272727272727273,17,10,CATTATCTGGACGGATACTC,7,4173039
yadE_predicted,0.7272727272727273,17,10,CATCAGCCTCCGCCTATTTA,7,4193018
yadE_predicted,0.36363636363636365,13,10,CATATATACTTCGGTCCAAT,3,4236345
yadE_predicted,0.18181818181818182,11,10,CAGGTATCACACTCTCTTAT,1,4185286
yadE_predicted,0.2727272727272727,12,10,CAGCGTGTTTCGGCTGAAGG,2,4187227
yadE_predicted,0.45454545454545453,14,10,CACCAGCCTTTTCCACAAGT,4,4171729
yadE_predicted,0.5454545454545454,15,10,CAACTTGGCTAGCCTCAGAC,5,4223417
yadE_predicted,0.18181818181818182,11,10,CAACCTAGGTAATTCAGCCT,1,4234953
yadE_predicted,0.18181818181818182,11,10,CAAATAGCTCTTTTCGGCCT,1,4237322
yadE_predicted,0.5454545454545454,15,10,ATTGTTATATCAACAATAGT,5,4219390
yadE_predicted,0.18181818181818182,11,10,ATTGGAACTTGGGTTACGCA,1,4238526
yadE_predicted,0.2727272727272727,12,10,ATTACTGGCATGAACTTGCT,2,4231589
yadE_predicted,0.5454545454545454,15,10,ATGGCAGTCTCGCCCCGGTA,5,4208037
yadE_predicted,0.18181818181818182,11,10,ATGCTCAATGCTAACAGAAA,1,4161186
yadE_predicted,0.18181818181818182,11,10,ATGCAGCCGCGTCTTGTTCT,1,4216068
yadE_predicted,0.2727272727272727,12,10,ATCAGTTACCCTAGAGGTGT,2,4173825
yadE_predicted,0.18181818181818182,11,10,ATCACTAAATTACCCTCTTA,1,4208171
yadE_predicted,0.6363636363636364,16,10,AGTTTAGTATACGAAGGGCA,6,4202795
yadE_predicted,0.18181818181818182,11,10,AGTTGGCTATCAAAGGATTG,1,4216343
yadE_predicted,28.545454545454547,323,10,AGTTCGTGGTATGAGCAAGT,313,4201916
yadE_predicted,46.90909090909091,525,10,AGTTCGGGTTCCAAAACGGT,515,4207078
yadE_predicted,0.36363636363636365,13,10,AGTGCCGGGTCCTCCCCAAG,3,4223304
yadE_predicted,0.18181818181818182,11,10,AGTCAAGGTTATTACTGTTT,1,4212232
yadE_predicted,0.45454545454545453,14,10,AGCTGGTTAACGTGTAACGT,4,4210997
yadE_predicted,0.18181818181818182,11,10,AGCGACGAAGACGATGCCGA,1,4199620
yadE_predicted,0.8181818181818182,18,10,AGCCAGCCGATATTGCAGGT,8,4177975
yadE_predicted,0.18181818181818182,11,10,ACTTCAGAGTCAAGCCCCCC,1,4190819
yadE_predicted,0.2727272727272727,12,10,ACGGAGTTGAAGGGATCGCA,2,4162594
yadE_predicted,0.18181818181818182,11,10,ACCCAGAGCGTAAGAGTAGG,1,4206377
yadE_predicted,0.18181818181818182,11,10,ACCCACAGGAGCTTCCACTT,1,4201911
yadE_predicted,0.36363636363636365,13,10,ACACACGAGCGTCAGTGCTG,3,4210457
yadE_predicted,0.36363636363636365,13,10,AATTAGGGCGACATCGGCTT,3,4203917
yadE_predicted,0.36363636363636365,13,10,AATGCGACATGCTAGAGGAG,3,4180641
yadE_predicted,0.18181818181818182,11,10,AATCCTGTCGTCATGAGTCA,1,4199726
yadE_predicted,0.18181818181818182,11,10,AATAGTTACACTCGTCCTGG,1,4194061
yadE_predicted,0.45454545454545453,14,10,AAGCACTTCATGGTCCAGCA,4,4172958
yadE_predicted,0.36363636363636365,13,10,AAGAGAACCAGGCCTGCCGT,3,4178198
yadE_predicted,32.0,361,10,AACTGTTCGTCCGACTGGGT,351,4229524
yadE_predicted,21.636363636363637,247,10,AACTGGTATGGTGCCGTAGA,237,4165949
yadE_predicted,0.2727272727272727,12,10,AACGTTGCAGGCTCGGATGG,2,4238433
yadE_predicted,45.27272727272727,507,10,AACCTCCGATCGCATCCGGA,497,4197679
yadE_predicted,0.18181818181818182,11,10,AACCAGTACTCGAAACCGCT,1,4228745
yadE_predicted,0.6363636363636364,16,10,AACCACTCGGGTATTACTTT,6,4221052
yadE_predicted,0.45454545454545453,14,10,AAAATGAGCGGATTGCAGGG,4,4178716
yadE_predicted,0.3,11,9,TTTGGTGGACACTAAACATA,2,4234415
yadE_predicted,47.0,478,9,TTTGATGCAATTGGGAGGAC,469,4207744
yadE_predicted,0.2,10,9,TTTATATTCGGGAACATACC,1,4170919
yadE_predicted,0.3,11,9,TTCTTATACTGAAATCTTCC,2,4176870
yadE_predicted,0.2,10,9,TTAGAAACCACGCGAATGCA,1,4194746
yadE_predicted,0.2,10,9,TGTTTGTGATATAAAAAGTA,1,4172117
yadE_predicted,1.0,18,9,TGTACAATTGCACGGTGTCA,9,4189700
yadE_predicted,0.2,10,9,TGGCCATCCCATATGAGGAA,1,4159534
yadE_predicted,0.2,10,9,TGGAAACGCCTTTAGGACTA,1,4189813
yadE_predicted,0.2,10,9,TGGAAACAGAGAGCGGGGAG,1,4213912
yadE_predicted,0.9,17,9,TGATGCTTATGGTTGTATTT,8,4182851
yadE_predicted,0.2,10,9,TGATGAGAAGAATACCTGTT,1,4198363
yadE_predicted,0.2,10,9,TCTTCCTATGGCGTTACTAG,1,4162534
yadE_predicted,0.7,15,9,TCGTCGGGCCGGCTCGACTG,6,4214136
yadE_predicted,0.6,14,9,TCGCTGGTTTAAATAAATTC,5,4193049
yadE_predicted,0.4,12,9,TCGCCCGTACGGCTACTATT,3,4181834
yadE_predicted,0.6,14,9,TCCGTTAGGGCTTGGCGAGG,5,4210576
yadE_predicted,0.2,10,9,TCCAGACATTGTCCGGCTTA,1,4240368
yadE_predicted,0.2,10,9,TCAATTTGCAGAATTCAGGG,1,4161615
yadE_predicted,0.5,13,9,TCAACTCCGGCGTATTGTTC,4,4213355
yadE_predicted,0.2,10,9,TATGAATCGATAAGTTTTTC,1,4175555
yadE_predicted,0.2,10,9,TACCGGATTTACGAACGTTA,1,4202850
yadE_predicted,0.2,10,9,TACCGCCGGGGACCGCTGAA,1,4208505
yadE_predicted,0.2,10,9,TACATTTTGGTACCTCGCCA,1,4182839
yadE_predicted,0.2,10,9,TACACAACTCCACGCAAGGG,1,4207740
yadE_predicted,0.8,16,9,TAATAATCACTGCAGCCCGA,7,4234592
yadE_predicted,0.3,11,9,TAAAGGTACGTTCATTCGAC,2,4180204
yadE_predicted,0.6,14,9,GTTTGAGACGCATTGAGTCT,5,4219701
yadE_predicted,0.8,16,9,GTGGGGGGTCTTAAATATAG,7,4219608
yadE_predicted,0.9,17,9,GTGGCTGTCGTGAACGTCCC,8,4181496
yadE_predicted,0.6,14,9,GTGGCATGTAACGCGGTCAT,5,4163647
yadE_predicted,17.9,187,9,GTGATCACGGACGTGCGGCC,178,4209472
yadE_predicted,0.3,11,9,GTGACTGAAGTCGATGGTTG,2,4217102
yadE_predicted,0.6,14,9,GTCGCAAAATGTTAAGAGTT,5,4207781
yadE_predicted,0.7,15,9,GTAGGACTCCCATACGTTAC,6,4195763
yadE_predicted,0.2,10,9,GTACTCAAATGCCGCTGAGT,1,4238067
yadE_predicted,0.3,11,9,GGTCGGTTAAACTATTGGAC,2,4213792
yadE_predicted,0.2,10,9,GGTCCGTCTCCATCGTGAGT,1,4201700
yadE_predicted,0.4,12,9,GGTAGGATGTCCCTATCGCG,3,4233720
yadE_predicted,0.4,12,9,GGGTAGTGCGTCACGCCGGC,3,4208706
yadE_predicted,0.7,15,9,GGGGCTTTAACCGGGCCACC,6,4180198
yadE_predicted,0.2,10,9,GGGGCGACGGCATAGCAATT,1,4236751
yadE_predicted,0.2,10,9,GGGCTGTAAAGAAATCATCT,1,4160077
yadE_predicted,0.2,10,9,GGCTGGCCCTACTTCGTGCC,1,4201636
yadE_predicted,0.2,10,9,GGCGTGATCTATATTCCCAT,1,4225343
yadE_predicted,0.2,10,9,GGCGTCGTACGAGGACTCCT,1,4191447
yadE_predicted,0.2,10,9,GGCGAGTGTGCGTGATTTAC,1,4221108
yadE_predicted,0.2,10,9,GGCAGGATGCCGCAAATGTA,1,4164043
yadE_predicted,0.3,11,9,GGCACAACATCCAGTCATAG,2,4188098
yadE_predicted,23.0,238,9,GGACTTTTCAAAACGGGCGA,229,4177916
yadE_predicted,0.2,10,9,GGACTGGTGGTCAGACAAAA,1,4201721
yadE_predicted,0.2,10,9,GGACGACTGGGACTTCCTCG,1,4180314
yadE_predicted,0.2,10,9,GCTTAGTCAGCCCCCTCACG,1,4196508
yadE_predicted,0.7,15,9,GCTGTAACAATTCCAATCAG,6,4218195
yadE_predicted,0.2,10,9,GCTGGCCCCCGCTTACATCT,1,4168531
yadE_predicted,0.2,10,9,GCTCGTTATGTCGTAGAACT,1,4217559
yadE_predicted,0.3,11,9,GCTAGCGGTCCGAGCGTCAA,2,4221160
yadE_predicted,76.5,773,9,GCGTTGCGTGCCGGCATTAG,764,4165294
yadE_predicted,0.2,10,9,GCGGGGCTCAGTATACGAGT,1,4178247
yadE_predicted,0.2,10,9,GCGGCTCCATAAGAAAAGGA,1,4163070
yadE_predicted,0.3,11,9,GCGCATAGGGCGATTTACAT,2,4184194
yadE_predicted,0.9,17,9,GCGACTTCGCGTCAGAAGCT,8,4236343
yadE_predicted,0.2,10,9,GCCTCCTCGAGGCAGGGCAG,1,4209946
yadE_predicted,0.3,11,9,GCACTACAGGTCATTAATGT,2,4183623
yadE_predicted,0.2,10,9,GCAATGCCCGATTTTCCCGG,1,4166742
yadE_predicted,0.6,14,9,GCAAGTCCGGCAAAAATGGT,5,4185410
yadE_predicted,0.2,10,9,GATCGCTGTCCTGCAATCAC,1,4217741
yadE_predicted,0.2,10,9,GATAGACAATTTATCATTTG,1,4203238
yadE_predicted,1.0,18,9,GAGCCGAAAAGGAACGATTC,9,4187934
yadE_predicted,0.4,12,9,GACTTGCTTCACTAGCTCTA,3,4205269
yadE_predicted,0.3,11,9,GACTGCGACTGCGGAGCCCA,2,4223336
yadE_predicted,0.2,10,9,GACCCATCTAACGGCTCTTT,1,4197446
yadE_predicted,0.4,12,9,CTTTGCCAGCAGCGGGGGAT,3,4211859
yadE_predicted,0.3,11,9,CTTGTAGTACGAATCTCCCA,2,4230249
yadE_predicted,0.3,11,9,CTGCTTGGCCACGTGGGCTC,2,4179830
yadE_predicted,1.1,19,9,CTGCCTTAAGTATTTAACGG,10,4189719
yadE_predicted,0.2,10,9,CTCTTTTACTAAAGACGTTG,1,4206095
yadE_predicted,0.2,10,9,CTCGACCTTACGAAAGTGTG,1,4178184
yadE_predicted,0.6,14,9,CTCAGCATGCAATGATACAC,5,4195218
yadE_predicted,0.9,17,9,CTCACCCGAGGGTCTCGATA,8,4174387
yadE_predicted,18.7,195,9,CTACATTATTGGATACCATA,186,4214126
yadE_predicted,0.2,10,9,CGGTGACGATCACGTGGTTC,1,4222099
yadE_predicted,0.5,13,9,CGGGGCAATTCTCATTTAGT,4,4168770
yadE_predicted,0.2,10,9,CGGCGCTTCCCACCTATTTA,1,4203963
yadE_predicted,0.9,17,9,CGGAGTAATAGACCACAGGG,8,4226341
yadE_predicted,99.9,1007,9,CGGAAAAGGTATAGTGTCAT,998,4169243
yadE_predicted,0.4,12,9,CCTGCCTGGAAAGCAACCCG,3,4169141
yadE_predicted,0.2,10,9,CCTAACTCAGCAGTTACACG,1,4238342
yadE_predicted,0.2,10,9,CCGCGACCGCACAACCCGGT,1,4175678
yadE_predicted,0.2,10,9,CCGATCCAGGCCTCCTTGCA,1,4160617
yadE_predicted,0.2,10,9,CCCCGCCATAACAAGCTAGG,1,4170207
yadE_predicted,0.2,10,9,CCCAGTCATAATCGTCGAAC,1,4198615
yadE_predicted,43.9,447,9,CCAGGGTTCCAGTCTTCATT,438,4195752
yadE_predicted,0.9,17,9,CATTGTAACCGGGCGGAGAT,8,4225794
yadE_predicted,0.4,12,9,CATTATGCTCTGACAGGTTC,3,4213374
yadE_predicted,0.3,11,9,CAGTTTAGAGTCTAATTGCT,2,4208486
yadE_predicted,0.2,10,9,CAGGCCATGTCCCACTCCCG,1,4171356
yadE_predicted,0.8,16,9,CACTCTGGCACGATACCTGC,7,4185839
yadE_predicted,19.2,200,9,CACTCGCCATTTTTATGTGG,191,4210020
yadE_predicted,0.5,13,9,CACGGCAGTCAGCATGAAAA,4,4233116
yadE_predicted,0.2,10,9,CACGACAGTTAGACTCATTT,1,4235497
yadE_predicted,0.9,17,9,CAAGAAACGGTTCGAATGCT,8,4168553
yadE_predicted,1.1,19,9,CAAATTGAAACTCCGTCGGT,10,4222592
yadE_predicted,63.4,642,9,ATTGATTCATTTAAAGGCTT,633,4214526
yadE_predicted,0.2,10,9,ATTCCACCAGGGGTAAAATT,1,4168881
yadE_predicted,69.7,705,9,ATTACAGCAACCAAGCATCA,696,4185219
yadE_predicted,0.4,12,9,ATGGTCAGGCAAAAGTCTAA,3,4184021
yadE_predicted,72.3,731,9,ATGGGCGATCTATTACACGT,722,4164233
yadE_predicted,0.3,11,9,ATATCAACCACTGCAAACGT,2,4189143
yadE_predicted,0.6,14,9,AGTTAGCTAAGATTTTCTAC,5,4240135
yadE_predicted,0.3,11,9,AGTCAGACAAAATGTGAGCT,2,4206088
yadE_predicted,0.2,10,9,AGGACCCCGATTGCCGTTAA,1,4216745
yadE_predicted,0.3,11,9,AGCGGGCATATCTCGGGCTA,2,4188464
yadE_predicted,1.0,18,9,AGATTAACTGCCCTACAGTC,9,4176735
yadE_predicted,0.7,15,9,AGATACGTGCACGGCTCCTT,6,4183313
yadE_predicted,0.2,10,9,ACTTCATAGCCACCCCGCCT,1,4163343
yadE_predicted,0.2,10,9,ACTATGGCCGGTCAAAAGGA,1,4167121
yadE_predicted,0.5,13,9,ACGGTTAAGCTGGCCCTACA,4,4161613
yadE_predicted,0.2,10,9,ACCGTCCTCTTTCGCGCCTA,1,4217076
yadE_predicted,0.4,12,9,ACAGTTTAGTAACGTCCCAA,3,4238432
yadE_predicted,44.0,448,9,ACACGGCCGCTCATCTGCGC,439,4217658
yadE_predicted,0.2,10,9,AATCTCTTTAATCCATGCAG,1,4172542
yadE_predicted,0.5,13,9,AATAGGGTTTCGTTCGGGCG,4,4207086
yadE_predicted,1.1,19,9,AACGTCGCCAGAGCGCGGCA,10,4223092
yadE_predicted,0.3,11,9,AAATTAGCCACGTTTTTTTG,2,4164899
yadE_predicted,77.5,783,9,AAAATTTGGTGCCCCTACGT,774,4182293
yadE_predicted,0.5,13,9,AAAAGTTATACATGGGGGAA,4,4166578
yadE_predicted,0.2222222222222222,9,8,TTTCAAGGTCTCAGACAGAC,1,4211513
yadE_predicted,0.4444444444444444,11,8,TTGTGATCATTGCTTGTTAG,3,4204606
yadE_predicted,0.2222222222222222,9,8,TTGCCGTATTATAGGCCCAT,1,4221819
yadE_predicted,0.7777777777777778,14,8,TTCTGTGTCGGGAAGCCGCC,6,4224908
yadE_predicted,1.0,16,8,TTCGCCATGATTCTCGGCTA,8,4198495
yadE_predicted,0.2222222222222222,9,8,TTCCGTGACCTACAAGTATT,1,4205382
yadE_predicted,0.2222222222222222,9,8,TTATCTCTGTCATTTTTTGA,1,4192492
yadE_predicted,31.88888888888889,294,8,TTACATGAAGCTATATTCAG,286,4164236
yadE_predicted,0.2222222222222222,9,8,TGTGTCTTAAATGCAACGCT,1,4162460
yadE_predicted,0.4444444444444444,11,8,TGGCTAGATGCTTCGTGCGA,3,4221854
yadE_predicted,0.2222222222222222,9,8,TGCTAATAGTGGTCCTGTGA,1,4207286
yadE_predicted,0.2222222222222222,9,8,TGCCCTTTAGTACCTCAGTA,1,4176359
yadE_predicted,0.3333333333333333,10,8,TGATTGTGTGCGTCCGATGC,2,4227417
yadE_predicted,0.2222222222222222,9,8,TGATAAATCAAATGGGCTTC,1,4202445
yadE_predicted,0.2222222222222222,9,8,TCTGCCGATCCTTAGAGGAC,1,4194998
yadE_predicted,0.6666666666666666,13,8,TCTGATCACAAAAGATTCCT,5,4174426
yadE_predicted,0.8888888888888888,15,8,TCTGAACCACGATACGAAGG,7,4197550
yadE_predicted,36.666666666666664,337,8,TCTCTCGAATGGGTCCAGAT,329,4160114
yadE_predicted,0.2222222222222222,9,8,TCTACTTGTCTAACGGCCTA,1,4166563
yadE_predicted,0.4444444444444444,11,8,TCGTAAAAGTACTATTACAC,3,4188149
yadE_predicted,0.6666666666666666,13,8,TCGAGATCACCATATGGGGT,5,4207430
yadE_predicted,0.2222222222222222,9,8,TCGAACAGCTAGTGAGTCCA,1,4185051
yadE_predicted,0.2222222222222222,9,8,TCCGCGAATGTTGAGACCCT,1,4193168
yadE_predicted,0.2222222222222222,9,8,TCCATGGCTTTGTCGAAGCC,1,4214155
yadE_predicted,0.2222222222222222,9,8,TCCAGGGAAGGGGCACGGCG,1,4162510
yadE_predicted,0.2222222222222222,9,8,TCCACCAACCGTTAACCAGG,1,4221192
yadE_predicted,0.8888888888888888,15,8,TCACTCTCCCGAGCTTGACT,7,4168769
yadE_predicted,0.8888888888888888,15,8,TCACTCCTCGTCATAGTGTG,7,4224894
yadE_predicted,0.2222222222222222,9,8,TCACAAATCCGTTCTTCTTA,1,4218376
yadE_predicted,1.1111111111111112,17,8,TATCTCTCACAATTATATGG,9,4185411
yadE_predicted,0.2222222222222222,9,8,TAGGCCTTTCACGTGGAATC,1,4170876
yadE_predicted,0.7777777777777778,14,8,TAGAGCCCACGTTGCCCTAT,6,4176876
yadE_predicted,0.4444444444444444,11,8,TACGCAACGTTACAGAACCC,3,4164223
yadE_predicted,0.2222222222222222,9,8,TAAGGGGTAGCTGTGGCGCA,1,4160066
yadE_predicted,0.6666666666666666,13,8,TAACGACGCAAGGTAGGGTA,5,4200279
yadE_predicted,0.2222222222222222,9,8,GTTCGATTCTGGCCTAGCAG,1,4212173
yadE_predicted,0.2222222222222222,9,8,GTTCGAACCCGTCTTCCACA,1,4174516
yadE_predicted,0.6666666666666666,13,8,GTTACCCATGGAACACAAGA,5,4180826
yadE_predicted,45.22222222222222,414,8,GTGTACAATGCCGACGTGTC,406,4197477
yadE_predicted,0.2222222222222222,9,8,GTCATGATTTTGGGTGCTTT,1,4180142
yadE_predicted,0.2222222222222222,9,8,GTACCAAACTTCCGCGCACA,1,4237955
yadE_predicted,0.7777777777777778,14,8,GGTAATCCGCCTAAACATGT,6,4166676
yadE_predicted,0.3333333333333333,10,8,GGGGCGCCGTACGGGATTCC,2,4172507
yadE_predicted,45.44444444444444,416,8,GGGCTTCCATCGTACTAGGC,408,4176746
yadE_predicted,0.8888888888888888,15,8,GGCTAACCTACTTAGTAGTG,7,4164237
yadE_predicted,0.7777777777777778,14,8,GGCGTACACCACTTCCTTAA,6,4181857
yadE_predicted,0.2222222222222222,9,8,GGATTGCAACGTAGTATGCG,1,4159967
yadE_predicted,63.77777777777778,581,8,GGACCGATACAGCCTCTCCA,573,4193038
yadE_predicted,0.7777777777777778,14,8,GGAAGAGTAACACGGGTCTG,6,4196418
yadE_predicted,0.6666666666666666,13,8,GGAAAAATACGAAGCCATTA,5,4175157
yadE_predicted,0.3333333333333333,10,8,GCTTCAAGTAATGGGAGTCA,2,4219286
yadE_predicted,0.3333333333333333,10,8,GCGTCACTCTGATCAGGAAG,2,4169096
yadE_predicted,0.4444444444444444,11,8,GCGTCAACCTCTTTTCAATT,3,4166795
yadE_predicted,0.2222222222222222,9,8,GCGGACGATGTTAACTCGTT,1,4218566
yadE_predicted,0.8888888888888888,15,8,GCCTTCCTTCGTTCGGGTGA,7,4169512
yadE_predicted,0.2222222222222222,9,8,GCCCAGCCACTTCGTAGTGT,1,4216585
yadE_predicted,0.2222222222222222,9,8,GCAGGCGACTGCGCCGTCAG,1,4180638
yadE_predicted,0.5555555555555556,12,8,GATTCTCTGATAGTCCATCA,4,4229071
yadE_predicted,0.4444444444444444,11,8,GATCGTTTTAAAATGTCCTG,3,4206224
yadE_predicted,0.8888888888888888,15,8,GATCGACTCTGTTGAATGGA,7,4165406
yadE_predicted,0.2222222222222222,9,8,GAGTACTGCCATCGCGCTCA,1,4177412
yadE_predicted,0.2222222222222222,9,8,GAGATTACTATAGACACCGT,1,4216567
yadE_predicted,0.4444444444444444,11,8,GAGACTCGGTGGATTCGGAG,3,4182237
yadE_predicted,0.2222222222222222,9,8,GAGAAAACGAACATGCGGTG,1,4211989
yadE_predicted,0.5555555555555556,12,8,CTTTCAAGCGCACTGGCTCG,4,4205775
yadE_predicted,0.6666666666666666,13,8,CTTTATTCACCGTCCTTGAC,5,4183573
yadE_predicted,0.2222222222222222,9,8,CTTTAGTTCCACTAAAATTT,1,4164405
yadE_predicted,0.4444444444444444,11,8,CTGTGGGCCTGATGGCAAAT,3,4210409
yadE_predicted,0.2222222222222222,9,8,CTGTAAAAGCCGTCGTCATC,1,4218213
yadE_predicted,0.3333333333333333,10,8,CTGCAAGTTTACTCTTCACT,2,4193625
yadE_predicted,1.0,16,8,CTCTCGAGTACGTTTATTGT,8,4165924
yadE_predicted,0.2222222222222222,9,8,CTCTACGGACTAAGAATTGA,1,4198183
yadE_predicted,0.2222222222222222,9,8,CGTGCCCAATGTGCTAGACC,1,4235700
yadE_predicted,0.2222222222222222,9,8,CGGGTTCTCCGAGCTGAGTA,1,4164188
yadE_predicted,0.2222222222222222,9,8,CGGGTTCGGTCAACGGAAAG,1,4238658
yadE_predicted,0.2222222222222222,9,8,CGGCAAAACGAAGTCCGTAT,1,4189887
yadE_predicted,8.555555555555555,84,8,CGCCTCAACATCTAACGCTG,76,4219831
yadE_predicted,0.2222222222222222,9,8,CGCCATCTTATTCCGCCGTG,1,4220248
yadE_predicted,0.3333333333333333,10,8,CGATGACACGGCCTAAGCTC,2,4231644
yadE_predicted,0.4444444444444444,11,8,CGAGGCTTCCTGTAGTTCGT,3,4168422
yadE_predicted,0.2222222222222222,9,8,CGAACCCGATAGGAATCCGA,1,4162746
yadE_predicted,0.5555555555555556,12,8,CGAAAAGACTGCGGGAACCT,4,4179019
yadE_predicted,0.3333333333333333,10,8,CCTCGGCGTTACGGTACTAT,2,4237729
yadE_predicted,5.0,52,8,CCTCCCCTGATTTATAGTTC,44,4222131
yadE_predicted,0.5555555555555556,12,8,CCTAACCGGTCTGACCGGCA,4,4195762
yadE_predicted,0.4444444444444444,11,8,CCGTGCCCAGTGCGGAGTTC,3,4230839
yadE_predicted,15.88888888888889,150,8,CCGCGGCTGCCCGAATATAA,142,4223900
yadE_predicted,0.2222222222222222,9,8,CCGCCGCCAGCTCCGTCGTG,1,4171725
yadE_predicted,0.2222222222222222,9,8,CCGACACGTGCCGTTACTGT,1,4228596
yadE_predicted,83.77777777777777,761,8,CCCCTATTCCATGACGACCC,753,4168614
yadE_predicted,1.4444444444444444,20,8,CCCATCGGTTGCTCTAGCAT,12,4230407
yadE_predicted,0.2222222222222222,9,8,CCCACAGGCTTTTATGTAAA,1,4199009
yadE_predicted,0.4444444444444444,11,8,CATCATATGGAAAGACGATG,3,4187241
yadE_predicted,0.5555555555555556,12,8,CATACCTGCGCATCATAGCA,4,4239714
yadE_predicted,0.2222222222222222,9,8,CATAAGTTGACCTCGATCAT,1,4236464
yadE_predicted,0.2222222222222222,9,8,CAGTCTAGGTAGCATTGTTT,1,4220919
yadE_predicted,0.2222222222222222,9,8,CAGTAATGAACAATATACGT,1,4221042
yadE_predicted,0.3333333333333333,10,8,CAGCTTGTGACTGCACGCGA,2,4173204
yadE_predicted,0.2222222222222222,9,8,CACCCGTAGGGTACTTCAGA,1,4161491
yadE_predicted,0.5555555555555556,12,8,CACATACATTAATTGTCTTA,4,4170649
yadE_predicted,0.8888888888888888,15,8,CAACACCGCTCAGTGGGGTG,7,4201105
yadE_predicted,0.5555555555555556,12,8,ATTGCAGTACCTCGAGGCCC,4,4234529
yadE_predicted,0.2222222222222222,9,8,ATTCGAAGTTTCCTATTTTA,1,4208852
yadE_predicted,0.2222222222222222,9,8,ATGTAATACCGACCGTAGCA,1,4204621
yadE_predicted,1.0,16,8,ATGGGCATTTTTATTATTAG,8,4224756
yadE_predicted,0.2222222222222222,9,8,ATGATAGTAGGAAACTCCCC,1,4169670
yadE_predicted,0.2222222222222222,9,8,ATCTTCGACGTGGTGGTCAA,1,4217071
yadE_predicted,0.5555555555555556,12,8,ATCCATGATGACTGCTAATC,4,4165747
yadE_predicted,1.0,16,8,ATATATTCTAAAGATAGTGA,8,4230220
yadE_predicted,0.2222222222222222,9,8,AGTTGGCGCCGGATTCATCA,1,4203263
yadE_predicted,0.2222222222222222,9,8,AGTCTCGGAAAGTCGCTAGG,1,4189199
yadE_predicted,0.4444444444444444,11,8,AGGCCAAAGGGCTGTGCTAG,3,4183245
yadE_predicted,0.2222222222222222,9,8,AGGACACGGGACCGGCGGGG,1,4198840
yadE_predicted,47.22222222222222,432,8,AGCCTTTCAACCAACTTTAT,424,4185834
yadE_predicted,0.4444444444444444,11,8,AGCAGCGCGCATCAGGATTT,3,4166874
yadE_predicted,0.3333333333333333,10,8,AGATGAACCTCCTGGGCGTA,2,4167841
yadE_predicted,0.2222222222222222,9,8,ACTGTTACCGACACCATGTT,1,4167290
yadE_predicted,0.7777777777777778,14,8,ACTCGGTTCGACTCCCCTGG,6,4166817
yadE_predicted,0.2222222222222222,9,8,ACTCAATGATCGGCCTGTCT,1,4186205
yadE_predicted,0.2222222222222222,9,8,ACTAAGATATTCGATTTAGT,1,4200584
yadE_predicted,0.3333333333333333,10,8,ACGTTCATCAAGGTTTTATG,2,4192770
yadE_predicted,0.2222222222222222,9,8,ACCAAACCTTGTTGTAGGAC,1,4161798
yadE_predicted,0.4444444444444444,11,8,ACATCTAACAAATACGACAA,3,4233809
yadE_predicted,0.2222222222222222,9,8,ACATCCAGTATCCGTCTTAG,1,4173494
yadE_predicted,59.888888888888886,546,8,ACATCACAGACGCTGGACAC,538,4230859
yadE_predicted,0.4444444444444444,11,8,ACAGGTATATTCCACTTACA,3,4163515
yadE_predicted,1.1111111111111112,17,8,ACAAAATAGGAGGGGAGGCT,9,4189895
yadE_predicted,53.888888888888886,492,8,AAGCGACGGACTGTAGGGGA,484,4161271
yadE_predicted,0.2222222222222222,9,8,AAGAGTTTCATCGACGCTCA,1,4190137
yadE_predicted,0.2222222222222222,9,8,AACGTGGCTCGTCCCTAATA,1,4186437
yadE_predicted,0.3333333333333333,10,8,AACAATCGCTGTCTGGGGCA,2,4199756
yadE_predicted,0.8888888888888888,15,8,AAAGGCAGATCGTCGCATAT,7,4193503
yadE_predicted,0.3333333333333333,10,8,AAAGGCAGAATGACTCGGGT,2,4225165
yadE_predicted,0.3333333333333333,10,8,AAAGATGGCGAGTTTGTTTC,2,4226381
yadE_predicted,1.3333333333333333,19,8,AAAGAGCTGGCCCTAGCTCG,11,4193613
yadE_predicted,0.4444444444444444,11,8,AAACTTGGACCCGTCCAGGA,3,4180958
yadE_predicted,0.25,8,7,TTTGTCTGCGCATACCGTGT,1,4174942
yadE_predicted,1.0,14,7,TTTCCGCTAATCTGAATCCG,7,4177823
yadE_predicted,0.25,8,7,TTTAACATATGTTATCCACT,1,4173037
yadE_predicted,0.25,8,7,TTGCCCTAGAGGGCATGCGT,1,4211033
yadE_predicted,1.75,20,7,TTGAACACATAGTAGGCACA,13,4216200
yadE_predicted,79.875,645,7,TTATTTGATCGCATTCTCCC,638,4218034
yadE_predicted,0.75,12,7,TTATCCGGTAGAGGCTAGAG,5,4180304
yadE_predicted,0.25,8,7,TTATCACTATGTGTACCATG,1,4193163
yadE_predicted,0.25,8,7,TTACTTTAGTGTCCTCAAGA,1,4222055
yadE_predicted,1.375,17,7,TTAAAACCGGGACAGGAACT,10,4223523
yadE_predicted,0.25,8,7,TGTATGTGCATCTGGATCTC,1,4162974
yadE_predicted,0.5,10,7,TGTAGTCTGGCTTAAAGTGG,3,4233143
yadE_predicted,106.875,861,7,TGGGCTCTCCACTGATCGAG,854,4187441
yadE_predicted,0.25,8,7,TGGCCTAGCATTAGCAAAGT,1,4200588
yadE_predicted,0.875,13,7,TGGCAGGCGAGGTTCTGTAT,6,4170050
yadE_predicted,79.5,642,7,TGGACACATACCATCCGCGA,635,4182652
yadE_predicted,0.25,8,7,TGGAAAAGTTTTATGGCTAG,1,4182596
yadE_predicted,0.25,8,7,TGCCTGGAGGGCGAGGATTA,1,4185419
yadE_predicted,0.5,10,7,TGCCGAAGATGGGATAAGTT,3,4174856
yadE_predicted,0.25,8,7,TGATGCTCCATAGTTTCCCG,1,4188678
yadE_predicted,0.5,10,7,TGACGCCGGCCTAGTCGTAC,3,4160351
yadE_predicted,16.0,134,7,TCTGGCTTGGACAGGATTCA,127,4199270
yadE_predicted,0.25,8,7,TCTCGTTCAAATGAGCCCGT,1,4212925
yadE_predicted,0.25,8,7,TCTACGACGAATAATCTCTT,1,4221683
yadE_predicted,0.375,9,7,TCGTGGTAAAGTTGCATCAC,2,4161720
yadE_predicted,0.25,8,7,TCGTCACTGGTCGGAGGTTC,1,4190400
yadE_predicted,0.25,8,7,TCGTAGAAGCGGCGCCAAGG,1,4206460
yadE_predicted,0.25,8,7,TCGAGAGGCTTACTTGGACT,1,4208050
yadE_predicted,0.375,9,7,TCCTTTTCAACAATTTTATA,2,4227387
yadE_predicted,7.625,67,7,TCCGCAACCTTCAATAGTAG,60,4233938
yadE_predicted,1.125,15,7,TCAGTTTGTAACGTGTATAC,8,4203872
yadE_predicted,119.875,965,7,TCACAGTAGGTAGTTCGTAT,958,4209070
yadE_predicted,107.5,866,7,TATTGGAACCTGATAAGCGT,859,4207311
yadE_predicted,0.25,8,7,TATGGCCCACTGAAATAAGT,1,4192401
yadE_predicted,0.375,9,7,TATGGATACAGAACAGTATC,2,4211004
yadE_predicted,0.375,9,7,TAGGCAGTAGGAACAGTGTT,2,4166116
yadE_predicted,1.0,14,7,TAGCTACCGTATCCAAGGCG,7,4185823
yadE_predicted,0.25,8,7,TAGCATTGGACCGAGGTCGT,1,4201167
yadE_predicted,1.125,15,7,TACTCAGCTATGCTAGCCGA,8,4204500
yadE_predicted,0.25,8,7,TACCCGCAAGGAGTGTCGGG,1,4169132
yadE_predicted,1.25,16,7,TACCAAATGCTGGCGTCCGT,9,4217272
yadE_predicted,0.25,8,7,TACATATTTTTCATTGATGC,1,4160194
yadE_predicted,0.25,8,7,TAAACGACTGTTCGCTATGA,1,4173807
yadE_predicted,0.25,8,7,GTTGGGACGTTGTCACGAAG,1,4186045
yadE_predicted,0.375,9,7,GTTAAGGGCTCCAAGAGTAG,2,4205346
yadE_predicted,102.875,829,7,GTCTCAGTGTCTACAAGATT,822,4178576
yadE_predicted,0.25,8,7,GTCGGCCGAACCGTGAACCA,1,4213257
yadE_predicted,0.25,8,7,GTCGAATTACGGCAAAGGTA,1,4198106
yadE_predicted,0.25,8,7,GTCAGAAGCTCGATGGAACG,1,4230366
yadE_predicted,41.25,336,7,GTACACCTCAGGTGTAGTAT,329,4169914
yadE_predicted,0.25,8,7,GTAACTGCGTTTAAGGGGTA,1,4239025
yadE_predicted,0.625,11,7,GTAACGAGTCCGAAGAACTG,4,4171585
yadE_predicted,0.25,8,7,GGTCTGACGCTAGCTTGTTA,1,4196500
yadE_predicted,0.25,8,7,GGTATTGGCGGCTTCGCCAT,1,4186575
yadE_predicted,0.625,11,7,GGGTTCGAAATAAGAGGTCC,4,4174441
yadE_predicted,0.25,8,7,GGGTGCAAGGTTCAGTTAAG,1,4223611
yadE_predicted,0.25,8,7,GGCTAGTGTTTTGCCGAGTA,1,4175917
yadE_predicted,0.75,12,7,GGCGGGCAGTCGCGGTCCCT,5,4182329
yadE_predicted,1.0,14,7,GGCGAGATTTGCGATAAATC,7,4185312
yadE_predicted,0.5,10,7,GGCATATAGCTAGATATCCG,3,4180779
yadE_predicted,0.625,11,7,GGAGGCTGGTAAAGTTGAAG,4,4238091
yadE_predicted,1.375,17,7,GCTAGGCCTCTACGGCTATT,10,4218500
yadE_predicted,0.75,12,7,GCGTGACCGTAGCGGCCAGT,5,4163210
yadE_predicted,0.875,13,7,GCGGTCACTTGAAGGGTAAT,6,4181185
yadE_predicted,11.0,94,7,GCGCTGGCCATCTGTCTTCC,87,4170596
yadE_predicted,0.25,8,7,GCGCGGCGGAATGCCCCGCC,1,4217358
yadE_predicted,0.25,8,7,GCCTTTCGGAAAGGCACCTT,1,4167383
yadE_predicted,0.5,10,7,GCCGGACGTGCATTGACGAC,3,4205359
yadE_predicted,0.75,12,7,GCCAAGGTGGGCAGGGCGAA,5,4187634
yadE_predicted,0.375,9,7,GCACCTTAATATGGAGCTAT,2,4213729
yadE_predicted,0.25,8,7,GCAATACTTTTCTTTAAACT,1,4167161
yadE_predicted,0.5,10,7,GATAGAGGTCTAGTACTCCG,3,4159907
yadE_predicted,0.375,9,7,GAGTAACCCTGTTTCAAGGT,2,4191912
yadE_predicted,0.25,8,7,GAGCGCCCGGATTGGTTTCA,1,4161696
yadE_predicted,0.25,8,7,GACTTCCAGCGCTATGCTCC,1,4234960
yadE_predicted,1.0,14,7,GACTTAAGTTTCAAAGGCAG,7,4181799
yadE_predicted,0.375,9,7,GACTCTAGTGCAGATCTCAT,2,4162859
yadE_predicted,84.125,679,7,GAATAAGAACTGGAGCGCAT,672,4175746
yadE_predicted,0.375,9,7,GAAGTAGGTTTCCCACATAG,2,4197667
yadE_predicted,0.25,8,7,GAAGGAGCCTATGCAATTTG,1,4175035
yadE_predicted,0.375,9,7,GAAAGCTAGGTTGCCTTAGG,2,4175935
yadE_predicted,0.5,10,7,CTTGCAAGCGCCTTTAATAT,3,4234785
yadE_predicted,0.625,11,7,CTTAGTGTGTAAATACCGAC,4,4183258
yadE_predicted,0.5,10,7,CTGGTATTACTATTATGCTG,3,4231385
yadE_predicted,0.875,13,7,CTCCAGTGTATTGCTATCTA,6,4165947
yadE_predicted,0.875,13,7,CTCCAATTTGGGTTCCAACT,6,4212145
yadE_predicted,0.75,12,7,CTCAACTAGGCGAAGATAGT,5,4214296
yadE_predicted,83.125,671,7,CTATTGGCAGACGAATGACG,664,4186279
yadE_predicted,0.375,9,7,CGTGTACGGGGTGGGGCGCT,2,4196230
yadE_predicted,0.75,12,7,CGTGGGGGCCACTTCTCCGT,5,4192848
yadE_predicted,0.25,8,7,CGGTCCATGCATTGCGTTTC,1,4181463
yadE_predicted,0.5,10,7,CGCTATCGTGAGGGTTGATA,3,4217099
yadE_predicted,0.25,8,7,CGCGTCTGTCCTAGCAATTT,1,4161959
yadE_predicted,0.875,13,7,CGCGGCGGAGCTACGCTTAC,6,4218412
yadE_predicted,0.5,10,7,CCTCTGCCGGGAGGCTGCGA,3,4176648
yadE_predicted,0.875,13,7,CCTCGTACCTCCGGGGAAGA,6,4163402
yadE_predicted,0.75,12,7,CCGTCGGTGGACATTGAAAT,5,4176261
yadE_predicted,0.25,8,7,CCGGATTAATGTCAGCTCGT,1,4214718
yadE_predicted,0.25,8,7,CCGCGCATTAAGTTCTGAGG,1,4196520
yadE_predicted,0.625,11,7,CCCGAAATCCTCAGCCAAGA,4,4192028
yadE_predicted,0.25,8,7,CCCCGCCTTCTAAGAAGGGA,1,4161288
yadE_predicted,0.25,8,7,CCCATCTCAGCGCACGTAGT,1,4173961
yadE_predicted,1.125,15,7,CATGTGTGAAATAGGACGAA,8,4221908
yadE_predicted,48.625,395,7,CATATACAACCAGGCTCTCT,388,4223568
yadE_predicted,0.25,8,7,CAGTAAAACGAATACTTATT,1,4227662
yadE_predicted,0.375,9,7,CAGGGGGGCCACCAATGGTC,2,4207438
yadE_predicted,1.25,16,7,CAGCACAATAAGGACAGCCC,9,4227244
yadE_predicted,0.25,8,7,CAATTGCTGGTAATAGGGAA,1,4209077
yadE_predicted,0.625,11,7,CAAGTTCACCGGGTTTCGTG,4,4208846
yadE_predicted,0.25,8,7,CAAACAATTACTCCTTGCTC,1,4159675
yadE_predicted,0.375,9,7,ATTTCGTTGTGGTCGTAAAT,2,4209088
yadE_predicted,2.0,22,7,ATTGCGGCCACGACGAACGA,15,4235357
yadE_predicted,0.25,8,7,ATGTTGCCGAAGTTGAGGGT,1,4172893
yadE_predicted,0.25,8,7,ATGGATTTTTTCTTGCCGAG,1,4176888
yadE_predicted,0.25,8,7,ATGGATTATGACGTGGAACG,1,4159602
yadE_predicted,0.625,11,7,ATAGGCCCAAACTGTCTCTA,4,4236587
yadE_predicted,0.375,9,7,ATACTATTAGGGTGCTGTCA,2,4169323
yadE_predicted,0.25,8,7,AGTCGTCCCGGGGTGCTGGG,1,4222545
yadE_predicted,0.25,8,7,AGCGGCTAGGATTGAGATGA,1,4180721
yadE_predicted,0.25,8,7,AGCGCAGGGAGGTGCATGAT,1,4160966
yadE_predicted,1.125,15,7,AGCGCAAACAATCTGCTGGG,8,4173802
yadE_predicted,0.25,8,7,AGCGAAGGTACCTTTAAGGT,1,4208729
yadE_predicted,46.125,375,7,AGCCCAGTCTAACAGTTGGC,368,4225730
yadE_predicted,0.25,8,7,AGAGAATCGTAGTAGAGGTC,1,4212964
yadE_predicted,0.375,9,7,AGAACTTAGAGATATGTTTT,2,4186976
yadE_predicted,0.375,9,7,ACTCGCAATGTAATTGGGGA,2,4227525
yadE_predicted,0.25,8,7,ACGCGGAGTCGCCGATACGT,1,4215962
yadE_predicted,0.25,8,7,ACGCCTCTCGACTAATTGAG,1,4177321
yadE_predicted,0.25,8,7,ACGACGGTTGAACGCTCCCC,1,4198541
yadE_predicted,0.25,8,7,ACCTGAGTACAGTTTCTAAT,1,4233276
yadE_predicted,0.25,8,7,ACCGTGGTGTTTATCCTTTT,1,4235330
yadE_predicted,0.25,8,7,ACCGATGACATTGAAGTTGC,1,4233808
yadE_predicted,0.75,12,7,ACACCCCCAGCTGAAATAAC,5,4225663
yadE_predicted,0.25,8,7,ACACCATTGGTGCCACAGTG,1,4200460
yadE_predicted,0.375,9,7,ACAACACTAAGTGTTACGGG,2,4166630
yadE_predicted,1.0,14,7,AAGTTTAGGATGGGAGTCTT,7,4161296
yadE_predicted,0.25,8,7,AAGTACGATTGAGCGGATAC,1,4205871
yadE_predicted,0.25,8,7,AACGGCATTTGCGCAGCCAG,1,4237068
yadE_predicted,0.25,8,7,AACACAACTGTCACTGTTGA,1,4206087
yadE_predicted,0.625,11,7,AAATGACGTTTCACAACCGG,4,4232620
yadE_predicted,0.625,11,7,AAACTAGGTGATCCTTTAAC,4,4179615
yadE_predicted,0.42857142857142855,8,6,TTTTAGGTAGATCGAGCCAA,2,4176262
yadE_predicted,1.5714285714285714,16,6,TTTCTCTAGACGGCGTTGAA,10,4185484
yadE_predicted,0.2857142857142857,7,6,TTTCCCCTTCGACCAAATTA,1,4172413
yadE_predicted,0.5714285714285714,9,6,TTTATACCTTTGCTTATAGT,3,4218332
yadE_predicted,0.2857142857142857,7,6,TTGCACGGACATGGATGGGA,1,4207495
yadE_predicted,0.42857142857142855,8,6,TTGAATTGACAGGTCTTCAC,2,4162866
yadE_predicted,0.5714285714285714,9,6,TTCCGTGAATCAAGATTGAA,3,4226589
yadE_predicted,1.0,12,6,TTCAAAGAGACAACGTGTGG,6,4204754
yadE_predicted,0.2857142857142857,7,6,TTATACCCTTGAGGCTTTTG,1,4216833
yadE_predicted,0.42857142857142855,8,6,TTAGTGCATGATCGACGAAC,2,4184857
yadE_predicted,1.1428571428571428,13,6,TTACTAAGTTGAATCGACGA,7,4221375
yadE_predicted,0.2857142857142857,7,6,TGTTTTGAGCACAATTGGAC,1,4186522
yadE_predicted,0.2857142857142857,7,6,TGTTCGCGCCCGTCGCCTAC,1,4176616
yadE_predicted,0.2857142857142857,7,6,TGTGATCGTCGGAAGACAGC,1,4237476
yadE_predicted,0.2857142857142857,7,6,TGGTTTACATCGAATGATAT,1,4185279
yadE_predicted,0.2857142857142857,7,6,TGGCGGTGTTGTGGGTCTTC,1,4178658
yadE_predicted,0.2857142857142857,7,6,TGGAGTCGAAGTCTGGCGAG,1,4182801
yadE_predicted,0.2857142857142857,7,6,TGCTCTGATGCGATGGAGGT,1,4210770
yadE_predicted,0.7142857142857143,10,6,TGCTACTGCTAGGGAAATGT,4,4162610
yadE_predicted,0.2857142857142857,7,6,TGCGAATTTGAACTCCGTGA,1,4177552
yadE_predicted,0.42857142857142855,8,6,TGCCTTTCGTTGGCTATACT,2,4166219
yadE_predicted,0.2857142857142857,7,6,TGATTTATATAACTCGCTCC,1,4192044
yadE_predicted,0.5714285714285714,9,6,TGAACATAATCCCCGTGGAG,3,4210798
yadE_predicted,0.42857142857142855,8,6,TGAAAGTGGAGCCTCTAATC,2,4206753
yadE_predicted,0.7142857142857143,10,6,TCTGGCGTCCTATACTACCT,4,4193007
yadE_predicted,0.2857142857142857,7,6,TCTAACACTACTGGTATCGG,1,4191911
yadE_predicted,0.2857142857142857,7,6,TCGTAGCTGCTATGCAGTCA,1,4168533
yadE_predicted,0.8571428571428571,11,6,TCCCCCCAGATCGAATATCT,5,4216906
yadE_predicted,0.42857142857142855,8,6,TCACTTAAAGGTTCAAACTC,2,4216938
yadE_predicted,0.42857142857142855,8,6,TATTGGCAGTGATATTTTGC,2,4194918
yadE_predicted,0.2857142857142857,7,6,TATCGTACAGGCCTCATTTA,1,4237413
yadE_predicted,0.42857142857142855,8,6,TAGGTGGGGGTTAGTTGGTG,2,4234393
yadE_predicted,0.2857142857142857,7,6,TACTTGGTGCGAATTCAACT,1,4210463
yadE_predicted,0.2857142857142857,7,6,TACGAATAGGCTGTCATCGA,1,4234531
yadE_predicted,0.42857142857142855,8,6,TACACGCTCGAAGGGCTATA,2,4196133
yadE_predicted,0.7142857142857143,10,6,TACACCCTCCTTTCGACGTT,4,4162571
yadE_predicted,1.0,12,6,TAAGCCCGGTGATGTACTTA,6,4225968
yadE_predicted,0.7142857142857143,10,6,TAACAGAGTGCTTTTAAGAG,4,4200029
yadE_predicted,0.42857142857142855,8,6,TAAAATGCGTAGCTCAATCT,2,4167738
yadE_predicted,0.2857142857142857,7,6,GTTATAATTGATTGCCTGTA,1,4229961
yadE_predicted,1.7142857142857142,17,6,GTGTGTGTTTCACCACGGGT,11,4203338
yadE_predicted,0.2857142857142857,7,6,GTGGGTTCGTTGGCACACAA,1,4161255
yadE_predicted,2.142857142857143,20,6,GTGACCTATTCGTCGGCAGA,14,4217918
yadE_predicted,1.1428571428571428,13,6,GTCTTCACGTGGCAAGCGTA,7,4192996
yadE_predicted,0.2857142857142857,7,6,GTCTATAACAACACTCTACA,1,4216954
yadE_predicted,0.2857142857142857,7,6,GTCCCTTCACGATCCGACGT,1,4203078
yadE_predicted,1.4285714285714286,15,6,GTATATTCGACATTCCCAGT,9,4237994
yadE_predicted,0.2857142857142857,7,6,GTACCGCCATAGTCAAATAG,1,4173362
yadE_predicted,1.0,12,6,GGTGTTTAGTAAATCGGTAT,6,4213366
yadE_predicted,0.8571428571428571,11,6,GGTGACTGAGCACAGTCTTA,5,4227718
yadE_predicted,0.2857142857142857,7,6,GGTCAGTGGGGCCGAGGCGA,1,4225186
yadE_predicted,0.2857142857142857,7,6,GGGTTCCACGTTTTTATGGA,1,4190181
yadE_predicted,0.5714285714285714,9,6,GGGTCGTCCTCTCGGAATTG,3,4201441
yadE_predicted,0.2857142857142857,7,6,GGGGGGTTGTAATCAAGATC,1,4162532
yadE_predicted,0.2857142857142857,7,6,GGGGGGTGAGTGCGTAGCAT,1,4200105
yadE_predicted,0.2857142857142857,7,6,GGGCGGGGTTTGCTATTGCC,1,4195316
yadE_predicted,0.42857142857142855,8,6,GGGCAACATGTATTAGTGCT,2,4218463
yadE_predicted,0.42857142857142855,8,6,GGCTATCAACTTGAATTCAG,2,4195815
yadE_predicted,0.5714285714285714,9,6,GGCGACAGAGGTCAACACCG,3,4197275
yadE_predicted,0.2857142857142857,7,6,GGCGAACGAGGTAACCAACT,1,4177796
yadE_predicted,0.2857142857142857,7,6,GGCCGTTCTGGACTTGTCGG,1,4225792
yadE_predicted,0.5714285714285714,9,6,GGCCAACTCGATAGTATGTC,3,4190813
yadE_predicted,0.2857142857142857,7,6,GGATTTTCTTAGTAAGTAAA,1,4228758
yadE_predicted,97.85714285714286,690,6,GGATCTGTGAACTTCTCTTA,684,4180238
yadE_predicted,0.7142857142857143,10,6,GGATAATATTTGTGTCCTGT,4,4208188
yadE_predicted,0.2857142857142857,7,6,GGAGTCCAGGGCTGCTTGCA,1,4159817
yadE_predicted,0.2857142857142857,7,6,GGAATTATTGTCGTTGCTTT,1,4200391
yadE_predicted,0.8571428571428571,11,6,GCTACCCACCCGGGCATGTC,5,4177037
yadE_predicted,0.42857142857142855,8,6,GCGCACGGTCCGACACAACA,2,4223472
yadE_predicted,0.5714285714285714,9,6,GCGAGGGACGACCGCGAGGG,3,4178491
yadE_predicted,1.1428571428571428,13,6,GCGAACAGGATAACCCGGTT,7,4221411
yadE_predicted,146.0,1027,6,GCAGGGCGCGTGCGGCGACA,1021,4189812
yadE_predicted,0.2857142857142857,7,6,GCAATACCCCCAAAAAAAGT,1,4203140
yadE_predicted,0.42857142857142855,8,6,GATCCTATTTAGAACTTGGC,2,4208098
yadE_predicted,0.42857142857142855,8,6,GATACCCCGAGACATGGCCC,2,4213663
yadE_predicted,0.42857142857142855,8,6,GAGTAAATTGCCGACCTGAC,2,4189852
yadE_predicted,0.2857142857142857,7,6,GAGGGCTCCTTTGTCACATG,1,4212372
yadE_predicted,0.42857142857142855,8,6,GACCTCGAATATACTATCTG,2,4197848
yadE_predicted,0.2857142857142857,7,6,GAAAGGCAGTAATGCGCCAT,1,4177257
yadE_predicted,0.2857142857142857,7,6,CTTCTCCTTCCACAGCGAAA,1,4188767
yadE_predicted,0.42857142857142855,8,6,CTTCGCACTTCCCCCCAGCA,2,4178379
yadE_predicted,0.42857142857142855,8,6,CTGATCCTTGTCATGCTTGT,2,4184628
yadE_predicted,46.857142857142854,333,6,CTGATAGGCCTACCGCAGAT,327,4161759
yadE_predicted,0.2857142857142857,7,6,CTCCCCACACAAGGCCCTTC,1,4221306
yadE_predicted,0.2857142857142857,7,6,CTACTACCCACATACGATAG,1,4195130
yadE_predicted,0.2857142857142857,7,6,CGTTTGTCGGGGGAAGAGCA,1,4176211
yadE_predicted,0.8571428571428571,11,6,CGTGTTGCGCGCTAACTATT,5,4176238
yadE_predicted,0.2857142857142857,7,6,CGGTTGTCCTTTGGGAAGAG,1,4217757
yadE_predicted,0.2857142857142857,7,6,CGGTCAGGTTTTACAGTTGG,1,4173947
yadE_predicted,19.0,138,6,CGGGACGGAGGACACAAGGC,132,4228809
yadE_predicted,0.5714285714285714,9,6,CGGATCGCTTCTTATTTTAG,3,4204235
yadE_predicted,0.42857142857142855,8,6,CGCTTTGACGGACGTGTAAT,2,4205582
yadE_predicted,1.2857142857142858,14,6,CGCGAAACCTTCTGCCTATT,8,4165167
yadE_predicted,0.8571428571428571,11,6,CGCCTGAGAGAACCATTGCG,5,4192466
yadE_predicted,1.0,12,6,CGCCCCATGGTGAACCATCA,6,4232847
yadE_predicted,8.857142857142858,67,6,CGATACTCCTCACCTTGTAC,61,4225503
yadE_predicted,0.5714285714285714,9,6,CCTGAGAAGGCGGCCCGTAT,3,4217107
yadE_predicted,1.0,12,6,CCGTTTCAGAGCTACGATTA,6,4182587
yadE_predicted,0.2857142857142857,7,6,CCCCTATTAAGCGTAAGCAG,1,4239490
yadE_predicted,0.2857142857142857,7,6,CATTAAAGGTAGCTTACCCT,1,4191655
yadE_predicted,0.2857142857142857,7,6,CATGTGCATGTACCTGAGCA,1,4199811
yadE_predicted,0.2857142857142857,7,6,CATATTTCAGGTTGCGTCCT,1,4216226
yadE_predicted,24.0,173,6,CAGTTCTATTGTATGTCCAG,167,4216490
yadE_predicted,0.2857142857142857,7,6,CAGTCTCCCGTCGGGTGACT,1,4226231
yadE_predicted,0.5714285714285714,9,6,CAGCCCTACGGTTGAACGGG,3,4193650
yadE_predicted,0.5714285714285714,9,6,CACTGTGACTCGTTGTATGC,3,4200333
yadE_predicted,0.2857142857142857,7,6,CACCAGTGGCGGCCGGCGAA,1,4220411
yadE_predicted,0.2857142857142857,7,6,CAAATAGTGGCGTGGCGCGC,1,4229315
yadE_predicted,0.42857142857142855,8,6,ATTGGGTTAATGGCTGGCGA,2,4229851
yadE_predicted,95.57142857142857,674,6,ATTGCGGTTAGGCAGTCTTT,668,4179116
yadE_predicted,0.2857142857142857,7,6,ATTCACAATAGTCATGTTCT,1,4160187
yadE_predicted,30.142857142857142,216,6,ATGTGGGCGACATTTGCAAG,210,4220548
yadE_predicted,0.2857142857142857,7,6,ATGCACCATATATCCCTGAT,1,4211927
yadE_predicted,0.5714285714285714,9,6,ATCTTGTATACCTGCCGAAT,3,4204567
yadE_predicted,0.2857142857142857,7,6,ATCTACCCTTCTACGAGGGT,1,4238036
yadE_predicted,0.2857142857142857,7,6,ATCACCAGGTTACCACTTGT,1,4165817
yadE_predicted,82.42857142857143,582,6,ATAGTCAGCGACCTGCCAAT,576,4196032
yadE_predicted,0.2857142857142857,7,6,ATACATTGGGCCAAGACTTT,1,4227805
yadE_predicted,0.2857142857142857,7,6,AGTTACTGCTAACAGTCGCT,1,4169247
yadE_predicted,0.2857142857142857,7,6,AGTCTGAATGGCCGCTCCGA,1,4160967
yadE_predicted,0.2857142857142857,7,6,AGTCTATAGTCCTAGCTGCA,1,4202920
yadE_predicted,0.2857142857142857,7,6,AGTAGGTGATTACTACTTCA,1,4171109
yadE_predicted,0.2857142857142857,7,6,AGGCGCAATGTTAGAATTGA,1,4184018
yadE_predicted,1.4285714285714286,15,6,AGGAGCCGGGGTGTGTTCTT,9,4233584
yadE_predicted,0.7142857142857143,10,6,AGCTTCCACAGCGGCCCTTT,4,4233430
yadE_predicted,0.2857142857142857,7,6,AGCTATTAGGGGTTCACAGG,1,4175895
yadE_predicted,79.42857142857143,561,6,AGCGGTGCCGTACAGGACGC,555,4164998
yadE_predicted,0.5714285714285714,9,6,AGCGAACTAGATTAGTGTGC,3,4204546
yadE_predicted,0.5714285714285714,9,6,AGCCGGTTAACTATCCGAGA,3,4218379
yadE_predicted,0.2857142857142857,7,6,AGCCCGTCAATGTGTTTAGT,1,4235290
yadE_predicted,0.2857142857142857,7,6,AGCACTTTGGAACAGGCTGT,1,4214828
yadE_predicted,0.2857142857142857,7,6,AGAGGTGGATGACTCTAGTG,1,4184263
yadE_predicted,0.2857142857142857,7,6,AGAGCTTACTAGGGAAGGCT,1,4193242
yadE_predicted,0.8571428571428571,11,6,AGAGCCATTGACCACTGTAA,5,4203239
yadE_predicted,0.2857142857142857,7,6,AGACACGTATAGGTCTAAAG,1,4170908
yadE_predicted,0.2857142857142857,7,6,ACTCGAGTGTGTCCATTTTC,1,4232998
yadE_predicted,0.5714285714285714,9,6,ACTCCCTTCGCGATTTCCGT,3,4212716
yadE_predicted,59.42857142857143,421,6,ACGGTTTCACAGATTACCAT,415,4232074
yadE_predicted,1.4285714285714286,15,6,ACCTCGTAACCAACTGATTT,9,4219579
yadE_predicted,0.7142857142857143,10,6,ACCGCTAATGCGACGTCCAT,4,4165830
yadE_predicted,0.42857142857142855,8,6,ACCGAGTATGACCACGAATC,2,4214008
yadE_predicted,0.2857142857142857,7,6,ACCCTACGTTACCCGTGCTG,1,4219365
yadE_predicted,0.2857142857142857,7,6,ACCCATAATACGGCTGTCGC,1,4177032
yadE_predicted,0.2857142857142857,7,6,AATTCCCATTTTAAGACCAT,1,4220907
yadE_predicted,1.8571428571428572,18,6,AAGTGGAAAATGTAACAATA,12,4187455
yadE_predicted,0.42857142857142855,8,6,AAGGTGCGTCTATATACAGA,2,4168293
yadE_predicted,0.2857142857142857,7,6,AAGCGGTAGGGTCACTGGGA,1,4203335
yadE_predicted,1.4285714285714286,15,6,AAGAAGGCAGGATTGGGACA,9,4199439
yadE_predicted,1.0,12,6,AACTCTCCATACGCGACTGA,6,4197571
yadE_predicted,0.2857142857142857,7,6,AACTACGTTAAGTGGTAAGT,1,4212393
yadE_predicted,0.42857142857142855,8,6,AACTACCCACTGTGATGTGT,2,4215600
yadE_predicted,0.2857142857142857,7,6,AACCAAAACATGGAGCATAT,1,4210452
yadE_predicted,0.7142857142857143,10,6,AACACCACGGTATTGCGAAT,4,4162226
yadE_predicted,0.2857142857142857,7,6,AAATCGCTGGATTTCCTTCC,1,4206803
yadE_predicted,91.14285714285714,643,6,AAAGCGGATTTATTCTCGCA,637,4169910
yadE_predicted,0.2857142857142857,7,6,AAAGCCTATCTGGTGTTCAT,1,4225584
yadE_predicted,0.3333333333333333,6,5,TTTTCCGCGTCAGTTTGATT,1,4185320
yadE_predicted,0.3333333333333333,6,5,TTTGTTGTCGCTGATAGAAA,1,4231623
yadE_predicted,0.8333333333333334,9,5,TTTGGCCCTACTATACCTAA,4,4212396
yadE_predicted,0.3333333333333333,6,5,TTTGACATAGCCTCGGAATA,1,4233710
yadE_predicted,26.5,163,5,TTTCGTATTAGGGATTTTAC,158,4239571
yadE_predicted,0.5,7,5,TTTATATAGTAAGGGATGAC,2,4198709
yadE_predicted,0.3333333333333333,6,5,TTGTACGATCGACGATAAAG,1,4211164
yadE_predicted,42.5,259,5,TTCTCATAAATTTCTGTCAC,254,4197715
yadE_predicted,0.3333333333333333,6,5,TTCGGCGGGCTAGCGGTTTA,1,4173227
yadE_predicted,0.5,7,5,TTAGCGCTATTGTAAGAGAG,2,4199730
yadE_predicted,0.5,7,5,TTACATAGTTCGGGGGACTA,2,4194582
yadE_predicted,0.6666666666666666,8,5,TTAATTTGCAGTGGCGTCAA,3,4195808
yadE_predicted,0.3333333333333333,6,5,TTAACGCATCAGAGGCTGTA,1,4187904
yadE_predicted,0.3333333333333333,6,5,TGGTACGCGTGTACGCTAAC,1,4171718
yadE_predicted,1.0,10,5,TGGGTGTCACCTTTGCCTAC,5,4223209
yadE_predicted,0.6666666666666666,8,5,TGACCGAATCTTCAGACTTC,3,4200274
yadE_predicted,0.5,7,5,TGACCCAACAACTAAGCTCA,2,4238387
yadE_predicted,154.5,931,5,TCGCTAGGGGGAGTTGTTCC,926,4193577
yadE_predicted,24.0,148,5,TCCCGCTCATCCCGTGCCGT,143,4204772
yadE_predicted,0.3333333333333333,6,5,TCCAAGGGAGTACCAGCAGT,1,4231556
yadE_predicted,0.8333333333333334,9,5,TCAATTGGATTTATGGTATT,4,4172649
yadE_predicted,0.3333333333333333,6,5,TATTCATAGAGACTCCGGTC,1,4167019
yadE_predicted,0.6666666666666666,8,5,TATGTGCGTCGTGTGATAAT,3,4228351
yadE_predicted,0.8333333333333334,9,5,TATCTGGGTACATAGGCATT,4,4177826
yadE_predicted,1.3333333333333333,12,5,TAGGTAGGGTTACGTGTTTT,7,4238968
yadE_predicted,0.5,7,5,TAGCTGTCATGAACGTCGTC,2,4179352
yadE_predicted,0.5,7,5,TAGACGCCAGAGGCCCTTGT,2,4210636
yadE_predicted,0.8333333333333334,9,5,TACGATCCAACTTCGGGCGC,4,4176660
yadE_predicted,2.3333333333333335,18,5,TACCTAGGATTAGCGGTCAG,13,4173472
yadE_predicted,0.3333333333333333,6,5,TACAGTTAGTGAGAGCGGGT,1,4165276
yadE_predicted,0.3333333333333333,6,5,TAATGTTTCCATAGGACCCA,1,4213648
yadE_predicted,2.0,16,5,GTTTAAGCCCGCAAAGCGGT,11,4223677
yadE_predicted,0.3333333333333333,6,5,GTTCGGCGGGTCTTATTCCT,1,4234659
yadE_predicted,0.6666666666666666,8,5,GTGCTGTGTCGAGTGCGAGA,3,4198708
yadE_predicted,0.3333333333333333,6,5,GTGAAGCACATGCGAACATT,1,4216932
yadE_predicted,0.8333333333333334,9,5,GTCTACTGGGGTTACTCGTC,4,4172083
yadE_predicted,131.33333333333334,792,5,GTCCGCCGTGGTTACTTCGT,787,4220456
yadE_predicted,1.3333333333333333,12,5,GTCCCCGCAGATAGATAGTA,7,4233776
yadE_predicted,0.3333333333333333,6,5,GTAGTGCACCACGCCTTACA,1,4223548
yadE_predicted,0.6666666666666666,8,5,GTAGGAAAGCTTGAGGGTAG,3,4231457
yadE_predicted,0.5,7,5,GTACCTTCCTCTTGTATGTA,2,4223357
yadE_predicted,0.3333333333333333,6,5,GTACAACCACATATTACATC,1,4185110
yadE_predicted,0.3333333333333333,6,5,GTAAGTGGTCGAATGTGGCC,1,4226000
yadE_predicted,0.5,7,5,GTAACTAAAACTCGTAGCTC,2,4174070
yadE_predicted,1.5,13,5,GGTACAAAGATCGGACTCGG,8,4204090
yadE_predicted,1.0,10,5,GGCTCATAAGCCTGCGGCAG,5,4220505
yadE_predicted,1.5,13,5,GGCTCAGTTCTTACAACAGA,8,4197814
yadE_predicted,0.3333333333333333,6,5,GGCTATTCCGTGCCCGGTTT,1,4182575
yadE_predicted,0.5,7,5,GGCCGCTTATCTCTGTGATG,2,4183565
yadE_predicted,0.3333333333333333,6,5,GGCAGGCTTAATCGGTGCTT,1,4186629
yadE_predicted,0.3333333333333333,6,5,GGATTTAGGATGGGGGAGGC,1,4212060
yadE_predicted,1.0,10,5,GGAGGACAAATGTATAACCA,5,4166853
yadE_predicted,0.3333333333333333,6,5,GGACTAAGCTACGCTATGTA,1,4240071
yadE_predicted,0.3333333333333333,6,5,GGACAAAGATTATGTCCGAT,1,4186073
yadE_predicted,1.0,10,5,GGAAAGGGTAAGTGGTACGA,5,4238733
yadE_predicted,0.8333333333333334,9,5,GCTATGCTCCTAAACGGGGT,4,4173773
yadE_predicted,0.6666666666666666,8,5,GCGGTGACCTCCCTTCGAGA,3,4208143
yadE_predicted,0.3333333333333333,6,5,GCGACCACCGTGGTATACAT,1,4208087
yadE_predicted,0.6666666666666666,8,5,GCCCAGGGCGCAAAACCTTT,3,4216296
yadE_predicted,0.8333333333333334,9,5,GCAGACTCGTTACACTTCTG,4,4198707
yadE_predicted,0.5,7,5,GAGGTTCAAACGATTCGACC,2,4190729
yadE_predicted,0.3333333333333333,6,5,GAGGTGAACCGTCTATTGCT,1,4224888
yadE_predicted,0.8333333333333334,9,5,GAGGAGCGCTTTTGAAATAC,4,4177416
yadE_predicted,0.3333333333333333,6,5,GAGCGTTTATGACAACTGCA,1,4191790
yadE_predicted,0.3333333333333333,6,5,GACGGCTTTCTGAGACCGGC,1,4165409
yadE_predicted,0.3333333333333333,6,5,GACCTGAGTCATCCTGGAGT,1,4214416
yadE_predicted,0.5,7,5,GACCCTGCGACAGTAGCTAC,2,4169302
yadE_predicted,0.3333333333333333,6,5,GACACGCGCCTGGCTGGGTT,1,4238459
yadE_predicted,0.3333333333333333,6,5,GAATGAGCAAAATCAACGGA,1,4217812
yadE_predicted,0.5,7,5,GAACTATCGGCCCGCCGGCA,2,4222684
yadE_predicted,0.3333333333333333,6,5,GAAATCAGGTTGTTTGGCTC,1,4179774
yadE_predicted,0.6666666666666666,8,5,GAAAGTCCTTGAACACCCTA,3,4176864
yadE_predicted,0.6666666666666666,8,5,CTTTGCGTGGTGCGGAGACT,3,4229475
yadE_predicted,0.3333333333333333,6,5,CTTTACACCCGGTTGGACGA,1,4190328
yadE_predicted,1.0,10,5,CTTGGAACGACGGACTGAAG,5,4221830
yadE_predicted,0.8333333333333334,9,5,CTTATAGAACCACTCGCACA,4,4185035
yadE_predicted,0.8333333333333334,9,5,CTTAGCCAAGGGACCCGTCC,4,4202872
yadE_predicted,1.8333333333333333,15,5,CTGTTGCAATAGTGACCCGC,10,4208749
yadE_predicted,0.5,7,5,CTGCGCACAAAGAGCGGGTG,2,4231797
yadE_predicted,0.6666666666666666,8,5,CTCTGTAAGGTCCGCGCAGT,3,4163131
yadE_predicted,0.5,7,5,CTCTCCTGTGTGCTAGGTTA,2,4166774
yadE_predicted,0.3333333333333333,6,5,CTCGCTCCGTCGTCGCTCCA,1,4188094
yadE_predicted,0.3333333333333333,6,5,CTATTACTCTATTAATGGCT,1,4170052
yadE_predicted,0.5,7,5,CTACTCGGGGATACCCGCCT,2,4222511
yadE_predicted,0.5,7,5,CTACTAACTAAGGATTATCA,2,4224954
yadE_predicted,0.3333333333333333,6,5,CTAATGCTGGTTTCGTGACA,1,4237541
yadE_predicted,1.3333333333333333,12,5,CTAAATTGATGCGCGGTATT,7,4172655
yadE_predicted,2.5,19,5,CGTTTCTGCGGGCTTCGCTA,14,4207927
yadE_predicted,0.6666666666666666,8,5,CGTGCTGGTGTAGAAAGCCA,3,4231784
yadE_predicted,80.16666666666667,485,5,CGTATTCTTCTTAAGGTCTA,480,4187129
yadE_predicted,0.6666666666666666,8,5,CGTACGTGGCACGCCAGTGC,3,4214986
yadE_predicted,0.6666666666666666,8,5,CGGTTTATCTTTACGGGTTA,3,4227546
yadE_predicted,0.6666666666666666,8,5,CGGCTTTTCGGTCCAGTCAG,3,4221241
yadE_predicted,0.6666666666666666,8,5,CGGCGTGTTATGCACAATAT,3,4202894
yadE_predicted,0.3333333333333333,6,5,CGCGAACGTCGCTCTACAAC,1,4221536
yadE_predicted,0.3333333333333333,6,5,CCTAGACTGGGGCACGGCTC,1,4190897
yadE_predicted,4.0,28,5,CCTAACGGGCACGCTTACGA,23,4165501
yadE_predicted,0.3333333333333333,6,5,CCGGTTAGCCTAAATCGCCT,1,4228828
yadE_predicted,0.3333333333333333,6,5,CCGCGCGGTCTGTAGCCGGA,1,4179982
yadE_predicted,154.33333333333334,930,5,CCGAGTTGTGCGATCAGTGG,925,4216107
yadE_predicted,0.3333333333333333,6,5,CCCGAGGCCAAGAAGATCGG,1,4230211
yadE_predicted,7.666666666666667,50,5,CCCGAATAACTTGCACCGGG,45,4210660
yadE_predicted,142.33333333333334,858,5,CCCCCAGGAATAGAGGCGAA,853,4221181
yadE_predicted,0.3333333333333333,6,5,CCCAGTAACTGCTGTCACAC,1,4178086
yadE_predicted,10.666666666666666,68,5,CCCAGATTACCGAGTCCAAT,63,4234819
yadE_predicted,2.8333333333333335,21,5,CCCACGTAATGTGCGGGTGT,16,4188794
yadE_predicted,0.5,7,5,CCAATCAGAGAGTTCTCGTA,2,4213915
yadE_predicted,0.3333333333333333,6,5,CATTGGTATTGTTTGACCAT,1,4230950
yadE_predicted,0.3333333333333333,6,5,CATGCCCTCCAGTGAATTAT,1,4207181
yadE_predicted,0.3333333333333333,6,5,CATCGTATAGTGCGCTAAAA,1,4170069
yadE_predicted,0.3333333333333333,6,5,CATAGTCTAAGGTGACTCAT,1,4186930
yadE_predicted,1.0,10,5,CATAGGAAGGCTTAGTAACT,5,4240693
yadE_predicted,1.1666666666666667,11,5,CAGTTTCGTAGAGCATTGAG,6,4172952
yadE_predicted,0.3333333333333333,6,5,CAGTCGCCTTTCTAGCAAAT,1,4221745
yadE_predicted,0.6666666666666666,8,5,CAGAAAGAGAAAACGATCAA,3,4164611
yadE_predicted,0.3333333333333333,6,5,CACTTGATAAAGTTGCAGTG,1,4232861
yadE_predicted,0.5,7,5,CACTCTAGTGATGTTCAATG,2,4223907
yadE_predicted,0.8333333333333334,9,5,CACTAAAACCAAGCCTCGTG,4,4230322
yadE_predicted,0.3333333333333333,6,5,CACATCGAAAGAATACCAGG,1,4205948
yadE_predicted,0.3333333333333333,6,5,CACACAGTCGGTGTGGTTCT,1,4186151
yadE_predicted,1.5,13,5,CAATGGAATCGTCAGGGTAA,8,4228142
yadE_predicted,0.5,7,5,CAAGTTCACAAGTGTTAGGG,2,4163706
yadE_predicted,1.0,10,5,CAAGGGAAATGCGCCATCTC,5,4165022
yadE_predicted,0.3333333333333333,6,5,ATTTACGTTTAGCAAAGCGT,1,4206014
yadE_predicted,1.0,10,5,ATTGCGTACATCGCTCGCGG,5,4207899
yadE_predicted,0.5,7,5,ATTCAGAAGGTAGTGTTACC,2,4237553
yadE_predicted,2.0,16,5,ATTATCCAAGTCGGGAGAGC,11,4195633
yadE_predicted,1.8333333333333333,15,5,ATGTGCCGTAGCGTGTGGTT,10,4198784
yadE_predicted,0.8333333333333334,9,5,ATGTCCAATGTTCGTCAACA,4,4201588
yadE_predicted,0.3333333333333333,6,5,ATGCTGCTCCTGCATCGTAG,1,4164623
yadE_predicted,0.3333333333333333,6,5,ATGCATAAAGCAGGGGCGCA,1,4206226
yadE_predicted,0.3333333333333333,6,5,ATGCACTGAGTCGCGAAAAC,1,4173985
yadE_predicted,1.5,13,5,ATCTTCCCTCGTTTGTTCAA,8,4165401
yadE_predicted,130.5,787,5,ATCTCTAATTATAAAGTCGT,782,4209210
yadE_predicted,1.0,10,5,ATCGAGATATGCGTCTTCAG,5,4179461
yadE_predicted,0.3333333333333333,6,5,ATCCTTATGATCAGCGAGTA,1,4173559
yadE_predicted,0.8333333333333334,9,5,ATCACATAAACCCGAATGCG,4,4230020
yadE_predicted,0.6666666666666666,8,5,ATATTGCATAAAGGCGCTTT,3,4221147
yadE_predicted,0.3333333333333333,6,5,ATAATAATCAGGAGCCTATC,1,4205881
yadE_predicted,0.5,7,5,ATAAGAGTCCGCTGTTGTCG,2,4204686
yadE_predicted,0.3333333333333333,6,5,AGTCAATTCTAATTCCATTG,1,4203452
yadE_predicted,2.1666666666666665,17,5,AGGTAGAACCAGGAGCGGCT,12,4202704
yadE_predicted,0.3333333333333333,6,5,AGAGCCCCCCCGATAGGTCA,1,4164238
yadE_predicted,0.5,7,5,AGAACTATTCCACGGAAAAT,2,4179488
yadE_predicted,44.666666666666664,272,5,ACTGGCATCACCCTGTCTAT,267,4216449
yadE_predicted,0.3333333333333333,6,5,ACTAGGACACCGGGGGTTCG,1,4217283
yadE_predicted,0.3333333333333333,6,5,ACCCGGATATCGATCGTATT,1,4228483
yadE_predicted,0.3333333333333333,6,5,ACATTTACATCAACCTTCTC,1,4160333
yadE_predicted,0.3333333333333333,6,5,AATTTTAGACAAGCGGCTAT,1,4237954
yadE_predicted,0.3333333333333333,6,5,AATATGAGATTCGAAGTTAG,1,4190585
yadE_predicted,1.5,13,5,AATAAGCTCGGCGCCAGACT,8,4229905
yadE_predicted,0.3333333333333333,6,5,AAGGTATTGCCACAGTTTAC,1,4202918
yadE_predicted,1.5,13,5,AAGAGGTCAAGATGTACTGT,8,4214432
yadE_predicted,0.3333333333333333,6,5,AAGAGGCCCGGCTTCTTGTA,1,4212718
yadE_predicted,0.3333333333333333,6,5,AACATCGATAGTATACCTGT,1,4202733
yadE_predicted,0.3333333333333333,6,5,AAAGGATTATGTGCAAAAGC,1,4225275
yadE_predicted,1.0,10,5,AAACCTGAGCAAGTCGGTCT,5,4211783
yadE_predicted,0.4,5,4,TTTGGATTCCGCATTGCCCG,1,4210936
yadE_predicted,0.4,5,4,TTGAGCATAAAATTTGTAAG,1,4227669
yadE_predicted,0.4,5,4,TTCTCTTGAACCTTTGTGGA,1,4229467
yadE_predicted,9.8,52,4,TTCGTCCAGGTGTACTGTGT,48,4186270
yadE_predicted,0.4,5,4,TTCCTCTATCGTGACCACGG,1,4178272
yadE_predicted,0.8,7,4,TTCCCGGCCAAATGTTGCCA,3,4189764
yadE_predicted,0.8,7,4,TTATAAATATTCGGCTCTCC,3,4186128
yadE_predicted,0.4,5,4,TTAGCCCACCAATACGAGGC,1,4239600
yadE_predicted,0.4,5,4,TTAGACCCTTGTTTTTTGTA,1,4195551
yadE_predicted,1.2,9,4,TGTTAATATAAAAAAGTCCA,5,4211603
yadE_predicted,0.4,5,4,TGCGCTCGGATCGCGGACCG,1,4202619
yadE_predicted,1.0,8,4,TCTTCCAGTCCTTTAGAATA,4,4227329
yadE_predicted,0.4,5,4,TCTAGTAACCTCGCATATAT,1,4188367
yadE_predicted,1.0,8,4,TCGTTAGTCAGCATTTAAGG,4,4184378
yadE_predicted,1.4,10,4,TCGTAGAGCAAGGAGCTTAT,6,4183589
yadE_predicted,2.0,13,4,TCGATTGTATGAAGCTTTAG,9,4184020
yadE_predicted,1.8,12,4,TCGATCACCGCCGCATTGAC,8,4185829
yadE_predicted,0.4,5,4,TCACCATCGGGTAATTATGG,1,4208638
yadE_predicted,1.6,11,4,TCAATGCGGCTTCATGGCTT,7,4210940
yadE_predicted,1.0,8,4,TCAAGTGCTTGGCGTTTCCC,4,4194928
yadE_predicted,0.4,5,4,TCAAGTAGACGGTATCCATA,1,4172834
yadE_predicted,0.4,5,4,TCAAGAGGCTATGGCTGGTG,1,4160933
yadE_predicted,0.8,7,4,TAGGAAGGGCTCCAATCACT,3,4202342
yadE_predicted,126.0,633,4,TAGCACAACCGATTTAGCGA,629,4205935
yadE_predicted,0.4,5,4,TAGATCTGGCGATATATAGG,1,4191012
yadE_predicted,0.4,5,4,TACCTGGGGGATGTCTCCTC,1,4169066
yadE_predicted,1.2,9,4,TACAAATGCTAGAAGTGAGC,5,4200891
yadE_predicted,0.4,5,4,TAATTTCTCAGGTCCGTTCC,1,4211053
yadE_predicted,0.6,6,4,TAATCGGGGGGTTTATCGTC,2,4215494
yadE_predicted,0.8,7,4,TAAGGACCTCTTCACAAAGG,3,4207165
yadE_predicted,2.0,13,4,TAAGACTACATCCAACCCAG,9,4233749
yadE_predicted,1.0,8,4,TAACTATATAATGTATCGCA,4,4193003
yadE_predicted,0.6,6,4,TAACATTCTCAATTGACTAC,2,4171933
yadE_predicted,0.4,5,4,GTGCCGGTATTGATCTTTGT,1,4175245
yadE_predicted,0.4,5,4,GTGATGTTACTGAGCAGATT,1,4199271
yadE_predicted,1.0,8,4,GTGACCGGCCTCGTCCATTT,4,4237960
yadE_predicted,0.4,5,4,GTGACAGTAGAGCAAACGTA,1,4223421
yadE_predicted,0.6,6,4,GTCTGTGAATAGGACTATTG,2,4171105
yadE_predicted,2.0,13,4,GTCCTTGCCACATATTCTGC,9,4212487
yadE_predicted,0.8,7,4,GTCCACGGCACGAACTCCCA,3,4185832
yadE_predicted,0.4,5,4,GGTTTCTAATGTAAGAATTG,1,4162670
yadE_predicted,0.4,5,4,GGTATCCAAGAGGCGGCAAT,1,4211923
yadE_predicted,1.0,8,4,GGGGGATTAGATTACTGGAA,4,4241460
yadE_predicted,13.8,72,4,GGGCCGGCGCTAACTAGGAT,68,4180569
yadE_predicted,0.4,5,4,GGCCGTCGGTAGGGTATTGA,1,4192956
yadE_predicted,0.6,6,4,GGCCAATAGGTCCGGAGGTT,2,4203688
yadE_predicted,0.4,5,4,GGCACAATGTCCACCGCTTA,1,4225843
yadE_predicted,0.4,5,4,GGATATTTTCTTCAAGGCAT,1,4172825
yadE_predicted,0.4,5,4,GGACACGCATATTATATCAA,1,4225758
yadE_predicted,0.4,5,4,GGACACATTACTCGGACGGT,1,4205856
yadE_predicted,1.0,8,4,GGAATGCCGATGGATGGATA,4,4167847
yadE_predicted,1.8,12,4,GCTCTGTAGTCACCCACCAG,8,4191627
yadE_predicted,0.4,5,4,GCTCCCAGTTTATGTAGTGG,1,4222056
yadE_predicted,1.0,8,4,GCGTCTCTGAAAGAGAAGTT,4,4233272
yadE_predicted,0.4,5,4,GCGCTGATCCGTTCCAGCTG,1,4195060
yadE_predicted,1.6,11,4,GCGCTAACGTGAGTCTGCAG,7,4187285
yadE_predicted,0.6,6,4,GCCTCCGTTTTCCAGAAGAT,2,4234438
yadE_predicted,2.6,16,4,GCCGAACAAGTCTTGCCTTG,12,4216922
yadE_predicted,96.6,486,4,GCCACACATTTAATCCCTGC,482,4229271
yadE_predicted,2.2,14,4,GCAGTAAATTGTCGCGAAAA,10,4237335
yadE_predicted,0.4,5,4,GCAATACAGCCACGACCGGC,1,4208905
yadE_predicted,0.4,5,4,GCAAAGATTCTAGCATGAGT,1,4215861
yadE_predicted,0.4,5,4,GATAGACCCACACCAAAACT,1,4208595
yadE_predicted,0.4,5,4,GAGTTTACTGTAACCCCCCG,1,4234123
yadE_predicted,0.4,5,4,GAGCCTCGAGCCTTAACCAA,1,4174259
yadE_predicted,1.8,12,4,GAGCATGGGCATGTTCTCAG,8,4163291
yadE_predicted,2.2,14,4,GACTAATACTCGGCCGCCCC,10,4231909
yadE_predicted,0.8,7,4,GACGCGTCTCAATGATTGAG,3,4190860
yadE_predicted,0.4,5,4,GACGAATGACAATCCGGGAA,1,4163639
yadE_predicted,0.4,5,4,GACCCATGATACGCCGCTTT,1,4163673
yadE_predicted,2.2,14,4,GACATGAAGAGCTTGTAAAG,10,4232168
yadE_predicted,0.6,6,4,GAATAGTCAGGCTGACGCTC,2,4206146
yadE_predicted,1.2,9,4,GAAACGTGGGGACCTGGACA,5,4234779
yadE_predicted,0.4,5,4,CTTTGATTGCCCCCTCGGGA,1,4240369
yadE_predicted,0.4,5,4,CTTGCTTGATCAGTCTGTAA,1,4183652
yadE_predicted,0.8,7,4,CTTCGCCCTGAGCCGATCAA,3,4162697
yadE_predicted,0.4,5,4,CTTCACCGCACTAAGCTAGC,1,4211413
yadE_predicted,0.4,5,4,CTGTGTGCCTAACGTCACGA,1,4240013
yadE_predicted,0.8,7,4,CTGTGGTGTCGCCGGTGTAG,3,4212769
yadE_predicted,0.8,7,4,CTGGTAATATCACATCAGTA,3,4212953
yadE_predicted,2.0,13,4,CTCGAAAGAAGTCAAAAGGC,9,4193705
yadE_predicted,0.4,5,4,CTATTTCAGGATCTGTTCTC,1,4189735
yadE_predicted,0.6,6,4,CTATGAAGGGGCGTCTCTCT,2,4203500
yadE_predicted,1.6,11,4,CGTCATGGCTTTCTAAGGGT,7,4179833
yadE_predicted,0.4,5,4,CGCGCCGCAATCAGCATGTA,1,4237004
yadE_predicted,0.4,5,4,CGCCGAAACGGGTGCTAGGA,1,4234332
yadE_predicted,0.6,6,4,CGCCCTAAGTAAAAACCGTA,2,4192559
yadE_predicted,3.0,18,4,CGCCAGTACGCTTTGGCAAG,14,4190592
yadE_predicted,1.2,9,4,CGCAGCTGCTCGATTATGTG,5,4192553
yadE_predicted,0.4,5,4,CGCACAGAGGTCCGGTCAGA,1,4175667
yadE_predicted,0.4,5,4,CGACATAGCGGTTCACTGAT,1,4236606
yadE_predicted,1.4,10,4,CCTTCGAGCTGATCTTAAAA,6,4210812
yadE_predicted,0.4,5,4,CCGTCGCGGCCGAGAGACAA,1,4175039
yadE_predicted,0.6,6,4,CCGCAGGGATTTCTCCAGCA,2,4178307
yadE_predicted,0.4,5,4,CCGCACAGAGCCGGGGACAG,1,4215531
yadE_predicted,1.0,8,4,CCGAGGTTGTATGTTGAAGC,4,4226744
yadE_predicted,0.4,5,4,CCCTCGCTTTGTCCCGCCCA,1,4166760
yadE_predicted,0.8,7,4,CCCGATGATAGTAACATTAT,3,4196573
yadE_predicted,1.0,8,4,CCATACTCTGGACGCCCATC,4,4235220
yadE_predicted,0.4,5,4,CCAGGTGAGAGTCAGGTGCA,1,4178681
yadE_predicted,0.6,6,4,CCAGGTAATAGGCCGCATTC,2,4194607
yadE_predicted,133.4,670,4,CCACTGACCTGTCTGTAGGA,666,4182649
yadE_predicted,0.4,5,4,CCACGCGCCACTCTGAGGGA,1,4202808
yadE_predicted,0.4,5,4,CCAAAGTAATTAGAGTTTTA,1,4193568
yadE_predicted,0.4,5,4,CATTCTAATTTTTAGAGAAG,1,4172257
yadE_predicted,0.4,5,4,CATTAGTAGTAACAGGTCTA,1,4227265
yadE_predicted,1.6,11,4,CATGGCGGACCCTGGGATGC,7,4193588
yadE_predicted,0.4,5,4,CATCCGAGGTTGGTAGCTCA,1,4215598
yadE_predicted,2.4,15,4,CATACACCGTTGGGCACCTT,11,4241104
yadE_predicted,0.6,6,4,CACCAGGCTAGGGGAGGACT,2,4207527
yadE_predicted,0.4,5,4,CACCAGCATGGAGGGGTGGT,1,4213706
yadE_predicted,0.4,5,4,CACATTTTCTGTGATGGTAT,1,4199504
yadE_predicted,0.8,7,4,CACAATTGGATGTCTGATTA,3,4201435
yadE_predicted,0.4,5,4,CAACAGGTTGTTCCGAAGAA,1,4203427
yadE_predicted,0.4,5,4,ATTTGCATTGTGTTCGCCTT,1,4194458
yadE_predicted,0.4,5,4,ATTGCGCAAGATTGTGACTG,1,4172419
yadE_predicted,0.6,6,4,ATTATCTATGGCCCTCGGCA,2,4195312
yadE_predicted,1.6,11,4,ATTAGTATTACCATCTTGGC,7,4235223
yadE_predicted,1.4,10,4,ATTACGACATCTGTCACGGG,6,4226264
yadE_predicted,60.6,306,4,ATGTTTAGTGTTCCAGAGCT,302,4175558
yadE_predicted,0.4,5,4,ATGGTCGCGTGTCACGATAG,1,4205032
yadE_predicted,0.4,5,4,ATGAGTTTATAGGTCCCATG,1,4210578
yadE_predicted,0.4,5,4,ATGACCGTAAAGCAACGCCC,1,4219537
yadE_predicted,1.8,12,4,ATCTCAGGGGGGTGAGTCAG,8,4201635
yadE_predicted,1.6,11,4,ATCGCCACGCTTGACGATAA,7,4234194
yadE_predicted,1.4,10,4,ATCAAATATTAAGTAAACAT,6,4182702
yadE_predicted,1.8,12,4,ATACTAAACACTTCGTGATC,8,4170827
yadE_predicted,0.4,5,4,AGTTCCGGCAAGCATTAGGT,1,4209007
yadE_predicted,0.4,5,4,AGTCATCCTGTTCAAAGGTT,1,4190078
yadE_predicted,0.4,5,4,AGGGTCCAGTCTTCGCAAGG,1,4166348
yadE_predicted,0.6,6,4,AGGCGTGAGCTTGACTTGAT,2,4207947
yadE_predicted,1.6,11,4,AGCCACAAACGCAGTCGGAG,7,4181665
yadE_predicted,0.4,5,4,ACTTAGGCTAGTTAAACCAC,1,4189690
yadE_predicted,164.2,824,4,ACTCCTCGCCCATGCCATGC,820,4234648
yadE_predicted,0.4,5,4,ACGCGGCGGTATCAGACTCT,1,4231052
yadE_predicted,0.4,5,4,ACGAGGGTTGGTCCCAAGCT,1,4178325
yadE_predicted,0.6,6,4,ACCTTGTTTGTTAGGTTAGT,2,4188637
yadE_predicted,0.4,5,4,ACCCTTGACCCCGTTGTCCC,1,4183337
yadE_predicted,0.6,6,4,ACATCTACGAGCGGATCGTA,2,4232000
yadE_predicted,0.4,5,4,ACATAAATAGCCCGCTGGTA,1,4214736
yadE_predicted,0.4,5,4,ACAGTGTCTATCACGCCCAA,1,4176919
yadE_predicted,0.4,5,4,ACACTGTAACTATGAGGATT,1,4185111
yadE_predicted,0.6,6,4,ACACTAGGGCTGGTTACGGT,2,4210516
yadE_predicted,1.6,11,4,ACAAGACTACTGGATCATTT,7,4212780
yadE_predicted,0.4,5,4,AATTTGCTAGGCCTATCAAT,1,4179514
yadE_predicted,0.8,7,4,AATTTGCAAACTGCGCGAAC,3,4207950
yadE_predicted,203.2,1019,4,AAGGCAGCTATTTGTGAGGT,1015,4171478
yadE_predicted,2.0,13,4,AACTACCTCGCTTGAGATTA,9,4181739
yadE_predicted,1.0,8,4,AACGTAGCGATTGCCACGAG,4,4186643
yadE_predicted,0.4,5,4,AACGGGTCGTAAAGCCGCAA,1,4215841
yadE_predicted,0.4,5,4,AACGGAGCGGGCGAGGATAC,1,4184579
yadE_predicted,0.6,6,4,AAATAGGGCTGTGGAACTTG,2,4180947
yadE_predicted,0.4,5,4,AAACTCGCTCAGAATCAGTT,1,4221295
yadE_predicted,0.5,4,3,TTTTGTATCTAGACCGCGCC,1,4237951
yadE_predicted,3.5,16,3,TTTTGTAGGATCCTTGCACC,13,4203794
yadE_predicted,1.5,8,3,TTTTAAAGGGAATAAACGGT,5,4181825
yadE_predicted,0.5,4,3,TTTGTTCCTCGGCGGTTGGG,1,4240651
yadE_predicted,1.75,9,3,TTTGACGGTCATTTCCGTGC,6,4201600
yadE_predicted,0.5,4,3,TTTCAGGCCGCAAGGTGCCC,1,4181273
yadE_predicted,0.75,5,3,TTTCACGGGCGTCCGGGTGC,2,4230044
yadE_predicted,1.0,6,3,TTTACTGGAGCACTACCTGA,3,4164801
yadE_predicted,0.5,4,3,TTTAATAACAGACCTAGATT,1,4182577
yadE_predicted,116.5,468,3,TTGCTGCTCGCCATACTTCG,465,4207474
yadE_predicted,1.5,8,3,TTGCGGAACATGTACATTTG,5,4236211
yadE_predicted,1.25,7,3,TTGCGCCTGTGGTAACGTAT,4,4176196
yadE_predicted,2.0,10,3,TTATGGGTATACTCTATATT,7,4215137
yadE_predicted,1.0,6,3,TTATCAAACTGTCTATGCAC,3,4197563
yadE_predicted,0.5,4,3,TGTTCATGGACCCTTCTCAG,1,4238069
yadE_predicted,2.5,12,3,TGGTGGTTGCGTCCGAGTAT,9,4194588
yadE_predicted,0.75,5,3,TGGTCCACCATATTGGGCTG,2,4174250
yadE_predicted,0.5,4,3,TGGTATGAACCGGCGTAACC,1,4221885
yadE_predicted,0.5,4,3,TGGAGACCCTCTGAAAGAAA,1,4199707
yadE_predicted,0.5,4,3,TGCTAGTAAGACAAAACATC,1,4167978
yadE_predicted,233.25,935,3,TGCCGCCGACGGGGTAGACT,932,4172848
yadE_predicted,0.5,4,3,TGATATTCTGTTCCATAAGT,1,4197158
yadE_predicted,0.5,4,3,TGAGCTCACTCAGAATCAGT,1,4203001
yadE_predicted,1.5,8,3,TGACTGTAACCGTCGAGATG,5,4234945
yadE_predicted,232.75,933,3,TGACGCGCGTCGATGGCGGA,930,4169824
yadE_predicted,1.0,6,3,TGACACAGTAGGTTCAGTAA,3,4188280
yadE_predicted,0.5,4,3,TCGTGGCACCGGTACCCCGT,1,4215915
yadE_predicted,0.5,4,3,TCGAACATCAACGTTCGATT,1,4221148
yadE_predicted,0.5,4,3,TCCGTACTGGACCGGGGCAA,1,4234018
yadE_predicted,0.5,4,3,TCCGCCCTGGTCTTTTTTGA,1,4215381
yadE_predicted,0.5,4,3,TCAGCATTGGAACCTTGAAC,1,4210254
yadE_predicted,3.75,17,3,TCAATTGATTTATATTCGGG,14,4160512
yadE_predicted,0.75,5,3,TCAAAGCCGCGGAGTCTGTG,2,4195598
yadE_predicted,0.5,4,3,TATTGCCGATTCGCTATCTA,1,4171576
yadE_predicted,0.5,4,3,TATGAAGCTGTCTCCGCCCA,1,4209361
yadE_predicted,0.5,4,3,TAGGTAAAGGCGCGATGGTC,1,4229698
yadE_predicted,203.5,816,3,TAGGGTGAAGGGGTAAGTAC,813,4211441
yadE_predicted,0.5,4,3,TAGGCCGGCCTGGCACCCCT,1,4235422
yadE_predicted,1.25,7,3,TAGACCCGTAGCCATTCGTA,4,4216300
yadE_predicted,0.5,4,3,TAGAAGCAAACAGAGGGGAC,1,4210788
yadE_predicted,1.0,6,3,TACAGCCCTTGGACGCGGGC,3,4240994
yadE_predicted,0.5,4,3,TACAGCAGCGTCGGTGTACT,1,4200770
yadE_predicted,0.75,5,3,TACAAGCTAGAGGGAAGGCT,2,4239865
yadE_predicted,0.5,4,3,TAATTTTTTGGCCATGCGCC,1,4217212
yadE_predicted,0.75,5,3,TAATTGACAGCAAGCTGGAA,2,4175034
yadE_predicted,0.5,4,3,TAAGTCTTATCTACGTAATC,1,4213794
yadE_predicted,0.5,4,3,TAAGCTTTTGTGTAGAAGTG,1,4160320
yadE_predicted,0.5,4,3,TAAAAGCAAACAGAGGGACT,1,4207175
yadE_predicted,0.5,4,3,GTTTAACTGGGACCTAAGTG,1,4169916
yadE_predicted,1.75,9,3,GTTAGTCTGGCATTATACTT,6,4167854
yadE_predicted,78.25,315,3,GTGTCACAATGATCACACGT,312,4204316
yadE_predicted,0.75,5,3,GTGCTGGAGTTAGAGGCCCT,2,4235752
yadE_predicted,226.5,908,3,GTGAACCCGCATACCGAGAC,905,4204010
yadE_predicted,0.5,4,3,GTCATTTGTTGTCTGGAAGT,1,4166405
yadE_predicted,0.5,4,3,GTACTAAGCGTATCTTTGCA,1,4222120
yadE_predicted,0.5,4,3,GGTTCGGATTAGAGCTTTCT,1,4224130
yadE_predicted,0.5,4,3,GGTGGGTGACTGAGATACTA,1,4212453
yadE_predicted,2.75,13,3,GGGTCGAGCTAACCGTGCTG,10,4215221
yadE_predicted,2.0,10,3,GGGGTTGCGACTACCTGGTT,7,4213655
yadE_predicted,0.5,4,3,GGGGAAGTCGGGTCGTGCGC,1,4180112
yadE_predicted,0.5,4,3,GGCTGGTGCTGAGACACTCT,1,4189552
yadE_predicted,0.5,4,3,GGCGAATAATCAAAGAGAAG,1,4187075
yadE_predicted,0.75,5,3,GGCCAACAAGTTAAGTTATG,2,4181845
yadE_predicted,0.75,5,3,GGCACCTGTTCGATGTAAAT,2,4186765
yadE_predicted,1.5,8,3,GGAGAGGCCTTCAAAACGCT,5,4161483
yadE_predicted,0.5,4,3,GGACCCAATTATTCATCTAT,1,4168631
yadE_predicted,0.5,4,3,GCTCCTGCGGTCCATTTGGT,1,4167412
yadE_predicted,1.25,7,3,GCTAGATCGAGGGGTTCATT,4,4168600
yadE_predicted,0.75,5,3,GCGCCCCCACCGGGCGAGCG,2,4180592
yadE_predicted,0.5,4,3,GCGAATCGTGCAGAAGCCAG,1,4194929
yadE_predicted,0.5,4,3,GCCGCGTACAGTATGTCACA,1,4221255
yadE_predicted,1.5,8,3,GCCATCTAAAGAATGGAAAA,5,4170897
yadE_predicted,0.5,4,3,GCCAGAGTCTAAATAAGAGA,1,4173178
yadE_predicted,1.25,7,3,GCACACTGTTTGTCTAAAGA,4,4175750
yadE_predicted,3.0,14,3,GCAATTTTCGCCCCTCACGA,11,4201840
yadE_predicted,0.5,4,3,GATTTAAGAAGGCTTATCGT,1,4189165
yadE_predicted,1.0,6,3,GATAGTTCCTTAACGCACCT,3,4210767
yadE_predicted,0.5,4,3,GAGTGCTTAGTGCAGTACAC,1,4216632
yadE_predicted,0.5,4,3,GAGTAAAATAGAGTAGATAA,1,4177200
yadE_predicted,0.5,4,3,GAGGTTGTTAAGTATCGGAA,1,4189320
yadE_predicted,2.0,10,3,GAGATGACGAGCCTATGTCA,7,4186704
yadE_predicted,0.75,5,3,GACTAGGTTTAATCGCAAAA,2,4214094
yadE_predicted,0.5,4,3,GACATGGGATACCTATTTCC,1,4170833
yadE_predicted,0.5,4,3,GAATTCTACTTGGTCGCCGT,1,4232217
yadE_predicted,1.0,6,3,GAAAATAAATGGAGTTTTAC,3,4177356
yadE_predicted,0.75,5,3,GAAAAGTCTCAGGAGCCCGT,2,4204218
yadE_predicted,0.75,5,3,CTGGATCCAGACCAGACGCT,2,4181604
yadE_predicted,1.25,7,3,CTGCCTTCTAGCCAGGTACA,4,4196090
yadE_predicted,0.75,5,3,CTCCCCCGCTCCTACCGCGC,2,4176983
yadE_predicted,96.0,386,3,CTATATTTATGTGTTCATCG,383,4216304
yadE_predicted,0.75,5,3,CTAGCCTGTGTGCGGAACAT,2,4161379
yadE_predicted,0.75,5,3,CTAGAGAAGTTTTGGTTGTC,2,4234137
yadE_predicted,0.5,4,3,CTAAGATGAGCAAGATGAAC,1,4201442
yadE_predicted,0.75,5,3,CGTGCGTTTCTGAACAAACG,2,4226621
yadE_predicted,0.5,4,3,CGTGCGACAATTAGTTAGAC,1,4222549
yadE_predicted,0.5,4,3,CGTATTCAGTATGCGCAATG,1,4229983
yadE_predicted,0.5,4,3,CGTATCAATTATCCGATCAT,1,4188945
yadE_predicted,0.5,4,3,CGTAGGGGTTTCAACCCCCA,1,4175923
yadE_predicted,3.0,14,3,CGTAACGCGCATGCTGGACG,11,4161115
yadE_predicted,117.0,470,3,CGGTCAGTCCACGATCCTTG,467,4191336
yadE_predicted,1.75,9,3,CGGGCTCTAGCAACTGAGAA,6,4234273
yadE_predicted,0.75,5,3,CGGCGAGCAGCCAAAGGAAT,2,4194122
yadE_predicted,0.5,4,3,CGGATACCTTCCCGTGTGTA,1,4188413
yadE_predicted,0.5,4,3,CGGACTGCCTTGTATCGTGT,1,4200155
yadE_predicted,1.0,6,3,CGGACCCGTGGTTGTGGTGT,3,4232777
yadE_predicted,0.5,4,3,CGCGCGGTATGTGCCTAGAT,1,4181061
yadE_predicted,0.75,5,3,CGCCAAACGTGGAGTAAAAG,2,4189750
yadE_predicted,0.5,4,3,CGACTACTCGTCTTCCGCGT,1,4238951
yadE_predicted,1.0,6,3,CGACGACATGAAGTTTAAGC,3,4185120
yadE_predicted,0.75,5,3,CCTGTTTCCTTTGGCGTTGT,2,4222805
yadE_predicted,0.5,4,3,CCTCAGACAGCGAACATGCG,1,4181474
yadE_predicted,150.0,602,3,CCTATAGAGCTCCATGCAGT,599,4177036
yadE_predicted,1.25,7,3,CCTAGGTGAGGGACGGCACT,4,4235827
yadE_predicted,1.75,9,3,CCTAACGCATTACTCTAAGA,6,4165432
yadE_predicted,0.75,5,3,CCCGGGGCATAGACAGTCAG,2,4235521
yadE_predicted,163.25,655,3,CCCGATCGGACGCAACTACA,652,4182815
yadE_predicted,1.0,6,3,CCATTCCCTCTTGTGGTCAC,3,4174635
yadE_predicted,1.5,8,3,CATTTCTTTTTGCTGACCGT,5,4231290
yadE_predicted,0.75,5,3,CATTTATATGCTCAGGGCAT,2,4193914
yadE_predicted,0.75,5,3,CATGTTCTGTGAAACCGCAT,2,4201098
yadE_predicted,1.5,8,3,CAGTGCGAACACTGCTCACT,5,4239527
yadE_predicted,1.5,8,3,CAGTCCTGGCCAGTGGAGCA,5,4165431
yadE_predicted,0.5,4,3,CAGGGTATAAGCATGGCTCC,1,4163187
yadE_predicted,120.25,483,3,CAGATCTCTTAAGCTTTTTG,480,4225641
yadE_predicted,0.5,4,3,CAGAGGTTTCGCCACCGTGT,1,4223161
yadE_predicted,0.5,4,3,CACTGTCACGTGGACCGTAT,1,4176171
yadE_predicted,0.75,5,3,CACTATCAGCTTTAGGATTT,2,4174665
yadE_predicted,0.5,4,3,CACAGGATCGTGGGGCTCTT,1,4201570
yadE_predicted,0.75,5,3,CACACTAGAATGATCAGCAA,2,4187706
yadE_predicted,2.0,10,3,CAATGCCTCTGGGTGGTCCT,7,4197406
yadE_predicted,0.5,4,3,CAATCGCACTTGATGACCTG,1,4234004
yadE_predicted,0.5,4,3,CAACGGTTTTTATACCGCCG,1,4219698
yadE_predicted,0.75,5,3,CAAATGTTGCGATATCTAGT,2,4168966
yadE_predicted,1.0,6,3,ATTCTGACATCTGTTCTTCT,3,4222155
yadE_predicted,0.5,4,3,ATTAAATGAGGCCGTATCGT,1,4215729
yadE_predicted,0.5,4,3,ATGGTTCTTCGAACAGTAGT,1,4205515
yadE_predicted,2.5,12,3,ATGATCTCTTATGTCAGGTA,9,4166555
yadE_predicted,0.5,4,3,ATGAGCGCCCGGACAAATGA,1,4161844
yadE_predicted,0.5,4,3,ATGAATTCTAGAAAAGGCAT,1,4238155
yadE_predicted,0.5,4,3,ATCTGCTATTGGCCGTGAGA,1,4222690
yadE_predicted,0.75,5,3,ATCTAGCGGGAGCCCGGTCG,2,4197970
yadE_predicted,0.5,4,3,ATCATGATACGAATCCTTGT,1,4224693
yadE_predicted,0.5,4,3,ATCAAAGATGAAAGGGCTTG,1,4172523
yadE_predicted,1.5,8,3,ATATTACCACAGAATGTGGT,5,4163292
yadE_predicted,1.75,9,3,ATAGCCAGTAAGTTGGTCCA,6,4172749
yadE_predicted,0.5,4,3,ATACAATACACATGCTCGCA,1,4204272
yadE_predicted,0.5,4,3,AGTTATTCTCTCCTCCATAC,1,4168851
yadE_predicted,0.5,4,3,AGGTTGCAGGTTAAATGACA,1,4221247
yadE_predicted,0.5,4,3,AGGGCGCAACGTAAACCATC,1,4179840
yadE_predicted,0.5,4,3,AGGCCAGACCCATTCGACCA,1,4203022
yadE_predicted,1.0,6,3,AGGCAACACAATTGGGCTTA,3,4238566
yadE_predicted,0.75,5,3,AGGACAAAGTGAGTATGGAA,2,4187820
yadE_predicted,75.0,302,3,AGATAGTGAGTGATACTGCT,299,4164175
yadE_predicted,2.25,11,3,AGAGTTCTCCGTCAATGGCT,8,4212338
yadE_predicted,2.25,11,3,AGAGAATACGACGACAGTTC,8,4161480
yadE_predicted,1.25,7,3,AGAACGGATTTAGGGGGGTG,4,4217154
yadE_predicted,0.5,4,3,ACTTGGCGAACTGTTCGCGT,1,4224840
yadE_predicted,0.75,5,3,ACTGTGGGTCGGACGGTCTT,2,4214571
yadE_predicted,1.0,6,3,ACTAGAGCAACAGCCGCTAC,3,4209876
yadE_predicted,0.5,4,3,ACGTGGCCAAAGGACCTGAT,1,4226685
yadE_predicted,2.0,10,3,ACGCTTGCTTGCATCACATG,7,4159899
yadE_predicted,0.5,4,3,ACGCAGTAGAAAAGGCCTCT,1,4187801
yadE_predicted,0.5,4,3,ACGACAGAAGGACGAGGACT,1,4177622
yadE_predicted,269.25,1079,3,ACCTCGAATTCGTTAGGCGT,1076,4175906
yadE_predicted,225.25,903,3,ACCGCTGAATCGTATTTGAG,900,4173997
yadE_predicted,0.5,4,3,ACATCCTTTACTGTTAAGAA,1,4201028
yadE_predicted,0.5,4,3,ACAATGAGCAGGGAGCACTA,1,4219374
yadE_predicted,1.0,6,3,ACAAGGGTACGATACATTTA,3,4233576
yadE_predicted,2.0,10,3,AAGCGATTTTATACGCTAGA,7,4208715
yadE_predicted,0.5,4,3,AAGAGTCGCCTCTGAGCGCG,1,4195587
yadE_predicted,0.5,4,3,AAGAGGTCCCGGCGTGTGGG,1,4213773
yadE_predicted,2.0,10,3,AAGAGGCACACAGCAAACGT,7,4184524
yadE_predicted,0.5,4,3,AACTCCGCATTTATCGTATC,1,4179924
yadE_predicted,0.5,4,3,AACCCGATTAGATCCCACGT,1,4212452
yadE_predicted,1.5,8,3,AAATTACGGCCGCTGTGGGT,5,4204362
yadE_predicted,2.25,11,3,AAAGTGTGGGGCAGCTACAT,8,4206252
yadE_predicted,231.25,927,3,AAAAGTTCCGTGAGCGATTT,924,4161821
yadE_predicted,0.6666666666666666,3,2,TTTTGAACTCATCCGCCTAC,1,4219601
yadE_predicted,1.0,4,2,TTTATCTATGTTTAAGCGCT,2,4163827
yadE_predicted,0.6666666666666666,3,2,TTGTGCAGGTCACTAGCGCT,1,4201589
yadE_predicted,1.0,4,2,TTGTATTGTGCCTGCATCCA,2,4160593
yadE_predicted,2.6666666666666665,9,2,TTCGTCCTATTCGCAGGAAA,7,4195610
yadE_predicted,2.0,7,2,TTAAGGGTCACTGGGGTGGT,5,4231867
yadE_predicted,1.6666666666666667,6,2,TGTGCAGGTTTGGAGATTGT,4,4205319
yadE_predicted,0.6666666666666666,3,2,TGGGCCTTTCACTCGCGCGT,1,4162913
yadE_predicted,0.6666666666666666,3,2,TGCTGAGTCAGGGGAGCTCA,1,4224507
yadE_predicted,1.0,4,2,TGCCACAGAGCGTTGACGGT,2,4187018
yadE_predicted,1.6666666666666667,6,2,TGCATGGGTAAAAGCACCCA,4,4174251
yadE_predicted,1.0,4,2,TGCACGTAATTCTACGACGG,2,4213000
yadE_predicted,2.0,7,2,TGCAAGTTTAATATGTATCT,5,4224997
yadE_predicted,0.6666666666666666,3,2,TGATTCATGTGGCGATCTGT,1,4194608
yadE_predicted,1.0,4,2,TGATTAGTCTACTCTGGGTC,2,4232327
yadE_predicted,0.6666666666666666,3,2,TGACGTCGCAGGTAAGGAGG,1,4209660
yadE_predicted,2.6666666666666665,9,2,TGACACTTGCATTTTAAGTA,7,4235175
yadE_predicted,0.6666666666666666,3,2,TCTGGGCGACGGTGGTTCTT,1,4232896
yadE_predicted,0.6666666666666666,3,2,TCTGCTCTGCCTGCTTACCT,1,4240207
yadE_predicted,187.66666666666666,564,2,TCGCGTTTTTACCATAGGGT,562,4172657
yadE_predicted,0.6666666666666666,3,2,TCCGTCAATCGTTCCAAACT,1,4237189
yadE_predicted,1.6666666666666667,6,2,TCATTGTGCAGTTACGATAC,4,4191267
yadE_predicted,1.0,4,2,TCATTGGTGACATTAGCAGT,2,4208932
yadE_predicted,0.6666666666666666,3,2,TCAGCCAGTACGACTTACCT,1,4235364
yadE_predicted,0.6666666666666666,3,2,TATTAGAATTCGTCCTTGGG,1,4237844
yadE_predicted,1.0,4,2,TATATGCTAGTCGAGGGTAG,2,4177240
yadE_predicted,0.6666666666666666,3,2,TATATCTCATTCATGTTCAT,1,4165460
yadE_predicted,0.6666666666666666,3,2,TAGCCTGTCATGTACTTGGC,1,4199742
yadE_predicted,1.3333333333333333,5,2,TAGCATGCAATCTGGGATCA,3,4183627
yadE_predicted,0.6666666666666666,3,2,TAGATTATCTATTGTGAAGT,1,4166036
yadE_predicted,1.6666666666666667,6,2,TAGATAAATGCCTTAAGTCT,4,4194577
yadE_predicted,0.6666666666666666,3,2,TAGAGGTAACCTTGGCCTCA,1,4225490
yadE_predicted,0.6666666666666666,3,2,TAGACTAGCCTGAGTTCCAT,1,4224150
yadE_predicted,1.0,4,2,TACGTGATATCCGGGGTGGT,2,4197739
yadE_predicted,0.6666666666666666,3,2,TACACGTGGCTACCTCGGTG,1,4166308
yadE_predicted,0.6666666666666666,3,2,TAACTTAGAGCACCGGATTT,1,4199028
yadE_predicted,0.6666666666666666,3,2,GTTTGTAACGGAGGAACACA,1,4225623
yadE_predicted,0.6666666666666666,3,2,GTTTCATTGCACTATCATAT,1,4198946
yadE_predicted,0.6666666666666666,3,2,GTTGTAGCTGTCCGCATACG,1,4179141
yadE_predicted,3.0,10,2,GTGGGAGCTTGCAAGAGGGA,8,4166227
yadE_predicted,0.6666666666666666,3,2,GTGACCCGGCGATTCTTACT,1,4184580
yadE_predicted,168.33333333333334,506,2,GTCGGGTGTCTACGTGATCT,504,4194499
yadE_predicted,1.6666666666666667,6,2,GTCGGAGCACAAACCCGAAA,4,4182296
yadE_predicted,114.0,343,2,GTCCACTCCAGTTTCTGAGT,341,4200249
yadE_predicted,0.6666666666666666,3,2,GGTTAGCATTGTGGAGGTGA,1,4161270
yadE_predicted,0.6666666666666666,3,2,GGTGTCGGGTGGTCAAGTAT,1,4222492
yadE_predicted,2.0,7,2,GGTCAACCCATAGAAGGTCA,5,4201638
yadE_predicted,0.6666666666666666,3,2,GGTACTACAAAGCTATTGTA,1,4164272
yadE_predicted,0.6666666666666666,3,2,GGTACGCGCGCACTACATTA,1,4178728
yadE_predicted,0.6666666666666666,3,2,GGGCCTAGTCATCATTTAAA,1,4230094
yadE_predicted,2.0,7,2,GGGATTACTAAGCTATTGTG,5,4161127
yadE_predicted,1.6666666666666667,6,2,GGCGGTTGTCTGCCAAGGAT,4,4209512
yadE_predicted,0.6666666666666666,3,2,GGCATCCACTGGTTGTGGAA,1,4198166
yadE_predicted,0.6666666666666666,3,2,GGATTGGACGATCGGCGATA,1,4196990
yadE_predicted,0.6666666666666666,3,2,GCTTTATTCAGCCGAGCACC,1,4180405
yadE_predicted,0.6666666666666666,3,2,GCTGAGAAGCATCAGCATCC,1,4182049
yadE_predicted,1.0,4,2,GCGCTAGGCGGTTGAAGCCT,2,4183926
yadE_predicted,0.6666666666666666,3,2,GCCGACAGTGCGGTAGATCA,1,4212150
yadE_predicted,3.3333333333333335,11,2,GCAGTGGTCGTCTGGTACGT,9,4223083
yadE_predicted,0.6666666666666666,3,2,GCACATTTTACAAAACTACA,1,4200417
yadE_predicted,0.6666666666666666,3,2,GCAACACTTAACAGCCTTTC,1,4233343
yadE_predicted,0.6666666666666666,3,2,GATTCACGGATAGTTCATTC,1,4176935
yadE_predicted,1.3333333333333333,5,2,GATGACCGCGGTCGTAATAT,3,4197517
yadE_predicted,0.6666666666666666,3,2,GACTCGGATAACCTTAAGAC,1,4226917
yadE_predicted,0.6666666666666666,3,2,GACGTTGTTGGACGAACAGG,1,4165638
yadE_predicted,0.6666666666666666,3,2,GAAGATTCGTTGCCCCCCTT,1,4189327
yadE_predicted,1.3333333333333333,5,2,GAACGGATTCTCTTCTGTAG,3,4161977
yadE_predicted,0.6666666666666666,3,2,GAAAAACTTGTGTCTGGCCG,1,4212531
yadE_predicted,1.0,4,2,CTTCATACTGTTGCTACGAC,2,4226502
yadE_predicted,0.6666666666666666,3,2,CTGTAGGTGGTGTTCGCGAA,1,4181824
yadE_predicted,125.66666666666667,378,2,CTGACTGGTGCCATAGCGAC,376,4181144
yadE_predicted,0.6666666666666666,3,2,CTCGTCGATGGAGCTTTACG,1,4233194
yadE_predicted,4.0,13,2,CTCAGAAAGGTAGCGAGGTA,11,4201291
yadE_predicted,1.3333333333333333,5,2,CTAAGCGTCTTCTTGTCTCC,3,4160760
yadE_predicted,2.0,7,2,CGTTGTGAGCCAAGTAAAAC,5,4223681
yadE_predicted,1.6666666666666667,6,2,CGTAATACATTCGGGGTCCA,4,4192422
yadE_predicted,1.0,4,2,CGGGTTAGAGTCGTCCGTGC,2,4208821
yadE_predicted,0.6666666666666666,3,2,CGGCTACCACAGTCTCACTC,1,4174428
yadE_predicted,0.6666666666666666,3,2,CGGACAATTTTTCCATTTTG,1,4197299
yadE_predicted,0.6666666666666666,3,2,CCTCGACACGTCACGAGCAG,1,4208253
yadE_predicted,0.6666666666666666,3,2,CCGGTGCAACTACACAAGTC,1,4223026
yadE_predicted,0.6666666666666666,3,2,CCCTGTTATATAGAGTAGCA,1,4227549
yadE_predicted,2.3333333333333335,8,2,CCCGTACCGTGCCGGACATA,6,4207890
yadE_predicted,0.6666666666666666,3,2,CCAAAGATCGCGCGCATTAG,1,4229595
yadE_predicted,1.0,4,2,CCAAACGGCGTGTTTTCCTA,2,4184478
yadE_predicted,1.0,4,2,CATTTAAACGTAGCACAACA,2,4209712
yadE_predicted,106.0,319,2,CATGCGGTTCCGGCGTGATG,317,4215787
yadE_predicted,0.6666666666666666,3,2,CATGCCCTTGAATATAGATT,1,4176515
yadE_predicted,0.6666666666666666,3,2,CATGACTTGTGACGTTGGCA,1,4199016
yadE_predicted,0.6666666666666666,3,2,CATCATGAGGTATGAGCTAC,1,4220789
yadE_predicted,0.6666666666666666,3,2,CAGTACCGAGAGCTCAGCGA,1,4180820
yadE_predicted,2.0,7,2,CAGGGAAGGCGGCCTCCCTT,5,4165846
yadE_predicted,0.6666666666666666,3,2,CAGCGAGCAAATCAGCTTAT,1,4212972
yadE_predicted,0.6666666666666666,3,2,CAGCCCTGCGACGTTTCAAC,1,4196158
yadE_predicted,1.3333333333333333,5,2,CACTTATCAACTACCTGGGG,3,4237976
yadE_predicted,1.0,4,2,CAAGTTTCACGGCCGTCTAT,2,4180587
yadE_predicted,0.6666666666666666,3,2,ATTCAGATGTTTCCGATGTA,1,4200785
yadE_predicted,1.0,4,2,ATTACGGCGCTTCGACCGCG,2,4216430
yadE_predicted,0.6666666666666666,3,2,ATGTCACGAGGGGGTCTAGA,1,4180167
yadE_predicted,0.6666666666666666,3,2,ATGAGCGTACAAGCTGTACA,1,4200235
yadE_predicted,3.0,10,2,ATCTTTCCTTTAACCTGTTC,8,4187930
yadE_predicted,1.0,4,2,ATCGTAGGTTACTGAACTTA,2,4220623
yadE_predicted,0.6666666666666666,3,2,ATCGAAGGTTGGAGGGTTCT,1,4233705
yadE_predicted,225.33333333333334,677,2,ATCGAAAGTACGCAATATTG,675,4189534
yadE_predicted,0.6666666666666666,3,2,ATATCCATATCCCGGAAGGG,1,4167059
yadE_predicted,0.6666666666666666,3,2,ATAACAGAAATCTACACCCG,1,4164451
yadE_predicted,0.6666666666666666,3,2,ATAAACTCGGTGCTTTTATC,1,4220949
yadE_predicted,1.0,4,2,AGTTCACGAGGAGGGGGTCC,2,4174423
yadE_predicted,0.6666666666666666,3,2,AGTTAAGTGAATTGTGGGGG,1,4204048
yadE_predicted,0.6666666666666666,3,2,AGGAAGTGATCCGAGGTTGC,1,4184760
yadE_predicted,0.6666666666666666,3,2,AGGAAGCAAGCGCTCGCGTC,1,4161328
yadE_predicted,1.0,4,2,AGCTATACGACCCCCCTTCT,2,4172836
yadE_predicted,1.3333333333333333,5,2,AGCCCCGTCAACGGGAATTG,3,4189559
yadE_predicted,1.0,4,2,AGCACGCATTTTTTGACCGG,2,4179786
yadE_predicted,2.0,7,2,AGAGCCCAATAATGTATAGA,5,4241196
yadE_predicted,1.3333333333333333,5,2,ACTTCAGTTCTCGACTGCTG,3,4170810
yadE_predicted,183.66666666666666,552,2,ACTGACGAGAGGTGTGATAT,550,4178269
yadE_predicted,0.6666666666666666,3,2,ACTACAACCTTGGCCAAGGG,1,4212399
yadE_predicted,0.6666666666666666,3,2,ACGTGCTTTTGTTAATTGTA,1,4204528
yadE_predicted,110.66666666666667,333,2,ACGATAAGGGCTGATGAGGG,331,4164243
yadE_predicted,0.6666666666666666,3,2,ACGAAACATATGCATGCCCG,1,4222948
yadE_predicted,1.0,4,2,ACCCCTCTTGCTCCTCACCC,2,4236770
yadE_predicted,0.6666666666666666,3,2,ACCACCCCTGAAGCTGGAGA,1,4183129
yadE_predicted,1.0,4,2,ACAGCTCGTAGGATTACATT,2,4190255
yadE_predicted,0.6666666666666666,3,2,ACACGAATAGCACTCGCTCC,1,4235757
yadE_predicted,0.6666666666666666,3,2,ACAAATGACGTCTCCCTAAA,1,4176922
yadE_predicted,0.6666666666666666,3,2,AATACTTACTTCAAAGCAGC,1,4168712
yadE_predicted,0.6666666666666666,3,2,AAGTCTTGGAGCGGTTCCAG,1,4203403
yadE_predicted,0.6666666666666666,3,2,AAGGTAGAGGGCATCTTTCA,1,4237648
yadE_predicted,0.6666666666666666,3,2,AAGATAAAATCTCATTGTGG,1,4225325
yadE_predicted,2.0,7,2,AAGAGCACTAGGGTGGAGAA,5,4228451
yadE_predicted,1.3333333333333333,5,2,AAATTAAGAGGATCAGACTG,3,4225349
yadE_predicted,0.6666666666666666,3,2,AAACTGCATCGTCCTAAAAC,1,4166731
yadE_predicted,1.0,2,1,TTTATTTCATGTTTGATTGC,1,4224212
yadE_predicted,1.0,2,1,TTTAGGGCTGCAGCACGCCA,1,4161111
yadE_predicted,3.5,7,1,TTTACGACCAGGATATCCAG,6,4199661
yadE_predicted,1.0,2,1,TTGGTCTTGCACGTACACGT,1,4191173
yadE_predicted,1.0,2,1,TTGGTCGATGATCAGATACA,1,4165712
yadE_predicted,1.5,3,1,TTGGCATTCGGAGGTAACAG,2,4212188
yadE_predicted,1.0,2,1,TTCTTACCGTTATCGGTCAG,1,4184210
yadE_predicted,1.5,3,1,TTCGCTGCTGGGCGAACGAG,2,4238852
yadE_predicted,2.5,5,1,TTCCAAGCCCTTGGTGGCGG,4,4214711
yadE_predicted,1.0,2,1,TTCAGGGAAAAGATTACAAC,1,4218317
yadE_predicted,1.0,2,1,TTATTCTGCCACCTTCACCC,1,4213240
yadE_predicted,4.0,8,1,TTACGTGTCGCTTCGGCTTG,7,4213568
yadE_predicted,2.5,5,1,TTACGCAGATAAGACAACTA,4,4185551
yadE_predicted,5.0,10,1,TTACCTGGGGGGTAGCGAAG,9,4205101
yadE_predicted,1.0,2,1,TGTGTAATGGTGTTAATGTA,1,4239422
yadE_predicted,1.0,2,1,TGGGTATGCACAGTGAAATT,1,4184847
yadE_predicted,1.0,2,1,TGGCGCTATCATACAACCCT,1,4200365
yadE_predicted,1.5,3,1,TGCTTGTTCCCTGACTATAT,2,4175975
yadE_predicted,3.0,6,1,TGCGCGGGTAGGACGTAGGC,5,4188358
yadE_predicted,1.0,2,1,TGATGTGAAATCAGCTAGGG,1,4165630
yadE_predicted,12.5,25,1,TCTGGGCTATTTAGTCCCCC,24,4203032
yadE_predicted,3.5,7,1,TCTACTGCGTATCAATCCAT,6,4236735
yadE_predicted,330.0,660,1,TCGTTGGGCGCGAACGCTTA,659,4172916
yadE_predicted,1.0,2,1,TCCTTGCCCTGGAAGGATGG,1,4195182
yadE_predicted,1.0,2,1,TCCTCAGGTTTAGGAGCCAG,1,4236615
yadE_predicted,2.0,4,1,TCCGGCCGTCCTTTCGAGCA,3,4189773
yadE_predicted,2.5,5,1,TCCACTTCGCTAAGGTTATT,4,4195988
yadE_predicted,2.5,5,1,TCCACCGATGTGAGAGCGAG,4,4189688
yadE_predicted,1.5,3,1,TCACCAGCGTTTGCAACTCC,2,4175967
yadE_predicted,2.0,4,1,TATCAGATCTTATTTAAGAA,3,4192162
yadE_predicted,3.5,7,1,TATAGTTTATAACTTGCGCT,6,4204727
yadE_predicted,1.5,3,1,TATACTAATAAACGGTAGAA,2,4212162
yadE_predicted,2.0,4,1,TAGGTCGTAGTTGTAGTGAA,3,4167215
yadE_predicted,2.0,4,1,TAGCATTCGTTGGGCGGACG,3,4221636
yadE_predicted,3.0,6,1,TACATGTTTTGGCTAAGAAG,5,4210196
yadE_predicted,1.0,2,1,TAAAGTTTCCTCTCGAGCTG,1,4194733
yadE_predicted,1.0,2,1,GTTTTTGAAGTGCCAGACTC,1,4232174
yadE_predicted,2.0,4,1,GTTGTCCTTAATAGGACTCG,3,4183257
yadE_predicted,1.0,2,1,GTTGGATCCACACGCACCGT,1,4231785
yadE_predicted,141.0,282,1,GTCGCGCGCGCGTCTGTATG,281,4163120
yadE_predicted,1.0,2,1,GTCCTGTTAACTTTGCGGAA,1,4230134
yadE_predicted,1.0,2,1,GTCATTCCATTTGGCCTCGA,1,4237093
yadE_predicted,5.0,10,1,GTATTAATAAATGTATTTCT,9,4215588
yadE_predicted,2.0,4,1,GTATCCAAAAGCCTCGGAAC,3,4170085
yadE_predicted,1.5,3,1,GTAATAGACTCAGATGTTTA,2,4197228
yadE_predicted,1.0,2,1,GGTTTCATGTCTCGTGAGCG,1,4220398
yadE_predicted,1.0,2,1,GGCTTACATGCCGCAGCCAG,1,4224161
yadE_predicted,7.0,14,1,GGCGACATCGATGCCTTATT,13,4191529
yadE_predicted,1.5,3,1,GGCCATCCCTAGAGGACATG,2,4236951
yadE_predicted,1.5,3,1,GCTTATAGTATCGCTTCCCG,2,4196247
yadE_predicted,1.0,2,1,GCGCGATGCACAACTTGTAA,1,4236253
yadE_predicted,1.5,3,1,GCCGTATGGTTAGATGCACA,2,4175434
yadE_predicted,1.0,2,1,GCCGGAGGCTGTAGGCAAGT,1,4220317
yadE_predicted,4.0,8,1,GCCGCCCAGCAATGAGGTAA,7,4218633
yadE_predicted,1.0,2,1,GCACGCACGGTAACCTCTTT,1,4203334
yadE_predicted,2.5,5,1,GCACATGCAAAAAACTCACT,4,4185179
yadE_predicted,6.5,13,1,GCAACCACCCGGCGTACTAT,12,4183865
yadE_predicted,7.0,14,1,GACTGATCCTCACCACGAGT,13,4185249
yadE_predicted,1.0,2,1,GACCCGCAGGAGAAATATTG,1,4198490
yadE_predicted,5.0,10,1,GAAGCCCCCGCCGCCTTAGT,9,4162704
yadE_predicted,103.5,207,1,GAACGCGCATGAACATGGTG,206,4193570
yadE_predicted,1.0,2,1,GAAACCAAACATTATCTGGG,1,4160323
yadE_predicted,2.0,4,1,CTTGATAACGGAAGCGCACT,3,4199619
yadE_predicted,2.5,5,1,CTTCCTGGTGTCACCCCCGG,4,4176702
yadE_predicted,2.5,5,1,CTGTAATGTTTGAGGGGTAA,4,4208910
yadE_predicted,1.0,2,1,CTCGATGAATGCAAGGTAGC,1,4164851
yadE_predicted,1.5,3,1,CTAGACCACGTGGCCAGACG,2,4189153
yadE_predicted,39.0,78,1,CTACGAGATCAGTACACAGT,77,4222554
yadE_predicted,1.5,3,1,CTAACGGTATCTGCCGCCAG,2,4179799
yadE_predicted,2.0,4,1,CGTCTCCTCCTTAACATCTG,3,4195464
yadE_predicted,3.5,7,1,CGCTGGGCGATTAGGTGGCC,6,4199194
yadE_predicted,1.0,2,1,CGCGGTGACCCAAAGCCACC,1,4221377
yadE_predicted,3.0,6,1,CGCCGGTGTAGTCTTTGGAG,5,4176558
yadE_predicted,1.0,2,1,CGCAAAGGCTACCGTCACAG,1,4195818
yadE_predicted,78.5,157,1,CGATTTTATTGTGAGGTCCT,156,4170549
yadE_predicted,2.5,5,1,CGATTCTGGTTTATCACTAG,4,4216307
yadE_predicted,3.5,7,1,CGATTACCGTGCCGGTATAA,6,4164254
yadE_predicted,1.0,2,1,CGATACCTGCGTGAGAGTAT,1,4202010
yadE_predicted,2.5,5,1,CGATAACCTGAAAAGACTTG,4,4210600
yadE_predicted,2.5,5,1,CGAGGACAGCGGCGGTTCAT,4,4206665
yadE_predicted,2.0,4,1,CGAACGTTTGAGGCACCAGT,3,4185835
yadE_predicted,1.0,2,1,CCTGATCTCAACACTCCCCT,1,4174695
yadE_predicted,1.0,2,1,CCTAGTGTTAGATCTCTCTC,1,4187284
yadE_predicted,2.0,4,1,CCGGTAACTCCTCAACAGTC,3,4184027
yadE_predicted,1.0,2,1,CCGAGCACATCCCTCCGTAG,1,4207811
yadE_predicted,1.0,2,1,CCCACTGCAGTTCCACGTTT,1,4238668
yadE_predicted,5.5,11,1,CCATTAATGTGGAGTCCCTG,10,4177020
yadE_predicted,5.5,11,1,CCAGTCCGCTGTTTGGCAAC,10,4208516
yadE_predicted,1.0,2,1,CATTTTTATTTCTAGCTGGC,1,4163584
yadE_predicted,3.0,6,1,CATTTTGTCTGCAGCGACGT,5,4199024
yadE_predicted,3.0,6,1,CATGAGGGATTTAATAGGTC,5,4163958
yadE_predicted,1.0,2,1,CATAATGTTTAGAACTTCAT,1,4233274
yadE_predicted,4.5,9,1,CAGTGGCTTGGTGAGCACAG,8,4185310
yadE_predicted,1.0,2,1,CAGTCCTTCGCATGCGCACC,1,4209015
yadE_predicted,1.0,2,1,CAGCAATAAGGTCATGCTAC,1,4232534
yadE_predicted,1.0,2,1,CACCTCAGATTGCCAGTAGA,1,4234037
yadE_predicted,2.0,4,1,CAAATGTGTTGCTAGCGGAA,3,4178257
yadE_predicted,3.5,7,1,ATTGTGGATGAAGCGCCCGA,6,4231563
yadE_predicted,2.5,5,1,ATTGTGAGTGAGGAGACGGG,4,4192073
yadE_predicted,4.0,8,1,ATTCTGTGGGAAACGATGTC,7,4193283
yadE_predicted,1.5,3,1,ATTATGATAGCCTGGATGCG,2,4190996
yadE_predicted,5.0,10,1,ATTAGGCCTCGTCTGTAGTA,9,4165428
yadE_predicted,1.5,3,1,ATTAATTTACCAGGAAATAG,2,4213896
yadE_predicted,1.5,3,1,ATGTCAAAACGGGCGTCTGG,2,4179345
yadE_predicted,1.0,2,1,ATCTGAATTAGCAGTTGGGC,1,4187060
yadE_predicted,1.5,3,1,ATCGGAGTCCCTGGGAAACG,2,4162097
yadE_predicted,2.0,4,1,ATCATTATGCCATCCAACAA,3,4204087
yadE_predicted,1.0,2,1,ATCATCCGCGGAAGTTGCTA,1,4195136
yadE_predicted,1.0,2,1,ATAGCAGCAGGAATCCCCAT,1,4228915
yadE_predicted,255.0,510,1,AGTTCTTTACAGACATCGAC,509,4160330
yadE_predicted,1.0,2,1,AGGTACGTCGGATCGGAGTA,1,4185767
yadE_predicted,1.5,3,1,AGGCCTGATCCGGAGACTAA,2,4174440
yadE_predicted,1.0,2,1,AGGCCCTACGGGGAAGGGTT,1,4224444
yadE_predicted,1.0,2,1,AGGCAAAACTTCTGGGGCAT,1,4229461
yadE_predicted,13.0,26,1,AGCCCATTTCTTGGACTCCA,25,4164587
yadE_predicted,1.0,2,1,AGATCAGCGCTCGGCGTAGC,1,4209598
yadE_predicted,3.0,6,1,AGATATTCAGAGTGTTCGGT,5,4239764
yadE_predicted,1.0,2,1,ACTTGTAATATGAACTCCTT,1,4172140
yadE_predicted,3.0,6,1,ACTCAACGTAACCATAAGTG,5,4159949
yadE_predicted,1.0,2,1,ACGTCCATGTACCATCTATT,1,4201714
yadE_predicted,1.0,2,1,ACGTAGTTGCTTTTGAATTT,1,4206239
yadE_predicted,2.0,4,1,ACGGTGTTTTGGATAATGGC,3,4235242
yadE_predicted,2.5,5,1,ACCGATACCCACCTTTCCCT,4,4215699
yadE_predicted,1.0,2,1,ACCGACGTCCCAGTTGAGGT,1,4226327
yadE_predicted,2.5,5,1,ACCCGTATACCGATTCCTCT,4,4234141
yadE_predicted,1.0,2,1,ACCATGTTCATGTACCGATG,1,4220547
yadE_predicted,2.5,5,1,ACAGGACTCTTTCGCAAGAG,4,4187560
yadE_predicted,1.0,2,1,ACAAATGGTTCTCAATCCTC,1,4195985
yadE_predicted,1.0,2,1,AATCACGCGTCCTGAAAGCG,1,4164173
yadE_predicted,1.0,2,1,AAGGTACAATTGCATCAGTA,1,4201948
yadE_predicted,1.0,2,1,AAGCCCTGCACTGAACTACG,1,4214210
yadE_predicted,1.0,2,1,AACTTTAGGGAATTTGGCCG,1,4225955
yadE_predicted,268.5,537,1,AACCGGGGAATATATCTAGC,536,4173308
yadE_predicted,1.0,2,1,AACACCGAACGATCTACTGA,1,4228540
yadE_predicted,0.002849002849002849,350,350,TGGGAACGGGAGTTACGAAG,0,4162861
yadE_predicted,0.006896551724137931,144,144,GCGCAGATCACCATGCACCT,0,4228649
yadE_predicted,0.008264462809917356,120,120,TCTCCATCATTGTGCCTGAG,0,4159444
yadE_predicted,0.009259259259259259,107,107,AGCCGTGTGCGTGATACTTT,0,4164549
yadE_predicted,0.009615384615384616,103,103,CGGCACCAAACTACAGCCAG,0,4183710
yadE_predicted,0.009900990099009901,100,100,AAGGAAGTGGCTATGTCCTA,0,4190616
yadE_predicted,0.01,99,99,GGTGATGGACCTCGATATAT,0,4198157
yadE_predicted,0.010309278350515464,96,96,CGGACTGGGGGCCTACTATG,0,4220917
yadE_predicted,0.011363636363636364,87,87,CAGGGGATGAAGCGCACTTA,0,4167780
yadE_predicted,0.012195121951219513,81,81,GGGGCGCACCAGGACACCAG,0,4237864
yadE_predicted,0.012345679012345678,80,80,CCGCAGGTGTAGGACAAATG,0,4203160
yadE_predicted,0.0125,79,79,GGCCAATACACTGGGCTCCG,0,4221732
yadE_predicted,0.0125,79,79,CGTACTTTTTCCAAGAACGA,0,4193422
yadE_predicted,0.012658227848101266,78,78,TCAGGTTGCAAGCGAGAAGT,0,4198685
yadE_predicted,0.012658227848101266,78,78,CGGGGGTAGTGAGTGTTCAC,0,4183312
yadE_predicted,0.01282051282051282,77,77,ACCCCCTTGGAGGTCGTGGA,0,4210927
yadE_predicted,0.012987012987012988,76,76,CCTCTATTAGATCGATTCGA,0,4209173
yadE_predicted,0.012987012987012988,76,76,AAGAAGGGGTTGTCCCGTTT,0,4181332
yadE_predicted,0.013157894736842105,75,75,TGTCGGACCCGTAAACCAAG,0,4202507
yadE_predicted,0.013157894736842105,75,75,CCGACACAGTCGTAGTGAAG,0,4168184
yadE_predicted,0.0136986301369863,72,72,CTCCAATATTCCGTCGATCG,0,4219620
yadE_predicted,0.0136986301369863,72,72,CAGATTCAGGGATGTGCTCA,0,4178185
yadE_predicted,0.013888888888888888,71,71,TTCAATCGAGGCTGGTGACA,0,4232606
yadE_predicted,0.013888888888888888,71,71,ATAATTGGCACCGTCCGGCA,0,4209200
yadE_predicted,0.014084507042253521,70,70,TCACTAAGTACCCTTTCAAT,0,4173265
yadE_predicted,0.014084507042253521,70,70,AAAATACGGTTGTTCGCAAT,0,4240319
yadE_predicted,0.014285714285714285,69,69,CCCGAAAACATTGTCGTCCA,0,4189183
yadE_predicted,0.014492753623188406,68,68,CGGTGGCCGACCTACATACA,0,4223356
yadE_predicted,0.014492753623188406,68,68,AAGACCTCCACTTTGGGTAC,0,4181706
yadE_predicted,0.014925373134328358,66,66,ACCAAGCCCCGTTTTTATGT,0,4168090
yadE_predicted,0.015151515151515152,65,65,GTGGCGGGCCAGTATGACTT,0,4165062
yadE_predicted,0.015151515151515152,65,65,CTCGGAGTCATCGATGGCAT,0,4172228
yadE_predicted,0.015151515151515152,65,65,CGAAACCCGTCTCGACACGT,0,4193372
yadE_predicted,0.015384615384615385,64,64,TGGGCACCCGCGAAATCGGT,0,4171097
yadE_predicted,0.015384615384615385,64,64,TATCAAAAAATCTAGTAAGA,0,4173926
yadE_predicted,0.015384615384615385,64,64,GGAGGACTCGCTAAGAAATA,0,4195753
yadE_predicted,0.015384615384615385,64,64,CGATTCAACGAAGTGTCCAC,0,4160857
yadE_predicted,0.015384615384615385,64,64,CAATGGGTAGAGGCTGATGT,0,4215839
yadE_predicted,0.015625,63,63,TACTATTTGTCCTTTAATCT,0,4211941
yadE_predicted,0.015625,63,63,AGCAGGCGATGGCTTAAAAT,0,4175253
yadE_predicted,0.015873015873015872,62,62,GCAGGGGAGCGGCTTTTTGA,0,4160029
yadE_predicted,0.015873015873015872,62,62,CCTTTTAGATCGTCATCATA,0,4183331
yadE_predicted,0.015873015873015872,62,62,CACCTAGGACAAGCATCGCT,0,4219758
yadE_predicted,0.016129032258064516,61,61,CTGTGTACCAGCTATGCCGC,0,4180811
yadE_predicted,0.016129032258064516,61,61,CGGGTAAACCAGCCTTAAGG,0,4163770
yadE_predicted,0.016129032258064516,61,61,CCGTCTTCCAGTAGCCGCGA,0,4161054
yadE_predicted,0.01639344262295082,60,60,GTTTTCATGGAACTTGCGAG,0,4228031
yadE_predicted,0.01639344262295082,60,60,GACTCGTATGCCGTACTCAA,0,4233920
yadE_predicted,0.016666666666666666,59,59,GCGCAAGGTGTCGCACCGCA,0,4165063
yadE_predicted,0.016666666666666666,59,59,GAACGCATTGATAGAAGAGT,0,4215239
yadE_predicted,0.016666666666666666,59,59,CAAAACTCCCAATGCATAGT,0,4188201
yadE_predicted,0.016666666666666666,59,59,ATGGCGGGATCGGGACGACC,0,4201632
yadE_predicted,0.016666666666666666,59,59,ACGTGATAAAAGACATCGTA,0,4200832
yadE_predicted,0.016666666666666666,59,59,ACATGGCCTGAGGAAACGCT,0,4189235
yadE_predicted,0.01694915254237288,58,58,TTCGTCACGTACCCCAAGCG,0,4180357
yadE_predicted,0.01694915254237288,58,58,GGTACAGGCAGAGCTTAGAA,0,4199173
yadE_predicted,0.01694915254237288,58,58,GGCCAGGTACCGCCCTTCCG,0,4180743
yadE_predicted,0.01694915254237288,58,58,CTCGTCTGGGTAAGGTGTTG,0,4160505
yadE_predicted,0.01694915254237288,58,58,CGTGGAAAGGCGGTGTGATC,0,4164164
yadE_predicted,0.01694915254237288,58,58,CCATAGGACATAACACAGGT,0,4174680
yadE_predicted,0.01694915254237288,58,58,CAGTAACATTTGTTTGTGAC,0,4162301
yadE_predicted,0.01694915254237288,58,58,CAATAGGAGACTTATGTTAA,0,4199659
yadE_predicted,0.01694915254237288,58,58,CAAGGAGGAACACAGGGGCT,0,4171807
yadE_predicted,0.01694915254237288,58,58,ATGACGATTAGGTGTTATGA,0,4227416
yadE_predicted,0.01694915254237288,58,58,AATCAACTCTTGACGACCCA,0,4221991
yadE_predicted,0.017241379310344827,57,57,GCAACGGCATTCAGATATCC,0,4198818
yadE_predicted,0.017241379310344827,57,57,CCGCTATCTAGCATCCGGAC,0,4183493
yadE_predicted,0.017241379310344827,57,57,ACGGCGTGATGCTTAGCAGG,0,4198362
yadE_predicted,0.017241379310344827,57,57,ACCGGCCTTATAGGACAGTG,0,4162946
yadE_predicted,0.017241379310344827,57,57,AAGCCCATTCAATACGGGGT,0,4183039
yadE_predicted,0.017543859649122806,56,56,TCTGACTATTAGTCTTGCGG,0,4234206
yadE_predicted,0.017543859649122806,56,56,AGCTTGATAAACGCTCTTAT,0,4188076
yadE_predicted,0.017857142857142856,55,55,TGCGTCCAGGGGGGTGCAAC,0,4163628
yadE_predicted,0.017857142857142856,55,55,TGAGGTGACGGGACATCATG,0,4224677
yadE_predicted,0.017857142857142856,55,55,GGGAAAACTTCCTGGTCTCA,0,4226961
yadE_predicted,0.017857142857142856,55,55,GGATTAGTATGTTCTCAAGA,0,4173837
yadE_predicted,0.017857142857142856,55,55,GAGCTATCTAATACAGATAG,0,4168587
yadE_predicted,0.017857142857142856,55,55,GACGCAGCAGCGTTCAAGCG,0,4189232
yadE_predicted,0.017857142857142856,55,55,CAGAAGACCTTGACCTCGCG,0,4164713
yadE_predicted,0.017857142857142856,55,55,AGGCGGTGGTCTATCCCATA,0,4216003
yadE_predicted,0.01818181818181818,54,54,TCTTCACGACGGCGGAGTCA,0,4167721
yadE_predicted,0.01818181818181818,54,54,GGCATTATACTGACCCGGAT,0,4196692
yadE_predicted,0.01818181818181818,54,54,GACTCGAAGCGGTACAGATC,0,4176355
yadE_predicted,0.01818181818181818,54,54,CACCCGCAATTTTGGATATG,0,4224486
yadE_predicted,0.01818181818181818,54,54,AGCCGAGGTTTCGAGAGGGA,0,4169237
yadE_predicted,0.01818181818181818,54,54,ACAGCCCACAGATCACTGCA,0,4220936
yadE_predicted,0.018518518518518517,53,53,TGGCGGCCAGGAACCCCCTA,0,4165824
yadE_predicted,0.018518518518518517,53,53,TAGCGCCCTTGGCCGCGGAT,0,4182422
yadE_predicted,0.018518518518518517,53,53,GGATTCGCGGGTGTGTATTA,0,4212917
yadE_predicted,0.018518518518518517,53,53,GCTGGGTCGCCGACGTGCAG,0,4202321
yadE_predicted,0.018518518518518517,53,53,GCGCCCTCTGATTCGTCTAT,0,4160718
yadE_predicted,0.018518518518518517,53,53,GAGACCCAGAAATTGCGATA,0,4187632
yadE_predicted,0.018518518518518517,53,53,CGTCGGAACTCCAAAGACAC,0,4192321
yadE_predicted,0.018518518518518517,53,53,AGGCCCTTCGTACGCCATAA,0,4169124
yadE_predicted,0.018518518518518517,53,53,AATGCTACGGCAGGGCCTAA,0,4236467
yadE_predicted,0.018867924528301886,52,52,TTTGGTTCTTTGCCCAGGTA,0,4162450
yadE_predicted,0.018867924528301886,52,52,TGTCTTGTTCAAAACCTTAC,0,4167379
yadE_predicted,0.018867924528301886,52,52,GTCAATCGAACACACATTGG,0,4206608
yadE_predicted,0.018867924528301886,52,52,CCTCGCAAGCTTTGACCTTT,0,4164649
yadE_predicted,0.018867924528301886,52,52,CCCGCTCTGGTTTGTGTTAA,0,4226957
yadE_predicted,0.018867924528301886,52,52,CATAACCCCCCAGGCAGGCA,0,4200951
yadE_predicted,0.018867924528301886,52,52,CACAGGCCCGATGCAATGTC,0,4185678
yadE_predicted,0.018867924528301886,52,52,ACTGACGGCTGATCTAGTTT,0,4176401
yadE_predicted,0.019230769230769232,51,51,TTGTGGGGGCCGTTTGCTAA,0,4162640
yadE_predicted,0.019230769230769232,51,51,TTGATATGTGCTAGATACTG,0,4160195
yadE_predicted,0.019230769230769232,51,51,TAGCGATGTAAGGGCTCCTC,0,4236104
yadE_predicted,0.019230769230769232,51,51,CTTGGGTATTTATAGAGACA,0,4218937
yadE_predicted,0.019230769230769232,51,51,ATTGATATGCTACTATGGGT,0,4208511
yadE_predicted,0.019230769230769232,51,51,AGTGCAAGTCCAGTGCGCGA,0,4219712
yadE_predicted,0.019230769230769232,51,51,AGCCGTACAACTGAACTGAT,0,4199964
yadE_predicted,0.019230769230769232,51,51,ACCTGTCCCTACGTGCCCAG,0,4187688
yadE_predicted,0.019230769230769232,51,51,AATCTGAGGGAGCCAAATGT,0,4193916
yadE_predicted,0.0196078431372549,50,50,TTCTCTCAGAGTCGTGAGTT,0,4215481
yadE_predicted,0.0196078431372549,50,50,TGGTGCCTCGTGCCGTTCGA,0,4216112
yadE_predicted,0.0196078431372549,50,50,TGGGCAGTGCGCATTTATCT,0,4206242
yadE_predicted,0.0196078431372549,50,50,TGAGAACTGGCATCCGTAGC,0,4209636
yadE_predicted,0.0196078431372549,50,50,TAGCAACTGCATCTGGGGCT,0,4223206
yadE_predicted,0.0196078431372549,50,50,GTAAACGTTCTTCCATTATA,0,4161470
yadE_predicted,0.0196078431372549,50,50,GAGATATAAAGCGGCATCGG,0,4200498
yadE_predicted,0.0196078431372549,50,50,CTCGCGCGCGAACAGTGCGT,0,4166086
yadE_predicted,0.0196078431372549,50,50,CCACGTGCCTTCAGAAATGT,0,4166280
yadE_predicted,0.0196078431372549,50,50,CATCTGATACTAACACAGAC,0,4165214
yadE_predicted,0.0196078431372549,50,50,AGACAAGTTGCATTGTCTTA,0,4176871
yadE_predicted,0.02,49,49,TGGTCCTACAATAAAGTGGG,0,4215042
yadE_predicted,0.02,49,49,TATATCAAGTGTGCGTTTAA,0,4214121
yadE_predicted,0.02,49,49,TATAGCGTATGTGGACCGGA,0,4239765
yadE_predicted,0.02,49,49,GTGTTGATATAGCGAATGCT,0,4215527
yadE_predicted,0.02,49,49,GTGTGCAGATAGCTGATGTA,0,4174551
yadE_predicted,0.02,49,49,CTTCCGATTAGAGGGGAAGG,0,4180448
yadE_predicted,0.02,49,49,CTAGGAAGAGTTGCTAAAAT,0,4170973
yadE_predicted,0.02,49,49,CTACTGGCGCTGAGGGCGGC,0,4180932
yadE_predicted,0.02,49,49,ATGGACTTGGACATGAAGAT,0,4183618
yadE_predicted,0.02,49,49,ATACGTGCGGTCAGTAAATA,0,4235388
yadE_predicted,0.02,49,49,AGCTCAGAGTATGTAGAGGT,0,4178182
yadE_predicted,0.02,49,49,AACCACGTTTGCTGATCATG,0,4177104
yadE_predicted,0.02,49,49,AAACTGAGTTGATAGTTTTT,0,4161625
yadE_predicted,0.02040816326530612,48,48,TCGGCGGCCGGCCGAAGTGG,0,4200376
yadE_predicted,0.02040816326530612,48,48,GTTGAGATATGCCCTGAGGT,0,4226189
yadE_predicted,0.02040816326530612,48,48,GACTGTGAAGCTAGTCCCCC,0,4165682
yadE_predicted,0.02040816326530612,48,48,CTATGGGTGACATAGGCCAT,0,4166962
yadE_predicted,0.02040816326530612,48,48,CGCCGTTGATACGGCGAGGG,0,4168174
yadE_predicted,0.02040816326530612,48,48,CCGCTTCCGCCGAACCAGAG,0,4236973
yadE_predicted,0.02040816326530612,48,48,CCCGATCCGCCAAGATTCCA,0,4176399
yadE_predicted,0.02040816326530612,48,48,ATCATCATGCATGCACTTCA,0,4187686
yadE_predicted,0.02040816326530612,48,48,AGAGTACACCGTGGCCCACG,0,4180257
yadE_predicted,0.02040816326530612,48,48,ACATCGTTTAGTGGTAAGGC,0,4231430
yadE_predicted,0.02040816326530612,48,48,ACACGTGATCGTTCTGCATT,0,4223369
yadE_predicted,0.020833333333333332,47,47,TTCGGATCCACTCATCCGTC,0,4211448
yadE_predicted,0.020833333333333332,47,47,TTCAGGCCCGCGCCATTGAT,0,4216905
yadE_predicted,0.020833333333333332,47,47,TGTTTCGCAATATGTCGAGC,0,4165546
yadE_predicted,0.020833333333333332,47,47,TAATAACCCACCAACGATGT,0,4218567
yadE_predicted,0.020833333333333332,47,47,GGTGATAAGGGGAGGTCGAG,0,4196360
yadE_predicted,0.020833333333333332,47,47,GGGGACGTCACGGGCCTTAT,0,4162324
yadE_predicted,0.020833333333333332,47,47,GGATCCTGGAGATTAATCTC,0,4192324
yadE_predicted,0.020833333333333332,47,47,CGGAAAGTGAACAGCTTGTA,0,4167626
yadE_predicted,0.020833333333333332,47,47,CCGACACACCCAGTAGATGA,0,4188356
yadE_predicted,0.020833333333333332,47,47,CCGAATTGGGGCAATAGAGT,0,4175737
yadE_predicted,0.020833333333333332,47,47,CCCATGTCGTGGGCGGTGCA,0,4223585
yadE_predicted,0.020833333333333332,47,47,AGTTGTCACGCTGCACCAGT,0,4200827
yadE_predicted,0.020833333333333332,47,47,AGCCGAGCGAGGGATTGGAA,0,4222423
yadE_predicted,0.020833333333333332,47,47,AGAGTTAGATTCTGGCCGAT,0,4209507
yadE_predicted,0.020833333333333332,47,47,AGAATTATGAACGGGGATCA,0,4193382
yadE_predicted,0.020833333333333332,47,47,ACCACAGTAATACCCTGTGG,0,4211862
yadE_predicted,0.02127659574468085,46,46,TCGTTGACGGTTACGACTGT,0,4230172
yadE_predicted,0.02127659574468085,46,46,GTATTCAGGTGGGGAGAAGG,0,4222380
yadE_predicted,0.02127659574468085,46,46,GATGAAACCTCCTGGCCCTA,0,4162058
yadE_predicted,0.02127659574468085,46,46,GATCCTGAGCTGGAACAGAA,0,4199326
yadE_predicted,0.02127659574468085,46,46,CCTTAGAGGACTGCCCGTCT,0,4200018
yadE_predicted,0.02127659574468085,46,46,CAGTCGCTGGAAGTCGGGTC,0,4165549
yadE_predicted,0.02127659574468085,46,46,ATTCTAAAGGCAATCTTGTT,0,4172303
yadE_predicted,0.02127659574468085,46,46,ATATCGTTTGAAGCGCGGTG,0,4162719
yadE_predicted,0.02127659574468085,46,46,AGTTTGTGCTTCTCGCCTTT,0,4231773
yadE_predicted,0.02127659574468085,46,46,AGATCCTATTGCTGCATTAG,0,4200330
yadE_predicted,0.02127659574468085,46,46,AGACTTTCCAAGAAGCCGGT,0,4229699
yadE_predicted,0.02127659574468085,46,46,AAGTAAGTGATGCGGGTTTG,0,4161035
yadE_predicted,0.021739130434782608,45,45,TCGAAGCCCTAAAACATTGA,0,4180945
yadE_predicted,0.021739130434782608,45,45,GTATAGAAACTACTTCACTG,0,4187490
yadE_predicted,0.021739130434782608,45,45,GGGCCGGCGACAACGAGTCA,0,4224825
yadE_predicted,0.021739130434782608,45,45,GGCTCTTGAAGTCACGACGG,0,4163050
yadE_predicted,0.021739130434782608,45,45,GCGGGTGCGCCAGAATGTAG,0,4223168
yadE_predicted,0.021739130434782608,45,45,GCCCCATACGCTCGCACCTG,0,4183439
yadE_predicted,0.021739130434782608,45,45,CTTGTGAACATTGGGTTCGA,0,4161634
yadE_predicted,0.021739130434782608,45,45,CGCGACGGGCTTGTTCTCGG,0,4167617
yadE_predicted,0.021739130434782608,45,45,CACCCAGACATTGATGACAG,0,4219253
yadE_predicted,0.021739130434782608,45,45,AGGACTTCAGCTTCACTCTG,0,4192639
yadE_predicted,0.021739130434782608,45,45,AGCTTGTCGCCTCAATGAAC,0,4230279
yadE_predicted,0.021739130434782608,45,45,ACCTGATCGTCGCAGGAAGT,0,4219833
yadE_predicted,0.021739130434782608,45,45,AACTAAAACTCTTAGTCTAT,0,4175890
yadE_predicted,0.022222222222222223,44,44,TTTCGCCCCCGAAGATACGA,0,4204352
yadE_predicted,0.022222222222222223,44,44,TTCGGTGGAATCTGCGACGA,0,4176618
yadE_predicted,0.022222222222222223,44,44,TGTATTTGAACGTACTCTCA,0,4210244
yadE_predicted,0.022222222222222223,44,44,GTCTGGCATAGTTTAATTAC,0,4168765
yadE_predicted,0.022222222222222223,44,44,GTAAAGGTACTAACAGTAGG,0,4226804
yadE_predicted,0.022222222222222223,44,44,GCGCCACCAGCCAGATGCGT,0,4226164
yadE_predicted,0.022222222222222223,44,44,GAGGGGGACAGGCCTGGGGA,0,4210168
yadE_predicted,0.022222222222222223,44,44,CTCGCGTGCCCCCTTCATAG,0,4205419
yadE_predicted,0.022222222222222223,44,44,CCGTCACAGTCCCACGTTGC,0,4197492
yadE_predicted,0.022222222222222223,44,44,CACATGCTGACCGAGTGGAT,0,4187311
yadE_predicted,0.022222222222222223,44,44,CAATACGGTTCATGTCCTTG,0,4169573
yadE_predicted,0.022222222222222223,44,44,ATGGTGATTTGTAGACGTTA,0,4210118
yadE_predicted,0.022222222222222223,44,44,ATCTCTACCCGCGTCATAGA,0,4235329
yadE_predicted,0.022222222222222223,44,44,ATAGAGCTTGACCTCCAATT,0,4163108
yadE_predicted,0.022222222222222223,44,44,ATAAATTACCGCGAGCGGCT,0,4183419
yadE_predicted,0.022222222222222223,44,44,AGGCAGGCTGTTCCATTGTA,0,4183315
yadE_predicted,0.022222222222222223,44,44,AGCAAATTCAATGAGTAAGT,0,4226199
yadE_predicted,0.022222222222222223,44,44,ACTTTAAATAAACACTGAAG,0,4226247
yadE_predicted,0.022222222222222223,44,44,ACCCCCGCGCTAGACAGCTA,0,4191556
yadE_predicted,0.022727272727272728,43,43,TTGTGGCTAGCGCTTAGGAG,0,4187564
yadE_predicted,0.022727272727272728,43,43,TTACGCCTGTACCTAGCTGA,0,4177021
yadE_predicted,0.022727272727272728,43,43,TTACCAGCGCGCACGGGGGT,0,4229523
yadE_predicted,0.022727272727272728,43,43,TGTTCGGGTCAAGGGACCGT,0,4200124
yadE_predicted,0.022727272727272728,43,43,TGTAGTTTCGCTTACCATCT,0,4234000
yadE_predicted,0.022727272727272728,43,43,TGCGCCCGCCACGAAGTGGT,0,4206007
yadE_predicted,0.022727272727272728,43,43,TCAGGATGGGCTCGACTATG,0,4165848
yadE_predicted,0.022727272727272728,43,43,TATGCGCAGAACATCCGAAA,0,4186858
yadE_predicted,0.022727272727272728,43,43,TAGGTGGGGGCATGCCCTAG,0,4222931
yadE_predicted,0.022727272727272728,43,43,TAAGCTACGCCACGAGTCAT,0,4201095
yadE_predicted,0.022727272727272728,43,43,TAAGAATCAAATGTACTTTC,0,4167341
yadE_predicted,0.022727272727272728,43,43,GTTAGATGCCCGGTAGTTAG,0,4203210
yadE_predicted,0.022727272727272728,43,43,GGGGGGCCTAGGATGGTGCA,0,4198427
yadE_predicted,0.022727272727272728,43,43,GGACAAGCATCATTAGAAGT,0,4161854
yadE_predicted,0.022727272727272728,43,43,GGAACGCAGACATATCGTAT,0,4201772
yadE_predicted,0.022727272727272728,43,43,GCTAAACCTTGCACTCGGTG,0,4181266
yadE_predicted,0.022727272727272728,43,43,GAGAGATTCCAGCGCTTAGT,0,4181288
yadE_predicted,0.022727272727272728,43,43,CGGACCGGCATTGGTACTAA,0,4181708
yadE_predicted,0.022727272727272728,43,43,CGATGAATGCGGCCCGGCAA,0,4165946
yadE_predicted,0.022727272727272728,43,43,CCTACGAGGGCACCACCGAT,0,4238098
yadE_predicted,0.022727272727272728,43,43,CCGGAGCCGATACCAGGTTT,0,4181965
yadE_predicted,0.022727272727272728,43,43,CCCCCGTATCCTTAAAGCCA,0,4183149
yadE_predicted,0.022727272727272728,43,43,CCAGAATCCCCTAGGGTACC,0,4196116
yadE_predicted,0.022727272727272728,43,43,CCACGCCCTTAAATTAGTTC,0,4163363
yadE_predicted,0.022727272727272728,43,43,CATGTGTGACAACGCAGGCA,0,4163627
yadE_predicted,0.022727272727272728,43,43,ATTGATCCAATAACTTTGAT,0,4222930
yadE_predicted,0.022727272727272728,43,43,ACTTATAGGGTCTAGCTTGG,0,4189878
yadE_predicted,0.022727272727272728,43,43,ACGTTACTACGCTGACTCGC,0,4221728
yadE_predicted,0.022727272727272728,43,43,AAGGTATACCACGGCCATTG,0,4160254
yadE_predicted,0.023255813953488372,42,42,TTCGAACCAGACAAAGATTT,0,4205420
yadE_predicted,0.023255813953488372,42,42,TTAGTTAGAGGACAAAACGG,0,4236439
yadE_predicted,0.023255813953488372,42,42,TGGAAGGTGCCTGCGAACCG,0,4214473
yadE_predicted,0.023255813953488372,42,42,TACAGAGGCTCAGGTTCCCA,0,4172020
yadE_predicted,0.023255813953488372,42,42,GGGCTCTGCTTGAATCAAAT,0,4201704
yadE_predicted,0.023255813953488372,42,42,GGGATGAGTGTATAGATGGT,0,4176234
yadE_predicted,0.023255813953488372,42,42,GGAGTTTAGAAAGACTGCCT,0,4192867
yadE_predicted,0.023255813953488372,42,42,GGACCCACATATTCTCACGG,0,4209570
yadE_predicted,0.023255813953488372,42,42,GCCTGGGCGCCCGGGATAGG,0,4186093
yadE_predicted,0.023255813953488372,42,42,GCCAGACCGGAAATTGGCGT,0,4171948
yadE_predicted,0.023255813953488372,42,42,GATTTCCGAGTGGTAACCAA,0,4202374
yadE_predicted,0.023255813953488372,42,42,GATATTCCTGATGTTGCGAA,0,4195239
yadE_predicted,0.023255813953488372,42,42,CGTAGTGAATAGTTTGGACA,0,4224498
yadE_predicted,0.023255813953488372,42,42,CGAGGAGTGGCTGCGGTCTG,0,4198594
yadE_predicted,0.023255813953488372,42,42,CCTGTCGAATTAGTGCGATC,0,4235431
yadE_predicted,0.023255813953488372,42,42,CCAAGGTTACTCGGCGCTCT,0,4179925
yadE_predicted,0.023255813953488372,42,42,CATGTGTGTGATGGAAGATT,0,4201861
yadE_predicted,0.023255813953488372,42,42,CATCAGTTCGTTAAGCTAGC,0,4183255
yadE_predicted,0.023255813953488372,42,42,CACTCAACGCGGCATCTATT,0,4207170
yadE_predicted,0.023255813953488372,42,42,CAACTACCTTCCGACGGCCC,0,4209201
yadE_predicted,0.023255813953488372,42,42,ATTCCTCTAAAGTTCCCTAC,0,4194276
yadE_predicted,0.023255813953488372,42,42,ATGTCCCATAAGGCGTAAGA,0,4172217
yadE_predicted,0.023255813953488372,42,42,ATCCGAGCAACGAATATTGG,0,4210511
yadE_predicted,0.023255813953488372,42,42,ATCAAGAGGAACTGTGCAGT,0,4184355
yadE_predicted,0.023255813953488372,42,42,AGTGACACGCTCCATGAAGT,0,4202531
yadE_predicted,0.023255813953488372,42,42,ACTTACGTTGACTCAAATGT,0,4193972
yadE_predicted,0.023255813953488372,42,42,ACGTTTGTATATCTAGATAG,0,4161179
yadE_predicted,0.023255813953488372,42,42,ACGTTACTCTCTGACCCTAC,0,4207255
yadE_predicted,0.023255813953488372,42,42,ACAGTTGGAACGAAGCGTAA,0,4193232
yadE_predicted,0.023809523809523808,41,41,TGCGTCTTAGCGTCTACTGT,0,4219950
yadE_predicted,0.023809523809523808,41,41,TGCGTAGGTTATCTTAACCT,0,4160498
yadE_predicted,0.023809523809523808,41,41,TCGGAATATTCCGGATTTTA,0,4226963
yadE_predicted,0.023809523809523808,41,41,TCCAGATACCTCTCGGCCAA,0,4162781
yadE_predicted,0.023809523809523808,41,41,TAGCAAGTGCCCCGCACTTG,0,4166105
yadE_predicted,0.023809523809523808,41,41,GGTTCAGAGAATCATTACAC,0,4176405
yadE_predicted,0.023809523809523808,41,41,GGGAGGGTTCTAAAGCCGTT,0,4203497
yadE_predicted,0.023809523809523808,41,41,CTTATAAAACTGCCTGCGTT,0,4197124
yadE_predicted,0.023809523809523808,41,41,CTCACCCTACACAGTATCTA,0,4229900
yadE_predicted,0.023809523809523808,41,41,CCGTATCTCCATTGGTGTGA,0,4215294
yadE_predicted,0.023809523809523808,41,41,CCCAGGCCGAGATGTTGGAT,0,4215203
yadE_predicted,0.023809523809523808,41,41,CATAGACGCACCCTAAGTAC,0,4208845
yadE_predicted,0.023809523809523808,41,41,CAGGCATGACTGGACCGTTA,0,4232615
yadE_predicted,0.023809523809523808,41,41,CACGCCAGGCTAACATCACG,0,4171947
yadE_predicted,0.023809523809523808,41,41,ATGTACCGCGCTGGCGGACA,0,4211602
yadE_predicted,0.023809523809523808,41,41,ATGCGCCGACATCAGGAGTA,0,4178407
yadE_predicted,0.023809523809523808,41,41,ATACCTTCCTGCCGGGATGT,0,4216950
yadE_predicted,0.023809523809523808,41,41,AGTCATGGGTCAGCATCTCA,0,4200232
yadE_predicted,0.023809523809523808,41,41,AGCAACGGACTTCTGTTTCT,0,4209459
yadE_predicted,0.023809523809523808,41,41,AATAGTGGTACCCTGTGAAC,0,4195101
yadE_predicted,0.024390243902439025,40,40,TGCGGGAGTATACAACAAAG,0,4235604
yadE_predicted,0.024390243902439025,40,40,GTGCGAGGAACTCAAGGCGT,0,4178703
yadE_predicted,0.024390243902439025,40,40,GTCTGGGGGAAATGCGGTAG,0,4178102
yadE_predicted,0.024390243902439025,40,40,GCTGGCACATGTTCACCTTT,0,4195055
yadE_predicted,0.024390243902439025,40,40,GCCGACGATTTATAAATCTT,0,4219645
yadE_predicted,0.024390243902439025,40,40,GAGAGAAGATGGCATGTAAA,0,4214836
yadE_predicted,0.024390243902439025,40,40,GACACACCGTTAGCTCAAAT,0,4201771
yadE_predicted,0.024390243902439025,40,40,CTTGTGAAGCTGCGCGGGAT,0,4174053
yadE_predicted,0.024390243902439025,40,40,CTGGTTCTCACCAGCTTCAC,0,4186096
yadE_predicted,0.024390243902439025,40,40,CGTTTTTACCGCAAGTAGTG,0,4232932
yadE_predicted,0.024390243902439025,40,40,CGGCGCCGGATTAGAAGTAA,0,4228092
yadE_predicted,0.024390243902439025,40,40,CGCTCGAAGCAAAGCAAGTC,0,4180741
yadE_predicted,0.024390243902439025,40,40,CGAGTGACGGTAACCTGATC,0,4172115
yadE_predicted,0.024390243902439025,40,40,CATCAGCCCGAAGCTCGGCC,0,4188899
yadE_predicted,0.024390243902439025,40,40,CAATGCACGTTGGTGACAGC,0,4167968
yadE_predicted,0.024390243902439025,40,40,ATTCATGATCGATTCGCAAG,0,4198361
yadE_predicted,0.024390243902439025,40,40,ATACAAAGTTTAGAATCTCT,0,4234709
yadE_predicted,0.024390243902439025,40,40,ATAAACGGTTGGCGCCGCTT,0,4202283
yadE_predicted,0.024390243902439025,40,40,AGCACCGGGGACGCGCGCTT,0,4162240
yadE_predicted,0.024390243902439025,40,40,AGAGGGCGAGTACCAGGGGT,0,4165852
yadE_predicted,0.024390243902439025,40,40,AGAGGCCGCGCAATTACGCG,0,4166746
yadE_predicted,0.025,39,39,TTCGAAGTCGTCCTCCATCG,0,4164820
yadE_predicted,0.025,39,39,TGTGACCGTCGGTGTCGCTA,0,4183424
yadE_predicted,0.025,39,39,TGGTAGGGGGGCCGACTGAA,0,4207537
yadE_predicted,0.025,39,39,TGCGGCCTTCCCACGAAAAC,0,4205646
yadE_predicted,0.025,39,39,TGATCTCAGCCTCAGATAAG,0,4185016
yadE_predicted,0.025,39,39,TCTGTTGGGTTGCGTCATAT,0,4177582
yadE_predicted,0.025,39,39,TCGGCATCGGTACGAGTAGA,0,4232318
yadE_predicted,0.025,39,39,TCCAGTCTTGAATTTAAGCA,0,4232263
yadE_predicted,0.025,39,39,TCAGGGGATTAACGCCAATT,0,4200492
yadE_predicted,0.025,39,39,TATATTCAGGGTTGAGGCCA,0,4202658
yadE_predicted,0.025,39,39,TAACAACGTAGAACTAATGT,0,4175823
yadE_predicted,0.025,39,39,GTTCCAAGCCACGCGCGTTA,0,4232988
yadE_predicted,0.025,39,39,GGCTCGCCGTGGAACGGTTG,0,4171809
yadE_predicted,0.025,39,39,GGCAGCTTTAAGACCGAGTA,0,4240688
yadE_predicted,0.025,39,39,GGAAGCGCTTCCTAAAGAAG,0,4177397
yadE_predicted,0.025,39,39,GCCGGCAGCTTTCCTGGGCC,0,4189763
yadE_predicted,0.025,39,39,GCATCTACGTGACGGTAACA,0,4233119
yadE_predicted,0.025,39,39,GCAGTAATCGACGGAGTGGG,0,4176918
yadE_predicted,0.025,39,39,GCAGACAGTATTCAATATTA,0,4162980
yadE_predicted,0.025,39,39,GCACGGTTGCACAATAATCT,0,4218769
yadE_predicted,0.025,39,39,GAAATGCCCAGCAGTGATCA,0,4194803
yadE_predicted,0.025,39,39,CTAGTTGCGAAGTGGAATAA,0,4227723
yadE_predicted,0.025,39,39,CTACCGCGGAATTGGACGAG,0,4199074
yadE_predicted,0.025,39,39,CGTTGATAGTCTCCGCCACT,0,4200593
yadE_predicted,0.025,39,39,CGTAAGAATCATAACCGAAA,0,4168138
yadE_predicted,0.025,39,39,CGGCCTGCATAAGTAAGGTA,0,4226409
yadE_predicted,0.025,39,39,CGCAGCTAAGATGGATCAGC,0,4216920
yadE_predicted,0.025,39,39,CGATCTCACTGGTCGTGGAG,0,4226567
yadE_predicted,0.025,39,39,CGAATCACAATGGGGGTTAT,0,4183141
yadE_predicted,0.025,39,39,CCTGTGCTGATGACTTGGAG,0,4222979
yadE_predicted,0.025,39,39,CCCTATTGCAAATGTAGGTA,0,4186240
yadE_predicted,0.025,39,39,CATTCATGTTTATACGCTTC,0,4198461
yadE_predicted,0.025,39,39,CAGTGTGGGGTTACGCTACA,0,4179684
yadE_predicted,0.025,39,39,ATCTGATTCGGCTGGTGTCA,0,4202702
yadE_predicted,0.025,39,39,AGACCAGCCCCTACCTTGGG,0,4206583
yadE_predicted,0.025,39,39,AGAAATTGGTCGCAAGTACC,0,4188111
yadE_predicted,0.025,39,39,ACTAAAACTATGCAAGTTCT,0,4211926
yadE_predicted,0.025,39,39,ACGTGACGCCCAAGTCCGTA,0,4209641
yadE_predicted,0.025,39,39,ACGGGGGACCCGCCGGCGGT,0,4167565
yadE_predicted,0.025,39,39,ACAGCGGGCGCCCCCGCAGA,0,4161859
yadE_predicted,0.025,39,39,AATAACACCCTCGCGTAGAC,0,4223525
yadE_predicted,0.025,39,39,AACCCTTACGAGAGGGGGGA,0,4165823
yadE_predicted,0.025,39,39,AAAGCCATGCGGTGATAGTC,0,4235966
yadE_predicted,0.02564102564102564,38,38,TGACATTGGCTACACCTGGG,0,4220598
yadE_predicted,0.02564102564102564,38,38,TCCCTTCTACTGGTGCGATT,0,4209514
yadE_predicted,0.02564102564102564,38,38,TCCAACTAGACGCAGAAACA,0,4213167
yadE_predicted,0.02564102564102564,38,38,TATCCATAGGGTCTGTGCCC,0,4215378
yadE_predicted,0.02564102564102564,38,38,TATAGTCCTGTACTGCCCAG,0,4179059
yadE_predicted,0.02564102564102564,38,38,TATACGCAGAAACTCATGAC,0,4168469
yadE_predicted,0.02564102564102564,38,38,TAAGTGGTCTCGCGGCGCGT,0,4226443
yadE_predicted,0.02564102564102564,38,38,GTGTCGGGTTAATTTCGATA,0,4188562
yadE_predicted,0.02564102564102564,38,38,GTCCGATTATGTAGCGTCGT,0,4184460
yadE_predicted,0.02564102564102564,38,38,GTAACGGCTCAGACTAACCA,0,4223044
yadE_predicted,0.02564102564102564,38,38,GGGGGCATTTAAAGAACCTG,0,4167618
yadE_predicted,0.02564102564102564,38,38,GAGTCATTGGGTCGCAAGGA,0,4209965
yadE_predicted,0.02564102564102564,38,38,GACTTACACTGTAGCCCTGC,0,4184839
yadE_predicted,0.02564102564102564,38,38,CTTTTTCCACCTGGCTATGT,0,4172168
yadE_predicted,0.02564102564102564,38,38,CTCTGTGCTTTGACAGGGTG,0,4192700
yadE_predicted,0.02564102564102564,38,38,CGGGCCGTGCAGAGTGAACA,0,4199026
yadE_predicted,0.02564102564102564,38,38,CGGATGCAACGCGTTGACGT,0,4221896
yadE_predicted,0.02564102564102564,38,38,CGAGTCATGACGATCGAGAA,0,4233267
yadE_predicted,0.02564102564102564,38,38,CCTGGTTGCACAACGGGGTA,0,4195979
yadE_predicted,0.02564102564102564,38,38,CCGGACTTGCTTCTGGTAAG,0,4165623
yadE_predicted,0.02564102564102564,38,38,CCAGTGTGAAGCTCGTGGGG,0,4217928
yadE_predicted,0.02564102564102564,38,38,CAGCAATACTTGTTTTAGTG,0,4231830
yadE_predicted,0.02564102564102564,38,38,CACCTGTGAGGGTTGTCCCA,0,4223212
yadE_predicted,0.02564102564102564,38,38,CAAAGAACTTTGTGAAGATC,0,4184570
yadE_predicted,0.02564102564102564,38,38,ATGATCGGTACCTCCGCTTA,0,4162083
yadE_predicted,0.02564102564102564,38,38,AGGAGGTAAGTTGGGTTAAT,0,4190169
yadE_predicted,0.02564102564102564,38,38,ACGGGGGCCGGCGTGCATCA,0,4162801
yadE_predicted,0.02564102564102564,38,38,ACGATAAGACAACATGGCCA,0,4187856
yadE_predicted,0.02564102564102564,38,38,AATTTGAGCCATAATCTGAG,0,4168341
yadE_predicted,0.02564102564102564,38,38,AACCATTACCGACGGCATCC,0,4169417
yadE_predicted,0.02631578947368421,37,37,TGTGATAACGGTCACCCAGT,0,4208870
yadE_predicted,0.02631578947368421,37,37,TGGTATCGTAGCACTATAGA,0,4191523
yadE_predicted,0.02631578947368421,37,37,TGCCGGGCAGGTCATGGTTC,0,4179148
yadE_predicted,0.02631578947368421,37,37,TCTCCGTCCAACATGAGACG,0,4162067
yadE_predicted,0.02631578947368421,37,37,TCCTAGTATCAGAAGTCCGA,0,4199660
yadE_predicted,0.02631578947368421,37,37,TCCGCGCGTCTGCCCGATTT,0,4229697
yadE_predicted,0.02631578947368421,37,37,TAGAATACTCCGGAAGTCGT,0,4202703
yadE_predicted,0.02631578947368421,37,37,GTTACCCTTGTGGTATACTC,0,4163693
yadE_predicted,0.02631578947368421,37,37,GTGACACCGTACAGCAGTCA,0,4170048
yadE_predicted,0.02631578947368421,37,37,GGGGAGTCACGTATCGGCGA,0,4159445
yadE_predicted,0.02631578947368421,37,37,GGGACTATCCCTGCAAATAC,0,4174882
yadE_predicted,0.02631578947368421,37,37,GGACGGGACGCCGCCAACCC,0,4187924
yadE_predicted,0.02631578947368421,37,37,GCACGTCCGCACCCTTGCAA,0,4230315
yadE_predicted,0.02631578947368421,37,37,GAGAGCAGGTCTCTTAAGTC,0,4167775
yadE_predicted,0.02631578947368421,37,37,GACCACCAATTTATGCAGGG,0,4190240
yadE_predicted,0.02631578947368421,37,37,GAATACTGGAGCCTGGTATC,0,4239989
yadE_predicted,0.02631578947368421,37,37,CTTTAACTAACCTTCAAAGA,0,4174769
yadE_predicted,0.02631578947368421,37,37,CTTATCATACGAGGCAGCAA,0,4199971
yadE_predicted,0.02631578947368421,37,37,CTACTAGGAAATGAGCGTTA,0,4159397
yadE_predicted,0.02631578947368421,37,37,CGTTACAGGCCAATTAGGTT,0,4173435
yadE_predicted,0.02631578947368421,37,37,CGGGGACGCGTATTATCTGT,0,4163431
yadE_predicted,0.02631578947368421,37,37,CGGCGGGCGTGAACTGATGT,0,4162743
yadE_predicted,0.02631578947368421,37,37,CGCAGTTCGACTCCAGAAGT,0,4203868
yadE_predicted,0.02631578947368421,37,37,CGATCCTTTCCGATAAACAT,0,4174113
yadE_predicted,0.02631578947368421,37,37,CCGACAGCTCAAGTGCGCGA,0,4180387
yadE_predicted,0.02631578947368421,37,37,CAATACTCCGGCCGGTCGTT,0,4199076
yadE_predicted,0.02631578947368421,37,37,ATTCCTGGATAAACTAAGTT,0,4180557
yadE_predicted,0.02631578947368421,37,37,ATGGACCGTTTTAATGCAGC,0,4215977
yadE_predicted,0.02631578947368421,37,37,ATGACACAGTGTACTGGGAA,0,4233934
yadE_predicted,0.02631578947368421,37,37,ATCACTTATGGTCATCCTTC,0,4175147
yadE_predicted,0.02631578947368421,37,37,ATAGAGCCCCGTTCCTCCAT,0,4164297
yadE_predicted,0.02631578947368421,37,37,AGGTGCCTCCTTGAACCCCT,0,4186395
yadE_predicted,0.02631578947368421,37,37,AGGATTTCTAATTACGAGGA,0,4186239
yadE_predicted,0.02631578947368421,37,37,AGATTTTGATCGGTCCATTC,0,4165492
yadE_predicted,0.02631578947368421,37,37,ACCATTCTAACAGTCCGCTC,0,4205854
yadE_predicted,0.02702702702702703,36,36,TTTGTCCCGATAGGGGTTAA,0,4186807
yadE_predicted,0.02702702702702703,36,36,TGGCATGCGATCTCCTAACT,0,4185957
yadE_predicted,0.02702702702702703,36,36,TGACGCGACTGGTTCCCATC,0,4214708
yadE_predicted,0.02702702702702703,36,36,TCTCCTAGGGCGTTCCATCG,0,4233875
yadE_predicted,0.02702702702702703,36,36,TCGCGAGCTAGGCGGAACGA,0,4160395
yadE_predicted,0.02702702702702703,36,36,TCCGCTCGACGGCAGCTCAT,0,4175083
yadE_predicted,0.02702702702702703,36,36,TATTGGCGGTTCCACGCGAA,0,4220106
yadE_predicted,0.02702702702702703,36,36,TACAATTAGCCATCCAGATC,0,4191511
yadE_predicted,0.02702702702702703,36,36,GTGGCTTCGTCCAGTGTACG,0,4184841
yadE_predicted,0.02702702702702703,36,36,GTCAGAATAAGCAATGGAGT,0,4218865
yadE_predicted,0.02702702702702703,36,36,GGTAGTACATTGCACCTGTA,0,4166963
yadE_predicted,0.02702702702702703,36,36,GGCCACGGCTGCCCCAGTCG,0,4203036
yadE_predicted,0.02702702702702703,36,36,GCTTCTTCTCGCTTATTACG,0,4162351
yadE_predicted,0.02702702702702703,36,36,GCATCGATGTGTTATAACTG,0,4230431
yadE_predicted,0.02702702702702703,36,36,GCACTTTCCGGAGGGTCTGC,0,4227831
yadE_predicted,0.02702702702702703,36,36,GAGTTCTCCTTGCGGGGTGT,0,4180642
yadE_predicted,0.02702702702702703,36,36,GAGCTCACGGGGGTTAATGC,0,4202574
yadE_predicted,0.02702702702702703,36,36,GACCGTAGGGCCAAGCGCTT,0,4238265
yadE_predicted,0.02702702702702703,36,36,CTCATGGAGATTCGAGCGTA,0,4237794
yadE_predicted,0.02702702702702703,36,36,CTATGGACTAATCTTGCGCG,0,4170980
yadE_predicted,0.02702702702702703,36,36,CGTGACTTATGGCCGTGACG,0,4191164
yadE_predicted,0.02702702702702703,36,36,CGAGCAGATACTGGAACCGG,0,4200343
yadE_predicted,0.02702702702702703,36,36,CGAAGGTCGCTAAATGGAAT,0,4179921
yadE_predicted,0.02702702702702703,36,36,CCTTTCCTAGCTGCGGCGTA,0,4173645
yadE_predicted,0.02702702702702703,36,36,CCTTCTGAGACTAGGAGCCC,0,4166215
yadE_predicted,0.02702702702702703,36,36,CCGGCGGTACGCACCGCGTT,0,4200754
yadE_predicted,0.02702702702702703,36,36,CCGACGGATAATCCTGCGGA,0,4213316
yadE_predicted,0.02702702702702703,36,36,CCCTACAGTCTTGGTTCTGG,0,4163942
yadE_predicted,0.02702702702702703,36,36,CCCCCCTGTTCTTAGATCCC,0,4236105
yadE_predicted,0.02702702702702703,36,36,CCCAGAAGGACCTTAGCACT,0,4236892
yadE_predicted,0.02702702702702703,36,36,CCCACCTATTTAGGCGATTC,0,4205256
yadE_predicted,0.02702702702702703,36,36,CCAGAAGTCCCCCCTCGATG,0,4210884
yadE_predicted,0.02702702702702703,36,36,CCAACCGTCGTGAGGACTCT,0,4240986
yadE_predicted,0.02702702702702703,36,36,CAACGGGGGTTTAGGGTGTG,0,4215694
yadE_predicted,0.02702702702702703,36,36,CAAAAAGTTGGGCCGGCTTA,0,4239093
yadE_predicted,0.02702702702702703,36,36,ATCCGTCAGGTAGATGATAA,0,4163632
yadE_predicted,0.02702702702702703,36,36,AGGTCAGGGCTCCTCCAAAG,0,4206528
yadE_predicted,0.02702702702702703,36,36,ACTATTGCCTTATGCCATCG,0,4237938
yadE_predicted,0.02702702702702703,36,36,ACCGGGTACTCAGGCTGGTG,0,4216050
yadE_predicted,0.02702702702702703,36,36,AATGACACCGCGAGGACATG,0,4198672
yadE_predicted,0.02702702702702703,36,36,AATAAAGGGATTTAGGATGG,0,4233840
yadE_predicted,0.02702702702702703,36,36,AACTGACTGAAAGCAGATAA,0,4169419
yadE_predicted,0.02702702702702703,36,36,AAAGGGACCGGGGTGTGCAA,0,4202214
yadE_predicted,0.027777777777777776,35,35,TTCTTCCCGCATGGGCGATT,0,4182595
yadE_predicted,0.027777777777777776,35,35,TGTCAGTAACCTAATCGGTG,0,4220546
yadE_predicted,0.027777777777777776,35,35,TGGACGTTCAAGGCCGGAGT,0,4191606
yadE_predicted,0.027777777777777776,35,35,TGCACCTAGTGGAACCCAAT,0,4188192
yadE_predicted,0.027777777777777776,35,35,TCCACACTGCCGTTGTGGTC,0,4219072
yadE_predicted,0.027777777777777776,35,35,TATTCAGCAAGTACTACGAC,0,4169040
yadE_predicted,0.027777777777777776,35,35,TATCGATCGTGTATGGGTAC,0,4234701
yadE_predicted,0.027777777777777776,35,35,TAGAACCTAGCCGTCAGTGT,0,4168180
yadE_predicted,0.027777777777777776,35,35,GGTCTCGGGGATGCTCTGAG,0,4192920
yadE_predicted,0.027777777777777776,35,35,GGGCTTTGTCGAGTAAATGC,0,4165099
yadE_predicted,0.027777777777777776,35,35,GGACGTTAAGCCTCGAGGAA,0,4216848
yadE_predicted,0.027777777777777776,35,35,GATTAGTCGAACGCGCTCCG,0,4176285
yadE_predicted,0.027777777777777776,35,35,GAGGTGTTTATGGTCGTTAG,0,4190572
yadE_predicted,0.027777777777777776,35,35,GAGGCGGGGGGTGGACACGT,0,4171577
yadE_predicted,0.027777777777777776,35,35,GACAGGTCTAGAATTCCTGA,0,4212969
yadE_predicted,0.027777777777777776,35,35,CTTACGATCGTACTGTTGGG,0,4199399
yadE_predicted,0.027777777777777776,35,35,CTGGTCGCTCGTGCCTACTT,0,4239673
yadE_predicted,0.027777777777777776,35,35,CTATGTGCTCTATAGACTGT,0,4228532
yadE_predicted,0.027777777777777776,35,35,CTAGCTAAGACGGTAAGGCG,0,4164126
yadE_predicted,0.027777777777777776,35,35,CTACCCAGGTAAGCATGCGA,0,4207339
yadE_predicted,0.027777777777777776,35,35,CGGATTGCAATACGACTGTA,0,4181765
yadE_predicted,0.027777777777777776,35,35,CGCTGTGCCTTAGACAGAAG,0,4174186
yadE_predicted,0.027777777777777776,35,35,CGCTGACTCGCTCCAGGTAC,0,4184972
yadE_predicted,0.027777777777777776,35,35,CGCCGTGACTGCATATAAGA,0,4173134
yadE_predicted,0.027777777777777776,35,35,CCTTCTTGGTTAGAGTGTGC,0,4210754
yadE_predicted,0.027777777777777776,35,35,CCTACACGATGTTGTCACAG,0,4160722
yadE_predicted,0.027777777777777776,35,35,CCATGCGTCTCCTGCCTTAT,0,4213074
yadE_predicted,0.027777777777777776,35,35,CCAAGGGACTGTATCTATAG,0,4184411
yadE_predicted,0.027777777777777776,35,35,CATCGGCCGCAGGTTGGAGT,0,4179010
yadE_predicted,0.027777777777777776,35,35,CATCCGGTCGAACTCTCTTT,0,4211904
yadE_predicted,0.027777777777777776,35,35,CATACTGCTTAGGGATAAGA,0,4174054
yadE_predicted,0.027777777777777776,35,35,CAAGTAGCCGGTGGAGAGCT,0,4171049
yadE_predicted,0.027777777777777776,35,35,CAACTATGGTGGACTTGCCT,0,4181763
yadE_predicted,0.027777777777777776,35,35,CAAACCCCACTTTGGGTCAT,0,4232890
yadE_predicted,0.027777777777777776,35,35,ATGGAGCCATCCGACCGAAG,0,4163433
yadE_predicted,0.027777777777777776,35,35,ATGAATGAGAGCGGGGCAAC,0,4182996
yadE_predicted,0.027777777777777776,35,35,ATATAAGCTGCTACTTCTGG,0,4163180
yadE_predicted,0.027777777777777776,35,35,AGGTAGCGTTAACACTTCTT,0,4190845
yadE_predicted,0.027777777777777776,35,35,AGAGAGTTATGCCTGGATAC,0,4199969
yadE_predicted,0.027777777777777776,35,35,ACGGTATTGATGGTACGCAT,0,4216903
yadE_predicted,0.027777777777777776,35,35,ACGCACACTCGGGGACGTCA,0,4166175
yadE_predicted,0.027777777777777776,35,35,ACGACCACTTAGTTTGGAAA,0,4222180
yadE_predicted,0.027777777777777776,35,35,ACCTATCCTCTGAGATATTT,0,4211723
yadE_predicted,0.027777777777777776,35,35,ACCGTATATCGATTGTTCAA,0,4163825
yadE_predicted,0.027777777777777776,35,35,ACAGTTTAAATATGTTAAAG,0,4190114
yadE_predicted,0.027777777777777776,35,35,ACAGTAATACATCGCAGTTG,0,4162721
yadE_predicted,0.027777777777777776,35,35,ACACGTCAGTCGGTGATATG,0,4174963
yadE_predicted,0.027777777777777776,35,35,AAGTCAACACTACAAAGAAA,0,4182397
yadE_predicted,0.027777777777777776,35,35,AAGTATCCCCGGGTTCTCTG,0,4178476
yadE_predicted,0.027777777777777776,35,35,AAATGCAATATAGGCTGCAG,0,4178963
yadE_predicted,0.02857142857142857,34,34,TTTAAAGAGGCTGGCCAAGA,0,4189229
yadE_predicted,0.02857142857142857,34,34,TTGATATGTCCTTGATGCGT,0,4218644
yadE_predicted,0.02857142857142857,34,34,TGTTTGCTTGGAAGCTCACC,0,4211858
yadE_predicted,0.02857142857142857,34,34,TGGGGAGTGGGAATTATTAA,0,4231770
yadE_predicted,0.02857142857142857,34,34,TGGCTCATATGAGGAATCGT,0,4173269
yadE_predicted,0.02857142857142857,34,34,TGGCGTGCCTCTGCTAATTT,0,4184093
yadE_predicted,0.02857142857142857,34,34,TGGCGTCGATCCATGGGTCA,0,4172242
yadE_predicted,0.02857142857142857,34,34,TCTATCGCAAGCATGTCTCA,0,4230360
yadE_predicted,0.02857142857142857,34,34,TCCAGTCTTCATGTAGGGTC,0,4185394
yadE_predicted,0.02857142857142857,34,34,TCAGTCTGTTGCGAGTTTTT,0,4207644
yadE_predicted,0.02857142857142857,34,34,TCAAGTTCTGGTGTAGATGC,0,4211937
yadE_predicted,0.02857142857142857,34,34,TATGAGGCTTTTGGCGCTTG,0,4202508
yadE_predicted,0.02857142857142857,34,34,TAGGGACGGGAATGGTCGAT,0,4214114
yadE_predicted,0.02857142857142857,34,34,GTTAGCTCACCTAGTGTCTT,0,4233570
yadE_predicted,0.02857142857142857,34,34,GTCACATTTGCTCCAGCTCT,0,4177123
yadE_predicted,0.02857142857142857,34,34,GGCCGCCGACAAAGGCGGTT,0,4165622
yadE_predicted,0.02857142857142857,34,34,GCGTCCCAGACCTTCTTTTT,0,4177812
yadE_predicted,0.02857142857142857,34,34,GCCATAATTCGTAATTCATC,0,4175900
yadE_predicted,0.02857142857142857,34,34,GATTTCTCTGGCACGCTTTG,0,4183361
yadE_predicted,0.02857142857142857,34,34,GACGTGTCAGCCCCGGAGTT,0,4168033
yadE_predicted,0.02857142857142857,34,34,GAACATTCCTGCGAAATTAA,0,4232329
yadE_predicted,0.02857142857142857,34,34,CTTGCAGAGAACTCGTATGC,0,4218935
yadE_predicted,0.02857142857142857,34,34,CTGTCCAGCTATACTGGGGA,0,4181764
yadE_predicted,0.02857142857142857,34,34,CTAATTAGTCCCACCGCGCT,0,4211935
yadE_predicted,0.02857142857142857,34,34,CGTGGCCTGATGGTTAAACG,0,4188910
yadE_predicted,0.02857142857142857,34,34,CGTGGCCACGCGAGCCATTA,0,4172894
yadE_predicted,0.02857142857142857,34,34,CGGGTGGTCAAACTCGTTCA,0,4213409
yadE_predicted,0.02857142857142857,34,34,CGCGCCAAGTCTGCGTCAGC,0,4210514
yadE_predicted,0.02857142857142857,34,34,CGCAGACCCGGGCACATTCG,0,4215245
yadE_predicted,0.02857142857142857,34,34,CGACTAGAGGCTCAAGAATG,0,4168979
yadE_predicted,0.02857142857142857,34,34,CCTTGCATCACATGCGGCCT,0,4180154
yadE_predicted,0.02857142857142857,34,34,CCGGGACCTTAAACGCGTAT,0,4184262
yadE_predicted,0.02857142857142857,34,34,CCGACGACTTTGTTTTCTAA,0,4184365
yadE_predicted,0.02857142857142857,34,34,CCGAATCGTTTCCACACGAT,0,4216543
yadE_predicted,0.02857142857142857,34,34,CCAGCCGCGACAAGCCAGAA,0,4168084
yadE_predicted,0.02857142857142857,34,34,CCACTGTAATTCCGTATTTA,0,4167838
yadE_predicted,0.02857142857142857,34,34,CATTCACTTTGTCAGAAGAA,0,4159473
yadE_predicted,0.02857142857142857,34,34,CATGGACCCCAAGTCAAGGA,0,4198364
yadE_predicted,0.02857142857142857,34,34,CAGCTACGTGTTTCAGTCTA,0,4185199
yadE_predicted,0.02857142857142857,34,34,ATTCCCGCTATCAGGAAGGC,0,4211439
yadE_predicted,0.02857142857142857,34,34,ATCTGTATTTAAGCCGTATA,0,4193040
yadE_predicted,0.02857142857142857,34,34,ATCCAGGATGAGATATTGTT,0,4203072
yadE_predicted,0.02857142857142857,34,34,ATATTCGCAATGAATCCGAG,0,4222156
yadE_predicted,0.02857142857142857,34,34,AGTGGCTTACAATGTGCTCT,0,4213539
yadE_predicted,0.02857142857142857,34,34,AGGCTCTCATTGGGGTCACA,0,4183161
yadE_predicted,0.02857142857142857,34,34,AGGCAGTTCGAGGATTGATA,0,4210640
yadE_predicted,0.02857142857142857,34,34,AGACCTCGTAACAGCCCACC,0,4164158
yadE_predicted,0.02857142857142857,34,34,AGACAACCCACTGCTGCTCT,0,4225190
yadE_predicted,0.02857142857142857,34,34,AGAAGGGTATCGGAAGAAAG,0,4162728
yadE_predicted,0.02857142857142857,34,34,ACACCTATTTCGTCCCATCT,0,4185158
yadE_predicted,0.02857142857142857,34,34,AATAGGAGTCTCCGATTAGG,0,4173722
yadE_predicted,0.02857142857142857,34,34,AAGTAGCCCATAACGCTGGT,0,4223269
yadE_predicted,0.02857142857142857,34,34,AAGGTGAGACTGGGGAAAGT,0,4164096
yadE_predicted,0.02857142857142857,34,34,AAGCCACTTCGCACCATGGT,0,4230854
yadE_predicted,0.02857142857142857,34,34,AACGCTAGACAAACCCGTGA,0,4185305
yadE_predicted,0.02857142857142857,34,34,AACCTTGTTGGGACGTACTG,0,4163002
yadE_predicted,0.02857142857142857,34,34,AACATTGCGAGTCTCAATAC,0,4215894
yadE_predicted,0.02857142857142857,34,34,AAAATCTATTCAATCTCCTT,0,4207182
yadE_predicted,0.02857142857142857,34,34,AAAACTCACCCGATATAGGT,0,4215241
yadE_predicted,0.029411764705882353,33,33,TTGTAACAATTGATACTCGG,0,4186119
yadE_predicted,0.029411764705882353,33,33,TTGGGAATTCTGCGAATCTA,0,4188636
yadE_predicted,0.029411764705882353,33,33,TTGCAGCAATAGTGCGAGAT,0,4232163
yadE_predicted,0.029411764705882353,33,33,TTGAGAGCATCATGATCTCT,0,4204169
yadE_predicted,0.029411764705882353,33,33,TTCGTTTCACGTTCCGTGGC,0,4204040
yadE_predicted,0.029411764705882353,33,33,TTCAGGTGCTTAGGATTAGT,0,4231803
yadE_predicted,0.029411764705882353,33,33,TTCAAGAGATAACATAAAGA,0,4213876
yadE_predicted,0.029411764705882353,33,33,TGTGCTATCTCATATTTGGA,0,4184919
yadE_predicted,0.029411764705882353,33,33,TGTAGATATAGGGCTAGCAA,0,4181417
yadE_predicted,0.029411764705882353,33,33,TGGTAGAATGTGCCGAGCGG,0,4223485
yadE_predicted,0.029411764705882353,33,33,TGGGCCGCCGGGGAGGCCCC,0,4165559
yadE_predicted,0.029411764705882353,33,33,TGCGGAAGGGGTTCTGTTCC,0,4211400
yadE_predicted,0.029411764705882353,33,33,TGCCACTGGAAGGGCCTAGT,0,4195367
yadE_predicted,0.029411764705882353,33,33,TGACGCTACGCCCTTCAGGC,0,4169552
yadE_predicted,0.029411764705882353,33,33,TGACAGGTAACCTTGAATCT,0,4227130
yadE_predicted,0.029411764705882353,33,33,TGAACATTGTCAGAGGAAGT,0,4228189
yadE_predicted,0.029411764705882353,33,33,TGAACAAAGGACTCAATTAC,0,4201877
yadE_predicted,0.029411764705882353,33,33,TCTGTCTAGTAACTCTGTCC,0,4181579
yadE_predicted,0.029411764705882353,33,33,TCTGGAAGTTTGAGGGTGAG,0,4208221
yadE_predicted,0.029411764705882353,33,33,TCTGATTCCAATGTTAAGCC,0,4233824
yadE_predicted,0.029411764705882353,33,33,TCTCGGGAGCTTTAAACGGC,0,4220283
yadE_predicted,0.029411764705882353,33,33,TCGGGCACCCGGGCTCCGAT,0,4174740
yadE_predicted,0.029411764705882353,33,33,TCGAGTAGGAACCTGGGGAC,0,4224084
yadE_predicted,0.029411764705882353,33,33,TCGAATTTAGGTACCGGCTA,0,4173733
yadE_predicted,0.029411764705882353,33,33,TCAGTTAGGTTACAGCCTCA,0,4206724
yadE_predicted,0.029411764705882353,33,33,TCACTAAGTGGTCCCGGACT,0,4210957
yadE_predicted,0.029411764705882353,33,33,TCAATAGCATCGGTAGTCTG,0,4234838
yadE_predicted,0.029411764705882353,33,33,TAAGGTTGTCCTAATCGTTC,0,4231379
yadE_predicted,0.029411764705882353,33,33,GTCTCGATAGGATTAAAGAT,0,4228230
yadE_predicted,0.029411764705882353,33,33,GGGTAGAGCCATAAAGCCTT,0,4183793
yadE_predicted,0.029411764705882353,33,33,GGCTATGCCCGGAACTGACG,0,4195912
yadE_predicted,0.029411764705882353,33,33,GGACAGATCCGCGGCAATAT,0,4188834
yadE_predicted,0.029411764705882353,33,33,GCTTAGTCACGCTCGCCATG,0,4179825
yadE_predicted,0.029411764705882353,33,33,GCTGGGTACCACTCTATCGT,0,4178902
yadE_predicted,0.029411764705882353,33,33,GCGGCCTTATGGTATTTGAA,0,4229274
yadE_predicted,0.029411764705882353,33,33,GATTGTCGGTAAACTAGCTG,0,4221430
yadE_predicted,0.029411764705882353,33,33,GATAGAACTCCTGAATATTA,0,4191072
yadE_predicted,0.029411764705882353,33,33,CTCCTACTAACCCTGAAGAT,0,4214414
yadE_predicted,0.029411764705882353,33,33,CTCCCTCACCTTATGGGTGT,0,4213816
yadE_predicted,0.029411764705882353,33,33,CTATGAGAACAGCCCGTTTT,0,4239966
yadE_predicted,0.029411764705882353,33,33,CTATAGTATCCCACTGGTAA,0,4217952
yadE_predicted,0.029411764705882353,33,33,CTAGTACGTTGGCGGAGCTG,0,4170155
yadE_predicted,0.029411764705882353,33,33,CTAGGACAGAGGGTACCGAG,0,4159745
yadE_predicted,0.029411764705882353,33,33,CGTCTTTAGAGCCCGTTCCC,0,4171680
yadE_predicted,0.029411764705882353,33,33,CGTAGTATAAGCTCGGTTCA,0,4170822
yadE_predicted,0.029411764705882353,33,33,CGGTTAGGAGACATGCACGA,0,4201652
yadE_predicted,0.029411764705882353,33,33,CGGGACATGCGCTTAAGTAA,0,4220373
yadE_predicted,0.029411764705882353,33,33,CGCCGAAAACATCTTATGTA,0,4200447
yadE_predicted,0.029411764705882353,33,33,CGAGATGTTCGTGTCTCGAG,0,4229208
yadE_predicted,0.029411764705882353,33,33,CCTCGGCACGCGCAATACAG,0,4205796
yadE_predicted,0.029411764705882353,33,33,CCGTATGGTGCGTAGTCAGA,0,4190683
yadE_predicted,0.029411764705882353,33,33,CCGACACACGGCGTGCATAT,0,4199893
yadE_predicted,0.029411764705882353,33,33,CCATTCCCTGGAATGGTGAT,0,4236145
yadE_predicted,0.029411764705882353,33,33,CCACAGACAACCTACGAGAA,0,4240091
yadE_predicted,0.029411764705882353,33,33,CATCATACCGCAAGATACTG,0,4205345
yadE_predicted,0.029411764705882353,33,33,CATAGGTTAAATGGGTGGTT,0,4182243
yadE_predicted,0.029411764705882353,33,33,CAGTTATTAGCTATCGTGTT,0,4167067
yadE_predicted,0.029411764705882353,33,33,CAGTACGGGCAGGCGCGTGT,0,4232319
yadE_predicted,0.029411764705882353,33,33,CAGGTCTACATTTTGGGTAA,0,4218783
yadE_predicted,0.029411764705882353,33,33,CAGCACCGGATTCGTGGTCT,0,4219032
yadE_predicted,0.029411764705882353,33,33,CAGATATTACTTTTATTTAA,0,4197060
yadE_predicted,0.029411764705882353,33,33,CAAGTGCGTGAGATTCAATG,0,4171473
yadE_predicted,0.029411764705882353,33,33,ATTGCTTGAGGCTCGCCTCA,0,4209864
yadE_predicted,0.029411764705882353,33,33,ATTCTGCTCTGTGTGTATCA,0,4218082
yadE_predicted,0.029411764705882353,33,33,AGGTGCCGGTCACGAGATTG,0,4168418
yadE_predicted,0.029411764705882353,33,33,AGGTGACCGCTTATCCATTG,0,4182219
yadE_predicted,0.029411764705882353,33,33,AGGGATGACAACTATCGTTT,0,4184629
yadE_predicted,0.029411764705882353,33,33,AGCCTGCGCGCGTTTGTAGG,0,4213275
yadE_predicted,0.029411764705882353,33,33,ACTCTGACCCGACATAACTT,0,4195019
yadE_predicted,0.029411764705882353,33,33,ACGTTTCATGTTCATAGATT,0,4162720
yadE_predicted,0.029411764705882353,33,33,ACCTGTGAACTACGTCGGCT,0,4192148
yadE_predicted,0.029411764705882353,33,33,ACACGTTGTTTATATATGCA,0,4238219
yadE_predicted,0.029411764705882353,33,33,AAGAGCACTGTGATACGCAT,0,4194106
yadE_predicted,0.029411764705882353,33,33,AACGGTACTAGCATAGCTGT,0,4189246
yadE_predicted,0.029411764705882353,33,33,AACGCCGTAGGACGTGGTAT,0,4169843
yadE_predicted,0.029411764705882353,33,33,AACCGGACACATATAGATGG,0,4234421
yadE_predicted,0.029411764705882353,33,33,AAACCCCTGGCTCCTTAGAA,0,4237408
yadE_predicted,0.030303030303030304,32,32,TTGGATATCCCTACCCGACT,0,4180890
yadE_predicted,0.030303030303030304,32,32,TTATGTGGCCCCCTGGGTTT,0,4161635
yadE_predicted,0.030303030303030304,32,32,TGTGTGTAGTCTCCTGGGAC,0,4193123
yadE_predicted,0.030303030303030304,32,32,TGTCTCGTTAAGAAGTGTAT,0,4225128
yadE_predicted,0.030303030303030304,32,32,TGGGGGCGTGACATAAACCT,0,4192593
yadE_predicted,0.030303030303030304,32,32,TGCGCGGTAGCCCAGCAGCA,0,4186342
yadE_predicted,0.030303030303030304,32,32,TGCGAGTTAGTGTGCATTCA,0,4239755
yadE_predicted,0.030303030303030304,32,32,TGATAATGTTTAGGATCAGG,0,4218639
yadE_predicted,0.030303030303030304,32,32,TCGGTCTGTTCCAACTCTAA,0,4205291
yadE_predicted,0.030303030303030304,32,32,TCGCAAGCAGTGGAACCCTC,0,4238849
yadE_predicted,0.030303030303030304,32,32,TCACACAAATCTCAACGAGC,0,4176286
yadE_predicted,0.030303030303030304,32,32,TAGCAAGCCTGTCGGGGACA,0,4209947
yadE_predicted,0.030303030303030304,32,32,TACAAGTATCGTGGACATCT,0,4232259
yadE_predicted,0.030303030303030304,32,32,GTCAAGGCTGGCATCCAAGT,0,4225037
yadE_predicted,0.030303030303030304,32,32,GTAGACTAAGGGACCGATGA,0,4227694
yadE_predicted,0.030303030303030304,32,32,GTACTGGGCGCACTTAATAT,0,4197065
yadE_predicted,0.030303030303030304,32,32,GTACGATGAAGTTAATAGCT,0,4160325
yadE_predicted,0.030303030303030304,32,32,GGTGAGATCAGTCTGACCAG,0,4190574
yadE_predicted,0.030303030303030304,32,32,GGTATGTCTTCGTGCACCGA,0,4241424
yadE_predicted,0.030303030303030304,32,32,GGTATGATCTAGTTTTGTCA,0,4162985
yadE_predicted,0.030303030303030304,32,32,GCGCACACACGCCTCTGCTA,0,4189015
yadE_predicted,0.030303030303030304,32,32,GCGCAAGATTAGCTGTGTCA,0,4166165
yadE_predicted,0.030303030303030304,32,32,GCGACTTGCAACAGGGTTTA,0,4178428
yadE_predicted,0.030303030303030304,32,32,GCAGAAGAGCATCGCACGTT,0,4228161
yadE_predicted,0.030303030303030304,32,32,GCAAGGAGACCTGGTGATCA,0,4170298
yadE_predicted,0.030303030303030304,32,32,GCAAGAGAGCTCCGGATTTG,0,4239355
yadE_predicted,0.030303030303030304,32,32,GATTCCTCTTTTGTAGGCTC,0,4202582
yadE_predicted,0.030303030303030304,32,32,GATATAAAACTCGGTAGAGG,0,4185722
yadE_predicted,0.030303030303030304,32,32,GAGCTGTAGCAACGGCATGC,0,4230115
yadE_predicted,0.030303030303030304,32,32,GACTCGATACAATAAAAAAG,0,4205263
yadE_predicted,0.030303030303030304,32,32,GACCGAGATTGGTACCACGA,0,4220632
yadE_predicted,0.030303030303030304,32,32,GACCCCGGGGATCGGTCCAA,0,4234716
yadE_predicted,0.030303030303030304,32,32,GAAGAAAGCGGATAGGTGGA,0,4184558
yadE_predicted,0.030303030303030304,32,32,CTTATGCGTCCGTTCTTACT,0,4193819
yadE_predicted,0.030303030303030304,32,32,CTTATCCAGGTAGCGCTGTA,0,4185820
yadE_predicted,0.030303030303030304,32,32,CTAATGAACTGGGTTCCTGG,0,4224428
yadE_predicted,0.030303030303030304,32,32,CTAACCGTGCTCTAACTCCT,0,4177700
yadE_predicted,0.030303030303030304,32,32,CGTACCCCGTGTATCGCAAT,0,4166626
yadE_predicted,0.030303030303030304,32,32,CGCACGCTTCCGGAGTGGTC,0,4195635
yadE_predicted,0.030303030303030304,32,32,CCTTCCCGGAAGGCGTCTCA,0,4160879
yadE_predicted,0.030303030303030304,32,32,CCTTACCCCCGGACCGGTGG,0,4191166
yadE_predicted,0.030303030303030304,32,32,CCCTAATCTAAGAAGACGAC,0,4197570
yadE_predicted,0.030303030303030304,32,32,CAGGAGGTGGTTCTGGCAGG,0,4168075
yadE_predicted,0.030303030303030304,32,32,CACTGTGCCGGTCACATCCA,0,4178245
yadE_predicted,0.030303030303030304,32,32,CACCGATGCTCCCTAGTCAT,0,4210942
yadE_predicted,0.030303030303030304,32,32,ATATCCTAGTGGTATGCTAG,0,4167458
yadE_predicted,0.030303030303030304,32,32,ATAGCGTCCTGAAGCGGACC,0,4177472
yadE_predicted,0.030303030303030304,32,32,AGTGAGCGTGCGTTTGCACA,0,4221209
yadE_predicted,0.030303030303030304,32,32,AGGGGAGGTGACCTGGCCAT,0,4170736
yadE_predicted,0.030303030303030304,32,32,AGGCCCGTAGCACCACTGGT,0,4201280
yadE_predicted,0.030303030303030304,32,32,AGAGGCCGGTTGGGTCGGAA,0,4164293
yadE_predicted,0.030303030303030304,32,32,ACTTTTCACTATTGAGGGAC,0,4213945
yadE_predicted,0.030303030303030304,32,32,ACTAGAGCATTTGTTCTGTA,0,4217480
yadE_predicted,0.030303030303030304,32,32,ACTAAACAGTACCCGCGCTC,0,4170894
yadE_predicted,0.030303030303030304,32,32,ACGTTTCGTTTTGGGCAGCA,0,4176236
yadE_predicted,0.030303030303030304,32,32,ACGCTAGCTCCATTTATGAA,0,4181268
yadE_predicted,0.030303030303030304,32,32,ACCTGGCTCCCCCGATATGA,0,4163325
yadE_predicted,0.030303030303030304,32,32,ACCTCAAGCGATATAGGACA,0,4179538
yadE_predicted,0.030303030303030304,32,32,ACCGCCGAATTCGTCAATTC,0,4202505
yadE_predicted,0.030303030303030304,32,32,ACAGACGAGCATTCACGAGG,0,4215748
yadE_predicted,0.030303030303030304,32,32,AACCTGCGAATGGGACGGCA,0,4197110
yadE_predicted,0.030303030303030304,32,32,AACAGGCGCCGGATTCATGA,0,4164412
yadE_predicted,0.030303030303030304,32,32,AAAGCTCGAGATCCAAGGTC,0,4162439
yadE_predicted,0.030303030303030304,32,32,AAACCCGACAGAGGAGCCTA,0,4227659
yadE_predicted,0.03125,31,31,TTTGGGCATAGGTACATGCA,0,4239437
yadE_predicted,0.03125,31,31,TTGTCTGAAATAGTCCCATC,0,4202278
yadE_predicted,0.03125,31,31,TTGGGCGGAGGAGCTTCATC,0,4165636
yadE_predicted,0.03125,31,31,TTGGGCATACGCAGGGGATG,0,4220711
yadE_predicted,0.03125,31,31,TTGCACACGGCCACGTTTGG,0,4175831
yadE_predicted,0.03125,31,31,TGCCACCTGCTCGGTCAATC,0,4231323
yadE_predicted,0.03125,31,31,TCTGGAGTGTATTAGCTGTC,0,4206481
yadE_predicted,0.03125,31,31,TCTCGGCATAACCGTTGCTC,0,4172608
yadE_predicted,0.03125,31,31,TCCGCCTTCAAGATGGGTCA,0,4236568
yadE_predicted,0.03125,31,31,TCATGCTATGCGAGGTCGAA,0,4193464
yadE_predicted,0.03125,31,31,TCAGACTAGACTTCAATATG,0,4226771
yadE_predicted,0.03125,31,31,TCAATCTTGCAGAGCGACAA,0,4168071
yadE_predicted,0.03125,31,31,TCAAGGGAGAGGTAACATGA,0,4193744
yadE_predicted,0.03125,31,31,TAGGGTCCTCTAGGTGATAC,0,4189695
yadE_predicted,0.03125,31,31,TAGCCGTCTGTGCGGCAGGT,0,4192703
yadE_predicted,0.03125,31,31,TACTTGTGTCAGGAGTGGTG,0,4224566
yadE_predicted,0.03125,31,31,GTGAAACGTGCCCCTAACTA,0,4237651
yadE_predicted,0.03125,31,31,GTATAGTTTACAATTCGATA,0,4169427
yadE_predicted,0.03125,31,31,GGTTGTCGTCGGAGGCGTTA,0,4176619
yadE_predicted,0.03125,31,31,GGTTATCATTCGGGTTGTCG,0,4205980
yadE_predicted,0.03125,31,31,GCTGTCGCCAGTTCAAGTTT,0,4162869
yadE_predicted,0.03125,31,31,GCTCTTAGGTGTTCCGCTTC,0,4227851
yadE_predicted,0.03125,31,31,GATTGGTCGTAGAACTTCGG,0,4167054
yadE_predicted,0.03125,31,31,GATAGGAGTATGGCTCCTGC,0,4219429
yadE_predicted,0.03125,31,31,GAGTGGAACGATCTGTTTGT,0,4185215
yadE_predicted,0.03125,31,31,GAGTCTGTTAGTCGCCTTCT,0,4209955
yadE_predicted,0.03125,31,31,GAGCTCAATTGTTTCATTTG,0,4202246
yadE_predicted,0.03125,31,31,GAACCATATTAGGCCCATAA,0,4205011
yadE_predicted,0.03125,31,31,GAACATTTTGTACTATGCAT,0,4196716
yadE_predicted,0.03125,31,31,CTCGCGTACCGTCGCCGGAG,0,4162770
yadE_predicted,0.03125,31,31,CTCCCATGCCCGCCTTCGGA,0,4179826
yadE_predicted,0.03125,31,31,CGCATTGTCCCCCCATACAT,0,4240460
yadE_predicted,0.03125,31,31,CGACTACTGCGCAACGCACT,0,4230427
yadE_predicted,0.03125,31,31,CGAAAGTGTTTTTGTCGTAT,0,4174586
yadE_predicted,0.03125,31,31,CCTAGAACCAGCACGTTTGT,0,4195931
yadE_predicted,0.03125,31,31,CCCCGGCAGTGCAGGCGCAT,0,4218499
yadE_predicted,0.03125,31,31,CATATTGCCCATGATGGCCC,0,4194685
yadE_predicted,0.03125,31,31,CAAGTGAGCGTGCTGGTGTT,0,4193045
yadE_predicted,0.03125,31,31,ATTGGCCGTAGTTCAGTGGA,0,4181660
yadE_predicted,0.03125,31,31,ATTAAAATTATCTGAGCGCT,0,4226121
yadE_predicted,0.03125,31,31,ATGTGGAGAATATTCCGAGT,0,4162451
yadE_predicted,0.03125,31,31,ATGGTAACATCTGGAGACGA,0,4205656
yadE_predicted,0.03125,31,31,ATGGGAGGAATAGACCAGGG,0,4186926
yadE_predicted,0.03125,31,31,AGGTCACGGCAAGCGAGATG,0,4205760
yadE_predicted,0.03125,31,31,AGGGCGTGTTTGCTCAGTTT,0,4240696
yadE_predicted,0.03125,31,31,AGCGTGTTTGCTGAGGGCTC,0,4218861
yadE_predicted,0.03125,31,31,AGACAGTCTTTAAAACATGT,0,4192638
yadE_predicted,0.03125,31,31,AGACACGGATTAAAATCAAG,0,4190460
yadE_predicted,0.03125,31,31,ACTGCTCACCGACGTACACA,0,4193429
yadE_predicted,0.03125,31,31,ACGTCATACAGAACATTGTC,0,4166498
yadE_predicted,0.03125,31,31,ACGGTTTTGACCTCCCTCAG,0,4219580
yadE_predicted,0.03125,31,31,ACCTGCCTCATTAACGCCAA,0,4228135
yadE_predicted,0.03125,31,31,ACCTAGAAGGTACGCCGGTG,0,4221661
yadE_predicted,0.03125,31,31,AATACCAACAGAATTAAGAT,0,4164503
yadE_predicted,0.03125,31,31,AATAAACAATGGTGAACACG,0,4215697
yadE_predicted,0.03125,31,31,AAGCAGAAGCGGAGACATCT,0,4196555
yadE_predicted,0.03125,31,31,AACGAGTCCTTGGGATCTAG,0,4164653
yadE_predicted,0.03125,31,31,AACAATCAGGCTAAGTCATT,0,4196552
yadE_predicted,0.03125,31,31,AACAAGGCGGAATGGACAGA,0,4196551
yadE_predicted,0.03225806451612903,30,30,TTTTTGGCCACTAGGTGCAA,0,4204979
yadE_predicted,0.03225806451612903,30,30,TTTGCCTACATTGTCAGCCA,0,4221944
yadE_predicted,0.03225806451612903,30,30,TTTCGATCAAGCGTTTGAGT,0,4168152
yadE_predicted,0.03225806451612903,30,30,TTCTGTTCAGCCACGCGCAA,0,4212889
yadE_predicted,0.03225806451612903,30,30,TTCCCGAAGATCGATATGCT,0,4215692
yadE_predicted,0.03225806451612903,30,30,TGTTGCATAACCTTCCGGAC,0,4231511
yadE_predicted,0.03225806451612903,30,30,TGCGGTGAGATTCGCTTACT,0,4176400
yadE_predicted,0.03225806451612903,30,30,TGCCGTAGGCCCCCTTTATA,0,4182224
yadE_predicted,0.03225806451612903,30,30,TGCATGGTCAAACAGTAAAT,0,4220971
yadE_predicted,0.03225806451612903,30,30,TCTCCAGACCTTTGGAAGTA,0,4174118
yadE_predicted,0.03225806451612903,30,30,TCTAGATAATATGTCCTTAA,0,4237366
yadE_predicted,0.03225806451612903,30,30,TCGTCAACAGTAACTAAACA,0,4201339
yadE_predicted,0.03225806451612903,30,30,TCCACATGCCTTCTGCCAAA,0,4227540
yadE_predicted,0.03225806451612903,30,30,TAGTTGAAATAAATCTGATG,0,4227536
yadE_predicted,0.03225806451612903,30,30,TAGTGTCGGCAGACATCGCA,0,4215323
yadE_predicted,0.03225806451612903,30,30,TAGCTGCCATTTGGGAACAG,0,4181182
yadE_predicted,0.03225806451612903,30,30,TAGAGGATTGCCACCTTACA,0,4218686
yadE_predicted,0.03225806451612903,30,30,TACCTTTGCCGTCGATGGAA,0,4178924
yadE_predicted,0.03225806451612903,30,30,GTTCCATGAGGTGGACGCCA,0,4205347
yadE_predicted,0.03225806451612903,30,30,GTGTTCTCACTGCCCGGGCT,0,4160720
yadE_predicted,0.03225806451612903,30,30,GTGCTGATAGAGCCACTAGA,0,4191439
yadE_predicted,0.03225806451612903,30,30,GTGAAGGTTCTACGCGAGGT,0,4166705
yadE_predicted,0.03225806451612903,30,30,GGGCTCTAGGACGCATCGGC,0,4163935
yadE_predicted,0.03225806451612903,30,30,GGCGTGAAGTTAAAGAACAA,0,4201759
yadE_predicted,0.03225806451612903,30,30,GGATACCACGAATCTGGATA,0,4216912
yadE_predicted,0.03225806451612903,30,30,GCCCACGCTGCAATACAGTG,0,4186189
yadE_predicted,0.03225806451612903,30,30,GCCAGAAGGTGGCCCCATGT,0,4204443
yadE_predicted,0.03225806451612903,30,30,GCACCGACAGAACTTGAAGT,0,4162377
yadE_predicted,0.03225806451612903,30,30,GATTTACGAAGAGAGATAAA,0,4168706
yadE_predicted,0.03225806451612903,30,30,GATGATCGGGGAACATTGAT,0,4172373
yadE_predicted,0.03225806451612903,30,30,GAAGAGTAGCTCCTGCCTTT,0,4183577
yadE_predicted,0.03225806451612903,30,30,GAAACAACAATCTTGTCTAC,0,4208011
yadE_predicted,0.03225806451612903,30,30,CTTTTGTCATGTTCCCAATA,0,4165177
yadE_predicted,0.03225806451612903,30,30,CTTTACCTTTCTATATGTGT,0,4235657
yadE_predicted,0.03225806451612903,30,30,CTGCTGGGAATGGTACTTAG,0,4204039
yadE_predicted,0.03225806451612903,30,30,CTCATGCTCTCGTCGCGTTC,0,4183808
yadE_predicted,0.03225806451612903,30,30,CTCACAACGCGTCCGGACTG,0,4234650
yadE_predicted,0.03225806451612903,30,30,CTAGGGTCGGAAAGGTCTCG,0,4207809
yadE_predicted,0.03225806451612903,30,30,CTAAGTACGGAATTGAACAC,0,4228287
yadE_predicted,0.03225806451612903,30,30,CGTCTAACAGAAACTTAACT,0,4234009
yadE_predicted,0.03225806451612903,30,30,CGTCATGATCACATTAACGT,0,4239085
yadE_predicted,0.03225806451612903,30,30,CGTATCGGATATAATCGGGT,0,4205167
yadE_predicted,0.03225806451612903,30,30,CGGTGGAAACTTCAGGAATA,0,4175234
yadE_predicted,0.03225806451612903,30,30,CGGGAGCCGGGTATCACCAC,0,4196910
yadE_predicted,0.03225806451612903,30,30,CGCCCTTCCATATCCCGCTA,0,4186623
yadE_predicted,0.03225806451612903,30,30,CGCATACGACTCATAGAGAT,0,4161515
yadE_predicted,0.03225806451612903,30,30,CCGCTGAGTAAAGCTAAGCA,0,4185306
yadE_predicted,0.03225806451612903,30,30,CCCTGGATCACTCAACCGTA,0,4171301
yadE_predicted,0.03225806451612903,30,30,CCCGTCAGGCCTACAGAGTG,0,4219447
yadE_predicted,0.03225806451612903,30,30,CATACAAGAGGACACCCTCT,0,4216824
yadE_predicted,0.03225806451612903,30,30,CAGATACCGCGTCGTAAGTA,0,4212226
yadE_predicted,0.03225806451612903,30,30,CAACACCGTACTGAAAGCAT,0,4238384
yadE_predicted,0.03225806451612903,30,30,ATGGGTCTGATCGACACGTA,0,4163052
yadE_predicted,0.03225806451612903,30,30,ATCATTATGGTAAACCAGGC,0,4178356
yadE_predicted,0.03225806451612903,30,30,ATAGACCATCACCGACATAA,0,4236707
yadE_predicted,0.03225806451612903,30,30,AGTCGGGGGGGCGCTCGCTT,0,4176371
yadE_predicted,0.03225806451612903,30,30,AGGCGGCTGGACCAGTATCA,0,4208255
yadE_predicted,0.03225806451612903,30,30,AGCTATCCTGAAGGAATCAC,0,4159948
yadE_predicted,0.03225806451612903,30,30,AGCCTGAGTCTCTACATTTT,0,4182660
yadE_predicted,0.03225806451612903,30,30,AGATTATGGACGGAACGCGA,0,4205973
yadE_predicted,0.03225806451612903,30,30,ACGACACCGTTTACTACAAA,0,4190682
yadE_predicted,0.03225806451612903,30,30,ACCGGGAAGCACACCCGAGC,0,4160963
yadE_predicted,0.03225806451612903,30,30,ACACGTTTAGTGCTGTGAAT,0,4199345
yadE_predicted,0.03225806451612903,30,30,ACACGCCAGGGGGGTGCCCT,0,4218640
yadE_predicted,0.03225806451612903,30,30,ACAACGCTCATCAGGGGGAT,0,4203075
yadE_predicted,0.03225806451612903,30,30,AATGGCAACGAAAAAGTGAC,0,4225801
yadE_predicted,0.03225806451612903,30,30,AAGCAACAATAGATATTATC,0,4162835
yadE_predicted,0.03225806451612903,30,30,AAGAGGCACAGTGGAATAGT,0,4227033
yadE_predicted,0.03225806451612903,30,30,AACGTACGACGACTGGACCA,0,4197476
yadE_predicted,0.03225806451612903,30,30,AAACTCTGTTATGCACCGCA,0,4224119
yadE_predicted,0.03333333333333333,29,29,TTCGCGCGAACCGTCGGGAC,0,4221577
yadE_predicted,0.03333333333333333,29,29,TTATCACGCTCTTCGGCGTC,0,4165652
yadE_predicted,0.03333333333333333,29,29,TGGAGTCTGCAACCACAATA,0,4238722
yadE_predicted,0.03333333333333333,29,29,TGAAGTTACGGATTGCGGAT,0,4212318
yadE_predicted,0.03333333333333333,29,29,TCTCAGGTGCCCGGTACCCT,0,4217948
yadE_predicted,0.03333333333333333,29,29,TCGGTCTGTTCATTTCACCC,0,4190803
yadE_predicted,0.03333333333333333,29,29,TCCCTGTTGTCCCCGCAAGA,0,4235119
yadE_predicted,0.03333333333333333,29,29,TCAAAGTCCCCGCCGTGAAT,0,4192601
yadE_predicted,0.03333333333333333,29,29,TATTGCAAATCAGTCCGGGT,0,4189945
yadE_predicted,0.03333333333333333,29,29,TATTCGGCTCCACGTGCGTT,0,4170590
yadE_predicted,0.03333333333333333,29,29,TAGACCCTTCGTCGCAATTG,0,4195858
yadE_predicted,0.03333333333333333,29,29,TAGACATATATTGTCCAGCT,0,4172697
yadE_predicted,0.03333333333333333,29,29,TAATGCGGACTGACCGTAAG,0,4233337
yadE_predicted,0.03333333333333333,29,29,TAAGTCTAGATCTAATATGA,0,4209493
yadE_predicted,0.03333333333333333,29,29,GTTATAACTGCGCATGCTTC,0,4227097
yadE_predicted,0.03333333333333333,29,29,GTGATCGGATGAATTACTGT,0,4179710
yadE_predicted,0.03333333333333333,29,29,GTGATATGGGCACCAGTCAG,0,4186209
yadE_predicted,0.03333333333333333,29,29,GTCGAAGCACTCTATCCGAT,0,4164179
yadE_predicted,0.03333333333333333,29,29,GTACCCTGTGGTCTCTTCAG,0,4188907
yadE_predicted,0.03333333333333333,29,29,GGTTGCACGCAGAGAACCAT,0,4177431
yadE_predicted,0.03333333333333333,29,29,GGTGGTTTCTTGGGGGAGCT,0,4178364
yadE_predicted,0.03333333333333333,29,29,GGCGCCTGGGCAGACTGCGC,0,4193321
yadE_predicted,0.03333333333333333,29,29,GGAGCTCCCAGGCTAACGGT,0,4188016
yadE_predicted,0.03333333333333333,29,29,GGACAGGGGTCGAGGACTAT,0,4204853
yadE_predicted,0.03333333333333333,29,29,GGACAGCAATCATACCCCTT,0,4162780
yadE_predicted,0.03333333333333333,29,29,GGAACAGTCCGCGCATCCAA,0,4209891
yadE_predicted,0.03333333333333333,29,29,GCCTTTATGGGGCCTGCTCA,0,4160602
yadE_predicted,0.03333333333333333,29,29,GCATCTGGGCTGTGGTTCTT,0,4178879
yadE_predicted,0.03333333333333333,29,29,GCAGGGAGAGCAGATCTCCG,0,4159660
yadE_predicted,0.03333333333333333,29,29,GCAGGCATTGTGGACTTCAG,0,4216177
yadE_predicted,0.03333333333333333,29,29,GCACCGGGCTCAGACTAAAA,0,4219768
yadE_predicted,0.03333333333333333,29,29,GCACCGCCGACGACGTGTGC,0,4227307
yadE_predicted,0.03333333333333333,29,29,GCACAGGCGGTACCCTAAAG,0,4199852
yadE_predicted,0.03333333333333333,29,29,GATCTTCCGCCCTTAGCGGA,0,4193502
yadE_predicted,0.03333333333333333,29,29,GAGTGAGGATACCGGGCCAT,0,4163479
yadE_predicted,0.03333333333333333,29,29,GAGGCCCCAGTACGCGGGCG,0,4187652
yadE_predicted,0.03333333333333333,29,29,GACCGGTTCGCGTCCCTTTC,0,4207336
yadE_predicted,0.03333333333333333,29,29,GAAACCTGACTTCTGTGGTA,0,4185460
yadE_predicted,0.03333333333333333,29,29,CTTCCCGCGGCGCTGGCGCT,0,4208176
yadE_predicted,0.03333333333333333,29,29,CTGGCTGCCCCAGCTTAGGT,0,4180442
yadE_predicted,0.03333333333333333,29,29,CTGCGATAAGGAGGCCCGAA,0,4223761
yadE_predicted,0.03333333333333333,29,29,CTGACGGCCTCTTACAATAC,0,4176243
yadE_predicted,0.03333333333333333,29,29,CTAGCCGGGAGAGGGAGACC,0,4223855
yadE_predicted,0.03333333333333333,29,29,CTAATGCTAGCGTAAAGTTA,0,4203727
yadE_predicted,0.03333333333333333,29,29,CGTCCGGTCACCTGACGTCA,0,4161955
yadE_predicted,0.03333333333333333,29,29,CGGTAGACTGCGGGGACAAG,0,4188673
yadE_predicted,0.03333333333333333,29,29,CGGGAACGTGAGTGGGATAA,0,4215484
yadE_predicted,0.03333333333333333,29,29,CGCTGAAAGGTCAGGTCATG,0,4189496
yadE_predicted,0.03333333333333333,29,29,CGATATGATCATTATCTGAC,0,4234652
yadE_predicted,0.03333333333333333,29,29,CGACTCGGTGTGAAGCTGCG,0,4240132
yadE_predicted,0.03333333333333333,29,29,CCTGGCCTGCGCCACCAAGC,0,4212822
yadE_predicted,0.03333333333333333,29,29,CCTAGAACGACATAACAAAG,0,4175418
yadE_predicted,0.03333333333333333,29,29,CCGTAGTGACTGGTTTGCTC,0,4220945
yadE_predicted,0.03333333333333333,29,29,CCGGCATTGAATACGCGTCT,0,4161867
yadE_predicted,0.03333333333333333,29,29,CCGCGTGGTGATACCAGCCC,0,4174668
yadE_predicted,0.03333333333333333,29,29,CCGCGCCTACGATTTAATAT,0,4219252
yadE_predicted,0.03333333333333333,29,29,CCCGTGTGGTTATCATTCCA,0,4164976
yadE_predicted,0.03333333333333333,29,29,CCCGCGAGACCGACGCCTTG,0,4232452
yadE_predicted,0.03333333333333333,29,29,CCATACGATGGTAACCCATT,0,4229515
yadE_predicted,0.03333333333333333,29,29,CCACATAAGTGTACGGGATT,0,4185788
yadE_predicted,0.03333333333333333,29,29,CCACAATGCCGGCCACAGTA,0,4211683
yadE_predicted,0.03333333333333333,29,29,CATGTACGACTGTTTGACTT,0,4185303
yadE_predicted,0.03333333333333333,29,29,CACTGTGTAGGAAAGAGTAG,0,4209333
yadE_predicted,0.03333333333333333,29,29,CACCTGCATGAAGGCACAAC,0,4174768
yadE_predicted,0.03333333333333333,29,29,CACAGCGATGCCCCGACACG,0,4200661
yadE_predicted,0.03333333333333333,29,29,CACAATGTGGATTCGCTGAT,0,4226372
yadE_predicted,0.03333333333333333,29,29,CAACGGTACCGCGCAAAGTA,0,4226608
yadE_predicted,0.03333333333333333,29,29,ATGCCAATCGCCAGGCCGGG,0,4240421
yadE_predicted,0.03333333333333333,29,29,ATCGAGAGCAGCTCTATTCG,0,4170836
yadE_predicted,0.03333333333333333,29,29,ATATAGTCCGAATGCCGCCA,0,4186408
yadE_predicted,0.03333333333333333,29,29,AGTTTCCCACCACGGGTGAC,0,4183901
yadE_predicted,0.03333333333333333,29,29,AGGTTCTCAGGATTCTATTA,0,4200658
yadE_predicted,0.03333333333333333,29,29,AGGATTACTCATTAGAATTA,0,4171295
yadE_predicted,0.03333333333333333,29,29,AGCGGGGACCGATGTACATC,0,4218304
yadE_predicted,0.03333333333333333,29,29,AGCGGGCACTTTCAAACCCC,0,4214043
yadE_predicted,0.03333333333333333,29,29,AGCATTCTTCGTCGTCCCCG,0,4206195
yadE_predicted,0.03333333333333333,29,29,ACGTTCAGCGGTGTGGTTCC,0,4236470
yadE_predicted,0.03333333333333333,29,29,ACCGTCTATGGCACTTAGGA,0,4171806
yadE_predicted,0.03333333333333333,29,29,ACCAGTCACGTGACTAACCT,0,4214297
yadE_predicted,0.03333333333333333,29,29,ACACACGCCCCCACCATACA,0,4182967
yadE_predicted,0.03333333333333333,29,29,ACAACATGAGTCAAACCCGT,0,4178574
yadE_predicted,0.03333333333333333,29,29,AATTGGGCATTTTATGGAGA,0,4208747
yadE_predicted,0.03333333333333333,29,29,AATAGCATTTGATACAGCTG,0,4182527
yadE_predicted,0.03333333333333333,29,29,AATAATTAGAAGTAGGGATC,0,4238281
yadE_predicted,0.03333333333333333,29,29,AAGGAGTGCAAACTGCCTGA,0,4202501
yadE_predicted,0.03333333333333333,29,29,AAGCTTATTTTGCGCCGTTG,0,4228180
yadE_predicted,0.03333333333333333,29,29,AAGCTCTCGTAGCAAAACTA,0,4181498
yadE_predicted,0.03333333333333333,29,29,AAAAGCTCGCTCAGCGTCAT,0,4239488
yadE_predicted,0.034482758620689655,28,28,TTTCATAGCGTTAGTCCGAG,0,4216689
yadE_predicted,0.034482758620689655,28,28,TTGGGGCGCGGGATACAACG,0,4223211
yadE_predicted,0.034482758620689655,28,28,TTGGCTATGCATGGTCAATA,0,4162593
yadE_predicted,0.034482758620689655,28,28,TTGAATGCTTCTCGGTGAAC,0,4216221
yadE_predicted,0.034482758620689655,28,28,TTCGTGCAATAATGGACATG,0,4196410
yadE_predicted,0.034482758620689655,28,28,TTCCTTAGGGCAAGCAACGT,0,4224726
yadE_predicted,0.034482758620689655,28,28,TTCAGAGACGAACAGCATCT,0,4213791
yadE_predicted,0.034482758620689655,28,28,TTAAGTACTACAGAAGGCAT,0,4182470
yadE_predicted,0.034482758620689655,28,28,TGGCCGATAGCGCCAGAGTG,0,4185097
yadE_predicted,0.034482758620689655,28,28,TGGACTTGCCTCCCAGCGCC,0,4184146
yadE_predicted,0.034482758620689655,28,28,TGCTCCAGTTAATATTCTTG,0,4188911
yadE_predicted,0.034482758620689655,28,28,TGAAAGCTACCAACGCGATG,0,4176582
yadE_predicted,0.034482758620689655,28,28,TCGCGGTAAATTGCGGTTAA,0,4186241
yadE_predicted,0.034482758620689655,28,28,TCCTTACCTAATCAGGAGGG,0,4223046
yadE_predicted,0.034482758620689655,28,28,TCCTGGTACCTTTGTCTCCT,0,4186247
yadE_predicted,0.034482758620689655,28,28,TCCCCTCGACAGCGTGTAGC,0,4201834
yadE_predicted,0.034482758620689655,28,28,TCCACGCGTGCAAAAACCTT,0,4236128
yadE_predicted,0.034482758620689655,28,28,TCATGGGATATGGGACGTTA,0,4177471
yadE_predicted,0.034482758620689655,28,28,TCACTCACGGGCTTTATAAA,0,4232472
yadE_predicted,0.034482758620689655,28,28,TCAACTGACTCATCTAAGGA,0,4179676
yadE_predicted,0.034482758620689655,28,28,TATGGCAACCTTCTCGTTAA,0,4231429
yadE_predicted,0.034482758620689655,28,28,TAGGTCGATAGGAGTTCGTT,0,4214849
yadE_predicted,0.034482758620689655,28,28,TAAATACTACACTAGCTAAG,0,4190612
yadE_predicted,0.034482758620689655,28,28,GTTGTATAGTAGGCTCTGCA,0,4227674
yadE_predicted,0.034482758620689655,28,28,GTGGGGAAATGTTGCGCGGT,0,4180097
yadE_predicted,0.034482758620689655,28,28,GTCCCTCACTTCGGCGATGA,0,4186621
yadE_predicted,0.034482758620689655,28,28,GTCCCCGGCAATGATTGCCA,0,4159451
yadE_predicted,0.034482758620689655,28,28,GTCATTAGCCTTGCAGACAC,0,4164018
yadE_predicted,0.034482758620689655,28,28,GTAAGAGATATTGGACGCTA,0,4164982
yadE_predicted,0.034482758620689655,28,28,GGTTATCAGCACACCCAGGT,0,4169945
yadE_predicted,0.034482758620689655,28,28,GGGAATCCTCATGAGCGGTG,0,4206685
yadE_predicted,0.034482758620689655,28,28,GGCCCGGGTCTTTACTGTTT,0,4215078
yadE_predicted,0.034482758620689655,28,28,GGAAACAAATGAGACGTAGA,0,4162197
yadE_predicted,0.034482758620689655,28,28,GCGTTTCGTTTGGATAACGA,0,4188950
yadE_predicted,0.034482758620689655,28,28,GCGTGGGCGGTTAATGTTTT,0,4178012
yadE_predicted,0.034482758620689655,28,28,GCGTCATCACGCCTCTTTAT,0,4207526
yadE_predicted,0.034482758620689655,28,28,GCGGTCAGGAACGAATAGCA,0,4166672
yadE_predicted,0.034482758620689655,28,28,GCGGGTAAAAGTTGGGCTAG,0,4216879
yadE_predicted,0.034482758620689655,28,28,GCGACAGCAATGGGTACTTC,0,4197560
yadE_predicted,0.034482758620689655,28,28,GCCTGTCACCCTAGGCGGAA,0,4195241
yadE_predicted,0.034482758620689655,28,28,GCCGGTCTCAGAAAGAATGA,0,4184512
yadE_predicted,0.034482758620689655,28,28,GCCCTGAATTGGCGGAATCG,0,4215581
yadE_predicted,0.034482758620689655,28,28,GCCCGAGGGAGAGGAACCTT,0,4225489
yadE_predicted,0.034482758620689655,28,28,GCCAATGGGTGCGCGTGTTT,0,4176235
yadE_predicted,0.034482758620689655,28,28,GCCAAATCGCGGAACGCCGA,0,4222623
yadE_predicted,0.034482758620689655,28,28,GCATTCGAACAAACAGGGGA,0,4221569
yadE_predicted,0.034482758620689655,28,28,GATCCAAAAAGCCAATGAAA,0,4216485
yadE_predicted,0.034482758620689655,28,28,GAGTCGTCAGACTGTTGCCG,0,4218645
yadE_predicted,0.034482758620689655,28,28,GAGGTGGGCCATCAACCCCG,0,4161057
yadE_predicted,0.034482758620689655,28,28,GACGCTCTGAATCGGGGTCA,0,4163356
yadE_predicted,0.034482758620689655,28,28,GACAAGAGTTCAATGTGTTT,0,4167990
yadE_predicted,0.034482758620689655,28,28,GAATTCCTTGGGTGAACCTA,0,4201568
yadE_predicted,0.034482758620689655,28,28,GAACTACCAGCACAAGGGGT,0,4196084
yadE_predicted,0.034482758620689655,28,28,GAAAGAGCACCAGATAGCTT,0,4160611
yadE_predicted,0.034482758620689655,28,28,CTGATCCGGGAGGGCCAATA,0,4192257
yadE_predicted,0.034482758620689655,28,28,CTATGAGGCATGTCTGGGGT,0,4171286
yadE_predicted,0.034482758620689655,28,28,CGTTCAATATTAGCGACTGG,0,4225323
yadE_predicted,0.034482758620689655,28,28,CGGACAGTGAAGCTGTTTCA,0,4227044
yadE_predicted,0.034482758620689655,28,28,CGCTGTCATGTCTACGGTTC,0,4212793
yadE_predicted,0.034482758620689655,28,28,CGCTCACGCAGATCAGAAGC,0,4232071
yadE_predicted,0.034482758620689655,28,28,CGCCGATTTTTTCGCCCCGG,0,4209390
yadE_predicted,0.034482758620689655,28,28,CGCCATTCACCAGTTGTGTA,0,4163991
yadE_predicted,0.034482758620689655,28,28,CGCAAGTAGCAGCTAAGAAA,0,4219759
yadE_predicted,0.034482758620689655,28,28,CGAGCAGCCTTGGTTAGGGA,0,4201565
yadE_predicted,0.034482758620689655,28,28,CGACCTTAAGTTCGAACCAC,0,4238994
yadE_predicted,0.034482758620689655,28,28,CGACACCCCGCATCTCAGGC,0,4180034
yadE_predicted,0.034482758620689655,28,28,CGAAGCAAGGCTAAGGGCGG,0,4196560
yadE_predicted,0.034482758620689655,28,28,CCTCGGAGACTGCCAGGTTG,0,4198684
yadE_predicted,0.034482758620689655,28,28,CCCGGTCACCTGCACTCATA,0,4207210
yadE_predicted,0.034482758620689655,28,28,CCCGGCCTCGGAGCGGATCG,0,4185502
yadE_predicted,0.034482758620689655,28,28,CCCGCTTCACACACACCTGG,0,4209811
yadE_predicted,0.034482758620689655,28,28,CCCCTGCGTCTTCCCACGGC,0,4196310
yadE_predicted,0.034482758620689655,28,28,CCCCACTATAACAGTAGGAT,0,4167097
yadE_predicted,0.034482758620689655,28,28,CCCAATCAGACATTCCATTC,0,4205485
yadE_predicted,0.034482758620689655,28,28,CCAGCGGTGTTTTTAGAGGG,0,4181139
yadE_predicted,0.034482758620689655,28,28,CATATGGCCGGGCATTGAAC,0,4231388
yadE_predicted,0.034482758620689655,28,28,CATACGGTGGGTGACCTGGG,0,4211037
yadE_predicted,0.034482758620689655,28,28,CAGCGAGCTTTTTTCGGCGA,0,4204912
yadE_predicted,0.034482758620689655,28,28,CACGCACTAACCCGAAGATG,0,4188193
yadE_predicted,0.034482758620689655,28,28,CAACAGAGTTTATGATTATT,0,4226863
yadE_predicted,0.034482758620689655,28,28,CAAACTCCTACCAGCACATT,0,4235419
yadE_predicted,0.034482758620689655,28,28,ATTGCACTATGTACAAATGT,0,4235241
yadE_predicted,0.034482758620689655,28,28,ATTACGCGATGGTTCGGGTA,0,4212186
yadE_predicted,0.034482758620689655,28,28,ATGGGGTGCACCATGCGGAT,0,4240479
yadE_predicted,0.034482758620689655,28,28,AGTAGTGCCAGCCCATAGTA,0,4168417
yadE_predicted,0.034482758620689655,28,28,AGGACGGTACCCTTTGAGGT,0,4204157
yadE_predicted,0.034482758620689655,28,28,AGGACCACACTTTCCAGTGT,0,4217706
yadE_predicted,0.034482758620689655,28,28,AGCGGGAGACCGCGGCTACG,0,4216231
yadE_predicted,0.034482758620689655,28,28,ACTTTGGCGATCCTGGGGAA,0,4205876
yadE_predicted,0.034482758620689655,28,28,ACTCCGGGGATCCTGTCGCC,0,4214307
yadE_predicted,0.034482758620689655,28,28,ACTATTAAATGCTATCGCGT,0,4186528
yadE_predicted,0.034482758620689655,28,28,ACTACTCTCGGATTACGGCA,0,4190579
yadE_predicted,0.034482758620689655,28,28,ACCTGGGTTTATACTGGTTC,0,4186701
yadE_predicted,0.034482758620689655,28,28,ACCAAAGCTTCATGGGATGT,0,4226104
yadE_predicted,0.034482758620689655,28,28,ACAGGACGCAGGGTGAACGA,0,4213633
yadE_predicted,0.034482758620689655,28,28,AATGCGTCGGCCATCGCGCT,0,4193732
yadE_predicted,0.034482758620689655,28,28,AAGCTGTCCCTTAGACCAGG,0,4179119
yadE_predicted,0.034482758620689655,28,28,AAGCATGTGCCGATTAGTGA,0,4190972
yadE_predicted,0.034482758620689655,28,28,AAGAAAAGGCACGGGTAACT,0,4216117
yadE_predicted,0.034482758620689655,28,28,AAAACCTTCCGAAGTCATTA,0,4231729
yadE_predicted,0.03571428571428571,27,27,TTTGGTTTCACCTATTAATC,0,4176153
yadE_predicted,0.03571428571428571,27,27,TTTGGATGTTGTGGCCTCAG,0,4172008
yadE_predicted,0.03571428571428571,27,27,TTTCTTAGTCGCGTGGTAAT,0,4182297
yadE_predicted,0.03571428571428571,27,27,TTTATGCAGACTCCGGGGTC,0,4211019
yadE_predicted,0.03571428571428571,27,27,TTGTGTTGGGCTTCTGGCGT,0,4233282
yadE_predicted,0.03571428571428571,27,27,TTGGCAGGACCGGGGTCCAG,0,4225130
yadE_predicted,0.03571428571428571,27,27,TTGAGGGTGCTGTTATCATG,0,4225487
yadE_predicted,0.03571428571428571,27,27,TTCGGCGAGAAAACATTTAT,0,4239555
yadE_predicted,0.03571428571428571,27,27,TTAAGATTGCGCTTATCTAC,0,4165090
yadE_predicted,0.03571428571428571,27,27,TGTTTTGCGTATGGATATAT,0,4197669
yadE_predicted,0.03571428571428571,27,27,TGTGTTTTGTAGCAAGGAGA,0,4205589
yadE_predicted,0.03571428571428571,27,27,TGCCTGATTGTACACGGCAA,0,4182125
yadE_predicted,0.03571428571428571,27,27,TGCCTGAATAGCGCTCCGAA,0,4164901
yadE_predicted,0.03571428571428571,27,27,TCGGCGGGGTGCGTTCGTCC,0,4221835
yadE_predicted,0.03571428571428571,27,27,TCGCATCGGACACGGTTCAT,0,4207031
yadE_predicted,0.03571428571428571,27,27,TCGATCACTTTGGGGGCCTA,0,4183665
yadE_predicted,0.03571428571428571,27,27,TCCTCCAAGGGACGTGTCTG,0,4164558
yadE_predicted,0.03571428571428571,27,27,TAGGATATAAAACGATGATT,0,4209872
yadE_predicted,0.03571428571428571,27,27,TAGGAGGAAATATGCCCCGA,0,4167284
yadE_predicted,0.03571428571428571,27,27,TACCTGGGGTTTATGTATGA,0,4173254
yadE_predicted,0.03571428571428571,27,27,TAATTAGGATGGAGTGCGGT,0,4181400
yadE_predicted,0.03571428571428571,27,27,GTTTGGGCAACTAGCCTCGT,0,4179865
yadE_predicted,0.03571428571428571,27,27,GTTGCTATAACAAACATTCA,0,4173920
yadE_predicted,0.03571428571428571,27,27,GTTCCTCTTCAACAACATAA,0,4241326
yadE_predicted,0.03571428571428571,27,27,GTGACGGGTGGTAGGCGTCT,0,4228150
yadE_predicted,0.03571428571428571,27,27,GTCTTTTTACATGCCAACAA,0,4184846
yadE_predicted,0.03571428571428571,27,27,GTCTGGCAGAAGCCTGTGCA,0,4167679
yadE_predicted,0.03571428571428571,27,27,GTCCGACCCCAGCTGTTCGT,0,4221781
yadE_predicted,0.03571428571428571,27,27,GTACCTCGCGGGTTACATTT,0,4200184
yadE_predicted,0.03571428571428571,27,27,GTAAGGCGACTCTAAACCAA,0,4228364
yadE_predicted,0.03571428571428571,27,27,GGTTTTTGTCTCGGTTCGTT,0,4178367
yadE_predicted,0.03571428571428571,27,27,GGGTAATGACAAGTCCCAGA,0,4171728
yadE_predicted,0.03571428571428571,27,27,GGGCATGAATTGTTGCTAAT,0,4166558
yadE_predicted,0.03571428571428571,27,27,GGCAGCAGAATCCCCGTGAG,0,4222799
yadE_predicted,0.03571428571428571,27,27,GGAGGAGACCGCTGGTAAGG,0,4188939
yadE_predicted,0.03571428571428571,27,27,GGACTGCTATAGTTGCACAC,0,4208704
yadE_predicted,0.03571428571428571,27,27,GCTTCGGTTTAAGCGCGTAA,0,4206585
yadE_predicted,0.03571428571428571,27,27,GCTGAGTTAACGGAATAATA,0,4202572
yadE_predicted,0.03571428571428571,27,27,GCTCCGTTTGTAGTATACGT,0,4177289
yadE_predicted,0.03571428571428571,27,27,GCGTAAGTGTGAGTGTGTAT,0,4204688
yadE_predicted,0.03571428571428571,27,27,GCGGAACAGCAGCTGATTAA,0,4161472
yadE_predicted,0.03571428571428571,27,27,GAGGTAAGTAGGAGCACTGA,0,4163104
yadE_predicted,0.03571428571428571,27,27,GACTGAGTGGAATGTCTTTA,0,4191997
yadE_predicted,0.03571428571428571,27,27,GACTCCGTTATAAGCGTCGG,0,4217205
yadE_predicted,0.03571428571428571,27,27,GAAGTATTGGAGCTGTTAAA,0,4226919
yadE_predicted,0.03571428571428571,27,27,CTTTCCAACTTTAAGGCTGA,0,4206544
yadE_predicted,0.03571428571428571,27,27,CTTTATCGGGATTCTGGGGG,0,4215948
yadE_predicted,0.03571428571428571,27,27,CTTATCGTGCATGTAGAAGT,0,4165969
yadE_predicted,0.03571428571428571,27,27,CTGTTGTCTTCTAGGGGCGA,0,4189952
yadE_predicted,0.03571428571428571,27,27,CTGGGTAGATGTTGCGATCT,0,4221431
yadE_predicted,0.03571428571428571,27,27,CTGAAACGCACTCCCGTAAT,0,4210261
yadE_predicted,0.03571428571428571,27,27,CGTTTGGTGCATAAATTACA,0,4211066
yadE_predicted,0.03571428571428571,27,27,CGTGCAGTGCAATCGCCTAC,0,4182834
yadE_predicted,0.03571428571428571,27,27,CGGTCCCGGTAGCCAATCGT,0,4213890
yadE_predicted,0.03571428571428571,27,27,CGGCGGATGTGCAGGTGGTG,0,4187683
yadE_predicted,0.03571428571428571,27,27,CGCGCTTACGCCACCACTTC,0,4175013
yadE_predicted,0.03571428571428571,27,27,CGCCCATAAGTGCTACCGGA,0,4183418
yadE_predicted,0.03571428571428571,27,27,CGCAGAGGACGGGCTCCCAA,0,4223632
yadE_predicted,0.03571428571428571,27,27,CCTGGTGCACTCTGCTACGT,0,4201847
yadE_predicted,0.03571428571428571,27,27,CCTGGGCAGCCATGCAAGAT,0,4221250
yadE_predicted,0.03571428571428571,27,27,CCTCACGAGCTAACTAAGAG,0,4179929
yadE_predicted,0.03571428571428571,27,27,CCGATGCTCCACGGCTGGAT,0,4214270
yadE_predicted,0.03571428571428571,27,27,CCGAAGGGGGGCGTATCTCC,0,4190215
yadE_predicted,0.03571428571428571,27,27,CCCGCAAGTTGACCCTTAAG,0,4229069
yadE_predicted,0.03571428571428571,27,27,CCATCGTGATGGGCTCATTC,0,4221662
yadE_predicted,0.03571428571428571,27,27,CCAGTAGAGACAATAAATGG,0,4195004
yadE_predicted,0.03571428571428571,27,27,CATGCAGAAATCCTGGACTT,0,4171476
yadE_predicted,0.03571428571428571,27,27,CATAGATTGCTGCAGTATTG,0,4210562
yadE_predicted,0.03571428571428571,27,27,CACGTGGTAAAAGAAGTTTT,0,4207601
yadE_predicted,0.03571428571428571,27,27,CACAGTTCCGAAAGGCCGGC,0,4161866
yadE_predicted,0.03571428571428571,27,27,CACACAAGAGAAGAGGGCCA,0,4199665
yadE_predicted,0.03571428571428571,27,27,CAAGCGGCACGAAAAGTACC,0,4239372
yadE_predicted,0.03571428571428571,27,27,CAAAACCCGGCCGGGGCGCA,0,4177842
yadE_predicted,0.03571428571428571,27,27,ATTTCAAGTGGGTTTGGTGG,0,4187065
yadE_predicted,0.03571428571428571,27,27,ATTTATACACATCGGCGAGG,0,4209408
yadE_predicted,0.03571428571428571,27,27,ATTCTAATAATAGCATGCAT,0,4167629
yadE_predicted,0.03571428571428571,27,27,ATGCTCGCGGGCCACCTGCT,0,4216494
yadE_predicted,0.03571428571428571,27,27,ATATACGGCTTATGATGGGA,0,4170619
yadE_predicted,0.03571428571428571,27,27,AGTGGTTGCTAGCTGATAAC,0,4176463
yadE_predicted,0.03571428571428571,27,27,AGTGCGTGCCAAGCACGCAA,0,4185459
yadE_predicted,0.03571428571428571,27,27,AGGGAACGCCTTTTGGATAA,0,4185892
yadE_predicted,0.03571428571428571,27,27,AGGACTCAGGTATGTGAAAA,0,4160676
yadE_predicted,0.03571428571428571,27,27,AGCTCGTGATTCTCTCGAGT,0,4184745
yadE_predicted,0.03571428571428571,27,27,AGCTCAAGTCGTGTCGAGGT,0,4188330
yadE_predicted,0.03571428571428571,27,27,AGCCGTTTATGTGGGGGCTC,0,4175241
yadE_predicted,0.03571428571428571,27,27,AGCATCCGAAAATGCAACCA,0,4210513
yadE_predicted,0.03571428571428571,27,27,AGCAGCATTAGCCAATCCCA,0,4232255
yadE_predicted,0.03571428571428571,27,27,AGCACAGAAAAAAACCCTCA,0,4236069
yadE_predicted,0.03571428571428571,27,27,AGCAATCCGACCATCGCGTT,0,4164626
yadE_predicted,0.03571428571428571,27,27,ACTGTCAACTATCCGGAGCC,0,4197850
yadE_predicted,0.03571428571428571,27,27,ACTAGCATTATAGTCCTATC,0,4172411
yadE_predicted,0.03571428571428571,27,27,ACGTTGGCCTGTACGAATAC,0,4206532
yadE_predicted,0.03571428571428571,27,27,AATTAGCATCTCTGCCCTGA,0,4204224
yadE_predicted,0.03571428571428571,27,27,AATGCTGGGGGGATGAGGGG,0,4175734
yadE_predicted,0.03571428571428571,27,27,AATGCGGGCGGGACGGCTGA,0,4186968
yadE_predicted,0.03571428571428571,27,27,AATCCGCGTTCTATCTCACT,0,4220538
yadE_predicted,0.03571428571428571,27,27,AAGGTCTACTTCAAGAGTAT,0,4168211
yadE_predicted,0.03571428571428571,27,27,AACTCAGTACTTGATAGAAT,0,4238388
yadE_predicted,0.03571428571428571,27,27,AAATCGTGGTTCGAGTCTGT,0,4201837
yadE_predicted,0.037037037037037035,26,26,TTTTGGGTTCCGGTAACTTC,0,4167677
yadE_predicted,0.037037037037037035,26,26,TTTTCGAGGTTCCATTTAAT,0,4192710
yadE_predicted,0.037037037037037035,26,26,TTTACAGGGGTTGGAAGCGT,0,4233818
yadE_predicted,0.037037037037037035,26,26,TTCGGGGGTGTATCCGTACT,0,4175347
yadE_predicted,0.037037037037037035,26,26,TGTTTTCATAGGTCGGGTAG,0,4189045
yadE_predicted,0.037037037037037035,26,26,TGTCGCATACGAAGCGTCAC,0,4189313
yadE_predicted,0.037037037037037035,26,26,TGGCCATGCATAGGGGCCCT,0,4193673
yadE_predicted,0.037037037037037035,26,26,TGGCCAGCTCAGTGATTAAT,0,4223175
yadE_predicted,0.037037037037037035,26,26,TGGCATAAAATTTCGCCAGA,0,4218873
yadE_predicted,0.037037037037037035,26,26,TGGATGGGGTGAAAGGTCTA,0,4168326
yadE_predicted,0.037037037037037035,26,26,TGGATCAATTAGGTCGGTAA,0,4196810
yadE_predicted,0.037037037037037035,26,26,TGGAGGGAATTGTGAAGGCA,0,4192809
yadE_predicted,0.037037037037037035,26,26,TGCGTGTTACTGGGAACCAC,0,4218457
yadE_predicted,0.037037037037037035,26,26,TGAGCCTAAGATCTGGAAGG,0,4212357
yadE_predicted,0.037037037037037035,26,26,TGAAGTAGTGGTGCGCCGAT,0,4164981
yadE_predicted,0.037037037037037035,26,26,TCTTTACCCGTTACCAAATC,0,4194270
yadE_predicted,0.037037037037037035,26,26,TCGTTGGTGGTATGTGTAGT,0,4176617
yadE_predicted,0.037037037037037035,26,26,TCGTGTGTGGCTAAGAACAT,0,4238786
yadE_predicted,0.037037037037037035,26,26,TCGACCACATGTTCGATAGT,0,4237087
yadE_predicted,0.037037037037037035,26,26,TCCTTTCTGCTCTAATCTGC,0,4194271
yadE_predicted,0.037037037037037035,26,26,TCCCAGCAACCGGCTTATAC,0,4207337
yadE_predicted,0.037037037037037035,26,26,TCATCCCCCGTGACCAATAA,0,4219433
yadE_predicted,0.037037037037037035,26,26,TCACCACCTCAGTGAATTCC,0,4181130
yadE_predicted,0.037037037037037035,26,26,TACCTATGGTCCGCATTTCG,0,4208431
yadE_predicted,0.037037037037037035,26,26,TACCGCCCCTCCGCCAGGAA,0,4170537
yadE_predicted,0.037037037037037035,26,26,TACCATAATGACAATAACTC,0,4165995
yadE_predicted,0.037037037037037035,26,26,TAATTAGGGAGATGGAGTAT,0,4203475
yadE_predicted,0.037037037037037035,26,26,GTGTTGTCAACGTCGCTTTG,0,4210553
yadE_predicted,0.037037037037037035,26,26,GTCACTCTTCCCTCATAATC,0,4239635
yadE_predicted,0.037037037037037035,26,26,GTAATTTCATCGACAAGTTC,0,4164097
yadE_predicted,0.037037037037037035,26,26,GTAAGCGGAGGCGTAGAGTT,0,4236356
yadE_predicted,0.037037037037037035,26,26,GTAAATAAGGGTTGCGCAAT,0,4222283
yadE_predicted,0.037037037037037035,26,26,GGTTCCGTGGTTTGCAAAGA,0,4167932
yadE_predicted,0.037037037037037035,26,26,GGTCCAAGCCACATCAGTGT,0,4223277
yadE_predicted,0.037037037037037035,26,26,GGGGTGTACTGTGATTACAA,0,4201564
yadE_predicted,0.037037037037037035,26,26,GGGCAGAGGGGGATGCCTTA,0,4197059
yadE_predicted,0.037037037037037035,26,26,GGCGAAGATGCATCGTCGTC,0,4166115
yadE_predicted,0.037037037037037035,26,26,GGCCAGACATATATGTGCCA,0,4204755
yadE_predicted,0.037037037037037035,26,26,GGAGCCCACATACTAGAAGT,0,4163952
yadE_predicted,0.037037037037037035,26,26,GGAACTGACAGACACTTGTA,0,4231792
yadE_predicted,0.037037037037037035,26,26,GCTGCCCTGGCGTAAGAATG,0,4220842
yadE_predicted,0.037037037037037035,26,26,GCTCAAAGACAGCGAGCGCA,0,4214883
yadE_predicted,0.037037037037037035,26,26,GCGGTTTCAGCGACCCCGGA,0,4224268
yadE_predicted,0.037037037037037035,26,26,GCGCTACTGATTGCGAGTAA,0,4163059
yadE_predicted,0.037037037037037035,26,26,GCCTTATGAACGTGCGCTCC,0,4168939
yadE_predicted,0.037037037037037035,26,26,GCCCGCTATTGAACTCCGTT,0,4223941
yadE_predicted,0.037037037037037035,26,26,GCAGGGTGGAGACCCTAATA,0,4198674
yadE_predicted,0.037037037037037035,26,26,GCAGCCTTTGGACACTCAGA,0,4231165
yadE_predicted,0.037037037037037035,26,26,GCAAGGCAGAAACTGCAGCA,0,4222567
yadE_predicted,0.037037037037037035,26,26,GCAACAGGAATTTGACCTTG,0,4189532
yadE_predicted,0.037037037037037035,26,26,GATGGGAGGCGTTCAAGACC,0,4202828
yadE_predicted,0.037037037037037035,26,26,GATGGCCCAAAGGTGTTACG,0,4237662
yadE_predicted,0.037037037037037035,26,26,GATATTTGAACGCACCCGTC,0,4170902
yadE_predicted,0.037037037037037035,26,26,GAGGCTGACAGTTGGAGCTA,0,4170225
yadE_predicted,0.037037037037037035,26,26,GAGGATAGGGAAAAGAGTTC,0,4203297
yadE_predicted,0.037037037037037035,26,26,GAGACGACACCACTGATCCT,0,4204297
yadE_predicted,0.037037037037037035,26,26,GACTGCAGTCCGACCTCAGT,0,4196755
yadE_predicted,0.037037037037037035,26,26,GACACACAATGATGTCACAA,0,4187770
yadE_predicted,0.037037037037037035,26,26,GAATTCAGCCCGTGTGCCTA,0,4208900
yadE_predicted,0.037037037037037035,26,26,GAAATGAGCTAGTGGGAGGA,0,4192862
yadE_predicted,0.037037037037037035,26,26,GAAACCCTCTACGTGTACTG,0,4201027
yadE_predicted,0.037037037037037035,26,26,CTTTTGTCAGAGGTTATGAA,0,4189414
yadE_predicted,0.037037037037037035,26,26,CTTGTAAGGGTAGTGAACGT,0,4231848
yadE_predicted,0.037037037037037035,26,26,CTTAGATGTTTCACACACTA,0,4201386
yadE_predicted,0.037037037037037035,26,26,CTGGACACTACGTTGGTTTA,0,4230299
yadE_predicted,0.037037037037037035,26,26,CTGCGTCAATACTGCATTTT,0,4176739
yadE_predicted,0.037037037037037035,26,26,CTCAACTGCAGCGGGGGCAT,0,4171189
yadE_predicted,0.037037037037037035,26,26,CTAACGCAAGTGATGTCGTT,0,4185316
yadE_predicted,0.037037037037037035,26,26,CGTTTCGTAAATTATAAGCC,0,4177496
yadE_predicted,0.037037037037037035,26,26,CGTGTAATTGTTATGGATCA,0,4232986
yadE_predicted,0.037037037037037035,26,26,CGGGGTATCGGCTGTACCGA,0,4186630
yadE_predicted,0.037037037037037035,26,26,CGGACCAAAGTCACGATCGC,0,4221995
yadE_predicted,0.037037037037037035,26,26,CGCTAGCGACGCTGTAGTCT,0,4211565
yadE_predicted,0.037037037037037035,26,26,CGCCCCAGATCAGTAGACGC,0,4216559
yadE_predicted,0.037037037037037035,26,26,CGATAGAGCGACATGAGGCA,0,4169254
yadE_predicted,0.037037037037037035,26,26,CGAATCTCAGTCGTGGGGTG,0,4209810
yadE_predicted,0.037037037037037035,26,26,CGAAGGTCAGAGCAACTTGA,0,4230204
yadE_predicted,0.037037037037037035,26,26,CCTTCGTGCTGTGACTTCAC,0,4178058
yadE_predicted,0.037037037037037035,26,26,CCTTAGCATTAGGGGAAAAA,0,4220713
yadE_predicted,0.037037037037037035,26,26,CCTGCAATGGAGATGCATAG,0,4236592
yadE_predicted,0.037037037037037035,26,26,CCTCGAAAAAGCGGACTTCC,0,4201279
yadE_predicted,0.037037037037037035,26,26,CCTCCTTCCCTCTAGAGTGA,0,4225507
yadE_predicted,0.037037037037037035,26,26,CCTAATCAATTGGTCTCCGT,0,4221788
yadE_predicted,0.037037037037037035,26,26,CCGTCTGTCAAGCACAAATC,0,4204283
yadE_predicted,0.037037037037037035,26,26,CCGGGCTTACTCAGCCCCCA,0,4204561
yadE_predicted,0.037037037037037035,26,26,CCCTGTTAGCAGCCGTGAGT,0,4200722
yadE_predicted,0.037037037037037035,26,26,CCCTGTGGCAGTTGCAGGCG,0,4228044
yadE_predicted,0.037037037037037035,26,26,CCATCAAATATTACACATTA,0,4233291
yadE_predicted,0.037037037037037035,26,26,CATTGAGGCCCCGTCACAGT,0,4183850
yadE_predicted,0.037037037037037035,26,26,CATGAGCTGATCAATGGAGG,0,4174110
yadE_predicted,0.037037037037037035,26,26,CAGTTTCCTAGTGGGCCAGT,0,4208523
yadE_predicted,0.037037037037037035,26,26,CAGTGCACGCCGAACCACGA,0,4215653
yadE_predicted,0.037037037037037035,26,26,CACTGCGCAGCTAAGGAAAC,0,4232212
yadE_predicted,0.037037037037037035,26,26,CACTGCACGACTAGGATCAA,0,4208205
yadE_predicted,0.037037037037037035,26,26,CACCGTTAACAAACATTCTA,0,4216540
yadE_predicted,0.037037037037037035,26,26,ATTGCTGATTGTGGTTCTAA,0,4223853
yadE_predicted,0.037037037037037035,26,26,ATGTCGCCGTGATAACTCGA,0,4223343
yadE_predicted,0.037037037037037035,26,26,ATGGGGCCTAAGGTTTGTAA,0,4169425
yadE_predicted,0.037037037037037035,26,26,ATACACTGGGTCAGTCTCAG,0,4223936
yadE_predicted,0.037037037037037035,26,26,ATAATACCGACCCATCCAAA,0,4185307
yadE_predicted,0.037037037037037035,26,26,AGTTCCAATTTCGAGGGATT,0,4186619
yadE_predicted,0.037037037037037035,26,26,AGTGGAAACGGGAAGTACGT,0,4178573
yadE_predicted,0.037037037037037035,26,26,AGTCCACTTAGACCTACTAA,0,4180645
yadE_predicted,0.037037037037037035,26,26,AGGTGGGCGCTTATCGCCCA,0,4162072
yadE_predicted,0.037037037037037035,26,26,AGGTCTCCGTATCAGAGGGT,0,4176822
yadE_predicted,0.037037037037037035,26,26,AGGCGAGAGCCACCTGGGAT,0,4189404
yadE_predicted,0.037037037037037035,26,26,AGGATCACAAACTTCCAAAG,0,4196550
yadE_predicted,0.037037037037037035,26,26,AGCTTGTGGATAATTGCCGC,0,4188208
yadE_predicted,0.037037037037037035,26,26,AGCGTTTTAATGCGCAGTTA,0,4177258
yadE_predicted,0.037037037037037035,26,26,AGCGGATTTACCTTGCTCCA,0,4209719
yadE_predicted,0.037037037037037035,26,26,AGCACTGCACTTTAGCCATT,0,4174134
yadE_predicted,0.037037037037037035,26,26,AGAGATTTAAGGCTATGGAA,0,4169432
yadE_predicted,0.037037037037037035,26,26,AGAAGTCACGACTGTCCTAA,0,4162836
yadE_predicted,0.037037037037037035,26,26,ACTCCGAGAGACATAAGGGA,0,4183318
yadE_predicted,0.037037037037037035,26,26,ACTATACACGAATTCCTGAT,0,4206019
yadE_predicted,0.037037037037037035,26,26,ACGTTTTCCCGACAGCAGGA,0,4159708
yadE_predicted,0.037037037037037035,26,26,ACGGTCAAAAAAGCTCTCGC,0,4203932
yadE_predicted,0.037037037037037035,26,26,ACGGGCGAAGCTGATTGGTG,0,4180850
yadE_predicted,0.037037037037037035,26,26,ACGGCTCATTAGCCCAGGTA,0,4176865
yadE_predicted,0.037037037037037035,26,26,ACCGCTGGATTTAGGCCTTT,0,4227984
yadE_predicted,0.037037037037037035,26,26,ACAGGTGCGCTCTGGAATAG,0,4224317
yadE_predicted,0.037037037037037035,26,26,ACAGCTTCCGCGGATTTCTA,0,4224291
yadE_predicted,0.037037037037037035,26,26,ACAGAGACACTCGAATGAAA,0,4218235
yadE_predicted,0.037037037037037035,26,26,ACAACGAATTAGGGTTGGCT,0,4185196
yadE_predicted,0.037037037037037035,26,26,AATTGCATCCTGGCAGTAAT,0,4187289
yadE_predicted,0.037037037037037035,26,26,AATTGACAACTTTGGCTCCA,0,4179479
yadE_predicted,0.037037037037037035,26,26,AAGTCCGGCAATACCGCCTA,0,4214867
yadE_predicted,0.037037037037037035,26,26,AAGGCAGTCCACTGCTTTCC,0,4159461
yadE_predicted,0.037037037037037035,26,26,AAGGATCCGTGACTGCTTCG,0,4184118
yadE_predicted,0.037037037037037035,26,26,AACAGGGAGATCAACTGACA,0,4204353
yadE_predicted,0.037037037037037035,26,26,AAACGACAATGCGCATGTAC,0,4175675
yadE_predicted,0.037037037037037035,26,26,AAAACGCAACAAGCATATGC,0,4238965
yadE_predicted,0.038461538461538464,25,25,TTTTGACGACAACTCCGGGA,0,4176960
yadE_predicted,0.038461538461538464,25,25,TTTCTCGGTAGCAATCTTAT,0,4168964
yadE_predicted,0.038461538461538464,25,25,TTGTACGCGTAGACACTCTT,0,4224304
yadE_predicted,0.038461538461538464,25,25,TTGCCTCCATCACATGAGTG,0,4218315
yadE_predicted,0.038461538461538464,25,25,TTGAACGATCAGCAAGGAGA,0,4173578
yadE_predicted,0.038461538461538464,25,25,TTCTTTAGTACTAACTCCCC,0,4234754
yadE_predicted,0.038461538461538464,25,25,TTCTCCAGCCCAAGACATGG,0,4194501
yadE_predicted,0.038461538461538464,25,25,TTCCCGCTTGGCTTGTGGGT,0,4218788
yadE_predicted,0.038461538461538464,25,25,TTCCCAAGGGTCTTCCGTGA,0,4172378
yadE_predicted,0.038461538461538464,25,25,TTCAGTTTGCGGCTTCGTTT,0,4184666
yadE_predicted,0.038461538461538464,25,25,TTCAGACTACGCCGGCACTG,0,4186351
yadE_predicted,0.038461538461538464,25,25,TGTGGTAGGTATGCCATGAT,0,4227190
yadE_predicted,0.038461538461538464,25,25,TGGTGGGGGTCTAGCGGGAG,0,4209289
yadE_predicted,0.038461538461538464,25,25,TGGGGTAGAATACCGCGGCC,0,4190357
yadE_predicted,0.038461538461538464,25,25,TGATGGGATTCACTAATGAT,0,4225501
yadE_predicted,0.038461538461538464,25,25,TGACGCGTCCAAGAGTGCTA,0,4176989
yadE_predicted,0.038461538461538464,25,25,TGAAGAGATTGGCTGGCCAA,0,4218952
yadE_predicted,0.038461538461538464,25,25,TCTTATACTGTTGCCATGGC,0,4181396
yadE_predicted,0.038461538461538464,25,25,TCTGGGCTAAACGATTGAAT,0,4167722
yadE_predicted,0.038461538461538464,25,25,TCTGGCTTAGGCTCAAATGA,0,4189254
yadE_predicted,0.038461538461538464,25,25,TCGTACGTGTAGTTTCCGCA,0,4200720
yadE_predicted,0.038461538461538464,25,25,TCGCGACGTGCCTATCGCGT,0,4227656
yadE_predicted,0.038461538461538464,25,25,TCAAACGTAAACTTTAAGTA,0,4172976
yadE_predicted,0.038461538461538464,25,25,TATGGAATTGCTGTCGCCGG,0,4169135
yadE_predicted,0.038461538461538464,25,25,TAGCCATGAGCCCCGCATCA,0,4186552
yadE_predicted,0.038461538461538464,25,25,TAGCCATCTTGTATTTCAAA,0,4220585
yadE_predicted,0.038461538461538464,25,25,TAGAGAACGTACTGCTTTGC,0,4170738
yadE_predicted,0.038461538461538464,25,25,TACAAGTTATCGTAATAAGT,0,4184953
yadE_predicted,0.038461538461538464,25,25,TAAGTCTGAAGTGTTAATAA,0,4187488
yadE_predicted,0.038461538461538464,25,25,GTTGAGGTTTTCTCCGTTAG,0,4182247
yadE_predicted,0.038461538461538464,25,25,GTTATACGGCCTGTATCTGA,0,4189968
yadE_predicted,0.038461538461538464,25,25,GTAGCGATCCAGCACGCGCG,0,4176615
yadE_predicted,0.038461538461538464,25,25,GGGGTAAACGGACGGCATCT,0,4220040
yadE_predicted,0.038461538461538464,25,25,GGGCGCGCGCACTGATAGAC,0,4234991
yadE_predicted,0.038461538461538464,25,25,GGCAGTTCTAGGTGCGGTAG,0,4196725
yadE_predicted,0.038461538461538464,25,25,GGCAGGCCTCTAAAACGCCT,0,4196563
yadE_predicted,0.038461538461538464,25,25,GGCAAGGGATGTGGGAACAA,0,4183206
yadE_predicted,0.038461538461538464,25,25,GGAAATGAGGCGGTCCAGGT,0,4191198
yadE_predicted,0.038461538461538464,25,25,GCTTGTACGTACAATAGGTC,0,4224719
yadE_predicted,0.038461538461538464,25,25,GCGTTAATTCGTAGGAAGTC,0,4208337
yadE_predicted,0.038461538461538464,25,25,GCGTGCACTACATTGGACCC,0,4211216
yadE_predicted,0.038461538461538464,25,25,GCGCGAAAGCGAAGGGGTTA,0,4239818
yadE_predicted,0.038461538461538464,25,25,GCGCCCCGACGCAGGGGCAT,0,4160070
yadE_predicted,0.038461538461538464,25,25,GCGCAGTGCACTGTCCGCCT,0,4218462
yadE_predicted,0.038461538461538464,25,25,GCGAAGATTCGGATCGCATC,0,4206732
yadE_predicted,0.038461538461538464,25,25,GCCCCCGCCACGAACGGCAT,0,4238567
yadE_predicted,0.038461538461538464,25,25,GCCACTAACCTGAGACGAGC,0,4192663
yadE_predicted,0.038461538461538464,25,25,GCATATGACTACCCTCGACC,0,4209337
yadE_predicted,0.038461538461538464,25,25,GCAACTATTGAAATCCCATG,0,4225668
yadE_predicted,0.038461538461538464,25,25,GATATCGTCGTCTACAGCAT,0,4196180
yadE_predicted,0.038461538461538464,25,25,GATACCCCCGGGTTCAGTAG,0,4233896
yadE_predicted,0.038461538461538464,25,25,GACTCCGTCAATTCCACTGT,0,4208684
yadE_predicted,0.038461538461538464,25,25,GACATCCCATAGTTGGCTGA,0,4186347
yadE_predicted,0.038461538461538464,25,25,CTGTAGCCCGTGGCCACGAT,0,4237721
yadE_predicted,0.038461538461538464,25,25,CTGCGGCGGACTGTTCCGAC,0,4205205
yadE_predicted,0.038461538461538464,25,25,CTGAAGAAGCGCTTATCACA,0,4170148
yadE_predicted,0.038461538461538464,25,25,CTCGCTAGGCTTTACTACGG,0,4228468
yadE_predicted,0.038461538461538464,25,25,CTCCGCATATCCACTGACCA,0,4173821
yadE_predicted,0.038461538461538464,25,25,CTCATAGTGTGCCATTCACC,0,4225191
yadE_predicted,0.038461538461538464,25,25,CTATCCCCTGGCAGATCCGC,0,4167851
yadE_predicted,0.038461538461538464,25,25,CTAATTAAAAACACAGATAG,0,4226800
yadE_predicted,0.038461538461538464,25,25,CGTGTTGTATTATCTTATTT,0,4187802
yadE_predicted,0.038461538461538464,25,25,CGGCTTACTAGCATGGCTGA,0,4196245
yadE_predicted,0.038461538461538464,25,25,CGGATTGTTGTTTAATTTAG,0,4233332
yadE_predicted,0.038461538461538464,25,25,CGGAAGGGGTGGAGTCGGCA,0,4172606
yadE_predicted,0.038461538461538464,25,25,CGCGGAACGTTGGTACTCGT,0,4215302
yadE_predicted,0.038461538461538464,25,25,CGCCTATCGTATCAGGCTAT,0,4228055
yadE_predicted,0.038461538461538464,25,25,CCGTCGTAGTTTTTAGGCAG,0,4204046
yadE_predicted,0.038461538461538464,25,25,CCGTAGTTCCCGGGCTCAAC,0,4162387
yadE_predicted,0.038461538461538464,25,25,CCGTAGTAGGGCTAATGCCT,0,4214002
yadE_predicted,0.038461538461538464,25,25,CCGTAAGGTACAACCACAGG,0,4192827
yadE_predicted,0.038461538461538464,25,25,CCGGGTTTAAAATGTCACAC,0,4213075
yadE_predicted,0.038461538461538464,25,25,CCGGGCGTTGCCAGATGTCA,0,4189533
yadE_predicted,0.038461538461538464,25,25,CCGGGAGGGCATTCCGGGTA,0,4203467
yadE_predicted,0.038461538461538464,25,25,CCCCAGGAGGAAGTTGTGTG,0,4228743
yadE_predicted,0.038461538461538464,25,25,CCCAAGTCGTAGCTGCAAGC,0,4208876
yadE_predicted,0.038461538461538464,25,25,CCACAGAACCTAGTGGTATC,0,4161712
yadE_predicted,0.038461538461538464,25,25,CCAAGACGGCCGAGATTGTT,0,4179271
yadE_predicted,0.038461538461538464,25,25,CATTCCGCGTTGATGGAAAG,0,4220076
yadE_predicted,0.038461538461538464,25,25,CATACACTCCGTATCAACAG,0,4206794
yadE_predicted,0.038461538461538464,25,25,CAGGTCATTCCTAGCAAACA,0,4215372
yadE_predicted,0.038461538461538464,25,25,CAGGGGTTGGCTCGAGCTAA,0,4176181
yadE_predicted,0.038461538461538464,25,25,CAGGCGCCGTACGTTTGGGA,0,4159521
yadE_predicted,0.038461538461538464,25,25,CAGGCCAGGCGCCTAAGATT,0,4240505
yadE_predicted,0.038461538461538464,25,25,CACCACACTCAACTCTGATC,0,4208584
yadE_predicted,0.038461538461538464,25,25,CACATATTTTCTGATTCTGA,0,4162385
yadE_predicted,0.038461538461538464,25,25,CACAACAATTTAAAGAAGTA,0,4200001
yadE_predicted,0.038461538461538464,25,25,CAACAGCCGGTGATTATCGT,0,4222271
yadE_predicted,0.038461538461538464,25,25,CAAATGCGGCAAAATTAAGG,0,4163769
yadE_predicted,0.038461538461538464,25,25,CAAATAGGGTTCCGACCTTA,0,4162303
yadE_predicted,0.038461538461538464,25,25,CAAACCTAGCCCGTTCGCCA,0,4187386
yadE_predicted,0.038461538461538464,25,25,ATTGCTGGCTGCCATCCCTC,0,4218659
yadE_predicted,0.038461538461538464,25,25,ATTCAAGAATGATGCCCGGT,0,4208422
yadE_predicted,0.038461538461538464,25,25,ATGCATGGTCAGGAATCATT,0,4202380
yadE_predicted,0.038461538461538464,25,25,ATCGCTTGTTGGGCATGGAC,0,4211113
yadE_predicted,0.038461538461538464,25,25,ATCGCGTTGAGATCAGACGG,0,4202575
yadE_predicted,0.038461538461538464,25,25,ATCACCCCCATGAAAGTCGT,0,4194456
yadE_predicted,0.038461538461538464,25,25,ATAGATTTCCATTTTATCCT,0,4215436
yadE_predicted,0.038461538461538464,25,25,AGTTGAAAAATCGGTGACGA,0,4233997
yadE_predicted,0.038461538461538464,25,25,AGTGGGACAGGACTACCGCA,0,4172222
yadE_predicted,0.038461538461538464,25,25,AGGGATTGAAATCAAGAAGA,0,4179776
yadE_predicted,0.038461538461538464,25,25,AGCCGGTAGATCAAGCGTTT,0,4184134
yadE_predicted,0.038461538461538464,25,25,AGCAAGACGCGTATTGTGGA,0,4167243
yadE_predicted,0.038461538461538464,25,25,AGACTCTCCGCTAGCTCCTG,0,4191074
yadE_predicted,0.038461538461538464,25,25,ACTGCAAAGTAGTGATGGAG,0,4191842
yadE_predicted,0.038461538461538464,25,25,ACTCACGCCGTCTACTTGCG,0,4226772
yadE_predicted,0.038461538461538464,25,25,ACTACCCTTTCGCATCAAAT,0,4199138
yadE_predicted,0.038461538461538464,25,25,ACTACAGTGCATTTCATCAT,0,4228748
yadE_predicted,0.038461538461538464,25,25,ACGAACCGGTGTGCGGCCTG,0,4172066
yadE_predicted,0.038461538461538464,25,25,ACCATGCAATGCCCGATCAA,0,4173562
yadE_predicted,0.038461538461538464,25,25,ACCAGGCTCCAAGTGACGCT,0,4199469
yadE_predicted,0.038461538461538464,25,25,ACAGGGGCCGGTTACGTGGA,0,4163053
yadE_predicted,0.038461538461538464,25,25,ACAGGGCGCGGATTCAAAGG,0,4162641
yadE_predicted,0.038461538461538464,25,25,ACAGCACGCAACACGTCTGT,0,4218019
yadE_predicted,0.038461538461538464,25,25,AATTTGATCGACCGTACTCT,0,4236076
yadE_predicted,0.038461538461538464,25,25,AAGTTATAAGGGTTTCAGGT,0,4194291
yadE_predicted,0.038461538461538464,25,25,AAGGTCGGTGATGTCGTGCT,0,4170891
yadE_predicted,0.038461538461538464,25,25,AAATCCCTGGGCGTCCTTTC,0,4234282
yadE_predicted,0.038461538461538464,25,25,AAATCCCATGATTGAACGTC,0,4168261
yadE_predicted,0.038461538461538464,25,25,AAATACAGGATGTCAAATAA,0,4191975
yadE_predicted,0.04,24,24,TTTTGCCAGTCAAATAAATT,0,4163437
yadE_predicted,0.04,24,24,TTTCTGGTCCCCTAACTTTG,0,4186840
yadE_predicted,0.04,24,24,TTTCCTATGGCCGGATGTGA,0,4180211
yadE_predicted,0.04,24,24,TTTACAGGGTTACTAGAGGG,0,4217090
yadE_predicted,0.04,24,24,TTCTGGGCTCTGCACGAGTG,0,4213700
yadE_predicted,0.04,24,24,TTCTACTATGCTCTAGAGGA,0,4239822
yadE_predicted,0.04,24,24,TTCATCCTCTGGCACGTTTA,0,4222019
yadE_predicted,0.04,24,24,TTAGCGGGAAAGTCCCTTTA,0,4222579
yadE_predicted,0.04,24,24,TTACGAGCTAGAGAATGCGA,0,4177921
yadE_predicted,0.04,24,24,TTAAACCCGGCATGGTGGGA,0,4230331
yadE_predicted,0.04,24,24,TGTTCGATTTAGATGTCCAC,0,4189038
yadE_predicted,0.04,24,24,TGTGTCAGGACCGGCCCCGT,0,4184858
yadE_predicted,0.04,24,24,TGTGACACATGCTCGGCGTG,0,4207922
yadE_predicted,0.04,24,24,TGTAGTTTAATGGGGAAGAA,0,4182697
yadE_predicted,0.04,24,24,TGGTTTCTGAACGGGATCGG,0,4224323
yadE_predicted,0.04,24,24,TGGTATGTCTAAGGAGCAGG,0,4186928
yadE_predicted,0.04,24,24,TGGTACAAGTGGCGGGGAGT,0,4217527
yadE_predicted,0.04,24,24,TGGCGGCAAGACGCACAACG,0,4200645
yadE_predicted,0.04,24,24,TGGCAAGTTGATGACAATGA,0,4228299
yadE_predicted,0.04,24,24,TGGAGATCAAAACGCTCTCA,0,4209279
yadE_predicted,0.04,24,24,TGCTCACTACGCGTGCGTCG,0,4228603
yadE_predicted,0.04,24,24,TGCGGGACCACACCGCTGTG,0,4194556
yadE_predicted,0.04,24,24,TGCCGAGGCAAAAGTCTTTC,0,4201836
yadE_predicted,0.04,24,24,TGCCAGTGGATCCCGCCCTG,0,4160586
yadE_predicted,0.04,24,24,TGACTAGAGAGGATGTGTAC,0,4175758
yadE_predicted,0.04,24,24,TGAACCGCAATCTTTTGGCC,0,4179829
yadE_predicted,0.04,24,24,TCTGGCTTGGCGAGGTATCG,0,4192636
yadE_predicted,0.04,24,24,TCGGGCAGGACTTAAAAGTG,0,4228658
yadE_predicted,0.04,24,24,TCGCTTAGCGGATGGGTCGT,0,4184457
yadE_predicted,0.04,24,24,TCGCGATTACTTTGGTAGAT,0,4208474
yadE_predicted,0.04,24,24,TCAGGACGCTTTTATCGCTA,0,4212120
yadE_predicted,0.04,24,24,TCAATTTCGGCAGGCCGAGA,0,4201454
yadE_predicted,0.04,24,24,TATTCGTTTGCGGGGCCTTG,0,4222396
yadE_predicted,0.04,24,24,TATCCGACACCCCTTCGGAT,0,4196815
yadE_predicted,0.04,24,24,TATAAGCAACCGTACCAAAA,0,4186248
yadE_predicted,0.04,24,24,TAGGATGGAGTAGACTCAGC,0,4205629
yadE_predicted,0.04,24,24,TAGCACGGGCGTCCAATTAA,0,4222204
yadE_predicted,0.04,24,24,TACTACGCGTGCGAGGCGTG,0,4184070
yadE_predicted,0.04,24,24,TACCGTAAGAAAGGCGGTTT,0,4194060
yadE_predicted,0.04,24,24,TACAAGCGAGTTCGCGCGCC,0,4230303
yadE_predicted,0.04,24,24,TAAGGTCCGTTCGTCTACCC,0,4210949
yadE_predicted,0.04,24,24,TAAATGAGGGTCCACAACCT,0,4202545
yadE_predicted,0.04,24,24,GTTCTGGATATTCACTAATA,0,4162055
yadE_predicted,0.04,24,24,GTTCGAGTGAAATGTCACTG,0,4160723
yadE_predicted,0.04,24,24,GTTCCAAGAAAGATTCGTGT,0,4239337
yadE_predicted,0.04,24,24,GTTAGGTAATACTGTTCAGC,0,4167892
yadE_predicted,0.04,24,24,GTGCAAATATTTTGCATCAG,0,4207530
yadE_predicted,0.04,24,24,GTCGGTCTCTATCATAAACC,0,4187921
yadE_predicted,0.04,24,24,GTCGATCATTGGGCAAGGTA,0,4190321
yadE_predicted,0.04,24,24,GTCCATGTCAGGATCCTTTT,0,4168968
yadE_predicted,0.04,24,24,GTCATCATGTGGCTTCTTAT,0,4219380
yadE_predicted,0.04,24,24,GTATGCTTAAATCAGTGGAT,0,4234649
yadE_predicted,0.04,24,24,GTAACACCAGTGGAAAGGTC,0,4215138
yadE_predicted,0.04,24,24,GGTTGCCAATTCCACTACGG,0,4202157
yadE_predicted,0.04,24,24,GGTTAACTAAGGGTTAAAAG,0,4200735
yadE_predicted,0.04,24,24,GGTGCGTACCCAGGGACTTT,0,4217615
yadE_predicted,0.04,24,24,GGTAATAGATTCACCACGGT,0,4161178
yadE_predicted,0.04,24,24,GGTAAGCTTATTTGGCGTCC,0,4166793
yadE_predicted,0.04,24,24,GGGGAGTGCTGTACAATAGC,0,4161619
yadE_predicted,0.04,24,24,GGCGGTTAACTGTTCGTTTA,0,4235767
yadE_predicted,0.04,24,24,GGCATCAGTATAATGTCTAT,0,4178248
yadE_predicted,0.04,24,24,GGCAGCACAACTCAATAATA,0,4222832
yadE_predicted,0.04,24,24,GGAGATCAATGATTGTTGTG,0,4223149
yadE_predicted,0.04,24,24,GGACAAGAGCTTAATCTCAT,0,4164052
yadE_predicted,0.04,24,24,GGAACGCGGGACCCAATCCT,0,4191035
yadE_predicted,0.04,24,24,GGAAAACATTGATTAAATCA,0,4221246
yadE_predicted,0.04,24,24,GCTTTACGGTCAAGGCGTTG,0,4238276
yadE_predicted,0.04,24,24,GCTGAAGGACTCGTGCGACT,0,4171541
yadE_predicted,0.04,24,24,GCTACGTCCCTAGCACTTAT,0,4194475
yadE_predicted,0.04,24,24,GCGTTTAAACAGAGGCGCTA,0,4180515
yadE_predicted,0.04,24,24,GCGGAACTTGTACCATTTAA,0,4163897
yadE_predicted,0.04,24,24,GCCGTACGTCACTTTACCAC,0,4219405
yadE_predicted,0.04,24,24,GCCCAGTTCGACCTAATCGG,0,4216153
yadE_predicted,0.04,24,24,GCATGGCATCAACGCGGGAA,0,4185205
yadE_predicted,0.04,24,24,GCAGGTACAGCAGAATGAGG,0,4174109
yadE_predicted,0.04,24,24,GCACTTCGGGAAAGCGGGAT,0,4196117
yadE_predicted,0.04,24,24,GATTGAAGACGATCTTACCA,0,4236949
yadE_predicted,0.04,24,24,GATGCGCCAATAGACGCATC,0,4202842
yadE_predicted,0.04,24,24,GACGGGTTACTGCGGCTTAG,0,4162145
yadE_predicted,0.04,24,24,GACGCGATCACAAGCTAAGG,0,4187646
yadE_predicted,0.04,24,24,GACACAAAAGTATATAGTTG,0,4174461
yadE_predicted,0.04,24,24,GAATTGTCGAGACCCGAAGT,0,4190168
yadE_predicted,0.04,24,24,GAATCGGGATTGAACTAACC,0,4212820
yadE_predicted,0.04,24,24,GAACTGGCGCTTCTAGAATC,0,4178701
yadE_predicted,0.04,24,24,GAACGCCGAAACGAATAAGT,0,4189003
yadE_predicted,0.04,24,24,CTGTAAACTGGGGCTCTACG,0,4237412
yadE_predicted,0.04,24,24,CTCTAACCGCCTCTTTCACA,0,4198881
yadE_predicted,0.04,24,24,CTATGAAAAGGGTCAAGATG,0,4238208
yadE_predicted,0.04,24,24,CTAGTCTGACACGTGCCAGG,0,4221701
yadE_predicted,0.04,24,24,CTAGGGCGGTTCCCTTTTAT,0,4204468
yadE_predicted,0.04,24,24,CTAACTTCCCAGGGTGCCCT,0,4215635
yadE_predicted,0.04,24,24,CTAACATACGGCTCGATGTG,0,4205494
yadE_predicted,0.04,24,24,CTAAACAACAATCTTGCGAT,0,4209078
yadE_predicted,0.04,24,24,CGTTGGAATCACTTCAGCCT,0,4239291
yadE_predicted,0.04,24,24,CGTCTCACATAGCTCCTTCT,0,4194497
yadE_predicted,0.04,24,24,CGGTTTTAAGCCTTCCATAT,0,4232883
yadE_predicted,0.04,24,24,CGGTTCGGCGGCATGACGGT,0,4192500
yadE_predicted,0.04,24,24,CGGCAGATTATCCAGCGTAT,0,4162199
yadE_predicted,0.04,24,24,CGCTTGACCAATGATTAATT,0,4174515
yadE_predicted,0.04,24,24,CGCTCCAAAACGCACCGGGA,0,4192903
yadE_predicted,0.04,24,24,CGCATAACGATATGTAAAGC,0,4196630
yadE_predicted,0.04,24,24,CGCAGCTTGCGGTTATCTAT,0,4201446
yadE_predicted,0.04,24,24,CGATCCTTATGTCAACGCAA,0,4205383
yadE_predicted,0.04,24,24,CGAGAGTACACATGTCACAT,0,4238304
yadE_predicted,0.04,24,24,CGACCATTACTGTGCTCATC,0,4178642
yadE_predicted,0.04,24,24,CCTTGAGGATAGCCACAGCT,0,4231047
yadE_predicted,0.04,24,24,CCTGGCAGTAAATCAGGGCG,0,4193695
yadE_predicted,0.04,24,24,CCGGACGCACATTATTATGT,0,4167868
yadE_predicted,0.04,24,24,CCCGGCAAGCGCGCACGACT,0,4231778
yadE_predicted,0.04,24,24,CCCGACTCGCATCACAGGAA,0,4167966
yadE_predicted,0.04,24,24,CCCCGCTATCACCTATATTT,0,4161556
yadE_predicted,0.04,24,24,CCCAGCTTCCCCACCGAGCT,0,4240053
yadE_predicted,0.04,24,24,CCCAATTTCGGCCTCGTTGA,0,4232474
yadE_predicted,0.04,24,24,CCATCCCTTTGGGCTGGGAT,0,4186190
yadE_predicted,0.04,24,24,CCATACTGTAGCGGGCAATG,0,4162400
yadE_predicted,0.04,24,24,CCAGGAGTCACTTTCAATGA,0,4216608
yadE_predicted,0.04,24,24,CCAGCTCAAAGATCGACAGT,0,4208990
yadE_predicted,0.04,24,24,CCAGCCAAAGCGCAGTTTCA,0,4224655
yadE_predicted,0.04,24,24,CCAGCAATACATGGGCATTA,0,4199992
yadE_predicted,0.04,24,24,CCAATTCCCGACATATGCAA,0,4164530
yadE_predicted,0.04,24,24,CCAAATCATCAGCCTGAGTT,0,4170597
yadE_predicted,0.04,24,24,CATGGTAGTGCGATGTGCCT,0,4167385
yadE_predicted,0.04,24,24,CATGGGGACTGTACAGGCAA,0,4224879
yadE_predicted,0.04,24,24,CATGGAACAGCCTGAATCTG,0,4232559
yadE_predicted,0.04,24,24,CATGATACAACTTTTGTATG,0,4185326
yadE_predicted,0.04,24,24,CATCGGTATATCAATACGGA,0,4239474
yadE_predicted,0.04,24,24,CATCGCTGTTAGACTAGATT,0,4204108
yadE_predicted,0.04,24,24,CATCCTGACATGGACGACAG,0,4190839
yadE_predicted,0.04,24,24,CATCCGCGGTCTATCTTGTT,0,4224613
yadE_predicted,0.04,24,24,CATCATTACGTGCAGACGTG,0,4183421
yadE_predicted,0.04,24,24,CATCATAGACAGACGGAGGA,0,4232276
yadE_predicted,0.04,24,24,CATCAAGAGACCCGAGAATG,0,4165169
yadE_predicted,0.04,24,24,CATATCGGGATGTTGGTACT,0,4192058
yadE_predicted,0.04,24,24,CAGTTAGCACGGGTCCTAGT,0,4208012
yadE_predicted,0.04,24,24,CAGTCCATGTGATGTTTTGA,0,4159953
yadE_predicted,0.04,24,24,CAGATTTCGGAACCTTTAAG,0,4188012
yadE_predicted,0.04,24,24,CAGAGGGCGGCCAATTATAA,0,4159887
yadE_predicted,0.04,24,24,CACTAGACTGAGGTGGAGAT,0,4213158
yadE_predicted,0.04,24,24,CACAGGCCCACTTATATTAG,0,4186114
yadE_predicted,0.04,24,24,CAAGGAGAGCGCGTTGAGTT,0,4180984
yadE_predicted,0.04,24,24,CAACTGGCGGATCGCAATTA,0,4171730
yadE_predicted,0.04,24,24,ATTTGTGGTATATCGAGCTT,0,4224834
yadE_predicted,0.04,24,24,ATTGGTTCGCCCCCGACGGA,0,4193387
yadE_predicted,0.04,24,24,ATTGAGGGACTCGTGGGCCT,0,4222125
yadE_predicted,0.04,24,24,ATTCGCGAGGACGATTCTGT,0,4225790
yadE_predicted,0.04,24,24,ATTCGCAGGATAGTTGCTCA,0,4210517
yadE_predicted,0.04,24,24,ATGGCTCGGAGTAGACGTTG,0,4208901
yadE_predicted,0.04,24,24,ATGGCACTCGCGTTAACAGT,0,4174935
yadE_predicted,0.04,24,24,ATGCAGCGAGCTCATTAGTC,0,4206670
yadE_predicted,0.04,24,24,ATGAATCGAAAGCTATGGAA,0,4202892
yadE_predicted,0.04,24,24,ATGAAGCCAGACTTTTCGGT,0,4184881
yadE_predicted,0.04,24,24,ATCGATTCCATCAGCTGAAT,0,4188102
yadE_predicted,0.04,24,24,ATCACGGCACGTACTTAGCA,0,4192038
yadE_predicted,0.04,24,24,ATAGAGCGGCAGTACGAACT,0,4169907
yadE_predicted,0.04,24,24,ATACTGTACAGTTGCACTCT,0,4225516
yadE_predicted,0.04,24,24,ATACGCCCGCAGACTTTTGG,0,4162841
yadE_predicted,0.04,24,24,AGTCTAAGTCTGTCGTGAGA,0,4234253
yadE_predicted,0.04,24,24,AGGTATCACGGCAGTGGGAC,0,4241055
yadE_predicted,0.04,24,24,AGGGAGCGCCCTACCTGTAA,0,4186934
yadE_predicted,0.04,24,24,AGAGATGACTTTCATGTGGT,0,4228651
yadE_predicted,0.04,24,24,ACTTGGTCTTGGTACATTTG,0,4183902
yadE_predicted,0.04,24,24,ACTTATCCCCGATCGGTACT,0,4193658
yadE_predicted,0.04,24,24,ACTCGTCACAGCTCGGTCGG,0,4178194
yadE_predicted,0.04,24,24,ACGTTCTGTAGCGTGAACGT,0,4224836
yadE_predicted,0.04,24,24,ACGGGTTGCCTATGAACGCT,0,4236433
yadE_predicted,0.04,24,24,ACGGGAGCACCAGCTCCCAA,0,4185272
yadE_predicted,0.04,24,24,ACGCCCGGCTCCATACACAT,0,4161500
yadE_predicted,0.04,24,24,ACCGCAAGGTGAAACCGCGT,0,4227240
yadE_predicted,0.04,24,24,ACCCGTGACCTAGCCATTCT,0,4186810
yadE_predicted,0.04,24,24,ACATTATGTCGGTCGCTGGT,0,4188599
yadE_predicted,0.04,24,24,ACACGCAATCGTCTTAGTCA,0,4187388
yadE_predicted,0.04,24,24,ACAACTTGGATTTCGAGCGA,0,4199925
yadE_predicted,0.04,24,24,ACAACATGGTGATGGTTCCT,0,4229339
yadE_predicted,0.04,24,24,AATTTACCCACCTTGCAAGT,0,4190059
yadE_predicted,0.04,24,24,AATTGGCCGAAGTGCTCCAA,0,4222119
yadE_predicted,0.04,24,24,AATACTCGGTGAATTGGAAA,0,4201853
yadE_predicted,0.04,24,24,AAGTGAAATTGTAAACAGGT,0,4239357
yadE_predicted,0.04,24,24,AAGAACGCCATGATCCCTAG,0,4181586
yadE_predicted,0.04,24,24,AACCCCTAGGTCGCATGGCT,0,4218502
yadE_predicted,0.04,24,24,AAATGGGCTTGTGGATTCAC,0,4218001
yadE_predicted,0.04,24,24,AAATAGGAAATGGTTAGTGG,0,4199324
yadE_predicted,0.04,24,24,AAATAAAAAAGAAGCTCTGA,0,4168969
yadE_predicted,0.04,24,24,AAAGCAATGCTCATAACTAT,0,4197450
yadE_predicted,0.041666666666666664,23,23,TTTGGCTTGAGCATTCGCAT,0,4165915
yadE_predicted,0.041666666666666664,23,23,TTTGCTAACCATGCTATTTG,0,4219636
yadE_predicted,0.041666666666666664,23,23,TTGTGCCTGCTTGGTTGGAA,0,4161268
yadE_predicted,0.041666666666666664,23,23,TTCTCGAGTCGATTAGGCCT,0,4222766
yadE_predicted,0.041666666666666664,23,23,TTCGCCCCTGTTCGACGGGA,0,4234528
yadE_predicted,0.041666666666666664,23,23,TTCCCGCGGTTGTTATGGAA,0,4172738
yadE_predicted,0.041666666666666664,23,23,TTCAAAAGGAGTAACAAAGA,0,4225426
yadE_predicted,0.041666666666666664,23,23,TTATCAAATGCATGTGCGTA,0,4171349
yadE_predicted,0.041666666666666664,23,23,TGTCTCCTACATGTTTGAAA,0,4200746
yadE_predicted,0.041666666666666664,23,23,TGTCGCCCACAGGAACACCA,0,4171055
yadE_predicted,0.041666666666666664,23,23,TGTCACGCGATCACAGTCAC,0,4236108
yadE_predicted,0.041666666666666664,23,23,TGTACTAAATTTAGTCATAT,0,4194224
yadE_predicted,0.041666666666666664,23,23,TGGGCGACGACTCATATAAG,0,4213210
yadE_predicted,0.041666666666666664,23,23,TGGCATGATTAATGTAATAG,0,4196317
yadE_predicted,0.041666666666666664,23,23,TGCAAGCAACGGGACCAGAT,0,4205262
yadE_predicted,0.041666666666666664,23,23,TGATTGATCCAAATTGGCAA,0,4168721
yadE_predicted,0.041666666666666664,23,23,TCTGATCTCTGACACATAGG,0,4227158
yadE_predicted,0.041666666666666664,23,23,TCTGAGCAAGGACTTTATTT,0,4218570
yadE_predicted,0.041666666666666664,23,23,TCGAGCTCCAGCATTTTCTG,0,4236734
yadE_predicted,0.041666666666666664,23,23,TCCGGAATCGCCATTTTATC,0,4197159
yadE_predicted,0.041666666666666664,23,23,TCCACTTGCAAGCATTGCTC,0,4189019
yadE_predicted,0.041666666666666664,23,23,TCATCGCTTGGGCTCAAGTG,0,4168073
yadE_predicted,0.041666666666666664,23,23,TCAATTATAAGCGGGAACCA,0,4181236
yadE_predicted,0.041666666666666664,23,23,TATTGTACATGCTTGCCAGA,0,4198073
yadE_predicted,0.041666666666666664,23,23,TATTCGGTTCGAAATTGTGT,0,4227159
yadE_predicted,0.041666666666666664,23,23,TATGGTCAAATCTGCTAGGT,0,4169944
yadE_predicted,0.041666666666666664,23,23,TATGCCTAGTGAGTTTGAGG,0,4168421
yadE_predicted,0.041666666666666664,23,23,TAGTCCCTCGGGAAGTTAAT,0,4232491
yadE_predicted,0.041666666666666664,23,23,TACTATCCATTTCGTCCGGT,0,4184853
yadE_predicted,0.041666666666666664,23,23,TACGAAGGCGACGGAAGTCA,0,4239796
yadE_predicted,0.041666666666666664,23,23,TAATTTGCTCTGACTTCCGT,0,4166169
yadE_predicted,0.041666666666666664,23,23,TAACACAGGAAATTCAACGC,0,4170551
yadE_predicted,0.041666666666666664,23,23,GTTCCAATTGATGGTGGGAC,0,4232154
yadE_predicted,0.041666666666666664,23,23,GTGTGATACAGATTACTAAA,0,4210084
yadE_predicted,0.041666666666666664,23,23,GTGTCAGGCGTAACTCTGCG,0,4207645
yadE_predicted,0.041666666666666664,23,23,GTGCGCTTCTATTATAACCA,0,4209805
yadE_predicted,0.041666666666666664,23,23,GTGATCATCTGAAATGAAGT,0,4216220
yadE_predicted,0.041666666666666664,23,23,GTATTCGGGGAACTCCCTTT,0,4215285
yadE_predicted,0.041666666666666664,23,23,GTATCGGAGGCCCCATGTTT,0,4194846
yadE_predicted,0.041666666666666664,23,23,GTAGTTCCTGAGATCAGGTC,0,4160375
yadE_predicted,0.041666666666666664,23,23,GTACCGAACTCGATGAGTGT,0,4227832
yadE_predicted,0.041666666666666664,23,23,GTAATTTATAATGCTCTCGC,0,4220820
yadE_predicted,0.041666666666666664,23,23,GGTCTCCTCTGTTCACGCCC,0,4219650
yadE_predicted,0.041666666666666664,23,23,GGGTGTGCCGAAAGCGCAGA,0,4192142
yadE_predicted,0.041666666666666664,23,23,GGCCACAGGTACAACATGTT,0,4187396
yadE_predicted,0.041666666666666664,23,23,GGCCAACAAGTAACATCGGA,0,4196603
yadE_predicted,0.041666666666666664,23,23,GGCAGGTTTGTGCTTATGTA,0,4179736
yadE_predicted,0.041666666666666664,23,23,GGAGCGGCTTGGACCAGTGT,0,4210117
yadE_predicted,0.041666666666666664,23,23,GCTCCAGGCGTAACCCATAC,0,4161811
yadE_predicted,0.041666666666666664,23,23,GCTATAGACTCGGGCGCTTT,0,4170568
yadE_predicted,0.041666666666666664,23,23,GCTAAATGCTTTGACGATAT,0,4212080
yadE_predicted,0.041666666666666664,23,23,GCGGTGGCAAGGTAAACGCA,0,4163124
yadE_predicted,0.041666666666666664,23,23,GCGGGTTCCTATTTGGCTGC,0,4207400
yadE_predicted,0.041666666666666664,23,23,GCGGGGGCAAGCTGATGTAT,0,4236597
yadE_predicted,0.041666666666666664,23,23,GCCAGATAATCCTTAAGTGA,0,4228533
yadE_predicted,0.041666666666666664,23,23,GCAGTTCTAGGGCACGTCAG,0,4165777
yadE_predicted,0.041666666666666664,23,23,GCAGGAATTTGAGTGCGTGC,0,4181187
yadE_predicted,0.041666666666666664,23,23,GCAGAATGGTTATATAGCGT,0,4176645
yadE_predicted,0.041666666666666664,23,23,GCACGGGAACTGGCGAGGAT,0,4197842
yadE_predicted,0.041666666666666664,23,23,GCAATACCAATATGAATATC,0,4231122
yadE_predicted,0.041666666666666664,23,23,GCAAGATATACGGCAGCTGC,0,4198602
yadE_predicted,0.041666666666666664,23,23,GCAAAGGAGTAATTCAGTCC,0,4198820
yadE_predicted,0.041666666666666664,23,23,GATGAGCATTAATCAAGGGT,0,4177403
yadE_predicted,0.041666666666666664,23,23,GATCCAAGTATATGACATAT,0,4219789
yadE_predicted,0.041666666666666664,23,23,GAGTTGTTTCATGATTTGCA,0,4202585
yadE_predicted,0.041666666666666664,23,23,GAGCACTAGATCAGAATTTT,0,4179968
yadE_predicted,0.041666666666666664,23,23,GACTCGACATTTAGATTTTC,0,4166904
yadE_predicted,0.041666666666666664,23,23,GACCTTAAATCAACAAATCA,0,4187685
yadE_predicted,0.041666666666666664,23,23,GAAGCTCAAGCTTATGCACT,0,4182192
yadE_predicted,0.041666666666666664,23,23,GAAGAAGGTTGACGAGCAGT,0,4232010
yadE_predicted,0.041666666666666664,23,23,GAACCGGCCATGTGTTGCCG,0,4184844
yadE_predicted,0.041666666666666664,23,23,GAAAGTGTTTGCTAGGTTAA,0,4208710
yadE_predicted,0.041666666666666664,23,23,GAAAGTGAGCCCTGCTACGA,0,4162068
yadE_predicted,0.041666666666666664,23,23,CTTCGCTTTTCTCCTGCGGC,0,4181239
yadE_predicted,0.041666666666666664,23,23,CTTATTCAGAATGCGAACTA,0,4165635
yadE_predicted,0.041666666666666664,23,23,CTGACCGTACTCGCGACACA,0,4231633
yadE_predicted,0.041666666666666664,23,23,CTCTGAGCATCTTGTAGGAA,0,4167901
yadE_predicted,0.041666666666666664,23,23,CTCCAGCGACTTAGTAGCCA,0,4191386
yadE_predicted,0.041666666666666664,23,23,CTAGCACTCCAGTCATCAGG,0,4171868
yadE_predicted,0.041666666666666664,23,23,CTACCGGGCGCGAGACTATA,0,4177125
yadE_predicted,0.041666666666666664,23,23,CGTTCATGCCGGAATACTGG,0,4212771
yadE_predicted,0.041666666666666664,23,23,CGTTCAATCTGTTGTTAGCC,0,4211673
yadE_predicted,0.041666666666666664,23,23,CGTGTGGCGTTATTAAAAGC,0,4237289
yadE_predicted,0.041666666666666664,23,23,CGTACAAGCGAATACTCAGT,0,4217857
yadE_predicted,0.041666666666666664,23,23,CGGATGACCTTGCTAGTGGT,0,4185025
yadE_predicted,0.041666666666666664,23,23,CGCTCGAGCTACGGCTGAAG,0,4174964
yadE_predicted,0.041666666666666664,23,23,CGCGTGGGCCTGATCATGAC,0,4195204
yadE_predicted,0.041666666666666664,23,23,CGCGGGATCTTGCTGTTGCA,0,4200952
yadE_predicted,0.041666666666666664,23,23,CGCCGGAGTTGCACGTAATA,0,4209856
yadE_predicted,0.041666666666666664,23,23,CGAGTGAGGTAAATGAGTCA,0,4187741
yadE_predicted,0.041666666666666664,23,23,CGAGCCACGCGTCAAATTCT,0,4177677
yadE_predicted,0.041666666666666664,23,23,CGACTCTCTAGAATATTTAT,0,4226770
yadE_predicted,0.041666666666666664,23,23,CCTTCATTAGAACTCTCGAA,0,4227972
yadE_predicted,0.041666666666666664,23,23,CCTGGGTGCACCAAAATAAG,0,4167381
yadE_predicted,0.041666666666666664,23,23,CCTCCTCATCCGTGTTGCCC,0,4224589
yadE_predicted,0.041666666666666664,23,23,CCTCACCGTCCGCTGGAGCC,0,4232743
yadE_predicted,0.041666666666666664,23,23,CCTATCTTCTATACCCTGTG,0,4236687
yadE_predicted,0.041666666666666664,23,23,CCGATTTTCGCACTCGCAGG,0,4175312
yadE_predicted,0.041666666666666664,23,23,CCCTTATGTTATAGATGCTT,0,4172535
yadE_predicted,0.041666666666666664,23,23,CCATTGGCCCCTGTGTAGTG,0,4180539
yadE_predicted,0.041666666666666664,23,23,CCAGGCCAACGCATGATGAT,0,4216829
yadE_predicted,0.041666666666666664,23,23,CCACTGCCCGAGGGACACAG,0,4202964
yadE_predicted,0.041666666666666664,23,23,CATCAGTTGGCTTACGACCT,0,4228285
yadE_predicted,0.041666666666666664,23,23,CATAATCACGATTTATTTAG,0,4215166
yadE_predicted,0.041666666666666664,23,23,CAGTGTCATTTTAACACCAG,0,4182228
yadE_predicted,0.041666666666666664,23,23,CAGTGGCACCGGCGGCAACC,0,4233964
yadE_predicted,0.041666666666666664,23,23,CAGGATGGACGATGGATTGC,0,4168640
yadE_predicted,0.041666666666666664,23,23,CAGCCTTCGAAGGTAACTTA,0,4195725
yadE_predicted,0.041666666666666664,23,23,CACTACTGCGGGAGTCGGTA,0,4167079
yadE_predicted,0.041666666666666664,23,23,CACGCCGGGCTAGTCCGTTA,0,4190433
yadE_predicted,0.041666666666666664,23,23,CACAGCCGGGGGATATGACC,0,4176636
yadE_predicted,0.041666666666666664,23,23,CAACCGCGTATAGAAAACTA,0,4202706
yadE_predicted,0.041666666666666664,23,23,CAAACCTGGTCATGTAGGAC,0,4200984
yadE_predicted,0.041666666666666664,23,23,ATTGATAGTCTGGCTGCGTC,0,4204555
yadE_predicted,0.041666666666666664,23,23,ATTCGGACACACGGTGCACT,0,4200648
yadE_predicted,0.041666666666666664,23,23,ATTCATTGCTTCGGGCACAC,0,4229517
yadE_predicted,0.041666666666666664,23,23,ATGTAGCGGGCCTTACAGAC,0,4210512
yadE_predicted,0.041666666666666664,23,23,ATGGAACATTTTTTAGAGAT,0,4237225
yadE_predicted,0.041666666666666664,23,23,ATGAAGGACCATTGCTGGGG,0,4202152
yadE_predicted,0.041666666666666664,23,23,ATGAACCGAAATGCTCCTAG,0,4174407
yadE_predicted,0.041666666666666664,23,23,ATCTTGGTCGCATTACTTAA,0,4220289
yadE_predicted,0.041666666666666664,23,23,ATCTCGACGTTTTCCCACGG,0,4224302
yadE_predicted,0.041666666666666664,23,23,ATCGATAATCCCCCGGTGGG,0,4238575
yadE_predicted,0.041666666666666664,23,23,ATCCATGAGCGTTCTGTCAA,0,4183409
yadE_predicted,0.041666666666666664,23,23,ATCATCTTTGTTGATAACCC,0,4240825
yadE_predicted,0.041666666666666664,23,23,ATATGCATCGATATATCGGC,0,4212072
yadE_predicted,0.041666666666666664,23,23,ATATCTTGATCCGTGGATGT,0,4202096
yadE_predicted,0.041666666666666664,23,23,ATATAAGCTAAACTGAGGTG,0,4232558
yadE_predicted,0.041666666666666664,23,23,ATAAGCCTACTCGCGAAAAA,0,4170245
yadE_predicted,0.041666666666666664,23,23,AGTTGGCCACGCCCGAAAGT,0,4221299
yadE_predicted,0.041666666666666664,23,23,AGTCTCGTCGGGTAAACTAG,0,4189004
yadE_predicted,0.041666666666666664,23,23,AGTCACCCGATAGGAGAGAT,0,4213783
yadE_predicted,0.041666666666666664,23,23,AGTACGGATTACGGCACCCG,0,4212743
yadE_predicted,0.041666666666666664,23,23,AGGGGCGTAAAACCGTTGGT,0,4188472
yadE_predicted,0.041666666666666664,23,23,AGGGCGGGAATGGTATCCTA,0,4198234
yadE_predicted,0.041666666666666664,23,23,AGGATCACTGCTACTGCAGA,0,4195929
yadE_predicted,0.041666666666666664,23,23,AGCTGCCTAGGTCGGCTACA,0,4191451
yadE_predicted,0.041666666666666664,23,23,AGCTCGTGCCCGGTATGCGC,0,4167246
yadE_predicted,0.041666666666666664,23,23,AGCGTAGCCGGGATAGGCTT,0,4233961
yadE_predicted,0.041666666666666664,23,23,AGCGCGGTGGCCTTTATTGG,0,4237227
yadE_predicted,0.041666666666666664,23,23,AGCCACCTGATGCTCATGAA,0,4190173
yadE_predicted,0.041666666666666664,23,23,AGCACACGGACGTATAATGA,0,4224210
yadE_predicted,0.041666666666666664,23,23,ACTCGTGAAGAGTTTTTGAA,0,4164949
yadE_predicted,0.041666666666666664,23,23,ACGTGCCCATGGTGGCTTAA,0,4200256
yadE_predicted,0.041666666666666664,23,23,ACCTATGTTGATTACGGAGT,0,4210699
yadE_predicted,0.041666666666666664,23,23,ACCGCAAAGATGGGGACCAA,0,4190571
yadE_predicted,0.041666666666666664,23,23,ACCCCAATCAGATAATGCAA,0,4214636
yadE_predicted,0.041666666666666664,23,23,ACCAGTAACTAATGACTCTG,0,4199813
yadE_predicted,0.041666666666666664,23,23,ACATTAAAGCTGCAGCGATC,0,4167057
yadE_predicted,0.041666666666666664,23,23,ACAGTGTGGGCTCACCGATT,0,4187817
yadE_predicted,0.041666666666666664,23,23,AATACTTCCTACCTCGTCCG,0,4178384
yadE_predicted,0.041666666666666664,23,23,AAGGCAATCTTCCTGAACCT,0,4172844
yadE_predicted,0.041666666666666664,23,23,AAGCCTCAGCGACTTGTCAT,0,4178186
yadE_predicted,0.041666666666666664,23,23,AACCAACCTTGTTCCTCAAT,0,4223272
yadE_predicted,0.041666666666666664,23,23,AAATGCTTCCCTGTGGCGTC,0,4186839
yadE_predicted,0.041666666666666664,23,23,AAACATGCATCGGCCATAAA,0,4225835
yadE_predicted,0.041666666666666664,23,23,AAACAAATTCTTGGCAGGAT,0,4178250
yadE_predicted,0.043478260869565216,22,22,TTTGGAGGAGTGGTGCCGAT,0,4195767
yadE_predicted,0.043478260869565216,22,22,TTGGGATAACGTGATATCTT,0,4232260
yadE_predicted,0.043478260869565216,22,22,TTGAAGGTGGTGCGCTACCA,0,4230504
yadE_predicted,0.043478260869565216,22,22,TTCGAACGCGGACTGCATAG,0,4159527
yadE_predicted,0.043478260869565216,22,22,TGTTAACTCTAGCCCTGTGG,0,4223276
yadE_predicted,0.043478260869565216,22,22,TGTCCCCCCGGTCCTCAAGT,0,4214437
yadE_predicted,0.043478260869565216,22,22,TGGGCCTTGACTTATACTAT,0,4220773
yadE_predicted,0.043478260869565216,22,22,TGGGATATGTCTTCTCATCG,0,4173455
yadE_predicted,0.043478260869565216,22,22,TGGCTAATTTAAGGCGTACT,0,4239154
yadE_predicted,0.043478260869565216,22,22,TGGCGCTCAGGTGCTTGAGG,0,4210187
yadE_predicted,0.043478260869565216,22,22,TGGACTGTACATCCGTTCGG,0,4180637
yadE_predicted,0.043478260869565216,22,22,TGCTTAATCACAGGAATCGG,0,4185198
yadE_predicted,0.043478260869565216,22,22,TGCGTAAGCATGGTCTCGTC,0,4194896
yadE_predicted,0.043478260869565216,22,22,TGCCTCTCGGCGTCCAAAGG,0,4200564
yadE_predicted,0.043478260869565216,22,22,TGCCAGTCCAAGGGACAGTA,0,4217854
yadE_predicted,0.043478260869565216,22,22,TGCCAGAACGCGTTATGAGC,0,4189307
yadE_predicted,0.043478260869565216,22,22,TGCCACCGCTTAACCAGCCA,0,4188215
yadE_predicted,0.043478260869565216,22,22,TGATGTTGCGGGTAGCTTGT,0,4232933
yadE_predicted,0.043478260869565216,22,22,TGAGGTTAGGATCCTTCGGA,0,4196840
yadE_predicted,0.043478260869565216,22,22,TCTCATCTTGAAGCCGTTCG,0,4190220
yadE_predicted,0.043478260869565216,22,22,TCGTGTTCGAGTTTACGACC,0,4198600
yadE_predicted,0.043478260869565216,22,22,TCGAGCACGCAGGAATAATC,0,4201639
yadE_predicted,0.043478260869565216,22,22,TCGAATTGGCCTGTCTGCTT,0,4180758
yadE_predicted,0.043478260869565216,22,22,TCCACTAGCACCCGCGACAG,0,4200042
yadE_predicted,0.043478260869565216,22,22,TCCACCATTCCCCTTCGTTA,0,4213046
yadE_predicted,0.043478260869565216,22,22,TCAGTCCGCGCCAAGCCATG,0,4176804
yadE_predicted,0.043478260869565216,22,22,TCACTATGGCGAAGAGGGGA,0,4223034
yadE_predicted,0.043478260869565216,22,22,TCACGATCGTTAGCGGGATC,0,4193999
yadE_predicted,0.043478260869565216,22,22,TATATTTTAAAAGTCTAGAG,0,4181509
yadE_predicted,0.043478260869565216,22,22,TATACTGGCGAGCGCATAGA,0,4224203
yadE_predicted,0.043478260869565216,22,22,TATACGACCGCCACTGGTCT,0,4232102
yadE_predicted,0.043478260869565216,22,22,TACAGCCCTTGGGTCTAGGT,0,4168181
yadE_predicted,0.043478260869565216,22,22,TACACAACAGTGACCGTGGC,0,4203161
yadE_predicted,0.043478260869565216,22,22,TAATTGAGACTAAGTCTCAT,0,4232352
yadE_predicted,0.043478260869565216,22,22,TAAGCCCGCTTCGTGTCCAA,0,4232035
yadE_predicted,0.043478260869565216,22,22,TAAACATCGAACACAGATAG,0,4230495
yadE_predicted,0.043478260869565216,22,22,GTTTATCTGTGTCGCGAGCT,0,4206474
yadE_predicted,0.043478260869565216,22,22,GTTGTAGTCTAGTCTGCATG,0,4209509
yadE_predicted,0.043478260869565216,22,22,GTTGGGTTGAAGGTGAGGAC,0,4190397
yadE_predicted,0.043478260869565216,22,22,GTTGACCGTCATTCTCGGCA,0,4234554
yadE_predicted,0.043478260869565216,22,22,GTTCTTGGAGACAAAGCCTG,0,4228284
yadE_predicted,0.043478260869565216,22,22,GTTCGATCAACGAATGGATT,0,4160088
yadE_predicted,0.043478260869565216,22,22,GTGTTTAACAGAAGGCGCGT,0,4199540
yadE_predicted,0.043478260869565216,22,22,GTGTTGGTGTCTGCGGAATA,0,4171466
yadE_predicted,0.043478260869565216,22,22,GTGTCGCCGCTCTGGCGGTG,0,4164609
yadE_predicted,0.043478260869565216,22,22,GTGGTGCTACTAGCAACGAT,0,4209275
yadE_predicted,0.043478260869565216,22,22,GTGGTCCCGGACCTGCACAA,0,4174684
yadE_predicted,0.043478260869565216,22,22,GTGGCGACTGTTTTGTTCGT,0,4175140
yadE_predicted,0.043478260869565216,22,22,GTGCTGTGACAATGCTGGGG,0,4216471
yadE_predicted,0.043478260869565216,22,22,GTGACCAAATCGATTTTGGA,0,4209443
yadE_predicted,0.043478260869565216,22,22,GTCGCAGAACAGCCGATATT,0,4200500
yadE_predicted,0.043478260869565216,22,22,GTATGCCCTGGATGGAGCGA,0,4206294
yadE_predicted,0.043478260869565216,22,22,GTAACTAGAGAGCCTGGGGA,0,4161008
yadE_predicted,0.043478260869565216,22,22,GTAAACCAGTATGATAACCT,0,4173923
yadE_predicted,0.043478260869565216,22,22,GGTTCCTCACATGACTAGGC,0,4223151
yadE_predicted,0.043478260869565216,22,22,GGTTAGAAGGGCCCAGGTTC,0,4161510
yadE_predicted,0.043478260869565216,22,22,GGTATGGTATCAGATGAGCA,0,4178361
yadE_predicted,0.043478260869565216,22,22,GGGTTGCTTATCAAGCTCCA,0,4196979
yadE_predicted,0.043478260869565216,22,22,GGGTAGCTCCCGTTCCGGGA,0,4163807
yadE_predicted,0.043478260869565216,22,22,GGGGAAGATGGGCCGCGTCT,0,4183074
yadE_predicted,0.043478260869565216,22,22,GGGCAAGCGTTCAAAAACAG,0,4190176
yadE_predicted,0.043478260869565216,22,22,GGGAGGGTTATGCTCCACTA,0,4237094
yadE_predicted,0.043478260869565216,22,22,GGGAAGACACTCCACTGGTA,0,4216686
yadE_predicted,0.043478260869565216,22,22,GGCTTCGAAAGACCCGTCTA,0,4217004
yadE_predicted,0.043478260869565216,22,22,GGCACCAGTAGGGTACACTA,0,4184624
yadE_predicted,0.043478260869565216,22,22,GGCAACAGGCGGTTGGGTCG,0,4189057
yadE_predicted,0.043478260869565216,22,22,GGATCGGCAATCGCTTAGCC,0,4174340
yadE_predicted,0.043478260869565216,22,22,GGACCCGCAAGTGATAGTTG,0,4232560
yadE_predicted,0.043478260869565216,22,22,GCTTCTCCTTGGAACCAGAG,0,4194210
yadE_predicted,0.043478260869565216,22,22,GCTGCGGTAGAACCAGTATT,0,4231624
yadE_predicted,0.043478260869565216,22,22,GCTGCCTGGAGTGATACGAT,0,4180214
yadE_predicted,0.043478260869565216,22,22,GCTACGGTCATTCAGTGGTG,0,4218030
yadE_predicted,0.043478260869565216,22,22,GCGTAGGTTACTTACACCTC,0,4178847
yadE_predicted,0.043478260869565216,22,22,GCGTAATGTGCGAGGCACTT,0,4179118
yadE_predicted,0.043478260869565216,22,22,GCGAGTTAAGTTCTCGGTGT,0,4205500
yadE_predicted,0.043478260869565216,22,22,GCGAGGACCTCTTATTTGCT,0,4187794
yadE_predicted,0.043478260869565216,22,22,GCCTCGGATTATTGCCCCAA,0,4215554
yadE_predicted,0.043478260869565216,22,22,GCCGGTGTGGGCGATCGTTC,0,4200742
yadE_predicted,0.043478260869565216,22,22,GCCGCCGCATCACAGCCCAT,0,4202530
yadE_predicted,0.043478260869565216,22,22,GCCGCCCAGTTGATGCCTTA,0,4206586
yadE_predicted,0.043478260869565216,22,22,GCCAAGCGGGATGATTGATC,0,4191121
yadE_predicted,0.043478260869565216,22,22,GCCAAACATCTCGTAAAGTT,0,4217534
yadE_predicted,0.043478260869565216,22,22,GATGGTAAGGCATATAGACT,0,4214294
yadE_predicted,0.043478260869565216,22,22,GATATCCAAGATCAGCACCA,0,4229385
yadE_predicted,0.043478260869565216,22,22,GAGGTGTACGATCCAAGAGT,0,4197444
yadE_predicted,0.043478260869565216,22,22,GAGGCCCTTTAAGGAAGGCC,0,4229521
yadE_predicted,0.043478260869565216,22,22,GAGCAGTACAAGGAAGTCTG,0,4183498
yadE_predicted,0.043478260869565216,22,22,GAGACTCTCGGTGACGAGCT,0,4162734
yadE_predicted,0.043478260869565216,22,22,GAATACGTCGGCGAGTACGT,0,4180276
yadE_predicted,0.043478260869565216,22,22,GAACTATGGGCCACAGCCAA,0,4193752
yadE_predicted,0.043478260869565216,22,22,CTTCTCGCAATCGCGGTTTG,0,4173340
yadE_predicted,0.043478260869565216,22,22,CTTCGTACCGAGAACCGAGG,0,4198822
yadE_predicted,0.043478260869565216,22,22,CTTATCTCAACCGTAGCCCT,0,4204382
yadE_predicted,0.043478260869565216,22,22,CTGTGCAGAGGCCGTTTGTC,0,4229086
yadE_predicted,0.043478260869565216,22,22,CTGTAGCTAGGTATGCCTTG,0,4213572
yadE_predicted,0.043478260869565216,22,22,CTGGCACATAGGGAGTCGAG,0,4164171
yadE_predicted,0.043478260869565216,22,22,CTCGGGGACCCGGCTTGAGT,0,4188942
yadE_predicted,0.043478260869565216,22,22,CTCCGAATACTGGGTAGGTA,0,4187067
yadE_predicted,0.043478260869565216,22,22,CTCACCCGTCTCTGATCGCA,0,4234006
yadE_predicted,0.043478260869565216,22,22,CTATGCTCCCGCACACTCGA,0,4213944
yadE_predicted,0.043478260869565216,22,22,CTATATCACCGGCTTGTAAG,0,4177022
yadE_predicted,0.043478260869565216,22,22,CGTTCGAATGATGCCGCGTT,0,4169660
yadE_predicted,0.043478260869565216,22,22,CGTGTGTAGGCCCTTCTCTG,0,4197498
yadE_predicted,0.043478260869565216,22,22,CGTGATGAGGAACCAATGGC,0,4196325
yadE_predicted,0.043478260869565216,22,22,CGTGAAGCTCCCGAGCACAT,0,4192528
yadE_predicted,0.043478260869565216,22,22,CGTAAAGCCACTGTGCTGGA,0,4203982
yadE_predicted,0.043478260869565216,22,22,CGGTTTTCGGCATGATAAGT,0,4211132
yadE_predicted,0.043478260869565216,22,22,CGGTGTTGCACGGATACCAT,0,4211291
yadE_predicted,0.043478260869565216,22,22,CGGTCTGCAGTGACGCTGTC,0,4225330
yadE_predicted,0.043478260869565216,22,22,CGGTCTACGTTACCAGATCC,0,4227644
yadE_predicted,0.043478260869565216,22,22,CGGTCCTTCAACTCACACTC,0,4226184
yadE_predicted,0.043478260869565216,22,22,CGGATCGTCTTAGGCCGAGA,0,4160321
yadE_predicted,0.043478260869565216,22,22,CGCTATCTGGGATTCTTTGT,0,4174937
yadE_predicted,0.043478260869565216,22,22,CGCGTACAGGGCACGGCTCC,0,4234244
yadE_predicted,0.043478260869565216,22,22,CGCAGTTTCACCCGGCCTTA,0,4239942
yadE_predicted,0.043478260869565216,22,22,CGACCGTTATTATTTATTCG,0,4219855
yadE_predicted,0.043478260869565216,22,22,CGAATATCGGGAGCATATGT,0,4218768
yadE_predicted,0.043478260869565216,22,22,CCTGCAAGAAGCCGTCACGT,0,4239829
yadE_predicted,0.043478260869565216,22,22,CCTACCTATAGGCTTTATCT,0,4204749
yadE_predicted,0.043478260869565216,22,22,CCGTTAATGCGTGACTAAAT,0,4213084
yadE_predicted,0.043478260869565216,22,22,CCGTCGTACTGGCCTTTCGA,0,4220378
yadE_predicted,0.043478260869565216,22,22,CCATTGCATTTCACACTATG,0,4224506
yadE_predicted,0.043478260869565216,22,22,CCACAAATGTCTGAGGCGGT,0,4197063
yadE_predicted,0.043478260869565216,22,22,CATCTGTTAACCAGAAATAA,0,4225648
yadE_predicted,0.043478260869565216,22,22,CATAGGATTCCACTTAGCGA,0,4194794
yadE_predicted,0.043478260869565216,22,22,CAGTCATCTTGGGACGTCCC,0,4181487
yadE_predicted,0.043478260869565216,22,22,CAGTACCGATGGCCTCGGCA,0,4220399
yadE_predicted,0.043478260869565216,22,22,CAGGTCAGGGTGGCGATCGT,0,4196539
yadE_predicted,0.043478260869565216,22,22,CAGGATCTGCGATACTCCTG,0,4192054
yadE_predicted,0.043478260869565216,22,22,CACGGTGGCGATGTTCCTAA,0,4234066
yadE_predicted,0.043478260869565216,22,22,CACCAGGGGGCGCGCTTCGT,0,4199822
yadE_predicted,0.043478260869565216,22,22,CAATAAGTCGCCACTGAACC,0,4165215
yadE_predicted,0.043478260869565216,22,22,CAAGTCCCTGCAGTGCAAAT,0,4212330
yadE_predicted,0.043478260869565216,22,22,CAACTCCGAGATCCGCCTAA,0,4205802
yadE_predicted,0.043478260869565216,22,22,CAACCGGGACTGCAAGTGAT,0,4171285
yadE_predicted,0.043478260869565216,22,22,CAAACACTCTTATGAATGTA,0,4212044
yadE_predicted,0.043478260869565216,22,22,ATTTTCATCTCGCATGCGAT,0,4175970
yadE_predicted,0.043478260869565216,22,22,ATTTGCTAATGGAGATGAAG,0,4180754
yadE_predicted,0.043478260869565216,22,22,ATTATTAGTTCGAAACTCCT,0,4199791
yadE_predicted,0.043478260869565216,22,22,ATGTGGGCATATGTCAGGCT,0,4219431
yadE_predicted,0.043478260869565216,22,22,ATGTCCGTAACGACTTACTG,0,4161910
yadE_predicted,0.043478260869565216,22,22,ATGGTTCCGGACCCACTACG,0,4189946
yadE_predicted,0.043478260869565216,22,22,ATGCAAGGGCCGGGGCCACG,0,4202224
yadE_predicted,0.043478260869565216,22,22,ATGACGTAAAGCAGTTGCAT,0,4200033
yadE_predicted,0.043478260869565216,22,22,ATGACATTAGCGGTAACGAA,0,4190241
yadE_predicted,0.043478260869565216,22,22,ATCCCGCATTTGTGCGCTAA,0,4230119
yadE_predicted,0.043478260869565216,22,22,ATCCCAGTGTGTCATACCGC,0,4217793
yadE_predicted,0.043478260869565216,22,22,ATCCCAGTGCCTCTTACATC,0,4185842
yadE_predicted,0.043478260869565216,22,22,ATCATGCGAACCGACGGGTT,0,4184007
yadE_predicted,0.043478260869565216,22,22,ATAGAACGTACTCGGGGGTG,0,4180267
yadE_predicted,0.043478260869565216,22,22,ATAATTAATGTTCTGCTACT,0,4200036
yadE_predicted,0.043478260869565216,22,22,ATAAGTCAAGGGATAGGGCG,0,4196368
yadE_predicted,0.043478260869565216,22,22,AGTGAGTGGTTTGTTGGGAT,0,4174464
yadE_predicted,0.043478260869565216,22,22,AGTATGAAGGACCTCGACCC,0,4178848
yadE_predicted,0.043478260869565216,22,22,AGTACATGCCGCGATCTATA,0,4231697
yadE_predicted,0.043478260869565216,22,22,AGGGCGGGAGGTCGTATATA,0,4174244
yadE_predicted,0.043478260869565216,22,22,AGGCGAACAGATGTCATCCG,0,4225273
yadE_predicted,0.043478260869565216,22,22,AGGAACCTCGCGGTTAAAGG,0,4240416
yadE_predicted,0.043478260869565216,22,22,AGCGTTAAAGAGGTATACGT,0,4165487
yadE_predicted,0.043478260869565216,22,22,AGATTTCTGGTCAGGCAGAT,0,4228947
yadE_predicted,0.043478260869565216,22,22,AGAGGAAAAGAATACTATTT,0,4225329
yadE_predicted,0.043478260869565216,22,22,AGAGACCTGGAGTGCTAAAA,0,4166976
yadE_predicted,0.043478260869565216,22,22,AGACAATTCCATCGTTAGTT,0,4170657
yadE_predicted,0.043478260869565216,22,22,AGAACGATTCGACTTAGGTA,0,4176097
yadE_predicted,0.043478260869565216,22,22,ACTTCAGGGTAGCAACCGAC,0,4174901
yadE_predicted,0.043478260869565216,22,22,ACTGGTGTGAGTCTGGGTTT,0,4235263
yadE_predicted,0.043478260869565216,22,22,ACGGAAAGATTATACTGTCG,0,4206629
yadE_predicted,0.043478260869565216,22,22,ACCCGCAATATATCGTACGT,0,4164969
yadE_predicted,0.043478260869565216,22,22,ACCCCAACAGAAATATAGGC,0,4193299
yadE_predicted,0.043478260869565216,22,22,ACCACAAGGGTAGATCGGCT,0,4171901
yadE_predicted,0.043478260869565216,22,22,ACACAGAGCGCACGCCTTGC,0,4191022
yadE_predicted,0.043478260869565216,22,22,AATGCATGGTGTAACTTTAA,0,4230200
yadE_predicted,0.043478260869565216,22,22,AATCCGCCTTACGTGTCTAA,0,4209584
yadE_predicted,0.043478260869565216,22,22,AAGGTGTTCTCACAGCACGA,0,4161908
yadE_predicted,0.043478260869565216,22,22,AAGGCATGAGATTGTACTAA,0,4179117
yadE_predicted,0.043478260869565216,22,22,AAGCACGGCACTTTCCAGCG,0,4216539
yadE_predicted,0.043478260869565216,22,22,AAGAGCATTCACGCGTGCTG,0,4221296
yadE_predicted,0.043478260869565216,22,22,AAGAAAAAGCTTGTTGGGAA,0,4187869
yadE_predicted,0.043478260869565216,22,22,AACCAATCCTAGTGATTGCA,0,4185989
yadE_predicted,0.043478260869565216,22,22,AACACTTCACTGGTGACCAG,0,4162499
yadE_predicted,0.043478260869565216,22,22,AAAGCAGATCTAAACTCCGA,0,4174931
yadE_predicted,0.045454545454545456,21,21,TTTTGGGGATTAGATAGTAA,0,4208720
yadE_predicted,0.045454545454545456,21,21,TTTTAGGGCGCAGCTCTGCG,0,4183065
yadE_predicted,0.045454545454545456,21,21,TTTCGGGTTCATATTTAAAG,0,4187312
yadE_predicted,0.045454545454545456,21,21,TTTCGCTTAATCAAATTAGA,0,4220629
yadE_predicted,0.045454545454545456,21,21,TTTCACGGTCTCTGGACAAA,0,4235861
yadE_predicted,0.045454545454545456,21,21,TTGTATGATACGTCCTCTCA,0,4162910
yadE_predicted,0.045454545454545456,21,21,TTGGGTAGTGAAATTGGCAT,0,4215113
yadE_predicted,0.045454545454545456,21,21,TTGGGGCCTGCCGGTCCAGT,0,4202900
yadE_predicted,0.045454545454545456,21,21,TTGGATTGTTACGGAATGGT,0,4192810
yadE_predicted,0.045454545454545456,21,21,TTGCCTTCCCCACAAGCCCT,0,4188200
yadE_predicted,0.045454545454545456,21,21,TTCTTCTGTGCTGAGACCAC,0,4193707
yadE_predicted,0.045454545454545456,21,21,TTCTCCCGACTCGAGACGAA,0,4211261
yadE_predicted,0.045454545454545456,21,21,TTCGCACAGATCGAATCTGC,0,4200496
yadE_predicted,0.045454545454545456,21,21,TTCGAAGAAGGCTCGTGGAT,0,4221669
yadE_predicted,0.045454545454545456,21,21,TTCCACATCGGCGGCCGTAG,0,4239718
yadE_predicted,0.045454545454545456,21,21,TGTTTTGGCTGCAGGCGTCA,0,4212633
yadE_predicted,0.045454545454545456,21,21,TGTCAGGATGGGACCAAGCG,0,4223892
yadE_predicted,0.045454545454545456,21,21,TGGCTTCTCCTTTCCCTTCG,0,4191331
yadE_predicted,0.045454545454545456,21,21,TGGCTCCCTCGCCGATTTTG,0,4182597
yadE_predicted,0.045454545454545456,21,21,TGGCCCGGCTGGGGAACTGG,0,4208178
yadE_predicted,0.045454545454545456,21,21,TGGAGAATTCAAGGAAACGT,0,4207340
yadE_predicted,0.045454545454545456,21,21,TGCTGTGGACGACCGATTGC,0,4183561
yadE_predicted,0.045454545454545456,21,21,TGCGTTGTTGATGTCACGCC,0,4231626
yadE_predicted,0.045454545454545456,21,21,TGCGACATCGGCAATAGGGA,0,4182045
yadE_predicted,0.045454545454545456,21,21,TGATGTATCGCGCTGTTACC,0,4239168
yadE_predicted,0.045454545454545456,21,21,TGATCTTGTGTTTGGCAAAC,0,4168878
yadE_predicted,0.045454545454545456,21,21,TCTGGTGTTTGGCATGTCGT,0,4188700
yadE_predicted,0.045454545454545456,21,21,TCTCTCCGCTTGCGCTGGAC,0,4198550
yadE_predicted,0.045454545454545456,21,21,TCTATATCCGGAGAGCATTA,0,4228373
yadE_predicted,0.045454545454545456,21,21,TCGTTCTATAGTCGGTCCAG,0,4214753
yadE_predicted,0.045454545454545456,21,21,TCGGTTAGGGTCCCAGGATG,0,4168377
yadE_predicted,0.045454545454545456,21,21,TCGGGCACCTATGTTATCAA,0,4199583
yadE_predicted,0.045454545454545456,21,21,TCGGAACTTCGGAAGCTTCA,0,4184022
yadE_predicted,0.045454545454545456,21,21,TCCGTGGGGAGCCCCTCAAA,0,4225833
yadE_predicted,0.045454545454545456,21,21,TCCCGCTACGGCAGTTAGTA,0,4240312
yadE_predicted,0.045454545454545456,21,21,TCCACTAATCTCTACTGGCT,0,4168884
yadE_predicted,0.045454545454545456,21,21,TCATCCGCAACTGGGTCGCG,0,4174681
yadE_predicted,0.045454545454545456,21,21,TCAGCACGTAAGGCCTGATG,0,4202373
yadE_predicted,0.045454545454545456,21,21,TCACTACGCTGAAAAAGTAG,0,4228422
yadE_predicted,0.045454545454545456,21,21,TCAACTTACACGAGACGGGT,0,4193245
yadE_predicted,0.045454545454545456,21,21,TACTGAAACACGCGTAGGGG,0,4226411
yadE_predicted,0.045454545454545456,21,21,TAAGGCCGAATCTACTAAGG,0,4240016
yadE_predicted,0.045454545454545456,21,21,TAACTCTCAAGGGTAAAGGT,0,4221046
yadE_predicted,0.045454545454545456,21,21,GTTGGTAGATTATTGGGTAA,0,4197004
yadE_predicted,0.045454545454545456,21,21,GTTGCGGGCAGGTTCCCGAA,0,4215683
yadE_predicted,0.045454545454545456,21,21,GTGGGTCACAATCTTGACAC,0,4169604
yadE_predicted,0.045454545454545456,21,21,GTGGACTACCATGAGGCCGC,0,4184485
yadE_predicted,0.045454545454545456,21,21,GTGCCGCTCCAGGGCGAGGA,0,4222616
yadE_predicted,0.045454545454545456,21,21,GTGCAAAGATATAGCCCAAT,0,4191204
yadE_predicted,0.045454545454545456,21,21,GTCGATGACTTGCTAAGTGT,0,4238995
yadE_predicted,0.045454545454545456,21,21,GTCCATGCAGGTGTAGGGTC,0,4180455
yadE_predicted,0.045454545454545456,21,21,GTCAGTAGACCAGCTTGAAT,0,4224090
yadE_predicted,0.045454545454545456,21,21,GTCAACATAAGTTTTAAAGA,0,4191110
yadE_predicted,0.045454545454545456,21,21,GTATAGTGCGTGACATACCT,0,4178035
yadE_predicted,0.045454545454545456,21,21,GTAGTGCTTTTGAGTCTGGC,0,4172249
yadE_predicted,0.045454545454545456,21,21,GGTTTGATTGATTACGCTCG,0,4210328
yadE_predicted,0.045454545454545456,21,21,GGTCTACTCCAGACCCATCA,0,4222319
yadE_predicted,0.045454545454545456,21,21,GGGGATCTGCGGGGACGGGT,0,4180780
yadE_predicted,0.045454545454545456,21,21,GGGAGCGCAGGGAAACTGTC,0,4172015
yadE_predicted,0.045454545454545456,21,21,GGCTTGGACGGGATAGGGAG,0,4198368
yadE_predicted,0.045454545454545456,21,21,GGCGTCTGTTAACGCCTATC,0,4230575
yadE_predicted,0.045454545454545456,21,21,GGCGCCGTGCGGTATTCGGG,0,4177540
yadE_predicted,0.045454545454545456,21,21,GGCCGAGGCCGGGTGCCATA,0,4186620
yadE_predicted,0.045454545454545456,21,21,GGCCATCATAACGTCTGTGA,0,4190320
yadE_predicted,0.045454545454545456,21,21,GGACGACCAGAGGTGAATGG,0,4210121
yadE_predicted,0.045454545454545456,21,21,GCTTTTTTCCATATCTGCTC,0,4168921
yadE_predicted,0.045454545454545456,21,21,GCGCTTGGAAGTTATTTCAA,0,4200497
yadE_predicted,0.045454545454545456,21,21,GCGAACATAAAGTCGATACG,0,4223474
yadE_predicted,0.045454545454545456,21,21,GCCGGGCTCCTAGTGGTGAA,0,4236948
yadE_predicted,0.045454545454545456,21,21,GCCACAGGTTGCAAAGGGAG,0,4215665
yadE_predicted,0.045454545454545456,21,21,GCACTTAAATCCGACTCAGA,0,4192970
yadE_predicted,0.045454545454545456,21,21,GCACCACCCGACCGTTATAC,0,4187384
yadE_predicted,0.045454545454545456,21,21,GATCTGGCCTCCGCTCTCTT,0,4218173
yadE_predicted,0.045454545454545456,21,21,GATCGACGGGGAGAAGATGA,0,4168499
yadE_predicted,0.045454545454545456,21,21,GAGGAAAGAGAGCTGTGTAT,0,4160662
yadE_predicted,0.045454545454545456,21,21,GAGCGCCACGACGTCGATTA,0,4215746
yadE_predicted,0.045454545454545456,21,21,GAGCCGGGAGGACCCTAGCT,0,4224122
yadE_predicted,0.045454545454545456,21,21,GAGCCCTATTGCGATTACGT,0,4209392
yadE_predicted,0.045454545454545456,21,21,GACTATCTTAACCGGTTGTT,0,4192323
yadE_predicted,0.045454545454545456,21,21,GAATACATGACGGCGGATCA,0,4172174
yadE_predicted,0.045454545454545456,21,21,GAACCGTACTGAGTACCACC,0,4183153
yadE_predicted,0.045454545454545456,21,21,GAAAACTTTCAAATAAACCT,0,4187871
yadE_predicted,0.045454545454545456,21,21,CTTTATATTATATATGTACT,0,4176698
yadE_predicted,0.045454545454545456,21,21,CTTGTGTACTCAAGCCACGG,0,4236205
yadE_predicted,0.045454545454545456,21,21,CTTAGGATGTGTTGGCAATA,0,4170660
yadE_predicted,0.045454545454545456,21,21,CTGGGGGTCACTTAGAGTCC,0,4186101
yadE_predicted,0.045454545454545456,21,21,CTGGCTTGGCCATGAGTTAA,0,4196229
yadE_predicted,0.045454545454545456,21,21,CTCTTACAACGGCTTCAGGT,0,4180462
yadE_predicted,0.045454545454545456,21,21,CTCTCGCGTACGACCAGTAA,0,4231799
yadE_predicted,0.045454545454545456,21,21,CTCGTCTGGCTAACGGCTCG,0,4190623
yadE_predicted,0.045454545454545456,21,21,CTCAGTTCCGGCCCTTTTGT,0,4163773
yadE_predicted,0.045454545454545456,21,21,CTCAAGCGAGGCGACAGGGC,0,4238729
yadE_predicted,0.045454545454545456,21,21,CTAGAACCAGAGTCCCTGAG,0,4231274
yadE_predicted,0.045454545454545456,21,21,CTAATCGGAAGATAGTCTTT,0,4225002
yadE_predicted,0.045454545454545456,21,21,CTAAGAAACCCAGTGGTAAT,0,4204299
yadE_predicted,0.045454545454545456,21,21,CGTTCCTTACCAAGCAAATG,0,4238202
yadE_predicted,0.045454545454545456,21,21,CGTCGTTACGCAGCGGTCAA,0,4237191
yadE_predicted,0.045454545454545456,21,21,CGTCGGGCTTCGTTACCCGA,0,4165485
yadE_predicted,0.045454545454545456,21,21,CGGTGGGGCACCGCGAGTGA,0,4202005
yadE_predicted,0.045454545454545456,21,21,CGGGATACATGGAGGGCTCA,0,4203862
yadE_predicted,0.045454545454545456,21,21,CGGCGGATTAGGTCCTAGCG,0,4209344
yadE_predicted,0.045454545454545456,21,21,CGGCATTCTCATGTAGACAA,0,4174781
yadE_predicted,0.045454545454545456,21,21,CGCGTCCGCTCCAACGTATG,0,4209878
yadE_predicted,0.045454545454545456,21,21,CGCACGCTGTGTGAAGCTCT,0,4237724
yadE_predicted,0.045454545454545456,21,21,CGAGTTTGCCCACACTGATA,0,4199420
yadE_predicted,0.045454545454545456,21,21,CGACAAACAGGACGCGGGCT,0,4190076
yadE_predicted,0.045454545454545456,21,21,CGAATGTTCTCCATGGCCAT,0,4205800
yadE_predicted,0.045454545454545456,21,21,CCTTATGTCGAACTGAAAGC,0,4184120
yadE_predicted,0.045454545454545456,21,21,CCTACGCGGTTGGAATCCGA,0,4219837
yadE_predicted,0.045454545454545456,21,21,CCGTGTACCCGCCTGAGACT,0,4178811
yadE_predicted,0.045454545454545456,21,21,CCGTGGCGGCGAGGAGAGCA,0,4173716
yadE_predicted,0.045454545454545456,21,21,CCGGTTCACCTCCTCTGACT,0,4240419
yadE_predicted,0.045454545454545456,21,21,CCGGTTAACGACGAAATCAG,0,4198023
yadE_predicted,0.045454545454545456,21,21,CCGGTCTGGCATGCCATTGT,0,4235321
yadE_predicted,0.045454545454545456,21,21,CCGGCCCAATCATCCTGGTC,0,4198041
yadE_predicted,0.045454545454545456,21,21,CCGCGAAGGCTTATGGCTAA,0,4176785
yadE_predicted,0.045454545454545456,21,21,CCCGTATGGACGAACGTCTG,0,4198754
yadE_predicted,0.045454545454545456,21,21,CCCCGCGTAGGCAACTGAAT,0,4232616
yadE_predicted,0.045454545454545456,21,21,CCCAGGGATGCCTCATGCAA,0,4163475
yadE_predicted,0.045454545454545456,21,21,CCCAAGGCCCCAGCGGCATC,0,4162147
yadE_predicted,0.045454545454545456,21,21,CCATGTATGGAACACCACCG,0,4189525
yadE_predicted,0.045454545454545456,21,21,CCATCGTATCCCTCGCCAGG,0,4183657
yadE_predicted,0.045454545454545456,21,21,CCAGGCGTCCATTTTATTCT,0,4186574
yadE_predicted,0.045454545454545456,21,21,CCAGGCCGGCGTTTAAGGGA,0,4190861
yadE_predicted,0.045454545454545456,21,21,CCACTACAGAAGAGCTCAGG,0,4183664
yadE_predicted,0.045454545454545456,21,21,CCACCGCAATCTCGCTGCGA,0,4238058
yadE_predicted,0.045454545454545456,21,21,CCAATACGATACCAATACGA,0,4180562
yadE_predicted,0.045454545454545456,21,21,CCAAGGATGCTGAGTTCGTT,0,4230025
yadE_predicted,0.045454545454545456,21,21,CATAGGGTGAGGATTTTGAA,0,4172322
yadE_predicted,0.045454545454545456,21,21,CAGGGGCGTGACACGCATTA,0,4207581
yadE_predicted,0.045454545454545456,21,21,CAGGGAGCATTAGAAGGCAA,0,4239561
yadE_predicted,0.045454545454545456,21,21,CAGGATCCGACCACGAACGA,0,4186359
yadE_predicted,0.045454545454545456,21,21,CAAGCTAAAACGCGGCGGGT,0,4209938
yadE_predicted,0.045454545454545456,21,21,CAACTTAATGTGTATTGGCT,0,4188104
yadE_predicted,0.045454545454545456,21,21,CAACCTCATGATGCGTTCAA,0,4215105
yadE_predicted,0.045454545454545456,21,21,ATTTGCCGTCTTGTTTCACT,0,4214458
yadE_predicted,0.045454545454545456,21,21,ATTGACAGCGTCCATTCCTA,0,4172510
yadE_predicted,0.045454545454545456,21,21,ATTCGAAGTGTATTATGCAA,0,4229066
yadE_predicted,0.045454545454545456,21,21,ATTCAGCATACCGGGTAATA,0,4224460
yadE_predicted,0.045454545454545456,21,21,ATGTTTTATGTACTGTGTGT,0,4165082
yadE_predicted,0.045454545454545456,21,21,ATGGGTTCGTGTTTATAAAG,0,4218467
yadE_predicted,0.045454545454545456,21,21,ATGGGAGGGTTGCTGCTATC,0,4163717
yadE_predicted,0.045454545454545456,21,21,ATGGAATGGACCTGGGAGGA,0,4234781
yadE_predicted,0.045454545454545456,21,21,ATGCATGGTCGCGGCAGTGA,0,4237966
yadE_predicted,0.045454545454545456,21,21,ATCTACATAAGTTCAATCAA,0,4203486
yadE_predicted,0.045454545454545456,21,21,ATCCGGTAGGGCGCCTGCAG,0,4180141
yadE_predicted,0.045454545454545456,21,21,ATCAGTGGTACGTTTCGAAA,0,4228246
yadE_predicted,0.045454545454545456,21,21,ATCAGGGGCAGGAAGAATAA,0,4214799
yadE_predicted,0.045454545454545456,21,21,ATATATGGTATATGGGTCAT,0,4238456
yadE_predicted,0.045454545454545456,21,21,ATATATCGTGATGCCGATGT,0,4235759
yadE_predicted,0.045454545454545456,21,21,ATAGCGTAACACCTTCACAC,0,4219131
yadE_predicted,0.045454545454545456,21,21,ATACGCCGAGTTATGTCGAT,0,4215739
yadE_predicted,0.045454545454545456,21,21,ATAAGGTACTGTAGGGGTGA,0,4232516
yadE_predicted,0.045454545454545456,21,21,AGGTCTGCTCGGCTTATTCA,0,4161913
yadE_predicted,0.045454545454545456,21,21,AGGGGTGGGTCAACGAAACT,0,4196256
yadE_predicted,0.045454545454545456,21,21,AGGCTGCTCTGTGTCTACAG,0,4222612
yadE_predicted,0.045454545454545456,21,21,AGGAGTAACATTTCGGGTCA,0,4179407
yadE_predicted,0.045454545454545456,21,21,AGCTGACTATAGGCCCATGC,0,4183848
yadE_predicted,0.045454545454545456,21,21,AGCGCCCGGCGGGGGGTTGT,0,4235736
yadE_predicted,0.045454545454545456,21,21,AGCCCATAACTACATCCACT,0,4161610
yadE_predicted,0.045454545454545456,21,21,AGCCAGTGAATTGAAGTAGA,0,4177405
yadE_predicted,0.045454545454545456,21,21,AGCCACATCGTAGCACCTGA,0,4171288
yadE_predicted,0.045454545454545456,21,21,AGCAGATGGTCATGCTCCAG,0,4173446
yadE_predicted,0.045454545454545456,21,21,AGCAGATCCAAGATTCATAA,0,4207799
yadE_predicted,0.045454545454545456,21,21,AGCAATTTGCATTGTGAGAA,0,4234534
yadE_predicted,0.045454545454545456,21,21,AGATGAGGTCAATTCAACAA,0,4187329
yadE_predicted,0.045454545454545456,21,21,AGAGTGTAGTGCTGTGCCCT,0,4163829
yadE_predicted,0.045454545454545456,21,21,ACGTGTGCATCGGCAATAAA,0,4170529
yadE_predicted,0.045454545454545456,21,21,ACGCGGAGCGTCATAATTAA,0,4235473
yadE_predicted,0.045454545454545456,21,21,ACCTACCGCGCCGTTCGCAG,0,4185491
yadE_predicted,0.045454545454545456,21,21,ACCCGGTTTCGTGTAGAACA,0,4184554
yadE_predicted,0.045454545454545456,21,21,ACCATGCGTCAGTTGGGAAA,0,4172026
yadE_predicted,0.045454545454545456,21,21,ACATAGTCCCATGCACCTGA,0,4230909
yadE_predicted,0.045454545454545456,21,21,ACAGAACTCTGTTCGGTCAT,0,4160035
yadE_predicted,0.045454545454545456,21,21,ACACCCGGGGCGTCGTTCAC,0,4161361
yadE_predicted,0.045454545454545456,21,21,ACACATACGTCAGAGGGATG,0,4164971
yadE_predicted,0.045454545454545456,21,21,ACAAGGGTGGGCGGAATGTA,0,4236029
yadE_predicted,0.045454545454545456,21,21,AATGCTTTGGCCAGCACTGT,0,4223583
yadE_predicted,0.045454545454545456,21,21,AATCCCGCAACGAGTTGGCC,0,4214876
yadE_predicted,0.045454545454545456,21,21,AAGTCTCGACAAATACGGGT,0,4223773
yadE_predicted,0.045454545454545456,21,21,AACTTTAGCAATGTGCTGAC,0,4233131
yadE_predicted,0.045454545454545456,21,21,AACTCCTAATTGGCACTTCT,0,4204439
yadE_predicted,0.045454545454545456,21,21,AACAAGTCCTTAACTATATC,0,4176245
yadE_predicted,0.045454545454545456,21,21,AAAGAGCTAGTAATTCCGAT,0,4217504
yadE_predicted,0.045454545454545456,21,21,AAAGACTCGTTTTATACTAT,0,4209944
yadE_predicted,0.045454545454545456,21,21,AAACGGCCTGGGACCAAAGA,0,4204246
yadE_predicted,0.047619047619047616,20,20,TTTTGTCTGGCCGTGAATAG,0,4187336
yadE_predicted,0.047619047619047616,20,20,TTTCTTGCGTATTTCCCACG,0,4170382
yadE_predicted,0.047619047619047616,20,20,TTTCTCTAATGCTTTGCAAT,0,4213867
yadE_predicted,0.047619047619047616,20,20,TTTCCAGGCCATTAGGGCTA,0,4177099
yadE_predicted,0.047619047619047616,20,20,TTGTAGCGGAATTCGGTTGA,0,4201828
yadE_predicted,0.047619047619047616,20,20,TTGGATCACTTGGCGAAGTT,0,4168715
yadE_predicted,0.047619047619047616,20,20,TTGGAAATGCGACATACTAT,0,4211378
yadE_predicted,0.047619047619047616,20,20,TTGCCATTCATAGAAGGTGT,0,4222541
yadE_predicted,0.047619047619047616,20,20,TTCTAATCCTGACGGCCTAA,0,4237374
yadE_predicted,0.047619047619047616,20,20,TTCGTACCAGGGTAAATTCA,0,4172223
yadE_predicted,0.047619047619047616,20,20,TTCGCGCCCGGCTGGTAGGG,0,4183803
yadE_predicted,0.047619047619047616,20,20,TTAGCACCAGAGAGTGCGTA,0,4209573
yadE_predicted,0.047619047619047616,20,20,TTAATAGTTCGGTTGGGAGA,0,4191272
yadE_predicted,0.047619047619047616,20,20,TTAAAACAAGCTATTGGTTG,0,4195490
yadE_predicted,0.047619047619047616,20,20,TGTTTCTCTTAGTATCGGGA,0,4196329
yadE_predicted,0.047619047619047616,20,20,TGTGGGTGGGTCACTTCTGC,0,4215449
yadE_predicted,0.047619047619047616,20,20,TGTAGGCCGATCAATTAGTT,0,4232471
yadE_predicted,0.047619047619047616,20,20,TGGTTTGGGTGGTTGATCTA,0,4163701
yadE_predicted,0.047619047619047616,20,20,TGGTCGCGGTTCATTAAGTG,0,4162501
yadE_predicted,0.047619047619047616,20,20,TGGTAACCAGTCCCCGGGGT,0,4218164
yadE_predicted,0.047619047619047616,20,20,TGGGCCAGCAGAACAAGCTA,0,4188221
yadE_predicted,0.047619047619047616,20,20,TGGATACGCGGCACAACCGG,0,4183265
yadE_predicted,0.047619047619047616,20,20,TGCGCCGTTCGCTTAGTGTA,0,4185701
yadE_predicted,0.047619047619047616,20,20,TGCGCAAGAACACGAGAGCC,0,4222260
yadE_predicted,0.047619047619047616,20,20,TGATTGTACGTTTCACAGAT,0,4238857
yadE_predicted,0.047619047619047616,20,20,TGATTGGTGAAACCTCGATT,0,4233433
yadE_predicted,0.047619047619047616,20,20,TGACCGCATGTTTCAATATG,0,4232515
yadE_predicted,0.047619047619047616,20,20,TGACCAACTTAGCCTAACGG,0,4212227
yadE_predicted,0.047619047619047616,20,20,TGAAGTATCGTGACATGTCC,0,4210031
yadE_predicted,0.047619047619047616,20,20,TGAACCGGCTGCCTCGACAT,0,4173445
yadE_predicted,0.047619047619047616,20,20,TCTTTCGTAGGTTACTTACA,0,4214869
yadE_predicted,0.047619047619047616,20,20,TCTGTCGTCAAATCGCAGCT,0,4167368
yadE_predicted,0.047619047619047616,20,20,TCTGTAGGCTGTGGGTTTCG,0,4176754
yadE_predicted,0.047619047619047616,20,20,TCTGGGAAATAAGTATGCAA,0,4190895
yadE_predicted,0.047619047619047616,20,20,TCTGCAGAATTGACGAAAGT,0,4178892
yadE_predicted,0.047619047619047616,20,20,TCTCGCGACTCTGTATAGGA,0,4161545
yadE_predicted,0.047619047619047616,20,20,TCTAATCAATCCAGGACTGC,0,4179601
yadE_predicted,0.047619047619047616,20,20,TCTAACTTTGATTCAGTTGC,0,4211371
yadE_predicted,0.047619047619047616,20,20,TCTAACCGCCTGGAGGCGTT,0,4176485
yadE_predicted,0.047619047619047616,20,20,TCGCCTACTTGTTTACGCCT,0,4196704
yadE_predicted,0.047619047619047616,20,20,TCGAGAAACGTGAGCTTCAG,0,4240338
yadE_predicted,0.047619047619047616,20,20,TCCTGTCAGTGTAGCGTAGA,0,4214661
yadE_predicted,0.047619047619047616,20,20,TCCTGCCCCATAGAGACGCT,0,4196073
yadE_predicted,0.047619047619047616,20,20,TCCGCAGGGCATTATATGTA,0,4229546
yadE_predicted,0.047619047619047616,20,20,TCCCTCCAGCGGCACTGTGA,0,4202990
yadE_predicted,0.047619047619047616,20,20,TCCCTATTCATACCGGCTGG,0,4167685
yadE_predicted,0.047619047619047616,20,20,TCCCGATCGGGACTGTAAGT,0,4197569
yadE_predicted,0.047619047619047616,20,20,TCCAACGCTCCGCAATATCT,0,4200762
yadE_predicted,0.047619047619047616,20,20,TCATCTCTTACGGACCTTGC,0,4205860
yadE_predicted,0.047619047619047616,20,20,TCATCCGTGTCTACTTATGT,0,4199588
yadE_predicted,0.047619047619047616,20,20,TCACTTTGACGGTCTGCCAG,0,4172118
yadE_predicted,0.047619047619047616,20,20,TCACCAAGCCGACACGAATC,0,4202622
yadE_predicted,0.047619047619047616,20,20,TCAAGTATCGTATGTCAGGA,0,4229275
yadE_predicted,0.047619047619047616,20,20,TATTCAGAGGTACAGTGTAT,0,4167849
yadE_predicted,0.047619047619047616,20,20,TATGGGTCCCATCGTTCGCC,0,4212285
yadE_predicted,0.047619047619047616,20,20,TATCTCGCTTTCATGCCGGA,0,4195721
yadE_predicted,0.047619047619047616,20,20,TATCAAGCCACGCTCTTAAT,0,4201038
yadE_predicted,0.047619047619047616,20,20,TATACGGAGCACGTTACACT,0,4195141
yadE_predicted,0.047619047619047616,20,20,TAGGCCCTCAAAGAGGCACG,0,4209744
yadE_predicted,0.047619047619047616,20,20,TACTTCCCCGGCGAATGAGA,0,4228296
yadE_predicted,0.047619047619047616,20,20,TACTCGTGCGGGCGGTATAA,0,4200570
yadE_predicted,0.047619047619047616,20,20,TACGCAGCATGATCGGGTGT,0,4196234
yadE_predicted,0.047619047619047616,20,20,TACAAGGAAGCTCGGATTAG,0,4221050
yadE_predicted,0.047619047619047616,20,20,TAATCTATGGTTGCCTAGTA,0,4210774
yadE_predicted,0.047619047619047616,20,20,TAAGTGTCACAGAATTCATC,0,4188783
yadE_predicted,0.047619047619047616,20,20,TAAGGGTTAAACGCACATCA,0,4193206
yadE_predicted,0.047619047619047616,20,20,TAAGGACACGAGCCGGAAGT,0,4218515
yadE_predicted,0.047619047619047616,20,20,TAAGCTGAGCCGGGGATTCA,0,4191820
yadE_predicted,0.047619047619047616,20,20,TAACTTTAGTCCTGCTCTCT,0,4178301
yadE_predicted,0.047619047619047616,20,20,TAACCCATCAGCCCGCATCT,0,4239560
yadE_predicted,0.047619047619047616,20,20,TAAAGTTTCACGCTATTACT,0,4210935
yadE_predicted,0.047619047619047616,20,20,TAAACAGCTGCAATATGTTT,0,4215648
yadE_predicted,0.047619047619047616,20,20,GTTTGGACCAGTATCGTTCC,0,4210161
yadE_predicted,0.047619047619047616,20,20,GTTGTGAGCGCTTTAAAAGG,0,4202811
yadE_predicted,0.047619047619047616,20,20,GTTATCCCGTTTGAGACTGG,0,4227491
yadE_predicted,0.047619047619047616,20,20,GTTATAAGGTAGACACCTAA,0,4204466
yadE_predicted,0.047619047619047616,20,20,GTTACGTCGTCAAATTGTCG,0,4206526
yadE_predicted,0.047619047619047616,20,20,GTGTGCTTATCCTAATCGGG,0,4167740
yadE_predicted,0.047619047619047616,20,20,GTCTTCTATATGCGGACTGA,0,4167886
yadE_predicted,0.047619047619047616,20,20,GTCTCAATGGTTCTGGTGAC,0,4207027
yadE_predicted,0.047619047619047616,20,20,GTCTACTGCCCGGGGGCCTA,0,4223182
yadE_predicted,0.047619047619047616,20,20,GTATAAGGCTTCAACACAAA,0,4169361
yadE_predicted,0.047619047619047616,20,20,GTAGTAAGAGGGCCAGCGTG,0,4207732
yadE_predicted,0.047619047619047616,20,20,GTACTGAGGGTAGAATCGTG,0,4237585
yadE_predicted,0.047619047619047616,20,20,GTACTCCTTGCGGTGACGAC,0,4231452
yadE_predicted,0.047619047619047616,20,20,GGTTGCGCGTAGCTGGAAAA,0,4224190
yadE_predicted,0.047619047619047616,20,20,GGTGGGATCGTGTAGAACTT,0,4239697
yadE_predicted,0.047619047619047616,20,20,GGTGCATTCCCGCCTGATTA,0,4217971
yadE_predicted,0.047619047619047616,20,20,GGTCGGATGCGTTGATCGGG,0,4193335
yadE_predicted,0.047619047619047616,20,20,GGGGCCAGTTTTGGTTTCTA,0,4229594
yadE_predicted,0.047619047619047616,20,20,GGCTCGAAACCAGCATCGCT,0,4177547
yadE_predicted,0.047619047619047616,20,20,GGCGTCGTTCTGGGGCTGTT,0,4168432
yadE_predicted,0.047619047619047616,20,20,GGCGGCTGTCAGGTCCTTCA,0,4229793
yadE_predicted,0.047619047619047616,20,20,GGCATACGGTTACTGAATGG,0,4172609
yadE_predicted,0.047619047619047616,20,20,GGACGCGCATTACCAAGCCC,0,4159759
yadE_predicted,0.047619047619047616,20,20,GGACGCGATTGGGACCTCAT,0,4209827
yadE_predicted,0.047619047619047616,20,20,GGACACGGGGAGTGGGTATT,0,4184296
yadE_predicted,0.047619047619047616,20,20,GCTGAAAAACGCCGCGTCCC,0,4169493
yadE_predicted,0.047619047619047616,20,20,GCGCTGAGATACCGATCTGC,0,4186477
yadE_predicted,0.047619047619047616,20,20,GCGACCGTCCGTCCGGAAAT,0,4193652
yadE_predicted,0.047619047619047616,20,20,GCCGTACCTCGAGAAGCCGT,0,4166241
yadE_predicted,0.047619047619047616,20,20,GCCATCAAGCAAAGAGATTG,0,4226369
yadE_predicted,0.047619047619047616,20,20,GCCAAGAAAAATTTGGTGGG,0,4177961
yadE_predicted,0.047619047619047616,20,20,GCATCCCCCCAGATTGGTTG,0,4204095
yadE_predicted,0.047619047619047616,20,20,GCAGGGGGCGCTGGCCCAGC,0,4177813
yadE_predicted,0.047619047619047616,20,20,GCACATGAGGCTACTGGCCG,0,4229418
yadE_predicted,0.047619047619047616,20,20,GCACAGCGGGGCTAGGGGCT,0,4204761
yadE_predicted,0.047619047619047616,20,20,GATTAGCCTACTACGGTCAC,0,4211259
yadE_predicted,0.047619047619047616,20,20,GATGGGTCCTCCAGGTTAAA,0,4209729
yadE_predicted,0.047619047619047616,20,20,GATCTCATCGCCCCCGGAGA,0,4175351
yadE_predicted,0.047619047619047616,20,20,GATATTTACCACGTGTGTAG,0,4175158
yadE_predicted,0.047619047619047616,20,20,GAGTTCATTTTTCATTGGGT,0,4224219
yadE_predicted,0.047619047619047616,20,20,GAGGTCATATCGTGAGGTCA,0,4197389
yadE_predicted,0.047619047619047616,20,20,GAGCATGCGTAGAAGCCTCA,0,4205841
yadE_predicted,0.047619047619047616,20,20,GAGAACGGCGTCAATCTTAT,0,4221166
yadE_predicted,0.047619047619047616,20,20,GACTCTCCACTAATTAGCGA,0,4214052
yadE_predicted,0.047619047619047616,20,20,GACTCGTAATTACAATAGGG,0,4194719
yadE_predicted,0.047619047619047616,20,20,GACATAATGGTTAAATAGAG,0,4231507
yadE_predicted,0.047619047619047616,20,20,GAAGGACATGTGCTCGACGG,0,4239294
yadE_predicted,0.047619047619047616,20,20,GAACTTTGGACGGCGTGGAC,0,4220780
yadE_predicted,0.047619047619047616,20,20,GAACCGTCCTCCTCGCGGAC,0,4171067
yadE_predicted,0.047619047619047616,20,20,CTTTATCAGCGCGGGTTTTA,0,4176162
yadE_predicted,0.047619047619047616,20,20,CTTGTTGATCAAAAACTCAA,0,4184904
yadE_predicted,0.047619047619047616,20,20,CTTCTGCAATTTCCTGGGAA,0,4167732
yadE_predicted,0.047619047619047616,20,20,CTTCATTCCACCAGGTACGA,0,4201841
yadE_predicted,0.047619047619047616,20,20,CTTATAGCCGATAGCTAGGG,0,4230250
yadE_predicted,0.047619047619047616,20,20,CTTAGCTCTCTGTACCACAA,0,4221248
yadE_predicted,0.047619047619047616,20,20,CTTAAAGTGGGGTGCCTTGA,0,4176868
yadE_predicted,0.047619047619047616,20,20,CTCGTCTAGCATTAACGATT,0,4215431
yadE_predicted,0.047619047619047616,20,20,CTCGGTCTGAGTTCCGCACT,0,4182432
yadE_predicted,0.047619047619047616,20,20,CTCGACGGGGCACCAATCAA,0,4166570
yadE_predicted,0.047619047619047616,20,20,CTATAGGTCAGGTGTAAAAA,0,4207396
yadE_predicted,0.047619047619047616,20,20,CTAGCCGTGCTATTCAGAGA,0,4214187
yadE_predicted,0.047619047619047616,20,20,CTAGCACTTACCGTCAGGAA,0,4238810
yadE_predicted,0.047619047619047616,20,20,CTAGATGGACCGTTACGCTC,0,4173293
yadE_predicted,0.047619047619047616,20,20,CTACGCCTCGGCTGAACAAA,0,4203629
yadE_predicted,0.047619047619047616,20,20,CTAATAACGACAGATGTTGC,0,4186795
yadE_predicted,0.047619047619047616,20,20,CGTTGGATCTTAAGCACCCA,0,4189041
yadE_predicted,0.047619047619047616,20,20,CGTTGATCGCTTTATGATGC,0,4198167
yadE_predicted,0.047619047619047616,20,20,CGTTCGTATGGAATTTTCGC,0,4231436
yadE_predicted,0.047619047619047616,20,20,CGTTCCTCAAACCGTGGCTC,0,4221041
yadE_predicted,0.047619047619047616,20,20,CGTCGAGAGGATCTCGAGAC,0,4162143
yadE_predicted,0.047619047619047616,20,20,CGTCCCGCATTTTGGGTTAT,0,4173769
yadE_predicted,0.047619047619047616,20,20,CGGGAGATTCTGCCGAGTTG,0,4190840
yadE_predicted,0.047619047619047616,20,20,CGGGACTCGGGACCTACAAG,0,4203074
yadE_predicted,0.047619047619047616,20,20,CGGCTAATGTCAATCATTTG,0,4208485
yadE_predicted,0.047619047619047616,20,20,CGGATGAGCAGCCAGGATGG,0,4161766
yadE_predicted,0.047619047619047616,20,20,CGGATATTCGTCGCTGTAGT,0,4190802
yadE_predicted,0.047619047619047616,20,20,CGCTTTGTTGCTCCTTCATG,0,4180272
yadE_predicted,0.047619047619047616,20,20,CGCGCGAAAAACAGAGAGGA,0,4193395
yadE_predicted,0.047619047619047616,20,20,CGCCCGTCGGAATGTCCATC,0,4195603
yadE_predicted,0.047619047619047616,20,20,CGATCCGCCTGGGGGGTGAA,0,4202099
yadE_predicted,0.047619047619047616,20,20,CGAGGTCATCTGACTCGTGA,0,4190915
yadE_predicted,0.047619047619047616,20,20,CGAGGCCTTATCGGTGGGGT,0,4173156
yadE_predicted,0.047619047619047616,20,20,CGAGATCTAAAGATTTACCA,0,4182898
yadE_predicted,0.047619047619047616,20,20,CGACGGCCCGGCGGAACTCT,0,4180880
yadE_predicted,0.047619047619047616,20,20,CCTTGCGGCTGTGCTGCTTT,0,4203816
yadE_predicted,0.047619047619047616,20,20,CCTTGAATAGACAATTTGAA,0,4196727
yadE_predicted,0.047619047619047616,20,20,CCTAGATGCATTTTCGCGAT,0,4190122
yadE_predicted,0.047619047619047616,20,20,CCGTTCGCAGCTGAAACCAT,0,4172908
yadE_predicted,0.047619047619047616,20,20,CCGCTGAGGTGGAGTCCGGT,0,4230432
yadE_predicted,0.047619047619047616,20,20,CCGATATTTGGCGACCGGGG,0,4192757
yadE_predicted,0.047619047619047616,20,20,CCGATATAACCCGTCGGGAA,0,4232152
yadE_predicted,0.047619047619047616,20,20,CCCTTAATCCCCGTAAAGAG,0,4160355
yadE_predicted,0.047619047619047616,20,20,CATTATTTAAGTTGCGTTTT,0,4173500
yadE_predicted,0.047619047619047616,20,20,CATCAAGCGAATGCGACCCC,0,4235000
yadE_predicted,0.047619047619047616,20,20,CATACTCGACAATAGTGTCC,0,4211194
yadE_predicted,0.047619047619047616,20,20,CATAATAGCCACCCCCACGT,0,4170595
yadE_predicted,0.047619047619047616,20,20,CATAAGGTTGATACAATTCT,0,4171206
yadE_predicted,0.047619047619047616,20,20,CAGGGGACACTACTAGGCTA,0,4227178
yadE_predicted,0.047619047619047616,20,20,CAGCCTCCATAACGACTCTA,0,4236116
yadE_predicted,0.047619047619047616,20,20,CAGAGTCAGGGAAAACTTTA,0,4165837
yadE_predicted,0.047619047619047616,20,20,CAGAACGGGTGCCCTCCGCT,0,4203811
yadE_predicted,0.047619047619047616,20,20,CACTGTTTTAGGATCAAATC,0,4207266
yadE_predicted,0.047619047619047616,20,20,CACGTTCGGCCTAAATAAAT,0,4164384
yadE_predicted,0.047619047619047616,20,20,CACGGCCCCCATATCGGAAT,0,4169649
yadE_predicted,0.047619047619047616,20,20,CACCGCCATCCCATACAAGA,0,4215524
yadE_predicted,0.047619047619047616,20,20,CAACGTTCGGAGACGTTAGC,0,4239478
yadE_predicted,0.047619047619047616,20,20,CAAAGCGGGTGAAGCCTGAC,0,4172519
yadE_predicted,0.047619047619047616,20,20,CAAAACTCTCTCGCGGCACA,0,4184371
yadE_predicted,0.047619047619047616,20,20,ATTTGGATACGCATTGATCA,0,4223227
yadE_predicted,0.047619047619047616,20,20,ATTGGCGACTCTTCGAGTTA,0,4213094
yadE_predicted,0.047619047619047616,20,20,ATTGGACCGATCTAGATGTT,0,4227473
yadE_predicted,0.047619047619047616,20,20,ATTGCACTTCATGTACCACA,0,4226281
yadE_predicted,0.047619047619047616,20,20,ATTCTCATGTGGAGTGACAA,0,4181032
yadE_predicted,0.047619047619047616,20,20,ATGTCTAGACTTTTTTCTGG,0,4239700
yadE_predicted,0.047619047619047616,20,20,ATGTCCTGTCTGATACCGCA,0,4164076
yadE_predicted,0.047619047619047616,20,20,ATGGATAGAGCCATCACTGT,0,4237337
yadE_predicted,0.047619047619047616,20,20,ATGCTAGATCTATCGACCAA,0,4202617
yadE_predicted,0.047619047619047616,20,20,ATGCGTCTTACTGTTCAGCA,0,4205028
yadE_predicted,0.047619047619047616,20,20,ATGCGTCTCCCATGTAGTCC,0,4211442
yadE_predicted,0.047619047619047616,20,20,ATGCGCTGCCTTCGCCCAGG,0,4172835
yadE_predicted,0.047619047619047616,20,20,ATCGTCCGGACAGGGTATCA,0,4197757
yadE_predicted,0.047619047619047616,20,20,ATCGGGAACTCCTACAGTTA,0,4162673
yadE_predicted,0.047619047619047616,20,20,ATCCAAATCTTACTAATCAA,0,4230869
yadE_predicted,0.047619047619047616,20,20,ATATGCTTTTCATCGGGTCA,0,4225594
yadE_predicted,0.047619047619047616,20,20,ATAGGATGTGTTGGGCATAA,0,4174777
yadE_predicted,0.047619047619047616,20,20,ATACTTACAGCTACATACGT,0,4207540
yadE_predicted,0.047619047619047616,20,20,ATACCCCTAACACAGCAGGC,0,4171544
yadE_predicted,0.047619047619047616,20,20,ATAACTTTTCCTTTGTACTG,0,4169957
yadE_predicted,0.047619047619047616,20,20,ATAACGACCGAGTTTGGCTA,0,4165934
yadE_predicted,0.047619047619047616,20,20,AGTTCACTTAAGATCGGTCA,0,4190352
yadE_predicted,0.047619047619047616,20,20,AGTGTAACTCTGATATGCTA,0,4165408
yadE_predicted,0.047619047619047616,20,20,AGTCTGGGTAAAAGATAGAT,0,4208504
yadE_predicted,0.047619047619047616,20,20,AGTCGGACAGATCGGCTGAT,0,4225985
yadE_predicted,0.047619047619047616,20,20,AGTACCAAGGTCCACCAGCA,0,4197721
yadE_predicted,0.047619047619047616,20,20,AGGGATGGTAAAGGTTCACT,0,4224127
yadE_predicted,0.047619047619047616,20,20,AGGCGGCTTCAAGGATGGGT,0,4225132
yadE_predicted,0.047619047619047616,20,20,AGGCCTAGTCCTATATAAAC,0,4161575
yadE_predicted,0.047619047619047616,20,20,AGGAAGACAAAAACGCCCGA,0,4231782
yadE_predicted,0.047619047619047616,20,20,AGCTGGTAACGCCGTGGACG,0,4219899
yadE_predicted,0.047619047619047616,20,20,AGCTGGGGCAGTGATTTTTA,0,4208635
yadE_predicted,0.047619047619047616,20,20,AGCGGGCTTGGCTCTGTTGC,0,4228761
yadE_predicted,0.047619047619047616,20,20,AGCGAAAACAATGACCGTTT,0,4203463
yadE_predicted,0.047619047619047616,20,20,AGCCTAGGCAAATTCATTCA,0,4219860
yadE_predicted,0.047619047619047616,20,20,AGCCCTGATCTGTTTGATTT,0,4179185
yadE_predicted,0.047619047619047616,20,20,AGATGCCGTCCGACAGTCTT,0,4163301
yadE_predicted,0.047619047619047616,20,20,AGAGTACAGGTGTGGCACAA,0,4172395
yadE_predicted,0.047619047619047616,20,20,AGACGTTCCTGCCTGCACGC,0,4236430
yadE_predicted,0.047619047619047616,20,20,AGAAGGTCCCCATTGACATA,0,4171852
yadE_predicted,0.047619047619047616,20,20,AGAAAGGCCAGGGCAATGCA,0,4184083
yadE_predicted,0.047619047619047616,20,20,AGAAACGGACCCAGGGTACT,0,4169129
yadE_predicted,0.047619047619047616,20,20,ACTTGCTGCCCCCCCGAAAA,0,4190340
yadE_predicted,0.047619047619047616,20,20,ACTGGCATTTATTTCAGACC,0,4188840
yadE_predicted,0.047619047619047616,20,20,ACTATTGCACCCGGGAGCCT,0,4235980
yadE_predicted,0.047619047619047616,20,20,ACGTTAGCATAATGCAACAA,0,4211308
yadE_predicted,0.047619047619047616,20,20,ACGCTTCTTCCTCACTAGGA,0,4225992
yadE_predicted,0.047619047619047616,20,20,ACGCCCAGGACCTAGTGGGG,0,4189265
yadE_predicted,0.047619047619047616,20,20,ACCTGCGTCATAAAGAGGGA,0,4175638
yadE_predicted,0.047619047619047616,20,20,ACCTATTAGGGCCAACCGAG,0,4240602
yadE_predicted,0.047619047619047616,20,20,ACCCAACGTTCTGGACCAGC,0,4226701
yadE_predicted,0.047619047619047616,20,20,ACATTGATGGAAGAACAGAG,0,4223344
yadE_predicted,0.047619047619047616,20,20,ACAGCCGGGAAGTGCTACAC,0,4171471
yadE_predicted,0.047619047619047616,20,20,ACACCAGTGCTTTATCAGTA,0,4201839
yadE_predicted,0.047619047619047616,20,20,ACAAAGGTTACGCATCATAC,0,4191283
yadE_predicted,0.047619047619047616,20,20,AATTATAGACTCCCTGTCGT,0,4210166
yadE_predicted,0.047619047619047616,20,20,AATGTCACGACACACACGAT,0,4238211
yadE_predicted,0.047619047619047616,20,20,AATCTATCGAAGAATCTGAA,0,4238855
yadE_predicted,0.047619047619047616,20,20,AATCCGTCATACTAAGAATT,0,4228143
yadE_predicted,0.047619047619047616,20,20,AATCATGTTGACAGTCAAAA,0,4170835
yadE_predicted,0.047619047619047616,20,20,AATAATGCGTAGTAGCAGAA,0,4201716
yadE_predicted,0.047619047619047616,20,20,AAGGAAGAGATGAAGGTCTC,0,4219762
yadE_predicted,0.047619047619047616,20,20,AAGGAAAGGTGTGGCCTCTT,0,4230799
yadE_predicted,0.047619047619047616,20,20,AAGCCCAAGCTTTTCGACTA,0,4238153
yadE_predicted,0.047619047619047616,20,20,AACCGCGTGACAAAACAAGG,0,4206720
yadE_predicted,0.047619047619047616,20,20,AAATGGACTTGACTGTGACT,0,4189877
yadE_predicted,0.047619047619047616,20,20,AAACTTGTATGTCCGAAAGA,0,4237726
yadE_predicted,0.047619047619047616,20,20,AAACTGTTGTCAATTGTATG,0,4163342
yadE_predicted,0.05,19,19,TTTGTGACCCATGTGAGGAC,0,4219016
yadE_predicted,0.05,19,19,TTTCAAGCTGGTCCCCCACC,0,4178885
yadE_predicted,0.05,19,19,TTTAATCTCAATATGCGGGT,0,4236549
yadE_predicted,0.05,19,19,TTTAAGTCGAAATGCCCATT,0,4191803
yadE_predicted,0.05,19,19,TTGTATGGCTCCAACCCTGA,0,4214341
yadE_predicted,0.05,19,19,TTGGTAAGTCCAGCTGAGTT,0,4228231
yadE_predicted,0.05,19,19,TTGGCTGTTTCGTGTAACAG,0,4206251
yadE_predicted,0.05,19,19,TTGGATGAAACATTCTGTCT,0,4235658
yadE_predicted,0.05,19,19,TTGCGTCCCTTTGCGCGTCA,0,4189138
yadE_predicted,0.05,19,19,TTGCCGAAGGGTTGTGTCCA,0,4172753
yadE_predicted,0.05,19,19,TTCCTGCACACGCAACTGAC,0,4200961
yadE_predicted,0.05,19,19,TTCAGCTCTACTTGAGCATG,0,4177248
yadE_predicted,0.05,19,19,TTAGCGATCACAAGAGCAGA,0,4205853
yadE_predicted,0.05,19,19,TTACTGCTATCACGACTGAG,0,4170213
yadE_predicted,0.05,19,19,TTACGTCAGGGCCAGCTTAT,0,4209199
yadE_predicted,0.05,19,19,TTAACATTACCGCCGAGTCT,0,4200557
yadE_predicted,0.05,19,19,TGTTGTATCAATTTTTTGTC,0,4224446
yadE_predicted,0.05,19,19,TGTTGCGCAGCACAGGATCG,0,4237193
yadE_predicted,0.05,19,19,TGTGACGTACCTTCACGAGA,0,4200145
yadE_predicted,0.05,19,19,TGGTTCCGTATGTGGGGGCT,0,4189545
yadE_predicted,0.05,19,19,TGGGATTACGGCACATACCT,0,4162596
yadE_predicted,0.05,19,19,TGGGACTTTCAACCACATGA,0,4171050
yadE_predicted,0.05,19,19,TGGGAACTTGCATGCACACT,0,4222381
yadE_predicted,0.05,19,19,TGGCCGCCTTTTTTTCAAGT,0,4178101
yadE_predicted,0.05,19,19,TGGATCCATTCTAGATTATA,0,4228208
yadE_predicted,0.05,19,19,TGCGCGTTTCATTAGCACAA,0,4166863
yadE_predicted,0.05,19,19,TGCGCAGGTCGGAAAGCGAC,0,4200456
yadE_predicted,0.05,19,19,TGCAGAGGTACCCCATTTTT,0,4183420
yadE_predicted,0.05,19,19,TGATGTCCTGCAACATCGCT,0,4172483
yadE_predicted,0.05,19,19,TGATCTTGATGGGACATTTG,0,4192104
yadE_predicted,0.05,19,19,TGAGTATCTTACACATGTAG,0,4188078
yadE_predicted,0.05,19,19,TGACAGAAATGCCAAAACAA,0,4193399
yadE_predicted,0.05,19,19,TCTGCCTGCGTCACCAGTTA,0,4178724
yadE_predicted,0.05,19,19,TCTCAGCAAGAAGATACTTT,0,4212002
yadE_predicted,0.05,19,19,TCGTGAGTACGAGAGGACAA,0,4175380
yadE_predicted,0.05,19,19,TCGTATTATCGGCTCAAGGA,0,4218214
yadE_predicted,0.05,19,19,TCGGCAGTGACTGTGATAGT,0,4170008
yadE_predicted,0.05,19,19,TCGCCCCGACGCGGAAAGCA,0,4179939
yadE_predicted,0.05,19,19,TCCTTAAACTTGAGCAAGGG,0,4217495
yadE_predicted,0.05,19,19,TCCTGACACCTCACAGAGTT,0,4198772
yadE_predicted,0.05,19,19,TCCGCGCCCTCTGGTTCGTA,0,4215638
yadE_predicted,0.05,19,19,TCCACGTTTGCATCCCTATT,0,4189630
yadE_predicted,0.05,19,19,TCATAGGCTTCCAGGTTTGC,0,4225381
yadE_predicted,0.05,19,19,TCAGCGGACGTCGAGGAAGG,0,4231787
yadE_predicted,0.05,19,19,TCAGCACCCTACACTTCCTA,0,4179604
yadE_predicted,0.05,19,19,TCAAGGCACGGGGGCTCCGA,0,4194328
yadE_predicted,0.05,19,19,TCAAGACATCTATTGGTGAA,0,4208854
yadE_predicted,0.05,19,19,TATTGTACTCCACGGGGTGA,0,4227376
yadE_predicted,0.05,19,19,TATTGACAATCGGTTGCGTC,0,4166362
yadE_predicted,0.05,19,19,TATTACATATCGCCAACCTG,0,4161860
yadE_predicted,0.05,19,19,TATCTGGGGTGGGGAGCTGA,0,4163383
yadE_predicted,0.05,19,19,TATCAATTTGACAACGGGGT,0,4234745
yadE_predicted,0.05,19,19,TATATCAACATGTGCTCGGC,0,4198925
yadE_predicted,0.05,19,19,TAGCCCGAATCAGAAAAACA,0,4192223
yadE_predicted,0.05,19,19,TAGATAATAATGTGTGTTGG,0,4179084
yadE_predicted,0.05,19,19,TAGAAGATGCTAGTTAGTCA,0,4203789
yadE_predicted,0.05,19,19,TACAGTACCTCGACCACGGT,0,4192973
yadE_predicted,0.05,19,19,TAATCGTCTACCCTGGGGGT,0,4178405
yadE_predicted,0.05,19,19,TAACTGTCAAAAAGCTTGGT,0,4229090
yadE_predicted,0.05,19,19,TAAAGGGATAAACTCAGTAC,0,4217865
yadE_predicted,0.05,19,19,TAAAGATGGAGTAAGTTCAT,0,4203826
yadE_predicted,0.05,19,19,TAAAAACAGGGAAGCACTGG,0,4221842
yadE_predicted,0.05,19,19,GTTTCTACCAGAGTCGTCTG,0,4218402
yadE_predicted,0.05,19,19,GTTGGCCTACCGGTCTGAAA,0,4160730
yadE_predicted,0.05,19,19,GTTCCTACTTACAAAATAAT,0,4181406
yadE_predicted,0.05,19,19,GTTCCTAACGATGTTAAAAT,0,4225676
yadE_predicted,0.05,19,19,GTTCAATGGAAGCTGGAAAC,0,4167726
yadE_predicted,0.05,19,19,GTTAGGTGAGCCGAGCGATA,0,4231324
yadE_predicted,0.05,19,19,GTGTTCTATTGCCATGGTCT,0,4231438
yadE_predicted,0.05,19,19,GTGGCCACGGCGACCCCTCA,0,4206116
yadE_predicted,0.05,19,19,GTGCCTGCAGTAGACATGTG,0,4192716
yadE_predicted,0.05,19,19,GTCAGTGTCATTGCGCCGGT,0,4220380
yadE_predicted,0.05,19,19,GTCAGCTACTCGAGGATACG,0,4223520
yadE_predicted,0.05,19,19,GTCACGTAAGCTCTGTGTTG,0,4186272
yadE_predicted,0.05,19,19,GTATGATGGCGCCAAGCTAT,0,4160725
yadE_predicted,0.05,19,19,GTACGTCTGAATCAATTACG,0,4226769
yadE_predicted,0.05,19,19,GTACGTCCGTCGAATATAAT,0,4233900
yadE_predicted,0.05,19,19,GTACCGACGGCCTCCCCCAA,0,4203818
yadE_predicted,0.05,19,19,GTACCAGGTCAATTTCATTT,0,4196009
yadE_predicted,0.05,19,19,GTACAACCATACTTCACAGA,0,4205712
yadE_predicted,0.05,19,19,GTAAGCCTCCGCTTGGAGAC,0,4215570
yadE_predicted,0.05,19,19,GGTTGATGTCTTCGGGACAG,0,4164725
yadE_predicted,0.05,19,19,GGTGTAGCCCGGCCAGCCCC,0,4212398
yadE_predicted,0.05,19,19,GGTAGGTGTTGAGGCACAAG,0,4176036
yadE_predicted,0.05,19,19,GGGTTTGGTCCATTAACGGT,0,4241440
yadE_predicted,0.05,19,19,GGGGTGCTATGCGAGCTTGA,0,4218965
yadE_predicted,0.05,19,19,GGGGGTTTGTGTTCTGGGCG,0,4229455
yadE_predicted,0.05,19,19,GGGCTTCTTGAGATCATAGT,0,4231080
yadE_predicted,0.05,19,19,GGGAGCGAGGCCAGCTGGTA,0,4215475
yadE_predicted,0.05,19,19,GGCTCCGCAAATCATGACTT,0,4170051
yadE_predicted,0.05,19,19,GGCCATCGCCAGGGTCCAGC,0,4162302
yadE_predicted,0.05,19,19,GGCCAAGGGTGGGTAACCCG,0,4222383
yadE_predicted,0.05,19,19,GGCATCTTTGGGGCTGTTGT,0,4161762
yadE_predicted,0.05,19,19,GGCAAGGACAACGGCCGCCG,0,4185896
yadE_predicted,0.05,19,19,GGATGTCGGCTCGCAGGACA,0,4179191
yadE_predicted,0.05,19,19,GGAGCTGGAGCCAGTGCGCA,0,4168705
yadE_predicted,0.05,19,19,GGAGATGGGTTATGCGCGTA,0,4193485
yadE_predicted,0.05,19,19,GGACGTGCATGGCAGAACGG,0,4208583
yadE_predicted,0.05,19,19,GGAAGGATCTTATGGGCTCC,0,4234219
yadE_predicted,0.05,19,19,GCTCTGGATCTGGATGGACG,0,4227647
yadE_predicted,0.05,19,19,GCTCGACACGCTTGCCTAGT,0,4162844
yadE_predicted,0.05,19,19,GCGTGCGCTAACCGGAATCG,0,4177487
yadE_predicted,0.05,19,19,GCGGTTTCAGAAGTTCGGAT,0,4187575
yadE_predicted,0.05,19,19,GCGGTACTACATGGGCTAAA,0,4223330
yadE_predicted,0.05,19,19,GCGCGGTTATGATGTAGTTA,0,4196674
yadE_predicted,0.05,19,19,GCGCCCGGCGCAACTGCTGA,0,4197991
yadE_predicted,0.05,19,19,GCGAGTCTCTAGTAGTAAGG,0,4226165
yadE_predicted,0.05,19,19,GCGACGATAGCTGCTAGAAA,0,4160664
yadE_predicted,0.05,19,19,GCGACAGGAAAATTCAGCAA,0,4165288
yadE_predicted,0.05,19,19,GCCGCTGCGACCCATTCCGA,0,4226516
yadE_predicted,0.05,19,19,GCCCCGAGACTCCGACGGAT,0,4200077
yadE_predicted,0.05,19,19,GCCATCCTACGAAAGTGCAT,0,4197272
yadE_predicted,0.05,19,19,GCCACAGGCTAAGCACAAAG,0,4231779
yadE_predicted,0.05,19,19,GCCAAAAAGAAGCTCCGTGA,0,4192335
yadE_predicted,0.05,19,19,GCATCGACTCCCGTGCAGAA,0,4226452
yadE_predicted,0.05,19,19,GCATCCACAACAAATTCGAT,0,4182885
yadE_predicted,0.05,19,19,GCATATAGTTGTGGTGAGGT,0,4178358
yadE_predicted,0.05,19,19,GCAGACCCCTGATTTCCGGC,0,4180115
yadE_predicted,0.05,19,19,GATCGAAGAGGTTTTTGGTG,0,4186419
yadE_predicted,0.05,19,19,GATCCAGTTCTATTTTAGAG,0,4196965
yadE_predicted,0.05,19,19,GAGTGTATGGGCACCTACCA,0,4184184
yadE_predicted,0.05,19,19,GAGTGCATGTCTAGTAACAC,0,4190316
yadE_predicted,0.05,19,19,GAGTGAGGAAACAGTTCTCA,0,4229716
yadE_predicted,0.05,19,19,GAGGTACGCCGGCTCTGTGG,0,4193805
yadE_predicted,0.05,19,19,GAGGGCCACGTTTCGAGTAA,0,4201166
yadE_predicted,0.05,19,19,GACGAGGTTCGTGGGTGGCA,0,4186953
yadE_predicted,0.05,19,19,GAACGTTGGCTACCGGTCAC,0,4213579
yadE_predicted,0.05,19,19,GAACGCTAGCAAGACATTCG,0,4190780
yadE_predicted,0.05,19,19,GAAATCGTTATGCATACTCG,0,4182628
yadE_predicted,0.05,19,19,GAAAGGATCGAAACACGAAC,0,4235965
yadE_predicted,0.05,19,19,GAAAGATAGGACGTTTTCTA,0,4225127
yadE_predicted,0.05,19,19,CTTTGAAGCGACACTCCAGA,0,4201634
yadE_predicted,0.05,19,19,CTTGATGACTCGGCTGGCAA,0,4206896
yadE_predicted,0.05,19,19,CTTGAAAGGACACGTCTATA,0,4171228
yadE_predicted,0.05,19,19,CTTAGAGTGGTTTCTATATG,0,4222276
yadE_predicted,0.05,19,19,CTTACTTGTGCCCTTTTATT,0,4182700
yadE_predicted,0.05,19,19,CTGTGTCAACCCATCTGGGA,0,4237699
yadE_predicted,0.05,19,19,CTGCTCGACCAATTGATCCC,0,4211292
yadE_predicted,0.05,19,19,CTCTGTTTATGTTTTCCCAG,0,4234538
yadE_predicted,0.05,19,19,CTCTGTTGTGATGCTACGGT,0,4202439
yadE_predicted,0.05,19,19,CTCCTTCCGATGAGACATAC,0,4231096
yadE_predicted,0.05,19,19,CTCCTGCTTAATGTAAGGGG,0,4170746
yadE_predicted,0.05,19,19,CTCCCTCAGGAAGGTGGGTT,0,4230819
yadE_predicted,0.05,19,19,CTCCAATACAGATTAGAACG,0,4159715
yadE_predicted,0.05,19,19,CTCACTTGCTAAATTTAGGG,0,4199379
yadE_predicted,0.05,19,19,CTATTCTCTGGCAGTCAGCT,0,4236468
yadE_predicted,0.05,19,19,CTAGTTAAACGGTACGGTAC,0,4174930
yadE_predicted,0.05,19,19,CTAGTGCGGGACATTCCAGG,0,4218073
yadE_predicted,0.05,19,19,CTAGGGACCTAAATCCTTTA,0,4166682
yadE_predicted,0.05,19,19,CTACGGAAGGTCGTCCAAAC,0,4190402
yadE_predicted,0.05,19,19,CGTTTTTTAATCAGAGATGA,0,4234386
yadE_predicted,0.05,19,19,CGTTCGAGTATCTTTGTTGT,0,4200766
yadE_predicted,0.05,19,19,CGTCAGGGATTACTTCGGGG,0,4169491
yadE_predicted,0.05,19,19,CGTCAAAATAGACTTAGAAT,0,4184458
yadE_predicted,0.05,19,19,CGTAACTCCCAGGAGCAATA,0,4231963
yadE_predicted,0.05,19,19,CGGTTAGAGCGTTCACGGCT,0,4233921
yadE_predicted,0.05,19,19,CGGTGGTGGCTGAGTCAGGT,0,4170925
yadE_predicted,0.05,19,19,CGGCTATCCCCATCAGGGGA,0,4211928
yadE_predicted,0.05,19,19,CGGCAGACGAGACTCGGCTT,0,4229813
yadE_predicted,0.05,19,19,CGGATATTGGCCCGTCAAGT,0,4205090
yadE_predicted,0.05,19,19,CGGAGGGGATGTAGTGATCG,0,4188366
yadE_predicted,0.05,19,19,CGCGGCTTTGGACTAAAGGC,0,4170655
yadE_predicted,0.05,19,19,CGCGCGGCCTGAATGTTGTG,0,4206001
yadE_predicted,0.05,19,19,CGCATACCTTATGACGGGTA,0,4220540
yadE_predicted,0.05,19,19,CGCAGGTGACAAGTTTGTTT,0,4219594
yadE_predicted,0.05,19,19,CGATAGGCGTGATACAAGCG,0,4187878
yadE_predicted,0.05,19,19,CGAGGCCTAATAGTCTCGGT,0,4167070
yadE_predicted,0.05,19,19,CGAATGTATCTTTTTTGGAA,0,4199181
yadE_predicted,0.05,19,19,CCTTTACCACGTGAGGGTTC,0,4237159
yadE_predicted,0.05,19,19,CCTGTTTAATGAGTTTACTA,0,4231672
yadE_predicted,0.05,19,19,CCGGCTGCCTGGGGTCCCGT,0,4236349
yadE_predicted,0.05,19,19,CCGGACCACCCCCCCTAAGG,0,4203219
yadE_predicted,0.05,19,19,CCGCGTGAGTGACCGGGAAA,0,4221796
yadE_predicted,0.05,19,19,CCGCACGTGTGGTGGTACCA,0,4228569
yadE_predicted,0.05,19,19,CCCTACGCACATAGTGAGGT,0,4194243
yadE_predicted,0.05,19,19,CCCCTGCGCCCACAATGTGT,0,4221750
yadE_predicted,0.05,19,19,CCCCTGCATCAGAGTGAACG,0,4178666
yadE_predicted,0.05,19,19,CCCCGACGGTTAATCGTTGA,0,4182472
yadE_predicted,0.05,19,19,CCCAGGGCTCTTGGCTCACG,0,4225954
yadE_predicted,0.05,19,19,CCATTAGTACCGATGCGAAG,0,4204444
yadE_predicted,0.05,19,19,CCACCTAGTATTACAATTCA,0,4186343
yadE_predicted,0.05,19,19,CATTAGTAGCAACACGTCTC,0,4214234
yadE_predicted,0.05,19,19,CATGGAGTGTGGTTGGTCGT,0,4230572
yadE_predicted,0.05,19,19,CATCGGGGTGCCACGTTGAT,0,4163998
yadE_predicted,0.05,19,19,CATCCATTTCAAGACTTTAG,0,4217395
yadE_predicted,0.05,19,19,CATACGCCGTTCATTGAAGC,0,4176282
yadE_predicted,0.05,19,19,CAGTATGACCCATCTCTAGA,0,4209116
yadE_predicted,0.05,19,19,CAGCAGGGTTCACCTCCGGA,0,4179458
yadE_predicted,0.05,19,19,CAGAGTGGGCAAGCCGTAGC,0,4181429
yadE_predicted,0.05,19,19,CACTGATCGTATCGGCATAC,0,4171500
yadE_predicted,0.05,19,19,CACAAAGAAGTTCTCTACAC,0,4214920
yadE_predicted,0.05,19,19,CAATAGACAGAGTGATAACG,0,4211939
yadE_predicted,0.05,19,19,CAACATCCGGGACCCCTTTT,0,4233045
yadE_predicted,0.05,19,19,CAACAAGAAGCATTTGAATG,0,4233229
yadE_predicted,0.05,19,19,CAAAAGTGTTTGTGGGGAGT,0,4233531
yadE_predicted,0.05,19,19,ATTGCGTTAGGACTTGAAAG,0,4177866
yadE_predicted,0.05,19,19,ATTCTTCGCAAAGTCAAAGA,0,4235820
yadE_predicted,0.05,19,19,ATTCCAGCCAACAGGGGGAT,0,4180454
yadE_predicted,0.05,19,19,ATTCAACTGCGTTCTGGCCC,0,4223840
yadE_predicted,0.05,19,19,ATTATGCTAGAACGATGCCT,0,4208578
yadE_predicted,0.05,19,19,ATTAGGAGGGGAGACTTTAG,0,4180200
yadE_predicted,0.05,19,19,ATTACGGTATTCTTCGCGGA,0,4193243
yadE_predicted,0.05,19,19,ATTAATGGGAACGAGAGTTG,0,4211507
yadE_predicted,0.05,19,19,ATGGTACGCAATCTTACGAT,0,4232957
yadE_predicted,0.05,19,19,ATGCCCTAGCTATCGGGGAT,0,4189310
yadE_predicted,0.05,19,19,ATGAGGTTTTTGGACGCCCT,0,4187363
yadE_predicted,0.05,19,19,ATCTTGATCAGCGCGGCATA,0,4209907
yadE_predicted,0.05,19,19,ATCTGAAAAGAATTTAGGTC,0,4216680
yadE_predicted,0.05,19,19,ATCCGTCCGACGACCATTAA,0,4198542
yadE_predicted,0.05,19,19,ATCAGCGAGCACTCAGGATA,0,4163181
yadE_predicted,0.05,19,19,ATCAAAATAATCGCTTTCCA,0,4179599
yadE_predicted,0.05,19,19,ATATTACGAGTTTGGCAATC,0,4210095
yadE_predicted,0.05,19,19,ATAGGGTTGCTGCCAACGTT,0,4198302
yadE_predicted,0.05,19,19,AGTGACATTGGCAGACTGGA,0,4219002
yadE_predicted,0.05,19,19,AGTGAAATATGATGTATCAA,0,4181769
yadE_predicted,0.05,19,19,AGTATTTGAGAGTGTGTGCC,0,4218151
yadE_predicted,0.05,19,19,AGTACCAAGCCGGTTTGCCT,0,4170147
yadE_predicted,0.05,19,19,AGGTTGTTGGTCCCTTGTTC,0,4237300
yadE_predicted,0.05,19,19,AGGTGTTAGAACCTTTAGTT,0,4240780
yadE_predicted,0.05,19,19,AGGTAAGTCTCAACTGGCCT,0,4203562
yadE_predicted,0.05,19,19,AGGGTGCATCGGTCTAAGGA,0,4197501
yadE_predicted,0.05,19,19,AGGGCTGATGTGTATATTAG,0,4225092
yadE_predicted,0.05,19,19,AGGGATAATCCTATTGTTAG,0,4180588
yadE_predicted,0.05,19,19,AGGGACGTGCGGATTTGTCT,0,4203730
yadE_predicted,0.05,19,19,AGGATGCTCTATCTGTCTCT,0,4237479
yadE_predicted,0.05,19,19,AGCTGAGTCACCTCTGTGGA,0,4218227
yadE_predicted,0.05,19,19,AGCGGCAGGGAGTAGAAGGG,0,4187932
yadE_predicted,0.05,19,19,AGCCGGGGTTCAGTTATCTT,0,4189416
yadE_predicted,0.05,19,19,AGCAGAACATGTCTGTGATG,0,4192681
yadE_predicted,0.05,19,19,AGCAACGTTGGGTTGCCTTA,0,4223152
yadE_predicted,0.05,19,19,AGATATGGTTTAAAGGCTAT,0,4226052
yadE_predicted,0.05,19,19,AGAGCCCGCTACCACGTACG,0,4168771
yadE_predicted,0.05,19,19,AGACGAATGTAGCGCTGGTA,0,4196098
yadE_predicted,0.05,19,19,ACTTCAACGTCTTTCGGGGT,0,4199970
yadE_predicted,0.05,19,19,ACTGTGATGTCCAGTTGATC,0,4160599
yadE_predicted,0.05,19,19,ACGTGTGGGTCCCACTTGCT,0,4219316
yadE_predicted,0.05,19,19,ACGTAGCGTGTCTACTCTGA,0,4161529
yadE_predicted,0.05,19,19,ACCTGAGCGCGACGGCCTGT,0,4204298
yadE_predicted,0.05,19,19,ACATGAGAGCGCACCGTTAT,0,4205654
yadE_predicted,0.05,19,19,ACATCTCTCTGATGACGGAT,0,4226405
yadE_predicted,0.05,19,19,ACATCTACAATTGGAGCAGG,0,4191228
yadE_predicted,0.05,19,19,ACAGGGGCCTTGGACGGCAA,0,4171291
yadE_predicted,0.05,19,19,ACAGCCTCACTGTGAATCGT,0,4208494
yadE_predicted,0.05,19,19,ACAGATCCTGAGAATACGAT,0,4212919
yadE_predicted,0.05,19,19,ACACCGCCCTGGCTAAAAAT,0,4209079
yadE_predicted,0.05,19,19,ACAACTGGAGGCACTGATAC,0,4195900
yadE_predicted,0.05,19,19,AATTGACATATTACTGAATC,0,4241470
yadE_predicted,0.05,19,19,AATTCAATTTATGGAGAGCC,0,4203717
yadE_predicted,0.05,19,19,AAGCAGCGAAGTAGCGTCTT,0,4215292
yadE_predicted,0.05,19,19,AACTGGCGGCTATACGCCGC,0,4177848
yadE_predicted,0.05,19,19,AACGGTGGGATTTCATGGTC,0,4179769
yadE_predicted,0.05,19,19,AACGGGATTACTAAGACGTA,0,4185355
yadE_predicted,0.05,19,19,AACCCATTCCCCGTTGACTA,0,4176450
yadE_predicted,0.05,19,19,AACAAATGGTACTCATGATA,0,4205091
yadE_predicted,0.05,19,19,AAAGTTACCTTGCGCGCAAT,0,4230113
yadE_predicted,0.05,19,19,AAACGCAGCGAGAGATCAGG,0,4218611
yadE_predicted,0.05,19,19,AAAAGGCACGGGCGAAAAGT,0,4221994
yadE_predicted,0.05,19,19,AAAAGCTTCACAGTCCTTCG,0,4212679
yadE_predicted,0.05263157894736842,18,18,TTTCTTGTAATCAAGACCTT,0,4239836
yadE_predicted,0.05263157894736842,18,18,TTTAGTTCAAGAGAAAGGCT,0,4233629
yadE_predicted,0.05263157894736842,18,18,TTGTACACTCCACGCTCCAA,0,4229383
yadE_predicted,0.05263157894736842,18,18,TTGCGCAGTGGAGGAACTGG,0,4203165
yadE_predicted,0.05263157894736842,18,18,TTGCATTAAGCCCTCACACC,0,4161121
yadE_predicted,0.05263157894736842,18,18,TTGAGTATCACCGTTCCATC,0,4187623
yadE_predicted,0.05263157894736842,18,18,TTCTCAGGGATCGTTGTCAT,0,4181548
yadE_predicted,0.05263157894736842,18,18,TTCGTGGTAACGATGTAAGA,0,4224995
yadE_predicted,0.05263157894736842,18,18,TTCGCGTGCTAGCTCTGTCC,0,4207263
yadE_predicted,0.05263157894736842,18,18,TTCAGGGCTTTATCGAAGAG,0,4222304
yadE_predicted,0.05263157894736842,18,18,TTCAAGGAAGGATATTGGAT,0,4210479
yadE_predicted,0.05263157894736842,18,18,TTATAACAGAAAAAGCCGAA,0,4202521
yadE_predicted,0.05263157894736842,18,18,TGTTATCAGAAAGGTATCCG,0,4182425
yadE_predicted,0.05263157894736842,18,18,TGTGCAGCAGTTGTTAGTCC,0,4186766
yadE_predicted,0.05263157894736842,18,18,TGGTGGCAAGGTCATGCCCT,0,4223799
yadE_predicted,0.05263157894736842,18,18,TGGTGCAATATACCAAACCA,0,4192899
yadE_predicted,0.05263157894736842,18,18,TGGCAATGGAATGTAGACTA,0,4200840
yadE_predicted,0.05263157894736842,18,18,TGCTTCATGGAGAGTAGTAA,0,4206060
yadE_predicted,0.05263157894736842,18,18,TGCTCGGAAGACGTTAGTCA,0,4201796
yadE_predicted,0.05263157894736842,18,18,TGCTAAGGAATACTATAGCC,0,4234942
yadE_predicted,0.05263157894736842,18,18,TGCGGCGTGCATAGGGTTGT,0,4203366
yadE_predicted,0.05263157894736842,18,18,TGCGGCCATCTCGCCAAGTC,0,4211151
yadE_predicted,0.05263157894736842,18,18,TGCGAGGCCTTCAGATACAT,0,4209328
yadE_predicted,0.05263157894736842,18,18,TGCCCAAGATCGCTGGTTAA,0,4237524
yadE_predicted,0.05263157894736842,18,18,TGCATTACGGCATTGTGCGG,0,4163468
yadE_predicted,0.05263157894736842,18,18,TGCATGTTATTCTTTATCTG,0,4226007
yadE_predicted,0.05263157894736842,18,18,TGCAACCAGCGAAAAGGTAT,0,4169574
yadE_predicted,0.05263157894736842,18,18,TGATCTAGTAAGCCAAACTA,0,4195011
yadE_predicted,0.05263157894736842,18,18,TGAGCGGTTCCTGCCCGAGA,0,4219445
yadE_predicted,0.05263157894736842,18,18,TGACCTCTACGACGATCTGT,0,4224564
yadE_predicted,0.05263157894736842,18,18,TGAACGTCCTAGACTGCTTT,0,4185966
yadE_predicted,0.05263157894736842,18,18,TCTTTGTCACACGGCTGGAT,0,4239332
yadE_predicted,0.05263157894736842,18,18,TCTGGTAAGTCGCCATCATG,0,4190396
yadE_predicted,0.05263157894736842,18,18,TCTGATGACCTGAAATCCTT,0,4169332
yadE_predicted,0.05263157894736842,18,18,TCTCTGAGGGATCCGCATAT,0,4225531
yadE_predicted,0.05263157894736842,18,18,TCTCACAGTGGGTATTGGTC,0,4168139
yadE_predicted,0.05263157894736842,18,18,TCGTTTATGCGGATTCCGGT,0,4186427
yadE_predicted,0.05263157894736842,18,18,TCGTTGGGCGTAATTACCGT,0,4192326
yadE_predicted,0.05263157894736842,18,18,TCGTGCCGTCATTGAGTTAG,0,4167453
yadE_predicted,0.05263157894736842,18,18,TCGGGTACGAACTTGCATCT,0,4217226
yadE_predicted,0.05263157894736842,18,18,TCGGGGACGAGGTCAGGGAT,0,4228539
yadE_predicted,0.05263157894736842,18,18,TCGGGAGACGCCCGCAATGT,0,4166766
yadE_predicted,0.05263157894736842,18,18,TCGGGACATCGGAGACACAA,0,4223655
yadE_predicted,0.05263157894736842,18,18,TCGGCCGCACTTCGTATCTG,0,4163440
yadE_predicted,0.05263157894736842,18,18,TCGAGTAAACAGGTAGCTTT,0,4239224
yadE_predicted,0.05263157894736842,18,18,TCCTGTGTAGGCGCTAACAA,0,4235550
yadE_predicted,0.05263157894736842,18,18,TCCTGAGTCCACTCCTAATC,0,4192790
yadE_predicted,0.05263157894736842,18,18,TCCGCAACTGGTCGAGCAGG,0,4207810
yadE_predicted,0.05263157894736842,18,18,TCCCGAGGAGGAGCCGTTAT,0,4234420
yadE_predicted,0.05263157894736842,18,18,TCATGGCAAAGTAACGTTTT,0,4185714
yadE_predicted,0.05263157894736842,18,18,TCATACTTTTATGGTTCAAT,0,4213644
yadE_predicted,0.05263157894736842,18,18,TCAGGTGGGTAACTAAAGGC,0,4183771
yadE_predicted,0.05263157894736842,18,18,TCACTCTTACTGGACATAAT,0,4201104
yadE_predicted,0.05263157894736842,18,18,TATGTTGTGCACCACATAGC,0,4237254
yadE_predicted,0.05263157894736842,18,18,TATGGAATACTAACTCGGAC,0,4198178
yadE_predicted,0.05263157894736842,18,18,TATGCCCATCTAGGGGGTTG,0,4199408
yadE_predicted,0.05263157894736842,18,18,TAGGACAAACCGCAGCCCCG,0,4197846
yadE_predicted,0.05263157894736842,18,18,TACCTAACATGTTACTTCAC,0,4236018
yadE_predicted,0.05263157894736842,18,18,TACACTGAACTACAAGTGAT,0,4185779
yadE_predicted,0.05263157894736842,18,18,TACAATCTGGTAGACGTCGT,0,4198841
yadE_predicted,0.05263157894736842,18,18,TACAACTTCTTAGGCGCAAA,0,4198761
yadE_predicted,0.05263157894736842,18,18,TAATTACGCGACTGACCACT,0,4219588
yadE_predicted,0.05263157894736842,18,18,TAATCTGATCCGCGGCGAAA,0,4231949
yadE_predicted,0.05263157894736842,18,18,TAAGTGAAAAAGATCTCCAA,0,4203619
yadE_predicted,0.05263157894736842,18,18,TAAGCTGCCACTGCAACTCG,0,4221843
yadE_predicted,0.05263157894736842,18,18,TAAAGGGCGCATCTGTCCCG,0,4166218
yadE_predicted,0.05263157894736842,18,18,TAAAAAATGGGAGTAAGCTT,0,4212770
yadE_predicted,0.05263157894736842,18,18,GTTTTGTCCATCAGCAATAT,0,4236146
yadE_predicted,0.05263157894736842,18,18,GTTTATTCTCCATGTATAAA,0,4161250
yadE_predicted,0.05263157894736842,18,18,GTTGTCGTTGGCACAGTTGA,0,4229593
yadE_predicted,0.05263157894736842,18,18,GTTCCCCATCTCCCATTTTA,0,4177394
yadE_predicted,0.05263157894736842,18,18,GTTATGGACCATAACGGTTC,0,4170054
yadE_predicted,0.05263157894736842,18,18,GTCTCACCCGGAGAGTCTTT,0,4167619
yadE_predicted,0.05263157894736842,18,18,GTCTACATGCTTAAGGGTTT,0,4229519
yadE_predicted,0.05263157894736842,18,18,GTATTGCATTCTACTAGGCA,0,4185108
yadE_predicted,0.05263157894736842,18,18,GTATGGCAACTAGCAGTGTT,0,4211111
yadE_predicted,0.05263157894736842,18,18,GTACTTGTGGAGGCCAAACA,0,4202901
yadE_predicted,0.05263157894736842,18,18,GTACCGGGTGCTTCCGAAGT,0,4198680
yadE_predicted,0.05263157894736842,18,18,GTAACTGTGAGTACGGCATT,0,4165173
yadE_predicted,0.05263157894736842,18,18,GTAACCGTCAAAGCTTTGGA,0,4218306
yadE_predicted,0.05263157894736842,18,18,GGTCTTAGCCAAAGTAAGCC,0,4239846
yadE_predicted,0.05263157894736842,18,18,GGTAACCAAGTCGCTAAGAA,0,4167791
yadE_predicted,0.05263157894736842,18,18,GGGGTAGAGCTGAGTTCACT,0,4217232
yadE_predicted,0.05263157894736842,18,18,GGGGAACGTTAGATCAATAG,0,4208991
yadE_predicted,0.05263157894736842,18,18,GGGCACGTCCGGCTCAGCCT,0,4190967
yadE_predicted,0.05263157894736842,18,18,GGCTACCAGGGTAGCGTACT,0,4215899
yadE_predicted,0.05263157894736842,18,18,GGCGGGGTCAAGGCAAGATT,0,4177722
yadE_predicted,0.05263157894736842,18,18,GGCATTTATAAACACCTAGT,0,4202155
yadE_predicted,0.05263157894736842,18,18,GGCATACGCCCGGAATTATA,0,4190900
yadE_predicted,0.05263157894736842,18,18,GGCAAAGCTAAGCGGCATAG,0,4204553
yadE_predicted,0.05263157894736842,18,18,GGAGTTTAAAAATTTGGGGT,0,4223634
yadE_predicted,0.05263157894736842,18,18,GGACTGTTAAGATCTATGAA,0,4220485
yadE_predicted,0.05263157894736842,18,18,GGAATATCGGTTAGGTGATA,0,4174282
yadE_predicted,0.05263157894736842,18,18,GCTTAAAATCGAGTTGCGGA,0,4206729
yadE_predicted,0.05263157894736842,18,18,GCTGCGCATATGGCCCGGGG,0,4168082
yadE_predicted,0.05263157894736842,18,18,GCTCATGTGCTAATGACCAT,0,4166166
yadE_predicted,0.05263157894736842,18,18,GCGTGGAGCTTGCTTGGAAT,0,4229936
yadE_predicted,0.05263157894736842,18,18,GCGGGAGCCATGTAATATGT,0,4181870
yadE_predicted,0.05263157894736842,18,18,GCGGCTTGAATCAACCGGGA,0,4223141
yadE_predicted,0.05263157894736842,18,18,GCGGAGAGCGGTCAAACACG,0,4174602
yadE_predicted,0.05263157894736842,18,18,GCGACGGAAGGTAGGCGCTA,0,4237171
yadE_predicted,0.05263157894736842,18,18,GCCTACTGTCAGGGATACAA,0,4193947
yadE_predicted,0.05263157894736842,18,18,GCCGGGTTCCGACGCTTTCG,0,4183144
yadE_predicted,0.05263157894736842,18,18,GCCGAGTAAACATTACACTC,0,4189283
yadE_predicted,0.05263157894736842,18,18,GCCGAGCACAGAACTTAACA,0,4175663
yadE_predicted,0.05263157894736842,18,18,GCCCGGAGTGCATGCACCCA,0,4211046
yadE_predicted,0.05263157894736842,18,18,GCCCAGTAGTTTAGCAGTTT,0,4205087
yadE_predicted,0.05263157894736842,18,18,GCCATGTGGTCTATTTTACT,0,4222330
yadE_predicted,0.05263157894736842,18,18,GCATTTGATGGGGAGCACTT,0,4181286
yadE_predicted,0.05263157894736842,18,18,GCATGTCCTGGTTGCGCGGA,0,4190129
yadE_predicted,0.05263157894736842,18,18,GCATATCCACTTGATACCCA,0,4162341
yadE_predicted,0.05263157894736842,18,18,GCAGTCATAGACCGCTCTTG,0,4241270
yadE_predicted,0.05263157894736842,18,18,GCAGGGTTGCATACGTCGGT,0,4160716
yadE_predicted,0.05263157894736842,18,18,GCAATGAATTGGATATTCGG,0,4228449
yadE_predicted,0.05263157894736842,18,18,GCAAAATGCAAGTTATGTGT,0,4214756
yadE_predicted,0.05263157894736842,18,18,GATATCTCAGCGAAGGTGCT,0,4159734
yadE_predicted,0.05263157894736842,18,18,GAGTTTTGTCCCTTCCGGCA,0,4240727
yadE_predicted,0.05263157894736842,18,18,GAGGTGGCGTCGCTGAGGGT,0,4214198
yadE_predicted,0.05263157894736842,18,18,GAGCGGACACCCCATGCCCT,0,4213641
yadE_predicted,0.05263157894736842,18,18,GAGCCACAGGGCGTCGGTTG,0,4174841
yadE_predicted,0.05263157894736842,18,18,GAGACACCGTGCTCAAGTTC,0,4221436
yadE_predicted,0.05263157894736842,18,18,GACTGTAATGTAGGTTTCAT,0,4223475
yadE_predicted,0.05263157894736842,18,18,GACGTTCGCTTGAGCGAGGG,0,4186892
yadE_predicted,0.05263157894736842,18,18,GACCGACCCAGTAACGCGTG,0,4203966
yadE_predicted,0.05263157894736842,18,18,GACCGAATTTGTTTTGCGCG,0,4192201
yadE_predicted,0.05263157894736842,18,18,GAATCTCGATAAGTCACGGT,0,4172226
yadE_predicted,0.05263157894736842,18,18,GAATACTCAAAATTACTAAA,0,4179922
yadE_predicted,0.05263157894736842,18,18,GAAGGGGGAGTCTTATGGGT,0,4236055
yadE_predicted,0.05263157894736842,18,18,GAACTAATTTCTCCACACCT,0,4180644
yadE_predicted,0.05263157894736842,18,18,CTTTAGCACGTCTTCACCAC,0,4170036
yadE_predicted,0.05263157894736842,18,18,CTTGTCCCGGGATAGGACTT,0,4166858
yadE_predicted,0.05263157894736842,18,18,CTGTGCTACGCATAGAATGA,0,4169442
yadE_predicted,0.05263157894736842,18,18,CTGGGATGGTGTCGTGGGGG,0,4168002
yadE_predicted,0.05263157894736842,18,18,CTGAAGACACGCGGCTAGGC,0,4205721
yadE_predicted,0.05263157894736842,18,18,CTCGGGATGATAGGCTTGAG,0,4169996
yadE_predicted,0.05263157894736842,18,18,CTCACCTTCGGGCTTTACCT,0,4172024
yadE_predicted,0.05263157894736842,18,18,CTATCGGGTCGTTACTGAAA,0,4171157
yadE_predicted,0.05263157894736842,18,18,CTAGTAGTCTAATTAGCGGT,0,4168780
yadE_predicted,0.05263157894736842,18,18,CTAGGATCTCGGCTGAACAT,0,4183176
yadE_predicted,0.05263157894736842,18,18,CTAACAACGTGCATACTCCA,0,4198289
yadE_predicted,0.05263157894736842,18,18,CGTTAAAACATCCCTCAGCA,0,4236362
yadE_predicted,0.05263157894736842,18,18,CGTGGACACGGTTCACCAGG,0,4173828
yadE_predicted,0.05263157894736842,18,18,CGTCGTCCGATATTTACCTG,0,4180393
yadE_predicted,0.05263157894736842,18,18,CGTCCGGCAGTCCCCGCTCG,0,4188474
yadE_predicted,0.05263157894736842,18,18,CGTCATTCGCGCCACGAGGT,0,4192609
yadE_predicted,0.05263157894736842,18,18,CGTACCCGCTGACGATGGTC,0,4224828
yadE_predicted,0.05263157894736842,18,18,CGGGTATCGCGCAGATTACT,0,4237641
yadE_predicted,0.05263157894736842,18,18,CGGGGCTACAGTGCTAGCGG,0,4190428
yadE_predicted,0.05263157894736842,18,18,CGGGCAGCGCAGTGGCTCAG,0,4204158
yadE_predicted,0.05263157894736842,18,18,CGGCCCGAATCCACGATTAG,0,4177819
yadE_predicted,0.05263157894736842,18,18,CGGCACTTAACGGAAAACGA,0,4234907
yadE_predicted,0.05263157894736842,18,18,CGGAGGTTGAATCCAGACGA,0,4205506
yadE_predicted,0.05263157894736842,18,18,CGGAGCACTGATGCGGCAGA,0,4163781
yadE_predicted,0.05263157894736842,18,18,CGCGTCAATCAAATCGAGTG,0,4194238
yadE_predicted,0.05263157894736842,18,18,CGCGCTGCCTTATCATGCGC,0,4222635
yadE_predicted,0.05263157894736842,18,18,CGCCGTGGCTAAATACCTCC,0,4199973
yadE_predicted,0.05263157894736842,18,18,CGCCCCTTAACCATATAGAG,0,4174258
yadE_predicted,0.05263157894736842,18,18,CGCATCAGTGCGAAGGCACA,0,4186767
yadE_predicted,0.05263157894736842,18,18,CGATCTAGTGAACAGTTGGA,0,4177372
yadE_predicted,0.05263157894736842,18,18,CGACACTTAGGACCAACACT,0,4180521
yadE_predicted,0.05263157894736842,18,18,CGAAGCGACTCAGTTCCCTC,0,4180813
yadE_predicted,0.05263157894736842,18,18,CGAAAGGAGAACCCTTCGCT,0,4210714
yadE_predicted,0.05263157894736842,18,18,CCTTACGCGAATCCGGGGCA,0,4221294
yadE_predicted,0.05263157894736842,18,18,CCTCTTGGACTGGCACCAGT,0,4164795
yadE_predicted,0.05263157894736842,18,18,CCTCCTGGTCGTTAAGTACT,0,4173046
yadE_predicted,0.05263157894736842,18,18,CCTATACCACCGGATGTGAG,0,4183870
yadE_predicted,0.05263157894736842,18,18,CCGTTAGCATGTGTTAGTAG,0,4172526
yadE_predicted,0.05263157894736842,18,18,CCGTGTTATCGTACGCGGCT,0,4179788
yadE_predicted,0.05263157894736842,18,18,CCGTGGTCCAACCAGGTCTT,0,4225634
yadE_predicted,0.05263157894736842,18,18,CCGGGACAAGCTGCATATGA,0,4213473
yadE_predicted,0.05263157894736842,18,18,CCGCGGCTGTGGACTTAGGG,0,4225842
yadE_predicted,0.05263157894736842,18,18,CCGCACTCTGTCTGCTATGC,0,4162347
yadE_predicted,0.05263157894736842,18,18,CCGAAGCGCTCAAGGTCTCG,0,4236531
yadE_predicted,0.05263157894736842,18,18,CCCTGAATGCGAGCACGCAA,0,4181703
yadE_predicted,0.05263157894736842,18,18,CCCCGCCTTGCGTATGTCGC,0,4212074
yadE_predicted,0.05263157894736842,18,18,CCAGTGTGTGAGTCGCCAAC,0,4217440
yadE_predicted,0.05263157894736842,18,18,CCAGTGATTGAATAGATTAG,0,4197776
yadE_predicted,0.05263157894736842,18,18,CCAGAACAAACCGGGGACAG,0,4223963
yadE_predicted,0.05263157894736842,18,18,CCACCCTGGCCACTCCTTTC,0,4226379
yadE_predicted,0.05263157894736842,18,18,CCAATCTCGCTCGTGCGGGC,0,4235507
yadE_predicted,0.05263157894736842,18,18,CCAAGATTGTCGGACTTGCA,0,4165573
yadE_predicted,0.05263157894736842,18,18,CCAAATTCTGGCACCAGGGT,0,4204748
yadE_predicted,0.05263157894736842,18,18,CATGTGGCACATCGGTCATA,0,4166910
yadE_predicted,0.05263157894736842,18,18,CATGGATGGGGAGGGCCACA,0,4159406
yadE_predicted,0.05263157894736842,18,18,CATCTTAACCCCTAAGTAAT,0,4178846
yadE_predicted,0.05263157894736842,18,18,CATATTCATCCTACTCTCAA,0,4191024
yadE_predicted,0.05263157894736842,18,18,CATATCCGGTTGGCATGTTC,0,4176613
yadE_predicted,0.05263157894736842,18,18,CAGTACGTTACGGTCGTATG,0,4211114
yadE_predicted,0.05263157894736842,18,18,CAGGGTATGAGTCCTTCGAT,0,4229835
yadE_predicted,0.05263157894736842,18,18,CAGCTTTATCAACGGTTCTA,0,4183370
yadE_predicted,0.05263157894736842,18,18,CAGCGCCTCTTCGAGAGGGA,0,4185220
yadE_predicted,0.05263157894736842,18,18,CAGCCATATCGTCTTTGTTG,0,4199732
yadE_predicted,0.05263157894736842,18,18,CAGACAGAGCTTACATATGG,0,4224663
yadE_predicted,0.05263157894736842,18,18,CAGAAGATGGAGTCCAATTG,0,4174532
yadE_predicted,0.05263157894736842,18,18,CACTTATCTGAGATGCACAC,0,4191826
yadE_predicted,0.05263157894736842,18,18,CACTCTATGAACCCTGAACC,0,4216230
yadE_predicted,0.05263157894736842,18,18,CACTAAACCGAGTATTCAAA,0,4176663
yadE_predicted,0.05263157894736842,18,18,CACGTGAGAGGCCTTTATCG,0,4203734
yadE_predicted,0.05263157894736842,18,18,CACGTAGCCGTTGGCACGAG,0,4192398
yadE_predicted,0.05263157894736842,18,18,CACGGGAAACATCTCGCAAT,0,4217008
yadE_predicted,0.05263157894736842,18,18,CACGCTATTCACGAGATCAC,0,4201117
yadE_predicted,0.05263157894736842,18,18,CACCAACCGGTCATGCTACA,0,4233498
yadE_predicted,0.05263157894736842,18,18,CAATGATGCAGGTATAAGCG,0,4216482
yadE_predicted,0.05263157894736842,18,18,CAATCCTGTTAAAATGGTAT,0,4188672
yadE_predicted,0.05263157894736842,18,18,CAAGCAAATCTGATAATCTG,0,4234383
yadE_predicted,0.05263157894736842,18,18,CAACCTGTGGATCGATGCCC,0,4230650
yadE_predicted,0.05263157894736842,18,18,CAACAGAGCACAACTACCGT,0,4163919
yadE_predicted,0.05263157894736842,18,18,ATTTGGGTCCTCGGGTTCTG,0,4184285
yadE_predicted,0.05263157894736842,18,18,ATTTCGCGGCGCATTTTTAA,0,4162989
yadE_predicted,0.05263157894736842,18,18,ATTGCAAGGTAAGTGTTGTC,0,4213166
yadE_predicted,0.05263157894736842,18,18,ATTGAGCACCGGCTACCGAG,0,4215482
yadE_predicted,0.05263157894736842,18,18,ATTGACAGGCCGGTGTCAAC,0,4180014
yadE_predicted,0.05263157894736842,18,18,ATTCGCATGCCTCCTCGAGC,0,4186943
yadE_predicted,0.05263157894736842,18,18,ATGCGTATGGGGAACACATC,0,4216058
yadE_predicted,0.05263157894736842,18,18,ATCGTGGACAGGGATCTGTC,0,4164900
yadE_predicted,0.05263157894736842,18,18,ATCAGAGCCATTGTCTGTGT,0,4229845
yadE_predicted,0.05263157894736842,18,18,ATCACCGAAGCTTACATAGT,0,4187639
yadE_predicted,0.05263157894736842,18,18,ATCAAGCGCGACTGATGTCT,0,4170571
yadE_predicted,0.05263157894736842,18,18,ATATAGATGATGTCGGTTGT,0,4220973
yadE_predicted,0.05263157894736842,18,18,ATAGTACCCGGCAACTCAGA,0,4237775
yadE_predicted,0.05263157894736842,18,18,ATAGCATCTAGAGAGTCGTT,0,4214557
yadE_predicted,0.05263157894736842,18,18,ATAGACGGTAAGGGAGGGAC,0,4218388
yadE_predicted,0.05263157894736842,18,18,ATACTTACCGCACTCGTTGG,0,4235483
yadE_predicted,0.05263157894736842,18,18,ATAATAGCTCCCACTGCCCA,0,4224517
yadE_predicted,0.05263157894736842,18,18,AGTGCGCCCCGAGCTAATTA,0,4235662
yadE_predicted,0.05263157894736842,18,18,AGTCTTTACAACGTCGGTAT,0,4216645
yadE_predicted,0.05263157894736842,18,18,AGTCGCGGGGCTGCAGACAT,0,4189547
yadE_predicted,0.05263157894736842,18,18,AGTCCGCTCGAAGGGTAGCC,0,4224133
yadE_predicted,0.05263157894736842,18,18,AGGTGGTACACTGACCCTCA,0,4201708
yadE_predicted,0.05263157894736842,18,18,AGGTCTATGGGCATCACATC,0,4222176
yadE_predicted,0.05263157894736842,18,18,AGGTAGAGGCAAAATAAGAC,0,4190681
yadE_predicted,0.05263157894736842,18,18,AGGGGTATGTATATGTTTCC,0,4166217
yadE_predicted,0.05263157894736842,18,18,AGGGGAACCTATACGTTCTC,0,4203549
yadE_predicted,0.05263157894736842,18,18,AGGGGAAAAAGTAGGTCCCC,0,4171764
yadE_predicted,0.05263157894736842,18,18,AGGCAAGCTTCAAGTATCTG,0,4191857
yadE_predicted,0.05263157894736842,18,18,AGGAGGTCCTTTCTGTTGGA,0,4224345
yadE_predicted,0.05263157894736842,18,18,AGCTACACGACGGTCATGGT,0,4238868
yadE_predicted,0.05263157894736842,18,18,AGCCTCATATTTTGCGATGG,0,4168086
yadE_predicted,0.05263157894736842,18,18,AGCAAGCACGCAAAATTGAA,0,4226706
yadE_predicted,0.05263157894736842,18,18,AGATATGATGATTACACAAC,0,4173343
yadE_predicted,0.05263157894736842,18,18,AGATACAAGTGAGTGAGTTT,0,4230158
yadE_predicted,0.05263157894736842,18,18,AGAGTTCAAAAAAACGGAGG,0,4232607
yadE_predicted,0.05263157894736842,18,18,AGACAAAGGTGAGCACGCGA,0,4162056
yadE_predicted,0.05263157894736842,18,18,ACTTGGTAACCCGTTTTAAT,0,4185772
yadE_predicted,0.05263157894736842,18,18,ACTTCGCTACGTATGAGGCA,0,4197154
yadE_predicted,0.05263157894736842,18,18,ACTGTTATGCAAAGAATAGG,0,4193747
yadE_predicted,0.05263157894736842,18,18,ACTCGAAACACGCGGTAGGT,0,4178076
yadE_predicted,0.05263157894736842,18,18,ACTCCAACTGATTGTCTTGA,0,4212655
yadE_predicted,0.05263157894736842,18,18,ACTAGATCTGGGGTGCATAA,0,4163423
yadE_predicted,0.05263157894736842,18,18,ACGTTTGAGGGGAAGAAATA,0,4189765
yadE_predicted,0.05263157894736842,18,18,ACGTGAGACGGTGTCCTAGT,0,4190923
yadE_predicted,0.05263157894736842,18,18,ACGGTTTGTAAATATTTTGA,0,4197073
yadE_predicted,0.05263157894736842,18,18,ACGGTGATTTGTACCCTATG,0,4172754
yadE_predicted,0.05263157894736842,18,18,ACGGGAGTGTGTGTCGTCGA,0,4227117
yadE_predicted,0.05263157894736842,18,18,ACGGCAGGATCTATCACCAG,0,4176420
yadE_predicted,0.05263157894736842,18,18,ACGGAAGAATACCTATAAAT,0,4187853
yadE_predicted,0.05263157894736842,18,18,ACGCGGTGTACCCTTGGTAT,0,4233849
yadE_predicted,0.05263157894736842,18,18,ACGCACCCACCGTAAAGTCT,0,4183626
yadE_predicted,0.05263157894736842,18,18,ACCTAGCGTAAGAACAATCC,0,4180740
yadE_predicted,0.05263157894736842,18,18,ACCGAAGAAACTGCATCGAC,0,4235774
yadE_predicted,0.05263157894736842,18,18,ACCCGGCAAATGGTTTTATT,0,4159865
yadE_predicted,0.05263157894736842,18,18,ACCCCCGGCAAACGCACCCG,0,4239442
yadE_predicted,0.05263157894736842,18,18,ACCACGACATCTATGGATAT,0,4225291
yadE_predicted,0.05263157894736842,18,18,ACCAATTCACAAGACGCTGT,0,4189898
yadE_predicted,0.05263157894736842,18,18,ACATATTACCCATCATGATC,0,4216947
yadE_predicted,0.05263157894736842,18,18,ACAGTTACTCGGCCGAAACT,0,4197475
yadE_predicted,0.05263157894736842,18,18,ACAGTCACCTCAGGGCAGAG,0,4197513
yadE_predicted,0.05263157894736842,18,18,ACAGGTGCGTCGCTAACCGA,0,4212505
yadE_predicted,0.05263157894736842,18,18,AATTTATTGCATAGCAGGGT,0,4159413
yadE_predicted,0.05263157894736842,18,18,AATTGAGAATGGTCTGAGCT,0,4200828
yadE_predicted,0.05263157894736842,18,18,AATTATACGATCCAACCTGG,0,4230517
yadE_predicted,0.05263157894736842,18,18,AATATGGGTCAAGCCTCCGA,0,4223750
yadE_predicted,0.05263157894736842,18,18,AATAGAAGATTAGCCCGCCA,0,4198089
yadE_predicted,0.05263157894736842,18,18,AAGGTCGGCTGACGGCAACA,0,4177052
yadE_predicted,0.05263157894736842,18,18,AAGGATGCCTCCAATTGTTT,0,4207826
yadE_predicted,0.05263157894736842,18,18,AAGCGAAGATACCGGACGTC,0,4185029
yadE_predicted,0.05263157894736842,18,18,AAGATCTAGGTGTTAAAAGC,0,4212806
yadE_predicted,0.05263157894736842,18,18,AACGTGACCTACGAATGTCG,0,4233431
yadE_predicted,0.05263157894736842,18,18,AACGGCTAACTACCGTAGGC,0,4168607
yadE_predicted,0.05263157894736842,18,18,AACGGAAAGGCGTGCAGGTC,0,4178069
yadE_predicted,0.05263157894736842,18,18,AACGATGGGACGTAATCTAT,0,4225687
yadE_predicted,0.05263157894736842,18,18,AAAGGGGGGATACCTATGGT,0,4196204
yadE_predicted,0.05263157894736842,18,18,AAAATCCGGAGCCACTCGGT,0,4213188
yadE_predicted,0.05263157894736842,18,18,AAAAGCTCATGAGGGGCGTG,0,4201305
yadE_predicted,0.05263157894736842,18,18,AAAACGAGCCCGGTAGTAGC,0,4172306
yadE_predicted,0.05555555555555555,17,17,TTTGTTTCATGCGATCATCA,0,4164608
yadE_predicted,0.05555555555555555,17,17,TTTGCGTGTAACGACAAGGG,0,4165522
yadE_predicted,0.05555555555555555,17,17,TTTAGAACAAGACCCTGATC,0,4180447
yadE_predicted,0.05555555555555555,17,17,TTTACTTCAGGTCCGCTATA,0,4211794
yadE_predicted,0.05555555555555555,17,17,TTGGTGGCCTTTTCCATAAA,0,4190134
yadE_predicted,0.05555555555555555,17,17,TTGGGTTCCACCAACAGGAG,0,4184006
yadE_predicted,0.05555555555555555,17,17,TTGGGGCTCTGGACTAGAAT,0,4183099
yadE_predicted,0.05555555555555555,17,17,TTGGATGGTATACGCGCCAG,0,4175910
yadE_predicted,0.05555555555555555,17,17,TTGCAGGGGTTATTCTAGAG,0,4228289
yadE_predicted,0.05555555555555555,17,17,TTCGAGGTCGGATTACAGCT,0,4223228
yadE_predicted,0.05555555555555555,17,17,TTCCAAGATCTTCAGTGTCC,0,4207274
yadE_predicted,0.05555555555555555,17,17,TTCACAACCTATTGTATACG,0,4186440
yadE_predicted,0.05555555555555555,17,17,TTCAACTCTTACCAGATTGG,0,4162723
yadE_predicted,0.05555555555555555,17,17,TTACTGTTACCAGCGATGCC,0,4195057
yadE_predicted,0.05555555555555555,17,17,TTACCTATAACTGCGCCTAG,0,4233027
yadE_predicted,0.05555555555555555,17,17,TGTTTGCATGCGCCTTAGGA,0,4197144
yadE_predicted,0.05555555555555555,17,17,TGTTCGAGTAAGGCCGACAG,0,4180994
yadE_predicted,0.05555555555555555,17,17,TGTGTTTGGACGTCCTAGTC,0,4182791
yadE_predicted,0.05555555555555555,17,17,TGTGGGCTGCGGCCCTGCGT,0,4187193
yadE_predicted,0.05555555555555555,17,17,TGTGCGAAGTTTCGGCGCGC,0,4172299
yadE_predicted,0.05555555555555555,17,17,TGTGCAGGGCCATGCAAATG,0,4195336
yadE_predicted,0.05555555555555555,17,17,TGTCGTTCATGTGGGTAGCC,0,4192823
yadE_predicted,0.05555555555555555,17,17,TGTATTTCCCGAACTGTTGA,0,4161546
yadE_predicted,0.05555555555555555,17,17,TGTACGCTCAATGGGGGTAC,0,4205299
yadE_predicted,0.05555555555555555,17,17,TGTAAATCATCAACCAAGGC,0,4209208
yadE_predicted,0.05555555555555555,17,17,TGGAATTGCCTGATAGGTTC,0,4225013
yadE_predicted,0.05555555555555555,17,17,TGGAAATAACTATACACTTG,0,4195853
yadE_predicted,0.05555555555555555,17,17,TGCTTACGTGTTATGGCAGT,0,4213277
yadE_predicted,0.05555555555555555,17,17,TGCCGATAGATTGGGTCTTT,0,4199873
yadE_predicted,0.05555555555555555,17,17,TGCAATCTTCATCCTCCCAC,0,4209194
yadE_predicted,0.05555555555555555,17,17,TGATGATTCTCTGAGTGTTC,0,4181036
yadE_predicted,0.05555555555555555,17,17,TGATCAAAAGACGTTCCCCC,0,4192322
yadE_predicted,0.05555555555555555,17,17,TGAGCGTTCAGCAGAATATG,0,4225420
yadE_predicted,0.05555555555555555,17,17,TGAGCGCTGTGTTCCAAATA,0,4171547
yadE_predicted,0.05555555555555555,17,17,TGAGCGAAGGGCGTTGGAAT,0,4184843
yadE_predicted,0.05555555555555555,17,17,TGACATGTCCACTGGCTAAT,0,4195600
yadE_predicted,0.05555555555555555,17,17,TCTTTCCATTAACTTGCGAT,0,4224089
yadE_predicted,0.05555555555555555,17,17,TCTCTTTGGGGTTGGCCTGC,0,4168560
yadE_predicted,0.05555555555555555,17,17,TCGTTACGTCTCGCCCGCAG,0,4182173
yadE_predicted,0.05555555555555555,17,17,TCGTGGTCTCCTCTTTCTGA,0,4190179
yadE_predicted,0.05555555555555555,17,17,TCGCTGCCAGCACCCGCCAA,0,4206574
yadE_predicted,0.05555555555555555,17,17,TCGAGGCCCTTATACTGCAG,0,4195421
yadE_predicted,0.05555555555555555,17,17,TCGACCCCAATGCTAGCTTG,0,4189993
yadE_predicted,0.05555555555555555,17,17,TCGAAGCGTAGTCAGATTTA,0,4201404
yadE_predicted,0.05555555555555555,17,17,TCCTTGATCGCGATGTTTAG,0,4171099
yadE_predicted,0.05555555555555555,17,17,TCCTGACCACAAGGTTTCAA,0,4190635
yadE_predicted,0.05555555555555555,17,17,TCCTCATTATCCGTATTATG,0,4171126
yadE_predicted,0.05555555555555555,17,17,TCCGTTTTTGCAACCGAAGC,0,4163635
yadE_predicted,0.05555555555555555,17,17,TCCGAGAATAATACGGCCAA,0,4206530
yadE_predicted,0.05555555555555555,17,17,TCCCAGCAACGAACTGGGAT,0,4198367
yadE_predicted,0.05555555555555555,17,17,TCAGGATAGCACGTGTGAGG,0,4208340
yadE_predicted,0.05555555555555555,17,17,TCACTCCGTAGGAAACCGCA,0,4168561
yadE_predicted,0.05555555555555555,17,17,TCACAGTGTCTGTCCTTAAA,0,4232024
yadE_predicted,0.05555555555555555,17,17,TCAAGGGGATAACGGCAGTA,0,4216949
yadE_predicted,0.05555555555555555,17,17,TATTTGGGACGCCATTGAAA,0,4195857
yadE_predicted,0.05555555555555555,17,17,TATTGAAAGCCACAGGAGAA,0,4179001
yadE_predicted,0.05555555555555555,17,17,TATTCTGTGGTCATAATTCA,0,4179956
yadE_predicted,0.05555555555555555,17,17,TATGTAACATATGTCGAGCT,0,4236589
yadE_predicted,0.05555555555555555,17,17,TATGGAAACGGCATTATCTA,0,4169566
yadE_predicted,0.05555555555555555,17,17,TATCCGGAGTTGCGTGCCCA,0,4236540
yadE_predicted,0.05555555555555555,17,17,TAGGCAATCGTCGAATACAC,0,4183979
yadE_predicted,0.05555555555555555,17,17,TAGCTCATGCGATTTCATAT,0,4167342
yadE_predicted,0.05555555555555555,17,17,TAGCGTCTACGATGTAGGGC,0,4181277
yadE_predicted,0.05555555555555555,17,17,TAGACGAACCTCATTTATCG,0,4197969
yadE_predicted,0.05555555555555555,17,17,TAGACAAAGACCGAGGTATA,0,4215423
yadE_predicted,0.05555555555555555,17,17,TACGAAAAGCTTCCCGGGTT,0,4168474
yadE_predicted,0.05555555555555555,17,17,TACCAGTCCTTTAGGTCTGG,0,4162375
yadE_predicted,0.05555555555555555,17,17,TAATTTGATGCGGCGTATTG,0,4192622
yadE_predicted,0.05555555555555555,17,17,TAATTGGCTGTGGCCGCCAA,0,4187332
yadE_predicted,0.05555555555555555,17,17,TAATGGCCCAGTGGATGTAA,0,4239703
yadE_predicted,0.05555555555555555,17,17,TAATATGGCTCCAGTGCTTG,0,4241184
yadE_predicted,0.05555555555555555,17,17,TAATAGGCTGTAATTGGGTT,0,4188318
yadE_predicted,0.05555555555555555,17,17,TAAGTTAACCATTTTGCCTG,0,4186411
yadE_predicted,0.05555555555555555,17,17,TAAGGATTGAAGTGTCCTGA,0,4241336
yadE_predicted,0.05555555555555555,17,17,TAAGAACCGCCGTCCATGAT,0,4209530
yadE_predicted,0.05555555555555555,17,17,TAACGTGATTTCGCCCGTAC,0,4173729
yadE_predicted,0.05555555555555555,17,17,TAAATTTGCATGCCGCCGGG,0,4228846
yadE_predicted,0.05555555555555555,17,17,TAAATGTGGAGGTTTATCAC,0,4171480
yadE_predicted,0.05555555555555555,17,17,GTTTCTACGTTAGTTGAATA,0,4223842
yadE_predicted,0.05555555555555555,17,17,GTTGAAAAACGTTGTCCATA,0,4166024
yadE_predicted,0.05555555555555555,17,17,GTTCGATCGCCCATTGAAAC,0,4230477
yadE_predicted,0.05555555555555555,17,17,GTTACAACTTCAAAGCGGGT,0,4173711
yadE_predicted,0.05555555555555555,17,17,GTGTGTGACGCGGCCCACTG,0,4180456
yadE_predicted,0.05555555555555555,17,17,GTGTCACTAGAGATTATAAA,0,4179340
yadE_predicted,0.05555555555555555,17,17,GTGTACGCAATTTTGAAGCG,0,4226134
yadE_predicted,0.05555555555555555,17,17,GTGGTTGTAAAGGCCAACGG,0,4160338
yadE_predicted,0.05555555555555555,17,17,GTGGTATAGGTAGAGGAGCA,0,4167622
yadE_predicted,0.05555555555555555,17,17,GTGGCTAATCCAACTGTGAC,0,4208590
yadE_predicted,0.05555555555555555,17,17,GTGGACGCGCACGAATTGGT,0,4219027
yadE_predicted,0.05555555555555555,17,17,GTGCAGGCTCGTCGCTGAAT,0,4209814
yadE_predicted,0.05555555555555555,17,17,GTGCAAGAACTCCGACTGTG,0,4176030
yadE_predicted,0.05555555555555555,17,17,GTGATCGGCAAGACACCGAG,0,4203683
yadE_predicted,0.05555555555555555,17,17,GTGAATCAGCAGTACGCATC,0,4159656
yadE_predicted,0.05555555555555555,17,17,GTCTGGGGAGGCTCCACTAG,0,4216817
yadE_predicted,0.05555555555555555,17,17,GTCCTCGGACTCCACCGTCC,0,4163054
yadE_predicted,0.05555555555555555,17,17,GTATTTTACAATTGACAGGT,0,4238383
yadE_predicted,0.05555555555555555,17,17,GTAGTAAGACGTCCGACCCA,0,4213043
yadE_predicted,0.05555555555555555,17,17,GTACGCAATGCTCCATGGTT,0,4220280
yadE_predicted,0.05555555555555555,17,17,GTAACGTGGAGCCATGTAAA,0,4208644
yadE_predicted,0.05555555555555555,17,17,GGTTGGAATACAGCGACCTG,0,4161967
yadE_predicted,0.05555555555555555,17,17,GGTTGATAGAGACAGACCCT,0,4224881
yadE_predicted,0.05555555555555555,17,17,GGTTATCAGCACGCTATATG,0,4237196
yadE_predicted,0.05555555555555555,17,17,GGTGCGAGCGTGGAGTAGTA,0,4190852
yadE_predicted,0.05555555555555555,17,17,GGTCTGGTTGCTGCGGGTGT,0,4222677
yadE_predicted,0.05555555555555555,17,17,GGTATCGTATGGCAACTCCC,0,4168898
yadE_predicted,0.05555555555555555,17,17,GGTAGATCACGGTGGCCGGC,0,4167967
yadE_predicted,0.05555555555555555,17,17,GGTACCATCGCTCCACGTAG,0,4186107
yadE_predicted,0.05555555555555555,17,17,GGGTGTTCCATAAAGGAGGA,0,4190695
yadE_predicted,0.05555555555555555,17,17,GGGTCTAGATAACCATACGT,0,4180210
yadE_predicted,0.05555555555555555,17,17,GGGTAGCTAGCGGGGGCGAA,0,4193423
yadE_predicted,0.05555555555555555,17,17,GGGGTCCGTTATCTTGAGCT,0,4189587
yadE_predicted,0.05555555555555555,17,17,GGGGGGTACTGTTTGCACGT,0,4168778
yadE_predicted,0.05555555555555555,17,17,GGGGCCGGATGTTTACATTG,0,4170898
yadE_predicted,0.05555555555555555,17,17,GGGGATACATAACATTGAAG,0,4162949
yadE_predicted,0.05555555555555555,17,17,GGGCATCTGGTCCCAAGATC,0,4232007
yadE_predicted,0.05555555555555555,17,17,GGGCAGTGGGCATACTAAAC,0,4165284
yadE_predicted,0.05555555555555555,17,17,GGGACCCTTAGAGCTGGTTA,0,4239707
yadE_predicted,0.05555555555555555,17,17,GGCTTTCTGGCGCTAGCGCA,0,4177780
yadE_predicted,0.05555555555555555,17,17,GGCCGGCTGCCTCACGGTAG,0,4237411
yadE_predicted,0.05555555555555555,17,17,GGCATCGTTATGTTTATTTA,0,4182542
yadE_predicted,0.05555555555555555,17,17,GGCAGCGTTTCCTATTATCC,0,4167751
yadE_predicted,0.05555555555555555,17,17,GGATTTCTCGCCATGGCTAG,0,4236121
yadE_predicted,0.05555555555555555,17,17,GGATAGTAAGATAATGCGAT,0,4202031
yadE_predicted,0.05555555555555555,17,17,GGAGGCCTACAGTCGGATCA,0,4229036
yadE_predicted,0.05555555555555555,17,17,GGAGAATCGCGAGTTTACGT,0,4178031
yadE_predicted,0.05555555555555555,17,17,GGACTGCGCATAGAACAATT,0,4224553
yadE_predicted,0.05555555555555555,17,17,GGACGAGGACAGTCGAAAAA,0,4228042
yadE_predicted,0.05555555555555555,17,17,GGAATTTGGGAGTCAAGGGA,0,4169680
yadE_predicted,0.05555555555555555,17,17,GGAATTAGTACGATTGACGC,0,4230509
yadE_predicted,0.05555555555555555,17,17,GGAAAATGGACCCTGCCAGT,0,4230231
yadE_predicted,0.05555555555555555,17,17,GCTTGAAAGGTATTGTGGGT,0,4160060
yadE_predicted,0.05555555555555555,17,17,GCTTATTGCTGTGCTCGGGA,0,4196812
yadE_predicted,0.05555555555555555,17,17,GCTTACCACGTTCGCACAAA,0,4224047
yadE_predicted,0.05555555555555555,17,17,GCTGAACAGGACTCTGCAGA,0,4173431
yadE_predicted,0.05555555555555555,17,17,GCTCTTCTGTGCGCCTCTGA,0,4160681
yadE_predicted,0.05555555555555555,17,17,GCGTGTGACGCTGACGGCCT,0,4183146
yadE_predicted,0.05555555555555555,17,17,GCGTCGCAAGCCTTCAGTAC,0,4160209
yadE_predicted,0.05555555555555555,17,17,GCGCAGAATGGTACCTGTTA,0,4185204
yadE_predicted,0.05555555555555555,17,17,GCCTTTGGGGGGGGCAAATG,0,4166591
yadE_predicted,0.05555555555555555,17,17,GCCATGAAGTCACGATGTCT,0,4188028
yadE_predicted,0.05555555555555555,17,17,GCATTACAGCAGGCACGGAT,0,4232464
yadE_predicted,0.05555555555555555,17,17,GCAGTGAACCAAGGGGCGCC,0,4169428
yadE_predicted,0.05555555555555555,17,17,GATTATCTGGCGCTGGGCTG,0,4203076
yadE_predicted,0.05555555555555555,17,17,GATCAGCGTGATTGGTGACA,0,4218187
yadE_predicted,0.05555555555555555,17,17,GAGGTTTTGGCGAACCTGGT,0,4217181
yadE_predicted,0.05555555555555555,17,17,GAGGATTGACAAAGCCTAGT,0,4178498
yadE_predicted,0.05555555555555555,17,17,GAGCGTATCCTCTAATTGCT,0,4181080
yadE_predicted,0.05555555555555555,17,17,GAGCGATGCTCTGCTTTCAC,0,4159522
yadE_predicted,0.05555555555555555,17,17,GAGCCTGCTACTCGTACGGG,0,4173357
yadE_predicted,0.05555555555555555,17,17,GAGATGCGTGCGAAATTCAT,0,4162875
yadE_predicted,0.05555555555555555,17,17,GAGACATTCTGTGTCGGGCT,0,4162369
yadE_predicted,0.05555555555555555,17,17,GACTGCGCACACACGCATTT,0,4213096
yadE_predicted,0.05555555555555555,17,17,GACCATTGAGTCTAGGTACT,0,4175694
yadE_predicted,0.05555555555555555,17,17,GAATATACCAAGAATGAAGG,0,4173935
yadE_predicted,0.05555555555555555,17,17,GAAGCAGTATCGGGCGCGAC,0,4187307
yadE_predicted,0.05555555555555555,17,17,CTTTTGTTAAACCACGTTTC,0,4211445
yadE_predicted,0.05555555555555555,17,17,CTTTTGAACTCCGTGTGGTC,0,4198821
yadE_predicted,0.05555555555555555,17,17,CTTGTTTGGTCGGTCATTAA,0,4199766
yadE_predicted,0.05555555555555555,17,17,CTTGTATCCACATATCAAGA,0,4226370
yadE_predicted,0.05555555555555555,17,17,CTTGCGTAGCATAAGGCATA,0,4204303
yadE_predicted,0.05555555555555555,17,17,CTTCCTACAAGTCGTACAGT,0,4213777
yadE_predicted,0.05555555555555555,17,17,CTTACGCAGTCAATGAATTG,0,4201097
yadE_predicted,0.05555555555555555,17,17,CTGTCTATCACCCGCCGACC,0,4174329
yadE_predicted,0.05555555555555555,17,17,CTGGTGTCACTATTTAATTC,0,4216241
yadE_predicted,0.05555555555555555,17,17,CTGGCGAAATCTCCCGAATC,0,4164657
yadE_predicted,0.05555555555555555,17,17,CTGGATCTTTGAGCGGTAGA,0,4223087
yadE_predicted,0.05555555555555555,17,17,CTGGAGCATAAGATGGACAC,0,4179355
yadE_predicted,0.05555555555555555,17,17,CTGCTGAGCTCCTATAAAAC,0,4225326
yadE_predicted,0.05555555555555555,17,17,CTGAGTATGGCCCTTACGCC,0,4234590
yadE_predicted,0.05555555555555555,17,17,CTGACTTTCCACGGGCCCAC,0,4196134
yadE_predicted,0.05555555555555555,17,17,CTCGTGGAAAGGTTCTTTAT,0,4184074
yadE_predicted,0.05555555555555555,17,17,CTCGGGTGAAGTTTCAGTTT,0,4200835
yadE_predicted,0.05555555555555555,17,17,CTCGGAGTTCGCACCTATTA,0,4181075
yadE_predicted,0.05555555555555555,17,17,CTCCGGTTACGTCCACAGAA,0,4202583
yadE_predicted,0.05555555555555555,17,17,CTCATGAGATCAGGAGCATC,0,4192929
yadE_predicted,0.05555555555555555,17,17,CTCAGAGGGCTGTCACATCA,0,4180301
yadE_predicted,0.05555555555555555,17,17,CTCACTCTGACAATTGGTTA,0,4213358
yadE_predicted,0.05555555555555555,17,17,CTCAATAGCGGTCTCGGTAC,0,4185983
yadE_predicted,0.05555555555555555,17,17,CTAGTAAGAAAGTTCCAAGT,0,4211320
yadE_predicted,0.05555555555555555,17,17,CTAGGCACCTGCGTAGTTAC,0,4205409
yadE_predicted,0.05555555555555555,17,17,CTAGGAATTAGCTGGACCTA,0,4223379
yadE_predicted,0.05555555555555555,17,17,CTAAGATGTAGCCACCAAAA,0,4225170
yadE_predicted,0.05555555555555555,17,17,CGTTTCGCGCCTGGCTGTAA,0,4212965
yadE_predicted,0.05555555555555555,17,17,CGTTTAGGGGTTGGAACCAC,0,4235779
yadE_predicted,0.05555555555555555,17,17,CGTTGGGTGCGAGAATTAGC,0,4215144
yadE_predicted,0.05555555555555555,17,17,CGTTCCTCTCGATCCAATTC,0,4236007
yadE_predicted,0.05555555555555555,17,17,CGTTCACTGAGGCCACAATA,0,4203329
yadE_predicted,0.05555555555555555,17,17,CGTGGTTAGGCCTCGGCTTC,0,4217036
yadE_predicted,0.05555555555555555,17,17,CGTCGTAGTGCAGCTGAAGA,0,4183709
yadE_predicted,0.05555555555555555,17,17,CGTCATTAACCCTCTTTCGT,0,4229020
yadE_predicted,0.05555555555555555,17,17,CGTAGGTCGCCGCCCCAATA,0,4194282
yadE_predicted,0.05555555555555555,17,17,CGTACCTCGCGAAATGTATT,0,4190611
yadE_predicted,0.05555555555555555,17,17,CGGTTTTAATGACTTGTGCG,0,4198458
yadE_predicted,0.05555555555555555,17,17,CGGTTTGTGCCAGGCGAACG,0,4178201
yadE_predicted,0.05555555555555555,17,17,CGGTTATACAGCGGGTCCGC,0,4183718
yadE_predicted,0.05555555555555555,17,17,CGGTATGATATAGGGTGGGA,0,4184272
yadE_predicted,0.05555555555555555,17,17,CGGTACCCAATGGAGCGCCG,0,4196450
yadE_predicted,0.05555555555555555,17,17,CGGGTTGTTAGGAACCACGT,0,4239325
yadE_predicted,0.05555555555555555,17,17,CGGGTGGATGCGCTCGCACA,0,4199701
yadE_predicted,0.05555555555555555,17,17,CGGCGTCCCAGTGGCATCGA,0,4177426
yadE_predicted,0.05555555555555555,17,17,CGGCAGAGGACTGTCGTGTC,0,4192042
yadE_predicted,0.05555555555555555,17,17,CGGAGTGACGAGCAGGAGGT,0,4196675
yadE_predicted,0.05555555555555555,17,17,CGGAGGCAGTGTACTAAGGT,0,4183933
yadE_predicted,0.05555555555555555,17,17,CGCTATGTGGATGGGCCGGT,0,4239297
yadE_predicted,0.05555555555555555,17,17,CGCTACTCCACGATGCTTGT,0,4188679
yadE_predicted,0.05555555555555555,17,17,CGCGCTCCATCATCCTATGT,0,4206323
yadE_predicted,0.05555555555555555,17,17,CGCCGGGCACGCGTGTGATG,0,4163567
yadE_predicted,0.05555555555555555,17,17,CGCAGTTCGGCTATCGTTAC,0,4204365
yadE_predicted,0.05555555555555555,17,17,CGATTGTAAAGTAGTCTGCG,0,4197791
yadE_predicted,0.05555555555555555,17,17,CGATGCCTTGCGCGAACACA,0,4216614
yadE_predicted,0.05555555555555555,17,17,CGATATGTTAGCTCTGATAA,0,4221697
yadE_predicted,0.05555555555555555,17,17,CGATACTCTAGGATCATAGC,0,4184453
yadE_predicted,0.05555555555555555,17,17,CGAGACACTAGCTTTAGTGT,0,4227114
yadE_predicted,0.05555555555555555,17,17,CGAAAAGCAAGGCCCCTGCT,0,4194225
yadE_predicted,0.05555555555555555,17,17,CCTTAACACAATGTTTGGAT,0,4185053
yadE_predicted,0.05555555555555555,17,17,CCTGATCCGTTACAGTAGGG,0,4189395
yadE_predicted,0.05555555555555555,17,17,CCTGAACCGCTAGTGCATAT,0,4181702
yadE_predicted,0.05555555555555555,17,17,CCGTCTGGTGATTCCTTTCA,0,4234700
yadE_predicted,0.05555555555555555,17,17,CCGGGCAGGACATTCGACAT,0,4212563
yadE_predicted,0.05555555555555555,17,17,CCGGCAAGTCCGCATCCCTA,0,4236207
yadE_predicted,0.05555555555555555,17,17,CCCTAACCAGGCCAGTTTCT,0,4191076
yadE_predicted,0.05555555555555555,17,17,CCCCTATCTCTCGCGTACAT,0,4223473
yadE_predicted,0.05555555555555555,17,17,CCCAACGCGCGCCCTCTGTT,0,4225211
yadE_predicted,0.05555555555555555,17,17,CCATTTGCGCGCCGGGAAAT,0,4194898
yadE_predicted,0.05555555555555555,17,17,CCATCTATCGTTTCGGTTAA,0,4180742
yadE_predicted,0.05555555555555555,17,17,CCATCGCCCACGACTACGAT,0,4177409
yadE_predicted,0.05555555555555555,17,17,CCAGTCAACCAGGCGTGTTA,0,4197281
yadE_predicted,0.05555555555555555,17,17,CCAGCGTAGGTGTACGAGTG,0,4187574
yadE_predicted,0.05555555555555555,17,17,CCAGCAGATCACTTAAGGAC,0,4209285
yadE_predicted,0.05555555555555555,17,17,CATTGCTGGCACATACTGGA,0,4225103
yadE_predicted,0.05555555555555555,17,17,CATTCGGCGAACGACGCGGC,0,4236187
yadE_predicted,0.05555555555555555,17,17,CATGCATTTTGCAAGTCGGC,0,4230253
yadE_predicted,0.05555555555555555,17,17,CATAGACCAGGCCGGAGGAA,0,4159898
yadE_predicted,0.05555555555555555,17,17,CATAATCGGGATGCGCACAC,0,4177920
yadE_predicted,0.05555555555555555,17,17,CAGTCCAATTTGGATCACCA,0,4194188
yadE_predicted,0.05555555555555555,17,17,CAGTCACCCATCCCTCGCTT,0,4211059
yadE_predicted,0.05555555555555555,17,17,CAGGTGATTCGAACACGGTG,0,4199198
yadE_predicted,0.05555555555555555,17,17,CAGGGGTTCGGAAGGATTTA,0,4199132
yadE_predicted,0.05555555555555555,17,17,CAGGGGGTCAAGCCCATTCT,0,4174522
yadE_predicted,0.05555555555555555,17,17,CAGCTATCCACTTATAAATA,0,4209076
yadE_predicted,0.05555555555555555,17,17,CAGATCAGCAAATCTACCTC,0,4232563
yadE_predicted,0.05555555555555555,17,17,CAGACCCGCGCCGTGTCAGG,0,4160855
yadE_predicted,0.05555555555555555,17,17,CAGAAGGCGATAGGCATGTT,0,4194287
yadE_predicted,0.05555555555555555,17,17,CAGAAGGAAAGGCACGTGTA,0,4224511
yadE_predicted,0.05555555555555555,17,17,CACGCGGAGTGGAGACCGTT,0,4194275
yadE_predicted,0.05555555555555555,17,17,CACGACTATTAAGTCTGCGC,0,4163809
yadE_predicted,0.05555555555555555,17,17,CACCTGAGGGCTAGGGTCAC,0,4206296
yadE_predicted,0.05555555555555555,17,17,CACAACTTGGTAAAAGGAGT,0,4207270
yadE_predicted,0.05555555555555555,17,17,CACAAAATTATACCGCGATC,0,4231953
yadE_predicted,0.05555555555555555,17,17,CAATGTGCTAGCGAGTCTAG,0,4176163
yadE_predicted,0.05555555555555555,17,17,CAAGGGGCATATTACTATTT,0,4236706
yadE_predicted,0.05555555555555555,17,17,CAAGCTCCAGCGTACGGATG,0,4219982
yadE_predicted,0.05555555555555555,17,17,CAAGCAGAAATAGGGTGCAG,0,4221666
yadE_predicted,0.05555555555555555,17,17,CAACGTGGGCTAGGGTTGTC,0,4162955
yadE_predicted,0.05555555555555555,17,17,CAACCGCCAGACCAACGGCG,0,4223979
yadE_predicted,0.05555555555555555,17,17,ATTGTAGACCGTACCTTCCT,0,4225938
yadE_predicted,0.05555555555555555,17,17,ATTGGACATCAGAGCCGCTT,0,4217614
yadE_predicted,0.05555555555555555,17,17,ATTAAATTGTTTGTTGTTGG,0,4220806
yadE_predicted,0.05555555555555555,17,17,ATGTGTGGTAGCATGTCCTA,0,4194902
yadE_predicted,0.05555555555555555,17,17,ATGTGAGGTGCATTCCGAAT,0,4237097
yadE_predicted,0.05555555555555555,17,17,ATGTCAGAATGGTCATGCAT,0,4164448
yadE_predicted,0.05555555555555555,17,17,ATGGGGTAGCTAGGCTTAGT,0,4198817
yadE_predicted,0.05555555555555555,17,17,ATGGGCGAAACGGGAGAGGG,0,4218876
yadE_predicted,0.05555555555555555,17,17,ATGGAAATCTCACGGTTTGA,0,4176629
yadE_predicted,0.05555555555555555,17,17,ATGCGCTCGAGTAATACGAC,0,4190674
yadE_predicted,0.05555555555555555,17,17,ATGCAGCGCCGAGCACCATG,0,4226775
yadE_predicted,0.05555555555555555,17,17,ATGAGCACTGGGATAGCCAT,0,4163864
yadE_predicted,0.05555555555555555,17,17,ATCTACTCCCTAAGCGGTGA,0,4191767
yadE_predicted,0.05555555555555555,17,17,ATCGGTGTAAGATAATTGTT,0,4187745
yadE_predicted,0.05555555555555555,17,17,ATCGGCCCTACTCGGATGCG,0,4189846
yadE_predicted,0.05555555555555555,17,17,ATCGCAACCTCGGACAGCGT,0,4176038
yadE_predicted,0.05555555555555555,17,17,ATCCACGATCCTTCAGTAAA,0,4187937
yadE_predicted,0.05555555555555555,17,17,ATCATAGAGCTCTCTTAGGT,0,4215329
yadE_predicted,0.05555555555555555,17,17,ATCACCCAGCCAATTGCGGG,0,4188145
yadE_predicted,0.05555555555555555,17,17,ATATGCTCGAACTCCAGTCC,0,4165118
yadE_predicted,0.05555555555555555,17,17,ATATAACTCGGTGGTCTTGT,0,4219665
yadE_predicted,0.05555555555555555,17,17,ATAGGGTACTAGAGCGGTCC,0,4165907
yadE_predicted,0.05555555555555555,17,17,ATAGGCAGACTCAAAGGGCT,0,4178723
yadE_predicted,0.05555555555555555,17,17,ATACGCGGTTCGTCTAGAGG,0,4223982
yadE_predicted,0.05555555555555555,17,17,ATACAGCTCATTCCATAATC,0,4214523
yadE_predicted,0.05555555555555555,17,17,ATACAGCACCAGCCATCGAA,0,4221514
yadE_predicted,0.05555555555555555,17,17,AGTTGAACGAGAGAGCCTCA,0,4234994
yadE_predicted,0.05555555555555555,17,17,AGTTATCCATGATGTATTGT,0,4238574
yadE_predicted,0.05555555555555555,17,17,AGTGCACGGTACCCCTCACA,0,4230717
yadE_predicted,0.05555555555555555,17,17,AGTCTTTGCGCGTGGTCTAC,0,4178513
yadE_predicted,0.05555555555555555,17,17,AGGTTAGATGATGCTATCTG,0,4190175
yadE_predicted,0.05555555555555555,17,17,AGGTCACCGCGTAGGACGTG,0,4184627
yadE_predicted,0.05555555555555555,17,17,AGGCTCCGGCCACGGGATCC,0,4215369
yadE_predicted,0.05555555555555555,17,17,AGGCCTTCCCGCACTCGAAT,0,4183314
yadE_predicted,0.05555555555555555,17,17,AGGACGTTCATTTGTAGTGG,0,4174463
yadE_predicted,0.05555555555555555,17,17,AGCTTTCACTGAACCAGTAC,0,4218423
yadE_predicted,0.05555555555555555,17,17,AGCAGCTGTCAGAAGCCGCA,0,4188263
yadE_predicted,0.05555555555555555,17,17,AGCAGCCTGTGAAGCACTGA,0,4196959
yadE_predicted,0.05555555555555555,17,17,AGCAGAAAGTGCTATATGTG,0,4209448
yadE_predicted,0.05555555555555555,17,17,AGCAAACATAGGTCATTGTG,0,4228535
yadE_predicted,0.05555555555555555,17,17,AGATGGGACGTTGCGTTCTC,0,4201349
yadE_predicted,0.05555555555555555,17,17,AGAGTTTCGAGAAAAGTGGC,0,4216467
yadE_predicted,0.05555555555555555,17,17,AGAGTTCGGTAGCTGGCTTT,0,4238431
yadE_predicted,0.05555555555555555,17,17,AGAGTCGGTTGAGGCCAGGG,0,4177243
yadE_predicted,0.05555555555555555,17,17,AGACTACGATTGGATTCAGC,0,4206295
yadE_predicted,0.05555555555555555,17,17,AGACGACCCACGTAGACGTT,0,4159752
yadE_predicted,0.05555555555555555,17,17,AGACAAACGTTTCGCGCATA,0,4215477
yadE_predicted,0.05555555555555555,17,17,AGAAACATGTGGACGGGCAG,0,4223971
yadE_predicted,0.05555555555555555,17,17,ACTCGGCGTGGATGGTATAC,0,4203916
yadE_predicted,0.05555555555555555,17,17,ACTCAGGGCTGTGGCTGTTC,0,4199792
yadE_predicted,0.05555555555555555,17,17,ACTACCCATGGAGGAAGCTT,0,4168176
yadE_predicted,0.05555555555555555,17,17,ACGTCCTGAGTACTAAGGCC,0,4219527
yadE_predicted,0.05555555555555555,17,17,ACGTAGGCCACTTGGGCGGT,0,4198226
yadE_predicted,0.05555555555555555,17,17,ACGCGTTACGAGGCAATGAA,0,4198834
yadE_predicted,0.05555555555555555,17,17,ACGATCGAGAGGTTATGCAT,0,4190582
yadE_predicted,0.05555555555555555,17,17,ACGAAACGACGTGGTTATTT,0,4222470
yadE_predicted,0.05555555555555555,17,17,ACCTTTCGTTTGAGGTATCA,0,4185958
yadE_predicted,0.05555555555555555,17,17,ACCTGCCGGGCGATGAAAGG,0,4235257
yadE_predicted,0.05555555555555555,17,17,ACCTACTTACGATCAGCGGA,0,4169762
yadE_predicted,0.05555555555555555,17,17,ACCCAATTGTGCGAAAGCCA,0,4185161
yadE_predicted,0.05555555555555555,17,17,ACCAATCGGCGCGGGACAAA,0,4213080
yadE_predicted,0.05555555555555555,17,17,ACATCCGCACATAGACTGGT,0,4189883
yadE_predicted,0.05555555555555555,17,17,ACATCAGCTTGGGACACCTG,0,4226670
yadE_predicted,0.05555555555555555,17,17,ACATATGAATCGTCCGTGTT,0,4219906
yadE_predicted,0.05555555555555555,17,17,ACACCCCGGCCTAAAGTCAT,0,4232566
yadE_predicted,0.05555555555555555,17,17,ACAAGTAGTAGCTAAATGAA,0,4176625
yadE_predicted,0.05555555555555555,17,17,ACAAGTACTAATAGTAGGCT,0,4196736
yadE_predicted,0.05555555555555555,17,17,AATTGGGAACTCAGAACGGC,0,4238201
yadE_predicted,0.05555555555555555,17,17,AATTCAACGTTCTCGGAGGT,0,4182704
yadE_predicted,0.05555555555555555,17,17,AATGGGGTGCGACGTATGGT,0,4187385
yadE_predicted,0.05555555555555555,17,17,AATGGCAATACTATCTGTGT,0,4236241
yadE_predicted,0.05555555555555555,17,17,AATGCACCGGATTATTAAAG,0,4168387
yadE_predicted,0.05555555555555555,17,17,AATGACACCTCTCCGTCTTC,0,4193841
yadE_predicted,0.05555555555555555,17,17,AATAAAATGCTCACGTGACA,0,4221904
yadE_predicted,0.05555555555555555,17,17,AAGTGGGGACGCAATCAGAA,0,4204720
yadE_predicted,0.05555555555555555,17,17,AAGGTCGTCACTTAAGACTG,0,4203679
yadE_predicted,0.05555555555555555,17,17,AAGGCTTGGTGGCCCTGCAG,0,4195117
yadE_predicted,0.05555555555555555,17,17,AAGGACCAGACGCTTAAAAC,0,4194277
yadE_predicted,0.05555555555555555,17,17,AAGGAATGGCCTAGCCAGCT,0,4165858
yadE_predicted,0.05555555555555555,17,17,AAGCTTATTCTGAACTTACC,0,4172372
yadE_predicted,0.05555555555555555,17,17,AAGCGGTGCTAATTTTGCAT,0,4204002
yadE_predicted,0.05555555555555555,17,17,AAGACACCCTCTGAGTGCAG,0,4230046
yadE_predicted,0.05555555555555555,17,17,AACTTTGCTACATCTCGGCC,0,4231378
yadE_predicted,0.05555555555555555,17,17,AACTGGATCACCGCAGGTGC,0,4163724
yadE_predicted,0.05555555555555555,17,17,AACGTAAAGCGCGCCGTATG,0,4202039
yadE_predicted,0.05555555555555555,17,17,AACGATTGAAGATCGACCCA,0,4209549
yadE_predicted,0.05555555555555555,17,17,AACGAAACTTATCGTGTTAA,0,4162988
yadE_predicted,0.05555555555555555,17,17,AAATTGCCATTCCCCGACAC,0,4165648
yadE_predicted,0.05555555555555555,17,17,AAAGTGTGTACTGTTCCTCA,0,4178098
yadE_predicted,0.05555555555555555,17,17,AAAGAAAGCAGTGTTATTTA,0,4192418
yadE_predicted,0.05555555555555555,17,17,AAAAAGTGCTCGGGTACGTT,0,4180694
yadE_predicted,0.058823529411764705,16,16,TTTTGGCGTTGCAGCTTTTA,0,4221305
yadE_predicted,0.058823529411764705,16,16,TTTGTGATTTGTCCCCACGC,0,4163123
yadE_predicted,0.058823529411764705,16,16,TTTATCTACGGAGTATTATT,0,4169671
yadE_predicted,0.058823529411764705,16,16,TTGTTTAAGTGGAGCTGGCG,0,4238264
yadE_predicted,0.058823529411764705,16,16,TTGTAGACCTACGGAGTAGC,0,4188426
yadE_predicted,0.058823529411764705,16,16,TTGCCCTATAGATGCCGCTG,0,4220617
yadE_predicted,0.058823529411764705,16,16,TTGCATTCCGGTTCTTCCTA,0,4162073
yadE_predicted,0.058823529411764705,16,16,TTGAGGCGATCGTGCCTATG,0,4176358
yadE_predicted,0.058823529411764705,16,16,TTCGTATGGTATGAGTCGAG,0,4225423
yadE_predicted,0.058823529411764705,16,16,TTCCCAAAATAGCGTCTTGG,0,4169205
yadE_predicted,0.058823529411764705,16,16,TTCACCCCGTCCTTTGCGTG,0,4181977
yadE_predicted,0.058823529411764705,16,16,TTCACAGGACGTCGAGCCTA,0,4213445
yadE_predicted,0.058823529411764705,16,16,TTCAATCTTCGACGGGGAAT,0,4235393
yadE_predicted,0.058823529411764705,16,16,TTCAATCACCAGTGACCCAT,0,4164015
yadE_predicted,0.058823529411764705,16,16,TTCAACTCCCTCTCAGCCAT,0,4164505
yadE_predicted,0.058823529411764705,16,16,TTATAGTAGAGATGTTCTAA,0,4232527
yadE_predicted,0.058823529411764705,16,16,TTAGCTGGTACTAGCGGTGA,0,4236113
yadE_predicted,0.058823529411764705,16,16,TTACGCGCCTCAGTGACCCC,0,4228959
yadE_predicted,0.058823529411764705,16,16,TTACAGGTGTTGTTACCTAG,0,4213583
yadE_predicted,0.058823529411764705,16,16,TTAATCTCACCATCCTATCG,0,4162057
yadE_predicted,0.058823529411764705,16,16,TGTTGCGTAAGGCGAAGGCC,0,4213050
yadE_predicted,0.058823529411764705,16,16,TGTTCGTGCCAGAATCGAGC,0,4177399
yadE_predicted,0.058823529411764705,16,16,TGTGCCATGGATAGCAGGTC,0,4169441
yadE_predicted,0.058823529411764705,16,16,TGTCTAGCCTACATCTATCA,0,4193500
yadE_predicted,0.058823529411764705,16,16,TGTATCCACCTCACAGTTCG,0,4209449
yadE_predicted,0.058823529411764705,16,16,TGTAGGGGTACTTGCTGACA,0,4235904
yadE_predicted,0.058823529411764705,16,16,TGTACCCCGACCGCCGAACC,0,4203658
yadE_predicted,0.058823529411764705,16,16,TGGTCCGCATTTCGAGTGCA,0,4178080
yadE_predicted,0.058823529411764705,16,16,TGGCCGGTATGATGCAACAT,0,4167163
yadE_predicted,0.058823529411764705,16,16,TGGCAAGAGGCGTAACTTTC,0,4174055
yadE_predicted,0.058823529411764705,16,16,TGGATGAAACCTTCGAGCGG,0,4206462
yadE_predicted,0.058823529411764705,16,16,TGGAATATTCTACCACTCGA,0,4209767
yadE_predicted,0.058823529411764705,16,16,TGGAAACCTCTACGGAGCAT,0,4161459
yadE_predicted,0.058823529411764705,16,16,TGCGTGACCACAGCGTAGGC,0,4237477
yadE_predicted,0.058823529411764705,16,16,TGCGGCCCAATTTTTAAATG,0,4191812
yadE_predicted,0.058823529411764705,16,16,TGCGGATTGAAACGGAATAA,0,4232209
yadE_predicted,0.058823529411764705,16,16,TGCGACTCCAAGGGAGCGGA,0,4232939
yadE_predicted,0.058823529411764705,16,16,TGCCCAAACCTGAGCGACGG,0,4180260
yadE_predicted,0.058823529411764705,16,16,TGCAGCCACAATTGCGGTCA,0,4228181
yadE_predicted,0.058823529411764705,16,16,TGCAGAAGGCTTAATGCAGG,0,4200579
yadE_predicted,0.058823529411764705,16,16,TGCACTTATGCACCTCATGC,0,4234417
yadE_predicted,0.058823529411764705,16,16,TGCAATCCTAGCTGTGAGCT,0,4228756
yadE_predicted,0.058823529411764705,16,16,TGATTAGAAATATTCACCTA,0,4203198
yadE_predicted,0.058823529411764705,16,16,TGAGTGTTTGTGGGGTACTC,0,4176303
yadE_predicted,0.058823529411764705,16,16,TGAGTCTAATTGGCCAATGT,0,4227830
yadE_predicted,0.058823529411764705,16,16,TGAGGTAGTTCTGGTACCTT,0,4208427
yadE_predicted,0.058823529411764705,16,16,TGAGGGAGTGGGTTTTAATC,0,4213998
yadE_predicted,0.058823529411764705,16,16,TGAGGCCGTATAAGTCATCC,0,4173360
yadE_predicted,0.058823529411764705,16,16,TGACAAGACCTTACCCGCCC,0,4206300
yadE_predicted,0.058823529411764705,16,16,TCTTGGCCTTGGGCACAGAT,0,4185113
yadE_predicted,0.058823529411764705,16,16,TCTTAGCCTGCCTTTCCAGG,0,4236434
yadE_predicted,0.058823529411764705,16,16,TCTCACCATATCGCAGTACA,0,4171745
yadE_predicted,0.058823529411764705,16,16,TCTCAAGTGTCTATGGGGTA,0,4193295
yadE_predicted,0.058823529411764705,16,16,TCGTGTGTTTCGGTGCCTGT,0,4224652
yadE_predicted,0.058823529411764705,16,16,TCGGTCCTCGCCAGAGAGTA,0,4162117
yadE_predicted,0.058823529411764705,16,16,TCGGTAAGATCTTCCTGTTC,0,4219699
yadE_predicted,0.058823529411764705,16,16,TCGGGTATATCTTACGTGTT,0,4197067
yadE_predicted,0.058823529411764705,16,16,TCGGGAGGACTGCCTGGGAC,0,4191650
yadE_predicted,0.058823529411764705,16,16,TCGCGCTTATTACGGAGTTA,0,4206257
yadE_predicted,0.058823529411764705,16,16,TCGCGAGTTTGTTATTCCGT,0,4239401
yadE_predicted,0.058823529411764705,16,16,TCGAGAAAGCAGGCCACCGT,0,4170023
yadE_predicted,0.058823529411764705,16,16,TCCGCGGTTTGATAGGTTAC,0,4207884
yadE_predicted,0.058823529411764705,16,16,TCCCTTAAGCTGCAGAAGCT,0,4224632
yadE_predicted,0.058823529411764705,16,16,TCCCGACGTCTTTTGATCTA,0,4232490
yadE_predicted,0.058823529411764705,16,16,TCCCAAACATTAAATCCGAT,0,4225590
yadE_predicted,0.058823529411764705,16,16,TCCAAGTGCGTATATCATTA,0,4182632
yadE_predicted,0.058823529411764705,16,16,TCATTCACGGAGAACTGGAT,0,4165887
yadE_predicted,0.058823529411764705,16,16,TCATGAAAGCGCCGGGTAGA,0,4213274
yadE_predicted,0.058823529411764705,16,16,TCATCCTGGACAATGGTCAG,0,4234084
yadE_predicted,0.058823529411764705,16,16,TCATCCTCCATTTAGGTGGT,0,4170647
yadE_predicted,0.058823529411764705,16,16,TCAATTAAGACACCATTCAG,0,4235258
yadE_predicted,0.058823529411764705,16,16,TCAATGCGAGATAAATATTA,0,4163369
yadE_predicted,0.058823529411764705,16,16,TATTTGACGCTTAGCGTAGA,0,4194864
yadE_predicted,0.058823529411764705,16,16,TATTTAGGACGGCTGAGCAT,0,4171475
yadE_predicted,0.058823529411764705,16,16,TATTGTGCCTGAATCCACTG,0,4168378
yadE_predicted,0.058823529411764705,16,16,TATGCCAGGCGACTCTGTCA,0,4178162
yadE_predicted,0.058823529411764705,16,16,TATATAAACGCCGCAACATA,0,4202209
yadE_predicted,0.058823529411764705,16,16,TAGGTTTCGCGGATTTCACA,0,4191299
yadE_predicted,0.058823529411764705,16,16,TAGGGCCTGATGACGGCAGT,0,4212361
yadE_predicted,0.058823529411764705,16,16,TAGACTTGATAGACGAGATC,0,4186668
yadE_predicted,0.058823529411764705,16,16,TAGAAGATAGCTGCTGAATT,0,4230810
yadE_predicted,0.058823529411764705,16,16,TACTTTATTGGTAACAACAG,0,4193147
yadE_predicted,0.058823529411764705,16,16,TACTGCGGTGTGGGCTGGCT,0,4232383
yadE_predicted,0.058823529411764705,16,16,TACTATTTGGATTCCTTGTG,0,4185619
yadE_predicted,0.058823529411764705,16,16,TACTACAGACGAAAGAGCTG,0,4165289
yadE_predicted,0.058823529411764705,16,16,TACGGTGCCGATCCCGTAAT,0,4185317
yadE_predicted,0.058823529411764705,16,16,TACGCTTTTGTTCAGCGCCA,0,4200161
yadE_predicted,0.058823529411764705,16,16,TACGCCCAAACGCCAACTAT,0,4172515
yadE_predicted,0.058823529411764705,16,16,TACGCAATTTTCGTCCCATC,0,4170652
yadE_predicted,0.058823529411764705,16,16,TACCATTCATCTAGATTAAG,0,4211806
yadE_predicted,0.058823529411764705,16,16,TACATATTGATTTGTAATGA,0,4191769
yadE_predicted,0.058823529411764705,16,16,TAATTGCGGCTGAATAGATA,0,4200728
yadE_predicted,0.058823529411764705,16,16,TAAGTCTGCGCCTGTCTCGT,0,4199801
yadE_predicted,0.058823529411764705,16,16,TAAGACCCTCTGAGAGTTTA,0,4174881
yadE_predicted,0.058823529411764705,16,16,GTTGTAACTGGCGGGTAACT,0,4212116
yadE_predicted,0.058823529411764705,16,16,GTTCGCCACCGCCTGACGGG,0,4236237
yadE_predicted,0.058823529411764705,16,16,GTTACGAAAACAGCGCGCAA,0,4198769
yadE_predicted,0.058823529411764705,16,16,GTTACACCCGGGCGACGAAT,0,4166290
yadE_predicted,0.058823529411764705,16,16,GTTAAGCCATGTCGAGTCCC,0,4228133
yadE_predicted,0.058823529411764705,16,16,GTGGTTATCACTAGGGTCAG,0,4162330
yadE_predicted,0.058823529411764705,16,16,GTGGTATGCTTTGCGAGTAA,0,4172902
yadE_predicted,0.058823529411764705,16,16,GTGGCGTAAAATGTGTTAGC,0,4195121
yadE_predicted,0.058823529411764705,16,16,GTGGAGGCACTAGAGTTCCA,0,4223935
yadE_predicted,0.058823529411764705,16,16,GTGAGCGACATTACTTCCAG,0,4181873
yadE_predicted,0.058823529411764705,16,16,GTGAGCCACCGAGTCAGCTT,0,4174339
yadE_predicted,0.058823529411764705,16,16,GTGACAGATGCAAGTGCGGT,0,4182722
yadE_predicted,0.058823529411764705,16,16,GTCTTGAAGCCGACCACGGA,0,4224552
yadE_predicted,0.058823529411764705,16,16,GTCTTCGAGTGGCCATCGTG,0,4200384
yadE_predicted,0.058823529411764705,16,16,GTCTGAACTAAAGGAGGGGA,0,4222688
yadE_predicted,0.058823529411764705,16,16,GTCGGTATTTTGTGCGATTG,0,4231992
yadE_predicted,0.058823529411764705,16,16,GTCCGGACTCAGTGCGGGTT,0,4198324
yadE_predicted,0.058823529411764705,16,16,GTCAGTATGACGTCTCAAAA,0,4167916
yadE_predicted,0.058823529411764705,16,16,GTCACGGAGGAATGAACCCT,0,4230801
yadE_predicted,0.058823529411764705,16,16,GTCACGCACTGCGCTCCGAA,0,4200560
yadE_predicted,0.058823529411764705,16,16,GTATTAGGTGTTGTCCCAGT,0,4197019
yadE_predicted,0.058823529411764705,16,16,GTATGGTAAGTATCCGTGAT,0,4191531
yadE_predicted,0.058823529411764705,16,16,GTATGGGGACGTTCTGTCGG,0,4221044
yadE_predicted,0.058823529411764705,16,16,GTATCGAAATGTCGCGGATA,0,4228290
yadE_predicted,0.058823529411764705,16,16,GTATACCGTCGTGGCCCAAA,0,4218398
yadE_predicted,0.058823529411764705,16,16,GTAGTGAGTTTGGGTGTTAC,0,4229796
yadE_predicted,0.058823529411764705,16,16,GTAGTCAATGTAACCGAGGG,0,4199754
yadE_predicted,0.058823529411764705,16,16,GTACTCCTTCACTGGCTTGA,0,4235573
yadE_predicted,0.058823529411764705,16,16,GGTTGGGATGTTCCTCAAAC,0,4197921
yadE_predicted,0.058823529411764705,16,16,GGTGTTAGGTATGATCATAA,0,4166285
yadE_predicted,0.058823529411764705,16,16,GGTGGCAGTGCTGTTATGCT,0,4170527
yadE_predicted,0.058823529411764705,16,16,GGTGACCGGCTAGATGTGAG,0,4212604
yadE_predicted,0.058823529411764705,16,16,GGTAAGGGTGACTGTACACT,0,4161175
yadE_predicted,0.058823529411764705,16,16,GGTAACATTCATCTTTGGTA,0,4235519
yadE_predicted,0.058823529411764705,16,16,GGGGAGAGTTGTCGGGTGTC,0,4211425
yadE_predicted,0.058823529411764705,16,16,GGGGAAAACGCCAGTGTTTA,0,4175925
yadE_predicted,0.058823529411764705,16,16,GGGCTGAGATCAACCAGGCA,0,4211045
yadE_predicted,0.058823529411764705,16,16,GGGCACTTGCTATTTTTGTT,0,4186577
yadE_predicted,0.058823529411764705,16,16,GGGATTACATCGGCTTTTCG,0,4164676
yadE_predicted,0.058823529411764705,16,16,GGGAATGCTTTCTGACTCCT,0,4221687
yadE_predicted,0.058823529411764705,16,16,GGCTTCATGCATGCGCAATT,0,4206415
yadE_predicted,0.058823529411764705,16,16,GGCGTTTTGATTGCATCGCT,0,4160603
yadE_predicted,0.058823529411764705,16,16,GGCGTTCTAATGCGAACCCC,0,4193323
yadE_predicted,0.058823529411764705,16,16,GGCGCGACCATTGGTCGTCG,0,4240125
yadE_predicted,0.058823529411764705,16,16,GGCCGTTTATCGACATGTAG,0,4179071
yadE_predicted,0.058823529411764705,16,16,GGCCGGGATACTGAGATAAA,0,4209369
yadE_predicted,0.058823529411764705,16,16,GGCAGAACCTCGGGGCTTAG,0,4209348
yadE_predicted,0.058823529411764705,16,16,GGCAGAACATAGGTGGATCT,0,4180258
yadE_predicted,0.058823529411764705,16,16,GGCACCGTGATTAGCCCAGT,0,4175326
yadE_predicted,0.058823529411764705,16,16,GGATTCTCATGTAAACTCAG,0,4183188
yadE_predicted,0.058823529411764705,16,16,GGATCGCAGTCACGCATCAC,0,4189590
yadE_predicted,0.058823529411764705,16,16,GGATCCGCAACCTCTCTAAC,0,4179360
yadE_predicted,0.058823529411764705,16,16,GGACTTGTAATGAGGGCTAT,0,4199900
yadE_predicted,0.058823529411764705,16,16,GGACCTTATGCGGGGACAAA,0,4171686
yadE_predicted,0.058823529411764705,16,16,GGACAAGGAGTTGCTGTTTA,0,4209924
yadE_predicted,0.058823529411764705,16,16,GGAAAGGGCGGAGTTCGTCG,0,4171819
yadE_predicted,0.058823529411764705,16,16,GCTTATTAGCGCTAAACCGC,0,4180183
yadE_predicted,0.058823529411764705,16,16,GCTCGGGGGATGGTAGGCGG,0,4169654
yadE_predicted,0.058823529411764705,16,16,GCTATACGTCGTCTCTTCGA,0,4209454
yadE_predicted,0.058823529411764705,16,16,GCTAAAATAGGAAACAGATG,0,4174002
yadE_predicted,0.058823529411764705,16,16,GCGTAAATCGTGTTTAGGAT,0,4170150
yadE_predicted,0.058823529411764705,16,16,GCGGCGCAGATCTAGTCCAA,0,4214793
yadE_predicted,0.058823529411764705,16,16,GCGGCAGACCCGCTTATGGG,0,4175260
yadE_predicted,0.058823529411764705,16,16,GCGGAACGGGGTGACGAAAT,0,4196311
yadE_predicted,0.058823529411764705,16,16,GCGCTTAGGTTATACTGCTA,0,4168346
yadE_predicted,0.058823529411764705,16,16,GCCTTACCTCTAAGTATTGG,0,4166502
yadE_predicted,0.058823529411764705,16,16,GCCTCTGATTGCTCGATGGA,0,4224720
yadE_predicted,0.058823529411764705,16,16,GCCGTGGACTGTCCTGCGAC,0,4221775
yadE_predicted,0.058823529411764705,16,16,GCCGCGTCCCCTTCTGAACA,0,4207647
yadE_predicted,0.058823529411764705,16,16,GCCGCACTAGACCTCATATA,0,4174831
yadE_predicted,0.058823529411764705,16,16,GCCAAACACATCGGCAACAT,0,4174775
yadE_predicted,0.058823529411764705,16,16,GCATCTCTCCTCGAAACCAG,0,4189823
yadE_predicted,0.058823529411764705,16,16,GCATATTTTGAAGGTCGTGT,0,4214061
yadE_predicted,0.058823529411764705,16,16,GCAGTGCGTTCAAACGTGAT,0,4218086
yadE_predicted,0.058823529411764705,16,16,GCACACAGATAGATATGCTC,0,4198084
yadE_predicted,0.058823529411764705,16,16,GCAATCCTCATTTACACTGT,0,4201903
yadE_predicted,0.058823529411764705,16,16,GCAATCCCCAATGCTAGGCT,0,4237301
yadE_predicted,0.058823529411764705,16,16,GCAACCCATTTCTCCCCAAA,0,4165688
yadE_predicted,0.058823529411764705,16,16,GATGTCAAGTATGTGTACCA,0,4175139
yadE_predicted,0.058823529411764705,16,16,GATCATGATAGGCTCTTTTA,0,4194066
yadE_predicted,0.058823529411764705,16,16,GATATAATCGGGGAACCGAT,0,4168472
yadE_predicted,0.058823529411764705,16,16,GAGCTGGGAACGACAATACA,0,4176516
yadE_predicted,0.058823529411764705,16,16,GAGCGTATAAAAGTATTTTT,0,4160880
yadE_predicted,0.058823529411764705,16,16,GAGCAAGTAGACTTGTAATA,0,4163122
yadE_predicted,0.058823529411764705,16,16,GAGACCTTGTTCTAGCCAGT,0,4170377
yadE_predicted,0.058823529411764705,16,16,GAGAAGAAGACTAACTGAGT,0,4230016
yadE_predicted,0.058823529411764705,16,16,GAGAACTCGACTGGCTCAGC,0,4178985
yadE_predicted,0.058823529411764705,16,16,GACTTACGGTTCCGTATAGT,0,4210326
yadE_predicted,0.058823529411764705,16,16,GACATTCACGCGCCGCTCCT,0,4206253
yadE_predicted,0.058823529411764705,16,16,GACAGACGGCTATTCCCGCC,0,4206266
yadE_predicted,0.058823529411764705,16,16,GAAGGTTGCAGCGCGACAAG,0,4184509
yadE_predicted,0.058823529411764705,16,16,GAAGACTGAACCTGGCCCTA,0,4181847
yadE_predicted,0.058823529411764705,16,16,GAACGTTTTTAATCTTTAGA,0,4194546
yadE_predicted,0.058823529411764705,16,16,GAACGGGGTTGACAGCAACT,0,4188023
yadE_predicted,0.058823529411764705,16,16,GAAATGAAACCTCGGCTCGA,0,4201147
yadE_predicted,0.058823529411764705,16,16,GAAATACAGTTCAGGACTAT,0,4201433
yadE_predicted,0.058823529411764705,16,16,GAAAACTCATGGGTGGGCTT,0,4208133
yadE_predicted,0.058823529411764705,16,16,CTTGGCATAATTTGGGGATG,0,4181393
yadE_predicted,0.058823529411764705,16,16,CTTGCCATGAACCGGCTGCA,0,4214837
yadE_predicted,0.058823529411764705,16,16,CTTCCGTTGTGACGTCAGAT,0,4234794
yadE_predicted,0.058823529411764705,16,16,CTTAGTTCATATCGGTGAGA,0,4203043
yadE_predicted,0.058823529411764705,16,16,CTTACACGGACTGCCCCACC,0,4205389
yadE_predicted,0.058823529411764705,16,16,CTTAAGTGTTAAATGGCAAG,0,4200302
yadE_predicted,0.058823529411764705,16,16,CTGGTACTGCGCAAATTGTA,0,4232648
yadE_predicted,0.058823529411764705,16,16,CTGGATCGATAGATTCATGC,0,4234015
yadE_predicted,0.058823529411764705,16,16,CTGATCCGTACACTGGCGAT,0,4201143
yadE_predicted,0.058823529411764705,16,16,CTGAGCTATACCTCAAGAGA,0,4189140
yadE_predicted,0.058823529411764705,16,16,CTGACGCGTTCGGAAAGTGC,0,4177244
yadE_predicted,0.058823529411764705,16,16,CTGAATAATGTCAGGAACCA,0,4218501
yadE_predicted,0.058823529411764705,16,16,CTGAAGATGTAAGAAGAGTA,0,4213092
yadE_predicted,0.058823529411764705,16,16,CTCTTTAATGTTGTCTAGGA,0,4187069
yadE_predicted,0.058823529411764705,16,16,CTCTCGCATAGTAAATTTTT,0,4222815
yadE_predicted,0.058823529411764705,16,16,CTCGTCCGCTTCGCCTGGCA,0,4216960
yadE_predicted,0.058823529411764705,16,16,CTCGAGATATATGTTTTGTT,0,4193812
yadE_predicted,0.058823529411764705,16,16,CTCCGACCCACCTAAAAACG,0,4202571
yadE_predicted,0.058823529411764705,16,16,CTCCAAAACCTGTGCGGATA,0,4178999
yadE_predicted,0.058823529411764705,16,16,CTCATCATAGCAACAACCCT,0,4197549
yadE_predicted,0.058823529411764705,16,16,CTCAGGATGACCGGGGTAGA,0,4221689
yadE_predicted,0.058823529411764705,16,16,CTAGGTGACGGTGGCAGTTC,0,4183430
yadE_predicted,0.058823529411764705,16,16,CTAGCTGTAGGGTGACCAGT,0,4179137
yadE_predicted,0.058823529411764705,16,16,CTAGATATCTATCGGACTCC,0,4165920
yadE_predicted,0.058823529411764705,16,16,CTACATCGACGAGCTTCAGC,0,4217394
yadE_predicted,0.058823529411764705,16,16,CTAATTCGAAACCCACAGCC,0,4178134
yadE_predicted,0.058823529411764705,16,16,CTAATTAGGGTCAAAATTAG,0,4204564
yadE_predicted,0.058823529411764705,16,16,CGTTGGAAAGGTGCTCGGTT,0,4163570
yadE_predicted,0.058823529411764705,16,16,CGTTAACAAGATTGGTTTTA,0,4212224
yadE_predicted,0.058823529411764705,16,16,CGTCGTTATCGGGCCGCCGT,0,4212404
yadE_predicted,0.058823529411764705,16,16,CGTCATGCATGGTTAGTACA,0,4234710
yadE_predicted,0.058823529411764705,16,16,CGTAATTGGGAGAACTGGTG,0,4169500
yadE_predicted,0.058823529411764705,16,16,CGTAAAGTTACGACGGGTCA,0,4189721
yadE_predicted,0.058823529411764705,16,16,CGTAAAGCGGCTTCCAAAGC,0,4188797
yadE_predicted,0.058823529411764705,16,16,CGGTGTCAGATCTACATTCG,0,4230665
yadE_predicted,0.058823529411764705,16,16,CGGGTAACGGCTCGAGGGCC,0,4207741
yadE_predicted,0.058823529411764705,16,16,CGGGCCAGTGAACTTCAGAA,0,4193804
yadE_predicted,0.058823529411764705,16,16,CGGCCTTACAGAGAGGCCTC,0,4209939
yadE_predicted,0.058823529411764705,16,16,CGGCCGAGGAATGGTGGAAA,0,4226899
yadE_predicted,0.058823529411764705,16,16,CGGCCGAATTTGTCCATACA,0,4175306
yadE_predicted,0.058823529411764705,16,16,CGGAGAGCAGGGAGCATTAG,0,4166426
yadE_predicted,0.058823529411764705,16,16,CGGACTGACCCTACGAACTC,0,4187314
yadE_predicted,0.058823529411764705,16,16,CGCGTATTCGCTCCATACGT,0,4212498
yadE_predicted,0.058823529411764705,16,16,CGCGGAGTGAGTTAGGGCGC,0,4213566
yadE_predicted,0.058823529411764705,16,16,CGCCTTGTTACCTTCTGTAG,0,4227330
yadE_predicted,0.058823529411764705,16,16,CGCCGTTACGCTTCCGCACC,0,4229379
yadE_predicted,0.058823529411764705,16,16,CGCCCCAACCCCGATGTTTC,0,4174879
yadE_predicted,0.058823529411764705,16,16,CGCCCAGGGTTGACAGGCAA,0,4179197
yadE_predicted,0.058823529411764705,16,16,CGCACACTATTTTTATCGTA,0,4214230
yadE_predicted,0.058823529411764705,16,16,CGATTGCTGCGCTAGGATGT,0,4190673
yadE_predicted,0.058823529411764705,16,16,CGAGTGTCGTGACAGACATG,0,4205647
yadE_predicted,0.058823529411764705,16,16,CGAGTAGGCCCTGACACAGT,0,4169523
yadE_predicted,0.058823529411764705,16,16,CGAGGGCATAGCGGCTAGAC,0,4162271
yadE_predicted,0.058823529411764705,16,16,CGAGGAACGAATTCGGCTAC,0,4227126
yadE_predicted,0.058823529411764705,16,16,CGAGCGATAGTGGGCCGGGT,0,4202711
yadE_predicted,0.058823529411764705,16,16,CGAGAGGCGGCGGAGCTGCA,0,4223756
yadE_predicted,0.058823529411764705,16,16,CGACTAAACGAAAAAATGAA,0,4239485
yadE_predicted,0.058823529411764705,16,16,CGACCAAAGTACTTAACCTC,0,4213073
yadE_predicted,0.058823529411764705,16,16,CGAACTCCTGGTCAGTAAAG,0,4225019
yadE_predicted,0.058823529411764705,16,16,CGAAAAGGGTGTAAGGGCGA,0,4226610
yadE_predicted,0.058823529411764705,16,16,CCTTTAAGCATGCAGGTATA,0,4239293
yadE_predicted,0.058823529411764705,16,16,CCTTGATATAAGTCTTTGTG,0,4166656
yadE_predicted,0.058823529411764705,16,16,CCTTCATATCCAAATTGACG,0,4165108
yadE_predicted,0.058823529411764705,16,16,CCTTCAAACATACTGTTGTG,0,4172861
yadE_predicted,0.058823529411764705,16,16,CCTGAGACTAGGGCAGCTCT,0,4231781
yadE_predicted,0.058823529411764705,16,16,CCTATTGACGAGCATTGGCC,0,4213416
yadE_predicted,0.058823529411764705,16,16,CCGTCGCGGCTGGGCCTTAC,0,4174799
yadE_predicted,0.058823529411764705,16,16,CCGTCCCGGATCTCTGCGAT,0,4197864
yadE_predicted,0.058823529411764705,16,16,CCGGGCTTCGACCAGAGCAT,0,4185778
yadE_predicted,0.058823529411764705,16,16,CCGGCGAAGGTTTATACTTT,0,4220712
yadE_predicted,0.058823529411764705,16,16,CCGGAACAAACCTTTAGGAC,0,4220720
yadE_predicted,0.058823529411764705,16,16,CCGCGTCTGCTAGGAAGGCA,0,4161377
yadE_predicted,0.058823529411764705,16,16,CCGATAAGCGCCGCGATCAC,0,4204636
yadE_predicted,0.058823529411764705,16,16,CCCGCTCAGCTAACCAACAA,0,4225554
yadE_predicted,0.058823529411764705,16,16,CCCCCATTTGCTGTCGCTTC,0,4238167
yadE_predicted,0.058823529411764705,16,16,CCCCAGGGTAGTAAGAGTCA,0,4178074
yadE_predicted,0.058823529411764705,16,16,CCCAGTCCCGGGAATGTCTT,0,4225486
yadE_predicted,0.058823529411764705,16,16,CCATGCGGTTTTGTTTATGG,0,4232422
yadE_predicted,0.058823529411764705,16,16,CCACTCGCTCGAGCTGGGCT,0,4212552
yadE_predicted,0.058823529411764705,16,16,CCACGCGTCTTTGTGGAATC,0,4214125
yadE_predicted,0.058823529411764705,16,16,CCAAACCAATCAGACGGAAT,0,4171681
yadE_predicted,0.058823529411764705,16,16,CATTTTCACCAGCCGTCGAG,0,4168986
yadE_predicted,0.058823529411764705,16,16,CATGTGCCGTCCTGCCATAG,0,4236271
yadE_predicted,0.058823529411764705,16,16,CATGGACAGATCATCCGCAG,0,4183360
yadE_predicted,0.058823529411764705,16,16,CATGCTAGCCTTGGCGGTAC,0,4172312
yadE_predicted,0.058823529411764705,16,16,CATGCCACCGCGTTCATTGA,0,4235066
yadE_predicted,0.058823529411764705,16,16,CATGACTCAAGGAATACCCG,0,4181611
yadE_predicted,0.058823529411764705,16,16,CATCTGCCAAGGCTAGAGCG,0,4215852
yadE_predicted,0.058823529411764705,16,16,CATCTAGGAAAGTCGGCAAC,0,4164053
yadE_predicted,0.058823529411764705,16,16,CATATCGGCAATCAATGTGG,0,4222169
yadE_predicted,0.058823529411764705,16,16,CAGTTGTCCCTTAATCGTGT,0,4208172
yadE_predicted,0.058823529411764705,16,16,CAGTTCGCGAGATCTGCATT,0,4191149
yadE_predicted,0.058823529411764705,16,16,CAGTACTAGGTTTCCATATG,0,4202446
yadE_predicted,0.058823529411764705,16,16,CAGGCGCTTGACGGGGGGGG,0,4166977
yadE_predicted,0.058823529411764705,16,16,CAGGACAATAAAGCGAAGCA,0,4218077
yadE_predicted,0.058823529411764705,16,16,CAGCTTAAAACAGCTAATGT,0,4181473
yadE_predicted,0.058823529411764705,16,16,CAGACGTTTGAGCAGACTAA,0,4234491
yadE_predicted,0.058823529411764705,16,16,CACTTTGGTAACAGCCGATA,0,4175966
yadE_predicted,0.058823529411764705,16,16,CACTTCAGGTAAACGGGTGC,0,4201628
yadE_predicted,0.058823529411764705,16,16,CACTGTTTGTTGATAAGCAA,0,4225741
yadE_predicted,0.058823529411764705,16,16,CACTGCGTGCATTCGGGTCA,0,4220845
yadE_predicted,0.058823529411764705,16,16,CACTCGTAATAGGTTTCGTG,0,4184413
yadE_predicted,0.058823529411764705,16,16,CACGGGCTCACGAACAGATC,0,4235085
yadE_predicted,0.058823529411764705,16,16,CACCTAGTCTCTTAACCTCG,0,4165975
yadE_predicted,0.058823529411764705,16,16,CAATAACGACAGAGTTGCTC,0,4195370
yadE_predicted,0.058823529411764705,16,16,CAAGTCAATGCCCCGTCCTT,0,4218887
yadE_predicted,0.058823529411764705,16,16,CAACAATGGCAGCAAACCGG,0,4211622
yadE_predicted,0.058823529411764705,16,16,CAAAGTCTGATAAAGACTAG,0,4191980
yadE_predicted,0.058823529411764705,16,16,ATTGTCACGAGCCTCCGGCC,0,4205864
yadE_predicted,0.058823529411764705,16,16,ATTGCAGGTATGAGGAATTC,0,4175318
yadE_predicted,0.058823529411764705,16,16,ATTCTCTTGGGGTTCGTCAG,0,4161778
yadE_predicted,0.058823529411764705,16,16,ATTATGGCGAACATTCGATC,0,4159448
yadE_predicted,0.058823529411764705,16,16,ATTAGGGGCGGATTAGTTGG,0,4239767
yadE_predicted,0.058823529411764705,16,16,ATGTTAGCTCTCCGGCACTT,0,4178945
yadE_predicted,0.058823529411764705,16,16,ATGTAATTTTACGGCAACAG,0,4235002
yadE_predicted,0.058823529411764705,16,16,ATGGTTACCAGCGTACCAGG,0,4198796
yadE_predicted,0.058823529411764705,16,16,ATGGATCCCCGCGGGTGGCT,0,4183489
yadE_predicted,0.058823529411764705,16,16,ATGGACCGTTAGACCTTCGA,0,4185702
yadE_predicted,0.058823529411764705,16,16,ATGCGCACACTCCAGCCGTG,0,4177523
yadE_predicted,0.058823529411764705,16,16,ATGATGGCGAACGACAACCA,0,4173180
yadE_predicted,0.058823529411764705,16,16,ATGAGGACGTAAGCGAGGGG,0,4165157
yadE_predicted,0.058823529411764705,16,16,ATGAGCTCACCGTTTCGATA,0,4213384
yadE_predicted,0.058823529411764705,16,16,ATCGGGCATACTAAATTTAT,0,4225635
yadE_predicted,0.058823529411764705,16,16,ATCGAGTATACGGCTTAGCT,0,4184119
yadE_predicted,0.058823529411764705,16,16,ATCCTATAAGGAGTCGTTTT,0,4205360
yadE_predicted,0.058823529411764705,16,16,ATCAGTCACGCCCGACCCAC,0,4179784
yadE_predicted,0.058823529411764705,16,16,ATCAGCCTTTGCGAAAATTT,0,4181535
yadE_predicted,0.058823529411764705,16,16,ATCAGCCCATGGACTTAGTC,0,4234195
yadE_predicted,0.058823529411764705,16,16,ATCACTTGTTTGTTTATTCT,0,4166266
yadE_predicted,0.058823529411764705,16,16,ATCAAGGACCTCCCAACCAT,0,4222967
yadE_predicted,0.058823529411764705,16,16,ATAGGTGATATATGAAAGGC,0,4220860
yadE_predicted,0.058823529411764705,16,16,ATACCGCTGAGATTAGGGCA,0,4202448
yadE_predicted,0.058823529411764705,16,16,AGTTGTTCTTTTAAAAGTAC,0,4239574
yadE_predicted,0.058823529411764705,16,16,AGTTGTATGACGGATAAGCC,0,4195122
yadE_predicted,0.058823529411764705,16,16,AGTTGCGTGTTCCACGGTGT,0,4181334
yadE_predicted,0.058823529411764705,16,16,AGTACGTGGGGGAATTAGAT,0,4194420
yadE_predicted,0.058823529411764705,16,16,AGTAAGAAGATCTTACTTTG,0,4192760
yadE_predicted,0.058823529411764705,16,16,AGGTGGAAGGGGGGCACAGG,0,4173581
yadE_predicted,0.058823529411764705,16,16,AGGTAGCTAATTACCTTAGT,0,4193272
yadE_predicted,0.058823529411764705,16,16,AGGGTGCTCCGATGTCAAAG,0,4236184
yadE_predicted,0.058823529411764705,16,16,AGGGCTCGCGTCTGAGGAAG,0,4189892
yadE_predicted,0.058823529411764705,16,16,AGGGAATCATCTTAGGAGAC,0,4190723
yadE_predicted,0.058823529411764705,16,16,AGGCCTTTTCGTCTTGTGGT,0,4169325
yadE_predicted,0.058823529411764705,16,16,AGGATGTGTTAGCCGTGAAT,0,4173114
yadE_predicted,0.058823529411764705,16,16,AGGAGATACCTATGGCTCAG,0,4193249
yadE_predicted,0.058823529411764705,16,16,AGGACTCTTAGCCCGTATTT,0,4163623
yadE_predicted,0.058823529411764705,16,16,AGCTACTCCTTGTTATCGGT,0,4185680
yadE_predicted,0.058823529411764705,16,16,AGCTACCTGGTAACGCTGAT,0,4175209
yadE_predicted,0.058823529411764705,16,16,AGCGTGCGGCTAACGGGGTC,0,4174938
yadE_predicted,0.058823529411764705,16,16,AGCGCGTACCTATTTTGATC,0,4207402
yadE_predicted,0.058823529411764705,16,16,AGCGAGGCCCATGTCTAGCA,0,4175307
yadE_predicted,0.058823529411764705,16,16,AGCCGCTCCATGGGAGGCTT,0,4225884
yadE_predicted,0.058823529411764705,16,16,AGCCCCTATTAATAAATCGG,0,4241316
yadE_predicted,0.058823529411764705,16,16,AGATTCTGAGACTTTTTGGC,0,4219468
yadE_predicted,0.058823529411764705,16,16,AGATTATCATACTCAGGGAC,0,4184165
yadE_predicted,0.058823529411764705,16,16,AGATGATGGATGATATACGT,0,4187399
yadE_predicted,0.058823529411764705,16,16,AGATCCGAGTCGCCAGCTGG,0,4188688
yadE_predicted,0.058823529411764705,16,16,AGATAGTACCTCGTGCAATG,0,4185511
yadE_predicted,0.058823529411764705,16,16,AGAGGTTTATAATTTTCTAT,0,4216552
yadE_predicted,0.058823529411764705,16,16,AGAGGAATGCTTCTATTCAG,0,4227717
yadE_predicted,0.058823529411764705,16,16,AGACATCGCTAAGTAGTGGT,0,4203558
yadE_predicted,0.058823529411764705,16,16,AGAAATACCTGCCCCTCGGG,0,4170098
yadE_predicted,0.058823529411764705,16,16,ACTTTTGAGGGACACTCGAG,0,4215240
yadE_predicted,0.058823529411764705,16,16,ACTTGAAGGATAGGCACATA,0,4172009
yadE_predicted,0.058823529411764705,16,16,ACTGTGTCACCATACCTATT,0,4213911
yadE_predicted,0.058823529411764705,16,16,ACTGCTCACCTGGAAAACGA,0,4202474
yadE_predicted,0.058823529411764705,16,16,ACTCAAGAGCAGAAGCTTAA,0,4162674
yadE_predicted,0.058823529411764705,16,16,ACGTATAGATTATTTTGTAT,0,4220635
yadE_predicted,0.058823529411764705,16,16,ACGTACTGAAGTAAGACGGC,0,4191917
yadE_predicted,0.058823529411764705,16,16,ACGGTTTTATTGTTCGTCTT,0,4219890
yadE_predicted,0.058823529411764705,16,16,ACGGGACTATCGGCTATGGT,0,4166242
yadE_predicted,0.058823529411764705,16,16,ACGGGAAGTGGTCGTATTAG,0,4212595
yadE_predicted,0.058823529411764705,16,16,ACGGCCTAGAACATGCGCGG,0,4169047
yadE_predicted,0.058823529411764705,16,16,ACCTCCGTTCGCCAATCGTG,0,4197557
yadE_predicted,0.058823529411764705,16,16,ACCTCACCAATGCGTCTCGA,0,4169238
yadE_predicted,0.058823529411764705,16,16,ACCGGGATCTGGGCACCAAT,0,4206475
yadE_predicted,0.058823529411764705,16,16,ACCGGCTTATTGGCTATTGA,0,4197069
yadE_predicted,0.058823529411764705,16,16,ACCCTGGGTCAAAAAACAAA,0,4233080
yadE_predicted,0.058823529411764705,16,16,ACCCTCGAGATTTTTGTCCG,0,4184010
yadE_predicted,0.058823529411764705,16,16,ACCCGTCACGTTAGCAAGGT,0,4172416
yadE_predicted,0.058823529411764705,16,16,ACCCGCATCATACCAGCGAA,0,4220383
yadE_predicted,0.058823529411764705,16,16,ACCAGTCGGGGATTAATGAA,0,4162592
yadE_predicted,0.058823529411764705,16,16,ACCACGTCTCTCGACCGGGA,0,4233620
yadE_predicted,0.058823529411764705,16,16,ACATTAACGCCTTCTGGAAT,0,4175660
yadE_predicted,0.058823529411764705,16,16,ACAGTTCCTAGAAGGCCATA,0,4179887
yadE_predicted,0.058823529411764705,16,16,ACACTGCTTTGAAACCGACT,0,4225194
yadE_predicted,0.058823529411764705,16,16,ACACGTTGCTTAAGAGCAGG,0,4169138
yadE_predicted,0.058823529411764705,16,16,ACACCTGACCGAAGCGAAAA,0,4237610
yadE_predicted,0.058823529411764705,16,16,AATTGGCCTAAAGTTGGCTA,0,4222788
yadE_predicted,0.058823529411764705,16,16,AATGCTTACGCGGTCCACGT,0,4219675
yadE_predicted,0.058823529411764705,16,16,AATCGTCAGTTAAGTCGAAC,0,4191617
yadE_predicted,0.058823529411764705,16,16,AATCGGATAGACCTAGGGCT,0,4201773
yadE_predicted,0.058823529411764705,16,16,AATCGACACGCAGCCTACAC,0,4225539
yadE_predicted,0.058823529411764705,16,16,AATCCCACGCCATAAAATGG,0,4163361
yadE_predicted,0.058823529411764705,16,16,AAGTTACTGATTGGAGTGTT,0,4173209
yadE_predicted,0.058823529411764705,16,16,AAGGTCCCTTCGTCATTTGT,0,4233009
yadE_predicted,0.058823529411764705,16,16,AAGGGCAAATTGCATTTGCA,0,4197881
yadE_predicted,0.058823529411764705,16,16,AAGGAGTCCGGTATGCATCA,0,4219757
yadE_predicted,0.058823529411764705,16,16,AAGCGCTGAACCTTTAACAG,0,4237046
yadE_predicted,0.058823529411764705,16,16,AAGATTGTTTAGTCAGTATG,0,4160236
yadE_predicted,0.058823529411764705,16,16,AACGACGCTACTCCGGTGAA,0,4181024
yadE_predicted,0.058823529411764705,16,16,AACCGTTCACACAGGGGTCA,0,4197526
yadE_predicted,0.058823529411764705,16,16,AACAGTGACGGTGTGTGTCC,0,4215110
yadE_predicted,0.058823529411764705,16,16,AACAGCTCGGGCTTCTTTGT,0,4171696
yadE_predicted,0.0625,15,15,TTTCTACTAATAAGCATGGT,0,4183170
yadE_predicted,0.0625,15,15,TTTCGTGGGAATGCACTTGG,0,4169235
yadE_predicted,0.0625,15,15,TTTCGTGCAACGTCACGTAG,0,4224270
yadE_predicted,0.0625,15,15,TTTATCCTTCATACAATTCA,0,4198001
yadE_predicted,0.0625,15,15,TTGGACTATTGGCGCCCGGC,0,4163137
yadE_predicted,0.0625,15,15,TTGAGATGTGACATTTTTCT,0,4172757
yadE_predicted,0.0625,15,15,TTCTTAAACAGCATAACCAT,0,4198459
yadE_predicted,0.0625,15,15,TTCTCGCCCGTATGCTCCAA,0,4206767
yadE_predicted,0.0625,15,15,TTCGATGTTACCACTAGGCG,0,4212323
yadE_predicted,0.0625,15,15,TTCCCTGCCGCAGAGGAGAA,0,4232423
yadE_predicted,0.0625,15,15,TTCATGCTTCGACACGGACA,0,4192112
yadE_predicted,0.0625,15,15,TTCATGCGGAAGTTACGCGG,0,4169730
yadE_predicted,0.0625,15,15,TTCAGCTAAAGACGACCCTT,0,4219013
yadE_predicted,0.0625,15,15,TTCAAGATCAAGGGCCTGAT,0,4232631
yadE_predicted,0.0625,15,15,TTATATAGGTGGCGCGTCGT,0,4195325
yadE_predicted,0.0625,15,15,TTATAACGTCTATCGCTTTT,0,4229002
yadE_predicted,0.0625,15,15,TTAGTGGGGGTGAAGACTGT,0,4233271
yadE_predicted,0.0625,15,15,TTAGCCCCACGTACCGTAAA,0,4220282
yadE_predicted,0.0625,15,15,TTAGACCGCGGTCATACTGG,0,4240052
yadE_predicted,0.0625,15,15,TTACGTATAGGAGCTTCTGA,0,4184840
yadE_predicted,0.0625,15,15,TTACGAGAAGACCATTAGCT,0,4227942
yadE_predicted,0.0625,15,15,TTAATATCCCGACGGATGGC,0,4179690
yadE_predicted,0.0625,15,15,TTAAACTTGCTCAACAGTGA,0,4233502
yadE_predicted,0.0625,15,15,TGTTCATTGGCCCCGCTGAG,0,4225988
yadE_predicted,0.0625,15,15,TGTTAATGTATTACCGAGGA,0,4212356
yadE_predicted,0.0625,15,15,TGTGGCCCTGCAAGCAGCGA,0,4228898
yadE_predicted,0.0625,15,15,TGTCGTCTATAGTGAGTCCG,0,4198288
yadE_predicted,0.0625,15,15,TGTATTACGTCACACTGGTA,0,4198827
yadE_predicted,0.0625,15,15,TGTAGATAGAATAGGCGTGT,0,4181979
yadE_predicted,0.0625,15,15,TGGTCCCGACGAGTTCTACA,0,4181871
yadE_predicted,0.0625,15,15,TGGGATGGGAGTCGGTTAGT,0,4238389
yadE_predicted,0.0625,15,15,TGCGTGAGCACGCCTCAAGG,0,4225146
yadE_predicted,0.0625,15,15,TGCGCAAACATTCATTAGCA,0,4219630
yadE_predicted,0.0625,15,15,TGCCCTCTGCGGACCCTCAC,0,4204359
yadE_predicted,0.0625,15,15,TGCCCGTCTTTACGGAAATA,0,4171368
yadE_predicted,0.0625,15,15,TGCCCGAAGAGTGGTTCCGG,0,4231166
yadE_predicted,0.0625,15,15,TGCATAGGCGGAGTCTAAGA,0,4214798
yadE_predicted,0.0625,15,15,TGATAAACGATGCCGGGATA,0,4204737
yadE_predicted,0.0625,15,15,TGAGAGGTGCTTTCCGGGAT,0,4231215
yadE_predicted,0.0625,15,15,TCTTTTCGCGGACGAGACAT,0,4212486
yadE_predicted,0.0625,15,15,TCTTGGGAAGGAACATTTAG,0,4161806
yadE_predicted,0.0625,15,15,TCTTGCCTAGTCCAGATGCT,0,4201905
yadE_predicted,0.0625,15,15,TCTTATTTCGGGGTTACGGA,0,4220841
yadE_predicted,0.0625,15,15,TCTTAGCTCAAGGGTTATCC,0,4167055
yadE_predicted,0.0625,15,15,TCTGGACATTTGTGAGCTAG,0,4229477
yadE_predicted,0.0625,15,15,TCTCAAAGGCATATGCGGGC,0,4241183
yadE_predicted,0.0625,15,15,TCTAGTTGTCCGCGACTACG,0,4224235
yadE_predicted,0.0625,15,15,TCTAGGGTCTTGATAGGTTG,0,4213087
yadE_predicted,0.0625,15,15,TCTAGGGCTAACAATCGGCA,0,4179336
yadE_predicted,0.0625,15,15,TCTAGCTGTCATCCTATCGT,0,4190812
yadE_predicted,0.0625,15,15,TCGTCCGCGTATTTAAAATA,0,4234832
yadE_predicted,0.0625,15,15,TCGGAACGAGGTTATCAGTC,0,4187400
yadE_predicted,0.0625,15,15,TCGATCGAGGGAGGTGCGTC,0,4190098
yadE_predicted,0.0625,15,15,TCGATCCGAATGCAATTCAC,0,4187593
yadE_predicted,0.0625,15,15,TCGAGGGAGAAGGTCGCATT,0,4239563
yadE_predicted,0.0625,15,15,TCCTACGTATCATGGAACTA,0,4203176
yadE_predicted,0.0625,15,15,TCCTAAGCATAAAAGGTTCC,0,4181478
yadE_predicted,0.0625,15,15,TCCGCCAGTCCTTTAATCCC,0,4188100
yadE_predicted,0.0625,15,15,TCCCGCTATCTGTGAGCGTG,0,4163597
yadE_predicted,0.0625,15,15,TCAGCCTATCATTATCAAAC,0,4165163
yadE_predicted,0.0625,15,15,TCAATGGCGTGAGCATGATA,0,4205818
yadE_predicted,0.0625,15,15,TCAACTCGATAAAGCTCTTT,0,4212390
yadE_predicted,0.0625,15,15,TCAACCCCCTGATCATGGTA,0,4186842
yadE_predicted,0.0625,15,15,TATTTAGTCGTAGGCACAGT,0,4161357
yadE_predicted,0.0625,15,15,TATTAGTCCTACACTGCTTT,0,4164382
yadE_predicted,0.0625,15,15,TATGTGGGTCGGCTAGAGCT,0,4176737
yadE_predicted,0.0625,15,15,TATGGGCTATTCCGTCGGCT,0,4179005
yadE_predicted,0.0625,15,15,TATGGGCCAGCGCGTCTATG,0,4177649
yadE_predicted,0.0625,15,15,TATCTGGGCAACGGCTCTAT,0,4180404
yadE_predicted,0.0625,15,15,TATCACGCCTCGGCGCAATG,0,4165483
yadE_predicted,0.0625,15,15,TATAGGTTGGCGCGGGTCAC,0,4198553
yadE_predicted,0.0625,15,15,TAGGGTCTTAGAGGCTCATG,0,4179758
yadE_predicted,0.0625,15,15,TAGGCAATGGGAGGTATGAG,0,4230533
yadE_predicted,0.0625,15,15,TAGACGCTTTATGCTGAAAT,0,4179068
yadE_predicted,0.0625,15,15,TACTCGCGCTCGATCTAGTT,0,4216367
yadE_predicted,0.0625,15,15,TACGCTAATATCGTAAGCCG,0,4239140
yadE_predicted,0.0625,15,15,TACGCACCTTTCTAAACGGA,0,4206197
yadE_predicted,0.0625,15,15,TACGATGGGCTCTAATGCGG,0,4230161
yadE_predicted,0.0625,15,15,TACGAGTCCGCAGACCCGGA,0,4161698
yadE_predicted,0.0625,15,15,TACGAAAGTAAGCGCCGGAG,0,4233902
yadE_predicted,0.0625,15,15,TACCCAAGAGTTCAGTTGAA,0,4187014
yadE_predicted,0.0625,15,15,TACATCCCGATACCTGGCAA,0,4191348
yadE_predicted,0.0625,15,15,TAATGTGCTCAGCATAAACG,0,4164990
yadE_predicted,0.0625,15,15,TAATGGGCTGCGAAAATTTA,0,4205703
yadE_predicted,0.0625,15,15,TAATGCTAAAAATATCGACA,0,4184154
yadE_predicted,0.0625,15,15,TAATGACCGCGCGGATGGTT,0,4221391
yadE_predicted,0.0625,15,15,TAAGTCTAGGCCAGAGGACT,0,4230155
yadE_predicted,0.0625,15,15,TAAGTAGCCATATCGGGTCA,0,4162244
yadE_predicted,0.0625,15,15,TAAGGGTAAGTCACTCGACA,0,4228994
yadE_predicted,0.0625,15,15,TAAGACTTGTCGAGTGTTAT,0,4175714
yadE_predicted,0.0625,15,15,TAAGACCTCTGCGTGTTAAT,0,4230114
yadE_predicted,0.0625,15,15,TAAAAGGGAGCGGCCCATTC,0,4184208
yadE_predicted,0.0625,15,15,GTTTTATACAAGTCCGATGT,0,4231156
yadE_predicted,0.0625,15,15,GTTGGCGGATCCCAATGAAA,0,4160863
yadE_predicted,0.0625,15,15,GTTCAGGTTCGATAATAGGA,0,4200382
yadE_predicted,0.0625,15,15,GTTCAGGCATCGCCAGGCCA,0,4202042
yadE_predicted,0.0625,15,15,GTTCACTTTCTTAACTGGCA,0,4225820
yadE_predicted,0.0625,15,15,GTTACTACGGGTAGCTTTAG,0,4232525
yadE_predicted,0.0625,15,15,GTTAAATCGATATTGCCAGA,0,4165398
yadE_predicted,0.0625,15,15,GTGTGGGCAAGGTAGGCTCA,0,4230798
yadE_predicted,0.0625,15,15,GTGTATGGCCTCAGGGGGCA,0,4233504
yadE_predicted,0.0625,15,15,GTGTACTTTCGTTGGGATCA,0,4202995
yadE_predicted,0.0625,15,15,GTGGTTGTATTACGACGGAC,0,4193517
yadE_predicted,0.0625,15,15,GTGGGGAAGGTTAGCAGAGT,0,4222694
yadE_predicted,0.0625,15,15,GTGGGCGATCCTAGGTGCGT,0,4224792
yadE_predicted,0.0625,15,15,GTGCTGCTATACTTCACGTG,0,4191822
yadE_predicted,0.0625,15,15,GTGATCTGAGGCTATTGGGG,0,4217689
yadE_predicted,0.0625,15,15,GTGATATAGTGGGCTTGCCT,0,4217209
yadE_predicted,0.0625,15,15,GTGAATAGTGCACACGACAT,0,4191665
yadE_predicted,0.0625,15,15,GTGAAGGCTTAAAGCGGCTC,0,4164552
yadE_predicted,0.0625,15,15,GTCGGCGTCAGCGATTTCGG,0,4222750
yadE_predicted,0.0625,15,15,GTCGCTTGGTGCTAAAGGTC,0,4218524
yadE_predicted,0.0625,15,15,GTCGCCGACTAACTCCGCAG,0,4213946
yadE_predicted,0.0625,15,15,GTCGCATGATAGGAGTCGGG,0,4207693
yadE_predicted,0.0625,15,15,GTCCCCGTCGGACGAGTTCA,0,4194853
yadE_predicted,0.0625,15,15,GTCCACACTTCCAGGTACCG,0,4199819
yadE_predicted,0.0625,15,15,GTATGAAATGAGTCTAATAT,0,4199591
yadE_predicted,0.0625,15,15,GTAGTACCTATTGTATCTGT,0,4166476
yadE_predicted,0.0625,15,15,GTAAATGCTGCATAAACACA,0,4230497
yadE_predicted,0.0625,15,15,GTAAACTTTGATTCTTCCGT,0,4210224
yadE_predicted,0.0625,15,15,GGTTCAAGAGTACTTGGACT,0,4185101
yadE_predicted,0.0625,15,15,GGTTATTTGCCGTAAGTATC,0,4228902
yadE_predicted,0.0625,15,15,GGTCTCTCGTGATCGTATAT,0,4233171
yadE_predicted,0.0625,15,15,GGTCGGCGATTGGGGTAAAG,0,4162309
yadE_predicted,0.0625,15,15,GGTCAAAGTAGTCAGCCCTA,0,4219702
yadE_predicted,0.0625,15,15,GGTACTGCGCAAACCCTGGT,0,4213283
yadE_predicted,0.0625,15,15,GGGTGTCTTCCGGAGTAGTA,0,4211763
yadE_predicted,0.0625,15,15,GGGTCTTGGGATCCGATTTA,0,4169440
yadE_predicted,0.0625,15,15,GGGGACAGTCCTCTCCGAGG,0,4166620
yadE_predicted,0.0625,15,15,GGGCCTCAGAACGCCACAAC,0,4226051
yadE_predicted,0.0625,15,15,GGGAGCATGTGATACCAGGT,0,4239243
yadE_predicted,0.0625,15,15,GGGAGAATGGGAGGTTTGAT,0,4173655
yadE_predicted,0.0625,15,15,GGGAGAACTAAATATAGGGG,0,4206723
yadE_predicted,0.0625,15,15,GGGACTTGCAAACAGCCGGC,0,4185915
yadE_predicted,0.0625,15,15,GGGACCAATGTTCCTCTGTC,0,4174449
yadE_predicted,0.0625,15,15,GGGAATCCACCCAATAAATA,0,4197058
yadE_predicted,0.0625,15,15,GGCTGCGCATATTGTCGGTA,0,4167125
yadE_predicted,0.0625,15,15,GGCGGGGTCCGGGTTTGAGC,0,4166326
yadE_predicted,0.0625,15,15,GGCGCAGGATAAAAGGTTAA,0,4190847
yadE_predicted,0.0625,15,15,GGCCTGCATTCGCCACGTAA,0,4161473
yadE_predicted,0.0625,15,15,GGCCGGTCCTCCAGCGGCTC,0,4197021
yadE_predicted,0.0625,15,15,GGCATAGCTTGTAACGAACA,0,4197340
yadE_predicted,0.0625,15,15,GGCAGGATTGTTGATTTTCG,0,4200758
yadE_predicted,0.0625,15,15,GGCACCGTGAAGTGATACCA,0,4238864
yadE_predicted,0.0625,15,15,GGATTAGTATCCGTCGAGAG,0,4231439
yadE_predicted,0.0625,15,15,GGATTAACGTTTAGATATTT,0,4204358
yadE_predicted,0.0625,15,15,GGAGTTCATCCAACATGTCA,0,4238773
yadE_predicted,0.0625,15,15,GGAGTCCATCAGTGAGCCCA,0,4183672
yadE_predicted,0.0625,15,15,GGAGAATACTGCTATGGTTG,0,4173432
yadE_predicted,0.0625,15,15,GGACGTTGCGGTTCAACGAG,0,4227552
yadE_predicted,0.0625,15,15,GCTTTTATGGTTATCCCTGT,0,4168723
yadE_predicted,0.0625,15,15,GCTTTATCGACGTCCATGCA,0,4161251
yadE_predicted,0.0625,15,15,GCTTGTCCTGGGGTTACCGG,0,4198878
yadE_predicted,0.0625,15,15,GCTTCATCGCTTTTTGTGTG,0,4224987
yadE_predicted,0.0625,15,15,GCTGAGGCGTTGGCTATATG,0,4179869
yadE_predicted,0.0625,15,15,GCTGAATATGAGCTGCCAAA,0,4182524
yadE_predicted,0.0625,15,15,GCTCACCCCCCTGCCTTTCT,0,4159751
yadE_predicted,0.0625,15,15,GCTAGCAACCACCATATCCA,0,4206796
yadE_predicted,0.0625,15,15,GCGTGCTTACCAACTTAGCA,0,4192811
yadE_predicted,0.0625,15,15,GCGATTATTGGCAAGTCCTA,0,4192704
yadE_predicted,0.0625,15,15,GCGAGTCTGGGCGACCTTTA,0,4170896
yadE_predicted,0.0625,15,15,GCGACCGTAGTAAGTCGGCT,0,4223123
yadE_predicted,0.0625,15,15,GCGAACTGGCGATTGGTTTT,0,4234192
yadE_predicted,0.0625,15,15,GCGAAACGCTGTAACCGTTC,0,4240642
yadE_predicted,0.0625,15,15,GCCTTAGCACACCGGACTCC,0,4236376
yadE_predicted,0.0625,15,15,GCCTGGGTTGTTAGATTAGG,0,4195913
yadE_predicted,0.0625,15,15,GCCTCAAGCCCTCTTTACTT,0,4171839
yadE_predicted,0.0625,15,15,GCCTACCCACTCCGGTGCCT,0,4203222
yadE_predicted,0.0625,15,15,GCCCTGTTACTTATCCAAGC,0,4229123
yadE_predicted,0.0625,15,15,GCCCGTTTCACCCGCTTTTA,0,4164980
yadE_predicted,0.0625,15,15,GCCCACGCTATCCGTTGAGC,0,4199124
yadE_predicted,0.0625,15,15,GCCAGGGCATAGTGCTAGAA,0,4181232
yadE_predicted,0.0625,15,15,GCCAACCAAGTGGCCTTCAA,0,4214843
yadE_predicted,0.0625,15,15,GCATTTTTATACGCAATAGG,0,4210099
yadE_predicted,0.0625,15,15,GCATTTACGCATACCCATTA,0,4192910
yadE_predicted,0.0625,15,15,GCAGTGAGTCGGGCCTAACT,0,4214480
yadE_predicted,0.0625,15,15,GCAGCGCGCTGAAACGCAAC,0,4214065
yadE_predicted,0.0625,15,15,GCAGCACTCTGCGCATTCAA,0,4178015
yadE_predicted,0.0625,15,15,GCAATTGGTGAACCGGTGTG,0,4189026
yadE_predicted,0.0625,15,15,GATTTAGCGATCCGTGTCCT,0,4206317
yadE_predicted,0.0625,15,15,GATGTCACTGCGGTCTGGAC,0,4185367
yadE_predicted,0.0625,15,15,GATGGGCTGATTTCGAACTA,0,4196615
yadE_predicted,0.0625,15,15,GATCGGAAGGGCGCCCAGGC,0,4236156
yadE_predicted,0.0625,15,15,GATCCGTCCGCAAGATTTCC,0,4202569
yadE_predicted,0.0625,15,15,GATATTAGCCCAAGTAATAT,0,4207851
yadE_predicted,0.0625,15,15,GATAGGCCGGACTCGTACCT,0,4166122
yadE_predicted,0.0625,15,15,GATAATCTCCCCAGAGAAAT,0,4228894
yadE_predicted,0.0625,15,15,GAGTCCTTCACATAGCGGGA,0,4209721
yadE_predicted,0.0625,15,15,GAGGACCAGTTAGCCGCTGT,0,4208367
yadE_predicted,0.0625,15,15,GACTACGGTGTCAGCTGCGA,0,4235065
yadE_predicted,0.0625,15,15,GACGTCGAACAGGATATATA,0,4199946
yadE_predicted,0.0625,15,15,GACCGTTGCGCGCAGACCAT,0,4202140
yadE_predicted,0.0625,15,15,GACCGAACATTCGCGTGTAG,0,4180199
yadE_predicted,0.0625,15,15,GACCCCGTGCAAGCTAAAGT,0,4195977
yadE_predicted,0.0625,15,15,GACCAACCCAACGGCTTTCA,0,4208881
yadE_predicted,0.0625,15,15,GACATCTCAATTTAGCTGCA,0,4200385
yadE_predicted,0.0625,15,15,GACATACAATATCTGGTTGC,0,4185288
yadE_predicted,0.0625,15,15,GAATGTATGAACCCGGTTTT,0,4202226
yadE_predicted,0.0625,15,15,GAATCGCCAGGGATAACACA,0,4239439
yadE_predicted,0.0625,15,15,GAAGTGTAAGGGCATCTTGT,0,4197147
yadE_predicted,0.0625,15,15,GAAGCAAAGATTACAGCATT,0,4201341
yadE_predicted,0.0625,15,15,GAACGTGTTACGCGGTCGGA,0,4213361
yadE_predicted,0.0625,15,15,GAACGAACTCTTGAGAAGTC,0,4183851
yadE_predicted,0.0625,15,15,GAACCCTAACTATTCGCATG,0,4171474
yadE_predicted,0.0625,15,15,GAAAGGCGGTTCGACGTAAG,0,4200331
yadE_predicted,0.0625,15,15,GAAACCGACATGCTGAATGG,0,4230465
yadE_predicted,0.0625,15,15,GAAAATTAGTTACGTTAGCA,0,4226413
yadE_predicted,0.0625,15,15,CTTTCCCACACGATTCAGCG,0,4167522
yadE_predicted,0.0625,15,15,CTTTCACTTATCTGCCGAAC,0,4176189
yadE_predicted,0.0625,15,15,CTTTAGGGCCGTCAGCCCCT,0,4224344
yadE_predicted,0.0625,15,15,CTTCTAATGACACTGGCCGA,0,4223534
yadE_predicted,0.0625,15,15,CTTCGTCGAGTATGCTTGAC,0,4171412
yadE_predicted,0.0625,15,15,CTTACATGCCGGGACAAACG,0,4163434
yadE_predicted,0.0625,15,15,CTTAACGCAATGGACATTAG,0,4217616
yadE_predicted,0.0625,15,15,CTGGTGCACTGTCACAGGGA,0,4216109
yadE_predicted,0.0625,15,15,CTGGTACTTGGTACCAGGTA,0,4196816
yadE_predicted,0.0625,15,15,CTGGCGCCATGGTCAAGTAC,0,4236620
yadE_predicted,0.0625,15,15,CTGCTAATCAGTATTCGCAG,0,4225504
yadE_predicted,0.0625,15,15,CTGCCGCGGAAGTAAGTATG,0,4172751
yadE_predicted,0.0625,15,15,CTGCCAGTGGCAATGAAGCT,0,4169242
yadE_predicted,0.0625,15,15,CTGCAAGTTTTCACTCTAAG,0,4175424
yadE_predicted,0.0625,15,15,CTGATGTTCTGGGTCGTGCC,0,4205406
yadE_predicted,0.0625,15,15,CTGAGGCAGCGGTGGGATCA,0,4239698
yadE_predicted,0.0625,15,15,CTGACCGAAGCGGATATCCT,0,4160256
yadE_predicted,0.0625,15,15,CTGAAACTGATAAAGAGTCA,0,4171046
yadE_predicted,0.0625,15,15,CTCCTACCGTACTCGGAATA,0,4186354
yadE_predicted,0.0625,15,15,CTCCGGGATCGTTTCGTGGG,0,4181138
yadE_predicted,0.0625,15,15,CTCCGGAGCCCCACATTGAC,0,4169125
yadE_predicted,0.0625,15,15,CTCCCTCGTACCCTCCCTCA,0,4222741
yadE_predicted,0.0625,15,15,CTCCAATAAACATTACAAGG,0,4223340
yadE_predicted,0.0625,15,15,CTCAATGTTGAAGAGTTTGG,0,4217380
yadE_predicted,0.0625,15,15,CTAGGCTAACCTTCTACGTT,0,4190538
yadE_predicted,0.0625,15,15,CTAATTAAGCGCGATAGCGT,0,4212727
yadE_predicted,0.0625,15,15,CTAATGGAGCTGGAGATATT,0,4193374
yadE_predicted,0.0625,15,15,CTAAAGTTATCATGTATTCG,0,4210334
yadE_predicted,0.0625,15,15,CGTTCTAGGAGTTCAGTTCA,0,4194381
yadE_predicted,0.0625,15,15,CGTTAAAACTCTCTACGTGG,0,4222168
yadE_predicted,0.0625,15,15,CGTGCTCATACCTTGACAGA,0,4185034
yadE_predicted,0.0625,15,15,CGTGCGAAGGGTCTTTAAAA,0,4215226
yadE_predicted,0.0625,15,15,CGTCTGGGAAAAATACCTTC,0,4195975
yadE_predicted,0.0625,15,15,CGTCTAATTTATGCCGACGT,0,4217820
yadE_predicted,0.0625,15,15,CGTCGTCAGTGATGGTATCT,0,4190805
yadE_predicted,0.0625,15,15,CGTAGGCTCGGTGAGATGTA,0,4178451
yadE_predicted,0.0625,15,15,CGGTTCCTGCCAACTATGCG,0,4173638
yadE_predicted,0.0625,15,15,CGGTGCGAAGCTAACTATCA,0,4203158
yadE_predicted,0.0625,15,15,CGGGTAGGATGCGGTCCGAG,0,4186361
yadE_predicted,0.0625,15,15,CGGGCCGGCAGAAGCATCCT,0,4206531
yadE_predicted,0.0625,15,15,CGGGCAAGTCTTAGAGCCGG,0,4189187
yadE_predicted,0.0625,15,15,CGGCGAGGTTAAAAGCGTGC,0,4190886
yadE_predicted,0.0625,15,15,CGGCCTTGATCTGTGATACT,0,4159393
yadE_predicted,0.0625,15,15,CGGCCGTAGGAGATTGAAAG,0,4216476
yadE_predicted,0.0625,15,15,CGGCATTAGCGTTGATATCT,0,4201978
yadE_predicted,0.0625,15,15,CGGCAAGACAATACCCGACC,0,4197755
yadE_predicted,0.0625,15,15,CGCTCCGGGATCAGAGCGCC,0,4187680
yadE_predicted,0.0625,15,15,CGCTCAATATAGGTCGGGTG,0,4200768
yadE_predicted,0.0625,15,15,CGCGTCTTTGCCTGGAGTTT,0,4162960
yadE_predicted,0.0625,15,15,CGCGGTTAGTAGCATCGTTA,0,4190399
yadE_predicted,0.0625,15,15,CGCGGTATGGCTGCACCCAG,0,4189042
yadE_predicted,0.0625,15,15,CGCACTGTATTCTATAAGTG,0,4160658
yadE_predicted,0.0625,15,15,CGATATTAGCATATTGAATT,0,4172666
yadE_predicted,0.0625,15,15,CGAGGTGAATACGTCTGTCA,0,4220489
yadE_predicted,0.0625,15,15,CGAGCTCAATCGAGGCCCGT,0,4237038
yadE_predicted,0.0625,15,15,CGAAATCATTCGACTCCCGT,0,4234533
yadE_predicted,0.0625,15,15,CCTTAGCACCGAGGGGGGAA,0,4223891
yadE_predicted,0.0625,15,15,CCTGTCCAGTCACTCTGAAG,0,4239366
yadE_predicted,0.0625,15,15,CCTAGTCCCCGTGCTGACGT,0,4229043
yadE_predicted,0.0625,15,15,CCGTATCGTAACGGTTTCGA,0,4193265
yadE_predicted,0.0625,15,15,CCGTACTCGACCACACGGAC,0,4203805
yadE_predicted,0.0625,15,15,CCGGTGGGCGTAATGCTATG,0,4223752
yadE_predicted,0.0625,15,15,CCGGTCAATATGGTTACCCG,0,4198379
yadE_predicted,0.0625,15,15,CCGGGACTACCTTGTCTAAA,0,4219524
yadE_predicted,0.0625,15,15,CCGGCCGCGTAGTACCACCT,0,4194552
yadE_predicted,0.0625,15,15,CCGCTAAAGGAGCGGAACGA,0,4238823
yadE_predicted,0.0625,15,15,CCGCGCAGATTATGGTGGGA,0,4213321
yadE_predicted,0.0625,15,15,CCGCGACCGGAGCCACTAAC,0,4217617
yadE_predicted,0.0625,15,15,CCGACGCCCAGAGTCGTATA,0,4162789
yadE_predicted,0.0625,15,15,CCCGTAGAATCACTGAGTTA,0,4183854
yadE_predicted,0.0625,15,15,CCCGGCGAGCAACCTTCATA,0,4214465
yadE_predicted,0.0625,15,15,CCCCAATCAGGCACTCAGGT,0,4185202
yadE_predicted,0.0625,15,15,CCCATGGCTCTTGGAGGCGA,0,4181991
yadE_predicted,0.0625,15,15,CCATGCTACACTGATTTACC,0,4181664
yadE_predicted,0.0625,15,15,CCATCACTTCGCGTATTGGT,0,4176921
yadE_predicted,0.0625,15,15,CCAGTAGAGCCTACATGATT,0,4220855
yadE_predicted,0.0625,15,15,CCACGCGACTTACATCGGGC,0,4240324
yadE_predicted,0.0625,15,15,CCACAGTTGCACACTTTGCC,0,4160020
yadE_predicted,0.0625,15,15,CCACACGGGCACGACACCGC,0,4203245
yadE_predicted,0.0625,15,15,CCAAGCCACCGTCGAAAGAT,0,4168487
yadE_predicted,0.0625,15,15,CCAAGACGTATAACAACAAG,0,4217208
yadE_predicted,0.0625,15,15,CCAACTTACGAGCCATAACT,0,4164693
yadE_predicted,0.0625,15,15,CCAAATAAGGATTCCTTTGC,0,4231634
yadE_predicted,0.0625,15,15,CATGCCCTCCGCAAGCATAA,0,4194562
yadE_predicted,0.0625,15,15,CATCTCGCTTTCCAACAAAG,0,4197105
yadE_predicted,0.0625,15,15,CATCGTGCATGGATTAAGTC,0,4171070
yadE_predicted,0.0625,15,15,CATCGAGTTGCTCGACCGAC,0,4209470
yadE_predicted,0.0625,15,15,CATCCTACCGCACCGTCTAT,0,4187315
yadE_predicted,0.0625,15,15,CATATCTACGGTTGGAGTCT,0,4222905
yadE_predicted,0.0625,15,15,CATAAGCTTTCTCGTCAATC,0,4193507
yadE_predicted,0.0625,15,15,CATAACTACATAAATATGAG,0,4205702
yadE_predicted,0.0625,15,15,CATAAAACCTTCTGCTAGAC,0,4232462
yadE_predicted,0.0625,15,15,CAGTGTTGTCATCGGTTACT,0,4201576
yadE_predicted,0.0625,15,15,CAGTGTACAGCGATTCTTGC,0,4202557
yadE_predicted,0.0625,15,15,CAGTCGGGGGTCGGAACCGT,0,4241213
yadE_predicted,0.0625,15,15,CAGTCAGTTAGTGGTCGAGT,0,4187203
yadE_predicted,0.0625,15,15,CAGGCACAAAGAAAACCGTG,0,4169340
yadE_predicted,0.0625,15,15,CAGCTAAAGATTACTTGCCG,0,4229073
yadE_predicted,0.0625,15,15,CAGCGTAACCCGTAGTTAGT,0,4196633
yadE_predicted,0.0625,15,15,CACTTATTAATCATGCGTTT,0,4190955
yadE_predicted,0.0625,15,15,CACTGTCGTGTATAGGTACC,0,4233711
yadE_predicted,0.0625,15,15,CACGTCAAACGGTAGAATAT,0,4188691
yadE_predicted,0.0625,15,15,CACGGTTAAAAACGTTCTTC,0,4200141
yadE_predicted,0.0625,15,15,CACCTATCCGGCAAGAATAC,0,4218749
yadE_predicted,0.0625,15,15,CACCCAGACTGCATACAGAG,0,4227195
yadE_predicted,0.0625,15,15,CACACGATCAGCGAGCGGCA,0,4171996
yadE_predicted,0.0625,15,15,CAATATGTATTTTCTACGGC,0,4177850
yadE_predicted,0.0625,15,15,CAAGGATCACACGCTGGGGT,0,4168541
yadE_predicted,0.0625,15,15,CAAGCGTAAGTGCGGTCTTT,0,4167270
yadE_predicted,0.0625,15,15,CAAGCCCCCGGGTACATTTA,0,4219693
yadE_predicted,0.0625,15,15,CAAAGTCTCCCAGTTTTACA,0,4207164
yadE_predicted,0.0625,15,15,ATTTTCGGCAGACGTAATAA,0,4215594
yadE_predicted,0.0625,15,15,ATTGCTTGATCTTTACTGCT,0,4166164
yadE_predicted,0.0625,15,15,ATTGCGGGTGTTCTGGTTCT,0,4234419
yadE_predicted,0.0625,15,15,ATTCCTGTAGATTTAAGGTC,0,4182006
yadE_predicted,0.0625,15,15,ATGTTGCTAAAGTTTCAAGA,0,4215834
yadE_predicted,0.0625,15,15,ATGTTACAAGTTGCTCGGGG,0,4240728
yadE_predicted,0.0625,15,15,ATGGTGCTCCAAACCAAGGT,0,4195634
yadE_predicted,0.0625,15,15,ATGGTCACTAAGGACAATTC,0,4163338
yadE_predicted,0.0625,15,15,ATGGGGGCGCTGGTATGCGG,0,4218613
yadE_predicted,0.0625,15,15,ATGGGAAATAAGGCCCCTTT,0,4161366
yadE_predicted,0.0625,15,15,ATGGAATGGCCCTAATGCCT,0,4168343
yadE_predicted,0.0625,15,15,ATGCTAGGTACGCGCAAAAT,0,4180639
yadE_predicted,0.0625,15,15,ATGCCCGTGGTACCGTGTCA,0,4219933
yadE_predicted,0.0625,15,15,ATGCAAAAAATCGTATCTTC,0,4169087
yadE_predicted,0.0625,15,15,ATGATCTCGGATCATTGACA,0,4168970
yadE_predicted,0.0625,15,15,ATGAACCCACTTGATACATT,0,4160342
yadE_predicted,0.0625,15,15,ATCGCGCGGCGAGTATCATG,0,4167864
yadE_predicted,0.0625,15,15,ATCGATATTACGGTCGGAAT,0,4177658
yadE_predicted,0.0625,15,15,ATCGATACGATGGAAATTAT,0,4209654
yadE_predicted,0.0625,15,15,ATCCTGGTATCCCGAGGACG,0,4162250
yadE_predicted,0.0625,15,15,ATCAACAAGACCTCATCGTA,0,4162963
yadE_predicted,0.0625,15,15,ATAGGCGGTGGCTGACCCCT,0,4195859
yadE_predicted,0.0625,15,15,ATACGTCGGTAAATTGGCGC,0,4238524
yadE_predicted,0.0625,15,15,ATACAAGTGCCGAACGGCAG,0,4231280
yadE_predicted,0.0625,15,15,ATACAAGACGTGCAAGCAGA,0,4197530
yadE_predicted,0.0625,15,15,ATAATCGTCTATCTTAGATT,0,4180091
yadE_predicted,0.0625,15,15,ATAAGTACGCCCTGTAACAG,0,4216238
yadE_predicted,0.0625,15,15,ATAAGCCTTTAAGATATCGT,0,4180148
yadE_predicted,0.0625,15,15,ATAACATAGCAAACCCGGAG,0,4159477
yadE_predicted,0.0625,15,15,ATAAATGGTGATGCACCGGA,0,4169216
yadE_predicted,0.0625,15,15,AGTTTTGAACCCGTACCATC,0,4163946
yadE_predicted,0.0625,15,15,AGTGAGTCGAAGTCCCCATG,0,4195440
yadE_predicted,0.0625,15,15,AGTGACTGCAGGCTACCTGG,0,4160162
yadE_predicted,0.0625,15,15,AGTGAAACATCTGTTCCGAG,0,4162238
yadE_predicted,0.0625,15,15,AGTCTCTAACGAGGCAGGCG,0,4216953
yadE_predicted,0.0625,15,15,AGTCCTATCAAAGGGCTTGT,0,4172895
yadE_predicted,0.0625,15,15,AGTCCGTTAACTTAATGTAA,0,4185515
yadE_predicted,0.0625,15,15,AGTCAAAGAGTGAGTATGCG,0,4207579
yadE_predicted,0.0625,15,15,AGTAAAAGTCACTGAAACGC,0,4206479
yadE_predicted,0.0625,15,15,AGGTTGGAATTCTATACGGT,0,4202006
yadE_predicted,0.0625,15,15,AGGTATCATCTAGGGGACTT,0,4199966
yadE_predicted,0.0625,15,15,AGGCGGTACTGTTATAATCA,0,4191101
yadE_predicted,0.0625,15,15,AGGCAGGCAACAACCCGGAG,0,4234657
yadE_predicted,0.0625,15,15,AGGCACATAAAGAGCCGTGA,0,4210383
yadE_predicted,0.0625,15,15,AGGAGACTCGACTACACTTG,0,4165689
yadE_predicted,0.0625,15,15,AGCTTTGTTGGTGCCATAGA,0,4189530
yadE_predicted,0.0625,15,15,AGCTAAGACTCACCCATTTC,0,4228316
yadE_predicted,0.0625,15,15,AGCGAATTATTTGCTTTCAC,0,4196503
yadE_predicted,0.0625,15,15,AGCCTGGGACGACGTGTAGG,0,4183075
yadE_predicted,0.0625,15,15,AGCATGGAATCATTATGTAC,0,4174266
yadE_predicted,0.0625,15,15,AGCAGTGCAGCCTACGTCAA,0,4232349
yadE_predicted,0.0625,15,15,AGCAGTACCAGACAACACGT,0,4236885
yadE_predicted,0.0625,15,15,AGCAGGCCTCTTGAGCCGCG,0,4210991
yadE_predicted,0.0625,15,15,AGCAAGATCACCGTGGACAG,0,4166353
yadE_predicted,0.0625,15,15,AGACCGGGAACGGGATACTG,0,4160018
yadE_predicted,0.0625,15,15,AGAACAGCCACGAATTTCAA,0,4164047
yadE_predicted,0.0625,15,15,ACTTGCTATCCTAAGGGAGA,0,4176745
yadE_predicted,0.0625,15,15,ACTTCAGAGTAGTTCTGTAG,0,4231329
yadE_predicted,0.0625,15,15,ACTTATTGAAATGGTCGGTA,0,4165993
yadE_predicted,0.0625,15,15,ACTGGGGCAGTGGGAATCTT,0,4180358
yadE_predicted,0.0625,15,15,ACTCACAGGATGGCCCGCCA,0,4171739
yadE_predicted,0.0625,15,15,ACGTCGCTTGTTAAGCGGAA,0,4223819
yadE_predicted,0.0625,15,15,ACGTAACTCCTCACTGGCTA,0,4193326
yadE_predicted,0.0625,15,15,ACGGTTAATAGGCAGATTAG,0,4219416
yadE_predicted,0.0625,15,15,ACGGTATTTTCCCACTACGA,0,4235256
yadE_predicted,0.0625,15,15,ACGGGTCAGGTGCCGCCGCT,0,4200709
yadE_predicted,0.0625,15,15,ACGGGAATACGTAACTGAGC,0,4159693
yadE_predicted,0.0625,15,15,ACGGCCGGACTGTGCTAGTG,0,4218827
yadE_predicted,0.0625,15,15,ACGCTGTAGGTACTGTGTGC,0,4185261
yadE_predicted,0.0625,15,15,ACGCCGTGGTCCTAACTGCA,0,4228883
yadE_predicted,0.0625,15,15,ACGCCCGGTACAGCTTTCGC,0,4208989
yadE_predicted,0.0625,15,15,ACGCAGAGTATAAACGTAGC,0,4172524
yadE_predicted,0.0625,15,15,ACGCAATTTATTGCGGCGTA,0,4165168
yadE_predicted,0.0625,15,15,ACGATATTGCGGAGGCACGA,0,4183508
yadE_predicted,0.0625,15,15,ACGAGCTCCTCGTTAACGGT,0,4219151
yadE_predicted,0.0625,15,15,ACGAGCCCCACTCCTAGATT,0,4227157
yadE_predicted,0.0625,15,15,ACCTACTGCTCACACCGAGT,0,4216956
yadE_predicted,0.0625,15,15,ACCGGGATCTAATTTTCAAG,0,4181772
yadE_predicted,0.0625,15,15,ACCGATTGCTTGAGAAGAGC,0,4175547
yadE_predicted,0.0625,15,15,ACCATCTCAGGGGGGCTCCA,0,4194101
yadE_predicted,0.0625,15,15,ACCATATTCTATACCTATAA,0,4201023
yadE_predicted,0.0625,15,15,ACCATAGCACTTCTATCGAA,0,4208542
yadE_predicted,0.0625,15,15,ACCAACTCGACATAGAGCAG,0,4165178
yadE_predicted,0.0625,15,15,ACATCAACCAGGGAACCGTC,0,4225593
yadE_predicted,0.0625,15,15,ACAGGCTTACCGGGATTTGG,0,4225199
yadE_predicted,0.0625,15,15,ACACTCACCATAGCATGGAC,0,4198545
yadE_predicted,0.0625,15,15,ACAAAGCGGCCAGATTCGGG,0,4198425
yadE_predicted,0.0625,15,15,AATTATTCCACCAACTTTCA,0,4223990
yadE_predicted,0.0625,15,15,AATTAAGCGCATTGCTATAC,0,4192813
yadE_predicted,0.0625,15,15,AATTAAGCCTAGGTTTTGAT,0,4164107
yadE_predicted,0.0625,15,15,AATCTTTAATCAACTCTCGT,0,4195071
yadE_predicted,0.0625,15,15,AAGTGAGTCGTAGGTATAAA,0,4174750
yadE_predicted,0.0625,15,15,AAGTCGGAATAACATACACA,0,4190535
yadE_predicted,0.0625,15,15,AAGGTCATCTAGTTGGCCAT,0,4237324
yadE_predicted,0.0625,15,15,AAGGGCTTTTGAGGTGATTA,0,4190577
yadE_predicted,0.0625,15,15,AAGCTAACATGGGGGGCTTA,0,4173848
yadE_predicted,0.0625,15,15,AAGCCATGGGTGCCCATCAC,0,4183817
yadE_predicted,0.0625,15,15,AAGATTTAATTATTAGGTCA,0,4203752
yadE_predicted,0.0625,15,15,AAGAAAATATCAGTTCTGAT,0,4227177
yadE_predicted,0.0625,15,15,AACTGCCGTGTACGCGATTG,0,4172743
yadE_predicted,0.0625,15,15,AACTCCGCTAGGTACAATAT,0,4223686
yadE_predicted,0.0625,15,15,AACGGGTGAGTTGAGGCTAA,0,4193126
yadE_predicted,0.0625,15,15,AACGCGGGGGTATCACCCGG,0,4233901
yadE_predicted,0.0625,15,15,AACAATGTCTCCGCTGAGTG,0,4178474
yadE_predicted,0.0625,15,15,AAATCTCTGACTTCAGTAGT,0,4199988
yadE_predicted,0.0625,15,15,AAAGCCGAACCCGATAGGTG,0,4197837
yadE_predicted,0.0625,15,15,AAAGAACACGCAACGGTATA,0,4182155
yadE_predicted,0.0625,15,15,AAACTTAGAGCATTATGCGT,0,4170576
yadE_predicted,0.0625,15,15,AAACTGGTGCACGTCGCCAT,0,4215869
yadE_predicted,0.0625,15,15,AAACCTGAACTACCTGGGTC,0,4229891
yadE_predicted,0.0625,15,15,AAAACAGGGTATTGTTCGTG,0,4222130
yadE_predicted,0.0625,15,15,AAAAAAGAAGAACGGTACAT,0,4169326
yadE_predicted,0.06666666666666667,14,14,TTTTGAACTCAAGCCCAAGA,0,4196131
yadE_predicted,0.06666666666666667,14,14,TTTTCGGTTGCAGTCCGTAT,0,4206270
yadE_predicted,0.06666666666666667,14,14,TTTGTCGGCAGAAGACCACT,0,4169931
yadE_predicted,0.06666666666666667,14,14,TTTGTAGTTTAGAGCGGATG,0,4225571
yadE_predicted,0.06666666666666667,14,14,TTTGCCGGACAAACAGAATT,0,4229387
yadE_predicted,0.06666666666666667,14,14,TTGTTGATACACCCGGCTAA,0,4237025
yadE_predicted,0.06666666666666667,14,14,TTGTATGCTACTGTTCCGGC,0,4204762
yadE_predicted,0.06666666666666667,14,14,TTGGAGGTCACATGATATAA,0,4172951
yadE_predicted,0.06666666666666667,14,14,TTGCTTATGCATCTTGGGTA,0,4186507
yadE_predicted,0.06666666666666667,14,14,TTGCTCGGAATAGGACAAGT,0,4188019
yadE_predicted,0.06666666666666667,14,14,TTGACCAGATATGCAAGGAG,0,4193674
yadE_predicted,0.06666666666666667,14,14,TTCACGGTCCTAGCCAGTCC,0,4172224
yadE_predicted,0.06666666666666667,14,14,TTATGCTGAGACTTTGTCGG,0,4194541
yadE_predicted,0.06666666666666667,14,14,TTAGGCGGGGGGGGATGGCA,0,4191017
yadE_predicted,0.06666666666666667,14,14,TTAGCCGTTAAGCAGAAGGG,0,4223282
yadE_predicted,0.06666666666666667,14,14,TTACCCACCATCAAGTCCAG,0,4228650
yadE_predicted,0.06666666666666667,14,14,TTAACCTCAAGCGTCACCTT,0,4163719
yadE_predicted,0.06666666666666667,14,14,TGTGTAGGCCCCTACAATTT,0,4196985
yadE_predicted,0.06666666666666667,14,14,TGTGGGCACAGGTGTCATCC,0,4223571
yadE_predicted,0.06666666666666667,14,14,TGTGCAAGATTACAGTTAAG,0,4159570
yadE_predicted,0.06666666666666667,14,14,TGTAGTGCCGAACAGTCCAG,0,4221187
yadE_predicted,0.06666666666666667,14,14,TGTAGCGCAGGGTAGCCACT,0,4169420
yadE_predicted,0.06666666666666667,14,14,TGTACTCGCATGCATTAATT,0,4236465
yadE_predicted,0.06666666666666667,14,14,TGGTTTATCTATGTTACTAC,0,4232465
yadE_predicted,0.06666666666666667,14,14,TGGTGTATGCGCGAATAACC,0,4221202
yadE_predicted,0.06666666666666667,14,14,TGGTGGATTTGCTTCCTGCC,0,4215838
yadE_predicted,0.06666666666666667,14,14,TGGGGGCATCGTCTTACATC,0,4173965
yadE_predicted,0.06666666666666667,14,14,TGGCTTAATTGAGGACCAGG,0,4182579
yadE_predicted,0.06666666666666667,14,14,TGGCTATAGTATGGGGTCTA,0,4167662
yadE_predicted,0.06666666666666667,14,14,TGGCGCCCGACTTAGGGACG,0,4167512
yadE_predicted,0.06666666666666667,14,14,TGGCCCTGACGTGAGCCATC,0,4218647
yadE_predicted,0.06666666666666667,14,14,TGGCCCGGGACGTGTAGTGT,0,4216357
yadE_predicted,0.06666666666666667,14,14,TGGCATACTCAAATGCGGCC,0,4166561
yadE_predicted,0.06666666666666667,14,14,TGGAGATGTCTTGACTGCTG,0,4192711
yadE_predicted,0.06666666666666667,14,14,TGGAGAAGAGCCAGTGGACT,0,4197688
yadE_predicted,0.06666666666666667,14,14,TGCTTCGCCGCAGATGAGAG,0,4182380
yadE_predicted,0.06666666666666667,14,14,TGCTGGTTCGTCTATGATTT,0,4191654
yadE_predicted,0.06666666666666667,14,14,TGCTCGAAAGGGGCGATACA,0,4225805
yadE_predicted,0.06666666666666667,14,14,TGCGTCCAAACTCAGGGGTA,0,4189334
yadE_predicted,0.06666666666666667,14,14,TGCGCCAACCAGTCCAGGAG,0,4173805
yadE_predicted,0.06666666666666667,14,14,TGCGATCCAGGCCAGGCATG,0,4231702
yadE_predicted,0.06666666666666667,14,14,TGCCCGGGCTCTATACCCAA,0,4199337
yadE_predicted,0.06666666666666667,14,14,TGCATCGATCGATCCATAGT,0,4216958
yadE_predicted,0.06666666666666667,14,14,TGCACATACCTTTGAGGATG,0,4217553
yadE_predicted,0.06666666666666667,14,14,TGATACACTGCGTCTACGAA,0,4191039
yadE_predicted,0.06666666666666667,14,14,TGAGGATTGGACATCTCTTG,0,4181898
yadE_predicted,0.06666666666666667,14,14,TGAGCTTGAATAGTTAGTAT,0,4210563
yadE_predicted,0.06666666666666667,14,14,TGAGAGGGCCGAGGGTTTAA,0,4204092
yadE_predicted,0.06666666666666667,14,14,TGACGGCATACCCCTCTTAA,0,4228921
yadE_predicted,0.06666666666666667,14,14,TGAAGCTGACATTCTCTCTA,0,4165172
yadE_predicted,0.06666666666666667,14,14,TCTTTCTCGGAAACGATTAG,0,4216461
yadE_predicted,0.06666666666666667,14,14,TCTGTGTCAAGTTAGTCGTA,0,4228250
yadE_predicted,0.06666666666666667,14,14,TCTGGATGATAGGTCAGGCC,0,4164648
yadE_predicted,0.06666666666666667,14,14,TCTGCTAGGGACATCGACAC,0,4195659
yadE_predicted,0.06666666666666667,14,14,TCTCTGATAAGAGGCCTGCC,0,4223378
yadE_predicted,0.06666666666666667,14,14,TCTCTCGGTGTCTTGAGCCA,0,4217685
yadE_predicted,0.06666666666666667,14,14,TCTCTAAGCTACTGTTCGTA,0,4178895
yadE_predicted,0.06666666666666667,14,14,TCTCACTTTGTTCGTGCATT,0,4166284
yadE_predicted,0.06666666666666667,14,14,TCTATATGTGGACGGTGTGA,0,4184279
yadE_predicted,0.06666666666666667,14,14,TCTATATAGTTCGCGTAGAC,0,4178306
yadE_predicted,0.06666666666666667,14,14,TCGTGTGAACGTGCTGACTG,0,4171638
yadE_predicted,0.06666666666666667,14,14,TCGGACTTGTTACGAAAGAT,0,4226061
yadE_predicted,0.06666666666666667,14,14,TCGCGTGTGCGGGTCATGTT,0,4180444
yadE_predicted,0.06666666666666667,14,14,TCGACGCTATCCTCTAGTAA,0,4182696
yadE_predicted,0.06666666666666667,14,14,TCGAAGGGCTTCGTACTCCC,0,4240743
yadE_predicted,0.06666666666666667,14,14,TCGAAGACAAACTACAAAGG,0,4217784
yadE_predicted,0.06666666666666667,14,14,TCCTATCCCCTTTTACTCAC,0,4180831
yadE_predicted,0.06666666666666667,14,14,TCCTACCGGCGTTTGCTAGA,0,4233609
yadE_predicted,0.06666666666666667,14,14,TCCGGTCCATACCGATGGTG,0,4169809
yadE_predicted,0.06666666666666667,14,14,TCCGAATTGCCTGGTTGGGC,0,4195097
yadE_predicted,0.06666666666666667,14,14,TCCAGAAAGCTTAGAGACCA,0,4184958
yadE_predicted,0.06666666666666667,14,14,TCATGTTCTCTAATATCATA,0,4214927
yadE_predicted,0.06666666666666667,14,14,TCAGGGAACTGGGAACAACT,0,4209874
yadE_predicted,0.06666666666666667,14,14,TCAGGCTGAGCATGTAACCT,0,4187681
yadE_predicted,0.06666666666666667,14,14,TCAGATCAGCGACACGAGGG,0,4185993
yadE_predicted,0.06666666666666667,14,14,TCAGAACGCTGTACAGCGCC,0,4215749
yadE_predicted,0.06666666666666667,14,14,TCAATTAAGGGTGCCAATCT,0,4171974
yadE_predicted,0.06666666666666667,14,14,TCAAGCAAGTCAATGTCCCA,0,4215684
yadE_predicted,0.06666666666666667,14,14,TCAAGAGTCGATGCACAGCA,0,4187464
yadE_predicted,0.06666666666666667,14,14,TATTGTATGCAGGTCTTTTC,0,4186371
yadE_predicted,0.06666666666666667,14,14,TATTGTACAAAAAGTGTAGC,0,4206306
yadE_predicted,0.06666666666666667,14,14,TATTATATCGGAACGCGTAG,0,4214051
yadE_predicted,0.06666666666666667,14,14,TATGTCAGGTCTTTCCCCTC,0,4166797
yadE_predicted,0.06666666666666667,14,14,TATGGGGACGTTAAGTGCGA,0,4191940
yadE_predicted,0.06666666666666667,14,14,TATCGCTCGCGAATACCGAA,0,4230091
yadE_predicted,0.06666666666666667,14,14,TATAGAATCGGACCCACAGA,0,4229291
yadE_predicted,0.06666666666666667,14,14,TAGTGAGACGCCACAGACGA,0,4174211
yadE_predicted,0.06666666666666667,14,14,TAGGTATTGCTCGGAACCCC,0,4217907
yadE_predicted,0.06666666666666667,14,14,TAGGCACGACGTACTTCAAC,0,4204197
yadE_predicted,0.06666666666666667,14,14,TAGCTCCGCGAGTGCCGGGG,0,4169968
yadE_predicted,0.06666666666666667,14,14,TAGCGAGGTTGCGGAGCTCG,0,4218605
yadE_predicted,0.06666666666666667,14,14,TAGAGAGGGCCAGAGCACAT,0,4198765
yadE_predicted,0.06666666666666667,14,14,TACTGTACAACTCGTTCTCA,0,4180752
yadE_predicted,0.06666666666666667,14,14,TACGTGTTCATGTCCCGACC,0,4194174
yadE_predicted,0.06666666666666667,14,14,TACGGAAGGGCGGTGAGAGC,0,4162785
yadE_predicted,0.06666666666666667,14,14,TACGCATATGGCATCGTGAT,0,4183163
yadE_predicted,0.06666666666666667,14,14,TACCTAGGCGGTGGGAGGAC,0,4168965
yadE_predicted,0.06666666666666667,14,14,TACCAAGACGACGGCGGGTG,0,4217439
yadE_predicted,0.06666666666666667,14,14,TACATCCGCGTTGACATCTG,0,4173839
yadE_predicted,0.06666666666666667,14,14,TACAGCATTGGCGGCAGGGT,0,4195183
yadE_predicted,0.06666666666666667,14,14,TACAGATCCTTCCGGAGGGA,0,4196607
yadE_predicted,0.06666666666666667,14,14,TAATATCAACCCCCCGGGGA,0,4197287
yadE_predicted,0.06666666666666667,14,14,TAAGCATTCTCCAGCCGACA,0,4200837
yadE_predicted,0.06666666666666667,14,14,TAAGAGGGGAGGTAATCAAC,0,4202440
yadE_predicted,0.06666666666666667,14,14,TAACGGTGAGAGCGGGGAGA,0,4195982
yadE_predicted,0.06666666666666667,14,14,TAAATCGCCTGTGCGCCATC,0,4228653
yadE_predicted,0.06666666666666667,14,14,TAAAATCAAGAGTGATCACA,0,4165335
yadE_predicted,0.06666666666666667,14,14,GTTTCTCTCCAATTGTATGG,0,4186245
yadE_predicted,0.06666666666666667,14,14,GTTGGTTCTTTCCTACAGGA,0,4160252
yadE_predicted,0.06666666666666667,14,14,GTTGGGTGTTCTTCGTATAC,0,4161187
yadE_predicted,0.06666666666666667,14,14,GTTGGAGTCGCCGTTCCAGG,0,4179339
yadE_predicted,0.06666666666666667,14,14,GTTGCCGGTCTGTGATGCTC,0,4212553
yadE_predicted,0.06666666666666667,14,14,GTTGCCCGACACCTACAGAC,0,4237670
yadE_predicted,0.06666666666666667,14,14,GTTCATCGATACCGTCGGTT,0,4214835
yadE_predicted,0.06666666666666667,14,14,GTGTTCCGTAAACCCCCGCT,0,4170826
yadE_predicted,0.06666666666666667,14,14,GTGCTGACCACGGGCTTTCT,0,4213463
yadE_predicted,0.06666666666666667,14,14,GTGCAACAGATACCCATTGT,0,4221846
yadE_predicted,0.06666666666666667,14,14,GTGAGACGCGTTTCAGCGGT,0,4170065
yadE_predicted,0.06666666666666667,14,14,GTCTTGTTCTTCCAATTTAA,0,4227141
yadE_predicted,0.06666666666666667,14,14,GTCTTAGATGTGGCCGCACG,0,4233215
yadE_predicted,0.06666666666666667,14,14,GTCTCGGGATGAAAAGCATA,0,4227839
yadE_predicted,0.06666666666666667,14,14,GTATTGTGTGTTACCTATCA,0,4236611
yadE_predicted,0.06666666666666667,14,14,GTATATTCGCCTAAAAGCGG,0,4208015
yadE_predicted,0.06666666666666667,14,14,GTAGGTTATACTCGTAGCGA,0,4224617
yadE_predicted,0.06666666666666667,14,14,GTACTACGTGTGCCTGGGCT,0,4228701
yadE_predicted,0.06666666666666667,14,14,GTACCTTCCCCTAACAGACA,0,4234734
yadE_predicted,0.06666666666666667,14,14,GTACCGGGTATCGAACAGGT,0,4178199
yadE_predicted,0.06666666666666667,14,14,GTACATCTGACAGAACGATA,0,4184364
yadE_predicted,0.06666666666666667,14,14,GTAACGAACTAAAATATAGT,0,4199129
yadE_predicted,0.06666666666666667,14,14,GGTTAGTAATTGCACGCCAG,0,4238402
yadE_predicted,0.06666666666666667,14,14,GGTTAGCCTGCAAACGGGTT,0,4164573
yadE_predicted,0.06666666666666667,14,14,GGTGTTAATGGCCCGGAACT,0,4181717
yadE_predicted,0.06666666666666667,14,14,GGTGTATGGGCGTGAGCGTA,0,4196744
yadE_predicted,0.06666666666666667,14,14,GGTCATCCTATGCAATAAAG,0,4224738
yadE_predicted,0.06666666666666667,14,14,GGTAGAGGCATTCGGGTCCG,0,4188698
yadE_predicted,0.06666666666666667,14,14,GGTACACGGATGGAGCCGCC,0,4216927
yadE_predicted,0.06666666666666667,14,14,GGGTTTATTCTCACAGAGGA,0,4198934
yadE_predicted,0.06666666666666667,14,14,GGGGCTTTGGTTGAACCGAG,0,4171353
yadE_predicted,0.06666666666666667,14,14,GGGGCAAACGGACGTTAAGA,0,4169742
yadE_predicted,0.06666666666666667,14,14,GGGCCTACATTCAAGGGGTT,0,4186346
yadE_predicted,0.06666666666666667,14,14,GGGCACCCCCAGACGCTGAA,0,4160021
yadE_predicted,0.06666666666666667,14,14,GGGAATGAACGCTCTCTGTT,0,4178266
yadE_predicted,0.06666666666666667,14,14,GGCGGAGTTTTAAGCTTACT,0,4235586
yadE_predicted,0.06666666666666667,14,14,GGCCGGTAGAAGTTTAAGGC,0,4240375
yadE_predicted,0.06666666666666667,14,14,GGCCGGCGGGCTCTGCGTAT,0,4170189
yadE_predicted,0.06666666666666667,14,14,GGCCCCATGAAAATCTAAGT,0,4197083
yadE_predicted,0.06666666666666667,14,14,GGCACTGCTGAACCCTGATA,0,4164606
yadE_predicted,0.06666666666666667,14,14,GGATGAGGTATATGGGCGCT,0,4238709
yadE_predicted,0.06666666666666667,14,14,GGATCTAGTATGCGACGGGG,0,4181468
yadE_predicted,0.06666666666666667,14,14,GGAGGAAACATCAAGGCTTT,0,4215313
yadE_predicted,0.06666666666666667,14,14,GGACTTAGCCCAATTACTGC,0,4185481
yadE_predicted,0.06666666666666667,14,14,GGACAACGCTGATATATAGG,0,4169444
yadE_predicted,0.06666666666666667,14,14,GGAATTCACCGCACTCATAA,0,4188031
yadE_predicted,0.06666666666666667,14,14,GCTTGATCTCGTCCGGCGTA,0,4176620
yadE_predicted,0.06666666666666667,14,14,GCTGCCATATGCAGAACTAT,0,4203483
yadE_predicted,0.06666666666666667,14,14,GCTCTAGGTCCTAGCAAGTT,0,4218400
yadE_predicted,0.06666666666666667,14,14,GCTCAATGTGACTGGCCCTT,0,4162990
yadE_predicted,0.06666666666666667,14,14,GCTAGCCGTTAATCGCAGTG,0,4226854
yadE_predicted,0.06666666666666667,14,14,GCGCGTCTTGTTAGTTATAT,0,4227593
yadE_predicted,0.06666666666666667,14,14,GCCTTCCAATGCCGTCATGC,0,4236787
yadE_predicted,0.06666666666666667,14,14,GCCTGCCTGGACGTCTAAGA,0,4201562
yadE_predicted,0.06666666666666667,14,14,GCCGTTCAGTTGGTGGCAGG,0,4203723
yadE_predicted,0.06666666666666667,14,14,GCCCTTCATTCTCCTTAAGG,0,4205352
yadE_predicted,0.06666666666666667,14,14,GCCCCTGTTGAGGGTCCAGG,0,4240931
yadE_predicted,0.06666666666666667,14,14,GCCATACGGTAGGGCGTTCA,0,4231158
yadE_predicted,0.06666666666666667,14,14,GCAGATTTAGCGCGTACCGA,0,4232392
yadE_predicted,0.06666666666666667,14,14,GCACAGGGCAGTCAACGTAG,0,4189044
yadE_predicted,0.06666666666666667,14,14,GCAAGCGTGGGTAAGCCACA,0,4201505
yadE_predicted,0.06666666666666667,14,14,GCAACTTTTTCTGTTCACGA,0,4177913
yadE_predicted,0.06666666666666667,14,14,GATTGTTAATAGTGCGTTTC,0,4176167
yadE_predicted,0.06666666666666667,14,14,GATTACTGTATGCCAACGGT,0,4211010
yadE_predicted,0.06666666666666667,14,14,GATGGGGTCCTGGTCCGAAC,0,4199174
yadE_predicted,0.06666666666666667,14,14,GATGGCAGGATTATACCATA,0,4193926
yadE_predicted,0.06666666666666667,14,14,GATGCACGTGAGTTACCTGC,0,4214058
yadE_predicted,0.06666666666666667,14,14,GATCGAAAGGTGCAGAATTG,0,4217270
yadE_predicted,0.06666666666666667,14,14,GATATGGTATGGCAAGATAC,0,4184866
yadE_predicted,0.06666666666666667,14,14,GAGTTGTTTTCATGTGGGTG,0,4215149
yadE_predicted,0.06666666666666667,14,14,GAGTCATGTGTACAGCGTAC,0,4166091
yadE_predicted,0.06666666666666667,14,14,GAGTAGATCGAGACAGATCT,0,4235125
yadE_predicted,0.06666666666666667,14,14,GAGGTGTAGGCGGATAAGGG,0,4225701
yadE_predicted,0.06666666666666667,14,14,GAGCTCTGTACTCGGACGAT,0,4215647
yadE_predicted,0.06666666666666667,14,14,GAGAGACAATGAACAGCCAT,0,4233839
yadE_predicted,0.06666666666666667,14,14,GAGACATGCTATAGGCAGGA,0,4172959
yadE_predicted,0.06666666666666667,14,14,GAGACAGCATCAAGCCCACC,0,4211522
yadE_predicted,0.06666666666666667,14,14,GACTGCCAACTTTCCCTCTT,0,4232621
yadE_predicted,0.06666666666666667,14,14,GACGGCTTATGTTGTTCTAA,0,4212508
yadE_predicted,0.06666666666666667,14,14,GACCTCATGAACCGTGAATC,0,4166286
yadE_predicted,0.06666666666666667,14,14,GACCAAGTAAATACCCGCAA,0,4197840
yadE_predicted,0.06666666666666667,14,14,GACAGGGCGACTCCAGCGAC,0,4193928
yadE_predicted,0.06666666666666667,14,14,GACAAGCTTGTTGCGAAAAC,0,4234095
yadE_predicted,0.06666666666666667,14,14,GACAAACGTAGTTCATTACT,0,4183432
yadE_predicted,0.06666666666666667,14,14,GAATTTAGACCCTGTACATA,0,4205405
yadE_predicted,0.06666666666666667,14,14,GAATGAACGGTGTGGCTGTA,0,4181467
yadE_predicted,0.06666666666666667,14,14,GAAGGCTATGGGATCTATTT,0,4207533
yadE_predicted,0.06666666666666667,14,14,GAAGCGGGCAATTAGGATAG,0,4203547
yadE_predicted,0.06666666666666667,14,14,GAACTTTTCCGCCCAGTGCA,0,4218146
yadE_predicted,0.06666666666666667,14,14,CTTTATGGTGAAATCACTAC,0,4220641
yadE_predicted,0.06666666666666667,14,14,CTTGGTAGGACAAGCCAGCA,0,4189767
yadE_predicted,0.06666666666666667,14,14,CTTCTGAGCAGATTTGAGGC,0,4211166
yadE_predicted,0.06666666666666667,14,14,CTTCAAATTGCTTCTTGATT,0,4217176
yadE_predicted,0.06666666666666667,14,14,CTTATTTGGGGCGCAATCCA,0,4238454
yadE_predicted,0.06666666666666667,14,14,CTTATCTGGTCGATTTTGGG,0,4191428
yadE_predicted,0.06666666666666667,14,14,CTTACCGTTTTCGGTGATTG,0,4198759
yadE_predicted,0.06666666666666667,14,14,CTTACAATCGCCCATATGGC,0,4182695
yadE_predicted,0.06666666666666667,14,14,CTTAAAAGGGGGCGAGCATC,0,4193984
yadE_predicted,0.06666666666666667,14,14,CTGTCCTCCAAAAAAATGGA,0,4202164
yadE_predicted,0.06666666666666667,14,14,CTGGGCAGTTTGTAAGCGTC,0,4206890
yadE_predicted,0.06666666666666667,14,14,CTGGCGACGAGCAGTCGCGA,0,4181033
yadE_predicted,0.06666666666666667,14,14,CTGATTATGGTTTGGGAAGT,0,4174682
yadE_predicted,0.06666666666666667,14,14,CTGATCGGTATGGGAGATTA,0,4228065
yadE_predicted,0.06666666666666667,14,14,CTCTGGTTGCGGAAAACAGT,0,4191081
yadE_predicted,0.06666666666666667,14,14,CTCTAGGGGGAGCAGCATGT,0,4226045
yadE_predicted,0.06666666666666667,14,14,CTCGGAGGCATCTAAAGACC,0,4171294
yadE_predicted,0.06666666666666667,14,14,CTCGATGTTTGACAAGGGTA,0,4168199
yadE_predicted,0.06666666666666667,14,14,CTCCTAATGCAAATGAGGAG,0,4162599
yadE_predicted,0.06666666666666667,14,14,CTCCGGATGCCTAAATTCGC,0,4179701
yadE_predicted,0.06666666666666667,14,14,CTCCGCGGGAGTGGGGCATG,0,4231639
yadE_predicted,0.06666666666666667,14,14,CTCCCCGGGGGGTTCTTCTG,0,4178246
yadE_predicted,0.06666666666666667,14,14,CTCATTGAAGGTCACCCTGT,0,4193974
yadE_predicted,0.06666666666666667,14,14,CTCACCGATCAGAGGGCGCT,0,4222116
yadE_predicted,0.06666666666666667,14,14,CTATTACCGGTTGATCGGTA,0,4234434
yadE_predicted,0.06666666666666667,14,14,CTAGGGCGCGCGCGTCACGG,0,4214055
yadE_predicted,0.06666666666666667,14,14,CTAGGAACGCGAATATGAAT,0,4183494
yadE_predicted,0.06666666666666667,14,14,CTAGCTTGGGGTCGCCCGTA,0,4214183
yadE_predicted,0.06666666666666667,14,14,CTACAGCATGATAGGTACCA,0,4189234
yadE_predicted,0.06666666666666667,14,14,CTAATCCTTAAATAAGTTGT,0,4160734
yadE_predicted,0.06666666666666667,14,14,CGTTATGGTCCGACGTTATC,0,4195224
yadE_predicted,0.06666666666666667,14,14,CGTTAGGGCGCTCGCCTGAT,0,4198880
yadE_predicted,0.06666666666666667,14,14,CGTGGATTGGATAGTATAAA,0,4166584
yadE_predicted,0.06666666666666667,14,14,CGTCGAGAGGTATATGCAAA,0,4203985
yadE_predicted,0.06666666666666667,14,14,CGTCCCACTAAGACACTCAA,0,4221076
yadE_predicted,0.06666666666666667,14,14,CGGGGTTCCAAATCCGGTCC,0,4189949
yadE_predicted,0.06666666666666667,14,14,CGGGGGTTACATTCGTCGCC,0,4228169
yadE_predicted,0.06666666666666667,14,14,CGGGCATACAGCAAAACGTA,0,4194380
yadE_predicted,0.06666666666666667,14,14,CGGGAGGAACCGAAGTGCGC,0,4165950
yadE_predicted,0.06666666666666667,14,14,CGGGACCGGATCGCATATCT,0,4226469
yadE_predicted,0.06666666666666667,14,14,CGGGAATAGTCTAAGCACAC,0,4182974
yadE_predicted,0.06666666666666667,14,14,CGCTCTTGGCCAATTAGGAA,0,4181146
yadE_predicted,0.06666666666666667,14,14,CGCGCCTCAAATCAGTAGCA,0,4188902
yadE_predicted,0.06666666666666667,14,14,CGCGACGTACACAAAAGGTT,0,4164806
yadE_predicted,0.06666666666666667,14,14,CGCCACTGTGGGTATCTTGC,0,4186104
yadE_predicted,0.06666666666666667,14,14,CGCACAACCACCACCTCTCC,0,4225295
yadE_predicted,0.06666666666666667,14,14,CGCAATCGGCCAACAATCAT,0,4192403
yadE_predicted,0.06666666666666667,14,14,CGATCCTGTGTGAAACACGG,0,4227337
yadE_predicted,0.06666666666666667,14,14,CGATCCACTGGCCGCCCAAC,0,4183558
yadE_predicted,0.06666666666666667,14,14,CGACGGTTGGGTACGTTTTG,0,4237070
yadE_predicted,0.06666666666666667,14,14,CGACGCCGAGGAAGAGTGCG,0,4210207
yadE_predicted,0.06666666666666667,14,14,CGACCTGCCGACAGTTAGGA,0,4175019
yadE_predicted,0.06666666666666667,14,14,CGACAATTGGGAAGTAATAA,0,4224876
yadE_predicted,0.06666666666666667,14,14,CGAAGTCCGCTCACTTTCAG,0,4184809
yadE_predicted,0.06666666666666667,14,14,CGAACTATGCCGTCCCATCG,0,4224233
yadE_predicted,0.06666666666666667,14,14,CGAACTACGCCATGCTCTAT,0,4161637
yadE_predicted,0.06666666666666667,14,14,CGAAATGGCGTTTGCTGGCA,0,4170999
yadE_predicted,0.06666666666666667,14,14,CGAAAGAGCTACCAAAACTG,0,4230709
yadE_predicted,0.06666666666666667,14,14,CCTTGATCTTAGTGGGAGTA,0,4228666
yadE_predicted,0.06666666666666667,14,14,CCTTACATCATGGTTGCCAG,0,4201697
yadE_predicted,0.06666666666666667,14,14,CCTGGTTCGGGCTCTCTAGC,0,4192059
yadE_predicted,0.06666666666666667,14,14,CCTACTGGGCCAGGCATCAA,0,4167505
yadE_predicted,0.06666666666666667,14,14,CCGTGCCATTGTTGGATCGG,0,4170062
yadE_predicted,0.06666666666666667,14,14,CCGTAGCTGATGAATGCGAT,0,4222942
yadE_predicted,0.06666666666666667,14,14,CCGGTCTAGGCGCGCCAAAC,0,4241225
yadE_predicted,0.06666666666666667,14,14,CCGGCTTCGCCTGTTTGTGT,0,4213208
yadE_predicted,0.06666666666666667,14,14,CCGGCTCCAAAATCGAAGAC,0,4181271
yadE_predicted,0.06666666666666667,14,14,CCGCTTTTGTGTAGTTATCA,0,4219596
yadE_predicted,0.06666666666666667,14,14,CCGCGACCTGAGCTCAACGG,0,4229214
yadE_predicted,0.06666666666666667,14,14,CCGAACACGTCCGACTCAAA,0,4236679
yadE_predicted,0.06666666666666667,14,14,CCCGGGTGTCTTGACGCGAC,0,4199417
yadE_predicted,0.06666666666666667,14,14,CCCGACAGCGCGGGCGGGAT,0,4220351
yadE_predicted,0.06666666666666667,14,14,CCCATGGCTTGCAAAGTTTA,0,4193973
yadE_predicted,0.06666666666666667,14,14,CCCAAGTTCGTAGGTTAGTG,0,4208198
yadE_predicted,0.06666666666666667,14,14,CCATTTCTGTGTGGACACCA,0,4238637
yadE_predicted,0.06666666666666667,14,14,CCATATAACTCTCGGACCGT,0,4192166
yadE_predicted,0.06666666666666667,14,14,CCATACAACACCATATAAAC,0,4222404
yadE_predicted,0.06666666666666667,14,14,CCAGTTACGGCCCTGTTGTT,0,4217974
yadE_predicted,0.06666666666666667,14,14,CCAGTGACCCGAACATCTAA,0,4186409
yadE_predicted,0.06666666666666667,14,14,CCAGGACCAAGTGCTGCCTC,0,4213518
yadE_predicted,0.06666666666666667,14,14,CCAAAAGGTTATAAACCCAG,0,4237240
yadE_predicted,0.06666666666666667,14,14,CATGGTAGGGTTACCTACTA,0,4178697
yadE_predicted,0.06666666666666667,14,14,CATGCCCCTTTCTAGTAACC,0,4196668
yadE_predicted,0.06666666666666667,14,14,CATCTTCACTGCTCGGCCTC,0,4212600
yadE_predicted,0.06666666666666667,14,14,CATCGGTAGGTCTGCTGGAA,0,4176633
yadE_predicted,0.06666666666666667,14,14,CATCGAATACAGGGAATTGA,0,4240019
yadE_predicted,0.06666666666666667,14,14,CATCATCATCCAGAGGCTTG,0,4214133
yadE_predicted,0.06666666666666667,14,14,CATAGTCATAATAACAATAG,0,4228537
yadE_predicted,0.06666666666666667,14,14,CATAGAGACGGAAATATTAC,0,4161956
yadE_predicted,0.06666666666666667,14,14,CAGTCAATAGAATCAGGACG,0,4211094
yadE_predicted,0.06666666666666667,14,14,CAGGTGTTGATCTATCATCC,0,4184176
yadE_predicted,0.06666666666666667,14,14,CAGGGTAGTACACATTGTAA,0,4191016
yadE_predicted,0.06666666666666667,14,14,CAGGGGCCTCAGGACTTGCT,0,4206798
yadE_predicted,0.06666666666666667,14,14,CAGGGCTTAGGCAGCATCAA,0,4205616
yadE_predicted,0.06666666666666667,14,14,CAGGCTCTCTACTAATTGGT,0,4210859
yadE_predicted,0.06666666666666667,14,14,CAGCGTACCTTGTCCGATAT,0,4161279
yadE_predicted,0.06666666666666667,14,14,CAGAAGAGAGCCGGCGCGCG,0,4183935
yadE_predicted,0.06666666666666667,14,14,CAGAAACACCATGACTCGTT,0,4178095
yadE_predicted,0.06666666666666667,14,14,CACGTTGCTTAGGGCCGGCA,0,4202371
yadE_predicted,0.06666666666666667,14,14,CACGTGTGGATTGTCACCTT,0,4213598
yadE_predicted,0.06666666666666667,14,14,CACGTCAGGGGGCTATGTAC,0,4235247
yadE_predicted,0.06666666666666667,14,14,CACGGTTCAAAACAATGAGA,0,4191914
yadE_predicted,0.06666666666666667,14,14,CACGGTCATAATTCTCTTGA,0,4218878
yadE_predicted,0.06666666666666667,14,14,CACGGAAGCACCGCTTATTT,0,4174678
yadE_predicted,0.06666666666666667,14,14,CACGCACATATCGGGTGCCG,0,4193847
yadE_predicted,0.06666666666666667,14,14,CACCGTAGGCGCCTTCACAG,0,4233173
yadE_predicted,0.06666666666666667,14,14,CACCAGGCTAGAGGGCAAAA,0,4185270
yadE_predicted,0.06666666666666667,14,14,CACATGACGGCTATTGGCCG,0,4227545
yadE_predicted,0.06666666666666667,14,14,CAAGTTCACCTTCACACCCG,0,4192177
yadE_predicted,0.06666666666666667,14,14,CAAGTGGGACCGGTGGGATT,0,4186702
yadE_predicted,0.06666666666666667,14,14,CAAGATTTACCAAGGGGGGA,0,4190970
yadE_predicted,0.06666666666666667,14,14,CAACGTATCGCCCGGCCGCG,0,4209715
yadE_predicted,0.06666666666666667,14,14,CAAATCAACGGGGTTGATGC,0,4181883
yadE_predicted,0.06666666666666667,14,14,CAAAGGCCCTTACGGAGTCA,0,4204066
yadE_predicted,0.06666666666666667,14,14,CAAACGGGACCTACTGACGG,0,4227458
yadE_predicted,0.06666666666666667,14,14,CAAACATGCTATAAACCGAG,0,4209735
yadE_predicted,0.06666666666666667,14,14,ATTTTAGGGCTAGCATGATT,0,4232997
yadE_predicted,0.06666666666666667,14,14,ATTTTAGCCTAAGATCCTCC,0,4181631
yadE_predicted,0.06666666666666667,14,14,ATTTAGTTGTTTACAGATGC,0,4212385
yadE_predicted,0.06666666666666667,14,14,ATTGACCCTACATGGAGAGG,0,4186378
yadE_predicted,0.06666666666666667,14,14,ATTATGTCTACTATTCATGG,0,4161548
yadE_predicted,0.06666666666666667,14,14,ATTAAAAGTACTGGTGAAGG,0,4203402
yadE_predicted,0.06666666666666667,14,14,ATGTTTACACCGCTTCGTTT,0,4165079
yadE_predicted,0.06666666666666667,14,14,ATGTTGCGCACGACTCCATT,0,4233294
yadE_predicted,0.06666666666666667,14,14,ATGTATGATAAATGCTCATA,0,4203967
yadE_predicted,0.06666666666666667,14,14,ATGTAGCGAGGATTCATCCG,0,4217532
yadE_predicted,0.06666666666666667,14,14,ATGGTGGGAATTCTAAATGG,0,4226449
yadE_predicted,0.06666666666666667,14,14,ATGGTGAGACTCCGAACTCC,0,4211420
yadE_predicted,0.06666666666666667,14,14,ATGGGGCAAGATACTGGGGG,0,4240892
yadE_predicted,0.06666666666666667,14,14,ATGGCGACGTGTTCCTCCGG,0,4187320
yadE_predicted,0.06666666666666667,14,14,ATGGCCGCATAAAAGATACT,0,4162806
yadE_predicted,0.06666666666666667,14,14,ATGGACACGACATACTTGCT,0,4208095
yadE_predicted,0.06666666666666667,14,14,ATGGAATGGGGAGAGCCACG,0,4202875
yadE_predicted,0.06666666666666667,14,14,ATGCGCCCACACATAACAAC,0,4230712
yadE_predicted,0.06666666666666667,14,14,ATGAGCCGATGCAGACATTC,0,4233180
yadE_predicted,0.06666666666666667,14,14,ATCTACCGCGGATACGCCGG,0,4176348
yadE_predicted,0.06666666666666667,14,14,ATCGGGAATTTATCCCTAGG,0,4180477
yadE_predicted,0.06666666666666667,14,14,ATCGCCTTCAGGCTGTCATA,0,4166087
yadE_predicted,0.06666666666666667,14,14,ATCGCAGATGTCAGGGGTTG,0,4184638
yadE_predicted,0.06666666666666667,14,14,ATCCGGCAATTGCGGCACCT,0,4169642
yadE_predicted,0.06666666666666667,14,14,ATCCCGGAGTCATCTAATTG,0,4183537
yadE_predicted,0.06666666666666667,14,14,ATCATGGCCGTATCCAGGGC,0,4233050
yadE_predicted,0.06666666666666667,14,14,ATATTACGACGCCCACGTGT,0,4226970
yadE_predicted,0.06666666666666667,14,14,ATATAGTTATACGGCAAAAT,0,4222255
yadE_predicted,0.06666666666666667,14,14,ATAGTCCAGTATCAAGGTAA,0,4200224
yadE_predicted,0.06666666666666667,14,14,ATAGGATTAACACTTCCAAA,0,4229206
yadE_predicted,0.06666666666666667,14,14,ATACGGCGGGCCATGTCCTG,0,4228887
yadE_predicted,0.06666666666666667,14,14,ATACCCCGCAATGATTACGA,0,4161376
yadE_predicted,0.06666666666666667,14,14,ATAATCTCCACGGTTCGTCC,0,4230269
yadE_predicted,0.06666666666666667,14,14,ATAATATAGTCACCGGGTAA,0,4223592
yadE_predicted,0.06666666666666667,14,14,ATAAAGGGGGGAAATCTTGA,0,4181880
yadE_predicted,0.06666666666666667,14,14,ATAAACGGAATTCCAAATCA,0,4211054
yadE_predicted,0.06666666666666667,14,14,AGTTTATGCGCTGAGTTCCC,0,4201434
yadE_predicted,0.06666666666666667,14,14,AGTTCAGAGTTCAATCGTTA,0,4166883
yadE_predicted,0.06666666666666667,14,14,AGTCGTGCCTGGTTCGCATA,0,4199972
yadE_predicted,0.06666666666666667,14,14,AGTACCTTCTTGGAATCGAA,0,4200158
yadE_predicted,0.06666666666666667,14,14,AGGTTTTTTGCGATCGTTCG,0,4215388
yadE_predicted,0.06666666666666667,14,14,AGGTCCGTAGGAAGATAGTA,0,4175973
yadE_predicted,0.06666666666666667,14,14,AGGTATGGGTCTACCGGACA,0,4217969
yadE_predicted,0.06666666666666667,14,14,AGGGTCAGATTTACCGCGAT,0,4168179
yadE_predicted,0.06666666666666667,14,14,AGGCTACATCGATTAGGACT,0,4180952
yadE_predicted,0.06666666666666667,14,14,AGGCCTATAATATAATTATC,0,4241313
yadE_predicted,0.06666666666666667,14,14,AGGATCTAAACGAACTCCAT,0,4220775
yadE_predicted,0.06666666666666667,14,14,AGGAGTCTCAGTTCTAACGC,0,4225161
yadE_predicted,0.06666666666666667,14,14,AGGACTGTGATTCGGGAAGA,0,4169155
yadE_predicted,0.06666666666666667,14,14,AGGAATACTCCGTCAATCTG,0,4223032
yadE_predicted,0.06666666666666667,14,14,AGGAAAAGTTGGTAGTGGGA,0,4230190
yadE_predicted,0.06666666666666667,14,14,AGCTTTGTTAGTTCCCAAAA,0,4194522
yadE_predicted,0.06666666666666667,14,14,AGCTCCGCATGGCCAATTCA,0,4206562
yadE_predicted,0.06666666666666667,14,14,AGCTACTATGAGACGAGAGT,0,4205648
yadE_predicted,0.06666666666666667,14,14,AGCGTTGGAACAGATGCATC,0,4216609
yadE_predicted,0.06666666666666667,14,14,AGCGTAACGAGGTAGGCCTT,0,4199735
yadE_predicted,0.06666666666666667,14,14,AGCGCTAGTTTAACGGAAGT,0,4221067
yadE_predicted,0.06666666666666667,14,14,AGCGAATAACAACGTAGGAT,0,4172767
yadE_predicted,0.06666666666666667,14,14,AGCAGCCCCCACCAGGCGAC,0,4193132
yadE_predicted,0.06666666666666667,14,14,AGCACATCAGATCGATCAAG,0,4173456
yadE_predicted,0.06666666666666667,14,14,AGCAAAGTACCTTTTCCAGC,0,4176808
yadE_predicted,0.06666666666666667,14,14,AGCAAACCGCAGAGTCTCTC,0,4237272
yadE_predicted,0.06666666666666667,14,14,AGATAATAGACTGGTTTGAA,0,4169053
yadE_predicted,0.06666666666666667,14,14,AGAGTGCGGCTCGAGAGTTT,0,4194543
yadE_predicted,0.06666666666666667,14,14,AGAGCAAGCAGCTCATTATT,0,4209276
yadE_predicted,0.06666666666666667,14,14,AGACCAAACCAATAAATTAT,0,4231437
yadE_predicted,0.06666666666666667,14,14,AGACATTAAGAATAGAGAAG,0,4159447
yadE_predicted,0.06666666666666667,14,14,AGAAGATCACAGTGCCGGGA,0,4163906
yadE_predicted,0.06666666666666667,14,14,AGAAAGGTCCACGATTTTTT,0,4185965
yadE_predicted,0.06666666666666667,14,14,ACTGGGCGCTTCATACACCG,0,4209253
yadE_predicted,0.06666666666666667,14,14,ACTGATATGACGGTTTTCGA,0,4218778
yadE_predicted,0.06666666666666667,14,14,ACTGAGAGACCACAGTTAAT,0,4165161
yadE_predicted,0.06666666666666667,14,14,ACTCGCATGAATTACCCCTC,0,4191564
yadE_predicted,0.06666666666666667,14,14,ACTACACCATCTCTGCCCTT,0,4189011
yadE_predicted,0.06666666666666667,14,14,ACTAACGGGACGACACGTTG,0,4237342
yadE_predicted,0.06666666666666667,14,14,ACGTACGAACTAGCTTCCGT,0,4232640
yadE_predicted,0.06666666666666667,14,14,ACGGCGGGGCATCCCGTGTC,0,4234435
yadE_predicted,0.06666666666666667,14,14,ACGCTAACTTGTTTAGAACA,0,4168155
yadE_predicted,0.06666666666666667,14,14,ACGATGTGCGTAAAGAAAGC,0,4226114
yadE_predicted,0.06666666666666667,14,14,ACGATGTGCGACCCGGAGGG,0,4169063
yadE_predicted,0.06666666666666667,14,14,ACCTTGTGAGAACGCTCCAG,0,4168215
yadE_predicted,0.06666666666666667,14,14,ACCTGCATTTTCCTGACTCC,0,4227811
yadE_predicted,0.06666666666666667,14,14,ACCGCAAATCTCCCATCGTC,0,4235914
yadE_predicted,0.06666666666666667,14,14,ACCAGCGTCGCTCAATAGAT,0,4194924
yadE_predicted,0.06666666666666667,14,14,ACCACCTATTGCTACCCTCA,0,4221576
yadE_predicted,0.06666666666666667,14,14,ACCAAGTTATGATTCTGTAG,0,4173550
yadE_predicted,0.06666666666666667,14,14,ACAGTCGATCGTGGGCCGAG,0,4169149
yadE_predicted,0.06666666666666667,14,14,ACAGGAATAAGTTCTCCACA,0,4181418
yadE_predicted,0.06666666666666667,14,14,ACACGGTACGCGCTTACGAG,0,4188197
yadE_predicted,0.06666666666666667,14,14,ACACGGCGTTGCTCGGAGCA,0,4229931
yadE_predicted,0.06666666666666667,14,14,ACACGAATAGGTGGAGCCAA,0,4169173
yadE_predicted,0.06666666666666667,14,14,ACAATCCATACAGTATCTAT,0,4226102
yadE_predicted,0.06666666666666667,14,14,ACAAACATCGCCTTCTCCGT,0,4225742
yadE_predicted,0.06666666666666667,14,14,ACAAAACTGCTCTTTTCGTT,0,4184127
yadE_predicted,0.06666666666666667,14,14,AATGTTGCGGCTTAGCGGGA,0,4227127
yadE_predicted,0.06666666666666667,14,14,AATGTACTCTCGGACTGAGA,0,4179499
yadE_predicted,0.06666666666666667,14,14,AATCTTGCTTTGAGCGATAG,0,4233715
yadE_predicted,0.06666666666666667,14,14,AATCTCAGGGTATGTGCTAT,0,4210347
yadE_predicted,0.06666666666666667,14,14,AATCGCTCAATTTATCAGTC,0,4175909
yadE_predicted,0.06666666666666667,14,14,AATCGCAAGGATGATGATTA,0,4167970
yadE_predicted,0.06666666666666667,14,14,AATAACCGGAGGGCGAGATG,0,4229887
yadE_predicted,0.06666666666666667,14,14,AAGTCTGGTCCTCTGGGATC,0,4195973
yadE_predicted,0.06666666666666667,14,14,AAGTAGAGCTCAGTGATGAG,0,4211057
yadE_predicted,0.06666666666666667,14,14,AAGGGAGATGGGAACTGCTA,0,4216053
yadE_predicted,0.06666666666666667,14,14,AAGCTATAGGCATATGTCTC,0,4227646
yadE_predicted,0.06666666666666667,14,14,AAGATAACACACGTTCTTTT,0,4188652
yadE_predicted,0.06666666666666667,14,14,AAGACTGGGGCCCTGGAGAT,0,4164550
yadE_predicted,0.06666666666666667,14,14,AACTGGGGTTTATAACGGTC,0,4161259
yadE_predicted,0.06666666666666667,14,14,AACTGAGTGGTCAGTAAGGA,0,4173060
yadE_predicted,0.06666666666666667,14,14,AACTCTGCTCGAAACTTTTA,0,4178572
yadE_predicted,0.06666666666666667,14,14,AACTCACGTGCAGCGTAGGC,0,4226185
yadE_predicted,0.06666666666666667,14,14,AACGCTGTAGGCTCTTCTAT,0,4176120
yadE_predicted,0.06666666666666667,14,14,AACGATCGGCTAGAAATCAC,0,4202897
yadE_predicted,0.06666666666666667,14,14,AACAGCCCGCATTGGGTCGT,0,4174181
yadE_predicted,0.06666666666666667,14,14,AAATTTCATCCGGGCGGCTA,0,4221495
yadE_predicted,0.06666666666666667,14,14,AAAGGGGTTGGAATTGTTAC,0,4231484
yadE_predicted,0.06666666666666667,14,14,AAACGCCGAGGAGCTGTTGA,0,4167725
yadE_predicted,0.06666666666666667,14,14,AAAACTGGGCGCAGATGCGA,0,4177481
yadE_predicted,0.06666666666666667,14,14,AAAAAAGTATACACATGGGA,0,4207655
yadE_predicted,0.06666666666666667,14,14,AAAAAACAACCCTCACAGCA,0,4233794
yadE_predicted,0.07142857142857142,13,13,TTGTTTCATTGCGCGTGGCC,0,4168521
yadE_predicted,0.07142857142857142,13,13,TTGTTGTGTTACCAGTATGA,0,4168265
yadE_predicted,0.07142857142857142,13,13,TTGTTCACGCGCGGGTGCCG,0,4169941
yadE_predicted,0.07142857142857142,13,13,TTGTACTTGGAGAGCGGCGA,0,4173148
yadE_predicted,0.07142857142857142,13,13,TTGGAAAGGTGGGGTCATCG,0,4167461
yadE_predicted,0.07142857142857142,13,13,TTGACCTGTGATGTCTCAGT,0,4228854
yadE_predicted,0.07142857142857142,13,13,TTCTTCTTCACCTCTTGCGC,0,4204156
yadE_predicted,0.07142857142857142,13,13,TTCGCGAATGTCTCCGCGCT,0,4236600
yadE_predicted,0.07142857142857142,13,13,TTCCGGCAGCAACCCCTGCC,0,4217973
yadE_predicted,0.07142857142857142,13,13,TTCCGCAGTCGTGTCAATGT,0,4233492
yadE_predicted,0.07142857142857142,13,13,TTCCCGTCCTAAAACAAGTT,0,4163837
yadE_predicted,0.07142857142857142,13,13,TTCCCCTGTCCCAACTTCCC,0,4183140
yadE_predicted,0.07142857142857142,13,13,TTCAGTTGAATATAACGTAT,0,4193962
yadE_predicted,0.07142857142857142,13,13,TTATAGAGGTCTGCTTGTTT,0,4193237
yadE_predicted,0.07142857142857142,13,13,TTATACAAAATGCACAGGCC,0,4201436
yadE_predicted,0.07142857142857142,13,13,TTAGTCATACAGGGTCCGTC,0,4219363
yadE_predicted,0.07142857142857142,13,13,TTAGGGACCCCATCCCGACT,0,4203802
yadE_predicted,0.07142857142857142,13,13,TTACGCACGAGCCCGCTAAT,0,4214918
yadE_predicted,0.07142857142857142,13,13,TTACACACGGTCGATAGGTT,0,4208235
yadE_predicted,0.07142857142857142,13,13,TTACAACCATCAAGTTATGT,0,4168592
yadE_predicted,0.07142857142857142,13,13,TTAATCAAACTCATAGCTCA,0,4177963
yadE_predicted,0.07142857142857142,13,13,TTAAGAGTCTGGGTCCGTTT,0,4170453
yadE_predicted,0.07142857142857142,13,13,TTAACCGTAACCTTGCCAGT,0,4235377
yadE_predicted,0.07142857142857142,13,13,TTAAAAGAAAATATACTAAG,0,4193915
yadE_predicted,0.07142857142857142,13,13,TGTTTCGAATGTCCACGATT,0,4206806
yadE_predicted,0.07142857142857142,13,13,TGTTGTTGGAATCGCTATTG,0,4197839
yadE_predicted,0.07142857142857142,13,13,TGTCCCACTGTATATCAGTT,0,4183856
yadE_predicted,0.07142857142857142,13,13,TGGTTGTTAGGCCCAACCAT,0,4211867
yadE_predicted,0.07142857142857142,13,13,TGGTTATACTCATGACCAAT,0,4176107
yadE_predicted,0.07142857142857142,13,13,TGGTGATTGACCCTCACAGG,0,4166352
yadE_predicted,0.07142857142857142,13,13,TGGTCATCGACCAAAAGGGA,0,4226916
yadE_predicted,0.07142857142857142,13,13,TGGTACTGCGGGTACCGAAC,0,4233487
yadE_predicted,0.07142857142857142,13,13,TGGGTGCCCGCATGGAGTCA,0,4231455
yadE_predicted,0.07142857142857142,13,13,TGGGAAAATCGCATGGGCGG,0,4211809
yadE_predicted,0.07142857142857142,13,13,TGGCTTGTGAACGATGAATA,0,4199887
yadE_predicted,0.07142857142857142,13,13,TGGCGGGGAAAGCCAGCGTA,0,4229284
yadE_predicted,0.07142857142857142,13,13,TGGCCTTTACCCGCACTGGT,0,4176501
yadE_predicted,0.07142857142857142,13,13,TGGCCCCTTCTACTGGAATT,0,4234968
yadE_predicted,0.07142857142857142,13,13,TGGCCAGTTGGAGCGCCTTG,0,4175641
yadE_predicted,0.07142857142857142,13,13,TGGCAAGGGGGTGCGAGTTA,0,4227038
yadE_predicted,0.07142857142857142,13,13,TGCTTGTAGTGGCGGCCGGG,0,4177699
yadE_predicted,0.07142857142857142,13,13,TGCTTCTAATCCGTTGGGTA,0,4238231
yadE_predicted,0.07142857142857142,13,13,TGCGTACGGTTGTTGCGTCC,0,4200562
yadE_predicted,0.07142857142857142,13,13,TGCGCAAGTACCGTGAAGAG,0,4238271
yadE_predicted,0.07142857142857142,13,13,TGCGACTGGAGGACCGCGTT,0,4209340
yadE_predicted,0.07142857142857142,13,13,TGCGACTGAATCCTAGCAAT,0,4197979
yadE_predicted,0.07142857142857142,13,13,TGCGACAAACTCATCCCGAA,0,4189474
yadE_predicted,0.07142857142857142,13,13,TGCCATTTGCGCGCCAAGTA,0,4222258
yadE_predicted,0.07142857142857142,13,13,TGCCAGACCTGCTTGGGTTT,0,4190172
yadE_predicted,0.07142857142857142,13,13,TGCAGCTCTAATATGGCCGA,0,4186345
yadE_predicted,0.07142857142857142,13,13,TGCACCAACTATTTTGTGGG,0,4165212
yadE_predicted,0.07142857142857142,13,13,TGCAACGCCCTTTTAGGCAA,0,4203879
yadE_predicted,0.07142857142857142,13,13,TGAGATTCAGGTGGTTAGGC,0,4191468
yadE_predicted,0.07142857142857142,13,13,TGACTCGTGAGTCTATCCGA,0,4225446
yadE_predicted,0.07142857142857142,13,13,TGACGCTGACATCGGGCGCT,0,4208326
yadE_predicted,0.07142857142857142,13,13,TGAATTCCCTTTCGGGCAAC,0,4191205
yadE_predicted,0.07142857142857142,13,13,TGAACCTTAAGCTGTGAATG,0,4180640
yadE_predicted,0.07142857142857142,13,13,TCTTGACGAACTGTTCATTT,0,4215738
yadE_predicted,0.07142857142857142,13,13,TCTTAATCCGCCATGCCCTC,0,4209765
yadE_predicted,0.07142857142857142,13,13,TCTGGAAGTCGAATGAACCC,0,4196834
yadE_predicted,0.07142857142857142,13,13,TCTGCGTCCGGGTCGCGCCC,0,4218399
yadE_predicted,0.07142857142857142,13,13,TCTACGGAGTAAGGCCTTCC,0,4183485
yadE_predicted,0.07142857142857142,13,13,TCTAATGAGTTTGCGTACCC,0,4203764
yadE_predicted,0.07142857142857142,13,13,TCGTACGGACCAAAGTCCGT,0,4233007
yadE_predicted,0.07142857142857142,13,13,TCGGGGTCTGACACACTGGA,0,4184187
yadE_predicted,0.07142857142857142,13,13,TCGGACACTTGAGAGGACAT,0,4240001
yadE_predicted,0.07142857142857142,13,13,TCGCTGTCCGGTTTGGGATC,0,4165017
yadE_predicted,0.07142857142857142,13,13,TCGCTCCAGCCACGCCCGCA,0,4202957
yadE_predicted,0.07142857142857142,13,13,TCGCATGATCCCGACGTTGA,0,4222877
yadE_predicted,0.07142857142857142,13,13,TCGACGGCAATAAGGTCGTA,0,4177828
yadE_predicted,0.07142857142857142,13,13,TCCGGGAGTGTCGTGTTTTT,0,4180084
yadE_predicted,0.07142857142857142,13,13,TCCGCAGATCTCTCCGTATG,0,4195457
yadE_predicted,0.07142857142857142,13,13,TCCATGGTGAACGCAGAGAT,0,4167581
yadE_predicted,0.07142857142857142,13,13,TCCATACCACATCTCTGTCA,0,4187748
yadE_predicted,0.07142857142857142,13,13,TCAGGAGTATCATCATGTTT,0,4177836
yadE_predicted,0.07142857142857142,13,13,TCAGGACTATCTGTAGGATG,0,4239139
yadE_predicted,0.07142857142857142,13,13,TCAGATCTATTTCGAGACCT,0,4216167
yadE_predicted,0.07142857142857142,13,13,TCACAGTATATGGGTCGCGA,0,4169461
yadE_predicted,0.07142857142857142,13,13,TCACACTGTTGTCGCCAGTA,0,4218637
yadE_predicted,0.07142857142857142,13,13,TCACACGAGAAATCAAAGGC,0,4227259
yadE_predicted,0.07142857142857142,13,13,TCAAGCAATATTCTTGAGCC,0,4178458
yadE_predicted,0.07142857142857142,13,13,TCAAATCAACGCGACCGCAG,0,4220866
yadE_predicted,0.07142857142857142,13,13,TATTTCGGATAGCCATGCGT,0,4238956
yadE_predicted,0.07142857142857142,13,13,TATGAGGGCATTGACCTAGC,0,4203602
yadE_predicted,0.07142857142857142,13,13,TATCGATGCGTTTTAACGCT,0,4197227
yadE_predicted,0.07142857142857142,13,13,TATCAGATAAGCGCCTGTCT,0,4167273
yadE_predicted,0.07142857142857142,13,13,TAGGTTGCTTTCATCAGCGA,0,4225733
yadE_predicted,0.07142857142857142,13,13,TAGGGTTGGGTCACACGTAG,0,4209615
yadE_predicted,0.07142857142857142,13,13,TAGGGTCGGGACAGAGGATA,0,4162342
yadE_predicted,0.07142857142857142,13,13,TAGCTGGTGATAATTGGAAG,0,4182429
yadE_predicted,0.07142857142857142,13,13,TAGCGTCCGACAGGTCCCAT,0,4210741
yadE_predicted,0.07142857142857142,13,13,TACTTCTCAACTCAGTCCTG,0,4190736
yadE_predicted,0.07142857142857142,13,13,TACTTATCTCAAGTAACAAT,0,4184079
yadE_predicted,0.07142857142857142,13,13,TACTCATATGGACCCGTGAG,0,4171810
yadE_predicted,0.07142857142857142,13,13,TACGTGGGTCTCCTCGTCCT,0,4205234
yadE_predicted,0.07142857142857142,13,13,TACGCTAAACAACTTTCGGC,0,4178929
yadE_predicted,0.07142857142857142,13,13,TACGCCCGGGCAAAGAGGCC,0,4174904
yadE_predicted,0.07142857142857142,13,13,TACGAATCTATCGCCCACCA,0,4202588
yadE_predicted,0.07142857142857142,13,13,TACCTTCCTGGGCTAACATG,0,4240507
yadE_predicted,0.07142857142857142,13,13,TACCGCACAGACTGGAACAA,0,4223698
yadE_predicted,0.07142857142857142,13,13,TACATTGCTATCGGGTTGTG,0,4200314
yadE_predicted,0.07142857142857142,13,13,TACAGGGATTCCGATTTCGA,0,4202856
yadE_predicted,0.07142857142857142,13,13,TACACAGGGTGATACATCGA,0,4160674
yadE_predicted,0.07142857142857142,13,13,TAAGTAGGGACATTCCTACG,0,4217005
yadE_predicted,0.07142857142857142,13,13,TAAGCTCACTAACATTTGTG,0,4226530
yadE_predicted,0.07142857142857142,13,13,GTTTGGGACTACGCATCCCA,0,4226915
yadE_predicted,0.07142857142857142,13,13,GTTTAGCCGGGCTACCTCCA,0,4195674
yadE_predicted,0.07142857142857142,13,13,GTTGTAGTCTCTCTTGATGC,0,4184848
yadE_predicted,0.07142857142857142,13,13,GTTCGTAGCGAAGAGGTCTT,0,4235910
yadE_predicted,0.07142857142857142,13,13,GTTCGCATCGCATCACGTCT,0,4209510
yadE_predicted,0.07142857142857142,13,13,GTTACCGTGATATGGATATC,0,4173940
yadE_predicted,0.07142857142857142,13,13,GTTAAAAGGAGATTGCCGCG,0,4177314
yadE_predicted,0.07142857142857142,13,13,GTGTGGTGCGTGAAGTCTCC,0,4235450
yadE_predicted,0.07142857142857142,13,13,GTGTCGGGCGTATCCCCCAT,0,4160975
yadE_predicted,0.07142857142857142,13,13,GTGTAGTCTGCATTCTTGGA,0,4238071
yadE_predicted,0.07142857142857142,13,13,GTGTAGAGGCGCCAAAGTTA,0,4187220
yadE_predicted,0.07142857142857142,13,13,GTGGGCCACAACTAACGGAA,0,4211623
yadE_predicted,0.07142857142857142,13,13,GTGGCGAGACATTTTTACTC,0,4162858
yadE_predicted,0.07142857142857142,13,13,GTGCTTAGACGGAGCATGAC,0,4208528
yadE_predicted,0.07142857142857142,13,13,GTGCGGTTGGCGAGGGGATT,0,4177917
yadE_predicted,0.07142857142857142,13,13,GTGCGCCTGACGCTAAGTTA,0,4205901
yadE_predicted,0.07142857142857142,13,13,GTGCCTGGACGCCGTGAAAA,0,4214214
yadE_predicted,0.07142857142857142,13,13,GTGCAATAGCGTTGCCGCAA,0,4180109
yadE_predicted,0.07142857142857142,13,13,GTGATTTGACTTCAAAGCCA,0,4166293
yadE_predicted,0.07142857142857142,13,13,GTCTTAGCCCTATAATGGCT,0,4212715
yadE_predicted,0.07142857142857142,13,13,GTCGAGAGCACAAGAATTGA,0,4202580
yadE_predicted,0.07142857142857142,13,13,GTCCCATCGGCGCACTGCGC,0,4217841
yadE_predicted,0.07142857142857142,13,13,GTCCCAAGGATTGACAATTT,0,4170361
yadE_predicted,0.07142857142857142,13,13,GTCCACCGCCAACGATAGTT,0,4210799
yadE_predicted,0.07142857142857142,13,13,GTCCAATCTTTGCTGAGTTT,0,4178896
yadE_predicted,0.07142857142857142,13,13,GTCACTACCAGAGAAATCGA,0,4222543
yadE_predicted,0.07142857142857142,13,13,GTCAACCGCATAAGTGGGTC,0,4177206
yadE_predicted,0.07142857142857142,13,13,GTATGTTAACGCGCGAGGGA,0,4177362
yadE_predicted,0.07142857142857142,13,13,GTATGCCGGGCGCCTCCACA,0,4177814
yadE_predicted,0.07142857142857142,13,13,GTATGCATATAGTTCTGCTG,0,4163734
yadE_predicted,0.07142857142857142,13,13,GTATCGGTCTTAGCGAGCGA,0,4239445
yadE_predicted,0.07142857142857142,13,13,GTAGGTGAAGCACAATCGTA,0,4200009
yadE_predicted,0.07142857142857142,13,13,GTAGAAGTCTCTGTAGGTAG,0,4198296
yadE_predicted,0.07142857142857142,13,13,GTACGCTAGGCAGTTTTACA,0,4226291
yadE_predicted,0.07142857142857142,13,13,GTACCTATCAGAATCCCCAT,0,4199672
yadE_predicted,0.07142857142857142,13,13,GTAAGTTAACCGTAGCGATT,0,4230627
yadE_predicted,0.07142857142857142,13,13,GTAAGCAGCAGGTTGACTAA,0,4188203
yadE_predicted,0.07142857142857142,13,13,GTAAGCAAGAGCCCATCCAA,0,4196439
yadE_predicted,0.07142857142857142,13,13,GTAAAGGTCCTATGTTCTGG,0,4173833
yadE_predicted,0.07142857142857142,13,13,GGTGTCCTGCGATTTGCCGC,0,4227950
yadE_predicted,0.07142857142857142,13,13,GGTGGAAGGGTGCCAGAAAA,0,4238503
yadE_predicted,0.07142857142857142,13,13,GGTGCTGACATTGGTATAGG,0,4222069
yadE_predicted,0.07142857142857142,13,13,GGTGATACGCAACGCGACAG,0,4220326
yadE_predicted,0.07142857142857142,13,13,GGTGAGTGCTATTCTTCCAA,0,4185530
yadE_predicted,0.07142857142857142,13,13,GGTATATGGGGAGCAAACAC,0,4200956
yadE_predicted,0.07142857142857142,13,13,GGTAGAGGTGAACTAACCAT,0,4202700
yadE_predicted,0.07142857142857142,13,13,GGTACAATGGTTTCGGCATT,0,4217783
yadE_predicted,0.07142857142857142,13,13,GGGTTTGGTGAGTGGAACTA,0,4192546
yadE_predicted,0.07142857142857142,13,13,GGGTTTCATTTCGTGGAGTG,0,4193776
yadE_predicted,0.07142857142857142,13,13,GGGTTAACTTAGGATCCCGC,0,4183319
yadE_predicted,0.07142857142857142,13,13,GGGTGTAGCTTCCACTCGGC,0,4213211
yadE_predicted,0.07142857142857142,13,13,GGGTGTACTCGGGAGGCTCA,0,4177107
yadE_predicted,0.07142857142857142,13,13,GGGTCACTACATATCGTCGG,0,4165486
yadE_predicted,0.07142857142857142,13,13,GGGGGTTTCGTGATTTGCTT,0,4218907
yadE_predicted,0.07142857142857142,13,13,GGGGGGTAATCTTCAATATA,0,4168072
yadE_predicted,0.07142857142857142,13,13,GGGGATGTTGCCGCTCCGCT,0,4161447
yadE_predicted,0.07142857142857142,13,13,GGGCTAATCAGCGCTCGGAT,0,4236732
yadE_predicted,0.07142857142857142,13,13,GGGCATGCCATGTCGTCCTC,0,4224783
yadE_predicted,0.07142857142857142,13,13,GGGCAAGTGGAATCCAATAA,0,4180076
yadE_predicted,0.07142857142857142,13,13,GGGCAAATTTAGACGGGGGG,0,4162736
yadE_predicted,0.07142857142857142,13,13,GGGATTACCCAACTCCCATG,0,4223612
yadE_predicted,0.07142857142857142,13,13,GGGAGATTGGGATATGGACG,0,4234225
yadE_predicted,0.07142857142857142,13,13,GGGACTGCATAAAGCTGATT,0,4198605
yadE_predicted,0.07142857142857142,13,13,GGGAAATTCTGGGAAGCAAC,0,4174774
yadE_predicted,0.07142857142857142,13,13,GGCTGTACTGTTGGTTTTAA,0,4199982
yadE_predicted,0.07142857142857142,13,13,GGCTAAAGCTTGAAGGATGA,0,4228070
yadE_predicted,0.07142857142857142,13,13,GGCGGGGGCTCCAACTACCT,0,4188386
yadE_predicted,0.07142857142857142,13,13,GGCGGGAAAATTGTTTGGAA,0,4199121
yadE_predicted,0.07142857142857142,13,13,GGCGGAGTCAAGTAAACCAT,0,4184362
yadE_predicted,0.07142857142857142,13,13,GGCGCTATATATAACCACAA,0,4188376
yadE_predicted,0.07142857142857142,13,13,GGCGCCTGTTTTCTTCTAGC,0,4164719
yadE_predicted,0.07142857142857142,13,13,GGCGAGGACTGGACCAGTCT,0,4223036
yadE_predicted,0.07142857142857142,13,13,GGCCAGGCGTGAGCTGCCGG,0,4228026
yadE_predicted,0.07142857142857142,13,13,GGCAGTCTTCCCGTCACGAG,0,4177152
yadE_predicted,0.07142857142857142,13,13,GGCAGGGACAATAAAGACCT,0,4194850
yadE_predicted,0.07142857142857142,13,13,GGCAGCTGTTGGTTACTGAA,0,4216222
yadE_predicted,0.07142857142857142,13,13,GGCACGTTGAACGTCGCCGT,0,4167938
yadE_predicted,0.07142857142857142,13,13,GGCACCTTGGAACCCTCTGC,0,4169351
yadE_predicted,0.07142857142857142,13,13,GGCACCAGCTTTCGGCCAAC,0,4165390
yadE_predicted,0.07142857142857142,13,13,GGCAAGTCCGCGGGACGCCA,0,4212606
yadE_predicted,0.07142857142857142,13,13,GGCAAGGCCGTTAAACTGTT,0,4186929
yadE_predicted,0.07142857142857142,13,13,GGATTGTGTCATGCAAGACC,0,4228311
yadE_predicted,0.07142857142857142,13,13,GGATGAGTAGTCCTAGTGCT,0,4237486
yadE_predicted,0.07142857142857142,13,13,GGATAGTAAACTGGGGCGAT,0,4221563
yadE_predicted,0.07142857142857142,13,13,GGATAACAAATAAAGAATGA,0,4225849
yadE_predicted,0.07142857142857142,13,13,GGAGCTGGAAACGGGTCGTA,0,4213404
yadE_predicted,0.07142857142857142,13,13,GGAGCAAACTCGGCAACCCC,0,4171002
yadE_predicted,0.07142857142857142,13,13,GGACTCAAGTTATGGCGCTC,0,4227456
yadE_predicted,0.07142857142857142,13,13,GGACGTGGGAAATCCTATAA,0,4174893
yadE_predicted,0.07142857142857142,13,13,GGACCGGGCCTTTGCTGGCG,0,4215873
yadE_predicted,0.07142857142857142,13,13,GGAATTTGCTCGTCGTTCAC,0,4190253
yadE_predicted,0.07142857142857142,13,13,GGAATATTTTAGAATACCTG,0,4163013
yadE_predicted,0.07142857142857142,13,13,GGAACCTAAGGGTGAATATA,0,4206839
yadE_predicted,0.07142857142857142,13,13,GGAACACTGTAGTCGTCGCA,0,4237344
yadE_predicted,0.07142857142857142,13,13,GGAAATATTGCAACAAGTGG,0,4163188
yadE_predicted,0.07142857142857142,13,13,GCTTGCTGGCGGGTCTATTG,0,4187442
yadE_predicted,0.07142857142857142,13,13,GCTTCGCTCACGATAGTGTT,0,4237032
yadE_predicted,0.07142857142857142,13,13,GCTTCACAAGGACAGCTATC,0,4172320
yadE_predicted,0.07142857142857142,13,13,GCTGGGCGGCCCACAAGAAC,0,4178577
yadE_predicted,0.07142857142857142,13,13,GCTGATGGCCGGGAGCTCTC,0,4222317
yadE_predicted,0.07142857142857142,13,13,GCTGATGATAGATCGGCGCT,0,4175703
yadE_predicted,0.07142857142857142,13,13,GCTCGGCGTTTCACCTAGAA,0,4222735
yadE_predicted,0.07142857142857142,13,13,GCTCCCCGGGGCAGGATAAG,0,4186242
yadE_predicted,0.07142857142857142,13,13,GCTCAAAATAAGTGCACAGT,0,4189740
yadE_predicted,0.07142857142857142,13,13,GCTATTAGAATAGTCTTTTA,0,4237417
yadE_predicted,0.07142857142857142,13,13,GCTATGATCCCGAGGCTGGT,0,4224962
yadE_predicted,0.07142857142857142,13,13,GCTACATGCGATCACCCCGC,0,4212678
yadE_predicted,0.07142857142857142,13,13,GCTAATCATTCGACCTTCAC,0,4161478
yadE_predicted,0.07142857142857142,13,13,GCTAACGCATGGTGTCCTTG,0,4178363
yadE_predicted,0.07142857142857142,13,13,GCGTTTGACTGGTATGGAGT,0,4201784
yadE_predicted,0.07142857142857142,13,13,GCGTTTCCCAGGGGCGATCG,0,4179935
yadE_predicted,0.07142857142857142,13,13,GCGGGTTTATGCTGGTGCTG,0,4230248
yadE_predicted,0.07142857142857142,13,13,GCGGCTGCCAGTGTAATATC,0,4215779
yadE_predicted,0.07142857142857142,13,13,GCGGACCCCGGGAGGAATTT,0,4196016
yadE_predicted,0.07142857142857142,13,13,GCGCTATCTTTCGGTACGGG,0,4240076
yadE_predicted,0.07142857142857142,13,13,GCGCGGTTGGTACAGACGGG,0,4231590
yadE_predicted,0.07142857142857142,13,13,GCCTGACATGCGGCCCTAAG,0,4202960
yadE_predicted,0.07142857142857142,13,13,GCCTGAATGGGGTTTTAGGG,0,4230990
yadE_predicted,0.07142857142857142,13,13,GCCTACCGGTCCGACCTACT,0,4224049
yadE_predicted,0.07142857142857142,13,13,GCCGTCACCACTAGCGAGGT,0,4179941
yadE_predicted,0.07142857142857142,13,13,GCCGTACGGAGAATGTTCTC,0,4169648
yadE_predicted,0.07142857142857142,13,13,GCCGGGGACGTTCGTCTTCG,0,4161309
yadE_predicted,0.07142857142857142,13,13,GCCGCGTGTTACGGATTACA,0,4186429
yadE_predicted,0.07142857142857142,13,13,GCCCCGAGATGACCGGGAAT,0,4193668
yadE_predicted,0.07142857142857142,13,13,GCCCCCGTAACCCGAGACAA,0,4206545
yadE_predicted,0.07142857142857142,13,13,GCCATGAAATCTCCACAGGT,0,4236062
yadE_predicted,0.07142857142857142,13,13,GCAGTGTCCCAGCTCTCGAT,0,4216595
yadE_predicted,0.07142857142857142,13,13,GCACTGGCGATTCCAGCCTC,0,4224838
yadE_predicted,0.07142857142857142,13,13,GCACCTCCCAATTGAAAAGA,0,4169272
yadE_predicted,0.07142857142857142,13,13,GCACACCTTACACTGGAACC,0,4224625
yadE_predicted,0.07142857142857142,13,13,GCAAACCCCAGGGACGGTGC,0,4163858
yadE_predicted,0.07142857142857142,13,13,GATTTTTCCGCTAGTTATTT,0,4188703
yadE_predicted,0.07142857142857142,13,13,GATTTCCCAACCGTAGTGAC,0,4199985
yadE_predicted,0.07142857142857142,13,13,GATGGGTGGCAATCGGAGCG,0,4180833
yadE_predicted,0.07142857142857142,13,13,GATATTCAGTCAGTTCCACA,0,4210994
yadE_predicted,0.07142857142857142,13,13,GATAGGAGATGTCCTCCCAG,0,4230213
yadE_predicted,0.07142857142857142,13,13,GATAAGAAACGCACGATATG,0,4215575
yadE_predicted,0.07142857142857142,13,13,GATAACCTATGCGAGCACAT,0,4208501
yadE_predicted,0.07142857142857142,13,13,GATAAAATGTTACACTTGTT,0,4214295
yadE_predicted,0.07142857142857142,13,13,GAGGGTTTTGGCCGGGGGTT,0,4227031
yadE_predicted,0.07142857142857142,13,13,GAGCATCTGTGAGTGACTTA,0,4189881
yadE_predicted,0.07142857142857142,13,13,GAGCATCTCAAGAGGACGGA,0,4202969
yadE_predicted,0.07142857142857142,13,13,GAGACTCGGAAGCAGCCAGA,0,4163810
yadE_predicted,0.07142857142857142,13,13,GAGACATCTAATTGGGAGGT,0,4226106
yadE_predicted,0.07142857142857142,13,13,GACTCCAAGGTTTGTCGGGT,0,4176624
yadE_predicted,0.07142857142857142,13,13,GACTAGGCCCTCCTGGAGCT,0,4166248
yadE_predicted,0.07142857142857142,13,13,GACTACCGTGCCGGTTCTGA,0,4206297
yadE_predicted,0.07142857142857142,13,13,GACCGAGCATTTGCCCTGAC,0,4190044
yadE_predicted,0.07142857142857142,13,13,GACCCCAAGCGGCGGGTTTC,0,4239762
yadE_predicted,0.07142857142857142,13,13,GACATTCTAGTCTATGGGTT,0,4198046
yadE_predicted,0.07142857142857142,13,13,GACACTTCAACGCAAGTCAT,0,4233814
yadE_predicted,0.07142857142857142,13,13,GACACTTAAGACTAGCGTTA,0,4169828
yadE_predicted,0.07142857142857142,13,13,GAATTTCTATGGTCGAAGGA,0,4183026
yadE_predicted,0.07142857142857142,13,13,GAATTGGGCATGTCTATTGG,0,4193148
yadE_predicted,0.07142857142857142,13,13,GAATTATTTTCGCTCATGGC,0,4188781
yadE_predicted,0.07142857142857142,13,13,GAATAGCTTGACTTTTAGCG,0,4216875
yadE_predicted,0.07142857142857142,13,13,GAACCTCCATATCTATGGTA,0,4173066
yadE_predicted,0.07142857142857142,13,13,GAACAGGGCGCCCCGTATGT,0,4222490
yadE_predicted,0.07142857142857142,13,13,CTTTTGAGAATGCGGCTAAC,0,4225012
yadE_predicted,0.07142857142857142,13,13,CTTTAGACGTGGGCTCATTC,0,4204856
yadE_predicted,0.07142857142857142,13,13,CTTGCTCTAACAATCATGGT,0,4229384
yadE_predicted,0.07142857142857142,13,13,CTTGCATTGAACAAAGCTAG,0,4235562
yadE_predicted,0.07142857142857142,13,13,CTTCTCAACTCATCCAGAAA,0,4206525
yadE_predicted,0.07142857142857142,13,13,CTTAGCCTGTGTAGCCATCT,0,4195429
yadE_predicted,0.07142857142857142,13,13,CTTAGACCAAGCTCGCGATC,0,4212312
yadE_predicted,0.07142857142857142,13,13,CTGTGTCGTGATGGTAGGAG,0,4166409
yadE_predicted,0.07142857142857142,13,13,CTGTCCCGAGGCGCCACGCA,0,4212782
yadE_predicted,0.07142857142857142,13,13,CTGTAGCCCACGGCACAACG,0,4189879
yadE_predicted,0.07142857142857142,13,13,CTGTACGGTTGTCCGGATCA,0,4196415
yadE_predicted,0.07142857142857142,13,13,CTGGGTTTTAGATAGGGCGA,0,4184910
yadE_predicted,0.07142857142857142,13,13,CTGGGCAAACGTGAACTCCT,0,4186578
yadE_predicted,0.07142857142857142,13,13,CTGGGATTTGTTTTATCAAT,0,4210645
yadE_predicted,0.07142857142857142,13,13,CTGGCTCAATAGTGTTCAGG,0,4239300
yadE_predicted,0.07142857142857142,13,13,CTGGATCTCCACTGTCTAGA,0,4170963
yadE_predicted,0.07142857142857142,13,13,CTGCCCTACGGGTTCCAATG,0,4223542
yadE_predicted,0.07142857142857142,13,13,CTGACCTCAATAGGGCTACG,0,4193567
yadE_predicted,0.07142857142857142,13,13,CTGAATGCAGAGCAGAGGCA,0,4168874
yadE_predicted,0.07142857142857142,13,13,CTCGGATATGGAACTTCGGT,0,4213719
yadE_predicted,0.07142857142857142,13,13,CTCGCTAGGCGTTGGATACG,0,4209339
yadE_predicted,0.07142857142857142,13,13,CTCGACCCATAATACAAAAC,0,4161112
yadE_predicted,0.07142857142857142,13,13,CTCCGCAGCTGAAAAATGTA,0,4178851
yadE_predicted,0.07142857142857142,13,13,CTCAGGGTTTGGACCTATCT,0,4193977
yadE_predicted,0.07142857142857142,13,13,CTCAGGGGGTGCCAGAGGAC,0,4223912
yadE_predicted,0.07142857142857142,13,13,CTCAGGGACCTGAACTAGGA,0,4234889
yadE_predicted,0.07142857142857142,13,13,CTATCCGACTACGGCCAAGC,0,4164468
yadE_predicted,0.07142857142857142,13,13,CTAGTTGCGGTATAACACAC,0,4188676
yadE_predicted,0.07142857142857142,13,13,CTAGTGGCGCGGCCCGGATA,0,4160584
yadE_predicted,0.07142857142857142,13,13,CTAGTATATCTGGTCTTCCT,0,4159601
yadE_predicted,0.07142857142857142,13,13,CTAGCAGACTTTGGAGCCAA,0,4223917
yadE_predicted,0.07142857142857142,13,13,CTAGAAGCAGAAGGGAACGC,0,4235121
yadE_predicted,0.07142857142857142,13,13,CTACTGACCTCCGGGTCTGA,0,4162471
yadE_predicted,0.07142857142857142,13,13,CTACGCGGTAACCGTTCCTT,0,4159821
yadE_predicted,0.07142857142857142,13,13,CTAAGAGATAGAGAGAACAC,0,4182639
yadE_predicted,0.07142857142857142,13,13,CTAACCAACGTCTCTTAAGA,0,4164453
yadE_predicted,0.07142857142857142,13,13,CGTTGACCTAACTCACTTAC,0,4169221
yadE_predicted,0.07142857142857142,13,13,CGTTCCACCAATGTAGGAAG,0,4192958
yadE_predicted,0.07142857142857142,13,13,CGTGAGGTTCTCCGTAGCGT,0,4215534
yadE_predicted,0.07142857142857142,13,13,CGTCGGGAGCATATACCCCG,0,4209314
yadE_predicted,0.07142857142857142,13,13,CGTCATTTCGATGATACTCT,0,4166475
yadE_predicted,0.07142857142857142,13,13,CGTAGCCACGTGATCCTGTT,0,4212751
yadE_predicted,0.07142857142857142,13,13,CGTACCTGACAACTGATGTA,0,4228605
yadE_predicted,0.07142857142857142,13,13,CGTAATGATCCACGATAAAG,0,4173944
yadE_predicted,0.07142857142857142,13,13,CGGTTATCGCCTCCCGTGCT,0,4173351
yadE_predicted,0.07142857142857142,13,13,CGGTGGAAACGGTGATTTGC,0,4211257
yadE_predicted,0.07142857142857142,13,13,CGGTCATAGAGGTTAGAGCA,0,4213219
yadE_predicted,0.07142857142857142,13,13,CGGTAGTACGATATCATTCA,0,4202244
yadE_predicted,0.07142857142857142,13,13,CGGTAAAAGTCACTATCAAC,0,4162603
yadE_predicted,0.07142857142857142,13,13,CGGGGGCACGTAGGGTTTAC,0,4224220
yadE_predicted,0.07142857142857142,13,13,CGGGCACCATTCGCCCAGGT,0,4178073
yadE_predicted,0.07142857142857142,13,13,CGGCTTCGCATTGGACTTAG,0,4159652
yadE_predicted,0.07142857142857142,13,13,CGGCCGAACCCGTTTAAACT,0,4174561
yadE_predicted,0.07142857142857142,13,13,CGGCAGTTCAGGAGCGAAAT,0,4162378
yadE_predicted,0.07142857142857142,13,13,CGGCAGCAGTTTATCCGACC,0,4204554
yadE_predicted,0.07142857142857142,13,13,CGGCACGACCGCTTACTCAT,0,4228241
yadE_predicted,0.07142857142857142,13,13,CGGATTCAGGCGAAGATTAC,0,4162783
yadE_predicted,0.07142857142857142,13,13,CGGATTATGGGCATTACTTC,0,4208651
yadE_predicted,0.07142857142857142,13,13,CGGACCTACGCTTAAATCAA,0,4194382
yadE_predicted,0.07142857142857142,13,13,CGGACCGATGCGGCTTCACG,0,4237700
yadE_predicted,0.07142857142857142,13,13,CGGAAGAGCGGTACAAGATA,0,4183390
yadE_predicted,0.07142857142857142,13,13,CGCTTACCCCTCACTGAGGC,0,4233999
yadE_predicted,0.07142857142857142,13,13,CGCGCACAAATGAACACGAT,0,4180770
yadE_predicted,0.07142857142857142,13,13,CGCCGAGCGCGTCCTAATAT,0,4233691
yadE_predicted,0.07142857142857142,13,13,CGCCCGTGTAGCTGCGTTAA,0,4223626
yadE_predicted,0.07142857142857142,13,13,CGCCAGCCTAGAAATGTAAA,0,4214417
yadE_predicted,0.07142857142857142,13,13,CGCATACCACTTTTGGTGTA,0,4204917
yadE_predicted,0.07142857142857142,13,13,CGCAGTAACGACAGTTGCTA,0,4170392
yadE_predicted,0.07142857142857142,13,13,CGATGTTCCTCTTCTTCTTC,0,4180560
yadE_predicted,0.07142857142857142,13,13,CGATGTAAGACCGAGCGATT,0,4162150
yadE_predicted,0.07142857142857142,13,13,CGATGGTTTCGCGCGTACAC,0,4217997
yadE_predicted,0.07142857142857142,13,13,CGATCGGGACGAAGATGCCC,0,4198371
yadE_predicted,0.07142857142857142,13,13,CGAGTACAGAGTTATTAAGT,0,4225603
yadE_predicted,0.07142857142857142,13,13,CGAGAATTGGGACTGGACTG,0,4188283
yadE_predicted,0.07142857142857142,13,13,CGACTCGGGCTAACATTAGA,0,4193236
yadE_predicted,0.07142857142857142,13,13,CGACTCACGTCGGTAATTCG,0,4203439
yadE_predicted,0.07142857142857142,13,13,CGACGGTACGAAACAGGGGT,0,4171659
yadE_predicted,0.07142857142857142,13,13,CGAACCTAACTAACGTAATT,0,4217156
yadE_predicted,0.07142857142857142,13,13,CCTTGCACACCGACGACAGT,0,4193426
yadE_predicted,0.07142857142857142,13,13,CCTTACGCGTTTGCTCACTT,0,4196249
yadE_predicted,0.07142857142857142,13,13,CCTGTGTGCACAACTCTATG,0,4213284
yadE_predicted,0.07142857142857142,13,13,CCTGTGTGACCGCGCCCGAA,0,4188483
yadE_predicted,0.07142857142857142,13,13,CCTGGTAGTGACGTTTACTG,0,4182315
yadE_predicted,0.07142857142857142,13,13,CCTGGACCCGGAACACAGTA,0,4210864
yadE_predicted,0.07142857142857142,13,13,CCTGCTCAGCTGTTCGGTTC,0,4231428
yadE_predicted,0.07142857142857142,13,13,CCTGATGGGGGGCACATTGT,0,4210119
yadE_predicted,0.07142857142857142,13,13,CCTCTAGGCGCTGTAGCTGT,0,4234288
yadE_predicted,0.07142857142857142,13,13,CCTCAGACGCAATGAGAGCC,0,4170890
yadE_predicted,0.07142857142857142,13,13,CCTAGGCATTCTCATTTTCC,0,4213453
yadE_predicted,0.07142857142857142,13,13,CCGGTGCAAACTTTGTGCGC,0,4205936
yadE_predicted,0.07142857142857142,13,13,CCGGGGGAACGTCATAATTG,0,4202570
yadE_predicted,0.07142857142857142,13,13,CCGGGCGGGCCAAGGTTGCG,0,4214010
yadE_predicted,0.07142857142857142,13,13,CCGGGAGCGTAACCGGGGAC,0,4175549
yadE_predicted,0.07142857142857142,13,13,CCGGAAGGACTAGAGGTCCG,0,4203167
yadE_predicted,0.07142857142857142,13,13,CCGCCAGTGTCCCACGTGTG,0,4173239
yadE_predicted,0.07142857142857142,13,13,CCGCACAGGCCAACCGATAC,0,4193156
yadE_predicted,0.07142857142857142,13,13,CCGATAGCCCTTGCTCCAGA,0,4212146
yadE_predicted,0.07142857142857142,13,13,CCCTGGGATGAGTTGGGAGC,0,4209647
yadE_predicted,0.07142857142857142,13,13,CCCTGGAGAGCGTCCCAGGG,0,4220915
yadE_predicted,0.07142857142857142,13,13,CCCGTGAATCATTCCCGGAA,0,4227115
yadE_predicted,0.07142857142857142,13,13,CCCCCCTAATTTCCTGTTCA,0,4169358
yadE_predicted,0.07142857142857142,13,13,CCCATTTAGGGGATGTTTTG,0,4181536
yadE_predicted,0.07142857142857142,13,13,CCCATATTGAAAGCCATATG,0,4238804
yadE_predicted,0.07142857142857142,13,13,CCCAGAAGGTCAGCGCAGAA,0,4201200
yadE_predicted,0.07142857142857142,13,13,CCCAAGGCACCAGCCGACAC,0,4203182
yadE_predicted,0.07142857142857142,13,13,CCATGGTGTGCCAATGGCTA,0,4235482
yadE_predicted,0.07142857142857142,13,13,CCATGCACGAGATCAAATAC,0,4160987
yadE_predicted,0.07142857142857142,13,13,CCATACCAATCCATGCGGAC,0,4210707
yadE_predicted,0.07142857142857142,13,13,CCACATCCCTTCATCCCACT,0,4217084
yadE_predicted,0.07142857142857142,13,13,CATTGGGTGCCGGAGGTGGA,0,4231375
yadE_predicted,0.07142857142857142,13,13,CATTAGCTCCACTGGTATGA,0,4187944
yadE_predicted,0.07142857142857142,13,13,CATGCGCCCTTGTTAGCATA,0,4204371
yadE_predicted,0.07142857142857142,13,13,CATGCAACGTTATTAGCATT,0,4206395
yadE_predicted,0.07142857142857142,13,13,CATCCTCGGGTTGATCCTAA,0,4199127
yadE_predicted,0.07142857142857142,13,13,CATCAAGATAAGACACAGGA,0,4164764
yadE_predicted,0.07142857142857142,13,13,CATAGTATCCGCGCCTGAGA,0,4212824
yadE_predicted,0.07142857142857142,13,13,CATAGGGCTTTCCCAGTCAT,0,4216229
yadE_predicted,0.07142857142857142,13,13,CATAGCGCGGCACTCCGGGT,0,4174566
yadE_predicted,0.07142857142857142,13,13,CAGTGCCTACAGCTCTCAGG,0,4166232
yadE_predicted,0.07142857142857142,13,13,CAGGTCCGCAATGTTACATT,0,4180110
yadE_predicted,0.07142857142857142,13,13,CAGGCACAGCTGAATGGTTA,0,4230591
yadE_predicted,0.07142857142857142,13,13,CAGGATTTGCACCGCCCGAA,0,4206218
yadE_predicted,0.07142857142857142,13,13,CAGGAGAGTTCCATAATGTA,0,4216464
yadE_predicted,0.07142857142857142,13,13,CAGGACCATAGATCGGCAGC,0,4176756
yadE_predicted,0.07142857142857142,13,13,CAGCAGGTTTATCGAGGCGT,0,4161972
yadE_predicted,0.07142857142857142,13,13,CAGCACGCTTCGTATTCATT,0,4222309
yadE_predicted,0.07142857142857142,13,13,CAGATAATGGACCTTTATTG,0,4186907
yadE_predicted,0.07142857142857142,13,13,CAGACATCAAGGCATCCCCC,0,4175195
yadE_predicted,0.07142857142857142,13,13,CACTGAACCCCGGGGCTAAA,0,4171611
yadE_predicted,0.07142857142857142,13,13,CACTCATTAGAGCATAGGAT,0,4203269
yadE_predicted,0.07142857142857142,13,13,CACTCAAGGGAGCCCAGACG,0,4231095
yadE_predicted,0.07142857142857142,13,13,CACGCAGGTCTGTAGATAAA,0,4183545
yadE_predicted,0.07142857142857142,13,13,CACGAACCTGGACTTCATAC,0,4188079
yadE_predicted,0.07142857142857142,13,13,CACCAGGAGTCTAGGCCGAA,0,4180396
yadE_predicted,0.07142857142857142,13,13,CACATCACAGCGACCACATC,0,4208186
yadE_predicted,0.07142857142857142,13,13,CACAACCTCTATCGGGGCGC,0,4174232
yadE_predicted,0.07142857142857142,13,13,CACAAATACTCACAGTTGCG,0,4205490
yadE_predicted,0.07142857142857142,13,13,CAATTATGCGTCTGCAGCTT,0,4182855
yadE_predicted,0.07142857142857142,13,13,CAATGTTTCCGGAAATAATG,0,4213328
yadE_predicted,0.07142857142857142,13,13,CAACTGTGCGTCATGATCAT,0,4221682
yadE_predicted,0.07142857142857142,13,13,CAACCGCCAGGCAACCGGTC,0,4182629
yadE_predicted,0.07142857142857142,13,13,CAACAAGGGGATAGGACGGA,0,4232611
yadE_predicted,0.07142857142857142,13,13,CAAATGGAAGCTAGGATTGC,0,4159647
yadE_predicted,0.07142857142857142,13,13,CAAAACGGAGCGAAATGTGA,0,4179539
yadE_predicted,0.07142857142857142,13,13,ATTGATTCCGGGGCGCACCT,0,4173426
yadE_predicted,0.07142857142857142,13,13,ATTCCAAAATAGCCCTTGTT,0,4205253
yadE_predicted,0.07142857142857142,13,13,ATTAATGTAGCTGTCACGCG,0,4159800
yadE_predicted,0.07142857142857142,13,13,ATTAAGTGGTCTATCGGTAG,0,4208929
yadE_predicted,0.07142857142857142,13,13,ATGTGAGGGGCGGCTAGCAA,0,4163341
yadE_predicted,0.07142857142857142,13,13,ATGTCATTGCGTTGCAGTAC,0,4226006
yadE_predicted,0.07142857142857142,13,13,ATGCTGAAACGCTTGTATTA,0,4202974
yadE_predicted,0.07142857142857142,13,13,ATGCTCGTTTACCAAACTTT,0,4236360
yadE_predicted,0.07142857142857142,13,13,ATGCTCCGTCTCACGTCGGT,0,4228950
yadE_predicted,0.07142857142857142,13,13,ATGCATCACTCCGCATCTAA,0,4234208
yadE_predicted,0.07142857142857142,13,13,ATGCACAGTGTCTCCGATGA,0,4207338
yadE_predicted,0.07142857142857142,13,13,ATGATACTTGACAGTCCCGG,0,4161061
yadE_predicted,0.07142857142857142,13,13,ATGAGCCGTGATTGAGTCCT,0,4184267
yadE_predicted,0.07142857142857142,13,13,ATGACGACAAGTGGTCAGTA,0,4191118
yadE_predicted,0.07142857142857142,13,13,ATCTGCCTAATTGGAGCGCA,0,4217239
yadE_predicted,0.07142857142857142,13,13,ATCGCATGGGACCGCGAAAC,0,4204049
yadE_predicted,0.07142857142857142,13,13,ATCCGTGGTGGGAGAGTGTG,0,4235120
yadE_predicted,0.07142857142857142,13,13,ATCCCCAATCCTTTAAGGCT,0,4197466
yadE_predicted,0.07142857142857142,13,13,ATCCCACCCGAGACCATGAT,0,4202322
yadE_predicted,0.07142857142857142,13,13,ATCCATGGGGACGTAGAGAA,0,4223024
yadE_predicted,0.07142857142857142,13,13,ATAGTGCGTTGCTAGATATT,0,4232324
yadE_predicted,0.07142857142857142,13,13,ATAGTCTTGCATAGTTCAGA,0,4210558
yadE_predicted,0.07142857142857142,13,13,ATACTTGATGGCGGTGCCGT,0,4195274
yadE_predicted,0.07142857142857142,13,13,ATACGCTTGTGTGTGAAATG,0,4209331
yadE_predicted,0.07142857142857142,13,13,ATAATTGTGGTAAGAATTTA,0,4234422
yadE_predicted,0.07142857142857142,13,13,ATAAGAACGTTCTCAGTATC,0,4217670
yadE_predicted,0.07142857142857142,13,13,ATAACATCCTACTAACCTTT,0,4188017
yadE_predicted,0.07142857142857142,13,13,ATAAACCGTGCCGGGTGGCA,0,4173492
yadE_predicted,0.07142857142857142,13,13,AGTGTGTGACGCGTATCGAT,0,4211547
yadE_predicted,0.07142857142857142,13,13,AGTGGGCTGTTCATCAGGCC,0,4190115
yadE_predicted,0.07142857142857142,13,13,AGTGGGAGTACTTTGGATCA,0,4220297
yadE_predicted,0.07142857142857142,13,13,AGTGCCATCAAATCTGATGC,0,4198494
yadE_predicted,0.07142857142857142,13,13,AGTACGTTAATGTGAGTACA,0,4176040
yadE_predicted,0.07142857142857142,13,13,AGGTGGCCTTGCACTGATCT,0,4212703
yadE_predicted,0.07142857142857142,13,13,AGGTAGGTCCCCCGGCACGT,0,4184214
yadE_predicted,0.07142857142857142,13,13,AGGTACTGTTTGATACCCAA,0,4185095
yadE_predicted,0.07142857142857142,13,13,AGGGTCTTGTAGGATGCCTT,0,4217848
yadE_predicted,0.07142857142857142,13,13,AGGGGCCATTAGGCGCGGAG,0,4215577
yadE_predicted,0.07142857142857142,13,13,AGGGCATGAGTGTCTCGTGA,0,4226704
yadE_predicted,0.07142857142857142,13,13,AGGCTCCGAAAGTGCCCGCT,0,4187664
yadE_predicted,0.07142857142857142,13,13,AGGCGTCGAACCATTGATCT,0,4177183
yadE_predicted,0.07142857142857142,13,13,AGGCGCCTCTTCTCGCATTG,0,4220340
yadE_predicted,0.07142857142857142,13,13,AGGCCGCTTGCACTGAGACA,0,4175362
yadE_predicted,0.07142857142857142,13,13,AGGCCGACCTCCCAGCATCC,0,4190216
yadE_predicted,0.07142857142857142,13,13,AGGAGGTATTTGGTATGGAT,0,4228668
yadE_predicted,0.07142857142857142,13,13,AGGACGAGGCAGGAGTGTAA,0,4194110
yadE_predicted,0.07142857142857142,13,13,AGCTTTGGGCCCATTGAGAG,0,4181766
yadE_predicted,0.07142857142857142,13,13,AGCTCCCCAGTTAGGAACGT,0,4207968
yadE_predicted,0.07142857142857142,13,13,AGCGTCAAACGTTTGACGGT,0,4211796
yadE_predicted,0.07142857142857142,13,13,AGCGGTGAGTCTTTAAGTAT,0,4176379
yadE_predicted,0.07142857142857142,13,13,AGCGCCGGTATGAAAGGATA,0,4164856
yadE_predicted,0.07142857142857142,13,13,AGCGAGAACCACGGGCGCTC,0,4189021
yadE_predicted,0.07142857142857142,13,13,AGCCCTTGTCGCAAGATCCA,0,4209943
yadE_predicted,0.07142857142857142,13,13,AGCATGGTTACTCGGTGTAT,0,4179995
yadE_predicted,0.07142857142857142,13,13,AGCAGGGGTCGCGGTGACGT,0,4174472
yadE_predicted,0.07142857142857142,13,13,AGCACCGCAGCCGGCCCAAT,0,4169052
yadE_predicted,0.07142857142857142,13,13,AGCACACCACCTGTGCGAGG,0,4160659
yadE_predicted,0.07142857142857142,13,13,AGATTTTGCAGATCTTGTCA,0,4230256
yadE_predicted,0.07142857142857142,13,13,AGATTTACGACCGGCAGCGC,0,4201335
yadE_predicted,0.07142857142857142,13,13,AGATCTCGTAAAAGTGCCGA,0,4163184
yadE_predicted,0.07142857142857142,13,13,AGAGTCCGTATATCTGGTTG,0,4221947
yadE_predicted,0.07142857142857142,13,13,AGAGCTTCATGTCTCTGGGT,0,4214842
yadE_predicted,0.07142857142857142,13,13,AGAGCGGTGGGCAAATCATG,0,4161354
yadE_predicted,0.07142857142857142,13,13,AGAGAAGACCCAAGTCACGG,0,4229833
yadE_predicted,0.07142857142857142,13,13,AGACGAGCGTTGGCATGTGA,0,4175832
yadE_predicted,0.07142857142857142,13,13,AGACCTGCGAGCGCTGAGAC,0,4222157
yadE_predicted,0.07142857142857142,13,13,AGACAAATGTCGGTCACCGA,0,4175357
yadE_predicted,0.07142857142857142,13,13,AGAACTTCTTTTATTGGGAG,0,4237639
yadE_predicted,0.07142857142857142,13,13,ACTTGCCCATGCGCCCTTTA,0,4177593
yadE_predicted,0.07142857142857142,13,13,ACTTCGGCTTACACTCCTGT,0,4234099
yadE_predicted,0.07142857142857142,13,13,ACTGAGTTGTCGAGGTCTAG,0,4216407
yadE_predicted,0.07142857142857142,13,13,ACTCATCTCCACTCCTCGAT,0,4190982
yadE_predicted,0.07142857142857142,13,13,ACTCAGAAGGACCATAAGTG,0,4193810
yadE_predicted,0.07142857142857142,13,13,ACGTACACCGATAGGCAACA,0,4211385
yadE_predicted,0.07142857142857142,13,13,ACGGATATGAATGGTTCGAC,0,4197802
yadE_predicted,0.07142857142857142,13,13,ACGCTGGATCGCACACACCT,0,4159795
yadE_predicted,0.07142857142857142,13,13,ACGCGCACTCCTAAGCACAG,0,4206691
yadE_predicted,0.07142857142857142,13,13,ACGAGAGGTTAACGTGAGTC,0,4174084
yadE_predicted,0.07142857142857142,13,13,ACGACCGAGTGCGCGGAGTT,0,4180443
yadE_predicted,0.07142857142857142,13,13,ACGAAGTTTCCTCGTCTCGT,0,4212440
yadE_predicted,0.07142857142857142,13,13,ACCTCTTGCAAAGTGAATGC,0,4201352
yadE_predicted,0.07142857142857142,13,13,ACCTAAGGCCTGACTGAACT,0,4197995
yadE_predicted,0.07142857142857142,13,13,ACCGGTGGGTCCAGCCTTAC,0,4178732
yadE_predicted,0.07142857142857142,13,13,ACCGGGAGACAGCCATATAG,0,4224144
yadE_predicted,0.07142857142857142,13,13,ACCGGATCCTCGGTTCCGGC,0,4196677
yadE_predicted,0.07142857142857142,13,13,ACCCTCTTACCTGAATAGCT,0,4192336
yadE_predicted,0.07142857142857142,13,13,ACCATTGACAGAGAGTAAAC,0,4190063
yadE_predicted,0.07142857142857142,13,13,ACCACAGATAGTCAGATATG,0,4193023
yadE_predicted,0.07142857142857142,13,13,ACCAATAATCACGATCGACC,0,4215743
yadE_predicted,0.07142857142857142,13,13,ACCAAATGGGGGATCCGTAC,0,4237834
yadE_predicted,0.07142857142857142,13,13,ACATTGTAACAGGACTGCAA,0,4173788
yadE_predicted,0.07142857142857142,13,13,ACATCCTGTTGCTCATAAAC,0,4196558
yadE_predicted,0.07142857142857142,13,13,ACATCCCTTTCTTGAGAAGC,0,4193985
yadE_predicted,0.07142857142857142,13,13,ACAGTCGGTTTGAGTGGCCG,0,4172779
yadE_predicted,0.07142857142857142,13,13,ACAGGCCGATCTGATATTCA,0,4175892
yadE_predicted,0.07142857142857142,13,13,ACAGGAAGGTCGTCAATCCT,0,4211716
yadE_predicted,0.07142857142857142,13,13,ACAGCAGGGATCTTGGAACT,0,4179928
yadE_predicted,0.07142857142857142,13,13,ACAGACTCATGTCAGACTGA,0,4207955
yadE_predicted,0.07142857142857142,13,13,ACAGAAGAAGGAGAGGTGTC,0,4230571
yadE_predicted,0.07142857142857142,13,13,ACACTTGATAAACATACAGT,0,4227885
yadE_predicted,0.07142857142857142,13,13,ACACTCTTAAGTTGCCTTCG,0,4182633
yadE_predicted,0.07142857142857142,13,13,ACAATGGGGGACGGTCGGAT,0,4184918
yadE_predicted,0.07142857142857142,13,13,ACAATACTGAGGTCGGCAGC,0,4186755
yadE_predicted,0.07142857142857142,13,13,AATTTTGCTCTGGGAACTAT,0,4176152
yadE_predicted,0.07142857142857142,13,13,AATTCTTCTGATGTATTTAT,0,4178824
yadE_predicted,0.07142857142857142,13,13,AATGTCTTGGGCCGTGGGAT,0,4179548
yadE_predicted,0.07142857142857142,13,13,AATGGATTACTTCTCAGCAG,0,4186376
yadE_predicted,0.07142857142857142,13,13,AATGCAAGAGTATGGTGTAG,0,4229600
yadE_predicted,0.07142857142857142,13,13,AATAGTGGGATGAGCACCCC,0,4227655
yadE_predicted,0.07142857142857142,13,13,AATAGAGGTCTACTCCGGTA,0,4181924
yadE_predicted,0.07142857142857142,13,13,AAGTGAAGAATTAAATCCCT,0,4174066
yadE_predicted,0.07142857142857142,13,13,AAGTCATCGTAGGCTTCCGC,0,4221838
yadE_predicted,0.07142857142857142,13,13,AAGTAACTTGCGTCACCGAT,0,4208988
yadE_predicted,0.07142857142857142,13,13,AAGGTCATAGTGACAGTTGT,0,4197798
yadE_predicted,0.07142857142857142,13,13,AAGGTAATTCGAGGGTACTC,0,4175144
yadE_predicted,0.07142857142857142,13,13,AAGGACACTCACTTTGCCAC,0,4180789
yadE_predicted,0.07142857142857142,13,13,AACGTCCTGGTAACCACAGC,0,4189527
yadE_predicted,0.07142857142857142,13,13,AACGGTGGGTGAGATGAACG,0,4240015
yadE_predicted,0.07142857142857142,13,13,AACGAGGCGCTGCTTTTACA,0,4188285
yadE_predicted,0.07142857142857142,13,13,AACCCCCCGCTTTATATTGA,0,4189616
yadE_predicted,0.07142857142857142,13,13,AACCAATTCTTAGCGACAGC,0,4230531
yadE_predicted,0.07142857142857142,13,13,AACAATGACACGACAGTGGA,0,4163778
yadE_predicted,0.07142857142857142,13,13,AAAGCATGATGAACCAGGTC,0,4225270
yadE_predicted,0.07142857142857142,13,13,AAAGAACAGGCCCAAACAGA,0,4180446
yadE_predicted,0.07142857142857142,13,13,AAACCTCGCTCTGGTCATGT,0,4182240
yadE_predicted,0.07142857142857142,13,13,AAAATTGCTGTTTCGAGGCT,0,4180131
yadE_predicted,0.07142857142857142,13,13,AAAATGTTTAGACGCCTCTA,0,4166975
yadE_predicted,0.07692307692307693,12,12,TTTTTACCGAATGCGTGTTT,0,4226181
yadE_predicted,0.07692307692307693,12,12,TTTTACGATACGCAAGGACC,0,4200670
yadE_predicted,0.07692307692307693,12,12,TTTGTCCCGTCGTCAGTTTA,0,4167396
yadE_predicted,0.07692307692307693,12,12,TTTGCAAGCTTCGTTGTTAC,0,4185399
yadE_predicted,0.07692307692307693,12,12,TTTGATAATGATGTGGTATA,0,4231237
yadE_predicted,0.07692307692307693,12,12,TTTACGCCGACAGGATTAAG,0,4178415
yadE_predicted,0.07692307692307693,12,12,TTTAATTGAGTGAATGAAGC,0,4216225
yadE_predicted,0.07692307692307693,12,12,TTTAATTAAATGCGACATCA,0,4178078
yadE_predicted,0.07692307692307693,12,12,TTTAAACCCACACTGGGCAG,0,4219695
yadE_predicted,0.07692307692307693,12,12,TTGTTGTGGCGCCAGCATAG,0,4188146
yadE_predicted,0.07692307692307693,12,12,TTGTGTATGGTGGGCGCACA,0,4211652
yadE_predicted,0.07692307692307693,12,12,TTGGGCCGTGGTCTAAACGG,0,4179338
yadE_predicted,0.07692307692307693,12,12,TTGGCTGATCCACTCCTGCA,0,4212681
yadE_predicted,0.07692307692307693,12,12,TTGCCCGACCCGCTAGATCT,0,4182163
yadE_predicted,0.07692307692307693,12,12,TTGCATGTCGTGGCCTACTT,0,4238156
yadE_predicted,0.07692307692307693,12,12,TTGAGTTAGGCTTTGACGGA,0,4167969
yadE_predicted,0.07692307692307693,12,12,TTGAGTTAGGACGGAGCTCA,0,4176879
yadE_predicted,0.07692307692307693,12,12,TTCTGTACGTTACGGAGGTG,0,4239354
yadE_predicted,0.07692307692307693,12,12,TTCTCAAACACGACAAATGT,0,4192637
yadE_predicted,0.07692307692307693,12,12,TTCGTTCCAAAATTGACTAA,0,4214928
yadE_predicted,0.07692307692307693,12,12,TTCGGTTTTCTACGGACTTA,0,4169152
yadE_predicted,0.07692307692307693,12,12,TTCGACCGGGGTAGACCCAG,0,4174135
yadE_predicted,0.07692307692307693,12,12,TTCGACACTGCGGCCAGGCA,0,4163200
yadE_predicted,0.07692307692307693,12,12,TTCGAAGGTCAGTGATCGCA,0,4212619
yadE_predicted,0.07692307692307693,12,12,TTCGAAGGGTAAAAGTCCAG,0,4182850
yadE_predicted,0.07692307692307693,12,12,TTCCCTGTTGTCCGCGAATG,0,4233185
yadE_predicted,0.07692307692307693,12,12,TTCCCGCCCGAACGGTCGGA,0,4187078
yadE_predicted,0.07692307692307693,12,12,TTCCACAGCTGACGTAGGCG,0,4184914
yadE_predicted,0.07692307692307693,12,12,TTCATGTGCAGGGTCTGCGA,0,4214017
yadE_predicted,0.07692307692307693,12,12,TTCAGTGGAGGGCCTCTGCT,0,4173123
yadE_predicted,0.07692307692307693,12,12,TTCAACACAAATATTGCAAA,0,4194819
yadE_predicted,0.07692307692307693,12,12,TTATGGGAGGCCACAGTGGA,0,4204184
yadE_predicted,0.07692307692307693,12,12,TTATGCATTACTTCACACAA,0,4191406
yadE_predicted,0.07692307692307693,12,12,TTATCGGGGAATTGACCAAT,0,4211148
yadE_predicted,0.07692307692307693,12,12,TTAGTCTGCTATTTGTAAGG,0,4185742
yadE_predicted,0.07692307692307693,12,12,TTAGCCTGCGCCGCTGGGGA,0,4213698
yadE_predicted,0.07692307692307693,12,12,TTAGCACCCGCTACCGAATT,0,4175199
yadE_predicted,0.07692307692307693,12,12,TTAGAACATACTGGTAATAT,0,4215543
yadE_predicted,0.07692307692307693,12,12,TTACGTCTCTCTAATTCGTC,0,4180816
yadE_predicted,0.07692307692307693,12,12,TTACGGGGGGGCGTAACAGT,0,4182257
yadE_predicted,0.07692307692307693,12,12,TTAAAGTTGCTGGTCTAATC,0,4173776
yadE_predicted,0.07692307692307693,12,12,TGTTCAAGGCTCATTTCCAG,0,4208220
yadE_predicted,0.07692307692307693,12,12,TGTGCATTTCGAGGACCAAA,0,4222744
yadE_predicted,0.07692307692307693,12,12,TGTGAGGGCCGAACCTTTCT,0,4220628
yadE_predicted,0.07692307692307693,12,12,TGTGACGTAGCGTTTGTCTT,0,4217453
yadE_predicted,0.07692307692307693,12,12,TGTGACGACTCGAGTATTGC,0,4200394
yadE_predicted,0.07692307692307693,12,12,TGTGACAAAGTACGGTTAAT,0,4204694
yadE_predicted,0.07692307692307693,12,12,TGTATGGTGAACTCATTTGC,0,4231391
yadE_predicted,0.07692307692307693,12,12,TGTAATGATGCTATAGAGGT,0,4212892
yadE_predicted,0.07692307692307693,12,12,TGGTTTCTTTGGTCTAGGTA,0,4170932
yadE_predicted,0.07692307692307693,12,12,TGGTTAAGGTCAATGGTTTA,0,4186711
yadE_predicted,0.07692307692307693,12,12,TGGTCCTGGCTCCACACATC,0,4168177
yadE_predicted,0.07692307692307693,12,12,TGGTACCAGAAATCAGACAC,0,4160627
yadE_predicted,0.07692307692307693,12,12,TGGGGTATGCTGAGTACTAT,0,4224583
yadE_predicted,0.07692307692307693,12,12,TGGGAATTAGAAGTTAGGAT,0,4198369
yadE_predicted,0.07692307692307693,12,12,TGGCTCTGATTACTACCCCG,0,4169582
yadE_predicted,0.07692307692307693,12,12,TGGCGCAGGTCACAACACAC,0,4226472
yadE_predicted,0.07692307692307693,12,12,TGGCCGGGGTAGTATTGAAC,0,4182055
yadE_predicted,0.07692307692307693,12,12,TGGCCCCTCGCTAAACATGG,0,4186108
yadE_predicted,0.07692307692307693,12,12,TGGCACCGCTTATTCTGCCA,0,4224882
yadE_predicted,0.07692307692307693,12,12,TGGACAGCTAGGAGTCCAAA,0,4214358
yadE_predicted,0.07692307692307693,12,12,TGGAAGTGAGATAAACCGAA,0,4236063
yadE_predicted,0.07692307692307693,12,12,TGCTCAAACTATTTGTTTTC,0,4214147
yadE_predicted,0.07692307692307693,12,12,TGCGCTTTTGCTGGCCGGTT,0,4224897
yadE_predicted,0.07692307692307693,12,12,TGCCTCCAATCTCACGTGTA,0,4204170
yadE_predicted,0.07692307692307693,12,12,TGCCGTACATAGAAAGGTCT,0,4164883
yadE_predicted,0.07692307692307693,12,12,TGCCATGAATCTAGGAGTGA,0,4167532
yadE_predicted,0.07692307692307693,12,12,TGATCCTCGTACCCTGATGT,0,4240850
yadE_predicted,0.07692307692307693,12,12,TGATACAATAGGCATTAGGC,0,4204076
yadE_predicted,0.07692307692307693,12,12,TGAGGGCGGAGCGCGCTGGA,0,4162077
yadE_predicted,0.07692307692307693,12,12,TGAGAGCAGCGGCAAATCCT,0,4196431
yadE_predicted,0.07692307692307693,12,12,TGAGAATGTAGAGGCGCGGT,0,4171679
yadE_predicted,0.07692307692307693,12,12,TGAGAAGACCGGAAGACTTG,0,4223367
yadE_predicted,0.07692307692307693,12,12,TGAAGGGGAGCATCGAATTT,0,4211896
yadE_predicted,0.07692307692307693,12,12,TGAACGGGTACATCTATCCA,0,4170697
yadE_predicted,0.07692307692307693,12,12,TGAACCTCACGGACAACGAA,0,4182227
yadE_predicted,0.07692307692307693,12,12,TGAAATTACTCCTAGGTCAG,0,4219644
yadE_predicted,0.07692307692307693,12,12,TGAAAATGCGAGTTAGATCC,0,4214050
yadE_predicted,0.07692307692307693,12,12,TCTTTTGTACGGAGCGACCA,0,4221111
yadE_predicted,0.07692307692307693,12,12,TCTTGCCTTGGGGTTTTACG,0,4224616
yadE_predicted,0.07692307692307693,12,12,TCTTATTTCATAGATCGATC,0,4182310
yadE_predicted,0.07692307692307693,12,12,TCTGCTCTGGCTCGGTCATT,0,4226929
yadE_predicted,0.07692307692307693,12,12,TCTCAGTAACGCGCTAGTTA,0,4200403
yadE_predicted,0.07692307692307693,12,12,TCTACAACGCTAAAATAATT,0,4222468
yadE_predicted,0.07692307692307693,12,12,TCGGTACCAAAGTCACCAGT,0,4164645
yadE_predicted,0.07692307692307693,12,12,TCGCCTTGACAGGAATGTTT,0,4173853
yadE_predicted,0.07692307692307693,12,12,TCGCCCGTCTTCTTAATCGG,0,4187073
yadE_predicted,0.07692307692307693,12,12,TCGCAGGAATCCCAGACGGC,0,4182119
yadE_predicted,0.07692307692307693,12,12,TCCTGTCCGACAGTAAAGTT,0,4205079
yadE_predicted,0.07692307692307693,12,12,TCCTCCTGGGGGATACAGAT,0,4234412
yadE_predicted,0.07692307692307693,12,12,TCCTCAGCCTGTCCTGTTCT,0,4234607
yadE_predicted,0.07692307692307693,12,12,TCCTATCATTGGATACTGTA,0,4226705
yadE_predicted,0.07692307692307693,12,12,TCCGGTATTGCAACGCTCGT,0,4209953
yadE_predicted,0.07692307692307693,12,12,TCCGGCAGACTCCTACGGGG,0,4224407
yadE_predicted,0.07692307692307693,12,12,TCCGCGTTACAGCGAGGCAT,0,4182000
yadE_predicted,0.07692307692307693,12,12,TCATGGGGTCGTTGAGAATA,0,4162371
yadE_predicted,0.07692307692307693,12,12,TCATACGCCACAAACAACGT,0,4199130
yadE_predicted,0.07692307692307693,12,12,TCAGGTATCCTGCAGAGTTG,0,4236045
yadE_predicted,0.07692307692307693,12,12,TCAGCCACAGTCCGAACGTA,0,4167773
yadE_predicted,0.07692307692307693,12,12,TCAGATTCGCGAACCTCTAA,0,4187607
yadE_predicted,0.07692307692307693,12,12,TCAGATCTTCTTCCCGGGAT,0,4164229
yadE_predicted,0.07692307692307693,12,12,TCACTCAATCGCAGACCTTA,0,4167684
yadE_predicted,0.07692307692307693,12,12,TCACAGGGCGGGTCTTACTG,0,4196144
yadE_predicted,0.07692307692307693,12,12,TCAATCCATAGCCCATACGC,0,4231220
yadE_predicted,0.07692307692307693,12,12,TCAAAGGGTGGCGCTGTTTT,0,4168823
yadE_predicted,0.07692307692307693,12,12,TATTTAATAGATTCGACGGC,0,4201440
yadE_predicted,0.07692307692307693,12,12,TATTGATTGATTCCCTAAAG,0,4181884
yadE_predicted,0.07692307692307693,12,12,TATATATCGGAAGGCAGCCT,0,4159535
yadE_predicted,0.07692307692307693,12,12,TATAGTATGTGAGAGGTCTA,0,4224305
yadE_predicted,0.07692307692307693,12,12,TATAGCTTGGGTTAATTTTA,0,4239756
yadE_predicted,0.07692307692307693,12,12,TATACATAGGCCCAGTAGCT,0,4183563
yadE_predicted,0.07692307692307693,12,12,TAGGGTATTTGTAGCAATCT,0,4167502
yadE_predicted,0.07692307692307693,12,12,TAGGAGAGATAGTATAATCA,0,4236352
yadE_predicted,0.07692307692307693,12,12,TAGGACCGTGCCGGCTTTCT,0,4208536
yadE_predicted,0.07692307692307693,12,12,TAGCGATGGAGTGTAGACAC,0,4163596
yadE_predicted,0.07692307692307693,12,12,TAGCAGGTACTCGAGGCCTA,0,4233552
yadE_predicted,0.07692307692307693,12,12,TAGCACGTGGGCGCGATTCA,0,4222412
yadE_predicted,0.07692307692307693,12,12,TAGAAGGGTCGTAAGATCGC,0,4206820
yadE_predicted,0.07692307692307693,12,12,TACTGTCTCGTTGAATATAG,0,4169904
yadE_predicted,0.07692307692307693,12,12,TACTCCCGACCCCAATTTGT,0,4236082
yadE_predicted,0.07692307692307693,12,12,TACTCCCATCCAATTCCGTG,0,4205023
yadE_predicted,0.07692307692307693,12,12,TACTCCCAGGGGACCGCCAA,0,4170073
yadE_predicted,0.07692307692307693,12,12,TACTATAACTGCAGTCACGG,0,4195318
yadE_predicted,0.07692307692307693,12,12,TACGTGACCACAGCCGATGC,0,4186350
yadE_predicted,0.07692307692307693,12,12,TACCGCATCTGCCCGAGTTC,0,4189902
yadE_predicted,0.07692307692307693,12,12,TACATATGATCTGAACCAAC,0,4221508
yadE_predicted,0.07692307692307693,12,12,TAATTCTCATGCTTCAAATG,0,4170367
yadE_predicted,0.07692307692307693,12,12,TAAGTGGCAATGGCTAGCAA,0,4207222
yadE_predicted,0.07692307692307693,12,12,TAAGTCGTTCAAGGCGTCCA,0,4231588
yadE_predicted,0.07692307692307693,12,12,TAAGGATCAATCCAACAGAA,0,4212093
yadE_predicted,0.07692307692307693,12,12,TAAGAGGGGGTGCACAATGA,0,4185257
yadE_predicted,0.07692307692307693,12,12,TAAGAGATATTTTATGATCA,0,4194965
yadE_predicted,0.07692307692307693,12,12,TAACAAGCCCCGTTAGTCTA,0,4167656
yadE_predicted,0.07692307692307693,12,12,TAAATCCCGCACTTCCGCAG,0,4222439
yadE_predicted,0.07692307692307693,12,12,TAAATCCCACACCTAATATG,0,4231594
yadE_predicted,0.07692307692307693,12,12,TAAACCTGGCGCTATGCGTT,0,4219193
yadE_predicted,0.07692307692307693,12,12,GTTGGGTGGTAGTGTGAACC,0,4196680
yadE_predicted,0.07692307692307693,12,12,GTTGGCTCCGGACCCAGATA,0,4235569
yadE_predicted,0.07692307692307693,12,12,GTTGCCCGTGACGTTTCGCA,0,4219832
yadE_predicted,0.07692307692307693,12,12,GTTATTATGTGTATGCACGA,0,4181547
yadE_predicted,0.07692307692307693,12,12,GTGTCCTTCTTTACAGTTTG,0,4236348
yadE_predicted,0.07692307692307693,12,12,GTGTCATCGCAAGCGCTGGT,0,4175679
yadE_predicted,0.07692307692307693,12,12,GTGGTCACCTGAGTCATATT,0,4234537
yadE_predicted,0.07692307692307693,12,12,GTGGCGGATCCACGGACAAG,0,4202007
yadE_predicted,0.07692307692307693,12,12,GTGGCACCGGCGACCAACTA,0,4172035
yadE_predicted,0.07692307692307693,12,12,GTGGATCCCTATGAAATGGG,0,4200329
yadE_predicted,0.07692307692307693,12,12,GTGATTGCTAATTGCATTCA,0,4223217
yadE_predicted,0.07692307692307693,12,12,GTGAGCTCGGCCTTTAATTT,0,4204910
yadE_predicted,0.07692307692307693,12,12,GTGACTTCTAAGTCTCTTCG,0,4161912
yadE_predicted,0.07692307692307693,12,12,GTGAAGTTTAGATGAGAGCC,0,4173044
yadE_predicted,0.07692307692307693,12,12,GTCTCAGTGGTCCTATATTA,0,4173034
yadE_predicted,0.07692307692307693,12,12,GTCTATCACGGGGGCTGGGG,0,4238269
yadE_predicted,0.07692307692307693,12,12,GTCTACGTCCATGGCTCTAA,0,4185098
yadE_predicted,0.07692307692307693,12,12,GTCGTGTTATTCTTGGCTGA,0,4191202
yadE_predicted,0.07692307692307693,12,12,GTCCTTCGTGGACTCCTCAC,0,4219898
yadE_predicted,0.07692307692307693,12,12,GTCCGTTGAATTCCGTGCCT,0,4214347
yadE_predicted,0.07692307692307693,12,12,GTCCAGGTACAGAAAAGGTA,0,4211512
yadE_predicted,0.07692307692307693,12,12,GTCCAATGGTGAACCCAGAC,0,4183324
yadE_predicted,0.07692307692307693,12,12,GTCATCAGCTGTGCCATGAA,0,4218422
yadE_predicted,0.07692307692307693,12,12,GTCAGTCGGTCCGACTTTGT,0,4160700
yadE_predicted,0.07692307692307693,12,12,GTCAACTGTACATTTGACGA,0,4178366
yadE_predicted,0.07692307692307693,12,12,GTATTTTTAGGAATCCTCTA,0,4189560
yadE_predicted,0.07692307692307693,12,12,GTATTGAACCCGGAAGCGGG,0,4207944
yadE_predicted,0.07692307692307693,12,12,GTATGTATAACGAGACTTTC,0,4166679
yadE_predicted,0.07692307692307693,12,12,GTAGTTCTGGAGGTTGTGCG,0,4228753
yadE_predicted,0.07692307692307693,12,12,GTAGCATTGTATAACCCTGC,0,4180768
yadE_predicted,0.07692307692307693,12,12,GTAGAAGAGTTTTCTTCCTA,0,4188331
yadE_predicted,0.07692307692307693,12,12,GTAATTTGGTGGCTGGTTAC,0,4216052
yadE_predicted,0.07692307692307693,12,12,GTAACGATGTTTTTACGATT,0,4201575
yadE_predicted,0.07692307692307693,12,12,GGTTTTGAGGTTTTTCGATT,0,4205797
yadE_predicted,0.07692307692307693,12,12,GGTTTAGTCCTGAAAGTTCG,0,4178143
yadE_predicted,0.07692307692307693,12,12,GGTTCCTTTGTCCAACCAAG,0,4230808
yadE_predicted,0.07692307692307693,12,12,GGTGTCCTGGCGCTAGGACG,0,4197023
yadE_predicted,0.07692307692307693,12,12,GGTGTCCATGCAAGTGTATA,0,4231600
yadE_predicted,0.07692307692307693,12,12,GGTGTATTGTTGAAGGGGGG,0,4202791
yadE_predicted,0.07692307692307693,12,12,GGTGGTTTGTGGCAATAACT,0,4164168
yadE_predicted,0.07692307692307693,12,12,GGTCCATATCTATGGGAGAG,0,4167739
yadE_predicted,0.07692307692307693,12,12,GGTAGGGGCCTCGGTTTTTG,0,4231461
yadE_predicted,0.07692307692307693,12,12,GGTAGATCCTTGTAAGGAAG,0,4219449
yadE_predicted,0.07692307692307693,12,12,GGGGTTGGCAGGTGGCCGTT,0,4173574
yadE_predicted,0.07692307692307693,12,12,GGGGGGTCAGCCGGGGCGCG,0,4234661
yadE_predicted,0.07692307692307693,12,12,GGGGGATTGACGTTAAGCAT,0,4186775
yadE_predicted,0.07692307692307693,12,12,GGGGATACGTTGGGATTAAG,0,4191084
yadE_predicted,0.07692307692307693,12,12,GGGCTTCCGTTGCTTGACTA,0,4216931
yadE_predicted,0.07692307692307693,12,12,GGGCTCGGCGCTATCCTCGT,0,4202513
yadE_predicted,0.07692307692307693,12,12,GGGATTATTTCATAGCGTAA,0,4197648
yadE_predicted,0.07692307692307693,12,12,GGGATCCATGCCTACTGTCA,0,4226175
yadE_predicted,0.07692307692307693,12,12,GGGAGTTGTGTGTTGGAAAG,0,4178991
yadE_predicted,0.07692307692307693,12,12,GGGAGGCCCCTTTTGATTCC,0,4210165
yadE_predicted,0.07692307692307693,12,12,GGGAGCCCCCGACGGAGCCA,0,4225964
yadE_predicted,0.07692307692307693,12,12,GGGAAGTACGCAAGGTTCGG,0,4199595
yadE_predicted,0.07692307692307693,12,12,GGGAAATAATACAATGACCT,0,4206027
yadE_predicted,0.07692307692307693,12,12,GGCTTTGTCCCCTAATGATA,0,4236803
yadE_predicted,0.07692307692307693,12,12,GGCTTGACGTCTTGAATTGG,0,4174359
yadE_predicted,0.07692307692307693,12,12,GGCTCAAGGAGAAACTCACA,0,4200585
yadE_predicted,0.07692307692307693,12,12,GGCGGGTCATTCCTCCGCCA,0,4167074
yadE_predicted,0.07692307692307693,12,12,GGCGATTGCGATTGGGCATA,0,4218884
yadE_predicted,0.07692307692307693,12,12,GGCCTAGGGCAGGGCCTCCA,0,4209335
yadE_predicted,0.07692307692307693,12,12,GGCCCTAACAGAAGGGAGCA,0,4219394
yadE_predicted,0.07692307692307693,12,12,GGCCACCGTAGCATTCATAC,0,4218874
yadE_predicted,0.07692307692307693,12,12,GGCATTGTTGCCTACTTCTG,0,4227085
yadE_predicted,0.07692307692307693,12,12,GGCAATGGATGGCGCAATCT,0,4235781
yadE_predicted,0.07692307692307693,12,12,GGAGGTAAACTGAAGATAAA,0,4180445
yadE_predicted,0.07692307692307693,12,12,GGAGCGACATCCACGTTGCA,0,4203937
yadE_predicted,0.07692307692307693,12,12,GGAGAGGTCCGAACTAAACT,0,4189729
yadE_predicted,0.07692307692307693,12,12,GGACCGGTGAGACGATGAGA,0,4174950
yadE_predicted,0.07692307692307693,12,12,GGAATATCTTTACGAAGGGA,0,4240862
yadE_predicted,0.07692307692307693,12,12,GGAAACGCCGAGTGCCACCT,0,4223625
yadE_predicted,0.07692307692307693,12,12,GCTTGCCATACGTCACGATA,0,4185687
yadE_predicted,0.07692307692307693,12,12,GCTGGGAGCCACGTTCACGT,0,4197222
yadE_predicted,0.07692307692307693,12,12,GCTGCACAATAAGTATGTAT,0,4205449
yadE_predicted,0.07692307692307693,12,12,GCTCTTACCCCTCTTGTCAA,0,4172065
yadE_predicted,0.07692307692307693,12,12,GCTCTAACTCAAGAATCGTA,0,4233619
yadE_predicted,0.07692307692307693,12,12,GCTCAAGGAACGAGTAAAGC,0,4179993
yadE_predicted,0.07692307692307693,12,12,GCGTTGAAACCCTGGCAAAC,0,4205348
yadE_predicted,0.07692307692307693,12,12,GCGTTCTTAAGTACGGGTTG,0,4212571
yadE_predicted,0.07692307692307693,12,12,GCGTAGTGATGAGGTGTGGT,0,4231218
yadE_predicted,0.07692307692307693,12,12,GCGGGGTCTCTATGAGCAAA,0,4231619
yadE_predicted,0.07692307692307693,12,12,GCGGGCTTCGATCACACCGT,0,4162666
yadE_predicted,0.07692307692307693,12,12,GCGGCTCGTTCCATCGGTTG,0,4240396
yadE_predicted,0.07692307692307693,12,12,GCGGCGGTCATTGATTCGCT,0,4188027
yadE_predicted,0.07692307692307693,12,12,GCGGCATGCTTGCGCCGCAT,0,4180039
yadE_predicted,0.07692307692307693,12,12,GCGCTTGTTTCCTCAGGCCG,0,4180788
yadE_predicted,0.07692307692307693,12,12,GCGCTATAGGACACTCGCGA,0,4191855
yadE_predicted,0.07692307692307693,12,12,GCGCGTCTACTCCTATTTCA,0,4225442
yadE_predicted,0.07692307692307693,12,12,GCGCCGATAACCGACGAAGC,0,4197624
yadE_predicted,0.07692307692307693,12,12,GCGCAACGCATTGTCACGCA,0,4190751
yadE_predicted,0.07692307692307693,12,12,GCGATGTCCACCCTGTGCGA,0,4211969
yadE_predicted,0.07692307692307693,12,12,GCGATATTGCATCCTGGAAA,0,4212828
yadE_predicted,0.07692307692307693,12,12,GCCTGCCCTATTAAGCGGCT,0,4203719
yadE_predicted,0.07692307692307693,12,12,GCCGTTATTGGAAGTCCACG,0,4190332
yadE_predicted,0.07692307692307693,12,12,GCCGGTCAGACTTCGGTTAT,0,4240251
yadE_predicted,0.07692307692307693,12,12,GCCGCCAGTTGTTACGCGGT,0,4208782
yadE_predicted,0.07692307692307693,12,12,GCCGATGAGACAGCGCTACA,0,4238851
yadE_predicted,0.07692307692307693,12,12,GCCCTTACGACCCTCCAAGC,0,4195098
yadE_predicted,0.07692307692307693,12,12,GCCCGGTGTAGCATATTATA,0,4167071
yadE_predicted,0.07692307692307693,12,12,GCCAGTTCCAGCAGTAGCAT,0,4191247
yadE_predicted,0.07692307692307693,12,12,GCCAGCTAAATATTTTCTGC,0,4206535
yadE_predicted,0.07692307692307693,12,12,GCCAGAGCTTTCCAACGACA,0,4201022
yadE_predicted,0.07692307692307693,12,12,GCCAAGTTGGATGCAAAGTC,0,4184794
yadE_predicted,0.07692307692307693,12,12,GCAGGCCTCACAGGTTTCGT,0,4195066
yadE_predicted,0.07692307692307693,12,12,GCAACATCAGGTAAGTGTGG,0,4215897
yadE_predicted,0.07692307692307693,12,12,GCAAATTATCAAGCAGTCCA,0,4206312
yadE_predicted,0.07692307692307693,12,12,GCAAAATAACGAAGGGGGAC,0,4187961
yadE_predicted,0.07692307692307693,12,12,GATTCCGTGGGTTCGGCCGA,0,4225882
yadE_predicted,0.07692307692307693,12,12,GATTACTGCTCTGCTGATCT,0,4221051
yadE_predicted,0.07692307692307693,12,12,GATCTATGGACGTTCAAGAA,0,4203262
yadE_predicted,0.07692307692307693,12,12,GATCTAGTGGCGGTCCGCCA,0,4171513
yadE_predicted,0.07692307692307693,12,12,GATCGTCCCTGCCTCCTATC,0,4196724
yadE_predicted,0.07692307692307693,12,12,GATACGTTACGCTATCCTGT,0,4160677
yadE_predicted,0.07692307692307693,12,12,GAGTGTGGATTGCACGGATC,0,4169533
yadE_predicted,0.07692307692307693,12,12,GAGTCGAATTTTTCCCGCCC,0,4206951
yadE_predicted,0.07692307692307693,12,12,GAGGAATTATCGTTCCCAGC,0,4200461
yadE_predicted,0.07692307692307693,12,12,GAGCCCACTGTACTATTTCC,0,4240567
yadE_predicted,0.07692307692307693,12,12,GACTAGGTTGTAGCCCTACA,0,4180709
yadE_predicted,0.07692307692307693,12,12,GACTAAAACTGTCAATTGTT,0,4229641
yadE_predicted,0.07692307692307693,12,12,GACGCGTACCGACTTATACC,0,4239110
yadE_predicted,0.07692307692307693,12,12,GACGCAATCATACTCGAGGA,0,4188405
yadE_predicted,0.07692307692307693,12,12,GACCGTTCCACGCTCACCCA,0,4203690
yadE_predicted,0.07692307692307693,12,12,GACCGCAGTGGACTATACTC,0,4202500
yadE_predicted,0.07692307692307693,12,12,GACATGTGTTTTCTTACGTA,0,4191758
yadE_predicted,0.07692307692307693,12,12,GACAGGAGGGTGTTACTTGT,0,4199208
yadE_predicted,0.07692307692307693,12,12,GAAGGTATACGTAAATGTTG,0,4164908
yadE_predicted,0.07692307692307693,12,12,GAACGTTACAGGGATAATAC,0,4174957
yadE_predicted,0.07692307692307693,12,12,GAACGCTTTAAACGACCGAT,0,4194899
yadE_predicted,0.07692307692307693,12,12,GAACATTTCCTATATAGGGC,0,4205880
yadE_predicted,0.07692307692307693,12,12,GAAATGTTCCATGTCCACCC,0,4226302
yadE_predicted,0.07692307692307693,12,12,GAAAGCATAGCGACACTTGT,0,4212067
yadE_predicted,0.07692307692307693,12,12,GAAAGCAGCTCAGGGCTTAC,0,4205413
yadE_predicted,0.07692307692307693,12,12,CTTTGGTACGAGTTCGGGGC,0,4226902
yadE_predicted,0.07692307692307693,12,12,CTTTGCTGTAACTTCTAGCG,0,4199351
yadE_predicted,0.07692307692307693,12,12,CTTTCGGATGCGGCGTAACG,0,4224665
yadE_predicted,0.07692307692307693,12,12,CTTTAAGACATAATGGGGAA,0,4189848
yadE_predicted,0.07692307692307693,12,12,CTTGCGTCGTCGGGTTTACG,0,4221352
yadE_predicted,0.07692307692307693,12,12,CTTCGGGACTGTATCCGTTT,0,4210307
yadE_predicted,0.07692307692307693,12,12,CTTCCACGGCGTCTAATACT,0,4223048
yadE_predicted,0.07692307692307693,12,12,CTTCACCATCCCTAGCATGT,0,4166177
yadE_predicted,0.07692307692307693,12,12,CTTAAGGTGGGAACACGAGC,0,4175420
yadE_predicted,0.07692307692307693,12,12,CTGTTGGGCGGAAGACTATT,0,4174951
yadE_predicted,0.07692307692307693,12,12,CTGGTGGAGGGGGCATTTTT,0,4168703
yadE_predicted,0.07692307692307693,12,12,CTGAGAGCGGCCTGCATGCC,0,4215376
yadE_predicted,0.07692307692307693,12,12,CTGAAATCATAGGAACTTTA,0,4167492
yadE_predicted,0.07692307692307693,12,12,CTCTTATTAAGCTACGAAGA,0,4193036
yadE_predicted,0.07692307692307693,12,12,CTCTGTTTGAACCGGATTAA,0,4193850
yadE_predicted,0.07692307692307693,12,12,CTCGTGGAACCGGGGCCGCT,0,4227364
yadE_predicted,0.07692307692307693,12,12,CTCGCCCAATGATGACGGCT,0,4186697
yadE_predicted,0.07692307692307693,12,12,CTCGAGAAGCGAGGGGATAG,0,4203744
yadE_predicted,0.07692307692307693,12,12,CTCCATAACACCAACTCTCT,0,4198025
yadE_predicted,0.07692307692307693,12,12,CTCCAACACAGCACTGTAGA,0,4240923
yadE_predicted,0.07692307692307693,12,12,CTCAAGCTGGCATCACGAGA,0,4207094
yadE_predicted,0.07692307692307693,12,12,CTATCCCCCCTACGTGGAGT,0,4200608
yadE_predicted,0.07692307692307693,12,12,CTAGTTTGGTGGGCCTCTAA,0,4187704
yadE_predicted,0.07692307692307693,12,12,CTAGTCTGACTTCCTTTTGG,0,4185200
yadE_predicted,0.07692307692307693,12,12,CTACCGTACCTCCGCGACAT,0,4189267
yadE_predicted,0.07692307692307693,12,12,CTAAGGCCATCGGATTTCCC,0,4201843
yadE_predicted,0.07692307692307693,12,12,CTAACCATTTAGACCAGCTC,0,4232157
yadE_predicted,0.07692307692307693,12,12,CGTTTCCTAGGGATGCCCTA,0,4194453
yadE_predicted,0.07692307692307693,12,12,CGTTCGGCTGAGTGCCCCGA,0,4205304
yadE_predicted,0.07692307692307693,12,12,CGTGTGAGTGGAGATCGCTG,0,4177196
yadE_predicted,0.07692307692307693,12,12,CGTGGTACATTCCGGCCCGG,0,4204301
yadE_predicted,0.07692307692307693,12,12,CGTGCGGGTTGTGGATCAGC,0,4239360
yadE_predicted,0.07692307692307693,12,12,CGTCGCTCTAGGAGCTGATA,0,4168109
yadE_predicted,0.07692307692307693,12,12,CGTAATCGACCGGGAGAAAA,0,4207214
yadE_predicted,0.07692307692307693,12,12,CGGGCTACGCCCATCTGCCT,0,4236297
yadE_predicted,0.07692307692307693,12,12,CGGCAATTGCAGCATCGATT,0,4219612
yadE_predicted,0.07692307692307693,12,12,CGGAGTTTCATAGTGAGCCT,0,4221410
yadE_predicted,0.07692307692307693,12,12,CGGAGGCAATCATGGCTCTT,0,4168263
yadE_predicted,0.07692307692307693,12,12,CGGACCTCGGATCATGGACA,0,4196557
yadE_predicted,0.07692307692307693,12,12,CGGAAGTCGATGGCCATAAT,0,4238226
yadE_predicted,0.07692307692307693,12,12,CGGAAAACTATTGGGCTTGG,0,4206760
yadE_predicted,0.07692307692307693,12,12,CGCTTTTTTAGTAAGCTCCA,0,4192404
yadE_predicted,0.07692307692307693,12,12,CGCTTGGGGGGTCGAGCCGT,0,4227167
yadE_predicted,0.07692307692307693,12,12,CGCTCGCATCAGCTCTTGCC,0,4219189
yadE_predicted,0.07692307692307693,12,12,CGCTCCCTCACACGGCATGG,0,4213216
yadE_predicted,0.07692307692307693,12,12,CGCGGTCTCACGAGTACTAT,0,4196518
yadE_predicted,0.07692307692307693,12,12,CGCGGCATGACCTTCTCTTT,0,4176962
yadE_predicted,0.07692307692307693,12,12,CGCGCGGGGTAACTCTACCG,0,4167949
yadE_predicted,0.07692307692307693,12,12,CGCCGCGATACACGGACTGG,0,4203107
yadE_predicted,0.07692307692307693,12,12,CGCCGATAGAAAACACTACT,0,4167530
yadE_predicted,0.07692307692307693,12,12,CGCCGACTGCCTTGATCCTC,0,4197218
yadE_predicted,0.07692307692307693,12,12,CGCCCCGCCGGTCCGTCGAT,0,4237283
yadE_predicted,0.07692307692307693,12,12,CGCATCTTAAGTACACACGG,0,4228325
yadE_predicted,0.07692307692307693,12,12,CGCACCCGCAAGCTGCTAGG,0,4163783
yadE_predicted,0.07692307692307693,12,12,CGCACCAAAGGTTCATCAGC,0,4236346
yadE_predicted,0.07692307692307693,12,12,CGCAAATCCTCATTAGTGAT,0,4232219
yadE_predicted,0.07692307692307693,12,12,CGATTTACATGAAGACCTTT,0,4222447
yadE_predicted,0.07692307692307693,12,12,CGATGCCTAAGAGCGTGCCA,0,4181338
yadE_predicted,0.07692307692307693,12,12,CGAGAACTCTCACCTTAGGG,0,4195052
yadE_predicted,0.07692307692307693,12,12,CGACGTGACGCGGACAGCCT,0,4215931
yadE_predicted,0.07692307692307693,12,12,CGACGCGACGTGCAGCATGT,0,4222969
yadE_predicted,0.07692307692307693,12,12,CGAACGCTCAATAGACACGC,0,4227563
yadE_predicted,0.07692307692307693,12,12,CCTTGGGTGGCCCACGACTG,0,4175414
yadE_predicted,0.07692307692307693,12,12,CCTGTAGACGTGCAAGCGTC,0,4175310
yadE_predicted,0.07692307692307693,12,12,CCTGGTTTAACTCCTTTAGT,0,4217105
yadE_predicted,0.07692307692307693,12,12,CCTCTATTAGGACCAGCGAT,0,4181994
yadE_predicted,0.07692307692307693,12,12,CCTATTGTAGCTGCCAGGCG,0,4201664
yadE_predicted,0.07692307692307693,12,12,CCTAGGCCAACATCGTGCGA,0,4224728
yadE_predicted,0.07692307692307693,12,12,CCTACATTATCCGGACGCAT,0,4209346
yadE_predicted,0.07692307692307693,12,12,CCGTTCAGGCTAGAGGAGCT,0,4216477
yadE_predicted,0.07692307692307693,12,12,CCGTGATATGTCTTATGTCC,0,4199184
yadE_predicted,0.07692307692307693,12,12,CCGTCGATAAACCACCTAGT,0,4230589
yadE_predicted,0.07692307692307693,12,12,CCGTAACTGATTACCGGGGA,0,4190276
yadE_predicted,0.07692307692307693,12,12,CCGGTTCTTTTCCCATAGGA,0,4213699
yadE_predicted,0.07692307692307693,12,12,CCGGTCGTCGTCGCTAACGG,0,4213439
yadE_predicted,0.07692307692307693,12,12,CCGGGTTTTAACCTTGGAAA,0,4237658
yadE_predicted,0.07692307692307693,12,12,CCGGCCGGGTGTCCCTGCGA,0,4226789
yadE_predicted,0.07692307692307693,12,12,CCGGATCCTCACACTAGATA,0,4181833
yadE_predicted,0.07692307692307693,12,12,CCGCGGTCTACTATTACTAT,0,4182314
yadE_predicted,0.07692307692307693,12,12,CCGCGCTCATGCGTCTGGCG,0,4166412
yadE_predicted,0.07692307692307693,12,12,CCGCCCTCAGCGTGCCGCCG,0,4212258
yadE_predicted,0.07692307692307693,12,12,CCGATACCATGAGGATGAAT,0,4239170
yadE_predicted,0.07692307692307693,12,12,CCCGCTTCAAATCGGCAGTA,0,4174770
yadE_predicted,0.07692307692307693,12,12,CCCGCGCTGCGCCGGGAAAA,0,4173026
yadE_predicted,0.07692307692307693,12,12,CCCGCCCGGAACATACCGTG,0,4225844
yadE_predicted,0.07692307692307693,12,12,CCCGAAATTTCAAGTGTATT,0,4217106
yadE_predicted,0.07692307692307693,12,12,CCCCTTGTAGTTGGAGAGAT,0,4166322
yadE_predicted,0.07692307692307693,12,12,CCCCTCGGCTAACCATAATC,0,4179777
yadE_predicted,0.07692307692307693,12,12,CCCCGGGTACCATTCTAAGC,0,4231730
yadE_predicted,0.07692307692307693,12,12,CCCATGCGAGTTTTAACCAT,0,4189667
yadE_predicted,0.07692307692307693,12,12,CCCACCTCCAGAGTTCTGCC,0,4225990
yadE_predicted,0.07692307692307693,12,12,CCATGCCTATCTAGCACGCA,0,4216695
yadE_predicted,0.07692307692307693,12,12,CCATGCCCAGCTCGTACGGG,0,4213784
yadE_predicted,0.07692307692307693,12,12,CCAGTCCGGACTTTCGTGAT,0,4165001
yadE_predicted,0.07692307692307693,12,12,CCAGCGGCAATATCATCTGT,0,4186476
yadE_predicted,0.07692307692307693,12,12,CCACTATGACAACATATTGA,0,4163148
yadE_predicted,0.07692307692307693,12,12,CCACGAACTCTAAGCATTGC,0,4205597
yadE_predicted,0.07692307692307693,12,12,CCACCGCCGAAAGGACGGCA,0,4185070
yadE_predicted,0.07692307692307693,12,12,CCACACAGGGTTGGTCTAAC,0,4178018
yadE_predicted,0.07692307692307693,12,12,CCAAGACTCGGCCCGCACGC,0,4193390
yadE_predicted,0.07692307692307693,12,12,CATTCTTCTGTGTAAATCTG,0,4201395
yadE_predicted,0.07692307692307693,12,12,CATTCGATTTTCAGAGGTCG,0,4206973
yadE_predicted,0.07692307692307693,12,12,CATTCCGCTATCCGATTTAT,0,4195632
yadE_predicted,0.07692307692307693,12,12,CATGTGCTTCCGTTTAGCCA,0,4176102
yadE_predicted,0.07692307692307693,12,12,CATGGTTTAAAGGACCCATA,0,4187641
yadE_predicted,0.07692307692307693,12,12,CATGACACATACGCCCTATA,0,4207669
yadE_predicted,0.07692307692307693,12,12,CATGAAGATTCGTAAACACT,0,4165213
yadE_predicted,0.07692307692307693,12,12,CATCGTTGTGACAACAATGT,0,4179932
yadE_predicted,0.07692307692307693,12,12,CATAGTGCATTCTAATCGAG,0,4182127
yadE_predicted,0.07692307692307693,12,12,CATAATGTCGCGCGCCGTTG,0,4240130
yadE_predicted,0.07692307692307693,12,12,CAGTTAGGTGAGGGGACAGG,0,4226551
yadE_predicted,0.07692307692307693,12,12,CAGTCCAGGAGAAGCCGGTA,0,4196419
yadE_predicted,0.07692307692307693,12,12,CAGTAAACAGGCCCATATGA,0,4229382
yadE_predicted,0.07692307692307693,12,12,CAGGGTTCGGTTTTAGACCG,0,4209952
yadE_predicted,0.07692307692307693,12,12,CAGGATACTTATCATGGCCA,0,4225195
yadE_predicted,0.07692307692307693,12,12,CAGAGCCGATCGACAACCGC,0,4220322
yadE_predicted,0.07692307692307693,12,12,CAGAGAGGCGTAAGAGACCA,0,4218836
yadE_predicted,0.07692307692307693,12,12,CAGAACCAGCATGCTACTGT,0,4219297
yadE_predicted,0.07692307692307693,12,12,CACTTCGGTTATTGAGCCGT,0,4159699
yadE_predicted,0.07692307692307693,12,12,CACGTGATGCATGACAGAGC,0,4217662
yadE_predicted,0.07692307692307693,12,12,CACGGGTGAGGCAAGGGACA,0,4176325
yadE_predicted,0.07692307692307693,12,12,CACGATGTCACTTGCCGCAT,0,4196411
yadE_predicted,0.07692307692307693,12,12,CACCTGTCCGGATATAGCTC,0,4180041
yadE_predicted,0.07692307692307693,12,12,CACCTATTCGACAACTTATC,0,4189810
yadE_predicted,0.07692307692307693,12,12,CACAGAATCGTGATACTTTA,0,4195884
yadE_predicted,0.07692307692307693,12,12,CACACCGTAAAACGTGCCCG,0,4229723
yadE_predicted,0.07692307692307693,12,12,CAATTTAGACGCGAAGCCGT,0,4183111
yadE_predicted,0.07692307692307693,12,12,CAATTCCCTTAGGCCAAGCT,0,4223031
yadE_predicted,0.07692307692307693,12,12,CAATCAGCGTTTGACACCGG,0,4222154
yadE_predicted,0.07692307692307693,12,12,CAACCGCTTGTAAGGGGGGT,0,4198375
yadE_predicted,0.07692307692307693,12,12,CAACAGGAATTGTCTAATCG,0,4197091
yadE_predicted,0.07692307692307693,12,12,CAACAGCGAGAGGAGCAGTG,0,4199312
yadE_predicted,0.07692307692307693,12,12,CAAAGGTTGTACGACTGAGG,0,4221502
yadE_predicted,0.07692307692307693,12,12,CAAAGGCATCATAAAATTGA,0,4166126
yadE_predicted,0.07692307692307693,12,12,CAAACGTAACTCGGGTTTCT,0,4228037
yadE_predicted,0.07692307692307693,12,12,CAAACAATCTGCACGACACT,0,4159701
yadE_predicted,0.07692307692307693,12,12,ATTTATTCCTGCCCGGAAAA,0,4225579
yadE_predicted,0.07692307692307693,12,12,ATTTAAGACTTTACCGGTAG,0,4168455
yadE_predicted,0.07692307692307693,12,12,ATTGACGGGGTCAGTGAATA,0,4218759
yadE_predicted,0.07692307692307693,12,12,ATTCCAGGATCCATTCGGGA,0,4228340
yadE_predicted,0.07692307692307693,12,12,ATTATACGTCTGCAGCTCTA,0,4192036
yadE_predicted,0.07692307692307693,12,12,ATTAGATTTCTCGTGCCCGC,0,4233020
yadE_predicted,0.07692307692307693,12,12,ATTAAGCGCCATTTCCGGAT,0,4233731
yadE_predicted,0.07692307692307693,12,12,ATGTACCACCTAGAAGCCCG,0,4209445
yadE_predicted,0.07692307692307693,12,12,ATGGAAATCAAAGGACACCT,0,4165328
yadE_predicted,0.07692307692307693,12,12,ATGCTAAGCTTAATATCATA,0,4173264
yadE_predicted,0.07692307692307693,12,12,ATGAATTCTACAGCGGCTAG,0,4180453
yadE_predicted,0.07692307692307693,12,12,ATGAACGATTTGCTTGCGTC,0,4232093
yadE_predicted,0.07692307692307693,12,12,ATGAAATTGAACAGTGGTAG,0,4165382
yadE_predicted,0.07692307692307693,12,12,ATCTTTGCTAGCCATTCGAA,0,4217420
yadE_predicted,0.07692307692307693,12,12,ATCTAAACTCCTGGTTGGTC,0,4221261
yadE_predicted,0.07692307692307693,12,12,ATCGGCCCAGACTGCAACAC,0,4219562
yadE_predicted,0.07692307692307693,12,12,ATCGAAGCGTCGTCGCCCGA,0,4183509
yadE_predicted,0.07692307692307693,12,12,ATCCGGTTATGGTGTGGAAA,0,4163196
yadE_predicted,0.07692307692307693,12,12,ATCCCGTGTGTAAACGGCGC,0,4172672
yadE_predicted,0.07692307692307693,12,12,ATCAGTCTGTAGCCGGTCCA,0,4187395
yadE_predicted,0.07692307692307693,12,12,ATCACCGGGTCTGAGTTGGT,0,4197451
yadE_predicted,0.07692307692307693,12,12,ATATCTTTAGCTTCTCGCCA,0,4200968
yadE_predicted,0.07692307692307693,12,12,ATATCTGTCTGGTCATATAT,0,4214237
yadE_predicted,0.07692307692307693,12,12,ATATCGATGACAATCTACCA,0,4201152
yadE_predicted,0.07692307692307693,12,12,ATATCGACGCGTTCGCTTTA,0,4189145
yadE_predicted,0.07692307692307693,12,12,ATAGGTACCACATACCAAAT,0,4238229
yadE_predicted,0.07692307692307693,12,12,ATAGATGTGACAGTAATATA,0,4202249
yadE_predicted,0.07692307692307693,12,12,ATACATGCAATCGGGCGCAA,0,4205261
yadE_predicted,0.07692307692307693,12,12,ATAAAGCAGATGAATCTGTC,0,4187392
yadE_predicted,0.07692307692307693,12,12,ATAAACCTACTAACGCGATA,0,4172901
yadE_predicted,0.07692307692307693,12,12,AGTTAGACCGAAATACCAGT,0,4227103
yadE_predicted,0.07692307692307693,12,12,AGTGCGATTAGTCTAACTCA,0,4183066
yadE_predicted,0.07692307692307693,12,12,AGTGAACACTGCGTGAACGT,0,4194324
yadE_predicted,0.07692307692307693,12,12,AGTCGGCCAACCGTTAAGTT,0,4210928
yadE_predicted,0.07692307692307693,12,12,AGTATTGCTACAATATCAAT,0,4166282
yadE_predicted,0.07692307692307693,12,12,AGTACCTTACCAGGACCAAT,0,4199517
yadE_predicted,0.07692307692307693,12,12,AGGTTCCGTTTAATGCGTGC,0,4194839
yadE_predicted,0.07692307692307693,12,12,AGGTTATGTAACACTTTTTC,0,4206541
yadE_predicted,0.07692307692307693,12,12,AGGTTATACTCCGTCGGGAG,0,4188692
yadE_predicted,0.07692307692307693,12,12,AGGTCCAAACTTGGTTCACG,0,4195652
yadE_predicted,0.07692307692307693,12,12,AGGTCAAGGGATCTATAACA,0,4216484
yadE_predicted,0.07692307692307693,12,12,AGGTAATGTCCCGGCGGACC,0,4178237
yadE_predicted,0.07692307692307693,12,12,AGGGGGGTCATCTCTTTGTG,0,4235231
yadE_predicted,0.07692307692307693,12,12,AGGGGATAAAGCTTGCATTC,0,4217269
yadE_predicted,0.07692307692307693,12,12,AGGGCCTGGTGACGCTCTGT,0,4219167
yadE_predicted,0.07692307692307693,12,12,AGGGCAGACTGAAGTACAAG,0,4184311
yadE_predicted,0.07692307692307693,12,12,AGGCTTATTGGCGGTTGCAG,0,4222385
yadE_predicted,0.07692307692307693,12,12,AGGAGCAGTTGTTGCTAAAT,0,4187264
yadE_predicted,0.07692307692307693,12,12,AGCTTCAAGGAACGGCAGGT,0,4192499
yadE_predicted,0.07692307692307693,12,12,AGCGGGGCTCATATGAGGTT,0,4161471
yadE_predicted,0.07692307692307693,12,12,AGCGGCATTCATTTTGCTGG,0,4224207
yadE_predicted,0.07692307692307693,12,12,AGCGGAGCATCGGAAGGATC,0,4179872
yadE_predicted,0.07692307692307693,12,12,AGCGACCCTTCATGAGTGAT,0,4212749
yadE_predicted,0.07692307692307693,12,12,AGCCTGTTTGTTATACGGAA,0,4191196
yadE_predicted,0.07692307692307693,12,12,AGCCGCATGGTCCCCCAGGT,0,4218770
yadE_predicted,0.07692307692307693,12,12,AGCCCCTGTCAGTATGTAAC,0,4223140
yadE_predicted,0.07692307692307693,12,12,AGCATGGAACTGAATGGTAA,0,4193477
yadE_predicted,0.07692307692307693,12,12,AGATTGTAGGAGTTTCGGGA,0,4205216
yadE_predicted,0.07692307692307693,12,12,AGATTCAGTAATACTTAAGC,0,4227098
yadE_predicted,0.07692307692307693,12,12,AGAGACCAGCAAATTCTCCG,0,4227101
yadE_predicted,0.07692307692307693,12,12,AGACTCGCTCAATTTTCATG,0,4168598
yadE_predicted,0.07692307692307693,12,12,AGACGGACTCACCTCGCACA,0,4160964
yadE_predicted,0.07692307692307693,12,12,AGACCAGCGGAAACTAATTA,0,4167823
yadE_predicted,0.07692307692307693,12,12,ACTTGAGGCTGCAAGTCGGT,0,4219713
yadE_predicted,0.07692307692307693,12,12,ACTTCCCGCAGAGCCACGGG,0,4183876
yadE_predicted,0.07692307692307693,12,12,ACTTCAAAAGTGCTAGTCCA,0,4174772
yadE_predicted,0.07692307692307693,12,12,ACTGTCATAAAACGCTGAGC,0,4230726
yadE_predicted,0.07692307692307693,12,12,ACTGGGTACTGCAGCTCAAG,0,4206183
yadE_predicted,0.07692307692307693,12,12,ACTGGGGACAAAGTCCGGTG,0,4217569
yadE_predicted,0.07692307692307693,12,12,ACTGCTAGGAGAAGCTATCG,0,4236107
yadE_predicted,0.07692307692307693,12,12,ACTCTCAGGTCAATTAACAT,0,4210120
yadE_predicted,0.07692307692307693,12,12,ACTCAAAACTCACGGCGTCT,0,4167171
yadE_predicted,0.07692307692307693,12,12,ACTAACAGGCCGTAGCAATG,0,4172069
yadE_predicted,0.07692307692307693,12,12,ACTAAATTATTTATTGCAAT,0,4219266
yadE_predicted,0.07692307692307693,12,12,ACTAAAAGCCGGACCAACAA,0,4205996
yadE_predicted,0.07692307692307693,12,12,ACGTTCCACCCCCTTGGCAT,0,4231094
yadE_predicted,0.07692307692307693,12,12,ACGTGATCATACCTTTGGTA,0,4163248
yadE_predicted,0.07692307692307693,12,12,ACGTAGGTTAGCAATCGTAC,0,4219130
yadE_predicted,0.07692307692307693,12,12,ACGGTGGAGGGTACACTCTA,0,4199920
yadE_predicted,0.07692307692307693,12,12,ACGGTCTAGCATTTCCGAAG,0,4196233
yadE_predicted,0.07692307692307693,12,12,ACGGATTATGGGTCACAGTC,0,4220203
yadE_predicted,0.07692307692307693,12,12,ACGCTCGCCTGGGGAATTCG,0,4162782
yadE_predicted,0.07692307692307693,12,12,ACGCCACGCCCCTTGTGTTA,0,4181532
yadE_predicted,0.07692307692307693,12,12,ACGCAGCGGCCAAGCGGTGA,0,4175476
yadE_predicted,0.07692307692307693,12,12,ACGAGGGTAAACCTATGGAA,0,4200277
yadE_predicted,0.07692307692307693,12,12,ACGACGTTCAACGGTTGATG,0,4197519
yadE_predicted,0.07692307692307693,12,12,ACGACGTCAGGATACATGAA,0,4234112
yadE_predicted,0.07692307692307693,12,12,ACGACCCGTTCAGTGTAGTT,0,4230677
yadE_predicted,0.07692307692307693,12,12,ACCTTTTGCTTTAAGGTATT,0,4193988
yadE_predicted,0.07692307692307693,12,12,ACCTGGCAACTCTATCAGCA,0,4227870
yadE_predicted,0.07692307692307693,12,12,ACCGGTAAGGAGGATCCCTG,0,4232633
yadE_predicted,0.07692307692307693,12,12,ACCGATGAATTCGGGCTCAA,0,4191215
yadE_predicted,0.07692307692307693,12,12,ACCGACGGAGACGCCCCGAT,0,4209343
yadE_predicted,0.07692307692307693,12,12,ACCCTGGACGGGGCTGGTCT,0,4185833
yadE_predicted,0.07692307692307693,12,12,ACCCCTTCGCTTTGACGTTA,0,4213531
yadE_predicted,0.07692307692307693,12,12,ACCCCATTTGATCTTACTAG,0,4223657
yadE_predicted,0.07692307692307693,12,12,ACCCAAGATACGTCTGGCGT,0,4171612
yadE_predicted,0.07692307692307693,12,12,ACCAAAGGGTCCGTGGATCA,0,4212187
yadE_predicted,0.07692307692307693,12,12,ACATAAGTAATCACGGCGAT,0,4236610
yadE_predicted,0.07692307692307693,12,12,ACATAACAGGGTTTTCCAAA,0,4186478
yadE_predicted,0.07692307692307693,12,12,ACAGTCGTGAACGAGCACAG,0,4167518
yadE_predicted,0.07692307692307693,12,12,ACAGCTGGCCGGAGCAAAGT,0,4197497
yadE_predicted,0.07692307692307693,12,12,ACAGCGGCGCTTTCTCCGCG,0,4233714
yadE_predicted,0.07692307692307693,12,12,ACACGGCTAATCTTTCTCTG,0,4210065
yadE_predicted,0.07692307692307693,12,12,ACACCGTACAACGACTACTA,0,4226748
yadE_predicted,0.07692307692307693,12,12,ACACACGTAGCAGGTGGGAA,0,4181335
yadE_predicted,0.07692307692307693,12,12,ACAAGTAGGTATAAGGCACA,0,4202843
yadE_predicted,0.07692307692307693,12,12,ACAAGCCCCTAAGGTGTGAG,0,4180834
yadE_predicted,0.07692307692307693,12,12,ACAACGAACAATTTTAGGCA,0,4185770
yadE_predicted,0.07692307692307693,12,12,ACAACAGCCTCGACTGATCA,0,4214917
yadE_predicted,0.07692307692307693,12,12,ACAAATGCCAATAATAGGTC,0,4203404
yadE_predicted,0.07692307692307693,12,12,ACAAACTATTTACTCTGAGA,0,4225936
yadE_predicted,0.07692307692307693,12,12,ACAAACGAGAGGACATCGAC,0,4237798
yadE_predicted,0.07692307692307693,12,12,AATTTGGGGTACCAGTGCAG,0,4228865
yadE_predicted,0.07692307692307693,12,12,AATTTACAGCCGCCTTCCAT,0,4220278
yadE_predicted,0.07692307692307693,12,12,AATTGTCTTCTCCTTTTCTG,0,4194852
yadE_predicted,0.07692307692307693,12,12,AATTGGACCGCTAAGAGACA,0,4180090
yadE_predicted,0.07692307692307693,12,12,AATTCTAAGCTAACGAATCG,0,4200114
yadE_predicted,0.07692307692307693,12,12,AATGGGGTTTTGGTACATTT,0,4213081
yadE_predicted,0.07692307692307693,12,12,AATGGCCGGTGTAGTTCAAC,0,4199242
yadE_predicted,0.07692307692307693,12,12,AATGCCAGCGGGGGGCGGAC,0,4229645
yadE_predicted,0.07692307692307693,12,12,AATATTTTTCGGCCGCGTAA,0,4204383
yadE_predicted,0.07692307692307693,12,12,AATAGGGCATATGTTGTCTG,0,4208430
yadE_predicted,0.07692307692307693,12,12,AATACACGTGCGAGATAGGG,0,4203226
yadE_predicted,0.07692307692307693,12,12,AATAATCAGGTCTATACGAA,0,4206612
yadE_predicted,0.07692307692307693,12,12,AAGTTTGAGAGGGGGGCCGA,0,4188826
yadE_predicted,0.07692307692307693,12,12,AAGTGGACTAAATACGCGTA,0,4168015
yadE_predicted,0.07692307692307693,12,12,AAGTCGGAGCATCTGAACTA,0,4230927
yadE_predicted,0.07692307692307693,12,12,AAGTCGAGCCCGGGCGTACA,0,4174885
yadE_predicted,0.07692307692307693,12,12,AAGTCCTCGCCTCCCCGCTT,0,4170047
yadE_predicted,0.07692307692307693,12,12,AAGTATTTTGGCTTCAGAGC,0,4189315
yadE_predicted,0.07692307692307693,12,12,AAGTACAGCTTTGTACAAAG,0,4192640
yadE_predicted,0.07692307692307693,12,12,AAGGTATACGTTCATCACTG,0,4210082
yadE_predicted,0.07692307692307693,12,12,AAGGATCCCCAGGGGCGAAA,0,4185021
yadE_predicted,0.07692307692307693,12,12,AAGGAACGGCGTACGCGTAA,0,4218169
yadE_predicted,0.07692307692307693,12,12,AAGCGTAGCGAGTTGACCTA,0,4180092
yadE_predicted,0.07692307692307693,12,12,AAGCGGTTGAAGTGTAGATT,0,4227513
yadE_predicted,0.07692307692307693,12,12,AAGCGGTAAAAAATGTACCA,0,4162144
yadE_predicted,0.07692307692307693,12,12,AAGCGAAGGAACGCCCGATG,0,4195272
yadE_predicted,0.07692307692307693,12,12,AAGAGGGTATCTCTTGAGCT,0,4240527
yadE_predicted,0.07692307692307693,12,12,AAGAGCGTACACGTCTGCAA,0,4184755
yadE_predicted,0.07692307692307693,12,12,AAGAGACCGGACAGCGCCAA,0,4197677
yadE_predicted,0.07692307692307693,12,12,AACTTGTTCCTTTAGGGCTG,0,4161741
yadE_predicted,0.07692307692307693,12,12,AACTCTCGCCCTAAATACTG,0,4168146
yadE_predicted,0.07692307692307693,12,12,AACGTCCGTCCTCGCAAGCA,0,4195492
yadE_predicted,0.07692307692307693,12,12,AACGCTCGCTTTGCATTTAT,0,4205072
yadE_predicted,0.07692307692307693,12,12,AACGCAGCTTTGAGTCGAGG,0,4235336
yadE_predicted,0.07692307692307693,12,12,AACGAGCCGTAGAGGCGGGT,0,4183571
yadE_predicted,0.07692307692307693,12,12,AACGACGCAGACTGGTGTAA,0,4161721
yadE_predicted,0.07692307692307693,12,12,AACCTCCTGCTGCGACATCA,0,4232070
yadE_predicted,0.07692307692307693,12,12,AACCTCCTGACGGGGCGCGG,0,4183038
yadE_predicted,0.07692307692307693,12,12,AACCCGCTGCCTATCCTCTG,0,4174381
yadE_predicted,0.07692307692307693,12,12,AACCAATTAGGTGTATGCAT,0,4185209
yadE_predicted,0.07692307692307693,12,12,AACCAAGGTTTAGGTGCAAT,0,4230202
yadE_predicted,0.07692307692307693,12,12,AACATACCCGGCGCGGATCG,0,4228178
yadE_predicted,0.07692307692307693,12,12,AACAGGGCTAGCCTTCCCCT,0,4226663
yadE_predicted,0.07692307692307693,12,12,AACAGGCCTGGAATTGCGGG,0,4209245
yadE_predicted,0.07692307692307693,12,12,AAATTTCTCTTCTGGTCAGT,0,4161202
yadE_predicted,0.07692307692307693,12,12,AAATGTCGGGGTGGCCCAAA,0,4230730
yadE_predicted,0.07692307692307693,12,12,AAATGCATAGTTCGGCGGGG,0,4219953
yadE_predicted,0.07692307692307693,12,12,AAATATAGATCTTCAGATCG,0,4175893
yadE_predicted,0.07692307692307693,12,12,AAACTTCGGTCGTCGCTGAG,0,4222152
yadE_predicted,0.07692307692307693,12,12,AAACACGGTTCTAGCCTCTG,0,4217414
yadE_predicted,0.07692307692307693,12,12,AAAAGTGGTTGGCTCTTGTG,0,4160604
yadE_predicted,0.07692307692307693,12,12,AAAAGTCCACCACGTGAATA,0,4198145
yadE_predicted,0.07692307692307693,12,12,AAAAGGTCCTGGCCCCGGAA,0,4174061
yadE_predicted,0.08333333333333333,11,11,TTTTTGGCCGAGAATGACAA,0,4161231
yadE_predicted,0.08333333333333333,11,11,TTTTTAGAGGCGCGACTAAG,0,4215662
yadE_predicted,0.08333333333333333,11,11,TTTTGTGTAGCCTATCCGCA,0,4222738
yadE_predicted,0.08333333333333333,11,11,TTTTGTCACAGTACCTATTT,0,4182888
yadE_predicted,0.08333333333333333,11,11,TTTTCAGCAATAACTTGTAA,0,4205867
yadE_predicted,0.08333333333333333,11,11,TTTTAAAGGTGGATCTACTT,0,4183560
yadE_predicted,0.08333333333333333,11,11,TTTGTTACTGGCACCCGTCT,0,4194216
yadE_predicted,0.08333333333333333,11,11,TTTGTGCTGCGCGTAAACTC,0,4223097
yadE_predicted,0.08333333333333333,11,11,TTTGCTACGTCCCGATTCCC,0,4187694
yadE_predicted,0.08333333333333333,11,11,TTTCGTCCATCCAGTGTGGA,0,4196168
yadE_predicted,0.08333333333333333,11,11,TTTCGGCGCCACCTTTGTTG,0,4195079
yadE_predicted,0.08333333333333333,11,11,TTTCGACATTGGACAAAATG,0,4199118
yadE_predicted,0.08333333333333333,11,11,TTTCCTGTTGGGACTCGTCG,0,4196272
yadE_predicted,0.08333333333333333,11,11,TTTCAGTGGGCATCGACCGT,0,4163217
yadE_predicted,0.08333333333333333,11,11,TTTCACGGCGCGGAACGCAG,0,4234243
yadE_predicted,0.08333333333333333,11,11,TTTAGATAACTCTGGACGGA,0,4202817
yadE_predicted,0.08333333333333333,11,11,TTGTTGTTCATGCTTGAAAA,0,4189329
yadE_predicted,0.08333333333333333,11,11,TTGTTGAATGTGGGAAGCCG,0,4208657
yadE_predicted,0.08333333333333333,11,11,TTGTATGACACGGGGTCTAA,0,4241070
yadE_predicted,0.08333333333333333,11,11,TTGGTGTGAGCGCATTTACA,0,4188328
yadE_predicted,0.08333333333333333,11,11,TTGGGGGGCTTTTCATCCAT,0,4239487
yadE_predicted,0.08333333333333333,11,11,TTGGGCCAATATTGCTCGCT,0,4172417
yadE_predicted,0.08333333333333333,11,11,TTGGCGGGAAAGCTACCCGC,0,4200852
yadE_predicted,0.08333333333333333,11,11,TTGGAAAAGACCTGCAATCG,0,4218074
yadE_predicted,0.08333333333333333,11,11,TTGAGTCATGGTCCGAACTT,0,4203877
yadE_predicted,0.08333333333333333,11,11,TTGAGTAGGATTATGTACGA,0,4193693
yadE_predicted,0.08333333333333333,11,11,TTCTGGGTCCCAGCGAAAAT,0,4196745
yadE_predicted,0.08333333333333333,11,11,TTCTGAGTATGTCACTCTTA,0,4237083
yadE_predicted,0.08333333333333333,11,11,TTCTATGTTGGGATCGGCCT,0,4214343
yadE_predicted,0.08333333333333333,11,11,TTCTAGAATCGGGTTCCGTA,0,4213479
yadE_predicted,0.08333333333333333,11,11,TTCTACCCGCCTAGGCAACA,0,4238537
yadE_predicted,0.08333333333333333,11,11,TTCGGGCTAACGACTGAACC,0,4226270
yadE_predicted,0.08333333333333333,11,11,TTCGGAGCCGTCCAATAATC,0,4230022
yadE_predicted,0.08333333333333333,11,11,TTCGCGCGTAATGCTTTAAA,0,4232979
yadE_predicted,0.08333333333333333,11,11,TTCGCCCGCAGCCGGCTACA,0,4189107
yadE_predicted,0.08333333333333333,11,11,TTCGCCCCCATCGCAATCTC,0,4239358
yadE_predicted,0.08333333333333333,11,11,TTCGCACTTAAGGCAGCCCG,0,4221293
yadE_predicted,0.08333333333333333,11,11,TTCGATGCACATTGGGTCAC,0,4174933
yadE_predicted,0.08333333333333333,11,11,TTCGAGCCCCTATTACACAG,0,4216223
yadE_predicted,0.08333333333333333,11,11,TTCGAAGACGGGTTCTTAAC,0,4239075
yadE_predicted,0.08333333333333333,11,11,TTCCACATGTGAGCGTGCGA,0,4224518
yadE_predicted,0.08333333333333333,11,11,TTCAGCTCTATATACAGAGT,0,4237795
yadE_predicted,0.08333333333333333,11,11,TTCAAGATAGGAATGCCCCT,0,4169196
yadE_predicted,0.08333333333333333,11,11,TTATTTACACTTGCTGGTAA,0,4185315
yadE_predicted,0.08333333333333333,11,11,TTATCTGAGGCCAGCCTCTG,0,4175327
yadE_predicted,0.08333333333333333,11,11,TTAGTACAGACCGAGCACTT,0,4230821
yadE_predicted,0.08333333333333333,11,11,TTAGCTGATGGGGTACTAAT,0,4184550
yadE_predicted,0.08333333333333333,11,11,TTAGCGTTGATTACGATTGC,0,4232264
yadE_predicted,0.08333333333333333,11,11,TTAGCAGGAATGACCTTTTG,0,4191387
yadE_predicted,0.08333333333333333,11,11,TTAGACACTGCGTCCGGTCT,0,4216325
yadE_predicted,0.08333333333333333,11,11,TTAGAACCGTGAATCCTCCG,0,4202443
yadE_predicted,0.08333333333333333,11,11,TTACTAAGACAATAACGGCA,0,4185395
yadE_predicted,0.08333333333333333,11,11,TTACGACAGATCTAGCTATG,0,4177359
yadE_predicted,0.08333333333333333,11,11,TTACCTAGGCCGTTGGCATA,0,4185062
yadE_predicted,0.08333333333333333,11,11,TTAAGCCTCAACGGCGGTGG,0,4240070
yadE_predicted,0.08333333333333333,11,11,TTAAGCACCACAGTCCCCGC,0,4221993
yadE_predicted,0.08333333333333333,11,11,TTAACGCAGCAATCGGACCG,0,4232240
yadE_predicted,0.08333333333333333,11,11,TGTTGTGTCGTGTCACGATT,0,4214637
yadE_predicted,0.08333333333333333,11,11,TGTGTAGCCCATCCTGACGA,0,4200116
yadE_predicted,0.08333333333333333,11,11,TGTCCCGGCTAGCGTGGGGC,0,4192983
yadE_predicted,0.08333333333333333,11,11,TGTCCAGCAATGAGCTCAGA,0,4212784
yadE_predicted,0.08333333333333333,11,11,TGTATAATGATTATTAGTCA,0,4199014
yadE_predicted,0.08333333333333333,11,11,TGTAAACATTGCGGCTCGGA,0,4218772
yadE_predicted,0.08333333333333333,11,11,TGGTTTAGGCATAAGTCCTA,0,4204963
yadE_predicted,0.08333333333333333,11,11,TGGTTGGGGAGTTAGGCATC,0,4182859
yadE_predicted,0.08333333333333333,11,11,TGGTGGTGTTACATAGCAAG,0,4232069
yadE_predicted,0.08333333333333333,11,11,TGGTGCGCCAAGATGAGTGA,0,4197973
yadE_predicted,0.08333333333333333,11,11,TGGGTCCTCGACGCCAACAG,0,4160427
yadE_predicted,0.08333333333333333,11,11,TGGGCTGAGCCGCGGTGATT,0,4210185
yadE_predicted,0.08333333333333333,11,11,TGGGCGCCTCACGATAGTCA,0,4190165
yadE_predicted,0.08333333333333333,11,11,TGGGAGGTGCGACCCCAATA,0,4182443
yadE_predicted,0.08333333333333333,11,11,TGGGAGGATGGCCTTCGCTA,0,4175997
yadE_predicted,0.08333333333333333,11,11,TGGCTAGCCGGTCGCCATTG,0,4218895
yadE_predicted,0.08333333333333333,11,11,TGGCCCAGTCATACCAAGGA,0,4211530
yadE_predicted,0.08333333333333333,11,11,TGGCAGATGAGCGTCGGCTT,0,4164561
yadE_predicted,0.08333333333333333,11,11,TGGATCTAGTCGTGAGTTAT,0,4197594
yadE_predicted,0.08333333333333333,11,11,TGGATACAAGAGGGGGCGCA,0,4189477
yadE_predicted,0.08333333333333333,11,11,TGGACTTTTAAACTGTCCAT,0,4172298
yadE_predicted,0.08333333333333333,11,11,TGGAACCTTAGCACGTCTTT,0,4169130
yadE_predicted,0.08333333333333333,11,11,TGCTTTATGGAGCGGCCAGA,0,4191388
yadE_predicted,0.08333333333333333,11,11,TGCTTGTTCTATGACGTATC,0,4227777
yadE_predicted,0.08333333333333333,11,11,TGCTGTCCCGGAAATTCCTT,0,4169679
yadE_predicted,0.08333333333333333,11,11,TGCTGATGTCTGGCTCCTCT,0,4207090
yadE_predicted,0.08333333333333333,11,11,TGCTACTTCGATAGGTAAAG,0,4228137
yadE_predicted,0.08333333333333333,11,11,TGCGGGTACATTAATCAGTA,0,4231407
yadE_predicted,0.08333333333333333,11,11,TGCGGGAATTAATTATTTCC,0,4167393
yadE_predicted,0.08333333333333333,11,11,TGCGGAGGTAATGCCGAATA,0,4208594
yadE_predicted,0.08333333333333333,11,11,TGCCCAGCCGATACCTCATT,0,4220850
yadE_predicted,0.08333333333333333,11,11,TGCCAGCTCGCCTTACATGA,0,4197344
yadE_predicted,0.08333333333333333,11,11,TGCACTCCCGAAAGGCCCTT,0,4222988
yadE_predicted,0.08333333333333333,11,11,TGCAACGGGTGGACCAGTCA,0,4216233
yadE_predicted,0.08333333333333333,11,11,TGCAAAGTAAATGTCATGAC,0,4205972
yadE_predicted,0.08333333333333333,11,11,TGATTGAACACATGGGGACC,0,4172748
yadE_predicted,0.08333333333333333,11,11,TGATGGTCATTCCTATAAGG,0,4173557
yadE_predicted,0.08333333333333333,11,11,TGATGGGTAAGCCGGGGCAG,0,4199133
yadE_predicted,0.08333333333333333,11,11,TGATCTATATTAAGGGAGTA,0,4178865
yadE_predicted,0.08333333333333333,11,11,TGATATCCCGTATCAGGTGC,0,4226773
yadE_predicted,0.08333333333333333,11,11,TGAGTTCCTAGGGCGGCCAT,0,4211145
yadE_predicted,0.08333333333333333,11,11,TGAGTTCATTGTGTAGTGGT,0,4233564
yadE_predicted,0.08333333333333333,11,11,TGAGAGTCAATTAGTAGTTG,0,4209673
yadE_predicted,0.08333333333333333,11,11,TGACCGGAGTACATATTTCC,0,4219907
yadE_predicted,0.08333333333333333,11,11,TGACCATATGGGTGGAGGTT,0,4223210
yadE_predicted,0.08333333333333333,11,11,TGAACTCGGTGTTGAAGTAT,0,4182344
yadE_predicted,0.08333333333333333,11,11,TGAACCCCTCATTCTGCGAG,0,4213573
yadE_predicted,0.08333333333333333,11,11,TGAACACGTCGCGGCGGATT,0,4198898
yadE_predicted,0.08333333333333333,11,11,TCTTACTCGCTGCATCAGTT,0,4195507
yadE_predicted,0.08333333333333333,11,11,TCTGCCAGCGCCTCGAATTT,0,4184080
yadE_predicted,0.08333333333333333,11,11,TCTCGAGGCCGTACCAGGCG,0,4162224
yadE_predicted,0.08333333333333333,11,11,TCTCGACCGTATTTTGACTT,0,4231442
yadE_predicted,0.08333333333333333,11,11,TCTCAGTGCAGCTTCGGCTC,0,4208888
yadE_predicted,0.08333333333333333,11,11,TCTAGGAAAGCGCCAAATGG,0,4234655
yadE_predicted,0.08333333333333333,11,11,TCTAGCCGCGAAACAAGGCA,0,4159890
yadE_predicted,0.08333333333333333,11,11,TCGTGAGTTCCGGACGCAAG,0,4214549
yadE_predicted,0.08333333333333333,11,11,TCGTGAACAAATCCTGACGA,0,4211195
yadE_predicted,0.08333333333333333,11,11,TCGTATGGCGCCGCGGAAAA,0,4240128
yadE_predicted,0.08333333333333333,11,11,TCGGTAAAGATGGAATCCCC,0,4181094
yadE_predicted,0.08333333333333333,11,11,TCGGGTGTAAAACAAGGAAG,0,4207808
yadE_predicted,0.08333333333333333,11,11,TCGGGATGGGTGAGAAGACT,0,4173030
yadE_predicted,0.08333333333333333,11,11,TCGAAGCAGCACCCCTCCAG,0,4190086
yadE_predicted,0.08333333333333333,11,11,TCCTGTGGAGATCGAAAGTG,0,4184454
yadE_predicted,0.08333333333333333,11,11,TCCTGGGGCACTGCTCCAAG,0,4166871
yadE_predicted,0.08333333333333333,11,11,TCCTGAAGATATCTCCGACC,0,4183567
yadE_predicted,0.08333333333333333,11,11,TCCTATATCGCTAATTTGCA,0,4226079
yadE_predicted,0.08333333333333333,11,11,TCCTAGCCAGGCATTTCTTA,0,4240521
yadE_predicted,0.08333333333333333,11,11,TCCTACTTCGTACCTCAAGT,0,4194166
yadE_predicted,0.08333333333333333,11,11,TCCGGTATCGCTAGCTGAAG,0,4193274
yadE_predicted,0.08333333333333333,11,11,TCCGCGTAGTCACTTGCCGG,0,4200244
yadE_predicted,0.08333333333333333,11,11,TCCCTGCCAGGCGGTGCGGT,0,4163027
yadE_predicted,0.08333333333333333,11,11,TCCCGGGGTTGTGACGCTGA,0,4217782
yadE_predicted,0.08333333333333333,11,11,TCCCGGCTCCCGCCAGATTG,0,4198186
yadE_predicted,0.08333333333333333,11,11,TCCCGGCACATCTATACCCC,0,4164644
yadE_predicted,0.08333333333333333,11,11,TCCCCATTTATCTTTACGTC,0,4236591
yadE_predicted,0.08333333333333333,11,11,TCCATTTATTTGTTTTCAAG,0,4177821
yadE_predicted,0.08333333333333333,11,11,TCCAATGATTTCATGTGGGT,0,4179859
yadE_predicted,0.08333333333333333,11,11,TCCAAGCTTGGTATATGTGG,0,4239967
yadE_predicted,0.08333333333333333,11,11,TCATCCACACAGAGACCGAT,0,4227829
yadE_predicted,0.08333333333333333,11,11,TCAGTATTAGGCCTGGGGAT,0,4172044
yadE_predicted,0.08333333333333333,11,11,TCAGGTAGTCGCGCACAAAT,0,4208604
yadE_predicted,0.08333333333333333,11,11,TCAGGGATCACCTCGCTTAT,0,4216067
yadE_predicted,0.08333333333333333,11,11,TCAGCGGCTCTATAAACCCC,0,4164388
yadE_predicted,0.08333333333333333,11,11,TCAGCGCAGCATCCACCGCT,0,4223978
yadE_predicted,0.08333333333333333,11,11,TCAGAATTTGGTGGCTAGGT,0,4198469
yadE_predicted,0.08333333333333333,11,11,TCACACTAAGGGAGCCTATC,0,4162265
yadE_predicted,0.08333333333333333,11,11,TCAAATTAAAACCTACTGGA,0,4191559
yadE_predicted,0.08333333333333333,11,11,TATTCCACCTTCTAACAGCT,0,4232550
yadE_predicted,0.08333333333333333,11,11,TATTAAAGACAATACCTTAA,0,4211063
yadE_predicted,0.08333333333333333,11,11,TATGTAGTCGGGCTAAACAA,0,4220620
yadE_predicted,0.08333333333333333,11,11,TATGACAGATAGATCTGTGG,0,4162837
yadE_predicted,0.08333333333333333,11,11,TATCTGCACGCCCACGCCTT,0,4174418
yadE_predicted,0.08333333333333333,11,11,TATCCCGGGGGGCTTGCTAG,0,4190317
yadE_predicted,0.08333333333333333,11,11,TATATTCAACTTTTGTACAG,0,4164557
yadE_predicted,0.08333333333333333,11,11,TATATGTCGGTCCCGCGGGT,0,4160332
yadE_predicted,0.08333333333333333,11,11,TATATGACGAAGGGGCTTTG,0,4181163
yadE_predicted,0.08333333333333333,11,11,TATATCATCAAAGATCGTAC,0,4230255
yadE_predicted,0.08333333333333333,11,11,TATACCCATTCTACATTCCA,0,4224791
yadE_predicted,0.08333333333333333,11,11,TAGTAGTCAATTGGCACAGG,0,4172752
yadE_predicted,0.08333333333333333,11,11,TAGGGTTATGAAACAGACGT,0,4220379
yadE_predicted,0.08333333333333333,11,11,TAGCCCAAACGATCTCGTAG,0,4179607
yadE_predicted,0.08333333333333333,11,11,TAGCATTGCGCTTGAGGGCG,0,4159852
yadE_predicted,0.08333333333333333,11,11,TAGATCTCCCCTTTACGGTC,0,4175607
yadE_predicted,0.08333333333333333,11,11,TACTTTCGGGGTAGGAATTG,0,4203891
yadE_predicted,0.08333333333333333,11,11,TACTGGAGGACGGTGGTTGC,0,4235886
yadE_predicted,0.08333333333333333,11,11,TACTCTTGTCTGTTGCCTAC,0,4230986
yadE_predicted,0.08333333333333333,11,11,TACTATCTTGCGTTCAGCGC,0,4197843
yadE_predicted,0.08333333333333333,11,11,TACGTCGCCGTGTTCGATAG,0,4204870
yadE_predicted,0.08333333333333333,11,11,TACGGAAAATCGGCAACATG,0,4207897
yadE_predicted,0.08333333333333333,11,11,TACGCATTCCCCCGGTGAGA,0,4235968
yadE_predicted,0.08333333333333333,11,11,TACCCTTCGCGTAAAACAAC,0,4176639
yadE_predicted,0.08333333333333333,11,11,TACCCCGGGTCATGCTTTTT,0,4224945
yadE_predicted,0.08333333333333333,11,11,TACCAGTACTTAGTTCCGTG,0,4203559
yadE_predicted,0.08333333333333333,11,11,TACCAATGTGGAGGTCACTG,0,4215380
yadE_predicted,0.08333333333333333,11,11,TACCAAGGCAGTTCTTAAAT,0,4163824
yadE_predicted,0.08333333333333333,11,11,TAAGCTGCTGCAGACTATCT,0,4193058
yadE_predicted,0.08333333333333333,11,11,TAACGGCCGCTACGTGGACG,0,4214159
yadE_predicted,0.08333333333333333,11,11,TAACCAAAGGCTGCTCGCAA,0,4221797
yadE_predicted,0.08333333333333333,11,11,TAACAGATCTCACGGGGAGC,0,4233444
yadE_predicted,0.08333333333333333,11,11,TAAATGGTCTTTGGATCAAG,0,4161206
yadE_predicted,0.08333333333333333,11,11,TAAACGACCAATAGATCACA,0,4213541
yadE_predicted,0.08333333333333333,11,11,GTTGTCGTTTATGTTACAGC,0,4187236
yadE_predicted,0.08333333333333333,11,11,GTTGTCCTTATTCCACCGAT,0,4182901
yadE_predicted,0.08333333333333333,11,11,GTTGGCCCACGGACATTCGA,0,4240737
yadE_predicted,0.08333333333333333,11,11,GTTCGTCACACGAGGCGTCT,0,4165504
yadE_predicted,0.08333333333333333,11,11,GTTCGATTCCAATCTGCTAT,0,4185562
yadE_predicted,0.08333333333333333,11,11,GTTCATGAGTGCGATCGTCT,0,4163158
yadE_predicted,0.08333333333333333,11,11,GTTATGTCGTTTCACAGGGG,0,4203051
yadE_predicted,0.08333333333333333,11,11,GTTATCTTATGACGGGTAAT,0,4191238
yadE_predicted,0.08333333333333333,11,11,GTTATATAGCTTGCCTCCCG,0,4223584
yadE_predicted,0.08333333333333333,11,11,GTTAGCCTGGTTAGGGTATT,0,4227062
yadE_predicted,0.08333333333333333,11,11,GTTAATAAGAGACTGACAGA,0,4210792
yadE_predicted,0.08333333333333333,11,11,GTGTCAGGGAACAAATTCCA,0,4216054
yadE_predicted,0.08333333333333333,11,11,GTGTAGGTCAGAATGTGCCT,0,4177820
yadE_predicted,0.08333333333333333,11,11,GTGGGTGTAAGCATCGGAGG,0,4209682
yadE_predicted,0.08333333333333333,11,11,GTGGGCCGAACTGTTTGTGC,0,4166360
yadE_predicted,0.08333333333333333,11,11,GTGGACGAACCAAGACCCGG,0,4234207
yadE_predicted,0.08333333333333333,11,11,GTGCTATAACTTCAGGGGAA,0,4168325
yadE_predicted,0.08333333333333333,11,11,GTGCGTGTCCAAAGGTGTCT,0,4171836
yadE_predicted,0.08333333333333333,11,11,GTGCAGGCACAAGTCGAGCG,0,4163490
yadE_predicted,0.08333333333333333,11,11,GTGATCCAGAGCCCCAAAAA,0,4166079
yadE_predicted,0.08333333333333333,11,11,GTGAATCTTATGTGCAGCGC,0,4235333
yadE_predicted,0.08333333333333333,11,11,GTCTTTCATTTTTTCTTGGA,0,4239037
yadE_predicted,0.08333333333333333,11,11,GTCTTGGCCTTCGATCGATA,0,4176307
yadE_predicted,0.08333333333333333,11,11,GTCTCTGTTGTCTCGGCTGA,0,4199011
yadE_predicted,0.08333333333333333,11,11,GTCTCGCGTCGTCGCACTGA,0,4230708
yadE_predicted,0.08333333333333333,11,11,GTCTCCCCTTAGGTGTCGTA,0,4234778
yadE_predicted,0.08333333333333333,11,11,GTCGGGGTGTAACGGGCCTC,0,4195393
yadE_predicted,0.08333333333333333,11,11,GTCCAACATCGGCCCAACTC,0,4225456
yadE_predicted,0.08333333333333333,11,11,GTCATTGCCGGACAGTTAGT,0,4170169
yadE_predicted,0.08333333333333333,11,11,GTCAGCCGAATACGGGACGA,0,4218959
yadE_predicted,0.08333333333333333,11,11,GTAGGCCAACGCGACGCAGA,0,4208497
yadE_predicted,0.08333333333333333,11,11,GTAGCTTTAGTACACGAGTT,0,4172081
yadE_predicted,0.08333333333333333,11,11,GTACTTATACCCATCACATA,0,4206274
yadE_predicted,0.08333333333333333,11,11,GTACGAGTCCGAATAGTACG,0,4168140
yadE_predicted,0.08333333333333333,11,11,GTACCAAGTTCAGACATCAG,0,4236898
yadE_predicted,0.08333333333333333,11,11,GTACAGGGTGCTCGCGGGCT,0,4193846
yadE_predicted,0.08333333333333333,11,11,GTAAGATCACGTAGCGCCCT,0,4174610
yadE_predicted,0.08333333333333333,11,11,GTAAATGTTACCGTAGTTAG,0,4217512
yadE_predicted,0.08333333333333333,11,11,GTAAAAATTCTTCTTACACT,0,4219412
yadE_predicted,0.08333333333333333,11,11,GGTTCAGAAGGATAGTCGGC,0,4163685
yadE_predicted,0.08333333333333333,11,11,GGTTATTTTCGATACTTAGT,0,4168693
yadE_predicted,0.08333333333333333,11,11,GGTTATCTCGATAGATCTTG,0,4204795
yadE_predicted,0.08333333333333333,11,11,GGTGTTAATAATCCTGTGGC,0,4215254
yadE_predicted,0.08333333333333333,11,11,GGTGAACGCGGACCAACTTC,0,4174693
yadE_predicted,0.08333333333333333,11,11,GGTATCTCCCACCAGCTATG,0,4232902
yadE_predicted,0.08333333333333333,11,11,GGTAGGTGCCGCCAACGCAG,0,4173427
yadE_predicted,0.08333333333333333,11,11,GGTACATGCTAGTCCCAGTC,0,4217986
yadE_predicted,0.08333333333333333,11,11,GGTAAATTCGAGGGGAAGTA,0,4227505
yadE_predicted,0.08333333333333333,11,11,GGGTGTGTGATGTCCTTTGG,0,4239456
yadE_predicted,0.08333333333333333,11,11,GGGTCGTCAAGCCCAGGGCG,0,4229321
yadE_predicted,0.08333333333333333,11,11,GGGTCACTCTACGATTGTGT,0,4187317
yadE_predicted,0.08333333333333333,11,11,GGGGTGAACGGATTTCGTAT,0,4160885
yadE_predicted,0.08333333333333333,11,11,GGGGTCAAATGTGGGGGGTT,0,4240211
yadE_predicted,0.08333333333333333,11,11,GGGGGTCATGAGGGTCAGAG,0,4233511
yadE_predicted,0.08333333333333333,11,11,GGGGGGCTGCCTATTGACGC,0,4228360
yadE_predicted,0.08333333333333333,11,11,GGGGGGCCGCGGTAGGGCGC,0,4176738
yadE_predicted,0.08333333333333333,11,11,GGGGCGCACGCGAAAATCAA,0,4234447
yadE_predicted,0.08333333333333333,11,11,GGGGATGGGCCGTCGTGCAA,0,4177754
yadE_predicted,0.08333333333333333,11,11,GGGGACATGGCCGAACGGAT,0,4203038
yadE_predicted,0.08333333333333333,11,11,GGGCGTCACCCGAGTCCACG,0,4204302
yadE_predicted,0.08333333333333333,11,11,GGGCGCGTAACGCCTTAAAG,0,4184893
yadE_predicted,0.08333333333333333,11,11,GGGATCTTAGCGCGGTTGGG,0,4234833
yadE_predicted,0.08333333333333333,11,11,GGGAGTGTATCCCGTTGTGC,0,4234783
yadE_predicted,0.08333333333333333,11,11,GGGACTTCTTCCCCCGCCGA,0,4230268
yadE_predicted,0.08333333333333333,11,11,GGGACAGCAGAATGCGCAAT,0,4215316
yadE_predicted,0.08333333333333333,11,11,GGGAAACAAAAAGACCATTA,0,4178607
yadE_predicted,0.08333333333333333,11,11,GGCTGGTACTAAGGGATACT,0,4201171
yadE_predicted,0.08333333333333333,11,11,GGCTGCAAGCCTGGTGGCCC,0,4217684
yadE_predicted,0.08333333333333333,11,11,GGCGCCCAGTGATATAGTCA,0,4163183
yadE_predicted,0.08333333333333333,11,11,GGCGAACCCGAGCAAATTTT,0,4211001
yadE_predicted,0.08333333333333333,11,11,GGCCCTCCGTTCCACAGCCA,0,4232216
yadE_predicted,0.08333333333333333,11,11,GGCCCGGGTACGGAATTACG,0,4177969
yadE_predicted,0.08333333333333333,11,11,GGATTTCCACCCGCATTCTT,0,4159915
yadE_predicted,0.08333333333333333,11,11,GGATGGTCTTAAGTTTTTTG,0,4211552
yadE_predicted,0.08333333333333333,11,11,GGATGGTAAGGTTATCGATT,0,4182143
yadE_predicted,0.08333333333333333,11,11,GGATGGGTACACAAACGATC,0,4238815
yadE_predicted,0.08333333333333333,11,11,GGATGATGATGCCGACCAGT,0,4197631
yadE_predicted,0.08333333333333333,11,11,GGATCACGTACACGTAGTCA,0,4201844
yadE_predicted,0.08333333333333333,11,11,GGAGTATGTCACCATAACAG,0,4188674
yadE_predicted,0.08333333333333333,11,11,GGAGGTGATCACACCCCGGA,0,4219205
yadE_predicted,0.08333333333333333,11,11,GGACGGAATAATGAGTCCAA,0,4162082
yadE_predicted,0.08333333333333333,11,11,GGACCTTTGGTAAGTCACAC,0,4226105
yadE_predicted,0.08333333333333333,11,11,GGAATCCTTTGGTAGTTCGC,0,4214256
yadE_predicted,0.08333333333333333,11,11,GGAACAGGAGTCTCACGAAA,0,4184981
yadE_predicted,0.08333333333333333,11,11,GCTTGGACTTAGCCCTCCGT,0,4163808
yadE_predicted,0.08333333333333333,11,11,GCTGTCCTGGTAGGTACGGG,0,4225198
yadE_predicted,0.08333333333333333,11,11,GCTCCCTTCGCTATCACCGG,0,4213165
yadE_predicted,0.08333333333333333,11,11,GCTCCAATTAATTCAGCAGA,0,4216838
yadE_predicted,0.08333333333333333,11,11,GCTACATTAGCCTATACGGA,0,4169999
yadE_predicted,0.08333333333333333,11,11,GCTAAGCGTTTAATAGGCGG,0,4199342
yadE_predicted,0.08333333333333333,11,11,GCGTGCCGGAACACGCTCGT,0,4167647
yadE_predicted,0.08333333333333333,11,11,GCGTCTCTTGGCGTTAGGGG,0,4181347
yadE_predicted,0.08333333333333333,11,11,GCGGGAGGCTGTTGAGGGTT,0,4237825
yadE_predicted,0.08333333333333333,11,11,GCGCGCAGAAGGCTCCAGCG,0,4169687
yadE_predicted,0.08333333333333333,11,11,GCGCATGCACCGCTATTGTA,0,4200499
yadE_predicted,0.08333333333333333,11,11,GCGCACTTGCCAGCATGTAG,0,4213711
yadE_predicted,0.08333333333333333,11,11,GCGAGGACAACAAAGATTTC,0,4213947
yadE_predicted,0.08333333333333333,11,11,GCGAACGTACTGGAATCGCG,0,4193921
yadE_predicted,0.08333333333333333,11,11,GCCTGTTCGGGGGACTCGCG,0,4201508
yadE_predicted,0.08333333333333333,11,11,GCCGTGAAACTGTGTCTGTC,0,4204094
yadE_predicted,0.08333333333333333,11,11,GCCGCGACCTAAGCGATATT,0,4196070
yadE_predicted,0.08333333333333333,11,11,GCCGATATCTCGCTACTTGT,0,4218642
yadE_predicted,0.08333333333333333,11,11,GCCCTGCATGTAGATATCTG,0,4205105
yadE_predicted,0.08333333333333333,11,11,GCCCGTTGACAGCCGAGGGT,0,4173532
yadE_predicted,0.08333333333333333,11,11,GCCCCGCTATAGCACTGGCA,0,4232325
yadE_predicted,0.08333333333333333,11,11,GCCAGCTAATAGAATCGCAA,0,4209580
yadE_predicted,0.08333333333333333,11,11,GCCAGCAGGACGATGCCAAA,0,4200589
yadE_predicted,0.08333333333333333,11,11,GCATTTGATGAGTAGGCGGG,0,4199806
yadE_predicted,0.08333333333333333,11,11,GCATTGCATATGATTACAGT,0,4198774
yadE_predicted,0.08333333333333333,11,11,GCATTCCTCACGGGATGATC,0,4226619
yadE_predicted,0.08333333333333333,11,11,GCATGCGACCATTCTAGTGC,0,4165225
yadE_predicted,0.08333333333333333,11,11,GCAGAGGGATTAGGTGCAAT,0,4192641
yadE_predicted,0.08333333333333333,11,11,GCACCGCATTAAGTGTCAAG,0,4166860
yadE_predicted,0.08333333333333333,11,11,GCACATTTTGTACGCGGCTA,0,4235866
yadE_predicted,0.08333333333333333,11,11,GCAAGTTCCGTTATTAGAGT,0,4226572
yadE_predicted,0.08333333333333333,11,11,GATTTTTCTGTGGGTGTTAT,0,4199234
yadE_predicted,0.08333333333333333,11,11,GATTCCTAATTAAGCAGCAG,0,4179105
yadE_predicted,0.08333333333333333,11,11,GATTCCACGATGCATGGCAT,0,4169842
yadE_predicted,0.08333333333333333,11,11,GATTCCAACATCGCGGCCGG,0,4174000
yadE_predicted,0.08333333333333333,11,11,GATTCAGTGTTTTCGCTCGG,0,4170002
yadE_predicted,0.08333333333333333,11,11,GATGCACATAAGGGGCCGGG,0,4187487
yadE_predicted,0.08333333333333333,11,11,GATGATAAAGGTGAGTAGGA,0,4206293
yadE_predicted,0.08333333333333333,11,11,GATCGTCCGCGGGGAGCGTG,0,4207620
yadE_predicted,0.08333333333333333,11,11,GATCGAAGTAGGTGTCTAAT,0,4164811
yadE_predicted,0.08333333333333333,11,11,GATATCCTAAGACAGGCACT,0,4199666
yadE_predicted,0.08333333333333333,11,11,GATACGTATCCCGATAAAAT,0,4191986
yadE_predicted,0.08333333333333333,11,11,GAGTGTTCACATGTGTCGTT,0,4219251
yadE_predicted,0.08333333333333333,11,11,GAGTATCACGGTATGATGCA,0,4162617
yadE_predicted,0.08333333333333333,11,11,GAGGGTTAACCTTTCGTAAT,0,4172786
yadE_predicted,0.08333333333333333,11,11,GAGGACCACAGAAATAACGA,0,4239448
yadE_predicted,0.08333333333333333,11,11,GAGCGGCCGTAATTTCAAGT,0,4212280
yadE_predicted,0.08333333333333333,11,11,GAGATGTTTAAGATCCGCGA,0,4189726
yadE_predicted,0.08333333333333333,11,11,GAGATCAAAAATTAAAACCT,0,4207833
yadE_predicted,0.08333333333333333,11,11,GAGACGAACGTTATTGATTT,0,4199919
yadE_predicted,0.08333333333333333,11,11,GAGAACTAACTTCGAAACAG,0,4171853
yadE_predicted,0.08333333333333333,11,11,GACTCTCGCTCTTCTGTATA,0,4181501
yadE_predicted,0.08333333333333333,11,11,GACGTCCAATAACATCGATT,0,4200890
yadE_predicted,0.08333333333333333,11,11,GACGAGTGATCATCCCCTGC,0,4168586
yadE_predicted,0.08333333333333333,11,11,GACCTTGGGCAGTGCACCCA,0,4181776
yadE_predicted,0.08333333333333333,11,11,GACCTTGCGACTCGTCACAG,0,4186412
yadE_predicted,0.08333333333333333,11,11,GACCGGTGTTCCTGCATTGT,0,4186444
yadE_predicted,0.08333333333333333,11,11,GACCGCGAGTATGCATGTCT,0,4185325
yadE_predicted,0.08333333333333333,11,11,GACCATGCAGTGGCCTCGTG,0,4159709
yadE_predicted,0.08333333333333333,11,11,GACCAGCGAATTGTAGGTCA,0,4179767
yadE_predicted,0.08333333333333333,11,11,GACCAAAGCTCCAGCGCCGG,0,4186813
yadE_predicted,0.08333333333333333,11,11,GACATTCTTCCACGGGTTCC,0,4196809
yadE_predicted,0.08333333333333333,11,11,GACAACCCTATCACGGTTCA,0,4174033
yadE_predicted,0.08333333333333333,11,11,GACAACACACTTTAGCCAAT,0,4176872
yadE_predicted,0.08333333333333333,11,11,GACAAATCGGTGCTAGATCT,0,4220391
yadE_predicted,0.08333333333333333,11,11,GAATTGACGTACAGAGCGGG,0,4208893
yadE_predicted,0.08333333333333333,11,11,GAAGCAGCGGACCCTGTGAC,0,4202468
yadE_predicted,0.08333333333333333,11,11,GAACGCACCGACCTAGCATT,0,4201904
yadE_predicted,0.08333333333333333,11,11,GAACCCGACCGGAAAGAGTG,0,4224287
yadE_predicted,0.08333333333333333,11,11,CTTTCTTCAAGAATCGCATG,0,4202036
yadE_predicted,0.08333333333333333,11,11,CTTTACGGGCTTCCGTACTG,0,4170520
yadE_predicted,0.08333333333333333,11,11,CTTGGCCGCGTTGAGCGAAT,0,4218797
yadE_predicted,0.08333333333333333,11,11,CTTGGCATCTTTCTCAGTTT,0,4175031
yadE_predicted,0.08333333333333333,11,11,CTTCTTCGTTACAGTCCCGA,0,4204695
yadE_predicted,0.08333333333333333,11,11,CTTCTGTCTGCAGTGACTTC,0,4209516
yadE_predicted,0.08333333333333333,11,11,CTTCTCCTGAAAGAGCTTAT,0,4194572
yadE_predicted,0.08333333333333333,11,11,CTTCTATTCCGTAACGCGGA,0,4193456
yadE_predicted,0.08333333333333333,11,11,CTTCTAGAGGAGACTTCGGA,0,4209280
yadE_predicted,0.08333333333333333,11,11,CTTCAGTGTACCGTAGGTAA,0,4232945
yadE_predicted,0.08333333333333333,11,11,CTTACCATTACCAACGGGGT,0,4204719
yadE_predicted,0.08333333333333333,11,11,CTTAAGAGTTAGGATCTTCA,0,4188026
yadE_predicted,0.08333333333333333,11,11,CTGTGCCTGGTGAGGGCGTC,0,4228146
yadE_predicted,0.08333333333333333,11,11,CTGTCAGATTAGTTAATTTG,0,4231783
yadE_predicted,0.08333333333333333,11,11,CTGTAATCGGTGCTGTTCAA,0,4217767
yadE_predicted,0.08333333333333333,11,11,CTGTAAGTAAAAAAGTTTAT,0,4234485
yadE_predicted,0.08333333333333333,11,11,CTGGTTCTATGGACGTCACT,0,4240064
yadE_predicted,0.08333333333333333,11,11,CTGGGTCGCATTTGGAGGGG,0,4172745
yadE_predicted,0.08333333333333333,11,11,CTGGCAGCGTCACGAACTTT,0,4197098
yadE_predicted,0.08333333333333333,11,11,CTGGAGTTCATCGTTGCCGC,0,4240589
yadE_predicted,0.08333333333333333,11,11,CTGGACTCACCAGTAGGGGA,0,4205418
yadE_predicted,0.08333333333333333,11,11,CTGCTCAGAGATAGTCGTTA,0,4228346
yadE_predicted,0.08333333333333333,11,11,CTGCGATGTAGGCAAGAGTT,0,4169336
yadE_predicted,0.08333333333333333,11,11,CTGCCTCAGAGGCGAAATTA,0,4176419
yadE_predicted,0.08333333333333333,11,11,CTGCCGCTTCCTCAGATATG,0,4217326
yadE_predicted,0.08333333333333333,11,11,CTGCATTGATCAACAGCAAG,0,4167909
yadE_predicted,0.08333333333333333,11,11,CTGCATGGCTAGGTCACGAC,0,4189597
yadE_predicted,0.08333333333333333,11,11,CTGCACCGGGACCAAGCAAT,0,4197160
yadE_predicted,0.08333333333333333,11,11,CTGATGTAACATCTGAAGAT,0,4234157
yadE_predicted,0.08333333333333333,11,11,CTGACTATATTACAGGCACA,0,4198221
yadE_predicted,0.08333333333333333,11,11,CTCTTGGGGCGAACATGGGA,0,4232237
yadE_predicted,0.08333333333333333,11,11,CTCTCAGGGATGGTTAATTT,0,4224501
yadE_predicted,0.08333333333333333,11,11,CTCGTCTTATAGTAGTCACA,0,4164553
yadE_predicted,0.08333333333333333,11,11,CTCGGTTCCAATACAGCGTT,0,4209601
yadE_predicted,0.08333333333333333,11,11,CTCGCAACGCAGCTTTCAAA,0,4190136
yadE_predicted,0.08333333333333333,11,11,CTCCTTTGTCTCTTTCCAAA,0,4173925
yadE_predicted,0.08333333333333333,11,11,CTCCCGCACGCTGGCATGTT,0,4235826
yadE_predicted,0.08333333333333333,11,11,CTCCCGAATTTCCTCAAGAG,0,4198127
yadE_predicted,0.08333333333333333,11,11,CTCATGCAACCCGAGCATCG,0,4207046
yadE_predicted,0.08333333333333333,11,11,CTATTGTAAGGTTGCGAAGT,0,4194954
yadE_predicted,0.08333333333333333,11,11,CTATGATGGTACCTAACGAC,0,4229006
yadE_predicted,0.08333333333333333,11,11,CTATCATGTCATTCTACAGG,0,4231152
yadE_predicted,0.08333333333333333,11,11,CTATAAGGTCTCTTCTTGGG,0,4201107
yadE_predicted,0.08333333333333333,11,11,CTAGTATTGGGCGTGGGTAA,0,4179213
yadE_predicted,0.08333333333333333,11,11,CTAGGGGTCAATGGCTTACA,0,4197162
yadE_predicted,0.08333333333333333,11,11,CTAGGAGGGCGAGTGGTGAA,0,4222316
yadE_predicted,0.08333333333333333,11,11,CTAGCTTGGGAGAAGCCAGA,0,4182158
yadE_predicted,0.08333333333333333,11,11,CTAGACCCCCTGACATCACG,0,4199192
yadE_predicted,0.08333333333333333,11,11,CTACTGTCAGTGCCAGCTGT,0,4176369
yadE_predicted,0.08333333333333333,11,11,CTACTCGGCTCACGTGTTAC,0,4168476
yadE_predicted,0.08333333333333333,11,11,CTACTAGGGCAATCAACAGT,0,4206047
yadE_predicted,0.08333333333333333,11,11,CTAACTGGGCTGATTGTTCT,0,4193983
yadE_predicted,0.08333333333333333,11,11,CTAAACAATGATGTCACCTT,0,4214973
yadE_predicted,0.08333333333333333,11,11,CGTTTGCTGAACGAGGTGCA,0,4172138
yadE_predicted,0.08333333333333333,11,11,CGTTGATATTCTCAGGTATC,0,4217172
yadE_predicted,0.08333333333333333,11,11,CGTTCTCCACGCTGCCCGTT,0,4207652
yadE_predicted,0.08333333333333333,11,11,CGTTCAGGACCCAGATCCTT,0,4237277
yadE_predicted,0.08333333333333333,11,11,CGTTCACTCATGCGCTACTT,0,4173563
yadE_predicted,0.08333333333333333,11,11,CGTGTGGACTCGCACTACTT,0,4183452
yadE_predicted,0.08333333333333333,11,11,CGTGGAAGGTCATCCAATGT,0,4230261
yadE_predicted,0.08333333333333333,11,11,CGTGACTTATGATTGCGACT,0,4230906
yadE_predicted,0.08333333333333333,11,11,CGTCTGCAGAGCTATACTCT,0,4220640
yadE_predicted,0.08333333333333333,11,11,CGTCGCAGTAATGTGCACCA,0,4171318
yadE_predicted,0.08333333333333333,11,11,CGTCCTCTACGGCATCCTTC,0,4193293
yadE_predicted,0.08333333333333333,11,11,CGTATGTATCCTTTGAAGTT,0,4222063
yadE_predicted,0.08333333333333333,11,11,CGTAGGTTGAAGGGAACGCC,0,4229273
yadE_predicted,0.08333333333333333,11,11,CGTAGGCACGCATCGGCTTT,0,4185040
yadE_predicted,0.08333333333333333,11,11,CGTAGGACAAACGCGAGTGC,0,4161356
yadE_predicted,0.08333333333333333,11,11,CGTAGCGGAGCTCCGGGGAC,0,4230038
yadE_predicted,0.08333333333333333,11,11,CGTACATACCGGATTTGGAA,0,4188492
yadE_predicted,0.08333333333333333,11,11,CGGTCCATCTGCTACATACC,0,4168781
yadE_predicted,0.08333333333333333,11,11,CGGGTAGTGGTACGGGGTAA,0,4160253
yadE_predicted,0.08333333333333333,11,11,CGGGTACGCCACTAAGCAAC,0,4200170
yadE_predicted,0.08333333333333333,11,11,CGGGGGCAAAGCGACCGGGG,0,4198590
yadE_predicted,0.08333333333333333,11,11,CGGGCGTCGAGGGTCGTCCT,0,4173231
yadE_predicted,0.08333333333333333,11,11,CGGGCCACCTTCGTCGAAGA,0,4166691
yadE_predicted,0.08333333333333333,11,11,CGGGAGATTTGCTAGGGTTC,0,4220967
yadE_predicted,0.08333333333333333,11,11,CGGGACATCTGGAAGTTAAT,0,4178321
yadE_predicted,0.08333333333333333,11,11,CGGGAAGAGGCTCTGTACGT,0,4220918
yadE_predicted,0.08333333333333333,11,11,CGGCTCCACTGGCCACCACC,0,4232747
yadE_predicted,0.08333333333333333,11,11,CGGCTAATAATCATGTGAAA,0,4181724
yadE_predicted,0.08333333333333333,11,11,CGGCCCGAATGGCGACTGGG,0,4161611
yadE_predicted,0.08333333333333333,11,11,CGGATAGCGGGTGATCAATG,0,4216242
yadE_predicted,0.08333333333333333,11,11,CGGAGTTAACGAGAAGGACA,0,4227949
yadE_predicted,0.08333333333333333,11,11,CGGAGGCCGAAAGCGGATGA,0,4219546
yadE_predicted,0.08333333333333333,11,11,CGGAGCAAGAACAGGAGGGG,0,4235816
yadE_predicted,0.08333333333333333,11,11,CGGACCCTCCTTGGTCGGCC,0,4184128
yadE_predicted,0.08333333333333333,11,11,CGGAAGCCTACAGTTGTGTC,0,4204605
yadE_predicted,0.08333333333333333,11,11,CGGAAGATAATTAATGAGTC,0,4194732
yadE_predicted,0.08333333333333333,11,11,CGCGTGGGTGAGGAATCACA,0,4203235
yadE_predicted,0.08333333333333333,11,11,CGCGTGGATGCCCATACTGC,0,4236042
yadE_predicted,0.08333333333333333,11,11,CGCGCTTGTCAGGTGGCAAT,0,4210248
yadE_predicted,0.08333333333333333,11,11,CGCCGTGACTACCTACTTGT,0,4190458
yadE_predicted,0.08333333333333333,11,11,CGCCCGCAGTTTCGCCTTCT,0,4233336
yadE_predicted,0.08333333333333333,11,11,CGCCAAGGGTTAGTCGTGGA,0,4184942
yadE_predicted,0.08333333333333333,11,11,CGCAGTTTCACCAATCTAGC,0,4199281
yadE_predicted,0.08333333333333333,11,11,CGCACGGTCCTCATGTCTCG,0,4211967
yadE_predicted,0.08333333333333333,11,11,CGATGTCTGGTCTTTGGCTT,0,4177330
yadE_predicted,0.08333333333333333,11,11,CGATGATGACGCACCAAATT,0,4212365
yadE_predicted,0.08333333333333333,11,11,CGATCAGCCCTTAAGCGGTT,0,4227817
yadE_predicted,0.08333333333333333,11,11,CGATCAATTGGCGCCACCGG,0,4168526
yadE_predicted,0.08333333333333333,11,11,CGATATGAAAGGGTTTTGGT,0,4197295
yadE_predicted,0.08333333333333333,11,11,CGAGTATTAATCAATATAAA,0,4232468
yadE_predicted,0.08333333333333333,11,11,CGAGAGGCTTCGTCGGTATT,0,4211682
yadE_predicted,0.08333333333333333,11,11,CGACCGCAAGTAACACTAGA,0,4239124
yadE_predicted,0.08333333333333333,11,11,CGAAGGCCCTGCGGCCTTAC,0,4208663
yadE_predicted,0.08333333333333333,11,11,CGAACGCTAGAAGCGTGAGA,0,4239578
yadE_predicted,0.08333333333333333,11,11,CGAAATGCATGGTGTACGTT,0,4177101
yadE_predicted,0.08333333333333333,11,11,CCTTTGCTCGGACTATATCC,0,4185190
yadE_predicted,0.08333333333333333,11,11,CCTTCGAACGGCTTAGCGCT,0,4187739
yadE_predicted,0.08333333333333333,11,11,CCTGGCTGCAGATCCAGAGC,0,4181395
yadE_predicted,0.08333333333333333,11,11,CCTGAGCTGCTCAACAGTGT,0,4178540
yadE_predicted,0.08333333333333333,11,11,CCTGACTCAGGGCGAGTAGT,0,4186964
yadE_predicted,0.08333333333333333,11,11,CCTGACGTGTAAGAGCGTTC,0,4232848
yadE_predicted,0.08333333333333333,11,11,CCTCCGATCAATTGGCCTTT,0,4226816
yadE_predicted,0.08333333333333333,11,11,CCTCCATAGGATACCATGGG,0,4203825
yadE_predicted,0.08333333333333333,11,11,CCTATGCGTAGATGTGTATG,0,4169060
yadE_predicted,0.08333333333333333,11,11,CCTATGCGAGTGCTCCAAGG,0,4239647
yadE_predicted,0.08333333333333333,11,11,CCTATAGAACAGTCCTATCA,0,4227548
yadE_predicted,0.08333333333333333,11,11,CCTATAAAGCGCTCGCACCT,0,4230018
yadE_predicted,0.08333333333333333,11,11,CCTAGTTGTCCAGAACCCTA,0,4238065
yadE_predicted,0.08333333333333333,11,11,CCGTTTACGCTTCTTCTGTG,0,4190617
yadE_predicted,0.08333333333333333,11,11,CCGTCTAAACTCCGTGGTTC,0,4166225
yadE_predicted,0.08333333333333333,11,11,CCGTCCCGCAGACGACACGG,0,4162759
yadE_predicted,0.08333333333333333,11,11,CCGGTTTCCATTATGCTCCC,0,4163703
yadE_predicted,0.08333333333333333,11,11,CCGGGAGCGGTCAAGATGAT,0,4168928
yadE_predicted,0.08333333333333333,11,11,CCGCTCCTCTCAGATTCACC,0,4194042
yadE_predicted,0.08333333333333333,11,11,CCGCTACGGCCCATATTCCT,0,4196258
yadE_predicted,0.08333333333333333,11,11,CCGCGTCGCTACAGATCATC,0,4207405
yadE_predicted,0.08333333333333333,11,11,CCGCCTACATATGTCGCCCA,0,4223977
yadE_predicted,0.08333333333333333,11,11,CCGCACCTACCATGCTTTCA,0,4218787
yadE_predicted,0.08333333333333333,11,11,CCGATTTCACAGGAGCCCCA,0,4209831
yadE_predicted,0.08333333333333333,11,11,CCGATTACTGAACGTAATCT,0,4178357
yadE_predicted,0.08333333333333333,11,11,CCGATAGATTCATTTCTTAT,0,4218889
yadE_predicted,0.08333333333333333,11,11,CCGAGACATAACACACGGAG,0,4188835
yadE_predicted,0.08333333333333333,11,11,CCCTAATCGTAAGACATTCC,0,4226342
yadE_predicted,0.08333333333333333,11,11,CCCTAAAGTCAGGAGCTGAA,0,4210861
yadE_predicted,0.08333333333333333,11,11,CCCGTCGTGTCAGACGATAT,0,4211532
yadE_predicted,0.08333333333333333,11,11,CCCCGCCGAGTGTGATCTAG,0,4216923
yadE_predicted,0.08333333333333333,11,11,CCCATAATAAGTATAGTTAT,0,4169995
yadE_predicted,0.08333333333333333,11,11,CCCAGACGAAGGAAGTTATC,0,4227681
yadE_predicted,0.08333333333333333,11,11,CCCACTACGCCTCAATTTAT,0,4186490
yadE_predicted,0.08333333333333333,11,11,CCCACTAATTAGCCAGAAAC,0,4211437
yadE_predicted,0.08333333333333333,11,11,CCCAAGACGCACCGCACGCT,0,4166483
yadE_predicted,0.08333333333333333,11,11,CCATTCTGGGAAGCACCGGG,0,4167500
yadE_predicted,0.08333333333333333,11,11,CCATTAGGTATAGTTAACTG,0,4222314
yadE_predicted,0.08333333333333333,11,11,CCAGTTGCCACTCCCGCTGC,0,4193859
yadE_predicted,0.08333333333333333,11,11,CCAGTTCCCGATTTTTTCGT,0,4223143
yadE_predicted,0.08333333333333333,11,11,CCAGCTAGAATCAGTAGATT,0,4237965
yadE_predicted,0.08333333333333333,11,11,CCACTAGGGCTAGTCGCAAC,0,4228223
yadE_predicted,0.08333333333333333,11,11,CCACGGGCCAACGACTAACA,0,4181787
yadE_predicted,0.08333333333333333,11,11,CCACCGGACAAACTAATCGG,0,4169046
yadE_predicted,0.08333333333333333,11,11,CCACACCCCACAGTGGACCT,0,4185319
yadE_predicted,0.08333333333333333,11,11,CCACACAAGTAACCAGGAAT,0,4162871
yadE_predicted,0.08333333333333333,11,11,CCACAACCAACCTCTGGCTT,0,4223950
yadE_predicted,0.08333333333333333,11,11,CCACAAATGTTCGAATCAAT,0,4235948
yadE_predicted,0.08333333333333333,11,11,CCAATATCTAGTGTCTTCAA,0,4168080
yadE_predicted,0.08333333333333333,11,11,CATTGATCACGACCGCTCAG,0,4199580
yadE_predicted,0.08333333333333333,11,11,CATTATGTGGCTTTGACTAG,0,4204548
yadE_predicted,0.08333333333333333,11,11,CATTAAGTTTCTGTTTTAGA,0,4193722
yadE_predicted,0.08333333333333333,11,11,CATGTGAGTGGCTTAAGTTG,0,4199209
yadE_predicted,0.08333333333333333,11,11,CATGGTCCTTTGTCTCATGT,0,4177180
yadE_predicted,0.08333333333333333,11,11,CATGAGCGTGCACGGGCTAT,0,4216351
yadE_predicted,0.08333333333333333,11,11,CATCGTAAAAGATCGTGCGA,0,4238207
yadE_predicted,0.08333333333333333,11,11,CATCCTACCCATATAAGGAA,0,4174283
yadE_predicted,0.08333333333333333,11,11,CATCATCAAGTTTACCGGCC,0,4200088
yadE_predicted,0.08333333333333333,11,11,CATCACGGACGGGTACCTCA,0,4172102
yadE_predicted,0.08333333333333333,11,11,CATAACCGAAACTCAAATGC,0,4200605
yadE_predicted,0.08333333333333333,11,11,CAGTTAATACCCCCCGGAAC,0,4232671
yadE_predicted,0.08333333333333333,11,11,CAGTCGCGGTTGACTAGGAA,0,4214368
yadE_predicted,0.08333333333333333,11,11,CAGTAGGGAGAGGTTACAAT,0,4214399
yadE_predicted,0.08333333333333333,11,11,CAGTAATCGCGGCGTTTCCC,0,4204159
yadE_predicted,0.08333333333333333,11,11,CAGTAAATACGCAAAGTGGT,0,4164543
yadE_predicted,0.08333333333333333,11,11,CAGGTTTGCTTTCAGCTAGC,0,4198455
yadE_predicted,0.08333333333333333,11,11,CAGGTGCCGTTACACTTTGT,0,4221524
yadE_predicted,0.08333333333333333,11,11,CAGGGCGTCGGACGCGAACG,0,4228348
yadE_predicted,0.08333333333333333,11,11,CAGGACGATAGAGGGTTCGG,0,4213891
yadE_predicted,0.08333333333333333,11,11,CAGCAGTCCTGGAATCAGGT,0,4235698
yadE_predicted,0.08333333333333333,11,11,CAGAGAATCATATCCGACCG,0,4165325
yadE_predicted,0.08333333333333333,11,11,CACTGTTGAGAGTATTCCGT,0,4164309
yadE_predicted,0.08333333333333333,11,11,CACTGCAAGTTTGAGCGGAC,0,4184732
yadE_predicted,0.08333333333333333,11,11,CACTATCTCCTCTACTAGGC,0,4228727
yadE_predicted,0.08333333333333333,11,11,CACTAATCTTCTGTTAAGAA,0,4181903
yadE_predicted,0.08333333333333333,11,11,CACCATCGACCGAGCAGTCT,0,4175856
yadE_predicted,0.08333333333333333,11,11,CACCAATTCAGCTACCTCTC,0,4225855
yadE_predicted,0.08333333333333333,11,11,CACATGCCAGATGCGACGTT,0,4174397
yadE_predicted,0.08333333333333333,11,11,CACAATAAGTACTGAACTGC,0,4175047
yadE_predicted,0.08333333333333333,11,11,CAATTGGTCTTGTTAATTGC,0,4163218
yadE_predicted,0.08333333333333333,11,11,CAATGTCTGGATCTGCAATG,0,4219195
yadE_predicted,0.08333333333333333,11,11,CAATCGGCCCTCCCAGTAGA,0,4217219
yadE_predicted,0.08333333333333333,11,11,CAAGTGACTACGGACAACAA,0,4182699
yadE_predicted,0.08333333333333333,11,11,CAAGTATAGTGGGGGTATAA,0,4224488
yadE_predicted,0.08333333333333333,11,11,CAAGCAGAAGGAACAGACAA,0,4190066
yadE_predicted,0.08333333333333333,11,11,CAACTTCTTGATGAGCAGGC,0,4235224
yadE_predicted,0.08333333333333333,11,11,CAACTGTAGTTCACTCGCAT,0,4211068
yadE_predicted,0.08333333333333333,11,11,CAACAGTCGTACTTGATGGA,0,4185679
yadE_predicted,0.08333333333333333,11,11,CAAATTCTTTGGAACGTTGC,0,4231410
yadE_predicted,0.08333333333333333,11,11,CAAAGGCGTGATCTGATCAT,0,4206417
yadE_predicted,0.08333333333333333,11,11,CAAAGCGATCAAACAGATGC,0,4200205
yadE_predicted,0.08333333333333333,11,11,CAAACCTCAAGGTATATCCT,0,4216338
yadE_predicted,0.08333333333333333,11,11,CAAAAGTGCGTTGAATTAGC,0,4199881
yadE_predicted,0.08333333333333333,11,11,CAAAAGTCATTTCATTTCCT,0,4178052
yadE_predicted,0.08333333333333333,11,11,CAAAACGCGAAATATCGGAT,0,4175475
yadE_predicted,0.08333333333333333,11,11,ATTTGGAAGGCACGTCGCGA,0,4160898
yadE_predicted,0.08333333333333333,11,11,ATTTCGAACCACTACGACGT,0,4174386
yadE_predicted,0.08333333333333333,11,11,ATTGTCTGACTGAAGGAGGT,0,4176055
yadE_predicted,0.08333333333333333,11,11,ATTGGTCCCACGCTTAGAGC,0,4169517
yadE_predicted,0.08333333333333333,11,11,ATTGGGCGTTATTGCTTAGT,0,4234627
yadE_predicted,0.08333333333333333,11,11,ATTGGCTCTGTGCACCACAA,0,4179342
yadE_predicted,0.08333333333333333,11,11,ATTGCAACCCGCCTCTACAA,0,4177702
yadE_predicted,0.08333333333333333,11,11,ATTCCGAAACGGTATCCGTA,0,4211857
yadE_predicted,0.08333333333333333,11,11,ATTATCATTGGTCGGTCTTA,0,4236071
yadE_predicted,0.08333333333333333,11,11,ATTATAGACTCGGGGCGAGC,0,4184456
yadE_predicted,0.08333333333333333,11,11,ATTACTCCACTCGTGGTAAT,0,4177784
yadE_predicted,0.08333333333333333,11,11,ATGTTGGACAGTGGGAATCA,0,4201126
yadE_predicted,0.08333333333333333,11,11,ATGTGCTCAGGGCGCCCCAA,0,4176037
yadE_predicted,0.08333333333333333,11,11,ATGGTCTGCTTGAACTGCGT,0,4169396
yadE_predicted,0.08333333333333333,11,11,ATGGGTTTCAACATTACATA,0,4173099
yadE_predicted,0.08333333333333333,11,11,ATGGGAAAAGCTAACAGGCC,0,4173312
yadE_predicted,0.08333333333333333,11,11,ATGGCTGTCTCAGTTGATAA,0,4204003
yadE_predicted,0.08333333333333333,11,11,ATGGACCGGTTTTATTCATC,0,4166337
yadE_predicted,0.08333333333333333,11,11,ATGGAAACGCCTGAAGCATT,0,4230577
yadE_predicted,0.08333333333333333,11,11,ATGCTAAGACTCAAGGGTCC,0,4239569
yadE_predicted,0.08333333333333333,11,11,ATGCGTTAGCTAATAGCCCG,0,4194063
yadE_predicted,0.08333333333333333,11,11,ATGCATATCCGTTCGGCGTA,0,4178411
yadE_predicted,0.08333333333333333,11,11,ATGCACCGGGAATCCTGGCG,0,4183533
yadE_predicted,0.08333333333333333,11,11,ATGATGACTCGTTACACATG,0,4227615
yadE_predicted,0.08333333333333333,11,11,ATGACTTAGTGGGCCACATG,0,4195916
yadE_predicted,0.08333333333333333,11,11,ATGACACTTCGATGCGTAGA,0,4231862
yadE_predicted,0.08333333333333333,11,11,ATGACAAGGCAAGCCGGTCA,0,4194112
yadE_predicted,0.08333333333333333,11,11,ATCTTACGGTCACTCCCGCA,0,4240123
yadE_predicted,0.08333333333333333,11,11,ATCTAGGTGGAAGTTCGTGG,0,4184099
yadE_predicted,0.08333333333333333,11,11,ATCGTCCTATTCGGTATCAT,0,4197469
yadE_predicted,0.08333333333333333,11,11,ATCGAGCGTGCGCGAGTAGT,0,4170987
yadE_predicted,0.08333333333333333,11,11,ATCCCGATAACGGCTCGCTT,0,4176357
yadE_predicted,0.08333333333333333,11,11,ATCCCCACGAAATACAGGTC,0,4223042
yadE_predicted,0.08333333333333333,11,11,ATCATCGGCGATGCATGTAT,0,4239517
yadE_predicted,0.08333333333333333,11,11,ATCATACTAAAAAAAAGTGG,0,4209522
yadE_predicted,0.08333333333333333,11,11,ATCAGTCGTCAAAGTCGCGA,0,4172611
yadE_predicted,0.08333333333333333,11,11,ATCAGCGGAACTCCTCTTTG,0,4159492
yadE_predicted,0.08333333333333333,11,11,ATATACCGTCAGTCCAATAT,0,4204163
yadE_predicted,0.08333333333333333,11,11,ATAGGAACATCCTCCGGTTC,0,4201896
yadE_predicted,0.08333333333333333,11,11,ATAGCTTAGTTCCTCTTATT,0,4197161
yadE_predicted,0.08333333333333333,11,11,ATAGCAGTCTCGCCAGGCTG,0,4165216
yadE_predicted,0.08333333333333333,11,11,ATAGAGACAATACATTTCGG,0,4221382
yadE_predicted,0.08333333333333333,11,11,ATACTCTCAGTCGGGCGTAC,0,4229575
yadE_predicted,0.08333333333333333,11,11,ATAAGCGGATTAAGGACCGC,0,4174003
yadE_predicted,0.08333333333333333,11,11,ATAAGAACGCAAATCGACAA,0,4199983
yadE_predicted,0.08333333333333333,11,11,ATAACTGGGCATCCAACGCA,0,4212994
yadE_predicted,0.08333333333333333,11,11,ATAACAGGGTATGCGTGTGG,0,4165911
yadE_predicted,0.08333333333333333,11,11,ATAACAAAAGTCCTTAAAAA,0,4212171
yadE_predicted,0.08333333333333333,11,11,ATAAACGGACGCGACACCAA,0,4219948
yadE_predicted,0.08333333333333333,11,11,AGTTCTCCATATTAGTCAGA,0,4205875
yadE_predicted,0.08333333333333333,11,11,AGTTACTTCTTATTTGCGAA,0,4175137
yadE_predicted,0.08333333333333333,11,11,AGTGGAGTGGGAAGTTTGGA,0,4168183
yadE_predicted,0.08333333333333333,11,11,AGTCATCATATATCGGTCTC,0,4184547
yadE_predicted,0.08333333333333333,11,11,AGTCAGGTTAAACGGGTTAT,0,4225896
yadE_predicted,0.08333333333333333,11,11,AGTACTAGACCTAGTCAGGG,0,4220553
yadE_predicted,0.08333333333333333,11,11,AGTACGTCACACCGAGCTCC,0,4184608
yadE_predicted,0.08333333333333333,11,11,AGTACAACGCACAGGGGAAT,0,4210560
yadE_predicted,0.08333333333333333,11,11,AGGTGGACAAAGTGAACAAA,0,4213528
yadE_predicted,0.08333333333333333,11,11,AGGTCAGATATACGGGTCGC,0,4230653
yadE_predicted,0.08333333333333333,11,11,AGGTAACTTGCTCTTAAGTT,0,4172562
yadE_predicted,0.08333333333333333,11,11,AGGTAACCTAGATGACGAGT,0,4218955
yadE_predicted,0.08333333333333333,11,11,AGGGCGGTGGTTGGTTGGGA,0,4240413
yadE_predicted,0.08333333333333333,11,11,AGGGATAGTTGGCTCGGTCA,0,4203232
yadE_predicted,0.08333333333333333,11,11,AGGCTTAGTGCAGGTGATGA,0,4196460
yadE_predicted,0.08333333333333333,11,11,AGGCTGGGACATGATTGCGA,0,4211508
yadE_predicted,0.08333333333333333,11,11,AGGCTGGCTTGATGTTTGCT,0,4168934
yadE_predicted,0.08333333333333333,11,11,AGGATGTAAGGCAAGTATTA,0,4163469
yadE_predicted,0.08333333333333333,11,11,AGGAAGATACGGCCCTCGCA,0,4164163
yadE_predicted,0.08333333333333333,11,11,AGGAAACGACTGGAATCATG,0,4191328
yadE_predicted,0.08333333333333333,11,11,AGCGGTTACAGTGGTGAATG,0,4196067
yadE_predicted,0.08333333333333333,11,11,AGCCTCCGAACATCTCCATA,0,4231509
yadE_predicted,0.08333333333333333,11,11,AGCCGCCGTCATCTGTTGAT,0,4233678
yadE_predicted,0.08333333333333333,11,11,AGCCAGCTCTACATGGTTCT,0,4240683
yadE_predicted,0.08333333333333333,11,11,AGCATGCAAACCTCCCGGAT,0,4228234
yadE_predicted,0.08333333333333333,11,11,AGATTGCACCTTTCACAAAA,0,4178043
yadE_predicted,0.08333333333333333,11,11,AGATTATTAGAGATACCAGA,0,4206569
yadE_predicted,0.08333333333333333,11,11,AGATGGTCCTTGCGCGTTCC,0,4195496
yadE_predicted,0.08333333333333333,11,11,AGATAGGCTGTACCTGGATA,0,4231258
yadE_predicted,0.08333333333333333,11,11,AGATAGCGAGTCGGCCTTCG,0,4189958
yadE_predicted,0.08333333333333333,11,11,AGAGGTAGTGTACCGCTATC,0,4195806
yadE_predicted,0.08333333333333333,11,11,AGAGGGATTAAGGACCTCTT,0,4211343
yadE_predicted,0.08333333333333333,11,11,AGAGGAGACCACGGCTAGGG,0,4194331
yadE_predicted,0.08333333333333333,11,11,AGAGCAACCCCCGCGGATTC,0,4189321
yadE_predicted,0.08333333333333333,11,11,AGAGATCTAAGACAACATCT,0,4201798
yadE_predicted,0.08333333333333333,11,11,AGAAGCAGGGCCGGGTACTT,0,4200468
yadE_predicted,0.08333333333333333,11,11,AGAACTCCCCCTAGGAGTAG,0,4182301
yadE_predicted,0.08333333333333333,11,11,AGAACTATAGGGACCGAACT,0,4185560
yadE_predicted,0.08333333333333333,11,11,AGAACGAAGGCTGAACGCCT,0,4234892
yadE_predicted,0.08333333333333333,11,11,ACTTCACGAGAGTACTTCGA,0,4219761
yadE_predicted,0.08333333333333333,11,11,ACTGTAGGTGCAGAGATTTA,0,4175129
yadE_predicted,0.08333333333333333,11,11,ACTGGGCACGGCGCCGTACA,0,4212327
yadE_predicted,0.08333333333333333,11,11,ACTGATCTATCCCTTTTAAT,0,4186977
yadE_predicted,0.08333333333333333,11,11,ACTCCAGCTTCTAGTTGACG,0,4159741
yadE_predicted,0.08333333333333333,11,11,ACTCAGCTGTGTTTGTGAAT,0,4187526
yadE_predicted,0.08333333333333333,11,11,ACTATGGAGCAGTTTGTTTT,0,4227232
yadE_predicted,0.08333333333333333,11,11,ACTACTATTCTCGGTTGTGC,0,4218223
yadE_predicted,0.08333333333333333,11,11,ACTAAAGGCCCTGGTACAAA,0,4175390
yadE_predicted,0.08333333333333333,11,11,ACGTTGCAAGGTTGGGAGTG,0,4232045
yadE_predicted,0.08333333333333333,11,11,ACGTTAAAACGGTGTAAGGA,0,4212896
yadE_predicted,0.08333333333333333,11,11,ACGTGTGGACACGTGCACCC,0,4160587
yadE_predicted,0.08333333333333333,11,11,ACGTGTGAGGCACTCCGCAT,0,4189102
yadE_predicted,0.08333333333333333,11,11,ACGTAACAAGGTCACGCCTT,0,4163654
yadE_predicted,0.08333333333333333,11,11,ACGGGAGCGTATCCTGATTT,0,4240787
yadE_predicted,0.08333333333333333,11,11,ACGGCATTTATGGAGAACAT,0,4166851
yadE_predicted,0.08333333333333333,11,11,ACGGAGGTCCCTATCTATGC,0,4171427
yadE_predicted,0.08333333333333333,11,11,ACGGACGCTGGTCTTGGGGT,0,4171822
yadE_predicted,0.08333333333333333,11,11,ACGCGGGTATCATACCGGAG,0,4217951
yadE_predicted,0.08333333333333333,11,11,ACGCGGGCTAAGACTGTTTT,0,4211567
yadE_predicted,0.08333333333333333,11,11,ACGAGTACATCACCCGTTGT,0,4233245
yadE_predicted,0.08333333333333333,11,11,ACGAGCGAACCTTAGTGTTG,0,4237326
yadE_predicted,0.08333333333333333,11,11,ACGACCTGTGATAGAGCCCC,0,4213991
yadE_predicted,0.08333333333333333,11,11,ACGACCCACCCGAGTCAAGA,0,4191833
yadE_predicted,0.08333333333333333,11,11,ACGACCATAGTGGCTATCGA,0,4232897
yadE_predicted,0.08333333333333333,11,11,ACGAAGCCTTCCTGGTCAGG,0,4183717
yadE_predicted,0.08333333333333333,11,11,ACCTGGGTGTGGGAACTTAA,0,4177427
yadE_predicted,0.08333333333333333,11,11,ACCTGGGCTCTATCGTTTCT,0,4219849
yadE_predicted,0.08333333333333333,11,11,ACCGGTTTCCAAGAGCTGAA,0,4193436
yadE_predicted,0.08333333333333333,11,11,ACCGCGCATCACCCTTGGAG,0,4170753
yadE_predicted,0.08333333333333333,11,11,ACCGAGGTTCCATTACTCGG,0,4219778
yadE_predicted,0.08333333333333333,11,11,ACCCTAGGTTTTGGAGCAAC,0,4188119
yadE_predicted,0.08333333333333333,11,11,ACCATTCGCAGACGTAATGC,0,4168029
yadE_predicted,0.08333333333333333,11,11,ACCAGTTAGCCATTAATGGA,0,4171292
yadE_predicted,0.08333333333333333,11,11,ACCAGGTATATAAAACTCAT,0,4184374
yadE_predicted,0.08333333333333333,11,11,ACCACGCGTCAAAAATGCAT,0,4205160
yadE_predicted,0.08333333333333333,11,11,ACCAATGCCTACGGTAAGAT,0,4183320
yadE_predicted,0.08333333333333333,11,11,ACATTGGACTCATTTCGAGT,0,4206623
yadE_predicted,0.08333333333333333,11,11,ACATAACACGACTCAGAAGC,0,4239160
yadE_predicted,0.08333333333333333,11,11,ACAGTTCAATGGATGAAGGA,0,4221061
yadE_predicted,0.08333333333333333,11,11,ACAGAATAACGTTCCTTGGC,0,4177769
yadE_predicted,0.08333333333333333,11,11,ACACGCGGCAAGTGTTCTAG,0,4169646
yadE_predicted,0.08333333333333333,11,11,ACACCTGTGCCCGAGAGTTG,0,4237084
yadE_predicted,0.08333333333333333,11,11,ACACCCTGGCAGCACGGAAA,0,4198921
yadE_predicted,0.08333333333333333,11,11,ACAAGACAGGGCTTGGGACT,0,4209772
yadE_predicted,0.08333333333333333,11,11,AATGGAAAGAACCCCGCACG,0,4166644
yadE_predicted,0.08333333333333333,11,11,AATGCAAGACAATCCTCGGA,0,4197502
yadE_predicted,0.08333333333333333,11,11,AATGATTTCTTGATAGACTC,0,4195976
yadE_predicted,0.08333333333333333,11,11,AATCTTTACAATACAAGTTG,0,4222046
yadE_predicted,0.08333333333333333,11,11,AATCTTCGGCGTCAATTGGC,0,4174811
yadE_predicted,0.08333333333333333,11,11,AATCCTTTGCCAGAACATAT,0,4196412
yadE_predicted,0.08333333333333333,11,11,AATCCTCTGGGTCGCTAGTG,0,4199350
yadE_predicted,0.08333333333333333,11,11,AATCCTAATGCTGACCGCTT,0,4198823
yadE_predicted,0.08333333333333333,11,11,AATCAGAGGACCGTTGCGGG,0,4198825
yadE_predicted,0.08333333333333333,11,11,AATCAACGACGCACTCAGGA,0,4203622
yadE_predicted,0.08333333333333333,11,11,AATATCCACGGATTTGCCGG,0,4204927
yadE_predicted,0.08333333333333333,11,11,AAGTTGTAGTTGTGAAGTTG,0,4160158
yadE_predicted,0.08333333333333333,11,11,AAGTTCTTGCTATAGCTTAA,0,4217386
yadE_predicted,0.08333333333333333,11,11,AAGTTAGAGCCAGCTACTCT,0,4211947
yadE_predicted,0.08333333333333333,11,11,AAGTAAAGAAGACGGGGATC,0,4212071
yadE_predicted,0.08333333333333333,11,11,AAGGTACCTAGGACCGCAGT,0,4181983
yadE_predicted,0.08333333333333333,11,11,AAGGGCAGTGAAGATACGGT,0,4200455
yadE_predicted,0.08333333333333333,11,11,AAGGAGACTTTTGGTCCGAT,0,4192055
yadE_predicted,0.08333333333333333,11,11,AAGCGTACGCGTTATAACGG,0,4227072
yadE_predicted,0.08333333333333333,11,11,AAGCCCTTTCTGGCCATGAC,0,4167259
yadE_predicted,0.08333333333333333,11,11,AAGCCACTCATAAATCACTC,0,4168572
yadE_predicted,0.08333333333333333,11,11,AAGCACCGGGTCCGAGCCGT,0,4173718
yadE_predicted,0.08333333333333333,11,11,AAGAGGGGTAGAAGTCAGGG,0,4234169
yadE_predicted,0.08333333333333333,11,11,AAGACCTACGTCCTTGGTTA,0,4224636
yadE_predicted,0.08333333333333333,11,11,AAGACATTCCCACGCTAAAC,0,4225862
yadE_predicted,0.08333333333333333,11,11,AAGAATCATTCGAGGTTCAT,0,4194793
yadE_predicted,0.08333333333333333,11,11,AAGAACAAGTTCGATGAGTA,0,4184482
yadE_predicted,0.08333333333333333,11,11,AACTTGCAAACTACTTCCGA,0,4160167
yadE_predicted,0.08333333333333333,11,11,AACTGCTAGGGTCAAACTCC,0,4219492
yadE_predicted,0.08333333333333333,11,11,AACTCACGAAAATACTTAAG,0,4167062
yadE_predicted,0.08333333333333333,11,11,AACGTATGGATTTTGGACGT,0,4231236
yadE_predicted,0.08333333333333333,11,11,AACGGCCCATGGTCCTGATC,0,4202464
yadE_predicted,0.08333333333333333,11,11,AACGATATGTATAGGACATA,0,4182958
yadE_predicted,0.08333333333333333,11,11,AACCTGCCTTGCTTACGCTT,0,4215792
yadE_predicted,0.08333333333333333,11,11,AACATGCGTGATGCGTAGTC,0,4240742
yadE_predicted,0.08333333333333333,11,11,AACAGACATCGCAACTCAAT,0,4228975
yadE_predicted,0.08333333333333333,11,11,AACACTCTTTACCGCGGATG,0,4173151
yadE_predicted,0.08333333333333333,11,11,AAATTCTATGAGTGTATTTT,0,4203099
yadE_predicted,0.08333333333333333,11,11,AAATTCGCCAATCAGTTTTG,0,4206150
yadE_predicted,0.08333333333333333,11,11,AAAGTTATATGGACCCCCTA,0,4202750
yadE_predicted,0.08333333333333333,11,11,AAACTTTCCAGGATAGGCGC,0,4184964
yadE_predicted,0.08333333333333333,11,11,AAAAGCAGCGATTTTCGGAT,0,4196424
yadE_predicted,0.09090909090909091,10,10,TTTTGACAAGTTTTGCCACC,0,4182019
yadE_predicted,0.09090909090909091,10,10,TTTTCTTTCCGTGTGTGTAT,0,4182522
yadE_predicted,0.09090909090909091,10,10,TTTTCTAAATGGGTAGTACT,0,4192602
yadE_predicted,0.09090909090909091,10,10,TTTGCGCTGCCTCGAGCATA,0,4180669
yadE_predicted,0.09090909090909091,10,10,TTTGCAGACTGGGCAGCGTA,0,4194994
yadE_predicted,0.09090909090909091,10,10,TTTCCAAAGGAGGCTTTAGG,0,4225893
yadE_predicted,0.09090909090909091,10,10,TTTATACAGCATCCCGGTGA,0,4223603
yadE_predicted,0.09090909090909091,10,10,TTTAGGGCAAATTTACGCGA,0,4209778
yadE_predicted,0.09090909090909091,10,10,TTTACAACGGGAGATTGATT,0,4190677
yadE_predicted,0.09090909090909091,10,10,TTGTTTCTCGCATATAATGC,0,4194375
yadE_predicted,0.09090909090909091,10,10,TTGTTGACAATAGCCCTGCG,0,4203878
yadE_predicted,0.09090909090909091,10,10,TTGTGTCAGTACGGCGTTTT,0,4174206
yadE_predicted,0.09090909090909091,10,10,TTGTGGCAACGTCCGGCCCC,0,4226967
yadE_predicted,0.09090909090909091,10,10,TTGTCCGTTGCGTCAAAGTT,0,4208462
yadE_predicted,0.09090909090909091,10,10,TTGTCACAGATTTTCAAAGA,0,4190092
yadE_predicted,0.09090909090909091,10,10,TTGGTCTTGGATACAGATGC,0,4211713
yadE_predicted,0.09090909090909091,10,10,TTGGTAGGTCCCTAGTATAG,0,4160673
yadE_predicted,0.09090909090909091,10,10,TTGGCGTGAGATCTTGTATA,0,4176823
yadE_predicted,0.09090909090909091,10,10,TTGGAGGACATTGTGAATCT,0,4222945
yadE_predicted,0.09090909090909091,10,10,TTGCGTCCCAAACGTGGCCC,0,4187000
yadE_predicted,0.09090909090909091,10,10,TTGCGCTGGTGTCAGGCATG,0,4197967
yadE_predicted,0.09090909090909091,10,10,TTGCCGTGTAGCACACTCAA,0,4226287
yadE_predicted,0.09090909090909091,10,10,TTGATCGACAGGTCTAGTGT,0,4201387
yadE_predicted,0.09090909090909091,10,10,TTGACGACCTGAGTCTGTGG,0,4168773
yadE_predicted,0.09090909090909091,10,10,TTGAAACGATATGTCGGTGT,0,4196124
yadE_predicted,0.09090909090909091,10,10,TTCTTGGTCCACCATAAGCG,0,4191638
yadE_predicted,0.09090909090909091,10,10,TTCTTACAGTGGAGAGGTTC,0,4171359
yadE_predicted,0.09090909090909091,10,10,TTCGGAGTTAGCGGTGGTGC,0,4173348
yadE_predicted,0.09090909090909091,10,10,TTCCTGTTCCTCGACGTATT,0,4164296
yadE_predicted,0.09090909090909091,10,10,TTCCGTGACGAGTCCCAGTA,0,4168697
yadE_predicted,0.09090909090909091,10,10,TTCCCATTAACATCGGCAGT,0,4168157
yadE_predicted,0.09090909090909091,10,10,TTCCACATCATCGGTGTCGT,0,4159819
yadE_predicted,0.09090909090909091,10,10,TTCATCGCCAGCCTTCGGCG,0,4197795
yadE_predicted,0.09090909090909091,10,10,TTCAGCTAAGGTTCGAGATG,0,4185224
yadE_predicted,0.09090909090909091,10,10,TTCACATCCGAGGCTTATGA,0,4163079
yadE_predicted,0.09090909090909091,10,10,TTCAACTAGACCTGGTTTAG,0,4190461
yadE_predicted,0.09090909090909091,10,10,TTATGCTGGTCATACGTCGG,0,4161563
yadE_predicted,0.09090909090909091,10,10,TTATAATGGGATTCAATATC,0,4223224
yadE_predicted,0.09090909090909091,10,10,TTAGGCAAGTCCCAAGATGT,0,4232257
yadE_predicted,0.09090909090909091,10,10,TTACTGCACAAGTCTACAGT,0,4196427
yadE_predicted,0.09090909090909091,10,10,TTACCATCCAATCAAGAATA,0,4169769
yadE_predicted,0.09090909090909091,10,10,TTAAGATGCTAGATGGAGGA,0,4202154
yadE_predicted,0.09090909090909091,10,10,TTAAACTAGGAACGGAAGTT,0,4204467
yadE_predicted,0.09090909090909091,10,10,TGTTTGGCCCTCACACACTA,0,4228028
yadE_predicted,0.09090909090909091,10,10,TGTTTGATAGGCTATCCAAC,0,4217417
yadE_predicted,0.09090909090909091,10,10,TGTTTCCGCTGTGTCCTAGG,0,4176240
yadE_predicted,0.09090909090909091,10,10,TGTTTAAGGCCCTTCTTAGG,0,4227599
yadE_predicted,0.09090909090909091,10,10,TGTTCAGGCAATGTTGAAGT,0,4226135
yadE_predicted,0.09090909090909091,10,10,TGTGTTCCCTATTTGGGAGG,0,4213103
yadE_predicted,0.09090909090909091,10,10,TGTGCAGTTTTTTAGCGAAC,0,4179030
yadE_predicted,0.09090909090909091,10,10,TGTCCTGTTTTTGCGCCCTA,0,4212449
yadE_predicted,0.09090909090909091,10,10,TGTCATTCCAACCGGTCCTA,0,4189240
yadE_predicted,0.09090909090909091,10,10,TGTCACGTCGCATGTGCTAG,0,4195116
yadE_predicted,0.09090909090909091,10,10,TGTCACGACCCTGAAACGCA,0,4224673
yadE_predicted,0.09090909090909091,10,10,TGTAACACTAGCATTTGAAA,0,4183259
yadE_predicted,0.09090909090909091,10,10,TGGTTGGCGTAAGTTATGCT,0,4163107
yadE_predicted,0.09090909090909091,10,10,TGGTTCATAGCATTTTCTTA,0,4193757
yadE_predicted,0.09090909090909091,10,10,TGGTGAATCCTTCTTCCGGA,0,4159528
yadE_predicted,0.09090909090909091,10,10,TGGTCCGTCAGGAATGCAGA,0,4240971
yadE_predicted,0.09090909090909091,10,10,TGGTCATAGAAAAAAGGAGC,0,4179770
yadE_predicted,0.09090909090909091,10,10,TGGTAGTCTACAGGCTCTCA,0,4180883
yadE_predicted,0.09090909090909091,10,10,TGGTAGTAGGGGGGTTTCGC,0,4196236
yadE_predicted,0.09090909090909091,10,10,TGGTAGAGTTATTTCGTACA,0,4197342
yadE_predicted,0.09090909090909091,10,10,TGGGTCCATGTGCGTTAAAC,0,4164797
yadE_predicted,0.09090909090909091,10,10,TGGGCGGGGCTAATGGTTGG,0,4160818
yadE_predicted,0.09090909090909091,10,10,TGGGCAACCCACGGCCCCAA,0,4203413
yadE_predicted,0.09090909090909091,10,10,TGGGATCGGCAAAATGTGTA,0,4167292
yadE_predicted,0.09090909090909091,10,10,TGGCTTACGATCACTTAGTC,0,4201310
yadE_predicted,0.09090909090909091,10,10,TGGCGGGCCGATCCGGTGGT,0,4221406
yadE_predicted,0.09090909090909091,10,10,TGGCCTTGAGCGTAAGAGGT,0,4174116
yadE_predicted,0.09090909090909091,10,10,TGGCCCGTGACCACGCGTTA,0,4177194
yadE_predicted,0.09090909090909091,10,10,TGGATGTGAAGGCCGCTCAA,0,4187744
yadE_predicted,0.09090909090909091,10,10,TGGAACTAGCGGGGAAAGTA,0,4168784
yadE_predicted,0.09090909090909091,10,10,TGCTATGCTATTAGTTTAAA,0,4197382
yadE_predicted,0.09090909090909091,10,10,TGCGTATACTCTGAACCTCG,0,4204906
yadE_predicted,0.09090909090909091,10,10,TGCGGGTTGCGTTCCAATAT,0,4188957
yadE_predicted,0.09090909090909091,10,10,TGCCAAGAATGAGCTCTGAC,0,4230215
yadE_predicted,0.09090909090909091,10,10,TGCAAGTTGTTTCTCGGCCC,0,4201114
yadE_predicted,0.09090909090909091,10,10,TGATGGTCTGACGTCCCTCG,0,4193034
yadE_predicted,0.09090909090909091,10,10,TGATAGACCTCATATCGGCG,0,4159737
yadE_predicted,0.09090909090909091,10,10,TGATAAGAATGCTTTCATTG,0,4185959
yadE_predicted,0.09090909090909091,10,10,TGAGTGCATTTGAAAACTTT,0,4178906
yadE_predicted,0.09090909090909091,10,10,TGAGGGTCAAGACCGGCGCA,0,4161858
yadE_predicted,0.09090909090909091,10,10,TGACTCGTTCTACTCGGGGG,0,4179400
yadE_predicted,0.09090909090909091,10,10,TGACGGCCACTTTTACCAGC,0,4202178
yadE_predicted,0.09090909090909091,10,10,TGACGCGGGATCATAGGGGT,0,4216832
yadE_predicted,0.09090909090909091,10,10,TGACCTTGCCACACGGGCCA,0,4229421
yadE_predicted,0.09090909090909091,10,10,TGACCCAGGGTTCTTAACCT,0,4159390
yadE_predicted,0.09090909090909091,10,10,TGAAGGGTCACCCCTGGCAT,0,4230446
yadE_predicted,0.09090909090909091,10,10,TGAAATTACGTTCCGAACAT,0,4239760
yadE_predicted,0.09090909090909091,10,10,TGAAAGCCGATTAGTGGCGT,0,4205444
yadE_predicted,0.09090909090909091,10,10,TGAAACTTGAATTGAATGCT,0,4239702
yadE_predicted,0.09090909090909091,10,10,TCTTTGAACTTCCGCGGATA,0,4220761
yadE_predicted,0.09090909090909091,10,10,TCTTGGCCATGCCTACGCGT,0,4220908
yadE_predicted,0.09090909090909091,10,10,TCTTGCGCAATCAGACTGGG,0,4214527
yadE_predicted,0.09090909090909091,10,10,TCTTATCGCGAAATAGGAGA,0,4234997
yadE_predicted,0.09090909090909091,10,10,TCTTAAGGGCGGATTGCCTG,0,4205416
yadE_predicted,0.09090909090909091,10,10,TCTGTGATTAGTTCTCCTGC,0,4192907
yadE_predicted,0.09090909090909091,10,10,TCTGGGGCGTTCTCCAGTGT,0,4184094
yadE_predicted,0.09090909090909091,10,10,TCTGCGCTGTAGAACGACCG,0,4218439
yadE_predicted,0.09090909090909091,10,10,TCTGATTTGTCCCCCCGGCC,0,4223552
yadE_predicted,0.09090909090909091,10,10,TCTCTCCTCTGGCTTATGTT,0,4238335
yadE_predicted,0.09090909090909091,10,10,TCTCGACTTTCTCGCACCCC,0,4232459
yadE_predicted,0.09090909090909091,10,10,TCTATGAAGGTCCCGGTGTT,0,4234603
yadE_predicted,0.09090909090909091,10,10,TCTACCCTTTACCGAGTCCT,0,4230499
yadE_predicted,0.09090909090909091,10,10,TCGTTATACAGCATAACAAT,0,4220044
yadE_predicted,0.09090909090909091,10,10,TCGTGCTATTCCGAGTCACA,0,4233488
yadE_predicted,0.09090909090909091,10,10,TCGTCCGAGCCGACTGATCT,0,4162855
yadE_predicted,0.09090909090909091,10,10,TCGCTTTTACTTTCCGCCAG,0,4190626
yadE_predicted,0.09090909090909091,10,10,TCGCTGGAAAAAGAGTTCCT,0,4220284
yadE_predicted,0.09090909090909091,10,10,TCGCTAAATCTCTCTTGTCA,0,4219485
yadE_predicted,0.09090909090909091,10,10,TCGCGGCGCATATTAGCTGC,0,4238072
yadE_predicted,0.09090909090909091,10,10,TCGCCAGTGTGAAGTGCGGG,0,4222652
yadE_predicted,0.09090909090909091,10,10,TCGATTCAGCTCGAGTATCC,0,4235230
yadE_predicted,0.09090909090909091,10,10,TCGAGGTGCAGTGATCGTGT,0,4208022
yadE_predicted,0.09090909090909091,10,10,TCGAGACAGAAGGACACACT,0,4159655
yadE_predicted,0.09090909090909091,10,10,TCCTAGTTGACTAATGCGGG,0,4218341
yadE_predicted,0.09090909090909091,10,10,TCCGTGTGGGTGTAGTCAGG,0,4161065
yadE_predicted,0.09090909090909091,10,10,TCCGTCTTTAATTCAACTAC,0,4208452
yadE_predicted,0.09090909090909091,10,10,TCCGGCAATAGCCCCGTCTC,0,4218152
yadE_predicted,0.09090909090909091,10,10,TCCGCGTCTGAAATGCCAAG,0,4162793
yadE_predicted,0.09090909090909091,10,10,TCCGAGGCAGGCTCAGACCT,0,4182643
yadE_predicted,0.09090909090909091,10,10,TCCGACCCCGAGGAAAGTTA,0,4181188
yadE_predicted,0.09090909090909091,10,10,TCCGAAGGTCCTTCGCCTCA,0,4170609
yadE_predicted,0.09090909090909091,10,10,TCCCGTGGTACGTTTTATAT,0,4177097
yadE_predicted,0.09090909090909091,10,10,TCCCGGAATCAGCTGCATAA,0,4159421
yadE_predicted,0.09090909090909091,10,10,TCCATGAGGCCAATGGGGCG,0,4189577
yadE_predicted,0.09090909090909091,10,10,TCCAGGTAAGGCCTAGGTTG,0,4236684
yadE_predicted,0.09090909090909091,10,10,TCCACGATGGTGCACAGAAA,0,4191285
yadE_predicted,0.09090909090909091,10,10,TCCACATACCCAGGTGCCCA,0,4187797
yadE_predicted,0.09090909090909091,10,10,TCATGGACATCTCTTGATCG,0,4223416
yadE_predicted,0.09090909090909091,10,10,TCATCCTCCCTAAGTTGGCA,0,4160665
yadE_predicted,0.09090909090909091,10,10,TCAGTCATACGAATAATGTT,0,4210747
yadE_predicted,0.09090909090909091,10,10,TCAGGAAGGACACTTGAATT,0,4221112
yadE_predicted,0.09090909090909091,10,10,TCAGCCATGTAACTTGCTTT,0,4237493
yadE_predicted,0.09090909090909091,10,10,TCACGATACCAGTAACTCTC,0,4225249
yadE_predicted,0.09090909090909091,10,10,TCACGAGAACGTGTAAGGAT,0,4235750
yadE_predicted,0.09090909090909091,10,10,TCACCGTAACAGAAGTTGGT,0,4182539
yadE_predicted,0.09090909090909091,10,10,TCAAGGTAGAGCTTAAAAGA,0,4183903
yadE_predicted,0.09090909090909091,10,10,TCAAATACCCGTGCGTAGGT,0,4192709
yadE_predicted,0.09090909090909091,10,10,TATTTTCTGGGCAATCGGGG,0,4178483
yadE_predicted,0.09090909090909091,10,10,TATTCGAACCTACAATTGGA,0,4195992
yadE_predicted,0.09090909090909091,10,10,TATCTGGGTTTAGGATCTCG,0,4209525
yadE_predicted,0.09090909090909091,10,10,TATCCGCGAACGTACCCGCA,0,4187929
yadE_predicted,0.09090909090909091,10,10,TATCCGCACCGGACTCCCCA,0,4228907
yadE_predicted,0.09090909090909091,10,10,TATCCCAGGGGCGGTCGCCC,0,4177024
yadE_predicted,0.09090909090909091,10,10,TATCCAAGCTCTAAGATAGC,0,4182887
yadE_predicted,0.09090909090909091,10,10,TATCAAGGATGCTATTGGAC,0,4224878
yadE_predicted,0.09090909090909091,10,10,TATAGTCATGCCCGGTGACC,0,4178718
yadE_predicted,0.09090909090909091,10,10,TATAGCGATAGCTTCCCGCG,0,4215497
yadE_predicted,0.09090909090909091,10,10,TAGGTTACGATGGTCTAGGG,0,4186536
yadE_predicted,0.09090909090909091,10,10,TAGGTGGCTTAGCTTGGTCT,0,4161757
yadE_predicted,0.09090909090909091,10,10,TAGGGGTTATCTCGCTTTGA,0,4180817
yadE_predicted,0.09090909090909091,10,10,TAGGGCTTTTTCCTCCTGAA,0,4162808
yadE_predicted,0.09090909090909091,10,10,TAGGCTCCTTCGATCCGATT,0,4236871
yadE_predicted,0.09090909090909091,10,10,TAGCGAGCTGTCTCTGTGGA,0,4199266
yadE_predicted,0.09090909090909091,10,10,TAGATGAATAGCGACAGAAT,0,4219274
yadE_predicted,0.09090909090909091,10,10,TAGACGCACGCCTGAGACAG,0,4176453
yadE_predicted,0.09090909090909091,10,10,TAGAAGGTACGCGTGTTATT,0,4240902
yadE_predicted,0.09090909090909091,10,10,TAGAACTGCGAATATATCCC,0,4167519
yadE_predicted,0.09090909090909091,10,10,TACTTCAACAGTGCCATTAA,0,4186102
yadE_predicted,0.09090909090909091,10,10,TACTTAGGTACTTACCTCCT,0,4232234
yadE_predicted,0.09090909090909091,10,10,TACTGCGCACGGAAAGCGAC,0,4171419
yadE_predicted,0.09090909090909091,10,10,TACGTCGCGGTACCTTTACC,0,4168505
yadE_predicted,0.09090909090909091,10,10,TACCGTACGCGTTCAACTGA,0,4211933
yadE_predicted,0.09090909090909091,10,10,TACCACACGCATGGCTGCAA,0,4240103
yadE_predicted,0.09090909090909091,10,10,TACATCCTGACGACGGGATT,0,4174493
yadE_predicted,0.09090909090909091,10,10,TACATAGAGGCGTGGACAAC,0,4199879
yadE_predicted,0.09090909090909091,10,10,TACATACATATTCTGCTCCA,0,4206869
yadE_predicted,0.09090909090909091,10,10,TAATTGATCAATGTTACCAT,0,4199085
yadE_predicted,0.09090909090909091,10,10,TAATTCTGTGTTTGTGACTA,0,4162598
yadE_predicted,0.09090909090909091,10,10,TAATGTCCAACCGCGGGAAT,0,4160064
yadE_predicted,0.09090909090909091,10,10,TAAGGGTGCCGGATGTGGTG,0,4159600
yadE_predicted,0.09090909090909091,10,10,TAAGCCCGCGTTTGGGAAGA,0,4198559
yadE_predicted,0.09090909090909091,10,10,TAAGACTAAGTGAATATACG,0,4224628
yadE_predicted,0.09090909090909091,10,10,TAACCATGACATCCACAGGT,0,4224465
yadE_predicted,0.09090909090909091,10,10,TAAACTTCTCTTGGCGAGTA,0,4179544
yadE_predicted,0.09090909090909091,10,10,TAAAATAGCTTCGGTTGTTT,0,4189391
yadE_predicted,0.09090909090909091,10,10,GTTTCTTTCCTGCAAACTTA,0,4164934
yadE_predicted,0.09090909090909091,10,10,GTTTCCAAGTTCGGGAGCCG,0,4239204
yadE_predicted,0.09090909090909091,10,10,GTTGGTTCGGGTAGAAACAT,0,4217498
yadE_predicted,0.09090909090909091,10,10,GTTGCGAATTAATCGAGAGT,0,4193134
yadE_predicted,0.09090909090909091,10,10,GTTGCCTCTACTACGGTAGC,0,4161796
yadE_predicted,0.09090909090909091,10,10,GTTGCAGCAATACATGTCCA,0,4175723
yadE_predicted,0.09090909090909091,10,10,GTTCTGAAATGCCCTGCCAG,0,4170710
yadE_predicted,0.09090909090909091,10,10,GTTCGCAAACCTCCTAAGCA,0,4240582
yadE_predicted,0.09090909090909091,10,10,GTTCATTCCTGACATGTAGC,0,4168975
yadE_predicted,0.09090909090909091,10,10,GTTATGCTAAATCTCAACCA,0,4166012
yadE_predicted,0.09090909090909091,10,10,GTTAGTGAGGGTTGATTGGA,0,4200187
yadE_predicted,0.09090909090909091,10,10,GTGTTTACTCGATGCGTTAG,0,4217858
yadE_predicted,0.09090909090909091,10,10,GTGTGTACGCTCCCTAGGAA,0,4237943
yadE_predicted,0.09090909090909091,10,10,GTGTCGAAAAAGATTTGCCG,0,4206194
yadE_predicted,0.09090909090909091,10,10,GTGTCACTCCGGCTGTGGAG,0,4219260
yadE_predicted,0.09090909090909091,10,10,GTGTATCAGTGTGTCCCGTC,0,4197385
yadE_predicted,0.09090909090909091,10,10,GTGTACATATTGGGTCCTCA,0,4194508
yadE_predicted,0.09090909090909091,10,10,GTGGTTTATCGCCATTCTGG,0,4215401
yadE_predicted,0.09090909090909091,10,10,GTGGGTGGACGTGGCTAGGT,0,4217479
yadE_predicted,0.09090909090909091,10,10,GTGGGCGTTAACTCGAAGCA,0,4231225
yadE_predicted,0.09090909090909091,10,10,GTGGACCGAATCCGTCTCTT,0,4179895
yadE_predicted,0.09090909090909091,10,10,GTGATCGTGTTGTAATGAAT,0,4160267
yadE_predicted,0.09090909090909091,10,10,GTGATAGCATTGTTTAATAC,0,4226408
yadE_predicted,0.09090909090909091,10,10,GTGACAAGTTTTGTGAGCTT,0,4165044
yadE_predicted,0.09090909090909091,10,10,GTGAAGTCTGGCGTGGATCA,0,4231652
yadE_predicted,0.09090909090909091,10,10,GTCTGTCACACAGATCAAGT,0,4187497
yadE_predicted,0.09090909090909091,10,10,GTCTCATCAAGCAAGCTCGG,0,4203681
yadE_predicted,0.09090909090909091,10,10,GTCTATCAAGTCCGCGGCTT,0,4197686
yadE_predicted,0.09090909090909091,10,10,GTCGGTTTTATTCGGAATCG,0,4181926
yadE_predicted,0.09090909090909091,10,10,GTCGCGTGCACGGTTGAGTA,0,4218485
yadE_predicted,0.09090909090909091,10,10,GTCCTTTTAGAATGCAACAT,0,4238385
yadE_predicted,0.09090909090909091,10,10,GTCCTTGGCCTCAAACTAGG,0,4207501
yadE_predicted,0.09090909090909091,10,10,GTCCTATTGAATTCCTTTTG,0,4224056
yadE_predicted,0.09090909090909091,10,10,GTCCAGCTTTAATCCAGACA,0,4201157
yadE_predicted,0.09090909090909091,10,10,GTCCAAATGACCAGCGTACA,0,4178709
yadE_predicted,0.09090909090909091,10,10,GTCATACAAACCATACAGGC,0,4219042
yadE_predicted,0.09090909090909091,10,10,GTCACTCGCCTCACTACTTA,0,4214663
yadE_predicted,0.09090909090909091,10,10,GTCACATCCACACCGGATCA,0,4194211
yadE_predicted,0.09090909090909091,10,10,GTCAAACACGTCCTTTGGAG,0,4223030
yadE_predicted,0.09090909090909091,10,10,GTATGTGGGGGAATACAAGT,0,4181465
yadE_predicted,0.09090909090909091,10,10,GTATGTAAAGTTAATATCGA,0,4188865
yadE_predicted,0.09090909090909091,10,10,GTAGGACGTCTCAGGTCGTC,0,4225187
yadE_predicted,0.09090909090909091,10,10,GTAGATGGTACGCGTTTCGT,0,4237902
yadE_predicted,0.09090909090909091,10,10,GTAGACTCGTCAGCAGACAT,0,4200749
yadE_predicted,0.09090909090909091,10,10,GTAGAACATTTAAATTTAGT,0,4188191
yadE_predicted,0.09090909090909091,10,10,GTACCCGTCAAACCCCAATC,0,4232947
yadE_predicted,0.09090909090909091,10,10,GTAAGCGGTTTGAGCAGGCC,0,4236043
yadE_predicted,0.09090909090909091,10,10,GTAAGAATGTCTTAGTCAAA,0,4164347
yadE_predicted,0.09090909090909091,10,10,GTAAATGCAACGGAACCCGG,0,4173568
yadE_predicted,0.09090909090909091,10,10,GGTTCAACTAAGGCGCGGCA,0,4178037
yadE_predicted,0.09090909090909091,10,10,GGTGTTCCAGTCAAAAAATC,0,4183050
yadE_predicted,0.09090909090909091,10,10,GGTGGGTATTAAACTCCTTC,0,4162401
yadE_predicted,0.09090909090909091,10,10,GGTCTGACGTTACCCTGCCT,0,4200532
yadE_predicted,0.09090909090909091,10,10,GGTCTACGGGCACCTCGAAA,0,4159462
yadE_predicted,0.09090909090909091,10,10,GGTACTCCTGGTGCCAGGGG,0,4193151
yadE_predicted,0.09090909090909091,10,10,GGGTGTCCTGGTCGGTAGGC,0,4230802
yadE_predicted,0.09090909090909091,10,10,GGGTATTGGGGCCGGACTAA,0,4168834
yadE_predicted,0.09090909090909091,10,10,GGGTACAACGCGAGGTGTAA,0,4165633
yadE_predicted,0.09090909090909091,10,10,GGGTAAGACCACGTGTAGGA,0,4233878
yadE_predicted,0.09090909090909091,10,10,GGGTAACATATGGCTTATGC,0,4175637
yadE_predicted,0.09090909090909091,10,10,GGGGTTAAACGCGTCAGGTA,0,4191533
yadE_predicted,0.09090909090909091,10,10,GGGGTGTTGATTAGGGAGTA,0,4226136
yadE_predicted,0.09090909090909091,10,10,GGGGCTTAGTCCAGTAGAAT,0,4195371
yadE_predicted,0.09090909090909091,10,10,GGGGCTACCGTTGGGTGACC,0,4230120
yadE_predicted,0.09090909090909091,10,10,GGGGAGTCCAATGTGAATGC,0,4187859
yadE_predicted,0.09090909090909091,10,10,GGGCTTCGCCTCGCATCAGG,0,4169241
yadE_predicted,0.09090909090909091,10,10,GGGCTCTACTCCTAAAAAGG,0,4176159
yadE_predicted,0.09090909090909091,10,10,GGGCTAGTGTGCAGTAGTGC,0,4166686
yadE_predicted,0.09090909090909091,10,10,GGGCGGTAGGGATCTGCGTA,0,4211938
yadE_predicted,0.09090909090909091,10,10,GGGCCGTGTCCAATGTGAAC,0,4165980
yadE_predicted,0.09090909090909091,10,10,GGGCAAAAATCCAGCCGAAG,0,4195922
yadE_predicted,0.09090909090909091,10,10,GGGATAGCCCGGTGCACCGG,0,4191078
yadE_predicted,0.09090909090909091,10,10,GGGACGCCATTGCAACTCCA,0,4217320
yadE_predicted,0.09090909090909091,10,10,GGCTGAAACTCGGTAAAGAA,0,4178265
yadE_predicted,0.09090909090909091,10,10,GGCTGAAACCAGGCCGGATG,0,4214442
yadE_predicted,0.09090909090909091,10,10,GGCTAGGGGAGTCCAGCGCC,0,4162307
yadE_predicted,0.09090909090909091,10,10,GGCGTTTCTATTCATAGGCC,0,4176930
yadE_predicted,0.09090909090909091,10,10,GGCGTGACGGTTTGTCCGAC,0,4160069
yadE_predicted,0.09090909090909091,10,10,GGCGTCTAACTGCAATCTAC,0,4211812
yadE_predicted,0.09090909090909091,10,10,GGCGTCAAATCGTCAAATTG,0,4187693
yadE_predicted,0.09090909090909091,10,10,GGCGCCGGAAGAGCGTGATG,0,4205701
yadE_predicted,0.09090909090909091,10,10,GGCGATACTAAAACAGCTGC,0,4200032
yadE_predicted,0.09090909090909091,10,10,GGCATGTGTGGCCTCCCTGG,0,4193229
yadE_predicted,0.09090909090909091,10,10,GGCATCCAGGTTCAATTTCC,0,4217061
yadE_predicted,0.09090909090909091,10,10,GGCAGGCCCGAAGCATCACA,0,4195337
yadE_predicted,0.09090909090909091,10,10,GGCAGAACGCCCATGGTACG,0,4237529
yadE_predicted,0.09090909090909091,10,10,GGCACTACCGAACGACACTT,0,4171121
yadE_predicted,0.09090909090909091,10,10,GGCAATGTGTTTAATCGCCA,0,4226250
yadE_predicted,0.09090909090909091,10,10,GGATCTGTCGTGTACTTGAG,0,4184444
yadE_predicted,0.09090909090909091,10,10,GGAGTGCTCGGATGGATCTG,0,4232326
yadE_predicted,0.09090909090909091,10,10,GGAGGGTGGGGCCGATAAAA,0,4197108
yadE_predicted,0.09090909090909091,10,10,GGAGCAGTACGGGGTGCGGA,0,4205858
yadE_predicted,0.09090909090909091,10,10,GGAGAGACCCGTACCATTTT,0,4181402
yadE_predicted,0.09090909090909091,10,10,GGACGACTCCGGTATTTAGA,0,4232565
yadE_predicted,0.09090909090909091,10,10,GGACGAATTCGCTGAGCTCG,0,4176815
yadE_predicted,0.09090909090909091,10,10,GGACCCAACCTTGGTTACGT,0,4238191
yadE_predicted,0.09090909090909091,10,10,GGACAACGGGAACGAACCTG,0,4162503
yadE_predicted,0.09090909090909091,10,10,GGAAGTCACTATCGATGCGC,0,4212827
yadE_predicted,0.09090909090909091,10,10,GGAAGAGTGGGTAAGCAGGT,0,4184849
yadE_predicted,0.09090909090909091,10,10,GGAAAAGTATGGATATACTG,0,4213906
yadE_predicted,0.09090909090909091,10,10,GCTTTACAAACCCTCTGGGA,0,4206533
yadE_predicted,0.09090909090909091,10,10,GCTGTCGCCCGGCAACTGTC,0,4204372
yadE_predicted,0.09090909090909091,10,10,GCTCTTTGCCTGGGCTCTGA,0,4205104
yadE_predicted,0.09090909090909091,10,10,GCTCTTAGATATAAGTAAAC,0,4171072
yadE_predicted,0.09090909090909091,10,10,GCTCTGAAACAATCGGGCGC,0,4172339
yadE_predicted,0.09090909090909091,10,10,GCTCGGGGTCCGAGTTGTGG,0,4224896
yadE_predicted,0.09090909090909091,10,10,GCTCGAGGCGAGTTGACACA,0,4236695
yadE_predicted,0.09090909090909091,10,10,GCTCCTGGTCAAATAGGTTA,0,4177199
yadE_predicted,0.09090909090909091,10,10,GCTCAATTTGTTGGCGCTGT,0,4188762
yadE_predicted,0.09090909090909091,10,10,GCTATATCCACCGCTACAGA,0,4208966
yadE_predicted,0.09090909090909091,10,10,GCGTGAACTGGAGATGCCGG,0,4194873
yadE_predicted,0.09090909090909091,10,10,GCGTATAATCGAAACCCGTG,0,4193192
yadE_predicted,0.09090909090909091,10,10,GCGGCTCTCGATGTGTGCGC,0,4206391
yadE_predicted,0.09090909090909091,10,10,GCGGAAACTGAGTTTATTGA,0,4176124
yadE_predicted,0.09090909090909091,10,10,GCGCTTCCTCGGACTATATA,0,4189928
yadE_predicted,0.09090909090909091,10,10,GCGCGTTAGGCTCCCGGGGA,0,4227834
yadE_predicted,0.09090909090909091,10,10,GCGCGGACCCAAGTCTAGAA,0,4161909
yadE_predicted,0.09090909090909091,10,10,GCCTTCGTCCCCTGGAACAT,0,4178647
yadE_predicted,0.09090909090909091,10,10,GCCGTATGTACCACTCGCAT,0,4172673
yadE_predicted,0.09090909090909091,10,10,GCCGCGAGTTCCGAAGCACT,0,4235905
yadE_predicted,0.09090909090909091,10,10,GCCGCAATGACTGTAATGCT,0,4173295
yadE_predicted,0.09090909090909091,10,10,GCCCGCACAGTCAATGTACC,0,4222150
yadE_predicted,0.09090909090909091,10,10,GCCCATCTGCGTCCCCCGTA,0,4227559
yadE_predicted,0.09090909090909091,10,10,GCCCAGACCTTCATTGTGGT,0,4218311
yadE_predicted,0.09090909090909091,10,10,GCCATTCGTGCTTCCACGTC,0,4193269
yadE_predicted,0.09090909090909091,10,10,GCCATGTGCATTTTCCTTCG,0,4228433
yadE_predicted,0.09090909090909091,10,10,GCCATCGGAACTAGGACATG,0,4175155
yadE_predicted,0.09090909090909091,10,10,GCCAGAGCAACCTTGCTTTT,0,4203543
yadE_predicted,0.09090909090909091,10,10,GCCACCGGGCGACCCCCTAT,0,4222937
yadE_predicted,0.09090909090909091,10,10,GCCAAGCCATAGTCTTACGC,0,4235089
yadE_predicted,0.09090909090909091,10,10,GCCAACCTGTGCACACTCCA,0,4199968
yadE_predicted,0.09090909090909091,10,10,GCATTTCGAATGCTGCTAGC,0,4190945
yadE_predicted,0.09090909090909091,10,10,GCATTGTCAACAATGCGGTA,0,4188905
yadE_predicted,0.09090909090909091,10,10,GCATATATCACCGTGCATTG,0,4225378
yadE_predicted,0.09090909090909091,10,10,GCAGGCCGGTTCGGAAAGAT,0,4235555
yadE_predicted,0.09090909090909091,10,10,GCAGAAATGCGGGTTGGGAT,0,4211417
yadE_predicted,0.09090909090909091,10,10,GCACTGCACGCGAAAAGCAA,0,4208316
yadE_predicted,0.09090909090909091,10,10,GCACGTGTTCGTCCGGTGGT,0,4187186
yadE_predicted,0.09090909090909091,10,10,GCACGCTCAATTCAGTCCAT,0,4197694
yadE_predicted,0.09090909090909091,10,10,GCAACATTCCACTTTCCACG,0,4188478
yadE_predicted,0.09090909090909091,10,10,GCAACACAGTTGGATACGGT,0,4198220
yadE_predicted,0.09090909090909091,10,10,GATTTACCTGGTCGGTGTAG,0,4194386
yadE_predicted,0.09090909090909091,10,10,GATTGTTAACGGTGAACACT,0,4199187
yadE_predicted,0.09090909090909091,10,10,GATTCGTCTCAAGAAGACCA,0,4230323
yadE_predicted,0.09090909090909091,10,10,GATTCCGGAGACGGCGCCCA,0,4161692
yadE_predicted,0.09090909090909091,10,10,GATGTCGCAATCCGGATTGC,0,4181079
yadE_predicted,0.09090909090909091,10,10,GATGGCGTAAAGGCAGGCCT,0,4198143
yadE_predicted,0.09090909090909091,10,10,GATGGACGCGACCACCTCAG,0,4206543
yadE_predicted,0.09090909090909091,10,10,GATGATGCGCCGTAGGTGTA,0,4182584
yadE_predicted,0.09090909090909091,10,10,GATCGCTATAGGTGACTGGA,0,4184183
yadE_predicted,0.09090909090909091,10,10,GATCGAATCGCCCACCCGCG,0,4211998
yadE_predicted,0.09090909090909091,10,10,GATAGCGCCCACTTCGACAC,0,4235651
yadE_predicted,0.09090909090909091,10,10,GATAATTGGCCGCTGAGACG,0,4194422
yadE_predicted,0.09090909090909091,10,10,GATAAATACAGTCCCTTGGG,0,4176172
yadE_predicted,0.09090909090909091,10,10,GATAAAGCGTAGTTGCGATC,0,4173040
yadE_predicted,0.09090909090909091,10,10,GAGTTGAGTGGTCTAAAGCG,0,4219806
yadE_predicted,0.09090909090909091,10,10,GAGTGGGTGCACGCCCTTAA,0,4239573
yadE_predicted,0.09090909090909091,10,10,GAGTGCTCAATTCCTGTCCT,0,4178849
yadE_predicted,0.09090909090909091,10,10,GAGTAACGACGCTACACTTT,0,4229820
yadE_predicted,0.09090909090909091,10,10,GAGGGTACACCAACGCCTAT,0,4199393
yadE_predicted,0.09090909090909091,10,10,GAGGAGTAGGTGTATTTGTT,0,4193052
yadE_predicted,0.09090909090909091,10,10,GAGGACCGATCTGGTTAGTC,0,4204618
yadE_predicted,0.09090909090909091,10,10,GAGCTTGTAGTTCGGACGAG,0,4186655
yadE_predicted,0.09090909090909091,10,10,GAGCTCTCCCGGTCTGGGTG,0,4203801
yadE_predicted,0.09090909090909091,10,10,GAGCGATACCGTCCAACCAC,0,4232717
yadE_predicted,0.09090909090909091,10,10,GAGCATTCCACTGAGTCGTT,0,4193433
yadE_predicted,0.09090909090909091,10,10,GAGATGGAATGCATCAGCGT,0,4207213
yadE_predicted,0.09090909090909091,10,10,GAGATCGCCCCTAGGGATAG,0,4224095
yadE_predicted,0.09090909090909091,10,10,GACTCTCGGAACTCACGCAG,0,4179222
yadE_predicted,0.09090909090909091,10,10,GACTATGTGGTTGCAGCCTC,0,4222158
yadE_predicted,0.09090909090909091,10,10,GACGGGCTATGGGGAGCTAT,0,4239619
yadE_predicted,0.09090909090909091,10,10,GACGGAACAGTTAGCGAGTG,0,4218305
yadE_predicted,0.09090909090909091,10,10,GACGCCTTATCTAGCCGCGG,0,4236111
yadE_predicted,0.09090909090909091,10,10,GACGATCGAATCAGTCGCAA,0,4213545
yadE_predicted,0.09090909090909091,10,10,GACCTATATTGTGATACCCT,0,4159893
yadE_predicted,0.09090909090909091,10,10,GACATTTCTGGCTCGGTTTA,0,4192052
yadE_predicted,0.09090909090909091,10,10,GACATAAGTCCATATGTGGA,0,4224776
yadE_predicted,0.09090909090909091,10,10,GACACTTATCCTTACACGAG,0,4209529
yadE_predicted,0.09090909090909091,10,10,GACAACTTCTTGTAAAGGGT,0,4238161
yadE_predicted,0.09090909090909091,10,10,GAATGTTCATGCGAAGTGGG,0,4215969
yadE_predicted,0.09090909090909091,10,10,GAATGCACAGGCATTTAATT,0,4170399
yadE_predicted,0.09090909090909091,10,10,GAATCATTTTAGAGAAGCGG,0,4178543
yadE_predicted,0.09090909090909091,10,10,GAATATCTAAGCTACCTTCC,0,4204804
yadE_predicted,0.09090909090909091,10,10,GAAGGCCCGGTTTCGTTGGG,0,4221043
yadE_predicted,0.09090909090909091,10,10,GAAGCTGTCACTAACCCTAA,0,4182529
yadE_predicted,0.09090909090909091,10,10,GAAGACTGATCATATGTTTG,0,4184965
yadE_predicted,0.09090909090909091,10,10,GAAGAAGAACAAGGTCACGG,0,4226571
yadE_predicted,0.09090909090909091,10,10,GAACACGTCGGCGTATTCAC,0,4215459
yadE_predicted,0.09090909090909091,10,10,GAACACACCATTTCAAACGT,0,4202517
yadE_predicted,0.09090909090909091,10,10,GAAATAGCTGGGCACTATGC,0,4204698
yadE_predicted,0.09090909090909091,10,10,GAAACGCCGATAGCTTGAGG,0,4214188
yadE_predicted,0.09090909090909091,10,10,GAAAACCCGGCTGCTCAATG,0,4170224
yadE_predicted,0.09090909090909091,10,10,CTTTGCAAAACCACAGGCGT,0,4178145
yadE_predicted,0.09090909090909091,10,10,CTTTCTCTGGCCTTCGATAA,0,4175567
yadE_predicted,0.09090909090909091,10,10,CTTTCCTTTCGTTCGCAGCA,0,4238548
yadE_predicted,0.09090909090909091,10,10,CTTGGCGGAGGCTATACAAG,0,4210395
yadE_predicted,0.09090909090909091,10,10,CTTGGAAGTATGACGGCGGG,0,4159395
yadE_predicted,0.09090909090909091,10,10,CTTGCCCGAAATTTCACCTA,0,4208342
yadE_predicted,0.09090909090909091,10,10,CTTGAGCAAAGGGCGGCGTG,0,4214923
yadE_predicted,0.09090909090909091,10,10,CTTCGCGATGGTACTATGAG,0,4234254
yadE_predicted,0.09090909090909091,10,10,CTTCGACCCTAGCAGGCCGC,0,4160432
yadE_predicted,0.09090909090909091,10,10,CTTCGAAGTCCGCGTTACGC,0,4228619
yadE_predicted,0.09090909090909091,10,10,CTTAGAACAAGGGGCCACTT,0,4211628
yadE_predicted,0.09090909090909091,10,10,CTTACAGTCCATAATTATGG,0,4208006
yadE_predicted,0.09090909090909091,10,10,CTGTGTGGGCGTCCAAGGCC,0,4181726
yadE_predicted,0.09090909090909091,10,10,CTGTATCAATTTCGACGCCC,0,4192851
yadE_predicted,0.09090909090909091,10,10,CTGGGTCGTGGAGGACCTTC,0,4187055
yadE_predicted,0.09090909090909091,10,10,CTGGGCCTTACAGCAACCTA,0,4159643
yadE_predicted,0.09090909090909091,10,10,CTGGCTCACCGAGCGGCGAA,0,4193777
yadE_predicted,0.09090909090909091,10,10,CTGGATAACGTGAATTTATA,0,4236792
yadE_predicted,0.09090909090909091,10,10,CTGGAGGTTCTTCCGTTCCG,0,4206795
yadE_predicted,0.09090909090909091,10,10,CTGCCCCGGCTGTGACTTAC,0,4188013
yadE_predicted,0.09090909090909091,10,10,CTGCAGAGGGGAAACTGTTT,0,4184635
yadE_predicted,0.09090909090909091,10,10,CTGCACGGGGTTTTGTAAGA,0,4165828
yadE_predicted,0.09090909090909091,10,10,CTGCAACACGTAGGCGCCCC,0,4160825
yadE_predicted,0.09090909090909091,10,10,CTGAGGAATTTGGTTATTAC,0,4179889
yadE_predicted,0.09090909090909091,10,10,CTGACTTCGCCGCCCCGTGT,0,4238399
yadE_predicted,0.09090909090909091,10,10,CTGACAAGAGCCGGGTCATC,0,4237379
yadE_predicted,0.09090909090909091,10,10,CTCTGAAAGTGCAGTTAAGA,0,4203380
yadE_predicted,0.09090909090909091,10,10,CTCTATTATCGGGATCGTAG,0,4185688
yadE_predicted,0.09090909090909091,10,10,CTCTATAAGGGACTCGTATT,0,4189253
yadE_predicted,0.09090909090909091,10,10,CTCCGCCTGGTGTCAGTGCT,0,4196254
yadE_predicted,0.09090909090909091,10,10,CTCCAGTGGTACTGGAGAAG,0,4178615
yadE_predicted,0.09090909090909091,10,10,CTCACATCTCAGGGCAGGGG,0,4235225
yadE_predicted,0.09090909090909091,10,10,CTCACAACGCGCCTCACCGA,0,4180755
yadE_predicted,0.09090909090909091,10,10,CTCAAGAGTGACTCAGACCC,0,4179106
yadE_predicted,0.09090909090909091,10,10,CTATTTGAGTTCTGGCTCTT,0,4202578
yadE_predicted,0.09090909090909091,10,10,CTATGGTGCCGTCATAATGC,0,4190183
yadE_predicted,0.09090909090909091,10,10,CTATGGGGACGCTCGCGCCC,0,4230792
yadE_predicted,0.09090909090909091,10,10,CTATCGGATGCCCATCGCGG,0,4185904
yadE_predicted,0.09090909090909091,10,10,CTAGTGCGTGTGGAGAGTCG,0,4227207
yadE_predicted,0.09090909090909091,10,10,CTAGTGCAGAAGCTTGTACA,0,4215538
yadE_predicted,0.09090909090909091,10,10,CTAGCTTCTATGGGATTCAG,0,4168392
yadE_predicted,0.09090909090909091,10,10,CTAGCACGTGTAGTCAAGAT,0,4173057
yadE_predicted,0.09090909090909091,10,10,CTACTGGTAGCGTGTGGCGC,0,4238163
yadE_predicted,0.09090909090909091,10,10,CTACGTGGGCCAATCATGGA,0,4223482
yadE_predicted,0.09090909090909091,10,10,CTACCCGACACCTACGATGC,0,4169964
yadE_predicted,0.09090909090909091,10,10,CTACATGGCGGATTGGCATA,0,4206547
yadE_predicted,0.09090909090909091,10,10,CTACATAGCTCTCCACACCA,0,4231776
yadE_predicted,0.09090909090909091,10,10,CTACAGTGGTGTAAAACACG,0,4234146
yadE_predicted,0.09090909090909091,10,10,CTAATCGACTCGGAAGGACC,0,4200040
yadE_predicted,0.09090909090909091,10,10,CGTTCTGCCGTGCCCGCAAG,0,4194369
yadE_predicted,0.09090909090909091,10,10,CGTTCCCGCGTTGGCGTAGT,0,4210542
yadE_predicted,0.09090909090909091,10,10,CGTGGGGCCAGACCAGACCG,0,4197781
yadE_predicted,0.09090909090909091,10,10,CGTGGCGATGCCATAGATCA,0,4211482
yadE_predicted,0.09090909090909091,10,10,CGTGCTAGGAGACGGTGGTT,0,4196417
yadE_predicted,0.09090909090909091,10,10,CGTGAGTCTAATTTTTGGTC,0,4181671
yadE_predicted,0.09090909090909091,10,10,CGTGAGGTGGCCGCTTGCCT,0,4210643
yadE_predicted,0.09090909090909091,10,10,CGTGACTAACCGTAGGGGGA,0,4198755
yadE_predicted,0.09090909090909091,10,10,CGTCTGCAATAAGAACTTCT,0,4182708
yadE_predicted,0.09090909090909091,10,10,CGTCGAAGCAGGGTTATAGT,0,4216749
yadE_predicted,0.09090909090909091,10,10,CGTATTCCACGTGCTATACA,0,4207595
yadE_predicted,0.09090909090909091,10,10,CGTATTACATGGCAAAGTTA,0,4206851
yadE_predicted,0.09090909090909091,10,10,CGTATCGCAGGACTTGTAGT,0,4230390
yadE_predicted,0.09090909090909091,10,10,CGTACCACGAATGTTATCAT,0,4237645
yadE_predicted,0.09090909090909091,10,10,CGGGTTCGAGGATACGAGCT,0,4187007
yadE_predicted,0.09090909090909091,10,10,CGGGTAGGTCTCCCCGCTGT,0,4181356
yadE_predicted,0.09090909090909091,10,10,CGGGGTTTTCCTAGACTTGA,0,4210868
yadE_predicted,0.09090909090909091,10,10,CGGGCGCTTGATGGAATAGA,0,4175982
yadE_predicted,0.09090909090909091,10,10,CGGGCAGGAAGGTACATGGT,0,4233834
yadE_predicted,0.09090909090909091,10,10,CGGGAGTAGGTTCCGGGGGT,0,4203234
yadE_predicted,0.09090909090909091,10,10,CGGCTGGCCTATGATGAACC,0,4233218
yadE_predicted,0.09090909090909091,10,10,CGGCCCTCCGTTAAGCGCCA,0,4203441
yadE_predicted,0.09090909090909091,10,10,CGGCAGTTTGGTTTCCAAGT,0,4225084
yadE_predicted,0.09090909090909091,10,10,CGGACATCTTCATGCTGAGC,0,4212273
yadE_predicted,0.09090909090909091,10,10,CGGACAGGGCGGTAACCTCT,0,4240003
yadE_predicted,0.09090909090909091,10,10,CGGAACTCCGAACATCGTGT,0,4224298
yadE_predicted,0.09090909090909091,10,10,CGGAAATGCTCAAAGGGTAT,0,4191804
yadE_predicted,0.09090909090909091,10,10,CGCTTATGCGAGTAGTTGGG,0,4190525
yadE_predicted,0.09090909090909091,10,10,CGCTTACACGAATGCCGCCA,0,4220840
yadE_predicted,0.09090909090909091,10,10,CGCTGTCATGGCCATACGCT,0,4216421
yadE_predicted,0.09090909090909091,10,10,CGCTGCGGTTTCCCACGTTG,0,4208134
yadE_predicted,0.09090909090909091,10,10,CGCTGCAAGAACGTGAAGAC,0,4206243
yadE_predicted,0.09090909090909091,10,10,CGCTCTGTTTATGAACTCGC,0,4189880
yadE_predicted,0.09090909090909091,10,10,CGCGTACAAACAAATGCTTG,0,4174391
yadE_predicted,0.09090909090909091,10,10,CGCGAACGTCTCGGAGTATT,0,4219458
yadE_predicted,0.09090909090909091,10,10,CGCCTAACGGGATTATGGGT,0,4160974
yadE_predicted,0.09090909090909091,10,10,CGCCGCCGAGGGGAACAGCG,0,4203939
yadE_predicted,0.09090909090909091,10,10,CGCCCAGAGTGAAAAGACAA,0,4197302
yadE_predicted,0.09090909090909091,10,10,CGCCACTTGTCCAGGCCTTC,0,4197629
yadE_predicted,0.09090909090909091,10,10,CGCATTTGTCACACGTTATT,0,4178189
yadE_predicted,0.09090909090909091,10,10,CGCAGGGATTGGGGGGCAGA,0,4174276
yadE_predicted,0.09090909090909091,10,10,CGCAGGCTAGAGACTAACTA,0,4213726
yadE_predicted,0.09090909090909091,10,10,CGCAATTATAGCTCAGCGTG,0,4216694
yadE_predicted,0.09090909090909091,10,10,CGCAAACTCACGGGCTTTTA,0,4175283
yadE_predicted,0.09090909090909091,10,10,CGATGCAATGGGGCCATTCG,0,4172237
yadE_predicted,0.09090909090909091,10,10,CGATGACCGGGTAGTGAGTT,0,4185449
yadE_predicted,0.09090909090909091,10,10,CGAGTAGGCGTAGCCACAAG,0,4183693
yadE_predicted,0.09090909090909091,10,10,CGACGGGACTCCTGACGCAG,0,4213604
yadE_predicted,0.09090909090909091,10,10,CGACCTCAGCTGTTCAAGTC,0,4198176
yadE_predicted,0.09090909090909091,10,10,CGACATTTTAAATGATCCAT,0,4226548
yadE_predicted,0.09090909090909091,10,10,CGAATATTCGGGAGGAGCCT,0,4176300
yadE_predicted,0.09090909090909091,10,10,CGAATAAACAAGGGGGTCAA,0,4200230
yadE_predicted,0.09090909090909091,10,10,CGAAGCCTAAAGCGACGGAG,0,4228891
yadE_predicted,0.09090909090909091,10,10,CGAACGTTATCTCGCCTTTT,0,4162797
yadE_predicted,0.09090909090909091,10,10,CGAACGGTGAAGATTAGATT,0,4223668
yadE_predicted,0.09090909090909091,10,10,CGAAACTCTGGCCTGCGTAC,0,4171387
yadE_predicted,0.09090909090909091,10,10,CCTTTATGTCCCCGACGCTC,0,4228291
yadE_predicted,0.09090909090909091,10,10,CCTTGGTGGCCAGACTTTAC,0,4193815
yadE_predicted,0.09090909090909091,10,10,CCTTGGGTTTACAAGTTTTT,0,4192594
yadE_predicted,0.09090909090909091,10,10,CCTTCCGAAAAGGACCGCTC,0,4215487
yadE_predicted,0.09090909090909091,10,10,CCTTCCCCGGACAAGGACCT,0,4170518
yadE_predicted,0.09090909090909091,10,10,CCTTAATGGGGCCGGAGACC,0,4192144
yadE_predicted,0.09090909090909091,10,10,CCTGTGGTCCGTTGCATTCA,0,4230867
yadE_predicted,0.09090909090909091,10,10,CCTGGGCTCACTCTCAATTT,0,4234587
yadE_predicted,0.09090909090909091,10,10,CCTAAAGGATAGTTGTTATT,0,4215835
yadE_predicted,0.09090909090909091,10,10,CCTAAACTCGAGTGAGTGCG,0,4228461
yadE_predicted,0.09090909090909091,10,10,CCGTTAACGAATATACGATC,0,4181027
yadE_predicted,0.09090909090909091,10,10,CCGTGGGTTTCTGAAGATCC,0,4164646
yadE_predicted,0.09090909090909091,10,10,CCGTGCCTAATCAGACATTA,0,4178135
yadE_predicted,0.09090909090909091,10,10,CCGGCCGATGGCTAGCTTAG,0,4196929
yadE_predicted,0.09090909090909091,10,10,CCGCGCGTTTTGTTGTCGGT,0,4234947
yadE_predicted,0.09090909090909091,10,10,CCGCCCGTCGTGCGGACTAG,0,4166172
yadE_predicted,0.09090909090909091,10,10,CCGCATTGCGTAATGACGTA,0,4235200
yadE_predicted,0.09090909090909091,10,10,CCGCATAGAAAGACAGGGTA,0,4170648
yadE_predicted,0.09090909090909091,10,10,CCGCAGGTTGGCACTCGACG,0,4207051
yadE_predicted,0.09090909090909091,10,10,CCGCACCTTACTCTCTCAAG,0,4231301
yadE_predicted,0.09090909090909091,10,10,CCGCACCGCTATTAGGGCAA,0,4202008
yadE_predicted,0.09090909090909091,10,10,CCGAGAGACTCCACTCAGAA,0,4186280
yadE_predicted,0.09090909090909091,10,10,CCCTTAAAATGCACCCCGCC,0,4235424
yadE_predicted,0.09090909090909091,10,10,CCCGTTATCTATTTTTACGG,0,4169804
yadE_predicted,0.09090909090909091,10,10,CCCGTGGAGTCTAATCATGT,0,4222814
yadE_predicted,0.09090909090909091,10,10,CCCGTAGATGGAGAGATTAG,0,4193491
yadE_predicted,0.09090909090909091,10,10,CCCGCAACCAAGAAGGATGT,0,4230131
yadE_predicted,0.09090909090909091,10,10,CCCGAGTGGGGCGGGTCGCC,0,4168305
yadE_predicted,0.09090909090909091,10,10,CCCGAACGGTAACCGATTTG,0,4169924
yadE_predicted,0.09090909090909091,10,10,CCCCATATGCTAACGCACAA,0,4162993
yadE_predicted,0.09090909090909091,10,10,CCCATGTATCGGGTGAGCAA,0,4193073
yadE_predicted,0.09090909090909091,10,10,CCCAGGACCAAGGGGTTGCC,0,4202594
yadE_predicted,0.09090909090909091,10,10,CCCACCTTAGTTGCGTGGGG,0,4206577
yadE_predicted,0.09090909090909091,10,10,CCCAAACTGTTGTTCTGTGT,0,4211747
yadE_predicted,0.09090909090909091,10,10,CCATTCGCTCTAGAGCTTTG,0,4200836
yadE_predicted,0.09090909090909091,10,10,CCATGCCTCTGGACATTTAA,0,4207945
yadE_predicted,0.09090909090909091,10,10,CCATGCAGGCCCTTGACCGG,0,4217085
yadE_predicted,0.09090909090909091,10,10,CCATCGGGTTACTGGCCCCT,0,4216110
yadE_predicted,0.09090909090909091,10,10,CCATCGGGTGTAAATGTCGG,0,4190678
yadE_predicted,0.09090909090909091,10,10,CCATCCTTTGGATAAGACCT,0,4165196
yadE_predicted,0.09090909090909091,10,10,CCAGTCTCGAACACAAATAC,0,4198777
yadE_predicted,0.09090909090909091,10,10,CCAGGGGTAACCAGTACCTA,0,4162847
yadE_predicted,0.09090909090909091,10,10,CCAGCTTAGTTGCCGATGCC,0,4168524
yadE_predicted,0.09090909090909091,10,10,CCAGCGTGGCGTTTAGACTA,0,4212063
yadE_predicted,0.09090909090909091,10,10,CCACGTATGCCCTCGCCTCC,0,4196157
yadE_predicted,0.09090909090909091,10,10,CCACCATTCGGAGAAATCTT,0,4192331
yadE_predicted,0.09090909090909091,10,10,CCACCAAATTGCCGCGATGC,0,4202581
yadE_predicted,0.09090909090909091,10,10,CCAATTAGCAAGACGACAGA,0,4201734
yadE_predicted,0.09090909090909091,10,10,CCAATGAGGCACACGCATGA,0,4217584
yadE_predicted,0.09090909090909091,10,10,CCAAGTTATTTTAGTGGAAT,0,4185302
yadE_predicted,0.09090909090909091,10,10,CCAAATACCTAAGACGTAGC,0,4185104
yadE_predicted,0.09090909090909091,10,10,CATTGTGCAGTGTCTAGAAA,0,4212492
yadE_predicted,0.09090909090909091,10,10,CATTGGTCGGTGACTTCGGT,0,4223615
yadE_predicted,0.09090909090909091,10,10,CATTCTCATAGGATAATGTT,0,4213525
yadE_predicted,0.09090909090909091,10,10,CATTCCATGAGACGCCCGGT,0,4226798
yadE_predicted,0.09090909090909091,10,10,CATTACCTACGGCAGCATAA,0,4182431
yadE_predicted,0.09090909090909091,10,10,CATGGGGAAATTGATTCACA,0,4167333
yadE_predicted,0.09090909090909091,10,10,CATGAGTCTCAGTCCCGGAT,0,4240127
yadE_predicted,0.09090909090909091,10,10,CATGAGATTCGTAGGGGGAT,0,4173054
yadE_predicted,0.09090909090909091,10,10,CATCGTACTACACCATGGGT,0,4203093
yadE_predicted,0.09090909090909091,10,10,CATCCGTGGGCGGCATTTGT,0,4177832
yadE_predicted,0.09090909090909091,10,10,CATCCAGAAGCTTGCTGATC,0,4186353
yadE_predicted,0.09090909090909091,10,10,CATCAAGGCTTTTTGTGGGA,0,4173353
yadE_predicted,0.09090909090909091,10,10,CATAGGTTTTCTCGTTAAGG,0,4231780
yadE_predicted,0.09090909090909091,10,10,CATACAACCAGAAGTCTTAC,0,4211669
yadE_predicted,0.09090909090909091,10,10,CAGTGAGGCACAAACCGATC,0,4211199
yadE_predicted,0.09090909090909091,10,10,CAGGCTGGGAGGCACACGAT,0,4172787
yadE_predicted,0.09090909090909091,10,10,CAGGCCCAACTGGAGGGTTC,0,4203870
yadE_predicted,0.09090909090909091,10,10,CAGGAAGCTTGTAAGTACAT,0,4226722
yadE_predicted,0.09090909090909091,10,10,CAGCTCTATAGGAGTTCGAA,0,4189642
yadE_predicted,0.09090909090909091,10,10,CAGCAACATTGAGGGCTAGC,0,4208344
yadE_predicted,0.09090909090909091,10,10,CAGATTCGGTGCCGGGCGTC,0,4214028
yadE_predicted,0.09090909090909091,10,10,CAGATGACCGTACTTCCAAG,0,4176541
yadE_predicted,0.09090909090909091,10,10,CAGACGCTCTGGTTCCGTCA,0,4161552
yadE_predicted,0.09090909090909091,10,10,CACGCGCACAAGGCGCGAGG,0,4211795
yadE_predicted,0.09090909090909091,10,10,CACGCGAGGGTGGAACCATT,0,4232280
yadE_predicted,0.09090909090909091,10,10,CACGCCCCTGGGAACTAGAT,0,4222840
yadE_predicted,0.09090909090909091,10,10,CACCTGATGTCCTAGAAGTG,0,4213823
yadE_predicted,0.09090909090909091,10,10,CACCGCAGCGTGTTAACACA,0,4166925
yadE_predicted,0.09090909090909091,10,10,CACCAAGTCCCGTCATCTAG,0,4196825
yadE_predicted,0.09090909090909091,10,10,CACATTACCGAATACCGTAC,0,4173210
yadE_predicted,0.09090909090909091,10,10,CACATCAATAAAATAGCAGG,0,4196430
yadE_predicted,0.09090909090909091,10,10,CACACTAGCAGGCCGAAATA,0,4226620
yadE_predicted,0.09090909090909091,10,10,CACACACGACTGGAAGCCCA,0,4241197
yadE_predicted,0.09090909090909091,10,10,CAATTTACGCGATGGCGTAA,0,4183529
yadE_predicted,0.09090909090909091,10,10,CAATTCAACTCGAAAGATTT,0,4219971
yadE_predicted,0.09090909090909091,10,10,CAATTCAAAAGTGATCGCTC,0,4236432
yadE_predicted,0.09090909090909091,10,10,CAATGTGCGTAGTCCTGCGT,0,4193154
yadE_predicted,0.09090909090909091,10,10,CAATGGCCCTTTCACGCATC,0,4195069
yadE_predicted,0.09090909090909091,10,10,CAAGTTTATGATTGGCGTTG,0,4220182
yadE_predicted,0.09090909090909091,10,10,CAAGGAGTTACGTGACAACG,0,4189526
yadE_predicted,0.09090909090909091,10,10,CAAGAGGAGTGTCATCGCTA,0,4230532
yadE_predicted,0.09090909090909091,10,10,CAAATTCCGCTTTCACAATA,0,4212618
yadE_predicted,0.09090909090909091,10,10,CAAAGGCCGCACTTGGCCGG,0,4219634
yadE_predicted,0.09090909090909091,10,10,CAAACGTTCATATGTAGCTG,0,4218539
yadE_predicted,0.09090909090909091,10,10,ATTTTGCCGTATGGTTACGT,0,4169596
yadE_predicted,0.09090909090909091,10,10,ATTTTCGAGCAAGGAAAGGT,0,4192984
yadE_predicted,0.09090909090909091,10,10,ATTTAGGTTTGCGGTATGGA,0,4170917
yadE_predicted,0.09090909090909091,10,10,ATTGTATAGCGGATCGCCCG,0,4200882
yadE_predicted,0.09090909090909091,10,10,ATTGGAGATTCTTACGCTAG,0,4161868
yadE_predicted,0.09090909090909091,10,10,ATTGAGCGATATCTGGCAAT,0,4231433
yadE_predicted,0.09090909090909091,10,10,ATTGAGCACGTGTGTGCCAT,0,4179923
yadE_predicted,0.09090909090909091,10,10,ATTCGCCAGGGAAGTCGTAC,0,4220287
yadE_predicted,0.09090909090909091,10,10,ATTCGACGCCTAATTGTGAC,0,4208902
yadE_predicted,0.09090909090909091,10,10,ATTCAGTCGGGCTGGCGGGG,0,4207134
yadE_predicted,0.09090909090909091,10,10,ATTCAGGTTCATCGTCCAAG,0,4195003
yadE_predicted,0.09090909090909091,10,10,ATTCACGAACGGTCAGGTCG,0,4193912
yadE_predicted,0.09090909090909091,10,10,ATTATACACACTGGTCCTAT,0,4199549
yadE_predicted,0.09090909090909091,10,10,ATTAGGCTCAGCCCCCGCGC,0,4169903
yadE_predicted,0.09090909090909091,10,10,ATTACCAGATAAGGATCGGA,0,4202308
yadE_predicted,0.09090909090909091,10,10,ATGTTGTATTGCCAAATGGC,0,4202743
yadE_predicted,0.09090909090909091,10,10,ATGTTCCAAATGGGTCTGTG,0,4188833
yadE_predicted,0.09090909090909091,10,10,ATGTGTGATCCGGCATGCCG,0,4195980
yadE_predicted,0.09090909090909091,10,10,ATGTCGGTATTACGAGATTC,0,4188765
yadE_predicted,0.09090909090909091,10,10,ATGTCCTCAGCGTTACCCGC,0,4199987
yadE_predicted,0.09090909090909091,10,10,ATGTAGAGTGTCACATCTGC,0,4231853
yadE_predicted,0.09090909090909091,10,10,ATGGTTCTGTTAGCTTAGCT,0,4192721
yadE_predicted,0.09090909090909091,10,10,ATGGTAATTAGATGAGGCCC,0,4184862
yadE_predicted,0.09090909090909091,10,10,ATGGCCGTCACAGGGGGTTG,0,4224126
yadE_predicted,0.09090909090909091,10,10,ATGGAGATGGGATTTTCTTG,0,4169131
yadE_predicted,0.09090909090909091,10,10,ATGCGCATTACGCCGGGCTA,0,4202215
yadE_predicted,0.09090909090909091,10,10,ATGCCCGTCCACAGTGCTCT,0,4217956
yadE_predicted,0.09090909090909091,10,10,ATGCAATGGACACGTCACGT,0,4175606
yadE_predicted,0.09090909090909091,10,10,ATGCAAGCCACCGTCTGGTA,0,4199622
yadE_predicted,0.09090909090909091,10,10,ATGAGACCCTAGTAGACGCT,0,4177302
yadE_predicted,0.09090909090909091,10,10,ATGACGGCTCGACCCATGCC,0,4160497
yadE_predicted,0.09090909090909091,10,10,ATGACGAGCTCTATTTTACA,0,4219771
yadE_predicted,0.09090909090909091,10,10,ATGAAATATCCAAGTTGAGC,0,4193246
yadE_predicted,0.09090909090909091,10,10,ATCTGTCCGCGGCTTATGAT,0,4167630
yadE_predicted,0.09090909090909091,10,10,ATCTCGCTTGGTTTAAAAAA,0,4169253
yadE_predicted,0.09090909090909091,10,10,ATCTCATGTGGCTTCTTGTG,0,4160614
yadE_predicted,0.09090909090909091,10,10,ATCTAACCTGGCCAGTCCGA,0,4164495
yadE_predicted,0.09090909090909091,10,10,ATCGGCCCTGCCCATCCCGG,0,4233348
yadE_predicted,0.09090909090909091,10,10,ATCGCTACTAGCCACAAGCG,0,4213957
yadE_predicted,0.09090909090909091,10,10,ATCCTGTCTAAATGAATAGG,0,4240738
yadE_predicted,0.09090909090909091,10,10,ATCCTCCCACACTCGAACTG,0,4163776
yadE_predicted,0.09090909090909091,10,10,ATCCGCATGAGGAGCTAAGC,0,4226938
yadE_predicted,0.09090909090909091,10,10,ATCCCTCAACTCGTTGCTGT,0,4206904
yadE_predicted,0.09090909090909091,10,10,ATCCCCTGCGGTTTCAACAT,0,4225698
yadE_predicted,0.09090909090909091,10,10,ATCCCCCTAACTTAGTCTAA,0,4197324
yadE_predicted,0.09090909090909091,10,10,ATCCAGCAAGTAACGTGGAC,0,4212454
yadE_predicted,0.09090909090909091,10,10,ATCCAATGATATTTCACCTT,0,4161205
yadE_predicted,0.09090909090909091,10,10,ATCATTGCGGGCTCAGAGGC,0,4190619
yadE_predicted,0.09090909090909091,10,10,ATCATTGCATGCTACTGATC,0,4218603
yadE_predicted,0.09090909090909091,10,10,ATCATGCTAATGGGAAAATG,0,4237037
yadE_predicted,0.09090909090909091,10,10,ATCATACGAATTTTTGTGAT,0,4159980
yadE_predicted,0.09090909090909091,10,10,ATCAGTAAGATGGAACCAGA,0,4179551
yadE_predicted,0.09090909090909091,10,10,ATCACAGTGTTAGTACCGTT,0,4196805
yadE_predicted,0.09090909090909091,10,10,ATCAAGGACGTCAGGATGTA,0,4159769
yadE_predicted,0.09090909090909091,10,10,ATATTTGCGCTAGTACCCAT,0,4179343
yadE_predicted,0.09090909090909091,10,10,ATAGTATTTGTTGAAGAGTG,0,4201944
yadE_predicted,0.09090909090909091,10,10,ATAGCAGCCGCCGGTAAAAT,0,4172905
yadE_predicted,0.09090909090909091,10,10,ATAGACATTTGAGCATAAAG,0,4217682
yadE_predicted,0.09090909090909091,10,10,ATACCGTAGCATTGCTGGGA,0,4218375
yadE_predicted,0.09090909090909091,10,10,ATAACTGTTTGATTGGTAAC,0,4192147
yadE_predicted,0.09090909090909091,10,10,ATAAAGAAACAAAGACCTTT,0,4181673
yadE_predicted,0.09090909090909091,10,10,AGTTAACAGTTCGATGTCTA,0,4210330
yadE_predicted,0.09090909090909091,10,10,AGTGTGCTCGCGTGACAGTC,0,4182200
yadE_predicted,0.09090909090909091,10,10,AGTGGTTGGTTAGTTATAGT,0,4203186
yadE_predicted,0.09090909090909091,10,10,AGTGGACCTATTTTATACAG,0,4170191
yadE_predicted,0.09090909090909091,10,10,AGTGAACAGTTCACGCGATC,0,4165555
yadE_predicted,0.09090909090909091,10,10,AGTCTACGAACCAAGGCAAC,0,4207610
yadE_predicted,0.09090909090909091,10,10,AGTCGCTTGGAACACGTAGT,0,4194800
yadE_predicted,0.09090909090909091,10,10,AGTCCCTAGTGACCCCCCGT,0,4227836
yadE_predicted,0.09090909090909091,10,10,AGTCATGTTATACCAGACTA,0,4216548
yadE_predicted,0.09090909090909091,10,10,AGTCAGGGGGCGCGCCCTGA,0,4200357
yadE_predicted,0.09090909090909091,10,10,AGTCAGCCACGCTCGAACAA,0,4183303
yadE_predicted,0.09090909090909091,10,10,AGTCACTGTACTGGCCCGCT,0,4230457
yadE_predicted,0.09090909090909091,10,10,AGTAATATTATTCATATGGA,0,4182804
yadE_predicted,0.09090909090909091,10,10,AGGTTATTTAAAGGATGTGT,0,4222482
yadE_predicted,0.09090909090909091,10,10,AGGTTACAGTTGCTACAAGG,0,4159645
yadE_predicted,0.09090909090909091,10,10,AGGTGCCGTCACGGGAGAAA,0,4160739
yadE_predicted,0.09090909090909091,10,10,AGGTCGGTCGCTAGTTACAA,0,4179649
yadE_predicted,0.09090909090909091,10,10,AGGTCGAGTTCGACCGAGAA,0,4168664
yadE_predicted,0.09090909090909091,10,10,AGGTCGAACCCGGTCATATG,0,4187738
yadE_predicted,0.09090909090909091,10,10,AGGGTCAGCATGAATTCAGT,0,4195670
yadE_predicted,0.09090909090909091,10,10,AGGGCCAGAATTTATCAGTA,0,4166972
yadE_predicted,0.09090909090909091,10,10,AGGGACACACGTTGGAGGAC,0,4193039
yadE_predicted,0.09090909090909091,10,10,AGGCGAATAACGTGCCAGTT,0,4222017
yadE_predicted,0.09090909090909091,10,10,AGGATTCTAAGCGATGCGAT,0,4178195
yadE_predicted,0.09090909090909091,10,10,AGGACCTATGGTGCTAATTA,0,4198403
yadE_predicted,0.09090909090909091,10,10,AGGAAACCTCAATACAGCGC,0,4195996
yadE_predicted,0.09090909090909091,10,10,AGCTTTGGGTGCTGAAAAGA,0,4175735
yadE_predicted,0.09090909090909091,10,10,AGCTTCGACGTGGGCACGTC,0,4234071
yadE_predicted,0.09090909090909091,10,10,AGCTCGCGAGCCCGGCCACT,0,4217432
yadE_predicted,0.09090909090909091,10,10,AGCTAAGCGCGAGAATACGT,0,4211369
yadE_predicted,0.09090909090909091,10,10,AGCGTTCCCCTGTGATCGGT,0,4230306
yadE_predicted,0.09090909090909091,10,10,AGCGTGATCACTATTGTTAA,0,4237453
yadE_predicted,0.09090909090909091,10,10,AGCGCTGAAGGATCGGTAGA,0,4200721
yadE_predicted,0.09090909090909091,10,10,AGCGCCCCAAGCAATTAACA,0,4226008
yadE_predicted,0.09090909090909091,10,10,AGCCTGTGAATAATGTCGAT,0,4225691
yadE_predicted,0.09090909090909091,10,10,AGCCGTACCCGCCGATTAGA,0,4180293
yadE_predicted,0.09090909090909091,10,10,AGCCGACCCATCCGGCTCGT,0,4163704
yadE_predicted,0.09090909090909091,10,10,AGCCATACAAGGATGGACAA,0,4217236
yadE_predicted,0.09090909090909091,10,10,AGCCAAGATCCCCTGACCAA,0,4202763
yadE_predicted,0.09090909090909091,10,10,AGCATGGTATTTCTGGCCAG,0,4170212
yadE_predicted,0.09090909090909091,10,10,AGCACGACATTACGCGCCGG,0,4220715
yadE_predicted,0.09090909090909091,10,10,AGCAAAGTTTTGGCTTCCTA,0,4229209
yadE_predicted,0.09090909090909091,10,10,AGATTGTACGAGAGGCCGGG,0,4165909
yadE_predicted,0.09090909090909091,10,10,AGATGTTATAGGACGGCTAA,0,4191644
yadE_predicted,0.09090909090909091,10,10,AGATAGTCTGTAGACTTTTC,0,4208351
yadE_predicted,0.09090909090909091,10,10,AGAGTTGCGGTAGTTGAGGA,0,4169203
yadE_predicted,0.09090909090909091,10,10,AGAGTTCGGGCACGGTTCGA,0,4217060
yadE_predicted,0.09090909090909091,10,10,AGAGCTCGATCCTGGGGTGG,0,4234563
yadE_predicted,0.09090909090909091,10,10,AGAGCCTTGAAGCCAAGAGC,0,4168328
yadE_predicted,0.09090909090909091,10,10,AGAGATGTCCCGAATTCGTT,0,4177361
yadE_predicted,0.09090909090909091,10,10,AGAGACTCAGGCGGGACCTG,0,4171246
yadE_predicted,0.09090909090909091,10,10,AGAGACCCAACTCATTTAAG,0,4161795
yadE_predicted,0.09090909090909091,10,10,AGAGAAATTTCGAGAACGGC,0,4199794
yadE_predicted,0.09090909090909091,10,10,AGACTACTTCATCTAAGAAA,0,4235857
yadE_predicted,0.09090909090909091,10,10,AGAATATATAGTCCTAGTGT,0,4201169
yadE_predicted,0.09090909090909091,10,10,AGAATAATAGTTTGATGTAC,0,4178017
yadE_predicted,0.09090909090909091,10,10,AGAAGCGTGCCGTCGGAAAG,0,4222992
yadE_predicted,0.09090909090909091,10,10,AGAAACACGACACCTGGGTA,0,4211466
yadE_predicted,0.09090909090909091,10,10,ACTTTTGATCACTTTATTTC,0,4225737
yadE_predicted,0.09090909090909091,10,10,ACTTTATCAAGGGTTGGTGC,0,4181392
yadE_predicted,0.09090909090909091,10,10,ACTTCTCGAGTTCTACCGAC,0,4231088
yadE_predicted,0.09090909090909091,10,10,ACTTCCGGAGCTTATTACTA,0,4194905
yadE_predicted,0.09090909090909091,10,10,ACTTATCGCGATACCCCCGG,0,4171971
yadE_predicted,0.09090909090909091,10,10,ACTTAATTGACCTTTTGAAA,0,4167231
yadE_predicted,0.09090909090909091,10,10,ACTGGTAGCACCGAGGGGAC,0,4175907
yadE_predicted,0.09090909090909091,10,10,ACTCCGCCGGCCAGACCGGC,0,4174204
yadE_predicted,0.09090909090909091,10,10,ACTCCGCAGCAACGTCCCAT,0,4172561
yadE_predicted,0.09090909090909091,10,10,ACTCCATTCAAACCTTCGGG,0,4175119
yadE_predicted,0.09090909090909091,10,10,ACTCATCCCAATAGTAGCGC,0,4208421
yadE_predicted,0.09090909090909091,10,10,ACTCACGACGCCAGACATGA,0,4170152
yadE_predicted,0.09090909090909091,10,10,ACTAGCATCATAAATTCTAT,0,4172068
yadE_predicted,0.09090909090909091,10,10,ACTAAAGGGGGGCACGAGGG,0,4214757
yadE_predicted,0.09090909090909091,10,10,ACGTGCAAACGGCTATATTG,0,4178484
yadE_predicted,0.09090909090909091,10,10,ACGTGAAGTAATACAGGTGG,0,4200611
yadE_predicted,0.09090909090909091,10,10,ACGTCAGTCATCCGATCCAC,0,4214954
yadE_predicted,0.09090909090909091,10,10,ACGTAATCGTATGCCTCGGC,0,4217959
yadE_predicted,0.09090909090909091,10,10,ACGGCGGAATAAGCCGAGTT,0,4183805
yadE_predicted,0.09090909090909091,10,10,ACGGCGAAGTAGCTTCCTAC,0,4211289
yadE_predicted,0.09090909090909091,10,10,ACGCGTGATGATTCGCATAT,0,4194428
yadE_predicted,0.09090909090909091,10,10,ACGCGGCCCTCGGTATGTAT,0,4160403
yadE_predicted,0.09090909090909091,10,10,ACGCATCGGCAAAGGCGGGC,0,4203881
yadE_predicted,0.09090909090909091,10,10,ACGCACGTAGAGCCGTAACA,0,4197493
yadE_predicted,0.09090909090909091,10,10,ACGCACGCACGTTGAACTGT,0,4192288
yadE_predicted,0.09090909090909091,10,10,ACGAGTGGAGGAAAGTTCAG,0,4170974
yadE_predicted,0.09090909090909091,10,10,ACGACGAGTGAACTTCTCAG,0,4240720
yadE_predicted,0.09090909090909091,10,10,ACCTTAGCCGAGGTTGGCCT,0,4166864
yadE_predicted,0.09090909090909091,10,10,ACCTGAAAGCTTGTCTCACC,0,4201637
yadE_predicted,0.09090909090909091,10,10,ACCTCAGTCCGCCAACGACA,0,4220555
yadE_predicted,0.09090909090909091,10,10,ACCGGGTTCCGATCATAGGA,0,4190067
yadE_predicted,0.09090909090909091,10,10,ACCGCCTCTAAAGGGCATTT,0,4223837
yadE_predicted,0.09090909090909091,10,10,ACCGCAATTTGATACAGCCA,0,4237429
yadE_predicted,0.09090909090909091,10,10,ACCGAGGCGACACGTTCTCA,0,4213717
yadE_predicted,0.09090909090909091,10,10,ACCGAAGCCATGTTCGAATT,0,4198802
yadE_predicted,0.09090909090909091,10,10,ACCCCCTAGGGCTGCGGCAG,0,4172466
yadE_predicted,0.09090909090909091,10,10,ACCCACTGGATTCACGCTAG,0,4200512
yadE_predicted,0.09090909090909091,10,10,ACCAGGTACCGCCAGCGAAG,0,4234033
yadE_predicted,0.09090909090909091,10,10,ACCAAATATACCATGATAAC,0,4187643
yadE_predicted,0.09090909090909091,10,10,ACCAAACTTTTAGAGACCGA,0,4240639
yadE_predicted,0.09090909090909091,10,10,ACCAAAACTAGCGGGTTGTA,0,4219684
yadE_predicted,0.09090909090909091,10,10,ACATTGTTACACGGCATATT,0,4212838
yadE_predicted,0.09090909090909091,10,10,ACATGGATAGCAATATCGGC,0,4183108
yadE_predicted,0.09090909090909091,10,10,ACATATTGGGTGAGCCCCGC,0,4203440
yadE_predicted,0.09090909090909091,10,10,ACAGTTTATAATGGGGTCAT,0,4222936
yadE_predicted,0.09090909090909091,10,10,ACAGTTCCCGGGCTTTCTAA,0,4206738
yadE_predicted,0.09090909090909091,10,10,ACAGGGTGGCACCCGCTGCA,0,4160176
yadE_predicted,0.09090909090909091,10,10,ACACTCTTTTTTATGGCCGT,0,4215168
yadE_predicted,0.09090909090909091,10,10,ACACGAGGTGAAACATGGCT,0,4237872
yadE_predicted,0.09090909090909091,10,10,ACACATCCGGGAGACCGTTC,0,4179028
yadE_predicted,0.09090909090909091,10,10,ACACACATTACAGGGCTAAA,0,4211996
yadE_predicted,0.09090909090909091,10,10,ACAAGGTAACAGGGTCAACC,0,4176655
yadE_predicted,0.09090909090909091,10,10,ACAAATCAAATGTAAAGACC,0,4231726
yadE_predicted,0.09090909090909091,10,10,ACAAACCGCCCCTAGAGTTG,0,4193967
yadE_predicted,0.09090909090909091,10,10,AATTCGCTGATGTCCTTTGG,0,4221887
yadE_predicted,0.09090909090909091,10,10,AATTCAGGAGTTTACGACAA,0,4233142
yadE_predicted,0.09090909090909091,10,10,AATGTTGGGCGGGGTTGGTC,0,4202213
yadE_predicted,0.09090909090909091,10,10,AATGTTAAGCGAGACGTAAC,0,4186352
yadE_predicted,0.09090909090909091,10,10,AATGTGTAGTAGGACGATAC,0,4188850
yadE_predicted,0.09090909090909091,10,10,AATGGAGTAAGCTTGACTAT,0,4197097
yadE_predicted,0.09090909090909091,10,10,AATGCTGTGCCATATCCCCA,0,4190771
yadE_predicted,0.09090909090909091,10,10,AATGCACACAAGCAATAAGG,0,4239043
yadE_predicted,0.09090909090909091,10,10,AATCGGATGGGACTATGAAG,0,4200250
yadE_predicted,0.09090909090909091,10,10,AATCCGAACCCCGAGAATTT,0,4178855
yadE_predicted,0.09090909090909091,10,10,AATCCGAAATCAGGTTCGGG,0,4239162
yadE_predicted,0.09090909090909091,10,10,AATCCATAATTGGTTCCTCA,0,4186705
yadE_predicted,0.09090909090909091,10,10,AATCAATTTGTTCAGACGTA,0,4221941
yadE_predicted,0.09090909090909091,10,10,AATATCCTGCGGCTCAAACC,0,4220968
yadE_predicted,0.09090909090909091,10,10,AATAGCGGGTCGCCATACTT,0,4165843
yadE_predicted,0.09090909090909091,10,10,AATACGGATTAACTGCGCCC,0,4218744
yadE_predicted,0.09090909090909091,10,10,AATACGGAGGCAGTCTATGG,0,4170653
yadE_predicted,0.09090909090909091,10,10,AATAACGCGTTTTCTATTAT,0,4212441
yadE_predicted,0.09090909090909091,10,10,AAGTGCCAGAGGTGTTTACA,0,4168815
yadE_predicted,0.09090909090909091,10,10,AAGTGACTTTCGTTAGGATG,0,4212140
yadE_predicted,0.09090909090909091,10,10,AAGTCGCTCCTAAGGTGTAT,0,4228355
yadE_predicted,0.09090909090909091,10,10,AAGTCCCAATATCCCGCGAC,0,4186283
yadE_predicted,0.09090909090909091,10,10,AAGGTTACTTCGGTAGTACT,0,4213082
yadE_predicted,0.09090909090909091,10,10,AAGGGTCTTCCGGAGCAGCC,0,4194995
yadE_predicted,0.09090909090909091,10,10,AAGGGCGCGTGATTTTAACA,0,4168523
yadE_predicted,0.09090909090909091,10,10,AAGGCTACAATAGCAACGTT,0,4240681
yadE_predicted,0.09090909090909091,10,10,AAGCTAGAGCTCCTAGTTCA,0,4197146
yadE_predicted,0.09090909090909091,10,10,AAGCCCCCTCCCTAGCGCTA,0,4219173
yadE_predicted,0.09090909090909091,10,10,AAGCAATTTCGCACCTTGAC,0,4178285
yadE_predicted,0.09090909090909091,10,10,AAGATGAAAACTAATGTTGA,0,4208911
yadE_predicted,0.09090909090909091,10,10,AAGAGTTGACGGGAGTGATT,0,4202996
yadE_predicted,0.09090909090909091,10,10,AAGAGCGAGTTCTTTGCGTT,0,4228760
yadE_predicted,0.09090909090909091,10,10,AAGAATCGTAGGTAACAACG,0,4192530
yadE_predicted,0.09090909090909091,10,10,AACTTCGTTGTTCAACTGGC,0,4208201
yadE_predicted,0.09090909090909091,10,10,AACTCGGTACGGTAAGTGTA,0,4227104
yadE_predicted,0.09090909090909091,10,10,AACGTTCCCCGCTGGAAAAT,0,4208724
yadE_predicted,0.09090909090909091,10,10,AACGGGTTAGGACCACACTC,0,4192954
yadE_predicted,0.09090909090909091,10,10,AACGACTCAAACACGGATCT,0,4171280
yadE_predicted,0.09090909090909091,10,10,AACCTTTTGGGGGAGGAAAT,0,4192405
yadE_predicted,0.09090909090909091,10,10,AACCGGTTTGAGGAGCATCT,0,4160799
yadE_predicted,0.09090909090909091,10,10,AACCGCCCTTAGTGAGACAG,0,4233792
yadE_predicted,0.09090909090909091,10,10,AACCGATAATTAATGGTTCA,0,4203090
yadE_predicted,0.09090909090909091,10,10,AACCCGGGACGTTCGCTAGT,0,4234245
yadE_predicted,0.09090909090909091,10,10,AACCCAGCGTCTCCCTGTGT,0,4167183
yadE_predicted,0.09090909090909091,10,10,AACATTTCGCTGTCGTCGTT,0,4217933
yadE_predicted,0.09090909090909091,10,10,AACAGGCGAAGCTGCGAGTG,0,4177267
yadE_predicted,0.09090909090909091,10,10,AAATTCCGTCGGACATGCAA,0,4229773
yadE_predicted,0.09090909090909091,10,10,AAATGGAACTAGAACTTTGA,0,4210418
yadE_predicted,0.09090909090909091,10,10,AAAGTTAACCAGATAGTTTT,0,4190085
yadE_predicted,0.09090909090909091,10,10,AAAGTGCCGCACATGATTGC,0,4173775
yadE_predicted,0.09090909090909091,10,10,AAAGGCGGCCGGAAGAGTGA,0,4214890
yadE_predicted,0.09090909090909091,10,10,AAAGCAGCCGGCGGGTACCC,0,4200753
yadE_predicted,0.09090909090909091,10,10,AAACTCGTCCTTCGGCCAAA,0,4180297
yadE_predicted,0.09090909090909091,10,10,AAACGATGGCCGGGACATAA,0,4163630
yadE_predicted,0.09090909090909091,10,10,AAACACTGAAGAAACTTCCA,0,4204943
yadE_predicted,0.09090909090909091,10,10,AAAATGAACCACTGAATCGA,0,4169146
yadE_predicted,0.09090909090909091,10,10,AAAAGTAACAACCGTGGACC,0,4228286
yadE_predicted,0.09090909090909091,10,10,AAAAGATATCACAACCTACC,0,4175025
yadE_predicted,0.09090909090909091,10,10,AAAAACGGCAACGCTACGAA,0,4227124
yadE_predicted,0.1,9,9,TTTTTGTGTTGAAAGTCCAC,0,4209882
yadE_predicted,0.1,9,9,TTTTGCCGGGTCGTTGGAGA,0,4222848
yadE_predicted,0.1,9,9,TTTTCTTATCAACCTCTGCA,0,4174058
yadE_predicted,0.1,9,9,TTTTACTGATCCCCCTGTAA,0,4237745
yadE_predicted,0.1,9,9,TTTTAACCAGCTACAGGGTA,0,4189889
yadE_predicted,0.1,9,9,TTTGGAGGAAGGGGTGAGCG,0,4186422
yadE_predicted,0.1,9,9,TTTCTCGGAAGCCAGATGCA,0,4159555
yadE_predicted,0.1,9,9,TTTCGTCCGCATATGTTTAA,0,4161763
yadE_predicted,0.1,9,9,TTTCGGTCACCATTAACGAG,0,4236012
yadE_predicted,0.1,9,9,TTTCCTACGTTCTCTCTAGG,0,4207585
yadE_predicted,0.1,9,9,TTTCATGGGGTTTAAATCGG,0,4181885
yadE_predicted,0.1,9,9,TTTCATCAGATCGCGGGCGA,0,4233120
yadE_predicted,0.1,9,9,TTTATCTCCGCGATGGGATT,0,4233755
yadE_predicted,0.1,9,9,TTTAGGCTATTAGAAGCTAA,0,4205932
yadE_predicted,0.1,9,9,TTTAAGAGTTTTTCCTGTAA,0,4168568
yadE_predicted,0.1,9,9,TTGTCTGGTAATGCCCCCGA,0,4193981
yadE_predicted,0.1,9,9,TTGTCGGGCGACGCGCGACA,0,4207341
yadE_predicted,0.1,9,9,TTGTATACAACTTTGAAACA,0,4186149
yadE_predicted,0.1,9,9,TTGTACACATTCTTACCTAG,0,4182266
yadE_predicted,0.1,9,9,TTGGGTGTACGTGCCTTACG,0,4231084
yadE_predicted,0.1,9,9,TTGGGTGACTGTGAGACATG,0,4191737
yadE_predicted,0.1,9,9,TTGGATCCTCTCTACGGTCA,0,4167058
yadE_predicted,0.1,9,9,TTGGAGGTATCCCATCTGCG,0,4240644
yadE_predicted,0.1,9,9,TTGCGGCAAGCAGCGGTACG,0,4206584
yadE_predicted,0.1,9,9,TTGCGCTAGTGACAAACCTG,0,4237003
yadE_predicted,0.1,9,9,TTGCGATTGGAACTGAATCT,0,4226022
yadE_predicted,0.1,9,9,TTGCGAATACCTGGTGCCCA,0,4193286
yadE_predicted,0.1,9,9,TTGCCGAACTGGATGCCAGG,0,4172667
yadE_predicted,0.1,9,9,TTGCCATCTTGACCCGGAAA,0,4227741
yadE_predicted,0.1,9,9,TTGCACACTGAGCAAAGGTC,0,4206338
yadE_predicted,0.1,9,9,TTGCAATGAATAAATTGTTG,0,4213332
yadE_predicted,0.1,9,9,TTGATTCGAGCTTCGCTGGA,0,4232689
yadE_predicted,0.1,9,9,TTGATACTCAATATACACAC,0,4202323
yadE_predicted,0.1,9,9,TTGACTTCGTATCAGATTGG,0,4230947
yadE_predicted,0.1,9,9,TTCTTCGAGACAGCCTAGTA,0,4195313
yadE_predicted,0.1,9,9,TTCTGTCAGATCTCACAGCA,0,4219435
yadE_predicted,0.1,9,9,TTCTGCGCGCCCTCTTGACA,0,4237005
yadE_predicted,0.1,9,9,TTCTGCGCAGTCATCGGTTT,0,4225591
yadE_predicted,0.1,9,9,TTCTCGTTACTATTCAGGTA,0,4194876
yadE_predicted,0.1,9,9,TTCTAAGACCCAACGCTTAT,0,4163112
yadE_predicted,0.1,9,9,TTCGTTGTTCCTTGACGGTA,0,4191480
yadE_predicted,0.1,9,9,TTCGGTCAAAACGTGTAGGT,0,4217818
yadE_predicted,0.1,9,9,TTCGCAGATTAGATATAACC,0,4162468
yadE_predicted,0.1,9,9,TTCGAGTAAACAGAGCCAAG,0,4215929
yadE_predicted,0.1,9,9,TTCGAGCTTCGTTTCTATAC,0,4236738
yadE_predicted,0.1,9,9,TTCGACTAACTAAACTCCAT,0,4197568
yadE_predicted,0.1,9,9,TTCCGTGGACATTTTATCTG,0,4164274
yadE_predicted,0.1,9,9,TTCATGGGACGCGGACCCTC,0,4170992
yadE_predicted,0.1,9,9,TTCAGGAGTTGCTAGGGAAC,0,4223220
yadE_predicted,0.1,9,9,TTCACTTTAATCTGAAGAGG,0,4219616
yadE_predicted,0.1,9,9,TTCACAACGCGTGCTCCCCC,0,4185838
yadE_predicted,0.1,9,9,TTCAATCGCGGCGATCACTT,0,4212238
yadE_predicted,0.1,9,9,TTCAAGACGGTGGCACCGCC,0,4221670
yadE_predicted,0.1,9,9,TTATGCTCGAAAAGGCAGTG,0,4199186
yadE_predicted,0.1,9,9,TTATCCTCATCGCCCACAAA,0,4168819
yadE_predicted,0.1,9,9,TTATCAGTGATGAGTACTTG,0,4211934
yadE_predicted,0.1,9,9,TTAGGCCCAGCCATTGTCGG,0,4238206
yadE_predicted,0.1,9,9,TTAGCAATAACAATCGCGTC,0,4171484
yadE_predicted,0.1,9,9,TTAGAGGCTGAAACTTGAGA,0,4237692
yadE_predicted,0.1,9,9,TTAGACTGTGCCCTTTGCAT,0,4205196
yadE_predicted,0.1,9,9,TTAATACAGCAGCGAAGATA,0,4207818
yadE_predicted,0.1,9,9,TTAACGACAGAAGTTCTAAG,0,4182083
yadE_predicted,0.1,9,9,TGTTGTACTAAATTTTGAGA,0,4226486
yadE_predicted,0.1,9,9,TGTTGGTATCTTGACGGTTA,0,4202177
yadE_predicted,0.1,9,9,TGTTACCTGTAACTTACTGA,0,4159608
yadE_predicted,0.1,9,9,TGTGTGAGCATATAGCGTCA,0,4183410
yadE_predicted,0.1,9,9,TGTGCAAGCGGTGGGAACCT,0,4232940
yadE_predicted,0.1,9,9,TGTGAATGTGCAGTAACGGT,0,4163859
yadE_predicted,0.1,9,9,TGTCGTGTAGGCGGCAAGGC,0,4236338
yadE_predicted,0.1,9,9,TGTCATTAGACGTGGTATCG,0,4164061
yadE_predicted,0.1,9,9,TGTCAGGAGATCCAGTAAAT,0,4192538
yadE_predicted,0.1,9,9,TGTCACATCTTGCTTCGTAC,0,4194272
yadE_predicted,0.1,9,9,TGTATTCGGGGCCACCAGCA,0,4212428
yadE_predicted,0.1,9,9,TGTAGCCTGTCATGTTGCCA,0,4226109
yadE_predicted,0.1,9,9,TGTACTGGTCCTGGGTACCT,0,4221361
yadE_predicted,0.1,9,9,TGGTGGGCAACCACATTTAA,0,4164714
yadE_predicted,0.1,9,9,TGGTGCTGAGGTCTACTCTC,0,4173712
yadE_predicted,0.1,9,9,TGGTCCTGCCGCCGAAGTTC,0,4211863
yadE_predicted,0.1,9,9,TGGTATTGGGCTCCCTGCTG,0,4197847
yadE_predicted,0.1,9,9,TGGTACGTGCATAGGTATCT,0,4229664
yadE_predicted,0.1,9,9,TGGGTACTTGTTCAATACAC,0,4173111
yadE_predicted,0.1,9,9,TGGGGTAAGTCGCGGGCGTA,0,4211634
yadE_predicted,0.1,9,9,TGGGCGACCAACACGTAAAG,0,4218780
yadE_predicted,0.1,9,9,TGGGCACACGGGAACGCCGT,0,4217425
yadE_predicted,0.1,9,9,TGGCTTGTACTTTTAGTATT,0,4225185
yadE_predicted,0.1,9,9,TGGCCCCTAGACTGTGCAAA,0,4167865
yadE_predicted,0.1,9,9,TGGCACGTTCATATGCTGTT,0,4233070
yadE_predicted,0.1,9,9,TGGCACCTGATTTCGTTAAA,0,4195865
yadE_predicted,0.1,9,9,TGGAGTAAAAGACCGTTGGT,0,4160328
yadE_predicted,0.1,9,9,TGGAAGATGAGTCCAGTCAC,0,4175478
yadE_predicted,0.1,9,9,TGCTGCAGACCTACTCCTGC,0,4172013
yadE_predicted,0.1,9,9,TGCTCTGCCGGACATCGGTT,0,4181386
yadE_predicted,0.1,9,9,TGCTATGTAACGAAGAGATC,0,4177781
yadE_predicted,0.1,9,9,TGCGTACATAGTATACAGCC,0,4188154
yadE_predicted,0.1,9,9,TGCGGGTCCTCCTTGCCCCC,0,4219378
yadE_predicted,0.1,9,9,TGCGCACATTTGTTTCTCGC,0,4167506
yadE_predicted,0.1,9,9,TGCCTAACGCATGCTAATGG,0,4172898
yadE_predicted,0.1,9,9,TGCCCTCGTAATCTCGTGGA,0,4236555
yadE_predicted,0.1,9,9,TGCCCAGCGTGGGAAAGCCC,0,4228053
yadE_predicted,0.1,9,9,TGCATTTACTTTTCAATACT,0,4167465
yadE_predicted,0.1,9,9,TGCATTCCATAAACCGGATC,0,4187500
yadE_predicted,0.1,9,9,TGCATTAGCATATCCGGCAA,0,4217968
yadE_predicted,0.1,9,9,TGCATCGGTATTCGATTCCC,0,4184810
yadE_predicted,0.1,9,9,TGCATACCTGAATGCCGATC,0,4229426
yadE_predicted,0.1,9,9,TGCACCCAAACCCGGTCCGG,0,4188477
yadE_predicted,0.1,9,9,TGCACAATCCTATCAGGCCA,0,4173120
yadE_predicted,0.1,9,9,TGCAACGAATTAATATCTTG,0,4213357
yadE_predicted,0.1,9,9,TGATGTCAAAGACAATTAAC,0,4213446
yadE_predicted,0.1,9,9,TGATGATGATTCGTATCGTG,0,4211117
yadE_predicted,0.1,9,9,TGATCACGCTCCAACGGTTA,0,4208998
yadE_predicted,0.1,9,9,TGAGTGGTCATCACGCGAGG,0,4196504
yadE_predicted,0.1,9,9,TGAGGGGGGCGTGCTTGAAA,0,4215115
yadE_predicted,0.1,9,9,TGAGATCACGAGGGAAGCCG,0,4190629
yadE_predicted,0.1,9,9,TGACTTTCGATGGAGAGGAA,0,4207816
yadE_predicted,0.1,9,9,TGACTGCTTGATTGGACATT,0,4167206
yadE_predicted,0.1,9,9,TGACAGTCAGTAAGTTTAGA,0,4207061
yadE_predicted,0.1,9,9,TGAACCTACATGGGGTCGGA,0,4186650
yadE_predicted,0.1,9,9,TCTTTGGATGTTGGGTATAA,0,4167191
yadE_predicted,0.1,9,9,TCTTTACCCGCTCAAGAAGT,0,4221665
yadE_predicted,0.1,9,9,TCTTGTACTCGTCCCATTTG,0,4230027
yadE_predicted,0.1,9,9,TCTTGCATATGTGCCGTTGA,0,4209123
yadE_predicted,0.1,9,9,TCTTCGTAATGACAGACCTA,0,4192991
yadE_predicted,0.1,9,9,TCTTCCGAGGTCGAGCCGAG,0,4199704
yadE_predicted,0.1,9,9,TCTTCATGAGGTGAAATCGA,0,4199915
yadE_predicted,0.1,9,9,TCTTACCAATCCCGTCCGGG,0,4222312
yadE_predicted,0.1,9,9,TCTGGTTGCCTATAGGCTGG,0,4197271
yadE_predicted,0.1,9,9,TCTGCGACGGCTCCACGGTT,0,4181663
yadE_predicted,0.1,9,9,TCTGATCACGCCATCCTATA,0,4197397
yadE_predicted,0.1,9,9,TCTGAATTGTGTGATCCATG,0,4205209
yadE_predicted,0.1,9,9,TCTGAAGCTTCGGTCCGTCA,0,4229459
yadE_predicted,0.1,9,9,TCTCGAAATAAATACTGGGA,0,4197975
yadE_predicted,0.1,9,9,TCTCAAAAGGAGGGTTCGGC,0,4226293
yadE_predicted,0.1,9,9,TCTATCGTATTATTAGTAGA,0,4173826
yadE_predicted,0.1,9,9,TCTAGTCTTCGCGCGGCAAG,0,4176811
yadE_predicted,0.1,9,9,TCTACGACTAAGCGGTAACT,0,4234492
yadE_predicted,0.1,9,9,TCTACACGAATATAGTCGCG,0,4186243
yadE_predicted,0.1,9,9,TCTAATAGTTGTTCTAAGCT,0,4239163
yadE_predicted,0.1,9,9,TCGTGTATACCTAAGTAAAC,0,4164392
yadE_predicted,0.1,9,9,TCGTGCCACTTGCACCGGCT,0,4168493
yadE_predicted,0.1,9,9,TCGTACATACGTTTAAGAAT,0,4206162
yadE_predicted,0.1,9,9,TCGGTTCTATACAAGGACTT,0,4207479
yadE_predicted,0.1,9,9,TCGGTACGAACGGATCATAT,0,4184050
yadE_predicted,0.1,9,9,TCGGCGTACACAACCTGAAG,0,4161973
yadE_predicted,0.1,9,9,TCGGCGCTAGAACATCTCAC,0,4175374
yadE_predicted,0.1,9,9,TCGGAGTCACGGCTAACGCA,0,4189463
yadE_predicted,0.1,9,9,TCGCGCCGCATTCGCGGACT,0,4230270
yadE_predicted,0.1,9,9,TCCTTAGCTGGGCCTTTGTT,0,4240734
yadE_predicted,0.1,9,9,TCCTGCATCGCATGTCTGAT,0,4212207
yadE_predicted,0.1,9,9,TCCTCGGGCAGCGATGGCTA,0,4239250
yadE_predicted,0.1,9,9,TCCGTTTAGATCTGCCTATC,0,4188344
yadE_predicted,0.1,9,9,TCCGTCGCCTTTCTAGGCCT,0,4214525
yadE_predicted,0.1,9,9,TCCGGCATGCAGTACGACGC,0,4211223
yadE_predicted,0.1,9,9,TCCGGCAGGCGTTGTAATTT,0,4195914
yadE_predicted,0.1,9,9,TCCGCTACGGTCGCTTTTGT,0,4232893
yadE_predicted,0.1,9,9,TCCGAATACGCCCGAGACAG,0,4175572
yadE_predicted,0.1,9,9,TCCCTCAATTCGTCGGGATG,0,4187390
yadE_predicted,0.1,9,9,TCCCCTGAAGTCCAAAAAGT,0,4176255
yadE_predicted,0.1,9,9,TCCCCAAAATGGTTGTTGTG,0,4160802
yadE_predicted,0.1,9,9,TCCATACTGTGCGGTGACAA,0,4217024
yadE_predicted,0.1,9,9,TCCAGGAATGAGATAACTCC,0,4236802
yadE_predicted,0.1,9,9,TCCAGGAAGCGCCTGTTGAA,0,4239378
yadE_predicted,0.1,9,9,TCCAGCTAAGGTGCGAATCA,0,4190069
yadE_predicted,0.1,9,9,TCCACAACGATTTCATCAAC,0,4169334
yadE_predicted,0.1,9,9,TCCAAAATATAGGACTCCAT,0,4162243
yadE_predicted,0.1,9,9,TCAGTTTTCGCCGAATCTCT,0,4189244
yadE_predicted,0.1,9,9,TCAGTAGTGCCCGGCTATGT,0,4179852
yadE_predicted,0.1,9,9,TCAGCGGTGAAAGACCTGTA,0,4225811
yadE_predicted,0.1,9,9,TCAGCCCGCTCGTGCGCGCG,0,4220486
yadE_predicted,0.1,9,9,TCACTTCCATCAATCCGGAG,0,4175055
yadE_predicted,0.1,9,9,TCACTATATGGGGGCGGTAA,0,4181707
yadE_predicted,0.1,9,9,TCACGCCAGGTCTGATGTGT,0,4183643
yadE_predicted,0.1,9,9,TCACGATCTCGCTGCCGCAT,0,4168550
yadE_predicted,0.1,9,9,TCACCGAGGATACGTCAACG,0,4217849
yadE_predicted,0.1,9,9,TCACCGACTGGGTGCAGCTC,0,4230664
yadE_predicted,0.1,9,9,TCACCCTAAGTACTAGCCCA,0,4167244
yadE_predicted,0.1,9,9,TCAACAGGTGTATGAGACAG,0,4180474
yadE_predicted,0.1,9,9,TCAAATTAGGATCCGTTCAT,0,4230031
yadE_predicted,0.1,9,9,TCAAAGGGCATAGGTTTCGA,0,4206748
yadE_predicted,0.1,9,9,TCAAACAAACTCATGCCTCT,0,4229005
yadE_predicted,0.1,9,9,TCAAAAACCGAGCTGTTTCT,0,4161633
yadE_predicted,0.1,9,9,TATTATGTCACGTTAGGTTA,0,4202511
yadE_predicted,0.1,9,9,TATTAGTCAATACTTGCCAA,0,4214532
yadE_predicted,0.1,9,9,TATTACGAGTAATTGACGTT,0,4172747
yadE_predicted,0.1,9,9,TATGTTAGGATTCACCCACA,0,4188161
yadE_predicted,0.1,9,9,TATGTAGCTCATAGGAGACA,0,4167415
yadE_predicted,0.1,9,9,TATGAGTTCGGGAACGGATC,0,4199367
yadE_predicted,0.1,9,9,TATCTCCGCCTTCTTGCTAC,0,4163937
yadE_predicted,0.1,9,9,TATCATTGCTGAAACGCCTG,0,4191518
yadE_predicted,0.1,9,9,TATCACCCGAGGCATTGTAG,0,4181616
yadE_predicted,0.1,9,9,TATACAAAGTATGTTAACTG,0,4223233
yadE_predicted,0.1,9,9,TATAAACGTACAGTTAGACA,0,4238922
yadE_predicted,0.1,9,9,TAGTTCCGCTAAGGGGAAGA,0,4161195
yadE_predicted,0.1,9,9,TAGGTATTGTGAGGCGAAGT,0,4164261
yadE_predicted,0.1,9,9,TAGCTAGCTGTACGAGCGGG,0,4193840
yadE_predicted,0.1,9,9,TAGCGTGATCCATCCGGAGA,0,4226406
yadE_predicted,0.1,9,9,TAGCCCGAGATCGAAATACT,0,4170768
yadE_predicted,0.1,9,9,TAGATCCGATCGTGGGCGCT,0,4189112
yadE_predicted,0.1,9,9,TAGATAAGCAGAGAAATCGG,0,4186260
yadE_predicted,0.1,9,9,TAGAGCCATTTGGATGCATA,0,4189987
yadE_predicted,0.1,9,9,TAGAGACCCGGGCAAGGCGG,0,4228238
yadE_predicted,0.1,9,9,TAGAGAACGATACTAAAACA,0,4232258
yadE_predicted,0.1,9,9,TAGAAATGTGTCCAGCAGTA,0,4207480
yadE_predicted,0.1,9,9,TACTCGCCGCGTAGATAGTA,0,4222566
yadE_predicted,0.1,9,9,TACTCGAGTCCCAATGCCAT,0,4241076
yadE_predicted,0.1,9,9,TACTAATAACGTGCAAATTT,0,4225018
yadE_predicted,0.1,9,9,TACGCGTTAAGAGTCACCTC,0,4204447
yadE_predicted,0.1,9,9,TACGCACTCCAAATATTTTA,0,4163620
yadE_predicted,0.1,9,9,TACGAATTCGCTCGGGTATA,0,4167434
yadE_predicted,0.1,9,9,TACAACACGTTCAAAACCGC,0,4171062
yadE_predicted,0.1,9,9,TAATTGACGCCAGCATGTAC,0,4223688
yadE_predicted,0.1,9,9,TAATTCTACAAGAACACAGA,0,4230570
yadE_predicted,0.1,9,9,TAAGGCTTGGAATTGCGCGA,0,4161263
yadE_predicted,0.1,9,9,TAAGCCTCGGGCGGTTCGTT,0,4216354
yadE_predicted,0.1,9,9,TAACTTGTTTCTCAGACTCT,0,4171781
yadE_predicted,0.1,9,9,TAACCCAGACGCTGGATGCT,0,4185221
yadE_predicted,0.1,9,9,TAAATGAATAGTAACCTTGA,0,4196226
yadE_predicted,0.1,9,9,TAAATCTCCGCTGGTTATCA,0,4215210
yadE_predicted,0.1,9,9,TAAAGAGAGGTTGACTTGAA,0,4210380
yadE_predicted,0.1,9,9,TAAAGAAGTAGTCCAGTTTT,0,4227496
yadE_predicted,0.1,9,9,TAAACCGGAGACTCGGTAAA,0,4160122
yadE_predicted,0.1,9,9,GTTTCGGTAAACAAATGTGG,0,4223420
yadE_predicted,0.1,9,9,GTTTATAGCAGGAGATTAGC,0,4161458
yadE_predicted,0.1,9,9,GTTGCGGTGATTCCAAACTA,0,4209917
yadE_predicted,0.1,9,9,GTTGCCCGTGTTGATTGTGA,0,4232630
yadE_predicted,0.1,9,9,GTTCTAAGCGAGCTTGGAGT,0,4222326
yadE_predicted,0.1,9,9,GTTCCACCGCCTCTGTGGAA,0,4176740
yadE_predicted,0.1,9,9,GTTCAGGAGAGCGTCCAAAC,0,4239770
yadE_predicted,0.1,9,9,GTTAGGACTGTTGCCCAGGA,0,4177023
yadE_predicted,0.1,9,9,GTTAGGAAGCCCGGCACATC,0,4233122
yadE_predicted,0.1,9,9,GTTAGCTATCTGATACCATA,0,4241150
yadE_predicted,0.1,9,9,GTTAGACACTGTTTAACATT,0,4182343
yadE_predicted,0.1,9,9,GTTACACCGGTCTCAATCCG,0,4163851
yadE_predicted,0.1,9,9,GTTAACTTGCGCAGCTCCCG,0,4229744
yadE_predicted,0.1,9,9,GTGTCATTGGTCGCCACGTG,0,4182890
yadE_predicted,0.1,9,9,GTGGTTATATAATTCGTCAC,0,4200515
yadE_predicted,0.1,9,9,GTGGGGAGACGATCCCATTG,0,4165569
yadE_predicted,0.1,9,9,GTGCCGTCTTTGCAATTTGA,0,4163700
yadE_predicted,0.1,9,9,GTGCATGGGAACGGGTATCC,0,4215740
yadE_predicted,0.1,9,9,GTGCACTCACACTGTAGGAC,0,4206619
yadE_predicted,0.1,9,9,GTGCACCCGACAACGGCTTT,0,4169606
yadE_predicted,0.1,9,9,GTGATACCAAAAATTATACA,0,4225356
yadE_predicted,0.1,9,9,GTGAGTAAGACTCTTTGGAC,0,4203087
yadE_predicted,0.1,9,9,GTGAACGACACCATCTTCGT,0,4188683
yadE_predicted,0.1,9,9,GTCTTTTGAATAGCGTGAAA,0,4208014
yadE_predicted,0.1,9,9,GTCTGTATGTCTGTGCGCTT,0,4231628
yadE_predicted,0.1,9,9,GTCTCCGAAGTTCGACTCTA,0,4234140
yadE_predicted,0.1,9,9,GTCTCCCCATGCCAACGCAT,0,4166222
yadE_predicted,0.1,9,9,GTCGTGTCTTCTAGTCGCGG,0,4219553
yadE_predicted,0.1,9,9,GTCGTCGGCAGCAGGGAGAA,0,4219681
yadE_predicted,0.1,9,9,GTCGGGTCTTGTGCGTAGGC,0,4161118
yadE_predicted,0.1,9,9,GTCGGCCGCTCGATCTCAAA,0,4236736
yadE_predicted,0.1,9,9,GTCGAAAAGACGGTTATAGC,0,4213213
yadE_predicted,0.1,9,9,GTCCTAGGACATTCGCGGTA,0,4198238
yadE_predicted,0.1,9,9,GTCCGGTAACGGGCTCCGCT,0,4235659
yadE_predicted,0.1,9,9,GTCCGCTAGCTACGCGAACT,0,4212288
yadE_predicted,0.1,9,9,GTCCGACCTTCACGTAGGAC,0,4238321
yadE_predicted,0.1,9,9,GTCCACGCTAAGTACCACCT,0,4225920
yadE_predicted,0.1,9,9,GTCCACAACGAAAACGAAAA,0,4190615
yadE_predicted,0.1,9,9,GTCATGGCGCTAAGTATATG,0,4239265
yadE_predicted,0.1,9,9,GTCAGAAGGGAATCCGGGCT,0,4222136
yadE_predicted,0.1,9,9,GTCACCAATCCAAGATCTCA,0,4197328
yadE_predicted,0.1,9,9,GTCAAGACATATCAGAAATA,0,4162246
yadE_predicted,0.1,9,9,GTATTTTTTCGTTATTACAA,0,4184441
yadE_predicted,0.1,9,9,GTATCCCGCGTAGACCAGAG,0,4194554
yadE_predicted,0.1,9,9,GTATCATGATTCACCGATAG,0,4195189
yadE_predicted,0.1,9,9,GTAGTCTCTCGGTATCAGGA,0,4184382
yadE_predicted,0.1,9,9,GTAGAGGCCCACGCTTCTGT,0,4212996
yadE_predicted,0.1,9,9,GTAGAACTTTTAAGTGACAT,0,4216852
yadE_predicted,0.1,9,9,GTACGGCGCCTCTCGACTTA,0,4159405
yadE_predicted,0.1,9,9,GGTTTTGGTCAGTGCTCGGG,0,4180035
yadE_predicted,0.1,9,9,GGTTTCGGGAAACAGACCCA,0,4185136
yadE_predicted,0.1,9,9,GGTTTCGAGATGTTTCCGAT,0,4222409
yadE_predicted,0.1,9,9,GGTTGGATGGTAGCGGCTCT,0,4176950
yadE_predicted,0.1,9,9,GGTTCTGGACTTCGGACCGG,0,4215837
yadE_predicted,0.1,9,9,GGTTAATGTGTCAGTTTCAG,0,4183909
yadE_predicted,0.1,9,9,GGTTAAGAAGCTAATGTTCT,0,4185901
yadE_predicted,0.1,9,9,GGTGGCTCAATAATGGAGCT,0,4186483
yadE_predicted,0.1,9,9,GGTCTACCAACAGCGAGGTA,0,4195778
yadE_predicted,0.1,9,9,GGTCGAATAGCGCGGACAAA,0,4231200
yadE_predicted,0.1,9,9,GGTCCAGTACGAACCATGCC,0,4185764
yadE_predicted,0.1,9,9,GGTCAGAGGGTCATGGCAAT,0,4211463
yadE_predicted,0.1,9,9,GGTATTCGTGTCCGCGTCTC,0,4182345
yadE_predicted,0.1,9,9,GGTATCTGCTTAGGGATTTC,0,4160024
yadE_predicted,0.1,9,9,GGTAGCTAAGTGGTCCCTGG,0,4208080
yadE_predicted,0.1,9,9,GGTAGACAGGGGCTAGGACA,0,4163650
yadE_predicted,0.1,9,9,GGTAATAATCTGAGCGACTA,0,4229583
yadE_predicted,0.1,9,9,GGGTTGGTCGGGTCGAGGAT,0,4170749
yadE_predicted,0.1,9,9,GGGTGATGTCAAACCCGTTC,0,4213948
yadE_predicted,0.1,9,9,GGGTCCGAGTCCCGTAATTG,0,4229410
yadE_predicted,0.1,9,9,GGGGTCACGTAGCACACATA,0,4240890
yadE_predicted,0.1,9,9,GGGGTAGCTACGCAGGGTAG,0,4221265
yadE_predicted,0.1,9,9,GGGGCGGTTGGAGGAGGGTC,0,4223945
yadE_predicted,0.1,9,9,GGGGCACCATAAGTAGCAGT,0,4177241
yadE_predicted,0.1,9,9,GGGGCAACGAGGTAGCCTCG,0,4175968
yadE_predicted,0.1,9,9,GGGGAACTATCGTCTACCTT,0,4205374
yadE_predicted,0.1,9,9,GGGCGATAAATAACAAGAAT,0,4204642
yadE_predicted,0.1,9,9,GGGCATAACGTGCGTCTTCG,0,4161911
yadE_predicted,0.1,9,9,GGGAGCAACCACGAAGCGGA,0,4239049
yadE_predicted,0.1,9,9,GGGACAAGTTCGCTTAGTTC,0,4184808
yadE_predicted,0.1,9,9,GGGACAAGGAGGAGGAGTGC,0,4178511
yadE_predicted,0.1,9,9,GGGAAGTTAGAACAACCTAT,0,4161725
yadE_predicted,0.1,9,9,GGCTTCTCGAACGTGAGACT,0,4194242
yadE_predicted,0.1,9,9,GGCTTATCAGCCTGTCTACC,0,4206114
yadE_predicted,0.1,9,9,GGCTCAATACCACATGTCTG,0,4169570
yadE_predicted,0.1,9,9,GGCTATGGGGGAGAACAGAT,0,4221929
yadE_predicted,0.1,9,9,GGCTAACAGTTCAAATGAGA,0,4181342
yadE_predicted,0.1,9,9,GGCGTGTAACAAGCTGCAAT,0,4183504
yadE_predicted,0.1,9,9,GGCGTCCGCTGTCCATCGGG,0,4190273
yadE_predicted,0.1,9,9,GGCGGCTAGAAACATCAAGC,0,4233213
yadE_predicted,0.1,9,9,GGCGCCTAATGTTTAGAGCT,0,4192440
yadE_predicted,0.1,9,9,GGCGACAGTGATACCATTGT,0,4223242
yadE_predicted,0.1,9,9,GGCCTGGCGCGTGGCAGAAT,0,4233998
yadE_predicted,0.1,9,9,GGCATTTATGAAAGCAACGT,0,4192173
yadE_predicted,0.1,9,9,GGCAGGAGTCGCTGAATAAT,0,4211030
yadE_predicted,0.1,9,9,GGCAGAGTTTATCAAAGTAT,0,4222162
yadE_predicted,0.1,9,9,GGCACACTGTGGCTTACATC,0,4170646
yadE_predicted,0.1,9,9,GGCAATCGCTTAGCGCTATT,0,4164652
yadE_predicted,0.1,9,9,GGCAATAAGTCTGGAACAGG,0,4219513
yadE_predicted,0.1,9,9,GGCAACCCGCAATCAGCGAA,0,4234250
yadE_predicted,0.1,9,9,GGATTTTAGATTCGGGCATG,0,4178383
yadE_predicted,0.1,9,9,GGAGCGCGGGCCATAAGAGG,0,4163012
yadE_predicted,0.1,9,9,GGACTTAGTGGCAAGGGACA,0,4160744
yadE_predicted,0.1,9,9,GGACGTTTTGCTCATGCAAT,0,4234361
yadE_predicted,0.1,9,9,GGACCTTATCGGGCGCGGTT,0,4200518
yadE_predicted,0.1,9,9,GGACCATCAAGAGACACTGG,0,4179341
yadE_predicted,0.1,9,9,GGACATACCGGTAGTCTATT,0,4168800
yadE_predicted,0.1,9,9,GGACAGGCTCCCCGCATAAA,0,4236749
yadE_predicted,0.1,9,9,GGACAATAACTTCTATCGGC,0,4205790
yadE_predicted,0.1,9,9,GGAATGTAAAGAGAATGGTC,0,4195809
yadE_predicted,0.1,9,9,GGAACGGCCGGTTCCGAGGA,0,4216218
yadE_predicted,0.1,9,9,GGAAACAAGGTCATCAGCCA,0,4174331
yadE_predicted,0.1,9,9,GCTTTGACGGACGGGAGGAG,0,4174538
yadE_predicted,0.1,9,9,GCTTGGTTTCTCCGTGGTCC,0,4199310
yadE_predicted,0.1,9,9,GCTTCGAACCGGGGAAGTCG,0,4187138
yadE_predicted,0.1,9,9,GCTTATTTGGAGCTGCGGAT,0,4225434
yadE_predicted,0.1,9,9,GCTTAGTCAAATACGCCGGT,0,4223759
yadE_predicted,0.1,9,9,GCTCTTTGACTACATGGTTA,0,4187398
yadE_predicted,0.1,9,9,GCTCGGAATGCAAGAGGAGA,0,4189201
yadE_predicted,0.1,9,9,GCTCCCAAGTGGTACGAAAA,0,4181878
yadE_predicted,0.1,9,9,GCTCAGGTTCACCGCAGTGT,0,4228678
yadE_predicted,0.1,9,9,GCTCAGCACTGTTGTATCTC,0,4167245
yadE_predicted,0.1,9,9,GCTAATTTACAGCATTAGTG,0,4181504
yadE_predicted,0.1,9,9,GCGTAGCTCCGATATTGTCT,0,4172612
yadE_predicted,0.1,9,9,GCGTACTGATAACTATCGTC,0,4230024
yadE_predicted,0.1,9,9,GCGTAAGTTATCAACTCAGC,0,4165005
yadE_predicted,0.1,9,9,GCGGTGCATTTCTCTCCGTA,0,4177318
yadE_predicted,0.1,9,9,GCGGTGCACCACCTTGCTAC,0,4160147
yadE_predicted,0.1,9,9,GCGGTCGTCGCGGTGTACGG,0,4176752
yadE_predicted,0.1,9,9,GCGGCGATGTTTGCCATCCG,0,4179875
yadE_predicted,0.1,9,9,GCGGATAGGTACTCCTCCCA,0,4230669
yadE_predicted,0.1,9,9,GCGGAGGTAAGACTCGGTCT,0,4220193
yadE_predicted,0.1,9,9,GCGCTACCATAGCTACCTGA,0,4215967
yadE_predicted,0.1,9,9,GCGCGGACGCTTTTGTTCAT,0,4190075
yadE_predicted,0.1,9,9,GCGCCCGGCGAGGCGCGGGT,0,4224054
yadE_predicted,0.1,9,9,GCGCATTACGGACATCGAGA,0,4168046
yadE_predicted,0.1,9,9,GCGATAGGCGCAGCATATAT,0,4162649
yadE_predicted,0.1,9,9,GCGATACTACTACGCAATAG,0,4192755
yadE_predicted,0.1,9,9,GCGAGTCTTAGACGGATGAA,0,4240078
yadE_predicted,0.1,9,9,GCGACTACAACACGATCGAA,0,4176810
yadE_predicted,0.1,9,9,GCGAATGGTCCCCGAAATTG,0,4191177
yadE_predicted,0.1,9,9,GCCTTGTTAGGGAGTCCAAT,0,4169145
yadE_predicted,0.1,9,9,GCCTTCATCCGCGCGACCAC,0,4190448
yadE_predicted,0.1,9,9,GCCTTAAACATTGGGGTTCA,0,4229407
yadE_predicted,0.1,9,9,GCCTGTAGATTTACCATCGG,0,4176812
yadE_predicted,0.1,9,9,GCCTACCGATAAACGATAGC,0,4210639
yadE_predicted,0.1,9,9,GCCTAAACCGCGCTGCTTGT,0,4186933
yadE_predicted,0.1,9,9,GCCGGTGCTCATCCATGCAG,0,4208637
yadE_predicted,0.1,9,9,GCCGCCGCTCTAACTTCACG,0,4213293
yadE_predicted,0.1,9,9,GCCCGGATCACCCTACACCA,0,4184356
yadE_predicted,0.1,9,9,GCCCCCAGTAGAAGCAACCT,0,4220591
yadE_predicted,0.1,9,9,GCCCCAGAATATGGGCGGGA,0,4186999
yadE_predicted,0.1,9,9,GCCAGAGTGCGGAACATTTG,0,4201513
yadE_predicted,0.1,9,9,GCCAACAGTTTGTACGGCGG,0,4199409
yadE_predicted,0.1,9,9,GCATTGTGGGGTCTATCGGA,0,4170376
yadE_predicted,0.1,9,9,GCATGGTCGGACATCACGAA,0,4171512
yadE_predicted,0.1,9,9,GCATGGGCGGCTTAATTGCA,0,4178022
yadE_predicted,0.1,9,9,GCATATGGGGCTCAAGTACG,0,4196082
yadE_predicted,0.1,9,9,GCATATCGTTACTCTGATAG,0,4180392
yadE_predicted,0.1,9,9,GCATAAGTCAATGATGTTGA,0,4233404
yadE_predicted,0.1,9,9,GCAGTCACTAACTCGTGGAT,0,4202032
yadE_predicted,0.1,9,9,GCAGGAGGTGAGCTCGTGAG,0,4237996
yadE_predicted,0.1,9,9,GCAGATGCTGCTTGTAAGAC,0,4232740
yadE_predicted,0.1,9,9,GCAGACAAGAACCTCGCGTA,0,4188488
yadE_predicted,0.1,9,9,GCAGAAGTCACCCGCTGCTG,0,4229122
yadE_predicted,0.1,9,9,GCACTATTGGTTGCCGCCTA,0,4184439
yadE_predicted,0.1,9,9,GCACGTCATTTTAATATACG,0,4222762
yadE_predicted,0.1,9,9,GCACGGCAGATAATAAAATT,0,4215141
yadE_predicted,0.1,9,9,GCACATGAGGCGGCAGAATG,0,4215859
yadE_predicted,0.1,9,9,GCACAGGCAGGGCTGGTATG,0,4203902
yadE_predicted,0.1,9,9,GCACACACCTGAAGAATGAG,0,4196733
yadE_predicted,0.1,9,9,GCAAGGACGCATTCGGATCG,0,4175847
yadE_predicted,0.1,9,9,GCAACCAATCTGTTTAATGA,0,4238739
yadE_predicted,0.1,9,9,GATTTGTATATTTGCCGATC,0,4198370
yadE_predicted,0.1,9,9,GATTCCATCGTCTAGGTCTC,0,4217882
yadE_predicted,0.1,9,9,GATTCATTTCAAGAGGCGGG,0,4161544
yadE_predicted,0.1,9,9,GATTATGCGCCCCCCACGTG,0,4194579
yadE_predicted,0.1,9,9,GATTAAAGACTGCGAGCTCA,0,4204629
yadE_predicted,0.1,9,9,GATGTAGATGACAACTCGTA,0,4217435
yadE_predicted,0.1,9,9,GATGGGATCTGTCGGGGTTA,0,4181028
yadE_predicted,0.1,9,9,GATGCAAGCAGAAACTCCGA,0,4206132
yadE_predicted,0.1,9,9,GATGAGCTACGGATTCACAA,0,4220039
yadE_predicted,0.1,9,9,GATCGAAGCCACCTCAGGCT,0,4212930
yadE_predicted,0.1,9,9,GATCCCAACGAGACATCGAG,0,4210342
yadE_predicted,0.1,9,9,GATCCATGTGACCTCCAAGT,0,4222976
yadE_predicted,0.1,9,9,GATCACAGCGAGAGCGATGT,0,4236032
yadE_predicted,0.1,9,9,GATATGTGAGCGGCTATGTT,0,4189251
yadE_predicted,0.1,9,9,GATAGTGTAACTATGGTGCA,0,4219396
yadE_predicted,0.1,9,9,GATAGGACATATAAACAAAT,0,4220646
yadE_predicted,0.1,9,9,GATAAACGTTCCGTTTAGAC,0,4186695
yadE_predicted,0.1,9,9,GAGTTGGGAGCGAGGTGTTT,0,4210174
yadE_predicted,0.1,9,9,GAGGGAGTGTATACGGGTCA,0,4202861
yadE_predicted,0.1,9,9,GAGGCTACGCTATCGTGCTA,0,4172128
yadE_predicted,0.1,9,9,GAGGAGCGTCCCCGGAGGGG,0,4212721
yadE_predicted,0.1,9,9,GAGGACGAAAGTTGTAGTGG,0,4160084
yadE_predicted,0.1,9,9,GAGGACAAAGGAGACCATAC,0,4177786
yadE_predicted,0.1,9,9,GAGCGGTGGGGCGAATTGTA,0,4161404
yadE_predicted,0.1,9,9,GAGATATGAATGTTAGTTCC,0,4164303
yadE_predicted,0.1,9,9,GAGACGGTGGTGGTGCTGCA,0,4195649
yadE_predicted,0.1,9,9,GAGAATTTCTCCTCAAACGG,0,4221849
yadE_predicted,0.1,9,9,GAGAATGACCTTACCGATCA,0,4183644
yadE_predicted,0.1,9,9,GACTGTCAGGCCCCTAGTTG,0,4176733
yadE_predicted,0.1,9,9,GACTGGGGTGAATCTTAGGC,0,4227312
yadE_predicted,0.1,9,9,GACTGCCTCGAGCAGGAGTA,0,4175336
yadE_predicted,0.1,9,9,GACTCAATTACCTAGACAAG,0,4162991
yadE_predicted,0.1,9,9,GACTAGGCCAGCTGCACGAG,0,4160423
yadE_predicted,0.1,9,9,GACGTTCGGTAGGTTCTTGT,0,4210030
yadE_predicted,0.1,9,9,GACCTAGTGGACTTGAGGAC,0,4167181
yadE_predicted,0.1,9,9,GACCAGGCTGATCGGGAGAA,0,4226013
yadE_predicted,0.1,9,9,GACACGGCGTCAGTTGCCTG,0,4171545
yadE_predicted,0.1,9,9,GACACCCCATTACGGTTGTA,0,4234940
yadE_predicted,0.1,9,9,GACAAGGCCAAAAGGCTAAT,0,4198297
yadE_predicted,0.1,9,9,GACAAGCCGCATTATTGAGT,0,4191111
yadE_predicted,0.1,9,9,GAATTCTACCTGCGTATTGT,0,4216024
yadE_predicted,0.1,9,9,GAATTCGAGACGCGTTTGTG,0,4222384
yadE_predicted,0.1,9,9,GAAGGCGCCTCCGCGCCTAG,0,4191268
yadE_predicted,0.1,9,9,GAAGCCATAAGCGCGCTTCT,0,4228949
yadE_predicted,0.1,9,9,GAAGATCATTCTCTGTATAT,0,4178690
yadE_predicted,0.1,9,9,GAACTTAACCTGACCGGGGG,0,4212644
yadE_predicted,0.1,9,9,GAACTGTCATGATGCACGGC,0,4201206
yadE_predicted,0.1,9,9,GAACTCTTCCGGGTGATATA,0,4196850
yadE_predicted,0.1,9,9,GAACTAGCTTGTTCACGCTG,0,4200907
yadE_predicted,0.1,9,9,GAACGACATTCGGATTTAAA,0,4180185
yadE_predicted,0.1,9,9,GAACATGAGTTTCGTAATAT,0,4199238
yadE_predicted,0.1,9,9,GAAAGGGCGAATATACGTCA,0,4216836
yadE_predicted,0.1,9,9,GAAACCGGACTGCAGTGGCT,0,4221168
yadE_predicted,0.1,9,9,CTTTGTAAAGTGGTACGAAC,0,4216029
yadE_predicted,0.1,9,9,CTTTATGGGAATCTGTCTCC,0,4204766
yadE_predicted,0.1,9,9,CTTTAGCCCTGACACGCTTT,0,4160154
yadE_predicted,0.1,9,9,CTTTAGACCCAGAGGCAAAA,0,4174860
yadE_predicted,0.1,9,9,CTTGGGTCGTTAGGGATTGT,0,4221620
yadE_predicted,0.1,9,9,CTTGCCGCTTCCGCCGGCGG,0,4207586
yadE_predicted,0.1,9,9,CTTGCATTAAACGATGTTCT,0,4204266
yadE_predicted,0.1,9,9,CTTGCACCGGAGAGGCACGT,0,4210450
yadE_predicted,0.1,9,9,CTTCGGCAGAACGTCATGGT,0,4203519
yadE_predicted,0.1,9,9,CTTCCGTGATTTAAACTTCA,0,4163900
yadE_predicted,0.1,9,9,CTTCATTAAATAGGAGTCCA,0,4204913
yadE_predicted,0.1,9,9,CTGTTCACTCGAGAACACAG,0,4168470
yadE_predicted,0.1,9,9,CTGTTACAGCCTTATGCGGG,0,4215689
yadE_predicted,0.1,9,9,CTGTCTGAGTTGGCTAGTAT,0,4180291
yadE_predicted,0.1,9,9,CTGTAATATAATCTCCAGAG,0,4200715
yadE_predicted,0.1,9,9,CTGGTTTCGTACGTATGACG,0,4238767
yadE_predicted,0.1,9,9,CTGGCTTGAGTAAGTCTTAT,0,4167844
yadE_predicted,0.1,9,9,CTGCTTCGGAATTACTAGAA,0,4211325
yadE_predicted,0.1,9,9,CTGATTTACCTTAAGAGAGA,0,4194883
yadE_predicted,0.1,9,9,CTGAGCGCTGTTCTTAAAAC,0,4180106
yadE_predicted,0.1,9,9,CTGACGTGTGGCAGGAGAGC,0,4167193
yadE_predicted,0.1,9,9,CTGACCAGCTTCCCATATAC,0,4190670
yadE_predicted,0.1,9,9,CTCTTTATAAGACATGTTGT,0,4212594
yadE_predicted,0.1,9,9,CTCTGGGTAGTTCTTCACTA,0,4229237
yadE_predicted,0.1,9,9,CTCTCGCTTCTTCAATCATC,0,4190814
yadE_predicted,0.1,9,9,CTCTATGCGGAATGGCATGG,0,4190449
yadE_predicted,0.1,9,9,CTCGTTGTCTCCTCATAGCA,0,4178722
yadE_predicted,0.1,9,9,CTCGGACTCGGCGCTTGGAT,0,4193855
yadE_predicted,0.1,9,9,CTCGAGCGTATGCAACGTGG,0,4164112
yadE_predicted,0.1,9,9,CTCCTCTTTGCGGGTACCCT,0,4227905
yadE_predicted,0.1,9,9,CTCCTCAGGTCTGCCAGACA,0,4180781
yadE_predicted,0.1,9,9,CTCCGGTGAAATTTGGATCC,0,4220791
yadE_predicted,0.1,9,9,CTCCGGCACAGGCTACTAAT,0,4175939
yadE_predicted,0.1,9,9,CTCCAGCTGTTTCGACACAC,0,4178982
yadE_predicted,0.1,9,9,CTCATACACCTGGGGACGGG,0,4183246
yadE_predicted,0.1,9,9,CTCAGTCCTCTTTTAGTTAA,0,4163774
yadE_predicted,0.1,9,9,CTCAGGTATCTGAGGTTACC,0,4209950
yadE_predicted,0.1,9,9,CTCAGGCGTCAAGTGTCTTC,0,4230225
yadE_predicted,0.1,9,9,CTCAGCTAGGGCGAGGGTTG,0,4201443
yadE_predicted,0.1,9,9,CTCACGGGTTCCTTGCCAGT,0,4215493
yadE_predicted,0.1,9,9,CTATTCGAAATGGCTGGTGG,0,4175841
yadE_predicted,0.1,9,9,CTATGCAGCCTAGTAATATG,0,4189006
yadE_predicted,0.1,9,9,CTAGTACAATAAATGGCGGT,0,4203379
yadE_predicted,0.1,9,9,CTAGCGATAGGGCGAACTAT,0,4173300
yadE_predicted,0.1,9,9,CTAGCGAATAGTGCGGCCAC,0,4230197
yadE_predicted,0.1,9,9,CTAGAGGATCACAGATGCCA,0,4163190
yadE_predicted,0.1,9,9,CTACTTGCAGTGGGACATTT,0,4181899
yadE_predicted,0.1,9,9,CTACATGTGACAGAGAATTG,0,4228751
yadE_predicted,0.1,9,9,CTAAGCTTACAAGGATCTCC,0,4204277
yadE_predicted,0.1,9,9,CGTTTAGGACGACTCGCGTA,0,4204763
yadE_predicted,0.1,9,9,CGTTCGCCGGAGCAGTAAAC,0,4199177
yadE_predicted,0.1,9,9,CGTTAGTTTCGATGTCTGCT,0,4163573
yadE_predicted,0.1,9,9,CGTGCGCCTAGAGTTCGTAA,0,4210929
yadE_predicted,0.1,9,9,CGTGCCACGGGATTCTGGAA,0,4202592
yadE_predicted,0.1,9,9,CGTGCATTGCGTCCCCGACT,0,4195238
yadE_predicted,0.1,9,9,CGTGAATCACCATGTCCGCT,0,4232169
yadE_predicted,0.1,9,9,CGTCTAAGACACACGTCTAT,0,4163621
yadE_predicted,0.1,9,9,CGTCCTTGGTGCCATGTCAC,0,4219398
yadE_predicted,0.1,9,9,CGTCCTGCTGGTGAACTTTT,0,4212118
yadE_predicted,0.1,9,9,CGTCCGGTGCGTGGAAAAGG,0,4238946
yadE_predicted,0.1,9,9,CGTCCCCCACGCGCGCAATC,0,4179460
yadE_predicted,0.1,9,9,CGTCCATCTGATACTGATAT,0,4165595
yadE_predicted,0.1,9,9,CGTCCAAGGAGTCACACAAT,0,4224917
yadE_predicted,0.1,9,9,CGTCATTTAAACCGTGCGCG,0,4229522
yadE_predicted,0.1,9,9,CGTCACCTCGATCATAAAGT,0,4237150
yadE_predicted,0.1,9,9,CGTCAAGTACATCGGTTGGG,0,4212905
yadE_predicted,0.1,9,9,CGTCAAAGTCGAGCAATCCT,0,4178516
yadE_predicted,0.1,9,9,CGTATTAACTGTGGAAAAGT,0,4169825
yadE_predicted,0.1,9,9,CGGTTTGCTGCGGAAGACAG,0,4226965
yadE_predicted,0.1,9,9,CGGTGTTCAGACTGGTTCAG,0,4224562
yadE_predicted,0.1,9,9,CGGGTGAGTACATGCGCTGC,0,4185715
yadE_predicted,0.1,9,9,CGGGTCACCGCGCAGACTGA,0,4210333
yadE_predicted,0.1,9,9,CGGGTAAGTGCCACTCAGTA,0,4188656
yadE_predicted,0.1,9,9,CGGGGAGTCAACCTTTCTGC,0,4190062
yadE_predicted,0.1,9,9,CGGGCTATGGGCGGCCCGAG,0,4223671
yadE_predicted,0.1,9,9,CGGCGCGAATGTTAGGACCT,0,4175996
yadE_predicted,0.1,9,9,CGGCAACTCTATGAGCTCCG,0,4166619
yadE_predicted,0.1,9,9,CGGATAACTCCCACTGGGGC,0,4213381
yadE_predicted,0.1,9,9,CGGAGCGCATTGTCAGTGAC,0,4213869
yadE_predicted,0.1,9,9,CGGACTGGCTCAAGGTGATA,0,4163491
yadE_predicted,0.1,9,9,CGGACGTTCTAGCGTTACGG,0,4236786
yadE_predicted,0.1,9,9,CGGAACCGCGCTTTATTCAC,0,4211608
yadE_predicted,0.1,9,9,CGCTGTGAGCCGTGTTTTTG,0,4216423
yadE_predicted,0.1,9,9,CGCTAGGGCTTGGCGGGTTT,0,4199896
yadE_predicted,0.1,9,9,CGCTAACATGGCATTCCATT,0,4183098
yadE_predicted,0.1,9,9,CGCGTTTAAGTACCCGCGTT,0,4198569
yadE_predicted,0.1,9,9,CGCGTTATATGGTGGGGGCT,0,4199034
yadE_predicted,0.1,9,9,CGCGTAACTCGTCCCTACGT,0,4188083
yadE_predicted,0.1,9,9,CGCGGTGGTGTCAGGGCGGC,0,4227887
yadE_predicted,0.1,9,9,CGCGGGGGTCTGGGCCAGGG,0,4215631
yadE_predicted,0.1,9,9,CGCGCGACCACAATCGTGGT,0,4214732
yadE_predicted,0.1,9,9,CGCGATGGTAAAACCTCTCG,0,4205441
yadE_predicted,0.1,9,9,CGCCATAAGGTAGTCTTACG,0,4161519
yadE_predicted,0.1,9,9,CGCCAGGAACGCTCGGATCG,0,4164733
yadE_predicted,0.1,9,9,CGCACCAGACCGGAGCGGTC,0,4202765
yadE_predicted,0.1,9,9,CGCACATACACGCATACTTC,0,4228106
yadE_predicted,0.1,9,9,CGCAACAGACTGCGCTCGAC,0,4213748
yadE_predicted,0.1,9,9,CGATTGCTAACCCCAAATCT,0,4232901
yadE_predicted,0.1,9,9,CGATGAAGCGTATGCACATT,0,4233184
yadE_predicted,0.1,9,9,CGATATTTGATGGCCGCCCA,0,4163512
yadE_predicted,0.1,9,9,CGATAATCGTGCCCGCTCTA,0,4219731
yadE_predicted,0.1,9,9,CGAGTATCCCCGTCCTCGAT,0,4166123
yadE_predicted,0.1,9,9,CGAGCCAGGTGGACGACCAA,0,4228470
yadE_predicted,0.1,9,9,CGAGAGTGCTCAACACATCT,0,4177914
yadE_predicted,0.1,9,9,CGACTGCGCGGTAACTCCCG,0,4176543
yadE_predicted,0.1,9,9,CGACCGTTATAGTGAAAACA,0,4174416
yadE_predicted,0.1,9,9,CGAATATCAGCTTTATTCGG,0,4201835
yadE_predicted,0.1,9,9,CGAAGCAACCTTCGTGGTCA,0,4237001
yadE_predicted,0.1,9,9,CGAACGGCGCGGCAGTCATC,0,4171830
yadE_predicted,0.1,9,9,CGAACCCCTTCGATTCACGA,0,4202630
yadE_predicted,0.1,9,9,CGAAAACAAATCACATGCTC,0,4170975
yadE_predicted,0.1,9,9,CCTTGGATTGCAGGGGTGCG,0,4237318
yadE_predicted,0.1,9,9,CCTGTTCCCGCGCGCCCCTA,0,4192600
yadE_predicted,0.1,9,9,CCTGACAAACGGGATCCCTA,0,4237895
yadE_predicted,0.1,9,9,CCTCTACGTCAGCCGGCGGT,0,4232498
yadE_predicted,0.1,9,9,CCTCGTGTCTGAAGCTACTC,0,4220838
yadE_predicted,0.1,9,9,CCTCGCACTGACGAGCTCCC,0,4179190
yadE_predicted,0.1,9,9,CCTCCCATGACGACACGGTT,0,4165066
yadE_predicted,0.1,9,9,CCTATTTTAAAGAACAACGG,0,4234002
yadE_predicted,0.1,9,9,CCTATGGTCGGCTCTAAAAA,0,4204710
yadE_predicted,0.1,9,9,CCGTTTGAGACTTTCCAGAG,0,4169661
yadE_predicted,0.1,9,9,CCGTTGAAGCTACGTGCCCC,0,4162383
yadE_predicted,0.1,9,9,CCGTTAGATTGCAAGGGGCT,0,4222198
yadE_predicted,0.1,9,9,CCGTCTTATTTAGGACTGTA,0,4170086
yadE_predicted,0.1,9,9,CCGTAGTGGTTCGCGCACAA,0,4224280
yadE_predicted,0.1,9,9,CCGGCACTTTATGTAAAGTT,0,4202326
yadE_predicted,0.1,9,9,CCGGAGGATGCGATATGGTC,0,4221738
yadE_predicted,0.1,9,9,CCGGAGAGAGTATCAGAACT,0,4219640
yadE_predicted,0.1,9,9,CCGCTCGTGACTCGTGACGA,0,4238882
yadE_predicted,0.1,9,9,CCGCGTCGCACGACCAATGG,0,4211538
yadE_predicted,0.1,9,9,CCGCGGCTACTGCGATTTAG,0,4196726
yadE_predicted,0.1,9,9,CCGCCTACTCAGAGTGGGGG,0,4187790
yadE_predicted,0.1,9,9,CCGCCCATTCAATCGAGAAA,0,4178569
yadE_predicted,0.1,9,9,CCGATGAAGCACACCGTTAT,0,4220904
yadE_predicted,0.1,9,9,CCGAGGGAGTATATCGCCGG,0,4241064
yadE_predicted,0.1,9,9,CCGACTTAACTAGGTTTAGT,0,4232079
yadE_predicted,0.1,9,9,CCGACTTAAACTCTAACTCG,0,4220319
yadE_predicted,0.1,9,9,CCCTCCTGCTACAAGATGGC,0,4187259
yadE_predicted,0.1,9,9,CCCTCATCCGAGCGCAGCTA,0,4173489
yadE_predicted,0.1,9,9,CCCGGTATGACTGGGCCACA,0,4205997
yadE_predicted,0.1,9,9,CCCGAAAGTGGGTGTTGAAC,0,4231164
yadE_predicted,0.1,9,9,CCCCGTCCGCTCGGTGCTTC,0,4193203
yadE_predicted,0.1,9,9,CCCCGCCTATCGACAATTAA,0,4210641
yadE_predicted,0.1,9,9,CCCCAGGCGGTCTCGTGTCA,0,4190680
yadE_predicted,0.1,9,9,CCCATGGCTACTGCCAAGGC,0,4200326
yadE_predicted,0.1,9,9,CCCATCTCAATCGCCTTCTG,0,4196746
yadE_predicted,0.1,9,9,CCCAAAAATAAACCCCCAGT,0,4169140
yadE_predicted,0.1,9,9,CCATTGTTCACAATACACCA,0,4231182
yadE_predicted,0.1,9,9,CCATGTTTTATCTAGGGAAG,0,4235037
yadE_predicted,0.1,9,9,CCATCGCAATCTCCGGTTCG,0,4227733
yadE_predicted,0.1,9,9,CCATAGTAAGAAAGCCAGGC,0,4195642
yadE_predicted,0.1,9,9,CCAGTAACATAGTTGCGGCG,0,4205014
yadE_predicted,0.1,9,9,CCAGGGGACATATAGAGTAC,0,4231995
yadE_predicted,0.1,9,9,CCAGGGCTATACGGTTGTAT,0,4227192
yadE_predicted,0.1,9,9,CCAGCGGGAAATACTACCTA,0,4171012
yadE_predicted,0.1,9,9,CCAGCCTGCCTCGGTAACAC,0,4187179
yadE_predicted,0.1,9,9,CCAGAATCGTGCGGCGCACA,0,4187319
yadE_predicted,0.1,9,9,CCACTGAAACGGCATTAGGA,0,4208880
yadE_predicted,0.1,9,9,CCACCTGCAGTTCACCCAAG,0,4164457
yadE_predicted,0.1,9,9,CCACCCATGAGCGCTTGAGG,0,4212179
yadE_predicted,0.1,9,9,CCAATCTTAGTTCCAGCATC,0,4236588
yadE_predicted,0.1,9,9,CCAAAAGCATCATGTATGCT,0,4188546
yadE_predicted,0.1,9,9,CATTAGATTAACAACGTTAA,0,4177647
yadE_predicted,0.1,9,9,CATGCGATTAACGTGTGGCA,0,4191572
yadE_predicted,0.1,9,9,CATCTCAGGTGAGCCCGCCG,0,4238794
yadE_predicted,0.1,9,9,CATCGAGCCTCCGTAGGTGA,0,4191042
yadE_predicted,0.1,9,9,CATCCTCACTTTTAACATGC,0,4218147
yadE_predicted,0.1,9,9,CATCCAACTTTCAGTACACG,0,4183715
yadE_predicted,0.1,9,9,CATATTAGACCTTAGGTCAC,0,4175123
yadE_predicted,0.1,9,9,CATATGGGGCTGCGAAATCA,0,4179349
yadE_predicted,0.1,9,9,CATATCCAGCAAAACCGATT,0,4187325
yadE_predicted,0.1,9,9,CATAGCCGAGCTACGCGGCG,0,4197965
yadE_predicted,0.1,9,9,CATAGAGAACGGTAGCTTCG,0,4187747
yadE_predicted,0.1,9,9,CATACATCGTCAGTCCCTGT,0,4231456
yadE_predicted,0.1,9,9,CATAAGTAACCACGGTACTG,0,4162794
yadE_predicted,0.1,9,9,CAGTTTATGGCGATCGACGC,0,4232107
yadE_predicted,0.1,9,9,CAGTTGTCCAGTGAGGAGGG,0,4201641
yadE_predicted,0.1,9,9,CAGTTCGGGGCTTGTAAATA,0,4218415
yadE_predicted,0.1,9,9,CAGTTAAGGCCCTATCCAAA,0,4181282
yadE_predicted,0.1,9,9,CAGTGGATAGACCGTACAGT,0,4170469
yadE_predicted,0.1,9,9,CAGTCAAGAACCCGAGTGTT,0,4179945
yadE_predicted,0.1,9,9,CAGGTTAAGTCAATCATATT,0,4232634
yadE_predicted,0.1,9,9,CAGGGAAGGGAGCATGGCGA,0,4217216
yadE_predicted,0.1,9,9,CAGGAAGAGACTCGAACACA,0,4199092
yadE_predicted,0.1,9,9,CAGCGTTTCGCATACGCAGA,0,4232262
yadE_predicted,0.1,9,9,CAGCGGACGTTCTCGAAGAC,0,4182199
yadE_predicted,0.1,9,9,CAGCGCCCCTCCCTGCACAA,0,4194808
yadE_predicted,0.1,9,9,CAGCCAGAGCGACGTGGGGT,0,4185401
yadE_predicted,0.1,9,9,CAGCCAATTAGGGGTTCAGA,0,4240394
yadE_predicted,0.1,9,9,CAGCAACACCGGTCCGAGGT,0,4221506
yadE_predicted,0.1,9,9,CAGATCATGCTACTGGGGGG,0,4198378
yadE_predicted,0.1,9,9,CAGATCAAATAGTGAATTAT,0,4237502
yadE_predicted,0.1,9,9,CAGAGCGCGCTTACCCATGA,0,4190738
yadE_predicted,0.1,9,9,CACTGGAGTTTTTGTTTTGA,0,4170659
yadE_predicted,0.1,9,9,CACTGCAAGTAACGCTGGTT,0,4170243
yadE_predicted,0.1,9,9,CACTGAACGGTGTCCAGGGT,0,4200049
yadE_predicted,0.1,9,9,CACTATTTGAATCATGCACT,0,4223442
yadE_predicted,0.1,9,9,CACGGTTTGTCTCTTTCCCA,0,4198664
yadE_predicted,0.1,9,9,CACGGAAGGTGCTCGGAGGA,0,4180399
yadE_predicted,0.1,9,9,CACGCCTTATCGTGAGGGTG,0,4191953
yadE_predicted,0.1,9,9,CACCGCGTCTGAAGCTCGAA,0,4220913
yadE_predicted,0.1,9,9,CACCGCCGGTCCACTGAAGA,0,4182223
yadE_predicted,0.1,9,9,CACCCCCAGACCAGCCAAAG,0,4168789
yadE_predicted,0.1,9,9,CACCCCCACCCAAGGCGTTG,0,4218459
yadE_predicted,0.1,9,9,CACATTAGGCGAACGCCCTA,0,4207632
yadE_predicted,0.1,9,9,CACAGTATGGACGCCTGAAT,0,4230171
yadE_predicted,0.1,9,9,CACACCGCTGGCAGCCACTA,0,4173406
yadE_predicted,0.1,9,9,CACAATCCGTGCGTGGCAAC,0,4182185
yadE_predicted,0.1,9,9,CACAACCGTAATACTCTCCT,0,4238443
yadE_predicted,0.1,9,9,CACAAAAGGCGACATTTGCG,0,4216224
yadE_predicted,0.1,9,9,CAATGGCAGAGTATCACGAA,0,4183063
yadE_predicted,0.1,9,9,CAATGCAAACTGCGAACTAG,0,4211924
yadE_predicted,0.1,9,9,CAATCGGTTGATCCTCTCTA,0,4226056
yadE_predicted,0.1,9,9,CAATCGCAATAGTACGGTGC,0,4205264
yadE_predicted,0.1,9,9,CAATATCAAAGGCGCAAGGA,0,4195181
yadE_predicted,0.1,9,9,CAATAGTACCCCCACTTCTG,0,4227970
yadE_predicted,0.1,9,9,CAATAGGACCACCCCATTTC,0,4191290
yadE_predicted,0.1,9,9,CAAGTCTCTCGGGCGCATAC,0,4169259
yadE_predicted,0.1,9,9,CAAGCGTGATAATCGGTGGT,0,4186410
yadE_predicted,0.1,9,9,CAAGAGCTAGCTCAAGGGGG,0,4217552
yadE_predicted,0.1,9,9,CAAGACCTGTTTGCGCACCG,0,4208175
yadE_predicted,0.1,9,9,CAAGAATAGGGAAAATAAGG,0,4199596
yadE_predicted,0.1,9,9,CAACTATACCTAGGTAATCC,0,4175487
yadE_predicted,0.1,9,9,CAACCCCGTCCTGAATATCC,0,4214710
yadE_predicted,0.1,9,9,CAACACGGATCTCATACTAG,0,4233557
yadE_predicted,0.1,9,9,CAACAACGTAGGAGGCCGGT,0,4205273
yadE_predicted,0.1,9,9,CAAAAGGGTACCCGGTTTGC,0,4176825
yadE_predicted,0.1,9,9,CAAAAGCAGTAATCAGCGGT,0,4202115
yadE_predicted,0.1,9,9,ATTTGAGACTGGTTCGTTAT,0,4197552
yadE_predicted,0.1,9,9,ATTTCTTTCTCACTCCGGGA,0,4174553
yadE_predicted,0.1,9,9,ATTTCTCATGTTTTTGTTTT,0,4225347
yadE_predicted,0.1,9,9,ATTTCGCCGAGATTATAGTA,0,4223769
yadE_predicted,0.1,9,9,ATTGTCTTGGGCACTACACA,0,4211310
yadE_predicted,0.1,9,9,ATTGTCACGTCTCCTAGGTG,0,4205116
yadE_predicted,0.1,9,9,ATTGGGGCACCGCAGTGTCA,0,4171041
yadE_predicted,0.1,9,9,ATTGGAATACGCTCCGGTCA,0,4171493
yadE_predicted,0.1,9,9,ATTGCGGCCGCTGATGACCG,0,4166777
yadE_predicted,0.1,9,9,ATTGAAAGATCACCCATTGA,0,4218674
yadE_predicted,0.1,9,9,ATTCTCACATTTAGGTAGGG,0,4210451
yadE_predicted,0.1,9,9,ATTCGAGTCCCTTTGGGGAG,0,4206145
yadE_predicted,0.1,9,9,ATTAGCGCTGATTAATCCTG,0,4192156
yadE_predicted,0.1,9,9,ATTAACTTATAGCAATTTCT,0,4171066
yadE_predicted,0.1,9,9,ATTAACCGTGGTCCTCGGCA,0,4221958
yadE_predicted,0.1,9,9,ATGTTGGCTCCATAGGTGAA,0,4217373
yadE_predicted,0.1,9,9,ATGTTGCCCATTGAACTTTC,0,4200266
yadE_predicted,0.1,9,9,ATGTGCCGTCGCACAAGACG,0,4222205
yadE_predicted,0.1,9,9,ATGTCCGTACTATGTGTCAA,0,4235319
yadE_predicted,0.1,9,9,ATGGTGTAGAAGGGTTAGCT,0,4191907
yadE_predicted,0.1,9,9,ATGGTCTGTCAGACTCTTTC,0,4188231
yadE_predicted,0.1,9,9,ATGGTCTGCGTATAGTATAA,0,4172169
yadE_predicted,0.1,9,9,ATGGGAAGTTAACGTTGTCT,0,4227286
yadE_predicted,0.1,9,9,ATGGCTGCTGTCAAGCCAAT,0,4160318
yadE_predicted,0.1,9,9,ATGGCCTCTAAGGCCGCGCT,0,4170714
yadE_predicted,0.1,9,9,ATGGCACGATATTTCCGCTA,0,4203529
yadE_predicted,0.1,9,9,ATGGATTCTGAGTCATGGGG,0,4189055
yadE_predicted,0.1,9,9,ATGGATGGGCTGTCCCGACC,0,4168269
yadE_predicted,0.1,9,9,ATGCTGGCTGTCGGAAGTAC,0,4228477
yadE_predicted,0.1,9,9,ATGCCGTTCATATTGGGAAA,0,4228306
yadE_predicted,0.1,9,9,ATGCATCTCAATACAGGACA,0,4236742
yadE_predicted,0.1,9,9,ATGCATCATTATAAAAAGCT,0,4162270
yadE_predicted,0.1,9,9,ATGCAAATGAAACATCAGGA,0,4202014
yadE_predicted,0.1,9,9,ATGACTCGGAAGTACCTTTG,0,4223222
yadE_predicted,0.1,9,9,ATGAAAAAGGGTAAGGGCGT,0,4199279
yadE_predicted,0.1,9,9,ATCTGCCGTTCATATGGATT,0,4224456
yadE_predicted,0.1,9,9,ATCTATATCCCATATCCAGC,0,4194427
yadE_predicted,0.1,9,9,ATCGAGCAGGATTGCACGTG,0,4233654
yadE_predicted,0.1,9,9,ATCCTCACGCCAATACTCGG,0,4201511
yadE_predicted,0.1,9,9,ATCCGGGTTGTGGCAAATAG,0,4222797
yadE_predicted,0.1,9,9,ATCCGGACTGCGGTACCTAC,0,4233553
yadE_predicted,0.1,9,9,ATCCGCAACTCAGTCTCTCT,0,4201801
yadE_predicted,0.1,9,9,ATCCAGGTAGAGTTCGACGA,0,4175098
yadE_predicted,0.1,9,9,ATCCACTTCGGCGGGTGTGG,0,4220031
yadE_predicted,0.1,9,9,ATCAGTACACGGATGCATTC,0,4192533
yadE_predicted,0.1,9,9,ATCAGGCACGAAGTCAACGG,0,4214135
yadE_predicted,0.1,9,9,ATCAGCAACAATGGTATGGT,0,4203516
yadE_predicted,0.1,9,9,ATCACGCCACCAACGCGAAG,0,4201001
yadE_predicted,0.1,9,9,ATCAATGCTGACGCTTTAGT,0,4212660
yadE_predicted,0.1,9,9,ATATTTCAGCGTTTTTTGCC,0,4180595
yadE_predicted,0.1,9,9,ATATATCGTTAGTAGTGTTC,0,4206721
yadE_predicted,0.1,9,9,ATATATCCATTATCATGTTA,0,4172093
yadE_predicted,0.1,9,9,ATAGGCGCTATCTTATAGGG,0,4232040
yadE_predicted,0.1,9,9,ATACTTGGCTCCTTAATTAG,0,4160598
yadE_predicted,0.1,9,9,ATACTGTACGTTCAAAACGC,0,4173840
yadE_predicted,0.1,9,9,ATACAGTCCCACTGCGGCCA,0,4221940
yadE_predicted,0.1,9,9,ATAATTCAGAACAGCGTCTC,0,4208712
yadE_predicted,0.1,9,9,ATAATTACCTAAATAGGGTG,0,4182525
yadE_predicted,0.1,9,9,ATAATGTTTAGCTGCGTGCT,0,4207166
yadE_predicted,0.1,9,9,ATAATAGCTGCCTCGAGAAT,0,4204201
yadE_predicted,0.1,9,9,ATAAGTAAAATTTGCGTACT,0,4190248
yadE_predicted,0.1,9,9,ATAACTGTTGCACTCTGATT,0,4224088
yadE_predicted,0.1,9,9,ATAACATATAAGTGAGTGTT,0,4189884
yadE_predicted,0.1,9,9,AGTTCTTCGGGGGCCAATAT,0,4159595
yadE_predicted,0.1,9,9,AGTTCTATTCACCAAACGTC,0,4188382
yadE_predicted,0.1,9,9,AGTTCACTATGTGCGTAGGT,0,4215246
yadE_predicted,0.1,9,9,AGTTATGCCCACTTCCGCTG,0,4175410
yadE_predicted,0.1,9,9,AGTGGTTTGAAGTGCGCACA,0,4179609
yadE_predicted,0.1,9,9,AGTGGGTCGGACTGACCCCG,0,4208568
yadE_predicted,0.1,9,9,AGTGGAAGCAATGCGTAGTC,0,4174892
yadE_predicted,0.1,9,9,AGTGCCAAAATATCCCGGTG,0,4209016
yadE_predicted,0.1,9,9,AGTGCATAAACAAAATGTCT,0,4197871
yadE_predicted,0.1,9,9,AGTGCAATATGTAGGAATTC,0,4205435
yadE_predicted,0.1,9,9,AGTGAACAGCAGGCAAGCGC,0,4216234
yadE_predicted,0.1,9,9,AGTCTGATACAACACAGCGG,0,4189957
yadE_predicted,0.1,9,9,AGTCGACGACCACAGATTCT,0,4165770
yadE_predicted,0.1,9,9,AGTCCAGCAGCGGCTGCACC,0,4209749
yadE_predicted,0.1,9,9,AGTCATTTCGGCAATAGTAT,0,4234651
yadE_predicted,0.1,9,9,AGTCAAGAAGGTAAGCGGTT,0,4202977
yadE_predicted,0.1,9,9,AGTACTTGCCGCCCGATTCA,0,4174470
yadE_predicted,0.1,9,9,AGTACGAGGCACGCACGCAA,0,4174489
yadE_predicted,0.1,9,9,AGTAAACAATGGAGCGCCCC,0,4200831
yadE_predicted,0.1,9,9,AGGTTATAAGTTCCACACAC,0,4212435
yadE_predicted,0.1,9,9,AGGTTAGCGACTTAGCCCGC,0,4178176
yadE_predicted,0.1,9,9,AGGTGCATCCCTCGACGGGC,0,4160023
yadE_predicted,0.1,9,9,AGGTATTAAGGAACTAAAAA,0,4239403
yadE_predicted,0.1,9,9,AGGTATCTTCATGACGCGGC,0,4193510
yadE_predicted,0.1,9,9,AGGTAAATTAGGGGCGTAGG,0,4160299
yadE_predicted,0.1,9,9,AGGTAAAGGCTGTTCCCTTA,0,4218219
yadE_predicted,0.1,9,9,AGGGCTGCCACGGCCGGCCG,0,4232494
yadE_predicted,0.1,9,9,AGGGAGATCGCGCGTGTACG,0,4209594
yadE_predicted,0.1,9,9,AGGCTTGTCATTAAGCGTTC,0,4159961
yadE_predicted,0.1,9,9,AGGCGACCTTCGTGAGTGCT,0,4223863
yadE_predicted,0.1,9,9,AGGCGAAGTACTGCGGTCAC,0,4161664
yadE_predicted,0.1,9,9,AGGCCGTAGCACTGGACAAT,0,4232488
yadE_predicted,0.1,9,9,AGGCAGTTTCAATCGTCCCC,0,4173809
yadE_predicted,0.1,9,9,AGGCAAAAATTCTGATTAAA,0,4188434
yadE_predicted,0.1,9,9,AGGATCTGTGGCATTGGGGA,0,4166717
yadE_predicted,0.1,9,9,AGGAGAGGGTAGAGTTAAAG,0,4223058
yadE_predicted,0.1,9,9,AGGACGAAAGGTACAACTGA,0,4173564
yadE_predicted,0.1,9,9,AGCTTCCCCTTCACTGATGA,0,4161930
yadE_predicted,0.1,9,9,AGCTTAGCAGTCCGCAATCC,0,4186349
yadE_predicted,0.1,9,9,AGCTTACACTGTAGTCTGGT,0,4172041
yadE_predicted,0.1,9,9,AGCTGGAACCCCACGCCATA,0,4186683
yadE_predicted,0.1,9,9,AGCTAGGTTGTTCTATCGTG,0,4227047
yadE_predicted,0.1,9,9,AGCTAGGCCATATAATTGTG,0,4238873
yadE_predicted,0.1,9,9,AGCTACCCTCGACGGACCGT,0,4219192
yadE_predicted,0.1,9,9,AGCGTTTCTAAGTCTCCGAC,0,4181477
yadE_predicted,0.1,9,9,AGCGTAAGCTGAGAAGCGAA,0,4203781
yadE_predicted,0.1,9,9,AGCGCTCCTATGTAGGGCTT,0,4221812
yadE_predicted,0.1,9,9,AGCGATTTGTCGGGATAAAG,0,4213790
yadE_predicted,0.1,9,9,AGCGAGTTTGGTAGTTCATT,0,4170534
yadE_predicted,0.1,9,9,AGCGACGACACTTGCCCGAC,0,4162106
yadE_predicted,0.1,9,9,AGCCGATAGCGAGATGAACT,0,4164161
yadE_predicted,0.1,9,9,AGCCCGTGGATGAGGACGAT,0,4199019
yadE_predicted,0.1,9,9,AGCCCAGCGGGGAACGCCCT,0,4238267
yadE_predicted,0.1,9,9,AGCACGCTTCTTGAATGGTG,0,4207296
yadE_predicted,0.1,9,9,AGCACCCAACCTGCGCCAAA,0,4177705
yadE_predicted,0.1,9,9,AGATTGGGTAGCGCGTTTCC,0,4229832
yadE_predicted,0.1,9,9,AGATCTAAGTGGTCTGCCTA,0,4214262
yadE_predicted,0.1,9,9,AGATATCACGGTGGTGTCCA,0,4176471
yadE_predicted,0.1,9,9,AGATACCCTTTTCAACGCGA,0,4162239
yadE_predicted,0.1,9,9,AGAGTAGATCTCGCATGCCT,0,4228744
yadE_predicted,0.1,9,9,AGAGCTTGCTTTGTGGGGCT,0,4194085
yadE_predicted,0.1,9,9,AGAGCTCACTTGGATGGTAC,0,4185920
yadE_predicted,0.1,9,9,AGAGCTATCCTAGTACGAAT,0,4232002
yadE_predicted,0.1,9,9,AGAGCATTCACCGCCTCACT,0,4189412
yadE_predicted,0.1,9,9,AGAGAAAGGCAACCCAGACT,0,4193152
yadE_predicted,0.1,9,9,AGACGAGGCAACGCCCAATC,0,4199805
yadE_predicted,0.1,9,9,AGAATCCCGGTCCCCAAGTA,0,4190166
yadE_predicted,0.1,9,9,AGAAGCGGAACGCACCAAGG,0,4172709
yadE_predicted,0.1,9,9,AGAACTCAGCCCACCAAGTA,0,4202302
yadE_predicted,0.1,9,9,AGAAAGAAACTTCATATAGT,0,4188563
yadE_predicted,0.1,9,9,ACTTTTTTCCTTCGACTGTC,0,4208579
yadE_predicted,0.1,9,9,ACTTTAGCCTTGAACACGAG,0,4220670
yadE_predicted,0.1,9,9,ACTTGCAGGTTGGAGCCCGT,0,4212132
yadE_predicted,0.1,9,9,ACTTCGTCCAGCGCCGAGGC,0,4206722
yadE_predicted,0.1,9,9,ACTTCACTGGGTGGGGCGGG,0,4222551
yadE_predicted,0.1,9,9,ACTTCAAATTGTAGCGAAGG,0,4198935
yadE_predicted,0.1,9,9,ACTGTTGAGGAACAGAACAG,0,4185675
yadE_predicted,0.1,9,9,ACTGTTAATGGGGTGAAAGC,0,4202148
yadE_predicted,0.1,9,9,ACTGGTGCAAATGGTTATAA,0,4215574
yadE_predicted,0.1,9,9,ACTGGGTCCACCGCGTTTGA,0,4211334
yadE_predicted,0.1,9,9,ACTGCAGCCCTGGGGATCGT,0,4178478
yadE_predicted,0.1,9,9,ACTGACTGCAGGAGCCAAGA,0,4236621
yadE_predicted,0.1,9,9,ACTGACGCATGTCTTAGCTG,0,4197551
yadE_predicted,0.1,9,9,ACTCGGTATCTCCCACCTTT,0,4173929
yadE_predicted,0.1,9,9,ACTCGATCCAACTCAATAGT,0,4233197
yadE_predicted,0.1,9,9,ACTCGAGCTTCATCTGTTCC,0,4216348
yadE_predicted,0.1,9,9,ACTCGAACACAGCAACGCCG,0,4217526
yadE_predicted,0.1,9,9,ACTCACTGCCCTGTTGTTCA,0,4200346
yadE_predicted,0.1,9,9,ACTCAAAACCATGCTCCAGG,0,4191239
yadE_predicted,0.1,9,9,ACTATAATTTATGGATGAGA,0,4162896
yadE_predicted,0.1,9,9,ACTAGATGGCAAGGCTCGTC,0,4181546
yadE_predicted,0.1,9,9,ACGTTTTATAAGATGCGCAT,0,4162102
yadE_predicted,0.1,9,9,ACGTGGAGAGATGTCACCCG,0,4160385
yadE_predicted,0.1,9,9,ACGTACCCTCTCAAGAGTAA,0,4159842
yadE_predicted,0.1,9,9,ACGGGGGACACGCGAGCGAT,0,4191330
yadE_predicted,0.1,9,9,ACGGGAAGATCTGTTCAGAG,0,4229282
yadE_predicted,0.1,9,9,ACGCTATCTAACAGCGTAGG,0,4173647
yadE_predicted,0.1,9,9,ACGCTATCCCCAGGTATATG,0,4212732
yadE_predicted,0.1,9,9,ACGCGTCACATACACCTTTG,0,4166993
yadE_predicted,0.1,9,9,ACGCGTAGTTATATAATCTA,0,4170229
yadE_predicted,0.1,9,9,ACGCGGCTTAGAGTTAAAGC,0,4161555
yadE_predicted,0.1,9,9,ACGCGGCTCTAGGCATTAAA,0,4161631
yadE_predicted,0.1,9,9,ACGCGCTGTGCACGCGAGGC,0,4241157
yadE_predicted,0.1,9,9,ACGCATGATATAACTAAATG,0,4238523
yadE_predicted,0.1,9,9,ACGCACGAATGTAGTTAAGC,0,4174406
yadE_predicted,0.1,9,9,ACGATTCAAATGGTTCACAG,0,4180799
yadE_predicted,0.1,9,9,ACGATCAACCTAGAAATTAG,0,4228657
yadE_predicted,0.1,9,9,ACGAGAGTCGCAGAACAAGG,0,4205190
yadE_predicted,0.1,9,9,ACGACGATGTAGCGTAGAAT,0,4191431
yadE_predicted,0.1,9,9,ACGACGAAACGCACCCATAC,0,4195594
yadE_predicted,0.1,9,9,ACCTTATTAGTAGAATCGCA,0,4227123
yadE_predicted,0.1,9,9,ACCTGGGGCAGAGACGAGGA,0,4191558
yadE_predicted,0.1,9,9,ACCTCGCGTGCAACAACAAG,0,4234341
yadE_predicted,0.1,9,9,ACCGAAGGAACGAACTGTTG,0,4217523
yadE_predicted,0.1,9,9,ACCCGTCCATGAGGGCATGT,0,4213635
yadE_predicted,0.1,9,9,ACCCCTAACCGGGTGGTCCC,0,4183806
yadE_predicted,0.1,9,9,ACCCCAGAGATTATCTGAAC,0,4236040
yadE_predicted,0.1,9,9,ACCAGTCCGCTCTAACGCGT,0,4195499
yadE_predicted,0.1,9,9,ACCACGCAGGCTATAAAAAC,0,4205080
yadE_predicted,0.1,9,9,ACATGCGTCTTGGAATATCC,0,4187061
yadE_predicted,0.1,9,9,ACATATGGACTTATGATAGA,0,4208322
yadE_predicted,0.1,9,9,ACAGCGAATGGGGGCTCGGT,0,4222890
yadE_predicted,0.1,9,9,ACAGAATGAGCTTATCTGGC,0,4231636
yadE_predicted,0.1,9,9,ACACTGAAACCGTCACTATA,0,4194283
yadE_predicted,0.1,9,9,ACACGCTCATGTGCCTCGGA,0,4189641
yadE_predicted,0.1,9,9,ACACGACAGTGTGTAAATTC,0,4212890
yadE_predicted,0.1,9,9,ACACATCATGTGTGCATGAG,0,4209728
yadE_predicted,0.1,9,9,ACAAGCTGGACCCAAGAGAG,0,4186348
yadE_predicted,0.1,9,9,ACAAGATACAGGAATATCTC,0,4205855
yadE_predicted,0.1,9,9,AATTTGTTCGATTCACCTAA,0,4203168
yadE_predicted,0.1,9,9,AATTGTCAAAGCCCTAAGCA,0,4215958
yadE_predicted,0.1,9,9,AATGTACACCTCTACTGACC,0,4192634
yadE_predicted,0.1,9,9,AATGGTCGGAGTTGATTGGT,0,4233969
yadE_predicted,0.1,9,9,AATGGTACTCATCACCCTAT,0,4194942
yadE_predicted,0.1,9,9,AATGCTCCCAGTGCGAGACC,0,4236219
yadE_predicted,0.1,9,9,AATCTGTACGGGCACAGCTA,0,4176183
yadE_predicted,0.1,9,9,AATCGTTCGCTGGGAGTCTA,0,4160513
yadE_predicted,0.1,9,9,AATCATGTTGAGTCTCGGGA,0,4172814
yadE_predicted,0.1,9,9,AATCAAGGTACGAAACACGA,0,4174248
yadE_predicted,0.1,9,9,AATATTAATTTGAACATAAT,0,4228526
yadE_predicted,0.1,9,9,AATATGTCGCGTTAGCGGAG,0,4212021
yadE_predicted,0.1,9,9,AATAGACAGAGTTCCTACGT,0,4169027
yadE_predicted,0.1,9,9,AATACACGAGGACCGAAGTA,0,4208215
yadE_predicted,0.1,9,9,AATACACAGTAAAACGTGAG,0,4222323
yadE_predicted,0.1,9,9,AATAATATGAGACTGTCCCT,0,4223371
yadE_predicted,0.1,9,9,AATAATATCTGGCCTCCAAT,0,4194300
yadE_predicted,0.1,9,9,AATAAACTCGAATCACGGTT,0,4161375
yadE_predicted,0.1,9,9,AAGTGCAACGCGGCGCATGA,0,4227603
yadE_predicted,0.1,9,9,AAGTCTTGGATAGGTGTTTA,0,4176375
yadE_predicted,0.1,9,9,AAGGGTCTAAGCTGTCGAAA,0,4203166
yadE_predicted,0.1,9,9,AAGGGCCACCTACGCCAAAG,0,4206347
yadE_predicted,0.1,9,9,AAGGCGCAAATCTGGCCGGC,0,4161492
yadE_predicted,0.1,9,9,AAGGCAGGGTTGTATTAAAC,0,4213323
yadE_predicted,0.1,9,9,AAGGACGTGGCCCCGATCTT,0,4215895
yadE_predicted,0.1,9,9,AAGCTCCGAACATTGGGGAA,0,4173912
yadE_predicted,0.1,9,9,AAGCGAGAATATAAAGACAC,0,4218835
yadE_predicted,0.1,9,9,AAGATACCCGCGAGAAAACA,0,4185923
yadE_predicted,0.1,9,9,AAGATAATCCATCCGTCTAA,0,4162725
yadE_predicted,0.1,9,9,AAGAAGTATCTTCATACTCG,0,4171052
yadE_predicted,0.1,9,9,AAGAAAAGTCTTTGACCCAG,0,4162038
yadE_predicted,0.1,9,9,AACTGATCGCAATACGGGCT,0,4207894
yadE_predicted,0.1,9,9,AACTACCCTAATGCGGTACT,0,4183253
yadE_predicted,0.1,9,9,AACGAGGCGCATACCTGTTC,0,4222170
yadE_predicted,0.1,9,9,AACCGTCGGTTTGCACTAGA,0,4191355
yadE_predicted,0.1,9,9,AACCGGTAAATGACTTCGAT,0,4159449
yadE_predicted,0.1,9,9,AACCGGATAATTCCTGCTGC,0,4190164
yadE_predicted,0.1,9,9,AACCGAGAAGTGAGGCACAT,0,4200031
yadE_predicted,0.1,9,9,AACATTTAACAAAAAGTGCA,0,4190457
yadE_predicted,0.1,9,9,AACATTAACAAAATTGGGTA,0,4194684
yadE_predicted,0.1,9,9,AACATGGGCGACAACTATTC,0,4218825
yadE_predicted,0.1,9,9,AACATAGGTATATCCCGCTG,0,4212236
yadE_predicted,0.1,9,9,AACAGGGAACTCAAGAGATA,0,4220690
yadE_predicted,0.1,9,9,AACAAGGGTATCCAGTGTTT,0,4165490
yadE_predicted,0.1,9,9,AACAAGCGGGGGTGTTATGT,0,4160382
yadE_predicted,0.1,9,9,AACAAATTGTGATTAGGGAT,0,4214312
yadE_predicted,0.1,9,9,AAAGTGGAACTATGACGTTT,0,4236788
yadE_predicted,0.1,9,9,AAAGTACTGACCGGCATGCG,0,4236122
yadE_predicted,0.1,9,9,AAAGTAAGGCCTTATGGCGC,0,4174621
yadE_predicted,0.1,9,9,AAAGAGTGAGGGCTTTGAAG,0,4167887
yadE_predicted,0.1,9,9,AAAGAATAACTCGGTTCCTT,0,4199741
yadE_predicted,0.1,9,9,AAACGTTCTAACCGTAGTCG,0,4181234
yadE_predicted,0.1,9,9,AAACGAACAGCCATGTTAAC,0,4175255
yadE_predicted,0.1,9,9,AAACCTTGGGCAAACTCGCT,0,4166553
yadE_predicted,0.1,9,9,AAACCCTGGGAATGCCTGTT,0,4189252
yadE_predicted,0.1,9,9,AAAACGATGGTGCTCTACGA,0,4173838
yadE_predicted,0.1111111111111111,8,8,TTTTTTGATCTACCAAATTT,0,4169838
yadE_predicted,0.1111111111111111,8,8,TTTTGGATAGGAACACGAAG,0,4162842
yadE_predicted,0.1111111111111111,8,8,TTTTGCGAGTATTGTTCCGA,0,4202681
yadE_predicted,0.1111111111111111,8,8,TTTTCTTCTACGATATATTT,0,4228293
yadE_predicted,0.1111111111111111,8,8,TTTGGTCAAAATATTTTTCA,0,4214587
yadE_predicted,0.1111111111111111,8,8,TTTGGGGCCGCGAACTATCT,0,4177251
yadE_predicted,0.1111111111111111,8,8,TTTGCATCTATCGGCCCCAC,0,4221990
yadE_predicted,0.1111111111111111,8,8,TTTGAGGGTTACGTCCTCAG,0,4169355
yadE_predicted,0.1111111111111111,8,8,TTTGAAATGTGCTTAATGAT,0,4203477
yadE_predicted,0.1111111111111111,8,8,TTTCTTGTTGGAAGGAGCGC,0,4166852
yadE_predicted,0.1111111111111111,8,8,TTTCTTAGGGATCGGTTGAC,0,4209452
yadE_predicted,0.1111111111111111,8,8,TTTATTCATACCACTGGGGT,0,4161360
yadE_predicted,0.1111111111111111,8,8,TTTAGCACGTGACCTTATTC,0,4227131
yadE_predicted,0.1111111111111111,8,8,TTTAGAGTGATACTGGTCCC,0,4172506
yadE_predicted,0.1111111111111111,8,8,TTTACCAGGCTCGCAATTGT,0,4219912
yadE_predicted,0.1111111111111111,8,8,TTTAAAGCGAGGTATACTGA,0,4231298
yadE_predicted,0.1111111111111111,8,8,TTGTTAAGTTGTTCACCCAA,0,4174247
yadE_predicted,0.1111111111111111,8,8,TTGTGGTTCGTCCATAGGAA,0,4230585
yadE_predicted,0.1111111111111111,8,8,TTGTGGGGTCAAAGGTAGTA,0,4174886
yadE_predicted,0.1111111111111111,8,8,TTGTGATTGGTCTCCGGATA,0,4196077
yadE_predicted,0.1111111111111111,8,8,TTGTCTGGGAGAGCCCAATC,0,4179677
yadE_predicted,0.1111111111111111,8,8,TTGTCTAGTGCAATTCGGGT,0,4185623
yadE_predicted,0.1111111111111111,8,8,TTGTCGGGTGTTTTAAACGG,0,4211551
yadE_predicted,0.1111111111111111,8,8,TTGTCCACGCGTCAAGTTTA,0,4212011
yadE_predicted,0.1111111111111111,8,8,TTGGGGGGTGAGACGAGAGA,0,4231281
yadE_predicted,0.1111111111111111,8,8,TTGGGATGCTAGTCCTCGAT,0,4202180
yadE_predicted,0.1111111111111111,8,8,TTGGCGGTCTGGTAAGCCGT,0,4206206
yadE_predicted,0.1111111111111111,8,8,TTGGCGCCGATTGAGTCATT,0,4162657
yadE_predicted,0.1111111111111111,8,8,TTGGCCAGGGTATTGCCCGT,0,4193511
yadE_predicted,0.1111111111111111,8,8,TTGGAGCCCGCTCCCTGATC,0,4162151
yadE_predicted,0.1111111111111111,8,8,TTGCTAGGCTAGCGCAGATT,0,4225998
yadE_predicted,0.1111111111111111,8,8,TTGCGCAGCATTCCATGGCT,0,4189209
yadE_predicted,0.1111111111111111,8,8,TTCTTTTCCGTACTATCGAG,0,4218239
yadE_predicted,0.1111111111111111,8,8,TTCTTTCCTACAGATCTCCC,0,4218017
yadE_predicted,0.1111111111111111,8,8,TTCTTGTTAAGCCACTTTTC,0,4195504
yadE_predicted,0.1111111111111111,8,8,TTCTGGGCGTGGCTGGAATA,0,4219164
yadE_predicted,0.1111111111111111,8,8,TTCTCCATTAGAGCGCTGGC,0,4202720
yadE_predicted,0.1111111111111111,8,8,TTCGGCACCTTCAAGCTCCG,0,4179614
yadE_predicted,0.1111111111111111,8,8,TTCGCTCCCCCGTCCTCAGT,0,4168298
yadE_predicted,0.1111111111111111,8,8,TTCGACTAAAGTTCTAGATG,0,4217449
yadE_predicted,0.1111111111111111,8,8,TTCCTCAAGCGAGTACCTTG,0,4213898
yadE_predicted,0.1111111111111111,8,8,TTCCGTTAATCAACGCGGGT,0,4216210
yadE_predicted,0.1111111111111111,8,8,TTCCGACGTATGTCATTGGC,0,4210018
yadE_predicted,0.1111111111111111,8,8,TTCCACATGTTGAGTGAGTG,0,4189786
yadE_predicted,0.1111111111111111,8,8,TTCAGCTGTAGCCAACTGTA,0,4171101
yadE_predicted,0.1111111111111111,8,8,TTCAGAACGATAATGGATCT,0,4194378
yadE_predicted,0.1111111111111111,8,8,TTATCGTACTCGGCGTCGTG,0,4188771
yadE_predicted,0.1111111111111111,8,8,TTATCCAACCCTACTTCTAG,0,4239830
yadE_predicted,0.1111111111111111,8,8,TTAGTAAATCTATGACGCTA,0,4210589
yadE_predicted,0.1111111111111111,8,8,TTAGGTTTGCCGGAAGCCCT,0,4193849
yadE_predicted,0.1111111111111111,8,8,TTAGGGGTGGGCCTCATAAA,0,4186951
yadE_predicted,0.1111111111111111,8,8,TTAGGCTTGACCAACATTAA,0,4221260
yadE_predicted,0.1111111111111111,8,8,TTAGGAGTTTTAATGGGGGT,0,4171428
yadE_predicted,0.1111111111111111,8,8,TTAGGAGAGGCATTCCTTGT,0,4192178
yadE_predicted,0.1111111111111111,8,8,TTAGCTGGATCGAGGCTGCT,0,4237149
yadE_predicted,0.1111111111111111,8,8,TTACTTACGCTTACTTCGGC,0,4160152
yadE_predicted,0.1111111111111111,8,8,TTACTAAGTATCAGTGACAA,0,4175369
yadE_predicted,0.1111111111111111,8,8,TTACAGAGCGGACGTGAAGA,0,4184357
yadE_predicted,0.1111111111111111,8,8,TTAAACTGTATCGCCCTCAC,0,4231381
yadE_predicted,0.1111111111111111,8,8,TGTTATCAAATTGCCGAGTA,0,4163293
yadE_predicted,0.1111111111111111,8,8,TGTTAGAGGCACGGGGCTAC,0,4190195
yadE_predicted,0.1111111111111111,8,8,TGTTAACTAAGAACAAGCTC,0,4188830
yadE_predicted,0.1111111111111111,8,8,TGTGGTAATCGTATCGTTGA,0,4162591
yadE_predicted,0.1111111111111111,8,8,TGTGGGTGTCTTACCGAGAT,0,4178253
yadE_predicted,0.1111111111111111,8,8,TGTGCATAAGTTATCGAAGT,0,4223479
yadE_predicted,0.1111111111111111,8,8,TGTCCTCATGTGAATCAAGG,0,4188590
yadE_predicted,0.1111111111111111,8,8,TGTCAAACTTTTGCCCCTTG,0,4165186
yadE_predicted,0.1111111111111111,8,8,TGTATCGAGGTGTGAAACGC,0,4182975
yadE_predicted,0.1111111111111111,8,8,TGTACAGGACACTCTAAGTA,0,4208805
yadE_predicted,0.1111111111111111,8,8,TGTAATCCCTGGTGGCGAGG,0,4159659
yadE_predicted,0.1111111111111111,8,8,TGTAACGATGTACCTAGACG,0,4227042
yadE_predicted,0.1111111111111111,8,8,TGGTTAGTGGGCCGCGCAAA,0,4237686
yadE_predicted,0.1111111111111111,8,8,TGGTTAAGTTGGCGCCCAGA,0,4175117
yadE_predicted,0.1111111111111111,8,8,TGGTCGGTATGGACGAACGC,0,4239000
yadE_predicted,0.1111111111111111,8,8,TGGGATAGGAACCGCACCGT,0,4175184
yadE_predicted,0.1111111111111111,8,8,TGGCGGCGCCCCGGATGGCC,0,4209450
yadE_predicted,0.1111111111111111,8,8,TGGCCGTAGTCTGCCCCGCG,0,4168677
yadE_predicted,0.1111111111111111,8,8,TGGCCCCTCGATCATCCAGC,0,4174422
yadE_predicted,0.1111111111111111,8,8,TGGCAAACGAACACTACAAA,0,4215454
yadE_predicted,0.1111111111111111,8,8,TGGACACACCGGAGAATGGT,0,4187305
yadE_predicted,0.1111111111111111,8,8,TGGAAGGGCCGAAAGGATCT,0,4178051
yadE_predicted,0.1111111111111111,8,8,TGGAAGAATATGGCCTGGTC,0,4214971
yadE_predicted,0.1111111111111111,8,8,TGGAACTCCAAAAGAACGTG,0,4206673
yadE_predicted,0.1111111111111111,8,8,TGCTTGATAAGAGGTCGTTT,0,4212686
yadE_predicted,0.1111111111111111,8,8,TGCTGGAAAGAGGGCGGGTG,0,4218157
yadE_predicted,0.1111111111111111,8,8,TGCTGAAGCGAGTCCCACGA,0,4231367
yadE_predicted,0.1111111111111111,8,8,TGCTAGGCAATATAGTTCTT,0,4236469
yadE_predicted,0.1111111111111111,8,8,TGCGTTTCGCATCGCGCAAC,0,4239965
yadE_predicted,0.1111111111111111,8,8,TGCGTAAGCTGATAATGCCA,0,4229672
yadE_predicted,0.1111111111111111,8,8,TGCGAAGTGTTCAAGAAGTC,0,4208705
yadE_predicted,0.1111111111111111,8,8,TGCCGGTCAATTTCGGGATT,0,4196047
yadE_predicted,0.1111111111111111,8,8,TGCATTACTCGTCCAGGTCA,0,4203044
yadE_predicted,0.1111111111111111,8,8,TGCAGGCTGTTAGTTCTTTC,0,4217985
yadE_predicted,0.1111111111111111,8,8,TGCAGGCTAGTCTCACGGTG,0,4241364
yadE_predicted,0.1111111111111111,8,8,TGCAAGTTTCGCATTGAACT,0,4224782
yadE_predicted,0.1111111111111111,8,8,TGATTAATACTGATTAGTGC,0,4219138
yadE_predicted,0.1111111111111111,8,8,TGATAGGAGTACTCCTAGCT,0,4193388
yadE_predicted,0.1111111111111111,8,8,TGAGTCCCCTTGTGAATCGG,0,4199178
yadE_predicted,0.1111111111111111,8,8,TGAGTACCGCTGTCGTGGGC,0,4227161
yadE_predicted,0.1111111111111111,8,8,TGAGGTAATTGTGCTTGACA,0,4228924
yadE_predicted,0.1111111111111111,8,8,TGAGCTGTGAGACAAAGCCA,0,4203416
yadE_predicted,0.1111111111111111,8,8,TGAGCCACCGCCGATGTTAT,0,4168104
yadE_predicted,0.1111111111111111,8,8,TGACCTTGAAGCAATCAGCT,0,4177874
yadE_predicted,0.1111111111111111,8,8,TGACCTGTTGCAAGCAGGTT,0,4170843
yadE_predicted,0.1111111111111111,8,8,TGACCAGATCGGGGGATACA,0,4223706
yadE_predicted,0.1111111111111111,8,8,TGACATTGGGCGTGGCAATA,0,4237562
yadE_predicted,0.1111111111111111,8,8,TGACATCCGGTAAGTAGAGG,0,4166771
yadE_predicted,0.1111111111111111,8,8,TGAACTTACCTTGGTTTGTT,0,4180481
yadE_predicted,0.1111111111111111,8,8,TGAACGCCGTGTGTTCCCCA,0,4173093
yadE_predicted,0.1111111111111111,8,8,TGAAAGGCCCTATCACGACT,0,4229895
yadE_predicted,0.1111111111111111,8,8,TCTTTGACAAATCTAAACAC,0,4187596
yadE_predicted,0.1111111111111111,8,8,TCTTGCCGGCGGGCACCGTT,0,4192100
yadE_predicted,0.1111111111111111,8,8,TCTTAGGCTAGCGGATAGAT,0,4210179
yadE_predicted,0.1111111111111111,8,8,TCTGTTACAGAGGACCCGCA,0,4231376
yadE_predicted,0.1111111111111111,8,8,TCTGTCAAATTACCAACGAG,0,4186031
yadE_predicted,0.1111111111111111,8,8,TCTGAGTTGGTAAATTTCTA,0,4204742
yadE_predicted,0.1111111111111111,8,8,TCTGAACCGCGCTTGGGACG,0,4234290
yadE_predicted,0.1111111111111111,8,8,TCTCTTGGCAAACAGGTATT,0,4224519
yadE_predicted,0.1111111111111111,8,8,TCTCCGGCAGAAAACCGTAC,0,4234747
yadE_predicted,0.1111111111111111,8,8,TCTCAGTTGGTACAGACTGT,0,4216753
yadE_predicted,0.1111111111111111,8,8,TCTATTGGGGAAGTCAGCTG,0,4209717
yadE_predicted,0.1111111111111111,8,8,TCTATTCTAGATGATTCCGT,0,4219438
yadE_predicted,0.1111111111111111,8,8,TCTAGTAACTTTAGTCTGCT,0,4212836
yadE_predicted,0.1111111111111111,8,8,TCTACGTTACATGCGCGGTA,0,4202933
yadE_predicted,0.1111111111111111,8,8,TCTAATCGCTGTTAATATAA,0,4225506
yadE_predicted,0.1111111111111111,8,8,TCGTTTGAGAGAGCGGGTAC,0,4219688
yadE_predicted,0.1111111111111111,8,8,TCGTGAGCATGTACGGGTGC,0,4181164
yadE_predicted,0.1111111111111111,8,8,TCGGTGTCGGTTGCAATCGT,0,4207606
yadE_predicted,0.1111111111111111,8,8,TCGGTATGTAATTATTTTGT,0,4214574
yadE_predicted,0.1111111111111111,8,8,TCGGGCTAAGGTTGAGATCT,0,4209517
yadE_predicted,0.1111111111111111,8,8,TCGGCCATGGTTCCCAAAGC,0,4231972
yadE_predicted,0.1111111111111111,8,8,TCGGCAGGAGGCTGACGTGA,0,4191389
yadE_predicted,0.1111111111111111,8,8,TCGCTGCAACTAATGGGTAT,0,4215243
yadE_predicted,0.1111111111111111,8,8,TCGCTCCCCGGCTAGCAGGG,0,4196610
yadE_predicted,0.1111111111111111,8,8,TCGCTAGACGTATTAAGCAG,0,4180386
yadE_predicted,0.1111111111111111,8,8,TCGCGTTATCTGATGTAAGA,0,4168203
yadE_predicted,0.1111111111111111,8,8,TCGCGTAACAAGTCAACGTG,0,4176544
yadE_predicted,0.1111111111111111,8,8,TCGCACGAGTATTCAACATG,0,4237248
yadE_predicted,0.1111111111111111,8,8,TCGCAATGGAAATTCACCGA,0,4164191
yadE_predicted,0.1111111111111111,8,8,TCGCAAGATTCCCGATTTGT,0,4176344
yadE_predicted,0.1111111111111111,8,8,TCGAGCAGCTGGAAGCGAAC,0,4209457
yadE_predicted,0.1111111111111111,8,8,TCGAATTAGAGCGCGGCTTG,0,4214407
yadE_predicted,0.1111111111111111,8,8,TCGAATCTCTCGGCCCCCGT,0,4203941
yadE_predicted,0.1111111111111111,8,8,TCCTTGAGTATCCGGGACGA,0,4216705
yadE_predicted,0.1111111111111111,8,8,TCCTTACGCTAACGGCGAGC,0,4202231
yadE_predicted,0.1111111111111111,8,8,TCCTCGAACATACGGTGACG,0,4219909
yadE_predicted,0.1111111111111111,8,8,TCCGCTCGGACGACCGAAAT,0,4205193
yadE_predicted,0.1111111111111111,8,8,TCCGATTTAGTTGAGCCAAG,0,4227542
yadE_predicted,0.1111111111111111,8,8,TCCCTCGAATCATTCGTGCC,0,4211155
yadE_predicted,0.1111111111111111,8,8,TCCCTCCGTCTTGGTGTAGA,0,4236794
yadE_predicted,0.1111111111111111,8,8,TCCCGAGCTCTACTACAGCT,0,4205292
yadE_predicted,0.1111111111111111,8,8,TCCATCATGAAAGGAAAAGG,0,4187648
yadE_predicted,0.1111111111111111,8,8,TCCAAGGATTCTCCGGAACC,0,4191498
yadE_predicted,0.1111111111111111,8,8,TCCAAATGAACCTTGGTCAT,0,4204625
yadE_predicted,0.1111111111111111,8,8,TCCAAAGGCGAATACAAAAG,0,4219557
yadE_predicted,0.1111111111111111,8,8,TCATGTAGGCGACCTGTAGG,0,4172700
yadE_predicted,0.1111111111111111,8,8,TCATGGGGCGTAAGCCGGGC,0,4205937
yadE_predicted,0.1111111111111111,8,8,TCATGCTTATCTTTCGAGGA,0,4215365
yadE_predicted,0.1111111111111111,8,8,TCATGAACTTCGGGGCAGAT,0,4196682
yadE_predicted,0.1111111111111111,8,8,TCATATCCAACAGGACTGCT,0,4210885
yadE_predicted,0.1111111111111111,8,8,TCATAGCGCAGAACAGTTTT,0,4214671
yadE_predicted,0.1111111111111111,8,8,TCAGTTATAAACGTGGGTGT,0,4223351
yadE_predicted,0.1111111111111111,8,8,TCAGTGAGACTGGACCCCAA,0,4212175
yadE_predicted,0.1111111111111111,8,8,TCAGTCAGGCGATTCAGCCA,0,4207237
yadE_predicted,0.1111111111111111,8,8,TCAGGTAGCTTTCGTACAAT,0,4161289
yadE_predicted,0.1111111111111111,8,8,TCAGCATTGAACGTGGATTA,0,4175491
yadE_predicted,0.1111111111111111,8,8,TCACTTGAAACGCAGGAATC,0,4185962
yadE_predicted,0.1111111111111111,8,8,TCACTTCCATTGAATGTAAG,0,4198492
yadE_predicted,0.1111111111111111,8,8,TCACGAGGGGTTGCACTCCT,0,4219846
yadE_predicted,0.1111111111111111,8,8,TCACAGTGACGCTCGCCAGG,0,4183588
yadE_predicted,0.1111111111111111,8,8,TCACACACCCGTTCAGCGCA,0,4218516
yadE_predicted,0.1111111111111111,8,8,TCAACATCCGTGACCTGGGC,0,4171417
yadE_predicted,0.1111111111111111,8,8,TCAAAAAACCATTGATAGTA,0,4184407
yadE_predicted,0.1111111111111111,8,8,TATTCTATTACCCCGTCTCA,0,4189558
yadE_predicted,0.1111111111111111,8,8,TATTCCCGAAACAAGTACTA,0,4206676
yadE_predicted,0.1111111111111111,8,8,TATTCCCATCGGGATACCCA,0,4202100
yadE_predicted,0.1111111111111111,8,8,TATTCATGTACTAGCTTCCC,0,4182519
yadE_predicted,0.1111111111111111,8,8,TATTCAATAGCGTCCCTGTT,0,4204487
yadE_predicted,0.1111111111111111,8,8,TATTATACTTTATCCCTCGT,0,4174171
yadE_predicted,0.1111111111111111,8,8,TATTATAAATAAAAAGGTAC,0,4237995
yadE_predicted,0.1111111111111111,8,8,TATTAGAAACAAGCCGGAGT,0,4180744
yadE_predicted,0.1111111111111111,8,8,TATGTGAAAGTCCAACGAGG,0,4166497
yadE_predicted,0.1111111111111111,8,8,TATGGAAAGCCTCACCAGTA,0,4225983
yadE_predicted,0.1111111111111111,8,8,TATGCGAGATGACGGTAAAA,0,4230557
yadE_predicted,0.1111111111111111,8,8,TATGATCATATGGGACTCAG,0,4204751
yadE_predicted,0.1111111111111111,8,8,TATGAGTACCATCCACCCTT,0,4235758
yadE_predicted,0.1111111111111111,8,8,TATCGTTTACATTTTAATGG,0,4229858
yadE_predicted,0.1111111111111111,8,8,TATCGGCCAACATACCCCGT,0,4214508
yadE_predicted,0.1111111111111111,8,8,TATCCCACAGCTGCGAAAAG,0,4165039
yadE_predicted,0.1111111111111111,8,8,TATCAAGATCGGGGCCGCCC,0,4193769
yadE_predicted,0.1111111111111111,8,8,TATATGATCAACCGGCTCTT,0,4182144
yadE_predicted,0.1111111111111111,8,8,TATATCTATCGGAGTCGCAT,0,4224178
yadE_predicted,0.1111111111111111,8,8,TATATCGGCCGCTTCATGAT,0,4192482
yadE_predicted,0.1111111111111111,8,8,TATACTACGACCGCACACCC,0,4216323
yadE_predicted,0.1111111111111111,8,8,TATACACGAGTGTACATGAC,0,4232421
yadE_predicted,0.1111111111111111,8,8,TATAAGCGCCTGAGGTCCAC,0,4171842
yadE_predicted,0.1111111111111111,8,8,TAGGTCAAAAGATCTGGAAA,0,4229277
yadE_predicted,0.1111111111111111,8,8,TAGGCGGTTAGACCCCCTGA,0,4241012
yadE_predicted,0.1111111111111111,8,8,TAGGCCATTGTATTTGAAAT,0,4169827
yadE_predicted,0.1111111111111111,8,8,TAGCTCACTATGTGAGAGTG,0,4231705
yadE_predicted,0.1111111111111111,8,8,TAGCCCTTACATCTGGATGT,0,4160729
yadE_predicted,0.1111111111111111,8,8,TAGCCCACAGTAAGGATCAG,0,4218942
yadE_predicted,0.1111111111111111,8,8,TAGCCATTATGTGAACTCAG,0,4196741
yadE_predicted,0.1111111111111111,8,8,TAGCAGGTTTTGGCGTGATA,0,4202647
yadE_predicted,0.1111111111111111,8,8,TAGCAAGTTTGTGCGCCCTA,0,4234214
yadE_predicted,0.1111111111111111,8,8,TAGATTGAACCTCAGGGTTT,0,4166492
yadE_predicted,0.1111111111111111,8,8,TAGACAGTCCACCCTATTTC,0,4160866
yadE_predicted,0.1111111111111111,8,8,TAGAAGTTGTTCGTCTGCGT,0,4218747
yadE_predicted,0.1111111111111111,8,8,TACTTGCCGTGGGTCCGGAT,0,4227304
yadE_predicted,0.1111111111111111,8,8,TACTTCAAGCATGTGGAAGA,0,4165976
yadE_predicted,0.1111111111111111,8,8,TACTAGAGTAGATCGTTGTT,0,4215393
yadE_predicted,0.1111111111111111,8,8,TACCTCTCGATCCGCGATGC,0,4221030
yadE_predicted,0.1111111111111111,8,8,TACCCCGGTGCTTGGAATGC,0,4222893
yadE_predicted,0.1111111111111111,8,8,TACATGCCCTCTGTAAACAT,0,4225111
yadE_predicted,0.1111111111111111,8,8,TACAGGGGTTCCGTTGCTCC,0,4212547
yadE_predicted,0.1111111111111111,8,8,TACACATATCTCCTGCCTCC,0,4194751
yadE_predicted,0.1111111111111111,8,8,TACAATGGTACTCACCTTTA,0,4208126
yadE_predicted,0.1111111111111111,8,8,TAATGAGGGGCGGCCGTAGC,0,4187608
yadE_predicted,0.1111111111111111,8,8,TAATAGGAAGCGAGCGACGA,0,4182636
yadE_predicted,0.1111111111111111,8,8,TAATACCGGCTCGGATCTAT,0,4165769
yadE_predicted,0.1111111111111111,8,8,TAAGTCACTTCGGTGCGCCA,0,4170059
yadE_predicted,0.1111111111111111,8,8,TAAGTAAGGGTCTATATAGA,0,4165554
yadE_predicted,0.1111111111111111,8,8,TAAGGGTTGTAATCGTTAGT,0,4206909
yadE_predicted,0.1111111111111111,8,8,TAAGGGGTGTACATTGGCAC,0,4174622
yadE_predicted,0.1111111111111111,8,8,TAAGCGTACAATCCCAGGAA,0,4198293
yadE_predicted,0.1111111111111111,8,8,TAAGATACGAGGCACTATAG,0,4177815
yadE_predicted,0.1111111111111111,8,8,TAAGACGGAGCAGCGCCCAT,0,4167504
yadE_predicted,0.1111111111111111,8,8,TAACTCTAATGTCGATATAG,0,4206919
yadE_predicted,0.1111111111111111,8,8,TAACTAAGATAGCAGTCCGG,0,4190864
yadE_predicted,0.1111111111111111,8,8,TAACAGAGACTATACATCAA,0,4196115
yadE_predicted,0.1111111111111111,8,8,GTTTAGTCAATAAACACCCG,0,4213171
yadE_predicted,0.1111111111111111,8,8,GTTTAATAGCAGTTGGATAA,0,4174797
yadE_predicted,0.1111111111111111,8,8,GTTGAGCAATCCATTCCCTA,0,4180212
yadE_predicted,0.1111111111111111,8,8,GTTGAAATCTCTAGTGTCGT,0,4173590
yadE_predicted,0.1111111111111111,8,8,GTTCTGGCTTAAAGAGTCTC,0,4194694
yadE_predicted,0.1111111111111111,8,8,GTTCGTAACCGGAGTCCTAT,0,4222621
yadE_predicted,0.1111111111111111,8,8,GTTCGATATCGGTAAAATAT,0,4187389
yadE_predicted,0.1111111111111111,8,8,GTTCCGTAGCGACTCACTGA,0,4187615
yadE_predicted,0.1111111111111111,8,8,GTTCCAAGTATAAGGCCTAA,0,4219583
yadE_predicted,0.1111111111111111,8,8,GTTAGGCCCAGTGCAAGTCA,0,4159765
yadE_predicted,0.1111111111111111,8,8,GTGTTAAGTAGCCTCCTGGT,0,4192480
yadE_predicted,0.1111111111111111,8,8,GTGTACCAGGTCATCCTTGT,0,4180902
yadE_predicted,0.1111111111111111,8,8,GTGGTCCGGCAGGTAGGGCC,0,4187736
yadE_predicted,0.1111111111111111,8,8,GTGGCCGCAGTGCGGACGTA,0,4198603
yadE_predicted,0.1111111111111111,8,8,GTGGCCCCGCCACATATAAG,0,4228593
yadE_predicted,0.1111111111111111,8,8,GTGGCAGCTTGTGCAGGACG,0,4189722
yadE_predicted,0.1111111111111111,8,8,GTGGATCTTTGACCTTGTTA,0,4164749
yadE_predicted,0.1111111111111111,8,8,GTGGAGCGTTCGTGGTTCTC,0,4224309
yadE_predicted,0.1111111111111111,8,8,GTGCTTTCAGCAACGGCGAC,0,4215104
yadE_predicted,0.1111111111111111,8,8,GTGCTGACCAGATGCGGTGG,0,4229607
yadE_predicted,0.1111111111111111,8,8,GTGCTCTAGCAGAATGTTTC,0,4179056
yadE_predicted,0.1111111111111111,8,8,GTGCGGTGCCCCGCGCCCTG,0,4212279
yadE_predicted,0.1111111111111111,8,8,GTGCCTCAGATTTGTAGAGT,0,4181678
yadE_predicted,0.1111111111111111,8,8,GTGCACCGATGCGTAACAGG,0,4173064
yadE_predicted,0.1111111111111111,8,8,GTGCACACGCGTTTTGGATC,0,4168734
yadE_predicted,0.1111111111111111,8,8,GTGCAACTACCTCAACACTA,0,4240254
yadE_predicted,0.1111111111111111,8,8,GTGACAACCATTTGTTGCGC,0,4189774
yadE_predicted,0.1111111111111111,8,8,GTGAATCAATCGGCACTTCC,0,4198731
yadE_predicted,0.1111111111111111,8,8,GTCTGGTCAGAACAGCATTT,0,4202210
yadE_predicted,0.1111111111111111,8,8,GTCTGGCGTAAGGGTTTGGT,0,4229008
yadE_predicted,0.1111111111111111,8,8,GTCTCTTACTGGGCACTTAA,0,4214057
yadE_predicted,0.1111111111111111,8,8,GTCTATTAAAACTTATGAAC,0,4160072
yadE_predicted,0.1111111111111111,8,8,GTCTAATTTTGTCCGGTGTT,0,4176169
yadE_predicted,0.1111111111111111,8,8,GTCGGGAAATGGGATCGTCA,0,4165007
yadE_predicted,0.1111111111111111,8,8,GTCGCGTTGAAGCCACCACC,0,4235822
yadE_predicted,0.1111111111111111,8,8,GTCGCGTTCTGGTATTCGTG,0,4235549
yadE_predicted,0.1111111111111111,8,8,GTCGCCAATTCTATTGGGTT,0,4213904
yadE_predicted,0.1111111111111111,8,8,GTCCTTCATAGGGCGCTCGT,0,4160737
yadE_predicted,0.1111111111111111,8,8,GTCCTACCTATGTGGGTGCA,0,4189554
yadE_predicted,0.1111111111111111,8,8,GTCCGAAGTAAACCGGGGTG,0,4168888
yadE_predicted,0.1111111111111111,8,8,GTCATTGAAGAGCTCCGTAC,0,4226041
yadE_predicted,0.1111111111111111,8,8,GTCATCTTTTGAACGCTTGT,0,4211897
yadE_predicted,0.1111111111111111,8,8,GTCAGAAAACCGCGTCATAA,0,4204244
yadE_predicted,0.1111111111111111,8,8,GTCACTCAACCCCAGAACTA,0,4175015
yadE_predicted,0.1111111111111111,8,8,GTCACAACAGATCCATCATA,0,4176487
yadE_predicted,0.1111111111111111,8,8,GTATTCTGGCCAATACGTTT,0,4200245
yadE_predicted,0.1111111111111111,8,8,GTATTCGCAGAAGCTCTCCC,0,4208788
yadE_predicted,0.1111111111111111,8,8,GTATCTTCTGCATCTCCTGT,0,4228292
yadE_predicted,0.1111111111111111,8,8,GTATCGGAATTATGAGACGT,0,4233006
yadE_predicted,0.1111111111111111,8,8,GTATCAGCGGTAGTAATAGA,0,4192150
yadE_predicted,0.1111111111111111,8,8,GTATATGTGTATGTCAAGAC,0,4177366
yadE_predicted,0.1111111111111111,8,8,GTAGTTCTGACCGTACCTAC,0,4230754
yadE_predicted,0.1111111111111111,8,8,GTAGTGTATGGAAAGCAAAA,0,4173998
yadE_predicted,0.1111111111111111,8,8,GTAGGGTTCAATACCTCCGC,0,4223102
yadE_predicted,0.1111111111111111,8,8,GTACTAGATTCAGGGTTCGA,0,4212438
yadE_predicted,0.1111111111111111,8,8,GTACGTAGGCAAAATTGACG,0,4160953
yadE_predicted,0.1111111111111111,8,8,GTACGCAGCGGCGTCGGACG,0,4165919
yadE_predicted,0.1111111111111111,8,8,GTACATCTAATGACGTTCAA,0,4165629
yadE_predicted,0.1111111111111111,8,8,GTACAGATACCTGCCCTTTA,0,4172512
yadE_predicted,0.1111111111111111,8,8,GTACAATAGATCGCGTCACA,0,4183859
yadE_predicted,0.1111111111111111,8,8,GTAATGCGAGGTCCCACCTG,0,4170832
yadE_predicted,0.1111111111111111,8,8,GTAAGGCCCGATTTAAGACC,0,4169993
yadE_predicted,0.1111111111111111,8,8,GTAAATAACCTCTCGTAGTA,0,4224358
yadE_predicted,0.1111111111111111,8,8,GTAAACCGCAGACTACGATG,0,4201850
yadE_predicted,0.1111111111111111,8,8,GTAAAATTGATTCAGATTAA,0,4175995
yadE_predicted,0.1111111111111111,8,8,GGTTCGGCCGTGGATTGTGA,0,4194927
yadE_predicted,0.1111111111111111,8,8,GGTTCAAGATGTGGCTGAAC,0,4164183
yadE_predicted,0.1111111111111111,8,8,GGTTATTCGCCACGCTACAG,0,4174685
yadE_predicted,0.1111111111111111,8,8,GGTTAGGACAGGAAGACTCC,0,4214976
yadE_predicted,0.1111111111111111,8,8,GGTTAGAAAATCTTAAGTCC,0,4166839
yadE_predicted,0.1111111111111111,8,8,GGTGGTCGGCCAAAGATGAA,0,4210651
yadE_predicted,0.1111111111111111,8,8,GGTGAGGTTATACGGCACGT,0,4161514
yadE_predicted,0.1111111111111111,8,8,GGTGAATTGTGGGCTGCTCG,0,4210397
yadE_predicted,0.1111111111111111,8,8,GGTCGTTAGGAGTGCGCGTT,0,4207104
yadE_predicted,0.1111111111111111,8,8,GGTCGTCGTGGGTGCGTCGT,0,4238438
yadE_predicted,0.1111111111111111,8,8,GGTCAGAATAGAAGGAACCG,0,4203117
yadE_predicted,0.1111111111111111,8,8,GGTCAAATCACTGATGTGAG,0,4220621
yadE_predicted,0.1111111111111111,8,8,GGTAGGTATCGGTCGTGCCA,0,4184130
yadE_predicted,0.1111111111111111,8,8,GGTAAGCTGAGGGTGTTCCC,0,4236294
yadE_predicted,0.1111111111111111,8,8,GGTAAGACCCGGATTATGGG,0,4235477
yadE_predicted,0.1111111111111111,8,8,GGGTGTACCAATCGGCCCGT,0,4231109
yadE_predicted,0.1111111111111111,8,8,GGGTGGCCCTCTGCTGCAGG,0,4218632
yadE_predicted,0.1111111111111111,8,8,GGGTGGAGCCAAGGGCGGCG,0,4192544
yadE_predicted,0.1111111111111111,8,8,GGGTGCTAAATGGATCCCGA,0,4230868
yadE_predicted,0.1111111111111111,8,8,GGGTCTGAAATGTTTAGTGT,0,4179496
yadE_predicted,0.1111111111111111,8,8,GGGTCCACTTATCGCGCATC,0,4193053
yadE_predicted,0.1111111111111111,8,8,GGGTATGAGAAAACATATAG,0,4189472
yadE_predicted,0.1111111111111111,8,8,GGGTACGCTTCAATTCTGGA,0,4202584
yadE_predicted,0.1111111111111111,8,8,GGGGTGGAGGGTTGGGCGCG,0,4224794
yadE_predicted,0.1111111111111111,8,8,GGGGTCCTCGCGTGCATGAC,0,4167495
yadE_predicted,0.1111111111111111,8,8,GGGGTCATCGCGAGCATATC,0,4221045
yadE_predicted,0.1111111111111111,8,8,GGGGGCTGGGTCAGCTCGTG,0,4217284
yadE_predicted,0.1111111111111111,8,8,GGGGGATATAAATATAGATC,0,4182264
yadE_predicted,0.1111111111111111,8,8,GGGCTGGGTCTCGTATGAGT,0,4221309
yadE_predicted,0.1111111111111111,8,8,GGGCCATGCGCCCGGTCCCA,0,4219454
yadE_predicted,0.1111111111111111,8,8,GGGATCGTCTTACATACCTG,0,4166684
yadE_predicted,0.1111111111111111,8,8,GGGATCAGGATTATACTGTA,0,4193657
yadE_predicted,0.1111111111111111,8,8,GGGAAGCACGCTGCTCAGGA,0,4231359
yadE_predicted,0.1111111111111111,8,8,GGCTTTTATCGCACTGCGGA,0,4188156
yadE_predicted,0.1111111111111111,8,8,GGCTTCGGACCTGTACACAC,0,4206630
yadE_predicted,0.1111111111111111,8,8,GGCTTACCTCCAGCCCCCGT,0,4166343
yadE_predicted,0.1111111111111111,8,8,GGCTTACATTTGTATTTACT,0,4215485
yadE_predicted,0.1111111111111111,8,8,GGCTGTGGACGTTTCAGGGG,0,4231908
yadE_predicted,0.1111111111111111,8,8,GGCTCTATGATTTCCGAAAA,0,4199405
yadE_predicted,0.1111111111111111,8,8,GGCTCGGCGAATTCTGAAAC,0,4228750
yadE_predicted,0.1111111111111111,8,8,GGCTCCATCGCACTTACGCT,0,4181558
yadE_predicted,0.1111111111111111,8,8,GGCTCATTCGCTCTACCCCT,0,4204819
yadE_predicted,0.1111111111111111,8,8,GGCTCAGATGAGCAGGTGAA,0,4215215
yadE_predicted,0.1111111111111111,8,8,GGCTCAAGTAAAGCTCTCTC,0,4181700
yadE_predicted,0.1111111111111111,8,8,GGCGGGGGCTTTTCTGTAAC,0,4200053
yadE_predicted,0.1111111111111111,8,8,GGCGAGGCTCCCATTCATTT,0,4238493
yadE_predicted,0.1111111111111111,8,8,GGCGAAGTACCAGCATCTCA,0,4208464
yadE_predicted,0.1111111111111111,8,8,GGCCGGCATCGCCACAAATT,0,4213589
yadE_predicted,0.1111111111111111,8,8,GGCCCCACTCCGCAAAGAAA,0,4233904
yadE_predicted,0.1111111111111111,8,8,GGCCCATCTCTCGGAAATCC,0,4168279
yadE_predicted,0.1111111111111111,8,8,GGCATTGCAACGGCGACAGT,0,4180470
yadE_predicted,0.1111111111111111,8,8,GGCATCTTTCGGTCTCTAAA,0,4224968
yadE_predicted,0.1111111111111111,8,8,GGCAGATTTTGCTGTCCCTT,0,4207956
yadE_predicted,0.1111111111111111,8,8,GGCACCGGAGACTACGAATC,0,4166631
yadE_predicted,0.1111111111111111,8,8,GGCACATGTATGACCTACGC,0,4223850
yadE_predicted,0.1111111111111111,8,8,GGCAAAGACCACCGGGCGCA,0,4186853
yadE_predicted,0.1111111111111111,8,8,GGCAAAAATAGAGCGTTGGA,0,4177919
yadE_predicted,0.1111111111111111,8,8,GGATTGCCGTAATATTAACG,0,4177266
yadE_predicted,0.1111111111111111,8,8,GGATGAGGGGAGGGTTGTGG,0,4197037
yadE_predicted,0.1111111111111111,8,8,GGATGAAGGTTGGCTGTATC,0,4206211
yadE_predicted,0.1111111111111111,8,8,GGATGAACTGGGGCCATGAA,0,4188820
yadE_predicted,0.1111111111111111,8,8,GGATCTACGGCTTCCAGATT,0,4164540
yadE_predicted,0.1111111111111111,8,8,GGATAATACCCGAAGCGGTT,0,4210253
yadE_predicted,0.1111111111111111,8,8,GGAGGTTGTGCTTGGACGCT,0,4235420
yadE_predicted,0.1111111111111111,8,8,GGAGGTGTTGGTCGAGCCCC,0,4191284
yadE_predicted,0.1111111111111111,8,8,GGAGGGATCCTTTACGTAGC,0,4208317
yadE_predicted,0.1111111111111111,8,8,GGAGATGTCGGTCTATACCT,0,4167348
yadE_predicted,0.1111111111111111,8,8,GGAGAATAGGCTTTTTTCAC,0,4170420
yadE_predicted,0.1111111111111111,8,8,GGAGAAGGGAAGGTTATGCT,0,4223751
yadE_predicted,0.1111111111111111,8,8,GGACACCGAGATGATCCCAA,0,4187928
yadE_predicted,0.1111111111111111,8,8,GGAATCTGCGGCGGGCGACT,0,4229395
yadE_predicted,0.1111111111111111,8,8,GGAACCGGGTTGCAGTTTCC,0,4210992
yadE_predicted,0.1111111111111111,8,8,GGAAAGGCGAATATCTACAG,0,4173380
yadE_predicted,0.1111111111111111,8,8,GGAAACTGCCCATCTTGCAA,0,4222811
yadE_predicted,0.1111111111111111,8,8,GCTTTCCGTAGGACTGAACG,0,4204296
yadE_predicted,0.1111111111111111,8,8,GCTTCAGCTTGGGATCTTAC,0,4224622
yadE_predicted,0.1111111111111111,8,8,GCTTAAGTGTAGGGTCGGAT,0,4204881
yadE_predicted,0.1111111111111111,8,8,GCTGTGTAGCGAAGATTGTA,0,4223096
yadE_predicted,0.1111111111111111,8,8,GCTGTGGAAGTAGTGTGCAG,0,4226207
yadE_predicted,0.1111111111111111,8,8,GCTGTCCCACCAACCTGTGA,0,4186136
yadE_predicted,0.1111111111111111,8,8,GCTGTACCAAACATTTGGGA,0,4202259
yadE_predicted,0.1111111111111111,8,8,GCTGAACCAAATGTGGTTTG,0,4202987
yadE_predicted,0.1111111111111111,8,8,GCTCTTTGAATAGACTCAGG,0,4224846
yadE_predicted,0.1111111111111111,8,8,GCTCTTGACAAGGGGGTCCA,0,4173055
yadE_predicted,0.1111111111111111,8,8,GCTCTAAGCGAGACATTGAT,0,4165445
yadE_predicted,0.1111111111111111,8,8,GCTCGCGTCTATAATCGACG,0,4200340
yadE_predicted,0.1111111111111111,8,8,GCTCGAATGGAGCGTCGGCT,0,4184073
yadE_predicted,0.1111111111111111,8,8,GCTCGAACTTCAAGAAAGAC,0,4213973
yadE_predicted,0.1111111111111111,8,8,GCTCCTTCAACCTGGACGCG,0,4223613
yadE_predicted,0.1111111111111111,8,8,GCTCCACTAAGTCTGAAATA,0,4165137
yadE_predicted,0.1111111111111111,8,8,GCTACTTCACCGACTACGGC,0,4239840
yadE_predicted,0.1111111111111111,8,8,GCTACATCAGATGTCCACCG,0,4238592
yadE_predicted,0.1111111111111111,8,8,GCTAATGGCGGAATCACCTA,0,4195403
yadE_predicted,0.1111111111111111,8,8,GCTAAGGGACCGGCTTCCAT,0,4220279
yadE_predicted,0.1111111111111111,8,8,GCGTCTTCTGACCCTTAGTT,0,4201689
yadE_predicted,0.1111111111111111,8,8,GCGGTGTAAAAATATATCGT,0,4237274
yadE_predicted,0.1111111111111111,8,8,GCGGTGGTAATTTGTGGTCC,0,4228188
yadE_predicted,0.1111111111111111,8,8,GCGGTATCCTTCGGTAGTTC,0,4186201
yadE_predicted,0.1111111111111111,8,8,GCGGGTTGTATGGTTGACTC,0,4194439
yadE_predicted,0.1111111111111111,8,8,GCGGGACCCTTTGGCCACCG,0,4213294
yadE_predicted,0.1111111111111111,8,8,GCGGCCGCTACGGTCACGGG,0,4162954
yadE_predicted,0.1111111111111111,8,8,GCGGACTAATCCGGTTCCTA,0,4167888
yadE_predicted,0.1111111111111111,8,8,GCGCTATGAAAGGGTTCCGG,0,4204831
yadE_predicted,0.1111111111111111,8,8,GCGCGTCGGCGAATTAACGG,0,4178936
yadE_predicted,0.1111111111111111,8,8,GCGCGCTAAATCGGTGGCGC,0,4223471
yadE_predicted,0.1111111111111111,8,8,GCGCCATTTAAATTGATTAT,0,4200752
yadE_predicted,0.1111111111111111,8,8,GCGCATTTACTTAGTCTGGA,0,4239192
yadE_predicted,0.1111111111111111,8,8,GCGATGCACATTAGCACATA,0,4212692
yadE_predicted,0.1111111111111111,8,8,GCGAGTAGAAGACGATCTAT,0,4201343
yadE_predicted,0.1111111111111111,8,8,GCGACAAGTAGGTTTCAGCA,0,4171623
yadE_predicted,0.1111111111111111,8,8,GCGAATTAGCGACGGGCGAG,0,4174060
yadE_predicted,0.1111111111111111,8,8,GCGAAGCCAAGTTTGAACAT,0,4233503
yadE_predicted,0.1111111111111111,8,8,GCCTTTGATCTATCGTTGGG,0,4191337
yadE_predicted,0.1111111111111111,8,8,GCCTGGCCCGACTAGGCACT,0,4178554
yadE_predicted,0.1111111111111111,8,8,GCCTACTACATTCACTTTAG,0,4181287
yadE_predicted,0.1111111111111111,8,8,GCCTAAGGGTAGAAAGGCGG,0,4207532
yadE_predicted,0.1111111111111111,8,8,GCCGTGCGCGTTCGGCTCTT,0,4201723
yadE_predicted,0.1111111111111111,8,8,GCCGTCGGATGCATTGTGAG,0,4199765
yadE_predicted,0.1111111111111111,8,8,GCCGTACGATAACTGTTAGT,0,4159912
yadE_predicted,0.1111111111111111,8,8,GCCGGGGCCAGGGGCAAGAG,0,4216255
yadE_predicted,0.1111111111111111,8,8,GCCGGACCAGAGGAGCGTTG,0,4202699
yadE_predicted,0.1111111111111111,8,8,GCCGCTAGCGGAGTATTGAG,0,4190421
yadE_predicted,0.1111111111111111,8,8,GCCGCGCGAACGTAGGCAGA,0,4224496
yadE_predicted,0.1111111111111111,8,8,GCCGATAGTCCGCTATGCCT,0,4162404
yadE_predicted,0.1111111111111111,8,8,GCCCTTTCTGTAGCACACCA,0,4217814
yadE_predicted,0.1111111111111111,8,8,GCCCGACAATTCTTCCCGGT,0,4222614
yadE_predicted,0.1111111111111111,8,8,GCCCAATGTCTGTTAAGTTA,0,4237230
yadE_predicted,0.1111111111111111,8,8,GCCAGTTGGCAATACGCATT,0,4214346
yadE_predicted,0.1111111111111111,8,8,GCCAATTCTGACCTGTTCGC,0,4214919
yadE_predicted,0.1111111111111111,8,8,GCATTTTTGATCACGACCAC,0,4180571
yadE_predicted,0.1111111111111111,8,8,GCAGTGGATGATACCGGCCT,0,4209288
yadE_predicted,0.1111111111111111,8,8,GCAGCTGGCAAGCTAAGGGG,0,4191909
yadE_predicted,0.1111111111111111,8,8,GCAGCTGAGCTTCGGAAAGT,0,4238290
yadE_predicted,0.1111111111111111,8,8,GCAGAAGAGACACGCGGCAG,0,4164165
yadE_predicted,0.1111111111111111,8,8,GCACATTTGCAGTTCGTTAA,0,4173713
yadE_predicted,0.1111111111111111,8,8,GCACACGCGTCCTCGTACCG,0,4182347
yadE_predicted,0.1111111111111111,8,8,GCAATTCTTATAGACTGTAA,0,4162642
yadE_predicted,0.1111111111111111,8,8,GCAAGGTTTATAGTTACCTT,0,4188653
yadE_predicted,0.1111111111111111,8,8,GCAAGGGGATCTACTGTCCA,0,4168096
yadE_predicted,0.1111111111111111,8,8,GCAAGGATCGTCTAATTCCT,0,4216055
yadE_predicted,0.1111111111111111,8,8,GCAAGGAGCCAGCTAGGGTT,0,4173220
yadE_predicted,0.1111111111111111,8,8,GCAAATGTGCTCAAGATATG,0,4223904
yadE_predicted,0.1111111111111111,8,8,GCAAATCTAGGGTTCTTACC,0,4220544
yadE_predicted,0.1111111111111111,8,8,GATTCTATAGCATGTCATTG,0,4185744
yadE_predicted,0.1111111111111111,8,8,GATTCGCCTCTTAATCGCAA,0,4163856
yadE_predicted,0.1111111111111111,8,8,GATTAGGTATGGAAGTTGGT,0,4232653
yadE_predicted,0.1111111111111111,8,8,GATTAGGACCGAGCCTTCTA,0,4233275
yadE_predicted,0.1111111111111111,8,8,GATTAACAGCAGATCGGTCC,0,4169330
yadE_predicted,0.1111111111111111,8,8,GATGTGACTCATCTGGGTCG,0,4213523
yadE_predicted,0.1111111111111111,8,8,GATGTCATGTTGACAGGCCC,0,4177875
yadE_predicted,0.1111111111111111,8,8,GATGGTGATATATCGTGCAA,0,4216301
yadE_predicted,0.1111111111111111,8,8,GATGCTGATAGTATGAATAC,0,4225583
yadE_predicted,0.1111111111111111,8,8,GATGACCTCGTTATTCCGCA,0,4176622
yadE_predicted,0.1111111111111111,8,8,GATCTGTCGGCGCGTAAGTA,0,4176878
yadE_predicted,0.1111111111111111,8,8,GATCTCTAGATGCACGTCTG,0,4190477
yadE_predicted,0.1111111111111111,8,8,GATAGAGTTTCAAAACGGGG,0,4219441
yadE_predicted,0.1111111111111111,8,8,GATACACAGGGTCGGTTATG,0,4224281
yadE_predicted,0.1111111111111111,8,8,GATAAGTGCGCCACGACACT,0,4168106
yadE_predicted,0.1111111111111111,8,8,GAGTTCGATTCGGGGGAGAC,0,4193260
yadE_predicted,0.1111111111111111,8,8,GAGTCACGGTAACTGACTCG,0,4179356
yadE_predicted,0.1111111111111111,8,8,GAGGCTGGTTCCCAACGACC,0,4224425
yadE_predicted,0.1111111111111111,8,8,GAGCTTTACAGTAAACGGCG,0,4215545
yadE_predicted,0.1111111111111111,8,8,GAGCTCGAGATGGAGCCCCT,0,4202153
yadE_predicted,0.1111111111111111,8,8,GAGCGCTGTACATTCACGCC,0,4213076
yadE_predicted,0.1111111111111111,8,8,GAGCACCTTTACGATGGTCA,0,4208553
yadE_predicted,0.1111111111111111,8,8,GAGCAACTCATGAAACGAGG,0,4227391
yadE_predicted,0.1111111111111111,8,8,GAGACTAACGACAACGCCGT,0,4186866
yadE_predicted,0.1111111111111111,8,8,GAGACCAGGATTTTCAAAAA,0,4188248
yadE_predicted,0.1111111111111111,8,8,GAGAACTCACCATACGATCA,0,4239466
yadE_predicted,0.1111111111111111,8,8,GACTTAGCTTCTCGCAGGTG,0,4196006
yadE_predicted,0.1111111111111111,8,8,GACTGGTGGAATTCCAGGCC,0,4228471
yadE_predicted,0.1111111111111111,8,8,GACTGAGAATGCATATATGG,0,4203557
yadE_predicted,0.1111111111111111,8,8,GACTCTTAATATTAAATACT,0,4188785
yadE_predicted,0.1111111111111111,8,8,GACTCCTAGGGAAGCGAGAC,0,4165672
yadE_predicted,0.1111111111111111,8,8,GACTCCATTTCTGTTTTAGT,0,4173943
yadE_predicted,0.1111111111111111,8,8,GACGTCAGATGGGTGGATTG,0,4169847
yadE_predicted,0.1111111111111111,8,8,GACGGCTAGGCTTTTAGGTC,0,4170588
yadE_predicted,0.1111111111111111,8,8,GACGATGACCAACCGCCCGA,0,4182300
yadE_predicted,0.1111111111111111,8,8,GACGACTGAATTGCCTGTAA,0,4194787
yadE_predicted,0.1111111111111111,8,8,GACCTTAAGTGATCCGATAG,0,4206546
yadE_predicted,0.1111111111111111,8,8,GACCTAGACCGATTGGAGCC,0,4218367
yadE_predicted,0.1111111111111111,8,8,GACCCCAGACTGAGCCCCCA,0,4211861
yadE_predicted,0.1111111111111111,8,8,GACCCAGTATGGGAGGTATC,0,4211455
yadE_predicted,0.1111111111111111,8,8,GACCACTGAGGGTAACCACC,0,4220856
yadE_predicted,0.1111111111111111,8,8,GACATGCATGAAGACATTAT,0,4223860
yadE_predicted,0.1111111111111111,8,8,GACAGTGCTCGTTGCAAACC,0,4236217
yadE_predicted,0.1111111111111111,8,8,GACAGGTTCTTAAATTGGAG,0,4230386
yadE_predicted,0.1111111111111111,8,8,GACAGATCGGACTACTGCGA,0,4225636
yadE_predicted,0.1111111111111111,8,8,GACAAAGCCTATCGATGGGA,0,4212643
yadE_predicted,0.1111111111111111,8,8,GAATACTACCTTGTATGCGT,0,4223854
yadE_predicted,0.1111111111111111,8,8,GAAGGTATAGAATCTTGTCA,0,4187029
yadE_predicted,0.1111111111111111,8,8,GAAGGGTATAGCCAGTGCAA,0,4188737
yadE_predicted,0.1111111111111111,8,8,GAACGGCATTTTTGGGAGTG,0,4187093
yadE_predicted,0.1111111111111111,8,8,GAACGGCATTAGTAATTCGT,0,4178107
yadE_predicted,0.1111111111111111,8,8,GAACAGCTAGCTCTTAATAA,0,4223723
yadE_predicted,0.1111111111111111,8,8,GAAATTTATTTTCGTGACAG,0,4211009
yadE_predicted,0.1111111111111111,8,8,GAAATTCTGGTGACACATGG,0,4201770
yadE_predicted,0.1111111111111111,8,8,GAAATAGGATGACGTAAGAC,0,4198003
yadE_predicted,0.1111111111111111,8,8,GAAACGTGCGCCAGCTAGAT,0,4235567
yadE_predicted,0.1111111111111111,8,8,GAAACAGCCTCGTGGGGTGT,0,4169356
yadE_predicted,0.1111111111111111,8,8,CTTTTTACCATTGCCGACTT,0,4187633
yadE_predicted,0.1111111111111111,8,8,CTTTTCCTAGAATGCGAAAT,0,4179397
yadE_predicted,0.1111111111111111,8,8,CTTTTACCGCTTGAGCAGCA,0,4175290
yadE_predicted,0.1111111111111111,8,8,CTTTATTAAGTAATTCGGTG,0,4161297
yadE_predicted,0.1111111111111111,8,8,CTTGCGCCCGGATTGTCTCA,0,4176744
yadE_predicted,0.1111111111111111,8,8,CTTGATGAGGGTTCGCGGAA,0,4163696
yadE_predicted,0.1111111111111111,8,8,CTTGATAACGGGCCGGGTAG,0,4177410
yadE_predicted,0.1111111111111111,8,8,CTTCTGGAGGTGAACTCTGA,0,4187860
yadE_predicted,0.1111111111111111,8,8,CTTCTACCAAAGATACGTAG,0,4210519
yadE_predicted,0.1111111111111111,8,8,CTTCGTCTCGCGCGTATACT,0,4199802
yadE_predicted,0.1111111111111111,8,8,CTTCGGATCGTCTGGCTGAT,0,4173933
yadE_predicted,0.1111111111111111,8,8,CTTCGGAGATCGATTGCAAA,0,4234003
yadE_predicted,0.1111111111111111,8,8,CTTCGCGTACGCTTGCAGCT,0,4183584
yadE_predicted,0.1111111111111111,8,8,CTTCGCGCATGACACATTTA,0,4186809
yadE_predicted,0.1111111111111111,8,8,CTTCCAGTCTTGGCTTAATG,0,4227342
yadE_predicted,0.1111111111111111,8,8,CTTATGGCTCAAGAAACTAC,0,4193043
yadE_predicted,0.1111111111111111,8,8,CTTAGTGTCAAGCCAGTGTG,0,4226866
yadE_predicted,0.1111111111111111,8,8,CTTAGGAGCGTCCGTTAAGG,0,4197799
yadE_predicted,0.1111111111111111,8,8,CTTACCCGTAAATGCATGTT,0,4186570
yadE_predicted,0.1111111111111111,8,8,CTTAAAGTTCTTTGAATTTT,0,4212690
yadE_predicted,0.1111111111111111,8,8,CTGTGTCAACACTAGGCCTT,0,4240187
yadE_predicted,0.1111111111111111,8,8,CTGTGCGGGGGGTTTTTGGC,0,4179405
yadE_predicted,0.1111111111111111,8,8,CTGTGCAGTGGATAGGGCGG,0,4177522
yadE_predicted,0.1111111111111111,8,8,CTGTCGAGAGATGGGCCTGA,0,4229078
yadE_predicted,0.1111111111111111,8,8,CTGTACAGGTCTGGTCTATA,0,4160797
yadE_predicted,0.1111111111111111,8,8,CTGGTGTTATGCGCGCATCT,0,4194018
yadE_predicted,0.1111111111111111,8,8,CTGGTCAAGTGCAATGGTAT,0,4166180
yadE_predicted,0.1111111111111111,8,8,CTGGGGTTATTCGAAGCCAC,0,4191503
yadE_predicted,0.1111111111111111,8,8,CTGGAGGAACTCAAAGTGGG,0,4205170
yadE_predicted,0.1111111111111111,8,8,CTGCTTTCCATTCGAGATAT,0,4202237
yadE_predicted,0.1111111111111111,8,8,CTGCGAGTATACTGTCGGAT,0,4198374
yadE_predicted,0.1111111111111111,8,8,CTGCAGTTTTGCACGCGCGG,0,4160883
yadE_predicted,0.1111111111111111,8,8,CTGCACTTGTACTGTCACTT,0,4207451
yadE_predicted,0.1111111111111111,8,8,CTGCACGCTCTTACCCAAGA,0,4163462
yadE_predicted,0.1111111111111111,8,8,CTGATTCCTGTAACTACGGA,0,4217067
yadE_predicted,0.1111111111111111,8,8,CTGATCTCGGTATTCTGAAA,0,4175971
yadE_predicted,0.1111111111111111,8,8,CTGAGTCAGCGTGACGGTGG,0,4215150
yadE_predicted,0.1111111111111111,8,8,CTGAAAGTTATTCAGCACTT,0,4168637
yadE_predicted,0.1111111111111111,8,8,CTCTTGGCTTGAAAGTCAGT,0,4232108
yadE_predicted,0.1111111111111111,8,8,CTCTTCTTAGATAATGATCG,0,4224986
yadE_predicted,0.1111111111111111,8,8,CTCTTAAGACACATTTTTGT,0,4160379
yadE_predicted,0.1111111111111111,8,8,CTCGTTCATCCCACTTCCAG,0,4235602
yadE_predicted,0.1111111111111111,8,8,CTCGGCAATGGGGGATTAAA,0,4164479
yadE_predicted,0.1111111111111111,8,8,CTCGATGGGTTGTAGTGGTA,0,4177341
yadE_predicted,0.1111111111111111,8,8,CTCCCTTTCGCTTGTTAAAG,0,4201151
yadE_predicted,0.1111111111111111,8,8,CTCCCGGGATTACTGTCTGT,0,4205353
yadE_predicted,0.1111111111111111,8,8,CTCAGTTCATTTATTGCGTT,0,4171812
yadE_predicted,0.1111111111111111,8,8,CTCAGAACAAGAGGGAAACG,0,4194002
yadE_predicted,0.1111111111111111,8,8,CTCACATCTATGAAACTCAT,0,4165970
yadE_predicted,0.1111111111111111,8,8,CTATTATTAGAAGTCCAACA,0,4181619
yadE_predicted,0.1111111111111111,8,8,CTATCTTTTACCAGAATCAC,0,4207417
yadE_predicted,0.1111111111111111,8,8,CTATCTCTGACGAGAAAAAT,0,4234801
yadE_predicted,0.1111111111111111,8,8,CTAGGGTATTGTGCCGTCCG,0,4203652
yadE_predicted,0.1111111111111111,8,8,CTAGGATGACCCGGCCTGGC,0,4192099
yadE_predicted,0.1111111111111111,8,8,CTACGTGTGCAGTTATCCAA,0,4236733
yadE_predicted,0.1111111111111111,8,8,CTACGTAAATAACGACTAAT,0,4212370
yadE_predicted,0.1111111111111111,8,8,CTACGGGAGCTCACTAAGTC,0,4165693
yadE_predicted,0.1111111111111111,8,8,CTACCCTCACGTCTTGAGCC,0,4203721
yadE_predicted,0.1111111111111111,8,8,CTACCACAAGTTGATCCGGG,0,4189002
yadE_predicted,0.1111111111111111,8,8,CTAATTTGTTTCCTGGTCTA,0,4212926
yadE_predicted,0.1111111111111111,8,8,CTAAGACCGCTATGAAGAAT,0,4227696
yadE_predicted,0.1111111111111111,8,8,CTAAATGGCCAGCGTCTCAA,0,4202757
yadE_predicted,0.1111111111111111,8,8,CGTTGTTCCTCACTTGGACA,0,4196434
yadE_predicted,0.1111111111111111,8,8,CGTTGGCGTTTTTCCCCAGT,0,4201384
yadE_predicted,0.1111111111111111,8,8,CGTTGCCCAAGATTTCTTTT,0,4159562
yadE_predicted,0.1111111111111111,8,8,CGTTGCATGATGAAAAGCCT,0,4180299
yadE_predicted,0.1111111111111111,8,8,CGTTAGCCAAAGGACTGGGT,0,4217423
yadE_predicted,0.1111111111111111,8,8,CGTTACACGGTTCATGTAGT,0,4166265
yadE_predicted,0.1111111111111111,8,8,CGTGATGGTGGCCAATGGAC,0,4226648
yadE_predicted,0.1111111111111111,8,8,CGTGAACTTGGTTCTGACAA,0,4220779
yadE_predicted,0.1111111111111111,8,8,CGTCTATCTCCGACTAACTC,0,4173428
yadE_predicted,0.1111111111111111,8,8,CGTCTAGCTGCATGGGTCGG,0,4227700
yadE_predicted,0.1111111111111111,8,8,CGTCGCCACACTGTGCACAG,0,4208847
yadE_predicted,0.1111111111111111,8,8,CGTCGATTATGATTTTTGTT,0,4172412
yadE_predicted,0.1111111111111111,8,8,CGTCCTACGAGCTCTGTATA,0,4166008
yadE_predicted,0.1111111111111111,8,8,CGTCATTGGTAACACGGTGT,0,4173121
yadE_predicted,0.1111111111111111,8,8,CGTCAATGCCTGGCCCACGT,0,4194167
yadE_predicted,0.1111111111111111,8,8,CGTATGGTGCAGCCAAATAA,0,4232117
yadE_predicted,0.1111111111111111,8,8,CGTAGGACAATTGTGAGGGA,0,4188321
yadE_predicted,0.1111111111111111,8,8,CGTAGCTAGAACTAGACTTA,0,4208878
yadE_predicted,0.1111111111111111,8,8,CGTAGCATGGACCGGACAGG,0,4175868
yadE_predicted,0.1111111111111111,8,8,CGTACGTATCCGTCGTCTCC,0,4215888
yadE_predicted,0.1111111111111111,8,8,CGTAATTCGATTGCGAACAA,0,4194557
yadE_predicted,0.1111111111111111,8,8,CGTAATGGTATACGATATCA,0,4196958
yadE_predicted,0.1111111111111111,8,8,CGGTTATGATCCCCGTAGTG,0,4231788
yadE_predicted,0.1111111111111111,8,8,CGGTGTAGTCTGTCACTCGT,0,4181184
yadE_predicted,0.1111111111111111,8,8,CGGTGAGTGTGGCATCTATC,0,4226960
yadE_predicted,0.1111111111111111,8,8,CGGTCAACACAGGTGGAATG,0,4227160
yadE_predicted,0.1111111111111111,8,8,CGGGTTTCCGTCCGGAGTAA,0,4167309
yadE_predicted,0.1111111111111111,8,8,CGGGGTCTCCTGGACATTAT,0,4239155
yadE_predicted,0.1111111111111111,8,8,CGGGCTTTTTTGTAGAATTA,0,4166907
yadE_predicted,0.1111111111111111,8,8,CGGGCTTTTGAAACCTTTGT,0,4181295
yadE_predicted,0.1111111111111111,8,8,CGGGCTGCATAGAAACCTGT,0,4192406
yadE_predicted,0.1111111111111111,8,8,CGGGCTCCCGGGCTGGATGA,0,4202159
yadE_predicted,0.1111111111111111,8,8,CGGGAGAGGCTAACTGCTAC,0,4198942
yadE_predicted,0.1111111111111111,8,8,CGGCTTCGCGCAACCTCGTC,0,4175164
yadE_predicted,0.1111111111111111,8,8,CGGCTCCCCGCAATGGCCCC,0,4172122
yadE_predicted,0.1111111111111111,8,8,CGGCGCCTCTACTCAATATG,0,4239436
yadE_predicted,0.1111111111111111,8,8,CGGCGAAGTTGGGACTGGAC,0,4169611
yadE_predicted,0.1111111111111111,8,8,CGGCCTATACGCGTAGGATA,0,4214681
yadE_predicted,0.1111111111111111,8,8,CGGCACTATGGGTGCCCTTG,0,4235846
yadE_predicted,0.1111111111111111,8,8,CGGCACAGCCTTTCCGAACT,0,4162390
yadE_predicted,0.1111111111111111,8,8,CGGAGTTCCAGAGGTTCGTC,0,4160159
yadE_predicted,0.1111111111111111,8,8,CGGAGCCAAAAATCGTCAAT,0,4201164
yadE_predicted,0.1111111111111111,8,8,CGCTTTTCACATGCCTAACT,0,4162037
yadE_predicted,0.1111111111111111,8,8,CGCTTGGCGCATTTATGGTA,0,4162602
yadE_predicted,0.1111111111111111,8,8,CGCTTGCAGCCCTTCATCCG,0,4200060
yadE_predicted,0.1111111111111111,8,8,CGCGTGCTCCCCCCGGAAAG,0,4170600
yadE_predicted,0.1111111111111111,8,8,CGCCTTGGCAGCATCCATGA,0,4176244
yadE_predicted,0.1111111111111111,8,8,CGCCAGTGGCGCGAGATGCA,0,4167061
yadE_predicted,0.1111111111111111,8,8,CGCATAAAGATGGCGGGCTT,0,4227187
yadE_predicted,0.1111111111111111,8,8,CGCAGTTCTAGCCAATAGCA,0,4197007
yadE_predicted,0.1111111111111111,8,8,CGCAGTGGGCAACTCAACTC,0,4194856
yadE_predicted,0.1111111111111111,8,8,CGCAGGCAGTCATAATTTTT,0,4198938
yadE_predicted,0.1111111111111111,8,8,CGCACGGGGCACTTATAGCT,0,4200383
yadE_predicted,0.1111111111111111,8,8,CGCACAAAAAAAATAGGTGA,0,4238741
yadE_predicted,0.1111111111111111,8,8,CGATTTATCCTGACGCGCCC,0,4204093
yadE_predicted,0.1111111111111111,8,8,CGATTAACCCATGTACTTAA,0,4195760
yadE_predicted,0.1111111111111111,8,8,CGATGGGTAACACGGCCCCG,0,4171191
yadE_predicted,0.1111111111111111,8,8,CGATAGAACTTTCATTACAT,0,4184046
yadE_predicted,0.1111111111111111,8,8,CGAGGTGAATGTAGAGGGGA,0,4207653
yadE_predicted,0.1111111111111111,8,8,CGAGGGCGCGACAGTAAATC,0,4222051
yadE_predicted,0.1111111111111111,8,8,CGAGAAAGTCGGAAAAGATG,0,4198782
yadE_predicted,0.1111111111111111,8,8,CGACTGCTAGCCACCTACGA,0,4175591
yadE_predicted,0.1111111111111111,8,8,CGACGTGGAGGCTAATGGTC,0,4200909
yadE_predicted,0.1111111111111111,8,8,CGACGCCTAGGTCCAGGTTG,0,4220333
yadE_predicted,0.1111111111111111,8,8,CGACGCCGAAGTAAGAGCGG,0,4241164
yadE_predicted,0.1111111111111111,8,8,CGACGCACTGTCATCAGCTT,0,4197483
yadE_predicted,0.1111111111111111,8,8,CGACCCGACTCACAAATACT,0,4188206
yadE_predicted,0.1111111111111111,8,8,CGACAAATGATCACCGCGTA,0,4225499
yadE_predicted,0.1111111111111111,8,8,CGAATCCGCCAGGCAGCGTG,0,4170332
yadE_predicted,0.1111111111111111,8,8,CCTTTCATTGGTCCGTACAA,0,4213554
yadE_predicted,0.1111111111111111,8,8,CCTTGTGATCTCGTGCTCTC,0,4174396
yadE_predicted,0.1111111111111111,8,8,CCTTGCCCCCATGAAATACT,0,4221681
yadE_predicted,0.1111111111111111,8,8,CCTTACTCCAAAGGTAGCAG,0,4189882
yadE_predicted,0.1111111111111111,8,8,CCTTAACGGCTTGCTCCAAC,0,4216542
yadE_predicted,0.1111111111111111,8,8,CCTGAGGGCATTGGACTACA,0,4232043
yadE_predicted,0.1111111111111111,8,8,CCTCGGAGCACGCGCTTCTA,0,4171187
yadE_predicted,0.1111111111111111,8,8,CCTAGTTCGGTATCGGGTTG,0,4197235
yadE_predicted,0.1111111111111111,8,8,CCTAAGGTTCTGGATGTGTA,0,4239129
yadE_predicted,0.1111111111111111,8,8,CCGTTTAGTAAACACGCCTG,0,4217062
yadE_predicted,0.1111111111111111,8,8,CCGTTGAACCCGCATGAGAA,0,4196320
yadE_predicted,0.1111111111111111,8,8,CCGTGGCCCGCATGCACCAC,0,4195425
yadE_predicted,0.1111111111111111,8,8,CCGTCGGATAGAGTCCAGGC,0,4215885
yadE_predicted,0.1111111111111111,8,8,CCGTCAACGGGTATGCTTAC,0,4186794
yadE_predicted,0.1111111111111111,8,8,CCGTAGGATATTGGAGAGGG,0,4211183
yadE_predicted,0.1111111111111111,8,8,CCGTACAAGTGCTAACGAAC,0,4237252
yadE_predicted,0.1111111111111111,8,8,CCGGGGGAGGACTCATGTTA,0,4216578
yadE_predicted,0.1111111111111111,8,8,CCGGGACGGGCGCTCTGCTT,0,4193356
yadE_predicted,0.1111111111111111,8,8,CCGGGAAAGTCCTATGGACG,0,4190854
yadE_predicted,0.1111111111111111,8,8,CCGGATCCAATCTGCTGGAC,0,4227453
yadE_predicted,0.1111111111111111,8,8,CCGGAATGTGCAAACTACTC,0,4215495
yadE_predicted,0.1111111111111111,8,8,CCGCTGACGCGGGACTCAGA,0,4184063
yadE_predicted,0.1111111111111111,8,8,CCGCCCGCCGCCCCGTATTA,0,4204967
yadE_predicted,0.1111111111111111,8,8,CCGCCACAAGGCCACGCCTC,0,4216549
yadE_predicted,0.1111111111111111,8,8,CCGCATCAACCCTTAGGTGT,0,4178852
yadE_predicted,0.1111111111111111,8,8,CCGAGCCGGTCAGATCGAAC,0,4187316
yadE_predicted,0.1111111111111111,8,8,CCGAAAACTGGGGCAGATCG,0,4237433
yadE_predicted,0.1111111111111111,8,8,CCCTTGCGGCTCATGAAGTG,0,4162081
yadE_predicted,0.1111111111111111,8,8,CCCTGTCCCATGACAAGCGC,0,4225437
yadE_predicted,0.1111111111111111,8,8,CCCTCTCGCAGAGATCGGGG,0,4205756
yadE_predicted,0.1111111111111111,8,8,CCCTAGTTGGTTGAGGCGTT,0,4231327
yadE_predicted,0.1111111111111111,8,8,CCCTAGTACCCGGTGCTGCT,0,4203988
yadE_predicted,0.1111111111111111,8,8,CCCGTTCCCTATGGTGGTTC,0,4160500
yadE_predicted,0.1111111111111111,8,8,CCCGCTTTCCAAGGCGCAGT,0,4195381
yadE_predicted,0.1111111111111111,8,8,CCCGACCCCCATAGGAAACT,0,4204607
yadE_predicted,0.1111111111111111,8,8,CCCCGTATTCCTCCATCAAC,0,4192504
yadE_predicted,0.1111111111111111,8,8,CCCCCGCTGTACGGGATTAA,0,4232353
yadE_predicted,0.1111111111111111,8,8,CCCCCCCGTTCCTTTAGGGC,0,4230440
yadE_predicted,0.1111111111111111,8,8,CCCCAAGCCTAGTCAAACCA,0,4206669
yadE_predicted,0.1111111111111111,8,8,CCCCAACGCATAGAGTACTA,0,4182957
yadE_predicted,0.1111111111111111,8,8,CCCACGATACGCATCTCGAA,0,4212923
yadE_predicted,0.1111111111111111,8,8,CCCAAACGACCGTGCTACCA,0,4225734
yadE_predicted,0.1111111111111111,8,8,CCATTTATCGAAATCCTCAG,0,4165826
yadE_predicted,0.1111111111111111,8,8,CCATGAATTACGAGGGACAG,0,4184625
yadE_predicted,0.1111111111111111,8,8,CCATCTGAACCATACACGGT,0,4181424
yadE_predicted,0.1111111111111111,8,8,CCATAGACGTGCTTCTACGG,0,4161855
yadE_predicted,0.1111111111111111,8,8,CCAGTTTTCTTAGAAGCGCA,0,4189242
yadE_predicted,0.1111111111111111,8,8,CCAGTTAGACGGGGGTTAGG,0,4188147
yadE_predicted,0.1111111111111111,8,8,CCAGTAGATATTCTTGGTCA,0,4176542
yadE_predicted,0.1111111111111111,8,8,CCAGGTCTCAACTACTCTAA,0,4164038
yadE_predicted,0.1111111111111111,8,8,CCAGGAATCCACCAACATGA,0,4163432
yadE_predicted,0.1111111111111111,8,8,CCAGAGTGTGTGGAACACCT,0,4161722
yadE_predicted,0.1111111111111111,8,8,CCAGAACGCGAATACCTGGG,0,4189718
yadE_predicted,0.1111111111111111,8,8,CCACGCTCGGGCATCTGCTT,0,4196583
yadE_predicted,0.1111111111111111,8,8,CCACGCTCGCCTAGTACCCA,0,4176252
yadE_predicted,0.1111111111111111,8,8,CCACCGCGTATAGATTCGAA,0,4200954
yadE_predicted,0.1111111111111111,8,8,CCACCAGATCGTCCCCGTAG,0,4202469
yadE_predicted,0.1111111111111111,8,8,CCACAGACATGGTAGAGCCT,0,4171977
yadE_predicted,0.1111111111111111,8,8,CCACAAATACCCCAGCGGAA,0,4183366
yadE_predicted,0.1111111111111111,8,8,CCACAAACGCTGCCGCAGAC,0,4216965
yadE_predicted,0.1111111111111111,8,8,CCAACGCATGCGGAAGCTAC,0,4184556
yadE_predicted,0.1111111111111111,8,8,CCAACCGGCTCATAGGCGGA,0,4170671
yadE_predicted,0.1111111111111111,8,8,CCAAAGTGCTCTTCGAGAAA,0,4238063
yadE_predicted,0.1111111111111111,8,8,CATTTAACATTTAAGGCTAT,0,4220352
yadE_predicted,0.1111111111111111,8,8,CATTGTTTATGAGCAACTCA,0,4160864
yadE_predicted,0.1111111111111111,8,8,CATTGCCGAACCTCTAGGTT,0,4204931
yadE_predicted,0.1111111111111111,8,8,CATTGCAATGGAACGGTGAA,0,4202766
yadE_predicted,0.1111111111111111,8,8,CATTCCGCGAAAATAGCCCC,0,4209207
yadE_predicted,0.1111111111111111,8,8,CATTACCAATGGCATGTGAC,0,4191203
yadE_predicted,0.1111111111111111,8,8,CATTAACGGAGGTTTATGAA,0,4177250
yadE_predicted,0.1111111111111111,8,8,CATTAAAAACTTACCGTCAG,0,4176971
yadE_predicted,0.1111111111111111,8,8,CATGTATAAGTCCCGTCGAA,0,4181411
yadE_predicted,0.1111111111111111,8,8,CATGGGTTTTGAGTTTGCTA,0,4238932
yadE_predicted,0.1111111111111111,8,8,CATGGCGGTAATATCGCACT,0,4163003
yadE_predicted,0.1111111111111111,8,8,CATGCAAGCTCACTGCCGTT,0,4210167
yadE_predicted,0.1111111111111111,8,8,CATGAGGGGACTACAGCGAG,0,4189407
yadE_predicted,0.1111111111111111,8,8,CATCTTCCCTGCACGTGGGT,0,4235084
yadE_predicted,0.1111111111111111,8,8,CATCTAAGGGGTCCATTTAA,0,4188658
yadE_predicted,0.1111111111111111,8,8,CATCCATACCCGTGTACGCT,0,4170941
yadE_predicted,0.1111111111111111,8,8,CATCAGGTAGAGAATTGGCT,0,4191497
yadE_predicted,0.1111111111111111,8,8,CATCAACGTACGCTTCATTC,0,4223292
yadE_predicted,0.1111111111111111,8,8,CATACTGTAGTACATCAAGT,0,4227729
yadE_predicted,0.1111111111111111,8,8,CATAACCAAGCGTGAGATAT,0,4198482
yadE_predicted,0.1111111111111111,8,8,CAGTGTGCTAATCAGTCATA,0,4161662
yadE_predicted,0.1111111111111111,8,8,CAGTGTGAATCCCCCTATAC,0,4235777
yadE_predicted,0.1111111111111111,8,8,CAGTGATTGGCCGTCTGTGT,0,4181460
yadE_predicted,0.1111111111111111,8,8,CAGTCTCCGTAGCGGAGTGT,0,4182627
yadE_predicted,0.1111111111111111,8,8,CAGTCATTGAGACGTGAACG,0,4187774
yadE_predicted,0.1111111111111111,8,8,CAGTATATATACGTCATGAT,0,4216363
yadE_predicted,0.1111111111111111,8,8,CAGTAATTTTCACTAATTGA,0,4171998
yadE_predicted,0.1111111111111111,8,8,CAGTAAAGGATAGGTTTCCC,0,4208585
yadE_predicted,0.1111111111111111,8,8,CAGGTAGGCGCTTACTGGGT,0,4175986
yadE_predicted,0.1111111111111111,8,8,CAGGCTCTGGGCTCTGATCA,0,4213437
yadE_predicted,0.1111111111111111,8,8,CAGGCTCGCGTAGTGGTTCC,0,4159389
yadE_predicted,0.1111111111111111,8,8,CAGGACTTCATACTGCTGAG,0,4199125
yadE_predicted,0.1111111111111111,8,8,CAGCTGCAACCAAGTTTGCA,0,4214041
yadE_predicted,0.1111111111111111,8,8,CAGCGAGGCACGCCACTCCC,0,4207397
yadE_predicted,0.1111111111111111,8,8,CAGCAAGGTGAGTGAAGCTT,0,4217935
yadE_predicted,0.1111111111111111,8,8,CAGATATCCCTGCTCCAGGC,0,4186267
yadE_predicted,0.1111111111111111,8,8,CAGACGCTCGCTTAGACCTC,0,4197867
yadE_predicted,0.1111111111111111,8,8,CAGACCGGCCAGGGGGTCTC,0,4194904
yadE_predicted,0.1111111111111111,8,8,CAGACCGAACTAAACACCTT,0,4232420
yadE_predicted,0.1111111111111111,8,8,CAGAACGTCCTGACGAGGAT,0,4221657
yadE_predicted,0.1111111111111111,8,8,CAGAAAAATTGATTATTCAT,0,4203712
yadE_predicted,0.1111111111111111,8,8,CACTTCTTAAAAAATCGTGT,0,4222265
yadE_predicted,0.1111111111111111,8,8,CACTTATCTATCAGTTGCAA,0,4225866
yadE_predicted,0.1111111111111111,8,8,CACTTAGTACAGCTTAAACA,0,4162405
yadE_predicted,0.1111111111111111,8,8,CACTCTGCAAAGGCTTCAGA,0,4215102
yadE_predicted,0.1111111111111111,8,8,CACTACATTGAATCTATTAA,0,4200761
yadE_predicted,0.1111111111111111,8,8,CACTAAGGCAAGCTAGTCAC,0,4171838
yadE_predicted,0.1111111111111111,8,8,CACGTGTGCGGCTCCATGGT,0,4226658
yadE_predicted,0.1111111111111111,8,8,CACGGCATTGAGGGAACCCA,0,4173830
yadE_predicted,0.1111111111111111,8,8,CACGCCACATTATGGAGTAG,0,4187090
yadE_predicted,0.1111111111111111,8,8,CACGCAGGCATTAGCCGAAG,0,4215714
yadE_predicted,0.1111111111111111,8,8,CACGAGTCATGGGCTGTACA,0,4197672
yadE_predicted,0.1111111111111111,8,8,CACCTGCCCCCTGAGCTCTA,0,4218137
yadE_predicted,0.1111111111111111,8,8,CACCGTATTATTGATCCCAT,0,4179598
yadE_predicted,0.1111111111111111,8,8,CACCACACTCAGTTGGAGTA,0,4174896
yadE_predicted,0.1111111111111111,8,8,CACAGAGTAAATTGGCGGCT,0,4184946
yadE_predicted,0.1111111111111111,8,8,CAATTGAAGACTGGTATTGA,0,4217279
yadE_predicted,0.1111111111111111,8,8,CAATTCTGTTGAGTGCTGAA,0,4197641
yadE_predicted,0.1111111111111111,8,8,CAATTAACGCTTAAAGACAT,0,4218428
yadE_predicted,0.1111111111111111,8,8,CAATAGTAACCCAGCAGTTC,0,4212426
yadE_predicted,0.1111111111111111,8,8,CAATAACAAGATGCACGTAA,0,4181104
yadE_predicted,0.1111111111111111,8,8,CAATAAATATAGGGCTATGC,0,4165106
yadE_predicted,0.1111111111111111,8,8,CAATAAAAACGGTACACGCC,0,4175521
yadE_predicted,0.1111111111111111,8,8,CAAGGCTCGCAATTCGTCAG,0,4179944
yadE_predicted,0.1111111111111111,8,8,CAAGCATTAGGACCGATATG,0,4229357
yadE_predicted,0.1111111111111111,8,8,CAAGAGTAGGTCATGTAAGC,0,4232015
yadE_predicted,0.1111111111111111,8,8,CAACGCGCGTTCTAAAAGGA,0,4233703
yadE_predicted,0.1111111111111111,8,8,CAACATACGACTGACTATTG,0,4176981
yadE_predicted,0.1111111111111111,8,8,CAAACGCGCTATTCGCAGAA,0,4184561
yadE_predicted,0.1111111111111111,8,8,CAAACCCGAACCTCGGATAG,0,4189857
yadE_predicted,0.1111111111111111,8,8,ATTTTAGTCGAGAGAGATAT,0,4215628
yadE_predicted,0.1111111111111111,8,8,ATTTGTCGAGACTGTTGGAA,0,4172473
yadE_predicted,0.1111111111111111,8,8,ATTTGCCGGAGTCGGGGTTA,0,4203450
yadE_predicted,0.1111111111111111,8,8,ATTTCGTGCCGTTCGGGAGT,0,4171549
yadE_predicted,0.1111111111111111,8,8,ATTTCCATATCATGCATCTT,0,4217477
yadE_predicted,0.1111111111111111,8,8,ATTGTCCTAGCCGGGTAAAA,0,4167301
yadE_predicted,0.1111111111111111,8,8,ATTGTACAAGAGTGCGGGAG,0,4199886
yadE_predicted,0.1111111111111111,8,8,ATTGGATCGAAGGTATCTAA,0,4214916
yadE_predicted,0.1111111111111111,8,8,ATTGCGACCAGTCCCTGCGC,0,4194365
yadE_predicted,0.1111111111111111,8,8,ATTCCGTTGTACGGGTGTTA,0,4175665
yadE_predicted,0.1111111111111111,8,8,ATTCAGGCTCTGTACTCTTA,0,4194592
yadE_predicted,0.1111111111111111,8,8,ATTATTCGGCAAGTCTGGAA,0,4207492
yadE_predicted,0.1111111111111111,8,8,ATTAGTTCGGGTCACAAAGA,0,4197374
yadE_predicted,0.1111111111111111,8,8,ATTAGACTACCATTTTCCAT,0,4223049
yadE_predicted,0.1111111111111111,8,8,ATTACAACTCAGGTTCCTTC,0,4196437
yadE_predicted,0.1111111111111111,8,8,ATTAAGTCAAGCAGGTCTCG,0,4182118
yadE_predicted,0.1111111111111111,8,8,ATGTGGGTCGCGATGCCAAT,0,4204658
yadE_predicted,0.1111111111111111,8,8,ATGTGGCCCTTCATCACCAA,0,4190730
yadE_predicted,0.1111111111111111,8,8,ATGTGAATATAAAGTCGGCA,0,4205430
yadE_predicted,0.1111111111111111,8,8,ATGTAGGAAACGATCCTTAT,0,4196694
yadE_predicted,0.1111111111111111,8,8,ATGGTGAAACAAATCGTCGC,0,4192971
yadE_predicted,0.1111111111111111,8,8,ATGGGGGCGGTAGAAGTATT,0,4221996
yadE_predicted,0.1111111111111111,8,8,ATGGGCCGGATAAGACAGCC,0,4203268
yadE_predicted,0.1111111111111111,8,8,ATGGAAACTCCCATGGTCTT,0,4229457
yadE_predicted,0.1111111111111111,8,8,ATGCTAAGGTTTGCCGTCAT,0,4228315
yadE_predicted,0.1111111111111111,8,8,ATGCGTTCTAGCGTGACCTT,0,4160200
yadE_predicted,0.1111111111111111,8,8,ATGCAGTCGCGCCTTGGGGA,0,4178743
yadE_predicted,0.1111111111111111,8,8,ATGCACAAAGAGGGGGGGAG,0,4161191
yadE_predicted,0.1111111111111111,8,8,ATGATCGTGCAAGTGGTACA,0,4220036
yadE_predicted,0.1111111111111111,8,8,ATGACGCCTCTTCTACGCGG,0,4224400
yadE_predicted,0.1111111111111111,8,8,ATCTTCGCGGGATTGATCCA,0,4184011
yadE_predicted,0.1111111111111111,8,8,ATCTTATACCACATTAGTTT,0,4189184
yadE_predicted,0.1111111111111111,8,8,ATCTGCGGCTGGGTTATCGT,0,4161978
yadE_predicted,0.1111111111111111,8,8,ATCTCCATACTTTTTGATTT,0,4192537
yadE_predicted,0.1111111111111111,8,8,ATCTAACTGGCGCGTCCCAT,0,4230957
yadE_predicted,0.1111111111111111,8,8,ATCGTAGCGCCGTTGTGCCC,0,4228247
yadE_predicted,0.1111111111111111,8,8,ATCGGCACGACGGCTTTCTG,0,4184998
yadE_predicted,0.1111111111111111,8,8,ATCGCAGTGTCCTATAAGGG,0,4161565
yadE_predicted,0.1111111111111111,8,8,ATCGAGGACGGGGCCTCGGC,0,4191722
yadE_predicted,0.1111111111111111,8,8,ATCGACCGGTGGGTTATCAA,0,4196015
yadE_predicted,0.1111111111111111,8,8,ATCGAAATGCCACAACTACT,0,4169064
yadE_predicted,0.1111111111111111,8,8,ATCCTACCACTACAACCGAT,0,4211064
yadE_predicted,0.1111111111111111,8,8,ATCCGCTAATTAGCTACGAT,0,4232317
yadE_predicted,0.1111111111111111,8,8,ATCCGCGCCACATAGCCGCA,0,4210188
yadE_predicted,0.1111111111111111,8,8,ATCCAGGGCGTGCCAGCGTA,0,4188087
yadE_predicted,0.1111111111111111,8,8,ATCAGTGACAACTGTATGCG,0,4179055
yadE_predicted,0.1111111111111111,8,8,ATCACGAACTCATTACCTAC,0,4191507
yadE_predicted,0.1111111111111111,8,8,ATCAAGCTATCAACGTAGCG,0,4196104
yadE_predicted,0.1111111111111111,8,8,ATATGCTATATACGTTATTC,0,4171968
yadE_predicted,0.1111111111111111,8,8,ATATGAGTAATCCATGTCCA,0,4227030
yadE_predicted,0.1111111111111111,8,8,ATATAGGGCCTGTCCAGAAG,0,4197225
yadE_predicted,0.1111111111111111,8,8,ATATAACAAACGGTTTTTAA,0,4187760
yadE_predicted,0.1111111111111111,8,8,ATAGTTAAGGAGTTGATAGA,0,4190628
yadE_predicted,0.1111111111111111,8,8,ATAGTCAGTGGGCTGACCAT,0,4190167
yadE_predicted,0.1111111111111111,8,8,ATAGTAAGGGCCTGTTGTCT,0,4236257
yadE_predicted,0.1111111111111111,8,8,ATAGTAAGCCACAGTTCTGT,0,4164660
yadE_predicted,0.1111111111111111,8,8,ATAGGGTTATGGATACAATG,0,4208794
yadE_predicted,0.1111111111111111,8,8,ATAGGATGACATTGACGTGT,0,4213743
yadE_predicted,0.1111111111111111,8,8,ATAGCAGCGGGCAGTTTAGC,0,4209370
yadE_predicted,0.1111111111111111,8,8,ATAATACATTTAAAGGAAGA,0,4227547
yadE_predicted,0.1111111111111111,8,8,ATAAGACGCTACGAGTCGCG,0,4215200
yadE_predicted,0.1111111111111111,8,8,ATAACGTCGTATTGATGGTA,0,4205084
yadE_predicted,0.1111111111111111,8,8,ATAACGCTCCTAGCCCGTCG,0,4166700
yadE_predicted,0.1111111111111111,8,8,ATAAATTTGGTCGGAGGATA,0,4236316
yadE_predicted,0.1111111111111111,8,8,AGTTTACTATCCTCTGGTTA,0,4219956
yadE_predicted,0.1111111111111111,8,8,AGTTGTCAGACGCCCGACGT,0,4225192
yadE_predicted,0.1111111111111111,8,8,AGTTGGGTGTCCTGGACAAT,0,4193375
yadE_predicted,0.1111111111111111,8,8,AGTTGCAGCGGCCGTTTTGA,0,4179828
yadE_predicted,0.1111111111111111,8,8,AGTTCCAAACCATGGTAGCA,0,4227804
yadE_predicted,0.1111111111111111,8,8,AGTTACTTATTAATTTCCTG,0,4214613
yadE_predicted,0.1111111111111111,8,8,AGTGTGCATCAATCTAAGTC,0,4190983
yadE_predicted,0.1111111111111111,8,8,AGTGTCGCCCATCAGAGTGC,0,4204903
yadE_predicted,0.1111111111111111,8,8,AGTGTACGATTTGCTTGATG,0,4183950
yadE_predicted,0.1111111111111111,8,8,AGTGGGCGTCTTATTGGTAT,0,4203715
yadE_predicted,0.1111111111111111,8,8,AGTGGACGATCAGGGGGGTT,0,4164999
yadE_predicted,0.1111111111111111,8,8,AGTGCCCTGGGTCCACCATT,0,4235603
yadE_predicted,0.1111111111111111,8,8,AGTGACTCGGCTAGAATGGA,0,4228705
yadE_predicted,0.1111111111111111,8,8,AGTGAATGCCTATTATCATA,0,4207364
yadE_predicted,0.1111111111111111,8,8,AGTGAAATAACAAGAATTAT,0,4218216
yadE_predicted,0.1111111111111111,8,8,AGTCTGGCTAGCAGAGCCCC,0,4238903
yadE_predicted,0.1111111111111111,8,8,AGTCGTTACACTCCCGTCGC,0,4162865
yadE_predicted,0.1111111111111111,8,8,AGTCGAAGGGAGTGGGCATT,0,4207665
yadE_predicted,0.1111111111111111,8,8,AGTCCTTGGCCTCTGCATAC,0,4169075
yadE_predicted,0.1111111111111111,8,8,AGTCATAATGTAGCAGTCTT,0,4228473
yadE_predicted,0.1111111111111111,8,8,AGTATTCGTTCACACTTCGG,0,4167116
yadE_predicted,0.1111111111111111,8,8,AGTATAGCGAGAGCCATGCC,0,4236213
yadE_predicted,0.1111111111111111,8,8,AGTAGTGTACGGCCGATTCA,0,4195832
yadE_predicted,0.1111111111111111,8,8,AGTAGGATGGGCCAAATGAG,0,4173582
yadE_predicted,0.1111111111111111,8,8,AGTAGATAGATATTCATCTT,0,4183849
yadE_predicted,0.1111111111111111,8,8,AGTAGAAATCAAGGTGAAAG,0,4232605
yadE_predicted,0.1111111111111111,8,8,AGTACGAGTCGGCCATGACC,0,4199533
yadE_predicted,0.1111111111111111,8,8,AGGTGGTATCTTAAAGATTC,0,4239532
yadE_predicted,0.1111111111111111,8,8,AGGTGGCGGGTAACCTTGTA,0,4231397
yadE_predicted,0.1111111111111111,8,8,AGGTCTCCAAGTCGATGAGA,0,4201113
yadE_predicted,0.1111111111111111,8,8,AGGTCCGTTTGTCAGGGCGT,0,4233220
yadE_predicted,0.1111111111111111,8,8,AGGTAGAGTATCGGTATACT,0,4177197
yadE_predicted,0.1111111111111111,8,8,AGGTAAGTCGGGTAGCAACA,0,4210146
yadE_predicted,0.1111111111111111,8,8,AGGGTCCCATACTCCGGTCT,0,4166967
yadE_predicted,0.1111111111111111,8,8,AGGGTAAGGTATTGTATTAT,0,4189606
yadE_predicted,0.1111111111111111,8,8,AGGGGTAATCTGGTGAATGA,0,4175659
yadE_predicted,0.1111111111111111,8,8,AGGGGGGGGATCTTCGCACT,0,4164418
yadE_predicted,0.1111111111111111,8,8,AGGGGCCACCTAGAGGGTAA,0,4237971
yadE_predicted,0.1111111111111111,8,8,AGGGGCAACGAGTAAACGGT,0,4203082
yadE_predicted,0.1111111111111111,8,8,AGGCTTTTAATTCTGGTTCC,0,4179530
yadE_predicted,0.1111111111111111,8,8,AGGCTTAGGCCCTTAAATTA,0,4184065
yadE_predicted,0.1111111111111111,8,8,AGGCTGTTAGTCTAGTGTAT,0,4237288
yadE_predicted,0.1111111111111111,8,8,AGGCTAAGTGGAGGGTCGAA,0,4184932
yadE_predicted,0.1111111111111111,8,8,AGGCGGTTATAAAACCGTGG,0,4188325
yadE_predicted,0.1111111111111111,8,8,AGGCCTGAATAAGGGTCTGC,0,4198301
yadE_predicted,0.1111111111111111,8,8,AGGCAGTCTTTTAGATAGCG,0,4239260
yadE_predicted,0.1111111111111111,8,8,AGGAGGGGTTCAGGGAGGAC,0,4223360
yadE_predicted,0.1111111111111111,8,8,AGGAGATCTGGAGGGTCCAG,0,4226416
yadE_predicted,0.1111111111111111,8,8,AGGAGAGTCATCGCACTCGA,0,4186138
yadE_predicted,0.1111111111111111,8,8,AGCTATGTCGCGCCAGGGGG,0,4218826
yadE_predicted,0.1111111111111111,8,8,AGCTAAGCCACCGGATCAGT,0,4204638
yadE_predicted,0.1111111111111111,8,8,AGCGTACAGACGGGAATATT,0,4210180
yadE_predicted,0.1111111111111111,8,8,AGCGCAGCAGACAGTAGCGT,0,4234443
yadE_predicted,0.1111111111111111,8,8,AGCGATGTGAGCATAGGTTC,0,4217924
yadE_predicted,0.1111111111111111,8,8,AGCGAAGTCCGTAGCTTACA,0,4217701
yadE_predicted,0.1111111111111111,8,8,AGCCTCAGGTCAAGTTAGCA,0,4187691
yadE_predicted,0.1111111111111111,8,8,AGCCATGCACCAGTGGTGTC,0,4201516
yadE_predicted,0.1111111111111111,8,8,AGCATTGCCGACCGTCACAA,0,4227060
yadE_predicted,0.1111111111111111,8,8,AGCATTCCCCGTGGAGACGT,0,4170185
yadE_predicted,0.1111111111111111,8,8,AGCATCGCAGTGCAAAGTCG,0,4220162
yadE_predicted,0.1111111111111111,8,8,AGCAGACAGGCCCGCTAAAC,0,4166806
yadE_predicted,0.1111111111111111,8,8,AGATGTTGGGTGAACCTCGT,0,4215644
yadE_predicted,0.1111111111111111,8,8,AGATGGTAATTCAGAAAATG,0,4213775
yadE_predicted,0.1111111111111111,8,8,AGAGTCAGACCTTTTTGTTA,0,4204089
yadE_predicted,0.1111111111111111,8,8,AGAGATAGCTTCGCTCTCAC,0,4177049
yadE_predicted,0.1111111111111111,8,8,AGACAGAGACACACGCGGGT,0,4239566
yadE_predicted,0.1111111111111111,8,8,AGACAGAAGTAATGGCGGCA,0,4165453
yadE_predicted,0.1111111111111111,8,8,AGACACGAACGAACGTCAGT,0,4239107
yadE_predicted,0.1111111111111111,8,8,AGAATACGGTCATTAGTCCC,0,4195530
yadE_predicted,0.1111111111111111,8,8,AGAACAATGATAACAGGTAG,0,4201449
yadE_predicted,0.1111111111111111,8,8,AGAAAGCCGCCCCCGTCTCC,0,4218327
yadE_predicted,0.1111111111111111,8,8,AGAAAGATGTGGCTCGACAA,0,4188205
yadE_predicted,0.1111111111111111,8,8,ACTTTGGGTCTACTGGATAG,0,4195124
yadE_predicted,0.1111111111111111,8,8,ACTTTGCAATCAGGTGCGGC,0,4177076
yadE_predicted,0.1111111111111111,8,8,ACTTTAACCGCATTTCATGC,0,4224671
yadE_predicted,0.1111111111111111,8,8,ACTTCCTAGCGATTTTTGTA,0,4235916
yadE_predicted,0.1111111111111111,8,8,ACTTACTTAGGCACCTTTAG,0,4162868
yadE_predicted,0.1111111111111111,8,8,ACTTAATTAAGGTATCCTTA,0,4188697
yadE_predicted,0.1111111111111111,8,8,ACTTAATCTTGCGTACTAAT,0,4173226
yadE_predicted,0.1111111111111111,8,8,ACTGTCTACTTGCTGAGTTA,0,4203052
yadE_predicted,0.1111111111111111,8,8,ACTGGTTCTTCAATAACTCC,0,4230288
yadE_predicted,0.1111111111111111,8,8,ACTGCCGACGGTGTACCAAA,0,4172755
yadE_predicted,0.1111111111111111,8,8,ACTGATTCTGGCCTTGAATG,0,4199931
yadE_predicted,0.1111111111111111,8,8,ACTCTCCCGAGACACAAAGG,0,4192759
yadE_predicted,0.1111111111111111,8,8,ACTCTCCCAAGTGGGACTCG,0,4201278
yadE_predicted,0.1111111111111111,8,8,ACTCTATTACGGTACACCTT,0,4160600
yadE_predicted,0.1111111111111111,8,8,ACTATTTTGACCAGGGGTGT,0,4231976
yadE_predicted,0.1111111111111111,8,8,ACTATGACTTATCGGCACCA,0,4228478
yadE_predicted,0.1111111111111111,8,8,ACTAGCATGGGTAGCAGCTT,0,4204023
yadE_predicted,0.1111111111111111,8,8,ACTACAAACGAATCCGAAAG,0,4219514
yadE_predicted,0.1111111111111111,8,8,ACTAAAGGCGTCAGCACCCA,0,4163333
yadE_predicted,0.1111111111111111,8,8,ACGTGCACAATAGTGTGCCC,0,4195100
yadE_predicted,0.1111111111111111,8,8,ACGTGATCCAGCCTCATACA,0,4202853
yadE_predicted,0.1111111111111111,8,8,ACGTCACAAGTCTTATGACC,0,4210335
yadE_predicted,0.1111111111111111,8,8,ACGTAGGGGGTTTCCCGCGC,0,4187445
yadE_predicted,0.1111111111111111,8,8,ACGTACGTCTGGGACGCAGG,0,4221798
yadE_predicted,0.1111111111111111,8,8,ACGGTTCGCTCAGGTGTAAG,0,4180412
yadE_predicted,0.1111111111111111,8,8,ACGCATGCCGCCAGCGCTGC,0,4197845
yadE_predicted,0.1111111111111111,8,8,ACGCAGGTACATTTCGCTTT,0,4176073
yadE_predicted,0.1111111111111111,8,8,ACGCACATTTATTTGGTTGA,0,4236110
yadE_predicted,0.1111111111111111,8,8,ACGAGCACAATTTTCTATGA,0,4197252
yadE_predicted,0.1111111111111111,8,8,ACGAAGGATTTGCAGGACTA,0,4228420
yadE_predicted,0.1111111111111111,8,8,ACCTGTCCTAAAGGTGTGTT,0,4188671
yadE_predicted,0.1111111111111111,8,8,ACCTAGTCAAATTATTCACA,0,4172479
yadE_predicted,0.1111111111111111,8,8,ACCTAAGGAGGTCAATGGCC,0,4233574
yadE_predicted,0.1111111111111111,8,8,ACCGTGGTTATCACTCAGCC,0,4221455
yadE_predicted,0.1111111111111111,8,8,ACCGGACCGTAGGGAATCGC,0,4188415
yadE_predicted,0.1111111111111111,8,8,ACCCTGTAAGAAGAGCAGTC,0,4183078
yadE_predicted,0.1111111111111111,8,8,ACCCGGGGTGAAGCATCTGA,0,4163730
yadE_predicted,0.1111111111111111,8,8,ACCCGCGAGGGTGCTAATTA,0,4211372
yadE_predicted,0.1111111111111111,8,8,ACCAGTGCGGTGCGACGCCC,0,4208800
yadE_predicted,0.1111111111111111,8,8,ACCACGGAAAAAGCACTGGA,0,4201952
yadE_predicted,0.1111111111111111,8,8,ACCAATCGAGCGTAGATCTC,0,4173117
yadE_predicted,0.1111111111111111,8,8,ACCAACTCGGGGTCAGTAAA,0,4230312
yadE_predicted,0.1111111111111111,8,8,ACATGTGCGAAATGGCAGCG,0,4163585
yadE_predicted,0.1111111111111111,8,8,ACATGTGAAGGCCACTTGTG,0,4202151
yadE_predicted,0.1111111111111111,8,8,ACATGGCGCCTAGGGAATGA,0,4197876
yadE_predicted,0.1111111111111111,8,8,ACATACGGGAGAACCAAAGT,0,4220055
yadE_predicted,0.1111111111111111,8,8,ACAGGTACGGATTGAGTGAC,0,4211630
yadE_predicted,0.1111111111111111,8,8,ACAGCGATGTTATATACTTA,0,4206811
yadE_predicted,0.1111111111111111,8,8,ACACAGTGCGGGAACATTTG,0,4231769
yadE_predicted,0.1111111111111111,8,8,ACAATGCCATTAACTCGAAG,0,4183938
yadE_predicted,0.1111111111111111,8,8,ACAATAGCAGTAAGCCCATA,0,4190709
yadE_predicted,0.1111111111111111,8,8,ACAAGAAAGGTCTTACTGCA,0,4161281
yadE_predicted,0.1111111111111111,8,8,ACAAATTAGCTTTCGGTTTC,0,4237824
yadE_predicted,0.1111111111111111,8,8,ACAAATCCTCCGTTTAACTC,0,4204058
yadE_predicted,0.1111111111111111,8,8,AATTGTACACCTCCAGTGTG,0,4191334
yadE_predicted,0.1111111111111111,8,8,AATTGGCATGCGTACTATAG,0,4168737
yadE_predicted,0.1111111111111111,8,8,AATTCTTACGCACTGTCAAC,0,4162675
yadE_predicted,0.1111111111111111,8,8,AATTCGGTTGTAGCGACTTA,0,4193516
yadE_predicted,0.1111111111111111,8,8,AATTAGAGAGACCTTTACAA,0,4234707
yadE_predicted,0.1111111111111111,8,8,AATGTTCGTGCCGTATCATA,0,4161249
yadE_predicted,0.1111111111111111,8,8,AATGCCGGGCTGCGACGAGT,0,4236436
yadE_predicted,0.1111111111111111,8,8,AATGAACGTTGCATATGCCA,0,4234488
yadE_predicted,0.1111111111111111,8,8,AATCCGGGGATATGATTCGG,0,4211418
yadE_predicted,0.1111111111111111,8,8,AATCCGAATAACAATTAAGA,0,4178313
yadE_predicted,0.1111111111111111,8,8,AATCCAAGCACGGCCTGTAG,0,4234409
yadE_predicted,0.1111111111111111,8,8,AATAGTAGATACACACTATC,0,4203910
yadE_predicted,0.1111111111111111,8,8,AATACCTTTTCAAATAACTC,0,4179032
yadE_predicted,0.1111111111111111,8,8,AATACATAAGGATTCGCAGA,0,4193966
yadE_predicted,0.1111111111111111,8,8,AAGTTCGTCGATGTATTCAC,0,4164986
yadE_predicted,0.1111111111111111,8,8,AAGTTATACGACGCCGTATT,0,4170553
yadE_predicted,0.1111111111111111,8,8,AAGTCATGTAAGCATCCTGA,0,4182988
yadE_predicted,0.1111111111111111,8,8,AAGGTCCCGCGTGCTTATCT,0,4190187
yadE_predicted,0.1111111111111111,8,8,AAGGTAGGGGCGGCAACGGG,0,4160731
yadE_predicted,0.1111111111111111,8,8,AAGGGGTATATCGCGTGCTA,0,4169085
yadE_predicted,0.1111111111111111,8,8,AAGGGGCAAGGATTCCGAAG,0,4164527
yadE_predicted,0.1111111111111111,8,8,AAGGAGATCCCGTCGGAAGA,0,4219526
yadE_predicted,0.1111111111111111,8,8,AAGGAAACTATACAATTCCT,0,4223142
yadE_predicted,0.1111111111111111,8,8,AAGCGCGAAGTATCCGTTAC,0,4229735
yadE_predicted,0.1111111111111111,8,8,AAGCGCCAAGGCGACGCTGA,0,4222559
yadE_predicted,0.1111111111111111,8,8,AAGCCAACTTATGCATGAGT,0,4186141
yadE_predicted,0.1111111111111111,8,8,AAGCAGGTGGCTGAAACGTT,0,4214724
yadE_predicted,0.1111111111111111,8,8,AAGAACGACTTGTTATCTAC,0,4228700
yadE_predicted,0.1111111111111111,8,8,AAGAAAAACGAATGGGTGAA,0,4229643
yadE_predicted,0.1111111111111111,8,8,AACTTACTTGCATAGATGTA,0,4222321
yadE_predicted,0.1111111111111111,8,8,AACTGTGTCACTAGGTTAGG,0,4206588
yadE_predicted,0.1111111111111111,8,8,AACTCCAGTTCTGCTACACT,0,4233546
yadE_predicted,0.1111111111111111,8,8,AACGGTATAAAATTGGGCAA,0,4234912
yadE_predicted,0.1111111111111111,8,8,AACGGGCTTGTTTTACCGAA,0,4239015
yadE_predicted,0.1111111111111111,8,8,AACGCGCTTCGTTTGCGCAG,0,4220975
yadE_predicted,0.1111111111111111,8,8,AACGCCAGGCGAGAAACGAT,0,4237151
yadE_predicted,0.1111111111111111,8,8,AACGACAGAACTATCGCCCC,0,4218125
yadE_predicted,0.1111111111111111,8,8,AACGAATATTGTATACAGTG,0,4197783
yadE_predicted,0.1111111111111111,8,8,AACCGCGTCAGGCTTCGTTG,0,4177915
yadE_predicted,0.1111111111111111,8,8,AACCACAGCTAGTATATCAG,0,4200948
yadE_predicted,0.1111111111111111,8,8,AACAGTTTTGCCAGGGATCG,0,4163695
yadE_predicted,0.1111111111111111,8,8,AAATTTATGGAACTGATCCG,0,4169909
yadE_predicted,0.1111111111111111,8,8,AAATTGGGTGCGCGGTTGTT,0,4228628
yadE_predicted,0.1111111111111111,8,8,AAATGTCTGATTGTCAATGC,0,4184069
yadE_predicted,0.1111111111111111,8,8,AAATCTCGGTTAACGGAGTA,0,4202596
yadE_predicted,0.1111111111111111,8,8,AAATCTAGTGGCCTCAGTAG,0,4178465
yadE_predicted,0.1111111111111111,8,8,AAAGTGTAGTCGGGGAGCGG,0,4224148
yadE_predicted,0.1111111111111111,8,8,AAAGGGCCGTGATGACCCCC,0,4201631
yadE_predicted,0.1111111111111111,8,8,AAAGGAACTTAAATTTTGGC,0,4236148
yadE_predicted,0.1111111111111111,8,8,AAACCTTCTTGCATTAAACC,0,4180747
yadE_predicted,0.1111111111111111,8,8,AAACATGAGTTCTTAGTGGA,0,4174169
yadE_predicted,0.1111111111111111,8,8,AAAAAAGACGTGGGCTATTG,0,4186545
yadE_predicted,0.125,7,7,TTTTTGAGGTACTACGAACT,0,4181102
yadE_predicted,0.125,7,7,TTTTGTTATGCCCTCCGACT,0,4220916
yadE_predicted,0.125,7,7,TTTTCTCGTAGCCAATAGTG,0,4201579
yadE_predicted,0.125,7,7,TTTTCGGCCGTACGTACATC,0,4185242
yadE_predicted,0.125,7,7,TTTTATATCATAACAGACAG,0,4208021
yadE_predicted,0.125,7,7,TTTGTTGATTCGGAGAGAGG,0,4191168
yadE_predicted,0.125,7,7,TTTGTACTGCGCTTCGCGTA,0,4208446
yadE_predicted,0.125,7,7,TTTCTGCGCTTTTGCCCGGC,0,4213652
yadE_predicted,0.125,7,7,TTTCCTCTGGATAACTCTTG,0,4166339
yadE_predicted,0.125,7,7,TTTCCGTTGAAAAAACCTCC,0,4211311
yadE_predicted,0.125,7,7,TTTCCCTAAATCGGAAAAAC,0,4216096
yadE_predicted,0.125,7,7,TTTCCACGACTTGTCGTCCC,0,4240801
yadE_predicted,0.125,7,7,TTTCAGTTAGTAGAATTTTA,0,4217603
yadE_predicted,0.125,7,7,TTTCACGGGGACGGCCCTAA,0,4202192
yadE_predicted,0.125,7,7,TTTAGGCGGTTGACCTTTAA,0,4222901
yadE_predicted,0.125,7,7,TTTAGGCAGAAGCGAGGTAA,0,4189966
yadE_predicted,0.125,7,7,TTTAGCTCGTTCGAGTCATT,0,4225834
yadE_predicted,0.125,7,7,TTTACTTGAACCTTTTTAAG,0,4208435
yadE_predicted,0.125,7,7,TTTACTGATCGTTTCGCGGA,0,4178238
yadE_predicted,0.125,7,7,TTTAAGTAGGTACGTGCCGA,0,4168415
yadE_predicted,0.125,7,7,TTGTTCCAATGGACTTCCAT,0,4203221
yadE_predicted,0.125,7,7,TTGTGGCTGATCTGCGCCAT,0,4189033
yadE_predicted,0.125,7,7,TTGTCCGGCAGTCGGTAAAC,0,4165977
yadE_predicted,0.125,7,7,TTGTCAAAGCAGTCCACAGA,0,4228410
yadE_predicted,0.125,7,7,TTGTACTCAGCGCCCCCGAC,0,4237042
yadE_predicted,0.125,7,7,TTGTACTACTGTGCAAAAGC,0,4237102
yadE_predicted,0.125,7,7,TTGTACGCAGGTAAAAAGTC,0,4180787
yadE_predicted,0.125,7,7,TTGGTATGTCACCTGTGGTG,0,4181848
yadE_predicted,0.125,7,7,TTGGGCTTATAACCCGGTAG,0,4220295
yadE_predicted,0.125,7,7,TTGGAAAGATAAAGGATTAT,0,4179948
yadE_predicted,0.125,7,7,TTGCGAATTTTTGGTTTACG,0,4198887
yadE_predicted,0.125,7,7,TTGCCAGCTTCGTGGTCATG,0,4212970
yadE_predicted,0.125,7,7,TTGCAATGGCAGGGGTGACT,0,4214181
yadE_predicted,0.125,7,7,TTGAAGTTTACGTGGGCGGG,0,4235990
yadE_predicted,0.125,7,7,TTGAAGGGGCCGGAGACATG,0,4202975
yadE_predicted,0.125,7,7,TTGAACCTACTTGAACTTGG,0,4191916
yadE_predicted,0.125,7,7,TTCTGCAGTCATCCCTGCTC,0,4184281
yadE_predicted,0.125,7,7,TTCTCACTCTCAACCGGGTG,0,4183540
yadE_predicted,0.125,7,7,TTCTATATTGCGGGACAATC,0,4211140
yadE_predicted,0.125,7,7,TTCTACTTCTGGATGGTACG,0,4183713
yadE_predicted,0.125,7,7,TTCGTTGGTCTGTGGGGTGG,0,4208605
yadE_predicted,0.125,7,7,TTCGTCCCATGCATAGTGTC,0,4235304
yadE_predicted,0.125,7,7,TTCGGAATGTTGCAGCAAAT,0,4179868
yadE_predicted,0.125,7,7,TTCGCCGTTGTTGTGAATGT,0,4161832
yadE_predicted,0.125,7,7,TTCGATCTGACGTGCAGAAT,0,4216872
yadE_predicted,0.125,7,7,TTCCTTTGCATAAACCAGAC,0,4223550
yadE_predicted,0.125,7,7,TTCCTAAGTTGGTCATCGCC,0,4202349
yadE_predicted,0.125,7,7,TTCCGTTTTACCAACCGCGA,0,4186644
yadE_predicted,0.125,7,7,TTCCGACACCTAAGGAGCAT,0,4230121
yadE_predicted,0.125,7,7,TTCCATGTACCTAGTAAAAG,0,4180259
yadE_predicted,0.125,7,7,TTCCACTCCTTGGGCTCTTC,0,4192728
yadE_predicted,0.125,7,7,TTCCAACAAAAACTCTGCTC,0,4171637
yadE_predicted,0.125,7,7,TTCATGAGAGCTCCTGGTTG,0,4213375
yadE_predicted,0.125,7,7,TTCATCCTCGGACCGATGGT,0,4170786
yadE_predicted,0.125,7,7,TTCAGTCTCGCGCAAGAGGA,0,4193598
yadE_predicted,0.125,7,7,TTCACAATCCGATCTATCGC,0,4167596
yadE_predicted,0.125,7,7,TTCAAAGCTTCCAATTCAGG,0,4172973
yadE_predicted,0.125,7,7,TTATTGCAAACATTGTAGCA,0,4231294
yadE_predicted,0.125,7,7,TTATGGGTGAGTCCACATAG,0,4159496
yadE_predicted,0.125,7,7,TTATCTTCTTCATCCAAAGA,0,4218373
yadE_predicted,0.125,7,7,TTATCGCGGGACCACGTAGT,0,4164715
yadE_predicted,0.125,7,7,TTATATTGCCATAGTGGGGC,0,4178075
yadE_predicted,0.125,7,7,TTATATACGGGGTGATATAA,0,4202381
yadE_predicted,0.125,7,7,TTAGTTAGCAGCTTTAACAG,0,4180286
yadE_predicted,0.125,7,7,TTAGTGTCAACATGTGGGCA,0,4198544
yadE_predicted,0.125,7,7,TTAGTATCCTCGTTGCACCG,0,4203091
yadE_predicted,0.125,7,7,TTAGTAGACATCGGAACCCT,0,4187183
yadE_predicted,0.125,7,7,TTAGAACGAGTTCGGAGCAG,0,4187815
yadE_predicted,0.125,7,7,TTACATCAGGAAAATATAGT,0,4231434
yadE_predicted,0.125,7,7,TTAATTGGTCTGTATATACG,0,4198121
yadE_predicted,0.125,7,7,TTAACACAAACTTTAATGCT,0,4224313
yadE_predicted,0.125,7,7,TTAAAGGCACTCACCTGGCT,0,4209119
yadE_predicted,0.125,7,7,TGTTTGTCGCGGGTTGCTCA,0,4201504
yadE_predicted,0.125,7,7,TGTTTCGCTAGTCTAACCAC,0,4166867
yadE_predicted,0.125,7,7,TGTTTCAATAGACTGCAGCC,0,4209198
yadE_predicted,0.125,7,7,TGTTTAAAGTGGCCCACCAG,0,4181989
yadE_predicted,0.125,7,7,TGTTCACCCAGTTATATTTT,0,4181337
yadE_predicted,0.125,7,7,TGTGGGACTGATTATGCTGG,0,4197080
yadE_predicted,0.125,7,7,TGTGGCAGGCAATGTCCCTT,0,4165291
yadE_predicted,0.125,7,7,TGTGATCGTTCGTGCGTAAA,0,4218869
yadE_predicted,0.125,7,7,TGTGACGTGGAGAGACGATA,0,4193659
yadE_predicted,0.125,7,7,TGTGACCGCTCTGTACGCGG,0,4203073
yadE_predicted,0.125,7,7,TGTCTTCAGATACACATGGT,0,4195254
yadE_predicted,0.125,7,7,TGTCTACACGGGAGGTATTT,0,4202848
yadE_predicted,0.125,7,7,TGTCCTCACGGCACCTCAAG,0,4193755
yadE_predicted,0.125,7,7,TGTCAGGGGGGGACCACCTA,0,4221777
yadE_predicted,0.125,7,7,TGTCACGGGCCTAAATTTGC,0,4180828
yadE_predicted,0.125,7,7,TGTCAAACACTCAACCAAAT,0,4198875
yadE_predicted,0.125,7,7,TGTATCTAAAAGGTTTTTGC,0,4196751
yadE_predicted,0.125,7,7,TGTATCCGCTATCAATCGCG,0,4226788
yadE_predicted,0.125,7,7,TGTAGTGCCAAAGCTATTTC,0,4187066
yadE_predicted,0.125,7,7,TGTAGACATTCCCTTATGAT,0,4176010
yadE_predicted,0.125,7,7,TGTACCGGTAAAGAGCCCCT,0,4198034
yadE_predicted,0.125,7,7,TGTAACATCCTTCATTAAGA,0,4160234
yadE_predicted,0.125,7,7,TGTAAACGAGCAAGACTATA,0,4223476
yadE_predicted,0.125,7,7,TGTAAACGAAGGCGGGACTT,0,4232578
yadE_predicted,0.125,7,7,TGGTTTAAAGTGATGCGCCA,0,4165854
yadE_predicted,0.125,7,7,TGGTGGTCAGCTCGTTGTGA,0,4163394
yadE_predicted,0.125,7,7,TGGTCGCGAGCCCACGTTTA,0,4173136
yadE_predicted,0.125,7,7,TGGTCAGGACCCCTAACATG,0,4182261
yadE_predicted,0.125,7,7,TGGTATAGCTACAGGGGAGT,0,4195666
yadE_predicted,0.125,7,7,TGGGGTTTACTATCAGATTT,0,4171444
yadE_predicted,0.125,7,7,TGGGGCTTCTAGTATGCTAT,0,4201849
yadE_predicted,0.125,7,7,TGGGGATGGGCATCGTATGT,0,4199017
yadE_predicted,0.125,7,7,TGGGCTTGTTCTACAATACA,0,4176614
yadE_predicted,0.125,7,7,TGGGCACGGCTATGTCGCCT,0,4169054
yadE_predicted,0.125,7,7,TGGGACATATGGGTGCCATA,0,4216782
yadE_predicted,0.125,7,7,TGGGACAGTCGAAATTCCTA,0,4237535
yadE_predicted,0.125,7,7,TGGCTGCAATCCCAGGGATT,0,4172165
yadE_predicted,0.125,7,7,TGGCGTGTTCCTATCAGCCC,0,4168020
yadE_predicted,0.125,7,7,TGGCCTCCGTGCGCAGTACA,0,4201156
yadE_predicted,0.125,7,7,TGGCCAATCTGTAAATTTCT,0,4191998
yadE_predicted,0.125,7,7,TGGAGGATCACCAGGGGTAG,0,4209804
yadE_predicted,0.125,7,7,TGGAATTGCGTCGAGAAGGC,0,4206993
yadE_predicted,0.125,7,7,TGGAAGCTCCAGAAAGGGAT,0,4167108
yadE_predicted,0.125,7,7,TGCTTCTGACCTCGCGTCTA,0,4198181
yadE_predicted,0.125,7,7,TGCTGTACCTGCGTCCACGT,0,4226314
yadE_predicted,0.125,7,7,TGCTGAGGGACCTATAAGCT,0,4166016
yadE_predicted,0.125,7,7,TGCTCGTAAGTTCCAACCCC,0,4166100
yadE_predicted,0.125,7,7,TGCTCGATGGCCGCAGGTTG,0,4224228
yadE_predicted,0.125,7,7,TGCTCCAAAGCGATTCGTCG,0,4189012
yadE_predicted,0.125,7,7,TGCGTTGATGCTAACAGTAA,0,4189353
yadE_predicted,0.125,7,7,TGCGGTGCTGGACTGGCACT,0,4169126
yadE_predicted,0.125,7,7,TGCGGCAGATATCGTTCATC,0,4167294
yadE_predicted,0.125,7,7,TGCGGACATATTAGTGTCCG,0,4183067
yadE_predicted,0.125,7,7,TGCGACGCGTTGTCGAGGTC,0,4223720
yadE_predicted,0.125,7,7,TGCGACAACTAGAAAGAGGA,0,4240745
yadE_predicted,0.125,7,7,TGCCTGGGGGTTGGAGGCCA,0,4224078
yadE_predicted,0.125,7,7,TGCCGGTCCCCCAAGAGCGG,0,4207703
yadE_predicted,0.125,7,7,TGCATTTAATCCGCTTGCTT,0,4182985
yadE_predicted,0.125,7,7,TGCAATATTACCGTCGCGGG,0,4165744
yadE_predicted,0.125,7,7,TGATTTCACGGGTTTCTGGG,0,4231150
yadE_predicted,0.125,7,7,TGATTATTCACGGACGTTCA,0,4185569
yadE_predicted,0.125,7,7,TGATTAGGTTTGCCTGTGAC,0,4174114
yadE_predicted,0.125,7,7,TGATGCATGTATTGGCTTTT,0,4208798
yadE_predicted,0.125,7,7,TGATCGCACAACAATCATGT,0,4214451
yadE_predicted,0.125,7,7,TGATCCCAGGCGGTTCCGAT,0,4167004
yadE_predicted,0.125,7,7,TGATCATTCGCTCGATATCT,0,4179463
yadE_predicted,0.125,7,7,TGAGTTATCATGTTTAGTCG,0,4193857
yadE_predicted,0.125,7,7,TGAGTCCGATTTTTTCGGTG,0,4167065
yadE_predicted,0.125,7,7,TGAGGAGACTAGAAAATACG,0,4183862
yadE_predicted,0.125,7,7,TGAGATCTCGATCCCCGCAT,0,4183367
yadE_predicted,0.125,7,7,TGACTTGTTGAATTTCTAAA,0,4199800
yadE_predicted,0.125,7,7,TGACCTTGACAGGCGATTTA,0,4196691
yadE_predicted,0.125,7,7,TGACCATCAGCGAAGACCCG,0,4169127
yadE_predicted,0.125,7,7,TGAATTGAGCCCGAATAAGG,0,4239363
yadE_predicted,0.125,7,7,TGAATTCGCACCGGTAGATG,0,4228912
yadE_predicted,0.125,7,7,TGAATATTTCCGGCTGCTGC,0,4176656
yadE_predicted,0.125,7,7,TGAACTTCGCAAAATTTCGT,0,4184420
yadE_predicted,0.125,7,7,TGAACATATTATACTATGGG,0,4171102
yadE_predicted,0.125,7,7,TGAACAGCAGTCTGCCGGCA,0,4232126
yadE_predicted,0.125,7,7,TGAAAAGTTACTCCAGAAAT,0,4166574
yadE_predicted,0.125,7,7,TCTTTTTCAGCTGTCGTAAT,0,4160814
yadE_predicted,0.125,7,7,TCTTTGACAATGTCCATACA,0,4233438
yadE_predicted,0.125,7,7,TCTTCCAGATGTTTAGATGT,0,4194665
yadE_predicted,0.125,7,7,TCTTCAAGTTTGGATTTCGA,0,4187877
yadE_predicted,0.125,7,7,TCTTATTCCGTCCATGGACG,0,4220299
yadE_predicted,0.125,7,7,TCTTATCTGGCTCGAACTTA,0,4225234
yadE_predicted,0.125,7,7,TCTTAGTAATTTGTCCAGAC,0,4196912
yadE_predicted,0.125,7,7,TCTTACGTGAGGTCGCCAGT,0,4241144
yadE_predicted,0.125,7,7,TCTGTACGCAAAACCCTCGG,0,4241132
yadE_predicted,0.125,7,7,TCTGGACCCCTGTCTACGGG,0,4197932
yadE_predicted,0.125,7,7,TCTGCCTAAAGCCGCGATGT,0,4195247
yadE_predicted,0.125,7,7,TCTCATAAGGTTAAATCTAC,0,4190604
yadE_predicted,0.125,7,7,TCTATCGTCCAAAACCAGTA,0,4181086
yadE_predicted,0.125,7,7,TCTATATTGCCAGGTGCAAT,0,4217159
yadE_predicted,0.125,7,7,TCTAGGAAAACAAAAAAAAC,0,4217117
yadE_predicted,0.125,7,7,TCTAGCGGAGGGGTGGCGAC,0,4176151
yadE_predicted,0.125,7,7,TCTACGGGATGTCCCTCACG,0,4234459
yadE_predicted,0.125,7,7,TCTACGACTATTCAATTCCG,0,4234072
yadE_predicted,0.125,7,7,TCGTTCGTCTCACCCACGTG,0,4216554
yadE_predicted,0.125,7,7,TCGTTATTTCGGTGCTCCTA,0,4188764
yadE_predicted,0.125,7,7,TCGTGCAAGGACCTACTTAG,0,4189397
yadE_predicted,0.125,7,7,TCGTGAAAATGAGTGATCAT,0,4210213
yadE_predicted,0.125,7,7,TCGTCTGCAAGTAACGCAGA,0,4191309
yadE_predicted,0.125,7,7,TCGGTTGCATGGATGCCAGT,0,4166298
yadE_predicted,0.125,7,7,TCGGTGCCACGTATCAGAAG,0,4183972
yadE_predicted,0.125,7,7,TCGGTCATTTTAGCCGCATG,0,4206947
yadE_predicted,0.125,7,7,TCGGTATTCCACACGCGACT,0,4181675
yadE_predicted,0.125,7,7,TCGGGTGATTAACTGTAGGT,0,4230911
yadE_predicted,0.125,7,7,TCGGGGCCTTCATGTTGGAC,0,4169811
yadE_predicted,0.125,7,7,TCGGGGATTCTGGCCCCCAG,0,4197334
yadE_predicted,0.125,7,7,TCGGGCAACCGCGTCGCCAT,0,4198608
yadE_predicted,0.125,7,7,TCGGCTACAATCTGTTACTT,0,4210027
yadE_predicted,0.125,7,7,TCGGCAGGCACAAATTTCCC,0,4230405
yadE_predicted,0.125,7,7,TCGGCACACGTCCTGCATGG,0,4236602
yadE_predicted,0.125,7,7,TCGGAATTTGTCCATTATTT,0,4217482
yadE_predicted,0.125,7,7,TCGCTGACGAGGAATTTGCC,0,4214118
yadE_predicted,0.125,7,7,TCGCTCGGTGGTTCCCCGGA,0,4240999
yadE_predicted,0.125,7,7,TCGCTAACTGCTTCTGCGGC,0,4171063
yadE_predicted,0.125,7,7,TCGCGCCTACAGTGCTCTCT,0,4177663
yadE_predicted,0.125,7,7,TCGCGCAATGTCATGGTTGG,0,4171003
yadE_predicted,0.125,7,7,TCGCAGAGTAGCGGCCCGTC,0,4192049
yadE_predicted,0.125,7,7,TCGAGCCCACGTCTAGATCT,0,4207250
yadE_predicted,0.125,7,7,TCGAGCATCTGTTTAGTCAA,0,4160329
yadE_predicted,0.125,7,7,TCGACGGTAGTTCGGTCGAT,0,4215170
yadE_predicted,0.125,7,7,TCGACAGATGTGTGACATAA,0,4194176
yadE_predicted,0.125,7,7,TCGAAGCAGGGAGGCGATTT,0,4186500
yadE_predicted,0.125,7,7,TCGAACATGGCGGCCAATGA,0,4237833
yadE_predicted,0.125,7,7,TCCTTGCCGGTTCCTTTTCT,0,4191835
yadE_predicted,0.125,7,7,TCCTGCCTAGTTTGTCATAC,0,4199764
yadE_predicted,0.125,7,7,TCCTCTAACAGGAGCCTTTA,0,4215690
yadE_predicted,0.125,7,7,TCCTATTTATGGGGCATCTT,0,4198232
yadE_predicted,0.125,7,7,TCCGCGTGATCAGCGGGACT,0,4174908
yadE_predicted,0.125,7,7,TCCGCCTTATAGGTGTGATT,0,4165621
yadE_predicted,0.125,7,7,TCCGAACGCGACGTATATCG,0,4212778
yadE_predicted,0.125,7,7,TCCCGGCGCAACCCTATCAT,0,4185998
yadE_predicted,0.125,7,7,TCCCGCGAGCGGGCGTATCA,0,4219670
yadE_predicted,0.125,7,7,TCCCAGCCCCGCTGCCCCAC,0,4236261
yadE_predicted,0.125,7,7,TCCCAATTTTGTCTTTGATT,0,4196092
yadE_predicted,0.125,7,7,TCCATTGGGTCTCACGGCGA,0,4231053
yadE_predicted,0.125,7,7,TCCATACCCCTATAGGATAG,0,4171808
yadE_predicted,0.125,7,7,TCCAGGATAACTCCGCTGTT,0,4206897
yadE_predicted,0.125,7,7,TCATTCTAGGGATTCGGATC,0,4186249
yadE_predicted,0.125,7,7,TCATGCAAACCCGATTCCCT,0,4185733
yadE_predicted,0.125,7,7,TCATCTATTGATGGAAAAAG,0,4184733
yadE_predicted,0.125,7,7,TCATCCTCATTGTACTATTT,0,4221480
yadE_predicted,0.125,7,7,TCATATGAAATTAGCCTGTC,0,4218366
yadE_predicted,0.125,7,7,TCATAGATTAGGTATTATTG,0,4167454
yadE_predicted,0.125,7,7,TCAGGTAGGGGGGAGTTGCT,0,4235316
yadE_predicted,0.125,7,7,TCAGGGCCGACGTTATAAGG,0,4189631
yadE_predicted,0.125,7,7,TCAGGCGCAGGAAACTACTT,0,4169496
yadE_predicted,0.125,7,7,TCAGAGCCCATCCATAAGTA,0,4187866
yadE_predicted,0.125,7,7,TCAGAAGATCCTATGTTAGA,0,4230626
yadE_predicted,0.125,7,7,TCACTTTGCCAGTTATCGTC,0,4232233
yadE_predicted,0.125,7,7,TCACTGATTGAAGCCAGGAC,0,4216748
yadE_predicted,0.125,7,7,TCACCGTGATTTGCCTGTCG,0,4217972
yadE_predicted,0.125,7,7,TCACCCTCTGTGATTCTCGT,0,4202919
yadE_predicted,0.125,7,7,TCACAGTGCGACAGCGGGTC,0,4222487
yadE_predicted,0.125,7,7,TCACAAGTAAGGCATCCCGT,0,4225989
yadE_predicted,0.125,7,7,TCAACTATCTGCGGTAACCG,0,4164494
yadE_predicted,0.125,7,7,TCAACGGGCATCATTGGGGA,0,4208678
yadE_predicted,0.125,7,7,TCAAAGATTTAATATAAGGG,0,4192158
yadE_predicted,0.125,7,7,TCAAACCTTATTTTATTCGC,0,4199814
yadE_predicted,0.125,7,7,TATTGTCTATAGCAGGGCGT,0,4226565
yadE_predicted,0.125,7,7,TATTCGATAGTCTTCCTTCC,0,4226451
yadE_predicted,0.125,7,7,TATTCATCCGTACGTAATCA,0,4224247
yadE_predicted,0.125,7,7,TATGTTCAGAGCGACGATCC,0,4180360
yadE_predicted,0.125,7,7,TATGGGCCGGGTCGCCTCAA,0,4179523
yadE_predicted,0.125,7,7,TATGATACCTAAGACATGAA,0,4160407
yadE_predicted,0.125,7,7,TATGAGGTACGAACGGTCAT,0,4180279
yadE_predicted,0.125,7,7,TATCTGACTTACAATAAGCT,0,4191996
yadE_predicted,0.125,7,7,TATCTCGGGTGCAATGAAAC,0,4193050
yadE_predicted,0.125,7,7,TATCAGGATATCGCACTTGA,0,4190024
yadE_predicted,0.125,7,7,TATAGCAACGTACGTCTCTG,0,4167681
yadE_predicted,0.125,7,7,TATACCTTGTAGCGACAGTA,0,4160847
yadE_predicted,0.125,7,7,TATACCAGTTCCTTCGTATG,0,4179638
yadE_predicted,0.125,7,7,TATACAGGCATCAATAACTG,0,4163845
yadE_predicted,0.125,7,7,TAGGTCGTAGTGTTGCAGTT,0,4235639
yadE_predicted,0.125,7,7,TAGGGTATGTTGAAAATGCT,0,4192812
yadE_predicted,0.125,7,7,TAGGGACAGGCGATGTAGGT,0,4210646
yadE_predicted,0.125,7,7,TAGGCTTTCAACGCTGAGGA,0,4184506
yadE_predicted,0.125,7,7,TAGGCCGCCCTTCTGCTACT,0,4167295
yadE_predicted,0.125,7,7,TAGCTTGATGGGGTACACGC,0,4182520
yadE_predicted,0.125,7,7,TAGCGGTTTGGTTCTTCTGA,0,4208440
yadE_predicted,0.125,7,7,TAGCATCTGGTAAACCACCT,0,4161446
yadE_predicted,0.125,7,7,TAGATGTCCATTCGCGTGCA,0,4215382
yadE_predicted,0.125,7,7,TAGATCATTAGGTGTCGAAA,0,4172887
yadE_predicted,0.125,7,7,TAGACGTTTGTTGGTGATTC,0,4234969
yadE_predicted,0.125,7,7,TAGAAAAGGTTTCGCTCTGG,0,4214716
yadE_predicted,0.125,7,7,TACTTCTCGGGCCATCGTAC,0,4230028
yadE_predicted,0.125,7,7,TACTGGTCTTCCCCGCAAGC,0,4210590
yadE_predicted,0.125,7,7,TACTCTCTAGTCCGGTGATT,0,4220433
yadE_predicted,0.125,7,7,TACTCGCGGGCGTTCGATTC,0,4165142
yadE_predicted,0.125,7,7,TACTCCTCTAGACGCTAAGG,0,4211193
yadE_predicted,0.125,7,7,TACCTACTGCCATGCCATAT,0,4238497
yadE_predicted,0.125,7,7,TACCGGCCGCTCAACTCATG,0,4171026
yadE_predicted,0.125,7,7,TACCGCATCAAAGTAATTTC,0,4224527
yadE_predicted,0.125,7,7,TACAGGTAGTGGATGTTTGC,0,4173440
yadE_predicted,0.125,7,7,TAATTTCCATTCAGAAGGCG,0,4185843
yadE_predicted,0.125,7,7,TAATGTCCCGACTCCGACAG,0,4191190
yadE_predicted,0.125,7,7,TAATGTCAGTCGGAGATGCT,0,4193037
yadE_predicted,0.125,7,7,TAATGGGTCATCTGCTTCTC,0,4186664
yadE_predicted,0.125,7,7,TAATATAAGGCTCGTCCGTG,0,4240798
yadE_predicted,0.125,7,7,TAATAGTTAACTTCGGCTAA,0,4196930
yadE_predicted,0.125,7,7,TAAGTTTCTGATGCTCAAAC,0,4206099
yadE_predicted,0.125,7,7,TAAGTGTACAGAACTCTCTC,0,4211422
yadE_predicted,0.125,7,7,TAAGTCCTAGTGCGCTTATT,0,4234247
yadE_predicted,0.125,7,7,TAAGGTGGTTGAGCTCGTGG,0,4199304
yadE_predicted,0.125,7,7,TAAGGAGACCGCAATCGGAC,0,4228359
yadE_predicted,0.125,7,7,TAACTGATACCCGATAATCG,0,4208359
yadE_predicted,0.125,7,7,TAACTCTAATACGAGAGAGA,0,4180269
yadE_predicted,0.125,7,7,TAACGTTGTAATGGTTATAA,0,4205268
yadE_predicted,0.125,7,7,TAACCCGTTGTAACGGTCAT,0,4218141
yadE_predicted,0.125,7,7,TAACCCCAATATCCCTTATC,0,4236886
yadE_predicted,0.125,7,7,TAACCCAACAGAAACATCGT,0,4163332
yadE_predicted,0.125,7,7,TAAATCCATAACCCTGGCGC,0,4175544
yadE_predicted,0.125,7,7,TAAATATGCACATTAATAAT,0,4170737
yadE_predicted,0.125,7,7,GTTTTGCAGGGCCATCACGC,0,4210606
yadE_predicted,0.125,7,7,GTTTTATCATGTAATTTTAG,0,4204038
yadE_predicted,0.125,7,7,GTTTCCTTCTCTGGGTGTTC,0,4184553
yadE_predicted,0.125,7,7,GTTTCACTCAACAATTTCTA,0,4231287
yadE_predicted,0.125,7,7,GTTTAGTCTGCATCATTTGG,0,4238101
yadE_predicted,0.125,7,7,GTTGTAAGAGACGGTTACTC,0,4172545
yadE_predicted,0.125,7,7,GTTGGTATAGCATGCAAAAT,0,4195936
yadE_predicted,0.125,7,7,GTTGCTCAAACCAGTACACA,0,4193632
yadE_predicted,0.125,7,7,GTTGCCACCGCGATGCACTG,0,4219321
yadE_predicted,0.125,7,7,GTTGATACAAGCGTTTTTGA,0,4204545
yadE_predicted,0.125,7,7,GTTCTCAAACTCGGATAGCG,0,4161450
yadE_predicted,0.125,7,7,GTTCGGAAGTCACTTGATTA,0,4163395
yadE_predicted,0.125,7,7,GTTCGCATTTTTCTTTAATG,0,4175711
yadE_predicted,0.125,7,7,GTTCCGTCCACGCGAATTCT,0,4230140
yadE_predicted,0.125,7,7,GTTCAACCCATGTCACAGTA,0,4233004
yadE_predicted,0.125,7,7,GTTAGTTACTGTTACCCCGT,0,4204932
yadE_predicted,0.125,7,7,GTTAGATAAGCGATCCCAAA,0,4225756
yadE_predicted,0.125,7,7,GTTACGACCCTTGTATTAGA,0,4202992
yadE_predicted,0.125,7,7,GTTAAGCACTAATGACGTAC,0,4191632
yadE_predicted,0.125,7,7,GTTAAACCAGGCGTCAAGTT,0,4226289
yadE_predicted,0.125,7,7,GTGTGTGGTCAAGTTCAAGA,0,4236384
yadE_predicted,0.125,7,7,GTGTCTGTAGGTCTTCTGAG,0,4159620
yadE_predicted,0.125,7,7,GTGGTGATAATCGCTTTGCA,0,4211994
yadE_predicted,0.125,7,7,GTGGGCCGAATTACACAAGT,0,4183248
yadE_predicted,0.125,7,7,GTGGGCCAAGCGGCCGTGGA,0,4234797
yadE_predicted,0.125,7,7,GTGGGCACAACAATAGCTCC,0,4191831
yadE_predicted,0.125,7,7,GTGGCCTCGCCTTATGTTTA,0,4169763
yadE_predicted,0.125,7,7,GTGGCAGTGGGGTTTATGGC,0,4221521
yadE_predicted,0.125,7,7,GTGCGGATGGGTAGAAGACG,0,4224206
yadE_predicted,0.125,7,7,GTGCCGACATAATTCTGTCG,0,4220453
yadE_predicted,0.125,7,7,GTGCCCCCCGTCTAATAAGT,0,4168282
yadE_predicted,0.125,7,7,GTGAGGGTCTTGACTACCTA,0,4229799
yadE_predicted,0.125,7,7,GTGACTCCCCGGCAACTCCC,0,4184061
yadE_predicted,0.125,7,7,GTGAAGTCATAATCTAGAAT,0,4179127
yadE_predicted,0.125,7,7,GTGAAAGAGGTTCTTGAACT,0,4165971
yadE_predicted,0.125,7,7,GTCTTAGTTCTACTTGGTAG,0,4202225
yadE_predicted,0.125,7,7,GTCTGGGGGCGTCGGATACT,0,4197453
yadE_predicted,0.125,7,7,GTCTGAGCCGTCCGCCGGCG,0,4159604
yadE_predicted,0.125,7,7,GTCTCTCAACTTGGTGATCG,0,4233081
yadE_predicted,0.125,7,7,GTCTAGTGACGAGCACGGAC,0,4205247
yadE_predicted,0.125,7,7,GTCTACTTTCGTTTCCGAGA,0,4185442
yadE_predicted,0.125,7,7,GTCGTCGTCTTGATTAAGCG,0,4179380
yadE_predicted,0.125,7,7,GTCGGGGGTCGTGTATAGGC,0,4238331
yadE_predicted,0.125,7,7,GTCGCCTGGGGGGTTACCAA,0,4176751
yadE_predicted,0.125,7,7,GTCGCCTGCAGTCTTCACTC,0,4229993
yadE_predicted,0.125,7,7,GTCGAATTTGGGGGTGACAG,0,4204497
yadE_predicted,0.125,7,7,GTCCTTAGTTATCGCACCAC,0,4224621
yadE_predicted,0.125,7,7,GTCCGGGAAATTATATCCTT,0,4167068
yadE_predicted,0.125,7,7,GTCCGCGTAGGAATATCCGC,0,4232106
yadE_predicted,0.125,7,7,GTCCATCTGATGTACATATC,0,4183630
yadE_predicted,0.125,7,7,GTCCACGTGAAGGTAGGGGT,0,4204015
yadE_predicted,0.125,7,7,GTCACCTCTCGTATCGGGCA,0,4168833
yadE_predicted,0.125,7,7,GTATTTAGAGCACCCGCGGG,0,4198255
yadE_predicted,0.125,7,7,GTATTGCATATTAGCGCCGG,0,4224830
yadE_predicted,0.125,7,7,GTATTACATGGTATACGCGT,0,4182229
yadE_predicted,0.125,7,7,GTATTAAGTCGGAGGTCTGA,0,4198686
yadE_predicted,0.125,7,7,GTATGAGTATAGGCTATCTG,0,4168079
yadE_predicted,0.125,7,7,GTAGACTGCCGCGGTTATAG,0,4202414
yadE_predicted,0.125,7,7,GTAGACATACTCTTATCTAT,0,4189601
yadE_predicted,0.125,7,7,GTACGTACCAGGGTCAATGA,0,4227181
yadE_predicted,0.125,7,7,GTACCTAGTGACATCTGCGG,0,4184308
yadE_predicted,0.125,7,7,GTACCGATAGTGCCCGGGCG,0,4183417
yadE_predicted,0.125,7,7,GTAAGGGGTACGCTTTATTA,0,4166000
yadE_predicted,0.125,7,7,GTAAGACGGCTGTACGATGC,0,4217267
yadE_predicted,0.125,7,7,GTAACCTGGCCCTACCAGGC,0,4225425
yadE_predicted,0.125,7,7,GTAACCGTGCTAATGAGACT,0,4162968
yadE_predicted,0.125,7,7,GTAACCGTAGGGGCCTAAAC,0,4198552
yadE_predicted,0.125,7,7,GTAACCGCAACGGGGATTTA,0,4171477
yadE_predicted,0.125,7,7,GTAAATGTTTTGACTGAGAG,0,4180144
yadE_predicted,0.125,7,7,GGTTTCGGCGATTGTGAGAC,0,4206908
yadE_predicted,0.125,7,7,GGTTTATGGCTCGGGTGCGG,0,4165175
yadE_predicted,0.125,7,7,GGTTTAATAGGTCTCTTAAG,0,4211313
yadE_predicted,0.125,7,7,GGTTCCCCATGTCCTGGAAT,0,4209485
yadE_predicted,0.125,7,7,GGTTACCTGGCGTTACAAAT,0,4166342
yadE_predicted,0.125,7,7,GGTGGTAAGCTCAGTTTACG,0,4220447
yadE_predicted,0.125,7,7,GGTGAAGACAGCACGGGCTT,0,4188326
yadE_predicted,0.125,7,7,GGTCTCGCCTTATTCTTCGT,0,4228882
yadE_predicted,0.125,7,7,GGTCGGGTAATCCTGGGAGA,0,4219413
yadE_predicted,0.125,7,7,GGTCGCATGCTGTGACATGT,0,4231009
yadE_predicted,0.125,7,7,GGTCCGGCGCCAAGCTGGGC,0,4220497
yadE_predicted,0.125,7,7,GGTCCAACCAACCGTGGGAT,0,4237539
yadE_predicted,0.125,7,7,GGTCATTGAGCCATAGGTAG,0,4167620
yadE_predicted,0.125,7,7,GGTCACAGCTGAGTGGATTG,0,4213194
yadE_predicted,0.125,7,7,GGTATCCGGGGTTTTCATTT,0,4209093
yadE_predicted,0.125,7,7,GGTAGGTGTCAGTTGACAAG,0,4203484
yadE_predicted,0.125,7,7,GGTACTCTCGTAGGCGAACG,0,4177323
yadE_predicted,0.125,7,7,GGTACCATACTGGTCCATAC,0,4208007
yadE_predicted,0.125,7,7,GGGTTCCATTTGTGGCGGTC,0,4238009
yadE_predicted,0.125,7,7,GGGTTCACATCCTGGTGGCT,0,4185126
yadE_predicted,0.125,7,7,GGGTACCGTATGAACGAAGC,0,4197373
yadE_predicted,0.125,7,7,GGGGTTCAAATCGCAAGTAG,0,4218906
yadE_predicted,0.125,7,7,GGGGTGTAGTCAGGACCGTA,0,4214129
yadE_predicted,0.125,7,7,GGGGTGGGAGTTTCGACCTC,0,4194437
yadE_predicted,0.125,7,7,GGGGGTGTCAAAACATCTAC,0,4169666
yadE_predicted,0.125,7,7,GGGGCCAAGGAGTACTTGCA,0,4188829
yadE_predicted,0.125,7,7,GGGCTCGGGGAGCCGAAGCA,0,4225028
yadE_predicted,0.125,7,7,GGGCGATAGCCGATTTAATT,0,4209393
yadE_predicted,0.125,7,7,GGGCGAACGTTCGGACAGGT,0,4191851
yadE_predicted,0.125,7,7,GGGCATTATTCAGCGGAGGC,0,4228159
yadE_predicted,0.125,7,7,GGGCATAATATATCCGCTAG,0,4208730
yadE_predicted,0.125,7,7,GGGAGTTCTTATCCCAGGGC,0,4219835
yadE_predicted,0.125,7,7,GGGACTGATCACAACTAGGA,0,4228361
yadE_predicted,0.125,7,7,GGGAAGTCGCACCCAAACAG,0,4215657
yadE_predicted,0.125,7,7,GGGAAGATAACTTAGCACTC,0,4228961
yadE_predicted,0.125,7,7,GGGAACGTGACGATTGGAGA,0,4204247
yadE_predicted,0.125,7,7,GGGAAACCTGACGCGCATAG,0,4193698
yadE_predicted,0.125,7,7,GGCTGGTTCAGGGAGGTGCT,0,4163335
yadE_predicted,0.125,7,7,GGCTGCACTGTCTCGCTAGT,0,4200899
yadE_predicted,0.125,7,7,GGCTCTAATCTCCAAGGATA,0,4201340
yadE_predicted,0.125,7,7,GGCTCGGGGTCCCGCATGGT,0,4172236
yadE_predicted,0.125,7,7,GGCTCCACGGACTACCTGGC,0,4166283
yadE_predicted,0.125,7,7,GGCTATGGAAGCACGTAATT,0,4186713
yadE_predicted,0.125,7,7,GGCGTCTGTCCCTCGGCCTA,0,4225879
yadE_predicted,0.125,7,7,GGCGCGCTTATAGAAAGCCC,0,4168777
yadE_predicted,0.125,7,7,GGCGAGGTGGTTTATTGGTT,0,4203534
yadE_predicted,0.125,7,7,GGCCGGCTCTCGAGTCGTTT,0,4166188
yadE_predicted,0.125,7,7,GGCCGACCGTAATTTAAGGG,0,4202424
yadE_predicted,0.125,7,7,GGCCCTCATCCGACTTTTCC,0,4225345
yadE_predicted,0.125,7,7,GGCCCACCCAGCATCAGCTG,0,4217295
yadE_predicted,0.125,7,7,GGCCAGTTATTTTGCGCTAA,0,4175646
yadE_predicted,0.125,7,7,GGCCAAGGCCCTGCATTAAC,0,4210267
yadE_predicted,0.125,7,7,GGCATACAGGCCGGGTCGAG,0,4175392
yadE_predicted,0.125,7,7,GGCAGGTTTGCATATAGCTA,0,4227310
yadE_predicted,0.125,7,7,GGCAGCACATCAGAGCTTTT,0,4233671
yadE_predicted,0.125,7,7,GGCACCTTGTAGAGTCTAAC,0,4223158
yadE_predicted,0.125,7,7,GGCAATCACCTGACCGACTC,0,4239940
yadE_predicted,0.125,7,7,GGCAACCCGGGGCCTCTGGC,0,4216717
yadE_predicted,0.125,7,7,GGATTTACTTCTCTTCCGCA,0,4230582
yadE_predicted,0.125,7,7,GGATTGGTTTCCACTCCAAA,0,4224218
yadE_predicted,0.125,7,7,GGATGTACCCTGACAGAGGC,0,4212353
yadE_predicted,0.125,7,7,GGATGAGGAATTTTCTCAAA,0,4201592
yadE_predicted,0.125,7,7,GGATGACGTATCGGTAAAGG,0,4164988
yadE_predicted,0.125,7,7,GGATCTCTTATCCAGTAAGG,0,4200841
yadE_predicted,0.125,7,7,GGATAAGTGCTCTTATCGCA,0,4191224
yadE_predicted,0.125,7,7,GGAGTGTTTCTGCCGTGCTG,0,4212529
yadE_predicted,0.125,7,7,GGAGTAGGCGAACTGTACGC,0,4228239
yadE_predicted,0.125,7,7,GGAGGTAGTAAATTGAGGCC,0,4199412
yadE_predicted,0.125,7,7,GGAGGCCACACCCCCATTAA,0,4216045
yadE_predicted,0.125,7,7,GGAGGATCCGGGGGGCGAGT,0,4189256
yadE_predicted,0.125,7,7,GGAGCCCAGCCGGTAACTAG,0,4207026
yadE_predicted,0.125,7,7,GGAGCAACACGCTCGATAGT,0,4186297
yadE_predicted,0.125,7,7,GGAGCAAAACGAGACAGTTA,0,4176765
yadE_predicted,0.125,7,7,GGAGAGTAGGAGTATGCCCT,0,4167767
yadE_predicted,0.125,7,7,GGAGACGTTGCTCCACATAA,0,4227166
yadE_predicted,0.125,7,7,GGACTATCTGACTGGCGCAA,0,4165439
yadE_predicted,0.125,7,7,GGACGTCTGTTAACTTTCGC,0,4184634
yadE_predicted,0.125,7,7,GGACGGTTTTAGGGATGTCA,0,4222552
yadE_predicted,0.125,7,7,GGACAGTTGCATTAGATGTA,0,4179206
yadE_predicted,0.125,7,7,GGAATGGTCCTAGGAGCCTT,0,4200759
yadE_predicted,0.125,7,7,GGAATATGGGAGACGCATCC,0,4176632
yadE_predicted,0.125,7,7,GGAATATATACATTAGTGCT,0,4205349
yadE_predicted,0.125,7,7,GGAATAGAGCGAAACAGGAC,0,4180363
yadE_predicted,0.125,7,7,GGAACGTGGTATCAGCGAAG,0,4233525
yadE_predicted,0.125,7,7,GCTTGTTAAAGCGCGCCCCG,0,4219166
yadE_predicted,0.125,7,7,GCTTCCTCGCGCGCTCTGAT,0,4174780
yadE_predicted,0.125,7,7,GCTTAGAGATTGAGCCATGG,0,4189032
yadE_predicted,0.125,7,7,GCTTACTTAGTCCCGGTGCC,0,4187943
yadE_predicted,0.125,7,7,GCTTAAACTTATTGTCCTAT,0,4206891
yadE_predicted,0.125,7,7,GCTGTCCCCCCGTAGCCTAA,0,4213913
yadE_predicted,0.125,7,7,GCTGACTATTTCACTATGGT,0,4216013
yadE_predicted,0.125,7,7,GCTGAATCGAGTTTTAACCC,0,4222052
yadE_predicted,0.125,7,7,GCTCTTAGATGCCACGGGTC,0,4225370
yadE_predicted,0.125,7,7,GCTCTGCGATACGTAGGCCT,0,4163132
yadE_predicted,0.125,7,7,GCTCGCACTGCGCATGCTGA,0,4220400
yadE_predicted,0.125,7,7,GCTCATGTTAGTGATTTTTC,0,4161135
yadE_predicted,0.125,7,7,GCTATTCATATTAGGTGTCA,0,4228455
yadE_predicted,0.125,7,7,GCTAGGTAATACTTCTCCGA,0,4227791
yadE_predicted,0.125,7,7,GCTACTAGGTCGCATGTTTG,0,4171405
yadE_predicted,0.125,7,7,GCTAATTTACAGGGTGGGTA,0,4194982
yadE_predicted,0.125,7,7,GCGTTGACTTGGCCGAGGTA,0,4159758
yadE_predicted,0.125,7,7,GCGTTACGGTAGTTCGGTGA,0,4211256
yadE_predicted,0.125,7,7,GCGTTAACCGTTTCACAATC,0,4178482
yadE_predicted,0.125,7,7,GCGTGTGGAGACAAAGCCAT,0,4225624
yadE_predicted,0.125,7,7,GCGTGCGCCCCCCCAGAAGC,0,4163503
yadE_predicted,0.125,7,7,GCGTGATGCGGAGAACGGCG,0,4197499
yadE_predicted,0.125,7,7,GCGTATAGCGCTTGCTCCTC,0,4187941
yadE_predicted,0.125,7,7,GCGTACCCATTTAGTCGGCA,0,4208993
yadE_predicted,0.125,7,7,GCGGGCAATCGAGCTCTAGA,0,4201031
yadE_predicted,0.125,7,7,GCGGCTCACCAAGGCTAACA,0,4192935
yadE_predicted,0.125,7,7,GCGGCATTGAACGGGACACT,0,4200979
yadE_predicted,0.125,7,7,GCGCTTAATCGCGATGCACT,0,4181831
yadE_predicted,0.125,7,7,GCGCTCAAATACGGAATGAA,0,4233240
yadE_predicted,0.125,7,7,GCGCTACTGTTCTAGGCATG,0,4202388
yadE_predicted,0.125,7,7,GCGCGTTACCTAATTCTAAG,0,4226137
yadE_predicted,0.125,7,7,GCGCGCACTCGGTTCTGTAG,0,4176937
yadE_predicted,0.125,7,7,GCGCAGCAGGGTCTGCCGCG,0,4198486
yadE_predicted,0.125,7,7,GCGATGCCGCCATACTGCCA,0,4168478
yadE_predicted,0.125,7,7,GCGAGCTTAATTATGCTGGT,0,4191170
yadE_predicted,0.125,7,7,GCGAGACCAATCCTGGAAGT,0,4179556
yadE_predicted,0.125,7,7,GCGACCCTCCGTTTCGTGGT,0,4195711
yadE_predicted,0.125,7,7,GCGAAAGAGAATCCCCTATA,0,4237209
yadE_predicted,0.125,7,7,GCCTTCACACCAGAGGACTC,0,4195314
yadE_predicted,0.125,7,7,GCCTGGCAGGCCTGATAGAG,0,4206090
yadE_predicted,0.125,7,7,GCCTCTTCCCCCTTGTGAAG,0,4172679
yadE_predicted,0.125,7,7,GCCTAGTCATTCATTCCGGT,0,4175739
yadE_predicted,0.125,7,7,GCCTACTGCTTGATAAATTT,0,4221073
yadE_predicted,0.125,7,7,GCCTACTCGCCTCCGAGGGT,0,4239409
yadE_predicted,0.125,7,7,GCCGTTTGGAGGTGCTTTCG,0,4165979
yadE_predicted,0.125,7,7,GCCGTAGACCAGACTACCGG,0,4205164
yadE_predicted,0.125,7,7,GCCGCTCGGAGGTACACAGC,0,4204270
yadE_predicted,0.125,7,7,GCCGCCGCCGTATGATGGGG,0,4223094
yadE_predicted,0.125,7,7,GCCGCACGTTGTGCACGGAT,0,4224497
yadE_predicted,0.125,7,7,GCCGATACGGTCGCCTACGA,0,4196740
yadE_predicted,0.125,7,7,GCCGACTGTCCAGACCCCAA,0,4214694
yadE_predicted,0.125,7,7,GCCGACCGTGGTGTCCGACT,0,4164298
yadE_predicted,0.125,7,7,GCCCGTTCCCGATCGTGTAC,0,4168118
yadE_predicted,0.125,7,7,GCCAAGCAGGCCAATCAACT,0,4184042
yadE_predicted,0.125,7,7,GCATTTTTCGCGGTACCCAA,0,4175929
yadE_predicted,0.125,7,7,GCATTATGACATGTGGCTTC,0,4226377
yadE_predicted,0.125,7,7,GCATGGGAGGGCAGCAGTTT,0,4175913
yadE_predicted,0.125,7,7,GCATGATGCGTGTTTTCCTT,0,4182665
yadE_predicted,0.125,7,7,GCATCCCGCCTTTGGACAGT,0,4228228
yadE_predicted,0.125,7,7,GCATAATACCCACACGTCTA,0,4169158
yadE_predicted,0.125,7,7,GCAGTGCGTGATGCGTGGAG,0,4172307
yadE_predicted,0.125,7,7,GCAGCGATGTTATCGAACGA,0,4235627
yadE_predicted,0.125,7,7,GCAGACTAACAATGGGCGGG,0,4187766
yadE_predicted,0.125,7,7,GCAGACCAAACAGAGCACAC,0,4178099
yadE_predicted,0.125,7,7,GCACTAGGACTTGCCACAGG,0,4197680
yadE_predicted,0.125,7,7,GCACGGGGATCCCCATTCGC,0,4192341
yadE_predicted,0.125,7,7,GCACGAGTTAATTACATTGA,0,4176421
yadE_predicted,0.125,7,7,GCACACTGTGGTACCGGTCG,0,4204884
yadE_predicted,0.125,7,7,GCAATTCCAAGCGTGCATAT,0,4223303
yadE_predicted,0.125,7,7,GCAATGTGCCGCGTGAGTTG,0,4185504
yadE_predicted,0.125,7,7,GCAATGAGGGGACGACCGAG,0,4183081
yadE_predicted,0.125,7,7,GCAAGATTCGCACATGGTAT,0,4232196
yadE_predicted,0.125,7,7,GATTGTGGCAAGTGACTCAC,0,4176748
yadE_predicted,0.125,7,7,GATTCGTTTGAGATCAAGCT,0,4166250
yadE_predicted,0.125,7,7,GATTATGCCTATTAGATAAT,0,4239244
yadE_predicted,0.125,7,7,GATTAGTAGTGGAATACCGA,0,4184905
yadE_predicted,0.125,7,7,GATGTTTATCGCATATATAT,0,4178500
yadE_predicted,0.125,7,7,GATGACCTCTTCGAGCGCAT,0,4186752
yadE_predicted,0.125,7,7,GATCGTGCTGGATACACCCA,0,4188559
yadE_predicted,0.125,7,7,GATCCTTTTAATAGCGCCGA,0,4221371
yadE_predicted,0.125,7,7,GATCCCTTGCGGACGGTTGG,0,4167902
yadE_predicted,0.125,7,7,GATCCCTGTCAGCAAGGGTG,0,4205169
yadE_predicted,0.125,7,7,GATCCCTGACTGACTTTTAG,0,4208182
yadE_predicted,0.125,7,7,GATATTAACTACAAGCGTCT,0,4229557
yadE_predicted,0.125,7,7,GATATGGGTTTAAGGTCTTA,0,4198675
yadE_predicted,0.125,7,7,GATATCTATAACGAGATAAG,0,4237237
yadE_predicted,0.125,7,7,GATATAAAACTGTTCGACAA,0,4229210
yadE_predicted,0.125,7,7,GATAGAACCGAGGCACATGA,0,4174677
yadE_predicted,0.125,7,7,GATACGTCTTTCCTAGGTAA,0,4210124
yadE_predicted,0.125,7,7,GAGTGTTGGTTCGGGTCTCC,0,4162654
yadE_predicted,0.125,7,7,GAGTGTCAGAAAGGGACAAG,0,4229026
yadE_predicted,0.125,7,7,GAGTGAGATTCGCAGGTTAC,0,4218951
yadE_predicted,0.125,7,7,GAGTCAGGCGGCGACAGCTA,0,4209588
yadE_predicted,0.125,7,7,GAGTATCGCTAAATGGGTAA,0,4169807
yadE_predicted,0.125,7,7,GAGTAAACCCGCTCCCAGTA,0,4205433
yadE_predicted,0.125,7,7,GAGGTGGGTTTCTAGGCTGG,0,4196127
yadE_predicted,0.125,7,7,GAGGGCGCGACACGTCACCA,0,4178274
yadE_predicted,0.125,7,7,GAGGGACCACACCCGCGCCA,0,4175371
yadE_predicted,0.125,7,7,GAGGACCCAGTACTATTACC,0,4207926
yadE_predicted,0.125,7,7,GAGCTCTTGGAGCAAGACCT,0,4217165
yadE_predicted,0.125,7,7,GAGCTCGTGCGGGGGCGTAT,0,4217372
yadE_predicted,0.125,7,7,GAGCTCAATCCATTGCGGAT,0,4236779
yadE_predicted,0.125,7,7,GAGCGGCTCTTGTGCACTCA,0,4217065
yadE_predicted,0.125,7,7,GAGCGGCCAAATACGTGGTT,0,4215797
yadE_predicted,0.125,7,7,GAGCGAGGGTTCTTTTTTTT,0,4218694
yadE_predicted,0.125,7,7,GAGCAACTCGTCTAGGGTTG,0,4164114
yadE_predicted,0.125,7,7,GAGACTGGGTTTATTATGGT,0,4177825
yadE_predicted,0.125,7,7,GAGAAGATGGTACTGGCTCT,0,4163659
yadE_predicted,0.125,7,7,GACTTTGCTTCAAGGGACAA,0,4197005
yadE_predicted,0.125,7,7,GACTCCATAACCATAGGGTC,0,4228050
yadE_predicted,0.125,7,7,GACGGTTAGGGTAGTAGTGA,0,4193047
yadE_predicted,0.125,7,7,GACGAGTCAGGGTGCGATAG,0,4226002
yadE_predicted,0.125,7,7,GACCTCGCGTCGCCTCAAAC,0,4201201
yadE_predicted,0.125,7,7,GACCTCGATATCGCCTTGGT,0,4162677
yadE_predicted,0.125,7,7,GACCGTGCGCTGTCCTTTCT,0,4209362
yadE_predicted,0.125,7,7,GACCGGACACGCCTCATCCA,0,4209415
yadE_predicted,0.125,7,7,GACCCTGGTAACGTATGGAA,0,4163588
yadE_predicted,0.125,7,7,GACAGCTAATTTAGCGCTTT,0,4192068
yadE_predicted,0.125,7,7,GACACTCTCTTAGGTGTCAT,0,4228148
yadE_predicted,0.125,7,7,GACACCAGCCGTGACTGTTT,0,4181676
yadE_predicted,0.125,7,7,GACAATGGTCAGGCGTGCGG,0,4227226
yadE_predicted,0.125,7,7,GACAAGCTACAAAATGGTTC,0,4206813
yadE_predicted,0.125,7,7,GAATTAGGTCTAAGATTCTA,0,4199381
yadE_predicted,0.125,7,7,GAATATGGCAACGGGTAGTA,0,4174475
yadE_predicted,0.125,7,7,GAATATCTATTATTCTCGTC,0,4196421
yadE_predicted,0.125,7,7,GAAGTTACTAATTTTAGAGT,0,4231948
yadE_predicted,0.125,7,7,GAAGTGAGATCTCTGTAAAG,0,4233742
yadE_predicted,0.125,7,7,GAAGTAACACCCTCTGAGTC,0,4196734
yadE_predicted,0.125,7,7,GAAGGCCCTCTTTTTCAATA,0,4183772
yadE_predicted,0.125,7,7,GAAGGAACCAAACCCAGATT,0,4238740
yadE_predicted,0.125,7,7,GAAGCATTAACGAAGCTAAA,0,4227237
yadE_predicted,0.125,7,7,GAACTGAAATCCGATCCGGA,0,4160520
yadE_predicted,0.125,7,7,GAACCTGAAATTGGTGGTTC,0,4241068
yadE_predicted,0.125,7,7,GAACCTATTATGCAGGCCGC,0,4174334
yadE_predicted,0.125,7,7,GAACAGGCCCAATACCGCCG,0,4202606
yadE_predicted,0.125,7,7,GAAATGTCTACGCGGGTCAC,0,4163914
yadE_predicted,0.125,7,7,GAAACGGATAGGGTGATCAG,0,4187355
yadE_predicted,0.125,7,7,GAAAACCGAATCCGGCTTGT,0,4170289
yadE_predicted,0.125,7,7,GAAAAATGAGGGACCTGATC,0,4216757
yadE_predicted,0.125,7,7,CTTTGAATAAGCGTGGTTCT,0,4160304
yadE_predicted,0.125,7,7,CTTGTTCATCAGCAGAATAA,0,4165505
yadE_predicted,0.125,7,7,CTTGTGGTAAATTCGTCAGG,0,4217917
yadE_predicted,0.125,7,7,CTTGGGAGGAGCCCTGAAAA,0,4199668
yadE_predicted,0.125,7,7,CTTGGAACGACACCCGCGTA,0,4183501
yadE_predicted,0.125,7,7,CTTGGAAAATGCTATGTCTG,0,4233826
yadE_predicted,0.125,7,7,CTTGATCTCGTACTGATGCT,0,4193802
yadE_predicted,0.125,7,7,CTTATCTCTGACCGTGTCAT,0,4217529
yadE_predicted,0.125,7,7,CTTATCATATCTGGCATGGT,0,4209121
yadE_predicted,0.125,7,7,CTTAGTCGGCTTGCCACATC,0,4231703
yadE_predicted,0.125,7,7,CTTAGTCCGCGGCTGAACTT,0,4229230
yadE_predicted,0.125,7,7,CTTACGATCTATAAACCAGT,0,4229766
yadE_predicted,0.125,7,7,CTTACCACACCGAGAAGGGC,0,4183973
yadE_predicted,0.125,7,7,CTTAACATAGTGAGAAAGCA,0,4203951
yadE_predicted,0.125,7,7,CTTAAAATACGCACCGGCCT,0,4231171
yadE_predicted,0.125,7,7,CTGTTCTTAGGTTTGCCGAA,0,4198899
yadE_predicted,0.125,7,7,CTGTTCCGGGAGCAAGGTGT,0,4214070
yadE_predicted,0.125,7,7,CTGTGGCCGGCGTGGTTGAC,0,4199241
yadE_predicted,0.125,7,7,CTGTGCGGAAGTGAGCAACT,0,4230164
yadE_predicted,0.125,7,7,CTGTGAGCAAAGACTGGGTC,0,4223275
yadE_predicted,0.125,7,7,CTGTCGGAAATGCCTTTTCT,0,4210100
yadE_predicted,0.125,7,7,CTGTAGTTGAGAGGGCTTGT,0,4171628
yadE_predicted,0.125,7,7,CTGGTAGGCGAGTAGCTCCG,0,4233129
yadE_predicted,0.125,7,7,CTGGGTTTGCACCGTTGAAC,0,4234389
yadE_predicted,0.125,7,7,CTGGCTACATAACCCTATGA,0,4199176
yadE_predicted,0.125,7,7,CTGGATTAACTTAACCAATA,0,4215377
yadE_predicted,0.125,7,7,CTGGAAGCTCCATCACTTAT,0,4227840
yadE_predicted,0.125,7,7,CTGCTTCTCGTGATGCTAAC,0,4159539
yadE_predicted,0.125,7,7,CTGCTGGGCGACCTGTACAT,0,4191295
yadE_predicted,0.125,7,7,CTGATGTTGACAGAAGCAGG,0,4176404
yadE_predicted,0.125,7,7,CTGAGTATAAGGCTAGTCAG,0,4197168
yadE_predicted,0.125,7,7,CTGAGCGTGTCAGAGGCACA,0,4227424
yadE_predicted,0.125,7,7,CTGACACGCTACGTAATCAG,0,4197022
yadE_predicted,0.125,7,7,CTCTTGGGAACTCACACAGC,0,4201573
yadE_predicted,0.125,7,7,CTCTGGCAACTTCGCACTTC,0,4212328
yadE_predicted,0.125,7,7,CTCTCTTAGCTACTGCACGG,0,4193978
yadE_predicted,0.125,7,7,CTCTACAGTTGGTGACATAG,0,4182122
yadE_predicted,0.125,7,7,CTCGTCCGAGGTCACAGACC,0,4185437
yadE_predicted,0.125,7,7,CTCGTACCTCGCAGACCTGG,0,4206758
yadE_predicted,0.125,7,7,CTCGGTCAGGGACATTACTT,0,4220588
yadE_predicted,0.125,7,7,CTCGCATCGCCCGCTGCGTT,0,4210875
yadE_predicted,0.125,7,7,CTCCTTTGCATTTATTCACA,0,4201203
yadE_predicted,0.125,7,7,CTCCTGCTTTACGTGATCGC,0,4173566
yadE_predicted,0.125,7,7,CTCCTATCTATTGTTCTATC,0,4205354
yadE_predicted,0.125,7,7,CTCCACCCAAATTGCCGAAC,0,4206611
yadE_predicted,0.125,7,7,CTCCAAAGATGGTACTCACG,0,4225271
yadE_predicted,0.125,7,7,CTCATCGACCGTTCACGCGG,0,4235970
yadE_predicted,0.125,7,7,CTCATATACGTCCCTTGTTA,0,4191687
yadE_predicted,0.125,7,7,CTCAGTTTTCGTGGGACTCG,0,4215143
yadE_predicted,0.125,7,7,CTCAGTTTGTGTGGGGAGCT,0,4161602
yadE_predicted,0.125,7,7,CTCAAACATCTAATGCGTGA,0,4206675
yadE_predicted,0.125,7,7,CTCAAAACTTACAGCCTTCA,0,4168473
yadE_predicted,0.125,7,7,CTATTGGTGTTCAGTCAAAG,0,4220487
yadE_predicted,0.125,7,7,CTATGTCCATTCAAGAACGT,0,4202608
yadE_predicted,0.125,7,7,CTATGTATGAGAAATAGTCA,0,4197092
yadE_predicted,0.125,7,7,CTAGGGTTATTTAGGGGCAT,0,4241151
yadE_predicted,0.125,7,7,CTAGGGACCGAGAGCAAGAA,0,4234608
yadE_predicted,0.125,7,7,CTAGCTCACGTGAGCAGGGC,0,4160411
yadE_predicted,0.125,7,7,CTAGCTAAGTACCACCGTGT,0,4228615
yadE_predicted,0.125,7,7,CTAGATGGGAGGTTACAGAT,0,4214500
yadE_predicted,0.125,7,7,CTAGAGAGAGTTCTGACACT,0,4177242
yadE_predicted,0.125,7,7,CTAGAATACATACTCTGCGG,0,4210769
yadE_predicted,0.125,7,7,CTACTACTCACAATATGGGA,0,4195275
yadE_predicted,0.125,7,7,CTACCTGCCGAATGCATCTG,0,4207855
yadE_predicted,0.125,7,7,CTAACAGACTTGCCCGATAC,0,4192595
yadE_predicted,0.125,7,7,CTAAAGTATTTTTTAGTCTC,0,4211954
yadE_predicted,0.125,7,7,CGTTTTGCAATCCAAAACAT,0,4189010
yadE_predicted,0.125,7,7,CGTTTGTTTATCTACATCAG,0,4220202
yadE_predicted,0.125,7,7,CGTTGGAGACCGATCTATTC,0,4202798
yadE_predicted,0.125,7,7,CGTTCAACATATACTAACGA,0,4206492
yadE_predicted,0.125,7,7,CGTGCGGCCAGCAGGATGAT,0,4185248
yadE_predicted,0.125,7,7,CGTCTTAACTAACAGCCTGG,0,4166216
yadE_predicted,0.125,7,7,CGTCTACCGAATCTTAAGAA,0,4238580
yadE_predicted,0.125,7,7,CGTCGGCTGAGGGGATGATT,0,4224716
yadE_predicted,0.125,7,7,CGTCGAGTAGCTTGGGGCCT,0,4222114
yadE_predicted,0.125,7,7,CGTCCGCTATGGGGGAAGGA,0,4164572
yadE_predicted,0.125,7,7,CGTCCACCACAGCAGCGAGT,0,4161646
yadE_predicted,0.125,7,7,CGTCAGAGCAAGTCCAGCAA,0,4161865
yadE_predicted,0.125,7,7,CGTCAGAAACGGAAATGGAG,0,4239014
yadE_predicted,0.125,7,7,CGTAGATCCCCTGCTGACAT,0,4198484
yadE_predicted,0.125,7,7,CGTACTCGCGATCATGAAGA,0,4203267
yadE_predicted,0.125,7,7,CGTACGCACGGGGCGCTTCT,0,4199725
yadE_predicted,0.125,7,7,CGTACAGCAGTGCAGAGCCC,0,4174644
yadE_predicted,0.125,7,7,CGTAAGAGCGCAATGCAATG,0,4197575
yadE_predicted,0.125,7,7,CGGTTGGGCGTTGGTGAAGG,0,4175568
yadE_predicted,0.125,7,7,CGGTGGATCGCCGGACGCGG,0,4189885
yadE_predicted,0.125,7,7,CGGTATCAAAACGGACATAG,0,4163368
yadE_predicted,0.125,7,7,CGGTATAAAGTAACCTCCTA,0,4194280
yadE_predicted,0.125,7,7,CGGGTGGGAATGGGATTGCG,0,4168329
yadE_predicted,0.125,7,7,CGGGGTGGCCCAACCATAGT,0,4208323
yadE_predicted,0.125,7,7,CGGGGTCCTCCTTCGCTCGA,0,4202799
yadE_predicted,0.125,7,7,CGGGCGTATTCGGAGGGATA,0,4169942
yadE_predicted,0.125,7,7,CGGGCAGGGTGCCGGAGTCT,0,4236789
yadE_predicted,0.125,7,7,CGGGATATACGTAGGCATAA,0,4187986
yadE_predicted,0.125,7,7,CGGCTGGCATGGTTAGGGCA,0,4197889
yadE_predicted,0.125,7,7,CGGCCTTGGCGGACGTACCA,0,4163523
yadE_predicted,0.125,7,7,CGGCACAGGGTTGATAGGGG,0,4179188
yadE_predicted,0.125,7,7,CGGATTGATTATTGGCGTTT,0,4220552
yadE_predicted,0.125,7,7,CGGATAACAAAGGGCCTCGA,0,4199185
yadE_predicted,0.125,7,7,CGGAGTTACGTATCTCCGGC,0,4217967
yadE_predicted,0.125,7,7,CGGAGGGCGCCATCAGCCCT,0,4173277
yadE_predicted,0.125,7,7,CGGACGTGCTACCTCCGTCG,0,4180471
yadE_predicted,0.125,7,7,CGGACGCTCCCAGTCCTTCC,0,4239481
yadE_predicted,0.125,7,7,CGGAATGCCCTGTGGTCCAC,0,4181725
yadE_predicted,0.125,7,7,CGGAAAGGTGGGTCAAGTAT,0,4170842
yadE_predicted,0.125,7,7,CGCTTAGGGTAAGGCCTCGC,0,4208509
yadE_predicted,0.125,7,7,CGCGTTAAAGGCCAGTTGTG,0,4222853
yadE_predicted,0.125,7,7,CGCGGTCTTTCCGGGGTGCT,0,4205280
yadE_predicted,0.125,7,7,CGCGGCCAAGCCGTCACAGT,0,4240939
yadE_predicted,0.125,7,7,CGCGACTGGAAGTATTTTCG,0,4190338
yadE_predicted,0.125,7,7,CGCCTATGAGGGACTCAATG,0,4216219
yadE_predicted,0.125,7,7,CGCCTAACCGCTTGAGGTGA,0,4165269
yadE_predicted,0.125,7,7,CGCCGTTAAGATGAGCTGAA,0,4179976
yadE_predicted,0.125,7,7,CGCCGTGGACGGTCTCGGCC,0,4182298
yadE_predicted,0.125,7,7,CGCCCGTGATGATGAAGGTG,0,4182046
yadE_predicted,0.125,7,7,CGCCAGATCGTCTATTGCGT,0,4174198
yadE_predicted,0.125,7,7,CGCCACACTTACCACCCATC,0,4194305
yadE_predicted,0.125,7,7,CGCATGTTCCTCGCTTTCGT,0,4174486
yadE_predicted,0.125,7,7,CGCATAAGGGTTCCGTCAAT,0,4233917
yadE_predicted,0.125,7,7,CGCAGTACGAATCCCCAATA,0,4232520
yadE_predicted,0.125,7,7,CGCAGCCGACGGTTGCACGC,0,4193697
yadE_predicted,0.125,7,7,CGCAATTTACTGGCAAAGTA,0,4241163
yadE_predicted,0.125,7,7,CGCAATAGCTCTTTGTGCCC,0,4186023
yadE_predicted,0.125,7,7,CGCAAGCGTTGAATGGGAAT,0,4219029
yadE_predicted,0.125,7,7,CGCAAGCAGGGCAAGTGGAA,0,4187089
yadE_predicted,0.125,7,7,CGATTATCTTAGCGGAACCG,0,4195245
yadE_predicted,0.125,7,7,CGATTAACCACTGACTAACC,0,4230181
yadE_predicted,0.125,7,7,CGATGTTGTGTGTTTTGGCG,0,4227810
yadE_predicted,0.125,7,7,CGATCTTGAGAACATGGGAT,0,4165397
yadE_predicted,0.125,7,7,CGATCGTAAATTAAGCACCA,0,4176621
yadE_predicted,0.125,7,7,CGATAGCGAGCGTCCTGCCG,0,4212195
yadE_predicted,0.125,7,7,CGAGTTTCTGGTATCCCGCT,0,4162531
yadE_predicted,0.125,7,7,CGAGTTTAACCGAAGGCAGC,0,4197102
yadE_predicted,0.125,7,7,CGAGTTATATTATAACTCAA,0,4219361
yadE_predicted,0.125,7,7,CGAGTGAAGTGTTGGGATTT,0,4223160
yadE_predicted,0.125,7,7,CGAGTACGACAACTGAACAC,0,4174120
yadE_predicted,0.125,7,7,CGAGGGAACTCCACCGTGAC,0,4226821
yadE_predicted,0.125,7,7,CGAGGAACAGGGAGCCCGTA,0,4205952
yadE_predicted,0.125,7,7,CGAGCGTCCTTCCCTGGGTG,0,4161716
yadE_predicted,0.125,7,7,CGAGCCCGATGATCCCACAG,0,4179577
yadE_predicted,0.125,7,7,CGACGAGTGTCTCCCCCACA,0,4185026
yadE_predicted,0.125,7,7,CGACCTGACTGCGAATCTCA,0,4181790
yadE_predicted,0.125,7,7,CGACACGACGAAAGCACGAA,0,4188490
yadE_predicted,0.125,7,7,CGAAGCATCATTGTTGGGGG,0,4232115
yadE_predicted,0.125,7,7,CGAAGAGGTAGACGCTCTTC,0,4197071
yadE_predicted,0.125,7,7,CGAACAGTTCGACCAATTCC,0,4186191
yadE_predicted,0.125,7,7,CGAAAGGCGCAAACAAATTG,0,4185318
yadE_predicted,0.125,7,7,CGAAAATTACCGGTGTGATA,0,4164501
yadE_predicted,0.125,7,7,CGAAAATAACAGTTGTTAAC,0,4198842
yadE_predicted,0.125,7,7,CCTTTTATTTATTACACCAT,0,4186493
yadE_predicted,0.125,7,7,CCTTTTAGGATATTCCTGGG,0,4240308
yadE_predicted,0.125,7,7,CCTTTGAGATCGTACGGTAA,0,4174412
yadE_predicted,0.125,7,7,CCTTGACTTCCCCGATAAAA,0,4178414
yadE_predicted,0.125,7,7,CCTTAGAGGGTATCCCCTTA,0,4171005
yadE_predicted,0.125,7,7,CCTTACGACAGTGTGGTCGG,0,4233799
yadE_predicted,0.125,7,7,CCTTACAAAGGCATAGCGAA,0,4188718
yadE_predicted,0.125,7,7,CCTTAACTATATCGCTCTCC,0,4239473
yadE_predicted,0.125,7,7,CCTGTCCGTCAACCATTCGG,0,4165932
yadE_predicted,0.125,7,7,CCTGTAATAAAACTTGGTTG,0,4234073
yadE_predicted,0.125,7,7,CCTGGTTTTAATCAGGCTCG,0,4170589
yadE_predicted,0.125,7,7,CCTGCTGTTTACAAAGCTCC,0,4171986
yadE_predicted,0.125,7,7,CCTGCGAGGGTGTGTGCGCG,0,4235964
yadE_predicted,0.125,7,7,CCTGAGCCATCATGCAAGTA,0,4183648
yadE_predicted,0.125,7,7,CCTGAATCGGATATTAAAGG,0,4201154
yadE_predicted,0.125,7,7,CCTGAACATTTGCGGATTGA,0,4170474
yadE_predicted,0.125,7,7,CCTCTTTAAGTCTGTGCCCA,0,4186833
yadE_predicted,0.125,7,7,CCTCTTGTATCTAGCTGACT,0,4164933
yadE_predicted,0.125,7,7,CCTCGCTCAAGACACGGCTA,0,4235856
yadE_predicted,0.125,7,7,CCTCCATGTCTTGATGTCGG,0,4201174
yadE_predicted,0.125,7,7,CCTCCATGAGTAATTTAGAC,0,4170977
yadE_predicted,0.125,7,7,CCTATGTATATGGTGACCGA,0,4229979
yadE_predicted,0.125,7,7,CCTATAAATAACCTGGTTGT,0,4231850
yadE_predicted,0.125,7,7,CCTACGTATCGTAGAGCTCC,0,4234226
yadE_predicted,0.125,7,7,CCTACGTAGGCTCGCTCGAC,0,4174153
yadE_predicted,0.125,7,7,CCTACCATGAGGCTGACTTT,0,4221641
yadE_predicted,0.125,7,7,CCGTTGCGCTTGTCAGTTAG,0,4204955
yadE_predicted,0.125,7,7,CCGTTAGAGATCTGACCCGA,0,4227420
yadE_predicted,0.125,7,7,CCGTGGATACACACACGAGG,0,4204478
yadE_predicted,0.125,7,7,CCGTATACCGTTCCTTTAGT,0,4191868
yadE_predicted,0.125,7,7,CCGTAGGGTAGTCTGGCCGG,0,4230367
yadE_predicted,0.125,7,7,CCGGGTGTTCACAGCGACGA,0,4206456
yadE_predicted,0.125,7,7,CCGGCCTTACATAGTCAAGG,0,4174468
yadE_predicted,0.125,7,7,CCGCTTGAGGTATCCTCCGG,0,4227231
yadE_predicted,0.125,7,7,CCGCTTCGAGTTGTAGCGAA,0,4231217
yadE_predicted,0.125,7,7,CCGCCTTCGTGATCCTGGAG,0,4205026
yadE_predicted,0.125,7,7,CCGCCTATCTGTAGTAAGCT,0,4187211
yadE_predicted,0.125,7,7,CCGCCGTGTGTAATAACGGG,0,4218542
yadE_predicted,0.125,7,7,CCGCCCGCATTTCTAACGAG,0,4221952
yadE_predicted,0.125,7,7,CCGAGCGGCACGGCGACTTC,0,4237583
yadE_predicted,0.125,7,7,CCGAAATGACCGTAACAAAT,0,4240366
yadE_predicted,0.125,7,7,CCCTTTATCGTGACCTCGCA,0,4195637
yadE_predicted,0.125,7,7,CCCTTTATATCGCAAGCATC,0,4205052
yadE_predicted,0.125,7,7,CCCTTTAGCAGTTTCACCCC,0,4213704
yadE_predicted,0.125,7,7,CCCTGCATCCTAGAGTCGCA,0,4185637
yadE_predicted,0.125,7,7,CCCTCGCACTATAGAAACGC,0,4229126
yadE_predicted,0.125,7,7,CCCTATAATTATCGTCATAT,0,4213712
yadE_predicted,0.125,7,7,CCCGTGGAGGCGCTCTGTTT,0,4195861
yadE_predicted,0.125,7,7,CCCGGTACTCTTTTGAGAGC,0,4191271
yadE_predicted,0.125,7,7,CCCGGAAGGTGAAAGATCTC,0,4165010
yadE_predicted,0.125,7,7,CCCGATCTCCCGAGGGGAAT,0,4204664
yadE_predicted,0.125,7,7,CCCGACATCTTTCTGGATTC,0,4191560
yadE_predicted,0.125,7,7,CCCCTAAAATAGCTCTACGT,0,4176195
yadE_predicted,0.125,7,7,CCCCCTAATTTATTTCATAC,0,4198643
yadE_predicted,0.125,7,7,CCCAGCCCTCAAAACGTCTT,0,4205044
yadE_predicted,0.125,7,7,CCCAGCAATCCAATGCATGT,0,4181281
yadE_predicted,0.125,7,7,CCCAGAAGAAGGCTTTAACG,0,4188823
yadE_predicted,0.125,7,7,CCCACTGTCCTCATCAGAGT,0,4223596
yadE_predicted,0.125,7,7,CCCACCTAGCAGTCGCAAAC,0,4199389
yadE_predicted,0.125,7,7,CCATTCGGGTGCTGTAGGTT,0,4228240
yadE_predicted,0.125,7,7,CCATTCGAACATCAGACCCA,0,4213715
yadE_predicted,0.125,7,7,CCATGGGGTGAGTTGCCCAG,0,4161587
yadE_predicted,0.125,7,7,CCATGCTGGTACCCTCAGGG,0,4186302
yadE_predicted,0.125,7,7,CCATGACTACGCAGTGTGTT,0,4219392
yadE_predicted,0.125,7,7,CCAGTGTCATACACTGGACC,0,4193337
yadE_predicted,0.125,7,7,CCAGTGAGTGTACGTTTTTA,0,4163065
yadE_predicted,0.125,7,7,CCAGGTGGATCTATCGTACA,0,4188298
yadE_predicted,0.125,7,7,CCAGGTAATCTCAAGATCGT,0,4209455
yadE_predicted,0.125,7,7,CCAGGGGCTTGTTGGTGGTT,0,4211972
yadE_predicted,0.125,7,7,CCAGCTGTTTCACGCCGGGA,0,4238458
yadE_predicted,0.125,7,7,CCACGTGATTTACGAGTGAC,0,4208619
yadE_predicted,0.125,7,7,CCACGCTAATGTGGAGCGTT,0,4169055
yadE_predicted,0.125,7,7,CCACCCCTATAGCTCATGTT,0,4165901
yadE_predicted,0.125,7,7,CCACATCTCCGGGAGCCTGA,0,4198225
yadE_predicted,0.125,7,7,CCACACTCTTATATCCACAT,0,4222618
yadE_predicted,0.125,7,7,CCAAGCATCCTCGCAGTTAG,0,4165237
yadE_predicted,0.125,7,7,CCAACTCCCTTCGTCAGTAA,0,4202984
yadE_predicted,0.125,7,7,CCAAATGTAAGGAACTCATG,0,4169814
yadE_predicted,0.125,7,7,CCAAAGTAGTCGGAGCTCCC,0,4220087
yadE_predicted,0.125,7,7,CATTTCGCACCCCAGGTGGG,0,4232364
yadE_predicted,0.125,7,7,CATTTCCTTTGTTAACTGTA,0,4166452
yadE_predicted,0.125,7,7,CATTGAGTCCGAATTTTTGA,0,4161624
yadE_predicted,0.125,7,7,CATTCAGCCTCGGAACCTGG,0,4237914
yadE_predicted,0.125,7,7,CATGGGGTAGGCCGAAAATA,0,4215949
yadE_predicted,0.125,7,7,CATGCAAGGAAGCGAGGTCA,0,4190646
yadE_predicted,0.125,7,7,CATGAACTGGATTACTCCAA,0,4191208
yadE_predicted,0.125,7,7,CATCGGTTCTCGGTGAGCAG,0,4179467
yadE_predicted,0.125,7,7,CATCGGGGATTATTCTCCAT,0,4170360
yadE_predicted,0.125,7,7,CATCCATATAATCCCGATCA,0,4236374
yadE_predicted,0.125,7,7,CATATCCCCGGACCCGAGGA,0,4202405
yadE_predicted,0.125,7,7,CATAGGACGTAACATGGAGT,0,4194937
yadE_predicted,0.125,7,7,CATAGACGGAATACAACGTC,0,4193149
yadE_predicted,0.125,7,7,CATACTTTCTTCGTCGTATT,0,4207654
yadE_predicted,0.125,7,7,CATACCAATACTGGGGGGGT,0,4209099
yadE_predicted,0.125,7,7,CATACACGTTTCGGTGACCC,0,4185691
yadE_predicted,0.125,7,7,CATAAATTTGAGCACAGCCA,0,4180735
yadE_predicted,0.125,7,7,CAGTTTCGAATACGTCTTCT,0,4235975
yadE_predicted,0.125,7,7,CAGTTATAGCCGCGGTAAGT,0,4235235
yadE_predicted,0.125,7,7,CAGTGCTGTAAAATTTTCAC,0,4191621
yadE_predicted,0.125,7,7,CAGTCGGGAACAGCCCAACT,0,4165789
yadE_predicted,0.125,7,7,CAGTCGATCATGCCATTTCG,0,4218867
yadE_predicted,0.125,7,7,CAGGTTCACTAAAGGGGTGT,0,4237764
yadE_predicted,0.125,7,7,CAGGTGGCCAACATGATTCT,0,4221324
yadE_predicted,0.125,7,7,CAGGTAAATTACTGGGACGT,0,4186954
yadE_predicted,0.125,7,7,CAGGGTAGCCAGGCCGTGCT,0,4214466
yadE_predicted,0.125,7,7,CAGGGCATAGCGGGAGCGGC,0,4234897
yadE_predicted,0.125,7,7,CAGGGAAACCTTAATTTGTG,0,4180040
yadE_predicted,0.125,7,7,CAGGCCACGGGAATTTCGTG,0,4189563
yadE_predicted,0.125,7,7,CAGGATGACTAGGTGACACC,0,4183712
yadE_predicted,0.125,7,7,CAGGATGACGGACATAAGAG,0,4162597
yadE_predicted,0.125,7,7,CAGGAAAGAATAGTGGGTAG,0,4167735
yadE_predicted,0.125,7,7,CAGCTAGGATTCACATATGT,0,4231842
yadE_predicted,0.125,7,7,CAGCGTCGGGTGTCGCTCTT,0,4174142
yadE_predicted,0.125,7,7,CAGCCTAAGTGTGAAATTAA,0,4223598
yadE_predicted,0.125,7,7,CAGCCGGGCTGCTCTAGGAC,0,4170370
yadE_predicted,0.125,7,7,CAGCATGGTCTCACGATGAA,0,4194102
yadE_predicted,0.125,7,7,CAGATAAATCGCCCGATTTA,0,4172492
yadE_predicted,0.125,7,7,CAGAGCTCTACCACGGCGGG,0,4187942
yadE_predicted,0.125,7,7,CAGAACCGCCAGTTCCCAAT,0,4186529
yadE_predicted,0.125,7,7,CAGAAAGACAGAGGGGTGAA,0,4209883
yadE_predicted,0.125,7,7,CACTTCATGCGATTTTAGCG,0,4191029
yadE_predicted,0.125,7,7,CACTTCATGATAGGACTTAG,0,4175772
yadE_predicted,0.125,7,7,CACTTAGTTTGAAGCCACCT,0,4177614
yadE_predicted,0.125,7,7,CACTTAATTCGATGCGGGGA,0,4183226
yadE_predicted,0.125,7,7,CACTGGGCAGGCATGGCGTA,0,4240830
yadE_predicted,0.125,7,7,CACTGACAAATTACGGTGGT,0,4198168
yadE_predicted,0.125,7,7,CACTAAAGTCCCCAGTGCGG,0,4159828
yadE_predicted,0.125,7,7,CACGTCGTTGCTACGTCAGC,0,4235307
yadE_predicted,0.125,7,7,CACGTCACGGGAAGAATCCT,0,4224132
yadE_predicted,0.125,7,7,CACGGCCTGGGTTGGCCTCT,0,4209174
yadE_predicted,0.125,7,7,CACGGATGTGAACCTGCGGG,0,4232585
yadE_predicted,0.125,7,7,CACGGATACCTCCCAGAGCT,0,4236303
yadE_predicted,0.125,7,7,CACGATAACTCTCATAAACT,0,4235486
yadE_predicted,0.125,7,7,CACGAGAATGCGGTTCGACT,0,4208797
yadE_predicted,0.125,7,7,CACCGTGTCCCATATGGAGT,0,4171421
yadE_predicted,0.125,7,7,CACCGGAATAGTTATACATA,0,4176213
yadE_predicted,0.125,7,7,CACATAAAGGGCCGTTGGCT,0,4173868
yadE_predicted,0.125,7,7,CACAGAGCGACAAAGTGGAC,0,4216258
yadE_predicted,0.125,7,7,CACACCTCGTCGATATGTCA,0,4201775
yadE_predicted,0.125,7,7,CAATGAATGGGAGTTCGATG,0,4236065
yadE_predicted,0.125,7,7,CAATCTTTCGCTCAGTGTCC,0,4239404
yadE_predicted,0.125,7,7,CAATCTTTAAGAAGCACAGA,0,4211943
yadE_predicted,0.125,7,7,CAATCTATGCAAAGCCGCTG,0,4226972
yadE_predicted,0.125,7,7,CAATACACATGTGTGAGTCT,0,4164872
yadE_predicted,0.125,7,7,CAAGTCTTTTACGGATAATT,0,4170081
yadE_predicted,0.125,7,7,CAAGAAGTGAACAACGGAAA,0,4220494
yadE_predicted,0.125,7,7,CAACTTTGCAGGGGTTCACG,0,4187197
yadE_predicted,0.125,7,7,CAACTTCAGTTACATGCGGC,0,4213671
yadE_predicted,0.125,7,7,CAACTATAAGGAGGTGCGAA,0,4185456
yadE_predicted,0.125,7,7,CAACGGACAGCGGTCATATG,0,4202709
yadE_predicted,0.125,7,7,CAACGATAACATGTAAGGGA,0,4171959
yadE_predicted,0.125,7,7,CAAAGTGGCAGTCGAGCTGA,0,4216232
yadE_predicted,0.125,7,7,CAAAGGTGAGAATACAGATT,0,4164516
yadE_predicted,0.125,7,7,CAAAGGCATCAAGCAAAGCG,0,4178731
yadE_predicted,0.125,7,7,CAAACAGTCGGTAAAAACGC,0,4232597
yadE_predicted,0.125,7,7,CAAAAGAATCGAGATCTCGT,0,4239642
yadE_predicted,0.125,7,7,CAAAACTTACCAACTCTGTC,0,4199175
yadE_predicted,0.125,7,7,ATTTTTTCGGGGAAACGAAT,0,4227623
yadE_predicted,0.125,7,7,ATTTTGGGGAAAGGTGCTTC,0,4203461
yadE_predicted,0.125,7,7,ATTTCTCTGTCCGGAAATCA,0,4186587
yadE_predicted,0.125,7,7,ATTTCGCTAGGGCTATGCGT,0,4222908
yadE_predicted,0.125,7,7,ATTTACAGTTGATGGGCGGG,0,4190230
yadE_predicted,0.125,7,7,ATTTAATAGGCACGACACGG,0,4237685
yadE_predicted,0.125,7,7,ATTGTGTTGTGCCCTTTTTG,0,4230631
yadE_predicted,0.125,7,7,ATTGCTCATGAAGTGTAGTG,0,4193982
yadE_predicted,0.125,7,7,ATTCTTTGTTAACCGTCCAT,0,4164787
yadE_predicted,0.125,7,7,ATTCTAGGCTTCATCATGAA,0,4172171
yadE_predicted,0.125,7,7,ATTCGGGGTAGCGCATACAG,0,4239779
yadE_predicted,0.125,7,7,ATTCGGATACTATGCTTGGA,0,4229801
yadE_predicted,0.125,7,7,ATTCCTCTATCCTCCCAGTA,0,4168768
yadE_predicted,0.125,7,7,ATTCCAGTAAAGGTGAATCA,0,4180757
yadE_predicted,0.125,7,7,ATTCAGTTAGACTCTCGGAC,0,4172956
yadE_predicted,0.125,7,7,ATTATGGCTTAGACGCAAGG,0,4200716
yadE_predicted,0.125,7,7,ATTAGGCTATTTCGCACTAC,0,4169042
yadE_predicted,0.125,7,7,ATGTTTCGATATACCATAGT,0,4208659
yadE_predicted,0.125,7,7,ATGTTCTATTAGTATGCTCT,0,4196564
yadE_predicted,0.125,7,7,ATGTGCATGCAGTAATCTTG,0,4188138
yadE_predicted,0.125,7,7,ATGTGATCGAGGTTGGCTCG,0,4206147
yadE_predicted,0.125,7,7,ATGTGATCCTGAGGTAGGTT,0,4159446
yadE_predicted,0.125,7,7,ATGTCTCTTCGACCCACGGA,0,4216828
yadE_predicted,0.125,7,7,ATGTCGGCCCCATCATCAAC,0,4183674
yadE_predicted,0.125,7,7,ATGTAGGACTGGCGTATATT,0,4231958
yadE_predicted,0.125,7,7,ATGTACCGTTTCGTTGCACA,0,4183254
yadE_predicted,0.125,7,7,ATGGTATGCTTTGTCATCGA,0,4230435
yadE_predicted,0.125,7,7,ATGGGGTCATCGACTCCTTG,0,4175264
yadE_predicted,0.125,7,7,ATGGGGTAGCAGCTTTCTGT,0,4193706
yadE_predicted,0.125,7,7,ATGGCAACACGGGTACGCAA,0,4176266
yadE_predicted,0.125,7,7,ATGCTGATTTGGATTAGGTT,0,4168630
yadE_predicted,0.125,7,7,ATGCTCTTGTAGTCAGTGGG,0,4167929
yadE_predicted,0.125,7,7,ATGCCTCTTCGGCTTCGTCT,0,4170109
yadE_predicted,0.125,7,7,ATGCCGCCTTCCATAAGTCA,0,4235006
yadE_predicted,0.125,7,7,ATGCCAGCAATTGTGTAGGC,0,4194618
yadE_predicted,0.125,7,7,ATGATGGGTTGCCGCATAGA,0,4241167
yadE_predicted,0.125,7,7,ATGATCGGCCACTAGATTTA,0,4222821
yadE_predicted,0.125,7,7,ATGATAATTTAAAATTCAGG,0,4213578
yadE_predicted,0.125,7,7,ATGAGCAATTTTTTACAGGA,0,4175244
yadE_predicted,0.125,7,7,ATGACCGTCAGGCTCGGATA,0,4161134
yadE_predicted,0.125,7,7,ATCTGTCACTGCTGGCTATA,0,4187017
yadE_predicted,0.125,7,7,ATCTCCACAAGTAGGGAATC,0,4236989
yadE_predicted,0.125,7,7,ATCTCATTTGGGTCCCAGCG,0,4203139
yadE_predicted,0.125,7,7,ATCGTAGGGTCCAATATCCC,0,4190271
yadE_predicted,0.125,7,7,ATCGGTGCACCCCGTCCTCA,0,4196339
yadE_predicted,0.125,7,7,ATCGGGTTACCATTTTCAAA,0,4232938
yadE_predicted,0.125,7,7,ATCGGAATGCTCTATAAGGC,0,4216422
yadE_predicted,0.125,7,7,ATCGAGCGAAATTTTAAGAA,0,4228946
yadE_predicted,0.125,7,7,ATCCTCCACAGATCCGCTCT,0,4219869
yadE_predicted,0.125,7,7,ATCCCACAGGCTTTCTTATT,0,4217962
yadE_predicted,0.125,7,7,ATCCAATATATAAGGTGGTA,0,4201525
yadE_predicted,0.125,7,7,ATCATCAGATAGCTATCAGT,0,4181052
yadE_predicted,0.125,7,7,ATCATCAAATGAGACAGCTA,0,4198937
yadE_predicted,0.125,7,7,ATCACGCTTACAGTTTTGAT,0,4205109
yadE_predicted,0.125,7,7,ATCAAGATGTCCCGCTTCTC,0,4174467
yadE_predicted,0.125,7,7,ATATGCACGCCATGTCTGGT,0,4173551
yadE_predicted,0.125,7,7,ATATCGTCTACATAATTGAA,0,4220912
yadE_predicted,0.125,7,7,ATATCCTAACGTACCTGTTC,0,4239510
yadE_predicted,0.125,7,7,ATATCAGGAGCCGCATGCCT,0,4223397
yadE_predicted,0.125,7,7,ATATAGTACAGTTAAGGGTC,0,4212548
yadE_predicted,0.125,7,7,ATATAGTAAATCGCTGCCGT,0,4160508
yadE_predicted,0.125,7,7,ATATACACACGGCGGACGGG,0,4193748
yadE_predicted,0.125,7,7,ATAGTGGTCTGACCAACGCG,0,4168877
yadE_predicted,0.125,7,7,ATAGTCCTGTGCTCATTAAG,0,4169236
yadE_predicted,0.125,7,7,ATAGGCAAATGGCACTTAGC,0,4163241
yadE_predicted,0.125,7,7,ATAGCAAGTGGCCTGACTGA,0,4232959
yadE_predicted,0.125,7,7,ATAGAATCGTGGGATTCATT,0,4166228
yadE_predicted,0.125,7,7,ATACTCTCAAGTTATTAAGA,0,4233907
yadE_predicted,0.125,7,7,ATACGCGCCACGGTTTTTAA,0,4236917
yadE_predicted,0.125,7,7,ATACCACATAAGACCACCCG,0,4222568
yadE_predicted,0.125,7,7,ATAATTTTCTGTTAGAGTGT,0,4204956
yadE_predicted,0.125,7,7,ATAACTAGGTTAATTTCATC,0,4201728
yadE_predicted,0.125,7,7,ATAAACGAATTCTCTTGTAA,0,4207412
yadE_predicted,0.125,7,7,AGTTTGTAAATGTGACCGTG,0,4176707
yadE_predicted,0.125,7,7,AGTTGTCGCGAAGTGTCGAG,0,4217911
yadE_predicted,0.125,7,7,AGTTGCAGCCCCATCGTTTC,0,4234697
yadE_predicted,0.125,7,7,AGTTGACCCAGTGTTCAAGG,0,4238817
yadE_predicted,0.125,7,7,AGTTCACTAGAACAGCCGAG,0,4220046
yadE_predicted,0.125,7,7,AGTTACTAGGATAGCCCCGT,0,4189567
yadE_predicted,0.125,7,7,AGTGTTGGGATTCTGGTAAA,0,4163208
yadE_predicted,0.125,7,7,AGTGTTGGAGCTCTTAACAG,0,4166556
yadE_predicted,0.125,7,7,AGTGTATAGGGATTAAACTA,0,4191509
yadE_predicted,0.125,7,7,AGTGCAGGGATTTAGCAGAT,0,4225144
yadE_predicted,0.125,7,7,AGTGATCGCATAGTTGAATG,0,4188082
yadE_predicted,0.125,7,7,AGTGACGATAAAAGATTGGA,0,4235300
yadE_predicted,0.125,7,7,AGTCGCTTTTCTCAGTTGAA,0,4223090
yadE_predicted,0.125,7,7,AGTCGCCCGATTACTGTTCC,0,4234336
yadE_predicted,0.125,7,7,AGTCATCGGACAAGTGTAGA,0,4201215
yadE_predicted,0.125,7,7,AGTATGCGAAAACTGCGGCT,0,4192936
yadE_predicted,0.125,7,7,AGTATGACAGTCGTCATAAA,0,4229526
yadE_predicted,0.125,7,7,AGTAATATAGTTTAACCGGA,0,4216228
yadE_predicted,0.125,7,7,AGGTTACAAAGTGTATTGGC,0,4236019
yadE_predicted,0.125,7,7,AGGTGTGAGACATAGTTGAC,0,4175370
yadE_predicted,0.125,7,7,AGGTGTGACGCTTACACGTA,0,4234032
yadE_predicted,0.125,7,7,AGGTCTAATACTACAGCGCA,0,4189409
yadE_predicted,0.125,7,7,AGGTCGCCTACTTCCTGGTC,0,4170172
yadE_predicted,0.125,7,7,AGGTCACACGGGCCGTACTT,0,4237327
yadE_predicted,0.125,7,7,AGGTATACACCACCTGCTCC,0,4197251
yadE_predicted,0.125,7,7,AGGGTTGACATTTTCGTACG,0,4214808
yadE_predicted,0.125,7,7,AGGGTCGGTGCTCGTACGCA,0,4177935
yadE_predicted,0.125,7,7,AGGGTACTTCTTCTTTGTTT,0,4229663
yadE_predicted,0.125,7,7,AGGGGCAATTGGCCATTGGA,0,4237460
yadE_predicted,0.125,7,7,AGGGGCAACAGTTTATCCAT,0,4173720
yadE_predicted,0.125,7,7,AGGGCGAGCTATGCTGCACG,0,4238320
yadE_predicted,0.125,7,7,AGGGCCTTTTGCGTGACCAA,0,4238485
yadE_predicted,0.125,7,7,AGGGCATACCGCCGTAGCCC,0,4238568
yadE_predicted,0.125,7,7,AGGGACGCCCCGAGCAATTT,0,4233806
yadE_predicted,0.125,7,7,AGGCTAAAACGTAACAGGCT,0,4171827
yadE_predicted,0.125,7,7,AGGATTTTGCAGGCGATTAC,0,4210288
yadE_predicted,0.125,7,7,AGGATTAATTCTCGTCTTGG,0,4239126
yadE_predicted,0.125,7,7,AGGATACGCGTCCCCCTACC,0,4228027
yadE_predicted,0.125,7,7,AGGAGTTGGAATGGAGACAC,0,4184795
yadE_predicted,0.125,7,7,AGGAACCCTTCACCGGCGAA,0,4162999
yadE_predicted,0.125,7,7,AGGAAACCAAGCCGGGGAAT,0,4195424
yadE_predicted,0.125,7,7,AGGAAAAGTAGCGGGCAAAA,0,4230658
yadE_predicted,0.125,7,7,AGCTTTCATAGTTGCCCGGA,0,4181782
yadE_predicted,0.125,7,7,AGCTTGGGGGCACGGTTGTG,0,4231906
yadE_predicted,0.125,7,7,AGCTGGTCTACATAGGGTTG,0,4225341
yadE_predicted,0.125,7,7,AGCTGGGGCAGGTCCGACAC,0,4215701
yadE_predicted,0.125,7,7,AGCTCAGCCCTAAGTATCAG,0,4203228
yadE_predicted,0.125,7,7,AGCTCACGATGCTAAGGGTA,0,4234300
yadE_predicted,0.125,7,7,AGCTACACGAGGCTTCGACT,0,4205606
yadE_predicted,0.125,7,7,AGCGGGCGCGTCCTTACGGG,0,4192542
yadE_predicted,0.125,7,7,AGCGCGCGAACCCTTGCCTA,0,4233216
yadE_predicted,0.125,7,7,AGCGCGAATCGTTCGGGCGG,0,4197479
yadE_predicted,0.125,7,7,AGCCTATTTCTGAATCTTGG,0,4231643
yadE_predicted,0.125,7,7,AGCCAACACAGGGCACATTG,0,4234852
yadE_predicted,0.125,7,7,AGCAGGGCCATACGCACGGT,0,4200380
yadE_predicted,0.125,7,7,AGCACCACGTGTATTGGTGA,0,4210403
yadE_predicted,0.125,7,7,AGCAATCGTACCAGGACGGG,0,4190132
yadE_predicted,0.125,7,7,AGCAAGAGTAAGTGATAGTA,0,4197387
yadE_predicted,0.125,7,7,AGCAAAGCGCTAAGTGCAGA,0,4232950
yadE_predicted,0.125,7,7,AGATTACAATACACGACGTA,0,4183339
yadE_predicted,0.125,7,7,AGATAGGTACATTCCGGTGC,0,4196919
yadE_predicted,0.125,7,7,AGATAGAGTACCGCACGATG,0,4159823
yadE_predicted,0.125,7,7,AGATACACATTAGTGTATAG,0,4218920
yadE_predicted,0.125,7,7,AGAGACGCCCGACAGAAGAC,0,4180469
yadE_predicted,0.125,7,7,AGAGAATGTGCGCATTGAAC,0,4231357
yadE_predicted,0.125,7,7,AGACCTGTCGCATGCCATTC,0,4219323
yadE_predicted,0.125,7,7,AGACATAGGTCACTTTGTCA,0,4187811
yadE_predicted,0.125,7,7,AGAAGACCATCGATGCCGAC,0,4169657
yadE_predicted,0.125,7,7,AGAACGTTAAATGTGACCGA,0,4223137
yadE_predicted,0.125,7,7,AGAACCGGTCATTCATGTGA,0,4178651
yadE_predicted,0.125,7,7,AGAACAGTTCTATGCGCCGT,0,4204160
yadE_predicted,0.125,7,7,AGAAAGTAGCCCCGGAAAAA,0,4175725
yadE_predicted,0.125,7,7,ACTTTCGCGGGTACCTACAT,0,4162094
yadE_predicted,0.125,7,7,ACTTTAGCCGTCCTAAGCGT,0,4176776
yadE_predicted,0.125,7,7,ACTTCCAAGGAATACACCGC,0,4190121
yadE_predicted,0.125,7,7,ACTTCATACACTTGACTGCT,0,4204969
yadE_predicted,0.125,7,7,ACTTATAACAATCTTTCGGT,0,4173177
yadE_predicted,0.125,7,7,ACTTACCTACCAAGGAACAA,0,4181291
yadE_predicted,0.125,7,7,ACTGTTTTGGATTATATAGA,0,4234722
yadE_predicted,0.125,7,7,ACTGTTAGAAAGGTGACGCT,0,4195271
yadE_predicted,0.125,7,7,ACTGGCTTATTTTAACATCG,0,4169510
yadE_predicted,0.125,7,7,ACTGCGAACTACCAGGCGCA,0,4186580
yadE_predicted,0.125,7,7,ACTGCCGCATGATTAAAATT,0,4204300
yadE_predicted,0.125,7,7,ACTCTATTGAAATTCAGACT,0,4190908
yadE_predicted,0.125,7,7,ACTCGATTTCTGCAGTGTCC,0,4162161
yadE_predicted,0.125,7,7,ACTCAATGGTGAATGTGCCT,0,4227102
yadE_predicted,0.125,7,7,ACTCAATCACTCCAGTGCGG,0,4163481
yadE_predicted,0.125,7,7,ACTATTGCTAGAGGTAGTAG,0,4231750
yadE_predicted,0.125,7,7,ACTATCATGCTTGTGGCTCG,0,4183828
yadE_predicted,0.125,7,7,ACTATACATCTCTCGAAGCA,0,4181156
yadE_predicted,0.125,7,7,ACTAGGTTATGATTTAGGGT,0,4209153
yadE_predicted,0.125,7,7,ACTAGCTATCTATATAGCCG,0,4229711
yadE_predicted,0.125,7,7,ACTACTGCCGCGATATTTGC,0,4208266
yadE_predicted,0.125,7,7,ACTACCCCACACGTATTTTG,0,4240426
yadE_predicted,0.125,7,7,ACGTTGTTACCGTCTGGAGG,0,4162065
yadE_predicted,0.125,7,7,ACGGTGACGGGCTTTCAAGA,0,4200408
yadE_predicted,0.125,7,7,ACGGGACGGTTGCGGTGGAA,0,4209214
yadE_predicted,0.125,7,7,ACGGAGCGCGGGGAAATATA,0,4179793
yadE_predicted,0.125,7,7,ACGGACACGCGTCGGCTCGT,0,4204166
yadE_predicted,0.125,7,7,ACGCGTCCGCGGGATGAAGA,0,4202027
yadE_predicted,0.125,7,7,ACGCGCAGTGTCCGAGACAT,0,4241447
yadE_predicted,0.125,7,7,ACGCCTGTCTTGGTGGCCTA,0,4210339
yadE_predicted,0.125,7,7,ACGCATCACCAGGCGTAGAT,0,4188727
yadE_predicted,0.125,7,7,ACGCAGCCTTTATATCGCTG,0,4187414
yadE_predicted,0.125,7,7,ACGCACTGCATCATTTATGG,0,4162437
yadE_predicted,0.125,7,7,ACGATACAAGAAGGCCTGAT,0,4159396
yadE_predicted,0.125,7,7,ACGAGGTAAATACCTTGATG,0,4205281
yadE_predicted,0.125,7,7,ACGAGGGGACCTTAATTTAC,0,4206244
yadE_predicted,0.125,7,7,ACGACAGTTGGGCGAATCCA,0,4217850
yadE_predicted,0.125,7,7,ACGAATCGGGGACTCAGTGG,0,4161543
yadE_predicted,0.125,7,7,ACCTGCTTGGGTACGCGGCT,0,4196748
yadE_predicted,0.125,7,7,ACCTCGAAAACAGAAAAATG,0,4193571
yadE_predicted,0.125,7,7,ACCTAGTGTACAATGCGCCA,0,4185342
yadE_predicted,0.125,7,7,ACCTAGCTTAGTAGCCAAAC,0,4226422
yadE_predicted,0.125,7,7,ACCTACTTGCCGTGACTCAT,0,4230488
yadE_predicted,0.125,7,7,ACCTACCAGGAACAGGCCTG,0,4208254
yadE_predicted,0.125,7,7,ACCGGTATGTGTAAGATACT,0,4167583
yadE_predicted,0.125,7,7,ACCGGATTATTAAGGTGTGT,0,4208207
yadE_predicted,0.125,7,7,ACCGAGGGACCCCTTTACTA,0,4194189
yadE_predicted,0.125,7,7,ACCCTGATGGGTTTTCAGGT,0,4211115
yadE_predicted,0.125,7,7,ACCCGCACGTTAAACAGAAC,0,4217489
yadE_predicted,0.125,7,7,ACCAGCCGAACATAACGAAT,0,4227775
yadE_predicted,0.125,7,7,ACCACTGACTTAAAAAAATA,0,4192719
yadE_predicted,0.125,7,7,ACATTTAATATGTGCGTCCC,0,4236953
yadE_predicted,0.125,7,7,ACATTCATTTAGGTCATGTG,0,4162200
yadE_predicted,0.125,7,7,ACATTAGCGCCGTGATGCTT,0,4193026
yadE_predicted,0.125,7,7,ACATGCAAGATGTGGAAGTG,0,4218905
yadE_predicted,0.125,7,7,ACATCTACGAATGGAGCCCT,0,4241146
yadE_predicted,0.125,7,7,ACAGGTCCGAGGCCAAACCT,0,4227946
yadE_predicted,0.125,7,7,ACAGGGAAATTTTATTATAG,0,4235402
yadE_predicted,0.125,7,7,ACAGCGCGCTCACTAGCCCA,0,4212283
yadE_predicted,0.125,7,7,ACAGCATAAATTCAATAACG,0,4189411
yadE_predicted,0.125,7,7,ACAGCAGGAGTAGTAACCTA,0,4197852
yadE_predicted,0.125,7,7,ACACTTGGTAGACGCCCTTT,0,4198133
yadE_predicted,0.125,7,7,ACACTGTGAAGTGTAGGAAA,0,4181374
yadE_predicted,0.125,7,7,ACACGCATCCTTTTGATTGA,0,4197553
yadE_predicted,0.125,7,7,ACACGACTGTTGACCCTGCT,0,4239666
yadE_predicted,0.125,7,7,ACACCAGCCCACGTTTCGCA,0,4179927
yadE_predicted,0.125,7,7,ACAATGAAGTGGTGTCTATG,0,4205086
yadE_predicted,0.125,7,7,ACAAAATGATGAAGACTCTG,0,4164904
yadE_predicted,0.125,7,7,AATTTGTAAAGGGTTCGATG,0,4164241
yadE_predicted,0.125,7,7,AATTTGATCAGAAAAAAGGT,0,4214561
yadE_predicted,0.125,7,7,AATTGTTTGTGAACACATCA,0,4205896
yadE_predicted,0.125,7,7,AATTACCCGAGTTGAGATTC,0,4205600
yadE_predicted,0.125,7,7,AATTAACTGCTAAGATTGAT,0,4232175
yadE_predicted,0.125,7,7,AATGGTGGTTTACGTATAGA,0,4175360
yadE_predicted,0.125,7,7,AATGCACAGACAGAGGGGGT,0,4161183
yadE_predicted,0.125,7,7,AATGCAAACTGAAATCCTTA,0,4208348
yadE_predicted,0.125,7,7,AATCGCAGGTCCGATCACCT,0,4236149
yadE_predicted,0.125,7,7,AATCCATGTCACCTCTTGGT,0,4199624
yadE_predicted,0.125,7,7,AATCAGTTTGGGGTTCTATG,0,4179503
yadE_predicted,0.125,7,7,AATCAGGCCATAGTATGTTA,0,4179205
yadE_predicted,0.125,7,7,AATCAGACGAGTGCAGACAT,0,4221634
yadE_predicted,0.125,7,7,AATCAAAGACTGATACAAAC,0,4196888
yadE_predicted,0.125,7,7,AATATGGGGGCTCTTTCTTG,0,4216904
yadE_predicted,0.125,7,7,AATATGAGGTAGCCTAATAA,0,4238966
yadE_predicted,0.125,7,7,AATACGCAGTCAACGCCATT,0,4169994
yadE_predicted,0.125,7,7,AATACCGTCAGTTAAGGCTT,0,4201724
yadE_predicted,0.125,7,7,AATAAGCTGACAGTCGAGTG,0,4159854
yadE_predicted,0.125,7,7,AAGTTGGTGTCCTGTTCAGA,0,4240785
yadE_predicted,0.125,7,7,AAGTGGTTATGCCATATTTA,0,4169448
yadE_predicted,0.125,7,7,AAGTGCGGTTAGCTATTCAC,0,4180098
yadE_predicted,0.125,7,7,AAGGGACGATGTAGGTAATG,0,4194341
yadE_predicted,0.125,7,7,AAGGACTGTAGTGGGGAAGA,0,4199555
yadE_predicted,0.125,7,7,AAGCGGAATACCACGATTGT,0,4202334
yadE_predicted,0.125,7,7,AAGCCTTTGATGGTGCTAAC,0,4175891
yadE_predicted,0.125,7,7,AAGCCACCCAGGTTAGCGGG,0,4214464
yadE_predicted,0.125,7,7,AAGCACACTTTCATCGTATG,0,4196059
yadE_predicted,0.125,7,7,AAGATCATGCGTAGCTACTT,0,4180762
yadE_predicted,0.125,7,7,AAGATACTATTCGGTAATTC,0,4169972
yadE_predicted,0.125,7,7,AAGAGCCGAAAGCGAGTCGT,0,4232332
yadE_predicted,0.125,7,7,AAGAGAAACGTAGGCACAAA,0,4228278
yadE_predicted,0.125,7,7,AAGAAGGGCTCGGGTTCCCT,0,4206316
yadE_predicted,0.125,7,7,AAGAACAGACTTAGACTGGC,0,4193396
yadE_predicted,0.125,7,7,AACTTAGAGCAAATTTCAAA,0,4207666
yadE_predicted,0.125,7,7,AACTGGGTAACGACTTGTTC,0,4193579
yadE_predicted,0.125,7,7,AACTGCGGACAGAGGTCCCT,0,4178867
yadE_predicted,0.125,7,7,AACTAGGAAGGCAAGCGGTA,0,4190071
yadE_predicted,0.125,7,7,AACTAGCGGCGACTTGCCCA,0,4176409
yadE_predicted,0.125,7,7,AACTACATAACAAGGGATAC,0,4227983
yadE_predicted,0.125,7,7,AACGTCTAGCTGGCTCTACT,0,4160510
yadE_predicted,0.125,7,7,AACGCGCGCCTCCAGTCCTG,0,4191620
yadE_predicted,0.125,7,7,AACGCAAAATAGAATGCGGT,0,4218868
yadE_predicted,0.125,7,7,AACGAGTGCACTCTGCTGCT,0,4239565
yadE_predicted,0.125,7,7,AACCTTATCCCGCCCGGCGG,0,4189537
yadE_predicted,0.125,7,7,AACCTGCAGTAATCTGTACT,0,4190470
yadE_predicted,0.125,7,7,AACCCAGCGAGTGATCCCTT,0,4204229
yadE_predicted,0.125,7,7,AACATTTGCGTAGGCTAATG,0,4199437
yadE_predicted,0.125,7,7,AACAAAATTGTGATGTTTGA,0,4162857
yadE_predicted,0.125,7,7,AAATGCTCCGGGGGAATAGC,0,4168956
yadE_predicted,0.125,7,7,AAATCTGTGTGGCCGAGAAC,0,4177336
yadE_predicted,0.125,7,7,AAAGGTAGCAATACCGCCAA,0,4182362
yadE_predicted,0.125,7,7,AAAGCGTATCGTTTAGCCCT,0,4169483
yadE_predicted,0.125,7,7,AAAGAGGAAGGACTCATAGG,0,4161278
yadE_predicted,0.125,7,7,AAACTGGCCAAACAGACCCT,0,4215207
yadE_predicted,0.125,7,7,AAACTAGATGCTGTTCAGTT,0,4237228
yadE_predicted,0.125,7,7,AAACGAAATTGAGGGCCATG,0,4206595
yadE_predicted,0.125,7,7,AAACCGCGGGAATGATATAA,0,4204470
yadE_predicted,0.125,7,7,AAACCCTTTTATAAATGGAG,0,4235229
yadE_predicted,0.125,7,7,AAACCCAGGGTAAACGCAAT,0,4227035
yadE_predicted,0.125,7,7,AAAAGGCGGATAGTCCCTGA,0,4229798
yadE_predicted,0.125,7,7,AAAAGCTTGAAAGTAAAAAT,0,4212894
yadE_predicted,0.125,7,7,AAAAGCGCGTGTAGGCACCA,0,4200726
yadE_predicted,0.125,7,7,AAAACCGTTCTTCAAATTAC,0,4208138
yadE_predicted,0.125,7,7,AAAAAGACTAGACAAAGGTC,0,4184471
yadE_predicted,0.14285714285714285,6,6,TTTTGGTAATTCAAGTGTCT,0,4225088
yadE_predicted,0.14285714285714285,6,6,TTTTGGAGCTAAGTCACGTA,0,4167391
yadE_predicted,0.14285714285714285,6,6,TTTTGCCAAACCGACTGGAA,0,4215686
yadE_predicted,0.14285714285714285,6,6,TTTTGAACCCTTTAGATCTC,0,4202063
yadE_predicted,0.14285714285714285,6,6,TTTTCGCGGAATACGTTGGT,0,4230959
yadE_predicted,0.14285714285714285,6,6,TTTTAGTCATATCATGAGTA,0,4235818
yadE_predicted,0.14285714285714285,6,6,TTTTAATCTTGATTACAGCA,0,4166813
yadE_predicted,0.14285714285714285,6,6,TTTGTCATTAAGAGACTGTC,0,4191037
yadE_predicted,0.14285714285714285,6,6,TTTGGGGTCTAGTGCTAAGA,0,4219929
yadE_predicted,0.14285714285714285,6,6,TTTGGATATGTGCACTTAAG,0,4172494
yadE_predicted,0.14285714285714285,6,6,TTTGCTTCTAATCTGGTAGC,0,4213163
yadE_predicted,0.14285714285714285,6,6,TTTGCATATGCTAGAAGCAG,0,4230298
yadE_predicted,0.14285714285714285,6,6,TTTGAGTCATACACGGAAAT,0,4169250
yadE_predicted,0.14285714285714285,6,6,TTTCGGCCGAGTTTTTACCA,0,4161180
yadE_predicted,0.14285714285714285,6,6,TTTCGATACCATACCGCGAT,0,4205061
yadE_predicted,0.14285714285714285,6,6,TTTCCATTGTGCTAGCCGTT,0,4200345
yadE_predicted,0.14285714285714285,6,6,TTTCCACTTGCAGATTCTCA,0,4214649
yadE_predicted,0.14285714285714285,6,6,TTTCATGCGGAAATTAGCAA,0,4169559
yadE_predicted,0.14285714285714285,6,6,TTTCAGGTAATGCCGTGGTG,0,4186010
yadE_predicted,0.14285714285714285,6,6,TTTCAATTCCTGTACACACG,0,4187876
yadE_predicted,0.14285714285714285,6,6,TTTAGGATATTTCAGAGGGT,0,4220285
yadE_predicted,0.14285714285714285,6,6,TTTACCCCCCCAATGCCGGC,0,4202013
yadE_predicted,0.14285714285714285,6,6,TTTAAGGGTGTGTACCTCAA,0,4216570
yadE_predicted,0.14285714285714285,6,6,TTTAAGGACCAATCAGTCGT,0,4191504
yadE_predicted,0.14285714285714285,6,6,TTTAAGCACAGAATGGACGG,0,4172231
yadE_predicted,0.14285714285714285,6,6,TTTAACCGATGAGCGAGCGT,0,4201284
yadE_predicted,0.14285714285714285,6,6,TTGTTTAGAGGCTTGGTTGA,0,4231059
yadE_predicted,0.14285714285714285,6,6,TTGTTCATATCCGAACTTAT,0,4223218
yadE_predicted,0.14285714285714285,6,6,TTGTCCTGCCGTTTCCTAAA,0,4213594
yadE_predicted,0.14285714285714285,6,6,TTGTAGTCGGATCGGTTAGT,0,4237596
yadE_predicted,0.14285714285714285,6,6,TTGTACCTTTTTAATGTTCG,0,4237947
yadE_predicted,0.14285714285714285,6,6,TTGTAATGGCCTTGGCTTTG,0,4193442
yadE_predicted,0.14285714285714285,6,6,TTGGTCTAAATTTATTACAG,0,4176974
yadE_predicted,0.14285714285714285,6,6,TTGGGTACTGTGCGTACTGA,0,4233899
yadE_predicted,0.14285714285714285,6,6,TTGGGGGACCTAATCGCAAC,0,4200152
yadE_predicted,0.14285714285714285,6,6,TTGCTCCACGGCGGCCTACG,0,4196071
yadE_predicted,0.14285714285714285,6,6,TTGCTACGTCAATTACGAAA,0,4175785
yadE_predicted,0.14285714285714285,6,6,TTGCATCGGTGCGAAAAGTG,0,4205266
yadE_predicted,0.14285714285714285,6,6,TTGATTTCATATAATGTTAC,0,4215903
yadE_predicted,0.14285714285714285,6,6,TTGATTGCATAGATCAACTA,0,4236502
yadE_predicted,0.14285714285714285,6,6,TTGATCACGGAGGCGGGATC,0,4197284
yadE_predicted,0.14285714285714285,6,6,TTGATCACGCGTCCGACATA,0,4198721
yadE_predicted,0.14285714285714285,6,6,TTGAGATCTAGGAATGTGCA,0,4224802
yadE_predicted,0.14285714285714285,6,6,TTGACTTTCCCCATGTGTGT,0,4167456
yadE_predicted,0.14285714285714285,6,6,TTGACATATGCATGAGACAA,0,4211797
yadE_predicted,0.14285714285714285,6,6,TTGAATGCAGAGACCGTGAT,0,4241009
yadE_predicted,0.14285714285714285,6,6,TTGAAGGACATCGTTCATGA,0,4200337
yadE_predicted,0.14285714285714285,6,6,TTGAAACAAACAGGGCCTTA,0,4160255
yadE_predicted,0.14285714285714285,6,6,TTCTAGGCACCGATCTATAC,0,4183027
yadE_predicted,0.14285714285714285,6,6,TTCGTGGGGACCAGTCGCGG,0,4221399
yadE_predicted,0.14285714285714285,6,6,TTCGGCAGCTCGACGGAATC,0,4177557
yadE_predicted,0.14285714285714285,6,6,TTCGCTCGGGTACCAAGACA,0,4173310
yadE_predicted,0.14285714285714285,6,6,TTCGAGAGGGCAAAGGGTTA,0,4204437
yadE_predicted,0.14285714285714285,6,6,TTCGACTGGGTTTCAAATCG,0,4214253
yadE_predicted,0.14285714285714285,6,6,TTCCTATCCTACCATGTCAT,0,4197872
yadE_predicted,0.14285714285714285,6,6,TTCCGATCCAGGCTGGCACC,0,4172750
yadE_predicted,0.14285714285714285,6,6,TTCCCTCTCGAGGCCCGAGG,0,4227720
yadE_predicted,0.14285714285714285,6,6,TTCCCGTGGGAGTCAGCGCC,0,4205309
yadE_predicted,0.14285714285714285,6,6,TTCCCGCCGGTGCGGAAGCT,0,4228362
yadE_predicted,0.14285714285714285,6,6,TTCCAGCGGCACAGATGTTC,0,4168272
yadE_predicted,0.14285714285714285,6,6,TTCCAAGGTTTCCAGTCGTA,0,4170855
yadE_predicted,0.14285714285714285,6,6,TTCATTGGCAGCCTGAGGTC,0,4167291
yadE_predicted,0.14285714285714285,6,6,TTCATACCAAATATCGCATC,0,4197229
yadE_predicted,0.14285714285714285,6,6,TTCAGTTTCTCATGTGCATT,0,4229308
yadE_predicted,0.14285714285714285,6,6,TTCAGGAGTGATTCCTAAAA,0,4183455
yadE_predicted,0.14285714285714285,6,6,TTCAGAGTAACGATGGTTTT,0,4160157
yadE_predicted,0.14285714285714285,6,6,TTCACAGAGTGCTGATTCAA,0,4193631
yadE_predicted,0.14285714285714285,6,6,TTCAAGCCGCACGGTTGCGA,0,4194076
yadE_predicted,0.14285714285714285,6,6,TTCAAGAGCAACGCTGATTG,0,4168483
yadE_predicted,0.14285714285714285,6,6,TTCAACTAGACGGGCTGGAG,0,4228815
yadE_predicted,0.14285714285714285,6,6,TTCAACGAATTGAATAGCTC,0,4231098
yadE_predicted,0.14285714285714285,6,6,TTCAACAGTACTGCTACCTT,0,4182420
yadE_predicted,0.14285714285714285,6,6,TTATGCGGCGAGAGCGGGAA,0,4165280
yadE_predicted,0.14285714285714285,6,6,TTAGGGCCTGCCAGAACTGT,0,4177316
yadE_predicted,0.14285714285714285,6,6,TTAGGGACGGAAGACGGTTC,0,4159419
yadE_predicted,0.14285714285714285,6,6,TTAGGGAATCTTAAGTGTTA,0,4239524
yadE_predicted,0.14285714285714285,6,6,TTAGGCGACCGGATAGAACC,0,4165396
yadE_predicted,0.14285714285714285,6,6,TTAGGAGGAAAATGGGTGAA,0,4203808
yadE_predicted,0.14285714285714285,6,6,TTAGCGTGAATTATGTCCCG,0,4188213
yadE_predicted,0.14285714285714285,6,6,TTAGCGTATCGCTGTGTTAA,0,4230862
yadE_predicted,0.14285714285714285,6,6,TTAGCGCAGGCGACGGCGAT,0,4199212
yadE_predicted,0.14285714285714285,6,6,TTAGCATAAGGTCTTAGTAG,0,4233117
yadE_predicted,0.14285714285714285,6,6,TTACTGATAACGGCAGAGTC,0,4167086
yadE_predicted,0.14285714285714285,6,6,TTACTCTTAGCGGTATATGA,0,4235004
yadE_predicted,0.14285714285714285,6,6,TTACTAACATACGAGACGCC,0,4215571
yadE_predicted,0.14285714285714285,6,6,TTACGGTCATTCCAACTCCC,0,4166291
yadE_predicted,0.14285714285714285,6,6,TTACCCCATTGTTTCGGTCA,0,4171636
yadE_predicted,0.14285714285714285,6,6,TTACCAAGTGAGCCGCCAGT,0,4181106
yadE_predicted,0.14285714285714285,6,6,TTACACTCCGACACTGCAAT,0,4239993
yadE_predicted,0.14285714285714285,6,6,TTAATTTTAGTGTTTATCTA,0,4236548
yadE_predicted,0.14285714285714285,6,6,TTAATCGTTTATCCAATGCA,0,4212817
yadE_predicted,0.14285714285714285,6,6,TTAATCAAGTGAATAGCTAA,0,4202228
yadE_predicted,0.14285714285714285,6,6,TTAAGCGATTCGGAGGTCCA,0,4215433
yadE_predicted,0.14285714285714285,6,6,TTAAGCCGTGGAAACACATC,0,4167382
yadE_predicted,0.14285714285714285,6,6,TTAAATTGGCTTCAACGACA,0,4174788
yadE_predicted,0.14285714285714285,6,6,TGTTTCATGTCAGTTTCAAC,0,4215737
yadE_predicted,0.14285714285714285,6,6,TGTTATGCCATCGCAAAACG,0,4211930
yadE_predicted,0.14285714285714285,6,6,TGTTAATACGTGCGTCTCGC,0,4210874
yadE_predicted,0.14285714285714285,6,6,TGTGTGGACTAAAAGGGGAT,0,4219262
yadE_predicted,0.14285714285714285,6,6,TGTGTACCGCGGGGGCTCAC,0,4224555
yadE_predicted,0.14285714285714285,6,6,TGTGGATGGATATAGATGGC,0,4204896
yadE_predicted,0.14285714285714285,6,6,TGTGAGAGAATATGGCATTG,0,4222830
yadE_predicted,0.14285714285714285,6,6,TGTGAACACCGTTACTTGGG,0,4168619
yadE_predicted,0.14285714285714285,6,6,TGTCGTCCGCCCAGGGATAG,0,4165938
yadE_predicted,0.14285714285714285,6,6,TGTCGGCTGTGGACTCTTAT,0,4201925
yadE_predicted,0.14285714285714285,6,6,TGTCGCCGAAGTAAGGGCTC,0,4215674
yadE_predicted,0.14285714285714285,6,6,TGTCGATGAAACGTGGCACT,0,4178077
yadE_predicted,0.14285714285714285,6,6,TGTCCTAGTCCCAGGACGCG,0,4162845
yadE_predicted,0.14285714285714285,6,6,TGTCAGCGGGGCGCGGCGTT,0,4173834
yadE_predicted,0.14285714285714285,6,6,TGTCAAACAGTAATGAAATA,0,4172176
yadE_predicted,0.14285714285714285,6,6,TGTATACCATGCATCGCAGT,0,4217465
yadE_predicted,0.14285714285714285,6,6,TGTAGATCGGATACTGTAGT,0,4220528
yadE_predicted,0.14285714285714285,6,6,TGTACAAAATGACCATTCTG,0,4208652
yadE_predicted,0.14285714285714285,6,6,TGTAAACCCTCTAGCCGCAC,0,4174252
yadE_predicted,0.14285714285714285,6,6,TGTAAAATTTAGATTACCTA,0,4240080
yadE_predicted,0.14285714285714285,6,6,TGGTTTATTTAGCTAATGAA,0,4188651
yadE_predicted,0.14285714285714285,6,6,TGGTGTGGTCCCACTCGGTC,0,4227743
yadE_predicted,0.14285714285714285,6,6,TGGTGTCGCGAAAGGTGGTT,0,4161018
yadE_predicted,0.14285714285714285,6,6,TGGTGCCATAGGCAAGGTCA,0,4222366
yadE_predicted,0.14285714285714285,6,6,TGGTCACTGGGTTGTCGTAA,0,4240714
yadE_predicted,0.14285714285714285,6,6,TGGTATTGGAGCAAAAGTGG,0,4235985
yadE_predicted,0.14285714285714285,6,6,TGGTACAGTCGGGTGGGTAA,0,4230863
yadE_predicted,0.14285714285714285,6,6,TGGGTGGCTGACCGGGTGGT,0,4213459
yadE_predicted,0.14285714285714285,6,6,TGGGGGCCGGTATGCAGCCA,0,4187939
yadE_predicted,0.14285714285714285,6,6,TGGGCAGCCTCCGTCATTGC,0,4224499
yadE_predicted,0.14285714285714285,6,6,TGGGCACTTAGATTAGAGAT,0,4186375
yadE_predicted,0.14285714285714285,6,6,TGGCTGGCCTGAGGTATAAA,0,4233587
yadE_predicted,0.14285714285714285,6,6,TGGCGCAACACGGTGAACGT,0,4195495
yadE_predicted,0.14285714285714285,6,6,TGGCATCAGGGAGGATACGC,0,4165179
yadE_predicted,0.14285714285714285,6,6,TGGCACTCGCACCTTACCTA,0,4233219
yadE_predicted,0.14285714285714285,6,6,TGGCACTAAGTAGGGGTCTG,0,4191792
yadE_predicted,0.14285714285714285,6,6,TGGAGGACTTATTAGCTACG,0,4173924
yadE_predicted,0.14285714285714285,6,6,TGGACTGAGGGGAAATCAGA,0,4232513
yadE_predicted,0.14285714285714285,6,6,TGGAAGTCATGAAGAGTCCC,0,4184863
yadE_predicted,0.14285714285714285,6,6,TGGAAGTCAGCACAACAGCG,0,4161139
yadE_predicted,0.14285714285714285,6,6,TGCTCTGGTACGGGATTGTC,0,4164862
yadE_predicted,0.14285714285714285,6,6,TGCTAGCTAATATTTCTGGC,0,4162264
yadE_predicted,0.14285714285714285,6,6,TGCTAGCGTATTAAAACTCT,0,4230157
yadE_predicted,0.14285714285714285,6,6,TGCTAACGTTACATTCGATA,0,4204195
yadE_predicted,0.14285714285714285,6,6,TGCGGGAGGGACGATGTGAT,0,4183758
yadE_predicted,0.14285714285714285,6,6,TGCGCCCGTTAGTCTGGCCC,0,4186195
yadE_predicted,0.14285714285714285,6,6,TGCCTCGGGCATTTGCATAA,0,4212719
yadE_predicted,0.14285714285714285,6,6,TGCCGGCAAAACACCTATTG,0,4234848
yadE_predicted,0.14285714285714285,6,6,TGCCCTGGAGACTGTAAGAT,0,4192333
yadE_predicted,0.14285714285714285,6,6,TGCCCCATCGAGGCACATAG,0,4178907
yadE_predicted,0.14285714285714285,6,6,TGCCAGGAAGTTCAGGGAAA,0,4191437
yadE_predicted,0.14285714285714285,6,6,TGCCAGAGGATTTGACAAGA,0,4200920
yadE_predicted,0.14285714285714285,6,6,TGCACGGACCCCTCTGCAGC,0,4167496
yadE_predicted,0.14285714285714285,6,6,TGATTTCTTCAAAGGGTTGC,0,4207736
yadE_predicted,0.14285714285714285,6,6,TGATTCTAAGGGCAATCGTG,0,4200960
yadE_predicted,0.14285714285714285,6,6,TGATGTAGCGATAAGCTTCC,0,4181345
yadE_predicted,0.14285714285714285,6,6,TGATGGGGGCGAGTTGCCCG,0,4187258
yadE_predicted,0.14285714285714285,6,6,TGATGCGGAGGTACATCCAA,0,4190527
yadE_predicted,0.14285714285714285,6,6,TGATCCTAGGTTGAGGCTAG,0,4198194
yadE_predicted,0.14285714285714285,6,6,TGAGTTAAGCGTCATAATCT,0,4205651
yadE_predicted,0.14285714285714285,6,6,TGAGTATTACGAATGCCCTG,0,4188555
yadE_predicted,0.14285714285714285,6,6,TGAGCGCCGTAATTATCGTC,0,4188877
yadE_predicted,0.14285714285714285,6,6,TGAGCGAATAATCATAGTTG,0,4208500
yadE_predicted,0.14285714285714285,6,6,TGAGCCATCTCCTACTCGCG,0,4192990
yadE_predicted,0.14285714285714285,6,6,TGACTCCCCCTGAATCGTTA,0,4173845
yadE_predicted,0.14285714285714285,6,6,TGACCTACGTAACAGCGAGG,0,4223519
yadE_predicted,0.14285714285714285,6,6,TGACCACTTCCTCGGCCATA,0,4224861
yadE_predicted,0.14285714285714285,6,6,TGACAGTTTAGATCAATGAG,0,4226852
yadE_predicted,0.14285714285714285,6,6,TGACAGCCCATGTTGGGTCT,0,4219325
yadE_predicted,0.14285714285714285,6,6,TGAATCCGTCAACCTAACGG,0,4212840
yadE_predicted,0.14285714285714285,6,6,TGAATCCGGGAACAGCGTTT,0,4159722
yadE_predicted,0.14285714285714285,6,6,TGAAGCCTTCTCGTCTCGGT,0,4217558
yadE_predicted,0.14285714285714285,6,6,TGAACGTAGCGGTCTAGATA,0,4231403
yadE_predicted,0.14285714285714285,6,6,TGAACGACCGCTCCATAGCA,0,4172070
yadE_predicted,0.14285714285714285,6,6,TGAAATGGCAGCGTGACCTA,0,4187142
yadE_predicted,0.14285714285714285,6,6,TGAAACTAAACGTGGGTGTG,0,4218018
yadE_predicted,0.14285714285714285,6,6,TGAAAACAACCAAAAGCATC,0,4198519
yadE_predicted,0.14285714285714285,6,6,TCTTTACATCCTAGTTCTTT,0,4173657
yadE_predicted,0.14285714285714285,6,6,TCTTGCAGAACCGTGCCTGA,0,4160794
yadE_predicted,0.14285714285714285,6,6,TCTTCTGTAAGCCAACCGTT,0,4176486
yadE_predicted,0.14285714285714285,6,6,TCTTCGATGATTGACTCGGT,0,4240133
yadE_predicted,0.14285714285714285,6,6,TCTTAGGCTGGCGGCGCGTT,0,4162086
yadE_predicted,0.14285714285714285,6,6,TCTGGTAGCAGAGTTCCTAG,0,4238998
yadE_predicted,0.14285714285714285,6,6,TCTGCTCCCAGCGGCGAGTA,0,4228030
yadE_predicted,0.14285714285714285,6,6,TCTGCGGAGTGGCCTCGGTT,0,4187114
yadE_predicted,0.14285714285714285,6,6,TCTGCGACATCGGAACTCGT,0,4208140
yadE_predicted,0.14285714285714285,6,6,TCTGCCGCTTGGGCCACGGT,0,4186498
yadE_predicted,0.14285714285714285,6,6,TCTGAACGAGCAGGCCATTA,0,4171059
yadE_predicted,0.14285714285714285,6,6,TCTGAAATTAAAACGTTGTA,0,4175736
yadE_predicted,0.14285714285714285,6,6,TCTCGGGCGAGAGTGATCGC,0,4169283
yadE_predicted,0.14285714285714285,6,6,TCTCCTGGTGTGAGTGCGAT,0,4163953
yadE_predicted,0.14285714285714285,6,6,TCTCAGAGAAGTTGAAGGGG,0,4177114
yadE_predicted,0.14285714285714285,6,6,TCTCACGGAGTTGCCGGATG,0,4237547
yadE_predicted,0.14285714285714285,6,6,TCTATTGGCAATGAAAAGCC,0,4163853
yadE_predicted,0.14285714285714285,6,6,TCTACACTCAAGCAAGACTA,0,4186856
yadE_predicted,0.14285714285714285,6,6,TCTAAGTGGGAGCAGAATTC,0,4233288
yadE_predicted,0.14285714285714285,6,6,TCGTTTTCAGTTCATTGAGC,0,4175430
yadE_predicted,0.14285714285714285,6,6,TCGTTTTCACGAAGGTAAGT,0,4206109
yadE_predicted,0.14285714285714285,6,6,TCGTTCATACTTTTTTCTAG,0,4215603
yadE_predicted,0.14285714285714285,6,6,TCGTGCACACGTACATATAT,0,4239102
yadE_predicted,0.14285714285714285,6,6,TCGTCGCTGGTGACGGGGAA,0,4206848
yadE_predicted,0.14285714285714285,6,6,TCGGTTTCTGCCTTCCGCTC,0,4226699
yadE_predicted,0.14285714285714285,6,6,TCGGGTCGATACCACCGGGG,0,4185103
yadE_predicted,0.14285714285714285,6,6,TCGGGAACAGAATACGGAGT,0,4193970
yadE_predicted,0.14285714285714285,6,6,TCGGCTCACCCATGCCCGTC,0,4235349
yadE_predicted,0.14285714285714285,6,6,TCGGCGACTGCGGAATGGCA,0,4221318
yadE_predicted,0.14285714285714285,6,6,TCGGCCGCGGGGATATGATG,0,4221258
yadE_predicted,0.14285714285714285,6,6,TCGGATGAGTTATGGGAGGA,0,4237332
yadE_predicted,0.14285714285714285,6,6,TCGGATAGGTTGATGTTTGA,0,4228288
yadE_predicted,0.14285714285714285,6,6,TCGGACCAAGGAATCATTAG,0,4183492
yadE_predicted,0.14285714285714285,6,6,TCGCTCATTTAGTTCTGATC,0,4182238
yadE_predicted,0.14285714285714285,6,6,TCGCTAGAACCCTCGCACGA,0,4191841
yadE_predicted,0.14285714285714285,6,6,TCGCCCAAGTTTGTCGTGTC,0,4187318
yadE_predicted,0.14285714285714285,6,6,TCGCATCATGATATCTACTG,0,4210630
yadE_predicted,0.14285714285714285,6,6,TCGAGCTCCGCTTGTACTGT,0,4207239
yadE_predicted,0.14285714285714285,6,6,TCGACAATCTTGCTTATAAA,0,4186531
yadE_predicted,0.14285714285714285,6,6,TCGAAAGCGCCCACCTCCTC,0,4196318
yadE_predicted,0.14285714285714285,6,6,TCCTTGCGAAGACGGTGAGC,0,4208236
yadE_predicted,0.14285714285714285,6,6,TCCTCGCGACGGTAATTGTC,0,4190724
yadE_predicted,0.14285714285714285,6,6,TCCTAGCAATCCGACAATTG,0,4167127
yadE_predicted,0.14285714285714285,6,6,TCCTAAACACGGGCCATACT,0,4185568
yadE_predicted,0.14285714285714285,6,6,TCCGTTATTGGGGGTTGGTA,0,4223364
yadE_predicted,0.14285714285714285,6,6,TCCGTGATAATTAATTTTTA,0,4237421
yadE_predicted,0.14285714285714285,6,6,TCCGTCGGGCGAAGAGAATG,0,4208086
yadE_predicted,0.14285714285714285,6,6,TCCGTAACATAGTGTACTCT,0,4220116
yadE_predicted,0.14285714285714285,6,6,TCCGGCCAAGGCTACATTTC,0,4168189
yadE_predicted,0.14285714285714285,6,6,TCCCTTGTACAGAAGCGTGC,0,4180565
yadE_predicted,0.14285714285714285,6,6,TCCCCTGATCACTAAACGTC,0,4193751
yadE_predicted,0.14285714285714285,6,6,TCCCACCCTTAAGCAACATA,0,4230489
yadE_predicted,0.14285714285714285,6,6,TCCAGGTTGTGTGAGGGATC,0,4179146
yadE_predicted,0.14285714285714285,6,6,TCCAGGAAGCAAAGGAGGTT,0,4214012
yadE_predicted,0.14285714285714285,6,6,TCCAGCAACATTTGCGCGGC,0,4180891
yadE_predicted,0.14285714285714285,6,6,TCCAAGACTGCATCTTGATT,0,4207738
yadE_predicted,0.14285714285714285,6,6,TCATTCGCTAACTTTCAGTA,0,4219457
yadE_predicted,0.14285714285714285,6,6,TCATTCCCACGCCGGCACAG,0,4167450
yadE_predicted,0.14285714285714285,6,6,TCATAGGAGTGTGAGTCGGA,0,4218710
yadE_predicted,0.14285714285714285,6,6,TCATAGAACTTGCTTGGCGT,0,4215214
yadE_predicted,0.14285714285714285,6,6,TCATACTTCCTGCGGAGCTT,0,4237231
yadE_predicted,0.14285714285714285,6,6,TCAGGTAGTGTATTCTGCAA,0,4199244
yadE_predicted,0.14285714285714285,6,6,TCAGGAGACTCCTATGTGAT,0,4219878
yadE_predicted,0.14285714285714285,6,6,TCAGAGGCGTGGGAAATATT,0,4213131
yadE_predicted,0.14285714285714285,6,6,TCACTTGTGGAGTGACACAA,0,4236073
yadE_predicted,0.14285714285714285,6,6,TCACGGGCCGCCTGGACTTT,0,4193780
yadE_predicted,0.14285714285714285,6,6,TCACGGCAAGCCAGCATTTG,0,4220737
yadE_predicted,0.14285714285714285,6,6,TCACCGCTAAACATGAGTTC,0,4191091
yadE_predicted,0.14285714285714285,6,6,TCAATAGAGTGTGCTCGGCG,0,4217419
yadE_predicted,0.14285714285714285,6,6,TCAAGTCTTTCAGACGCCTG,0,4235044
yadE_predicted,0.14285714285714285,6,6,TCAACGGCCTTTTTTGTAGC,0,4173770
yadE_predicted,0.14285714285714285,6,6,TCAACCGCCTGATTGGAGGC,0,4230209
yadE_predicted,0.14285714285714285,6,6,TCAACAAAGCCTCGTGCCTT,0,4189951
yadE_predicted,0.14285714285714285,6,6,TCAAATTTCCATGAATAGAA,0,4205844
yadE_predicted,0.14285714285714285,6,6,TCAAACCTCCTATGACTTAA,0,4191141
yadE_predicted,0.14285714285714285,6,6,TCAAACCCCGATTACGAGGA,0,4191582
yadE_predicted,0.14285714285714285,6,6,TCAAAACGGGAACAATCAGT,0,4175828
yadE_predicted,0.14285714285714285,6,6,TATTTTCACGTATGGACGCG,0,4201069
yadE_predicted,0.14285714285714285,6,6,TATTTAATGAGGGCGGCGTG,0,4231668
yadE_predicted,0.14285714285714285,6,6,TATTGTGGGGGCAGCAGTTA,0,4185575
yadE_predicted,0.14285714285714285,6,6,TATTGTGAGAGGTATCTTCA,0,4202105
yadE_predicted,0.14285714285714285,6,6,TATTGGACAGGGACAGGATG,0,4189828
yadE_predicted,0.14285714285714285,6,6,TATTGGAAGCGTCGCACGCT,0,4162146
yadE_predicted,0.14285714285714285,6,6,TATTGCAAGCACTCGGAGGT,0,4192084
yadE_predicted,0.14285714285714285,6,6,TATTCTTAACGCTTGTGAAT,0,4186278
yadE_predicted,0.14285714285714285,6,6,TATTCGTGTGATTGGCAAGC,0,4213447
yadE_predicted,0.14285714285714285,6,6,TATGTGCAGTTGACCTTTAT,0,4169245
yadE_predicted,0.14285714285714285,6,6,TATGCGGCTGCCACCGCCGG,0,4215909
yadE_predicted,0.14285714285714285,6,6,TATGCGCACCTGAAGAACAG,0,4196792
yadE_predicted,0.14285714285714285,6,6,TATCGGGAGCAATTTGAATA,0,4193882
yadE_predicted,0.14285714285714285,6,6,TATCGGCGATCCGCCGTAAT,0,4186099
yadE_predicted,0.14285714285714285,6,6,TATCGACAGGGGAAAAATGA,0,4227282
yadE_predicted,0.14285714285714285,6,6,TATCCGAAGGACTGCCTTTG,0,4224188
yadE_predicted,0.14285714285714285,6,6,TATCCAGGCGAACTAAAAGT,0,4164748
yadE_predicted,0.14285714285714285,6,6,TATATGGCGTGCTGACATGC,0,4234193
yadE_predicted,0.14285714285714285,6,6,TATATGCGTCCTAAGGACTG,0,4208512
yadE_predicted,0.14285714285714285,6,6,TATAGACCGTGGGGGTTCAG,0,4223976
yadE_predicted,0.14285714285714285,6,6,TATACCGGTCTGGATGGTGA,0,4190904
yadE_predicted,0.14285714285714285,6,6,TATAATAGCGCGTCTCTATG,0,4167263
yadE_predicted,0.14285714285714285,6,6,TATAAGAAAATCGCTTGATG,0,4213401
yadE_predicted,0.14285714285714285,6,6,TATAACTGGCAAGTAACTCT,0,4234782
yadE_predicted,0.14285714285714285,6,6,TAGTGGACTCCTCCCAATGG,0,4198158
yadE_predicted,0.14285714285714285,6,6,TAGGTTAGAGGCCCTCTTGT,0,4171283
yadE_predicted,0.14285714285714285,6,6,TAGGTAATATCACACAGGGA,0,4159998
yadE_predicted,0.14285714285714285,6,6,TAGGGGTACACTGAATCGAA,0,4190119
yadE_predicted,0.14285714285714285,6,6,TAGGGCAGGTCTGGCGACAA,0,4170175
yadE_predicted,0.14285714285714285,6,6,TAGGCGCGTCCAAGCGCTCA,0,4233526
yadE_predicted,0.14285714285714285,6,6,TAGCGGGGTGGGTATGCACA,0,4191715
yadE_predicted,0.14285714285714285,6,6,TAGCGCGAGCTATCACCAAC,0,4173287
yadE_predicted,0.14285714285714285,6,6,TAGCATACGCCCACGTCCAA,0,4175563
yadE_predicted,0.14285714285714285,6,6,TAGCAAAGGGCTATGAATCA,0,4176499
yadE_predicted,0.14285714285714285,6,6,TAGATTTTCTGGTGTCTGGT,0,4201207
yadE_predicted,0.14285714285714285,6,6,TAGAGAAGTACACGAGAAAG,0,4177026
yadE_predicted,0.14285714285714285,6,6,TAGACTGTGGGGTCCCCACA,0,4169197
yadE_predicted,0.14285714285714285,6,6,TAGACATTAGGAGCGATATG,0,4193708
yadE_predicted,0.14285714285714285,6,6,TAGACAACACTCCTCAATTC,0,4163298
yadE_predicted,0.14285714285714285,6,6,TAGAATCATGAGATCCAACG,0,4172669
yadE_predicted,0.14285714285714285,6,6,TAGAATCATATTCGCGTTGG,0,4204855
yadE_predicted,0.14285714285714285,6,6,TAGAATAGTTCCGCGGATCA,0,4160782
yadE_predicted,0.14285714285714285,6,6,TAGAACGAGCTCTTTGCGTG,0,4180949
yadE_predicted,0.14285714285714285,6,6,TACTGCGTTAAGGCTCTGCG,0,4222005
yadE_predicted,0.14285714285714285,6,6,TACGACTCTCACGGAGAGCG,0,4240136
yadE_predicted,0.14285714285714285,6,6,TACGAACTTTGTGAATTTCA,0,4225324
yadE_predicted,0.14285714285714285,6,6,TACCTGGATCCCAAGCACGT,0,4184636
yadE_predicted,0.14285714285714285,6,6,TACCGCAGATACATTTGTAG,0,4228255
yadE_predicted,0.14285714285714285,6,6,TACCCGGGTTGAAACATCGT,0,4238274
yadE_predicted,0.14285714285714285,6,6,TACCCCCTCTTATAGACACA,0,4218591
yadE_predicted,0.14285714285714285,6,6,TACCCCAATATATGATGGGT,0,4181930
yadE_predicted,0.14285714285714285,6,6,TACCCAACGCTTCGACATAC,0,4177155
yadE_predicted,0.14285714285714285,6,6,TACCATCGAGTTGCCTTAGC,0,4162523
yadE_predicted,0.14285714285714285,6,6,TACCACTTTGGCTGCGGGCA,0,4209645
yadE_predicted,0.14285714285714285,6,6,TACCAACAACAACGGGTTTC,0,4159427
yadE_predicted,0.14285714285714285,6,6,TACATTGTCGTTAGGTATTC,0,4188690
yadE_predicted,0.14285714285714285,6,6,TACATGTTTACCCGGTGCCC,0,4228036
yadE_predicted,0.14285714285714285,6,6,TAATTGGCCGACAAAATTAA,0,4197704
yadE_predicted,0.14285714285714285,6,6,TAATTGGACAGGGCACTAAG,0,4168416
yadE_predicted,0.14285714285714285,6,6,TAATTCTGTATTACAAAAAC,0,4239858
yadE_predicted,0.14285714285714285,6,6,TAATTATCAAAAATAGAGGT,0,4210475
yadE_predicted,0.14285714285714285,6,6,TAATCACATGGTTTATGCTA,0,4180108
yadE_predicted,0.14285714285714285,6,6,TAAGTGCGAGGTTGTTCGAA,0,4226861
yadE_predicted,0.14285714285714285,6,6,TAAGTCAGGCACCGCCTTAA,0,4194693
yadE_predicted,0.14285714285714285,6,6,TAAGCGCATCGCTTTGGTTT,0,4215911
yadE_predicted,0.14285714285714285,6,6,TAAGCCAACAAAAGGTAAGT,0,4232569
yadE_predicted,0.14285714285714285,6,6,TAACTTTCGCAGTGTCTTCA,0,4166292
yadE_predicted,0.14285714285714285,6,6,TAACTGGCTCTAAAAGCCGC,0,4207099
yadE_predicted,0.14285714285714285,6,6,TAACTGCTGCCCCTACATTG,0,4177154
yadE_predicted,0.14285714285714285,6,6,TAACTCTACTACGACTTGAA,0,4234996
yadE_predicted,0.14285714285714285,6,6,TAACTCATCGGAGACGATGG,0,4186717
yadE_predicted,0.14285714285714285,6,6,TAACCTTCGGTACAAAAATT,0,4183522
yadE_predicted,0.14285714285714285,6,6,TAACCTCGTCCGAGCTGTTA,0,4222904
yadE_predicted,0.14285714285714285,6,6,TAACCGTTGGGTTCTTGTTG,0,4176924
yadE_predicted,0.14285714285714285,6,6,TAACAGGGGGCCAAGCAGCT,0,4179157
yadE_predicted,0.14285714285714285,6,6,TAACAGAGCGATCTGTCGTA,0,4235897
yadE_predicted,0.14285714285714285,6,6,TAACAAATCACAGCGCCGTA,0,4222327
yadE_predicted,0.14285714285714285,6,6,TAACAAACTGAAAGTTCCGT,0,4205036
yadE_predicted,0.14285714285714285,6,6,TAAAGAGCTTTTCGGGTGTA,0,4183669
yadE_predicted,0.14285714285714285,6,6,TAAACGAGATGATGGACGGA,0,4167912
yadE_predicted,0.14285714285714285,6,6,GTTTTTGCAGCTGGCGCACC,0,4167049
yadE_predicted,0.14285714285714285,6,6,GTTTTGAAACTAGGGAGTTT,0,4176408
yadE_predicted,0.14285714285714285,6,6,GTTGGGGTCCATCCTTGTAC,0,4174890
yadE_predicted,0.14285714285714285,6,6,GTTGGCTACTGAGAGTCAGT,0,4167135
yadE_predicted,0.14285714285714285,6,6,GTTGGCGCGGCTAAATCGTA,0,4201438
yadE_predicted,0.14285714285714285,6,6,GTTGCCAGTTAGAGTGTCCT,0,4199544
yadE_predicted,0.14285714285714285,6,6,GTTGCAAAGCTGAGGCTTTA,0,4211686
yadE_predicted,0.14285714285714285,6,6,GTTGAAACCACTTACACCGT,0,4219106
yadE_predicted,0.14285714285714285,6,6,GTTCTACGGTATTGCACTTA,0,4174392
yadE_predicted,0.14285714285714285,6,6,GTTCGCGGGGCCTCTTGACG,0,4165936
yadE_predicted,0.14285714285714285,6,6,GTTCGAGTTAATCACCTTTG,0,4237508
yadE_predicted,0.14285714285714285,6,6,GTTCAGAGCCTATTGGGGAT,0,4181588
yadE_predicted,0.14285714285714285,6,6,GTTATCTAGCAGTTAATAAT,0,4213889
yadE_predicted,0.14285714285714285,6,6,GTTAGTTGGTACTTTCATGC,0,4205865
yadE_predicted,0.14285714285714285,6,6,GTTAGAGGTATGTGGCTCCA,0,4223695
yadE_predicted,0.14285714285714285,6,6,GTTAAAACGCTCATGGTCTT,0,4183077
yadE_predicted,0.14285714285714285,6,6,GTGTTGGAGCCTTGTAGGTG,0,4176467
yadE_predicted,0.14285714285714285,6,6,GTGTTAAAGCACTCGGCTGT,0,4195155
yadE_predicted,0.14285714285714285,6,6,GTGTGTGGGTCAGGATTGAG,0,4164332
yadE_predicted,0.14285714285714285,6,6,GTGTCAGATGGTCAATTTCT,0,4199677
yadE_predicted,0.14285714285714285,6,6,GTGTCACGTGTCAAGAATCT,0,4237564
yadE_predicted,0.14285714285714285,6,6,GTGGTGTTGCAGGGATTAAA,0,4206111
yadE_predicted,0.14285714285714285,6,6,GTGGGACGTGCATTTCTCAC,0,4165174
yadE_predicted,0.14285714285714285,6,6,GTGGCAGATAGCGACGACCA,0,4169246
yadE_predicted,0.14285714285714285,6,6,GTGGAGCAACCTACTAGAGT,0,4221245
yadE_predicted,0.14285714285714285,6,6,GTGGAATCCCGGACGTACAC,0,4235931
yadE_predicted,0.14285714285714285,6,6,GTGCTGACTCACTTTCCTGA,0,4189954
yadE_predicted,0.14285714285714285,6,6,GTGCGGCCGAAGCGCAGTGT,0,4185503
yadE_predicted,0.14285714285714285,6,6,GTGCGGACCCGGAACTTCCA,0,4225138
yadE_predicted,0.14285714285714285,6,6,GTGCCGTACAAGTCAGCCTA,0,4220753
yadE_predicted,0.14285714285714285,6,6,GTGCCGGCCGTCTGTTCGTT,0,4186415
yadE_predicted,0.14285714285714285,6,6,GTGCACACTATGGGCCACCT,0,4234191
yadE_predicted,0.14285714285714285,6,6,GTGAGTGCACTTCATTGTGC,0,4187690
yadE_predicted,0.14285714285714285,6,6,GTGAGTACACTACTCAACTA,0,4211936
yadE_predicted,0.14285714285714285,6,6,GTGAGTAAGGCCGGTTTTCT,0,4191126
yadE_predicted,0.14285714285714285,6,6,GTGAGCTTGTAATTAAGTGG,0,4180542
yadE_predicted,0.14285714285714285,6,6,GTGACCACCGGCCACGCACC,0,4240984
yadE_predicted,0.14285714285714285,6,6,GTGACACGACTGATTGAATT,0,4218106
yadE_predicted,0.14285714285714285,6,6,GTGAACAATACCAGCATGGG,0,4238838
yadE_predicted,0.14285714285714285,6,6,GTGAAATTCCCGGCGGGGCA,0,4160741
yadE_predicted,0.14285714285714285,6,6,GTCTTGAAATCCGAAGGTGG,0,4198365
yadE_predicted,0.14285714285714285,6,6,GTCTGTCATGTCTAGGGCAA,0,4240736
yadE_predicted,0.14285714285714285,6,6,GTCTGCGCTCATTTTATGTT,0,4238213
yadE_predicted,0.14285714285714285,6,6,GTCTATGAGTAGCAGACGCT,0,4206893
yadE_predicted,0.14285714285714285,6,6,GTCTATCTTGTGTGCGTTGA,0,4202818
yadE_predicted,0.14285714285714285,6,6,GTCTAAACTGACCTATGTAG,0,4211016
yadE_predicted,0.14285714285714285,6,6,GTCTAAACGCGCCGTTACCA,0,4169912
yadE_predicted,0.14285714285714285,6,6,GTCGTTTTTATGCCGGACCT,0,4194542
yadE_predicted,0.14285714285714285,6,6,GTCGTTAGGACCCGGGATGC,0,4188822
yadE_predicted,0.14285714285714285,6,6,GTCGTTAATAAAGACCGCAC,0,4172676
yadE_predicted,0.14285714285714285,6,6,GTCGTAGTCGTCTTGTCATT,0,4239234
yadE_predicted,0.14285714285714285,6,6,GTCGGTTTTATACACATGCG,0,4181279
yadE_predicted,0.14285714285714285,6,6,GTCGGAATGCACGCAAGAGA,0,4240553
yadE_predicted,0.14285714285714285,6,6,GTCGCTCATTAGCCCGTCCA,0,4171357
yadE_predicted,0.14285714285714285,6,6,GTCCGGTTCAGTATGCACAG,0,4175531
yadE_predicted,0.14285714285714285,6,6,GTCCCTCCCCCGGGGCGTCA,0,4167418
yadE_predicted,0.14285714285714285,6,6,GTCCCATTGCACGGTTAAGG,0,4161877
yadE_predicted,0.14285714285714285,6,6,GTCCCACGATCAATTGCATC,0,4201180
yadE_predicted,0.14285714285714285,6,6,GTCCAGCGGCCCAACTGGCT,0,4205995
yadE_predicted,0.14285714285714285,6,6,GTCATCGCCTGTCTATTAAA,0,4188645
yadE_predicted,0.14285714285714285,6,6,GTCACGGTTTCAACAATTTT,0,4221561
yadE_predicted,0.14285714285714285,6,6,GTATTCCGGGCACGGTGACC,0,4229215
yadE_predicted,0.14285714285714285,6,6,GTATGGCCCGCGTTAGCACA,0,4231086
yadE_predicted,0.14285714285714285,6,6,GTATCTCGGCATAGTAGTTT,0,4193990
yadE_predicted,0.14285714285714285,6,6,GTATCCGGGTTGAGACTCTA,0,4230830
yadE_predicted,0.14285714285714285,6,6,GTATATTTGGCTTCCGCTAA,0,4210932
yadE_predicted,0.14285714285714285,6,6,GTATATGTGACCCATCTGTG,0,4168461
yadE_predicted,0.14285714285714285,6,6,GTAGAGCATCGACGTTGTAC,0,4181098
yadE_predicted,0.14285714285714285,6,6,GTAGACCGGCGTAACCGTCA,0,4218320
yadE_predicted,0.14285714285714285,6,6,GTACTGCGATACCCCTGGGA,0,4181141
yadE_predicted,0.14285714285714285,6,6,GTACTCTGGTTGTTTGGGAT,0,4195640
yadE_predicted,0.14285714285714285,6,6,GTACTCATTCGGTCAGATGG,0,4203218
yadE_predicted,0.14285714285714285,6,6,GTACTAAGAGTAAACGAACG,0,4162741
yadE_predicted,0.14285714285714285,6,6,GTACACGCCGACGTATACGA,0,4183387
yadE_predicted,0.14285714285714285,6,6,GTACACATCCTTTCGTATGT,0,4220329
yadE_predicted,0.14285714285714285,6,6,GTAACCGGGTTCGCCAATAA,0,4235903
yadE_predicted,0.14285714285714285,6,6,GTAAATATTGAAGGCGAAAA,0,4173215
yadE_predicted,0.14285714285714285,6,6,GTAAACGCCCAAGCGTTCTC,0,4190668
yadE_predicted,0.14285714285714285,6,6,GTAAAAAGCACACCTAACAC,0,4219481
yadE_predicted,0.14285714285714285,6,6,GGTTTGAACCAACTGCCTAC,0,4221839
yadE_predicted,0.14285714285714285,6,6,GGTTGGAGATATGCGTCGGA,0,4185545
yadE_predicted,0.14285714285714285,6,6,GGTTCTTTTTTTTAGCACTG,0,4213111
yadE_predicted,0.14285714285714285,6,6,GGTGGTGTGGAAGGGACAAT,0,4232221
yadE_predicted,0.14285714285714285,6,6,GGTGGAGATAATAAGGCAGC,0,4214284
yadE_predicted,0.14285714285714285,6,6,GGTGGAATACTTAGAAAAGC,0,4232018
yadE_predicted,0.14285714285714285,6,6,GGTGCAGTTAACTTCAACCC,0,4210711
yadE_predicted,0.14285714285714285,6,6,GGTGATAGCATTTGTGTTCT,0,4217921
yadE_predicted,0.14285714285714285,6,6,GGTGAAGAACATACGAGTAA,0,4192159
yadE_predicted,0.14285714285714285,6,6,GGTGAAATTAGAGCAAACCT,0,4199803
yadE_predicted,0.14285714285714285,6,6,GGTCGGTGCACGCCCTTGGC,0,4181191
yadE_predicted,0.14285714285714285,6,6,GGTCGGCATCCGCACAGCGC,0,4219765
yadE_predicted,0.14285714285714285,6,6,GGTATAGCACTTTGCTCACG,0,4194304
yadE_predicted,0.14285714285714285,6,6,GGTAGTCCCCAATTTGGTCT,0,4204863
yadE_predicted,0.14285714285714285,6,6,GGTAATCCCAATAGATCGGC,0,4167635
yadE_predicted,0.14285714285714285,6,6,GGTAAGGATCAGCCGGGGAT,0,4211762
yadE_predicted,0.14285714285714285,6,6,GGTAAGCTCACCGCCGTGTC,0,4235591
yadE_predicted,0.14285714285714285,6,6,GGTAAGCGAGGGAAATCTCT,0,4173991
yadE_predicted,0.14285714285714285,6,6,GGTAACTTGTGCGGTGCCCA,0,4171645
yadE_predicted,0.14285714285714285,6,6,GGTAAAGGGAGAGACTGTAC,0,4184872
yadE_predicted,0.14285714285714285,6,6,GGGTTTGGCCGGTCCTTGTC,0,4177395
yadE_predicted,0.14285714285714285,6,6,GGGTTTATTTTCGTAGAGCT,0,4193259
yadE_predicted,0.14285714285714285,6,6,GGGTTAGACATATACAGGTA,0,4194494
yadE_predicted,0.14285714285714285,6,6,GGGTGCCAAAGACCTGGGTG,0,4168488
yadE_predicted,0.14285714285714285,6,6,GGGTATTCATACAGCGAGGG,0,4227846
yadE_predicted,0.14285714285714285,6,6,GGGTAGTCCGACCGCCTTAC,0,4213451
yadE_predicted,0.14285714285714285,6,6,GGGTAGCCGGCCGGAACACC,0,4216257
yadE_predicted,0.14285714285714285,6,6,GGGGTCACCAATAGGTCTTT,0,4182133
yadE_predicted,0.14285714285714285,6,6,GGGGGTATGACCTGTCATGA,0,4235579
yadE_predicted,0.14285714285714285,6,6,GGGGGCACGATAAGCGGTAT,0,4179263
yadE_predicted,0.14285714285714285,6,6,GGGGCGGCAGAAGTTATCAT,0,4189079
yadE_predicted,0.14285714285714285,6,6,GGGGCGCATCAGGCGATTAA,0,4211052
yadE_predicted,0.14285714285714285,6,6,GGGGCAAATCTAACCTCTGG,0,4228631
yadE_predicted,0.14285714285714285,6,6,GGGGATTTACAGCTGGAAGT,0,4175032
yadE_predicted,0.14285714285714285,6,6,GGGCTTACTCGTTAGAGGCT,0,4197066
yadE_predicted,0.14285714285714285,6,6,GGGCTGCAGAACGGCGTAAA,0,4159910
yadE_predicted,0.14285714285714285,6,6,GGGCTACGGTTCTCGCAACA,0,4204100
yadE_predicted,0.14285714285714285,6,6,GGGCGGCTGGTGCGAAGGGG,0,4174736
yadE_predicted,0.14285714285714285,6,6,GGGCGAGAGCCACCGCTCAG,0,4178614
yadE_predicted,0.14285714285714285,6,6,GGGCCACGAAATTCACTGGT,0,4213279
yadE_predicted,0.14285714285714285,6,6,GGGCCACAGGTACGAAGGTA,0,4214647
yadE_predicted,0.14285714285714285,6,6,GGGCACGCATCTTAGACCTC,0,4166992
yadE_predicted,0.14285714285714285,6,6,GGGCAAAAGCCTACGACAAG,0,4172113
yadE_predicted,0.14285714285714285,6,6,GGGATTTAACTGTCACATTC,0,4235322
yadE_predicted,0.14285714285714285,6,6,GGGATGAGCGGTAATGCCCT,0,4233225
yadE_predicted,0.14285714285714285,6,6,GGGATAAAAACACTGCCTAG,0,4182521
yadE_predicted,0.14285714285714285,6,6,GGGAGCCGGATATAATACCA,0,4209903
yadE_predicted,0.14285714285714285,6,6,GGGAGAGGTTAGAACACGGC,0,4226186
yadE_predicted,0.14285714285714285,6,6,GGGAACACCCCGCCTCCCGC,0,4229586
yadE_predicted,0.14285714285714285,6,6,GGCTCTTTGGTCGCCGCTCG,0,4195918
yadE_predicted,0.14285714285714285,6,6,GGCTCTTCGCAGCCGGGGTC,0,4212893
yadE_predicted,0.14285714285714285,6,6,GGCTCTCCGTTTACTTGGGT,0,4176298
yadE_predicted,0.14285714285714285,6,6,GGCTCGCCCCTCGCGCTTGT,0,4180885
yadE_predicted,0.14285714285714285,6,6,GGCTAAATCGCCTTTTTAAT,0,4209188
yadE_predicted,0.14285714285714285,6,6,GGCGTTTACCGCTCAGGTGC,0,4203685
yadE_predicted,0.14285714285714285,6,6,GGCGTGTTCCGTCGGCCCGT,0,4166245
yadE_predicted,0.14285714285714285,6,6,GGCGAGTGAATCATGGCTGG,0,4191496
yadE_predicted,0.14285714285714285,6,6,GGCCGGAGGAGTTTGGCTCA,0,4199043
yadE_predicted,0.14285714285714285,6,6,GGCATTTAACACAGGTACTA,0,4191834
yadE_predicted,0.14285714285714285,6,6,GGCAGGCCCGATCGATAAGC,0,4215842
yadE_predicted,0.14285714285714285,6,6,GGCACGAAATGCGGGTGCCA,0,4189266
yadE_predicted,0.14285714285714285,6,6,GGCACCTGAGGCCAGCTTGG,0,4181940
yadE_predicted,0.14285714285714285,6,6,GGCAAGCTTCCGGGGATTTT,0,4229470
yadE_predicted,0.14285714285714285,6,6,GGATTTAGGAGGTGGCGCTG,0,4175496
yadE_predicted,0.14285714285714285,6,6,GGATCTCGCCACGAACGACA,0,4212009
yadE_predicted,0.14285714285714285,6,6,GGAGTTGTGGACTAAGGGTA,0,4238325
yadE_predicted,0.14285714285714285,6,6,GGAGTAACGCATAAGGCTTA,0,4178223
yadE_predicted,0.14285714285714285,6,6,GGAGCTTTTCTACTTTGTGA,0,4163284
yadE_predicted,0.14285714285714285,6,6,GGAGACTGGTCGTTTGGGGA,0,4238355
yadE_predicted,0.14285714285714285,6,6,GGAGACCGGTTCACCTACCA,0,4222457
yadE_predicted,0.14285714285714285,6,6,GGACTTTGGTTCTGACGGCG,0,4203930
yadE_predicted,0.14285714285714285,6,6,GGACGTGGAACATGGCGCCT,0,4174400
yadE_predicted,0.14285714285714285,6,6,GGACGGCGGTGGGGTCGGCA,0,4222935
yadE_predicted,0.14285714285714285,6,6,GGACGCATGCAGACCAGTAA,0,4190911
yadE_predicted,0.14285714285714285,6,6,GGACCTAAGGGGGTCCGCAG,0,4202179
yadE_predicted,0.14285714285714285,6,6,GGACAATCGTGCAACACAAT,0,4184882
yadE_predicted,0.14285714285714285,6,6,GGAAGGCGGCGAGTGAGGCA,0,4221094
yadE_predicted,0.14285714285714285,6,6,GGAACGAACGCATACTTATG,0,4193572
yadE_predicted,0.14285714285714285,6,6,GGAAATGGACGGTAGGTACT,0,4216028
yadE_predicted,0.14285714285714285,6,6,GGAAAGAATCACAGCCAGCC,0,4221103
yadE_predicted,0.14285714285714285,6,6,GGAAAAGGTCGTTCACGGGG,0,4203866
yadE_predicted,0.14285714285714285,6,6,GCTTTTATACGGCATGGTTC,0,4237205
yadE_predicted,0.14285714285714285,6,6,GCTTTGACAGCTTATAAGGG,0,4185683
yadE_predicted,0.14285714285714285,6,6,GCTTTCAGCTTACACCGGCA,0,4218651
yadE_predicted,0.14285714285714285,6,6,GCTTATTGCATTCGTAATGC,0,4214393
yadE_predicted,0.14285714285714285,6,6,GCTGTTAGCTTCTGACACGC,0,4181661
yadE_predicted,0.14285714285714285,6,6,GCTGTAGTAAATATCAGGCA,0,4209659
yadE_predicted,0.14285714285714285,6,6,GCTGGTGAGCGTGTTGAATG,0,4224093
yadE_predicted,0.14285714285714285,6,6,GCTGGCGAGAAAATTCTCTT,0,4165557
yadE_predicted,0.14285714285714285,6,6,GCTGATGGGCAGCATACTCA,0,4177168
yadE_predicted,0.14285714285714285,6,6,GCTCTTCGCTGTTAAAGCTT,0,4180205
yadE_predicted,0.14285714285714285,6,6,GCTCTGAACTGGGAAGTAAA,0,4190906
yadE_predicted,0.14285714285714285,6,6,GCTCCGCTCATAAGTGGTAG,0,4161617
yadE_predicted,0.14285714285714285,6,6,GCTCCCGACTAGAGTAGTAG,0,4178083
yadE_predicted,0.14285714285714285,6,6,GCTATTAGCTAATCCCCCCT,0,4206899
yadE_predicted,0.14285714285714285,6,6,GCTAAGCCGCGTTAAATGCA,0,4183471
yadE_predicted,0.14285714285714285,6,6,GCTAAGCAGGGCTGACCAGG,0,4168388
yadE_predicted,0.14285714285714285,6,6,GCGTTTGGAAATAGAACCTG,0,4200090
yadE_predicted,0.14285714285714285,6,6,GCGTTGGCGTACGACCGTTC,0,4221692
yadE_predicted,0.14285714285714285,6,6,GCGTTCGCTCGATTTTGTAG,0,4179864
yadE_predicted,0.14285714285714285,6,6,GCGTTATAATCTCCCGCCTA,0,4168105
yadE_predicted,0.14285714285714285,6,6,GCGTGGAGCAACTCTGCAAT,0,4165293
yadE_predicted,0.14285714285714285,6,6,GCGTCTAATGATTCCAGAGC,0,4240741
yadE_predicted,0.14285714285714285,6,6,GCGTCATTGGGAATATGTAT,0,4214858
yadE_predicted,0.14285714285714285,6,6,GCGGTCTGGCCTTACTTACA,0,4221376
yadE_predicted,0.14285714285714285,6,6,GCGGTCCCGCTCTAAACTCT,0,4167075
yadE_predicted,0.14285714285714285,6,6,GCGGGCACTACATGCAGTGT,0,4165951
yadE_predicted,0.14285714285714285,6,6,GCGGCCTCGATTCCCCAAAC,0,4174393
yadE_predicted,0.14285714285714285,6,6,GCGGATATGATGATTTGTGG,0,4163186
yadE_predicted,0.14285714285714285,6,6,GCGCTGCCGCATATGTTTGT,0,4165499
yadE_predicted,0.14285714285714285,6,6,GCGCTAGGTCTTGCTGTCAT,0,4183511
yadE_predicted,0.14285714285714285,6,6,GCGCGTACGAAGAGTGTCAC,0,4183625
yadE_predicted,0.14285714285714285,6,6,GCGCGCGGAGACAGCCATCT,0,4219845
yadE_predicted,0.14285714285714285,6,6,GCGCCTTCTAGCAATCCCAG,0,4236554
yadE_predicted,0.14285714285714285,6,6,GCGCCTCGCTATTAGCCTCA,0,4196000
yadE_predicted,0.14285714285714285,6,6,GCGCATACCTGGCGGTTGGA,0,4212176
yadE_predicted,0.14285714285714285,6,6,GCGCAAAGTTTCCCATTCGT,0,4197323
yadE_predicted,0.14285714285714285,6,6,GCGATTTCGAGCAAAATCAT,0,4229808
yadE_predicted,0.14285714285714285,6,6,GCGATTGATTAGAGCTATAC,0,4171406
yadE_predicted,0.14285714285714285,6,6,GCGATATGGTGTAAATGTAG,0,4187870
yadE_predicted,0.14285714285714285,6,6,GCGATACTTGGGAGTTACAT,0,4215318
yadE_predicted,0.14285714285714285,6,6,GCGAGAAGAAAAATGACTTA,0,4159478
yadE_predicted,0.14285714285714285,6,6,GCGACAACAAGAGCTCCGCT,0,4187321
yadE_predicted,0.14285714285714285,6,6,GCCTTGCACCCCCCCGATAC,0,4207881
yadE_predicted,0.14285714285714285,6,6,GCCTGCTGACGTAGGAACCC,0,4204480
yadE_predicted,0.14285714285714285,6,6,GCCTGCGGACAAGTTGGGAG,0,4163591
yadE_predicted,0.14285714285714285,6,6,GCCTATTTTGACCAGTTTTC,0,4168232
yadE_predicted,0.14285714285714285,6,6,GCCTAGCGAGATTGCGCTTT,0,4219968
yadE_predicted,0.14285714285714285,6,6,GCCTAATAAGGGGTGGTCTC,0,4188940
yadE_predicted,0.14285714285714285,6,6,GCCGTGGGTGACTTCTCAAC,0,4198299
yadE_predicted,0.14285714285714285,6,6,GCCGTCAAACAGTTGGGCAG,0,4162525
yadE_predicted,0.14285714285714285,6,6,GCCGTAGGTGAACACAATTC,0,4191286
yadE_predicted,0.14285714285714285,6,6,GCCGGTAGTGGTCTTGATGT,0,4235291
yadE_predicted,0.14285714285714285,6,6,GCCGCTACTGTAAAAAAGAC,0,4178520
yadE_predicted,0.14285714285714285,6,6,GCCGCGCCTATTATACGACA,0,4232083
yadE_predicted,0.14285714285714285,6,6,GCCGCAGCTGGGCATGCAGG,0,4189185
yadE_predicted,0.14285714285714285,6,6,GCCGCAAATTTGTGTGGACC,0,4172575
yadE_predicted,0.14285714285714285,6,6,GCCGAGTTACAGTGTGAACA,0,4163367
yadE_predicted,0.14285714285714285,6,6,GCCGAACAGGCAGATCAGAC,0,4161395
yadE_predicted,0.14285714285714285,6,6,GCCCGATATGTAGGGTGCGA,0,4193754
yadE_predicted,0.14285714285714285,6,6,GCCCCGGGTAGATGTTTCGG,0,4190630
yadE_predicted,0.14285714285714285,6,6,GCCCCGACGCGCGTCGGGAA,0,4172972
yadE_predicted,0.14285714285714285,6,6,GCCATTGATGCGGTGGGGAA,0,4186084
yadE_predicted,0.14285714285714285,6,6,GCCATGGAAGTAAAACTGAG,0,4194758
yadE_predicted,0.14285714285714285,6,6,GCCATACTTCTATAATTGTA,0,4179771
yadE_predicted,0.14285714285714285,6,6,GCCAGTCTCTGCACCAAGCC,0,4170949
yadE_predicted,0.14285714285714285,6,6,GCCAGCGAGTTCCAAGAGCT,0,4231521
yadE_predicted,0.14285714285714285,6,6,GCCAGATTGTATGGTGCGCC,0,4206696
yadE_predicted,0.14285714285714285,6,6,GCCACCTCAATAAAAAAATC,0,4182637
yadE_predicted,0.14285714285714285,6,6,GCATTGAGACCGGACCCTGC,0,4189333
yadE_predicted,0.14285714285714285,6,6,GCATGGTGAGCGGAATCCGT,0,4171885
yadE_predicted,0.14285714285714285,6,6,GCATGGGAATATTAGTTCAA,0,4223208
yadE_predicted,0.14285714285714285,6,6,GCATCAATCCCTAGGTGCTG,0,4216474
yadE_predicted,0.14285714285714285,6,6,GCATACGGACTCATCGAGAG,0,4174429
yadE_predicted,0.14285714285714285,6,6,GCATAATTGGAGTTACGTGG,0,4193565
yadE_predicted,0.14285714285714285,6,6,GCAGTCTCTACGTCAGGGAG,0,4213040
yadE_predicted,0.14285714285714285,6,6,GCAGGTTTGAAATTTAAGCA,0,4193759
yadE_predicted,0.14285714285714285,6,6,GCAGGTGTTGCACGCTATAG,0,4240252
yadE_predicted,0.14285714285714285,6,6,GCAGGATCAACGACGCCTAC,0,4184016
yadE_predicted,0.14285714285714285,6,6,GCAGAGTCGCATATCTTAAT,0,4182886
yadE_predicted,0.14285714285714285,6,6,GCAGAGGTTAAGTGAAGGAA,0,4223170
yadE_predicted,0.14285714285714285,6,6,GCAGACGACATTCTAGAGAT,0,4204822
yadE_predicted,0.14285714285714285,6,6,GCACTTTCCAACAGTGCCGT,0,4190068
yadE_predicted,0.14285714285714285,6,6,GCACGTACAACGTCCAAGAC,0,4165021
yadE_predicted,0.14285714285714285,6,6,GCACGTAACCGCGCCCTGTC,0,4178989
yadE_predicted,0.14285714285714285,6,6,GCACGATTCTCTTGGCGGGC,0,4189727
yadE_predicted,0.14285714285714285,6,6,GCACCTAGGGCAAGCCTCGG,0,4228695
yadE_predicted,0.14285714285714285,6,6,GCACCCATGTTGTGGTGCTC,0,4217207
yadE_predicted,0.14285714285714285,6,6,GCACAGTGGAGTGATGTTAT,0,4171276
yadE_predicted,0.14285714285714285,6,6,GCAACATTGACAGTAACAGT,0,4210908
yadE_predicted,0.14285714285714285,6,6,GCAACACTGTGAGCCGGAGT,0,4214993
yadE_predicted,0.14285714285714285,6,6,GCAAAGCCCTACTCCATGTG,0,4173051
yadE_predicted,0.14285714285714285,6,6,GCAAAATACACAATTGGGTC,0,4159577
yadE_predicted,0.14285714285714285,6,6,GCAAAAGTTCCCGGCACACA,0,4231118
yadE_predicted,0.14285714285714285,6,6,GATTTGATACATTCGGCAGA,0,4202965
yadE_predicted,0.14285714285714285,6,6,GATTGGCCCCAGTTCGAGTA,0,4194447
yadE_predicted,0.14285714285714285,6,6,GATTCTGTAAGAAACGTGCG,0,4191549
yadE_predicted,0.14285714285714285,6,6,GATGTGACCGCCACCTAGTT,0,4223268
yadE_predicted,0.14285714285714285,6,6,GATGGCGAAAAGGATCGTAT,0,4220150
yadE_predicted,0.14285714285714285,6,6,GATGCTTTCCTATTGGGGCA,0,4226459
yadE_predicted,0.14285714285714285,6,6,GATGAATTTTCTGCGACTTA,0,4180717
yadE_predicted,0.14285714285714285,6,6,GATCTGGGTCAAAAGGTCTA,0,4177676
yadE_predicted,0.14285714285714285,6,6,GATCGAACGGGTGGGGGTGG,0,4211307
yadE_predicted,0.14285714285714285,6,6,GATAGCGCGGTCCAAGCGAG,0,4177774
yadE_predicted,0.14285714285714285,6,6,GATACCGGAGGCTCCACAGC,0,4214030
yadE_predicted,0.14285714285714285,6,6,GATACCGATTCACTTGACTT,0,4165489
yadE_predicted,0.14285714285714285,6,6,GATAAAGCGTCACTTCCCAA,0,4195125
yadE_predicted,0.14285714285714285,6,6,GAGTTGTCACAAGTTTGCTT,0,4181928
yadE_predicted,0.14285714285714285,6,6,GAGTTGGAAGAGCATCTTGT,0,4175710
yadE_predicted,0.14285714285714285,6,6,GAGTTCACTTTGCAGAACAA,0,4229490
yadE_predicted,0.14285714285714285,6,6,GAGTTCACGCGATGGCATTT,0,4197375
yadE_predicted,0.14285714285714285,6,6,GAGTGTTTACACATGGCGCG,0,4178544
yadE_predicted,0.14285714285714285,6,6,GAGTCTGCATACTCCCCGGT,0,4190589
yadE_predicted,0.14285714285714285,6,6,GAGTCTACCTTCTAGGTCAC,0,4197164
yadE_predicted,0.14285714285714285,6,6,GAGGGTTTAGGCGCTCGGTC,0,4238177
yadE_predicted,0.14285714285714285,6,6,GAGGCACAAGTGATGAACAA,0,4195002
yadE_predicted,0.14285714285714285,6,6,GAGCGGCGTGGGTAATTGGG,0,4239045
yadE_predicted,0.14285714285714285,6,6,GAGCCTGCTTTGTGGACGCT,0,4236481
yadE_predicted,0.14285714285714285,6,6,GAGCAGCTACGCTGGGGGTA,0,4185698
yadE_predicted,0.14285714285714285,6,6,GAGATTTAGTGATTGCTGGT,0,4168772
yadE_predicted,0.14285714285714285,6,6,GAGATGGATATGCGATTAAA,0,4172879
yadE_predicted,0.14285714285714285,6,6,GAGATAATAGGCCCTCCGAT,0,4161952
yadE_predicted,0.14285714285714285,6,6,GAGAGATCTTAATGCGGGTT,0,4211388
yadE_predicted,0.14285714285714285,6,6,GAGAGACCATGAAATGTAGA,0,4200953
yadE_predicted,0.14285714285714285,6,6,GAGACGCCCCTTTATCGGCA,0,4224366
yadE_predicted,0.14285714285714285,6,6,GAGAACTGTGTGACTTCGAA,0,4180201
yadE_predicted,0.14285714285714285,6,6,GACTTTAGACCGGCGTGGGG,0,4205659
yadE_predicted,0.14285714285714285,6,6,GACTTGCGACTGGCGGGGGT,0,4222313
yadE_predicted,0.14285714285714285,6,6,GACTTATTCCTATTGAGGGA,0,4210784
yadE_predicted,0.14285714285714285,6,6,GACTGCACCTACGATGGAAG,0,4237763
yadE_predicted,0.14285714285714285,6,6,GACTCTACCTCAAACTGTTG,0,4218576
yadE_predicted,0.14285714285714285,6,6,GACTCTAACTCAGCTGGGTC,0,4179354
yadE_predicted,0.14285714285714285,6,6,GACTCATTGAGGCATCGTGT,0,4185902
yadE_predicted,0.14285714285714285,6,6,GACTATCTTGGAGGCACATC,0,4190463
yadE_predicted,0.14285714285714285,6,6,GACGTACACTTATAGTGTTT,0,4239528
yadE_predicted,0.14285714285714285,6,6,GACGCCAGCCTACATTGTTA,0,4173275
yadE_predicted,0.14285714285714285,6,6,GACCGTAATCCGGACTGGGA,0,4198762
yadE_predicted,0.14285714285714285,6,6,GACCCGACGGTATCTCTAAA,0,4197661
yadE_predicted,0.14285714285714285,6,6,GACCAGTACTTCGGACAGAG,0,4175991
yadE_predicted,0.14285714285714285,6,6,GACACAGTTTACCTCTCCCA,0,4192037
yadE_predicted,0.14285714285714285,6,6,GACAAGTGGCCCGCGTTATC,0,4164651
yadE_predicted,0.14285714285714285,6,6,GACAAGAGATAAAGTGAATC,0,4215188
yadE_predicted,0.14285714285714285,6,6,GAATTTACCGTCACGTTCGC,0,4203331
yadE_predicted,0.14285714285714285,6,6,GAATGCGTGCCTGAAGTAAC,0,4201447
yadE_predicted,0.14285714285714285,6,6,GAATGCCACTCCTTCATCAC,0,4203762
yadE_predicted,0.14285714285714285,6,6,GAATGCAAAAGTCGTACATC,0,4189822
yadE_predicted,0.14285714285714285,6,6,GAATACTTAATCGCGCGGAG,0,4182382
yadE_predicted,0.14285714285714285,6,6,GAATACTATCTGAAACCGGC,0,4204753
yadE_predicted,0.14285714285714285,6,6,GAATAAAGATGATTGTCTTC,0,4191450
yadE_predicted,0.14285714285714285,6,6,GAAGTGCTCAACTGATCTGA,0,4225389
yadE_predicted,0.14285714285714285,6,6,GAAGGATTCCAATAGTGGTC,0,4161976
yadE_predicted,0.14285714285714285,6,6,GAAGCCCCTTGCCGGCAATC,0,4217429
yadE_predicted,0.14285714285714285,6,6,GAACTCAGTACACGAAAGCT,0,4180970
yadE_predicted,0.14285714285714285,6,6,GAACCTTCATCAAACATAAG,0,4170594
yadE_predicted,0.14285714285714285,6,6,GAACCTGGCGTACGGTCCAG,0,4203448
yadE_predicted,0.14285714285714285,6,6,GAACCACTGTACTCCACATT,0,4236884
yadE_predicted,0.14285714285714285,6,6,GAACATTCTGAACGGGCTAG,0,4235056
yadE_predicted,0.14285714285714285,6,6,GAACAGTAAATTGTCGGTCG,0,4178070
yadE_predicted,0.14285714285714285,6,6,GAAAGTACACTAACTTGTCC,0,4178092
yadE_predicted,0.14285714285714285,6,6,GAAAGATCAGGGTGGGTAAA,0,4203133
yadE_predicted,0.14285714285714285,6,6,GAAAGAGGACACGCTTAGTT,0,4176194
yadE_predicted,0.14285714285714285,6,6,GAAACTCATGTAGTCTGATT,0,4225685
yadE_predicted,0.14285714285714285,6,6,GAAACCGCCTAAGGTTAGTG,0,4206613
yadE_predicted,0.14285714285714285,6,6,GAAACCCCCATGTTTATATG,0,4217210
yadE_predicted,0.14285714285714285,6,6,GAAAAGTTGCAGTACCTCAA,0,4215901
yadE_predicted,0.14285714285714285,6,6,CTTTTTACGGTCAACCGTAT,0,4224408
yadE_predicted,0.14285714285714285,6,6,CTTTGGTGTATCCGGGTGCG,0,4185934
yadE_predicted,0.14285714285714285,6,6,CTTTGAGGCTGCTCGAACAG,0,4160149
yadE_predicted,0.14285714285714285,6,6,CTTTCTCGCCAGATGAAGGG,0,4220622
yadE_predicted,0.14285714285714285,6,6,CTTTATCCAGTTACATATCA,0,4238380
yadE_predicted,0.14285714285714285,6,6,CTTTAATCTGAATTCTTCCC,0,4161688
yadE_predicted,0.14285714285714285,6,6,CTTTAACAGCTTACAGACCA,0,4201945
yadE_predicted,0.14285714285714285,6,6,CTTGTACGGCTGAGTCTTAC,0,4186111
yadE_predicted,0.14285714285714285,6,6,CTTGGGGACGATATGGGGTG,0,4216962
yadE_predicted,0.14285714285714285,6,6,CTTGCACCCGTTCAACTTCT,0,4176296
yadE_predicted,0.14285714285714285,6,6,CTTGATTGTTTATACGACGA,0,4214987
yadE_predicted,0.14285714285714285,6,6,CTTGATCGAGGGGCCACAAT,0,4180043
yadE_predicted,0.14285714285714285,6,6,CTTGATAGACGGGTCCGTTT,0,4181518
yadE_predicted,0.14285714285714285,6,6,CTTGAAATGGACCCCTTCTA,0,4225655
yadE_predicted,0.14285714285714285,6,6,CTTCGGGAAGAATTGTGCCT,0,4214119
yadE_predicted,0.14285714285714285,6,6,CTTCGGATGGCTGTGTTTTA,0,4196880
yadE_predicted,0.14285714285714285,6,6,CTTATCTTCTCACACCCTAG,0,4231340
yadE_predicted,0.14285714285714285,6,6,CTTAAGTCGATGCACGATTT,0,4179871
yadE_predicted,0.14285714285714285,6,6,CTTAAGACGCATAACGGGGT,0,4213529
yadE_predicted,0.14285714285714285,6,6,CTGTTTTCTCGGGTTAAACG,0,4209008
yadE_predicted,0.14285714285714285,6,6,CTGTTCGGACGAAACCCCAA,0,4172897
yadE_predicted,0.14285714285714285,6,6,CTGTGCTTTAAGGGGCACAG,0,4185961
yadE_predicted,0.14285714285714285,6,6,CTGTAAATCCGGACACGATG,0,4226676
yadE_predicted,0.14285714285714285,6,6,CTGGTTGCATGTGGGACGGG,0,4219662
yadE_predicted,0.14285714285714285,6,6,CTGGTGACGTCTCTGTAGAC,0,4236799
yadE_predicted,0.14285714285714285,6,6,CTGGTAAGCGGTCCACGACC,0,4184990
yadE_predicted,0.14285714285714285,6,6,CTGGGTTCTTTGTTTTTGCC,0,4236366
yadE_predicted,0.14285714285714285,6,6,CTGGCTACAGTCGAGGCAGC,0,4212662
yadE_predicted,0.14285714285714285,6,6,CTGGCTAACGGGAGACCAAG,0,4211277
yadE_predicted,0.14285714285714285,6,6,CTGGCCAGAATTAGCAGGCC,0,4222414
yadE_predicted,0.14285714285714285,6,6,CTGGATACAGTACTGAAGAA,0,4209773
yadE_predicted,0.14285714285714285,6,6,CTGCTGGCAGCTAGTAACGT,0,4201627
yadE_predicted,0.14285714285714285,6,6,CTGCGTCTGAAGCGGACAGG,0,4191361
yadE_predicted,0.14285714285714285,6,6,CTGCCGATAGTGTGACTCTA,0,4226018
yadE_predicted,0.14285714285714285,6,6,CTGCCACAGCTCCGGGCAGG,0,4174112
yadE_predicted,0.14285714285714285,6,6,CTGATCTGACCATGGTTCGG,0,4194767
yadE_predicted,0.14285714285714285,6,6,CTGATCAAAGGGATAATGCG,0,4179016
yadE_predicted,0.14285714285714285,6,6,CTGACAACTGATCTCATGGG,0,4176349
yadE_predicted,0.14285714285714285,6,6,CTGACAAAGTTGAGGGCAGC,0,4235977
yadE_predicted,0.14285714285714285,6,6,CTGAATACAGGGAGCATTTG,0,4209071
yadE_predicted,0.14285714285714285,6,6,CTGAAATTGACGATCGGTGG,0,4226268
yadE_predicted,0.14285714285714285,6,6,CTCTATCGGGACTGTAGCCG,0,4184513
yadE_predicted,0.14285714285714285,6,6,CTCTAGGGAAGCCTACGGAT,0,4197331
yadE_predicted,0.14285714285714285,6,6,CTCTAGCAATTATGGGGTAG,0,4231011
yadE_predicted,0.14285714285714285,6,6,CTCTACGCATGGGTGCACCA,0,4166740
yadE_predicted,0.14285714285714285,6,6,CTCTACACGGGGGTTCACTC,0,4208245
yadE_predicted,0.14285714285714285,6,6,CTCGTGGTCCTGCGCAAGAG,0,4228100
yadE_predicted,0.14285714285714285,6,6,CTCGTCAGAGTCGGTGGGAA,0,4237443
yadE_predicted,0.14285714285714285,6,6,CTCGTATAGACACTGTCAAA,0,4225629
yadE_predicted,0.14285714285714285,6,6,CTCGGTCGCGCAAATCGTAT,0,4189971
yadE_predicted,0.14285714285714285,6,6,CTCGGTAGGAAAACGTGGGC,0,4191611
yadE_predicted,0.14285714285714285,6,6,CTCGGGATCAGTCAGCCATA,0,4238159
yadE_predicted,0.14285714285714285,6,6,CTCGAGTCCTTGGTCGGCAA,0,4199539
yadE_predicted,0.14285714285714285,6,6,CTCCTGGTGTTTGTGATCAG,0,4202826
yadE_predicted,0.14285714285714285,6,6,CTCCGTGCGCGTTACAGCGT,0,4187391
yadE_predicted,0.14285714285714285,6,6,CTCCCATCCGGGTACAACCC,0,4234064
yadE_predicted,0.14285714285714285,6,6,CTCATCAGTGACGGCCTGTG,0,4197393
yadE_predicted,0.14285714285714285,6,6,CTCATAAGAACGGTTGTTGT,0,4194424
yadE_predicted,0.14285714285714285,6,6,CTCAGACGGCCGGCCCTTGC,0,4162951
yadE_predicted,0.14285714285714285,6,6,CTCACTATTCTGCAGGACCC,0,4212489
yadE_predicted,0.14285714285714285,6,6,CTATTCCGATGACAAGCCTT,0,4212200
yadE_predicted,0.14285714285714285,6,6,CTATTAAATACCGAATGTAC,0,4211882
yadE_predicted,0.14285714285714285,6,6,CTATGGATAGCCCGCGACAC,0,4167264
yadE_predicted,0.14285714285714285,6,6,CTAGGGGCCGGTACCCTACT,0,4228597
yadE_predicted,0.14285714285714285,6,6,CTAGGCACTTCCGGACGAGT,0,4190909
yadE_predicted,0.14285714285714285,6,6,CTAGGAACGCGAATATGATT,0,4183519
yadE_predicted,0.14285714285714285,6,6,CTAGCTTGCCCCTAGGTGCG,0,4172617
yadE_predicted,0.14285714285714285,6,6,CTAGCGTCAAAGGGCGTTCA,0,4164035
yadE_predicted,0.14285714285714285,6,6,CTAGCGATTCAAAAGCGACA,0,4187861
yadE_predicted,0.14285714285714285,6,6,CTAGAGACAACGTCACGAGG,0,4185844
yadE_predicted,0.14285714285714285,6,6,CTAGACGAGGATTGGCCGCC,0,4187309
yadE_predicted,0.14285714285714285,6,6,CTAGAAATCGCCGGTATTTC,0,4174190
yadE_predicted,0.14285714285714285,6,6,CTACAGGCCATGAAACGGTT,0,4200727
yadE_predicted,0.14285714285714285,6,6,CTACAAACTATTACCCAGTC,0,4166340
yadE_predicted,0.14285714285714285,6,6,CTAAGTTGAGAAAACAACCG,0,4209908
yadE_predicted,0.14285714285714285,6,6,CTAAGGCGCAGCTCCGGCAA,0,4237879
yadE_predicted,0.14285714285714285,6,6,CTAAGAATTAGAATTTCGGT,0,4217415
yadE_predicted,0.14285714285714285,6,6,CTAACCGGTGTCGGCGGGAT,0,4240468
yadE_predicted,0.14285714285714285,6,6,CTAAAGTTGCGCAAGGGCGA,0,4179563
yadE_predicted,0.14285714285714285,6,6,CGTTTTGTTCGAGTGACCGG,0,4221735
yadE_predicted,0.14285714285714285,6,6,CGTTTCGCGTTGTCTTTGAT,0,4175191
yadE_predicted,0.14285714285714285,6,6,CGTTGATTAGGACTTCCTGG,0,4191856
yadE_predicted,0.14285714285714285,6,6,CGTTCTAATGTCATGTTTAT,0,4174205
yadE_predicted,0.14285714285714285,6,6,CGTTATCGTAGAAGCACTAA,0,4225306
yadE_predicted,0.14285714285714285,6,6,CGTTACGTCCTGCAAGTCAT,0,4167359
yadE_predicted,0.14285714285714285,6,6,CGTTACCCGTTAATTTGTCA,0,4217202
yadE_predicted,0.14285714285714285,6,6,CGTTACATTGCTTCTTAGAT,0,4174815
yadE_predicted,0.14285714285714285,6,6,CGTGGCTCCGCCTCATAGAT,0,4188630
yadE_predicted,0.14285714285714285,6,6,CGTGCTAAACTGGACGAGTG,0,4190483
yadE_predicted,0.14285714285714285,6,6,CGTGAGACGCTTCGAGTCGT,0,4237591
yadE_predicted,0.14285714285714285,6,6,CGTGACTGGCTGCACAGCTC,0,4228622
yadE_predicted,0.14285714285714285,6,6,CGTCCTGTGCTTCGTGAAAT,0,4209031
yadE_predicted,0.14285714285714285,6,6,CGTCCGGTAGATTTATGCCT,0,4187886
yadE_predicted,0.14285714285714285,6,6,CGTCCGGGCAGATGTCAATG,0,4218589
yadE_predicted,0.14285714285714285,6,6,CGTCATCAAGGAAGTTTAAT,0,4239446
yadE_predicted,0.14285714285714285,6,6,CGTCAGGCTCTCGCCGCATT,0,4164464
yadE_predicted,0.14285714285714285,6,6,CGTCACAAGTACGGGTAGAT,0,4210529
yadE_predicted,0.14285714285714285,6,6,CGTACTAGCCCACGCTACAG,0,4205604
yadE_predicted,0.14285714285714285,6,6,CGTACGAAGCGGACTTGTGC,0,4183365
yadE_predicted,0.14285714285714285,6,6,CGTACATTGCCATTACATCT,0,4214241
yadE_predicted,0.14285714285714285,6,6,CGTACAGGTTCCGCAGGACC,0,4184677
yadE_predicted,0.14285714285714285,6,6,CGTAATTGTTACGAAGACAG,0,4216064
yadE_predicted,0.14285714285714285,6,6,CGTAACGTACACTAAATTTT,0,4191467
yadE_predicted,0.14285714285714285,6,6,CGGTTTCCCAGTCTAGGAGC,0,4159697
yadE_predicted,0.14285714285714285,6,6,CGGTTACAATTTCGTGGATC,0,4185109
yadE_predicted,0.14285714285714285,6,6,CGGTCTAAACGACGGACACA,0,4175096
yadE_predicted,0.14285714285714285,6,6,CGGTCGTGCTACTGCTTTCG,0,4205381
yadE_predicted,0.14285714285714285,6,6,CGGTATTATTTTCTACCATT,0,4239239
yadE_predicted,0.14285714285714285,6,6,CGGTAGTTTCTTGACATATA,0,4225508
yadE_predicted,0.14285714285714285,6,6,CGGTACCCCTTGGGATGCCC,0,4217825
yadE_predicted,0.14285714285714285,6,6,CGGGTGGGACGGCCGTTGTA,0,4221869
yadE_predicted,0.14285714285714285,6,6,CGGGGCCGAGGGGATGTCTA,0,4163262
yadE_predicted,0.14285714285714285,6,6,CGGGGACGTTGGCTCAGGCG,0,4199062
yadE_predicted,0.14285714285714285,6,6,CGGGCTCCTTCCACCGCGCG,0,4207648
yadE_predicted,0.14285714285714285,6,6,CGGGCGAAAATCCCAGGAAG,0,4189838
yadE_predicted,0.14285714285714285,6,6,CGGGCCTTTTCACCAACGAC,0,4166696
yadE_predicted,0.14285714285714285,6,6,CGGGAGCCTTGGATAGAAAC,0,4223285
yadE_predicted,0.14285714285714285,6,6,CGGGAGAGCATTAAATTTCG,0,4167188
yadE_predicted,0.14285714285714285,6,6,CGGCTGCGCTGCTATAAAAT,0,4169320
yadE_predicted,0.14285714285714285,6,6,CGGCTGACAGATCTTTGCTC,0,4182120
yadE_predicted,0.14285714285714285,6,6,CGGCGTCTTTGCTCCCTCCA,0,4235972
yadE_predicted,0.14285714285714285,6,6,CGGCGTATAGAGTACGATAG,0,4209894
yadE_predicted,0.14285714285714285,6,6,CGGCGGCGGGGACCCGACAT,0,4217647
yadE_predicted,0.14285714285714285,6,6,CGGCGCCAGAATCTTTACTG,0,4210162
yadE_predicted,0.14285714285714285,6,6,CGGCCCGACCCCCCCAGGCA,0,4207607
yadE_predicted,0.14285714285714285,6,6,CGGCATAATGAAGCATTCGT,0,4234069
yadE_predicted,0.14285714285714285,6,6,CGGATTCATCTGAGGAGGAG,0,4237868
yadE_predicted,0.14285714285714285,6,6,CGGATTAGCCTGTCTCAATA,0,4177429
yadE_predicted,0.14285714285714285,6,6,CGGAGGTAACAAGCCTGGAT,0,4168767
yadE_predicted,0.14285714285714285,6,6,CGGAGGGCGGGGAGCCTCTG,0,4180473
yadE_predicted,0.14285714285714285,6,6,CGGACCGGATAGGTAAGTAC,0,4168009
yadE_predicted,0.14285714285714285,6,6,CGGAATGGGTAACGATGATC,0,4236978
yadE_predicted,0.14285714285714285,6,6,CGGAAACCGAACAAAACTAG,0,4191201
yadE_predicted,0.14285714285714285,6,6,CGCTTCCCACACGTTGGTCC,0,4184510
yadE_predicted,0.14285714285714285,6,6,CGCTGTTGTACATGAGATCA,0,4240520
yadE_predicted,0.14285714285714285,6,6,CGCTGAAGACTAGAATAAAT,0,4221049
yadE_predicted,0.14285714285714285,6,6,CGCTCTGGCGTGTTATACAT,0,4230954
yadE_predicted,0.14285714285714285,6,6,CGCTAGTTTACGCCTGGGAG,0,4191652
yadE_predicted,0.14285714285714285,6,6,CGCTAGTAGGTCAGAACCCT,0,4204309
yadE_predicted,0.14285714285714285,6,6,CGCTACGGTCCCAAACCGCA,0,4191886
yadE_predicted,0.14285714285714285,6,6,CGCGTGAGACTCCAGTCTCA,0,4206728
yadE_predicted,0.14285714285714285,6,6,CGCGTGAACGGCGAATGGAC,0,4215389
yadE_predicted,0.14285714285714285,6,6,CGCGTAAGGTTAATAGTGTT,0,4223909
yadE_predicted,0.14285714285714285,6,6,CGCGGCCCCGTAGCTGATTG,0,4236958
yadE_predicted,0.14285714285714285,6,6,CGCGCGAGTAGGAACCAAGG,0,4206590
yadE_predicted,0.14285714285714285,6,6,CGCGCCTGGGTGCTACCCAT,0,4207269
yadE_predicted,0.14285714285714285,6,6,CGCGAGGTGTCTGAGAAGAA,0,4169921
yadE_predicted,0.14285714285714285,6,6,CGCGAGGTCTTGGCACACCT,0,4237162
yadE_predicted,0.14285714285714285,6,6,CGCGAACCCTGGCTACTAAC,0,4193014
yadE_predicted,0.14285714285714285,6,6,CGCGAACCCGGCACCACCCA,0,4228440
yadE_predicted,0.14285714285714285,6,6,CGCGAAAATTTGGCATGATC,0,4163681
yadE_predicted,0.14285714285714285,6,6,CGCCTTCACGCTTTCGTTTG,0,4177601
yadE_predicted,0.14285714285714285,6,6,CGCCGCTGACAAGAGATGGA,0,4159799
yadE_predicted,0.14285714285714285,6,6,CGCCGCATGTGAACACTTCC,0,4187978
yadE_predicted,0.14285714285714285,6,6,CGCCCTAGCGTCCTGAGTCA,0,4210776
yadE_predicted,0.14285714285714285,6,6,CGCCATAGGAGGCAGCATGA,0,4184067
yadE_predicted,0.14285714285714285,6,6,CGCCATACACCAGGAGTAAC,0,4180673
yadE_predicted,0.14285714285714285,6,6,CGCCACCGATTCATCTCGGT,0,4192577
yadE_predicted,0.14285714285714285,6,6,CGCAGACGAAAATGGGTGCT,0,4172773
yadE_predicted,0.14285714285714285,6,6,CGCACTTGCTATATAACTAC,0,4204132
yadE_predicted,0.14285714285714285,6,6,CGCACCTATAGCTGGTAGTT,0,4159619
yadE_predicted,0.14285714285714285,6,6,CGCACAAGCTACAGCATGGT,0,4223999
yadE_predicted,0.14285714285714285,6,6,CGCAAATGTAACCTTCAGGC,0,4207834
yadE_predicted,0.14285714285714285,6,6,CGATTTTGAGATCCCGATAC,0,4182530
yadE_predicted,0.14285714285714285,6,6,CGATTCCATCGATCGCCCCC,0,4232227
yadE_predicted,0.14285714285714285,6,6,CGATGCGCCGCCTCAATTCA,0,4204104
yadE_predicted,0.14285714285714285,6,6,CGATCTTTTCGCCACGGTAT,0,4196835
yadE_predicted,0.14285714285714285,6,6,CGATCAACAAGCAGGCTGCT,0,4235016
yadE_predicted,0.14285714285714285,6,6,CGATACTCGACGGGATAGCG,0,4202845
yadE_predicted,0.14285714285714285,6,6,CGATAAGAACAAACGAGCCA,0,4196263
yadE_predicted,0.14285714285714285,6,6,CGAGTGCTTTCTTTTGGTAC,0,4237595
yadE_predicted,0.14285714285714285,6,6,CGAGTCAGGTGTTAGTTCAG,0,4214206
yadE_predicted,0.14285714285714285,6,6,CGAGTACTTCCTTAAATCGG,0,4160078
yadE_predicted,0.14285714285714285,6,6,CGAGGTTTACTTCCTGAGGC,0,4167252
yadE_predicted,0.14285714285714285,6,6,CGAGGTCATGACAAGCCACA,0,4221146
yadE_predicted,0.14285714285714285,6,6,CGAGGGGGAAGCTGTCAGTG,0,4164812
yadE_predicted,0.14285714285714285,6,6,CGAGCGTATTTGCAACGAGC,0,4185439
yadE_predicted,0.14285714285714285,6,6,CGAGCGTAGTGAATAAAAGC,0,4210063
yadE_predicted,0.14285714285714285,6,6,CGAGCCCGTCCAGCTTCCCA,0,4198325
yadE_predicted,0.14285714285714285,6,6,CGAGATTAGACTTGCTTACT,0,4223091
yadE_predicted,0.14285714285714285,6,6,CGACGTATATGCTTGCGGAA,0,4197167
yadE_predicted,0.14285714285714285,6,6,CGACATCCTATGTTGTGCAA,0,4192031
yadE_predicted,0.14285714285714285,6,6,CGACAACGCAAAGCACGAAT,0,4189488
yadE_predicted,0.14285714285714285,6,6,CGAAGCGAACCTTTCAAAGT,0,4200922
yadE_predicted,0.14285714285714285,6,6,CGAACGATTAGGTGTTTGTA,0,4226719
yadE_predicted,0.14285714285714285,6,6,CGAACATAAAGTATTTTATT,0,4176630
yadE_predicted,0.14285714285714285,6,6,CCTTTGCCATCGCGTTCTTA,0,4227566
yadE_predicted,0.14285714285714285,6,6,CCTTTATTTCCTAGACATAC,0,4203983
yadE_predicted,0.14285714285714285,6,6,CCTTTAGAACCGCCCCTCGG,0,4230444
yadE_predicted,0.14285714285714285,6,6,CCTTGTCACCACCCCAACAA,0,4215540
yadE_predicted,0.14285714285714285,6,6,CCTTGACTCGTGTGCGCGAT,0,4187887
yadE_predicted,0.14285714285714285,6,6,CCTTGACCGGCGCGCACTGT,0,4238347
yadE_predicted,0.14285714285714285,6,6,CCTTGACCGCAATCTAGTAA,0,4232995
yadE_predicted,0.14285714285714285,6,6,CCTTCGTGCCCGGGGGGTTA,0,4225238
yadE_predicted,0.14285714285714285,6,6,CCTTCGTGATGATAGGTATG,0,4232302
yadE_predicted,0.14285714285714285,6,6,CCTGTGGAGACAAAACAGGT,0,4236681
yadE_predicted,0.14285714285714285,6,6,CCTGCACCGTAGTACGCGGA,0,4241136
yadE_predicted,0.14285714285714285,6,6,CCTCGGGCACTGACATCCCA,0,4220424
yadE_predicted,0.14285714285714285,6,6,CCTCGATGTACACATCTATC,0,4166694
yadE_predicted,0.14285714285714285,6,6,CCTCGAGCGAGCGCGTCCCG,0,4234065
yadE_predicted,0.14285714285714285,6,6,CCTCCAGCGCCGTATGCGCG,0,4189682
yadE_predicted,0.14285714285714285,6,6,CCTCAGGCGTTTTGCATAGT,0,4204570
yadE_predicted,0.14285714285714285,6,6,CCTCAATTTCATGTTCTCGT,0,4190735
yadE_predicted,0.14285714285714285,6,6,CCTATTAGTTTCGAAGGAGG,0,4209356
yadE_predicted,0.14285714285714285,6,6,CCTAGTCCGGACTGAACACC,0,4196152
yadE_predicted,0.14285714285714285,6,6,CCTAGCTGCTTTCCTCCGAC,0,4207882
yadE_predicted,0.14285714285714285,6,6,CCTAGATCCCTTCCCTTATT,0,4170517
yadE_predicted,0.14285714285714285,6,6,CCTACCTGTGCCAAACCTTA,0,4219188
yadE_predicted,0.14285714285714285,6,6,CCTACCCATCCGGGTGGCGA,0,4214652
yadE_predicted,0.14285714285714285,6,6,CCTACAAAAGCATTTGCGGT,0,4222550
yadE_predicted,0.14285714285714285,6,6,CCTAAGTGTCATTTTGTTGG,0,4206376
yadE_predicted,0.14285714285714285,6,6,CCGTGAGGACGAACTACCCT,0,4167457
yadE_predicted,0.14285714285714285,6,6,CCGTCGATAGGTACTTCTAG,0,4195757
yadE_predicted,0.14285714285714285,6,6,CCGTATGTGCAAACTCTTCA,0,4202971
yadE_predicted,0.14285714285714285,6,6,CCGGTCGTATGTTGGACCTT,0,4187062
yadE_predicted,0.14285714285714285,6,6,CCGGGTCATTGTAACACACG,0,4178085
yadE_predicted,0.14285714285714285,6,6,CCGGGGATGTCACATGTAGC,0,4211949
yadE_predicted,0.14285714285714285,6,6,CCGGCTCTGTAACGGTTTCT,0,4171424
yadE_predicted,0.14285714285714285,6,6,CCGGCCACTTACTTAGGTCA,0,4223762
yadE_predicted,0.14285714285714285,6,6,CCGGCAAACTTGCAGTTTAC,0,4241029
yadE_predicted,0.14285714285714285,6,6,CCGGAAACGGAACCCTTGCC,0,4233757
yadE_predicted,0.14285714285714285,6,6,CCGCGTGGCTAAGTGACCTC,0,4160386
yadE_predicted,0.14285714285714285,6,6,CCGCCTTATCAGGGAGTTTC,0,4228423
yadE_predicted,0.14285714285714285,6,6,CCGCCGTGGGCCTGAGGAAA,0,4196314
yadE_predicted,0.14285714285714285,6,6,CCGCCCCACCCACCAGTCTC,0,4188389
yadE_predicted,0.14285714285714285,6,6,CCGCATGACCTGGTGGGCCT,0,4200349
yadE_predicted,0.14285714285714285,6,6,CCGCATAAGGTAGAGAGCAG,0,4189591
yadE_predicted,0.14285714285714285,6,6,CCGCAGTGATACCATGACCA,0,4167516
yadE_predicted,0.14285714285714285,6,6,CCGCAGGAAAATCGGCCAAT,0,4217567
yadE_predicted,0.14285714285714285,6,6,CCGCAATTTAGTCCTATTTC,0,4194569
yadE_predicted,0.14285714285714285,6,6,CCGATGGTACAAGCATAAAG,0,4222270
yadE_predicted,0.14285714285714285,6,6,CCGATCAGGCTAAAGGCCGG,0,4160589
yadE_predicted,0.14285714285714285,6,6,CCGAGGACAAGACCGACGTA,0,4211433
yadE_predicted,0.14285714285714285,6,6,CCGACCCATTCCGCAGCCCT,0,4191043
yadE_predicted,0.14285714285714285,6,6,CCCTTTCCTCCCAGAAAGGT,0,4200392
yadE_predicted,0.14285714285714285,6,6,CCCTTCGGCACGTTGGTAGG,0,4183025
yadE_predicted,0.14285714285714285,6,6,CCCGCCAACAGAGAAACTCC,0,4197505
yadE_predicted,0.14285714285714285,6,6,CCCGCATGTACGAGTGGGAT,0,4160605
yadE_predicted,0.14285714285714285,6,6,CCCGATGCGTCCCCCGCGGG,0,4232402
yadE_predicted,0.14285714285714285,6,6,CCCGAGACCAAGATAACGGA,0,4226318
yadE_predicted,0.14285714285714285,6,6,CCCGACCTCCCTCATGCGTA,0,4174065
yadE_predicted,0.14285714285714285,6,6,CCCCCGGATTGAAACATATG,0,4180920
yadE_predicted,0.14285714285714285,6,6,CCCCCACAGGTACCGAGCAG,0,4189543
yadE_predicted,0.14285714285714285,6,6,CCCATTCGTTTCCAGAACCA,0,4209483
yadE_predicted,0.14285714285714285,6,6,CCCAGGAACAGAGCTCAGTG,0,4201398
yadE_predicted,0.14285714285714285,6,6,CCCAGATTGAAACGAATAAT,0,4201868
yadE_predicted,0.14285714285714285,6,6,CCCAATTCGGCCTATGCCAG,0,4167510
yadE_predicted,0.14285714285714285,6,6,CCCAACTCTGGAACCGGAGA,0,4222080
yadE_predicted,0.14285714285714285,6,6,CCATTTTCAGGGCTCTGCGT,0,4190138
yadE_predicted,0.14285714285714285,6,6,CCATTTCTGTGCAGATCCGG,0,4214036
yadE_predicted,0.14285714285714285,6,6,CCATGTATGGGCGTAGCTGA,0,4195655
yadE_predicted,0.14285714285714285,6,6,CCATCGGGCAAATTAAGCAA,0,4233924
yadE_predicted,0.14285714285714285,6,6,CCATACGTCAGGATCTGTTT,0,4165525
yadE_predicted,0.14285714285714285,6,6,CCATAAGTAACCCTACGTTC,0,4174173
yadE_predicted,0.14285714285714285,6,6,CCAGTGAGGGAGCTAGACAT,0,4228660
yadE_predicted,0.14285714285714285,6,6,CCAGTAGTTGGCTAAGAGGA,0,4193586
yadE_predicted,0.14285714285714285,6,6,CCAGGTAGGGCAATAGGTGC,0,4238751
yadE_predicted,0.14285714285714285,6,6,CCAGGTAACCGGCGCTCATG,0,4185285
yadE_predicted,0.14285714285714285,6,6,CCAGGACGTGCTGCCTCATG,0,4225416
yadE_predicted,0.14285714285714285,6,6,CCACTTTAATCCAAAGGTCT,0,4162959
yadE_predicted,0.14285714285714285,6,6,CCACGTATGCTGCTTTCGGG,0,4206668
yadE_predicted,0.14285714285714285,6,6,CCACGTAGCGCCTTACGTAG,0,4199736
yadE_predicted,0.14285714285714285,6,6,CCACCTCTAGCAGCGTCAGG,0,4159646
yadE_predicted,0.14285714285714285,6,6,CCACATGGATGGTCCACTCC,0,4168766
yadE_predicted,0.14285714285714285,6,6,CCAATCAGTCCGCCCCCGGA,0,4169991
yadE_predicted,0.14285714285714285,6,6,CCAATCACGGCAGGTCTTAG,0,4168675
yadE_predicted,0.14285714285714285,6,6,CCAATCACAGATGCATCCCT,0,4232880
yadE_predicted,0.14285714285714285,6,6,CCAAGGCTTCACTGATCACG,0,4226946
yadE_predicted,0.14285714285714285,6,6,CCAAGCAACAGATGGCGACA,0,4205437
yadE_predicted,0.14285714285714285,6,6,CCAAATTTTACTTGTCCACC,0,4223557
yadE_predicted,0.14285714285714285,6,6,CATTTGGCGAAGTCTCTGCG,0,4171192
yadE_predicted,0.14285714285714285,6,6,CATTCATACGTGGCCCAGAC,0,4197377
yadE_predicted,0.14285714285714285,6,6,CATTATGGAACAGACTGTCA,0,4178953
yadE_predicted,0.14285714285714285,6,6,CATTACTGTGTTCCCTACAG,0,4199599
yadE_predicted,0.14285714285714285,6,6,CATTACCGTTGTCTAATGAT,0,4161189
yadE_predicted,0.14285714285714285,6,6,CATGTTAATCTCTGTGCTCA,0,4206937
yadE_predicted,0.14285714285714285,6,6,CATGTGCATACCACACGATC,0,4187086
yadE_predicted,0.14285714285714285,6,6,CATGGTTTATATTCCTGAAG,0,4224310
yadE_predicted,0.14285714285714285,6,6,CATGGTTGAACTCATTAATG,0,4227520
yadE_predicted,0.14285714285714285,6,6,CATGGGTGAACTGCTCTACA,0,4161025
yadE_predicted,0.14285714285714285,6,6,CATGCTCAGGGAAATTATTT,0,4226132
yadE_predicted,0.14285714285714285,6,6,CATGCCGTCTGAAAAGAGGA,0,4177438
yadE_predicted,0.14285714285714285,6,6,CATGAGGCAGATAGTACTGT,0,4195947
yadE_predicted,0.14285714285714285,6,6,CATCTGTGGACCATCCGTCG,0,4188920
yadE_predicted,0.14285714285714285,6,6,CATCTATCGCTCAGGCGCCT,0,4164941
yadE_predicted,0.14285714285714285,6,6,CATCCTCCTGTATGGTAAGA,0,4208857
yadE_predicted,0.14285714285714285,6,6,CATCCGAGGCGCCGTGGCGG,0,4231255
yadE_predicted,0.14285714285714285,6,6,CATCAGTCGGTTAGGTTTCG,0,4166375
yadE_predicted,0.14285714285714285,6,6,CATCAAGTTGTCGCCGTCGT,0,4178312
yadE_predicted,0.14285714285714285,6,6,CATATCGGCGTGTTCTAACA,0,4199585
yadE_predicted,0.14285714285714285,6,6,CATAACACATAGTGTTGCGG,0,4226904
yadE_predicted,0.14285714285714285,6,6,CATAAAGCGAATGTGCAGGT,0,4233150
yadE_predicted,0.14285714285714285,6,6,CAGTGGCTCCGCGAAGTCTT,0,4208395
yadE_predicted,0.14285714285714285,6,6,CAGTGCTTAGGGCATAAAAC,0,4203097
yadE_predicted,0.14285714285714285,6,6,CAGTAGCCGCTAGGGTCTTG,0,4208592
yadE_predicted,0.14285714285714285,6,6,CAGTAGCACCGTTCTGTGCA,0,4224204
yadE_predicted,0.14285714285714285,6,6,CAGGTGTCAATCAGGAGCTG,0,4173130
yadE_predicted,0.14285714285714285,6,6,CAGGTGCAGGCTCATGGGTC,0,4226468
yadE_predicted,0.14285714285714285,6,6,CAGGTCCCCATAAATTTGAG,0,4179827
yadE_predicted,0.14285714285714285,6,6,CAGGTACCTTTAGGTCATCG,0,4175235
yadE_predicted,0.14285714285714285,6,6,CAGGGCATCAACAAATAAAA,0,4187001
yadE_predicted,0.14285714285714285,6,6,CAGGACTAACCGCTTGTGAT,0,4186360
yadE_predicted,0.14285714285714285,6,6,CAGGACGGCTCCTGAAAAGG,0,4176113
yadE_predicted,0.14285714285714285,6,6,CAGGAAATCGGGAAGTCTTC,0,4175169
yadE_predicted,0.14285714285714285,6,6,CAGGAAACTTGACACGTAGC,0,4232445
yadE_predicted,0.14285714285714285,6,6,CAGCGCGTATTGGCGGGCTC,0,4193710
yadE_predicted,0.14285714285714285,6,6,CAGCGCGATTGCTTCAGAGA,0,4162652
yadE_predicted,0.14285714285714285,6,6,CAGCGATACCTGCCGACAGG,0,4188827
yadE_predicted,0.14285714285714285,6,6,CAGCCTAAATACACTTTATT,0,4173569
yadE_predicted,0.14285714285714285,6,6,CAGCAATCTGTTTTGCAAAA,0,4241426
yadE_predicted,0.14285714285714285,6,6,CAGATTCTCCTCGTTCCATA,0,4218692
yadE_predicted,0.14285714285714285,6,6,CAGATGCGGAGGGGCCCCTG,0,4231630
yadE_predicted,0.14285714285714285,6,6,CAGAACAGGACTACGACCTA,0,4196484
yadE_predicted,0.14285714285714285,6,6,CACTTCAAACTAGGTTTCAT,0,4168827
yadE_predicted,0.14285714285714285,6,6,CACTGAGGTTGGGGACGCTT,0,4208823
yadE_predicted,0.14285714285714285,6,6,CACTGAGCATCTCATTCAAA,0,4192046
yadE_predicted,0.14285714285714285,6,6,CACTCCGTCACCCCGAGGAT,0,4218617
yadE_predicted,0.14285714285714285,6,6,CACGTCTCTACCGGGCCAGT,0,4167118
yadE_predicted,0.14285714285714285,6,6,CACGGGCTGTGGCCCCGGTT,0,4182713
yadE_predicted,0.14285714285714285,6,6,CACGGCGTAATTATAGGCCG,0,4174554
yadE_predicted,0.14285714285714285,6,6,CACGATCGGCGAGTCAGCCC,0,4169659
yadE_predicted,0.14285714285714285,6,6,CACCTTGCCAGGGGCTTCGA,0,4166692
yadE_predicted,0.14285714285714285,6,6,CACCTTCCTTTAGACCTCTA,0,4205342
yadE_predicted,0.14285714285714285,6,6,CACCGGCGCCATTACATCGA,0,4184667
yadE_predicted,0.14285714285714285,6,6,CACCCACAGTTTGTGCGGAC,0,4205180
yadE_predicted,0.14285714285714285,6,6,CACAGGCTCGGGTCCAGGGC,0,4170608
yadE_predicted,0.14285714285714285,6,6,CACACAGCTGGCCTCCCGGA,0,4183242
yadE_predicted,0.14285714285714285,6,6,CACAATGCTGAGTTGAAGTT,0,4188489
yadE_predicted,0.14285714285714285,6,6,CAATGCGCATGACTCTGCCA,0,4239667
yadE_predicted,0.14285714285714285,6,6,CAATCTTGTGACGCTAAGAT,0,4200064
yadE_predicted,0.14285714285714285,6,6,CAATCTATCGCCCCGGTCTA,0,4176880
yadE_predicted,0.14285714285714285,6,6,CAATCCTGGCTAGTGCAGAT,0,4227901
yadE_predicted,0.14285714285714285,6,6,CAATCCGCAAAGGGCGCTAG,0,4214796
yadE_predicted,0.14285714285714285,6,6,CAATACTGGGAGAAAGCTCA,0,4167386
yadE_predicted,0.14285714285714285,6,6,CAAGTTCCTCCATCTGGGAC,0,4217983
yadE_predicted,0.14285714285714285,6,6,CAAGGGTTTCAACGCACTCA,0,4173278
yadE_predicted,0.14285714285714285,6,6,CAAGCAGAACCCGGATTAGC,0,4159525
yadE_predicted,0.14285714285714285,6,6,CAAGATTGGCATACTCGGTC,0,4160785
yadE_predicted,0.14285714285714285,6,6,CAAGACTAACTGTCCACTGT,0,4202362
yadE_predicted,0.14285714285714285,6,6,CAACCAAGTTGCAAATGAAT,0,4222739
yadE_predicted,0.14285714285714285,6,6,CAACACCCGGAGGGGCGTCC,0,4232314
yadE_predicted,0.14285714285714285,6,6,CAACAAGCGGCCCGTACAGG,0,4165266
yadE_predicted,0.14285714285714285,6,6,CAAATGGTAAATCGGTCGGT,0,4227725
yadE_predicted,0.14285714285714285,6,6,CAAAGATGCAGCCAACTTCC,0,4202491
yadE_predicted,0.14285714285714285,6,6,CAAAGACGTTCCGACACATA,0,4183517
yadE_predicted,0.14285714285714285,6,6,CAAAGAAACCCTCCATCGTC,0,4175924
yadE_predicted,0.14285714285714285,6,6,CAAACGCGCTAGTGAGCGTA,0,4171302
yadE_predicted,0.14285714285714285,6,6,CAAACAGAAAGTTGCTTTCG,0,4198927
yadE_predicted,0.14285714285714285,6,6,CAAAAAGCCCCGCGTTTGTA,0,4178030
yadE_predicted,0.14285714285714285,6,6,ATTTTTGTCCCTAGCGTAGC,0,4225791
yadE_predicted,0.14285714285714285,6,6,ATTTTGTCCCTATTCTTGGT,0,4232904
yadE_predicted,0.14285714285714285,6,6,ATTTTGGAGACGATGCCAGA,0,4182711
yadE_predicted,0.14285714285714285,6,6,ATTTTGACAATTCTCATTCT,0,4236060
yadE_predicted,0.14285714285714285,6,6,ATTTTCGGAGGAGTAGTTTA,0,4234972
yadE_predicted,0.14285714285714285,6,6,ATTTGTTCACCATTGAATTG,0,4210026
yadE_predicted,0.14285714285714285,6,6,ATTTGGTTTAAGCACAGACT,0,4169718
yadE_predicted,0.14285714285714285,6,6,ATTTCTTAGAGAGCCACAAC,0,4179364
yadE_predicted,0.14285714285714285,6,6,ATTTCGTCCTAAGACTTCTT,0,4241442
yadE_predicted,0.14285714285714285,6,6,ATTGTCTGGGGGTGCACTCT,0,4227537
yadE_predicted,0.14285714285714285,6,6,ATTGTCGATCAGTGGTACGG,0,4200580
yadE_predicted,0.14285714285714285,6,6,ATTGGGATTTCCCCACGGCT,0,4224038
yadE_predicted,0.14285714285714285,6,6,ATTGGCCTTTACACGGGTAG,0,4227654
yadE_predicted,0.14285714285714285,6,6,ATTGCGTAAACAACTGATGG,0,4239533
yadE_predicted,0.14285714285714285,6,6,ATTGAGCGTCACTGTTAAAG,0,4164650
yadE_predicted,0.14285714285714285,6,6,ATTGAACGCGAGTTAGCCAC,0,4210087
yadE_predicted,0.14285714285714285,6,6,ATTCTTCCAGGAGACATTAG,0,4237105
yadE_predicted,0.14285714285714285,6,6,ATTCTGTTTAACTTCGCGGT,0,4167123
yadE_predicted,0.14285714285714285,6,6,ATTCTGTGCACGGGCACTGA,0,4168599
yadE_predicted,0.14285714285714285,6,6,ATTCTGTCTGTGGCTCGCTG,0,4181029
yadE_predicted,0.14285714285714285,6,6,ATTCTGTAATAGCGTCAAGG,0,4225133
yadE_predicted,0.14285714285714285,6,6,ATTCGGGATCTTAAATGGGA,0,4188024
yadE_predicted,0.14285714285714285,6,6,ATTCCGTGATATCTCCACAA,0,4166708
yadE_predicted,0.14285714285714285,6,6,ATTCATGGCGTTGCACAAAA,0,4185206
yadE_predicted,0.14285714285714285,6,6,ATTCATCCAGATCGCCTCTT,0,4215136
yadE_predicted,0.14285714285714285,6,6,ATTCAGAAGAGGGTGTTCGA,0,4224717
yadE_predicted,0.14285714285714285,6,6,ATTATTTGAAATCATCGGTC,0,4180537
yadE_predicted,0.14285714285714285,6,6,ATTAGATTTAGGATGATAGT,0,4161432
yadE_predicted,0.14285714285714285,6,6,ATTAGAAAGGGGTCTGTGGT,0,4202598
yadE_predicted,0.14285714285714285,6,6,ATTACTTACATTGTTTCGCG,0,4223073
yadE_predicted,0.14285714285714285,6,6,ATTAATCGGAACGACGGTCC,0,4202937
yadE_predicted,0.14285714285714285,6,6,ATTAACGTAGTACAGGTTAC,0,4237100
yadE_predicted,0.14285714285714285,6,6,ATGTTTGTTCTGGCTTGTAT,0,4179228
yadE_predicted,0.14285714285714285,6,6,ATGTTATACGGGTCAATCAC,0,4198227
yadE_predicted,0.14285714285714285,6,6,ATGTGGCTCCTCCAAAGTAG,0,4227403
yadE_predicted,0.14285714285714285,6,6,ATGGTTTTTCGCGGGAGGTG,0,4204609
yadE_predicted,0.14285714285714285,6,6,ATGGTGTGTCGTTGTATCGG,0,4229403
yadE_predicted,0.14285714285714285,6,6,ATGGTGAGTGGTAAATGGAC,0,4196855
yadE_predicted,0.14285714285714285,6,6,ATGGGTTTGGGCACTAATCT,0,4230723
yadE_predicted,0.14285714285714285,6,6,ATGGGGCGCTATCAGCCGAA,0,4166295
yadE_predicted,0.14285714285714285,6,6,ATGGGCAATACATATCGGTC,0,4196486
yadE_predicted,0.14285714285714285,6,6,ATGGCACAGCCGTCACGGCA,0,4196169
yadE_predicted,0.14285714285714285,6,6,ATGCTAACGTTGTAAGAGGG,0,4223415
yadE_predicted,0.14285714285714285,6,6,ATGCGGTGACCAGCTGTTCG,0,4185774
yadE_predicted,0.14285714285714285,6,6,ATGCGGGTTGGATACAGGGG,0,4212615
yadE_predicted,0.14285714285714285,6,6,ATGCCGTTGAAGCAATCGGT,0,4178485
yadE_predicted,0.14285714285714285,6,6,ATGCATCGTCAAACCAAGCT,0,4197278
yadE_predicted,0.14285714285714285,6,6,ATGCAGGCAAGCGATTAAAT,0,4191276
yadE_predicted,0.14285714285714285,6,6,ATGAGGTAAACAATGGAAAA,0,4187799
yadE_predicted,0.14285714285714285,6,6,ATGAGGCGCAGGCAAGAGGC,0,4185629
yadE_predicted,0.14285714285714285,6,6,ATGAGCGGATAATAAATTTC,0,4163640
yadE_predicted,0.14285714285714285,6,6,ATCTTCAATGGCGTTTGTGT,0,4191441
yadE_predicted,0.14285714285714285,6,6,ATCTTATTGCAAGACATGCA,0,4193749
yadE_predicted,0.14285714285714285,6,6,ATCTTAGCGCCATTGAGATT,0,4182709
yadE_predicted,0.14285714285714285,6,6,ATCTGTAGAGATACGCGAAC,0,4167754
yadE_predicted,0.14285714285714285,6,6,ATCTGCTAGACTAATATAAC,0,4181609
yadE_predicted,0.14285714285714285,6,6,ATCTGACTTGGCCACATGAA,0,4197596
yadE_predicted,0.14285714285714285,6,6,ATCTAGGGTGTTCCGCCAAA,0,4209523
yadE_predicted,0.14285714285714285,6,6,ATCTAGCTTCGTTTTTTAGG,0,4163941
yadE_predicted,0.14285714285714285,6,6,ATCTACAATTATTGTTTGAT,0,4193594
yadE_predicted,0.14285714285714285,6,6,ATCGGTTCCCCCAGATCGTA,0,4209583
yadE_predicted,0.14285714285714285,6,6,ATCGGGGATGTGTCAAGTAC,0,4175647
yadE_predicted,0.14285714285714285,6,6,ATCGCGATCTAAAGGCGACA,0,4199436
yadE_predicted,0.14285714285714285,6,6,ATCGCGAAACTTCCCGAGAG,0,4240059
yadE_predicted,0.14285714285714285,6,6,ATCGCCCTACTGAACGCCTC,0,4239476
yadE_predicted,0.14285714285714285,6,6,ATCGCCATACAATCTCGATA,0,4189007
yadE_predicted,0.14285714285714285,6,6,ATCCTTCAGCATACAATCTA,0,4201044
yadE_predicted,0.14285714285714285,6,6,ATCCGTACCTCCACGCAGGG,0,4170157
yadE_predicted,0.14285714285714285,6,6,ATCCGGCCATTTCATGCGAT,0,4229228
yadE_predicted,0.14285714285714285,6,6,ATCCGCCCAAGCATCTTACC,0,4210132
yadE_predicted,0.14285714285714285,6,6,ATCCGCATACCTCGTTGGCC,0,4160986
yadE_predicted,0.14285714285714285,6,6,ATCCGATCGTCAATTATCGT,0,4230561
yadE_predicted,0.14285714285714285,6,6,ATCCATTTTCTATGGAGGTA,0,4199857
yadE_predicted,0.14285714285714285,6,6,ATCCACTATTACAGCAAGAT,0,4164409
yadE_predicted,0.14285714285714285,6,6,ATCATGTCCAATAAGGGCGT,0,4170936
yadE_predicted,0.14285714285714285,6,6,ATCAGAAACACTTCTGACAG,0,4233765
yadE_predicted,0.14285714285714285,6,6,ATCACTTACCTCATCCACAG,0,4220072
yadE_predicted,0.14285714285714285,6,6,ATCACATTGTAGGACACGGG,0,4168628
yadE_predicted,0.14285714285714285,6,6,ATCAATTATCCCGCGAGTGG,0,4192815
yadE_predicted,0.14285714285714285,6,6,ATCAAGGCGTATGTAGAATT,0,4188547
yadE_predicted,0.14285714285714285,6,6,ATATTGGTAGAATGGTCATT,0,4200347
yadE_predicted,0.14285714285714285,6,6,ATATTGGGGTTCGTATGGTA,0,4228425
yadE_predicted,0.14285714285714285,6,6,ATATTGCTCACAGTTGTATA,0,4159742
yadE_predicted,0.14285714285714285,6,6,ATATTACATGGCGACATCCT,0,4221562
yadE_predicted,0.14285714285714285,6,6,ATATGACACAATATCCGCCC,0,4184962
yadE_predicted,0.14285714285714285,6,6,ATATCTCCCTGAAGCGATTG,0,4162798
yadE_predicted,0.14285714285714285,6,6,ATATATTTTGTCGATTGGTG,0,4214781
yadE_predicted,0.14285714285714285,6,6,ATATAGGACACCTACGTAAG,0,4184196
yadE_predicted,0.14285714285714285,6,6,ATATAATCTGGAGTCAGTTG,0,4239334
yadE_predicted,0.14285714285714285,6,6,ATAGTCAGTATCTTATCGAC,0,4238381
yadE_predicted,0.14285714285714285,6,6,ATAGGTGGGCTTTACCATGG,0,4177353
yadE_predicted,0.14285714285714285,6,6,ATAGGGGGTGGCTGGCTTTA,0,4167005
yadE_predicted,0.14285714285714285,6,6,ATAGGAAGGCGGCGGCCAGT,0,4219633
yadE_predicted,0.14285714285714285,6,6,ATAGCGATGGGACGCTTTGA,0,4215232
yadE_predicted,0.14285714285714285,6,6,ATAGCCCCCCCCTGCAGTCA,0,4218988
yadE_predicted,0.14285714285714285,6,6,ATAGATACTGTGATCACTTC,0,4240464
yadE_predicted,0.14285714285714285,6,6,ATACTTGTCCGAGGTCCGCG,0,4196622
yadE_predicted,0.14285714285714285,6,6,ATACGTCAAGCCATCAGTGA,0,4186252
yadE_predicted,0.14285714285714285,6,6,ATACCAGTGGCTAGGGAAGG,0,4232745
yadE_predicted,0.14285714285714285,6,6,ATACATGGTGAGGTTTTGTA,0,4234294
yadE_predicted,0.14285714285714285,6,6,ATACATCAGTGTCTTAGTCG,0,4172464
yadE_predicted,0.14285714285714285,6,6,ATACAGTTTTCTCACCTTGG,0,4224064
yadE_predicted,0.14285714285714285,6,6,ATAATATGAGTTGACACCTC,0,4227778
yadE_predicted,0.14285714285714285,6,6,ATAAGGGCGCATTACGCCAG,0,4162253
yadE_predicted,0.14285714285714285,6,6,ATAACGACTGCTAGATAAGC,0,4216352
yadE_predicted,0.14285714285714285,6,6,ATAACCTCCTGTTGAGATAG,0,4220998
yadE_predicted,0.14285714285714285,6,6,ATAAATCGGGACTTAGGATT,0,4165551
yadE_predicted,0.14285714285714285,6,6,AGTTGCGCAGAGGCTTAGAG,0,4222201
yadE_predicted,0.14285714285714285,6,6,AGTTCGGTCACCGACGTCGC,0,4178611
yadE_predicted,0.14285714285714285,6,6,AGTTCAGTTAATAGCACCTA,0,4184895
yadE_predicted,0.14285714285714285,6,6,AGTTATCCTCCGTCGGCGCA,0,4214022
yadE_predicted,0.14285714285714285,6,6,AGTTAACGAGAGGACGTACA,0,4162757
yadE_predicted,0.14285714285714285,6,6,AGTGTCGATTGTATCGATCT,0,4190690
yadE_predicted,0.14285714285714285,6,6,AGTGGTTCCTTACGCACCTA,0,4188551
yadE_predicted,0.14285714285714285,6,6,AGTGCTGTAATGGGGGGCTT,0,4171089
yadE_predicted,0.14285714285714285,6,6,AGTGATATGATGTAGGGTGA,0,4163959
yadE_predicted,0.14285714285714285,6,6,AGTCCTTAACTTGATATTAC,0,4169695
yadE_predicted,0.14285714285714285,6,6,AGTCCGCTGAATCTGCTGTG,0,4234761
yadE_predicted,0.14285714285714285,6,6,AGTCCAGATCATACATAGAT,0,4164551
yadE_predicted,0.14285714285714285,6,6,AGTCCAATAGGCGAAATTGC,0,4237624
yadE_predicted,0.14285714285714285,6,6,AGTCAGCGGTGTCAAAGGTA,0,4204544
yadE_predicted,0.14285714285714285,6,6,AGTATGTGGGGTTCGGGTTA,0,4181083
yadE_predicted,0.14285714285714285,6,6,AGTATGCAATGGAGTTTGAC,0,4180566
yadE_predicted,0.14285714285714285,6,6,AGTATCACCATCGATCTCTC,0,4200896
yadE_predicted,0.14285714285714285,6,6,AGTATAGCATTGAGCAGGTC,0,4225032
yadE_predicted,0.14285714285714285,6,6,AGTAGGGTATCCCATTGGGA,0,4237997
yadE_predicted,0.14285714285714285,6,6,AGTACGGTATGAACAGCGAT,0,4185572
yadE_predicted,0.14285714285714285,6,6,AGTACGAAGATACCGTCTTT,0,4164074
yadE_predicted,0.14285714285714285,6,6,AGTAACTGGCGAGGTTAGGT,0,4231554
yadE_predicted,0.14285714285714285,6,6,AGGTTTAACGAATAGGCGAA,0,4186975
yadE_predicted,0.14285714285714285,6,6,AGGTTGGCAGCCACTTTCAC,0,4218076
yadE_predicted,0.14285714285714285,6,6,AGGTGTTTATACCCCATGTT,0,4230565
yadE_predicted,0.14285714285714285,6,6,AGGTGCGGGACGCAAAGGAC,0,4210675
yadE_predicted,0.14285714285714285,6,6,AGGTCGTCCAGCGTCCAATG,0,4170488
yadE_predicted,0.14285714285714285,6,6,AGGTATCGGGCGTGACTCTA,0,4184871
yadE_predicted,0.14285714285714285,6,6,AGGTATCGAACCGCCGCATA,0,4241168
yadE_predicted,0.14285714285714285,6,6,AGGTACGAGGTATGGGAGCG,0,4194114
yadE_predicted,0.14285714285714285,6,6,AGGGTGATATCTAAACAAAC,0,4169147
yadE_predicted,0.14285714285714285,6,6,AGGGCATCAGATCCTGCTAG,0,4212897
yadE_predicted,0.14285714285714285,6,6,AGGCTTCGCCCACATAAGGT,0,4211423
yadE_predicted,0.14285714285714285,6,6,AGGCTTCCCGCGCACGGGGT,0,4184921
yadE_predicted,0.14285714285714285,6,6,AGGCTGTACCCACGGAAGAC,0,4184679
yadE_predicted,0.14285714285714285,6,6,AGGCGTCATCTGGCTAACGT,0,4197504
yadE_predicted,0.14285714285714285,6,6,AGGCGGGTATGGGGAGGTCC,0,4179369
yadE_predicted,0.14285714285714285,6,6,AGGCGGCTGCTACGTGCACT,0,4179685
yadE_predicted,0.14285714285714285,6,6,AGGCGAGTTAGTGGCTGTTT,0,4163121
yadE_predicted,0.14285714285714285,6,6,AGGCGACGAACGGACTAGCG,0,4217781
yadE_predicted,0.14285714285714285,6,6,AGGCCGGGAGGGGGACACTT,0,4237187
yadE_predicted,0.14285714285714285,6,6,AGGCCGCGTATGGGGTATCA,0,4234811
yadE_predicted,0.14285714285714285,6,6,AGGCAATAGAACAGGATTGC,0,4221082
yadE_predicted,0.14285714285714285,6,6,AGGAGTTAGACCCGGGGCAA,0,4177656
yadE_predicted,0.14285714285714285,6,6,AGGAGTGTGAGTTACCAAAG,0,4209192
yadE_predicted,0.14285714285714285,6,6,AGGACTGTCTCTGCAGTACA,0,4234159
yadE_predicted,0.14285714285714285,6,6,AGGACGGTGCATTTCGAACT,0,4191971
yadE_predicted,0.14285714285714285,6,6,AGGAATTGCATGCCGGGTAA,0,4227860
yadE_predicted,0.14285714285714285,6,6,AGGAAAAAGGCAATGCAAGC,0,4232571
yadE_predicted,0.14285714285714285,6,6,AGCTGGCAATGACGGTCTGG,0,4159965
yadE_predicted,0.14285714285714285,6,6,AGCTCGCATCATAGCTTATA,0,4166984
yadE_predicted,0.14285714285714285,6,6,AGCTCCTACAACGCGAAGAA,0,4232659
yadE_predicted,0.14285714285714285,6,6,AGCTCCCACACCTTCTCATG,0,4200247
yadE_predicted,0.14285714285714285,6,6,AGCTATAGGTGCATAATGAT,0,4163771
yadE_predicted,0.14285714285714285,6,6,AGCTAGGCTGCTTCTTCGTG,0,4224533
yadE_predicted,0.14285714285714285,6,6,AGCGTTCAGGTATTCGCATC,0,4189230
yadE_predicted,0.14285714285714285,6,6,AGCGTCGATCGGAGATTGCA,0,4203236
yadE_predicted,0.14285714285714285,6,6,AGCCTGGGTGATTCTCGGCA,0,4191730
yadE_predicted,0.14285714285714285,6,6,AGCCTCGCACCTCATGGTAA,0,4191623
yadE_predicted,0.14285714285714285,6,6,AGCCTAGGTATAGAAGTGCA,0,4217180
yadE_predicted,0.14285714285714285,6,6,AGCCGTCGGGTGCGTACCGA,0,4171815
yadE_predicted,0.14285714285714285,6,6,AGCCCCGACAACCGTACGTA,0,4190973
yadE_predicted,0.14285714285714285,6,6,AGCATATAAGCTCAAACTAA,0,4229212
yadE_predicted,0.14285714285714285,6,6,AGCAGAGGCTTCCAACTAAA,0,4240614
yadE_predicted,0.14285714285714285,6,6,AGCAGACCAATGCAAAGTGA,0,4203287
yadE_predicted,0.14285714285714285,6,6,AGCACCGCTGGCTGGGCATA,0,4164786
yadE_predicted,0.14285714285714285,6,6,AGATTGATTTGGAACCTAAT,0,4234414
yadE_predicted,0.14285714285714285,6,6,AGATTATGACAGTCGACATT,0,4165745
yadE_predicted,0.14285714285714285,6,6,AGATGGCTAGCCTACCATCT,0,4184421
yadE_predicted,0.14285714285714285,6,6,AGATGGATCCTTGTACCGGG,0,4184264
yadE_predicted,0.14285714285714285,6,6,AGATCTGGGTTCGGCGAGCT,0,4183428
yadE_predicted,0.14285714285714285,6,6,AGATCGTTTAGATACCATAA,0,4209841
yadE_predicted,0.14285714285714285,6,6,AGATCGCATTCTTGTTTTGG,0,4206375
yadE_predicted,0.14285714285714285,6,6,AGATATACGTGCCTCTGTCT,0,4172313
yadE_predicted,0.14285714285714285,6,6,AGAGTTCCGGTGTAAACCGA,0,4167756
yadE_predicted,0.14285714285714285,6,6,AGAGTCGTTCGGTCGCCCCG,0,4226233
yadE_predicted,0.14285714285714285,6,6,AGAGTAAAAGTTATACGCTA,0,4227152
yadE_predicted,0.14285714285714285,6,6,AGAGAATTTCACTATACAAG,0,4203943
yadE_predicted,0.14285714285714285,6,6,AGACTTATGACGTCGTATGT,0,4199395
yadE_predicted,0.14285714285714285,6,6,AGACGCGGACAAGAGGCAGC,0,4206245
yadE_predicted,0.14285714285714285,6,6,AGACCCCCAATAATACACGC,0,4204123
yadE_predicted,0.14285714285714285,6,6,AGACCAGGGCGCCATCGTGC,0,4214194
yadE_predicted,0.14285714285714285,6,6,AGACATAGTGCTACCGTAAA,0,4230516
yadE_predicted,0.14285714285714285,6,6,AGACAAGGGGCAGATAGTAG,0,4215315
yadE_predicted,0.14285714285714285,6,6,AGAAGCAAATCATTTACCTG,0,4177269
yadE_predicted,0.14285714285714285,6,6,AGAACGAATCAGACCACGCC,0,4233897
yadE_predicted,0.14285714285714285,6,6,ACTTTTGAACCGGGACATGG,0,4239039
yadE_predicted,0.14285714285714285,6,6,ACTTTTAGCCGTTTCTAAGC,0,4181540
yadE_predicted,0.14285714285714285,6,6,ACTTTGGATCTTTCATAAAG,0,4186047
yadE_predicted,0.14285714285714285,6,6,ACTTGTCCGAATCAAAGAAG,0,4190622
yadE_predicted,0.14285714285714285,6,6,ACTTGTCAGTCCCTATCAAA,0,4235221
yadE_predicted,0.14285714285714285,6,6,ACTTGGGGCTTATGGAACTA,0,4209351
yadE_predicted,0.14285714285714285,6,6,ACTTGAGCTGGACATGCCAA,0,4194621
yadE_predicted,0.14285714285714285,6,6,ACTTGACGGCGGCGGGGTTG,0,4176986
yadE_predicted,0.14285714285714285,6,6,ACTTCTAATCCGGAAGGCTA,0,4239958
yadE_predicted,0.14285714285714285,6,6,ACTTCGAGCGGATTCTTCCG,0,4192098
yadE_predicted,0.14285714285714285,6,6,ACTTCAGAAGCGATGATCTG,0,4177368
yadE_predicted,0.14285714285714285,6,6,ACTTATTCGGTCCGCCCCAG,0,4205317
yadE_predicted,0.14285714285714285,6,6,ACTTATAGTAAAACGCGCAT,0,4164520
yadE_predicted,0.14285714285714285,6,6,ACTGCGGGGTGACCCTAATG,0,4240060
yadE_predicted,0.14285714285714285,6,6,ACTGCGGCAGTGTCAAACGT,0,4204119
yadE_predicted,0.14285714285714285,6,6,ACTCTGGGACAACGTCCGGT,0,4177937
yadE_predicted,0.14285714285714285,6,6,ACTCTCCCTTGCAACCAACA,0,4184185
yadE_predicted,0.14285714285714285,6,6,ACTCCGTATTTCACGCGTTA,0,4180643
yadE_predicted,0.14285714285714285,6,6,ACTCACTATCTTTCCCGCAA,0,4190570
yadE_predicted,0.14285714285714285,6,6,ACTATAGGGGTCGTCACGTG,0,4166262
yadE_predicted,0.14285714285714285,6,6,ACTAAGCTTGGTCTCCTATT,0,4212966
yadE_predicted,0.14285714285714285,6,6,ACTAAGATCACATTCCACCA,0,4166671
yadE_predicted,0.14285714285714285,6,6,ACGTTCTACGGTGGCTTGAG,0,4213920
yadE_predicted,0.14285714285714285,6,6,ACGTTCCTTTGTTGCACGGC,0,4169737
yadE_predicted,0.14285714285714285,6,6,ACGTGCAGGCAATCGATAGC,0,4207424
yadE_predicted,0.14285714285714285,6,6,ACGTGCACGATATTGATACT,0,4182346
yadE_predicted,0.14285714285714285,6,6,ACGTCTGGACAATTAAATGT,0,4237988
yadE_predicted,0.14285714285714285,6,6,ACGTCTCACGATATGCTGTG,0,4190196
yadE_predicted,0.14285714285714285,6,6,ACGTCAGGTAGTTTGCGTCA,0,4204188
yadE_predicted,0.14285714285714285,6,6,ACGGTGTCATGTTGATGCTG,0,4206818
yadE_predicted,0.14285714285714285,6,6,ACGGTATAAGCGGAAGGGTT,0,4178412
yadE_predicted,0.14285714285714285,6,6,ACGGGTTGTTGTTCTCTGAT,0,4230107
yadE_predicted,0.14285714285714285,6,6,ACGGGTCCCAACTCGCTGTA,0,4159657
yadE_predicted,0.14285714285714285,6,6,ACGGATTGCCGGTGACGGGT,0,4178136
yadE_predicted,0.14285714285714285,6,6,ACGCGTATTTGCAGAGCGTC,0,4164694
yadE_predicted,0.14285714285714285,6,6,ACGCCTTTTCTACGCAATCT,0,4193724
yadE_predicted,0.14285714285714285,6,6,ACGCAGACGTTAGAGTCGGA,0,4224250
yadE_predicted,0.14285714285714285,6,6,ACGATTTTTGCAGCCGAACT,0,4173303
yadE_predicted,0.14285714285714285,6,6,ACGATTGCCCTGATTCTTGC,0,4224215
yadE_predicted,0.14285714285714285,6,6,ACGACCAAGAGCGCATGACT,0,4235747
yadE_predicted,0.14285714285714285,6,6,ACGACAGACTTCGTGAGTTA,0,4193320
yadE_predicted,0.14285714285714285,6,6,ACGACACGTAGTTCGCGATT,0,4211426
yadE_predicted,0.14285714285714285,6,6,ACGAAGTGAAAGTTTTCACC,0,4223139
yadE_predicted,0.14285714285714285,6,6,ACGAAATTCGTATAATGGAA,0,4234017
yadE_predicted,0.14285714285714285,6,6,ACGAAAAGGCTCCAAGGGAC,0,4213214
yadE_predicted,0.14285714285714285,6,6,ACCTTATTTGTAGCTTAGGG,0,4159801
yadE_predicted,0.14285714285714285,6,6,ACCTGTGGCTGAGAAATCAC,0,4167466
yadE_predicted,0.14285714285714285,6,6,ACCTGGGATATCTGCTTTAT,0,4184860
yadE_predicted,0.14285714285714285,6,6,ACCTGAGATGTAAAGGCACG,0,4198388
yadE_predicted,0.14285714285714285,6,6,ACCTCTATGGGCGTGTGAGA,0,4173695
yadE_predicted,0.14285714285714285,6,6,ACCTCGGATCAACGCCTTGT,0,4167895
yadE_predicted,0.14285714285714285,6,6,ACCTCACGCGCGTGTTTCGT,0,4186935
yadE_predicted,0.14285714285714285,6,6,ACCTAGGATAGATTTTCGCA,0,4164532
yadE_predicted,0.14285714285714285,6,6,ACCTACCCAATCTTACTGTG,0,4167724
yadE_predicted,0.14285714285714285,6,6,ACCGTTGCAAAACAAAATAC,0,4185975
yadE_predicted,0.14285714285714285,6,6,ACCGTCTCGCAAACTTTGGA,0,4223997
yadE_predicted,0.14285714285714285,6,6,ACCGTATGAGGTTTCTCAAT,0,4178140
yadE_predicted,0.14285714285714285,6,6,ACCGGTTCTAGGTTCCTCTT,0,4204520
yadE_predicted,0.14285714285714285,6,6,ACCCGTGTCATAGATCAAGC,0,4181341
yadE_predicted,0.14285714285714285,6,6,ACCCGTCCTGCACACCTGTG,0,4229213
yadE_predicted,0.14285714285714285,6,6,ACCCCCTGTCTTAGCCCGGC,0,4208079
yadE_predicted,0.14285714285714285,6,6,ACCCCCCCGATGGCACCAAG,0,4201202
yadE_predicted,0.14285714285714285,6,6,ACCCACCCCACATGAACAGA,0,4200743
yadE_predicted,0.14285714285714285,6,6,ACCACGCACTTCGTCTCTTC,0,4169295
yadE_predicted,0.14285714285714285,6,6,ACCACAGTTCAGTGCAAAGT,0,4195993
yadE_predicted,0.14285714285714285,6,6,ACCAATCCGCTACCGTGAAG,0,4164752
yadE_predicted,0.14285714285714285,6,6,ACCAAATCAAGACAGTTGCG,0,4162688
yadE_predicted,0.14285714285714285,6,6,ACATTACCGGCCGGTGATGC,0,4218465
yadE_predicted,0.14285714285714285,6,6,ACATGAGTGAGTGATTTCCA,0,4198973
yadE_predicted,0.14285714285714285,6,6,ACATGAAAGAACGCTGAGAA,0,4211146
yadE_predicted,0.14285714285714285,6,6,ACATATTCGTTGCACATCTT,0,4202341
yadE_predicted,0.14285714285714285,6,6,ACAGTAAAATCGAAGCACGT,0,4218309
yadE_predicted,0.14285714285714285,6,6,ACAGGTCCCGGACTTCCTGC,0,4178798
yadE_predicted,0.14285714285714285,6,6,ACAGATGTGGATATACCCCT,0,4164992
yadE_predicted,0.14285714285714285,6,6,ACAGATAAGCTGACCAAACA,0,4199895
yadE_predicted,0.14285714285714285,6,6,ACAGAGTGTCGGGTGACGGG,0,4170206
yadE_predicted,0.14285714285714285,6,6,ACAGAGACCTCGAATCCGGA,0,4233182
yadE_predicted,0.14285714285714285,6,6,ACAGACTGCGTTGTCGAGGA,0,4186192
yadE_predicted,0.14285714285714285,6,6,ACAGACTCGGCGGAAAATTT,0,4218842
yadE_predicted,0.14285714285714285,6,6,ACAGACAAATTAGCCGTATA,0,4195436
yadE_predicted,0.14285714285714285,6,6,ACACTTGCCGAAGCACGTTA,0,4162604
yadE_predicted,0.14285714285714285,6,6,ACACTGGCAATCGCAATTCT,0,4201049
yadE_predicted,0.14285714285714285,6,6,ACACGTGAGGCATAGTTGTT,0,4171413
yadE_predicted,0.14285714285714285,6,6,ACACGCAGTGTCCAATGCCA,0,4216556
yadE_predicted,0.14285714285714285,6,6,ACACGATTCTCAACACGGGT,0,4200030
yadE_predicted,0.14285714285714285,6,6,ACACGACCTCCTGAGGGTTG,0,4234698
yadE_predicted,0.14285714285714285,6,6,ACACAGAGGTATTCTGCGTC,0,4232645
yadE_predicted,0.14285714285714285,6,6,ACACACGCGCCCCGTCCGTG,0,4225208
yadE_predicted,0.14285714285714285,6,6,ACAATAGCCCTTGTGGCGAC,0,4198007
yadE_predicted,0.14285714285714285,6,6,ACAAGGCGGGTCCTAGAACT,0,4166259
yadE_predicted,0.14285714285714285,6,6,ACAAGATCAAGCTCCGAACG,0,4206480
yadE_predicted,0.14285714285714285,6,6,ACAACTCAGTTATACGGCTG,0,4169133
yadE_predicted,0.14285714285714285,6,6,ACAACTACTAGGGGTACAAC,0,4232996
yadE_predicted,0.14285714285714285,6,6,ACAACAGAAATGAACCCCCT,0,4203281
yadE_predicted,0.14285714285714285,6,6,ACAAATGTACTGCAAGAGCT,0,4227052
yadE_predicted,0.14285714285714285,6,6,ACAAATACAGTCCGTTTGAA,0,4218638
yadE_predicted,0.14285714285714285,6,6,AATTTTGAGAAGTACCAGTT,0,4217305
yadE_predicted,0.14285714285714285,6,6,AATTTGAGGCCGTGACAGGC,0,4224140
yadE_predicted,0.14285714285714285,6,6,AATTGGTTTACGGGCACATT,0,4213085
yadE_predicted,0.14285714285714285,6,6,AATTGGGAGGCACTTAAGAC,0,4166855
yadE_predicted,0.14285714285714285,6,6,AATTGCTTGCACACTTCTCA,0,4171385
yadE_predicted,0.14285714285714285,6,6,AATTCGCGTAGCTGCTACGT,0,4235502
yadE_predicted,0.14285714285714285,6,6,AATTAGCGACGCCATACCCG,0,4185825
yadE_predicted,0.14285714285714285,6,6,AATGTTATGTATTGCCCTCC,0,4181584
yadE_predicted,0.14285714285714285,6,6,AATGTGGGTGCCAGTAGAAC,0,4214567
yadE_predicted,0.14285714285714285,6,6,AATGTGCAAAAACGTTGCTT,0,4182162
yadE_predicted,0.14285714285714285,6,6,AATCCTGCTTGACTGATACA,0,4191438
yadE_predicted,0.14285714285714285,6,6,AATACATCTTTCGCGACAGA,0,4211714
yadE_predicted,0.14285714285714285,6,6,AATAATACTGGACGTCGGAA,0,4162169
yadE_predicted,0.14285714285714285,6,6,AAGTTCTAGCAGGAGAAGAA,0,4225129
yadE_predicted,0.14285714285714285,6,6,AAGTTCAAAGACGCAAGTAA,0,4196287
yadE_predicted,0.14285714285714285,6,6,AAGTGTTTCTCTTGATTCTG,0,4224362
yadE_predicted,0.14285714285714285,6,6,AAGTGCGACATATCTAACGG,0,4232377
yadE_predicted,0.14285714285714285,6,6,AAGTCAGCGCATCACTCAGG,0,4211869
yadE_predicted,0.14285714285714285,6,6,AAGTACACTTGCTTGGGGGG,0,4220027
yadE_predicted,0.14285714285714285,6,6,AAGGTGTGGTAGTTGCCCAA,0,4193341
yadE_predicted,0.14285714285714285,6,6,AAGGTGAGTTGGAGTAGTGC,0,4180066
yadE_predicted,0.14285714285714285,6,6,AAGGTAGGAAATTGCCTGGT,0,4197976
yadE_predicted,0.14285714285714285,6,6,AAGGGTTTCGTCCCCTGCAG,0,4164474
yadE_predicted,0.14285714285714285,6,6,AAGGGGATCTGCGCAGCCGA,0,4177767
yadE_predicted,0.14285714285714285,6,6,AAGGAAGTCCTTCCCTACTT,0,4176452
yadE_predicted,0.14285714285714285,6,6,AAGCTCCTAGGATGGTTTTT,0,4172688
yadE_predicted,0.14285714285714285,6,6,AAGCGGTTAGTGGTGTGCTG,0,4165994
yadE_predicted,0.14285714285714285,6,6,AAGCGGGAGCTTTCTAATTA,0,4196670
yadE_predicted,0.14285714285714285,6,6,AAGCATATGTACCGTGGTGA,0,4165721
yadE_predicted,0.14285714285714285,6,6,AAGCAGTTTTTAGACTGGGG,0,4168924
yadE_predicted,0.14285714285714285,6,6,AAGCAAGTGACAACTTCCTG,0,4201367
yadE_predicted,0.14285714285714285,6,6,AAGCAACCGGCGGCGTTTTG,0,4224251
yadE_predicted,0.14285714285714285,6,6,AAGATGTATTTATTGTCATA,0,4229115
yadE_predicted,0.14285714285714285,6,6,AAGACCACTGCTAGAGAAGA,0,4179121
yadE_predicted,0.14285714285714285,6,6,AAGACAGGCGCCTGGAAATC,0,4224941
yadE_predicted,0.14285714285714285,6,6,AAGAAAACGCCCTACGGGTC,0,4189109
yadE_predicted,0.14285714285714285,6,6,AACTTGTGGCTATCCGTCCC,0,4182359
yadE_predicted,0.14285714285714285,6,6,AACTGGTAAAACACCCGGGT,0,4203302
yadE_predicted,0.14285714285714285,6,6,AACTGCAAACAAGTGGGGCA,0,4185066
yadE_predicted,0.14285714285714285,6,6,AACTGAGGGAGAGTGGAAAC,0,4164159
yadE_predicted,0.14285714285714285,6,6,AACTAAATTAAACCTTTTTA,0,4218081
yadE_predicted,0.14285714285714285,6,6,AACGTAAGTTCGGAGACGAT,0,4201940
yadE_predicted,0.14285714285714285,6,6,AACGCTCCGGTCTTGGGCCA,0,4203246
yadE_predicted,0.14285714285714285,6,6,AACGCAGTCCATTGCAACAC,0,4206681
yadE_predicted,0.14285714285714285,6,6,AACGACTAGGTTGAACTATA,0,4210495
yadE_predicted,0.14285714285714285,6,6,AACCGTGCTCCCTTGAGGAT,0,4177573
yadE_predicted,0.14285714285714285,6,6,AACCGACACAGTCGAAGTAG,0,4192416
yadE_predicted,0.14285714285714285,6,6,AACCCAAGGTGATCATACGC,0,4167508
yadE_predicted,0.14285714285714285,6,6,AACCAGAGAAAGTATATTGG,0,4236897
yadE_predicted,0.14285714285714285,6,6,AACCAACATCCGTCTTTCCG,0,4166031
yadE_predicted,0.14285714285714285,6,6,AACAGAACGGCCGGCCCAGA,0,4165834
yadE_predicted,0.14285714285714285,6,6,AACACTAACATCACACGCGA,0,4239723
yadE_predicted,0.14285714285714285,6,6,AACACGAATACCCGTTGTGG,0,4201218
yadE_predicted,0.14285714285714285,6,6,AAATTAAGCGTGCTATACGT,0,4176109
yadE_predicted,0.14285714285714285,6,6,AAATGTGCTACTGGATTACG,0,4177558
yadE_predicted,0.14285714285714285,6,6,AAATGGCCCATCCGCGTCCT,0,4198678
yadE_predicted,0.14285714285714285,6,6,AAATGACGGTGCGACTATTC,0,4215907
yadE_predicted,0.14285714285714285,6,6,AAATCACCGGGAGAACACGC,0,4230962
yadE_predicted,0.14285714285714285,6,6,AAAGTTTCACCTCTATGCCA,0,4185159
yadE_predicted,0.14285714285714285,6,6,AAAGTTAGAACGATAAACTT,0,4231598
yadE_predicted,0.14285714285714285,6,6,AAAGGTACGAGATGATTAAT,0,4215486
yadE_predicted,0.14285714285714285,6,6,AAAGCTATTCACCGCTCGCG,0,4162950
yadE_predicted,0.14285714285714285,6,6,AAAGCTACCTCCCTTTGGAT,0,4184594
yadE_predicted,0.14285714285714285,6,6,AAAGCGGTCAGTAATCTCCA,0,4190672
yadE_predicted,0.14285714285714285,6,6,AAAGCCTCAAGCTCGACGTA,0,4184160
yadE_predicted,0.14285714285714285,6,6,AAAGATCCTAGTCAGTATAT,0,4217217
yadE_predicted,0.14285714285714285,6,6,AAAGACGTCCATACGCAAGT,0,4180906
yadE_predicted,0.14285714285714285,6,6,AAACTTATTCGCGGTAACGT,0,4177127
yadE_predicted,0.14285714285714285,6,6,AAACTCGCAGAGGTCCATAA,0,4197589
yadE_predicted,0.14285714285714285,6,6,AAACCGTGAGTGTATGCTAC,0,4223106
yadE_predicted,0.14285714285714285,6,6,AAACAGCCCACATCATAGTC,0,4165759
yadE_predicted,0.14285714285714285,6,6,AAAATTTCCTTACTTTCGTA,0,4176412
yadE_predicted,0.14285714285714285,6,6,AAAATGGTTTTGGAGCGTGC,0,4168522
yadE_predicted,0.14285714285714285,6,6,AAAACGGAAGGATTCATTAG,0,4203153
yadE_predicted,0.16666666666666666,5,5,TTTTTTTCAAGACGTCAAAA,0,4207662
yadE_predicted,0.16666666666666666,5,5,TTTTTCTGCCTGAGACGATA,0,4172428
yadE_predicted,0.16666666666666666,5,5,TTTTGTCCCTTATTGGATGT,0,4219585
yadE_predicted,0.16666666666666666,5,5,TTTTGATTGTTCTAGACGCT,0,4238064
yadE_predicted,0.16666666666666666,5,5,TTTTGAAGCAACCCCCATGA,0,4231431
yadE_predicted,0.16666666666666666,5,5,TTTTCCACGCAAGAGCAAGA,0,4227896
yadE_predicted,0.16666666666666666,5,5,TTTTAGCAGGACGGGTAGAG,0,4167190
yadE_predicted,0.16666666666666666,5,5,TTTTAGAATTTATGACGTCA,0,4193261
yadE_predicted,0.16666666666666666,5,5,TTTGTGATCTGAGGCTACTT,0,4176222
yadE_predicted,0.16666666666666666,5,5,TTTGGTTCTCATCGTAGAGG,0,4237584
yadE_predicted,0.16666666666666666,5,5,TTTGGCCACTGCGAACCCCC,0,4201725
yadE_predicted,0.16666666666666666,5,5,TTTGCGTGCACTGGACATAT,0,4211003
yadE_predicted,0.16666666666666666,5,5,TTTGCACAGAGGGCGGTCTT,0,4166197
yadE_predicted,0.16666666666666666,5,5,TTTGACCGCGCTCGGCATCG,0,4233898
yadE_predicted,0.16666666666666666,5,5,TTTCTGGCTTTAAAGTTCCA,0,4208621
yadE_predicted,0.16666666666666666,5,5,TTTCTGAAGCGAAATTCATT,0,4205089
yadE_predicted,0.16666666666666666,5,5,TTTCTAGGTCCCGTACATTC,0,4230321
yadE_predicted,0.16666666666666666,5,5,TTTCGTTCACTCTCTACCTG,0,4207615
yadE_predicted,0.16666666666666666,5,5,TTTCGACACGACATCGTCAC,0,4214611
yadE_predicted,0.16666666666666666,5,5,TTTCCCGAGCCTCCACTTTG,0,4180540
yadE_predicted,0.16666666666666666,5,5,TTTCATCCCTTCTTTGGATA,0,4162060
yadE_predicted,0.16666666666666666,5,5,TTTCACGCGTTATGGTTTCT,0,4208432
yadE_predicted,0.16666666666666666,5,5,TTTCAATCGGTCTCAATGCC,0,4169830
yadE_predicted,0.16666666666666666,5,5,TTTCAAGCACATCGTTGATT,0,4189586
yadE_predicted,0.16666666666666666,5,5,TTTACGTCATTCCACGGAAG,0,4174798
yadE_predicted,0.16666666666666666,5,5,TTTACATACCGGTTCCCAAA,0,4219705
yadE_predicted,0.16666666666666666,5,5,TTTAAAAAGGGCTAATTCCT,0,4210190
yadE_predicted,0.16666666666666666,5,5,TTGTTGAAAGACACGGTTGT,0,4173973
yadE_predicted,0.16666666666666666,5,5,TTGTGGAGTGGGTAAACCCC,0,4211955
yadE_predicted,0.16666666666666666,5,5,TTGTCCGGGTCGCCTCTCGG,0,4175437
yadE_predicted,0.16666666666666666,5,5,TTGTATGTCGCATTGCGGAA,0,4184933
yadE_predicted,0.16666666666666666,5,5,TTGTATCCCGGGTCTACACG,0,4173906
yadE_predicted,0.16666666666666666,5,5,TTGGTTTTGCAATGCTGGAA,0,4181026
yadE_predicted,0.16666666666666666,5,5,TTGGGACAGAATTGAAAGGA,0,4230521
yadE_predicted,0.16666666666666666,5,5,TTGGACGCCTCCACCAGCAG,0,4215201
yadE_predicted,0.16666666666666666,5,5,TTGCTTAATCGCCAACATGT,0,4188949
yadE_predicted,0.16666666666666666,5,5,TTGCTACCCTGGGAGAAGTA,0,4159738
yadE_predicted,0.16666666666666666,5,5,TTGCGGGAATCTTTCCCGCT,0,4175904
yadE_predicted,0.16666666666666666,5,5,TTGCATCGACTTAAACCAGT,0,4230199
yadE_predicted,0.16666666666666666,5,5,TTGCACGCAGGAGATCACGA,0,4195882
yadE_predicted,0.16666666666666666,5,5,TTGATTATTTTTGGTCCACT,0,4192940
yadE_predicted,0.16666666666666666,5,5,TTGATGGTACGCTTTACTTC,0,4159988
yadE_predicted,0.16666666666666666,5,5,TTGAGGCCAATCCGCAGACG,0,4228534
yadE_predicted,0.16666666666666666,5,5,TTGAATACTGTCTCATTATA,0,4236236
yadE_predicted,0.16666666666666666,5,5,TTGAACACGGTTCCCACGTA,0,4197658
yadE_predicted,0.16666666666666666,5,5,TTCTGTGAAGACTCGAGCTC,0,4238929
yadE_predicted,0.16666666666666666,5,5,TTCTGGGTCTACTTTATTAT,0,4218350
yadE_predicted,0.16666666666666666,5,5,TTCTCTCCGCGACCGATTCC,0,4172966
yadE_predicted,0.16666666666666666,5,5,TTCTCGGTGTTTAGTTCTTT,0,4224114
yadE_predicted,0.16666666666666666,5,5,TTCTCAGAGCCGGCCGTCGT,0,4200976
yadE_predicted,0.16666666666666666,5,5,TTCTATTTCGGCCAGAAGTG,0,4170433
yadE_predicted,0.16666666666666666,5,5,TTCTAGCAACATCATGCTTT,0,4217389
yadE_predicted,0.16666666666666666,5,5,TTCGTGAGTTGGGTATACGC,0,4188373
yadE_predicted,0.16666666666666666,5,5,TTCGTCAGGTCAGAGATGCA,0,4171734
yadE_predicted,0.16666666666666666,5,5,TTCGGCTTGAAGGACGGATA,0,4193506
yadE_predicted,0.16666666666666666,5,5,TTCGGCGAAGGTGGTGGAGT,0,4196964
yadE_predicted,0.16666666666666666,5,5,TTCGGACTTACGAAACGTCA,0,4189192
yadE_predicted,0.16666666666666666,5,5,TTCGCTGTACGCAGTAGAAC,0,4226101
yadE_predicted,0.16666666666666666,5,5,TTCGCGGTAGCGAATCATAC,0,4218581
yadE_predicted,0.16666666666666666,5,5,TTCGATCCATGTTGATTGCC,0,4224550
yadE_predicted,0.16666666666666666,5,5,TTCGAGGAGATTTATTGCAG,0,4212265
yadE_predicted,0.16666666666666666,5,5,TTCCTTTCGCGGTGGAGCAA,0,4231213
yadE_predicted,0.16666666666666666,5,5,TTCCTTGTTACGGATGACGG,0,4178639
yadE_predicted,0.16666666666666666,5,5,TTCCTGGCCGCCCTCCTCAA,0,4180923
yadE_predicted,0.16666666666666666,5,5,TTCCTCACCGTCTAAGCAGG,0,4189255
yadE_predicted,0.16666666666666666,5,5,TTCCGTCACGAAGGGTGGAA,0,4164056
yadE_predicted,0.16666666666666666,5,5,TTCCGTAAGGTTGACATTAG,0,4200356
yadE_predicted,0.16666666666666666,5,5,TTCCGCTGAGTTCTCTGATG,0,4240012
yadE_predicted,0.16666666666666666,5,5,TTCCCTCTTAAAGGTCATTC,0,4193175
yadE_predicted,0.16666666666666666,5,5,TTCCATCCGCCACAAATAAG,0,4200280
yadE_predicted,0.16666666666666666,5,5,TTCCAGTGAGCGGTGGCCCT,0,4160767
yadE_predicted,0.16666666666666666,5,5,TTCCAGCTAACTTGCCAAGA,0,4180681
yadE_predicted,0.16666666666666666,5,5,TTCATGTCTGAACCAGATGT,0,4187651
yadE_predicted,0.16666666666666666,5,5,TTCATAACACTTCGGTCTGT,0,4220397
yadE_predicted,0.16666666666666666,5,5,TTCAGTCGTTCCGTGCTGGA,0,4206058
yadE_predicted,0.16666666666666666,5,5,TTCAATGCAGATAGGTTCCA,0,4232946
yadE_predicted,0.16666666666666666,5,5,TTCAATAGTGAACTACAGTG,0,4197486
yadE_predicted,0.16666666666666666,5,5,TTCAAGTAGGGATTCCAAGG,0,4213485
yadE_predicted,0.16666666666666666,5,5,TTCAACCTTGCGAAAGCTTT,0,4221393
yadE_predicted,0.16666666666666666,5,5,TTCAAACAGTGGTGCAACAC,0,4197692
yadE_predicted,0.16666666666666666,5,5,TTATTTCGAGGGCGAACCGC,0,4239359
yadE_predicted,0.16666666666666666,5,5,TTATTTAGGCTCAGTAAAAC,0,4230789
yadE_predicted,0.16666666666666666,5,5,TTATCGTTTCGTCTTAAAAA,0,4167971
yadE_predicted,0.16666666666666666,5,5,TTAGTCTGGTCCGCCGTATG,0,4202091
yadE_predicted,0.16666666666666666,5,5,TTAGGATTCATTATGTCCTA,0,4191508
yadE_predicted,0.16666666666666666,5,5,TTAGGAGTACACGCGAGGAG,0,4228041
yadE_predicted,0.16666666666666666,5,5,TTAGGAAGCGATAGACGTTT,0,4182600
yadE_predicted,0.16666666666666666,5,5,TTAGCGGGAACCATGCGCAG,0,4198386
yadE_predicted,0.16666666666666666,5,5,TTAGCGAAGTCCACGGCGGG,0,4238900
yadE_predicted,0.16666666666666666,5,5,TTAGATTACATTAGATTGCA,0,4172580
yadE_predicted,0.16666666666666666,5,5,TTACTCCCAAACATTTAATC,0,4227596
yadE_predicted,0.16666666666666666,5,5,TTACGTAGCTGCTAAGGTAG,0,4187452
yadE_predicted,0.16666666666666666,5,5,TTACGGTTTAATGGAGTCAT,0,4226828
yadE_predicted,0.16666666666666666,5,5,TTACCTACTGGGGCTCCGCA,0,4175664
yadE_predicted,0.16666666666666666,5,5,TTACCGGTCTCACATACAGT,0,4230637
yadE_predicted,0.16666666666666666,5,5,TTACATTACAGCCTGCCCAT,0,4180086
yadE_predicted,0.16666666666666666,5,5,TTACAGCACTCCCAGAAGTT,0,4182546
yadE_predicted,0.16666666666666666,5,5,TTAATCAGTTCCTGGTGCTC,0,4212873
yadE_predicted,0.16666666666666666,5,5,TTAACTTGCTTCTCACTCAT,0,4159781
yadE_predicted,0.16666666666666666,5,5,TTAACCAGCGCATTACGCGA,0,4183947
yadE_predicted,0.16666666666666666,5,5,TTAAAGGGGCGGTGAGACAT,0,4182751
yadE_predicted,0.16666666666666666,5,5,TGTTTTTAGTAGGTCCCGAG,0,4188828
yadE_predicted,0.16666666666666666,5,5,TGTTTTGAGTTCAGGGGAAA,0,4228788
yadE_predicted,0.16666666666666666,5,5,TGTTTCCGGCTTAGGTAGGG,0,4209515
yadE_predicted,0.16666666666666666,5,5,TGTTGGTATTTGTCTCGGGG,0,4219395
yadE_predicted,0.16666666666666666,5,5,TGTTGGGTTTCTGTAGATTA,0,4190026
yadE_predicted,0.16666666666666666,5,5,TGTTGGAGCTAGGAATCCAG,0,4219295
yadE_predicted,0.16666666666666666,5,5,TGTTGAGCAGAGCGACCGCT,0,4218237
yadE_predicted,0.16666666666666666,5,5,TGTTATCTAAGTACGGTCAA,0,4232350
yadE_predicted,0.16666666666666666,5,5,TGTTACGTCCCGAATTCTTG,0,4238821
yadE_predicted,0.16666666666666666,5,5,TGTTACACCCCTTTCAGGTG,0,4199474
yadE_predicted,0.16666666666666666,5,5,TGTTAACGCGGTATCACCGC,0,4197849
yadE_predicted,0.16666666666666666,5,5,TGTTAAACGTCTCCACGAGA,0,4224308
yadE_predicted,0.16666666666666666,5,5,TGTGGTAAGGTAGCAATTGC,0,4241223
yadE_predicted,0.16666666666666666,5,5,TGTGGGGTCACTCTGTCCAC,0,4159452
yadE_predicted,0.16666666666666666,5,5,TGTGGCTGTAGTCGAGGCTA,0,4209334
yadE_predicted,0.16666666666666666,5,5,TGTGCCCCTAGGAGGACAGG,0,4183431
yadE_predicted,0.16666666666666666,5,5,TGTGCACCAGTATAGTTGCC,0,4176417
yadE_predicted,0.16666666666666666,5,5,TGTGAAGCGAATTTAACGAT,0,4233251
yadE_predicted,0.16666666666666666,5,5,TGTCTTCTCTCCCAAGGGAT,0,4206482
yadE_predicted,0.16666666666666666,5,5,TGTCTGTCTAGCCTAAGGGA,0,4231490
yadE_predicted,0.16666666666666666,5,5,TGTCTAGTGAATGCTTCTAC,0,4196232
yadE_predicted,0.16666666666666666,5,5,TGTCTAGCTTGTGTCCATTG,0,4173921
yadE_predicted,0.16666666666666666,5,5,TGTCGCGGGACGCACATTCA,0,4216823
yadE_predicted,0.16666666666666666,5,5,TGTCAGTCGCTTCCGGGCGT,0,4187254
yadE_predicted,0.16666666666666666,5,5,TGTCAGAATTAAGACTAGAG,0,4239556
yadE_predicted,0.16666666666666666,5,5,TGTCACTATCTCCCCAACTA,0,4199475
yadE_predicted,0.16666666666666666,5,5,TGTATACAGTAACAGCGAAT,0,4159408
yadE_predicted,0.16666666666666666,5,5,TGTACACCCCTTGTGTCACC,0,4177263
yadE_predicted,0.16666666666666666,5,5,TGTAATTACTAGGTCATGAG,0,4232241
yadE_predicted,0.16666666666666666,5,5,TGTAATTAAAGCTTCTCTGT,0,4233701
yadE_predicted,0.16666666666666666,5,5,TGTAACGCAATGTAGGTTAG,0,4187899
yadE_predicted,0.16666666666666666,5,5,TGTAACCCGTTAAGTATGCA,0,4168101
yadE_predicted,0.16666666666666666,5,5,TGGTTTTATTCTGGAGGTAT,0,4227317
yadE_predicted,0.16666666666666666,5,5,TGGTTACTGGCCGGTACTGG,0,4232570
yadE_predicted,0.16666666666666666,5,5,TGGTGTTGGCTCGTGATCAG,0,4231911
yadE_predicted,0.16666666666666666,5,5,TGGTGCTCAGCTGGAGTCTC,0,4189473
yadE_predicted,0.16666666666666666,5,5,TGGTATGTGTGGACCTGCGG,0,4160982
yadE_predicted,0.16666666666666666,5,5,TGGTATGATGTACTCGGAAG,0,4204835
yadE_predicted,0.16666666666666666,5,5,TGGTAAAGGTATGTAAAGTT,0,4217531
yadE_predicted,0.16666666666666666,5,5,TGGGTGTGAACACAACAGGC,0,4191083
yadE_predicted,0.16666666666666666,5,5,TGGGTGCGTCCTCAAGGCGG,0,4237061
yadE_predicted,0.16666666666666666,5,5,TGGGGGTACGGAGATAACGA,0,4234268
yadE_predicted,0.16666666666666666,5,5,TGGGCCGCTCAAAACATCTA,0,4186931
yadE_predicted,0.16666666666666666,5,5,TGGGATGAACTTTCAAGGCC,0,4207731
yadE_predicted,0.16666666666666666,5,5,TGGGACTTCACGGAAGGTGG,0,4179361
yadE_predicted,0.16666666666666666,5,5,TGGGAATCGTAGGCGTATAA,0,4225449
yadE_predicted,0.16666666666666666,5,5,TGGCGATTGGGATGTTCTAA,0,4231520
yadE_predicted,0.16666666666666666,5,5,TGGCCTTTGAGCCTCCTCAT,0,4237163
yadE_predicted,0.16666666666666666,5,5,TGGCCGGGTATGACGTTTCG,0,4233845
yadE_predicted,0.16666666666666666,5,5,TGGCCCTCATCAGCCATTCC,0,4195308
yadE_predicted,0.16666666666666666,5,5,TGGCCATGCTGTAAGAGTTC,0,4203837
yadE_predicted,0.16666666666666666,5,5,TGGCACTGGCGTGCGCTGGG,0,4160336
yadE_predicted,0.16666666666666666,5,5,TGGATTACCTTGGATTATAG,0,4191105
yadE_predicted,0.16666666666666666,5,5,TGGATGCCGCATAGACATTC,0,4231161
yadE_predicted,0.16666666666666666,5,5,TGGAGGCACCGTCCTACATT,0,4168596
yadE_predicted,0.16666666666666666,5,5,TGGAGCTGGGCGAATTGGGT,0,4236293
yadE_predicted,0.16666666666666666,5,5,TGGAAGTGGCACCAGGTGTA,0,4199526
yadE_predicted,0.16666666666666666,5,5,TGGAACCGACGGATCTGAAG,0,4230993
yadE_predicted,0.16666666666666666,5,5,TGCTTTAGAAGTATTGGTCT,0,4197250
yadE_predicted,0.16666666666666666,5,5,TGCTTCATTTGGGGGATTTC,0,4223254
yadE_predicted,0.16666666666666666,5,5,TGCTGGGTCTCCCTATGTGG,0,4193788
yadE_predicted,0.16666666666666666,5,5,TGCTAGCCTCCCCCACATGT,0,4175120
yadE_predicted,0.16666666666666666,5,5,TGCGTGTCCCCTTGCCTAAG,0,4184802
yadE_predicted,0.16666666666666666,5,5,TGCGTGGGTCCCTCACCACG,0,4240261
yadE_predicted,0.16666666666666666,5,5,TGCGTCATGGGCAACACTAT,0,4215715
yadE_predicted,0.16666666666666666,5,5,TGCGCTTCAAGTACTTCACT,0,4204687
yadE_predicted,0.16666666666666666,5,5,TGCGCGGGACACGAGGATAC,0,4212932
yadE_predicted,0.16666666666666666,5,5,TGCGCCGAGGACGTATCGCA,0,4226849
yadE_predicted,0.16666666666666666,5,5,TGCGATTACTGGTTAATGTG,0,4197494
yadE_predicted,0.16666666666666666,5,5,TGCGAGTTTCACATATGGTG,0,4241062
yadE_predicted,0.16666666666666666,5,5,TGCGACTATTAGCCATCCCC,0,4192706
yadE_predicted,0.16666666666666666,5,5,TGCCTTTAAGCTGCGCTTAA,0,4210170
yadE_predicted,0.16666666666666666,5,5,TGCCTGCCATTCGCGAAGGG,0,4194227
yadE_predicted,0.16666666666666666,5,5,TGCCTCTTTCTAAGGCGCCT,0,4226248
yadE_predicted,0.16666666666666666,5,5,TGCCTCTACTGGACGACAGG,0,4163565
yadE_predicted,0.16666666666666666,5,5,TGCCGGACCTAGCAAATACA,0,4223768
yadE_predicted,0.16666666666666666,5,5,TGCCGAGTGACGCGAATTTT,0,4185106
yadE_predicted,0.16666666666666666,5,5,TGCCCTAACGGGGATCTAGA,0,4205799
yadE_predicted,0.16666666666666666,5,5,TGCCATTATTGTGACCAACA,0,4221602
yadE_predicted,0.16666666666666666,5,5,TGCCAAATGAACACAGCCTA,0,4179204
yadE_predicted,0.16666666666666666,5,5,TGCATGTCCGAGGTTGTGGT,0,4188275
yadE_predicted,0.16666666666666666,5,5,TGCAGACCTATGCGCACTCT,0,4173774
yadE_predicted,0.16666666666666666,5,5,TGCACGGATTCTAAAAAGAC,0,4239356
yadE_predicted,0.16666666666666666,5,5,TGCACCGCGCTTTATATGGT,0,4241371
yadE_predicted,0.16666666666666666,5,5,TGCAACCGAAATGAGTGAGA,0,4201788
yadE_predicted,0.16666666666666666,5,5,TGCAAAAACGCTGTGTTGTG,0,4166430
yadE_predicted,0.16666666666666666,5,5,TGATTGGCTTGCGGTGCCCT,0,4196381
yadE_predicted,0.16666666666666666,5,5,TGATTCTAGAAGTACCTTAA,0,4230951
yadE_predicted,0.16666666666666666,5,5,TGATTAAGATCCGATGAGCT,0,4227293
yadE_predicted,0.16666666666666666,5,5,TGATGCGGAAGTTGACGAGT,0,4175243
yadE_predicted,0.16666666666666666,5,5,TGATGAACTCGAATTTGTTC,0,4232661
yadE_predicted,0.16666666666666666,5,5,TGATCGCAGATACCGTCCTC,0,4218150
yadE_predicted,0.16666666666666666,5,5,TGATAGGCATGTGTATTTAC,0,4174607
yadE_predicted,0.16666666666666666,5,5,TGATACTCCCTGGTGTGTGT,0,4168650
yadE_predicted,0.16666666666666666,5,5,TGAGTGTTTGCGTGACAAGA,0,4207242
yadE_predicted,0.16666666666666666,5,5,TGAGTATCATCCCTGGTAGA,0,4214886
yadE_predicted,0.16666666666666666,5,5,TGAGGTGGACAGTTTGCTTC,0,4171952
yadE_predicted,0.16666666666666666,5,5,TGAGGCTGAGTAGAGATAAA,0,4207542
yadE_predicted,0.16666666666666666,5,5,TGAGGCAGGGTCTCGAGATT,0,4165788
yadE_predicted,0.16666666666666666,5,5,TGAGCGCATATTTAATTAAT,0,4162553
yadE_predicted,0.16666666666666666,5,5,TGAGAGTTTAAAGTGCCTTC,0,4188583
yadE_predicted,0.16666666666666666,5,5,TGAGACAGTACTGCAAAATC,0,4173811
yadE_predicted,0.16666666666666666,5,5,TGACTGTCGTGTTGGATGGT,0,4193665
yadE_predicted,0.16666666666666666,5,5,TGACTAAGCGCGAGGCAACG,0,4189703
yadE_predicted,0.16666666666666666,5,5,TGACCGCGTCCCGGCAAAGT,0,4237945
yadE_predicted,0.16666666666666666,5,5,TGACCAGTCAACGGGGATAC,0,4230182
yadE_predicted,0.16666666666666666,5,5,TGACACGTTCTCTTTGTGTG,0,4238401
yadE_predicted,0.16666666666666666,5,5,TGACACCAGCTAAGTTCTTC,0,4240679
yadE_predicted,0.16666666666666666,5,5,TGAATTTTATGCTATGTGCC,0,4175849
yadE_predicted,0.16666666666666666,5,5,TGAATGGATTGAAATATCGT,0,4239675
yadE_predicted,0.16666666666666666,5,5,TGAATGCTAGCTCGTCAGAA,0,4172248
yadE_predicted,0.16666666666666666,5,5,TGAATCCTTACCTGTCGGTA,0,4190974
yadE_predicted,0.16666666666666666,5,5,TGAAGCGCCAACTCTTGGGG,0,4204223
yadE_predicted,0.16666666666666666,5,5,TGAACCGGGAGTTACAATAT,0,4218540
yadE_predicted,0.16666666666666666,5,5,TGAACAGGACAGCGTTTCTT,0,4238220
yadE_predicted,0.16666666666666666,5,5,TCTTGGGAGATGCCATGCGA,0,4238150
yadE_predicted,0.16666666666666666,5,5,TCTTGCACGGAGGGGCCCAC,0,4171958
yadE_predicted,0.16666666666666666,5,5,TCTTGCAAAATTGGACAATG,0,4226896
yadE_predicted,0.16666666666666666,5,5,TCTTATGGTCATGGTTGCAA,0,4234961
yadE_predicted,0.16666666666666666,5,5,TCTTATCGCGGCCGTGGACT,0,4226445
yadE_predicted,0.16666666666666666,5,5,TCTGTTAGGCTAAAATACTG,0,4166487
yadE_predicted,0.16666666666666666,5,5,TCTGTGGAAGAAAAACTGAT,0,4238253
yadE_predicted,0.16666666666666666,5,5,TCTGGTTGAGCGGTGGCCAA,0,4199892
yadE_predicted,0.16666666666666666,5,5,TCTGGAGAAACGTTTTTACT,0,4239238
yadE_predicted,0.16666666666666666,5,5,TCTGCTAGTCTGTCCCACAT,0,4166571
yadE_predicted,0.16666666666666666,5,5,TCTGCTACCACGTGCCCGGT,0,4182642
yadE_predicted,0.16666666666666666,5,5,TCTGAATTGCCTAACCCAAA,0,4196250
yadE_predicted,0.16666666666666666,5,5,TCTCTTCATGGTCACCAGGG,0,4187448
yadE_predicted,0.16666666666666666,5,5,TCTCTGTTAGTAGGAACATG,0,4168301
yadE_predicted,0.16666666666666666,5,5,TCTCTACAGGCTATCGCCTA,0,4240097
yadE_predicted,0.16666666666666666,5,5,TCTCGGTAATTAATAATCAC,0,4163205
yadE_predicted,0.16666666666666666,5,5,TCTCGGACTCTGAAGTGATG,0,4236535
yadE_predicted,0.16666666666666666,5,5,TCTCGATTCAGCCCGCCGAT,0,4178608
yadE_predicted,0.16666666666666666,5,5,TCTCGATCAGATGATGTGCC,0,4239586
yadE_predicted,0.16666666666666666,5,5,TCTCCCAGCTTATCTAACGG,0,4163069
yadE_predicted,0.16666666666666666,5,5,TCTCACGGGCGTTACCGTAT,0,4183223
yadE_predicted,0.16666666666666666,5,5,TCTATGCCCATTGAGGTAGA,0,4228541
yadE_predicted,0.16666666666666666,5,5,TCTATCAGCTGCGCGCCAAC,0,4184788
yadE_predicted,0.16666666666666666,5,5,TCTATACTAGATGCCGAGAT,0,4227163
yadE_predicted,0.16666666666666666,5,5,TCTAGGTTCAGGCATATTAG,0,4171193
yadE_predicted,0.16666666666666666,5,5,TCTACGTCGATTTGAATTGT,0,4194046
yadE_predicted,0.16666666666666666,5,5,TCTACGTATGCGTCCGGGCA,0,4196497
yadE_predicted,0.16666666666666666,5,5,TCTACAATGCAACCGGAGAT,0,4230081
yadE_predicted,0.16666666666666666,5,5,TCTAATCCAGGACGTACTAT,0,4193495
yadE_predicted,0.16666666666666666,5,5,TCTAAGGATGATCGAAATAC,0,4180859
yadE_predicted,0.16666666666666666,5,5,TCGTTGGTTCAAGTGAAGTT,0,4202652
yadE_predicted,0.16666666666666666,5,5,TCGTGCGCTGCGGTACTAGA,0,4168590
yadE_predicted,0.16666666666666666,5,5,TCGTGCCCAATTCTTAGCTC,0,4177201
yadE_predicted,0.16666666666666666,5,5,TCGTGATGGCTAAAGTTTGC,0,4187825
yadE_predicted,0.16666666666666666,5,5,TCGTCGTCAGAGGCGCTAGT,0,4199845
yadE_predicted,0.16666666666666666,5,5,TCGTCGCGCTCAGTCTGCAG,0,4236037
yadE_predicted,0.16666666666666666,5,5,TCGTATCCGATTAGAGATCA,0,4179678
yadE_predicted,0.16666666666666666,5,5,TCGTATCACGTTAGCATCGC,0,4230076
yadE_predicted,0.16666666666666666,5,5,TCGTATATGGGATAGTGACT,0,4225034
yadE_predicted,0.16666666666666666,5,5,TCGGTTCAGCTTTCATATGT,0,4211430
yadE_predicted,0.16666666666666666,5,5,TCGGTCGGTGAATGAAACTA,0,4239275
yadE_predicted,0.16666666666666666,5,5,TCGGGCCGGGGATAGTTGCC,0,4240024
yadE_predicted,0.16666666666666666,5,5,TCGGCTGCGACAGTGTCCTA,0,4206258
yadE_predicted,0.16666666666666666,5,5,TCGGCATCGCTATGTTGGCG,0,4220870
yadE_predicted,0.16666666666666666,5,5,TCGGAGGGGAGGCTATTGTG,0,4236890
yadE_predicted,0.16666666666666666,5,5,TCGGACATCTGGCGCAGGTT,0,4172517
yadE_predicted,0.16666666666666666,5,5,TCGCTTGGAACCTCTTACTG,0,4236717
yadE_predicted,0.16666666666666666,5,5,TCGCCTATACCGGAAATCTG,0,4206303
yadE_predicted,0.16666666666666666,5,5,TCGCCCGCGCGTGAGTCCTA,0,4202675
yadE_predicted,0.16666666666666666,5,5,TCGCAAACGCGGATTACGTG,0,4218413
yadE_predicted,0.16666666666666666,5,5,TCGATGGAACGGTTACACGA,0,4203378
yadE_predicted,0.16666666666666666,5,5,TCGAGCGAAGTAGCCACGGA,0,4232650
yadE_predicted,0.16666666666666666,5,5,TCGAGAATATTTCGTGTGAC,0,4171744
yadE_predicted,0.16666666666666666,5,5,TCGACCCGCTCTACCCGCCC,0,4235487
yadE_predicted,0.16666666666666666,5,5,TCCTTGGGCGCGAGAGCGGC,0,4174683
yadE_predicted,0.16666666666666666,5,5,TCCTTAAAGAATTGGGGTGA,0,4222829
yadE_predicted,0.16666666666666666,5,5,TCCTGCGTGGCTCGAGTAAA,0,4167347
yadE_predicted,0.16666666666666666,5,5,TCCTGACACCGCCAACCTTG,0,4213093
yadE_predicted,0.16666666666666666,5,5,TCCTATGGCTTTGGGTCTGT,0,4180222
yadE_predicted,0.16666666666666666,5,5,TCCTAAAGTAGCTTCAACTA,0,4207230
yadE_predicted,0.16666666666666666,5,5,TCCTAAACCTAAACCTGCAG,0,4164985
yadE_predicted,0.16666666666666666,5,5,TCCGTGGTTGATTCAGTGAG,0,4234888
yadE_predicted,0.16666666666666666,5,5,TCCGTATTTCAGGGTAATAG,0,4196604
yadE_predicted,0.16666666666666666,5,5,TCCGGTATTACCTTCTATTT,0,4210272
yadE_predicted,0.16666666666666666,5,5,TCCGGTAAGCAGAGTTTACA,0,4199760
yadE_predicted,0.16666666666666666,5,5,TCCGGGGTATATTACAGGAG,0,4222002
yadE_predicted,0.16666666666666666,5,5,TCCGGCTTTCGCGACGTCCG,0,4209211
yadE_predicted,0.16666666666666666,5,5,TCCGCGAAGGTGGGCTACCC,0,4176138
yadE_predicted,0.16666666666666666,5,5,TCCGCATCGCCCGCTTATAA,0,4170848
yadE_predicted,0.16666666666666666,5,5,TCCGACTGCTACCAGGGAAT,0,4216489
yadE_predicted,0.16666666666666666,5,5,TCCGAAGGCCGGTCTAAGTA,0,4183879
yadE_predicted,0.16666666666666666,5,5,TCCCTGCAGTCCTGGCGTCC,0,4182736
yadE_predicted,0.16666666666666666,5,5,TCCCGTCTTCGAACTAAGCA,0,4187491
yadE_predicted,0.16666666666666666,5,5,TCCCAATAAGCACGATAATA,0,4182389
yadE_predicted,0.16666666666666666,5,5,TCCATGATCATGCCACGGGC,0,4188033
yadE_predicted,0.16666666666666666,5,5,TCCACAGCGTGCTGACTAGG,0,4227605
yadE_predicted,0.16666666666666666,5,5,TCCACAAATCGGCACCCGTG,0,4183633
yadE_predicted,0.16666666666666666,5,5,TCCAATCATGCAAGCGTCAG,0,4234139
yadE_predicted,0.16666666666666666,5,5,TCCAAAGTGGAGGTTTCATG,0,4194314
yadE_predicted,0.16666666666666666,5,5,TCCAAACCGGTTTCGTGATG,0,4202796
yadE_predicted,0.16666666666666666,5,5,TCATTGTTTGGTCGGTAGTT,0,4167219
yadE_predicted,0.16666666666666666,5,5,TCATTGAGGCATGGGAATAT,0,4240699
yadE_predicted,0.16666666666666666,5,5,TCATTGAGCGTGGAATTTGT,0,4228670
yadE_predicted,0.16666666666666666,5,5,TCATTAATTTCAATAAGTTC,0,4212938
yadE_predicted,0.16666666666666666,5,5,TCATCCGTACTTCAATTCCG,0,4223888
yadE_predicted,0.16666666666666666,5,5,TCATCCCGTAGCATGAGTGG,0,4182435
yadE_predicted,0.16666666666666666,5,5,TCATAGTTCTTGGATATGAT,0,4239492
yadE_predicted,0.16666666666666666,5,5,TCATACCTACAGGCCGGCCA,0,4164522
yadE_predicted,0.16666666666666666,5,5,TCAGTGTGGACCTTGCGGTC,0,4191684
yadE_predicted,0.16666666666666666,5,5,TCAGGCTAGCTAGGTGCACA,0,4174953
yadE_predicted,0.16666666666666666,5,5,TCAGCCCGTTGACTATCGGA,0,4162658
yadE_predicted,0.16666666666666666,5,5,TCACTAAAAACACGATAAAT,0,4224674
yadE_predicted,0.16666666666666666,5,5,TCACGGTCTACGAAACCCAC,0,4168593
yadE_predicted,0.16666666666666666,5,5,TCACCCGCCGGGGCTCCTCT,0,4232443
yadE_predicted,0.16666666666666666,5,5,TCACAGTTCAGGATAACGGG,0,4173350
yadE_predicted,0.16666666666666666,5,5,TCACAGTCCGAGCCTTTCGA,0,4177404
yadE_predicted,0.16666666666666666,5,5,TCACACCTTAGGATTGGTTC,0,4190451
yadE_predicted,0.16666666666666666,5,5,TCAATAGTGACAGTCACCCA,0,4193325
yadE_predicted,0.16666666666666666,5,5,TCAAGGTGATTAGTTCACAG,0,4198625
yadE_predicted,0.16666666666666666,5,5,TCAAACAACAACCAAAAATC,0,4228235
yadE_predicted,0.16666666666666666,5,5,TATTGTATGTGAGTGTACTT,0,4221367
yadE_predicted,0.16666666666666666,5,5,TATTGCCCGTGAGGCCGTCC,0,4163633
yadE_predicted,0.16666666666666666,5,5,TATTCTGATAAGTTTGTTTC,0,4230015
yadE_predicted,0.16666666666666666,5,5,TATTCTCACGAATATCCGGC,0,4162945
yadE_predicted,0.16666666666666666,5,5,TATTCCTTATCCCAGCGAAG,0,4166756
yadE_predicted,0.16666666666666666,5,5,TATTCAAACCTCCATCATGA,0,4194496
yadE_predicted,0.16666666666666666,5,5,TATTACTACATAGGATGTGG,0,4205544
yadE_predicted,0.16666666666666666,5,5,TATTAAGCCTGGGCCCTCAA,0,4213331
yadE_predicted,0.16666666666666666,5,5,TATTAACTCAAGCAAATACA,0,4160100
yadE_predicted,0.16666666666666666,5,5,TATGTTGACTTCACATTGTT,0,4189486
yadE_predicted,0.16666666666666666,5,5,TATGTTCGGACACCGGGGCG,0,4189396
yadE_predicted,0.16666666666666666,5,5,TATGGTAGAAAATTCGTATG,0,4218888
yadE_predicted,0.16666666666666666,5,5,TATGGCGAGTGTACTCATAT,0,4171235
yadE_predicted,0.16666666666666666,5,5,TATGCGCTATCTCTTTTCGA,0,4212065
yadE_predicted,0.16666666666666666,5,5,TATGCCCCCACTTCGCATTT,0,4189538
yadE_predicted,0.16666666666666666,5,5,TATGAGGTGTAGCACATTTC,0,4224033
yadE_predicted,0.16666666666666666,5,5,TATGAGGGCAGCAAGTTGAT,0,4217950
yadE_predicted,0.16666666666666666,5,5,TATCTTCCAAGTATTCCGCT,0,4196877
yadE_predicted,0.16666666666666666,5,5,TATCTCAATCTCCACAGGTT,0,4202248
yadE_predicted,0.16666666666666666,5,5,TATCGGAAGGATTCCTCCCC,0,4173979
yadE_predicted,0.16666666666666666,5,5,TATCCTCCCTGTCTCTTCAA,0,4222279
yadE_predicted,0.16666666666666666,5,5,TATCCAGGACCCGATGTCCC,0,4219191
yadE_predicted,0.16666666666666666,5,5,TATCATGTTCCTTGACTGTT,0,4179639
yadE_predicted,0.16666666666666666,5,5,TATCAACCGGCCTTACTCTG,0,4210706
yadE_predicted,0.16666666666666666,5,5,TATATGACCTTATAGGTCTG,0,4229780
yadE_predicted,0.16666666666666666,5,5,TATATCCAGTGAGTACACAG,0,4162518
yadE_predicted,0.16666666666666666,5,5,TATAGATATTCTTGGTTCAT,0,4200509
yadE_predicted,0.16666666666666666,5,5,TATACCCGACCAGCAACTTT,0,4213207
yadE_predicted,0.16666666666666666,5,5,TATACATTAACCAGGTTACT,0,4178343
yadE_predicted,0.16666666666666666,5,5,TAGTTATCTCACTCCGTCCG,0,4174889
yadE_predicted,0.16666666666666666,5,5,TAGTGGTAAGGGGGGTTATA,0,4213951
yadE_predicted,0.16666666666666666,5,5,TAGTAACTTTAGGATCATCG,0,4215865
yadE_predicted,0.16666666666666666,5,5,TAGGTCGTAAACTCAGCGTA,0,4204635
yadE_predicted,0.16666666666666666,5,5,TAGGGATAACTTCGCACTCG,0,4167346
yadE_predicted,0.16666666666666666,5,5,TAGGCAATTCAGACAGGGTG,0,4213638
yadE_predicted,0.16666666666666666,5,5,TAGGATTTGCACGCCCTGGG,0,4201870
yadE_predicted,0.16666666666666666,5,5,TAGCTTGGGCACAGTGATAG,0,4232112
yadE_predicted,0.16666666666666666,5,5,TAGCTCACCGTGTTGAGCGC,0,4196319
yadE_predicted,0.16666666666666666,5,5,TAGCAAAAAAAAATTGATGT,0,4178282
yadE_predicted,0.16666666666666666,5,5,TAGATGGTGGGTCGGGATAG,0,4160137
yadE_predicted,0.16666666666666666,5,5,TAGACAGGGCCTACTGTGTG,0,4189668
yadE_predicted,0.16666666666666666,5,5,TAGACAATGACGCGGTGTAT,0,4197277
yadE_predicted,0.16666666666666666,5,5,TAGAATGTCGCAAGCACACG,0,4222628
yadE_predicted,0.16666666666666666,5,5,TAGAACAGGTTAAAGGTGTC,0,4161457
yadE_predicted,0.16666666666666666,5,5,TAGAACACCTTGGGCTGGAT,0,4194936
yadE_predicted,0.16666666666666666,5,5,TAGAAAGCGGTGCCACTTTT,0,4167358
yadE_predicted,0.16666666666666666,5,5,TACTTGGAGAATAAGAGGCG,0,4163105
yadE_predicted,0.16666666666666666,5,5,TACTTCTCGGTGGGCTCTTT,0,4182912
yadE_predicted,0.16666666666666666,5,5,TACTTACTCGGGTTGTCGGG,0,4235601
yadE_predicted,0.16666666666666666,5,5,TACTGTATCGTAACGGACGG,0,4186950
yadE_predicted,0.16666666666666666,5,5,TACTGGTTGCTACTCTCTGG,0,4191165
yadE_predicted,0.16666666666666666,5,5,TACTGGCGCTCAGTAATGTC,0,4231348
yadE_predicted,0.16666666666666666,5,5,TACTGGATCCAGGTGCAAGT,0,4199268
yadE_predicted,0.16666666666666666,5,5,TACTCTGAGCTTTACTCAGT,0,4184008
yadE_predicted,0.16666666666666666,5,5,TACTCGCCGTTGCCAACCGG,0,4175177
yadE_predicted,0.16666666666666666,5,5,TACTACAGTATGCAGTTTGA,0,4195769
yadE_predicted,0.16666666666666666,5,5,TACGTTTAATTGAGTGCAAT,0,4187538
yadE_predicted,0.16666666666666666,5,5,TACGTTGCATGCCAAGGTTT,0,4182638
yadE_predicted,0.16666666666666666,5,5,TACGTTCCGTTATGCGACGT,0,4236354
yadE_predicted,0.16666666666666666,5,5,TACGTCTTTTCCTTACTGGC,0,4168713
yadE_predicted,0.16666666666666666,5,5,TACGCTCAATGTTTAAGCCG,0,4195520
yadE_predicted,0.16666666666666666,5,5,TACGCTAACGGCGTTGGCTA,0,4211973
yadE_predicted,0.16666666666666666,5,5,TACGCGGGTCAGATAGATAT,0,4219366
yadE_predicted,0.16666666666666666,5,5,TACGCGGGCGACGCCTCTGT,0,4237612
yadE_predicted,0.16666666666666666,5,5,TACGATACATGGCACAGGTA,0,4163644
yadE_predicted,0.16666666666666666,5,5,TACGAAGATTAGTGTCAAAC,0,4204905
yadE_predicted,0.16666666666666666,5,5,TACCTGTTGAATACACGGGT,0,4203935
yadE_predicted,0.16666666666666666,5,5,TACCTCTAGGCTAGACAAAC,0,4185589
yadE_predicted,0.16666666666666666,5,5,TACCGCACACAGCCTTCCTA,0,4234337
yadE_predicted,0.16666666666666666,5,5,TACCATAGCAACAGACAGCC,0,4170760
yadE_predicted,0.16666666666666666,5,5,TACAGTGCACGGACGACGCA,0,4167776
yadE_predicted,0.16666666666666666,5,5,TACAGGCTACGGTTGTATTA,0,4223004
yadE_predicted,0.16666666666666666,5,5,TACACGCGTTGATTTTCCTC,0,4197449
yadE_predicted,0.16666666666666666,5,5,TAATTTTCATGTAACAAACG,0,4178441
yadE_predicted,0.16666666666666666,5,5,TAATTAACCGCCGATAGGGG,0,4206478
yadE_predicted,0.16666666666666666,5,5,TAATGTGGTGGTCCATATAA,0,4241374
yadE_predicted,0.16666666666666666,5,5,TAATCCCTGCTACACTATCC,0,4194207
yadE_predicted,0.16666666666666666,5,5,TAATATTCCTTGTTCCACCA,0,4188396
yadE_predicted,0.16666666666666666,5,5,TAAGTAGCAAAATGAGGATG,0,4199607
yadE_predicted,0.16666666666666666,5,5,TAAGTAAAGATTGTTGTTAG,0,4239364
yadE_predicted,0.16666666666666666,5,5,TAAGGGGCACACTACAACTC,0,4230428
yadE_predicted,0.16666666666666666,5,5,TAAGCGTGGTCTTTCGGCTC,0,4223995
yadE_predicted,0.16666666666666666,5,5,TAAGCACTAATAGCCGTTCC,0,4170218
yadE_predicted,0.16666666666666666,5,5,TAAGCAATCAATAATAGGTT,0,4221583
yadE_predicted,0.16666666666666666,5,5,TAAGAGAATTTACTTGCAGT,0,4225693
yadE_predicted,0.16666666666666666,5,5,TAAGACAGGAGTGCTCTCAT,0,4210164
yadE_predicted,0.16666666666666666,5,5,TAAGAATAGAAGTGGGACTA,0,4210990
yadE_predicted,0.16666666666666666,5,5,TAACTCCTAGACCGGTTTAA,0,4204084
yadE_predicted,0.16666666666666666,5,5,TAACTATGTGGGACACGGTT,0,4204060
yadE_predicted,0.16666666666666666,5,5,TAACGTGGAGTAGCTGCGGC,0,4220483
yadE_predicted,0.16666666666666666,5,5,TAACGAGAAGCCTGTTCCGT,0,4228427
yadE_predicted,0.16666666666666666,5,5,TAACCGGTTTACAGAATTTG,0,4192729
yadE_predicted,0.16666666666666666,5,5,TAACCGCTGAAATACGGGCT,0,4169975
yadE_predicted,0.16666666666666666,5,5,TAAATCGTCGCCTCGTGATA,0,4185001
yadE_predicted,0.16666666666666666,5,5,TAAAGCTGCTGGTGGTGACA,0,4174648
yadE_predicted,0.16666666666666666,5,5,TAAACACTCTTGCCTTTCCC,0,4180460
yadE_predicted,0.16666666666666666,5,5,TAAAATGTCGAAAATCAGGT,0,4188345
yadE_predicted,0.16666666666666666,5,5,TAAAACGTGGTTTGTATTGG,0,4214713
yadE_predicted,0.16666666666666666,5,5,GTTTTCTAGATATCAACTGT,0,4227699
yadE_predicted,0.16666666666666666,5,5,GTTTTCGATACGCAGTTCAA,0,4226974
yadE_predicted,0.16666666666666666,5,5,GTTTGTTTGATCATCAGGAG,0,4176803
yadE_predicted,0.16666666666666666,5,5,GTTTGGGACCTAATACAGGC,0,4213858
yadE_predicted,0.16666666666666666,5,5,GTTTGGATATGCACAGCTTG,0,4196315
yadE_predicted,0.16666666666666666,5,5,GTTTGAATCCCTGTGGGACC,0,4203252
yadE_predicted,0.16666666666666666,5,5,GTTTCGCGCACTCCTTCGCT,0,4202398
yadE_predicted,0.16666666666666666,5,5,GTTTCCTCCCAGACCGACAG,0,4239483
yadE_predicted,0.16666666666666666,5,5,GTTTCATGTTAGTATACCTA,0,4219420
yadE_predicted,0.16666666666666666,5,5,GTTTACTTTCAAATGTAAAA,0,4223055
yadE_predicted,0.16666666666666666,5,5,GTTGTCATCGCGGGGGGTAA,0,4160073
yadE_predicted,0.16666666666666666,5,5,GTTGGATAACAACGTCTGTT,0,4172516
yadE_predicted,0.16666666666666666,5,5,GTTGATAGTACGGTCGGCGG,0,4221512
yadE_predicted,0.16666666666666666,5,5,GTTGAGTCTAGCTGTTGTTA,0,4167064
yadE_predicted,0.16666666666666666,5,5,GTTGAGTCAGTGCAATGAAT,0,4173365
yadE_predicted,0.16666666666666666,5,5,GTTGACAGTTACACTCGGTT,0,4196447
yadE_predicted,0.16666666666666666,5,5,GTTCTGTGTCCATGTGCTGA,0,4227503
yadE_predicted,0.16666666666666666,5,5,GTTCGTGAGATATGACGCCA,0,4227099
yadE_predicted,0.16666666666666666,5,5,GTTCGGGGTCTTCGGGGAAA,0,4161476
yadE_predicted,0.16666666666666666,5,5,GTTATTGGGGTTTGCGATAC,0,4221100
yadE_predicted,0.16666666666666666,5,5,GTTATGAAGCACTGCCTAGT,0,4195814
yadE_predicted,0.16666666666666666,5,5,GTTATATGCACCTTACGCCT,0,4175761
yadE_predicted,0.16666666666666666,5,5,GTTAGCATAAGTTCTTTAGG,0,4227149
yadE_predicted,0.16666666666666666,5,5,GTTACTTTGAAGAGGCGCAT,0,4238662
yadE_predicted,0.16666666666666666,5,5,GTTACTTCCCGTACAGATAT,0,4209948
yadE_predicted,0.16666666666666666,5,5,GTTACGTAGGCGCGCCACGA,0,4210367
yadE_predicted,0.16666666666666666,5,5,GTTACCTTGCTTCGGGACTA,0,4174037
yadE_predicted,0.16666666666666666,5,5,GTTACCAGCTCTCCCATGAT,0,4207977
yadE_predicted,0.16666666666666666,5,5,GTTACAGTCGGCCTTGACCT,0,4211041
yadE_predicted,0.16666666666666666,5,5,GTTAATGGGGAATTTGTTTG,0,4184531
yadE_predicted,0.16666666666666666,5,5,GTTAAGGGTCCAGAAGTCCT,0,4228614
yadE_predicted,0.16666666666666666,5,5,GTTAACGGTCATGTAAGAAG,0,4167287
yadE_predicted,0.16666666666666666,5,5,GTGTTGTCTTAACCTTTCAC,0,4240287
yadE_predicted,0.16666666666666666,5,5,GTGTGTCCGCACAGCGAGTG,0,4199521
yadE_predicted,0.16666666666666666,5,5,GTGTGCAGACGTCCTTTCTC,0,4161059
yadE_predicted,0.16666666666666666,5,5,GTGTCGCCCTACACCATTAG,0,4235616
yadE_predicted,0.16666666666666666,5,5,GTGTCACAAGCGCGGTTTAC,0,4197410
yadE_predicted,0.16666666666666666,5,5,GTGTACATTTATTGTCCCGA,0,4189358
yadE_predicted,0.16666666666666666,5,5,GTGTACACGCGCCTTGCACA,0,4183847
yadE_predicted,0.16666666666666666,5,5,GTGTAACGCCCTCTAAGTTG,0,4226251
yadE_predicted,0.16666666666666666,5,5,GTGGTATTGTGACTCAAGTA,0,4165362
yadE_predicted,0.16666666666666666,5,5,GTGGTACTTTCAGTACCGTA,0,4204904
yadE_predicted,0.16666666666666666,5,5,GTGGGTATACCCTGGGGCAT,0,4234788
yadE_predicted,0.16666666666666666,5,5,GTGGGCCAACCTTATCGGCA,0,4175672
yadE_predicted,0.16666666666666666,5,5,GTGGCGCTGAGGTTATCCGC,0,4187508
yadE_predicted,0.16666666666666666,5,5,GTGGAATTATGCGCACGGGG,0,4220385
yadE_predicted,0.16666666666666666,5,5,GTGCTCAGTCCTATTGTTAG,0,4220694
yadE_predicted,0.16666666666666666,5,5,GTGCGCCTCCGTCATCGCGG,0,4222238
yadE_predicted,0.16666666666666666,5,5,GTGCCTCGGAGGGGTTAGCA,0,4234733
yadE_predicted,0.16666666666666666,5,5,GTGCCGATGCCGGTAAACTA,0,4206388
yadE_predicted,0.16666666666666666,5,5,GTGCATGGTGGTCCCGCACT,0,4165601
yadE_predicted,0.16666666666666666,5,5,GTGCACTACTGGAAACCCAC,0,4210056
yadE_predicted,0.16666666666666666,5,5,GTGATAGGCCTAGTTGTGTG,0,4221473
yadE_predicted,0.16666666666666666,5,5,GTGATAACCACTTGGTCATA,0,4167380
yadE_predicted,0.16666666666666666,5,5,GTGACGGAGACTCCCGAGGG,0,4207765
yadE_predicted,0.16666666666666666,5,5,GTGACCTTATCGGCCGAGTT,0,4166638
yadE_predicted,0.16666666666666666,5,5,GTGACCATTTCAGGGTAACG,0,4172610
yadE_predicted,0.16666666666666666,5,5,GTGACCAGCGCTCTCTGGGT,0,4185571
yadE_predicted,0.16666666666666666,5,5,GTGACAGGGGCAGCGACGGG,0,4165562
yadE_predicted,0.16666666666666666,5,5,GTGAACTAGTCGCCAGACGC,0,4168270
yadE_predicted,0.16666666666666666,5,5,GTCTGCGAAACTTAATCAAC,0,4193861
yadE_predicted,0.16666666666666666,5,5,GTCTGACGGGCCGTTTCGTT,0,4173871
yadE_predicted,0.16666666666666666,5,5,GTCTCAAGTCTCACAATAGG,0,4189281
yadE_predicted,0.16666666666666666,5,5,GTCGTCGCTGACACGTGCGG,0,4205605
yadE_predicted,0.16666666666666666,5,5,GTCGTCGCGGTTGTAGGCTC,0,4202645
yadE_predicted,0.16666666666666666,5,5,GTCGCAAGTAACAAGCTCCT,0,4160283
yadE_predicted,0.16666666666666666,5,5,GTCCGTGTAAACCAGTCGAG,0,4193976
yadE_predicted,0.16666666666666666,5,5,GTCCGTATGAAGCACTGGTT,0,4236438
yadE_predicted,0.16666666666666666,5,5,GTCCCAACTGATATGAACGG,0,4165070
yadE_predicted,0.16666666666666666,5,5,GTCCAGCATGATTCGAAAGT,0,4225075
yadE_predicted,0.16666666666666666,5,5,GTCCACATGAGGGACACTAT,0,4192784
yadE_predicted,0.16666666666666666,5,5,GTCCAACTTCGGTATCCCTC,0,4227150
yadE_predicted,0.16666666666666666,5,5,GTCAGGGACCCACAAGGTTG,0,4164885
yadE_predicted,0.16666666666666666,5,5,GTCAGCCGTCCGTAAGAACC,0,4175143
yadE_predicted,0.16666666666666666,5,5,GTCACGAGACGGTGATTATG,0,4241444
yadE_predicted,0.16666666666666666,5,5,GTCACAAAGCAGCTTCGACG,0,4212448
yadE_predicted,0.16666666666666666,5,5,GTCAATTCGGCTGAGTAAGG,0,4223365
yadE_predicted,0.16666666666666666,5,5,GTCAAACTAGTAAACCCACA,0,4193530
yadE_predicted,0.16666666666666666,5,5,GTATTCTGTGTCTTTACCAG,0,4162251
yadE_predicted,0.16666666666666666,5,5,GTATGTTCCCATAGGAATTT,0,4231852
yadE_predicted,0.16666666666666666,5,5,GTATGTAAGCTGAGTATGTA,0,4222503
yadE_predicted,0.16666666666666666,5,5,GTATGGCCCTCGGAGAGGCT,0,4189198
yadE_predicted,0.16666666666666666,5,5,GTATCGTAACTGTACCCTCG,0,4179712
yadE_predicted,0.16666666666666666,5,5,GTAGGCCGTGGCGCTAAGAT,0,4174011
yadE_predicted,0.16666666666666666,5,5,GTAGGAGATATCCACCGAAA,0,4191077
yadE_predicted,0.16666666666666666,5,5,GTAGCTTCGGAAGTATGGGA,0,4230661
yadE_predicted,0.16666666666666666,5,5,GTAGCTCATATGGCCTCGCA,0,4173288
yadE_predicted,0.16666666666666666,5,5,GTAGATTTTCTTTGACCATT,0,4165640
yadE_predicted,0.16666666666666666,5,5,GTAGATTTAATTTTGTGGGG,0,4227039
yadE_predicted,0.16666666666666666,5,5,GTAGAGGTACGACCATGTAG,0,4206076
yadE_predicted,0.16666666666666666,5,5,GTACTCACCCTCATCAAGTT,0,4220545
yadE_predicted,0.16666666666666666,5,5,GTACGTCCAACCTTTAACGA,0,4230251
yadE_predicted,0.16666666666666666,5,5,GTACGAGGGCTGCAAGGCCT,0,4166418
yadE_predicted,0.16666666666666666,5,5,GTACCCTGCCCAGTGGCTAG,0,4182174
yadE_predicted,0.16666666666666666,5,5,GTACATTAGAGCCTCGTAGT,0,4227421
yadE_predicted,0.16666666666666666,5,5,GTACATGGACTTGGCGGCGA,0,4202389
yadE_predicted,0.16666666666666666,5,5,GTACAGACGCGTGAAATTCT,0,4201645
yadE_predicted,0.16666666666666666,5,5,GTAATCGCACCACATCCATA,0,4212895
yadE_predicted,0.16666666666666666,5,5,GTAAGACACTCCTTTGGTCA,0,4216692
yadE_predicted,0.16666666666666666,5,5,GTAACGGAGGCTTCGGACGC,0,4194452
yadE_predicted,0.16666666666666666,5,5,GTAACATTACTATCGTAGCG,0,4223187
yadE_predicted,0.16666666666666666,5,5,GTAAAAAGACTGTTAGGCCT,0,4211613
yadE_predicted,0.16666666666666666,5,5,GGTTTTCAGATCATAGCCAA,0,4183107
yadE_predicted,0.16666666666666666,5,5,GGTTTCCTACTCATTTCGCT,0,4224598
yadE_predicted,0.16666666666666666,5,5,GGTTTCCCAGCCATCTAAGT,0,4205355
yadE_predicted,0.16666666666666666,5,5,GGTTTCAATTCATCTTGGGG,0,4186710
yadE_predicted,0.16666666666666666,5,5,GGTTGTCGTGTTGTACCAAC,0,4181533
yadE_predicted,0.16666666666666666,5,5,GGTTGTCATTCGGAGGCTCG,0,4182306
yadE_predicted,0.16666666666666666,5,5,GGTTGCAGGACGACGGGATA,0,4210154
yadE_predicted,0.16666666666666666,5,5,GGTTCGTTAGGAACTATGTT,0,4201300
yadE_predicted,0.16666666666666666,5,5,GGTTCGCCACGGTAGACAAC,0,4217752
yadE_predicted,0.16666666666666666,5,5,GGTTATACGGTCTTGCGTCA,0,4224091
yadE_predicted,0.16666666666666666,5,5,GGTTAAGATGTATGATGATT,0,4181666
yadE_predicted,0.16666666666666666,5,5,GGTGTTTTGGCATATTAGGT,0,4187246
yadE_predicted,0.16666666666666666,5,5,GGTGTAGGTCAACAAATGTT,0,4190618
yadE_predicted,0.16666666666666666,5,5,GGTGCTAGTCTGGAGGGTGA,0,4221364
yadE_predicted,0.16666666666666666,5,5,GGTGCGCGAGGAGTCCATTC,0,4168708
yadE_predicted,0.16666666666666666,5,5,GGTCGTAATTGTACCCCCAC,0,4228889
yadE_predicted,0.16666666666666666,5,5,GGTCCGCGCCGAATTCTGGA,0,4212630
yadE_predicted,0.16666666666666666,5,5,GGTCCAGTGTCCCATGACCT,0,4189250
yadE_predicted,0.16666666666666666,5,5,GGTCAAGTCCGCGGCTGCTT,0,4175989
yadE_predicted,0.16666666666666666,5,5,GGTAGGAGTGACACGAGGTG,0,4208645
yadE_predicted,0.16666666666666666,5,5,GGTAATTACTTTCAAAGCTG,0,4226862
yadE_predicted,0.16666666666666666,5,5,GGGTTGTTATTATATCACGG,0,4174358
yadE_predicted,0.16666666666666666,5,5,GGGTTGAATACGGTTTCAAT,0,4178429
yadE_predicted,0.16666666666666666,5,5,GGGTTCCCCGTTATCCAGAT,0,4222281
yadE_predicted,0.16666666666666666,5,5,GGGTTCCAGGTTTTATTCTG,0,4187063
yadE_predicted,0.16666666666666666,5,5,GGGTTAATGATATAGCCAGT,0,4235082
yadE_predicted,0.16666666666666666,5,5,GGGTGGCGCAAGTTTTAATT,0,4214045
yadE_predicted,0.16666666666666666,5,5,GGGTCTCGACAGGCCTCATG,0,4232461
yadE_predicted,0.16666666666666666,5,5,GGGTCCCGCTTTGAGAACCC,0,4187447
yadE_predicted,0.16666666666666666,5,5,GGGTCAAAATAGGTATGGAG,0,4196072
yadE_predicted,0.16666666666666666,5,5,GGGTAGGTTGAAAAGCTTCG,0,4207531
yadE_predicted,0.16666666666666666,5,5,GGGTAACGACTAAGCAGTAC,0,4184026
yadE_predicted,0.16666666666666666,5,5,GGGGTTTGAGTCCGACACCG,0,4166924
yadE_predicted,0.16666666666666666,5,5,GGGGTGGTAAATAGCTCACG,0,4217428
yadE_predicted,0.16666666666666666,5,5,GGGGTATGCCAATTGTACTA,0,4204836
yadE_predicted,0.16666666666666666,5,5,GGGGGAGTAGTTTACTCATC,0,4235226
yadE_predicted,0.16666666666666666,5,5,GGGGCGGGGCGCTATTTTGT,0,4218409
yadE_predicted,0.16666666666666666,5,5,GGGGCATTGCTCGTTATAGA,0,4173000
yadE_predicted,0.16666666666666666,5,5,GGGGCAACATTGGCCTCGGA,0,4174571
yadE_predicted,0.16666666666666666,5,5,GGGGACGAGAAGTTAGGCGA,0,4206156
yadE_predicted,0.16666666666666666,5,5,GGGCCTTCGGCGCATCACTG,0,4204550
yadE_predicted,0.16666666666666666,5,5,GGGCCGGTGTTCACCAGCAT,0,4203883
yadE_predicted,0.16666666666666666,5,5,GGGCCGGGCGGTGCTTCTCT,0,4166129
yadE_predicted,0.16666666666666666,5,5,GGGCCAGGTCTTCATCTTTC,0,4177981
yadE_predicted,0.16666666666666666,5,5,GGGCATCTGCCTAGTACGCA,0,4229655
yadE_predicted,0.16666666666666666,5,5,GGGCATACACCTCTACCCAA,0,4214741
yadE_predicted,0.16666666666666666,5,5,GGGCAGATATATTTGGCAAT,0,4241242
yadE_predicted,0.16666666666666666,5,5,GGGCAACAAACGGGAGCGTC,0,4179175
yadE_predicted,0.16666666666666666,5,5,GGGATCCAACCACCAAGGGT,0,4224201
yadE_predicted,0.16666666666666666,5,5,GGGATAAAATGCTCGGTAAT,0,4207825
yadE_predicted,0.16666666666666666,5,5,GGGAGGGAGGTTTGAGAGCT,0,4229235
yadE_predicted,0.16666666666666666,5,5,GGGAGGCCGATAGTGAATGG,0,4203568
yadE_predicted,0.16666666666666666,5,5,GGGAGGAAATATCTGATCGC,0,4170972
yadE_predicted,0.16666666666666666,5,5,GGGAGAGCATGAAACTGAAC,0,4171009
yadE_predicted,0.16666666666666666,5,5,GGGACTCCACACTAGAATTT,0,4188301
yadE_predicted,0.16666666666666666,5,5,GGGACGCGGTGGACCCACAT,0,4190144
yadE_predicted,0.16666666666666666,5,5,GGGACCCCATGAAAATAGGG,0,4181960
yadE_predicted,0.16666666666666666,5,5,GGGAAGTGGCTTAATACCTC,0,4206660
yadE_predicted,0.16666666666666666,5,5,GGCTTCGCTTGCCACTCCTC,0,4160260
yadE_predicted,0.16666666666666666,5,5,GGCTGTCCCTCCCTAGTAAT,0,4228654
yadE_predicted,0.16666666666666666,5,5,GGCTGGTGATTCAACGTATA,0,4214522
yadE_predicted,0.16666666666666666,5,5,GGCTCCTCGATCAGAAATAC,0,4194384
yadE_predicted,0.16666666666666666,5,5,GGCTCAGCGCAGGACCGATC,0,4239072
yadE_predicted,0.16666666666666666,5,5,GGCTACCACGGCAAGAGGTA,0,4213654
yadE_predicted,0.16666666666666666,5,5,GGCGGTTGTAACATCATCTC,0,4221363
yadE_predicted,0.16666666666666666,5,5,GGCGGTGGTCTACAAGGTTA,0,4169813
yadE_predicted,0.16666666666666666,5,5,GGCGCTTGGGCTTATTATCG,0,4215223
yadE_predicted,0.16666666666666666,5,5,GGCGCGGATAGGATTTCGAT,0,4172995
yadE_predicted,0.16666666666666666,5,5,GGCCTCAGAGAAACAATGTC,0,4229155
yadE_predicted,0.16666666666666666,5,5,GGCCTACGACTGCGCGGACG,0,4212684
yadE_predicted,0.16666666666666666,5,5,GGCCGTGACCTGAGACTACC,0,4212282
yadE_predicted,0.16666666666666666,5,5,GGCCCAGCACTCTGCAATCG,0,4187003
yadE_predicted,0.16666666666666666,5,5,GGCCATGCCTGTGACTGGAC,0,4227837
yadE_predicted,0.16666666666666666,5,5,GGCCAATCAGCTTCATCACA,0,4218839
yadE_predicted,0.16666666666666666,5,5,GGCATTCCCGGTGCTACATT,0,4171148
yadE_predicted,0.16666666666666666,5,5,GGCATCAATTAGGTGGGAGC,0,4178382
yadE_predicted,0.16666666666666666,5,5,GGCAGTCTATTTGTCGCCAT,0,4193704
yadE_predicted,0.16666666666666666,5,5,GGCAGTAAGCAAGACAATGG,0,4220643
yadE_predicted,0.16666666666666666,5,5,GGCAGAGTTTTGGTCTCCGA,0,4216775
yadE_predicted,0.16666666666666666,5,5,GGCACCTCGATAAGAGCTGA,0,4211214
yadE_predicted,0.16666666666666666,5,5,GGCAAGACCACAGGAGAAAG,0,4180959
yadE_predicted,0.16666666666666666,5,5,GGCAACTATAAGACAACCTG,0,4215107
yadE_predicted,0.16666666666666666,5,5,GGATTGGGCCGCGGTGCCGG,0,4179979
yadE_predicted,0.16666666666666666,5,5,GGATTCGCAATTAAAGGCCT,0,4166693
yadE_predicted,0.16666666666666666,5,5,GGATAATTCCGCATCTCCTA,0,4180766
yadE_predicted,0.16666666666666666,5,5,GGATAAAAATACATCTATGA,0,4220784
yadE_predicted,0.16666666666666666,5,5,GGAGTTTAGCCCCTGCGCGT,0,4240843
yadE_predicted,0.16666666666666666,5,5,GGAGTCAAACCAGGCCCCTT,0,4202989
yadE_predicted,0.16666666666666666,5,5,GGAGGACCGGATATAGTTCT,0,4168605
yadE_predicted,0.16666666666666666,5,5,GGAGCCTGCCGAGTATGGGT,0,4227790
yadE_predicted,0.16666666666666666,5,5,GGAGACCATAACTTTAGAAA,0,4217476
yadE_predicted,0.16666666666666666,5,5,GGACGAGTCGCAAGTTAGTA,0,4239060
yadE_predicted,0.16666666666666666,5,5,GGACGAGACCAGATAATTTT,0,4186895
yadE_predicted,0.16666666666666666,5,5,GGACCTCGCAGAACACAGTA,0,4207599
yadE_predicted,0.16666666666666666,5,5,GGACCCGGGTCAATGGGTCA,0,4180829
yadE_predicted,0.16666666666666666,5,5,GGAATGGTAGCGTGACAAGT,0,4217821
yadE_predicted,0.16666666666666666,5,5,GGAATCCTCGGCTTGACCTC,0,4229190
yadE_predicted,0.16666666666666666,5,5,GGAAGTGCGCGACAGGCTGT,0,4209808
yadE_predicted,0.16666666666666666,5,5,GGAAGTCGCCACGTGGGTTT,0,4181730
yadE_predicted,0.16666666666666666,5,5,GGAAGGGAGCGTGATCCACA,0,4166017
yadE_predicted,0.16666666666666666,5,5,GGAAGCGGTACGCCTCGAAA,0,4175914
yadE_predicted,0.16666666666666666,5,5,GGAACTTGCCCGTCTTTAGG,0,4196097
yadE_predicted,0.16666666666666666,5,5,GGAACTGGAACCTTGAGCCT,0,4192611
yadE_predicted,0.16666666666666666,5,5,GGAACGGGCGTCTAAACTGA,0,4187498
yadE_predicted,0.16666666666666666,5,5,GCTTTGCTGCTGATCGGCCG,0,4189039
yadE_predicted,0.16666666666666666,5,5,GCTTGTGTTCCCGTACTACT,0,4200572
yadE_predicted,0.16666666666666666,5,5,GCTTGGAAAAGCGGGTTAGA,0,4238011
yadE_predicted,0.16666666666666666,5,5,GCTGGCGTCTATTCTGGTGT,0,4172566
yadE_predicted,0.16666666666666666,5,5,GCTGCAGTCATTAGCAGCGT,0,4184924
yadE_predicted,0.16666666666666666,5,5,GCTGACCATAATTAATTCGT,0,4179025
yadE_predicted,0.16666666666666666,5,5,GCTCTGAGGACTCTGGTCAG,0,4214186
yadE_predicted,0.16666666666666666,5,5,GCTCTAACGGCCCGGGGTGC,0,4185684
yadE_predicted,0.16666666666666666,5,5,GCTCGCCCATCGGACGTTAA,0,4199590
yadE_predicted,0.16666666666666666,5,5,GCTATGACGATTGATTCAGT,0,4164805
yadE_predicted,0.16666666666666666,5,5,GCTATCGACTTCTACAGCGT,0,4200965
yadE_predicted,0.16666666666666666,5,5,GCTAGTGCCCCTTAGTTGCT,0,4214275
yadE_predicted,0.16666666666666666,5,5,GCTAGGGGTTACTCAGGCCG,0,4183217
yadE_predicted,0.16666666666666666,5,5,GCTAGACCATCGATCGACCT,0,4213535
yadE_predicted,0.16666666666666666,5,5,GCTAAGGTCGGGCAAGAATA,0,4196524
yadE_predicted,0.16666666666666666,5,5,GCTAAATGCGGAATGCAGCG,0,4193842
yadE_predicted,0.16666666666666666,5,5,GCGTTAGCGAACTTGCCCCT,0,4163250
yadE_predicted,0.16666666666666666,5,5,GCGTTAACGGGGTTCACGAG,0,4179773
yadE_predicted,0.16666666666666666,5,5,GCGTGTCAGTCAATGGACCA,0,4237292
yadE_predicted,0.16666666666666666,5,5,GCGTATTAAGCTGCCCTCTT,0,4229892
yadE_predicted,0.16666666666666666,5,5,GCGTAGGGCACGGACCCCAG,0,4190326
yadE_predicted,0.16666666666666666,5,5,GCGTACGAAATTCGAAGTCT,0,4189014
yadE_predicted,0.16666666666666666,5,5,GCGTAAAAAGATGCGTTGGT,0,4192764
yadE_predicted,0.16666666666666666,5,5,GCGGTTTATGCAGTGCAAGG,0,4223682
yadE_predicted,0.16666666666666666,5,5,GCGGTATAAGTTTAGTTACG,0,4211427
yadE_predicted,0.16666666666666666,5,5,GCGGGATCCTCACCAGCGCT,0,4238152
yadE_predicted,0.16666666666666666,5,5,GCGGCATTGGCTGACGTAAT,0,4168629
yadE_predicted,0.16666666666666666,5,5,GCGGACAGATGTGTCTATTT,0,4238534
yadE_predicted,0.16666666666666666,5,5,GCGGAACCCACCTCGACACT,0,4199077
yadE_predicted,0.16666666666666666,5,5,GCGCTGCCGCCCCTAAGTAG,0,4204384
yadE_predicted,0.16666666666666666,5,5,GCGCTAAACGTCATACAGGT,0,4175482
yadE_predicted,0.16666666666666666,5,5,GCGCGAGGTAAACGGATGGT,0,4209676
yadE_predicted,0.16666666666666666,5,5,GCGCCATATCTGCATGCTCG,0,4221289
yadE_predicted,0.16666666666666666,5,5,GCGCAGAGGACATACAGTTG,0,4170593
yadE_predicted,0.16666666666666666,5,5,GCGCACATAGTAGGCTGTTG,0,4210801
yadE_predicted,0.16666666666666666,5,5,GCGCAATGGTGGGTCAGGAA,0,4171479
yadE_predicted,0.16666666666666666,5,5,GCGACTCCGACGTAGGCCCC,0,4239688
yadE_predicted,0.16666666666666666,5,5,GCGACCTTGGCCGCCAAGTG,0,4237604
yadE_predicted,0.16666666666666666,5,5,GCGAACTAAAGTACGATGAG,0,4177869
yadE_predicted,0.16666666666666666,5,5,GCGAACGACCGGGCGTGCGC,0,4204631
yadE_predicted,0.16666666666666666,5,5,GCCTTCCTGATCCAAGCATC,0,4177216
yadE_predicted,0.16666666666666666,5,5,GCCTTCAACAATCGCTTTGG,0,4163574
yadE_predicted,0.16666666666666666,5,5,GCCTCGCTCCTAAGAGCTTA,0,4208789
yadE_predicted,0.16666666666666666,5,5,GCCTCCCCCAAATGATGGTG,0,4186420
yadE_predicted,0.16666666666666666,5,5,GCCGTGCACCTGGGCAGAAC,0,4200035
yadE_predicted,0.16666666666666666,5,5,GCCGTCTGTTCTCACCGGAC,0,4182437
yadE_predicted,0.16666666666666666,5,5,GCCGTCGCTGACTGTGAGCA,0,4234957
yadE_predicted,0.16666666666666666,5,5,GCCGCTCTGCCGGGTGGAAG,0,4181874
yadE_predicted,0.16666666666666666,5,5,GCCCTTCGTATTCAAGTCGC,0,4174823
yadE_predicted,0.16666666666666666,5,5,GCCCTCCCCTTCTGAATATG,0,4206859
yadE_predicted,0.16666666666666666,5,5,GCCCTATCTGCCAATTGCGC,0,4197913
yadE_predicted,0.16666666666666666,5,5,GCCCGAGGTGGCAAGGCAGA,0,4166559
yadE_predicted,0.16666666666666666,5,5,GCCCGACTAATGTAGAGTGT,0,4184671
yadE_predicted,0.16666666666666666,5,5,GCCCAAACATCTTATCCGGC,0,4182706
yadE_predicted,0.16666666666666666,5,5,GCCATGGGGGTTCGATTTAG,0,4193010
yadE_predicted,0.16666666666666666,5,5,GCCAGTCCATAACTCGTAAG,0,4179671
yadE_predicted,0.16666666666666666,5,5,GCCAGGAATGGATCGCCCCA,0,4196969
yadE_predicted,0.16666666666666666,5,5,GCCAGATATTTGGGTTTGTT,0,4200059
yadE_predicted,0.16666666666666666,5,5,GCATTGTCCCTTTAACCCAT,0,4181237
yadE_predicted,0.16666666666666666,5,5,GCATTCCTGCAACATTTACT,0,4235918
yadE_predicted,0.16666666666666666,5,5,GCATTACACGCTGTACATTC,0,4189967
yadE_predicted,0.16666666666666666,5,5,GCATGTCCGTAGATCAGTTT,0,4217690
yadE_predicted,0.16666666666666666,5,5,GCATGGTATAGCGCACGGGG,0,4202568
yadE_predicted,0.16666666666666666,5,5,GCATGCCCCAATCGCCCGAT,0,4222790
yadE_predicted,0.16666666666666666,5,5,GCATGAGCCAGGGGATGCGT,0,4210107
yadE_predicted,0.16666666666666666,5,5,GCATCCCGGCAATATGTCTA,0,4220192
yadE_predicted,0.16666666666666666,5,5,GCATATAGATAACCCAACGG,0,4196839
yadE_predicted,0.16666666666666666,5,5,GCAGGGTCTTGGAGTGTTAA,0,4224965
yadE_predicted,0.16666666666666666,5,5,GCAGGGGTTCAATTACTGCT,0,4202338
yadE_predicted,0.16666666666666666,5,5,GCAGGCTCGCGTAGCTGCAG,0,4200248
yadE_predicted,0.16666666666666666,5,5,GCAGGCCGGAATAGTCAGGT,0,4214352
yadE_predicted,0.16666666666666666,5,5,GCAGCCCTCTAGTTGAACTG,0,4215876
yadE_predicted,0.16666666666666666,5,5,GCAGACGTCAAGTGTCATAT,0,4239798
yadE_predicted,0.16666666666666666,5,5,GCACTTCACCTAACAGGGGG,0,4175238
yadE_predicted,0.16666666666666666,5,5,GCACTGCTTAGCGCGATTAT,0,4234117
yadE_predicted,0.16666666666666666,5,5,GCACTAGATCGCCGGTGGTG,0,4218518
yadE_predicted,0.16666666666666666,5,5,GCACGTCCAAAGGTCTTCTT,0,4223791
yadE_predicted,0.16666666666666666,5,5,GCACGTAGAATTAACATTTG,0,4219767
yadE_predicted,0.16666666666666666,5,5,GCACGGCTGGAGGTTTTCCC,0,4189833
yadE_predicted,0.16666666666666666,5,5,GCACGCGTTAGGAGGTCCTT,0,4195758
yadE_predicted,0.16666666666666666,5,5,GCACAACTCAATTTTAGGTT,0,4228956
yadE_predicted,0.16666666666666666,5,5,GCAAGCTCGCAAGTATCACT,0,4195915
yadE_predicted,0.16666666666666666,5,5,GCAACTGTGAAATGGTCAGT,0,4182906
yadE_predicted,0.16666666666666666,5,5,GCAACCGGTGTGCAGACAGC,0,4203077
yadE_predicted,0.16666666666666666,5,5,GCAAATGCGAACAAGTGCTG,0,4190759
yadE_predicted,0.16666666666666666,5,5,GCAAAGACGCTCAGCAATGC,0,4178489
yadE_predicted,0.16666666666666666,5,5,GCAAACAATCCTGTAACAAC,0,4172842
yadE_predicted,0.16666666666666666,5,5,GATTTGCATGTAATTTTCTG,0,4160286
yadE_predicted,0.16666666666666666,5,5,GATTTACTGTCTTGACCGAA,0,4179861
yadE_predicted,0.16666666666666666,5,5,GATTGGGCGGTTCGATCTCG,0,4240004
yadE_predicted,0.16666666666666666,5,5,GATTGCCAATGAAGGAGAGA,0,4226315
yadE_predicted,0.16666666666666666,5,5,GATTCCGATTATGCGGTTGG,0,4186058
yadE_predicted,0.16666666666666666,5,5,GATTAGTGATCGACATCGTT,0,4235833
yadE_predicted,0.16666666666666666,5,5,GATGTAGATCGTTCGGTTAT,0,4211118
yadE_predicted,0.16666666666666666,5,5,GATGGGAAGAGTAGTGATCC,0,4201024
yadE_predicted,0.16666666666666666,5,5,GATGGAGCAGTAGTGGGAAA,0,4219087
yadE_predicted,0.16666666666666666,5,5,GATGCCCTATCGACAGCTCC,0,4189151
yadE_predicted,0.16666666666666666,5,5,GATCTTTATAGATCGTTTAT,0,4207916
yadE_predicted,0.16666666666666666,5,5,GATCTGCAACGCTACGAGTG,0,4178829
yadE_predicted,0.16666666666666666,5,5,GATCGCATCCGGGACTCGGG,0,4183487
yadE_predicted,0.16666666666666666,5,5,GATCCGCAATTCTCAAATAA,0,4235133
yadE_predicted,0.16666666666666666,5,5,GATCCATAGTGTGCATCCCA,0,4232162
yadE_predicted,0.16666666666666666,5,5,GATCCAGTTGTGACGGTCTA,0,4176807
yadE_predicted,0.16666666666666666,5,5,GATCACCCGGTCATCAGCTC,0,4171568
yadE_predicted,0.16666666666666666,5,5,GATCACACCTAGAGAATTAA,0,4201096
yadE_predicted,0.16666666666666666,5,5,GATATCTTTACGTGTCACCA,0,4230108
yadE_predicted,0.16666666666666666,5,5,GATATACCTCACGCCTTATC,0,4238777
yadE_predicted,0.16666666666666666,5,5,GATATAACTTATACGTCCCC,0,4218882
yadE_predicted,0.16666666666666666,5,5,GATAGATGTTGTACGGTGCG,0,4202023
yadE_predicted,0.16666666666666666,5,5,GATAGACTTTAGTTCCCTCC,0,4203284
yadE_predicted,0.16666666666666666,5,5,GATACGTGGGATAGAGACTC,0,4208602
yadE_predicted,0.16666666666666666,5,5,GATAATTGCTACTCGTGCCT,0,4235761
yadE_predicted,0.16666666666666666,5,5,GATAAGTGTCCCCGATTTAG,0,4180563
yadE_predicted,0.16666666666666666,5,5,GATAACTGATGCACTGATTC,0,4231997
yadE_predicted,0.16666666666666666,5,5,GAGTTGAATTGTATGTAGGC,0,4214707
yadE_predicted,0.16666666666666666,5,5,GAGTTAAGTCGCTGTTCACT,0,4174671
yadE_predicted,0.16666666666666666,5,5,GAGTGGGAGGCTAGATGGGT,0,4222259
yadE_predicted,0.16666666666666666,5,5,GAGTGGAAACCTAGGGGTCT,0,4192598
yadE_predicted,0.16666666666666666,5,5,GAGTCTTCTTGCACGTAGAA,0,4226417
yadE_predicted,0.16666666666666666,5,5,GAGTAAGACATACGCATGCT,0,4233463
yadE_predicted,0.16666666666666666,5,5,GAGGTTTGGAGTTGCGAACA,0,4159827
yadE_predicted,0.16666666666666666,5,5,GAGGGGCTAGCGAAAATGCT,0,4166101
yadE_predicted,0.16666666666666666,5,5,GAGGGAGCATCTCTTAGGCA,0,4219632
yadE_predicted,0.16666666666666666,5,5,GAGGCACCATCATTTGAAAG,0,4162984
yadE_predicted,0.16666666666666666,5,5,GAGCTCCTACGGCACCAAAG,0,4172607
yadE_predicted,0.16666666666666666,5,5,GAGCGTGATTAACTCGCTCC,0,4184988
yadE_predicted,0.16666666666666666,5,5,GAGCGTGATCGTTCACACAG,0,4217093
yadE_predicted,0.16666666666666666,5,5,GAGCGCTGTGGTCGCTCTGA,0,4231516
yadE_predicted,0.16666666666666666,5,5,GAGCGACATTGTGCAGCAAA,0,4217955
yadE_predicted,0.16666666666666666,5,5,GAGCCGAGTGCACGCTATAC,0,4213173
yadE_predicted,0.16666666666666666,5,5,GAGCAGGCCAGTTGTAGCAA,0,4191226
yadE_predicted,0.16666666666666666,5,5,GAGCACTCGAAGCGGAACAG,0,4224829
yadE_predicted,0.16666666666666666,5,5,GAGATCCCGGCCATCGTCAC,0,4186756
yadE_predicted,0.16666666666666666,5,5,GAGATATCGCCACAGGTATC,0,4167063
yadE_predicted,0.16666666666666666,5,5,GAGAGTCATCAGTAACAACA,0,4186723
yadE_predicted,0.16666666666666666,5,5,GAGAGGCGAATGAAAGTTTA,0,4221517
yadE_predicted,0.16666666666666666,5,5,GAGAGAATGAGGACCCTTGG,0,4192683
yadE_predicted,0.16666666666666666,5,5,GAGACTCAGATGGGAATACG,0,4161141
yadE_predicted,0.16666666666666666,5,5,GAGACTACGGACTCGGACCC,0,4161915
yadE_predicted,0.16666666666666666,5,5,GAGACAGTGCATGTCACACT,0,4187157
yadE_predicted,0.16666666666666666,5,5,GACTGCCGTTCAGCACCAGT,0,4207535
yadE_predicted,0.16666666666666666,5,5,GACTCCCTTCTGTCCAGAGT,0,4193367
yadE_predicted,0.16666666666666666,5,5,GACTCAGGTATGCAATATGT,0,4226169
yadE_predicted,0.16666666666666666,5,5,GACTATTTACTAGGCCCTAG,0,4229610
yadE_predicted,0.16666666666666666,5,5,GACTATATGGTTATAAGTCT,0,4184588
yadE_predicted,0.16666666666666666,5,5,GACTACACCCGGATAGAATA,0,4209336
yadE_predicted,0.16666666666666666,5,5,GACGTCAAACTGGCAACCAG,0,4207582
yadE_predicted,0.16666666666666666,5,5,GACGGTTCGTTTTGTAAGAT,0,4237481
yadE_predicted,0.16666666666666666,5,5,GACGGCTGGGATAGCGCTGG,0,4211856
yadE_predicted,0.16666666666666666,5,5,GACGCGGGCCGTGTGCGGGC,0,4208380
yadE_predicted,0.16666666666666666,5,5,GACCGTTGCGGCCCTCCGCT,0,4170219
yadE_predicted,0.16666666666666666,5,5,GACCGGTGAACCCGTGATCG,0,4182234
yadE_predicted,0.16666666666666666,5,5,GACCGGGGCGTTTTGAAGTC,0,4218158
yadE_predicted,0.16666666666666666,5,5,GACCCGCCGGTGTTATATGG,0,4234001
yadE_predicted,0.16666666666666666,5,5,GACCCCACACTTCAAGTAGG,0,4170778
yadE_predicted,0.16666666666666666,5,5,GACCATTTTACCGTGCGGGT,0,4189588
yadE_predicted,0.16666666666666666,5,5,GACCATCGGGAGATGCGATA,0,4222946
yadE_predicted,0.16666666666666666,5,5,GACCACTGTTTTGTCCTAAG,0,4186891
yadE_predicted,0.16666666666666666,5,5,GACATCCCGCGAGCCAGGTG,0,4183150
yadE_predicted,0.16666666666666666,5,5,GACAGGTTTGGTTGTCCACC,0,4212388
yadE_predicted,0.16666666666666666,5,5,GACAGCGAGGACCAGGCAGT,0,4192145
yadE_predicted,0.16666666666666666,5,5,GACAGATCTGCCGCTCTTTG,0,4159702
yadE_predicted,0.16666666666666666,5,5,GACACTAGCCGTCACTTCCG,0,4209829
yadE_predicted,0.16666666666666666,5,5,GACACCAACGTGGTGTCACG,0,4171653
yadE_predicted,0.16666666666666666,5,5,GACAATACCCGGACAGTTAT,0,4176176
yadE_predicted,0.16666666666666666,5,5,GAATTGTTCCCGGCGGTGGA,0,4188481
yadE_predicted,0.16666666666666666,5,5,GAATGTTGCCAACAAATGTT,0,4188734
yadE_predicted,0.16666666666666666,5,5,GAATGTGATTGGAAGAAATA,0,4163441
yadE_predicted,0.16666666666666666,5,5,GAATGCTGTAGTTAGAGCGA,0,4218411
yadE_predicted,0.16666666666666666,5,5,GAATGCGTCAGCTCTACCAC,0,4192536
yadE_predicted,0.16666666666666666,5,5,GAATGCGGCTGCATGTTCTC,0,4161758
yadE_predicted,0.16666666666666666,5,5,GAATGCATATTCGGGAAATA,0,4203449
yadE_predicted,0.16666666666666666,5,5,GAATGAACAGGAGTATTCCG,0,4185822
yadE_predicted,0.16666666666666666,5,5,GAATCTCAAAGTGGGGAGAC,0,4227499
yadE_predicted,0.16666666666666666,5,5,GAATCGGTGACGTAAAACCG,0,4228421
yadE_predicted,0.16666666666666666,5,5,GAATAGTTGAGCACCGTTAA,0,4228652
yadE_predicted,0.16666666666666666,5,5,GAATAGTCCATGAGCTTTTG,0,4183811
yadE_predicted,0.16666666666666666,5,5,GAATACTGGTGTACTTGGGA,0,4161905
yadE_predicted,0.16666666666666666,5,5,GAATACACCAATATAAAAAC,0,4172827
yadE_predicted,0.16666666666666666,5,5,GAATAAACTCGGGCTTACAA,0,4188063
yadE_predicted,0.16666666666666666,5,5,GAAGTCTGTGGATTGCAAGC,0,4225972
yadE_predicted,0.16666666666666666,5,5,GAAGTCGCCCAATACTAGGT,0,4211181
yadE_predicted,0.16666666666666666,5,5,GAAGTCAGCATGGAACCGGT,0,4185258
yadE_predicted,0.16666666666666666,5,5,GAAGCGAATTCGTAGATTAG,0,4181882
yadE_predicted,0.16666666666666666,5,5,GAAGCAGGCGCACGCGGCCG,0,4230564
yadE_predicted,0.16666666666666666,5,5,GAAGATTGGGTATCAGAAAC,0,4194909
yadE_predicted,0.16666666666666666,5,5,GAACGCGGCTAGGCAAGCAT,0,4235791
yadE_predicted,0.16666666666666666,5,5,GAACGACCTGCCTTGTGTTT,0,4222045
yadE_predicted,0.16666666666666666,5,5,GAAACTGCCGATACACTCAA,0,4212819
yadE_predicted,0.16666666666666666,5,5,GAAACCCGGTCAATTTCCGA,0,4197109
yadE_predicted,0.16666666666666666,5,5,GAAACCCCACCAAAGGGGAG,0,4235548
yadE_predicted,0.16666666666666666,5,5,GAAACCACGACGTCTTAATA,0,4191427
yadE_predicted,0.16666666666666666,5,5,GAAAATATGTAGAGCTGATT,0,4226698
yadE_predicted,0.16666666666666666,5,5,GAAAATAAGAACAGTGAGCA,0,4205795
yadE_predicted,0.16666666666666666,5,5,CTTTTCTAATAACGTGCCTA,0,4188963
yadE_predicted,0.16666666666666666,5,5,CTTTGCCTTTAGTGTCCCGC,0,4240786
yadE_predicted,0.16666666666666666,5,5,CTTTGAGGAACTGGATGTAA,0,4215499
yadE_predicted,0.16666666666666666,5,5,CTTTCCTAGAGCTAATAAGC,0,4231806
yadE_predicted,0.16666666666666666,5,5,CTTTCCCATAGCGAACAGTG,0,4162431
yadE_predicted,0.16666666666666666,5,5,CTTTCATACGGGCGCGAGGG,0,4218240
yadE_predicted,0.16666666666666666,5,5,CTTTACAGCGGACGGGCGAA,0,4221449
yadE_predicted,0.16666666666666666,5,5,CTTTAATTATTGTGAGGGAC,0,4235192
yadE_predicted,0.16666666666666666,5,5,CTTGTTCTGTGTAAACGGAG,0,4196449
yadE_predicted,0.16666666666666666,5,5,CTTGCTATGTTAACGTACAT,0,4198604
yadE_predicted,0.16666666666666666,5,5,CTTGCAATATCACGCAACGC,0,4238755
yadE_predicted,0.16666666666666666,5,5,CTTGATTGTTTGTAAATATG,0,4205943
yadE_predicted,0.16666666666666666,5,5,CTTGACATCGCCGGGTCTCC,0,4194923
yadE_predicted,0.16666666666666666,5,5,CTTGACAACATGGCGAAGTA,0,4208338
yadE_predicted,0.16666666666666666,5,5,CTTCTTTAAGTTCATAACGA,0,4212035
yadE_predicted,0.16666666666666666,5,5,CTTCCGTAAAAGTCAGGGCT,0,4238396
yadE_predicted,0.16666666666666666,5,5,CTTCATGCTAACGCCCCCTT,0,4202102
yadE_predicted,0.16666666666666666,5,5,CTTCATACCGGCACGTAATG,0,4194126
yadE_predicted,0.16666666666666666,5,5,CTTCACCCATAATGACGTGA,0,4204586
yadE_predicted,0.16666666666666666,5,5,CTTATCGGAATAACACCGGT,0,4202425
yadE_predicted,0.16666666666666666,5,5,CTTAGTTGAACTATGCTCGT,0,4177274
yadE_predicted,0.16666666666666666,5,5,CTTAGCCGTGCCTTACGCGT,0,4201640
yadE_predicted,0.16666666666666666,5,5,CTTACTAGAGTTAGCGCCAC,0,4203495
yadE_predicted,0.16666666666666666,5,5,CTTACGGCGCTGGCTTCCTA,0,4170592
yadE_predicted,0.16666666666666666,5,5,CTGTTTATACAAGTCAATCC,0,4235971
yadE_predicted,0.16666666666666666,5,5,CTGTTATTATGGAGAGGAAC,0,4183282
yadE_predicted,0.16666666666666666,5,5,CTGTGTCACTCTGTTCCGAC,0,4219137
yadE_predicted,0.16666666666666666,5,5,CTGTGTATAGCCGTTACATA,0,4210765
yadE_predicted,0.16666666666666666,5,5,CTGTCGACGCCGGGTTACTC,0,4171689
yadE_predicted,0.16666666666666666,5,5,CTGTCCAATCGAAACGCCTA,0,4159950
yadE_predicted,0.16666666666666666,5,5,CTGGTGAGGGGATATCCGGA,0,4214966
yadE_predicted,0.16666666666666666,5,5,CTGGTGAGCCACGAAGTCTG,0,4212429
yadE_predicted,0.16666666666666666,5,5,CTGGGGTTATAGCGATCATT,0,4183719
yadE_predicted,0.16666666666666666,5,5,CTGGGGGGGGCAGGGTCGCC,0,4198310
yadE_predicted,0.16666666666666666,5,5,CTGGGGACGGTGAATTGCAT,0,4169059
yadE_predicted,0.16666666666666666,5,5,CTGGGCCGCGAACTTATCAC,0,4214839
yadE_predicted,0.16666666666666666,5,5,CTGGCTTGTTCGAGGGGTGA,0,4216505
yadE_predicted,0.16666666666666666,5,5,CTGGATACATGGAGATAACG,0,4166989
yadE_predicted,0.16666666666666666,5,5,CTGGAGGAGGCCGCGGGGAA,0,4206040
yadE_predicted,0.16666666666666666,5,5,CTGGAGAGTTGCAACTCTAG,0,4212000
yadE_predicted,0.16666666666666666,5,5,CTGGAAACCCCGAGACGCGT,0,4202651
yadE_predicted,0.16666666666666666,5,5,CTGCTTGCGGTGGTAGGGTG,0,4216339
yadE_predicted,0.16666666666666666,5,5,CTGCGTCCAGAACGCTTGGT,0,4172853
yadE_predicted,0.16666666666666666,5,5,CTGCAACTGATAGGCTGACT,0,4177831
yadE_predicted,0.16666666666666666,5,5,CTGATGTTGACGTATCGCGA,0,4192633
yadE_predicted,0.16666666666666666,5,5,CTGATCCGAGGATTTGACCC,0,4207699
yadE_predicted,0.16666666666666666,5,5,CTGATATGCCGAACCTCTTG,0,4189962
yadE_predicted,0.16666666666666666,5,5,CTGAGAGGGATACTATCAGC,0,4201642
yadE_predicted,0.16666666666666666,5,5,CTGACCTGACCGCGGTGCCA,0,4200007
yadE_predicted,0.16666666666666666,5,5,CTGACCGAATACTGTGGATG,0,4202452
yadE_predicted,0.16666666666666666,5,5,CTGACCAGAGACACTAGCGG,0,4178013
yadE_predicted,0.16666666666666666,5,5,CTGACAACTTTCAGAGAGGA,0,4165385
yadE_predicted,0.16666666666666666,5,5,CTGACAAACTAGGATCACTG,0,4171501
yadE_predicted,0.16666666666666666,5,5,CTGAACGAGGTCGCGCGTGT,0,4182193
yadE_predicted,0.16666666666666666,5,5,CTCTTTGCAACAACTCGTAG,0,4209680
yadE_predicted,0.16666666666666666,5,5,CTCTCCGGTAGTTAGTACCC,0,4225561
yadE_predicted,0.16666666666666666,5,5,CTCTCACGGAACATATGTAG,0,4228126
yadE_predicted,0.16666666666666666,5,5,CTCGTCAACGAGGCTTGTGT,0,4217666
yadE_predicted,0.16666666666666666,5,5,CTCGTAACCGGGCCTCCGGG,0,4219255
yadE_predicted,0.16666666666666666,5,5,CTCGGGGCCGTGTCCAACTA,0,4228620
yadE_predicted,0.16666666666666666,5,5,CTCGGAGACGCCCCTACACG,0,4237949
yadE_predicted,0.16666666666666666,5,5,CTCGCGGGAGTACTTTATGT,0,4218171
yadE_predicted,0.16666666666666666,5,5,CTCGCCGTATTACTCCCCGG,0,4238102
yadE_predicted,0.16666666666666666,5,5,CTCGCACCCAGGATGTGGAC,0,4219432
yadE_predicted,0.16666666666666666,5,5,CTCGATGTGTAATGGTTAGA,0,4189338
yadE_predicted,0.16666666666666666,5,5,CTCCTTCGGTCAGAGTGCAA,0,4219653
yadE_predicted,0.16666666666666666,5,5,CTCCTTAGTGTGGCGCCCAA,0,4177776
yadE_predicted,0.16666666666666666,5,5,CTCCTCATAGCCCAGTACGG,0,4162305
yadE_predicted,0.16666666666666666,5,5,CTCCTCAGAGCGGCCTTCAT,0,4217214
yadE_predicted,0.16666666666666666,5,5,CTCCGTGATCCAACTATGGG,0,4185405
yadE_predicted,0.16666666666666666,5,5,CTCCGTCGGACCGCAGCCAT,0,4168290
yadE_predicted,0.16666666666666666,5,5,CTCCGAGGGGGACGGATAAA,0,4182534
yadE_predicted,0.16666666666666666,5,5,CTCCGAAAAGTACGAACCCC,0,4236427
yadE_predicted,0.16666666666666666,5,5,CTCCCTGAACGATTAGGGCT,0,4171658
yadE_predicted,0.16666666666666666,5,5,CTCCATTATGGAGTGCTTAT,0,4178525
yadE_predicted,0.16666666666666666,5,5,CTCCAACACTCGGACTGAGG,0,4233354
yadE_predicted,0.16666666666666666,5,5,CTCATTTGAATATCATCTCA,0,4227151
yadE_predicted,0.16666666666666666,5,5,CTCATTACGTCGCGCTGCTT,0,4219999
yadE_predicted,0.16666666666666666,5,5,CTCATGCATATACGTTCAGT,0,4229129
yadE_predicted,0.16666666666666666,5,5,CTCATAAGGAGTGTGTTTTT,0,4174749
yadE_predicted,0.16666666666666666,5,5,CTCATAACTGTTGGGTGGAA,0,4228838
yadE_predicted,0.16666666666666666,5,5,CTCAGGCTCAAAACTCCCGT,0,4228669
yadE_predicted,0.16666666666666666,5,5,CTCAGCGTCAGTACCAAGGA,0,4225375
yadE_predicted,0.16666666666666666,5,5,CTCACGCTGGGTTATACGCG,0,4203196
yadE_predicted,0.16666666666666666,5,5,CTCAATACCGATAGCAACGC,0,4229889
yadE_predicted,0.16666666666666666,5,5,CTCAAGCCTTCCTACAATAT,0,4160524
yadE_predicted,0.16666666666666666,5,5,CTCAAATCTCAACGGGATTT,0,4229249
yadE_predicted,0.16666666666666666,5,5,CTATTAGCATGAGATAATAT,0,4213864
yadE_predicted,0.16666666666666666,5,5,CTATTAAGTCCAAATGGCCA,0,4209774
yadE_predicted,0.16666666666666666,5,5,CTATATAAAACCGTAGCAGA,0,4189144
yadE_predicted,0.16666666666666666,5,5,CTAGGACCTCTCCTTTAAGG,0,4164104
yadE_predicted,0.16666666666666666,5,5,CTAGCTGGAAGCTGCACAAA,0,4222649
yadE_predicted,0.16666666666666666,5,5,CTAGCGCAAGAGTGACAGTC,0,4229381
yadE_predicted,0.16666666666666666,5,5,CTAGCCAATTCGTAGGGTAG,0,4221535
yadE_predicted,0.16666666666666666,5,5,CTAGACTGACAGCAAACGGA,0,4196237
yadE_predicted,0.16666666666666666,5,5,CTACGTAAGCCGCAAACGGT,0,4174539
yadE_predicted,0.16666666666666666,5,5,CTACGCTACATTGGTGGTGG,0,4163869
yadE_predicted,0.16666666666666666,5,5,CTACGCGCCGACCGACGGTA,0,4226204
yadE_predicted,0.16666666666666666,5,5,CTACCTCTGCAAGAAACTCG,0,4177994
yadE_predicted,0.16666666666666666,5,5,CTACCGGGAGCCGGGGGCAA,0,4229083
yadE_predicted,0.16666666666666666,5,5,CTACATCAACCCAGTTATCG,0,4213065
yadE_predicted,0.16666666666666666,5,5,CTACAGGGAGGCGTCTCTGT,0,4170223
yadE_predicted,0.16666666666666666,5,5,CTACACTGGGTGTTTCGTTG,0,4173727
yadE_predicted,0.16666666666666666,5,5,CTACACCATTTCTATTCGGT,0,4222390
yadE_predicted,0.16666666666666666,5,5,CTAATGCAACAGAAACAAAT,0,4179867
yadE_predicted,0.16666666666666666,5,5,CTAATCTTGTATGTGTGTGC,0,4178159
yadE_predicted,0.16666666666666666,5,5,CTAATCAAACTATTACACTG,0,4221023
yadE_predicted,0.16666666666666666,5,5,CTAATAGGAACGGCCAACCA,0,4179047
yadE_predicted,0.16666666666666666,5,5,CTAAGTAGGTGGAGTCGTGA,0,4189866
yadE_predicted,0.16666666666666666,5,5,CTAACGTTCCACGTGTTAGC,0,4168882
yadE_predicted,0.16666666666666666,5,5,CTAACCGTATTGGATATCCA,0,4215300
yadE_predicted,0.16666666666666666,5,5,CTAACAAGAGTTCGCCTGAC,0,4240601
yadE_predicted,0.16666666666666666,5,5,CGTTTCGCATTCTGTGGGGG,0,4186118
yadE_predicted,0.16666666666666666,5,5,CGTTTAGGTAAACCAGGAAT,0,4232186
yadE_predicted,0.16666666666666666,5,5,CGTTTAACTCCTTACTTGGA,0,4204895
yadE_predicted,0.16666666666666666,5,5,CGTTGCGAGGGACATCTATG,0,4193773
yadE_predicted,0.16666666666666666,5,5,CGTTCTGTCGGCATTCGGAA,0,4240397
yadE_predicted,0.16666666666666666,5,5,CGTTATAGTGATAGGGCTTA,0,4213457
yadE_predicted,0.16666666666666666,5,5,CGTTAGTTGTAGGGTACTTC,0,4183754
yadE_predicted,0.16666666666666666,5,5,CGTGTTTTAAAACGGAATAG,0,4163202
yadE_predicted,0.16666666666666666,5,5,CGTGTTCTATAAAAACCTTC,0,4193035
yadE_predicted,0.16666666666666666,5,5,CGTGTCCTCCGGCCAACGAA,0,4164399
yadE_predicted,0.16666666666666666,5,5,CGTGTAGGATACTCGCTCAA,0,4176894
yadE_predicted,0.16666666666666666,5,5,CGTGGCCAGATTACGAGTAT,0,4169734
yadE_predicted,0.16666666666666666,5,5,CGTGGATGGCTTTCGTCGCT,0,4230168
yadE_predicted,0.16666666666666666,5,5,CGTGCTCTTCGTTGGCTGTA,0,4203659
yadE_predicted,0.16666666666666666,5,5,CGTGCTCTGTCCCGTCGCGT,0,4222954
yadE_predicted,0.16666666666666666,5,5,CGTGCTACATGTAAAAGTGA,0,4228481
yadE_predicted,0.16666666666666666,5,5,CGTGCGTTCTGAGGGTTGCC,0,4164689
yadE_predicted,0.16666666666666666,5,5,CGTGAGGGTTGGCTAGCGGA,0,4229299
yadE_predicted,0.16666666666666666,5,5,CGTGACATTCGACAGAGGGG,0,4175271
yadE_predicted,0.16666666666666666,5,5,CGTGACATCAACACAAAACT,0,4188211
yadE_predicted,0.16666666666666666,5,5,CGTCTGCATGAATCGTTATA,0,4169136
yadE_predicted,0.16666666666666666,5,5,CGTCGAAGGAGTATGCGGCC,0,4230588
yadE_predicted,0.16666666666666666,5,5,CGTCCCAGGCGCTGCCCGTC,0,4220206
yadE_predicted,0.16666666666666666,5,5,CGTCAGCCGCGGGTCTAGCA,0,4188274
yadE_predicted,0.16666666666666666,5,5,CGTATGGAAACACACCCGAA,0,4204769
yadE_predicted,0.16666666666666666,5,5,CGTAGTCATTTGAGCTCGAG,0,4214797
yadE_predicted,0.16666666666666666,5,5,CGTAGGCTAGATTAATATCA,0,4231106
yadE_predicted,0.16666666666666666,5,5,CGTAGATTATGGCTTCGTCC,0,4221069
yadE_predicted,0.16666666666666666,5,5,CGTACGATGACCCTTTTGGT,0,4208457
yadE_predicted,0.16666666666666666,5,5,CGTACCTTAACTTCGCCATA,0,4233615
yadE_predicted,0.16666666666666666,5,5,CGTAATCGAACTCTCGCGGT,0,4213368
yadE_predicted,0.16666666666666666,5,5,CGTAAGGATGATACTACTCA,0,4172962
yadE_predicted,0.16666666666666666,5,5,CGTAAGAATCTTATGAGTGG,0,4163289
yadE_predicted,0.16666666666666666,5,5,CGGTTGAATTAACTCTGAGC,0,4186558
yadE_predicted,0.16666666666666666,5,5,CGGTTATTGCATCATTCGTC,0,4239362
yadE_predicted,0.16666666666666666,5,5,CGGTTATGCCGGGGTTCAGA,0,4190324
yadE_predicted,0.16666666666666666,5,5,CGGTTATGAAGAACACCTAC,0,4202707
yadE_predicted,0.16666666666666666,5,5,CGGTTAACAGAATAGCTTGT,0,4178928
yadE_predicted,0.16666666666666666,5,5,CGGTGTCCTGGTGGATGACG,0,4173074
yadE_predicted,0.16666666666666666,5,5,CGGTGGCAGCCGTTGCAACC,0,4198474
yadE_predicted,0.16666666666666666,5,5,CGGTCATGACTTTATGCATA,0,4174064
yadE_predicted,0.16666666666666666,5,5,CGGTACCTTCGGCGGTCATT,0,4159902
yadE_predicted,0.16666666666666666,5,5,CGGTACCGCCACACGTCGTA,0,4237806
yadE_predicted,0.16666666666666666,5,5,CGGTAACGGATATTGCCGGC,0,4228185
yadE_predicted,0.16666666666666666,5,5,CGGGTCGGGAGAGTGTCCAT,0,4222009
yadE_predicted,0.16666666666666666,5,5,CGGGTCACACAGCGTAAGGC,0,4207410
yadE_predicted,0.16666666666666666,5,5,CGGGCACAAATGCCTGCCCG,0,4178736
yadE_predicted,0.16666666666666666,5,5,CGGGATTTTGAGGGCGGACC,0,4179612
yadE_predicted,0.16666666666666666,5,5,CGGGATCCGAGGAACATATT,0,4208656
yadE_predicted,0.16666666666666666,5,5,CGGGAGGTAGAGCTGCACCC,0,4213371
yadE_predicted,0.16666666666666666,5,5,CGGGAACGACGGGCAGCGAT,0,4241148
yadE_predicted,0.16666666666666666,5,5,CGGGAAACGTCGGAGTCCGC,0,4176497
yadE_predicted,0.16666666666666666,5,5,CGGCTTAACCATTCCCGCTA,0,4176214
yadE_predicted,0.16666666666666666,5,5,CGGCTGTGGCTCCGGTAAGC,0,4222736
yadE_predicted,0.16666666666666666,5,5,CGGCTGCCAGTAAAGTGTCA,0,4205803
yadE_predicted,0.16666666666666666,5,5,CGGCGTACAATGTCGGACAA,0,4202751
yadE_predicted,0.16666666666666666,5,5,CGGCCGGTGGGGTACAATTA,0,4225135
yadE_predicted,0.16666666666666666,5,5,CGGCATGTTCGTCGGATACC,0,4206551
yadE_predicted,0.16666666666666666,5,5,CGGATTGGAAACTGTTGGTA,0,4189650
yadE_predicted,0.16666666666666666,5,5,CGGATGCTGGCGATGATGTG,0,4196854
yadE_predicted,0.16666666666666666,5,5,CGGATCTCATTTGCGTTATG,0,4181155
yadE_predicted,0.16666666666666666,5,5,CGGAGTTACCCAGCTAATGG,0,4220857
yadE_predicted,0.16666666666666666,5,5,CGGAGGGGCGAGAATTGACT,0,4173576
yadE_predicted,0.16666666666666666,5,5,CGGAGATGGGCAGTAACAGG,0,4192702
yadE_predicted,0.16666666666666666,5,5,CGGACTGTAGGCCTTACTGA,0,4193386
yadE_predicted,0.16666666666666666,5,5,CGGACGCAGCTGATTCAGGT,0,4180830
yadE_predicted,0.16666666666666666,5,5,CGGACATGGAGGTGTCAGGC,0,4225272
yadE_predicted,0.16666666666666666,5,5,CGGAAGGCTAGGGATCTCGT,0,4218460
yadE_predicted,0.16666666666666666,5,5,CGCTTTTGCTCTTCGGAGGA,0,4209519
yadE_predicted,0.16666666666666666,5,5,CGCTCTGAGAAACGCTTTCT,0,4189196
yadE_predicted,0.16666666666666666,5,5,CGCTAGACTGAGAGAGCTAG,0,4209960
yadE_predicted,0.16666666666666666,5,5,CGCGTGACTGCAATGTCCCA,0,4209936
yadE_predicted,0.16666666666666666,5,5,CGCGTATGTAACCTTTGGCA,0,4190393
yadE_predicted,0.16666666666666666,5,5,CGCGGTGGACGGGTGCTTCA,0,4167521
yadE_predicted,0.16666666666666666,5,5,CGCGGGTGTTAGACGAAGCA,0,4169938
yadE_predicted,0.16666666666666666,5,5,CGCGCTTTGGAGTTAGTCAC,0,4172338
yadE_predicted,0.16666666666666666,5,5,CGCGCTCGAAATGCGCAGGA,0,4193344
yadE_predicted,0.16666666666666666,5,5,CGCCTCCTGGGGCGTGATTT,0,4186274
yadE_predicted,0.16666666666666666,5,5,CGCCGCCTAGTGTGCGTGAC,0,4207399
yadE_predicted,0.16666666666666666,5,5,CGCCGAGTATGCGACAGGAC,0,4178938
yadE_predicted,0.16666666666666666,5,5,CGCCCGGTGGCGTGTTTGGT,0,4164467
yadE_predicted,0.16666666666666666,5,5,CGCCCCAGTTCAAGCAGGAA,0,4232087
yadE_predicted,0.16666666666666666,5,5,CGCCCATCTCACGAGCATTC,0,4187959
yadE_predicted,0.16666666666666666,5,5,CGCCACATTTTGGCTGTTTT,0,4215783
yadE_predicted,0.16666666666666666,5,5,CGCCAACTCAAGGTTTTTTT,0,4205957
yadE_predicted,0.16666666666666666,5,5,CGCAGTTGCCTACTTCCTTA,0,4164251
yadE_predicted,0.16666666666666666,5,5,CGCAGAGCAAGTCAATCCCC,0,4175350
yadE_predicted,0.16666666666666666,5,5,CGCAGAAGACCGTTAGGCGT,0,4193057
yadE_predicted,0.16666666666666666,5,5,CGCACGTCTGGAAAGTCAGT,0,4227105
yadE_predicted,0.16666666666666666,5,5,CGCACCGGCTGACGTCCCCC,0,4190430
yadE_predicted,0.16666666666666666,5,5,CGCAAGTCTCGTGATACCAG,0,4195361
yadE_predicted,0.16666666666666666,5,5,CGATTGTTATCCGACAGGAT,0,4169304
yadE_predicted,0.16666666666666666,5,5,CGATTATAGAGCAACTATTG,0,4206264
yadE_predicted,0.16666666666666666,5,5,CGATGATCTTATCGGGTTCA,0,4237043
yadE_predicted,0.16666666666666666,5,5,CGATAGTTAATACAAACGCA,0,4185781
yadE_predicted,0.16666666666666666,5,5,CGATAGGAGTTTGAGAATTT,0,4180713
yadE_predicted,0.16666666666666666,5,5,CGAGTGGGGGACGGGTAGGC,0,4214200
yadE_predicted,0.16666666666666666,5,5,CGAGGTCTTAGCGGTTCGCT,0,4187454
yadE_predicted,0.16666666666666666,5,5,CGAGGCCTATTATATAATAA,0,4210023
yadE_predicted,0.16666666666666666,5,5,CGAGCTACCTGAGTACATTA,0,4190573
yadE_predicted,0.16666666666666666,5,5,CGAGATAGGATATAGCAACT,0,4222934
yadE_predicted,0.16666666666666666,5,5,CGAGAGAGTGGGGCACCGTG,0,4197710
yadE_predicted,0.16666666666666666,5,5,CGAGAATCGCTGTGGTCGTT,0,4165686
yadE_predicted,0.16666666666666666,5,5,CGACTTCTGACTTACCTTAT,0,4233935
yadE_predicted,0.16666666666666666,5,5,CGACGGCTAAGAAAGACGTA,0,4194367
yadE_predicted,0.16666666666666666,5,5,CGACGAGTTCTCACACTTAG,0,4207209
yadE_predicted,0.16666666666666666,5,5,CGACAGGAGCCTGGCTTTGA,0,4194429
yadE_predicted,0.16666666666666666,5,5,CGACACTACAGCCCGGGATC,0,4177108
yadE_predicted,0.16666666666666666,5,5,CGAATAGTTACATCTGATGG,0,4223954
yadE_predicted,0.16666666666666666,5,5,CGAATAGGTTCTAAAGCTCT,0,4200231
yadE_predicted,0.16666666666666666,5,5,CGAAGTGATCCAACACGCAT,0,4203112
yadE_predicted,0.16666666666666666,5,5,CGAAGTAACAATTTATGCCC,0,4190314
yadE_predicted,0.16666666666666666,5,5,CCTTTGTGGATGGTGAGAAC,0,4200226
yadE_predicted,0.16666666666666666,5,5,CCTTTAGTGGGCATCGCGCG,0,4163282
yadE_predicted,0.16666666666666666,5,5,CCTTGCGGACAACTAAAGAG,0,4180320
yadE_predicted,0.16666666666666666,5,5,CCTTGATGGCACGTAGTCAA,0,4199369
yadE_predicted,0.16666666666666666,5,5,CCTTCCCTGATAGGTCGATT,0,4240839
yadE_predicted,0.16666666666666666,5,5,CCTTATTGAGAGCGATAGTG,0,4173930
yadE_predicted,0.16666666666666666,5,5,CCTTAGCCACAGTCGCGACT,0,4210704
yadE_predicted,0.16666666666666666,5,5,CCTTACGGGGTAAGATTAGG,0,4223391
yadE_predicted,0.16666666666666666,5,5,CCTTAATCGTCATCCCTCTG,0,4189844
yadE_predicted,0.16666666666666666,5,5,CCTGTATCTTCTTTTGAATG,0,4191319
yadE_predicted,0.16666666666666666,5,5,CCTGTACCCACCCGGGCTCA,0,4224973
yadE_predicted,0.16666666666666666,5,5,CCTGGTGCTGCCTCTGTGTC,0,4171954
yadE_predicted,0.16666666666666666,5,5,CCTGGCGCTATCGATAGACC,0,4185027
yadE_predicted,0.16666666666666666,5,5,CCTGACCGTCATTGGCACAC,0,4230720
yadE_predicted,0.16666666666666666,5,5,CCTCTGCGAAGAGGAACTCC,0,4172221
yadE_predicted,0.16666666666666666,5,5,CCTCGGGGATCCAGGCCAGC,0,4240315
yadE_predicted,0.16666666666666666,5,5,CCTCAGTTGGTTGCTGGGAC,0,4179991
yadE_predicted,0.16666666666666666,5,5,CCTATGATCTCTAGTGGTGC,0,4185540
yadE_predicted,0.16666666666666666,5,5,CCTATGAGCCGTATCCGTCA,0,4177912
yadE_predicted,0.16666666666666666,5,5,CCTACAGCTGCGTAGCGCGT,0,4205025
yadE_predicted,0.16666666666666666,5,5,CCTAAGTTACCTCGGGCTTC,0,4202809
yadE_predicted,0.16666666666666666,5,5,CCGTTTACGTAGTGCAATCG,0,4182742
yadE_predicted,0.16666666666666666,5,5,CCGTTATGAGAGGACACTCA,0,4200969
yadE_predicted,0.16666666666666666,5,5,CCGTCTTTATAAAAATCGCC,0,4207215
yadE_predicted,0.16666666666666666,5,5,CCGGTTACCGCTCGGCTTGG,0,4213486
yadE_predicted,0.16666666666666666,5,5,CCGGTGTATTAGTAGATCAA,0,4199027
yadE_predicted,0.16666666666666666,5,5,CCGGGAGCATGGTCGGGTCC,0,4217245
yadE_predicted,0.16666666666666666,5,5,CCGGCGAAGTCCCCTATGCA,0,4167811
yadE_predicted,0.16666666666666666,5,5,CCGGCCTCCGCTTTAATGCA,0,4161485
yadE_predicted,0.16666666666666666,5,5,CCGGATATCGAATGTATGGA,0,4207069
yadE_predicted,0.16666666666666666,5,5,CCGGAGCGAAGCCGCACATC,0,4175125
yadE_predicted,0.16666666666666666,5,5,CCGGAGATGTCGCACGTCGC,0,4197221
yadE_predicted,0.16666666666666666,5,5,CCGCGCCGTTCTATCCGCGT,0,4181443
yadE_predicted,0.16666666666666666,5,5,CCGCAATCACAGTTGCATCC,0,4237273
yadE_predicted,0.16666666666666666,5,5,CCGCAAAGTCTAGGAGCGCA,0,4209127
yadE_predicted,0.16666666666666666,5,5,CCGATTTGGTGCGGATCGTG,0,4160592
yadE_predicted,0.16666666666666666,5,5,CCGATTCAGCCTATGGCTAG,0,4184886
yadE_predicted,0.16666666666666666,5,5,CCGATGGAGCGTGCATGGTG,0,4180377
yadE_predicted,0.16666666666666666,5,5,CCGATATCCCCTACAATATT,0,4229458
yadE_predicted,0.16666666666666666,5,5,CCGAGCGAACCCGTGCTATC,0,4219155
yadE_predicted,0.16666666666666666,5,5,CCGAGAAAGTGATCTTTGTA,0,4210287
yadE_predicted,0.16666666666666666,5,5,CCGAACCCCGCGCTGGATGG,0,4205891
yadE_predicted,0.16666666666666666,5,5,CCCTACTAATTGCACTATGA,0,4210717
yadE_predicted,0.16666666666666666,5,5,CCCGTCGAAGTATTTCTCGA,0,4233113
yadE_predicted,0.16666666666666666,5,5,CCCGGGTTGGTGAAGGACCC,0,4232336
yadE_predicted,0.16666666666666666,5,5,CCCGGCACCGTACGACAGGC,0,4176563
yadE_predicted,0.16666666666666666,5,5,CCCGCGGAGAAGAGGGTCTG,0,4201581
yadE_predicted,0.16666666666666666,5,5,CCCGCATTCTGTATGCTTCC,0,4168724
yadE_predicted,0.16666666666666666,5,5,CCCGAGGGTGCGTCATAACT,0,4197966
yadE_predicted,0.16666666666666666,5,5,CCCCTTGAAGTTGTTGGGCT,0,4183596
yadE_predicted,0.16666666666666666,5,5,CCCATTCGTCGGAGTGACAC,0,4237836
yadE_predicted,0.16666666666666666,5,5,CCCATATCGCAGGATTCGCT,0,4191391
yadE_predicted,0.16666666666666666,5,5,CCCAGGTCCAATTTTACAAC,0,4210191
yadE_predicted,0.16666666666666666,5,5,CCCAGGCTGTCCCGTTCTGT,0,4195780
yadE_predicted,0.16666666666666666,5,5,CCCAGGAGCGTAATGTGAAC,0,4197811
yadE_predicted,0.16666666666666666,5,5,CCCAGCGCCCCGGTAGCTAT,0,4194105
yadE_predicted,0.16666666666666666,5,5,CCCAGCAGTCTTTGGTGTCT,0,4193357
yadE_predicted,0.16666666666666666,5,5,CCCACGGGAGCTCATACCCG,0,4210116
yadE_predicted,0.16666666666666666,5,5,CCCACACTGGGCGCCCGAGA,0,4183072
yadE_predicted,0.16666666666666666,5,5,CCCAATGCTTGGTCCACTCC,0,4180954
yadE_predicted,0.16666666666666666,5,5,CCATTTCCGTAAAGTCGCTC,0,4213963
yadE_predicted,0.16666666666666666,5,5,CCATTTACTCCACCAAGCTA,0,4165779
yadE_predicted,0.16666666666666666,5,5,CCATTACTTAAAGCCGGTGT,0,4163285
yadE_predicted,0.16666666666666666,5,5,CCATCTGTCCAGTGAAGGTC,0,4202849
yadE_predicted,0.16666666666666666,5,5,CCATCGTGTCCATAAGTGGC,0,4172824
yadE_predicted,0.16666666666666666,5,5,CCATAGAGGTGTACTCCCAA,0,4223537
yadE_predicted,0.16666666666666666,5,5,CCATACTTGCTCAAGCGGTG,0,4167248
yadE_predicted,0.16666666666666666,5,5,CCAGGCCGACCGGGGCGCAA,0,4205979
yadE_predicted,0.16666666666666666,5,5,CCAGCTGTTCATGGGCTCAT,0,4178416
yadE_predicted,0.16666666666666666,5,5,CCAGCTAAGTCCTAGAGATA,0,4178814
yadE_predicted,0.16666666666666666,5,5,CCAGCGTGAAGCTCAAGTGG,0,4199807
yadE_predicted,0.16666666666666666,5,5,CCAGACTCTAGACACCTCGT,0,4176158
yadE_predicted,0.16666666666666666,5,5,CCACTTATAGTGCCCTGAAC,0,4233344
yadE_predicted,0.16666666666666666,5,5,CCACTCTGAACACTCGAGAG,0,4167764
yadE_predicted,0.16666666666666666,5,5,CCACCTGCGACACCTGGAAT,0,4210426
yadE_predicted,0.16666666666666666,5,5,CCACCTAATGGCTTTTTGAT,0,4207528
yadE_predicted,0.16666666666666666,5,5,CCACCTAAATGATCCGCAGT,0,4234786
yadE_predicted,0.16666666666666666,5,5,CCACCATAGTGGTAAGTACC,0,4222084
yadE_predicted,0.16666666666666666,5,5,CCACCACAGACTATTAGGAA,0,4211724
yadE_predicted,0.16666666666666666,5,5,CCACATATGAAACACCAATG,0,4197875
yadE_predicted,0.16666666666666666,5,5,CCACAGCGTTATCGTATAGC,0,4203227
yadE_predicted,0.16666666666666666,5,5,CCAATGCAGTGTTATATACA,0,4184298
yadE_predicted,0.16666666666666666,5,5,CCAAGGTTAAAATGTCGCAT,0,4214625
yadE_predicted,0.16666666666666666,5,5,CCAAGGTAACGGACAGCGCA,0,4206196
yadE_predicted,0.16666666666666666,5,5,CCAAGGCGTACGGTGTCCCC,0,4229941
yadE_predicted,0.16666666666666666,5,5,CCAAGATTGGGGCCATTAAA,0,4229009
yadE_predicted,0.16666666666666666,5,5,CCAAGAAAGTAATGCGTCAC,0,4238158
yadE_predicted,0.16666666666666666,5,5,CCAAAATGTAGAGACCCGGA,0,4224320
yadE_predicted,0.16666666666666666,5,5,CATTCGCTAGCTTGTAAAGC,0,4161612
yadE_predicted,0.16666666666666666,5,5,CATTCATCCGGGGGTAGGAC,0,4172508
yadE_predicted,0.16666666666666666,5,5,CATGTAAGGAATATACGCAT,0,4232348
yadE_predicted,0.16666666666666666,5,5,CATGGCGTTGTCCGGAGGAG,0,4238941
yadE_predicted,0.16666666666666666,5,5,CATGGACGGCTCGACTCACG,0,4181897
yadE_predicted,0.16666666666666666,5,5,CATGCAGGGGTTAAGCTTCG,0,4225483
yadE_predicted,0.16666666666666666,5,5,CATCTAAGGATACGGGTCCT,0,4225512
yadE_predicted,0.16666666666666666,5,5,CATCGGCGTGTGCTCAATTA,0,4230916
yadE_predicted,0.16666666666666666,5,5,CATCCCTTGGACTTTAAATT,0,4193165
yadE_predicted,0.16666666666666666,5,5,CATCAGTCAAGGCGGGCCAA,0,4195517
yadE_predicted,0.16666666666666666,5,5,CATCAATGCCCGATCCTCTG,0,4207218
yadE_predicted,0.16666666666666666,5,5,CATCAAGACGTAACCTACGC,0,4228187
yadE_predicted,0.16666666666666666,5,5,CATACTGGAGCGCCTTCAGG,0,4163811
yadE_predicted,0.16666666666666666,5,5,CATACCCAATCGCGACCCAT,0,4238870
yadE_predicted,0.16666666666666666,5,5,CATACATCGAAGACGCAAGC,0,4203278
yadE_predicted,0.16666666666666666,5,5,CAGTTGAGGTTCAAGGAATC,0,4202018
yadE_predicted,0.16666666666666666,5,5,CAGTGCTTAGTAGCGAGTAG,0,4164128
yadE_predicted,0.16666666666666666,5,5,CAGTGCTCCCGTACTTGTTG,0,4169150
yadE_predicted,0.16666666666666666,5,5,CAGTGCCTTACGTTGGATGA,0,4171119
yadE_predicted,0.16666666666666666,5,5,CAGTCTCGGGACGCTAAGAT,0,4213091
yadE_predicted,0.16666666666666666,5,5,CAGTCACATGTGTACGAACA,0,4208336
yadE_predicted,0.16666666666666666,5,5,CAGGTTCCAACGGCGAGTAC,0,4191340
yadE_predicted,0.16666666666666666,5,5,CAGGGGGCAGGCGTTATGGC,0,4197964
yadE_predicted,0.16666666666666666,5,5,CAGGGAGCGGTAGGCTAGGA,0,4201080
yadE_predicted,0.16666666666666666,5,5,CAGGCTAGAGTAAATCGACA,0,4196925
yadE_predicted,0.16666666666666666,5,5,CAGGCAAATGTCCGGAGATT,0,4204233
yadE_predicted,0.16666666666666666,5,5,CAGGATGCCCAAGGGGCTAG,0,4229150
yadE_predicted,0.16666666666666666,5,5,CAGGATCTTGTATGTCTGTA,0,4240459
yadE_predicted,0.16666666666666666,5,5,CAGGATCAGAAGCCACATTA,0,4234007
yadE_predicted,0.16666666666666666,5,5,CAGGATAGATGGTAGGGTGA,0,4206092
yadE_predicted,0.16666666666666666,5,5,CAGGAGGTTAGTCTGTTTAT,0,4225139
yadE_predicted,0.16666666666666666,5,5,CAGCTTCCGAAGAGTGCTTA,0,4212343
yadE_predicted,0.16666666666666666,5,5,CAGCTAAGTAGGACTCAACT,0,4167234
yadE_predicted,0.16666666666666666,5,5,CAGCCGTTAGCCAGATGGAT,0,4220890
yadE_predicted,0.16666666666666666,5,5,CAGCCCCTCGATAAGACGAC,0,4241120
yadE_predicted,0.16666666666666666,5,5,CAGCATATTAAGTTTAATCT,0,4165068
yadE_predicted,0.16666666666666666,5,5,CAGATTTCCTTCGTTCTTGG,0,4162249
yadE_predicted,0.16666666666666666,5,5,CAGATTGTGCCCGATCACAC,0,4223358
yadE_predicted,0.16666666666666666,5,5,CAGATGTGTACGTGGTCTTC,0,4190450
yadE_predicted,0.16666666666666666,5,5,CAGATGAACGAGACACCATG,0,4204175
yadE_predicted,0.16666666666666666,5,5,CAGAGTTTAATACATGCCTT,0,4207315
yadE_predicted,0.16666666666666666,5,5,CAGAACTTTTGTGCCCTCAC,0,4227557
yadE_predicted,0.16666666666666666,5,5,CAGAACTAAGTAGCAGCTCC,0,4232268
yadE_predicted,0.16666666666666666,5,5,CAGAACCGTGCCCATCAATT,0,4190922
yadE_predicted,0.16666666666666666,5,5,CACTTATTTCTTTGCGGCGT,0,4210891
yadE_predicted,0.16666666666666666,5,5,CACTTATGGTCTCTGATCTG,0,4164566
yadE_predicted,0.16666666666666666,5,5,CACTGCGTGGACCGTAGTGA,0,4170923
yadE_predicted,0.16666666666666666,5,5,CACTCGGGAAGTGGGTCGCT,0,4203020
yadE_predicted,0.16666666666666666,5,5,CACTCATTCGAAGGGCTCTT,0,4181190
yadE_predicted,0.16666666666666666,5,5,CACGTGAACGAGCGGTATAT,0,4171516
yadE_predicted,0.16666666666666666,5,5,CACGTCGAATACGAATCTCA,0,4205236
yadE_predicted,0.16666666666666666,5,5,CACGGGCGGGATCGTATACT,0,4178207
yadE_predicted,0.16666666666666666,5,5,CACGCACGTGGGGCAAGTCA,0,4209751
yadE_predicted,0.16666666666666666,5,5,CACGACATAAGGGACCAGTG,0,4167765
yadE_predicted,0.16666666666666666,5,5,CACGAAGCTATCGGCAGATA,0,4239122
yadE_predicted,0.16666666666666666,5,5,CACCTAGCTGCTATAGGGTG,0,4207180
yadE_predicted,0.16666666666666666,5,5,CACCTAATCGGCATCAAAGT,0,4182809
yadE_predicted,0.16666666666666666,5,5,CACCGGAGCCGGTTTTCATC,0,4219891
yadE_predicted,0.16666666666666666,5,5,CACCGCCTCCCGGCACCTGT,0,4223536
yadE_predicted,0.16666666666666666,5,5,CACCGCATACCTGTACGCAA,0,4160424
yadE_predicted,0.16666666666666666,5,5,CACCCTGAGTCGTAATCTCG,0,4226252
yadE_predicted,0.16666666666666666,5,5,CACCCTAAGGAATGTAAGGT,0,4221520
yadE_predicted,0.16666666666666666,5,5,CACCCACTCGGGCTAACGAG,0,4184672
yadE_predicted,0.16666666666666666,5,5,CACCCACAATGCATTGCACA,0,4190531
yadE_predicted,0.16666666666666666,5,5,CACCAGCCGCATGTTCTGCA,0,4226549
yadE_predicted,0.16666666666666666,5,5,CACCAGACTACTGCGTTCTT,0,4163377
yadE_predicted,0.16666666666666666,5,5,CACAGACAGCACAATTCACT,0,4185685
yadE_predicted,0.16666666666666666,5,5,CACACCTCAGGGGGGACTGG,0,4172746
yadE_predicted,0.16666666666666666,5,5,CACACAAGGGTCGGGATATA,0,4172353
yadE_predicted,0.16666666666666666,5,5,CACAAGGACTGGTTTAATGG,0,4176184
yadE_predicted,0.16666666666666666,5,5,CACAACAGTTAGTGACTCCG,0,4222151
yadE_predicted,0.16666666666666666,5,5,CAATTACCCAGATGGAATCC,0,4164783
yadE_predicted,0.16666666666666666,5,5,CAATTAATGCGTTAGAAGAT,0,4176675
yadE_predicted,0.16666666666666666,5,5,CAATGTGCCCTGTAACCATT,0,4223146
yadE_predicted,0.16666666666666666,5,5,CAATCTGCTAAGGTCTTTTG,0,4207350
yadE_predicted,0.16666666666666666,5,5,CAAGTGTCGAGATTGGTGAT,0,4205486
yadE_predicted,0.16666666666666666,5,5,CAAGTCCTGGGCCTTAGAAG,0,4168633
yadE_predicted,0.16666666666666666,5,5,CAAGGTATATCCTGCGACTT,0,4163055
yadE_predicted,0.16666666666666666,5,5,CAAGGAGCCTGAAAACACTT,0,4174078
yadE_predicted,0.16666666666666666,5,5,CAAGCGTGGTCACGCTTTGG,0,4233611
yadE_predicted,0.16666666666666666,5,5,CAAGACTGCATCGGCTTTTG,0,4183578
yadE_predicted,0.16666666666666666,5,5,CAAGACACTTCTCATTGCGA,0,4191210
yadE_predicted,0.16666666666666666,5,5,CAAGAACGTAAGTGAAGAAG,0,4172181
yadE_predicted,0.16666666666666666,5,5,CAACTGTGGGCCGTATACGA,0,4207267
yadE_predicted,0.16666666666666666,5,5,CAACGGAAAAATCGTCGAGA,0,4215154
yadE_predicted,0.16666666666666666,5,5,CAACCGGGGAAACGCGGCCA,0,4195852
yadE_predicted,0.16666666666666666,5,5,CAACATATCATTGATACAAG,0,4221638
yadE_predicted,0.16666666666666666,5,5,CAACACATGCGTGGGGGTCC,0,4182232
yadE_predicted,0.16666666666666666,5,5,CAAAATACGTTTTCCCTTAT,0,4231710
yadE_predicted,0.16666666666666666,5,5,CAAAAGTTAGGGGTGCGGGA,0,4220288
yadE_predicted,0.16666666666666666,5,5,ATTTTTCACGGATGTGGAGA,0,4173560
yadE_predicted,0.16666666666666666,5,5,ATTTGATAATATTATATTAA,0,4237627
yadE_predicted,0.16666666666666666,5,5,ATTTCGTTCCCGGCCGTGTA,0,4224891
yadE_predicted,0.16666666666666666,5,5,ATTTCGTATAAGGCCGGGCT,0,4190130
yadE_predicted,0.16666666666666666,5,5,ATTTCAGAGGAGCCTAGATG,0,4230019
yadE_predicted,0.16666666666666666,5,5,ATTTAGTGGCCCCTCTACAA,0,4230592
yadE_predicted,0.16666666666666666,5,5,ATTGTAAGGTGGGGACCAAG,0,4166155
yadE_predicted,0.16666666666666666,5,5,ATTGCTACTAGCATGGCTCG,0,4180088
yadE_predicted,0.16666666666666666,5,5,ATTGCGGGCTTCAGCGTATA,0,4226687
yadE_predicted,0.16666666666666666,5,5,ATTGCGACAGGAGCCGCTCG,0,4173841
yadE_predicted,0.16666666666666666,5,5,ATTGAAGCGCTAATCATACC,0,4226864
yadE_predicted,0.16666666666666666,5,5,ATTCCTTCATGAGATGCACA,0,4202019
yadE_predicted,0.16666666666666666,5,5,ATTCAAATATGGTGTACAGT,0,4205699
yadE_predicted,0.16666666666666666,5,5,ATTATTTATCCGGCTTGGTG,0,4213458
yadE_predicted,0.16666666666666666,5,5,ATTATTCCTCCAAGTCGTCG,0,4205048
yadE_predicted,0.16666666666666666,5,5,ATTATCCGGATTCCCAGGGT,0,4208643
yadE_predicted,0.16666666666666666,5,5,ATTATAAACGCGGTAGGTCT,0,4164308
yadE_predicted,0.16666666666666666,5,5,ATTATAAAATGTGTGTAACA,0,4190142
yadE_predicted,0.16666666666666666,5,5,ATTAGGGCTCTTACTTTCTG,0,4192626
yadE_predicted,0.16666666666666666,5,5,ATTACTAATGCGTCCCAGCA,0,4183433
yadE_predicted,0.16666666666666666,5,5,ATTAAAGGCCCCGATGATTG,0,4206614
yadE_predicted,0.16666666666666666,5,5,ATGTTTCTAAATACTGGCAT,0,4182145
yadE_predicted,0.16666666666666666,5,5,ATGTTTCGAGCGGTACGTTG,0,4214251
yadE_predicted,0.16666666666666666,5,5,ATGTTGTACGGAACGAGATA,0,4239307
yadE_predicted,0.16666666666666666,5,5,ATGTGTGTGTCACGCTCTAG,0,4208722
yadE_predicted,0.16666666666666666,5,5,ATGTGTGGTGTAGAGAGGAC,0,4215140
yadE_predicted,0.16666666666666666,5,5,ATGTGAACAATGGGATCTTC,0,4167866
yadE_predicted,0.16666666666666666,5,5,ATGTCCACGTCACGCGCACA,0,4219947
yadE_predicted,0.16666666666666666,5,5,ATGGTATGTTCGGTAACTGC,0,4202333
yadE_predicted,0.16666666666666666,5,5,ATGGTAATCTAGCTTGCCTG,0,4211679
yadE_predicted,0.16666666666666666,5,5,ATGGGGTGGTAGCGGCTATG,0,4161039
yadE_predicted,0.16666666666666666,5,5,ATGGGAATCACGCGTACTAA,0,4181539
yadE_predicted,0.16666666666666666,5,5,ATGGCGGTTATGTGCCGTGT,0,4206974
yadE_predicted,0.16666666666666666,5,5,ATGGCATACGTATTAATGGG,0,4174809
yadE_predicted,0.16666666666666666,5,5,ATGGAGCGCTCCTCCTCCAG,0,4211234
yadE_predicted,0.16666666666666666,5,5,ATGGACCCCTCTTCAAGACA,0,4212601
yadE_predicted,0.16666666666666666,5,5,ATGCTTTAATTATACCGCCT,0,4188264
yadE_predicted,0.16666666666666666,5,5,ATGCTATTTAGCTATGTGGT,0,4223694
yadE_predicted,0.16666666666666666,5,5,ATGCCTCTGTAGTGATAAGA,0,4179916
yadE_predicted,0.16666666666666666,5,5,ATGCATTCATTGGCAAAGAA,0,4161856
yadE_predicted,0.16666666666666666,5,5,ATGCAAATGCGATGAATACT,0,4184963
yadE_predicted,0.16666666666666666,5,5,ATGATCACCGTGGGGCAGCT,0,4197232
yadE_predicted,0.16666666666666666,5,5,ATGATATTCCGGATAGACTA,0,4229654
yadE_predicted,0.16666666666666666,5,5,ATGATATAACATATAATGTA,0,4172078
yadE_predicted,0.16666666666666666,5,5,ATGAGCTCTCATATTCGGGT,0,4239539
yadE_predicted,0.16666666666666666,5,5,ATGAGAGAGCGCAAACTTAT,0,4224422
yadE_predicted,0.16666666666666666,5,5,ATGAATACACTTAGCATCTA,0,4190997
yadE_predicted,0.16666666666666666,5,5,ATGAAGGACTTGCACTTTGC,0,4221499
yadE_predicted,0.16666666666666666,5,5,ATCTTGGGGTGCGAGTAAGT,0,4200958
yadE_predicted,0.16666666666666666,5,5,ATCTTCTACCTGTATCAGCA,0,4175954
yadE_predicted,0.16666666666666666,5,5,ATCTGTGGGTGTAACTGCTA,0,4164465
yadE_predicted,0.16666666666666666,5,5,ATCTCATAACACCTTTCTAC,0,4203194
yadE_predicted,0.16666666666666666,5,5,ATCTCACGCGGAAGTTTTCC,0,4223118
yadE_predicted,0.16666666666666666,5,5,ATCTAGCTACAATAAGCCAG,0,4224057
yadE_predicted,0.16666666666666666,5,5,ATCGTTCCTCTTCCACGGGA,0,4227670
yadE_predicted,0.16666666666666666,5,5,ATCGGGGACCGTTGAATGGG,0,4179881
yadE_predicted,0.16666666666666666,5,5,ATCGGAAAAATTCCAGTACG,0,4232887
yadE_predicted,0.16666666666666666,5,5,ATCGCCTAGTAAACTGGGAC,0,4174816
yadE_predicted,0.16666666666666666,5,5,ATCGCCTAAGTAGTGTTTTA,0,4228683
yadE_predicted,0.16666666666666666,5,5,ATCGATACCCGGTCACGTGG,0,4203997
yadE_predicted,0.16666666666666666,5,5,ATCCGCTAGGAATCCGGGAG,0,4164564
yadE_predicted,0.16666666666666666,5,5,ATCCGCAGTACTAGGGACCC,0,4189548
yadE_predicted,0.16666666666666666,5,5,ATCCGATTATGACTTATTGC,0,4162474
yadE_predicted,0.16666666666666666,5,5,ATCCCTATGGGCGGTTAGAT,0,4190830
yadE_predicted,0.16666666666666666,5,5,ATCATGTACTAGGAAAGCGG,0,4196626
yadE_predicted,0.16666666666666666,5,5,ATCATCTCCCGATTCGGCAT,0,4206383
yadE_predicted,0.16666666666666666,5,5,ATCAGGCTTGCCGAGAGGGC,0,4178023
yadE_predicted,0.16666666666666666,5,5,ATCACATCACGAGAAAGTGG,0,4199535
yadE_predicted,0.16666666666666666,5,5,ATATTTCCACTCAGTAGTTG,0,4175315
yadE_predicted,0.16666666666666666,5,5,ATATTGGCATACTGTTGCTC,0,4227122
yadE_predicted,0.16666666666666666,5,5,ATATTATGCCCATGACTGAC,0,4234381
yadE_predicted,0.16666666666666666,5,5,ATATTAGCTTTTCCTCACAT,0,4181538
yadE_predicted,0.16666666666666666,5,5,ATATTACATAAAATCAGACG,0,4190804
yadE_predicted,0.16666666666666666,5,5,ATATGTGCTTCTTAACGCGC,0,4163814
yadE_predicted,0.16666666666666666,5,5,ATATGGCGCTATCAAGCTTG,0,4176156
yadE_predicted,0.16666666666666666,5,5,ATATGAATCTAAGATCCCGA,0,4216386
yadE_predicted,0.16666666666666666,5,5,ATATCGCGTTCGGCCTCGTT,0,4215295
yadE_predicted,0.16666666666666666,5,5,ATATCCGAGTTTTTCAAGCC,0,4185697
yadE_predicted,0.16666666666666666,5,5,ATATAGATAAGATAACAATC,0,4163521
yadE_predicted,0.16666666666666666,5,5,ATATACGGATCCGGTATTGT,0,4206121
yadE_predicted,0.16666666666666666,5,5,ATAGGTTCTACCCCGAAGTC,0,4189005
yadE_predicted,0.16666666666666666,5,5,ATAGGTTACACACGTGATGA,0,4200885
yadE_predicted,0.16666666666666666,5,5,ATAGGATGACGACTCCCCGC,0,4168949
yadE_predicted,0.16666666666666666,5,5,ATAGCTAGCGAGGGCACAGG,0,4188900
yadE_predicted,0.16666666666666666,5,5,ATAGCCGAACGTCTAGCCGC,0,4240918
yadE_predicted,0.16666666666666666,5,5,ATAGATGGGTCCTGTATACA,0,4182312
yadE_predicted,0.16666666666666666,5,5,ATACTTGATTTTGTGTTTTT,0,4227029
yadE_predicted,0.16666666666666666,5,5,ATACTTCGCCCGGCGCCCTA,0,4222978
yadE_predicted,0.16666666666666666,5,5,ATACACATTCACGTGGGTTA,0,4169274
yadE_predicted,0.16666666666666666,5,5,ATAAGCCTTATGGCCTTCTT,0,4190978
yadE_predicted,0.16666666666666666,5,5,ATAAGCCTATTTCTTGATCA,0,4169509
yadE_predicted,0.16666666666666666,5,5,ATAACAGGGACTAACGGTAT,0,4234506
yadE_predicted,0.16666666666666666,5,5,ATAAAGTAGTCGCGCGACCG,0,4196153
yadE_predicted,0.16666666666666666,5,5,ATAAACCGATGCATTCTTTA,0,4196395
yadE_predicted,0.16666666666666666,5,5,AGTTTTAATGGCATCAGGAT,0,4211221
yadE_predicted,0.16666666666666666,5,5,AGTTTTAAACCATAGCCTTT,0,4229239
yadE_predicted,0.16666666666666666,5,5,AGTTTACGTCTGGTATATTA,0,4186394
yadE_predicted,0.16666666666666666,5,5,AGTTGTCAAGCAATTCTCTA,0,4183737
yadE_predicted,0.16666666666666666,5,5,AGTTGGAGCGGCCCTGAGAG,0,4219093
yadE_predicted,0.16666666666666666,5,5,AGTTGATTGAGCCGGGATAC,0,4234679
yadE_predicted,0.16666666666666666,5,5,AGTTGAGGTGGGAGCTGTCT,0,4186812
yadE_predicted,0.16666666666666666,5,5,AGTGTCGTATTAAGTCTGGA,0,4210931
yadE_predicted,0.16666666666666666,5,5,AGTGGGTAGGCATTCTGTGA,0,4165110
yadE_predicted,0.16666666666666666,5,5,AGTGCTTAAGTGTTAATGTC,0,4231811
yadE_predicted,0.16666666666666666,5,5,AGTGCGAAGAGGTACAGCAT,0,4195258
yadE_predicted,0.16666666666666666,5,5,AGTGCAGGGTGCTAATGTAA,0,4182962
yadE_predicted,0.16666666666666666,5,5,AGTGCAGCCGCCCGGTTCCA,0,4232672
yadE_predicted,0.16666666666666666,5,5,AGTCGATCTCATGTAGCATA,0,4189352
yadE_predicted,0.16666666666666666,5,5,AGTCCCTAGTTCAAAGGTAT,0,4167580
yadE_predicted,0.16666666666666666,5,5,AGTCATTTCACTATTTTTTG,0,4211611
yadE_predicted,0.16666666666666666,5,5,AGTCATTGTGGGCAGTCCGC,0,4194566
yadE_predicted,0.16666666666666666,5,5,AGTCAGAATATTACAAGGGT,0,4208828
yadE_predicted,0.16666666666666666,5,5,AGTATACCCCACCAATTTAG,0,4222542
yadE_predicted,0.16666666666666666,5,5,AGTAGTGCCGACGGAGCGTA,0,4170226
yadE_predicted,0.16666666666666666,5,5,AGTAGGCGCGCAACTTTATT,0,4181180
yadE_predicted,0.16666666666666666,5,5,AGTACTCCGTTATCTAAATT,0,4179293
yadE_predicted,0.16666666666666666,5,5,AGTACAAGCCGTGCGATATA,0,4230997
yadE_predicted,0.16666666666666666,5,5,AGTAAACTAATGAATAAATA,0,4222591
yadE_predicted,0.16666666666666666,5,5,AGGTTGATCCGCGATACCAG,0,4226605
yadE_predicted,0.16666666666666666,5,5,AGGTTAGCGCGGTAAGTAGG,0,4203151
yadE_predicted,0.16666666666666666,5,5,AGGTCATTACTGGAACGACC,0,4207556
yadE_predicted,0.16666666666666666,5,5,AGGTCATCCTTTTGACAATG,0,4202814
yadE_predicted,0.16666666666666666,5,5,AGGTCAAGCGCTGCGGGCAG,0,4218578
yadE_predicted,0.16666666666666666,5,5,AGGTAGTCCGCACCTTTCAT,0,4196612
yadE_predicted,0.16666666666666666,5,5,AGGTACAGAATCCTACGGGG,0,4192202
yadE_predicted,0.16666666666666666,5,5,AGGTACAAAAAGTATACACG,0,4239821
yadE_predicted,0.16666666666666666,5,5,AGGGTTGTATCACAGGTCCC,0,4184310
yadE_predicted,0.16666666666666666,5,5,AGGGGCATGCACTGGGACGG,0,4223054
yadE_predicted,0.16666666666666666,5,5,AGGGCGCGTTTGCCCTCGAA,0,4220169
yadE_predicted,0.16666666666666666,5,5,AGGGAAGACCGTCGTCACTC,0,4233912
yadE_predicted,0.16666666666666666,5,5,AGGCTTCCTTGTTCATAACA,0,4189689
yadE_predicted,0.16666666666666666,5,5,AGGCTGGATAGGTCCTGTCT,0,4160759
yadE_predicted,0.16666666666666666,5,5,AGGCTGACTATCGAGAATGA,0,4167153
yadE_predicted,0.16666666666666666,5,5,AGGCTCATCTGGTTAAACAA,0,4230843
yadE_predicted,0.16666666666666666,5,5,AGGCGCTTGTAACTCCGCAG,0,4228109
yadE_predicted,0.16666666666666666,5,5,AGGCGCTGCTAATAATCCAT,0,4200166
yadE_predicted,0.16666666666666666,5,5,AGGCGAGCAGTCTGGTACCC,0,4235405
yadE_predicted,0.16666666666666666,5,5,AGGCATGTGAAGCTTTACTC,0,4164906
yadE_predicted,0.16666666666666666,5,5,AGGCACCCGACGATCTCTCC,0,4160026
yadE_predicted,0.16666666666666666,5,5,AGGCAAACGTTTCTTGTACG,0,4215785
yadE_predicted,0.16666666666666666,5,5,AGGATCTAGACATACGACTT,0,4232514
yadE_predicted,0.16666666666666666,5,5,AGGATCCGCAGTCCCCCTAG,0,4219450
yadE_predicted,0.16666666666666666,5,5,AGGAGCGGAAGTAAGGAGTG,0,4205095
yadE_predicted,0.16666666666666666,5,5,AGGAGCCTCTTAAATGTCTT,0,4222391
yadE_predicted,0.16666666666666666,5,5,AGGAGATACAAGTCTTAGGA,0,4237676
yadE_predicted,0.16666666666666666,5,5,AGGACGTCTGCGAGACTACG,0,4193430
yadE_predicted,0.16666666666666666,5,5,AGGACGTATGAGATGTATGC,0,4174946
yadE_predicted,0.16666666666666666,5,5,AGGAAGTCCTTTAGCCCTCC,0,4171047
yadE_predicted,0.16666666666666666,5,5,AGGAAGATGAAGCCCACCCG,0,4195638
yadE_predicted,0.16666666666666666,5,5,AGGAACTGATATTTTAGCTG,0,4233441
yadE_predicted,0.16666666666666666,5,5,AGGAAATGGACCGAACCCTT,0,4185872
yadE_predicted,0.16666666666666666,5,5,AGGAAACAGACAGTTCTAGA,0,4199525
yadE_predicted,0.16666666666666666,5,5,AGCTTCACAGGTAAACCTTA,0,4204455
yadE_predicted,0.16666666666666666,5,5,AGCTGTCTCCGTATCGCCGA,0,4159455
yadE_predicted,0.16666666666666666,5,5,AGCTGGGCGGACCATTATGT,0,4206994
yadE_predicted,0.16666666666666666,5,5,AGCTAGTCCTTATCGCAAAG,0,4229207
yadE_predicted,0.16666666666666666,5,5,AGCGTCTGGACTGTGCATAA,0,4233014
yadE_predicted,0.16666666666666666,5,5,AGCGTCGATTTCGCGAAGTT,0,4202266
yadE_predicted,0.16666666666666666,5,5,AGCGTCATTTAGAACCGACA,0,4174779
yadE_predicted,0.16666666666666666,5,5,AGCGGGTCATCCCCTGGCCA,0,4223423
yadE_predicted,0.16666666666666666,5,5,AGCGGCTCTAAAGCTAATCA,0,4237948
yadE_predicted,0.16666666666666666,5,5,AGCGGATCTGGATATTTTCA,0,4231464
yadE_predicted,0.16666666666666666,5,5,AGCGGAGTGCTACTAGCTTC,0,4214060
yadE_predicted,0.16666666666666666,5,5,AGCGCCAATCTCAAATGGGA,0,4201179
yadE_predicted,0.16666666666666666,5,5,AGCGAAATATTTTCCGAAAT,0,4235206
yadE_predicted,0.16666666666666666,5,5,AGCCTTGTGTCCGTACTATC,0,4174346
yadE_predicted,0.16666666666666666,5,5,AGCCTCGCCCCGTTTCGTAA,0,4202138
yadE_predicted,0.16666666666666666,5,5,AGCCGAAATCCGAACAGCCA,0,4228901
yadE_predicted,0.16666666666666666,5,5,AGCCCCGCGACGCATTCGGG,0,4164928
yadE_predicted,0.16666666666666666,5,5,AGCCATGAAATCAAATGCGA,0,4163106
yadE_predicted,0.16666666666666666,5,5,AGCCATAAATGCATTTTTAG,0,4218180
yadE_predicted,0.16666666666666666,5,5,AGCCACTCGACGTAAGCGCT,0,4204693
yadE_predicted,0.16666666666666666,5,5,AGCCACGAGCCTGAAGCCAT,0,4202109
yadE_predicted,0.16666666666666666,5,5,AGCATTACGGCGAAAGGCGC,0,4210771
yadE_predicted,0.16666666666666666,5,5,AGCATAAATCCTCGATTGTT,0,4205363
yadE_predicted,0.16666666666666666,5,5,AGCAGTTCTCGACTTTAGTG,0,4165762
yadE_predicted,0.16666666666666666,5,5,AGCAGGCCCGAGCGAAATCC,0,4198507
yadE_predicted,0.16666666666666666,5,5,AGCAGCAACCGTAATATCCT,0,4232166
yadE_predicted,0.16666666666666666,5,5,AGCAGAGCGCGCGGCGCCAC,0,4190353
yadE_predicted,0.16666666666666666,5,5,AGCAATAGGTGCTCATGTAA,0,4237467
yadE_predicted,0.16666666666666666,5,5,AGCAAGGGTGGGCGAATGGT,0,4231736
yadE_predicted,0.16666666666666666,5,5,AGCAAAGAAAGAACTATTGC,0,4238104
yadE_predicted,0.16666666666666666,5,5,AGATGGCAAAAGGTAGTATA,0,4183590
yadE_predicted,0.16666666666666666,5,5,AGATGAGGTAACGACCCCTT,0,4189043
yadE_predicted,0.16666666666666666,5,5,AGAGTGGCCGTCGGTAACTG,0,4239453
yadE_predicted,0.16666666666666666,5,5,AGAGTGATTTAGATCTCAGA,0,4159458
yadE_predicted,0.16666666666666666,5,5,AGAGTGATCTAAACGGGGTA,0,4166315
yadE_predicted,0.16666666666666666,5,5,AGAGTATTCATGATTCGTAG,0,4223375
yadE_predicted,0.16666666666666666,5,5,AGAGGAACTCTGGCCTCAGA,0,4194799
yadE_predicted,0.16666666666666666,5,5,AGAGCTGAATCATAGTGCGT,0,4174832
yadE_predicted,0.16666666666666666,5,5,AGACTCTTATAGACTCTTGA,0,4198373
yadE_predicted,0.16666666666666666,5,5,AGACGGCGCTGCTATTACAT,0,4185852
yadE_predicted,0.16666666666666666,5,5,AGACGGCCCGCTGTGCGGAA,0,4209942
yadE_predicted,0.16666666666666666,5,5,AGACATGTGTACTCTCGCAG,0,4171128
yadE_predicted,0.16666666666666666,5,5,AGAAGTGTAGGCACGTCAAA,0,4208718
yadE_predicted,0.16666666666666666,5,5,AGAAGGCCGCTTAATGACGA,0,4182904
yadE_predicted,0.16666666666666666,5,5,AGAACGCTTAACTGACGGGA,0,4218794
yadE_predicted,0.16666666666666666,5,5,AGAACGCGCCGGACTATAGA,0,4185393
yadE_predicted,0.16666666666666666,5,5,AGAAAAGATGCAAGGCCCAG,0,4176302
yadE_predicted,0.16666666666666666,5,5,ACTTTATGATCGGCCTCGGT,0,4219896
yadE_predicted,0.16666666666666666,5,5,ACTTGGCCCCCCGCACGAGG,0,4241363
yadE_predicted,0.16666666666666666,5,5,ACTTCCCCTCCGGTCTTAGC,0,4174286
yadE_predicted,0.16666666666666666,5,5,ACTTATAAAGTACGCTGGCA,0,4189111
yadE_predicted,0.16666666666666666,5,5,ACTTAGTGGGGGAAAGGGGA,0,4216154
yadE_predicted,0.16666666666666666,5,5,ACTGTGTTCACAGTCGTATG,0,4216353
yadE_predicted,0.16666666666666666,5,5,ACTGGGCAAATAGGTTCCAA,0,4230908
yadE_predicted,0.16666666666666666,5,5,ACTGGAGATAGTAAACTGAA,0,4179052
yadE_predicted,0.16666666666666666,5,5,ACTGCGCAGTTCGGTCTACT,0,4185631
yadE_predicted,0.16666666666666666,5,5,ACTGCAGTTCTGCCGGCGCC,0,4187140
yadE_predicted,0.16666666666666666,5,5,ACTGCACAAATGGGATCGCG,0,4183062
yadE_predicted,0.16666666666666666,5,5,ACTGCAAACCCGACATTATT,0,4172256
yadE_predicted,0.16666666666666666,5,5,ACTGATTCCTTCTCAATCTA,0,4221253
yadE_predicted,0.16666666666666666,5,5,ACTCTTGATTGGAGCCAGCT,0,4190524
yadE_predicted,0.16666666666666666,5,5,ACTCTGACCGGAACTACGAT,0,4217544
yadE_predicted,0.16666666666666666,5,5,ACTCGGGCTCCCCGACGCAG,0,4215781
yadE_predicted,0.16666666666666666,5,5,ACTCCAGCAGGTCCCTAAAA,0,4182231
yadE_predicted,0.16666666666666666,5,5,ACTCAATGGTAGTTATGCCA,0,4227675
yadE_predicted,0.16666666666666666,5,5,ACTATCGACGAGAAGCGACA,0,4188381
yadE_predicted,0.16666666666666666,5,5,ACTAGCTAATCGAGTATGCA,0,4181543
yadE_predicted,0.16666666666666666,5,5,ACTAGCAAAAGACTCCTATG,0,4169312
yadE_predicted,0.16666666666666666,5,5,ACTAGACGAGAACGAGCGTT,0,4166484
yadE_predicted,0.16666666666666666,5,5,ACTACGTCGGAGCTACGTCG,0,4190793
yadE_predicted,0.16666666666666666,5,5,ACGTGGTGTCTGTGTGGGAT,0,4210853
yadE_predicted,0.16666666666666666,5,5,ACGTCGGACGCCCCAAAACT,0,4163109
yadE_predicted,0.16666666666666666,5,5,ACGTCATCACGTAGCGCCAT,0,4194593
yadE_predicted,0.16666666666666666,5,5,ACGTATGGATGCAAAACATA,0,4239001
yadE_predicted,0.16666666666666666,5,5,ACGTAACTCTACGCTGTTCC,0,4235163
yadE_predicted,0.16666666666666666,5,5,ACGTAAATTCCTCCTCTACT,0,4201093
yadE_predicted,0.16666666666666666,5,5,ACGGTGTTGCGGAACCAGAG,0,4230133
yadE_predicted,0.16666666666666666,5,5,ACGGTCTGGGGAGTGCGGTT,0,4197141
yadE_predicted,0.16666666666666666,5,5,ACGGTACCCGTCCATTCAGA,0,4239890
yadE_predicted,0.16666666666666666,5,5,ACGGGTAAGCCCTTCATTCT,0,4191535
yadE_predicted,0.16666666666666666,5,5,ACGGCCGAGTGCTCTCCAGG,0,4210257
yadE_predicted,0.16666666666666666,5,5,ACGGCATGTATACGCCGGCG,0,4167106
yadE_predicted,0.16666666666666666,5,5,ACGGATCGCCTCGAGCAGCT,0,4234349
yadE_predicted,0.16666666666666666,5,5,ACGGATAATGCGCTTGAAGG,0,4237199
yadE_predicted,0.16666666666666666,5,5,ACGCTCGCATCCCATATTCA,0,4203423
yadE_predicted,0.16666666666666666,5,5,ACGCTCCGGCCAATCGTATG,0,4240573
yadE_predicted,0.16666666666666666,5,5,ACGCTATCGCGCGTTCTAGG,0,4176454
yadE_predicted,0.16666666666666666,5,5,ACGCGGCAGCCTGAGCGAAG,0,4209422
yadE_predicted,0.16666666666666666,5,5,ACGCGCCTCACCCCCACTAC,0,4213095
yadE_predicted,0.16666666666666666,5,5,ACGCGAGTAGTCCAGGTCCT,0,4230820
yadE_predicted,0.16666666666666666,5,5,ACGCGAGGTGCAAAGGGGAT,0,4159886
yadE_predicted,0.16666666666666666,5,5,ACGCCGAAAGTAGAAGAAAC,0,4211283
yadE_predicted,0.16666666666666666,5,5,ACGCATCGCGCGTAGTACAA,0,4220358
yadE_predicted,0.16666666666666666,5,5,ACGCAGCTCCTTCGTTAAGT,0,4238772
yadE_predicted,0.16666666666666666,5,5,ACGCAATGCTAGATAAGATT,0,4202755
yadE_predicted,0.16666666666666666,5,5,ACGAAAACTTCGTATACTGG,0,4190706
yadE_predicted,0.16666666666666666,5,5,ACCTTTTCATGAGCTCAGTT,0,4159450
yadE_predicted,0.16666666666666666,5,5,ACCTTTAAAATGAGGATGAT,0,4198094
yadE_predicted,0.16666666666666666,5,5,ACCTTGGCATGAAGCAAATC,0,4200443
yadE_predicted,0.16666666666666666,5,5,ACCTTGAAGCAGCATTCAGG,0,4201920
yadE_predicted,0.16666666666666666,5,5,ACCTGCAGCGCACGGTTTTC,0,4211469
yadE_predicted,0.16666666666666666,5,5,ACCTGCACTCTGCCAAGCCA,0,4212991
yadE_predicted,0.16666666666666666,5,5,ACCTCTTTACCCTAATCGGC,0,4182477
yadE_predicted,0.16666666666666666,5,5,ACCTCTACTGGAAGGAGCAT,0,4166698
yadE_predicted,0.16666666666666666,5,5,ACCTAGTCTACGATCGTAAA,0,4214569
yadE_predicted,0.16666666666666666,5,5,ACCGTGGTGTAGGCGTCGCA,0,4214467
yadE_predicted,0.16666666666666666,5,5,ACCGGGGAGTATGTTATGCA,0,4231135
yadE_predicted,0.16666666666666666,5,5,ACCGGGATGTACTTCTAAAG,0,4231994
yadE_predicted,0.16666666666666666,5,5,ACCCGATCGGTAGCCCCTCG,0,4192988
yadE_predicted,0.16666666666666666,5,5,ACCCCGGCCCCCTTGGTGGG,0,4178917
yadE_predicted,0.16666666666666666,5,5,ACCATCGGTGGGTGGTTTTC,0,4190534
yadE_predicted,0.16666666666666666,5,5,ACCAGGGCAGAACCCGTATG,0,4236147
yadE_predicted,0.16666666666666666,5,5,ACCAGGCTTTTGCCTTAGGA,0,4183117
yadE_predicted,0.16666666666666666,5,5,ACCAGCGAGGATAATTAGCA,0,4159869
yadE_predicted,0.16666666666666666,5,5,ACCACGTGGATTAGGCATAG,0,4192856
yadE_predicted,0.16666666666666666,5,5,ACATTCGATGAATAACGAAG,0,4225528
yadE_predicted,0.16666666666666666,5,5,ACATTCAGATCACTTCTGGC,0,4180344
yadE_predicted,0.16666666666666666,5,5,ACATGGACATATAGAATACT,0,4201040
yadE_predicted,0.16666666666666666,5,5,ACATAGTGCTGTGTTGGCCT,0,4167390
yadE_predicted,0.16666666666666666,5,5,ACATAGAAGTACAAACCTTT,0,4221433
yadE_predicted,0.16666666666666666,5,5,ACAGTAGCATGTATCTAACA,0,4180985
yadE_predicted,0.16666666666666666,5,5,ACAGGACGCCTATGGAATCA,0,4201787
yadE_predicted,0.16666666666666666,5,5,ACAGGAAAGATACAAAGGAA,0,4187261
yadE_predicted,0.16666666666666666,5,5,ACAGCGCGGGGAGGGATCAG,0,4201462
yadE_predicted,0.16666666666666666,5,5,ACAGCCGAACTTGCTTTTTC,0,4217375
yadE_predicted,0.16666666666666666,5,5,ACAGCACGTAACGTGAGCTA,0,4185423
yadE_predicted,0.16666666666666666,5,5,ACAGAAACCTAGGCGCAGCA,0,4203751
yadE_predicted,0.16666666666666666,5,5,ACACTAAGTCCGTATCAGAG,0,4208180
yadE_predicted,0.16666666666666666,5,5,ACACGACCCGTTATGATTGG,0,4200854
yadE_predicted,0.16666666666666666,5,5,ACACGACCAAGATTATTGCC,0,4220710
yadE_predicted,0.16666666666666666,5,5,ACACCGTCGATATGTGGAAT,0,4196917
yadE_predicted,0.16666666666666666,5,5,ACACCGTCACTACCTCTCAA,0,4221291
yadE_predicted,0.16666666666666666,5,5,ACACCCACGCGCTGGATGGG,0,4238525
yadE_predicted,0.16666666666666666,5,5,ACAATTAGTTTGAGTTCGTA,0,4224050
yadE_predicted,0.16666666666666666,5,5,ACAATAGGGGTTTAATTCGT,0,4171395
yadE_predicted,0.16666666666666666,5,5,ACAAGCACCCCACAGAGTTG,0,4184685
yadE_predicted,0.16666666666666666,5,5,AATTTTTGAATAGTAATAGG,0,4234663
yadE_predicted,0.16666666666666666,5,5,AATTTGGTCTGTGGTCCAGC,0,4184295
yadE_predicted,0.16666666666666666,5,5,AATTGTCCCTACGTGAGGGT,0,4207889
yadE_predicted,0.16666666666666666,5,5,AATTCGACGAGGTACATATT,0,4179679
yadE_predicted,0.16666666666666666,5,5,AATTATTGACACCGATGTGC,0,4217318
yadE_predicted,0.16666666666666666,5,5,AATGTCTCGGAACGGTTAAT,0,4199123
yadE_predicted,0.16666666666666666,5,5,AATGTAGACGAGTCCGTCAA,0,4183443
yadE_predicted,0.16666666666666666,5,5,AATGGACAGGGCCAACGGTA,0,4212311
yadE_predicted,0.16666666666666666,5,5,AATGGACAAAGTAGTTGTCT,0,4200755
yadE_predicted,0.16666666666666666,5,5,AATGCGTGTAGCTTCAAAGC,0,4171090
yadE_predicted,0.16666666666666666,5,5,AATGCCTCGCTTGGGATCTT,0,4229841
yadE_predicted,0.16666666666666666,5,5,AATGCCCACAACACACAAAT,0,4211142
yadE_predicted,0.16666666666666666,5,5,AATGATTCTGCGCACTTTGT,0,4167733
yadE_predicted,0.16666666666666666,5,5,AATGACGGAGCCGGTACATT,0,4221497
yadE_predicted,0.16666666666666666,5,5,AATGACCGGTTAGGTTCGTA,0,4184474
yadE_predicted,0.16666666666666666,5,5,AATGACCAACACTCGATCAC,0,4223331
yadE_predicted,0.16666666666666666,5,5,AATGAATTATTTATGAACAA,0,4191861
yadE_predicted,0.16666666666666666,5,5,AATCGTTACTGCGCTCAGGG,0,4169557
yadE_predicted,0.16666666666666666,5,5,AATCGGATCATGGTGCATCC,0,4179541
yadE_predicted,0.16666666666666666,5,5,AATCCGAAACAAACGCCTCT,0,4213709
yadE_predicted,0.16666666666666666,5,5,AATCATCGCGGTTATAATGT,0,4229525
yadE_predicted,0.16666666666666666,5,5,AATAATCAACGTTCATGAAC,0,4219439
yadE_predicted,0.16666666666666666,5,5,AATAACTGCTACTTGGACTA,0,4180382
yadE_predicted,0.16666666666666666,5,5,AAGTTACTGGTAGGGTAACT,0,4175427
yadE_predicted,0.16666666666666666,5,5,AAGTGGTACATTCCTCATAT,0,4202275
yadE_predicted,0.16666666666666666,5,5,AAGTGGCTTTTGCCCTACAT,0,4226391
yadE_predicted,0.16666666666666666,5,5,AAGTCTCAAATAAATATTGA,0,4192780
yadE_predicted,0.16666666666666666,5,5,AAGGTGATCTATGCCGATCA,0,4184842
yadE_predicted,0.16666666666666666,5,5,AAGGTGATAACTCAAATCTC,0,4185996
yadE_predicted,0.16666666666666666,5,5,AAGGGGCGGTGTACGTCTCA,0,4191982
yadE_predicted,0.16666666666666666,5,5,AAGGGGCGAGCTGGAGGGGT,0,4198008
yadE_predicted,0.16666666666666666,5,5,AAGGATAATTTGCTGCAGGC,0,4196426
yadE_predicted,0.16666666666666666,5,5,AAGGAGCATCGGTAAGGGCT,0,4189156
yadE_predicted,0.16666666666666666,5,5,AAGCTTCTTTAGCGTAGGGT,0,4168456
yadE_predicted,0.16666666666666666,5,5,AAGCGTCGCAAACGTGTCAG,0,4185870
yadE_predicted,0.16666666666666666,5,5,AAGCGCACTGTAAAGTCTCC,0,4222734
yadE_predicted,0.16666666666666666,5,5,AAGCGACGTCTTGACGGGGT,0,4197078
yadE_predicted,0.16666666666666666,5,5,AAGCCGTCCTTGGGATGGCC,0,4225704
yadE_predicted,0.16666666666666666,5,5,AAGCCCATCCACCAATTGGA,0,4187123
yadE_predicted,0.16666666666666666,5,5,AAGCAACTTGTTCGGTTGCA,0,4209803
yadE_predicted,0.16666666666666666,5,5,AAGATTTGTGTAAGTGCTGG,0,4159392
yadE_predicted,0.16666666666666666,5,5,AAGATGATGGGGCCAGGCGT,0,4202289
yadE_predicted,0.16666666666666666,5,5,AAGATCGAGGTGTGAACCAT,0,4223687
yadE_predicted,0.16666666666666666,5,5,AAGAGTCTTCCAATTGAGAT,0,4193022
yadE_predicted,0.16666666666666666,5,5,AAGACCTTGTGAGAAGGGCA,0,4166974
yadE_predicted,0.16666666666666666,5,5,AAGAACACGTCGAGCGCAGT,0,4174010
yadE_predicted,0.16666666666666666,5,5,AACTTCGGCCTTTTAACTCT,0,4176126
yadE_predicted,0.16666666666666666,5,5,AACTTCCCCCCTTGAATAAG,0,4166966
yadE_predicted,0.16666666666666666,5,5,AACTTCACGCGTATATCTTC,0,4183321
yadE_predicted,0.16666666666666666,5,5,AACTCAGGGGACGGGTGCGA,0,4171311
yadE_predicted,0.16666666666666666,5,5,AACTCAGATTTCTTTAATAG,0,4193881
yadE_predicted,0.16666666666666666,5,5,AACTATTCTAGCACCGGGGG,0,4198950
yadE_predicted,0.16666666666666666,5,5,AACGTATGACTTACTGGGGG,0,4226261
yadE_predicted,0.16666666666666666,5,5,AACGTAGACGGGCATGTTAT,0,4180541
yadE_predicted,0.16666666666666666,5,5,AACGGGGTTGTCTCTTTGTT,0,4223690
yadE_predicted,0.16666666666666666,5,5,AACGACCGCCTGCATCAGGG,0,4230593
yadE_predicted,0.16666666666666666,5,5,AACCTAGAGCTCACGACATG,0,4195950
yadE_predicted,0.16666666666666666,5,5,AACCGTTGCTGGACTAACGA,0,4220200
yadE_predicted,0.16666666666666666,5,5,AACCGTGCGGTTTAATGGCA,0,4202804
yadE_predicted,0.16666666666666666,5,5,AACCGACTCCTTCACGAGCG,0,4183675
yadE_predicted,0.16666666666666666,5,5,AACCCTGGGTAGGAGTTTCC,0,4200378
yadE_predicted,0.16666666666666666,5,5,AACCCTACTTCTTAACGCAT,0,4228920
yadE_predicted,0.16666666666666666,5,5,AACCCAACTGTGATAATATC,0,4180674
yadE_predicted,0.16666666666666666,5,5,AACCACTGCGTTCTGCTTGT,0,4209085
yadE_predicted,0.16666666666666666,5,5,AACATGCTTGTTCGGCCGCT,0,4181363
yadE_predicted,0.16666666666666666,5,5,AACAGTATTAGGTTGCCGTA,0,4201812
yadE_predicted,0.16666666666666666,5,5,AACAGCTCTCGTCAGCGGGG,0,4188509
yadE_predicted,0.16666666666666666,5,5,AACAGAGTGTAGTCTTTTTT,0,4199998
yadE_predicted,0.16666666666666666,5,5,AACAACCTTCACTCAAGCTC,0,4180896
yadE_predicted,0.16666666666666666,5,5,AACAAAAAGCAAGGTCGGGA,0,4235208
yadE_predicted,0.16666666666666666,5,5,AAATGTTTTGACTCTCACGA,0,4212934
yadE_predicted,0.16666666666666666,5,5,AAATGCTGGATTCTATGTAA,0,4185115
yadE_predicted,0.16666666666666666,5,5,AAATGCGATGCATAAGCTAT,0,4198697
yadE_predicted,0.16666666666666666,5,5,AAATCTGTGGGGCCAGCATA,0,4194960
yadE_predicted,0.16666666666666666,5,5,AAATCACGTCCCTCCTGCGA,0,4195059
yadE_predicted,0.16666666666666666,5,5,AAAGGAACTTGAGCGCCCCG,0,4204614
yadE_predicted,0.16666666666666666,5,5,AAAGCGGTCCATAAAGGTTA,0,4201483
yadE_predicted,0.16666666666666666,5,5,AAACTAGCTAAGCGGCCGGC,0,4195844
yadE_predicted,0.16666666666666666,5,5,AAACGACCTAGCAGCTAGGG,0,4174562
yadE_predicted,0.16666666666666666,5,5,AAACCTCCTGCGCAGCCGAT,0,4222496
yadE_predicted,0.16666666666666666,5,5,AAACATTGCGCTATCGTACT,0,4207398
yadE_predicted,0.16666666666666666,5,5,AAACATCAACAGGGCAGAAG,0,4186370
yadE_predicted,0.16666666666666666,5,5,AAACATATTTGTCTCTATGC,0,4172776
yadE_predicted,0.16666666666666666,5,5,AAACAGCATGTGGCATGTGT,0,4235387
yadE_predicted,0.16666666666666666,5,5,AAACAGATCTTCCGGCCTTT,0,4223868
yadE_predicted,0.16666666666666666,5,5,AAAATACCCGACGGTTCCAT,0,4200966
yadE_predicted,0.16666666666666666,5,5,AAAAGTCTTTCCCAGGTGAA,0,4235598
yadE_predicted,0.16666666666666666,5,5,AAAAATTAAGCGCGCACGCT,0,4207841
yadE_predicted,0.16666666666666666,5,5,AAAAATGGGCAGAGAAGATC,0,4229067
yadE_predicted,0.16666666666666666,5,5,AAAAATCGGCACCAGGTTCT,0,4212933
yadE_predicted,0.2,4,4,TTTTTGCGCGGGTTTGTTAA,0,4162687
yadE_predicted,0.2,4,4,TTTTTCACAGGGCCGTGGGG,0,4200165
yadE_predicted,0.2,4,4,TTTTTCAACTAGGCTAGTCG,0,4208019
yadE_predicted,0.2,4,4,TTTTGGGTTTAAGACACCAC,0,4234223
yadE_predicted,0.2,4,4,TTTTGGGCGTGGCTATGACA,0,4181506
yadE_predicted,0.2,4,4,TTTTGCCCGGGGTCGCAGCA,0,4189685
yadE_predicted,0.2,4,4,TTTTCTGGAAGGTTGTTTCG,0,4181168
yadE_predicted,0.2,4,4,TTTTCTCAAATAAGAAAGTT,0,4238918
yadE_predicted,0.2,4,4,TTTTATAGGATCCTAGCATC,0,4202973
yadE_predicted,0.2,4,4,TTTTACAGGAGCCCCGGCGA,0,4170587
yadE_predicted,0.2,4,4,TTTTAATCATTACTAGGCCC,0,4240962
yadE_predicted,0.2,4,4,TTTGGTGGAATGGATCGATT,0,4194049
yadE_predicted,0.2,4,4,TTTGGTGATATGTGTCGGGT,0,4185626
yadE_predicted,0.2,4,4,TTTGGCCTCAAGGACGAAGT,0,4191502
yadE_predicted,0.2,4,4,TTTGGCCGTGGAGAGAATCA,0,4184589
yadE_predicted,0.2,4,4,TTTGCTTCATATCGCCCCGA,0,4201039
yadE_predicted,0.2,4,4,TTTGATTGAGGGGATAAACA,0,4237296
yadE_predicted,0.2,4,4,TTTGATGTGTAGTAGTGATT,0,4190118
yadE_predicted,0.2,4,4,TTTGAGGTAGAACCCGGGTT,0,4168549
yadE_predicted,0.2,4,4,TTTGAGGCCAATAACCTGCA,0,4232656
yadE_predicted,0.2,4,4,TTTGAAGTGGCTACGATGCA,0,4192556
yadE_predicted,0.2,4,4,TTTCTTGATACGAACAGACG,0,4210386
yadE_predicted,0.2,4,4,TTTCTGGGGCCACCGCGCGC,0,4162152
yadE_predicted,0.2,4,4,TTTCGCGTTCAGCTATAGTA,0,4190127
yadE_predicted,0.2,4,4,TTTCGCGGGGTTCCGTTGGT,0,4211566
yadE_predicted,0.2,4,4,TTTCCCAGGCCTAAGCCCCT,0,4177562
yadE_predicted,0.2,4,4,TTTCAGTGGCCGCCAGGAAC,0,4223910
yadE_predicted,0.2,4,4,TTTCAATGCCCGGAGTGAGC,0,4168030
yadE_predicted,0.2,4,4,TTTATAAAGAGGTAGAAAAC,0,4161382
yadE_predicted,0.2,4,4,TTTACGCCCATGGCGGTCCT,0,4230454
yadE_predicted,0.2,4,4,TTTACATGCGGGTCGCGATC,0,4220974
yadE_predicted,0.2,4,4,TTTAATAAGGGTCGTACTAG,0,4171448
yadE_predicted,0.2,4,4,TTTAATAAGAAAGTAAAGTG,0,4199537
yadE_predicted,0.2,4,4,TTGTTATTGAGGGTCGGTCT,0,4163501
yadE_predicted,0.2,4,4,TTGTGTTCTACAAGCCTGAC,0,4210720
yadE_predicted,0.2,4,4,TTGTGTCAGTCTGGTGGAGT,0,4192220
yadE_predicted,0.2,4,4,TTGTGCGAAGAATGTTTTAG,0,4183956
yadE_predicted,0.2,4,4,TTGTGATTTGATGTGAAGGC,0,4222973
yadE_predicted,0.2,4,4,TTGTCACAGAGTATGCTCCG,0,4220083
yadE_predicted,0.2,4,4,TTGTACACGAAGGCCGTGCC,0,4169507
yadE_predicted,0.2,4,4,TTGGTTCTAGAACTACTCAG,0,4194244
yadE_predicted,0.2,4,4,TTGGTTAGATGCAATAAGCA,0,4216247
yadE_predicted,0.2,4,4,TTGGTGCGAACTCCCTGTGC,0,4191434
yadE_predicted,0.2,4,4,TTGGTGCACACACCCCGCAG,0,4170585
yadE_predicted,0.2,4,4,TTGGTATCCACTGCGGTTTC,0,4180706
yadE_predicted,0.2,4,4,TTGGGCCTTTTATCGGGTCG,0,4230660
yadE_predicted,0.2,4,4,TTGGCTTATGTACTATTAGT,0,4170993
yadE_predicted,0.2,4,4,TTGGCCTATAAAAACGCCCT,0,4193717
yadE_predicted,0.2,4,4,TTGGAGCCCGGTCTGCAAGC,0,4219888
yadE_predicted,0.2,4,4,TTGGACTTGGCTTGCAAGAA,0,4193455
yadE_predicted,0.2,4,4,TTGGAACAAACATCGCCCTC,0,4193173
yadE_predicted,0.2,4,4,TTGCTCGTCCAGCTATGACA,0,4209081
yadE_predicted,0.2,4,4,TTGCGTATAGGACCTCTAAA,0,4166747
yadE_predicted,0.2,4,4,TTGCCCTGCGCGCTGCACGG,0,4188723
yadE_predicted,0.2,4,4,TTGCCCGTAATTGCTGTGCG,0,4234168
yadE_predicted,0.2,4,4,TTGCAGCGGAAGTTCCTGAT,0,4182789
yadE_predicted,0.2,4,4,TTGCACTTTTGGCACTCACA,0,4204491
yadE_predicted,0.2,4,4,TTGATGCGGCTCTAAGCCTA,0,4201730
yadE_predicted,0.2,4,4,TTGATCGGACACTCGACGCT,0,4165649
yadE_predicted,0.2,4,4,TTGATAGGAGCCGTCATGGT,0,4190336
yadE_predicted,0.2,4,4,TTGAGTGGCTCTGTGGAGGA,0,4216034
yadE_predicted,0.2,4,4,TTGACTGAGCTAAATTGCGA,0,4233681
yadE_predicted,0.2,4,4,TTGACACCTGAAGGGCCGTG,0,4237321
yadE_predicted,0.2,4,4,TTGAACTAGAGTTTGCACCG,0,4204928
yadE_predicted,0.2,4,4,TTGAAAATAAGTCGTGCAGC,0,4179697
yadE_predicted,0.2,4,4,TTCTTTGCCCTGCGCCCAAC,0,4176034
yadE_predicted,0.2,4,4,TTCTTGGTCGGGCGGCCATT,0,4188371
yadE_predicted,0.2,4,4,TTCTGCGATGGATGACGGAT,0,4170506
yadE_predicted,0.2,4,4,TTCTGCCGTATATCATCTGC,0,4190971
yadE_predicted,0.2,4,4,TTCTGAATTCGTGACAAGAA,0,4169004
yadE_predicted,0.2,4,4,TTCTCATGCGGGCTTAGCGC,0,4190052
yadE_predicted,0.2,4,4,TTCTCAGGCCCCATCGTGTC,0,4204071
yadE_predicted,0.2,4,4,TTCTAGTCTAAGCCTGGTAT,0,4220449
yadE_predicted,0.2,4,4,TTCTACTCGAAATTCAGGCC,0,4168039
yadE_predicted,0.2,4,4,TTCTAACGGCGGATTGCCCA,0,4239396
yadE_predicted,0.2,4,4,TTCGTCTCGAATACAACGGA,0,4237568
yadE_predicted,0.2,4,4,TTCGTAGGCGTCGGCATAAC,0,4235554
yadE_predicted,0.2,4,4,TTCGGGCTGTCACCGCCTTG,0,4180751
yadE_predicted,0.2,4,4,TTCGGAGATACGCTCGGTTT,0,4227297
yadE_predicted,0.2,4,4,TTCGATTAATTAGAGCAAAC,0,4226994
yadE_predicted,0.2,4,4,TTCCTGTCTTTCCGGAGTCA,0,4163617
yadE_predicted,0.2,4,4,TTCCTGGGTAAATCTGCGAC,0,4171499
yadE_predicted,0.2,4,4,TTCCTCTACACCAATGCGGG,0,4201060
yadE_predicted,0.2,4,4,TTCCTCCCCCAATGGAGTTT,0,4198682
yadE_predicted,0.2,4,4,TTCCTAGTCATAAGGTTGAA,0,4162535
yadE_predicted,0.2,4,4,TTCCGTGGGGAGCGGATCAC,0,4185921
yadE_predicted,0.2,4,4,TTCCACGGCAGCAGGGACAT,0,4189270
yadE_predicted,0.2,4,4,TTCCAAAACGGACCGTAGCA,0,4186147
yadE_predicted,0.2,4,4,TTCATCGGCTACTTTGCTGC,0,4201285
yadE_predicted,0.2,4,4,TTCAGTATCGCGGACTTCAA,0,4239054
yadE_predicted,0.2,4,4,TTCAGTAGTTTGGCGTTCGT,0,4224092
yadE_predicted,0.2,4,4,TTCAGCGCCACAATCAAGGC,0,4238655
yadE_predicted,0.2,4,4,TTCAGCAACAAGTCCCTTTG,0,4199022
yadE_predicted,0.2,4,4,TTCAAGAATGTGCTCTAGGA,0,4215636
yadE_predicted,0.2,4,4,TTATTTGCTACTACAGTTAC,0,4193951
yadE_predicted,0.2,4,4,TTATTTCGATACGTAGAGCG,0,4179691
yadE_predicted,0.2,4,4,TTATTTCAAGCGTGCGACGG,0,4162064
yadE_predicted,0.2,4,4,TTATTGCTTTATACTTCACC,0,4176956
yadE_predicted,0.2,4,4,TTATTCAAAAAAGCGTAAAG,0,4190257
yadE_predicted,0.2,4,4,TTATGGGCATGATTACGTCT,0,4206927
yadE_predicted,0.2,4,4,TTATCCACGCCCGATGCATG,0,4201901
yadE_predicted,0.2,4,4,TTATAGGAGCCCAGAGCCAA,0,4229302
yadE_predicted,0.2,4,4,TTATACCACTTGGAAAGTAA,0,4213799
yadE_predicted,0.2,4,4,TTATACAGCAGTCACGTTTC,0,4231696
yadE_predicted,0.2,4,4,TTAGTTCGTTTTGGGGATAG,0,4195766
yadE_predicted,0.2,4,4,TTAGTTAATAAGCGGAACAT,0,4164075
yadE_predicted,0.2,4,4,TTAGTGGCATGGCAGGGCCT,0,4217797
yadE_predicted,0.2,4,4,TTAGTAGCACGACGTCCGAG,0,4168252
yadE_predicted,0.2,4,4,TTAGTACGAGATAGACGTGC,0,4177013
yadE_predicted,0.2,4,4,TTAGGTCCTGCACTCATGTA,0,4176651
yadE_predicted,0.2,4,4,TTAGGAAAAGCTTGTGAGAG,0,4235390
yadE_predicted,0.2,4,4,TTAGCTGCGGTACTGAAGAC,0,4162232
yadE_predicted,0.2,4,4,TTAGCTCGCTGCTTATTATT,0,4181076
yadE_predicted,0.2,4,4,TTAGCCATTCGTTAGAGTTG,0,4183204
yadE_predicted,0.2,4,4,TTAGCAGGTCCTCCTCATGA,0,4170131
yadE_predicted,0.2,4,4,TTACGACCTTCGTAACGAGT,0,4231049
yadE_predicted,0.2,4,4,TTACCCCACATTTGGGTTCT,0,4175571
yadE_predicted,0.2,4,4,TTACCCAGGTCGCTTTCTAC,0,4203524
yadE_predicted,0.2,4,4,TTACCACGGGAATCACAAAG,0,4183958
yadE_predicted,0.2,4,4,TTACACCAGTGGAACCAAGC,0,4199545
yadE_predicted,0.2,4,4,TTACAACCTCAAGAGATTTC,0,4220901
yadE_predicted,0.2,4,4,TTAATGGTCTTCCGGGCGGT,0,4209653
yadE_predicted,0.2,4,4,TTAATCATTTGATGGCCAAC,0,4228336
yadE_predicted,0.2,4,4,TTAAGAATATTACCCCCCAG,0,4220829
yadE_predicted,0.2,4,4,TTAACCGCCAATCTTTTGCC,0,4183872
yadE_predicted,0.2,4,4,TTAAACCTTGTACCGCTGTT,0,4212967
yadE_predicted,0.2,4,4,TGTTTTTAACAGCCATGAAG,0,4195855
yadE_predicted,0.2,4,4,TGTTTCCGAGTTTGCCGTCT,0,4203768
yadE_predicted,0.2,4,4,TGTTGCCGCGTCATCTCGCA,0,4178202
yadE_predicted,0.2,4,4,TGTTGAGTACTTGTGGTATG,0,4237457
yadE_predicted,0.2,4,4,TGTTCCCCCTGAGGTCCGGA,0,4185681
yadE_predicted,0.2,4,4,TGTTCATATCCTGGGGGCGC,0,4182124
yadE_predicted,0.2,4,4,TGTGTGAGTCCCGTCTGTAA,0,4201045
yadE_predicted,0.2,4,4,TGTGCCTGCAGTTCCCAATG,0,4171773
yadE_predicted,0.2,4,4,TGTGCAGCATTTTCGGCGCT,0,4166973
yadE_predicted,0.2,4,4,TGTGCACTGTGTGTTGGGCA,0,4214967
yadE_predicted,0.2,4,4,TGTGATAGCTCAACGGCTTG,0,4196269
yadE_predicted,0.2,4,4,TGTCGGGGGCTGAACGTGGC,0,4198554
yadE_predicted,0.2,4,4,TGTCGGACGCCGTCGAGTAG,0,4187026
yadE_predicted,0.2,4,4,TGTCCGCCCCGGCCCACGAG,0,4233105
yadE_predicted,0.2,4,4,TGTCCCGACCGCCAAAAAGC,0,4214469
yadE_predicted,0.2,4,4,TGTCATTATATTGGGGCAGT,0,4164631
yadE_predicted,0.2,4,4,TGTCATCAGGCGGCTGCTAC,0,4160535
yadE_predicted,0.2,4,4,TGTATTAGCGCGCCTGAGAG,0,4200327
yadE_predicted,0.2,4,4,TGTAGAGAAGCGTCTCGGTG,0,4216060
yadE_predicted,0.2,4,4,TGTACAAGCCGTATCTGTAT,0,4182905
yadE_predicted,0.2,4,4,TGTAATCATCTGGTAACTAT,0,4213877
yadE_predicted,0.2,4,4,TGTAAAGGATATAGGGGAAG,0,4221270
yadE_predicted,0.2,4,4,TGGTTTGCATGTACCGCGCG,0,4182841
yadE_predicted,0.2,4,4,TGGTGGGCCACGGTAGGTTG,0,4218020
yadE_predicted,0.2,4,4,TGGTGGAAGTCGATTCAATG,0,4183873
yadE_predicted,0.2,4,4,TGGTCGTAAAGCGAGACATC,0,4234197
yadE_predicted,0.2,4,4,TGGTCCTTTTGTCGGACATA,0,4194278
yadE_predicted,0.2,4,4,TGGTCAATACCTTAGACTCA,0,4172680
yadE_predicted,0.2,4,4,TGGTAGTTCCGGTTTCGCCT,0,4159739
yadE_predicted,0.2,4,4,TGGTAGTCACAAATCTGACG,0,4200390
yadE_predicted,0.2,4,4,TGGTAATCGTAAGCCTTCGG,0,4175149
yadE_predicted,0.2,4,4,TGGTAAGCGCTAGGCGCCAC,0,4220560
yadE_predicted,0.2,4,4,TGGGTTCCTGTGATCGCATA,0,4231891
yadE_predicted,0.2,4,4,TGGGTGGCTAATTGTCCACT,0,4167083
yadE_predicted,0.2,4,4,TGGGTAAGGTTCAGATTGAA,0,4188960
yadE_predicted,0.2,4,4,TGGGGGCTTAGGCTCGTCCC,0,4201937
yadE_predicted,0.2,4,4,TGGGGATTGGACCTCTTTCG,0,4222048
yadE_predicted,0.2,4,4,TGGGCCGATCATGTCATCTC,0,4233865
yadE_predicted,0.2,4,4,TGGGACACGGAAGGCGCGGG,0,4196847
yadE_predicted,0.2,4,4,TGGGAAGCGCTTCAAGACAC,0,4233565
yadE_predicted,0.2,4,4,TGGCGGACTAGGACAGTAAA,0,4190258
yadE_predicted,0.2,4,4,TGGCGAAATCTACTTCCAGG,0,4196617
yadE_predicted,0.2,4,4,TGGCCGCGGCTTGAAGTGTA,0,4174941
yadE_predicted,0.2,4,4,TGGCCCGATCATCGGTTTCA,0,4173966
yadE_predicted,0.2,4,4,TGGCATGCGAGGGCTTATAC,0,4173823
yadE_predicted,0.2,4,4,TGGCAGTACACCACAATTTA,0,4236636
yadE_predicted,0.2,4,4,TGGATATAATGACCTCAGGC,0,4233490
yadE_predicted,0.2,4,4,TGGACATCCGTGGTCAGTGA,0,4167076
yadE_predicted,0.2,4,4,TGGACACTCCAGCCGGGACA,0,4214132
yadE_predicted,0.2,4,4,TGGAATTAGTATTTTAGGCG,0,4215892
yadE_predicted,0.2,4,4,TGGAAGTTCTTAGAATTGCG,0,4179403
yadE_predicted,0.2,4,4,TGGAAGTCTCGAGGCATTTG,0,4167817
yadE_predicted,0.2,4,4,TGCTGATTAGTAGTGAGAGT,0,4206103
yadE_predicted,0.2,4,4,TGCTCGCCCCTTATCCCGAG,0,4240676
yadE_predicted,0.2,4,4,TGCTATAACCGTCACAGGCA,0,4160703
yadE_predicted,0.2,4,4,TGCTAAGCTGCCTGGGACCC,0,4197968
yadE_predicted,0.2,4,4,TGCGTTTCGGCATGGGAAAC,0,4180582
yadE_predicted,0.2,4,4,TGCGGCGTATATTGTCCCAG,0,4173095
yadE_predicted,0.2,4,4,TGCGCGAATAAGTGTTCCAT,0,4188944
yadE_predicted,0.2,4,4,TGCCGTTACGCCGGAATCTC,0,4183503
yadE_predicted,0.2,4,4,TGCCGTGTGGTGTAAGAACA,0,4216985
yadE_predicted,0.2,4,4,TGCCGGCCCATATATTCGAG,0,4177413
yadE_predicted,0.2,4,4,TGCCCACTGACTTAATGGTA,0,4220847
yadE_predicted,0.2,4,4,TGCCCAATGGATTGACTCGT,0,4238322
yadE_predicted,0.2,4,4,TGCCACGCAAGGTACAGTAT,0,4221778
yadE_predicted,0.2,4,4,TGCATTCGAAGGGAGCAGGT,0,4184077
yadE_predicted,0.2,4,4,TGCATGTACTTCTACGGCAG,0,4170192
yadE_predicted,0.2,4,4,TGCATCTGTACCCGGCTCTC,0,4183518
yadE_predicted,0.2,4,4,TGCATAGAACATTCGTATTT,0,4210192
yadE_predicted,0.2,4,4,TGCAGCGGGCTCTGGGCGTG,0,4230252
yadE_predicted,0.2,4,4,TGCACAGTCCGGACCCTCGA,0,4163110
yadE_predicted,0.2,4,4,TGCACAAGGGCTGGTTGGGC,0,4193457
yadE_predicted,0.2,4,4,TGCAATATCATCATCATTGG,0,4164383
yadE_predicted,0.2,4,4,TGATTCCATGCGACAAATGG,0,4171816
yadE_predicted,0.2,4,4,TGATTATCGAACTCTCGAAT,0,4190021
yadE_predicted,0.2,4,4,TGATGGAGTCTTCTGACCGA,0,4212075
yadE_predicted,0.2,4,4,TGATGCTGGGCCGACTGGAG,0,4179772
yadE_predicted,0.2,4,4,TGATCGGATAAACCATTTAT,0,4240691
yadE_predicted,0.2,4,4,TGATCATGTCCTTTCACATT,0,4188553
yadE_predicted,0.2,4,4,TGATAGGAGAGTGCGAGCGT,0,4187404
yadE_predicted,0.2,4,4,TGAGTTCCTGGCCGCGTAAA,0,4200041
yadE_predicted,0.2,4,4,TGAGTCTGCAACGGAATTAG,0,4189821
yadE_predicted,0.2,4,4,TGAGGTGTGGGCTGATCTCT,0,4238577
yadE_predicted,0.2,4,4,TGAGGGCTTGCCCTCTCGGA,0,4210599
yadE_predicted,0.2,4,4,TGAGGGCGGGACGGTGACTT,0,4189652
yadE_predicted,0.2,4,4,TGAGCACGATCTCTTTCCGG,0,4233181
yadE_predicted,0.2,4,4,TGACGTCTGGGGCCGGATCA,0,4184789
yadE_predicted,0.2,4,4,TGACGATCGAGGCTTACGTG,0,4198515
yadE_predicted,0.2,4,4,TGACAAGTCCGGGTTCACCT,0,4211573
yadE_predicted,0.2,4,4,TGACAACAATGATGCAGCCA,0,4236550
yadE_predicted,0.2,4,4,TGAATTATGCTAGGTGGTTG,0,4178029
yadE_predicted,0.2,4,4,TGAATTATCGCCTGCTCTAT,0,4229337
yadE_predicted,0.2,4,4,TGAAACCCAGCCTGGCGCCG,0,4235545
yadE_predicted,0.2,4,4,TCTTTTCGACTACGTTCACA,0,4191270
yadE_predicted,0.2,4,4,TCTTATTGCATTCAGTTGTC,0,4203921
yadE_predicted,0.2,4,4,TCTGTGGGGTGAACGCGGTT,0,4202097
yadE_predicted,0.2,4,4,TCTGGTCACTCCCCAAACTC,0,4168700
yadE_predicted,0.2,4,4,TCTGGGCAACAAGGTACATT,0,4200911
yadE_predicted,0.2,4,4,TCTGGGATCATGCTGTCCGT,0,4208173
yadE_predicted,0.2,4,4,TCTGGCTTTACGATACCTAG,0,4197983
yadE_predicted,0.2,4,4,TCTGCTTAGGGGAGACTTGT,0,4185573
yadE_predicted,0.2,4,4,TCTGCCCCTCCGACACTGTT,0,4189317
yadE_predicted,0.2,4,4,TCTGCAACTTCGAGGCCGGC,0,4236583
yadE_predicted,0.2,4,4,TCTGATCGATAGAATAAAAT,0,4215205
yadE_predicted,0.2,4,4,TCTGAAGTCGTCAAGGGATG,0,4232477
yadE_predicted,0.2,4,4,TCTCTTTTTGGCCCTTAATG,0,4187091
yadE_predicted,0.2,4,4,TCTCTTGTAAGCATCCGTTA,0,4181511
yadE_predicted,0.2,4,4,TCTCATCGGCAGCGAGATTT,0,4171438
yadE_predicted,0.2,4,4,TCTCAGCGCAGCAATCGACA,0,4221199
yadE_predicted,0.2,4,4,TCTCACTAGCTCCAAGAGCT,0,4222096
yadE_predicted,0.2,4,4,TCTCAAGACATCTTGTCTTG,0,4191643
yadE_predicted,0.2,4,4,TCTATTAAAGTGTCACCCAT,0,4167124
yadE_predicted,0.2,4,4,TCTACGCATTAGGAAACACA,0,4217086
yadE_predicted,0.2,4,4,TCTAATAACGGGGGGTAATA,0,4164032
yadE_predicted,0.2,4,4,TCGTTTGACGACCTGAACGG,0,4235297
yadE_predicted,0.2,4,4,TCGTTGACGAGAACGACTCA,0,4212161
yadE_predicted,0.2,4,4,TCGTTCGTTATGTATATAAT,0,4169110
yadE_predicted,0.2,4,4,TCGTGTGCCGGACCGGTTCA,0,4221314
yadE_predicted,0.2,4,4,TCGTGCGATTATAGGATACT,0,4229456
yadE_predicted,0.2,4,4,TCGTGATACATCTGCATTAG,0,4234500
yadE_predicted,0.2,4,4,TCGTCTGTCCAACTTCTTGG,0,4176755
yadE_predicted,0.2,4,4,TCGTATGGAGTACGGTGCCT,0,4230527
yadE_predicted,0.2,4,4,TCGTAAACGGAACGCTTGTA,0,4185130
yadE_predicted,0.2,4,4,TCGGTGGCACCTTGTTCCCA,0,4182273
yadE_predicted,0.2,4,4,TCGGTGCCGGAATGCGAGGG,0,4230861
yadE_predicted,0.2,4,4,TCGGTATCAAGGCTAGATCG,0,4173665
yadE_predicted,0.2,4,4,TCGGGGTATACGAAGGGCTT,0,4228139
yadE_predicted,0.2,4,4,TCGGGGCTGACTGAAATTGA,0,4211604
yadE_predicted,0.2,4,4,TCGGGGCCTTAGGGTCAACC,0,4215268
yadE_predicted,0.2,4,4,TCGGGCGCCTACCTGCGACT,0,4220219
yadE_predicted,0.2,4,4,TCGGGAAGAGTTGTTCTACA,0,4175141
yadE_predicted,0.2,4,4,TCGGCTAACCCGGGATCTCT,0,4182071
yadE_predicted,0.2,4,4,TCGGCCCACTTCTCGGGTGT,0,4191727
yadE_predicted,0.2,4,4,TCGGCAAATAATCTTGTCGG,0,4233927
yadE_predicted,0.2,4,4,TCGCTACGTAAGTGGTCCGC,0,4214385
yadE_predicted,0.2,4,4,TCGCGTTCAATGCGCTTGCA,0,4237650
yadE_predicted,0.2,4,4,TCGCGGCCAGGAGATATTGG,0,4236319
yadE_predicted,0.2,4,4,TCGCGGATTCATCACTGAGG,0,4203822
yadE_predicted,0.2,4,4,TCGCCCTTGGGAGGTGGCTT,0,4224271
yadE_predicted,0.2,4,4,TCGCAAGAGCCGAACCTTTG,0,4202503
yadE_predicted,0.2,4,4,TCGATGTCGCTGTGTGACTA,0,4227037
yadE_predicted,0.2,4,4,TCGACGTTATTATCAACTAC,0,4190583
yadE_predicted,0.2,4,4,TCCTTTGATGTTTTGCGTGC,0,4211498
yadE_predicted,0.2,4,4,TCCGTTCCGGTAAGGAGGTC,0,4180261
yadE_predicted,0.2,4,4,TCCGTGCGCGAGGAAATAAA,0,4232277
yadE_predicted,0.2,4,4,TCCGGTGGGTACACTACAAA,0,4160660
yadE_predicted,0.2,4,4,TCCGGCGAGCCTACAGGCTT,0,4176191
yadE_predicted,0.2,4,4,TCCGCGACAAGACATCGAAC,0,4234790
yadE_predicted,0.2,4,4,TCCGATGCCGCCCTTTGAAT,0,4197886
yadE_predicted,0.2,4,4,TCCGAGCGCAGTGAGTTCAA,0,4231580
yadE_predicted,0.2,4,4,TCCCTGGATCTGGGTCCCGG,0,4215153
yadE_predicted,0.2,4,4,TCCCTAATGGTTTCGGTAAT,0,4184030
yadE_predicted,0.2,4,4,TCCCAAATCGATATCCGTGC,0,4187199
yadE_predicted,0.2,4,4,TCCATGTGACTAAATGGCTT,0,4172723
yadE_predicted,0.2,4,4,TCCAGTGTCAAGTGTTCTCC,0,4226193
yadE_predicted,0.2,4,4,TCCAGACAACTGGAGACGCT,0,4183142
yadE_predicted,0.2,4,4,TCCACCGATAATACAGTGAG,0,4223111
yadE_predicted,0.2,4,4,TCCACAACAACTATACATTG,0,4195821
yadE_predicted,0.2,4,4,TCATTGCTGGTAGAATAGAT,0,4222997
yadE_predicted,0.2,4,4,TCATTATAGATATCATGGGG,0,4191048
yadE_predicted,0.2,4,4,TCATCTGGAGCAGGTAATAG,0,4189739
yadE_predicted,0.2,4,4,TCATCACCAACTGGCAGGTC,0,4216398
yadE_predicted,0.2,4,4,TCATATTCGTGCTTCTTATA,0,4166002
yadE_predicted,0.2,4,4,TCAGTCTCGTTACGGTGCGG,0,4197761
yadE_predicted,0.2,4,4,TCAGTCGGAATAGGAGCTTA,0,4201518
yadE_predicted,0.2,4,4,TCAGGGTGTTTAGTCTTCCG,0,4235546
yadE_predicted,0.2,4,4,TCAGGGCTTTCAGGGGTAAG,0,4179613
yadE_predicted,0.2,4,4,TCAGGCTGGTAGGCTGACGC,0,4187310
yadE_predicted,0.2,4,4,TCAGGCGGTGTGCTTGGTCT,0,4178193
yadE_predicted,0.2,4,4,TCAGGCACAGGTCGATCAGC,0,4206631
yadE_predicted,0.2,4,4,TCAGCCCGGGATGAACAGCG,0,4195505
yadE_predicted,0.2,4,4,TCAGAAAGACGTGGCAAGAA,0,4166093
yadE_predicted,0.2,4,4,TCACTTTGACACAAGGAGTT,0,4198295
yadE_predicted,0.2,4,4,TCACGTCTATGCTCCAAGGA,0,4220078
yadE_predicted,0.2,4,4,TCACCGGCTTGCCGCAGGTA,0,4168698
yadE_predicted,0.2,4,4,TCACAGGCCTGTCCTGTAGA,0,4179863
yadE_predicted,0.2,4,4,TCAATATAGCGTCACCCCCA,0,4223666
yadE_predicted,0.2,4,4,TCAAGTTACCGATGACTTTT,0,4173971
yadE_predicted,0.2,4,4,TCAAATGTATCCCTTAGGGT,0,4164877
yadE_predicted,0.2,4,4,TCAAACCGGGATAGCGATTC,0,4213399
yadE_predicted,0.2,4,4,TCAAACATTGTAGCAGGGAT,0,4201883
yadE_predicted,0.2,4,4,TCAAAAAGTAGACTCGCGAC,0,4173355
yadE_predicted,0.2,4,4,TATTTGAGGTATGTTGGGTG,0,4163305
yadE_predicted,0.2,4,4,TATTGTAACGTCTATCAACA,0,4198730
yadE_predicted,0.2,4,4,TATTCTGAAATCAACGCGGA,0,4194398
yadE_predicted,0.2,4,4,TATTCTCCGCCACATCTAGC,0,4220441
yadE_predicted,0.2,4,4,TATTCCCGTGTGCCTGCCAG,0,4187703
yadE_predicted,0.2,4,4,TATTAGCGCCCCTTTGGGCT,0,4177124
yadE_predicted,0.2,4,4,TATGGTCAAATGCGTGGTAA,0,4170486
yadE_predicted,0.2,4,4,TATGGCTGGTCCTGCTGTTA,0,4214541
yadE_predicted,0.2,4,4,TATGGCGATTATGTATGGAA,0,4235664
yadE_predicted,0.2,4,4,TATGCTACTTTCTTCTGGTT,0,4207892
yadE_predicted,0.2,4,4,TATGCACCAGCGCATATGCC,0,4184688
yadE_predicted,0.2,4,4,TATGAAAGCGCACAAACTCC,0,4227322
yadE_predicted,0.2,4,4,TATCTCCAGCTCCGAGACTT,0,4221677
yadE_predicted,0.2,4,4,TATCTCACAACGGACGGTGT,0,4198628
yadE_predicted,0.2,4,4,TATCTAAGTAGCGGGGGGGT,0,4198896
yadE_predicted,0.2,4,4,TATCGGATTGTAAAACTTGA,0,4179554
yadE_predicted,0.2,4,4,TATCGGAGACCTACACAACC,0,4160990
yadE_predicted,0.2,4,4,TATCCATGGCGAGGGGAGTA,0,4195441
yadE_predicted,0.2,4,4,TATATTACTGCCTTCGCAGT,0,4236607
yadE_predicted,0.2,4,4,TATAGTTCACCGCCAGGGTT,0,4218857
yadE_predicted,0.2,4,4,TATAGGATAAAGCTTCAGCA,0,4183514
yadE_predicted,0.2,4,4,TATACCCCACGGGTGTAGAA,0,4203282
yadE_predicted,0.2,4,4,TATACAAGTCCAGTGCAGCG,0,4174888
yadE_predicted,0.2,4,4,TATAATTTGCACAGCCTCTT,0,4240365
yadE_predicted,0.2,4,4,TATAAATACGGCGGAGTTAT,0,4194493
yadE_predicted,0.2,4,4,TATAAAGGCGTGAATAACTT,0,4214375
yadE_predicted,0.2,4,4,TAGTTGGCGTTTACGCCGGT,0,4224128
yadE_predicted,0.2,4,4,TAGGTTACTTCGTCCTCCAC,0,4169586
yadE_predicted,0.2,4,4,TAGGTTACTGACCGGGAGCC,0,4237576
yadE_predicted,0.2,4,4,TAGGTGTAATATGCATCAAC,0,4221443
yadE_predicted,0.2,4,4,TAGGTCCCATTCTTCGTGGT,0,4195958
yadE_predicted,0.2,4,4,TAGGGAGTCGCTGGGGTAAA,0,4238171
yadE_predicted,0.2,4,4,TAGGCCTTGTGTCTTAGTGT,0,4240009
yadE_predicted,0.2,4,4,TAGGAGTTTATGGGTGTATC,0,4173246
yadE_predicted,0.2,4,4,TAGCTGGAATAGTGCCGAGT,0,4171864
yadE_predicted,0.2,4,4,TAGCTAAGGATGTGCAACAG,0,4237284
yadE_predicted,0.2,4,4,TAGCGTCCGGCACGTAGGAA,0,4186808
yadE_predicted,0.2,4,4,TAGCGTCATCGTGGCTGCCG,0,4194999
yadE_predicted,0.2,4,4,TAGCGGGACTATAGATGCGA,0,4232856
yadE_predicted,0.2,4,4,TAGCGCGTGGTCGTTGGATG,0,4237637
yadE_predicted,0.2,4,4,TAGCGCGATTCGTAGGACTC,0,4209431
yadE_predicted,0.2,4,4,TAGCCTGCGGCACTCTAATG,0,4170601
yadE_predicted,0.2,4,4,TAGCCACAGGAGGCAGAATG,0,4208227
yadE_predicted,0.2,4,4,TAGCACGCAGCCCCAACAAT,0,4217233
yadE_predicted,0.2,4,4,TAGCAAAAAGTGATCAGGGT,0,4180975
yadE_predicted,0.2,4,4,TAGATCTACCAGGCTAACGA,0,4225351
yadE_predicted,0.2,4,4,TAGAGGATAGGGAGTCTAGG,0,4193064
yadE_predicted,0.2,4,4,TAGAGAGCACCTTGTCGGAA,0,4208426
yadE_predicted,0.2,4,4,TAGACAGGGGCGAGTGATAT,0,4235159
yadE_predicted,0.2,4,4,TAGAAGTATAGATTTGCAAT,0,4181872
yadE_predicted,0.2,4,4,TAGAAATTAGTTAGTAGAAG,0,4241073
yadE_predicted,0.2,4,4,TACTGCGTTCCGGGCTCGAA,0,4160370
yadE_predicted,0.2,4,4,TACTGCGCAAGGTCCATGCT,0,4227185
yadE_predicted,0.2,4,4,TACTCCCTGCAGCGCGGCGG,0,4182183
yadE_predicted,0.2,4,4,TACTCATTTCTGGCCCCGGG,0,4237010
yadE_predicted,0.2,4,4,TACTATGTCCCATCTCGAGT,0,4185824
yadE_predicted,0.2,4,4,TACTATAGACTGACCCGTAG,0,4191200
yadE_predicted,0.2,4,4,TACTAGAGTGTGCCTACGGT,0,4185593
yadE_predicted,0.2,4,4,TACTACAAGGGGATCCGGGT,0,4226712
yadE_predicted,0.2,4,4,TACGTGTCATGAATGTTAGC,0,4203720
yadE_predicted,0.2,4,4,TACGTCTCCCACCAATCCAA,0,4222389
yadE_predicted,0.2,4,4,TACGGAATACCGTTTCCCCG,0,4234256
yadE_predicted,0.2,4,4,TACCTCGTAGCACTCGTGTT,0,4235688
yadE_predicted,0.2,4,4,TACCTAGACTTGATATAGTG,0,4195644
yadE_predicted,0.2,4,4,TACCGAGTAGGCAACGAGTA,0,4205426
yadE_predicted,0.2,4,4,TACCCTGATTGGTCTGGCCA,0,4202422
yadE_predicted,0.2,4,4,TACCCCTGGGCGGCGATAGT,0,4231601
yadE_predicted,0.2,4,4,TACATTTTATGTTTGATCCT,0,4230594
yadE_predicted,0.2,4,4,TACATAAAGGATTCGCGAAA,0,4183714
yadE_predicted,0.2,4,4,TACACCGGATCTTGCTGGCG,0,4220989
yadE_predicted,0.2,4,4,TACAATTAATTGGGATGGAC,0,4162389
yadE_predicted,0.2,4,4,TACAAATATGTGCCTTCGGC,0,4190902
yadE_predicted,0.2,4,4,TAATTGGCACCCGACAAACG,0,4200238
yadE_predicted,0.2,4,4,TAATTAGTCCCATATCTAAG,0,4199514
yadE_predicted,0.2,4,4,TAATCTCGTCTTAGCGAGGG,0,4199565
yadE_predicted,0.2,4,4,TAATCATTATAGTCGGGGTC,0,4211255
yadE_predicted,0.2,4,4,TAATACACTGGTGGTGTTTA,0,4190779
yadE_predicted,0.2,4,4,TAAGTGGTAACCGGAAGACA,0,4165926
yadE_predicted,0.2,4,4,TAAGTGATACCTCCCCTCTG,0,4230317
yadE_predicted,0.2,4,4,TAAGCTCATTTTTCTGCTCG,0,4216431
yadE_predicted,0.2,4,4,TAAGCCAGGGTGTGACACAG,0,4218419
yadE_predicted,0.2,4,4,TAAGAATGTCTAAGTACATG,0,4223496
yadE_predicted,0.2,4,4,TAACGGTCAAGAAGTATTTC,0,4190454
yadE_predicted,0.2,4,4,TAACCGGCAAGCGCATAAGT,0,4201063
yadE_predicted,0.2,4,4,TAACACAAAAGGAGTAACCG,0,4205189
yadE_predicted,0.2,4,4,TAAATGAAGTCAAACCATAT,0,4208744
yadE_predicted,0.2,4,4,TAAATACGGCGAATCGCTCT,0,4183631
yadE_predicted,0.2,4,4,TAAACTAGGAACGGCAACAC,0,4230368
yadE_predicted,0.2,4,4,TAAAATGCGCGCCCGCCGAC,0,4190218
yadE_predicted,0.2,4,4,TAAAATCGTAGAGCTAGCAT,0,4230494
yadE_predicted,0.2,4,4,TAAAAGTAGGGACACGCCGT,0,4234855
yadE_predicted,0.2,4,4,TAAAAGGGTATAGGAGCATA,0,4197639
yadE_predicted,0.2,4,4,TAAAACGTTGGTCAACGGAA,0,4168656
yadE_predicted,0.2,4,4,GTTTTTAAATTTGTCAAACA,0,4195854
yadE_predicted,0.2,4,4,GTTTTCTTGTTACCAGTCGG,0,4168222
yadE_predicted,0.2,4,4,GTTTTCCGCCGCTCCCCAAC,0,4226792
yadE_predicted,0.2,4,4,GTTTTATTGGTAATTAAGCC,0,4172802
yadE_predicted,0.2,4,4,GTTTGTCGTGGTTTCATTGC,0,4219915
yadE_predicted,0.2,4,4,GTTTCCCTAGTCAGACTCTG,0,4172052
yadE_predicted,0.2,4,4,GTTTAAGGCATTTAGTATGA,0,4173619
yadE_predicted,0.2,4,4,GTTGTGTGAATGTACTGAAA,0,4184908
yadE_predicted,0.2,4,4,GTTGTCGCTGTAGGTCGTCT,0,4191978
yadE_predicted,0.2,4,4,GTTGTCCCGCTGATGTGTAT,0,4233665
yadE_predicted,0.2,4,4,GTTGGTTCCACCGGACTGTG,0,4193521
yadE_predicted,0.2,4,4,GTTGGGTATCTTGGTATCGT,0,4209839
yadE_predicted,0.2,4,4,GTTGGCCAACTTATACTTCG,0,4177583
yadE_predicted,0.2,4,4,GTTGGAGCAAGGTAGGTTGC,0,4176451
yadE_predicted,0.2,4,4,GTTGGACTGGTAAATTGGGC,0,4223429
yadE_predicted,0.2,4,4,GTTGAGCAGGTCTCCGGACA,0,4198307
yadE_predicted,0.2,4,4,GTTCTTCCAGGGGCCTTCCG,0,4172183
yadE_predicted,0.2,4,4,GTTCTTCACTGATCTTTAAC,0,4226779
yadE_predicted,0.2,4,4,GTTCTCAGAATGCACATTTA,0,4169580
yadE_predicted,0.2,4,4,GTTCGGGCGGGATCAAATCG,0,4176284
yadE_predicted,0.2,4,4,GTTCGATATACTGCTGACTA,0,4190578
yadE_predicted,0.2,4,4,GTTCCCAACCTCCGCCCGAG,0,4232652
yadE_predicted,0.2,4,4,GTTCACACACGATTGGATCC,0,4172310
yadE_predicted,0.2,4,4,GTTCAATAGCTGGGCGTCGT,0,4210762
yadE_predicted,0.2,4,4,GTTCAAGTGATACATCACCT,0,4227735
yadE_predicted,0.2,4,4,GTTCAACATCGTCTTCTTCC,0,4215253
yadE_predicted,0.2,4,4,GTTATTTCTGGGTCATCCGC,0,4231912
yadE_predicted,0.2,4,4,GTTAGTTCTCAGACGCTGTG,0,4207651
yadE_predicted,0.2,4,4,GTTAGTTAAAGCGTCAGTGT,0,4204530
yadE_predicted,0.2,4,4,GTTAGGTGGCGCTTGGCTCG,0,4233179
yadE_predicted,0.2,4,4,GTTAGGATCCGGGGGTGAAC,0,4195661
yadE_predicted,0.2,4,4,GTTACTCACTTTAGCAGAGT,0,4177747
yadE_predicted,0.2,4,4,GTTAAGTCTTGAGTAACGGC,0,4169431
yadE_predicted,0.2,4,4,GTTAAGGCCGCGCGCGAAGT,0,4174970
yadE_predicted,0.2,4,4,GTTAAGCTTAGCAACTCAGG,0,4197177
yadE_predicted,0.2,4,4,GTGTTGGGGTTATGTTTTAC,0,4191624
yadE_predicted,0.2,4,4,GTGTGCGTGTAAGCAAACTC,0,4163378
yadE_predicted,0.2,4,4,GTGTCTTCACCCCTTTCCTC,0,4169857
yadE_predicted,0.2,4,4,GTGTCGCACAGTATGTTCCC,0,4198188
yadE_predicted,0.2,4,4,GTGTCCACTCTTTCGAAAAT,0,4211605
yadE_predicted,0.2,4,4,GTGTAGGTCGTGACATGTTT,0,4170995
yadE_predicted,0.2,4,4,GTGTAGGGTTACGCCGCTCC,0,4170982
yadE_predicted,0.2,4,4,GTGTACTTACTGTCACTGGT,0,4166119
yadE_predicted,0.2,4,4,GTGTACGCGGTGCGGGCAGG,0,4216243
yadE_predicted,0.2,4,4,GTGTAATTGCCCGTTAAGCC,0,4235986
yadE_predicted,0.2,4,4,GTGGTGCACAGAGTTGTATC,0,4162376
yadE_predicted,0.2,4,4,GTGGTGAGATGCAGTGTTCG,0,4191827
yadE_predicted,0.2,4,4,GTGGGTGGTGTACAGCAGGT,0,4198086
yadE_predicted,0.2,4,4,GTGGGGCGCTTGCACGCTGA,0,4171307
yadE_predicted,0.2,4,4,GTGGGGACACCAGCGGAGAG,0,4226696
yadE_predicted,0.2,4,4,GTGGCGAACGGATTGGAGGG,0,4201099
yadE_predicted,0.2,4,4,GTGGCCATGGATGCAGGCTT,0,4214329
yadE_predicted,0.2,4,4,GTGGCCAGCTGGATAGCAAA,0,4212189
yadE_predicted,0.2,4,4,GTGCTAAACAGGACAGAGGC,0,4207727
yadE_predicted,0.2,4,4,GTGCGTGTTACCCAGATTTC,0,4166235
yadE_predicted,0.2,4,4,GTGCGACCGTGTCGGTCACT,0,4227041
yadE_predicted,0.2,4,4,GTGCCTGTGCTCAGTCGGTG,0,4185448
yadE_predicted,0.2,4,4,GTGCCTGGAGACAGACCGTC,0,4182571
yadE_predicted,0.2,4,4,GTGCCATCAATTCGGCGTGT,0,4216184
yadE_predicted,0.2,4,4,GTGCAGGTTGGATCTGCTGG,0,4160897
yadE_predicted,0.2,4,4,GTGCAGGGCTTCTACTCTTG,0,4210210
yadE_predicted,0.2,4,4,GTGCAACTTTTGGGGATGTA,0,4173267
yadE_predicted,0.2,4,4,GTGATTTCCGTTTTGTATCG,0,4177256
yadE_predicted,0.2,4,4,GTGAGGTTCAAAGCCGAGAG,0,4180955
yadE_predicted,0.2,4,4,GTGACGGGCGCTCCGACATA,0,4198380
yadE_predicted,0.2,4,4,GTGACGCGAGGTATGCGCAG,0,4175851
yadE_predicted,0.2,4,4,GTGACCTCCCTAATCTATTG,0,4204711
yadE_predicted,0.2,4,4,GTGAATTTCGTGACCGAGTG,0,4192939
yadE_predicted,0.2,4,4,GTGAACTTGCAAAACTAGCA,0,4239111
yadE_predicted,0.2,4,4,GTGAACGTAATAAAAAATCA,0,4188556
yadE_predicted,0.2,4,4,GTCTTGTGCGCCGGAAAACT,0,4237051
yadE_predicted,0.2,4,4,GTCTTCGTGCTTGGAGGGTA,0,4221432
yadE_predicted,0.2,4,4,GTCTGTTCGCAAGTGCGTCC,0,4208997
yadE_predicted,0.2,4,4,GTCTCCCTCATGACATGCAT,0,4223441
yadE_predicted,0.2,4,4,GTCTAAGGGGTCGGGGTTGT,0,4167879
yadE_predicted,0.2,4,4,GTCGTCCACTTGGTCCCGAG,0,4159486
yadE_predicted,0.2,4,4,GTCGTAAACCTTGAAGTTGG,0,4182605
yadE_predicted,0.2,4,4,GTCGGAGAGTAAACGCTCGT,0,4210454
yadE_predicted,0.2,4,4,GTCGCTGTAGCGTTGGCTAC,0,4162643
yadE_predicted,0.2,4,4,GTCGCGATATACGCGAGCCA,0,4236115
yadE_predicted,0.2,4,4,GTCGCAGTCTGAGACGATTA,0,4174333
yadE_predicted,0.2,4,4,GTCGATAGACTAATGAACTA,0,4215224
yadE_predicted,0.2,4,4,GTCGACCCTTGCAACCTTCT,0,4180085
yadE_predicted,0.2,4,4,GTCGAATTCGGGGTCTCGTA,0,4236129
yadE_predicted,0.2,4,4,GTCCTTCAGCAGGTTTGGTG,0,4180982
yadE_predicted,0.2,4,4,GTCCTATTTGTTATATCCTA,0,4192370
yadE_predicted,0.2,4,4,GTCCCTTCTCGATCTAGGTC,0,4225091
yadE_predicted,0.2,4,4,GTCCATTCGAGTTTTTATTA,0,4191633
yadE_predicted,0.2,4,4,GTCCAAAACTCGATCACGCC,0,4168390
yadE_predicted,0.2,4,4,GTCAGGAGTTGTATTTAGCA,0,4174405
yadE_predicted,0.2,4,4,GTCACTTATAAGTGGAGGTT,0,4222752
yadE_predicted,0.2,4,4,GTCACTCCGCCGAGACGGTG,0,4186730
yadE_predicted,0.2,4,4,GTCACAGATAGTAGCCCCCT,0,4185043
yadE_predicted,0.2,4,4,GTCAAGTGGCGATATCAATC,0,4175208
yadE_predicted,0.2,4,4,GTATGTCCTACGTTAAGTCT,0,4210708
yadE_predicted,0.2,4,4,GTATGCTCCTGTAACCACTA,0,4216921
yadE_predicted,0.2,4,4,GTATGAAGTCTGACGCAGTT,0,4184370
yadE_predicted,0.2,4,4,GTATCTGACTTCCCTAACCC,0,4170691
yadE_predicted,0.2,4,4,GTATATGCTTGGTAACCACT,0,4188204
yadE_predicted,0.2,4,4,GTATATACGGCATTCCGTTT,0,4208334
yadE_predicted,0.2,4,4,GTATAGTATTCTTTCACAGT,0,4236401
yadE_predicted,0.2,4,4,GTATACCGGTCGCGTCCAGA,0,4225837
yadE_predicted,0.2,4,4,GTATAAGTCTATCGATGATC,0,4166551
yadE_predicted,0.2,4,4,GTAGTCCGTCCAACCCAGAC,0,4208064
yadE_predicted,0.2,4,4,GTAGTCAATATCCACATCAT,0,4236875
yadE_predicted,0.2,4,4,GTAGTACTCTGCGACACGTC,0,4217268
yadE_predicted,0.2,4,4,GTAGCAGTGGTTTAAGTTAG,0,4221807
yadE_predicted,0.2,4,4,GTAGATAGTGATGTGTTTAT,0,4179070
yadE_predicted,0.2,4,4,GTAGATAGATAGGGGGGTCC,0,4163875
yadE_predicted,0.2,4,4,GTACGTATCTGTAGGCTAGC,0,4187692
yadE_predicted,0.2,4,4,GTACGGGCCACTTAAATCCA,0,4205545
yadE_predicted,0.2,4,4,GTACGCGGAGAGGGAAAAAG,0,4165839
yadE_predicted,0.2,4,4,GTACGCAGGAATGAGTACTT,0,4196255
yadE_predicted,0.2,4,4,GTACAGCTAAAATATTTTGG,0,4175179
yadE_predicted,0.2,4,4,GTACAATGGGTATAATCATT,0,4209345
yadE_predicted,0.2,4,4,GTACAAGGCCACTTTACCAT,0,4193772
yadE_predicted,0.2,4,4,GTACAAGAGCGTGGGGGTCT,0,4167028
yadE_predicted,0.2,4,4,GTACAACTTTAATCGAGCTG,0,4239604
yadE_predicted,0.2,4,4,GTAATATGGGCTGAGACAGT,0,4210255
yadE_predicted,0.2,4,4,GTAAGTGGCCGGCTCCTAAA,0,4189539
yadE_predicted,0.2,4,4,GTAACCGCTACACCATAATG,0,4239175
yadE_predicted,0.2,4,4,GTAACATTTGTTAGGAGATT,0,4160623
yadE_predicted,0.2,4,4,GTAAACCGACGTCAAGCGGT,0,4173651
yadE_predicted,0.2,4,4,GGTTTGATGTGACATTTACT,0,4187740
yadE_predicted,0.2,4,4,GGTTTGAGGAGCTGCTTCGT,0,4188625
yadE_predicted,0.2,4,4,GGTTTAGCGGGAAACCCCAC,0,4170929
yadE_predicted,0.2,4,4,GGTTGGGCCACTCGTATGGA,0,4169563
yadE_predicted,0.2,4,4,GGTTCTGAAACCCAAATTAC,0,4197024
yadE_predicted,0.2,4,4,GGTTCGAGTTTCAGAGGACG,0,4226672
yadE_predicted,0.2,4,4,GGTTCCAATGTTTTGGATAG,0,4195131
yadE_predicted,0.2,4,4,GGTTATGTGATGGCCAGTGA,0,4181590
yadE_predicted,0.2,4,4,GGTTATAAACATTTAACCGT,0,4211639
yadE_predicted,0.2,4,4,GGTTACTGAACTCATTCAAA,0,4215142
yadE_predicted,0.2,4,4,GGTTACCCGGGTATTGTCTA,0,4236963
yadE_predicted,0.2,4,4,GGTTAATGGGTGTGATGGAC,0,4229167
yadE_predicted,0.2,4,4,GGTGTGCATACGATTTAACC,0,4198305
yadE_predicted,0.2,4,4,GGTGTCCGGCCCGCCTGATA,0,4186264
yadE_predicted,0.2,4,4,GGTGGGTATCTAGGAGCAAA,0,4225173
yadE_predicted,0.2,4,4,GGTGGACCCCGCCGATTTAC,0,4165000
yadE_predicted,0.2,4,4,GGTGCTGGATCTGCGGCTCG,0,4161369
yadE_predicted,0.2,4,4,GGTGCGTGCCAGTTGGTAAG,0,4213584
yadE_predicted,0.2,4,4,GGTGACCCGACTATATAAAT,0,4162314
yadE_predicted,0.2,4,4,GGTCTATTATAGGTATTCAT,0,4183237
yadE_predicted,0.2,4,4,GGTCTAGTAGCACCGGTCAC,0,4193449
yadE_predicted,0.2,4,4,GGTCGCTCGAGTCAGAGTCG,0,4207590
yadE_predicted,0.2,4,4,GGTCGCGTCGTGGGTATGCT,0,4203029
yadE_predicted,0.2,4,4,GGTCGCGCGCAATGTAGACT,0,4228810
yadE_predicted,0.2,4,4,GGTCCTTAGTTTGGGGAAAT,0,4216215
yadE_predicted,0.2,4,4,GGTCCGTTTCAACTTGTAGT,0,4213788
yadE_predicted,0.2,4,4,GGTCCGCGCCTAAAGCTAAA,0,4209358
yadE_predicted,0.2,4,4,GGTATTGTAACGTGCCCCAA,0,4228906
yadE_predicted,0.2,4,4,GGTAGTGCCGAACTGTGCGG,0,4230258
yadE_predicted,0.2,4,4,GGTAGGCTTAACCTGACGTC,0,4202855
yadE_predicted,0.2,4,4,GGTACCGTATAGCAACCGGG,0,4161547
yadE_predicted,0.2,4,4,GGTAATCCCATAAGTGCTCC,0,4216529
yadE_predicted,0.2,4,4,GGTAAGAAAGGTTTATGTGA,0,4178857
yadE_predicted,0.2,4,4,GGTAACCACGTCCGCGTTGC,0,4177970
yadE_predicted,0.2,4,4,GGGTTTTGGTAGCTATGGGT,0,4185121
yadE_predicted,0.2,4,4,GGGTTTAACCACCGAGGGTA,0,4195296
yadE_predicted,0.2,4,4,GGGTGTACGAGTAAGGCTTG,0,4175928
yadE_predicted,0.2,4,4,GGGTGCGTCCTTGGGCCAAG,0,4238041
yadE_predicted,0.2,4,4,GGGTGCATGACTTTAGTTAA,0,4178714
yadE_predicted,0.2,4,4,GGGTCTGGTTATGCGTATCA,0,4214004
yadE_predicted,0.2,4,4,GGGTCTGAACCTTGCCTCAG,0,4217383
yadE_predicted,0.2,4,4,GGGTAGTGTAGATAGTGGGA,0,4169516
yadE_predicted,0.2,4,4,GGGTACGCCGCCCTTCCAAG,0,4160835
yadE_predicted,0.2,4,4,GGGTACACACACGCGTAATT,0,4167066
yadE_predicted,0.2,4,4,GGGGTTATATGATGTGCGAA,0,4200360
yadE_predicted,0.2,4,4,GGGGGTCATGCGCTTAGTTT,0,4234041
yadE_predicted,0.2,4,4,GGGGGATGCCCCCTGCTACT,0,4168273
yadE_predicted,0.2,4,4,GGGGATGGCGAAGGGCGACG,0,4204367
yadE_predicted,0.2,4,4,GGGGATCAAGTACATGATCT,0,4180275
yadE_predicted,0.2,4,4,GGGGACTTTAGTTCGAGACA,0,4181219
yadE_predicted,0.2,4,4,GGGGAACATAACATGATCTT,0,4211061
yadE_predicted,0.2,4,4,GGGGAAAGTACCGGCGGGGT,0,4234436
yadE_predicted,0.2,4,4,GGGCTTGCCCTCCCGCGAGT,0,4235058
yadE_predicted,0.2,4,4,GGGCATTTGGGCAGCACGCT,0,4218732
yadE_predicted,0.2,4,4,GGGCATCGTCTAGGCTGATT,0,4165687
yadE_predicted,0.2,4,4,GGGCACGGTTCTTAGCTTAC,0,4175833
yadE_predicted,0.2,4,4,GGGAGTCGCGATCGACAATA,0,4190180
yadE_predicted,0.2,4,4,GGGAGCCGGGGAAAACTCAA,0,4232272
yadE_predicted,0.2,4,4,GGGAGCAGCTCGCATAGATC,0,4178368
yadE_predicted,0.2,4,4,GGGACGAAGTGGCCAGGCCA,0,4195269
yadE_predicted,0.2,4,4,GGGAAATGCCCAACTTGCTC,0,4219867
yadE_predicted,0.2,4,4,GGCTTTTAAATGTGGACTGG,0,4201456
yadE_predicted,0.2,4,4,GGCTTTGCAACGACGTGTCG,0,4211322
yadE_predicted,0.2,4,4,GGCTTAGGCAAAAAGGATAA,0,4195962
yadE_predicted,0.2,4,4,GGCTCCCGTTCATGGTCAAG,0,4219887
yadE_predicted,0.2,4,4,GGCTATGGGCATGGGTATAT,0,4232333
yadE_predicted,0.2,4,4,GGCTATACTGCATAGGTGTT,0,4231991
yadE_predicted,0.2,4,4,GGCTAGTTTCTACAGCCTGA,0,4204381
yadE_predicted,0.2,4,4,GGCTAGACAGACAACGTCCC,0,4173448
yadE_predicted,0.2,4,4,GGCTAAAACACGAACTACTC,0,4159553
yadE_predicted,0.2,4,4,GGCGTTCCCATCGGTGAGGA,0,4194274
yadE_predicted,0.2,4,4,GGCGGAAGTTATGTTTGACG,0,4163862
yadE_predicted,0.2,4,4,GGCGCTTCTACCTCCATCAC,0,4207676
yadE_predicted,0.2,4,4,GGCGCTCATTTCCCATACTC,0,4210883
yadE_predicted,0.2,4,4,GGCGCGGGTGCAAACGGGTG,0,4200587
yadE_predicted,0.2,4,4,GGCGAGATCGGGCGCTCTCT,0,4194362
yadE_predicted,0.2,4,4,GGCGAACCAGATCGAGGGAG,0,4176200
yadE_predicted,0.2,4,4,GGCCTGACTTTATCAGAAGC,0,4206829
yadE_predicted,0.2,4,4,GGCCTCTGGACGTCCCACTG,0,4206203
yadE_predicted,0.2,4,4,GGCCTATTTGATCTTAAGAT,0,4236215
yadE_predicted,0.2,4,4,GGCCTACCCTTCTCGTCATA,0,4201583
yadE_predicted,0.2,4,4,GGCCGGCTATGTTCCTGAGC,0,4214436
yadE_predicted,0.2,4,4,GGCATTTTTTAGGATTTGAG,0,4217013
yadE_predicted,0.2,4,4,GGCAGTAGCCAGGGTGATTT,0,4201313
yadE_predicted,0.2,4,4,GGCAGAGGAAGATAGCAGAT,0,4182707
yadE_predicted,0.2,4,4,GGCACAATAAGAAAGACCGA,0,4160979
yadE_predicted,0.2,4,4,GGATTGCTCAACCCTAAGGT,0,4168441
yadE_predicted,0.2,4,4,GGATTATCGACGAAGTTGTA,0,4219133
yadE_predicted,0.2,4,4,GGATGGCCCAGGAGCCCTAA,0,4240744
yadE_predicted,0.2,4,4,GGATGCGGGGCCGAGGCAGG,0,4216779
yadE_predicted,0.2,4,4,GGATCAAACCTATCGTATCA,0,4194687
yadE_predicted,0.2,4,4,GGATAAGCCCATTAGGTCGC,0,4214353
yadE_predicted,0.2,4,4,GGATAACGACTTCTACGCAG,0,4166479
yadE_predicted,0.2,4,4,GGAGTCTACGGTTTGGGGTA,0,4201319
yadE_predicted,0.2,4,4,GGAGTCGGGTCGGTAAATGT,0,4218650
yadE_predicted,0.2,4,4,GGAGTAGAGCAGGGGGCGGT,0,4180841
yadE_predicted,0.2,4,4,GGAGGATATAAAATTTCTTT,0,4175580
yadE_predicted,0.2,4,4,GGAGGAAAAATGTCATGTAT,0,4202758
yadE_predicted,0.2,4,4,GGAGCTATTGTCCTAAGCCA,0,4193414
yadE_predicted,0.2,4,4,GGAGCCCGCTTCAATTTTAA,0,4164209
yadE_predicted,0.2,4,4,GGAGCACCGTACCCTCCACT,0,4205408
yadE_predicted,0.2,4,4,GGAGAAATACATAAATGTTG,0,4207933
yadE_predicted,0.2,4,4,GGACTCTAGTGATGGGTTCC,0,4239219
yadE_predicted,0.2,4,4,GGACTAACCAGGCTAGCTCG,0,4199957
yadE_predicted,0.2,4,4,GGACGTTTAAAGGCGCTTCG,0,4203938
yadE_predicted,0.2,4,4,GGACGAGGACGTCTCCCGGT,0,4226909
yadE_predicted,0.2,4,4,GGACGAATTCCTGGGTCAAT,0,4198901
yadE_predicted,0.2,4,4,GGACAAGCTTACTTACACCT,0,4225439
yadE_predicted,0.2,4,4,GGACAAAAGCAACTATGAGG,0,4238795
yadE_predicted,0.2,4,4,GGAATTCCTTACTGTTCTAG,0,4189914
yadE_predicted,0.2,4,4,GGAATGGGCTTATAGACTTG,0,4197294
yadE_predicted,0.2,4,4,GGAATCCATCGTGAAAGGGC,0,4240038
yadE_predicted,0.2,4,4,GGAATCATAGCCGCCACTAT,0,4176315
yadE_predicted,0.2,4,4,GGAAGTAGTAAATTGCCTGT,0,4221848
yadE_predicted,0.2,4,4,GGAAGGAATTTGGGAGTTAG,0,4194996
yadE_predicted,0.2,4,4,GGAAGCGACGTGAGAAACGA,0,4161248
yadE_predicted,0.2,4,4,GGAAGAGTAAGCCGCGCAAG,0,4218193
yadE_predicted,0.2,4,4,GGAACTATACGCACTATGGT,0,4189370
yadE_predicted,0.2,4,4,GGAACGTATAGGGGATCGGT,0,4179265
yadE_predicted,0.2,4,4,GGAACGGATATGGGTAACAT,0,4223157
yadE_predicted,0.2,4,4,GGAACCGAGCTGGACTGCGA,0,4230541
yadE_predicted,0.2,4,4,GCTTTTGGCTTCTTGTTTTG,0,4218479
yadE_predicted,0.2,4,4,GCTTTCCCAAGCGATCTGCA,0,4198952
yadE_predicted,0.2,4,4,GCTTGCTTAAAGGCCTCGCG,0,4203518
yadE_predicted,0.2,4,4,GCTTGCGGAGTATGTCTCTA,0,4230667
yadE_predicted,0.2,4,4,GCTTGAGAACTACCTCCGAC,0,4201913
yadE_predicted,0.2,4,4,GCTTCGGTCAGAGTTATCAT,0,4185425
yadE_predicted,0.2,4,4,GCTGTCAGTCTCGAGTCCAT,0,4180989
yadE_predicted,0.2,4,4,GCTGGTATTACTGTTGGGAC,0,4227944
yadE_predicted,0.2,4,4,GCTGGTAAAAGGCCTTCGTC,0,4206940
yadE_predicted,0.2,4,4,GCTGCGTGTATTTGAGCGTA,0,4174713
yadE_predicted,0.2,4,4,GCTGCGGTGGACGCATACGC,0,4171416
yadE_predicted,0.2,4,4,GCTGACAACCCACTAGATGA,0,4198908
yadE_predicted,0.2,4,4,GCTCTGGCGTTGCCCTGATG,0,4161799
yadE_predicted,0.2,4,4,GCTCCTCGGGCGGATATTTC,0,4199274
yadE_predicted,0.2,4,4,GCTCCCGAATTTCTGAACGA,0,4228372
yadE_predicted,0.2,4,4,GCTCCCACTTACGAGCACAT,0,4184288
yadE_predicted,0.2,4,4,GCTCCATTACGAGAGTGATT,0,4183831
yadE_predicted,0.2,4,4,GCTCATGTTCCCCTATTAGT,0,4238713
yadE_predicted,0.2,4,4,GCTCATAGAAGATGCTGCGC,0,4220724
yadE_predicted,0.2,4,4,GCTCAGCAAGACCTCGATAA,0,4212758
yadE_predicted,0.2,4,4,GCTATGCAGACCTAACGCAA,0,4226977
yadE_predicted,0.2,4,4,GCTATCATGAGAGGGTCCGA,0,4195864
yadE_predicted,0.2,4,4,GCTAGTGATGTACTGGCATA,0,4168973
yadE_predicted,0.2,4,4,GCTAGGGCAGTCCGAGCGCA,0,4182311
yadE_predicted,0.2,4,4,GCTACAACCTCCGAGCCTTG,0,4188486
yadE_predicted,0.2,4,4,GCTAATCAGGCTGGAGCAAC,0,4172708
yadE_predicted,0.2,4,4,GCTAAGGGTGTACCACGTAG,0,4224837
yadE_predicted,0.2,4,4,GCTAAGCCTTGAAGGCTCGG,0,4178542
yadE_predicted,0.2,4,4,GCTAAATGGAGGAAGGTCCT,0,4191169
yadE_predicted,0.2,4,4,GCGTTTTCTGGCGGGAGGTG,0,4237526
yadE_predicted,0.2,4,4,GCGTTGTGCGCAACAATTTC,0,4221165
yadE_predicted,0.2,4,4,GCGTTCAGTGTCGCACGCTT,0,4238991
yadE_predicted,0.2,4,4,GCGTGGGTATAGACTTTCAA,0,4207784
yadE_predicted,0.2,4,4,GCGTCTCGGTTTTTAATGCT,0,4169883
yadE_predicted,0.2,4,4,GCGTCCTGCCGGGTTAAAGT,0,4204375
yadE_predicted,0.2,4,4,GCGGGTCTTGGCAGGTAATG,0,4161074
yadE_predicted,0.2,4,4,GCGGGGATTGTCCGAATAGT,0,4230439
yadE_predicted,0.2,4,4,GCGGCCTTAAGACGTGTTGC,0,4226075
yadE_predicted,0.2,4,4,GCGGCACCCGCCTAGCGGAC,0,4166524
yadE_predicted,0.2,4,4,GCGGCAATTATCACCTTACC,0,4168779
yadE_predicted,0.2,4,4,GCGGAGACATGCGCGACTGC,0,4221193
yadE_predicted,0.2,4,4,GCGGACTTGTACAGCAAGAG,0,4186634
yadE_predicted,0.2,4,4,GCGGACATCGGTTACATCTA,0,4196472
yadE_predicted,0.2,4,4,GCGGAACTGCTCGCCGATTT,0,4232493
yadE_predicted,0.2,4,4,GCGCTCTGCCTAGTGGGGAC,0,4230992
yadE_predicted,0.2,4,4,GCGCGTAGCAGCACGATTAT,0,4237096
yadE_predicted,0.2,4,4,GCGCGTAGAAGCTGATTCGG,0,4177513
yadE_predicted,0.2,4,4,GCGCGCTCCATCAAATTCAA,0,4238790
yadE_predicted,0.2,4,4,GCGCACACGTAGCTATACGA,0,4240370
yadE_predicted,0.2,4,4,GCGCAATGATAGCTGTTTTC,0,4169623
yadE_predicted,0.2,4,4,GCGAGTTGGCCTATTCACAG,0,4226277
yadE_predicted,0.2,4,4,GCGACCTCCGAGCCTGCGCG,0,4165764
yadE_predicted,0.2,4,4,GCGACAACAGTTTTGCGGGA,0,4169971
yadE_predicted,0.2,4,4,GCGAATGGGTACAGTTCACC,0,4169201
yadE_predicted,0.2,4,4,GCGAAACGGCTAGGCAGCAA,0,4223183
yadE_predicted,0.2,4,4,GCCTTGTAAAAACTGACTTA,0,4239305
yadE_predicted,0.2,4,4,GCCTTACCATGGAAATGCAT,0,4202579
yadE_predicted,0.2,4,4,GCCTGGCCCCGGGCCTTTGC,0,4162948
yadE_predicted,0.2,4,4,GCCTGAATTAGTTTGTCGTT,0,4238735
yadE_predicted,0.2,4,4,GCCTCTAAGGTGCGGTGACA,0,4197926
yadE_predicted,0.2,4,4,GCCTATGGTCGTGCCTGGAA,0,4216155
yadE_predicted,0.2,4,4,GCCTATGCTCCACGGTTAAA,0,4241355
yadE_predicted,0.2,4,4,GCCTAGACGCTAGAACCGGC,0,4223812
yadE_predicted,0.2,4,4,GCCTAAGCGTTCTCGCGGGT,0,4183169
yadE_predicted,0.2,4,4,GCCGTGGGATTTGGTAGCCT,0,4179212
yadE_predicted,0.2,4,4,GCCGGGGTTTTAGTGCGGTT,0,4170625
yadE_predicted,0.2,4,4,GCCGGGATAACTACACATCT,0,4161518
yadE_predicted,0.2,4,4,GCCGGAAGGGGATTATGTAC,0,4201906
yadE_predicted,0.2,4,4,GCCGCTGGGCTCGGTCAACT,0,4207829
yadE_predicted,0.2,4,4,GCCGCTCGGCGACATGTCAA,0,4215623
yadE_predicted,0.2,4,4,GCCGACCCAATTGGTCAAAG,0,4209817
yadE_predicted,0.2,4,4,GCCCTCCCGATTTGCGTCGC,0,4170777
yadE_predicted,0.2,4,4,GCCCGAATATTTTATATTTA,0,4164741
yadE_predicted,0.2,4,4,GCCCAGCCAAACGATTGAGT,0,4228217
yadE_predicted,0.2,4,4,GCCCAATTAGATATGTCGCT,0,4159532
yadE_predicted,0.2,4,4,GCCATGCGCAAACCGTCTTG,0,4185866
yadE_predicted,0.2,4,4,GCCATAATAACCAGACGGCC,0,4220158
yadE_predicted,0.2,4,4,GCCAGCCTCGGGAACCTAGC,0,4178309
yadE_predicted,0.2,4,4,GCCAGACTCCACTCTTGGCT,0,4179437
yadE_predicted,0.2,4,4,GCCACTCCGCGAAGGTCAGC,0,4220332
yadE_predicted,0.2,4,4,GCCACACCAAGTTTGTTTCA,0,4236686
yadE_predicted,0.2,4,4,GCCAAGGGAAGTAGATCCGA,0,4160028
yadE_predicted,0.2,4,4,GCCAAACTTCAGATGTTTTG,0,4214001
yadE_predicted,0.2,4,4,GCATTGCCACAATGTTCAGG,0,4173922
yadE_predicted,0.2,4,4,GCATTCCAACCCCATTGACG,0,4202166
yadE_predicted,0.2,4,4,GCATGTGGCATCGGCTCAGG,0,4215857
yadE_predicted,0.2,4,4,GCATGAACGTCAATATTTTA,0,4197986
yadE_predicted,0.2,4,4,GCATCAGCAATCCTATTAAA,0,4220662
yadE_predicted,0.2,4,4,GCAGTTCAGTGTCCTGCGCT,0,4220265
yadE_predicted,0.2,4,4,GCAGGTCGTATTCATGGGCA,0,4218384
yadE_predicted,0.2,4,4,GCAGGGGGGTCGCTATTCAT,0,4174399
yadE_predicted,0.2,4,4,GCAGGGCTCGCGAACCAGAC,0,4192014
yadE_predicted,0.2,4,4,GCAGGCCCAAACCTTTACGC,0,4200777
yadE_predicted,0.2,4,4,GCAGCCCCGCTCCCATGTCA,0,4227461
yadE_predicted,0.2,4,4,GCAGATAATCGAAGTAAGTA,0,4190341
yadE_predicted,0.2,4,4,GCAGAGCTGCCTATGACAAT,0,4193601
yadE_predicted,0.2,4,4,GCAGACGAACCTACCCTCTT,0,4207949
yadE_predicted,0.2,4,4,GCACGGGCTATGATCGCAAG,0,4162727
yadE_predicted,0.2,4,4,GCACGACTCCCAACAGGAGC,0,4176623
yadE_predicted,0.2,4,4,GCACGACCAATCACTCGGAA,0,4218691
yadE_predicted,0.2,4,4,GCACCGGAGCTAAATACACT,0,4197276
yadE_predicted,0.2,4,4,GCACCAGGTTGGAAACTCGA,0,4237423
yadE_predicted,0.2,4,4,GCACAGTGTAGGACATCGCC,0,4209911
yadE_predicted,0.2,4,4,GCACAGAGCCTATAAGCCCG,0,4160468
yadE_predicted,0.2,4,4,GCACACGGGCGGCACGCCGT,0,4218426
yadE_predicted,0.2,4,4,GCAAGTAGCTTTTTGCGTCT,0,4215539
yadE_predicted,0.2,4,4,GCAACTGCCCGAAGCCAATG,0,4205662
yadE_predicted,0.2,4,4,GCAACGTTGACTGCGTCAGT,0,4216682
yadE_predicted,0.2,4,4,GCAAAGTTATTACCTGTTTA,0,4214354
yadE_predicted,0.2,4,4,GATTTTTCTCTCTACTATGT,0,4196498
yadE_predicted,0.2,4,4,GATTTCTTGTCCTGCTGTTC,0,4239842
yadE_predicted,0.2,4,4,GATTTCGTACCATAGGACAA,0,4200142
yadE_predicted,0.2,4,4,GATTTCAGGCGCTAGTTGTT,0,4174466
yadE_predicted,0.2,4,4,GATTTAACCGTACTTTTCAG,0,4215305
yadE_predicted,0.2,4,4,GATTGTCGGTCTACGTATGA,0,4231794
yadE_predicted,0.2,4,4,GATTGGAAGGGCAATGTCAA,0,4220616
yadE_predicted,0.2,4,4,GATTAGAGAACTTTACCGAA,0,4187895
yadE_predicted,0.2,4,4,GATTAACTGGAAACTGGGTA,0,4215525
yadE_predicted,0.2,4,4,GATGTTGCCAAGCTGTTTAC,0,4240129
yadE_predicted,0.2,4,4,GATGGTTGTAATATTTTCGG,0,4203786
yadE_predicted,0.2,4,4,GATGGTGTTTTCATCCCGAC,0,4187187
yadE_predicted,0.2,4,4,GATGGGTGGTTCAGTAGTTT,0,4176045
yadE_predicted,0.2,4,4,GATGCGCTTTGTCCCACGCA,0,4181713
yadE_predicted,0.2,4,4,GATGAGTGCATCGCACATGA,0,4209997
yadE_predicted,0.2,4,4,GATGAAGGAACTAGCGCAGA,0,4185392
yadE_predicted,0.2,4,4,GATGAAACCTAATGGAGTAA,0,4184415
yadE_predicted,0.2,4,4,GATCTCTACGAAGACGGATA,0,4159984
yadE_predicted,0.2,4,4,GATCTCAGATTGAACGTATT,0,4227402
yadE_predicted,0.2,4,4,GATCGCCACATATGTACTGT,0,4237302
yadE_predicted,0.2,4,4,GATCAACGTCCGGGGGCGAC,0,4172424
yadE_predicted,0.2,4,4,GATATTAGTGGTGTTTCGGA,0,4219483
yadE_predicted,0.2,4,4,GATATTAGTCGTCTCCTTCC,0,4179988
yadE_predicted,0.2,4,4,GATATCCCAGAGGCTCCTGT,0,4176418
yadE_predicted,0.2,4,4,GATAGTCGGCCTTCATTGCA,0,4219603
yadE_predicted,0.2,4,4,GATAACAAAGGCTTCCACAC,0,4226176
yadE_predicted,0.2,4,4,GATAAATAAGGCTGCGTGTA,0,4199150
yadE_predicted,0.2,4,4,GAGTTTACTGGCAACCGTTA,0,4173561
yadE_predicted,0.2,4,4,GAGTTGTCGTCATCATGGTG,0,4230433
yadE_predicted,0.2,4,4,GAGTTCTAATACAATTCGGC,0,4192397
yadE_predicted,0.2,4,4,GAGTTATGAACCGTCGCGGT,0,4196391
yadE_predicted,0.2,4,4,GAGGTCTGAGTAGAGTTCAA,0,4195203
yadE_predicted,0.2,4,4,GAGGTCCATCAGAGCTGGGG,0,4229842
yadE_predicted,0.2,4,4,GAGGTAGAGTGATAGCCTAG,0,4184268
yadE_predicted,0.2,4,4,GAGGGGGCTGTTGGTCAGCG,0,4195137
yadE_predicted,0.2,4,4,GAGGGGCACATTCATGGGCG,0,4195321
yadE_predicted,0.2,4,4,GAGGGAGGCTCGTTTCGGAC,0,4178164
yadE_predicted,0.2,4,4,GAGGGACGAACCATCACAGT,0,4231989
yadE_predicted,0.2,4,4,GAGGCTTGTTAGACTCTAGG,0,4187793
yadE_predicted,0.2,4,4,GAGGCTTGGTCCCATCCTTT,0,4229569
yadE_predicted,0.2,4,4,GAGCTATGGTAAATTGTAGT,0,4225513
yadE_predicted,0.2,4,4,GAGCTAGACGTCAAGACTGG,0,4239042
yadE_predicted,0.2,4,4,GAGCGCTTAGACGTGGCGTA,0,4185625
yadE_predicted,0.2,4,4,GAGCCTTTGTCTTCCTTTAT,0,4210939
yadE_predicted,0.2,4,4,GAGCACTCAAAATTGTAGAA,0,4202017
yadE_predicted,0.2,4,4,GAGATAGATTACCATGCCCA,0,4202607
yadE_predicted,0.2,4,4,GAGAGGGGAGATCTGGGTCC,0,4179550
yadE_predicted,0.2,4,4,GAGACCACGTTACAGGCTCT,0,4227423
yadE_predicted,0.2,4,4,GAGAATTGAGCAAAAGAGTC,0,4199445
yadE_predicted,0.2,4,4,GACTGCCGCTGCGTAAGTCG,0,4198824
yadE_predicted,0.2,4,4,GACTGAACATCGCGTTGATA,0,4209446
yadE_predicted,0.2,4,4,GACTCGAATAGTGCCTTTTA,0,4214474
yadE_predicted,0.2,4,4,GACTAAAGAGAATGTCAAGA,0,4221815
yadE_predicted,0.2,4,4,GACGGTCGTTAGTCTGAGGC,0,4200789
yadE_predicted,0.2,4,4,GACGGGGATACCTATAGGAG,0,4225995
yadE_predicted,0.2,4,4,GACGGCTGGATAATCGGTGT,0,4209302
yadE_predicted,0.2,4,4,GACGGCGTAAATGGTGACGT,0,4215288
yadE_predicted,0.2,4,4,GACGGATTTGATTTTGGCTG,0,4187776
yadE_predicted,0.2,4,4,GACGCCCAGGATGCCCGGTC,0,4231728
yadE_predicted,0.2,4,4,GACGAACTTAGTCACATTAG,0,4187150
yadE_predicted,0.2,4,4,GACCTTGCAATAACCTTGTG,0,4231835
yadE_predicted,0.2,4,4,GACCTCATTCAGGCAAGTAG,0,4183815
yadE_predicted,0.2,4,4,GACCTAGTCGCCACGAGAGC,0,4225633
yadE_predicted,0.2,4,4,GACCTACGGGCAAGACACCG,0,4181148
yadE_predicted,0.2,4,4,GACCTACATCGCAAGAATCG,0,4211452
yadE_predicted,0.2,4,4,GACCGGCCACTGCGCTCTCC,0,4226253
yadE_predicted,0.2,4,4,GACCCAATCTGCGCTCACGA,0,4206737
yadE_predicted,0.2,4,4,GACCCAACGGTTGCCTTCAC,0,4194000
yadE_predicted,0.2,4,4,GACCAATGTCCTCTCTCGAT,0,4221730
yadE_predicted,0.2,4,4,GACCAAGACCCGATACACTG,0,4160906
yadE_predicted,0.2,4,4,GACATCAGCCATAGCGACTG,0,4215952
yadE_predicted,0.2,4,4,GACAGTCAAATGGGTGCCTG,0,4234385
yadE_predicted,0.2,4,4,GACAGGCTGTTTTCCTACAC,0,4240151
yadE_predicted,0.2,4,4,GACAGACCTTGTTAGACGGC,0,4182698
yadE_predicted,0.2,4,4,GACACTGTAACCAAGAGAAT,0,4162856
yadE_predicted,0.2,4,4,GACACGGTGCACGGTCCCGA,0,4196865
yadE_predicted,0.2,4,4,GACACCGTGATCCGGACGAA,0,4223056
yadE_predicted,0.2,4,4,GACAATAACGTACGCGAGGT,0,4202238
yadE_predicted,0.2,4,4,GACAACGTCAATAGGTGGTT,0,4231151
yadE_predicted,0.2,4,4,GAATTGATGTAGGTTATCGT,0,4214247
yadE_predicted,0.2,4,4,GAATGGGTGTGCCCAACTTG,0,4206155
yadE_predicted,0.2,4,4,GAATCGGCGTGTCAGCAAGG,0,4217426
yadE_predicted,0.2,4,4,GAATCGATGTCAATGGTCAC,0,4193591
yadE_predicted,0.2,4,4,GAATCCGTCGTAGCGCCGAC,0,4197471
yadE_predicted,0.2,4,4,GAATACCCCATGAACTCTGT,0,4203698
yadE_predicted,0.2,4,4,GAAGTAACTCATCACTTTGG,0,4164967
yadE_predicted,0.2,4,4,GAAGGCTCATGCATTCATGT,0,4214023
yadE_predicted,0.2,4,4,GAAGCCAGGACGAATCCCCC,0,4213586
yadE_predicted,0.2,4,4,GAAGCAAGGTAACCCGAATG,0,4220377
yadE_predicted,0.2,4,4,GAAGAATCGTGTCTCGATCA,0,4186026
yadE_predicted,0.2,4,4,GAAGAAGTAAGGTAATAGAA,0,4189335
yadE_predicted,0.2,4,4,GAACTGGGTCTAGTTAAAGG,0,4202976
yadE_predicted,0.2,4,4,GAACTGGAAACATGCATGTT,0,4228333
yadE_predicted,0.2,4,4,GAACATTACCTACCGACCAA,0,4205432
yadE_predicted,0.2,4,4,GAAATATTACTGTATGTTGG,0,4188320
yadE_predicted,0.2,4,4,GAAAGTTCTAAGATGATCAA,0,4191333
yadE_predicted,0.2,4,4,GAAAGGATAGTTCCGTCTAA,0,4209590
yadE_predicted,0.2,4,4,GAAAGGAGATAAGTAGCAAA,0,4177605
yadE_predicted,0.2,4,4,GAAACAGTTGCCTCGTTTTC,0,4195329
yadE_predicted,0.2,4,4,GAAACAGAAAGAGGTCAGTG,0,4226681
yadE_predicted,0.2,4,4,GAAACAAAACCACCCTTGGT,0,4227040
yadE_predicted,0.2,4,4,GAAAATTGGGGACACCTATA,0,4222636
yadE_predicted,0.2,4,4,GAAAATGCTCTGTGTTGGTA,0,4203024
yadE_predicted,0.2,4,4,GAAAACGAGGGAGCCTAAGC,0,4163344
yadE_predicted,0.2,4,4,GAAAAATGGTGACCAAACTA,0,4161813
yadE_predicted,0.2,4,4,CTTTTCTGCGACGCGGTAAT,0,4199684
yadE_predicted,0.2,4,4,CTTTGTGTTGCACTCAGCCT,0,4215452
yadE_predicted,0.2,4,4,CTTTGGGGATGCGTTAAGAG,0,4175586
yadE_predicted,0.2,4,4,CTTTCATATACCGATGACGG,0,4193282
yadE_predicted,0.2,4,4,CTTTAGCTAACGAATTGAGG,0,4167853
yadE_predicted,0.2,4,4,CTTGTGGAAAATACCAAGTC,0,4225838
yadE_predicted,0.2,4,4,CTTGTGCTTCTGATAGCAGC,0,4190747
yadE_predicted,0.2,4,4,CTTGTCGGAATATTTGGAGA,0,4215445
yadE_predicted,0.2,4,4,CTTGTAATCCAATAGTCAAT,0,4237067
yadE_predicted,0.2,4,4,CTTGGCTACCCACATCAGTA,0,4185247
yadE_predicted,0.2,4,4,CTTGCTTATAGGTCTTCACC,0,4221089
yadE_predicted,0.2,4,4,CTTGCGCAAGTGGACCTTGA,0,4225340
yadE_predicted,0.2,4,4,CTTGAGGACGCCCGGCAATT,0,4224701
yadE_predicted,0.2,4,4,CTTGAGCAAGAAGGTGAGTG,0,4200295
yadE_predicted,0.2,4,4,CTTGACCTACACTGTGTCGT,0,4180461
yadE_predicted,0.2,4,4,CTTGAACGCTGCTGTAGGCT,0,4180273
yadE_predicted,0.2,4,4,CTTCTTTGCTAGGAAACTAG,0,4201915
yadE_predicted,0.2,4,4,CTTCTTGTGATTGAAGGGTG,0,4216981
yadE_predicted,0.2,4,4,CTTCTGTCGGTCCGTTACCA,0,4186366
yadE_predicted,0.2,4,4,CTTCGGCTGTTCCTGCGTCC,0,4178196
yadE_predicted,0.2,4,4,CTTCCTATAACCGTGTTCAG,0,4162876
yadE_predicted,0.2,4,4,CTTCCCACAGACAATCCGAT,0,4214122
yadE_predicted,0.2,4,4,CTTCAGTTGCGATTGATGAA,0,4222897
yadE_predicted,0.2,4,4,CTTCACCCATGGGCCGTACG,0,4229960
yadE_predicted,0.2,4,4,CTTCAAAGTCCCATACCAGA,0,4230569
yadE_predicted,0.2,4,4,CTTATTTCCGTACGATCGAC,0,4172977
yadE_predicted,0.2,4,4,CTTATGACAAAGGTATAGTA,0,4163297
yadE_predicted,0.2,4,4,CTTATAGGAAATATCCGGCT,0,4230063
yadE_predicted,0.2,4,4,CTTAGTACCTTAGCCCGAAA,0,4221731
yadE_predicted,0.2,4,4,CTTAGATCTATCCGGTCTAG,0,4223229
yadE_predicted,0.2,4,4,CTTACGGTTTGGCGCTCGTC,0,4164726
yadE_predicted,0.2,4,4,CTTACCGCTTCTGGTATTAG,0,4173677
yadE_predicted,0.2,4,4,CTTAAGCCGCCTCCAGGCGA,0,4232574
yadE_predicted,0.2,4,4,CTGTTACTCCGAAATACTTT,0,4232854
yadE_predicted,0.2,4,4,CTGTTACACGTATTTGTTTC,0,4187698
yadE_predicted,0.2,4,4,CTGTGTAGCCATAGTTATGC,0,4219271
yadE_predicted,0.2,4,4,CTGTGTACTGATTGCTGCTC,0,4211377
yadE_predicted,0.2,4,4,CTGTGAGGGCATTCAAATCT,0,4234148
yadE_predicted,0.2,4,4,CTGTCTCTTTGCACGCACAG,0,4199466
yadE_predicted,0.2,4,4,CTGTCTATCGCGTCGTACCA,0,4190743
yadE_predicted,0.2,4,4,CTGTCCCTCCAAGCTTTGAC,0,4240989
yadE_predicted,0.2,4,4,CTGTCAGTGCTACGTAGGTG,0,4238737
yadE_predicted,0.2,4,4,CTGTACGGAAATGAAACTAT,0,4198472
yadE_predicted,0.2,4,4,CTGTACAGAATAGATCTGAT,0,4163625
yadE_predicted,0.2,4,4,CTGGTATTTGCCTGACCGGT,0,4179626
yadE_predicted,0.2,4,4,CTGGGGGTCTAAGGCTATAA,0,4213779
yadE_predicted,0.2,4,4,CTGGGAGGGTCAGATAGCGC,0,4199493
yadE_predicted,0.2,4,4,CTGGGAATCTACGCGCTCCA,0,4217033
yadE_predicted,0.2,4,4,CTGGCATTCAGGGAAGTCCG,0,4190836
yadE_predicted,0.2,4,4,CTGGCACGAGTATTAGGTGA,0,4201186
yadE_predicted,0.2,4,4,CTGGATCATGGTTACAGGGT,0,4164072
yadE_predicted,0.2,4,4,CTGGACTTCACTGGGAGCGC,0,4168639
yadE_predicted,0.2,4,4,CTGGACTACGTATCACGCTA,0,4212898
yadE_predicted,0.2,4,4,CTGCTTTTCAGGAACCCCGT,0,4165426
yadE_predicted,0.2,4,4,CTGCTGTTTCTTAGGCGCAG,0,4230811
yadE_predicted,0.2,4,4,CTGCTGCGGAGACTCCGGGT,0,4183833
yadE_predicted,0.2,4,4,CTGCTCCCCAGGCGTATTCT,0,4204707
yadE_predicted,0.2,4,4,CTGCGTACATACGCATCCTG,0,4199967
yadE_predicted,0.2,4,4,CTGCGAACCGGGCGTTCGCC,0,4240056
yadE_predicted,0.2,4,4,CTGCCTCCAGGGCCTGCCCC,0,4236106
yadE_predicted,0.2,4,4,CTGATATTTCTCCGTCTAGG,0,4181537
yadE_predicted,0.2,4,4,CTGATACTAAGGGTCCGAAC,0,4220484
yadE_predicted,0.2,4,4,CTGAGTATCGCCAAGGCTAT,0,4236860
yadE_predicted,0.2,4,4,CTGACTTGATCATCCGTATA,0,4207484
yadE_predicted,0.2,4,4,CTGACGTTACTAAGACGACG,0,4209958
yadE_predicted,0.2,4,4,CTGACCTCCATACGATGCTT,0,4198405
yadE_predicted,0.2,4,4,CTGACCCGTGCCGTCTGTGC,0,4199406
yadE_predicted,0.2,4,4,CTGAAGTCTGGAGTAGAGAT,0,4199634
yadE_predicted,0.2,4,4,CTGAACGGTCAATTTTATTT,0,4161761
yadE_predicted,0.2,4,4,CTGAAAAGGTCTGTCCTGGT,0,4227569
yadE_predicted,0.2,4,4,CTGAAAAATCACCGGGCTTT,0,4207472
yadE_predicted,0.2,4,4,CTCTGGACATTTAAGGAGTT,0,4180328
yadE_predicted,0.2,4,4,CTCTCCAGGGTTGGTCAAGT,0,4234566
yadE_predicted,0.2,4,4,CTCTACTTTAGTTATTCCTT,0,4218707
yadE_predicted,0.2,4,4,CTCTAACTGGGGGCGTGGTC,0,4181738
yadE_predicted,0.2,4,4,CTCTAAAGTTATTTGAGACT,0,4233630
yadE_predicted,0.2,4,4,CTCGCTACCATGTCAATAAC,0,4189819
yadE_predicted,0.2,4,4,CTCGATAGGCCGGGTCACCT,0,4190239
yadE_predicted,0.2,4,4,CTCCTGTGAAACTACGTGAC,0,4178661
yadE_predicted,0.2,4,4,CTCCGTGTCAAGGTCGTAAC,0,4233700
yadE_predicted,0.2,4,4,CTCCGCATGTTCAATTGGGA,0,4208996
yadE_predicted,0.2,4,4,CTCCACTGTGAGTGTATGTA,0,4185283
yadE_predicted,0.2,4,4,CTCATATCGGACTGCGGATT,0,4186722
yadE_predicted,0.2,4,4,CTCATACGTTCCCAACCTTC,0,4180598
yadE_predicted,0.2,4,4,CTCAATACTGCCAATGATTC,0,4196961
yadE_predicted,0.2,4,4,CTCAAGTGGCCATTGAGCTT,0,4239920
yadE_predicted,0.2,4,4,CTCAAGAGCTTCAGGTGACA,0,4228900
yadE_predicted,0.2,4,4,CTCAAATTCTCTATCGGAAT,0,4175742
yadE_predicted,0.2,4,4,CTCAAACGCATGACGTAGTA,0,4231660
yadE_predicted,0.2,4,4,CTATTTACAGAGCATGGTAC,0,4231878
yadE_predicted,0.2,4,4,CTATTGTAATGTTCAGTACT,0,4184276
yadE_predicted,0.2,4,4,CTATTCGCGGTCTTAAAAAG,0,4193858
yadE_predicted,0.2,4,4,CTATTCACCCTAACTCGCCC,0,4217472
yadE_predicted,0.2,4,4,CTATGCTTTGCAGTATGAGA,0,4206094
yadE_predicted,0.2,4,4,CTATGACTTTAGGTGTATCT,0,4228138
yadE_predicted,0.2,4,4,CTATGACCTGGCGGCCCGAT,0,4201698
yadE_predicted,0.2,4,4,CTATCCACTTATCCCATTCC,0,4222764
yadE_predicted,0.2,4,4,CTATCCACGCAACTGGTGCC,0,4161680
yadE_predicted,0.2,4,4,CTATCAGACTTATCTCGAGT,0,4174395
yadE_predicted,0.2,4,4,CTATACCACAAATTAACAGT,0,4159431
yadE_predicted,0.2,4,4,CTAGTGGCCTCGCTGGAGTC,0,4160456
yadE_predicted,0.2,4,4,CTAGTGCGCTTGGAGTATAA,0,4176887
yadE_predicted,0.2,4,4,CTAGTAACGGCGTCCTATAA,0,4161731
yadE_predicted,0.2,4,4,CTAGCTTCAGACCCACCGTT,0,4217030
yadE_predicted,0.2,4,4,CTAGCATCCTCATCTAGTTT,0,4206342
yadE_predicted,0.2,4,4,CTAGAAAGCGAACACGTCCA,0,4185974
yadE_predicted,0.2,4,4,CTACTAATCTCCCTTGTACA,0,4225210
yadE_predicted,0.2,4,4,CTACCTCGTGACCTGAATCC,0,4219893
yadE_predicted,0.2,4,4,CTACCTCCAATCTTTCATTT,0,4226447
yadE_predicted,0.2,4,4,CTACCGGTCATCAGTATTTC,0,4168111
yadE_predicted,0.2,4,4,CTACCATAGCAAATATCAGG,0,4167748
yadE_predicted,0.2,4,4,CTACATGTACTGGTTCCTGA,0,4237218
yadE_predicted,0.2,4,4,CTACATAAGATGGGAAATAT,0,4169694
yadE_predicted,0.2,4,4,CTACAGTTGGCATATGACAT,0,4161301
yadE_predicted,0.2,4,4,CTACAGAGGCGCATTACATG,0,4162564
yadE_predicted,0.2,4,4,CTACAACCTCGTTTACAGGA,0,4212005
yadE_predicted,0.2,4,4,CTAATGTCTGAAAATGTTTT,0,4201397
yadE_predicted,0.2,4,4,CTAAGTCCCACTTGCCAGTG,0,4172674
yadE_predicted,0.2,4,4,CTAAATCTCCATCACTTTAC,0,4202839
yadE_predicted,0.2,4,4,CTAAAAGTGTATTGGTTCAT,0,4208811
yadE_predicted,0.2,4,4,CTAAAAGTGAGCATTCAGCT,0,4169911
yadE_predicted,0.2,4,4,CGTTTTACAAGACCGGCACG,0,4239872
yadE_predicted,0.2,4,4,CGTTTGCAGACAGTCCGAGC,0,4239183
yadE_predicted,0.2,4,4,CGTTTCACAAAGCGATACTT,0,4165670
yadE_predicted,0.2,4,4,CGTTGCTCAAGGCACGCTAC,0,4223616
yadE_predicted,0.2,4,4,CGTTCCCTCAACGCGGAGGC,0,4199604
yadE_predicted,0.2,4,4,CGTTATTAAGAGCATTGGAT,0,4227812
yadE_predicted,0.2,4,4,CGTTATGAAGATTCACGGCA,0,4222315
yadE_predicted,0.2,4,4,CGTTAACTAGCTTCTGCCAA,0,4196977
yadE_predicted,0.2,4,4,CGTGTTCAGCAGAACTGCAG,0,4174144
yadE_predicted,0.2,4,4,CGTGTGGCTGGGGTCCCGCA,0,4233810
yadE_predicted,0.2,4,4,CGTGTCGGAAGCTTACATCC,0,4233807
yadE_predicted,0.2,4,4,CGTGTACGAGCCTTCCTACT,0,4165446
yadE_predicted,0.2,4,4,CGTGGTGGTAGGTTCTCTTA,0,4162456
yadE_predicted,0.2,4,4,CGTGGAAGGTTCGTCCCATT,0,4171198
yadE_predicted,0.2,4,4,CGTGCCAACTAGCGCGAATT,0,4178748
yadE_predicted,0.2,4,4,CGTGCAAGAAAGCTATTGTA,0,4186579
yadE_predicted,0.2,4,4,CGTGAACTGTAGAACAACGC,0,4201572
yadE_predicted,0.2,4,4,CGTCTTACTGCCTGCCGTCA,0,4182573
yadE_predicted,0.2,4,4,CGTCTCTATGGGATACCGAT,0,4177355
yadE_predicted,0.2,4,4,CGTCCGTACGCGTACGCGCG,0,4227311
yadE_predicted,0.2,4,4,CGTCCGGTAAATTGCTGCGG,0,4210467
yadE_predicted,0.2,4,4,CGTCCGCATAGAGCAGATGA,0,4230749
yadE_predicted,0.2,4,4,CGTCATGGGCTGTACATTCA,0,4175481
yadE_predicted,0.2,4,4,CGTCACGACGGACGAACTCT,0,4163903
yadE_predicted,0.2,4,4,CGTATGGAGAGGGCTTTACC,0,4170458
yadE_predicted,0.2,4,4,CGTATCAACCGAGAGGGAGT,0,4172984
yadE_predicted,0.2,4,4,CGTAGCGTCCGGCTTAGGTG,0,4197633
yadE_predicted,0.2,4,4,CGTAGCGGTCGTATCACGCA,0,4230329
yadE_predicted,0.2,4,4,CGTACGTTGGCCCCCAAGAT,0,4162964
yadE_predicted,0.2,4,4,CGTACGTCCTCATCAGCGTT,0,4177351
yadE_predicted,0.2,4,4,CGGTTGCTTCAAGCCTTTGA,0,4221085
yadE_predicted,0.2,4,4,CGGTTCTGACCAGGCGGGCT,0,4222144
yadE_predicted,0.2,4,4,CGGTTAATCGCGTCCTAGTA,0,4235301
yadE_predicted,0.2,4,4,CGGTGTCGCGTGCCGGCTGT,0,4217961
yadE_predicted,0.2,4,4,CGGTGGTAAGCGAGCTCGAG,0,4239971
yadE_predicted,0.2,4,4,CGGTGGATTTGTTAATTGCC,0,4173734
yadE_predicted,0.2,4,4,CGGTGAGCAAGCCTCAGATG,0,4214643
yadE_predicted,0.2,4,4,CGGTCAACATGATGGTTACC,0,4214521
yadE_predicted,0.2,4,4,CGGTATGAGCATTAGTGGCA,0,4209780
yadE_predicted,0.2,4,4,CGGTATGACTTTACAATCTA,0,4231512
yadE_predicted,0.2,4,4,CGGGTTGCATTCCAAGCGTC,0,4218961
yadE_predicted,0.2,4,4,CGGGTTCTCAGAGTGAGGCC,0,4185337
yadE_predicted,0.2,4,4,CGGGTTCGAGGGTATCAGTA,0,4225527
yadE_predicted,0.2,4,4,CGGGTCGCTAGGGCGTGTCT,0,4235824
yadE_predicted,0.2,4,4,CGGGGGTGACAGCAGGCGCC,0,4198568
yadE_predicted,0.2,4,4,CGGGGGTGAACGTGCTTGTA,0,4230365
yadE_predicted,0.2,4,4,CGGGGATGCGGACCATCTTT,0,4176873
yadE_predicted,0.2,4,4,CGGGCGCACTCAGGGCCTAA,0,4193428
yadE_predicted,0.2,4,4,CGGGCGATCAGTGTTGACTC,0,4215744
yadE_predicted,0.2,4,4,CGGGCATACACTATGCCTTC,0,4238541
yadE_predicted,0.2,4,4,CGGGACTATACAGGTTTCTC,0,4173829
yadE_predicted,0.2,4,4,CGGGACCTCTAAAAATATGA,0,4233243
yadE_predicted,0.2,4,4,CGGCTGCGCGGGGTCCCAGT,0,4170074
yadE_predicted,0.2,4,4,CGGCCTGTGGCGCTCCGTAT,0,4167498
yadE_predicted,0.2,4,4,CGGCCGCGTAGTGGGGTTGC,0,4162660
yadE_predicted,0.2,4,4,CGGCCGCGGCAAAGGAATGC,0,4214350
yadE_predicted,0.2,4,4,CGGCAACAAGAGTTTTAACT,0,4195108
yadE_predicted,0.2,4,4,CGGATTTGTCTAGGTTCAGT,0,4237167
yadE_predicted,0.2,4,4,CGGATAGAATGGGATATGAA,0,4196960
yadE_predicted,0.2,4,4,CGGATACCCTCTCCTACAGA,0,4213746
yadE_predicted,0.2,4,4,CGGAGGCGATAATGAAGTCG,0,4165425
yadE_predicted,0.2,4,4,CGGAGCGTCTTTATTAACAT,0,4165821
yadE_predicted,0.2,4,4,CGGACTCCCTCGTCAACTGC,0,4235130
yadE_predicted,0.2,4,4,CGGACCAGACTCGGTGCTTC,0,4205862
yadE_predicted,0.2,4,4,CGGACATAAGCTGGCTAGGG,0,4188628
yadE_predicted,0.2,4,4,CGGACAACTTAAGAACCCAA,0,4208368
yadE_predicted,0.2,4,4,CGCTTGGGTGGAGTCACGGA,0,4213780
yadE_predicted,0.2,4,4,CGCTTGGGTGATACCCTGGA,0,4187696
yadE_predicted,0.2,4,4,CGCTCTGGAGAAGTATATTT,0,4241284
yadE_predicted,0.2,4,4,CGCTCTGCAATATCCCATAG,0,4207657
yadE_predicted,0.2,4,4,CGCGTCTTTGGACTTCTCGA,0,4172622
yadE_predicted,0.2,4,4,CGCGTCTGTATATGGGGTGT,0,4232080
yadE_predicted,0.2,4,4,CGCGGCACGCGAGCACACAC,0,4177859
yadE_predicted,0.2,4,4,CGCGCTTTTCAGATGCGCGT,0,4176111
yadE_predicted,0.2,4,4,CGCGCAACCAGTACCGTCAT,0,4168360
yadE_predicted,0.2,4,4,CGCGATGAAACGCGATCGAA,0,4174108
yadE_predicted,0.2,4,4,CGCGAAGGAAAGCTGTATAT,0,4185754
yadE_predicted,0.2,4,4,CGCCTAAATGCATGAGAAGC,0,4211877
yadE_predicted,0.2,4,4,CGCCGGGCCTTCGTTCGCCC,0,4232456
yadE_predicted,0.2,4,4,CGCCCAGTCCTGTGGGGCCT,0,4227246
yadE_predicted,0.2,4,4,CGCCACACGGGGCCGTAATG,0,4207633
yadE_predicted,0.2,4,4,CGCATTGTCTATACATAATT,0,4211317
yadE_predicted,0.2,4,4,CGCATGTATAAACTATAACG,0,4181242
yadE_predicted,0.2,4,4,CGCACTTTGCATCCCATCTA,0,4200685
yadE_predicted,0.2,4,4,CGCAATAGACCCGGTACCAT,0,4226260
yadE_predicted,0.2,4,4,CGATTGGTCCACGAAAATCG,0,4210093
yadE_predicted,0.2,4,4,CGATGCGCGGGTGTAGCTCA,0,4226550
yadE_predicted,0.2,4,4,CGATGATGGGCAGAAGGTGG,0,4166994
yadE_predicted,0.2,4,4,CGATCGTAGTACGCTCCCTG,0,4194953
yadE_predicted,0.2,4,4,CGATCGGGAGAAACTGCGGC,0,4214075
yadE_predicted,0.2,4,4,CGATACACGGTCGTAATCGA,0,4219770
yadE_predicted,0.2,4,4,CGAGTCAGCTCCTGTCAGGA,0,4172120
yadE_predicted,0.2,4,4,CGAGGTGTCGGGCCTGCGTG,0,4165710
yadE_predicted,0.2,4,4,CGAGGCGCGTCTGTGAACCT,0,4240991
yadE_predicted,0.2,4,4,CGAGGAGAGGGGGACGATAC,0,4203908
yadE_predicted,0.2,4,4,CGAGGACACGATAGCCACCC,0,4193240
yadE_predicted,0.2,4,4,CGAGAAATGGCTCGCCTTGT,0,4201667
yadE_predicted,0.2,4,4,CGACTATTTAGACACCTATA,0,4178605
yadE_predicted,0.2,4,4,CGACGTGGAGTGTTTGTGCG,0,4230671
yadE_predicted,0.2,4,4,CGACCAGCGCACTCAGACAC,0,4226814
yadE_predicted,0.2,4,4,CGAAGGTACACACGTAATGA,0,4183846
yadE_predicted,0.2,4,4,CGAAGGGAAGGCAATTCGCG,0,4181729
yadE_predicted,0.2,4,4,CGAACTCTTCCGGCTAAGTA,0,4229770
yadE_predicted,0.2,4,4,CGAACCTCAGGACACAGTAA,0,4218898
yadE_predicted,0.2,4,4,CCTTTCTTCAGCGCGTACAC,0,4220408
yadE_predicted,0.2,4,4,CCTTCGATTAGATCCTTTTG,0,4227724
yadE_predicted,0.2,4,4,CCTTCCTAGGCACCTCCTTG,0,4161200
yadE_predicted,0.2,4,4,CCTTATGAATCCTTACGAAA,0,4218775
yadE_predicted,0.2,4,4,CCTTATAGTCAGTAACGACT,0,4195450
yadE_predicted,0.2,4,4,CCTTAGGAGGACAAGGCGAT,0,4200389
yadE_predicted,0.2,4,4,CCTTAAAATAGGTTTGTTAC,0,4215913
yadE_predicted,0.2,4,4,CCTGTATAGGATCAGGACCT,0,4207911
yadE_predicted,0.2,4,4,CCTGGTTGTGATAACTCATT,0,4233474
yadE_predicted,0.2,4,4,CCTGGAGGCTACACTTCCTT,0,4207675
yadE_predicted,0.2,4,4,CCTGGAGACTTCTATTTAAA,0,4199278
yadE_predicted,0.2,4,4,CCTGCTTTAGCGCTGGTCAT,0,4230961
yadE_predicted,0.2,4,4,CCTGCCAAATTCTCCTCCGT,0,4170139
yadE_predicted,0.2,4,4,CCTGCACCTGAATATCGTTA,0,4193196
yadE_predicted,0.2,4,4,CCTGATCCATAGCCGTCGGG,0,4199325
yadE_predicted,0.2,4,4,CCTGATAAGTGATGTTGTTG,0,4224184
yadE_predicted,0.2,4,4,CCTGACCGTTATGTACTCAC,0,4168829
yadE_predicted,0.2,4,4,CCTGAATGACATCGGAACAC,0,4172080
yadE_predicted,0.2,4,4,CCTCTGCAGTAAAGGGAAAC,0,4198592
yadE_predicted,0.2,4,4,CCTCTCGAGTCAGTCATGGG,0,4206275
yadE_predicted,0.2,4,4,CCTCGGACATAGAAGTAAGA,0,4201116
yadE_predicted,0.2,4,4,CCTCGCATACATGGGGTCGT,0,4175372
yadE_predicted,0.2,4,4,CCTCGATGTGCTTGGTATCC,0,4234090
yadE_predicted,0.2,4,4,CCTCCCCTGCAGTGCGAGAT,0,4218324
yadE_predicted,0.2,4,4,CCTCAGGTGAACCGTATGGC,0,4218636
yadE_predicted,0.2,4,4,CCTCACCAGCTAAAGTGATA,0,4162997
yadE_predicted,0.2,4,4,CCTATACGCGTAGGTGCGTG,0,4239452
yadE_predicted,0.2,4,4,CCTAGCCGGCGGCGAATACC,0,4233608
yadE_predicted,0.2,4,4,CCTAGAGTGTAAACGCTTAG,0,4223939
yadE_predicted,0.2,4,4,CCTAGAAGAATGTGATCACG,0,4178983
yadE_predicted,0.2,4,4,CCTACTCGGGTATCTTCCGA,0,4226344
yadE_predicted,0.2,4,4,CCTACGTGACCACTACGACA,0,4223601
yadE_predicted,0.2,4,4,CCTACCACGAGGAGGCACCC,0,4222737
yadE_predicted,0.2,4,4,CCTACAGGCTCTCAATATGT,0,4219446
yadE_predicted,0.2,4,4,CCTAAGATGTGTTTGACAGG,0,4210877
yadE_predicted,0.2,4,4,CCGTTGCAAGAGTCTACCGG,0,4169395
yadE_predicted,0.2,4,4,CCGTTGAGCAGACGAGTGTC,0,4199662
yadE_predicted,0.2,4,4,CCGTTCTACCCTATCCACGT,0,4203451
yadE_predicted,0.2,4,4,CCGTAGGGCAGGACAGCTTA,0,4218000
yadE_predicted,0.2,4,4,CCGTAATTTACGGTGGTACC,0,4213287
yadE_predicted,0.2,4,4,CCGGTCCAACTGGGCTATGA,0,4188093
yadE_predicted,0.2,4,4,CCGGGGTTGCGCAAGTTAAA,0,4173294
yadE_predicted,0.2,4,4,CCGGGAGGGCGACTTGACGC,0,4241450
yadE_predicted,0.2,4,4,CCGGCTTCGGGACACGGCTC,0,4224666
yadE_predicted,0.2,4,4,CCGGCATTGCGGCCAAATTT,0,4218022
yadE_predicted,0.2,4,4,CCGGCACCGGACAGACCGAA,0,4184864
yadE_predicted,0.2,4,4,CCGGAATTGCTACGTCCTTC,0,4203722
yadE_predicted,0.2,4,4,CCGCATACTAATCAGACCAT,0,4203991
yadE_predicted,0.2,4,4,CCGCACGAATGCAAAAACAC,0,4168688
yadE_predicted,0.2,4,4,CCGATTGTAAACCTCGCTAT,0,4216830
yadE_predicted,0.2,4,4,CCGATGGCGCGGTGATGTCC,0,4196705
yadE_predicted,0.2,4,4,CCGATGAAGACACGCCCGTT,0,4170979
yadE_predicted,0.2,4,4,CCGAGTGGATGAACGCGATT,0,4208899
yadE_predicted,0.2,4,4,CCGAGGAGCTAATCCGAAAC,0,4235738
yadE_predicted,0.2,4,4,CCGAGAATTCTACGTCCGCT,0,4196354
yadE_predicted,0.2,4,4,CCGACTTTGACCTATCTAGT,0,4199543
yadE_predicted,0.2,4,4,CCGACAAAGGTACATCTGAA,0,4226387
yadE_predicted,0.2,4,4,CCGAAGGGCTCCGACGTGAC,0,4200591
yadE_predicted,0.2,4,4,CCGAAAAACGAGTTCGCTGG,0,4182222
yadE_predicted,0.2,4,4,CCCTTGGCACCGTCAAGCCA,0,4201296
yadE_predicted,0.2,4,4,CCCTTCCAGTAATAATAGCA,0,4223734
yadE_predicted,0.2,4,4,CCCTTCAGATGAGCGGACTA,0,4239235
yadE_predicted,0.2,4,4,CCCTGTGAAGCTCTGGGGTT,0,4212014
yadE_predicted,0.2,4,4,CCCTGACTAAGCCATATGTT,0,4176407
yadE_predicted,0.2,4,4,CCCTCTTTCCATGTACGGCT,0,4234509
yadE_predicted,0.2,4,4,CCCTCGTATGTGCTTTGAGA,0,4173864
yadE_predicted,0.2,4,4,CCCTCGTAGTTTGTACAAAC,0,4172605
yadE_predicted,0.2,4,4,CCCTCGTAATCGCTGCTCGC,0,4174560
yadE_predicted,0.2,4,4,CCCTACCCGACGCTGCTTAC,0,4205710
yadE_predicted,0.2,4,4,CCCGTCTCTGGTGGTATGCA,0,4227229
yadE_predicted,0.2,4,4,CCCGTAGTCATTTTCGCTAA,0,4208498
yadE_predicted,0.2,4,4,CCCGTAGGTACCTGCTGTTG,0,4199082
yadE_predicted,0.2,4,4,CCCGGTGTGCAATTAAGCCT,0,4205296
yadE_predicted,0.2,4,4,CCCGGGGCGCCACCAAAGGT,0,4210878
yadE_predicted,0.2,4,4,CCCGATGATTAGAAGCAAGG,0,4216684
yadE_predicted,0.2,4,4,CCCGATGACGATCTAGGGGG,0,4226908
yadE_predicted,0.2,4,4,CCCGATCGCCGCAGACAACA,0,4216710
yadE_predicted,0.2,4,4,CCCGATAGGGATCCACTACA,0,4220839
yadE_predicted,0.2,4,4,CCCGAGGACCCTCTAAAAAG,0,4232316
yadE_predicted,0.2,4,4,CCCCTGAAGGGCTATCCACA,0,4234010
yadE_predicted,0.2,4,4,CCCCTCGTGACAAGAGGGCA,0,4185390
yadE_predicted,0.2,4,4,CCCCGTATGCCTCAGCCTAT,0,4161620
yadE_predicted,0.2,4,4,CCCCGGCGCGCGACACACGA,0,4218792
yadE_predicted,0.2,4,4,CCCCGAGTCAAATAGAATTG,0,4165967
yadE_predicted,0.2,4,4,CCCCCACTAAGACCTATCGT,0,4220194
yadE_predicted,0.2,4,4,CCCCAGGGCTTCTGGCCGGA,0,4225078
yadE_predicted,0.2,4,4,CCCATTTCAAGGATGTTTTC,0,4174519
yadE_predicted,0.2,4,4,CCCATTCCAGAAGAGCGCGC,0,4235909
yadE_predicted,0.2,4,4,CCCATTACATGCTTGCACAA,0,4163019
yadE_predicted,0.2,4,4,CCCATATTATCCTCTGGCCC,0,4182727
yadE_predicted,0.2,4,4,CCCAGTTGGATGGAGATTGC,0,4214482
yadE_predicted,0.2,4,4,CCCAGCCTCAGTTTAATTAT,0,4212638
yadE_predicted,0.2,4,4,CCCAGAACTCGGAGTACCCA,0,4200573
yadE_predicted,0.2,4,4,CCCACTATATGGAAAGACAA,0,4189113
yadE_predicted,0.2,4,4,CCCACCCCAAAAGGCCGAGC,0,4206537
yadE_predicted,0.2,4,4,CCCAATACGTTTCAAATGTG,0,4167906
yadE_predicted,0.2,4,4,CCCAACAGTCCTAGGTGCTA,0,4173383
yadE_predicted,0.2,4,4,CCATTTCACGTTCCAACGGT,0,4207552
yadE_predicted,0.2,4,4,CCATTTAGGGATCCCTCGGA,0,4206540
yadE_predicted,0.2,4,4,CCATTCTCGGCTCCCCGTGC,0,4207091
yadE_predicted,0.2,4,4,CCATTCGCAGTTTGGAGTGT,0,4204115
yadE_predicted,0.2,4,4,CCATTCCTATCTGTCAGTAT,0,4234382
yadE_predicted,0.2,4,4,CCATAGCAGCATATTGCCTT,0,4185233
yadE_predicted,0.2,4,4,CCATACTTGGCCAGGTAGGC,0,4174394
yadE_predicted,0.2,4,4,CCATACTGCTGAAGTCGAGC,0,4208429
yadE_predicted,0.2,4,4,CCATACTCAATGATCCGACA,0,4177195
yadE_predicted,0.2,4,4,CCAGTGGAGCCACATTCAAA,0,4178327
yadE_predicted,0.2,4,4,CCAGTCCATCGGGGTTGGTA,0,4170461
yadE_predicted,0.2,4,4,CCAGGCGGGTGTTAGGTCCC,0,4227555
yadE_predicted,0.2,4,4,CCAGGCGGCCCCGAATCGGA,0,4169165
yadE_predicted,0.2,4,4,CCAGGAGTCGAATTACGGTA,0,4236714
yadE_predicted,0.2,4,4,CCAGGAGACGGAAACGATCT,0,4239594
yadE_predicted,0.2,4,4,CCAGGACCCCGGGGCAAGAG,0,4180879
yadE_predicted,0.2,4,4,CCAGCGTACAACACCCGTCT,0,4187874
yadE_predicted,0.2,4,4,CCAGCGAAAAAGTGAGCGCC,0,4231990
yadE_predicted,0.2,4,4,CCAGCCAGAAACTGCAGTAT,0,4176577
yadE_predicted,0.2,4,4,CCACTATAATTCAGGACCAA,0,4184470
yadE_predicted,0.2,4,4,CCACGTAAAAAGTGTCAACC,0,4164324
yadE_predicted,0.2,4,4,CCACCTGGCTGGTCGCCTTT,0,4206817
yadE_predicted,0.2,4,4,CCACCTCGTGGCAATAATGG,0,4224472
yadE_predicted,0.2,4,4,CCACCGCTAAAAAGCGTCTA,0,4220778
yadE_predicted,0.2,4,4,CCACCAACCAAGAGAGACAT,0,4230363
yadE_predicted,0.2,4,4,CCACAAGGGCTTATGCGAAG,0,4180217
yadE_predicted,0.2,4,4,CCAATATCTGGGATTAGGAG,0,4194505
yadE_predicted,0.2,4,4,CCAAGGCCTGCTCGCTTCAA,0,4209047
yadE_predicted,0.2,4,4,CCAAGCCTGGTCTCTGCGGA,0,4217733
yadE_predicted,0.2,4,4,CCAACAGCGCCGGGGAATCA,0,4231282
yadE_predicted,0.2,4,4,CCAAAGTAAATACTACACAT,0,4169849
yadE_predicted,0.2,4,4,CCAAAAAAGAAGGGCTGATC,0,4222286
yadE_predicted,0.2,4,4,CATTTGACAGATGGATTACT,0,4233645
yadE_predicted,0.2,4,4,CATTTAGTCTAGGAATTTGA,0,4194345
yadE_predicted,0.2,4,4,CATTGGGTTATCACCGGCGA,0,4208363
yadE_predicted,0.2,4,4,CATTGGAACTCATAAGTACT,0,4190221
yadE_predicted,0.2,4,4,CATTGCCCAATCTAGTCGTT,0,4222595
yadE_predicted,0.2,4,4,CATTGAATTAGAACGCGAGT,0,4233084
yadE_predicted,0.2,4,4,CATTGAACGCGTTGGTATTC,0,4197348
yadE_predicted,0.2,4,4,CATTCTGTAACGAGACTCAC,0,4171226
yadE_predicted,0.2,4,4,CATTCGCTTGCTTTTACGGT,0,4204042
yadE_predicted,0.2,4,4,CATTCCGAGGCCGGGGGACA,0,4220970
yadE_predicted,0.2,4,4,CATTCCCGCAAACTCGCTCT,0,4159593
yadE_predicted,0.2,4,4,CATTAAGTTCTCTGGCTCCG,0,4197209
yadE_predicted,0.2,4,4,CATGTGGTCGTATTTGCTTG,0,4225738
yadE_predicted,0.2,4,4,CATGTAGGCTCCCGAAACGC,0,4236474
yadE_predicted,0.2,4,4,CATGGGGTGAGGATGCTACA,0,4198466
yadE_predicted,0.2,4,4,CATGGCGAATCTTGTATTGC,0,4183740
yadE_predicted,0.2,4,4,CATGCTTTATCACAAAAGGT,0,4188034
yadE_predicted,0.2,4,4,CATGCTCAAGGTATGTCTCC,0,4159399
yadE_predicted,0.2,4,4,CATGCGTCTGCCTAAATTGT,0,4224587
yadE_predicted,0.2,4,4,CATGCGTAACCGTACGCACT,0,4198042
yadE_predicted,0.2,4,4,CATGATCATAGTGCTAGTGA,0,4218318
yadE_predicted,0.2,4,4,CATGACTCTAGGTGGCGGGT,0,4168638
yadE_predicted,0.2,4,4,CATGACAATGGAAGGTCACT,0,4170561
yadE_predicted,0.2,4,4,CATCTGATCTCACTGGTTAA,0,4179680
yadE_predicted,0.2,4,4,CATCTGATACAGAACGAGGA,0,4225902
yadE_predicted,0.2,4,4,CATATTTTTATTTGAAATAA,0,4185047
yadE_predicted,0.2,4,4,CATATCGTCGGGCGAAAAAT,0,4194666
yadE_predicted,0.2,4,4,CATATCCCTCGGGGTCATAC,0,4233760
yadE_predicted,0.2,4,4,CATAGTTTCAGGCAGAGCAT,0,4231093
yadE_predicted,0.2,4,4,CATACTGCGGACCTTGGTAG,0,4184876
yadE_predicted,0.2,4,4,CATACGCGAAACAAGGAATC,0,4221568
yadE_predicted,0.2,4,4,CATAACCCTGCCGACTACAA,0,4193934
yadE_predicted,0.2,4,4,CAGTTTTGGCCTCCTGATGT,0,4217424
yadE_predicted,0.2,4,4,CAGTTTCGTCGGGCTCATCC,0,4205804
yadE_predicted,0.2,4,4,CAGTCCGGCTTAGGTATTCC,0,4164319
yadE_predicted,0.2,4,4,CAGTAACCAGACTTCCTAGG,0,4193925
yadE_predicted,0.2,4,4,CAGGCGACACATCCGAAGGA,0,4200300
yadE_predicted,0.2,4,4,CAGGCCGTAGCAGCAGAACG,0,4183017
yadE_predicted,0.2,4,4,CAGGACATCAATCTGTCACA,0,4215742
yadE_predicted,0.2,4,4,CAGCTTAGAGCAACGATATA,0,4195872
yadE_predicted,0.2,4,4,CAGCTGTACCTTAGATACTT,0,4208328
yadE_predicted,0.2,4,4,CAGCTCTTGCAAAGATCGGT,0,4175479
yadE_predicted,0.2,4,4,CAGCTCGACGGACCGCGAAG,0,4228880
yadE_predicted,0.2,4,4,CAGCTACTCTGTGAACTCAA,0,4235294
yadE_predicted,0.2,4,4,CAGCTAAGGTCTATAAACAT,0,4215371
yadE_predicted,0.2,4,4,CAGCGATCCCTATGCGAATA,0,4202471
yadE_predicted,0.2,4,4,CAGCCATCAGATACCGACGT,0,4199981
yadE_predicted,0.2,4,4,CAGCATACGCTGTGTATCTA,0,4159460
yadE_predicted,0.2,4,4,CAGCACTTCATCTGCGATCC,0,4191112
yadE_predicted,0.2,4,4,CAGATGTCGTGGACACGCTA,0,4230033
yadE_predicted,0.2,4,4,CAGATAGATTCCCATCGCCT,0,4192171
yadE_predicted,0.2,4,4,CAGAGGCTCCAATTTATGAG,0,4238006
yadE_predicted,0.2,4,4,CAGACGATGGCGTTGCAGCA,0,4202878
yadE_predicted,0.2,4,4,CAGACCGAGAATACCGGCCG,0,4229896
yadE_predicted,0.2,4,4,CAGAATGGCTGGGGATACTT,0,4224349
yadE_predicted,0.2,4,4,CACTTGCGCTTCTTTTTAAT,0,4205906
yadE_predicted,0.2,4,4,CACTTCGTAGCCATCGTTCC,0,4176926
yadE_predicted,0.2,4,4,CACTGTCCCGATGTTTGAAC,0,4198719
yadE_predicted,0.2,4,4,CACTGGTAACTACGTCGCGA,0,4172648
yadE_predicted,0.2,4,4,CACTCGCGAAATCTGCGAAA,0,4226113
yadE_predicted,0.2,4,4,CACTCCTGTGAGGAGCCTTT,0,4165403
yadE_predicted,0.2,4,4,CACTCCTGCGTAGAGTCTGC,0,4193578
yadE_predicted,0.2,4,4,CACTCATAGTATAGTGATCA,0,4166252
yadE_predicted,0.2,4,4,CACTCACGCGCCTAACGTCC,0,4174818
yadE_predicted,0.2,4,4,CACGTGGATCTTGCCCAGTC,0,4212006
yadE_predicted,0.2,4,4,CACGTAGAAATAATCAGTCT,0,4165318
yadE_predicted,0.2,4,4,CACGGTGCACATGACAGTAT,0,4209142
yadE_predicted,0.2,4,4,CACGGCAGCGTTCCTTCCAG,0,4201644
yadE_predicted,0.2,4,4,CACGGAGTGCCTAAGAATAA,0,4238648
yadE_predicted,0.2,4,4,CACGCTTTAAACTGGACTAC,0,4193255
yadE_predicted,0.2,4,4,CACGCGACCGATATATGAAG,0,4207902
yadE_predicted,0.2,4,4,CACGCCTGGTCCCCCGACGT,0,4218987
yadE_predicted,0.2,4,4,CACGATTATAATAACCTCTT,0,4210869
yadE_predicted,0.2,4,4,CACGAAACGATCCACTTTCA,0,4188085
yadE_predicted,0.2,4,4,CACCGTTTTGCTCTTGTCCT,0,4195954
yadE_predicted,0.2,4,4,CACCGCTATGTCGCTCGTCC,0,4199712
yadE_predicted,0.2,4,4,CACCGATCGGGGACTCGGCT,0,4204821
yadE_predicted,0.2,4,4,CACATTGGGCTACACATTCT,0,4182523
yadE_predicted,0.2,4,4,CACAGTGAACTTATGCCCTC,0,4199368
yadE_predicted,0.2,4,4,CACAGTCCTCTAGGCAGCGA,0,4170563
yadE_predicted,0.2,4,4,CACAGGTCAGGCACATCCAA,0,4203933
yadE_predicted,0.2,4,4,CACAGAGTAAGGGCAATAAT,0,4198629
yadE_predicted,0.2,4,4,CACACGGTTGCTATTGTTGG,0,4198947
yadE_predicted,0.2,4,4,CACACAAGTCGTTGGTTTGG,0,4205601
yadE_predicted,0.2,4,4,CACAATAAAATAAGTAGCAG,0,4237109
yadE_predicted,0.2,4,4,CAATTTGTATAGTCCGGGGC,0,4168092
yadE_predicted,0.2,4,4,CAATTGTGGACCAGAGCCGT,0,4215235
yadE_predicted,0.2,4,4,CAATTCTGTATGGTGTAATT,0,4165156
yadE_predicted,0.2,4,4,CAATCGGGAGGGGGGATAAA,0,4206688
yadE_predicted,0.2,4,4,CAATCATGCTTCATTTATGG,0,4220440
yadE_predicted,0.2,4,4,CAAGTGATGCCGCTGCTTTG,0,4212004
yadE_predicted,0.2,4,4,CAAGGTTATCCTGGTTACCC,0,4214134
yadE_predicted,0.2,4,4,CAAGGACTACCGTCATTATT,0,4177645
yadE_predicted,0.2,4,4,CAAGCTGGGCAGTCTGCCCA,0,4188022
yadE_predicted,0.2,4,4,CAAGCCCGGGCCCTCACGGA,0,4191829
yadE_predicted,0.2,4,4,CAAGCCCATGGGATGAACTA,0,4234951
yadE_predicted,0.2,4,4,CAAGAGCTCGTTCCATAGGT,0,4212663
yadE_predicted,0.2,4,4,CAAGAGCGGAATCGAACCAC,0,4211929
yadE_predicted,0.2,4,4,CAACTCATTAAGGATTCGAT,0,4237232
yadE_predicted,0.2,4,4,CAACTAGCGCAGACGCTTAC,0,4166652
yadE_predicted,0.2,4,4,CAACGGTCACTAGATTTCAA,0,4238323
yadE_predicted,0.2,4,4,CAACGGGTTCTCTGGGCCAT,0,4196731
yadE_predicted,0.2,4,4,CAACGGGCGTACCAGCCAAC,0,4162148
yadE_predicted,0.2,4,4,CAACAAGCATGCATTTCGAA,0,4200703
yadE_predicted,0.2,4,4,CAAATGCCAAGCTAGCTTTT,0,4208275
yadE_predicted,0.2,4,4,CAAAGTCACCAACCGTCCGA,0,4193059
yadE_predicted,0.2,4,4,CAAACCCTATAAACTGCTCT,0,4216837
yadE_predicted,0.2,4,4,CAAAATCGGATGTCTTTAAC,0,4203863
yadE_predicted,0.2,4,4,CAAAAGTCCGGTTACTCCGA,0,4240812
yadE_predicted,0.2,4,4,CAAAAACCTCACAACATGTA,0,4190274
yadE_predicted,0.2,4,4,CAAAAACCACCCTAGAATCT,0,4197856
yadE_predicted,0.2,4,4,ATTTTCAGCTTTATGCACGG,0,4216843
yadE_predicted,0.2,4,4,ATTTGGTCACCCTCGTCACC,0,4204929
yadE_predicted,0.2,4,4,ATTTGCAATGGGCTGGCTCG,0,4212998
yadE_predicted,0.2,4,4,ATTTGAAGTTGGGGGTAGAG,0,4240191
yadE_predicted,0.2,4,4,ATTTATGGGACGCAGTTTTA,0,4173495
yadE_predicted,0.2,4,4,ATTTAGTTATGCCAGAGACA,0,4220634
yadE_predicted,0.2,4,4,ATTTAGAACGCTGGCTATGC,0,4206810
yadE_predicted,0.2,4,4,ATTTACCGAAAGCACTTGGA,0,4166902
yadE_predicted,0.2,4,4,ATTTAACATTAGCGCGGCGG,0,4173806
yadE_predicted,0.2,4,4,ATTGTTGTTTACGTTCAGCT,0,4221696
yadE_predicted,0.2,4,4,ATTGGTATACGTGGGCTATA,0,4168344
yadE_predicted,0.2,4,4,ATTGGCCGACCATTAGCCTG,0,4174268
yadE_predicted,0.2,4,4,ATTGCTAGCCGACCAGGCAA,0,4189489
yadE_predicted,0.2,4,4,ATTGATCGGCTGCGCATCCC,0,4222941
yadE_predicted,0.2,4,4,ATTGAGTGTGTTAACTTTCT,0,4216557
yadE_predicted,0.2,4,4,ATTGAAGTTGTTGGGTCCGC,0,4241251
yadE_predicted,0.2,4,4,ATTCTCGGCCAAGGTACCGT,0,4240793
yadE_predicted,0.2,4,4,ATTCGACGCACAGTATGTTA,0,4225793
yadE_predicted,0.2,4,4,ATTCCAGGTGCTTTGTACAG,0,4188175
yadE_predicted,0.2,4,4,ATTCAATCAGTACTTAGCAG,0,4164224
yadE_predicted,0.2,4,4,ATTATTAAGTTCGAGCTTAA,0,4213562
yadE_predicted,0.2,4,4,ATTATAGCAAGAAGAGCGTC,0,4238866
yadE_predicted,0.2,4,4,ATTATAACTATCTTATAGAT,0,4211168
yadE_predicted,0.2,4,4,ATTAGGTCTCTACTGGGTGG,0,4199091
yadE_predicted,0.2,4,4,ATTAGGACGCACTGGTGCTG,0,4228910
yadE_predicted,0.2,4,4,ATTAGATCGGCAACCCGTCG,0,4231155
yadE_predicted,0.2,4,4,ATTACTTAACGGGGTATCGG,0,4170158
yadE_predicted,0.2,4,4,ATTACAGAAATACTTGAATC,0,4188643
yadE_predicted,0.2,4,4,ATTAATCCCATGTAAAGTAA,0,4169653
yadE_predicted,0.2,4,4,ATTAAGTTAGAGCCAAGCGA,0,4166346
yadE_predicted,0.2,4,4,ATGTTAGTTCACGTCGAGGC,0,4234468
yadE_predicted,0.2,4,4,ATGTTAATCCTAGAGTAAGT,0,4202667
yadE_predicted,0.2,4,4,ATGTGGGGATCTCGGACCGT,0,4193244
yadE_predicted,0.2,4,4,ATGTCGTAAGTAACAATTGC,0,4181152
yadE_predicted,0.2,4,4,ATGTCAGATCCTTGCACCAC,0,4218541
yadE_predicted,0.2,4,4,ATGTCACTATTGTCACAAAT,0,4185858
yadE_predicted,0.2,4,4,ATGTCACCGTGGGACACCAA,0,4188487
yadE_predicted,0.2,4,4,ATGGTTGCGATGATTGCATG,0,4230026
yadE_predicted,0.2,4,4,ATGGGGGTCTATGCAGCGTT,0,4199663
yadE_predicted,0.2,4,4,ATGGGGCTCATCCACCATGA,0,4195654
yadE_predicted,0.2,4,4,ATGGATTGTTAAAAGCTCTT,0,4181505
yadE_predicted,0.2,4,4,ATGGACATGTATGGCGTCGT,0,4203792
yadE_predicted,0.2,4,4,ATGCTTTTTCGGAGTACTTT,0,4191052
yadE_predicted,0.2,4,4,ATGCTTCGTGCAATTTCAAT,0,4211880
yadE_predicted,0.2,4,4,ATGCTAGTCACAGTGTTGGG,0,4195820
yadE_predicted,0.2,4,4,ATGCTACACTGTCTATAGGA,0,4230586
yadE_predicted,0.2,4,4,ATGCGTCAAAAAGGCAGAGG,0,4197711
yadE_predicted,0.2,4,4,ATGCGTAGCATGCTGATTTA,0,4208671
yadE_predicted,0.2,4,4,ATGCCGTAGTATTTCGTCAA,0,4206308
yadE_predicted,0.2,4,4,ATGCCCTCGTTACAAGGCGC,0,4208648
yadE_predicted,0.2,4,4,ATGCCAATATTTAGACATCT,0,4219049
yadE_predicted,0.2,4,4,ATGCAAAGCCTCCTGGCCCC,0,4163452
yadE_predicted,0.2,4,4,ATGATTGCTAGGCGCATCCG,0,4237420
yadE_predicted,0.2,4,4,ATGAGGACACCTGTGAACAT,0,4160062
yadE_predicted,0.2,4,4,ATGACCCCTAAAGGACGAGA,0,4182580
yadE_predicted,0.2,4,4,ATGAATGGTATTCCCGACAT,0,4223027
yadE_predicted,0.2,4,4,ATGAAAGTCAAACACAACAC,0,4219203
yadE_predicted,0.2,4,4,ATCTGTAAATATCAGGTCGT,0,4239753
yadE_predicted,0.2,4,4,ATCTATAGGTCTCTGAAATG,0,4213113
yadE_predicted,0.2,4,4,ATCGGGGATCTTGAGGCCGC,0,4187102
yadE_predicted,0.2,4,4,ATCGGAGTAAAGGGGACCCC,0,4175417
yadE_predicted,0.2,4,4,ATCGGACATGTCAAGCAGAA,0,4175438
yadE_predicted,0.2,4,4,ATCGGAACGGTCGGCGTCTG,0,4179466
yadE_predicted,0.2,4,4,ATCGCATCGCATGGCAGGAT,0,4212123
yadE_predicted,0.2,4,4,ATCGACGTACCAGTTTGTTT,0,4194549
yadE_predicted,0.2,4,4,ATCGAACGCTACAATTAGTA,0,4202912
yadE_predicted,0.2,4,4,ATCGAAAGCCGCGGTTAGAC,0,4179096
yadE_predicted,0.2,4,4,ATCCGTGTGGGCTGCACGCA,0,4221140
yadE_predicted,0.2,4,4,ATCCGTGATTAGGAGACTTC,0,4238916
yadE_predicted,0.2,4,4,ATCCGTCAGTCACTTGTCTT,0,4200894
yadE_predicted,0.2,4,4,ATCCGGCCCATACACTAGCA,0,4188045
yadE_predicted,0.2,4,4,ATCCGCGGCGGGTATTTAAA,0,4167905
yadE_predicted,0.2,4,4,ATCCGCACCACACCCTGGCC,0,4184793
yadE_predicted,0.2,4,4,ATCCCCTCGCGTCCTTTATC,0,4215440
yadE_predicted,0.2,4,4,ATCATTGAGTTTCTGGCGTC,0,4237072
yadE_predicted,0.2,4,4,ATCATATAGGGTGGGTGACC,0,4196571
yadE_predicted,0.2,4,4,ATCATAAGCTTTGCCGGTGC,0,4175099
yadE_predicted,0.2,4,4,ATCAGCGTTGTATCCTCGTG,0,4182236
yadE_predicted,0.2,4,4,ATCACACGTTAGTGGTTACA,0,4227263
yadE_predicted,0.2,4,4,ATCACAACGCAATGACGGTG,0,4204477
yadE_predicted,0.2,4,4,ATCAAGGCCTTCATAGCACT,0,4219358
yadE_predicted,0.2,4,4,ATCAACTATGCACAGATAGC,0,4188941
yadE_predicted,0.2,4,4,ATATTTGGTCACGTCGTCAC,0,4220869
yadE_predicted,0.2,4,4,ATATTTGGCCATTAGCCGAC,0,4223636
yadE_predicted,0.2,4,4,ATATTCTAGTACCAACGAAT,0,4200795
yadE_predicted,0.2,4,4,ATATTCGCCGAGCGAAGCGG,0,4240524
yadE_predicted,0.2,4,4,ATATTCGATTTCACTGTGGT,0,4177106
yadE_predicted,0.2,4,4,ATATTAACGCCCTTGGCATA,0,4239174
yadE_predicted,0.2,4,4,ATATGTGATCGGGGTCGGCA,0,4218167
yadE_predicted,0.2,4,4,ATATGGCAAAGGGGAAGTAT,0,4209357
yadE_predicted,0.2,4,4,ATATGCCCCGTATGGAACGG,0,4231380
yadE_predicted,0.2,4,4,ATATGAGGGTGAGTCGCTCG,0,4178539
yadE_predicted,0.2,4,4,ATATCTTATGGGCATAGACA,0,4202232
yadE_predicted,0.2,4,4,ATATCGCCTGGAAATCGTGG,0,4175236
yadE_predicted,0.2,4,4,ATATCAGGCAAAAAGAACAC,0,4177853
yadE_predicted,0.2,4,4,ATATAGTTTTCGTGCCCTCA,0,4160335
yadE_predicted,0.2,4,4,ATATACTGGAAGTGCAGTAA,0,4172702
yadE_predicted,0.2,4,4,ATAGTTGCTTGTGTCGGAAC,0,4204620
yadE_predicted,0.2,4,4,ATAGTGCAAGTGGGAGCGGA,0,4235432
yadE_predicted,0.2,4,4,ATAGGTTAAGTCAACAGTTC,0,4216347
yadE_predicted,0.2,4,4,ATAGGTCAAGGCCAGGGCAA,0,4210674
yadE_predicted,0.2,4,4,ATAGGCGTACACTTTATGAC,0,4226044
yadE_predicted,0.2,4,4,ATAGGCCACGCGAACAATCC,0,4192232
yadE_predicted,0.2,4,4,ATAGCTTACATCTACCGGGG,0,4171169
yadE_predicted,0.2,4,4,ATAGCCTCGCGGTCAAAATA,0,4160243
yadE_predicted,0.2,4,4,ATAGCCAGCGCTCTCGAGTA,0,4227318
yadE_predicted,0.2,4,4,ATAGAATTTAGATTCAGTGT,0,4210127
yadE_predicted,0.2,4,4,ATAGAACTCTGTGCCAGTTA,0,4169164
yadE_predicted,0.2,4,4,ATACGTGGGGGACGGTATGA,0,4191938
yadE_predicted,0.2,4,4,ATACGACGGACACCACCGTC,0,4166075
yadE_predicted,0.2,4,4,ATACCTGCTATGTTTCACTA,0,4159482
yadE_predicted,0.2,4,4,ATACCGTATAGACCGTTACT,0,4219520
yadE_predicted,0.2,4,4,ATACCACTTACTGTTGTCAC,0,4235370
yadE_predicted,0.2,4,4,ATACATAGTCGTCCACTCGC,0,4208248
yadE_predicted,0.2,4,4,ATACACCGAATCCACGTTGG,0,4236036
yadE_predicted,0.2,4,4,ATACACAATGGCCTCCCGAC,0,4184361
yadE_predicted,0.2,4,4,ATAATTTGTAGCGTGGCTGC,0,4163513
yadE_predicted,0.2,4,4,ATAATGCCGCCTGGGTATTT,0,4206578
yadE_predicted,0.2,4,4,ATAATGACAGCTCCATAAAT,0,4175069
yadE_predicted,0.2,4,4,ATAATCTGAGTATCATATTG,0,4178071
yadE_predicted,0.2,4,4,ATAATAGTGCATTAGTTAGA,0,4189210
yadE_predicted,0.2,4,4,ATAAGGCTGTCCGACCTTTA,0,4194931
yadE_predicted,0.2,4,4,ATAACTCACTCGCTTTGCAT,0,4211518
yadE_predicted,0.2,4,4,ATAACGCCGCACTCTTTGAT,0,4227154
yadE_predicted,0.2,4,4,ATAACCCAAGTTAAGTTCAA,0,4196010
yadE_predicted,0.2,4,4,ATAACCAACTGCGGCGGGGC,0,4192961
yadE_predicted,0.2,4,4,ATAAAGTCAGAGCTCTTCTC,0,4171953
yadE_predicted,0.2,4,4,ATAAAATAGCGGCACGTCTT,0,4231558
yadE_predicted,0.2,4,4,AGTTTCATGGTGTCTCCATC,0,4233622
yadE_predicted,0.2,4,4,AGTTGCAGATATCATATCAG,0,4209006
yadE_predicted,0.2,4,4,AGTTCGAGACTGCAACTTCG,0,4226901
yadE_predicted,0.2,4,4,AGTTCCCCTTAATCCAGTCC,0,4235661
yadE_predicted,0.2,4,4,AGTGCTGTGAAACAGTTTTA,0,4230283
yadE_predicted,0.2,4,4,AGTGCAGGCTTGAGGGAGCC,0,4239365
yadE_predicted,0.2,4,4,AGTGATTCGCGGGTGGGAGT,0,4160017
yadE_predicted,0.2,4,4,AGTGAGGACCGCATACTTTA,0,4207201
yadE_predicted,0.2,4,4,AGTCTGCGAGCTTGGACTTA,0,4233690
yadE_predicted,0.2,4,4,AGTCGGTAGCGTTTGACCAA,0,4206836
yadE_predicted,0.2,4,4,AGTCCGTAGGATCGGACCCA,0,4238450
yadE_predicted,0.2,4,4,AGTCCGGAGACGGGGCCCTT,0,4228151
yadE_predicted,0.2,4,4,AGTCACCCGGTCTCGTGGAG,0,4228613
yadE_predicted,0.2,4,4,AGTCAACTTACGGACCCGCG,0,4236601
yadE_predicted,0.2,4,4,AGTATTAGATAATCCGCTTT,0,4159610
yadE_predicted,0.2,4,4,AGTATCTGGATGAGACCGTC,0,4177483
yadE_predicted,0.2,4,4,AGTACAGATCAGGTCTCAAA,0,4159815
yadE_predicted,0.2,4,4,AGTAAGGCTCAATTGCGGAT,0,4227894
yadE_predicted,0.2,4,4,AGTAACTCGGTTTCGCCGCG,0,4198876
yadE_predicted,0.2,4,4,AGTAAATGAAGCCTACCAAC,0,4194848
yadE_predicted,0.2,4,4,AGGTGGTAGCACGCGTTACA,0,4161131
yadE_predicted,0.2,4,4,AGGTGAGTTAAATGCCCTGA,0,4161305
yadE_predicted,0.2,4,4,AGGTCTGAACCACCCCGTTC,0,4215212
yadE_predicted,0.2,4,4,AGGTCGTCTAGTGCAGGGTT,0,4215615
yadE_predicted,0.2,4,4,AGGTCATGACTATCCAGAGA,0,4220079
yadE_predicted,0.2,4,4,AGGTAGGATCAAATTCAAGA,0,4167003
yadE_predicted,0.2,4,4,AGGTAGCGCCTGCAATTGAG,0,4177060
yadE_predicted,0.2,4,4,AGGTAGAGCCTTTGTACAAC,0,4199237
yadE_predicted,0.2,4,4,AGGGCTCTCCGACAACTAAA,0,4172172
yadE_predicted,0.2,4,4,AGGGCAAGGCCATATTATGC,0,4234597
yadE_predicted,0.2,4,4,AGGGAGTACGTCAGAATTTG,0,4175752
yadE_predicted,0.2,4,4,AGGGACTGTTGCCTTTATAT,0,4234895
yadE_predicted,0.2,4,4,AGGGAAAGCGGAGAACCAAC,0,4202657
yadE_predicted,0.2,4,4,AGGCTTCTTAACCACTGTAG,0,4238354
yadE_predicted,0.2,4,4,AGGCGTGGCAGCACCGGTCA,0,4203695
yadE_predicted,0.2,4,4,AGGCCGTATAGTGCCGCCCT,0,4169148
yadE_predicted,0.2,4,4,AGGCCATTTGACCCTCCGAA,0,4206105
yadE_predicted,0.2,4,4,AGGCAGTGGTACGAGCGTAT,0,4219033
yadE_predicted,0.2,4,4,AGGCACGGTTAATTCAGCTC,0,4231593
yadE_predicted,0.2,4,4,AGGATGGGCCAATTCGGTGT,0,4234530
yadE_predicted,0.2,4,4,AGGAGGGTGAGGACCTGAAT,0,4229548
yadE_predicted,0.2,4,4,AGGAGGAGTCGGTGTGGCTT,0,4210480
yadE_predicted,0.2,4,4,AGGAGCTACCGCTTAGGGCG,0,4170893
yadE_predicted,0.2,4,4,AGGAGATGCCCGCCACAGCA,0,4219790
yadE_predicted,0.2,4,4,AGGAGAACAGACCTCGTAGA,0,4228759
yadE_predicted,0.2,4,4,AGGACCTATCATCCCGTAGA,0,4207534
yadE_predicted,0.2,4,4,AGGAACGATTTGTTGCCAGC,0,4231675
yadE_predicted,0.2,4,4,AGCTTTCCAGAGTAATGAGA,0,4159977
yadE_predicted,0.2,4,4,AGCTTACCTGCACCAGAAGC,0,4220675
yadE_predicted,0.2,4,4,AGCTGTGTTGTATTTAAGAG,0,4208727
yadE_predicted,0.2,4,4,AGCTGTGTGTTGTACGTACG,0,4210251
yadE_predicted,0.2,4,4,AGCTGGGTCCCGACATCGCA,0,4169213
yadE_predicted,0.2,4,4,AGCTGGGGTCTCCAGGGCGG,0,4224451
yadE_predicted,0.2,4,4,AGCTCGTTGCGTGGGGCCTC,0,4187139
yadE_predicted,0.2,4,4,AGCTCGCGATAGGAGAAATG,0,4200616
yadE_predicted,0.2,4,4,AGCTCGAAAGCAATATATGG,0,4169565
yadE_predicted,0.2,4,4,AGCTCCTAACATGGGCAATT,0,4190025
yadE_predicted,0.2,4,4,AGCGTTACGCAGCTTCAATT,0,4197555
yadE_predicted,0.2,4,4,AGCGGTTTGAAGAATCCGGC,0,4169142
yadE_predicted,0.2,4,4,AGCGGTGACGGATACGCCGT,0,4223180
yadE_predicted,0.2,4,4,AGCGGCTAGCTGAAATGTGC,0,4199013
yadE_predicted,0.2,4,4,AGCGGATTGACATAGGTCCA,0,4171043
yadE_predicted,0.2,4,4,AGCGCTTGTCGGAACGGGAG,0,4160631
yadE_predicted,0.2,4,4,AGCGCCGCGGGCGAAGGACA,0,4231101
yadE_predicted,0.2,4,4,AGCCGGTAGGTCGGAGGAAC,0,4205100
yadE_predicted,0.2,4,4,AGCCGGGGCATCGTTTTAGT,0,4198496
yadE_predicted,0.2,4,4,AGCCCTATATTAGCGGAGAG,0,4232944
yadE_predicted,0.2,4,4,AGCCCTACGCCACGGTGGAT,0,4235737
yadE_predicted,0.2,4,4,AGCCCCACAGCGTCAGCAGA,0,4221102
yadE_predicted,0.2,4,4,AGCCAGATATTGACAATACT,0,4194138
yadE_predicted,0.2,4,4,AGCATTGTCAGCCTCGTCGG,0,4163035
yadE_predicted,0.2,4,4,AGCATCTACCCAACCCGTTT,0,4201602
yadE_predicted,0.2,4,4,AGCATAGCATAACCATCAGC,0,4224284
yadE_predicted,0.2,4,4,AGCAGGGGTTGAAGATACCA,0,4183622
yadE_predicted,0.2,4,4,AGCAGGCTGTCGTGGTGTAG,0,4195825
yadE_predicted,0.2,4,4,AGCAAATTCCATCCCTGGTA,0,4166554
yadE_predicted,0.2,4,4,AGATTTTACTGGGCCACCGT,0,4191773
yadE_predicted,0.2,4,4,AGATTTCGTCTCACCCCGGA,0,4174899
yadE_predicted,0.2,4,4,AGATTGCCATGCTTAAAGTA,0,4188654
yadE_predicted,0.2,4,4,AGATTCTGCACTTCTGAGTA,0,4161146
yadE_predicted,0.2,4,4,AGATTATGAGACCTGCATGG,0,4186532
yadE_predicted,0.2,4,4,AGATGGGTTTTTTAGGCGCA,0,4235673
yadE_predicted,0.2,4,4,AGATGCTTACATACGCCGGA,0,4241007
yadE_predicted,0.2,4,4,AGATGCCACACAAGAAAAAC,0,4214936
yadE_predicted,0.2,4,4,AGATCTAACAGGTGAAGTAC,0,4174632
yadE_predicted,0.2,4,4,AGATAGGCCGGGCATTTACA,0,4215902
yadE_predicted,0.2,4,4,AGAGTTGGTCGCGGGTAGAG,0,4184172
yadE_predicted,0.2,4,4,AGAGTTCCTCCTTCATGCAG,0,4193583
yadE_predicted,0.2,4,4,AGAGGGAGCCTAGAAGAGAT,0,4185657
yadE_predicted,0.2,4,4,AGAGGCGTATTCCAGAACCA,0,4184816
yadE_predicted,0.2,4,4,AGAGCTGGTGAGTGATTGTC,0,4236351
yadE_predicted,0.2,4,4,AGAGCCGTTTCCTGTATTAA,0,4171527
yadE_predicted,0.2,4,4,AGAGATAAATCAAGCCATTG,0,4192912
yadE_predicted,0.2,4,4,AGAGACTGAATTGTTTTATA,0,4166706
yadE_predicted,0.2,4,4,AGACTGCTGGCAGACGTAGT,0,4168094
yadE_predicted,0.2,4,4,AGACTGCGGAGATACTACAT,0,4235171
yadE_predicted,0.2,4,4,AGACTATGTCTGCGGCCACC,0,4235250
yadE_predicted,0.2,4,4,AGACGGACTACAATGAGGAT,0,4183068
yadE_predicted,0.2,4,4,AGACGCTAGATCGTTCGCTT,0,4165089
yadE_predicted,0.2,4,4,AGACGCGCATCAACGAGGCC,0,4237527
yadE_predicted,0.2,4,4,AGACGCATACCGCGTAGAAC,0,4173918
yadE_predicted,0.2,4,4,AGACAGCCGGCGGGAACAGC,0,4188407
yadE_predicted,0.2,4,4,AGACAACGGGTGGGTAGATG,0,4226163
yadE_predicted,0.2,4,4,AGACAAAGGTGACGCCGGTC,0,4175065
yadE_predicted,0.2,4,4,AGAATTGCGTTAAAGATCTA,0,4176637
yadE_predicted,0.2,4,4,AGAATCGATCAGCCAAGACC,0,4217092
yadE_predicted,0.2,4,4,AGAAGTGAATTGGACCACTC,0,4212019
yadE_predicted,0.2,4,4,AGAAGCCATGTGTTTGGGAG,0,4186698
yadE_predicted,0.2,4,4,AGAACCAGGGTGGCAGAGTG,0,4211368
yadE_predicted,0.2,4,4,AGAACAACAGGGACTTTGCC,0,4209945
yadE_predicted,0.2,4,4,AGAAATAAATCTTACACCTG,0,4222036
yadE_predicted,0.2,4,4,AGAAAGCTGTTGGAGGACTC,0,4171215
yadE_predicted,0.2,4,4,AGAAACATTTTGTCTATTCA,0,4186480
yadE_predicted,0.2,4,4,ACTTTCGCCCGACCCAACGT,0,4181095
yadE_predicted,0.2,4,4,ACTTTCCGCCAAATAGGTCT,0,4233349
yadE_predicted,0.2,4,4,ACTTGTAAAGTCTTCTACCC,0,4162624
yadE_predicted,0.2,4,4,ACTTGGAGTATAAGATCGTG,0,4240705
yadE_predicted,0.2,4,4,ACTTGGACGACACCTCCAAC,0,4238193
yadE_predicted,0.2,4,4,ACTTATACTGTCCGCGCGCG,0,4223283
yadE_predicted,0.2,4,4,ACTGTTCTAGGGTCTGCTGT,0,4188971
yadE_predicted,0.2,4,4,ACTGTCAAAACCAGTTCTTA,0,4168616
yadE_predicted,0.2,4,4,ACTGTACCTGCTACGAGAGG,0,4213047
yadE_predicted,0.2,4,4,ACTGGGATTGCATATTGGTC,0,4181215
yadE_predicted,0.2,4,4,ACTGGCCGCGGTCGATGGGA,0,4234305
yadE_predicted,0.2,4,4,ACTGCAGTTATCCACCACAA,0,4205719
yadE_predicted,0.2,4,4,ACTGCAGCGGGAGGGCGTAT,0,4240371
yadE_predicted,0.2,4,4,ACTCTGTTCGCATGGTACAT,0,4214682
yadE_predicted,0.2,4,4,ACTCGGAATAGAGTGAACTT,0,4185563
yadE_predicted,0.2,4,4,ACTCGAAGCTGCAACATGTA,0,4213025
yadE_predicted,0.2,4,4,ACTCCTACGGCGTAAGGGTG,0,4180840
yadE_predicted,0.2,4,4,ACTATTCTGAGTTAGGGAGT,0,4232613
yadE_predicted,0.2,4,4,ACTAGGTTTGTGCGAGGTAG,0,4174123
yadE_predicted,0.2,4,4,ACTAGCACGTCATGAGGACC,0,4171284
yadE_predicted,0.2,4,4,ACTAGCAAGAATGCGAGGGG,0,4191726
yadE_predicted,0.2,4,4,ACTACGGCATGTACGTACAA,0,4188886
yadE_predicted,0.2,4,4,ACGTGTCCCGTAACGAGGAG,0,4165804
yadE_predicted,0.2,4,4,ACGTGGGTGCTCCCTAAGGC,0,4236810
yadE_predicted,0.2,4,4,ACGTGCCCGCTCTTGCAAGT,0,4164722
yadE_predicted,0.2,4,4,ACGTGATTCCCCGGTTAGTG,0,4233906
yadE_predicted,0.2,4,4,ACGTCGGGTTATCCTTCCTG,0,4223838
yadE_predicted,0.2,4,4,ACGTACTTAAAGTGGACCGA,0,4177207
yadE_predicted,0.2,4,4,ACGTAAGTTCCGGGGAAAAG,0,4177568
yadE_predicted,0.2,4,4,ACGGTTAGAACGTACGAAAG,0,4195881
yadE_predicted,0.2,4,4,ACGGTGGTCTACTCGAATTC,0,4213865
yadE_predicted,0.2,4,4,ACGGGTTATGGACCCCAGCA,0,4202104
yadE_predicted,0.2,4,4,ACGGGTATGTGTAATGAGGA,0,4225371
yadE_predicted,0.2,4,4,ACGGGGTTCTGCGCTTTAAG,0,4160784
yadE_predicted,0.2,4,4,ACGGGGATTGCAGTTTATAG,0,4239799
yadE_predicted,0.2,4,4,ACGGGGAAATACCCTTCGTG,0,4236252
yadE_predicted,0.2,4,4,ACGGGCGCCATGCACGGGCT,0,4218312
yadE_predicted,0.2,4,4,ACGGCATAATCACTTATGAT,0,4224656
yadE_predicted,0.2,4,4,ACGCTTACGTACCGAAGCTA,0,4218703
yadE_predicted,0.2,4,4,ACGCTCGATGCAGCGCCTAC,0,4224197
yadE_predicted,0.2,4,4,ACGCGTGACAGACCCTGTTC,0,4229429
yadE_predicted,0.2,4,4,ACGCGGGTTTCTGCCTACCG,0,4207369
yadE_predicted,0.2,4,4,ACGCGGGCCGATACTTGTAC,0,4236795
yadE_predicted,0.2,4,4,ACGCGCATGCTTTGGCCCCA,0,4183180
yadE_predicted,0.2,4,4,ACGCCTATCCGCACAGACTA,0,4180905
yadE_predicted,0.2,4,4,ACGCCGGGTTACCAATCTGG,0,4238807
yadE_predicted,0.2,4,4,ACGCCGCTGGGTTGTACATT,0,4173076
yadE_predicted,0.2,4,4,ACGCCGCGGGAAAGCGGCCA,0,4231227
yadE_predicted,0.2,4,4,ACGCCAGACCGTAAATGGCC,0,4180711
yadE_predicted,0.2,4,4,ACGCCACACAGTTGGAGGAA,0,4200897
yadE_predicted,0.2,4,4,ACGCAATATTGTAATTACCC,0,4176033
yadE_predicted,0.2,4,4,ACGATCCAACTTCCCGACCT,0,4174345
yadE_predicted,0.2,4,4,ACGAGTTCGTTGTTTATATG,0,4161468
yadE_predicted,0.2,4,4,ACGAGGGTAATAGGCCTGGC,0,4189811
yadE_predicted,0.2,4,4,ACGAGGAACATATGATCCAA,0,4212230
yadE_predicted,0.2,4,4,ACGAGCTTCTTGCCAGAAGC,0,4227516
yadE_predicted,0.2,4,4,ACGACTTGATTTGCAGATAC,0,4178710
yadE_predicted,0.2,4,4,ACGACGCTCCTGCTTGCCAG,0,4162912
yadE_predicted,0.2,4,4,ACGACATACTTTCTAAAATC,0,4233736
yadE_predicted,0.2,4,4,ACGAATACGAGCTATTCTAC,0,4228777
yadE_predicted,0.2,4,4,ACGAAGCGGATTCGTGACGG,0,4193843
yadE_predicted,0.2,4,4,ACGAAAAAAGTATTTTTTGC,0,4178047
yadE_predicted,0.2,4,4,ACCTTCACGGGAAGGCAGTA,0,4210391
yadE_predicted,0.2,4,4,ACCTTACGGCTCGAACAATT,0,4165701
yadE_predicted,0.2,4,4,ACCTGTCCAACAAAGCGGAA,0,4169045
yadE_predicted,0.2,4,4,ACCTGATTAGCAAAGTTTAT,0,4208533
yadE_predicted,0.2,4,4,ACCTGATGATAAGACGCGAT,0,4209585
yadE_predicted,0.2,4,4,ACCGGCTCAGGCTTTATCCG,0,4181600
yadE_predicted,0.2,4,4,ACCGGCAAGATCTTGCTGGA,0,4190655
yadE_predicted,0.2,4,4,ACCGGAACTGCAGGGTTGAA,0,4204950
yadE_predicted,0.2,4,4,ACCGCTAAGATAGAAGGCGG,0,4186263
yadE_predicted,0.2,4,4,ACCGCGCTGCGTTACGATGA,0,4186238
yadE_predicted,0.2,4,4,ACCGCGAGTTTACTTTTCGT,0,4229039
yadE_predicted,0.2,4,4,ACCGCCATATGAATCACCGA,0,4185881
yadE_predicted,0.2,4,4,ACCGATACGACCATCTTTCT,0,4213862
yadE_predicted,0.2,4,4,ACCGATAATTGCAATGGCCC,0,4209178
yadE_predicted,0.2,4,4,ACCCGTGTGGCCCACGAGGT,0,4237287
yadE_predicted,0.2,4,4,ACCCGTGTACTTCTCTTCCG,0,4222471
yadE_predicted,0.2,4,4,ACCCGGTCCATAAAAGGAGG,0,4227854
yadE_predicted,0.2,4,4,ACCCCTACCTCATTTTAACA,0,4227168
yadE_predicted,0.2,4,4,ACCATGACTATCTTTTTCTG,0,4164923
yadE_predicted,0.2,4,4,ACCATACGACCGTCCCGCTA,0,4229145
yadE_predicted,0.2,4,4,ACCAGTATGTTTGATCACAT,0,4237035
yadE_predicted,0.2,4,4,ACCAGGCTCATCGTTGCCTA,0,4237338
yadE_predicted,0.2,4,4,ACCACACGGGTCAATTCATA,0,4179374
yadE_predicted,0.2,4,4,ACCAATGGACAGTAATATAT,0,4239342
yadE_predicted,0.2,4,4,ACATTATTAGCTAGCGCCAT,0,4165121
yadE_predicted,0.2,4,4,ACATTATTAAGACTAGCCAA,0,4179279
yadE_predicted,0.2,4,4,ACATGGGTAGCAGTCTTAGA,0,4213068
yadE_predicted,0.2,4,4,ACAGTTAGTTGTACTCATCC,0,4214348
yadE_predicted,0.2,4,4,ACAGGTAGGATCCGGTGGAG,0,4171111
yadE_predicted,0.2,4,4,ACAGGCCCGAGGAGAGACTT,0,4237454
yadE_predicted,0.2,4,4,ACAGCGATGGTTGGTTGTCA,0,4172238
yadE_predicted,0.2,4,4,ACAGCGATAAATCTCTCGAG,0,4194797
yadE_predicted,0.2,4,4,ACAGAGACTATTCGACGAGC,0,4198627
yadE_predicted,0.2,4,4,ACAGAATGGTTTCGGTCGCT,0,4190185
yadE_predicted,0.2,4,4,ACACTGATCTTAAGATGGTA,0,4226190
yadE_predicted,0.2,4,4,ACACTCACAGCGACCCGACA,0,4229802
yadE_predicted,0.2,4,4,ACACGTTATCAAGGGTGCGG,0,4180997
yadE_predicted,0.2,4,4,ACACGACGGTTGCAGGGAAT,0,4195835
yadE_predicted,0.2,4,4,ACACGACGATTAGACAGGTG,0,4184576
yadE_predicted,0.2,4,4,ACACGACATCAAAGAGGGGG,0,4191930
yadE_predicted,0.2,4,4,ACACCCACCAGTTCTTTTCA,0,4214594
yadE_predicted,0.2,4,4,ACAATCGCCCACGGCGCTTC,0,4207277
yadE_predicted,0.2,4,4,ACAACCGAAGTGCCGGACAC,0,4205942
yadE_predicted,0.2,4,4,ACAAACGGGTCTACCAGGCT,0,4237561
yadE_predicted,0.2,4,4,ACAAACGCTAAGTGACGCTT,0,4180294
yadE_predicted,0.2,4,4,AATTTGTCACCGGCTATATG,0,4204013
yadE_predicted,0.2,4,4,AATTGCGGCAATTCGCCAAA,0,4231881
yadE_predicted,0.2,4,4,AATTCGGTTTTAGTTCGTAG,0,4183988
yadE_predicted,0.2,4,4,AATTCGGATTCGTAGTCACG,0,4215047
yadE_predicted,0.2,4,4,AATTCCGCACGATACGCCAT,0,4171548
yadE_predicted,0.2,4,4,AATTCATTGACTGTTTACAA,0,4160264
yadE_predicted,0.2,4,4,AATTCATGTACGATGTCGTT,0,4221856
yadE_predicted,0.2,4,4,AATGTCTGCGGTCGCGTTGA,0,4207275
yadE_predicted,0.2,4,4,AATGTCCTCGCACTTTTAAC,0,4229001
yadE_predicted,0.2,4,4,AATGGTTCTATCTTAATCCA,0,4181919
yadE_predicted,0.2,4,4,AATGGATTGAATTTCACGAC,0,4181041
yadE_predicted,0.2,4,4,AATGCCGATATGTTTGGGTT,0,4218236
yadE_predicted,0.2,4,4,AATGCAGCCGCACCTGACAA,0,4171483
yadE_predicted,0.2,4,4,AATCGGGAATGCGGAGTACA,0,4196681
yadE_predicted,0.2,4,4,AATCGGCATTGGTCCACGAG,0,4171346
yadE_predicted,0.2,4,4,AATCGCTTGGGGGAATGGCT,0,4233605
yadE_predicted,0.2,4,4,AATCGCATCTCGGAGGGTTG,0,4194379
yadE_predicted,0.2,4,4,AATCGCAGCCTATTCCGCAG,0,4171425
yadE_predicted,0.2,4,4,AATCAGGACCCACTAATTGT,0,4218519
yadE_predicted,0.2,4,4,AATCACTCATTTACTGATTA,0,4225205
yadE_predicted,0.2,4,4,AATATTATTCTAAGTACAGC,0,4177103
yadE_predicted,0.2,4,4,AATATGGACAGGCGGAGCGG,0,4200240
yadE_predicted,0.2,4,4,AATAGGCTGAATAGCTACAG,0,4223528
yadE_predicted,0.2,4,4,AATACTGGTACGGCTATCAT,0,4176360
yadE_predicted,0.2,4,4,AATACTAAGTCCGGTCAATC,0,4182053
yadE_predicted,0.2,4,4,AATAAGAAATGGCTACCTAC,0,4190348
yadE_predicted,0.2,4,4,AAGTTATAAAGGTATTGTGC,0,4216270
yadE_predicted,0.2,4,4,AAGTTAAGCGTGAGTAATAT,0,4236538
yadE_predicted,0.2,4,4,AAGTGGGATCATGGTCACTT,0,4220381
yadE_predicted,0.2,4,4,AAGTCTGTAGTATGACCGAA,0,4226467
yadE_predicted,0.2,4,4,AAGTAGGGTTTGGCATTAAA,0,4162489
yadE_predicted,0.2,4,4,AAGGTCCAGGCGGTATACAT,0,4201066
yadE_predicted,0.2,4,4,AAGGTACCGGGTGTTTAAAA,0,4179847
yadE_predicted,0.2,4,4,AAGGGTCTCGTACAAGACCC,0,4212708
yadE_predicted,0.2,4,4,AAGGCTGGGTCGTTATTGAA,0,4232524
yadE_predicted,0.2,4,4,AAGGCCAATTTTTTACATTG,0,4220384
yadE_predicted,0.2,4,4,AAGGACCTACGCACGAGAGC,0,4202382
yadE_predicted,0.2,4,4,AAGCTTTGCTTATCGTTCTT,0,4190770
yadE_predicted,0.2,4,4,AAGCTACGTTCTGATGCACA,0,4211238
yadE_predicted,0.2,4,4,AAGCGGGGCTCCATTCTTGG,0,4175551
yadE_predicted,0.2,4,4,AAGCGGCTGCGAAAGTTAAA,0,4237058
yadE_predicted,0.2,4,4,AAGCGCCCACCGTCTTATTG,0,4202009
yadE_predicted,0.2,4,4,AAGCCGAGGCCTTCGGATGA,0,4188641
yadE_predicted,0.2,4,4,AAGCCCGTAGACATAGACAT,0,4221773
yadE_predicted,0.2,4,4,AAGCCCACTTAACGCTCAAG,0,4188680
yadE_predicted,0.2,4,4,AAGCCAAGAGCGAATATGAA,0,4174225
yadE_predicted,0.2,4,4,AAGCATGCGCTTGGGTCGAA,0,4171319
yadE_predicted,0.2,4,4,AAGATTACCGTGTTGAATAG,0,4162062
yadE_predicted,0.2,4,4,AAGATATCTTCGGACCCGCT,0,4209215
yadE_predicted,0.2,4,4,AAGATATATTAAGCATTGGA,0,4234105
yadE_predicted,0.2,4,4,AAGATACGCCAGGATATGGA,0,4186433
yadE_predicted,0.2,4,4,AAGATAAATCGCTCGCATCT,0,4222164
yadE_predicted,0.2,4,4,AAGAGGTAGGCTGTCGTGAA,0,4230074
yadE_predicted,0.2,4,4,AAGACTCACGCCCCAGTAGG,0,4195212
yadE_predicted,0.2,4,4,AAGAATGCCCATACTGTCCG,0,4168576
yadE_predicted,0.2,4,4,AAGAATAGACTAGGGGTTAG,0,4182989
yadE_predicted,0.2,4,4,AAGAATACCCTCCCCGCGAA,0,4214664
yadE_predicted,0.2,4,4,AAGAACGAGCGTTCCAATAC,0,4174578
yadE_predicted,0.2,4,4,AACTTGTCTCCTACGATAGA,0,4240007
yadE_predicted,0.2,4,4,AACTTATAAACATCCATAGT,0,4192604
yadE_predicted,0.2,4,4,AACTGGGTTCGGACCAGGCT,0,4191013
yadE_predicted,0.2,4,4,AACTGCCGGGACACGGCGCA,0,4196837
yadE_predicted,0.2,4,4,AACTATCTCTCAAGGGTAAA,0,4193753
yadE_predicted,0.2,4,4,AACTAGAGCGACAATATTAA,0,4162452
yadE_predicted,0.2,4,4,AACGGTACCGGCAAAGGGGA,0,4207249
yadE_predicted,0.2,4,4,AACGGGGGAAACGCACTGCT,0,4161573
yadE_predicted,0.2,4,4,AACGCTAGCGTGCACCAGGA,0,4216453
yadE_predicted,0.2,4,4,AACGCGGTCAGGCTCCGCAT,0,4166882
yadE_predicted,0.2,4,4,AACGATCCGTTTCGATCGTT,0,4161554
yadE_predicted,0.2,4,4,AACGACCAGTATTCGGGGTC,0,4223517
yadE_predicted,0.2,4,4,AACCTGGTTAATCCGTGAGG,0,4210392
yadE_predicted,0.2,4,4,AACCTCAACTCGGGTTCTAC,0,4180492
yadE_predicted,0.2,4,4,AACCGGCCTATACACATAAG,0,4185451
yadE_predicted,0.2,4,4,AACCCTACGGAACGCCAGTT,0,4196916
yadE_predicted,0.2,4,4,AACCAGGACTAAGAGCGTAC,0,4228157
yadE_predicted,0.2,4,4,AACCAAAGATGTAGCCTCCA,0,4222506
yadE_predicted,0.2,4,4,AACAGCACCCGTTCTATCGA,0,4172377
yadE_predicted,0.2,4,4,AACAATATCGAGCGACATAG,0,4201705
yadE_predicted,0.2,4,4,AACAAGAGTTTAGAGGACTA,0,4192453
yadE_predicted,0.2,4,4,AACAACCGTAACTTTTGCTG,0,4215938
yadE_predicted,0.2,4,4,AAATTTACATGGATAAAATT,0,4215349
yadE_predicted,0.2,4,4,AAATTGTCGGTTAAACGTGT,0,4237049
yadE_predicted,0.2,4,4,AAATTCGGGGGATTATCCGA,0,4220603
yadE_predicted,0.2,4,4,AAATGGACGCGGTGGCAGCT,0,4233309
yadE_predicted,0.2,4,4,AAATCTGTGATGACGTATGC,0,4191298
yadE_predicted,0.2,4,4,AAATCTAAGTTCATCAGGGT,0,4239584
yadE_predicted,0.2,4,4,AAATCTAACAAGAATGGTTG,0,4239451
yadE_predicted,0.2,4,4,AAATCATCTGGACGTATCCA,0,4211881
yadE_predicted,0.2,4,4,AAATAGACCCAATAATTCGC,0,4241008
yadE_predicted,0.2,4,4,AAATACGTTCCCCCGTAAAG,0,4221203
yadE_predicted,0.2,4,4,AAAGTTCTCAACGAGTACAG,0,4233338
yadE_predicted,0.2,4,4,AAAGTGCTATGGGGCCATTT,0,4159594
yadE_predicted,0.2,4,4,AAAGTGCGGAGCCGGCTCTA,0,4219204
yadE_predicted,0.2,4,4,AAAGCGGGGTATCCATAGAT,0,4173387
yadE_predicted,0.2,4,4,AAAGCGACGGATCGCACTGG,0,4162513
yadE_predicted,0.2,4,4,AAAGCCCATCGCGTCGATCT,0,4214298
yadE_predicted,0.2,4,4,AAACTGCCGTGACACGGTAG,0,4225746
yadE_predicted,0.2,4,4,AAACTATTTCAGCTATCATG,0,4218773
yadE_predicted,0.2,4,4,AAACTATATGTCCACTGGAC,0,4216618
yadE_predicted,0.2,4,4,AAACATTGGTCGGAGCGAAG,0,4218265
yadE_predicted,0.2,4,4,AAACATGACTCCGTTACCTG,0,4188021
yadE_predicted,0.2,4,4,AAAATGTAGCTACCCTTAAC,0,4224685
yadE_predicted,0.2,4,4,AAAACGCAAGCTACAGTCCT,0,4220642
yadE_predicted,0.2,4,4,AAAAACATCGTTGTTTCCTC,0,4235784
yadE_predicted,0.25,3,3,TTTTTGTTGACTTTAATCAA,0,4237665
yadE_predicted,0.25,3,3,TTTTTGCGAGGACATGCAAA,0,4160482
yadE_predicted,0.25,3,3,TTTTTATGTGTTCGATAAGG,0,4180038
yadE_predicted,0.25,3,3,TTTTGTGTGGTGTCTCCTGA,0,4175999
yadE_predicted,0.25,3,3,TTTTCTGTGTTCCATCTTCA,0,4174446
yadE_predicted,0.25,3,3,TTTTCTCCTAGGGACATCGT,0,4234965
yadE_predicted,0.25,3,3,TTTTCGCGCGACTAGAAAGT,0,4192205
yadE_predicted,0.25,3,3,TTTTCCTGGTCTCCTCACAC,0,4175640
yadE_predicted,0.25,3,3,TTTTCCAGCTCAGGATATTG,0,4214184
yadE_predicted,0.25,3,3,TTTTATCATCCGCAGCAGCT,0,4220871
yadE_predicted,0.25,3,3,TTTTAAGCAGCCAGCGACAG,0,4222489
yadE_predicted,0.25,3,3,TTTGTAGGGAAGATACCGTT,0,4160805
yadE_predicted,0.25,3,3,TTTGGATTCCTCGTCTGGTG,0,4166765
yadE_predicted,0.25,3,3,TTTGCGTCGCTGGGCTACGT,0,4219615
yadE_predicted,0.25,3,3,TTTGCGAGGGTGTAGCAACG,0,4230578
yadE_predicted,0.25,3,3,TTTGCCTGCTCCTTTCAGCT,0,4180573
yadE_predicted,0.25,3,3,TTTGCACGAATGACAGACAT,0,4182146
yadE_predicted,0.25,3,3,TTTCTTATTCAAAACGTTTA,0,4201304
yadE_predicted,0.25,3,3,TTTCGAAGGACTCTAGTCTA,0,4195991
yadE_predicted,0.25,3,3,TTTCCCAGCATCTGTCAGCT,0,4205081
yadE_predicted,0.25,3,3,TTTCAGAATTAGTGTTAGTT,0,4162554
yadE_predicted,0.25,3,3,TTTCAGAAGCCCTACCGCGT,0,4170102
yadE_predicted,0.25,3,3,TTTCACTGTTTCGGTTCTCT,0,4202926
yadE_predicted,0.25,3,3,TTTATTTAGAGGGTCATTGA,0,4202632
yadE_predicted,0.25,3,3,TTTATGCCCCCTCACGAGAA,0,4229272
yadE_predicted,0.25,3,3,TTTATCGATTGCCTGAGGGA,0,4228914
yadE_predicted,0.25,3,3,TTTAGTTTATTGCAACGCAT,0,4220660
yadE_predicted,0.25,3,3,TTTAGTTATCTGCCATTAGT,0,4233851
yadE_predicted,0.25,3,3,TTTACTGCATGTTTCGGCGA,0,4189056
yadE_predicted,0.25,3,3,TTTAAGTTTGACCTCAACGT,0,4178333
yadE_predicted,0.25,3,3,TTTAAATTACTTTTCATCAC,0,4162555
yadE_predicted,0.25,3,3,TTGTGAACACGAGAAGCAAC,0,4194673
yadE_predicted,0.25,3,3,TTGTCTAAGAGACGGGTCTC,0,4230402
yadE_predicted,0.25,3,3,TTGTCGCTGCTATAGTCTCA,0,4237372
yadE_predicted,0.25,3,3,TTGTCCCGATGTAGGTCACC,0,4183937
yadE_predicted,0.25,3,3,TTGTATCCCAGGCTATGATG,0,4211527
yadE_predicted,0.25,3,3,TTGGTTGTCGGGCAGGGGCG,0,4195851
yadE_predicted,0.25,3,3,TTGGTTAGATATTACCCCTA,0,4181879
yadE_predicted,0.25,3,3,TTGGTACCCCGGGTCCCTAG,0,4183632
yadE_predicted,0.25,3,3,TTGGGCTCCCACAGGTCTTT,0,4237378
yadE_predicted,0.25,3,3,TTGGGACGTATGTGTATAAA,0,4176182
yadE_predicted,0.25,3,3,TTGGCAGACCTCCAAGGTGT,0,4184062
yadE_predicted,0.25,3,3,TTGGCAAGGCCTCTCACCAT,0,4240687
yadE_predicted,0.25,3,3,TTGGATGTCCGGCTTCTCCA,0,4218938
yadE_predicted,0.25,3,3,TTGGATGGTGTCCAGGAGTT,0,4203617
yadE_predicted,0.25,3,3,TTGGAGGCTTCGATAGTTAA,0,4206276
yadE_predicted,0.25,3,3,TTGGAGAAGCGGGTCCATGT,0,4201582
yadE_predicted,0.25,3,3,TTGGAAGATGTTAATTACGC,0,4207276
yadE_predicted,0.25,3,3,TTGCGGATTTGTTAATTCCA,0,4235730
yadE_predicted,0.25,3,3,TTGCCGTTCGGAGGTTCCTG,0,4173510
yadE_predicted,0.25,3,3,TTGCCAGTTTGCGTGAGCTT,0,4164634
yadE_predicted,0.25,3,3,TTGCACTTGCAAGATGAACC,0,4174821
yadE_predicted,0.25,3,3,TTGATGGCATCGGCTTACAA,0,4190133
yadE_predicted,0.25,3,3,TTGATCGCATAATCTCATGC,0,4229031
yadE_predicted,0.25,3,3,TTGATCCTGCGCATTGGGGA,0,4172011
yadE_predicted,0.25,3,3,TTGATAATGAATAGGTGTGA,0,4208598
yadE_predicted,0.25,3,3,TTGAGGATCTTGCATTTTGA,0,4211653
yadE_predicted,0.25,3,3,TTGAGGAATAACGGCTACTC,0,4202386
yadE_predicted,0.25,3,3,TTGAGCGAGGCCCAATCCTT,0,4180008
yadE_predicted,0.25,3,3,TTGACCACTGATTCATGCCC,0,4177475
yadE_predicted,0.25,3,3,TTGACAATTTGGTTTCAGAC,0,4205259
yadE_predicted,0.25,3,3,TTGAAGAGGAAAGGGTCTAT,0,4210856
yadE_predicted,0.25,3,3,TTCTTCCGAATCCGACGCTA,0,4159982
yadE_predicted,0.25,3,3,TTCTTCAACTTTCGGGAAGG,0,4238284
yadE_predicted,0.25,3,3,TTCTTATCTCCGTTCGTGCG,0,4164720
yadE_predicted,0.25,3,3,TTCTTAGAGTCGAATTCAGG,0,4208100
yadE_predicted,0.25,3,3,TTCTGTGAAGTTTCGTACCC,0,4186486
yadE_predicted,0.25,3,3,TTCTCTCGTCCATGGCTAGC,0,4194863
yadE_predicted,0.25,3,3,TTCTCCAAAGGCAGGCCCAG,0,4170457
yadE_predicted,0.25,3,3,TTCTCAAACGTTGGCTCAGG,0,4180764
yadE_predicted,0.25,3,3,TTCGTTGAACAAGGTATGGA,0,4230492
yadE_predicted,0.25,3,3,TTCGTTCCAATGTCTTGAGG,0,4161064
yadE_predicted,0.25,3,3,TTCGGCTACAGGTGTGTAGC,0,4165707
yadE_predicted,0.25,3,3,TTCGCGCGCGTGGCCAATGC,0,4211376
yadE_predicted,0.25,3,3,TTCGCGAGTGAGCCCCTCTT,0,4187689
yadE_predicted,0.25,3,3,TTCGCGACGCATAAACAAGT,0,4227051
yadE_predicted,0.25,3,3,TTCGAGGTGTAAAGTGAGTC,0,4219749
yadE_predicted,0.25,3,3,TTCCGTAGTACGAGCTCGCC,0,4184203
yadE_predicted,0.25,3,3,TTCCGTAATTAAACGTCCCT,0,4227828
yadE_predicted,0.25,3,3,TTCCGGGACTGCCTGCCGCA,0,4178921
yadE_predicted,0.25,3,3,TTCATATGCTACCCCAGCCG,0,4212510
yadE_predicted,0.25,3,3,TTCAGTGGGTATGTACAACG,0,4223619
yadE_predicted,0.25,3,3,TTCAGGCATGAATGGGTGTC,0,4194587
yadE_predicted,0.25,3,3,TTCAAGAATTCAGATAGATT,0,4212621
yadE_predicted,0.25,3,3,TTCAAATCGGGAGGGCTTGC,0,4189000
yadE_predicted,0.25,3,3,TTATTGCTATCTAACGGTAC,0,4163374
yadE_predicted,0.25,3,3,TTATGTTTAGTACACAAATG,0,4171588
yadE_predicted,0.25,3,3,TTATGGTCAGTCAGCTGTTA,0,4219581
yadE_predicted,0.25,3,3,TTATGAAGGGTACAGAACTT,0,4192206
yadE_predicted,0.25,3,3,TTATCGTCCATAGGTTGAAA,0,4198322
yadE_predicted,0.25,3,3,TTATAACCCATCACGGGTTT,0,4225337
yadE_predicted,0.25,3,3,TTAGTGTCATTGAACTAATT,0,4174284
yadE_predicted,0.25,3,3,TTAGTGGCCTGTAACTGCAA,0,4175426
yadE_predicted,0.25,3,3,TTAGTACCTCTGTCATCACA,0,4210430
yadE_predicted,0.25,3,3,TTAGCCTCAGTCGTCTGGGG,0,4170209
yadE_predicted,0.25,3,3,TTAGACCTGCTTTGTGCACC,0,4217624
yadE_predicted,0.25,3,3,TTAGAAATGCATTGCTTAAA,0,4179682
yadE_predicted,0.25,3,3,TTACTCCAGCGAGCGTTCTC,0,4195636
yadE_predicted,0.25,3,3,TTACGAGGCATTTTACCAGG,0,4227208
yadE_predicted,0.25,3,3,TTACCAAAAGTCATTCACTT,0,4203388
yadE_predicted,0.25,3,3,TTAATTAGTTTGTTAGATAG,0,4240241
yadE_predicted,0.25,3,3,TTAATGCTGTGGGGACTCAT,0,4234803
yadE_predicted,0.25,3,3,TTAATGCAGACGATAAAGAA,0,4204562
yadE_predicted,0.25,3,3,TTAATCATTTGTCGGGGCGT,0,4198713
yadE_predicted,0.25,3,3,TTAATATCCGGGATCTCGCT,0,4192337
yadE_predicted,0.25,3,3,TTAAGGTGGGGGTGTTCATA,0,4198503
yadE_predicted,0.25,3,3,TTAAGCAACAGATCTACAAA,0,4179870
yadE_predicted,0.25,3,3,TTAACGTAACATGCGTACGG,0,4174940
yadE_predicted,0.25,3,3,TTAACATAGGCAACTCCACC,0,4226448
yadE_predicted,0.25,3,3,TTAACACTGCGCTGCAGGGA,0,4167889
yadE_predicted,0.25,3,3,TTAAATGTCCGTGGCCTGTG,0,4211606
yadE_predicted,0.25,3,3,TTAAAAGTTTTCAATACCCC,0,4235496
yadE_predicted,0.25,3,3,TGTTTATTCATAGACTGAGT,0,4219261
yadE_predicted,0.25,3,3,TGTTTAGTGTTTCAAGCGAG,0,4233222
yadE_predicted,0.25,3,3,TGTTGGCAGGGCACACATCC,0,4174719
yadE_predicted,0.25,3,3,TGTTCCTGGGGGTCATGAAG,0,4193848
yadE_predicted,0.25,3,3,TGTTATTCAACGACGCCCCA,0,4202407
yadE_predicted,0.25,3,3,TGTTAATGTGCGACTCACCC,0,4220619
yadE_predicted,0.25,3,3,TGTTAAGGCATGTGACTATG,0,4179297
yadE_predicted,0.25,3,3,TGTGTTTATGAGCCACCCAT,0,4226108
yadE_predicted,0.25,3,3,TGTGTTGCGGCCGTCAACGA,0,4186647
yadE_predicted,0.25,3,3,TGTGGCCCCGCAATTGCCAA,0,4164260
yadE_predicted,0.25,3,3,TGTGGATTTAAGCAGTTTTA,0,4239699
yadE_predicted,0.25,3,3,TGTGCTTGCACAAGGTGAGG,0,4185939
yadE_predicted,0.25,3,3,TGTGCTTCCTACTCATCGGT,0,4178987
yadE_predicted,0.25,3,3,TGTGCGCTACCGTCACACCG,0,4231604
yadE_predicted,0.25,3,3,TGTGCGCACTGGTTACTCTA,0,4199054
yadE_predicted,0.25,3,3,TGTGCCTGATAGCGGTATAG,0,4198004
yadE_predicted,0.25,3,3,TGTGATCAGCTGTTTTCCAG,0,4219870
yadE_predicted,0.25,3,3,TGTGATCAGCACTCCTCGGT,0,4233683
yadE_predicted,0.25,3,3,TGTGACCCCAATCGTCAAGG,0,4170752
yadE_predicted,0.25,3,3,TGTCTGATTAGTTATGGAGA,0,4179076
yadE_predicted,0.25,3,3,TGTCGGAGAAGGCTCGACTG,0,4178503
yadE_predicted,0.25,3,3,TGTCGATCCATGGTTGGGGT,0,4169422
yadE_predicted,0.25,3,3,TGTCGAATACGTGGGATAAA,0,4194245
yadE_predicted,0.25,3,3,TGTCCTGTGTAAGCCACTTC,0,4171420
yadE_predicted,0.25,3,3,TGTCATCCGCGGGCGGACAT,0,4226836
yadE_predicted,0.25,3,3,TGTATTAAGGGAGGTATCAT,0,4225288
yadE_predicted,0.25,3,3,TGTATGAAACCTCGACCGGC,0,4168175
yadE_predicted,0.25,3,3,TGTAGGGCACGAGTTTAATA,0,4221456
yadE_predicted,0.25,3,3,TGTACTTAGAGTAATCGGAT,0,4182195
yadE_predicted,0.25,3,3,TGTAATGGCTCTGGAACACA,0,4182064
yadE_predicted,0.25,3,3,TGGTTATTGGGAGACAATAT,0,4211864
yadE_predicted,0.25,3,3,TGGTTAGAATTTGAAAAGTT,0,4212350
yadE_predicted,0.25,3,3,TGGTGGCCTAGTCGCCTTCA,0,4195007
yadE_predicted,0.25,3,3,TGGTGCTAAAGAAGCGCTCA,0,4163331
yadE_predicted,0.25,3,3,TGGTGCGATTTCGTGGGTGG,0,4200505
yadE_predicted,0.25,3,3,TGGTGACGCATCGGCGGGAT,0,4209813
yadE_predicted,0.25,3,3,TGGTCTGTGATGTGATCGGG,0,4237158
yadE_predicted,0.25,3,3,TGGTCTATCTAACAAGCATC,0,4235512
yadE_predicted,0.25,3,3,TGGTCTACAAGGTAGGTCTT,0,4221277
yadE_predicted,0.25,3,3,TGGTCCGTGGATTCAAGGTA,0,4159903
yadE_predicted,0.25,3,3,TGGTCAGGTTGGTGATTTTG,0,4218175
yadE_predicted,0.25,3,3,TGGTAGCACTTGTTCACGGG,0,4207040
yadE_predicted,0.25,3,3,TGGGTTGGGCTGACAAGATG,0,4203699
yadE_predicted,0.25,3,3,TGGGTTCAGCACCACTGTGC,0,4216955
yadE_predicted,0.25,3,3,TGGGTCCCAAGCCTAAATTA,0,4161373
yadE_predicted,0.25,3,3,TGGGGTTGTAATCATGTTAA,0,4189137
yadE_predicted,0.25,3,3,TGGGGTCAATGTTTAGTAGT,0,4215548
yadE_predicted,0.25,3,3,TGGGGCGCGCTGCGGCAGGT,0,4233910
yadE_predicted,0.25,3,3,TGGGGCAGCAAATAAGGCGG,0,4240477
yadE_predicted,0.25,3,3,TGGGGAGCAATTCTGCTATC,0,4218041
yadE_predicted,0.25,3,3,TGGGGAAAAGCTCGGACTTG,0,4236347
yadE_predicted,0.25,3,3,TGGGCTGTCGCCGGCACACA,0,4191426
yadE_predicted,0.25,3,3,TGGGCCTCGTAGTCGCATAT,0,4213367
yadE_predicted,0.25,3,3,TGGGCAGCGAGGGTACTCTA,0,4207755
yadE_predicted,0.25,3,3,TGGGCAACGGAGCACGGTAG,0,4236712
yadE_predicted,0.25,3,3,TGGGAACCCAGTACGGCTAC,0,4198097
yadE_predicted,0.25,3,3,TGGCTTAGAAGTAAAACGTA,0,4234841
yadE_predicted,0.25,3,3,TGGCGAACCAAAGAAAGGCA,0,4207079
yadE_predicted,0.25,3,3,TGGCCGCCAACTAACATCGA,0,4221462
yadE_predicted,0.25,3,3,TGGCCCGATCGCGTGGAACT,0,4200241
yadE_predicted,0.25,3,3,TGGCCCCAATTGCCCGATCT,0,4195452
yadE_predicted,0.25,3,3,TGGCACCGCGATTATCAAGG,0,4217196
yadE_predicted,0.25,3,3,TGGATTGGCAATCTCAATGA,0,4206124
yadE_predicted,0.25,3,3,TGGATCGGTACGGGGTTAGA,0,4194069
yadE_predicted,0.25,3,3,TGGACTCGTACGAAGGCTGG,0,4194925
yadE_predicted,0.25,3,3,TGGACGTTGCAGGTCTATTT,0,4187401
yadE_predicted,0.25,3,3,TGGAAGCTTGGTGGTCGGAT,0,4219364
yadE_predicted,0.25,3,3,TGGAAAGGAGCACGCATAGG,0,4197702
yadE_predicted,0.25,3,3,TGCTTAATATGTTGACATCT,0,4227919
yadE_predicted,0.25,3,3,TGCTGAAATAATCTACAAAG,0,4183661
yadE_predicted,0.25,3,3,TGCTCCGGAAGTGGCGCCCC,0,4174420
yadE_predicted,0.25,3,3,TGCTCAAACAATCTATTGAG,0,4198159
yadE_predicted,0.25,3,3,TGCTATTTTGCGGGACATGA,0,4211486
yadE_predicted,0.25,3,3,TGCTATTAAGTAGTACTCAA,0,4193056
yadE_predicted,0.25,3,3,TGCTATCGGGGTACTGTAGT,0,4190135
yadE_predicted,0.25,3,3,TGCTAGAACGGGCCTGGGCA,0,4173640
yadE_predicted,0.25,3,3,TGCTACCATTTGGTCATTGG,0,4190315
yadE_predicted,0.25,3,3,TGCGTGCCGCGGTAACATAC,0,4232135
yadE_predicted,0.25,3,3,TGCGGTCAGTACAACTCACA,0,4191229
yadE_predicted,0.25,3,3,TGCGGGTATATTAGGTCTCC,0,4231172
yadE_predicted,0.25,3,3,TGCGGGACAGACTATTGGCT,0,4197351
yadE_predicted,0.25,3,3,TGCGCTAAAGTATCAGACCG,0,4161117
yadE_predicted,0.25,3,3,TGCGCCAACTCCCTTGGATG,0,4174260
yadE_predicted,0.25,3,3,TGCGATGCTCGTTGTATGCT,0,4206443
yadE_predicted,0.25,3,3,TGCGATCGTTGATTCGGCAC,0,4172287
yadE_predicted,0.25,3,3,TGCGACTGGGATCAGTATAT,0,4208454
yadE_predicted,0.25,3,3,TGCGACTCATTGAAGGCTTG,0,4222643
yadE_predicted,0.25,3,3,TGCCGGTAGAACGGATCCTT,0,4239429
yadE_predicted,0.25,3,3,TGCCCCGGGTACGGAGTTTA,0,4200399
yadE_predicted,0.25,3,3,TGCCACTAAACTTCCGCCTT,0,4180451
yadE_predicted,0.25,3,3,TGCATGGGGGGGTGTCAGTA,0,4213280
yadE_predicted,0.25,3,3,TGCATAATGAGCCCCCCTAC,0,4230073
yadE_predicted,0.25,3,3,TGCATAAGCATAAGTATGCA,0,4210862
yadE_predicted,0.25,3,3,TGCAGTTTATAGATTGATTG,0,4240585
yadE_predicted,0.25,3,3,TGCAGCAATGGGGGTTGCAT,0,4178258
yadE_predicted,0.25,3,3,TGCACATCGTCAGATTAAGA,0,4236929
yadE_predicted,0.25,3,3,TGCACATCACGATACTGTGT,0,4185716
yadE_predicted,0.25,3,3,TGCACATATACCGAAGCATT,0,4205805
yadE_predicted,0.25,3,3,TGCACAGCTCGTACAGTCCA,0,4221752
yadE_predicted,0.25,3,3,TGATTTCCTGTGGAACCGAC,0,4227061
yadE_predicted,0.25,3,3,TGATTACGTCGTTGATCGTG,0,4166580
yadE_predicted,0.25,3,3,TGATGTGCGTGCTTATCGCA,0,4190702
yadE_predicted,0.25,3,3,TGATCGACATAGCATCAGCC,0,4211429
yadE_predicted,0.25,3,3,TGATCCCTTGAGCGTACTAG,0,4186530
yadE_predicted,0.25,3,3,TGATACTTATCTGTGCCTCC,0,4219147
yadE_predicted,0.25,3,3,TGATACACACTCACTGACCC,0,4187331
yadE_predicted,0.25,3,3,TGAGTTTAGCACCCAGGTAT,0,4171813
yadE_predicted,0.25,3,3,TGAGTTGACTCGAAAAAACT,0,4224257
yadE_predicted,0.25,3,3,TGAGGTGATGGACTAACTGA,0,4207942
yadE_predicted,0.25,3,3,TGAGATGGAACTACTGAAAT,0,4175916
yadE_predicted,0.25,3,3,TGAGAGGCATCTAAGAGGAT,0,4209117
yadE_predicted,0.25,3,3,TGAGACGTGGCTCGGATTGT,0,4189818
yadE_predicted,0.25,3,3,TGAGACCATCCGGGGCTAAG,0,4221684
yadE_predicted,0.25,3,3,TGAGAAACCGGAATGCATTT,0,4233816
yadE_predicted,0.25,3,3,TGACTTAAAAAACTGGATTC,0,4215656
yadE_predicted,0.25,3,3,TGACTCAAGTCCGTGTGCAC,0,4205857
yadE_predicted,0.25,3,3,TGACTACTTGATCCCGCAGT,0,4161801
yadE_predicted,0.25,3,3,TGACCAAGGAGGACACGCCT,0,4200525
yadE_predicted,0.25,3,3,TGACAGGAGAGGCTTTATGA,0,4204841
yadE_predicted,0.25,3,3,TGACAACAAGATGAAAGACG,0,4189478
yadE_predicted,0.25,3,3,TGAATCGCAGCGTCCACACA,0,4238301
yadE_predicted,0.25,3,3,TGAATCAGAGGATTGTCTCA,0,4237865
yadE_predicted,0.25,3,3,TGAAGTACGAAGCAGCGGTA,0,4191459
yadE_predicted,0.25,3,3,TGAAGACGGCAAGGCCCTCA,0,4178087
yadE_predicted,0.25,3,3,TGAAAGCCTCGAGCGCTCAA,0,4192994
yadE_predicted,0.25,3,3,TGAAAGACTGGGCAGATTAA,0,4201100
yadE_predicted,0.25,3,3,TGAAACGTCCGACGGCTATA,0,4201389
yadE_predicted,0.25,3,3,TCTTTACGTAGAGGGGACCG,0,4183317
yadE_predicted,0.25,3,3,TCTTGAGCCCGGGTCGTGGT,0,4200535
yadE_predicted,0.25,3,3,TCTTGAACAACTCCACTTCC,0,4210866
yadE_predicted,0.25,3,3,TCTTCTCCGGTGTGGTTTCA,0,4231332
yadE_predicted,0.25,3,3,TCTTAATAGCGACGGGTTGA,0,4212857
yadE_predicted,0.25,3,3,TCTTAAATGCAGTCTTACAT,0,4164318
yadE_predicted,0.25,3,3,TCTGTGATTGGGATAAGAGA,0,4218543
yadE_predicted,0.25,3,3,TCTGTCTAGGTGGCTAATCC,0,4181839
yadE_predicted,0.25,3,3,TCTGTCATGTCATTTGCGCT,0,4225500
yadE_predicted,0.25,3,3,TCTGTACCGGCACGTTTCTA,0,4163260
yadE_predicted,0.25,3,3,TCTGTAAATCCCTTCACCTG,0,4203798
yadE_predicted,0.25,3,3,TCTGGTGGGTCAGTTAGAGA,0,4181835
yadE_predicted,0.25,3,3,TCTGGTGGGAAGTTACATGG,0,4183214
yadE_predicted,0.25,3,3,TCTGGACAAACACGCCCCGG,0,4203669
yadE_predicted,0.25,3,3,TCTGAATCGGAGCGCAATTG,0,4198689
yadE_predicted,0.25,3,3,TCTCTGATAGCCACGACGAA,0,4225421
yadE_predicted,0.25,3,3,TCTCGTGAGCTACCACCTAG,0,4209513
yadE_predicted,0.25,3,3,TCTCCTTGGGCGAAACCATC,0,4225488
yadE_predicted,0.25,3,3,TCTCATCCCGGTCGTATCGG,0,4182159
yadE_predicted,0.25,3,3,TCTATCGGTCTTAGTTTTGA,0,4224985
yadE_predicted,0.25,3,3,TCTAGCCAGGACGGTTTACA,0,4209396
yadE_predicted,0.25,3,3,TCTACGGCATTCTTGCCTAG,0,4160904
yadE_predicted,0.25,3,3,TCGTTGATACCATAGTATTC,0,4167120
yadE_predicted,0.25,3,3,TCGTTCCATTCCCTTTTACT,0,4221785
yadE_predicted,0.25,3,3,TCGTTCAACAGTCAACACAC,0,4205098
yadE_predicted,0.25,3,3,TCGTGGGCATAGCTAAGTTC,0,4227660
yadE_predicted,0.25,3,3,TCGTGAGCGCCTAAATATGT,0,4167641
yadE_predicted,0.25,3,3,TCGTCGTTGTTATAAGGTGC,0,4170650
yadE_predicted,0.25,3,3,TCGTCGCGCCACTCGGAAGC,0,4230652
yadE_predicted,0.25,3,3,TCGTCCTTTTAGTTCGTTCC,0,4233664
yadE_predicted,0.25,3,3,TCGTAATGGCCGTGTTCCTA,0,4214851
yadE_predicted,0.25,3,3,TCGGTTACACCTCAAAGGGG,0,4235831
yadE_predicted,0.25,3,3,TCGGTGTCGCAGAGCTCAAC,0,4225572
yadE_predicted,0.25,3,3,TCGGGGCTGACATTCATGAG,0,4168589
yadE_predicted,0.25,3,3,TCGGCTTTCGAGGTATAGCA,0,4231947
yadE_predicted,0.25,3,3,TCGGCAGTTTCCGCACGCGC,0,4180389
yadE_predicted,0.25,3,3,TCGGAGTCAAGTTACTTATC,0,4222491
yadE_predicted,0.25,3,3,TCGCTGGATACTCGTCTGAG,0,4165506
yadE_predicted,0.25,3,3,TCGCGAGAAATCTTGGAAAT,0,4174907
yadE_predicted,0.25,3,3,TCGCCTGTTTAGTCTCGTGA,0,4205021
yadE_predicted,0.25,3,3,TCGCATCCCATCGACCACAG,0,4240810
yadE_predicted,0.25,3,3,TCGCAGTTTGCACCAGACGC,0,4199878
yadE_predicted,0.25,3,3,TCGCAACCTCGCAGCCGTGA,0,4201032
yadE_predicted,0.25,3,3,TCGATGGATATCGAAAAAGA,0,4228767
yadE_predicted,0.25,3,3,TCGATACACGAAGCAAGACG,0,4198098
yadE_predicted,0.25,3,3,TCGAATCTATGTCGAGATAG,0,4225856
yadE_predicted,0.25,3,3,TCGAAGTGGCCATAAATCGT,0,4217010
yadE_predicted,0.25,3,3,TCGAACATGCCACACCGGTG,0,4179846
yadE_predicted,0.25,3,3,TCCTGGTCTTGCCATAGATA,0,4197173
yadE_predicted,0.25,3,3,TCCTGCACGATCGCACCGTA,0,4231285
yadE_predicted,0.25,3,3,TCCTCGTCTGTTTACTGACA,0,4234851
yadE_predicted,0.25,3,3,TCCTCCTCATCCGGTGTAAG,0,4200401
yadE_predicted,0.25,3,3,TCCTCATATAGGTTTAATCA,0,4173214
yadE_predicted,0.25,3,3,TCCTATCGCGGAACCTGACA,0,4173490
yadE_predicted,0.25,3,3,TCCTAGGTGGGTAGCACTTG,0,4218552
yadE_predicted,0.25,3,3,TCCTACAGGGTTTGGATGAG,0,4204389
yadE_predicted,0.25,3,3,TCCTACACAGTGATTTCTAA,0,4175681
yadE_predicted,0.25,3,3,TCCGTGACCGCGTTCCGTCT,0,4233127
yadE_predicted,0.25,3,3,TCCGTACAAGGATAAAATGA,0,4184292
yadE_predicted,0.25,3,3,TCCGCTTAGTGTGGGATCCC,0,4212121
yadE_predicted,0.25,3,3,TCCGCTTAAGGCTAAATTGG,0,4159401
yadE_predicted,0.25,3,3,TCCGCGGTGATAATTGTAAA,0,4187247
yadE_predicted,0.25,3,3,TCCGCCAGGGTCACAGATTA,0,4229822
yadE_predicted,0.25,3,3,TCCGCAGGTGCGATATCCAC,0,4216846
yadE_predicted,0.25,3,3,TCCGAGGTACCACTGTTTGA,0,4177109
yadE_predicted,0.25,3,3,TCCGAAGTGTAAACCCATCA,0,4199495
yadE_predicted,0.25,3,3,TCCGAAGACAGCAGCCTATG,0,4222912
yadE_predicted,0.25,3,3,TCCCTGTACCCAAATGATGA,0,4223948
yadE_predicted,0.25,3,3,TCCCGTCTTAAAGACTATGT,0,4231067
yadE_predicted,0.25,3,3,TCCCGGTGAACTCCGAGGTC,0,4179429
yadE_predicted,0.25,3,3,TCCCACAGTCACGATCCCCC,0,4186684
yadE_predicted,0.25,3,3,TCCCAACGGACCTACCATTT,0,4184701
yadE_predicted,0.25,3,3,TCCATGTGGAACTAGTTGAG,0,4166633
yadE_predicted,0.25,3,3,TCCAGTATTACCTAGTTCAA,0,4192554
yadE_predicted,0.25,3,3,TCCAGGGATGCAACACGTCC,0,4216116
yadE_predicted,0.25,3,3,TCCAGGCACCTGCATAGGCA,0,4183638
yadE_predicted,0.25,3,3,TCCAGCGTATGGCATGAGGT,0,4229613
yadE_predicted,0.25,3,3,TCCAGATACGCAAGGTGCAA,0,4169925
yadE_predicted,0.25,3,3,TCCAAGGTGCCCGGACTAAT,0,4229539
yadE_predicted,0.25,3,3,TCCAACTTTCGACCAGTAAA,0,4180684
yadE_predicted,0.25,3,3,TCATTGCCGCTCTGAATACG,0,4219423
yadE_predicted,0.25,3,3,TCATCGGTCTTCACATTGCA,0,4169070
yadE_predicted,0.25,3,3,TCATCATACGGCTCGAAGAC,0,4200877
yadE_predicted,0.25,3,3,TCATCAATATCTTATCTCAC,0,4164729
yadE_predicted,0.25,3,3,TCAGTGAGCACTGGCCCCTA,0,4226776
yadE_predicted,0.25,3,3,TCAGTCCGGAAAGTTAGTGT,0,4160389
yadE_predicted,0.25,3,3,TCAGGAGCACTCAAAAGTGC,0,4238793
yadE_predicted,0.25,3,3,TCAGCGTACAATCGCCTCTG,0,4205176
yadE_predicted,0.25,3,3,TCAGCGGCAGACCTTTTTCA,0,4184643
yadE_predicted,0.25,3,3,TCAGAGCTCTGTACATGTTC,0,4163791
yadE_predicted,0.25,3,3,TCAGACATTTTCGTTATAGC,0,4235317
yadE_predicted,0.25,3,3,TCAGAATCAAGCAGGTGGTG,0,4221380
yadE_predicted,0.25,3,3,TCACTTTGGGTATAGGCAGC,0,4200601
yadE_predicted,0.25,3,3,TCACTTTGAAAGTAACGAAG,0,4219716
yadE_predicted,0.25,3,3,TCACTTGGAGGCGCAGCTGG,0,4199471
yadE_predicted,0.25,3,3,TCACTGTTCAATTAGGGGAT,0,4164172
yadE_predicted,0.25,3,3,TCACGTCTAACGCGATTGAT,0,4179989
yadE_predicted,0.25,3,3,TCACGAATATGGGCAGCTCA,0,4213908
yadE_predicted,0.25,3,3,TCACCATCTGTCCACCTTTA,0,4214631
yadE_predicted,0.25,3,3,TCACCAGTAGTCCCCCCCGA,0,4221006
yadE_predicted,0.25,3,3,TCACCAAAGGCATCGTGTGT,0,4188956
yadE_predicted,0.25,3,3,TCACACTCTTATCACCGGGC,0,4216227
yadE_predicted,0.25,3,3,TCACAATTATTCGATCCGCA,0,4183822
yadE_predicted,0.25,3,3,TCAATTGGCTGACGGGAATG,0,4168093
yadE_predicted,0.25,3,3,TCAATACGTCAACGCTCGCA,0,4165202
yadE_predicted,0.25,3,3,TCAAGTCCACATGCTCAAGA,0,4178424
yadE_predicted,0.25,3,3,TCAAGATTGTGTACCGAGCG,0,4171431
yadE_predicted,0.25,3,3,TCAACTGAGTCATCTAAGGA,0,4179754
yadE_predicted,0.25,3,3,TCAACGCTCGAGACTATGGT,0,4195660
yadE_predicted,0.25,3,3,TCAACCGAACTGATCACCTT,0,4216069
yadE_predicted,0.25,3,3,TCAAACCCATAGAATGTAAA,0,4234552
yadE_predicted,0.25,3,3,TATTTTCATCAGCTAACGCG,0,4212602
yadE_predicted,0.25,3,3,TATTTTACCAAATGGTCCGC,0,4198951
yadE_predicted,0.25,3,3,TATTTGTCCGGTTTGATTAT,0,4208707
yadE_predicted,0.25,3,3,TATTTCCTGAAACGGCACCG,0,4174174
yadE_predicted,0.25,3,3,TATTTACTGCCAATACATGT,0,4221937
yadE_predicted,0.25,3,3,TATTGGCTACATAGCTGTCA,0,4169067
yadE_predicted,0.25,3,3,TATTGACGTTCCTTGGAGAT,0,4225376
yadE_predicted,0.25,3,3,TATTCGGTGTTTGAGGCATA,0,4216439
yadE_predicted,0.25,3,3,TATTCAGGGGCAGTTATTCG,0,4175249
yadE_predicted,0.25,3,3,TATTATTTCTCCGATCGGTA,0,4163951
yadE_predicted,0.25,3,3,TATTATTAACATAAAACTAA,0,4205117
yadE_predicted,0.25,3,3,TATTATCCTTTATGCTAATT,0,4225284
yadE_predicted,0.25,3,3,TATTAAAGAGGTTGGCTTTT,0,4229319
yadE_predicted,0.25,3,3,TATGTTGCCCCCTTTGCACG,0,4177964
yadE_predicted,0.25,3,3,TATGTGTGTCTGTAGGTATT,0,4222903
yadE_predicted,0.25,3,3,TATGTCTAAGCATATTTGCA,0,4175501
yadE_predicted,0.25,3,3,TATGCCACTTAATCTCCGAT,0,4202451
yadE_predicted,0.25,3,3,TATGATGCTGGGCGCGGTGT,0,4230633
yadE_predicted,0.25,3,3,TATGAATCAAACTGATGGAT,0,4163480
yadE_predicted,0.25,3,3,TATCTTGGTGAAATGACAAT,0,4215319
yadE_predicted,0.25,3,3,TATCTCTACGCGTGGAAAAC,0,4194190
yadE_predicted,0.25,3,3,TATCTCCGTATCAGACTGAT,0,4217927
yadE_predicted,0.25,3,3,TATCGTTGACTACGAGACTG,0,4232677
yadE_predicted,0.25,3,3,TATCCTCAGCATGCCTACGG,0,4228770
yadE_predicted,0.25,3,3,TATCCGGTGCACATAGGGGT,0,4210916
yadE_predicted,0.25,3,3,TATCCACTTCTCAAGAAATG,0,4169579
yadE_predicted,0.25,3,3,TATCATAATTTCTCAACAAC,0,4192900
yadE_predicted,0.25,3,3,TATCAGCACGGACGGTCATT,0,4161378
yadE_predicted,0.25,3,3,TATATTCTCAGTGCATTTTA,0,4229932
yadE_predicted,0.25,3,3,TATATCCCAGTCTTTCATCG,0,4194903
yadE_predicted,0.25,3,3,TATATACTGTCAGAGCGGCT,0,4173999
yadE_predicted,0.25,3,3,TATAGTAAGGGGCCACGCCG,0,4185693
yadE_predicted,0.25,3,3,TATAGGCGCTTAATCTGCGA,0,4178862
yadE_predicted,0.25,3,3,TATAGCGTCGGTCCAGACCT,0,4232999
yadE_predicted,0.25,3,3,TATAGCGGTGGGGACCTCAC,0,4185577
yadE_predicted,0.25,3,3,TATAGAAGAGCCCGCATCCG,0,4220160
yadE_predicted,0.25,3,3,TATACCGGTATCTGGTTCGG,0,4211788
yadE_predicted,0.25,3,3,TATACCCGGGTTAGTCTACT,0,4184462
yadE_predicted,0.25,3,3,TATACAGAAAGTTGGGCACG,0,4174491
yadE_predicted,0.25,3,3,TATAATGCAGCGATTTACAA,0,4226473
yadE_predicted,0.25,3,3,TATAATACTTACATTCTGAT,0,4198557
yadE_predicted,0.25,3,3,TAGGTTGTCAGGGTGGCGTT,0,4190236
yadE_predicted,0.25,3,3,TAGGTTGCGCTACGTACAAG,0,4207409
yadE_predicted,0.25,3,3,TAGGTGGTGCTGAGTCTAAA,0,4213919
yadE_predicted,0.25,3,3,TAGGTGGTCTGTAAGGGGAA,0,4169308
yadE_predicted,0.25,3,3,TAGGTGGGAGCCCAGAATCT,0,4234894
yadE_predicted,0.25,3,3,TAGGTATGACCAGGACTTAA,0,4230822
yadE_predicted,0.25,3,3,TAGGGGATTGGCTTCGCTAG,0,4163578
yadE_predicted,0.25,3,3,TAGGGCCATCGTATGGCTGT,0,4190980
yadE_predicted,0.25,3,3,TAGGGCCAAGGATGTGCTGC,0,4180036
yadE_predicted,0.25,3,3,TAGGCTTTGCGGCAGTCGGG,0,4183114
yadE_predicted,0.25,3,3,TAGGCTACCCATACGTCACT,0,4192652
yadE_predicted,0.25,3,3,TAGGCGTTGTTTACGTGGTA,0,4188210
yadE_predicted,0.25,3,3,TAGGCGTGCCGACACATGAG,0,4186208
yadE_predicted,0.25,3,3,TAGGAGGTGCAATGACCGCA,0,4208482
yadE_predicted,0.25,3,3,TAGGAGAAGTATCCGGGCGA,0,4220450
yadE_predicted,0.25,3,3,TAGGACGGTGGCTCTTGACA,0,4188130
yadE_predicted,0.25,3,3,TAGCTATTCAGTAGCTCTCG,0,4220199
yadE_predicted,0.25,3,3,TAGCGTGCGTTAAAACTGTC,0,4236157
yadE_predicted,0.25,3,3,TAGCGTGCGCTTACGTCTGT,0,4240857
yadE_predicted,0.25,3,3,TAGCGGCCACAAGGGGTGTA,0,4229755
yadE_predicted,0.25,3,3,TAGCCGAGGTTCTAACGATG,0,4166854
yadE_predicted,0.25,3,3,TAGCATTGGGCTGTAGCGAG,0,4194555
yadE_predicted,0.25,3,3,TAGCAAATTGGAAACGGGAG,0,4228680
yadE_predicted,0.25,3,3,TAGATATAGAGACTCTCGAT,0,4165978
yadE_predicted,0.25,3,3,TAGAGGGATCAATAGGGTCC,0,4187962
yadE_predicted,0.25,3,3,TAGAGCTAATGAAACATTTT,0,4200826
yadE_predicted,0.25,3,3,TAGAGCATGATGTGGTGGAG,0,4233447
yadE_predicted,0.25,3,3,TAGAGCACTCTCATATCCTA,0,4238825
yadE_predicted,0.25,3,3,TAGAGATGTAGATACACGTC,0,4226969
yadE_predicted,0.25,3,3,TAGAATATCCCAGGACACCC,0,4183197
yadE_predicted,0.25,3,3,TAGAAGGGTGCAGTCTAGTG,0,4239877
yadE_predicted,0.25,3,3,TACTTGTTCGCTAATCGTCT,0,4225725
yadE_predicted,0.25,3,3,TACTTCTATGACCACCCGTA,0,4235488
yadE_predicted,0.25,3,3,TACTGTTTTCACAGTGTCTA,0,4173372
yadE_predicted,0.25,3,3,TACTGAGGCGAATGGGGTGC,0,4229571
yadE_predicted,0.25,3,3,TACTCTTGTACAAGAGTCCA,0,4217929
yadE_predicted,0.25,3,3,TACTCTTCTATAACGGGATC,0,4210573
yadE_predicted,0.25,3,3,TACTATTTTCCCTCGGACTC,0,4198392
yadE_predicted,0.25,3,3,TACTATGTCCACTTCACTTC,0,4173643
yadE_predicted,0.25,3,3,TACGTGGCTAAAACTCGCAT,0,4161774
yadE_predicted,0.25,3,3,TACGTCCATAAGATAACTAC,0,4200171
yadE_predicted,0.25,3,3,TACGTCATGTTGCATGATTG,0,4237579
yadE_predicted,0.25,3,3,TACGGTAATAGTGTCTAAGT,0,4197649
yadE_predicted,0.25,3,3,TACGGCTTTAGCACTCCGAC,0,4186132
yadE_predicted,0.25,3,3,TACGGAACTGGTAAAAAGAG,0,4209310
yadE_predicted,0.25,3,3,TACGCCCACTAATTATGGGA,0,4236041
yadE_predicted,0.25,3,3,TACGAGCTGGAGGCAGTGAG,0,4192717
yadE_predicted,0.25,3,3,TACCTCTTCAGACATGCACT,0,4195466
yadE_predicted,0.25,3,3,TACCGTTTAGCCGTCGAGCT,0,4233126
yadE_predicted,0.25,3,3,TACCGCTATTCGGGCTCTTG,0,4216596
yadE_predicted,0.25,3,3,TACCCTCCAGGTCCCCTTTT,0,4228300
yadE_predicted,0.25,3,3,TACCCTAAATTTGAGTCTCG,0,4230075
yadE_predicted,0.25,3,3,TACCCGGAATGCATGAAAGA,0,4217407
yadE_predicted,0.25,3,3,TACCCACTACCGCGTAACCT,0,4207588
yadE_predicted,0.25,3,3,TACCAGGTAGGGAGGCAACT,0,4159807
yadE_predicted,0.25,3,3,TACCAAAATCGCTTTCTGCA,0,4224453
yadE_predicted,0.25,3,3,TACATTCACGTCTACCTTGG,0,4233510
yadE_predicted,0.25,3,3,TACATACTGTTGCCGACTAG,0,4221154
yadE_predicted,0.25,3,3,TACATAAAATGCGACCCGCA,0,4169497
yadE_predicted,0.25,3,3,TACAGTTTGTCGGCTGGGTC,0,4222798
yadE_predicted,0.25,3,3,TACAGGGGTTAGTCGATGCT,0,4215633
yadE_predicted,0.25,3,3,TACAGCGTCCTCCCGTAACC,0,4172900
yadE_predicted,0.25,3,3,TACAATTCACTCGTTATGTC,0,4186259
yadE_predicted,0.25,3,3,TACAACGTGAACGTGTTGCT,0,4210613
yadE_predicted,0.25,3,3,TACAACAATCCCCTAGTTGC,0,4220362
yadE_predicted,0.25,3,3,TAATTTTAAAACGTGGTCTT,0,4214814
yadE_predicted,0.25,3,3,TAATTGGGGACGGCGTCCGG,0,4160201
yadE_predicted,0.25,3,3,TAATGTGGTCGGAAAGGGTC,0,4224351
yadE_predicted,0.25,3,3,TAATGGCGCTCGAGCCAACC,0,4203476
yadE_predicted,0.25,3,3,TAATCATTGATTGGTAAGGG,0,4207840
yadE_predicted,0.25,3,3,TAATATAAATTTGACTGTAC,0,4213281
yadE_predicted,0.25,3,3,TAAGTGCTGGCTCTCACACT,0,4193068
yadE_predicted,0.25,3,3,TAAGTCGTGACTATGAGATA,0,4203804
yadE_predicted,0.25,3,3,TAAGCGCTGAATTGCAGTTT,0,4214998
yadE_predicted,0.25,3,3,TAAGCCTTACCGCCTATTTT,0,4220178
yadE_predicted,0.25,3,3,TAAGCCTATTTTGGTTGTTT,0,4214252
yadE_predicted,0.25,3,3,TAAGAGGCAGACTTTGAAAT,0,4183152
yadE_predicted,0.25,3,3,TAACTATTGGTTAGTGAATA,0,4185017
yadE_predicted,0.25,3,3,TAACGGGGTTTGCGTGCAAA,0,4169605
yadE_predicted,0.25,3,3,TAACGACACACGTGCAGCAA,0,4229537
yadE_predicted,0.25,3,3,TAACCTAAAGTGGTATACCG,0,4232873
yadE_predicted,0.25,3,3,TAACCGCTTAAGAATCCCAA,0,4200796
yadE_predicted,0.25,3,3,TAACCCTTCCGACACCTGGT,0,4218590
yadE_predicted,0.25,3,3,TAACAGGCGAGAAAAGTGCC,0,4225587
yadE_predicted,0.25,3,3,TAACAGAAATAATGCGGTCC,0,4174698
yadE_predicted,0.25,3,3,TAACACAAATGAGGACGAGA,0,4237501
yadE_predicted,0.25,3,3,TAAATTGAGCCGGCGTGATT,0,4224885
yadE_predicted,0.25,3,3,TAAATATGGGGGGTACGCAC,0,4226442
yadE_predicted,0.25,3,3,TAAACGATCTTCCAAATCGG,0,4179983
yadE_predicted,0.25,3,3,TAAAATGATTAAAGAAACAG,0,4172937
yadE_predicted,0.25,3,3,TAAAACGGCACATTCCGAGA,0,4209166
yadE_predicted,0.25,3,3,GTTTTGTAAGGCGGCGGGCT,0,4201411
yadE_predicted,0.25,3,3,GTTTTCAATAAGGGATTACA,0,4208908
yadE_predicted,0.25,3,3,GTTTTAGGTGATTTCACGCA,0,4196863
yadE_predicted,0.25,3,3,GTTTGTCCCCAAATATCTCG,0,4232153
yadE_predicted,0.25,3,3,GTTTGAGGGCGATATTGATT,0,4164419
yadE_predicted,0.25,3,3,GTTTGAACGATAGTATACAT,0,4223255
yadE_predicted,0.25,3,3,GTTTCGTCATCACAGGAACT,0,4184850
yadE_predicted,0.25,3,3,GTTTCAAATAGGCGTTTGTC,0,4206747
yadE_predicted,0.25,3,3,GTTTATCGCTCCTCAGAAAA,0,4169810
yadE_predicted,0.25,3,3,GTTTACCGCCTTCTGGTTCC,0,4226651
yadE_predicted,0.25,3,3,GTTTACACTTATGTCGAGGA,0,4180852
yadE_predicted,0.25,3,3,GTTGTTTACGGATGAGGTAG,0,4178477
yadE_predicted,0.25,3,3,GTTGTTGGCAATATCGAATC,0,4201972
yadE_predicted,0.25,3,3,GTTGTGTAGCTTTGCCGGCT,0,4186911
yadE_predicted,0.25,3,3,GTTGTCGGGGCTTCACGTGT,0,4222256
yadE_predicted,0.25,3,3,GTTGGGACCAAGCAACATGA,0,4184414
yadE_predicted,0.25,3,3,GTTGGCGAGTCAGTTCGTGA,0,4198489
yadE_predicted,0.25,3,3,GTTGCGTCGCCAAGAAGGTT,0,4171289
yadE_predicted,0.25,3,3,GTTGCGGCGCCTATACCTTG,0,4232899
yadE_predicted,0.25,3,3,GTTGCACGGTGACACGACGG,0,4219402
yadE_predicted,0.25,3,3,GTTGACTTTCGTGAAGGTGA,0,4213785
yadE_predicted,0.25,3,3,GTTGACTAGGTTCGGACTGG,0,4182926
yadE_predicted,0.25,3,3,GTTGAAACGTCCGTCTATTA,0,4210894
yadE_predicted,0.25,3,3,GTTCTTAAACGACGAACTGC,0,4234334
yadE_predicted,0.25,3,3,GTTCTGATTGTTGCTCTGCT,0,4190182
yadE_predicted,0.25,3,3,GTTCGGGGAAGCAGGATTGT,0,4225799
yadE_predicted,0.25,3,3,GTTCGGCGCGTGCGTTATTA,0,4168382
yadE_predicted,0.25,3,3,GTTCCTCCTGGAAGGACTTG,0,4219779
yadE_predicted,0.25,3,3,GTTCCATCTCGGACACTTCT,0,4223763
yadE_predicted,0.25,3,3,GTTCATGTGTCACGCAATCA,0,4205092
yadE_predicted,0.25,3,3,GTTCAGCCCCAAACGTTTTA,0,4199232
yadE_predicted,0.25,3,3,GTTCAACCAAAGGTACGGAG,0,4178900
yadE_predicted,0.25,3,3,GTTATTTATATGCCCGGTGA,0,4216194
yadE_predicted,0.25,3,3,GTTATTGTAGGCTCGCAAGT,0,4176766
yadE_predicted,0.25,3,3,GTTATGCTTTCGGGGTTTCG,0,4209395
yadE_predicted,0.25,3,3,GTTATAGAGGCGGGCGATGC,0,4176123
yadE_predicted,0.25,3,3,GTTAGTTCCGTGCGTCGCGT,0,4215325
yadE_predicted,0.25,3,3,GTTAGTGAAGTACACTCGTA,0,4226420
yadE_predicted,0.25,3,3,GTTAGTCACATATCATCTAG,0,4182131
yadE_predicted,0.25,3,3,GTTAGCACTATGTTGAGCCG,0,4170674
yadE_predicted,0.25,3,3,GTTACTTAAAATCAAGTGCA,0,4204321
yadE_predicted,0.25,3,3,GTTACCTAACGGTTTATCTG,0,4186761
yadE_predicted,0.25,3,3,GTTACACACCGTTGTGGTGC,0,4194470
yadE_predicted,0.25,3,3,GTTAACTTCTGGTAGGTTGC,0,4179719
yadE_predicted,0.25,3,3,GTTAAACATGCACAAGGTAG,0,4188569
yadE_predicted,0.25,3,3,GTGTTTAGATCGGGGAAGCG,0,4229231
yadE_predicted,0.25,3,3,GTGTTGGCCCCTATGGCATG,0,4206632
yadE_predicted,0.25,3,3,GTGTGTGGTATCCTCAGGAG,0,4200118
yadE_predicted,0.25,3,3,GTGTGGGCTCTTCTGCCCGT,0,4238025
yadE_predicted,0.25,3,3,GTGTGGAATTTTACCTGCAG,0,4238558
yadE_predicted,0.25,3,3,GTGTGCGGAACACGCGGGAA,0,4230647
yadE_predicted,0.25,3,3,GTGTGAGAAATCGCAGGTGA,0,4218802
yadE_predicted,0.25,3,3,GTGTCGAGCCACCGCGCTAG,0,4198884
yadE_predicted,0.25,3,3,GTGTCCGTCATCTCGACGGG,0,4167588
yadE_predicted,0.25,3,3,GTGTCCGAAAAATCCGTCCC,0,4214420
yadE_predicted,0.25,3,3,GTGTCATGTACGCAATATTG,0,4196730
yadE_predicted,0.25,3,3,GTGTCAATATCAGGGGTTAT,0,4223765
yadE_predicted,0.25,3,3,GTGTCAACCGGCCTAACCGG,0,4172768
yadE_predicted,0.25,3,3,GTGTATTGGCTATCCATGAC,0,4225140
yadE_predicted,0.25,3,3,GTGTAGCCGCGCGAGAATTA,0,4204386
yadE_predicted,0.25,3,3,GTGTACCAACTCATTTACGG,0,4180604
yadE_predicted,0.25,3,3,GTGTAAGTTTCATCCTCGGC,0,4180667
yadE_predicted,0.25,3,3,GTGGTTCCATGCGTTGGCTG,0,4178719
yadE_predicted,0.25,3,3,GTGGTAAATCTTTATCAAAT,0,4219081
yadE_predicted,0.25,3,3,GTGGGTCTATCTGTGTATAT,0,4216095
yadE_predicted,0.25,3,3,GTGGGGGAAACGGCTGGGAA,0,4210459
yadE_predicted,0.25,3,3,GTGGGAGGTGAACTGTAGGG,0,4220208
yadE_predicted,0.25,3,3,GTGGCTATGGCAGAATCTCG,0,4164898
yadE_predicted,0.25,3,3,GTGGCTACCAGATCTGGTCC,0,4238460
yadE_predicted,0.25,3,3,GTGGCGAAGCGAATCTGGGG,0,4209341
yadE_predicted,0.25,3,3,GTGGCAGGCGCAAATGCCAA,0,4187804
yadE_predicted,0.25,3,3,GTGGATTAGTCTAATCGGCT,0,4219586
yadE_predicted,0.25,3,3,GTGCTGTAGATGAATATTCA,0,4184803
yadE_predicted,0.25,3,3,GTGCTATGTAGTACGGAAAA,0,4216132
yadE_predicted,0.25,3,3,GTGCGAGGATGTGAGTAGCT,0,4159891
yadE_predicted,0.25,3,3,GTGCCTCCTGGCAGTACAAT,0,4182241
yadE_predicted,0.25,3,3,GTGCCTAAAGAAAAACGGGG,0,4172643
yadE_predicted,0.25,3,3,GTGCATTGGGTTCTAAACTT,0,4235515
yadE_predicted,0.25,3,3,GTGCATCCGCGCCATTTCCG,0,4195998
yadE_predicted,0.25,3,3,GTGATCAAGCCATCCCGCTC,0,4212522
yadE_predicted,0.25,3,3,GTGAGAACCAGGCTTTGGCA,0,4181226
yadE_predicted,0.25,3,3,GTGACGAAGAATCTTTATCG,0,4180590
yadE_predicted,0.25,3,3,GTGACCTGGCCGTCGAATTT,0,4238928
yadE_predicted,0.25,3,3,GTGACCTATCTTACCACCAC,0,4211253
yadE_predicted,0.25,3,3,GTGACACAACACTTCGTAAT,0,4199816
yadE_predicted,0.25,3,3,GTGAAGGGTATCATCCCGTC,0,4235998
yadE_predicted,0.25,3,3,GTCTTTTCCCGATGCCCCTC,0,4179647
yadE_predicted,0.25,3,3,GTCTTGGAATCGATTTAACG,0,4168872
yadE_predicted,0.25,3,3,GTCTCTTTTTAATTTCGTAA,0,4230080
yadE_predicted,0.25,3,3,GTCTCACACAAGACCACTTA,0,4165098
yadE_predicted,0.25,3,3,GTCTAGCAGACAGAGGATCT,0,4167658
yadE_predicted,0.25,3,3,GTCTACTGGCCTACCCGGCA,0,4210088
yadE_predicted,0.25,3,3,GTCGTTGATTGCTTGCTTAT,0,4191119
yadE_predicted,0.25,3,3,GTCGTAAGTCCGCCGGCCGA,0,4217916
yadE_predicted,0.25,3,3,GTCGGCAGGACATTCTTCAT,0,4228112
yadE_predicted,0.25,3,3,GTCGGAATATTTGATGTCTT,0,4226042
yadE_predicted,0.25,3,3,GTCGCAACTGCGTGGGGGTC,0,4202847
yadE_predicted,0.25,3,3,GTCGAAGATATACTATCGGA,0,4217995
yadE_predicted,0.25,3,3,GTCCGTTTAAGTCTGCGTGC,0,4201803
yadE_predicted,0.25,3,3,GTCCGCACTGTATCATCTGA,0,4238559
yadE_predicted,0.25,3,3,GTCCCGGGCGAAAATAGATG,0,4165550
yadE_predicted,0.25,3,3,GTCCATCCAGATTTTAAAGG,0,4224949
yadE_predicted,0.25,3,3,GTCCAGCTCGCTAGACAAAA,0,4187131
yadE_predicted,0.25,3,3,GTCCAGCTACAGCCTGAAGG,0,4187968
yadE_predicted,0.25,3,3,GTCCAGCAGATCGTTTCCCA,0,4217743
yadE_predicted,0.25,3,3,GTCCAGCAAAACATCGTACA,0,4181398
yadE_predicted,0.25,3,3,GTCCAGACCTGGACGGGGCA,0,4177430
yadE_predicted,0.25,3,3,GTCCACGCTTGGTTGAATTA,0,4205158
yadE_predicted,0.25,3,3,GTCCAAGTGCTAGCATCATA,0,4219777
yadE_predicted,0.25,3,3,GTCATTACGGCATCCATTCC,0,4177119
yadE_predicted,0.25,3,3,GTCATATTCGGTGAGTAGTT,0,4231420
yadE_predicted,0.25,3,3,GTCATACCTTTGTCGTATGT,0,4180951
yadE_predicted,0.25,3,3,GTCAGTAATCTCCATGGGAT,0,4181420
yadE_predicted,0.25,3,3,GTCAGGCTCCCCCGATAGGT,0,4205161
yadE_predicted,0.25,3,3,GTCAGGATAGACGATGCACG,0,4216004
yadE_predicted,0.25,3,3,GTCAGCGCGCCATGGGTTTT,0,4191382
yadE_predicted,0.25,3,3,GTCAGACCATTGTTGTTCCT,0,4192870
yadE_predicted,0.25,3,3,GTCACAGTCGGGTGGTAGTA,0,4161857
yadE_predicted,0.25,3,3,GTCAATAGCAGCCTGAAACA,0,4189261
yadE_predicted,0.25,3,3,GTATTGTCTAAACCAATGAA,0,4197627
yadE_predicted,0.25,3,3,GTATTGGATTATGTCAGGGC,0,4215310
yadE_predicted,0.25,3,3,GTATTATATGTTGCCGGACA,0,4218852
yadE_predicted,0.25,3,3,GTATGGACACGTCCGCACTA,0,4201465
yadE_predicted,0.25,3,3,GTATGAGCGTGGGAGAAAAT,0,4203383
yadE_predicted,0.25,3,3,GTATCGGGTTACATGAAATT,0,4183011
yadE_predicted,0.25,3,3,GTATCAGCTTCTGAAGCCGA,0,4233439
yadE_predicted,0.25,3,3,GTATATTTTAACAATGAAGG,0,4201019
yadE_predicted,0.25,3,3,GTATAGTACGACTTATGTGT,0,4238003
yadE_predicted,0.25,3,3,GTATACAAAGAACGTATAAA,0,4234847
yadE_predicted,0.25,3,3,GTAGTTTGTGACTGTTCAAC,0,4196261
yadE_predicted,0.25,3,3,GTAGTGCAAGCGTAGCTTTT,0,4181391
yadE_predicted,0.25,3,3,GTAGTGATCGTCAGCAAGTG,0,4197700
yadE_predicted,0.25,3,3,GTAGGGACATCATGGCTCCA,0,4206113
yadE_predicted,0.25,3,3,GTAGGCATTGAATTGTCGTA,0,4195519
yadE_predicted,0.25,3,3,GTAGGAAAGAGACAAAGGAA,0,4195646
yadE_predicted,0.25,3,3,GTAGCTTCCCGGTGACAATG,0,4179418
yadE_predicted,0.25,3,3,GTAGCTGTTTAGTTTGACTT,0,4214992
yadE_predicted,0.25,3,3,GTAGAAATATGGCTATGAGA,0,4199410
yadE_predicted,0.25,3,3,GTACTAAGATACATTTGTTG,0,4218097
yadE_predicted,0.25,3,3,GTACGGGTCCCGTAATCAAC,0,4201691
yadE_predicted,0.25,3,3,GTACCCTGTATATGTGCAAC,0,4175014
yadE_predicted,0.25,3,3,GTACCCGATTCTGTATCCTG,0,4225440
yadE_predicted,0.25,3,3,GTACCCACTGAGGACATCTT,0,4163067
yadE_predicted,0.25,3,3,GTACCACCGTCGCACTTCCA,0,4240575
yadE_predicted,0.25,3,3,GTACACGTACGTATGTCCGC,0,4201939
yadE_predicted,0.25,3,3,GTACACCCTGTTAACACCGA,0,4206107
yadE_predicted,0.25,3,3,GTACACCAACCAAGGTGTGA,0,4199398
yadE_predicted,0.25,3,3,GTAATGAGATGGCTATACAC,0,4236031
yadE_predicted,0.25,3,3,GTAATCCCATGTCAACGCCA,0,4176911
yadE_predicted,0.25,3,3,GTAAGACGATAGGACGTTCG,0,4211175
yadE_predicted,0.25,3,3,GTAAGAATCCAGCGCCCGCA,0,4177550
yadE_predicted,0.25,3,3,GTAACAAAATATACACCTTC,0,4186257
yadE_predicted,0.25,3,3,GTAAACGCGACGCGCGCGAG,0,4220165
yadE_predicted,0.25,3,3,GGTTTTAGGGCTTGTTTACA,0,4176166
yadE_predicted,0.25,3,3,GGTTTCGTTTACTACCCGGT,0,4172074
yadE_predicted,0.25,3,3,GGTTGCTCGATAGTATGCCA,0,4202359
yadE_predicted,0.25,3,3,GGTTGCTAACGGGTTTTCCT,0,4237369
yadE_predicted,0.25,3,3,GGTTGAGGCGAGTGTGGATA,0,4200950
yadE_predicted,0.25,3,3,GGTTCTCGGCTAGCATTCTT,0,4203514
yadE_predicted,0.25,3,3,GGTTCGCCGGTGGACCGCTG,0,4174642
yadE_predicted,0.25,3,3,GGTTAATACTCGGTGTGGGG,0,4209498
yadE_predicted,0.25,3,3,GGTGTTACCATATGTAATTT,0,4206232
yadE_predicted,0.25,3,3,GGTGGGGGGTGGTGTCTCAA,0,4231960
yadE_predicted,0.25,3,3,GGTGCTGATCATCGCTAAAT,0,4203447
yadE_predicted,0.25,3,3,GGTGCTACTCGCGGCAAGGT,0,4187468
yadE_predicted,0.25,3,3,GGTGCCTATTTCGAGTGGAA,0,4239090
yadE_predicted,0.25,3,3,GGTGAGTTAGATGATGCCGT,0,4161133
yadE_predicted,0.25,3,3,GGTCTTCGTCGTTCTGGTCA,0,4218404
yadE_predicted,0.25,3,3,GGTCTTAGCACTAGGCACCA,0,4220336
yadE_predicted,0.25,3,3,GGTCTTACAGCTATGGGATT,0,4207624
yadE_predicted,0.25,3,3,GGTCTCTTACGACCTGAGCA,0,4186625
yadE_predicted,0.25,3,3,GGTCTAGTCCTGCATAAGAA,0,4234713
yadE_predicted,0.25,3,3,GGTCGTGTGCTGGTCCGAAA,0,4241181
yadE_predicted,0.25,3,3,GGTCGCCGCCTCTACCTCGT,0,4191109
yadE_predicted,0.25,3,3,GGTCCGAACTAGGTGTTTCG,0,4162508
yadE_predicted,0.25,3,3,GGTCCAGCGGGACGTTGGTT,0,4161108
yadE_predicted,0.25,3,3,GGTCACCTCGTCACTACTAA,0,4196737
yadE_predicted,0.25,3,3,GGTCAAGTTGGTCGCGAATT,0,4218972
yadE_predicted,0.25,3,3,GGTATTCTGTGTCGATGGCC,0,4237754
yadE_predicted,0.25,3,3,GGTATTAGCACAGGGGGAGG,0,4174666
yadE_predicted,0.25,3,3,GGTATGAGTTTCCCGGAAGC,0,4195724
yadE_predicted,0.25,3,3,GGTATCGATATTCCCGACAG,0,4196491
yadE_predicted,0.25,3,3,GGTAGTCATAGATTCGGAAA,0,4170466
yadE_predicted,0.25,3,3,GGTAGGGCGTACCTAAATGA,0,4191852
yadE_predicted,0.25,3,3,GGTAGACGCGATGTACTAGG,0,4183801
yadE_predicted,0.25,3,3,GGTACGGAATATGAACTGTG,0,4234952
yadE_predicted,0.25,3,3,GGTACGCGTTCGCTCGCAGA,0,4186908
yadE_predicted,0.25,3,3,GGTAACTCCAGTTTGGACAA,0,4200236
yadE_predicted,0.25,3,3,GGGTTGCTACAGAATGATCA,0,4239462
yadE_predicted,0.25,3,3,GGGTTCACAAGTCCCTAGCC,0,4224315
yadE_predicted,0.25,3,3,GGGTTATTAGTACAGCCCGA,0,4203761
yadE_predicted,0.25,3,3,GGGTTAGATCTCTCTTGGAC,0,4209075
yadE_predicted,0.25,3,3,GGGTTAACCGACGAGTAGGC,0,4166662
yadE_predicted,0.25,3,3,GGGTGTTGATGTTACATATT,0,4206682
yadE_predicted,0.25,3,3,GGGTGGGTTCGACTAGACGT,0,4232756
yadE_predicted,0.25,3,3,GGGTCTAGTCCATAACGATA,0,4163428
yadE_predicted,0.25,3,3,GGGTCGGTAATGTGAATTGT,0,4168595
yadE_predicted,0.25,3,3,GGGTCATAGATTACGCAATA,0,4229670
yadE_predicted,0.25,3,3,GGGTCACGCATCACTGTTGA,0,4183513
yadE_predicted,0.25,3,3,GGGTACCCTGTGCAGAGTGC,0,4203876
yadE_predicted,0.25,3,3,GGGTAATACCCCGACTCTAC,0,4206918
yadE_predicted,0.25,3,3,GGGTAACCCGGAAATGTTCC,0,4229070
yadE_predicted,0.25,3,3,GGGGTCCACTTATTATGGGT,0,4201976
yadE_predicted,0.25,3,3,GGGGGTCATACAGACGTCAC,0,4169599
yadE_predicted,0.25,3,3,GGGGGCTCCAAGGAGGCTTA,0,4166113
yadE_predicted,0.25,3,3,GGGGGATTGGGGCGTAGTCA,0,4235312
yadE_predicted,0.25,3,3,GGGGCTAGTCATCATTTAAA,0,4230086
yadE_predicted,0.25,3,3,GGGGCAGGGTTACAGGAAAG,0,4222105
yadE_predicted,0.25,3,3,GGGGCACAACCATTTTCTTC,0,4195324
yadE_predicted,0.25,3,3,GGGGATGGGTATCAGTGCGT,0,4170809
yadE_predicted,0.25,3,3,GGGCTTAAGGCCAAGCAGGA,0,4203769
yadE_predicted,0.25,3,3,GGGCTGGGGATAACCCAGCC,0,4182735
yadE_predicted,0.25,3,3,GGGCCTAGCAGTCTCACTCG,0,4222358
yadE_predicted,0.25,3,3,GGGCCGTATCTTGAGTCGGA,0,4193446
yadE_predicted,0.25,3,3,GGGCCGCAATTAGCCAAGAA,0,4159959
yadE_predicted,0.25,3,3,GGGCATTAACTCGTAGTATA,0,4178156
yadE_predicted,0.25,3,3,GGGCATCCATGTTGAGTGCG,0,4215871
yadE_predicted,0.25,3,3,GGGCAGTCCCGACTATGTGA,0,4212807
yadE_predicted,0.25,3,3,GGGCAGTCCATTGGGCCCGA,0,4238920
yadE_predicted,0.25,3,3,GGGATGTCCGAGTTGAGGGG,0,4163786
yadE_predicted,0.25,3,3,GGGATGAATCGACCTGTGCT,0,4225202
yadE_predicted,0.25,3,3,GGGATACCGTGTAGTAGATC,0,4165508
yadE_predicted,0.25,3,3,GGGATAATCCGACGCGGGAA,0,4169051
yadE_predicted,0.25,3,3,GGGAGTCTTCGTCAAAGAGT,0,4207273
yadE_predicted,0.25,3,3,GGGAGGTGAGCATAGTCTCG,0,4185311
yadE_predicted,0.25,3,3,GGGACGCCGAGCGACTGTAC,0,4162195
yadE_predicted,0.25,3,3,GGGAAGGCCTGTGGTCGCAA,0,4173102
yadE_predicted,0.25,3,3,GGGAAAAAACAGGAGTATTA,0,4183900
yadE_predicted,0.25,3,3,GGCTTATAGTAACAGACGGG,0,4178222
yadE_predicted,0.25,3,3,GGCTCCGATACATAATACCG,0,4207488
yadE_predicted,0.25,3,3,GGCGTTGGTACGGTTATCTT,0,4210952
yadE_predicted,0.25,3,3,GGCGTTAGCTGGCTGGGGAC,0,4225333
yadE_predicted,0.25,3,3,GGCGTACGCCCATGATAGTG,0,4193169
yadE_predicted,0.25,3,3,GGCGGTCCCTCTCGGTCGGG,0,4173342
yadE_predicted,0.25,3,3,GGCGCTGACCCGCAATTGTC,0,4221776
yadE_predicted,0.25,3,3,GGCGCCCCTCTATCATATTA,0,4203173
yadE_predicted,0.25,3,3,GGCGCCAACTTCCAGCGCTG,0,4199330
yadE_predicted,0.25,3,3,GGCGACCACTTAAAGTCTCA,0,4194014
yadE_predicted,0.25,3,3,GGCGACACAGGCTCTACTCA,0,4166868
yadE_predicted,0.25,3,3,GGCGAATGGTTAGAGCATCC,0,4199296
yadE_predicted,0.25,3,3,GGCCTCCTGCCAGTTCGCCC,0,4229811
yadE_predicted,0.25,3,3,GGCCGTCCACGGAACTGACC,0,4195118
yadE_predicted,0.25,3,3,GGCCGTAGGAACCCATTGGC,0,4163581
yadE_predicted,0.25,3,3,GGCCCTGCTGTTTAGCGAAG,0,4221276
yadE_predicted,0.25,3,3,GGCCCAATGCTCGACACAGA,0,4181346
yadE_predicted,0.25,3,3,GGCCATTGAGGTTATGAACC,0,4219024
yadE_predicted,0.25,3,3,GGCCAACTCCGTAGCCGGGT,0,4205476
yadE_predicted,0.25,3,3,GGCCAAAGGGTGGGTGGTTC,0,4198095
yadE_predicted,0.25,3,3,GGCCAAAATGCAGGGCGGGG,0,4212017
yadE_predicted,0.25,3,3,GGCATTACGGTGCACGCACA,0,4177580
yadE_predicted,0.25,3,3,GGCATCTCAAACAGCGCTTT,0,4164695
yadE_predicted,0.25,3,3,GGCATATGCGGGTATCACGA,0,4210394
yadE_predicted,0.25,3,3,GGCATAAGTGTCTGCACCAA,0,4161137
yadE_predicted,0.25,3,3,GGCAGTCACTGTATCTGAAT,0,4199349
yadE_predicted,0.25,3,3,GGCAGACCCATACGATACGG,0,4220549
yadE_predicted,0.25,3,3,GGCACATTAAGCTACACGCA,0,4188686
yadE_predicted,0.25,3,3,GGATTTTGAACGAACCCTCG,0,4170060
yadE_predicted,0.25,3,3,GGATTGCGCTAAATCCTATT,0,4203899
yadE_predicted,0.25,3,3,GGATTGAAACCGGACCTGGA,0,4181753
yadE_predicted,0.25,3,3,GGATTCAGCGTTCCAGCGTA,0,4172833
yadE_predicted,0.25,3,3,GGATTAGTGTAAGTGAACGA,0,4227953
yadE_predicted,0.25,3,3,GGATTACGTTTCGTGGACTC,0,4227979
yadE_predicted,0.25,3,3,GGATTACACTTCTGGAGACA,0,4214874
yadE_predicted,0.25,3,3,GGATGGGCTGCTTCATAGCG,0,4192896
yadE_predicted,0.25,3,3,GGATGGAATTTTACAGGGCT,0,4164021
yadE_predicted,0.25,3,3,GGATGCTTTCGCGATTAATA,0,4202520
yadE_predicted,0.25,3,3,GGATCTAGTGGGTTAAATAG,0,4224730
yadE_predicted,0.25,3,3,GGATCCGTACACGTTGAGCT,0,4174015
yadE_predicted,0.25,3,3,GGATCCGCAGCAGTACGACT,0,4191095
yadE_predicted,0.25,3,3,GGAGGTGGTCGCGGTGACTG,0,4210189
yadE_predicted,0.25,3,3,GGAGGGTTTCCACTCGTCTC,0,4214197
yadE_predicted,0.25,3,3,GGAGCCTACCGGTGCATGCG,0,4206069
yadE_predicted,0.25,3,3,GGAGCACGATATGTGAATGA,0,4197891
yadE_predicted,0.25,3,3,GGAGAGAAGAGTCCAACTTA,0,4240685
yadE_predicted,0.25,3,3,GGAGACTCATGGCACTTGCT,0,4241124
yadE_predicted,0.25,3,3,GGAGACCGTCTTGCGTATCA,0,4162772
yadE_predicted,0.25,3,3,GGAGAATTTGCAGCGGGCTA,0,4167730
yadE_predicted,0.25,3,3,GGAGAAAAATGGAGTTAAAG,0,4227441
yadE_predicted,0.25,3,3,GGACTTTTTTATGGGATCGT,0,4207228
yadE_predicted,0.25,3,3,GGACTCTGCCACGTGAGAAA,0,4193653
yadE_predicted,0.25,3,3,GGACTCCGGCGGGTGACAAG,0,4183378
yadE_predicted,0.25,3,3,GGACGGCGGTCGTGGAAAGA,0,4188106
yadE_predicted,0.25,3,3,GGACGCGGCGTCCGTTATAC,0,4210930
yadE_predicted,0.25,3,3,GGACCTGTTTCTACCCAGGC,0,4236229
yadE_predicted,0.25,3,3,GGACCGCGTTAGTGGGAGCT,0,4238110
yadE_predicted,0.25,3,3,GGACCAGGTGACTGCTACAG,0,4160279
yadE_predicted,0.25,3,3,GGACATTCTTCGTGTACGCA,0,4216358
yadE_predicted,0.25,3,3,GGACAGTGATGAGGTTTAGC,0,4202296
yadE_predicted,0.25,3,3,GGACAGGCGGGGATATTTGG,0,4204825
yadE_predicted,0.25,3,3,GGAATGTCGGAGAGCAGGCG,0,4182025
yadE_predicted,0.25,3,3,GGAATCGGCGAGATGGACTC,0,4223847
yadE_predicted,0.25,3,3,GGAATATGATTGGCTGAAGG,0,4176931
yadE_predicted,0.25,3,3,GGAAGTAACACTGAGACTAA,0,4220430
yadE_predicted,0.25,3,3,GGAACGTTCCGGGAACCCGA,0,4188265
yadE_predicted,0.25,3,3,GGAAACAAGTGTCTCCCTGG,0,4164387
yadE_predicted,0.25,3,3,GCTTTCCAGGCCAGCTCGAC,0,4219436
yadE_predicted,0.25,3,3,GCTTGGTAGCAAATATTTGA,0,4210123
yadE_predicted,0.25,3,3,GCTTGGCATAAAGCCCACCC,0,4196372
yadE_predicted,0.25,3,3,GCTTGGAAATAATAAGGAAT,0,4164910
yadE_predicted,0.25,3,3,GCTTGCTTGGAGATCGATGA,0,4189696
yadE_predicted,0.25,3,3,GCTTATCTTACGCGCTGTTT,0,4219635
yadE_predicted,0.25,3,3,GCTTAGGGACCGTATTTTAC,0,4167400
yadE_predicted,0.25,3,3,GCTTAATTGTCCAGAGGTTT,0,4173977
yadE_predicted,0.25,3,3,GCTTAACCGTGCACATCCGG,0,4223803
yadE_predicted,0.25,3,3,GCTGTTCTAATCCGAAACCA,0,4176503
yadE_predicted,0.25,3,3,GCTGTCTCAGAGGCCCGCCT,0,4232453
yadE_predicted,0.25,3,3,GCTGGTAATCTTAGAGACGC,0,4206617
yadE_predicted,0.25,3,3,GCTGGCCTGTGGATAAAATT,0,4218326
yadE_predicted,0.25,3,3,GCTGGCCCAGTTTACTTACA,0,4197640
yadE_predicted,0.25,3,3,GCTGATCACAAACGCTCTTG,0,4178993
yadE_predicted,0.25,3,3,GCTGAGAAGCGTTCGGCTGT,0,4214720
yadE_predicted,0.25,3,3,GCTGACCCTCATTGCTGCGG,0,4240677
yadE_predicted,0.25,3,3,GCTCTTTCTGCCCTTAGAGA,0,4206906
yadE_predicted,0.25,3,3,GCTCTAGAACCATCCTTAAA,0,4170823
yadE_predicted,0.25,3,3,GCTCGGCTGCCGTGCCAAAC,0,4200556
yadE_predicted,0.25,3,3,GCTCGCCAATACCGAGGAGA,0,4233560
yadE_predicted,0.25,3,3,GCTCCTCATAGTATGTCCCT,0,4211852
yadE_predicted,0.25,3,3,GCTCCGGCGGATTTCGGGTG,0,4204860
yadE_predicted,0.25,3,3,GCTCCCCGGCAGCAGTATGA,0,4192130
yadE_predicted,0.25,3,3,GCTCCACCCCGGCGATTGCC,0,4241309
yadE_predicted,0.25,3,3,GCTCATGGGCTACTAAGTTT,0,4240784
yadE_predicted,0.25,3,3,GCTCAGGGGATGGTCGTGGG,0,4184833
yadE_predicted,0.25,3,3,GCTCACCGAGTTAACCTAAC,0,4215587
yadE_predicted,0.25,3,3,GCTATCGCGCTCCTGACGGT,0,4221065
yadE_predicted,0.25,3,3,GCTATACCTGCAAAAAGCCC,0,4167683
yadE_predicted,0.25,3,3,GCTATAAAGGGCCTAAGGTG,0,4173928
yadE_predicted,0.25,3,3,GCTAGTCCGTACCGGTCTGG,0,4193247
yadE_predicted,0.25,3,3,GCTACCTAACCTCGATTTAC,0,4183751
yadE_predicted,0.25,3,3,GCTACCATGTCTAGCACCAT,0,4217376
yadE_predicted,0.25,3,3,GCGTTCGGCTCTAGGGAGGT,0,4166819
yadE_predicted,0.25,3,3,GCGTGTGTACGTTGGGCAGT,0,4196347
yadE_predicted,0.25,3,3,GCGTGGTTTGGAGTTTCCTG,0,4232500
yadE_predicted,0.25,3,3,GCGTGGCTCTTTTGTCCCAT,0,4167691
yadE_predicted,0.25,3,3,GCGTGCATTGGCTTGGAAGA,0,4240783
yadE_predicted,0.25,3,3,GCGTCTTCATGTGACTGTTG,0,4181289
yadE_predicted,0.25,3,3,GCGTCGTCTACGAAAGCCGG,0,4229944
yadE_predicted,0.25,3,3,GCGTCGCCTTCTCACGGCTT,0,4162091
yadE_predicted,0.25,3,3,GCGTCCGGGTAGAGGGCGAA,0,4166906
yadE_predicted,0.25,3,3,GCGTCAGGCCAGATCCCATC,0,4201778
yadE_predicted,0.25,3,3,GCGTACTTTCTGAAAGACAA,0,4202074
yadE_predicted,0.25,3,3,GCGTACCGATTGAGTCTGGC,0,4181592
yadE_predicted,0.25,3,3,GCGTAAGGTATTGTACGTTG,0,4225491
yadE_predicted,0.25,3,3,GCGGGTGCGTACTTCGGGTA,0,4183208
yadE_predicted,0.25,3,3,GCGGGTATTTCAATCTCTGG,0,4202047
yadE_predicted,0.25,3,3,GCGGGTATACAGCACAGAAA,0,4202437
yadE_predicted,0.25,3,3,GCGGCTGAGTATTGTTGCAA,0,4199681
yadE_predicted,0.25,3,3,GCGGCCGCACTCTGAGTAAT,0,4215727
yadE_predicted,0.25,3,3,GCGGATAAGATGACTCATTG,0,4208139
yadE_predicted,0.25,3,3,GCGGAGGCCAAGCTTGTTGA,0,4174330
yadE_predicted,0.25,3,3,GCGCGAGCAGAGAGTCCCCA,0,4236859
yadE_predicted,0.25,3,3,GCGCCACGTGGAGGCATAGT,0,4192713
yadE_predicted,0.25,3,3,GCGATTATCGTCACGAGGTA,0,4230500
yadE_predicted,0.25,3,3,GCGATCTCTAGAGGATGGTA,0,4208108
yadE_predicted,0.25,3,3,GCGATCGTCTGAGTAGAATA,0,4235594
yadE_predicted,0.25,3,3,GCGAGTAGACCAGCGAATAT,0,4222751
yadE_predicted,0.25,3,3,GCGAGGGGCAGGCACATTGT,0,4195384
yadE_predicted,0.25,3,3,GCGACTCCGTGAGGATCGGC,0,4178493
yadE_predicted,0.25,3,3,GCGACCGTGACACGAAGGCC,0,4180005
yadE_predicted,0.25,3,3,GCGAATCTGCCTGGACATCC,0,4217163
yadE_predicted,0.25,3,3,GCGAAGGGCATTTTGGCCAT,0,4181534
yadE_predicted,0.25,3,3,GCCTTTCGTAAGTGTAAGCC,0,4172177
yadE_predicted,0.25,3,3,GCCTTGCGTGTCACTTGTAT,0,4190595
yadE_predicted,0.25,3,3,GCCTTCGGCTTCGCTGGTGG,0,4183251
yadE_predicted,0.25,3,3,GCCTGGCGGCGCACAGGAAC,0,4241250
yadE_predicted,0.25,3,3,GCCTGAGATCTTCCCCCTTC,0,4164042
yadE_predicted,0.25,3,3,GCCTCGGTCGAACTGTTGTT,0,4160259
yadE_predicted,0.25,3,3,GCCTCGGCAGACCGGCAGAA,0,4235368
yadE_predicted,0.25,3,3,GCCTATGGACCATCCCCCCG,0,4189040
yadE_predicted,0.25,3,3,GCCTAAGCAATCTTGTTATC,0,4212047
yadE_predicted,0.25,3,3,GCCGTGATTTTTGCTCGACA,0,4202336
yadE_predicted,0.25,3,3,GCCGTGATGAGGATATCGGC,0,4202816
yadE_predicted,0.25,3,3,GCCGGTGACAGTATCCCGGG,0,4227816
yadE_predicted,0.25,3,3,GCCGCCCGCCGTTAAAGTGG,0,4213662
yadE_predicted,0.25,3,3,GCCGATTGTAGACCTCCTAA,0,4203327
yadE_predicted,0.25,3,3,GCCGAGCTGAGTGTTTTAGA,0,4204864
yadE_predicted,0.25,3,3,GCCGACATTTACGTACTTTC,0,4184122
yadE_predicted,0.25,3,3,GCCCTTATAGTTATCACAAT,0,4201663
yadE_predicted,0.25,3,3,GCCCTCTACGTGCTTTGAGC,0,4185841
yadE_predicted,0.25,3,3,GCCCGTAGTTGGGGATAAAC,0,4198560
yadE_predicted,0.25,3,3,GCCCGCGAAACGGCCCAAGA,0,4238242
yadE_predicted,0.25,3,3,GCCCGCAACATATGATCGCT,0,4212128
yadE_predicted,0.25,3,3,GCCCGAATGCTGACGTCATA,0,4184675
yadE_predicted,0.25,3,3,GCCCCTGGAAGAGGTTCATC,0,4206165
yadE_predicted,0.25,3,3,GCCCCGAACACGAGCGCTGC,0,4171823
yadE_predicted,0.25,3,3,GCCCCAGAAGTGTCTGGTCT,0,4207948
yadE_predicted,0.25,3,3,GCCCCAGAAACACTGCAGAT,0,4224664
yadE_predicted,0.25,3,3,GCCCATTCTAGAGAACATAT,0,4180464
yadE_predicted,0.25,3,3,GCCCAGGAAAAGCCACGTAT,0,4213452
yadE_predicted,0.25,3,3,GCCCAACTCTTTCGGCCCTC,0,4240684
yadE_predicted,0.25,3,3,GCCATGGCTTTAGCTTACAT,0,4183621
yadE_predicted,0.25,3,3,GCCATGGATTGGCTACAAGC,0,4195311
yadE_predicted,0.25,3,3,GCCATGAAACCTGATTCTGC,0,4210133
yadE_predicted,0.25,3,3,GCCATATACAAGTGGGCAGG,0,4163618
yadE_predicted,0.25,3,3,GCCAGCGTAAACCCGGATTC,0,4218186
yadE_predicted,0.25,3,3,GCCAGACATTCGTGAGCTGC,0,4184014
yadE_predicted,0.25,3,3,GCCAGAATGTTTTTTCGCGC,0,4211149
yadE_predicted,0.25,3,3,GCCACTTGTGTTGGACGGTG,0,4211089
yadE_predicted,0.25,3,3,GCCACTTGTACTTGGGTCGC,0,4163940
yadE_predicted,0.25,3,3,GCCACTACGGAAACAAACTT,0,4190613
yadE_predicted,0.25,3,3,GCCACGTCATGTTGGTACCT,0,4179542
yadE_predicted,0.25,3,3,GCCACGCAGAGTTGTAACGC,0,4236731
yadE_predicted,0.25,3,3,GCCACCCAATTTCGGCCAAT,0,4223532
yadE_predicted,0.25,3,3,GCCAATACATGGGGTAATCG,0,4204368
yadE_predicted,0.25,3,3,GCCAATAATAACATGACCTT,0,4240321
yadE_predicted,0.25,3,3,GCCAAGTATCAATGCCTGTT,0,4216706
yadE_predicted,0.25,3,3,GCCAAGCTTGAAGGTAGGCG,0,4168021
yadE_predicted,0.25,3,3,GCCAACAGTTGTACAATCGT,0,4189400
yadE_predicted,0.25,3,3,GCATGTCAACCATAAATTAT,0,4216123
yadE_predicted,0.25,3,3,GCATGCTTAAAGAAACGTCG,0,4200932
yadE_predicted,0.25,3,3,GCATCTGGGTCTGAACGGCT,0,4217846
yadE_predicted,0.25,3,3,GCATCGTTACCATGGTGACC,0,4211958
yadE_predicted,0.25,3,3,GCATCCGTCTGACCTTTGGG,0,4227384
yadE_predicted,0.25,3,3,GCATACTTAGGGAGAGTACA,0,4173273
yadE_predicted,0.25,3,3,GCATAATCATAGGAAATATA,0,4185389
yadE_predicted,0.25,3,3,GCAGGGTTTATCGCGTATAG,0,4220700
yadE_predicted,0.25,3,3,GCAGGGGCTCGGCACGGCAT,0,4194290
yadE_predicted,0.25,3,3,GCAGAACAATTACGTGGGAC,0,4235232
yadE_predicted,0.25,3,3,GCACTTGTGAATTCGGGAGG,0,4167728
yadE_predicted,0.25,3,3,GCACTCTCAGTGCACAGGCA,0,4182424
yadE_predicted,0.25,3,3,GCACGTTTAACGTAAGGATG,0,4190224
yadE_predicted,0.25,3,3,GCACCGATGTTTGGAGGCTC,0,4161365
yadE_predicted,0.25,3,3,GCACATAACGAATGGATAAC,0,4238583
yadE_predicted,0.25,3,3,GCACACGAATTCTACTATAT,0,4212944
yadE_predicted,0.25,3,3,GCACACCCACGCTGTAAGAT,0,4202458
yadE_predicted,0.25,3,3,GCACACCAGAATAGTCTAAA,0,4192767
yadE_predicted,0.25,3,3,GCACAAGGGTGGCCTTACCT,0,4231300
yadE_predicted,0.25,3,3,GCAATTACGTCACCGTTCGT,0,4229531
yadE_predicted,0.25,3,3,GCAATGGTGGGGCGCATCGA,0,4213680
yadE_predicted,0.25,3,3,GCAATCCCACTGTGGCGAGG,0,4182161
yadE_predicted,0.25,3,3,GCAATATCCGTGCTTTATTG,0,4241353
yadE_predicted,0.25,3,3,GCAATAGCAGCGCCTTGAGT,0,4221307
yadE_predicted,0.25,3,3,GCAACTTGGATCCCGTAATA,0,4200887
yadE_predicted,0.25,3,3,GCAACTGTAACTTGTCGGAG,0,4175494
yadE_predicted,0.25,3,3,GCAACTCTTGACGCTCCATT,0,4164350
yadE_predicted,0.25,3,3,GCAACGGTCAGCTGGGACGC,0,4238884
yadE_predicted,0.25,3,3,GCAACAAGATGGAGTACAGC,0,4222263
yadE_predicted,0.25,3,3,GCAAATGGATCAAAGACTCG,0,4176002
yadE_predicted,0.25,3,3,GCAAACTAGCGTCGATGTTT,0,4235305
yadE_predicted,0.25,3,3,GATTTGATCGGCCTAATTAA,0,4180049
yadE_predicted,0.25,3,3,GATTTCTTAAATACGCTCTA,0,4188859
yadE_predicted,0.25,3,3,GATTTAAGAATTCACTATGT,0,4225845
yadE_predicted,0.25,3,3,GATTGGCTTGTAGAATTACG,0,4182631
yadE_predicted,0.25,3,3,GATTGAGTCCTACGCTAGTT,0,4232928
yadE_predicted,0.25,3,3,GATTACTGCAGGCTTACTGA,0,4228183
yadE_predicted,0.25,3,3,GATGTTTCCCGAGGCACAAG,0,4166660
yadE_predicted,0.25,3,3,GATGTAGTGGGGGCCGACAA,0,4237351
yadE_predicted,0.25,3,3,GATGGATTGGAAGTGTGCTG,0,4188150
yadE_predicted,0.25,3,3,GATGGATTCTTAGCACTGCG,0,4185706
yadE_predicted,0.25,3,3,GATGGACGTCATCGGTCGAT,0,4189286
yadE_predicted,0.25,3,3,GATGCGAGGATATGATACTT,0,4179521
yadE_predicted,0.25,3,3,GATGATTGTACACGAACAGT,0,4194790
yadE_predicted,0.25,3,3,GATGATACTCTTCCCAAGGT,0,4228808
yadE_predicted,0.25,3,3,GATGAGAAGTCACGCCTGAA,0,4164045
yadE_predicted,0.25,3,3,GATCTATGCACAGTGCAGTG,0,4181181
yadE_predicted,0.25,3,3,GATCGGCGATTTAATGGTGA,0,4172865
yadE_predicted,0.25,3,3,GATCATCGCGTGCTGCCCTC,0,4238288
yadE_predicted,0.25,3,3,GATCAGGTATTCCGATCTAC,0,4167874
yadE_predicted,0.25,3,3,GATCAGGAATGGTGTAGAGG,0,4171878
yadE_predicted,0.25,3,3,GATCACTATGGACCGCTCGG,0,4162834
yadE_predicted,0.25,3,3,GATATTGGTGCGAATAGGTT,0,4160120
yadE_predicted,0.25,3,3,GATATATCTCGGGTTCCGTG,0,4215576
yadE_predicted,0.25,3,3,GATACTTTAAAAAGCCAGTT,0,4170105
yadE_predicted,0.25,3,3,GATACACTTATCGCATCTAC,0,4177660
yadE_predicted,0.25,3,3,GATAAGGACTCCCAGTCTAC,0,4234949
yadE_predicted,0.25,3,3,GATAACGGTTGCCATAGCGT,0,4230434
yadE_predicted,0.25,3,3,GAGTTCGCTTCTGGAGGATC,0,4204314
yadE_predicted,0.25,3,3,GAGTGTTCTGCGCAGGCGCG,0,4217556
yadE_predicted,0.25,3,3,GAGTGACTAGCGTCGTGGCA,0,4159428
yadE_predicted,0.25,3,3,GAGTAGGACCCGTGAGCGCC,0,4237890
yadE_predicted,0.25,3,3,GAGGGCGTGGCCACAGATCG,0,4239744
yadE_predicted,0.25,3,3,GAGGGCACACTTACTATGAC,0,4185102
yadE_predicted,0.25,3,3,GAGGCTTCGGCACCTATGAG,0,4180661
yadE_predicted,0.25,3,3,GAGGCTCTTGTGCGTCAACG,0,4191225
yadE_predicted,0.25,3,3,GAGCTTGTACAGTGCGGTGA,0,4181544
yadE_predicted,0.25,3,3,GAGCTCTTGCGGATCAAAAC,0,4201391
yadE_predicted,0.25,3,3,GAGCTCTATCGCGGAATGAC,0,4172719
yadE_predicted,0.25,3,3,GAGCGGGCGACCTCCGATGT,0,4172576
yadE_predicted,0.25,3,3,GAGCCGATTACGTTTATTGA,0,4169157
yadE_predicted,0.25,3,3,GAGCCCGATTGCATAAAGGT,0,4187977
yadE_predicted,0.25,3,3,GAGCATAAGGATGTACATGA,0,4163401
yadE_predicted,0.25,3,3,GAGCAAATACCGCGAGCAAC,0,4160388
yadE_predicted,0.25,3,3,GAGATCATCATAGTGCCAGA,0,4190361
yadE_predicted,0.25,3,3,GAGAGGCGAATAGCTTGGGC,0,4212818
yadE_predicted,0.25,3,3,GAGACGGTCCAGCCAAGAGC,0,4215790
yadE_predicted,0.25,3,3,GAGAATAGTTGAATGCTTGA,0,4229191
yadE_predicted,0.25,3,3,GAGAACGATCGGTCTCCCGT,0,4217908
yadE_predicted,0.25,3,3,GACTTGATTTGGCAGGGCGT,0,4194095
yadE_predicted,0.25,3,3,GACTTGAAGGGTGCATATGC,0,4226376
yadE_predicted,0.25,3,3,GACTTCTTCGACGCTAACAT,0,4235780
yadE_predicted,0.25,3,3,GACTCTGGTCAGAATCGTCG,0,4197061
yadE_predicted,0.25,3,3,GACTCATCTCGCTCCAGTGT,0,4169832
yadE_predicted,0.25,3,3,GACTAGACAAATTACGGAAA,0,4187983
yadE_predicted,0.25,3,3,GACGGGATGGGAAATACAGA,0,4199030
yadE_predicted,0.25,3,3,GACGGCTTTAGTCGCAAGCA,0,4228878
yadE_predicted,0.25,3,3,GACGCTTCTTATTTAATCAG,0,4195849
yadE_predicted,0.25,3,3,GACGCGATGAGTGCGGCCTT,0,4201892
yadE_predicted,0.25,3,3,GACGCGATCAGGGCGACGGG,0,4209461
yadE_predicted,0.25,3,3,GACGAACAGGGCGCTTGACT,0,4238705
yadE_predicted,0.25,3,3,GACCTCGGGTAGGATCTGCA,0,4214239
yadE_predicted,0.25,3,3,GACCTACGTGTACCATGAGT,0,4217994
yadE_predicted,0.25,3,3,GACCGGTGTCTAACGTACAT,0,4218527
yadE_predicted,0.25,3,3,GACCGCTTGGTCGCAAGCGC,0,4181358
yadE_predicted,0.25,3,3,GACCGCGTCGTTTTATGACG,0,4180209
yadE_predicted,0.25,3,3,GACCGCGGGGGTGGACTGAT,0,4238820
yadE_predicted,0.25,3,3,GACCGAACCGCACATATGTA,0,4224321
yadE_predicted,0.25,3,3,GACCAGGATTGACTGGGATA,0,4221784
yadE_predicted,0.25,3,3,GACCACGATCAGAGTGCTAT,0,4164335
yadE_predicted,0.25,3,3,GACATAGCGGTTGCGGTCAG,0,4165278
yadE_predicted,0.25,3,3,GACAACGGTGGTACCCGTAA,0,4182592
yadE_predicted,0.25,3,3,GAATTGTGGACTCGCGATAT,0,4198763
yadE_predicted,0.25,3,3,GAATTGTCTCGCCGGCTGCG,0,4210449
yadE_predicted,0.25,3,3,GAATGTTTGACTGAGATAAA,0,4193497
yadE_predicted,0.25,3,3,GAATGTAGGAATACAATTGT,0,4197528
yadE_predicted,0.25,3,3,GAATGGGCTAATCTCCTCGT,0,4185793
yadE_predicted,0.25,3,3,GAATCTCTGCTCGCCTCTGG,0,4208433
yadE_predicted,0.25,3,3,GAATAGGGGTAGATTGTTAG,0,4214478
yadE_predicted,0.25,3,3,GAATACTCCAATGTTAGATC,0,4195249
yadE_predicted,0.25,3,3,GAATAATAATCCGATTGTTG,0,4204474
yadE_predicted,0.25,3,3,GAAGGCCACCATCATCTACA,0,4235599
yadE_predicted,0.25,3,3,GAAGCCCCATGCGGCCTGGC,0,4194104
yadE_predicted,0.25,3,3,GAAGCACAGTACATTTAGTG,0,4204366
yadE_predicted,0.25,3,3,GAACGGAGATAACAGTGGTA,0,4182153
yadE_predicted,0.25,3,3,GAACCTGCATTCGAGACAGA,0,4167250
yadE_predicted,0.25,3,3,GAACAGCCCGCCAAAGGAAT,0,4233704
yadE_predicted,0.25,3,3,GAACACACACCAAGGAGAGT,0,4207900
yadE_predicted,0.25,3,3,GAAATCGGCACATCGTGTAT,0,4187015
yadE_predicted,0.25,3,3,GAAAGGAAAAGGTGGCAGAT,0,4226848
yadE_predicted,0.25,3,3,GAAAGATACTTCGGATTAAA,0,4224523
yadE_predicted,0.25,3,3,GAAAAGGACTCTAAATGTTC,0,4236952
yadE_predicted,0.25,3,3,GAAAAGCATCGCAGTTCCTC,0,4240467
yadE_predicted,0.25,3,3,CTTTTTTTCTCGGCACCCGA,0,4209001
yadE_predicted,0.25,3,3,CTTTTTGTATTCTTAGTACC,0,4202126
yadE_predicted,0.25,3,3,CTTTTTCCCCCTTTACGTCG,0,4170222
yadE_predicted,0.25,3,3,CTTTTGAGGATCGCGGCGGC,0,4176984
yadE_predicted,0.25,3,3,CTTTTGAGCCAAGGGTGCGA,0,4169789
yadE_predicted,0.25,3,3,CTTTGTGGGGATGTCATCCA,0,4209731
yadE_predicted,0.25,3,3,CTTTGTATCGTTTGCGGCTC,0,4194022
yadE_predicted,0.25,3,3,CTTTGGGATGGTAGCGTGGC,0,4189835
yadE_predicted,0.25,3,3,CTTTCCCATTAACCAGACGC,0,4175583
yadE_predicted,0.25,3,3,CTTTCACCATGCTCGCTGAG,0,4165705
yadE_predicted,0.25,3,3,CTTTCAAACTGTGTGCCATG,0,4175959
yadE_predicted,0.25,3,3,CTTTATGGAAGTCCAAATGT,0,4162311
yadE_predicted,0.25,3,3,CTTTAGGAATTGAGTGCTAG,0,4198549
yadE_predicted,0.25,3,3,CTTTACTGCATACGCTTGTT,0,4163779
yadE_predicted,0.25,3,3,CTTGTGTGACGCCAGAACCC,0,4176385
yadE_predicted,0.25,3,3,CTTGTCGGTTATATCGCACA,0,4208084
yadE_predicted,0.25,3,3,CTTGTAGGGACTTAGCGTGG,0,4204165
yadE_predicted,0.25,3,3,CTTGGCTGTCATCGCCGACA,0,4238119
yadE_predicted,0.25,3,3,CTTGCAAGGTCCCCGTTTGG,0,4231955
yadE_predicted,0.25,3,3,CTTGAGCGGAACTCATCATG,0,4240039
yadE_predicted,0.25,3,3,CTTGAAGGTGAGGACAAGTA,0,4198949
yadE_predicted,0.25,3,3,CTTCTTCATGTATCCACACA,0,4187752
yadE_predicted,0.25,3,3,CTTCTGGTAGTGCTTCTGGA,0,4204768
yadE_predicted,0.25,3,3,CTTCTCCAGGTCATCGAGTG,0,4200147
yadE_predicted,0.25,3,3,CTTCGTATACTTGAGCTTAT,0,4194678
yadE_predicted,0.25,3,3,CTTCCTCCGTACGTTCCAGA,0,4205041
yadE_predicted,0.25,3,3,CTTCCGGCGGGTGATCTATT,0,4180512
yadE_predicted,0.25,3,3,CTTCAGTTAGTACCTAAGGG,0,4174795
yadE_predicted,0.25,3,3,CTTAGTCAGTAGGCCAGTCT,0,4190266
yadE_predicted,0.25,3,3,CTTAGCGCCACCCGCGTGCT,0,4238883
yadE_predicted,0.25,3,3,CTTACTTTCTAATATTCTGT,0,4195831
yadE_predicted,0.25,3,3,CTTACTCCCACCGTTCCATT,0,4197337
yadE_predicted,0.25,3,3,CTTAACTCCAAGGGCTCGAA,0,4181091
yadE_predicted,0.25,3,3,CTTAAAGTGAAAAAGGACAC,0,4202163
yadE_predicted,0.25,3,3,CTGTGTCCAAGACGGGAATA,0,4168873
yadE_predicted,0.25,3,3,CTGTGCACAGAGCGATCACC,0,4237496
yadE_predicted,0.25,3,3,CTGTCTGGGCATAACGTGAA,0,4238695
yadE_predicted,0.25,3,3,CTGTCTAGATAGAAATAGGT,0,4190526
yadE_predicted,0.25,3,3,CTGTACCCGGCCGGACGCTA,0,4238336
yadE_predicted,0.25,3,3,CTGTACAACTTCGCTAAAGA,0,4234954
yadE_predicted,0.25,3,3,CTGGTTACTACATATTATTA,0,4178200
yadE_predicted,0.25,3,3,CTGGTGTCTGACTGAGAGGT,0,4179037
yadE_predicted,0.25,3,3,CTGGTCGAAGTTACCCCGGA,0,4160859
yadE_predicted,0.25,3,3,CTGGGTCGCGTGCCATATCA,0,4228098
yadE_predicted,0.25,3,3,CTGGGCGAGCGTATTCCAAG,0,4220163
yadE_predicted,0.25,3,3,CTGGGAAACCCTTCATGGCA,0,4219146
yadE_predicted,0.25,3,3,CTGGCTTATAAACCGGGTAG,0,4212929
yadE_predicted,0.25,3,3,CTGGCTAGGACATCGGCCCA,0,4177519
yadE_predicted,0.25,3,3,CTGGCTACCCTTTCTTAGTG,0,4230109
yadE_predicted,0.25,3,3,CTGGATGAAGTTCCTTTAGG,0,4238339
yadE_predicted,0.25,3,3,CTGGACCCCGAGATAAGACC,0,4228925
yadE_predicted,0.25,3,3,CTGGAAACAATCCAGACCCT,0,4215199
yadE_predicted,0.25,3,3,CTGCTTTGTGACCATACATC,0,4173660
yadE_predicted,0.25,3,3,CTGCTGGCGATGGGTATCCT,0,4208719
yadE_predicted,0.25,3,3,CTGCTCAAGCGCAGCACCTT,0,4192347
yadE_predicted,0.25,3,3,CTGCTCAACAAGGTACGTAG,0,4229893
yadE_predicted,0.25,3,3,CTGCTAGCTCATATCAAGCA,0,4217789
yadE_predicted,0.25,3,3,CTGCGTACATACAACATGGT,0,4197104
yadE_predicted,0.25,3,3,CTGCCGCTTTTTGGCGTCCA,0,4209003
yadE_predicted,0.25,3,3,CTGCCGCAATATACGAAGGC,0,4172626
yadE_predicted,0.25,3,3,CTGCATCCAATAGTGGTTGG,0,4203230
yadE_predicted,0.25,3,3,CTGAGTGCTTCGTAATTATG,0,4169616
yadE_predicted,0.25,3,3,CTGACTGGATTATATATATA,0,4210462
yadE_predicted,0.25,3,3,CTGACGTTTAACCAAAGGTA,0,4230597
yadE_predicted,0.25,3,3,CTGAATTTTTGTCCCACCCG,0,4212366
yadE_predicted,0.25,3,3,CTGAATTGGGACATAGAGCC,0,4197077
yadE_predicted,0.25,3,3,CTGAAGATCTTGCATTGAGG,0,4239991
yadE_predicted,0.25,3,3,CTCTTGAGTCTACGAAAGTT,0,4168477
yadE_predicted,0.25,3,3,CTCTGCGAAACAATGTGAGA,0,4168604
yadE_predicted,0.25,3,3,CTCTGACCACGCGGGGAACT,0,4192197
yadE_predicted,0.25,3,3,CTCTCCGGCAGGATGGAGTA,0,4205333
yadE_predicted,0.25,3,3,CTCTCCCTGTGTAGTTGCAT,0,4196858
yadE_predicted,0.25,3,3,CTCTATCAGTCCACCTCCCT,0,4202642
yadE_predicted,0.25,3,3,CTCTACAACCATGGATAGGC,0,4222393
yadE_predicted,0.25,3,3,CTCGTAGTCTTATAATGTAT,0,4226112
yadE_predicted,0.25,3,3,CTCGTAAAAGCTATAACTTT,0,4204313
yadE_predicted,0.25,3,3,CTCGGTAGAAGTTCGCTCAA,0,4198170
yadE_predicted,0.25,3,3,CTCGCTATAGGTTTTTTTAA,0,4213575
yadE_predicted,0.25,3,3,CTCGAGTTTCTCTGACTTAC,0,4191501
yadE_predicted,0.25,3,3,CTCCTGACGTTTATCAGACT,0,4217778
yadE_predicted,0.25,3,3,CTCCGTTCACACGTTACGGT,0,4205705
yadE_predicted,0.25,3,3,CTCCGGGCATCGTCGTTCCA,0,4215159
yadE_predicted,0.25,3,3,CTCCCTAAGTTAGTCCTGAC,0,4211055
yadE_predicted,0.25,3,3,CTCCCCTGGCCCACAGCGAA,0,4233624
yadE_predicted,0.25,3,3,CTCCCCCTGTCGCTGGGTAA,0,4190174
yadE_predicted,0.25,3,3,CTCCCCCGGTGGCGTGATAA,0,4186753
yadE_predicted,0.25,3,3,CTCCCACCCACTTCCTTCAT,0,4229862
yadE_predicted,0.25,3,3,CTCCAGGAGGGTAGAAAGAT,0,4190898
yadE_predicted,0.25,3,3,CTCAGAGTTAATATGGGGAG,0,4237634
yadE_predicted,0.25,3,3,CTCACGGAAATGCCACGAGC,0,4160529
yadE_predicted,0.25,3,3,CTCACAGGAGCCTAGTCAAA,0,4187033
yadE_predicted,0.25,3,3,CTCAATAAGGGTGGCGCGAT,0,4190659
yadE_predicted,0.25,3,3,CTATTACATGTCTTTGTCAC,0,4213055
yadE_predicted,0.25,3,3,CTATGACTACTTGTGTAAGA,0,4236437
yadE_predicted,0.25,3,3,CTATCAACATGCATACTTGA,0,4235511
yadE_predicted,0.25,3,3,CTATACAGAGCCCGGCCTTA,0,4186719
yadE_predicted,0.25,3,3,CTAGTGCTGAACATAAGGAC,0,4222426
yadE_predicted,0.25,3,3,CTAGTCCTAGGGACTGACAT,0,4195871
yadE_predicted,0.25,3,3,CTAGTAAGCCCCGATGTGTA,0,4234849
yadE_predicted,0.25,3,3,CTAGGTCTCCCCAGTCTGGG,0,4208158
yadE_predicted,0.25,3,3,CTAGGGTTCGTCAAGCGTAA,0,4177535
yadE_predicted,0.25,3,3,CTAGCTCTACGCTTTCTTCG,0,4234201
yadE_predicted,0.25,3,3,CTAGACGTACTCACGTTGTC,0,4187742
yadE_predicted,0.25,3,3,CTAGACACGTTAGGTTAGTA,0,4164591
yadE_predicted,0.25,3,3,CTAGAACACGCAGATGATAG,0,4200262
yadE_predicted,0.25,3,3,CTACTTCGACAATTAGATAA,0,4194371
yadE_predicted,0.25,3,3,CTACGTATAGCCCAACTTAA,0,4171282
yadE_predicted,0.25,3,3,CTACGCGGGCATGAAGCATA,0,4221519
yadE_predicted,0.25,3,3,CTACGAAGTGGTTAAATTCA,0,4240430
yadE_predicted,0.25,3,3,CTACCCCGTGCCCCCTTGGT,0,4161078
yadE_predicted,0.25,3,3,CTACAGATGCCTCAGCACGA,0,4193963
yadE_predicted,0.25,3,3,CTACACAGACCATTTTTGAT,0,4212437
yadE_predicted,0.25,3,3,CTACAAATACTGGCGCGTCT,0,4232129
yadE_predicted,0.25,3,3,CTAAGTCCCCCATCAATGCA,0,4171786
yadE_predicted,0.25,3,3,CTAAGTATGGAAGAGTTTAG,0,4214984
yadE_predicted,0.25,3,3,CTAAGTACAGTTTTATAGAC,0,4199218
yadE_predicted,0.25,3,3,CTAAGATAGCGTCTGGAAAT,0,4241015
yadE_predicted,0.25,3,3,CTAACTCAAACAAATGTCCA,0,4183490
yadE_predicted,0.25,3,3,CGTTTCAATCACTCGTGGAG,0,4164721
yadE_predicted,0.25,3,3,CGTTGTGACAGTAAGATAGG,0,4236361
yadE_predicted,0.25,3,3,CGTTGGCTACAAGAGGTTTG,0,4205615
yadE_predicted,0.25,3,3,CGTTGGCACCCGTTAGGTCA,0,4239975
yadE_predicted,0.25,3,3,CGTTCGTTGCACTCACTCCT,0,4186642
yadE_predicted,0.25,3,3,CGTTCGACCCACCCTAACGG,0,4218410
yadE_predicted,0.25,3,3,CGTTCATAGGTCCATCAGAC,0,4175864
yadE_predicted,0.25,3,3,CGTTATGGTTAGAACCGAGC,0,4188943
yadE_predicted,0.25,3,3,CGTTATCCGTGCTTTTTCAA,0,4194933
yadE_predicted,0.25,3,3,CGTTAGTTATGGACTTATTA,0,4190546
yadE_predicted,0.25,3,3,CGTTACGTTTAAATGCTTTT,0,4221679
yadE_predicted,0.25,3,3,CGTTACCTAATATTGAACCC,0,4184529
yadE_predicted,0.25,3,3,CGTGTTAAGATCTGCTCATA,0,4230762
yadE_predicted,0.25,3,3,CGTGGTACTTGTATTCAATC,0,4203636
yadE_predicted,0.25,3,3,CGTGGATCACTGGGGATGGA,0,4201694
yadE_predicted,0.25,3,3,CGTGCTTGCGGGTATGACAA,0,4191444
yadE_predicted,0.25,3,3,CGTGCGCGGGGCCCTATGCT,0,4204495
yadE_predicted,0.25,3,3,CGTGCCTGTTACCGAGCTCA,0,4201149
yadE_predicted,0.25,3,3,CGTGCCCTGCAGTAATGAGT,0,4213363
yadE_predicted,0.25,3,3,CGTGCCAGCCCAATAGGTCG,0,4170472
yadE_predicted,0.25,3,3,CGTGACCGCCCTCTCTCGCT,0,4193526
yadE_predicted,0.25,3,3,CGTCTTACCTGGCTCTCAGA,0,4160721
yadE_predicted,0.25,3,3,CGTCTGTATCTGCTCCAACG,0,4217063
yadE_predicted,0.25,3,3,CGTCTGGGTCTGACTTATCT,0,4168681
yadE_predicted,0.25,3,3,CGTCGGGACCTTCCAGCTAG,0,4227527
yadE_predicted,0.25,3,3,CGTCCCCATATAGTGATAAC,0,4228196
yadE_predicted,0.25,3,3,CGTCATACAAGTACAGGTAA,0,4227976
yadE_predicted,0.25,3,3,CGTCACACTCGCAAAGCTGT,0,4167331
yadE_predicted,0.25,3,3,CGTATGAAGGTTTCGTGACT,0,4227578
yadE_predicted,0.25,3,3,CGTACTATTGGTATTGAACA,0,4186773
yadE_predicted,0.25,3,3,CGTACGGTTAGTGTTGAAGC,0,4202211
yadE_predicted,0.25,3,3,CGTACGCCGTGCTTTACTGG,0,4223992
yadE_predicted,0.25,3,3,CGTAAGGCATGCTGGGTTCC,0,4224306
yadE_predicted,0.25,3,3,CGTAACTCGGTGATTGGTCC,0,4188433
yadE_predicted,0.25,3,3,CGTAACGTCTCCATTCACTG,0,4178803
yadE_predicted,0.25,3,3,CGTAAAGGTGATGGACATCT,0,4197628
yadE_predicted,0.25,3,3,CGGTTGCCCCTAACCAGGAT,0,4235983
yadE_predicted,0.25,3,3,CGGTTACGTGCGGCCTATCA,0,4182956
yadE_predicted,0.25,3,3,CGGTGGGTACCGTCCACGAG,0,4200808
yadE_predicted,0.25,3,3,CGGTGCTGTGATATCGTGAC,0,4171818
yadE_predicted,0.25,3,3,CGGTGCACCCGGCTCATAGG,0,4224627
yadE_predicted,0.25,3,3,CGGTCTGGAGATATAATTGA,0,4199018
yadE_predicted,0.25,3,3,CGGTCCTCACATCTTTAGGG,0,4214633
yadE_predicted,0.25,3,3,CGGTCAGTGTCGCTCCAGTT,0,4223518
yadE_predicted,0.25,3,3,CGGTCAAGCCTGGATGGGAG,0,4236561
yadE_predicted,0.25,3,3,CGGTATGATAGCTTATCGTG,0,4193961
yadE_predicted,0.25,3,3,CGGTAACAATATCGGATCTT,0,4182607
yadE_predicted,0.25,3,3,CGGTAAACTTAGTCAGCTCT,0,4172245
yadE_predicted,0.25,3,3,CGGGTTAATGCCATATAGGG,0,4170373
yadE_predicted,0.25,3,3,CGGGTGCAACCTGCCAGGAT,0,4184590
yadE_predicted,0.25,3,3,CGGGTAGGCCGGACACTCTA,0,4172563
yadE_predicted,0.25,3,3,CGGGTACGCATGCGTCCTAC,0,4164579
yadE_predicted,0.25,3,3,CGGGTAATGCTCCACTCACT,0,4174056
yadE_predicted,0.25,3,3,CGGGGGCTTAAGAACCCGTG,0,4162039
yadE_predicted,0.25,3,3,CGGGGGCGATCGAACCGCTT,0,4237409
yadE_predicted,0.25,3,3,CGGGGCTATGTTTGACTACC,0,4171817
yadE_predicted,0.25,3,3,CGGGGCGTGCGGGCCTGGCC,0,4193933
yadE_predicted,0.25,3,3,CGGGGATTGGTTACGGCTCC,0,4177329
yadE_predicted,0.25,3,3,CGGGGACATCCCGTTAATCC,0,4214800
yadE_predicted,0.25,3,3,CGGGCGTATAAGCAGTTATG,0,4210472
yadE_predicted,0.25,3,3,CGGGCGCGATCTCAACTGGG,0,4237620
yadE_predicted,0.25,3,3,CGGGATGGTACCGTGAAACA,0,4162285
yadE_predicted,0.25,3,3,CGGCGGCCTGAATGTGGGCG,0,4221549
yadE_predicted,0.25,3,3,CGGCCTAGTTCATTTCCATT,0,4186123
yadE_predicted,0.25,3,3,CGGCCACAGGAGTGGCTAGC,0,4200435
yadE_predicted,0.25,3,3,CGGCCACAGCGAGTGATAAG,0,4210701
yadE_predicted,0.25,3,3,CGGCAGGGGAGCGGTGCAGC,0,4190485
yadE_predicted,0.25,3,3,CGGCACAAACGACTCGCTTT,0,4237722
yadE_predicted,0.25,3,3,CGGATGCTGCACACTCGATG,0,4213678
yadE_predicted,0.25,3,3,CGGATGATGCGCAATATTAG,0,4177260
yadE_predicted,0.25,3,3,CGGATATGTGGGGTGCGGAG,0,4210416
yadE_predicted,0.25,3,3,CGGATACGTAACAAGTATCC,0,4206542
yadE_predicted,0.25,3,3,CGGAGGTATCCTCATTGTGG,0,4167697
yadE_predicted,0.25,3,3,CGGAGAGACATATTATAAGA,0,4190343
yadE_predicted,0.25,3,3,CGGACGATCAACATGCGTTA,0,4165126
yadE_predicted,0.25,3,3,CGGAATTTGCATGCAGCTGT,0,4240427
yadE_predicted,0.25,3,3,CGGAAATTTACTTTCTTCAA,0,4205717
yadE_predicted,0.25,3,3,CGGAAATCAGTACTTTATTG,0,4223076
yadE_predicted,0.25,3,3,CGCTTCTTGTACTATTAGTT,0,4200237
yadE_predicted,0.25,3,3,CGCTTCGGCTGCACGTCGAG,0,4186430
yadE_predicted,0.25,3,3,CGCTGGTAAGGTCTGCCGGT,0,4171491
yadE_predicted,0.25,3,3,CGCTGGACTCAACTTCGGAA,0,4211489
yadE_predicted,0.25,3,3,CGCTCTTGTCCTAGTGTTGT,0,4193920
yadE_predicted,0.25,3,3,CGCTCTCCCTAGTCCTCTGT,0,4228019
yadE_predicted,0.25,3,3,CGCTCCATTTACATTTAAGA,0,4227392
yadE_predicted,0.25,3,3,CGCTAATCACCCCACATTGG,0,4203480
yadE_predicted,0.25,3,3,CGCGGATTGATGGAAAATTG,0,4203875
yadE_predicted,0.25,3,3,CGCGCGCTAGTCTGAATACA,0,4214379
yadE_predicted,0.25,3,3,CGCGCCTAGGGTGATCAATA,0,4202512
yadE_predicted,0.25,3,3,CGCGCCCGACTTGCCTGAGG,0,4190749
yadE_predicted,0.25,3,3,CGCGATATAAAACTGTTGAT,0,4235238
yadE_predicted,0.25,3,3,CGCGACTTTAGGGTTCGATG,0,4224595
yadE_predicted,0.25,3,3,CGCCTCTGTCTACTGCCTTT,0,4224699
yadE_predicted,0.25,3,3,CGCCTCTACAAATCTTAACC,0,4171490
yadE_predicted,0.25,3,3,CGCCTCGATTGTTGCGGAGT,0,4238801
yadE_predicted,0.25,3,3,CGCCTACCGCCAGGAATGTG,0,4173588
yadE_predicted,0.25,3,3,CGCCGTACATGGTCAGGCTT,0,4222253
yadE_predicted,0.25,3,3,CGCCCTAGGTGCGGTGATTG,0,4194816
yadE_predicted,0.25,3,3,CGCATTCGACCTACTCAGGT,0,4180367
yadE_predicted,0.25,3,3,CGCATGGCGCTCTTCGGACG,0,4172721
yadE_predicted,0.25,3,3,CGCAGACTGTGCCCGTATTA,0,4168527
yadE_predicted,0.25,3,3,CGCACCTGTCTCATGGGCAA,0,4198179
yadE_predicted,0.25,3,3,CGCACATAAGGCTCATGGGA,0,4185038
yadE_predicted,0.25,3,3,CGATTTAGAGTGTCATTCGC,0,4178259
yadE_predicted,0.25,3,3,CGATGCGGGGTAGTCGCGGT,0,4200063
yadE_predicted,0.25,3,3,CGATGATGCGTACATAAGTG,0,4176146
yadE_predicted,0.25,3,3,CGATCTTGTGGTACAGACAG,0,4186612
yadE_predicted,0.25,3,3,CGATCTTGAACGCTAGGAAT,0,4188015
yadE_predicted,0.25,3,3,CGATCTCGATTGGAGTCACC,0,4198677
yadE_predicted,0.25,3,3,CGATACGGTTGGCAAATGCA,0,4198087
yadE_predicted,0.25,3,3,CGAGGGTAAGTACCCGACTA,0,4175529
yadE_predicted,0.25,3,3,CGAGGCAGCCGCTATTGTTC,0,4206536
yadE_predicted,0.25,3,3,CGAGCTATATTGTTTCGTGT,0,4209589
yadE_predicted,0.25,3,3,CGAGCGAGCCGCCCGACGCA,0,4204356
yadE_predicted,0.25,3,3,CGAGCCACTTTTACAGGCAA,0,4198931
yadE_predicted,0.25,3,3,CGAGATTTCGAACTTGGTAA,0,4216928
yadE_predicted,0.25,3,3,CGACTCTGCAGCAGTCTAAG,0,4228766
yadE_predicted,0.25,3,3,CGACTCCTTTGCGCGAGCAG,0,4179064
yadE_predicted,0.25,3,3,CGACGTGGCAGTAAAGTCGT,0,4206024
yadE_predicted,0.25,3,3,CGACGGTTGGTGACCAAGGG,0,4216162
yadE_predicted,0.25,3,3,CGACGCGAGGACCGACGAGC,0,4221254
yadE_predicted,0.25,3,3,CGACGAACATAATTTGTCCA,0,4228896
yadE_predicted,0.25,3,3,CGACCTATCCATGGATGTAC,0,4182716
yadE_predicted,0.25,3,3,CGACCTATACCCACGTTGCG,0,4195276
yadE_predicted,0.25,3,3,CGACAATGCTAACCCTTAGT,0,4195816
yadE_predicted,0.25,3,3,CGACAAGGCAGAGTGCTCCC,0,4213019
yadE_predicted,0.25,3,3,CGAATTCGTCATCGAGGACC,0,4197635
yadE_predicted,0.25,3,3,CGAATGTTAAGCTTCGGCGT,0,4223345
yadE_predicted,0.25,3,3,CGAATATCGCAGAGCGCAGG,0,4185465
yadE_predicted,0.25,3,3,CGAAATCCCATTAGGAGTTG,0,4192725
yadE_predicted,0.25,3,3,CGAAAGCTTTCGAACGGGCA,0,4159596
yadE_predicted,0.25,3,3,CGAAAGATATGGCGGCGTTA,0,4232466
yadE_predicted,0.25,3,3,CGAAAATAAATCGGGTTGCT,0,4190969
yadE_predicted,0.25,3,3,CCTTTCTGCCTACCGTGTTT,0,4173584
yadE_predicted,0.25,3,3,CCTTTCTGCCCCTATCGGGT,0,4227551
yadE_predicted,0.25,3,3,CCTTTATCGGAGTAGTAGCG,0,4235453
yadE_predicted,0.25,3,3,CCTTGTTGGGAGCTTCCCTA,0,4208356
yadE_predicted,0.25,3,3,CCTTCGGGCTCGTCCCTGTG,0,4171760
yadE_predicted,0.25,3,3,CCTTCATAGGTGCATTTGAT,0,4238549
yadE_predicted,0.25,3,3,CCTTAGTGCCGTCGAACCAC,0,4164800
yadE_predicted,0.25,3,3,CCTTAGCGGTTTCTTTGGCT,0,4215579
yadE_predicted,0.25,3,3,CCTGTACATCGCTCAACAGA,0,4204640
yadE_predicted,0.25,3,3,CCTGGGGCATATTCCACCCC,0,4191009
yadE_predicted,0.25,3,3,CCTGGCAAGCGGCTTGACCT,0,4191910
yadE_predicted,0.25,3,3,CCTGCTACGTGGAAGCCCGA,0,4206423
yadE_predicted,0.25,3,3,CCTGCTACAGGAGAAGATCT,0,4170838
yadE_predicted,0.25,3,3,CCTGCACCTACATGGCGGAA,0,4218577
yadE_predicted,0.25,3,3,CCTGCACCAATCCAGTCTCC,0,4233279
yadE_predicted,0.25,3,3,CCTCTTTGAGAACGCGTTTG,0,4223811
yadE_predicted,0.25,3,3,CCTCGTCGAGGCTTTCTCTA,0,4205155
yadE_predicted,0.25,3,3,CCTCGGTTGGTGGTCAATAT,0,4163380
yadE_predicted,0.25,3,3,CCTCGGTTACCAGCTAAAAG,0,4225850
yadE_predicted,0.25,3,3,CCTCGGACAACGCCCCACCC,0,4176801
yadE_predicted,0.25,3,3,CCTCGCATAAGGAGTTCAGT,0,4168875
yadE_predicted,0.25,3,3,CCTCCAGCTAGCAGCGATCA,0,4175642
yadE_predicted,0.25,3,3,CCTCATCGCCAGGGTAGTGG,0,4171487
yadE_predicted,0.25,3,3,CCTCAGTACTGATATCATCA,0,4177408
yadE_predicted,0.25,3,3,CCTCAAGGTACCTCAGGCAA,0,4168738
yadE_predicted,0.25,3,3,CCTATGGAAGCGTCAAGGAA,0,4173949
yadE_predicted,0.25,3,3,CCTATCCCGATATGTCCACG,0,4204848
yadE_predicted,0.25,3,3,CCTATACGCGAACATTCGCA,0,4179337
yadE_predicted,0.25,3,3,CCTACTACGGAGACACTCGG,0,4175545
yadE_predicted,0.25,3,3,CCTAAGGTGCATTTTCTTGT,0,4175029
yadE_predicted,0.25,3,3,CCTAAGATCTTTTTATCCTA,0,4205199
yadE_predicted,0.25,3,3,CCTAACATAAACTCGGTGCC,0,4196559
yadE_predicted,0.25,3,3,CCTAACAGCATAAGCATGAG,0,4207729
yadE_predicted,0.25,3,3,CCGTTGAAGAACTGGGGATC,0,4159654
yadE_predicted,0.25,3,3,CCGTTATTTTATGTCACAAC,0,4211865
yadE_predicted,0.25,3,3,CCGTGTAACGCGTGTCATGT,0,4159806
yadE_predicted,0.25,3,3,CCGTGCGCCCACCCCATGAG,0,4239636
yadE_predicted,0.25,3,3,CCGTGAGCTGAGACCGGGTA,0,4187553
yadE_predicted,0.25,3,3,CCGTCCGGAGATGGTTAGTT,0,4187614
yadE_predicted,0.25,3,3,CCGTCACGGCGGTCGCTACC,0,4167416
yadE_predicted,0.25,3,3,CCGTATGTTCCTCGTTCTAG,0,4236641
yadE_predicted,0.25,3,3,CCGTATCGCGGTGGGTGGTC,0,4200163
yadE_predicted,0.25,3,3,CCGTATCAACTCATGGCGAC,0,4181077
yadE_predicted,0.25,3,3,CCGTAGGATAGCAGAGCGAG,0,4198470
yadE_predicted,0.25,3,3,CCGTACGGCCGCGTAGCCCC,0,4178362
yadE_predicted,0.25,3,3,CCGTACCTTGTAGCTTCCCA,0,4228911
yadE_predicted,0.25,3,3,CCGTACATTCAAGGATCGAT,0,4229479
yadE_predicted,0.25,3,3,CCGGTTCGGAAGAAACTTAT,0,4179686
yadE_predicted,0.25,3,3,CCGGTAACAGGCCAAACAGC,0,4175870
yadE_predicted,0.25,3,3,CCGGGTAGGCGGTGGCAGTT,0,4206957
yadE_predicted,0.25,3,3,CCGGGGCTCGGTACGCAGAA,0,4166028
yadE_predicted,0.25,3,3,CCGGGGCGAACCCACGGGTC,0,4197343
yadE_predicted,0.25,3,3,CCGGGCCGAGGTCATCTACA,0,4203123
yadE_predicted,0.25,3,3,CCGGCTTTGATTAATTTACG,0,4215532
yadE_predicted,0.25,3,3,CCGGCTACGGAAGCGGTAAT,0,4192921
yadE_predicted,0.25,3,3,CCGGCTACAAGGTGGTGAAC,0,4210572
yadE_predicted,0.25,3,3,CCGGCATCTGTCCCTTACGA,0,4236862
yadE_predicted,0.25,3,3,CCGGACTGCTTCTTTGTCTC,0,4231383
yadE_predicted,0.25,3,3,CCGGACCGTCGGGTGTTCAA,0,4162402
yadE_predicted,0.25,3,3,CCGGACCGCGAGGGATGAAC,0,4173587
yadE_predicted,0.25,3,3,CCGCTGTCGGTAGGCCGATC,0,4199902
yadE_predicted,0.25,3,3,CCGCGAACTCGGTTCTCGAA,0,4188155
yadE_predicted,0.25,3,3,CCGCCTCTCGATGATTACCG,0,4193082
yadE_predicted,0.25,3,3,CCGCCATAGAGAGGCCAACC,0,4212302
yadE_predicted,0.25,3,3,CCGCAGTGATACAGGGGTAT,0,4183816
yadE_predicted,0.25,3,3,CCGCACATACTAAGCTCACG,0,4231124
yadE_predicted,0.25,3,3,CCGATGCATCGGGAAAGGCT,0,4171713
yadE_predicted,0.25,3,3,CCGAGTGCAGGTTTACAGTG,0,4168727
yadE_predicted,0.25,3,3,CCGAGTAACTGGCGGACAGA,0,4201356
yadE_predicted,0.25,3,3,CCGAGCACGCCGAAAATACT,0,4226116
yadE_predicted,0.25,3,3,CCGAGAAAATTGGCCCGCTC,0,4218746
yadE_predicted,0.25,3,3,CCGACGAGGAGAGGTCTTTA,0,4183178
yadE_predicted,0.25,3,3,CCGACATATCAGCAGAGTGC,0,4220028
yadE_predicted,0.25,3,3,CCGACACTGCACTTCGTTTC,0,4195613
yadE_predicted,0.25,3,3,CCGAACTCGTCTACAAGGGG,0,4166713
yadE_predicted,0.25,3,3,CCCTTCACACACTGGGCAGG,0,4219599
yadE_predicted,0.25,3,3,CCCTCATTCTGCTCTAATAG,0,4202449
yadE_predicted,0.25,3,3,CCCTACACATCCTCCATTGA,0,4204699
yadE_predicted,0.25,3,3,CCCGTTCTCCAAATAACAGA,0,4240436
yadE_predicted,0.25,3,3,CCCGGTATACCCAATAAGCC,0,4199048
yadE_predicted,0.25,3,3,CCCGGGGCTCTACATAGGCG,0,4208247
yadE_predicted,0.25,3,3,CCCGGGGCACCTAAGTTACC,0,4235760
yadE_predicted,0.25,3,3,CCCGGGCTCGATACAGTGGC,0,4240959
yadE_predicted,0.25,3,3,CCCGCTACCTCGTGCTGTGA,0,4237285
yadE_predicted,0.25,3,3,CCCGCGGCTCCACGCCGTCT,0,4211153
yadE_predicted,0.25,3,3,CCCGAGGTTCAGTGTCGCAT,0,4181875
yadE_predicted,0.25,3,3,CCCCTTTGCAATAGATCGGT,0,4172698
yadE_predicted,0.25,3,3,CCCCGCTTATCGGGACATAA,0,4198756
yadE_predicted,0.25,3,3,CCCCGCGAGTCCTGAATCTC,0,4172527
yadE_predicted,0.25,3,3,CCCCCTGATTGTGCTGAGGG,0,4169034
yadE_predicted,0.25,3,3,CCCCCTCATGGGGGTACGTT,0,4179938
yadE_predicted,0.25,3,3,CCCCACGTGTGCGCGCATGG,0,4191568
yadE_predicted,0.25,3,3,CCCCACGGTGTCCCTCCTGG,0,4209951
yadE_predicted,0.25,3,3,CCCCAAGTTGGGTTCAGGGG,0,4175252
yadE_predicted,0.25,3,3,CCCATTGAATTATCAGTTTG,0,4177751
yadE_predicted,0.25,3,3,CCCAGTGCTGATTCTCGAAG,0,4185458
yadE_predicted,0.25,3,3,CCCAGCGGGGTGGATAGGTT,0,4179600
yadE_predicted,0.25,3,3,CCCAGAATACGAGGCGGTAG,0,4210698
yadE_predicted,0.25,3,3,CCCACTAACCAATGATTGAT,0,4187010
yadE_predicted,0.25,3,3,CCCACGTAACGTGTAGAATA,0,4220281
yadE_predicted,0.25,3,3,CCCACCATCTCTTAACTGGG,0,4216492
yadE_predicted,0.25,3,3,CCCACCACGCTAGCTCGCCT,0,4187430
yadE_predicted,0.25,3,3,CCCAATAACTGGACCAGCAA,0,4192938
yadE_predicted,0.25,3,3,CCCAAGCGAGTTAAATTGTC,0,4192904
yadE_predicted,0.25,3,3,CCATTTTAAAGAACGAAATA,0,4196003
yadE_predicted,0.25,3,3,CCATTTGTGTCAGCCTTTGG,0,4218149
yadE_predicted,0.25,3,3,CCATTGGAAACGAAATGTTT,0,4222475
yadE_predicted,0.25,3,3,CCATTATGCGGGTGCAAGCC,0,4211242
yadE_predicted,0.25,3,3,CCATTAACCCTGCCGATTCT,0,4227108
yadE_predicted,0.25,3,3,CCATCGGTAAACGGGTCATA,0,4171322
yadE_predicted,0.25,3,3,CCATCACTGGCGCGTATATA,0,4163805
yadE_predicted,0.25,3,3,CCATATCACTTGATATCCAT,0,4185271
yadE_predicted,0.25,3,3,CCATAGGGAAAGTTCGGTCT,0,4180650
yadE_predicted,0.25,3,3,CCATACTGATGCGATGAGTA,0,4171208
yadE_predicted,0.25,3,3,CCATAATCTCGAAACTTACT,0,4222896
yadE_predicted,0.25,3,3,CCAGGTCGTCCACTCGGGTC,0,4182205
yadE_predicted,0.25,3,3,CCAGGGCTCAATCCGGGCTA,0,4183247
yadE_predicted,0.25,3,3,CCAGGGCACCGTGTGTCCAG,0,4186826
yadE_predicted,0.25,3,3,CCAGCGCAAGCTAGGCATAA,0,4211588
yadE_predicted,0.25,3,3,CCAGCCAATTCTGGACTGTC,0,4205497
yadE_predicted,0.25,3,3,CCAGATTATTTAAGCGTTAT,0,4177651
yadE_predicted,0.25,3,3,CCAGAGTAACTGAGGATCTC,0,4192125
yadE_predicted,0.25,3,3,CCAGAGCCGCCCAAGCCGCG,0,4170288
yadE_predicted,0.25,3,3,CCAGACGTTAAATACGCTTC,0,4229015
yadE_predicted,0.25,3,3,CCACTGTGCTCCCCTGTCCC,0,4230543
yadE_predicted,0.25,3,3,CCACCTCCACGTAATTCGAG,0,4235439
yadE_predicted,0.25,3,3,CCACCGGAATATAATTTGTA,0,4213172
yadE_predicted,0.25,3,3,CCACCCGCCCCGAATAGGTA,0,4182351
yadE_predicted,0.25,3,3,CCACAGGGGCAGGGCGGTCG,0,4238000
yadE_predicted,0.25,3,3,CCACACCGACGATATATCAG,0,4239742
yadE_predicted,0.25,3,3,CCAATCCCGCATTACATCAG,0,4236863
yadE_predicted,0.25,3,3,CCAAGTATCGCCGACACGGG,0,4195054
yadE_predicted,0.25,3,3,CCAAGCATCGTGGATAGCGC,0,4206755
yadE_predicted,0.25,3,3,CCAACTGACGAGCGAATGCT,0,4167315
yadE_predicted,0.25,3,3,CCAACGAATGGAAATGTAAT,0,4231249
yadE_predicted,0.25,3,3,CCAACCTGTACGAAATGATT,0,4195185
yadE_predicted,0.25,3,3,CCAACAGTGGTGTTTCCCTA,0,4225745
yadE_predicted,0.25,3,3,CATTGATCCTTAAGTGGCAA,0,4163058
yadE_predicted,0.25,3,3,CATTGACCGCTCGGGGCGCT,0,4167509
yadE_predicted,0.25,3,3,CATTCGGATGCGGCCTCTAG,0,4228327
yadE_predicted,0.25,3,3,CATTCCGGTAGGTGCTGTGT,0,4216425
yadE_predicted,0.25,3,3,CATTATCTTCGCAAGTATCT,0,4223964
yadE_predicted,0.25,3,3,CATTACGACTTCGAAGACCT,0,4196201
yadE_predicted,0.25,3,3,CATTAAAGAGAAGTTTTTAC,0,4180107
yadE_predicted,0.25,3,3,CATGTTGTCTAGGTTGCGTG,0,4237082
yadE_predicted,0.25,3,3,CATGTATGCGCGGAGGCTCA,0,4172017
yadE_predicted,0.25,3,3,CATGGCTGGGGGTGTTGGTT,0,4212326
yadE_predicted,0.25,3,3,CATGGCCGGGGTATTGTTAT,0,4165488
yadE_predicted,0.25,3,3,CATGGACCTAGGGGCATTTT,0,4234262
yadE_predicted,0.25,3,3,CATGAGTGTAGCGGGCGGAG,0,4229411
yadE_predicted,0.25,3,3,CATGAAAATACGCGCCACCA,0,4178104
yadE_predicted,0.25,3,3,CATCTTTACTGGGCCAATCC,0,4170262
yadE_predicted,0.25,3,3,CATCTGTGGGCGTCTGGTGG,0,4231416
yadE_predicted,0.25,3,3,CATCTCGCGGCTGAACTTTT,0,4176519
yadE_predicted,0.25,3,3,CATCTCACAGAAGGAGCAAA,0,4159624
yadE_predicted,0.25,3,3,CATCTATTTACTTTGAGGCC,0,4191213
yadE_predicted,0.25,3,3,CATCGTGGGGAAAAAAGCCC,0,4235838
yadE_predicted,0.25,3,3,CATCGCCAGTTTACCTCAGA,0,4224753
yadE_predicted,0.25,3,3,CATCCTGCACTGACGGTTTT,0,4225214
yadE_predicted,0.25,3,3,CATCCCGGTGTTCATGTTAC,0,4171955
yadE_predicted,0.25,3,3,CATCCACGGACGCCCATATT,0,4224799
yadE_predicted,0.25,3,3,CATCAGAGAACTCGACTCTG,0,4184479
yadE_predicted,0.25,3,3,CATCAAAGACTTGCAAACAC,0,4209787
yadE_predicted,0.25,3,3,CATATGGACTCCCTGGCCAA,0,4206339
yadE_predicted,0.25,3,3,CATATGCCGAACACAAAGAT,0,4196774
yadE_predicted,0.25,3,3,CATATCTCAGTAACAGCGGT,0,4181773
yadE_predicted,0.25,3,3,CATATCAAGAGAATGCTGCA,0,4206763
yadE_predicted,0.25,3,3,CATATATATGTTGTTAGCCG,0,4213834
yadE_predicted,0.25,3,3,CATATATAATTCCCATTCCT,0,4165502
yadE_predicted,0.25,3,3,CATAGAGTCATATAATGATA,0,4208331
yadE_predicted,0.25,3,3,CATACTGTCCTATCGTAATC,0,4229727
yadE_predicted,0.25,3,3,CATAATCAGCGAGGGATTTT,0,4212298
yadE_predicted,0.25,3,3,CATAAGTTAAATGCTCCGAT,0,4182132
yadE_predicted,0.25,3,3,CATAACACCAATTGGCCGCA,0,4165574
yadE_predicted,0.25,3,3,CAGTTGGGAGGGAGGCACGC,0,4192080
yadE_predicted,0.25,3,3,CAGTCTTTAATGAGTTTCCA,0,4159414
yadE_predicted,0.25,3,3,CAGTCCCCTTTCTGGTGCAG,0,4189243
yadE_predicted,0.25,3,3,CAGTATGTGGCTGCCGGACT,0,4235494
yadE_predicted,0.25,3,3,CAGTAGACCTCCCCCCGTGA,0,4165922
yadE_predicted,0.25,3,3,CAGGTTTTATAGAGAAAGTC,0,4224827
yadE_predicted,0.25,3,3,CAGGGTGTAAGACGTGCTAA,0,4230177
yadE_predicted,0.25,3,3,CAGGGGCTAGATAACACAGC,0,4237910
yadE_predicted,0.25,3,3,CAGGGGCCTCCGGGTTTGGG,0,4174812
yadE_predicted,0.25,3,3,CAGGGCTGTGACTGGGATAG,0,4185947
yadE_predicted,0.25,3,3,CAGGAGAAGCGAAGGGCATG,0,4220774
yadE_predicted,0.25,3,3,CAGGACTCAGTTAGTGGAGC,0,4166258
yadE_predicted,0.25,3,3,CAGGACGTACGCGTTGGACT,0,4192419
yadE_predicted,0.25,3,3,CAGGACCCGCTCGCATTAAA,0,4191866
yadE_predicted,0.25,3,3,CAGGACCCCATCTTATTTCG,0,4178330
yadE_predicted,0.25,3,3,CAGCTTCTTCCTCTGCACGC,0,4215424
yadE_predicted,0.25,3,3,CAGCTTAGGAATGTTCCGCT,0,4218528
yadE_predicted,0.25,3,3,CAGCGTGTTTGGTTCGCATA,0,4209417
yadE_predicted,0.25,3,3,CAGCGCGCCTTATGTCGAAT,0,4205781
yadE_predicted,0.25,3,3,CAGCCGGCAATGCGTGTCAC,0,4190976
yadE_predicted,0.25,3,3,CAGCCGAATACCGGTGAGAC,0,4181990
yadE_predicted,0.25,3,3,CAGCAGCCTCGACAGGGGAA,0,4222127
yadE_predicted,0.25,3,3,CAGATTGCATGGTATCAATA,0,4215945
yadE_predicted,0.25,3,3,CAGATGGCTCTATAAAACGA,0,4160430
yadE_predicted,0.25,3,3,CAGATAGTGCGAACTCGCGT,0,4191058
yadE_predicted,0.25,3,3,CAGATACACGTAAGGACGTC,0,4238999
yadE_predicted,0.25,3,3,CAGAGTTCCGACATGCTTCT,0,4191021
yadE_predicted,0.25,3,3,CAGAGGTACTACCCGCGATA,0,4209019
yadE_predicted,0.25,3,3,CAGACCGTACCAGTCTTGTC,0,4199795
yadE_predicted,0.25,3,3,CACTTCCTTGAGTCAGAGTA,0,4223245
yadE_predicted,0.25,3,3,CACTTAGACGGGTATGCTTC,0,4239222
yadE_predicted,0.25,3,3,CACTTAAAGTTATCAAACGC,0,4229967
yadE_predicted,0.25,3,3,CACTGTGAGAACCACTCAGC,0,4177999
yadE_predicted,0.25,3,3,CACTGCCCTACAAGTAATTT,0,4206170
yadE_predicted,0.25,3,3,CACTCTAGGTGTAATAGGAT,0,4200338
yadE_predicted,0.25,3,3,CACTCTACCCGGGTTTAATC,0,4166625
yadE_predicted,0.25,3,3,CACTCACTTGGTAAACGCCC,0,4171738
yadE_predicted,0.25,3,3,CACGTCCTAGGCGCAGCTCG,0,4203206
yadE_predicted,0.25,3,3,CACGGGCAACCTGTTGCGCG,0,4196093
yadE_predicted,0.25,3,3,CACGGCGGTCCACTCGGCGG,0,4223897
yadE_predicted,0.25,3,3,CACGGCAGAGTCAATCTGTT,0,4213417
yadE_predicted,0.25,3,3,CACGCTGCAATACGTACACT,0,4176197
yadE_predicted,0.25,3,3,CACGCCTTCGTTCGAATGCA,0,4202299
yadE_predicted,0.25,3,3,CACGCCAAAGATGTAGGTGT,0,4198540
yadE_predicted,0.25,3,3,CACGATAATGGCCGTTGTAA,0,4165301
yadE_predicted,0.25,3,3,CACCGTCTAGGGAACAGTCC,0,4210926
yadE_predicted,0.25,3,3,CACCGACCATAGGGCATCTC,0,4216486
yadE_predicted,0.25,3,3,CACCCGGGCCCGCCGCATAG,0,4179876
yadE_predicted,0.25,3,3,CACCAGAGGACATATGAAAT,0,4227004
yadE_predicted,0.25,3,3,CACCACTTGTCGGGCAGGGC,0,4223346
yadE_predicted,0.25,3,3,CACCACATGAACGCCGGTGG,0,4188323
yadE_predicted,0.25,3,3,CACCAAAAACAAGGAATATG,0,4160376
yadE_predicted,0.25,3,3,CACATTTATTTCCTCATCCT,0,4195243
yadE_predicted,0.25,3,3,CACATCCTAATCAAGCGCGC,0,4237172
yadE_predicted,0.25,3,3,CACAGAACACTTTTGTGACT,0,4197279
yadE_predicted,0.25,3,3,CACACTTTTTATCTTTGCTA,0,4193421
yadE_predicted,0.25,3,3,CACACGTTCTGACCTGCCGT,0,4179041
yadE_predicted,0.25,3,3,CACACAGATAGCATAGATGT,0,4172974
yadE_predicted,0.25,3,3,CACACAACAACCAAAAGTCC,0,4179689
yadE_predicted,0.25,3,3,CACAATGGATGCCAACCCCG,0,4188234
yadE_predicted,0.25,3,3,CACAATATGTAGTACCGAGA,0,4226064
yadE_predicted,0.25,3,3,CACAAGGTCAAGTTAGCAAG,0,4229476
yadE_predicted,0.25,3,3,CACAAGCTTACCAGCTTAAC,0,4234744
yadE_predicted,0.25,3,3,CAATTTGATACACGCGACGA,0,4222133
yadE_predicted,0.25,3,3,CAATTCATGCATTGTACCTT,0,4231993
yadE_predicted,0.25,3,3,CAATGTGCGAGTACACTTAT,0,4232850
yadE_predicted,0.25,3,3,CAATGGTCGTATATTATGGC,0,4197785
yadE_predicted,0.25,3,3,CAATGGCCACGGTCGGACAT,0,4178270
yadE_predicted,0.25,3,3,CAATGATTTTTGAGCGGTTC,0,4226053
yadE_predicted,0.25,3,3,CAATCTCGGTTTGCTCTGGA,0,4174087
yadE_predicted,0.25,3,3,CAATATATACCCAGTTAACT,0,4235181
yadE_predicted,0.25,3,3,CAATAGTGGACGGGGCCGAA,0,4171351
yadE_predicted,0.25,3,3,CAATACACGGTTAGCGCCTC,0,4233497
yadE_predicted,0.25,3,3,CAATAAGCGGCGTTGTTCGG,0,4166338
yadE_predicted,0.25,3,3,CAAGTGCAGATTCGCCTCCG,0,4180877
yadE_predicted,0.25,3,3,CAAGTGAAGCCCGATAGCGG,0,4161540
yadE_predicted,0.25,3,3,CAAGTCTCGCGGGTGCATAG,0,4236308
yadE_predicted,0.25,3,3,CAAGGTCTTTCATGTTTTCC,0,4166592
yadE_predicted,0.25,3,3,CAAGCGGCGACACAAAACCC,0,4199824
yadE_predicted,0.25,3,3,CAAGAACGCTCAATCCTCCA,0,4159597
yadE_predicted,0.25,3,3,CAACTTAGTGCCAGGTTAGT,0,4217277
yadE_predicted,0.25,3,3,CAACTTAAGTGGACGAATAT,0,4219598
yadE_predicted,0.25,3,3,CAACGGTCCCCTCTGTTGAA,0,4179700
yadE_predicted,0.25,3,3,CAACCAGATCATTCACTCAG,0,4205110
yadE_predicted,0.25,3,3,CAACCAATTCATACACGTCG,0,4186959
yadE_predicted,0.25,3,3,CAACACGGGGTTCCTTATAC,0,4204934
yadE_predicted,0.25,3,3,CAAATTCGCTCTACCTAAAC,0,4212336
yadE_predicted,0.25,3,3,CAAATATTAAGGGGGAGCTG,0,4215649
yadE_predicted,0.25,3,3,CAAAGTTTTTTGCAATCGAG,0,4225126
yadE_predicted,0.25,3,3,CAAACGTATTCTAGGGATAG,0,4193478
yadE_predicted,0.25,3,3,CAAACGCGCTGGGAATTATG,0,4213905
yadE_predicted,0.25,3,3,CAAAATTTGTGGTCAACATA,0,4168571
yadE_predicted,0.25,3,3,CAAAATAATTGGGGCAGACT,0,4165065
yadE_predicted,0.25,3,3,CAAAAGGGGGATTCTAAAGT,0,4209451
yadE_predicted,0.25,3,3,CAAAAAAATCGTGATTGCGA,0,4165829
yadE_predicted,0.25,3,3,ATTTTGGCAGGGGTTTTTGA,0,4213656
yadE_predicted,0.25,3,3,ATTTTCTGAATGCGCACTCC,0,4195032
yadE_predicted,0.25,3,3,ATTTGGTCGCAAAAAGGTTT,0,4173789
yadE_predicted,0.25,3,3,ATTTGGTCAAAATCACACCA,0,4232274
yadE_predicted,0.25,3,3,ATTTGGCTAAATGCGTCTAC,0,4192662
yadE_predicted,0.25,3,3,ATTTGGCGACTCGCGGGGGG,0,4224035
yadE_predicted,0.25,3,3,ATTTGGCACCTATCGGGTAC,0,4173155
yadE_predicted,0.25,3,3,ATTTGATGAGGAGGTTGCGT,0,4210860
yadE_predicted,0.25,3,3,ATTTCGGTATGCTTTACAAC,0,4209026
yadE_predicted,0.25,3,3,ATTTCCGATTCAGAACACCA,0,4239680
yadE_predicted,0.25,3,3,ATTGTTGAAAAATTTTTTTC,0,4172970
yadE_predicted,0.25,3,3,ATTGTGGCTGGGGGGTTGTC,0,4194279
yadE_predicted,0.25,3,3,ATTGTATCGATACGAGTTTC,0,4167370
yadE_predicted,0.25,3,3,ATTGGTGTTCTGGAACCGGT,0,4189164
yadE_predicted,0.25,3,3,ATTGGGGAGGTTTCCCCTAG,0,4181970
yadE_predicted,0.25,3,3,ATTGAGCTCATTAATAATTT,0,4237660
yadE_predicted,0.25,3,3,ATTCTTGACAGTCATCAGTG,0,4225709
yadE_predicted,0.25,3,3,ATTCTAGATGGCTTTGATCG,0,4194390
yadE_predicted,0.25,3,3,ATTCGTCCCTGTCGTGTATC,0,4167403
yadE_predicted,0.25,3,3,ATTCGTATCATTAAACTGTG,0,4217688
yadE_predicted,0.25,3,3,ATTCCTTTTGCCCGTAAGTA,0,4193505
yadE_predicted,0.25,3,3,ATTCCTACCGTTAGGCCTCA,0,4165286
yadE_predicted,0.25,3,3,ATTCCGTCTTATCTTTGGAC,0,4225045
yadE_predicted,0.25,3,3,ATTCCCATCAGTCCCATGTA,0,4211116
yadE_predicted,0.25,3,3,ATTCACCCTGCCCTAGAATC,0,4163670
yadE_predicted,0.25,3,3,ATTATAGCGCATAGATGCGA,0,4225382
yadE_predicted,0.25,3,3,ATTAGGGTTTGGATATTCCC,0,4170404
yadE_predicted,0.25,3,3,ATTAGGGGGGCCATTGGCTT,0,4183408
yadE_predicted,0.25,3,3,ATTAGACCGCGGGTTATAAG,0,4164975
yadE_predicted,0.25,3,3,ATTAATTCAAGTTTCCCCTA,0,4223040
yadE_predicted,0.25,3,3,ATTAATATCCGGAACTCTCA,0,4175156
yadE_predicted,0.25,3,3,ATTAAGGCGTAGCGAAAGAG,0,4168710
yadE_predicted,0.25,3,3,ATTAACCTCGACCGCCCAGA,0,4180450
yadE_predicted,0.25,3,3,ATGTTTGATGGGGGCCACCA,0,4177161
yadE_predicted,0.25,3,3,ATGTGCGGAGTATAAGCCAC,0,4226321
yadE_predicted,0.25,3,3,ATGTGCATTCAGGATGCTTT,0,4164185
yadE_predicted,0.25,3,3,ATGTCAGCCACTCCGAAGCG,0,4210585
yadE_predicted,0.25,3,3,ATGTAGGGCGCAGCAGCAAG,0,4226466
yadE_predicted,0.25,3,3,ATGTACCATTATGTCCAAGA,0,4209402
yadE_predicted,0.25,3,3,ATGTAATCGTTTACTTCTAT,0,4188378
yadE_predicted,0.25,3,3,ATGGTCTAGCATTTGTTTGC,0,4182545
yadE_predicted,0.25,3,3,ATGGTCATCCGGAGGGACAA,0,4170072
yadE_predicted,0.25,3,3,ATGGTAGTTTTTGCATCGAA,0,4178304
yadE_predicted,0.25,3,3,ATGGTAAGCAAGGCCGAGCA,0,4238490
yadE_predicted,0.25,3,3,ATGGTAACGGGTGTTACCGG,0,4210865
yadE_predicted,0.25,3,3,ATGGGTATCCGCTAATACAC,0,4183102
yadE_predicted,0.25,3,3,ATGGGGTCTTCATTCCGGAG,0,4177477
yadE_predicted,0.25,3,3,ATGGGACTAGAAGGCTCCTG,0,4235997
yadE_predicted,0.25,3,3,ATGGGAAGAAAGGCCAACTT,0,4231670
yadE_predicted,0.25,3,3,ATGGAGGTGGGAACTACTCC,0,4205496
yadE_predicted,0.25,3,3,ATGCTGACGTGTCCGAATTT,0,4239189
yadE_predicted,0.25,3,3,ATGCTCTAGTACTGGTATCC,0,4203915
yadE_predicted,0.25,3,3,ATGCTAGTCTTCGCAACTTA,0,4217198
yadE_predicted,0.25,3,3,ATGCGTGGTTGCCAGCTGGG,0,4162313
yadE_predicted,0.25,3,3,ATGCGTAGATCAGTCAATTA,0,4232642
yadE_predicted,0.25,3,3,ATGCCTTTACCGGGACACGA,0,4192859
yadE_predicted,0.25,3,3,ATGCCGGTTTCTCCGATCCC,0,4162530
yadE_predicted,0.25,3,3,ATGCCCTCGCATTAAATGGT,0,4228673
yadE_predicted,0.25,3,3,ATGCCAATACTACTCTGAGT,0,4161258
yadE_predicted,0.25,3,3,ATGCATGATAATGTTGGTCA,0,4182703
yadE_predicted,0.25,3,3,ATGCAGAGAATTACTCGAGT,0,4216579
yadE_predicted,0.25,3,3,ATGATCTGGTCATTACCGCA,0,4227125
yadE_predicted,0.25,3,3,ATGATAAAGCCCTGTCAATC,0,4159442
yadE_predicted,0.25,3,3,ATGAGATTGTCGCACACTTG,0,4215151
yadE_predicted,0.25,3,3,ATGACTTGAGGCACCGCGGT,0,4173680
yadE_predicted,0.25,3,3,ATGAATTGATCCTTGACCCT,0,4199693
yadE_predicted,0.25,3,3,ATGAACGGGACGATCTTACT,0,4196147
yadE_predicted,0.25,3,3,ATCTTTTAAGGGAACAGGTA,0,4199554
yadE_predicted,0.25,3,3,ATCTTCCTGTCCCTCCAAAT,0,4184068
yadE_predicted,0.25,3,3,ATCTTCACAGAACGGCCTTA,0,4198893
yadE_predicted,0.25,3,3,ATCTTAGGACTCTAAGAGGG,0,4231777
yadE_predicted,0.25,3,3,ATCTAGCACCAACCTGAAAC,0,4222057
yadE_predicted,0.25,3,3,ATCTACCCTAGGATCGTTTT,0,4185214
yadE_predicted,0.25,3,3,ATCGGTTCATCCAGTTGTAC,0,4211990
yadE_predicted,0.25,3,3,ATCGGTGTTGCCCGGAGTTT,0,4215008
yadE_predicted,0.25,3,3,ATCGGGGGCAAGTCGGGAAA,0,4180206
yadE_predicted,0.25,3,3,ATCGGCTATACGGATATCTA,0,4164471
yadE_predicted,0.25,3,3,ATCGGATCGTCGAGCAGCAT,0,4209368
yadE_predicted,0.25,3,3,ATCGGAAAAATGGGCTCTCA,0,4230574
yadE_predicted,0.25,3,3,ATCGCTGCTGCATGGTCTTC,0,4219868
yadE_predicted,0.25,3,3,ATCGCTCACAACGGCAGTCC,0,4221906
yadE_predicted,0.25,3,3,ATCGCGGCGGATTTATCCAA,0,4164022
yadE_predicted,0.25,3,3,ATCGATGGTTCTGTACTGTT,0,4174297
yadE_predicted,0.25,3,3,ATCGAGGCCTCGCTTAACAT,0,4184557
yadE_predicted,0.25,3,3,ATCGACCTGAACTATAATTT,0,4218339
yadE_predicted,0.25,3,3,ATCGACCATCGGAATTCCCC,0,4236632
yadE_predicted,0.25,3,3,ATCGAATAGGGTGGCAACCA,0,4209460
yadE_predicted,0.25,3,3,ATCGAAACTCTTTAATATTA,0,4229707
yadE_predicted,0.25,3,3,ATCCTTTTTTTTTGTGGCCA,0,4223846
yadE_predicted,0.25,3,3,ATCCTAGTGTGTCAGTATGC,0,4168271
yadE_predicted,0.25,3,3,ATCCTACAAAATGCTAGGAA,0,4205191
yadE_predicted,0.25,3,3,ATCCGTGGTTAGGAACGGGA,0,4183983
yadE_predicted,0.25,3,3,ATCCGGGTAGCCAGTTGCCT,0,4175668
yadE_predicted,0.25,3,3,ATCCCCACGCTTTGTAGGGA,0,4240010
yadE_predicted,0.25,3,3,ATCCCAGCTTGGGCATCCAA,0,4199201
yadE_predicted,0.25,3,3,ATCCCAATGTGCGGAGACCG,0,4223983
yadE_predicted,0.25,3,3,ATCCCAACCTGCCGGACACG,0,4208387
yadE_predicted,0.25,3,3,ATCCATTCGGCGTATCGTCG,0,4224415
yadE_predicted,0.25,3,3,ATCATTGTATTGATTCTGAG,0,4219834
yadE_predicted,0.25,3,3,ATCAGTACGGCCCTCATATT,0,4191622
yadE_predicted,0.25,3,3,ATCACGCAAAATTATGGTGG,0,4240861
yadE_predicted,0.25,3,3,ATCACGACCGCCACTAGCCT,0,4211757
yadE_predicted,0.25,3,3,ATCAATCGTAGTCCCAGCTG,0,4224461
yadE_predicted,0.25,3,3,ATCAAGGTTGCAGCCTAGAG,0,4237826
yadE_predicted,0.25,3,3,ATCAAGGGCGTTCACACCAA,0,4187513
yadE_predicted,0.25,3,3,ATCAACAAGTATGTCAAGTC,0,4215357
yadE_predicted,0.25,3,3,ATATTGTGCTGCGCGGGACT,0,4199910
yadE_predicted,0.25,3,3,ATATCTGCTAGAGCTTCATG,0,4207564
yadE_predicted,0.25,3,3,ATATCTAGGTTCGATGGTAG,0,4169430
yadE_predicted,0.25,3,3,ATATCGGTCACCTGGCGACT,0,4224899
yadE_predicted,0.25,3,3,ATATAGAATCAAGATTCCCA,0,4220736
yadE_predicted,0.25,3,3,ATAGTTGGCTGGGTTGGGTG,0,4160466
yadE_predicted,0.25,3,3,ATAGGTATAATCAATCTTCA,0,4161962
yadE_predicted,0.25,3,3,ATAGGGTTCGGGTCATTGAT,0,4201103
yadE_predicted,0.25,3,3,ATAGGCATAGGCGGAAAGTT,0,4192567
yadE_predicted,0.25,3,3,ATAGCGGTCGGTTTAGCGAT,0,4194862
yadE_predicted,0.25,3,3,ATAGCACGGCGACGAGGAAC,0,4193994
yadE_predicted,0.25,3,3,ATAGATCAGAGAAGCAGGCA,0,4184523
yadE_predicted,0.25,3,3,ATAGAGGATACGGCATGTGT,0,4161879
yadE_predicted,0.25,3,3,ATAGAGACCGCACACAGTCT,0,4192826
yadE_predicted,0.25,3,3,ATAGAAAGTCCCAATCTGAA,0,4198960
yadE_predicted,0.25,3,3,ATACTGGAATGGAATACTCC,0,4190452
yadE_predicted,0.25,3,3,ATACTCATGGGCCTATTCTT,0,4163721
yadE_predicted,0.25,3,3,ATACGTACGCATTGAGCTCG,0,4196974
yadE_predicted,0.25,3,3,ATACGGCAACGTTTACAACG,0,4174126
yadE_predicted,0.25,3,3,ATACGGAGTTACTTGTCATT,0,4187011
yadE_predicted,0.25,3,3,ATACGAACGGCTGACGCCTC,0,4178360
yadE_predicted,0.25,3,3,ATACCAAACCTCTCGCGTTT,0,4207191
yadE_predicted,0.25,3,3,ATACCAAAAAGGGTCCTGGA,0,4214563
yadE_predicted,0.25,3,3,ATACATGAGTATGCGTAGAA,0,4235608
yadE_predicted,0.25,3,3,ATACAGGATGACAAGTTGCG,0,4212599
yadE_predicted,0.25,3,3,ATACAGCTCAGGCATAGACC,0,4222113
yadE_predicted,0.25,3,3,ATAATTGTTGCCAGGAGGCG,0,4174009
yadE_predicted,0.25,3,3,ATAATTATAATTGCGGGGGT,0,4160781
yadE_predicted,0.25,3,3,ATAATGGTGCAGGTTTAAGT,0,4200747
yadE_predicted,0.25,3,3,ATAATGAACTCAAAAAGGTA,0,4231585
yadE_predicted,0.25,3,3,ATAAGTTGATCTACGCCGCA,0,4237500
yadE_predicted,0.25,3,3,ATAAGGTCGCCCTGAATTGT,0,4200457
yadE_predicted,0.25,3,3,ATAAGCCTACTGTTAAATAA,0,4170959
yadE_predicted,0.25,3,3,ATAAGCCGAGCCTTAATCAA,0,4162971
yadE_predicted,0.25,3,3,ATAACTATTTCCATAACCTC,0,4159922
yadE_predicted,0.25,3,3,ATAACATGTCGCAGATGATA,0,4200915
yadE_predicted,0.25,3,3,ATAAATTGTAGGTCAGGCCT,0,4222411
yadE_predicted,0.25,3,3,ATAAAGAGTTTTAAATGTTG,0,4185786
yadE_predicted,0.25,3,3,AGTTTTGAACTCTAGTAAGT,0,4166344
yadE_predicted,0.25,3,3,AGTTTCTAAAGATAAGGTGA,0,4163541
yadE_predicted,0.25,3,3,AGTTGTAGGCCCCCCCTTTA,0,4185900
yadE_predicted,0.25,3,3,AGTTGACTCGAATCGCTGCT,0,4201043
yadE_predicted,0.25,3,3,AGTTCGTTTCACAAGGCCTT,0,4207290
yadE_predicted,0.25,3,3,AGTTCGGAACATGGGAGAGT,0,4176175
yadE_predicted,0.25,3,3,AGTTACCGCGCTAGTGGATG,0,4239246
yadE_predicted,0.25,3,3,AGTTAAATTCGTTTTATCCC,0,4228546
yadE_predicted,0.25,3,3,AGTGGTCGTTATTGGGCACA,0,4204991
yadE_predicted,0.25,3,3,AGTGGTATTTCTCTAATAGG,0,4220374
yadE_predicted,0.25,3,3,AGTGGGCGCACATGGCTAAC,0,4166305
yadE_predicted,0.25,3,3,AGTGCTGGTGCTAACACGCC,0,4161267
yadE_predicted,0.25,3,3,AGTGCATGTACGATGGTATC,0,4174344
yadE_predicted,0.25,3,3,AGTGCAAATCCCGCGGAAGT,0,4235561
yadE_predicted,0.25,3,3,AGTCTTCCATGCATAAGCAA,0,4216858
yadE_predicted,0.25,3,3,AGTCGTTGAGTAGCCACACA,0,4184743
yadE_predicted,0.25,3,3,AGTCGTCTTGTATTCAACAA,0,4166296
yadE_predicted,0.25,3,3,AGTCAGACTTGAATGCGGTC,0,4198833
yadE_predicted,0.25,3,3,AGTCACCTGCGGGGCAATGG,0,4176764
yadE_predicted,0.25,3,3,AGTCAAGCCCCCTTCGGCCT,0,4167821
yadE_predicted,0.25,3,3,AGTATTACGCAACAAAGAGG,0,4229100
yadE_predicted,0.25,3,3,AGTATGTGGTGCGCGGGGTA,0,4233496
yadE_predicted,0.25,3,3,AGTATGCCGCCGCTATAGTT,0,4180465
yadE_predicted,0.25,3,3,AGTATCTAGGTAGATCATCG,0,4240751
yadE_predicted,0.25,3,3,AGTACCAGCCGTCTTAATCC,0,4172664
yadE_predicted,0.25,3,3,AGTACATATACACCGGGTAT,0,4191332
yadE_predicted,0.25,3,3,AGTACAGTTAGATTTAGCCA,0,4221640
yadE_predicted,0.25,3,3,AGTAACCTCGCCTGTGATAT,0,4212612
yadE_predicted,0.25,3,3,AGGTTTTGTTTTATTTTTAT,0,4240222
yadE_predicted,0.25,3,3,AGGTTTGTCATAAGTATAAA,0,4189408
yadE_predicted,0.25,3,3,AGGTTATATAACTGGGTGCT,0,4169837
yadE_predicted,0.25,3,3,AGGTGTGAGATAACTCCTAC,0,4211959
yadE_predicted,0.25,3,3,AGGTGTAGAGATGGTCCCTT,0,4237758
yadE_predicted,0.25,3,3,AGGTCGTTGCTAAGCCTACA,0,4178850
yadE_predicted,0.25,3,3,AGGTCCTCGTTGTCTCACTC,0,4164989
yadE_predicted,0.25,3,3,AGGTCAGTTAGGATTAGTCT,0,4185275
yadE_predicted,0.25,3,3,AGGTCAAGCCTGCTACCTCG,0,4170374
yadE_predicted,0.25,3,3,AGGGTTGTAAGTCACTAAGT,0,4182352
yadE_predicted,0.25,3,3,AGGGTTGAGAATATCCAATG,0,4165067
yadE_predicted,0.25,3,3,AGGGTGTATATCCGTATGCC,0,4195489
yadE_predicted,0.25,3,3,AGGGTCTAGAGATTGCCTTT,0,4206282
yadE_predicted,0.25,3,3,AGGGGTATGCGAATGACGGT,0,4166821
yadE_predicted,0.25,3,3,AGGGGTAGTATGTGATGTCT,0,4197378
yadE_predicted,0.25,3,3,AGGGCTGGGTCTTGAGGGTA,0,4161797
yadE_predicted,0.25,3,3,AGGGAGCTCGAGGATTTCGT,0,4182060
yadE_predicted,0.25,3,3,AGGGAATTGTGCTTTAAGAG,0,4179014
yadE_predicted,0.25,3,3,AGGCGGTGAGATCCTACGCA,0,4182940
yadE_predicted,0.25,3,3,AGGCGGACTGCACGATTGGC,0,4220666
yadE_predicted,0.25,3,3,AGGCGAGGCATACCAGTATT,0,4233637
yadE_predicted,0.25,3,3,AGGCGACCCAACCCAGGTGA,0,4196978
yadE_predicted,0.25,3,3,AGGCCTAAGCCCGCATCACA,0,4179726
yadE_predicted,0.25,3,3,AGGCCCTGTGCTCTGGCATC,0,4225511
yadE_predicted,0.25,3,3,AGGCCATAAGAGCGAAGATA,0,4167037
yadE_predicted,0.25,3,3,AGGCCACTGACCCTATCGCG,0,4227947
yadE_predicted,0.25,3,3,AGGCCACACCTCCAAAGGCG,0,4201973
yadE_predicted,0.25,3,3,AGGCACGAGCAGACTTCGCA,0,4221304
yadE_predicted,0.25,3,3,AGGATGCTCCAAAACACTAG,0,4215555
yadE_predicted,0.25,3,3,AGGAGGCCACAAATCGACCT,0,4166092
yadE_predicted,0.25,3,3,AGGAGAAGTCATGTAGTTGG,0,4174456
yadE_predicted,0.25,3,3,AGGACACGATTGTTAGTGTG,0,4195842
yadE_predicted,0.25,3,3,AGGAAGTGGCCGGCCGTTTT,0,4190394
yadE_predicted,0.25,3,3,AGGAAAGTCGGGGGTCGGAG,0,4180037
yadE_predicted,0.25,3,3,AGGAAAGGCATGCGACTGGC,0,4185335
yadE_predicted,0.25,3,3,AGCTTTAGGACTGTACGATG,0,4181049
yadE_predicted,0.25,3,3,AGCTTACTCAACGCTGTCCT,0,4165388
yadE_predicted,0.25,3,3,AGCTGTTCCTTATGCCCCGA,0,4204320
yadE_predicted,0.25,3,3,AGCTGTGCTACTCGTGCGTA,0,4217535
yadE_predicted,0.25,3,3,AGCTGGCAGGGAACTCCCGT,0,4241451
yadE_predicted,0.25,3,3,AGCTGCTACGATGATCACTG,0,4231091
yadE_predicted,0.25,3,3,AGCTCTGCGCTCTGTGCATG,0,4170371
yadE_predicted,0.25,3,3,AGCTCGTTGCTATGCTACTG,0,4180819
yadE_predicted,0.25,3,3,AGCTATACGGATGGGGCCAA,0,4161785
yadE_predicted,0.25,3,3,AGCTACATCTACCGCAAGGC,0,4202280
yadE_predicted,0.25,3,3,AGCGTGTGTTTGTTCCTCGT,0,4171352
yadE_predicted,0.25,3,3,AGCGTGAGGCCCCGCCGAAA,0,4185324
yadE_predicted,0.25,3,3,AGCGTACCTTGTCGCTGCAG,0,4195309
yadE_predicted,0.25,3,3,AGCGTAATGGACTACAGATG,0,4210655
yadE_predicted,0.25,3,3,AGCGGAACCACCCGATACTG,0,4214780
yadE_predicted,0.25,3,3,AGCGCTGTGACAGGAGCAGA,0,4224009
yadE_predicted,0.25,3,3,AGCGCTGAGGTAGCATTGTA,0,4240068
yadE_predicted,0.25,3,3,AGCCTCCACAGTGAAAATAT,0,4172992
yadE_predicted,0.25,3,3,AGCCTATGGCCCGACGGTTA,0,4165553
yadE_predicted,0.25,3,3,AGCCTAGGGTTTGACAGCAG,0,4233911
yadE_predicted,0.25,3,3,AGCCGGCCATTAGCTTCATG,0,4184774
yadE_predicted,0.25,3,3,AGCCGATCGGCGAGGTCTGA,0,4216399
yadE_predicted,0.25,3,3,AGCCGAGAGGGGGCACACCT,0,4224887
yadE_predicted,0.25,3,3,AGCCCTCCAGTCGGGCATCT,0,4160071
yadE_predicted,0.25,3,3,AGCCCACGGAATAAGAAGTC,0,4230872
yadE_predicted,0.25,3,3,AGCCAGCCCCCACCGTTGCT,0,4220765
yadE_predicted,0.25,3,3,AGCATCTTTGGATGTTATAG,0,4237311
yadE_predicted,0.25,3,3,AGCATCGTCAGACGAAGCAG,0,4236047
yadE_predicted,0.25,3,3,AGCATACGAGAAAGCCGGCG,0,4221625
yadE_predicted,0.25,3,3,AGCATACACACCGTAGGACT,0,4238702
yadE_predicted,0.25,3,3,AGCAGCGCTCTGTTGATATG,0,4213101
yadE_predicted,0.25,3,3,AGCAGATGCACAGTTGGTAT,0,4197402
yadE_predicted,0.25,3,3,AGCAGACCAATGTTAACGGG,0,4164878
yadE_predicted,0.25,3,3,AGCACACACGTCATCGTCGG,0,4217736
yadE_predicted,0.25,3,3,AGCAATGCGGCAAGGCAACG,0,4189027
yadE_predicted,0.25,3,3,AGATTTCTCTGCGCGGCCGT,0,4172434
yadE_predicted,0.25,3,3,AGATTAAGGCCGGTAAATTT,0,4236405
yadE_predicted,0.25,3,3,AGATGTGGGCCTGAATATAG,0,4205725
yadE_predicted,0.25,3,3,AGATGGGTGCCGCGTGGATT,0,4159543
yadE_predicted,0.25,3,3,AGATGGATGTGTTAGGCTTG,0,4214991
yadE_predicted,0.25,3,3,AGATGCCGCGGCAAAACCTG,0,4238782
yadE_predicted,0.25,3,3,AGATGAAGGAGCGTGCACAA,0,4208844
yadE_predicted,0.25,3,3,AGATCAAGCGCATTGCCGGT,0,4205815
yadE_predicted,0.25,3,3,AGATAGCGTGCCTGGACAAT,0,4241404
yadE_predicted,0.25,3,3,AGAGTTACAGACTTCCGCGG,0,4221840
yadE_predicted,0.25,3,3,AGAGTGGTTGGTTCCTGTAG,0,4196277
yadE_predicted,0.25,3,3,AGAGTGCTTTAAAATCAGAC,0,4189311
yadE_predicted,0.25,3,3,AGAGTAGCTTGTTCTATTCG,0,4169651
yadE_predicted,0.25,3,3,AGAGGTTCGCATGCATGTAA,0,4192329
yadE_predicted,0.25,3,3,AGAGGTATCCCGTCAAACAT,0,4227987
yadE_predicted,0.25,3,3,AGAGGCCAGAGTTTTTTCGA,0,4162502
yadE_predicted,0.25,3,3,AGAGCTTATTGCAGGATCTG,0,4179009
yadE_predicted,0.25,3,3,AGAGCTACCCCCCGAGCCGA,0,4209225
yadE_predicted,0.25,3,3,AGAGCGGTGACCACACCAAA,0,4221137
yadE_predicted,0.25,3,3,AGACTGGATAGCTCTACCTG,0,4195018
yadE_predicted,0.25,3,3,AGACTAATGACCATCTAACA,0,4239277
yadE_predicted,0.25,3,3,AGACGGGGCATCGCTTCGGG,0,4189950
yadE_predicted,0.25,3,3,AGACGCGGTTTTGAGACACG,0,4195038
yadE_predicted,0.25,3,3,AGACGCACGGTTTAACATAG,0,4172633
yadE_predicted,0.25,3,3,AGACGAACACCGACGTGTTA,0,4184107
yadE_predicted,0.25,3,3,AGACCGATGGCCCAGACTCT,0,4201400
yadE_predicted,0.25,3,3,AGACATCCGGTCACTAGGAC,0,4165165
yadE_predicted,0.25,3,3,AGACAGCTATGCCGTGTCCC,0,4224780
yadE_predicted,0.25,3,3,AGAATTGAGCGTCAGAATTC,0,4220303
yadE_predicted,0.25,3,3,AGAATTCGCATCCTAGGGTG,0,4175176
yadE_predicted,0.25,3,3,AGAATACCGCCAACCTGGAC,0,4171391
yadE_predicted,0.25,3,3,AGAAGGTGAAAAGTAGTATA,0,4190478
yadE_predicted,0.25,3,3,AGAAGGCTGACCAGAGTACT,0,4194293
yadE_predicted,0.25,3,3,AGAAGGCGGCCATATGCGTA,0,4227433
yadE_predicted,0.25,3,3,AGAAGACAGCCGGGTTTACG,0,4174115
yadE_predicted,0.25,3,3,AGAACTCGTTGCACGGGCAA,0,4201013
yadE_predicted,0.25,3,3,AGAACTAAAACTTGCTTGAG,0,4223480
yadE_predicted,0.25,3,3,AGAACGTGGTGGTGTAGGTG,0,4221290
yadE_predicted,0.25,3,3,AGAAAGCTTATATTCTGGTG,0,4183103
yadE_predicted,0.25,3,3,AGAAACCCCTCGAGGCGCGT,0,4215908
yadE_predicted,0.25,3,3,AGAAAAGCGGAGGAATCTCC,0,4170239
yadE_predicted,0.25,3,3,ACTTGGTCGCTTACAAAGGC,0,4166875
yadE_predicted,0.25,3,3,ACTTGGGCTGCTCTAGTCAA,0,4220763
yadE_predicted,0.25,3,3,ACTTGCCTAGGGTGTGTCCT,0,4207593
yadE_predicted,0.25,3,3,ACTTGCAGGATGAGTTGGAC,0,4230615
yadE_predicted,0.25,3,3,ACTTGACGCCCCTCTGTATA,0,4238573
yadE_predicted,0.25,3,3,ACTTACGGCCTTCAACGGTC,0,4236216
yadE_predicted,0.25,3,3,ACTTAAAGCACCATCATGCC,0,4177977
yadE_predicted,0.25,3,3,ACTGTTAAAGGATCATACCT,0,4221303
yadE_predicted,0.25,3,3,ACTGGGCCTTAACCTGACGA,0,4216186
yadE_predicted,0.25,3,3,ACTGCCCGGGCAGGCAGTGG,0,4188626
yadE_predicted,0.25,3,3,ACTGCCCACAGATACTACCG,0,4191015
yadE_predicted,0.25,3,3,ACTGCAGCGGACCAGGATGG,0,4186562
yadE_predicted,0.25,3,3,ACTGCAAGAGCCGCTTTTAA,0,4206268
yadE_predicted,0.25,3,3,ACTGATATCGTTTGATCTTG,0,4200223
yadE_predicted,0.25,3,3,ACTGAGGGCAACCCAGCGCG,0,4169339
yadE_predicted,0.25,3,3,ACTGACAACGGCTCATCCGA,0,4226584
yadE_predicted,0.25,3,3,ACTGAAGTAGCGTTCGCGCC,0,4240755
yadE_predicted,0.25,3,3,ACTCGGTTTCCAGGGACGAC,0,4207815
yadE_predicted,0.25,3,3,ACTCGGCGAAGCGATGCCAT,0,4239948
yadE_predicted,0.25,3,3,ACTCGGATTCGGGGACGCAA,0,4227758
yadE_predicted,0.25,3,3,ACTCGCACTCTGTCCAGGTC,0,4209403
yadE_predicted,0.25,3,3,ACTCCGACTGCACCCCCGAT,0,4183427
yadE_predicted,0.25,3,3,ACTCAAAACATCCCCCTCTG,0,4203648
yadE_predicted,0.25,3,3,ACTATTGTCGCCGTACTATT,0,4164929
yadE_predicted,0.25,3,3,ACTATTGCGCCGTGATGCTC,0,4196128
yadE_predicted,0.25,3,3,ACTATGTAATTCTTCTGACG,0,4216835
yadE_predicted,0.25,3,3,ACTATCTCAGGATAGGCTCG,0,4222322
yadE_predicted,0.25,3,3,ACTATCGGAGGGTTAATCAG,0,4229352
yadE_predicted,0.25,3,3,ACTACGTACAATGGTAAGCC,0,4221845
yadE_predicted,0.25,3,3,ACTACGGGGCAATTCTACCG,0,4229389
yadE_predicted,0.25,3,3,ACTAATATCCCCTGAATTTT,0,4181941
yadE_predicted,0.25,3,3,ACTAAAATTTTAGGACACCA,0,4196225
yadE_predicted,0.25,3,3,ACGTTCCGGTGCGCACGTCG,0,4212728
yadE_predicted,0.25,3,3,ACGTTCAGCTATGCTACTTT,0,4219726
yadE_predicted,0.25,3,3,ACGTGGCTGTTGACCTACGT,0,4171100
yadE_predicted,0.25,3,3,ACGTGCCGGTACGCGTTCCC,0,4171114
yadE_predicted,0.25,3,3,ACGTGACTCCAGGTCAGCGA,0,4232381
yadE_predicted,0.25,3,3,ACGTCGTGGCTTTTTGCGGA,0,4186131
yadE_predicted,0.25,3,3,ACGTCGTCCCTCTGAGATAT,0,4178801
yadE_predicted,0.25,3,3,ACGTAAAAGACTGGGAGGTA,0,4184032
yadE_predicted,0.25,3,3,ACGGTTCACTTCCTATTGTA,0,4218572
yadE_predicted,0.25,3,3,ACGGTATATAAAGCGGCTAT,0,4162662
yadE_predicted,0.25,3,3,ACGGTAAGTAGTGCATATCC,0,4197332
yadE_predicted,0.25,3,3,ACGGGTAATTACGAGAGTAA,0,4203880
yadE_predicted,0.25,3,3,ACGGGGTGAGAAGAATCTTG,0,4207112
yadE_predicted,0.25,3,3,ACGGGGGCTGAATGGACGGG,0,4159971
yadE_predicted,0.25,3,3,ACGGCTTCAGAGGTTAATCA,0,4235841
yadE_predicted,0.25,3,3,ACGGCGGGCACGAAATCCGC,0,4237615
yadE_predicted,0.25,3,3,ACGGCGCAAGATGTAAGCGT,0,4220173
yadE_predicted,0.25,3,3,ACGGCCGTGTGTTAGTTATG,0,4161484
yadE_predicted,0.25,3,3,ACGGAATGCTTATAGGCTAA,0,4160612
yadE_predicted,0.25,3,3,ACGCTACTAGAGCCATCTAG,0,4175987
yadE_predicted,0.25,3,3,ACGCGTGCGCTCACGTAGAG,0,4227305
yadE_predicted,0.25,3,3,ACGCCTTGGGCCATTTATTA,0,4220432
yadE_predicted,0.25,3,3,ACGCATTTAGAACATACGCA,0,4236033
yadE_predicted,0.25,3,3,ACGCATCTTGTGCATCTTCG,0,4164718
yadE_predicted,0.25,3,3,ACGCACGCCGTTATCACTGT,0,4208443
yadE_predicted,0.25,3,3,ACGCACGAAACCCAAGACCT,0,4233400
yadE_predicted,0.25,3,3,ACGATGTGATCCGTATACGA,0,4221742
yadE_predicted,0.25,3,3,ACGATGGGTCGTCCCAATCG,0,4181333
yadE_predicted,0.25,3,3,ACGATCTAAAAGTGCCATGG,0,4185700
yadE_predicted,0.25,3,3,ACGAGTCTTACGCCTCTCGG,0,4218233
yadE_predicted,0.25,3,3,ACGACGCTGCTTTGACTTTA,0,4173158
yadE_predicted,0.25,3,3,ACGACCTCGCTCGCAAAGGT,0,4234887
yadE_predicted,0.25,3,3,ACGAATTGGATTCTCTTGAA,0,4217906
yadE_predicted,0.25,3,3,ACGAACTCCCGCGAGGGAAC,0,4233857
yadE_predicted,0.25,3,3,ACCTTTTAGAGCAACGTAAG,0,4160783
yadE_predicted,0.25,3,3,ACCTGTGACCGAGAGCACGC,0,4203592
yadE_predicted,0.25,3,3,ACCTAGGCAGCGACCGCATG,0,4175354
yadE_predicted,0.25,3,3,ACCGTATGTTGTCTGCCTAT,0,4193191
yadE_predicted,0.25,3,3,ACCGGCGGATACCCGCACCC,0,4166299
yadE_predicted,0.25,3,3,ACCGCTTAAGCTGGGCTGTG,0,4230510
yadE_predicted,0.25,3,3,ACCGCTACCGTGGGCAGGTT,0,4196080
yadE_predicted,0.25,3,3,ACCGCGCCCCGACCGATGAA,0,4196879
yadE_predicted,0.25,3,3,ACCGCAAAGTTTCACGAACC,0,4215667
yadE_predicted,0.25,3,3,ACCGACAGTGACAGGCCCGA,0,4176972
yadE_predicted,0.25,3,3,ACCCGTGCTGTTATGCCGCC,0,4197809
yadE_predicted,0.25,3,3,ACCCGGGGGAAAGGGACAGG,0,4239040
yadE_predicted,0.25,3,3,ACCCGGGAGTGGGTCAACTG,0,4224292
yadE_predicted,0.25,3,3,ACCCGGATTGGGTTTGAGGA,0,4168116
yadE_predicted,0.25,3,3,ACCCGCCCATACACTCTGTA,0,4235335
yadE_predicted,0.25,3,3,ACCCCCGGGGCCTGGATGCC,0,4207035
yadE_predicted,0.25,3,3,ACCCCACCACACATAAGAAT,0,4187684
yadE_predicted,0.25,3,3,ACCCAGTAGCCGCACAGACC,0,4175743
yadE_predicted,0.25,3,3,ACCCACATACCACCAATGTC,0,4191648
yadE_predicted,0.25,3,3,ACCATCCTGCATCGGGCTAC,0,4176934
yadE_predicted,0.25,3,3,ACCATACTGTCTCTAAGCTC,0,4220115
yadE_predicted,0.25,3,3,ACCACTATCACAATTGTAGC,0,4220346
yadE_predicted,0.25,3,3,ACCACCCATAAGAGTCACTC,0,4194677
yadE_predicted,0.25,3,3,ACCACATTCGATAGTGGAGG,0,4222429
yadE_predicted,0.25,3,3,ACCACATAGATGCGAGCCCC,0,4203903
yadE_predicted,0.25,3,3,ACCAAAGTATGGTGGTGGTC,0,4196238
yadE_predicted,0.25,3,3,ACATTCGGGTGCTACAAGGT,0,4236954
yadE_predicted,0.25,3,3,ACATGTTATAAAGGAGTCCT,0,4176967
yadE_predicted,0.25,3,3,ACATGGCCAAACCATGATCC,0,4165570
yadE_predicted,0.25,3,3,ACATGATGAGTAGACTCGGA,0,4194709
yadE_predicted,0.25,3,3,ACATCTGTGTCTTGTTGCCT,0,4214982
yadE_predicted,0.25,3,3,ACATCTGCTGCCTTTCCGGG,0,4204665
yadE_predicted,0.25,3,3,ACATCGTAAGCCTTTATTAC,0,4194717
yadE_predicted,0.25,3,3,ACATCACGCGTGCTTATCGA,0,4174588
yadE_predicted,0.25,3,3,ACATCAATGTTGTAACATTC,0,4219942
yadE_predicted,0.25,3,3,ACATATCAATTCAGAGATTA,0,4202590
yadE_predicted,0.25,3,3,ACATAAGTGGGCCGTTGGGC,0,4189778
yadE_predicted,0.25,3,3,ACAGTCCCGGTCGTAACCTT,0,4204304
yadE_predicted,0.25,3,3,ACAGGTAAAGTGCTGCAACC,0,4162953
yadE_predicted,0.25,3,3,ACAGGCCGGTTTGACGAGGA,0,4196606
yadE_predicted,0.25,3,3,ACAGCAGAACAAAGGCGGCT,0,4214202
yadE_predicted,0.25,3,3,ACAGATCGACCCTAGGCGGC,0,4210407
yadE_predicted,0.25,3,3,ACAGAGCTACTGTTTTCCAG,0,4207621
yadE_predicted,0.25,3,3,ACAGACCCACGCGTACCCTC,0,4236298
yadE_predicted,0.25,3,3,ACACTGTCACCTCTGAAGGG,0,4227228
yadE_predicted,0.25,3,3,ACACGGTTTCCCGAATCTCT,0,4233932
yadE_predicted,0.25,3,3,ACACGCTTTCTAGGCGTGTT,0,4169143
yadE_predicted,0.25,3,3,ACACCTGAGGACCGGACGCA,0,4226304
yadE_predicted,0.25,3,3,ACACATTGGCACCAAGGCTC,0,4187807
yadE_predicted,0.25,3,3,ACACAGGAACCCATTAGACG,0,4170468
yadE_predicted,0.25,3,3,ACACACTTGCCTGAGTAGGA,0,4186543
yadE_predicted,0.25,3,3,ACACAAGGTGGCTGAAGTTT,0,4167992
yadE_predicted,0.25,3,3,ACAATTGATAGTAGAACGGT,0,4170365
yadE_predicted,0.25,3,3,ACAATTAAGTCTTTTACAGT,0,4235380
yadE_predicted,0.25,3,3,ACAAGTCTTCCTTCCTTAGA,0,4205421
yadE_predicted,0.25,3,3,ACAAGCTTTGACTAGGTAGT,0,4163850
yadE_predicted,0.25,3,3,ACAAGCATGAAGCCCGTGTC,0,4198229
yadE_predicted,0.25,3,3,ACAACCAACAAAGCCTTCCT,0,4199033
yadE_predicted,0.25,3,3,AATTTGGTGCAATTTTAGGC,0,4210526
yadE_predicted,0.25,3,3,AATTTCGAGCTCAGAACACC,0,4198850
yadE_predicted,0.25,3,3,AATTTACCGGGGAACAAACC,0,4195521
yadE_predicted,0.25,3,3,AATTGTAACGTTCATATTTA,0,4238137
yadE_predicted,0.25,3,3,AATTGGTGGATGGCTAATAT,0,4237079
yadE_predicted,0.25,3,3,AATTGCTATTCCGCGGCATC,0,4240267
yadE_predicted,0.25,3,3,AATTGAGATCCGGTGATCCT,0,4212064
yadE_predicted,0.25,3,3,AATTCTAAGCTTAACCTTGT,0,4231699
yadE_predicted,0.25,3,3,AATTCGAATACTTCCACGAC,0,4162601
yadE_predicted,0.25,3,3,AATTCATTGTAGTTACGCGT,0,4228407
yadE_predicted,0.25,3,3,AATTCAAGGCTAAACCGGGA,0,4177156
yadE_predicted,0.25,3,3,AATTATTCCGGACGTGGGCA,0,4239070
yadE_predicted,0.25,3,3,AATTAGGGCAGGAGACAGCT,0,4192901
yadE_predicted,0.25,3,3,AATGTAGGCCCAATAGTATG,0,4174906
yadE_predicted,0.25,3,3,AATGGATGCTCAACTAGAGA,0,4164984
yadE_predicted,0.25,3,3,AATGGACGCGCTCGGTAAGG,0,4192143
yadE_predicted,0.25,3,3,AATGCTTTGTTTGTAGTTGA,0,4218526
yadE_predicted,0.25,3,3,AATGCGCACGGCTTCGCTGG,0,4239981
yadE_predicted,0.25,3,3,AATGCAGCTTCCTCGCATAA,0,4195374
yadE_predicted,0.25,3,3,AATGAGGAGAGGAGCAGTTG,0,4159798
yadE_predicted,0.25,3,3,AATCTAGGCTTGGCAACGTT,0,4186626
yadE_predicted,0.25,3,3,AATCTACCCGAGTCTGTCCT,0,4224165
yadE_predicted,0.25,3,3,AATCGATACCTCTTTTATAA,0,4219198
yadE_predicted,0.25,3,3,AATCGAATTAGCGGAATAGC,0,4239867
yadE_predicted,0.25,3,3,AATCCGATCAGCAGATGCGC,0,4167840
yadE_predicted,0.25,3,3,AATCACGTTCCCGAACACTG,0,4161081
yadE_predicted,0.25,3,3,AATCACGTTACGTACTGGCA,0,4159920
yadE_predicted,0.25,3,3,AATCACGAAGTGTTGGCGCT,0,4174337
yadE_predicted,0.25,3,3,AATATGATAGGCTATGACAA,0,4192501
yadE_predicted,0.25,3,3,AATATCAGGTCCCTTCCGTG,0,4219476
yadE_predicted,0.25,3,3,AATAGTGTTGCTTAGACACC,0,4174409
yadE_predicted,0.25,3,3,AATACTCGGGATAGTGCCCC,0,4237530
yadE_predicted,0.25,3,3,AATACAGCCATTAAGGACGC,0,4193254
yadE_predicted,0.25,3,3,AATACACTTCACCTAAACCT,0,4178149
yadE_predicted,0.25,3,3,AATAAGGTGTGGATGTCGCC,0,4232419
yadE_predicted,0.25,3,3,AATAAGGCATCGGAAATCTT,0,4211830
yadE_predicted,0.25,3,3,AAGTTGAGTACCCAGGTGTA,0,4227785
yadE_predicted,0.25,3,3,AAGTTAGTAGAGGGAGGATG,0,4217836
yadE_predicted,0.25,3,3,AAGTGTCCACTTGGTACGCA,0,4237861
yadE_predicted,0.25,3,3,AAGTGCCCACGTCCCTTTTC,0,4206734
yadE_predicted,0.25,3,3,AAGTGACAATGAGGGGATTA,0,4238581
yadE_predicted,0.25,3,3,AAGTCGAGACACTTCTCAAC,0,4208017
yadE_predicted,0.25,3,3,AAGTAGCGCCCCGTATTAGG,0,4217576
yadE_predicted,0.25,3,3,AAGTACTCAAGATCGCATAC,0,4160460
yadE_predicted,0.25,3,3,AAGGTCTCACGATCTTTGGG,0,4231244
yadE_predicted,0.25,3,3,AAGGTCGATACCGCATACTG,0,4186148
yadE_predicted,0.25,3,3,AAGGTACTTAGGCCTATAGT,0,4225098
yadE_predicted,0.25,3,3,AAGGGTCTCGGGGGCATTCA,0,4227174
yadE_predicted,0.25,3,3,AAGGGCTGTTCACCTATCAT,0,4206524
yadE_predicted,0.25,3,3,AAGGGCCGAGGTGGCGTAAA,0,4194012
yadE_predicted,0.25,3,3,AAGGAGATTACTCATGGAGC,0,4211415
yadE_predicted,0.25,3,3,AAGGAATTCCGGACGTATTT,0,4215479
yadE_predicted,0.25,3,3,AAGGAACAAACTCGGGGATA,0,4171048
yadE_predicted,0.25,3,3,AAGCTGTTGGCCATCACGGC,0,4239861
yadE_predicted,0.25,3,3,AAGCGTTTGGACGGCGAGTC,0,4197395
yadE_predicted,0.25,3,3,AAGCGTTAACGATGATGTCT,0,4232877
yadE_predicted,0.25,3,3,AAGCGTGGCCCACCGCCCGA,0,4179456
yadE_predicted,0.25,3,3,AAGCGTCGATATGCGCCCTA,0,4182067
yadE_predicted,0.25,3,3,AAGCAGTTTCTGCAATAATA,0,4221259
yadE_predicted,0.25,3,3,AAGATTGATTTTGCAACCAG,0,4169450
yadE_predicted,0.25,3,3,AAGATACACTCGGAAGACTT,0,4239440
yadE_predicted,0.25,3,3,AAGAGATCCACCTTCGTACT,0,4200126
yadE_predicted,0.25,3,3,AAGAGATAGGCCCCGATAGT,0,4165035
yadE_predicted,0.25,3,3,AAGACAGGGGGAGCAAGTAT,0,4223866
yadE_predicted,0.25,3,3,AAGAAGCTGGCTCGAAATTG,0,4168588
yadE_predicted,0.25,3,3,AAGAACATCAGTCGTTAGTG,0,4169743
yadE_predicted,0.25,3,3,AAGAAACGCCTGCCACATTT,0,4218369
yadE_predicted,0.25,3,3,AACTTCCTCTGTCCAGATAC,0,4186416
yadE_predicted,0.25,3,3,AACTGGCCAATGCAATGCCG,0,4213488
yadE_predicted,0.25,3,3,AACTGCTGGTGCAAACACTC,0,4207349
yadE_predicted,0.25,3,3,AACGTTGCCTGCGGTCTCCC,0,4215297
yadE_predicted,0.25,3,3,AACGGTTCTCAGCTCCATCC,0,4166336
yadE_predicted,0.25,3,3,AACGGTTCATGGTCGGATTC,0,4196119
yadE_predicted,0.25,3,3,AACGGCTATGTAGATAGTTC,0,4205163
yadE_predicted,0.25,3,3,AACGCTGAAGTTACGTCTAA,0,4235227
yadE_predicted,0.25,3,3,AACGCTAGTAAACTGGCGCG,0,4187659
yadE_predicted,0.25,3,3,AACGCAAGTTCCCTCATAGC,0,4175477
yadE_predicted,0.25,3,3,AACGAGTGCGCCCCAAGCGA,0,4211326
yadE_predicted,0.25,3,3,AACGAGAGATGTTGTAAAGA,0,4210175
yadE_predicted,0.25,3,3,AACCTGTCCCGCTAGAATGT,0,4201539
yadE_predicted,0.25,3,3,AACCTCGCTTCACAAACGGG,0,4224723
yadE_predicted,0.25,3,3,AACCGCGTTGAGGACTTAGC,0,4223366
yadE_predicted,0.25,3,3,AACCGCGCTGCGTTAGGAGC,0,4227064
yadE_predicted,0.25,3,3,AACCATCGGAGTGGGGGAAT,0,4224736
yadE_predicted,0.25,3,3,AACCACCGTTCTCCAGTCAG,0,4222943
yadE_predicted,0.25,3,3,AACATCTTTAAGTCTGGCAG,0,4164325
yadE_predicted,0.25,3,3,AACAGGCTCAAGCGCGATCA,0,4238944
yadE_predicted,0.25,3,3,AACAGCGTTTTAACTAAGCA,0,4166866
yadE_predicted,0.25,3,3,AACAAATTCCTGGCTCTCAG,0,4220731
yadE_predicted,0.25,3,3,AAATTTAATGAGGGGGAAAT,0,4168439
yadE_predicted,0.25,3,3,AAATTGCATGATGCGTTCAA,0,4211550
yadE_predicted,0.25,3,3,AAATTCGAGAAAAGTGGATG,0,4235711
yadE_predicted,0.25,3,3,AAATGGGAGTACTGCCGAAA,0,4208613
yadE_predicted,0.25,3,3,AAATCGTGTGCCTCTTTGGC,0,4193959
yadE_predicted,0.25,3,3,AAATAGCGCATAACGAAGAG,0,4237091
yadE_predicted,0.25,3,3,AAATAAACCCACAGCCGCAT,0,4186633
yadE_predicted,0.25,3,3,AAAGTGTTTCATGAAGGTAC,0,4228192
yadE_predicted,0.25,3,3,AAAGTGGTATTCAAGGGAAC,0,4210568
yadE_predicted,0.25,3,3,AAAGGTTCTATCATGCCTTG,0,4236571
yadE_predicted,0.25,3,3,AAAGGGTATAGCACGAGCAG,0,4185565
yadE_predicted,0.25,3,3,AAAGGCTACAAACTGTACAT,0,4184975
yadE_predicted,0.25,3,3,AAAGCTGCTAATTGTAGCAA,0,4188368
yadE_predicted,0.25,3,3,AAAGCCTTTGGAAGACCACA,0,4201654
yadE_predicted,0.25,3,3,AAAGCCCCCGAAAGCGTACC,0,4177770
yadE_predicted,0.25,3,3,AAAGCCACCCTTGAGACACA,0,4233188
yadE_predicted,0.25,3,3,AAAGCATAGGGTCCTGGGTT,0,4218093
yadE_predicted,0.25,3,3,AAAGAACAATACGGGCTGCG,0,4176559
yadE_predicted,0.25,3,3,AAACTTGGAGTCGTAAGCCT,0,4185776
yadE_predicted,0.25,3,3,AAACTATTGCTGAAGAGTAT,0,4185826
yadE_predicted,0.25,3,3,AAACGCAGATGAAGACTGGG,0,4230860
yadE_predicted,0.25,3,3,AAACCTTTTCGACCTCATTC,0,4215293
yadE_predicted,0.25,3,3,AAACATTTTTTGCAGCGCTA,0,4228895
yadE_predicted,0.25,3,3,AAACAGGACGGGTTCTCGGC,0,4194796
yadE_predicted,0.25,3,3,AAACAAGAAGGCCCTCATGA,0,4186637
yadE_predicted,0.25,3,3,AAAATCCCGGGCGAGTGCTG,0,4178505
yadE_predicted,0.25,3,3,AAAATCCACTTACCTGTATT,0,4159773
yadE_predicted,0.25,3,3,AAAAGGCGTATGCTCGTTTA,0,4219582
yadE_predicted,0.25,3,3,AAAAGCTCCGGTACGCCTTT,0,4198400
yadE_predicted,0.25,3,3,AAAAGCGATGGGTAACTGCG,0,4186631
yadE_predicted,0.25,3,3,AAAACTCGTTTTACCAGTCA,0,4222000
yadE_predicted,0.25,3,3,AAAACGGACCTAGGCTAGCG,0,4200048
yadE_predicted,0.25,3,3,AAAACCGCCCATCATCGGGT,0,4172112
yadE_predicted,0.25,3,3,AAAACCAAACATTTATGTGT,0,4184917
yadE_predicted,0.25,3,3,AAAAAGGTAATTGAATAACG,0,4227350
yadE_predicted,0.25,3,3,AAAAAGGAATGCTGTTGGCT,0,4237160
yadE_predicted,0.3333333333333333,2,2,TTTTTTGGTCTTCGCAGATC,0,4210259
yadE_predicted,0.3333333333333333,2,2,TTTTTGGTTTCTTTTTGAGT,0,4160893
yadE_predicted,0.3333333333333333,2,2,TTTTTGGATAGTTTCATTGT,0,4174900
yadE_predicted,0.3333333333333333,2,2,TTTTTCCTGCGCACGTAGCG,0,4219270
yadE_predicted,0.3333333333333333,2,2,TTTTTATTACCCTCCGGTTA,0,4227971
yadE_predicted,0.3333333333333333,2,2,TTTTGTTTACTACTGAGACA,0,4205094
yadE_predicted,0.3333333333333333,2,2,TTTTGTACACGTGGGCCGCA,0,4202893
yadE_predicted,0.3333333333333333,2,2,TTTTGGTCTATGATCCGATA,0,4167352
yadE_predicted,0.3333333333333333,2,2,TTTTGAGTGGCGTTCCACGT,0,4183384
yadE_predicted,0.3333333333333333,2,2,TTTTCGCCGTTTTGAGTGCA,0,4217518
yadE_predicted,0.3333333333333333,2,2,TTTTCCCCGGGGGTTCTTGA,0,4172963
yadE_predicted,0.3333333333333333,2,2,TTTTCAGGTCTCGTTTGTCA,0,4194411
yadE_predicted,0.3333333333333333,2,2,TTTTAGTGGGGTCCTATTGA,0,4223449
yadE_predicted,0.3333333333333333,2,2,TTTTAGCAAGCTCCCTGGCG,0,4200829
yadE_predicted,0.3333333333333333,2,2,TTTTACGGCGCCAAGAACGG,0,4239047
yadE_predicted,0.3333333333333333,2,2,TTTGGTGCTGCGGAGGCGCA,0,4196824
yadE_predicted,0.3333333333333333,2,2,TTTGGCCCTATCGGTGTGAT,0,4228163
yadE_predicted,0.3333333333333333,2,2,TTTGGAGGCTGGTTGTTTAC,0,4224058
yadE_predicted,0.3333333333333333,2,2,TTTGGAGCTACATACACACT,0,4177419
yadE_predicted,0.3333333333333333,2,2,TTTGCAGACTCGCCCTTCAG,0,4205549
yadE_predicted,0.3333333333333333,2,2,TTTGACTGCAGGCGTGGTCA,0,4239077
yadE_predicted,0.3333333333333333,2,2,TTTCTCCACCACTGGTCCGT,0,4204716
yadE_predicted,0.3333333333333333,2,2,TTTCGCCAGCCCCGATTTAT,0,4196866
yadE_predicted,0.3333333333333333,2,2,TTTCCGGGAGAGACGCATTG,0,4201908
yadE_predicted,0.3333333333333333,2,2,TTTCCCGTGTTCTGTGGACG,0,4166499
yadE_predicted,0.3333333333333333,2,2,TTTCCCCGTAAGTGAGCTAT,0,4186358
yadE_predicted,0.3333333333333333,2,2,TTTCCATTACCGGTAAGAAC,0,4198928
yadE_predicted,0.3333333333333333,2,2,TTTCCAATATCCGATTTTCA,0,4217322
yadE_predicted,0.3333333333333333,2,2,TTTCATGCGGGTTTTGAAAG,0,4235069
yadE_predicted,0.3333333333333333,2,2,TTTCAGCGTTGAACCTAGAC,0,4204744
yadE_predicted,0.3333333333333333,2,2,TTTCAAATGGCTTATAGGGA,0,4204279
yadE_predicted,0.3333333333333333,2,2,TTTCAAAAAAGCCCCTTTCT,0,4240049
yadE_predicted,0.3333333333333333,2,2,TTTATCGCGAGGCTCTTTAA,0,4163147
yadE_predicted,0.3333333333333333,2,2,TTTATAGCGGGGAGCAGGTA,0,4235642
yadE_predicted,0.3333333333333333,2,2,TTTATACGTGCTCACTAGCC,0,4206672
yadE_predicted,0.3333333333333333,2,2,TTTAGGTCTTGTCTGGCGAT,0,4194935
yadE_predicted,0.3333333333333333,2,2,TTTAGATTGCCCCTATTGTC,0,4167362
yadE_predicted,0.3333333333333333,2,2,TTTAGACAAACCAGTTCGCG,0,4238661
yadE_predicted,0.3333333333333333,2,2,TTTACTCAGAGGGTGACGCA,0,4228547
yadE_predicted,0.3333333333333333,2,2,TTTACTATGAGAATTCGTGT,0,4223988
yadE_predicted,0.3333333333333333,2,2,TTTACAAGTTTGGTTTCCGC,0,4225857
yadE_predicted,0.3333333333333333,2,2,TTTAAGCTGCAAGGATGTTT,0,4217203
yadE_predicted,0.3333333333333333,2,2,TTTAACTTACGAGCGGAGGA,0,4186364
yadE_predicted,0.3333333333333333,2,2,TTTAACCAATCCTCAGTCGT,0,4217807
yadE_predicted,0.3333333333333333,2,2,TTTAAACGGGGATTAAACCA,0,4217490
yadE_predicted,0.3333333333333333,2,2,TTGTTGACGGTGTTGGCTTT,0,4181794
yadE_predicted,0.3333333333333333,2,2,TTGTTCAACAAGCCACTCCA,0,4165430
yadE_predicted,0.3333333333333333,2,2,TTGTTAATTCCAATATGGCA,0,4224448
yadE_predicted,0.3333333333333333,2,2,TTGTCTCCTCTGACAATTGG,0,4225510
yadE_predicted,0.3333333333333333,2,2,TTGTCGTCGGGTTACGTATC,0,4188475
yadE_predicted,0.3333333333333333,2,2,TTGTCGTAACTTAGTCTTCC,0,4178518
yadE_predicted,0.3333333333333333,2,2,TTGTCCAACGACTTTTCGGG,0,4226913
yadE_predicted,0.3333333333333333,2,2,TTGTACCTACAAGACCTCGT,0,4192864
yadE_predicted,0.3333333333333333,2,2,TTGGTTATGACTATTCTTGT,0,4169329
yadE_predicted,0.3333333333333333,2,2,TTGGTAGTGAACTGATTACA,0,4233852
yadE_predicted,0.3333333333333333,2,2,TTGGGCGTTGACCGCAGAGT,0,4237343
yadE_predicted,0.3333333333333333,2,2,TTGGGCCTGCTACTGACGTT,0,4163244
yadE_predicted,0.3333333333333333,2,2,TTGGGCACGGATCGATCATA,0,4186034
yadE_predicted,0.3333333333333333,2,2,TTGGGCACCGACTGTGGAGG,0,4221074
yadE_predicted,0.3333333333333333,2,2,TTGGGATTGGGTATCCTACA,0,4182321
yadE_predicted,0.3333333333333333,2,2,TTGGCCGTGTATAGGTTGTC,0,4207663
yadE_predicted,0.3333333333333333,2,2,TTGGCACATGGTACCAGGAG,0,4235925
yadE_predicted,0.3333333333333333,2,2,TTGGAGTAATCGGACGAAGA,0,4166042
yadE_predicted,0.3333333333333333,2,2,TTGGAGGCCTCGCGAGCTTA,0,4206808
yadE_predicted,0.3333333333333333,2,2,TTGGAAAGATGGCCAACGAG,0,4235935
yadE_predicted,0.3333333333333333,2,2,TTGCTCCCCGTCCGGTTACG,0,4210405
yadE_predicted,0.3333333333333333,2,2,TTGCTAGCTGGGGCCGGAAA,0,4237753
yadE_predicted,0.3333333333333333,2,2,TTGCGGAAACATCAACTCCT,0,4186418
yadE_predicted,0.3333333333333333,2,2,TTGCGCGCTAGTATTAACAG,0,4233688
yadE_predicted,0.3333333333333333,2,2,TTGCCTTTGGGTGGTGGGTT,0,4236317
yadE_predicted,0.3333333333333333,2,2,TTGCCGAGGACGAGCTACTA,0,4166410
yadE_predicted,0.3333333333333333,2,2,TTGCATCAGATGGAAGTAGG,0,4213564
yadE_predicted,0.3333333333333333,2,2,TTGCAGGGGACTCAAGTTAG,0,4168554
yadE_predicted,0.3333333333333333,2,2,TTGCAGGATACATCGTAGTG,0,4175419
yadE_predicted,0.3333333333333333,2,2,TTGATGAAGTGGTGTCACGG,0,4218545
yadE_predicted,0.3333333333333333,2,2,TTGAGTGCAGAATGTCTAAG,0,4232575
yadE_predicted,0.3333333333333333,2,2,TTGAGCTTTACAGGCGCTCT,0,4214356
yadE_predicted,0.3333333333333333,2,2,TTGAGCCAAAACTAAAATAT,0,4223029
yadE_predicted,0.3333333333333333,2,2,TTGACTGTCCTCGTAGCAGA,0,4230475
yadE_predicted,0.3333333333333333,2,2,TTCTTTGTTCTGATGATTGC,0,4179266
yadE_predicted,0.3333333333333333,2,2,TTCTTTGAATGGGTAATGTA,0,4167035
yadE_predicted,0.3333333333333333,2,2,TTCTGGTCGTGCACCATGTA,0,4167069
yadE_predicted,0.3333333333333333,2,2,TTCTGGGGCTCCACTGGCGG,0,4196228
yadE_predicted,0.3333333333333333,2,2,TTCTCTGCGGTACTGCACCA,0,4164970
yadE_predicted,0.3333333333333333,2,2,TTCTAGCTGGTCCTAAGATT,0,4236737
yadE_predicted,0.3333333333333333,2,2,TTCGTGAAGTGACAAGTGCA,0,4179903
yadE_predicted,0.3333333333333333,2,2,TTCGTAGTTGTAACTACTAA,0,4239956
yadE_predicted,0.3333333333333333,2,2,TTCGTACTCTAAGGGAAAAC,0,4165781
yadE_predicted,0.3333333333333333,2,2,TTCGGCGAATACTTAAGGCC,0,4217981
yadE_predicted,0.3333333333333333,2,2,TTCGGAGCTTGGACATGCTA,0,4204966
yadE_predicted,0.3333333333333333,2,2,TTCGGACGAAGCGTAAGCCT,0,4228978
yadE_predicted,0.3333333333333333,2,2,TTCGCGGACTTGACAGCGAG,0,4181040
yadE_predicted,0.3333333333333333,2,2,TTCGATTGCATCAGGCTGTC,0,4221893
yadE_predicted,0.3333333333333333,2,2,TTCGAGCGGTGGCTCTTCGC,0,4224755
yadE_predicted,0.3333333333333333,2,2,TTCGACTGGGAGTTGGATAT,0,4213926
yadE_predicted,0.3333333333333333,2,2,TTCCTAAGTCCGGCGTGAAG,0,4210309
yadE_predicted,0.3333333333333333,2,2,TTCCTAAACGCGTATCCCTT,0,4202490
yadE_predicted,0.3333333333333333,2,2,TTCCGAACGCTTCATGAAAG,0,4212789
yadE_predicted,0.3333333333333333,2,2,TTCCCGGTAAGGTTGCAGAG,0,4216968
yadE_predicted,0.3333333333333333,2,2,TTCCCGAGCTACTGTCCTGG,0,4171196
yadE_predicted,0.3333333333333333,2,2,TTCCCGAATTCTTGCACGAC,0,4232579
yadE_predicted,0.3333333333333333,2,2,TTCCCATGAATAAGTCGGAT,0,4230700
yadE_predicted,0.3333333333333333,2,2,TTCCATCAAAGCCACTTACC,0,4184818
yadE_predicted,0.3333333333333333,2,2,TTCCATAGCTGCTGCCACGC,0,4198085
yadE_predicted,0.3333333333333333,2,2,TTCCAGCGTTTGTCGCCCCT,0,4175666
yadE_predicted,0.3333333333333333,2,2,TTCCACAAGCAAGCTCTACA,0,4186610
yadE_predicted,0.3333333333333333,2,2,TTCATAGAACACGGGCGATT,0,4179365
yadE_predicted,0.3333333333333333,2,2,TTCAGGGGCTAGGCGTCGGA,0,4225889
yadE_predicted,0.3333333333333333,2,2,TTCAGCTGGATCGGCACCAA,0,4225727
yadE_predicted,0.3333333333333333,2,2,TTCACTGGTACCCCTCCGTT,0,4217800
yadE_predicted,0.3333333333333333,2,2,TTCACTACAAGCCGCCCGGT,0,4191686
yadE_predicted,0.3333333333333333,2,2,TTCACGTAAAGATCGCCTAC,0,4206198
yadE_predicted,0.3333333333333333,2,2,TTCAAGGGAGCAATCTGCAA,0,4228203
yadE_predicted,0.3333333333333333,2,2,TTCAAGAACTATTCGGTGTA,0,4172521
yadE_predicted,0.3333333333333333,2,2,TTATTTCGAAAGACCCTAGT,0,4192596
yadE_predicted,0.3333333333333333,2,2,TTATTTAGCGGACCTTCTCA,0,4193713
yadE_predicted,0.3333333333333333,2,2,TTATTGGACACATATGGCCC,0,4235059
yadE_predicted,0.3333333333333333,2,2,TTATTAAGGTATCCAGGTTG,0,4161917
yadE_predicted,0.3333333333333333,2,2,TTATGCTTGGAACTATTGGG,0,4214810
yadE_predicted,0.3333333333333333,2,2,TTATGCGAGTAACGTCTCGG,0,4224855
yadE_predicted,0.3333333333333333,2,2,TTATGCAAATCACGACCAAG,0,4188334
yadE_predicted,0.3333333333333333,2,2,TTATCGTTGGTGAAGACACA,0,4211676
yadE_predicted,0.3333333333333333,2,2,TTATAAGATTACCCAAGATC,0,4166794
yadE_predicted,0.3333333333333333,2,2,TTATAACAAAATTCCCTCCC,0,4233978
yadE_predicted,0.3333333333333333,2,2,TTATAAAGCGATTTAAACGT,0,4170159
yadE_predicted,0.3333333333333333,2,2,TTAGTGGTTACGGTTACTTT,0,4193918
yadE_predicted,0.3333333333333333,2,2,TTAGTACTCTGATTCAGTTG,0,4227276
yadE_predicted,0.3333333333333333,2,2,TTAGGTGTCTCGGTTTGATA,0,4165189
yadE_predicted,0.3333333333333333,2,2,TTAGGTGACGTTAAAAAAGC,0,4180697
yadE_predicted,0.3333333333333333,2,2,TTAGGGTCTGTTTGCAATCG,0,4184241
yadE_predicted,0.3333333333333333,2,2,TTAGGGTCATAGACGCACTC,0,4224208
yadE_predicted,0.3333333333333333,2,2,TTAGGCTCACGCTTGAATGG,0,4201451
yadE_predicted,0.3333333333333333,2,2,TTAGCTCTCGTGGAACCAAC,0,4208424
yadE_predicted,0.3333333333333333,2,2,TTAGCAATACAAAGACCGTC,0,4174068
yadE_predicted,0.3333333333333333,2,2,TTAGAGCAATGCGCGTTTCC,0,4231232
yadE_predicted,0.3333333333333333,2,2,TTAGAGCAAGGCGGGCCGCT,0,4233248
yadE_predicted,0.3333333333333333,2,2,TTAGACGGGGGCCTTTTAGT,0,4171107
yadE_predicted,0.3333333333333333,2,2,TTAGACCCCAGCGAACAGAT,0,4164810
yadE_predicted,0.3333333333333333,2,2,TTAGACACTGCCCACTGGAT,0,4238701
yadE_predicted,0.3333333333333333,2,2,TTAGAATTACGACGCTTTCT,0,4240352
yadE_predicted,0.3333333333333333,2,2,TTACGCGTAATCTTACCCGG,0,4191220
yadE_predicted,0.3333333333333333,2,2,TTACGCGGCCATAGAGCCGG,0,4231532
yadE_predicted,0.3333333333333333,2,2,TTACCATAGACCCGTTTCCA,0,4184389
yadE_predicted,0.3333333333333333,2,2,TTACCAGGTACTAGGACGAG,0,4220056
yadE_predicted,0.3333333333333333,2,2,TTAATTTTGATAGCAAAGGG,0,4204549
yadE_predicted,0.3333333333333333,2,2,TTAATACATCGAACTGTACT,0,4180290
yadE_predicted,0.3333333333333333,2,2,TTAAGGTGCCGGGCGCAGAC,0,4186194
yadE_predicted,0.3333333333333333,2,2,TTAAGGTCATACGAGCTTTA,0,4235648
yadE_predicted,0.3333333333333333,2,2,TTAAGCGTGCGCCGATCATC,0,4224260
yadE_predicted,0.3333333333333333,2,2,TTAACTTTAAAGATAGAAGC,0,4173235
yadE_predicted,0.3333333333333333,2,2,TTAACTTCCTTTTGTATGTA,0,4205126
yadE_predicted,0.3333333333333333,2,2,TTAACTCACGACCGGACCCA,0,4206639
yadE_predicted,0.3333333333333333,2,2,TTAACGCCATAATACTTTTC,0,4180898
yadE_predicted,0.3333333333333333,2,2,TTAACCTCCAAGTACCCCTA,0,4187051
yadE_predicted,0.3333333333333333,2,2,TTAACCCTCGATTGGAGGCC,0,4209120
yadE_predicted,0.3333333333333333,2,2,TTAACCATTTGTCCGGCCTA,0,4215375
yadE_predicted,0.3333333333333333,2,2,TTAAATGACCATGTGTTTGT,0,4215054
yadE_predicted,0.3333333333333333,2,2,TTAAACGAGATGGAACCACT,0,4199976
yadE_predicted,0.3333333333333333,2,2,TGTTGCCCACATCCTGTTAG,0,4202108
yadE_predicted,0.3333333333333333,2,2,TGTTGCAGCCGGGTAATCGA,0,4183628
yadE_predicted,0.3333333333333333,2,2,TGTTGAGGAACAACCACGAT,0,4196783
yadE_predicted,0.3333333333333333,2,2,TGTTCGGCCGGTCAGCTGAA,0,4202037
yadE_predicted,0.3333333333333333,2,2,TGTTCGCATTCGGCGTTCCC,0,4232557
yadE_predicted,0.3333333333333333,2,2,TGTTCGAAACAAAGCTACTG,0,4220851
yadE_predicted,0.3333333333333333,2,2,TGTTCAATTGGTGAAGTAGC,0,4180564
yadE_predicted,0.3333333333333333,2,2,TGTTATATCGCGCGGCATAG,0,4192738
yadE_predicted,0.3333333333333333,2,2,TGTGTTAGTAAGTAGAGTGA,0,4191423
yadE_predicted,0.3333333333333333,2,2,TGTGTCGCCTTTGGCGTGCG,0,4218212
yadE_predicted,0.3333333333333333,2,2,TGTGTAATGTACCTGCATGC,0,4213647
yadE_predicted,0.3333333333333333,2,2,TGTGGGAATGCTTCCCCAAC,0,4188018
yadE_predicted,0.3333333333333333,2,2,TGTGGACTAGGAGGGAGTAT,0,4238506
yadE_predicted,0.3333333333333333,2,2,TGTGGACCCGTATTGCCTTT,0,4236276
yadE_predicted,0.3333333333333333,2,2,TGTGGAATAATAGGACAGTG,0,4231142
yadE_predicted,0.3333333333333333,2,2,TGTGGAAGATAATCCGCTTG,0,4219073
yadE_predicted,0.3333333333333333,2,2,TGTGCTGCAGTGCATTGACG,0,4234087
yadE_predicted,0.3333333333333333,2,2,TGTGCGGCCATAGACCGGTA,0,4167217
yadE_predicted,0.3333333333333333,2,2,TGTGCCTTACCGTTGCTATC,0,4227314
yadE_predicted,0.3333333333333333,2,2,TGTGCAACGAGCCATATCGT,0,4211416
yadE_predicted,0.3333333333333333,2,2,TGTGATTGCCGGCAAAAATT,0,4205412
yadE_predicted,0.3333333333333333,2,2,TGTGATATGGTCTTGTGTGT,0,4185583
yadE_predicted,0.3333333333333333,2,2,TGTGATACACGCGGCTGTAG,0,4235315
yadE_predicted,0.3333333333333333,2,2,TGTGACGAGCAGCAATAGTT,0,4228677
yadE_predicted,0.3333333333333333,2,2,TGTCTTTACGAAGTCACTGA,0,4181987
yadE_predicted,0.3333333333333333,2,2,TGTCTTGTAAATGTAGTGGG,0,4218584
yadE_predicted,0.3333333333333333,2,2,TGTCTTAGTCGGCTGGACGC,0,4228763
yadE_predicted,0.3333333333333333,2,2,TGTCTGGCCTGCTCCATACT,0,4175296
yadE_predicted,0.3333333333333333,2,2,TGTCTCCTGGTCAGCGCCCA,0,4184560
yadE_predicted,0.3333333333333333,2,2,TGTCGTATCCTCCTACCTCG,0,4188867
yadE_predicted,0.3333333333333333,2,2,TGTCCTAGGATTATTTCCTC,0,4192985
yadE_predicted,0.3333333333333333,2,2,TGTCCGCGCAGTTGCCAGTT,0,4209141
yadE_predicted,0.3333333333333333,2,2,TGTCAGCAATAACTGTCGTC,0,4214619
yadE_predicted,0.3333333333333333,2,2,TGTATGCAAGTATTTTTGGG,0,4240887
yadE_predicted,0.3333333333333333,2,2,TGTAGATCAACGGCCTCGCC,0,4175363
yadE_predicted,0.3333333333333333,2,2,TGTACGGCACTCCCAATGAT,0,4225752
yadE_predicted,0.3333333333333333,2,2,TGTACCCTGTCGCAAGGGCG,0,4189720
yadE_predicted,0.3333333333333333,2,2,TGTACAAAGCGGGATTGTCC,0,4234441
yadE_predicted,0.3333333333333333,2,2,TGTAATGTATTGCAGGGATA,0,4198465
yadE_predicted,0.3333333333333333,2,2,TGTAAGAGTATGATAATTGA,0,4198171
yadE_predicted,0.3333333333333333,2,2,TGTAACTGGCAAATCGGGAT,0,4217808
yadE_predicted,0.3333333333333333,2,2,TGTAACTCCCTCCGGTTTAA,0,4236066
yadE_predicted,0.3333333333333333,2,2,TGGTTGCGCTGACTACGCTC,0,4186040
yadE_predicted,0.3333333333333333,2,2,TGGTTCTCCTAATTATCTGT,0,4195310
yadE_predicted,0.3333333333333333,2,2,TGGTGTAACCTCTTTGCATC,0,4218762
yadE_predicted,0.3333333333333333,2,2,TGGTGCGGTAGCCGCCATGG,0,4212790
yadE_predicted,0.3333333333333333,2,2,TGGTGCCGGGAGTATTATAG,0,4216584
yadE_predicted,0.3333333333333333,2,2,TGGTGCCCGGCACGCTCAGT,0,4177270
yadE_predicted,0.3333333333333333,2,2,TGGTGATTGTCTGTGGGCCA,0,4209387
yadE_predicted,0.3333333333333333,2,2,TGGTCTATCGAGGTGTCGTC,0,4192645
yadE_predicted,0.3333333333333333,2,2,TGGTCGCAGTTACGTGGCCT,0,4223337
yadE_predicted,0.3333333333333333,2,2,TGGTCAACACCGTACGTTCT,0,4165575
yadE_predicted,0.3333333333333333,2,2,TGGTATCCTGCTTCGTGGAC,0,4237572
yadE_predicted,0.3333333333333333,2,2,TGGTATATAGGTTTAGACGA,0,4181602
yadE_predicted,0.3333333333333333,2,2,TGGTAGTAATCAAGGAAGGG,0,4190671
yadE_predicted,0.3333333333333333,2,2,TGGTAAAGGCCGTCCTAAAT,0,4173491
yadE_predicted,0.3333333333333333,2,2,TGGGTTACGAAAGGGTAATA,0,4220204
yadE_predicted,0.3333333333333333,2,2,TGGGTCATGTCAGGGGGGAG,0,4228999
yadE_predicted,0.3333333333333333,2,2,TGGGTACGGGTGGAGGGCTT,0,4212456
yadE_predicted,0.3333333333333333,2,2,TGGGTACCTTGTGCTCAGCG,0,4235480
yadE_predicted,0.3333333333333333,2,2,TGGGTACACGAGGGTTTTTC,0,4212714
yadE_predicted,0.3333333333333333,2,2,TGGGGACAAGAGGCGGGTAA,0,4237730
yadE_predicted,0.3333333333333333,2,2,TGGGCTACAGCAGTACGAAC,0,4190858
yadE_predicted,0.3333333333333333,2,2,TGGGCGCACCGCAAGGGGGG,0,4160448
yadE_predicted,0.3333333333333333,2,2,TGGGCGACGCATGAATTTCA,0,4172939
yadE_predicted,0.3333333333333333,2,2,TGGGCAAATGAGAGCCTCAA,0,4200830
yadE_predicted,0.3333333333333333,2,2,TGGGAGTCACAATGTTTATA,0,4196125
yadE_predicted,0.3333333333333333,2,2,TGGGAACGAACAGACCCGCC,0,4213723
yadE_predicted,0.3333333333333333,2,2,TGGCTCAGGACTACGTAATC,0,4211060
yadE_predicted,0.3333333333333333,2,2,TGGCGTCGTAGCGATGTTCT,0,4160790
yadE_predicted,0.3333333333333333,2,2,TGGCGGATGGATGCTAAAGG,0,4212122
yadE_predicted,0.3333333333333333,2,2,TGGCGCTGCCCGCCCTGAAG,0,4181842
yadE_predicted,0.3333333333333333,2,2,TGGCGCGCCCAGGGTACTTG,0,4195446
yadE_predicted,0.3333333333333333,2,2,TGGCGCCCGTGTAAAAGCTC,0,4194844
yadE_predicted,0.3333333333333333,2,2,TGGCGAAATCGATACCGGCG,0,4226395
yadE_predicted,0.3333333333333333,2,2,TGGCCGGCCTGTCCGACCTC,0,4197763
yadE_predicted,0.3333333333333333,2,2,TGGCCATGAAGGATAGTAGT,0,4218829
yadE_predicted,0.3333333333333333,2,2,TGGCATGGGTTACTCCTCAA,0,4223662
yadE_predicted,0.3333333333333333,2,2,TGGCATGACTGTACAACGGA,0,4189658
yadE_predicted,0.3333333333333333,2,2,TGGCAGCTTCGTTGGTACGG,0,4206607
yadE_predicted,0.3333333333333333,2,2,TGGCACGGTGCTACCTAACG,0,4223985
yadE_predicted,0.3333333333333333,2,2,TGGATATATAGGACAGAAGG,0,4221615
yadE_predicted,0.3333333333333333,2,2,TGGAGTAACGGTAAACGCTA,0,4199213
yadE_predicted,0.3333333333333333,2,2,TGGAGGCTCGTTCGACTAAC,0,4225586
yadE_predicted,0.3333333333333333,2,2,TGGAGGACTTGCTCCCGGGA,0,4162256
yadE_predicted,0.3333333333333333,2,2,TGGACTTCTTATAGTTCTCA,0,4184692
yadE_predicted,0.3333333333333333,2,2,TGGACGGCCTAAAACATCAA,0,4202858
yadE_predicted,0.3333333333333333,2,2,TGGAAATTATTTAAGCAAGA,0,4186253
yadE_predicted,0.3333333333333333,2,2,TGGAAAGAAATCGTCGTCTG,0,4226065
yadE_predicted,0.3333333333333333,2,2,TGCTGTTAATAATGGGGGTA,0,4224784
yadE_predicted,0.3333333333333333,2,2,TGCTCTCCATCCGGACAACG,0,4218786
yadE_predicted,0.3333333333333333,2,2,TGCTCCTTTGCGTCATCACC,0,4174577
yadE_predicted,0.3333333333333333,2,2,TGCTACGAGTAATCGCCAAT,0,4166276
yadE_predicted,0.3333333333333333,2,2,TGCTAAGGACAGATGTCCAC,0,4215267
yadE_predicted,0.3333333333333333,2,2,TGCGTGTGTCTCACTGTCAG,0,4239028
yadE_predicted,0.3333333333333333,2,2,TGCGTAGCATGATGGCGGCC,0,4171481
yadE_predicted,0.3333333333333333,2,2,TGCGTAAGTTCTTGCCCTCC,0,4228711
yadE_predicted,0.3333333333333333,2,2,TGCGGTATGGGACTCCAAGC,0,4190722
yadE_predicted,0.3333333333333333,2,2,TGCGGTAGTCAGGAAACGCA,0,4207831
yadE_predicted,0.3333333333333333,2,2,TGCGGGTGGTCGGCTTTTGT,0,4179469
yadE_predicted,0.3333333333333333,2,2,TGCGGGACGGATCACTTATC,0,4172148
yadE_predicted,0.3333333333333333,2,2,TGCGGCATTGTAGTAATGAT,0,4177223
yadE_predicted,0.3333333333333333,2,2,TGCGATGGGGTTCACTGGCT,0,4235299
yadE_predicted,0.3333333333333333,2,2,TGCGACCACTGGGCCTATAT,0,4241185
yadE_predicted,0.3333333333333333,2,2,TGCCGGGACGATGGTCAGAT,0,4177358
yadE_predicted,0.3333333333333333,2,2,TGCCGCGCATCGAATGATCC,0,4234406
yadE_predicted,0.3333333333333333,2,2,TGCCGATTTCACGCCAGCGA,0,4235600
yadE_predicted,0.3333333333333333,2,2,TGCCCTAAACGAGGCGTCAA,0,4168264
yadE_predicted,0.3333333333333333,2,2,TGCCCCCCCGTGGCGAGGGA,0,4236466
yadE_predicted,0.3333333333333333,2,2,TGCCCATCGAAAGGATCTCC,0,4210650
yadE_predicted,0.3333333333333333,2,2,TGCCAGTTCATCTTCATATT,0,4212346
yadE_predicted,0.3333333333333333,2,2,TGCCACGTCTTAATGGCGTT,0,4232181
yadE_predicted,0.3333333333333333,2,2,TGCCACGTAGGAATGCAGGG,0,4182136
yadE_predicted,0.3333333333333333,2,2,TGCATTCTGCCTCGGCTATT,0,4229474
yadE_predicted,0.3333333333333333,2,2,TGCATCCGACCAAGTGGTGT,0,4179283
yadE_predicted,0.3333333333333333,2,2,TGCAGTTTCGCTTCGCGATC,0,4164306
yadE_predicted,0.3333333333333333,2,2,TGCAGTCCGATAGAAATCGC,0,4185308
yadE_predicted,0.3333333333333333,2,2,TGCAGCGATGCAGCTGATGC,0,4233930
yadE_predicted,0.3333333333333333,2,2,TGCACATGAATATATTAGGG,0,4231854
yadE_predicted,0.3333333333333333,2,2,TGCAATTTTCTAATTACTGT,0,4163705
yadE_predicted,0.3333333333333333,2,2,TGCAATGCGGCAACCGAGTT,0,4191316
yadE_predicted,0.3333333333333333,2,2,TGCAAGTACGGTGGAGAAGT,0,4166043
yadE_predicted,0.3333333333333333,2,2,TGCAAGCTCGATCTGTCAAC,0,4198599
yadE_predicted,0.3333333333333333,2,2,TGCAAGATATCAAGTGCCAA,0,4188922
yadE_predicted,0.3333333333333333,2,2,TGCAACCAAAGTCCTACACG,0,4163909
yadE_predicted,0.3333333333333333,2,2,TGCAAACGGTTTAGTCGGCT,0,4160634
yadE_predicted,0.3333333333333333,2,2,TGATTGATACGACAACTCGA,0,4167148
yadE_predicted,0.3333333333333333,2,2,TGATGATTAGGCGTCGAAAC,0,4160766
yadE_predicted,0.3333333333333333,2,2,TGATCTAAAGTGAATTGCAT,0,4229647
yadE_predicted,0.3333333333333333,2,2,TGATCCCGTTAAGGGGTCTT,0,4227313
yadE_predicted,0.3333333333333333,2,2,TGATACCGGCTATACTGAAA,0,4232247
yadE_predicted,0.3333333333333333,2,2,TGATACCAGATGGCGTTACA,0,4193662
yadE_predicted,0.3333333333333333,2,2,TGATACAACTACTCTGTAGG,0,4204489
yadE_predicted,0.3333333333333333,2,2,TGAGTTTCAAGTTAGCAATG,0,4197980
yadE_predicted,0.3333333333333333,2,2,TGAGGTGCTGGTGGTGCGCG,0,4218635
yadE_predicted,0.3333333333333333,2,2,TGAGGTCGCTCTACCGTCAT,0,4176254
yadE_predicted,0.3333333333333333,2,2,TGAGGTAGGGACCACTCTAT,0,4195986
yadE_predicted,0.3333333333333333,2,2,TGAGGCTAATGTTGGGGCCA,0,4163960
yadE_predicted,0.3333333333333333,2,2,TGAGCGCTGCTCCGCTGAGA,0,4220068
yadE_predicted,0.3333333333333333,2,2,TGACTTGCCTTCAGGTGGGA,0,4209480
yadE_predicted,0.3333333333333333,2,2,TGACTTGATTACTCCCGTGG,0,4163001
yadE_predicted,0.3333333333333333,2,2,TGACTGGTCTCACTTAACGA,0,4197793
yadE_predicted,0.3333333333333333,2,2,TGACTCAGAGCCAGAGGTTG,0,4165423
yadE_predicted,0.3333333333333333,2,2,TGACTAGCGGAGCCAGCTGT,0,4181876
yadE_predicted,0.3333333333333333,2,2,TGACGCGGCTATCGATCGGG,0,4200502
yadE_predicted,0.3333333333333333,2,2,TGACGCAACAAAGTCCCGCC,0,4193262
yadE_predicted,0.3333333333333333,2,2,TGACCTATTCGCCGCCAGCA,0,4223942
yadE_predicted,0.3333333333333333,2,2,TGACATCTCAGAGAATAGTA,0,4221566
yadE_predicted,0.3333333333333333,2,2,TGACACCCAGTAGAGAGGAA,0,4221048
yadE_predicted,0.3333333333333333,2,2,TGACAAGGATCCCGGTTTGC,0,4207471
yadE_predicted,0.3333333333333333,2,2,TGAATGGGTTCCCCGACTAC,0,4177126
yadE_predicted,0.3333333333333333,2,2,TGAATCTCCTCACTAAACCA,0,4199481
yadE_predicted,0.3333333333333333,2,2,TGAATCTAGCCGTTTTAGCA,0,4209021
yadE_predicted,0.3333333333333333,2,2,TGAATCCGCTCCGCTCTCCA,0,4195923
yadE_predicted,0.3333333333333333,2,2,TGAATAGGGAGAGGCCTTTG,0,4168839
yadE_predicted,0.3333333333333333,2,2,TGAAGTGCCCGCAACATTTG,0,4208058
yadE_predicted,0.3333333333333333,2,2,TGAAGAGAATGTACTAAGCC,0,4200342
yadE_predicted,0.3333333333333333,2,2,TGAAAGTCACGGGGCCGATG,0,4227806
yadE_predicted,0.3333333333333333,2,2,TGAAAGTCAACAACACTGCA,0,4195928
yadE_predicted,0.3333333333333333,2,2,TCTTTATATGATTTAACTAT,0,4178706
yadE_predicted,0.3333333333333333,2,2,TCTTGCGTGTCGTGTCCTCC,0,4179831
yadE_predicted,0.3333333333333333,2,2,TCTTGCGTCAAGATCAGCGG,0,4178146
yadE_predicted,0.3333333333333333,2,2,TCTTGAGGATGGGCTTCAAG,0,4196123
yadE_predicted,0.3333333333333333,2,2,TCTGTCCTCATTTCAGTGTT,0,4166303
yadE_predicted,0.3333333333333333,2,2,TCTGGTATTCCGTAACGCTA,0,4193376
yadE_predicted,0.3333333333333333,2,2,TCTGGGTTTAAACAAGCGAT,0,4194273
yadE_predicted,0.3333333333333333,2,2,TCTGCTTGTGACGCTAGAAC,0,4240197
yadE_predicted,0.3333333333333333,2,2,TCTGCGCAAGGCTTAAAGGT,0,4230389
yadE_predicted,0.3333333333333333,2,2,TCTGCCTAAAACAGAGGTAG,0,4214850
yadE_predicted,0.3333333333333333,2,2,TCTGCAAGAGACGGAACATT,0,4223760
yadE_predicted,0.3333333333333333,2,2,TCTGCAACTGGTTCCCCGTC,0,4172380
yadE_predicted,0.3333333333333333,2,2,TCTCTAGGACCAAGGACGTG,0,4170741
yadE_predicted,0.3333333333333333,2,2,TCTCTAGCGCACGCAGAAGG,0,4180785
yadE_predicted,0.3333333333333333,2,2,TCTCGTAATGACTTGCACCT,0,4227120
yadE_predicted,0.3333333333333333,2,2,TCTCCCGGGGTGCAATAGTT,0,4198243
yadE_predicted,0.3333333333333333,2,2,TCTCCATCGAGGCTCACTTC,0,4207278
yadE_predicted,0.3333333333333333,2,2,TCTCAGAGGCCACATTCCTT,0,4231715
yadE_predicted,0.3333333333333333,2,2,TCTAGGGTAGGCCGGCTCGA,0,4194906
yadE_predicted,0.3333333333333333,2,2,TCTAGCCGACATTACCGTAG,0,4213708
yadE_predicted,0.3333333333333333,2,2,TCTAGAGAGCTTTAGATGAA,0,4185506
yadE_predicted,0.3333333333333333,2,2,TCTAGACGAGCGGTGTCTTT,0,4211136
yadE_predicted,0.3333333333333333,2,2,TCTACAATGGGACACTACTT,0,4159420
yadE_predicted,0.3333333333333333,2,2,TCTAAGACTTTCGATAGGTA,0,4165827
yadE_predicted,0.3333333333333333,2,2,TCTAAAGGAGAATTCCGGAT,0,4186662
yadE_predicted,0.3333333333333333,2,2,TCGTTTTAAACGGCCCGGCA,0,4174979
yadE_predicted,0.3333333333333333,2,2,TCGTGGCGACAATGCTCTAC,0,4207005
yadE_predicted,0.3333333333333333,2,2,TCGTGGAAGAGAATTGCATA,0,4196750
yadE_predicted,0.3333333333333333,2,2,TCGTGCTTCGTCGCCTTCCC,0,4234640
yadE_predicted,0.3333333333333333,2,2,TCGTGCCCCGCAACTATCTA,0,4231444
yadE_predicted,0.3333333333333333,2,2,TCGTATGCCGGATCGAGATT,0,4200884
yadE_predicted,0.3333333333333333,2,2,TCGTAGGGAGGCTGCTGCGC,0,4174838
yadE_predicted,0.3333333333333333,2,2,TCGTAGCCGGTACCGTGACA,0,4165863
yadE_predicted,0.3333333333333333,2,2,TCGGTGTAGATAGGCCACGC,0,4226043
yadE_predicted,0.3333333333333333,2,2,TCGGTCGGGTCACGTCGGAA,0,4213455
yadE_predicted,0.3333333333333333,2,2,TCGGTCGCATTCCGATTCGT,0,4240194
yadE_predicted,0.3333333333333333,2,2,TCGGGGTCTTCATTTATATT,0,4172860
yadE_predicted,0.3333333333333333,2,2,TCGGGGCGTGCATCATACCT,0,4240322
yadE_predicted,0.3333333333333333,2,2,TCGGGGCCGGCAGTGCACTC,0,4217525
yadE_predicted,0.3333333333333333,2,2,TCGGGCATTCGATGGACCTC,0,4212387
yadE_predicted,0.3333333333333333,2,2,TCGGGCATGTTTCGACATGT,0,4210802
yadE_predicted,0.3333333333333333,2,2,TCGGGACTATGCCAGTGCAC,0,4200089
yadE_predicted,0.3333333333333333,2,2,TCGGGACACGCGCTGCATGA,0,4235992
yadE_predicted,0.3333333333333333,2,2,TCGGCTTAAGCGATTCCGGC,0,4191380
yadE_predicted,0.3333333333333333,2,2,TCGGCCGGATCCCCGGTGTA,0,4176461
yadE_predicted,0.3333333333333333,2,2,TCGGCCCAGATCGTTTCGGG,0,4182978
yadE_predicted,0.3333333333333333,2,2,TCGGATTCATGACAGTCGGC,0,4205162
yadE_predicted,0.3333333333333333,2,2,TCGCTTATTAAATGGTACGG,0,4166991
yadE_predicted,0.3333333333333333,2,2,TCGCTCAGTGCTATTCTTAT,0,4198264
yadE_predicted,0.3333333333333333,2,2,TCGCTATGAGACGCTTTGCC,0,4189661
yadE_predicted,0.3333333333333333,2,2,TCGCGGAGCATAGAAGGCCA,0,4168442
yadE_predicted,0.3333333333333333,2,2,TCGCGCATAGCCAACAGACT,0,4204645
yadE_predicted,0.3333333333333333,2,2,TCGCGATTTGTTTCTCGAAA,0,4180654
yadE_predicted,0.3333333333333333,2,2,TCGCGATCAACTCTGCCAGA,0,4187753
yadE_predicted,0.3333333333333333,2,2,TCGCGAATATTTTCGAGTGT,0,4235427
yadE_predicted,0.3333333333333333,2,2,TCGCCTGTTTGGAGCTCCTG,0,4218224
yadE_predicted,0.3333333333333333,2,2,TCGCCTCTTGGAACACTACA,0,4222682
yadE_predicted,0.3333333333333333,2,2,TCGCATGGTGGACTCTAGGT,0,4168923
yadE_predicted,0.3333333333333333,2,2,TCGCAGGCTCTCGGACGGTA,0,4159706
yadE_predicted,0.3333333333333333,2,2,TCGCACAGGAGCTTGGTGGA,0,4208127
yadE_predicted,0.3333333333333333,2,2,TCGATTGATGACGGTCCAAT,0,4204331
yadE_predicted,0.3333333333333333,2,2,TCGAGCCCGCCCTAAAGGTG,0,4169097
yadE_predicted,0.3333333333333333,2,2,TCGAGAAGGGACAGCACACG,0,4215573
yadE_predicted,0.3333333333333333,2,2,TCGACTGACGCTCCCGGTCT,0,4219981
yadE_predicted,0.3333333333333333,2,2,TCGAATTTGTTGGGTATTCT,0,4181542
yadE_predicted,0.3333333333333333,2,2,TCGAATAGCCGCCGGAGGTG,0,4203137
yadE_predicted,0.3333333333333333,2,2,TCGAAATTTACACCTGGCCA,0,4199479
yadE_predicted,0.3333333333333333,2,2,TCGAAATAGGCAGCTTTCGT,0,4201030
yadE_predicted,0.3333333333333333,2,2,TCCTCCTGTACGGTCGTGTC,0,4208493
yadE_predicted,0.3333333333333333,2,2,TCCTCCACTTTACAACACTG,0,4226729
yadE_predicted,0.3333333333333333,2,2,TCCGTTCAAATTTTAGGATT,0,4204295
yadE_predicted,0.3333333333333333,2,2,TCCGTCAACCGAGTCGTCCA,0,4224065
yadE_predicted,0.3333333333333333,2,2,TCCGTAGCCGATCCTGCCAC,0,4169209
yadE_predicted,0.3333333333333333,2,2,TCCGCTCTGTGGCGGGGTAG,0,4200233
yadE_predicted,0.3333333333333333,2,2,TCCGCTCAGTAGACCCCGGG,0,4199299
yadE_predicted,0.3333333333333333,2,2,TCCGACCCTTGGACCTATAA,0,4200005
yadE_predicted,0.3333333333333333,2,2,TCCCTTCACCTTACTGTCGG,0,4207150
yadE_predicted,0.3333333333333333,2,2,TCCCTGTGCTGGCCTTGACC,0,4223451
yadE_predicted,0.3333333333333333,2,2,TCCCTAGATTTTTGTTCGCA,0,4231460
yadE_predicted,0.3333333333333333,2,2,TCCCGTCTACAAGCTCGCAT,0,4170324
yadE_predicted,0.3333333333333333,2,2,TCCCGGGCTCTGCTCTGTTG,0,4238776
yadE_predicted,0.3333333333333333,2,2,TCCCGGCTTTACATGACATT,0,4210796
yadE_predicted,0.3333333333333333,2,2,TCCCGGCCCCCATCTCGGGT,0,4159530
yadE_predicted,0.3333333333333333,2,2,TCCCGCGCCCTTCGGGCAAG,0,4240921
yadE_predicted,0.3333333333333333,2,2,TCCCGCACAGGATAGTCGCT,0,4163911
yadE_predicted,0.3333333333333333,2,2,TCCCCATAGGATGACAAGAT,0,4227010
yadE_predicted,0.3333333333333333,2,2,TCCCCAGGAAAAGTTAGGGG,0,4186377
yadE_predicted,0.3333333333333333,2,2,TCCCCAGATTCCCACACATG,0,4176772
yadE_predicted,0.3333333333333333,2,2,TCCCCAACCCTCTAGGTTAC,0,4166661
yadE_predicted,0.3333333333333333,2,2,TCCCAGCAAGAAGCCTGCTC,0,4159388
yadE_predicted,0.3333333333333333,2,2,TCCATTGCAGAAGAAGAATT,0,4188558
yadE_predicted,0.3333333333333333,2,2,TCCATGGTTCTGTCGGGGCA,0,4204117
yadE_predicted,0.3333333333333333,2,2,TCCAGCTACGCGAGAATGAA,0,4168909
yadE_predicted,0.3333333333333333,2,2,TCCACAGAGGTGAGGGCGCT,0,4221373
yadE_predicted,0.3333333333333333,2,2,TCCAAACGCGTCGGCCCATT,0,4208347
yadE_predicted,0.3333333333333333,2,2,TCCAAAAGTTACGGTACATT,0,4199235
yadE_predicted,0.3333333333333333,2,2,TCATTTACATGAAAACAAGA,0,4217619
yadE_predicted,0.3333333333333333,2,2,TCATTGATGTTAAGGTAAGT,0,4162686
yadE_predicted,0.3333333333333333,2,2,TCATGTCCACAGGCATAAAG,0,4224096
yadE_predicted,0.3333333333333333,2,2,TCATGGGTGGCACAGTGTTG,0,4207728
yadE_predicted,0.3333333333333333,2,2,TCATGCACCTCCGTCCGTCT,0,4218663
yadE_predicted,0.3333333333333333,2,2,TCATCCACAAGGATTCCCCT,0,4221774
yadE_predicted,0.3333333333333333,2,2,TCATCACTGACTCTCTTCGT,0,4239414
yadE_predicted,0.3333333333333333,2,2,TCATCAACCGTATTTATAAC,0,4236005
yadE_predicted,0.3333333333333333,2,2,TCATATGCCTAATGCAAGAC,0,4206991
yadE_predicted,0.3333333333333333,2,2,TCATATCGCTCTACGGGTTG,0,4210292
yadE_predicted,0.3333333333333333,2,2,TCATATCCCCGCTCCGAAAC,0,4222227
yadE_predicted,0.3333333333333333,2,2,TCATAGTTCAGGCGACAGGT,0,4160065
yadE_predicted,0.3333333333333333,2,2,TCATAGCGGTTATCGTACAG,0,4172480
yadE_predicted,0.3333333333333333,2,2,TCATAGACATGTCGAGAATA,0,4218646
yadE_predicted,0.3333333333333333,2,2,TCATACGAGGCAGTGTGGCC,0,4180761
yadE_predicted,0.3333333333333333,2,2,TCAGTTCTAGTTTGCCGATG,0,4227367
yadE_predicted,0.3333333333333333,2,2,TCAGTGCTCAACATGACGCA,0,4226360
yadE_predicted,0.3333333333333333,2,2,TCAGTGAAGGGTCAGCCACA,0,4238789
yadE_predicted,0.3333333333333333,2,2,TCAGTACTATGCTTCATGAA,0,4240017
yadE_predicted,0.3333333333333333,2,2,TCAGGGCCAAACACGCTTGC,0,4229018
yadE_predicted,0.3333333333333333,2,2,TCAGGCGGGGCCATGCTGCT,0,4201520
yadE_predicted,0.3333333333333333,2,2,TCAGGCGAAAGTCGCACCCT,0,4219143
yadE_predicted,0.3333333333333333,2,2,TCAGCCACTACTTGGTTCCT,0,4172581
yadE_predicted,0.3333333333333333,2,2,TCACTCAGCGGCCGTGAAGC,0,4193703
yadE_predicted,0.3333333333333333,2,2,TCACTCACGCCCTCAGGACT,0,4196986
yadE_predicted,0.3333333333333333,2,2,TCACGTTTAAAACTGGGCTC,0,4223902
yadE_predicted,0.3333333333333333,2,2,TCACGTATTCTTTTCCAACA,0,4169603
yadE_predicted,0.3333333333333333,2,2,TCACGCGTCGAAGTGATACA,0,4228167
yadE_predicted,0.3333333333333333,2,2,TCACGCACGCCACCTCTTCA,0,4218801
yadE_predicted,0.3333333333333333,2,2,TCACCTTCCGCGAATCCGAA,0,4206934
yadE_predicted,0.3333333333333333,2,2,TCACCATTTATGTTTAGGTT,0,4208545
yadE_predicted,0.3333333333333333,2,2,TCACATGCTGGTGTAGTGAT,0,4160562
yadE_predicted,0.3333333333333333,2,2,TCACAGCGCATAGATATTCA,0,4236873
yadE_predicted,0.3333333333333333,2,2,TCACACGAAGAAAGTCTTCA,0,4239952
yadE_predicted,0.3333333333333333,2,2,TCACAAATCCCGATTTCTCA,0,4164102
yadE_predicted,0.3333333333333333,2,2,TCAATGGATGTGTTTTTATT,0,4196510
yadE_predicted,0.3333333333333333,2,2,TCAATAGCTACGTGAGCAAA,0,4231671
yadE_predicted,0.3333333333333333,2,2,TCAATAAGGTCGTGCAGACT,0,4170419
yadE_predicted,0.3333333333333333,2,2,TCAAGTGATGAGTATCTAAG,0,4213642
yadE_predicted,0.3333333333333333,2,2,TCAAGCACTCTTTTTGAAGA,0,4203478
yadE_predicted,0.3333333333333333,2,2,TCAACTAGAACAAAATGGTT,0,4196820
yadE_predicted,0.3333333333333333,2,2,TCAACGTTTTCGTCTGCTAT,0,4229296
yadE_predicted,0.3333333333333333,2,2,TCAACGTTCGTACCAGGAAA,0,4219788
yadE_predicted,0.3333333333333333,2,2,TCAAATTTAGAACTTGCCAT,0,4224793
yadE_predicted,0.3333333333333333,2,2,TCAAAATATAGGAGAGGCAG,0,4237371
yadE_predicted,0.3333333333333333,2,2,TATTTCCCCATGCTAGAACT,0,4181829
yadE_predicted,0.3333333333333333,2,2,TATTCGGCTAGGAGCCACAA,0,4235151
yadE_predicted,0.3333333333333333,2,2,TATTCGCGGTATTAGTAGCA,0,4239489
yadE_predicted,0.3333333333333333,2,2,TATTCGCCATCGCAATGCTC,0,4227948
yadE_predicted,0.3333333333333333,2,2,TATTCATGCGACTATGACTC,0,4178334
yadE_predicted,0.3333333333333333,2,2,TATTCAGTAGCGCTTTGCCA,0,4185338
yadE_predicted,0.3333333333333333,2,2,TATTCACATAACTAATTCGT,0,4213461
yadE_predicted,0.3333333333333333,2,2,TATTATCTCCTCATTTGCAA,0,4200258
yadE_predicted,0.3333333333333333,2,2,TATGTTCCGTCCTGGAGACT,0,4173623
yadE_predicted,0.3333333333333333,2,2,TATGTGGCCAAAATTCGTTG,0,4199407
yadE_predicted,0.3333333333333333,2,2,TATGTGCAGAGGGTGGGGGT,0,4202216
yadE_predicted,0.3333333333333333,2,2,TATGGTTATCGCCCTACAAA,0,4184911
yadE_predicted,0.3333333333333333,2,2,TATGGGTCCTATAGACATAA,0,4225281
yadE_predicted,0.3333333333333333,2,2,TATGGGAACTGGCAGCTACC,0,4208111
yadE_predicted,0.3333333333333333,2,2,TATGCCACTGGTTGCAGGTG,0,4212322
yadE_predicted,0.3333333333333333,2,2,TATGATACTATCTGTTTGTT,0,4177991
yadE_predicted,0.3333333333333333,2,2,TATCTCATTAGAGATGGTGG,0,4238349
yadE_predicted,0.3333333333333333,2,2,TATCGGGCGCAAGACGGGAT,0,4189634
yadE_predicted,0.3333333333333333,2,2,TATCCCTTGGCCTCATGCGC,0,4174902
yadE_predicted,0.3333333333333333,2,2,TATCCACAAGCTTTGGAAAG,0,4170118
yadE_predicted,0.3333333333333333,2,2,TATCACCACGTGAGTGCCGT,0,4223582
yadE_predicted,0.3333333333333333,2,2,TATCAAGTACTGGCCCCCGG,0,4218363
yadE_predicted,0.3333333333333333,2,2,TATCAAACGTGCGAGGCTCA,0,4174945
yadE_predicted,0.3333333333333333,2,2,TATATGAGGACCACGGAGGA,0,4202753
yadE_predicted,0.3333333333333333,2,2,TATAGTCAAGAGTGACAGAT,0,4195188
yadE_predicted,0.3333333333333333,2,2,TATAGCAAGCAGGCTCCCGG,0,4197817
yadE_predicted,0.3333333333333333,2,2,TATAGAACAGCTTGGCACAA,0,4186847
yadE_predicted,0.3333333333333333,2,2,TATAGAAATTAAACCTCTTT,0,4173972
yadE_predicted,0.3333333333333333,2,2,TATAAGGTAGCACGATGGGT,0,4170743
yadE_predicted,0.3333333333333333,2,2,TATAAACATGGCCGCTCGAT,0,4187537
yadE_predicted,0.3333333333333333,2,2,TAGTCAAAAGTGGTCGTATG,0,4185046
yadE_predicted,0.3333333333333333,2,2,TAGGTTTGACTGTGCGGATA,0,4213892
yadE_predicted,0.3333333333333333,2,2,TAGGTTGAATACGGTTATCG,0,4220630
yadE_predicted,0.3333333333333333,2,2,TAGGTTATGCGAATATTTGT,0,4228884
yadE_predicted,0.3333333333333333,2,2,TAGGTCCTTGGGAGTAGTAT,0,4170612
yadE_predicted,0.3333333333333333,2,2,TAGGTACATCATGAGCCTTC,0,4207774
yadE_predicted,0.3333333333333333,2,2,TAGGTAAAAAACGCAACGCG,0,4180660
yadE_predicted,0.3333333333333333,2,2,TAGGGTCGAAGGCTTCATAA,0,4208400
yadE_predicted,0.3333333333333333,2,2,TAGGGCGCACTATAGGATTT,0,4194039
yadE_predicted,0.3333333333333333,2,2,TAGGCGTATTGAGGGGTGCG,0,4217164
yadE_predicted,0.3333333333333333,2,2,TAGGCGCTTTAGGGTGTTTT,0,4219324
yadE_predicted,0.3333333333333333,2,2,TAGGCCTAGAAGCTTGAATG,0,4204112
yadE_predicted,0.3333333333333333,2,2,TAGGCATGCCAGTCGTGATA,0,4204654
yadE_predicted,0.3333333333333333,2,2,TAGGATTATCCTCTGCGGCC,0,4181997
yadE_predicted,0.3333333333333333,2,2,TAGGAGCGTGGTCAGTTTAG,0,4182960
yadE_predicted,0.3333333333333333,2,2,TAGCTTTGTAGCTAAAGTCC,0,4202698
yadE_predicted,0.3333333333333333,2,2,TAGCGTTCGGCACTTCTCGT,0,4160831
yadE_predicted,0.3333333333333333,2,2,TAGCGGCTTCGTATGATTTT,0,4214449
yadE_predicted,0.3333333333333333,2,2,TAGCGGCGCTCTCTTTATTC,0,4206307
yadE_predicted,0.3333333333333333,2,2,TAGCACGGACATGATCCGTG,0,4196817
yadE_predicted,0.3333333333333333,2,2,TAGCAACTCCTTGGAATCGA,0,4216266
yadE_predicted,0.3333333333333333,2,2,TAGATTCTTCAACGCCAGCT,0,4235022
yadE_predicted,0.3333333333333333,2,2,TAGATTCACCGAGATATCTA,0,4198053
yadE_predicted,0.3333333333333333,2,2,TAGATCACTCCCGCTCTACC,0,4220018
yadE_predicted,0.3333333333333333,2,2,TAGAACTTCCTCCCAGTTTT,0,4233239
yadE_predicted,0.3333333333333333,2,2,TAGAACTAGGAAATAGACTG,0,4214068
yadE_predicted,0.3333333333333333,2,2,TAGAAAGTTCCGGGTCCAGT,0,4204858
yadE_predicted,0.3333333333333333,2,2,TACTTGGTTTTCATTGTGCT,0,4237956
yadE_predicted,0.3333333333333333,2,2,TACTTGCGTGTAGAGTGCGT,0,4181860
yadE_predicted,0.3333333333333333,2,2,TACTGCGCACTCGTATTAAT,0,4176665
yadE_predicted,0.3333333333333333,2,2,TACTGAGCCAACAGAGGCGC,0,4206981
yadE_predicted,0.3333333333333333,2,2,TACTCCTTTCGCGCGTGCAA,0,4159757
yadE_predicted,0.3333333333333333,2,2,TACTAATTAATAAAGTCCAG,0,4222209
yadE_predicted,0.3333333333333333,2,2,TACGGGCTATTATATTTTGG,0,4237570
yadE_predicted,0.3333333333333333,2,2,TACGGACGTCGATTGGACAG,0,4192468
yadE_predicted,0.3333333333333333,2,2,TACGCTCAATCGGGCTACCC,0,4180415
yadE_predicted,0.3333333333333333,2,2,TACGCGGATTGTTTCCGGGT,0,4203328
yadE_predicted,0.3333333333333333,2,2,TACGCGCTGGAACTCGATGT,0,4201062
yadE_predicted,0.3333333333333333,2,2,TACGCGCTATTCGCTTAAAT,0,4203341
yadE_predicted,0.3333333333333333,2,2,TACGCGCGTGCCGACGTATT,0,4179790
yadE_predicted,0.3333333333333333,2,2,TACGCGCATCTGTACACTAT,0,4209035
yadE_predicted,0.3333333333333333,2,2,TACGCACACGCGTCATACCA,0,4240306
yadE_predicted,0.3333333333333333,2,2,TACGATAGCTACCTCGTACG,0,4168017
yadE_predicted,0.3333333333333333,2,2,TACGAGGAGAAGCATCGGAT,0,4239145
yadE_predicted,0.3333333333333333,2,2,TACGACAAATCAGTCGTAAA,0,4173804
yadE_predicted,0.3333333333333333,2,2,TACCTCTTCCGTCGGCCCCA,0,4200448
yadE_predicted,0.3333333333333333,2,2,TACCTCGTTGTTTCTCTCCA,0,4163938
yadE_predicted,0.3333333333333333,2,2,TACCGCGCCGCCCAGGCTAC,0,4209572
yadE_predicted,0.3333333333333333,2,2,TACCGACCGCAGACATTTCG,0,4186678
yadE_predicted,0.3333333333333333,2,2,TACCCTTTCTTCCTAGTATG,0,4160266
yadE_predicted,0.3333333333333333,2,2,TACCCTCTTATAGCATCTAC,0,4215951
yadE_predicted,0.3333333333333333,2,2,TACCCTCACTGGAGAGGATA,0,4184190
yadE_predicted,0.3333333333333333,2,2,TACCCCTTGGAGGAGGCGGC,0,4200511
yadE_predicted,0.3333333333333333,2,2,TACCCCCTGCCCTGTCCTAA,0,4195001
yadE_predicted,0.3333333333333333,2,2,TACCATCCGCAGCGGATCAA,0,4201106
yadE_predicted,0.3333333333333333,2,2,TACCATCAGGCCATATGGGC,0,4179594
yadE_predicted,0.3333333333333333,2,2,TACCAGTTGGGTAAACGCAA,0,4224458
yadE_predicted,0.3333333333333333,2,2,TACCACCGTAACGAGGCTCC,0,4239837
yadE_predicted,0.3333333333333333,2,2,TACCAAAACATGCAGAGTAA,0,4173625
yadE_predicted,0.3333333333333333,2,2,TACATTAGCCCGTTTAATTA,0,4234620
yadE_predicted,0.3333333333333333,2,2,TACATGACTCAGATCTGATT,0,4169752
yadE_predicted,0.3333333333333333,2,2,TACAGCTAAACAACAAATTC,0,4217403
yadE_predicted,0.3333333333333333,2,2,TACAGAGTCCATTCTCGTTG,0,4200373
yadE_predicted,0.3333333333333333,2,2,TACAGAACCACCTTAACTGG,0,4169741
yadE_predicted,0.3333333333333333,2,2,TACACGGCGGGTCTTTTACT,0,4225689
yadE_predicted,0.3333333333333333,2,2,TACAAGATCGGGTTTTTTTA,0,4209711
yadE_predicted,0.3333333333333333,2,2,TAATTGCCGTTTTTAGCGTG,0,4160439
yadE_predicted,0.3333333333333333,2,2,TAATTGATGATTGTATGCTT,0,4162590
yadE_predicted,0.3333333333333333,2,2,TAATGTTGGCGGGACTACCA,0,4186431
yadE_predicted,0.3333333333333333,2,2,TAATGTGGCCGAACATTTAT,0,4185976
yadE_predicted,0.3333333333333333,2,2,TAATGTGCCTAATGGGAGAT,0,4183583
yadE_predicted,0.3333333333333333,2,2,TAATGGTTTTGATTATACAT,0,4172771
yadE_predicted,0.3333333333333333,2,2,TAATGGATCTACGGCACATA,0,4220130
yadE_predicted,0.3333333333333333,2,2,TAATGGAGAAAGCAGCTGAG,0,4159720
yadE_predicted,0.3333333333333333,2,2,TAATCCCGTCCGAGCTAGGG,0,4192161
yadE_predicted,0.3333333333333333,2,2,TAATAGGCTAAACTAAGGGC,0,4210755
yadE_predicted,0.3333333333333333,2,2,TAATAGCGGCTCGGCGCGAA,0,4172432
yadE_predicted,0.3333333333333333,2,2,TAAGCAGAGTGAATGAATCT,0,4208819
yadE_predicted,0.3333333333333333,2,2,TAAGATCTGCGACGTCAAGT,0,4172233
yadE_predicted,0.3333333333333333,2,2,TAAGAGTGTCAACGCTTCGA,0,4221622
yadE_predicted,0.3333333333333333,2,2,TAAGAGTGGCTAACAAGCAG,0,4178204
yadE_predicted,0.3333333333333333,2,2,TAAGAGTCGCCATAAATGAA,0,4164124
yadE_predicted,0.3333333333333333,2,2,TAAGAGGCCGCATCATGTGT,0,4164184
yadE_predicted,0.3333333333333333,2,2,TAAGAAACTACTGTGGAGAG,0,4192233
yadE_predicted,0.3333333333333333,2,2,TAAGAAACCCGGCAGAGATC,0,4218936
yadE_predicted,0.3333333333333333,2,2,TAACTGGCGGCATTTGAAGA,0,4228600
yadE_predicted,0.3333333333333333,2,2,TAACTCGTGGTACGTTTGGA,0,4194874
yadE_predicted,0.3333333333333333,2,2,TAACTCATATTTCGGATATA,0,4205267
yadE_predicted,0.3333333333333333,2,2,TAACTCAAGAGGCCGGCCAT,0,4166168
yadE_predicted,0.3333333333333333,2,2,TAACGTTCTAGAGTCTCGGG,0,4237928
yadE_predicted,0.3333333333333333,2,2,TAACGTAGGCCAACAACTAG,0,4196173
yadE_predicted,0.3333333333333333,2,2,TAACGACATCCGCGGCCATC,0,4222320
yadE_predicted,0.3333333333333333,2,2,TAACCTGTGAGTGTCTTACT,0,4167170
yadE_predicted,0.3333333333333333,2,2,TAACCCACTGTTGCTTGAAC,0,4191565
yadE_predicted,0.3333333333333333,2,2,TAAATTATTCGGTACGTTGT,0,4214124
yadE_predicted,0.3333333333333333,2,2,TAAATGGCGGGGGTCCCTTC,0,4229449
yadE_predicted,0.3333333333333333,2,2,TAAATATCTACTGTTAACAC,0,4204099
yadE_predicted,0.3333333333333333,2,2,TAAATAAGGCCCGTAGGAGA,0,4191113
yadE_predicted,0.3333333333333333,2,2,TAAAGGGTAGTTTAAGCTCA,0,4182335
yadE_predicted,0.3333333333333333,2,2,TAAAGCCACCTTGCCTTATT,0,4211082
yadE_predicted,0.3333333333333333,2,2,TAAACTTATCCTATATAGAC,0,4233929
yadE_predicted,0.3333333333333333,2,2,TAAACTGGGATGCTGGTGAT,0,4194807
yadE_predicted,0.3333333333333333,2,2,TAAACCTCGTTTTATCTGCT,0,4160509
yadE_predicted,0.3333333333333333,2,2,TAAACAATGTTAGGTGATCG,0,4216613
yadE_predicted,0.3333333333333333,2,2,TAAACAAGTGGACAACGTAC,0,4237941
yadE_predicted,0.3333333333333333,2,2,TAAAATGGTAATTCCGATGA,0,4186206
yadE_predicted,0.3333333333333333,2,2,TAAAAGAGTCTATTCGTTAT,0,4223447
yadE_predicted,0.3333333333333333,2,2,GTTTTGAACTCCAAAGGTTT,0,4160032
yadE_predicted,0.3333333333333333,2,2,GTTTTAGGTATGGGGTGCTC,0,4185574
yadE_predicted,0.3333333333333333,2,2,GTTTGTTTTTGAAACGATTG,0,4220950
yadE_predicted,0.3333333333333333,2,2,GTTTGTGGTACCAATGGGAC,0,4189418
yadE_predicted,0.3333333333333333,2,2,GTTTGGGGTTCTCAAGCGAC,0,4179107
yadE_predicted,0.3333333333333333,2,2,GTTTGGCTATGCAAGGCGAT,0,4222984
yadE_predicted,0.3333333333333333,2,2,GTTTGGCCGCCTTAGGCAAG,0,4209092
yadE_predicted,0.3333333333333333,2,2,GTTTGGATGATAGAACCCTC,0,4214650
yadE_predicted,0.3333333333333333,2,2,GTTTCGTAGCTGTTCACATA,0,4225469
yadE_predicted,0.3333333333333333,2,2,GTTTCCTCTGAGTCGTTGGG,0,4200474
yadE_predicted,0.3333333333333333,2,2,GTTTATCATCAGACGAGAGA,0,4229933
yadE_predicted,0.3333333333333333,2,2,GTTTAAGGCCCGGGGAATAT,0,4207169
yadE_predicted,0.3333333333333333,2,2,GTTTAAAGTGCCCTTTGGCT,0,4161426
yadE_predicted,0.3333333333333333,2,2,GTTGTCCCAACAGACTATCG,0,4205569
yadE_predicted,0.3333333333333333,2,2,GTTGGACTTCCTAACGTTCC,0,4240066
yadE_predicted,0.3333333333333333,2,2,GTTGCTCTAGTCGGTAGGGA,0,4212062
yadE_predicted,0.3333333333333333,2,2,GTTGCGTCGTTAAGTACAGT,0,4232033
yadE_predicted,0.3333333333333333,2,2,GTTGCACAAGCTTCCGTTCG,0,4213030
yadE_predicted,0.3333333333333333,2,2,GTTGAGCTCTACTAACAAGC,0,4165547
yadE_predicted,0.3333333333333333,2,2,GTTGAGAACAATAGCATCTA,0,4177577
yadE_predicted,0.3333333333333333,2,2,GTTCTTTCTTCGTGGCTGTA,0,4208371
yadE_predicted,0.3333333333333333,2,2,GTTCTGGGAGGCCTGGAGCA,0,4200724
yadE_predicted,0.3333333333333333,2,2,GTTCTCCGATGCATCCGTGC,0,4187115
yadE_predicted,0.3333333333333333,2,2,GTTCGTTCTATTATAACGTC,0,4186777
yadE_predicted,0.3333333333333333,2,2,GTTCGAACCACGGCAAGCCA,0,4163980
yadE_predicted,0.3333333333333333,2,2,GTTCCGTGCACTGGGGCATC,0,4185828
yadE_predicted,0.3333333333333333,2,2,GTTCCAAATCGATCATCTTT,0,4179383
yadE_predicted,0.3333333333333333,2,2,GTTCATAGCTGTGTTGCTAT,0,4180708
yadE_predicted,0.3333333333333333,2,2,GTTCAAGACCCTGGTAGGAG,0,4168730
yadE_predicted,0.3333333333333333,2,2,GTTAGCACAGGTCAGCTAAG,0,4206498
yadE_predicted,0.3333333333333333,2,2,GTTACTCCCGAACAAGAGGT,0,4187795
yadE_predicted,0.3333333333333333,2,2,GTTACATTGGATCAACGTAT,0,4212261
yadE_predicted,0.3333333333333333,2,2,GTTACAAATCTGGTTCTCGA,0,4168280
yadE_predicted,0.3333333333333333,2,2,GTTACAAACAGAGCAAATGC,0,4237739
yadE_predicted,0.3333333333333333,2,2,GTTAATGGTGTGGACCCCCT,0,4202908
yadE_predicted,0.3333333333333333,2,2,GTTAAGGGCCGTAGCGTTCT,0,4170230
yadE_predicted,0.3333333333333333,2,2,GTTAAGCATCAGCAAGGTGC,0,4234901
yadE_predicted,0.3333333333333333,2,2,GTGTTTGGAAGTCCGAGGGT,0,4223148
yadE_predicted,0.3333333333333333,2,2,GTGTGAGACCTTGGAACCTT,0,4233941
yadE_predicted,0.3333333333333333,2,2,GTGTCTTAGCTCTGCAATCT,0,4176065
yadE_predicted,0.3333333333333333,2,2,GTGTCTCCCAGAACATCCGG,0,4227877
yadE_predicted,0.3333333333333333,2,2,GTGTCGTCAGAAAGAAGGGA,0,4200034
yadE_predicted,0.3333333333333333,2,2,GTGTCCGCGCTTATCCGAGG,0,4162671
yadE_predicted,0.3333333333333333,2,2,GTGTCATACTGGCGTTCTCG,0,4232338
yadE_predicted,0.3333333333333333,2,2,GTGTCAGAAAACACGCAGTG,0,4163694
yadE_predicted,0.3333333333333333,2,2,GTGTAGTGGGTAGCAACGTC,0,4177704
yadE_predicted,0.3333333333333333,2,2,GTGTAGGTAGCACTCGAAAG,0,4225085
yadE_predicted,0.3333333333333333,2,2,GTGTAGGCATGGTAAAAGGG,0,4210387
yadE_predicted,0.3333333333333333,2,2,GTGGTCGGACGGGTCCTGTG,0,4163592
yadE_predicted,0.3333333333333333,2,2,GTGGGAGGAGATGTTTCCTA,0,4236785
yadE_predicted,0.3333333333333333,2,2,GTGGCCCATAAGTGCGAGTA,0,4217910
yadE_predicted,0.3333333333333333,2,2,GTGGATAGTTTTCCTTATCC,0,4236613
yadE_predicted,0.3333333333333333,2,2,GTGCTTCGACCAAGTATGAC,0,4229642
yadE_predicted,0.3333333333333333,2,2,GTGCTCCTTAATCCTCGATT,0,4183506
yadE_predicted,0.3333333333333333,2,2,GTGCTCATTTGGCGTTAAGT,0,4182239
yadE_predicted,0.3333333333333333,2,2,GTGCGTCTGAGTTCAGAGTT,0,4176493
yadE_predicted,0.3333333333333333,2,2,GTGCGTCAAGTTTTAACAGG,0,4226956
yadE_predicted,0.3333333333333333,2,2,GTGCGTAATACGTCGTCGGC,0,4192653
yadE_predicted,0.3333333333333333,2,2,GTGCGCTCTTAGAAAAGATA,0,4167898
yadE_predicted,0.3333333333333333,2,2,GTGCGAGGATACTACAGCCG,0,4185322
yadE_predicted,0.3333333333333333,2,2,GTGCGACCGCCCACCAGCAT,0,4180668
yadE_predicted,0.3333333333333333,2,2,GTGCGACAGTCTGTTGATAC,0,4186212
yadE_predicted,0.3333333333333333,2,2,GTGCCTGCTGCGCGTGGAAC,0,4193867
yadE_predicted,0.3333333333333333,2,2,GTGCCGCGCAATAGGGCTGG,0,4193256
yadE_predicted,0.3333333333333333,2,2,GTGCCCCAACAGTCTGGAGT,0,4224273
yadE_predicted,0.3333333333333333,2,2,GTGCCATTCACTCGCCGTGA,0,4230163
yadE_predicted,0.3333333333333333,2,2,GTGCATGGATACCCGTAGCG,0,4224688
yadE_predicted,0.3333333333333333,2,2,GTGCAGCCGTCAGACCGCTT,0,4239805
yadE_predicted,0.3333333333333333,2,2,GTGCAGATTTATGAGGCGAA,0,4216527
yadE_predicted,0.3333333333333333,2,2,GTGATGTTAGATGTTCTGTA,0,4217881
yadE_predicted,0.3333333333333333,2,2,GTGATCCGGTCAATGAAATT,0,4184807
yadE_predicted,0.3333333333333333,2,2,GTGATCACCGAGCTTCGGCC,0,4178492
yadE_predicted,0.3333333333333333,2,2,GTGAGTTTCACCCGGCAGTC,0,4209239
yadE_predicted,0.3333333333333333,2,2,GTGAGTTACCGCGGCTTGGT,0,4199361
yadE_predicted,0.3333333333333333,2,2,GTGAGGGCGATGCCTTTTTA,0,4217418
yadE_predicted,0.3333333333333333,2,2,GTGAGAGAATGCGGACAGGT,0,4237155
yadE_predicted,0.3333333333333333,2,2,GTGAGAAAGTCACGATCACG,0,4212083
yadE_predicted,0.3333333333333333,2,2,GTGACCTGATAACGCATTGT,0,4229139
yadE_predicted,0.3333333333333333,2,2,GTGACCATAGAACCCTACGC,0,4194488
yadE_predicted,0.3333333333333333,2,2,GTGAATTGTCTCTAAGGAAC,0,4220667
yadE_predicted,0.3333333333333333,2,2,GTGAATCTCGAACACCTTAT,0,4162730
yadE_predicted,0.3333333333333333,2,2,GTGAATAGATGGACAAGAAG,0,4195353
yadE_predicted,0.3333333333333333,2,2,GTGAAGGGGAGTAGAGAGCC,0,4205859
yadE_predicted,0.3333333333333333,2,2,GTGAAACGGGGACAGGAGTT,0,4233684
yadE_predicted,0.3333333333333333,2,2,GTGAAAAATTTTGCGCATAC,0,4209404
yadE_predicted,0.3333333333333333,2,2,GTCTTTACGCTCTCTATTGT,0,4195008
yadE_predicted,0.3333333333333333,2,2,GTCTTAAACCACCTTCCCTA,0,4212847
yadE_predicted,0.3333333333333333,2,2,GTCTCTTTCTATATAAATGA,0,4222294
yadE_predicted,0.3333333333333333,2,2,GTCTCGAAAGACGCATGACA,0,4171310
yadE_predicted,0.3333333333333333,2,2,GTCTATGATCAACAAGAGTG,0,4220717
yadE_predicted,0.3333333333333333,2,2,GTCTACACGTTACATACGGC,0,4194182
yadE_predicted,0.3333333333333333,2,2,GTCTAATGCTGACAGCCCCC,0,4178473
yadE_predicted,0.3333333333333333,2,2,GTCGTCTCAAAAGACGCGGC,0,4214891
yadE_predicted,0.3333333333333333,2,2,GTCGGTACGGCCAAAGTCCG,0,4171546
yadE_predicted,0.3333333333333333,2,2,GTCGGTACGAGATAAGCCGA,0,4198863
yadE_predicted,0.3333333333333333,2,2,GTCGGGTTAATGCACGTATG,0,4190639
yadE_predicted,0.3333333333333333,2,2,GTCCTCGCGCTCTGCAGGTG,0,4210494
yadE_predicted,0.3333333333333333,2,2,GTCCTAGTGTCTGTAAATTT,0,4202355
yadE_predicted,0.3333333333333333,2,2,GTCCGGGCTTACGACGCCGA,0,4239164
yadE_predicted,0.3333333333333333,2,2,GTCCGGCGGAGACTCCGTTG,0,4225883
yadE_predicted,0.3333333333333333,2,2,GTCCGCTCGTTAGGTCTACC,0,4209978
yadE_predicted,0.3333333333333333,2,2,GTCCGCCGGTACAAGGTAAA,0,4167136
yadE_predicted,0.3333333333333333,2,2,GTCCGAGACCAGCCATTCCT,0,4160724
yadE_predicted,0.3333333333333333,2,2,GTCCCTGCAAAGCGCGCCTT,0,4234684
yadE_predicted,0.3333333333333333,2,2,GTCCCGTGTGAATCACCAAT,0,4194317
yadE_predicted,0.3333333333333333,2,2,GTCCCAGTATATGTGGCTAT,0,4174172
yadE_predicted,0.3333333333333333,2,2,GTCCAGGGTCATGTGGTGCA,0,4212430
yadE_predicted,0.3333333333333333,2,2,GTCCAAGATCAGATTTCCAC,0,4168051
yadE_predicted,0.3333333333333333,2,2,GTCATTGCGCGCCCGACGAG,0,4219538
yadE_predicted,0.3333333333333333,2,2,GTCATGGTAAAGGTAATGTC,0,4199487
yadE_predicted,0.3333333333333333,2,2,GTCATCGGAGCTGTCCTAGC,0,4229659
yadE_predicted,0.3333333333333333,2,2,GTCATCCGAAAGCAACCCTT,0,4211065
yadE_predicted,0.3333333333333333,2,2,GTCATCACGCTAGGCATTTA,0,4211086
yadE_predicted,0.3333333333333333,2,2,GTCAGGCCCGTTCTTGAGGA,0,4160609
yadE_predicted,0.3333333333333333,2,2,GTCAGATTCACGGTTGATCG,0,4224809
yadE_predicted,0.3333333333333333,2,2,GTCACAGTTAAGTTGTCCCT,0,4205107
yadE_predicted,0.3333333333333333,2,2,GTCAAGTTTCGTTGGTGGCT,0,4211727
yadE_predicted,0.3333333333333333,2,2,GTCAAATTAAAGTAGCAATG,0,4176554
yadE_predicted,0.3333333333333333,2,2,GTCAAAAAGGGGGCGGGCGG,0,4171569
yadE_predicted,0.3333333333333333,2,2,GTATTTTAAATCACGGGTCT,0,4217282
yadE_predicted,0.3333333333333333,2,2,GTATTCTGCCACGGACGGAA,0,4207437
yadE_predicted,0.3333333333333333,2,2,GTATGGGACACATATCCCAA,0,4224000
yadE_predicted,0.3333333333333333,2,2,GTATGCGGGACTCCCTGTGG,0,4201150
yadE_predicted,0.3333333333333333,2,2,GTATGATAAAAGTCGATGCG,0,4185201
yadE_predicted,0.3333333333333333,2,2,GTATCTTTCATGGTTAGCAA,0,4192039
yadE_predicted,0.3333333333333333,2,2,GTATCTTATGTTAGGCTCCA,0,4221939
yadE_predicted,0.3333333333333333,2,2,GTATCGTTGAGCATGAGAAG,0,4190042
yadE_predicted,0.3333333333333333,2,2,GTATCACCGTAATCATTTAC,0,4187712
yadE_predicted,0.3333333333333333,2,2,GTATATTTGCAGTCGGGATC,0,4240640
yadE_predicted,0.3333333333333333,2,2,GTATAGACCTCAGGAGGCCC,0,4165985
yadE_predicted,0.3333333333333333,2,2,GTATAAGACTTTTTCGATAG,0,4229894
yadE_predicted,0.3333333333333333,2,2,GTAGTTCACAGGAAAATCGT,0,4209734
yadE_predicted,0.3333333333333333,2,2,GTAGTGCAACTACTTACTTC,0,4204171
yadE_predicted,0.3333333333333333,2,2,GTAGTCTGATGATAACCCAA,0,4185413
yadE_predicted,0.3333333333333333,2,2,GTACTTCATTGGCAGCTACT,0,4237697
yadE_predicted,0.3333333333333333,2,2,GTACTTAATGGGTTCAGTTC,0,4179126
yadE_predicted,0.3333333333333333,2,2,GTACTGTGGGACATTCTTAC,0,4224493
yadE_predicted,0.3333333333333333,2,2,GTACTGCGTGGAAGCGTCCA,0,4167197
yadE_predicted,0.3333333333333333,2,2,GTACGTTCGATGCGCCCACG,0,4197003
yadE_predicted,0.3333333333333333,2,2,GTACGTACCGTACAGGGGAT,0,4173028
yadE_predicted,0.3333333333333333,2,2,GTACGGGATGGCCATCTATT,0,4237280
yadE_predicted,0.3333333333333333,2,2,GTACGGCCTCATTGTGTCAT,0,4217798
yadE_predicted,0.3333333333333333,2,2,GTACGCTGTGTCTTCCATGT,0,4187709
yadE_predicted,0.3333333333333333,2,2,GTACCCTCAATTAAGGTAAG,0,4192510
yadE_predicted,0.3333333333333333,2,2,GTAATGGCCCTTCTGCGGCA,0,4216159
yadE_predicted,0.3333333333333333,2,2,GTAAGAACGGTGGGGGGGCA,0,4233741
yadE_predicted,0.3333333333333333,2,2,GTAACTAAGATACAGCACCT,0,4220221
yadE_predicted,0.3333333333333333,2,2,GTAAATGCCGCTCAGGATGG,0,4236471
yadE_predicted,0.3333333333333333,2,2,GTAAACCTGGCTTATTAAGC,0,4181931
yadE_predicted,0.3333333333333333,2,2,GTAAACAGATGGCTATTAAG,0,4182233
yadE_predicted,0.3333333333333333,2,2,GGTTTTGCCCGACAGACTTG,0,4216545
yadE_predicted,0.3333333333333333,2,2,GGTTTAATCTCGTGGCATCA,0,4171367
yadE_predicted,0.3333333333333333,2,2,GGTTGTTATGCCGACATGGT,0,4181235
yadE_predicted,0.3333333333333333,2,2,GGTTGGGGGCTAGCTTTTTA,0,4222791
yadE_predicted,0.3333333333333333,2,2,GGTTGAGGTGATAGGTGGCA,0,4186374
yadE_predicted,0.3333333333333333,2,2,GGTTGACTCCAATGTCAGGT,0,4178638
yadE_predicted,0.3333333333333333,2,2,GGTTATCACTTGGCCCTCCA,0,4226959
yadE_predicted,0.3333333333333333,2,2,GGTGTTTTACCTCTCCGCAA,0,4239968
yadE_predicted,0.3333333333333333,2,2,GGTGGCCGATCAGTCACAGA,0,4200225
yadE_predicted,0.3333333333333333,2,2,GGTGGATATGAAACTCTCAA,0,4187025
yadE_predicted,0.3333333333333333,2,2,GGTGGAGCCGCCAAGCCTAG,0,4205329
yadE_predicted,0.3333333333333333,2,2,GGTGCGGGTATATTGGAGCA,0,4182393
yadE_predicted,0.3333333333333333,2,2,GGTGCGACGTCACGGAATCG,0,4221047
yadE_predicted,0.3333333333333333,2,2,GGTGCCCGGGTCAGGTAATA,0,4206677
yadE_predicted,0.3333333333333333,2,2,GGTGATGAATCATTCACCTC,0,4207114
yadE_predicted,0.3333333333333333,2,2,GGTGATACTTTAGAAAGGTA,0,4163505
yadE_predicted,0.3333333333333333,2,2,GGTGACTCAAATTAGGTGGA,0,4174738
yadE_predicted,0.3333333333333333,2,2,GGTGAAGGGCCAGCACAGCA,0,4240832
yadE_predicted,0.3333333333333333,2,2,GGTCTTTCCAAACTTTAACA,0,4194768
yadE_predicted,0.3333333333333333,2,2,GGTCGTTTCCGAACTAAACC,0,4178568
yadE_predicted,0.3333333333333333,2,2,GGTCGGGTAGGTCAGTCTCC,0,4177159
yadE_predicted,0.3333333333333333,2,2,GGTCCACTTCTTCCTCATTT,0,4191569
yadE_predicted,0.3333333333333333,2,2,GGTCATTAAGTGAGTAACCT,0,4234610
yadE_predicted,0.3333333333333333,2,2,GGTATTTTTGTGTGTTAAAT,0,4234670
yadE_predicted,0.3333333333333333,2,2,GGTAGGCGGAGGGTACTGAC,0,4193677
yadE_predicted,0.3333333333333333,2,2,GGTAGCACTACATGTATTTA,0,4164936
yadE_predicted,0.3333333333333333,2,2,GGTACGCCTTCAAAAATAAC,0,4241377
yadE_predicted,0.3333333333333333,2,2,GGTACATCTGCGATATCATC,0,4211870
yadE_predicted,0.3333333333333333,2,2,GGTACAGTCGCGAACGGATC,0,4216254
yadE_predicted,0.3333333333333333,2,2,GGTACAAGGCTGAAGTATAA,0,4216842
yadE_predicted,0.3333333333333333,2,2,GGTAAGTGGTGCTGTGGTTT,0,4183730
yadE_predicted,0.3333333333333333,2,2,GGGTTTAAGTCGTGACCGTG,0,4223648
yadE_predicted,0.3333333333333333,2,2,GGGTGCCTCTTGTCAACCTT,0,4220500
yadE_predicted,0.3333333333333333,2,2,GGGTCTTTTCTAGTTTATAT,0,4204129
yadE_predicted,0.3333333333333333,2,2,GGGTCTGACTGTTAGGGGCG,0,4195592
yadE_predicted,0.3333333333333333,2,2,GGGTATGGGGCGCTAACCAC,0,4207473
yadE_predicted,0.3333333333333333,2,2,GGGTAGACGAAAGCTTCCTA,0,4234297
yadE_predicted,0.3333333333333333,2,2,GGGTACTACTCTGAGACAAA,0,4163915
yadE_predicted,0.3333333333333333,2,2,GGGTAATGTTGTCTGTCCAA,0,4186041
yadE_predicted,0.3333333333333333,2,2,GGGTAATCTCGTTATGTTGT,0,4168291
yadE_predicted,0.3333333333333333,2,2,GGGGTTCATACTTACCCATT,0,4225081
yadE_predicted,0.3333333333333333,2,2,GGGGTGATGTGCTCAGCCAT,0,4174557
yadE_predicted,0.3333333333333333,2,2,GGGGTATGGGCGGAGGGGAT,0,4161988
yadE_predicted,0.3333333333333333,2,2,GGGGGTTAACGTGGGCATTC,0,4239847
yadE_predicted,0.3333333333333333,2,2,GGGGGTCCCCAAGTTAAGGG,0,4227679
yadE_predicted,0.3333333333333333,2,2,GGGGGCGCGCACTGATAGAC,0,4235050
yadE_predicted,0.3333333333333333,2,2,GGGGCACCTTTTCATGAGCT,0,4169421
yadE_predicted,0.3333333333333333,2,2,GGGGACCGGATCTGTTGTAT,0,4215291
yadE_predicted,0.3333333333333333,2,2,GGGGAATTAGTCTGTGCTTA,0,4215537
yadE_predicted,0.3333333333333333,2,2,GGGGAAGAATATCTATATAT,0,4202406
yadE_predicted,0.3333333333333333,2,2,GGGCTTGCTCGCTGTTGGAT,0,4195016
yadE_predicted,0.3333333333333333,2,2,GGGCTGGTAACTCATGTCTT,0,4217695
yadE_predicted,0.3333333333333333,2,2,GGGCTGCACTCTGCCGTTCG,0,4178381
yadE_predicted,0.3333333333333333,2,2,GGGCTCGCGCCAGTGTGAAA,0,4233916
yadE_predicted,0.3333333333333333,2,2,GGGCTATTTTCCGGTCTTGA,0,4217856
yadE_predicted,0.3333333333333333,2,2,GGGCGTCTTCTATAAACGGT,0,4203736
yadE_predicted,0.3333333333333333,2,2,GGGCGATTTTACAGCCAGGA,0,4214053
yadE_predicted,0.3333333333333333,2,2,GGGCCTAGGTGGGTTACCCC,0,4198595
yadE_predicted,0.3333333333333333,2,2,GGGCCGGCGGAATCGGCCAA,0,4168011
yadE_predicted,0.3333333333333333,2,2,GGGCACTGAGCCTAATTGTA,0,4223858
yadE_predicted,0.3333333333333333,2,2,GGGCAAATGCACTTGCTTGA,0,4159844
yadE_predicted,0.3333333333333333,2,2,GGGATGGTTCAAACTGTTAA,0,4216032
yadE_predicted,0.3333333333333333,2,2,GGGATGGTGTGTGTTATCCA,0,4163251
yadE_predicted,0.3333333333333333,2,2,GGGATGGCTTCGGCCTCAGA,0,4202815
yadE_predicted,0.3333333333333333,2,2,GGGATAAGGTTTGCTTATCC,0,4241378
yadE_predicted,0.3333333333333333,2,2,GGGAGTGCTTACACCGCTTC,0,4206903
yadE_predicted,0.3333333333333333,2,2,GGGAGCAAATTGCCGGGATA,0,4168752
yadE_predicted,0.3333333333333333,2,2,GGGACTTTTAGATGGACTCT,0,4226607
yadE_predicted,0.3333333333333333,2,2,GGGACCGTGAATGGCGCTAA,0,4202812
yadE_predicted,0.3333333333333333,2,2,GGGAATTCTGGTTATCAAAC,0,4229596
yadE_predicted,0.3333333333333333,2,2,GGGAAGTTACAGCTTTGGGC,0,4182891
yadE_predicted,0.3333333333333333,2,2,GGGAACTCGGCAAGATATTG,0,4212169
yadE_predicted,0.3333333333333333,2,2,GGGAAACCGGCCCCTAGAAG,0,4216001
yadE_predicted,0.3333333333333333,2,2,GGCTTTGCAAGTACCACGGT,0,4175423
yadE_predicted,0.3333333333333333,2,2,GGCTTCTAGTATGCGTGTGT,0,4187757
yadE_predicted,0.3333333333333333,2,2,GGCTGCCCCGTGATGAACCA,0,4164570
yadE_predicted,0.3333333333333333,2,2,GGCTCAGGCCGGACAACAAC,0,4240153
yadE_predicted,0.3333333333333333,2,2,GGCTCAAGGTGTAGGGCCCT,0,4229034
yadE_predicted,0.3333333333333333,2,2,GGCTAAGGGTGCGGACCTCG,0,4171221
yadE_predicted,0.3333333333333333,2,2,GGCGTTTCGTTTGCCCCAAG,0,4168816
yadE_predicted,0.3333333333333333,2,2,GGCGTTACCTGAGGACTCCA,0,4223726
yadE_predicted,0.3333333333333333,2,2,GGCGTCTTCGTTGGCAGCCA,0,4186113
yadE_predicted,0.3333333333333333,2,2,GGCGGCCGCAAATCGGGGAT,0,4206465
yadE_predicted,0.3333333333333333,2,2,GGCGGCAATACAACATGCAC,0,4203735
yadE_predicted,0.3333333333333333,2,2,GGCGCTGTCAATCTTATCGA,0,4206048
yadE_predicted,0.3333333333333333,2,2,GGCGCCGTATTAAACAACTC,0,4218748
yadE_predicted,0.3333333333333333,2,2,GGCCTTTTTACGCCAAATGT,0,4163000
yadE_predicted,0.3333333333333333,2,2,GGCCTGTATCGTCCGGCGGT,0,4183425
yadE_predicted,0.3333333333333333,2,2,GGCCTCAAGGCACGTACGTC,0,4192458
yadE_predicted,0.3333333333333333,2,2,GGCCGTTTGGCCGATTGTAT,0,4170388
yadE_predicted,0.3333333333333333,2,2,GGCCGTACCGTATCCATAGG,0,4166432
yadE_predicted,0.3333333333333333,2,2,GGCCGGCGAGGGGATTCAAG,0,4235437
yadE_predicted,0.3333333333333333,2,2,GGCCGGCCATCCGGGTCTAT,0,4214806
yadE_predicted,0.3333333333333333,2,2,GGCCCGTTCTAGAACCTCGC,0,4189484
yadE_predicted,0.3333333333333333,2,2,GGCCCGGTAAACTCCGTTCT,0,4167410
yadE_predicted,0.3333333333333333,2,2,GGCCCGGACCCGCCTCGTGT,0,4197868
yadE_predicted,0.3333333333333333,2,2,GGCCCCAGTGACCTTTGAAC,0,4168197
yadE_predicted,0.3333333333333333,2,2,GGCCAATGTACGGCCACGGT,0,4234813
yadE_predicted,0.3333333333333333,2,2,GGCATTCGTTTGAGCCTGGT,0,4224466
yadE_predicted,0.3333333333333333,2,2,GGCATGCCGACAGACATACG,0,4193125
yadE_predicted,0.3333333333333333,2,2,GGCATATAGGGTCGCGTTTT,0,4216963
yadE_predicted,0.3333333333333333,2,2,GGCAGTTCAGAATTCAATAG,0,4225142
yadE_predicted,0.3333333333333333,2,2,GGCAGCTATAAACATGCTAG,0,4201838
yadE_predicted,0.3333333333333333,2,2,GGCAGCGGTCGTTGCTAGGC,0,4171214
yadE_predicted,0.3333333333333333,2,2,GGCAGCGACATCTCAGGACA,0,4167574
yadE_predicted,0.3333333333333333,2,2,GGCACGCCATTGGCCAACTT,0,4200780
yadE_predicted,0.3333333333333333,2,2,GGCACGAGGGCCTGTATCAA,0,4192647
yadE_predicted,0.3333333333333333,2,2,GGCAATAGATGGGAATCTTC,0,4213807
yadE_predicted,0.3333333333333333,2,2,GGATTTATTTTCAAAACCAC,0,4204161
yadE_predicted,0.3333333333333333,2,2,GGATTGGCCTTATGTAACTT,0,4179611
yadE_predicted,0.3333333333333333,2,2,GGATTGGACGTTGAGGTTAG,0,4196332
yadE_predicted,0.3333333333333333,2,2,GGATGTATGCGGGTATCCGG,0,4205623
yadE_predicted,0.3333333333333333,2,2,GGATATAATCGTATCCCCCC,0,4202442
yadE_predicted,0.3333333333333333,2,2,GGAGTGGCCGGTTCCATCTC,0,4203724
yadE_predicted,0.3333333333333333,2,2,GGAGTCTGGCGCGGTCCCCG,0,4240403
yadE_predicted,0.3333333333333333,2,2,GGAGGATCGACTAATGACGA,0,4171038
yadE_predicted,0.3333333333333333,2,2,GGAGCTTGCCATGCTTTACT,0,4220124
yadE_predicted,0.3333333333333333,2,2,GGAGAGAGTATTGAGTCGAA,0,4199817
yadE_predicted,0.3333333333333333,2,2,GGACTCGTTTCCGATGGCCA,0,4204308
yadE_predicted,0.3333333333333333,2,2,GGACGTGCGCCAGAGGGCGT,0,4217819
yadE_predicted,0.3333333333333333,2,2,GGACGTGAACATCTCGAATC,0,4180953
yadE_predicted,0.3333333333333333,2,2,GGACGCCAGCGGAAAGATGG,0,4207132
yadE_predicted,0.3333333333333333,2,2,GGACCGTTAAGTGACTGCTA,0,4238992
yadE_predicted,0.3333333333333333,2,2,GGACCGGTAAAAGAAATGTA,0,4222514
yadE_predicted,0.3333333333333333,2,2,GGACCGGCGACAGTGCCTGT,0,4211609
yadE_predicted,0.3333333333333333,2,2,GGACCGAGAGACCGACCTGT,0,4190308
yadE_predicted,0.3333333333333333,2,2,GGACCGAATTGGATTCGTTG,0,4187188
yadE_predicted,0.3333333333333333,2,2,GGACCCGGCCGATCTGAAAG,0,4220661
yadE_predicted,0.3333333333333333,2,2,GGACAGTCATTTCGGTTCGT,0,4166560
yadE_predicted,0.3333333333333333,2,2,GGAATGGCATGATTCAAACA,0,4207285
yadE_predicted,0.3333333333333333,2,2,GGAATCTAGGAGTTGTACGA,0,4162986
yadE_predicted,0.3333333333333333,2,2,GGAAGTCTCCAATCACGAGG,0,4210032
yadE_predicted,0.3333333333333333,2,2,GGAAGCGTGGAGGGGACTCA,0,4213640
yadE_predicted,0.3333333333333333,2,2,GGAAGCGTAAATACGTTAGG,0,4191366
yadE_predicted,0.3333333333333333,2,2,GGAACGATAGCCACCGATAA,0,4170735
yadE_predicted,0.3333333333333333,2,2,GGAAATTACATCGGTTTCCG,0,4171375
yadE_predicted,0.3333333333333333,2,2,GGAAATAATCGTCGGGGCGT,0,4232425
yadE_predicted,0.3333333333333333,2,2,GGAAACCTGGCAATCTGCCA,0,4169494
yadE_predicted,0.3333333333333333,2,2,GGAAACCCGGCCTAAAAGAG,0,4181886
yadE_predicted,0.3333333333333333,2,2,GGAAAACCAATGGAATCCAT,0,4159736
yadE_predicted,0.3333333333333333,2,2,GCTTTTAGCACGGTCTTAAG,0,4172086
yadE_predicted,0.3333333333333333,2,2,GCTTTCGGGTGATTTAGCTC,0,4192705
yadE_predicted,0.3333333333333333,2,2,GCTTTCCCCCAACAACCCAG,0,4237008
yadE_predicted,0.3333333333333333,2,2,GCTTTACGGGTCTTGTAATG,0,4218245
yadE_predicted,0.3333333333333333,2,2,GCTTGTATGACTTGAGGGAC,0,4180818
yadE_predicted,0.3333333333333333,2,2,GCTTGGTAAGTTGCTCCGAC,0,4198624
yadE_predicted,0.3333333333333333,2,2,GCTTGCTGTGATTTGCGATC,0,4194736
yadE_predicted,0.3333333333333333,2,2,GCTTGCGTCGTTAGACTATT,0,4197150
yadE_predicted,0.3333333333333333,2,2,GCTTGCCGCGAAGGCTGGTC,0,4176009
yadE_predicted,0.3333333333333333,2,2,GCTTGATCTAAGCAGCTATT,0,4228431
yadE_predicted,0.3333333333333333,2,2,GCTTCTAGATAAGATCCGAC,0,4177478
yadE_predicted,0.3333333333333333,2,2,GCTTCGGATGTTAAATCTGG,0,4214750
yadE_predicted,0.3333333333333333,2,2,GCTTCCACACTTTTATGAAA,0,4174726
yadE_predicted,0.3333333333333333,2,2,GCTTATTATGTAGTGAGAGG,0,4191536
yadE_predicted,0.3333333333333333,2,2,GCTTAGGCAACAATAACCTA,0,4211636
yadE_predicted,0.3333333333333333,2,2,GCTGTCCATAGGACTCTTAA,0,4164507
yadE_predicted,0.3333333333333333,2,2,GCTGGATCAGTCTATCATGT,0,4173453
yadE_predicted,0.3333333333333333,2,2,GCTGGAGGCATTTTTTTGTA,0,4193987
yadE_predicted,0.3333333333333333,2,2,GCTGCATTATTACAAATTAT,0,4169062
yadE_predicted,0.3333333333333333,2,2,GCTGATTCGGCTGGGCGAGA,0,4238241
yadE_predicted,0.3333333333333333,2,2,GCTGATTATAAAATCTCGGA,0,4201405
yadE_predicted,0.3333333333333333,2,2,GCTGATGGGTCTAGATCGTG,0,4167205
yadE_predicted,0.3333333333333333,2,2,GCTGAGCTACCGATAAACGT,0,4200571
yadE_predicted,0.3333333333333333,2,2,GCTGACAACGTCCGCATTAA,0,4213212
yadE_predicted,0.3333333333333333,2,2,GCTGAAAAGCTGGCAGGGTG,0,4166482
yadE_predicted,0.3333333333333333,2,2,GCTCTTGAGGAACGAAAGAA,0,4199921
yadE_predicted,0.3333333333333333,2,2,GCTCTCCACCCGAAGCTTCC,0,4195005
yadE_predicted,0.3333333333333333,2,2,GCTCTAGCAGGGCGTCGAAC,0,4180696
yadE_predicted,0.3333333333333333,2,2,GCTCTAAGACTATTGCTTAT,0,4205303
yadE_predicted,0.3333333333333333,2,2,GCTCGCAAGATCTGGGAATC,0,4181684
yadE_predicted,0.3333333333333333,2,2,GCTCCGCACAGGCCTTCGCT,0,4217596
yadE_predicted,0.3333333333333333,2,2,GCTCATATTTCCGTGGCGTG,0,4199473
yadE_predicted,0.3333333333333333,2,2,GCTCAATCTGTTCTGACTCT,0,4204838
yadE_predicted,0.3333333333333333,2,2,GCTATGACCTAGCAGTTTTG,0,4214906
yadE_predicted,0.3333333333333333,2,2,GCTATACTTTTGCGCGGTAC,0,4237799
yadE_predicted,0.3333333333333333,2,2,GCTATAAGTAAATATATGCT,0,4230295
yadE_predicted,0.3333333333333333,2,2,GCTATAACGGGACCTCGGCA,0,4199882
yadE_predicted,0.3333333333333333,2,2,GCTATAAACTAACCAGATTG,0,4162089
yadE_predicted,0.3333333333333333,2,2,GCTAGTCCAGCTCAGATTAC,0,4200146
yadE_predicted,0.3333333333333333,2,2,GCTAGGTGACACCGCCACGT,0,4224963
yadE_predicted,0.3333333333333333,2,2,GCTAGGGTTGTTAGGTTATA,0,4161316
yadE_predicted,0.3333333333333333,2,2,GCTACGTATGGCTAATTGAC,0,4178455
yadE_predicted,0.3333333333333333,2,2,GCTACGTAGTCTGCACGGAG,0,4210775
yadE_predicted,0.3333333333333333,2,2,GCTACCATCCCGTCGTAAAG,0,4196771
yadE_predicted,0.3333333333333333,2,2,GCGTTTCAGACAACAGCCGC,0,4167846
yadE_predicted,0.3333333333333333,2,2,GCGTTGATACCATTAGGTTC,0,4236825
yadE_predicted,0.3333333333333333,2,2,GCGTGCATAATGTCATCCCC,0,4195202
yadE_predicted,0.3333333333333333,2,2,GCGTCTCAGAATCGTTGACA,0,4205411
yadE_predicted,0.3333333333333333,2,2,GCGTCGGTGTCACGGTCAGG,0,4193975
yadE_predicted,0.3333333333333333,2,2,GCGTCCGGGGGTCGGTCCAT,0,4189956
yadE_predicted,0.3333333333333333,2,2,GCGTAGTTCGGTAGAGAAAG,0,4182011
yadE_predicted,0.3333333333333333,2,2,GCGGTGACTGCACTGGCAGT,0,4196262
yadE_predicted,0.3333333333333333,2,2,GCGGTCCAATAATGCTGGGG,0,4172567
yadE_predicted,0.3333333333333333,2,2,GCGGGGGGTACGAGGGATAC,0,4196629
yadE_predicted,0.3333333333333333,2,2,GCGGGCGCATGGCCTCCTGC,0,4190466
yadE_predicted,0.3333333333333333,2,2,GCGGCGTACTCTGAATCCGC,0,4178308
yadE_predicted,0.3333333333333333,2,2,GCGGCAATCCGCCGTACAGC,0,4170408
yadE_predicted,0.3333333333333333,2,2,GCGGAGTAATTATTGTGGTG,0,4192953
yadE_predicted,0.3333333333333333,2,2,GCGGACTCTATGAACTTGGT,0,4164875
yadE_predicted,0.3333333333333333,2,2,GCGCTTCCTGGCAATACCGT,0,4239864
yadE_predicted,0.3333333333333333,2,2,GCGCTCGATTGTTCCAAAGG,0,4219071
yadE_predicted,0.3333333333333333,2,2,GCGCTAATCTTGATCTAAAG,0,4206809
yadE_predicted,0.3333333333333333,2,2,GCGCGTATGCAGCACACCTC,0,4204787
yadE_predicted,0.3333333333333333,2,2,GCGCGGTCTCAGGTTACTGA,0,4182275
yadE_predicted,0.3333333333333333,2,2,GCGCCCTTACTGGGGGCTTG,0,4231625
yadE_predicted,0.3333333333333333,2,2,GCGCCAATAGTCTGCGGTGT,0,4208499
yadE_predicted,0.3333333333333333,2,2,GCGATCTTGCCTCGGATAGG,0,4215811
yadE_predicted,0.3333333333333333,2,2,GCGATATGAAAGCTCCATTC,0,4232635
yadE_predicted,0.3333333333333333,2,2,GCGACCGCTGGCATGGTTAC,0,4181767
yadE_predicted,0.3333333333333333,2,2,GCGACCCAGCACTGATCGCG,0,4174246
yadE_predicted,0.3333333333333333,2,2,GCGAATGAATTCCCCGCTCA,0,4221186
yadE_predicted,0.3333333333333333,2,2,GCGAAGTACGGGGGCTGCCG,0,4203319
yadE_predicted,0.3333333333333333,2,2,GCCTTGGTACTATAATTGGC,0,4203962
yadE_predicted,0.3333333333333333,2,2,GCCTGTACGTCTCTCCAGCA,0,4223433
yadE_predicted,0.3333333333333333,2,2,GCCTGCCACCGGTCAAAGCC,0,4163569
yadE_predicted,0.3333333333333333,2,2,GCCTGCACAGAGATCTCGAT,0,4196420
yadE_predicted,0.3333333333333333,2,2,GCCTCTCGAGAGTATATGTT,0,4215450
yadE_predicted,0.3333333333333333,2,2,GCCTCGGGTTCCTCAGCGAA,0,4176129
yadE_predicted,0.3333333333333333,2,2,GCCTCCTGAAGCGTCTTCTT,0,4164317
yadE_predicted,0.3333333333333333,2,2,GCCTCCTCCCGCCGGCCGAA,0,4197690
yadE_predicted,0.3333333333333333,2,2,GCCTCACTAGCTTTGTAGTT,0,4203742
yadE_predicted,0.3333333333333333,2,2,GCCTACACACAGGCGCTCGG,0,4215422
yadE_predicted,0.3333333333333333,2,2,GCCGTATTCGTCAGATGGAC,0,4216808
yadE_predicted,0.3333333333333333,2,2,GCCGGAATCAAGCAGGGCCC,0,4198953
yadE_predicted,0.3333333333333333,2,2,GCCGCCCGGAAGTCGTGCAG,0,4207578
yadE_predicted,0.3333333333333333,2,2,GCCGAGCAGGCCATTAAGTA,0,4240484
yadE_predicted,0.3333333333333333,2,2,GCCGAAAGTAATGCGCATCT,0,4162357
yadE_predicted,0.3333333333333333,2,2,GCCCTTATTGGAGTCTGGCC,0,4173031
yadE_predicted,0.3333333333333333,2,2,GCCCGTTTTTAAAGCATCAA,0,4240856
yadE_predicted,0.3333333333333333,2,2,GCCCGGTTTCGGTCGGCAAC,0,4203039
yadE_predicted,0.3333333333333333,2,2,GCCCGGGTCTACTCCCACAA,0,4191402
yadE_predicted,0.3333333333333333,2,2,GCCCGATGTCCCGGGTGCAT,0,4204851
yadE_predicted,0.3333333333333333,2,2,GCCCCTTTCGCGGCACGGGC,0,4174005
yadE_predicted,0.3333333333333333,2,2,GCCCCTCATCTACCTTGGGA,0,4208097
yadE_predicted,0.3333333333333333,2,2,GCCCCGGTCAGACCCTACCA,0,4207832
yadE_predicted,0.3333333333333333,2,2,GCCCCCCGGGCCAAACTCGA,0,4177773
yadE_predicted,0.3333333333333333,2,2,GCCCCACAGGTATAACGGGG,0,4201713
yadE_predicted,0.3333333333333333,2,2,GCCCAGTAGAAAACTCGAGC,0,4212680
yadE_predicted,0.3333333333333333,2,2,GCCCACTTAATTACCTACAT,0,4189194
yadE_predicted,0.3333333333333333,2,2,GCCCACAATTCATATACGTT,0,4166403
yadE_predicted,0.3333333333333333,2,2,GCCCAACATGACCAACCCCA,0,4177440
yadE_predicted,0.3333333333333333,2,2,GCCATTTTTCCGGAATCACC,0,4209854
yadE_predicted,0.3333333333333333,2,2,GCCATTCGGTTGTATGGCTT,0,4184316
yadE_predicted,0.3333333333333333,2,2,GCCATGCGCATTCCTCCGAC,0,4170745
yadE_predicted,0.3333333333333333,2,2,GCCATATGGTCTATAGCTAC,0,4176403
yadE_predicted,0.3333333333333333,2,2,GCCAGTCTCGGGTCACTAGA,0,4176210
yadE_predicted,0.3333333333333333,2,2,GCCAGTAAACAGAGGATAGG,0,4189498
yadE_predicted,0.3333333333333333,2,2,GCCAGCTCGTGAGTAGCCCT,0,4198977
yadE_predicted,0.3333333333333333,2,2,GCCACCAGTTTTGTAAAAAG,0,4186715
yadE_predicted,0.3333333333333333,2,2,GCCACAAACCAGGCTCCGAT,0,4237156
yadE_predicted,0.3333333333333333,2,2,GCCAAGCGTACGGCTCAAGG,0,4237104
yadE_predicted,0.3333333333333333,2,2,GCCAAGACGTCCCCACGTTA,0,4235987
yadE_predicted,0.3333333333333333,2,2,GCATTCGCTTGTTGAATCTA,0,4209727
yadE_predicted,0.3333333333333333,2,2,GCATTACTAAGTGTGGGATT,0,4199078
yadE_predicted,0.3333333333333333,2,2,GCATGATGTATGTTAAATTC,0,4190033
yadE_predicted,0.3333333333333333,2,2,GCATGAGGGGATTAAGATAG,0,4194446
yadE_predicted,0.3333333333333333,2,2,GCATGAAGGCACGGGAAGAT,0,4177499
yadE_predicted,0.3333333333333333,2,2,GCAGTTACAAGTGCTCAATA,0,4230871
yadE_predicted,0.3333333333333333,2,2,GCAGTATCGCCAGGTCTGTC,0,4186435
yadE_predicted,0.3333333333333333,2,2,GCAGCTCTTATAAAACGTGC,0,4227609
yadE_predicted,0.3333333333333333,2,2,GCAGCCCAAGAACTCCGAAA,0,4203430
yadE_predicted,0.3333333333333333,2,2,GCAGAGGCCCTATCGTTGCC,0,4186289
yadE_predicted,0.3333333333333333,2,2,GCACTTCTGCTTGCATCTAG,0,4179195
yadE_predicted,0.3333333333333333,2,2,GCACTATGGGACAGAAGACC,0,4169043
yadE_predicted,0.3333333333333333,2,2,GCACGAGATCAGTTGCGCAG,0,4187816
yadE_predicted,0.3333333333333333,2,2,GCACCTCTTCCTATGCGGGG,0,4178231
yadE_predicted,0.3333333333333333,2,2,GCACCCGTTTATAACCCACG,0,4214809
yadE_predicted,0.3333333333333333,2,2,GCACAGTACCCCCCTCAACA,0,4170391
yadE_predicted,0.3333333333333333,2,2,GCACAGGTGTTAAAGCGGAT,0,4180434
yadE_predicted,0.3333333333333333,2,2,GCACAGAAACAGCCTGACTT,0,4235556
yadE_predicted,0.3333333333333333,2,2,GCACAATAAGGACACGACAC,0,4160087
yadE_predicted,0.3333333333333333,2,2,GCAATCTGAGCCGAACGTTG,0,4232791
yadE_predicted,0.3333333333333333,2,2,GCAATCAGCCCCGGGTCGAG,0,4184713
yadE_predicted,0.3333333333333333,2,2,GCAACTATCTGCACCGTACG,0,4200099
yadE_predicted,0.3333333333333333,2,2,GCAAATCTTCCAGCCCGCTG,0,4162462
yadE_predicted,0.3333333333333333,2,2,GATTTTGGAATTATACCATC,0,4233172
yadE_predicted,0.3333333333333333,2,2,GATTTCCCGACTGCACTGGG,0,4194900
yadE_predicted,0.3333333333333333,2,2,GATTTCACACCTGCAGTGAT,0,4214534
yadE_predicted,0.3333333333333333,2,2,GATTGACGCAATATCCTAAA,0,4235132
yadE_predicted,0.3333333333333333,2,2,GATTCGGGGGCCGCCGTTTC,0,4186994
yadE_predicted,0.3333333333333333,2,2,GATTACCCAGCGGGGTCATA,0,4225716
yadE_predicted,0.3333333333333333,2,2,GATGTCGCGTGTGTGAGCGG,0,4180015
yadE_predicted,0.3333333333333333,2,2,GATGGTTGATTTAGTGCGGC,0,4169965
yadE_predicted,0.3333333333333333,2,2,GATGGGGGTCCTAATGGGGC,0,4173654
yadE_predicted,0.3333333333333333,2,2,GATGCTCCGTTTACCTCTTT,0,4207025
yadE_predicted,0.3333333333333333,2,2,GATGCGCGTAGTGCAAGTTT,0,4169437
yadE_predicted,0.3333333333333333,2,2,GATGATCCCACGCAGTTTGA,0,4198037
yadE_predicted,0.3333333333333333,2,2,GATGATAGTCGTAAGGATAA,0,4211077
yadE_predicted,0.3333333333333333,2,2,GATGAGGTCACCGTTGTTCA,0,4168083
yadE_predicted,0.3333333333333333,2,2,GATGAGAGTTTATGCCTAGA,0,4181795
yadE_predicted,0.3333333333333333,2,2,GATCTTTACGGATAAAGGTC,0,4182608
yadE_predicted,0.3333333333333333,2,2,GATCTTGGAAGGCCCCATAA,0,4196525
yadE_predicted,0.3333333333333333,2,2,GATCTGATACCGTAATTCAT,0,4178950
yadE_predicted,0.3333333333333333,2,2,GATCGCTTCCATTAATCCCA,0,4239835
yadE_predicted,0.3333333333333333,2,2,GATCGCGACCGATCTCTCGG,0,4218396
yadE_predicted,0.3333333333333333,2,2,GATCGCATGGGCGGGCTTTA,0,4213119
yadE_predicted,0.3333333333333333,2,2,GATCGCAAGGACTGAAGTAG,0,4176557
yadE_predicted,0.3333333333333333,2,2,GATCCGTTTAGGGTGCCCCT,0,4240114
yadE_predicted,0.3333333333333333,2,2,GATCCGGGGCTTACGGATAG,0,4211754
yadE_predicted,0.3333333333333333,2,2,GATCCATGTATTATTTATAA,0,4197089
yadE_predicted,0.3333333333333333,2,2,GATCAATCCCCGTGGGGAGT,0,4172668
yadE_predicted,0.3333333333333333,2,2,GATATCACGACGCCGGGACA,0,4185836
yadE_predicted,0.3333333333333333,2,2,GATATAACCGTTCCTTGTGG,0,4236299
yadE_predicted,0.3333333333333333,2,2,GATAGGAGTGGCGGAAAGCC,0,4204438
yadE_predicted,0.3333333333333333,2,2,GATAGAGACCGTCATTGAAA,0,4189541
yadE_predicted,0.3333333333333333,2,2,GATAATATGTAATATAGACT,0,4225694
yadE_predicted,0.3333333333333333,2,2,GAGTTCCAGGTCCCCCAACC,0,4233768
yadE_predicted,0.3333333333333333,2,2,GAGTTACAAAGTTTACAACG,0,4230176
yadE_predicted,0.3333333333333333,2,2,GAGTGGGGCTGGGAAGAAGT,0,4166251
yadE_predicted,0.3333333333333333,2,2,GAGTGGAATGGTAGGGCCCA,0,4207179
yadE_predicted,0.3333333333333333,2,2,GAGTGAAGCCTGCAGTGTAT,0,4170940
yadE_predicted,0.3333333333333333,2,2,GAGTCGCATTCCGGCATTTT,0,4172075
yadE_predicted,0.3333333333333333,2,2,GAGTATTATGCGAGTCAGTC,0,4208382
yadE_predicted,0.3333333333333333,2,2,GAGTATCAATAGTGTATGAG,0,4226474
yadE_predicted,0.3333333333333333,2,2,GAGGTCCGACGCCCCGACTT,0,4226119
yadE_predicted,0.3333333333333333,2,2,GAGGTAGACTCCTCGAGGAA,0,4229815
yadE_predicted,0.3333333333333333,2,2,GAGGTAAGAATCTTGGTTCA,0,4240482
yadE_predicted,0.3333333333333333,2,2,GAGGGTACGGGACTGAAAGC,0,4200833
yadE_predicted,0.3333333333333333,2,2,GAGGCTTGTGCAGCGGCTAG,0,4227016
yadE_predicted,0.3333333333333333,2,2,GAGGCCGATACTGCCGTCGT,0,4240636
yadE_predicted,0.3333333333333333,2,2,GAGGCCGAGGAGCTAAATAA,0,4173843
yadE_predicted,0.3333333333333333,2,2,GAGGCATGCAGTAAGTGGTG,0,4238699
yadE_predicted,0.3333333333333333,2,2,GAGGCAGCCAAGTGACACCC,0,4199336
yadE_predicted,0.3333333333333333,2,2,GAGGCAAATCGCCGGACGCA,0,4195327
yadE_predicted,0.3333333333333333,2,2,GAGGACCCCAGTAAGGTAGA,0,4216346
yadE_predicted,0.3333333333333333,2,2,GAGGACATCGTCACGTCAAC,0,4209967
yadE_predicted,0.3333333333333333,2,2,GAGGAACTTGTTTTCATAAC,0,4197996
yadE_predicted,0.3333333333333333,2,2,GAGCTTGTCACCTACCGCCT,0,4180748
yadE_predicted,0.3333333333333333,2,2,GAGCTGTTGGAGGACGCTAG,0,4160971
yadE_predicted,0.3333333333333333,2,2,GAGCTGCGGTGCGCGCGGAT,0,4180497
yadE_predicted,0.3333333333333333,2,2,GAGCTATGTGATTTTGAGCT,0,4211431
yadE_predicted,0.3333333333333333,2,2,GAGCTAGGCTTTGGTACCAG,0,4194023
yadE_predicted,0.3333333333333333,2,2,GAGCGCTAAGCACGGCCGGA,0,4219609
yadE_predicted,0.3333333333333333,2,2,GAGCCGTTGGCGGATTACGG,0,4224912
yadE_predicted,0.3333333333333333,2,2,GAGCACTAAACGTGAGCTAT,0,4223112
yadE_predicted,0.3333333333333333,2,2,GAGCACGCATCGGATGATCT,0,4236373
yadE_predicted,0.3333333333333333,2,2,GAGAGGTAGGTACACGCGGC,0,4170369
yadE_predicted,0.3333333333333333,2,2,GAGAGGGGCTCGTGCAGGCA,0,4172740
yadE_predicted,0.3333333333333333,2,2,GAGAGCCCAGGTTTTTAAAC,0,4236678
yadE_predicted,0.3333333333333333,2,2,GAGAGATGTTCTAAACGAAA,0,4168492
yadE_predicted,0.3333333333333333,2,2,GAGAAACAAGTCTAACGTCC,0,4199117
yadE_predicted,0.3333333333333333,2,2,GACTTTGTGACCCGCACTTG,0,4189965
yadE_predicted,0.3333333333333333,2,2,GACTTCAGTCGTTCAGAGTT,0,4161307
yadE_predicted,0.3333333333333333,2,2,GACTGTGACAATCCACTGTT,0,4209049
yadE_predicted,0.3333333333333333,2,2,GACTGTCTCATCCGTTTGCA,0,4216364
yadE_predicted,0.3333333333333333,2,2,GACTGCTATCTGTAACACAA,0,4219763
yadE_predicted,0.3333333333333333,2,2,GACTGAAGTAGGTGCAGGAT,0,4236266
yadE_predicted,0.3333333333333333,2,2,GACTCTACGCTCATCGCGCA,0,4219248
yadE_predicted,0.3333333333333333,2,2,GACTCGTACTATGTGCATTA,0,4211462
yadE_predicted,0.3333333333333333,2,2,GACTCGGTATATGGCCCAAG,0,4221149
yadE_predicted,0.3333333333333333,2,2,GACTATTGGACACGAGTAGA,0,4196807
yadE_predicted,0.3333333333333333,2,2,GACTAGGGCTAAACACCGGT,0,4233918
yadE_predicted,0.3333333333333333,2,2,GACTACTACCGCCAGGACAG,0,4211220
yadE_predicted,0.3333333333333333,2,2,GACTACCGTTGAGGCGAAGT,0,4191460
yadE_predicted,0.3333333333333333,2,2,GACTAAGCGAGCACTACGTC,0,4199160
yadE_predicted,0.3333333333333333,2,2,GACGTTAACTCACGAAAGGA,0,4203391
yadE_predicted,0.3333333333333333,2,2,GACGTAGCTCTTGCCTATTC,0,4159533
yadE_predicted,0.3333333333333333,2,2,GACGATCGGACTTATACCCC,0,4213124
yadE_predicted,0.3333333333333333,2,2,GACGATCCCGGGCACTTTCT,0,4227904
yadE_predicted,0.3333333333333333,2,2,GACCTGATGTTGGGGCCTCA,0,4170824
yadE_predicted,0.3333333333333333,2,2,GACCTCCTCTGCTTGACCGA,0,4173143
yadE_predicted,0.3333333333333333,2,2,GACCTATAGCCAATTCTTCC,0,4219058
yadE_predicted,0.3333333333333333,2,2,GACCGTGTACGGCGCTTCTG,0,4182893
yadE_predicted,0.3333333333333333,2,2,GACCCTCCCGACTCGAGGCA,0,4209072
yadE_predicted,0.3333333333333333,2,2,GACCCCACGTTCAGCCCCCT,0,4180703
yadE_predicted,0.3333333333333333,2,2,GACCATGGTCCCCCGCTTAA,0,4237069
yadE_predicted,0.3333333333333333,2,2,GACATGTTTGACATCACGCA,0,4181305
yadE_predicted,0.3333333333333333,2,2,GACATATCTCGCATCTCCAG,0,4187925
yadE_predicted,0.3333333333333333,2,2,GACAGATTTGAAACGTTCAT,0,4225580
yadE_predicted,0.3333333333333333,2,2,GACACCATTGTGCGTTCTTA,0,4229495
yadE_predicted,0.3333333333333333,2,2,GACACCAGCTCTTCTTTCAT,0,4227169
yadE_predicted,0.3333333333333333,2,2,GACAAGGCAAATTTGGAAGA,0,4191932
yadE_predicted,0.3333333333333333,2,2,GAATGTGCAATTACTATGCT,0,4200102
yadE_predicted,0.3333333333333333,2,2,GAATGATGAAATGGCGCACC,0,4163562
yadE_predicted,0.3333333333333333,2,2,GAATCGCAAGCGCTCGACAT,0,4186290
yadE_predicted,0.3333333333333333,2,2,GAATCAGTTGATGGTAGGGT,0,4228998
yadE_predicted,0.3333333333333333,2,2,GAATAGTTTCAAAGGGTCTG,0,4198018
yadE_predicted,0.3333333333333333,2,2,GAATACCCTCCCTATTATAC,0,4178261
yadE_predicted,0.3333333333333333,2,2,GAAGTTTATATTACTACCAA,0,4165873
yadE_predicted,0.3333333333333333,2,2,GAAGTAGCGCGCGCCATAAG,0,4197668
yadE_predicted,0.3333333333333333,2,2,GAAGGTTGGCATAAGAACAA,0,4225538
yadE_predicted,0.3333333333333333,2,2,GAAGGCCCACTTCACGTGCT,0,4199396
yadE_predicted,0.3333333333333333,2,2,GAAGGCAGGTGGCTGTTCAG,0,4189147
yadE_predicted,0.3333333333333333,2,2,GAAGGAGAATTCTTACAACG,0,4213039
yadE_predicted,0.3333333333333333,2,2,GAAGCTTTCTATACGCACCC,0,4208957
yadE_predicted,0.3333333333333333,2,2,GAAGCATCGTGAGGTGGAGT,0,4195759
yadE_predicted,0.3333333333333333,2,2,GAAGAGTTGACGTCAAGCTA,0,4195401
yadE_predicted,0.3333333333333333,2,2,GAAGACGAGGTAAGTAATCG,0,4195764
yadE_predicted,0.3333333333333333,2,2,GAACTCAAAATTGCCCCGAG,0,4205366
yadE_predicted,0.3333333333333333,2,2,GAACTATACAACCCTGTGGT,0,4172964
yadE_predicted,0.3333333333333333,2,2,GAACGTATAGCGGAGGTCGT,0,4171768
yadE_predicted,0.3333333333333333,2,2,GAACGGCAGTACTCACATAA,0,4203739
yadE_predicted,0.3333333333333333,2,2,GAACGATCGTGTGGAAAGTA,0,4175224
yadE_predicted,0.3333333333333333,2,2,GAACCTACGAGAGCCGATGG,0,4234800
yadE_predicted,0.3333333333333333,2,2,GAACATGCTTTAGGCCTATA,0,4185979
yadE_predicted,0.3333333333333333,2,2,GAACACGGTAGATTAGGCAC,0,4162838
yadE_predicted,0.3333333333333333,2,2,GAAATACCTCCCCTACTTAC,0,4208600
yadE_predicted,0.3333333333333333,2,2,GAAAGTGTGCCGTGTATATT,0,4222194
yadE_predicted,0.3333333333333333,2,2,GAAACAGTCTATCTTTAGGC,0,4195273
yadE_predicted,0.3333333333333333,2,2,GAAACACACGCGGCCACGGG,0,4188088
yadE_predicted,0.3333333333333333,2,2,GAAAATGGCGTCGTGGGCTC,0,4227362
yadE_predicted,0.3333333333333333,2,2,GAAAATCTACTCTAGCTAAC,0,4204370
yadE_predicted,0.3333333333333333,2,2,CTTTTTACCCCGCAATTCAG,0,4214250
yadE_predicted,0.3333333333333333,2,2,CTTTTGAGACACCTTCTCAT,0,4214154
yadE_predicted,0.3333333333333333,2,2,CTTTGTTAATAAGCCGAGGT,0,4182964
yadE_predicted,0.3333333333333333,2,2,CTTTGGCCGGATAGCGCTTC,0,4189730
yadE_predicted,0.3333333333333333,2,2,CTTTGCGCTTCTGTAGGTAC,0,4189736
yadE_predicted,0.3333333333333333,2,2,CTTTGACGCGGGATCTACCG,0,4174480
yadE_predicted,0.3333333333333333,2,2,CTTTCTGCCCCCGCTGGATA,0,4231228
yadE_predicted,0.3333333333333333,2,2,CTTTCTCTTTCGGCCGCCTT,0,4207954
yadE_predicted,0.3333333333333333,2,2,CTTTCCGGGTAGCTCAGACG,0,4223353
yadE_predicted,0.3333333333333333,2,2,CTTTAGGCCCTACCCACCTT,0,4203455
yadE_predicted,0.3333333333333333,2,2,CTTTACGTTCTCGGTGATGT,0,4204624
yadE_predicted,0.3333333333333333,2,2,CTTTACGCCCTCAGTTTCGG,0,4221902
yadE_predicted,0.3333333333333333,2,2,CTTGTTTGAGATCCTCGGAG,0,4161410
yadE_predicted,0.3333333333333333,2,2,CTTGTGTTTAATTACGGGAG,0,4210789
yadE_predicted,0.3333333333333333,2,2,CTTGTGCGCAGGAACAAAAC,0,4178909
yadE_predicted,0.3333333333333333,2,2,CTTGGTTAGAAGGAGCTTAC,0,4191404
yadE_predicted,0.3333333333333333,2,2,CTTGGTACCCTATGTTGTAA,0,4188710
yadE_predicted,0.3333333333333333,2,2,CTTGGGGGAAGATCTAGAAA,0,4161469
yadE_predicted,0.3333333333333333,2,2,CTTGGCTTCCAACTTGTCTT,0,4222656
yadE_predicted,0.3333333333333333,2,2,CTTGCCCCTCCGTTTAACCT,0,4171313
yadE_predicted,0.3333333333333333,2,2,CTTGAGGTCTCTAGCATAAG,0,4195829
yadE_predicted,0.3333333333333333,2,2,CTTGAGGCCCTGTGCGATAT,0,4179081
yadE_predicted,0.3333333333333333,2,2,CTTCTGCACCAATCCGGGAG,0,4173597
yadE_predicted,0.3333333333333333,2,2,CTTCGTTACATCGAGGCTAC,0,4225524
yadE_predicted,0.3333333333333333,2,2,CTTCGGTGGGGCTTAGACCT,0,4219157
yadE_predicted,0.3333333333333333,2,2,CTTCGGGGTAAACATTTACT,0,4159931
yadE_predicted,0.3333333333333333,2,2,CTTCGGCTAAGTGTGTGGCG,0,4179834
yadE_predicted,0.3333333333333333,2,2,CTTCGCTACCGTAAAACTCT,0,4198079
yadE_predicted,0.3333333333333333,2,2,CTTCCTAGATTTGAGTGGAC,0,4198483
yadE_predicted,0.3333333333333333,2,2,CTTCCAAAACACTGCTATAC,0,4183325
yadE_predicted,0.3333333333333333,2,2,CTTCAGGGTGGTAACGAGAA,0,4202738
yadE_predicted,0.3333333333333333,2,2,CTTCAGCCTAACTGGCGTAA,0,4193431
yadE_predicted,0.3333333333333333,2,2,CTTCACTCTTCGTGATTTCC,0,4208816
yadE_predicted,0.3333333333333333,2,2,CTTAGTGAGAGCAATTCAAA,0,4235823
yadE_predicted,0.3333333333333333,2,2,CTTAGGTAAACCAATCGCTG,0,4206082
yadE_predicted,0.3333333333333333,2,2,CTTAGCCCGCCTTGCGTGAG,0,4222419
yadE_predicted,0.3333333333333333,2,2,CTTAGCATTCATGCTCCGTA,0,4217335
yadE_predicted,0.3333333333333333,2,2,CTTACTTATGACGGCTCTCC,0,4199810
yadE_predicted,0.3333333333333333,2,2,CTTACGCATAGCTGGGTAGA,0,4161193
yadE_predicted,0.3333333333333333,2,2,CTTACCACGGATATTACGGA,0,4228885
yadE_predicted,0.3333333333333333,2,2,CTGTTTTCCCTTGCTCGATG,0,4173601
yadE_predicted,0.3333333333333333,2,2,CTGTTTGCCATAAATAGATC,0,4181894
yadE_predicted,0.3333333333333333,2,2,CTGTTGGACGCTCGCACGGG,0,4193561
yadE_predicted,0.3333333333333333,2,2,CTGTTGAGACTTTTAGGTGG,0,4165758
yadE_predicted,0.3333333333333333,2,2,CTGTTCAATCCCTGCTCAGT,0,4162880
yadE_predicted,0.3333333333333333,2,2,CTGTTACCAGTAGCCCCTTG,0,4219089
yadE_predicted,0.3333333333333333,2,2,CTGTTAACGTAGTCGGTCTT,0,4175754
yadE_predicted,0.3333333333333333,2,2,CTGTGTTCGCAGAACGCGCA,0,4164911
yadE_predicted,0.3333333333333333,2,2,CTGTGTGTACATTGCACGGT,0,4225136
yadE_predicted,0.3333333333333333,2,2,CTGTGTCATTGACATAACAC,0,4195072
yadE_predicted,0.3333333333333333,2,2,CTGTGGGCCTTCAGTAATAT,0,4178495
yadE_predicted,0.3333333333333333,2,2,CTGTGGATAATCCCGTAAGC,0,4186972
yadE_predicted,0.3333333333333333,2,2,CTGTGCACCAGACTCCGTTC,0,4161893
yadE_predicted,0.3333333333333333,2,2,CTGTGAGGTAAGTCAGCAGA,0,4233948
yadE_predicted,0.3333333333333333,2,2,CTGTCTTCGGCCCGAAAATT,0,4159516
yadE_predicted,0.3333333333333333,2,2,CTGTCCCCCCCCAGACTGGT,0,4231609
yadE_predicted,0.3333333333333333,2,2,CTGTCCACAACTGAGCGGGT,0,4184197
yadE_predicted,0.3333333333333333,2,2,CTGGTTTAGGCGAGAAAACC,0,4187810
yadE_predicted,0.3333333333333333,2,2,CTGGTGGGGTTGTAAAACAC,0,4207034
yadE_predicted,0.3333333333333333,2,2,CTGGTCTGGGTGTGCACCTA,0,4211693
yadE_predicted,0.3333333333333333,2,2,CTGGTCCTCGGTAGATTCTT,0,4161136
yadE_predicted,0.3333333333333333,2,2,CTGGTACAGACCTCCGACCT,0,4202297
yadE_predicted,0.3333333333333333,2,2,CTGGTACACGGATTCCGGGA,0,4171553
yadE_predicted,0.3333333333333333,2,2,CTGGGAGTCCATGCAGAGAT,0,4166171
yadE_predicted,0.3333333333333333,2,2,CTGGCTTCGGGGGTATATCA,0,4170425
yadE_predicted,0.3333333333333333,2,2,CTGGCCCTCGTATAGAAATG,0,4189636
yadE_predicted,0.3333333333333333,2,2,CTGGATATCCGCGCAAATAA,0,4192469
yadE_predicted,0.3333333333333333,2,2,CTGGACTAGGGCATGCCTTC,0,4194180
yadE_predicted,0.3333333333333333,2,2,CTGGAAGGGAAAGGCTGTGC,0,4219536
yadE_predicted,0.3333333333333333,2,2,CTGCTGGTAGAGTTAACTCG,0,4212457
yadE_predicted,0.3333333333333333,2,2,CTGCTGGGTACTAATACGGA,0,4237666
yadE_predicted,0.3333333333333333,2,2,CTGCTGAGTTGACTCGATGT,0,4218894
yadE_predicted,0.3333333333333333,2,2,CTGCTATTTCCAACTTACTG,0,4197085
yadE_predicted,0.3333333333333333,2,2,CTGCGCGGTCAGGCCCGTCA,0,4222640
yadE_predicted,0.3333333333333333,2,2,CTGCCCCGATGACGTGTAGA,0,4196190
yadE_predicted,0.3333333333333333,2,2,CTGCCCAACGTCCACAACGC,0,4205166
yadE_predicted,0.3333333333333333,2,2,CTGCCATATCCCCGTTTTCT,0,4196031
yadE_predicted,0.3333333333333333,2,2,CTGCAGTATCCCAACACGAT,0,4175210
yadE_predicted,0.3333333333333333,2,2,CTGCACCCTCAGCCAACAAT,0,4230409
yadE_predicted,0.3333333333333333,2,2,CTGATATTATTTCGGCGCAA,0,4204194
yadE_predicted,0.3333333333333333,2,2,CTGATACCCGGCGCCTGTAC,0,4160103
yadE_predicted,0.3333333333333333,2,2,CTGACTTGTCCGATTCAAGG,0,4179543
yadE_predicted,0.3333333333333333,2,2,CTGACTCTGTCTTCGTCCGC,0,4238787
yadE_predicted,0.3333333333333333,2,2,CTGACACAAAGATTTAGGTG,0,4173533
yadE_predicted,0.3333333333333333,2,2,CTGAAGTTAGAGTTCTGCAG,0,4161593
yadE_predicted,0.3333333333333333,2,2,CTCTTTCCGGTTCCACCCCA,0,4212968
yadE_predicted,0.3333333333333333,2,2,CTCTTGCGTCCAACCTACAT,0,4231114
yadE_predicted,0.3333333333333333,2,2,CTCTTCGGCCACGTGAAGGA,0,4195284
yadE_predicted,0.3333333333333333,2,2,CTCTTCACCATCCCTATTTA,0,4167149
yadE_predicted,0.3333333333333333,2,2,CTCTTACGATTTTTACACGC,0,4192486
yadE_predicted,0.3333333333333333,2,2,CTCTGTCTCTAGTGGTGTGT,0,4231959
yadE_predicted,0.3333333333333333,2,2,CTCTGGTTGACTAATAAAGT,0,4185203
yadE_predicted,0.3333333333333333,2,2,CTCTGAAAGGCCGCAACTTA,0,4238933
yadE_predicted,0.3333333333333333,2,2,CTCTCTGTGCAAACTGATAG,0,4195965
yadE_predicted,0.3333333333333333,2,2,CTCTCTATGCATCTAATGTG,0,4170598
yadE_predicted,0.3333333333333333,2,2,CTCTCGTTGAGCACGGGAAG,0,4169160
yadE_predicted,0.3333333333333333,2,2,CTCTATTTTTGCCTTCGCGA,0,4229496
yadE_predicted,0.3333333333333333,2,2,CTCTAGAGCGCGAACTTTTG,0,4172851
yadE_predicted,0.3333333333333333,2,2,CTCTACACTTGGCAAAATAT,0,4166406
yadE_predicted,0.3333333333333333,2,2,CTCTAACGCTGTCTGTTCGG,0,4190530
yadE_predicted,0.3333333333333333,2,2,CTCGTTAATCCACGCTTCTT,0,4181461
yadE_predicted,0.3333333333333333,2,2,CTCGTCCGGTATTCTCGTGT,0,4219967
yadE_predicted,0.3333333333333333,2,2,CTCGTAGACAAACCGTCGGA,0,4204057
yadE_predicted,0.3333333333333333,2,2,CTCGGTTTGCGACGTCTAGG,0,4196429
yadE_predicted,0.3333333333333333,2,2,CTCGGCGTCGCCCTATCTGG,0,4203614
yadE_predicted,0.3333333333333333,2,2,CTCGCCCGCCACGTGGAAGT,0,4213745
yadE_predicted,0.3333333333333333,2,2,CTCGAGTCTGCGCGGCGACG,0,4217442
yadE_predicted,0.3333333333333333,2,2,CTCCTCGTTGATGACAATAC,0,4162978
yadE_predicted,0.3333333333333333,2,2,CTCCTCCTCACCGTTGGTTT,0,4162747
yadE_predicted,0.3333333333333333,2,2,CTCCTAACAGCGGAGCAAAA,0,4179571
yadE_predicted,0.3333333333333333,2,2,CTCCGGTACTTCGCCCTTAA,0,4181581
yadE_predicted,0.3333333333333333,2,2,CTCCGGACCAGGCCTAAACT,0,4183380
yadE_predicted,0.3333333333333333,2,2,CTCCGGAAGTGCCTCTCGTG,0,4216015
yadE_predicted,0.3333333333333333,2,2,CTCCGAGACAATATAAGGTG,0,4183660
yadE_predicted,0.3333333333333333,2,2,CTCCCGTATGACCCTACCTC,0,4196160
yadE_predicted,0.3333333333333333,2,2,CTCCAGTGGTATCGTAGGCA,0,4203718
yadE_predicted,0.3333333333333333,2,2,CTCCAGGATGTTGTATGCTC,0,4183423
yadE_predicted,0.3333333333333333,2,2,CTCCACCAGCGTGCCATCGC,0,4185827
yadE_predicted,0.3333333333333333,2,2,CTCATGTCGGTTGTTTTCGA,0,4196688
yadE_predicted,0.3333333333333333,2,2,CTCATATACGGAATCCCATA,0,4164647
yadE_predicted,0.3333333333333333,2,2,CTCATATAACGATTGAGGCA,0,4197008
yadE_predicted,0.3333333333333333,2,2,CTCAGTCTCGGCGGAATGGT,0,4212878
yadE_predicted,0.3333333333333333,2,2,CTCACTTTAAAAGTCTAAAT,0,4186100
yadE_predicted,0.3333333333333333,2,2,CTCACTCTAGCCACTTCCCA,0,4186296
yadE_predicted,0.3333333333333333,2,2,CTCACGAGATATGAGGACCC,0,4204008
yadE_predicted,0.3333333333333333,2,2,CTCACCGGGCCACCTGTACT,0,4240733
yadE_predicted,0.3333333333333333,2,2,CTCACACAGATCAGGTTGAC,0,4163478
yadE_predicted,0.3333333333333333,2,2,CTCAATGACAGTGGTTGCAT,0,4226796
yadE_predicted,0.3333333333333333,2,2,CTCAATAGTGTGCTAATTCA,0,4189260
yadE_predicted,0.3333333333333333,2,2,CTCAAACAGATAGGTGGCAT,0,4232020
yadE_predicted,0.3333333333333333,2,2,CTATTATGGGCGATTCGTTA,0,4223949
yadE_predicted,0.3333333333333333,2,2,CTATTACCCTGTCCCCAGCC,0,4212296
yadE_predicted,0.3333333333333333,2,2,CTATCTTTCGTCGAAATCTG,0,4163082
yadE_predicted,0.3333333333333333,2,2,CTATCATGATGAACGCAACT,0,4162080
yadE_predicted,0.3333333333333333,2,2,CTATATAAGTTCAGGTCGGG,0,4231957
yadE_predicted,0.3333333333333333,2,2,CTATAGCGATCCGCTTGCTA,0,4199434
yadE_predicted,0.3333333333333333,2,2,CTATAGCAAAATAGAGGCGT,0,4238268
yadE_predicted,0.3333333333333333,2,2,CTATACCCCCTCCCGGTACA,0,4174604
yadE_predicted,0.3333333333333333,2,2,CTAGTGTTGGACCTAGGTTA,0,4169676
yadE_predicted,0.3333333333333333,2,2,CTAGTGACGTGGTGCTATAA,0,4173367
yadE_predicted,0.3333333333333333,2,2,CTAGTCGGGTATGTATCAAA,0,4179154
yadE_predicted,0.3333333333333333,2,2,CTAGGTTCAGCCGTTCTACC,0,4169620
yadE_predicted,0.3333333333333333,2,2,CTAGGTATTTTAACTTAAAT,0,4233132
yadE_predicted,0.3333333333333333,2,2,CTAGGGCGATGTACAATATG,0,4199425
yadE_predicted,0.3333333333333333,2,2,CTAGGATTCTACAGCTTTCA,0,4211506
yadE_predicted,0.3333333333333333,2,2,CTACTTGGGGCACACGTGTA,0,4190698
yadE_predicted,0.3333333333333333,2,2,CTACTGTTCCCTTAAACTAG,0,4217809
yadE_predicted,0.3333333333333333,2,2,CTACTGGATCGCTTTAAGGA,0,4176347
yadE_predicted,0.3333333333333333,2,2,CTACTGCAGATATGCCACAC,0,4225230
yadE_predicted,0.3333333333333333,2,2,CTACTCTCTGGCCACTGCTA,0,4200675
yadE_predicted,0.3333333333333333,2,2,CTACTAGGTAACCAAAGTTG,0,4189924
yadE_predicted,0.3333333333333333,2,2,CTACGTTTTAGCTCGCCAGT,0,4230888
yadE_predicted,0.3333333333333333,2,2,CTACGGTACGAAGACAGAGT,0,4210046
yadE_predicted,0.3333333333333333,2,2,CTACGGCAGGACGTGCGATC,0,4194805
yadE_predicted,0.3333333333333333,2,2,CTACGCCATGATGAGATACT,0,4208541
yadE_predicted,0.3333333333333333,2,2,CTACGCACAAAACCGATTAC,0,4226906
yadE_predicted,0.3333333333333333,2,2,CTACGAGGGTGCCATAAGGG,0,4206263
yadE_predicted,0.3333333333333333,2,2,CTACCGAGATTTGTGCACTC,0,4236947
yadE_predicted,0.3333333333333333,2,2,CTACCGACCGCCGCCACTCG,0,4219326
yadE_predicted,0.3333333333333333,2,2,CTACCGACATCAAGCAGCAG,0,4193971
yadE_predicted,0.3333333333333333,2,2,CTACCAACCTGGATCAGGTT,0,4208783
yadE_predicted,0.3333333333333333,2,2,CTACATAACTTTAACAAGTT,0,4217113
yadE_predicted,0.3333333333333333,2,2,CTAATGGGCTTTGGCAGTCC,0,4225665
yadE_predicted,0.3333333333333333,2,2,CTAAGTATTTGACAGGGGCG,0,4235844
yadE_predicted,0.3333333333333333,2,2,CTAAATCTACGGAAGTGAGT,0,4221240
yadE_predicted,0.3333333333333333,2,2,CTAAAGGCGTCTCAATTAAA,0,4215286
yadE_predicted,0.3333333333333333,2,2,CTAAAGATTACACCTGTTTA,0,4227385
yadE_predicted,0.3333333333333333,2,2,CTAAACTCAAAAGCTGCATT,0,4192850
yadE_predicted,0.3333333333333333,2,2,CTAAACGGGCTCGAGGAGCT,0,4197687
yadE_predicted,0.3333333333333333,2,2,CGTTTGGCTTACCACAACGG,0,4165394
yadE_predicted,0.3333333333333333,2,2,CGTTTGCCGGTATATGGCCC,0,4209895
yadE_predicted,0.3333333333333333,2,2,CGTTGTCCCTATTGGGTGTT,0,4213160
yadE_predicted,0.3333333333333333,2,2,CGTTGTACTCACGAAGAAAA,0,4232323
yadE_predicted,0.3333333333333333,2,2,CGTTGGAAATGCGGCTACTG,0,4227319
yadE_predicted,0.3333333333333333,2,2,CGTTGCCGCCACTTGCATAC,0,4221901
yadE_predicted,0.3333333333333333,2,2,CGTTCCATCAACCGTACCAC,0,4233284
yadE_predicted,0.3333333333333333,2,2,CGTTATTAATTTCTTCATGA,0,4199821
yadE_predicted,0.3333333333333333,2,2,CGTTATGCGAATGACTTACA,0,4167389
yadE_predicted,0.3333333333333333,2,2,CGTTATCGATAGGGTTAGAG,0,4212008
yadE_predicted,0.3333333333333333,2,2,CGTTAGTCTCGGGTAGCTTT,0,4199516
yadE_predicted,0.3333333333333333,2,2,CGTTAGATCCTCAGGAGGAA,0,4168744
yadE_predicted,0.3333333333333333,2,2,CGTTAACTGTAGATTCTAAA,0,4175497
yadE_predicted,0.3333333333333333,2,2,CGTGTGGCCCTGTAAACCCG,0,4221322
yadE_predicted,0.3333333333333333,2,2,CGTGTGCGCCATAGGAAGTG,0,4168532
yadE_predicted,0.3333333333333333,2,2,CGTGTGACACCGCCCGGATT,0,4225141
yadE_predicted,0.3333333333333333,2,2,CGTGGGTGCAAGGCTCCTGA,0,4193930
yadE_predicted,0.3333333333333333,2,2,CGTGGGGGTATAAATGAGAG,0,4186043
yadE_predicted,0.3333333333333333,2,2,CGTGCTCTGACCAATGTACG,0,4160539
yadE_predicted,0.3333333333333333,2,2,CGTGAGGTATGATTTGATAG,0,4163599
yadE_predicted,0.3333333333333333,2,2,CGTGAAGAGGGAATGACGCA,0,4212180
yadE_predicted,0.3333333333333333,2,2,CGTGAACTTCAGATACTATT,0,4241331
yadE_predicted,0.3333333333333333,2,2,CGTGAACATGACCTTGCTCC,0,4174185
yadE_predicted,0.3333333333333333,2,2,CGTCTTAGTCTGCACGATTT,0,4163324
yadE_predicted,0.3333333333333333,2,2,CGTCTAACATCACGATAGCG,0,4217075
yadE_predicted,0.3333333333333333,2,2,CGTCGAGTGGATCTCGAGAC,0,4162182
yadE_predicted,0.3333333333333333,2,2,CGTCCGGTCTGGGAGGTGGT,0,4218845
yadE_predicted,0.3333333333333333,2,2,CGTCCCCATGTGCCTCCATT,0,4166184
yadE_predicted,0.3333333333333333,2,2,CGTCCAAATTCCGGTAATCC,0,4215681
yadE_predicted,0.3333333333333333,2,2,CGTCATGCGCTTCCGTCCGT,0,4177098
yadE_predicted,0.3333333333333333,2,2,CGTCAAGTCACCTTACTTCT,0,4175023
yadE_predicted,0.3333333333333333,2,2,CGTATTAAACTCAGTTGAGA,0,4180250
yadE_predicted,0.3333333333333333,2,2,CGTATAAGCCAGGTCCTGCA,0,4168348
yadE_predicted,0.3333333333333333,2,2,CGTAGAACTACTGGCACGTA,0,4235934
yadE_predicted,0.3333333333333333,2,2,CGTACCCTTTCTTCGGTTTT,0,4225212
yadE_predicted,0.3333333333333333,2,2,CGTACACGATCGTGTATCGG,0,4195335
yadE_predicted,0.3333333333333333,2,2,CGTAACTGTGGTCAGTGAGA,0,4231231
yadE_predicted,0.3333333333333333,2,2,CGGTTTATCTGGTCGGCTGC,0,4236669
yadE_predicted,0.3333333333333333,2,2,CGGTTGAGTGCCGCCAGACG,0,4207764
yadE_predicted,0.3333333333333333,2,2,CGGTTCCTGGATACGAAAGC,0,4231092
yadE_predicted,0.3333333333333333,2,2,CGGTTATATATACGCTTGGT,0,4172947
yadE_predicted,0.3333333333333333,2,2,CGGTTAGCAAACTTACTGTT,0,4170497
yadE_predicted,0.3333333333333333,2,2,CGGTGTGTCAAAGAGGCTCA,0,4167214
yadE_predicted,0.3333333333333333,2,2,CGGTGTGGCGCACATAACAG,0,4236151
yadE_predicted,0.3333333333333333,2,2,CGGTGGACGTCCCCGTGCGG,0,4172384
yadE_predicted,0.3333333333333333,2,2,CGGTGACGCAGGACATCTGC,0,4165516
yadE_predicted,0.3333333333333333,2,2,CGGTCTTGCAGAATCACACC,0,4168414
yadE_predicted,0.3333333333333333,2,2,CGGTCTGACCGGCTGTCAAT,0,4171158
yadE_predicted,0.3333333333333333,2,2,CGGTCTCTGAGGCTCCTCAG,0,4209389
yadE_predicted,0.3333333333333333,2,2,CGGTCTCTAAGCCAGCTGGT,0,4160349
yadE_predicted,0.3333333333333333,2,2,CGGTCTCCGTCCAACCTCGA,0,4235139
yadE_predicted,0.3333333333333333,2,2,CGGTCGAAGTCGCCCCCCTC,0,4161943
yadE_predicted,0.3333333333333333,2,2,CGGTCCTCGAAACACGCTTC,0,4213570
yadE_predicted,0.3333333333333333,2,2,CGGTAGTCTCTGCATCGTGA,0,4201102
yadE_predicted,0.3333333333333333,2,2,CGGTAGATGGTGGCAACGGG,0,4225993
yadE_predicted,0.3333333333333333,2,2,CGGTACAAATAATCTGTGTG,0,4226703
yadE_predicted,0.3333333333333333,2,2,CGGGTTCTTCCAGCGACTTA,0,4163637
yadE_predicted,0.3333333333333333,2,2,CGGGTTACAAGCCCGTGACT,0,4216681
yadE_predicted,0.3333333333333333,2,2,CGGGTGAAGTGAGCGGGGTT,0,4182630
yadE_predicted,0.3333333333333333,2,2,CGGGTATGACATTGGCACGG,0,4193797
yadE_predicted,0.3333333333333333,2,2,CGGGTAACCTCGATATTGGT,0,4214840
yadE_predicted,0.3333333333333333,2,2,CGGGGGCTATACCCCGGTAT,0,4228544
yadE_predicted,0.3333333333333333,2,2,CGGGGGATTTCTTTAATAGC,0,4196442
yadE_predicted,0.3333333333333333,2,2,CGGGGAGTAGGCCCCCATGA,0,4237984
yadE_predicted,0.3333333333333333,2,2,CGGGGAAGACGTCATCAATC,0,4188787
yadE_predicted,0.3333333333333333,2,2,CGGGCTTAAACGTTGCCCGG,0,4230815
yadE_predicted,0.3333333333333333,2,2,CGGGCGTGGTTGATCTACAC,0,4229757
yadE_predicted,0.3333333333333333,2,2,CGGGCGTCTCGTGAGTATCA,0,4169360
yadE_predicted,0.3333333333333333,2,2,CGGGCGAGCCCCTGTTTCCA,0,4166473
yadE_predicted,0.3333333333333333,2,2,CGGGATATCGAGTGCGCTGT,0,4174488
yadE_predicted,0.3333333333333333,2,2,CGGGACAACTTGGAACGCGT,0,4199880
yadE_predicted,0.3333333333333333,2,2,CGGGAAACAGTCATGCCCTA,0,4194400
yadE_predicted,0.3333333333333333,2,2,CGGCCGCGCTCGAATTTTAC,0,4195494
yadE_predicted,0.3333333333333333,2,2,CGGCCCCAAGTACTTAGCCA,0,4228557
yadE_predicted,0.3333333333333333,2,2,CGGCCAATGTCACTCGTCGC,0,4206633
yadE_predicted,0.3333333333333333,2,2,CGGCAGGCGGCGTTAGAGAA,0,4185400
yadE_predicted,0.3333333333333333,2,2,CGGCACCGATACAGATGAAA,0,4200194
yadE_predicted,0.3333333333333333,2,2,CGGCACCAATCGCTATCGGT,0,4185323
yadE_predicted,0.3333333333333333,2,2,CGGCAAGTAATTCCTGTAGC,0,4234718
yadE_predicted,0.3333333333333333,2,2,CGGCAAAACCCGTATGGCTG,0,4176466
yadE_predicted,0.3333333333333333,2,2,CGGATTCTAACTCCCTCCAG,0,4203172
yadE_predicted,0.3333333333333333,2,2,CGGAGAGGTGGCCCAAACTC,0,4196924
yadE_predicted,0.3333333333333333,2,2,CGGACTCTTGATTGGGAGTA,0,4225963
yadE_predicted,0.3333333333333333,2,2,CGGACCGCCCCGTGACTGTC,0,4221354
yadE_predicted,0.3333333333333333,2,2,CGGACAGGAACCACTAGCTC,0,4206876
yadE_predicted,0.3333333333333333,2,2,CGGAATGCTTCATGCTCTAA,0,4177039
yadE_predicted,0.3333333333333333,2,2,CGGAATAGCTTGGGCGACCA,0,4221498
yadE_predicted,0.3333333333333333,2,2,CGGAACTAACGCCGGCACCA,0,4215184
yadE_predicted,0.3333333333333333,2,2,CGGAAAGCTGTATCCTGCAG,0,4160891
yadE_predicted,0.3333333333333333,2,2,CGCTTGAATGACATAGATCT,0,4216011
yadE_predicted,0.3333333333333333,2,2,CGCTTATACGCGAGATTGGT,0,4186388
yadE_predicted,0.3333333333333333,2,2,CGCTGGCCCGGAAGCTACGT,0,4234016
yadE_predicted,0.3333333333333333,2,2,CGCTGCCTCGCTAATACTGG,0,4176257
yadE_predicted,0.3333333333333333,2,2,CGCTGAGAAGACATGACGGG,0,4196778
yadE_predicted,0.3333333333333333,2,2,CGCTCGGTCATTCGGGGCTG,0,4173512
yadE_predicted,0.3333333333333333,2,2,CGCTCAGGAGGGGGTTTTCT,0,4229840
yadE_predicted,0.3333333333333333,2,2,CGCTACACCCTCGACTCACG,0,4224487
yadE_predicted,0.3333333333333333,2,2,CGCTAAGCGGTAGGCAACTA,0,4201899
yadE_predicted,0.3333333333333333,2,2,CGCGTTAACCCTCGGGTAAG,0,4178894
yadE_predicted,0.3333333333333333,2,2,CGCGGGTGGGCCTGCAATAT,0,4224427
yadE_predicted,0.3333333333333333,2,2,CGCGGGTCTGGGGGACCAGT,0,4177710
yadE_predicted,0.3333333333333333,2,2,CGCGGGAACGGCATGAGATA,0,4232862
yadE_predicted,0.3333333333333333,2,2,CGCGGAATTTGCCCACGTGA,0,4234387
yadE_predicted,0.3333333333333333,2,2,CGCGCGGGACTGTTGGTACA,0,4219957
yadE_predicted,0.3333333333333333,2,2,CGCGCCCCTCACCAATGCTT,0,4195625
yadE_predicted,0.3333333333333333,2,2,CGCGCCATTCGGAGGAGTCA,0,4216312
yadE_predicted,0.3333333333333333,2,2,CGCGCAGCTACAGGAAACAA,0,4240474
yadE_predicted,0.3333333333333333,2,2,CGCGATGTGTACCATGGATT,0,4161096
yadE_predicted,0.3333333333333333,2,2,CGCGATGGCTATTCCTGCGA,0,4163488
yadE_predicted,0.3333333333333333,2,2,CGCGAGTGGGATTGGCGTGA,0,4172014
yadE_predicted,0.3333333333333333,2,2,CGCGAATTTTGCGCCCAGTA,0,4215498
yadE_predicted,0.3333333333333333,2,2,CGCGAATAGGTAGGGCTGCA,0,4188121
yadE_predicted,0.3333333333333333,2,2,CGCCTCCGAAGTAAATTCAT,0,4199553
yadE_predicted,0.3333333333333333,2,2,CGCCGTGGTCAGGAAAAAGT,0,4188638
yadE_predicted,0.3333333333333333,2,2,CGCCGGTATTACAAATCATC,0,4196554
yadE_predicted,0.3333333333333333,2,2,CGCCATTTAGGGACCCAATC,0,4209202
yadE_predicted,0.3333333333333333,2,2,CGCCATCGCTCCCTTAAATC,0,4221953
yadE_predicted,0.3333333333333333,2,2,CGCATTGCACTTTGGAGGAT,0,4228424
yadE_predicted,0.3333333333333333,2,2,CGCATTGACAACTGCACGGG,0,4159391
yadE_predicted,0.3333333333333333,2,2,CGCATTATACGTAACCGTCT,0,4231193
yadE_predicted,0.3333333333333333,2,2,CGCATGGCCTATTCGCCATT,0,4198164
yadE_predicted,0.3333333333333333,2,2,CGCATACAGTGGATGATGTG,0,4188841
yadE_predicted,0.3333333333333333,2,2,CGCAGGTTAGCGGGAGTGGT,0,4208770
yadE_predicted,0.3333333333333333,2,2,CGCAGCGTTTGGGCCTTGTG,0,4207475
yadE_predicted,0.3333333333333333,2,2,CGCACTCCAGACCTGGCAAA,0,4211618
yadE_predicted,0.3333333333333333,2,2,CGCACATTTTGGACATTATT,0,4230511
yadE_predicted,0.3333333333333333,2,2,CGCACAGGGTAGTTGGGCGT,0,4161276
yadE_predicted,0.3333333333333333,2,2,CGCAACAACTGTGAACGTGG,0,4241074
yadE_predicted,0.3333333333333333,2,2,CGATTCAGCAGCGTTCTGGG,0,4234705
yadE_predicted,0.3333333333333333,2,2,CGATGCGAGGCGTTCTATCA,0,4198956
yadE_predicted,0.3333333333333333,2,2,CGATCGGTTGTTGCCAGAGG,0,4212251
yadE_predicted,0.3333333333333333,2,2,CGATCAGAAACTTATTTTGG,0,4220914
yadE_predicted,0.3333333333333333,2,2,CGATAGTAGGGGCTGCTGTT,0,4205149
yadE_predicted,0.3333333333333333,2,2,CGATAGGTGACGTTAAGCCC,0,4229768
yadE_predicted,0.3333333333333333,2,2,CGAGTCTTAAACCATCTCCT,0,4191987
yadE_predicted,0.3333333333333333,2,2,CGAGGTCGTGATAGTCACTT,0,4179747
yadE_predicted,0.3333333333333333,2,2,CGAGGAGGCCCGCACATCGC,0,4239582
yadE_predicted,0.3333333333333333,2,2,CGAGCTTCTTACAGGAATTG,0,4195662
yadE_predicted,0.3333333333333333,2,2,CGAGCGCGGGGTTTGCCGCT,0,4223107
yadE_predicted,0.3333333333333333,2,2,CGAGATTACACACCAGCCTA,0,4187191
yadE_predicted,0.3333333333333333,2,2,CGAGATCAACAACTACACGA,0,4216718
yadE_predicted,0.3333333333333333,2,2,CGACTTTGACCAAATTGGAT,0,4189312
yadE_predicted,0.3333333333333333,2,2,CGACTCGCACAGGCTAATAC,0,4216164
yadE_predicted,0.3333333333333333,2,2,CGACGCATTCAACTCGTCCC,0,4203187
yadE_predicted,0.3333333333333333,2,2,CGACCTTTTCTATTGTGTAA,0,4170860
yadE_predicted,0.3333333333333333,2,2,CGACCCCAAGAGCTCGATCG,0,4166230
yadE_predicted,0.3333333333333333,2,2,CGACACTCCGGGTCGGGATT,0,4216086
yadE_predicted,0.3333333333333333,2,2,CGACACGCGATGAGGAATGG,0,4188131
yadE_predicted,0.3333333333333333,2,2,CGACAACGTACAATTGGCGA,0,4186157
yadE_predicted,0.3333333333333333,2,2,CGAAGTGGTCGTACGACCAT,0,4236314
yadE_predicted,0.3333333333333333,2,2,CGAACGCGGTTTAACATAAA,0,4186135
yadE_predicted,0.3333333333333333,2,2,CGAACAATTTAGCCTCCATG,0,4211062
yadE_predicted,0.3333333333333333,2,2,CGAAACCCCACACAAGTTGA,0,4162625
yadE_predicted,0.3333333333333333,2,2,CCTTTTAATTACGCCTGGCT,0,4194912
yadE_predicted,0.3333333333333333,2,2,CCTTTCACATGCTCTCTTAT,0,4199680
yadE_predicted,0.3333333333333333,2,2,CCTTGGAAGTAGTCCCGAAC,0,4227895
yadE_predicted,0.3333333333333333,2,2,CCTTGCGACCTGAAATAAAT,0,4190879
yadE_predicted,0.3333333333333333,2,2,CCTTGACTGAGTGGGTGTCC,0,4235144
yadE_predicted,0.3333333333333333,2,2,CCTTCGGTGCAATAGTTTAT,0,4224420
yadE_predicted,0.3333333333333333,2,2,CCTTCGACAATTCGACGTAA,0,4206254
yadE_predicted,0.3333333333333333,2,2,CCTTCATAGACTTTATCCAC,0,4199020
yadE_predicted,0.3333333333333333,2,2,CCTTACTGCTTCAGGAGTGG,0,4197756
yadE_predicted,0.3333333333333333,2,2,CCTGTGGCAACAAATTGCAA,0,4228003
yadE_predicted,0.3333333333333333,2,2,CCTGTCTTGTGGTTCTAGCA,0,4220052
yadE_predicted,0.3333333333333333,2,2,CCTGTCTTGCCTGTGGGAGT,0,4159573
yadE_predicted,0.3333333333333333,2,2,CCTGTCAGGGCTCGGCCATC,0,4159719
yadE_predicted,0.3333333333333333,2,2,CCTGGCCGCGGACCTGCGCC,0,4220593
yadE_predicted,0.3333333333333333,2,2,CCTGCGCGTAAACGCGAGCC,0,4233076
yadE_predicted,0.3333333333333333,2,2,CCTGCCGGCAAAGTGTGTGT,0,4224176
yadE_predicted,0.3333333333333333,2,2,CCTGATCGGTATCTACGGGG,0,4203703
yadE_predicted,0.3333333333333333,2,2,CCTGAATGTAACTGTGCGGA,0,4235057
yadE_predicted,0.3333333333333333,2,2,CCTCTGAATAGTAAACCGCA,0,4208686
yadE_predicted,0.3333333333333333,2,2,CCTCGGCTGTGGCACTCTCG,0,4180322
yadE_predicted,0.3333333333333333,2,2,CCTCGCCTTTTTTTCCAACA,0,4231219
yadE_predicted,0.3333333333333333,2,2,CCTCCGCACTGCAACCAAGA,0,4162684
yadE_predicted,0.3333333333333333,2,2,CCTCCATAGTTGTTTCAGTA,0,4186707
yadE_predicted,0.3333333333333333,2,2,CCTCACATGATATGGTTAGA,0,4185313
yadE_predicted,0.3333333333333333,2,2,CCTATTTGCTCACAATCAGG,0,4179778
yadE_predicted,0.3333333333333333,2,2,CCTATTAGAATTGCCGTCCA,0,4203419
yadE_predicted,0.3333333333333333,2,2,CCTATGAGCCGGATTTCGGG,0,4205119
yadE_predicted,0.3333333333333333,2,2,CCTAGGGTTAAACCTAGTCG,0,4216108
yadE_predicted,0.3333333333333333,2,2,CCTAGGCATATACAATGGGA,0,4178530
yadE_predicted,0.3333333333333333,2,2,CCTAGCACAGTCCAGTATGG,0,4230890
yadE_predicted,0.3333333333333333,2,2,CCTAGATGCGTGTACCTTGC,0,4211854
yadE_predicted,0.3333333333333333,2,2,CCTACCATGCGTCCACGTTT,0,4200651
yadE_predicted,0.3333333333333333,2,2,CCTAAGGTATGTATTCAGAC,0,4220032
yadE_predicted,0.3333333333333333,2,2,CCGTTGTACGGACCCCCCGC,0,4164991
yadE_predicted,0.3333333333333333,2,2,CCGTGGCATAGGGTGGCGCA,0,4199888
yadE_predicted,0.3333333333333333,2,2,CCGTGGATTACTGGACTGGG,0,4201004
yadE_predicted,0.3333333333333333,2,2,CCGTGCTGCGACCTAACTTC,0,4235086
yadE_predicted,0.3333333333333333,2,2,CCGTGATGCGAAGCGTGCGC,0,4203438
yadE_predicted,0.3333333333333333,2,2,CCGTCTTACCTGTGCCTCTG,0,4205706
yadE_predicted,0.3333333333333333,2,2,CCGTCGCGAGCTGTCCCCAC,0,4165273
yadE_predicted,0.3333333333333333,2,2,CCGTCCCTATCACTAAATTA,0,4192011
yadE_predicted,0.3333333333333333,2,2,CCGTCCAAGCGGCGACGTTT,0,4183651
yadE_predicted,0.3333333333333333,2,2,CCGTCAGTGCTCCGGATCGC,0,4224560
yadE_predicted,0.3333333333333333,2,2,CCGTATGCAAGGGTCCCGAC,0,4202794
yadE_predicted,0.3333333333333333,2,2,CCGTATCCGGTAAGAGTGAT,0,4230271
yadE_predicted,0.3333333333333333,2,2,CCGTAGGTCACTATCAGAGT,0,4224833
yadE_predicted,0.3333333333333333,2,2,CCGTAGCGTAGATTGTCTGT,0,4215961
yadE_predicted,0.3333333333333333,2,2,CCGGTTTAACAGGATGGCAT,0,4209849
yadE_predicted,0.3333333333333333,2,2,CCGGTTGCGGCATTATTGCG,0,4202473
yadE_predicted,0.3333333333333333,2,2,CCGGGTGACGTGGATTGAGG,0,4208479
yadE_predicted,0.3333333333333333,2,2,CCGGGGCCTTGGAAAGTAGT,0,4235354
yadE_predicted,0.3333333333333333,2,2,CCGGGAGGAATTTGCAAGCC,0,4211616
yadE_predicted,0.3333333333333333,2,2,CCGGGAGCCCATCAGTATAG,0,4216798
yadE_predicted,0.3333333333333333,2,2,CCGGCTCTCTTCGAGGAGCC,0,4161391
yadE_predicted,0.3333333333333333,2,2,CCGGCGTTGGATGGATTGTG,0,4220543
yadE_predicted,0.3333333333333333,2,2,CCGGCCCCTGCCTCAGCCAC,0,4213175
yadE_predicted,0.3333333333333333,2,2,CCGGCATGTTTTGTTGACCG,0,4185168
yadE_predicted,0.3333333333333333,2,2,CCGGCAAACTTTCATCCGGC,0,4206350
yadE_predicted,0.3333333333333333,2,2,CCGGATCTCAACTGAAGAGG,0,4172850
yadE_predicted,0.3333333333333333,2,2,CCGGAGGGGTACCTTGGCGG,0,4226337
yadE_predicted,0.3333333333333333,2,2,CCGGACTCACTCCTGTTAAG,0,4200781
yadE_predicted,0.3333333333333333,2,2,CCGGACATGACGAATCTTTT,0,4199520
yadE_predicted,0.3333333333333333,2,2,CCGCTTTCGGGTGTTACCTA,0,4160663
yadE_predicted,0.3333333333333333,2,2,CCGCTTAGGCGTAAGTCTGT,0,4199538
yadE_predicted,0.3333333333333333,2,2,CCGCTTAGCCGCAGGGTCTT,0,4221989
yadE_predicted,0.3333333333333333,2,2,CCGCTGCACCCACTCGGGCT,0,4165832
yadE_predicted,0.3333333333333333,2,2,CCGCTATTTGGGTCTTGCCA,0,4214128
yadE_predicted,0.3333333333333333,2,2,CCGCTAGATCATTTCATGGG,0,4162409
yadE_predicted,0.3333333333333333,2,2,CCGCGTGGGGTCGGAATTCT,0,4175855
yadE_predicted,0.3333333333333333,2,2,CCGCGTAAACGCAATTTTCG,0,4228667
yadE_predicted,0.3333333333333333,2,2,CCGCGAATCTTCTTGGACGG,0,4223135
yadE_predicted,0.3333333333333333,2,2,CCGCCTTTTAGGACCACAGA,0,4235489
yadE_predicted,0.3333333333333333,2,2,CCGCCTCATAGTGTGCGGAT,0,4208129
yadE_predicted,0.3333333333333333,2,2,CCGCCTACCTCTCCGGACGA,0,4232845
yadE_predicted,0.3333333333333333,2,2,CCGCCAATTCAAGAAACGTC,0,4205258
yadE_predicted,0.3333333333333333,2,2,CCGCATGGTCGCCGAGCTTG,0,4183454
yadE_predicted,0.3333333333333333,2,2,CCGCACTGAGAAAAGGCGGG,0,4240985
yadE_predicted,0.3333333333333333,2,2,CCGCACTCTATTAGAAGGGT,0,4223335
yadE_predicted,0.3333333333333333,2,2,CCGCAAGTCAGTTAGTAGGT,0,4231538
yadE_predicted,0.3333333333333333,2,2,CCGCAACCAGCGCGTCCCGA,0,4214293
yadE_predicted,0.3333333333333333,2,2,CCGATTTCGACCGATAGCGT,0,4202807
yadE_predicted,0.3333333333333333,2,2,CCGATGTGAAGGTGCCCTGC,0,4186103
yadE_predicted,0.3333333333333333,2,2,CCGATCGTCCTGCCTGTCGG,0,4196537
yadE_predicted,0.3333333333333333,2,2,CCGATCACCTCGGGATATTA,0,4186250
yadE_predicted,0.3333333333333333,2,2,CCGATATCTAACATGGTGTT,0,4187152
yadE_predicted,0.3333333333333333,2,2,CCGAGTACACGAAGTCTAGT,0,4225647
yadE_predicted,0.3333333333333333,2,2,CCGACTGGGATTTAGTACTG,0,4190106
yadE_predicted,0.3333333333333333,2,2,CCGACACCGAGACGGGAGTT,0,4204752
yadE_predicted,0.3333333333333333,2,2,CCGACAACCTCTCGCGCTGA,0,4165339
yadE_predicted,0.3333333333333333,2,2,CCGAAGGCCGTTTGTCGCAC,0,4240313
yadE_predicted,0.3333333333333333,2,2,CCCTTGTAGGGATGCTCTAA,0,4197982
yadE_predicted,0.3333333333333333,2,2,CCCTGGTGTTCTGCGCACGT,0,4205010
yadE_predicted,0.3333333333333333,2,2,CCCTGGGGGGGCTCCCTGGC,0,4195000
yadE_predicted,0.3333333333333333,2,2,CCCTGCCTTTGTGCTTACCA,0,4201448
yadE_predicted,0.3333333333333333,2,2,CCCTCGTCGTCCGGTACTCT,0,4211090
yadE_predicted,0.3333333333333333,2,2,CCCTAGTTCACGCTGGATAC,0,4227460
yadE_predicted,0.3333333333333333,2,2,CCCGGCTCAAGGCCTCAACG,0,4236697
yadE_predicted,0.3333333333333333,2,2,CCCGCGGCACCACCAAACAG,0,4187885
yadE_predicted,0.3333333333333333,2,2,CCCGCCCTTTGGGTACTCGA,0,4211468
yadE_predicted,0.3333333333333333,2,2,CCCGCCCTAAACGGTACGGT,0,4190788
yadE_predicted,0.3333333333333333,2,2,CCCGAGGGTGAGAAGAACTT,0,4213028
yadE_predicted,0.3333333333333333,2,2,CCCGACCCTGTTGCCCCAAC,0,4169069
yadE_predicted,0.3333333333333333,2,2,CCCGACAGGGAACATCAATT,0,4196140
yadE_predicted,0.3333333333333333,2,2,CCCCTGGTACAACATTACAA,0,4229279
yadE_predicted,0.3333333333333333,2,2,CCCCTCTCAAGTGTCCCACG,0,4194513
yadE_predicted,0.3333333333333333,2,2,CCCCTCACGGCATCCGGCGG,0,4202793
yadE_predicted,0.3333333333333333,2,2,CCCCTACCCGCAATACTGAT,0,4210528
yadE_predicted,0.3333333333333333,2,2,CCCCGTACAACCTATAGCGC,0,4183441
yadE_predicted,0.3333333333333333,2,2,CCCCGGGGTAAAGACATAAA,0,4191778
yadE_predicted,0.3333333333333333,2,2,CCCCGGGCTGACGAGCGGAC,0,4238854
yadE_predicted,0.3333333333333333,2,2,CCCCGGCTAGAACTCGCAAG,0,4223712
yadE_predicted,0.3333333333333333,2,2,CCCCGCCCCCGGGCATAGTA,0,4181939
yadE_predicted,0.3333333333333333,2,2,CCCCGCAGTAGTGCCCTAAA,0,4205357
yadE_predicted,0.3333333333333333,2,2,CCCCCGAGGTGACTTGTTAT,0,4238530
yadE_predicted,0.3333333333333333,2,2,CCCCCCCTATGGTAAGCCCA,0,4183393
yadE_predicted,0.3333333333333333,2,2,CCCCACGCTGTTAAACAGAT,0,4229311
yadE_predicted,0.3333333333333333,2,2,CCCCACCAGAGCAGCCCTCG,0,4170463
yadE_predicted,0.3333333333333333,2,2,CCCCAACATACTATTTTCTT,0,4203411
yadE_predicted,0.3333333333333333,2,2,CCCCAAAGCGAATTAGCGTC,0,4201529
yadE_predicted,0.3333333333333333,2,2,CCCATACGGAAGTATGTGGA,0,4214337
yadE_predicted,0.3333333333333333,2,2,CCCAGGCCAGCGGAATAAGA,0,4185533
yadE_predicted,0.3333333333333333,2,2,CCCAGCCGCACCTATGAGTG,0,4196443
yadE_predicted,0.3333333333333333,2,2,CCCACTCTGTTAGACTTATA,0,4181171
yadE_predicted,0.3333333333333333,2,2,CCCACTATCAGCGGCCTAAA,0,4185403
yadE_predicted,0.3333333333333333,2,2,CCCAACCCACGTAGACCAGA,0,4227594
yadE_predicted,0.3333333333333333,2,2,CCATTCGGCCCAAGGCAGAG,0,4175279
yadE_predicted,0.3333333333333333,2,2,CCATGTGGCGGAGCAGTTGT,0,4171573
yadE_predicted,0.3333333333333333,2,2,CCATGGAATTAATAGATGGT,0,4201860
yadE_predicted,0.3333333333333333,2,2,CCAGTTACCTCGTTCTGGTG,0,4213164
yadE_predicted,0.3333333333333333,2,2,CCAGTCAATCGCGGGTGCGG,0,4207232
yadE_predicted,0.3333333333333333,2,2,CCAGGGCGCCGGTGGGTTCT,0,4231286
yadE_predicted,0.3333333333333333,2,2,CCAGGCTCGACTCCATTTAC,0,4177369
yadE_predicted,0.3333333333333333,2,2,CCAGCTGGAAAACCAACGGA,0,4176753
yadE_predicted,0.3333333333333333,2,2,CCAGCAGCGACAGCCTAGGG,0,4177966
yadE_predicted,0.3333333333333333,2,2,CCAGCACAGCTGGCATCACA,0,4184028
yadE_predicted,0.3333333333333333,2,2,CCAGAAGTCAGTAAGGGATC,0,4226552
yadE_predicted,0.3333333333333333,2,2,CCACTTCCCACAGGTAACTC,0,4206154
yadE_predicted,0.3333333333333333,2,2,CCACTGTTGATTACGTGAAA,0,4229794
yadE_predicted,0.3333333333333333,2,2,CCACTGACGGGACACTCGAC,0,4223994
yadE_predicted,0.3333333333333333,2,2,CCACTCCGTCGGCTACGCGG,0,4240057
yadE_predicted,0.3333333333333333,2,2,CCACTCAGGGTCTCCGTGAT,0,4203191
yadE_predicted,0.3333333333333333,2,2,CCACGTTAGCTTCAAGTTAA,0,4171848
yadE_predicted,0.3333333333333333,2,2,CCACGCTCTTTGTCGTATTG,0,4159832
yadE_predicted,0.3333333333333333,2,2,CCACGCTCGAGAGAACAGAG,0,4222692
yadE_predicted,0.3333333333333333,2,2,CCACCGTTTCCTGACAGTAA,0,4219471
yadE_predicted,0.3333333333333333,2,2,CCACCGATTAAATTTTTTAA,0,4188577
yadE_predicted,0.3333333333333333,2,2,CCACCAGCAGACGGATGTAG,0,4217728
yadE_predicted,0.3333333333333333,2,2,CCACATCGGGATTGCATGAA,0,4227657
yadE_predicted,0.3333333333333333,2,2,CCACAGAGGTGGGCAGGGTT,0,4219649
yadE_predicted,0.3333333333333333,2,2,CCACAGAGATAGGGCAGAGA,0,4183944
yadE_predicted,0.3333333333333333,2,2,CCAATTCCTCGGGCCAATGT,0,4218914
yadE_predicted,0.3333333333333333,2,2,CCAATGGACTGTAGGACAAA,0,4212872
yadE_predicted,0.3333333333333333,2,2,CCAATCGCGGCCGAGCAATA,0,4197987
yadE_predicted,0.3333333333333333,2,2,CCAAGTGGGACTTAAGATTC,0,4203926
yadE_predicted,0.3333333333333333,2,2,CCAAGTCGAGTTATTCATGT,0,4231100
yadE_predicted,0.3333333333333333,2,2,CCAAGTATATGACTCCCAGC,0,4167595
yadE_predicted,0.3333333333333333,2,2,CCAAGTAACGCCCTCCTCGC,0,4206832
yadE_predicted,0.3333333333333333,2,2,CCAAGGGGACAATTTCGAGA,0,4192599
yadE_predicted,0.3333333333333333,2,2,CCAACCGGAGATCACACGAG,0,4162846
yadE_predicted,0.3333333333333333,2,2,CCAAAGCGCGTTTGCGGGCG,0,4217872
yadE_predicted,0.3333333333333333,2,2,CCAAAGACGGAGCGACGGTG,0,4228400
yadE_predicted,0.3333333333333333,2,2,CATTTGGCCCACAAATACTT,0,4235623
yadE_predicted,0.3333333333333333,2,2,CATTGTTCTCTTCATTAAAA,0,4201393
yadE_predicted,0.3333333333333333,2,2,CATTGGAAGGCTCAGAAATC,0,4226353
yadE_predicted,0.3333333333333333,2,2,CATTGCGCGTGTCAAGATTA,0,4186910
yadE_predicted,0.3333333333333333,2,2,CATTACGTAGAGTAGACTAA,0,4232698
yadE_predicted,0.3333333333333333,2,2,CATTACAATATTGGTGCTGA,0,4178751
yadE_predicted,0.3333333333333333,2,2,CATGTTTAGACGACTGGCAA,0,4171624
yadE_predicted,0.3333333333333333,2,2,CATGTTCCTGCTAGGGGGGC,0,4172382
yadE_predicted,0.3333333333333333,2,2,CATGTTAAAATAAATTGAGA,0,4202279
yadE_predicted,0.3333333333333333,2,2,CATGGTAACGCGTTATACAG,0,4230053
yadE_predicted,0.3333333333333333,2,2,CATGGGTGGTTTACGTTGAA,0,4166970
yadE_predicted,0.3333333333333333,2,2,CATGGGGCTTTACGCTCCGT,0,4193448
yadE_predicted,0.3333333333333333,2,2,CATGGCTCCCCTAGAGTGTT,0,4159813
yadE_predicted,0.3333333333333333,2,2,CATGGCTAGAGTCTTGTCCA,0,4161872
yadE_predicted,0.3333333333333333,2,2,CATGGATAAATACCTCCTAC,0,4185445
yadE_predicted,0.3333333333333333,2,2,CATGGAGGAACTACGCCTCA,0,4239479
yadE_predicted,0.3333333333333333,2,2,CATGCAGCTTAGCTTCATAA,0,4201477
yadE_predicted,0.3333333333333333,2,2,CATGAGATTTCAAATATTCC,0,4216853
yadE_predicted,0.3333333333333333,2,2,CATGACGCATAATGAGCTGG,0,4213954
yadE_predicted,0.3333333333333333,2,2,CATCTTTTAAGCGGAAATCT,0,4230333
yadE_predicted,0.3333333333333333,2,2,CATCTTGGCCAAGAAGAAGG,0,4213182
yadE_predicted,0.3333333333333333,2,2,CATCTCGCCCCTCTACTATT,0,4198402
yadE_predicted,0.3333333333333333,2,2,CATCGTATCCAGGGGGTTGG,0,4208620
yadE_predicted,0.3333333333333333,2,2,CATCGGGTGGGTACTTGGGA,0,4164416
yadE_predicted,0.3333333333333333,2,2,CATCGGGAGACGCTTCGATA,0,4232214
yadE_predicted,0.3333333333333333,2,2,CATCGGCCGGTCCGGCCAAC,0,4194208
yadE_predicted,0.3333333333333333,2,2,CATCGATATGATTTTCGTTA,0,4218954
yadE_predicted,0.3333333333333333,2,2,CATCGAGTGAGCGCCCAGAC,0,4238103
yadE_predicted,0.3333333333333333,2,2,CATCCGGCCCCGCCGTACTC,0,4184845
yadE_predicted,0.3333333333333333,2,2,CATCCCTCAAAAACCGTCCT,0,4229589
yadE_predicted,0.3333333333333333,2,2,CATCCACGGTTCCAACAGCC,0,4214617
yadE_predicted,0.3333333333333333,2,2,CATCCACGGGCATCCATGTG,0,4192072
yadE_predicted,0.3333333333333333,2,2,CATCAGGCCTTTCACCGTCG,0,4192140
yadE_predicted,0.3333333333333333,2,2,CATCACAGTCAGACCTCAAT,0,4212286
yadE_predicted,0.3333333333333333,2,2,CATCAAACTGAGATTCGTGC,0,4169310
yadE_predicted,0.3333333333333333,2,2,CATATTCGGTATTAGTGGTG,0,4183037
yadE_predicted,0.3333333333333333,2,2,CATACCCGAGTATAAAGTAT,0,4203276
yadE_predicted,0.3333333333333333,2,2,CATACATCCCGACAATTTCC,0,4196440
yadE_predicted,0.3333333333333333,2,2,CATACACACTCCGTCCGCGC,0,4179088
yadE_predicted,0.3333333333333333,2,2,CATAATCGTCCCTTACCAGG,0,4224692
yadE_predicted,0.3333333333333333,2,2,CATAACCTGTCTTTCTGTAC,0,4172954
yadE_predicted,0.3333333333333333,2,2,CATAACAGGGCATAGAACGC,0,4221809
yadE_predicted,0.3333333333333333,2,2,CATAAATCAGAAATGAGTGT,0,4225204
yadE_predicted,0.3333333333333333,2,2,CATAAAAATTCAGGCCCGGA,0,4166564
yadE_predicted,0.3333333333333333,2,2,CAGTTGGGACCGCCGGTGTT,0,4200649
yadE_predicted,0.3333333333333333,2,2,CAGTTACACTATACGTTACA,0,4215707
yadE_predicted,0.3333333333333333,2,2,CAGTTAATCGGCGACTGTAG,0,4227661
yadE_predicted,0.3333333333333333,2,2,CAGTGTGGAGTCCTGCCGCA,0,4226880
yadE_predicted,0.3333333333333333,2,2,CAGTGGTCTGAACCAGTGCT,0,4210870
yadE_predicted,0.3333333333333333,2,2,CAGTGGTCCCGCGATATGGC,0,4200243
yadE_predicted,0.3333333333333333,2,2,CAGTGATGCGAAACACCTAG,0,4193654
yadE_predicted,0.3333333333333333,2,2,CAGTCAGCTCTTTATTATCA,0,4206483
yadE_predicted,0.3333333333333333,2,2,CAGTCACACGTTTCCTAACT,0,4173135
yadE_predicted,0.3333333333333333,2,2,CAGTATGCGGCCGCAAAGAC,0,4199593
yadE_predicted,0.3333333333333333,2,2,CAGTAGGTCCGTACCCCCAG,0,4224200
yadE_predicted,0.3333333333333333,2,2,CAGGTTGGTATTAGTCATGT,0,4167899
yadE_predicted,0.3333333333333333,2,2,CAGGTCCCGGAGTCCCGTGC,0,4238578
yadE_predicted,0.3333333333333333,2,2,CAGGTCAGGATGTGAAAGCA,0,4238892
yadE_predicted,0.3333333333333333,2,2,CAGGTAAGGTCATTCGCAGG,0,4177219
yadE_predicted,0.3333333333333333,2,2,CAGGGTCACTTGAAATCTAT,0,4186202
yadE_predicted,0.3333333333333333,2,2,CAGGGGCTGGTCGATCCCCA,0,4177061
yadE_predicted,0.3333333333333333,2,2,CAGGCTGTTTTATAATGTCC,0,4238996
yadE_predicted,0.3333333333333333,2,2,CAGGCGTGGAGTCCTGAGAC,0,4174526
yadE_predicted,0.3333333333333333,2,2,CAGGCGTCTTGCCCGGCAAA,0,4198547
yadE_predicted,0.3333333333333333,2,2,CAGGCAATTCTACATCTAGC,0,4228350
yadE_predicted,0.3333333333333333,2,2,CAGGAGCATTGGGTGTGAGG,0,4179143
yadE_predicted,0.3333333333333333,2,2,CAGCTTTGTGGGACGTCAAG,0,4215483
yadE_predicted,0.3333333333333333,2,2,CAGCCTTGAGTCATACTGGT,0,4187655
yadE_predicted,0.3333333333333333,2,2,CAGCCGCCTCATATTCGCGG,0,4216519
yadE_predicted,0.3333333333333333,2,2,CAGCCCTTTGACTCCGGGTT,0,4178418
yadE_predicted,0.3333333333333333,2,2,CAGCATCAGGTTCACGCCTA,0,4217817
yadE_predicted,0.3333333333333333,2,2,CAGCATAGATAATTTACCCG,0,4205822
yadE_predicted,0.3333333333333333,2,2,CAGCAGGGAGTAGTGATGTC,0,4237716
yadE_predicted,0.3333333333333333,2,2,CAGCAAGCCTGCACTCCCAT,0,4185630
yadE_predicted,0.3333333333333333,2,2,CAGATTCAAACACTAGGCCA,0,4175858
yadE_predicted,0.3333333333333333,2,2,CAGATGCTAGAGCGGTTATG,0,4193008
yadE_predicted,0.3333333333333333,2,2,CAGATAACGCAACAGTGTAA,0,4175770
yadE_predicted,0.3333333333333333,2,2,CAGAGAAGATGTGTGTTTAG,0,4233281
yadE_predicted,0.3333333333333333,2,2,CAGACTATAGCGTGTTTTTT,0,4227494
yadE_predicted,0.3333333333333333,2,2,CAGACCGACTCACAACACGA,0,4216571
yadE_predicted,0.3333333333333333,2,2,CAGACACTCTGACTTTTACT,0,4186914
yadE_predicted,0.3333333333333333,2,2,CAGAACAGAGCGGGCCGCCG,0,4176734
yadE_predicted,0.3333333333333333,2,2,CAGAACACCAGGGTACTCTC,0,4232285
yadE_predicted,0.3333333333333333,2,2,CAGAACAATTCGTAAGCTGG,0,4161861
yadE_predicted,0.3333333333333333,2,2,CACTTTGTTTACAATCCCTT,0,4196005
yadE_predicted,0.3333333333333333,2,2,CACTTGTTCAAAATGCAGTG,0,4207115
yadE_predicted,0.3333333333333333,2,2,CACTTCGAAACGCGGAGCCT,0,4191211
yadE_predicted,0.3333333333333333,2,2,CACTTAGTGCATGGTGGTCG,0,4236791
yadE_predicted,0.3333333333333333,2,2,CACTGTGTGGCCCGGGCAGA,0,4184239
yadE_predicted,0.3333333333333333,2,2,CACTGTAAGCGCTTTAGGTA,0,4180053
yadE_predicted,0.3333333333333333,2,2,CACTGCGGTTTCGTCATGGT,0,4224721
yadE_predicted,0.3333333333333333,2,2,CACTGCAGTGACCCCTAAAG,0,4218083
yadE_predicted,0.3333333333333333,2,2,CACTCGTTGGTTCGTACTAG,0,4222842
yadE_predicted,0.3333333333333333,2,2,CACTCCGACGTACAGCTGTG,0,4185229
yadE_predicted,0.3333333333333333,2,2,CACTCATACGCCAGGGAAGC,0,4163192
yadE_predicted,0.3333333333333333,2,2,CACTCAAACGATGGCTACTC,0,4208642
yadE_predicted,0.3333333333333333,2,2,CACTATACCAAGATATCAAA,0,4197554
yadE_predicted,0.3333333333333333,2,2,CACTAGCTCTTCTAACCGGG,0,4206556
yadE_predicted,0.3333333333333333,2,2,CACTAGAAATCAGGGTAGGG,0,4200504
yadE_predicted,0.3333333333333333,2,2,CACGTTTAGGAGTAGCCGTT,0,4209825
yadE_predicted,0.3333333333333333,2,2,CACGTTCCCTGGCCGTCGAA,0,4224525
yadE_predicted,0.3333333333333333,2,2,CACGTGATTGGTATGATATT,0,4220291
yadE_predicted,0.3333333333333333,2,2,CACGTAGAGTCTGCTGGCGT,0,4184459
yadE_predicted,0.3333333333333333,2,2,CACGTACTAGGCGTTGGCCA,0,4227550
yadE_predicted,0.3333333333333333,2,2,CACGTACATTAAATCACTAC,0,4208672
yadE_predicted,0.3333333333333333,2,2,CACGGTCTTGGCTGTTAACA,0,4212354
yadE_predicted,0.3333333333333333,2,2,CACGGGCGTTGCGTAAAAAT,0,4227203
yadE_predicted,0.3333333333333333,2,2,CACGGCAATGCGCTGTACTC,0,4210790
yadE_predicted,0.3333333333333333,2,2,CACGGATTCCCGGGCAAGAC,0,4174817
yadE_predicted,0.3333333333333333,2,2,CACGGAGCAGGCCCGTTGAA,0,4235979
yadE_predicted,0.3333333333333333,2,2,CACGGAACACAGGTACATTT,0,4229952
yadE_predicted,0.3333333333333333,2,2,CACGCGTCACGGGTAGGGTC,0,4206329
yadE_predicted,0.3333333333333333,2,2,CACGCAGTGCTCTACGCCGA,0,4175548
yadE_predicted,0.3333333333333333,2,2,CACGAGCTCAGGTCTTTCCT,0,4195807
yadE_predicted,0.3333333333333333,2,2,CACGAGCCGGCAAGGAACGC,0,4236435
yadE_predicted,0.3333333333333333,2,2,CACGACTGCCCATCCTAGGT,0,4231406
yadE_predicted,0.3333333333333333,2,2,CACGACAAGCTAGACTTCCC,0,4167349
yadE_predicted,0.3333333333333333,2,2,CACGAATTAGCTCACTAAAT,0,4161966
yadE_predicted,0.3333333333333333,2,2,CACGAATCCCACGTACATTT,0,4206205
yadE_predicted,0.3333333333333333,2,2,CACCTTTGATAAGCGAGGGT,0,4160523
yadE_predicted,0.3333333333333333,2,2,CACCTGTTCATGGAAATCTT,0,4169738
yadE_predicted,0.3333333333333333,2,2,CACCTACCCAACAGGCAAAC,0,4203096
yadE_predicted,0.3333333333333333,2,2,CACCGTAATTCAAGGGTTCG,0,4192651
yadE_predicted,0.3333333333333333,2,2,CACCGGTTCATACAGCGCAG,0,4199486
yadE_predicted,0.3333333333333333,2,2,CACCGGAGCCCTCCCCGACA,0,4189444
yadE_predicted,0.3333333333333333,2,2,CACCGCGCATCAATTCCTGC,0,4187583
yadE_predicted,0.3333333333333333,2,2,CACCGCAGAAGCCTATGTGT,0,4176283
yadE_predicted,0.3333333333333333,2,2,CACCGAACAGTGTGGTCCAC,0,4180824
yadE_predicted,0.3333333333333333,2,2,CACCCTTAATGGGATGTTAA,0,4191103
yadE_predicted,0.3333333333333333,2,2,CACCCTCTTCTGTCGGGATG,0,4169524
yadE_predicted,0.3333333333333333,2,2,CACCCGGGTGGTTGTTTATG,0,4241418
yadE_predicted,0.3333333333333333,2,2,CACCCCTAAGCAATTTTATC,0,4160972
yadE_predicted,0.3333333333333333,2,2,CACCCCCGTGAGCACGAGCA,0,4159642
yadE_predicted,0.3333333333333333,2,2,CACCATCGGTCAAAATGCGT,0,4226733
yadE_predicted,0.3333333333333333,2,2,CACCAACGACAGATTAAGCG,0,4236067
yadE_predicted,0.3333333333333333,2,2,CACCAAAGCCCCGTTGTGGA,0,4165921
yadE_predicted,0.3333333333333333,2,2,CACATTGCGGTGGAACTGTT,0,4233217
yadE_predicted,0.3333333333333333,2,2,CACATGCGCAATACCGTCGC,0,4170011
yadE_predicted,0.3333333333333333,2,2,CACATGAGTCCCTAAGTTGA,0,4201574
yadE_predicted,0.3333333333333333,2,2,CACATAAGTGCATTCAAGGT,0,4168942
yadE_predicted,0.3333333333333333,2,2,CACAGTACGACTTCGAGAAA,0,4192854
yadE_predicted,0.3333333333333333,2,2,CACACGACCCCCCAGCGCAA,0,4177331
yadE_predicted,0.3333333333333333,2,2,CACACCGGGTGCGCCCTGCA,0,4210638
yadE_predicted,0.3333333333333333,2,2,CACACAGACTAGCCAGGGCT,0,4174079
yadE_predicted,0.3333333333333333,2,2,CACAACGAGCCTTTTCCCAC,0,4185105
yadE_predicted,0.3333333333333333,2,2,CAATTTGTCGGGATTCAATC,0,4179841
yadE_predicted,0.3333333333333333,2,2,CAATTCGCCGCATGTTAAAT,0,4173045
yadE_predicted,0.3333333333333333,2,2,CAATGTAAGCCTCTACTTAC,0,4233495
yadE_predicted,0.3333333333333333,2,2,CAATCAAAGTTTTTGACAGT,0,4193291
yadE_predicted,0.3333333333333333,2,2,CAATAGTCATTGCAGGAGAT,0,4171019
yadE_predicted,0.3333333333333333,2,2,CAATAGAACCCTGAAGATCA,0,4202518
yadE_predicted,0.3333333333333333,2,2,CAATACAGCATGAATGAATC,0,4164204
yadE_predicted,0.3333333333333333,2,2,CAAGTGACATATTTTAAGGC,0,4179552
yadE_predicted,0.3333333333333333,2,2,CAAGTAGGCGAAGAGTTAGA,0,4187343
yadE_predicted,0.3333333333333333,2,2,CAAGTACGTTTCGCACCTTA,0,4237192
yadE_predicted,0.3333333333333333,2,2,CAAGGCGCTATGCTGAGGCT,0,4178998
yadE_predicted,0.3333333333333333,2,2,CAAGGATCTTCCCTGTTGTA,0,4164556
yadE_predicted,0.3333333333333333,2,2,CAAGCTGGCCTTTTTAATTA,0,4226715
yadE_predicted,0.3333333333333333,2,2,CAAGCTATGCTGTGACCGAG,0,4194426
yadE_predicted,0.3333333333333333,2,2,CAAGCATCCATGGCGATGTA,0,4211381
yadE_predicted,0.3333333333333333,2,2,CAAGACACGATAGTTCTTTT,0,4164583
yadE_predicted,0.3333333333333333,2,2,CAACTAGAAGGGCTTGTTTC,0,4218420
yadE_predicted,0.3333333333333333,2,2,CAACGTTCTGACGCCGCGGT,0,4206756
yadE_predicted,0.3333333333333333,2,2,CAACGTTACCGGACGACTTC,0,4238860
yadE_predicted,0.3333333333333333,2,2,CAACCGGTACGCCTTTTTGA,0,4225886
yadE_predicted,0.3333333333333333,2,2,CAACCAAAATCAACTTAGAC,0,4232632
yadE_predicted,0.3333333333333333,2,2,CAAATTTTGTTTTACTCTGT,0,4221211
yadE_predicted,0.3333333333333333,2,2,CAAATGACACTAGGATCACA,0,4226103
yadE_predicted,0.3333333333333333,2,2,CAAATAATAGTAGACCTCTA,0,4182148
yadE_predicted,0.3333333333333333,2,2,CAAAGTCCCCTGCCGACGTT,0,4168230
yadE_predicted,0.3333333333333333,2,2,CAAAGGCGAGCACGACTCCC,0,4210176
yadE_predicted,0.3333333333333333,2,2,CAAAGCTAACTGGTTCCTCC,0,4234333
yadE_predicted,0.3333333333333333,2,2,CAAAGAAATTACCGGTTGCG,0,4160190
yadE_predicted,0.3333333333333333,2,2,CAAACGGGGGGCATCCCTTA,0,4226891
yadE_predicted,0.3333333333333333,2,2,CAAACACAGGGGGTTGCCGT,0,4197870
yadE_predicted,0.3333333333333333,2,2,CAAAATACCGACAATAACGC,0,4218476
yadE_predicted,0.3333333333333333,2,2,CAAAAGTTATACGAGGAAAA,0,4192964
yadE_predicted,0.3333333333333333,2,2,CAAAACAGACCGGAGTGCCT,0,4204893
yadE_predicted,0.3333333333333333,2,2,CAAAAAGTCAAACACCGGGT,0,4239758
yadE_predicted,0.3333333333333333,2,2,CAAAAACTATCCGTTACTGG,0,4207212
yadE_predicted,0.3333333333333333,2,2,ATTTTTCAGATTACCTTGCC,0,4206913
yadE_predicted,0.3333333333333333,2,2,ATTTTGGCTAACGTCTCCCA,0,4188505
yadE_predicted,0.3333333333333333,2,2,ATTTTGAACTACAGGGGCCT,0,4205866
yadE_predicted,0.3333333333333333,2,2,ATTTTATCCCGGTAATCGGG,0,4219158
yadE_predicted,0.3333333333333333,2,2,ATTTTAGAAGTTTGATGTGC,0,4205350
yadE_predicted,0.3333333333333333,2,2,ATTTGAATGGCTTCCGTCAT,0,4180561
yadE_predicted,0.3333333333333333,2,2,ATTTCGCTGACGCGTTTACT,0,4169447
yadE_predicted,0.3333333333333333,2,2,ATTTCGACGGTTACGGGCAA,0,4241386
yadE_predicted,0.3333333333333333,2,2,ATTTCAAATTTCAACGCACT,0,4201943
yadE_predicted,0.3333333333333333,2,2,ATTTACTCCGATGTCGAACA,0,4198679
yadE_predicted,0.3333333333333333,2,2,ATTGTTTAACCATATTACCT,0,4179054
yadE_predicted,0.3333333333333333,2,2,ATTGTTCGTTGGAACGGGCT,0,4230599
yadE_predicted,0.3333333333333333,2,2,ATTGTGGGTATCCAGTTAGC,0,4162455
yadE_predicted,0.3333333333333333,2,2,ATTGTGCTTTGGGGGGAGCC,0,4172071
yadE_predicted,0.3333333333333333,2,2,ATTGTAGGATGAGAAGAGTT,0,4187155
yadE_predicted,0.3333333333333333,2,2,ATTGCGTCCATCCACCGTCA,0,4194663
yadE_predicted,0.3333333333333333,2,2,ATTGCGCGCTAACGCGAATC,0,4241162
yadE_predicted,0.3333333333333333,2,2,ATTGCCAATGGGCCTCGCGA,0,4167060
yadE_predicted,0.3333333333333333,2,2,ATTCTCAGCATCCCCAATGT,0,4199909
yadE_predicted,0.3333333333333333,2,2,ATTCGTGCTTATAAAGCGGT,0,4219207
yadE_predicted,0.3333333333333333,2,2,ATTCGGCGTTTCTAGACCAA,0,4196488
yadE_predicted,0.3333333333333333,2,2,ATTCGGATGTTTTACTGGTT,0,4165999
yadE_predicted,0.3333333333333333,2,2,ATTCGATAGGAGGTACGTAC,0,4178432
yadE_predicted,0.3333333333333333,2,2,ATTCGATAGATACTTATATA,0,4172547
yadE_predicted,0.3333333333333333,2,2,ATTCGACGAGGCAGGGTGTA,0,4176982
yadE_predicted,0.3333333333333333,2,2,ATTCCCCACTCGCCGCACTC,0,4235481
yadE_predicted,0.3333333333333333,2,2,ATTCCATCAATTTAAACCAC,0,4224377
yadE_predicted,0.3333333333333333,2,2,ATTCATGAAGGCGACGCGTG,0,4204690
yadE_predicted,0.3333333333333333,2,2,ATTCACATGGGGGTATTACC,0,4224969
yadE_predicted,0.3333333333333333,2,2,ATTCAATAATATGTTTTTAT,0,4187552
yadE_predicted,0.3333333333333333,2,2,ATTCAAGATAAAATCAATAG,0,4168095
yadE_predicted,0.3333333333333333,2,2,ATTATTTTAATAAGATTGTG,0,4177589
yadE_predicted,0.3333333333333333,2,2,ATTATCTCCAGTGTTTGCGT,0,4185019
yadE_predicted,0.3333333333333333,2,2,ATTAGTTGCCGAACTTAGTT,0,4232914
yadE_predicted,0.3333333333333333,2,2,ATTAGTGTTGCAAGACGACA,0,4170501
yadE_predicted,0.3333333333333333,2,2,ATTAGTCTAAATGTGCAACT,0,4224117
yadE_predicted,0.3333333333333333,2,2,ATTAGGTCGGCGTTAATCGA,0,4181097
yadE_predicted,0.3333333333333333,2,2,ATTAGCTCAGTGCATCTTTG,0,4167623
yadE_predicted,0.3333333333333333,2,2,ATTACGGCCTTCCTATCGGA,0,4163822
yadE_predicted,0.3333333333333333,2,2,ATTACGCGCATAGGATGTAG,0,4192445
yadE_predicted,0.3333333333333333,2,2,ATTACGAGCCGGCAACCTTT,0,4164294
yadE_predicted,0.3333333333333333,2,2,ATTACCCCTAACCGGATGGG,0,4214013
yadE_predicted,0.3333333333333333,2,2,ATTACATGTACGGATCTTAA,0,4218948
yadE_predicted,0.3333333333333333,2,2,ATGTTTCGACGCACATTTCG,0,4209906
yadE_predicted,0.3333333333333333,2,2,ATGTGGGTTGGCTAGCAAGT,0,4180572
yadE_predicted,0.3333333333333333,2,2,ATGTGCCCAGGACGCGGCGA,0,4172615
yadE_predicted,0.3333333333333333,2,2,ATGTCGGCTCGTGTCGGAGA,0,4234377
yadE_predicted,0.3333333333333333,2,2,ATGTCGCCTTTAACAGTCTA,0,4163939
yadE_predicted,0.3333333333333333,2,2,ATGTCCGGTTTCACGGCCTG,0,4195921
yadE_predicted,0.3333333333333333,2,2,ATGTCCACTTTCATCGGGGA,0,4202515
yadE_predicted,0.3333333333333333,2,2,ATGTCCACTATCCTTGTGCA,0,4204790
yadE_predicted,0.3333333333333333,2,2,ATGTCCAATCGAATCGCTTT,0,4191530
yadE_predicted,0.3333333333333333,2,2,ATGTCCAAATGGCGGTCTCC,0,4189814
yadE_predicted,0.3333333333333333,2,2,ATGTAAAGTCTTTGCTGACT,0,4180659
yadE_predicted,0.3333333333333333,2,2,ATGGTGTGTCGGTCGGCGAT,0,4221671
yadE_predicted,0.3333333333333333,2,2,ATGGTGGGGGTTCCCGTATG,0,4236305
yadE_predicted,0.3333333333333333,2,2,ATGGTATTTTACAGTGTCCA,0,4159536
yadE_predicted,0.3333333333333333,2,2,ATGGGGATTTTGAATGGTCT,0,4233562
yadE_predicted,0.3333333333333333,2,2,ATGGGCGGGTGGCTTCTATG,0,4175028
yadE_predicted,0.3333333333333333,2,2,ATGGGCCCGGGTGTCTGCTA,0,4194209
yadE_predicted,0.3333333333333333,2,2,ATGGGACGATTGGTTTTACC,0,4183449
yadE_predicted,0.3333333333333333,2,2,ATGGGAATTCCCTTATGTCT,0,4228354
yadE_predicted,0.3333333333333333,2,2,ATGGGAAGCGCAGCTTCGGA,0,4224746
yadE_predicted,0.3333333333333333,2,2,ATGGCGAGGCCACCGCAGGT,0,4200615
yadE_predicted,0.3333333333333333,2,2,ATGGCAGGGCTACGCCCATC,0,4183804
yadE_predicted,0.3333333333333333,2,2,ATGGATATTATTTCATATCT,0,4174008
yadE_predicted,0.3333333333333333,2,2,ATGGACTCAACCTATGTGGA,0,4225683
yadE_predicted,0.3333333333333333,2,2,ATGCTGGGGGACGATAGACA,0,4215639
yadE_predicted,0.3333333333333333,2,2,ATGCTGACATGATATATTTT,0,4166799
yadE_predicted,0.3333333333333333,2,2,ATGCTAGATCGGCACCCAAC,0,4209766
yadE_predicted,0.3333333333333333,2,2,ATGCGTCCGATCGGCTTTAA,0,4232034
yadE_predicted,0.3333333333333333,2,2,ATGCCAGGCAGGTGATCCCG,0,4190575
yadE_predicted,0.3333333333333333,2,2,ATGCAGTCCCTAAATAAACA,0,4170462
yadE_predicted,0.3333333333333333,2,2,ATGCACTGGCTAGACGCAAA,0,4164790
yadE_predicted,0.3333333333333333,2,2,ATGATTTTTTGGCCGAAAAG,0,4188272
yadE_predicted,0.3333333333333333,2,2,ATGATTGTCTCTTTCTGTAA,0,4209204
yadE_predicted,0.3333333333333333,2,2,ATGATGTGAAATCGTTCTAC,0,4239769
yadE_predicted,0.3333333333333333,2,2,ATGATCCCTAGGGATAGGAT,0,4203564
yadE_predicted,0.3333333333333333,2,2,ATGAGCACCGCCAGTAGTAG,0,4201408
yadE_predicted,0.3333333333333333,2,2,ATGAGATGCTCGAATTTTGG,0,4209683
yadE_predicted,0.3333333333333333,2,2,ATGAGAGTCATACTAAATTA,0,4204492
yadE_predicted,0.3333333333333333,2,2,ATGAGAAACGGTCCTAGTCG,0,4213034
yadE_predicted,0.3333333333333333,2,2,ATGACAATTCCTAACTTTTC,0,4225201
yadE_predicted,0.3333333333333333,2,2,ATGAAGAACCCACCGATATT,0,4224660
yadE_predicted,0.3333333333333333,2,2,ATCTGGATGGGCAAAATCTC,0,4187909
yadE_predicted,0.3333333333333333,2,2,ATCTGACCTAGTGGTCGCGC,0,4219142
yadE_predicted,0.3333333333333333,2,2,ATCTCACTGGTGACATTTTG,0,4203814
yadE_predicted,0.3333333333333333,2,2,ATCTCACGGCTTCCGGTGCG,0,4194545
yadE_predicted,0.3333333333333333,2,2,ATCTAGCCCAGCAGAATGAC,0,4211546
yadE_predicted,0.3333333333333333,2,2,ATCTAGCACATAGAGCACTC,0,4211860
yadE_predicted,0.3333333333333333,2,2,ATCTAAGCCTTCGACCAGGC,0,4160420
yadE_predicted,0.3333333333333333,2,2,ATCGTTTGTGCGTCGGTCAA,0,4227327
yadE_predicted,0.3333333333333333,2,2,ATCGTACTACTCGGGTCGTG,0,4181861
yadE_predicted,0.3333333333333333,2,2,ATCGTACAACATTTTTTCGT,0,4204116
yadE_predicted,0.3333333333333333,2,2,ATCGGTAAATTAATACGAGT,0,4163956
yadE_predicted,0.3333333333333333,2,2,ATCGGGTAACCGGCGTACTT,0,4174183
yadE_predicted,0.3333333333333333,2,2,ATCGGCCTGGAAGCTCGGAC,0,4225357
yadE_predicted,0.3333333333333333,2,2,ATCGCTTTTACGGCCTGGGG,0,4211578
yadE_predicted,0.3333333333333333,2,2,ATCGCTAAATTGCGACTATA,0,4174145
yadE_predicted,0.3333333333333333,2,2,ATCGCGAGAATCATCGCGGT,0,4202029
yadE_predicted,0.3333333333333333,2,2,ATCCTGTGTGTTTCCAGCTC,0,4200650
yadE_predicted,0.3333333333333333,2,2,ATCCTATAGATACCTACTAT,0,4235296
yadE_predicted,0.3333333333333333,2,2,ATCCGTCCCATAACGTGCGA,0,4229926
yadE_predicted,0.3333333333333333,2,2,ATCCGTCATAATATCCTCTA,0,4202902
yadE_predicted,0.3333333333333333,2,2,ATCCGGGCAATGGCTGGCCA,0,4185118
yadE_predicted,0.3333333333333333,2,2,ATCCGCAGTGGGAAAGCGAA,0,4222892
yadE_predicted,0.3333333333333333,2,2,ATCCCGCGAGTCGCTGATAG,0,4190349
yadE_predicted,0.3333333333333333,2,2,ATCCCGCAACAGGTTAAAAC,0,4217796
yadE_predicted,0.3333333333333333,2,2,ATCCCACCTTTTCCTAGAGA,0,4211446
yadE_predicted,0.3333333333333333,2,2,ATCCACTGAGAGCGACGATA,0,4222087
yadE_predicted,0.3333333333333333,2,2,ATCATTTAGATTGGACTCGA,0,4168384
yadE_predicted,0.3333333333333333,2,2,ATCATTCTCGGTGGTTGGAT,0,4187110
yadE_predicted,0.3333333333333333,2,2,ATCATTAAAGATGCCAGGGC,0,4233286
yadE_predicted,0.3333333333333333,2,2,ATCATCAGACTTGGCGCAAT,0,4238734
yadE_predicted,0.3333333333333333,2,2,ATCACTAACCGCTCGGACCG,0,4208737
yadE_predicted,0.3333333333333333,2,2,ATCACAATTTTGAGTCATCT,0,4219385
yadE_predicted,0.3333333333333333,2,2,ATCAAGGAGGGATGGTTTCT,0,4239057
yadE_predicted,0.3333333333333333,2,2,ATCAAACCACAATTGTTTTC,0,4177830
yadE_predicted,0.3333333333333333,2,2,ATATGTGGGCTTAAGTTACG,0,4235564
yadE_predicted,0.3333333333333333,2,2,ATATGTAGTGGACTTTGCGA,0,4205751
yadE_predicted,0.3333333333333333,2,2,ATATCGATAGTTTTTTAGAA,0,4199799
yadE_predicted,0.3333333333333333,2,2,ATATCGAAGTGCGAAAGTGA,0,4225521
yadE_predicted,0.3333333333333333,2,2,ATATCCAAGTTATCAATTAC,0,4176550
yadE_predicted,0.3333333333333333,2,2,ATATCAGGGCGGAGTCTTTA,0,4161588
yadE_predicted,0.3333333333333333,2,2,ATATCACGCAGCATAACATG,0,4240920
yadE_predicted,0.3333333333333333,2,2,ATATATAGGGGTAAAAACTT,0,4199603
yadE_predicted,0.3333333333333333,2,2,ATATACATAGTGCTCGTGAT,0,4213435
yadE_predicted,0.3333333333333333,2,2,ATATAAGACGGCAGGACCTG,0,4163493
yadE_predicted,0.3333333333333333,2,2,ATATAACTAATCGCTCGTGC,0,4241329
yadE_predicted,0.3333333333333333,2,2,ATATAAAATCCTGGTGCCGG,0,4220649
yadE_predicted,0.3333333333333333,2,2,ATAGTGTAGAAACGCCTCCT,0,4225728
yadE_predicted,0.3333333333333333,2,2,ATAGGGAGTGTACAGCGAAG,0,4182405
yadE_predicted,0.3333333333333333,2,2,ATAGGGACCTTTATCGACGT,0,4220861
yadE_predicted,0.3333333333333333,2,2,ATAGGATGACTCAGCGGCGG,0,4213721
yadE_predicted,0.3333333333333333,2,2,ATAGGACTTTCAAGCGCCCT,0,4170769
yadE_predicted,0.3333333333333333,2,2,ATAGGAATCGATTTTCCTTA,0,4224785
yadE_predicted,0.3333333333333333,2,2,ATAGCGGGCAGGGAAGCTAC,0,4178217
yadE_predicted,0.3333333333333333,2,2,ATAGAGTGTAGGCGTCTTCT,0,4175020
yadE_predicted,0.3333333333333333,2,2,ATAGACTCTTGATAAATCAG,0,4168980
yadE_predicted,0.3333333333333333,2,2,ATAGAATCTCGCTTCTGTTT,0,4202161
yadE_predicted,0.3333333333333333,2,2,ATAGAACTTATCACGGCGAG,0,4222442
yadE_predicted,0.3333333333333333,2,2,ATACTTGGCAGACCTATTGG,0,4231547
yadE_predicted,0.3333333333333333,2,2,ATACTTCCGCATTATCGCGG,0,4203251
yadE_predicted,0.3333333333333333,2,2,ATACTTCATGCTTACTCGAC,0,4236092
yadE_predicted,0.3333333333333333,2,2,ATACTGGTTATCTAAGTTGC,0,4183604
yadE_predicted,0.3333333333333333,2,2,ATACTACCTACGGCTAATGC,0,4195493
yadE_predicted,0.3333333333333333,2,2,ATACGTCACGTGGTTGTAGA,0,4201362
yadE_predicted,0.3333333333333333,2,2,ATACGTAACTTTAATCCGGA,0,4175196
yadE_predicted,0.3333333333333333,2,2,ATACGCCAGCTCGCGCCACT,0,4194730
yadE_predicted,0.3333333333333333,2,2,ATACGACGATTAGCATGGCA,0,4206010
yadE_predicted,0.3333333333333333,2,2,ATACCTAACAAAAGGCAGGC,0,4181348
yadE_predicted,0.3333333333333333,2,2,ATACCCTGCTTAAAGATAAT,0,4229627
yadE_predicted,0.3333333333333333,2,2,ATACATTTAGCGTCATGCCC,0,4230426
yadE_predicted,0.3333333333333333,2,2,ATACATGATACTACCTGCCC,0,4193865
yadE_predicted,0.3333333333333333,2,2,ATAATGCTTGGGTCTAGAAG,0,4204602
yadE_predicted,0.3333333333333333,2,2,ATAATGCGTGGGGCACCGTG,0,4235547
yadE_predicted,0.3333333333333333,2,2,ATAAGTTACACTTAACGTCT,0,4230681
yadE_predicted,0.3333333333333333,2,2,ATAAGTATGTGGGGGAACAA,0,4164759
yadE_predicted,0.3333333333333333,2,2,ATAAGCGATAGCCCTTTCGT,0,4239259
yadE_predicted,0.3333333333333333,2,2,ATAAGAGGTAAAAGACCTGA,0,4189238
yadE_predicted,0.3333333333333333,2,2,ATAAGACCGTAGAGATAGCA,0,4197376
yadE_predicted,0.3333333333333333,2,2,ATAAAATCATAGTGATTAGT,0,4212199
yadE_predicted,0.3333333333333333,2,2,AGTTTGGCTAGACTCAGATT,0,4187145
yadE_predicted,0.3333333333333333,2,2,AGTTTCTCGTGTAAACAACG,0,4204701
yadE_predicted,0.3333333333333333,2,2,AGTTGTTGATATGGAGGAAA,0,4226329
yadE_predicted,0.3333333333333333,2,2,AGTTGTCGCCTCGTGTGGTT,0,4159830
yadE_predicted,0.3333333333333333,2,2,AGTTGGTTAAATCAGGTTCC,0,4231735
yadE_predicted,0.3333333333333333,2,2,AGTTGGGCACACGCTAGGGA,0,4174829
yadE_predicted,0.3333333333333333,2,2,AGTTGCCAGCACGTTGGGTG,0,4165337
yadE_predicted,0.3333333333333333,2,2,AGTTCTTAAGAAACACTTAA,0,4205614
yadE_predicted,0.3333333333333333,2,2,AGTTCGTTCACACTTTGGTG,0,4233841
yadE_predicted,0.3333333333333333,2,2,AGTTCCGGCACTGTACCACT,0,4178443
yadE_predicted,0.3333333333333333,2,2,AGTTCCCTCTGTTCAGGGAG,0,4190807
yadE_predicted,0.3333333333333333,2,2,AGTTCATTCAATGTAGCACT,0,4171915
yadE_predicted,0.3333333333333333,2,2,AGTTCAATGAGCTTGATCTT,0,4208147
yadE_predicted,0.3333333333333333,2,2,AGTTATGTGCCGAGGGGTGA,0,4163189
yadE_predicted,0.3333333333333333,2,2,AGTTACCGCACGGTTTACAA,0,4191347
yadE_predicted,0.3333333333333333,2,2,AGTGTTCACGTTCGAGGTTA,0,4212235
yadE_predicted,0.3333333333333333,2,2,AGTGTCCAGTTACAGACCTT,0,4239661
yadE_predicted,0.3333333333333333,2,2,AGTGTCCAAGCTGCCGGGCA,0,4167131
yadE_predicted,0.3333333333333333,2,2,AGTGGTTTTGTACTAACCGG,0,4164139
yadE_predicted,0.3333333333333333,2,2,AGTGGGGTCCGAAGGTACTT,0,4176641
yadE_predicted,0.3333333333333333,2,2,AGTGGGGTCCAGGCGCAGCC,0,4186844
yadE_predicted,0.3333333333333333,2,2,AGTGGGCTAAAGCAAGACCG,0,4209649
yadE_predicted,0.3333333333333333,2,2,AGTGGGCCAGGGAGCGGAAT,0,4184249
yadE_predicted,0.3333333333333333,2,2,AGTGCTTGTAAATATATTTT,0,4194011
yadE_predicted,0.3333333333333333,2,2,AGTGCTGTCAGGAGACTCCA,0,4192578
yadE_predicted,0.3333333333333333,2,2,AGTGCAGTGTGCCGTTGAAG,0,4220509
yadE_predicted,0.3333333333333333,2,2,AGTGAGTAATCATTAAGTTT,0,4166442
yadE_predicted,0.3333333333333333,2,2,AGTGACTTGAAAGTTGCCTA,0,4161283
yadE_predicted,0.3333333333333333,2,2,AGTGACGCTTGTGCAGTTGT,0,4229108
yadE_predicted,0.3333333333333333,2,2,AGTGAACGGCATTTATAAGA,0,4232684
yadE_predicted,0.3333333333333333,2,2,AGTGAAATTCAAAGTAGGGG,0,4201571
yadE_predicted,0.3333333333333333,2,2,AGTCTGGCGGACGTAACCAC,0,4203625
yadE_predicted,0.3333333333333333,2,2,AGTCTGATAACAACTACCGG,0,4198463
yadE_predicted,0.3333333333333333,2,2,AGTCGGGGGAGACCCACGTG,0,4233519
yadE_predicted,0.3333333333333333,2,2,AGTCGAGGAACTCATAAGGG,0,4221942
yadE_predicted,0.3333333333333333,2,2,AGTCCGATCAGGCGCGAGTC,0,4176816
yadE_predicted,0.3333333333333333,2,2,AGTATACGAATCAAGATTTC,0,4207650
yadE_predicted,0.3333333333333333,2,2,AGTAGGCGGGGTCCGGAATT,0,4224449
yadE_predicted,0.3333333333333333,2,2,AGTACTTCCTGTCGGAGATA,0,4216297
yadE_predicted,0.3333333333333333,2,2,AGTACAGGGTTAGAGGCCCA,0,4188689
yadE_predicted,0.3333333333333333,2,2,AGTAATGTCGTAAGTCGCCG,0,4215108
yadE_predicted,0.3333333333333333,2,2,AGGTTTGAGAGAATTATCGG,0,4191125
yadE_predicted,0.3333333333333333,2,2,AGGTTCTCCAAGCAGGTGGG,0,4189622
yadE_predicted,0.3333333333333333,2,2,AGGTGTGGAGGGCATGCGGG,0,4184372
yadE_predicted,0.3333333333333333,2,2,AGGTGGCCCCTCTATCAAGT,0,4181233
yadE_predicted,0.3333333333333333,2,2,AGGTCGTCTCTGGTTTGGAT,0,4199122
yadE_predicted,0.3333333333333333,2,2,AGGTCGGGCACTGCTTACGA,0,4241235
yadE_predicted,0.3333333333333333,2,2,AGGTCCGTCGGGATCCAAGA,0,4241464
yadE_predicted,0.3333333333333333,2,2,AGGTCAGCGAGGGGTTACAG,0,4176350
yadE_predicted,0.3333333333333333,2,2,AGGTATCCGACGTATAGGTC,0,4178649
yadE_predicted,0.3333333333333333,2,2,AGGTAATATCATCGTCGCAG,0,4236617
yadE_predicted,0.3333333333333333,2,2,AGGTAAAGTCGTACATTTGA,0,4240021
yadE_predicted,0.3333333333333333,2,2,AGGGTTTAGACAGAGAACTG,0,4205043
yadE_predicted,0.3333333333333333,2,2,AGGGTGTCAGAGTGACCACA,0,4191588
yadE_predicted,0.3333333333333333,2,2,AGGGTATATTCAGCGGCGGG,0,4220679
yadE_predicted,0.3333333333333333,2,2,AGGGGTTGAAATATTGTCAT,0,4216639
yadE_predicted,0.3333333333333333,2,2,AGGGGTAAGGATATGCATGA,0,4195012
yadE_predicted,0.3333333333333333,2,2,AGGGGACGAATTGTGGATCA,0,4230989
yadE_predicted,0.3333333333333333,2,2,AGGGCTGACACTTCTCGGCT,0,4163072
yadE_predicted,0.3333333333333333,2,2,AGGCTACCGGTACCAGGCTC,0,4174626
yadE_predicted,0.3333333333333333,2,2,AGGCGTCCGGATCCGTCCTA,0,4174474
yadE_predicted,0.3333333333333333,2,2,AGGCGGGGATTGATCAATCT,0,4189074
yadE_predicted,0.3333333333333333,2,2,AGGCGGCGTTTTAAGTGGGA,0,4178583
yadE_predicted,0.3333333333333333,2,2,AGGCCCATCGCTATAACCCT,0,4163844
yadE_predicted,0.3333333333333333,2,2,AGGCCCAACCCTGCATCTAT,0,4218641
yadE_predicted,0.3333333333333333,2,2,AGGCAGTCAGTAGTCAATAT,0,4159524
yadE_predicted,0.3333333333333333,2,2,AGGCAGGTGATTTGAGCCTG,0,4227448
yadE_predicted,0.3333333333333333,2,2,AGGATTCCGCTAGCCCCTAG,0,4168209
yadE_predicted,0.3333333333333333,2,2,AGGAGGGGCGAATAGTAGTT,0,4225087
yadE_predicted,0.3333333333333333,2,2,AGGACTCTTGGGTGTAGAGC,0,4240225
yadE_predicted,0.3333333333333333,2,2,AGGACCGGAAGGTACGGTCA,0,4202810
yadE_predicted,0.3333333333333333,2,2,AGGACACAAGCCAGACCAGC,0,4196637
yadE_predicted,0.3333333333333333,2,2,AGGAAACACCCCGGTCCTAT,0,4182309
yadE_predicted,0.3333333333333333,2,2,AGCTTTTAGAAATGAGCAAG,0,4223300
yadE_predicted,0.3333333333333333,2,2,AGCTGTGACATAATAAGCAA,0,4183059
yadE_predicted,0.3333333333333333,2,2,AGCTGTCCTATGTTTTAATT,0,4214630
yadE_predicted,0.3333333333333333,2,2,AGCTGGTAACGCGATCCTGG,0,4159954
yadE_predicted,0.3333333333333333,2,2,AGCTCGATAGCTAGCTAATC,0,4175062
yadE_predicted,0.3333333333333333,2,2,AGCTCACCCTCTGCTCAAGG,0,4217674
yadE_predicted,0.3333333333333333,2,2,AGCTCAAGTGACTCACTCCT,0,4199492
yadE_predicted,0.3333333333333333,2,2,AGCTATGAGAGAGGTCAATT,0,4230449
yadE_predicted,0.3333333333333333,2,2,AGCTACGGGAGGGGCAAGGC,0,4230387
yadE_predicted,0.3333333333333333,2,2,AGCTACAGTTCGAGCCACAA,0,4224653
yadE_predicted,0.3333333333333333,2,2,AGCGTTCACAATTAAATTGC,0,4195451
yadE_predicted,0.3333333333333333,2,2,AGCGTGTAGTGCGAGATCCT,0,4196037
yadE_predicted,0.3333333333333333,2,2,AGCGCCGGTCGGTCTAGGAT,0,4216713
yadE_predicted,0.3333333333333333,2,2,AGCGCAGCAAGTGGACATTA,0,4228867
yadE_predicted,0.3333333333333333,2,2,AGCGCAAGACAGCCTTAGTA,0,4237703
yadE_predicted,0.3333333333333333,2,2,AGCGATGTAATCCCGTGTAT,0,4178487
yadE_predicted,0.3333333333333333,2,2,AGCGAGTGGTGACCTACGAT,0,4240283
yadE_predicted,0.3333333333333333,2,2,AGCGAATGGCTTATAGGCAT,0,4172465
yadE_predicted,0.3333333333333333,2,2,AGCGAACGGGTAGTATCGGG,0,4200313
yadE_predicted,0.3333333333333333,2,2,AGCCTGTTACGATCCAAAGT,0,4169525
yadE_predicted,0.3333333333333333,2,2,AGCCTACTCTGCAAGTGAAA,0,4180508
yadE_predicted,0.3333333333333333,2,2,AGCCTACTCCATCCCTATAA,0,4167141
yadE_predicted,0.3333333333333333,2,2,AGCCGATTGATCCAAATTAT,0,4236867
yadE_predicted,0.3333333333333333,2,2,AGCCGACGTATTCTAAGGTC,0,4229538
yadE_predicted,0.3333333333333333,2,2,AGCCGACGCGGGCATGCTCT,0,4208149
yadE_predicted,0.3333333333333333,2,2,AGCCCTTGAAACTGGCGGGA,0,4165100
yadE_predicted,0.3333333333333333,2,2,AGCCCCGGATCACGTCCGTC,0,4175921
yadE_predicted,0.3333333333333333,2,2,AGCCATTGGAGGCTGATTAA,0,4190019
yadE_predicted,0.3333333333333333,2,2,AGCATGATGGTTCCCGCATT,0,4218085
yadE_predicted,0.3333333333333333,2,2,AGCATCGGCCTACAATCCAG,0,4167218
yadE_predicted,0.3333333333333333,2,2,AGCATCCGCCCTTCTCCCGA,0,4200179
yadE_predicted,0.3333333333333333,2,2,AGCATCATCATTCCAGTTGG,0,4217626
yadE_predicted,0.3333333333333333,2,2,AGCATAACTCGCTCGAGTTA,0,4222681
yadE_predicted,0.3333333333333333,2,2,AGCACCTTCCGACAGTCATT,0,4171932
yadE_predicted,0.3333333333333333,2,2,AGCACAAGGCTTTTTACAGG,0,4206943
yadE_predicted,0.3333333333333333,2,2,AGCAATGGCAATCACGATAC,0,4226166
yadE_predicted,0.3333333333333333,2,2,AGCAAGGGTGAGCATGGAGA,0,4185464
yadE_predicted,0.3333333333333333,2,2,AGCAAGGATTCATTGAAATA,0,4217679
yadE_predicted,0.3333333333333333,2,2,AGCAAGCTGCGGACGGAATG,0,4219578
yadE_predicted,0.3333333333333333,2,2,AGATTTCTAACTCGAGACGA,0,4172788
yadE_predicted,0.3333333333333333,2,2,AGATTCACAGTGCCAAGGTT,0,4174191
yadE_predicted,0.3333333333333333,2,2,AGATGTAACGCAATTAGCCT,0,4160994
yadE_predicted,0.3333333333333333,2,2,AGATCTTGATCAGCCTTCGT,0,4229288
yadE_predicted,0.3333333333333333,2,2,AGATATTCCAAACACAGCCC,0,4174075
yadE_predicted,0.3333333333333333,2,2,AGATATCAAACTATGGGACA,0,4192769
yadE_predicted,0.3333333333333333,2,2,AGATACGACACGGCTGCCCA,0,4221791
yadE_predicted,0.3333333333333333,2,2,AGATAATGCTGAAGAAGCGT,0,4186414
yadE_predicted,0.3333333333333333,2,2,AGAGTTTATTGGTAAGATGG,0,4193766
yadE_predicted,0.3333333333333333,2,2,AGAGGTAAAAGTCGAATGTA,0,4160532
yadE_predicted,0.3333333333333333,2,2,AGAGGGTCAGTGACAGACTG,0,4184640
yadE_predicted,0.3333333333333333,2,2,AGAGGACTTAAAAACTGCGG,0,4228606
yadE_predicted,0.3333333333333333,2,2,AGAGGACATATGCAAGTAGG,0,4194169
yadE_predicted,0.3333333333333333,2,2,AGAGCCCCGGCTCGGTCGGT,0,4190120
yadE_predicted,0.3333333333333333,2,2,AGAGAGGAAGAGAGTGGACC,0,4172215
yadE_predicted,0.3333333333333333,2,2,AGAGAGCCTACAGCTCTTGA,0,4159409
yadE_predicted,0.3333333333333333,2,2,AGAGAGATTAACGTTCGTAC,0,4193258
yadE_predicted,0.3333333333333333,2,2,AGAGACGGACAATCGCTGAA,0,4197576
yadE_predicted,0.3333333333333333,2,2,AGACTTGTCCGATACCGTTT,0,4240274
yadE_predicted,0.3333333333333333,2,2,AGACTTCCAATGCGGACGCC,0,4217070
yadE_predicted,0.3333333333333333,2,2,AGACGGTCAAAAGTCCTATG,0,4175441
yadE_predicted,0.3333333333333333,2,2,AGACGAACGGAGTAGTTAGG,0,4168016
yadE_predicted,0.3333333333333333,2,2,AGACCTGCATCAGGGATAGG,0,4232368
yadE_predicted,0.3333333333333333,2,2,AGACCCCGGGTGTGCGGATA,0,4223235
yadE_predicted,0.3333333333333333,2,2,AGACCACCGACATGAAGAAG,0,4222387
yadE_predicted,0.3333333333333333,2,2,AGAATGGGGTAATTTTATAC,0,4170990
yadE_predicted,0.3333333333333333,2,2,AGAATCTGTCGTACTTGTGG,0,4165973
yadE_predicted,0.3333333333333333,2,2,AGAATAGCGGGTTGCACCCT,0,4222547
yadE_predicted,0.3333333333333333,2,2,AGAAGTGTCAATCGACGGTC,0,4181992
yadE_predicted,0.3333333333333333,2,2,AGAAGTCCACTTTTGTTTGT,0,4219913
yadE_predicted,0.3333333333333333,2,2,AGAAGGAATAAAAGCGCCTT,0,4165581
yadE_predicted,0.3333333333333333,2,2,AGAACTTACAAACCATTCCC,0,4236542
yadE_predicted,0.3333333333333333,2,2,AGAACGCGTGTTATCAGTTG,0,4197695
yadE_predicted,0.3333333333333333,2,2,AGAACGCCATTGTCTAAATT,0,4162514
yadE_predicted,0.3333333333333333,2,2,AGAAACCCGCAAGTCTGCCC,0,4193655
yadE_predicted,0.3333333333333333,2,2,AGAAACATTGAGGCTGTGCT,0,4183457
yadE_predicted,0.3333333333333333,2,2,ACTTTGTTAGGCCAATCTTG,0,4223147
yadE_predicted,0.3333333333333333,2,2,ACTTTGTGTTCTCCAAGGTG,0,4217909
yadE_predicted,0.3333333333333333,2,2,ACTTTGTCCGAGCAGCTAAG,0,4185290
yadE_predicted,0.3333333333333333,2,2,ACTTTCTCAAGAAACTATCA,0,4163221
yadE_predicted,0.3333333333333333,2,2,ACTTTATTGCCTGGCGCGCC,0,4185765
yadE_predicted,0.3333333333333333,2,2,ACTTCTGATCACTTGTCCTC,0,4179525
yadE_predicted,0.3333333333333333,2,2,ACTTCGTTAACTTAAGAGTT,0,4177516
yadE_predicted,0.3333333333333333,2,2,ACTTCAGTGCTGTATTTTTT,0,4215478
yadE_predicted,0.3333333333333333,2,2,ACTTCACATGGAGAGGGTAG,0,4178941
yadE_predicted,0.3333333333333333,2,2,ACTTATTGCGGCGGTTAGGA,0,4231834
yadE_predicted,0.3333333333333333,2,2,ACTTATTCTGCGTAGAGGTG,0,4184868
yadE_predicted,0.3333333333333333,2,2,ACTTATTATTCACGTACGGA,0,4224402
yadE_predicted,0.3333333333333333,2,2,ACTTAATCCGGCTAAATGAC,0,4214582
yadE_predicted,0.3333333333333333,2,2,ACTGTTGCTATTTGGGCTGA,0,4233355
yadE_predicted,0.3333333333333333,2,2,ACTGTGACAAAACGTTTAAG,0,4216622
yadE_predicted,0.3333333333333333,2,2,ACTGTCTTACCGTTCAAGGC,0,4191607
yadE_predicted,0.3333333333333333,2,2,ACTGTCTGCTGCATTTAGAA,0,4183635
yadE_predicted,0.3333333333333333,2,2,ACTGTAGGGTACGGTTTGGT,0,4232628
yadE_predicted,0.3333333333333333,2,2,ACTGGTGCTCGTCAATACGT,0,4185412
yadE_predicted,0.3333333333333333,2,2,ACTGGGCAGCGCGGGTCCGA,0,4181415
yadE_predicted,0.3333333333333333,2,2,ACTGCTTACAGCTTGTGGGG,0,4175732
yadE_predicted,0.3333333333333333,2,2,ACTGCTGATGAAGCTAAAGT,0,4177326
yadE_predicted,0.3333333333333333,2,2,ACTGCGAAAGGCTAGCCTCA,0,4201912
yadE_predicted,0.3333333333333333,2,2,ACTGCCAGAGCGACGACAGC,0,4179315
yadE_predicted,0.3333333333333333,2,2,ACTCGTATTACCATATTAGA,0,4175938
yadE_predicted,0.3333333333333333,2,2,ACTCGGATCTCAGCTAGTGT,0,4175024
yadE_predicted,0.3333333333333333,2,2,ACTCGAACATTGAGTTCATA,0,4238214
yadE_predicted,0.3333333333333333,2,2,ACTCGAAATGTTTCCCTTTA,0,4187585
yadE_predicted,0.3333333333333333,2,2,ACTCCTTTTAAAAATGGACT,0,4184566
yadE_predicted,0.3333333333333333,2,2,ACTATGTTAAATGTAATGCT,0,4194851
yadE_predicted,0.3333333333333333,2,2,ACTATCTGGGCTTGCGTTAT,0,4237574
yadE_predicted,0.3333333333333333,2,2,ACTATCAACGCTTGCGTACG,0,4164313
yadE_predicted,0.3333333333333333,2,2,ACTATATCTCCACGTATATT,0,4218091
yadE_predicted,0.3333333333333333,2,2,ACTATAGTGTGTAGTGGGAT,0,4240893
yadE_predicted,0.3333333333333333,2,2,ACTAGCCGTATTGTGTTCCC,0,4185018
yadE_predicted,0.3333333333333333,2,2,ACTACTTTGTTCCTTTATAA,0,4206003
yadE_predicted,0.3333333333333333,2,2,ACTACTATTCGAGACTCGAC,0,4206126
yadE_predicted,0.3333333333333333,2,2,ACTACCGACCCCGGACATTA,0,4218698
yadE_predicted,0.3333333333333333,2,2,ACTACCCCTTAGTTTTTTGT,0,4200251
yadE_predicted,0.3333333333333333,2,2,ACTACAGGGAGCATAACCTC,0,4188962
yadE_predicted,0.3333333333333333,2,2,ACTACAACAATGTAAGAGTA,0,4205207
yadE_predicted,0.3333333333333333,2,2,ACGTTTGAGTGTATTCTATT,0,4166812
yadE_predicted,0.3333333333333333,2,2,ACGTTTCACTTAGCTGTAAG,0,4183342
yadE_predicted,0.3333333333333333,2,2,ACGTTGCGGCTGTGCTGTGA,0,4226746
yadE_predicted,0.3333333333333333,2,2,ACGTTAGCAGGTGGACCGCT,0,4201420
yadE_predicted,0.3333333333333333,2,2,ACGTCCTGACCCTGACAGTA,0,4185444
yadE_predicted,0.3333333333333333,2,2,ACGTATTCACGGGATAATGT,0,4229809
yadE_predicted,0.3333333333333333,2,2,ACGTAGCTTTGTTGAAGGGA,0,4180361
yadE_predicted,0.3333333333333333,2,2,ACGTACTTGTCTATCGTCGT,0,4189832
yadE_predicted,0.3333333333333333,2,2,ACGTAAGAGGCCAGTATATA,0,4190853
yadE_predicted,0.3333333333333333,2,2,ACGGTATTTTCGCACATTGA,0,4211736
yadE_predicted,0.3333333333333333,2,2,ACGGGTCTCCCGCGCCTCTC,0,4188550
yadE_predicted,0.3333333333333333,2,2,ACGGGGCCAATTCATGTGAA,0,4233873
yadE_predicted,0.3333333333333333,2,2,ACGGCTTACATGGTCAGACA,0,4193872
yadE_predicted,0.3333333333333333,2,2,ACGGCGACAAAGTAGGAGCG,0,4201192
yadE_predicted,0.3333333333333333,2,2,ACGGCAAATCCACGTTATGG,0,4207536
yadE_predicted,0.3333333333333333,2,2,ACGGATGAACTCAAATAATT,0,4167599
yadE_predicted,0.3333333333333333,2,2,ACGGAGAGATCCTGTTTGGA,0,4176809
yadE_predicted,0.3333333333333333,2,2,ACGGAACTGTTCTAGGACAG,0,4189399
yadE_predicted,0.3333333333333333,2,2,ACGCTGGCGATTAGTTGCAA,0,4177320
yadE_predicted,0.3333333333333333,2,2,ACGCTCACACACTTTAAATC,0,4176292
yadE_predicted,0.3333333333333333,2,2,ACGCGTCCATACAATTATTG,0,4202671
yadE_predicted,0.3333333333333333,2,2,ACGCGAGTACTATGTGAGCT,0,4201219
yadE_predicted,0.3333333333333333,2,2,ACGCCCTAATGGGGCACGGT,0,4219015
yadE_predicted,0.3333333333333333,2,2,ACGCATACGGCAGTTTGCTC,0,4229341
yadE_predicted,0.3333333333333333,2,2,ACGCAATTTAGGCGCGCCTT,0,4235248
yadE_predicted,0.3333333333333333,2,2,ACGATTGCCGTCGCTTCTAC,0,4187848
yadE_predicted,0.3333333333333333,2,2,ACGATTCAAAGAGTCCGGTC,0,4193626
yadE_predicted,0.3333333333333333,2,2,ACGATGAGAGCCCGAACGTG,0,4194997
yadE_predicted,0.3333333333333333,2,2,ACGAGGGCTGCGTAGCGCAA,0,4198618
yadE_predicted,0.3333333333333333,2,2,ACGAGCAGGCGCTCAGTCCA,0,4237796
yadE_predicted,0.3333333333333333,2,2,ACGAGAGTATTGTCCCAGGA,0,4215186
yadE_predicted,0.3333333333333333,2,2,ACGACCCGGAGTGGGCTATG,0,4197204
yadE_predicted,0.3333333333333333,2,2,ACGACATGTGTATTAACCTA,0,4201501
yadE_predicted,0.3333333333333333,2,2,ACGACACCGTGGTTATTACG,0,4188402
yadE_predicted,0.3333333333333333,2,2,ACGACAAGATCAACGGCAGA,0,4191698
yadE_predicted,0.3333333333333333,2,2,ACGAAGGTTACACGCAATTG,0,4229754
yadE_predicted,0.3333333333333333,2,2,ACCTTGGTCCTAGCTCTAGT,0,4197330
yadE_predicted,0.3333333333333333,2,2,ACCTGTTCATATACAATCAG,0,4193051
yadE_predicted,0.3333333333333333,2,2,ACCTGTAGTTACCAGACAGG,0,4196723
yadE_predicted,0.3333333333333333,2,2,ACCTGCCATCCTTACTAACA,0,4163668
yadE_predicted,0.3333333333333333,2,2,ACCTGAACACATGTGGGTCT,0,4193060
yadE_predicted,0.3333333333333333,2,2,ACCTCGGTGTGGCTAAATTT,0,4166485
yadE_predicted,0.3333333333333333,2,2,ACCTCGGGACTCCCGAGATG,0,4214422
yadE_predicted,0.3333333333333333,2,2,ACCTCGACGTCACAACAGTT,0,4229040
yadE_predicted,0.3333333333333333,2,2,ACCTCATGTAACTACTGCTT,0,4200964
yadE_predicted,0.3333333333333333,2,2,ACCTATTTTAACCCCGTGTC,0,4215704
yadE_predicted,0.3333333333333333,2,2,ACCTAGTTATCTTTCTGGCA,0,4181906
yadE_predicted,0.3333333333333333,2,2,ACCGTAAGCGGGGCGATCCC,0,4172415
yadE_predicted,0.3333333333333333,2,2,ACCGGTCGTAACATGGGATG,0,4193350
yadE_predicted,0.3333333333333333,2,2,ACCGGGACAGACTCCTAGCT,0,4185418
yadE_predicted,0.3333333333333333,2,2,ACCGGCTTATAGTTAAAAGA,0,4180881
yadE_predicted,0.3333333333333333,2,2,ACCGGCCTCTACCCTCACGT,0,4212798
yadE_predicted,0.3333333333333333,2,2,ACCGCATGTCACGATCCGAT,0,4206805
yadE_predicted,0.3333333333333333,2,2,ACCGCAGCTAATCTGACCAT,0,4191666
yadE_predicted,0.3333333333333333,2,2,ACCGCAGAAAGGCTCTAACG,0,4201355
yadE_predicted,0.3333333333333333,2,2,ACCGCAATGACTGGGTTCGT,0,4175702
yadE_predicted,0.3333333333333333,2,2,ACCGATTTAGTTCAAAAGGT,0,4176290
yadE_predicted,0.3333333333333333,2,2,ACCGATTACCGTCGATAACT,0,4175581
yadE_predicted,0.3333333333333333,2,2,ACCGACGGAATCGGCCGGGT,0,4208089
yadE_predicted,0.3333333333333333,2,2,ACCGACCAGGCCCACTTTCA,0,4182717
yadE_predicted,0.3333333333333333,2,2,ACCCGTCGATCACGCGACCG,0,4167448
yadE_predicted,0.3333333333333333,2,2,ACCCGAAATATACTTAAGGT,0,4185906
yadE_predicted,0.3333333333333333,2,2,ACCCCCCCAGTAGGACTCAT,0,4225414
yadE_predicted,0.3333333333333333,2,2,ACCCAGTAAGGAGTTTGTTC,0,4180244
yadE_predicted,0.3333333333333333,2,2,ACCCAGAAGCAGCCGCGTAC,0,4176372
yadE_predicted,0.3333333333333333,2,2,ACCATGACAAGTTCTTTGGG,0,4203551
yadE_predicted,0.3333333333333333,2,2,ACCAGTTGGGTGATCAGATG,0,4188157
yadE_predicted,0.3333333333333333,2,2,ACCAGCTGGAGTATCGTCTG,0,4210085
yadE_predicted,0.3333333333333333,2,2,ACCACGTCCTCGTAACGGCT,0,4192914
yadE_predicted,0.3333333333333333,2,2,ACCAAACCAGAACCAGAAAA,0,4233310
yadE_predicted,0.3333333333333333,2,2,ACATGTCCACACAGCTAGGG,0,4217089
yadE_predicted,0.3333333333333333,2,2,ACATCCCAGTGGTTGAAACA,0,4179385
yadE_predicted,0.3333333333333333,2,2,ACATCAAGGATGCAGTTGGT,0,4233198
yadE_predicted,0.3333333333333333,2,2,ACATCAAATAGAGTGGGTCA,0,4188337
yadE_predicted,0.3333333333333333,2,2,ACATAGCCAATTTTCTCGAC,0,4177209
yadE_predicted,0.3333333333333333,2,2,ACAGTGTCGGATGATTTGGC,0,4162260
yadE_predicted,0.3333333333333333,2,2,ACAGTCGCGGTTGCCTGTAC,0,4178997
yadE_predicted,0.3333333333333333,2,2,ACAGTCCTCAAACAACGACA,0,4199151
yadE_predicted,0.3333333333333333,2,2,ACAGTCCGCAAGCGGGGTAT,0,4182984
yadE_predicted,0.3333333333333333,2,2,ACAGTCATTTAATGTCACGA,0,4174600
yadE_predicted,0.3333333333333333,2,2,ACAGGTCGCCGCCCCTGAGA,0,4218548
yadE_predicted,0.3333333333333333,2,2,ACAGGATCCTCCTCTTAATC,0,4219428
yadE_predicted,0.3333333333333333,2,2,ACAGCGTGCCACTATAGCGC,0,4226415
yadE_predicted,0.3333333333333333,2,2,ACAGCCTGTGGATTCCCTTC,0,4163847
yadE_predicted,0.3333333333333333,2,2,ACAGATGTAAAGCTGGTAGC,0,4236700
yadE_predicted,0.3333333333333333,2,2,ACAGAGGTTCAGTCATATAG,0,4166575
yadE_predicted,0.3333333333333333,2,2,ACAGAGGGCTATCAGCGGCG,0,4169829
yadE_predicted,0.3333333333333333,2,2,ACAGAGCAGCGCTTTTGGTC,0,4170327
yadE_predicted,0.3333333333333333,2,2,ACACTTACGGATCTAGGGGT,0,4231212
yadE_predicted,0.3333333333333333,2,2,ACACTCCCTAAAATCGCCTC,0,4196327
yadE_predicted,0.3333333333333333,2,2,ACACTAAGTTGAACTTATTT,0,4191858
yadE_predicted,0.3333333333333333,2,2,ACACGGTTACATAGGACACT,0,4182433
yadE_predicted,0.3333333333333333,2,2,ACACGAGTAAACGAACCCCT,0,4175339
yadE_predicted,0.3333333333333333,2,2,ACACGACTAATTCGAGTCGT,0,4192691
yadE_predicted,0.3333333333333333,2,2,ACACCGCAGATGTAAGTTAC,0,4216617
yadE_predicted,0.3333333333333333,2,2,ACACATACTGGCTACCGGGA,0,4208177
yadE_predicted,0.3333333333333333,2,2,ACACACACAAGTGGCAATGA,0,4227427
yadE_predicted,0.3333333333333333,2,2,ACACACAATGCTCTGGCAAC,0,4163286
yadE_predicted,0.3333333333333333,2,2,ACACAATGATCGTGCGACTA,0,4178575
yadE_predicted,0.3333333333333333,2,2,ACACAAGGTCCTATCCCCTT,0,4240465
yadE_predicted,0.3333333333333333,2,2,ACACAACCAACGGGTATTTT,0,4163949
yadE_predicted,0.3333333333333333,2,2,ACAATTTCTGCTCGTGGGTT,0,4181836
yadE_predicted,0.3333333333333333,2,2,ACAATGACTATGTAGGCGTT,0,4209182
yadE_predicted,0.3333333333333333,2,2,ACAATAGGGTGGCTTACTCC,0,4200044
yadE_predicted,0.3333333333333333,2,2,ACAAGTGGCATCCCGGCTAG,0,4229185
yadE_predicted,0.3333333333333333,2,2,ACAAGCCCCTCGATAACAGA,0,4207221
yadE_predicted,0.3333333333333333,2,2,ACAACTTCTATATATGTGCG,0,4175168
yadE_predicted,0.3333333333333333,2,2,ACAACGCGCGGGGTCGTTTC,0,4210471
yadE_predicted,0.3333333333333333,2,2,ACAAATGATCGATGCTATGA,0,4201968
yadE_predicted,0.3333333333333333,2,2,ACAAATACTCGGTTAATGAA,0,4234834
yadE_predicted,0.3333333333333333,2,2,AATTTGTGAGGATACACGAA,0,4219840
yadE_predicted,0.3333333333333333,2,2,AATTTCGCGATGGGTTAGAA,0,4222183
yadE_predicted,0.3333333333333333,2,2,AATTTATTAAATCTTGGTTC,0,4188579
yadE_predicted,0.3333333333333333,2,2,AATTGTATGCCCGCGGTCGG,0,4160969
yadE_predicted,0.3333333333333333,2,2,AATTGTAGCGAATGTAATAG,0,4205724
yadE_predicted,0.3333333333333333,2,2,AATTGTAGAGTGACGGTTGG,0,4193378
yadE_predicted,0.3333333333333333,2,2,AATTGGGGAGATGCATGCCC,0,4213687
yadE_predicted,0.3333333333333333,2,2,AATTGACTGTATGACTGCCG,0,4208607
yadE_predicted,0.3333333333333333,2,2,AATTCCCCCCGATCCGGTCT,0,4171758
yadE_predicted,0.3333333333333333,2,2,AATTCACGTCATCCCTCGAA,0,4172569
yadE_predicted,0.3333333333333333,2,2,AATTCAACAGGCCTGTGGTC,0,4198398
yadE_predicted,0.3333333333333333,2,2,AATTAGGCATGATCGAGGCT,0,4159889
yadE_predicted,0.3333333333333333,2,2,AATTAGCGCCCCCTAAGGTA,0,4173715
yadE_predicted,0.3333333333333333,2,2,AATGTGTGAGGTTTTAGTAA,0,4210336
yadE_predicted,0.3333333333333333,2,2,AATGTCTACTAACTATGCCG,0,4225148
yadE_predicted,0.3333333333333333,2,2,AATGTCCGCTCGTGGTGTCT,0,4236685
yadE_predicted,0.3333333333333333,2,2,AATGTATGTCATGCTCTGGA,0,4225400
yadE_predicted,0.3333333333333333,2,2,AATGGTGCATCTGCAAGAAG,0,4229463
yadE_predicted,0.3333333333333333,2,2,AATGGCTTACCTTCGGGGTC,0,4222166
yadE_predicted,0.3333333333333333,2,2,AATGGATAATTTCGATGGGT,0,4202825
yadE_predicted,0.3333333333333333,2,2,AATGGACGAATACCAGATCT,0,4198275
yadE_predicted,0.3333333333333333,2,2,AATGCTTGGACGTAAATTGT,0,4227980
yadE_predicted,0.3333333333333333,2,2,AATGCTGGTGGCATAGTCCC,0,4220718
yadE_predicted,0.3333333333333333,2,2,AATGCGCCACTATATTAGGG,0,4199947
yadE_predicted,0.3333333333333333,2,2,AATGCGAAGCCAGTCAGTCT,0,4173844
yadE_predicted,0.3333333333333333,2,2,AATGCCGCATACCGCAAATG,0,4175783
yadE_predicted,0.3333333333333333,2,2,AATGAGGTCCGCCCGTTCCG,0,4185860
yadE_predicted,0.3333333333333333,2,2,AATCTCTGGCAACATTAAGG,0,4217487
yadE_predicted,0.3333333333333333,2,2,AATCTACGCATTTTCAATGT,0,4167694
yadE_predicted,0.3333333333333333,2,2,AATCGTCGTAGCGTTAATGG,0,4176821
yadE_predicted,0.3333333333333333,2,2,AATCGGTTTGCTCAATACTA,0,4236259
yadE_predicted,0.3333333333333333,2,2,AATCGACGCGGGGACGCATT,0,4183750
yadE_predicted,0.3333333333333333,2,2,AATCCTCCCTGGACCTTTCA,0,4160896
yadE_predicted,0.3333333333333333,2,2,AATCCGGCGGCTAGTAACTA,0,4236649
yadE_predicted,0.3333333333333333,2,2,AATCACGCGGACTGGTCACA,0,4188912
yadE_predicted,0.3333333333333333,2,2,AATATTCCCCGTGAACGCTC,0,4217474
yadE_predicted,0.3333333333333333,2,2,AATATGGTCGAAGCCTACAT,0,4162931
yadE_predicted,0.3333333333333333,2,2,AATATATTTAATGGAGTGTC,0,4165218
yadE_predicted,0.3333333333333333,2,2,AATACTCGAGTATGGAACTT,0,4208352
yadE_predicted,0.3333333333333333,2,2,AATAATTGGAAGCTCTCTCC,0,4190737
yadE_predicted,0.3333333333333333,2,2,AATAATCTTGATCCAGGACG,0,4179344
yadE_predicted,0.3333333333333333,2,2,AATAAGAGAGGGTAAAGTTC,0,4233737
yadE_predicted,0.3333333333333333,2,2,AATAAATAGCGGTTGCCGTT,0,4236865
yadE_predicted,0.3333333333333333,2,2,AATAAAAGATACAGGCCGCG,0,4233455
yadE_predicted,0.3333333333333333,2,2,AAGTTATGTCGTTCTATAGC,0,4166088
yadE_predicted,0.3333333333333333,2,2,AAGTTAAATAAGGACGGCGT,0,4224786
yadE_predicted,0.3333333333333333,2,2,AAGTGCGTAATTCACACACG,0,4233392
yadE_predicted,0.3333333333333333,2,2,AAGTGCCAGCCCGCCCTCCT,0,4184597
yadE_predicted,0.3333333333333333,2,2,AAGTCAGGGTTGAATTGCTG,0,4200062
yadE_predicted,0.3333333333333333,2,2,AAGGTAGTAGCGACTTAGGA,0,4180579
yadE_predicted,0.3333333333333333,2,2,AAGGTAACCGGCTTGAGCGT,0,4181081
yadE_predicted,0.3333333333333333,2,2,AAGGGTTCTGGGCAGGACAA,0,4231910
yadE_predicted,0.3333333333333333,2,2,AAGGGTCTTAGATTGGTTAG,0,4198593
yadE_predicted,0.3333333333333333,2,2,AAGGGGAAGGTTTTCCGTCA,0,4187267
yadE_predicted,0.3333333333333333,2,2,AAGGGCCTTTGTAGCCCATA,0,4164108
yadE_predicted,0.3333333333333333,2,2,AAGGCTTTAACCCAAGTCGC,0,4219593
yadE_predicted,0.3333333333333333,2,2,AAGGCTGATGGCAATACTTG,0,4225654
yadE_predicted,0.3333333333333333,2,2,AAGGATGGAGAATTGTTAAA,0,4163483
yadE_predicted,0.3333333333333333,2,2,AAGGACTTTCCGATTCATAA,0,4180596
yadE_predicted,0.3333333333333333,2,2,AAGGAAAACCGACAATAAAG,0,4222221
yadE_predicted,0.3333333333333333,2,2,AAGCTGGGCTTAAGTAAGGT,0,4202310
yadE_predicted,0.3333333333333333,2,2,AAGCTGCTCTGGTACGGCTC,0,4238409
yadE_predicted,0.3333333333333333,2,2,AAGCTCTAGGCGCGTAGGAT,0,4183162
yadE_predicted,0.3333333333333333,2,2,AAGCGTGCGGTCCGTCTTCT,0,4174917
yadE_predicted,0.3333333333333333,2,2,AAGCGTAGTTTTCCGGTTCC,0,4209984
yadE_predicted,0.3333333333333333,2,2,AAGCGCTGGTTTCCTTGTTC,0,4235479
yadE_predicted,0.3333333333333333,2,2,AAGCCGACGGCGGCTTTTCC,0,4168725
yadE_predicted,0.3333333333333333,2,2,AAGCCCCGCCCAACGCCTAC,0,4191094
yadE_predicted,0.3333333333333333,2,2,AAGCACCGCCGATTCAACCT,0,4234251
yadE_predicted,0.3333333333333333,2,2,AAGATCCTACAGTTACCCAA,0,4171300
yadE_predicted,0.3333333333333333,2,2,AAGAGTTACCTGCTCGGAAT,0,4200522
yadE_predicted,0.3333333333333333,2,2,AAGAGTGGCTTGCTCGGACT,0,4178457
yadE_predicted,0.3333333333333333,2,2,AAGAGCCCCGGTCCAGACTA,0,4223864
yadE_predicted,0.3333333333333333,2,2,AAGACGGGTCACAACTCTCC,0,4187253
yadE_predicted,0.3333333333333333,2,2,AAGACCGCCGTAGTTCCTGG,0,4187128
yadE_predicted,0.3333333333333333,2,2,AAGAATGGCCCGGGCTAATT,0,4197223
yadE_predicted,0.3333333333333333,2,2,AAGAACTCCCTTATGGCTTG,0,4216074
yadE_predicted,0.3333333333333333,2,2,AAGAAACGCAGACCAGTCCC,0,4237391
yadE_predicted,0.3333333333333333,2,2,AAGAAAAGGAATCGCGGGGT,0,4223629
yadE_predicted,0.3333333333333333,2,2,AACTTTTCTTACTTTGCGCG,0,4196818
yadE_predicted,0.3333333333333333,2,2,AACTTTGCAAGTAACGAGCG,0,4213574
yadE_predicted,0.3333333333333333,2,2,AACTTGTACTGCCCAACTTC,0,4199993
yadE_predicted,0.3333333333333333,2,2,AACTTGAGGACATAGTGGAA,0,4174168
yadE_predicted,0.3333333333333333,2,2,AACTTCGCTGATGTGCCGTA,0,4195213
yadE_predicted,0.3333333333333333,2,2,AACTTACCACGTATCATTTC,0,4167850
yadE_predicted,0.3333333333333333,2,2,AACTGTATCCATTTCAGGAT,0,4180746
yadE_predicted,0.3333333333333333,2,2,AACTCTTAATTGGTCTGAGT,0,4162380
yadE_predicted,0.3333333333333333,2,2,AACTCGTGAGCCCTCTGTTT,0,4215817
yadE_predicted,0.3333333333333333,2,2,AACTCCTGTACTGAAGTTGA,0,4176170
yadE_predicted,0.3333333333333333,2,2,AACTCCGCGCAACCAACGAT,0,4218418
yadE_predicted,0.3333333333333333,2,2,AACTCAAGTGCGCGTAGAAT,0,4230335
yadE_predicted,0.3333333333333333,2,2,AACTATCGCACGTATACTAG,0,4186997
yadE_predicted,0.3333333333333333,2,2,AACGTGTGATTGGTATACAT,0,4163664
yadE_predicted,0.3333333333333333,2,2,AACGTGCTTTACGGACCGGG,0,4217354
yadE_predicted,0.3333333333333333,2,2,AACGGTCGCGCATGGGAGGG,0,4239525
yadE_predicted,0.3333333333333333,2,2,AACGGTCAGCCGGGAAATCT,0,4205657
yadE_predicted,0.3333333333333333,2,2,AACGGGTTACGCATTTCCTA,0,4230125
yadE_predicted,0.3333333333333333,2,2,AACGGCACTCGGATTCTGCC,0,4164130
yadE_predicted,0.3333333333333333,2,2,AACGCCCCGTCAAACTCACT,0,4228144
yadE_predicted,0.3333333333333333,2,2,AACGATAGGGGCAGTCGTCT,0,4190745
yadE_predicted,0.3333333333333333,2,2,AACGAGCGTTCTCATGCATA,0,4173306
yadE_predicted,0.3333333333333333,2,2,AACGACTTCATTTGTGGTCA,0,4170146
yadE_predicted,0.3333333333333333,2,2,AACCTGATCGTTATTCCTCC,0,4235967
yadE_predicted,0.3333333333333333,2,2,AACCTGAAGTTCGGGTCTAC,0,4221301
yadE_predicted,0.3333333333333333,2,2,AACCTAGGCGTGGAGTCCAG,0,4190464
yadE_predicted,0.3333333333333333,2,2,AACCGTTCTTACATCATCGA,0,4217830
yadE_predicted,0.3333333333333333,2,2,AACCGTGATATACATTTAAA,0,4226713
yadE_predicted,0.3333333333333333,2,2,AACCGGTCACGCGATCGAAC,0,4170033
yadE_predicted,0.3333333333333333,2,2,AACCGCAATGTTGGACAAAT,0,4182137
yadE_predicted,0.3333333333333333,2,2,AACCGAAATGCGAAGAGACT,0,4173493
yadE_predicted,0.3333333333333333,2,2,AACCCTTTCCCTTCAAGTTC,0,4209720
yadE_predicted,0.3333333333333333,2,2,AACCCTTGATTACCGGAGAA,0,4175078
yadE_predicted,0.3333333333333333,2,2,AACCCTGGGGGCAGACTCGT,0,4189576
yadE_predicted,0.3333333333333333,2,2,AACCCGTATAATAGATTTGG,0,4174582
yadE_predicted,0.3333333333333333,2,2,AACCCCATCGGCGCACCTCG,0,4205068
yadE_predicted,0.3333333333333333,2,2,AACCATTTTGGACAAACCTC,0,4199075
yadE_predicted,0.3333333333333333,2,2,AACCATGTGGTGGCAGTCGC,0,4233536
yadE_predicted,0.3333333333333333,2,2,AACATTCCCTTGAGCCCTTT,0,4236858
yadE_predicted,0.3333333333333333,2,2,AACATCTTTGACCATGTCTA,0,4207891
yadE_predicted,0.3333333333333333,2,2,AACATATAGATGTCTCGAGG,0,4180121
yadE_predicted,0.3333333333333333,2,2,AACATAGCGCGGCCGTTGGT,0,4203667
yadE_predicted,0.3333333333333333,2,2,AACAGAGCCGTCCGGTGCAG,0,4235425
yadE_predicted,0.3333333333333333,2,2,AACAGAACGTGATTTTTCGA,0,4223767
yadE_predicted,0.3333333333333333,2,2,AACACTATTGCCGCGGGCAG,0,4232290
yadE_predicted,0.3333333333333333,2,2,AACACGGACCCCAAAGGACA,0,4166490
yadE_predicted,0.3333333333333333,2,2,AACACCGGGTATGTGCCCGA,0,4172645
yadE_predicted,0.3333333333333333,2,2,AACACCAGACGCACAATCGG,0,4228548
yadE_predicted,0.3333333333333333,2,2,AACACAATATTTATGTCATT,0,4169429
yadE_predicted,0.3333333333333333,2,2,AACAATGTAGGGGACAGTTT,0,4213199
yadE_predicted,0.3333333333333333,2,2,AACAAGAGGGAGGGTAAGCC,0,4217671
yadE_predicted,0.3333333333333333,2,2,AACAAGAAGAGAAGGGGGTA,0,4208898
yadE_predicted,0.3333333333333333,2,2,AACAACAGACACCCGTTGGT,0,4162522
yadE_predicted,0.3333333333333333,2,2,AACAAATCTGTCACTCTTAA,0,4189536
yadE_predicted,0.3333333333333333,2,2,AACAAAGGGTCTCAGAGATT,0,4233674
yadE_predicted,0.3333333333333333,2,2,AACAAAACGTCAAGTTAACG,0,4182715
yadE_predicted,0.3333333333333333,2,2,AAATTTTCCAAGAACATCTT,0,4238597
yadE_predicted,0.3333333333333333,2,2,AAATTGCAGCCGTAAAAGAG,0,4197190
yadE_predicted,0.3333333333333333,2,2,AAATTGCACGGGGCTGCATT,0,4210400
yadE_predicted,0.3333333333333333,2,2,AAATTCTTATATGTCAAGCC,0,4202247
yadE_predicted,0.3333333333333333,2,2,AAATGCTGGCGTCGGGCCGA,0,4199733
yadE_predicted,0.3333333333333333,2,2,AAATGAGTATGAAGGCCTAT,0,4211018
yadE_predicted,0.3333333333333333,2,2,AAATGAACATTATCGTTTCC,0,4173065
yadE_predicted,0.3333333333333333,2,2,AAATCTAGCGGAACGTCTAT,0,4174974
yadE_predicted,0.3333333333333333,2,2,AAATCCAACGCGCGGAGCTC,0,4220099
yadE_predicted,0.3333333333333333,2,2,AAATATTTTTAGAGGGAGTG,0,4170847
yadE_predicted,0.3333333333333333,2,2,AAATATTTGATATTTTTGTG,0,4188560
yadE_predicted,0.3333333333333333,2,2,AAATATGCAGGCTTGAGGTC,0,4218505
yadE_predicted,0.3333333333333333,2,2,AAATAGCACCAAAAGGGGAA,0,4216493
yadE_predicted,0.3333333333333333,2,2,AAATAATAGAGGGCAGTTAT,0,4183225
yadE_predicted,0.3333333333333333,2,2,AAATAACTTGACTTATTTCT,0,4217012
yadE_predicted,0.3333333333333333,2,2,AAAGTCGGTTCCCAGGCAGT,0,4239331
yadE_predicted,0.3333333333333333,2,2,AAAGTATATGTATGTTTTAT,0,4163005
yadE_predicted,0.3333333333333333,2,2,AAAGGAAATGTCAGCCGGTA,0,4193509
yadE_predicted,0.3333333333333333,2,2,AAAGCTTATTGCCAATTTTT,0,4229787
yadE_predicted,0.3333333333333333,2,2,AAAGAGAGGCAGTAAAACGT,0,4177086
yadE_predicted,0.3333333333333333,2,2,AAACCTTGTTCTATCTGGTT,0,4205501
yadE_predicted,0.3333333333333333,2,2,AAACCTTCAGTCATGATTAT,0,4227564
yadE_predicted,0.3333333333333333,2,2,AAACCTGATGTGGGCGCGAA,0,4183292
yadE_predicted,0.3333333333333333,2,2,AAACCGGGTTCCCCCTAGAG,0,4177548
yadE_predicted,0.3333333333333333,2,2,AAACCCAATAGCGAAAGCCA,0,4215339
yadE_predicted,0.3333333333333333,2,2,AAACCAGGTATATTATATTT,0,4187383
yadE_predicted,0.3333333333333333,2,2,AAACCAATTTGGTGTGATGT,0,4160841
yadE_predicted,0.3333333333333333,2,2,AAACATGTACGCCGGGGTGG,0,4164007
yadE_predicted,0.3333333333333333,2,2,AAACAGCCATGCCGGGGGGA,0,4239018
yadE_predicted,0.3333333333333333,2,2,AAACACTGCGTGGCTTCTGT,0,4166681
yadE_predicted,0.3333333333333333,2,2,AAAATTCGTCTCGCTCGACA,0,4175778
yadE_predicted,0.3333333333333333,2,2,AAAATTATGCGGGGGATGAA,0,4180585
yadE_predicted,0.3333333333333333,2,2,AAAATAGAGCGATCTTCTAT,0,4223172
yadE_predicted,0.3333333333333333,2,2,AAAAGTTCGCCCTTATTTTA,0,4190558
yadE_predicted,0.3333333333333333,2,2,AAAAGTTCGACTCTGTGGGT,0,4194016
yadE_predicted,0.3333333333333333,2,2,AAAACTGTCTCTCCAGTTCT,0,4183886
yadE_predicted,0.3333333333333333,2,2,AAAAAATTGGATTACCTCTT,0,4165841
yadE_predicted,0.5,1,1,TTTTTTGGTGCAAACCTCGA,0,4220201
yadE_predicted,0.5,1,1,TTTTTGACTGAGTTTTCAGT,0,4178750
yadE_predicted,0.5,1,1,TTTTTCCGCTATACGCGGAA,0,4212736
yadE_predicted,0.5,1,1,TTTTTCATTCCAGAATGGAA,0,4219729
yadE_predicted,0.5,1,1,TTTTGGTTATTTATCGTGGG,0,4239371
yadE_predicted,0.5,1,1,TTTTGGGAGACTCCGAGACT,0,4174696
yadE_predicted,0.5,1,1,TTTTGCTAGGTTGCAGAAGC,0,4185531
yadE_predicted,0.5,1,1,TTTTGCCCGCGTTAAGGTTT,0,4183167
yadE_predicted,0.5,1,1,TTTTGAACCGGGGCAAAACT,0,4230505
yadE_predicted,0.5,1,1,TTTTCTTGTCGGGCATAATA,0,4161520
yadE_predicted,0.5,1,1,TTTTCGTGGTCCCGGTCGCT,0,4210145
yadE_predicted,0.5,1,1,TTTTCGATTTGTGGGTATTC,0,4161629
yadE_predicted,0.5,1,1,TTTTCAAGGACTTCCTATAC,0,4179610
yadE_predicted,0.5,1,1,TTTTATGGGGACGATTCTTA,0,4234224
yadE_predicted,0.5,1,1,TTTTACGCCCGAATAGTTGT,0,4186969
yadE_predicted,0.5,1,1,TTTTACAGTCTTGGATCTAT,0,4205324
yadE_predicted,0.5,1,1,TTTGTGTCTCACGCCATCCT,0,4204452
yadE_predicted,0.5,1,1,TTTGTCTCGATGATCTGCGA,0,4166167
yadE_predicted,0.5,1,1,TTTGTCGCCACAGTAAGTCG,0,4240058
yadE_predicted,0.5,1,1,TTTGTACGCATGTATGGATA,0,4204028
yadE_predicted,0.5,1,1,TTTGGGGAGGAAGCACGGAT,0,4234536
yadE_predicted,0.5,1,1,TTTGGGAAACCTACTCGTGG,0,4215025
yadE_predicted,0.5,1,1,TTTGGATACGGCTACTGGAT,0,4166988
yadE_predicted,0.5,1,1,TTTGGACTAGCTACCTGTAA,0,4225505
yadE_predicted,0.5,1,1,TTTGCTTTCAGACTCCTGGT,0,4169581
yadE_predicted,0.5,1,1,TTTGCGACTTGAAGCGGAGT,0,4179097
yadE_predicted,0.5,1,1,TTTGCACTGGAGGGGTATTA,0,4201795
yadE_predicted,0.5,1,1,TTTGCACAAGAGCGCTCAGA,0,4186915
yadE_predicted,0.5,1,1,TTTGATTACGCAACGCGCAA,0,4214560
yadE_predicted,0.5,1,1,TTTGATATGTATTGATAGTC,0,4170904
yadE_predicted,0.5,1,1,TTTGACTCTTATCCTCGGCT,0,4218771
yadE_predicted,0.5,1,1,TTTCTGCTATAGAAGGGAGC,0,4194064
yadE_predicted,0.5,1,1,TTTCTCAACGGACGAGCCAG,0,4161474
yadE_predicted,0.5,1,1,TTTCTAAGCGGATATGTCCG,0,4233672
yadE_predicted,0.5,1,1,TTTCGGCAGCACATATGACC,0,4159814
yadE_predicted,0.5,1,1,TTTCGAGTACATAGAACCCG,0,4184204
yadE_predicted,0.5,1,1,TTTCCGTAGCTCGGCTGTTT,0,4188528
yadE_predicted,0.5,1,1,TTTCCGCATAGGGATGACGC,0,4234199
yadE_predicted,0.5,1,1,TTTCCCCATATGGAAGGCTG,0,4167972
yadE_predicted,0.5,1,1,TTTCAGTTTTAACGTTCCTG,0,4233409
yadE_predicted,0.5,1,1,TTTCACCCTAGCCTACCAAA,0,4177298
yadE_predicted,0.5,1,1,TTTCAACGACGAAGCCGTTA,0,4197417
yadE_predicted,0.5,1,1,TTTATTTGATGCACTGACAA,0,4237052
yadE_predicted,0.5,1,1,TTTATGAGGCCTCGGTCACT,0,4228095
yadE_predicted,0.5,1,1,TTTATCGTAGGAGGGGATGT,0,4183048
yadE_predicted,0.5,1,1,TTTAGTGCTAAAAGGTCCTG,0,4219190
yadE_predicted,0.5,1,1,TTTAGCGTCTTCTAAGGGTT,0,4224590
yadE_predicted,0.5,1,1,TTTAGAGGTAAGATACAAGG,0,4232572
yadE_predicted,0.5,1,1,TTTAGAGGGCTTCCTAATTC,0,4198667
yadE_predicted,0.5,1,1,TTTAGACTCCATCCTGAAGG,0,4195042
yadE_predicted,0.5,1,1,TTTACTTCTATTGTAGACAA,0,4228656
yadE_predicted,0.5,1,1,TTTACGGGCTTTTAGACGAT,0,4171627
yadE_predicted,0.5,1,1,TTTACATAACTTGGAATATA,0,4218023
yadE_predicted,0.5,1,1,TTTAAGGGAAAGTACCGCTT,0,4224999
yadE_predicted,0.5,1,1,TTTAAGAACTTGACCGCAAT,0,4240131
yadE_predicted,0.5,1,1,TTTAAAATTGTACACGTTTA,0,4180171
yadE_predicted,0.5,1,1,TTTAAAAGTCACGCGGAGCA,0,4170869
yadE_predicted,0.5,1,1,TTGTTATGAGCAAGACGGTA,0,4219664
yadE_predicted,0.5,1,1,TTGTGCATGACCCCCCACTA,0,4164512
yadE_predicted,0.5,1,1,TTGTGCAGGTAAAGGGCTAC,0,4239290
yadE_predicted,0.5,1,1,TTGTGCAGCGCACCATCTAG,0,4197789
yadE_predicted,0.5,1,1,TTGTCCCTGGCTTATGGCAA,0,4217157
yadE_predicted,0.5,1,1,TTGTCCCTGCACTCTGTACA,0,4235239
yadE_predicted,0.5,1,1,TTGTCCCAACGCTAGTTAGC,0,4169454
yadE_predicted,0.5,1,1,TTGTCAGATTAGTCCCTATG,0,4173661
yadE_predicted,0.5,1,1,TTGTCAGATGCCTTTGTCTC,0,4229003
yadE_predicted,0.5,1,1,TTGTATTGAGAGGCCTGCCA,0,4159716
yadE_predicted,0.5,1,1,TTGTATGACCCGGCTCGGGT,0,4203992
yadE_predicted,0.5,1,1,TTGTAGATGCGCCATTAATG,0,4166174
yadE_predicted,0.5,1,1,TTGTAAGAAGGGTTGCTCCT,0,4199815
yadE_predicted,0.5,1,1,TTGTAAAGCAGGCGATAGTC,0,4229902
yadE_predicted,0.5,1,1,TTGGTTACACTTCACTTTAT,0,4181687
yadE_predicted,0.5,1,1,TTGGTGCGCCAGGTTCAAGC,0,4208339
yadE_predicted,0.5,1,1,TTGGTGCCGCAAACGATCTT,0,4186083
yadE_predicted,0.5,1,1,TTGGTCCGCGGCTAGGAAGT,0,4184277
yadE_predicted,0.5,1,1,TTGGGTCTTGCGGACGGGGT,0,4167566
yadE_predicted,0.5,1,1,TTGGGTACTCGGTTATCCAA,0,4212579
yadE_predicted,0.5,1,1,TTGGGCGACAAATCTAGTTT,0,4176643
yadE_predicted,0.5,1,1,TTGGCGGTATTTCCGGCAAG,0,4220995
yadE_predicted,0.5,1,1,TTGGCAGCAACTTTTTGGGT,0,4208267
yadE_predicted,0.5,1,1,TTGGATCACTTAATATGGGA,0,4220848
yadE_predicted,0.5,1,1,TTGGATATAGGGGCAGTCAT,0,4229127
yadE_predicted,0.5,1,1,TTGGAGCTGTAATGATTAGA,0,4187927
yadE_predicted,0.5,1,1,TTGCTTTAGGGGGCCAGAAA,0,4232562
yadE_predicted,0.5,1,1,TTGCTTGCGCGACCCAATCA,0,4225338
yadE_predicted,0.5,1,1,TTGCTTAACACGTTGCTATT,0,4220636
yadE_predicted,0.5,1,1,TTGCGCGGTTAGACAAACAG,0,4165558
yadE_predicted,0.5,1,1,TTGCGACTAAGACCAACCTG,0,4231641
yadE_predicted,0.5,1,1,TTGCGACGAGACTTCAGGTA,0,4168861
yadE_predicted,0.5,1,1,TTGCCTGTGTTGGGATATAC,0,4225674
yadE_predicted,0.5,1,1,TTGCCCTGTGGACGGGGCAA,0,4172528
yadE_predicted,0.5,1,1,TTGCCCCACGCAGGCCCTTG,0,4221215
yadE_predicted,0.5,1,1,TTGCATGGCCCGAGATTGCA,0,4223395
yadE_predicted,0.5,1,1,TTGCAGCCGAGCCTAACTAT,0,4164920
yadE_predicted,0.5,1,1,TTGCAATAACAGTGAGATGT,0,4183232
yadE_predicted,0.5,1,1,TTGCAAGTACACCGAACTGA,0,4193020
yadE_predicted,0.5,1,1,TTGATTTTAGAACCTTTGAG,0,4187514
yadE_predicted,0.5,1,1,TTGATTCGTTGGTCCTGACA,0,4177740
yadE_predicted,0.5,1,1,TTGATCTTGTAAGCACGTTA,0,4233466
yadE_predicted,0.5,1,1,TTGATCTAAGGGATCAACCA,0,4196927
yadE_predicted,0.5,1,1,TTGATATGTCCTAGATGATG,0,4171872
yadE_predicted,0.5,1,1,TTGAGTTAACCCTTGTGTTG,0,4220631
yadE_predicted,0.5,1,1,TTGAGGGGTGCGTAGTCGTG,0,4207883
yadE_predicted,0.5,1,1,TTGAGCATTAAAGATACACT,0,4177456
yadE_predicted,0.5,1,1,TTGAGATATCCTTGGGCTCA,0,4191099
yadE_predicted,0.5,1,1,TTGACTGGAAATAAGCCGGG,0,4221581
yadE_predicted,0.5,1,1,TTGACCTCGTCGTGCACTCC,0,4167343
yadE_predicted,0.5,1,1,TTGACCGCAGCAGCATGAAT,0,4216648
yadE_predicted,0.5,1,1,TTGACATTACAATAGCGGCA,0,4160356
yadE_predicted,0.5,1,1,TTGAATCCGAAGTAACATTC,0,4225432
yadE_predicted,0.5,1,1,TTGAAGAATACGACGCGGTC,0,4178753
yadE_predicted,0.5,1,1,TTCTTTGTGCCGCCAAAGCT,0,4179628
yadE_predicted,0.5,1,1,TTCTTTCTCCAACCCGCGGT,0,4234008
yadE_predicted,0.5,1,1,TTCTTTCATCTGGTGCCTCT,0,4169202
yadE_predicted,0.5,1,1,TTCTTTCACTAAAGGGTGCG,0,4165751
yadE_predicted,0.5,1,1,TTCTTGGTCTTAGGGTAAGT,0,4201986
yadE_predicted,0.5,1,1,TTCTTCCATGATCTGCTAAA,0,4202035
yadE_predicted,0.5,1,1,TTCTTAGAGGTACGATAGGT,0,4202968
yadE_predicted,0.5,1,1,TTCTGTTTGCAGTAAACACT,0,4178283
yadE_predicted,0.5,1,1,TTCTGGTACCAAAGCCCATC,0,4222382
yadE_predicted,0.5,1,1,TTCTGCGGTGCGGAACCACC,0,4161411
yadE_predicted,0.5,1,1,TTCTGCCTCAGAACAGCAAT,0,4194230
yadE_predicted,0.5,1,1,TTCTCTGGTGTGTCAGTGGT,0,4227341
yadE_predicted,0.5,1,1,TTCTCCGTTACGTGAGTATC,0,4210250
yadE_predicted,0.5,1,1,TTCTCACTAGGTGATGGGCT,0,4185488
yadE_predicted,0.5,1,1,TTCTAGCGTGCGCCTTGGTC,0,4230719
yadE_predicted,0.5,1,1,TTCTAATGGTCTGGTCGAAG,0,4219997
yadE_predicted,0.5,1,1,TTCGTCTGACACCTTTAGAA,0,4179274
yadE_predicted,0.5,1,1,TTCGTCCTCTGTGGTCCCAT,0,4200791
yadE_predicted,0.5,1,1,TTCGGGATTGTCGTGACCCA,0,4198714
yadE_predicted,0.5,1,1,TTCGGCAAAATGTGTTGAGT,0,4213388
yadE_predicted,0.5,1,1,TTCGCCGAAGGCGCCGGTTG,0,4180575
yadE_predicted,0.5,1,1,TTCGATGCCTACGTGTTACC,0,4234837
yadE_predicted,0.5,1,1,TTCGACAGTGAGCGGGCTTC,0,4225327
yadE_predicted,0.5,1,1,TTCGACAGCTTGGGAGCAGG,0,4230856
yadE_predicted,0.5,1,1,TTCGACAGCAAGTTGGGGCG,0,4196509
yadE_predicted,0.5,1,1,TTCGAATTGTCGATTCGGTT,0,4223998
yadE_predicted,0.5,1,1,TTCGAATACGCTCTGGTCTA,0,4181932
yadE_predicted,0.5,1,1,TTCGAAGTTCTGAAAGAACT,0,4233226
yadE_predicted,0.5,1,1,TTCGAACCTGCTTCAATCAA,0,4231448
yadE_predicted,0.5,1,1,TTCCTCCTCCCTCAGTGACT,0,4185567
yadE_predicted,0.5,1,1,TTCCGGCCTAAAATGGAGAC,0,4207422
yadE_predicted,0.5,1,1,TTCCCGTTCCGTCCGCCGTT,0,4175700
yadE_predicted,0.5,1,1,TTCCCGCTGTTACGTTAGTC,0,4173867
yadE_predicted,0.5,1,1,TTCCATTAGTAACTGGGGTC,0,4206997
yadE_predicted,0.5,1,1,TTCCATGGCATGATTGTATT,0,4202587
yadE_predicted,0.5,1,1,TTCCATAAAGAAGTAGTAGT,0,4232665
yadE_predicted,0.5,1,1,TTCCACCCTCTCGGACCCCT,0,4172847
yadE_predicted,0.5,1,1,TTCAGTTAAAATACGAGTGA,0,4209414
yadE_predicted,0.5,1,1,TTCAGGTACAGCAGTAAGCA,0,4215763
yadE_predicted,0.5,1,1,TTCAGGCCGCCGCCCGGTGT,0,4176301
yadE_predicted,0.5,1,1,TTCAGCTCCAGTAATCGTAT,0,4169714
yadE_predicted,0.5,1,1,TTCACTGTTAGGGTCGCTAT,0,4181976
yadE_predicted,0.5,1,1,TTCACGTGCCAGCACAGAGA,0,4192051
yadE_predicted,0.5,1,1,TTCACGAAACTTTGTGCCCC,0,4238452
yadE_predicted,0.5,1,1,TTCACCGCTACACCGTGTCG,0,4187088
yadE_predicted,0.5,1,1,TTCACAACGTTGGTCCGACC,0,4183071
yadE_predicted,0.5,1,1,TTATTAACGTTAGCCCGATG,0,4221729
yadE_predicted,0.5,1,1,TTATGTCAGCCGGTTTGCGG,0,4205742
yadE_predicted,0.5,1,1,TTATGGGTATAAATGGCAGA,0,4184511
yadE_predicted,0.5,1,1,TTATGGATGCGGTACGACTA,0,4199106
yadE_predicted,0.5,1,1,TTATGCTATTAATAGTATGA,0,4225305
yadE_predicted,0.5,1,1,TTATGCAACGATCCGACGTT,0,4234461
yadE_predicted,0.5,1,1,TTATCTAACGGTGGATTCTT,0,4191847
yadE_predicted,0.5,1,1,TTATCATGCGCGGTTCAATA,0,4236596
yadE_predicted,0.5,1,1,TTATCAGTGTAGATTCCCGC,0,4231800
yadE_predicted,0.5,1,1,TTATCAGATCCATTGATAGC,0,4180277
yadE_predicted,0.5,1,1,TTATCACGCCAATGTTAAGG,0,4234770
yadE_predicted,0.5,1,1,TTATAGTGTGAAGTTATTAC,0,4175381
yadE_predicted,0.5,1,1,TTATAGCCTTGGTTCATCGG,0,4229788
yadE_predicted,0.5,1,1,TTATAGAAAGGACCAATGTA,0,4182532
yadE_predicted,0.5,1,1,TTAGTTCAGGCAGCTGTAAT,0,4219914
yadE_predicted,0.5,1,1,TTAGTTACCCGGCGGTTCCC,0,4197703
yadE_predicted,0.5,1,1,TTAGTGTGGGACTATATCCA,0,4226461
yadE_predicted,0.5,1,1,TTAGTCAAAATGACTGAGTT,0,4159464
yadE_predicted,0.5,1,1,TTAGGTTTTGGAGATAGGGT,0,4230965
yadE_predicted,0.5,1,1,TTAGGTCAAGGTCACGTTTC,0,4197088
yadE_predicted,0.5,1,1,TTAGGGTTTTCATAGTAATA,0,4216113
yadE_predicted,0.5,1,1,TTAGGGTCCCATAATTGAGA,0,4166814
yadE_predicted,0.5,1,1,TTAGGCTAGTTTATGAGTCC,0,4174620
yadE_predicted,0.5,1,1,TTAGCTTGTCAGGGAAGAAC,0,4211899
yadE_predicted,0.5,1,1,TTAGCTTCTTGATACATCTA,0,4234898
yadE_predicted,0.5,1,1,TTAGCTGAGGGGGTTCTATT,0,4213048
yadE_predicted,0.5,1,1,TTAGCCCGTTTCGAAGCAGA,0,4172782
yadE_predicted,0.5,1,1,TTAGCCATAGAGCAACAATA,0,4197219
yadE_predicted,0.5,1,1,TTAGATGATCGGGACTCTGA,0,4194177
yadE_predicted,0.5,1,1,TTAGACCGTATACAAAGTAG,0,4199275
yadE_predicted,0.5,1,1,TTAGAACGCATGGTCGTTTC,0,4214499
yadE_predicted,0.5,1,1,TTACTGGCGTACGTCTTCTG,0,4222711
yadE_predicted,0.5,1,1,TTACTGCGTCAGTCTGGAGT,0,4194939
yadE_predicted,0.5,1,1,TTACTGACTAACTCCCTGCA,0,4218831
yadE_predicted,0.5,1,1,TTACTCGCGGTTCAGGGCAG,0,4222408
yadE_predicted,0.5,1,1,TTACTCACTATCAGCTGAAG,0,4230123
yadE_predicted,0.5,1,1,TTACGCTCACTTCTAATGTG,0,4219294
yadE_predicted,0.5,1,1,TTACGAGTAGTCATACCTCT,0,4196312
yadE_predicted,0.5,1,1,TTACCCTTGGGCGGCGGACA,0,4165283
yadE_predicted,0.5,1,1,TTACCCGCATGGGGGATGAC,0,4223490
yadE_predicted,0.5,1,1,TTACAAGTTAACCCCTTTCT,0,4237368
yadE_predicted,0.5,1,1,TTAATTGCGGCTGCATCTGC,0,4204644
yadE_predicted,0.5,1,1,TTAATCCAGCCCCCGAGCAG,0,4178024
yadE_predicted,0.5,1,1,TTAATATAAGCACGCGGAAG,0,4203612
yadE_predicted,0.5,1,1,TTAAGTTCTTGGGCCGCCAG,0,4161290
yadE_predicted,0.5,1,1,TTAAGGTAATAACGTATATC,0,4184884
yadE_predicted,0.5,1,1,TTAAGGGTAGTTCACGGGTT,0,4177382
yadE_predicted,0.5,1,1,TTAACGCTACGCTGTTCCTT,0,4190243
yadE_predicted,0.5,1,1,TTAAAGCCTTCTCGCAGTTA,0,4174062
yadE_predicted,0.5,1,1,TTAAACATGCCGTGAAGTGC,0,4205286
yadE_predicted,0.5,1,1,TGTTTTGCGATGTATATTAG,0,4232156
yadE_predicted,0.5,1,1,TGTTTCCTACCGGAGAACAA,0,4191130
yadE_predicted,0.5,1,1,TGTTTACTATGCTTGGGCTT,0,4212688
yadE_predicted,0.5,1,1,TGTTGTTAGGGCCACAAATG,0,4198437
yadE_predicted,0.5,1,1,TGTTGATCTTAGGAGGTCCA,0,4174263
yadE_predicted,0.5,1,1,TGTTGAATGTTGCTACCAGC,0,4201025
yadE_predicted,0.5,1,1,TGTTCGTAGTGAAAACTTCT,0,4224734
yadE_predicted,0.5,1,1,TGTTCGTAAACTCTTAATAG,0,4206100
yadE_predicted,0.5,1,1,TGTTAACATGCGCTCTCGCT,0,4177795
yadE_predicted,0.5,1,1,TGTGTGGGCAACATCCCTGT,0,4180682
yadE_predicted,0.5,1,1,TGTGGTTGGTTTACTCGCCA,0,4186802
yadE_predicted,0.5,1,1,TGTGGTACTTATGAATAGCG,0,4167204
yadE_predicted,0.5,1,1,TGTGCCCTTCATTACTTAGA,0,4187808
yadE_predicted,0.5,1,1,TGTGCATATTGTGCAGCGAT,0,4213863
yadE_predicted,0.5,1,1,TGTGCAAACCGTGCAAGGGG,0,4225597
yadE_predicted,0.5,1,1,TGTGATTTGACTGGATGCTG,0,4208807
yadE_predicted,0.5,1,1,TGTGATAACCTCGATGGACC,0,4219641
yadE_predicted,0.5,1,1,TGTGAGGTTTCATAGTTGCC,0,4191612
yadE_predicted,0.5,1,1,TGTGAACAACTGGGGCTCGT,0,4233732
yadE_predicted,0.5,1,1,TGTCTTAAACGTGGCCCTGA,0,4212117
yadE_predicted,0.5,1,1,TGTCTCAGGGTGGAGTCATC,0,4225493
yadE_predicted,0.5,1,1,TGTCTAGCGCACCGTTATGC,0,4211260
yadE_predicted,0.5,1,1,TGTCGTACAATCTAAAAAGC,0,4214165
yadE_predicted,0.5,1,1,TGTCGGGTTCCGTAAGCTCC,0,4185918
yadE_predicted,0.5,1,1,TGTCGGATACTATAGCCGGC,0,4214634
yadE_predicted,0.5,1,1,TGTCGCCTAACACGGCCCGC,0,4165825
yadE_predicted,0.5,1,1,TGTCGAATAGGGGTCAAATT,0,4223021
yadE_predicted,0.5,1,1,TGTCGAACATAGGGGGGCTC,0,4230362
yadE_predicted,0.5,1,1,TGTCCTGGAACCACGACATC,0,4164400
yadE_predicted,0.5,1,1,TGTCCAAATGTAAATCCCGT,0,4191399
yadE_predicted,0.5,1,1,TGTCAACGTTGCGCGGGGAA,0,4175038
yadE_predicted,0.5,1,1,TGTATTCTGCTGCTCATCCT,0,4184303
yadE_predicted,0.5,1,1,TGTATGGCTGTATGGCACGC,0,4194962
yadE_predicted,0.5,1,1,TGTATCCCCATCCCCGGTGG,0,4213999
yadE_predicted,0.5,1,1,TGTATATAGTCTTTCGTACG,0,4236967
yadE_predicted,0.5,1,1,TGTAGCCTCCGACCAACAGA,0,4210468
yadE_predicted,0.5,1,1,TGTACTGCTACAAGGAGGCG,0,4231089
yadE_predicted,0.5,1,1,TGTACGGCGCCTACGACTAA,0,4219558
yadE_predicted,0.5,1,1,TGTACAACAGTTGCTGTACT,0,4240142
yadE_predicted,0.5,1,1,TGTAAGTAGCTTTAAGTCCG,0,4220849
yadE_predicted,0.5,1,1,TGTAACTAGAGCAGGTCCGA,0,4230998
yadE_predicted,0.5,1,1,TGTAAAGCACAGCTCGCAAG,0,4198274
yadE_predicted,0.5,1,1,TGTAAACCCGGCTTTTAAAT,0,4220891
yadE_predicted,0.5,1,1,TGGTTTTTTCACTGTAGGCC,0,4187661
yadE_predicted,0.5,1,1,TGGTTTTCAGCATACAAGTT,0,4211211
yadE_predicted,0.5,1,1,TGGTTAGCCTCGAAGTACTG,0,4235848
yadE_predicted,0.5,1,1,TGGTTACGTCCGCCGGAAGG,0,4181162
yadE_predicted,0.5,1,1,TGGTGGCCTGTGCCACCGTA,0,4224800
yadE_predicted,0.5,1,1,TGGTGAAAATGATCCATGCA,0,4183502
yadE_predicted,0.5,1,1,TGGTCTTTAGCCGATCAGTT,0,4185895
yadE_predicted,0.5,1,1,TGGTCTCCAGACTTGTAAAA,0,4216480
yadE_predicted,0.5,1,1,TGGGTGCGGACGCTGGTACC,0,4197670
yadE_predicted,0.5,1,1,TGGGTAACATAATATCGAGC,0,4167893
yadE_predicted,0.5,1,1,TGGGGGCCGTTAAAACAGCC,0,4182295
yadE_predicted,0.5,1,1,TGGGGCTGGCAGATGCGCCA,0,4237308
yadE_predicted,0.5,1,1,TGGGGACCAACACCTCCAGG,0,4167451
yadE_predicted,0.5,1,1,TGGGCGTGACTTGCCATCCT,0,4181888
yadE_predicted,0.5,1,1,TGGGCGTCCAGGGCAAACAA,0,4227898
yadE_predicted,0.5,1,1,TGGGCGTACGCGGACTGCAT,0,4224450
yadE_predicted,0.5,1,1,TGGGAAGGTTGGCACTCATT,0,4200358
yadE_predicted,0.5,1,1,TGGCGGTGCACGGCCCATCA,0,4241415
yadE_predicted,0.5,1,1,TGGCCTCATTGCGGTTACAT,0,4172777
yadE_predicted,0.5,1,1,TGGCCCCTTCGCCGAACCAG,0,4192908
yadE_predicted,0.5,1,1,TGGCCCCTGATCACATGCTA,0,4236431
yadE_predicted,0.5,1,1,TGGCCCACGACTTAAGAAAA,0,4217661
yadE_predicted,0.5,1,1,TGGCAGGGACTAACTACAAA,0,4187765
yadE_predicted,0.5,1,1,TGGCAGGAAAAGTAATATCT,0,4161848
yadE_predicted,0.5,1,1,TGGCACCCCACGGCCTATAA,0,4218314
yadE_predicted,0.5,1,1,TGGATGGCACTGATTAGAGT,0,4233420
yadE_predicted,0.5,1,1,TGGATCGTCATGGCTAGATA,0,4196086
yadE_predicted,0.5,1,1,TGGAGTGCTCATGGGGTGTC,0,4204551
yadE_predicted,0.5,1,1,TGGAGTGAGCTCAGCTTTGA,0,4207419
yadE_predicted,0.5,1,1,TGGAGTCTGCAACGTCCAAA,0,4209980
yadE_predicted,0.5,1,1,TGGAGGGTTGCCACATGGAG,0,4166062
yadE_predicted,0.5,1,1,TGGAGAGCACACGCGAAGGA,0,4181541
yadE_predicted,0.5,1,1,TGGAGACAGGTAGGAATTCG,0,4172187
yadE_predicted,0.5,1,1,TGGACTTCATAGTGATGAGA,0,4184985
yadE_predicted,0.5,1,1,TGGACGGTAAACCCTCGTGG,0,4201514
yadE_predicted,0.5,1,1,TGGAAGCGTTCCCTAGAGAC,0,4167471
yadE_predicted,0.5,1,1,TGGAACCTACAGGTATTCTT,0,4184324
yadE_predicted,0.5,1,1,TGGAAACTTCTCGGTACCCG,0,4221471
yadE_predicted,0.5,1,1,TGCTTCTAGGGCATCGGGAT,0,4190614
yadE_predicted,0.5,1,1,TGCTGTGTGATGACTGTCGG,0,4210445
yadE_predicted,0.5,1,1,TGCTGGTACGTATAATTTCG,0,4213324
yadE_predicted,0.5,1,1,TGCTGGCGCTCCCCAAGATG,0,4220986
yadE_predicted,0.5,1,1,TGCTGGAAAAAGAGGGCATC,0,4193294
yadE_predicted,0.5,1,1,TGCTGCGGATATGAGGCGTT,0,4169745
yadE_predicted,0.5,1,1,TGCTGCGCAACGCTTTAAAA,0,4225158
yadE_predicted,0.5,1,1,TGCTGAAATTCCCCCCACAT,0,4190480
yadE_predicted,0.5,1,1,TGCTGAAACTTAAGTTATTG,0,4207549
yadE_predicted,0.5,1,1,TGCTCTGAGCACTGCACAAG,0,4210584
yadE_predicted,0.5,1,1,TGCTCTATCATCCACATAGT,0,4228859
yadE_predicted,0.5,1,1,TGCTATAAAGGTCCTCTGAT,0,4226964
yadE_predicted,0.5,1,1,TGCTAGTGGATCACCTGTTG,0,4200901
yadE_predicted,0.5,1,1,TGCTAGTCCAGTGAGAAGAC,0,4230910
yadE_predicted,0.5,1,1,TGCGTTTTATGCGCAAACGT,0,4170372
yadE_predicted,0.5,1,1,TGCGTCGAATTCGTCCGAAT,0,4218697
yadE_predicted,0.5,1,1,TGCGTACGTCGGGCAGGCAG,0,4220551
yadE_predicted,0.5,1,1,TGCGGGAGCCCCGGTCATCA,0,4203004
yadE_predicted,0.5,1,1,TGCGGAACTAGATGAACGTT,0,4189561
yadE_predicted,0.5,1,1,TGCGCTGCTCAGTTGGAGCG,0,4185576
yadE_predicted,0.5,1,1,TGCGCGTGGAATAGTATCTA,0,4205310
yadE_predicted,0.5,1,1,TGCGAGTAGGGAGGGCTTTC,0,4220672
yadE_predicted,0.5,1,1,TGCGAAATGAAGCGTACTGA,0,4172309
yadE_predicted,0.5,1,1,TGCCTTGCACGTTTCCCCCA,0,4206008
yadE_predicted,0.5,1,1,TGCCTGTCGGGGTACTGGGT,0,4186804
yadE_predicted,0.5,1,1,TGCCTGTAGTGTTCTGAATG,0,4178138
yadE_predicted,0.5,1,1,TGCCTGGGTAGTCCATGAGG,0,4217802
yadE_predicted,0.5,1,1,TGCCTGACGTCGTTGACCAT,0,4199729
yadE_predicted,0.5,1,1,TGCCTCTGTCATTCAAATCC,0,4180496
yadE_predicted,0.5,1,1,TGCCGTTAGCACGTAGAAGG,0,4205711
yadE_predicted,0.5,1,1,TGCCGGCCTTTAGAATCTGG,0,4160560
yadE_predicted,0.5,1,1,TGCCGCGGTCGAGTGATATT,0,4214635
yadE_predicted,0.5,1,1,TGCCGAGTTGGGCCACCTAC,0,4170524
yadE_predicted,0.5,1,1,TGCCCTACACTAGAGTTGAA,0,4233567
yadE_predicted,0.5,1,1,TGCCCACCTCTAGGACGCAA,0,4222731
yadE_predicted,0.5,1,1,TGCATTGCGGGGTCCCGGCA,0,4182304
yadE_predicted,0.5,1,1,TGCATGTATGAACTCATGAG,0,4201984
yadE_predicted,0.5,1,1,TGCATCGGGATAGATACCCT,0,4185719
yadE_predicted,0.5,1,1,TGCATCACGGCGTCCATACG,0,4175314
yadE_predicted,0.5,1,1,TGCAGTACTGGGGACTCAGT,0,4222350
yadE_predicted,0.5,1,1,TGCAGATGGCACATCAGAGT,0,4175316
yadE_predicted,0.5,1,1,TGCACTGGTAGAGAAGCAGT,0,4184299
yadE_predicted,0.5,1,1,TGCAATGTGGCCATTCCCCT,0,4193862
yadE_predicted,0.5,1,1,TGCAAGATGTGCGTCCGTTG,0,4202970
yadE_predicted,0.5,1,1,TGATTATCGCCTAGTCGCAT,0,4183655
yadE_predicted,0.5,1,1,TGATTATAGCTAGGCGTAAC,0,4206910
yadE_predicted,0.5,1,1,TGATGTGGTCACCGAGAGAT,0,4193492
yadE_predicted,0.5,1,1,TGATGGGTTCCAGAGAATTG,0,4230084
yadE_predicted,0.5,1,1,TGATGGCCTATAACGTCGTT,0,4160300
yadE_predicted,0.5,1,1,TGATGGACAACTTAAACTAA,0,4192235
yadE_predicted,0.5,1,1,TGATGCGGATGATCTGTTCA,0,4214015
yadE_predicted,0.5,1,1,TGATCTAAAGTACTCCTAGG,0,4221251
yadE_predicted,0.5,1,1,TGATCCCTAGGAGAGTTCCA,0,4205941
yadE_predicted,0.5,1,1,TGATATTGGTAACGGGACTA,0,4193537
yadE_predicted,0.5,1,1,TGATATCCTCCGGGCAACGT,0,4166825
yadE_predicted,0.5,1,1,TGATAGGACGTCGCTCGAAA,0,4228319
yadE_predicted,0.5,1,1,TGATAGCAGGTAGGACACGT,0,4220750
yadE_predicted,0.5,1,1,TGATACGTAAACCGACCCCA,0,4196205
yadE_predicted,0.5,1,1,TGATACCTTATCCCTATTGA,0,4184142
yadE_predicted,0.5,1,1,TGAGTTCATAAGGCCTGAGC,0,4231523
yadE_predicted,0.5,1,1,TGAGTGTAACACATCTGTAC,0,4228712
yadE_predicted,0.5,1,1,TGAGTGCATATTTTGGGGCA,0,4197738
yadE_predicted,0.5,1,1,TGAGGCCCGATTTCAGATCC,0,4227730
yadE_predicted,0.5,1,1,TGAGCTGCCGGCTGTCAATA,0,4193574
yadE_predicted,0.5,1,1,TGAGCCAACTGCTATTCGTA,0,4226407
yadE_predicted,0.5,1,1,TGAGAGTCAGGATCGTGCTG,0,4206416
yadE_predicted,0.5,1,1,TGACTTTGCCGCAGAGTCGA,0,4218161
yadE_predicted,0.5,1,1,TGACGTCACCTGCCAAGCGA,0,4178033
yadE_predicted,0.5,1,1,TGACGCTCAACCGGTGACAA,0,4197616
yadE_predicted,0.5,1,1,TGACGACTGTTTCCTTGGGC,0,4178188
yadE_predicted,0.5,1,1,TGACATGTATTCTATGGGAT,0,4172079
yadE_predicted,0.5,1,1,TGAATTGATCTTGAATCTGT,0,4163577
yadE_predicted,0.5,1,1,TGAATAAAACGCTGGTTCGT,0,4190177
yadE_predicted,0.5,1,1,TGAAGCTTCAGTAAGCTTGT,0,4181042
yadE_predicted,0.5,1,1,TGAAGCGATTGCTCCGCTCC,0,4192157
yadE_predicted,0.5,1,1,TGAAGCAACAAGGTCCCTTC,0,4190392
yadE_predicted,0.5,1,1,TGAACTGATTTGGTTGAATT,0,4225164
yadE_predicted,0.5,1,1,TGAACGGGAATCAACTCACT,0,4189475
yadE_predicted,0.5,1,1,TGAAAGTTATGGGGGTAAGC,0,4212931
yadE_predicted,0.5,1,1,TGAAAAAATGTGTCGGTGAA,0,4199135
yadE_predicted,0.5,1,1,TCTTTTATTGGTTCCACGCT,0,4181610
yadE_predicted,0.5,1,1,TCTTTGCCGTATACGCGGCA,0,4192819
yadE_predicted,0.5,1,1,TCTTTCCGCCGCAGTCAGTC,0,4233302
yadE_predicted,0.5,1,1,TCTTGCACAGTAGAGTGGCG,0,4176708
yadE_predicted,0.5,1,1,TCTTGATTTGCTCTCCTTGG,0,4176327
yadE_predicted,0.5,1,1,TCTTCTGATCAATACTGTGA,0,4233290
yadE_predicted,0.5,1,1,TCTTCTCCTTAGATTCCATG,0,4221446
yadE_predicted,0.5,1,1,TCTTCCGTCCAGTAGCCGTA,0,4228341
yadE_predicted,0.5,1,1,TCTTCCCTTATACCTGGCAA,0,4224006
yadE_predicted,0.5,1,1,TCTTATTTGGCGTTTTCTCC,0,4223377
yadE_predicted,0.5,1,1,TCTTATTTAGGCTCTACCTT,0,4207878
yadE_predicted,0.5,1,1,TCTTATACAGTGCGGCTATA,0,4213984
yadE_predicted,0.5,1,1,TCTTACGGGCTCTCTTGAAA,0,4236627
yadE_predicted,0.5,1,1,TCTGTTTTTAGTTTGGGAAG,0,4239634
yadE_predicted,0.5,1,1,TCTGTCACGCATACACGGAA,0,4227225
yadE_predicted,0.5,1,1,TCTGGCGGATAGCGGCTGAG,0,4161623
yadE_predicted,0.5,1,1,TCTGGAGCATAGGTTTACGA,0,4169583
yadE_predicted,0.5,1,1,TCTGGAAAATCGGCCGCTTT,0,4200942
yadE_predicted,0.5,1,1,TCTGATGCGCCATCCTTTCT,0,4227673
yadE_predicted,0.5,1,1,TCTGACAGTAGTTGATCATT,0,4223190
yadE_predicted,0.5,1,1,TCTCTTAGAGGGGTTCGGAG,0,4159651
yadE_predicted,0.5,1,1,TCTCTCAGCCTGGGTCGCAT,0,4190238
yadE_predicted,0.5,1,1,TCTCTAAATACGCCAGATTG,0,4162252
yadE_predicted,0.5,1,1,TCTCGGCATTTGCACGCTGC,0,4185396
yadE_predicted,0.5,1,1,TCTCGCTCGCGGGTAGTAGG,0,4238398
yadE_predicted,0.5,1,1,TCTCGAGGGCAGATGTGCGG,0,4211528
yadE_predicted,0.5,1,1,TCTCCGCTTATAGTGGGACG,0,4205365
yadE_predicted,0.5,1,1,TCTCCATAGTGGAATAGGGT,0,4223223
yadE_predicted,0.5,1,1,TCTCACTTGGTGCTCACGCA,0,4172957
yadE_predicted,0.5,1,1,TCTCACCCTTTCCCTCAGAT,0,4176044
yadE_predicted,0.5,1,1,TCTATTTCATAGCGGCAAGT,0,4161419
yadE_predicted,0.5,1,1,TCTATGTGCTCGACCGCATT,0,4223248
yadE_predicted,0.5,1,1,TCTAGTACGATTCCCAGTAC,0,4233114
yadE_predicted,0.5,1,1,TCTAGGCTATTCAACAGTTT,0,4203409
yadE_predicted,0.5,1,1,TCTAGCGGCACGACACATCG,0,4206356
yadE_predicted,0.5,1,1,TCTAGCCGTGTAACCGATGA,0,4231466
yadE_predicted,0.5,1,1,TCTAAGGCTTTGCAGCTTGA,0,4185810
yadE_predicted,0.5,1,1,TCTAAACACTTTGAGGCGGT,0,4208714
yadE_predicted,0.5,1,1,TCTAAACAAGTAGACTACGA,0,4174834
yadE_predicted,0.5,1,1,TCTAAAAGAGTCGAATGTTT,0,4220445
yadE_predicted,0.5,1,1,TCGTTTTGCTTAAGGGTACT,0,4209643
yadE_predicted,0.5,1,1,TCGTTTACTCCGAATCGTGC,0,4206379
yadE_predicted,0.5,1,1,TCGTTGATTATTAGCCGTCT,0,4160851
yadE_predicted,0.5,1,1,TCGTTGACCCACGCGGTATA,0,4167637
yadE_predicted,0.5,1,1,TCGTGCTAGGCGTCTAGAGT,0,4188387
yadE_predicted,0.5,1,1,TCGTGCACTCAGGATCCGGT,0,4160591
yadE_predicted,0.5,1,1,TCGTGAGCGGATTTCACTCC,0,4185978
yadE_predicted,0.5,1,1,TCGTGAATCTTGAGCACGCT,0,4192763
yadE_predicted,0.5,1,1,TCGTCGGGCTCTAGCAGCTG,0,4161084
yadE_predicted,0.5,1,1,TCGTATCCTGTGGACACATG,0,4208066
yadE_predicted,0.5,1,1,TCGTAGAACAAGTTCTGTAT,0,4233846
yadE_predicted,0.5,1,1,TCGTAACAGGTATGAATGTG,0,4184989
yadE_predicted,0.5,1,1,TCGTAAATTGCCCGCGCTTC,0,4207052
yadE_predicted,0.5,1,1,TCGGTGTTTGGAGGACTGAT,0,4166191
yadE_predicted,0.5,1,1,TCGGTGGTGTATTGAATATG,0,4160322
yadE_predicted,0.5,1,1,TCGGTCAATCCTAATCTAGT,0,4164065
yadE_predicted,0.5,1,1,TCGGGTGTGGACTGTGGAAC,0,4230848
yadE_predicted,0.5,1,1,TCGGGTCAGGGGTAAACATT,0,4201029
yadE_predicted,0.5,1,1,TCGGGGCTATACTTTCCATT,0,4237567
yadE_predicted,0.5,1,1,TCGGGGATAATATGAAACAA,0,4198138
yadE_predicted,0.5,1,1,TCGGGGAATCAGGGAAGTTC,0,4240992
yadE_predicted,0.5,1,1,TCGGCTTCCGATAAGGGATT,0,4194436
yadE_predicted,0.5,1,1,TCGGCGGGACGTCATAAAGA,0,4235854
yadE_predicted,0.5,1,1,TCGGCCTTCAGGGGCCGGCC,0,4219096
yadE_predicted,0.5,1,1,TCGGCCAGTCTAGCAATCTC,0,4170796
yadE_predicted,0.5,1,1,TCGGACCATGGTTTTGCATA,0,4167302
yadE_predicted,0.5,1,1,TCGGAATTTCTCTTACTTAT,0,4205113
yadE_predicted,0.5,1,1,TCGGAACGTAAAAGAGAATA,0,4218101
yadE_predicted,0.5,1,1,TCGGAAAATCGGCAGTAAAA,0,4176874
yadE_predicted,0.5,1,1,TCGCGGCTCGCCCTTGGCGA,0,4199626
yadE_predicted,0.5,1,1,TCGCCTGCTTAGCATGCGTC,0,4218866
yadE_predicted,0.5,1,1,TCGCCGATTGTGTTGGTGTA,0,4183963
yadE_predicted,0.5,1,1,TCGCCAGGGTCGCGTCTGTA,0,4223306
yadE_predicted,0.5,1,1,TCGCAGATCTGGAACGTGGA,0,4219263
yadE_predicted,0.5,1,1,TCGCACGACGCGGAGTCGTT,0,4238926
yadE_predicted,0.5,1,1,TCGCAATGGCTGAAGGCGTC,0,4230459
yadE_predicted,0.5,1,1,TCGATTTAGAATTTTCCAGG,0,4235776
yadE_predicted,0.5,1,1,TCGATAATCGGACTCAGAGA,0,4193666
yadE_predicted,0.5,1,1,TCGATAACATGACTGTGGTA,0,4198855
yadE_predicted,0.5,1,1,TCGAGTTCACGCCATTGGTC,0,4234089
yadE_predicted,0.5,1,1,TCGAGTAACAGTCGGCCCAT,0,4226910
yadE_predicted,0.5,1,1,TCGAGGTTCTATATATTATC,0,4186425
yadE_predicted,0.5,1,1,TCGAGATCCGATATGAGCTG,0,4215847
yadE_predicted,0.5,1,1,TCGACCCGGAACGCTTGAAC,0,4202089
yadE_predicted,0.5,1,1,TCGACACAATGTGCTTCAAC,0,4187235
yadE_predicted,0.5,1,1,TCGAAGGGTCCAGTCGTGGA,0,4205037
yadE_predicted,0.5,1,1,TCGAAGGATCCACCACGACC,0,4225231
yadE_predicted,0.5,1,1,TCGAACGTATATTTGGGATT,0,4186508
yadE_predicted,0.5,1,1,TCGAACGCCCGGGCGGCTTT,0,4165451
yadE_predicted,0.5,1,1,TCGAACAAAGGAAGAATGAT,0,4214463
yadE_predicted,0.5,1,1,TCCTTTCATCTATTGCCGAG,0,4225914
yadE_predicted,0.5,1,1,TCCTGGTCCTCCCTGCGGGG,0,4241220
yadE_predicted,0.5,1,1,TCCTGGGTTCTGGACGCGTT,0,4201977
yadE_predicted,0.5,1,1,TCCTGGGGGTCCGTGAGAAG,0,4202715
yadE_predicted,0.5,1,1,TCCTGGGATACTTAAGGCTA,0,4166714
yadE_predicted,0.5,1,1,TCCTGGCGTTCCCCTAGCTC,0,4235917
yadE_predicted,0.5,1,1,TCCTGGACGACCCGACTGAA,0,4197800
yadE_predicted,0.5,1,1,TCCTCTTGCCGTAACAAGTC,0,4185304
yadE_predicted,0.5,1,1,TCCTCGAGGTCCCAAGAGCC,0,4220296
yadE_predicted,0.5,1,1,TCCTATGTGATGCCTAAGGC,0,4181103
yadE_predicted,0.5,1,1,TCCTATCTTCGAGATGTTGT,0,4209234
yadE_predicted,0.5,1,1,TCCTATCCAGGGTTCTGCGA,0,4165756
yadE_predicted,0.5,1,1,TCCTAGCATACGCTCCTTGC,0,4176496
yadE_predicted,0.5,1,1,TCCTAACGCATTAAAGAATG,0,4189428
yadE_predicted,0.5,1,1,TCCGTCAGACTAATAATAGT,0,4219451
yadE_predicted,0.5,1,1,TCCGGGAAATACGCTTTGAC,0,4195755
yadE_predicted,0.5,1,1,TCCGGCTTGGTTCGACTAAC,0,4236325
yadE_predicted,0.5,1,1,TCCGGATCAATGCCACGTAG,0,4222349
yadE_predicted,0.5,1,1,TCCGCCTCCCCAGCCAGCTT,0,4203925
yadE_predicted,0.5,1,1,TCCGACTGTCAGACCGAGTC,0,4235634
yadE_predicted,0.5,1,1,TCCCTTGCGTGGCAGCAGTG,0,4169335
yadE_predicted,0.5,1,1,TCCCTTCTCTAGTAACACTG,0,4168982
yadE_predicted,0.5,1,1,TCCCTTAGACGATCCCTCTT,0,4219277
yadE_predicted,0.5,1,1,TCCCTCATCGGACGGCCCCT,0,4194361
yadE_predicted,0.5,1,1,TCCCTCAGGCATGCTCGGGA,0,4167534
yadE_predicted,0.5,1,1,TCCCTATTACCTCACTAGCA,0,4196819
yadE_predicted,0.5,1,1,TCCCGTCTTGGACGACGGGG,0,4162729
yadE_predicted,0.5,1,1,TCCCGGTTGGAAAAAGATGA,0,4216452
yadE_predicted,0.5,1,1,TCCCGGCAGTCGGTTATCCT,0,4181143
yadE_predicted,0.5,1,1,TCCCGCCTGTCCGAGGCTAA,0,4212726
yadE_predicted,0.5,1,1,TCCCCAAATCTGATTCGCTC,0,4170664
yadE_predicted,0.5,1,1,TCCCATACCGAATTCTGTCC,0,4191575
yadE_predicted,0.5,1,1,TCCATTAACCATCGGGTTAC,0,4210602
yadE_predicted,0.5,1,1,TCCAGTATCCCCGACCAGCT,0,4167249
yadE_predicted,0.5,1,1,TCCAGTAACATCCGGACGTC,0,4229605
yadE_predicted,0.5,1,1,TCCACTCGAGGCTGTCGCGT,0,4220088
yadE_predicted,0.5,1,1,TCCACATGCATAGGGGCGGG,0,4206744
yadE_predicted,0.5,1,1,TCCACACGTGTTGAGAGCCA,0,4203984
yadE_predicted,0.5,1,1,TCCAATTATGGCAAGAAGTT,0,4165657
yadE_predicted,0.5,1,1,TCCAATCAACCACAGCTGCC,0,4171743
yadE_predicted,0.5,1,1,TCCAAGACGGGCATAGTGCT,0,4190553
yadE_predicted,0.5,1,1,TCCAACATGATTGTAGGGGT,0,4173978
yadE_predicted,0.5,1,1,TCCAAACGTATTAGGGGCGA,0,4173983
yadE_predicted,0.5,1,1,TCCAAAACCCGGGGTTTCGG,0,4186316
yadE_predicted,0.5,1,1,TCATTTTGATTCGTTGGTTG,0,4168486
yadE_predicted,0.5,1,1,TCATTGTCTCGCTGGTGTTA,0,4179018
yadE_predicted,0.5,1,1,TCATTCGATCAGCATCTTCT,0,4236441
yadE_predicted,0.5,1,1,TCATTCATTAGCAGGATTCG,0,4201112
yadE_predicted,0.5,1,1,TCATCGTCATTCATACGAAA,0,4228303
yadE_predicted,0.5,1,1,TCATCGCCAGGAGTTGCTTG,0,4205123
yadE_predicted,0.5,1,1,TCATCATTACGGGTACGTTG,0,4196914
yadE_predicted,0.5,1,1,TCATCATCCTGAAAGGCGCC,0,4227731
yadE_predicted,0.5,1,1,TCATAGGGGTAGTCGCCGCG,0,4229974
yadE_predicted,0.5,1,1,TCAGTGGTAAACGTTCCTTA,0,4224107
yadE_predicted,0.5,1,1,TCAGTATCTACTGTAGTGCC,0,4187444
yadE_predicted,0.5,1,1,TCAGGTTCGGCTGCGGACAA,0,4191985
yadE_predicted,0.5,1,1,TCAGGTGCATCGTTAGGTTT,0,4179313
yadE_predicted,0.5,1,1,TCAGGGGCGCGACTGACCCT,0,4228696
yadE_predicted,0.5,1,1,TCAGGGCATCCCGGGTTGTA,0,4208214
yadE_predicted,0.5,1,1,TCAGGCGCGTAAGCCGTGGG,0,4239386
yadE_predicted,0.5,1,1,TCAGGAATTATTGTGATTGT,0,4223017
yadE_predicted,0.5,1,1,TCAGCGTGACTGCACAGGGA,0,4240579
yadE_predicted,0.5,1,1,TCAGCGGTGGATTCTATAGG,0,4218881
yadE_predicted,0.5,1,1,TCAGATCACATTTCATGGGT,0,4239972
yadE_predicted,0.5,1,1,TCAGACGAGCTCCATCGCAA,0,4179481
yadE_predicted,0.5,1,1,TCACGTGAACTGAGCATCCT,0,4197006
yadE_predicted,0.5,1,1,TCACGGGTAAATTAAGCTTA,0,4181605
yadE_predicted,0.5,1,1,TCACCGGGATATGTAGGTGC,0,4163489
yadE_predicted,0.5,1,1,TCACATACCAAAGGCCGTCA,0,4214316
yadE_predicted,0.5,1,1,TCAATTCCCAGACGGAAGCA,0,4173518
yadE_predicted,0.5,1,1,TCAAGGTTTGGCCTTTGGTG,0,4209144
yadE_predicted,0.5,1,1,TCAAGGTGGTTCACGGGCCA,0,4237422
yadE_predicted,0.5,1,1,TCAAGGCAGGGCTTCATTGT,0,4171369
yadE_predicted,0.5,1,1,TCAACCTTGTGAGGGCGAAA,0,4172454
yadE_predicted,0.5,1,1,TCAACCGTTGCCCCAGAACG,0,4236622
yadE_predicted,0.5,1,1,TCAACCGTGGGCCTGGGCCG,0,4210710
yadE_predicted,0.5,1,1,TCAACAGTCTAGGGGGGGGT,0,4175693
yadE_predicted,0.5,1,1,TCAACACCATCAATAGTCAT,0,4236083
yadE_predicted,0.5,1,1,TCAAATCACCGTCCCGCAAA,0,4215340
yadE_predicted,0.5,1,1,TCAAAGTTTGCTATCCGGCC,0,4184740
yadE_predicted,0.5,1,1,TCAAAGCAATAATTCTATTC,0,4183495
yadE_predicted,0.5,1,1,TCAAAATGGCACGAACTCAT,0,4170895
yadE_predicted,0.5,1,1,TCAAAAGCTTCTAGGACCTC,0,4163011
yadE_predicted,0.5,1,1,TATTTTTAAATGACTCAGAG,0,4204307
yadE_predicted,0.5,1,1,TATTTGAAGCGATGTGCGTT,0,4187923
yadE_predicted,0.5,1,1,TATTTCGGGAGTTAAGGAAC,0,4239298
yadE_predicted,0.5,1,1,TATTTATTTAGTGAGGGGAG,0,4209881
yadE_predicted,0.5,1,1,TATTGTTCTCGCCCTGGCAA,0,4166408
yadE_predicted,0.5,1,1,TATTGTTAAGCGGGCGTGTA,0,4161728
yadE_predicted,0.5,1,1,TATTGGACGAAACCTTCAGC,0,4201953
yadE_predicted,0.5,1,1,TATTGGAAAGCGATGTTTCG,0,4199120
yadE_predicted,0.5,1,1,TATTCGGGGAAACGACGTAT,0,4203055
yadE_predicted,0.5,1,1,TATTCGCCAACTGACGGTTA,0,4204717
yadE_predicted,0.5,1,1,TATTACTAGAGTCACCGGAT,0,4210043
yadE_predicted,0.5,1,1,TATTAAGTTCGCGCCACGAC,0,4185564
yadE_predicted,0.5,1,1,TATTAAGTCCGCCGTACATG,0,4197220
yadE_predicted,0.5,1,1,TATTAAATCTGAGCCTATGG,0,4238514
yadE_predicted,0.5,1,1,TATTAAAGGTTGCTGGCTTT,0,4208546
yadE_predicted,0.5,1,1,TATGTCCTTGTTAATTCTTG,0,4194017
yadE_predicted,0.5,1,1,TATGTAATGCCGCCATGGCC,0,4230284
yadE_predicted,0.5,1,1,TATGGCTGGGGTACTACCAC,0,4218547
yadE_predicted,0.5,1,1,TATGGCATTGCGTTCATGTC,0,4178514
yadE_predicted,0.5,1,1,TATGGCACGGAAGAGTGTAC,0,4183336
yadE_predicted,0.5,1,1,TATGGAGCAGTCAAATCGGG,0,4200306
yadE_predicted,0.5,1,1,TATGCAGGAAATACGCGCGC,0,4217381
yadE_predicted,0.5,1,1,TATGATGTCGTTCGGTGTTA,0,4187658
yadE_predicted,0.5,1,1,TATGAGCGTCGGTAACGCAT,0,4225387
yadE_predicted,0.5,1,1,TATGAGATTTCTCTAGACGC,0,4160821
yadE_predicted,0.5,1,1,TATGACACCGTGGATTTGCA,0,4216245
yadE_predicted,0.5,1,1,TATGAATTTGCTTTTTAAGG,0,4194841
yadE_predicted,0.5,1,1,TATCTTGCGCGGGCCTCAGG,0,4204361
yadE_predicted,0.5,1,1,TATCTTAGTGTCGATATCTT,0,4189322
yadE_predicted,0.5,1,1,TATCTGAAGGTTACGTGGAC,0,4215249
yadE_predicted,0.5,1,1,TATCGGCATGACCCCGTCTT,0,4209892
yadE_predicted,0.5,1,1,TATCGGCATCCGGCATGCGT,0,4216017
yadE_predicted,0.5,1,1,TATCGAGCTAATAACAGAAT,0,4179075
yadE_predicted,0.5,1,1,TATCGAAAACGGAAGAACCT,0,4185230
yadE_predicted,0.5,1,1,TATCCTTCGGTCCAGAAATT,0,4207982
yadE_predicted,0.5,1,1,TATCCTCTTACTAAGGGGAG,0,4223270
yadE_predicted,0.5,1,1,TATCATCAGATTACCCTCAA,0,4210041
yadE_predicted,0.5,1,1,TATCACGTGTGCTAGAACTC,0,4232641
yadE_predicted,0.5,1,1,TATCAATACGCCGGCGGTTA,0,4234793
yadE_predicted,0.5,1,1,TATATGTCGCGGCGGTTCCA,0,4201240
yadE_predicted,0.5,1,1,TATATAAGGTGGACGCTTGA,0,4178713
yadE_predicted,0.5,1,1,TATAGTCAAGGAAGATGCGG,0,4212069
yadE_predicted,0.5,1,1,TATAGCCCACCAGCAAAAGA,0,4222218
yadE_predicted,0.5,1,1,TATACTTCATGGCTTCGGCA,0,4235398
yadE_predicted,0.5,1,1,TATACGTTTCTGGCCATTAG,0,4208955
yadE_predicted,0.5,1,1,TATACGTTCTACCGACAAGT,0,4238665
yadE_predicted,0.5,1,1,TATACGAGACAGCTCTAGGT,0,4196718
yadE_predicted,0.5,1,1,TATAATACGTCATTTGCTTG,0,4203561
yadE_predicted,0.5,1,1,TAGTTTGGCCAGGTGATGCA,0,4190933
yadE_predicted,0.5,1,1,TAGTTGCCCAAACTTTCCGC,0,4214439
yadE_predicted,0.5,1,1,TAGTCATCAGTGTGCGTGAT,0,4206761
yadE_predicted,0.5,1,1,TAGTAAACGGGGCCAGTTGT,0,4224807
yadE_predicted,0.5,1,1,TAGGTGCGACGGGCAACTGC,0,4221726
yadE_predicted,0.5,1,1,TAGGTCTCGGAACGGCCCAA,0,4213110
yadE_predicted,0.5,1,1,TAGGTCAGTGTGGTATGTTA,0,4221110
yadE_predicted,0.5,1,1,TAGGGTACTGATTCGCGGAG,0,4212073
yadE_predicted,0.5,1,1,TAGGGGTGGTGCAGATAGCA,0,4234395
yadE_predicted,0.5,1,1,TAGGGCTCACACAGTATATG,0,4225961
yadE_predicted,0.5,1,1,TAGGGCACCGTGTTACGATA,0,4202917
yadE_predicted,0.5,1,1,TAGGCTGACGTAGGGCAGTA,0,4232624
yadE_predicted,0.5,1,1,TAGGCGGGGCTGTTACAACG,0,4194373
yadE_predicted,0.5,1,1,TAGGCCGTCTGAACGGTCTT,0,4191777
yadE_predicted,0.5,1,1,TAGGCCATGTCTAATTGAGA,0,4218950
yadE_predicted,0.5,1,1,TAGGCCAATCAACGAGGTAA,0,4211424
yadE_predicted,0.5,1,1,TAGGCAACGGGTGTCCATGG,0,4205593
yadE_predicted,0.5,1,1,TAGGCAACGACATTGTACCA,0,4195015
yadE_predicted,0.5,1,1,TAGGACAGAAAGGCGCCTTG,0,4232884
yadE_predicted,0.5,1,1,TAGGAAAGTATCAAATGAGG,0,4201569
yadE_predicted,0.5,1,1,TAGCTTTCACACGTCCAGAT,0,4196432
yadE_predicted,0.5,1,1,TAGCTTCGTCTTGATGCATT,0,4213159
yadE_predicted,0.5,1,1,TAGCGTGAGGTGCCCCAAAT,0,4168381
yadE_predicted,0.5,1,1,TAGCGGCATCCCCTGGAGTA,0,4221271
yadE_predicted,0.5,1,1,TAGCGGCAATTGACAAGCGG,0,4217265
yadE_predicted,0.5,1,1,TAGCCCTCATTGAATTTACG,0,4234886
yadE_predicted,0.5,1,1,TAGCAGGTTGTCGTCAAGGT,0,4198009
yadE_predicted,0.5,1,1,TAGCAATCTGCCAACACCGG,0,4190070
yadE_predicted,0.5,1,1,TAGCAAGCTTCGAATCACCG,0,4198607
yadE_predicted,0.5,1,1,TAGCAACCCCGTCAATCCCT,0,4179832
yadE_predicted,0.5,1,1,TAGATTCCGACAAGCGTATG,0,4215106
yadE_predicted,0.5,1,1,TAGATTCAGTCTAATGGCTC,0,4206093
yadE_predicted,0.5,1,1,TAGATCTTTATTGGGACGTA,0,4178359
yadE_predicted,0.5,1,1,TAGATCTGAGAGTCGCGCTG,0,4205495
yadE_predicted,0.5,1,1,TAGATAGAGGATCGCATAAC,0,4179230
yadE_predicted,0.5,1,1,TAGATAAATGCGTGGCCTGA,0,4218221
yadE_predicted,0.5,1,1,TAGAGTTCATATGGTCACCG,0,4228282
yadE_predicted,0.5,1,1,TAGAGTACAGCACTTGATGG,0,4214067
yadE_predicted,0.5,1,1,TAGAGGCTAAAGACGCGTGA,0,4234890
yadE_predicted,0.5,1,1,TAGAGATGTTCAGTATGGCG,0,4197678
yadE_predicted,0.5,1,1,TAGAGACGCAGGCACAAACT,0,4205465
yadE_predicted,0.5,1,1,TAGACTAGCGAGTGGCGTAG,0,4239701
yadE_predicted,0.5,1,1,TAGACGAATTCTGGTGGCCC,0,4219775
yadE_predicted,0.5,1,1,TAGACCCTCCCATGCAACGT,0,4203577
yadE_predicted,0.5,1,1,TAGACAGTGTTACGTAGAAT,0,4169436
yadE_predicted,0.5,1,1,TAGAACTTGAGCATCACAGT,0,4222129
yadE_predicted,0.5,1,1,TACTTGTCTACCGTTTAGTA,0,4196852
yadE_predicted,0.5,1,1,TACTTCGGGGAGGCCCGACC,0,4177019
yadE_predicted,0.5,1,1,TACTTCGGCTTATGCCATAC,0,4223385
yadE_predicted,0.5,1,1,TACTTAATTACCCGTCGGTT,0,4232619
yadE_predicted,0.5,1,1,TACTGTTTATACCATAGGTA,0,4173937
yadE_predicted,0.5,1,1,TACTGTTCTGGGTCATCCAA,0,4217867
yadE_predicted,0.5,1,1,TACTGGGTGCCTTCCTGACT,0,4170362
yadE_predicted,0.5,1,1,TACTGCCTCCGCTGGTACTT,0,4241084
yadE_predicted,0.5,1,1,TACTCTTTGTCAGCCAGTAG,0,4172435
yadE_predicted,0.5,1,1,TACTCTGTTCCGAGCGCCAT,0,4202997
yadE_predicted,0.5,1,1,TACTCCGCCATTCTAAACTA,0,4168149
yadE_predicted,0.5,1,1,TACTATGTGGCCCCGGAATC,0,4182787
yadE_predicted,0.5,1,1,TACTATGATCCTTTCGAACA,0,4159540
yadE_predicted,0.5,1,1,TACTAGACTGAACGGACATT,0,4235429
yadE_predicted,0.5,1,1,TACTAAGACCTCAGGCTACT,0,4231551
yadE_predicted,0.5,1,1,TACGTATTTTCCTGGGAACT,0,4204392
yadE_predicted,0.5,1,1,TACGTACGCAAGATGACATG,0,4171081
yadE_predicted,0.5,1,1,TACGGTTGAGATTGGATGGT,0,4178600
yadE_predicted,0.5,1,1,TACGGTGGTTGGCCTTAGTG,0,4234937
yadE_predicted,0.5,1,1,TACGGTCCGTTCAGTCAACC,0,4207846
yadE_predicted,0.5,1,1,TACGGGCGTAGCTTGGCAAT,0,4189826
yadE_predicted,0.5,1,1,TACGGCGACGAAGACCAATA,0,4230678
yadE_predicted,0.5,1,1,TACGCGCGAACCCTTGCTCG,0,4184960
yadE_predicted,0.5,1,1,TACGCGAATTTCGGGCGCAT,0,4192783
yadE_predicted,0.5,1,1,TACGCAGGCCTGTTGTCGGG,0,4230332
yadE_predicted,0.5,1,1,TACGCACCACCGACCGGCTT,0,4177515
yadE_predicted,0.5,1,1,TACGCAAGCACTTTGGGCGA,0,4172627
yadE_predicted,0.5,1,1,TACCTTGTACCTTTGATCAG,0,4231229
yadE_predicted,0.5,1,1,TACCTGAATCTCGGCTGAAC,0,4229076
yadE_predicted,0.5,1,1,TACCTAGTATACGTTCCGAC,0,4221444
yadE_predicted,0.5,1,1,TACCGTGGCCTAGAATTCTA,0,4225787
yadE_predicted,0.5,1,1,TACCGCTATGAGATTTAGTA,0,4194120
yadE_predicted,0.5,1,1,TACCCCAGGCCTGCCTGTCA,0,4163905
yadE_predicted,0.5,1,1,TACCCCAGCCGTGACGGACC,0,4173735
yadE_predicted,0.5,1,1,TACCATGAACATTTAAACGG,0,4161216
yadE_predicted,0.5,1,1,TACCAGCTGGTCAAGTAGTT,0,4214579
yadE_predicted,0.5,1,1,TACATTGGGGGCCGTTCGGA,0,4181625
yadE_predicted,0.5,1,1,TACATCGCAAGTGACTTGTT,0,4211733
yadE_predicted,0.5,1,1,TACATCCCCGAATGCTATAT,0,4237306
yadE_predicted,0.5,1,1,TACATAGTTCAGTAGAGCGC,0,4208681
yadE_predicted,0.5,1,1,TACAGGAATCTTAGGCGGTA,0,4233058
yadE_predicted,0.5,1,1,TACACGCCTCGGTACGGAAA,0,4234593
yadE_predicted,0.5,1,1,TACACCCATGTAGAGTGACC,0,4217622
yadE_predicted,0.5,1,1,TACAACATTATTAGCCATCG,0,4174828
yadE_predicted,0.5,1,1,TACAAATGCGGTAGAGCTCG,0,4235173
yadE_predicted,0.5,1,1,TAATTGGTGACCTACATATT,0,4217334
yadE_predicted,0.5,1,1,TAATTGGGGCTGGCATTGCA,0,4194757
yadE_predicted,0.5,1,1,TAATTCATTGCCCTGCACTT,0,4233556
yadE_predicted,0.5,1,1,TAATTCATAAATAGAACGTA,0,4209732
yadE_predicted,0.5,1,1,TAATGTATATGGCGTGAGAT,0,4174207
yadE_predicted,0.5,1,1,TAATGGGTCTCGGATCATAA,0,4203056
yadE_predicted,0.5,1,1,TAATGGGAACGCCACAGAAG,0,4188398
yadE_predicted,0.5,1,1,TAATGGCATCGGTTTGCAGC,0,4184739
yadE_predicted,0.5,1,1,TAATCTCTAGTTGATCAGCC,0,4233870
yadE_predicted,0.5,1,1,TAATCGCGTCTTCGCAAGGA,0,4166415
yadE_predicted,0.5,1,1,TAATATGGATTAGTTATAAC,0,4212974
yadE_predicted,0.5,1,1,TAATAGTACTGAACCGGTTC,0,4241098
yadE_predicted,0.5,1,1,TAATACGGGGTTATTTGAGC,0,4212694
yadE_predicted,0.5,1,1,TAAGTGGCGGAAACGCAACC,0,4201549
yadE_predicted,0.5,1,1,TAAGTACCTCTTCTCGTACT,0,4216703
yadE_predicted,0.5,1,1,TAAGGTTAAAACAAGTGCTC,0,4233979
yadE_predicted,0.5,1,1,TAAGGAGTCCTGAAGTCCTC,0,4195417
yadE_predicted,0.5,1,1,TAAGGAACGGCGATACCTGT,0,4205059
yadE_predicted,0.5,1,1,TAAGCGGTTTCGGACGCCAT,0,4209837
yadE_predicted,0.5,1,1,TAAGCCTGTTGCTAGCGATT,0,4212344
yadE_predicted,0.5,1,1,TAAGATCAGGGGTTGAGCTA,0,4221171
yadE_predicted,0.5,1,1,TAAGAGTCCCAGCGACGAAA,0,4226710
yadE_predicted,0.5,1,1,TAAGACGTCAAGACTCCGCG,0,4163182
yadE_predicted,0.5,1,1,TAACTTTTCTGTTGTGAGCT,0,4233966
yadE_predicted,0.5,1,1,TAACTAAATGCATGAATACT,0,4203791
yadE_predicted,0.5,1,1,TAACGGTGTTAGACGGGGGC,0,4203225
yadE_predicted,0.5,1,1,TAACGGGAAAAGTTAGACCG,0,4217027
yadE_predicted,0.5,1,1,TAACCTTCATGTCTGCCTAA,0,4176469
yadE_predicted,0.5,1,1,TAACCTGCTAGATCTCACCT,0,4200072
yadE_predicted,0.5,1,1,TAACCTAGTCCTGCAATCGC,0,4230976
yadE_predicted,0.5,1,1,TAACCCGATAAGACGGTAAT,0,4228966
yadE_predicted,0.5,1,1,TAACCCATTCAGACCCAAGC,0,4160871
yadE_predicted,0.5,1,1,TAACCATTCCGGAGGACGCC,0,4175830
yadE_predicted,0.5,1,1,TAACCAAGACAGCCGGATAC,0,4191370
yadE_predicted,0.5,1,1,TAACATTGGAACTGCACGGG,0,4230849
yadE_predicted,0.5,1,1,TAAATTGTGATACCATGGTC,0,4161260
yadE_predicted,0.5,1,1,TAAATGACATTTGCCAAATC,0,4198601
yadE_predicted,0.5,1,1,TAAAGTAAACGTATGTACCA,0,4177595
yadE_predicted,0.5,1,1,TAAAGGGAAAGCTCGATAAT,0,4227511
yadE_predicted,0.5,1,1,TAAAGCCACGGTATAAATTC,0,4174603
yadE_predicted,0.5,1,1,TAAAGCAGCCGAGACAAGGT,0,4174975
yadE_predicted,0.5,1,1,TAAAATTGCATATGGTTATT,0,4174374
yadE_predicted,0.5,1,1,TAAAAGAACCTGTATCCATC,0,4221404
yadE_predicted,0.5,1,1,TAAAACTCGTTGCGGGTTGG,0,4212695
yadE_predicted,0.5,1,1,TAAAACGGAGTTCTATAAGC,0,4185334
yadE_predicted,0.5,1,1,TAAAAATCATGGGGTCGAGC,0,4208728
yadE_predicted,0.5,1,1,TAAAAACGCGGGACTTGAGG,0,4237165
yadE_predicted,0.5,1,1,GTTTTTGGTTTAGGCAGATA,0,4232012
yadE_predicted,0.5,1,1,GTTTTCGCGGCTGCACTAAT,0,4161503
yadE_predicted,0.5,1,1,GTTTTAGTGCTGCGCGGTTG,0,4194430
yadE_predicted,0.5,1,1,GTTTGGTCGCATCTTCCAGG,0,4229460
yadE_predicted,0.5,1,1,GTTTGGTAAGGGGCACGGAT,0,4233610
yadE_predicted,0.5,1,1,GTTTGGGACTTTTGATCTGC,0,4177728
yadE_predicted,0.5,1,1,GTTTGGAGGCGAGATAGGTT,0,4163263
yadE_predicted,0.5,1,1,GTTTGGACTACACGGAATAC,0,4179351
yadE_predicted,0.5,1,1,GTTTGCGCTCCTTGGACAAA,0,4187268
yadE_predicted,0.5,1,1,GTTTGCCGGTGCAACGCAGA,0,4227841
yadE_predicted,0.5,1,1,GTTTCCAGCCAATCCCGCAT,0,4173608
yadE_predicted,0.5,1,1,GTTTCATTGGCGCTTGAGTG,0,4220085
yadE_predicted,0.5,1,1,GTTTCACTTGCGATTGCATT,0,4215218
yadE_predicted,0.5,1,1,GTTTATAACTTGTGGCGTAT,0,4230967
yadE_predicted,0.5,1,1,GTTTACAGCCCTCTAGTATG,0,4227565
yadE_predicted,0.5,1,1,GTTGTTCGTCTCTACGGACT,0,4159732
yadE_predicted,0.5,1,1,GTTGTGTGGATGGCCCAATT,0,4208244
yadE_predicted,0.5,1,1,GTTGTGTACTGATTAGCCTT,0,4233595
yadE_predicted,0.5,1,1,GTTGTGGCTCCATCCCAGGC,0,4201701
yadE_predicted,0.5,1,1,GTTGGAATCGGATGCGCCCA,0,4179642
yadE_predicted,0.5,1,1,GTTGGAAGCCCTAACACCGT,0,4200555
yadE_predicted,0.5,1,1,GTTGCTTAGTGAGGCCTCGG,0,4194548
yadE_predicted,0.5,1,1,GTTGCTCAAACCCCTATTTC,0,4238215
yadE_predicted,0.5,1,1,GTTGCGCAAGGTCTAAGAGC,0,4238393
yadE_predicted,0.5,1,1,GTTGCCGGAGACAAAACAAA,0,4184796
yadE_predicted,0.5,1,1,GTTGACGATTTTGCTTGGTA,0,4162410
yadE_predicted,0.5,1,1,GTTGACCGGAGTGACGGTAA,0,4196588
yadE_predicted,0.5,1,1,GTTGACAGTACGATATGCTG,0,4237613
yadE_predicted,0.5,1,1,GTTGAATAACAGGATACTTT,0,4240383
yadE_predicted,0.5,1,1,GTTCTCTACAGTCTTTGCTC,0,4195295
yadE_predicted,0.5,1,1,GTTCGTCCGTTCCATTTAGT,0,4211695
yadE_predicted,0.5,1,1,GTTCGCTTGTCCCGATAAGT,0,4219785
yadE_predicted,0.5,1,1,GTTCGCGTTTACCAAGGACA,0,4166025
yadE_predicted,0.5,1,1,GTTCGCAGCTTGGTGCCGAA,0,4227170
yadE_predicted,0.5,1,1,GTTCGAAAGGGGCGTAGGAG,0,4212400
yadE_predicted,0.5,1,1,GTTCCTTTATGGGCGCACGC,0,4201282
yadE_predicted,0.5,1,1,GTTCCTCCGGCCTCACCGGT,0,4176521
yadE_predicted,0.5,1,1,GTTCCGTCCATGGGTCGTAA,0,4230680
yadE_predicted,0.5,1,1,GTTCCAGGAGATGTCTGATA,0,4212491
yadE_predicted,0.5,1,1,GTTCACTTGGGGCGTAAGAT,0,4167859
yadE_predicted,0.5,1,1,GTTCACGCTACAGCGTACCC,0,4219102
yadE_predicted,0.5,1,1,GTTCAACCTGTGCGGTGTTC,0,4240257
yadE_predicted,0.5,1,1,GTTATGTCTGTGTATGTTCT,0,4189593
yadE_predicted,0.5,1,1,GTTATCGTCATATATCAGGT,0,4194387
yadE_predicted,0.5,1,1,GTTATCATATAGGGTACGTC,0,4210029
yadE_predicted,0.5,1,1,GTTATACAAGGTTGGCTTTT,0,4160080
yadE_predicted,0.5,1,1,GTTAGTCAGGAGGGCACGCG,0,4185163
yadE_predicted,0.5,1,1,GTTAGACGACTGAAATCTAT,0,4160261
yadE_predicted,0.5,1,1,GTTACGTGTGTCTCGCGTTT,0,4226475
yadE_predicted,0.5,1,1,GTTACGGGGTTCCCAGTAGA,0,4172201
yadE_predicted,0.5,1,1,GTTACAAGGAGGGTGCCGAA,0,4183555
yadE_predicted,0.5,1,1,GTTAATTAAGCGTTGCTTGT,0,4206199
yadE_predicted,0.5,1,1,GTGTTAACGACCGAAAACGG,0,4201302
yadE_predicted,0.5,1,1,GTGTGTGTCTAACGTGCTGA,0,4186221
yadE_predicted,0.5,1,1,GTGTGGTCTCTGACGACACT,0,4163066
yadE_predicted,0.5,1,1,GTGTGCACACGAGCCCCATT,0,4240649
yadE_predicted,0.5,1,1,GTGTCAGATGGTGCAGTTCT,0,4239536
yadE_predicted,0.5,1,1,GTGGTTTACTGAAGCATCGA,0,4189323
yadE_predicted,0.5,1,1,GTGGTTAGACCATTCGGGGA,0,4198471
yadE_predicted,0.5,1,1,GTGGTGTAAGCGGCCGCGAT,0,4172072
yadE_predicted,0.5,1,1,GTGGTGCATTCATACGCAGT,0,4166306
yadE_predicted,0.5,1,1,GTGGTCGTACGTGGCATAAT,0,4189480
yadE_predicted,0.5,1,1,GTGGGCTTAAGCCGTCACAG,0,4169568
yadE_predicted,0.5,1,1,GTGGGCATGATGCATGCCAA,0,4240431
yadE_predicted,0.5,1,1,GTGGGAAGTGCCATCAAATC,0,4197380
yadE_predicted,0.5,1,1,GTGGCGATGGTGGTCAAATG,0,4170525
yadE_predicted,0.5,1,1,GTGGCGATATCGCGTAGCCC,0,4225189
yadE_predicted,0.5,1,1,GTGGCAGTGGTCAATAGCCT,0,4229724
yadE_predicted,0.5,1,1,GTGGAGTATCACGCCATATG,0,4186006
yadE_predicted,0.5,1,1,GTGGAGGAGTCTCCCCAGCA,0,4226444
yadE_predicted,0.5,1,1,GTGGAGATTAGTGTCATGGG,0,4175041
yadE_predicted,0.5,1,1,GTGGACAACAATCGATGTAG,0,4183634
yadE_predicted,0.5,1,1,GTGCTTTACACTGTGGGCTT,0,4224471
yadE_predicted,0.5,1,1,GTGCTTGAATTTCGTTGGTG,0,4164246
yadE_predicted,0.5,1,1,GTGCTTCAGCTGAGGGCGTG,0,4230796
yadE_predicted,0.5,1,1,GTGCTCACTCATACTTGCAG,0,4174189
yadE_predicted,0.5,1,1,GTGCGGTACTCTAGCCACGG,0,4188270
yadE_predicted,0.5,1,1,GTGCGGGCAAGGTCTTTTTA,0,4190355
yadE_predicted,0.5,1,1,GTGCACCAACTAGACGTTAC,0,4197082
yadE_predicted,0.5,1,1,GTGATTATGATGTCTGAGAC,0,4197981
yadE_predicted,0.5,1,1,GTGATAAATAGATCCGGGAA,0,4236475
yadE_predicted,0.5,1,1,GTGAGTATACCTGACGGAGC,0,4238462
yadE_predicted,0.5,1,1,GTGAGCGGATCATTGGGGGG,0,4203188
yadE_predicted,0.5,1,1,GTGAGCGATCACGCGGCCGT,0,4223670
yadE_predicted,0.5,1,1,GTGAGCGAACGCGGTCAGTG,0,4186344
yadE_predicted,0.5,1,1,GTGACCAAGCACAACTAGGG,0,4180395
yadE_predicted,0.5,1,1,GTGACATGACGACCGTCGGA,0,4212697
yadE_predicted,0.5,1,1,GTGACAGGGTTTCCGGCCTC,0,4179109
yadE_predicted,0.5,1,1,GTGACAAAGCTCAGGCAAAC,0,4220985
yadE_predicted,0.5,1,1,GTGAATGGGTAACTCTGGAA,0,4199088
yadE_predicted,0.5,1,1,GTGAAATAAATACTGCTTGC,0,4217421
yadE_predicted,0.5,1,1,GTCTTGTAAACCGCGCCAAA,0,4185112
yadE_predicted,0.5,1,1,GTCTTCGGATGCGTGCAAAG,0,4167452
yadE_predicted,0.5,1,1,GTCTGGGTTCAGGAACTTGA,0,4241459
yadE_predicted,0.5,1,1,GTCTGGCGCGGACCCATGTC,0,4226655
yadE_predicted,0.5,1,1,GTCTGAAAGCGTAGTGATAA,0,4238225
yadE_predicted,0.5,1,1,GTCTCTGACGGACACACTCC,0,4181709
yadE_predicted,0.5,1,1,GTCTCGTCGCCCGACTGCAA,0,4174771
yadE_predicted,0.5,1,1,GTCTCGGGAGCACGTCAAAC,0,4208887
yadE_predicted,0.5,1,1,GTCTATCATAGGTGTGAAAT,0,4194669
yadE_predicted,0.5,1,1,GTCGTGACAAGGTGGTCTTA,0,4197495
yadE_predicted,0.5,1,1,GTCGTCTGCAGCAATCCTAT,0,4202898
yadE_predicted,0.5,1,1,GTCGGAACCGTTGTGCGGGT,0,4187512
yadE_predicted,0.5,1,1,GTCGCTATGGGACACTTTCG,0,4172173
yadE_predicted,0.5,1,1,GTCGCGGGACAGCTGCCCCT,0,4196846
yadE_predicted,0.5,1,1,GTCGACCAAAACCGTTTGCA,0,4194008
yadE_predicted,0.5,1,1,GTCCTTTTAATGATCCCGTA,0,4225197
yadE_predicted,0.5,1,1,GTCCTGTCGGGACCCTAAAT,0,4192650
yadE_predicted,0.5,1,1,GTCCTGCGACTTCTACGGTA,0,4206210
yadE_predicted,0.5,1,1,GTCCGTTACGTACTCACCTG,0,4171136
yadE_predicted,0.5,1,1,GTCCCGGTGGCGTCAAAAAG,0,4236713
yadE_predicted,0.5,1,1,GTCCACGGCGCACACTCCAT,0,4179372
yadE_predicted,0.5,1,1,GTCCACCGGCAGACGGGTTG,0,4169633
yadE_predicted,0.5,1,1,GTCATTAAGGGCCGCAACGC,0,4212496
yadE_predicted,0.5,1,1,GTCATGCCCCGCACGTGGGG,0,4238062
yadE_predicted,0.5,1,1,GTCATCTGTAGTAGCTTGCT,0,4205362
yadE_predicted,0.5,1,1,GTCATCCCCCCTGACCACCA,0,4200996
yadE_predicted,0.5,1,1,GTCATAATTCCAGCACCAAC,0,4175061
yadE_predicted,0.5,1,1,GTCAGCCTGACCGCGATGGC,0,4187597
yadE_predicted,0.5,1,1,GTCACCTGCAATATTTCTTT,0,4229662
yadE_predicted,0.5,1,1,GTCAACTCGTAATGCCGATA,0,4197747
yadE_predicted,0.5,1,1,GTATTTGGATTATCTCAAGA,0,4178578
yadE_predicted,0.5,1,1,GTATTTAGAAGACGGCCATT,0,4213732
yadE_predicted,0.5,1,1,GTATTCTAGTGATGTACCAC,0,4167937
yadE_predicted,0.5,1,1,GTATTCCCTCAAGGCAATCT,0,4162565
yadE_predicted,0.5,1,1,GTATGTTTGTGGCACCTGGG,0,4215123
yadE_predicted,0.5,1,1,GTATGGATTCGGACCGACTT,0,4199038
yadE_predicted,0.5,1,1,GTATGCTTCGACATTACGTC,0,4201845
yadE_predicted,0.5,1,1,GTATGCCGGTCCTGCACCGA,0,4173358
yadE_predicted,0.5,1,1,GTATCGGGCGCCCGATTTCA,0,4237503
yadE_predicted,0.5,1,1,GTATCGCTAGTTTGCGGCGT,0,4164154
yadE_predicted,0.5,1,1,GTATATTGGTATTACAGTAA,0,4209781
yadE_predicted,0.5,1,1,GTATAGTTGCGCAATAGGGA,0,4172315
yadE_predicted,0.5,1,1,GTATAGCGATGTCGTAGAGA,0,4225436
yadE_predicted,0.5,1,1,GTAGTGTCCCGACTTCCTTC,0,4186590
yadE_predicted,0.5,1,1,GTAGTCTAATTCGCGGGCAT,0,4174307
yadE_predicted,0.5,1,1,GTAGTCGATTACGTGTGCGG,0,4236716
yadE_predicted,0.5,1,1,GTAGTACGCGTCAAGGAGAT,0,4203987
yadE_predicted,0.5,1,1,GTAGGCTTATGCTAAAAGTA,0,4160526
yadE_predicted,0.5,1,1,GTAGGAACACCTTCTTGTTT,0,4177670
yadE_predicted,0.5,1,1,GTAGCCACAGGCAACAGATG,0,4193061
yadE_predicted,0.5,1,1,GTAGCAAGAGTGTTGAAGTA,0,4178369
yadE_predicted,0.5,1,1,GTAGCAAAGTACACTCTAAG,0,4167077
yadE_predicted,0.5,1,1,GTAGACTGAAAGCGCGAAGG,0,4222173
yadE_predicted,0.5,1,1,GTAGAAAGAGGCTGGGAGCC,0,4207820
yadE_predicted,0.5,1,1,GTACTTTTGGGGCTCATCTT,0,4229392
yadE_predicted,0.5,1,1,GTACTAGGTTGGTGCGTATC,0,4175564
yadE_predicted,0.5,1,1,GTACTAAAGCGAAATTAAAC,0,4193746
yadE_predicted,0.5,1,1,GTACGTTCCGTGTCAATTAA,0,4232858
yadE_predicted,0.5,1,1,GTACGTTACTCGAGGATGTG,0,4185441
yadE_predicted,0.5,1,1,GTACGTCCAGCAGGGGTTGT,0,4228379
yadE_predicted,0.5,1,1,GTACGGGATGATTAGCCCCA,0,4212094
yadE_predicted,0.5,1,1,GTACGGATATGGAACGCTGA,0,4226932
yadE_predicted,0.5,1,1,GTACATTTTCAGTCGTTCAA,0,4195315
yadE_predicted,0.5,1,1,GTACAGCACGACGGGTCCAT,0,4160742
yadE_predicted,0.5,1,1,GTAATTGTCATTCAGAAGTC,0,4185964
yadE_predicted,0.5,1,1,GTAATTACATCTACCCATAG,0,4207233
yadE_predicted,0.5,1,1,GTAATGCCACGAATCATCGG,0,4190859
yadE_predicted,0.5,1,1,GTAAGTTTTTGCAGTCGAGC,0,4208721
yadE_predicted,0.5,1,1,GTAAGTGATCACAGGATGCT,0,4195934
yadE_predicted,0.5,1,1,GTAAGGGCATCCCCGCAGTA,0,4209287
yadE_predicted,0.5,1,1,GTAAAAGTTAAGACGAGTCA,0,4170099
yadE_predicted,0.5,1,1,GTAAAAGCATGCATGGCCCC,0,4170166
yadE_predicted,0.5,1,1,GTAAAAGAGTACGCATTACA,0,4232436
yadE_predicted,0.5,1,1,GGTTTGCCGTGTCATGGAAC,0,4172772
yadE_predicted,0.5,1,1,GGTTTCGACCCGTCCCTAGC,0,4237871
yadE_predicted,0.5,1,1,GGTTTCATATGCATCTATGC,0,4185748
yadE_predicted,0.5,1,1,GGTTGTGGGGTTCCCGAAAG,0,4214752
yadE_predicted,0.5,1,1,GGTTGGGAATCCTGGCGATT,0,4234853
yadE_predicted,0.5,1,1,GGTTGATATAAGGACAAGGG,0,4177783
yadE_predicted,0.5,1,1,GGTTCTCGTCTTTATAACGA,0,4232949
yadE_predicted,0.5,1,1,GGTTCGGTTAGAGGTTCCTT,0,4225011
yadE_predicted,0.5,1,1,GGTTATAGGAATCCGATAAC,0,4174262
yadE_predicted,0.5,1,1,GGTTAGCATGGGAGCAGATG,0,4176628
yadE_predicted,0.5,1,1,GGTTAACTTCCCCGTTGGGG,0,4192354
yadE_predicted,0.5,1,1,GGTGTGCCAGAATTACGCGT,0,4201528
yadE_predicted,0.5,1,1,GGTGTGACTTACCGTACACT,0,4182895
yadE_predicted,0.5,1,1,GGTGTAGGACGACGCACATC,0,4170290
yadE_predicted,0.5,1,1,GGTGTAGCTCAAATCCGCGC,0,4173325
yadE_predicted,0.5,1,1,GGTGTAACGGTCACCTCTTT,0,4237186
yadE_predicted,0.5,1,1,GGTGGTGTTGGACTAGCGTC,0,4203372
yadE_predicted,0.5,1,1,GGTGGAGATGCACTAAGTTT,0,4167936
yadE_predicted,0.5,1,1,GGTGCATGGTACCGGTACCG,0,4199522
yadE_predicted,0.5,1,1,GGTGAGTACCAATTTTTGAG,0,4205547
yadE_predicted,0.5,1,1,GGTGAGGTAACATGCCCACG,0,4238878
yadE_predicted,0.5,1,1,GGTGACGCCATCAACTCCGA,0,4200197
yadE_predicted,0.5,1,1,GGTGAATGGTCTACATATGG,0,4194735
yadE_predicted,0.5,1,1,GGTCGTCAACGGCTGGGCAT,0,4218004
yadE_predicted,0.5,1,1,GGTCGGACGCCGACCCTGCG,0,4176082
yadE_predicted,0.5,1,1,GGTCGCTACACTTCCTGATC,0,4181705
yadE_predicted,0.5,1,1,GGTCCGGGTGAACCAATGGT,0,4207748
yadE_predicted,0.5,1,1,GGTCCCGAATAAGCATCCAT,0,4187872
yadE_predicted,0.5,1,1,GGTCCCATATAAATGTCTAA,0,4174119
yadE_predicted,0.5,1,1,GGTCCCAGACGAACAGCGCG,0,4187558
yadE_predicted,0.5,1,1,GGTCCCAACGCATGTTACTA,0,4160444
yadE_predicted,0.5,1,1,GGTCCAAGATTCTTTAAGAT,0,4201204
yadE_predicted,0.5,1,1,GGTCAGAGATCATATATTTT,0,4226842
yadE_predicted,0.5,1,1,GGTCACGTTAAGATAAGAAG,0,4160877
yadE_predicted,0.5,1,1,GGTCACGTATAGGTTCCTGC,0,4182675
yadE_predicted,0.5,1,1,GGTCACAAGCCTACGTGGCA,0,4180398
yadE_predicted,0.5,1,1,GGTATTGCGTGCTACTACAT,0,4186868
yadE_predicted,0.5,1,1,GGTATTAGCACCGATGGTTT,0,4199307
yadE_predicted,0.5,1,1,GGTATTAAGTACAGAAAACC,0,4167289
yadE_predicted,0.5,1,1,GGTATGACCTAGGCTCTACT,0,4216014
yadE_predicted,0.5,1,1,GGTATCTGATGTCCACAAAT,0,4201647
yadE_predicted,0.5,1,1,GGTATCCTGCAGTATGAGAT,0,4164541
yadE_predicted,0.5,1,1,GGTATCCGCTGCTACTACAC,0,4228585
yadE_predicted,0.5,1,1,GGTAGCATGATACTGAACGG,0,4194137
yadE_predicted,0.5,1,1,GGTACTTAGTCGAGGGTCAT,0,4200517
yadE_predicted,0.5,1,1,GGTACGACCTCAGCCCTGTT,0,4169561
yadE_predicted,0.5,1,1,GGTACATAGACTCTCCAGAA,0,4217327
yadE_predicted,0.5,1,1,GGTACACCGCCGCTTACGGG,0,4200778
yadE_predicted,0.5,1,1,GGTAACCGGTGGGTACGGGG,0,4167011
yadE_predicted,0.5,1,1,GGTAACATGTCCATGTCTGA,0,4213653
yadE_predicted,0.5,1,1,GGGTTTCCTCCAGGCAGTCA,0,4161066
yadE_predicted,0.5,1,1,GGGTTTATAGTTCCCGGGCT,0,4226172
yadE_predicted,0.5,1,1,GGGTTCGGCAGGCCGGCTAT,0,4188312
yadE_predicted,0.5,1,1,GGGTTCAGATAAGTAGCCTT,0,4162864
yadE_predicted,0.5,1,1,GGGTTATTATAAACCTGCTA,0,4197398
yadE_predicted,0.5,1,1,GGGTTAACGTCGGTGGCAAA,0,4188077
yadE_predicted,0.5,1,1,GGGTGGGACCGCAAAATAAA,0,4167364
yadE_predicted,0.5,1,1,GGGTCGGTGCGAGATTACGT,0,4225359
yadE_predicted,0.5,1,1,GGGTCGGCAGACGGGATCTG,0,4162493
yadE_predicted,0.5,1,1,GGGTCCCCGCGAGAGAGGGC,0,4190846
yadE_predicted,0.5,1,1,GGGTATTGTAAATTTCCCCA,0,4172300
yadE_predicted,0.5,1,1,GGGTATATTCCGGGGACGCC,0,4165220
yadE_predicted,0.5,1,1,GGGTAGTGCGGTCCCAATGG,0,4196316
yadE_predicted,0.5,1,1,GGGTAGCTAGAAAGGTGCTG,0,4181147
yadE_predicted,0.5,1,1,GGGTACCCAGGAGCCGGTCC,0,4226971
yadE_predicted,0.5,1,1,GGGTACATTCGAGGCCATCC,0,4240037
yadE_predicted,0.5,1,1,GGGTAACTACTGCGTCAGAC,0,4194818
yadE_predicted,0.5,1,1,GGGGTGGGTCTAACCTTGTT,0,4185717
yadE_predicted,0.5,1,1,GGGGTCAATCGAACGCACGG,0,4228237
yadE_predicted,0.5,1,1,GGGGGTTTTTACTTAACGAT,0,4237725
yadE_predicted,0.5,1,1,GGGGGTGCTTAGTGATGGTT,0,4194425
yadE_predicted,0.5,1,1,GGGGGTCTGTTGTAGCGACC,0,4176462
yadE_predicted,0.5,1,1,GGGGGCTTTGTGTACTCTTT,0,4216640
yadE_predicted,0.5,1,1,GGGGCCGGATCTCTAATACA,0,4217137
yadE_predicted,0.5,1,1,GGGGCACTGCAACATTGCTG,0,4202805
yadE_predicted,0.5,1,1,GGGGATTAACAAGTCAAGGC,0,4231491
yadE_predicted,0.5,1,1,GGGGAGGCTGGGAGTGACTG,0,4233278
yadE_predicted,0.5,1,1,GGGGAGGAGAGAAACCTCCT,0,4182226
yadE_predicted,0.5,1,1,GGGCTTATAAGAATCACCAC,0,4191984
yadE_predicted,0.5,1,1,GGGCTAGTTTTCCTGGCGAA,0,4223786
yadE_predicted,0.5,1,1,GGGCCTGGTTGAGTCGTGTC,0,4236590
yadE_predicted,0.5,1,1,GGGCCGGATGAGTGGCACGA,0,4186751
yadE_predicted,0.5,1,1,GGGCCCTTCGGTGTCCTGGT,0,4191729
yadE_predicted,0.5,1,1,GGGCCCGCAGCCACAAAAGC,0,4209642
yadE_predicted,0.5,1,1,GGGCAGATAAGCGCCGATCT,0,4180027
yadE_predicted,0.5,1,1,GGGCAATCTTCTACCTCATG,0,4175358
yadE_predicted,0.5,1,1,GGGCAAGCTTATCACTCCGC,0,4179062
yadE_predicted,0.5,1,1,GGGAGGGCGTAACATATTGG,0,4218777
yadE_predicted,0.5,1,1,GGGAGGCGTCTAAAGGAGTT,0,4218957
yadE_predicted,0.5,1,1,GGGACTTTTTTCTAGCGTAC,0,4230579
yadE_predicted,0.5,1,1,GGGACGGCTTATCACTTGGA,0,4192543
yadE_predicted,0.5,1,1,GGGACCTACTACGTACTCGG,0,4191828
yadE_predicted,0.5,1,1,GGGACAGGTCTTGCGGGTCT,0,4198230
yadE_predicted,0.5,1,1,GGGACAACCTGGAATCATAA,0,4167387
yadE_predicted,0.5,1,1,GGGAAAAGTCACATGTGGGG,0,4190407
yadE_predicted,0.5,1,1,GGCTTTTGGCACCACCAAGT,0,4226048
yadE_predicted,0.5,1,1,GGCTTCGCCCCGACAAAATT,0,4218433
yadE_predicted,0.5,1,1,GGCTTCCATCGGTATGGACT,0,4200264
yadE_predicted,0.5,1,1,GGCTTCATGATACTACCACA,0,4161776
yadE_predicted,0.5,1,1,GGCTGGGCGTCGATGGTGGG,0,4191432
yadE_predicted,0.5,1,1,GGCTGGGCAGCTAGAATATG,0,4188763
yadE_predicted,0.5,1,1,GGCTGGCTTGAGTCGTTCGG,0,4177514
yadE_predicted,0.5,1,1,GGCTGCCATATGCTAAGGGG,0,4216404
yadE_predicted,0.5,1,1,GGCTAGAATATGGATTCCAA,0,4187902
yadE_predicted,0.5,1,1,GGCTAAGGTGCACTGCCTTC,0,4215048
yadE_predicted,0.5,1,1,GGCGGTGTTTGCGTGCTTCA,0,4201506
yadE_predicted,0.5,1,1,GGCGGTCCACCATTGGTCGT,0,4221998
yadE_predicted,0.5,1,1,GGCGGTATTTTGAAAGTTTA,0,4188914
yadE_predicted,0.5,1,1,GGCGGGTCGTGCTGTCATCA,0,4192465
yadE_predicted,0.5,1,1,GGCGGATGCGCCTCCCTTAC,0,4228886
yadE_predicted,0.5,1,1,GGCGGAATGACTGGAGAAAA,0,4220047
yadE_predicted,0.5,1,1,GGCGGAACGAAACAGTACTT,0,4200478
yadE_predicted,0.5,1,1,GGCGCTAATCACGCCGGCTT,0,4174556
yadE_predicted,0.5,1,1,GGCGCGCGTAAGTTCATCTT,0,4228397
yadE_predicted,0.5,1,1,GGCGCCGTAGGCAGGTATGA,0,4195765
yadE_predicted,0.5,1,1,GGCGCACTGCGTAAAGCAGG,0,4188825
yadE_predicted,0.5,1,1,GGCGCAACAGATAGGTTGCT,0,4191216
yadE_predicted,0.5,1,1,GGCGAGAGAAACAGAGGACA,0,4171037
yadE_predicted,0.5,1,1,GGCGACTGGGGCATCGAGCA,0,4178816
yadE_predicted,0.5,1,1,GGCGAACTGCTCACCATGAT,0,4233175
yadE_predicted,0.5,1,1,GGCCTTCATTCTCCTTAAGG,0,4205400
yadE_predicted,0.5,1,1,GGCCTACGCCTAATAGTTGA,0,4184920
yadE_predicted,0.5,1,1,GGCCGTTAAGATTGGCAAGC,0,4227653
yadE_predicted,0.5,1,1,GGCCGGCTGGAACTCGACAC,0,4239006
yadE_predicted,0.5,1,1,GGCCGATACTTGACTGCTGT,0,4167608
yadE_predicted,0.5,1,1,GGCCGACGCTAAGGTTGTTT,0,4219206
yadE_predicted,0.5,1,1,GGCCAGCGGCTTTCTGGTTA,0,4206837
yadE_predicted,0.5,1,1,GGCCACGCATTGAATGTTTA,0,4231774
yadE_predicted,0.5,1,1,GGCAGGTCGTATATATCATC,0,4235469
yadE_predicted,0.5,1,1,GGCAGCGCAGTTCATATTCA,0,4224658
yadE_predicted,0.5,1,1,GGCAGAACAGTTCGCACAGA,0,4188048
yadE_predicted,0.5,1,1,GGCACTGCTGAACCCTGATT,0,4164642
yadE_predicted,0.5,1,1,GGCACACCCGCTCAAAAGCA,0,4233397
yadE_predicted,0.5,1,1,GGCAATATGCGTAAGGCTTT,0,4186428
yadE_predicted,0.5,1,1,GGCAAGAGAAATGCCGGGCG,0,4214190
yadE_predicted,0.5,1,1,GGCAAAAGTCGCGAGCTTTT,0,4217221
yadE_predicted,0.5,1,1,GGATTGAAGCGGAGTATGAG,0,4189110
yadE_predicted,0.5,1,1,GGATTCCACCGAGACATCCC,0,4161626
yadE_predicted,0.5,1,1,GGATTCAAGGCAAGCACGGG,0,4182471
yadE_predicted,0.5,1,1,GGATTCAAGATATCCCTCGG,0,4191398
yadE_predicted,0.5,1,1,GGATTAACGTGCGATCGCTA,0,4230179
yadE_predicted,0.5,1,1,GGATGGTACAGACTGATATC,0,4234654
yadE_predicted,0.5,1,1,GGATGGCCTTCAGCTTTCTT,0,4162458
yadE_predicted,0.5,1,1,GGATGCTTTTCAGAGCGATG,0,4207093
yadE_predicted,0.5,1,1,GGATCTCCAGAACGAAAAAG,0,4222028
yadE_predicted,0.5,1,1,GGATCTAGAGAAATTGGTGG,0,4183212
yadE_predicted,0.5,1,1,GGATCGTTCGAGTGTGCGTT,0,4191282
yadE_predicted,0.5,1,1,GGATCCATATCGTTGATCGG,0,4224492
yadE_predicted,0.5,1,1,GGATCCACCCGTGGCACAAC,0,4165840
yadE_predicted,0.5,1,1,GGATCAGACCTCGGCGGCTC,0,4232610
yadE_predicted,0.5,1,1,GGATATTGGCTGATCTCGTA,0,4194111
yadE_predicted,0.5,1,1,GGATAGCTGTCATCACGCTA,0,4161764
yadE_predicted,0.5,1,1,GGAGTTTCAACTTTATGGGA,0,4206920
yadE_predicted,0.5,1,1,GGAGTGTCTGAATTTTCCGT,0,4239048
yadE_predicted,0.5,1,1,GGAGTGCTTGCCGTAGAGCG,0,4181116
yadE_predicted,0.5,1,1,GGAGGTACAAGGCGGCTAAT,0,4168669
yadE_predicted,0.5,1,1,GGAGGGATAAGCGGAAGGAA,0,4161293
yadE_predicted,0.5,1,1,GGAGGCCTCTGAAATTGCAT,0,4214783
yadE_predicted,0.5,1,1,GGAGGCCCGATAGTTCCAAA,0,4178496
yadE_predicted,0.5,1,1,GGAGGCAGGCCGTTTCAGGT,0,4197971
yadE_predicted,0.5,1,1,GGAGCTAGAACTTCAGTTTT,0,4160125
yadE_predicted,0.5,1,1,GGAGCGATCGGAAGGGACTC,0,4185850
yadE_predicted,0.5,1,1,GGAGATCTTGAACTATTCGC,0,4219680
yadE_predicted,0.5,1,1,GGAGATCTGTCTCTGATTCC,0,4162267
yadE_predicted,0.5,1,1,GGAGATCAGGCAGAGCCGGG,0,4236231
yadE_predicted,0.5,1,1,GGAGAGTGACGCCGGTCAAT,0,4199883
yadE_predicted,0.5,1,1,GGAGACATCCTTGGTTCAGT,0,4239990
yadE_predicted,0.5,1,1,GGACTTTTGACCCACGATGA,0,4174528
yadE_predicted,0.5,1,1,GGACTGCATTAATGTCAAGG,0,4226784
yadE_predicted,0.5,1,1,GGACTCATTTTGGCCGCTAG,0,4222071
yadE_predicted,0.5,1,1,GGACTCAACGATACTGTAGT,0,4182497
yadE_predicted,0.5,1,1,GGACTCAACGATACGTAGCA,0,4193917
yadE_predicted,0.5,1,1,GGACGCAACGACACGTCGAT,0,4174299
yadE_predicted,0.5,1,1,GGACGATCTCGATAGGGGAA,0,4183042
yadE_predicted,0.5,1,1,GGACCGGCTGCGCTGGCCCT,0,4175846
yadE_predicted,0.5,1,1,GGACCAACCGTTTGATATGG,0,4166639
yadE_predicted,0.5,1,1,GGACATCTATAGAGTTTAAG,0,4236957
yadE_predicted,0.5,1,1,GGACATCGCACAATAGACCA,0,4175435
yadE_predicted,0.5,1,1,GGACATATAGGATACAGCGA,0,4232330
yadE_predicted,0.5,1,1,GGACACTCATCCAGCTAAGT,0,4190467
yadE_predicted,0.5,1,1,GGACACGAACTAGAGACAGT,0,4163707
yadE_predicted,0.5,1,1,GGACAATGAACTCTCTGGGA,0,4206833
yadE_predicted,0.5,1,1,GGACAAGGACTGTACCTAGA,0,4175839
yadE_predicted,0.5,1,1,GGAATTTAGGCACAACTGGA,0,4233827
yadE_predicted,0.5,1,1,GGAATTCAGCCTTGACTTCC,0,4205096
yadE_predicted,0.5,1,1,GGAATTAATCAGGTGCGCTT,0,4160098
yadE_predicted,0.5,1,1,GGAATGCAAACAACCTCCCT,0,4220542
yadE_predicted,0.5,1,1,GGAATATGTGAATTTCAGGA,0,4227873
yadE_predicted,0.5,1,1,GGAATACGGGCGAAGCGCCG,0,4186696
yadE_predicted,0.5,1,1,GGAAGTCTGGTGGAAGCTAA,0,4226155
yadE_predicted,0.5,1,1,GGAAGGACGCGGACTGGTTT,0,4223380
yadE_predicted,0.5,1,1,GGAAGCTGTTCCGGCTATGC,0,4221053
yadE_predicted,0.5,1,1,GGAACTGAGCACTAAGGGCT,0,4206930
yadE_predicted,0.5,1,1,GGAAAGAAGGCACGCATTTT,0,4166270
yadE_predicted,0.5,1,1,GGAAACGAGCCTTGCGATCA,0,4175498
yadE_predicted,0.5,1,1,GCTTTTATGTGTAGTTCCGG,0,4240682
yadE_predicted,0.5,1,1,GCTTTGCGCTATTCTCAGAG,0,4191036
yadE_predicted,0.5,1,1,GCTTTGATAATTGACTTAAT,0,4187270
yadE_predicted,0.5,1,1,GCTTTCTCTCTAAGGTGTTT,0,4168726
yadE_predicted,0.5,1,1,GCTTGGGATCCGTTGCCCTT,0,4232014
yadE_predicted,0.5,1,1,GCTTGCACGGCTTACGCGTA,0,4182134
yadE_predicted,0.5,1,1,GCTTCGTATGACACACTGGT,0,4212620
yadE_predicted,0.5,1,1,GCTTCGGAGAAAACGGAGCG,0,4197142
yadE_predicted,0.5,1,1,GCTTATTTTCCGAGTGATCT,0,4216122
yadE_predicted,0.5,1,1,GCTTATATTTCGGCCGGCTG,0,4216333
yadE_predicted,0.5,1,1,GCTTACGGATGGCAAGCGCG,0,4175965
yadE_predicted,0.5,1,1,GCTGTGTACCGATATCCATA,0,4200870
yadE_predicted,0.5,1,1,GCTGGGTATTAATGTGCACT,0,4186750
yadE_predicted,0.5,1,1,GCTGGGACACCAATAGCCTA,0,4203936
yadE_predicted,0.5,1,1,GCTGGACATTTGGTACTATG,0,4214481
yadE_predicted,0.5,1,1,GCTGCGCGACGGAAAAGCCT,0,4177287
yadE_predicted,0.5,1,1,GCTGAGGATCTATGGCACGT,0,4216560
yadE_predicted,0.5,1,1,GCTGAATGCCGGTTACCCAA,0,4195230
yadE_predicted,0.5,1,1,GCTCTTGGTTGTCATAAGGA,0,4180118
yadE_predicted,0.5,1,1,GCTCTGGGCGACAGAGTTCT,0,4196143
yadE_predicted,0.5,1,1,GCTCTCAATGGATTTACGGC,0,4182604
yadE_predicted,0.5,1,1,GCTCGGAAACTGAGTATCTG,0,4236861
yadE_predicted,0.5,1,1,GCTCGCTCCCACTGTCTCGT,0,4202601
yadE_predicted,0.5,1,1,GCTCGCTCAGGTCCCCGGTC,0,4205909
yadE_predicted,0.5,1,1,GCTCGATAAGACGCGCGCAT,0,4222047
yadE_predicted,0.5,1,1,GCTCCTTCCCTCTAGAGTGA,0,4225567
yadE_predicted,0.5,1,1,GCTCAAGTTAGGTACGATAT,0,4188591
yadE_predicted,0.5,1,1,GCTATTAGGCAGCCGCTCGC,0,4208549
yadE_predicted,0.5,1,1,GCTATATTTTGGCCGATTGG,0,4192041
yadE_predicted,0.5,1,1,GCTAGGGCTGAGTACAGCGG,0,4178262
yadE_predicted,0.5,1,1,GCTAGGAAACGTATGGAGTG,0,4229408
yadE_predicted,0.5,1,1,GCTAGCTCAGTAATGGCGAC,0,4219955
yadE_predicted,0.5,1,1,GCTAGATGACTACGCCATCA,0,4187751
yadE_predicted,0.5,1,1,GCTACTACGGCAAAGCGTAC,0,4238147
yadE_predicted,0.5,1,1,GCTAACTAGATAAACGGCAC,0,4208581
yadE_predicted,0.5,1,1,GCTAACGAAAGGGAGACTCT,0,4207649
yadE_predicted,0.5,1,1,GCGTTTCCCCGGTAACCGGT,0,4206302
yadE_predicted,0.5,1,1,GCGTTTCAAGCGGTGCATGA,0,4162897
yadE_predicted,0.5,1,1,GCGTGCGGATATTATGAAGT,0,4178990
yadE_predicted,0.5,1,1,GCGTGCAATAAGACACCCAG,0,4179540
yadE_predicted,0.5,1,1,GCGTGATGGTTCTACTGGAG,0,4211521
yadE_predicted,0.5,1,1,GCGTGACCGCGCCGGCCCTT,0,4170364
yadE_predicted,0.5,1,1,GCGTCTTACGGCAAAAGACC,0,4178819
yadE_predicted,0.5,1,1,GCGTCGGTGCTAGCGAGCAT,0,4211732
yadE_predicted,0.5,1,1,GCGTCGGCACCAGAAACAAA,0,4179546
yadE_predicted,0.5,1,1,GCGTCGATCGCCTATGCATT,0,4186952
yadE_predicted,0.5,1,1,GCGTCCATGCGTCTGAGTTC,0,4195259
yadE_predicted,0.5,1,1,GCGTCCATGAGAAGACGCCT,0,4169163
yadE_predicted,0.5,1,1,GCGTCCACTGAGTTAAGCCG,0,4233234
yadE_predicted,0.5,1,1,GCGTATTCCCTTAATCGATA,0,4241437
yadE_predicted,0.5,1,1,GCGTACACTCGTTCTGAAGC,0,4211539
yadE_predicted,0.5,1,1,GCGTAATTGCAAATCATTCT,0,4210275
yadE_predicted,0.5,1,1,GCGTAAAAAGTCGGAATCTG,0,4200529
yadE_predicted,0.5,1,1,GCGGTTTTGTGAGGCTCAGA,0,4237406
yadE_predicted,0.5,1,1,GCGGTGATGTTGTCTAGGGC,0,4189136
yadE_predicted,0.5,1,1,GCGGTCTGTGCCCGGGGGAA,0,4167976
yadE_predicted,0.5,1,1,GCGGTCTGCGATTCGACGAA,0,4169681
yadE_predicted,0.5,1,1,GCGGTAGCTGTGATTTTCAA,0,4174655
yadE_predicted,0.5,1,1,GCGGGTCGCCTGGCGAATTC,0,4163366
yadE_predicted,0.5,1,1,GCGGGGTGTCTACCAGGTAC,0,4186942
yadE_predicted,0.5,1,1,GCGGGCTCATACCCCGCGAA,0,4195164
yadE_predicted,0.5,1,1,GCGGGACTGCCGGATGCGCA,0,4230137
yadE_predicted,0.5,1,1,GCGGCGTCACGGCGATACCT,0,4192152
yadE_predicted,0.5,1,1,GCGGCGCGAAAGGATCAATG,0,4223422
yadE_predicted,0.5,1,1,GCGGCGAGTTGCCTTGTATT,0,4177822
yadE_predicted,0.5,1,1,GCGGCCTCCTCTCACTCCTG,0,4187324
yadE_predicted,0.5,1,1,GCGGCAGTTGGATTACCGTT,0,4176672
yadE_predicted,0.5,1,1,GCGGATTCTTCTTATTACAC,0,4224413
yadE_predicted,0.5,1,1,GCGGATCGTGGCGTGGGCAT,0,4184994
yadE_predicted,0.5,1,1,GCGGAAACCTAGTTTTCTAG,0,4240320
yadE_predicted,0.5,1,1,GCGCTTTCTTGCCTTCGATG,0,4201517
yadE_predicted,0.5,1,1,GCGCTTTATCTGCCGTGTAT,0,4178508
yadE_predicted,0.5,1,1,GCGCGTCACCAACAACAGCA,0,4217434
yadE_predicted,0.5,1,1,GCGATTTCACCGTAATGAAC,0,4160040
yadE_predicted,0.5,1,1,GCGATGCTACTGATATCTCC,0,4167251
yadE_predicted,0.5,1,1,GCGAGTGTACATCTCATAGA,0,4159805
yadE_predicted,0.5,1,1,GCGAGTCGGTTTGTGGCAGA,0,4214573
yadE_predicted,0.5,1,1,GCGAGACATTTGTCATCGTA,0,4191919
yadE_predicted,0.5,1,1,GCGACTCGCAGGCTGTCAAC,0,4165437
yadE_predicted,0.5,1,1,GCGACGGTAGGCGACATTCT,0,4232519
yadE_predicted,0.5,1,1,GCGACATCTACGCACATCAG,0,4228040
yadE_predicted,0.5,1,1,GCGACAGGAATTGCAGTTCG,0,4191837
yadE_predicted,0.5,1,1,GCGAATGCCTTGGTATGGCT,0,4225809
yadE_predicted,0.5,1,1,GCGAACTAGCGCTGGTCTAC,0,4233618
yadE_predicted,0.5,1,1,GCGAAATCAGAAAACAGCAA,0,4220539
yadE_predicted,0.5,1,1,GCCTTTTCACATCAGCTAGA,0,4161803
yadE_predicted,0.5,1,1,GCCTTATTCCTGTGACTCTC,0,4177423
yadE_predicted,0.5,1,1,GCCTTACTCATACCCAGTGG,0,4185398
yadE_predicted,0.5,1,1,GCCTTAATCTTATTTCGTAC,0,4229303
yadE_predicted,0.5,1,1,GCCTTAAAGCATGCGGCGAA,0,4230616
yadE_predicted,0.5,1,1,GCCTGGTATAGATACGTGTT,0,4176830
yadE_predicted,0.5,1,1,GCCTGCCTAGGGGTCAGTCA,0,4160981
yadE_predicted,0.5,1,1,GCCTCTCCTATCAATATCCT,0,4196178
yadE_predicted,0.5,1,1,GCCTCCCGGTGTCCCAGTTT,0,4166302
yadE_predicted,0.5,1,1,GCCTCCCCATTCTAAGCGCA,0,4185750
yadE_predicted,0.5,1,1,GCCTCATCGCAGGACTGAAA,0,4207039
yadE_predicted,0.5,1,1,GCCTCACCACGGACGGGGCA,0,4159400
yadE_predicted,0.5,1,1,GCCTAGTAGTCAGCGCCACG,0,4177852
yadE_predicted,0.5,1,1,GCCTAGAGGCGCAAGATCAC,0,4215614
yadE_predicted,0.5,1,1,GCCTACACTACACAAAGCGA,0,4181768
yadE_predicted,0.5,1,1,GCCTAAATTGTCGGCCTGAG,0,4222680
yadE_predicted,0.5,1,1,GCCGGTTAACTCCGTGTAAT,0,4178808
yadE_predicted,0.5,1,1,GCCGGTATCTCAGACTTTGC,0,4190843
yadE_predicted,0.5,1,1,GCCGCAGAGGTAATTGATCG,0,4230535
yadE_predicted,0.5,1,1,GCCGACCGCGGCCAACCCTA,0,4180749
yadE_predicted,0.5,1,1,GCCCTGCACAAATCTATGTA,0,4205504
yadE_predicted,0.5,1,1,GCCCTCTGCAGTTAGGTACC,0,4197379
yadE_predicted,0.5,1,1,GCCCGGCTTCTGGACAGCAT,0,4214820
yadE_predicted,0.5,1,1,GCCCGGAGTCATCCACAGAA,0,4221918
yadE_predicted,0.5,1,1,GCCCGGAGCGTGGAGGTTTG,0,4225372
yadE_predicted,0.5,1,1,GCCCGAGGTTCGAAAGCGTC,0,4217664
yadE_predicted,0.5,1,1,GCCCCGCAAGACTCGGGTAT,0,4227664
yadE_predicted,0.5,1,1,GCCCCCTGCACTCTACCCCA,0,4233003
yadE_predicted,0.5,1,1,GCCCCCGTGGGATCTACAGT,0,4160105
yadE_predicted,0.5,1,1,GCCCCAAGCGATATACTTTC,0,4208658
yadE_predicted,0.5,1,1,GCCATCTCTACCGCAATTTA,0,4176644
yadE_predicted,0.5,1,1,GCCATAGGGTTCGGTGAGTA,0,4197394
yadE_predicted,0.5,1,1,GCCAGGTAGGACAGTTCCGG,0,4224209
yadE_predicted,0.5,1,1,GCCACGAAGCATTGTCAACA,0,4170261
yadE_predicted,0.5,1,1,GCCACCGGGGGATTCAAGGT,0,4211208
yadE_predicted,0.5,1,1,GCCACCCCTACAAATTCAGA,0,4222159
yadE_predicted,0.5,1,1,GCCAAGCCACTTCACAAGCC,0,4188585
yadE_predicted,0.5,1,1,GCATTTACAGATTAGGTTTT,0,4183582
yadE_predicted,0.5,1,1,GCATTGGTAGTTGTATTTAT,0,4168239
yadE_predicted,0.5,1,1,GCATTGATTGTGCGCCTATC,0,4176820
yadE_predicted,0.5,1,1,GCATTCTTTGCGTCCGTACA,0,4185116
yadE_predicted,0.5,1,1,GCATTCTTGAGCACTGATCA,0,4235765
yadE_predicted,0.5,1,1,GCATTCATAGTGGTAGATCC,0,4234232
yadE_predicted,0.5,1,1,GCATTCACGGTGGAACCCGT,0,4235295
yadE_predicted,0.5,1,1,GCATGGTTCGAGTAAGCGCC,0,4187750
yadE_predicted,0.5,1,1,GCATGCCTCCGCCCGTGATG,0,4188223
yadE_predicted,0.5,1,1,GCATCGGGGAGCTTATCGAT,0,4168663
yadE_predicted,0.5,1,1,GCATCGAAGGGCTGTCAGAA,0,4188952
yadE_predicted,0.5,1,1,GCATCGAACAGATGAAGAAC,0,4171326
yadE_predicted,0.5,1,1,GCATCCTTCTACACCACTCC,0,4198215
yadE_predicted,0.5,1,1,GCATCCCAGCTCCGATCTTC,0,4239530
yadE_predicted,0.5,1,1,GCATACTGTGGAGCCTGGTC,0,4196618
yadE_predicted,0.5,1,1,GCAGTGCGCTCACCCCGGTA,0,4217885
yadE_predicted,0.5,1,1,GCAGTAAAGTCTATAGCAAA,0,4198126
yadE_predicted,0.5,1,1,GCAGGCGGCGTCTTCCAATG,0,4200355
yadE_predicted,0.5,1,1,GCAGGCGCTGTCAGGGGGAA,0,4239202
yadE_predicted,0.5,1,1,GCAGGCAGCAAAAGAAAAAA,0,4200734
yadE_predicted,0.5,1,1,GCAGCTGGTCCAGACAGTAT,0,4192076
yadE_predicted,0.5,1,1,GCAGCTGGCCAAAATCCATC,0,4216826
yadE_predicted,0.5,1,1,GCAGCTAGCGGGAACTTGAT,0,4177870
yadE_predicted,0.5,1,1,GCAGCCCGTCCGTTAGCACA,0,4191445
yadE_predicted,0.5,1,1,GCAGCAAGACACCGCGAAGT,0,4220902
yadE_predicted,0.5,1,1,GCAGACGTACTTCCCAAAAG,0,4215710
yadE_predicted,0.5,1,1,GCAGACGCCTGTTGATGTGA,0,4209148
yadE_predicted,0.5,1,1,GCACTTGGTAAGACCTCAGC,0,4210089
yadE_predicted,0.5,1,1,GCACTCGGGCAGCTAGTCGT,0,4207860
yadE_predicted,0.5,1,1,GCACGGTTACTCCGGGGCAT,0,4230180
yadE_predicted,0.5,1,1,GCACGATCCTCGGTAAAAGG,0,4182087
yadE_predicted,0.5,1,1,GCACGAGTTTGGAAGTGGGG,0,4171197
yadE_predicted,0.5,1,1,GCACCCTCGTACGTGTTATG,0,4167429
yadE_predicted,0.5,1,1,GCACCAGTGCTTGTAAAGAA,0,4230672
yadE_predicted,0.5,1,1,GCACAAGCGAGGAATCTGCA,0,4214139
yadE_predicted,0.5,1,1,GCAATTCGGCATGAGGCCTT,0,4176549
yadE_predicted,0.5,1,1,GCAATCGCGTTTAACGCGAT,0,4165987
yadE_predicted,0.5,1,1,GCAATACAAGCGGGCGGCCT,0,4195746
yadE_predicted,0.5,1,1,GCAAGCTTTCCAGTTCTCTA,0,4198868
yadE_predicted,0.5,1,1,GCAAGCTGCCCGCAACCAGT,0,4226581
yadE_predicted,0.5,1,1,GCAAGCATGTAGTATTCATA,0,4221997
yadE_predicted,0.5,1,1,GCAACTACTCGGGCAACGGA,0,4177029
yadE_predicted,0.5,1,1,GCAACGTTTGCTCACGTAGC,0,4165845
yadE_predicted,0.5,1,1,GCAACAGTTCCGTTCCTTGT,0,4161641
yadE_predicted,0.5,1,1,GCAACAGGACGTACTATTAG,0,4219134
yadE_predicted,0.5,1,1,GCAAAGTACCACTCGAAAGT,0,4170452
yadE_predicted,0.5,1,1,GCAAAGCTATATTTGGTCTT,0,4185028
yadE_predicted,0.5,1,1,GCAAAGAGGGAGTCTCAATC,0,4225509
yadE_predicted,0.5,1,1,GCAAACAACTAGCGGCTCCG,0,4214394
yadE_predicted,0.5,1,1,GATTTTTTGACGTCTTTCGA,0,4223637
yadE_predicted,0.5,1,1,GATTTTCGATCACGAGCAAT,0,4224851
yadE_predicted,0.5,1,1,GATTGTCACAACTCGCGGAG,0,4233513
yadE_predicted,0.5,1,1,GATTGCTCTGGAATCGATAT,0,4238016
yadE_predicted,0.5,1,1,GATTGATTAGTCAATCTTTG,0,4160608
yadE_predicted,0.5,1,1,GATTCTAGATGTTGATTTTA,0,4219591
yadE_predicted,0.5,1,1,GATTCGCCGCACGGATGTAT,0,4177829
yadE_predicted,0.5,1,1,GATTCCTGTCTCGGTCCCTC,0,4168059
yadE_predicted,0.5,1,1,GATTCATGCCAGTAGAGCGA,0,4208020
yadE_predicted,0.5,1,1,GATTATCCAATCATGCGTAC,0,4180366
yadE_predicted,0.5,1,1,GATTATAGAAGTGACTAGGA,0,4231859
yadE_predicted,0.5,1,1,GATTAGTGTTCTGGAGTGCA,0,4213844
yadE_predicted,0.5,1,1,GATTAAGCGGCTAGGGATTA,0,4183488
yadE_predicted,0.5,1,1,GATTAACTTCTGCCCATTGG,0,4176817
yadE_predicted,0.5,1,1,GATGTCTCTCACAATTTCCA,0,4160038
yadE_predicted,0.5,1,1,GATGTACGTGCACCGCGATA,0,4216586
yadE_predicted,0.5,1,1,GATGGTTCGGGTGTGTACTA,0,4198083
yadE_predicted,0.5,1,1,GATGGTGCGAGTCAACACGT,0,4180333
yadE_predicted,0.5,1,1,GATGGCTCAGCAAGCCCCAG,0,4173794
yadE_predicted,0.5,1,1,GATGGCGTTCTAACGGCACT,0,4235308
yadE_predicted,0.5,1,1,GATGGCGGAAAGTTGAAACT,0,4235182
yadE_predicted,0.5,1,1,GATGCCAAGACGTTTTCTCT,0,4217554
yadE_predicted,0.5,1,1,GATGCATGACGATTGGTGCG,0,4164584
yadE_predicted,0.5,1,1,GATGATCCGTGGTTTCAGCC,0,4233326
yadE_predicted,0.5,1,1,GATGATAGTACGTTTCCCGT,0,4213971
yadE_predicted,0.5,1,1,GATCTTCGCATAATTCTGAC,0,4228321
yadE_predicted,0.5,1,1,GATCTCTGCTCATTGCTGTA,0,4195545
yadE_predicted,0.5,1,1,GATCTCGGGACTTTAGGCCC,0,4230996
yadE_predicted,0.5,1,1,GATCTCGGCATCAGAGGCTT,0,4167926
yadE_predicted,0.5,1,1,GATCGCCCTCGCATAAATGC,0,4166982
yadE_predicted,0.5,1,1,GATCCTTCCACAATTATGAC,0,4164935
yadE_predicted,0.5,1,1,GATCCCGAACGCTCCGTTAA,0,4230953
yadE_predicted,0.5,1,1,GATCCAATGTATTTCTCCGA,0,4173861
yadE_predicted,0.5,1,1,GATCATTTACCAGGCAGAAA,0,4231276
yadE_predicted,0.5,1,1,GATCATCCTCTGCCACTAAA,0,4174184
yadE_predicted,0.5,1,1,GATCACATAACACTTTCATT,0,4232026
yadE_predicted,0.5,1,1,GATCACACCCAGTGTGGCCT,0,4208290
yadE_predicted,0.5,1,1,GATATTCGCGACATGATATC,0,4199421
yadE_predicted,0.5,1,1,GATATATAAAACACTGAAAG,0,4176693
yadE_predicted,0.5,1,1,GATAGTTTCCTGCATAGTAT,0,4175409
yadE_predicted,0.5,1,1,GATAGTTATCCGCCTCACGT,0,4224843
yadE_predicted,0.5,1,1,GATAGGTAAAACCGGCCATG,0,4188089
yadE_predicted,0.5,1,1,GATAGCTTTTTGTTCATGCC,0,4207118
yadE_predicted,0.5,1,1,GATAGAGACCCGCGCTTTAC,0,4164610
yadE_predicted,0.5,1,1,GATACTGTCTAAGCAGAATT,0,4203673
yadE_predicted,0.5,1,1,GATACGTTCCGCGTGCGAGT,0,4234791
yadE_predicted,0.5,1,1,GATACACGCGTAAAGCTGGC,0,4207481
yadE_predicted,0.5,1,1,GAGTTTCTAAGAGAAGCACG,0,4183159
yadE_predicted,0.5,1,1,GAGTTTAGGTGCCATGCAAA,0,4186641
yadE_predicted,0.5,1,1,GAGTGGGATAGTTCCTCGTG,0,4175902
yadE_predicted,0.5,1,1,GAGTGGGACCGTGCACAGTC,0,4211129
yadE_predicted,0.5,1,1,GAGTGGACGTGGCAGCATAA,0,4215687
yadE_predicted,0.5,1,1,GAGTGGAACTGCGCGACGGT,0,4224504
yadE_predicted,0.5,1,1,GAGTGCTTTTCCCGCGGCCA,0,4193257
yadE_predicted,0.5,1,1,GAGTCCGTCGAAGGGGTTCG,0,4225940
yadE_predicted,0.5,1,1,GAGTCCCGGGGGCCACAGAG,0,4238461
yadE_predicted,0.5,1,1,GAGTACCCTAATCGTCCTGT,0,4212773
yadE_predicted,0.5,1,1,GAGTAATGCCGCGACTATGG,0,4195426
yadE_predicted,0.5,1,1,GAGGTGCCTGGATTGTCGTG,0,4220309
yadE_predicted,0.5,1,1,GAGGTGCAAGGCAGTTGGGT,0,4186484
yadE_predicted,0.5,1,1,GAGGTACGGTATCCCAGTTG,0,4175556
yadE_predicted,0.5,1,1,GAGGTACCTACTTCGCGAAA,0,4175313
yadE_predicted,0.5,1,1,GAGGGGATCCCTGGATATCA,0,4236928
yadE_predicted,0.5,1,1,GAGGCCTAGCCAACCATTAA,0,4198252
yadE_predicted,0.5,1,1,GAGGAGGGGCCTCTAGTTGG,0,4198005
yadE_predicted,0.5,1,1,GAGGAGACGCCGTGCTAGAT,0,4163840
yadE_predicted,0.5,1,1,GAGGACCCGCACAGTACGGA,0,4194875
yadE_predicted,0.5,1,1,GAGGACCATTTAAGGGGATA,0,4191050
yadE_predicted,0.5,1,1,GAGCTCCTGATGGTCCACCC,0,4171619
yadE_predicted,0.5,1,1,GAGCGCTTTCAAACCATCGG,0,4189155
yadE_predicted,0.5,1,1,GAGCGCCATTGCCGAGAAGC,0,4195266
yadE_predicted,0.5,1,1,GAGCGCAAGGCATACGGACC,0,4198753
yadE_predicted,0.5,1,1,GAGCCTTCGCATGTATTGGT,0,4215795
yadE_predicted,0.5,1,1,GAGCCTGCTCTAGTGGCCGC,0,4212922
yadE_predicted,0.5,1,1,GAGCCGGTACAGTAGTAGTG,0,4161364
yadE_predicted,0.5,1,1,GAGCATTGGCATAAAGCACC,0,4217371
yadE_predicted,0.5,1,1,GAGCATAAGTGTCGCCTAGC,0,4196452
yadE_predicted,0.5,1,1,GAGCACTGCGGTCGAGTGAA,0,4175768
yadE_predicted,0.5,1,1,GAGCACGGCACCTACTCTGG,0,4223214
yadE_predicted,0.5,1,1,GAGATTAACCCGTTGCCGCT,0,4216855
yadE_predicted,0.5,1,1,GAGATCAGGTGGTTCGCTGA,0,4232222
yadE_predicted,0.5,1,1,GAGATATGTATAAAGCGGAC,0,4187469
yadE_predicted,0.5,1,1,GAGAGTATTACTGCCTACAA,0,4191636
yadE_predicted,0.5,1,1,GAGAGGTCCTGCAGTACTCT,0,4175994
yadE_predicted,0.5,1,1,GAGACGTTTTCATGAGGCGA,0,4220982
yadE_predicted,0.5,1,1,GAGACGACTGAGATGTTAGC,0,4211233
yadE_predicted,0.5,1,1,GAGACCGCGCGGGCTAATGA,0,4170247
yadE_predicted,0.5,1,1,GAGAATACTACGAAACATCG,0,4229464
yadE_predicted,0.5,1,1,GAGAAGATTTTCCCTTGATA,0,4197602
yadE_predicted,0.5,1,1,GACTTCGACGAAACGGCTTA,0,4181123
yadE_predicted,0.5,1,1,GACTGCGAGTTATTTACACA,0,4181515
yadE_predicted,0.5,1,1,GACTGCCTAATTAGGTTAAG,0,4221914
yadE_predicted,0.5,1,1,GACTGATCGGGCATTGAGGG,0,4239570
yadE_predicted,0.5,1,1,GACTGACACGAGGACAGGAA,0,4165132
yadE_predicted,0.5,1,1,GACTCCTCCGTACTTCGTGT,0,4237034
yadE_predicted,0.5,1,1,GACTCCGTGTCACCATGAGT,0,4195127
yadE_predicted,0.5,1,1,GACTCAGATGGCAATATAGA,0,4164302
yadE_predicted,0.5,1,1,GACGGTCAAGTACGCCAGTT,0,4224947
yadE_predicted,0.5,1,1,GACGGGCAGCACTTATGGTT,0,4222974
yadE_predicted,0.5,1,1,GACGGCCAGGTTAGCCAAAA,0,4207042
yadE_predicted,0.5,1,1,GACGCGACTCTGTCGTCGTT,0,4187990
yadE_predicted,0.5,1,1,GACGCAGAATTACGTGTGTA,0,4239089
yadE_predicted,0.5,1,1,GACGCAAGGATTGTACCGGA,0,4227652
yadE_predicted,0.5,1,1,GACGATACGGCGGCCAAAAC,0,4189206
yadE_predicted,0.5,1,1,GACGAGAATGGCATCGAGCT,0,4203110
yadE_predicted,0.5,1,1,GACGAAGCTATAGGGTCTCC,0,4215889
yadE_predicted,0.5,1,1,GACCTTGCTGATTCTCGCTG,0,4183676
yadE_predicted,0.5,1,1,GACCTGATAGCACGATGTTC,0,4217876
yadE_predicted,0.5,1,1,GACCGTGGGGACCACGGGTG,0,4227175
yadE_predicted,0.5,1,1,GACCGTCGTTTCGAAGCGTT,0,4238008
yadE_predicted,0.5,1,1,GACCGGGAAAGTTACGCTTC,0,4174402
yadE_predicted,0.5,1,1,GACCCGGTCCTGGTCGTCTA,0,4183100
yadE_predicted,0.5,1,1,GACCCCTTAGCGCGCTGCTG,0,4182790
yadE_predicted,0.5,1,1,GACCCCCCGCATTATGCGGA,0,4205814
yadE_predicted,0.5,1,1,GACCATATCAATCCATAGTT,0,4163566
yadE_predicted,0.5,1,1,GACATTGAGAACCAAAGAGC,0,4240917
yadE_predicted,0.5,1,1,GACATGGACGAATGTTGGTT,0,4162529
yadE_predicted,0.5,1,1,GACAGCTGTTGTCTGCTATT,0,4192643
yadE_predicted,0.5,1,1,GACAGCCTAAAGCAGATTGA,0,4186563
yadE_predicted,0.5,1,1,GACACGGAGAGCTGCCGAAT,0,4232649
yadE_predicted,0.5,1,1,GAATTGCGACCAGTACCAGC,0,4185743
yadE_predicted,0.5,1,1,GAATGTGGGCACCTCAGTTA,0,4183954
yadE_predicted,0.5,1,1,GAATGGTCGTACACTTTCGT,0,4192417
yadE_predicted,0.5,1,1,GAATCCCCCAACTCCAAGTG,0,4190529
yadE_predicted,0.5,1,1,GAATAGCCACTGGGGATTGT,0,4192019
yadE_predicted,0.5,1,1,GAATACGCCACGGTTGGCTT,0,4223807
yadE_predicted,0.5,1,1,GAATACGAGTTGTCCCATTT,0,4216275
yadE_predicted,0.5,1,1,GAATACAATGGGAGACAAAG,0,4226675
yadE_predicted,0.5,1,1,GAATAACCCCCCTCGGTACC,0,4161572
yadE_predicted,0.5,1,1,GAAGGTTATGGCAAGTGCCC,0,4207062
yadE_predicted,0.5,1,1,GAAGGGTATATCCAGCACCT,0,4184516
yadE_predicted,0.5,1,1,GAAGCGTTATCTTCCCCCTT,0,4163219
yadE_predicted,0.5,1,1,GAAGCGGCAGTTTCTGCTTA,0,4167576
yadE_predicted,0.5,1,1,GAAGCGGCACGCGCGTTATA,0,4184200
yadE_predicted,0.5,1,1,GAAGCAGTCCTGCCTTCTCT,0,4170480
yadE_predicted,0.5,1,1,GAAGAGCTTTATGGCTCATC,0,4180045
yadE_predicted,0.5,1,1,GAACTTGTCAGCAGGATGCC,0,4236310
yadE_predicted,0.5,1,1,GAACTGCCCGCATGCTCCTG,0,4197989
yadE_predicted,0.5,1,1,GAACTCCAAACCCACGTGAG,0,4222413
yadE_predicted,0.5,1,1,GAACTCATCGCTCTGATGTC,0,4191403
yadE_predicted,0.5,1,1,GAACTAGCCACACAATTGAC,0,4223622
yadE_predicted,0.5,1,1,GAACGTCCAGGCCGGTCAAC,0,4231157
yadE_predicted,0.5,1,1,GAACGTCAAGTTTCGACAGC,0,4191567
yadE_predicted,0.5,1,1,GAACGGTCAAATAACTGCGT,0,4205793
yadE_predicted,0.5,1,1,GAACGCGAGTCTCGCGCTGA,0,4163645
yadE_predicted,0.5,1,1,GAACGACCCGCAAGTCCAGA,0,4202522
yadE_predicted,0.5,1,1,GAACCTATGCCACGCGTATA,0,4202549
yadE_predicted,0.5,1,1,GAACATGACATAAGAGTCCC,0,4227321
yadE_predicted,0.5,1,1,GAACACGCGACTTAGACCTG,0,4207521
yadE_predicted,0.5,1,1,GAACAAAAGCCGTAATGTGA,0,4170292
yadE_predicted,0.5,1,1,GAAAGTTGCGCTAAAACTGT,0,4190989
yadE_predicted,0.5,1,1,GAAAGGTGCTGATGACAAGT,0,4229898
yadE_predicted,0.5,1,1,GAAAGGACCAGTCCCGGCAC,0,4235347
yadE_predicted,0.5,1,1,GAAAATGCTTGGATTCAGTC,0,4168930
yadE_predicted,0.5,1,1,GAAAACCTCCTCAAACGGGT,0,4167903
yadE_predicted,0.5,1,1,GAAAACATTGACGCTTATAC,0,4197529
yadE_predicted,0.5,1,1,CTTTTGTCATAAGCCCGATT,0,4175936
yadE_predicted,0.5,1,1,CTTTTCCAACAAATACTCAG,0,4178507
yadE_predicted,0.5,1,1,CTTTTAAATCGGAGCAAGAA,0,4178027
yadE_predicted,0.5,1,1,CTTTGTTTCTGGACCGACTT,0,4196505
yadE_predicted,0.5,1,1,CTTTGTGAGGCCGTCAGTAT,0,4239252
yadE_predicted,0.5,1,1,CTTTGCATCCCGCTTGAATT,0,4202402
yadE_predicted,0.5,1,1,CTTTGCAGGGTCAAGGCGCA,0,4217668
yadE_predicted,0.5,1,1,CTTTGACTGGTGAGAGCCAC,0,4212874
yadE_predicted,0.5,1,1,CTTTCTCCTGGACAGAGCAC,0,4225030
yadE_predicted,0.5,1,1,CTTTCGCGGTCGCGATCTAA,0,4190474
yadE_predicted,0.5,1,1,CTTTCGCAATCTCAATTAAC,0,4187601
yadE_predicted,0.5,1,1,CTTTCGACTTGAGTGTACGC,0,4172010
yadE_predicted,0.5,1,1,CTTTCATAAGAGCTTACCTA,0,4232321
yadE_predicted,0.5,1,1,CTTTACGCTGTAGGGGTACT,0,4171617
yadE_predicted,0.5,1,1,CTTTACCTTCAAGCCACTTG,0,4160655
yadE_predicted,0.5,1,1,CTTTAAGCACTTAAGCGGTC,0,4189105
yadE_predicted,0.5,1,1,CTTTAAATTAGTCAAACTTG,0,4192413
yadE_predicted,0.5,1,1,CTTGTTCAAGTTAGCGGCCG,0,4173124
yadE_predicted,0.5,1,1,CTTGGTGTGATTACTCACGA,0,4216168
yadE_predicted,0.5,1,1,CTTGGATCTTCGAAAGGATT,0,4195468
yadE_predicted,0.5,1,1,CTTGGACGAGTACGATCAGG,0,4195068
yadE_predicted,0.5,1,1,CTTGCACAGGACCACATAGA,0,4201216
yadE_predicted,0.5,1,1,CTTGCAATTGGCATAAGAGC,0,4208059
yadE_predicted,0.5,1,1,CTTGACTGGGAGGCGTATAT,0,4208447
yadE_predicted,0.5,1,1,CTTGAAGTGCGATCTCCAGT,0,4218098
yadE_predicted,0.5,1,1,CTTCTGTGGCTGAGCACGGA,0,4238571
yadE_predicted,0.5,1,1,CTTCTCCACTCTTCTGTTTA,0,4231054
yadE_predicted,0.5,1,1,CTTCGTAAGTGGTGCTCGTA,0,4196516
yadE_predicted,0.5,1,1,CTTCGGAGTGTTTAAGTGAC,0,4229987
yadE_predicted,0.5,1,1,CTTCCGGAGGGATAGAGATT,0,4231446
yadE_predicted,0.5,1,1,CTTCAAGGTGAAGATTTCCA,0,4200332
yadE_predicted,0.5,1,1,CTTATTTTGGGCTTATTATA,0,4175872
yadE_predicted,0.5,1,1,CTTATTAGTGCTAGGACGAT,0,4200106
yadE_predicted,0.5,1,1,CTTATGAAGTCCGCCGAGGA,0,4183274
yadE_predicted,0.5,1,1,CTTATCACGAATCCGGGGCA,0,4187180
yadE_predicted,0.5,1,1,CTTATACGGGAGCTAAGTGA,0,4207291
yadE_predicted,0.5,1,1,CTTAGGTCTATCACGGTATG,0,4179711
yadE_predicted,0.5,1,1,CTTAGCAGAGGCGGCCAGGG,0,4231833
yadE_predicted,0.5,1,1,CTTACTGGATTTAAAGTACC,0,4231325
yadE_predicted,0.5,1,1,CTTACTAGATCGCGAGGGGA,0,4181298
yadE_predicted,0.5,1,1,CTTACGTCTGGGAGGGATAC,0,4234372
yadE_predicted,0.5,1,1,CTTACGGTAGGCGGCCGACT,0,4216251
yadE_predicted,0.5,1,1,CTTACATACTGGATAAAGCT,0,4227974
yadE_predicted,0.5,1,1,CTTACAGACGTAAGTCGGTG,0,4219360
yadE_predicted,0.5,1,1,CTTAAGCTTCATTGTATTAT,0,4225314
yadE_predicted,0.5,1,1,CTGTTTAGCTAAACTCGGGT,0,4162895
yadE_predicted,0.5,1,1,CTGTTCGCCACTTGGGCGTC,0,4212439
yadE_predicted,0.5,1,1,CTGTTCCCTTGAACGGAGTC,0,4223478
yadE_predicted,0.5,1,1,CTGTGGTAAATACTGGGCAC,0,4201372
yadE_predicted,0.5,1,1,CTGTGAGTTATATGGTGCGT,0,4233423
yadE_predicted,0.5,1,1,CTGTGACGGCGTGCCAGAAT,0,4232111
yadE_predicted,0.5,1,1,CTGTGACGGACCCGCTGTGT,0,4187207
yadE_predicted,0.5,1,1,CTGTGAACTTCAATTGTGCG,0,4225588
yadE_predicted,0.5,1,1,CTGTCTTCTTACATTCAAGA,0,4169589
yadE_predicted,0.5,1,1,CTGTCTTATTCACTGCCTTT,0,4191448
yadE_predicted,0.5,1,1,CTGTCGTTTTTAACATGGGG,0,4167384
yadE_predicted,0.5,1,1,CTGTCGGGTACCTATGGCTA,0,4185582
yadE_predicted,0.5,1,1,CTGTCGCTTAGACGGATGCT,0,4186262
yadE_predicted,0.5,1,1,CTGTCGCGAACTCAAAATAG,0,4202093
yadE_predicted,0.5,1,1,CTGTCCATAACAAGGTGCTT,0,4213567
yadE_predicted,0.5,1,1,CTGTCACATACCACGCAGTT,0,4213464
yadE_predicted,0.5,1,1,CTGTATAACGATGTTTCGTC,0,4177887
yadE_predicted,0.5,1,1,CTGTAGCTTGTACACAGTGG,0,4177414
yadE_predicted,0.5,1,1,CTGGTTGTCCTATGGGTAAC,0,4204271
yadE_predicted,0.5,1,1,CTGGGTGATTAGAATTGTAA,0,4197070
yadE_predicted,0.5,1,1,CTGGGGGCAGGATTTCAACG,0,4209292
yadE_predicted,0.5,1,1,CTGGCAATCAGGGACCATAC,0,4171122
yadE_predicted,0.5,1,1,CTGGAGTGTTGCAACTCTAG,0,4212052
yadE_predicted,0.5,1,1,CTGGAGGTGGCGTATGACGT,0,4199424
yadE_predicted,0.5,1,1,CTGGAGGCGGGCGGCCAAAT,0,4231720
yadE_predicted,0.5,1,1,CTGGAAGAGTGGTGTCCCCT,0,4160908
yadE_predicted,0.5,1,1,CTGCTGCCGGGAATGGGGCT,0,4200286
yadE_predicted,0.5,1,1,CTGCTAAGGCTTGCGCCATT,0,4177657
yadE_predicted,0.5,1,1,CTGCGTGATAATTCTCAAAC,0,4164101
yadE_predicted,0.5,1,1,CTGCGAATCACAAGCGCCAA,0,4168207
yadE_predicted,0.5,1,1,CTGCCTCTCTTGGCTATAGA,0,4236556
yadE_predicted,0.5,1,1,CTGCCCTTCTATCAGGCTTT,0,4217913
yadE_predicted,0.5,1,1,CTGCCACTAGGCTTATCACT,0,4196920
yadE_predicted,0.5,1,1,CTGCATCAAGAGCAGGCACT,0,4219852
yadE_predicted,0.5,1,1,CTGCATAGCCACTTTATTTT,0,4228347
yadE_predicted,0.5,1,1,CTGCACAAGACCTACCTGTA,0,4162281
yadE_predicted,0.5,1,1,CTGCAATTTCGTCAACCAGT,0,4209612
yadE_predicted,0.5,1,1,CTGCAATTGAGCGGTCGGCA,0,4160736
yadE_predicted,0.5,1,1,CTGCAAGTTTCGCTGCGGAC,0,4224845
yadE_predicted,0.5,1,1,CTGATGCTGCGAACCAAAAG,0,4224907
yadE_predicted,0.5,1,1,CTGATCCTTGATCGTTGTTC,0,4164728
yadE_predicted,0.5,1,1,CTGAGCTTACGTAGCAGGTC,0,4159918
yadE_predicted,0.5,1,1,CTGAGACCTCCTCTGGTGTC,0,4217022
yadE_predicted,0.5,1,1,CTGAGAAGTCCAAGGATATA,0,4237958
yadE_predicted,0.5,1,1,CTCTTACCGACATAGATGAC,0,4232378
yadE_predicted,0.5,1,1,CTCTGGTCAGCAGTAGGTTG,0,4213157
yadE_predicted,0.5,1,1,CTCTCAGTAGAGGATGAGTG,0,4193336
yadE_predicted,0.5,1,1,CTCTACAGCTGCCATTTCCC,0,4193580
yadE_predicted,0.5,1,1,CTCGTAATTCCATCCCGTTG,0,4230639
yadE_predicted,0.5,1,1,CTCGTAAGTCCAATCCCCTG,0,4185518
yadE_predicted,0.5,1,1,CTCGGTATGAACGCTCAGGT,0,4189542
yadE_predicted,0.5,1,1,CTCGGCCAGTCCGCTATCGG,0,4202092
yadE_predicted,0.5,1,1,CTCGCTCCAGGGGGGCTATC,0,4209416
yadE_predicted,0.5,1,1,CTCGCGTAGTACATCCGAAG,0,4227554
yadE_predicted,0.5,1,1,CTCGCCGTCAACCGTGCTAA,0,4160151
yadE_predicted,0.5,1,1,CTCGCAAGCCTTGAGTTGCC,0,4230156
yadE_predicted,0.5,1,1,CTCGATAAGTTGAAGGGACT,0,4207976
yadE_predicted,0.5,1,1,CTCGAGACGGCTGGTTTTAT,0,4160294
yadE_predicted,0.5,1,1,CTCCTCATCGGCGATTAAAG,0,4216166
yadE_predicted,0.5,1,1,CTCCTACCTTGACCCGCTAC,0,4238594
yadE_predicted,0.5,1,1,CTCCTAATCGAGTGGCGGGT,0,4235023
yadE_predicted,0.5,1,1,CTCCGGTTCATGGCGAGCGT,0,4230318
yadE_predicted,0.5,1,1,CTCCGGGTTTAGCTTGTGGT,0,4179809
yadE_predicted,0.5,1,1,CTCCGATTAAATCCTTCTTT,0,4236152
yadE_predicted,0.5,1,1,CTCCGAAAATCGCCAAGGTG,0,4202292
yadE_predicted,0.5,1,1,CTCCCGGCCTGATTAAGCGC,0,4224032
yadE_predicted,0.5,1,1,CTCCCGCTTTCCGGGATCGA,0,4187132
yadE_predicted,0.5,1,1,CTCCCGCCTTTCGTTCGTAT,0,4172854
yadE_predicted,0.5,1,1,CTCCCGACTCCGCGGATTTC,0,4207087
yadE_predicted,0.5,1,1,CTCCCCTCTGGAGAGTTTTA,0,4197999
yadE_predicted,0.5,1,1,CTCCCAGATTAACATTACGG,0,4183574
yadE_predicted,0.5,1,1,CTCCATGCATTCGGGTGAAG,0,4208023
yadE_predicted,0.5,1,1,CTCCAATACCTGACGCGAAG,0,4186098
yadE_predicted,0.5,1,1,CTCATTTTGGATAGACTACC,0,4230612
yadE_predicted,0.5,1,1,CTCATTTTCAGCGCTTTCAC,0,4197974
yadE_predicted,0.5,1,1,CTCATTTGCGGTTGGTAGTC,0,4210712
yadE_predicted,0.5,1,1,CTCATTGGAAAAGGATCGCA,0,4225331
yadE_predicted,0.5,1,1,CTCATGATTACGACCGCATA,0,4221699
yadE_predicted,0.5,1,1,CTCATCGCGAGCTTACAATG,0,4166641
yadE_predicted,0.5,1,1,CTCATCAATGCCGTTGCTCT,0,4175988
yadE_predicted,0.5,1,1,CTCATACGCAGGTCCGCGCG,0,4206207
yadE_predicted,0.5,1,1,CTCAGTTACCCTGATTCACC,0,4223597
yadE_predicted,0.5,1,1,CTCAGGCCTGCCGAATCTTG,0,4216124
yadE_predicted,0.5,1,1,CTCAGAACGCCAAGCACGTA,0,4170521
yadE_predicted,0.5,1,1,CTCAGAAACCAACAGATTGC,0,4177578
yadE_predicted,0.5,1,1,CTCACTGGCAGGTATTGAAG,0,4213107
yadE_predicted,0.5,1,1,CTCACTGAGGACAACCACGT,0,4212729
yadE_predicted,0.5,1,1,CTCACGGACGGTCTCAATTT,0,4197169
yadE_predicted,0.5,1,1,CTCAATTCCTGGCTGCATTC,0,4211637
yadE_predicted,0.5,1,1,CTCAATCTCAGTAAGCGCCC,0,4172340
yadE_predicted,0.5,1,1,CTCAATATCTGCGTTTGATC,0,4189340
yadE_predicted,0.5,1,1,CTCAATACCCATATGCGTAG,0,4231734
yadE_predicted,0.5,1,1,CTCAAGTTACCAAGCGCTTA,0,4216158
yadE_predicted,0.5,1,1,CTCAACGCTAGGCACTTCGG,0,4238283
yadE_predicted,0.5,1,1,CTCAAAGCACACAACCTGTA,0,4214766
yadE_predicted,0.5,1,1,CTCAAAGATTTAAACAGTGG,0,4186372
yadE_predicted,0.5,1,1,CTATTTGAAGGCTAAATCCG,0,4200993
yadE_predicted,0.5,1,1,CTATTTAGTCTCGGACTGGA,0,4214435
yadE_predicted,0.5,1,1,CTATTCGCCTCTTAGCAGCA,0,4179158
yadE_predicted,0.5,1,1,CTATTCGAGCACGGGTTTAT,0,4216021
yadE_predicted,0.5,1,1,CTATTCCACATCTCGAATGG,0,4223541
yadE_predicted,0.5,1,1,CTATTATCAACAACCCACAC,0,4205295
yadE_predicted,0.5,1,1,CTATGTTTTGCCACGACGTA,0,4224143
yadE_predicted,0.5,1,1,CTATGGAGCTTGCCTGGCTA,0,4210743
yadE_predicted,0.5,1,1,CTATGCCGGGAACACGGAAT,0,4207544
yadE_predicted,0.5,1,1,CTATGCATATATCTGTAGAA,0,4203414
yadE_predicted,0.5,1,1,CTATCGTTTCCTATACTTGT,0,4192017
yadE_predicted,0.5,1,1,CTATCCGGAGACCTGCACTG,0,4197095
yadE_predicted,0.5,1,1,CTATATTATCAGACATAAGC,0,4229051
yadE_predicted,0.5,1,1,CTATAGTCGAGACCAATCGA,0,4171058
yadE_predicted,0.5,1,1,CTAGTGGCAGGGTCGGGGTG,0,4226616
yadE_predicted,0.5,1,1,CTAGTATTATCCCCCGTAGC,0,4184752
yadE_predicted,0.5,1,1,CTAGTAGTATTACATGAGCA,0,4173881
yadE_predicted,0.5,1,1,CTAGGTACTAACAACCACTC,0,4193443
yadE_predicted,0.5,1,1,CTAGGGTCATGGTCGGTGGG,0,4219509
yadE_predicted,0.5,1,1,CTAGGGGTAGTAGAGCCAAG,0,4200997
yadE_predicted,0.5,1,1,CTAGGGCTAACGTTACGCCA,0,4213805
yadE_predicted,0.5,1,1,CTAGGAAAGTGACCAACGCG,0,4164292
yadE_predicted,0.5,1,1,CTAGCGAGCTTGCATTAGGA,0,4223753
yadE_predicted,0.5,1,1,CTAGAGGCGCAGCTTCACAC,0,4222272
yadE_predicted,0.5,1,1,CTAGAAATCTTCTGGTCCCA,0,4208750
yadE_predicted,0.5,1,1,CTAGAAAGTGCCGTTGGCAT,0,4200148
yadE_predicted,0.5,1,1,CTACTGGGTACATCGCTTGT,0,4186948
yadE_predicted,0.5,1,1,CTACTGCCATCTGTTGAGGC,0,4161456
yadE_predicted,0.5,1,1,CTACTCCGGGCAGAAGCCGG,0,4162791
yadE_predicted,0.5,1,1,CTACTAAGTTAGTTTGCAAT,0,4170526
yadE_predicted,0.5,1,1,CTACGCGAACGTTTCAATAG,0,4193273
yadE_predicted,0.5,1,1,CTACCTACAGAAATTACGAC,0,4233427
yadE_predicted,0.5,1,1,CTACCGTATTTCAGCGAAGT,0,4169342
yadE_predicted,0.5,1,1,CTACAGTAACCTCCTTAAGA,0,4172533
yadE_predicted,0.5,1,1,CTACACTACTTCGGCTGGGC,0,4183033
yadE_predicted,0.5,1,1,CTACACGGCCATCTTGGAAG,0,4222206
yadE_predicted,0.5,1,1,CTACAAGTATACTGGCAGCC,0,4204007
yadE_predicted,0.5,1,1,CTAATGTCACTTAGCCAGGT,0,4195648
yadE_predicted,0.5,1,1,CTAATCGGACTTCAGGGTCT,0,4210404
yadE_predicted,0.5,1,1,CTAAGTTGTTTCACTATTTA,0,4175006
yadE_predicted,0.5,1,1,CTAAGTAGTTGTGTGAGCGA,0,4204610
yadE_predicted,0.5,1,1,CTAAGGTCAGGGAATGTGAG,0,4194668
yadE_predicted,0.5,1,1,CTAAGCCTCGGTATTTCAAC,0,4203990
yadE_predicted,0.5,1,1,CTAACGTATCCGTTTGCTGT,0,4227900
yadE_predicted,0.5,1,1,CTAACGCGGGGGCCGGTCTA,0,4190259
yadE_predicted,0.5,1,1,CTAACAGCGGAGGGACCCGC,0,4222476
yadE_predicted,0.5,1,1,CTAACAGATAAAGCCGAATC,0,4233034
yadE_predicted,0.5,1,1,CTAACAGAAGGGGGGGAAGT,0,4205847
yadE_predicted,0.5,1,1,CTAAAGCTAAACACGTCGAA,0,4165917
yadE_predicted,0.5,1,1,CTAAAACTAAACGTACACCG,0,4199826
yadE_predicted,0.5,1,1,CGTTTTGATCACGAGGCGAG,0,4200272
yadE_predicted,0.5,1,1,CGTTTGGTTTGCGAATCTTC,0,4185982
yadE_predicted,0.5,1,1,CGTTTGCCAAGTCCTCGGGT,0,4200892
yadE_predicted,0.5,1,1,CGTTTAGAGGGGCGAACGCT,0,4213105
yadE_predicted,0.5,1,1,CGTTGTGACTAGGACCCTGT,0,4199664
yadE_predicted,0.5,1,1,CGTTCGAATGTTGCCAGCTG,0,4197157
yadE_predicted,0.5,1,1,CGTTCCGGCCCAGGGTGCAG,0,4186445
yadE_predicted,0.5,1,1,CGTTCAGGATTGCACTTTAC,0,4195524
yadE_predicted,0.5,1,1,CGTTATTTCCGCGTCAGAAC,0,4165143
yadE_predicted,0.5,1,1,CGTTATTAGGTTGATTCTTA,0,4171432
yadE_predicted,0.5,1,1,CGTTAGTTACCTTTACGAGC,0,4237538
yadE_predicted,0.5,1,1,CGTTACGGAAGGCCACTATA,0,4169306
yadE_predicted,0.5,1,1,CGTTAATACTGTCCTAAAGC,0,4214968
yadE_predicted,0.5,1,1,CGTTAACAAATGGGTCCTCC,0,4233915
yadE_predicted,0.5,1,1,CGTGTCCAGTGTCCGTGGCA,0,4162735
yadE_predicted,0.5,1,1,CGTGTCACTAAGGAAGTGGG,0,4228572
yadE_predicted,0.5,1,1,CGTGTCAAGGGGCACAGACC,0,4213143
yadE_predicted,0.5,1,1,CGTGCCAGAAATTGCTACAG,0,4168403
yadE_predicted,0.5,1,1,CGTGCACCGTCCCCTTCTTG,0,4198233
yadE_predicted,0.5,1,1,CGTGCAAGACACCGACGACT,0,4177555
yadE_predicted,0.5,1,1,CGTGATGGTTGACCCAAGTT,0,4220094
yadE_predicted,0.5,1,1,CGTGAGACGGCAGGCAAAGC,0,4163993
yadE_predicted,0.5,1,1,CGTGACTTGAGCTTTTCTTT,0,4214989
yadE_predicted,0.5,1,1,CGTGACTCTTTTATAGTATC,0,4161062
yadE_predicted,0.5,1,1,CGTCCGGTTGAGTTATACGT,0,4236659
yadE_predicted,0.5,1,1,CGTCCGAATCAGCTGAGTAC,0,4192555
yadE_predicted,0.5,1,1,CGTCCAACATTGTCTCGACC,0,4215407
yadE_predicted,0.5,1,1,CGTCACTGGTACTGTCTGTA,0,4188872
yadE_predicted,0.5,1,1,CGTCACGCACCGCGTAAAGG,0,4225422
yadE_predicted,0.5,1,1,CGTCAATGTGGCGCTGGTTT,0,4227434
yadE_predicted,0.5,1,1,CGTATTCGCTGCAGTTTCCA,0,4190699
yadE_predicted,0.5,1,1,CGTATCATCTATCAGCGTGG,0,4228263
yadE_predicted,0.5,1,1,CGTAGCGCGCTGAAGGTGGC,0,4220944
yadE_predicted,0.5,1,1,CGTACTGGTCGGTCAGCCCC,0,4229218
yadE_predicted,0.5,1,1,CGTACCCGGCCGACTTCATA,0,4160988
yadE_predicted,0.5,1,1,CGTAATACTATGATCACAGC,0,4239664
yadE_predicted,0.5,1,1,CGTAAGTAGGGAAATGTCTA,0,4226633
yadE_predicted,0.5,1,1,CGTAACCGGCCGCCATCCGC,0,4214339
yadE_predicted,0.5,1,1,CGGTGCGGTTGAATGTGATG,0,4177598
yadE_predicted,0.5,1,1,CGGTGCACGAAATGCCGGTT,0,4209476
yadE_predicted,0.5,1,1,CGGTGATTCTTCCTTAGGCT,0,4226697
yadE_predicted,0.5,1,1,CGGTGACTGCAGGGCAAGGA,0,4204073
yadE_predicted,0.5,1,1,CGGTGAAAACTTCCATGGCG,0,4207204
yadE_predicted,0.5,1,1,CGGTCGCCGGCAGCGCCCTT,0,4227498
yadE_predicted,0.5,1,1,CGGTCGAGCTGGCCGAATCA,0,4188851
yadE_predicted,0.5,1,1,CGGTCCGGATGATCAAGGAG,0,4188494
yadE_predicted,0.5,1,1,CGGTCCCTGGTTACTAAGGA,0,4177133
yadE_predicted,0.5,1,1,CGGTCAGCTTAGGGACTGGA,0,4192176
yadE_predicted,0.5,1,1,CGGTATCTCACCTGATTAAT,0,4211475
yadE_predicted,0.5,1,1,CGGTAGTGGATGGACCCGAA,0,4159418
yadE_predicted,0.5,1,1,CGGTAGTATATAGAAGAATG,0,4217094
yadE_predicted,0.5,1,1,CGGTACCAATCAAAGCAACA,0,4191207
yadE_predicted,0.5,1,1,CGGGTTGTTTATGTAAATGT,0,4236869
yadE_predicted,0.5,1,1,CGGGTGTGTAACGAGCGGCA,0,4193186
yadE_predicted,0.5,1,1,CGGGTACGTCAGTAGTTCGG,0,4185521
yadE_predicted,0.5,1,1,CGGGTACCGAACGATGTCAC,0,4172304
yadE_predicted,0.5,1,1,CGGGGTCCAGGTATGCTCGG,0,4208496
yadE_predicted,0.5,1,1,CGGGGATAATGGAGTCGTCA,0,4216683
yadE_predicted,0.5,1,1,CGGGCTATGTTTGGGTTAGG,0,4160428
yadE_predicted,0.5,1,1,CGGGCCAGCTTTATGATAGT,0,4240889
yadE_predicted,0.5,1,1,CGGGCCACGTCTATGCCCTG,0,4186946
yadE_predicted,0.5,1,1,CGGGCAGCGGTGTGCAGGAG,0,4235080
yadE_predicted,0.5,1,1,CGGGACGCTTAGTTGAAAGT,0,4226194
yadE_predicted,0.5,1,1,CGGGACATCTCACATTACAC,0,4181502
yadE_predicted,0.5,1,1,CGGGACAAACGCATCAAAGT,0,4169656
yadE_predicted,0.5,1,1,CGGGAACTCATTATTGGGGA,0,4176938
yadE_predicted,0.5,1,1,CGGCTGCAAGGCCGTTCCAG,0,4167578
yadE_predicted,0.5,1,1,CGGCTCTTGCCACGGGGGGC,0,4223219
yadE_predicted,0.5,1,1,CGGCTCCCTAATCATAGAAG,0,4194620
yadE_predicted,0.5,1,1,CGGCGGCTGGCTGAAATCAC,0,4200336
yadE_predicted,0.5,1,1,CGGCGGCCCTGTTTAGACCC,0,4169555
yadE_predicted,0.5,1,1,CGGCGAACCAGTCTAGGCTA,0,4188081
yadE_predicted,0.5,1,1,CGGCCTTAGGGCATATCAAA,0,4207119
yadE_predicted,0.5,1,1,CGGCCGTATGTAACGCGTAA,0,4208350
yadE_predicted,0.5,1,1,CGGCCAGTAATCGTGTTCGT,0,4160155
yadE_predicted,0.5,1,1,CGGCCACGAACGTGAGAGGT,0,4201711
yadE_predicted,0.5,1,1,CGGCATTGTCACATCGGAGC,0,4240960
yadE_predicted,0.5,1,1,CGGCAGGTTTGCAATTTCGA,0,4208204
yadE_predicted,0.5,1,1,CGGCAATGCCTGCGATTAGT,0,4228353
yadE_predicted,0.5,1,1,CGGATTGTCTTTCTCTCCAG,0,4187792
yadE_predicted,0.5,1,1,CGGATGGTTTTTAACTTAAC,0,4198804
yadE_predicted,0.5,1,1,CGGATCTTCAAGGAGCATGG,0,4234298
yadE_predicted,0.5,1,1,CGGATCGTGAAGATTACGAA,0,4181554
yadE_predicted,0.5,1,1,CGGATCCTAAATGGAACCAC,0,4185036
yadE_predicted,0.5,1,1,CGGATCATTGCCTTCTTAAC,0,4169466
yadE_predicted,0.5,1,1,CGGATAGAACTCGCCCGAGG,0,4178601
yadE_predicted,0.5,1,1,CGGAGTTACCTGCACGTAAC,0,4216646
yadE_predicted,0.5,1,1,CGGAGGCCATGCTACTGTGA,0,4193150
yadE_predicted,0.5,1,1,CGGACTTGCATCGTTATACT,0,4178277
yadE_predicted,0.5,1,1,CGGACTCGCGTGGCACGCGC,0,4218454
yadE_predicted,0.5,1,1,CGGACACCGACAGACTGTGG,0,4223642
yadE_predicted,0.5,1,1,CGGAAAATTGCGAGCAAAGG,0,4162907
yadE_predicted,0.5,1,1,CGCTTGTGCCGTATCGGGTT,0,4228094
yadE_predicted,0.5,1,1,CGCTTGGTCCTCGAGTAGCG,0,4175835
yadE_predicted,0.5,1,1,CGCTTGGACGACGCAGCCAA,0,4215145
yadE_predicted,0.5,1,1,CGCTTCAGTCCAGATAGGAC,0,4183023
yadE_predicted,0.5,1,1,CGCTTCAGGCTCAGGCCGTG,0,4175869
yadE_predicted,0.5,1,1,CGCTGTACAAGCGCGTTGCA,0,4206298
yadE_predicted,0.5,1,1,CGCTGGGCTGATCGAAAGGC,0,4189420
yadE_predicted,0.5,1,1,CGCTGCTCCTGGCTTTTCAT,0,4221500
yadE_predicted,0.5,1,1,CGCTGCGCGAGTGCTGCACC,0,4179980
yadE_predicted,0.5,1,1,CGCTGAAAAACTCCATACGT,0,4186089
yadE_predicted,0.5,1,1,CGCTCGGATAGTATCTCGTA,0,4212833
yadE_predicted,0.5,1,1,CGCTCCTTACTTTGCATGAC,0,4164406
yadE_predicted,0.5,1,1,CGCTATGAGGGTTTCCTATG,0,4163056
yadE_predicted,0.5,1,1,CGCTAGTACGTATTTTCTCC,0,4237328
yadE_predicted,0.5,1,1,CGCTACTTTTCAAATACACT,0,4197174
yadE_predicted,0.5,1,1,CGCTACCACGGAAGCACTGT,0,4172665
yadE_predicted,0.5,1,1,CGCGTTTTGATGGCATCTGG,0,4191890
yadE_predicted,0.5,1,1,CGCGTTGTGTACATTCCGCA,0,4192642
yadE_predicted,0.5,1,1,CGCGTGATCCAGGGCTAAGA,0,4171132
yadE_predicted,0.5,1,1,CGCGTATGGGTATTACAGTG,0,4211138
yadE_predicted,0.5,1,1,CGCGGGTGGGACAGTCATCT,0,4194065
yadE_predicted,0.5,1,1,CGCGGGGTAGCCAACCTGTC,0,4172067
yadE_predicted,0.5,1,1,CGCGGCTATATAGAATCCTG,0,4178910
yadE_predicted,0.5,1,1,CGCGGATCGATCGATACGGT,0,4212482
yadE_predicted,0.5,1,1,CGCGGAGTCTGTCTATGGAT,0,4194565
yadE_predicted,0.5,1,1,CGCGCGGGTGGCAGAACCAA,0,4237601
yadE_predicted,0.5,1,1,CGCGCGCCTTTGCGAGGCCT,0,4188518
yadE_predicted,0.5,1,1,CGCGCGCCCCTTTTAGTTCT,0,4171120
yadE_predicted,0.5,1,1,CGCGCCTGACTGCTTCAAGC,0,4191493
yadE_predicted,0.5,1,1,CGCGATGTCCTTCGGGAGAA,0,4200851
yadE_predicted,0.5,1,1,CGCGATGATCTGACCTATTT,0,4159468
yadE_predicted,0.5,1,1,CGCGAGTTTGTTCACTCAAA,0,4238748
yadE_predicted,0.5,1,1,CGCGAGTGCATCGAGCGCAG,0,4171903
yadE_predicted,0.5,1,1,CGCGAGGGGTTATCCCAAGT,0,4166223
yadE_predicted,0.5,1,1,CGCGACGGGCGAAATCTACT,0,4211620
yadE_predicted,0.5,1,1,CGCGACATCAGTACGTCGCG,0,4166407
yadE_predicted,0.5,1,1,CGCGAACCGCGCTAGAATAT,0,4178504
yadE_predicted,0.5,1,1,CGCCTTCTAATATTCAGTCA,0,4175173
yadE_predicted,0.5,1,1,CGCCGGACACAGAACTTAGG,0,4224831
yadE_predicted,0.5,1,1,CGCCGCCTCCCGCTGCTACG,0,4208943
yadE_predicted,0.5,1,1,CGCCGATTCGAAAGCATAGA,0,4197404
yadE_predicted,0.5,1,1,CGCCGACATCCAACTTGGCC,0,4205300
yadE_predicted,0.5,1,1,CGCCCTGATAATCCCAGTGG,0,4199429
yadE_predicted,0.5,1,1,CGCCCTACCCAGTAAGCGAT,0,4178866
yadE_predicted,0.5,1,1,CGCCCATTTGCCAAGACTCT,0,4238162
yadE_predicted,0.5,1,1,CGCCATTTATCCTAACGGCT,0,4180695
yadE_predicted,0.5,1,1,CGCCACTTCGTGGCTGGCTG,0,4203929
yadE_predicted,0.5,1,1,CGCCACCGAGGGTGGTGAGA,0,4167247
yadE_predicted,0.5,1,1,CGCCACCCAGCATAACGGCC,0,4182754
yadE_predicted,0.5,1,1,CGCCACACAAGTCCTCTTGA,0,4231541
yadE_predicted,0.5,1,1,CGCCACAAACGTTATTGCCC,0,4199183
yadE_predicted,0.5,1,1,CGCCACAAAAGTCCGTCTGT,0,4182838
yadE_predicted,0.5,1,1,CGCATTTTATACAACCGAAC,0,4221169
yadE_predicted,0.5,1,1,CGCATCGGACATATTGTCTG,0,4206514
yadE_predicted,0.5,1,1,CGCAGCGTCTACTCTACAAG,0,4173862
yadE_predicted,0.5,1,1,CGCAGCGCGAAGTTCAGTGG,0,4192835
yadE_predicted,0.5,1,1,CGCACTTCCTCCTTACGGAA,0,4227844
yadE_predicted,0.5,1,1,CGCACTACTAGCAATGCGAT,0,4222687
yadE_predicted,0.5,1,1,CGCACACGAACGTTATGAGA,0,4179782
yadE_predicted,0.5,1,1,CGCAATAAAGGGTATTAATA,0,4190576
yadE_predicted,0.5,1,1,CGCAAGTGTGAGAACTCAGG,0,4180990
yadE_predicted,0.5,1,1,CGATTTAGGTGGCATATAGT,0,4195664
yadE_predicted,0.5,1,1,CGATTCGGTAAACGTCAGAA,0,4185775
yadE_predicted,0.5,1,1,CGATTCCGGCTCGGTCTGGT,0,4229606
yadE_predicted,0.5,1,1,CGATGCGCGGATGATCTGAG,0,4193702
yadE_predicted,0.5,1,1,CGATGCAGGGCTCTCGGTTG,0,4191470
yadE_predicted,0.5,1,1,CGATGATACTCCGCATATGG,0,4186661
yadE_predicted,0.5,1,1,CGATCTGGGAACCCGGTACA,0,4210880
yadE_predicted,0.5,1,1,CGATCTATCTGATATCCGTT,0,4202650
yadE_predicted,0.5,1,1,CGATCCGGAAGACTGACGAA,0,4188681
yadE_predicted,0.5,1,1,CGATCAGAGTGGATGCAGCA,0,4206689
yadE_predicted,0.5,1,1,CGATCACGGGTTAACGAGCA,0,4176502
yadE_predicted,0.5,1,1,CGAGTGCGTGAACGGAAGAA,0,4190267
yadE_predicted,0.5,1,1,CGAGTCCAACCATGATCGAT,0,4176164
yadE_predicted,0.5,1,1,CGAGTACTGGAACGGCTAAC,0,4159402
yadE_predicted,0.5,1,1,CGAGGTACCCCTTTGTTGCA,0,4199477
yadE_predicted,0.5,1,1,CGAGGGGAATGCAGCACAGA,0,4214841
yadE_predicted,0.5,1,1,CGAGCTTGTACACGGTCTCA,0,4197792
yadE_predicted,0.5,1,1,CGAGCGTACAAGCTCTTTGG,0,4236144
yadE_predicted,0.5,1,1,CGAGATATAGGGACACGGGA,0,4232269
yadE_predicted,0.5,1,1,CGAGACGGGGGCTAATTGGT,0,4183671
yadE_predicted,0.5,1,1,CGAGACACGAAATACTCGAC,0,4225023
yadE_predicted,0.5,1,1,CGACTTGCTTTTATTTATGG,0,4171592
yadE_predicted,0.5,1,1,CGACTTCTCGCCATCGGGAA,0,4228752
yadE_predicted,0.5,1,1,CGACTAAGAAGTAGCATCGA,0,4240318
yadE_predicted,0.5,1,1,CGACGGCCAGATAATCCGAT,0,4177272
yadE_predicted,0.5,1,1,CGACCTCCGGAAAGCGTGAC,0,4228097
yadE_predicted,0.5,1,1,CGACCGGCTACCATTACCAT,0,4200057
yadE_predicted,0.5,1,1,CGACCGAGCGAAGCGCGACA,0,4194951
yadE_predicted,0.5,1,1,CGACATAAGAGAAGGAAAAT,0,4210763
yadE_predicted,0.5,1,1,CGACACACTATCTAATGGAA,0,4194165
yadE_predicted,0.5,1,1,CGAATTTTGCGCTCTGGTAT,0,4186830
yadE_predicted,0.5,1,1,CGAATTCTAAATCCTTGGAT,0,4214815
yadE_predicted,0.5,1,1,CGAAGGCACTCAGTATGGGC,0,4228380
yadE_predicted,0.5,1,1,CGAAGAGAAGCCTGGGTTGA,0,4220624
yadE_predicted,0.5,1,1,CGAACCTCTTTTTCTGATCC,0,4232213
yadE_predicted,0.5,1,1,CGAACCCCAGTACACAAGGG,0,4217374
yadE_predicted,0.5,1,1,CGAACACTGGTACGGCTCAT,0,4165395
yadE_predicted,0.5,1,1,CGAACAATAGGTGTTTGTGT,0,4206802
yadE_predicted,0.5,1,1,CGAAATGAACGCGGCTGAGA,0,4174936
yadE_predicted,0.5,1,1,CGAAATCCACTCCGGGATTT,0,4230858
yadE_predicted,0.5,1,1,CGAAATAAGGCTATTACAGA,0,4232696
yadE_predicted,0.5,1,1,CGAAAGCTACTCACTCTCGG,0,4205425
yadE_predicted,0.5,1,1,CGAAAGCAGAATGACGGATG,0,4191771
yadE_predicted,0.5,1,1,CGAAAGAGCACTTTGTATAG,0,4214233
yadE_predicted,0.5,1,1,CCTTTTGTATGACACTTTGG,0,4229350
yadE_predicted,0.5,1,1,CCTTTGTTCCGACATACAGG,0,4163818
yadE_predicted,0.5,1,1,CCTTTGTATTGGCAAAGATC,0,4198954
yadE_predicted,0.5,1,1,CCTTTCGACGAGTCTATTAA,0,4198718
yadE_predicted,0.5,1,1,CCTTGTTCAATGATAAATAG,0,4193700
yadE_predicted,0.5,1,1,CCTTGTGTATAGAAGAAGCT,0,4179616
yadE_predicted,0.5,1,1,CCTTGGACTATCTGCGGATG,0,4217427
yadE_predicted,0.5,1,1,CCTTGCGCGCCTAGCCACGG,0,4163113
yadE_predicted,0.5,1,1,CCTTGCCAGCCAGAATAGTA,0,4185510
yadE_predicted,0.5,1,1,CCTTCCCGCACGCCATCACG,0,4205753
yadE_predicted,0.5,1,1,CCTTCACGAGACGGGGGATT,0,4236379
yadE_predicted,0.5,1,1,CCTGTTTGAAGTAATGCTTA,0,4170739
yadE_predicted,0.5,1,1,CCTGTGTGCGTAACGAAGGG,0,4237952
yadE_predicted,0.5,1,1,CCTGTGTACGCAGAGGCCGT,0,4197972
yadE_predicted,0.5,1,1,CCTGTAGGAAAGCCAAGTTT,0,4220637
yadE_predicted,0.5,1,1,CCTGTAAGTCAACAGGTCGC,0,4193883
yadE_predicted,0.5,1,1,CCTGGCAAAGTCGAATGTAT,0,4234392
yadE_predicted,0.5,1,1,CCTGGAATTCCCGACCATCT,0,4210297
yadE_predicted,0.5,1,1,CCTGAACAGCATCGAGTTCC,0,4192003
yadE_predicted,0.5,1,1,CCTCTGTACCTGACCATGCA,0,4198077
yadE_predicted,0.5,1,1,CCTCTCGCGTTAGGGAAGGT,0,4230282
yadE_predicted,0.5,1,1,CCTCTCATTTGGCCTGCTTG,0,4171174
yadE_predicted,0.5,1,1,CCTCTACATCTCATGATAAG,0,4239875
yadE_predicted,0.5,1,1,CCTCGTATAGGCGAATCGGG,0,4228199
yadE_predicted,0.5,1,1,CCTCGTAATGCAGAAAAAGA,0,4225744
yadE_predicted,0.5,1,1,CCTCCGTCTAGGACGTCACC,0,4168205
yadE_predicted,0.5,1,1,CCTCATTGGGTAAACCTGTC,0,4223527
yadE_predicted,0.5,1,1,CCTCATGCTCACGAGATCCG,0,4216063
yadE_predicted,0.5,1,1,CCTCAGTAGTCTGCCACCGG,0,4180388
yadE_predicted,0.5,1,1,CCTCAAGACTATACCTTTGG,0,4214468
yadE_predicted,0.5,1,1,CCTATTCTGTGAATTGGTAG,0,4166356
yadE_predicted,0.5,1,1,CCTATGTGCGAGATAGATAG,0,4201046
yadE_predicted,0.5,1,1,CCTATGGGTTTTGCCCTATG,0,4174141
yadE_predicted,0.5,1,1,CCTATACCTCGCGCGACCCG,0,4181858
yadE_predicted,0.5,1,1,CCTAGGGGGATATCGCAATA,0,4168645
yadE_predicted,0.5,1,1,CCTAGATCCGCAAAAACCTC,0,4217109
yadE_predicted,0.5,1,1,CCTAGACCTCGGTGATGGGG,0,4201781
yadE_predicted,0.5,1,1,CCTACGACGACCCAGACAAA,0,4183160
yadE_predicted,0.5,1,1,CCTACCTAGATAGATAGTAA,0,4181711
yadE_predicted,0.5,1,1,CCTAAGAATTCGCCGAACGA,0,4240255
yadE_predicted,0.5,1,1,CCGTTTCCAGAGCGAGCAGC,0,4185977
yadE_predicted,0.5,1,1,CCGTTGTGGGTCGCTATCAG,0,4202295
yadE_predicted,0.5,1,1,CCGTTGTCGGTTTAATATTT,0,4159762
yadE_predicted,0.5,1,1,CCGTTGAGATAGTCTTAAGA,0,4227848
yadE_predicted,0.5,1,1,CCGTTCGCTTGTTAGGGCTA,0,4204611
yadE_predicted,0.5,1,1,CCGTGGAGACGACAGCTACG,0,4173392
yadE_predicted,0.5,1,1,CCGTCGCCGTTAGCCGGACA,0,4206169
yadE_predicted,0.5,1,1,CCGTCGCAAGGGTAAAGTGC,0,4163373
yadE_predicted,0.5,1,1,CCGTCATCACACTTGCCCGT,0,4230974
yadE_predicted,0.5,1,1,CCGTCAGTTGTTTCGAGAAG,0,4165703
yadE_predicted,0.5,1,1,CCGTAACTATAAAATTTGAC,0,4192484
yadE_predicted,0.5,1,1,CCGGTCAAACTCTCAGTTCC,0,4179470
yadE_predicted,0.5,1,1,CCGGGGTTCAACACAAGGAC,0,4188014
yadE_predicted,0.5,1,1,CCGGCGTAGTGGAATAAATT,0,4171054
yadE_predicted,0.5,1,1,CCGGCGCGTTAACTGCTCGT,0,4186927
yadE_predicted,0.5,1,1,CCGGCCTCACTGGACGGTTT,0,4232122
yadE_predicted,0.5,1,1,CCGGATTTGGATGTACATTC,0,4173508
yadE_predicted,0.5,1,1,CCGGATGCGGCCGAGCATTC,0,4209571
yadE_predicted,0.5,1,1,CCGGACCGGGATATGTACAT,0,4188202
yadE_predicted,0.5,1,1,CCGGAATGAGACGGGACACA,0,4240502
yadE_predicted,0.5,1,1,CCGGAAGCTCCTTAGGGTGA,0,4205947
yadE_predicted,0.5,1,1,CCGGAAGACACGTATTCGCC,0,4175474
yadE_predicted,0.5,1,1,CCGCTATCATCCCATTAATC,0,4217844
yadE_predicted,0.5,1,1,CCGCGTTTAGCCCTCTCAGT,0,4160872
yadE_predicted,0.5,1,1,CCGCGGTAGGCGAGACTCCC,0,4203421
yadE_predicted,0.5,1,1,CCGCGAGTTTCGCGGATAAG,0,4203886
yadE_predicted,0.5,1,1,CCGCCCTGGCCCATCCCTGG,0,4209014
yadE_predicted,0.5,1,1,CCGCCCGCACGCCGCCCACT,0,4179570
yadE_predicted,0.5,1,1,CCGCCCCTATCGGAGTGCAA,0,4170802
yadE_predicted,0.5,1,1,CCGCAGATATTCGAATTGCA,0,4173368
yadE_predicted,0.5,1,1,CCGCAATATCGAGCAGCCAC,0,4239797
yadE_predicted,0.5,1,1,CCGAGTTTAGGCGGGGACAC,0,4184416
yadE_predicted,0.5,1,1,CCGAGTCCGGACCTAGTAGA,0,4165774
yadE_predicted,0.5,1,1,CCGAGTCATCCACCGACCGA,0,4183673
yadE_predicted,0.5,1,1,CCGAGAAGGCAATCTTGGCG,0,4183658
yadE_predicted,0.5,1,1,CCGACTTGTTGGCTCGCTCA,0,4161969
yadE_predicted,0.5,1,1,CCCTTTACCTTGGTAGATAA,0,4224940
yadE_predicted,0.5,1,1,CCCTTGGCTGCCAAGGGGAC,0,4202863
yadE_predicted,0.5,1,1,CCCTGCTTGTGTGCAGTCGG,0,4231187
yadE_predicted,0.5,1,1,CCCTCGTGTCCTTAGGGTTC,0,4239590
yadE_predicted,0.5,1,1,CCCTCGGGATAAACGGCACA,0,4182292
yadE_predicted,0.5,1,1,CCCTCCTGAGCAGTGTTGCC,0,4186845
yadE_predicted,0.5,1,1,CCCTCAGACAAGTGACCTGG,0,4195516
yadE_predicted,0.5,1,1,CCCTCACTGATCTCTACGAC,0,4240730
yadE_predicted,0.5,1,1,CCCTATGGTATGGCCTACAT,0,4212484
yadE_predicted,0.5,1,1,CCCTATACGTGCCAAATAAT,0,4211204
yadE_predicted,0.5,1,1,CCCTAGCAACGCTGTCACGA,0,4215979
yadE_predicted,0.5,1,1,CCCTACGAAATTCGAACTGA,0,4191338
yadE_predicted,0.5,1,1,CCCTACATTTGCTATTGCAA,0,4165009
yadE_predicted,0.5,1,1,CCCTACATTCAGTCGAGCCT,0,4184147
yadE_predicted,0.5,1,1,CCCGTCTGCGCGAGTTATAA,0,4211677
yadE_predicted,0.5,1,1,CCCGGGTGTGTGCCCCTAAC,0,4186150
yadE_predicted,0.5,1,1,CCCGGCTTAGTTGCCCCCCC,0,4169506
yadE_predicted,0.5,1,1,CCCGCGTCGGACATACCCCT,0,4194750
yadE_predicted,0.5,1,1,CCCGCCAAGTTTACAACCCT,0,4194826
yadE_predicted,0.5,1,1,CCCGCACTTATGCCATTTTG,0,4189008
yadE_predicted,0.5,1,1,CCCGATAACCCGAGTCTTTG,0,4172996
yadE_predicted,0.5,1,1,CCCGACTGACGAGGGGCATG,0,4164498
yadE_predicted,0.5,1,1,CCCCGTAAAAACCCACTGTT,0,4235939
yadE_predicted,0.5,1,1,CCCCCGAGGAAATGGAGGCG,0,4187951
yadE_predicted,0.5,1,1,CCCCCCCGTTCCAGTTTAGG,0,4184559
yadE_predicted,0.5,1,1,CCCCCAGAAGCTGAGGCTAT,0,4165650
yadE_predicted,0.5,1,1,CCCCATGTAGACGGGGAGGC,0,4234437
yadE_predicted,0.5,1,1,CCCCAGGCATATAGCACCCA,0,4166226
yadE_predicted,0.5,1,1,CCCATTGCTTGTCTACGCTC,0,4181299
yadE_predicted,0.5,1,1,CCCATAAGGCCAGTCTCTCC,0,4240509
yadE_predicted,0.5,1,1,CCCAGGGGTGCACGTAAAAC,0,4172935
yadE_predicted,0.5,1,1,CCCAGATTTTGGGAAACAGC,0,4214629
yadE_predicted,0.5,1,1,CCCAGACCCGAAAATACAGT,0,4223266
yadE_predicted,0.5,1,1,CCCACTGGGTACTGGCGGGT,0,4218983
yadE_predicted,0.5,1,1,CCCACATATGGGAGTCGAAG,0,4208237
yadE_predicted,0.5,1,1,CCCAATGGCGCGGTGTTGCA,0,4176436
yadE_predicted,0.5,1,1,CCCAATACTGGTTTTCGACC,0,4164614
yadE_predicted,0.5,1,1,CCCAAGTTAATGAGAACACA,0,4175574
yadE_predicted,0.5,1,1,CCATTTGCTCTCATTGATGT,0,4227343
yadE_predicted,0.5,1,1,CCATTTCCAATGATCCCTTC,0,4186450
yadE_predicted,0.5,1,1,CCATTGGACAAGGGGAACAT,0,4235323
yadE_predicted,0.5,1,1,CCATGTCCAAAATGGAGGAC,0,4181195
yadE_predicted,0.5,1,1,CCATGTCACGCGTCTTAGTA,0,4168534
yadE_predicted,0.5,1,1,CCATGGGCAAACGGAGGACA,0,4172091
yadE_predicted,0.5,1,1,CCATCTCAGCCACTTCAATG,0,4173097
yadE_predicted,0.5,1,1,CCATCGGACATGTACCGTGT,0,4189648
yadE_predicted,0.5,1,1,CCATCGCCGGAAGCTAGCGC,0,4189284
yadE_predicted,0.5,1,1,CCATCACCTATCGGTAAGTG,0,4224696
yadE_predicted,0.5,1,1,CCATAAATATGCATTCAAAA,0,4181160
yadE_predicted,0.5,1,1,CCATAAATATCGCTTGTTGC,0,4177952
yadE_predicted,0.5,1,1,CCAGTGGCAATGCCGGAATG,0,4193042
yadE_predicted,0.5,1,1,CCAGTAGCTAAAGCGGCGGA,0,4234758
yadE_predicted,0.5,1,1,CCAGGTAATTTGGTGCTGAC,0,4218458
yadE_predicted,0.5,1,1,CCAGGGTCACTAAGTGTATT,0,4182171
yadE_predicted,0.5,1,1,CCAGGCAGTCGATGGCGGGA,0,4237013
yadE_predicted,0.5,1,1,CCAGGATGACCGTGCGCGAC,0,4180822
yadE_predicted,0.5,1,1,CCAGGATAATGGCATATCAA,0,4168886
yadE_predicted,0.5,1,1,CCAGGAGGACACCGAAAGTC,0,4210258
yadE_predicted,0.5,1,1,CCAGCTTACTCGAGATCAGG,0,4176490
yadE_predicted,0.5,1,1,CCAGCCGTAGGGAGCTAGGA,0,4213460
yadE_predicted,0.5,1,1,CCAGCCCAACAATCGTGGAG,0,4198464
yadE_predicted,0.5,1,1,CCAGCATAGGCACTGGAGCT,0,4178374
yadE_predicted,0.5,1,1,CCAGCAACATATAATGCCAC,0,4224669
yadE_predicted,0.5,1,1,CCAGCAAAGCTCTCCCGTGC,0,4225498
yadE_predicted,0.5,1,1,CCAGATGATAGGTAATACGG,0,4184515
yadE_predicted,0.5,1,1,CCAGATGAACATCTCACGTG,0,4164257
yadE_predicted,0.5,1,1,CCACTTACGTAGTGCTTGCG,0,4193488
yadE_predicted,0.5,1,1,CCACTGTGGCAATCCCCGTC,0,4200180
yadE_predicted,0.5,1,1,CCACTGAGATTCCGACATTG,0,4164166
yadE_predicted,0.5,1,1,CCACGTTACATAGGATCTTA,0,4203570
yadE_predicted,0.5,1,1,CCACGGGATCGATTTTTCCA,0,4232099
yadE_predicted,0.5,1,1,CCACGCTAAACCCAAGGCAG,0,4194849
yadE_predicted,0.5,1,1,CCACGCATATCAGCGTATTT,0,4198309
yadE_predicted,0.5,1,1,CCACGCAATCCACTTCTTAT,0,4225656
yadE_predicted,0.5,1,1,CCACGAAGCGGCCTCCCCTT,0,4194659
yadE_predicted,0.5,1,1,CCACCCGTTCGGAGACACGC,0,4160160
yadE_predicted,0.5,1,1,CCACAGTTTGTCGCGAGAAG,0,4225996
yadE_predicted,0.5,1,1,CCACAGCACGGATTAGATGC,0,4205894
yadE_predicted,0.5,1,1,CCAATCTTGCCTTGATGGCG,0,4205914
yadE_predicted,0.5,1,1,CCAAGGAATCAGGCGCGGCA,0,4202666
yadE_predicted,0.5,1,1,CCAACTAAGAACTACCAAGA,0,4210384
yadE_predicted,0.5,1,1,CCAAAGTGTCCTAGTGGATG,0,4187831
yadE_predicted,0.5,1,1,CCAAACTAAGTGATAGCTTA,0,4229098
yadE_predicted,0.5,1,1,CCAAACCAGCTTTCCCAGAC,0,4160950
yadE_predicted,0.5,1,1,CATTTGCAACGCTCACGACT,0,4190988
yadE_predicted,0.5,1,1,CATTGTTGTTAGGCGTCCTC,0,4162839
yadE_predicted,0.5,1,1,CATTGCGTGAGTGCATTCCA,0,4199582
yadE_predicted,0.5,1,1,CATTGCCCCATGACTTACTA,0,4177709
yadE_predicted,0.5,1,1,CATTGAATTTTTCACGTGCT,0,4232211
yadE_predicted,0.5,1,1,CATTCTAGGCCTGCTTAGCA,0,4219905
yadE_predicted,0.5,1,1,CATTCTAAATTGTGTGGCAA,0,4160487
yadE_predicted,0.5,1,1,CATTCCTTCGCTTCTTATAG,0,4233635
yadE_predicted,0.5,1,1,CATTAGGGCTATCTAAGGCG,0,4227780
yadE_predicted,0.5,1,1,CATTAGGAAGCCGGGCTCGA,0,4186143
yadE_predicted,0.5,1,1,CATTAGCGTGAAGGATTTTG,0,4176653
yadE_predicted,0.5,1,1,CATTAGATTCAGCCCCTCAA,0,4185483
yadE_predicted,0.5,1,1,CATTAAAGTTTACTAGGGAC,0,4185278
yadE_predicted,0.5,1,1,CATGTCGGAGCGTCTACAGA,0,4161261
yadE_predicted,0.5,1,1,CATGTCCGGCGCTAGATGGG,0,4206152
yadE_predicted,0.5,1,1,CATGGTGATTAGCGGCCGAT,0,4208324
yadE_predicted,0.5,1,1,CATGCTGTATGCGTTAACAA,0,4215385
yadE_predicted,0.5,1,1,CATGCTAGCAAGGGAGTGCG,0,4218833
yadE_predicted,0.5,1,1,CATGCGCCTGAAAAGCGCCA,0,4209090
yadE_predicted,0.5,1,1,CATGCATCGAGACTTGGTCG,0,4222913
yadE_predicted,0.5,1,1,CATGATTGCAAAATGCATCG,0,4174294
yadE_predicted,0.5,1,1,CATGAGTTCATACATGTCCA,0,4201918
yadE_predicted,0.5,1,1,CATGACGTAAGTCGGCTTGA,0,4229221
yadE_predicted,0.5,1,1,CATCTTGGCCTACGGCGCTG,0,4234589
yadE_predicted,0.5,1,1,CATCTTGCGCAAATCCGCGT,0,4209775
yadE_predicted,0.5,1,1,CATCTAACGGGACGCAAAAT,0,4187330
yadE_predicted,0.5,1,1,CATCGCTTCATTGGAGTTAG,0,4198564
yadE_predicted,0.5,1,1,CATCCTCACCGCACCACCAC,0,4218168
yadE_predicted,0.5,1,1,CATCCCATAAATCACGGAAA,0,4216394
yadE_predicted,0.5,1,1,CATCACAACTGGAAACGTTA,0,4220180
yadE_predicted,0.5,1,1,CATCAACGGAGGTGTTCAGG,0,4239438
yadE_predicted,0.5,1,1,CATATGGCCGAATAGTAATC,0,4226656
yadE_predicted,0.5,1,1,CATATGCTAATTTAGTAATC,0,4204630
yadE_predicted,0.5,1,1,CATATGCGGAGTCGTCCGCC,0,4197620
yadE_predicted,0.5,1,1,CATATCGGGTCTTCGTAATT,0,4164310
yadE_predicted,0.5,1,1,CATATCATGCATTTCTAAAT,0,4164762
yadE_predicted,0.5,1,1,CATATATTGGTAACCAACAA,0,4198902
yadE_predicted,0.5,1,1,CATATACCGACCATCCTCAT,0,4190020
yadE_predicted,0.5,1,1,CATATAATTTCGGAAGCCAT,0,4240144
yadE_predicted,0.5,1,1,CATACGCCAGAATAGGTTTC,0,4231858
yadE_predicted,0.5,1,1,CATACACAGTGACCCGAGTT,0,4169309
yadE_predicted,0.5,1,1,CAGTTTTGTGATCCTAATTA,0,4195058
yadE_predicted,0.5,1,1,CAGTTGTGAGGTTTTTTAGA,0,4193024
yadE_predicted,0.5,1,1,CAGTTGCACGAAGGTGCAGT,0,4224630
yadE_predicted,0.5,1,1,CAGTTCCTCTTTTTCTCTCA,0,4185350
yadE_predicted,0.5,1,1,CAGTGATGCCAGCACGGGCT,0,4190536
yadE_predicted,0.5,1,1,CAGTCCACGTGGGTCAGCAG,0,4188101
yadE_predicted,0.5,1,1,CAGTCAAGGCCTCCTAGCCA,0,4214568
yadE_predicted,0.5,1,1,CAGTATGTAACTGCAGCACT,0,4227266
yadE_predicted,0.5,1,1,CAGTATACCTAAATTGGCGT,0,4193923
yadE_predicted,0.5,1,1,CAGTAGCCGTGCCCGGCGTC,0,4228599
yadE_predicted,0.5,1,1,CAGTAGACAGTACTTAGGTC,0,4216974
yadE_predicted,0.5,1,1,CAGTACGGCTGCATTGTTAA,0,4168578
yadE_predicted,0.5,1,1,CAGGTTATATGGTCGGGAAT,0,4214909
yadE_predicted,0.5,1,1,CAGGTGTACGAGGGGTCCGG,0,4159900
yadE_predicted,0.5,1,1,CAGGTGATCGGACTCTAAGT,0,4238818
yadE_predicted,0.5,1,1,CAGGGAATGGACCTGATCCC,0,4238270
yadE_predicted,0.5,1,1,CAGGCGTTTGATATTTGACT,0,4180838
yadE_predicted,0.5,1,1,CAGGAAAGACCAAGATTACC,0,4187862
yadE_predicted,0.5,1,1,CAGCTCTTGTTTGAAAGCCA,0,4183156
yadE_predicted,0.5,1,1,CAGCTAGTCCCGGCATCGCG,0,4173296
yadE_predicted,0.5,1,1,CAGCGTTTACCAAGTGCTTT,0,4227852
yadE_predicted,0.5,1,1,CAGCGGGAGCTATCACGCCA,0,4236971
yadE_predicted,0.5,1,1,CAGCCTATGCACTTCACGAC,0,4204724
yadE_predicted,0.5,1,1,CAGCCGGCGCACGACAGTAA,0,4224016
yadE_predicted,0.5,1,1,CAGCATACTCCCGGTGTCCT,0,4217235
yadE_predicted,0.5,1,1,CAGCATAAGCCATCGGCCTA,0,4224602
yadE_predicted,0.5,1,1,CAGCACCCTAGCGCAATTGA,0,4222561
yadE_predicted,0.5,1,1,CAGCAATCGCATATGGCCAC,0,4175084
yadE_predicted,0.5,1,1,CAGAGGTTGATCGGTCTACA,0,4198134
yadE_predicted,0.5,1,1,CAGACTGTGCCCCTGGGTAA,0,4168434
yadE_predicted,0.5,1,1,CAGACTGGAAAACGCGTACT,0,4159794
yadE_predicted,0.5,1,1,CAGACCTTATCGTTCGAAGT,0,4193796
yadE_predicted,0.5,1,1,CAGACATCCGAATGAGATAA,0,4237313
yadE_predicted,0.5,1,1,CAGAATTCACCTCAAAGGTT,0,4165305
yadE_predicted,0.5,1,1,CAGAAGTAACGTCTTCTCTA,0,4241171
yadE_predicted,0.5,1,1,CAGAACGGGGGGCCGAAGTG,0,4166026
yadE_predicted,0.5,1,1,CAGAACCCGCCGTAAAAAGC,0,4216012
yadE_predicted,0.5,1,1,CAGAAACCTTTTCACATGCA,0,4185241
yadE_predicted,0.5,1,1,CACTTTTAGCGTTACTGACA,0,4165188
yadE_predicted,0.5,1,1,CACTTTCATGCATACACAGC,0,4180359
yadE_predicted,0.5,1,1,CACTGTGGAAGGTTCTGATT,0,4166045
yadE_predicted,0.5,1,1,CACTGGGGGACCGTACATGA,0,4190731
yadE_predicted,0.5,1,1,CACTGGACTCGAGTCGTGTC,0,4159476
yadE_predicted,0.5,1,1,CACTCAGGCACGGGAACAGG,0,4213272
yadE_predicted,0.5,1,1,CACTCAAGGGGTGCCAGGAA,0,4194869
yadE_predicted,0.5,1,1,CACTATTGCCATTACCTAAC,0,4214189
yadE_predicted,0.5,1,1,CACTAGGGGTATTCGTCCTA,0,4182421
yadE_predicted,0.5,1,1,CACTAGAACGTAACGGCGCA,0,4236566
yadE_predicted,0.5,1,1,CACTAAGCTATGCAGTATGT,0,4230764
yadE_predicted,0.5,1,1,CACTAACCTATATATTTATG,0,4177439
yadE_predicted,0.5,1,1,CACGTTTTTAAGGGAATCAA,0,4201178
yadE_predicted,0.5,1,1,CACGTTACGCTCATTGTTCG,0,4237455
yadE_predicted,0.5,1,1,CACGTAAACGGAGCGTGCAG,0,4230711
yadE_predicted,0.5,1,1,CACGGGAACAAGAATTCGGG,0,4162811
yadE_predicted,0.5,1,1,CACGGCGAACTAGAGACTGT,0,4166173
yadE_predicted,0.5,1,1,CACGCGTGTAACGTCGCGGA,0,4182816
yadE_predicted,0.5,1,1,CACGCGTGGACGAGCATATT,0,4187489
yadE_predicted,0.5,1,1,CACGCCATGGTGTTAAACTC,0,4188420
yadE_predicted,0.5,1,1,CACGCACCTATCTTAAGACC,0,4193041
yadE_predicted,0.5,1,1,CACGATGGTGAATATCTCAT,0,4228965
yadE_predicted,0.5,1,1,CACGAACAATTTCCTCACCC,0,4211855
yadE_predicted,0.5,1,1,CACCGCGCGGATGCCGAGTG,0,4199145
yadE_predicted,0.5,1,1,CACCGAGTCCTTGAAAGTCG,0,4215037
yadE_predicted,0.5,1,1,CACCCGGTCGTGAGAAGGGC,0,4205807
yadE_predicted,0.5,1,1,CACCCGCAGTCCGTCATCTC,0,4159969
yadE_predicted,0.5,1,1,CACCCGACTTACGCAGACTG,0,4206704
yadE_predicted,0.5,1,1,CACCCCAGCCAAAGGCAATG,0,4199899
yadE_predicted,0.5,1,1,CACCATTGGATTATACATAT,0,4213100
yadE_predicted,0.5,1,1,CACCATACGGGGACTTGAAG,0,4180882
yadE_predicted,0.5,1,1,CACATGTGGTACGGAATTCT,0,4240008
yadE_predicted,0.5,1,1,CACATACATGCTCCACGTCC,0,4188642
yadE_predicted,0.5,1,1,CACAGCGTCGTGATCTGGGA,0,4166703
yadE_predicted,0.5,1,1,CACAGACTTGTATATGGATA,0,4214622
yadE_predicted,0.5,1,1,CACACTAAAGGTATGTCCAG,0,4170545
yadE_predicted,0.5,1,1,CACACGGGGGTGTGCAGATA,0,4181440
yadE_predicted,0.5,1,1,CACAAGTCGAGTCGAGTGCC,0,4162650
yadE_predicted,0.5,1,1,CACAACATCAGACTGTCTAC,0,4194603
yadE_predicted,0.5,1,1,CACAAACTCCATACGACCCT,0,4229252
yadE_predicted,0.5,1,1,CAATTGTACGGCCGCATAAT,0,4168785
yadE_predicted,0.5,1,1,CAATGTTCCCAGCGCCTGCA,0,4200453
yadE_predicted,0.5,1,1,CAATGCTGTTCAACGTGCGG,0,4170976
yadE_predicted,0.5,1,1,CAATCTGGCTCCTGGTGCAA,0,4233730
yadE_predicted,0.5,1,1,CAATCGAACTATGGTCCCTT,0,4222282
yadE_predicted,0.5,1,1,CAATCCGGTAATTTGGGGAT,0,4189904
yadE_predicted,0.5,1,1,CAATATGCAAGCAACGAATA,0,4218279
yadE_predicted,0.5,1,1,CAATATCACTAAAGCCTTGC,0,4227626
yadE_predicted,0.5,1,1,CAATAATAGCTAAGGCCGTT,0,4188954
yadE_predicted,0.5,1,1,CAAGGTGCGCTCGACACATC,0,4212168
yadE_predicted,0.5,1,1,CAAGGCCGGCAACGATCCGA,0,4185171
yadE_predicted,0.5,1,1,CAAGGAGGTATCAGCTTCTG,0,4210411
yadE_predicted,0.5,1,1,CAAGGAAGGCAAGGAACCGA,0,4165192
yadE_predicted,0.5,1,1,CAAGCTTAGCTACTGGTGAT,0,4191199
yadE_predicted,0.5,1,1,CAAGCTCTGAGAAGGGGAAG,0,4168428
yadE_predicted,0.5,1,1,CAAGCCCAGCCAGTTGGGTG,0,4173898
yadE_predicted,0.5,1,1,CAAGCAGTATAAACTGGATG,0,4199163
yadE_predicted,0.5,1,1,CAAGCAGATGAGTTTACAAC,0,4163902
yadE_predicted,0.5,1,1,CAAGATTTTCGTTGCGCCCT,0,4222324
yadE_predicted,0.5,1,1,CAAGATCTCGGCCTCCGAAG,0,4175941
yadE_predicted,0.5,1,1,CAAGATAAGATCCACTCATT,0,4229772
yadE_predicted,0.5,1,1,CAAGAGTTCTTCATTGCACG,0,4165497
yadE_predicted,0.5,1,1,CAAGAGTGGATGATTATGAC,0,4169519
yadE_predicted,0.5,1,1,CAAGAGCTAGGCCCCCTCTA,0,4208517
yadE_predicted,0.5,1,1,CAAGAACGGCCAGTAGAATT,0,4233178
yadE_predicted,0.5,1,1,CAACGGTTACGTGCAGCGGC,0,4240782
yadE_predicted,0.5,1,1,CAACCGTGTCTATAACATGA,0,4203732
yadE_predicted,0.5,1,1,CAACCCAATAAAGTTACATA,0,4227783
yadE_predicted,0.5,1,1,CAACCAAGCTCCGCATCCTT,0,4184891
yadE_predicted,0.5,1,1,CAACAGCCCCTCATGGACAT,0,4212020
yadE_predicted,0.5,1,1,CAACACGTTCCGGTTCTATT,0,4189834
yadE_predicted,0.5,1,1,CAAATGTTAGGCCCAGGCAT,0,4222440
yadE_predicted,0.5,1,1,CAAATGCAGTGACGACCACC,0,4215041
yadE_predicted,0.5,1,1,CAAATATGTTAAGCGTAAAT,0,4159672
yadE_predicted,0.5,1,1,CAAATATCCGTTCTGCTCCC,0,4169284
yadE_predicted,0.5,1,1,CAAATACAAGTGATTACCAC,0,4162848
yadE_predicted,0.5,1,1,CAAATAAGCCGGGTGGATGG,0,4161228
yadE_predicted,0.5,1,1,CAAAGGCAGTTGAGGCCGAG,0,4184736
yadE_predicted,0.5,1,1,CAAAGCACTACACTAGGACA,0,4203563
yadE_predicted,0.5,1,1,CAAAGATCTAAGAGTGCTAG,0,4190424
yadE_predicted,0.5,1,1,CAAAGAAGGAAACATCACCG,0,4227935
yadE_predicted,0.5,1,1,CAAACAGCGGGGTTTCTAGG,0,4235492
yadE_predicted,0.5,1,1,CAAACAGAATTAACCGCCCC,0,4225031
yadE_predicted,0.5,1,1,CAAAACGACGGAAAGATGGC,0,4236030
yadE_predicted,0.5,1,1,ATTTTTTAACATAAGTTCTT,0,4221385
yadE_predicted,0.5,1,1,ATTTTCAAACGTATGGTTGA,0,4197605
yadE_predicted,0.5,1,1,ATTTTAGCAAAGGTATAGTA,0,4198123
yadE_predicted,0.5,1,1,ATTTGTGGGCTCAGAGCAGT,0,4160031
yadE_predicted,0.5,1,1,ATTTGGTGTCCCGTGAATAC,0,4168268
yadE_predicted,0.5,1,1,ATTTGGAGCATTATTAAATG,0,4214362
yadE_predicted,0.5,1,1,ATTTGATTGCCTCAGTGTTG,0,4214754
yadE_predicted,0.5,1,1,ATTTGATATCGCAAATGGGA,0,4165267
yadE_predicted,0.5,1,1,ATTTCTTTATCTGTATTGAA,0,4174210
yadE_predicted,0.5,1,1,ATTTCTAGGCCCAAACGTTG,0,4239225
yadE_predicted,0.5,1,1,ATTTCAAAATCGCCTTTACA,0,4239262
yadE_predicted,0.5,1,1,ATTTACTCTCATCACCCACG,0,4239593
yadE_predicted,0.5,1,1,ATTTACCCACAAAGCCACTG,0,4182318
yadE_predicted,0.5,1,1,ATTTAAAACAGCGCCGGGGA,0,4164963
yadE_predicted,0.5,1,1,ATTGTTTTTCCTAAATTCTT,0,4187997
yadE_predicted,0.5,1,1,ATTGTCAGGCCATTTTAGCA,0,4172785
yadE_predicted,0.5,1,1,ATTGTAGCCGAACGTTATCC,0,4201851
yadE_predicted,0.5,1,1,ATTGTAAATTAACGGGAATG,0,4177791
yadE_predicted,0.5,1,1,ATTGTAAAAATGTCCTCCTC,0,4238326
yadE_predicted,0.5,1,1,ATTGGTTCGGCCCGTTCGAA,0,4179727
yadE_predicted,0.5,1,1,ATTGGAAGGACGTCGGGGAT,0,4223606
yadE_predicted,0.5,1,1,ATTGCTTGAGACGTCCTTCG,0,4234354
yadE_predicted,0.5,1,1,ATTGCAGTTAATGTAACTGG,0,4224918
yadE_predicted,0.5,1,1,ATTGATACATCTTACAAATT,0,4195663
yadE_predicted,0.5,1,1,ATTGAGTCTGTCTTCCAAAC,0,4203386
yadE_predicted,0.5,1,1,ATTGAAAGCTAGAAGAAATC,0,4185601
yadE_predicted,0.5,1,1,ATTCTGGGCCAGCGTATGCT,0,4177561
yadE_predicted,0.5,1,1,ATTCTGCGACTTCCCGGCCT,0,4223719
yadE_predicted,0.5,1,1,ATTCTGATGGCTGGTGTTTT,0,4237590
yadE_predicted,0.5,1,1,ATTCTCATTGATATTACTGC,0,4210520
yadE_predicted,0.5,1,1,ATTCTATTCTGACACAAGTG,0,4241319
yadE_predicted,0.5,1,1,ATTCGGCCCTTGCCGTTAGT,0,4183499
yadE_predicted,0.5,1,1,ATTCGCCGTATACTGCGGGG,0,4183322
yadE_predicted,0.5,1,1,ATTCCTTGTCCTCATCAACC,0,4214483
yadE_predicted,0.5,1,1,ATTCCGATATAATGGCGGAA,0,4162608
yadE_predicted,0.5,1,1,ATTCCCTATAGATAGATGGC,0,4211815
yadE_predicted,0.5,1,1,ATTCACGTAGGGAGAGGCAA,0,4225495
yadE_predicted,0.5,1,1,ATTATATTAACCTGCACTAT,0,4196678
yadE_predicted,0.5,1,1,ATTATATCAGGGGCTTCTAT,0,4198577
yadE_predicted,0.5,1,1,ATTATAGATTCATATGATGA,0,4233258
yadE_predicted,0.5,1,1,ATTACTTACAGAGTTCACGC,0,4187556
yadE_predicted,0.5,1,1,ATTACTGGCTGAATTGGGTC,0,4233025
yadE_predicted,0.5,1,1,ATTACAGCTCGCGGAATAGG,0,4208791
yadE_predicted,0.5,1,1,ATTAATGCCCCACCAATGCT,0,4209806
yadE_predicted,0.5,1,1,ATTAAGTTGGCATGAACATG,0,4171854
yadE_predicted,0.5,1,1,ATTAAGTCCGGTCATTGCGG,0,4209520
yadE_predicted,0.5,1,1,ATTAACGAGGGGTGGCGAGG,0,4160309
yadE_predicted,0.5,1,1,ATTAACCCGGTTCAGGCAGG,0,4213372
yadE_predicted,0.5,1,1,ATTAAATGGCGAATATGCTG,0,4212407
yadE_predicted,0.5,1,1,ATGTTACCTAGGTTACGAAC,0,4212432
yadE_predicted,0.5,1,1,ATGTTACCGGAATAACGAAA,0,4194320
yadE_predicted,0.5,1,1,ATGTGTGATCATGAACATCA,0,4213278
yadE_predicted,0.5,1,1,ATGTGTATTTACTTGTGCGC,0,4182282
yadE_predicted,0.5,1,1,ATGTGGGCACTCTGGTGCGA,0,4226615
yadE_predicted,0.5,1,1,ATGTGGCCTAGAGTTCTGAT,0,4180347
yadE_predicted,0.5,1,1,ATGTGCAGCACGGCGACACA,0,4239323
yadE_predicted,0.5,1,1,ATGTCTTACATGGCCAGTCC,0,4235610
yadE_predicted,0.5,1,1,ATGTCTCGCGATCGGCCGAA,0,4191800
yadE_predicted,0.5,1,1,ATGTCCGGTATTACTGCGTC,0,4220434
yadE_predicted,0.5,1,1,ATGTCACCTCGCGCTACCTT,0,4174074
yadE_predicted,0.5,1,1,ATGTATTCACCAAGACGTAG,0,4165404
yadE_predicted,0.5,1,1,ATGTATTACAGCGTCAGGAG,0,4234362
yadE_predicted,0.5,1,1,ATGTACCTGGGGGTACAACT,0,4208029
yadE_predicted,0.5,1,1,ATGTACCATGTATTGGACAG,0,4190322
yadE_predicted,0.5,1,1,ATGGTGGCTTGTACACCACT,0,4204577
yadE_predicted,0.5,1,1,ATGGTGCCTGGGTTGCAGTG,0,4176456
yadE_predicted,0.5,1,1,ATGGTACGCTTGGAGGAGCA,0,4186799
yadE_predicted,0.5,1,1,ATGGGTCGCACTGGTGATGT,0,4207089
yadE_predicted,0.5,1,1,ATGGGTCCCAGTGCGTATCT,0,4233118
yadE_predicted,0.5,1,1,ATGGGGCGACGTATGGTCCA,0,4207429
yadE_predicted,0.5,1,1,ATGGGGAAAGCCGGACTTGA,0,4198700
yadE_predicted,0.5,1,1,ATGGGATATAAGCGTATTAG,0,4219300
yadE_predicted,0.5,1,1,ATGGGAGCGGCTCACAATCC,0,4204939
yadE_predicted,0.5,1,1,ATGGCTCTAGCTATTTCAAA,0,4209873
yadE_predicted,0.5,1,1,ATGGCGGTCAGCCCTCCCCA,0,4162790
yadE_predicted,0.5,1,1,ATGGCGACGGCAGCCATCGT,0,4221946
yadE_predicted,0.5,1,1,ATGGATGTGATGGTCACTTG,0,4176668
yadE_predicted,0.5,1,1,ATGGATCCTCGTCGGGATCT,0,4223424
yadE_predicted,0.5,1,1,ATGGATAACCCTGGGCGGCC,0,4232955
yadE_predicted,0.5,1,1,ATGGAGTGTGTTTACACACA,0,4232398
yadE_predicted,0.5,1,1,ATGGACAGGCTTTATACAGC,0,4160719
yadE_predicted,0.5,1,1,ATGCTGTTAGGCTTCCATCT,0,4166603
yadE_predicted,0.5,1,1,ATGCGGCGGCGCGGGGTGGG,0,4176352
yadE_predicted,0.5,1,1,ATGCCTGAGAAGGAGACCAA,0,4210128
yadE_predicted,0.5,1,1,ATGCCGCAAGTAGATCAGAC,0,4165307
yadE_predicted,0.5,1,1,ATGCCCCATAGTGATATACA,0,4237170
yadE_predicted,0.5,1,1,ATGCCATTTTGATTTTGGCG,0,4227726
yadE_predicted,0.5,1,1,ATGCCAGCGGAGTGACCCCC,0,4178187
yadE_predicted,0.5,1,1,ATGCCAGAACTACCGTGGGT,0,4212865
yadE_predicted,0.5,1,1,ATGCCAAACAGGTGCGTCCC,0,4223431
yadE_predicted,0.5,1,1,ATGCACTTGTCGTCTTTAGC,0,4207126
yadE_predicted,0.5,1,1,ATGCAACGATGTTTTGACGC,0,4199844
yadE_predicted,0.5,1,1,ATGCAACCAGGACCCCTGCA,0,4209671
yadE_predicted,0.5,1,1,ATGCAACAATTTGCCACCTT,0,4184133
yadE_predicted,0.5,1,1,ATGATTTATCAGCGTGGTTG,0,4168668
yadE_predicted,0.5,1,1,ATGATGGTTTCAAGGTACGT,0,4202286
yadE_predicted,0.5,1,1,ATGATGACAAATCGGCGTTA,0,4212193
yadE_predicted,0.5,1,1,ATGATCACGTGATGTAAACC,0,4201987
yadE_predicted,0.5,1,1,ATGATATAGGTTAGCATCAG,0,4230175
yadE_predicted,0.5,1,1,ATGATACTCTCCTCAGATAT,0,4202230
yadE_predicted,0.5,1,1,ATGAGCTACGCGCTTTTGCA,0,4209149
yadE_predicted,0.5,1,1,ATGAGACTCCGAGTCACCAC,0,4240263
yadE_predicted,0.5,1,1,ATGAGAAGGGTTACAGGTCA,0,4221190
yadE_predicted,0.5,1,1,ATGAGAAGGCGCAACTTTGT,0,4177549
yadE_predicted,0.5,1,1,ATGACGAGTGAATATTGATT,0,4162998
yadE_predicted,0.5,1,1,ATGACCGGGGGGCACCATTT,0,4228888
yadE_predicted,0.5,1,1,ATGACAGCACATCTCCCGCC,0,4222210
yadE_predicted,0.5,1,1,ATGAATCTGATTCCTTCGCA,0,4227315
yadE_predicted,0.5,1,1,ATGAATCATTGTGTACTTTC,0,4208962
yadE_predicted,0.5,1,1,ATGAACCGTAACTTTAAACG,0,4182061
yadE_predicted,0.5,1,1,ATCTTTCTCGTTCCACTCCT,0,4190580
yadE_predicted,0.5,1,1,ATCTTGCCCTAAGGCCGAGT,0,4211729
yadE_predicted,0.5,1,1,ATCTTACAACAGCGCCAAGG,0,4221972
yadE_predicted,0.5,1,1,ATCTGTCTATTGACCGTGGT,0,4161735
yadE_predicted,0.5,1,1,ATCTGTATGTGGCGGTGCAG,0,4224631
yadE_predicted,0.5,1,1,ATCTGGATCTACCGGTCAGG,0,4239153
yadE_predicted,0.5,1,1,ATCTCTGGAAGGTCCCCATG,0,4187687
yadE_predicted,0.5,1,1,ATCTCGAGCAAGAAGTATAT,0,4222701
yadE_predicted,0.5,1,1,ATCTCCTCGCGGTGCACAGC,0,4213630
yadE_predicted,0.5,1,1,ATCTCCGGTACAGGCGCATC,0,4166990
yadE_predicted,0.5,1,1,ATCTCAAATGCGGGAAGGGT,0,4234125
yadE_predicted,0.5,1,1,ATCTACCCTCTTCATCCTTT,0,4219197
yadE_predicted,0.5,1,1,ATCTAAGCAGAATCTACATC,0,4174587
yadE_predicted,0.5,1,1,ATCGTGCACGACTATCTTTG,0,4232523
yadE_predicted,0.5,1,1,ATCGTCTATCCAGTACTTGT,0,4217393
yadE_predicted,0.5,1,1,ATCGGTGGTTAGAATTAGCA,0,4240190
yadE_predicted,0.5,1,1,ATCGGTCAATCAGACTACGC,0,4217488
yadE_predicted,0.5,1,1,ATCGCGTCAGCGGTAAAGAA,0,4169534
yadE_predicted,0.5,1,1,ATCGCCTGACGTGCGACGCC,0,4208959
yadE_predicted,0.5,1,1,ATCGCCGGGGCGTACACATT,0,4233847
yadE_predicted,0.5,1,1,ATCGCCAGTAGGACGGGCGT,0,4189670
yadE_predicted,0.5,1,1,ATCGAGTAGTAGTAGTGCAT,0,4204285
yadE_predicted,0.5,1,1,ATCGAATATACCTAGCCACC,0,4214334
yadE_predicted,0.5,1,1,ATCCTGGCCTGACTGCTTGT,0,4224844
yadE_predicted,0.5,1,1,ATCCTGGCAGCCTCGGTTAC,0,4220664
yadE_predicted,0.5,1,1,ATCCTGAGTAAGATTTCAGA,0,4180803
yadE_predicted,0.5,1,1,ATCCTAGGGTTTTTTCTGCG,0,4193533
yadE_predicted,0.5,1,1,ATCCGTACATCGGGAAGACG,0,4197929
yadE_predicted,0.5,1,1,ATCCGGCCAATGTTAACGAT,0,4209504
yadE_predicted,0.5,1,1,ATCCCTTGATTCTATTTAGG,0,4210101
yadE_predicted,0.5,1,1,ATCCCCAGGGATTGACGGAC,0,4177787
yadE_predicted,0.5,1,1,ATCCAGATTAAAGTACAATC,0,4200842
yadE_predicted,0.5,1,1,ATCCAAGGATCATCTCCTGG,0,4237644
yadE_predicted,0.5,1,1,ATCATGTGTTCGTAACATTC,0,4222479
yadE_predicted,0.5,1,1,ATCATGTCAGTGAGGTTGGA,0,4205452
yadE_predicted,0.5,1,1,ATCATACAAGTCCATCGGTT,0,4197693
yadE_predicted,0.5,1,1,ATCAGTTTGGTCCTCGCGGA,0,4159730
yadE_predicted,0.5,1,1,ATCAGTTAGACGACCGTGTA,0,4207033
yadE_predicted,0.5,1,1,ATCACTGAGTTCGACTGTTG,0,4216844
yadE_predicted,0.5,1,1,ATCACCCACAAACATATTGC,0,4222008
yadE_predicted,0.5,1,1,ATCACATTCCCGGAGTAACA,0,4201751
yadE_predicted,0.5,1,1,ATCACAGCGGCGTCCAATCG,0,4171620
yadE_predicted,0.5,1,1,ATCAATCCTCTGTAGCGAAT,0,4187028
yadE_predicted,0.5,1,1,ATATTGTAAGCTCCAGTCCA,0,4227561
yadE_predicted,0.5,1,1,ATATTGGCTCACTTCAGTGC,0,4185659
yadE_predicted,0.5,1,1,ATATTCCTCCTGTCACCCGT,0,4229934
yadE_predicted,0.5,1,1,ATATGTCTAGACAGTTAAAA,0,4176522
yadE_predicted,0.5,1,1,ATATGTCGGTCTATAGGGCT,0,4179964
yadE_predicted,0.5,1,1,ATATCCTGCAAAGATTGATC,0,4189886
yadE_predicted,0.5,1,1,ATATCCCCTGGCGCAGGATA,0,4197338
yadE_predicted,0.5,1,1,ATATCCCCCACATCGCTCCG,0,4240291
yadE_predicted,0.5,1,1,ATATCAGACACTAGGATTAT,0,4215884
yadE_predicted,0.5,1,1,ATATCAAGGACCACTCTTTG,0,4162667
yadE_predicted,0.5,1,1,ATATCAACCACTGCAACCGT,0,4189182
yadE_predicted,0.5,1,1,ATATATAGCTCCGCCATAGT,0,4182299
yadE_predicted,0.5,1,1,ATATAGGGACTCTCGGGCTC,0,4187822
yadE_predicted,0.5,1,1,ATATAGCATTCACATACGTA,0,4214877
yadE_predicted,0.5,1,1,ATATAAGAAAGCGTGAGGCA,0,4200812
yadE_predicted,0.5,1,1,ATAGTTAACTGCTGTTGCCC,0,4223028
yadE_predicted,0.5,1,1,ATAGTGTATGGCGCTTTTCC,0,4208009
yadE_predicted,0.5,1,1,ATAGTCACTTCGAGCTGTTG,0,4203490
yadE_predicted,0.5,1,1,ATAGTAAGGAACTTGGGCTG,0,4193845
yadE_predicted,0.5,1,1,ATAGGTGGTACTCGCTATGT,0,4193120
yadE_predicted,0.5,1,1,ATAGGTCTTACAGGTCTTCC,0,4217135
yadE_predicted,0.5,1,1,ATAGGGCAAATCAAAACAAC,0,4205512
yadE_predicted,0.5,1,1,ATAGGGACATCGCCGAGGAA,0,4231198
yadE_predicted,0.5,1,1,ATAGGCCGAGAATCGCTACG,0,4236633
yadE_predicted,0.5,1,1,ATAGGAAGATTTCAAAGACT,0,4179476
yadE_predicted,0.5,1,1,ATAGCTGTCCGCTTCTATAT,0,4226058
yadE_predicted,0.5,1,1,ATAGCAGAGCTTCCGATATA,0,4191079
yadE_predicted,0.5,1,1,ATAGCACAGATTCTTATACC,0,4186413
yadE_predicted,0.5,1,1,ATAGCACACGCTGTCAGGCA,0,4209836
yadE_predicted,0.5,1,1,ATAGACGAAGGCACGTAGCC,0,4190885
yadE_predicted,0.5,1,1,ATACTAACTAAGTCGTTACG,0,4167133
yadE_predicted,0.5,1,1,ATACGGGATGACCGGCCACC,0,4188408
yadE_predicted,0.5,1,1,ATACGGGACTTGTGGTGATA,0,4215682
yadE_predicted,0.5,1,1,ATACGGACGTACTGACTCTG,0,4222700
yadE_predicted,0.5,1,1,ATACGCGCCCGGGGTCCTTG,0,4227074
yadE_predicted,0.5,1,1,ATACGCAACAATGGCATCAG,0,4220988
yadE_predicted,0.5,1,1,ATACGATAGTAGCGGCCCAC,0,4195501
yadE_predicted,0.5,1,1,ATACGAAGTCTTTTTCCAGA,0,4234094
yadE_predicted,0.5,1,1,ATACCCGTATGCGGGCCGGA,0,4203605
yadE_predicted,0.5,1,1,ATACAACCCGATTCCATAAC,0,4178144
yadE_predicted,0.5,1,1,ATAATTGAGTTCTACTTACT,0,4181936
yadE_predicted,0.5,1,1,ATAATGCCTCTCGACAAACG,0,4205489
yadE_predicted,0.5,1,1,ATAAGCTCGCGCTCTAAGGC,0,4224957
yadE_predicted,0.5,1,1,ATAAGCCTAATTGAGTTTCT,0,4209949
yadE_predicted,0.5,1,1,ATAACCTGCCCGGCACAAAT,0,4162614
yadE_predicted,0.5,1,1,ATAACCTAGGCATGCAACAA,0,4222624
yadE_predicted,0.5,1,1,ATAACCCTATATCCGCACCA,0,4213569
yadE_predicted,0.5,1,1,ATAAATCCAGTTTATGCCCA,0,4163430
yadE_predicted,0.5,1,1,ATAAAGCTTTGCACAAGAGC,0,4188395
yadE_predicted,0.5,1,1,AGTTTTGGCCCCTGCTCCGC,0,4159394
yadE_predicted,0.5,1,1,AGTTTCTAAACGCACAAAGA,0,4168871
yadE_predicted,0.5,1,1,AGTTTCGGAGACGGAAATTC,0,4241409
yadE_predicted,0.5,1,1,AGTTTAACTGATCAATGCCC,0,4178766
yadE_predicted,0.5,1,1,AGTTTAAATAATAAAGGGGA,0,4203462
yadE_predicted,0.5,1,1,AGTTGATGCTGTCAGGTTTA,0,4203436
yadE_predicted,0.5,1,1,AGTTGAACTAATCTAGACCA,0,4170302
yadE_predicted,0.5,1,1,AGTTCTGTATCTTGTGTCTC,0,4181500
yadE_predicted,0.5,1,1,AGTTCCGTACAACTCAGCGA,0,4174971
yadE_predicted,0.5,1,1,AGTTCCGCGGAAAGTGAGAT,0,4162818
yadE_predicted,0.5,1,1,AGTTATTCAGATTATTTGAT,0,4227539
yadE_predicted,0.5,1,1,AGTTAGTTTCTTTGTGCTCA,0,4228358
yadE_predicted,0.5,1,1,AGTTAGGCGGCTCGCTGAGC,0,4206864
yadE_predicted,0.5,1,1,AGTTAGAGCGCGGCGTCCAG,0,4228940
yadE_predicted,0.5,1,1,AGTTAATCTAAGTGAGGACA,0,4166506
yadE_predicted,0.5,1,1,AGTGTTTACCGGTCGTATAG,0,4203758
yadE_predicted,0.5,1,1,AGTGTTGAATGTCTAGCGTG,0,4232086
yadE_predicted,0.5,1,1,AGTGTCCTAGCTATCATTAG,0,4173694
yadE_predicted,0.5,1,1,AGTGTCACTCCGTTTCATCG,0,4236520
yadE_predicted,0.5,1,1,AGTGTCACGTCTTGGGCGAC,0,4238723
yadE_predicted,0.5,1,1,AGTGGAGTCCGCGAGCTTGT,0,4209961
yadE_predicted,0.5,1,1,AGTGCTCCCTATGTGCAAAT,0,4206746
yadE_predicted,0.5,1,1,AGTGCGGGGCCACTGGACAA,0,4211722
yadE_predicted,0.5,1,1,AGTGATAAGGATATGGCCGG,0,4190907
yadE_predicted,0.5,1,1,AGTGAGTCCAACCCTTGGTC,0,4228345
yadE_predicted,0.5,1,1,AGTGACATACTTAACGTAAC,0,4170837
yadE_predicted,0.5,1,1,AGTGAAGGCTTGGTTAGCGT,0,4194183
yadE_predicted,0.5,1,1,AGTGAACCCTGAGCTAGCAG,0,4160962
yadE_predicted,0.5,1,1,AGTGAAAAAGGAAGCCTATT,0,4162222
yadE_predicted,0.5,1,1,AGTCTACTCACTCGATCTGA,0,4200804
yadE_predicted,0.5,1,1,AGTCGATCTCTAGCCGGGAA,0,4167894
yadE_predicted,0.5,1,1,AGTCAGTATACTGTCATGCC,0,4169426
yadE_predicted,0.5,1,1,AGTATCTACGAGGCCTGAGT,0,4223876
yadE_predicted,0.5,1,1,AGTATCGTCGATTCTCGTCG,0,4199731
yadE_predicted,0.5,1,1,AGTATACCTCTCCCTGCCTA,0,4230659
yadE_predicted,0.5,1,1,AGTAGTATTCACCTAGGATG,0,4217861
yadE_predicted,0.5,1,1,AGTAGATTACCTGGCCGTCG,0,4201073
yadE_predicted,0.5,1,1,AGTACTATTGGCCTAGTTCA,0,4234963
yadE_predicted,0.5,1,1,AGTAACGGACCCCTTTGCTT,0,4182332
yadE_predicted,0.5,1,1,AGTAAACCACATAAGCCATG,0,4213162
yadE_predicted,0.5,1,1,AGGTTGTCGGTATGCTTAGT,0,4204017
yadE_predicted,0.5,1,1,AGGTTGATTAAGCGTAGAGG,0,4199587
yadE_predicted,0.5,1,1,AGGTTCCCAACCGCTGGTCA,0,4166150
yadE_predicted,0.5,1,1,AGGTGGGGCCTGGTTCGCGT,0,4182515
yadE_predicted,0.5,1,1,AGGTGGGCAGCGTGGCAGTA,0,4231674
yadE_predicted,0.5,1,1,AGGTGCTCAACGTCATCTTT,0,4237418
yadE_predicted,0.5,1,1,AGGTGAGCGATGACGTGGAA,0,4222400
yadE_predicted,0.5,1,1,AGGTCGGGGGTCACGATTCT,0,4208434
yadE_predicted,0.5,1,1,AGGTCCTCTAAGACTTGTCT,0,4229890
yadE_predicted,0.5,1,1,AGGTCCCCAACGGCCGGTTC,0,4170903
yadE_predicted,0.5,1,1,AGGTCATAGGTAGTAGACAA,0,4226046
yadE_predicted,0.5,1,1,AGGTAGTCTGCAGAGAGGCT,0,4216759
yadE_predicted,0.5,1,1,AGGTAACACAGACCTCCAGG,0,4188030
yadE_predicted,0.5,1,1,AGGGTGCGAGTTTGGGCTCA,0,4196331
yadE_predicted,0.5,1,1,AGGGTATGCGGGGTAGTATG,0,4173577
yadE_predicted,0.5,1,1,AGGGGTAGTGCTCAACTTGA,0,4193852
yadE_predicted,0.5,1,1,AGGGGGTAACCGGACTCACT,0,4175187
yadE_predicted,0.5,1,1,AGGGGGAAGGCGGCATGTCA,0,4163471
yadE_predicted,0.5,1,1,AGGGGCGCGCCTTCAAGTTA,0,4170523
yadE_predicted,0.5,1,1,AGGGCTCCGAAAGCCCATCT,0,4220435
yadE_predicted,0.5,1,1,AGGGCCGAGGAATGCTTCAG,0,4222530
yadE_predicted,0.5,1,1,AGGGATTGTCGCGCTAGAAT,0,4168670
yadE_predicted,0.5,1,1,AGGGACCATGTAGAAACGCG,0,4164455
yadE_predicted,0.5,1,1,AGGGACCATGCTGATTCTAA,0,4179304
yadE_predicted,0.5,1,1,AGGGAAGGGGGACGATGAGA,0,4201614
yadE_predicted,0.5,1,1,AGGGAAAGGCGGTACGGTGG,0,4224087
yadE_predicted,0.5,1,1,AGGCTTTATTTGGACTCTCT,0,4182724
yadE_predicted,0.5,1,1,AGGCTTATCGAGGGAATGTG,0,4228974
yadE_predicted,0.5,1,1,AGGCTCGGTTTTATGTATCA,0,4220323
yadE_predicted,0.5,1,1,AGGCGTGGTGCCCTCACGCC,0,4208907
yadE_predicted,0.5,1,1,AGGCGTACACGAGCAGGGGT,0,4220894
yadE_predicted,0.5,1,1,AGGCGCGATATAAGCACGAC,0,4218571
yadE_predicted,0.5,1,1,AGGCCCCCGTTCCTCGATTA,0,4211375
yadE_predicted,0.5,1,1,AGGCCCCAAAGCAGGGCAAT,0,4169301
yadE_predicted,0.5,1,1,AGGCACGGTAACTTTGTGGT,0,4179412
yadE_predicted,0.5,1,1,AGGCAACGATGATCGAGGGG,0,4222981
yadE_predicted,0.5,1,1,AGGATTGCGTACCCTACTAT,0,4186819
yadE_predicted,0.5,1,1,AGGATCCAAAGTAAGGCAAT,0,4170407
yadE_predicted,0.5,1,1,AGGAGTCGCGCGTTAGTGGG,0,4235350
yadE_predicted,0.5,1,1,AGGAGGTTCGGTATCTCCTG,0,4230369
yadE_predicted,0.5,1,1,AGGAGGTATACGGAGCTATA,0,4183945
yadE_predicted,0.5,1,1,AGGAGGACCGTGAAAAAAAG,0,4182245
yadE_predicted,0.5,1,1,AGGACTGCTTTGGCCAGGTT,0,4201994
yadE_predicted,0.5,1,1,AGGACTAAAGGCGGTATTAC,0,4213866
yadE_predicted,0.5,1,1,AGGACGTGGTCCGCGTCAAT,0,4177042
yadE_predicted,0.5,1,1,AGGACAGTTGGTTCCCTGAT,0,4196939
yadE_predicted,0.5,1,1,AGGAATCTAATTGGGCACAA,0,4218875
yadE_predicted,0.5,1,1,AGGAAGTGTCTCTTGTGGTG,0,4184314
yadE_predicted,0.5,1,1,AGGAACACAAATGCACTGGC,0,4234926
yadE_predicted,0.5,1,1,AGCTTGGTTTGCAATCCGTA,0,4221262
yadE_predicted,0.5,1,1,AGCTGTGGCAACTTGCTCAA,0,4229295
yadE_predicted,0.5,1,1,AGCTGAGCAACGCGAAGCGT,0,4240278
yadE_predicted,0.5,1,1,AGCTGAATTGGGTTTGCATG,0,4194708
yadE_predicted,0.5,1,1,AGCTCGGCCCAATCGTCAGT,0,4177834
yadE_predicted,0.5,1,1,AGCTCCGCTGTTCAAGCAGC,0,4209807
yadE_predicted,0.5,1,1,AGCTCACCGCCGAGAGCACG,0,4203422
yadE_predicted,0.5,1,1,AGCTCAATCGTATCCACGGG,0,4217438
yadE_predicted,0.5,1,1,AGCTATTGCGTAGCTGTATC,0,4160075
yadE_predicted,0.5,1,1,AGCTAGTGGTTTCCTCGTTC,0,4203336
yadE_predicted,0.5,1,1,AGCTACGAAATACCTGCCTC,0,4174017
yadE_predicted,0.5,1,1,AGCGTGAAGTAGAACCCACG,0,4164385
yadE_predicted,0.5,1,1,AGCGTCCGACCGACCTTTTC,0,4215793
yadE_predicted,0.5,1,1,AGCGTACTAGGGGGTTAGCA,0,4238613
yadE_predicted,0.5,1,1,AGCGGTAAATGGCTAATCGG,0,4237642
yadE_predicted,0.5,1,1,AGCGGGCTTATGCGTACAGA,0,4168311
yadE_predicted,0.5,1,1,AGCGGGACACAGACTAAAAT,0,4167621
yadE_predicted,0.5,1,1,AGCGGCCCGTCTTATGTCGA,0,4187554
yadE_predicted,0.5,1,1,AGCGGAAAGTAGCGAGGGGA,0,4212830
yadE_predicted,0.5,1,1,AGCGCTCTTGGGGTTACTGA,0,4194248
yadE_predicted,0.5,1,1,AGCGCGTCGTATGCCATTGA,0,4230305
yadE_predicted,0.5,1,1,AGCGCGTAGGCCAAGAGTCT,0,4229588
yadE_predicted,0.5,1,1,AGCGCGATGTTTGAGTCACC,0,4213943
yadE_predicted,0.5,1,1,AGCGCGACCCATTCTCCTCT,0,4192708
yadE_predicted,0.5,1,1,AGCGAGTTCTTGTACTTGGC,0,4167917
yadE_predicted,0.5,1,1,AGCGAGATGGGATGATGATA,0,4181085
yadE_predicted,0.5,1,1,AGCGAATCCCAGTTCTTACG,0,4183213
yadE_predicted,0.5,1,1,AGCGAACGTCTGGTGCTCCC,0,4220550
yadE_predicted,0.5,1,1,AGCCTTGGTAATACTTTGGT,0,4163992
yadE_predicted,0.5,1,1,AGCCTTGCATGTAGTCCGGA,0,4185547
yadE_predicted,0.5,1,1,AGCCTTGCACCAACAGGCGC,0,4227308
yadE_predicted,0.5,1,1,AGCCTGGCATTGGCGCCTTT,0,4223484
yadE_predicted,0.5,1,1,AGCCTCCGTGTTTACCTAGC,0,4187494
yadE_predicted,0.5,1,1,AGCCTACTTCCAAGGTCGTA,0,4184737
yadE_predicted,0.5,1,1,AGCCTACTCTGCGATCTTGG,0,4233230
yadE_predicted,0.5,1,1,AGCCGGCTCCCTCTACCATT,0,4195180
yadE_predicted,0.5,1,1,AGCCGGAGCCCCGGTGGTTA,0,4163492
yadE_predicted,0.5,1,1,AGCCCTATACGTAGTCGAGC,0,4222792
yadE_predicted,0.5,1,1,AGCCCATACATCACTCCATC,0,4186542
yadE_predicted,0.5,1,1,AGCCCAATTCTCGTAACAAG,0,4229775
yadE_predicted,0.5,1,1,AGCCCAAAGATTAGGATTAA,0,4171820
yadE_predicted,0.5,1,1,AGCCAGATAAAACTCGATAA,0,4201783
yadE_predicted,0.5,1,1,AGCATTCTGTGAATATTCAA,0,4204840
yadE_predicted,0.5,1,1,AGCATTCCATATGGACGTGT,0,4213582
yadE_predicted,0.5,1,1,AGCATGTCCTACGCCAGGCA,0,4180208
yadE_predicted,0.5,1,1,AGCATCGTGGATCCGGTAAA,0,4192111
yadE_predicted,0.5,1,1,AGCAGTAAAGTAACCGGGCA,0,4237598
yadE_predicted,0.5,1,1,AGCAGCGCGCCCGATGCTAT,0,4234990
yadE_predicted,0.5,1,1,AGCACGGTTCAAGGCGATAT,0,4234975
yadE_predicted,0.5,1,1,AGCACGGTCACCGAAGAGTA,0,4228964
yadE_predicted,0.5,1,1,AGCACACGCGACTAAGGTAC,0,4224475
yadE_predicted,0.5,1,1,AGCACAAACAAAGAACGCAG,0,4187900
yadE_predicted,0.5,1,1,AGCAAGTTTTCCATCACTGT,0,4182586
yadE_predicted,0.5,1,1,AGATTTTGAACGCGCGCCCC,0,4215139
yadE_predicted,0.5,1,1,AGATTGCCAGGGAACGCATA,0,4198029
yadE_predicted,0.5,1,1,AGATTCAGAACTTATACCAG,0,4199594
yadE_predicted,0.5,1,1,AGATTATCATATAACACGCA,0,4189129
yadE_predicted,0.5,1,1,AGATGGGCTGGACTTCCTAT,0,4165149
yadE_predicted,0.5,1,1,AGATGGCTGAGGAGTGCCGT,0,4178705
yadE_predicted,0.5,1,1,AGATCTAGAACGCGGCACAA,0,4195024
yadE_predicted,0.5,1,1,AGATCGTATAGGTATTTTGT,0,4196883
yadE_predicted,0.5,1,1,AGATCCGCGGAAAGTGAGAT,0,4162788
yadE_predicted,0.5,1,1,AGATCCGCCTAAAACAGGGA,0,4167907
yadE_predicted,0.5,1,1,AGATCATAAAATGGCCGCGT,0,4216079
yadE_predicted,0.5,1,1,AGATCAGGAGCAACGGACGT,0,4234091
yadE_predicted,0.5,1,1,AGATCACACTGCGGCCAGCA,0,4214419
yadE_predicted,0.5,1,1,AGATATCCGATTCCGGAGGG,0,4198020
yadE_predicted,0.5,1,1,AGATATAGGAAGGGGGAAGA,0,4177816
yadE_predicted,0.5,1,1,AGATAAGGTCAAGTGAGAGA,0,4217118
yadE_predicted,0.5,1,1,AGATAAACGAGAACGTCCTA,0,4190917
yadE_predicted,0.5,1,1,AGAGTGGGTCAGGCCAGCGA,0,4198808
yadE_predicted,0.5,1,1,AGAGTCCCAGAACTAGAGGA,0,4236823
yadE_predicted,0.5,1,1,AGAGCTTTATCTATAATGGC,0,4181292
yadE_predicted,0.5,1,1,AGAGCAGGAAAAATGCCGCC,0,4184746
yadE_predicted,0.5,1,1,AGACTGTAGTACAATCCGCC,0,4162648
yadE_predicted,0.5,1,1,AGACTCCTCCGTCATCGGGC,0,4211511
yadE_predicted,0.5,1,1,AGACTCACATTTATGGTCAA,0,4183438
yadE_predicted,0.5,1,1,AGACGTACGGAGAGGGGGGG,0,4159755
yadE_predicted,0.5,1,1,AGACGCTGCTGTTATGGAAC,0,4200660
yadE_predicted,0.5,1,1,AGACGCAGAGTTTGGATTTG,0,4191097
yadE_predicted,0.5,1,1,AGACCGTTGTAGTCCTCTAC,0,4234748
yadE_predicted,0.5,1,1,AGACCGTATCGGAATGTTGG,0,4235674
yadE_predicted,0.5,1,1,AGACCGAGCAGACTCGACGT,0,4207596
yadE_predicted,0.5,1,1,AGACCATCCCAGGTAAGAGG,0,4200273
yadE_predicted,0.5,1,1,AGACCAGTGTGATAAATCAA,0,4232455
yadE_predicted,0.5,1,1,AGACATGGGATAGCAAATGG,0,4180298
yadE_predicted,0.5,1,1,AGACAGCTGAGCTAAAGACT,0,4170924
yadE_predicted,0.5,1,1,AGAATCCTACAGTAGAGTCT,0,4223438
yadE_predicted,0.5,1,1,AGAATCCCAGACGTCTCGCA,0,4234344
yadE_predicted,0.5,1,1,AGAATCCACCGTCAAGACTA,0,4209899
yadE_predicted,0.5,1,1,AGAATAATTGAATTGCGGTT,0,4241259
yadE_predicted,0.5,1,1,AGAATAAATCCAATGGGATG,0,4232720
yadE_predicted,0.5,1,1,AGAAGTTGACGTAATAAAGC,0,4201580
yadE_predicted,0.5,1,1,AGAAGCCTGTGAGGCCTCGT,0,4178669
yadE_predicted,0.5,1,1,AGAAGCACCCTCCTACATCG,0,4240932
yadE_predicted,0.5,1,1,AGAAGACGGCTGAGCGCAAA,0,4167288
yadE_predicted,0.5,1,1,AGAAGAAGGGCCGGCGTTGC,0,4187715
yadE_predicted,0.5,1,1,AGAACTAAGCATAAAACATA,0,4171571
yadE_predicted,0.5,1,1,AGAACGGGATGTAATCTAAG,0,4196166
yadE_predicted,0.5,1,1,AGAACCAGGACCACGAGGGA,0,4162796
yadE_predicted,0.5,1,1,AGAAAGGGGGGGGTCCTTTA,0,4230805
yadE_predicted,0.5,1,1,AGAAAGCCATAGACACCCCA,0,4187518
yadE_predicted,0.5,1,1,AGAAACGTAACGTGGCCCGC,0,4204393
yadE_predicted,0.5,1,1,AGAAAATCGAGGGATCTTGC,0,4183372
yadE_predicted,0.5,1,1,AGAAAACAACGCTAGCTCAC,0,4170186
yadE_predicted,0.5,1,1,ACTTTTTACTCTATGTGGGG,0,4176508
yadE_predicted,0.5,1,1,ACTTTGCTGCTGGATGATAT,0,4200444
yadE_predicted,0.5,1,1,ACTTTAGGAATGTGCATTGA,0,4173036
yadE_predicted,0.5,1,1,ACTTGTTTGCTCTTCGATTA,0,4200767
yadE_predicted,0.5,1,1,ACTTGTAGTGAGTTCGCTCG,0,4202113
yadE_predicted,0.5,1,1,ACTTGCCACGCCGGTCATCC,0,4176339
yadE_predicted,0.5,1,1,ACTTGAGATACGTGGTGCTT,0,4173927
yadE_predicted,0.5,1,1,ACTTATGATGTACTTTGTCG,0,4179166
yadE_predicted,0.5,1,1,ACTTATCGTAGATTAAGTAC,0,4198162
yadE_predicted,0.5,1,1,ACTTATCATTAACACGTGCG,0,4174131
yadE_predicted,0.5,1,1,ACTTATAATTCGCATGTCAA,0,4163866
yadE_predicted,0.5,1,1,ACTTACTGCTTGATTTGAAT,0,4194704
yadE_predicted,0.5,1,1,ACTGTTGGTTTATACTGAAA,0,4219265
yadE_predicted,0.5,1,1,ACTGTTGAAATCACATATGG,0,4230590
yadE_predicted,0.5,1,1,ACTGTGCGATTCCCGGCGGG,0,4173119
yadE_predicted,0.5,1,1,ACTGTGCAACTAGAGTCTCA,0,4199980
yadE_predicted,0.5,1,1,ACTGGGTCCTAACGGTTCTA,0,4164668
yadE_predicted,0.5,1,1,ACTGGGGGGGCGTAGGTCAG,0,4178961
yadE_predicted,0.5,1,1,ACTGCCATGTAATATAGACC,0,4173957
yadE_predicted,0.5,1,1,ACTGAATCGTCATGAAGCGG,0,4169667
yadE_predicted,0.5,1,1,ACTCTTTGGGCATTGCCAGT,0,4195542
yadE_predicted,0.5,1,1,ACTCTTCAGCGCCAAGTAAC,0,4228972
yadE_predicted,0.5,1,1,ACTCTAGGTCTGGTAAAGCA,0,4197762
yadE_predicted,0.5,1,1,ACTCGTGCTTAGGAGTCTCA,0,4202335
yadE_predicted,0.5,1,1,ACTCGTCAGTTCGCAATAGA,0,4180235
yadE_predicted,0.5,1,1,ACTCGGTCCCTAGGAGTTAT,0,4237654
yadE_predicted,0.5,1,1,ACTCGGAAGGTACCCCCTGA,0,4179618
yadE_predicted,0.5,1,1,ACTCCGGTATATTGTAAAGG,0,4168817
yadE_predicted,0.5,1,1,ACTCCGGAGTGGACTCCAAT,0,4166097
yadE_predicted,0.5,1,1,ACTCCAGTCCGCTTATGCTC,0,4175124
yadE_predicted,0.5,1,1,ACTCATCATGTAGCTCCTGA,0,4227012
yadE_predicted,0.5,1,1,ACTCACTGTGATCCTATGTA,0,4187716
yadE_predicted,0.5,1,1,ACTATGGGTCGAAGGTACAT,0,4223640
yadE_predicted,0.5,1,1,ACTATGACGAGCACTTCCGG,0,4168933
yadE_predicted,0.5,1,1,ACTATCTAGGCTGCTGTAGA,0,4185632
yadE_predicted,0.5,1,1,ACTAGGACATGTTGGCAGAG,0,4209737
yadE_predicted,0.5,1,1,ACTACTATCTTCGGCGACAA,0,4229810
yadE_predicted,0.5,1,1,ACTACAAAAATGGGCGGCGC,0,4168289
yadE_predicted,0.5,1,1,ACTAAGCCCCGTGATACGGT,0,4220723
yadE_predicted,0.5,1,1,ACTAAAGTCTCGTTTCGACA,0,4198473
yadE_predicted,0.5,1,1,ACGTTTATCACCAGGTTGCT,0,4180013
yadE_predicted,0.5,1,1,ACGTTAGCCAGATGTTCAAT,0,4228184
yadE_predicted,0.5,1,1,ACGTGGCCTCCGATAGAGGT,0,4217984
yadE_predicted,0.5,1,1,ACGTGCGTGCCCCACTTCAT,0,4178536
yadE_predicted,0.5,1,1,ACGTGATCCGTCATTATCAA,0,4160530
yadE_predicted,0.5,1,1,ACGTGATAACCCGGGTACGG,0,4207120
yadE_predicted,0.5,1,1,ACGTGACTATGAGTGGTAAT,0,4232215
yadE_predicted,0.5,1,1,ACGTGAATGCTGCGAGCGAC,0,4175345
yadE_predicted,0.5,1,1,ACGTCGGGCCGGTCTACATT,0,4169048
yadE_predicted,0.5,1,1,ACGTATGTTGAGGGTCAAGC,0,4170291
yadE_predicted,0.5,1,1,ACGTAGCCATTTTTAATCGA,0,4193576
yadE_predicted,0.5,1,1,ACGTACCCCGCAAGGCCCCC,0,4187572
yadE_predicted,0.5,1,1,ACGTAATCACCCGGACGCGT,0,4234742
yadE_predicted,0.5,1,1,ACGTAAGCCGCTTGTAGCTC,0,4183721
yadE_predicted,0.5,1,1,ACGTAACGTGGAGGATCGCT,0,4227294
yadE_predicted,0.5,1,1,ACGTAAAGTAGAAGTCCGAA,0,4202801
yadE_predicted,0.5,1,1,ACGGTTTTGGTGTATTAGGT,0,4179193
yadE_predicted,0.5,1,1,ACGGTTGGCTGCCTCCATCT,0,4183783
yadE_predicted,0.5,1,1,ACGGTGCTGTGACAAATGGT,0,4196058
yadE_predicted,0.5,1,1,ACGGTAGGGTTAGCCTCGGT,0,4189679
yadE_predicted,0.5,1,1,ACGGTAAAGGTCGCTCTGTT,0,4164863
yadE_predicted,0.5,1,1,ACGGGTCTATAGTCTAATGT,0,4181734
yadE_predicted,0.5,1,1,ACGGCTCAGCGGTACCCAGC,0,4208082
yadE_predicted,0.5,1,1,ACGGCGGATTCCACGTTTTG,0,4237536
yadE_predicted,0.5,1,1,ACGGCGCCTAACTGGTATAT,0,4168475
yadE_predicted,0.5,1,1,ACGGCCAATCAAGGGAATTA,0,4178556
yadE_predicted,0.5,1,1,ACGGCATAGCGTACAGACGT,0,4233831
yadE_predicted,0.5,1,1,ACGGCAGGCATGAACACAAA,0,4162368
yadE_predicted,0.5,1,1,ACGGATGGGAGAGACTCTAA,0,4235392
yadE_predicted,0.5,1,1,ACGGAGTAGAAGGCATCAGT,0,4168525
yadE_predicted,0.5,1,1,ACGGAACGTCCGACAATGTT,0,4194031
yadE_predicted,0.5,1,1,ACGCTTAATAAAAGGAATCC,0,4176165
yadE_predicted,0.5,1,1,ACGCTGATGGTGATTCCACT,0,4222626
yadE_predicted,0.5,1,1,ACGCTCTGGAATCGCCACCT,0,4209652
yadE_predicted,0.5,1,1,ACGCTCCACTGTAGCTTCGA,0,4193121
yadE_predicted,0.5,1,1,ACGCTATCACGCGGGTTGTT,0,4215934
yadE_predicted,0.5,1,1,ACGCGTTATCAGTCCCCGTT,0,4225576
yadE_predicted,0.5,1,1,ACGCGGGGACTACCAGTATA,0,4162557
yadE_predicted,0.5,1,1,ACGCGCTTCGTGCTTCCACA,0,4196021
yadE_predicted,0.5,1,1,ACGCCTGTTGGCAGTATTCC,0,4224269
yadE_predicted,0.5,1,1,ACGCCGGTACTGAACGTATT,0,4174504
yadE_predicted,0.5,1,1,ACGCACAGCTTGACCGGTAG,0,4201351
yadE_predicted,0.5,1,1,ACGCACAATGTCTTTTTGCT,0,4174363
yadE_predicted,0.5,1,1,ACGATTTCGGAAGCTGAATA,0,4160507
yadE_predicted,0.5,1,1,ACGATCCTAGGCTTTAGCGT,0,4236807
yadE_predicted,0.5,1,1,ACGATACAGGTTCGGGTCCG,0,4198963
yadE_predicted,0.5,1,1,ACGAGGGTTAAGTAGATCCA,0,4213664
yadE_predicted,0.5,1,1,ACGAGCTCCTTCGGATGATT,0,4230034
yadE_predicted,0.5,1,1,ACGAGACATCGTGCAGTTTC,0,4194664
yadE_predicted,0.5,1,1,ACGACGTAAGCATACGCAAC,0,4206122
yadE_predicted,0.5,1,1,ACGACATATGGCCCCTACAA,0,4228997
yadE_predicted,0.5,1,1,ACGAACTAAAAGCCTACTAT,0,4163777
yadE_predicted,0.5,1,1,ACCTTTAGCGGTAACCTGAA,0,4208599
yadE_predicted,0.5,1,1,ACCTGTGGAACTTAGATGCC,0,4164902
yadE_predicted,0.5,1,1,ACCTGTACAGACCGTGCCCC,0,4166314
yadE_predicted,0.5,1,1,ACCTGAGGATCCCAGTATGG,0,4177115
yadE_predicted,0.5,1,1,ACCTGACAAGCCCTTTCTGA,0,4219604
yadE_predicted,0.5,1,1,ACCTCGTCCTATAGAGCTGG,0,4241159
yadE_predicted,0.5,1,1,ACCTCGCGAATCCACGACCA,0,4216334
yadE_predicted,0.5,1,1,ACCTCCTCACTTGTAATCGC,0,4202669
yadE_predicted,0.5,1,1,ACCTATCGTGCCGCAAACCT,0,4189725
yadE_predicted,0.5,1,1,ACCTAGGCAATGGAAAAACA,0,4216469
yadE_predicted,0.5,1,1,ACCTAGCCACGCACCGGAAT,0,4240006
yadE_predicted,0.5,1,1,ACCTACTCATCGCGGTAACT,0,4194309
yadE_predicted,0.5,1,1,ACCTAATTTTATTGGGCGAT,0,4165201
yadE_predicted,0.5,1,1,ACCGTTTAAAGAGCCGACGT,0,4221138
yadE_predicted,0.5,1,1,ACCGTGGTTTTCCTTACAAT,0,4223215
yadE_predicted,0.5,1,1,ACCGTAAGGGTCATGGCTAA,0,4212924
yadE_predicted,0.5,1,1,ACCGAGACAATCTCGGAAGA,0,4198156
yadE_predicted,0.5,1,1,ACCGACCAGCAGCGAGTTCA,0,4189025
yadE_predicted,0.5,1,1,ACCGAAAGATGGTCTTTGTT,0,4198705
yadE_predicted,0.5,1,1,ACCGAAAGACCCTGACCCAC,0,4168591
yadE_predicted,0.5,1,1,ACCCTTGTGCATTGTAGCGG,0,4234497
yadE_predicted,0.5,1,1,ACCCCTGGGCCACCTGGAGT,0,4195423
yadE_predicted,0.5,1,1,ACCCCGTTACTGATGCATTA,0,4194310
yadE_predicted,0.5,1,1,ACCCCGATCGAGGTCCGCTC,0,4205974
yadE_predicted,0.5,1,1,ACCCCGACGATTTATACAGG,0,4186703
yadE_predicted,0.5,1,1,ACCCCAGCCTACATGCAAGA,0,4175022
yadE_predicted,0.5,1,1,ACCCATTTCGCAGGAGTCAC,0,4172137
yadE_predicted,0.5,1,1,ACCCACGGGCTTTCGATGAT,0,4220118
yadE_predicted,0.5,1,1,ACCATGGTTGGAGATCGGTT,0,4170179
yadE_predicted,0.5,1,1,ACCATGGATCAAGTGAGGTG,0,4190741
yadE_predicted,0.5,1,1,ACCAGTCAACAGCCGCCCGA,0,4229748
yadE_predicted,0.5,1,1,ACCAGGAAATCTTAAGGATC,0,4171690
yadE_predicted,0.5,1,1,ACCAGATTTATTTTGCCTTG,0,4224877
yadE_predicted,0.5,1,1,ACCAGACCAGTATGACACAA,0,4180457
yadE_predicted,0.5,1,1,ACCACTAATCAGATAAGCAG,0,4221613
yadE_predicted,0.5,1,1,ACCACGGGGATAATCTGGGT,0,4207838
yadE_predicted,0.5,1,1,ACCACGGAATTCACTACGCA,0,4226845
yadE_predicted,0.5,1,1,ACCACCTGCGGTCTCTGACA,0,4210194
yadE_predicted,0.5,1,1,ACCACCTCGGCGCGTTTACG,0,4227763
yadE_predicted,0.5,1,1,ACCAATCATCTCGGAAAATT,0,4222038
yadE_predicted,0.5,1,1,ACCAAGGGGAAGGGCTGTGG,0,4234081
yadE_predicted,0.5,1,1,ACATTGTTCAAGGTCTGGTT,0,4178673
yadE_predicted,0.5,1,1,ACATTGGGGAACAACCGGTG,0,4172308
yadE_predicted,0.5,1,1,ACATGCAGGCCGGTCTGCAG,0,4204876
yadE_predicted,0.5,1,1,ACATGAATGACTTGGCAACC,0,4196951
yadE_predicted,0.5,1,1,ACATGAATAGCCTGCAGATT,0,4191994
yadE_predicted,0.5,1,1,ACATCCAATTAGTACCTCCA,0,4217064
yadE_predicted,0.5,1,1,ACATATTCTCAGTGGGGTAT,0,4220981
yadE_predicted,0.5,1,1,ACATATTACATTCCCGCTAT,0,4218742
yadE_predicted,0.5,1,1,ACATATACGCGTCTGTTGTC,0,4219901
yadE_predicted,0.5,1,1,ACAGTTGCCCAACGTAGCTG,0,4168322
yadE_predicted,0.5,1,1,ACAGTCTTGCTATACCCGTT,0,4229656
yadE_predicted,0.5,1,1,ACAGGTGTCTTGCCGAATCT,0,4172903
yadE_predicted,0.5,1,1,ACAGGTAGTTTCATGAGGGG,0,4225991
yadE_predicted,0.5,1,1,ACAGGGGATGGCTGTGAATA,0,4191304
yadE_predicted,0.5,1,1,ACAGGGAAGACAAGTTCGAG,0,4208206
yadE_predicted,0.5,1,1,ACAGGAGGATAGTGACGTGA,0,4240328
yadE_predicted,0.5,1,1,ACAGGACCAGCAGAAGAGTC,0,4226267
yadE_predicted,0.5,1,1,ACAGCGCTCTGTACCTGTGC,0,4234543
yadE_predicted,0.5,1,1,ACAGCCTGGCCACGCTTGAA,0,4198941
yadE_predicted,0.5,1,1,ACAGATTAAAGCTAGCGGGT,0,4205766
yadE_predicted,0.5,1,1,ACAGAGCCTGCGGCGGGCTT,0,4219548
yadE_predicted,0.5,1,1,ACAGACGGGTGGTAGGCGAA,0,4166341
yadE_predicted,0.5,1,1,ACAGAATGGGATCCGTTCAG,0,4173341
yadE_predicted,0.5,1,1,ACACTTCTATCTCGGCCACA,0,4178708
yadE_predicted,0.5,1,1,ACACTCGAAAATTCGGGTTA,0,4217220
yadE_predicted,0.5,1,1,ACACCAGAAGTACGCACGGA,0,4215435
yadE_predicted,0.5,1,1,ACACCAACGTTAACCACGCT,0,4206506
yadE_predicted,0.5,1,1,ACACATGGCTCCGTTTCGGC,0,4166861
yadE_predicted,0.5,1,1,ACACATGGAGGGTAACGCCG,0,4187245
yadE_predicted,0.5,1,1,ACACACAGTTATCGGAACCT,0,4160887
yadE_predicted,0.5,1,1,ACAATCTCCCACTTATTGGA,0,4197392
yadE_predicted,0.5,1,1,ACAATCCAGGAAGTTGCGGT,0,4206269
yadE_predicted,0.5,1,1,ACAATAGCGCATGTTTTGGT,0,4239521
yadE_predicted,0.5,1,1,ACAAGGACAGCATTAGTAAC,0,4218943
yadE_predicted,0.5,1,1,ACAAGCGCATCGTACGGAGC,0,4196984
yadE_predicted,0.5,1,1,ACAACCGTGCCTCAACGCTA,0,4210766
yadE_predicted,0.5,1,1,ACAACCGCCGATGTGCGTAT,0,4178891
yadE_predicted,0.5,1,1,ACAACCCGCCCCTAGAGTTG,0,4194054
yadE_predicted,0.5,1,1,ACAACACGGGTATATAAAGG,0,4227249
yadE_predicted,0.5,1,1,ACAAATTGAGTTCAATTTGG,0,4230146
yadE_predicted,0.5,1,1,ACAAACTTCATCTTTTACTG,0,4169554
yadE_predicted,0.5,1,1,ACAAACACGAACAGTCGATT,0,4205638
yadE_predicted,0.5,1,1,AATTTCTGGTTATAAATCTA,0,4199884
yadE_predicted,0.5,1,1,AATTTCTGCTCTAGGTCTGG,0,4212513
yadE_predicted,0.5,1,1,AATTTCGTGAGGGTTAATGT,0,4183422
yadE_predicted,0.5,1,1,AATTTCGGGTGAGGTTAATA,0,4223545
yadE_predicted,0.5,1,1,AATTGTATCGATCTCCGTAT,0,4218745
yadE_predicted,0.5,1,1,AATTGCCCAGATGTTTATGA,0,4186535
yadE_predicted,0.5,1,1,AATTGCATCAATGCACCTAT,0,4163161
yadE_predicted,0.5,1,1,AATTCCGTAAACCAACCGCA,0,4183386
yadE_predicted,0.5,1,1,AATTCAACGCGGGCACGCCG,0,4171362
yadE_predicted,0.5,1,1,AATTATCTGGTCAGTGATTT,0,4191561
yadE_predicted,0.5,1,1,AATGTGTTTTCTCTTGGACT,0,4196213
yadE_predicted,0.5,1,1,AATGTATGTAAAACCGGGAC,0,4205590
yadE_predicted,0.5,1,1,AATGTAGACTACCATATTCG,0,4214657
yadE_predicted,0.5,1,1,AATGTAGAATCCGGGCTGGT,0,4190018
yadE_predicted,0.5,1,1,AATGTACAAAGCGCACTCGC,0,4225909
yadE_predicted,0.5,1,1,AATGGTCTTTTTGCCCTCGC,0,4161628
yadE_predicted,0.5,1,1,AATGGGGACTACCCGGGAAC,0,4189401
yadE_predicted,0.5,1,1,AATGGCTCGCACTCCGAATT,0,4238070
yadE_predicted,0.5,1,1,AATGATCTCGCAGTTTCAGG,0,4193174
yadE_predicted,0.5,1,1,AATGATAACCGCCTCTACAA,0,4218834
yadE_predicted,0.5,1,1,AATCTCCACAAGTGCGATTA,0,4175251
yadE_predicted,0.5,1,1,AATCTATTTCTCGCGTGCGT,0,4161989
yadE_predicted,0.5,1,1,AATCTATTCTATTGTTTGAC,0,4235418
yadE_predicted,0.5,1,1,AATCTATAGGGCCTCTGTAT,0,4232261
yadE_predicted,0.5,1,1,AATCTACTCATATTTATGGC,0,4159841
yadE_predicted,0.5,1,1,AATCTACACGAGAGATCTAA,0,4172590
yadE_predicted,0.5,1,1,AATCGTTGCCACGTTGAGGA,0,4216400
yadE_predicted,0.5,1,1,AATCGTGACGCCTTACCCAT,0,4195949
yadE_predicted,0.5,1,1,AATCGTCGGAAGCACCAGAT,0,4212536
yadE_predicted,0.5,1,1,AATCGGACCAACGTCTCCAC,0,4223427
yadE_predicted,0.5,1,1,AATCGGAACCGTGAGGATAC,0,4221194
yadE_predicted,0.5,1,1,AATCGCGAACGCTACGGGGA,0,4234327
yadE_predicted,0.5,1,1,AATCGCCATATCATGCCTGA,0,4203040
yadE_predicted,0.5,1,1,AATCGATTGTTCCCGGGCTA,0,4183946
yadE_predicted,0.5,1,1,AATCGATAGCCTCGGTTGCA,0,4174421
yadE_predicted,0.5,1,1,AATCCGGCCGATCACTAAGG,0,4193044
yadE_predicted,0.5,1,1,AATCCCGCTCCCCTGGAGCC,0,4224971
yadE_predicted,0.5,1,1,AATCCATCCCCCACCGGGCT,0,4217520
yadE_predicted,0.5,1,1,AATCATCTCAGTGTCAGTGC,0,4232846
yadE_predicted,0.5,1,1,AATCAGTAACATGAAAAGCC,0,4177923
yadE_predicted,0.5,1,1,AATCACATGAGTCGTGAATC,0,4164809
yadE_predicted,0.5,1,1,AATCACACGAGGGACATCAG,0,4180057
yadE_predicted,0.5,1,1,AATCAATACCGAGTCACAGT,0,4165780
yadE_predicted,0.5,1,1,AATCAACCCTCCGTGGCGGG,0,4161567
yadE_predicted,0.5,1,1,AATATTAAAACAATCCTGAT,0,4237033
yadE_predicted,0.5,1,1,AATATCACTGAATCTTCCTT,0,4166840
yadE_predicted,0.5,1,1,AATATATCTCAGGGTTGCCT,0,4172227
yadE_predicted,0.5,1,1,AATAGCCGGAAAATATGTGC,0,4167438
yadE_predicted,0.5,1,1,AATACTTGGGTGAATGACGA,0,4196239
yadE_predicted,0.5,1,1,AATACAGTACGTGGGTTCAT,0,4238345
yadE_predicted,0.5,1,1,AATACAGGGGTGTTTATGTA,0,4202994
yadE_predicted,0.5,1,1,AATAACTGCCCGGGTTCTAA,0,4229742
yadE_predicted,0.5,1,1,AAGTTGAGATATAGGCAACT,0,4183286
yadE_predicted,0.5,1,1,AAGTTAGGCTAGGTAGGGTA,0,4239641
yadE_predicted,0.5,1,1,AAGTGTGGATGGGGTCAGAC,0,4206143
yadE_predicted,0.5,1,1,AAGTGCTTGCTGCTTGTTGT,0,4230045
yadE_predicted,0.5,1,1,AAGTGCCAGTATGTCTCGTC,0,4211374
yadE_predicted,0.5,1,1,AAGTCGCAGGTACTACGTTT,0,4228054
yadE_predicted,0.5,1,1,AAGTACATATGTGCCTAACC,0,4168782
yadE_predicted,0.5,1,1,AAGTAAGCTTTTCCGGCGTC,0,4198148
yadE_predicted,0.5,1,1,AAGTAAATCTGGCTTTGCGG,0,4168841
yadE_predicted,0.5,1,1,AAGGTTGGAGCCTGTGCAGA,0,4230452
yadE_predicted,0.5,1,1,AAGGTCCATGGTTTGACGTC,0,4217471
yadE_predicted,0.5,1,1,AAGGGTTGTGATGGTTAAAC,0,4159454
yadE_predicted,0.5,1,1,AAGGGGTTACTAGATTCCTC,0,4220716
yadE_predicted,0.5,1,1,AAGGCTGAAGACGGGGATGT,0,4186622
yadE_predicted,0.5,1,1,AAGGCTGAACTGCCACAAGC,0,4182378
yadE_predicted,0.5,1,1,AAGGCTCTGCCTTTACTCTG,0,4229466
yadE_predicted,0.5,1,1,AAGGCGCACCCTTACCGTAC,0,4224577
yadE_predicted,0.5,1,1,AAGGCCCAAAATCTTGACCT,0,4205297
yadE_predicted,0.5,1,1,AAGCTCATTGAGTTGCCACC,0,4194281
yadE_predicted,0.5,1,1,AAGCTACGGTCCGCACGTGC,0,4210135
yadE_predicted,0.5,1,1,AAGCGTCTTTCAGTGTCGCA,0,4215242
yadE_predicted,0.5,1,1,AAGCGGCCTAATTCGATAGA,0,4192566
yadE_predicted,0.5,1,1,AAGCGCCGTCAAGATTTTAT,0,4195783
yadE_predicted,0.5,1,1,AAGCAGGTCAGGGGAATTTT,0,4187130
yadE_predicted,0.5,1,1,AAGCAGATGGAAATACTGCA,0,4191924
yadE_predicted,0.5,1,1,AAGAGTGCTTACTCGAGCCG,0,4214723
yadE_predicted,0.5,1,1,AAGACGGATTCTACGATTTC,0,4215046
yadE_predicted,0.5,1,1,AAGAAGAAACGGCTATTGAC,0,4164059
yadE_predicted,0.5,1,1,AAGAACGCTTAGCTCTTCGA,0,4205852
yadE_predicted,0.5,1,1,AAGAACATAGGGTGAGGGGT,0,4199875
yadE_predicted,0.5,1,1,AAGAAATGTGGCTCTGGCTG,0,4241170
yadE_predicted,0.5,1,1,AAGAAATGGCTTCCATCGCA,0,4179564
yadE_predicted,0.5,1,1,AACTTTTGTGTGGCTCCAAT,0,4171559
yadE_predicted,0.5,1,1,AACTTGACAGGAATACCTTC,0,4239754
yadE_predicted,0.5,1,1,AACTTCCGTCGTGAAATTGT,0,4222410
yadE_predicted,0.5,1,1,AACTGTCTAGATACGATCTG,0,4193072
yadE_predicted,0.5,1,1,AACTGCGGATTTTGGCCCTC,0,4217805
yadE_predicted,0.5,1,1,AACTGAGCGGAGAAGGGGAT,0,4195332
yadE_predicted,0.5,1,1,AACTCTTACCGGCAGGTGCT,0,4199914
yadE_predicted,0.5,1,1,AACTCTGAGTCATTAACAGC,0,4204469
yadE_predicted,0.5,1,1,AACTCCGAGAGTAGGCAGAA,0,4229081
yadE_predicted,0.5,1,1,AACTCCCTGGTATTGACACT,0,4205933
yadE_predicted,0.5,1,1,AACTCAGATGGTTTAAACCC,0,4195919
yadE_predicted,0.5,1,1,AACTCAAGGTACCTTATGGA,0,4200523
yadE_predicted,0.5,1,1,AACTAGAGCATAAAGTTAGC,0,4217678
yadE_predicted,0.5,1,1,AACTAGACCTGGCGTTAACT,0,4227598
yadE_predicted,0.5,1,1,AACTACGGTTCCCCAAGTTT,0,4193803
yadE_predicted,0.5,1,1,AACTACATTTTACCGTCCTC,0,4189638
yadE_predicted,0.5,1,1,AACTAAGCGGGGCTGTTTAT,0,4197717
yadE_predicted,0.5,1,1,AACGTTTTTATACCATGTCC,0,4172783
yadE_predicted,0.5,1,1,AACGTTATCCTTTTCTCCTA,0,4195454
yadE_predicted,0.5,1,1,AACGTGTTCTTATAGCCAAT,0,4214925
yadE_predicted,0.5,1,1,AACGTGCTTTCAAGACCCCC,0,4196135
yadE_predicted,0.5,1,1,AACGTGACTAAACACCGCGA,0,4209171
yadE_predicted,0.5,1,1,AACGTCCGGTCCTCACTCCG,0,4235920
yadE_predicted,0.5,1,1,AACGTCAGCGTCGTTCTCTT,0,4196770
yadE_predicted,0.5,1,1,AACGTAACACGCTCACCATG,0,4238501
yadE_predicted,0.5,1,1,AACGGTTGAGGCTTCAAGAA,0,4172681
yadE_predicted,0.5,1,1,AACGGCGATACGGAGCTTCT,0,4181669
yadE_predicted,0.5,1,1,AACGGACCTTATACTCCTCT,0,4178612
yadE_predicted,0.5,1,1,AACGGACCACCCTCTGGCCC,0,4208243
yadE_predicted,0.5,1,1,AACGGAACATGGGCATTATG,0,4177563
yadE_predicted,0.5,1,1,AACGCGTTAACCCAAGTCAT,0,4219046
yadE_predicted,0.5,1,1,AACGCAGGGCGTGTGCTCAA,0,4216332
yadE_predicted,0.5,1,1,AACGATTGACAACCTCTCAC,0,4237640
yadE_predicted,0.5,1,1,AACGATGTTAACTCACTCCC,0,4181778
yadE_predicted,0.5,1,1,AACGACGTGCTGCAGATAGT,0,4237830
yadE_predicted,0.5,1,1,AACGACGGCTTAAAAGGATT,0,4230372
yadE_predicted,0.5,1,1,AACCTCGTGGATCGCAGCTT,0,4190254
yadE_predicted,0.5,1,1,AACCTAGCGAACCCCGGAGA,0,4197413
yadE_predicted,0.5,1,1,AACCGCCCGATAAGAGCCAA,0,4186265
yadE_predicted,0.5,1,1,AACCGCACATTGCAGTGGGA,0,4212955
yadE_predicted,0.5,1,1,AACCGATATCCTCACAAGTG,0,4175054
yadE_predicted,0.5,1,1,AACCCTAAAGATCTAGACTC,0,4230692
yadE_predicted,0.5,1,1,AACCCGTTAACCACCACAGT,0,4221087
yadE_predicted,0.5,1,1,AACCCGCGAGGTCTATGGTG,0,4179725
yadE_predicted,0.5,1,1,AACCCATTCAGATGGGCAGA,0,4166133
yadE_predicted,0.5,1,1,AACCACCCGGTGTGAAACCT,0,4201935
yadE_predicted,0.5,1,1,AACATTGAAATATGTTCCGC,0,4231389
yadE_predicted,0.5,1,1,AACATGAAAGCGGCGGCACT,0,4162384
yadE_predicted,0.5,1,1,AACATCCTGAGCATTTGCAT,0,4193183
yadE_predicted,0.5,1,1,AACAGTTCCCATGCGAACAT,0,4196243
yadE_predicted,0.5,1,1,AACAGTTACTTAGCTAAATG,0,4189784
yadE_predicted,0.5,1,1,AACAGTGGTGCATCAAGTCT,0,4184141
yadE_predicted,0.5,1,1,AACAGTATAGCAGTTTTACA,0,4169812
yadE_predicted,0.5,1,1,AACAGGTACGATCCGGGTGA,0,4207324
yadE_predicted,0.5,1,1,AACAGCTCATTGATCGCGAG,0,4199891
yadE_predicted,0.5,1,1,AACACGTTAGGTACGTGCTG,0,4221801
yadE_predicted,0.5,1,1,AACACGGGTTCTCCAATAAC,0,4167744
yadE_predicted,0.5,1,1,AACACGAGGTTGGATGTGAG,0,4199692
yadE_predicted,0.5,1,1,AACACATCCCAGGGGCAAAC,0,4192040
yadE_predicted,0.5,1,1,AAATTTTGGTTATGCTCTTG,0,4234343
yadE_predicted,0.5,1,1,AAATTTAGGCAATGCAAGCT,0,4189429
yadE_predicted,0.5,1,1,AAATTGGGTCTTAAAAGCGA,0,4180536
yadE_predicted,0.5,1,1,AAATTCAACCGACTGAATAA,0,4208083
yadE_predicted,0.5,1,1,AAATGATAGGAATTGATGCA,0,4235583
yadE_predicted,0.5,1,1,AAATCTGGAATCCAGCCCGG,0,4222658
yadE_predicted,0.5,1,1,AAATCATAGGGATAATTGGC,0,4217572
yadE_predicted,0.5,1,1,AAAGTTTGAGTGAATAAGCG,0,4190233
yadE_predicted,0.5,1,1,AAAGTGACCACACATTGAGA,0,4175186
yadE_predicted,0.5,1,1,AAAGTCGGCGGTGTGTCGGC,0,4161553
yadE_predicted,0.5,1,1,AAAGTAGAGCAGTTTCGTAG,0,4192483
yadE_predicted,0.5,1,1,AAAGGTTTTATCATTCAGGA,0,4215970
yadE_predicted,0.5,1,1,AAAGGGCTTAACTTGGAACC,0,4173612
yadE_predicted,0.5,1,1,AAAGGCCAGGTGATGCAACC,0,4162511
yadE_predicted,0.5,1,1,AAAGGACTCAGTTCCCTTCC,0,4184019
yadE_predicted,0.5,1,1,AAAGCTGCAGCCTTCACTCG,0,4160027
yadE_predicted,0.5,1,1,AAAGCGTTGTAGCCACGGAG,0,4189149
yadE_predicted,0.5,1,1,AAAGCGTGGGATATTCTAAC,0,4211154
yadE_predicted,0.5,1,1,AAAGCAGTAGTACAGAGAGC,0,4200513
yadE_predicted,0.5,1,1,AAAGCAGAACGTTGGGTTTA,0,4165916
yadE_predicted,0.5,1,1,AAAGACATGCCGGGCCAGAT,0,4227227
yadE_predicted,0.5,1,1,AAACTAGACCTTGGTACCGA,0,4223965
yadE_predicted,0.5,1,1,AAACCGGCTTTGTGAATTGT,0,4191557
yadE_predicted,0.5,1,1,AAACCGCTCACTGCGCAGCA,0,4197211
yadE_predicted,0.5,1,1,AAACCCAGTCGATACGCCTA,0,4219018
yadE_predicted,0.5,1,1,AAACATAGTCCCCGTCAACT,0,4210150
yadE_predicted,0.5,1,1,AAACACGCTTCGCTCGCGAT,0,4187650
yadE_predicted,0.5,1,1,AAAATGCCCCGTTCTTTTTG,0,4182566
yadE_predicted,0.5,1,1,AAAATCAGCCTGAGAACCAT,0,4225334
yadE_predicted,0.5,1,1,AAAATCAGAAGCGGGGTCGT,0,4193811
yadE_predicted,0.5,1,1,AAAATAGACCCTCTGCCTGT,0,4165003
yadE_predicted,0.5,1,1,AAAAGTAGACGGCCTTAGTA,0,4236894
yadE_predicted,0.5,1,1,AAAAGGTATTGCGTCTAGGA,0,4240859
yadE_predicted,0.5,1,1,AAAACGTTCGCAACTTGGTT,0,4197559
yadE_predicted,0.5,1,1,AAAACGTTCGACCCGTACGC,0,4187519
yadE_predicted,0.5,1,1,AAAACGGGACCGATTCCAAT,0,4172383
yadE_predicted,0.5,1,1,AAAACCCTAAACGCAGGGTA,0,4182650
yadE_predicted,0.5,1,1,AAAAATATAGATGGATCTCC,0,4226982
yadE_predicted,0.5,1,1,AAAAATAATAGTTACAGATA,0,4210206
yadE_predicted,0.5,1,1,AAAAAGGTAACTACTTATAT,0,4188824
yadE_predicted,0.5,1,1,AAAAAATCTGACGGCCGGAC,0,4238223
yadE_predicted,567.0,566,0,TAACGTGATCGATCATTCGG,566,4169886
yadE_predicted,493.0,492,0,ACAGGATTGCTATTCTGCGT,492,4212015
yadE_predicted,406.0,405,0,CGTGCCCCGCGACATTTGCG,405,4177473
yadE_predicted,384.0,383,0,TAGAAAGCCCGCGACGCGGT,383,4241247
yadE_predicted,374.0,373,0,TCTTCGCGTCTAGGTTGCTC,373,4181023
yadE_predicted,370.0,369,0,AGAGACAGAACATTGACCGT,369,4210487
yadE_predicted,199.0,198,0,GTTAACTCCTCTTTCTAATG,198,4221424
yadE_predicted,182.0,181,0,ATAGGTCACACATACATCAC,181,4226573
yadE_predicted,135.0,134,0,AAGGACCCCTCGTAAACACG,134,4207446
yadE_predicted,24.0,23,0,GATACCCGCCCTGCCGTAGG,23,4184199
yadE_predicted,15.0,14,0,GCTTTTCTTAGATTGAGTAG,14,4234284
yadE_predicted,14.0,13,0,AGTTATTATGCCAATCTCGG,13,4206110
yadE_predicted,12.0,11,0,ATCACATCACAACTCAGGCT,11,4194559
yadE_predicted,10.0,9,0,GCCTAGCGGTTGCTTGCTCA,9,4232951
yadE_predicted,10.0,9,0,AGTTTCGGACAACAGACTGT,9,4217290
yadE_predicted,10.0,9,0,AAATAATCGTGACCCGGCAT,9,4233224
yadE_predicted,8.0,7,0,ATAAGCTGCAAAGGATCTCA,7,4207966
yadE_predicted,8.0,7,0,ACTACATCACATCGCCGTGG,7,4179209
yadE_predicted,7.0,6,0,TGCACCTCACTGGAGATGTA,6,4222477
yadE_predicted,7.0,6,0,GCGGCTGTACGTTGAACGAT,6,4197885
yadE_predicted,7.0,6,0,AATTGCGATTGAGCTCACAA,6,4169470
yadE_predicted,6.0,5,0,TGAATGAATCCAGCTACCTA,5,4193234
yadE_predicted,6.0,5,0,TCCAGGAGTTTTTCATTGTA,5,4222705
yadE_predicted,6.0,5,0,TCCACAATGTGGAGTTTTTA,5,4223477
yadE_predicted,6.0,5,0,GTACCAATCCACTATTGCCC,5,4210214
yadE_predicted,6.0,5,0,GATCGTGATGGTAGGGACGC,5,4168218
yadE_predicted,6.0,5,0,CTGCATTGGGTCCGACAAGA,5,4206029
yadE_predicted,6.0,5,0,CCGGAAAGCTTACTATGCAG,5,4200737
yadE_predicted,6.0,5,0,ATTACCATACGCCGGATTGC,5,4196351
yadE_predicted,6.0,5,0,ACTTTTCAACCCCAGTTATT,5,4236645
yadE_predicted,6.0,5,0,ACTTAAGGGCGGACTGGTAC,5,4208125
yadE_predicted,6.0,5,0,AAACACGTAGTTTCCTGGAA,5,4218553
yadE_predicted,5.0,4,0,TGGTCCATGATTTTCGATTG,4,4162104
yadE_predicted,5.0,4,0,TATAGATAGGAAAACCACTA,4,4210205
yadE_predicted,5.0,4,0,TAGCTTTCTGGGATCGCGTG,4,4195253
yadE_predicted,5.0,4,0,GTCTTTGTGGGTCGGGGTGA,4,4216611
yadE_predicted,5.0,4,0,GTAATATATATTCCTATCTG,4,4209708
yadE_predicted,5.0,4,0,GATATGGGCAGTTTTGCAAA,4,4202325
yadE_predicted,5.0,4,0,CTTGACTGCCTCTACACGTT,4,4175422
yadE_predicted,5.0,4,0,ATGAGCTTGTTCAACAGTTC,4,4206108
yadE_predicted,5.0,4,0,AGTTATCCTCGGACATTACA,4,4211386
yadE_predicted,5.0,4,0,AGGATTGAGGATACGCAGGC,4,4177918
yadE_predicted,5.0,4,0,ACATTGGTCTTCGCAACAGT,4,4227764
yadE_predicted,5.0,4,0,ACATGACTCAATAAGGATTG,4,4165413
yadE_predicted,4.0,3,0,TTTGGCTTTGTAGTTCACCT,3,4227719
yadE_predicted,4.0,3,0,TTCCTTTGTGGAGATCTGGA,3,4208246
yadE_predicted,4.0,3,0,TCTACGCGAATCCGCCAACA,3,4160518
yadE_predicted,4.0,3,0,GTTAGAGCGGTATTCTCTCC,3,4164760
yadE_predicted,4.0,3,0,GGCACGAGAGTTAAGGACCA,3,4201382
yadE_predicted,4.0,3,0,GCAGAGCAGGCCCTGTTTAT,3,4191214
yadE_predicted,4.0,3,0,CTGCGCAAGTTTACCCCCTA,3,4164329
yadE_predicted,4.0,3,0,AGTGGGTGTAAAGCTGTTAA,3,4179985
yadE_predicted,3.0,2,0,TTGCCCGACTTTCAGCCAGA,2,4162149
yadE_predicted,3.0,2,0,TCGCCTCCTTAGGCTCTAAG,2,4231709
yadE_predicted,3.0,2,0,TCCAGGGTTCTGGTGTAACT,2,4188722
yadE_predicted,3.0,2,0,TATATGGCACCTCGGTGCCT,2,4239520
yadE_predicted,3.0,2,0,TATAGAGAATGAAGTATGAT,2,4176747
yadE_predicted,3.0,2,0,TACTTAATAGAGTTACTACC,2,4170828
yadE_predicted,3.0,2,0,GTCTCGGATCTGACATTTTT,2,4212394
yadE_predicted,3.0,2,0,GGTAACCCACCTTCCGTGCA,2,4187016
yadE_predicted,3.0,2,0,GGGGCACAGAGTGGTAATAA,2,4199051
yadE_predicted,3.0,2,0,GGGGATAAGTTCTGCCAGGG,2,4223491
yadE_predicted,3.0,2,0,GCGTGCACGGTTTTCAGAGT,2,4219923
yadE_predicted,3.0,2,0,CTCTGAATGGGACTGAACAA,2,4196511
yadE_predicted,3.0,2,0,CGCATGAGCCCCCTGGTTCG,2,4215910
yadE_predicted,3.0,2,0,CGATATTAGGCTTATAGAGA,2,4210049
yadE_predicted,3.0,2,0,CGAGGAGGAGCCGTTAGAAT,2,4159523
yadE_predicted,3.0,2,0,ATGCCCGCCAGACGTGCCCC,2,4230117
yadE_predicted,3.0,2,0,ATCTGGCTGCGGCATACTAG,2,4196478
yadE_predicted,3.0,2,0,AGGTGAAACGTTGACTCTGA,2,4181952
yadE_predicted,3.0,2,0,ACGTACGAGAATGGGCTCAA,2,4211218
yadE_predicted,3.0,2,0,AATAGATGTTGCTGATTTCG,2,4165411
yadE_predicted,3.0,2,0,AAGTCATGAAAACCCGTGAA,2,4229480
yadE_predicted,3.0,2,0,AACGTCACCCAGGCGGGGCA,2,4162203
yadE_predicted,3.0,2,0,AAATACCGGGAGTGTGGCAG,2,4223174
yadE_predicted,2.0,1,0,TTTTTATGTGTTTCAAAGAC,1,4199300
yadE_predicted,2.0,1,0,TTTTATCGCAAACACTCGTG,1,4238529
yadE_predicted,2.0,1,0,TTTGGTTGGGGGATTGGTAC,1,4210561
yadE_predicted,2.0,1,0,TGTTCACCATTCATATCCCA,1,4175615
yadE_predicted,2.0,1,0,TGTGTGAGCGAACTTCTCAC,1,4231856
yadE_predicted,2.0,1,0,TCGAATGGGGACTTTCAATT,1,4181598
yadE_predicted,2.0,1,0,TCCAATTCTGTACAGGGGTT,1,4235644
yadE_predicted,2.0,1,0,TCAGATGTTCCTCAGGACGT,1,4166098
yadE_predicted,2.0,1,0,TATACCAATTGAGTCAAGTA,1,4194934
yadE_predicted,2.0,1,0,GTTCTCATGTGTTTTTCACA,1,4165661
yadE_predicted,2.0,1,0,GTGGCGGATAGGAGGTCGGA,1,4174291
yadE_predicted,2.0,1,0,GTGACAAGAATATGGCTCAA,1,4224243
yadE_predicted,2.0,1,0,GGGTGCTTTTCTATATAGCA,1,4222575
yadE_predicted,2.0,1,0,GGCACTCGATCTGGGCGGTT,1,4241134
yadE_predicted,2.0,1,0,GGATCTCGAGGACCGGTAAA,1,4210863
yadE_predicted,2.0,1,0,GCGAAGTAGTGTACGCGCTA,1,4212411
yadE_predicted,2.0,1,0,GCCTTGTTCCTGCTAGTCCT,1,4225001
yadE_predicted,2.0,1,0,GATAAATGAAGGGTCTGGTG,1,4240425
yadE_predicted,2.0,1,0,CTTGCTATGTGTCGGGTCAG,1,4230534
yadE_predicted,2.0,1,0,CTGTGGACCAACACCAGCGG,1,4239460
yadE_predicted,2.0,1,0,CTGTGCTCAATCTTGTAATC,1,4208540
yadE_predicted,2.0,1,0,CTGTCCCACCTGTGATTGAG,1,4202910
yadE_predicted,2.0,1,0,CTGCGCATCGCCATATTCGT,1,4231108
yadE_predicted,2.0,1,0,CTCAGGTCATCACCGATCCA,1,4211056
yadE_predicted,2.0,1,0,CTAAGGAATCAGGGATGGGC,1,4226673
yadE_predicted,2.0,1,0,CGTTCTCTGAAGTATATACT,1,4179559
yadE_predicted,2.0,1,0,CGTGGGCCACACTCGGACGT,1,4213724
yadE_predicted,2.0,1,0,CGTCCCACCGGGCAGCTGAA,1,4197364
yadE_predicted,2.0,1,0,CGTACCGCACAGCAATTCCA,1,4174956
yadE_predicted,2.0,1,0,CGGTGAGACTTAACCACACC,1,4165405
yadE_predicted,2.0,1,0,CGGCTAGTCATGGTTGGTGG,1,4214213
yadE_predicted,2.0,1,0,CCTTGCGATCAATCCGGCGA,1,4240643
yadE_predicted,2.0,1,0,CCCTGAGATTTCTCAGCCGC,1,4237962
yadE_predicted,2.0,1,0,CCCGCTTCGCCCGCGACCGT,1,4186485
yadE_predicted,2.0,1,0,CCCACGTATCGTTGGCGGAG,1,4192210
yadE_predicted,2.0,1,0,CATCCTTGACCTACCCTCTT,1,4169072
yadE_predicted,2.0,1,0,CAGGGTCCACCAATGTACGC,1,4191373
yadE_predicted,2.0,1,0,CAGGATAAAGTCCTTCACAT,1,4233708
yadE_predicted,2.0,1,0,CACGACCTGTTAGGAGCCGT,1,4182817
yadE_predicted,2.0,1,0,ATTAGTGCGTCCGGCTTGGA,1,4220318
yadE_predicted,2.0,1,0,ATATTGGGCAGGCGCTATAC,1,4238407
yadE_predicted,2.0,1,0,ATAGAACAACGCAGTCTGAG,1,4199506
yadE_predicted,2.0,1,0,ATAAAGGCTTGGCGAGTGTC,1,4197984
yadE_predicted,2.0,1,0,AGCTTGGGGGACACAAGTAT,1,4166586
yadE_predicted,2.0,1,0,AGAGCGCGCATAGTAGAGTG,1,4172500
yadE_predicted,2.0,1,0,AGACAGAATTGCACCAGCGT,1,4209593
yadE_predicted,2.0,1,0,ACTGGGAGGGGTTTACAGGG,1,4172302
yadE_predicted,2.0,1,0,ACTACGATCCTTCTAGCGAT,1,4161424
yadE_predicted,2.0,1,0,ACGGGAATGTACAGGCGCCC,1,4197625
yadE_predicted,2.0,1,0,ACGGAGTTCAGCATGGTACT,1,4236370
yadE_predicted,2.0,1,0,ACAGCTTGTCGAAGATCTAT,1,4234638
yadE_predicted,2.0,1,0,ACACACAACCCAACACCTCC,1,4224359
yadE_predicted,2.0,1,0,AATCTGAATCGTTCGATAGA,1,4235100
yadE_predicted,2.0,1,0,AAGCTGTAAAAGAATCAACC,1,4206091
yadE_predicted,2.0,1,0,AACAAGTTGGGCTTTCTTTC,1,4222657
yadE_predicted,2.0,1,0,AAAGGCACTTATTGGAAGAA,1,4211007
