name,relative_counts,ct,ct_0,barcode,ct_1,barcode_ind
ybeDp,0.5172890733056709,1095,722,CCGATCCGGTGGCCCCACAA,373,4614797
ybeDp,9.05,4621,459,CCCCGAGGCCGACCTATGAA,4162,4601435
ybeDp,0.9076517150395779,721,378,GTTCTTACCTCCGACCCATC,343,4647556
ybeDp,0.7787356321839081,617,347,GAGCTAAGCTGTTGTGATCA,270,4664930
ybeDp,1.9,723,249,TACTCCACTCATGACCACAA,474,4601498
ybeDp,0.37209302325581395,293,214,GTTTTGGAAAGCTGAAGCAA,79,4601464
ybeDp,1.179245283018868,460,211,CCGGCTAGCGCGCACCAGGC,249,4602802
ybeDp,3.031578947368421,764,189,GAGAAACTAGAGGCAAGCCC,575,4679110
ybeDp,1.223463687150838,396,178,TTTGACTTTCCTAACTATTA,218,4628164
ybeDp,1.7777777777777777,448,161,GTCGTTCTTTCTTCTTGCGC,287,4631341
ybeDp,1.1221374045801527,276,130,TCAACGTACGTGGCATCCAC,146,4601551
ybeDp,0.34108527131782945,171,128,CCCCGTAGTACGTGATTTAC,43,4601309
ybeDp,0.2288135593220339,143,117,TTCTGAGTTCCTACCTCGAT,26,4625509
ybeDp,0.6814159292035398,188,112,CTGATGCGAATTCCGCAGCA,76,4617839
ybeDp,1.375,264,111,GTGATTCGCGTGCTTATCTT,153,4611039
ybeDp,0.3235294117647059,133,101,TTCTATGAATACCGTGCTTA,32,4606557
ybeDp,0.594059405940594,159,100,CGATGTAGATGATTAAGTTA,59,4602569
ybeDp,0.38,136,99,TTGTATACCATTACGACTGA,37,4629539
ybeDp,1.2626262626262625,222,98,TCGCAGAGCAATACTTGGAA,124,4613077
ybeDp,0.8333333333333334,174,95,CCGTCAAGCACAGATTTTAA,79,4640847
ybeDp,0.5520833333333334,147,95,ATCTCTCTAGGTTCCCCACA,52,4642794
ybeDp,0.3978494623655914,128,92,ACACGGTGAATGTCGAGCTG,36,4602357
ybeDp,3.6344086021505375,429,92,AATTTTTTCGCGACGATGTG,337,4601256
ybeDp,1.1304347826086956,194,91,TGCTAAGCACTTAGAATATA,103,4601014
ybeDp,0.5652173913043478,142,91,GGTGGCCTTTTATTTTCAGT,51,4612622
ybeDp,0.13043478260869565,102,91,CACCTAAGGGTCCTAAAGTG,11,4651965
ybeDp,1.1538461538461537,194,90,TTCGCCTACGCAGCCGAGTA,104,4684151
ybeDp,3.241758241758242,384,90,TATGTATGCAGTAGGCGTGC,294,4643303
ybeDp,2.966666666666667,355,89,TGGAAGGCGTACTGGATGCA,266,4661317
ybeDp,1.7333333333333334,244,89,TATTCTGGTTAGTTGTACAT,155,4614280
ybeDp,0.21348314606741572,106,88,TGTGTCCGGGCCGTAGACAT,18,4646193
ybeDp,0.5730337078651685,138,88,GTTCACACAATCGCGTGGTG,50,4602383
ybeDp,0.6853932584269663,148,88,GGCGGGACCAGGTAAAATAT,60,4636868
ybeDp,2.168539325842697,280,88,CGAGAGTTGCTGTTCTCTAT,192,4608105
ybeDp,1.625,229,87,GTGAGCCCTTTACGCAGCGT,142,4654742
ybeDp,3.715909090909091,413,87,GGTTGCGCTCGGATTAAACA,326,4601523
ybeDp,6.5,658,87,AGGGGGGCCGATAAAAAGCT,571,4612440
ybeDp,0.45977011494252873,125,86,TACCCTCCCCGTACATTCTG,39,4680586
ybeDp,0.39080459770114945,119,86,GAAATGCTATAAGTCGTCAA,33,4610236
ybeDp,1.197674418604651,187,85,TCCTGGGTTAACGTCATAAC,102,4603555
ybeDp,0.8823529411764706,158,84,TCGACACAGTTTAGCGTAAA,74,4614551
ybeDp,0.2235294117647059,102,84,GGGTTATGATTAAGTTATGT,18,4627764
ybeDp,0.36470588235294116,114,84,GCGTTCATAGAGTGATCGGA,30,4653694
ybeDp,0.03529411764705882,86,84,CTCCAGCCCCACTACGTAAG,2,4683260
ybeDp,1.6,219,84,AAAGGTGGGGGTGTGCGGCA,135,4601228
ybeDp,0.6785714285714286,139,83,GTTTACTTCAATCCATCAAT,56,4663928
ybeDp,0.19047619047619047,98,83,GACCGATTGCAAGAGGCAAC,15,4632862
ybeDp,0.6071428571428571,133,83,ATGAAAGTTAGATTCCTCCA,50,4670120
ybeDp,1.0120481927710843,165,82,TGCTGCATGGATGTTTACCT,83,4604689
ybeDp,0.27710843373493976,104,82,CAAACCATCTTCGAAGTGTG,22,4655609
ybeDp,1.7439024390243902,223,81,TCGGAGATCCCCAGTCCGAG,142,4619173
ybeDp,0.2073170731707317,97,81,GTAGGTGAGGTCTGACTAAT,16,4669653
ybeDp,2.753086419753086,302,80,GTAAGGCCAGAGCATATTCT,222,4629760
ybeDp,0.9125,151,79,TGCTCTGATTGAGAGATCTA,72,4621364
ybeDp,0.2,94,79,GGAAACTGGAGGCAAAAGAG,15,4603301
ybeDp,0.0875,85,79,ATGGACTATGACAGGTGCCA,6,4604662
ybeDp,10.455696202531646,903,78,TGGGCCGCGACTTAAAGCTG,825,4618834
ybeDp,0.5443037974683544,120,78,TCTGTTCCGCCACTTGGAGT,42,4604056
ybeDp,0.19230769230769232,91,77,GCTGTATTCGTAGCGACAAC,14,4606862
ybeDp,0.44871794871794873,111,77,CAATTAACAATCCTTGACAT,34,4671581
ybeDp,1.5974025974025974,198,76,TTGCATTGAGGCTGTTCTGG,122,4633598
ybeDp,1.5454545454545454,194,76,TTCACCACTCGGTAAGCCGT,118,4610196
ybeDp,0.3246753246753247,100,76,TCCACGGGATTTCTAGAGAG,24,4655755
ybeDp,0.3116883116883117,99,76,TCAAGTGAATGGTCCGGGCA,23,4601887
ybeDp,0.45454545454545453,110,76,GATTTGCTCTCTCTTAAAAG,34,4604014
ybeDp,0.3815789473684211,103,75,TGTCCAATGGTTGTTAGAGC,28,4606913
ybeDp,0.4605263157894737,109,75,TATGGTTGAAAAGCACGGGG,34,4638368
ybeDp,0.8552631578947368,139,75,GGTTAAATTACTTCGTCACC,64,4654566
ybeDp,1.355263157894737,177,75,GAGTATGGTCCTGGTCCCAT,102,4609268
ybeDp,4.776315789473684,437,75,CCTCTTTTCTCGTGTAAAGT,362,4659390
ybeDp,0.5789473684210527,118,75,ACTATGCGGGTGTGTGCTGA,43,4649546
ybeDp,1.3466666666666667,174,74,GCCCAACTCTGTAGAGGGGT,100,4608689
ybeDp,2.1866666666666665,237,74,CTTCAGGCCCGGAGATTTGC,163,4608419
ybeDp,0.04,76,74,CTACTCCGTGCGAGAGTCTC,2,4605093
ybeDp,0.68,124,74,CGGGACACATTTCGATGTAC,50,4615824
ybeDp,0.02666666666666667,75,74,ACGGCCGAGCACTCCGGCTT,1,4601933
ybeDp,0.4594594594594595,106,73,GGTGCGGCCACTTGGTAGGT,33,4631056
ybeDp,0.04054054054054054,75,73,GGCAACAGCCGACAGCGATA,2,4623031
ybeDp,0.13513513513513514,82,73,CCTAACGGCAATCGCACGCT,9,4613592
ybeDp,1.7162162162162162,199,73,ATGCGTTTCGAGAAGTATGA,126,4628829
ybeDp,0.08108108108108109,78,73,AGAGTTTTCGAGATGAGCGA,5,4614024
ybeDp,0.581081081081081,115,73,ACTATACAGAGTTGGCTTTA,42,4611213
ybeDp,0.273972602739726,91,72,TCTGGATGTGGAGTCAGGTA,19,4604534
ybeDp,3.643835616438356,337,72,TCCGTAGATATCGGCTCATA,265,4616930
ybeDp,0.4794520547945205,106,72,TCAATGAACTTTCAAGAGAG,34,4642798
ybeDp,0.7671232876712328,127,72,GGTAATGTAAGGCTGTTCCC,55,4655051
ybeDp,0.5616438356164384,112,72,CTTCAAAGCCATTTTTCCAA,40,4655453
ybeDp,0.6986301369863014,122,72,AGTCACTCGAGCGCATTCGT,50,4602545
ybeDp,0.958904109589041,141,72,AGGCCCCGTGGTCGTGCTAG,69,4684714
ybeDp,2.7260273972602738,270,72,ACATCTTAGGATCTCCACAT,198,4612386
ybeDp,0.1527777777777778,81,71,TGCTAGGCGAGACCCTCGTT,10,4617642
ybeDp,2.486111111111111,249,71,TATATACGTTGGTCTAACAA,178,4602769
ybeDp,0.041666666666666664,73,71,ATGGGAATGTTCGCTTGAGA,2,4672936
ybeDp,0.2222222222222222,86,71,ATACCGCCCGAGAGATCACT,15,4606823
ybeDp,0.8055555555555556,128,71,ATACAGCTTTCGTATGGTCA,57,4629900
ybeDp,0.4225352112676056,99,70,TGATGTGGAGTAGATGACTA,29,4602384
ybeDp,0.5915492957746479,111,70,GTCTGGTGGACGTGCGAGAA,41,4618603
ybeDp,0.6619718309859155,116,70,GAGTACCGCCGAGTGCATGT,46,4602408
ybeDp,1.7183098591549295,191,70,GACACCATTTGCTTGCGCCC,121,4679614
ybeDp,0.2112676056338028,84,70,CTGGGGGTGGAGTCACCATG,14,4601705
ybeDp,0.19718309859154928,83,70,AAGGCTTAGACGCATGCTGG,13,4631639
ybeDp,0.5571428571428572,107,69,TCCTTGCCCCCCACCCAGGA,38,4635553
ybeDp,0.21428571428571427,83,69,GTAATGTTTACTTCACGGTG,14,4609847
ybeDp,1.2285714285714286,154,69,GCTACTCCAGCTTGTCCGTA,85,4601615
ybeDp,1.5,173,69,CGTCCCTGTGCGGTTAGTAT,104,4601347
ybeDp,0.04285714285714286,71,69,AGTCTGAGACTCTATCAAGG,2,4649320
ybeDp,0.4857142857142857,102,69,ACGGTGAAGGGCCGTTCTAT,33,4626975
ybeDp,0.37142857142857144,94,69,AACCCGGCCTCGTGATCCTG,25,4667984
ybeDp,0.5507246376811594,105,68,TTTTCTGTCATCGTGAAATT,37,4635114
ybeDp,0.08695652173913043,73,68,TAGCGGATGGCAACAATGTC,5,4620764
ybeDp,0.6231884057971014,110,68,GCCTCTATACACCAATGCGA,42,4610634
ybeDp,4.434782608695652,373,68,CCGGGGCGCCCCATTAAGTA,305,4622401
ybeDp,1.8115942028985508,192,68,CAGCCCAGTGTCTGGACCAG,124,4624265
ybeDp,0.927536231884058,131,68,AAGCTTGTCCACGAGGATTG,63,4639328
ybeDp,0.45588235294117646,97,67,GAGAAGCTGGCAGTTATACT,30,4633051
ybeDp,1.2352941176470589,150,67,CATGGCCGGACTTAGAGAGA,83,4629163
ybeDp,0.5,100,67,AGGGTGTGGCCCGTCGTTGT,33,4605271
ybeDp,0.6268656716417911,107,66,GTGGGATGGTGGTGATCTCT,41,4662482
ybeDp,0.7014925373134329,112,66,GAACTAAGATTCGAGATTGG,46,4686398
ybeDp,0.3283582089552239,87,66,CCCGTGAGGTCCAAACTCAA,21,4618063
ybeDp,0.8636363636363636,121,65,TGCTAGACCTGGGAAATGTT,56,4661460
ybeDp,0.22727272727272727,79,65,TGATAGGACGAGCATTCAGT,14,4607368
ybeDp,0.6515151515151515,107,65,TCTAGGTACAAATGGCTATT,42,4625023
ybeDp,0.4393939393939394,93,65,GGGACATAGTTATCAGATGT,28,4635620
ybeDp,1.4696969696969697,161,65,GCCCTCTAATGTCACAGCTT,96,4603695
ybeDp,0.3787878787878788,89,65,CGATATTGAAAGTCGGTCGC,24,4602596
ybeDp,0.8461538461538461,118,64,TTTCATTCATTCACTGGCTG,54,4601733
ybeDp,0.3384615384615385,85,64,TCACAGACAGTTCAGCAGTC,21,4661552
ybeDp,1.671875,169,63,TTATGCCTAGGCGCAGTTAT,106,4680613
ybeDp,0.984375,125,63,GGTACACACCTGAGTTAACA,62,4656911
ybeDp,0.859375,117,63,GGGTCCCGGGTCCAATTCAA,54,4610059
ybeDp,8.359375,597,63,GCTTCCCAACACGGAGTGGA,534,4667375
ybeDp,0.0625,66,63,GCTGAACGCAGCCTCGAAAT,3,4605385
ybeDp,3.734375,301,63,GAAGCTGGTCTGCACATGTT,238,4638747
ybeDp,0.8125,114,63,CCGTTGGGGGACGTGTGACG,51,4631257
ybeDp,0.125,70,63,CATCAGGCAGGGGACGTAAG,7,4675908
ybeDp,1.328125,147,63,CAACCGAATTAGGAAACCCT,84,4649509
ybeDp,0.3125,82,63,AGCAAACGAGTATGATACGG,19,4612131
ybeDp,0.8412698412698413,114,62,TTTGCCGGAGGCTATAAGGT,52,4673665
ybeDp,0.3492063492063492,83,62,GCACTGTCGAGCCCGAATTA,21,4615217
ybeDp,0.36507936507936506,84,62,GAGGCGTCTACCCTGCGAGC,22,4619010
ybeDp,1.5555555555555556,159,62,GAAAAAGGCCTGTGATTATC,97,4618120
ybeDp,1.4603174603174602,153,62,CTCACACATCGGTGACAAGG,91,4663366
ybeDp,0.5238095238095238,94,62,CGCCCGCCTCATTAATGGCT,32,4679889
ybeDp,0.3968253968253968,86,62,CCGGTTCTGCGTTTCTCGAT,24,4640829
ybeDp,1.6349206349206349,164,62,CACGTCATATTTTTCGTTCT,102,4603833
ybeDp,0.3968253968253968,86,62,ACGGTTCCTGATACACCGGT,24,4601862
ybeDp,0.6825396825396826,104,62,ACGGTGGCACACCTAAAGAA,42,4616849
ybeDp,1.467741935483871,151,61,TCATGCCTGTATATCATAAG,90,4655885
ybeDp,1.2903225806451613,140,61,TATCTCCTTTAATGACACTA,79,4602283
ybeDp,1.032258064516129,124,61,GTGGATTCAAGAGTTGGACG,63,4634497
ybeDp,2.0161290322580645,185,61,GGCACCGGCGCCATTTGCAG,124,4637867
ybeDp,0.5806451612903226,96,61,GGAATCTACGGTGTAAAGAC,35,4640950
ybeDp,1.7903225806451613,171,61,CTTCCGTAGTTTTACAGGTT,110,4615216
ybeDp,1.6612903225806452,163,61,CGTCAGATAGCAGACCTTTA,102,4613165
ybeDp,0.08064516129032258,65,61,CGCGAAATCAATCGCAAAGG,4,4628014
ybeDp,0.4032258064516129,85,61,ACAAGGAGTTATTCCGTTTA,24,4601888
ybeDp,0.21311475409836064,72,60,TGGGTCAAGCAATTGGTGAC,12,4668493
ybeDp,1.9836065573770492,180,60,GTTACATACATACCCTGCTT,120,4616167
ybeDp,2.7049180327868854,224,60,GGTGGCGGCTGACTGCCAGT,164,4616680
ybeDp,6.688524590163935,467,60,GGCGTGGTGGTTCTGCTGCA,407,4677348
ybeDp,0.29508196721311475,77,60,CTGATAGCTGTATAATTGTG,17,4624742
ybeDp,0.08196721311475409,64,60,CATGTTCCCACATCAAAAGC,4,4633876
ybeDp,0.8852459016393442,113,60,CATACGATGTAGCCTCACAA,53,4612263
ybeDp,0.36065573770491804,81,60,AGGCAGGTTGAGCAACCTAC,21,4659198
ybeDp,1.6,154,59,TCTCAACTATCGCGAGCCAG,95,4621002
ybeDp,2.966666666666667,236,59,TCGGTCTGGAAAAACAAGCA,177,4609385
ybeDp,0.26666666666666666,74,59,GGTGCAACCACGTCTATTAG,15,4683830
ybeDp,0.3,76,59,GCGACATAGCCCAATTGCCA,17,4609187
ybeDp,0.3333333333333333,78,59,CCACGCAGGCGACGGACAAA,19,4664088
ybeDp,1.4,142,59,CATGGGAAAGACCTGTTCTG,83,4632899
ybeDp,0.4666666666666667,86,59,CAAGAATAGCACCCAATCAT,27,4660874
ybeDp,0.9,112,59,ACTGGGCGTGCGTATCATAC,53,4632698
ybeDp,0.288135593220339,74,58,TTATGGGCCTGGTAAAAAAT,16,4655634
ybeDp,0.6101694915254238,93,58,TTAGAGTGTGAACGAAAGAA,35,4637103
ybeDp,0.6440677966101694,95,58,TGGGACCAAAAGACAGCATT,37,4656653
ybeDp,0.4745762711864407,85,58,GTTCGCAAGCCGTGAAAAAG,27,4616025
ybeDp,0.15254237288135594,66,58,GGCTGGGTTTAACTAGCATT,8,4665177
ybeDp,0.4915254237288136,86,58,GATAGACCATCATTCAGGAA,28,4620549
ybeDp,0.05084745762711865,60,58,CTTTAGCACTGGTTACGCGA,2,4618302
ybeDp,0.03389830508474576,59,58,CTGAGATAGCGAGCGCAAAT,1,4601311
ybeDp,1.7966101694915255,163,58,CCGGTTAACTCCATATGAAC,105,4602150
ybeDp,0.5517241379310345,88,57,TGGCGCTTGCGGTAATATTA,31,4656758
ybeDp,0.6206896551724138,92,57,TGAAATACCTGGCCGTCTCC,35,4608999
ybeDp,1.0,114,57,GGCGCGGCACGGGCTACGTG,57,4609875
ybeDp,5.689655172413793,386,57,GGAAACATGTCGTAGTGGCT,329,4631489
ybeDp,1.103448275862069,120,57,CGTTCGCAATCCGACCAGAA,63,4653422
ybeDp,0.896551724137931,108,57,CCCTCCGGCAAGGTACCGGA,51,4672800
ybeDp,0.15517241379310345,65,57,AGCGTCGGGAAACCTCCGAA,8,4662394
ybeDp,0.12280701754385964,62,56,TGATCGTCCTTACGGCACAT,6,4680235
ybeDp,1.3333333333333333,131,56,TCTAGTGTTCCCCTGCCGGT,75,4646086
ybeDp,0.19298245614035087,66,56,TAAACGTCTTTGCTTGATTT,10,4603099
ybeDp,1.105263157894737,118,56,CCGTCTTATCGTTTCAGATT,62,4664977
ybeDp,1.456140350877193,138,56,CCGCCTACCCCCCAGGTAAT,82,4605495
ybeDp,0.12280701754385964,62,56,CATACTTCGTACTTGGAGTA,6,4603189
ybeDp,1.6666666666666667,150,56,CACGATGTCTGGCCAGCGCA,94,4648209
ybeDp,0.03508771929824561,57,56,ATTTTGACATGTCGGATCAG,1,4600772
ybeDp,0.7368421052631579,97,56,ATTCTGTTAAAGATTTAGCA,41,4670300
ybeDp,0.7719298245614035,99,56,AGTTGGACAGACTTTCTACT,43,4611769
ybeDp,0.47368421052631576,82,56,AAGGTTGATGCGTTCCCGTG,26,4619216
ybeDp,4.642857142857143,314,55,TCAATGTACTCCCTATCCGG,259,4659415
ybeDp,7.321428571428571,464,55,GTGAACGCTGCCGACCGCTT,409,4619174
ybeDp,1.1964285714285714,121,55,GTAGCAAGTCAGGGGCATTG,66,4624439
ybeDp,0.4642857142857143,80,55,CGTTTTGACTCAATCAACAT,25,4603734
ybeDp,0.48214285714285715,81,55,CGCTATAACTTCAAGTTCAG,26,4675990
ybeDp,1.5535714285714286,141,55,ACTAGGGTCAGCTAAGATAT,86,4636899
ybeDp,0.7142857142857143,94,55,AATTGCGCCCCTACCCGCTT,39,4645122
ybeDp,0.41818181818181815,76,54,TTGGGTCGTTGTGGTATCTA,22,4634815
ybeDp,0.41818181818181815,76,54,TTCCATCCGCCCGTTACAGT,22,4653041
ybeDp,2.018181818181818,164,54,TGGGATGGCGTGGCTACCGT,110,4602090
ybeDp,0.5636363636363636,84,54,TGACCGGACGATGTTTTTTT,30,4602488
ybeDp,0.2,64,54,TCAGACTGCTTGTTATGAGA,10,4684204
ybeDp,5.054545454545455,331,54,GGCGAAGAAACCGAAACAAT,277,4654229
ybeDp,0.9818181818181818,107,54,CGAAATGTGTTTAACGTCTG,53,4654510
ybeDp,1.1454545454545455,116,54,CCATTACTTCTAACTTCCTA,62,4613591
ybeDp,0.09090909090909091,58,54,AGCACAGAGGGGAGCAGAGT,4,4676130
ybeDp,2.890909090909091,212,54,ACATTCTAGGGGCACGCAAG,158,4605139
ybeDp,0.35185185185185186,71,53,TTTGGAGTGGCGTACACGAG,18,4615502
ybeDp,0.5925925925925926,84,53,TTGTCTGCGGTCGTATCATA,31,4635076
ybeDp,0.6111111111111112,85,53,TTACCACCGGACGTAGAGAA,32,4631237
ybeDp,1.2777777777777777,121,53,TGTGTGACGACCGGCCTTTC,68,4633209
ybeDp,0.14814814814814814,60,53,TCCTATGCAGATCGCTGGCT,7,4617224
ybeDp,0.5740740740740741,83,53,TATGATGTGGGTGTTCTGCA,30,4603528
ybeDp,1.2777777777777777,121,53,TACCTCTCAGGAACATGCCT,68,4667761
ybeDp,0.4074074074074074,74,53,TACATTCTAATGTAGCTAGT,21,4603977
ybeDp,0.16666666666666666,61,53,GGTGATGAAGGCAGTATAGT,8,4664375
ybeDp,1.0,106,53,GACAACAGCCATTTAAGAAC,53,4624171
ybeDp,0.8333333333333334,97,53,CTTCTGTGTGGGTTCAGAAC,44,4621840
ybeDp,0.05555555555555555,55,53,CTGGCGAACATAGATGGGCG,2,4629159
ybeDp,0.7037037037037037,90,53,CTGCCACATGACCGGTGTGC,37,4612201
ybeDp,0.6111111111111112,85,53,CCGAACACCTTTATGAAGCT,32,4663639
ybeDp,0.7037037037037037,90,53,ATCCACTCCGGCAGGTCCGT,37,4604090
ybeDp,0.07407407407407407,56,53,AGTAGGTGTACAACAATTAA,3,4631256
ybeDp,0.1111111111111111,58,53,AGCCATACCAGAGGGGACCT,5,4666575
ybeDp,1.3333333333333333,124,53,ACCGTTTTGGGTACTGAAGA,71,4667491
ybeDp,0.07547169811320754,55,52,TTACCTCGACGTCGGGTCTT,3,4633180
ybeDp,0.37735849056603776,71,52,TCCGGTGGGATGTAATCGCT,19,4648727
ybeDp,2.30188679245283,173,52,TACGGGCTGCCCACTTGAAA,121,4606863
ybeDp,0.24528301886792453,64,52,GGTCCGCACACATCTCCGAT,12,4624871
ybeDp,0.2830188679245283,66,52,GGCGAAGGTCCTTCCTGAGG,14,4639359
ybeDp,3.9622641509433962,261,52,CTGACGTGAATACCATTTCT,209,4652499
ybeDp,2.2641509433962264,171,52,CGGTTGGATATCATGCGTTC,119,4643474
ybeDp,2.3962264150943398,178,52,CCGCTACAAACTTTGTACCC,126,4602039
ybeDp,0.7924528301886793,93,52,CCCGCGAGGGGTCGAGGAAT,41,4647393
ybeDp,2.3207547169811322,174,52,CACATCGCAACCGGTTCGAG,122,4612128
ybeDp,8.735849056603774,514,52,ATCAATACATTTTCAGGAGG,462,4601170
ybeDp,0.7358490566037735,90,52,AAACGCGTGACCTGATATAG,38,4667523
ybeDp,0.9230769230769231,98,51,TGCCCAACTATACCTGTGTC,47,4617972
ybeDp,0.6730769230769231,85,51,GTATCAGAACTCGGCGAAAC,34,4656725
ybeDp,0.75,89,51,GCCACGCGACTTGATTTTAA,38,4666784
ybeDp,1.4230769230769231,124,51,GACCGGGGCGCCAATAACGA,73,4635440
ybeDp,0.9230769230769231,98,51,CTACCAGTACGTTCTTACTC,47,4602856
ybeDp,1.6153846153846154,134,51,CGTGGTCCTCGGTATCGCAA,83,4609205
ybeDp,2.5576923076923075,183,51,CGGTCAGTGGAATTTCTGTA,132,4669710
ybeDp,1.2307692307692308,114,51,CGAATGTGACCCTGGTCCGT,63,4620580
ybeDp,1.4230769230769231,124,51,ATCGTGTACCGTTGCATACA,73,4640854
ybeDp,0.3269230769230769,67,51,AAGATTTAGGCGCGCGGGCG,16,4625033
ybeDp,0.19230769230769232,60,51,AAAGGGCAGTTCACCTTGTT,9,4606824
ybeDp,0.6470588235294118,82,50,TCTCCTCAATGTGAGGTAAG,32,4603578
ybeDp,0.23529411764705882,61,50,TATGCGAGGCCATTAGTGGT,11,4630074
ybeDp,0.9215686274509803,96,50,GTCCGCCGGTGTCGAAGGGT,46,4633215
ybeDp,0.23529411764705882,61,50,GGCTGCGGTTGATTAGACGC,11,4605434
ybeDp,1.5098039215686274,126,50,GCATGCTCCGTTAGGAGACG,76,4667543
ybeDp,1.196078431372549,110,50,GCAATTTCGGCGGCGTCCAA,60,4604892
ybeDp,1.0,100,50,CTGTGGTGTATTAACTCTGT,50,4659951
ybeDp,0.21568627450980393,60,50,CGAGGGTCTAAAAGTTATTG,10,4643366
ybeDp,1.0784313725490196,104,50,CCTAAGCCTAGGGTAGGTAG,54,4619730
ybeDp,0.0392156862745098,51,50,CCATGAGAAGACCTGGCCGT,1,4644674
ybeDp,0.5294117647058824,76,50,CATAGCCCAATCAAACGTTA,26,4656538
ybeDp,3.0784313725490198,206,50,CAACTGAAACTAATCCAATA,156,4647329
ybeDp,0.49019607843137253,74,50,ATGCTTCGCGTGCAACAAGT,24,4635544
ybeDp,1.392156862745098,120,50,ACGGTAACATACTTGGTTCG,70,4668833
ybeDp,0.7058823529411765,85,50,ACCACAGGATTTATCACGAT,35,4682911
ybeDp,0.0392156862745098,51,50,AATGTTGGCCGTGAGCTCTA,1,4667932
ybeDp,0.0392156862745098,51,50,AAGGGAACCTTCGCCACGTC,1,4657097
ybeDp,1.4705882352941178,124,50,AAATGGGACATTTAAGCATC,74,4632550
ybeDp,0.6,78,49,GTAGGGTGTAGACACGTCAA,29,4610688
ybeDp,0.46,71,49,GGTTATCATTCTTCCCGTAA,22,4645486
ybeDp,0.58,77,49,GGAGGGAATGGTGGCTTCAC,28,4634651
ybeDp,0.06,51,49,GCGGGTCGATGAGCCCTCCT,2,4603473
ybeDp,0.42,69,49,CTTTATGTGGCTATGGACCT,20,4679639
ybeDp,1.28,112,49,CTATGGTCCATCGTCGCCCT,63,4610494
ybeDp,4.3,263,49,CGTAGAATCACTGATGCCAC,214,4608409
ybeDp,1.22,109,49,CCCTTCTAACCTCCATGGAA,60,4646703
ybeDp,0.8,88,49,CATTTAGGCGCTAGTGAACA,39,4612050
ybeDp,2.02,149,49,ATCTTGTCCTAACGCAACTA,100,4642346
ybeDp,2.2,158,49,AGCTACGGGGTCAACGGAGT,109,4604369
ybeDp,0.4,68,49,AGAAGAAACCCCATCATCTT,19,4644571
ybeDp,1.66,131,49,ACCGAGGGTTTTTTCTTGTG,82,4634642
ybeDp,0.38,67,49,ACCAGGTGACCATACATCCA,18,4636338
ybeDp,0.04,50,49,ACACGAATGGGTGGTCCCGT,1,4653692
ybeDp,3.6122448979591835,224,48,TGTTTAAGGATTGCTCGGCT,176,4675393
ybeDp,0.20408163265306123,57,48,TCTATTAGTACCTGTTCCAT,9,4647392
ybeDp,1.3877551020408163,115,48,TCCGCCACCGGTTCCAATTA,67,4631612
ybeDp,0.8775510204081632,90,48,TCACAGAAATGGCGCGTTTA,42,4659970
ybeDp,0.7346938775510204,83,48,GTGTTGATCACATTTCGTGT,35,4668490
ybeDp,0.4897959183673469,71,48,GTACACGTGATTGCATTTAA,23,4636929
ybeDp,1.1020408163265305,101,48,GGTGCTCGTATGGACACAAG,53,4623183
ybeDp,5.122448979591836,298,48,GATGGGAATGGGAATGTCCC,250,4679366
ybeDp,0.2857142857142857,61,48,GATACGTCACCAGGGTGCAG,13,4682771
ybeDp,0.673469387755102,80,48,CCCTCCGCTCTCCCTTTTAC,32,4629227
ybeDp,1.2040816326530612,106,48,AGGGTGAAGAAAGAGAAAAT,58,4676220
ybeDp,0.10204081632653061,52,48,ACTCGCTTTAGGCATTTGGA,4,4673460
ybeDp,2.3469387755102042,162,48,ACCCTCTAATCCTGCGACCA,114,4601040
ybeDp,1.4489795918367347,118,48,AACTACGGGTGATGTCCGCA,70,4606453
ybeDp,1.6326530612244898,127,48,AAAAACACAGGAGTTCGCTC,79,4635107
ybeDp,0.1875,55,47,TTTTAGATCCCGCCAGCTTC,8,4642255
ybeDp,0.6458333333333334,77,47,TGTGCGTTGGGGTTGCTAAG,30,4678891
ybeDp,1.2291666666666667,105,47,TGCGCATCAATCAGCGATCC,58,4600896
ybeDp,0.4791666666666667,69,47,TCCATTTTAATTGCCGCATG,22,4629983
ybeDp,0.0625,49,47,TAACGGGCACGGGGTTCAAG,2,4669831
ybeDp,1.0,94,47,GTGTTTTGTACTAATCCTCA,47,4624804
ybeDp,0.875,88,47,GTAACCTCCAGCGCAAGCAT,41,4602661
ybeDp,0.22916666666666666,57,47,GGGTAGATGAAACATCAACA,10,4618218
ybeDp,0.041666666666666664,48,47,GGGGATGACACTAGATACGG,1,4601377
ybeDp,2.75,178,47,GGACGAAGCGGCTTAAATAG,131,4670623
ybeDp,0.0625,49,47,GAGAACCTTAGAGCTGACTG,2,4639966
ybeDp,1.3958333333333333,113,47,GAAGTTGGTACGACCAAAGG,66,4663037
ybeDp,0.3958333333333333,65,47,CTCATGCTGACTTATCACGT,18,4629987
ybeDp,0.8541666666666666,87,47,CCCTCAGTTGACGGACCGTT,40,4642954
ybeDp,0.041666666666666664,48,47,CCATCGTGGGATTACATTAC,1,4619016
ybeDp,2.1875,151,47,CAGCAGCAATCTCAGTCTCT,104,4607679
ybeDp,0.7291666666666666,81,47,CAATAGATGATGCCTGAGCA,34,4639327
ybeDp,0.4375,67,47,ATCTGGGCAACTACAGTGTT,20,4611206
ybeDp,0.3958333333333333,65,47,ATACCGTGCATTCGCCGCCT,18,4658998
ybeDp,1.0416666666666667,96,47,ATAAGTTGGGCAGCCGGATA,49,4621688
ybeDp,3.3541666666666665,207,47,AGGTTCCTGTTCCACGGATA,160,4608410
ybeDp,0.3333333333333333,62,47,AGCCTACAAACTTGCTGGAT,15,4629060
ybeDp,0.4166666666666667,66,47,AATCACGCGGTTGGGTGTAT,19,4618201
ybeDp,0.20833333333333334,56,47,AACGTTTCCTAACCCGGGAT,9,4653689
ybeDp,0.4583333333333333,68,47,AAACTACTTGCATAAGAGAA,21,4668925
ybeDp,0.3191489361702128,60,46,TTATATTACGCACCTGGGAG,14,4612470
ybeDp,0.23404255319148937,56,46,TATTCAGGGGTAAAATCACT,10,4601736
ybeDp,0.0425531914893617,47,46,GTTTACTTTGGAGAACAGCG,1,4621754
ybeDp,1.1702127659574468,100,46,GTGCGGGAAGCGGCGGTGCA,54,4624537
ybeDp,0.3617021276595745,62,46,GGATAATCCCGCCTTCTGTT,16,4640401
ybeDp,1.2765957446808511,105,46,GCGCAATTTCGGGACTTAAT,59,4666451
ybeDp,1.2127659574468086,102,46,GCAGTCCTAAGGGGAACAAA,56,4680642
ybeDp,1.872340425531915,133,46,GCAGCGGACCCGCAGACCTA,87,4665925
ybeDp,2.617021276595745,168,46,CGAACAACATAATCAAATAA,122,4625137
ybeDp,1.2553191489361701,104,46,CCGCACACGTGGGCGTTCTC,58,4619409
ybeDp,0.0425531914893617,47,46,CCAACGCGACCCTCTAACGT,1,4614553
ybeDp,1.425531914893617,112,46,CAACACACACCCGACAGCGG,66,4633509
ybeDp,0.8085106382978723,83,46,ATGGCCGAAGGGCTTACCCT,37,4621268
ybeDp,0.14893617021276595,52,46,AGGAGCCCCCTAGCTGCCAT,6,4670516
ybeDp,1.6808510638297873,124,46,ACAATGAAAGATTCCACGTT,78,4608041
ybeDp,0.5106382978723404,69,46,AATCCTGAATTACACATCCA,23,4605524
ybeDp,2.0851063829787235,143,46,AAGGCGGCAGGGATACTTCT,97,4635185
ybeDp,0.717391304347826,77,45,TGTCCCTTCACGTGTAACAT,32,4612357
ybeDp,0.6521739130434783,74,45,TGCAGTGATTGAGCACATTG,29,4640825
ybeDp,0.2608695652173913,56,45,TGCAATTCCGCAGTGAGTAG,11,4624393
ybeDp,2.0652173913043477,139,45,TGAGGTGGACCTCATGATAT,94,4626036
ybeDp,0.7391304347826086,78,45,TGAGCTCACGGTTCCTCACG,33,4639779
ybeDp,0.32608695652173914,59,45,TGACAAAGATCTCGAAAACG,14,4602731
ybeDp,1.7608695652173914,125,45,TATTGGAATAGCACACCCGA,80,4608454
ybeDp,0.8043478260869565,81,45,GTAACCAGCCAGGCTCGTCT,36,4604151
ybeDp,1.0434782608695652,92,45,GGTCGGAGAGAAGCTTGTTA,47,4684030
ybeDp,0.4782608695652174,66,45,GGGGGTACTCACTACGTAAT,21,4602252
ybeDp,1.0434782608695652,92,45,GGAACGTGGCGACGCACTAT,47,4609149
ybeDp,1.2173913043478262,100,45,GCGGCGTAGTCTTTTGGACT,55,4614649
ybeDp,1.565217391304348,116,45,GCAAATGGCAGAAGCGGGCA,71,4652482
ybeDp,0.43478260869565216,64,45,GAACGGGTGAAATTGTACAA,19,4642039
ybeDp,0.5434782608695652,69,45,CTTCCTCTGTCCGTGCCCAG,24,4600855
ybeDp,0.3695652173913043,61,45,CTGGGTACTCTTGTGTCCGT,16,4645314
ybeDp,0.5869565217391305,71,45,CGCATGATGTTTCGTTTACA,26,4654251
ybeDp,1.8478260869565217,129,45,CCTCGGGATGGTGAGGGCAA,84,4656493
ybeDp,0.4782608695652174,66,45,CCGTTTACACAAAGGAAGTT,21,4610660
ybeDp,0.043478260869565216,46,45,ATCGCGGTTTAAGTGGTAAT,1,4652379
ybeDp,0.2826086956521739,57,45,ATATCACGAGACGCGTGACT,12,4605382
ybeDp,0.43478260869565216,64,45,AGAATCCAGTCCCAAAGGGA,19,4658311
ybeDp,0.6086956521739131,72,45,AGAAAGAGATATGATACTGG,27,4624637
ybeDp,0.15217391304347827,51,45,ACGATCAGTAACTTTCTTCA,6,4607970
ybeDp,0.043478260869565216,46,45,AATCCCGGAAAGAACTCCAA,1,4611987
ybeDp,0.10869565217391304,49,45,AACCGGGAAAACGCCGTCTA,4,4629617
ybeDp,0.2391304347826087,55,45,AAAGCAAGAACCGCCCCTTT,10,4638248
ybeDp,0.5869565217391305,71,45,AAAGAATAGCCATAGGCTCA,26,4605528
ybeDp,2.108695652173913,141,45,AAAAGGACTGGGTAGCATTA,96,4667206
ybeDp,15.577777777777778,744,44,TTTGCTACCGCAACGAGATA,700,4640601
ybeDp,0.7777777777777778,78,44,TGGTTTCAGTACGATAATAG,34,4605330
ybeDp,0.8888888888888888,83,44,TGGGTCAAGCTACAGTTACA,39,4654545
ybeDp,0.4222222222222222,62,44,TGAATATCTGCATAGAAAGA,18,4664045
ybeDp,0.7333333333333333,76,44,TCCGAGATGCCGATACTGAG,32,4617359
ybeDp,0.8222222222222222,80,44,TCCCGACGGTTCCCTGCTGT,36,4681308
ybeDp,0.4444444444444444,63,44,TCAGATTGACACGGTGCAGT,19,4679488
ybeDp,0.6,70,44,TACCGGTAATGGAACGAATC,26,4602007
ybeDp,0.13333333333333333,49,44,TACAGCGCTAACGTCAATTT,5,4639411
ybeDp,0.37777777777777777,60,44,GTGTTAGAGAAGCTATTGGC,16,4605734
ybeDp,2.2222222222222223,143,44,GTAAGCCGGCAAAGACTTAA,99,4614865
ybeDp,0.08888888888888889,47,44,GGGTAGTAGACCCTCTTCGT,3,4601500
ybeDp,0.3111111111111111,57,44,GCGTGATTTTAGCTATGAGA,13,4649332
ybeDp,1.0666666666666667,91,44,GATACGACTGATCGGAGAAC,47,4667136
ybeDp,0.044444444444444446,45,44,GAGGTATCGAGGCACAAATA,1,4656252
ybeDp,0.6,70,44,GACCGTATCAAGGCTGTCCA,26,4646865
ybeDp,0.6222222222222222,71,44,CTGTGCATAGTGGTGGGGAG,27,4673135
ybeDp,0.044444444444444446,45,44,CGGCGGTCGGCCTTGTCTAG,1,4642993
ybeDp,0.044444444444444446,45,44,CCGGCGTTCGCGCCCGGGGT,1,4601398
ybeDp,0.37777777777777777,60,44,CACCGGCCTCATCAAGCCTT,16,4647832
ybeDp,0.15555555555555556,50,44,CAATTCAGCTTCTACAGCTT,6,4611274
ybeDp,0.3333333333333333,58,44,CAAATGCATGCCCTACGTAA,14,4632548
ybeDp,2.577777777777778,159,44,ATGTCGTGGTTCTCGGCAGA,115,4650514
ybeDp,0.044444444444444446,45,44,ATCCAGGTCAAACGTTATAA,1,4684154
ybeDp,0.3111111111111111,57,44,AGGTTCATTTGGTACGCGGA,13,4657880
ybeDp,3.088888888888889,182,44,AGGCGTTAGCATCTCGATGT,138,4601262
ybeDp,1.1333333333333333,94,44,AGGAGGGCAGTAATCCTTTG,50,4646801
ybeDp,0.6888888888888889,74,44,AGCCTCCGACCCACCACTAG,30,4616638
ybeDp,0.15555555555555556,50,44,ACGACCTTATAGCATGTCAT,6,4604503
ybeDp,0.7272727272727273,74,43,TTTTGGTCGTATTAAAAGAC,31,4639916
ybeDp,0.6363636363636364,70,43,TTGCGTCTTTCAAGGCGGAG,27,4621355
ybeDp,0.5,64,43,TTACATCCGTACAATCGCAT,21,4619140
ybeDp,0.5227272727272727,65,43,TGGAGGGTACTCCCTTAGGA,22,4662813
ybeDp,0.8181818181818182,78,43,TGATAAGGACGTCGTACTGT,35,4660415
ybeDp,0.06818181818181818,45,43,TCAAGGTCGTGATACGCATA,2,4610614
ybeDp,1.1590909090909092,93,43,TAGGTGGTAGGCTTATTTCA,50,4609454
ybeDp,1.4772727272727273,107,43,GGTTTTAGAACGAGGACACT,64,4663258
ybeDp,0.36363636363636365,58,43,GGAAATGCACTTCTGCAGAT,15,4611129
ybeDp,0.7954545454545454,77,43,GCACGCACAGTTCACGGAAG,34,4616367
ybeDp,0.4318181818181818,61,43,GATTCTCTGCCAAGAGAGCG,18,4608805
ybeDp,2.022727272727273,131,43,GAGTGGCGGCATCATATAGG,88,4660616
ybeDp,0.29545454545454547,55,43,GAAGGATACACTGCAGGGAA,12,4650515
ybeDp,0.1590909090909091,49,43,CGTGATCGGTCATTACGTAT,6,4615739
ybeDp,0.9545454545454546,84,43,CGTCATGGCCCTCCAGAATG,41,4674690
ybeDp,0.6590909090909091,71,43,CCCGGGCGTTCTGAGAGTTT,28,4603471
ybeDp,0.7045454545454546,73,43,CCATCTGGACAATCACGGCT,30,4678066
ybeDp,0.9772727272727273,85,43,CAGTATCTGGTATTTCCGAG,42,4631836
ybeDp,0.45454545454545453,62,43,CAATTTCGGCGTCGTAATCA,19,4625726
ybeDp,1.5,108,43,ATTATCGACAAAAAGTCCAT,65,4647270
ybeDp,0.38636363636363635,59,43,ATGTGCTGAATGAGCTGCCA,16,4628499
ybeDp,1.4545454545454546,106,43,ATGCCGAGTTTGGGCGAGAT,63,4649201
ybeDp,0.3409090909090909,57,43,ATCGGGTGTCTTCCGGGCGA,14,4670147
ybeDp,0.8409090909090909,79,43,AGAGTGCATTCGCATGGCCC,36,4675886
ybeDp,0.38636363636363635,59,43,AATTTGTAACCCTGTTTTTA,16,4657400
ybeDp,0.045454545454545456,44,43,AAGAAGACCATCCAAGTTGA,1,4682798
ybeDp,1.1363636363636365,92,43,AACTGAGGGCGACGCTCAAC,49,4685623
ybeDp,0.22727272727272727,52,43,AAAAGACACACGCGTCGGGT,9,4620029
ybeDp,0.5813953488372093,66,42,TTTAAATTGGTATCTCCGTA,24,4642489
ybeDp,5.767441860465116,289,42,TTCCTTATACTCTGTCCTGT,247,4630492
ybeDp,0.3488372093023256,56,42,TCTGTACCATATACTCGGTC,14,4617533
ybeDp,0.9767441860465116,83,42,TCCTGGTCGAACGGGCACTT,41,4670902
ybeDp,1.0465116279069768,86,42,TCAGCACCACGATTCTCATC,44,4638877
ybeDp,0.20930232558139536,50,42,TATGCGTGTGGACACTGATA,8,4616312
ybeDp,0.9534883720930233,82,42,TACGCGTTGCACCTGCGAAT,40,4615374
ybeDp,0.3953488372093023,58,42,TACAATTGGACTATTGACCG,16,4633976
ybeDp,0.27906976744186046,53,42,GTCATCAGAATCCAGAAAGC,11,4601087
ybeDp,0.4883720930232558,62,42,GTAGACTCGTGAGCAAGACT,20,4623052
ybeDp,0.4186046511627907,59,42,GGGCGTCTCTCCGTAAGTCA,17,4655082
ybeDp,0.06976744186046512,44,42,GGCTGCCCGTCGAGTGTTGC,2,4680016
ybeDp,0.6744186046511628,70,42,GCCTCCTCGCACCGGAAGAT,28,4628261
ybeDp,1.4186046511627908,102,42,GATTGCACAACGTGAGCGCA,60,4603114
ybeDp,0.046511627906976744,43,42,GATGGTGTTCTTTGCAGGAC,1,4611468
ybeDp,1.302325581395349,97,42,GAGACGACTTCGTTTGTTAG,55,4616231
ybeDp,0.5581395348837209,65,42,GAACTTCTGCACATTCAAAT,23,4611988
ybeDp,1.930232558139535,124,42,CTTTCAAGGAGGTGGCGCCT,82,4618129
ybeDp,1.4883720930232558,105,42,CTTAGCCCAAAGTTAAGGGA,63,4619242
ybeDp,0.046511627906976744,43,42,CGTTGCGCCAATCCGCTTGA,1,4615535
ybeDp,0.20930232558139536,50,42,CGGTGGAAGCCAGTTCTCTT,8,4607245
ybeDp,0.9534883720930233,82,42,CCGCCGGAGCAACATAGGAA,40,4652633
ybeDp,1.186046511627907,92,42,CCAGACAGCCACGCTGTAAA,50,4612935
ybeDp,0.13953488372093023,47,42,CCACGTCTCGATGGAGGCCA,5,4612555
ybeDp,1.5813953488372092,109,42,CACTCGCTCATATGTCCAAA,67,4620923
ybeDp,2.697674418604651,157,42,CACGGCGACCCTGGCTCCAC,115,4601260
ybeDp,0.6046511627906976,67,42,CAAGCTTCTACTGGTAGGCT,25,4605501
ybeDp,0.37209302325581395,57,42,ATATACCCGGTATATGATTA,15,4607310
ybeDp,1.186046511627907,92,42,AGTGTTTACATTCTTACGCG,50,4674131
ybeDp,0.20930232558139536,50,42,AGCTTTGCTTTCGCAGGGTC,8,4604970
ybeDp,0.2558139534883721,52,42,AAAGGTGACCCTGGCAATAC,10,4670154
ybeDp,0.5238095238095238,62,41,TCTCCACCTAGTTTGTCGTT,21,4634700
ybeDp,1.6904761904761905,111,41,TCCCGGCCTAACCCCTTACA,70,4636794
ybeDp,0.2619047619047619,51,41,TCCAGTACTCACCGTTCCAA,10,4659235
ybeDp,0.9761904761904762,81,41,TCAAGTCGGGGCAGTGCCAA,40,4640579
ybeDp,0.47619047619047616,60,41,TCAAATGGTATGAAAGGTCT,19,4613355
ybeDp,1.7857142857142858,115,41,GTAGGAGACGGCCAAGGATC,74,4616827
ybeDp,0.6904761904761905,69,41,GGGCTAGCGGCACCACGGAT,28,4624636
ybeDp,1.2380952380952381,92,41,GGAATTAACTGACAGCCTAT,51,4606287
ybeDp,0.5238095238095238,62,41,GCCGAAGTACAGGGTAACCT,21,4639796
ybeDp,1.0952380952380953,86,41,GCCCTTAAAAGCCGTATCTG,45,4628382
ybeDp,1.3333333333333333,96,41,GCCAAAGCGCTGCATCCGGA,55,4617973
ybeDp,1.1666666666666667,89,41,GAAGTTACTCCGTACCACGG,48,4613840
ybeDp,0.5714285714285714,64,41,CGTTGGTGACTAACTCGGTT,23,4603065
ybeDp,0.5476190476190477,63,41,CGAGCTAGACCCGAAGTTGT,22,4675287
ybeDp,0.6190476190476191,66,41,CCCACAGGATTGCGGGGTTA,25,4615629
ybeDp,2.0,124,41,CATTCCGGAAGAACCAGTCT,83,4617717
ybeDp,0.35714285714285715,55,41,CAGTATCCTATGTTTTTCAG,14,4667805
ybeDp,2.5952380952380953,149,41,CACGCACTTACCCCCGGCAT,108,4642094
ybeDp,3.880952380952381,203,41,ATGCGGAACCGAGTATTGGG,162,4601258
ybeDp,2.0476190476190474,126,41,ATCTGGTCCCACCGATACCG,85,4677322
ybeDp,0.5238095238095238,62,41,ATAAGGAACCTCGGGTGTTC,21,4614320
ybeDp,3.2857142857142856,178,41,AGGGTCAACCACTCAAGTTT,137,4658100
ybeDp,0.19047619047619047,48,41,ACTTGGCTGTATTCAAGTCC,7,4670701
ybeDp,0.5238095238095238,62,41,ACCTTGGGTGCTGCTTGTAA,21,4616914
ybeDp,0.047619047619047616,42,41,ACCGAGAGGCTAGATTTCGA,1,4602371
ybeDp,0.6428571428571429,67,41,ACCACAGCTGGTTAGTCACA,26,4658737
ybeDp,0.04878048780487805,41,40,TTTTTGTCATTTAGCAGTCA,1,4674199
ybeDp,0.04878048780487805,41,40,TTTGTGGGGTTTACGCTTCA,1,4631433
ybeDp,1.3414634146341464,94,40,TGTCCTCACGCTTACTCTGT,54,4623576
ybeDp,0.0975609756097561,43,40,TGTAGGACGTCCTGAGGCCA,3,4627633
ybeDp,1.6585365853658536,107,40,TGGGTCGATTTGAGTGGACC,67,4610601
ybeDp,1.048780487804878,82,40,TCCTGAGCGGGGCCCTGTAT,42,4630788
ybeDp,0.4146341463414634,56,40,TCCTGAGCACGGTGTAAATC,16,4636936
ybeDp,0.04878048780487805,41,40,TCCCGCCCTGAAATTACATT,1,4604936
ybeDp,0.5609756097560976,62,40,TAAGTTCACAATAGATTGGT,22,4644266
ybeDp,4.219512195121951,212,40,GTTACTGCTGATCGAGCGAC,172,4623156
ybeDp,1.3902439024390243,96,40,GGTTCGCCTTGACAATGGCT,56,4667468
ybeDp,0.7560975609756098,70,40,GGTGTAAGGCTTAGATTAGT,30,4607077
ybeDp,0.4634146341463415,58,40,GGTAGGTTAGCACGAAGACA,18,4625511
ybeDp,0.5365853658536586,61,40,GGGAACCTTACAGGTGTTCT,21,4653633
ybeDp,0.04878048780487805,41,40,GCACCCGTACGAGGTCTTCG,1,4607940
ybeDp,1.6341463414634145,106,40,GAATCGCCGAACGGACACAA,66,4667175
ybeDp,0.14634146341463414,45,40,GAACGCGGAGAGGAGCCCTA,5,4639675
ybeDp,0.5365853658536586,61,40,CTTGGTGGTGGTAGCGTATA,21,4656209
ybeDp,0.5853658536585366,63,40,CTTAGTAATGCATGTGGAAC,23,4630055
ybeDp,0.3902439024390244,55,40,CTAGTAGGTAAGAACCCGCG,15,4614620
ybeDp,0.12195121951219512,44,40,CGGTCATGGGTCAGACGCGG,4,4654281
ybeDp,0.975609756097561,79,40,CGAATAGCCACAGGCGCACA,39,4644813
ybeDp,0.04878048780487805,41,40,CCTGTGAAATAATCCGTGAA,1,4672977
ybeDp,0.3170731707317073,52,40,CCTAGTCAGAGTGGGTTAGT,12,4649061
ybeDp,0.24390243902439024,49,40,CCGGTTTATATAGCTACTAG,9,4645130
ybeDp,3.1707317073170733,169,40,CAGCCTTAAGTCTTGTGCAT,129,4663398
ybeDp,4.536585365853658,225,40,ATTCTTGCCAGGTGTAACCA,185,4650890
ybeDp,0.5609756097560976,62,40,ATTCTCTGACACCGGCTTCG,22,4643055
ybeDp,0.2682926829268293,50,40,ATGGTGGGGAGCTCGTTGAA,10,4653588
ybeDp,0.8292682926829268,73,40,ATCCAGCATCTGACGCGCAG,33,4666850
ybeDp,1.8048780487804879,113,40,AGAGGGAGAGTGTGAAGAAG,73,4607338
ybeDp,1.6585365853658536,107,40,ACTGTAACTTCGGGTAATCA,67,4621131
ybeDp,0.6341463414634146,65,40,ACGGCGGTGATATCCAATGT,25,4623199
ybeDp,0.6585365853658537,66,40,ACCCGGGCCTTTGAATATCC,26,4655177
ybeDp,1.6829268292682926,108,40,AAGTTCCATCGACAGCACTC,68,4672781
ybeDp,0.4146341463414634,56,40,AAGAAGGCTCAGCGCTATAT,16,4665877
ybeDp,1.6829268292682926,108,40,AAACGTCTTATACGTTTGCT,68,4679842
ybeDp,2.097560975609756,125,40,AAAATTAACACGCGGACTGT,85,4619323
ybeDp,0.6,62,39,TTTTCACTTTCGGTAGCCTT,23,4607829
ybeDp,3.125,163,39,TTGTTCGGCTCATTCCTTAA,124,4678191
ybeDp,0.65,64,39,TTGCCCTCGCACGTAGGGTA,25,4610120
ybeDp,1.75,108,39,TTCGTGAATTGCACGATTAC,69,4627964
ybeDp,0.325,51,39,TTCCACCTAGTCCACGACTA,12,4669151
ybeDp,0.55,60,39,TTCATGCCAGTGGAATCGTA,21,4678239
ybeDp,1.3,90,39,TGGGTCGAGCCGCTTATAGA,51,4603160
ybeDp,0.225,47,39,TGGGAGTAGGCCCTCTATGC,8,4605367
ybeDp,0.075,41,39,TGCGTCGGACTATAGAGGAC,2,4612583
ybeDp,0.35,52,39,TCTCAGGCAGGTCCCCGGAG,13,4688194
ybeDp,6.625,303,39,TCGGACCTTTGTGAGGTCTT,264,4605246
ybeDp,0.2,46,39,TCGATTCAAGGCTCATGAGA,7,4606559
ybeDp,0.05,40,39,TCCTAAGGCGGCCCTCATGT,1,4636106
ybeDp,0.75,68,39,TATAGTAATTGACGGGCGCG,29,4653243
ybeDp,7.2,326,39,TACTCAAATAGGGATACGTT,287,4650070
ybeDp,1.025,79,39,TACGCAGCGCGACACGCCAA,40,4615429
ybeDp,3.425,175,39,GTTTCCCTACACTGTAGTGA,136,4622096
ybeDp,1.025,79,39,GTACTGGGCTGTTGCATTCC,40,4622667
ybeDp,0.7,66,39,GCTGCGCCAGAAAGATTTTG,27,4615218
ybeDp,0.8,70,39,GCTCCCCTGGCTTTAGCTGT,31,4653879
ybeDp,1.55,100,39,GCAAAGGTAGGGACTGGGCT,61,4619311
ybeDp,0.4,54,39,GACGTGCGGTACCGTTCGAT,15,4686880
ybeDp,0.3,50,39,CTAATGGACAGGCTGAACGC,11,4621424
ybeDp,0.475,57,39,CGGGATGGTGGTACACGTCA,18,4663219
ybeDp,1.8,110,39,CGGCCCCGAGTCTTTCTGTT,71,4657055
ybeDp,0.45,56,39,CGGACGTCTATTACGGACGT,17,4655568
ybeDp,1.05,80,39,CGCTATTTAGCGGCACTGGT,41,4634622
ybeDp,0.75,68,39,CCTCGAAATCAATTAAACGA,29,4675000
ybeDp,0.175,45,39,CCGGCCGTTCTTTACGAATT,6,4617619
ybeDp,0.15,44,39,CCGCGATTATCCGCAGTGTA,5,4650497
ybeDp,0.725,67,39,CCAGCGACACCCCCCATAAA,28,4613320
ybeDp,2.425,135,39,CATACCATGTATGCTAAGGT,96,4622020
ybeDp,1.7,106,39,CACCCCGGGTTTGGGGGGTA,67,4655313
ybeDp,0.05,40,39,CAATGACGGCGGAGGTGGCG,1,4652004
ybeDp,1.5,98,39,ATGAAGCTGCTCTGTCTAAA,59,4609269
ybeDp,0.8,70,39,ATAACAGGAGCGTGAGAAGT,31,4664645
ybeDp,2.0,118,39,AGTTAGGGGCATGCTTGAAT,79,4631748
ybeDp,0.95,76,39,AGCGTCATGTTGGACCAGCT,37,4638361
ybeDp,3.9,194,39,ACTTTTGCCGGGCAGTGTTC,155,4647950
ybeDp,2.825,151,39,ACATTATTAGATCGACGCAT,112,4623448
ybeDp,0.55,60,39,AATAGTCCCATGTTTTTGGT,21,4641455
ybeDp,1.425,95,39,AAAACAATCCAACGTTCGGA,56,4614475
ybeDp,0.1282051282051282,42,38,TTTTAGGGTGCGAAAACTTA,4,4641491
ybeDp,0.4358974358974359,54,38,TTATCATCGCCAAACAGATC,16,4605907
ybeDp,0.20512820512820512,45,38,TTACATAATCGCCATAGGAT,7,4603842
ybeDp,0.358974358974359,51,38,TTAACTTTACTTCCGGTAAT,13,4636267
ybeDp,0.9743589743589743,75,38,TGTTAAAGGTCAAGGCGAGA,37,4654542
ybeDp,0.2564102564102564,47,38,TGGTCAGTAGGACACTCGCA,9,4641830
ybeDp,0.4358974358974359,54,38,TGCTAATTGAATAGCAATAC,16,4636042
ybeDp,0.46153846153846156,55,38,TCTGAGCCCCAGTAACAGGT,17,4609970
ybeDp,0.05128205128205128,39,38,TCTAGGGAGGACAATAGATT,1,4621751
ybeDp,0.6410256410256411,62,38,TCTAGCTCTTGGCCTCGAGT,24,4615924
ybeDp,0.05128205128205128,39,38,TCCCTGGGAGTTGAAAGGTC,1,4619282
ybeDp,0.9743589743589743,75,38,TCATATGACTTTCGACTCTC,37,4647116
ybeDp,0.358974358974359,51,38,TAGGCTAACTTGGGTCCGTG,13,4675781
ybeDp,2.1538461538461537,121,38,TAGGCGCTTCCCGAGGGGAA,83,4636824
ybeDp,1.4102564102564104,92,38,TAAAGATTTTAAAGAGTTAG,54,4654404
ybeDp,0.15384615384615385,43,38,GTGACAATGCCACCGAGTTG,5,4680025
ybeDp,0.23076923076923078,46,38,GGGGTGGCTGGCAGAGGAAC,8,4617633
ybeDp,3.5128205128205128,174,38,GGGAGGGAATGACTTGGAGA,136,4652544
ybeDp,3.41025641025641,170,38,GGCGGTCCTCGGCCGTAATG,132,4638880
ybeDp,0.9230769230769231,73,38,GGCCCCGAGTAGACCTCCCA,35,4604747
ybeDp,0.05128205128205128,39,38,GGAGATGAAGCGAGTTGTCG,1,4682443
ybeDp,0.1282051282051282,42,38,GCATCGGTTACTTAACCGAT,4,4652344
ybeDp,1.794871794871795,107,38,GCATCGCCTTCCACGCTGTT,69,4662307
ybeDp,0.4358974358974359,54,38,GATTCCCAGTGTTGTCCCAC,16,4606065
ybeDp,1.1025641025641026,80,38,GAGCAGGAGGAAACCGGCTA,42,4655789
ybeDp,0.5384615384615384,58,38,CTTGCTGTTTGCTGGACCAT,20,4642537
ybeDp,0.358974358974359,51,38,CTCGGCTGGATCGGTTTAAC,13,4604602
ybeDp,0.10256410256410256,41,38,CTCACATCCTATGTTGGCCA,3,4605405
ybeDp,0.6923076923076923,64,38,CGTTCAACCCGCTGCGCTGT,26,4617311
ybeDp,0.717948717948718,65,38,CGGCTCAACCTCAGCGCTCC,27,4660439
ybeDp,0.05128205128205128,39,38,CCGGCGACGACTCAGTCATC,1,4646970
ybeDp,3.7435897435897436,183,38,CCGGCCGTGGCTCGACATGG,145,4614869
ybeDp,0.1794871794871795,44,38,CCGAGTGGCCGTCCAGCTGG,6,4666220
ybeDp,2.923076923076923,151,38,CCGACGGAGAGTGCCTCCTC,113,4662678
ybeDp,0.7435897435897436,66,38,CCAGATTCAAGAGGGATCCG,28,4618585
ybeDp,0.7948717948717948,68,38,CCACGTCAACACCAGTGTTA,30,4610061
ybeDp,0.15384615384615385,43,38,CACGACAGACACTCTTGCCT,5,4629560
ybeDp,0.7435897435897436,66,38,CAACGGGAACTCAGCCTAAG,28,4646490
ybeDp,2.358974358974359,129,38,CAAATCAACTCAGAGTTGTG,91,4648147
ybeDp,1.3333333333333333,89,38,ATTTGTCAGGGTGCCGTAAG,51,4626724
ybeDp,1.0256410256410255,77,38,ATTACCGAAGGAGCTGAGGA,39,4603257
ybeDp,1.3333333333333333,89,38,ATTACAAGATTCATACGGAT,51,4669691
ybeDp,0.7948717948717948,68,38,ATGACAGGGGCGCTGTTTTG,30,4618904
ybeDp,2.076923076923077,118,38,ATGAAGCATTCGGAACTGTA,80,4680632
ybeDp,1.4871794871794872,95,38,AGGGCACTTGTCCTTAAATC,57,4617195
ybeDp,0.7435897435897436,66,38,AGGGACCTTGTCAATCTACC,28,4652643
ybeDp,0.5128205128205128,57,38,AGCGAGACTTTGGTGCACGT,19,4608486
ybeDp,1.0512820512820513,78,38,AAGGTTCGCACCGAGATCGA,40,4635647
ybeDp,0.46153846153846156,55,38,AACGTACAATTTAGCCGTTT,17,4654792
ybeDp,0.5641025641025641,59,38,AAACCTTTTTAGGTGGGATA,21,4679519
ybeDp,1.131578947368421,79,37,TTGGCATTCCTTGAATATGT,42,4645560
ybeDp,0.34210526315789475,49,37,TGTCGGGACAGTGCCAAATA,12,4643128
ybeDp,0.5789473684210527,58,37,TGGGAATGCGCAGGCCAGCC,21,4660460
ybeDp,0.3684210526315789,50,37,TGCTCTCTTATTGGCTTTTT,13,4604396
ybeDp,0.5263157894736842,56,37,TGCGCACGTGCGTTTCGGCG,19,4640698
ybeDp,2.1052631578947367,116,37,TGATGATCCGTGACAGCCCC,79,4641210
ybeDp,1.736842105263158,102,37,TGAACCCGTCCCGATTGCCC,65,4622329
ybeDp,1.3157894736842106,86,37,TCTAGCGCCGCCATAGGTCT,49,4616463
ybeDp,0.05263157894736842,38,37,TCGCGGAGAAAGACCGCACT,1,4605798
ybeDp,2.289473684210526,123,37,TCCTTCACAAAGCCGTCGAT,86,4618751
ybeDp,0.6842105263157895,62,37,TAGCGATTCGTACGTCATTG,25,4633153
ybeDp,0.23684210526315788,45,37,TAGAAATCGACGGTACAGTT,8,4612753
ybeDp,0.7631578947368421,65,37,GTCAACCCATGCATTTTTGA,28,4643883
ybeDp,1.368421052631579,88,37,GGTTACATCTGCTAATGGTG,51,4676239
ybeDp,3.1578947368421053,156,37,GGTGTCCAAAGTGGACACCA,119,4601811
ybeDp,0.9473684210526315,72,37,GGTCTATGCGATTTAGACTT,35,4646830
ybeDp,4.342105263157895,201,37,GGGAGAATGCAGGATGAGTA,164,4671936
ybeDp,5.526315789473684,246,37,GGCACACCTCGAAGTACAAA,209,4619704
ybeDp,0.47368421052631576,54,37,GGATGACGTACTATGTTGAC,17,4605981
ybeDp,0.8947368421052632,70,37,GCTAACTAATTGCATGATTA,33,4609301
ybeDp,1.9210526315789473,109,37,GCGAGTCGGGGTCGAACCAT,72,4660295
ybeDp,0.3684210526315789,50,37,GCCCACGAAGAACCTACCAA,13,4651224
ybeDp,1.0526315789473684,76,37,GCAGACTTAACTCGCCACGT,39,4605661
ybeDp,3.9210526315789473,185,37,GCAGACTCCTACTTAAGGTT,148,4679989
ybeDp,0.13157894736842105,41,37,GATAGGTCGGTTGAACGGAA,4,4652400
ybeDp,0.7105263157894737,63,37,GAGAACTCGCGCCGGAAGAG,26,4632339
ybeDp,0.10526315789473684,40,37,GACGTTAAAAAGAGCCGGTA,3,4647176
ybeDp,1.0,74,37,CTTCCCTGGGTCTGCCACCT,37,4637402
ybeDp,0.2894736842105263,47,37,CTGTGACAGGTTAACGGCTT,10,4624269
ybeDp,0.7105263157894737,63,37,CTCTGGCATCGATGGAGTCT,26,4666051
ybeDp,2.6842105263157894,138,37,CGGTACAACGGGCTGTAGAC,101,4664290
ybeDp,0.3684210526315789,50,37,CGCGTTCGAGCGTACTATCA,13,4625409
ybeDp,0.6052631578947368,59,37,CGAAGAGCCTAATGGTTCCG,22,4607369
ybeDp,1.0263157894736843,75,37,CCTCATAGTCTAAGTAACTC,38,4640827
ybeDp,0.8421052631578947,68,37,CCTCAAATCAAGGGGATCAA,31,4620311
ybeDp,1.631578947368421,98,37,CCCCGTATTCTGTTGTGTCT,61,4620306
ybeDp,2.3684210526315788,126,37,CCATTTAAAGGCGCAAGGCT,89,4673151
ybeDp,0.39473684210526316,51,37,CCACAATCGGGGTATCCCAA,14,4605848
ybeDp,2.1052631578947367,116,37,CCAAGTGACAGTAGATTTGC,79,4602628
ybeDp,0.5,55,37,CATTTACTTTAGTACGCTCC,18,4623145
ybeDp,1.2894736842105263,85,37,CAGGCCCCGCGGTTCTCCAC,48,4658179
ybeDp,0.6842105263157895,62,37,CACTTTATGTTCTTATAGCA,25,4622027
ybeDp,1.6578947368421053,99,37,CAAGGAAAATGAATCTACTT,62,4669191
ybeDp,2.0526315789473686,114,37,ATTGTATGGGTTCATTCAAT,77,4654171
ybeDp,0.2894736842105263,47,37,ATTATTATGACATAGGAGCG,10,4637551
ybeDp,0.6842105263157895,62,37,ATCCATGATGCTAGCCACGT,25,4640247
ybeDp,1.5,93,37,AGGTACACTATCTTAGCTAG,56,4608692
ybeDp,2.1315789473684212,117,37,AGCGAGAGGGTAGGTATAGG,80,4615570
ybeDp,8.210526315789474,348,37,AGAGGGTGTGTCTTGATTCG,311,4656931
ybeDp,0.7631578947368421,65,37,ACGAAAGCCGTAGATCGTCG,28,4612296
ybeDp,0.07894736842105263,39,37,ACACTCTGCCTTTGGCCATA,2,4632980
ybeDp,0.7368421052631579,64,37,AACATGTTGCTGGTCCCTGT,27,4612938
ybeDp,2.8157894736842106,143,37,AAACGTCCACCCCGTTTCTG,106,4673203
ybeDp,0.6216216216216216,58,36,TTTGTCCGGTTGGATTAATG,22,4652722
ybeDp,1.972972972972973,108,36,TTGTCCTAGTTAGTGTCGAT,72,4636049
ybeDp,3.2972972972972974,157,36,TTGGTCCAGATGATGGCAGC,121,4639335
ybeDp,1.9189189189189189,106,36,TTACATATCAATACAATCTC,70,4646728
ybeDp,0.6756756756756757,60,36,TGGGTGTTATACCTTCGGCA,24,4649457
ybeDp,0.6486486486486487,59,36,TGGAGGCAAGGAGGGTTTAG,23,4618712
ybeDp,1.5945945945945945,94,36,TGATGGCTATAAACGCGATC,58,4686562
ybeDp,0.5945945945945946,57,36,TGATAGCCTTACGGTTAAAT,21,4617508
ybeDp,4.1891891891891895,190,36,TGAGGTGGCTGAGCGCGCAG,154,4634250
ybeDp,0.08108108108108109,38,36,TACTCTTGAGGTTTAGATCC,2,4628926
ybeDp,1.3513513513513513,85,36,TAACTGCAGCAATTGCGTTT,49,4626583
ybeDp,2.72972972972973,136,36,GTTCACGCTAGACTTAGAAC,100,4673488
ybeDp,0.7567567567567568,63,36,GTGCACATACGGTCTTCAGG,27,4606250
ybeDp,0.4864864864864865,53,36,GTAGTCGTGTCCGCGGCAAA,17,4629279
ybeDp,0.2972972972972973,46,36,GGTACGTGTACCTGTACCGT,10,4640517
ybeDp,0.7027027027027027,61,36,GCTGCTGGGGCGGATCGCAT,25,4614499
ybeDp,0.32432432432432434,47,36,GCTGCCTCGGGGCGTGGACA,11,4605583
ybeDp,0.2702702702702703,45,36,GCTCGACCATCCCATGGGAT,9,4628329
ybeDp,1.3243243243243243,84,36,GCGTAGGCGGGCAGAGTCGT,48,4639305
ybeDp,0.8108108108108109,65,36,GCGCGGATGAACAATTCTCC,29,4661349
ybeDp,0.05405405405405406,37,36,GCCTACAAAATCGGTGACAA,1,4616538
ybeDp,0.918918918918919,69,36,GCCGGGGATTATCGTCAATC,33,4664320
ybeDp,0.918918918918919,69,36,GAACATAAGGCGTTGGTGTC,33,4642633
ybeDp,0.5405405405405406,55,36,CTTGTATGTCTTATTACCGA,19,4606556
ybeDp,0.16216216216216217,41,36,CTTGGCTCATGGGCTAGACT,5,4602855
ybeDp,0.2972972972972973,46,36,CTAAAAGCATTGGCGTACGC,10,4671176
ybeDp,1.2702702702702702,82,36,CGTCGTCAGATAAGGCTTAA,46,4623693
ybeDp,0.05405405405405406,37,36,CGCACCTTATGCTTAATTCA,1,4615805
ybeDp,1.027027027027027,73,36,CCTAAAAGCTCTCGTCAGAT,37,4621861
ybeDp,0.08108108108108109,38,36,CCGTTATCTTCCGGGGGAGA,2,4606866
ybeDp,0.05405405405405406,37,36,CCAAAGGAAGCAATTGTCGA,1,4660198
ybeDp,0.24324324324324326,44,36,CATTCGGGATATAGGATGAT,8,4644809
ybeDp,0.4864864864864865,53,36,CATTCGCTTACCAATTGGGT,17,4669973
ybeDp,1.5945945945945945,94,36,CAGTCGGAGCAGGATCACCA,58,4626418
ybeDp,3.7567567567567566,174,36,CAGGTATCTAAAGTGACTAA,138,4631605
ybeDp,0.40540540540540543,50,36,CAGGCCATTCAACGTTTCGC,14,4601468
ybeDp,0.4594594594594595,52,36,CACGTGGTCCACGTCGCTAT,16,4672913
ybeDp,0.5405405405405406,55,36,ATATTTGCTTGGCACAATTG,19,4632333
ybeDp,1.162162162162162,78,36,AGGGCTTGTCCGGCGCTCAA,42,4610454
ybeDp,0.5135135135135135,54,36,AGCTAGGGCGATGCTGATCA,18,4617337
ybeDp,0.21621621621621623,43,36,AGCCAAATTGGATCTTGTCG,7,4602300
ybeDp,0.7027027027027027,61,36,ACCCGTAGTTCCAGCGATTG,25,4645355
ybeDp,1.8108108108108107,102,36,ACATCGCTCTTGCGACCTAT,66,4621572
ybeDp,0.5675675675675675,56,36,ACATCCCTCAATCCTGTTCT,20,4678694
ybeDp,1.2702702702702702,82,36,ACAATGGCTGCTCTATCGTT,46,4647404
ybeDp,0.2972972972972973,46,36,AATGATGGAGCGTGGCGCAT,10,4639028
ybeDp,0.05405405405405406,37,36,AAGTGACCCCGGGTTACAAA,1,4670352
ybeDp,0.7027027027027027,61,36,AAGGCTAGTCTACTGCGGGT,25,4606976
ybeDp,0.8378378378378378,66,36,AAGACAAATCACGCGGGCTC,30,4624548
ybeDp,0.2702702702702703,45,36,AACGACAACACAGCTCGACA,9,4647876
ybeDp,1.5405405405405406,92,36,AAACAGACCCCGGCTAATTA,56,4608169
ybeDp,0.05405405405405406,37,36,AAAAGAACAGCCATCTAGAT,1,4612328
ybeDp,1.25,79,35,TTTGAACCAGGACCCGATCG,44,4664252
ybeDp,0.19444444444444445,41,35,TTATGCGAAATAACAACGTG,6,4620344
ybeDp,2.2222222222222223,114,35,TTAGGCATCCGCTATCAGAA,79,4619172
ybeDp,0.5555555555555556,54,35,TTAATGAACCAATCTTACTT,19,4636740
ybeDp,0.6388888888888888,57,35,TTAAACTCGAAATATTGTAC,22,4646116
ybeDp,0.6388888888888888,57,35,TGGGTTGCAGCCGATCGTGC,22,4658795
ybeDp,0.5833333333333334,55,35,TCTTTGTATGATCATTCGAG,20,4610863
ybeDp,0.75,61,35,TCGCTCTTATCTAATGCGAC,26,4604227
ybeDp,0.7777777777777778,62,35,TACACCCACTAATGACTAAA,27,4649963
ybeDp,3.0277777777777777,143,35,TAAGTCCATTGTCATTCGCA,108,4677422
ybeDp,1.1666666666666667,76,35,TAACGCCAGCACACCGCGTT,41,4626027
ybeDp,0.1388888888888889,39,35,GTTTTCGAGTGACAGCTGTA,4,4604022
ybeDp,0.19444444444444445,41,35,GTTGACACCATTTACTAATA,6,4680297
ybeDp,0.6666666666666666,58,35,GTGCGCAAGCCTCGATGTCG,23,4616327
ybeDp,3.5555555555555554,162,35,GTAAGGAGTGTATACACAAA,127,4628992
ybeDp,1.0277777777777777,71,35,GGTCGGGCATTTTTTATATT,36,4671435
ybeDp,0.25,43,35,GGTACATCCACAAGTCTACG,8,4647032
ybeDp,0.08333333333333333,37,35,GGGTGTGCCTATCCGCGTAG,2,4648407
ybeDp,0.1388888888888889,39,35,GGCGAGCTGGTATGTATTGA,4,4635220
ybeDp,0.7777777777777778,62,35,GGAGGGTTGCCCAAAGCGTA,27,4630465
ybeDp,1.4722222222222223,87,35,GGAGCCGGGTCGCACTAACA,52,4606741
ybeDp,0.6388888888888888,57,35,GGACCAAACTGAAATGATAT,22,4605142
ybeDp,0.8611111111111112,65,35,GCTATCGTGCAGTGACTCAC,30,4659192
ybeDp,0.05555555555555555,36,35,GCGGGCGTTGTTTCGGCAAG,1,4604912
ybeDp,3.388888888888889,156,35,GCCGGGGTACTAAAGCAGCC,121,4623406
ybeDp,0.5277777777777778,53,35,GCCCTGTTAGCTACTTGTGG,18,4606864
ybeDp,0.6388888888888888,57,35,GCACAGACCATTCAAGTCAT,22,4674509
ybeDp,1.5833333333333333,91,35,GATTTACTAAATATCTTCAA,56,4628390
ybeDp,0.9444444444444444,68,35,GATGCCTGCCCGTTTCCTAT,33,4625681
ybeDp,0.6666666666666666,58,35,GATAGGCCACCAGCTGCGAA,23,4601397
ybeDp,0.9722222222222222,69,35,GACCTATTGCACCGTAATAT,34,4653089
ybeDp,0.4444444444444444,50,35,GAAGCTCCCATTCATGCCTC,15,4601772
ybeDp,0.16666666666666666,40,35,GAACTATCCGTATCCTCATC,5,4656014
ybeDp,1.1666666666666667,76,35,CTTCGGCCAGGATTCTCCGT,41,4653228
ybeDp,1.0555555555555556,72,35,CTGCTTACGCACTTCACGAC,37,4629986
ybeDp,0.8055555555555556,63,35,CTGCTATGGAACAAAGATAG,28,4613900
ybeDp,0.9722222222222222,69,35,CTGCATGTAATTTTATGGCC,34,4628920
ybeDp,0.19444444444444445,41,35,CTCGCACCAAATGCTAAATT,6,4604704
ybeDp,1.3888888888888888,84,35,CTAGCACTAGAAACAAACCC,49,4652861
ybeDp,0.19444444444444445,41,35,CTACTCTGTTGATTAGCCGG,6,4671960
ybeDp,0.25,43,35,CTACGCACTACTCGCTCCAA,8,4613114
ybeDp,1.5555555555555556,90,35,CGCATGTTGTAATTCCTCTG,55,4606502
ybeDp,0.08333333333333333,37,35,CGAGGGGCGTGGGTGACCCG,2,4652086
ybeDp,1.8055555555555556,99,35,CGAGGGAGAAGCTGCTAAAG,64,4613021
ybeDp,0.6388888888888888,57,35,CCGGGGACGGCCTGTTCCAC,22,4679818
ybeDp,0.9166666666666666,67,35,CCGACATCGGGATAGTACAA,32,4629855
ybeDp,0.05555555555555555,36,35,CCGAACGGATACGTTAACAT,1,4664191
ybeDp,0.6666666666666666,58,35,CCCCTCTAGATTTGTTGATA,23,4625534
ybeDp,0.6111111111111112,56,35,CCCATGAACGTGACCTCCAA,21,4648282
ybeDp,0.16666666666666666,40,35,CCCAAAGGAGAAGCCGAGAC,5,4663635
ybeDp,0.16666666666666666,40,35,CCAGTGGCACTCGGGTAGCA,5,4602151
ybeDp,0.08333333333333333,37,35,CCACAACAACGTAGGCTATG,2,4678051
ybeDp,0.3611111111111111,47,35,CAATGGACGATCCCAGTGCA,12,4618665
ybeDp,0.05555555555555555,36,35,CAAGGACGCCTACGGGAGAC,1,4616168
ybeDp,2.8055555555555554,135,35,CAACCTAGCGAACGCGCGTA,100,4621446
ybeDp,0.75,61,35,CAAACCCCGAGCTACAGTCC,26,4670405
ybeDp,0.6388888888888888,57,35,ATAAGCTTCAAAGCTCACGT,22,4617267
ybeDp,0.08333333333333333,37,35,AGCTGAGGCAACCTGTCAAT,2,4626482
ybeDp,0.08333333333333333,37,35,AGCCTAAGATATCGCATTTT,2,4619956
ybeDp,1.2222222222222223,78,35,AGAGGGTCTTCTATTAGTTT,43,4627749
ybeDp,0.8611111111111112,65,35,AGACTCGAAACTGCGTAAAC,30,4670921
ybeDp,0.08333333333333333,37,35,AGAAGACGTCAATGGTATTG,2,4681453
ybeDp,0.16666666666666666,40,35,ACTCGGCACTCCGACTCGCG,5,4667738
ybeDp,12.61111111111111,488,35,ACGGTTTAAAGGCATTGGGA,453,4679538
ybeDp,1.0277777777777777,71,35,ACGAGAAAGAGATTTGGGAA,36,4604929
ybeDp,3.0555555555555554,144,35,ACCTCCCTTGGGAAGCCCCT,109,4629424
ybeDp,1.6666666666666667,94,35,ACCGTCGTGACTCCCGACTC,59,4610103
ybeDp,0.7777777777777778,62,35,ACCGCAGCCTTTTGCGCGTC,27,4655416
ybeDp,2.75,133,35,AATTTTCAAATGGAAACCTT,98,4636277
ybeDp,0.1388888888888889,39,35,AAGTCCCAGGACAGCATTAT,4,4628086
ybeDp,0.5,52,35,AAGTATGTCGTAGGCTCTTG,17,4603094
ybeDp,0.17142857142857143,39,34,TTTAGCGCGCCGCATATTAA,5,4617645
ybeDp,0.8857142857142857,64,34,TTGGCAGCTTGTTGCGGGCG,30,4621890
ybeDp,2.6857142857142855,127,34,TTGACGCAATCCATTATGGC,93,4638954
ybeDp,0.7428571428571429,59,34,TTCATCCCTAATTGCGATCA,25,4681920
ybeDp,0.5428571428571428,52,34,TTCACGAGCATGTCACCATT,18,4604603
ybeDp,0.34285714285714286,45,34,TTATCGATAATGTGCGCCTC,11,4637625
ybeDp,1.9142857142857144,100,34,TTATCAACTGTGAGCGTTGG,66,4606492
ybeDp,0.22857142857142856,41,34,TGTTCCTAAGGCTGTCCCCA,7,4663284
ybeDp,0.7142857142857143,58,34,TGTGAATAGGCTATGCGAAA,24,4629269
ybeDp,0.6285714285714286,55,34,TGGCTATTGTATCGGTGTAT,21,4604058
ybeDp,0.9714285714285714,67,34,TGGACGTTTTCGCCAGTGGG,33,4653913
ybeDp,0.9714285714285714,67,34,TGATAATAGCCTCGTGAAGT,33,4673406
ybeDp,1.2285714285714286,76,34,TGAGGCTGAGCTGACGTCTT,42,4682266
ybeDp,2.8857142857142857,134,34,TCTTTTTACTATAACATGAA,100,4619701
ybeDp,0.8571428571428571,63,34,TCTATAGGGGTAAGGCGAAC,29,4623879
ybeDp,0.5714285714285714,53,34,TCGTATAGGTTCTGAAACGA,19,4660994
ybeDp,0.8285714285714286,62,34,TCGTAGTAGACAGTGGGAGA,28,4642423
ybeDp,0.4857142857142857,50,34,TATTATAACTGTTGCATTGG,16,4613244
ybeDp,0.6857142857142857,57,34,TATGGGTAGTATGCACGAAT,23,4670879
ybeDp,0.4857142857142857,50,34,TAGGAATGCCCAACGTCCTA,16,4634604
ybeDp,1.1142857142857143,72,34,TAGCAAGAACTGAGTAAGGA,38,4653746
ybeDp,0.8285714285714286,62,34,TACCTACAGACCCTCATCTA,28,4657690
ybeDp,0.5714285714285714,53,34,TACCCTCCAGCGCCACCTAG,19,4623980
ybeDp,0.7714285714285715,60,34,TACAGAGGGTGGGGGTCCCC,26,4623136
ybeDp,0.4857142857142857,50,34,GTGCCGCGCTGGGTCACTTA,16,4671610
ybeDp,0.8285714285714286,62,34,GTGATTTTTGGAGACTCCGC,28,4638062
ybeDp,0.9142857142857143,65,34,GTGAGCTAAGGAAGTCAATT,31,4677843
ybeDp,0.7142857142857143,58,34,GTCTCTCGTGATTAAACCTT,24,4609487
ybeDp,1.8571428571428572,98,34,GTATATCACGACACGCCATT,64,4641411
ybeDp,0.9714285714285714,67,34,GTACTCTCTACGGGGTTCAT,33,4637659
ybeDp,0.7428571428571429,59,34,GGTCAAAAGATGTCATCGGC,25,4645676
ybeDp,0.11428571428571428,37,34,GGGGCAGTCACGGTCCTGCT,3,4642180
ybeDp,1.9142857142857144,100,34,GGGCTGATACAATGAGTGAT,66,4620308
ybeDp,2.2857142857142856,113,34,GGCATAGCAAGTGTCCCATC,79,4618824
ybeDp,0.7428571428571429,59,34,GGATGCCCTCACTGGAGGGT,25,4654899
ybeDp,0.5142857142857142,51,34,GCTTTAGTGGAGTATCTTAT,17,4604254
ybeDp,0.45714285714285713,49,34,GCTCCGGGGGGGTGGTTGAC,15,4604202
ybeDp,2.057142857142857,105,34,GATCAGAGCACATAAACCCT,71,4664133
ybeDp,0.8,61,34,GAGGTATACAAATGAATTTG,27,4687328
ybeDp,1.3428571428571427,80,34,GAGCCCCGGAAGTCTCACTC,46,4622649
ybeDp,2.2857142857142856,113,34,CTTTTTCCAGTTGTTGGTCT,79,4656656
ybeDp,0.4857142857142857,50,34,CTGCTACACCCGCCCGCAAG,16,4671174
ybeDp,1.1142857142857143,72,34,CGGTACGTCGCAACTCGATG,38,4620927
ybeDp,0.4857142857142857,50,34,CGGGAAGGAACACGAGGGGG,16,4635979
ybeDp,0.7714285714285715,60,34,CGGCCTTCCCGAAAATGACA,26,4632620
ybeDp,0.17142857142857143,39,34,CGCTGCACGCACAAAGCACA,5,4605886
ybeDp,0.05714285714285714,35,34,CGATGAGGCTCGCTAGGCGA,1,4630985
ybeDp,1.457142857142857,84,34,CCGTTTCGTGTTCTCGTGGA,50,4601971
ybeDp,0.05714285714285714,35,34,CCGGTACACGAGTGCCCTAA,1,4617935
ybeDp,0.05714285714285714,35,34,CAACTAGCAGCGTCGAGTCT,1,4635127
ybeDp,0.4857142857142857,50,34,ATCCTTCTCTAGAAAAGGGT,16,4659469
ybeDp,0.05714285714285714,35,34,ATCCAGAGGCCGAACTGATA,1,4679962
ybeDp,0.4,47,34,AGTTTGAGCAATGACTCGTT,13,4671442
ybeDp,0.2857142857142857,43,34,AGGATGGTGTAGAGGAAAAA,9,4601735
ybeDp,0.6,54,34,ACTGTATCCTATGTACTATA,20,4617874
ybeDp,0.2,40,34,AAGCACTCAGCGTACTTAGT,6,4644935
ybeDp,1.8,96,34,AACTCTGTCATTAGCCAGCG,62,4638063
ybeDp,0.34285714285714286,45,34,AACACGACAAACACATACTA,11,4648355
ybeDp,1.8285714285714285,97,34,AAATACTGATGCGATTTGGT,63,4621692
ybeDp,0.37142857142857144,46,34,AAACAGTGCGGGGGGGTTTC,12,4652401
ybeDp,1.0571428571428572,70,34,AAAACAACAGTCAAAATTTA,36,4632984
ybeDp,0.7647058823529411,58,33,TTTGTTAGAAGCGACACGCA,25,4644574
ybeDp,0.5882352941176471,52,33,TTTAGATTCACATGGATGGA,19,4626788
ybeDp,1.2352941176470589,74,33,TTCGACATATGACATAGCAG,41,4654282
ybeDp,5.5588235294117645,221,33,TGTTAATTTTGTCTTTTTAC,188,4664485
ybeDp,0.47058823529411764,48,33,TGTGGAGATGGTCATGGGAT,15,4639523
ybeDp,1.1470588235294117,71,33,TGGTACGTACCATTTCTTTA,38,4659740
ybeDp,1.7352941176470589,91,33,TGGCACATTCGTGCTACACC,58,4620346
ybeDp,0.8529411764705882,61,33,TGCCACACTGAGCAATGGTA,28,4651026
ybeDp,1.5294117647058822,84,33,TGATCTCATCTAGGCTGGAC,51,4620710
ybeDp,0.9411764705882353,64,33,TGAATAGTCATACAGCACTC,31,4601864
ybeDp,1.2647058823529411,75,33,TCGATAGCACATCTTGAAAT,42,4627483
ybeDp,0.14705882352941177,37,33,TCCGGTCCGTTCGGTTACAA,4,4643961
ybeDp,0.9411764705882353,64,33,TCAGTAAAGGGCACGGTTTC,31,4652925
ybeDp,3.5294117647058822,152,33,TAGGTAACTGGGTAGAACAA,119,4656554
ybeDp,0.9117647058823529,63,33,TAGCGGCGAATGCGGACACA,30,4603811
ybeDp,5.5,219,33,GTTCAGCTGGTCTGTTGGGG,186,4612129
ybeDp,1.3235294117647058,77,33,GTTAGGGTAGCGCCCGCCCA,44,4668961
ybeDp,2.9705882352941178,133,33,GTTAAGCACACACCGAAGTA,100,4635735
ybeDp,0.38235294117647056,45,33,GTGCTAAGGTTATGGTGGGT,12,4614464
ybeDp,0.058823529411764705,34,33,GTATTAAAGGAGTTTCTACC,1,4609405
ybeDp,0.5882352941176471,52,33,GTAGACAACAGTCCATACTT,19,4630011
ybeDp,0.8235294117647058,60,33,GTACGCGCCGAGACAATCAA,27,4634051
ybeDp,2.264705882352941,109,33,GGTCGTAGTGGATACTGATA,76,4628223
ybeDp,0.2647058823529412,41,33,GGGTGTACGGCGTGGCCTTG,8,4619145
ybeDp,0.9117647058823529,63,33,GGGTGGGTTGTTATGTATCT,30,4685445
ybeDp,1.4411764705882353,81,33,GGGGTGAGGCCATTTTGCTG,48,4656765
ybeDp,0.5294117647058824,50,33,GGGAGAATGTCTTCTTATGG,17,4634096
ybeDp,1.1176470588235294,70,33,GGAGAAAAAGCAAGTACCTT,37,4641804
ybeDp,2.0588235294117645,102,33,GGAACCCAGGTAGGACGAAA,69,4657928
ybeDp,0.9411764705882353,64,33,GCTAACGGGACAAAAGGATC,31,4655513
ybeDp,7.676470588235294,293,33,GCGTCGGTTACTTCAATGCA,260,4610520
ybeDp,0.08823529411764706,35,33,GCCCTGCCCCCACAAACGAA,2,4621721
ybeDp,0.5588235294117647,51,33,GCCATAATTCTTTTGGGGAG,18,4645356
ybeDp,4.0,168,33,GCATAGACAACTAAGTCCCC,135,4602224
ybeDp,0.17647058823529413,38,33,GCATACAACTCAGCGGTGGC,5,4674001
ybeDp,2.9705882352941178,133,33,GCAGGCACACATCCTGCCGA,100,4606480
ybeDp,0.7058823529411765,56,33,GATTACTGGTTCATTCGGAA,23,4628037
ybeDp,6.0,236,33,GAGCTCCGGGAACATTGCCT,203,4613256
ybeDp,0.5,49,33,GACTGAGCATCGCGTCTTCC,16,4629538
ybeDp,0.5294117647058824,50,33,GAAATTGAAATTAGACTTAA,17,4650133
ybeDp,0.9705882352941176,65,33,CTTTGTCCCAGTGAGAAACA,32,4671795
ybeDp,3.588235294117647,154,33,CTTCGAGACGACCCGGGTCT,121,4678315
ybeDp,0.5588235294117647,51,33,CTGTGGGGTCCCAGACTGAC,18,4627856
ybeDp,4.205882352941177,175,33,CTGCGGTACTGCCATCGTAT,142,4625841
ybeDp,0.14705882352941177,37,33,CTCCGAGTCCACAGGAAACT,4,4647775
ybeDp,0.7647058823529411,58,33,CTCCCTGTTCGAGGGTGATG,25,4605029
ybeDp,8.852941176470589,333,33,CTAGACGGCCCTGGACCAGC,300,4607187
ybeDp,2.1176470588235294,104,33,CTAATCTCACGTTATGACTC,71,4658710
ybeDp,0.058823529411764705,34,33,CGTTCCTGCATAGGTGTATT,1,4615657
ybeDp,0.8235294117647058,60,33,CGTTACAAGGGCACTGCTTG,27,4627882
ybeDp,0.4411764705882353,47,33,CGTGAGTTTTGATGAAATGT,14,4686000
ybeDp,0.7058823529411765,56,33,CGGCCGCACGCAATAATAGT,23,4615848
ybeDp,2.3529411764705883,112,33,CGCAGTGCCAAGTGAATGTT,79,4610564
ybeDp,1.5588235294117647,85,33,CCTTTTCTTTGCATTAACTT,52,4651095
ybeDp,0.7941176470588235,59,33,CCGGAGCAGTACAACATTTG,26,4615788
ybeDp,0.058823529411764705,34,33,CCCGAGGCAATAGGCGTATA,1,4613741
ybeDp,0.7058823529411765,56,33,CCCAAGCTCCTTAATACGTC,23,4622629
ybeDp,0.5588235294117647,51,33,CAGGGAGCATAAGTCTTCGT,18,4633725
ybeDp,0.6176470588235294,53,33,CAGGAGAAGGGACGTATTGA,20,4667638
ybeDp,1.3529411764705883,78,33,ATATCGGTTAGCCCCTTCGT,45,4621395
ybeDp,0.38235294117647056,45,33,ATAGGGAATAGGAGTCTTGA,12,4635503
ybeDp,1.8235294117647058,94,33,AGTGTATCAGATATATACCT,61,4655922
ybeDp,0.4411764705882353,47,33,AGGGATTCGATCACGAATGT,14,4606645
ybeDp,0.5,49,33,AGCCTCCTACCATAAAGAGG,16,4677868
ybeDp,0.7058823529411765,56,33,AGAGATGCATCCCCCAGTCG,23,4639330
ybeDp,6.470588235294118,252,33,ACCAGTCGCGTCTCACATTA,219,4616172
ybeDp,0.38235294117647056,45,33,ACACTGAGGCTATTAGTGTA,12,4618757
ybeDp,1.8235294117647058,94,33,ACACCCAGATCTGTTATCGT,61,4614184
ybeDp,4.852941176470588,197,33,AAGAAAAAGGTTAGCTTAAG,164,4604447
ybeDp,1.7647058823529411,92,33,AACCGTTGTTTCACCTTGAT,59,4687694
ybeDp,0.38235294117647056,45,33,AACAACAGAGACGGGCTCTC,12,4624481
ybeDp,0.4117647058823529,46,33,AAAGTACGTGGTACGCCGTT,13,4628259
ybeDp,0.06060606060606061,33,32,TTGGGGAGTATCCTGCGATA,1,4685322
ybeDp,0.3939393939393939,44,32,TGGTTGGTCTAACGGTTGAC,12,4622026
ybeDp,0.7272727272727273,55,32,TGGGTTTCCCTTCACGGTAA,23,4612708
ybeDp,1.4848484848484849,80,32,TCTTTCACAATGTAGCTTTT,48,4620056
ybeDp,1.696969696969697,87,32,TCGCTAATAATCCAGAAGTA,55,4643765
ybeDp,0.36363636363636365,43,32,TCGCTAACCAATAACTCCTA,11,4641242
ybeDp,0.3333333333333333,42,32,TCCGAGCTCAGCTACGACCA,10,4620984
ybeDp,1.393939393939394,77,32,TCCCAACCAGCTTTCAGTTT,45,4629397
ybeDp,1.0606060606060606,66,32,TCCACTATATGCACCGGCAT,34,4636682
ybeDp,0.06060606060606061,33,32,TCAGGCTAATTTGCGCTGGA,1,4627330
ybeDp,0.48484848484848486,47,32,TCAGCACTCGACCGGTGCTC,15,4675753
ybeDp,0.6060606060606061,51,32,TATTTTAAAGCCTCTCTCGT,19,4611036
ybeDp,0.5757575757575758,50,32,TAGGGTGTGCACGCAGTAAA,18,4602925
ybeDp,0.6666666666666666,53,32,GTGGGTGATCTATGCTAGGA,21,4643886
ybeDp,1.1515151515151516,69,32,GTGCTTTCGGGGGTAAGCGA,37,4641551
ybeDp,0.12121212121212122,35,32,GTGCATGGGCGGTTCGGGAC,3,4661379
ybeDp,0.9090909090909091,61,32,GTGATCGCGATTTTTCGATC,29,4682744
ybeDp,2.606060606060606,117,32,GTATACTTCCAGGACTGATT,85,4624137
ybeDp,0.36363636363636365,43,32,GGTCCTTCCCGTGGTACGAT,11,4677137
ybeDp,0.45454545454545453,46,32,GGGTAGCGCTCGTTATTTGT,14,4666427
ybeDp,0.45454545454545453,46,32,GGCATCCTGGAAGATTGGAG,14,4639522
ybeDp,0.5757575757575758,50,32,GGCAAGGCGGACGCGTTCAT,18,4617661
ybeDp,1.5757575757575757,83,32,GCTTCCTGGCCTGGGGATTA,51,4614410
ybeDp,1.5454545454545454,82,32,GCGGTAAGAGCGTACTTTCT,50,4605064
ybeDp,0.8484848484848485,59,32,GCGGCTCTCCCTGTGTATAA,27,4622353
ybeDp,0.696969696969697,54,32,GCGAAGAAGGACGCACTCGT,22,4676221
ybeDp,1.2121212121212122,71,32,GCCGATTCCTGTTACACTTA,39,4675082
ybeDp,0.7878787878787878,57,32,GCCAGATGATCTAACATCCT,25,4621862
ybeDp,1.0909090909090908,67,32,GCAAAGACCAGGCCTCCTCC,35,4611646
ybeDp,0.5757575757575758,50,32,GACCTGGTATCCCACCGGCA,18,4627487
ybeDp,1.2727272727272727,73,32,GAAGGTTGCTGATGCTAAGA,41,4628145
ybeDp,1.8484848484848484,92,32,CTTTCAAATTCACTTGTGTG,60,4676990
ybeDp,0.6363636363636364,52,32,CTTAGAGGACGAGTAGTGTT,20,4674986
ybeDp,5.575757575757576,215,32,CTGTACTCCTATTCGGGGAA,183,4676225
ybeDp,2.9393939393939394,128,32,CTGGTTCGGAGTAGTTCGGA,96,4681221
ybeDp,0.6363636363636364,52,32,CTGATGCCGAACGCAACGGC,20,4646084
ybeDp,0.2727272727272727,40,32,CTCTCGCACAGGAATGTCTG,8,4659431
ybeDp,1.1515151515151516,69,32,CTCCATCATTACCGAAAAGT,37,4630033
ybeDp,0.12121212121212122,35,32,CTACGAACCAGGTGCCAACG,3,4601619
ybeDp,0.2727272727272727,40,32,CTAAACACCAACTACAATAT,8,4621007
ybeDp,1.9393939393939394,95,32,CGTGCATACAAAGCAGCCCT,63,4638171
ybeDp,0.9696969696969697,63,32,CGTCTAGCGTCCGTTTCACA,31,4680241
ybeDp,0.9090909090909091,61,32,CGGTGGTACCCCTTCTCCAC,29,4685289
ybeDp,1.1818181818181819,70,32,CGGGACACAACGGGCTTGAT,38,4679386
ybeDp,0.6060606060606061,51,32,CGCGATTCAGGCCGGGTAGA,19,4606825
ybeDp,0.45454545454545453,46,32,CGAATTGTGCCTCCAGGGCG,14,4617047
ybeDp,2.1818181818181817,103,32,CGAATGCTGAGTCTGCTCAC,71,4622494
ybeDp,0.3939393939393939,44,32,CGAACACTGGTCCCGGATAT,12,4612293
ybeDp,0.21212121212121213,38,32,CCTAGCCGTCACACGCAGAA,6,4610152
ybeDp,1.0,64,32,CCGTCTGCCAGGGGGTTTAG,32,4675253
ybeDp,0.36363636363636365,43,32,CCGATTGGTCTGGGTTATAG,11,4602640
ybeDp,1.0,64,32,CCGAGGGGCGTCATATCGCT,32,4613888
ybeDp,0.15151515151515152,36,32,CCGACCGTTACCAAACATAA,4,4637188
ybeDp,0.3333333333333333,42,32,CCCCACACTATCCGGGGTAA,10,4612855
ybeDp,0.12121212121212122,35,32,CCCATAAGTACCTGGAGCCA,3,4626299
ybeDp,0.5757575757575758,50,32,CCATACAAGAAATACGTATA,18,4682909
ybeDp,0.3939393939393939,44,32,CCAAGTTACATATCATTGAT,12,4627357
ybeDp,0.36363636363636365,43,32,CATTCCATGATTCTTAGGGA,11,4618236
ybeDp,0.15151515151515152,36,32,CATGCAATCCGATATACTTA,4,4678403
ybeDp,0.06060606060606061,33,32,CACAGCATCTTATTCGACTG,1,4618979
ybeDp,1.4545454545454546,79,32,ATTTGGTATGGTTTGGCCGA,47,4602733
ybeDp,1.7575757575757576,89,32,ATTAGCCTCAGTGGATTTTA,57,4652022
ybeDp,0.06060606060606061,33,32,ATGGCTGCCGTATGGCTGCA,1,4633639
ybeDp,1.3636363636363635,76,32,ATGCGGACCCTCTGACACAT,44,4673051
ybeDp,0.6060606060606061,51,32,ATGCCACCGAAGTAATCGCG,19,4652494
ybeDp,1.7878787878787878,90,32,ATGAAATGCCTAGCTGTACA,58,4648287
ybeDp,7.151515151515151,267,32,ATCGGGCGTACGTCATCATG,235,4641642
ybeDp,0.3333333333333333,42,32,ATCCTAGCCGCAACGCGCTT,10,4631095
ybeDp,0.9696969696969697,63,32,ATCCAGTGGGTCTCTATCTA,31,4656258
ybeDp,0.7272727272727273,55,32,ATATACTTAAACTATTAAAA,23,4602977
ybeDp,0.30303030303030304,41,32,ATACCGGTAGGCTAATCCTA,9,4638172
ybeDp,0.06060606060606061,33,32,AGTTGCGGCCCAAGTTTATG,1,4611616
ybeDp,0.5454545454545454,49,32,AGGTGAGGCCGGCCGGATAG,17,4613805
ybeDp,0.696969696969697,54,32,AGGCGTACGACCTTAAGGAC,22,4666511
ybeDp,0.18181818181818182,37,32,AGATTTAATAATTTCTGCTC,5,4664359
ybeDp,1.7878787878787878,90,32,AGAGCATTGGGCAAACGTGT,58,4642533
ybeDp,0.6666666666666666,53,32,ACTTTGTAACTCCCCAGGCG,21,4653420
ybeDp,0.8484848484848485,59,32,ACTAAATCTGGGGGCAAGTT,27,4606663
ybeDp,0.06060606060606061,33,32,ACGTAAGGCTTCTAGACGGG,1,4614286
ybeDp,2.1818181818181817,103,32,ACCGTTATAGTGACATAAGT,71,4602630
ybeDp,0.6363636363636364,52,32,ACCCACTTGATATTCTCTTA,20,4637030
ybeDp,0.21212121212121213,38,32,AAGGGCGCTGATAGTACATC,6,4664348
ybeDp,0.36363636363636365,43,32,AAGAGCAGTAGGGCTGAAAA,11,4609166
ybeDp,1.2424242424242424,72,32,AACAACTCGCGAGGGGGAAA,40,4634553
ybeDp,2.121212121212121,101,32,AAAGTCTTAAGAACATGCAA,69,4632492
ybeDp,0.71875,53,31,TTTTGCCCGTCCATAATAAG,22,4669689
ybeDp,1.25,70,31,TGTTAGTGGGGACAATCCGT,39,4635527
ybeDp,1.4375,76,31,TGGTAACTAGACAATGATGA,45,4609935
ybeDp,0.3125,40,31,TGCTAAACTTGGAGGACTCG,9,4674933
ybeDp,0.6875,52,31,TGCAGGCCGCGCGGTTGCAT,21,4650557
ybeDp,1.84375,89,31,TGATCTTGCTTTCAGATGAG,58,4604346
ybeDp,3.1875,132,31,TCTCGGGCGGTTCTTCTTGA,101,4626314
ybeDp,0.125,34,31,TCGTGACTATCGGACGGACT,3,4654940
ybeDp,7.375,266,31,TCGTCCTCCATTTGTACGAA,235,4655510
ybeDp,0.125,34,31,TCGACAGCATCATCAAGATT,3,4624808
ybeDp,2.75,118,31,TCCTCATTTAGACGGCTAAG,87,4646255
ybeDp,0.09375,33,31,TCCCTAAACACTTGCGGCTA,2,4621122
ybeDp,0.0625,32,31,TCATTGATAGGTACGCCGAC,1,4606826
ybeDp,1.46875,77,31,TCATATAGGTGAGCGGCGAA,46,4652000
ybeDp,0.6875,52,31,TCAGGCTAATAAGGGAACCA,21,4663929
ybeDp,0.0625,32,31,TCAGCACTCTGGTTATCCGA,1,4624648
ybeDp,1.0625,64,31,TCACATCTTGAGAGCACTAT,33,4620855
ybeDp,0.40625,43,31,TCACAGCGTGGCGAGTGGTA,12,4643411
ybeDp,0.25,38,31,TATCAGTCCAACAATTCTGT,7,4627063
ybeDp,0.0625,32,31,TAGCCAAGTCGTAGTCTAGG,1,4661470
ybeDp,0.9375,60,31,TACGTTAATTTGTGAATCAT,29,4663162
ybeDp,0.34375,41,31,GTGCTTTCATATTCGCGTGA,10,4655087
ybeDp,0.625,50,31,GTGATATGAATCCGTGGGGT,19,4669980
ybeDp,0.5,46,31,GTCGTACGGGGGCTACGTCG,15,4671797
ybeDp,0.09375,33,31,GTCCGAAGTCGCCGACGGTT,2,4612361
ybeDp,1.21875,69,31,GTCATTGCCGCTAGTCCGTT,38,4622472
ybeDp,1.40625,75,31,GTAGAGTTACGTCGTATCGT,44,4661068
ybeDp,1.25,70,31,GGGGGTCGTTTGCTTACCTA,39,4655969
ybeDp,0.5,46,31,GGCAACCTGTTAGGCCATAT,15,4630361
ybeDp,0.65625,51,31,GCTTATACTCGCGTGAGTAA,20,4667174
ybeDp,2.71875,117,31,GCTCGTAAATAAAGAAGACC,86,4647355
ybeDp,0.65625,51,31,GCTCGACTTTCCACCGCGTT,20,4611780
ybeDp,0.6875,52,31,GCTAGGCACTACCCAAGTAA,21,4626467
ybeDp,0.5625,48,31,GCCTCTCACCACACTGCTAG,17,4647258
ybeDp,0.71875,53,31,GCCCGTCAAGGATAATACGT,22,4635782
ybeDp,0.9375,60,31,GCATCACGATTGACTAAGAG,29,4610686
ybeDp,2.0,94,31,GCAACGTGGGCGATCTTTGG,63,4668424
ybeDp,0.0625,32,31,GATCTAAGAAACTCTCGCAT,1,4610990
ybeDp,0.71875,53,31,GAGGCTCATAGCTACAGCTT,22,4650855
ybeDp,0.375,42,31,GAGCTGCCACGTTCTCAGAC,11,4642689
ybeDp,0.0625,32,31,GACAGTACTTCGCCGAGTTA,1,4645712
ybeDp,0.34375,41,31,GAAGCATGTTCACGGGAATA,10,4633401
ybeDp,0.09375,33,31,CTTGTAGCCCTAGTAGCCGT,2,4604484
ybeDp,0.71875,53,31,CTGTTTGACCAGGGCTCGAC,22,4670462
ybeDp,0.0625,32,31,CTGTCAAAATAGTAGTGCGA,1,4605988
ybeDp,0.8125,56,31,CTGACGGGGCTGCACTATGC,25,4632829
ybeDp,0.375,42,31,CTCGGTCAGAGGTAGTCAAG,11,4651956
ybeDp,0.75,54,31,CTCGCCGTGCAGCACAAGCT,23,4641088
ybeDp,0.71875,53,31,CTCCCCTCCTTCAAGGATTC,22,4638329
ybeDp,0.125,34,31,CGTTTAGCCTTTACGTAGGA,3,4612830
ybeDp,1.75,86,31,CGGGCTGGTAGGGGAATAAG,55,4609048
ybeDp,0.4375,44,31,CGATGCGTTCTTTGGGAGAT,13,4658999
ybeDp,10.53125,367,31,CCGTGCCAGCGGCCCCGCTA,336,4654231
ybeDp,0.6875,52,31,CCGGTGATACAGTACATCGT,21,4628618
ybeDp,1.0,62,31,CCGGTCGTCAATCAGTCTGC,31,4649202
ybeDp,6.375,234,31,CCGATCCGACACGAATCACG,203,4608818
ybeDp,0.84375,57,31,CCCCGTGCACTAGGTATTAC,26,4656777
ybeDp,3.9375,156,31,CCACCCTGGAGTTAGGCACC,125,4661616
ybeDp,0.625,50,31,CCACCATTCGCAGGAACAAT,19,4638847
ybeDp,2.59375,113,31,CCAATCAGGCGCGAATATCG,82,4606490
ybeDp,0.90625,59,31,CATGAAATCGTCCCCTCCGC,28,4624318
ybeDp,0.59375,49,31,CAGGTGTCAATCTGGCGGAT,18,4621370
ybeDp,0.34375,41,31,CACTCTGGACCCATAAATTA,10,4625041
ybeDp,1.40625,75,31,CACGGTCTAATAGGTTATTG,44,4646085
ybeDp,0.28125,39,31,CACCTGACGCCCCTGCGAGG,8,4616232
ybeDp,0.6875,52,31,CAATGGGGTCCATTACTATA,21,4608009
ybeDp,0.84375,57,31,CAAGCAGCTGTCGAAACACA,26,4630610
ybeDp,0.21875,37,31,ATTTCGGCGCCAATGAGAAA,6,4672680
ybeDp,1.15625,67,31,ATTTATGGTCCTTCTGAAAT,36,4626238
ybeDp,5.875,218,31,ATGTTGGAAAGATTTTATAA,187,4677349
ybeDp,0.78125,55,31,ATGCATGGACTCGGTTGCTA,24,4647997
ybeDp,0.28125,39,31,ATGATACGATTGTAATTCTT,8,4605559
ybeDp,1.09375,65,31,ATGAACCCCCCGAGGCATCC,34,4617627
ybeDp,2.8125,120,31,ATCTGTTATAGTCGCGGGAT,89,4665353
ybeDp,0.78125,55,31,ATCCTGATCGCCCCCCGCTA,24,4629120
ybeDp,4.3125,168,31,ATCCCGAATGGTCTTGCTTC,137,4685655
ybeDp,1.625,82,31,AGTGGGTCCGGGACCCTTCC,51,4678045
ybeDp,1.28125,71,31,AGGGTAGGCGTGCCTCTTAA,40,4625345
ybeDp,1.5625,80,31,AGAACCGGGCATACTCTGTC,49,4608820
ybeDp,1.1875,68,31,ACGGTCTCCGGGTGCGGGTA,37,4633440
ybeDp,2.6875,116,31,ACGGGTGGTTGCTCTATAAT,85,4603638
ybeDp,0.875,58,31,ACCAGTACTAAGTCCCGCTC,27,4617194
ybeDp,2.15625,99,31,ACAGGTCCTCCCAGCAGTAA,68,4649682
ybeDp,3.15625,131,31,ACAAGGGTTGATACATTATA,100,4658217
ybeDp,0.15625,35,31,AATTTCAGTCCGCTGCAATT,4,4648537
ybeDp,1.96875,93,31,AATGTTATCTTTCTTCGATC,62,4631504
ybeDp,1.6875,84,31,AATCTGGTCTTATACGTCCT,53,4604298
ybeDp,0.15625,35,31,AAGTGTCGGACTCACATCGT,4,4630360
ybeDp,0.625,50,31,AAGCGAGTCCGAGTGTGTTT,19,4644332
ybeDp,1.25,70,31,AACGATGTAGAGAGGGGACA,39,4630049
ybeDp,2.28125,103,31,AACCAACAGCGAAACGTGGG,72,4622648
ybeDp,0.7096774193548387,51,30,TTGGATCACGCCGAAGGAAT,21,4611603
ybeDp,0.6129032258064516,48,30,TTGCCTAATCAGTCCATGCT,18,4609148
ybeDp,0.6129032258064516,48,30,TTGAGTTTGTTTTATCCAGC,18,4659746
ybeDp,0.06451612903225806,31,30,TTGAGCGGACACAGTCTGGT,1,4634170
ybeDp,0.06451612903225806,31,30,TTAGTCCGTTGTTCTCTAAC,1,4629743
ybeDp,8.96774193548387,307,30,TTAGGGCACCTTACTCACCG,277,4628753
ybeDp,0.6774193548387096,50,30,TTAGCAACTCCTCCGCTGTG,20,4623131
ybeDp,2.3225806451612905,101,30,TTACAGTCAATCAAAATGCA,71,4686939
ybeDp,0.06451612903225806,31,30,TTAACGTTCATGCAAAGCTT,1,4645348
ybeDp,0.5483870967741935,46,30,TGTCGGGTCTTGATTAGTAA,16,4603016
ybeDp,2.193548387096774,97,30,TGGTACTGTTCGCAGACACA,67,4686135
ybeDp,0.25806451612903225,37,30,TGGCTTGTGTTTCTCTCGGG,7,4657123
ybeDp,2.225806451612903,98,30,TGCTGGATCCTTCACCAATT,68,4648743
ybeDp,1.3870967741935485,72,30,TGATCACAGTGTCCTGAGGT,42,4671464
ybeDp,0.6129032258064516,48,30,TGAGTGTGGCAAGGGCATAT,18,4613076
ybeDp,0.5161290322580645,45,30,TCTGTCATTCAGCCAAGTGA,15,4609433
ybeDp,1.4838709677419355,75,30,TCTGGAATATGAGCCCCGCA,45,4601015
ybeDp,0.7741935483870968,53,30,TCGTATAGATCACCGTGTGC,23,4631749
ybeDp,0.06451612903225806,31,30,TCGCCCAGCGTGATGGGAAG,1,4661160
ybeDp,0.8064516129032258,54,30,TCGAAGGGGCGCAGTTGGTT,24,4604883
ybeDp,0.5806451612903226,47,30,TCCTCTGCATGCAGAGGGGT,17,4671726
ybeDp,1.1612903225806452,65,30,TCCGCAGCGTCGGGCGCATG,35,4603906
ybeDp,4.161290322580645,158,30,TCCACTATGGTTGGAACAGA,128,4680418
ybeDp,0.9354838709677419,58,30,TCCACACGAAGAGGTTCAGG,28,4610201
ybeDp,1.5161290322580645,76,30,TCATAAATCCGTATGCGGCG,46,4667885
ybeDp,0.06451612903225806,31,30,TCAGTCCACCCAGCGGGCCT,1,4648492
ybeDp,1.967741935483871,90,30,TCAGATCCTCAATCCCTTCT,60,4669854
ybeDp,1.5161290322580645,76,30,TAGGATGTGACAGGTGTTTA,46,4649626
ybeDp,0.06451612903225806,31,30,TACGGCGGTTCACAACGGGC,1,4635795
ybeDp,2.967741935483871,121,30,TACACATCCTACATTCGTAA,91,4634520
ybeDp,0.6129032258064516,48,30,TAAAGGCAACCAAGCAGCAT,18,4634762
ybeDp,12.806451612903226,426,30,GTTTTGGGACCCTGTGAGCA,396,4640276
ybeDp,0.12903225806451613,33,30,GTTGTGGCCATCTGCGCTTT,3,4606829
ybeDp,1.2258064516129032,67,30,GTGCTATGCGTCTAGCTCGA,37,4616529
ybeDp,0.0967741935483871,32,30,GTGAGTCTGTAAGCTACTGT,2,4667641
ybeDp,0.06451612903225806,31,30,GTCAGTGTCAGAATGAGGCA,1,4619786
ybeDp,0.3548387096774194,40,30,GTAGTGTATTTGGTCGGTTG,10,4604293
ybeDp,0.5483870967741935,46,30,GTACGCGCAGATCTCATATG,16,4654020
ybeDp,4.935483870967742,182,30,GGGATACCGTCTATGGCACT,152,4687636
ybeDp,0.8709677419354839,56,30,GGCTCCAATATCACACTTAC,26,4675787
ybeDp,0.7096774193548387,51,30,GGCCGGAGCCTTGCACACGT,21,4620430
ybeDp,0.7096774193548387,51,30,GGAAGGGCGGATTACCAAAA,21,4673384
ybeDp,0.5806451612903226,47,30,GCTGGCTCGTCTGCAGTGTG,17,4643518
ybeDp,0.06451612903225806,31,30,GCTAATTAGTAGACCAAAGT,1,4628293
ybeDp,0.22580645161290322,36,30,GCGTAACAGCTGCAAGTCTT,6,4630934
ybeDp,0.9354838709677419,58,30,GCGAAGAATCTCGGTCCGCA,28,4624870
ybeDp,0.8064516129032258,54,30,GCCGGAAAAAGACGATCGCA,24,4681537
ybeDp,2.5161290322580645,107,30,GCCGCCCCGGGTCCAATGGC,77,4637296
ybeDp,0.5806451612903226,47,30,GCAAGGACTGTGTAGACCGT,17,4604648
ybeDp,0.9354838709677419,58,30,GATTCGGTTCTTTACGCCTA,28,4617420
ybeDp,1.8387096774193548,86,30,GATGTCATGCCTCGCCGGAC,56,4618378
ybeDp,1.032258064516129,61,30,GACGTGCACCCGACTACTAG,31,4640999
ybeDp,0.3225806451612903,39,30,GACCTAGGTCAAGGTCCATT,9,4637383
ybeDp,0.25806451612903225,37,30,GACCGAAAAACACGTTCCGG,7,4634782
ybeDp,1.8387096774193548,86,30,CTCTTTGTCGCGCTCATTAC,56,4601229
ybeDp,0.6774193548387096,50,30,CTCGGGGGACCCCCCCTTAG,20,4618313
ybeDp,1.3870967741935485,72,30,CTATGTCCGGGAAGTACTCA,42,4621914
ybeDp,0.41935483870967744,42,30,CTAGAACGATTTGGAACGAG,12,4661989
ybeDp,0.3225806451612903,39,30,CTAATAACTACTATCTAAAG,9,4615572
ybeDp,0.7096774193548387,51,30,CTAACGGTTACCCGAACGAT,21,4674798
ybeDp,0.8387096774193549,55,30,CGTTTCCTAGCGATTAATTA,25,4637328
ybeDp,0.25806451612903225,37,30,CGTGTAAACCTGTACCGGGG,7,4650994
ybeDp,1.1290322580645162,64,30,CGTCACTAACTCATTTACAC,34,4631582
ybeDp,0.6451612903225806,49,30,CGTACGCGTAGTGATTTAGC,19,4641932
ybeDp,0.8387096774193549,55,30,CGGTGTGACCGGGACCTGTT,25,4659129
ybeDp,1.1612903225806452,65,30,CGGACGTCATAAAGACACCT,35,4666388
ybeDp,0.25806451612903225,37,30,CGGAACCAAGCGGTAAACTA,7,4604971
ybeDp,0.12903225806451613,33,30,CGCCAGCCCCTCAACACTAT,3,4639908
ybeDp,0.5806451612903226,47,30,CGACCGAGACTCTCCACTGA,17,4621889
ybeDp,0.6451612903225806,49,30,CCGGCCCCCGGGTTGGGGAC,19,4681586
ybeDp,0.06451612903225806,31,30,CCGAGATTATCGACGAGGAT,1,4666528
ybeDp,0.3225806451612903,39,30,CCCTAAGCACGTTTCAGACA,9,4614215
ybeDp,0.5483870967741935,46,30,CCCGTAGTTCCCAGGTCTCG,16,4671471
ybeDp,0.45161290322580644,43,30,CATTTCCACCACTGCTCGCG,13,4627906
ybeDp,0.6129032258064516,48,30,CATCCACCAGCAAAGGACTA,18,4629712
ybeDp,0.5483870967741935,46,30,CAGCAGTCTAGCTATGTTAT,16,4641132
ybeDp,1.2903225806451613,69,30,CACTTATCTCATCGCTACAC,39,4644616
ybeDp,0.5483870967741935,46,30,CACGTGAAGCCCATATCGGG,16,4622799
ybeDp,1.3548387096774193,71,30,CAACTATAGAATTCAGAGTA,41,4685956
ybeDp,1.6129032258064515,79,30,CAAAGGATTAACACCGAGAA,49,4641360
ybeDp,2.225806451612903,98,30,CAAAGCCATGCATCCAGCTA,68,4674583
ybeDp,0.7419354838709677,52,30,ATTTAACCACACGAGGGTTC,22,4629203
ybeDp,0.8387096774193549,55,30,ATTGATTCCACATACGTCAA,25,4681007
ybeDp,0.9032258064516129,57,30,ATTCGATGCTGAGAATCTCT,27,4683261
ybeDp,0.06451612903225806,31,30,ATTCCGCCCTTATTTGTATG,1,4603479
ybeDp,1.0,60,30,ATGCATCTTCGGGACCACCA,30,4611668
ybeDp,0.3225806451612903,39,30,ATGCAGCGGATCTACACAAA,9,4636021
ybeDp,0.3870967741935484,41,30,ATGAGGTCGATCCGCGTAGT,11,4602854
ybeDp,2.0,91,30,ATCGGGTTCGTCAGTTCTAT,61,4671394
ybeDp,3.967741935483871,152,30,AGGTCTTTTACCGCCCACAC,122,4611710
ybeDp,0.06451612903225806,31,30,AGGCTTGACCTGGCCCTACC,1,4619958
ybeDp,0.1935483870967742,35,30,AGCGTGAGTACTCCATTCTA,5,4633924
ybeDp,0.7741935483870968,53,30,AGAACGTCGAGGAGTTTGTC,23,4641123
ybeDp,1.5806451612903225,78,30,ACTTTCCAGTCACCAAATCT,48,4607080
ybeDp,2.064516129032258,93,30,ACTGAAGCTCCACGTCTGTT,63,4607680
ybeDp,1.3870967741935485,72,30,ACTCTCGAGGATATGTGGCG,42,4602359
ybeDp,0.0967741935483871,32,30,ACGTCATGACCGACGCCCTA,2,4602358
ybeDp,1.3225806451612903,70,30,ACGAGCTGGAATCGTTTGAG,40,4643963
ybeDp,0.6451612903225806,49,30,ACGAACCCGAAGCGCCTTAG,19,4632962
ybeDp,1.6774193548387097,81,30,ACAGAAAAGGAAACGTTGTA,51,4611876
ybeDp,0.41935483870967744,42,30,AATGTTAAGGAGCACGAGAT,12,4659778
ybeDp,0.41935483870967744,42,30,AAGCTGCGGGAAGTGACCCC,12,4666298
ybeDp,0.5161290322580645,45,30,AAGATAATCCGAATTGAGCT,15,4630815
ybeDp,1.5806451612903225,78,30,AAGAGTTTTTCCGGCCAGTC,48,4606363
ybeDp,4.645161290322581,173,30,AAGACCTTTACTCTTCAATG,143,4648148
ybeDp,3.161290322580645,127,30,AACTTATTAGCGATCTCATA,97,4639247
ybeDp,0.22580645161290322,36,30,AAACAACTCGTATCGAAAAG,6,4668186
ybeDp,1.9333333333333333,86,29,TTTCGTGCGAAGATGCGGTC,57,4679683
ybeDp,0.26666666666666666,36,29,TTGTTAGGATGCGTCATGAA,7,4619248
ybeDp,0.06666666666666667,30,29,TTGCCTACTAGGTCCGATTC,1,4602259
ybeDp,0.2,34,29,TTCTGTATTATTTTTACTTA,5,4621860
ybeDp,0.9333333333333333,56,29,TTCCTGGCCTCTCTCAGTAT,27,4619023
ybeDp,0.23333333333333334,35,29,TGTCGAGTTCGTGCTGACCA,6,4604969
ybeDp,1.6,76,29,TGTACGAGGCAATACATATT,47,4640370
ybeDp,0.8666666666666667,54,29,TGGGTGAGGCGCTCTCCATG,25,4673181
ybeDp,0.06666666666666667,30,29,TGGGGATAGATTGCAAACCC,1,4661580
ybeDp,1.3666666666666667,69,29,TGCACTAAACTGCAACACGA,40,4642153
ybeDp,0.7333333333333333,50,29,TGATGAGATCCACAAATGTG,21,4677556
ybeDp,0.43333333333333335,41,29,TGATCTCGTACGTCCTGGAA,12,4674901
ybeDp,0.5,43,29,TCTCGGCCACGTGTTCCACG,14,4668238
ybeDp,1.5,73,29,TCTCGCGCTTTGGCTCAGTA,44,4628068
ybeDp,0.7666666666666667,51,29,TCTAGAACTCGATTAGTAAC,22,4623285
ybeDp,0.6333333333333333,47,29,TCCTTGTTCAGGACAGCGTT,18,4667503
ybeDp,0.6333333333333333,47,29,TCCTTGACCCTCGTGCTAAG,18,4630303
ybeDp,0.6,46,29,TCCATTGGCGATTTGCAGAG,17,4663608
ybeDp,1.1,61,29,TCCAAACGCCTGGAACTGTA,32,4642800
ybeDp,0.8333333333333334,53,29,TCATCTACTCACGCTGGCTA,24,4642766
ybeDp,0.36666666666666664,39,29,TCACATAATAGTCGAAGTGC,10,4646929
ybeDp,0.06666666666666667,30,29,TATGAGTGCGACTGCCCGGG,1,4650850
ybeDp,1.2,64,29,TATCGCTGCTATTAATTTCG,35,4618191
ybeDp,0.26666666666666666,36,29,TATATTAATTAACCGGTTAC,7,4616895
ybeDp,1.0,58,29,TACGGGGTCACCTCTAACGA,29,4666677
ybeDp,1.1333333333333333,62,29,TAATTCCAGGCATGAAGGTC,33,4602978
ybeDp,1.6333333333333333,77,29,GTTGCAGCGCAGGTCTGCTG,48,4655863
ybeDp,2.8,112,29,GTGTCGTCCGTGAAAACATC,83,4618195
ybeDp,2.533333333333333,104,29,GTCGGAGAGGATAGGAGAAC,75,4606764
ybeDp,0.7666666666666667,51,29,GTACTGGGCGATCCGGCAAA,22,4654329
ybeDp,1.0666666666666667,60,29,GTAAGACAGTGCAAGTATTT,31,4679638
ybeDp,0.9333333333333333,56,29,GTAACTTTCGTTATGTCTAA,27,4624004
ybeDp,0.23333333333333334,35,29,GGGCACGCAAGCATCCTCTT,6,4648563
ybeDp,1.1,61,29,GGCTAGTGTATAATAGGGTT,32,4685138
ybeDp,1.4,70,29,GGCAAGGTCGAATCACCATT,41,4607569
ybeDp,0.5,43,29,GGAGGTATTAATGCACAAGA,14,4639825
ybeDp,3.433333333333333,131,29,GGAGGCTTCAACAGATAAAT,102,4679537
ybeDp,0.3333333333333333,38,29,GCGCGGAGCGTAGCTCGACT,9,4614144
ybeDp,0.9333333333333333,56,29,GCCTGTATAGTCTAAAAGTA,27,4604292
ybeDp,0.6,46,29,GCCGAGGTAGTATCAACCTA,17,4665774
ybeDp,2.4,100,29,GCAGACAAAGCGCGGGGAAC,71,4629834
ybeDp,1.3333333333333333,68,29,GCACGAGTCCCATTCTGGAC,39,4659318
ybeDp,1.5666666666666667,75,29,GATGGTGGCTACTGGATGTG,46,4672279
ybeDp,2.8666666666666667,114,29,GATATTCTTAGGGTTGCTCC,85,4664561
ybeDp,0.8333333333333334,53,29,GAAACCGCGTGTGCAATTAG,24,4625339
ybeDp,1.7666666666666666,81,29,CTTGATGCGGATGATGACTT,52,4682362
ybeDp,0.36666666666666664,39,29,CTCGAGGGCCGATTCGGAGA,10,4679675
ybeDp,0.9666666666666667,57,29,CTCAGAATCGGCCCGCGGGG,28,4667706
ybeDp,0.5,43,29,CTAGTTTCTCTGCGTTATAC,14,4638097
ybeDp,1.1,61,29,CTACCATTTCGAAAGCTGAT,32,4660993
ybeDp,0.6333333333333333,47,29,CGTGCTTGGAAGTCACGGGG,18,4632441
ybeDp,1.4666666666666666,72,29,CGGGATCACAACCGGCCCGT,43,4644249
ybeDp,3.1,121,29,CGGCTAGTAATAACTTCCGT,92,4650516
ybeDp,6.3,217,29,CGGCCTTCGATCTAGGCCAT,188,4672686
ybeDp,1.6333333333333333,77,29,CGCTAGGACCAGTTTCAAGT,48,4655050
ybeDp,0.26666666666666666,36,29,CGCCACCTTTATTGGTATAA,7,4635626
ybeDp,3.066666666666667,120,29,CGAACCATCCTGAAAAAGAA,91,4629024
ybeDp,0.6666666666666666,48,29,CCTTTTGAATATAGTATTAA,19,4601085
ybeDp,2.566666666666667,105,29,CCTCGGCACATGGTCTTGGT,76,4645044
ybeDp,0.5,43,29,CCTCACCATCGTGGAGCTCG,14,4630117
ybeDp,2.533333333333333,104,29,CCCCTTAACAAAGGCTACCC,75,4633695
ybeDp,1.2666666666666666,66,29,CCATCGGTATTTCCCCTCAC,37,4623928
ybeDp,0.1,31,29,CCAGGCCACGCTCCGTGTCT,2,4644891
ybeDp,1.2,64,29,CATTGGCTATGGCATGAGGT,35,4620762
ybeDp,0.8666666666666667,54,29,CATGAACGTCTAAACGCCTA,25,4639145
ybeDp,1.6333333333333333,77,29,CAGCTATACCCGGTGCCCCT,48,4683587
ybeDp,2.8666666666666667,114,29,CAGCCGATCTTCTAGCCAGT,85,4606493
ybeDp,0.06666666666666667,30,29,CACAGGGAGTCCGGCTTACT,1,4641140
ybeDp,0.06666666666666667,30,29,CAAGCAGAGTCATTGGTAGG,1,4623129
ybeDp,0.9666666666666667,57,29,ATTCATGCATCCGGCCTGAA,28,4653088
ybeDp,10.833333333333334,353,29,ATGGTTGCACGTCTGTCATG,324,4637635
ybeDp,1.4666666666666666,72,29,ATATGAACGGTGATGGGATG,43,4615999
ybeDp,3.8666666666666667,144,29,ATACACGGCATGAATTCAAA,115,4640062
ybeDp,0.8333333333333334,53,29,AGGGTATATCCTGCTCGTGT,24,4632364
ybeDp,1.8,82,29,AGCTCTCTCTCTATGTAACT,53,4622106
ybeDp,0.8666666666666667,54,29,AGCCGGCAGAACCGTAATAA,25,4629671
ybeDp,2.2333333333333334,95,29,ACTTCCTAACATATAAGGCC,66,4608117
ybeDp,0.7,49,29,ACTCGAGCCATTGCCTACTC,20,4629709
ybeDp,1.8,82,29,ACGGTATCCTCGGTTTCTCA,53,4631777
ybeDp,2.8666666666666667,114,29,ACGATTCTATTGGGAGATTA,85,4682364
ybeDp,2.533333333333333,104,29,AAGGGATTAAGTGGCAGCCC,75,4665478
ybeDp,0.9333333333333333,56,29,AAGAGCCTGGTCTAGGTGGA,27,4630835
ybeDp,1.6666666666666667,78,29,AAGACGTTGAATCCCCTTTT,49,4623132
ybeDp,1.4333333333333333,71,29,AACTGCTTGCGTTCCGTGGT,42,4616833
ybeDp,1.0333333333333334,59,29,AACCTTATGGGTGACTTACA,30,4606737
ybeDp,1.0,58,29,AAATCCCGCCTGCTAAACAT,29,4617183
ybeDp,0.5666666666666667,45,29,AAACATACAAGCGAGCGCAT,16,4641919
ybeDp,0.06666666666666667,30,29,AAAATTGCTGCTTTGAACGC,1,4648534
ybeDp,0.3333333333333333,38,29,AAAAATGTTACAAGAGTGGT,9,4618953
ybeDp,0.7241379310344828,48,28,TTTTAGTACAGCCAAGGTTC,20,4661369
ybeDp,0.6551724137931034,46,28,TTTAATGACAGAAATTACAC,18,4632549
ybeDp,0.5172413793103449,42,28,TTCCCTCGTCCATAAAATTT,14,4666018
ybeDp,0.2413793103448276,34,28,TTCCACGAAAATACAGGAAG,6,4633052
ybeDp,0.6896551724137931,47,28,TTCAGGGACTTTCCTTCGTG,19,4616658
ybeDp,1.0344827586206897,57,28,TTATACGCGGATGTGCAAGT,29,4606767
ybeDp,0.4827586206896552,41,28,TGTTTCTAGGTAAGCAATTC,13,4625910
ybeDp,2.9655172413793105,113,28,TGTGGGACTCACTCAGGGCT,85,4660853
ybeDp,1.4137931034482758,68,28,TGTCGTATTGATGATTTAAT,40,4623387
ybeDp,0.06896551724137931,29,28,TGTCGAAGTCACGGGCGACC,1,4653136
ybeDp,2.896551724137931,111,28,TGTACACCGAGTTCAAAGTG,83,4627508
ybeDp,1.9655172413793103,84,28,TGGTCAACTCGGTGGTCGGC,56,4606456
ybeDp,0.5862068965517241,44,28,TGGTATAACTTCGGGCGGGA,16,4643271
ybeDp,0.3793103448275862,38,28,TGGTAGCACCAAGGATGGAT,10,4645274
ybeDp,0.896551724137931,53,28,TGGGGCAATCTCTTGTTGTG,25,4670875
ybeDp,1.206896551724138,62,28,TGCCCACATAAATCATACCC,34,4648801
ybeDp,1.0,56,28,TGATCTCGCACCCGGCGGCA,28,4607190
ybeDp,0.7241379310344828,48,28,TGATCGATGAATTTGCGAGT,20,4614093
ybeDp,0.5517241379310345,43,28,TGACGACATACGTAAATAAT,15,4629908
ybeDp,0.8275862068965517,51,28,TGAATTTAGGAAGGACAGTT,23,4651492
ybeDp,0.27586206896551724,35,28,TGAATCACCTTCCATTCCTT,7,4656583
ybeDp,0.06896551724137931,29,28,TCTTCATCTTACTTGTATGT,1,4608560
ybeDp,2.586206896551724,102,28,TCTGCCACACTCCCATTGAG,74,4603737
ybeDp,0.06896551724137931,29,28,TCTAGTATTCGATTGGTTTG,1,4642698
ybeDp,0.3793103448275862,38,28,TCGATTACGGCGCGCTAATC,10,4670873
ybeDp,0.4827586206896552,41,28,TCCGACCATTGGATCCGTTT,13,4605345
ybeDp,2.1724137931034484,90,28,TCCATCCAAAGCCAAACGTT,62,4629345
ybeDp,0.7586206896551724,49,28,TCCAGCTACGTGTCGAGGTC,21,4676548
ybeDp,0.20689655172413793,33,28,TCCAATCGTGAGCGACTGCG,5,4606324
ybeDp,1.1379310344827587,60,28,TCATTTTTCGATGGTTAAAC,32,4611711
ybeDp,1.2413793103448276,63,28,TCAGATCACGGGAATTGTCT,35,4672848
ybeDp,0.3448275862068966,37,28,TCAAGTCTTTTGAAAGTGCA,9,4614560
ybeDp,1.0,56,28,TCAAAACTGAGGCACTGGTT,28,4630975
ybeDp,0.7241379310344828,48,28,TAAGCTTACTAAGCAGGATG,20,4628848
ybeDp,0.4827586206896552,41,28,TAAAACTTCTACACCGCTTT,13,4654578
ybeDp,0.6896551724137931,47,28,GTTTCTCGGTTTGGGATCTC,19,4631829
ybeDp,0.6206896551724138,45,28,GTTGGTCCTGTCTCCGCGCT,17,4620084
ybeDp,1.6896551724137931,76,28,GTTCCCTCTAGAGGGTTCAA,48,4674930
ybeDp,0.4482758620689655,40,28,GTGAGTAGGACATCTGCATC,12,4631919
ybeDp,0.896551724137931,53,28,GTATCGTGGGGTTAGAGGGT,25,4687635
ybeDp,0.4482758620689655,40,28,GTACCCAGGGAAATACCTGA,12,4629899
ybeDp,0.4482758620689655,40,28,GGTCACCTAAGGTTGCGTTC,12,4660299
ybeDp,2.3793103448275863,96,28,GGTAGCTGTTCGCCTATTGC,68,4633249
ybeDp,0.3103448275862069,36,28,GGTAATAGAGTTTTGTACAC,8,4680624
ybeDp,0.4827586206896552,41,28,GGGCGCACCCATGTATGATT,13,4659744
ybeDp,0.896551724137931,53,28,GGCTCTGATGGGAAGGGACT,25,4653330
ybeDp,0.7241379310344828,48,28,GGATTTCCACCCGCTGGGCA,20,4652723
ybeDp,0.5862068965517241,44,28,GGAGTTACCGTATTTGGCTT,16,4637658
ybeDp,0.6206896551724138,45,28,GGAGGGTCTCAATACCGTTC,17,4609299
ybeDp,1.0344827586206897,57,28,GGACGAATGTTCTTCAGGTT,29,4635146
ybeDp,0.1724137931034483,32,28,GGAATCGATTACACTCCATT,4,4633690
ybeDp,2.6551724137931036,104,28,GCTTTGAGCAGCTTAGACCT,76,4661524
ybeDp,0.8620689655172413,52,28,GCGGACCACCAGTCAGAACA,24,4635981
ybeDp,0.27586206896551724,35,28,GCCTTATCACAGAAGATATT,7,4602740
ybeDp,0.5172413793103449,42,28,GCCTCAATTCTAGGGGTGTT,14,4647172
ybeDp,3.1379310344827585,118,28,GCACCGTGTGCGTGCTTAGA,90,4606491
ybeDp,0.9655172413793104,55,28,GATGTCAGATTGGTTGCCAG,27,4642043
ybeDp,3.6206896551724137,132,28,GATGCTCCGGTAGAGGTCTA,104,4657958
ybeDp,1.206896551724138,62,28,GATCCGAACTAGGTCCGTCA,34,4638309
ybeDp,1.896551724137931,82,28,GAGCGATCGCACATGTCACC,54,4643847
ybeDp,0.06896551724137931,29,28,GACTCCACGTGGCTAGTCAT,1,4632348
ybeDp,2.310344827586207,94,28,CTTTCGTGGATCAGCATCAC,66,4604246
ybeDp,1.4137931034482758,68,28,CTTCTCTGCGGGCCACATTA,40,4605912
ybeDp,0.27586206896551724,35,28,CTATCCGGCACGTGATTTCG,7,4663498
ybeDp,2.0,85,28,CTAGCCTCCTTAACTCATGC,57,4620274
ybeDp,0.5862068965517241,44,28,CGTTAACTCGCAGACACCCA,16,4602095
ybeDp,2.689655172413793,105,28,CGGTCATAAGGGATCGCGCC,77,4649896
ybeDp,2.8275862068965516,109,28,CGGGTCAGTCAACTAAATAG,81,4614747
ybeDp,1.3448275862068966,66,28,CGGCACGTAAGTCCGGAAAG,38,4639176
ybeDp,0.41379310344827586,39,28,CCTTCCCCGTGGTGGCGTCT,11,4626561
ybeDp,0.6551724137931034,46,28,CCGGTTGCCCTCTCGGGGAT,18,4610249
ybeDp,0.1724137931034483,32,28,CCCGTGATTATCAGAATACG,4,4612510
ybeDp,0.7586206896551724,49,28,CCCGATAGATAATGCATGAT,21,4614858
ybeDp,1.2413793103448276,63,28,CCCCTCGGATCTAGGTCCAC,35,4628016
ybeDp,0.06896551724137931,29,28,CCCATATTTCATGAAGATTC,1,4647655
ybeDp,0.06896551724137931,29,28,CCCACTCTGGATGCGTATGT,1,4629277
ybeDp,1.4482758620689655,69,28,CCCACAAATGTAAGTTCAAG,41,4649036
ybeDp,0.8620689655172413,52,28,CCATTAAGTATTAATAAGGT,24,4629202
ybeDp,0.20689655172413793,33,28,CCATATTAACCTAACGTATT,5,4661378
ybeDp,2.7586206896551726,107,28,CCAGCGGATAAGTGCCAGTC,79,4671768
ybeDp,0.5517241379310345,43,28,CACGCTGGTCAGGGTGGTAG,15,4625997
ybeDp,2.4482758620689653,98,28,CAACCAACGATGAGTCATAG,70,4684230
ybeDp,0.6896551724137931,47,28,CAAATCTATCTGAATTCGAT,19,4612294
ybeDp,4.586206896551724,160,28,ATTTTGTTGTTTGTAAAACT,132,4606011
ybeDp,1.1379310344827587,60,28,ATTTCGTCGCCGGCGCCACA,32,4650748
ybeDp,1.0344827586206897,57,28,ATTCCTGAAGAGACGCCGAC,29,4651089
ybeDp,1.0689655172413792,58,28,ATGTTTTGGCCAAAAGTAAT,30,4606499
ybeDp,0.27586206896551724,35,28,ATGTAGCCGCAGGTTTTAGT,7,4601768
ybeDp,0.1724137931034483,32,28,ATATTGGGGCATCAGGAAGC,4,4679064
ybeDp,1.1379310344827587,60,28,ATATCGCGAAGGTCCAAGGT,32,4609460
ybeDp,1.4482758620689655,69,28,ATAAAACGCTCAAAAGTATG,41,4627019
ybeDp,1.5862068965517242,73,28,AGTTCGTTTAAGTCCGAGGG,45,4638123
ybeDp,1.4827586206896552,70,28,AGTTCCCCTTGTAGGCACCG,42,4667199
ybeDp,0.27586206896551724,35,28,AGTCTCGCACTACGCGTAGA,7,4649565
ybeDp,1.5862068965517242,73,28,AGTCATGAGGAGGAGACGAG,45,4677918
ybeDp,2.0344827586206895,86,28,AGGTGTTTGCAGGGGTTCCA,58,4614619
ybeDp,2.9310344827586206,112,28,AGGGTAAAGGCCCCACGAAT,84,4645191
ybeDp,4.586206896551724,160,28,AGGATCATTAATTAGGAGAT,132,4631706
ybeDp,0.5862068965517241,44,28,AGCTTGTTCATGATTGTGAT,16,4645017
ybeDp,0.5172413793103449,42,28,AGCCTTGTACCACTGTCGGC,14,4661182
ybeDp,0.13793103448275862,31,28,AGATTGCAGTAAGCTAATCT,3,4638606
ybeDp,0.7586206896551724,49,28,AGACATGAGAGGTGAATTGT,21,4615566
ybeDp,0.1724137931034483,32,28,AGAAACTATATAAACGAAGC,4,4616532
ybeDp,0.06896551724137931,29,28,ACGTTTGAGGTCTTCCACCG,1,4670876
ybeDp,1.1379310344827587,60,28,ACGTGCTAAGAACCGGGGGA,32,4649529
ybeDp,0.3103448275862069,36,28,ACGGTCGCAGATGCAAGTAT,8,4611543
ybeDp,2.1724137931034484,90,28,ACGGGCCTGCATCGTACGAA,62,4602669
ybeDp,0.896551724137931,53,28,ACGGCTTATTTCTATTAAGA,25,4610897
ybeDp,0.4827586206896552,41,28,ACCGGGCTCCCAGGGCAAAA,13,4657869
ybeDp,0.896551724137931,53,28,ACCGCAAGCCCTAGATGCGA,25,4629805
ybeDp,0.6896551724137931,47,28,ACCCGGGTTCTTAACTATGT,19,4663607
ybeDp,3.0344827586206895,115,28,ACATCGATCTACGGTTATGG,87,4601812
ybeDp,0.9655172413793104,55,28,AAGTGTTCTTTTAGGTTCGT,27,4606627
ybeDp,0.6551724137931034,46,28,AAGTCCGCAAAGGTGTAGGG,18,4656417
ybeDp,6.724137931034483,222,28,AAGTCCCCCGATTACTACAG,194,4673855
ybeDp,0.3448275862068966,37,28,AAGGGATGTCCACCGCGCCA,9,4619807
ybeDp,1.3793103448275863,67,28,AAGCATCAACTAGGAGGCTT,39,4670026
ybeDp,3.1379310344827585,118,28,AACTTATACTTGATAATTCT,90,4663201
ybeDp,0.10344827586206896,30,28,AACTCGTCATCGTGTTGACA,2,4682481
ybeDp,0.5862068965517241,44,28,AACGTCGAACCGGGGCTAGT,16,4641787
ybeDp,1.6551724137931034,75,28,AACCATATACGCTCTTATAT,47,4601788
ybeDp,3.586206896551724,131,28,AAAGTTGGGGTGCAAATGAA,103,4645569
ybeDp,4.827586206896552,167,28,AAACGTGTGGTCGTGTCATG,139,4663027
ybeDp,2.6551724137931036,104,28,AAACAGGAGCTTCATCTTAA,76,4606714
ybeDp,1.2142857142857142,60,27,TTTTGCGGAGGATCCCCAGG,33,4629696
ybeDp,0.6428571428571429,44,27,TTTATGTGTGAGAGCTGTTG,17,4632246
ybeDp,0.07142857142857142,28,27,TTGGACAAATCCGCACCTCC,1,4633766
ybeDp,1.25,61,27,TTGACCAGTGAAACCTGCAA,34,4647539
ybeDp,0.8928571428571429,51,27,TTCTCCATAACCCTTCACAA,24,4630286
ybeDp,1.9285714285714286,80,27,TTCAATGCTCACAGAGTTGC,53,4621843
ybeDp,1.75,75,27,TTATCTGTGGGAATTGTGTA,48,4636645
ybeDp,0.8571428571428571,50,27,TTACTGACACCACCACTATC,23,4624080
ybeDp,0.25,33,27,TTAAAGGCGAGAATCGCGCT,6,4653407
ybeDp,2.4642857142857144,95,27,TGTCTGTGCCGTTGCTATCT,68,4610997
ybeDp,0.39285714285714285,37,27,TGCTTACGAGATCGCTTTCG,10,4665598
ybeDp,1.3571428571428572,64,27,TGAGTATATAACCTTCCGAG,37,4611128
ybeDp,0.6785714285714286,45,27,TGACTCCACTTAATTCGTTA,18,4659968
ybeDp,0.39285714285714285,37,27,TGACCTATGATGCAGGCATA,10,4655686
ybeDp,0.35714285714285715,36,27,TCGTAACGGTATAGTCATGA,9,4659426
ybeDp,0.7142857142857143,46,27,TCGCGGATTCGCGACGGTTA,19,4615148
ybeDp,0.07142857142857142,28,27,TCGCCGCCAGTGGAGCATTC,1,4613248
ybeDp,3.5357142857142856,125,27,TCGATCTATGGCCAGCGTAA,98,4672456
ybeDp,2.107142857142857,85,27,TCCTCTGATGGTCTCCAGTG,58,4624680
ybeDp,1.5357142857142858,69,27,TCCCCGACCTAGAGTTGCAC,42,4606061
ybeDp,0.07142857142857142,28,27,TCCATGTTTCTCACCTTGAT,1,4639360
ybeDp,0.35714285714285715,36,27,TATTACGTTAAGGTGAGGGA,9,4680928
ybeDp,13.857142857142858,414,27,TATCGGCTAGCGAAGTGGTA,387,4676189
ybeDp,0.5714285714285714,42,27,TAGCCTTTCATAGCTGTCGA,15,4640339
ybeDp,1.3214285714285714,63,27,TACGCCCGCTCGGTTATTCT,36,4669069
ybeDp,0.17857142857142858,31,27,TACATGTGGGAAAGCTTGCA,4,4670898
ybeDp,1.1428571428571428,58,27,GTTTGGCATGATACATAACT,31,4657696
ybeDp,1.0714285714285714,56,27,GTTCCGATTTCGTGAAAATA,29,4617354
ybeDp,0.6785714285714286,45,27,GTGCGATAATTGGTTTTATG,18,4602177
ybeDp,0.6785714285714286,45,27,GTGCCAGGCGGCTCCCTATG,18,4650797
ybeDp,0.25,33,27,GTGCAAGTCCATGTGGCAAT,6,4673644
ybeDp,0.10714285714285714,29,27,GTGAGAGTCAACATGACTTG,2,4622716
ybeDp,0.07142857142857142,28,27,GTCAACTGGTCGGCGCCGTG,1,4608948
ybeDp,0.4642857142857143,39,27,GTACATTTGATCTGGACTCT,12,4621229
ybeDp,2.0,82,27,GGTTTGTGTCAAAAGAGTTA,55,4676491
ybeDp,1.6428571428571428,72,27,GGTCAGTTGGTAGGGCAACC,45,4676911
ybeDp,2.5714285714285716,98,27,GGTCAGGTATTCCACGGCGT,71,4618262
ybeDp,0.07142857142857142,28,27,GGCTCACTTAACATCAGTCA,1,4646526
ybeDp,4.0,138,27,GGCCTGGATGAGGAACCTTG,111,4623280
ybeDp,0.07142857142857142,28,27,GGAACATAGCATCTGGATTT,1,4614549
ybeDp,2.2142857142857144,88,27,GGAAAGCAGGACCGGGCTTG,61,4616681
ybeDp,1.8571428571428572,78,27,GCTTCCAATGTGCAGCCAAG,51,4637902
ybeDp,1.6428571428571428,72,27,GCGTGCGACGGTGTTACACA,45,4655524
ybeDp,1.1071428571428572,57,27,GCCTGCGATTTGGGGGCTCT,30,4629685
ybeDp,0.17857142857142858,31,27,GCCGAACGTCAGAGAGTATT,4,4627084
ybeDp,0.21428571428571427,32,27,GCCAGAGTTGAGACCTGTAT,5,4645747
ybeDp,0.7142857142857143,46,27,GCAGGATTAAAGCGTTACGC,19,4680491
ybeDp,0.75,47,27,GCAAACGTCTAGTGTCAGAA,20,4633213
ybeDp,0.07142857142857142,28,27,GATGATCAAACGGATTCGGG,1,4607305
ybeDp,1.6071428571428572,71,27,GATATTGAGTGACTCGTTTG,44,4604474
ybeDp,2.857142857142857,106,27,GATAGGCGTATGCTTACGAA,79,4619856
ybeDp,0.75,47,27,GATAATTGTTAGACAACGTC,20,4684892
ybeDp,1.5714285714285714,70,27,GATAAGAAACAATACCGCAT,43,4611920
ybeDp,1.1785714285714286,59,27,GAATGTGTGTTTACAGCGGT,32,4653322
ybeDp,0.8928571428571429,51,27,GAAAGGCAGGCCGTCTCATG,24,4648490
ybeDp,1.1071428571428572,57,27,CTTCACTATTGGCCTGAGGA,30,4645235
ybeDp,0.5357142857142857,41,27,CTGTTACCACGGGTGTGACG,14,4627022
ybeDp,0.5714285714285714,42,27,CTCGGGAAGTGCCTCTGGAT,15,4609133
ybeDp,0.6071428571428571,43,27,CTCCAACAAGAACAGGAATC,16,4625408
ybeDp,0.5,40,27,CTAGAGCCCACTCTGGGACA,13,4619291
ybeDp,0.32142857142857145,35,27,CTAGAATGGTTAGGCTCCTT,8,4605290
ybeDp,1.2142857142857142,60,27,CTAATTGATCCGCACGCATT,33,4666577
ybeDp,1.3214285714285714,63,27,CTAAATAGATGTAAGCACTC,36,4614989
ybeDp,1.9285714285714286,80,27,CGTGCACCTCGATCCAATCC,53,4655088
ybeDp,1.3928571428571428,65,27,CGTCTAAAGCTCCCACAGGC,38,4677590
ybeDp,6.642857142857143,212,27,CGTCATAGGGATCCGGCACA,185,4623234
ybeDp,0.8928571428571429,51,27,CGGGCAACAGCACCAAATGT,24,4685851
ybeDp,0.8214285714285714,49,27,CGGCGTTCCATTAGGAATCG,22,4656928
ybeDp,0.6785714285714286,45,27,CGCGGGAATAAGTAATTTAT,18,4664687
ybeDp,0.7142857142857143,46,27,CGCGAACATTGAGCGCATCG,19,4649302
ybeDp,6.607142857142857,211,27,CGCCATGCTGGCGGAGCATA,184,4643244
ybeDp,3.5,124,27,CGCAAGTTAAGCCGGTGAGT,97,4633469
ybeDp,0.35714285714285715,36,27,CGAGGTTTTCCAGCCACATT,9,4607840
ybeDp,1.0,54,27,CCTGGGTTCACCTTATACGC,27,4614170
ybeDp,0.9285714285714286,52,27,CCGTGGATGGGAAGTAACAT,25,4610364
ybeDp,0.7142857142857143,46,27,CCGACAACTTGGGCTATGCC,19,4603986
ybeDp,13.071428571428571,392,27,CATAACTGTAGCTCGGCATA,365,4677160
ybeDp,0.6071428571428571,43,27,CAGGCGGTGCGCCCGCTAAC,16,4655342
ybeDp,0.6071428571428571,43,27,CAATATAACACTTGTCAGGT,16,4621228
ybeDp,1.25,61,27,CAAAGCAATGTCCACGCGGG,34,4652909
ybeDp,0.21428571428571427,32,27,CAAAGAGGAATCTGACACAT,5,4635732
ybeDp,0.4642857142857143,39,27,ATTGTGGTGGCTGGCTTCGC,12,4637469
ybeDp,1.8214285714285714,77,27,ATTGATCTCATGGTCTGAGA,50,4639078
ybeDp,0.10714285714285714,29,27,ATTGAGGTAACGATCGGGAA,2,4645642
ybeDp,1.25,61,27,ATGGTGGGCGGCTGCTGATT,34,4613031
ybeDp,3.8214285714285716,133,27,ATGACGGTCTCGCGTACGAA,106,4607043
ybeDp,0.35714285714285715,36,27,ATCTTTACACAACATTGAAT,9,4666842
ybeDp,0.6071428571428571,43,27,AGTTCGTCCAGATCCGGCTA,16,4679190
ybeDp,4.964285714285714,165,27,AGTTCCGAGGTATCGTCGTG,138,4612215
ybeDp,0.07142857142857142,28,27,AGTCTGGGGCTTAGGCACGT,1,4639827
ybeDp,1.6785714285714286,73,27,AGTCAACCTTGCGCCTATTA,46,4613238
ybeDp,0.39285714285714285,37,27,AGGTCGGGAAAGATCCGAAG,10,4649391
ybeDp,2.892857142857143,107,27,AGGTAGAGCGCGTGCCCTAG,80,4656949
ybeDp,0.17857142857142858,31,27,AGGCTTCCCTACATGCAAAA,4,4608499
ybeDp,1.8928571428571428,79,27,AGCATCCGTGCACCCCGGGA,52,4647758
ybeDp,2.3214285714285716,91,27,ACTTTCGGGATAGCTAAGAT,64,4644324
ybeDp,0.2857142857142857,34,27,ACCGGTGGCCCTGGCCAAGC,7,4656012
ybeDp,0.32142857142857145,35,27,ACCCCCATTAGTGCAACCAT,8,4654619
ybeDp,1.2142857142857142,60,27,ACATTCGCGGTCAGATCGGA,33,4657937
ybeDp,1.1428571428571428,58,27,ACATGCCTCTAGTCAACACA,31,4618304
ybeDp,1.2142857142857142,60,27,ACAGCGGTGTTAGTGCAGTT,33,4604660
ybeDp,1.75,75,27,ACAGCCATTGGGCATTCATT,48,4614252
ybeDp,0.7857142857142857,48,27,AAGTAGTGCGATCTATAGTG,21,4627064
ybeDp,2.7142857142857144,102,27,AAGGATCAGAGCACGGATAC,75,4614356
ybeDp,2.2142857142857144,88,27,AACGTGGACTAGGAGCCCCT,61,4619700
ybeDp,1.3571428571428572,64,27,AACGTCCATCTAATGATACT,37,4607136
ybeDp,0.2857142857142857,34,27,AACGCAATAGGATTTCCACG,7,4654104
ybeDp,0.39285714285714285,37,27,AAACAAGTGCCGTCGAAATG,10,4631140
ybeDp,0.07407407407407407,27,26,TTTATCTTGAAGAACGTAAA,1,4604270
ybeDp,0.4444444444444444,37,26,TTGATTCGAATGGGTCCCTT,11,4680151
ybeDp,0.5925925925925926,41,26,TTGAATCCGTATCACCGAAA,15,4652835
ybeDp,0.2222222222222222,31,26,TTCAGGGTTATTCTCGGGTA,5,4650589
ybeDp,1.2592592592592593,59,26,TTATGGGGAAAAGCCACGGA,33,4616308
ybeDp,0.14814814814814814,29,26,TTATAATCCGGCGCAACTAT,3,4605703
ybeDp,2.740740740740741,99,26,TTACAGGCCGAACGTAATGA,73,4659109
ybeDp,0.48148148148148145,38,26,TTAATGCCCGTTCGTCCAAC,12,4624124
ybeDp,0.9259259259259259,50,26,TGTTTCGACCTCGTGACAAC,24,4609906
ybeDp,1.1851851851851851,57,26,TGTGCTGTAGTCTCATCTTG,31,4641557
ybeDp,2.2222222222222223,85,26,TGTACCGGCTGGACGGTAGC,59,4681224
ybeDp,1.8518518518518519,75,26,TGTAATGTGGGGCGCCCTAG,49,4614986
ybeDp,8.25925925925926,248,26,TGGTAACCGGGGCAAATCCA,222,4612130
ybeDp,0.7407407407407407,45,26,TGCTTCCTCACTTAATAAGT,19,4620349
ybeDp,0.14814814814814814,29,26,TGATAATCTAAAATGCCCGG,3,4649817
ybeDp,0.14814814814814814,29,26,TCTGGCGCGCGGTAATTTAG,3,4631455
ybeDp,1.4444444444444444,64,26,TCGAGTGAACCCAGGGCCAG,38,4655975
ybeDp,0.7407407407407407,45,26,TCCGTAAAGCATTGAAGAAT,19,4625446
ybeDp,0.2962962962962963,33,26,TCCGGGGCGAATTGGTCGCG,7,4602320
ybeDp,0.6666666666666666,43,26,TCATGGGCACAGTCGTGGGA,17,4610843
ybeDp,0.7037037037037037,44,26,TCAAAGTACTCATACTAATA,18,4607021
ybeDp,1.5185185185185186,66,26,TATTTACGTAGTGCGCGGTA,40,4640030
ybeDp,1.2222222222222223,58,26,TATGCCAATACTTATGGTTT,32,4629165
ybeDp,4.407407407407407,144,26,TATCGGGGCGGACGTCACAG,118,4617830
ybeDp,0.48148148148148145,38,26,TATCCGGAATGAAGGGTAGG,12,4629675
ybeDp,0.3333333333333333,34,26,TAGTTACAAGTCTTAGTTTT,8,4631547
ybeDp,0.18518518518518517,30,26,TAGTGCGCAGGGCATTATGA,4,4643483
ybeDp,0.4444444444444444,37,26,TACTTCTTAACTCGCCCATT,11,4611493
ybeDp,5.148148148148148,164,26,TACGACCGTCCCGATCCGAT,138,4603908
ybeDp,0.7777777777777778,46,26,TAACGTCGTAAACGCTAACT,20,4635223
ybeDp,0.37037037037037035,35,26,TAACCACGTGGTGGGAGAGA,9,4626063
ybeDp,2.4074074074074074,90,26,TAAAGCGGAGTTCTCTACAA,64,4667546
ybeDp,0.6296296296296297,42,26,GTTTTTTGCTCAGAATGAGT,16,4617822
ybeDp,1.2592592592592593,59,26,GTTTATCCGCAATTTTATAC,33,4610060
ybeDp,0.48148148148148145,38,26,GTTGTGGTTGTGCTGCGTGT,12,4620163
ybeDp,0.9629629629629629,51,26,GTTGAGTCACGTGTAATGTA,25,4618228
ybeDp,0.18518518518518517,30,26,GTCGATTTCAGCTAGATGCT,4,4606539
ybeDp,9.962962962962964,294,26,GTATTGTAAAGAACCTACTA,268,4605240
ybeDp,1.1111111111111112,55,26,GTATCGCGGTCCAGACCTGC,29,4604536
ybeDp,0.37037037037037035,35,26,GGGGATGGCTGGTTAAACTT,9,4662765
ybeDp,1.3703703703703705,62,26,GGGAGTCGCTTGTCTGTACT,36,4666193
ybeDp,0.5925925925925926,41,26,GGGACTTTACTTTTGTTCAT,15,4619534
ybeDp,1.7777777777777777,73,26,GGCGAGTCTTGGCGGTGGAT,47,4630806
ybeDp,2.1481481481481484,83,26,GGCAGCCGGGCACTTTCGTA,57,4647776
ybeDp,0.25925925925925924,32,26,GGCAATCACAGCAACTGCCC,6,4677844
ybeDp,3.259259259259259,113,26,GGATATGAAAAATGGGGGCA,87,4686326
ybeDp,1.1851851851851851,57,26,GGAATCCGGTCCTTGGCTCA,31,4638281
ybeDp,0.2962962962962963,33,26,GCTTTATACGTTTATCTTAG,7,4639157
ybeDp,2.2962962962962963,87,26,GCTCATCAGCGCACCAGTGG,61,4633252
ybeDp,6.703703703703703,206,26,GCTCACAAACATGCCCTGAT,180,4623823
ybeDp,0.1111111111111111,28,26,GCTCAACCTTTGTGACGACT,2,4680877
ybeDp,0.7407407407407407,45,26,GCGTGTCCTCGTTAGCAAAC,19,4612264
ybeDp,2.5925925925925926,95,26,GCGTATTCATGTTTCAGCAG,69,4661768
ybeDp,2.7777777777777777,100,26,GCGCCTCCAACTGTCCGTTC,74,4640487
ybeDp,0.07407407407407407,27,26,GCAGGAGCTGGATTTATCCT,1,4657197
ybeDp,1.037037037037037,53,26,GCAAGCTAAATCACTCCGGA,27,4611465
ybeDp,0.7777777777777778,46,26,GAGGTGGCCGTCTGACTGGT,20,4643690
ybeDp,1.9259259259259258,77,26,GAGCTAAGCTCCACGCGCTA,51,4676283
ybeDp,2.7037037037037037,98,26,GAGCGTCACCCTGGCCCGAG,72,4679169
ybeDp,0.07407407407407407,27,26,GAGAGATGATAATGCGCTAT,1,4609936
ybeDp,1.8888888888888888,76,26,GACAGAGCGCTGGTCCCCTA,50,4624566
ybeDp,1.4814814814814814,65,26,CTTCCCTCATAAACTTTCGT,39,4603698
ybeDp,1.8518518518518519,75,26,CTTATTTTCAACGTCTCCAA,49,4620278
ybeDp,5.37037037037037,170,26,CTGATGATTCAACAGTTGTA,144,4645185
ybeDp,1.8148148148148149,74,26,CTGACATTCCCAGTTCTCGC,48,4672632
ybeDp,0.07407407407407407,27,26,CTCGATGCGTCAGAATCTCT,1,4654867
ybeDp,1.0740740740740742,54,26,CTAGTAAGCAGTTCGAGCTT,28,4631532
ybeDp,0.4074074074074074,36,26,CTACCATACTAGAGGGTACA,10,4617853
ybeDp,0.2962962962962963,33,26,CCGACACCTCAGGAAGCTGC,7,4620052
ybeDp,0.4444444444444444,37,26,CCCACGTCAGAGTTACTCCT,11,4684945
ybeDp,0.3333333333333333,34,26,CCATACAGTACAGAATATAT,8,4618329
ybeDp,0.25925925925925924,32,26,CCAGATTCCCTTGCGGGCGA,6,4605223
ybeDp,0.9259259259259259,50,26,CCACGGTCACGTTGTCGTGA,24,4686139
ybeDp,2.2222222222222223,85,26,CCACATTTATTTCGCTTAAG,59,4644570
ybeDp,0.9259259259259259,50,26,CCAATCCCGTATTAACGGTA,24,4612221
ybeDp,0.8518518518518519,48,26,CATTGTGAATGGCACGGGCT,22,4615356
ybeDp,0.14814814814814814,29,26,CATTGGAGCTTGAAGACGTA,3,4659464
ybeDp,0.4444444444444444,37,26,CATTGCTCGCCGATCATTAT,11,4625605
ybeDp,1.0,52,26,CATCATCTATCTCCCATTGA,26,4646354
ybeDp,2.6296296296296298,96,26,CATCAAAAACGTCCGGGGTT,70,4662735
ybeDp,1.4074074074074074,63,26,CATACACGCGTTGTGCATCC,37,4674659
ybeDp,0.2222222222222222,31,26,CAGGTCTGTCGTTCAGAAAT,5,4606365
ybeDp,0.07407407407407407,27,26,CACCAGGCCAATGCTAGGGG,1,4665894
ybeDp,0.5555555555555556,40,26,CACATCTGCACCCCCAGGGG,14,4663207
ybeDp,1.8888888888888888,76,26,CACAAGGTTTGAACTATTAG,50,4625877
ybeDp,1.6296296296296295,69,26,CAAGGCTACCTACGCGCGGG,43,4621859
ybeDp,3.1481481481481484,110,26,CAAAGAACGTAACGTTGTCA,84,4628411
ybeDp,1.1111111111111112,55,26,CAAAAGGTTCGGGATCAGTA,29,4646838
ybeDp,0.3333333333333333,34,26,ATTTCCTGTTCTTTCTACGA,8,4605911
ybeDp,1.2592592592592593,59,26,ATTCCTCACGAGATGGTACT,33,4603502
ybeDp,0.7407407407407407,45,26,ATTCAACCTTCCCCATTTTG,19,4625639
ybeDp,0.25925925925925924,32,26,ATTATGGTGTAAGTCACCAG,6,4610717
ybeDp,1.1481481481481481,56,26,ATCGGGCACCAGGCCTTTAG,30,4633763
ybeDp,0.6296296296296297,42,26,ATAGGCTGGGGATCGTTACA,16,4624097
ybeDp,1.8148148148148149,74,26,AGTTGAGACGACACTTTTTC,48,4639879
ybeDp,0.07407407407407407,27,26,AGTGTGGCGGATTACGCGAA,1,4631240
ybeDp,0.9259259259259259,50,26,AGTACCGACATCTTGTCGAT,24,4616307
ybeDp,1.7777777777777777,73,26,AGGCGTGTCAGCTCGTCACC,47,4629523
ybeDp,3.074074074074074,108,26,AGCCTCGGGAAGAGCAGGCT,82,4682348
ybeDp,0.7407407407407407,45,26,AGCATCTTCAAGTCAGTTCG,19,4603981
ybeDp,0.2962962962962963,33,26,AGACCCTCAGCATTCTCTCA,7,4639556
ybeDp,2.4074074074074074,90,26,ACTAAAGATTGCTGGTCACG,64,4664295
ybeDp,2.3333333333333335,88,26,ACGTCAGCGGGGTAAGGGCT,62,4641309
ybeDp,1.4444444444444444,64,26,ACGGGGGCGCCTTCTCTTTC,38,4642842
ybeDp,0.9259259259259259,50,26,ACGCACAATACGTTTGAACA,24,4659585
ybeDp,0.5555555555555556,40,26,ACCTCTGACGGTGTCGGACT,14,4685043
ybeDp,3.4444444444444446,118,26,ACATCAGACTTCAACATGGA,92,4652552
ybeDp,0.07407407407407407,27,26,ACAGTCTTTCGTCAACCGAA,1,4645399
ybeDp,0.2222222222222222,31,26,AATCCGCGTGACGGGATCAG,5,4668965
ybeDp,1.3703703703703705,62,26,AAGCCTTCTGCGCTTAGATG,36,4625884
ybeDp,6.111111111111111,190,26,AAGAGCGATGTTACCATCGA,164,4638929
ybeDp,2.925925925925926,104,26,AACACTGACCTAGCCACACA,78,4634918
ybeDp,0.8076923076923077,45,25,TTTTCGGGGAGAGCTAGGAT,20,4658515
ybeDp,16.615384615384617,456,25,TTTTAGCTTCTTTGGACGGT,431,4637052
ybeDp,0.8846153846153846,47,25,TTCTTGTTGCGTTCAGGATG,22,4679445
ybeDp,0.8076923076923077,45,25,TTCTTCTTTTAGAGCACCCA,20,4607661
ybeDp,1.9230769230769231,74,25,TTCTTAAATTTCTTTAAGGT,49,4657823
ybeDp,1.1153846153846154,53,25,TTCGCTTGACGACCAAACCT,28,4630830
ybeDp,0.07692307692307693,26,25,TTCCGTCCAGGTTCGGTCTG,1,4677820
ybeDp,0.4230769230769231,35,25,TTCCAAACCGCGCACTCAAT,10,4651214
ybeDp,0.19230769230769232,29,25,TTCAGGTCGGGAGTGAGTAA,4,4601093
ybeDp,3.923076923076923,126,25,TTCACAGGATGACTACATCG,101,4658209
ybeDp,0.2692307692307692,31,25,TTATCGCCATTTGATTGCTG,6,4643386
ybeDp,0.38461538461538464,34,25,TGTTTTTACTATTCTGACTT,9,4610261
ybeDp,4.3076923076923075,136,25,TGTTCATGATTTTTGACAAT,111,4667205
ybeDp,2.8076923076923075,97,25,TGTCGGGAGTGACACAAGAT,72,4634084
ybeDp,0.9615384615384616,49,25,TGTCGATGAGACCTTTAAGT,24,4602629
ybeDp,1.9615384615384615,75,25,TGCGCCCAAGCCCCAGTAGA,50,4662856
ybeDp,1.1153846153846154,53,25,TCTGGTCAGAGCCCTTCGGT,28,4606621
ybeDp,3.576923076923077,117,25,TCTCCCACTGTCTATTTCAA,92,4614360
ybeDp,0.46153846153846156,36,25,TCGTGACCGGCTCCGGCTCA,11,4602409
ybeDp,1.3076923076923077,58,25,TCGGTCAATTTTGAGGTCTT,33,4657456
ybeDp,0.11538461538461539,27,25,TCGATTCCGGGGTGGGAGGG,2,4616044
ybeDp,1.0384615384615385,51,25,TCGAGCACTCAGCGATGTGC,26,4608399
ybeDp,1.1923076923076923,55,25,TCCAAATTTCGGCGTCTTTT,30,4639412
ybeDp,0.07692307692307693,26,25,TCATAATTGAGCTGGAGCGT,1,4656971
ybeDp,2.730769230769231,95,25,TAGCCGACAAGGTGGTCCAA,70,4666160
ybeDp,0.15384615384615385,28,25,TACTGAGATTCGATGCAGGA,3,4663893
ybeDp,0.8461538461538461,46,25,TAACAGATGCTTGATATAAA,21,4677751
ybeDp,1.6923076923076923,68,25,TAACAAGTCTCGCGAGACGG,43,4607378
ybeDp,2.8846153846153846,99,25,TAAAGCGGAATTGATCGTGC,74,4675081
ybeDp,0.5,37,25,GTTGAATATCATGTTTAAGG,12,4683748
ybeDp,0.6538461538461539,41,25,GTCGTGCCAGTGTGGGCGTC,16,4619381
ybeDp,0.6153846153846154,40,25,GTCGATCAGGAGGTCCCGTC,15,4601584
ybeDp,3.6538461538461537,119,25,GTCCTACTTTCCCACCCTAG,94,4641379
ybeDp,1.7692307692307692,70,25,GTCAGCACCTCCTGAAATAC,45,4677321
ybeDp,2.269230769230769,83,25,GTATTAAATGGTCAAAACAG,58,4631722
ybeDp,0.11538461538461539,27,25,GTAGTAGTTACACACTCGCA,2,4617821
ybeDp,0.6923076923076923,42,25,GTACCCGTGACAATGTAGGG,17,4606528
ybeDp,1.0384615384615385,51,25,GTAATACCTGGCGCATACTG,26,4681609
ybeDp,0.5769230769230769,39,25,GTAAGGACCTTTGGGAATCA,14,4628292
ybeDp,0.7692307692307693,44,25,GTAACGCCCCAGTCCGACTC,19,4616870
ybeDp,0.9230769230769231,48,25,GTAAAGCCCCAGGCCTGAAA,23,4650627
ybeDp,1.5384615384615385,64,25,GGTTGCATCCTATCCGAAAA,39,4647027
ybeDp,1.4230769230769231,61,25,GGTAGCCGGGTCCGCACCCT,36,4662395
ybeDp,1.9230769230769231,74,25,GGTAACTTAGAATGACCGTG,49,4614653
ybeDp,1.1923076923076923,55,25,GGGCTCCGGCCCCGGGCATG,30,4616533
ybeDp,0.9615384615384616,49,25,GGCTACTCGTACTCACTCGC,24,4608513
ybeDp,0.7307692307692307,43,25,GGCCGGTAATTGGGTACCAC,18,4632955
ybeDp,0.8461538461538461,46,25,GGATTAGCAAAGAGAGTGCG,21,4655934
ybeDp,0.6538461538461539,41,25,GGATGTATCCCGCTGTATTG,16,4636171
ybeDp,1.6538461538461537,67,25,GGAGATTCTCCACTCCCGTT,42,4613704
ybeDp,2.1538461538461537,80,25,GGAGAAGCGGGACTTACGCT,55,4641552
ybeDp,0.23076923076923078,30,25,GGAAGCGCACGTAAATACCA,5,4636925
ybeDp,0.3076923076923077,32,25,GCTGCAAGTTAAGATGCTGA,7,4606915
ybeDp,1.5769230769230769,65,25,GCGCCAGGGGTGAGAAGGAC,40,4612734
ybeDp,3.0,102,25,GCCTTTCAGGATTAACACTT,77,4617588
ybeDp,1.1923076923076923,55,25,GCATCAGACAACATCACTGT,30,4666632
ybeDp,0.5769230769230769,39,25,GCACCCTTGGTTGTCTTCAT,14,4647215
ybeDp,0.7307692307692307,43,25,GATGGCGCCTCCATTAAATT,18,4618071
ybeDp,0.07692307692307693,26,25,GAGTATTGTATAACTCCGTA,1,4661778
ybeDp,1.8461538461538463,72,25,GACCAGTAAAACACCTCCCA,47,4672526
ybeDp,2.5384615384615383,90,25,GAATCAACCATTAGCCTGGT,65,4642018
ybeDp,0.9615384615384616,49,25,CTTTTTACAAACGTTGTCCT,24,4644897
ybeDp,0.9615384615384616,49,25,CTTTTCCTCTGCATTTCCTA,24,4622150
ybeDp,0.5,37,25,CTGTGGGTTCCCTCGCGGTT,12,4606390
ybeDp,0.8076923076923077,45,25,CTGTCCTGCTCCGAGGTCTA,20,4625262
ybeDp,0.46153846153846156,36,25,CTGTATGGAAGGGACATCAC,11,4650222
ybeDp,0.6153846153846154,40,25,CTGTAAGCGACGGCGCATGT,15,4659532
ybeDp,1.1538461538461537,54,25,CTGAGGGCCTCCACTTGTCG,29,4608367
ybeDp,0.2692307692307692,31,25,CTCTGTAAAGATTGAAGATC,6,4613449
ybeDp,1.2692307692307692,57,25,CTCGGTTAACTCCTGTGACA,32,4653325
ybeDp,1.8076923076923077,71,25,CTCGCGGGAAGCTACTAGGA,46,4616226
ybeDp,1.5384615384615385,64,25,CTATTGTCTACCTGCTCCGT,39,4662398
ybeDp,1.5384615384615385,64,25,CTAAGTGGAACTGTAAACTT,39,4656021
ybeDp,1.0769230769230769,52,25,CGTAAGCGTGAAGTCGGCGC,27,4603409
ybeDp,1.0384615384615385,51,25,CGGGGCTTACGTGTCACTAC,26,4604223
ybeDp,1.2692307692307692,57,25,CGGGACGTGACGTCATACTT,32,4626293
ybeDp,2.0384615384615383,77,25,CGGCGTAACTCGGACATATC,52,4676399
ybeDp,0.5384615384615384,38,25,CGCATGTAGATGGGAATGAT,13,4632279
ybeDp,0.4230769230769231,35,25,CCTCCGAACACGCGTCTATT,10,4609937
ybeDp,0.8076923076923077,45,25,CCGTAGCGTTCCGGAATTTG,20,4630743
ybeDp,0.5769230769230769,39,25,CCGCTCCCTGGACGCGCTTT,14,4637428
ybeDp,4.0,128,25,CCCAAGAATTCGGTATCTCG,103,4682051
ybeDp,0.5769230769230769,39,25,CCATATATTGGGCATGTGGC,14,4680979
ybeDp,0.07692307692307693,26,25,CCAGGGCACTATCAGCATGA,1,4637690
ybeDp,0.23076923076923078,30,25,CCAGGAGAGAACGTATTGCC,5,4659213
ybeDp,2.5,89,25,CCACCGGCCCACCATTTCCA,64,4633022
ybeDp,1.1538461538461537,54,25,CCAAATCAGTTTATCAGCGT,29,4603026
ybeDp,0.5,37,25,CATTTGCATTATCGCGGCGT,12,4627079
ybeDp,7.884615384615385,229,25,CATTAAGCACTTCTCGGAAA,204,4613257
ybeDp,0.07692307692307693,26,25,CATGATGTCTCTTGTTTGAC,1,4603775
ybeDp,1.3076923076923077,58,25,CATAACGTATACGCAGATTC,33,4607872
ybeDp,0.07692307692307693,26,25,CAGTTACATTTGGGCAACAT,1,4662934
ybeDp,0.7692307692307693,44,25,CAGGCGATCCTGCGGGGATG,19,4618196
ybeDp,4.230769230769231,134,25,CACGTCAGCTTGAAACGCAA,109,4621562
ybeDp,2.4615384615384617,88,25,CACAAAGCCAAAGGCTTAAG,63,4680945
ybeDp,1.4230769230769231,61,25,CAAGACACTAAATTATAAGC,36,4612203
ybeDp,0.8076923076923077,45,25,CAAACCACACGGTCTGAGAT,20,4619833
ybeDp,0.3076923076923077,32,25,ATTTTGCGCAGTACATTTCA,7,4675898
ybeDp,1.4615384615384615,62,25,ATTTAGTCATACTATTAGCG,37,4658443
ybeDp,0.6538461538461539,41,25,ATTTAGACGCTCTTGTCAAA,16,4635576
ybeDp,0.6153846153846154,40,25,ATTCAACGAAAGTATTTGGG,15,4620735
ybeDp,0.11538461538461539,27,25,ATTAGTCTACCGCTATTATG,2,4617162
ybeDp,0.7692307692307693,44,25,ATGTTCAGCTTATGACTTAG,19,4629228
ybeDp,0.8846153846153846,47,25,ATGGAGTGGTTACTCCTTTT,22,4612325
ybeDp,1.9615384615384615,75,25,ATCCAGATGACAAGGATACA,50,4601563
ybeDp,0.23076923076923078,30,25,ATAGACAGATACCTTCGTGG,5,4664545
ybeDp,1.5769230769230769,65,25,ATACGCGTCATAGTCTAGTG,40,4606369
ybeDp,0.19230769230769232,29,25,AGTGAAGGGGAGTGTGTACT,4,4635337
ybeDp,0.8846153846153846,47,25,AGTCGGCAACCCTCGGTGGG,22,4611638
ybeDp,4.0,128,25,AGTATCTTTACTCTTGTGCA,103,4687305
ybeDp,0.8846153846153846,47,25,AGGTCATGATAGCGGGAGGG,22,4629392
ybeDp,0.11538461538461539,27,25,AGGCTCTTCAATCGCCCCTG,2,4611694
ybeDp,1.9230769230769231,74,25,AGCCCAGGTGAATTTGCTAC,49,4612731
ybeDp,0.46153846153846156,36,25,AGATGTTGCCTCGAGGCGGA,11,4660552
ybeDp,0.5384615384615384,38,25,AGACCGGCACTGGAAGGATT,13,4685676
ybeDp,1.0769230769230769,52,25,AGACATCGCATTCCAGTGAC,27,4641700
ybeDp,0.9230769230769231,48,25,AGACACCTCGCTCCGAGGGC,23,4637190
ybeDp,2.0,76,25,AGAAGCGTGTTACATCTAGA,51,4670306
ybeDp,3.0,102,25,ACTTTTGAGCCTTCTTTTTA,77,4604116
ybeDp,3.0,102,25,ACGGGGGCTTCGGTTTTAGA,77,4624197
ybeDp,0.23076923076923078,30,25,ACGACAGAGCTCTGGACAAG,5,4604700
ybeDp,1.8461538461538463,72,25,ACCGGATACGCGGAACTCTA,47,4627965
ybeDp,0.7692307692307693,44,25,ACACGGGGTAAGGGATCCCA,19,4646706
ybeDp,1.2692307692307692,57,25,AAGTAAACTAACAGCGAGAG,32,4632594
ybeDp,1.6153846153846154,66,25,AAGGGGGTGCAATCTTAGCA,41,4634498
ybeDp,0.9230769230769231,48,25,AAGGAATGCATACGATGATA,23,4688189
ybeDp,1.4615384615384615,62,25,AACGAGCTGAACAGGCGGGA,37,4634724
ybeDp,1.5,63,25,AACATTCTCTCGAACATGTA,38,4625406
ybeDp,1.4230769230769231,61,25,AAACAGACTTTAGCTGACAC,36,4613707
ybeDp,3.32,106,24,TTTTGGTCTATTCCAGCTTT,82,4606225
ybeDp,1.16,52,24,TTTAGTGGTGCCTGTTCGTG,28,4607195
ybeDp,0.52,36,24,TTGGTATTCGAAGCACAGCG,12,4661018
ybeDp,0.2,28,24,TTGGCGATGTGTGAAGCATA,4,4659717
ybeDp,0.32,31,24,TTGCGAGTGTGATCTATGTG,7,4620275
ybeDp,1.56,62,24,TTCATCATGACGTCCTTTAA,38,4607971
ybeDp,0.96,47,24,TTATTGCCCCTCTAGCACTC,23,4641338
ybeDp,0.72,41,24,TTATGTGTGATCCTCGTCAC,17,4654053
ybeDp,0.64,39,24,TTAATTTTAACCGATTCCGT,15,4683561
ybeDp,0.2,28,24,TTAATATGGGGTCACCTAGT,4,4671234
ybeDp,1.88,70,24,TGTCTGTCCTGGATTAATAT,46,4619032
ybeDp,0.4,33,24,TGTCGAGTATAACTACCGAT,9,4615756
ybeDp,0.8,43,24,TGTCCTCGGTTTTATCTTGA,19,4608063
ybeDp,0.4,33,24,TGGCGCTATTCCGCCCCGCG,9,4669577
ybeDp,1.08,50,24,TGCTCCAACGGCATGCCAAG,26,4683051
ybeDp,0.52,36,24,TGCGTGCGTGGACGTCTTGT,12,4654250
ybeDp,1.0,48,24,TGCGCCTTCTAAGAAGATGT,24,4610994
ybeDp,1.68,65,24,TGCCACGGACACCATTTATG,41,4661629
ybeDp,0.92,46,24,TGCATGATGCGCCCACTGTG,22,4608289
ybeDp,4.4,133,24,TGAGATCACATTGACGTAAC,109,4640175
ybeDp,50.4,1283,24,TCTGTGCTCCTTTTTACCTG,1259,4686811
ybeDp,0.12,26,24,TCGGTAGTTGACGAGTACAT,2,4616912
ybeDp,0.08,25,24,TCGAGTAGGGGACTGAATCG,1,4682490
ybeDp,1.0,48,24,TCATCGTGTCGGTGGCTTGA,24,4608426
ybeDp,3.28,105,24,TCATCCTTTTTGCTTGCCGA,81,4673333
ybeDp,1.44,59,24,TCAAATCAGTGAGACTGTGT,35,4629672
ybeDp,0.8,43,24,TCAAACCCCACGACTCGTTA,19,4671051
ybeDp,0.6,38,24,TATTGGATTGTGACCATTTT,14,4652693
ybeDp,1.92,71,24,TATAAATTTTGGGCATTTAA,47,4610124
ybeDp,1.56,62,24,TACCAACGTTCAGCATGCGA,38,4644501
ybeDp,0.28,30,24,TACAACGATCGTTGTTTTTC,6,4648562
ybeDp,1.52,61,24,GTTGGGGCCATTCGGCTGGC,37,4671940
ybeDp,1.68,65,24,GTTGGCCCGAGGGTTATTGT,41,4610202
ybeDp,0.16,27,24,GTTGATGCAATATATTGTGT,3,4664832
ybeDp,0.56,37,24,GTGGCTTAACTCCTTATTCA,13,4612667
ybeDp,1.16,52,24,GTGGCCCGAAGTTGCAGTAA,28,4681505
ybeDp,2.0,73,24,GTCGGTGCGATTCTATAAAA,49,4647308
ybeDp,1.68,65,24,GTCCGCACATTAGTCTCGCT,41,4678057
ybeDp,3.52,111,24,GTCACCCAATAACTGTATTT,87,4649728
ybeDp,0.24,29,24,GTAGGGTTGATACATCGCGC,5,4619479
ybeDp,0.16,27,24,GTAATGATACGTGAGAGCTG,3,4628561
ybeDp,0.08,25,24,GGGTAATCTCCTGGTCAATG,1,4635824
ybeDp,1.72,66,24,GGGGAGCATGTTCCATTGAC,42,4610901
ybeDp,2.16,77,24,GGGATCGACCGACTCATGCA,53,4658734
ybeDp,1.04,49,24,GGGATAATACTACGCAATGA,25,4687123
ybeDp,0.48,35,24,GGGAGGGTCATTAGCGCAAC,11,4683831
ybeDp,0.4,33,24,GGGACCGCGAAGAGTCTATG,9,4671022
ybeDp,0.64,39,24,GGCTGGTGGGGGTAGTCAAA,15,4655955
ybeDp,0.24,29,24,GGCTACTGCTAGGAGGTGGG,5,4635924
ybeDp,1.36,57,24,GGCACGTATGATTCAAGTTG,33,4603042
ybeDp,2.48,85,24,GGACTTTGCCGAGGAGCGCA,61,4632828
ybeDp,2.04,74,24,GGACAGATTCGGGTCCTTAT,50,4631979
ybeDp,0.6,38,24,GGAACACCCTCGTCTCGGCT,14,4624925
ybeDp,2.92,96,24,GCTCAGATCCTCAGCCGTTT,72,4664017
ybeDp,0.48,35,24,GCTATATGTCTTATGAGGTA,11,4630931
ybeDp,5.68,165,24,GCGGAATCGGGTAAAATGCG,141,4658907
ybeDp,0.32,31,24,GCATAGTAGCGAGGGCGTAT,7,4651834
ybeDp,1.12,51,24,GCAGTGACTCCCGTAAAAAA,27,4634495
ybeDp,0.8,43,24,GATCTGCAAAACGCGTCTAC,19,4678673
ybeDp,13.76,367,24,GATAGTAGCACGTTCCCGCA,343,4640275
ybeDp,0.56,37,24,GATACTGTTACTAGAACTTC,13,4668258
ybeDp,0.64,39,24,GAGTACGTCAGCCTGAAAAA,15,4651578
ybeDp,1.08,50,24,GAGTAAAAGAAGCGGGCGAG,26,4615409
ybeDp,1.76,67,24,GAGCAATACACCTGGGCAGT,43,4638178
ybeDp,0.08,25,24,GACTCTACGTGCGTAAGTGA,1,4669200
ybeDp,0.08,25,24,GACTATGAAAGCATGAATAA,1,4644504
ybeDp,1.2,53,24,GACCTTGTATTAACTTAACA,29,4630124
ybeDp,1.88,70,24,GACAGAGTTCTCTGGGTAAA,46,4660970
ybeDp,5.08,150,24,GACACGCCAATTAAGTTAGA,126,4685657
ybeDp,0.4,33,24,GAATTGACTTTCTATCCCGG,9,4614408
ybeDp,0.08,25,24,GAATTCCAAGTTCGAGGCGT,1,4621005
ybeDp,1.28,55,24,GAACTGCGTATACTGCCCAG,31,4648378
ybeDp,1.0,48,24,CTTGTCCAAGTCTGTTTCTA,24,4611437
ybeDp,0.16,27,24,CTTCGTCGAGCTTCATCCGG,3,4631345
ybeDp,3.84,119,24,CTTCACTTCGAAGGATCGGC,95,4673550
ybeDp,1.64,64,24,CTGTGTGCGTACTGTTCTAA,40,4641096
ybeDp,0.32,31,24,CTGCTCGTACGTTCCGGTCT,7,4658565
ybeDp,0.08,25,24,CTGCCGGATGCCATGTAGAG,1,4635832
ybeDp,0.44,34,24,CTCTGGGTACTAATACGAGG,10,4614287
ybeDp,2.72,91,24,CTCGACCGAGATGGATTGGA,67,4602258
ybeDp,0.28,30,24,CTAATACCCACTTGTTTAGT,6,4642850
ybeDp,0.96,47,24,CGTAGGCTCATCGGCCGAAT,23,4616158
ybeDp,0.6,38,24,CGTACCGAGCATACTGGGTT,14,4646592
ybeDp,1.12,51,24,CGGTGAACACATGATCTACG,27,4618306
ybeDp,0.68,40,24,CGGGTCGCTATAACGGGCGT,16,4630717
ybeDp,1.0,48,24,CGGGGATACTCCGGATTCAA,24,4666707
ybeDp,1.24,54,24,CGGGATGAGGAATTTTGTAT,30,4646042
ybeDp,3.76,117,24,CGGCTAACATCAGTTAGCTG,93,4625959
ybeDp,2.24,79,24,CGGCAGTATTCGTATGCGCT,55,4657104
ybeDp,1.36,57,24,CGCGTTACGGTGTGGAGTCG,33,4619983
ybeDp,0.36,32,24,CGCGACAGCGAACGCGGTAA,8,4652199
ybeDp,0.24,29,24,CGAAGTCGGGTTCAAGCAGG,5,4653415
ybeDp,1.52,61,24,CGAAGTAGTCGGACTCCGAG,37,4652496
ybeDp,2.4,83,24,CGAACCCTAAATAGAGCGTG,59,4669709
ybeDp,2.96,97,24,CCTTTCGAAGGTTAACTATT,73,4623279
ybeDp,0.08,25,24,CCTGGAGCCGAACCGATTAC,1,4635583
ybeDp,2.72,91,24,CCTGAGGATCAACGCCGACC,67,4602126
ybeDp,0.88,45,24,CCTATGTATATTCGCAATAC,21,4653659
ybeDp,0.08,25,24,CCCTAAAGTGGTTGAATACT,1,4622744
ybeDp,1.32,56,24,CATGCCGGACTTGGGTGTCG,32,4666700
ybeDp,2.16,77,24,CATGAGTCTCCTTCTCGTTG,53,4671412
ybeDp,1.24,54,24,CATCCGATTGTTGAGTTCCT,30,4604073
ybeDp,0.96,47,24,CATAAGAAAAGACCGCTTTG,23,4629670
ybeDp,0.28,30,24,CAGTATGATCCCCGCCAGTG,6,4610180
ybeDp,1.08,50,24,CAGCATGGGGGCAGAGGCAG,26,4670517
ybeDp,0.08,25,24,CACTATGGTCCATATCGAAC,1,4685380
ybeDp,2.68,90,24,CACGTGATTTGTGCCCTCCT,66,4642200
ybeDp,1.44,59,24,CACGATTTATTGCCATCGCC,35,4646635
ybeDp,0.24,29,24,CACAGGAATGAGGGCACGCG,5,4622208
ybeDp,1.24,54,24,CACAGACAGTTGCAAATCTA,30,4608285
ybeDp,11.68,315,24,CAATAAAGGCGGACCAGTTA,291,4630454
ybeDp,0.28,30,24,ATTTTCGGGTAGAACTCTTG,6,4684116
ybeDp,0.88,45,24,ATTGACACTTGGACCTTTGA,21,4662944
ybeDp,1.52,61,24,ATTCCTAAATGTGGAGGGAG,37,4603462
ybeDp,2.12,76,24,ATTCCGTAACGGGGTGCTGA,52,4608623
ybeDp,2.72,91,24,ATGTCTGACTCGCGCATTCA,67,4632830
ybeDp,1.88,70,24,ATGTCGTACTCCGTATCCCT,46,4624557
ybeDp,0.92,46,24,ATGTACCTTAACGGCGGGAA,22,4673798
ybeDp,0.72,41,24,ATGCAAGGATTACTTTAGTA,17,4677915
ybeDp,0.8,43,24,ATGAAGAATAGGGACGTTAG,19,4622531
ybeDp,0.2,28,24,ATCACCGTAGTGTTAGATTA,4,4629161
ybeDp,0.48,35,24,ATCAAACAGTATTACAGTTG,11,4628859
ybeDp,1.44,59,24,ATAGAATCGAACGCAGAGAA,35,4647639
ybeDp,2.12,76,24,AGGCCCCGAGCCGAACGTAT,52,4663718
ybeDp,4.8,143,24,AGCTACCATTAATCGAAAGT,119,4646065
ybeDp,1.88,70,24,AGATCCGACAAAAGAACAGC,46,4607005
ybeDp,1.08,50,24,AGAGGTCGATTAGAAGAAAG,26,4620028
ybeDp,1.0,48,24,AGAATCAGACTGTGACTTAA,24,4626495
ybeDp,6.96,197,24,ACTCCGTACGCTTTTGGAAC,173,4671139
ybeDp,0.64,39,24,ACTCACGGGGCTGACATGCA,15,4618314
ybeDp,8.4,233,24,ACGCCGTAGGAGGTCCGTGC,209,4607144
ybeDp,3.16,102,24,ACGCATGGTCCGAACCCCAA,78,4638786
ybeDp,2.16,77,24,ACGATCCCTATAAGGTTGAC,53,4609414
ybeDp,0.84,44,24,ACCTTATGGGATGATGGGTT,20,4619379
ybeDp,0.4,33,24,ACCGTATCGAGCACAATTTT,9,4652003
ybeDp,1.2,53,24,ACCGCGCGTGTCTGTTGAAC,29,4609969
ybeDp,0.08,25,24,ACCCTTTAGACAGCGTGAGT,1,4610647
ybeDp,0.92,46,24,ACAAATTCATACCAGCTACT,22,4665735
ybeDp,1.36,57,24,AATGTGTGCTGTTCGATATC,33,4606329
ybeDp,0.08,25,24,AATGGTGGTCTAAGTTGTTA,1,4635579
ybeDp,1.52,61,24,AATCGATTCTATTCGTTATT,37,4638092
ybeDp,0.08,25,24,AACTGCGCCCGTCAGAGCAA,1,4625906
ybeDp,0.4,33,24,AACTATTGAAAAATAGACTG,9,4631589
ybeDp,3.0,98,24,AAAAGTCTGTTTGCATATTT,74,4606104
ybeDp,1.92,71,24,AAAAGGCGGTGCAAAGCCCA,47,4627990
ybeDp,1.28,55,24,AAAACGGTTGTTCTGCCTTC,31,4625844
ybeDp,0.7083333333333334,39,23,TTTGAGTTTATGTCAAGAGG,16,4656063
ybeDp,0.125,25,23,TTTGAACACAGAAATTAAGC,2,4620978
ybeDp,0.75,40,23,TTGTCCTTAGGGTTTTGTGA,17,4630509
ybeDp,0.7916666666666666,41,23,TTGATAAACCAGAACATGTC,18,4685292
ybeDp,1.25,52,23,TTGAAAGGTATGGTTTACTC,29,4646731
ybeDp,0.9166666666666666,44,23,TTCTATTACTCGTGGCCAAT,21,4641351
ybeDp,1.25,52,23,TTCCTATAATAACGGGCAGG,29,4619858
ybeDp,0.2916666666666667,29,23,TTCAATCATGTCCTGTCAGC,6,4620870
ybeDp,0.08333333333333333,24,23,TTAATATTAGCAGCCCGACA,1,4602735
ybeDp,0.375,31,23,TGTTTTGAGAGGCCGGGCGT,8,4613422
ybeDp,2.2916666666666665,77,23,TGTTTGTTTTACCAAGAAGT,54,4622760
ybeDp,4.333333333333333,126,23,TGTTTAACGTTGGTCAATTC,103,4628765
ybeDp,0.6666666666666666,38,23,TGGGCGGCCGGACACGGTAC,15,4611035
ybeDp,4.916666666666667,140,23,TGGCTACTGTGTACAAAAAG,117,4650809
ybeDp,1.875,67,23,TGGCGCGACTTCCAGGTCGC,44,4637542
ybeDp,1.6666666666666667,62,23,TGCTAGAAGTCCAGCCAACT,39,4617802
ybeDp,0.6666666666666666,38,23,TGCATCCTGGGTACGTAAGT,15,4684630
ybeDp,1.4583333333333333,57,23,TGAAGGTCACCAGGCGTATC,34,4627989
ybeDp,0.625,37,23,TCGGTCGAACTAGCAGATCT,14,4678892
ybeDp,0.08333333333333333,24,23,TCGGTAGGCGGCCTTATCTA,1,4627404
ybeDp,2.5,82,23,TCGATAGCAAGGTAGGCTCA,59,4630574
ybeDp,0.16666666666666666,26,23,TCCGGACAACGTCCAGATAG,3,4672697
ybeDp,2.0416666666666665,71,23,TCCCTCTGCATTTTTCTGAT,48,4622414
ybeDp,0.125,25,23,TCCCCTGTTATGCCGTACTT,2,4616987
ybeDp,1.0833333333333333,48,23,TCAAGTGCCCGGTACAATAT,25,4619424
ybeDp,0.25,28,23,TCAAGCAATTGAGCCCCCTA,5,4621863
ybeDp,0.6666666666666666,38,23,TATTTCTTATGGCTAGTCAT,15,4683072
ybeDp,3.0416666666666665,95,23,TATCTCACGTTGTATATCTC,72,4629840
ybeDp,0.20833333333333334,27,23,TATCTCAATGGGTCTGCGCT,4,4685525
ybeDp,6.958333333333333,189,23,TATCCCCTGCTGAGGACCAC,166,4608774
ybeDp,0.08333333333333333,24,23,TATCCAATCAGTATCTGGAC,1,4650625
ybeDp,2.9583333333333335,93,23,TAGGAACCTCTCACGTTTCC,70,4650954
ybeDp,1.5,58,23,TAGCTCGGAGAAGCCGGGCT,35,4675756
ybeDp,0.5,34,23,TAGCGGTCACGTCCATTACA,11,4604272
ybeDp,0.20833333333333334,27,23,TAGCCTTTCTGTCTTGTGTT,4,4640567
ybeDp,0.9166666666666666,44,23,TAGCCATAGCCAGTCTGGCG,21,4663583
ybeDp,1.125,49,23,TACTTGAGAACTTTGTTACA,26,4607237
ybeDp,0.125,25,23,TACTGAGTTGTAGCCGGGGA,2,4655315
ybeDp,1.5416666666666667,59,23,TACGAGTTCGTCCCTGGACA,36,4613419
ybeDp,1.5416666666666667,59,23,TAAGGGCGCAGGCCGACTAT,36,4602063
ybeDp,0.3333333333333333,30,23,TAAGAATAGGTACTAGCTGT,7,4682940
ybeDp,0.8333333333333334,42,23,GTTCACCTTGGTCTGGCGTG,19,4601132
ybeDp,1.375,55,23,GTGTGTCTCCTGGGCAGTCA,32,4659713
ybeDp,0.75,40,23,GTGTATTATTCAATGCTGGA,17,4627005
ybeDp,1.5416666666666667,59,23,GTGCAATGCGAGGTTCCACA,36,4660394
ybeDp,0.20833333333333334,27,23,GTGACAGGTGCTATAACCTT,4,4646699
ybeDp,1.25,52,23,GTCTGCTGGCGAATATTAGC,29,4678235
ybeDp,0.6666666666666666,38,23,GTCTGAGAGATCCACACAGT,15,4635040
ybeDp,1.8333333333333333,66,23,GTCTCCAAACGCTCCAGCTC,43,4649663
ybeDp,0.75,40,23,GTCCCCCTCCAACGGCGCCC,17,4670922
ybeDp,1.7916666666666667,65,23,GTATTCTCTTTGTTTTTTGT,42,4628885
ybeDp,1.0,46,23,GTATGGAGTGCTGGTAACTT,23,4681375
ybeDp,0.625,37,23,GTATGCCTCAGAAACCCAGA,14,4674584
ybeDp,0.8333333333333334,42,23,GTATAGTCACCCAAGTCCTT,19,4678927
ybeDp,0.4583333333333333,33,23,GTAAGAGAGTGACTCAGGGT,10,4670781
ybeDp,1.5,58,23,GGTGGATATCGGGGGAATTG,35,4641380
ybeDp,1.375,55,23,GGGTGCCCACTCATTCATAA,32,4639776
ybeDp,2.0833333333333335,72,23,GGGGTGACTAATAGGGGCAT,49,4678736
ybeDp,0.875,43,23,GGCTTAATCTGTAGATGGCT,20,4607733
ybeDp,5.25,148,23,GGCTATCCCTACCTAAGTAT,125,4668841
ybeDp,0.20833333333333334,27,23,GGATCCAACACCTCTCCCGA,4,4656017
ybeDp,0.6666666666666666,38,23,GGACGACGGGTCGCAAAGGG,15,4622856
ybeDp,0.9583333333333334,45,23,GCTTTCTGATGTGGTAGCCC,22,4604318
ybeDp,1.7083333333333333,63,23,GCTGCGGTCTACCCCGGGAA,40,4619731
ybeDp,2.2083333333333335,75,23,GCGGACCCTGTTAGGCTTAG,52,4650582
ybeDp,0.6666666666666666,38,23,GCCAAGGAACGCGAGGGATC,15,4668834
ybeDp,0.375,31,23,GCATAAGAATGTCCCCGGGT,8,4646959
ybeDp,1.7916666666666667,65,23,GCAAAGGTTGAGGCAATGTA,42,4623955
ybeDp,2.2083333333333335,75,23,GATTGGACTGAGCTGGCCTA,52,4650121
ybeDp,1.8333333333333333,66,23,GATTCTTCTGCTTTGCTGAC,43,4653229
ybeDp,1.9166666666666667,68,23,GATTATAAATATCACTCCAT,45,4670704
ybeDp,0.08333333333333333,24,23,GATCATTTGCGCAGGGGAAG,1,4686363
ybeDp,2.5,82,23,GAGCAACGGCTCTCCCCGAT,59,4659711
ybeDp,1.4166666666666667,56,23,GACTTTTAGCCGACTTTACA,33,4645237
ybeDp,0.6666666666666666,38,23,GACTATTCGGCTGCTTAATA,15,4662905
ybeDp,2.125,73,23,GACGTCCAATCATTCGATAC,50,4659439
ybeDp,0.9583333333333334,45,23,GACGATGCGTAACGTGTCTT,22,4639830
ybeDp,0.125,25,23,GACATCATGGCACTGGGCGT,2,4671779
ybeDp,0.5833333333333334,36,23,GAACTTCGAAGCAGGGCTCG,13,4670547
ybeDp,2.4166666666666665,80,23,GAACAATTCAACGTGACAGA,57,4640911
ybeDp,1.9166666666666667,68,23,CTTGCTCCATAGCGGAGTAT,45,4651299
ybeDp,10.416666666666666,272,23,CTTGAGATCGCGGGGGGCGT,249,4638500
ybeDp,1.6666666666666667,62,23,CTTAGTGTTGCAAAGGTCAG,39,4630423
ybeDp,9.0,238,23,CTCTCTGCATGAGTAAGGCG,215,4677705
ybeDp,0.9166666666666666,44,23,CTCTCAACCCATCGTGATAT,21,4636602
ybeDp,0.375,31,23,CTATGCTCGAGCGTAAGCTC,8,4664135
ybeDp,1.5833333333333333,60,23,CTAGGGAGTCTCAACTGGGT,37,4625373
ybeDp,1.0,46,23,CTAACCTGAAGCCCCACCTG,23,4649960
ybeDp,1.0416666666666667,47,23,CGTTTTGGCCGGGCGTGTAC,24,4643291
ybeDp,0.8333333333333334,42,23,CGTTACTCGGGGCTGCCCCA,19,4620153
ybeDp,0.125,25,23,CGTGCGATTGTACAGAGACA,2,4633550
ybeDp,0.20833333333333334,27,23,CGTCTAGTTACACATATAGG,4,4606620
ybeDp,2.2083333333333335,75,23,CGTCGGAGATTTACGAACTT,52,4684454
ybeDp,1.3333333333333333,54,23,CGGGGGCCGGGTACGAGAGA,31,4616665
ybeDp,0.9166666666666666,44,23,CGGACACAGCCTATCCGGCG,21,4611538
ybeDp,0.7916666666666666,41,23,CGCTGATCTTGCTTATGAGT,18,4610092
ybeDp,0.7083333333333334,39,23,CGCAACGGTGGAGAGTTGTT,16,4628429
ybeDp,0.75,40,23,CGATTTTGGGCGGTATGGCT,17,4642752
ybeDp,0.625,37,23,CGATTGAAAGGGTTGGTGGA,14,4662889
ybeDp,0.4166666666666667,32,23,CGATCAGGAGTCCATTGGAT,9,4610017
ybeDp,1.2083333333333333,51,23,CGATATAGTCTTGGAACTAT,28,4657396
ybeDp,1.2083333333333333,51,23,CGAGCAATTGCGGTAGTATT,28,4605276
ybeDp,0.08333333333333333,24,23,CGAAGCTAAACTTAGTCAAT,1,4621067
ybeDp,0.6666666666666666,38,23,CCTTATGATAGTCATGTGTT,15,4625284
ybeDp,0.08333333333333333,24,23,CCTGAGTTCAGGAAGCGGAA,1,4634804
ybeDp,1.1666666666666667,50,23,CCTATACCAGATCTCATTCC,27,4622582
ybeDp,2.2916666666666665,77,23,CCGTGGTATGTCCCTGGTTG,54,4611273
ybeDp,0.5833333333333334,36,23,CCGGTGCTCCACAGATTACT,13,4601352
ybeDp,6.166666666666667,170,23,CCGCGCGTTATGCTGCGGGC,147,4627617
ybeDp,1.4166666666666667,56,23,CCGCCGTTAGTTCCCGGTTA,33,4605381
ybeDp,1.125,49,23,CCGCCGATAATACTCGAGAT,26,4651213
ybeDp,0.9166666666666666,44,23,CCGACCAACCTTCACTGAGT,21,4680442
ybeDp,0.75,40,23,CCCACGCCGCGTATGAAGGC,17,4682058
ybeDp,0.9583333333333334,45,23,CCAGGAAATTAGGCGCCAGA,22,4632102
ybeDp,0.75,40,23,CATTTGTATGTTATTTTACA,17,4610000
ybeDp,0.5,34,23,CATGCAGTGGTGTACGGGTG,11,4608691
ybeDp,0.375,31,23,CATGACCAGGGGCGCGGGCA,8,4650585
ybeDp,2.125,73,23,CAGTCAAGGCGTTATACACT,50,4646717
ybeDp,1.875,67,23,CAGGTTATGACCGCCATAAG,44,4622650
ybeDp,0.7916666666666666,41,23,CAGGAAGATTCCCATAACAG,18,4655687
ybeDp,0.20833333333333334,27,23,ATTTAAGCGGAGTATTTACA,4,4630404
ybeDp,0.9583333333333334,45,23,ATTGCTACTGTGGTATGGTT,22,4641894
ybeDp,1.3333333333333333,54,23,ATTATTGTCACTTCTCCTCG,31,4606984
ybeDp,2.1666666666666665,74,23,ATGGACGGACACCCCGAGAG,51,4649552
ybeDp,1.5416666666666667,59,23,ATGCTATGATAAGGTGACCG,36,4603781
ybeDp,0.08333333333333333,24,23,ATGCAGGCTTACAGCATTGT,1,4683344
ybeDp,0.3333333333333333,30,23,ATCGTGAAGTGCCGTAAGTC,7,4614757
ybeDp,0.5,34,23,ATCCCACGTGATTTGTGATT,11,4651346
ybeDp,0.9166666666666666,44,23,ATATGCGGGTTCAGGAATGC,21,4640060
ybeDp,0.625,37,23,ATAAGCATATGCTGGTGACT,14,4605221
ybeDp,0.08333333333333333,24,23,AGTCGTCTTAGCTGGTCTGA,1,4668697
ybeDp,1.375,55,23,AGGTTGGTTCACATTAGGAC,32,4614282
ybeDp,0.5416666666666666,35,23,AGGTCTCTTCCCGATTCCGG,12,4626417
ybeDp,0.9583333333333334,45,23,AGCACCGTCGGGTGTCATAG,22,4619449
ybeDp,2.5833333333333335,84,23,AGCAAGCTACGGCACATCGG,61,4615371
ybeDp,2.9583333333333335,93,23,AGATCTTGGTGGCGCTAAAT,70,4634578
ybeDp,2.0,70,23,AGAGCGTCCATAGTATAAAT,47,4671027
ybeDp,0.16666666666666666,26,23,AGAGCCTATCTGCCTACAAT,3,4630007
ybeDp,3.125,97,23,AGAAGGGAGTATCAGGGGCA,74,4633691
ybeDp,0.2916666666666667,29,23,AGAACCCCTCAATTAATCTG,6,4628471
ybeDp,6.75,184,23,ACTTATATGTGTTGCCCTGA,161,4614354
ybeDp,2.375,79,23,ACTCCGTCCTTTATGTATCA,56,4610519
ybeDp,0.5,34,23,ACTAGACAAATCGCCCGGGA,11,4613429
ybeDp,0.875,43,23,ACGGTCCGCTGGCTCGCGGT,20,4653590
ybeDp,2.0833333333333335,72,23,ACGGCAGTGTAACTGCCCAT,49,4611160
ybeDp,0.125,25,23,ACGCTGGTAGTTTTGACTGT,2,4649633
ybeDp,0.3333333333333333,30,23,ACATAGTGCCAACGACGCCA,7,4609975
ybeDp,1.0416666666666667,47,23,ACAGGAGTTGCTGTGCTGCT,24,4645703
ybeDp,0.125,25,23,ACAGATCCTTTTCTCTCTGT,2,4640548
ybeDp,2.1666666666666665,74,23,AATTCTGTTCCCTTCTACCT,51,4602219
ybeDp,0.8333333333333334,42,23,AATGTGGTCACTCAGGTGTG,19,4661589
ybeDp,0.3333333333333333,30,23,AATGCTCGGTAAACAGACCA,7,4650888
ybeDp,0.4166666666666667,32,23,AAGGTTGGGCGGGAGTAGAT,9,4605694
ybeDp,0.4166666666666667,32,23,AACTGTATACTGGCTGGGAC,9,4629537
ybeDp,0.9583333333333334,45,23,AACGGAGCTCCTCCAGAGGA,22,4640635
ybeDp,0.5,34,23,AACAGGACCTGTGACGGTCG,11,4665180
ybeDp,0.782608695652174,39,22,TTTTGGCCCTCTCGTCAGGC,17,4662741
ybeDp,0.43478260869565216,31,22,TTTGAGATCCTGTGTCTTGT,9,4623929
ybeDp,1.4782608695652173,55,22,TTTAGGGACGACATCCAAGG,33,4633013
ybeDp,1.4782608695652173,55,22,TTGGGAACATAAAAAGTCTT,33,4634947
ybeDp,2.869565217391304,87,22,TTGCGCAGGATAGCAGGGAC,65,4620280
ybeDp,1.8695652173913044,64,22,TTCGGCAGAAAAATAGAATT,42,4624101
ybeDp,0.6086956521739131,35,22,TTCCTGGGCTCGGGCTGATG,13,4619943
ybeDp,0.34782608695652173,29,22,TTATTCCGTACCAAGCGCGC,7,4658163
ybeDp,1.6956521739130435,60,22,TTAAAAGTCCTCGATCCATA,38,4624977
ybeDp,3.608695652173913,104,22,TGGTACGACCCGGTAATGAG,82,4667514
ybeDp,0.13043478260869565,24,22,TGGGGACGGTACCATACCTC,2,4613738
ybeDp,1.173913043478261,48,22,TGGGCGCGTAATGTCTGAGT,26,4644500
ybeDp,0.17391304347826086,25,22,TGGCTGTACTCGACCGGTCA,3,4631219
ybeDp,0.8695652173913043,41,22,TGGCTCATGGATGTTCATTT,19,4631642
ybeDp,0.8695652173913043,41,22,TGGATCTCAGAGATTCCCGT,19,4638886
ybeDp,0.17391304347826086,25,22,TGCTCGTTATTCACCCGGTG,3,4612557
ybeDp,1.0434782608695652,45,22,TGCGGTACCCTCGTGCTAAC,23,4620422
ybeDp,1.0869565217391304,46,22,TGCCAATGCGCGGCTTGAGA,24,4656467
ybeDp,0.391304347826087,30,22,TGATAAAATGAGCAATGCCC,8,4610114
ybeDp,0.6956521739130435,37,22,TGACTGATGGTATAGAAGGA,15,4601969
ybeDp,1.4782608695652173,55,22,TCTTAAAGCATAAAGTGTAA,33,4662971
ybeDp,0.7391304347826086,38,22,TCGTATTGCGTATAGTCATC,16,4610661
ybeDp,2.5652173913043477,80,22,TCGTACCTCGTGGTCTCTAT,58,4639178
ybeDp,1.565217391304348,57,22,TCGCTGTGCACTGGTAAGTG,35,4620581
ybeDp,0.21739130434782608,26,22,TCGAGTCAAGCTGGCGGGAA,4,4664193
ybeDp,1.565217391304348,57,22,TCCGGTTTGTATGCTTATCT,35,4615103
ybeDp,6.260869565217392,165,22,TCCCTTGATCGGTTACATTG,143,4608473
ybeDp,4.217391304347826,118,22,TCCCACGTTTGTAACTCAGG,96,4683105
ybeDp,0.34782608695652173,29,22,TCCATAAGATCGGCAGCACG,7,4611284
ybeDp,4.217391304347826,118,22,TCCAATATGCTTGAAGCATC,96,4684055
ybeDp,0.782608695652174,39,22,TCAATGGGACGCCCTCATAT,17,4659092
ybeDp,1.9130434782608696,65,22,TATCGAGGCATTTCCGTGGA,43,4645215
ybeDp,1.0,44,22,TAGGTTGCAGCATCCGCCTA,22,4641677
ybeDp,0.5217391304347826,33,22,TAGGGGGGCCTTCGTTTACA,11,4629542
ybeDp,2.0869565217391304,69,22,TAGCCATGGTGAACTGAAAC,47,4678285
ybeDp,0.8695652173913043,41,22,TACCATATTGGTTAAAACCA,19,4609628
ybeDp,0.21739130434782608,26,22,TAATGAGGTCACATCTTCAG,4,4623512
ybeDp,2.3043478260869565,74,22,TAAAGAGAGTGCAGCAGCAA,52,4639299
ybeDp,0.4782608695652174,32,22,GTTGTTCAGAAAGGTAGCAA,10,4663514
ybeDp,0.5217391304347826,33,22,GTTACCTCGTCAGTTACTTA,11,4679698
ybeDp,0.6086956521739131,35,22,GTGTCGTGTCCTTAGCCAAT,13,4683146
ybeDp,5.130434782608695,139,22,GTGCAACGATAGGCTCCAAC,117,4677351
ybeDp,0.5652173913043478,34,22,GTGAGCGATCGGAAAACTCA,12,4609719
ybeDp,2.391304347826087,76,22,GTGAGACGCAAGGCACCCAG,54,4615430
ybeDp,2.6956521739130435,83,22,GTCTTCTTGTAGACGCAACA,61,4673570
ybeDp,2.0434782608695654,68,22,GTCTCTGAGTGCGGGGACTA,46,4651553
ybeDp,1.0,44,22,GTCTCACGAACGCCGGGCAT,22,4626003
ybeDp,1.6956521739130435,60,22,GTCCCGAGAATCTGACAGTA,38,4660555
ybeDp,0.9130434782608695,42,22,GTATTTTACTCGAATGATGA,20,4636386
ybeDp,1.0434782608695652,45,22,GTAGTTTGCACATAAAGCCA,23,4658278
ybeDp,0.4782608695652174,32,22,GTAGACTTGTAGTCAGGGAT,10,4677449
ybeDp,1.391304347826087,53,22,GTACTATGAGTCTGCACCGG,31,4608104
ybeDp,0.08695652173913043,23,22,GTAAGCCCTAGGGCGGATGT,1,4669081
ybeDp,2.0,67,22,GGTCTAGATTTCTAGTGGTT,45,4607662
ybeDp,0.2608695652173913,27,22,GGTAGCCTATAAGGCCAGAC,5,4620977
ybeDp,0.9565217391304348,43,22,GGTAGACATCCGTCTCTAAG,21,4648339
ybeDp,1.6521739130434783,59,22,GGGTAATTGCGCCAATAGTC,37,4601769
ybeDp,0.9130434782608695,42,22,GGGCGCCTGGGGTATAGAGC,20,4624442
ybeDp,1.608695652173913,58,22,GGCTTGGGCTGGGCGTCAAA,36,4635736
ybeDp,2.782608695652174,85,22,GGCTAATCAGATACTATCGT,63,4644265
ybeDp,5.782608695652174,154,22,GGCGGACAGTATTTAGGGAT,132,4616645
ybeDp,0.6956521739130435,37,22,GGAAACTGCCCAGGGTAGCA,15,4645440
ybeDp,0.08695652173913043,23,22,GGAAACGAGGCCAGATAAGT,1,4653690
ybeDp,1.173913043478261,48,22,GCTCGGATGATATCAACCTC,26,4621811
ybeDp,0.08695652173913043,23,22,GCGCACGCGAACGTCAATAA,1,4611743
ybeDp,1.6956521739130435,60,22,GCCATTACGGATTGCCGCTC,38,4619936
ybeDp,1.391304347826087,53,22,GCCAGCGTCCTCCGAGAGGT,31,4681247
ybeDp,1.173913043478261,48,22,GCACGCTGGGTCCGCTGAGT,26,4649191
ybeDp,1.9130434782608696,65,22,GCAAATTTGGGATAAGGAAG,43,4637063
ybeDp,0.5652173913043478,34,22,GATTTGGAATAACACCACCT,12,4673465
ybeDp,0.08695652173913043,23,22,GATATTCGAGAGGTGTATAC,1,4608100
ybeDp,6.3478260869565215,167,22,GAGTCTTCCTAGCCCCACTG,145,4637094
ybeDp,4.391304347826087,122,22,GAGTAGAACAGAGGCCTTAC,100,4675722
ybeDp,0.6956521739130435,37,22,GAGAGTCGATATTGCTTCAT,15,4610065
ybeDp,1.434782608695652,54,22,GACTTCATAAGCGAAGATGA,32,4647691
ybeDp,1.9565217391304348,66,22,GACTAGAACGTATGAAAGGT,44,4663664
ybeDp,1.1304347826086956,47,22,GACGATCCCCGATCCTGTTA,25,4612977
ybeDp,2.6956521739130435,83,22,GACCGTGGGATTAGCTGTAC,61,4659296
ybeDp,9.0,228,22,GACCACCGAATATTATCTAA,206,4637137
ybeDp,0.5652173913043478,34,22,GAAGGCGCGAGTCAGGATTG,12,4685076
ybeDp,2.9565217391304346,89,22,CTTTAAACGCTTTTGACTTT,67,4628391
ybeDp,0.6086956521739131,35,22,CTTCGGCAGAATTATGTCGT,13,4661697
ybeDp,1.7826086956521738,62,22,CTTACGTTGCCTTCCTTACA,40,4644423
ybeDp,1.826086956521739,63,22,CTGTAAATGGAGCCGTTCTT,41,4677672
ybeDp,0.6956521739130435,37,22,CTGCAAGGTGAACTAGACCA,15,4672488
ybeDp,0.13043478260869565,24,22,CTGAGTCAGCGTCCTCGGAT,2,4628291
ybeDp,1.7826086956521738,62,22,CTAGCCCCCCAACCTGACCT,40,4661864
ybeDp,0.8260869565217391,40,22,CTAATTAATGCGGCCAGGGC,18,4648218
ybeDp,2.739130434782609,84,22,CTAACTACGGCTCCCGGTGC,62,4609462
ybeDp,1.6521739130434783,59,22,CGTGCCGATGCGGCTGTTAA,37,4676160
ybeDp,0.9130434782608695,42,22,CGTATATAAGAAGGTTTTTA,20,4647118
ybeDp,4.695652173913044,129,22,CGGTGCATTGGCCACTTCGA,107,4648979
ybeDp,1.0,44,22,CGGTCATCATGATTCAAATG,22,4609109
ybeDp,0.8260869565217391,40,22,CGCGGTGACTGTTCATACTA,18,4674855
ybeDp,0.2608695652173913,27,22,CGCACCTGAATGCTCAGGTA,5,4675374
ybeDp,0.9130434782608695,42,22,CGATATAGGGGGTTGCCAAA,20,4615878
ybeDp,2.4347826086956523,77,22,CGACATTCAGCCAGGCCTGG,55,4674606
ybeDp,0.5217391304347826,33,22,CGAATCTGTGTGACTACTGA,11,4622439
ybeDp,0.9565217391304348,43,22,CCTTCGGGTTTCGTAGTAAC,21,4640654
ybeDp,1.0869565217391304,46,22,CCTGACAGGTAGGGAGTGTC,24,4642841
ybeDp,4.521739130434782,125,22,CCTAAAGGAAGCGAAAGGGA,103,4614851
ybeDp,3.0434782608695654,91,22,CCGCGAGGTGTGACAGCGAT,69,4633547
ybeDp,2.391304347826087,76,22,CCGCATGTACGTTAGCGGAA,54,4614748
ybeDp,0.5217391304347826,33,22,CCGAGCCCACTCGTACGTCA,11,4639562
ybeDp,20.304347826086957,488,22,CCGAAAAACCTTCGAGTTGG,466,4684346
ybeDp,4.695652173913044,129,22,CCCTTTGCTGTTTTGGACTT,107,4604464
ybeDp,0.43478260869565216,31,22,CCCGGGATTATATTGTTGGT,9,4641361
ybeDp,0.8260869565217391,40,22,CCCATGGGAGGAAGCTGCGC,18,4608461
ybeDp,0.391304347826087,30,22,CCATTTGGGTAAACTTTCTC,8,4626530
ybeDp,1.434782608695652,54,22,CCAGTACTACCTGTGGGAAG,32,4607191
ybeDp,0.34782608695652173,29,22,CATGGGGACGGGTGGGATAA,7,4623002
ybeDp,0.5217391304347826,33,22,CATCCAAATGCCAATTACCT,11,4651558
ybeDp,1.9130434782608696,65,22,CAGTCGCGGGTCTATAAATT,43,4614025
ybeDp,0.6086956521739131,35,22,CAGTAGACCATGTTAGATGA,13,4629703
ybeDp,2.0869565217391304,69,22,CAGACAAGTACTTGGTAAGA,47,4664241
ybeDp,0.8260869565217391,40,22,CACTTGACGAGCTCTATGAC,18,4642845
ybeDp,0.2608695652173913,27,22,CACTGGGGAGTCTCCATTCC,5,4659234
ybeDp,0.8260869565217391,40,22,CACCTGCTAGGCGTACAATT,18,4603059
ybeDp,0.8695652173913043,41,22,CACAGCCCACTATTAATCCT,19,4646519
ybeDp,1.608695652173913,58,22,CACAAACAATAGTGGCTAAT,36,4637273
ybeDp,0.43478260869565216,31,22,CAATTTGTATTGTTGAGTGG,9,4604451
ybeDp,0.9565217391304348,43,22,CAATATCCAATAATGAGCCC,21,4602138
ybeDp,0.782608695652174,39,22,CAACTCTCACGCCGTGACAT,17,4653631
ybeDp,12.565217391304348,310,22,CAAAAAATCGGCAGTGTGCA,288,4637080
ybeDp,2.5652173913043477,80,22,ATTTGGCTATAGCTGTTGTG,58,4668577
ybeDp,0.43478260869565216,31,22,ATTGCAACTAAGGTGGGGCA,9,4643329
ybeDp,1.7391304347826086,61,22,ATTCCACCTATTCGAAGACA,39,4629877
ybeDp,0.5652173913043478,34,22,ATTAGTGTGATATCATAGAC,12,4630909
ybeDp,3.0,90,22,ATGGCACTTATAAAATATAA,68,4679071
ybeDp,2.0,67,22,ATGACCCTAACAATCGATCC,45,4676569
ybeDp,4.956521739130435,135,22,ATCGCGGCTAGGTTAAGCTT,113,4663079
ybeDp,1.5217391304347827,56,22,ATATCATAAGCTGCGTCCGG,34,4610694
ybeDp,4.608695652173913,127,22,ATAGTTGCATACGTATATGA,105,4616690
ybeDp,1.1304347826086956,47,22,ATACCGGTAAAACCGTAGTA,25,4678903
ybeDp,0.7391304347826086,38,22,ATAAAGCAAAGTCCGCCGGG,16,4647518
ybeDp,0.8260869565217391,40,22,AGTTTAATGGGTGGAGTTTC,18,4672410
ybeDp,1.0869565217391304,46,22,AGTGTACTCTCAACTCCTGA,24,4604931
ybeDp,0.08695652173913043,23,22,AGTCGCCCCGTTTTTGAGAA,1,4634695
ybeDp,0.08695652173913043,23,22,AGTCATGATGACGTATTGGA,1,4660004
ybeDp,0.9130434782608695,42,22,AGGCGCTGACCGATAGAAGG,20,4636503
ybeDp,3.217391304347826,95,22,AGGACCGCTACGATAAGCCA,73,4657763
ybeDp,0.21739130434782608,26,22,AGCGAACTAGCGTCATAGGA,4,4641766
ybeDp,2.5217391304347827,79,22,AGCATGCGAAGCCTTCCCAT,57,4645184
ybeDp,1.2173913043478262,49,22,AGCAACTTTGATTCTCTACA,27,4628714
ybeDp,0.6521739130434783,36,22,AGACCGTACTCCCCCTGCAG,14,4682757
ybeDp,0.08695652173913043,23,22,AGAACTGAGGGATCCCGGAT,1,4646928
ybeDp,0.34782608695652173,29,22,ACTAACAATGTATCTGGCCT,7,4680977
ybeDp,13.956521739130435,342,22,ACGTCTTTTTGTACGGAAGA,320,4658343
ybeDp,1.5217391304347827,56,22,ACGTAGCGACTTTGCAAGGT,34,4665468
ybeDp,0.5217391304347826,33,22,ACGTACCCGTTCCGACTCTT,11,4683779
ybeDp,5.869565217391305,156,22,ACGGTGGTCTCGATTAAAGG,134,4683989
ybeDp,2.4782608695652173,78,22,ACGGTAGTAGCTTCCTTTGA,56,4611277
ybeDp,0.21739130434782608,26,22,ACCTTGCATGAAAAGCGTCG,4,4626861
ybeDp,0.8260869565217391,40,22,ACCACTTTAAGAGACCATTC,18,4652215
ybeDp,0.43478260869565216,31,22,ACATGTTATCAGAGCTCCGC,9,4662068
ybeDp,0.17391304347826086,25,22,ACAGTATGTCCGATGGAGGT,3,4621066
ybeDp,2.6956521739130435,83,22,AATTCTTGCGGTTGGATAAG,61,4641350
ybeDp,0.5217391304347826,33,22,AATCGAGGTCACAGACTTTA,11,4637031
ybeDp,0.6086956521739131,35,22,AATCCCGTACCCAACACTAG,13,4617116
ybeDp,4.956521739130435,135,22,AATATATTGTTAGATGGACC,113,4654652
ybeDp,0.34782608695652173,29,22,AAGTTTAATGTCTCAACCCG,7,4622797
ybeDp,0.08695652173913043,23,22,AAGTGATACCTGGTTCTGGC,1,4674130
ybeDp,0.13043478260869565,24,22,AAGCACATACACTCGTGCAA,2,4653687
ybeDp,1.7826086956521738,62,22,AAGATCCTAAGTTTATCTGA,40,4619780
ybeDp,0.43478260869565216,31,22,AACGTAATACGAGTATCTTA,9,4624716
ybeDp,1.2608695652173914,50,22,AAAGCCCCGCCGTTACCGCA,28,4641286
ybeDp,1.0869565217391304,46,22,AAACGTTCTGTGGGCTGGGA,24,4636919
ybeDp,6.090909090909091,154,21,TTTTGAGTTTTAGAACGCCG,133,4639264
ybeDp,0.9545454545454546,41,21,TTTGTTTTCGAGGATAGTGA,20,4652728
ybeDp,0.09090909090909091,22,21,TTTGTGAGGAGACACCATTT,1,4683553
ybeDp,0.3181818181818182,27,21,TTTGCCCAGACCTTAACAGG,6,4679708
ybeDp,0.8636363636363636,39,21,TTTCATAGAAAAGGTTGATA,18,4673747
ybeDp,1.2272727272727273,47,21,TTTACGGTACAAAGTACCTG,26,4620807
ybeDp,0.6363636363636364,34,21,TTTAACGCGGGCGTCCGCCT,13,4636410
ybeDp,0.3181818181818182,27,21,TTGGAGGAGTGCCGGGCATC,6,4684996
ybeDp,0.4090909090909091,29,21,TTCGTAGGCATCGCGTTGAG,8,4603217
ybeDp,0.09090909090909091,22,21,TTCGAGCATTCACAATCATG,1,4668250
ybeDp,1.8636363636363635,61,21,TTCGACACCAGAGCAAGAGA,40,4601820
ybeDp,0.6363636363636364,34,21,TTCCACCAGAAAGCGAAATA,13,4658059
ybeDp,1.1363636363636365,45,21,TTCAGACAGCTCAATTATTG,24,4645342
ybeDp,6.636363636363637,166,21,TTAGGCCTCAATTCAGGTGT,145,4671031
ybeDp,0.9090909090909091,40,21,TTACTCGTACTGCGACTTGT,19,4670292
ybeDp,3.090909090909091,88,21,TTACGCACTCCCTTGGCATG,67,4623982
ybeDp,1.8181818181818181,60,21,TTACGACTTCAAGCAGGGAA,39,4619977
ybeDp,1.0454545454545454,43,21,TTACCTTCATACGCCCGGGA,22,4600871
ybeDp,0.36363636363636365,28,21,TTACCTGCGTTCCCTTGCGA,7,4608599
ybeDp,0.7272727272727273,36,21,TTAAAAGCGCGTACGGTTAA,15,4681434
ybeDp,0.36363636363636365,28,21,TGTTTCTCTAACTTCTCGAA,7,4655329
ybeDp,5.045454545454546,131,21,TGTGCGCGTTCAAACCCTTA,110,4667399
ybeDp,0.3181818181818182,27,21,TGTCGGCACCTCTGATGGTT,6,4673259
ybeDp,1.1363636363636365,45,21,TGGGGAAATGAATCGGGAGT,24,4678401
ybeDp,0.6818181818181818,35,21,TGGCTAGTGGGCCGAGTCAC,14,4645408
ybeDp,1.0454545454545454,43,21,TGGCATATCTGGACGTACTT,22,4618627
ybeDp,1.7727272727272727,59,21,TGGAATCCCAACGATTTAAC,38,4654690
ybeDp,0.5454545454545454,32,21,TGCTCACTGGATCAATCTTA,11,4657824
ybeDp,8.863636363636363,215,21,TGCGTGTGATGGGGTGATAT,194,4670840
ybeDp,0.9545454545454546,41,21,TGCGATCTTCACTTGTCACG,20,4612521
ybeDp,2.909090909090909,84,21,TGCATAGCCGTCATCATCCC,63,4602826
ybeDp,1.3636363636363635,50,21,TGCAGCGACCCGACGGTCCA,29,4683777
ybeDp,0.9545454545454546,41,21,TGACGTTACATGATTGGGAC,20,4641165
ybeDp,0.36363636363636365,28,21,TGAATTTATACCCTTAAACC,7,4600771
ybeDp,2.1818181818181817,68,21,TCTGGCTACAAGACGCTAAT,47,4642235
ybeDp,3.4545454545454546,96,21,TCTAGCGAAGGGTCACATGG,75,4637122
ybeDp,0.6818181818181818,35,21,TCCTGTGTTGACTTTTACTG,14,4615828
ybeDp,0.8636363636363636,39,21,TCCGTAAGAATGATCTGCTC,18,4646241
ybeDp,1.2727272727272727,48,21,TCCGCTCCCTAAGATACAAT,27,4642087
ybeDp,1.1818181818181819,46,21,TCATGCTACACAAGCTGATG,25,4652069
ybeDp,0.13636363636363635,23,21,TCAGGACAATCAGAGGGTAA,2,4662037
ybeDp,1.5909090909090908,55,21,TATTGACCTGTCCAGCTTGT,34,4665041
ybeDp,1.0909090909090908,44,21,TATTCCTGCATCACGAATTA,23,4641414
ybeDp,1.8181818181818181,60,21,TATGAACTACGGAGGCATGG,39,4668948
ybeDp,0.5454545454545454,32,21,TATCGTGGGCAAATAATCAG,11,4621722
ybeDp,0.9090909090909091,40,21,TATCAAACACGGTCAGGTAG,19,4632805
ybeDp,1.0,42,21,TATACAATAACAGCGAGGCA,21,4609105
ybeDp,0.2727272727272727,26,21,TAGCCTACATATGTTTGTTG,5,4643475
ybeDp,4.045454545454546,109,21,TAGATCACGGCCAGGAATTA,88,4677400
ybeDp,1.5,53,21,TAGAGGGTATCTAATGTCCT,32,4669390
ybeDp,2.272727272727273,70,21,TAGAAGACAACCAGCCGAGG,49,4606578
ybeDp,2.772727272727273,81,21,TACTGTTCAGAGCGTGACTG,60,4679999
ybeDp,1.4545454545454546,52,21,TACGTCGGCAGGGCCTCTTC,31,4634893
ybeDp,1.2272727272727273,47,21,TACGAATAGGCTTTGCTAAG,26,4636683
ybeDp,0.5909090909090909,33,21,TACATAAGAATTTTACACGG,12,4653313
ybeDp,3.6363636363636362,100,21,TACACATTTTGCGTGATAGG,79,4676425
ybeDp,0.4090909090909091,29,21,TAAGTGCATAAGCGATATAA,8,4659061
ybeDp,4.090909090909091,110,21,TAACTCGAAGTCGGTACGGT,89,4677354
ybeDp,0.5909090909090909,33,21,TAACATAGTTGCGGAAACGT,12,4612978
ybeDp,1.4545454545454546,52,21,TAAAGCAGCATAAATACCCA,31,4634870
ybeDp,2.272727272727273,70,21,TAAAACAGGTGCTCGCGGAA,49,4628027
ybeDp,4.5,119,21,GTTGCGCCCGTTGTCTGGTG,98,4608225
ybeDp,1.8181818181818181,60,21,GTTGAAGTTTCGACCGAACA,39,4606931
ybeDp,0.5909090909090909,33,21,GTTCCAATAGACGAACCTAC,12,4629687
ybeDp,0.8636363636363636,39,21,GTGTCGAGGCCAAAGATCCC,18,4659240
ybeDp,1.0,42,21,GTGGCCATTTTGGGTACATG,21,4609003
ybeDp,2.8636363636363638,83,21,GTCTTTCACTACTCCTGCAG,62,4687092
ybeDp,1.8636363636363635,61,21,GTCAGGTGAGTTGATGATCT,40,4681204
ybeDp,0.13636363636363635,23,21,GTATATACGTTCGGAAATGT,2,4641950
ybeDp,0.22727272727272727,25,21,GTAGAATCGTATTCAGGCAT,4,4674667
ybeDp,0.45454545454545453,30,21,GTACTGCATACTTGGCATAT,9,4630048
ybeDp,0.5,31,21,GTAACTTGTTTTTGACTCTA,10,4669203
ybeDp,12.818181818181818,302,21,GTAAATCAGCTCAAACTACA,281,4687087
ybeDp,0.8181818181818182,38,21,GTAAATAGACGGGAGATCCT,17,4671897
ybeDp,0.8636363636363636,39,21,GGTTGGTTGAAGGCCTGGGG,18,4667327
ybeDp,0.5909090909090909,33,21,GGTTCTTCCAAGTAAGGCCT,12,4609041
ybeDp,1.5909090909090908,55,21,GGTTCGTACACAGACGACCC,34,4653226
ybeDp,0.5909090909090909,33,21,GGTTAGTCCGACGCAAACAG,12,4609990
ybeDp,1.5,53,21,GGTGAGGATGTGTTCTGCTT,32,4611918
ybeDp,1.5,53,21,GGTCCTTGGTAAAGGGACTG,32,4608559
ybeDp,0.3181818181818182,27,21,GGGGTTGCTCCGTCTTCACT,6,4637281
ybeDp,1.0,42,21,GGGCGTAGTGCTTCGCAGCT,21,4673469
ybeDp,1.7727272727272727,59,21,GGGACGCCTACCAATTGCAA,38,4659507
ybeDp,0.7272727272727273,36,21,GGCTTGACGGACGTTTTAGT,15,4637384
ybeDp,1.5454545454545454,54,21,GGCTGATGGTGTGACGTGAC,33,4651057
ybeDp,0.3181818181818182,27,21,GGCTCTGATGACATAGTCGC,6,4680166
ybeDp,2.0454545454545454,65,21,GGCTATTCAAAACAAGAACT,44,4616705
ybeDp,1.6818181818181819,57,21,GGCTAACGGGAAGTCTGTTT,36,4648887
ybeDp,0.7727272727272727,37,21,GGCCAGTGCGGCATTTGGCT,16,4663964
ybeDp,0.9090909090909091,40,21,GGCACTGTGCGAACGTTAAT,19,4618721
ybeDp,5.2727272727272725,136,21,GGAGTAACGGCGGACCATTA,115,4679533
ybeDp,1.0909090909090908,44,21,GGACAGCGGCCTCGTGTGTC,23,4650547
ybeDp,1.3636363636363635,50,21,GGAACCCTATACATGTGAGC,29,4626436
ybeDp,0.45454545454545453,30,21,GCTTAAAGCCCAGCAGGCAA,9,4601056
ybeDp,0.09090909090909091,22,21,GCTCGGAGAATCTTAGAGTT,1,4606156
ybeDp,1.3181818181818181,49,21,GCTATTCCACGCAATTGCAT,28,4604117
ybeDp,1.1363636363636365,45,21,GCTAGGAATCACATACCAGC,24,4678271
ybeDp,2.4545454545454546,74,21,GCGGTTGACAGGCCATCATG,53,4664157
ybeDp,2.1818181818181817,68,21,GCGCAATAGCCTGATCAACT,47,4641278
ybeDp,0.22727272727272727,25,21,GCGATAAAGGTTAAATGATG,4,4639633
ybeDp,0.18181818181818182,24,21,GCGAACCCTGTAGCTCGAAG,3,4658068
ybeDp,0.09090909090909091,22,21,GCCCTGTTCCATGCAGTAAT,1,4664132
ybeDp,1.5909090909090908,55,21,GCCCGAATGTGGGTCATTTA,34,4621584
ybeDp,1.6818181818181819,57,21,GCCATTAGCGATGGAAGCGT,36,4676890
ybeDp,7.863636363636363,193,21,GCCAGGCCGGTTGTCTAGGG,172,4686712
ybeDp,2.0,64,21,GCAGTCAAGACCTCGACGTC,43,4607443
ybeDp,1.5909090909090908,55,21,GCAAGGCAGGACCGGAAGGT,34,4621957
ybeDp,0.7272727272727273,36,21,GATGTCGAGCCGGCATTATG,15,4611471
ybeDp,1.9090909090909092,62,21,GATGGTTGTGTCTACAACAG,41,4662334
ybeDp,3.227272727272727,91,21,GATGCTCGGTCGTTGTTTTG,70,4669031
ybeDp,1.0,42,21,GATAAGCCTCTTACTTCATG,21,4631057
ybeDp,1.4090909090909092,51,21,GAGCTTCGCATCCACCCCCG,30,4680510
ybeDp,0.13636363636363635,23,21,GAGAAGTATTTGAGCCCACT,2,4648980
ybeDp,1.6818181818181819,57,21,GACTTAGCATTGACTGGGTC,36,4612707
ybeDp,0.6818181818181818,35,21,GACGCTGTACAGGTCACGGA,14,4624602
ybeDp,0.5,31,21,GAAGACCGAGCGTGGCGGCT,10,4608168
ybeDp,0.7272727272727273,36,21,GAACCGTAATAGACCATCAA,15,4636631
ybeDp,3.5,97,21,GAAAGAGCAGTATCACTGGT,76,4627182
ybeDp,0.09090909090909091,22,21,CTTTTCCGGTCGTCCTCCGA,1,4654934
ybeDp,0.45454545454545453,30,21,CTTTGGAAAGACCCTATGTT,9,4604982
ybeDp,0.36363636363636365,28,21,CTTTACTAGGGCTGGTTTGA,7,4668453
ybeDp,0.8636363636363636,39,21,CTTCGGCTTAGGAACTTATG,18,4681982
ybeDp,0.8636363636363636,39,21,CTTCGCTCATCTAAGCGTAC,18,4676778
ybeDp,0.45454545454545453,30,21,CTTAACTGATTTTCAATTAG,9,4643201
ybeDp,2.8181818181818183,82,21,CTGTTACATACAGGTGGATC,61,4615536
ybeDp,0.45454545454545453,30,21,CTCTCGTCTCTGTCAGTGCA,9,4619486
ybeDp,0.9090909090909091,40,21,CTCGTTGGACTAGACAGTGT,19,4637369
ybeDp,1.2272727272727273,47,21,CTCACCTCGCTTATTGCCTG,26,4646243
ybeDp,3.0,86,21,CTATTCAGGGTATTTGCAGT,65,4678579
ybeDp,1.9545454545454546,63,21,CTACGCGGGCCTCTAAGGAC,42,4619366
ybeDp,1.4090909090909092,51,21,CTACGCCCAGCAGGTACCTT,30,4616897
ybeDp,0.09090909090909091,22,21,CGTCTTTATAGATTGGTGAA,1,4661074
ybeDp,0.7727272727272727,37,21,CGTACCATCGATGGCTGCGA,16,4634785
ybeDp,2.6818181818181817,79,21,CGGTAGCACGTTCCTATGTG,58,4635397
ybeDp,1.9545454545454546,63,21,CGCGGGTGGCACTCCGCGCA,42,4618880
ybeDp,0.13636363636363635,23,21,CGCATGGGTCGCGGGGCGAG,2,4684232
ybeDp,1.1363636363636365,45,21,CGCATCGCGAGAGGTCATCT,24,4622669
ybeDp,1.0454545454545454,43,21,CGAGATTGGGAGGCACTAGA,22,4663333
ybeDp,1.2727272727272727,48,21,CGACCTGGGGTGAGAGCACT,27,4681983
ybeDp,3.227272727272727,91,21,CCTGTCACGTACCCTCGAAA,70,4662854
ybeDp,7.181818181818182,178,21,CCTCGGCCCCCGTTAGTTGT,157,4671088
ybeDp,1.0909090909090908,44,21,CCTCATTGCGTTGCAAGCGT,23,4601257
ybeDp,0.09090909090909091,22,21,CCTATAAGGCGGACGGAGTT,1,4666491
ybeDp,0.6363636363636364,34,21,CCCTTGACCGGCTTTGAGGT,13,4636898
ybeDp,2.409090909090909,73,21,CCATATGTGACAGCCTCGAG,52,4656287
ybeDp,1.4090909090909092,51,21,CCACCGCACAAGCGAGAGGT,30,4622099
ybeDp,1.3636363636363635,50,21,CATGCCACCAAAGATTGGAT,29,4657884
ybeDp,0.13636363636363635,23,21,CATCTACTATGTCTCCGTTA,2,4617476
ybeDp,1.6363636363636365,56,21,CATAAGCACAGTGGAGCTCA,35,4667862
ybeDp,3.227272727272727,91,21,CATAACGTCCCCATGTTTAG,70,4685730
ybeDp,2.409090909090909,73,21,CAGTCGGATCTGGTATCCTC,52,4609568
ybeDp,1.2272727272727273,47,21,CAGGATTCAATGTACGGACA,26,4629556
ybeDp,0.7272727272727273,36,21,CAGCCTACAACTTCTTCGTC,15,4644591
ybeDp,0.09090909090909091,22,21,CACTCGCCTAGCTGATCCAA,1,4625710
ybeDp,1.7727272727272727,59,21,CACTCGACCATGAGGATAAC,38,4636867
ybeDp,0.9090909090909091,40,21,CACTAGCGTCTGAGGGCGCA,19,4662631
ybeDp,0.8181818181818182,38,21,CACGACGACGAATTAGAATT,17,4676264
ybeDp,0.4090909090909091,29,21,CACATCAAGTTAAGTTCTGC,8,4682581
ybeDp,0.22727272727272727,25,21,CAAGTCCTGTCACGTCTGGC,4,4651602
ybeDp,0.8181818181818182,38,21,CAAGCAACTGATGGTTCAGC,17,4646386
ybeDp,0.09090909090909091,22,21,CAACGGCACAGGATTAAAAT,1,4667325
ybeDp,0.22727272727272727,25,21,CAACGCACATCGGCATAAAG,4,4632159
ybeDp,1.0454545454545454,43,21,CAAAGTGTAACGCATTGCAG,22,4612477
ybeDp,1.8636363636363635,61,21,CAAAAGGGTGCGATATGTGC,40,4606361
ybeDp,4.0,108,21,ATTTGGCACACTAGGAGCCG,87,4637519
ybeDp,0.5454545454545454,32,21,ATTCCGAGGAGTGAACACCC,11,4639365
ybeDp,1.5909090909090908,55,21,ATGTGTGGTAAATGCCATCC,34,4637971
ybeDp,1.0909090909090908,44,21,ATGGATTGGCTGCCCGAAAC,23,4635029
ybeDp,0.36363636363636365,28,21,ATGAGAAGCATCACGAGCAG,7,4669171
ybeDp,0.2727272727272727,26,21,ATCGTTGGTTTAAAGACGCA,5,4660311
ybeDp,7.863636363636363,193,21,ATCGGGGGGTCCCTTAAGTG,172,4641006
ybeDp,1.0454545454545454,43,21,ATCGACTCTTTCTCCACACT,22,4631138
ybeDp,2.727272727272727,80,21,ATCCGGAATTTCAGCTCTGT,59,4673136
ybeDp,0.4090909090909091,29,21,ATCACGATACATCAGTACGA,8,4630052
ybeDp,0.9545454545454546,41,21,ATAGTCAAGTCGCTTCTAAG,20,4621769
ybeDp,0.6363636363636364,34,21,ATAGACTCTACCCCATGATT,13,4674478
ybeDp,2.909090909090909,84,21,ATAGAATCATACACCCGTAA,63,4621304
ybeDp,0.45454545454545453,30,21,ATACGTGCATCGTTACCCGA,9,4683888
ybeDp,1.4090909090909092,51,21,ATAATATTAACACTGACGCC,30,4686129
ybeDp,0.8636363636363636,39,21,AGTTTAAAAAGGTGGGCCCA,18,4669197
ybeDp,0.6818181818181818,35,21,AGTCGCACTCGGGGTGGGCA,14,4605924
ybeDp,0.09090909090909091,22,21,AGTATCCAGTCGCTATAGCT,1,4601617
ybeDp,0.8636363636363636,39,21,AGTAGGTTCCGTGACGCTGT,18,4681402
ybeDp,3.5,97,21,AGGCGAGGTCCCCGTACGAT,76,4681690
ybeDp,0.18181818181818182,24,21,AGCTCTCTCATGTTTGAGAT,3,4629393
ybeDp,0.5909090909090909,33,21,AGCCCGATGCTCCTGACGAT,12,4614487
ybeDp,0.5454545454545454,32,21,AGATGTGTTCCTGACTTGGC,11,4624082
ybeDp,0.09090909090909091,22,21,AGATGCATTTCACCTTCGGG,1,4629368
ybeDp,3.272727272727273,92,21,ACTTTCCCATCCGATACTTG,71,4625407
ybeDp,4.181818181818182,112,21,ACTTGTCAATGCGTAGCCCA,91,4673221
ybeDp,1.4090909090909092,51,21,ACTGTCAATTAGTTCGTCCT,30,4687988
ybeDp,0.6363636363636364,34,21,ACTGGGGACAAAAACACAGT,13,4627012
ybeDp,2.090909090909091,66,21,ACTGCCGGTGCACTGCAACT,45,4649621
ybeDp,0.4090909090909091,29,21,ACTCCAGACTGGTGACAAAC,8,4624694
ybeDp,1.9545454545454546,63,21,ACTACCGGGCCTGGCCCTCT,42,4625615
ybeDp,2.6818181818181817,79,21,ACGTCCTGGCCCAAAGAGAT,58,4607585
ybeDp,0.13636363636363635,23,21,ACGCGCACTTGTTCGTAGTA,2,4626532
ybeDp,1.1818181818181819,46,21,ACGAGAACTATAAACGAAAG,25,4630814
ybeDp,0.5,31,21,ACGAACTCCATATGGGTGAC,10,4607342
ybeDp,7.409090909090909,183,21,ACCTATTCGCCGACATAGCT,162,4626743
ybeDp,0.22727272727272727,25,21,ACCGTATTGTTTTTCGCACT,4,4602121
ybeDp,0.6363636363636364,34,21,ACCGGACCCGTAACAAATTG,13,4650223
ybeDp,1.2272727272727273,47,21,ACCCGATCAATTGGGTTATA,26,4664196
ybeDp,0.09090909090909091,22,21,ACCCGAGGCAGGTATTAACT,1,4617764
ybeDp,1.8181818181818181,60,21,ACAGTTAGAGTCAGTCCTAA,39,4615200
ybeDp,0.45454545454545453,30,21,AATCTAATTTGGCACATGGT,9,4615380
ybeDp,1.9545454545454546,63,21,AAGGGCAGGGTTACCTCGCT,42,4636067
ybeDp,0.7272727272727273,36,21,AACTCCAATCACTCCTCTAA,15,4655458
ybeDp,0.5909090909090909,33,21,AACCCGCAACCAGGAAGATA,12,4638890
ybeDp,4.590909090909091,121,21,AAAGCGTCGCCTCAGGTAGC,100,4664281
ybeDp,0.7727272727272727,37,21,AAACTTTAGTATGTTCGCAG,16,4606037
ybeDp,2.3181818181818183,71,21,AAACTAGCACAATCCGTACC,50,4679451
ybeDp,0.9090909090909091,40,21,AAACAGCATAAATGCCTATA,19,4630449
ybeDp,3.0476190476190474,83,20,TTTCACAGTTGGTACGTTTG,63,4654734
ybeDp,0.6666666666666666,33,20,TTTATAATTTGGAGATAGTG,13,4643854
ybeDp,2.6666666666666665,75,20,TTTAACATCAAAAGATGGAC,55,4654014
ybeDp,1.2380952380952381,45,20,TTGAGGAGTATCACTGCCCT,25,4618702
ybeDp,0.7142857142857143,34,20,TTCATCCGCCTGCAAAGTAA,14,4673411
ybeDp,0.19047619047619047,23,20,TTAGGAGGCGCGCCTACAAA,3,4674951
ybeDp,0.9047619047619048,38,20,TTAGCGCTGCTTAACGCCGT,18,4610689
ybeDp,1.380952380952381,48,20,TTAGCGAGGGACTTGTAGCT,28,4601583
ybeDp,0.14285714285714285,22,20,TTAAAACCGAGCTTCACCGT,2,4608512
ybeDp,4.571428571428571,115,20,TGTTGAGTGTGACTACCGTA,95,4654507
ybeDp,0.6666666666666666,33,20,TGTTATGTATAGACTGATCA,13,4652765
ybeDp,2.1904761904761907,65,20,TGTGACTATCGTCGAGGTGT,45,4612871
ybeDp,1.2380952380952381,45,20,TGGGCAGCTTGCATCGACAC,25,4618689
ybeDp,3.7142857142857144,97,20,TGGGATGCAGTTGATCGGGG,77,4609666
ybeDp,0.6190476190476191,32,20,TGGAGAGGCAAATTAGCCGT,12,4638173
ybeDp,0.14285714285714285,22,20,TGCTAGTATAGTAGGTATGT,2,4665615
ybeDp,0.8571428571428571,37,20,TGCCTTGCAGTGAGTACCAA,17,4668977
ybeDp,3.142857142857143,85,20,TGCATGACCGCGTAGTCAAC,65,4662662
ybeDp,1.2380952380952381,45,20,TGCAACGGCAAATTCCCTTT,25,4684869
ybeDp,0.7619047619047619,35,20,TGAGCTCTCACTACTGTCGC,15,4660614
ybeDp,1.2857142857142858,46,20,TGAGACGTCGAAGAGTAAAG,26,4683358
ybeDp,1.0952380952380953,42,20,TGACTCCCCGGTCGCACTGG,22,4656749
ybeDp,1.619047619047619,53,20,TGAATCACTGGAGCTGATCT,33,4666919
ybeDp,1.5238095238095237,51,20,TCTCGTTCCTTGGTACTCGG,31,4626528
ybeDp,1.2380952380952381,45,20,TCTATGTGTGACATAATCGC,25,4604250
ybeDp,1.380952380952381,48,20,TCGTGTAAATGAGCGTACAG,28,4635907
ybeDp,1.4761904761904763,50,20,TCGATTTAGGGAATAGACCT,30,4651032
ybeDp,0.8095238095238095,36,20,TCCTGTCATTTTATGTTGGA,16,4671054
ybeDp,0.9523809523809523,39,20,TCCTACTTGTTGCCGTAAGT,19,4621397
ybeDp,0.9047619047619048,38,20,TCCGGAGCATCTAGGTGGGA,18,4628854
ybeDp,1.6666666666666667,54,20,TCCGCCTGCTCGAGCGAATT,34,4601041
ybeDp,0.09523809523809523,21,20,TCATGATTCCGCTATCGAAC,1,4624081
ybeDp,0.6190476190476191,32,20,TCATAACTCACTCTTCAGGT,12,4628720
ybeDp,1.7142857142857142,55,20,TCAGGAGCCTTTGGCTCGTA,35,4622416
ybeDp,0.19047619047619047,23,20,TCACCCGGGTAATACTTGCA,3,4612870
ybeDp,0.9523809523809523,39,20,TCACAAAGACGGCATAAAGT,19,4640318
ybeDp,1.3333333333333333,47,20,TATGGCATTCGCTTGCTACT,27,4670665
ybeDp,1.5238095238095237,51,20,TATCCGTTGACCTGTTACCT,31,4667989
ybeDp,4.428571428571429,112,20,TATCCACAGCACGTTTCAAG,92,4602829
ybeDp,0.38095238095238093,27,20,TATACGACCCCATTGATAAA,7,4615194
ybeDp,0.19047619047619047,23,20,TAGGACTGTAACGGTTAGAG,3,4647345
ybeDp,6.428571428571429,154,20,TACGAACGACGCGCCGACGC,134,4684235
ybeDp,1.0,40,20,GTTCACCAAACGTTGTGAAC,20,4664319
ybeDp,2.0952380952380953,63,20,GTTAATAGTTTCGGCTAGGA,43,4612757
ybeDp,0.14285714285714285,22,20,GTTAACCCGGGAGAGTGATG,2,4620223
ybeDp,2.0952380952380953,63,20,GTGTGATCGCGTTCACCCCC,43,4617948
ybeDp,0.9523809523809523,39,20,GTGTAACGTTTATTTTAGAT,19,4611357
ybeDp,1.1428571428571428,43,20,GTGGCGTATCATTAGGCATA,23,4603215
ybeDp,0.6666666666666666,33,20,GTGACGCTTATTTTCGTCAA,13,4611605
ybeDp,1.2857142857142858,46,20,GTCTGGGCTAGATCACTGAT,26,4604655
ybeDp,0.14285714285714285,22,20,GTCTGCAGAATCCGACCCCT,2,4653227
ybeDp,0.09523809523809523,21,20,GTCCTAATTGGGTCTCAGGT,1,4645710
ybeDp,1.1428571428571428,43,20,GTAGGGAGGATACATAGTAG,23,4639217
ybeDp,0.09523809523809523,21,20,GTAAGATCTATATAACGGGA,1,4622761
ybeDp,1.619047619047619,53,20,GGTTGCTGGAATTTTCGTGT,33,4619062
ybeDp,0.9047619047619048,38,20,GGTTCACTTTTTTTGGGCAA,18,4603021
ybeDp,0.8571428571428571,37,20,GGTTAAACAAACCGAGTACT,17,4683733
ybeDp,2.1904761904761907,65,20,GGTGGAGCGGGTCATGCTAT,45,4639293
ybeDp,0.19047619047619047,23,20,GGTAGTTGTGGCGCTCATGG,3,4614822
ybeDp,1.6666666666666667,54,20,GGTACGCAGAGCTCTCGTTA,34,4639242
ybeDp,2.9523809523809526,81,20,GGGTTTTGATCATTTAGAGT,61,4678755
ybeDp,22.142857142857142,484,20,GGGTACTAAGTTCTATATAC,464,4637838
ybeDp,2.761904761904762,77,20,GGGGCACTCATACTTATTAC,57,4611745
ybeDp,1.0476190476190477,41,20,GGGAGTATCAATCACAATTT,21,4686955
ybeDp,52.095238095238095,1113,20,GGCTGAAGCAAGGCTGGGAA,1093,4685115
ybeDp,1.9047619047619047,59,20,GGCCTCACCATGTAGACACA,39,4655631
ybeDp,2.238095238095238,66,20,GGCAGATGATCGGTGATTCT,46,4648337
ybeDp,0.8095238095238095,36,20,GGACACCTGAAATGAATAGT,16,4656598
ybeDp,2.2857142857142856,67,20,GGAACTGAGCCTCGGGTCGA,47,4613555
ybeDp,1.0,40,20,GCTCGATGTCCACTCCGCTC,20,4661179
ybeDp,0.2857142857142857,25,20,GCTATAACCACGTACGTATA,5,4645992
ybeDp,0.42857142857142855,28,20,GCGGGGTCTATCTACACAGC,8,4667179
ybeDp,0.09523809523809523,21,20,GCGGATTACTCCATGTGTCA,1,4634600
ybeDp,1.0476190476190477,41,20,GCGGAAAAGGTACGCGGGTG,21,4640059
ybeDp,0.9523809523809523,39,20,GCCTGACCCTGTCCGCGGTA,19,4637569
ybeDp,2.0952380952380953,63,20,GCCTCTGGGCTCAAGATTCG,43,4617417
ybeDp,0.5238095238095238,30,20,GCCGGGGCCTGATACACCAA,10,4651191
ybeDp,0.09523809523809523,21,20,GCCGGCATACGGGTGGCTAT,1,4662266
ybeDp,2.0,61,20,GCATGCGTGATCCGTTAGCT,41,4613781
ybeDp,0.9047619047619048,38,20,GCAATACCAATTGCATAATG,18,4605533
ybeDp,4.333333333333333,110,20,GATTCCTTTAGGGCCTCTGG,90,4678550
ybeDp,1.9047619047619047,59,20,GATACTGGAACTGATCAGCA,39,4678805
ybeDp,0.09523809523809523,21,20,GATAAAAGCTGCGCGGGGAA,1,4623532
ybeDp,4.333333333333333,110,20,GAGGTGATAACCGCGTCAAG,90,4608459
ybeDp,1.2857142857142858,46,20,GAGGCGCAGTAAGCCTGTCC,26,4636374
ybeDp,1.0,40,20,GACCGCCGCGTACGATCAGT,20,4661774
ybeDp,2.4761904761904763,71,20,GAAGGGCTCTATTTGTATTC,51,4639049
ybeDp,1.6666666666666667,54,20,GAAGCTACCAGCTGCCGGAC,34,4650552
ybeDp,1.3333333333333333,47,20,CTTATAAGTAAACCCCGTTT,27,4621898
ybeDp,2.0,61,20,CTGTGTGGGATAGGAATAAT,41,4662354
ybeDp,3.0476190476190474,83,20,CTGGGACGACGCATTACATG,63,4649559
ybeDp,1.4285714285714286,49,20,CTGCTGAGTTGCCCTAAGGA,29,4613392
ybeDp,0.09523809523809523,21,20,CTGAGCGTGGCGGGCTTAAG,1,4606665
ybeDp,1.3333333333333333,47,20,CTCTTCGATAATGGCGGGTT,27,4657551
ybeDp,0.9047619047619048,38,20,CTCCACGTTCAGTGGAAAAC,18,4669328
ybeDp,0.2857142857142857,25,20,CTCAATGAAAATGGGGTCCA,5,4643129
ybeDp,2.6666666666666665,75,20,CTAGGTTATATTATTTCTGT,55,4653031
ybeDp,0.7142857142857143,34,20,CTAGCTCCACTTTAAACTTA,14,4668808
ybeDp,1.0,40,20,CTAAGATCGGTGTATCGGTT,20,4668115
ybeDp,0.38095238095238093,27,20,CGTTGGCGGCCACCTCAACT,7,4619594
ybeDp,1.8571428571428572,58,20,CGTGAGGTACGTAGCGCCAA,38,4649423
ybeDp,3.4285714285714284,91,20,CGTCCGAAAACTTTAATACT,71,4643851
ybeDp,1.8095238095238095,57,20,CGTCCCTGGGTGTGTGTAGG,37,4631993
ybeDp,0.6190476190476191,32,20,CGTCCATCATTGTTGTATGA,12,4609303
ybeDp,2.3333333333333335,68,20,CGGTAGGATAGCTCGCCCGC,48,4673645
ybeDp,3.9523809523809526,102,20,CGGGTTTATAGATTGCTAAC,82,4607071
ybeDp,2.8095238095238093,78,20,CGCTCCTTTCACAGCGCATG,58,4609557
ybeDp,1.8571428571428572,58,20,CGCTAGACGATGAAGTGCTG,38,4677738
ybeDp,1.5238095238095237,51,20,CGCGAAAAGCAATGTTGTTA,31,4635675
ybeDp,1.0476190476190477,41,20,CGCAGAGTTCGTGCCCTCGA,21,4664282
ybeDp,0.09523809523809523,21,20,CGATTAGACGGAAGAGTCAA,1,4633166
ybeDp,1.2857142857142858,46,20,CGATCCAACGCTCTAATAGT,26,4655028
ybeDp,0.6666666666666666,33,20,CGAGTGATCAACCCTTCCGT,13,4665624
ybeDp,2.5238095238095237,72,20,CGACCAGTAACGCAGGGGTA,52,4621536
ybeDp,0.38095238095238093,27,20,CGAATGCAAGGGTGGGAAAG,7,4659150
ybeDp,0.09523809523809523,21,20,CCTTCGCGGCGGACTCTAAC,1,4640746
ybeDp,1.8571428571428572,58,20,CCTGGCTCCAAGGGTATTTG,38,4646595
ybeDp,1.8095238095238095,57,20,CCTCGCTAGTGAATAACGAA,37,4665264
ybeDp,0.09523809523809523,21,20,CCTAGACCAGCAAACAAAGA,1,4614564
ybeDp,0.09523809523809523,21,20,CCTAATAGATACGTTTACTG,1,4616868
ybeDp,0.9523809523809523,39,20,CCGCGAGTTATTCGTGGTGT,19,4665219
ybeDp,0.47619047619047616,29,20,CCGAGCCGAGTGGCTTGCGT,9,4640858
ybeDp,1.0952380952380953,42,20,CCGACCGATACACACTACAT,22,4625904
ybeDp,2.6666666666666665,75,20,CCCTGTAGCTAATATTGTCC,55,4602166
ybeDp,2.238095238095238,66,20,CCCTATGGTATCCCATGCAT,46,4619128
ybeDp,1.1904761904761905,44,20,CCCGTGACGATCGTATAGTA,24,4629476
ybeDp,0.8095238095238095,36,20,CCCCGCGCTAGCGCCGACAT,16,4617718
ybeDp,4.761904761904762,119,20,CCCCAAACTGCGCTATTCCT,99,4608297
ybeDp,3.2857142857142856,88,20,CCCATTGATTTGACACCTAT,68,4622097
ybeDp,1.0476190476190477,41,20,CCCATAGGGCTCTTGAGTTA,21,4620079
ybeDp,1.2857142857142858,46,20,CCATTGGTGTCCTCTGTAAT,26,4617482
ybeDp,0.09523809523809523,21,20,CCAATTGTCAGTGTTACTGA,1,4611441
ybeDp,0.6666666666666666,33,20,CATTGTCTTCATGTGACAAG,13,4667586
ybeDp,0.14285714285714285,22,20,CATTATTCCAAGCTGGCGAG,2,4650606
ybeDp,0.8095238095238095,36,20,CATGATTGGCAGGCGTAAAA,16,4611390
ybeDp,0.6190476190476191,32,20,CATCAGTTTTCTAGGGGGAC,12,4641274
ybeDp,4.0476190476190474,104,20,CATATCATGACGCTATGGAA,84,4655365
ybeDp,0.09523809523809523,21,20,CATACTACCAAGGGCACAAC,1,4618307
ybeDp,1.7619047619047619,56,20,CAGTGATCGTCAGTAGATTT,36,4683104
ybeDp,1.2380952380952381,45,20,CAGTCACTCCAACCTCAAAC,25,4673270
ybeDp,3.7142857142857144,97,20,CAGGTTGCCTTCTACACCCT,77,4681666
ybeDp,0.9047619047619048,38,20,CACTATTGGTTCAGCCGTTC,18,4652564
ybeDp,0.8571428571428571,37,20,CACGTCTTCGCTTTGTGATA,17,4657374
ybeDp,0.7619047619047619,35,20,CACGCCACGTCCGTGGACCC,15,4653061
ybeDp,0.6666666666666666,33,20,CACGACTTGCTGGGGTTACA,13,4673640
ybeDp,0.5714285714285714,31,20,CACAGCCCCATAGAGCACCA,11,4641931
ybeDp,0.42857142857142855,28,20,CAAATTCGCTCGCCTAACAG,8,4620205
ybeDp,4.619047619047619,116,20,CAAATCGTGGACGCAGACAG,96,4644972
ybeDp,20.61904761904762,452,20,ATTTAAAGGCGGCTTCGGCT,432,4672252
ybeDp,1.380952380952381,48,20,ATTCATGACTCGGTCTACAT,28,4622995
ybeDp,0.19047619047619047,23,20,ATTAGTATGAGGCCTATTCT,3,4609852
ybeDp,0.38095238095238093,27,20,ATTACACATATGTGTCACAG,7,4676339
ybeDp,0.14285714285714285,22,20,ATGTTGAGGTTGTTACGGAA,2,4654765
ybeDp,1.1428571428571428,43,20,ATGGCCGTAACTTACAGTTT,23,4640824
ybeDp,0.5714285714285714,31,20,ATGCGAGTCCTAGCCCGCGT,11,4671891
ybeDp,0.09523809523809523,21,20,ATGCCCCTGCCAATGGTGAT,1,4604377
ybeDp,0.2857142857142857,25,20,ATCTACACATCCGACACCTG,5,4629069
ybeDp,0.6190476190476191,32,20,ATCGTTAGAAACTTGTATAC,12,4620127
ybeDp,0.7619047619047619,35,20,ATAAGCCCGGAACATACGAT,15,4687258
ybeDp,0.3333333333333333,26,20,ATAACAGTTATTTCATGTCG,6,4681577
ybeDp,0.38095238095238093,27,20,AGTTTTACAGTCTATATCGA,7,4680354
ybeDp,1.2857142857142858,46,20,AGTTCTTCGAGGAAGGGATA,26,4667265
ybeDp,0.5714285714285714,31,20,AGTCCGGGCCAAACAGCATC,11,4670445
ybeDp,2.0,61,20,AGGTAACACATCCGGATCGA,41,4671475
ybeDp,3.857142857142857,100,20,AGGCTCTTTGAGAATCGCCC,80,4654448
ybeDp,3.6666666666666665,96,20,AGCGGCTTTCCCCTTCGGCG,76,4618794
ybeDp,0.09523809523809523,21,20,AGCGATTTTCTATGCACAGA,1,4649078
ybeDp,1.2857142857142858,46,20,AGCCTTGCCGTGTTTTGGAA,26,4646557
ybeDp,0.09523809523809523,21,20,AGCCGATGGTGGGGAAGGAC,1,4619944
ybeDp,2.3333333333333335,68,20,ACTTACCATCACGTCCGGTT,48,4622017
ybeDp,0.38095238095238093,27,20,ACTTACAATGTTTTGCGGAC,7,4637612
ybeDp,0.09523809523809523,21,20,ACTGCAACTTAAACTTACAT,1,4620131
ybeDp,1.380952380952381,48,20,ACTGATCCAAAACTCCGAAA,28,4656555
ybeDp,0.2857142857142857,25,20,ACTCTACTGTGTAAGAGTCA,5,4684164
ybeDp,4.0,103,20,ACTCCGCAATGAGGGTAACT,83,4651711
ybeDp,4.285714285714286,109,20,ACTAACGAACCAGAAGTTTG,89,4642000
ybeDp,0.8095238095238095,36,20,ACGTGGAGAAGAAGACCTTG,16,4676926
ybeDp,2.0,61,20,ACGTAAGCAGCGGCACCCTT,41,4646246
ybeDp,7.476190476190476,176,20,ACGCGGAATGGACTTGGCAT,156,4660743
ybeDp,2.2857142857142856,67,20,ACGATATCCAAGATGCTTCA,47,4643370
ybeDp,0.14285714285714285,22,20,ACCTCATCATTCTCCCCACG,2,4645445
ybeDp,0.42857142857142855,28,20,ACATTGACAATCGCGCTCCT,8,4679641
ybeDp,1.380952380952381,48,20,ACATGAACTAAGTATGAGAA,28,4607987
ybeDp,0.19047619047619047,23,20,ACAGGTGCAACGAAAACTCG,3,4632003
ybeDp,0.09523809523809523,21,20,ACACAAGATGGGAAATCGAA,1,4613779
ybeDp,0.09523809523809523,21,20,ACAAGGGACAGGAAGGCCCC,1,4632662
ybeDp,0.5238095238095238,30,20,ACAAGCGTGGGTATTTAGGA,10,4619793
ybeDp,0.47619047619047616,29,20,AATTGTATTTTGCGCTAGGC,9,4616310
ybeDp,0.09523809523809523,21,20,AATTGGGCAAGGGTAGATCA,1,4640385
ybeDp,0.7142857142857143,34,20,AATGTGGACGCGTCACATGC,14,4619416
ybeDp,0.23809523809523808,24,20,AAACGACTTGGGTTATAACT,4,4677594
ybeDp,0.3333333333333333,26,20,AAAATCATGCCATGATCTGG,6,4621003
ybeDp,0.3,24,19,TTTCGATTTATGCATTATGT,5,4611121
ybeDp,2.65,71,19,TTGTCAATATACCAGGGCAA,52,4608698
ybeDp,1.3,44,19,TTGTAGTATTCCAGAAAGAT,25,4627359
ybeDp,1.4,46,19,TTGGTGGTCGATGATCACCG,27,4660088
ybeDp,0.15,21,19,TTGGTCAGCTCGCACGTCTG,2,4621674
ybeDp,0.8,34,19,TTATTTCGCTGTACAAATAA,15,4652814
ybeDp,0.9,36,19,TTATAACCTGCTATGGCGGC,17,4634711
ybeDp,0.35,25,19,TTACTCCGGGACGCTGTGCC,6,4636355
ybeDp,1.45,47,19,TGTGTTGCCAGACTGAGCGG,28,4676450
ybeDp,1.35,45,19,TGTGAGGAGTTAGTGCACGA,26,4662319
ybeDp,0.1,20,19,TGTAGGAAACCAATGTATCT,1,4638512
ybeDp,0.1,20,19,TGTACTGTGCGAATACCACA,1,4612533
ybeDp,1.75,53,19,TGGGTCGGGCCGACTTGAAA,34,4623291
ybeDp,0.9,36,19,TGGGCCTTTTTATTCGTACT,17,4627809
ybeDp,2.2,62,19,TGGACCCACATGCTCATACC,43,4660087
ybeDp,1.3,44,19,TGCCGGTAGTGTGCCCCTAA,25,4661221
ybeDp,9.35,205,19,TGCAGCTCACTACGACAAGT,186,4634999
ybeDp,0.6,30,19,TGATATTCCATCATCTGACG,11,4673896
ybeDp,2.75,73,19,TGAGTTGCCCTGCAGTGACG,54,4653877
ybeDp,3.6,90,19,TGACTTTTGATCTTTTGCTG,71,4636166
ybeDp,0.55,29,19,TGACGTTCAGATACCGGTCG,10,4627401
ybeDp,0.25,23,19,TCTTCAACGCCGTTGGTTAC,4,4667655
ybeDp,0.85,35,19,TCTGTGTTCGTTTTCCCCGG,16,4662292
ybeDp,1.6,50,19,TCTGTGCCCTCCGCAATCCA,31,4623726
ybeDp,1.25,43,19,TCTCTAGGTCAACAGCTGCG,24,4603343
ybeDp,0.85,35,19,TCTCGCGAAGGACACCATCA,16,4624273
ybeDp,0.65,31,19,TCGTGAAGACAGCATTATCC,12,4610440
ybeDp,0.9,36,19,TCGGGCAAACGGCCACCTGC,17,4646450
ybeDp,1.3,44,19,TCGACTACATTGATACCTTG,25,4614796
ybeDp,0.5,28,19,TCGAATCGGACCATTAAAGC,9,4606877
ybeDp,2.05,59,19,TCCTGTTTCAGTATAGGTCT,40,4652626
ybeDp,2.35,65,19,TCCCGACACCGCGATGTTCT,46,4622400
ybeDp,1.35,45,19,TCCCCTCAGCAGGGACGGCC,26,4619417
ybeDp,4.15,101,19,TCAACGCGTGTTTGGGGGCA,82,4634373
ybeDp,2.2,62,19,TATGTCGTACGCATTCTGGG,43,4621524
ybeDp,1.3,44,19,TATGTAGCGTTGCTAAGCCG,25,4643027
ybeDp,4.85,115,19,TATCCGACATCGTGTAACTT,96,4612137
ybeDp,0.9,36,19,TAGAAATCTAGCTGTCGTGG,17,4630937
ybeDp,1.1,40,19,TACGGTTTCTGGATCAGCCA,21,4613806
ybeDp,1.05,39,19,TACCGGGTATCCGGTATAGC,20,4634324
ybeDp,9.15,201,19,TACCCCAAAGACAGCACTCC,182,4647954
ybeDp,6.6,150,19,TACAACGTGATCCAATATCT,131,4642001
ybeDp,3.1,80,19,TAATGCCTGGTCTAGTGAGC,61,4624644
ybeDp,1.8,54,19,TAAACGGAGCGCAACCTGCC,35,4679732
ybeDp,0.35,25,19,GTTTCCGGACTTGGTCCTAT,6,4637027
ybeDp,2.4,66,19,GTTGAAGCAAGGCCATGGCG,47,4629518
ybeDp,0.2,22,19,GTTATTCCTCTAGAGGCCAA,3,4639493
ybeDp,1.85,55,19,GTGGCGTACATTAGAGCTGG,36,4621230
ybeDp,1.1,40,19,GTGGCCGGGAGTTTGGCATG,21,4644327
ybeDp,1.35,45,19,GTGCTCACCGGCTCTTTATT,26,4634519
ybeDp,3.75,93,19,GTCTGATGGGGTTTGACTAT,74,4626560
ybeDp,6.2,142,19,GTCGGCCGGATTGGAGACGA,123,4654139
ybeDp,1.9,56,19,GTCATTCTAAATTAAAGTTG,37,4637766
ybeDp,0.1,20,19,GTAGTAAAAATGACGTGGTG,1,4676129
ybeDp,0.1,20,19,GTAGGGCTATTCTACCTCCG,1,4636869
ybeDp,0.8,34,19,GTACCAGAAGCCGCCATGAA,15,4606622
ybeDp,2.2,62,19,GTAAACTCCAGCGCGGTAGT,43,4659004
ybeDp,1.35,45,19,GGTGTGCGGGCGTTCGGCCA,26,4648886
ybeDp,1.4,46,19,GGTCAACAGGATGAGGTGGT,27,4617146
ybeDp,0.15,21,19,GGTAGCGGGGATTATGATCA,2,4622203
ybeDp,1.05,39,19,GGGTATAGGGTCATTATGCG,20,4679890
ybeDp,1.15,41,19,GGGCGCGTACTGCTTTTATA,22,4633035
ybeDp,1.65,51,19,GGCTCGCAGGCACCTAGGAT,32,4636019
ybeDp,0.1,20,19,GGCGAGGACCGCCTGGGTTG,1,4616368
ybeDp,1.55,49,19,GGAGTTGATGAATTCACATC,30,4651879
ybeDp,0.95,37,19,GGACACTGGTTTGGATCACC,18,4631546
ybeDp,0.8,34,19,GGAATACCTGGTGCGGGTCA,15,4638470
ybeDp,2.5,68,19,GCTTAGCTGACCCATCGGAA,49,4660488
ybeDp,1.2,42,19,GCTATACTATATATTCGGGA,23,4650468
ybeDp,0.55,29,19,GCGTTCACGGTGACCCGCAG,10,4644605
ybeDp,1.3,44,19,GCGTAGGTTTCGCACCTGGT,25,4662646
ybeDp,0.15,21,19,GCGCTTTTTATATCTAAAGA,2,4639907
ybeDp,3.4,86,19,GCGCGGGAGGCTGGCAGACA,67,4629757
ybeDp,0.55,29,19,GCGACGTAATATATTAGTGC,10,4613450
ybeDp,5.0,118,19,GCCTTGGTGTGATAGGAGGG,99,4651706
ybeDp,0.1,20,19,GCCTATATTTACTGGGTCGT,1,4669376
ybeDp,1.2,42,19,GCATTTCTGTTCCCTGTCAT,23,4611432
ybeDp,1.4,46,19,GCAGTCCATCTCCAGAGACT,27,4614027
ybeDp,1.25,43,19,GCAAGCATTGGGTACGGTAC,24,4615706
ybeDp,0.1,20,19,GATTTGTATTATGCGAAGTC,1,4675798
ybeDp,0.25,23,19,GATTGGGTTAAGATCATTCG,4,4614659
ybeDp,4.05,99,19,GATAGGTGTGTCCATAGATT,80,4660448
ybeDp,1.0,38,19,GATACTCCCTGTCCAAACTA,19,4614264
ybeDp,0.3,24,19,GAGGTTCCCGGTCTATTGCG,5,4629613
ybeDp,0.25,23,19,GACTTGATCAAGGCGCGGTA,4,4622618
ybeDp,0.2,22,19,GACTACGCTGAAAGTTCCAA,3,4613769
ybeDp,0.15,21,19,GACGGTCTCTAGATCCAGTG,2,4645972
ybeDp,0.65,31,19,GACCTCGAAAAGGGGCTTGC,12,4654876
ybeDp,0.95,37,19,GAATACTGAAGATTTGATAA,18,4650125
ybeDp,9.7,212,19,GAACGCTCTGCATCCAAGCA,193,4658347
ybeDp,0.95,37,19,GAACCGGTGTACGGTGGCAG,18,4644509
ybeDp,2.35,65,19,CTTCTGCACTGGAGCAACTT,46,4601770
ybeDp,0.95,37,19,CTTCTCGTATGTTGAGATTG,18,4611945
ybeDp,0.85,35,19,CTTACCTTGATGACTGCGCT,16,4628044
ybeDp,0.9,36,19,CTGTGTTATTGGCGAAACGG,17,4659880
ybeDp,8.3,184,19,CTGTCGCTCAGGATTGGGGT,165,4625967
ybeDp,0.8,34,19,CTGGCGTGTTTGGGGACGCA,15,4653016
ybeDp,7.6,170,19,CTCGTTTGCTTCTACAACCC,151,4628137
ybeDp,0.3,24,19,CTCCTTAGCGTGTACCGATC,5,4653116
ybeDp,23.05,479,19,CTATGACACATCATGACGGA,460,4672255
ybeDp,10.4,226,19,CTATCAATCATTGAACGGGT,207,4643617
ybeDp,1.95,57,19,CTACTATTGGACAGAGGGAG,38,4633010
ybeDp,1.9,56,19,CTACCTACATGAGCCCTAAG,37,4638639
ybeDp,1.95,57,19,CGTTTTTTGCAATTGCATTA,38,4631641
ybeDp,0.2,22,19,CGTTACCCTTGAGGTGACTT,3,4654478
ybeDp,0.15,21,19,CGTGTACAATGCCATAAGTT,2,4655360
ybeDp,0.85,35,19,CGTAAGCCTGTTTTGGTCTA,16,4665883
ybeDp,4.1,100,19,CGGTATTAACAAACCTCACT,81,4647921
ybeDp,1.0,38,19,CGGGGCAGGCACACTACAAG,19,4661210
ybeDp,5.85,135,19,CGGCGCGGGGTTGGTACGAT,116,4603336
ybeDp,1.45,47,19,CGCTGCTTACAAAAAAGAGC,28,4647060
ybeDp,2.2,62,19,CGCTCCGACTCGAGCTCGAA,43,4641339
ybeDp,0.1,20,19,CGCGCAGAGGGAACTCACAC,1,4625776
ybeDp,6.2,142,19,CGATCCGCTTTGCACAACGC,123,4605243
ybeDp,0.45,27,19,CGAGTTGTGTTGCACACGCT,8,4616788
ybeDp,1.4,46,19,CGACTATTGGCCCTGCTCGG,27,4676790
ybeDp,2.7,72,19,CGAAAGATTGCCGGCACTAT,53,4685536
ybeDp,2.45,67,19,CCTTTTGTTATATAGAATAT,48,4663160
ybeDp,1.15,41,19,CCTTAGCTCCTGGTTCATGG,22,4667644
ybeDp,0.1,20,19,CCTGCATGAAGAAGTTTACT,1,4656178
ybeDp,1.15,41,19,CCTGATAGAAGCCCGTCGGG,22,4678237
ybeDp,1.6,50,19,CCTCTTACTGCAAGCCTGAG,31,4646175
ybeDp,2.05,59,19,CCTATTTTCGGTGTCGATGC,40,4601275
ybeDp,1.65,51,19,CCGTGACTAAGGGCTATTGC,32,4619979
ybeDp,1.7,52,19,CCGCCGGTGAGAGTAGTACG,33,4630304
ybeDp,0.35,25,19,CCGAAAGGTTCTGTAAGAGC,6,4628260
ybeDp,0.55,29,19,CCCTCTCTTTCGCTAGAGGT,10,4654546
ybeDp,3.15,81,19,CCCGCGGTTCGGTTTGGAGG,62,4609438
ybeDp,1.3,44,19,CCCGAGAGCTCAGGCGGCTG,25,4604690
ybeDp,1.25,43,19,CCCACCCAATTGCTCCTAAG,24,4617371
ybeDp,2.6,70,19,CCATGTTGGATATGCTCCAA,51,4620530
ybeDp,2.8,74,19,CCACTTCTTTTTCTCCGGAC,55,4685029
ybeDp,0.55,29,19,CATGGAGGGCACGGTCGATA,10,4650989
ybeDp,0.1,20,19,CATGCCGGATTAGGACGGGT,1,4643828
ybeDp,0.1,20,19,CAGCCCGCATCTGGCCGAAC,1,4601504
ybeDp,1.7,52,19,CACATTTGATCAGCCGAGTA,33,4646458
ybeDp,0.1,20,19,CAAGGTAGGTGTGAAGCCCA,1,4612556
ybeDp,1.75,53,19,CAAGGGATGGCTGGGTTTGT,34,4675316
ybeDp,1.5,48,19,ATTTTGGCTGCAATGACGGA,29,4668951
ybeDp,0.85,35,19,ATTGTACCATCAAATATGAT,16,4645396
ybeDp,1.0,38,19,ATTGGGGGCAGCGAGGGAGT,19,4610200
ybeDp,0.1,20,19,ATTCTGACCATTATTAATGT,1,4676128
ybeDp,0.3,24,19,ATTAGTAGTGGAAACGGTCC,5,4618239
ybeDp,3.7,92,19,ATTAAAGGCGGGTAGGTGAC,73,4678025
ybeDp,2.85,75,19,ATGTAGAGGAGTATCTACTA,56,4622129
ybeDp,2.05,59,19,ATGCGCGCTAAAACCAGGGA,40,4646283
ybeDp,2.1,60,19,ATGAAGAGCCGGTCAAGAGT,41,4687268
ybeDp,0.1,20,19,ATCGGTACGCGTGAGTGGCA,1,4670229
ybeDp,0.5,28,19,ATCGATGAGCTACAATGTCC,9,4602119
ybeDp,2.1,60,19,ATCCCGTGTTTCTAATGAAG,41,4616233
ybeDp,0.75,33,19,ATCATTTGAAACGGCAAACA,14,4644002
ybeDp,3.5,88,19,ATACCCCGTGATCGGTATCG,69,4648885
ybeDp,2.0,58,19,ATACCCAACTAGATCTTCTT,39,4667466
ybeDp,0.15,21,19,ATAACCCTACAGGGCATCCA,2,4652793
ybeDp,1.75,53,19,ATAAAGCTAACTTACGCGTC,34,4675754
ybeDp,1.95,57,19,AGTTTCTCCAGAGACTGCTT,38,4611097
ybeDp,1.0,38,19,AGTCGCAGCAGGGGCGCAGC,19,4602664
ybeDp,0.1,20,19,AGTAAACTTGGCTGGTGGGA,1,4635317
ybeDp,2.85,75,19,AGGTTTCGCCGCATCGTACT,56,4684891
ybeDp,1.3,44,19,AGGCTCTGTGCTACGTCTGT,25,4643008
ybeDp,1.05,39,19,AGGCCTCGTCTCCATAGAGA,20,4685533
ybeDp,0.1,20,19,AGGAAACCCACCCTACGTCG,1,4617824
ybeDp,3.55,89,19,AGCGAGTGCGATGGGGGACT,70,4639388
ybeDp,0.1,20,19,AGCCGTGCTCGATCCAGTGC,1,4653013
ybeDp,3.0,78,19,AGCCGCAGTACAGCGGAATG,59,4609046
ybeDp,2.95,77,19,AGATCCCGCGTAAAACGCTC,58,4604094
ybeDp,0.45,27,19,AGAGAATTATGGGAGCACAT,8,4620982
ybeDp,1.0,38,19,AGACATTGGAGTGCTCAGCA,19,4654481
ybeDp,1.2,42,19,AGAATTGTATGGCTAAATTC,23,4680414
ybeDp,0.7,32,19,AGAAGGGACGAGAGAATCCC,13,4676608
ybeDp,0.8,34,19,AGAAAGTTTCCTTACCTTAG,15,4676645
ybeDp,0.3,24,19,ACTTGAATAACGGCCAGTGC,5,4614049
ybeDp,0.6,30,19,ACTTCCCATTTTAACAGCGT,11,4652416
ybeDp,3.1,80,19,ACTGAACTAACTAGAGGTAA,61,4648999
ybeDp,0.95,37,19,ACTCTTGGTTTCATTTGTAA,18,4644553
ybeDp,0.55,29,19,ACGTGGGGCGGGCGTAGGTA,10,4603418
ybeDp,1.3,44,19,ACGTCGTTATTTCTTAGGCA,25,4662472
ybeDp,1.2,42,19,ACGAGAGCTTTTTATGGCAT,23,4622417
ybeDp,1.1,40,19,ACGACGAAATGCTTCCATAG,21,4661368
ybeDp,0.1,20,19,ACCGAGACGTTCCATTGATT,1,4659347
ybeDp,0.55,29,19,ACCCTTCATCCTCGATACCA,10,4684078
ybeDp,1.2,42,19,ACAGGCTGTGGCGCCCCATC,23,4651097
ybeDp,1.45,47,19,ACAGCTGCTGCCGGCCCTGT,28,4618350
ybeDp,0.75,33,19,ACAGATTGGTCCAACGCGCT,14,4677002
ybeDp,2.85,75,19,ACACGTATGTACCCTCTCGT,56,4647873
ybeDp,0.1,20,19,AATGGGTTGCTTCCTAACTA,1,4648529
ybeDp,4.7,112,19,AATGGCTAAGCGCGCTAACG,93,4679546
ybeDp,5.65,131,19,AATGCGGCCTTGGCCGCTAG,112,4663096
ybeDp,10.7,232,19,AAGGAATACTGTCTACGAGA,213,4684361
ybeDp,1.6,50,19,AAGACTCGTGATAATAGTCT,31,4642761
ybeDp,1.15,41,19,AACTGCCTCCGATTGTCAAG,22,4659784
ybeDp,2.9,76,19,AACCAGGGTCCGCTGGGTGC,57,4621515
ybeDp,0.55,29,19,AAATGTGATGGATTGGAGGC,10,4619596
ybeDp,0.85,35,19,AAAGCGCTTAGTTATGACTG,16,4667278
ybeDp,1.1,40,19,AAAACGTAAGTTGGCTGTCT,21,4626247
ybeDp,0.8421052631578947,33,18,TTTTTTGAAATCGATCAGTC,15,4632394
ybeDp,1.4736842105263157,45,18,TTTTGGCCTATCATGTACAT,27,4646346
ybeDp,0.6842105263157895,30,18,TTTTCTCGTTTCTAATGCAT,12,4675687
ybeDp,1.4736842105263157,45,18,TTTCCAGTCCTGACGGCGTT,27,4634335
ybeDp,3.1052631578947367,76,18,TTTAACCTCTGGCGATTGAA,58,4647365
ybeDp,0.3157894736842105,23,18,TTGTTTCAGCGCAGAGTCGG,5,4606454
ybeDp,4.842105263157895,109,18,TTGTCCGGGAAAGCAATAAC,91,4657031
ybeDp,0.8421052631578947,33,18,TTGGTACAGCTCAAAACTTT,15,4645438
ybeDp,0.8947368421052632,34,18,TTGGGGGTAGCTGAAAGGAT,16,4611805
ybeDp,0.15789473684210525,20,18,TTGCGTCTTTTGGCGCTCAT,2,4608631
ybeDp,0.47368421052631576,26,18,TTCTGTTAGGAGTGGGCCGC,8,4645366
ybeDp,0.8421052631578947,33,18,TTCATGGGGTCTGATTCTAA,15,4677976
ybeDp,1.368421052631579,43,18,TTCACATGGCGCTCGTAGAC,25,4602158
ybeDp,0.15789473684210525,20,18,TTATTTGGTTCGATGGGAGT,2,4653278
ybeDp,4.052631578947368,94,18,TTATGAGTACAGGGGTCCTC,76,4684514
ybeDp,0.8421052631578947,33,18,TTAAAAACGCTGGGACTAGC,15,4653152
ybeDp,1.6842105263157894,49,18,TGTTTGGGCGCCATGAGAAA,31,4630932
ybeDp,0.42105263157894735,25,18,TGTTCGGGACGAGTTAACGG,7,4631402
ybeDp,4.052631578947368,94,18,TGTTACTCCCTGGTTTAGAT,76,4642089
ybeDp,1.7894736842105263,51,18,TGTTAACAGATACGGACGAG,33,4660271
ybeDp,1.631578947368421,48,18,TGTGACGGGCGCTTCGAGGT,30,4667703
ybeDp,0.10526315789473684,19,18,TGTCCTACATCAACCAAAAG,1,4630018
ybeDp,3.3157894736842106,80,18,TGTACCTGGCCCAAAACTAT,62,4613135
ybeDp,0.10526315789473684,19,18,TGTAAAACATCTGGCAAACA,1,4658282
ybeDp,0.47368421052631576,26,18,TGGTTCCGTTTAGTAGCAAG,8,4643074
ybeDp,1.7894736842105263,51,18,TGGGCTCATCCATGTCGTCG,33,4607879
ybeDp,1.736842105263158,50,18,TGGCGAGCGGGAGTCCATAC,32,4634228
ybeDp,0.42105263157894735,25,18,TGGAGAGCCTGTTAATCCAA,7,4619838
ybeDp,0.10526315789473684,19,18,TGCTACAGTAGAACGTCCAG,1,4613999
ybeDp,0.9473684210526315,35,18,TGCGTCCGCCCAACATCGGC,17,4671297
ybeDp,0.6842105263157895,30,18,TGCGTATATAAGAGGCTCCT,12,4631676
ybeDp,2.5789473684210527,66,18,TGCCGACCAATGCTAAATTG,48,4623173
ybeDp,2.4210526315789473,63,18,TGATACCCCAAGCCACGGGG,45,4641638
ybeDp,0.7894736842105263,32,18,TGAAGAATCCGCCCGGGCGA,14,4615713
ybeDp,2.789473684210526,70,18,TCTTCTTCAGTCGTCTATCT,52,4664465
ybeDp,0.5263157894736842,27,18,TCTTCAGTACTACACGACAC,9,4614877
ybeDp,0.7368421052631579,31,18,TCTTATGACTCGTAACCGCG,13,4641296
ybeDp,2.736842105263158,69,18,TCTTAAGGCGTGTTAAGATA,51,4613532
ybeDp,1.4210526315789473,44,18,TCTGGTAGAGGCTCATATAA,26,4661672
ybeDp,1.1578947368421053,39,18,TCGGTGCATCTTGTCAGTGT,21,4605909
ybeDp,1.0526315789473684,37,18,TCGACAATAAGGGGCTTAAA,19,4679737
ybeDp,2.8947368421052633,72,18,TCGAAATATGCACCTAACGT,54,4616011
ybeDp,1.0526315789473684,37,18,TCCTTCCCAAGTTAGTTCAG,19,4607259
ybeDp,3.3157894736842106,80,18,TCATCGAGTTCGATAGATAA,62,4628423
ybeDp,3.210526315789474,78,18,TCAGGCTACGGAAACGATCG,60,4655689
ybeDp,8.631578947368421,181,18,TCAGATGCGCCCCCCCCACA,163,4628989
ybeDp,3.4210526315789473,82,18,TCAAACGCGGGAATATACTG,64,4643259
ybeDp,0.21052631578947367,21,18,TATCTAAGGGTAGGCTCATG,3,4676893
ybeDp,12.526315789473685,255,18,TAGCTGCTTAACTTGCACAA,237,4677165
ybeDp,2.263157894736842,60,18,TAGCACTTTAGCAGAACCGT,42,4608606
ybeDp,0.10526315789473684,19,18,TACGTGCGGTTAGGTTTTTG,1,4637406
ybeDp,0.7894736842105263,32,18,TACGTACTGGCACCCTGGAT,14,4664885
ybeDp,1.3157894736842106,42,18,TACCGCCCTCCGCGGCCCGC,24,4653979
ybeDp,1.0,36,18,TACCCATTCCCTCGCAAGAC,18,4663801
ybeDp,4.631578947368421,105,18,TAATGGGACTGGCCCTTTCA,87,4627171
ybeDp,6.2631578947368425,136,18,TAATCGTCACCGACCGTCCT,118,4628625
ybeDp,4.157894736842105,96,18,TAAAAGGGGGAACAACAGAT,78,4635578
ybeDp,0.3157894736842105,23,18,GTTTGACGCGCATCGTACAA,5,4659250
ybeDp,1.5263157894736843,46,18,GTTCGACGCCCTTCCGGTTA,28,4680332
ybeDp,1.3157894736842106,42,18,GTTATCAGTGTTCCAGTAAG,24,4654995
ybeDp,0.2631578947368421,22,18,GTGCGTCACGCTACATACCT,4,4634254
ybeDp,0.21052631578947367,21,18,GTGCAAATGATCCGGTCCGT,3,4651615
ybeDp,3.3157894736842106,80,18,GTGATCCAACAGGGAATAGT,62,4633369
ybeDp,0.3684210526315789,24,18,GTGATAGCGTCCAGACAGCT,6,4606581
ybeDp,0.3157894736842105,23,18,GTGACGGTTGTTGCTGACAG,5,4669317
ybeDp,2.6315789473684212,67,18,GTCTGCACGTTTATCGGCAT,49,4621658
ybeDp,1.0526315789473684,37,18,GTCTGACAGCATATCGCGCA,19,4607875
ybeDp,1.1578947368421053,39,18,GTCTCAGTTGGCTAGCGTAA,21,4648945
ybeDp,1.5263157894736843,46,18,GTCCATGGCCGGAGTGGTGG,28,4681783
ybeDp,0.7368421052631579,31,18,GTCAGACACGGGTTCGACGT,13,4663588
ybeDp,1.6842105263157894,49,18,GTCACCCACGTCCGCGGAAT,31,4661899
ybeDp,0.3684210526315789,24,18,GTCACATACTTTTACGCAGA,6,4679390
ybeDp,0.47368421052631576,26,18,GTAATCTTGTTTTCATGTGC,8,4668052
ybeDp,2.8421052631578947,71,18,GTAACGGTGGTCGCTGCGGT,53,4626730
ybeDp,1.3157894736842106,42,18,GGTTGCCGTCCCTGTTTCAG,24,4646758
ybeDp,0.8421052631578947,33,18,GGTGTCGGCAACAGGTGGGA,15,4670261
ybeDp,5.2631578947368425,117,18,GGTGCTACCTCACAAGCATG,99,4684567
ybeDp,0.8947368421052632,34,18,GGTGAAACCTCAGGCGGTGT,16,4619666
ybeDp,0.3157894736842105,23,18,GGTCTTACTACGCATCTAGA,5,4624601
ybeDp,3.8947368421052633,91,18,GGTCAAGTTTAGCCGATCGA,73,4663722
ybeDp,0.6842105263157895,30,18,GGTAAGGAGAGCCCGCCAAA,12,4661773
ybeDp,0.3684210526315789,24,18,GGGTAGTATCTAAAACCTTA,6,4614749
ybeDp,1.8421052631578947,52,18,GGGGTAATCACGAGTTATTG,34,4649027
ybeDp,0.9473684210526315,35,18,GGGCTAGGCCCTTCGCGTGA,17,4660881
ybeDp,2.1578947368421053,58,18,GGGCACAAGACTGCATCATC,40,4604183
ybeDp,2.0,55,18,GGGAGAGTTTTCTCGGCAAT,37,4629781
ybeDp,1.6842105263157894,49,18,GGGACATAGGCCTGTAAGGT,31,4642091
ybeDp,2.1578947368421053,58,18,GGGAATACGCCCGCTGTTTT,40,4615468
ybeDp,3.6842105263157894,87,18,GGCGTGCTTTAGGGACATAA,69,4669953
ybeDp,0.10526315789473684,19,18,GGCGCGTTGCACACAGCCCT,1,4630273
ybeDp,0.47368421052631576,26,18,GGCCGCGAACCCGTCATGAT,8,4684999
ybeDp,2.1052631578947367,57,18,GGCACGGGGACAGGTAGTAA,39,4663465
ybeDp,0.5789473684210527,28,18,GGACAAGGCCTGCGTAGAAT,10,4654019
ybeDp,0.10526315789473684,19,18,GGAATATGCCGCAAAGGCGC,1,4627421
ybeDp,0.7894736842105263,32,18,GCTAGAGATTGGCCTGCGAT,14,4657966
ybeDp,0.8421052631578947,33,18,GCGTGCGCAAAGCAGCAACA,15,4614256
ybeDp,0.10526315789473684,19,18,GCGCTATCATGTACAGAGTC,1,4650044
ybeDp,0.5263157894736842,27,18,GCCTAGTCACAGAAACCGTT,9,4602399
ybeDp,0.47368421052631576,26,18,GCCCATAGTTCCGGGATTTA,8,4676347
ybeDp,2.210526315789474,59,18,GCATTTATAGAGAGGCTAAG,41,4660848
ybeDp,0.10526315789473684,19,18,GCAGTAGCGTTGGACAATCT,1,4618476
ybeDp,2.9473684210526314,73,18,GCACTTAGACATACGGCGCT,55,4624290
ybeDp,0.8947368421052632,34,18,GCACCAAAAGGCCGTTCAGG,16,4632193
ybeDp,2.0,55,18,GATTGAGTGTCGTCTCATTC,37,4646593
ybeDp,5.421052631578948,120,18,GATGCGAATGTAAGCGTGAT,102,4635577
ybeDp,1.0,36,18,GATGACGTCCGGTGATACGT,18,4681348
ybeDp,1.263157894736842,41,18,GATCGGAGACTGTTCTCGAC,23,4626292
ybeDp,1.105263157894737,38,18,GATCCCCCAGGCAACTGACG,20,4670614
ybeDp,0.7368421052631579,31,18,GATCCCACCGTATGAGTGGT,13,4607975
ybeDp,5.631578947368421,124,18,GAGTTGATTCTGCTGGGACT,106,4641643
ybeDp,12.473684210526315,254,18,GAGGGGACCCATCAACGGGT,236,4685712
ybeDp,1.1578947368421053,39,18,GAGCATTTTGAATTAACGGT,21,4644154
ybeDp,0.6842105263157895,30,18,GAGCATCATATCGGCATCGT,12,4680088
ybeDp,2.0526315789473686,56,18,GACTCGGCATAGCAGCGTAT,38,4625368
ybeDp,1.736842105263158,50,18,GACTAGGCAGGTAGCATCCT,32,4659366
ybeDp,1.1578947368421053,39,18,GACGGGTATTATACAACCCG,21,4617430
ybeDp,3.210526315789474,78,18,GACGACGCATACAAATTGCA,60,4634028
ybeDp,0.15789473684210525,20,18,GACCGGTTTCATGGTAAGGA,2,4618006
ybeDp,0.8421052631578947,33,18,GACCCTTCTTCGCGGTAGTA,15,4617506
ybeDp,0.15789473684210525,20,18,GACCAAACCATGCCACGGAA,2,4650642
ybeDp,0.7368421052631579,31,18,CTTGACACGGAATATGACCT,13,4667046
ybeDp,3.263157894736842,79,18,CTTAATGGATCACATATGGG,61,4649029
ybeDp,0.8947368421052632,34,18,CTTAATGCGGGTAGTAGCGC,16,4645100
ybeDp,3.9473684210526314,92,18,CTCCCAGATAGTTAAGATGT,74,4625805
ybeDp,8.842105263157896,185,18,CTCCATCTCCAGATTACTAG,167,4647960
ybeDp,3.0,74,18,CTCATCGAACCGTTGGCTGA,56,4619889
ybeDp,1.368421052631579,43,18,CTATCTGGTGGGAAACTCCA,25,4671858
ybeDp,2.9473684210526314,73,18,CTAGATCAACCTTCAGGGGG,55,4611397
ybeDp,1.0526315789473684,37,18,CTAGAGACCGCCACCCGAAC,19,4632581
ybeDp,1.1578947368421053,39,18,CTACGGTTTCGAGCCGAGGG,21,4603735
ybeDp,3.3157894736842106,80,18,CTACGAACCCATAGGAAATA,62,4619238
ybeDp,0.3684210526315789,24,18,CTACCAATAGAGGTTATGTA,6,4615932
ybeDp,2.1578947368421053,58,18,CTACAGGCTAAAGATTTTAT,40,4614175
ybeDp,2.789473684210526,70,18,CTAAGGCGCCAGAAGTATAA,52,4616594
ybeDp,3.1578947368421053,77,18,CGTCGTGGGAGGGACACTCT,59,4632915
ybeDp,1.1578947368421053,39,18,CGTCGTGATTGATAGCTTTC,21,4664657
ybeDp,0.5789473684210527,28,18,CGTATGGCCACGGCGCCAAG,10,4611776
ybeDp,4.052631578947368,94,18,CGTATCTAGTTTACAGATCG,76,4628754
ybeDp,0.631578947368421,29,18,CGGGTACGGTCGTCCGCCAT,11,4673301
ybeDp,1.7894736842105263,51,18,CGGGTACAGCCCGGGCTTAT,33,4603978
ybeDp,1.5789473684210527,47,18,CGCGTTTCCCGGAGCAGCCA,29,4617484
ybeDp,0.10526315789473684,19,18,CGCGAAGTTTTACGAGGGGT,1,4639589
ybeDp,3.3157894736842106,80,18,CGCCCACGGCCAGGGCTCAT,62,4657926
ybeDp,2.473684210526316,64,18,CGCATTCGATGCATCATTCA,46,4647214
ybeDp,0.42105263157894735,25,18,CGCAGCCGAGGTCAGGCAGC,7,4646724
ybeDp,0.7368421052631579,31,18,CGATCCCCCTGCGAGTCGAT,13,4608255
ybeDp,1.3157894736842106,42,18,CCTTTTGGTACTGATCATCA,24,4654136
ybeDp,0.7368421052631579,31,18,CCTCATTTATTGGATCTGGA,13,4615983
ybeDp,1.736842105263158,50,18,CCGTGGATACCACGTTTCTA,32,4603214
ybeDp,0.3684210526315789,24,18,CCGGCTGAAAAGATGCGACC,6,4622102
ybeDp,0.10526315789473684,19,18,CCGGACTGCTACGGCGAGCG,1,4605606
ybeDp,2.0,55,18,CCGCATATCATTACCATAGG,37,4651317
ybeDp,0.2631578947368421,22,18,CCCGCAAGCTAGAGGCTTAA,4,4649281
ybeDp,1.736842105263158,50,18,CCCCCGGCAGTCACGAATCG,32,4617838
ybeDp,2.473684210526316,64,18,CCCATCCGTAGACAGGGTAT,46,4614312
ybeDp,1.0526315789473684,37,18,CCCAAAGGCGCAACCCCTCT,19,4635590
ybeDp,0.7368421052631579,31,18,CCAGGTACAATAGATGCTGT,13,4664590
ybeDp,0.6842105263157895,30,18,CCAGCAGCCAGGTAGTGTGA,12,4628877
ybeDp,1.105263157894737,38,18,CCACAACGTTGAGGGCTTCA,20,4611266
ybeDp,1.263157894736842,41,18,CCAATGTAGTGACCATGTGT,23,4677637
ybeDp,0.3684210526315789,24,18,CCAAAACGGTATAGGCCTTA,6,4641908
ybeDp,1.4210526315789473,44,18,CATGCTGGAATGCCCGAAAT,26,4622806
ybeDp,1.1578947368421053,39,18,CATGCCGGGCATACTATTGT,21,4665286
ybeDp,10.947368421052632,225,18,CATGACGTGATTCGGCAACG,207,4637079
ybeDp,2.4210526315789473,63,18,CATATTAGACCTAGAATAGA,45,4681265
ybeDp,0.10526315789473684,19,18,CAGTTCCCCCTGTGCATGCT,1,4679086
ybeDp,0.3684210526315789,24,18,CAGTTACATCCTAGGATCGT,6,4671467
ybeDp,1.0526315789473684,37,18,CAGTGGCCTGAAAGCACCAT,19,4672476
ybeDp,2.5789473684210527,66,18,CAGTAATTTGTTGGCTTCTC,48,4666336
ybeDp,1.0,36,18,CAGATCCAGTTCCTTCACGC,18,4679229
ybeDp,0.42105263157894735,25,18,CAGACACCACATAGCTTCCC,7,4650184
ybeDp,1.263157894736842,41,18,CAGAAAGGCTTGTCAGGTAA,23,4648607
ybeDp,0.6842105263157895,30,18,CAGAAAAAACCCATGCTGTT,12,4668822
ybeDp,0.15789473684210525,20,18,CACCGCGCGTCAGTGATACA,2,4624672
ybeDp,0.8421052631578947,33,18,CAAGTGCAAATTTATTCAAC,15,4628715
ybeDp,2.3684210526315788,62,18,CAACTGGGATTGGATGAGAT,44,4637118
ybeDp,0.5789473684210527,28,18,CAACTCGGCTTTTATGTGCT,10,4632047
ybeDp,0.8947368421052632,34,18,CAACCGGTTACTTAGGGGGA,16,4607877
ybeDp,1.1578947368421053,39,18,CAACACACAAGATAGAAGTC,21,4605316
ybeDp,0.3684210526315789,24,18,CAAATACATTTCACGACATA,6,4621132
ybeDp,0.10526315789473684,19,18,ATTTCCACGTAAAACGTCGG,1,4647456
ybeDp,0.7894736842105263,32,18,ATTTATCCATGTCGATTACA,14,4646272
ybeDp,1.4210526315789473,44,18,ATTCAGAACGTATTCGACAA,26,4644746
ybeDp,0.10526315789473684,19,18,ATTAGTCGTATAAGTCTGCG,1,4662365
ybeDp,0.9473684210526315,35,18,ATGTTATTCATATATCTCGC,17,4631841
ybeDp,2.6315789473684212,67,18,ATGTATAGCGCTTTTTGGCT,49,4684579
ybeDp,0.7368421052631579,31,18,ATGGCTAGCGCGATAAAGAT,13,4633273
ybeDp,0.21052631578947367,21,18,ATGAACTCGGTGATAGGGCA,3,4674067
ybeDp,1.263157894736842,41,18,ATCGCACGCATCAGTCTTAC,23,4642995
ybeDp,0.8947368421052632,34,18,ATCCTTCAGACGATCTCCTG,16,4672851
ybeDp,19.894736842105264,395,18,ATCATGTCTGCGCTCACATA,377,4640602
ybeDp,0.7368421052631579,31,18,ATATGGAGGCCAGCGGAGGA,13,4680707
ybeDp,0.5263157894736842,27,18,ATAGCTAATTACGAGACTCG,9,4624869
ybeDp,2.263157894736842,60,18,ATAGCGGTTACAGGTGTCTC,42,4654108
ybeDp,2.4210526315789473,63,18,ATAAAACTCTCCCTTTTCAA,45,4641689
ybeDp,3.1052631578947367,76,18,AGTGTTCGACGATCACGCGG,58,4654368
ybeDp,2.3157894736842106,61,18,AGGTGGCGAGTAGAACGCAG,43,4602065
ybeDp,3.263157894736842,79,18,AGGCGAAGTCGTATCAGAAG,61,4635785
ybeDp,3.0526315789473686,75,18,AGGCAGGCGACGTGGAGGCC,57,4606224
ybeDp,3.6315789473684212,86,18,AGGAGCCCATGGGTATTTTA,68,4604207
ybeDp,3.473684210526316,83,18,AGGAGATGCTATGTAGGATA,65,4649991
ybeDp,0.5789473684210527,28,18,AGCTTACAAACGCTAAAGCT,10,4624991
ybeDp,3.6315789473684212,86,18,AGCTGGCGTATTCTGCGTAC,68,4650593
ybeDp,0.8421052631578947,33,18,AGCTGATCCTAGTATGTGGT,15,4640653
ybeDp,0.15789473684210525,20,18,AGCATTAGCAGGCCAGATAA,2,4682048
ybeDp,0.2631578947368421,22,18,AGCAACGTGTGCCATGCACT,4,4629130
ybeDp,0.5263157894736842,27,18,AGCAAATGGGCGGCTGCCAC,9,4627251
ybeDp,1.894736842105263,53,18,AGAGTTGGGCGATGTTCGGA,35,4605074
ybeDp,0.10526315789473684,19,18,AGAATCGTTATCGTTAAATG,1,4614183
ybeDp,1.263157894736842,41,18,AGAATCGTCATTCCTTGTCG,23,4680087
ybeDp,1.7894736842105263,51,18,ACTTTAGACGGGAACAAAGA,33,4608119
ybeDp,0.5263157894736842,27,18,ACGTCCGGCAAGTGCAATAT,9,4606871
ybeDp,2.0526315789473686,56,18,ACGTATCATATTTTATACCT,38,4627883
ybeDp,1.105263157894737,38,18,ACGGCGTGTCCCAACTTATG,20,4614413
ybeDp,0.47368421052631576,26,18,ACGCTGGAATGTGAATAGGA,8,4620292
ybeDp,1.5263157894736843,46,18,ACGCCAGGTGGCTCAAAAAT,28,4674853
ybeDp,2.526315789473684,65,18,ACGATCTAATCGCACGTGCG,47,4612200
ybeDp,2.526315789473684,65,18,ACCACTTGTTACCCTCTAGA,47,4621913
ybeDp,2.6842105263157894,68,18,ACCAACCGCTTATTCACAGG,50,4657358
ybeDp,0.631578947368421,29,18,ACATATGGACCTTGCGCAGC,11,4645006
ybeDp,2.6315789473684212,67,18,ACAACTGGCACGTACGAACC,49,4657897
ybeDp,2.736842105263158,69,18,AATTTGGTACTGAAAGCGCA,51,4683903
ybeDp,1.5263157894736843,46,18,AATTCAAAGATATCACACTA,28,4635650
ybeDp,0.5789473684210527,28,18,AATCGTCAGTCTCGGCGAGA,10,4656698
ybeDp,2.736842105263158,69,18,AATCCGCGACGAGCTGGCTA,51,4640651
ybeDp,0.10526315789473684,19,18,AAGTGAGCAACCCAGGCAAT,1,4681009
ybeDp,1.5263157894736843,46,18,AAGTACAGGCGCAACTTTAT,28,4626768
ybeDp,3.0526315789473686,75,18,AAGTAAGCGAAGGGACCAGG,57,4626166
ybeDp,2.263157894736842,60,18,AAGGCCCGGCGCACGTCTAA,42,4666251
ybeDp,0.8421052631578947,33,18,AAGCTGTTATTGCCTTCCGG,15,4638284
ybeDp,1.631578947368421,48,18,AAGCAGCGGTCAAGATCTTT,30,4648939
ybeDp,0.8947368421052632,34,18,AACTAAAACCCAGTTGAGCC,16,4608947
ybeDp,1.631578947368421,48,18,AACGAGCAGGGTCGCTAAAT,30,4635191
ybeDp,2.8947368421052633,72,18,AACCGGACTGGGAGGGTCTT,54,4624607
ybeDp,1.0526315789473684,37,18,AAATGTATTTAAGACATCCC,19,4677505
ybeDp,1.3157894736842106,42,18,AAATCATACAGGGCACGAAC,24,4639027
ybeDp,2.6315789473684212,67,18,AAAGGGTGCTAGAGTCGGGA,49,4613294
ybeDp,0.8947368421052632,34,18,AAAGGGCCGAATTAATTATT,16,4654201
ybeDp,0.7368421052631579,31,18,AAAGCCGTTTTCTATGACCC,13,4629808
ybeDp,1.6842105263157894,49,18,AAACCGTGAGTATTTCGTTA,31,4673397
ybeDp,2.8333333333333335,67,17,TTTGTGAGTAAGGAGTTGAC,50,4623092
ybeDp,2.111111111111111,54,17,TTTGACACGGTCAGTTAAAT,37,4648342
ybeDp,1.3333333333333333,40,17,TTGTGTTGGTCCTTTACGTC,23,4654659
ybeDp,1.1666666666666667,37,17,TTGGTCTTCTCCCCAAAGTG,20,4662575
ybeDp,0.4444444444444444,24,17,TTGGACAACGGGTCATGCAA,7,4622735
ybeDp,2.0,52,17,TTGACAGTAGTTCCTCCGCA,35,4668114
ybeDp,0.8333333333333334,31,17,TTAAGTAGATGAGCTGTCAT,14,4623789
ybeDp,0.3888888888888889,23,17,TGTTGGATTGTAACTTCAAC,6,4604406
ybeDp,1.5555555555555556,44,17,TGTTGCTTAGGTTGTAGTAC,27,4637657
ybeDp,1.5,43,17,TGTGGAGGGGCTGCACAAGT,26,4677301
ybeDp,1.6666666666666667,46,17,TGTGAGCTCATGCGGTTTGT,29,4671654
ybeDp,5.5,115,17,TGTGAAGTCAGGTGAGTAAG,98,4620472
ybeDp,0.5555555555555556,26,17,TGTCAGATCGGATACTTGCT,9,4639626
ybeDp,0.4444444444444444,24,17,TGGGAGAATAAGGGTACAGT,7,4680861
ybeDp,2.5555555555555554,62,17,TGGCCTCTCTGAACCCCTTT,45,4634857
ybeDp,1.0555555555555556,35,17,TGGCCACTCTTCGTACACTC,18,4631544
ybeDp,3.0,70,17,TGGAACCCGCCGAGTAAATG,53,4663754
ybeDp,1.8888888888888888,50,17,TGCTACGCTTCGTCGAGCCC,33,4687537
ybeDp,0.4444444444444444,24,17,TGATAGCGCGGCTGTGTCAC,7,4656432
ybeDp,2.8333333333333335,67,17,TGACCTCAGGAAGACCACGC,50,4676560
ybeDp,1.6111111111111112,45,17,TCTTTAAGTGCATGATATTG,28,4624620
ybeDp,0.8333333333333334,31,17,TCTGTCATCTTTGCCCCATG,14,4654915
ybeDp,4.944444444444445,105,17,TCGTGAAAAGTGATTTGGAT,88,4683113
ybeDp,1.1666666666666667,37,17,TCCTATGACGCCTTTGGGAA,20,4657024
ybeDp,0.7222222222222222,29,17,TCCATAAGCAAAACAGAAAA,12,4649848
ybeDp,0.7777777777777778,30,17,TCCAATAACGCGGTATAGGT,13,4641336
ybeDp,6.0,124,17,TCCAAACTCTCAGAGCTGCG,107,4678501
ybeDp,0.3888888888888889,23,17,TCACCGGTACCACTCTCAGT,6,4620860
ybeDp,1.1111111111111112,36,17,TATCTTCATATTCGGGATAG,19,4674220
ybeDp,0.6666666666666666,28,17,TATCCCTGTATGCGGTATCC,11,4636422
ybeDp,0.3333333333333333,22,17,TATACGTGGTACGCAAATTA,5,4638130
ybeDp,5.166666666666667,109,17,TAGGGAAGGAGCCGCGGACT,92,4671957
ybeDp,0.8888888888888888,32,17,TAGCCCCCCGATCACTTGCA,15,4644681
ybeDp,3.5,79,17,TAGCAAACTGATTGGGTTTA,62,4608766
ybeDp,0.1111111111111111,18,17,TAGAGTCTTACCTGGCTTTG,1,4684283
ybeDp,0.7777777777777778,30,17,TAGACTGGTACGATCCTAAT,13,4666579
ybeDp,2.111111111111111,54,17,TACTGATAACGTGTGCCGAG,37,4648179
ybeDp,0.8333333333333334,31,17,TAATTAGCCGATAATTTTCC,14,4639885
ybeDp,0.7222222222222222,29,17,TAAGGTAGGCATGGCAGGTG,12,4672337
ybeDp,3.5555555555555554,80,17,TAACGCATCGTAGTGGTGCT,63,4642548
ybeDp,0.5555555555555556,26,17,TAACACGAATGTATATACGT,9,4653268
ybeDp,0.6666666666666666,28,17,GTTTTGAGGGGGTATCCTTC,11,4678267
ybeDp,0.7777777777777778,30,17,GTTTCTCATGAAATAGTCTG,13,4601783
ybeDp,0.9444444444444444,33,17,GTTTCCGAACAAATGTTGCA,16,4645593
ybeDp,2.7222222222222223,65,17,GTTGGCCATACAATTCGGGA,48,4662155
ybeDp,1.7222222222222223,47,17,GTGTGACCACATGATGGATT,30,4606582
ybeDp,0.3888888888888889,23,17,GTGTACGTATTTATCCCGGT,6,4655386
ybeDp,2.3333333333333335,58,17,GTGAGACGGTCAACACTTAG,41,4626903
ybeDp,0.16666666666666666,19,17,GTCTATGATTTAGGTTTAAC,2,4611666
ybeDp,0.3333333333333333,22,17,GTCGCTCTTCCCTAACGGGA,5,4601206
ybeDp,1.0555555555555556,35,17,GTCAGGAATATTGCAAGATA,18,4650053
ybeDp,1.1666666666666667,37,17,GTATGATACTCCTGGTGGCA,20,4613767
ybeDp,3.2777777777777777,75,17,GTAGCACACCGTTTTTTCAT,58,4632618
ybeDp,1.5555555555555556,44,17,GTACTGCCCTCCTAAAGGAC,27,4637161
ybeDp,2.0555555555555554,53,17,GTACGTTACTACGTGCAGAT,36,4680554
ybeDp,1.5555555555555556,44,17,GTACGCCGATCCCCAGTATA,27,4601378
ybeDp,1.1111111111111112,36,17,GTACACACCGCAGTGACTCT,19,4606980
ybeDp,1.6111111111111112,45,17,GTAATGGAAATTTGTATCCG,28,4636822
ybeDp,2.111111111111111,54,17,GGTTGTATCAATCCCCTAGT,37,4647536
ybeDp,0.5555555555555556,26,17,GGTATTTTGAAACCATGCGT,9,4651341
ybeDp,0.2777777777777778,21,17,GGGTAAACCTATGACAATCG,4,4641529
ybeDp,1.2222222222222223,38,17,GGGGCCGCGTAATGACTGTC,21,4614307
ybeDp,0.6111111111111112,27,17,GGCTTCATAGTACCATAAGT,10,4646800
ybeDp,2.111111111111111,54,17,GGCTCAAAACTCGAGTACAT,37,4629037
ybeDp,0.4444444444444444,24,17,GGCGGGCAGAGGCCAAACGT,7,4623085
ybeDp,0.5555555555555556,26,17,GGCCGTTCCGTGTCTCAGTC,9,4606668
ybeDp,0.7222222222222222,29,17,GGCATTTCCCGTGAAAACGC,12,4664819
ybeDp,1.0555555555555556,35,17,GGCAGTCATACGGGCGCGTG,18,4678845
ybeDp,0.2222222222222222,20,17,GGCAAAAACGTAGCGGGGCA,3,4662336
ybeDp,4.444444444444445,96,17,GGAGACGTCGGATTTGGACT,79,4653836
ybeDp,3.5,79,17,GGACTTGACCTATATGGTAA,62,4628517
ybeDp,0.1111111111111111,18,17,GGACCCACCATGGACCGTGT,1,4636943
ybeDp,0.7222222222222222,29,17,GCTGACGGCATAGGGATAGC,12,4683109
ybeDp,0.8333333333333334,31,17,GCTACGTGGTTTTGTTTCTG,14,4672900
ybeDp,0.8888888888888888,32,17,GCTACCTGGTGCCGGGTAGA,15,4631864
ybeDp,2.8333333333333335,67,17,GCTAAACGGAAATCGCCAGA,50,4674144
ybeDp,1.3888888888888888,41,17,GCGTTTAGTCTCGACGACGT,24,4647658
ybeDp,0.1111111111111111,18,17,GCGTGCATAGCTATACTAAA,1,4631831
ybeDp,1.3888888888888888,41,17,GCGCTTACCCCATGTATAGT,24,4679091
ybeDp,1.0,34,17,GCGCACGTCATAACTCCTGT,17,4601474
ybeDp,2.611111111111111,63,17,GCCTAATGCATGAATTTATC,46,4651942
ybeDp,0.1111111111111111,18,17,GCCGTTAACCCTTTGTGGAC,1,4665317
ybeDp,5.0,106,17,GCCCGTGAGTGATGAATGCC,89,4616164
ybeDp,3.7222222222222223,83,17,GCCATCAGTAAGATCATACT,66,4628199
ybeDp,1.0555555555555556,35,17,GCATCCGTCACACTATGCCC,18,4634091
ybeDp,1.5555555555555556,44,17,GCATAGCGAACAGAGTTTTC,27,4673208
ybeDp,0.2222222222222222,20,17,GCAGTAAGATAGTCGCACTG,3,4684150
ybeDp,1.7222222222222223,47,17,GCACGCATGTATTTCGTTGT,30,4617557
ybeDp,1.5,43,17,GCACAGGAATTGACACATTG,26,4668955
ybeDp,3.3333333333333335,76,17,GCAATCATTGCTTCCGTGCA,59,4653472
ybeDp,0.4444444444444444,24,17,GATTTCTCGACAACGGGGAC,7,4651318
ybeDp,1.0555555555555556,35,17,GATTCGCGCTAGACGCCTTT,18,4627324
ybeDp,2.0,52,17,GATGTACGAGCGATCCCGGT,35,4637765
ybeDp,7.944444444444445,159,17,GATCGACCGTTCGAAACTTG,142,4663342
ybeDp,0.6666666666666666,28,17,GATAGGTCTAAGACTGGCAT,11,4646527
ybeDp,0.4444444444444444,24,17,GATAAATACGCAACTTCGAC,7,4666189
ybeDp,3.2222222222222223,74,17,GAGTATTCAGAGTCTCTTAG,57,4629405
ybeDp,0.6666666666666666,28,17,GAGTATATCCAAAGCCAAAA,11,4613629
ybeDp,0.1111111111111111,18,17,GAGGCTTTGCTGCTACCTGC,1,4654820
ybeDp,0.9444444444444444,33,17,GAGAGGTACTGGGTTGGTAC,16,4625222
ybeDp,0.3333333333333333,22,17,GACCGAAGGCGTAACTGAGA,5,4639544
ybeDp,0.8888888888888888,32,17,GACCAGTATAACCGTTTACT,15,4605272
ybeDp,2.4444444444444446,60,17,GACATTTCATGGTGCTGTTG,43,4624640
ybeDp,2.2222222222222223,56,17,GAATGGGTAGTATACTGGGG,39,4612472
ybeDp,0.8333333333333334,31,17,GAAGCGGTGCAACTTATGTT,14,4626686
ybeDp,0.8888888888888888,32,17,CTTTTACCACGGCTACAAGG,15,4628348
ybeDp,0.7222222222222222,29,17,CTTTCATAAGGAATGTATCT,12,4671574
ybeDp,1.5555555555555556,44,17,CTTGGCATGAGCTACAGCTA,27,4661304
ybeDp,4.444444444444445,96,17,CTTGGAACCAGTATGTTCGT,79,4641334
ybeDp,1.1666666666666667,37,17,CTTAAGCGCTATGATTTAGG,20,4643805
ybeDp,1.6111111111111112,45,17,CTGTGAATATGGCGCAGGAG,28,4614753
ybeDp,2.0,52,17,CTGTATCGCGATCTGTATTG,35,4664249
ybeDp,0.9444444444444444,33,17,CTGTACAGTCTGTAATGGAG,16,4636872
ybeDp,1.4444444444444444,42,17,CTGGGTGACGCATCACACTA,25,4620708
ybeDp,2.888888888888889,68,17,CTGCAGTAAGTGCTCACTAG,51,4652255
ybeDp,2.7222222222222223,65,17,CTCTTGCACGCACATAGTAG,48,4634562
ybeDp,1.1111111111111112,36,17,CTAGGCATCGGCGCTAAGAT,19,4664094
ybeDp,0.9444444444444444,33,17,CTAGACGCCAGGGCGACTGG,16,4662938
ybeDp,0.8888888888888888,32,17,CTACTTCTGGATCCTGAGAA,15,4662310
ybeDp,0.2777777777777778,21,17,CTAATACAGGGAGCATGGCC,4,4616078
ybeDp,1.8888888888888888,50,17,CGTTATTAGCCGAGAGGCTA,33,4614910
ybeDp,0.6111111111111112,27,17,CGTTAGTTAACAACGGCGCT,10,4610882
ybeDp,2.7777777777777777,66,17,CGTGCTCAGTCGGCCCCGTA,49,4673053
ybeDp,0.8888888888888888,32,17,CGTCCCTCCTCGAATATGGA,15,4677729
ybeDp,0.2222222222222222,20,17,CGTCAAGCAATGTCCCACCT,3,4650191
ybeDp,0.16666666666666666,19,17,CGTATCCACACGGGAATGAT,2,4684890
ybeDp,0.2222222222222222,20,17,CGGGGCCTCAGTGACGGCTC,3,4621428
ybeDp,0.7777777777777778,30,17,CGGCTGCCGCTTGCCATACA,13,4650690
ybeDp,0.6111111111111112,27,17,CGGACCGTGTTTGTAGTTTA,10,4603410
ybeDp,0.2222222222222222,20,17,CGGACCACGCCCGTACTCCC,3,4614409
ybeDp,5.055555555555555,107,17,CGCGTGCGCGGGAAGATCGA,90,4665380
ybeDp,0.3333333333333333,22,17,CGCGCAGTCCGACTCAGTCT,5,4652737
ybeDp,0.1111111111111111,18,17,CGCATATGCCGTGGCCTCAT,1,4660972
ybeDp,4.0,88,17,CGAGGTCGCTTTCGGTATCA,71,4658101
ybeDp,0.7777777777777778,30,17,CGACCGCTGATCGGTCCGGT,13,4665741
ybeDp,1.6666666666666667,46,17,CGACACTTGCCATGCTCTGG,29,4621520
ybeDp,0.8888888888888888,32,17,CGAAGGGCCGAGTCTCAGAG,15,4647880
ybeDp,1.2222222222222223,38,17,CCTTGATATTTTCGCAGATG,21,4671242
ybeDp,0.7222222222222222,29,17,CCTCTACATTGCGTCTGTAT,12,4625992
ybeDp,1.6111111111111112,45,17,CCTCACCAGTCCGGATTACC,28,4605030
ybeDp,0.16666666666666666,19,17,CCTAGGAAGGTAAAGATGGT,2,4651349
ybeDp,0.8333333333333334,31,17,CCGGTCCCTGGGACAAATAG,14,4678753
ybeDp,7.222222222222222,146,17,CCGGAGTGCGTACTCTTGAT,129,4685802
ybeDp,0.3333333333333333,22,17,CCGCGATACCGGTGCTGTCT,5,4619451
ybeDp,2.7222222222222223,65,17,CCGCCGCAGAAGCGGCAGGC,48,4630928
ybeDp,4.111111111111111,90,17,CCGCATTTTCGGTTCACTGA,73,4647948
ybeDp,0.1111111111111111,18,17,CCCTGTTTACGTTCGGTGTC,1,4625638
ybeDp,2.8333333333333335,67,17,CCCTACCCGGTGGATTTCAT,50,4641107
ybeDp,0.9444444444444444,33,17,CCCGCGGACTAGCAGACTTG,16,4687288
ybeDp,6.222222222222222,128,17,CCCCTTATTCGTCCTTTCAA,111,4673831
ybeDp,2.5555555555555554,62,17,CCCATAAGTACACAGCTTCG,45,4610206
ybeDp,1.2777777777777777,39,17,CCCAAGTCGCCTTAGCCTCT,22,4650039
ybeDp,0.6111111111111112,27,17,CCCAAATAAATAGGTGCAGT,10,4634501
ybeDp,1.8333333333333333,49,17,CCAGCATAAAATGCGCCATG,32,4631065
ybeDp,0.8333333333333334,31,17,CATATATTCTCTCGTCGTCG,14,4664011
ybeDp,3.2222222222222223,74,17,CATAGCCGTTGTGGTCCGTA,57,4645395
ybeDp,0.2222222222222222,20,17,CATACGTACGTCTACTCAAT,3,4667129
ybeDp,0.8888888888888888,32,17,CAGGTGCGGTCCCGACAAGA,15,4645398
ybeDp,2.111111111111111,54,17,CAGGGCCTAAGGCTGAAAGG,37,4652390
ybeDp,0.4444444444444444,24,17,CAGGACGGATATCAGGTATA,7,4630243
ybeDp,1.1666666666666667,37,17,CAGCTGCTGTCGTCTGTAGT,20,4652037
ybeDp,5.0,106,17,CAGCGAATTCAAACATAGGT,89,4668292
ybeDp,1.0555555555555556,35,17,CACGTGTACCAGGGGTTTCT,18,4674227
ybeDp,1.0555555555555556,35,17,CACGCTTCGTATTCACGAAA,18,4635581
ybeDp,2.1666666666666665,55,17,CACGCATCAGGTATCTAGCA,38,4619378
ybeDp,0.16666666666666666,19,17,CACCGCGACAAAACCATTCT,2,4620753
ybeDp,8.88888888888889,176,17,CAAGGTGCTAATCTGCCAAT,159,4655525
ybeDp,0.6666666666666666,28,17,CAAGGGAAGTAGGAAAGGCC,11,4609571
ybeDp,4.0,88,17,CAAGCCCTCAGTGGCCGCAG,71,4658359
ybeDp,2.4444444444444446,60,17,CAAATTGCGAGGGACCATAG,43,4662962
ybeDp,1.6111111111111112,45,17,CAAATGATACCTAGTGGTTC,28,4654654
ybeDp,0.2777777777777778,21,17,CAAAATGCGCTCAGCATCAA,4,4637803
ybeDp,0.9444444444444444,33,17,ATTTGTCCCGGGTTTCACGC,16,4622141
ybeDp,0.4444444444444444,24,17,ATTTGGCGTGTGGCATTTTT,7,4652117
ybeDp,0.1111111111111111,18,17,ATTTCGATCAGGCGCTGTGA,1,4607630
ybeDp,1.7777777777777777,48,17,ATTCTATGCCTCATTTGAGC,31,4686594
ybeDp,0.7222222222222222,29,17,ATTCACGGTCAAGTAGCTTG,12,4652933
ybeDp,1.1111111111111112,36,17,ATGTTGAGGGTCTTCCGAGT,19,4665557
ybeDp,5.0,106,17,ATGTGGCGTAAATCCAAGAA,89,4616962
ybeDp,0.1111111111111111,18,17,ATGTATCTTTGTCGATGGAT,1,4652405
ybeDp,1.2222222222222223,38,17,ATGGTTACCATTGGAATGGA,21,4604976
ybeDp,1.0555555555555556,35,17,ATGCTTGGAATATCACGATT,18,4623714
ybeDp,2.5555555555555554,62,17,ATGCATCGGTGAACACGATA,45,4629235
ybeDp,1.1666666666666667,37,17,ATGCACTAGAGGCATTCGTT,20,4650750
ybeDp,3.7222222222222223,83,17,ATGAACCCGCGATTTTAGAT,66,4668212
ybeDp,1.2222222222222223,38,17,ATCTACAGAGCTCTCCACGT,21,4625265
ybeDp,0.16666666666666666,19,17,ATCGAGATCAGCGACTCCCA,2,4627215
ybeDp,3.2222222222222223,74,17,ATCCTCCTTCGTTCCACGTT,57,4619116
ybeDp,1.8333333333333333,49,17,ATCCAGTGGCGCTGTGCGAA,32,4623158
ybeDp,1.2222222222222223,38,17,ATCATGCTGACATTTCCAGT,21,4622563
ybeDp,0.1111111111111111,18,17,ATCAAGGTTACATCGCCCCG,1,4618422
ybeDp,1.1111111111111112,36,17,ATCAAGCACAAGGGGGAAAT,19,4626685
ybeDp,19.22222222222222,362,17,ATATGGGACTGGAAAGGTTG,345,4609594
ybeDp,1.2222222222222223,38,17,ATATACAAGCCCCAGTCAGA,21,4647442
ybeDp,1.2222222222222223,38,17,ATAGCACGGCCGTCTCTCAG,21,4614893
ybeDp,0.5555555555555556,26,17,ATACTTTGATTCTAATTATA,9,4650630
ybeDp,2.1666666666666665,55,17,ATACTGGCCAAATTTTCTAC,38,4620055
ybeDp,3.9444444444444446,87,17,ATACGTCCGCGTTCAGAATG,70,4641312
ybeDp,2.111111111111111,54,17,ATAATTACACGAACGGGTAT,37,4662499
ybeDp,0.3888888888888889,23,17,ATAATATACCTTATTCGAGA,6,4602932
ybeDp,0.9444444444444444,33,17,AGTATTGTAACTGTCGTACA,16,4638426
ybeDp,1.6666666666666667,46,17,AGTACGTTACAACCAGACTA,29,4620431
ybeDp,1.0555555555555556,35,17,AGGTTTTATTTATCCTCGGG,18,4606906
ybeDp,3.0555555555555554,71,17,AGGTGTACTTGGTGTTAGTC,54,4670326
ybeDp,0.8888888888888888,32,17,AGGGCGAGTCGAAAAGGCCT,15,4635816
ybeDp,4.555555555555555,98,17,AGGCCGGTACCGTGTCGTCA,81,4606105
ybeDp,1.3888888888888888,41,17,AGGCCCCGATCAAAGAAGAA,24,4614259
ybeDp,4.555555555555555,98,17,AGGATATGCAGCGTTCTAGA,81,4640489
ybeDp,3.3333333333333335,76,17,AGGAGTATACACGGATACGA,59,4661584
ybeDp,0.16666666666666666,19,17,AGGACTTTCGCATGGATAAC,2,4615425
ybeDp,2.6666666666666665,64,17,AGGAACGCTGAAGTTCGTTT,47,4665425
ybeDp,1.5,43,17,AGCTTACGTGCACGTGTCCT,26,4636269
ybeDp,3.388888888888889,77,17,AGCCGCTTACATGGGTACAA,60,4631215
ybeDp,0.8888888888888888,32,17,AGCATGATTCTTACTTCTTA,15,4623795
ybeDp,0.3888888888888889,23,17,AGCATCTTTTAGGACGGAGC,6,4675570
ybeDp,0.9444444444444444,33,17,AGAGATCAGGACCCTTCACG,16,4615825
ybeDp,0.2222222222222222,20,17,AGAGACCTTCTTTCGCCGTT,3,4617159
ybeDp,0.3333333333333333,22,17,AGACGTTCGGGTTGATCCTC,5,4683843
ybeDp,4.833333333333333,103,17,AGACGCATCGATGTACGCGG,86,4682712
ybeDp,2.6666666666666665,64,17,ACTTACAGGGAGAGACCTCT,47,4604740
ybeDp,2.0,52,17,ACTTAAACTGTCTGAGCACT,35,4655724
ybeDp,0.7777777777777778,30,17,ACTATAACGATCAAAGGCGT,13,4674014
ybeDp,0.5555555555555556,26,17,ACGTGAACGGAGTGCCTAAA,9,4609632
ybeDp,1.2222222222222223,38,17,ACGGGGAGTTTACGAGAGGT,21,4629804
ybeDp,1.1666666666666667,37,17,ACGGAGCCCATTAGCGCTGT,20,4614421
ybeDp,0.5555555555555556,26,17,ACGAAGTAAAGCCTACTCCA,9,4614090
ybeDp,1.0,34,17,ACCTTGAACTTGTAGCGATG,17,4607324
ybeDp,0.6111111111111112,27,17,ACCTAAGGTTCACACTGGAT,10,4600899
ybeDp,0.5,25,17,ACCGATTGACCTACCATCAA,8,4642994
ybeDp,12.722222222222221,245,17,ACCCTGCCTCATCCATTCAA,228,4687894
ybeDp,1.1111111111111112,36,17,ACCCGCAACGTCCTGGGTTC,19,4652860
ybeDp,10.88888888888889,212,17,ACCCGATCCTCCGTGCGACA,195,4670003
ybeDp,0.5,25,17,ACCATCTCTCTCGAGGCTAT,8,4614726
ybeDp,8.777777777777779,174,17,ACAGGATTTAGAGCGATCAA,157,4685964
ybeDp,0.16666666666666666,19,17,ACACGTCGGTCACCCTCTGG,2,4615537
ybeDp,1.0,34,17,ACACCCACTAGGCCGGAGGA,17,4616473
ybeDp,3.388888888888889,77,17,AATGGATGTACAACTGTTTG,60,4635349
ybeDp,2.1666666666666665,55,17,AATGACAAAGGTGCATGGAG,38,4611325
ybeDp,1.0555555555555556,35,17,AATAGTAAAGTAGTGATCCC,18,4671438
ybeDp,3.111111111111111,72,17,AATAAAGATCTGAGGTTAGG,55,4660819
ybeDp,0.1111111111111111,18,17,AAGTCGCTCCTAGCCATCAT,1,4639866
ybeDp,5.0,106,17,AAGGTCCGGGTCCTCATATA,89,4657287
ybeDp,1.5555555555555556,44,17,AAGGCGTATTGATTGACCCA,27,4650113
ybeDp,0.9444444444444444,33,17,AAGCCATTCCATAAATCTAG,16,4651579
ybeDp,3.9444444444444446,87,17,AACGAGGCAACGGTTCGCGT,70,4654089
ybeDp,3.0,70,17,AACCGAGTCCTCAGGTTCTG,53,4676036
ybeDp,0.6111111111111112,27,17,AAAGTTAGGGAAAGTGGAGC,10,4678681
ybeDp,0.7222222222222222,29,17,AAAGTGGCGGCGTATTGGGA,12,4681853
ybeDp,1.5555555555555556,44,17,AAACTTGGAAGGCTTTGCGT,27,4627523
ybeDp,2.5294117647058822,58,16,TTTTTTCAATCTATCTGCGC,42,4601640
ybeDp,1.0,32,16,TTTATAGCACGCCCTAAATC,16,4635812
ybeDp,0.7058823529411765,27,16,TTTAGTTAGCATATCGTCGC,11,4666186
ybeDp,1.5294117647058822,41,16,TTTAGGGGGCTGTAACTTAT,25,4654794
ybeDp,0.7647058823529411,28,16,TTTAGGCCCATATAGAACAG,12,4605529
ybeDp,1.3529411764705883,38,16,TTTAGCCTCGTTGTTAAAGT,22,4679704
ybeDp,3.235294117647059,70,16,TTTAACGATGTTCATAGGCC,54,4642226
ybeDp,0.9411764705882353,31,16,TTGTAGGCCGGGACCGCTAC,15,4673485
ybeDp,4.0588235294117645,84,16,TTGGTCCCGGAGGCGTTGGG,68,4664317
ybeDp,1.1764705882352942,35,16,TTGACGACGCGACATGGCTG,19,4658908
ybeDp,3.176470588235294,69,16,TTCTTTCACCTGTGTCATAT,53,4661461
ybeDp,2.764705882352941,62,16,TTCCCGGTCATACTGGGACA,46,4661688
ybeDp,2.8823529411764706,64,16,TTCAGATCTAGTAGGTTTGA,48,4683800
ybeDp,1.8235294117647058,46,16,TTATTCCTCCCCCTGTGGTA,30,4623797
ybeDp,0.7647058823529411,28,16,TTATGGAGTTAATAAAAGGT,12,4617999
ybeDp,0.11764705882352941,17,16,TTAGAGGCGCACTGCTCCTT,1,4683901
ybeDp,3.0,66,16,TTACTCGATCGACCCATAAG,50,4601827
ybeDp,0.47058823529411764,23,16,TGTTGCTCTCCTTTGCATGC,7,4645060
ybeDp,0.7058823529411765,27,16,TGTTGCCACGCTAACATTGT,11,4641676
ybeDp,0.8823529411764706,30,16,TGTTGATCGCCCGGGGTCAT,14,4616313
ybeDp,0.8235294117647058,29,16,TGTTCTAGCCCCGATCACCT,13,4676268
ybeDp,0.6470588235294118,26,16,TGTTCACGATGAACTCCAAG,10,4666641
ybeDp,1.6470588235294117,43,16,TGTTAGTCATCTCAACTATA,27,4620276
ybeDp,8.176470588235293,154,16,TGTGCATTTGAGTTGCGAGA,138,4682859
ybeDp,2.5294117647058822,58,16,TGTCCGACCGGATATGAATG,42,4641195
ybeDp,1.1176470588235294,34,16,TGTAGCTCCTCACGCGCCCG,18,4603923
ybeDp,1.3529411764705883,38,16,TGGTACGAGCCATAGTGTTA,22,4611281
ybeDp,0.17647058823529413,18,16,TGGGTTACTTCGTTTCGGTT,2,4639215
ybeDp,1.588235294117647,42,16,TGGAAAGTCTCTCTTAGCGT,26,4618454
ybeDp,1.5294117647058822,41,16,TGCGAGTGCTCAATTCGCCA,25,4677017
ybeDp,0.9411764705882353,31,16,TGCCGCTCCTAGTGTGAAAA,15,4648525
ybeDp,2.4705882352941178,57,16,TGCCCTGTTCGTTCCTCGCT,41,4687449
ybeDp,2.3529411764705883,55,16,TGCCATCAATCTTGGAGGGG,39,4668402
ybeDp,0.23529411764705882,19,16,TGATGAGATTAAGACCGATT,3,4620132
ybeDp,1.2352941176470589,36,16,TGAGGCTGCCCGAACATAAT,20,4642201
ybeDp,2.176470588235294,52,16,TCTGGAATACCAAGGTTTTC,36,4605905
ybeDp,2.235294117647059,53,16,TCTGCGCGCTGAGGATCCAC,37,4639361
ybeDp,0.29411764705882354,20,16,TCTCTACTGAGCCCCTGAGC,4,4623435
ybeDp,0.47058823529411764,23,16,TCGGGTCGAGAGGATGTAGC,7,4612003
ybeDp,0.11764705882352941,17,16,TCGGCATTTCGGAAGTGAAG,1,4623824
ybeDp,3.1176470588235294,68,16,TCGCATGTGATGGCAATACT,52,4662239
ybeDp,0.11764705882352941,17,16,TCGAGTGGGCAAGCACGGGG,1,4673887
ybeDp,2.823529411764706,63,16,TCCTTTGTCTGCCTCAATAG,47,4673120
ybeDp,0.6470588235294118,26,16,TCCCTTTGGCAGGCGCTACG,10,4681553
ybeDp,0.8235294117647058,29,16,TCCCTTTCCGTCTCTGAGCG,13,4645269
ybeDp,3.588235294117647,76,16,TCCACGAGGCAATCACGGGC,60,4651792
ybeDp,0.7058823529411765,27,16,TCCACCAAGCTGGGCTGGTA,11,4634768
ybeDp,3.6470588235294117,77,16,TCAGCTGGGACCTGTCTCAG,61,4604453
ybeDp,0.8235294117647058,29,16,TATTGGCGGTGAAAGTAATC,13,4606190
ybeDp,1.1176470588235294,34,16,TATTACGGCTTCGCAATCGC,18,4654355
ybeDp,0.9411764705882353,31,16,TATGTTCACCGATGAGTATC,15,4613594
ybeDp,0.9411764705882353,31,16,TATGTCACAATGTACCCTCG,15,4672100
ybeDp,12.235294117647058,223,16,TATCTGATAAAGTCTTCCTA,207,4605503
ybeDp,2.0588235294117645,50,16,TATCCACGAGCGGACTGTCT,34,4634758
ybeDp,0.11764705882352941,17,16,TATCACATGAAGCGTGTTTC,1,4679673
ybeDp,0.17647058823529413,18,16,TATACGTAATACGTTCCTTT,2,4664006
ybeDp,1.0588235294117647,33,16,TAGGAGGTTGGTTGCCAGCA,17,4640731
ybeDp,1.2352941176470589,36,16,TAGCTTGGGCATTGATACGA,20,4666212
ybeDp,1.2352941176470589,36,16,TAGCTCACACAGTAAGGAAA,20,4642982
ybeDp,1.2352941176470589,36,16,TAGCGTCACGCCCGCTATGG,20,4659563
ybeDp,0.8823529411764706,30,16,TAGAGACCGTAACAAGGTGT,14,4613922
ybeDp,2.5294117647058822,58,16,TACTAACTTCAGCCAGTTGA,42,4681270
ybeDp,3.0,66,16,TACGCTCGCTAAGAGGACGT,50,4621462
ybeDp,1.7647058823529411,45,16,TACCTTCGGCCCGGCTCTTT,29,4607777
ybeDp,12.0,219,16,TACATGTTGGAGTCATCGGA,203,4680688
ybeDp,0.6470588235294118,26,16,TACAGCTTTTTAAGCGTATT,10,4656365
ybeDp,0.8235294117647058,29,16,TACAATTGTCCGCCAAGGTC,13,4672081
ybeDp,1.0,32,16,TAATTGTTGACTTGTACCTC,16,4668742
ybeDp,0.35294117647058826,21,16,TAAGTATACGGGGGAATACT,5,4648687
ybeDp,0.5882352941176471,25,16,TAAGGAACTCACAACCACGA,9,4664003
ybeDp,1.8235294117647058,46,16,TAAGCTTTATATGAACAAGT,30,4623889
ybeDp,3.0588235294117645,67,16,GTTTGAGTTAGGACGGTGGG,51,4660533
ybeDp,1.0588235294117647,33,16,GTTTAACCCGTCCTAGCCAC,17,4625378
ybeDp,0.11764705882352941,17,16,GTTGGATTTTACTTCGATAG,1,4637176
ybeDp,0.5294117647058824,24,16,GTTGCGATCAGTCGTAGTGT,8,4655970
ybeDp,0.11764705882352941,17,16,GTTCCTCAATAGCGGTAAGT,1,4644005
ybeDp,3.9411764705882355,82,16,GTTACGCTATTGTAGAAACA,66,4629669
ybeDp,1.2941176470588236,37,16,GTTACGCCTCTGGATTGCGA,21,4670112
ybeDp,0.17647058823529413,18,16,GTTACCGTAGTTCAATGCCA,2,4648644
ybeDp,6.705882352941177,129,16,GTGTGCCGACGAGCAAGCAA,113,4670001
ybeDp,1.1764705882352942,35,16,GTGGTCGCCGGTTTTAAGCA,19,4655361
ybeDp,2.6470588235294117,60,16,GTGGTCACTAACGGTATGTC,44,4609490
ybeDp,0.23529411764705882,19,16,GTGCACCGGGTTGCACTGGG,3,4655542
ybeDp,1.2352941176470589,36,16,GTGACGATCGACAGGTGTGT,20,4614062
ybeDp,2.4705882352941178,57,16,GTGAATCGTAACAGGAAAAT,41,4619537
ybeDp,1.4705882352941178,40,16,GTCTTATCTGAGCGATGTTT,24,4618597
ybeDp,1.3529411764705883,38,16,GTCTAGCCAGGTGTTCAGAG,22,4619714
ybeDp,1.3529411764705883,38,16,GTCGCTAGGTTCCAAGGTTT,22,4661923
ybeDp,10.470588235294118,193,16,GTCGCGTGCTCTCCCCGTGT,177,4628991
ybeDp,3.1176470588235294,68,16,GTCGAGTCATATGCACTCAA,52,4660565
ybeDp,3.7058823529411766,78,16,GTCCCTTAATGGCCTAACAT,62,4649993
ybeDp,5.0,100,16,GTCACCAGCTTCCGCGATGT,84,4623931
ybeDp,3.6470588235294117,77,16,GTCACCAGCGGCAGTGTTAT,61,4677176
ybeDp,1.8823529411764706,47,16,GTATTCCCTAGAGTTTGGCT,31,4682472
ybeDp,2.2941176470588234,54,16,GTAGTTTGTCCCATGATTTA,38,4687597
ybeDp,1.6470588235294117,43,16,GTAGACCCGCCAATCAGTGA,27,4677891
ybeDp,1.411764705882353,39,16,GTACCGGGTACAGCGCCCGG,23,4654731
ybeDp,1.0,32,16,GGTTTCCGGCGCTAGATGGT,16,4687442
ybeDp,0.11764705882352941,17,16,GGTCTCGCCGCGTGCGCGGC,1,4637636
ybeDp,1.4705882352941178,40,16,GGTAGGGGGCTATGGTCGGC,24,4615112
ybeDp,1.4705882352941178,40,16,GGTAATCGTCCCCTCCCGTC,24,4633632
ybeDp,2.0588235294117645,50,16,GGGTGACCGGCGAATACCCT,34,4665223
ybeDp,0.8823529411764706,30,16,GGGGCAACCAGTAATGTATA,14,4618303
ybeDp,1.0588235294117647,33,16,GGGCTTATATTAATGTTCAA,17,4612416
ybeDp,1.7058823529411764,44,16,GGGCTAGCCCGAGGCACCAT,28,4627262
ybeDp,1.2352941176470589,36,16,GGGCGGTACTCTACCGTGTG,20,4639887
ybeDp,1.2941176470588236,37,16,GGGCGAAAGAGACTACACTC,21,4652520
ybeDp,2.0,49,16,GGGCCATAAATCATGATGTC,33,4658709
ybeDp,5.470588235294118,108,16,GGGATTGTCTATCTCCGCCG,92,4620387
ybeDp,0.11764705882352941,17,16,GGGACATTGTACTGCGACCT,1,4630843
ybeDp,0.9411764705882353,31,16,GGCATAAGTGGGATAGGGAT,15,4610337
ybeDp,0.8823529411764706,30,16,GGATCTGTAACGCTGCCATA,14,4668167
ybeDp,2.5294117647058822,58,16,GGACCTGAGAGAACGCGCAA,42,4658979
ybeDp,1.3529411764705883,38,16,GGACATGTACATTCTATTTA,22,4671235
ybeDp,0.11764705882352941,17,16,GGACACGCATACTAATTGTA,1,4606281
ybeDp,2.7058823529411766,61,16,GGAAATTCATTAGAGTAGAT,45,4675418
ybeDp,0.5882352941176471,25,16,GGAAAGGTAGGAATGGGAAT,9,4675246
ybeDp,0.23529411764705882,19,16,GCTGTAAAATTCTGCTGATT,3,4683067
ybeDp,1.1176470588235294,34,16,GCTCTTTCGACGCGTGGGTT,18,4645099
ybeDp,0.5294117647058824,24,16,GCTCGGTAGGTGTAGTCATG,8,4632976
ybeDp,0.5882352941176471,25,16,GCTACGCTCAAGGTTCGCGG,9,4644821
ybeDp,8.411764705882353,158,16,GCGTGCTGTCAGACCTGCAG,142,4623161
ybeDp,2.176470588235294,52,16,GCGTCCTAACGTCTCTAAAG,36,4673380
ybeDp,1.411764705882353,39,16,GCGGGCGTCTACGGGCCTAT,23,4610459
ybeDp,0.5882352941176471,25,16,GCGCCCCTAACCAGCGGGAA,9,4626497
ybeDp,4.0,83,16,GCGATAGGGCTATCAGCCCA,67,4674895
ybeDp,2.8823529411764706,64,16,GCGACAGCTCGACAGCTGTC,48,4641353
ybeDp,4.764705882352941,96,16,GCGAAGTCGCGTGCGCATTG,80,4657300
ybeDp,2.0,49,16,GCCGCGAGGGTTAGACAAGT,33,4678360
ybeDp,0.7058823529411765,27,16,GCATCTCAGGGGAATGCCGA,11,4675243
ybeDp,0.8235294117647058,29,16,GATTGCGATCGTTTCTCCTG,13,4654102
ybeDp,0.5882352941176471,25,16,GATCGGGACTTGAATAGCGA,9,4624816
ybeDp,4.0588235294117645,84,16,GATAATGTAGTTTATGTTCC,68,4687308
ybeDp,1.6470588235294117,43,16,GAGGGCCAGTCGTGCTGCGT,27,4648208
ybeDp,0.4117647058823529,22,16,GAGCGCAGGCTGAGCGCAAC,6,4614550
ybeDp,1.2352941176470589,36,16,GAGACTCGAATTAGGAGCAG,20,4630865
ybeDp,0.11764705882352941,17,16,GAGACCTCGTAGTGGTGCCA,1,4650723
ybeDp,0.23529411764705882,19,16,GAGAAAAGAGGTAGGTACTA,3,4687287
ybeDp,3.176470588235294,69,16,GACTTAACATCTGGAGTATC,53,4661933
ybeDp,1.588235294117647,42,16,GACTGTCGTACCGTGAATCT,26,4662009
ybeDp,1.0,32,16,GACTGGGTGATCATTGATAT,16,4649324
ybeDp,0.11764705882352941,17,16,GACATCAAAGTGAATACCCT,1,4659709
ybeDp,1.8823529411764706,47,16,GACACCAGGTTCCTGGGGCA,31,4605504
ybeDp,1.2941176470588236,37,16,GAATCAGGTCAGTATGGCTA,21,4640259
ybeDp,1.9411764705882353,48,16,GAATACCTGCGGCTGACGAG,32,4648821
ybeDp,0.47058823529411764,23,16,GAAGCAATTGGAGTCTACAA,7,4670524
ybeDp,0.11764705882352941,17,16,GAAAGCCAGTTTATACACGA,1,4616242
ybeDp,0.29411764705882354,20,16,GAAACTAGAGCTCTCACCAA,4,4652254
ybeDp,2.3529411764705883,55,16,CTTTCAGCGAAGGAAGTTCG,39,4667410
ybeDp,1.3529411764705883,38,16,CTTCGGTTGTGCTAGCCATT,22,4632309
ybeDp,0.9411764705882353,31,16,CTTATGTCGTCCGCAAATTC,15,4636692
ybeDp,2.764705882352941,62,16,CTTACTGGGATTGCATGAGT,46,4673339
ybeDp,10.647058823529411,196,16,CTGGCGACGATATGCGGTGT,180,4681242
ybeDp,0.4117647058823529,22,16,CTGCGAAGGTAGCGCTGTGT,6,4607410
ybeDp,0.47058823529411764,23,16,CTGCCACGTACCTCAAAAGA,7,4626587
ybeDp,0.8823529411764706,30,16,CTGCAAGCTCTGCTGGATAG,14,4630491
ybeDp,0.35294117647058826,21,16,CTCTCAAGGCCTGGTGTGGT,5,4609459
ybeDp,3.6470588235294117,77,16,CTCATCCTTAGCAACGTTAA,61,4611806
ybeDp,0.17647058823529413,18,16,CTCACGCACAGTTCAACGCA,2,4601738
ybeDp,9.647058823529411,179,16,CTCAAGGGCACTCACCTACT,163,4634378
ybeDp,2.5294117647058822,58,16,CTATGATGGTTGCGTCAGCA,42,4629437
ybeDp,1.7647058823529411,45,16,CTAGTGGGAGTGCGCGTTCT,29,4639184
ybeDp,0.11764705882352941,17,16,CTAATTCATACAGCGACGCT,1,4639624
ybeDp,2.5294117647058822,58,16,CTAATCTGATGGTCGAGCCT,42,4623248
ybeDp,2.7058823529411766,61,16,CGTTGACAATATCATACGTT,45,4614861
ybeDp,1.7647058823529411,45,16,CGTGACACAGTTGGTTGCCT,29,4644480
ybeDp,2.9411764705882355,65,16,CGTCGCACACGATTGCCCGT,49,4614521
ybeDp,1.3529411764705883,38,16,CGTAGAGGGTCATAGACTTA,22,4637983
ybeDp,2.235294117647059,53,16,CGTAGAATAAGTCGGGAGGG,37,4608601
ybeDp,2.411764705882353,56,16,CGTAGAACGTACTTTAATAA,40,4623283
ybeDp,1.0,32,16,CGTACCTAACGTCACCGCTT,16,4666807
ybeDp,5.117647058823529,102,16,CGGTTTAGCTTGAGCATTCT,86,4634737
ybeDp,1.6470588235294117,43,16,CGGTTATAATTCATTGACTA,27,4678578
ybeDp,0.29411764705882354,20,16,CGGTGTTTATCTCAATAGCA,4,4653470
ybeDp,2.0,49,16,CGGTGGCGATCAATCGCCAG,33,4642541
ybeDp,0.35294117647058826,21,16,CGGTGCGGATCAATCGGCCT,5,4641496
ybeDp,2.1176470588235294,51,16,CGGTCGTGTTGTTGGCAGAG,35,4611602
ybeDp,8.411764705882353,158,16,CGGGGGAGGTGGGACAAAGG,142,4658685
ybeDp,0.5882352941176471,25,16,CGGCCTAGCATGTATCGTGC,9,4670153
ybeDp,0.35294117647058826,21,16,CGGCACGTTAGGGAAGGACG,5,4628635
ybeDp,2.5294117647058822,58,16,CGGAAGTTTGTGACTACTCT,42,4657906
ybeDp,1.0588235294117647,33,16,CGCTCCTATCTATAACAACG,17,4660619
ybeDp,1.2352941176470589,36,16,CGCGCGATTTGCACCGGGTG,20,4634006
ybeDp,0.8235294117647058,29,16,CGCCCATATCCCTTCGGACG,13,4631454
ybeDp,1.2352941176470589,36,16,CGCCAATCAGTTTCCATCAC,20,4653390
ybeDp,1.6470588235294117,43,16,CGATGCTGAGTGACGGATCG,27,4613088
ybeDp,0.5882352941176471,25,16,CGAGTCATACAAACACGTAA,9,4681693
ybeDp,0.17647058823529413,18,16,CGAGTAGCTCTTTGGTTCAA,2,4618271
ybeDp,0.5294117647058824,24,16,CGAGGGACCAGGCGTAACCT,8,4657052
ybeDp,1.411764705882353,39,16,CGACGTCCGATCAGCGGCCC,23,4655509
ybeDp,2.176470588235294,52,16,CGACCAGACCATTGCTCGTT,36,4633077
ybeDp,5.117647058823529,102,16,CCTTTTATTCCGTAGTCCCT,86,4624266
ybeDp,1.3529411764705883,38,16,CCTTTGCGCGAGGTTATGGT,22,4641754
ybeDp,0.8823529411764706,30,16,CCTTCAAGACTATTAGAGAC,14,4661578
ybeDp,2.235294117647059,53,16,CCTGTCCTTCACTTTTCGAT,37,4682088
ybeDp,1.411764705882353,39,16,CCTCTGCATCAATATTTAAA,23,4666983
ybeDp,1.0588235294117647,33,16,CCGTTAACCCTAACGGAGAA,17,4683482
ybeDp,2.4705882352941178,57,16,CCGTGCTTTTGGAGTTTCTC,41,4680443
ybeDp,0.5294117647058824,24,16,CCGTAGTCGGTAAAGCAAGC,8,4664472
ybeDp,0.6470588235294118,26,16,CCGCGCACCCACGAGCTGGA,10,4669277
ybeDp,0.47058823529411764,23,16,CCGCACACGGCAGAGTCAGA,7,4646669
ybeDp,1.1176470588235294,34,16,CCGAGCGTGTCGCACGTGGT,18,4660914
ybeDp,2.764705882352941,62,16,CCCTTGCGCCCATGCGCCCG,46,4624241
ybeDp,2.4705882352941178,57,16,CCCGGCTGCTACCAGGCGAG,41,4650072
ybeDp,2.4705882352941178,57,16,CCCCGAGCAGCTGTGCTCGT,41,4638825
ybeDp,0.11764705882352941,17,16,CCCCCGGTACACCGTGAAGT,1,4660871
ybeDp,2.176470588235294,52,16,CCCAGAGTTGATGGGGCTCC,36,4642712
ybeDp,3.9411764705882355,82,16,CCCAATCTACATAACATCGT,66,4672567
ybeDp,0.23529411764705882,19,16,CCATAGTCGCAGATTTTCCT,3,4617193
ybeDp,0.29411764705882354,20,16,CCAGGCGCATCCATACGTCA,4,4665674
ybeDp,2.0588235294117645,50,16,CCAACGTGGTGCTGTCTAAG,34,4632021
ybeDp,0.11764705882352941,17,16,CCAAATCGCACCGGCGGAAA,1,4614998
ybeDp,1.2352941176470589,36,16,CATTGGTTTCAGTACGATCC,20,4617269
ybeDp,0.7058823529411765,27,16,CATGGTCAATATCGGGCGTT,11,4652043
ybeDp,3.1176470588235294,68,16,CATGCGGGGAGGTACTTCGA,52,4613241
ybeDp,0.35294117647058826,21,16,CATGCCGAGCGTCGGACGTT,5,4649166
ybeDp,1.4705882352941178,40,16,CATAACGCTGGGTGCGCTCA,24,4662969
ybeDp,0.7647058823529411,28,16,CAGTTGAGATTCGTCCACTG,12,4618635
ybeDp,1.2352941176470589,36,16,CAGTTACCCGTCGCCGGCCA,20,4660915
ybeDp,0.9411764705882353,31,16,CAGTCCCAAAATTCTTGAAA,15,4659233
ybeDp,3.5294117647058822,75,16,CAGCAGAATGGTACGATAAC,59,4621191
ybeDp,2.0588235294117645,50,16,CAGCAAAGGAGGTATATATA,34,4634092
ybeDp,2.3529411764705883,55,16,CAGATCCAGGCTCTAGTGGT,39,4618509
ybeDp,2.3529411764705883,55,16,CAGATAGCATCTTGTCGAGC,39,4622859
ybeDp,1.5294117647058822,41,16,CAGAGCCGCAGTGGTCAGGT,25,4623214
ybeDp,1.8823529411764706,47,16,CAGAAGGTATTTATAAAGCA,31,4602688
ybeDp,1.1764705882352942,35,16,CACTGGGTAGATTACTAAGC,19,4626452
ybeDp,1.2352941176470589,36,16,CACTCGCAAATTCAAGTAAT,20,4633300
ybeDp,0.11764705882352941,17,16,CACGCCCTTTATTGGTTGGT,1,4647450
ybeDp,0.11764705882352941,17,16,CACCTGTGTCGGCCTTTGGA,1,4620318
ybeDp,0.5882352941176471,25,16,CACCGAATTTTTTAGTCTGT,9,4620861
ybeDp,3.4705882352941178,74,16,CACACTGCCATTGCGCTCCA,58,4637946
ybeDp,3.764705882352941,79,16,CACACTATCTTTGCCTTTAT,63,4628198
ybeDp,1.6470588235294117,43,16,CAAGACACTGATACGCTTTA,27,4638238
ybeDp,0.8235294117647058,29,16,CAACATTGCTTCGCCCGGTA,13,4623514
ybeDp,1.411764705882353,39,16,CAAATGGTACCCTTTAAGTC,23,4646361
ybeDp,2.0588235294117645,50,16,CAAAGTCGATCCTAGTCCGA,34,4610101
ybeDp,9.588235294117647,178,16,CAAACTTTCTATAGTAAGGG,162,4637842
ybeDp,3.5294117647058822,75,16,ATTTTCGGCCGCGTGAAACC,59,4648949
ybeDp,1.411764705882353,39,16,ATTTGAAGGCTGATTTCTCG,23,4676318
ybeDp,3.176470588235294,69,16,ATTCGAGCTACTCTACGACC,53,4629765
ybeDp,3.235294117647059,70,16,ATTATGTACTCGGCGTGACC,54,4617754
ybeDp,1.0,32,16,ATGCCTATGGAAGCGGTTAT,16,4681130
ybeDp,1.411764705882353,39,16,ATGCAGGTAGACACGGCGAA,23,4609833
ybeDp,1.5294117647058822,41,16,ATGAGCCAAGGTTTCCTTCT,25,4680075
ybeDp,0.7647058823529411,28,16,ATGACCCGTCGTGTCATAGC,12,4675738
ybeDp,0.29411764705882354,20,16,ATGAATGATGGTTGGGCTCA,4,4606409
ybeDp,3.9411764705882355,82,16,ATCTACTTGCACTAATTCTC,66,4629759
ybeDp,1.0588235294117647,33,16,ATCACCAGGCTATCTGGGAA,17,4628459
ybeDp,2.588235294117647,59,16,ATCACAACTGATTCTGGCCA,43,4621502
ybeDp,0.5882352941176471,25,16,ATAGGTGTGCGGCATTAAAG,9,4641684
ybeDp,0.7058823529411765,27,16,ATACGCGCGGGTTTAGACGT,11,4602301
ybeDp,5.0588235294117645,101,16,ATAAACGTGTTCGCGAGGGG,85,4640988
ybeDp,7.9411764705882355,150,16,AGTTGTCCGAGTAATGATAT,134,4658237
ybeDp,1.7647058823529411,45,16,AGTGGTTCCCTCTCCAAGCG,29,4679286
ybeDp,5.0,100,16,AGTGGATCGACACGCAGCAT,84,4607314
ybeDp,0.11764705882352941,17,16,AGTCCCCTTAGGTGGACACA,1,4605586
ybeDp,0.47058823529411764,23,16,AGTAGAGGGCGCCTGACCAC,7,4663441
ybeDp,1.5294117647058822,41,16,AGGGGGCTCCAACATATAGG,25,4676801
ybeDp,0.9411764705882353,31,16,AGGGGGCAAACTGGAGGAGC,15,4646170
ybeDp,0.9411764705882353,31,16,AGGGCTTTTATCTGATATTT,15,4635738
ybeDp,0.11764705882352941,17,16,AGGCTAGCGTGGAACGATGG,1,4619752
ybeDp,26.823529411764707,471,16,AGGCCGGAATATTTCGGTCG,455,4685173
ybeDp,1.1764705882352942,35,16,AGGCACCACGTGAACGCTCG,19,4644478
ybeDp,0.8823529411764706,30,16,AGGAAGGTTCACCGCTGCCT,14,4611571
ybeDp,0.17647058823529413,18,16,AGCTTCGATAGGATTTACGC,2,4606745
ybeDp,1.2941176470588236,37,16,AGCTGACGGATCAAGCTTTG,21,4618752
ybeDp,2.3529411764705883,55,16,AGCTACTACTTACTTCATCA,39,4659881
ybeDp,0.4117647058823529,22,16,AGCCGCGTTCGCGGTCTGAG,6,4652747
ybeDp,0.11764705882352941,17,16,AGCATAGGAGGTTCCCTAAA,1,4621893
ybeDp,0.35294117647058826,21,16,AGACATAGCATAGAATTTTT,5,4677979
ybeDp,0.29411764705882354,20,16,AGAAGTGCGACTTCGCAGGG,4,4674071
ybeDp,0.11764705882352941,17,16,AGAAATGGTGGTGACTTGTC,1,4676549
ybeDp,0.11764705882352941,17,16,ACTTCGAGTACTACTGGGGA,1,4666713
ybeDp,0.7058823529411765,27,16,ACTCCAGCTGAGCAGGCTAT,11,4608067
ybeDp,0.7647058823529411,28,16,ACGTTGCCATGCTAACTCAC,12,4607874
ybeDp,0.8235294117647058,29,16,ACGGTTACGCGTAGTGTCCA,13,4656442
ybeDp,10.941176470588236,201,16,ACGGTGACAGGTTGAATCAT,185,4687147
ybeDp,0.7647058823529411,28,16,ACGGCCATTATCCATTGAAC,12,4670829
ybeDp,0.29411764705882354,20,16,ACGACTAATACCTTCCCTAG,4,4686760
ybeDp,0.8823529411764706,30,16,ACCTTGGGACCTCCAGATCA,14,4614440
ybeDp,0.4117647058823529,22,16,ACCATGTAATGGCGTTCTAA,6,4675995
ybeDp,0.8823529411764706,30,16,ACAGTACAAGAATTAGACCG,14,4634088
ybeDp,3.411764705882353,73,16,ACAAGGTGGTGAACATCAAG,57,4672685
ybeDp,0.6470588235294118,26,16,ACAACTCCGACCCCTATCCT,10,4624452
ybeDp,1.1764705882352942,35,16,AATTGTCGATAAATGTGCAG,19,4644794
ybeDp,0.5294117647058824,24,16,AATTGGTGGGGCCGGCGCTA,8,4641593
ybeDp,0.5294117647058824,24,16,AATTATTACCCTCTTCTTAA,8,4623665
ybeDp,0.5882352941176471,25,16,AATTAACAATAGAGTCCATA,9,4623508
ybeDp,1.6470588235294117,43,16,AATGTCGTCTATTCTGGACA,27,4607471
ybeDp,2.0588235294117645,50,16,AATCATTCTCCATACCGGGT,34,4670459
ybeDp,0.29411764705882354,20,16,AATAAAGACCCCCACGATGT,4,4669626
ybeDp,1.411764705882353,39,16,AAGTTAGCAGAACTTACCGT,23,4602711
ybeDp,0.7647058823529411,28,16,AAGTGAGATAGCTAAGCACG,12,4604382
ybeDp,1.3529411764705883,38,16,AAGGGGCAGTTAATCGGCCC,22,4602693
ybeDp,1.2352941176470589,36,16,AAGGGAATGACGTAACCCAG,20,4604449
ybeDp,0.11764705882352941,17,16,AAGCGGCATGACTTGGAGAT,1,4672284
ybeDp,8.823529411764707,165,16,AAGCCCTCTCTGCTTGGCTA,149,4611726
ybeDp,1.1176470588235294,34,16,AAGCCAGGCGCGGAGGTTAA,18,4678849
ybeDp,2.1176470588235294,51,16,AACTTAGCCAATTTGATAGA,35,4607771
ybeDp,4.176470588235294,86,16,AACCATGCTTCGTGAGCGCA,70,4665514
ybeDp,0.11764705882352941,17,16,AAATTGTCACTCGTACCGCG,1,4605915
ybeDp,0.6470588235294118,26,16,AAATCGAATTCAGTGAATGA,10,4602284
ybeDp,1.8235294117647058,46,16,AAATCCCCATTGACGCCCGT,30,4672426
ybeDp,0.11764705882352941,17,16,AAAGTGACCGGTGTCTCAAC,1,4664996
ybeDp,1.2941176470588236,37,16,AAAGGTAAGGTTAAACTGGA,21,4640315
ybeDp,1.0588235294117647,33,16,AAAGATTGTAGCCTATGATA,17,4675607
ybeDp,0.4117647058823529,22,16,AAAACTACCTCCGGGGGTCG,6,4603873
ybeDp,0.6875,25,15,TTTTGCGGAAGTATCCTTAA,10,4667329
ybeDp,0.125,16,15,TTTGCGCCCTCATAAGTAGC,1,4672780
ybeDp,1.125,32,15,TTTCCTTTGTCTGTGTGCGT,17,4616413
ybeDp,5.1875,97,15,TTTATTGCGCGCGACTTTCG,82,4613132
ybeDp,2.5,54,15,TTTACTCCAGGTAAGTCCTA,39,4640991
ybeDp,3.8125,75,15,TTGTATACCTCCGTAGCAAA,60,4639362
ybeDp,4.6875,89,15,TTCTAAGAAGACACATTATG,74,4684090
ybeDp,1.375,36,15,TTCCGCTGAAATCATCTCAC,21,4607882
ybeDp,0.875,28,15,TTCCGACATTAATCGTACAC,13,4645186
ybeDp,0.25,18,15,TTCCCATGAACTTCCACTCT,3,4666576
ybeDp,8.5625,151,15,TTCCATGTCTTATGTTACCA,136,4618799
ybeDp,1.9375,45,15,TTCATATGCGAACGAGCGAT,30,4611770
ybeDp,1.0625,31,15,TTCAAGCTACCCACACCAAA,16,4642984
ybeDp,1.25,34,15,TTCAAGAACTCCTAACAAGA,19,4615567
ybeDp,1.875,44,15,TTATCAAACTGCGGACAAGG,29,4636032
ybeDp,0.125,16,15,TTAGTGCAGCCTCGTACAAT,1,4623810
ybeDp,0.125,16,15,TTAACTGGGTGGGGGCGAGG,1,4646829
ybeDp,3.0625,63,15,TTAAAACACGGCTCTACTAC,48,4623386
ybeDp,0.125,16,15,TGTTAGTGCTTCTCCGTTCT,1,4627923
ybeDp,6.5,118,15,TGTGTGAGGGTTCAAATCTT,103,4601817
ybeDp,1.0625,31,15,TGTGGAGTCCATCTAGAAGC,16,4608249
ybeDp,5.625,104,15,TGTACAATCCCGCCTGAGAG,89,4620389
ybeDp,1.0625,31,15,TGGTATATAGTTAACCACAA,16,4644330
ybeDp,2.75,58,15,TGGTAGGGCAAGGCACGTCG,43,4683776
ybeDp,1.8125,43,15,TGGGGATTGCGAGAGCTGCT,28,4609376
ybeDp,0.1875,17,15,TGGGGAGAATTCTTTGCATA,2,4617975
ybeDp,1.375,36,15,TGGGAGTTGCGACAGCCCAT,21,4636308
ybeDp,0.875,28,15,TGGCTTCCAGAAGACCTCAT,13,4616493
ybeDp,2.5,54,15,TGGCGGAATCCAAACGACAC,39,4654935
ybeDp,2.5625,55,15,TGGCAACCTTTTACACTTGA,40,4643715
ybeDp,4.125,80,15,TGGACGTCACTTCGTCATCT,65,4621299
ybeDp,5.75,106,15,TGGAATTTGAAACTTATTTC,91,4680684
ybeDp,0.625,24,15,TGCTCCACCTCCTCGAACGG,9,4666589
ybeDp,0.875,28,15,TGCGTCCACGTGTTGGATCC,13,4624560
ybeDp,1.4375,37,15,TGCCGATCATTACCCAGGAT,22,4665262
ybeDp,1.4375,37,15,TGCATAGCTCACTAGCCGAG,22,4612738
ybeDp,1.625,40,15,TGACGTCTTAGTTCCGCAAT,25,4613706
ybeDp,1.75,42,15,TGAATGGTGCAGAGTGACTG,27,4665491
ybeDp,1.8125,43,15,TGAATATGGAGCCGTGGACT,28,4611065
ybeDp,1.8125,43,15,TGAACTAAAGAAGTGGGGAT,28,4604966
ybeDp,2.125,48,15,TGAACAGGCTACACTGTCGT,33,4611549
ybeDp,1.5,38,15,TCTTGATGATTGTCCCCTGG,23,4659925
ybeDp,2.5,54,15,TCTGACGGTGTTACGATGGT,39,4649330
ybeDp,0.125,16,15,TCGTTGCAGAAATTCTCATT,1,4617834
ybeDp,2.75,58,15,TCGGTTCTACTCGGGCCGGA,43,4601641
ybeDp,0.125,16,15,TCGCTGACCAGGGGTCCTGG,1,4655932
ybeDp,1.375,36,15,TCGCGGATCAAGAAGTCCAG,21,4685060
ybeDp,1.625,40,15,TCCTTGCGCGCCGTATTATG,25,4682265
ybeDp,1.5,38,15,TCCTGGCTGGGTCGATCAAA,23,4687695
ybeDp,1.1875,33,15,TCCGCGCCAGAGTACTGACC,18,4644650
ybeDp,2.0625,47,15,TCCCCGCAGTTCCGGGTATG,32,4611254
ybeDp,0.625,24,15,TCCCCAATCCTGAAAAAATT,9,4657508
ybeDp,0.875,28,15,TCATTTACGGTTCAGTAAAT,13,4649087
ybeDp,0.25,18,15,TCATCTCTCAAAGTTCCTGG,3,4654508
ybeDp,0.4375,21,15,TCAGTCAGCGTACAATATTG,6,4675899
ybeDp,7.625,136,15,TCACGGTGCTATTAGTGCCC,121,4681888
ybeDp,1.9375,45,15,TCACGCACACCTCGCCCTTG,30,4646471
ybeDp,0.5,22,15,TCAATCTTAACCGATCGGCT,7,4676475
ybeDp,0.125,16,15,TATTGATAGCAGCGAGTAGA,1,4655184
ybeDp,0.75,26,15,TATTAGGCCTCACTTTAAAT,11,4674692
ybeDp,0.9375,29,15,TATGTTGTCCGACATCGCCT,14,4676751
ybeDp,0.125,16,15,TATGGTTGCCCACGTGTACT,1,4631830
ybeDp,0.875,28,15,TATCTGGGGTAACTACTCGA,13,4622238
ybeDp,2.125,48,15,TATCTGGACCCCCCGATTTG,33,4657251
ybeDp,0.9375,29,15,TACTCGCCGAACTTGGTTGT,14,4610184
ybeDp,5.6875,105,15,TAATGAGAGAACGCTTCATT,90,4678754
ybeDp,2.75,58,15,TAAGGTTCAGCTTAATGCGC,43,4670997
ybeDp,5.5,102,15,TAAGAATCCAATATTCGTAC,87,4623282
ybeDp,3.875,76,15,TAACGGTCTGAGCAATAACG,61,4680413
ybeDp,0.625,24,15,TAAAATCCCCGAACCATGAA,9,4627595
ybeDp,1.125,32,15,GTTTTCCTCGCGACGATCTA,17,4616835
ybeDp,2.5,54,15,GTTCACTGTGAGAAGAGCAA,39,4648993
ybeDp,5.25,98,15,GTTAGAATACCGAATAAAAG,83,4661926
ybeDp,1.375,36,15,GTGTTCTTACGCTATAGGAT,21,4604458
ybeDp,2.625,56,15,GTGTTATACGGGCTAGGAAT,41,4654401
ybeDp,0.5,22,15,GTGTGGGGTAGCGACCTTGG,7,4646668
ybeDp,5.375,100,15,GTGTCACTGAACATAGGGAA,85,4685700
ybeDp,1.0,30,15,GTGTAGTACGAGCTAAAGGT,15,4664064
ybeDp,2.625,56,15,GTGGTCCCCCTAGTAGGCTT,41,4645709
ybeDp,1.9375,45,15,GTGACTAACTCGAGGGCGCC,30,4634838
ybeDp,0.125,16,15,GTGAATGACTTTAAGAGTGT,1,4655001
ybeDp,1.125,32,15,GTCTGCCTTGATGCTTGCCA,17,4656103
ybeDp,1.6875,41,15,GTCTCAGTATCGTAGGGTGA,26,4621501
ybeDp,0.25,18,15,GTCTACACGGGGAGCCGGTT,3,4643199
ybeDp,1.8125,43,15,GTCCAATTCTTGTATCCCGT,28,4620818
ybeDp,6.6875,121,15,GTATATTGTCTAACAGAGGC,106,4610526
ybeDp,0.375,20,15,GTAGCTATAAGATGTGTCTT,5,4643960
ybeDp,1.0625,31,15,GTAATTGAGAGGCCACGAAA,16,4656002
ybeDp,3.5,70,15,GGTTAGCCTTGGAGTTCTGT,55,4674482
ybeDp,0.8125,27,15,GGTGTATTATCGTCTTAGAA,12,4677107
ybeDp,0.125,16,15,GGTGCGTTAGGACAGTTGTA,1,4629541
ybeDp,0.75,26,15,GGTATTAAAAAGCTCAAGGC,11,4601771
ybeDp,1.5625,39,15,GGGTTCGGGTGATGTACGGT,24,4635676
ybeDp,1.0,30,15,GGGTCTTTCGTATTTAAGCG,15,4628168
ybeDp,1.1875,33,15,GGGTAATGAGACGCTGCTTA,18,4674874
ybeDp,3.625,72,15,GGGGTCGCTCAGCGAACAAT,57,4680176
ybeDp,0.9375,29,15,GGGGGATAGGTCGTCGCCAA,14,4630851
ybeDp,0.5625,23,15,GGGGGACTGGTGAACGTCGG,8,4648110
ybeDp,0.3125,19,15,GGGGCAACACTGTAATTGAT,4,4650587
ybeDp,0.1875,17,15,GGGCTGTAGACAGGATAGCA,2,4622626
ybeDp,0.875,28,15,GGGAAGGATTTACAACACAT,13,4657874
ybeDp,1.4375,37,15,GGCTTGCCCCGGGTAATGCA,22,4628463
ybeDp,0.125,16,15,GGCGGAGAATTCGTACCCAC,1,4615115
ybeDp,1.3125,35,15,GGCGCCATCGACTCCCGCGG,20,4655299
ybeDp,1.75,42,15,GGCGCAGTCTAGATGGGGTT,27,4678576
ybeDp,1.375,36,15,GGCAGGTGACATACCTCTTC,21,4672379
ybeDp,6.5625,119,15,GGATTCGTCAACTCGATGCT,104,4648146
ybeDp,2.5,54,15,GGATATTTTTAACACGGCTT,39,4674896
ybeDp,2.125,48,15,GGAGGTATTCGCCAGAATAT,33,4678806
ybeDp,1.5,38,15,GGACGAATCGGTCATCTGTG,23,4601578
ybeDp,0.125,16,15,GGACAACGAATCAGCTAGAT,1,4613053
ybeDp,1.8125,43,15,GGAATAATTCGACTTGCACA,28,4640330
ybeDp,0.875,28,15,GCTTTGTGATATGGTCGTAC,13,4658568
ybeDp,0.6875,25,15,GCTTTGAATCATATAGGAGG,10,4619292
ybeDp,0.4375,21,15,GCTTGGGCACCAAAATTACT,6,4608054
ybeDp,0.4375,21,15,GCTTACCCGAACACCTATAT,6,4625179
ybeDp,0.625,24,15,GCTGGATAATGCGTGAAAGG,9,4659840
ybeDp,2.4375,53,15,GCTCCCGATAGGGACCATCA,38,4648691
ybeDp,1.75,42,15,GCTAGATAACATTTGCGATA,27,4634872
ybeDp,1.6875,41,15,GCTAACCAGCGAACCGGGGA,26,4633216
ybeDp,2.375,52,15,GCGGATTGGTCCCTTGTGTG,37,4642390
ybeDp,3.0625,63,15,GCGGACTGGGCCGTTAGTAT,48,4612369
ybeDp,0.9375,29,15,GCGCGTCATGGTTCAATCAC,14,4638313
ybeDp,4.4375,85,15,GCGACAGCTGTGTCGCGGCA,70,4603453
ybeDp,1.8125,43,15,GCCTACCTCCCTTAATCTAC,28,4647218
ybeDp,1.25,34,15,GCATGTCAGATCGAGCAACT,19,4673412
ybeDp,9.75,170,15,GCACATCTGCATTTGATACT,155,4613269
ybeDp,0.125,16,15,GATTGTGAAATGTGGTCGTG,1,4613423
ybeDp,1.0625,31,15,GATTCATATGCTCCTCTTCT,16,4678021
ybeDp,0.125,16,15,GATTAGGAAGATTTGTCCCG,1,4652079
ybeDp,0.125,16,15,GATGCAGCGCCCGAAATATT,1,4615694
ybeDp,0.9375,29,15,GATGAGGCTGATTAAGGCTT,14,4610248
ybeDp,0.125,16,15,GATCTTCGACATACGCTCAC,1,4666386
ybeDp,2.1875,49,15,GATCGCTCCTACATCATACC,34,4646171
ybeDp,1.8125,43,15,GAGTTTGGCTTAACTTCAGA,28,4667737
ybeDp,2.0,46,15,GAGTGCATACTCCCGTTCCT,31,4603030
ybeDp,0.125,16,15,GAGTCCGGTTACGCGATGGG,1,4607623
ybeDp,0.125,16,15,GAGTACGAACTTATATCGCT,1,4677516
ybeDp,0.1875,17,15,GAGCATTGCTAGAGCGGGAT,2,4646839
ybeDp,5.875,108,15,GACTAGATTAAAACGATCTG,93,4674829
ybeDp,0.6875,25,15,GACGGTCGGTGTCTGAGATT,10,4611131
ybeDp,1.0,30,15,GACCTTTGTCTCGGTCCGTA,15,4656031
ybeDp,9.0625,159,15,GACCGGGTCACGGTTACTCT,144,4677707
ybeDp,0.1875,17,15,GACATAGTGCAGAGTAGTTT,2,4607504
ybeDp,0.1875,17,15,GACAGTGCTGATAGCCCAAC,2,4679826
ybeDp,1.0,30,15,GACAGCGAATGTGTTGCCGC,15,4644894
ybeDp,5.375,100,15,GAATGTGTATAGGGCGTCCT,85,4643800
ybeDp,3.5625,71,15,GAATGACTACCTGGAACGGT,56,4650499
ybeDp,2.75,58,15,GAAGGCATGGGTACTGACGT,43,4601199
ybeDp,0.5,22,15,GAAGCTGTAAACCGTGCTAA,7,4630206
ybeDp,7.5,134,15,GAAGCACATGTCATAGATAG,119,4646045
ybeDp,2.625,56,15,GAACGGCATCTGTTGGGCAA,41,4643735
ybeDp,0.4375,21,15,GAACCTTTTTAAATTACGGC,6,4619411
ybeDp,3.4375,69,15,GAACAGCCGCTTATGAAGAG,54,4664232
ybeDp,1.0625,31,15,GAAATTTCCACCAAGGCACT,16,4608151
ybeDp,0.125,16,15,CTTTGGACGTTCGGAGTGTT,1,4653886
ybeDp,2.1875,49,15,CTTTACATATGACTGTTTAG,34,4641582
ybeDp,3.5625,71,15,CTTCTTCTACCCCGGTCGAT,56,4650763
ybeDp,1.125,32,15,CTTATTCGCAGCCAGGAGGC,17,4635802
ybeDp,0.875,28,15,CTTAGAATATGGAATATGAC,13,4646475
ybeDp,1.5,38,15,CTGTGAGTCCAATACCCGTC,23,4649510
ybeDp,0.875,28,15,CTGTCCGCATTCTTTCGATT,13,4615383
ybeDp,2.625,56,15,CTGGTGCACTGGGGGCTGAT,41,4657489
ybeDp,0.125,16,15,CTGGACGCGCAAGTCTGGTC,1,4676547
ybeDp,1.8125,43,15,CTGCGTTCCATTGCGAGAAA,28,4666407
ybeDp,1.1875,33,15,CTGCCTAGGATTACGGCTAC,18,4633220
ybeDp,0.4375,21,15,CTGCCCGGTGGGATCGCCCG,6,4628413
ybeDp,2.4375,53,15,CTGCCAAGTTGGTAGCGGAT,38,4620620
ybeDp,0.6875,25,15,CTGCAGTTGTGTTCAGCTGT,10,4642558
ybeDp,3.6875,73,15,CTGATTTAAGTCTACGATGT,58,4620273
ybeDp,1.625,40,15,CTCCAACACTTACCCGCTAG,25,4641794
ybeDp,0.75,26,15,CTCAACTTTCTTTATCAATA,11,4650862
ybeDp,0.875,28,15,CTACTTTATTGAGGGATACA,13,4614621
ybeDp,1.6875,41,15,CTACGAGTATTCTTTACAGT,26,4603484
ybeDp,1.8125,43,15,CGTTTTCTATGCTGTTATAA,28,4658057
ybeDp,0.5625,23,15,CGTTTCATCTCACTTCGTGG,8,4636428
ybeDp,1.3125,35,15,CGTTGACCCGGTTTACGAGA,20,4664381
ybeDp,5.25,98,15,CGTTAGTAGATCGGCTGTTG,83,4642456
ybeDp,0.3125,19,15,CGTATTCCCCCTGTGCACGA,4,4659062
ybeDp,4.25,82,15,CGTATACTCGTGGCCGACCA,67,4662863
ybeDp,1.375,36,15,CGTAGTTCCGGCTACCTAAC,21,4608754
ybeDp,0.6875,25,15,CGTACGGTGGACCACGAATG,10,4653493
ybeDp,1.0,30,15,CGGGTACATCGAGATAAGGT,15,4650306
ybeDp,1.1875,33,15,CGGGGCTCACTGTCGTGAGG,18,4608213
ybeDp,2.25,50,15,CGGGCGGCGAGCCGAGCGAG,35,4608695
ybeDp,0.25,18,15,CGGCTTGTTTTCCGGAGGCA,3,4679768
ybeDp,0.125,16,15,CGGCAAACATTGACGGAACG,1,4633414
ybeDp,2.5625,55,15,CGGATCTCGTTGACACTCCC,40,4678316
ybeDp,2.75,58,15,CGGAATCAGCTTCAGACGAT,43,4606983
ybeDp,1.0625,31,15,CGGAAGTTGTCAGAGGGTTA,16,4653797
ybeDp,2.4375,53,15,CGCTTGCAAAAACAGGCTAG,38,4611541
ybeDp,1.375,36,15,CGCTAAATCGGACTGAGCTT,21,4676519
ybeDp,0.625,24,15,CGCGCCGTGGATGACTTTGA,9,4617937
ybeDp,4.0,78,15,CGCCCTCGATCTAGCTCGGG,63,4640704
ybeDp,1.125,32,15,CGCCACTCACGGATCACTTG,17,4610013
ybeDp,1.0,30,15,CGCCACGTCTAAGATCGCTC,15,4665860
ybeDp,1.375,36,15,CGCCAAGAAGGTGTGGGGGT,21,4652316
ybeDp,0.4375,21,15,CGCATCAGTGACTGGAGTCG,6,4674555
ybeDp,2.1875,49,15,CGCATCAAGAGGTGCGTTGA,34,4614255
ybeDp,0.875,28,15,CGCAGGGCAGTAAGTTGGCC,13,4633178
ybeDp,2.8125,59,15,CGCAAGCAGATGGTACTTTC,44,4623434
ybeDp,0.3125,19,15,CGATATGTCCCACCTCCGTC,4,4631880
ybeDp,0.5625,23,15,CGAGATTATCCACCACATGA,8,4631426
ybeDp,0.1875,17,15,CCTTGTTTTATGTTAGCCGG,2,4661860
ybeDp,2.3125,51,15,CCTGTAAAGCCACCCGTCAT,36,4628038
ybeDp,2.5625,55,15,CCTGGAGAAGCTGTAGCGTT,40,4603038
ybeDp,6.875,124,15,CCTGCTGACGGTATATATAC,109,4672789
ybeDp,1.5625,39,15,CCTCCGTACACTGCACCCAT,24,4641639
ybeDp,2.8125,59,15,CCGTCGAGCGAAGTCGGTTA,44,4678044
ybeDp,0.6875,25,15,CCGTCCGTTGAAAGCCCAAC,10,4614285
ybeDp,0.3125,19,15,CCGGTAAACAGTAAAGTTGA,4,4654206
ybeDp,3.375,68,15,CCGGGATTGCCGCTAGGGAA,53,4673049
ybeDp,0.875,28,15,CCGGAGCGGTCAACTAAGCC,13,4671989
ybeDp,1.9375,45,15,CCGCTGAGTAATGATAAAAC,30,4655169
ybeDp,2.6875,57,15,CCGAATTGACCATATGAAGA,42,4653627
ybeDp,0.4375,21,15,CCCTGCCCGGACTGCCATTC,6,4660390
ybeDp,1.5,38,15,CCCTGCATTAGCTTCAGTGT,23,4620809
ybeDp,0.625,24,15,CCCGTGAATCAACCAGTGGA,9,4603256
ybeDp,1.0625,31,15,CCCGACTGATAGACAGACTC,16,4633407
ybeDp,0.8125,27,15,CCCCGTAAAACAAGGAAGAA,12,4679346
ybeDp,0.625,24,15,CCCAGGTCGTGCGTGGCTAA,9,4678338
ybeDp,1.5625,39,15,CCATGGTGTTTACGAGTTGT,24,4674419
ybeDp,1.375,36,15,CCATCCGCGTTTCCATTCCG,21,4669795
ybeDp,0.375,20,15,CCAGTGTCCGAGGTTCTGAG,5,4610142
ybeDp,0.75,26,15,CCAGCTGATCCCGTCAACGA,11,4654685
ybeDp,1.8125,43,15,CCAGCTGACCGTATGGCACC,28,4611250
ybeDp,6.875,124,15,CCACGCTTACCGGAGATACA,109,4682644
ybeDp,2.25,50,15,CCACAATCACGGAAGGCCAG,35,4666508
ybeDp,1.375,36,15,CATCACTTATTCAGATACGG,21,4601230
ybeDp,2.125,48,15,CAGTTCAGTGCTGGGGTCCC,33,4668952
ybeDp,2.8125,59,15,CAGTGCGTCGTGCTCGAAGC,44,4674457
ybeDp,1.1875,33,15,CAGTCGGACCGGATTAGTTG,18,4651387
ybeDp,0.125,16,15,CAGGTAAAGGAAGTGGGCAT,1,4633151
ybeDp,1.9375,45,15,CAGGGTCCAATAGGTGTGAA,30,4611301
ybeDp,0.125,16,15,CAGGCCAGCTCTGCCGGGTG,1,4666855
ybeDp,0.9375,29,15,CAGCTGCCGTGCGCCGTCTT,14,4655809
ybeDp,5.6875,105,15,CAGCAAAAAGGCTTCGATAG,90,4621587
ybeDp,0.8125,27,15,CACTCAGTGCGAACCGGCGT,12,4675344
ybeDp,2.0625,47,15,CACTAAAATAAATACGTGAA,32,4607770
ybeDp,0.3125,19,15,CACGTCATTAAACAGCCGAT,4,4617051
ybeDp,0.625,24,15,CACGAGGTGGCCATATACCG,9,4667131
ybeDp,0.625,24,15,CACATGGAAACGCGAGCGTA,9,4648033
ybeDp,2.0625,47,15,CAATTGGCTACAGGGCAACT,32,4667411
ybeDp,2.125,48,15,CAAGTAACAACGAGAGCCCA,33,4665252
ybeDp,0.3125,19,15,CAAGGTAACGAAGAGTCGAA,4,4634117
ybeDp,2.125,48,15,CAACTAATACTATGAAGCCT,33,4645637
ybeDp,1.125,32,15,ATTTGTCGGCCTAACGATAT,17,4673953
ybeDp,2.25,50,15,ATTTCGGCGCTCGCATCGGC,35,4633709
ybeDp,0.9375,29,15,ATTGGGCCTACCCCAAACTC,14,4651966
ybeDp,1.25,34,15,ATTGCGACTATAATGTTAAG,19,4627112
ybeDp,1.6875,41,15,ATTATCACGTATAGCATGCA,26,4603776
ybeDp,0.5,22,15,ATGTTTATAATACCGTACAA,7,4647926
ybeDp,4.0625,79,15,ATGGTCGGGAACACGCGTGT,64,4607681
ybeDp,4.0625,79,15,ATGGTATCAGGCACCAAGGT,64,4627618
ybeDp,0.9375,29,15,ATGGGCTACCCAGCCCTACT,14,4639183
ybeDp,2.1875,49,15,ATGGGAGTAAGCCTACAACG,34,4656245
ybeDp,0.125,16,15,ATGCTCCAGGAGCGTTTCAC,1,4603813
ybeDp,1.0,30,15,ATGCAATGCCCCTCTACCAC,15,4661124
ybeDp,2.0,46,15,ATCTGTGCTCCGCTCCGGAC,31,4640040
ybeDp,0.9375,29,15,ATCCATCACCAGCCTGGGGT,14,4618039
ybeDp,1.3125,35,15,ATACTTCACTCGGCGGCGCA,20,4627784
ybeDp,0.9375,29,15,ATAATTGGAATCAGGCGTTA,14,4615118
ybeDp,1.375,36,15,ATAATAGTCGCGCCACCGTT,21,4684887
ybeDp,1.0625,31,15,ATAAACAAGGCGTTACGAAC,16,4659660
ybeDp,1.5,38,15,AGTTGCTTCTATCATGACGC,23,4640342
ybeDp,7.4375,133,15,AGTTCGTTTCACTTGTGTTT,118,4684098
ybeDp,2.1875,49,15,AGTGGGCCTCCGGAAGGCCG,34,4636117
ybeDp,1.875,44,15,AGTCAAAGTTATGAAATGCA,29,4623096
ybeDp,4.375,84,15,AGTAGCATGCTCGGCCACGA,69,4638926
ybeDp,1.5,38,15,AGGTCCATTCGGCCCCGGAG,23,4662967
ybeDp,1.6875,41,15,AGCTGCCCTGCATGCCTCCT,26,4666472
ybeDp,7.6875,137,15,AGCTGAACATATATATAGGA,122,4627714
ybeDp,0.8125,27,15,AGCTCGACGTTTCTTAGAGG,12,4661005
ybeDp,0.6875,25,15,AGCGCACCAAAATGACATGT,10,4673715
ybeDp,0.125,16,15,AGCGACCCCTTTAATCGTCA,1,4654598
ybeDp,2.1875,49,15,AGCAGCAGGGAAGGCGAAGA,34,4680264
ybeDp,0.625,24,15,AGCACTACCGTAGCTATTGG,9,4675350
ybeDp,1.1875,33,15,AGATCGTGAAGCTAGTCAGA,18,4632330
ybeDp,0.5,22,15,AGATAAGTCGCCTGGAGGCC,7,4623881
ybeDp,3.875,76,15,AGAAGGCTATTACCTTTCTC,61,4651753
ybeDp,0.875,28,15,AGAAAAATGATCTATGCGAT,13,4668246
ybeDp,3.75,74,15,ACTGCGGAGTAAAATGAAAT,59,4679054
ybeDp,1.75,42,15,ACTCCGCGAACTCATCTAAC,27,4612475
ybeDp,3.875,76,15,ACTCCGACGGACGGCGTAAT,61,4640702
ybeDp,3.125,64,15,ACTCATGTTAAACCAACCAT,49,4618602
ybeDp,3.3125,67,15,ACGTGCTGCCACTTCTCATC,52,4623663
ybeDp,5.8125,107,15,ACGTACCGCCAGTCCCACGA,92,4678880
ybeDp,0.125,16,15,ACGCATTACGTCAGATCCAT,1,4600897
ybeDp,4.0,78,15,ACGATGGAATTAGATACTAT,63,4614855
ybeDp,1.125,32,15,ACGACGGCCTAGCGTTATGG,17,4687324
ybeDp,0.25,18,15,ACCGGGATACCTGTAGATTA,3,4659295
ybeDp,2.1875,49,15,ACCGGATCCTTACATTTAGT,34,4652847
ybeDp,1.1875,33,15,ACCGACTTTATGGCGATTGT,18,4651657
ybeDp,1.625,40,15,ACCAACTGCGCTCCTCTGGA,25,4619772
ybeDp,5.9375,109,15,ACCAAATGACAGTCACCAAG,94,4613201
ybeDp,0.875,28,15,ACCAAACTCCTGCCCATCTG,13,4605144
ybeDp,8.125,144,15,ACATGTGTGCAATAGCCGTT,129,4684607
ybeDp,1.3125,35,15,ACATCTACGTTACTGATTGC,20,4632979
ybeDp,1.0625,31,15,ACAATCGTGGGTCTGGGGAA,16,4660553
ybeDp,3.3125,67,15,AATTCTACACAAGGCAGCAA,52,4674967
ybeDp,0.6875,25,15,AATCATCACCACGCCGAAGC,10,4679985
ybeDp,0.1875,17,15,AAGTTGACCTATGACTGGTA,2,4672113
ybeDp,2.3125,51,15,AAGTGCCATATCTAGGCTAC,36,4664169
ybeDp,0.125,16,15,AAGACCGCAGCCTACGTATT,1,4608118
ybeDp,2.4375,53,15,AACTTTCCTAATCGTTCGGC,38,4628498
ybeDp,1.875,44,15,AACGCGCCTCAGGTATCGCA,29,4651406
ybeDp,2.0,46,15,AACCGCAGTCCGCATATCCA,31,4622030
ybeDp,5.375,100,15,AAAGTGGGCGCTTGGTCTTG,85,4670386
ybeDp,0.6875,25,15,AAACGGATACCCAACACCAG,10,4615508
ybeDp,5.733333333333333,99,14,TTTTTGCCTACTTCCACGCG,85,4623888
ybeDp,1.3333333333333333,33,14,TTTGCCTCGTAAAATTATAT,19,4634792
ybeDp,0.8,25,14,TTTGCATACCGGCTAGGAGT,11,4603213
ybeDp,0.26666666666666666,17,14,TTTGATCAGGTTCATTTAAT,3,4629029
ybeDp,2.933333333333333,57,14,TTTCGGCTATGCAGGAGAGG,43,4654623
ybeDp,1.3333333333333333,33,14,TTTATTCTCTCCTGGGCACT,19,4649862
ybeDp,0.13333333333333333,15,14,TTGTAATATGTGTGGCGCTC,1,4623331
ybeDp,1.0,28,14,TTGCGCTTGGCCGCCACAAA,14,4664114
ybeDp,1.6666666666666667,38,14,TTGATCCTCGTACGCACCGA,24,4658279
ybeDp,0.13333333333333333,15,14,TTGAAGAACGTAACCCACGG,1,4641510
ybeDp,4.466666666666667,80,14,TTCGTAACTGGATGTGGGCA,66,4624272
ybeDp,0.9333333333333333,27,14,TTCCGTCAGTCAGGCACACG,13,4612879
ybeDp,0.7333333333333333,24,14,TTCCGGATCGTGTCTTGGTC,10,4624558
ybeDp,1.4,34,14,TTCATAGACTACGAATCTGG,20,4672381
ybeDp,1.4,34,14,TTATCTGTTGACATTTGTTA,20,4612752
ybeDp,0.7333333333333333,24,14,TTAGTGAAGATGGGCAGCAG,10,4666147
ybeDp,3.533333333333333,66,14,TTAGCCCCCCAAGTGGTACA,52,4655312
ybeDp,0.4,19,14,TTAGAAGTACAATGGAGGCA,5,4686410
ybeDp,2.4,49,14,TTACCCGTAAGTCATATGGT,35,4651701
ybeDp,1.7333333333333334,39,14,TTAATACTTGATATTGGCAT,25,4610635
ybeDp,0.7333333333333333,24,14,TTAAGTCGTGAGTGGCAATC,10,4675092
ybeDp,0.13333333333333333,15,14,TGTTTCGAATCACGTTTACA,1,4657695
ybeDp,1.2,31,14,TGTGTTTATCGACAAGCTAG,17,4601723
ybeDp,2.533333333333333,51,14,TGTGTATTGGCGAAGTTCGA,37,4633552
ybeDp,0.13333333333333333,15,14,TGTGATTGAGATATTCTTCG,1,4631010
ybeDp,1.3333333333333333,33,14,TGTCTATGAATCCGGTGATA,19,4624559
ybeDp,1.3333333333333333,33,14,TGTAACAACTCTCTAATAAC,19,4685044
ybeDp,1.8,40,14,TGTAAATGGGTTTCGTATCC,26,4686879
ybeDp,9.933333333333334,162,14,TGGTGCCGGGACCGGTTTTA,148,4629937
ybeDp,1.9333333333333333,42,14,TGGTGCAGCGTATTATATCG,28,4654477
ybeDp,0.9333333333333333,27,14,TGGGTGGAACACCAACGGGT,13,4677969
ybeDp,1.6666666666666667,38,14,TGGGGTTGTCACAGGATTCT,24,4630261
ybeDp,3.7333333333333334,69,14,TGGGGGTTCTCACGACCAGG,55,4671376
ybeDp,0.13333333333333333,15,14,TGGGCCTCGTAACAGGTCCC,1,4615653
ybeDp,1.8,40,14,TGGCCCTATTGGGGGCTGAC,26,4631278
ybeDp,1.7333333333333334,39,14,TGGCCACGTGAAGTATAGGT,25,4658648
ybeDp,1.0,28,14,TGGACTACGTACTAGCAACG,14,4640928
ybeDp,0.13333333333333333,15,14,TGCTAGGGAATCAAGGCGCT,1,4628067
ybeDp,3.533333333333333,66,14,TGCGTATGCGAGGTCGCAGC,52,4602195
ybeDp,0.4666666666666667,20,14,TGCGGTGTAGGACGTCGGAG,6,4611675
ybeDp,0.5333333333333333,21,14,TGATCTCAGATTTTTAGTGC,7,4603696
ybeDp,1.1333333333333333,30,14,TGAGGTCAACCCCCCGGGCA,16,4684027
ybeDp,0.13333333333333333,15,14,TGAAAGTATCGTTGCATTGG,1,4606568
ybeDp,0.13333333333333333,15,14,TCTTTGTTGCAAACGGGAGT,1,4614921
ybeDp,0.9333333333333333,27,14,TCTTACAAGCAACTCTTTCT,13,4619980
ybeDp,3.533333333333333,66,14,TCTGCCGTCCGGTTGCTCTA,52,4674373
ybeDp,1.9333333333333333,42,14,TCTGAGGAATTCTTCAGAAC,28,4684237
ybeDp,0.6666666666666666,23,14,TCTATATTAAGGCCGAATTC,9,4637559
ybeDp,1.4,34,14,TCGTATGGGAGTCTAAAAGA,20,4646671
ybeDp,0.13333333333333333,15,14,TCGGCTAACGCCGGAACATG,1,4637417
ybeDp,3.3333333333333335,63,14,TCGGCGCAATGTGTAGTTCA,49,4622313
ybeDp,2.6,52,14,TCGGCCGGTCCTGGCGAGCC,38,4640378
ybeDp,1.9333333333333333,42,14,TCGGCAATTTGAGTGGCCAC,28,4624224
ybeDp,0.4,19,14,TCGCAACTTACACACTGATT,5,4643909
ybeDp,2.8666666666666667,56,14,TCCTGGAAAGCCAGAGTGAC,42,4647115
ybeDp,1.0666666666666667,29,14,TCCTGCTCACGATTGCGTAC,15,4665089
ybeDp,4.466666666666667,80,14,TCCCAACGGTTTCAGGGTCT,66,4601238
ybeDp,2.933333333333333,57,14,TCCATTACCTCCTATTAATG,43,4685391
ybeDp,0.6,22,14,TCATCGAGGACCATAGAGCT,8,4633504
ybeDp,4.466666666666667,80,14,TCAGCTATCATGTGACGCAT,66,4634729
ybeDp,4.133333333333334,75,14,TCAAGTAGATGGGGGTGCTT,61,4639066
ybeDp,2.066666666666667,44,14,TCAACACAAGCGCATGTTCC,30,4681180
ybeDp,1.1333333333333333,30,14,TATTTAAGTGTCGGGGCATT,16,4623241
ybeDp,0.5333333333333333,21,14,TATTGTTCGACGATTAAAAC,7,4680825
ybeDp,1.6,37,14,TATTATCCGGCTAGTCGCGT,23,4623253
ybeDp,1.5333333333333334,36,14,TATTAGCAAAGGAGTATCCA,22,4630643
ybeDp,1.2,31,14,TATGAGTTAAAGTGCGTGTA,17,4669673
ybeDp,6.533333333333333,111,14,TATCTAGGTGGAGCGGAGAG,97,4675726
ybeDp,3.933333333333333,72,14,TATCAGGGCGGCAGAGTGAC,58,4680193
ybeDp,3.8666666666666667,71,14,TAGTAAGTCGAGAGTGGGAG,57,4664240
ybeDp,1.4,34,14,TAGGACGGATAACCTCGACA,20,4670360
ybeDp,5.466666666666667,95,14,TAGATCTGTTGACACGATGA,81,4677711
ybeDp,2.066666666666667,44,14,TAGAGTCAATCACCTAGGCA,30,4612053
ybeDp,2.8,55,14,TACTGTATGCAAACGTTTGT,41,4678265
ybeDp,5.133333333333334,90,14,TACGTAGATCACAATGTCCA,76,4637050
ybeDp,1.0666666666666667,29,14,TACCTATAGAACTTTGGAAT,15,4645774
ybeDp,0.4666666666666667,20,14,TACCCGCGAACTGGGTGAAT,6,4655055
ybeDp,4.8,85,14,TACATTGCTTCTTCGGAACC,71,4601706
ybeDp,1.8666666666666667,41,14,TACATTACGGACATTCATTT,27,4630876
ybeDp,0.9333333333333333,27,14,TACAGATCTTGGGGCGTCCG,13,4613022
ybeDp,1.2,31,14,TACACATTACGCGCTCTCGT,17,4662164
ybeDp,1.2,31,14,TAATTCTACTGAGTAAGTAG,17,4661319
ybeDp,2.2666666666666666,47,14,TAATCTTCCTGTGCAAGTCT,33,4619150
ybeDp,1.7333333333333334,39,14,TAATCATGCCTGTCTACGGC,25,4619572
ybeDp,1.2666666666666666,32,14,TAACCCGCTGCGTAACGTGA,18,4663125
ybeDp,1.4,34,14,GTTTCGACGTTATGGGACTG,20,4673432
ybeDp,1.3333333333333333,33,14,GTTTACTACGCGATTGCGCG,19,4625162
ybeDp,1.4666666666666666,35,14,GTTGGACGCAGATAAAGTGT,21,4670135
ybeDp,2.2,46,14,GTTCGCCGGCTTAGAGGCAA,32,4667580
ybeDp,20.533333333333335,321,14,GTTCCATGACCCGAAGTCGT,307,4687187
ybeDp,1.5333333333333334,36,14,GTTCATTGGAGCAATGGCTC,22,4632045
ybeDp,1.8666666666666667,41,14,GTTAGGATAAACGAACGAAA,27,4635365
ybeDp,1.2666666666666666,32,14,GTGTGCCTGATCAGGTTTTA,18,4640403
ybeDp,1.2666666666666666,32,14,GTGAGAGATTAAGGGCTGTA,18,4612248
ybeDp,2.933333333333333,57,14,GTGAACGCTGGTTCAGGCCT,43,4648601
ybeDp,2.7333333333333334,54,14,GTCTGCGGGAACCGGTCCGG,40,4614786
ybeDp,1.3333333333333333,33,14,GTCTGCCTCACATGAGTCCC,19,4653840
ybeDp,1.2,31,14,GTCGGAGCGGAACCAGGAGT,17,4615336
ybeDp,0.7333333333333333,24,14,GTCGAAGCCGTGAAGATGAT,10,4652870
ybeDp,0.13333333333333333,15,14,GTCCTGACCTGATATACCGG,1,4652629
ybeDp,0.13333333333333333,15,14,GTCCGGAAAACTTGGACCCT,1,4628674
ybeDp,4.933333333333334,87,14,GTCATTCAGATACAACATTA,73,4604097
ybeDp,2.0,43,14,GTCAGCTGGGCTTTCTACCC,29,4676737
ybeDp,1.1333333333333333,30,14,GTATTTGGCACTTAGACCCC,16,4603096
ybeDp,0.8,25,14,GTATTTCCTAGCTCAAAGTT,11,4609307
ybeDp,1.5333333333333334,36,14,GTAGATAACATTCAACCACG,22,4634284
ybeDp,1.6,37,14,GTAGAACCTAAATTCGTCTG,23,4603700
ybeDp,0.26666666666666666,17,14,GTACGTGGCTCTTGCGGTCA,3,4613602
ybeDp,0.8666666666666667,26,14,GTACAACATCTTCAGGCATA,12,4612218
ybeDp,0.9333333333333333,27,14,GTAATTATTTCCAATCCAGC,13,4673399
ybeDp,0.4,19,14,GTAACAATGCTCGCTGGTAC,5,4604629
ybeDp,5.466666666666667,95,14,GTAAAGAGGTTGTTTTATGT,81,4641216
ybeDp,0.2,16,14,GGTATTCGTCACGTCCAATT,2,4650407
ybeDp,0.5333333333333333,21,14,GGTAACCTCAAGCAGGGGGT,7,4615382
ybeDp,21.133333333333333,330,14,GGGCGTTTTTATGAGCCAAG,316,4627164
ybeDp,0.7333333333333333,24,14,GGGCGTTTATACATTGCAGT,10,4632270
ybeDp,1.8666666666666667,41,14,GGGCCGGCAAGATCCTCACA,27,4618023
ybeDp,1.2,31,14,GGCGGTAGATCGAGTTTACC,17,4615754
ybeDp,0.2,16,14,GGCGACCGTGGAATAGGATT,2,4622318
ybeDp,1.4,34,14,GGCAGTTGTCTTGGAGCGAA,20,4680864
ybeDp,1.8,40,14,GGCAATCGCTCAATGATTTT,26,4669784
ybeDp,2.2,46,14,GGATTGATCGTGTTTGCCGA,32,4607247
ybeDp,1.1333333333333333,30,14,GGATACGTCTAGTTTCACGG,16,4627406
ybeDp,11.133333333333333,180,14,GGAGAAGTGGGCGCCTTACG,166,4613133
ybeDp,1.1333333333333333,30,14,GGACGGGGGCAATAGCGTGC,16,4669129
ybeDp,3.0,58,14,GGACGCCCTCTAGATGCGAC,44,4620821
ybeDp,0.13333333333333333,15,14,GGAAGCGGAAGGAGTTTTAG,1,4630980
ybeDp,0.13333333333333333,15,14,GGAACAGTGCGCCCCGGGTT,1,4605902
ybeDp,1.7333333333333334,39,14,GCTTCTTTCTACCGAAGTTA,25,4657613
ybeDp,1.7333333333333334,39,14,GCTTCCCGTTCAGGCTTTCT,25,4615426
ybeDp,2.933333333333333,57,14,GCTCGCTAGGGTGGGCGGAA,43,4658619
ybeDp,2.066666666666667,44,14,GCTCCAGGGAATTCGTAGAG,30,4671405
ybeDp,0.7333333333333333,24,14,GCTAACCGTCGCGAGAGGCT,10,4603535
ybeDp,1.5333333333333334,36,14,GCTAAATCACATTGGACATT,22,4686043
ybeDp,0.6666666666666666,23,14,GCGTTCGAGCTTCTACATCG,9,4611673
ybeDp,0.8666666666666667,26,14,GCGGCGCCCGTTGTGGGGTG,12,4608690
ybeDp,1.1333333333333333,30,14,GCCTCGCCATGAGGGTCGTA,16,4631674
ybeDp,2.1333333333333333,45,14,GCCGGGTACTACTGGCAGAA,31,4668868
ybeDp,15.6,247,14,GCAAGTTCGTACTTTGCATC,233,4688224
ybeDp,1.8666666666666667,41,14,GATTCCTCATTGGAAACTGT,27,4619805
ybeDp,2.0,43,14,GATTAATAGGTTTCGGTTCA,29,4683276
ybeDp,1.4,34,14,GATCTCCACCTAATAGCCAA,20,4644505
ybeDp,4.8,85,14,GATCCGATACTTCACGTACT,71,4616240
ybeDp,2.6666666666666665,53,14,GATATACTCTAGCAATATAA,39,4625806
ybeDp,0.7333333333333333,24,14,GATAGGCGCGGCCGGACGCA,10,4685034
ybeDp,2.4,49,14,GATAAACAGAGCTCTGTCAT,35,4657969
ybeDp,0.13333333333333333,15,14,GAGTCAGTAGCAGCAACGTC,1,4674552
ybeDp,3.066666666666667,59,14,GAGTCAGTACACACGGCGGA,45,4618128
ybeDp,1.0666666666666667,29,14,GAGGTGACTTACCTACCACT,15,4619685
ybeDp,3.533333333333333,66,14,GAGGTAGCGTCATGTAGTTA,52,4678500
ybeDp,1.5333333333333334,36,14,GAGGACGGTTTCGGTGCAGC,22,4649812
ybeDp,0.6666666666666666,23,14,GAGCCGCTCCTCCCATGTCC,9,4629984
ybeDp,1.1333333333333333,30,14,GAGACCGCAAATGTGTGAGG,16,4627894
ybeDp,2.6,52,14,GAGAAGGGGCCATCCTTGCC,38,4652120
ybeDp,0.13333333333333333,15,14,GACGAGGAAGGCCATAATGA,1,4676309
ybeDp,1.8666666666666667,41,14,GACCGCACAAGCCTAGAGTT,27,4621916
ybeDp,2.2666666666666666,47,14,GACAGTCTAAATAAGGGGAT,33,4659885
ybeDp,19.733333333333334,309,14,GACAAGGGAAACACCAGCTT,295,4688219
ybeDp,0.4666666666666667,20,14,GAACGACTTGGATCTGCAAG,6,4609737
ybeDp,1.8666666666666667,41,14,CTTTAAGTTCCACCGCTGGT,27,4684981
ybeDp,1.0666666666666667,29,14,CTGGTACCCATGTACATCTC,15,4622692
ybeDp,0.7333333333333333,24,14,CTGGGGTCGGTCCCAAAGTA,10,4633517
ybeDp,2.0,43,14,CTGCAAGGCAATGGGGGCAA,29,4629970
ybeDp,0.8666666666666667,26,14,CTCTTTCTCGGGATAAGGTC,12,4657509
ybeDp,3.466666666666667,65,14,CTCTCGTCATTCTCAGTATA,51,4637032
ybeDp,0.13333333333333333,15,14,CTCGTTCGGCCCGAAATGCC,1,4619619
ybeDp,0.13333333333333333,15,14,CTCGACGGTTTGCTGAGGGT,1,4629683
ybeDp,1.9333333333333333,42,14,CTCGAAGGGTTTAGCACACG,28,4622826
ybeDp,1.2,31,14,CTCAACTCGCCTGAGTCGTT,17,4669102
ybeDp,1.2,31,14,CTATCACTCTATAGGGCTGG,17,4614705
ybeDp,2.533333333333333,51,14,CTAGAGGCGTAAGGGCGTTA,37,4658210
ybeDp,0.8666666666666667,26,14,CTACTGGGGTCGTCCCCAAC,12,4675319
ybeDp,1.3333333333333333,33,14,CTACAGTAACATTATTCCAT,19,4652010
ybeDp,1.1333333333333333,30,14,CTAATGGACCTCTACAGGCT,16,4649631
ybeDp,0.6666666666666666,23,14,CTAAGCCCAATGAATAGGCT,9,4685371
ybeDp,0.13333333333333333,15,14,CGTTCGGCTGTGCCTAAGAG,1,4627360
ybeDp,0.13333333333333333,15,14,CGTGGCTGCGGTAAACACGC,1,4639475
ybeDp,0.9333333333333333,27,14,CGTGCTACTCAATCATTCCA,13,4665626
ybeDp,0.9333333333333333,27,14,CGTGCATGCTACGCGCCATG,13,4635878
ybeDp,0.8,25,14,CGTGACCCGCGTGGACCTGG,11,4672489
ybeDp,0.4666666666666667,20,14,CGTCAAGGACCCTCAGCACT,6,4638242
ybeDp,0.6,22,14,CGTAGTTAGATTTGGCTAGA,8,4618826
ybeDp,0.9333333333333333,27,14,CGTAGGTCCTTAGCAACGTT,13,4664288
ybeDp,0.2,16,14,CGTACATCTATGATCTATAG,2,4624169
ybeDp,0.13333333333333333,15,14,CGTACAATTTAATAATTAAT,1,4625370
ybeDp,1.5333333333333334,36,14,CGGTTGCTTTATGGATTGTC,22,4661029
ybeDp,2.4,49,14,CGGTTAAGACAGATTCTGTT,35,4627412
ybeDp,1.2666666666666666,32,14,CGGTCTGAACTCGCGGCATA,18,4670596
ybeDp,0.6,22,14,CGGGTTATCGCAATTAGGAA,8,4634684
ybeDp,0.13333333333333333,15,14,CGGGTGCGAACTTTCATGAC,1,4642425
ybeDp,1.2666666666666666,32,14,CGGGATTGGGACTGGTGCTT,18,4681962
ybeDp,0.7333333333333333,24,14,CGGCGGGGAGCGATGGGCTA,10,4609627
ybeDp,0.13333333333333333,15,14,CGGATGGACGTAAACAATAC,1,4658949
ybeDp,1.0,28,14,CGCTCCACTCAAAACGTTTG,14,4616596
ybeDp,0.26666666666666666,17,14,CGCTCAGAGGAACGTGACCA,3,4613853
ybeDp,5.266666666666667,92,14,CGCGAGTCCGAAGCCGGTTA,78,4628386
ybeDp,0.8,25,14,CGCCAGAGACGACGCAGCAA,11,4652786
ybeDp,0.13333333333333333,15,14,CGCAGTAGCACGTATGGGGT,1,4617104
ybeDp,3.533333333333333,66,14,CGCACCCGCCTTACCTGATA,52,4640430
ybeDp,1.0,28,14,CGATATCTCTACCGCATTGC,14,4623278
ybeDp,2.6666666666666665,53,14,CGATACGCTTTCGGTATCCG,39,4621689
ybeDp,1.4,34,14,CGACTTGATCTCTACGTTCG,20,4635288
ybeDp,1.7333333333333334,39,14,CGAACATAGCGGCTAGTTGG,25,4635636
ybeDp,2.2,46,14,CCTTTAGCCTCCAGGCGCTA,32,4612792
ybeDp,2.3333333333333335,48,14,CCTGGTCTGGCGGGGGGGAG,34,4682686
ybeDp,0.13333333333333333,15,14,CCTGGCGTAGTCGAGCCACG,1,4603248
ybeDp,3.4,64,14,CCTCCTAAACGTTGTTGCCA,50,4626294
ybeDp,1.7333333333333334,39,14,CCTATGATTAGGCCCTAATT,25,4623160
ybeDp,3.2,61,14,CCTATCTTCCGCGGGCCAAT,47,4601863
ybeDp,1.6666666666666667,38,14,CCTATCATGCTTTACCGTCC,24,4659256
ybeDp,0.3333333333333333,18,14,CCGTGTCCATAACCTGAAAA,4,4683625
ybeDp,1.0666666666666667,29,14,CCGGGTGTCGTGATCAAAGG,15,4611607
ybeDp,10.533333333333333,171,14,CCGCATAATACGGGTACTGG,157,4646225
ybeDp,3.466666666666667,65,14,CCGACTATACCAACAAACTG,51,4640584
ybeDp,1.5333333333333334,36,14,CCCTGTTGTTATCCTCTGGA,22,4620394
ybeDp,0.4,19,14,CCCGGGAGTATCCGAGAGTA,5,4602742
ybeDp,0.3333333333333333,18,14,CCCCGGTGACATACCGCTAG,4,4605189
ybeDp,0.6,22,14,CCATGGTAGAAGTGTTGTTC,8,4646277
ybeDp,1.1333333333333333,30,14,CCAGTGTAACATGAGGCTTA,16,4667346
ybeDp,0.3333333333333333,18,14,CCAGCCCGCGAAGCGGAAGG,4,4646393
ybeDp,0.7333333333333333,24,14,CCACGTTGTGCCCCAATTTT,10,4673805
ybeDp,0.8666666666666667,26,14,CCAATCTAACCGTGGGACCA,12,4627662
ybeDp,1.9333333333333333,42,14,CCAACGTTTCGATACAGCGT,28,4676063
ybeDp,2.933333333333333,57,14,CATTCCCCAGTGTCACTATC,43,4643515
ybeDp,1.0666666666666667,29,14,CATGTTGAGATGGAGCACCT,15,4641607
ybeDp,0.13333333333333333,15,14,CATCGTGTTCTGCGCTCACT,1,4667934
ybeDp,0.4666666666666667,20,14,CATCATGAGCCACTGCCGCA,6,4660264
ybeDp,1.4,34,14,CAGGTCACTGGTGTGCCTCA,20,4674588
ybeDp,3.0,58,14,CAGGGCCTACGGACCATGGA,44,4655543
ybeDp,2.4,49,14,CAGGAGCATTACATGAATTT,35,4614387
ybeDp,2.2,46,14,CAGCCCCTCATGAAGAAAAC,32,4627740
ybeDp,8.133333333333333,135,14,CAGATGGTGACCTGTTAACC,121,4671746
ybeDp,0.13333333333333333,15,14,CACTGGCTCCCTATGTTCAT,1,4644210
ybeDp,3.7333333333333334,69,14,CACGTTAGGCTGATAGTCTC,55,4685242
ybeDp,0.6666666666666666,23,14,CACGGTACCGGTTTCGCCTC,9,4650780
ybeDp,2.8,55,14,CACCACACGTGTGGGTAGGT,41,4609629
ybeDp,0.9333333333333333,27,14,CAATCTTAGTATCATATTCT,13,4649955
ybeDp,2.3333333333333335,48,14,CAAGACTCCTCTCGAACCCA,34,4659565
ybeDp,1.2666666666666666,32,14,CAAACAGATACCCTAATTTT,18,4629229
ybeDp,3.4,64,14,CAAACACTATTTGGGGCACT,50,4655511
ybeDp,1.5333333333333334,36,14,ATTTTGGAATTCTCGCGCGA,22,4672539
ybeDp,1.5333333333333334,36,14,ATTATGTGCCACTCTACGAG,22,4618309
ybeDp,0.2,16,14,ATGGTGCTATGTGTCAACAT,2,4639795
ybeDp,2.933333333333333,57,14,ATGGAGGTATTCACGGCATC,43,4647875
ybeDp,2.466666666666667,50,14,ATCGATCTCGCTCGACAACT,36,4620078
ybeDp,0.8,25,14,ATCCTTAATTCTTGATGAGG,11,4676027
ybeDp,6.733333333333333,114,14,ATCCGAACTCATGGTTTGTT,100,4652378
ybeDp,3.066666666666667,59,14,ATCCAGGGCAGTCCTGTGAA,45,4603741
ybeDp,1.0,28,14,ATCACCAATCACCTGCTCTA,14,4610756
ybeDp,1.3333333333333333,33,14,ATATACGGATATCGAGGTGA,19,4678268
ybeDp,1.3333333333333333,33,14,ATAGTAATTTCACAAACGAT,19,4603251
ybeDp,0.5333333333333333,21,14,ATAGACAAGTCGGCTGCAGG,7,4650449
ybeDp,1.4666666666666666,35,14,ATACAGACATCGGGGAACTA,21,4655455
ybeDp,1.4,34,14,ATAAAGAGCCTGGTCCAATA,20,4632970
ybeDp,2.2,46,14,AGTTTAATCAGGCGCGCCTT,32,4639809
ybeDp,1.2,31,14,AGTTGACATTCAGTTTTTTA,17,4657221
ybeDp,1.2666666666666666,32,14,AGTTAGATCCCACCTAAATG,18,4657327
ybeDp,1.6666666666666667,38,14,AGTGGAGTCAGATCCCCATG,24,4674073
ybeDp,0.8666666666666667,26,14,AGTGATGGGGATTATTAGCA,12,4630370
ybeDp,1.0666666666666667,29,14,AGTGATGCGCGAGCTCCCTA,15,4643071
ybeDp,1.6666666666666667,38,14,AGTGAGTTTTGAGGTTCTCG,24,4650361
ybeDp,3.6666666666666665,68,14,AGGAGCGGTAGAGCCCAGAC,54,4614462
ybeDp,0.6666666666666666,23,14,AGGACAACCTACCCTGGTAA,9,4665148
ybeDp,2.1333333333333333,45,14,AGCTTTAACTGTTAACTGTC,31,4675716
ybeDp,2.533333333333333,51,14,AGCTCTCGCATCGCTGTGAG,37,4653474
ybeDp,3.8666666666666667,71,14,AGCTAACCTCCTTGAGTTTT,57,4641878
ybeDp,0.6,22,14,AGCGAGGTTGAGTGCGGGAA,8,4658877
ybeDp,0.4,19,14,AGCGACACCTGTGTCATTAT,5,4627358
ybeDp,10.333333333333334,168,14,AGCCTTTACGACCTACAGTC,154,4646044
ybeDp,3.1333333333333333,60,14,AGCCTCTCGTTGTCGGGGAC,46,4658519
ybeDp,0.13333333333333333,15,14,AGCACTATTATCGTATCCCC,1,4669618
ybeDp,1.7333333333333334,39,14,AGCACCCAATCAAGGCTCTA,25,4656721
ybeDp,1.7333333333333334,39,14,AGATGGGGGCCACTCGCTCG,25,4637632
ybeDp,0.8666666666666667,26,14,AGATCCTTAAGTCCATGCCA,12,4631915
ybeDp,1.4666666666666666,35,14,AGATATCTCGTACCACGGGA,21,4675530
ybeDp,2.0,43,14,AGATACACGGCCAAGGGCTG,29,4660629
ybeDp,1.8666666666666667,41,14,AGAGGGACAGTCGAGAGGTC,27,4659017
ybeDp,4.333333333333333,78,14,AGAGGCAGAGTTCTCCTTTG,64,4604152
ybeDp,0.2,16,14,AGAGAATTTAGGCGCATCCA,2,4611725
ybeDp,2.4,49,14,AGACTTGGGATATTTGCCGT,35,4650447
ybeDp,2.8666666666666667,56,14,AGACGCTCGTGAGGCCACAA,42,4649561
ybeDp,0.13333333333333333,15,14,AGACCTTGTATTGCGCGTTA,1,4614888
ybeDp,1.2666666666666666,32,14,AGACATTGGCTGACATCGTT,18,4685484
ybeDp,2.0,43,14,AGACAGCCCCGCATAAGCCC,29,4617618
ybeDp,1.4666666666666666,35,14,AGAATGGTCCTACGGCGGGC,21,4614634
ybeDp,1.5333333333333334,36,14,AGAATATGCCATAAGGTCAA,22,4686980
ybeDp,5.466666666666667,95,14,ACTTCGCCCTGGTAAAGCGG,81,4676185
ybeDp,0.8666666666666667,26,14,ACTCCTTACGTTGCGTCGAA,12,4684330
ybeDp,0.13333333333333333,15,14,ACTCCCTTGCCGCGGTAGAG,1,4688086
ybeDp,1.0666666666666667,29,14,ACGTTCTTCTGGGCCTCAGT,15,4630359
ybeDp,1.4666666666666666,35,14,ACGTCAGAAAAATTTAGACT,21,4638360
ybeDp,0.5333333333333333,21,14,ACGGGGATATGCAACAAAGC,7,4635617
ybeDp,0.5333333333333333,21,14,ACGGGCCTATCCCACGGTCT,7,4680835
ybeDp,0.7333333333333333,24,14,ACGAAACGTTACCTGGTTGG,10,4671360
ybeDp,0.13333333333333333,15,14,ACCGGTTCCTTAAACAATCA,1,4653371
ybeDp,0.13333333333333333,15,14,ACCGGGGATTGCGTCTCACG,1,4665216
ybeDp,1.4,34,14,ACCCGGTTTCTTATATAGGT,20,4611476
ybeDp,1.0666666666666667,29,14,ACCAAGTGGTGGATTCAAGA,15,4638326
ybeDp,0.4,19,14,ACAGAAAGAGGCAGCCGAAT,5,4648027
ybeDp,2.4,49,14,ACACAGTAGGATGAACAAGT,35,4668418
ybeDp,1.2666666666666666,32,14,ACACACAGTGCGCATGTAAC,18,4647091
ybeDp,0.8666666666666667,26,14,AATTTCGCAAAAACGGTCCA,12,4649828
ybeDp,1.3333333333333333,33,14,AATTCCTACCAATGACTCTG,19,4659550
ybeDp,1.2,31,14,AATTAAGATTCGTCTCCCCA,17,4606509
ybeDp,4.666666666666667,83,14,AATCGCCGGCAGGCGGACTA,69,4654353
ybeDp,2.4,49,14,AATCCACATCAATAAGGGCA,35,4607438
ybeDp,2.1333333333333333,45,14,AAGTCGGATAAGCTCAGTTA,31,4651670
ybeDp,0.6,22,14,AAGGCTAACCTCGCTCCGCT,8,4636630
ybeDp,11.8,190,14,AAGCTTCACGTCGTACGGCT,176,4684091
ybeDp,1.7333333333333334,39,14,AAGCCGTGATAAGGAGCGCA,25,4615188
ybeDp,0.2,16,14,AAGCCAATCAGGAGGCCATG,2,4649285
ybeDp,1.0666666666666667,29,14,AAGCATCACTGAATCCTGGG,15,4606977
ybeDp,4.266666666666667,77,14,AAGAACTAAGTCATTTTTCG,63,4639829
ybeDp,6.466666666666667,110,14,AACTAAAAACCCTACGTGAG,96,4675598
ybeDp,0.13333333333333333,15,14,AACGTCTCGTACTCAGAGTT,1,4669582
ybeDp,1.5333333333333334,36,14,AACGTACACTTGAGTTTCGT,22,4669857
ybeDp,0.3333333333333333,18,14,AACCTTCGCGACTGACGTGG,4,4675966
ybeDp,2.3333333333333335,48,14,AACACTGCTAAAGCCGTCAT,34,4603485
ybeDp,0.5333333333333333,21,14,AACAAGGGTGTGACTGTCGT,7,4661165
ybeDp,1.2666666666666666,32,14,AAAGTGGTTTAGATAATCTT,18,4609554
ybeDp,6.266666666666667,107,14,AAAGGTACGAACCTTCAAGT,93,4641198
ybeDp,0.4,19,14,AAAAGATATCAGCAGTGGTA,5,4658944
ybeDp,7.666666666666667,128,14,AAAACACGACGTTATTTCAT,114,4662312
ybeDp,2.0,40,13,TTTTTGACCCCGGCGCAGTA,27,4625706
ybeDp,1.0,26,13,TTTTGAGAGACGCGCCCCCA,13,4610447
ybeDp,3.5,61,13,TTTTGAAGCGGAATCGATGT,48,4669033
ybeDp,0.42857142857142855,18,13,TTTTATCCTAAACAAAGTTT,5,4641261
ybeDp,0.35714285714285715,17,13,TTTGACTGTGATGAGCAAAT,4,4635014
ybeDp,0.35714285714285715,17,13,TTTCCGATTTAAAACTACCA,4,4642454
ybeDp,3.2857142857142856,58,13,TTTAAAGGCACGGTAAATAG,45,4671292
ybeDp,3.9285714285714284,67,13,TTGTCCGTAACTGGTTTCTG,54,4654653
ybeDp,2.142857142857143,42,13,TTGTATGCTACAGCCGTCGT,29,4616223
ybeDp,1.6428571428571428,35,13,TTGGTGGCAGTGCAGACGCT,22,4616716
ybeDp,5.214285714285714,85,13,TTGGGCACTGTCCTAGACTG,72,4634556
ybeDp,0.7142857142857143,22,13,TTGGGATGCCGGCTTCAGCG,9,4611076
ybeDp,3.5714285714285716,62,13,TTGCAGATAGTGGCATTTCC,49,4664074
ybeDp,1.2142857142857142,29,13,TTGAAGTCGTTCACCCTAGC,16,4627904
ybeDp,1.0714285714285714,27,13,TTGAACTGTTCCGATCCCTC,14,4613622
ybeDp,0.35714285714285715,17,13,TTCTCTTCGGGGGGTGCCTG,4,4655536
ybeDp,4.142857142857143,70,13,TTCTCGGTTATAATCGAGTA,57,4625618
ybeDp,10.0,152,13,TTCGAGAGCTCGAACAATCG,139,4684420
ybeDp,0.2857142857142857,16,13,TTCAGTGGGCGCGTAAACTC,3,4656206
ybeDp,2.5714285714285716,48,13,TTCAATATGAGAACTTGGTG,35,4658559
ybeDp,1.2142857142857142,29,13,TTAATCCTAATCAAAACTGT,16,4623548
ybeDp,1.0,26,13,TTAAGTGTGTTTTATCGTAC,13,4608295
ybeDp,1.2857142857142858,30,13,TGTTGCGGTGCTGAGGCCTA,17,4634674
ybeDp,0.7857142857142857,23,13,TGTTATGCTTTTGTGATGAT,10,4621643
ybeDp,0.42857142857142855,18,13,TGTTACAAAATTTGAAGCCG,5,4602197
ybeDp,3.5714285714285716,62,13,TGTTAAGCAAAACGCCACAC,49,4640840
ybeDp,2.9285714285714284,53,13,TGTGACCTAGAAAGCGGCAT,40,4610339
ybeDp,3.357142857142857,59,13,TGTCGACTCCGATACTACTG,46,4664958
ybeDp,0.5,19,13,TGTATATTAGACACGTCTCG,6,4655331
ybeDp,0.9285714285714286,25,13,TGTACCCATAAGTACCACAT,12,4657443
ybeDp,0.14285714285714285,14,13,TGGGTTAAGGAACGTTAGCC,1,4652170
ybeDp,5.071428571428571,83,13,TGGGCCGAACGGTGACACGA,70,4679663
ybeDp,0.14285714285714285,14,13,TGGCAAAGTAAAGAGTCTGA,1,4682145
ybeDp,1.0714285714285714,27,13,TGGACCTCGATAGCATAAGA,14,4653269
ybeDp,4.5,75,13,TGGACAGCATGACACTTCTG,62,4687426
ybeDp,1.4285714285714286,32,13,TGGAATCTCATCTCGTCCTA,19,4626315
ybeDp,0.9285714285714286,25,13,TGCTCAGGATGACCGTACGG,12,4675131
ybeDp,3.0,54,13,TGCTCAATGCATGACCATGT,41,4603834
ybeDp,5.714285714285714,92,13,TGCCTTATTGCGGTACCATT,79,4679367
ybeDp,2.2857142857142856,44,13,TGCCCTTCGGATCTTTGGGA,31,4641039
ybeDp,0.8571428571428571,24,13,TGCCCCCTCGCCTAGTTTGC,11,4620424
ybeDp,0.35714285714285715,17,13,TGCCACGCACTCGTTAACAT,4,4682667
ybeDp,0.14285714285714285,14,13,TGCAAAGACTTCGTACGCGT,1,4666878
ybeDp,1.5714285714285714,34,13,TGCAAAAAGTACCTGGGCTG,21,4633248
ybeDp,2.7142857142857144,50,13,TGATCCGCACGTAGAAATCA,37,4631943
ybeDp,3.4285714285714284,60,13,TGAGAAGATTTAGAGGACGG,47,4628157
ybeDp,1.2857142857142858,30,13,TGAACAATTAGGATCCTCTT,17,4643658
ybeDp,1.7142857142857142,36,13,TCTTACCCGGACCGTTTATC,23,4608573
ybeDp,0.6428571428571429,21,13,TCTCTGAAGAACCTGCTTGG,8,4641790
ybeDp,0.35714285714285715,17,13,TCTCCAGCGCCATAAACATT,4,4608277
ybeDp,3.357142857142857,59,13,TCTACAAGTTAAGATTGGTC,46,4642564
ybeDp,0.14285714285714285,14,13,TCGTGGTAGTATCGGCACGA,1,4628999
ybeDp,0.42857142857142855,18,13,TCGTGGAATTCGGGTACGGC,5,4660530
ybeDp,0.6428571428571429,21,13,TCGTGATATGCGTCCTTGGC,8,4624748
ybeDp,1.7857142857142858,37,13,TCGGTGGTCATATAGGAGCC,24,4610268
ybeDp,0.7142857142857143,22,13,TCGGTAAAGTCAACTGGGAT,9,4659955
ybeDp,1.7142857142857142,36,13,TCGGGCAGGATCAAATCGAT,23,4615534
ybeDp,0.14285714285714285,14,13,TCGCGTCTTCATATTAATCT,1,4680188
ybeDp,1.5,33,13,TCCTGGGATCTAAATGGAAA,20,4627884
ybeDp,0.5714285714285714,20,13,TCCTATAGGGATCACCGTAC,7,4664498
ybeDp,3.5714285714285716,62,13,TCCTACTGCACTCAGACGGC,49,4647057
ybeDp,1.6428571428571428,35,13,TCCCTGGCGCGTACAATCGT,22,4628398
ybeDp,0.8571428571428571,24,13,TCCCGGTTCCAGGACTCATC,11,4628867
ybeDp,3.2142857142857144,57,13,TCCCGGCTGCAGGCTAGGTT,44,4668165
ybeDp,1.2857142857142858,30,13,TCCATGCATGTTTGTTACAT,17,4626593
ybeDp,26.285714285714285,380,13,TCATCGGTCGCTTAAATAGT,367,4640293
ybeDp,2.0714285714285716,41,13,TCATATGAGAAAGGGACCAA,28,4641606
ybeDp,0.2857142857142857,16,13,TCATATAATGGATACACCGG,3,4628496
ybeDp,0.7142857142857143,22,13,TCAGCGGGGTCGCTGTTTGG,9,4648656
ybeDp,0.14285714285714285,14,13,TCAGCACGTGTACATGAAAT,1,4662787
ybeDp,1.7142857142857142,36,13,TCAGAATATGGGACGGTTAA,23,4627751
ybeDp,0.5714285714285714,20,13,TCACGTATAGGAACGCTTTT,7,4667860
ybeDp,1.7857142857142858,37,13,TCAAATTCCCTCCACGTCGG,24,4668896
ybeDp,1.5,33,13,TATTCTTTGGGCGCCCGGCT,20,4659906
ybeDp,1.6428571428571428,35,13,TATGTTCTCGCCGCTCACTT,22,4620605
ybeDp,0.14285714285714285,14,13,TATGGGGGCAGGGTTATATA,1,4631719
ybeDp,2.7857142857142856,51,13,TATGGCGTGTCCAGGCGTAA,38,4641358
ybeDp,2.2857142857142856,44,13,TATCCCTGGAGGTACCGGTC,31,4665560
ybeDp,4.357142857142857,73,13,TATCCACTGTGCATAAAAAA,60,4602288
ybeDp,0.7857142857142857,23,13,TATCACAACGTGGTATAGTC,10,4630940
ybeDp,1.4285714285714286,32,13,TAGGTCGCGTAGCGACGTAT,19,4653135
ybeDp,0.21428571428571427,15,13,TAGCGACCAGGGGAGGATAT,2,4605642
ybeDp,1.8571428571428572,38,13,TAGAAGTCGGGGTGGTCGCG,25,4681776
ybeDp,0.42857142857142855,18,13,TACGCGTGAGAGATGGCCAA,5,4633692
ybeDp,1.9285714285714286,39,13,TACGAGATATCATACGGGAA,26,4653161
ybeDp,1.7857142857142858,37,13,TACCGGAGTTCTGGGGCGCA,24,4683959
ybeDp,0.7857142857142857,23,13,TACATGCCACATTGTCTGTC,10,4620447
ybeDp,4.0,68,13,TAATTAACTTCAAATTAGGC,55,4655898
ybeDp,0.7142857142857143,22,13,TAATCCTAGCGGGTACCCGG,9,4639084
ybeDp,0.14285714285714285,14,13,TAATAGTGTTGAACGCATCT,1,4663367
ybeDp,0.14285714285714285,14,13,TAACTCAGCCTTGGCGAGTT,1,4614761
ybeDp,51.42857142857143,732,13,TAAAGCCTTTAGCCGGCTCA,719,4634381
ybeDp,0.35714285714285715,17,13,TAAAACCGTGGCATTATTTT,4,4612585
ybeDp,2.5,47,13,GTTCCGCGCGGAACTAGGAT,34,4606455
ybeDp,1.2857142857142858,30,13,GTTAAAGCCTGTTCTTTTAT,17,4618991
ybeDp,3.4285714285714284,60,13,GTTAAACCACGGTTTCGTTT,47,4602672
ybeDp,8.571428571428571,132,13,GTGTGGTTTCCTTCCGGCGG,119,4661496
ybeDp,2.642857142857143,49,13,GTGTGGTTCGAACGCTGGGT,36,4677377
ybeDp,1.3571428571428572,31,13,GTGGAGTCTCACTCATACAC,18,4612464
ybeDp,1.8571428571428572,38,13,GTGCATTGCGAGTGTAGACC,25,4633337
ybeDp,1.0714285714285714,27,13,GTGACGACATATCTGAGAAG,14,4662500
ybeDp,2.2142857142857144,43,13,GTGACAAGTCCTTCTGCGAA,30,4662335
ybeDp,1.4285714285714286,32,13,GTCTCTACGAAGTAGACAAC,19,4675164
ybeDp,2.857142857142857,52,13,GTCTCACTGTTTCTTGCAGT,39,4620806
ybeDp,3.357142857142857,59,13,GTCGGTAGATACAGTGACAA,46,4633325
ybeDp,1.7857142857142858,37,13,GTCGGGTTGAGGTCAAAAAT,24,4638643
ybeDp,6.5,103,13,GTCGCCGACGATGGATCGCA,90,4681344
ybeDp,5.857142857142857,94,13,GTCAGAGGGCGTGTCGCCAC,81,4606017
ybeDp,5.071428571428571,83,13,GTAGTGTACGCGAACTCGAT,70,4634135
ybeDp,2.7142857142857144,50,13,GTAATACCATTCGATCCTTA,37,4687858
ybeDp,0.2857142857142857,16,13,GGTGGTACTCAAAATCGCGC,3,4617864
ybeDp,3.7142857142857144,64,13,GGTGCACGTGGTAACTCTAT,51,4646629
ybeDp,2.0714285714285716,41,13,GGTCTGAGGTTCAGGTGTAT,28,4667236
ybeDp,3.0,54,13,GGTCACCACGCGGCTACACT,41,4633084
ybeDp,1.7857142857142858,37,13,GGGTATTAGGGCAAGGGAAG,24,4626881
ybeDp,0.6428571428571429,21,13,GGGGGATAGAACTAAAATCT,8,4648322
ybeDp,0.9285714285714286,25,13,GGGCTAGCCGGTGATACTCG,12,4640930
ybeDp,2.357142857142857,45,13,GGGCGAAGCGGGGAGGCTTT,32,4666151
ybeDp,1.3571428571428572,31,13,GGGCATTGAACAGCGTGTCA,18,4646465
ybeDp,0.35714285714285715,17,13,GGGCAGCAACCATTTCGTGG,4,4611775
ybeDp,1.4285714285714286,32,13,GGGAGCGCCAAGTGACCTGC,19,4653557
ybeDp,0.5714285714285714,20,13,GGGACTCAGTATTAGTAGCA,7,4628361
ybeDp,1.3571428571428572,31,13,GGCGCGGGCGCAGATAGCCA,18,4680935
ybeDp,0.7142857142857143,22,13,GGCGCATTTTTACAGAGCGG,9,4639849
ybeDp,0.35714285714285715,17,13,GGCCTTAGTGTCTCCTGCGT,4,4606501
ybeDp,3.2142857142857144,57,13,GGCCTCCTGGAATGCCTAGG,44,4657972
ybeDp,2.4285714285714284,46,13,GGCATAGTCACGGAGCGAGG,33,4621434
ybeDp,0.5,19,13,GGATGCGACACATTTCGAGC,6,4655956
ybeDp,0.9285714285714286,25,13,GGATCTGGGTCGACTGTCGC,12,4623157
ybeDp,1.7142857142857142,36,13,GGATCTCGATGGGGGCCGTT,23,4620500
ybeDp,5.714285714285714,92,13,GGAGTGCCGTTGGTAGGGCT,79,4677706
ybeDp,0.42857142857142855,18,13,GGAGACACATAGCGGCATAA,5,4661002
ybeDp,0.21428571428571427,15,13,GGACATGGGCGAGTAAGACA,2,4661896
ybeDp,2.2142857142857144,43,13,GGACATCTGGAGTGCCATTT,30,4611527
ybeDp,4.285714285714286,72,13,GGAAACCTTATGTGAGTTTC,59,4670621
ybeDp,3.7142857142857144,64,13,GCTTCAGAGGACTATTCCAT,51,4685715
ybeDp,11.071428571428571,167,13,GCTGTTTACAATTCCACCCC,154,4645819
ybeDp,1.2142857142857142,29,13,GCTATCTGACAGGCACAGGT,16,4616792
ybeDp,0.9285714285714286,25,13,GCTACGGCCTGTGACTTCGC,12,4663275
ybeDp,0.2857142857142857,16,13,GCGTGTGGGGATCATATCGG,3,4675070
ybeDp,2.642857142857143,49,13,GCGGAGGGTCCCTGTACTGA,36,4607201
ybeDp,0.8571428571428571,24,13,GCGCAATACTGGAACGTTGC,11,4667774
ybeDp,1.5714285714285714,34,13,GCGAGAGTTAATCCCGACTG,21,4664261
ybeDp,2.2142857142857144,43,13,GCCGTCCCCTGGATTCTCGC,30,4660683
ybeDp,2.0,40,13,GCCGAGAATACACGCAGTGA,27,4669928
ybeDp,1.5,33,13,GCCCTTTGGCGCGCCTTATC,20,4634060
ybeDp,0.42857142857142855,18,13,GCCCACGCGGGACAACGTCT,5,4685074
ybeDp,0.5,19,13,GCCATGATTCCCGACAGCGC,6,4662707
ybeDp,2.0714285714285716,41,13,GCAGTTTGTAAGGATACGTA,28,4608374
ybeDp,1.5,33,13,GCAGTGAAGCTCCATTTGTA,20,4605149
ybeDp,1.7857142857142858,37,13,GCAGGGCGTTAGGGTAAACC,24,4662715
ybeDp,0.5,19,13,GCAATGACGGATCGTTCTAG,6,4667267
ybeDp,2.5,47,13,GCAACGTGAGCGCTGGTATA,34,4613412
ybeDp,0.2857142857142857,16,13,GATGTCGTATCACCACAATT,3,4605543
ybeDp,1.2857142857142858,30,13,GATGTAAAACCTAGACGACT,17,4665979
ybeDp,0.14285714285714285,14,13,GATGCTGTCATCTGTTTGAC,1,4619244
ybeDp,0.14285714285714285,14,13,GATCCGATTCTGCTCTGCCG,1,4630017
ybeDp,0.9285714285714286,25,13,GATAGACACATACTTGGTGT,12,4662505
ybeDp,2.857142857142857,52,13,GATACAATGCCGTTTCACTT,39,4653592
ybeDp,0.7142857142857143,22,13,GAGTAGTAGATCCGGGTCGG,9,4629315
ybeDp,0.14285714285714285,14,13,GAGGGGGAGTGCTAGTATGT,1,4662497
ybeDp,0.7142857142857143,22,13,GAGGCCCGCAGCCCCGATTG,9,4647012
ybeDp,1.3571428571428572,31,13,GAGCTTCTGCGGTCATTGCA,18,4628990
ybeDp,1.7142857142857142,36,13,GAGCTGTCATTCGTTACTCA,23,4632706
ybeDp,0.7857142857142857,23,13,GAGCGGGATAAACTAAGTTT,10,4608060
ybeDp,1.7857142857142858,37,13,GAGACTCAATTTGGGATCTT,24,4627370
ybeDp,1.0,26,13,GACCGTGACGATGAGAACGT,13,4667640
ybeDp,0.2857142857142857,16,13,GACAAGTTGCGACTTTGGTG,3,4667202
ybeDp,0.35714285714285715,17,13,GAATGTTATCAGACCCAGGT,4,4618194
ybeDp,0.7857142857142857,23,13,GAACCTTGTTCTCTTTTACA,10,4605466
ybeDp,1.0714285714285714,27,13,CTTTTCTTATGCTTCGAACA,14,4646809
ybeDp,0.7142857142857143,22,13,CTTTCAGGTGCCTTTCAAGT,9,4669558
ybeDp,0.5,19,13,CTGTCACTGGAGAACTACCC,6,4685804
ybeDp,0.42857142857142855,18,13,CTGCTTTGGTTTCTTTCGAT,5,4637811
ybeDp,1.2142857142857142,29,13,CTGCGCTACGATATCAGAAT,16,4650333
ybeDp,0.14285714285714285,14,13,CTGCCGGGTCCCAATTACAC,1,4651036
ybeDp,2.0714285714285716,41,13,CTGCATTAAACGATTGCTTA,28,4644372
ybeDp,0.14285714285714285,14,13,CTGATTGGCCGCGTGTGAGA,1,4645451
ybeDp,0.2857142857142857,16,13,CTGATTCGGTAACACGGCCA,3,4639239
ybeDp,1.2142857142857142,29,13,CTCGCAACCAAGGCCCAATT,16,4659406
ybeDp,1.5714285714285714,34,13,CTCCGGCCTAAACCCGGCCA,21,4662740
ybeDp,4.142857142857143,70,13,CTCCGCCCTTTGCGCATTCC,57,4607876
ybeDp,1.0714285714285714,27,13,CTATGGTCAATTGGCACAGT,14,4637656
ybeDp,1.3571428571428572,31,13,CTAGCAGAAGGAAGGTTGTC,18,4672112
ybeDp,2.0714285714285716,41,13,CTAGACCTTTCTAGCTCAAT,28,4638975
ybeDp,1.3571428571428572,31,13,CTACGTACGCCGTGCATTTC,18,4626687
ybeDp,0.8571428571428571,24,13,CTACGGCTCCGTTGGCTCAT,11,4616730
ybeDp,0.35714285714285715,17,13,CGTTCGGATTATATCCAAGT,4,4640549
ybeDp,0.14285714285714285,14,13,CGTTCATGCCGCTGTAAGTC,1,4630301
ybeDp,2.5,47,13,CGTTAGCGCCACCAGGTCCT,34,4626616
ybeDp,0.8571428571428571,24,13,CGTCGAGTCTTCGGCATGGC,11,4616535
ybeDp,1.0714285714285714,27,13,CGTCAAACGGCATCGGTCGA,14,4666962
ybeDp,0.2857142857142857,16,13,CGTACATCTGATGCACCACA,3,4633950
ybeDp,1.3571428571428572,31,13,CGTACATATGATCGGGCATT,18,4632216
ybeDp,0.35714285714285715,17,13,CGGTTACCTAGGTAAGACAG,4,4630125
ybeDp,2.7142857142857144,50,13,CGGTGGTATACCAGAACACT,37,4678650
ybeDp,2.7857142857142856,51,13,CGGGTGTTAAACTAGGGTGC,38,4636126
ybeDp,2.357142857142857,45,13,CGGATCTGCGTAGGAACGAC,32,4626578
ybeDp,0.35714285714285715,17,13,CGGAGCTATTTCTGTTGTAA,4,4644575
ybeDp,1.3571428571428572,31,13,CGCTCGCGAGACCAAGGTGG,18,4662400
ybeDp,0.14285714285714285,14,13,CGCTAAAGCAGCTTCACGCC,1,4640139
ybeDp,0.14285714285714285,14,13,CGCGTTTCGTGTCCAACGCA,1,4652730
ybeDp,1.0714285714285714,27,13,CGCGGTTCTTGCACACTGTT,14,4615790
ybeDp,2.142857142857143,42,13,CGCCTTGGGTGCTTTCTGCG,29,4684518
ybeDp,6.357142857142857,101,13,CGCCATCGTCTTGTGTGCTA,88,4686424
ybeDp,2.857142857142857,52,13,CGATTCCCGGGTATGATATT,39,4607084
ybeDp,0.8571428571428571,24,13,CGAGCTGCGGCTGCTGGAGT,11,4679387
ybeDp,0.5714285714285714,20,13,CGAGCTCCTAATCTGGGTGT,7,4669352
ybeDp,1.5714285714285714,34,13,CGACGGCGTGACACCAGGGT,21,4661024
ybeDp,2.357142857142857,45,13,CCTTGCAGTCGGGGAGCTTT,32,4674184
ybeDp,0.7142857142857143,22,13,CCTGTAGCATACCGTTGAGT,9,4609768
ybeDp,1.1428571428571428,28,13,CCTGATTCTTGACTTTACAT,15,4673437
ybeDp,2.2857142857142856,44,13,CCTCCTAACCGGCGCAGAGT,31,4664474
ybeDp,1.6428571428571428,35,13,CCGGTAGGGTTGAGAAGCGT,22,4609383
ybeDp,0.5,19,13,CCGGGCTTAGGCAGTCCAGA,6,4639366
ybeDp,10.142857142857142,154,13,CCGAAAGTGTTCCGTAAGCA,141,4665418
ybeDp,2.5,47,13,CCCTTCCATACAATATATAT,34,4661220
ybeDp,1.6428571428571428,35,13,CCCTGGCCTGTTTCGGACCG,22,4673030
ybeDp,3.5714285714285716,62,13,CCCTGACGAAAACGGAAATC,49,4635845
ybeDp,0.5714285714285714,20,13,CCCGTTAGATATGCGTGAGG,7,4666054
ybeDp,0.9285714285714286,25,13,CCCGCCATGTTGACATTCAA,12,4676274
ybeDp,0.14285714285714285,14,13,CCCCCACACCTAGGCAGGTC,1,4666431
ybeDp,0.7142857142857143,22,13,CCCACCAGGACGATGTACGA,9,4639180
ybeDp,1.5,33,13,CCATTTCACGTAAGCAATTT,20,4611640
ybeDp,0.8571428571428571,24,13,CCACTGTTCTTCATACTTGT,11,4670358
ybeDp,2.857142857142857,52,13,CCACTCGTAAACCGATCGTG,39,4609819
ybeDp,2.2857142857142856,44,13,CCACGCTGACGGACTCAGTC,31,4629516
ybeDp,2.9285714285714284,53,13,CCACAGGCCAGGCGCTTGTT,40,4635929
ybeDp,1.2857142857142858,30,13,CATTTTGCGCTCTCGTCGCT,17,4627194
ybeDp,1.5,33,13,CATTAGTTACTAGATTCATC,20,4653399
ybeDp,0.35714285714285715,17,13,CATGGGTTGCCCGCCATATG,4,4643470
ybeDp,0.14285714285714285,14,13,CATGAAACAAACTTGCTGCG,1,4614863
ybeDp,3.142857142857143,56,13,CATCTGATTGGGCTCAATAT,43,4637539
ybeDp,2.642857142857143,49,13,CATCTCTTGTAAGTCTGATT,36,4648030
ybeDp,1.9285714285714286,39,13,CATCTCAATCAGTCTATGCT,26,4655674
ybeDp,0.42857142857142855,18,13,CATATTCGAAATGATCAGTC,5,4608821
ybeDp,1.0,26,13,CAGTTTAGAAAGGTACCGCT,13,4687553
ybeDp,0.14285714285714285,14,13,CAGCGCCGCCAGCGTGGGTT,1,4659414
ybeDp,1.7142857142857142,36,13,CAGAGGTGAAACGCGACAAC,23,4615120
ybeDp,3.142857142857143,56,13,CAGAGGGGAAAGCGCTGCTC,43,4662671
ybeDp,2.7142857142857144,50,13,CACTCGAGGTCTAGCACACT,37,4609674
ybeDp,2.0,40,13,CACTACAATTGATATGCAAC,27,4652219
ybeDp,5.5,89,13,CACGTGCAGATTTTCCTCCC,76,4646636
ybeDp,0.5,19,13,CAATTCTAGGTGTTGCTCAC,6,4669473
ybeDp,0.14285714285714285,14,13,CAATTCCCTGTGGATATAAA,1,4655886
ybeDp,0.7142857142857143,22,13,CAATGCCACAATTTGCCCAG,9,4611615
ybeDp,1.2857142857142858,30,13,CAATCGGGGACTGCATTGGC,17,4668596
ybeDp,3.5,61,13,CAAGTGAGAGGTTAACGGAT,48,4647120
ybeDp,1.5714285714285714,34,13,CAAGGATCACTCCCGGCGAT,21,4630792
ybeDp,1.1428571428571428,28,13,CAACGGCAAGCGACGTGGGA,15,4671069
ybeDp,3.4285714285714284,60,13,CAACCCCAGGATTTACTGCA,47,4682795
ybeDp,7.857142857142857,122,13,CAACAGTTTTTGTAACCTGT,109,4675405
ybeDp,0.9285714285714286,25,13,CAACAAACATCGCTACGAAA,12,4662471
ybeDp,0.2857142857142857,16,13,CAAACAGCGCAGGGTTGAAT,3,4679289
ybeDp,0.8571428571428571,24,13,ATTGCTGGCAGCCAAAAGCC,11,4606638
ybeDp,0.7857142857142857,23,13,ATTGCGCGAGTTGGGAATCA,10,4651281
ybeDp,0.9285714285714286,25,13,ATTAGATGTCATTTCCAAAT,12,4656416
ybeDp,1.7142857142857142,36,13,ATTAAACGGATAAGGCCTCT,23,4631050
ybeDp,0.14285714285714285,14,13,ATGTTTAATACTTAGTATCT,1,4612062
ybeDp,1.2857142857142858,30,13,ATGTGAAATTCGAATATATT,17,4620565
ybeDp,4.428571428571429,74,13,ATGGGGGCCTGAATTTATTA,61,4661628
ybeDp,1.2142857142857142,29,13,ATGGGGCTATATAAAGAAGG,16,4644044
ybeDp,2.9285714285714284,53,13,ATGCGTGAATAGATCCGAGA,40,4674499
ybeDp,1.5,33,13,ATGCCTGGCAATAGGGTGAC,20,4667183
ybeDp,7.857142857142857,122,13,ATGACAGGATTCAGCTCTAC,109,4612417
ybeDp,0.9285714285714286,25,13,ATGAATTAGACTTCCTCAAG,12,4633782
ybeDp,4.928571428571429,81,13,ATCTCTACTCTGGCAAATTC,68,4602828
ybeDp,4.285714285714286,72,13,ATCGGGGACTCCTAGTCGAT,59,4641637
ybeDp,1.6428571428571428,35,13,ATCCGGTCTGAGGAAGTGAT,22,4647042
ybeDp,0.14285714285714285,14,13,ATCCATTTAATTCGGTCTGA,1,4675034
ybeDp,0.9285714285714286,25,13,ATCACGAGGCTTGCGAGCTG,12,4645938
ybeDp,0.2857142857142857,16,13,ATCAATGGGGAACGTCCGGA,3,4626435
ybeDp,0.5,19,13,ATAGTTGCTGAATCTGTGGA,6,4666553
ybeDp,1.0714285714285714,27,13,ATAGGCTGAGCATTTAACAG,14,4685548
ybeDp,24.571428571428573,356,13,ATAGCAACGTTGTCCTGGGC,343,4613130
ybeDp,4.928571428571429,81,13,ATAGAAGCCCTGAGTTGTAT,68,4671264
ybeDp,1.0,26,13,ATACTGAACTCGGTTGAGTT,13,4612584
ybeDp,1.3571428571428572,31,13,AGTTTCTACATTGCGAGGCT,18,4648847
ybeDp,0.14285714285714285,14,13,AGTTTCGCTGCGATGGAAGA,1,4672190
ybeDp,2.642857142857143,49,13,AGTGCTGTCACTCCACGAGC,36,4670791
ybeDp,0.14285714285714285,14,13,AGTCTTAGAATCTGAATTAC,1,4662548
ybeDp,3.4285714285714284,60,13,AGTCAATGCCCTGATCGGAC,47,4637868
ybeDp,2.2142857142857144,43,13,AGGTTAAGTGACGGGGTCAT,30,4668588
ybeDp,3.142857142857143,56,13,AGGTCGCGTCGCGCTATCTG,43,4652545
ybeDp,1.2142857142857142,29,13,AGGTCATTTGAATCACAGCT,16,4662124
ybeDp,1.1428571428571428,28,13,AGGTACTTAAACCCATCTAG,15,4645462
ybeDp,0.5,19,13,AGGGTCGTTTTACCGCTAAA,6,4645840
ybeDp,1.8571428571428572,38,13,AGGCCCGTTACATTAGACTT,25,4636476
ybeDp,19.5,285,13,AGGCATCTCTGCGCTTATCA,272,4642436
ybeDp,2.4285714285714284,46,13,AGGAGCAGGGAAACGGTTCT,33,4651126
ybeDp,0.14285714285714285,14,13,AGGACAGGCTGACGTCTTGG,1,4621922
ybeDp,4.928571428571429,81,13,AGCGCTTGGACGCCGGCCCT,68,4623828
ybeDp,0.14285714285714285,14,13,AGCGCGCTTGGGGATTAAGT,1,4621646
ybeDp,0.5714285714285714,20,13,AGCGCCAAAACCCTAATTGT,7,4622001
ybeDp,1.6428571428571428,35,13,AGCCTCGGGCTTCTTGAGAA,22,4671277
ybeDp,2.2857142857142856,44,13,AGCAGTTAGGGGTTAACAGT,31,4674341
ybeDp,4.214285714285714,71,13,AGATGTGTATAGGTGCTTAG,58,4667374
ybeDp,1.9285714285714286,39,13,AGATCTCTCGAGGCTGTCGT,26,4602602
ybeDp,1.1428571428571428,28,13,AGATAGGTCGTCGTCACAAA,15,4687850
ybeDp,1.3571428571428572,31,13,AGAGAAAACCCTTACGACAA,18,4637184
ybeDp,2.2857142857142856,44,13,AGACACGTATCCAACTGCGC,31,4668206
ybeDp,1.5714285714285714,34,13,AGAATCGGACTGGGCTGGGT,21,4645817
ybeDp,3.4285714285714284,60,13,AGAATCCGTAAAGTGTGCAG,47,4627403
ybeDp,0.14285714285714285,14,13,AGAACTCCGAATTTACCTAT,1,4642150
ybeDp,4.785714285714286,79,13,ACTTCCTGGAGGTCAAAGGT,66,4667200
ybeDp,1.0714285714285714,27,13,ACTCGATTAGACGTTCCCGC,14,4619359
ybeDp,1.2857142857142858,30,13,ACTCCCCCGCAGGCCAAATA,17,4641069
ybeDp,0.9285714285714286,25,13,ACTAGGAAAATAGGCCTTGG,12,4603342
ybeDp,0.8571428571428571,24,13,ACTAATCAAGCCTTTACGAC,11,4665782
ybeDp,0.14285714285714285,14,13,ACGTGGTGCTCTCGCCCTAC,1,4633752
ybeDp,1.3571428571428572,31,13,ACGCGAGTACAATTTTCCAA,18,4625920
ybeDp,2.2857142857142856,44,13,ACGAGTGGCACCCGGGGCGA,31,4688012
ybeDp,2.2857142857142856,44,13,ACGACATTGAATCACCCCCA,31,4680072
ybeDp,1.2142857142857142,29,13,ACCGTTCGCAACACTGGAAA,16,4609306
ybeDp,1.2857142857142858,30,13,ACCGTGTATCTCTGAAGATC,17,4647384
ybeDp,0.14285714285714285,14,13,ACCGGGCGGCCAACCGAAGT,1,4646195
ybeDp,1.2857142857142858,30,13,ACCGGATGTATAGGTAGGTA,17,4641341
ybeDp,0.14285714285714285,14,13,ACCATTTGCGTATCTGCAAT,1,4618265
ybeDp,10.714285714285714,162,13,ACCAGCATAAAGGAGCGAGT,149,4675438
ybeDp,3.9285714285714284,67,13,ACCACCCTGGGCCAGCGTCA,54,4667467
ybeDp,1.4285714285714286,32,13,ACCAAGGAGATGTCCCATGT,19,4643414
ybeDp,4.0,68,13,ACAGTTAGCTATCCTTAATA,55,4641318
ybeDp,0.7857142857142857,23,13,ACAGGTCTTGCAATGAAAGA,10,4670660
ybeDp,5.071428571428571,83,13,ACAGGGACTCGGGAGCACAA,70,4615846
ybeDp,1.1428571428571428,28,13,ACAGAGCCACGCTCGAAACT,15,4653782
ybeDp,2.357142857142857,45,13,ACAAGAGATCCACTTTGACT,32,4671317
ybeDp,1.1428571428571428,28,13,AATGTGTCAAGCAAAAACAT,15,4636642
ybeDp,0.2857142857142857,16,13,AATGAAACTATCACCAATCG,3,4607465
ybeDp,1.5,33,13,AATCCCATCAAAAACGAACC,20,4605558
ybeDp,0.21428571428571427,15,13,AATCACATTCCAAATAGAGT,2,4601616
ybeDp,1.7857142857142858,37,13,AATAGATTGTGGTCGGCGCT,24,4679189
ybeDp,1.0,26,13,AAGGTGGTAAGTTGACGGAC,13,4617660
ybeDp,2.4285714285714284,46,13,AAGGTGATGGCCTGCCATCT,33,4618461
ybeDp,0.14285714285714285,14,13,AAGGGGAGGTTTGGAGCGCC,1,4650336
ybeDp,1.5714285714285714,34,13,AAGCCGGAGTCTGCTCTACA,21,4646796
ybeDp,0.7142857142857143,22,13,AAGACTAATTCTCCCGACCT,9,4607514
ybeDp,2.4285714285714284,46,13,AACTTAAATAGTCAGCCCCC,33,4611216
ybeDp,2.142857142857143,42,13,AACTATAGCTAAGTGTCGTG,29,4652833
ybeDp,3.0714285714285716,55,13,AACGTGCTGAGCCCTTTTAT,42,4615742
ybeDp,1.3571428571428572,31,13,AACGTCTGCAAGAACCAGGC,18,4628196
ybeDp,2.2857142857142856,44,13,AACGCCATATAACTCTGAAG,31,4659811
ybeDp,6.5,103,13,AACGCAAAAGTCTGGAAGTT,90,4676284
ybeDp,0.5,19,13,AACCTTCATTACTTAAAAGT,6,4642282
ybeDp,3.0,54,13,AACCGGAAGCTCCTAATCAA,41,4664705
ybeDp,0.9285714285714286,25,13,AAATTCTCAGGTTTCAGCAA,12,4641501
ybeDp,0.14285714285714285,14,13,AAAGCCGTTTTAGATGGCAT,1,4679278
ybeDp,0.14285714285714285,14,13,AAACTTGGATTGGGCTCGGC,1,4635123
ybeDp,0.7857142857142857,23,13,AAAAGAGACACCTACGGGTA,10,4670455
ybeDp,0.14285714285714285,14,13,AAAAATTCAAGAGTGAAGAC,1,4637480
ybeDp,7.214285714285714,113,13,AAAAATAGCACCGGGAGATT,100,4679369
ybeDp,2.2142857142857144,43,13,AAAAAGATGTTACAGAACCC,30,4679729
ybeDp,1.6923076923076923,33,12,TTTTAGGTGCCCCGCGCGTA,21,4650522
ybeDp,8.23076923076923,118,12,TTTGTTCAGGGTGCTTGGAA,106,4639741
ybeDp,1.8461538461538463,35,12,TTTGTAGGGCCAACGTGACA,23,4658003
ybeDp,2.5384615384615383,44,12,TTTCGCCAATGTCAGTGGGG,32,4684052
ybeDp,8.846153846153847,126,12,TTTAGGACTGTTTCTTATAG,114,4610527
ybeDp,1.5384615384615385,31,12,TTGTTTCGTGCCGCAGGAGA,19,4648913
ybeDp,5.153846153846154,78,12,TTGTACCATGGCACGCTAAC,66,4659194
ybeDp,3.076923076923077,51,12,TTGGGTGCGTTAAAGACGTT,39,4607626
ybeDp,4.538461538461538,70,12,TTGGCACCAATCACTGGTAA,58,4633927
ybeDp,1.9230769230769231,36,12,TTGCAGACGTGCATTCCTAT,24,4680180
ybeDp,1.7692307692307692,34,12,TTGACACGTTGTCACTGTCA,22,4623887
ybeDp,1.8461538461538463,35,12,TTCTTAAGCCAACTCAAGCG,23,4675876
ybeDp,1.2307692307692308,27,12,TTCTCTCGATGGAATTTGAC,15,4639857
ybeDp,0.23076923076923078,14,12,TTCTAACTGCGGGTCCTCCT,2,4639155
ybeDp,0.38461538461538464,16,12,TTCGGGGGTCATGCAAGTCC,4,4614048
ybeDp,1.6923076923076923,33,12,TTCGCTAAAGGGGGGACTTT,21,4609555
ybeDp,0.5384615384615384,18,12,TTCGATTTGGCAAGGAATGC,6,4624270
ybeDp,1.6923076923076923,33,12,TTCCAGTGCAAGAGGGTTTC,21,4638957
ybeDp,1.4615384615384615,30,12,TTCACGAGCTTTCGCTGTGC,18,4650871
ybeDp,0.9230769230769231,23,12,TTCAAACAGGAGAATATAAT,11,4671260
ybeDp,2.3076923076923075,41,12,TTATACTCGTCCCGGCGCTG,29,4623587
ybeDp,0.3076923076923077,15,12,TTAGTACTAGCAGATCATAG,3,4660645
ybeDp,1.7692307692307692,34,12,TTACTTTCTGTGGAGACCAA,22,4658186
ybeDp,1.7692307692307692,34,12,TTACTTGAGGTGCAACTCAT,22,4682430
ybeDp,1.8461538461538463,35,12,TTACTGTCCGAGCCTAGGGT,23,4621786
ybeDp,1.8461538461538463,35,12,TGTTGGTTCAGATTCAGCGT,23,4643449
ybeDp,5.0,76,12,TGTTATCTTGGGGTGTAGTT,64,4616165
ybeDp,2.769230769230769,47,12,TGTGACCGGACATAGATGCA,35,4662704
ybeDp,2.923076923076923,49,12,TGTCTATCTCTGATCCATTA,37,4673400
ybeDp,3.6923076923076925,59,12,TGTCATCCGGCACATCGGGA,47,4642882
ybeDp,1.6153846153846154,32,12,TGGTTTAGCTAGTCACAAAG,20,4604568
ybeDp,0.23076923076923078,14,12,TGGTTAGGCCAGTGCGGCTA,2,4651463
ybeDp,1.1538461538461537,26,12,TGGCACCGCAAGCGGGGTGT,14,4637183
ybeDp,0.38461538461538464,16,12,TGGAATCCCTATCTTGCAAT,4,4608360
ybeDp,0.6923076923076923,20,12,TGCTGTTCGTAATGTGTCTT,8,4640126
ybeDp,0.9230769230769231,23,12,TGCTCTTCCAGAGACGATTA,11,4651010
ybeDp,4.538461538461538,70,12,TGCTATAGTAGCATCACTGA,58,4643247
ybeDp,0.15384615384615385,13,12,TGCTACGCCAAGGATGACAT,1,4674517
ybeDp,3.3846153846153846,55,12,TGCGTCTTCATAGGCACTCG,43,4621657
ybeDp,5.769230769230769,86,12,TGCGCTCCGACAGTTTTTCT,74,4664559
ybeDp,2.769230769230769,47,12,TGCGAAGACTTTGTTGCAAA,35,4678866
ybeDp,3.3846153846153846,55,12,TGCGAACCTATAGGGAGGTC,43,4643368
ybeDp,2.230769230769231,40,12,TGCAGAGCATGCGGGCCTGT,28,4679833
ybeDp,3.769230769230769,60,12,TGATTATTCTTACCTCGACG,48,4634723
ybeDp,0.15384615384615385,13,12,TGATGGATGTTCACACAAAG,1,4669715
ybeDp,1.0,24,12,TGATAAGTTTGCATCGCCCC,12,4637385
ybeDp,0.3076923076923077,15,12,TGAGTTAACTAAAGAGTCTG,3,4668837
ybeDp,2.3846153846153846,42,12,TGACAGGGTCCCCTGAATAC,30,4636455
ybeDp,3.076923076923077,51,12,TGAACGGTGTAAGCCATCCA,39,4610637
ybeDp,2.076923076923077,38,12,TCTTTGTCCACCGGGTCTGT,26,4682450
ybeDp,1.0,24,12,TCTAGGCATCGTACGGCAGG,12,4655611
ybeDp,7.769230769230769,112,12,TCTAGCGAGGTGCCGTGCTT,100,4634375
ybeDp,6.076923076923077,90,12,TCTACATACGTGGTCGCCTA,78,4632601
ybeDp,1.0,24,12,TCTACACTACACCTCCAAGA,12,4646452
ybeDp,0.8461538461538461,22,12,TCGTTTCGAGGATGGTTAGT,10,4675080
ybeDp,4.6923076923076925,72,12,TCGTACACGGACCGCTAAAA,60,4654088
ybeDp,1.5384615384615385,31,12,TCGGGAGGCTGCTTTTCACA,19,4647123
ybeDp,3.769230769230769,60,12,TCGGCGGAGGTGCAAACCGG,48,4633299
ybeDp,1.3846153846153846,29,12,TCGGCGACCGGATATTATAA,17,4647178
ybeDp,0.23076923076923078,14,12,TCGCATTGAAGAGGACCCGC,2,4631102
ybeDp,0.7692307692307693,21,12,TCGCACAAAAATGCCTCAGC,9,4657670
ybeDp,0.5384615384615384,18,12,TCGAACGTCGGGAGGTCTCC,6,4627465
ybeDp,0.9230769230769231,23,12,TCCGAGTCAAGCACCAATCA,11,4633751
ybeDp,1.4615384615384615,30,12,TCCCACTGGTGTAGGTTTGA,18,4632157
ybeDp,1.2307692307692308,27,12,TCATTCGAACCCTTGTGATA,15,4676469
ybeDp,1.0,24,12,TCATAGAGCTGTGTCAGCTA,12,4617516
ybeDp,1.0,24,12,TCAGAGTAGCATCCCTCCCG,12,4654630
ybeDp,3.3076923076923075,54,12,TCACGACTTTATAGTTGACT,42,4633255
ybeDp,0.38461538461538464,16,12,TCACCTGAGCGAATTTATCA,4,4612895
ybeDp,6.076923076923077,90,12,TCAAAGCCGCCGGGAAGTGT,78,4631137
ybeDp,0.6153846153846154,19,12,TATTCTGGGCGTAGTCAAAG,7,4647298
ybeDp,1.6153846153846154,32,12,TATGTATTGTAGTTTACTTT,20,4623203
ybeDp,4.538461538461538,70,12,TATGGGAAGTGTATGATCGT,58,4675390
ybeDp,1.8461538461538463,35,12,TATCGTACTGTTCCATAATT,23,4647540
ybeDp,1.4615384615384615,30,12,TATCAGGGTTGCTTGTTTTA,18,4639052
ybeDp,3.6153846153846154,58,12,TAGCCAGGCATGGACTCTCA,46,4662375
ybeDp,0.15384615384615385,13,12,TAGACTGAGCCGCCGGCTAT,1,4608779
ybeDp,2.8461538461538463,48,12,TAGAATGGCATATAGCAGAG,36,4633314
ybeDp,1.8461538461538463,35,12,TACTTTGACTGGCAGCTGCC,23,4638531
ybeDp,1.6923076923076923,33,12,TACTGGGCGGAACTAGCACC,21,4612330
ybeDp,1.2307692307692308,27,12,TACGTCAAGAGAAACCTTCT,15,4682269
ybeDp,8.307692307692308,119,12,TACCTCCATCTTCAACACTG,107,4638878
ybeDp,0.6153846153846154,19,12,TACCGGAGGTCTTCTTCGAT,7,4607068
ybeDp,18.23076923076923,248,12,TACATATGTACAGGATCAGA,236,4683434
ybeDp,5.076923076923077,77,12,TAATTTAAAGGTTCTCCGGT,65,4612117
ybeDp,0.15384615384615385,13,12,TAATGTGACTGCTCCATTTA,1,4617939
ybeDp,1.2307692307692308,27,12,TAAGTATATTCAGAATAAAT,15,4605582
ybeDp,1.2307692307692308,27,12,TAAGCTTTCAACTAACAGGC,15,4655569
ybeDp,2.6153846153846154,45,12,TAAGCTGATGGGGAGCCATT,33,4639012
ybeDp,2.769230769230769,47,12,TAACTCTTGCAGAACTCGAT,35,4604092
ybeDp,1.6153846153846154,32,12,TAACTCGGTTATTCTGAATT,20,4671105
ybeDp,1.1538461538461537,26,12,TAACGGCGTCAGGGGGGCTC,14,4627007
ybeDp,3.6153846153846154,58,12,TAACATCACCGAAGACTAAA,46,4652140
ybeDp,2.3076923076923075,41,12,TAAATTTCGATAGGTCCCCC,29,4642713
ybeDp,1.0,24,12,TAAAGTCATCATATAGGCAT,12,4678020
ybeDp,2.6153846153846154,45,12,GTTGGAAACGGCATCCTAGC,33,4664906
ybeDp,1.5384615384615385,31,12,GTTGCTCCTCGCTAACAGAC,19,4653545
ybeDp,1.4615384615384615,30,12,GTTATCTTTCTAGATGACGG,18,4601135
ybeDp,8.461538461538462,121,12,GTTACGTAGATCTGACGAAA,109,4638641
ybeDp,0.3076923076923077,15,12,GTTACCCCATTGCCGTGGTC,3,4634868
ybeDp,0.15384615384615385,13,12,GTGTTATGTTTGAGGTTAAT,1,4677509
ybeDp,2.8461538461538463,48,12,GTGTCCTACTGAACATGTAC,36,4658242
ybeDp,0.7692307692307693,21,12,GTGGGTGGTAACACACCAAT,9,4662909
ybeDp,0.8461538461538461,22,12,GTGGCTCCCCCGTAGACAAT,10,4631672
ybeDp,3.5384615384615383,57,12,GTGGCATACGTGGACACGTC,45,4614987
ybeDp,0.15384615384615385,13,12,GTGGACGCGTACAGCCCTGT,1,4685040
ybeDp,1.1538461538461537,26,12,GTGCGAATCATACATGGACG,14,4613556
ybeDp,1.3076923076923077,28,12,GTGCACTGCGAGACTCACGA,16,4687578
ybeDp,0.6923076923076923,20,12,GTCTTTTATAACGCGCTCGT,8,4642267
ybeDp,0.3076923076923077,15,12,GTCTGGGTAGCAGTTGCCCG,3,4638596
ybeDp,0.7692307692307693,21,12,GTCTCTATTGCAGGAAGAAC,9,4635879
ybeDp,0.7692307692307693,21,12,GTCCCATTATCAAGCTCTAC,9,4625567
ybeDp,3.3076923076923075,54,12,GTCAGTTCAACGGTGACGCT,42,4633613
ybeDp,1.2307692307692308,27,12,GTATTGTGTCAGTTTCGTTT,15,4632151
ybeDp,2.1538461538461537,39,12,GTATTACTTAGATCGCCTAC,27,4627846
ybeDp,7.076923076923077,103,12,GTAGAGCCGTGTCACACGGA,91,4675229
ybeDp,5.846153846153846,87,12,GTACGAGCCAGCGCATGATC,75,4671988
ybeDp,1.9230769230769231,36,12,GTACCTCGGTGTACTGTCTC,24,4602254
ybeDp,6.230769230769231,92,12,GTAATGGCACTTCTAGGGAC,80,4656094
ybeDp,1.6923076923076923,33,12,GTAATGGACCACACGCTATG,21,4671877
ybeDp,1.0769230769230769,25,12,GTAATATAGTTTGCAGAGAG,13,4628331
ybeDp,1.7692307692307692,34,12,GTAATAACATGATACTCATT,22,4636306
ybeDp,0.15384615384615385,13,12,GTAAAGGAAACAAGGCAACC,1,4641929
ybeDp,0.3076923076923077,15,12,GGTTGGTGGATGACCGGCAG,3,4620461
ybeDp,0.7692307692307693,21,12,GGTTCTCCCGAGCTGATAAG,9,4622075
ybeDp,7.538461538461538,109,12,GGTTCCACGGAGATCCCAAA,97,4684915
ybeDp,1.0769230769230769,25,12,GGTGGAGGGATGTAGCTGGG,13,4629817
ybeDp,1.6153846153846154,32,12,GGTGCTAATTGTAGTAGGTG,20,4623846
ybeDp,3.076923076923077,51,12,GGTGATCCCACAGTACCCTG,39,4659727
ybeDp,0.6923076923076923,20,12,GGTCGTCCACAAAAGAATGA,8,4655529
ybeDp,1.0,24,12,GGTCGGGGCCGACTCATCTT,12,4636702
ybeDp,0.7692307692307693,21,12,GGTCATTGTCCCGGCAGTGT,9,4634558
ybeDp,0.6153846153846154,19,12,GGTATACATACACCCGTTGT,7,4671468
ybeDp,1.6923076923076923,33,12,GGTAGAAACTCTTATAGTGT,21,4657103
ybeDp,0.15384615384615385,13,12,GGTAAAGGGATCCTGATACA,1,4669813
ybeDp,3.1538461538461537,52,12,GGTAAAGGGAGGGTGCGACA,40,4664470
ybeDp,21.53846153846154,291,12,GGTAAACACCAATAGGTATC,279,4610525
ybeDp,18.153846153846153,247,12,GGGGCATACTGCGAGCTGAA,235,4670957
ybeDp,27.23076923076923,365,12,GGGGACGATACGCGGGAACT,353,4688041
ybeDp,0.38461538461538464,16,12,GGGCTGTAGCGCCAGAGGTC,4,4641558
ybeDp,0.8461538461538461,22,12,GGGCTACATAGTCCACATCC,10,4632254
ybeDp,2.3846153846153846,42,12,GGGCGTACTGCTCTTGGATT,30,4661350
ybeDp,0.3076923076923077,15,12,GGGCCAACCGATCACGGTTA,3,4620210
ybeDp,1.0,24,12,GGGACATCCAGTAGCGGTAG,12,4611529
ybeDp,0.8461538461538461,22,12,GGCTCGTTAGACATGTATGA,10,4629094
ybeDp,1.6153846153846154,32,12,GGCTCGCCGGGGACTAATGA,20,4623436
ybeDp,0.15384615384615385,13,12,GGCGTAGTCGAGTCGCCAAA,1,4632362
ybeDp,6.0,89,12,GGCGGGAGAACGCCCCCTGG,77,4637804
ybeDp,1.4615384615384615,30,12,GGCGGCCAAGTAGGCACCAA,18,4626787
ybeDp,1.5384615384615385,31,12,GGCGCAGATACAGTCAAGAT,19,4642812
ybeDp,0.38461538461538464,16,12,GGCGAAATAGGCTCAAGACG,4,4609871
ybeDp,1.2307692307692308,27,12,GGCCCCGTTCCAGAGGCGTG,15,4624801
ybeDp,7.769230769230769,112,12,GGCAACCCGGTTATCATTCT,100,4682846
ybeDp,2.3076923076923075,41,12,GGATACTTCAATCAGCGATC,29,4612994
ybeDp,0.6153846153846154,19,12,GGAGGTAACATCCGCGATGG,7,4629920
ybeDp,1.2307692307692308,27,12,GGACGGATGTCATGAACTTC,15,4636251
ybeDp,3.0,50,12,GGACATCTGTTGGTTAAAAT,38,4654175
ybeDp,1.3076923076923077,28,12,GGAAGGAACCTTAGATAAGG,16,4621505
ybeDp,0.46153846153846156,17,12,GGAAGCCCTTGTTTGGTGGA,5,4609451
ybeDp,1.6153846153846154,32,12,GGAAGCAGACCTTGCGTGTG,20,4627075
ybeDp,1.1538461538461537,26,12,GCTTTCCGCGTGGTTAACAT,14,4661022
ybeDp,3.230769230769231,53,12,GCTTGAATCAAGTGATCATC,41,4669389
ybeDp,2.230769230769231,40,12,GCTTATAGAAGATGTCGAGC,28,4625068
ybeDp,2.1538461538461537,39,12,GCTCGCTAGCGTACAACCGT,27,4607844
ybeDp,0.15384615384615385,13,12,GCTCGCGACATATGCTTAAC,1,4630466
ybeDp,3.3846153846153846,55,12,GCTATCTTACAAGGCCACAT,43,4679682
ybeDp,0.23076923076923078,14,12,GCTAGAAAACCTGATTCTGA,2,4626266
ybeDp,0.7692307692307693,21,12,GCGTTTCAACTCGGTTTTAT,9,4630384
ybeDp,0.6153846153846154,19,12,GCGTAGCTGTACATCATCAC,7,4671023
ybeDp,1.6923076923076923,33,12,GCGCCCAGTTGTTTGTTTTG,21,4653033
ybeDp,0.15384615384615385,13,12,GCGAGGTCACCGCTACGCAT,1,4632162
ybeDp,2.0,37,12,GCCTATGACAGATTCGATGT,25,4603793
ybeDp,1.6923076923076923,33,12,GCCGTTTGGCAGGGTCCCCA,21,4640581
ybeDp,8.538461538461538,122,12,GCCCTGATAACCCTGTGTTC,110,4629003
ybeDp,1.3076923076923077,28,12,GCCCAGCTGCACCGCCCAGA,16,4626906
ybeDp,0.6153846153846154,19,12,GCCATCTTCGAGGTATAGGG,7,4671575
ybeDp,3.4615384615384617,56,12,GCCAACCGATGCTGCCTCGT,44,4675130
ybeDp,0.7692307692307693,21,12,GCATTCTGAGTTTAATCGAT,9,4619300
ybeDp,0.15384615384615385,13,12,GCATCACCGCAGCGAATCCG,1,4676237
ybeDp,1.0769230769230769,25,12,GCAGGCCCGGTCCGATCCTC,13,4673150
ybeDp,0.7692307692307693,21,12,GCAGGACGCTTTCGGCAGCT,9,4651390
ybeDp,0.15384615384615385,13,12,GCAACGAGCGGACTCAGAAT,1,4662338
ybeDp,1.0769230769230769,25,12,GATTTGCGACTGCCTGTTAG,13,4674914
ybeDp,0.15384615384615385,13,12,GATTGATAGCGGTGTAGAAA,1,4651327
ybeDp,0.15384615384615385,13,12,GATGAGTTTATGTCCCAGGT,1,4628360
ybeDp,7.846153846153846,113,12,GATCGTTCAATTTATTGGCA,101,4606599
ybeDp,2.3846153846153846,42,12,GATATCATATTATTCAAGCA,30,4666012
ybeDp,3.3846153846153846,55,12,GATAGCCGTCGTTCGTGCGT,43,4600828
ybeDp,2.769230769230769,47,12,GATACGGACCCGGAGCAGCT,35,4632080
ybeDp,2.3846153846153846,42,12,GAGTTGCCAATTAGGGCACG,30,4642487
ybeDp,1.0769230769230769,25,12,GAGGCTGGGTAAGAGCGTTG,13,4608858
ybeDp,0.6923076923076923,20,12,GAGACTGTGATGAATGTTGT,8,4611816
ybeDp,1.6153846153846154,32,12,GACGCCGTCGGCGCGAGGAT,20,4634889
ybeDp,0.5384615384615384,18,12,GACGCCCCAGTTTCAATGGC,6,4614422
ybeDp,8.23076923076923,118,12,GACCTCGGAGCCTCGGACGA,106,4634996
ybeDp,1.0769230769230769,25,12,GACCATCCCCGCGTGTGCAA,13,4607788
ybeDp,1.7692307692307692,34,12,GACCACTCTTTTGGACCTCT,22,4651998
ybeDp,1.3076923076923077,28,12,GACAGAGTCCGCGTAGACCT,16,4629396
ybeDp,0.8461538461538461,22,12,GACACACTTGGTCGCAGAAT,10,4606383
ybeDp,1.7692307692307692,34,12,GAATGAATTTATGCTGACAC,22,4636696
ybeDp,3.230769230769231,53,12,GAACGGCGAGAAGGACTTCG,41,4616661
ybeDp,1.1538461538461537,26,12,GAACCGAATGGACATAAATG,14,4635363
ybeDp,1.0,24,12,GAACAGAACCACAATTTTTC,12,4675711
ybeDp,1.2307692307692308,27,12,GAACACGGGGCACTTTCCGT,15,4661213
ybeDp,2.769230769230769,47,12,GAACAATGTCTTTCTCCGGA,35,4654577
ybeDp,1.0,24,12,GAAACCGCCACGATGAGTTG,12,4641616
ybeDp,2.6153846153846154,45,12,GAAACCACCTTATCGTAGTA,33,4649590
ybeDp,0.15384615384615385,13,12,GAAAACGGCTACTCGAAAAC,1,4646144
ybeDp,0.6153846153846154,19,12,CTTTTGTTTTGACGCGCTGA,7,4622676
ybeDp,5.615384615384615,84,12,CTTTACTACCAATCGTGTGA,72,4624264
ybeDp,1.8461538461538463,35,12,CTTTAATCGAATTTCGGACT,23,4682855
ybeDp,2.3076923076923075,41,12,CTTTAAGGATAGAAGTATAA,29,4602743
ybeDp,1.3076923076923077,28,12,CTTGGTTATCGTAATGGCCT,16,4625372
ybeDp,2.769230769230769,47,12,CTTCTCCCGGTGGCTGTCCA,35,4681899
ybeDp,0.6153846153846154,19,12,CTTCCCTGCGGAGGGCGTGT,7,4648031
ybeDp,1.7692307692307692,34,12,CTTCATCGGTTGTTCCCAAT,22,4675788
ybeDp,0.23076923076923078,14,12,CTTACGTTAACTCACCTGTC,2,4681610
ybeDp,2.076923076923077,38,12,CTGTTAGACGATCCGAGCCC,26,4662418
ybeDp,7.461538461538462,108,12,CTGGTTATCAACTTACCTTA,96,4670605
ybeDp,4.153846153846154,65,12,CTGGTCATGCCAGCGTGCAT,53,4642838
ybeDp,1.4615384615384615,30,12,CTGGGGTGGTCCTTACCCGT,18,4619753
ybeDp,0.38461538461538464,16,12,CTGGGCCTGCGGTCGGGCGA,4,4636203
ybeDp,1.2307692307692308,27,12,CTGGCTACTCGGGCCGCCAA,15,4663444
ybeDp,1.8461538461538463,35,12,CTGGACCTAATGTCATCGTA,23,4667068
ybeDp,1.5384615384615385,31,12,CTGCTTCGCCAGGGTCAGCT,19,4617840
ybeDp,0.15384615384615385,13,12,CTCTCAAGTATGGCGTTCGA,1,4616619
ybeDp,6.923076923076923,101,12,CTCTATTTTGAGCCTACTGC,89,4671543
ybeDp,3.0,50,12,CTCGGTTTATCGGTCAAATG,38,4643107
ybeDp,0.15384615384615385,13,12,CTCGAAGTACGTCCAGGTAT,1,4629763
ybeDp,1.7692307692307692,34,12,CTCCTCCAATTATAATGAAA,22,4651254
ybeDp,2.3076923076923075,41,12,CTCATCTGATAATTGTCTAA,29,4647923
ybeDp,5.846153846153846,87,12,CTCAGGGGCATAATTTGTCT,75,4662660
ybeDp,0.6153846153846154,19,12,CTCAGGCAATTCTTTCGCTT,7,4603448
ybeDp,1.4615384615384615,30,12,CTCAGATCGTGGGCTATCCT,18,4616407
ybeDp,1.1538461538461537,26,12,CTCACCGGCGGGATATATAG,14,4673405
ybeDp,1.3846153846153846,29,12,CTAGGCTCAGGGCTGCCCAA,17,4660378
ybeDp,5.769230769230769,86,12,CTAGGACACTTGAGGAGCAA,74,4682003
ybeDp,0.5384615384615384,18,12,CTAGCTTCCGTCCTCACTCA,6,4633104
ybeDp,0.46153846153846156,17,12,CTAGCGTCCCGGCTATCCGT,5,4674755
ybeDp,0.7692307692307693,21,12,CTAATCTCACATGCCGCAGT,9,4669107
ybeDp,0.15384615384615385,13,12,CTAATAACCTCAATCTACAG,1,4660239
ybeDp,0.15384615384615385,13,12,CGTTTTGTGATTAAGTACGA,1,4610590
ybeDp,1.0769230769230769,25,12,CGTTTTAACGGTGGGGACTA,13,4638390
ybeDp,6.6923076923076925,98,12,CGTTCATTGAAATCTAAGAA,86,4646057
ybeDp,2.6153846153846154,45,12,CGTTCAAGCTCATCGGGCTC,33,4634962
ybeDp,0.15384615384615385,13,12,CGTGCGGATCATGAGAGCAT,1,4665400
ybeDp,2.3076923076923075,41,12,CGTGCGCAGCTACCCCTCCG,29,4658859
ybeDp,2.0,37,12,CGTGATTCCCGCCTCGTTAT,25,4637131
ybeDp,1.3846153846153846,29,12,CGTGATCGGGCTCAGGCTAA,17,4620760
ybeDp,2.4615384615384617,43,12,CGTCTATCGTTTGGGGTTCA,31,4679329
ybeDp,0.23076923076923078,14,12,CGTATAGGCTCCTACGCTGC,2,4633604
ybeDp,5.846153846153846,87,12,CGTAGGTACCCTAAGGATGT,75,4670281
ybeDp,1.9230769230769231,36,12,CGTAGACCGCACTGACGACT,24,4645970
ybeDp,0.8461538461538461,22,12,CGGTTACGTAGTCCACATGA,10,4685816
ybeDp,3.923076923076923,62,12,CGGTCCCGGGGCAACCTAAG,50,4640639
ybeDp,6.3076923076923075,93,12,CGGTCATGCACATATGATAT,81,4637845
ybeDp,1.0,24,12,CGGGCCAAGTGCACACTTCG,12,4644211
ybeDp,7.384615384615385,107,12,CGGCTTTTCAATATGGTGAC,95,4635734
ybeDp,1.2307692307692308,27,12,CGGCTTCCTTACGCCCGCAA,15,4672452
ybeDp,0.7692307692307693,21,12,CGGCTATAAACGGACTGCAG,9,4659466
ybeDp,2.8461538461538463,48,12,CGGCCGTCAGTACCGCATAT,36,4658025
ybeDp,0.5384615384615384,18,12,CGGATTCGCAAGTCGTCTGT,6,4620433
ybeDp,2.3076923076923075,41,12,CGGAACATGGTAATACGTGT,29,4680426
ybeDp,5.076923076923077,77,12,CGCTGGTAGATTTGTCACGG,65,4664138
ybeDp,0.8461538461538461,22,12,CGCGTATGTTTACCAAAGTA,10,4651325
ybeDp,1.6153846153846154,32,12,CGCGCTCGAAACTGTCCATT,20,4669744
ybeDp,1.3846153846153846,29,12,CGCCGGACCAAGATCACTTG,17,4671890
ybeDp,0.6153846153846154,19,12,CGCCCGCATAACAGCCCGAT,7,4622619
ybeDp,0.3076923076923077,15,12,CGCAGCGAGTGAAGGCCGTC,3,4674029
ybeDp,1.3846153846153846,29,12,CGCAACGTAGCAACGGATAT,17,4626978
ybeDp,3.076923076923077,51,12,CGAGGATATAGCGGATGAGA,39,4632927
ybeDp,3.1538461538461537,52,12,CGACTCCAGTTTGGTTCCTG,40,4661130
ybeDp,0.9230769230769231,23,12,CGACGGAGGGTCCGGCCTGG,11,4659272
ybeDp,1.6923076923076923,33,12,CGACAGATAGCGACAAAGAC,21,4630757
ybeDp,3.230769230769231,53,12,CGAAGCCTACCCTTATGGGG,41,4607341
ybeDp,0.8461538461538461,22,12,CCTTGGTGTCGTTGTTGAAT,10,4666737
ybeDp,1.6923076923076923,33,12,CCTCGAAATGGTATGGATGT,21,4681472
ybeDp,1.1538461538461537,26,12,CCTCCGGGCAAGACATAATA,14,4661728
ybeDp,0.5384615384615384,18,12,CCTACGCTGGGCGTAGCGGG,6,4604420
ybeDp,2.3076923076923075,41,12,CCTACGCCAGCTAAATTCGT,29,4637605
ybeDp,3.3846153846153846,55,12,CCGTTAACTACCGGTAGATC,43,4672572
ybeDp,0.15384615384615385,13,12,CCGGTGTCGCATATCTGCTA,1,4628691
ybeDp,0.23076923076923078,14,12,CCGCTTCTTAGATTTTCCTG,2,4639566
ybeDp,7.615384615384615,110,12,CCGCCGCCGAAAAATGTGAA,98,4606738
ybeDp,0.6153846153846154,19,12,CCCTTCCGCGGATCGTCGCG,7,4621931
ybeDp,1.0769230769230769,25,12,CCCTACAGCCGGGGGAAGCT,13,4665474
ybeDp,1.3076923076923077,28,12,CCCGTCATCATTCATCACCC,16,4609275
ybeDp,3.4615384615384617,56,12,CCCGAGCAGACTTCGTCAGA,44,4647949
ybeDp,2.0,37,12,CCCCGTTCGGACAAGATATA,25,4623721
ybeDp,1.3076923076923077,28,12,CCCCGGGTCCCCTGTGATGA,16,4625437
ybeDp,1.3846153846153846,29,12,CCCCGCAATAGAACGACGTA,17,4613276
ybeDp,3.3846153846153846,55,12,CCCCATTGTGCCCCTCGTAT,43,4620212
ybeDp,2.6153846153846154,45,12,CCCACTAGAGTTTACAGTGT,33,4611748
ybeDp,7.3076923076923075,106,12,CCCAAGGTAACTGCCGATGG,94,4654364
ybeDp,2.6153846153846154,45,12,CCATTACCTAATGTCCCCAC,33,4635483
ybeDp,1.3076923076923077,28,12,CCATAATTACGCGGGAATTT,16,4639148
ybeDp,0.6153846153846154,19,12,CCAGCAGTTTCCCTGTATTC,7,4664649
ybeDp,2.6923076923076925,46,12,CCAGATCGAATAACTATGGC,34,4636465
ybeDp,7.461538461538462,108,12,CCACTTCGGCAAGATGGTCT,96,4678976
ybeDp,0.15384615384615385,13,12,CCACGTGCCGTGGCTGTTGA,1,4630386
ybeDp,0.6923076923076923,20,12,CCACGATTTATTCAGTTAGT,8,4633605
ybeDp,4.538461538461538,70,12,CCACGACGGTAAAGAGCAAT,58,4676223
ybeDp,1.3076923076923077,28,12,CCAAGGGGTAAAAATAGTCT,16,4645345
ybeDp,5.615384615384615,84,12,CCAACCCCTGTTGGTCCGAG,72,4615296
ybeDp,5.230769230769231,79,12,CATGACGTGTGCAGCTATTC,67,4607072
ybeDp,2.076923076923077,38,12,CATCCGGTCCTGATGTAGAC,26,4626065
ybeDp,0.9230769230769231,23,12,CATCACACATGATAGGTCTC,11,4675539
ybeDp,0.15384615384615385,13,12,CAGGTTGTACCGTGATCGGC,1,4647035
ybeDp,1.9230769230769231,36,12,CAGGTTAGCCCTATATACAA,24,4673462
ybeDp,0.38461538461538464,16,12,CAGGGTGGTATCAACAATCC,4,4636611
ybeDp,0.9230769230769231,23,12,CAGCCGTGCCCGCAGTGTAG,11,4655393
ybeDp,2.6153846153846154,45,12,CAGCAATGAACATCTCGGAT,33,4681852
ybeDp,0.15384615384615385,13,12,CAGAGAATATAGCTAGCGTC,1,4601793
ybeDp,10.615384615384615,149,12,CAGACTGCTGTTCGGCGACA,137,4643243
ybeDp,2.6153846153846154,45,12,CACTCAGTCAGGGATCGTTC,33,4622021
ybeDp,0.8461538461538461,22,12,CACTATCATGAACGTCAACA,10,4677240
ybeDp,0.15384615384615385,13,12,CACGACCATTTCTCACAGTT,1,4609860
ybeDp,0.7692307692307693,21,12,CACCTCAACAACTCAACACA,9,4674586
ybeDp,0.5384615384615384,18,12,CACACATCCTGCGGGCAAAC,6,4618272
ybeDp,3.0,50,12,CACAAGGCCACTAATAAATC,38,4673498
ybeDp,1.2307692307692308,27,12,CAATTTTAGCGGATTGCCAG,15,4677269
ybeDp,0.23076923076923078,14,12,CAATTCCAAGTTCTTAGGGA,2,4639417
ybeDp,0.8461538461538461,22,12,CAATCCCCTGACCACGCAGT,10,4660849
ybeDp,1.3846153846153846,29,12,CAAGTGCGTCCTTTCATGTC,17,4629026
ybeDp,2.230769230769231,40,12,CAAGGGCGTGTATGATTTGC,28,4630569
ybeDp,0.15384615384615385,13,12,CAACATCGAGGTCATCGATA,1,4666146
ybeDp,0.15384615384615385,13,12,ATTTTCTTGTAATCTCGAGG,1,4623511
ybeDp,1.7692307692307692,34,12,ATTCTTAGAGGACCTGGAAG,22,4676181
ybeDp,1.3846153846153846,29,12,ATTCCTTGAGTCTCCTCTGA,17,4648804
ybeDp,1.3076923076923077,28,12,ATTCAGGAGAAGCGATCTGC,16,4666786
ybeDp,5.461538461538462,82,12,ATGCCACTTTGCGCGTCAAT,70,4669032
ybeDp,0.15384615384615385,13,12,ATGCAATGGACACCAACATG,1,4648023
ybeDp,5.153846153846154,78,12,ATCTTGTGACTCCGGCTCCC,66,4627298
ybeDp,2.230769230769231,40,12,ATCTACTAGCACCAATTGCT,28,4654869
ybeDp,3.4615384615384617,56,12,ATCGGTGATGGCGAGACAAG,44,4682052
ybeDp,3.769230769230769,60,12,ATCCTCGCTCAGCACACTAT,48,4631618
ybeDp,0.5384615384615384,18,12,ATCATTGTATACCTGCCGCA,6,4684072
ybeDp,0.38461538461538464,16,12,ATATTAGACTTTCTTGGTTA,4,4635807
ybeDp,0.9230769230769231,23,12,ATAGTTACACGACTCACCAT,11,4649645
ybeDp,6.076923076923077,90,12,ATACGGATGAAATCGCCTCA,78,4671536
ybeDp,3.769230769230769,60,12,ATAAAAGAGGTATCAAGTTA,48,4681640
ybeDp,0.15384615384615385,13,12,AGTGTAAAGGGGCAATCAAT,1,4619999
ybeDp,0.5384615384615384,18,12,AGTGATGGTTACGCGGGTAC,6,4620061
ybeDp,1.7692307692307692,34,12,AGTGATGCTGCTACGCGTCG,22,4624037
ybeDp,0.23076923076923078,14,12,AGTCGGGTTAACGTATATGA,2,4639777
ybeDp,0.15384615384615385,13,12,AGTAGGGGGCGTAGTCATCA,1,4610492
ybeDp,1.8461538461538463,35,12,AGTACTATCGTAGAACTTCT,23,4661640
ybeDp,0.7692307692307693,21,12,AGGTCACGTTACGCCGTGGT,9,4646759
ybeDp,2.3076923076923075,41,12,AGGGCGCACGACTAGATACA,29,4623509
ybeDp,4.0,63,12,AGGCCAGAAGACAACGGTGA,51,4629048
ybeDp,0.6153846153846154,19,12,AGGAAGAAGGAGAAGTACAC,7,4650372
ybeDp,1.5384615384615385,31,12,AGCTCTGCCCCACGAAATAT,19,4617504
ybeDp,2.3846153846153846,42,12,AGCTCCATGTCCGGATCGCC,30,4601084
ybeDp,0.9230769230769231,23,12,AGCGTCACAAAGTCTTCAGG,11,4658466
ybeDp,1.0769230769230769,25,12,AGCGAGCTCGTACTAAGAGC,13,4667076
ybeDp,0.5384615384615384,18,12,AGCCTGTTATGAAAGTCGAT,6,4678293
ybeDp,1.3076923076923077,28,12,AGCACGAGAACAGCATGAGG,16,4623620
ybeDp,3.3846153846153846,55,12,AGATTCACGCACCCACCGCA,43,4635326
ybeDp,1.5384615384615385,31,12,AGATGGTTGGTCTGAACGGC,19,4620180
ybeDp,1.3846153846153846,29,12,AGATACCTTTTAAAAAGGGG,17,4641437
ybeDp,0.15384615384615385,13,12,AGAGCTCTGCCATATCCCGT,1,4628963
ybeDp,3.230769230769231,53,12,AGACTTGCAATAACAGCAGT,41,4664741
ybeDp,2.0,37,12,ACTTGGTGTGCTTGCGGAGT,25,4610294
ybeDp,0.6923076923076923,20,12,ACTCCGATGACACCTCCCGT,8,4681406
ybeDp,10.0,141,12,ACGTCCCGCCGAACCGCATC,129,4663474
ybeDp,2.076923076923077,38,12,ACGTAGCGGTAGATCGATGC,26,4679335
ybeDp,0.6923076923076923,20,12,ACGGGGTATTGGTACGATGA,8,4655180
ybeDp,1.3846153846153846,29,12,ACGGCGACGGTAGCCTCGGT,17,4680487
ybeDp,2.3846153846153846,42,12,ACGCGTGATGCAGATCGAGA,30,4614065
ybeDp,6.923076923076923,101,12,ACGATTCGAATAAGCTTTAA,89,4663790
ybeDp,3.6923076923076925,59,12,ACGAGACCCCCTCCGTGACA,47,4666351
ybeDp,3.076923076923077,51,12,ACGACCAGTTGGGACCGCAA,39,4656684
ybeDp,0.6153846153846154,19,12,ACCTACGTTGATTCGTTCAG,7,4673426
ybeDp,0.38461538461538464,16,12,ACCCTCACTCTACTAAAGCG,4,4660200
ybeDp,0.8461538461538461,22,12,ACCCGATTCCTACAAGAGTG,10,4610848
ybeDp,1.6153846153846154,32,12,ACCAAACGGTGAACCGGATA,20,4610376
ybeDp,4.461538461538462,69,12,ACATTGCCATGTCAAAACCT,57,4610335
ybeDp,6.230769230769231,92,12,ACATGTACCGGCCATAAGTT,80,4645946
ybeDp,0.7692307692307693,21,12,ACATCGTAAGTCATACGAAA,9,4608600
ybeDp,3.076923076923077,51,12,ACAGTTCTATCTTACATGTG,39,4637028
ybeDp,2.1538461538461537,39,12,ACACTGCGTCTGGTGAATAC,27,4621850
ybeDp,1.5384615384615385,31,12,ACAAGCGGATCTCTTCTAGA,19,4686282
ybeDp,1.7692307692307692,34,12,AATTTTTCGGACGCAAGTCT,22,4613644
ybeDp,1.8461538461538463,35,12,AATTGACATTCTTACTTTGG,23,4668842
ybeDp,1.9230769230769231,36,12,AATGACGGGAGTATGCCTTA,24,4676777
ybeDp,3.5384615384615383,57,12,AATCTGTGGAGGCCGAGGGA,45,4620822
ybeDp,2.923076923076923,49,12,AATCTGGAGGCGACGTTCCC,37,4636041
ybeDp,1.5384615384615385,31,12,AATAGTGGCTACCAGGTCTT,19,4604038
ybeDp,5.461538461538462,82,12,AATAATGCTCTTAGCGTGTG,70,4612419
ybeDp,3.0,50,12,AAGTCCTCATCGATATGGAA,38,4657557
ybeDp,1.0,24,12,AAGTATAAAAAACATATGTC,12,4664727
ybeDp,2.076923076923077,38,12,AAGGGTTGACTCTCGCCACG,26,4613204
ybeDp,1.3846153846153846,29,12,AAGGAGAAATCTAAAGGACT,17,4629131
ybeDp,1.0,24,12,AAGCTCATTTGTGGTCCATA,12,4649854
ybeDp,0.9230769230769231,23,12,AAGCTATATAACAGAGACGT,11,4683527
ybeDp,4.6923076923076925,72,12,AAGCGGCGGACCATAGTATC,60,4650835
ybeDp,2.6153846153846154,45,12,AAGCCCAGGGCTAAAGTATG,33,4637326
ybeDp,3.6923076923076925,59,12,AAGATCAACTACAAGCCTGG,47,4663668
ybeDp,0.38461538461538464,16,12,AACTCAATAGTTCCGTGCGT,4,4662939
ybeDp,1.3846153846153846,29,12,AACTAGAGCTAAGCATGGGT,17,4601465
ybeDp,3.4615384615384617,56,12,AACTACGGAACCGGTCATCC,44,4631494
ybeDp,1.2307692307692308,27,12,AACGGCTTTCGGACTATATC,15,4601552
ybeDp,0.8461538461538461,22,12,AACGAACTGACCAGGATTGT,10,4673496
ybeDp,1.8461538461538463,35,12,AACCGGCCATCAATAATTGG,23,4674507
ybeDp,1.6153846153846154,32,12,AACCACTTTTGTGGTGCATC,20,4641449
ybeDp,3.5384615384615383,57,12,AACATGTAGCGCTTCCACAG,45,4673428
ybeDp,3.6923076923076925,59,12,AAATTCGTCGGACAGTCTGC,47,4614824
ybeDp,2.4615384615384617,43,12,AAATGGTACATGTAATAATT,31,4674806
ybeDp,1.5384615384615385,31,12,AAATGACAACAGAGTGATCT,19,4608950
ybeDp,0.46153846153846156,17,12,AAATCCAGACGTGTGCAACC,5,4676639
ybeDp,0.15384615384615385,13,12,AAAGGTGCTTGGCCGACATG,1,4658062
ybeDp,0.8461538461538461,22,12,AAACGTCAGGTCTTAATCAG,10,4648351
ybeDp,0.15384615384615385,13,12,AAAACAGGAAACCACCAGAG,1,4611934
ybeDp,1.0,22,11,TTTTTAACCTTAGTATGAGG,11,4651320
ybeDp,4.166666666666667,60,11,TTTTCGTGTATAGCCTGCGG,49,4686045
ybeDp,0.16666666666666666,12,11,TTTTCGAGCATACACGCCGA,1,4609093
ybeDp,0.8333333333333334,20,11,TTTGGGTCAAGTAGATGTAC,9,4658804
ybeDp,0.9166666666666666,21,11,TTTGGATTGATTGCTAACTT,10,4645038
ybeDp,2.9166666666666665,45,11,TTTCTATGTATAAGCTGATA,34,4652665
ybeDp,1.75,31,11,TTTCCGCAAGCTTTGGACGG,20,4634118
ybeDp,3.1666666666666665,48,11,TTTCCCTTCCTGGTTGAAGA,37,4626366
ybeDp,0.4166666666666667,15,11,TTTAGTCTACAAACAGGTGC,4,4609495
ybeDp,0.16666666666666666,12,11,TTTAGCCTATATATTAGCCC,1,4671504
ybeDp,1.0,22,11,TTGTGTACGGAGAATCGGAT,11,4656915
ybeDp,2.25,37,11,TTGTCAACGTAAATGAGGTT,26,4628927
ybeDp,0.16666666666666666,12,11,TTGGGTGCAGTGGCCAGTCT,1,4610898
ybeDp,1.25,25,11,TTGGACCTCACCCGTCTCTG,14,4609373
ybeDp,1.8333333333333333,32,11,TTGCGGAGTGAGGCACCATA,21,4603780
ybeDp,4.333333333333333,62,11,TTGCCTGTCATACACATCCA,51,4661263
ybeDp,1.25,25,11,TTGCAGGCTGAAATCGCTTT,14,4634609
ybeDp,4.666666666666667,66,11,TTGATCATTAGGCCGCTAAT,55,4640573
ybeDp,1.6666666666666667,30,11,TTGATATATGTCATTGGTCT,19,4673147
ybeDp,0.16666666666666666,12,11,TTGAATTACCGGTCACGGCT,1,4679473
ybeDp,0.3333333333333333,14,11,TTGAATAGAACACGAGTAGT,3,4600821
ybeDp,13.166666666666666,168,11,TTGAAAGAGTTTAGTCGAGT,157,4648246
ybeDp,3.5,52,11,TTCTGTAGCAAAGGTCCTCC,41,4608946
ybeDp,0.5,16,11,TTCGTCGTCCGGAGGCCGTG,5,4641097
ybeDp,1.0833333333333333,23,11,TTCGGTGTCCCCCTGACAAG,12,4621586
ybeDp,3.75,55,11,TTCGCTCATAAGCGATCAAT,44,4635949
ybeDp,0.5833333333333334,17,11,TTCCCCGGCCTTCTGCGCCA,6,4668819
ybeDp,2.5,40,11,TTCCATGGTAAATCGCGTGT,29,4665127
ybeDp,0.75,19,11,TTATAGGCCTGGGATCGGCA,8,4657968
ybeDp,10.0,130,11,TTAGTAGTCCAGTACGTCCC,119,4671956
ybeDp,1.8333333333333333,32,11,TTAGTAGACGACGGGCTCGT,21,4669133
ybeDp,5.833333333333333,80,11,TTACTTGGGTAAACTAGGCT,69,4685119
ybeDp,6.916666666666667,93,11,TTACGATTCGTAGCGTGGTT,82,4619904
ybeDp,0.9166666666666666,21,11,TTAAACTTCTTGGTCCGAAC,10,4645833
ybeDp,1.3333333333333333,26,11,TTAAACCACACTTCCCGGAA,15,4627198
ybeDp,5.75,79,11,TTAAAATGGATGCTCATGCT,68,4628993
ybeDp,0.4166666666666667,15,11,TGTTACTTGTGAGAAATGTA,4,4611927
ybeDp,4.5,64,11,TGTTACAGTCATTAGTAAAA,53,4623027
ybeDp,0.5,16,11,TGTGTGCCTGTTGGGGAATG,5,4614570
ybeDp,1.75,31,11,TGTGAAAGTAGGCGTACGCT,20,4680932
ybeDp,0.5833333333333334,17,11,TGTCTTGGGTACTCTAGCCT,6,4635586
ybeDp,0.9166666666666666,21,11,TGTCGAGCAGCCGTGGTAGG,10,4630820
ybeDp,1.75,31,11,TGTCCCAGCTGCTAGGGGTG,20,4609680
ybeDp,0.75,19,11,TGTCAACAATCCCCCAGATA,8,4644886
ybeDp,1.9166666666666667,33,11,TGTAACTGCGATTTTCGACA,22,4615556
ybeDp,1.4166666666666667,27,11,TGGTCGAATATTGAACCCGT,16,4636384
ybeDp,2.3333333333333335,38,11,TGGGTGCTACGAATTTCCTC,27,4655374
ybeDp,0.25,13,11,TGGGAGTTACGAGGCAATCA,2,4633159
ybeDp,3.0,46,11,TGCGTATTGCCGTGGAGTCT,35,4626617
ybeDp,0.16666666666666666,12,11,TGCGGATTGTCTAATGTGGT,1,4682027
ybeDp,1.75,31,11,TGCGCGAACGCTATAGTGGT,20,4660158
ybeDp,2.0833333333333335,35,11,TGCCATATCGAGTCATGCGT,24,4614196
ybeDp,2.3333333333333335,38,11,TGCAGTGCTGGAACACATTT,27,4664754
ybeDp,3.25,49,11,TGAGTTACGGGTGCGCCCTT,38,4631408
ybeDp,1.4166666666666667,27,11,TGAGTGAAAACACAAGGGGG,16,4687302
ybeDp,5.416666666666667,75,11,TGAGGACGCCTCTTCCTTGG,64,4679730
ybeDp,1.0833333333333333,23,11,TGAATCAAAGTCATTGCGGT,12,4642455
ybeDp,1.4166666666666667,27,11,TCTTGTTTCGCAGTAGCCGT,16,4624589
ybeDp,0.8333333333333334,20,11,TCTCTTTACCAGGCGAGGAA,9,4615630
ybeDp,0.6666666666666666,18,11,TCTCGCTTCCTAGGAGGGCA,7,4627609
ybeDp,10.25,133,11,TCTCCCGAATACATGAATAA,122,4686385
ybeDp,2.4166666666666665,39,11,TCTATTGATACGGTGCAATT,28,4615338
ybeDp,1.1666666666666667,24,11,TCTAGATTCAGTTTTTGTCT,13,4681053
ybeDp,0.16666666666666666,12,11,TCGTTTACGAACTCATTGGT,1,4658981
ybeDp,1.9166666666666667,33,11,TCGTCTGGCGCGGCTGACTG,22,4622614
ybeDp,0.75,19,11,TCGCATCGGTGTTGGAAGTT,8,4676971
ybeDp,1.9166666666666667,33,11,TCGCACTCTAAGCCCTGCGA,22,4667367
ybeDp,3.5833333333333335,53,11,TCGAGTGCAATCTATGGTTC,42,4654026
ybeDp,4.833333333333333,68,11,TCCTGATGACTTTGGTCTCC,57,4664170
ybeDp,3.1666666666666665,48,11,TCCTCCCCGCAGTGTAGATA,37,4642284
ybeDp,1.8333333333333333,32,11,TCCTATCCTAGCACTCCTGC,21,4614875
ybeDp,1.5833333333333333,29,11,TCCGTTATTTCCCTGACAGA,18,4606575
ybeDp,1.5833333333333333,29,11,TCCGGGAGTGATGATCCGAC,18,4637321
ybeDp,2.5,40,11,TCCACTGAGATATGTTCGTA,29,4603218
ybeDp,2.0833333333333335,35,11,TCATTTGGGGCTGGTTGGCA,24,4677947
ybeDp,0.5833333333333334,17,11,TCATGATCCTAAACACACCG,6,4670355
ybeDp,0.9166666666666666,21,11,TCAGTCGGCGATTGAGAGCT,10,4628210
ybeDp,0.16666666666666666,12,11,TCAGGGCCAGATCGTATTAC,1,4614076
ybeDp,0.16666666666666666,12,11,TCAGCCGGGGATAGGCGCTC,1,4685404
ybeDp,1.25,25,11,TCACGTGTGCTCCATGTTGG,14,4632563
ybeDp,0.5833333333333334,17,11,TCACACTTCCGGCCTGATAA,6,4630078
ybeDp,1.5,28,11,TCACAACAGATATCGTAATG,17,4676947
ybeDp,3.75,55,11,TCAAGGTCCTACCTAAAACA,44,4654176
ybeDp,3.9166666666666665,57,11,TCAAACGCAAGTACCATCTA,46,4658556
ybeDp,1.0,22,11,TATTCGCTTATTAGCATTGA,11,4666074
ybeDp,1.5833333333333333,29,11,TATTCCCACATACTATGCAG,18,4621950
ybeDp,2.5,40,11,TATTAGGGGGACACACAACT,29,4606895
ybeDp,18.0,226,11,TATGTGCAATGGCCAAGCCA,215,4604454
ybeDp,9.416666666666666,123,11,TATCCGCCTTATCGCCAGCC,112,4686373
ybeDp,0.6666666666666666,18,11,TATAACCCTTGTCGCAGGTA,7,4669861
ybeDp,4.083333333333333,59,11,TACTCCAAGATGTTCATCAG,48,4629018
ybeDp,2.5833333333333335,41,11,TACTCATCTCGGCTCGATAG,30,4609061
ybeDp,5.166666666666667,72,11,TACCAGACGCTGTGAAATGA,61,4608355
ybeDp,3.4166666666666665,51,11,TACAGGGTGCTAACGGGTAA,40,4679171
ybeDp,0.8333333333333334,20,11,TACAGAAGTGTACTTCCTAA,9,4635699
ybeDp,0.5,16,11,TACACATTGCTGTTGCTGAG,5,4682617
ybeDp,1.0,22,11,TAAGTGAAACCAGGTAATGT,11,4668592
ybeDp,3.5833333333333335,53,11,TAAGCGTGAGTAACGGCCGC,42,4664755
ybeDp,3.25,49,11,TAAGCCTCGTTAAATGCCGT,38,4615571
ybeDp,0.3333333333333333,14,11,TAACTGCCCTGTATGGTATC,3,4616434
ybeDp,1.25,25,11,TAACTCGTCAATTGGGAGGC,14,4640634
ybeDp,1.5833333333333333,29,11,TAAAGGAAAAGAAATGAAAC,18,4606674
ybeDp,1.1666666666666667,24,11,TAAAGACATATGTGATGTTG,13,4647904
ybeDp,0.16666666666666666,12,11,GTTGACCCGGTTCACCCGAC,1,4641127
ybeDp,0.9166666666666666,21,11,GTTATTAAATATGTGGCGGA,10,4664395
ybeDp,1.4166666666666667,27,11,GTTATCCATGCATTCACGCA,16,4669921
ybeDp,1.0,22,11,GTGTAGTACCGTATCGGTCA,11,4650335
ybeDp,3.25,49,11,GTGTACGAATCCTCGCCGCT,38,4625392
ybeDp,2.75,43,11,GTGTAACGCGTCGAGTTCTG,32,4638848
ybeDp,0.16666666666666666,12,11,GTGGGTGCGTGATACGAAAC,1,4610700
ybeDp,2.8333333333333335,44,11,GTGGCAGGAGGTTTCCTTGA,33,4619091
ybeDp,0.75,19,11,GTGATAAACATATTTCGGAG,8,4634146
ybeDp,1.6666666666666667,30,11,GTGACTGGGATACCGTTAGG,19,4611081
ybeDp,20.333333333333332,254,11,GTGAAAGCGGCGGATTGGCA,243,4671316
ybeDp,3.1666666666666665,48,11,GTCTCACCCAAAGTCCTGCA,37,4654559
ybeDp,2.4166666666666665,39,11,GTCGTACTGTTAGACAGTTC,28,4638543
ybeDp,0.5,16,11,GTCGAGCTGATTGGCGGGCG,5,4656811
ybeDp,3.8333333333333335,56,11,GTCCTAGTTGTGGTTGCGCT,45,4673720
ybeDp,1.5833333333333333,29,11,GTCCCGATTCCGCTAGTATG,18,4604370
ybeDp,0.3333333333333333,14,11,GTCATGACGTCCGTTCCTAC,3,4643208
ybeDp,0.5,16,11,GTATGTGTATAGGGTTTTCC,5,4678816
ybeDp,2.6666666666666665,42,11,GTATCTTACAGCCTTTGCCA,31,4602675
ybeDp,6.0,82,11,GTAGGTCATCCGACGTGTGT,71,4645818
ybeDp,0.5833333333333334,17,11,GTACTGAAGTGCATGCTCCA,6,4625823
ybeDp,0.4166666666666667,15,11,GTACGTTTCGGTCAGAAGTG,4,4608516
ybeDp,0.16666666666666666,12,11,GTACGGCGTGGCGCCATGAT,1,4652077
ybeDp,4.083333333333333,59,11,GGTTGAGGGTTTTGCCTTTA,48,4675880
ybeDp,0.16666666666666666,12,11,GGTTACTCCCTCTTTAGTTG,1,4639450
ybeDp,2.75,43,11,GGTGGATACGTTCGCAAGGT,32,4609822
ybeDp,0.4166666666666667,15,11,GGTCTAAAGTCTCGCGTATG,4,4683044
ybeDp,0.25,13,11,GGTCGAGGTAATGGAGGTGG,2,4617225
ybeDp,0.16666666666666666,12,11,GGTATGCCCATGCAATTGGG,1,4654994
ybeDp,3.5833333333333335,53,11,GGTATCCCTTGTCAAGCTCT,42,4684115
ybeDp,5.416666666666667,75,11,GGTAGAGGTGCGTTCAGATA,64,4607909
ybeDp,1.75,31,11,GGTACTCAGATCACCCCTTT,20,4685401
ybeDp,0.5,16,11,GGTACTAACAATATATCGGC,5,4688262
ybeDp,2.9166666666666665,45,11,GGGTTACTGCAACTAGAGTA,34,4685856
ybeDp,0.16666666666666666,12,11,GGGTATATGCTCTAGCCCAC,1,4682568
ybeDp,2.5833333333333335,41,11,GGGGCTCACCATGGCCTTCA,30,4627580
ybeDp,0.75,19,11,GGGGACCTTTTCAGTTGAAG,8,4682013
ybeDp,0.16666666666666666,12,11,GGGCTAAATGCAGGTCACGT,1,4650258
ybeDp,1.9166666666666667,33,11,GGGCCTTAAAGGCGCTGATT,22,4615337
ybeDp,1.75,31,11,GGGCAGAGATCGGAGGGGTT,20,4615847
ybeDp,3.9166666666666665,57,11,GGGATGAGTAAGACCACAGT,46,4641194
ybeDp,0.5,16,11,GGCTAGGCGAGACCCGTATC,5,4645487
ybeDp,0.5833333333333334,17,11,GGCATTGTTCCCTTATTTTC,6,4627691
ybeDp,0.16666666666666666,12,11,GGCACTGTTTCCCGCGGGGA,1,4608895
ybeDp,0.25,13,11,GGCACATTGAGTCCGCCAAA,2,4615377
ybeDp,1.75,31,11,GGATTGGTAGAAGGTGTAAA,20,4610445
ybeDp,2.6666666666666665,42,11,GGATGTGAACCAGGCCAACG,31,4662225
ybeDp,0.16666666666666666,12,11,GGATATAGATGGGGTATAAA,1,4601713
ybeDp,2.0,34,11,GGAGTCAGTTTCTGCAATGA,23,4640542
ybeDp,1.0,22,11,GGAGGTTCGGGCTCTTCGCC,11,4658946
ybeDp,1.5,28,11,GGACTAGATAGCTCGACAGG,17,4608164
ybeDp,1.9166666666666667,33,11,GGAATTCCTGAGACATCGCA,22,4643596
ybeDp,0.5833333333333334,17,11,GGAAGGCATAAAAATTTTCT,6,4623064
ybeDp,2.3333333333333335,38,11,GGAACTGGCAGGCCTAGATT,27,4640064
ybeDp,2.0833333333333335,35,11,GGAAAGCTACGTCTTCGGTC,24,4626198
ybeDp,3.3333333333333335,50,11,GCTTTCTACAACAGGGCTCT,39,4630546
ybeDp,0.8333333333333334,20,11,GCTCATAGAATTCTCCCTGC,9,4602938
ybeDp,1.0833333333333333,23,11,GCTCAAGCCTAGCATGTATT,12,4628544
ybeDp,2.5833333333333335,41,11,GCTATATGAACATTTGGAGA,30,4659105
ybeDp,0.25,13,11,GCTAGTCACAAGGAACCAGG,2,4667369
ybeDp,2.3333333333333335,38,11,GCTAATATGATGATGGGAGA,27,4639008
ybeDp,0.16666666666666666,12,11,GCGTTCGCTAGTTCCAATAG,1,4653389
ybeDp,1.3333333333333333,26,11,GCGATGAATAAGCTCCATCA,15,4661289
ybeDp,2.75,43,11,GCGAGTGGTACACTTCGCAA,32,4650478
ybeDp,1.8333333333333333,32,11,GCGAGGTTTCATGCATCTGT,21,4663876
ybeDp,2.9166666666666665,45,11,GCGAGGCGCATCACGTGCAT,34,4603639
ybeDp,3.4166666666666665,51,11,GCCTGAACTCAGCAACGGTG,40,4645446
ybeDp,9.416666666666666,123,11,GCCGGTCCGACCAATCGATC,112,4682054
ybeDp,6.5,88,11,GCCGCTGCGCACGATATGGA,77,4658588
ybeDp,3.4166666666666665,51,11,GCCGAAGGCTCCAGATCCCT,40,4621448
ybeDp,0.8333333333333334,20,11,GCCCGTACTCTTCCCGGTCG,9,4616087
ybeDp,8.166666666666666,108,11,GCCATCAGGAGTGTGCGCGT,97,4638320
ybeDp,0.9166666666666666,21,11,GCCACGGCTAAATCGGTACG,10,4626222
ybeDp,7.25,97,11,GCCACCGGGCCAAACTAACT,86,4612061
ybeDp,3.8333333333333335,56,11,GCAGTCTCCATTATCGGCAA,45,4646282
ybeDp,0.5833333333333334,17,11,GCAGTAGTTGTGTTAATCAG,6,4619483
ybeDp,0.8333333333333334,20,11,GCACTGCGTTGGGTTGCAGC,9,4663848
ybeDp,2.3333333333333335,38,11,GCAATCTTATTTGATTGGTT,27,4620307
ybeDp,1.1666666666666667,24,11,GCAAGTCTAACTATAGAAAC,13,4602785
ybeDp,3.6666666666666665,54,11,GCAAAGTAACAATTAGGGTT,43,4634922
ybeDp,2.5833333333333335,41,11,GATTTTAAAGGCCCTTGGCA,30,4640705
ybeDp,3.3333333333333335,50,11,GATTCATTCAAAAGGCAAAA,39,4671699
ybeDp,1.6666666666666667,30,11,GATGTCCCTCTGAGATCAGA,19,4667890
ybeDp,1.9166666666666667,33,11,GATGCCCTGTGCCATTGCTA,22,4611846
ybeDp,2.3333333333333335,38,11,GATGATATAGCGGTTAGAGG,27,4627991
ybeDp,1.1666666666666667,24,11,GATCGGCACCTCAGGCCACA,13,4634252
ybeDp,3.3333333333333335,50,11,GATATCGACTATTGATTCCC,39,4647093
ybeDp,3.1666666666666665,48,11,GAGTTTTCCCCTCATTTAAT,37,4625108
ybeDp,0.16666666666666666,12,11,GAGTGAGACTCCCTCCGTCG,1,4606346
ybeDp,1.5,28,11,GAGGTGTCCGGTTACCTCAA,17,4650469
ybeDp,1.1666666666666667,24,11,GAGGGTGGCTGCGAAGATAA,13,4671029
ybeDp,0.3333333333333333,14,11,GAGATCTTAGTCACCAGGGT,3,4604981
ybeDp,1.0833333333333333,23,11,GAGAGGTGAGAACTCTCACG,12,4664569
ybeDp,7.916666666666667,105,11,GAGAGCTCTCCCTATCGTAA,94,4654331
ybeDp,4.666666666666667,66,11,GAGACCGGTGCTAGACCTAA,55,4637821
ybeDp,2.0,34,11,GAGAAGATTAACCTCCGAGA,23,4607388
ybeDp,1.1666666666666667,24,11,GACTTGTTCACGGGAGCCGT,13,4603303
ybeDp,0.25,13,11,GACGTTGCCGTCTTGTCCGA,2,4634522
ybeDp,4.5,64,11,GACGATCCGTCATGAGCTTT,53,4604221
ybeDp,4.0,58,11,GACGATAAGCCCTGACCAAG,47,4614192
ybeDp,0.6666666666666666,18,11,GACGACACATTCGCAGATGT,7,4602154
ybeDp,0.8333333333333334,20,11,GACCGCGATCAGATCGGATA,9,4660484
ybeDp,3.4166666666666665,51,11,GACAGGCACCGAGCGGGCTA,40,4611287
ybeDp,2.3333333333333335,38,11,GACAAATAATGAATCGTATT,27,4645578
ybeDp,0.5,16,11,GAATTGCGATCAGCACTGCA,5,4630216
ybeDp,1.5833333333333333,29,11,GAATACCCCGCCTACCAATT,18,4668141
ybeDp,1.8333333333333333,32,11,GAATACACGGCTCAAAGGCT,21,4638198
ybeDp,4.833333333333333,68,11,GAACACCTGCCATTTCCACG,57,4663324
ybeDp,1.1666666666666667,24,11,CTTTGGTCAAATGGCCGTGA,13,4640919
ybeDp,0.25,13,11,CTTTATTGATATTCATGGTC,2,4655862
ybeDp,1.9166666666666667,33,11,CTTCTTTTAGTCGCTGCCCG,22,4638307
ybeDp,5.5,76,11,CTTCCCGAGAAGGTAAGGTA,65,4603596
ybeDp,0.5833333333333334,17,11,CTTCAACTTGGGGCTAGGGG,6,4619570
ybeDp,2.75,43,11,CTTAGCATACATTGCCAATC,32,4601834
ybeDp,0.16666666666666666,12,11,CTGGTTCAGGTACATAGCTC,1,4612904
ybeDp,3.5833333333333335,53,11,CTGGGTATGGGATCAGGCTT,42,4672477
ybeDp,0.16666666666666666,12,11,CTGGCCCCGCGTCGGGCCAG,1,4686507
ybeDp,1.75,31,11,CTGGCATTTTATAATCAGAG,20,4610844
ybeDp,1.75,31,11,CTGGATCGTACCGCGCCAGT,20,4660943
ybeDp,0.5,16,11,CTGGAGATAACAGGTTTTGT,5,4657640
ybeDp,0.5,16,11,CTGCCAGGTGTACTCGATCG,5,4604304
ybeDp,0.9166666666666666,21,11,CTGATCAGCAACCTTGCTTT,10,4624144
ybeDp,2.0,34,11,CTGAGAACGCCTCAGCGTCG,23,4625802
ybeDp,0.16666666666666666,12,11,CTCTTTGCCCACCATACCAT,1,4622909
ybeDp,2.1666666666666665,36,11,CTCTGTACCCAAGAAAAATT,25,4682053
ybeDp,4.416666666666667,63,11,CTCTAGTTCTACCTAAGAGC,52,4639402
ybeDp,0.75,19,11,CTCGGGTTAGGTGGTCTGTA,8,4607976
ybeDp,1.5833333333333333,29,11,CTCGGAGAGTGGGTCTGGCA,18,4642697
ybeDp,1.0833333333333333,23,11,CTCCTGATAACCTCACGGGT,12,4667275
ybeDp,3.5,52,11,CTCCTACGAACCGTTCTAAC,41,4608149
ybeDp,1.9166666666666667,33,11,CTCCCATTGCAGAGGCCCGG,22,4645027
ybeDp,5.5,76,11,CTCATAGATTTGATAACCTA,65,4670388
ybeDp,2.0833333333333335,35,11,CTCACCTGGTTCAGCCTAAG,24,4623857
ybeDp,0.4166666666666667,15,11,CTCAAGGCGCTTGTCCACAC,4,4619500
ybeDp,0.9166666666666666,21,11,CTATAATGCTGCCGAACCAC,10,4676849
ybeDp,1.9166666666666667,33,11,CTAGTCAGCTTGCTGACAAT,22,4616786
ybeDp,12.166666666666666,156,11,CTAGATTTATCTCATGTCAA,145,4660751
ybeDp,2.8333333333333335,44,11,CTAGATGTGTAGCTTACCAT,33,4681893
ybeDp,2.1666666666666665,36,11,CTAGACATAGCTATAGCCGA,25,4636525
ybeDp,6.0,82,11,CTACGTGGTTCACGGCTGTG,71,4626348
ybeDp,1.5833333333333333,29,11,CTACGCGCATTCAGGTTAAC,18,4652404
ybeDp,3.75,55,11,CGTTAAACTCGTGAGGAATG,44,4658634
ybeDp,1.0,22,11,CGTGCTTCTAAGGAAGCAAT,11,4625951
ybeDp,13.916666666666666,177,11,CGTGCTGGGAGAAGCCACCC,166,4637510
ybeDp,0.16666666666666666,12,11,CGTCGGGGGCCTGACGTGAC,1,4648034
ybeDp,1.3333333333333333,26,11,CGTCCGTTACGACGGATTCG,15,4611230
ybeDp,0.16666666666666666,12,11,CGTCAATTGTCCGCTCATCA,1,4626139
ybeDp,4.0,58,11,CGTATTGCTTACTTTTTGCA,47,4617561
ybeDp,1.75,31,11,CGTAGAGTGTCTTGGGCAGC,20,4619744
ybeDp,0.25,13,11,CGGTTTTAGTAGGGCCAGTC,2,4685594
ybeDp,0.4166666666666667,15,11,CGGTAGTGAAATAGATGGAC,4,4659753
ybeDp,2.9166666666666665,45,11,CGGTACGAGGCGCTCACACT,34,4648379
ybeDp,0.5833333333333334,17,11,CGGTACACAAAGACGTAGAT,6,4682642
ybeDp,7.0,94,11,CGGGCGTATGCTGATGTAAA,83,4634925
ybeDp,1.9166666666666667,33,11,CGGCCTGTCGTCGTTTGACA,22,4614221
ybeDp,2.8333333333333335,44,11,CGGCATTCGTAAACTACAGC,33,4675820
ybeDp,1.5,28,11,CGGCATAATTCACCTCGTCC,17,4630156
ybeDp,2.25,37,11,CGGACCGGCGTATGTAGCCT,26,4663922
ybeDp,2.6666666666666665,42,11,CGGAAAGGTAGTGTTCCCAC,31,4607283
ybeDp,0.16666666666666666,12,11,CGCTTCACTACGCGGCCTTT,1,4601679
ybeDp,7.5,100,11,CGCGTCCTGAACCTTCATGG,89,4633082
ybeDp,0.8333333333333334,20,11,CGCGCGCCAGGCAACCGATG,9,4624088
ybeDp,4.416666666666667,63,11,CGCCTCTCCCTGATGTTTCG,52,4656553
ybeDp,0.16666666666666666,12,11,CGCCAACAGGGCTTGCGTGG,1,4667742
ybeDp,2.6666666666666665,42,11,CGAGTGTATTCGGTCGAGTG,31,4664936
ybeDp,2.3333333333333335,38,11,CGAGATCTCGGAGAAACCGT,27,4618164
ybeDp,1.0833333333333333,23,11,CGACGGCGCGCATTCCCTGT,12,4657683
ybeDp,1.5,28,11,CGACGCCCAGGTTGCTAGTG,17,4619484
ybeDp,2.25,37,11,CGACCTAGTTCCAACCCATT,26,4647979
ybeDp,3.5,52,11,CGAATATAGACTGCGCCGAA,41,4620883
ybeDp,0.3333333333333333,14,11,CGAACTACTATAGTATCGAA,3,4663277
ybeDp,1.3333333333333333,26,11,CGAACGTGTGGAGCGGCGTT,15,4613382
ybeDp,3.25,49,11,CGAACACGTGAGCACTGTTA,38,4658733
ybeDp,2.5,40,11,CGAAATCCACTTTGTTTTAT,29,4656974
ybeDp,0.16666666666666666,12,11,CCTGGGGGCCTAGTGCATGA,1,4627995
ybeDp,15.583333333333334,197,11,CCTGGGGGAGCCGGGGCGCA,186,4683423
ybeDp,0.4166666666666667,15,11,CCTCTTATTATCTATGCAGA,4,4604956
ybeDp,3.9166666666666665,57,11,CCTAGCGGGGTTTTTCCCGC,46,4661775
ybeDp,2.0833333333333335,35,11,CCTAAGTCAACTTCGTGTCG,24,4648035
ybeDp,0.16666666666666666,12,11,CCGTTACTGGTTCTGGTACG,1,4620232
ybeDp,1.5833333333333333,29,11,CCGTCATCCCTTGTGGATAT,18,4622019
ybeDp,1.25,25,11,CCGGTTAAGAAAGAGCCGTC,14,4666219
ybeDp,0.4166666666666667,15,11,CCGCAGGCGCCATAGCTACG,4,4640895
ybeDp,1.0833333333333333,23,11,CCGAAGAGAGAGCGAGATTC,12,4680949
ybeDp,0.16666666666666666,12,11,CCCTCCGCTAGGCCAACCAC,1,4628431
ybeDp,1.6666666666666667,30,11,CCCTCACCGTCCACCGAAAG,19,4644125
ybeDp,3.8333333333333335,56,11,CCCGGTGGCGGCCACGCTGG,45,4620867
ybeDp,1.0,22,11,CCCCTTAACGGTACCATTGA,11,4609928
ybeDp,0.6666666666666666,18,11,CCCCTCAATCTAGGTTTACC,7,4613413
ybeDp,1.1666666666666667,24,11,CCCCGGGTCTCAGCATCGTT,13,4668239
ybeDp,3.4166666666666665,51,11,CCCCAGTAGCTCACTATACG,40,4637075
ybeDp,3.75,55,11,CCATTGCTGCTGAGGGACAT,44,4603254
ybeDp,0.25,13,11,CCATGTTTTATATTGCTGTG,2,4662028
ybeDp,0.5,16,11,CCATCCTGTCTGTTGCATGA,5,4647448
ybeDp,3.0,46,11,CCAGCTGTATTCCCCGACCT,35,4649994
ybeDp,1.3333333333333333,26,11,CCACAAGCTCCTCCATACTA,15,4606080
ybeDp,6.0,82,11,CCAAGTGATATCTGGCGTAG,71,4647102
ybeDp,1.8333333333333333,32,11,CCAAAATATTCAAATCCGTG,21,4675938
ybeDp,3.4166666666666665,51,11,CATTCTAGACGCCATTGAAT,40,4658030
ybeDp,0.75,19,11,CATCCTTTCATGAACGATGC,8,4649689
ybeDp,1.0,22,11,CATCATCGTAAGAGTCGATA,11,4670391
ybeDp,5.25,73,11,CATAATTTCTGGATATGTAA,62,4682717
ybeDp,2.25,37,11,CATAACATCTCCGTATGGCT,26,4621192
ybeDp,1.1666666666666667,24,11,CAGTTTGTGCCAACCAAAAA,13,4637806
ybeDp,3.5,52,11,CAGTTGAATTCCTTGAAGTA,41,4606388
ybeDp,0.25,13,11,CAGTCTCGACCCACATTCTA,2,4660187
ybeDp,4.166666666666667,60,11,CAGTACGAGATATATCCGTC,49,4637586
ybeDp,1.25,25,11,CAGTACCTTGAAGAGAGCTC,14,4603247
ybeDp,1.0833333333333333,23,11,CAGGGAATCCAACTAATTCT,12,4628894
ybeDp,0.16666666666666666,12,11,CAGCACGGGATTTGGGCCAC,1,4617844
ybeDp,12.75,163,11,CAGAGTCTATGTTTGCTTAA,152,4659652
ybeDp,0.9166666666666666,21,11,CAGAGAACGTGTAGAAAGCC,10,4684033
ybeDp,9.333333333333334,122,11,CACTGGTACCTCCCGGACTC,111,4678192
ybeDp,2.75,43,11,CACTCCTGTCGAGGGACCAT,32,4681196
ybeDp,1.8333333333333333,32,11,CACTATGATTTTATGTCCCT,21,4603985
ybeDp,2.0,34,11,CACTATAGCGGATCGCGCCT,23,4617868
ybeDp,4.333333333333333,62,11,CACGGCGGTGCCACCGGTGT,51,4659427
ybeDp,1.9166666666666667,33,11,CACGATGTCTATTCGGCCTC,22,4635796
ybeDp,1.5833333333333333,29,11,CACGATGCCCGTCATTGTTG,18,4645253
ybeDp,0.4166666666666667,15,11,CACCCTGGTATGACCCGTCT,4,4626470
ybeDp,1.3333333333333333,26,11,CACAACGGGACTCCGCGTAA,15,4634623
ybeDp,3.1666666666666665,48,11,CAATTGAGTGGCCGCAAATA,37,4633814
ybeDp,1.25,25,11,CAATATACCGAGGCCCCGAA,14,4616017
ybeDp,2.5,40,11,CAATACGTATTGAAAGTTCA,29,4679256
ybeDp,2.0,34,11,CAAGTAAGGTCGGCTCTGGT,23,4653729
ybeDp,0.3333333333333333,14,11,CAAATTATCCAGACCCAGCA,3,4612700
ybeDp,1.3333333333333333,26,11,CAAAGTATGGTCAGAATGGC,15,4637025
ybeDp,2.0833333333333335,35,11,CAAAAGGCGATCTTGAAGTA,24,4678988
ybeDp,0.5833333333333334,17,11,ATTTTTTACATGTGACTCAA,6,4606362
ybeDp,0.8333333333333334,20,11,ATTTTATAGTCTATTAGTTC,9,4633297
ybeDp,2.8333333333333335,44,11,ATTGGCCGGCGTCTCGGTCT,33,4629876
ybeDp,2.5833333333333335,41,11,ATTCTCTGTAACTTGACCTC,30,4605222
ybeDp,0.25,13,11,ATTATGCTTCAGCCATTGGA,2,4614225
ybeDp,3.8333333333333335,56,11,ATGTATTAAAACTAGCAGTT,45,4614096
ybeDp,0.16666666666666666,12,11,ATGGTGGAGCCGTGGGTTTT,1,4659249
ybeDp,2.1666666666666665,36,11,ATGGATAGGAAAAATGTCTC,25,4627065
ybeDp,2.25,37,11,ATGGAGCAGCGCCGGAAGGT,26,4627839
ybeDp,1.4166666666666667,27,11,ATGCTGACGATAGAGTCCTC,16,4630267
ybeDp,5.416666666666667,75,11,ATGCCTCGGTCCGATGCGGG,64,4612733
ybeDp,1.9166666666666667,33,11,ATGAGCATTTATATGTGGCT,22,4628126
ybeDp,1.3333333333333333,26,11,ATCTCTTCCCCGGCATTTGG,15,4685817
ybeDp,0.25,13,11,ATCTCGTGACTGGTATCCCA,2,4629578
ybeDp,1.0833333333333333,23,11,ATCTCATGCGGACTGCGCAT,12,4683147
ybeDp,1.3333333333333333,26,11,ATCTAAGTAGGGAACCTTCC,15,4608796
ybeDp,2.0,34,11,ATCGGTGTCCGAGAAGAGAT,23,4606606
ybeDp,1.5833333333333333,29,11,ATCGAGGTCGAACTGAGTCA,18,4637929
ybeDp,0.25,13,11,ATAGTCAAGTAAGTCCGCCG,2,4643398
ybeDp,2.0,34,11,ATAGAGGGGCAACTCGTCAC,23,4602108
ybeDp,0.16666666666666666,12,11,ATAAAGTTTCGGTATATGCA,1,4649028
ybeDp,1.25,25,11,AGTTTCCATCTACCAACCTT,14,4643455
ybeDp,0.8333333333333334,20,11,AGTTTAAGCACACGACGGAT,9,4640721
ybeDp,2.75,43,11,AGTGTACTTTGGTTCTAAGG,32,4648843
ybeDp,6.0,82,11,AGTGAGGTGTTGGCTGGTGG,71,4621156
ybeDp,1.25,25,11,AGTCGCATTAAGGTTACATA,14,4657376
ybeDp,2.5,40,11,AGTCCTCCTGTTTACTTATC,29,4670789
ybeDp,0.16666666666666666,12,11,AGTAGCTACGAAGTCACTTC,1,4619810
ybeDp,1.6666666666666667,30,11,AGTACGTCAGGGGTTTGAGC,19,4677933
ybeDp,2.5,40,11,AGGCTCATGAGTCTCGGGAG,29,4658572
ybeDp,8.0,106,11,AGGCGACGTTTTTTGGTGAG,95,4685230
ybeDp,6.083333333333333,83,11,AGGCCCAATATACCTTAGTG,72,4686533
ybeDp,1.8333333333333333,32,11,AGGAATAGTGGCAGGTACGC,21,4626320
ybeDp,1.3333333333333333,26,11,AGCGTCGGAGTGTTTCCGAA,15,4679697
ybeDp,0.8333333333333334,20,11,AGCGTCACTATATCCCCTAT,9,4628500
ybeDp,0.5833333333333334,17,11,AGCCAGAAGACCTCCGTGTG,6,4644852
ybeDp,2.0,34,11,AGCCAACCTATATATGCGAG,23,4609435
ybeDp,2.3333333333333335,38,11,AGATTTACCGGCGACGCATC,27,4659503
ybeDp,2.9166666666666665,45,11,AGACCCGATCCGATACTCAA,34,4652229
ybeDp,0.9166666666666666,21,11,ACTTGTACAGCAGTGAGAAC,10,4610399
ybeDp,0.75,19,11,ACTTCTCGAAACAATAGGCT,8,4622508
ybeDp,0.4166666666666667,15,11,ACTTAACTCAGTCTGAAACT,4,4610336
ybeDp,1.6666666666666667,30,11,ACTTAACGGTATTCAAACCA,19,4631274
ybeDp,1.4166666666666667,27,11,ACTGGTTGTATAACCGGCTG,16,4603982
ybeDp,2.5,40,11,ACTGCACGCCCCTTAAGGCG,29,4650431
ybeDp,0.5,16,11,ACTCGGAATTGATCGATAGG,5,4623925
ybeDp,3.3333333333333335,50,11,ACTCCGCAATGCCTCGCGTG,39,4600957
ybeDp,0.16666666666666666,12,11,ACGTTCTTTACGCAAAAACC,1,4652372
ybeDp,1.5,28,11,ACGTGCAACAATGGGTTCAT,17,4632685
ybeDp,0.16666666666666666,12,11,ACGTCCACATCCAGAACTCT,1,4680077
ybeDp,3.6666666666666665,54,11,ACGGTTACAAATAACACTGT,43,4667906
ybeDp,2.75,43,11,ACGGTATGATAGATCTGTGA,32,4671019
ybeDp,0.6666666666666666,18,11,ACGGGGTCTAAACAGTCTGC,7,4665062
ybeDp,1.0833333333333333,23,11,ACGGCTCGGGGTCCCGCGAT,12,4658690
ybeDp,1.8333333333333333,32,11,ACGCGTTGAGAGAATATAAA,21,4660820
ybeDp,2.1666666666666665,36,11,ACGCCCCGACGGTACCGGTC,25,4683364
ybeDp,1.0,22,11,ACCTTTAGTTATCGAGTCGC,11,4617755
ybeDp,2.75,43,11,ACCTCCAGAGATCCCCCGGA,32,4675178
ybeDp,22.166666666666668,276,11,ACCTATTGTGAGGTCACACA,265,4679930
ybeDp,1.25,25,11,ACCGTTATTATACGCCAGTC,14,4624802
ybeDp,1.6666666666666667,30,11,ACCGAGTATTGGGGGCACGT,19,4659869
ybeDp,3.75,55,11,ACCCGGTAATCCCGAGAGGA,44,4655887
ybeDp,2.0,34,11,ACCCGCTAGCCGCTCCTGGA,23,4635016
ybeDp,2.1666666666666665,36,11,ACCATCTGACCGGTAGGGTC,25,4614879
ybeDp,0.3333333333333333,14,11,ACCAGATCAGGGTTTCACGA,3,4621365
ybeDp,1.4166666666666667,27,11,ACCAAATAGATCGTCACCGA,16,4665848
ybeDp,2.0,34,11,ACATGTTGGGGAGTCGAAAT,23,4628146
ybeDp,2.9166666666666665,45,11,ACATATTCTCATTTGCCAAT,34,4648501
ybeDp,0.9166666666666666,21,11,ACAGTTTTAGAAACCTTATG,10,4630088
ybeDp,1.4166666666666667,27,11,ACACGATTCGACAAATTGTC,16,4677172
ybeDp,1.75,31,11,ACACAGGAAACACTATGTGC,20,4639828
ybeDp,8.666666666666666,114,11,AATTCCTCGTACATCACTAT,103,4663727
ybeDp,2.0,34,11,AATTCAGACCAAGTACAAGT,23,4646136
ybeDp,3.0833333333333335,47,11,AATTAATCTTCACAACTTAA,36,4656881
ybeDp,2.1666666666666665,36,11,AATGGTCGCGTTTGATCACA,25,4663984
ybeDp,2.75,43,11,AATGCTATGCTGGCCCGTGT,32,4628040
ybeDp,1.0,22,11,AATGCGTTGGCATGTCGATT,11,4623048
ybeDp,6.5,88,11,AATCTGTAGGTGCACAAATG,77,4625961
ybeDp,0.9166666666666666,21,11,AATCGAGGCCTCATCAACTT,10,4684475
ybeDp,1.0,22,11,AATCCTATCGTAGGTGGATA,11,4675137
ybeDp,0.75,19,11,AATCAAATAGTAGACGTTGC,8,4665719
ybeDp,1.75,31,11,AATAAGTAGCACCTCTTCAT,20,4618312
ybeDp,5.333333333333333,74,11,AATAACTGTATAACAAGGAG,63,4634090
ybeDp,0.5,16,11,AAGTTCACTGACTCGTTCTG,5,4677224
ybeDp,1.0833333333333333,23,11,AAGGTTTCTCGCATGATTCT,12,4608058
ybeDp,8.583333333333334,113,11,AAGCCCCGGAGATATCTCAG,102,4625186
ybeDp,1.25,25,11,AAGCACACAGTAATGCCAGT,14,4663450
ybeDp,1.5833333333333333,29,11,AAGACGTTTCTTGGTATAGA,18,4679203
ybeDp,1.1666666666666667,24,11,AACTTCCAGACGCGTATCTA,13,4633080
ybeDp,3.8333333333333335,56,11,AACTCAGAAACTGGATCGTT,45,4659363
ybeDp,1.75,31,11,AACGTCTGGAGTGCGCCTAT,20,4616363
ybeDp,0.25,13,11,AAATTGTAGGTAGACGCTTG,2,4677447
ybeDp,0.3333333333333333,14,11,AAATACGTCCGGGACCTTAT,3,4616012
ybeDp,2.9166666666666665,45,11,AAACCGCACCCAGCGCAGTG,34,4646597
ybeDp,1.6363636363636365,27,10,TTTTCCGTCCCGCGAGTTAT,17,4654747
ybeDp,1.6363636363636365,27,10,TTTTCATATGAGACTGACTG,17,4640084
ybeDp,3.8181818181818183,51,10,TTTTCACTTCTCGACCATGT,41,4615410
ybeDp,2.272727272727273,34,10,TTTCGGGTAGGTACAACTCA,24,4659236
ybeDp,1.7272727272727273,28,10,TTTCGAAAGAGCTACGCCTC,18,4608524
ybeDp,2.5454545454545454,37,10,TTTACGGAGTCGCACTTGTT,27,4623442
ybeDp,0.18181818181818182,11,10,TTGTGAAGCCTAGGACGGCA,1,4663143
ybeDp,1.7272727272727273,28,10,TTGGGTGATGGCTGAGCACA,18,4606558
ybeDp,1.7272727272727273,28,10,TTGCTTAATATTTCCGAATG,18,4676754
ybeDp,1.2727272727272727,23,10,TTGCCAAGAGCAGCCACCTG,13,4624880
ybeDp,0.18181818181818182,11,10,TTGCACATGGAGCCTCATTC,1,4621904
ybeDp,3.1818181818181817,44,10,TTGATGTTGGTATTTTCACA,34,4618198
ybeDp,1.0,20,10,TTGAGGTCAGCGGGAACCAC,10,4640890
ybeDp,3.0,42,10,TTCTATCTCTTGGGCATCGT,32,4671576
ybeDp,2.1818181818181817,33,10,TTCTAAACTGTTTAAGAGAG,23,4651529
ybeDp,0.18181818181818182,11,10,TTCGCTACGCGTTCATATGT,1,4634927
ybeDp,5.090909090909091,65,10,TTCCCGCTCAGCAGGCGTTT,55,4653062
ybeDp,2.0,31,10,TTCCCCTGAAGGATCCAAAT,21,4616622
ybeDp,3.4545454545454546,47,10,TTCCATGTTAAAGTTGATTC,37,4606326
ybeDp,1.6363636363636365,27,10,TTCATTTTACACGAGCCCAT,17,4636727
ybeDp,5.818181818181818,73,10,TTCATCACTGAAACGTCGCT,63,4659795
ybeDp,2.5454545454545454,37,10,TTCATAATATTGTCGGTGCG,27,4631835
ybeDp,0.18181818181818182,11,10,TTCAGCATAATCAATTTCGG,1,4628624
ybeDp,0.7272727272727273,17,10,TTCAACTGTACCCACCAGCA,7,4608795
ybeDp,4.909090909090909,63,10,TTATACACGACCCTGAGATC,53,4660689
ybeDp,1.5454545454545454,26,10,TTAGTCCTGCCAGCATCGGT,16,4666637
ybeDp,6.0,75,10,TTAGTACCTCCCCTTAATTG,65,4621450
ybeDp,3.727272727272727,50,10,TTAGAGACTCGTACTTCCAG,40,4634062
ybeDp,4.454545454545454,58,10,TTACGTTATCATGTTATTCA,48,4609314
ybeDp,3.8181818181818183,51,10,TTAACAGCCTCACCATATAG,41,4634085
ybeDp,8.090909090909092,98,10,TGTTGAACGAATGCCTGTGT,88,4684094
ybeDp,1.0,20,10,TGTGTGGGGTTAGTCGGAAT,10,4616071
ybeDp,2.909090909090909,41,10,TGTGTGCTCGCTCACCCCGT,31,4643997
ybeDp,1.7272727272727273,28,10,TGTGCCTTGCAATATGTCGT,18,4652208
ybeDp,0.8181818181818182,18,10,TGTGATGCAAGTAACATAAT,8,4672672
ybeDp,25.0,284,10,TGTGACCCTTAAGGGCGCTA,274,4641201
ybeDp,3.090909090909091,43,10,TGTCAGAGGGCTCTATAGTT,33,4608415
ybeDp,0.18181818181818182,11,10,TGTAAACATGGGTATTGATA,1,4632223
ybeDp,0.8181818181818182,18,10,TGGTTGTTTGCGCTAATATT,8,4672382
ybeDp,2.272727272727273,34,10,TGGGTTTTTACGGTGCCCTT,24,4679170
ybeDp,1.8181818181818181,29,10,TGGCACACAGAAGTGCGCTT,19,4605664
ybeDp,0.18181818181818182,11,10,TGGACGGCGCGGAAGTAGTG,1,4601674
ybeDp,0.45454545454545453,14,10,TGCGGATTACATGGCCCGGT,4,4641131
ybeDp,0.18181818181818182,11,10,TGCCCTTCGCCACATTGGCG,1,4679705
ybeDp,1.1818181818181819,22,10,TGATGGCCGTAACGATACTT,12,4619363
ybeDp,0.36363636363636365,13,10,TGATCAGCCGGTCACAGTTT,3,4644325
ybeDp,6.909090909090909,85,10,TGACTCTATCACCTCCCCCG,75,4647927
ybeDp,1.9090909090909092,30,10,TGAATTGCGCCTAGTTACAA,20,4656608
ybeDp,2.727272727272727,39,10,TGAAACCCCTTGCATGAGAA,29,4624034
ybeDp,2.090909090909091,32,10,TCTGAAAAGTGGATGCCTGA,22,4651584
ybeDp,1.2727272727272727,23,10,TCTATGGTCGAAAGACTGGA,13,4652094
ybeDp,7.2727272727272725,89,10,TCTATGCTCGTCTCACGAAG,79,4669855
ybeDp,0.18181818181818182,11,10,TCTACGGGTCCATCGCTTAA,1,4625842
ybeDp,0.18181818181818182,11,10,TCTACCGGAGACGTTAATAA,1,4675864
ybeDp,4.090909090909091,54,10,TCGTCCGATGCCTCTTTGCG,44,4640982
ybeDp,2.0,31,10,TCGTAGGTCAGTTTGGTATC,21,4647920
ybeDp,1.2727272727272727,23,10,TCGCTTTCCGTCGAGTCCAT,13,4681338
ybeDp,3.727272727272727,50,10,TCGCAGGTCTCTTAGGGGGG,40,4672166
ybeDp,0.18181818181818182,11,10,TCGATGGGGGGAGACATGTA,1,4661610
ybeDp,1.4545454545454546,25,10,TCGATCGAGTAGGTTCCGAT,15,4679318
ybeDp,2.6363636363636362,38,10,TCCTGATATCTAATGGAAGA,28,4620026
ybeDp,4.090909090909091,54,10,TCCTCGCTATAGCGTAAAAT,44,4680472
ybeDp,2.909090909090909,41,10,TCCGTGGAAAACGGTATGGC,31,4647971
ybeDp,2.090909090909091,32,10,TCCGGTAAAACTCATAGCAG,22,4616331
ybeDp,3.1818181818181817,44,10,TCCATTCAAGCGTGGTTGGG,34,4658157
ybeDp,3.3636363636363638,46,10,TCCAAAGCACTGGGGAGAGC,36,4609371
ybeDp,2.4545454545454546,36,10,TCATATTAAAATACGTCACT,26,4607252
ybeDp,2.8181818181818183,40,10,TCACTGATATCACGACTATT,30,4685027
ybeDp,2.4545454545454546,36,10,TCACGGGCGTCAATCGATAT,26,4622651
ybeDp,0.18181818181818182,11,10,TCACCCACAACGAGCGCATA,1,4638911
ybeDp,2.8181818181818183,40,10,TATTGGGTCCTTTTCGCCTT,30,4673443
ybeDp,4.2727272727272725,56,10,TATTCGGCCGCAGTACTAGA,46,4629881
ybeDp,1.4545454545454546,25,10,TATGTTTCACACCCGCCAGC,15,4670086
ybeDp,3.0,42,10,TATGGTAACCTTAGGAATGA,32,4678727
ybeDp,3.272727272727273,45,10,TATGATATGCCGACTAACCG,35,4659407
ybeDp,3.1818181818181817,44,10,TATCTTCATAGGCCAGGGGG,34,4606371
ybeDp,1.7272727272727273,28,10,TATCGGGCTCACACGTTACG,18,4604720
ybeDp,1.4545454545454546,25,10,TATCGCAGGCCGTGGACAAG,15,4627009
ybeDp,8.636363636363637,104,10,TATCCTAAGCATTGCGTGTT,94,4653349
ybeDp,2.0,31,10,TATATCACATAAGCTGGACA,21,4606159
ybeDp,2.909090909090909,41,10,TATAGGGTCGTTAGCTATTT,31,4614373
ybeDp,0.5454545454545454,15,10,TATAGAGAGAAATATACCGA,5,4665048
ybeDp,3.5454545454545454,48,10,TATACACGACGGTCTTTTGA,38,4620776
ybeDp,11.272727272727273,133,10,TAGGCCCTATTACCTTGGAT,123,4666764
ybeDp,1.9090909090909092,30,10,TAGGAGGCTTAAGTCCCGGT,20,4666623
ybeDp,2.909090909090909,41,10,TAGCGTGCGTCACGGCGCAT,31,4670122
ybeDp,0.36363636363636365,13,10,TACTGAATCCTCGCAAGGTA,3,4660383
ybeDp,0.18181818181818182,11,10,TACTGAACCTTGGGATTGCT,1,4671209
ybeDp,1.2727272727272727,23,10,TACGTAGTGTCAACGCGTTA,13,4601107
ybeDp,1.6363636363636365,27,10,TACCATGCATACCACAGATT,17,4684542
ybeDp,0.45454545454545453,14,10,TACATTGGCACCAATATTCA,4,4644651
ybeDp,1.2727272727272727,23,10,TACATGGGCATTAGGTCCTC,13,4661382
ybeDp,0.36363636363636365,13,10,TACAACCGCTCGTTGAGGTC,3,4628422
ybeDp,0.36363636363636365,13,10,TAATTGATATAGACCGGAAT,3,4620906
ybeDp,2.4545454545454546,36,10,TAATTGAACTCGAAGGTTGC,26,4625843
ybeDp,15.909090909090908,184,10,TAAGGTATTCGTCGTTTTGA,174,4665015
ybeDp,1.0909090909090908,21,10,TAAGGTACTAGACGGGCTGG,11,4624894
ybeDp,2.4545454545454546,36,10,TAAGCACCGTCGGTCCAAGA,26,4641808
ybeDp,2.0,31,10,TAAGACCGAGCGTGCCAATA,21,4657312
ybeDp,1.1818181818181819,22,10,TAAGAACGTCAGACTGCCCT,12,4656020
ybeDp,0.6363636363636364,16,10,TAACTTGAAGTCTGGCATGC,6,4641488
ybeDp,0.18181818181818182,11,10,TAACGATAGCCGTCGCCTAC,1,4653021
ybeDp,5.090909090909091,65,10,TAACACCATCGATTCGCATT,55,4622293
ybeDp,2.3636363636363638,35,10,TAAAGGCTCTCAAGGAGGGT,25,4643464
ybeDp,1.9090909090909092,30,10,TAAAAGTATTGCAGAAGCGG,20,4634757
ybeDp,0.9090909090909091,19,10,GTTTGTTACTCTGGTTCGGA,9,4641658
ybeDp,2.3636363636363638,35,10,GTTTGCGCGCGAGGGAAAGA,25,4659538
ybeDp,1.1818181818181819,22,10,GTTGAGTTTCACTGCTCCCC,12,4669801
ybeDp,0.8181818181818182,18,10,GTTACCTCTGATTCTGGTCC,8,4612974
ybeDp,0.6363636363636364,16,10,GTTAATATGAGAGTGTCAAG,6,4653914
ybeDp,17.636363636363637,203,10,GTTAATACCCCGGCCGGCAG,193,4681635
ybeDp,1.4545454545454546,25,10,GTGTCGAATTCCATGCCCTG,15,4654612
ybeDp,0.18181818181818182,11,10,GTGTCCGTGCCTCCGGCGAA,1,4628356
ybeDp,5.454545454545454,69,10,GTGGGGTAATTACCCGACGT,59,4656180
ybeDp,2.0,31,10,GTGCTCCATAGCCCGCGAGA,21,4669155
ybeDp,0.45454545454545453,14,10,GTGCGCCGGCTATTCCATAC,4,4634697
ybeDp,2.090909090909091,32,10,GTGCGACAATCCGCTTGTCT,22,4631617
ybeDp,3.4545454545454546,47,10,GTGCCGGACAAAGCAGCGTA,37,4672480
ybeDp,1.1818181818181819,22,10,GTGCAGCATCGGCGAAAGGC,12,4666458
ybeDp,8.454545454545455,102,10,GTGCACGGCATTCCCCTCAG,92,4640271
ybeDp,1.0909090909090908,21,10,GTGACGATCTTCCTTGTCGC,11,4654860
ybeDp,0.9090909090909091,19,10,GTCTAGTAGCCGTCTCCCAA,9,4631203
ybeDp,3.8181818181818183,51,10,GTCGATCCTCCTGGAGAGAC,41,4650230
ybeDp,2.5454545454545454,37,10,GTCCTGAACTATATTACATC,27,4644403
ybeDp,2.0,31,10,GTCCGGCAAGTAATCACAAG,21,4635580
ybeDp,3.5454545454545454,48,10,GTCCCCTCACGTCCGCGTCC,38,4635085
ybeDp,1.5454545454545454,26,10,GTCACGCCGCTGTTGGCTGG,16,4602398
ybeDp,37.90909090909091,426,10,GTATTACGCGTTATCCTCGG,416,4688368
ybeDp,2.727272727272727,39,10,GTACGAACGGTATTAGCCCT,29,4637333
ybeDp,1.8181818181818181,29,10,GTACATCATGACCTTGGGTG,19,4650931
ybeDp,4.818181818181818,62,10,GTAACTCGAGCCGGTCTATA,52,4625905
ybeDp,1.6363636363636365,27,10,GGTTTATACTATACCGGCAA,17,4657996
ybeDp,3.090909090909091,43,10,GGTTGTGTTGCAGAGATCGA,33,4685093
ybeDp,3.1818181818181817,44,10,GGTTCCGTATTCGCGGACTG,34,4633092
ybeDp,2.1818181818181817,33,10,GGTTATATCCATTCCGTCCA,23,4649329
ybeDp,0.18181818181818182,11,10,GGTTACGGGGTGATTAGTCT,1,4611877
ybeDp,0.18181818181818182,11,10,GGTGTCTGTTGATCTGCGTA,1,4650921
ybeDp,1.8181818181818181,29,10,GGTCTTGACAACATTCTGAT,19,4617511
ybeDp,0.45454545454545453,14,10,GGGTCATGTAAGAGACCTTA,4,4664333
ybeDp,4.7272727272727275,61,10,GGGGTGACCCTGCCTAGCCC,51,4616175
ybeDp,0.2727272727272727,12,10,GGGGGGGAGCTCGAGTCTCA,2,4648390
ybeDp,3.6363636363636362,49,10,GGGGCGCACTTATCCCCTTC,39,4651366
ybeDp,1.7272727272727273,28,10,GGCTCAGAACAGGTTCGGGC,18,4647440
ybeDp,2.5454545454545454,37,10,GGCCGGGGAGATCACTTCCT,27,4616581
ybeDp,1.4545454545454546,25,10,GGCCACCGGGGACCGGGGAA,15,4682226
ybeDp,2.4545454545454546,36,10,GGCATACTCCACTCTGTGTC,26,4647121
ybeDp,7.818181818181818,95,10,GGCACCTTCGCGGCACACGT,85,4657927
ybeDp,1.1818181818181819,22,10,GGATCCCAGTCATCCCCGAC,12,4659606
ybeDp,2.090909090909091,32,10,GGAGGACTATGCGCCCCCGC,22,4625722
ybeDp,0.2727272727272727,12,10,GGAGGAATGAATGTCCTCCT,2,4651960
ybeDp,0.18181818181818182,11,10,GGAGACTCATACCAGTTCGT,1,4621784
ybeDp,1.7272727272727273,28,10,GGAGAACGTCGTCCGCCCTA,18,4620527
ybeDp,8.181818181818182,99,10,GGACGGTTGGTCTATCGCAT,89,4607132
ybeDp,1.4545454545454546,25,10,GGACAAACATGGTAAGAAAC,15,4659293
ybeDp,3.6363636363636362,49,10,GGAACGCGGATCTTATACGC,39,4671542
ybeDp,0.6363636363636364,16,10,GCTTCGGTAGTGCTACGCAT,6,4669649
ybeDp,1.3636363636363635,24,10,GCTTATATAGAAAAAGGGCT,14,4668320
ybeDp,2.4545454545454546,36,10,GCTTACAAAGCGGGGTGCAT,26,4614357
ybeDp,3.5454545454545454,48,10,GCTGGTTCGGGATACACTGT,38,4645209
ybeDp,1.9090909090909092,30,10,GCTGGTACGGATTGGCGCCA,20,4636268
ybeDp,4.454545454545454,58,10,GCTGGAGCCATGTCCCATCC,48,4628129
ybeDp,1.2727272727272727,23,10,GCTCTTCTTAGCTGCCACGC,13,4635784
ybeDp,1.3636363636363635,24,10,GCTCGCAATATCTCCGTGAA,14,4642286
ybeDp,1.1818181818181819,22,10,GCGGGAGTAGAACTGTCACG,12,4643940
ybeDp,5.454545454545454,69,10,GCGGATAAGAATTCGCTCGT,59,4678512
ybeDp,1.9090909090909092,30,10,GCGCTATGGAGTAACCAGAT,20,4617013
ybeDp,0.6363636363636364,16,10,GCGCCGTTGACACGGACGTA,6,4651331
ybeDp,1.7272727272727273,28,10,GCGAATGACAGTAACGAACG,18,4659483
ybeDp,0.36363636363636365,13,10,GCCTTATTCGGAAGCCCCAT,3,4658070
ybeDp,1.5454545454545454,26,10,GCCGCCACGGGTCTCCCGTT,16,4675987
ybeDp,0.7272727272727273,17,10,GCCCGCTGAGAGCGGGCGCA,7,4643830
ybeDp,2.272727272727273,34,10,GCCAGGAAGCCACCTGAGAA,24,4602771
ybeDp,1.3636363636363635,24,10,GCATGGAAGGAATGCGCGCT,14,4631389
ybeDp,0.18181818181818182,11,10,GCATGCACTGCCCTTCGGGA,1,4614583
ybeDp,0.18181818181818182,11,10,GCAATTGGCAATCTCGCTCT,1,4604638
ybeDp,2.3636363636363638,35,10,GCAAGGCCATAAAGAAGTCA,25,4683683
ybeDp,2.727272727272727,39,10,GCAACGCCCGAGCTCCCGAG,29,4653471
ybeDp,2.090909090909091,32,10,GATTGTCGTAGCTTCTCTGG,22,4638075
ybeDp,2.6363636363636362,38,10,GATTCCATCTCGTGTGCCTC,28,4619082
ybeDp,2.8181818181818183,40,10,GATGAATACTCGTAATGGTT,30,4602636
ybeDp,2.727272727272727,39,10,GATGAAGAGGAAAGATTCAG,29,4626378
ybeDp,0.2727272727272727,12,10,GATCCGAATGCTCTCATATT,2,4631386
ybeDp,1.4545454545454546,25,10,GATCACTCGAGCGCACCTAG,15,4601095
ybeDp,8.0,97,10,GATCACGGGAACAGTCAGAC,87,4679379
ybeDp,2.4545454545454546,36,10,GATCAAGCTCAGCCATTAGG,26,4624354
ybeDp,2.1818181818181817,33,10,GAGTCATAAGCCTACCTGCA,23,4635470
ybeDp,3.5454545454545454,48,10,GAGTATCCAAGACATTAGCA,38,4601018
ybeDp,0.18181818181818182,11,10,GAGGTTATCACTAAGGCATC,1,4682154
ybeDp,1.2727272727272727,23,10,GAGGTCATGGCATACGGTCC,13,4668249
ybeDp,2.1818181818181817,33,10,GAGGTAGCGAGGTAAGAAAG,23,4639420
ybeDp,0.18181818181818182,11,10,GAGGCACCCCGAGCGGGTAC,1,4666551
ybeDp,0.18181818181818182,11,10,GACTTACACTTACGACGTAC,1,4650918
ybeDp,2.1818181818181817,33,10,GACTGGGGTGAACTATGGAC,23,4652314
ybeDp,3.0,42,10,GACTGCCCATCTGATGTCGT,32,4621266
ybeDp,1.1818181818181819,22,10,GACTGACACGAACAAATGGA,12,4646396
ybeDp,2.727272727272727,39,10,GACGTCATCTGATCTAGTAA,29,4680049
ybeDp,2.3636363636363638,35,10,GACGCCTGTTCGCGCACTAG,25,4630844
ybeDp,1.0909090909090908,21,10,GACCTGAACACACGGTGTTA,11,4632900
ybeDp,0.18181818181818182,11,10,GACCTCATAACCTGTTGCTT,1,4686456
ybeDp,1.3636363636363635,24,10,GACCCCGCAATTAACGGACG,14,4618197
ybeDp,3.909090909090909,52,10,GACCACTTTAGGCCGGGATG,42,4606201
ybeDp,5.181818181818182,66,10,GACATCCATTGACGTCGAAT,56,4669448
ybeDp,1.7272727272727273,28,10,GACATACGCATTAGAACAAA,18,4669947
ybeDp,2.4545454545454546,36,10,GACAAGTACGTCGAAGACCT,26,4627774
ybeDp,1.6363636363636365,27,10,GACAAAACGTCCCGCACTTA,17,4637769
ybeDp,4.090909090909091,54,10,GAATTGTAAAGTTGCGTTAG,44,4630241
ybeDp,0.6363636363636364,16,10,GAATTCCTGAGAGCCTAAGG,6,4637442
ybeDp,4.2727272727272725,56,10,GAATCTTGGGCGCCTACTTA,46,4626653
ybeDp,8.818181818181818,106,10,GAACATTGGTTCTATTTGTC,96,4678901
ybeDp,1.0909090909090908,21,10,GAAAGAAATCCTGTTGGTTT,11,4660703
ybeDp,0.18181818181818182,11,10,CTTTTTGGAAGCCGATTCGT,1,4650251
ybeDp,1.0,20,10,CTTTTCCAAACTTGTTAGGT,10,4685966
ybeDp,1.4545454545454546,25,10,CTTTTAGCTTGCAAGTCGGT,15,4632560
ybeDp,0.18181818181818182,11,10,CTTTGACATTTTACCATGGT,1,4607915
ybeDp,1.6363636363636365,27,10,CTTTAGGATGGGGACGGATC,17,4662974
ybeDp,5.181818181818182,66,10,CTTTAATCGCTGTCCCTGTC,56,4688010
ybeDp,2.1818181818181817,33,10,CTTGCATCGACCGTCTCAGG,23,4668318
ybeDp,0.2727272727272727,12,10,CTTCATGGATAGGGCCATAC,2,4616882
ybeDp,4.636363636363637,60,10,CTTCATGAAGTATAAAACGC,50,4672813
ybeDp,0.5454545454545454,15,10,CTTATTGAAGGAACGACCCT,5,4678427
ybeDp,2.272727272727273,34,10,CTTAGTGTATTTAGACTCTC,24,4616598
ybeDp,1.2727272727272727,23,10,CTTAGGTTCGCTTCGCTGTT,13,4684722
ybeDp,8.636363636363637,104,10,CTGTCACGAGAACGACCCTG,94,4621571
ybeDp,2.727272727272727,39,10,CTGTATTAAGTTTATACTCA,29,4607942
ybeDp,2.6363636363636362,38,10,CTGTAGTGGGACACGGGGAT,28,4647039
ybeDp,1.5454545454545454,26,10,CTGGAATGCTATAACAACAT,16,4654655
ybeDp,2.8181818181818183,40,10,CTCTTCCTGCGGATTGTCAG,30,4607686
ybeDp,3.272727272727273,45,10,CTCTCTGCGTCGATTAGATG,35,4644097
ybeDp,1.9090909090909092,30,10,CTCTCCACGCGAGGAGCATC,20,4603389
ybeDp,1.2727272727272727,23,10,CTCTAGCGCTTTTTATAACT,13,4652645
ybeDp,1.8181818181818181,29,10,CTCGTGGCCAGGATATCAGT,19,4612251
ybeDp,1.6363636363636365,27,10,CTCGTGCACTACCCAATTCT,17,4680177
ybeDp,1.2727272727272727,23,10,CTCGTCTGTTCTGTAAACAT,13,4611225
ybeDp,8.909090909090908,107,10,CTCGTCTGGCATACACGCGC,97,4636823
ybeDp,1.5454545454545454,26,10,CTCGCGAGCGATATCTTTCC,16,4614874
ybeDp,2.6363636363636362,38,10,CTCGCACACGGGGACGTCGT,28,4614537
ybeDp,1.6363636363636365,27,10,CTCGAAATCGCCCTATTAGT,17,4650901
ybeDp,1.4545454545454546,25,10,CTCCTATACGGCCAGCTGTG,15,4686506
ybeDp,9.636363636363637,115,10,CTCCGGTATCTATGCAGTCC,105,4668274
ybeDp,0.18181818181818182,11,10,CTCAGTATTATATTTTGAAC,1,4601192
ybeDp,0.18181818181818182,11,10,CTATTGGGTTAGACGTGTGT,1,4665987
ybeDp,1.4545454545454546,25,10,CTAGTTTGCTCGCCGTCGGC,15,4623927
ybeDp,3.5454545454545454,48,10,CTAGGGTCAGCGACACGCGA,38,4623774
ybeDp,4.909090909090909,63,10,CTACTCCCCATCCTCTAAAC,53,4666481
ybeDp,3.0,42,10,CTACCCCGAACGCTAGTCAC,32,4631144
ybeDp,13.909090909090908,162,10,CTACATGCGACGGGACTATA,152,4679662
ybeDp,1.3636363636363635,24,10,CTAAGACTAGCTCCGGCTAT,14,4615195
ybeDp,2.272727272727273,34,10,CTAAGACCACTAGGTAACAG,24,4624710
ybeDp,0.45454545454545453,14,10,CTAACCTAGGATTAGTATGA,4,4630009
ybeDp,1.6363636363636365,27,10,CGTTATTAACAGCGAGAGTT,17,4629443
ybeDp,0.7272727272727273,17,10,CGTTAATCACGTGTGCGCTG,7,4616825
ybeDp,1.0,20,10,CGTCTATGTGCCCTCATTCC,10,4660496
ybeDp,0.5454545454545454,15,10,CGGTTGCATTTGTCAGTACC,5,4647147
ybeDp,2.5454545454545454,37,10,CGGTGGACATTATTTTCAAT,27,4653140
ybeDp,4.363636363636363,57,10,CGGTAGCATGATTCGGGACC,47,4647330
ybeDp,4.2727272727272725,56,10,CGGGGTGGGATCTGTAATGC,46,4683529
ybeDp,0.18181818181818182,11,10,CGGGGGAGCCTGATCTTAGA,1,4672896
ybeDp,0.7272727272727273,17,10,CGGCTCGGTCTGTTTGGTAT,7,4671668
ybeDp,3.8181818181818183,51,10,CGGCGGATTCGTTACGGCGT,41,4675400
ybeDp,0.36363636363636365,13,10,CGGCGCACTTTGCGACCGGT,3,4681307
ybeDp,3.5454545454545454,48,10,CGGCAAGTGCTTACTTCGGA,38,4622569
ybeDp,0.18181818181818182,11,10,CGGATTACATGCCTAGTCGT,1,4668875
ybeDp,1.9090909090909092,30,10,CGGAGTCATATCAGTAGCTG,20,4666470
ybeDp,4.363636363636363,57,10,CGCTTACTATCATAGGGCAA,47,4631795
ybeDp,0.7272727272727273,17,10,CGCTGGCGTATCAAGCAAGG,7,4669434
ybeDp,0.8181818181818182,18,10,CGCTCCTCGGCGGACATCAA,8,4643622
ybeDp,2.0,31,10,CGCTCAATATCCGTTCCTAT,21,4633940
ybeDp,1.0,20,10,CGCGTTTCACGTTTCAGGCT,10,4654793
ybeDp,2.4545454545454546,36,10,CGCGTCCATTAACCTGGAAG,26,4634086
ybeDp,0.36363636363636365,13,10,CGCGGTCGGTCATATTCTCT,3,4605292
ybeDp,0.6363636363636364,16,10,CGCCTAAGGTATCGCAGTAT,6,4655286
ybeDp,5.0,64,10,CGCCAGTTTTTTATGGCAGG,54,4666997
ybeDp,3.1818181818181817,44,10,CGCACAAATTCATTTCTGCC,34,4685532
ybeDp,1.6363636363636365,27,10,CGATCTGGTTACTTCTAGGT,17,4674591
ybeDp,6.0,75,10,CGACAGGTGGGTTTTAGGTA,65,4671061
ybeDp,0.9090909090909091,19,10,CGACACTAACAGGCAACGGA,9,4662605
ybeDp,0.18181818181818182,11,10,CGACAAGCTCTGGAACAGAT,1,4609787
ybeDp,2.5454545454545454,37,10,CGAAGCGCCAAGGGAGCTAA,27,4604904
ybeDp,2.3636363636363638,35,10,CGAAAGATCTGTAATCGGGT,25,4656085
ybeDp,0.9090909090909091,19,10,CCTTCGATTCGGACCCTACT,9,4658900
ybeDp,1.3636363636363635,24,10,CCTGTTGTCGTGGGGGCTAC,14,4613943
ybeDp,14.454545454545455,168,10,CCTGGGTACCGCCCACAGTG,158,4663720
ybeDp,1.4545454545454546,25,10,CCTGACACAGCTATATACCT,15,4662196
ybeDp,0.2727272727272727,12,10,CCTCTTTCGCAGGCCACGAA,2,4638940
ybeDp,2.5454545454545454,37,10,CCTCCCGAGGACTATGACTG,27,4669452
ybeDp,2.272727272727273,34,10,CCGTGCATTCCCTGCCACGC,24,4645715
ybeDp,2.272727272727273,34,10,CCGTCGGGGATATTATTCAT,24,4672696
ybeDp,0.18181818181818182,11,10,CCGTATGGGGGACGTGGCGC,1,4651574
ybeDp,0.18181818181818182,11,10,CCGTACTATAGACCCCCAGG,1,4635175
ybeDp,3.0,42,10,CCGGTATCGTAAGAATCGCG,32,4603545
ybeDp,4.636363636363637,60,10,CCGCTCACGTCGATTCTCGC,50,4675793
ybeDp,0.45454545454545453,14,10,CCGCGCTGGAGATAACCATT,4,4640728
ybeDp,0.2727272727272727,12,10,CCGCAATCATACTTAGACTC,2,4625633
ybeDp,1.0909090909090908,21,10,CCGAGTCGTGAGCAAGTCAC,11,4614652
ybeDp,0.36363636363636365,13,10,CCGAGGCAAAGGAAGCTCTT,3,4608388
ybeDp,3.6363636363636362,49,10,CCGAGCATGCCGTTACAGGA,39,4609801
ybeDp,1.3636363636363635,24,10,CCGAATTCCTGTGAGAAGAT,14,4674396
ybeDp,1.9090909090909092,30,10,CCCGGATAATACTGTTATTT,20,4655925
ybeDp,2.6363636363636362,38,10,CCCGACCAAAGACTAGAGTG,28,4640893
ybeDp,0.18181818181818182,11,10,CCCCGCGAGTCATCATTCTA,1,4663128
ybeDp,1.7272727272727273,28,10,CCCCGATGCGTCGGAATAGC,18,4653329
ybeDp,3.8181818181818183,51,10,CCCACTAATGGGGGCGACGC,41,4682702
ybeDp,2.727272727272727,39,10,CCAGGCTGATACTGGGTAAC,29,4630400
ybeDp,1.2727272727272727,23,10,CCACGTTTCCACGACAGATT,13,4654205
ybeDp,0.7272727272727273,17,10,CCACGCGAGCTGTGCTGGTC,7,4612237
ybeDp,2.6363636363636362,38,10,CATTTGGTAGCCTCCGTCAT,28,4669476
ybeDp,2.909090909090909,41,10,CATTTAGTCGGCGCTCCTTT,31,4658165
ybeDp,1.1818181818181819,22,10,CATTCGACCAACAGGTCATT,12,4636764
ybeDp,1.1818181818181819,22,10,CATCTCAACATGGTATATAT,12,4608376
ybeDp,2.0,31,10,CATCTAGGGATGCTCGGATG,21,4640576
ybeDp,1.1818181818181819,22,10,CATCACCTAGCATCCGGCTG,12,4652480
ybeDp,1.9090909090909092,30,10,CATAAGACCTCGTTCTAAGC,20,4633769
ybeDp,0.6363636363636364,16,10,CAGTTCGTTTGCACCGAGGG,6,4615388
ybeDp,2.0,31,10,CAGTGTCGGCACTCATGATG,21,4634643
ybeDp,2.4545454545454546,36,10,CAGTCCCCTCAGAGCCATGT,26,4623053
ybeDp,1.7272727272727273,28,10,CAGTCAAGCCCAGTGCAGGG,18,4661573
ybeDp,4.818181818181818,62,10,CAGGGGTCTATAGACCGCCC,52,4615227
ybeDp,0.45454545454545453,14,10,CAGGCACTCGCGCGGAAACG,4,4610876
ybeDp,3.272727272727273,45,10,CAGGATATCGCACGCAGTGG,35,4601537
ybeDp,1.6363636363636365,27,10,CAGATGTGGTCGCGTGCGGC,17,4638632
ybeDp,0.9090909090909091,19,10,CACTTCGTAAGATATATTCA,9,4612670
ybeDp,0.45454545454545453,14,10,CACTTCGGGTAGTAGCATTA,4,4635852
ybeDp,0.9090909090909091,19,10,CACTCGTATCTTTGGGACCC,9,4630275
ybeDp,0.9090909090909091,19,10,CACGTGTCCATTCCCTTAAA,9,4664959
ybeDp,3.4545454545454546,47,10,CACGTCGTAGCAGAAAGCAA,37,4673812
ybeDp,3.727272727272727,50,10,CACGCACCAATACGCTACCG,40,4624563
ybeDp,1.7272727272727273,28,10,CACCAGTAATTGCGGTTCGT,18,4662479
ybeDp,3.4545454545454546,47,10,CACATAATGGGTTAAGCTGA,37,4667901
ybeDp,0.5454545454545454,15,10,CACACTGGCCCGGGTGCGAA,5,4618831
ybeDp,1.0,20,10,CACACATTTGGGCTATAAAT,10,4621236
ybeDp,4.0,53,10,CACAAGACAATCAGACTGGG,43,4628550
ybeDp,1.8181818181818181,29,10,CAATGTTCACATTGCGTATT,19,4648997
ybeDp,6.090909090909091,76,10,CAATAGGGGGTATCGTGCGA,66,4614860
ybeDp,3.090909090909091,43,10,CAATACCCGAAAGAATTAAT,33,4645811
ybeDp,2.8181818181818183,40,10,CAAGTGTTGGCAGGCGAATC,30,4617369
ybeDp,6.545454545454546,81,10,CAAGTCCATCTCATAAATAA,71,4682379
ybeDp,0.18181818181818182,11,10,CAAGATAATTTACATTTGCC,1,4674935
ybeDp,0.9090909090909091,19,10,CAACGAACCCGAGCAAAGTT,9,4602354
ybeDp,1.0909090909090908,21,10,CAACCAGGACGTTTGGAGAT,11,4664685
ybeDp,1.2727272727272727,23,10,CAAATGGTAAATCATTAGTG,13,4612838
ybeDp,1.8181818181818181,29,10,CAAATCTTTTTTAAGGCTAC,19,4633659
ybeDp,2.909090909090909,41,10,ATTCTTCGGACGGCCAGATT,31,4663285
ybeDp,12.363636363636363,145,10,ATTCTTCGCTAATCTAACTT,135,4679984
ybeDp,1.7272727272727273,28,10,ATTCGTTTGTACAGACTCAC,18,4618530
ybeDp,3.727272727272727,50,10,ATTCCCATTTCCTTTCAGTT,40,4649867
ybeDp,2.3636363636363638,35,10,ATTAGATTAGGAAAACGCTA,25,4675615
ybeDp,5.909090909090909,74,10,ATTAAACTATGAGAGCGGGT,64,4682150
ybeDp,0.8181818181818182,18,10,ATGTAGGCGTTTCCCAGCCG,8,4630621
ybeDp,0.2727272727272727,12,10,ATGGCCATGATGATATCCAC,2,4604326
ybeDp,4.7272727272727275,61,10,ATGGACCCCATCCTTCCTCG,51,4670827
ybeDp,2.4545454545454546,36,10,ATGAGATTTCAACTCAGCCA,26,4662555
ybeDp,1.3636363636363635,24,10,ATGAACAGGCACAAGGGCAA,14,4636212
ybeDp,3.090909090909091,43,10,ATCTCTGGATCTGTCGAGAA,33,4621846
ybeDp,1.5454545454545454,26,10,ATCGTGCGGGACTATATCCC,16,4642362
ybeDp,1.0,20,10,ATCGCTGCATCACCTACCTT,10,4683713
ybeDp,1.5454545454545454,26,10,ATCGAACAAGAATCCGATAG,16,4660933
ybeDp,2.1818181818181817,33,10,ATCCTGCTTCGAAAAGTAGA,23,4661726
ybeDp,0.6363636363636364,16,10,ATCCTCGGTCCTGAGCACTG,6,4687370
ybeDp,4.090909090909091,54,10,ATCCCTATCACGAAAGCTCG,44,4604706
ybeDp,9.181818181818182,110,10,ATCATGTATTCATGTGTCTT,100,4608219
ybeDp,2.3636363636363638,35,10,ATCATCCCACAAGCGTGCAT,25,4633081
ybeDp,3.3636363636363638,46,10,ATCAGACATCAGGGCATAGA,36,4653987
ybeDp,2.272727272727273,34,10,ATATGATTGAGTATCCCAAT,24,4620712
ybeDp,3.3636363636363638,46,10,ATATGAGCCGTATCAATTCT,36,4647289
ybeDp,1.9090909090909092,30,10,ATATGAACCCCAGACGTTTG,20,4673499
ybeDp,1.6363636363636365,27,10,ATAGGGACGGTGAATGCCTA,17,4607547
ybeDp,2.909090909090909,41,10,ATACGGCCTCGTGAGTGATC,31,4638009
ybeDp,1.4545454545454546,25,10,ATACCTCAATTGCGTCGAGC,15,4686307
ybeDp,1.8181818181818181,29,10,ATAATCTAGATGGATTTCCC,19,4655618
ybeDp,6.7272727272727275,83,10,ATAAGTCGCGAGCGATTAAT,73,4680048
ybeDp,2.727272727272727,39,10,AGTTTTCAACCAGGCACTAG,29,4658442
ybeDp,3.4545454545454546,47,10,AGTTCTGCGCAGTGCGCAAG,37,4609752
ybeDp,2.5454545454545454,37,10,AGTGTGTCGGATTCACCCAT,27,4640069
ybeDp,0.18181818181818182,11,10,AGTGTGTAATGAAATCTGGT,1,4664194
ybeDp,3.5454545454545454,48,10,AGTCTAAAGCTGACTCTTCC,38,4631906
ybeDp,1.2727272727272727,23,10,AGTCCCTGAGTTTGACGGAC,13,4619361
ybeDp,2.1818181818181817,33,10,AGTACCTGACTGTCTAGTCT,23,4607790
ybeDp,1.2727272727272727,23,10,AGGCCCCTTGTTGAAATGCC,13,4655606
ybeDp,0.36363636363636365,13,10,AGGAGCATCCTCCAAATTTT,3,4606793
ybeDp,5.454545454545454,69,10,AGGACGAGTAAAATGTCAGA,59,4664483
ybeDp,4.363636363636363,57,10,AGCTTTACTGACTTCCACTC,47,4673523
ybeDp,5.7272727272727275,72,10,AGCGTACGCATCCGATCAAA,62,4667929
ybeDp,0.2727272727272727,12,10,AGCCGGCTGCGTACCGTTAT,2,4672232
ybeDp,1.0909090909090908,21,10,AGCCACGGTGTTGTTATCGC,11,4607811
ybeDp,2.727272727272727,39,10,AGCCAAGAGATGTACGTAAT,29,4627203
ybeDp,7.545454545454546,92,10,AGCACTACACCCCAGGAAGA,82,4674825
ybeDp,99.0,1098,10,AGATACCCGTATCTTGACAG,1088,4640305
ybeDp,2.727272727272727,39,10,AGAGTAGTAGTCGGGGCAGG,29,4621506
ybeDp,2.1818181818181817,33,10,AGAGGTTATGTGTTGAGGGG,23,4619890
ybeDp,2.0,31,10,AGACGCTTAAGTGCGCTTAG,21,4621157
ybeDp,2.272727272727273,34,10,AGACGAGAAACGATTGGATT,24,4649906
ybeDp,2.909090909090909,41,10,AGACCTGGCACTGGGATTCA,31,4606367
ybeDp,2.272727272727273,34,10,AGACCCGGTATACATTGCTC,24,4651555
ybeDp,5.545454545454546,70,10,AGAATGTGCTGCTGTCCTCG,60,4658021
ybeDp,2.090909090909091,32,10,AGAAGCGCCTGTTGAGTATA,22,4678537
ybeDp,1.5454545454545454,26,10,AGAAACCTCGCCTGACATCA,16,4630441
ybeDp,0.8181818181818182,18,10,ACTTGTTCGAACGGTTTCGT,8,4609500
ybeDp,1.4545454545454546,25,10,ACTGATCAGCGTAAACGAAC,15,4651069
ybeDp,0.9090909090909091,19,10,ACTCTAGGGCAGTTTACGTC,9,4656597
ybeDp,3.909090909090909,52,10,ACTCAATTGCGACATCCCAT,42,4604452
ybeDp,0.45454545454545453,14,10,ACGTTTTAGGAGCCCTCGAG,4,4683775
ybeDp,0.18181818181818182,11,10,ACGTGGAGGATAAAAAACTT,1,4630591
ybeDp,2.3636363636363638,35,10,ACGTCTTGAACACGATGCTG,25,4680513
ybeDp,2.4545454545454546,36,10,ACGTAGATTGAAGTTTTTCG,26,4679651
ybeDp,0.18181818181818182,11,10,ACGGAACTCCCGGGGTGTTA,1,4611078
ybeDp,2.3636363636363638,35,10,ACGCTCTCGTGAGTGTTACT,25,4605245
ybeDp,1.4545454545454546,25,10,ACGAGCTTAAGGGCAATACA,15,4612952
ybeDp,0.6363636363636364,16,10,ACGACTGGCGTGCAGTGCCA,6,4640640
ybeDp,1.7272727272727273,28,10,ACGACGGTCAGCGAGAAACT,18,4678742
ybeDp,2.090909090909091,32,10,ACCTTTACGTAAGGCGCTTC,22,4651160
ybeDp,0.18181818181818182,11,10,ACCTGGTCAGTGCTGGTATC,1,4627545
ybeDp,1.2727272727272727,23,10,ACCGCTTAGGAGGGAGTACA,13,4602079
ybeDp,1.9090909090909092,30,10,ACCGCCTATTGGTCCACGAA,20,4639449
ybeDp,2.0,31,10,ACCCTCGGTTATCGGCTATG,21,4654120
ybeDp,7.7272727272727275,94,10,ACCCGAGCTTAAGGCGTAAG,84,4684351
ybeDp,1.8181818181818181,29,10,ACCCCCTAGCGAATATGCGC,19,4648983
ybeDp,1.7272727272727273,28,10,ACCATTAAGGCCTTCGACGC,18,4609698
ybeDp,1.4545454545454546,25,10,ACATGAACAGACAGTATAAG,15,4631185
ybeDp,0.6363636363636364,16,10,ACATAGAGTTCGTATCGGTA,6,4621503
ybeDp,0.5454545454545454,15,10,ACACGTTATACGAACAATTC,5,4624067
ybeDp,2.0,31,10,ACAAGATCCCCACGCCCAAT,21,4649110
ybeDp,6.2727272727272725,78,10,ACAAAACACTCGTCGGTCAA,68,4635651
ybeDp,0.18181818181818182,11,10,AATTCGTGAAGCACTTCAAA,1,4615475
ybeDp,1.0,20,10,AATTAGTTGTGTTTGTGGCA,10,4638431
ybeDp,1.3636363636363635,24,10,AATGCGGTTTCAGGTTCATG,14,4621753
ybeDp,4.090909090909091,54,10,AATCTTCGCGGGTAAGCGTG,44,4664431
ybeDp,1.5454545454545454,26,10,AATCTCTCTGCCAATGGGGA,16,4681118
ybeDp,2.727272727272727,39,10,AATCCGTCACATGCGTAACC,29,4609851
ybeDp,3.1818181818181817,44,10,AATACGTACACTTCTGCGGA,34,4650727
ybeDp,3.8181818181818183,51,10,AATAATTTCCGGGACTTAAC,41,4684742
ybeDp,0.18181818181818182,11,10,AAGCATCGTCGTGCGGGATG,1,4602382
ybeDp,1.1818181818181819,22,10,AAGCAGCGGGCGACGCTGCA,12,4610153
ybeDp,2.1818181818181817,33,10,AAGAGCTAGTCCACGCCTCC,23,4679476
ybeDp,1.5454545454545454,26,10,AACGGTTTGAGCGATTTGCT,16,4684438
ybeDp,3.1818181818181817,44,10,AACCGATGTATAGTTCCATT,34,4609249
ybeDp,0.2727272727272727,12,10,AACCCGTACACTGGTAAACA,2,4663637
ybeDp,1.3636363636363635,24,10,AACAAAACTGACCAGGAACA,14,4683282
ybeDp,1.8181818181818181,29,10,AAATTTTCCAACCCTCCCAT,19,4647437
ybeDp,3.1818181818181817,44,10,AAATTGAATACTGGTATCAT,34,4670322
ybeDp,0.45454545454545453,14,10,AAATAAGTCAGCGGCCCAGT,4,4605294
ybeDp,10.363636363636363,123,10,AAAGTACTTTCGACTCCAGT,113,4623494
ybeDp,3.3636363636363638,46,10,AAAGGTGCCGGACTCTCAGG,36,4608325
ybeDp,5.0,64,10,AAAGGTCATAATAACATGGC,54,4620808
ybeDp,2.1818181818181817,33,10,AAAGACAAACCCTACTCATT,23,4632902
ybeDp,0.18181818181818182,11,10,AAACGTAAAGACAGGTCTAT,1,4648559
ybeDp,2.6363636363636362,38,10,AAACCCCGCCGGCGGGCTCA,28,4653549
ybeDp,1.0,20,10,AAACCACCACGTATCTTTTC,10,4669170
ybeDp,0.7272727272727273,17,10,AAACACGGCTTCGAGGACAT,7,4619942
ybeDp,1.0909090909090908,21,10,AAAAGATTAGGACTAATTAA,11,4601621
ybeDp,9.272727272727273,111,10,AAAACATGATCCCTTATACT,101,4656564
ybeDp,2.272727272727273,34,10,AAAAATGGGGCGATGGCTCT,24,4684631
ybeDp,0.3,11,9,TTTTATGGACTCCCAACTCT,2,4630375
ybeDp,2.5,33,9,TTTGTTGGTGGAACGAAGGT,24,4618931
ybeDp,2.1,29,9,TTTGTGGTCTTGTCGGACTA,20,4640780
ybeDp,0.5,13,9,TTTGTGGCCGGTAGGACCCC,4,4604194
ybeDp,5.3,61,9,TTTGTAACATTTCCAAGTTT,52,4678809
ybeDp,4.7,55,9,TTTGGCGATGGACCCCCTGT,46,4611938
ybeDp,1.8,26,9,TTTGGCCTGTAAAGTGGCCG,17,4672951
ybeDp,1.4,22,9,TTTGCTCTGAGAAGTGCGGG,13,4631285
ybeDp,5.7,65,9,TTTGCCGTCTACGGCTAGGC,56,4668910
ybeDp,0.2,10,9,TTTGCATGCGTCTTCGTGGA,1,4635448
ybeDp,0.2,10,9,TTTCCCAATTCAGGTGACAG,1,4621594
ybeDp,2.5,33,9,TTTATAGGCCATTCGCTTAA,24,4682223
ybeDp,6.3,71,9,TTTAAGGCGAGCATTTACTA,62,4675132
ybeDp,2.3,31,9,TTGTATCCCATCGCTGAGTC,22,4625283
ybeDp,6.1,69,9,TTGTAGGTACAATGTCCCCT,60,4616537
ybeDp,0.4,12,9,TTGGTACATAGATAGGCCCG,3,4634958
ybeDp,2.3,31,9,TTGGGGTCCTCAAACAACCT,22,4622256
ybeDp,0.5,13,9,TTGCGCACTATCCCGACGCG,4,4617177
ybeDp,2.3,31,9,TTCTCCAGAACTTAGAGCGA,22,4617556
ybeDp,2.9,37,9,TTCTATGAGCGAAAGCATCA,28,4619215
ybeDp,2.6,34,9,TTCGGAACCCTCGCCTGGAC,25,4610122
ybeDp,0.7,15,9,TTCGATTATGGAGAAACGTA,6,4613093
ybeDp,1.8,26,9,TTCGATTAACGTGGCACGCG,17,4615307
ybeDp,2.6,34,9,TTCCGACCGGAGTGCGAAGA,25,4652548
ybeDp,4.1,49,9,TTCCCAAGAATGCCGAGGCA,40,4679364
ybeDp,0.2,10,9,TTCATAGTGTCATGGGTCTG,1,4659093
ybeDp,0.9,17,9,TTCACGATGTGGAATGCATT,8,4642348
ybeDp,5.8,66,9,TTATCTAAACTTCAACCACT,57,4604171
ybeDp,4.1,49,9,TTATACGACTCGCACAGAAG,40,4620277
ybeDp,1.0,18,9,TTAGCTAATTCGGTGTGAAT,9,4645597
ybeDp,3.0,38,9,TTAGCCTCTCATGTTCGCCA,29,4683066
ybeDp,3.8,46,9,TGTTGCTATTAGATTGTCAC,37,4614584
ybeDp,2.2,30,9,TGTGCGTTTCGGGAAAAGAC,21,4639919
ybeDp,2.6,34,9,TGTGCAGGCACAAAAACTTC,25,4628120
ybeDp,6.9,77,9,TGTCAGCAACCTGTTTTCGT,68,4655143
ybeDp,3.2,40,9,TGTATCCGTGAAAGATGGGA,31,4671666
ybeDp,20.2,210,9,TGTAGACACATGTCACGCTT,201,4640273
ybeDp,1.6,24,9,TGGTGGCGGACGGAAGTCAT,15,4658573
ybeDp,1.7,25,9,TGGTCTTCCAGTCGTCAAAG,16,4622918
ybeDp,5.2,60,9,TGGTCCCACGATAAGCCCCC,51,4684292
ybeDp,1.7,25,9,TGGTCACCGGGCAGTCTGTC,16,4664239
ybeDp,4.9,57,9,TGGTAGAAGTCTGGTGATCA,48,4601438
ybeDp,0.8,16,9,TGGGGTCATGAGTACAATTC,7,4648647
ybeDp,0.4,12,9,TGGCATGTGACTGAGCCACG,3,4674518
ybeDp,2.4,32,9,TGGCAAAGGCCGAAGAGCGC,23,4607858
ybeDp,0.9,17,9,TGGACACGGGATCTGTTAAG,8,4646641
ybeDp,0.2,10,9,TGCTGTGGCTTCCGAATGTA,1,4632158
ybeDp,0.2,10,9,TGCGTTTTTATGCCGTTCGT,1,4606687
ybeDp,3.3,41,9,TGCGGCTAGTTCGTTGCATC,32,4656858
ybeDp,0.5,13,9,TGCCGCGGTAAGATCAGCGT,4,4673179
ybeDp,0.3,11,9,TGCCGAGGTAAGCAGCGTTT,2,4657762
ybeDp,5.9,67,9,TGAGATTGCAGAATGCAGCT,58,4636045
ybeDp,1.7,25,9,TGAGATTAAAGCCGTACGTG,16,4667533
ybeDp,5.7,65,9,TGACTGTACCCGATAGGATG,56,4655335
ybeDp,0.2,10,9,TGACGACCAAATGTTACTCA,1,4687648
ybeDp,9.2,100,9,TGAATACCAGGAAACAAAGT,91,4684411
ybeDp,5.6,64,9,TGAAGGTATCTAATAGATAC,55,4675877
ybeDp,3.2,40,9,TGAACGGGCGTGTCGCTATA,31,4658657
ybeDp,2.1,29,9,TCTTTTCCACGATCAAATTC,20,4626264
ybeDp,0.2,10,9,TCTTCTCTGGTGGGGCAAGC,1,4610770
ybeDp,0.2,10,9,TCTTCGAAAAAGATTCAGGG,1,4619535
ybeDp,1.9,27,9,TCTTAATATGTTCATGGGAT,18,4683583
ybeDp,0.3,11,9,TCTGGAGGCTCGCATGAACC,2,4657779
ybeDp,6.7,75,9,TCTGGAAACATCATAAGTTA,66,4641315
ybeDp,1.8,26,9,TCTCTCAATTCCAAACAGGA,17,4635192
ybeDp,1.5,23,9,TCTCGTATGGGGTATGCAGA,14,4616192
ybeDp,1.6,24,9,TCTCCTCTAACCGGGGATGA,15,4684394
ybeDp,7.9,87,9,TCTAGCGTTAAAAGTTATAT,78,4619922
ybeDp,1.1,19,9,TCTACGTGAGCGGTTCCCGA,10,4657692
ybeDp,1.4,22,9,TCTAATGAAGTTGATAATTT,13,4644629
ybeDp,0.2,10,9,TCGTCCGATCGGACCACAGC,1,4640916
ybeDp,7.7,85,9,TCGTCACGGATAATGTTAAG,76,4633251
ybeDp,0.7,15,9,TCGGATAATGACACGCTCGG,6,4619620
ybeDp,3.8,46,9,TCGGAGAATTTACCAATTGT,37,4632680
ybeDp,1.5,23,9,TCGGAATGTTAGATGCCTTG,14,4602632
ybeDp,6.7,75,9,TCGCCCCGGGCATACAGAGT,66,4681487
ybeDp,2.0,28,9,TCGCATGGCACATAGCGACG,19,4631280
ybeDp,5.3,61,9,TCGACCACAGGTCCGTCGCG,52,4616990
ybeDp,1.4,22,9,TCGAAATGGATTGCGATTTT,13,4625369
ybeDp,0.7,15,9,TCCTACATATGTGGGATTTT,6,4633775
ybeDp,14.2,150,9,TCCCGCTAGGCCACTGAGGA,141,4639274
ybeDp,1.5,23,9,TCCAACAACCTCCATCAAGC,14,4661595
ybeDp,1.6,24,9,TCATTGCGGCAAGTTGTCTA,15,4608565
ybeDp,1.3,21,9,TCATGTCCACCTTATATCTG,12,4684611
ybeDp,1.5,23,9,TCAGTGTCTGCAGCTCGCAA,14,4606186
ybeDp,0.3,11,9,TCAGTGTAACCGCGCATAAA,2,4687718
ybeDp,1.2,20,9,TCACTACGTGTGCTGCAAGT,11,4642830
ybeDp,2.0,28,9,TCACGCATAGTTCACGGGGT,19,4614233
ybeDp,10.9,117,9,TCAATGAACGCCGTGGTTAA,108,4658097
ybeDp,8.9,97,9,TATTTCGGGCACGGCGAAAA,88,4673092
ybeDp,1.2,20,9,TATTACCATCATAAATAATT,11,4670242
ybeDp,2.6,34,9,TATCGACAAGGACAAAGTCG,25,4602807
ybeDp,2.5,33,9,TATACCGGTTGAAACTTGTC,24,4674413
ybeDp,1.2,20,9,TAGTTCACTTTACTTCAGTA,11,4623695
ybeDp,2.0,28,9,TAGGCTCGGGGGCCTTCCCG,19,4668210
ybeDp,1.2,20,9,TAGGCATGATAGACCCAGTA,11,4662345
ybeDp,3.3,41,9,TAGGAACTGGCTAACAGATA,32,4677758
ybeDp,0.3,11,9,TAGCAGTTCCTGTCCAGGGG,2,4610704
ybeDp,0.8,16,9,TAGAGTTATCCCTCCCTTAC,7,4657432
ybeDp,2.8,36,9,TAGAGCGACAACCTCGGTCG,27,4664724
ybeDp,3.5,43,9,TAGACTCTTGAGAGCGTCTG,34,4625983
ybeDp,3.3,41,9,TAGACATTAGGCATCTGGGT,32,4629033
ybeDp,0.2,10,9,TAGAACCTAGGGGACGGGGT,1,4618558
ybeDp,12.4,132,9,TACTTGATTTCGAATGACCA,123,4684253
ybeDp,7.2,80,9,TACTGCGGGTTAGCCACAAA,71,4656523
ybeDp,8.0,88,9,TACTCCGCGGGATAGCGTAG,79,4623159
ybeDp,3.5,43,9,TACTATTCTGTTGGTCAACA,34,4601350
ybeDp,1.7,25,9,TACGTACGCTCAATAGTATC,16,4685082
ybeDp,5.4,62,9,TACGGTAACGGCCTACTGCC,53,4659506
ybeDp,2.9,37,9,TACGCGGTTTTGGAAAGGAT,28,4631432
ybeDp,1.7,25,9,TACGCAAATCTCTATATTTA,16,4670286
ybeDp,0.2,10,9,TACCGCGGGTGGCAGTATCT,1,4650998
ybeDp,9.2,100,9,TACCCATCTATGTGTGTAAA,91,4672039
ybeDp,3.5,43,9,TACCATCCGCAAGCGTACAG,34,4613687
ybeDp,1.3,21,9,TAATAGAGAGGATCCAGTCA,12,4634995
ybeDp,1.9,27,9,TAAGTAATCGGGGGGGCGGC,18,4678697
ybeDp,1.1,19,9,TAAGACATAAAAGCCCCTTT,10,4610402
ybeDp,6.5,73,9,TAAATAAACTGTCATACCAA,64,4650294
ybeDp,1.6,24,9,TAAACTAGGACCAGTCTAAC,15,4662427
ybeDp,2.5,33,9,TAAACACATCGGAAGCCTAG,24,4607055
ybeDp,0.5,13,9,TAAAAAGGGAAACTGCTATA,4,4634161
ybeDp,1.7,25,9,GTTGTCCCCTGAAGTAGGCA,16,4639383
ybeDp,3.5,43,9,GTTCGCTCGGATGGGCCCCA,34,4677159
ybeDp,4.1,49,9,GTTAGTCGGACGGAGCTGAA,40,4610636
ybeDp,0.7,15,9,GTGTTTGGTTTATTCGGACC,6,4669552
ybeDp,2.0,28,9,GTGGGAGCGACTCGGACACG,19,4674860
ybeDp,13.6,144,9,GTGGACAGAGGGGTTCATGG,135,4663552
ybeDp,0.4,12,9,GTGCGTAGCTACTCCAGGAA,3,4631176
ybeDp,0.6,14,9,GTGCCTGTTTAGTTCTGAAG,5,4683278
ybeDp,0.2,10,9,GTGATAACGTCGCTAGCAAT,1,4629162
ybeDp,0.9,17,9,GTCTCAAGCCTAATGGAGAG,8,4681707
ybeDp,1.7,25,9,GTCGTCTTGTAATGCTGGGG,16,4617373
ybeDp,4.9,57,9,GTCGGACATGGTACCTGCAG,48,4681119
ybeDp,2.2,30,9,GTCCTCACGGAGCGGGACTA,21,4637696
ybeDp,2.5,33,9,GTCCCTACCAACGCTTAGGC,24,4641448
ybeDp,24.5,253,9,GTCCAGCCACCTTATAAGAG,244,4686249
ybeDp,1.8,26,9,GTAGTGCCTTGGGCGGCCCC,17,4681921
ybeDp,1.1,19,9,GTAGGTGGCGGCCGATCCGG,10,4680272
ybeDp,2.4,32,9,GTAGCTGGATACAATAACAG,23,4624857
ybeDp,0.3,11,9,GTAGAGATTTCCCGCATCGA,2,4677353
ybeDp,1.2,20,9,GTAGAAGCATTGTGAAGCGC,11,4662879
ybeDp,4.1,49,9,GTACTTTTATGGCAATGCGC,40,4637129
ybeDp,2.6,34,9,GTACTATGATAACATTATTG,25,4639149
ybeDp,0.4,12,9,GTACGAGCCTAGGCATGCGG,3,4619827
ybeDp,0.9,17,9,GTAATCTTGTGGGGACTGCA,8,4652551
ybeDp,3.6,44,9,GTAACCACTGGTCATCACTC,35,4656780
ybeDp,1.5,23,9,GGTTCAAGTTCATCTACAGG,14,4628241
ybeDp,1.2,20,9,GGTCAACTAAAGATGACGTG,11,4635260
ybeDp,10.5,113,9,GGTACTCCGGCAATCAGCGT,104,4681275
ybeDp,4.0,48,9,GGTACCGGACGCAGTCTTTA,39,4602968
ybeDp,0.2,10,9,GGGTTTCGATCGAAAATAGA,1,4652953
ybeDp,1.8,26,9,GGGGTACCAGTTGGTAGCTT,17,4621530
ybeDp,2.0,28,9,GGGCTGTTAGCAAGTACCAA,19,4652119
ybeDp,1.4,22,9,GGGCGTGATCATGCAGGAGA,13,4681148
ybeDp,0.2,10,9,GGGCGACCACCTATGCCCAA,1,4640828
ybeDp,0.6,14,9,GGGCCTGTTTCCACTACGGA,5,4681455
ybeDp,3.2,40,9,GGGATATTTGAGGGCGGCCA,31,4611930
ybeDp,0.2,10,9,GGGAAAGATGAATGGACGCG,1,4666145
ybeDp,2.0,28,9,GGCTCCTCGTAGGGTGGGAC,19,4602714
ybeDp,0.2,10,9,GGCCTGTAATTATGGGGATG,1,4669762
ybeDp,3.8,46,9,GGCCTGGCCCGGCCCCAGTT,37,4660240
ybeDp,7.2,80,9,GGCCAAACAATTTACAGGCT,71,4610367
ybeDp,2.2,30,9,GGCAGGCGTAAAAAGGCGCT,21,4649864
ybeDp,9.3,101,9,GGCACAGAGCGTGCTAGAGT,92,4607044
ybeDp,0.7,15,9,GGATCTTCGTAGTGTTTTGC,6,4660559
ybeDp,0.4,12,9,GGAGGCCGCCGTATTCTCAA,3,4657395
ybeDp,2.9,37,9,GGACTAGGGCACTCACGATT,28,4636034
ybeDp,1.8,26,9,GGACACAACCCAACGGTAAT,17,4663898
ybeDp,0.6,14,9,GCTTTCTACGGCCCGTAGTT,5,4636152
ybeDp,0.5,13,9,GCTTGTCTCCATCGCTCCAT,4,4622029
ybeDp,4.8,56,9,GCTTGAAGTCCTGTACTGGA,47,4632038
ybeDp,0.2,10,9,GCTTCTTGTACGGTTTGAGC,1,4624093
ybeDp,1.5,23,9,GCTTCAATCACTTAGATTTT,14,4668343
ybeDp,2.5,33,9,GCTGTAACTTCAACGCACTG,24,4618234
ybeDp,2.8,36,9,GCTGGGTAGACCTCTCGCGA,27,4621172
ybeDp,2.0,28,9,GCTGCAGTAATATTGATCTG,19,4643221
ybeDp,0.7,15,9,GCTCTTGCGAAGCAGTGTGG,6,4623473
ybeDp,0.2,10,9,GCTCGGAAACAGCACCGCCA,1,4622033
ybeDp,0.2,10,9,GCTATGCAGCATGAGTATCC,1,4621945
ybeDp,1.8,26,9,GCGTGCTATGGCTGTGTCGG,17,4675109
ybeDp,1.1,19,9,GCGGACCCAGCTAAGAGGCG,10,4678026
ybeDp,1.2,20,9,GCGCGAACAGACTAACGGGC,11,4664976
ybeDp,0.7,15,9,GCCTCACGGCTCGGATGACG,6,4641681
ybeDp,3.8,46,9,GCCTCACCGCCTTAGTAACA,37,4624532
ybeDp,4.8,56,9,GCCGCACCATCGTGGCTCAT,47,4653469
ybeDp,1.1,19,9,GCCCTTGAAGGTAAGCTGTT,10,4608650
ybeDp,0.8,16,9,GCCCCTTGCATGAGTACTAG,7,4604343
ybeDp,1.8,26,9,GCCCCCAGTGAACATCCACG,17,4639683
ybeDp,3.6,44,9,GCCCACTCAGATACGGGTGA,35,4608214
ybeDp,0.8,16,9,GCCAGTAGACCCCGCTGAGA,7,4683110
ybeDp,0.2,10,9,GCCAGATGCCGACTGGGTAT,1,4671270
ybeDp,2.7,35,9,GCATTTAAAGTACGGGGCAG,26,4662533
ybeDp,0.5,13,9,GCATCCTGGCTTGGTGGGAT,4,4602406
ybeDp,1.4,22,9,GCAGTAACGTTGCCTCGTAT,13,4638328
ybeDp,9.9,107,9,GCAGGTCACCATACAGGTAG,98,4681381
ybeDp,2.2,30,9,GCACACAAACGCGTAGATAA,21,4611667
ybeDp,0.2,10,9,GCAAGAGAGCGGGCCGCGTT,1,4611874
ybeDp,27.0,278,9,GATTATTCAGTCTCAGTCCG,269,4602218
ybeDp,1.4,22,9,GATGTGGCTCAACACTACAT,13,4646388
ybeDp,2.0,28,9,GATGTAAGAAGTCTGCTCAC,19,4622880
ybeDp,1.9,27,9,GATGCCTACCGCTGTTCGTT,18,4620898
ybeDp,4.0,48,9,GATCTCTTTAGCAGAGCAAT,39,4684619
ybeDp,2.9,37,9,GATATCGGGTGCCCTTCGAA,28,4648966
ybeDp,0.8,16,9,GATACCGCCGCTGTTGAAAT,7,4624606
ybeDp,2.7,35,9,GATAATTGCGGGGTAGACGC,26,4676928
ybeDp,2.8,36,9,GATAATCGGACTCTCTTGGC,27,4670425
ybeDp,2.9,37,9,GATAAATGGGATCACCCGGG,28,4667854
ybeDp,1.4,22,9,GAGTCAAACTGTCTTCCCTG,13,4603103
ybeDp,3.1,39,9,GAGTATTCCTCTGTATACGT,30,4684707
ybeDp,1.3,21,9,GAGGTGCTAGGACTCGCTAG,12,4686675
ybeDp,2.4,32,9,GAGGTAGTATCAGGACAGAA,23,4674420
ybeDp,4.5,53,9,GAGGCGAAGATGTTGACGTC,44,4668319
ybeDp,1.6,24,9,GAGCCGAGAGCACGCACGCT,15,4641364
ybeDp,3.2,40,9,GAGAGGCGTTTATACCCTAG,31,4625744
ybeDp,2.8,36,9,GACGTGTATTGACTGGACTA,27,4659422
ybeDp,2.0,28,9,GACGTAGGTGGAAAGCAATA,19,4662674
ybeDp,4.3,51,9,GACGCTCGCATGGTGTCTTG,42,4654667
ybeDp,0.3,11,9,GACGCGTTCCACTATTGCTA,2,4627490
ybeDp,0.7,15,9,GACGACAGTCTAACGAAGAA,6,4614530
ybeDp,2.1,29,9,GACAGGGGTCTCTGTGGGGT,20,4667579
ybeDp,4.3,51,9,GACAGCATGCTCTGGAGGTT,42,4651776
ybeDp,2.0,28,9,GAAGGCCCACGGCCTGGACA,19,4627994
ybeDp,1.4,22,9,GAAGGACTTTGGTATTCCGT,13,4609044
ybeDp,0.3,11,9,GAAGGAAGCTTCATCACCGT,2,4630953
ybeDp,1.4,22,9,GAAGCAACCGGTTCTGGACT,13,4680192
ybeDp,1.3,21,9,GAACCAAGTCAAACGCGTCA,12,4623352
ybeDp,1.7,25,9,GAAATCAATCTGTATTACGT,16,4640516
ybeDp,5.0,58,9,GAAACTGTAGGGGGGGAAAG,49,4682705
ybeDp,0.6,14,9,GAAACTATAGCAAGATTCGA,5,4684258
ybeDp,2.3,31,9,GAAACCCCCCGGTGTGGGCG,22,4617475
ybeDp,1.9,27,9,GAAAATACATCGTCGGACCT,18,4625376
ybeDp,2.6,34,9,CTTTTTTACTGTACACGCTT,25,4660655
ybeDp,0.2,10,9,CTTTTGTGCCGTAGAAGCAA,1,4636729
ybeDp,3.3,41,9,CTTGCAGAACGCAGCCCGTA,32,4607932
ybeDp,1.6,24,9,CTTCTGCTAGGTCAACTGAC,15,4679514
ybeDp,7.7,85,9,CTTATGGCGCCCAATAGCGA,76,4618789
ybeDp,1.9,27,9,CTGTGCTTGTTTGCAATGTA,18,4623446
ybeDp,0.8,16,9,CTGTCGTTCGTCACAGGAAC,7,4638800
ybeDp,2.2,30,9,CTGTCAGTAAGTTCTAATCA,21,4637588
ybeDp,0.3,11,9,CTGGTATTATCAGGCTTCGA,2,4672155
ybeDp,2.4,32,9,CTGGCCGGCCTTGATTTCTA,23,4640347
ybeDp,1.8,26,9,CTCTTGTGGCGAGACCAACA,17,4649427
ybeDp,2.9,37,9,CTCGCGACCACTGTTCCTAA,28,4653387
ybeDp,8.1,89,9,CTCCTGGTGCAACGGCACCA,80,4637069
ybeDp,7.7,85,9,CTCCGACGGAAGTCTGGCGT,76,4679111
ybeDp,4.0,48,9,CTCCAATATGCCATGGGAGT,39,4648113
ybeDp,1.7,25,9,CTCATCGGGCCGTTCGATCA,16,4616319
ybeDp,5.5,63,9,CTCACTGCAGACTAGGTAAC,54,4661122
ybeDp,28.5,293,9,CTCACAGGTTAATCGTAGTA,284,4628758
ybeDp,2.8,36,9,CTCAATGAGCTGACCGTCAC,27,4684676
ybeDp,2.5,33,9,CTCAAGACGCACAAATCAGC,24,4630593
ybeDp,1.4,22,9,CTAGCCGCGCCAGCATCCGA,13,4616984
ybeDp,3.1,39,9,CTAGACCAGCACACGCGTAG,30,4621014
ybeDp,0.2,10,9,CTACTGTGGCACCGGAGGTA,1,4615393
ybeDp,1.0,18,9,CTACCGGGGATTGCTTGGGG,9,4608567
ybeDp,2.9,37,9,CTACCCCAGGACCGGCACTT,28,4629915
ybeDp,2.1,29,9,CTACCCACTGAAACGTTTAA,20,4647585
ybeDp,2.6,34,9,CTACAAAACGAAGTAAAGGT,25,4686512
ybeDp,0.6,14,9,CGTTGCCCAGAACACTCACC,5,4634112
ybeDp,0.3,11,9,CGTGTTTTCTGATGTAGGAA,2,4644876
ybeDp,2.2,30,9,CGTGGATCTCAATGGAACGG,21,4634094
ybeDp,1.5,23,9,CGTGATTGTAGCTTCTGACT,14,4646552
ybeDp,2.2,30,9,CGTGAGCAGCAGAGTTCTTG,21,4636065
ybeDp,1.5,23,9,CGTGAATCTGCCGGGTGCAT,14,4648272
ybeDp,3.0,38,9,CGGTGTGGACGCAAGTTACA,29,4671010
ybeDp,1.2,20,9,CGGTGCCCCAGCGTTATGCA,11,4641949
ybeDp,1.2,20,9,CGGGCATGGGAGTTGGCTTA,11,4654402
ybeDp,0.2,10,9,CGGGATGTATTCCTATTTAA,1,4617549
ybeDp,1.1,19,9,CGGCCGTCCCTGGTCGGTGA,10,4618885
ybeDp,11.0,118,9,CGGATTGCTGATCAGGAGGC,109,4659654
ybeDp,2.8,36,9,CGCGGGCGTGTTAAGACTAG,27,4604193
ybeDp,2.1,29,9,CGCGGACTAACCAACCAAGT,20,4642002
ybeDp,0.5,13,9,CGCGCGTGTAAGAGCAGGCA,4,4669039
ybeDp,2.3,31,9,CGCGAGAAGATGCACCTGAT,22,4660340
ybeDp,3.1,39,9,CGCGAAACTACAAAACGGTT,30,4601814
ybeDp,2.3,31,9,CGCATACGGCTCATTCACAC,22,4645491
ybeDp,0.4,12,9,CGATCCTGGGTTCGATATAA,3,4656494
ybeDp,15.0,158,9,CGATCACTTTACGACAAGCT,149,4648248
ybeDp,2.1,29,9,CGAGTTCACCTCAACAGCTG,20,4641769
ybeDp,0.2,10,9,CGAGTAGTCCGACATCTGCT,1,4651092
ybeDp,0.3,11,9,CGAGCAGTAATACCCACCAC,2,4602220
ybeDp,3.3,41,9,CGACGGCTTCCGCGGAAAAT,32,4660554
ybeDp,0.5,13,9,CGAACGGTTCTTGTAACCCT,4,4615966
ybeDp,2.0,28,9,CCTTCTGTTGTGATCCTTAA,19,4669971
ybeDp,0.3,11,9,CCTTCAGGTGCGAGCCGTTC,2,4646087
ybeDp,0.2,10,9,CCTTAGCCAGACACTTTGTA,1,4624902
ybeDp,0.5,13,9,CCTCTGACCAGCGCATACTG,4,4650286
ybeDp,1.3,21,9,CCTATCCCCGGCATCGGAGC,12,4634045
ybeDp,1.1,19,9,CCTAGTATTTGGTATTAACC,10,4655387
ybeDp,0.4,12,9,CCTAGTATAGTAAATGCAGA,3,4616380
ybeDp,5.0,58,9,CCTAGGTTGCGGCAGACGAA,49,4603212
ybeDp,3.1,39,9,CCTACTAGATGTATATCGTG,30,4642013
ybeDp,0.4,12,9,CCGTATACCGGAAAATCGTC,3,4648947
ybeDp,1.4,22,9,CCGTAGCCTGCGGCGGCCTT,13,4633078
ybeDp,2.5,33,9,CCGTAGATGTAAGCACTATT,24,4665778
ybeDp,1.6,24,9,CCGGTTTAAGGAGTAAAACA,15,4659358
ybeDp,3.6,44,9,CCGGCTTTCGTATGACTCGT,35,4674443
ybeDp,2.0,28,9,CCGCTTAACCGTAGGTAGGC,19,4659048
ybeDp,2.5,33,9,CCGCTCTCCTTGATCTGCTT,24,4601269
ybeDp,2.2,30,9,CCGCACGTTGCTTGCCCAAG,21,4650592
ybeDp,1.8,26,9,CCGCACCTAGGATGGCACGA,17,4624578
ybeDp,1.5,23,9,CCGATACACCAGTAGTACTC,14,4623104
ybeDp,2.6,34,9,CCGAATTGGTTTGATGACGC,25,4615055
ybeDp,2.9,37,9,CCCGAGGGTGCCGCAATGGT,28,4610315
ybeDp,2.2,30,9,CCCGACGCTTCGGTCGCCAT,21,4603255
ybeDp,0.2,10,9,CCCCGTAAGGGGTGTATGTA,1,4619575
ybeDp,4.7,55,9,CCCACGAGGCAAGAGACAGT,46,4634008
ybeDp,1.2,20,9,CCATAATCATCGCGTCAAAA,11,4668321
ybeDp,0.9,17,9,CCATAACTCACACTAGGTGT,8,4604462
ybeDp,1.0,18,9,CCATAACAGTTCTTGGGATA,9,4610612
ybeDp,1.4,22,9,CCATAACAACATAGCGCAGT,13,4677404
ybeDp,1.7,25,9,CCACGGGAAGCATATAGCTA,16,4634159
ybeDp,3.3,41,9,CATTAGTGTTGATATCATGA,32,4682344
ybeDp,6.0,68,9,CATGGTCGAGTGAAGTCCAT,59,4602841
ybeDp,2.0,28,9,CATGGAAACTGTAGCCAGTT,19,4658182
ybeDp,3.4,42,9,CATGCTCGACGAAAACTCAT,33,4624473
ybeDp,19.9,207,9,CATCGTTTCCCAAAACTACA,198,4613140
ybeDp,2.4,32,9,CATCCATAGCTTAAAGGCCT,23,4655694
ybeDp,0.9,17,9,CATATGTCCATGATTTTGTC,8,4630577
ybeDp,5.5,63,9,CATATATTGTCCGGGATTTA,54,4682012
ybeDp,1.3,21,9,CAGTCGGATCGGGAAACTCT,12,4687808
ybeDp,0.5,13,9,CAGTAGCATCCTGGATCTCA,4,4632051
ybeDp,1.7,25,9,CAGGGATGCCTGAATTGGCA,16,4660860
ybeDp,1.4,22,9,CAGGCTCGATTCCCATCGCA,13,4665136
ybeDp,1.5,23,9,CAGCTTGTGCCTGTCCGTAG,14,4615185
ybeDp,1.0,18,9,CAGCCCCGTCGCTACTATTA,9,4676344
ybeDp,0.5,13,9,CACTTTGCGGGCATTATATA,4,4658514
ybeDp,1.0,18,9,CACTCTGCATGTCCTCAGCT,9,4628363
ybeDp,5.7,65,9,CACGCATTCGGAGAAATCGT,56,4658668
ybeDp,3.4,42,9,CACCGACCTATAATCCAATG,33,4611396
ybeDp,2.7,35,9,CACAGCATTGTTGGCCAAAA,26,4640005
ybeDp,0.2,10,9,CACAATGGTTAATACCTCAG,1,4647080
ybeDp,0.8,16,9,CAATTGTTGGACTTGTCCAG,7,4653209
ybeDp,1.3,21,9,CAATGTGGTCCCGTATCACA,12,4617542
ybeDp,2.7,35,9,CAATAGGACTGTTTATTTCG,26,4624867
ybeDp,3.0,38,9,CAATAAGGCGAAATAGTCAA,29,4673350
ybeDp,3.2,40,9,CAAGCGAATTTAGGGCTACG,31,4618244
ybeDp,0.8,16,9,CAACCATGTAGACTATTTTC,7,4632806
ybeDp,0.6,14,9,CAACAGTCATACGTAATCGG,5,4615462
ybeDp,0.8,16,9,CAAATGGCGGCAGGATCATA,7,4677113
ybeDp,1.1,19,9,ATTTTCGGTTTAACGACATG,10,4652197
ybeDp,1.2,20,9,ATTGCGTGCTTGGCGTCTTG,11,4602403
ybeDp,9.1,99,9,ATTGAGCAAGACTTTGAGTA,90,4633395
ybeDp,3.6,44,9,ATTCCTAGCCGGGCTATATT,35,4638648
ybeDp,0.2,10,9,ATTCACAATGTCTCTTCCAC,1,4642543
ybeDp,2.1,29,9,ATTACCGCGATTGGAGGAAA,20,4682722
ybeDp,0.9,17,9,ATTAACCGTTTCACGGGACA,8,4672317
ybeDp,20.3,211,9,ATGTTACACCCTCGTAGCAT,202,4646633
ybeDp,23.8,246,9,ATGTGTCACCTCAGTGCGAC,237,4670967
ybeDp,0.2,10,9,ATGTGGGGCCTGGATCTGGG,1,4673528
ybeDp,0.2,10,9,ATGTCTTTCGTGCAGTTCGT,1,4688112
ybeDp,4.3,51,9,ATGTCGGGCGTCATGAGCCA,42,4628497
ybeDp,0.3,11,9,ATGTCGCAATGACCATGAAC,2,4647029
ybeDp,4.2,50,9,ATGTCCGTAGGCCAGACCAA,41,4671357
ybeDp,3.3,41,9,ATGGCCCAACTGCTTATGCC,32,4653995
ybeDp,1.3,21,9,ATGGAAGGTTAACATGGCAA,12,4619843
ybeDp,3.0,38,9,ATGCTGACATGACAGTCACT,29,4665751
ybeDp,0.2,10,9,ATGCGGGACCACGCGCTCGT,1,4661243
ybeDp,0.2,10,9,ATGCCTAGATTACCGGCGTC,1,4621449
ybeDp,0.9,17,9,ATGATAAGCGGTTGGCAGAC,8,4652692
ybeDp,1.4,22,9,ATCTGGAGGAGACCTTTGAT,13,4667449
ybeDp,1.3,21,9,ATCTATGTCATTCTGCGCAA,12,4668906
ybeDp,2.2,30,9,ATCGCCTGCCGCGCCATTCT,21,4680420
ybeDp,2.7,35,9,ATATTATAGGCAGAGCATAG,26,4615016
ybeDp,2.7,35,9,ATATGCGAGATAAATGAGGA,26,4641672
ybeDp,1.5,23,9,ATATATGTACGGTCATGTCC,14,4660197
ybeDp,3.8,46,9,ATATATACAGGAAAATAAGA,37,4617739
ybeDp,3.5,43,9,ATATAGGCGTAGTGGGCCAA,34,4613949
ybeDp,1.6,24,9,ATATACGTGCACTCCGCAGT,15,4668661
ybeDp,1.0,18,9,ATATAATGAGTTAAAGCGTG,9,4644994
ybeDp,0.6,14,9,ATAGAATTTTCCGTCGTAAA,5,4634551
ybeDp,1.4,22,9,ATACTCGTAGTCTCCCAGAT,13,4646248
ybeDp,0.2,10,9,ATACGCTGACATTCGCTCCT,1,4611469
ybeDp,0.6,14,9,ATACCTGCCCTCGGGTAGCC,5,4638200
ybeDp,3.8,46,9,ATACCGGCCGGTAGGCCTGC,37,4628332
ybeDp,1.9,27,9,ATAATGCGTGTCGGGGGCTT,18,4600901
ybeDp,3.1,39,9,ATAAGCAACCGAGGCAAGGA,30,4613032
ybeDp,4.2,50,9,AGTTAGGGTTCGATTGCTAG,41,4677248
ybeDp,7.3,81,9,AGTGAACAACGCAAATATTA,72,4656935
ybeDp,0.2,10,9,AGTCCACGAAGACGGGTTGG,1,4631332
ybeDp,1.6,24,9,AGTCAACCCGGTCATCACAC,15,4622796
ybeDp,8.1,89,9,AGGTAAGATTTAAGCGAGAA,80,4607103
ybeDp,0.2,10,9,AGGGGATGCGAATGCAAAAA,1,4615147
ybeDp,0.8,16,9,AGGGCGAATGATGTCAATCT,7,4616554
ybeDp,3.1,39,9,AGGCCACACTGAGCGTTTCA,30,4616508
ybeDp,1.6,24,9,AGGACCGGGCGGGTACGGTT,15,4669938
ybeDp,3.2,40,9,AGCTGTGAGATTTCAGTCCT,31,4659189
ybeDp,1.5,23,9,AGCTGGGCGCTACACGTGGT,14,4620467
ybeDp,3.8,46,9,AGCGTTACGGTGATAGGGGT,37,4606484
ybeDp,3.4,42,9,AGCGTCGCTCTGTTAGGTAA,33,4653551
ybeDp,0.2,10,9,AGCGTAACTATGTCACCACT,1,4639416
ybeDp,3.0,38,9,AGCGGCATTATCATCTGTTA,29,4665045
ybeDp,4.6,54,9,AGCGCAGCCATGACCAAGTC,45,4664934
ybeDp,2.9,37,9,AGCGACCGTTAAACCTTTGG,28,4687419
ybeDp,1.4,22,9,AGCCCACCTCGTTAAGAGGT,13,4662841
ybeDp,1.3,21,9,AGCACTCACGTTCTAATCGG,12,4611130
ybeDp,2.5,33,9,AGATTGCAGCAGGGTAATTA,24,4607554
ybeDp,2.7,35,9,AGATTCGACTATCACCTGGA,26,4611715
ybeDp,1.1,19,9,AGATTCATACTCTATTCCAC,10,4632648
ybeDp,2.3,31,9,AGATTAGCATTTTTTAGTCA,22,4618884
ybeDp,4.7,55,9,AGATCCGCTGTTGGCTTACA,46,4680512
ybeDp,1.1,19,9,AGAGGATAGCACATGCAGCT,10,4605173
ybeDp,1.3,21,9,AGAGCAAGATACGGGACTCG,12,4609886
ybeDp,2.0,28,9,AGAACCAGTGGTTAAAGCTG,19,4605526
ybeDp,1.9,27,9,AGAAATCGCTTACCAGATGG,18,4664563
ybeDp,2.8,36,9,ACTTCGGCGAAGCCCGGCCA,27,4684708
ybeDp,9.1,99,9,ACTTACCTCGAAGACAAACT,90,4619324
ybeDp,0.8,16,9,ACTGTTCGCTGCTTCATTCA,7,4606252
ybeDp,1.5,23,9,ACTGTTCCGCGCAGGCCCAG,14,4616452
ybeDp,9.6,104,9,ACTGCCTTGTCTAACTTTCG,95,4647224
ybeDp,0.6,14,9,ACTATGCACTTCATTGGGGT,5,4627852
ybeDp,3.1,39,9,ACTACTCAACCGATCATACA,30,4671584
ybeDp,0.7,15,9,ACTACTACAGCATATTCTGT,6,4621816
ybeDp,0.9,17,9,ACGTCGTGTAAATCTCTCGG,8,4657856
ybeDp,0.5,13,9,ACGTAGGTAGACATCGGCAA,4,4680672
ybeDp,3.0,38,9,ACGGGGTCGCAAAAAGACAC,29,4612301
ybeDp,3.1,39,9,ACGGCTTTATCGGTTCATAA,30,4671322
ybeDp,2.4,32,9,ACGGACGGAACTCTTACTAA,23,4628512
ybeDp,2.5,33,9,ACGCGCTTATTCACAGTACC,24,4622882
ybeDp,2.9,37,9,ACGAAATAAGATAACATAAG,28,4681998
ybeDp,1.0,18,9,ACGAAACTACGTGATGTTAG,9,4644641
ybeDp,1.6,24,9,ACCTTAATATAGAGGGACCA,15,4625410
ybeDp,0.4,12,9,ACCGGTAGCTGTCAAGGCCA,3,4677198
ybeDp,0.9,17,9,ACCGATACGAATCGTGCCCG,8,4621293
ybeDp,0.5,13,9,ACCCTACCAGTTATAAATCA,4,4681382
ybeDp,2.0,28,9,ACCCGCAGCATGTGGCCGAG,19,4667936
ybeDp,4.5,53,9,ACCATGAATCTAATCTGGAT,44,4678590
ybeDp,1.3,21,9,ACATTGAGACTGCGCGGGTT,12,4648283
ybeDp,4.9,57,9,ACATTCTGGGCCGGTCTCCT,48,4646897
ybeDp,3.0,38,9,ACATTCTGCGCCACTGGCCC,29,4654624
ybeDp,5.5,63,9,ACATGCCTGTTGACCTCCGA,54,4649748
ybeDp,16.7,175,9,ACATCTACCTGTGGCCCAAC,166,4620810
ybeDp,5.5,63,9,ACAGCGATGTGCCGAGGCAA,54,4678875
ybeDp,0.2,10,9,ACAGCACATTAAGAGCCTAG,1,4602902
ybeDp,2.8,36,9,ACAGAAATCACGATCTAGTA,27,4656644
ybeDp,3.8,46,9,ACACGATTTGCTTCAATAAT,37,4666255
ybeDp,0.9,17,9,AATTTACTCGCGCGCTGAAA,8,4668013
ybeDp,1.8,26,9,AATTCTGCACGGGTGTATCT,17,4613264
ybeDp,30.5,313,9,AATTCAAAGACAACTTGCTC,304,4672258
ybeDp,3.4,42,9,AATGACAGGTAACTCATCTG,33,4624534
ybeDp,2.0,28,9,AATGAAGTTGCATAAATTGG,19,4650338
ybeDp,0.2,10,9,AATCGAAGGAATTCAGCGGG,1,4610129
ybeDp,3.8,46,9,AATCATGCAGAATTATCTGG,37,4648953
ybeDp,1.1,19,9,AATATTTTCAGAAGTCATCC,10,4658773
ybeDp,3.4,42,9,AATATTATTACGGAAAGTCA,33,4639146
ybeDp,0.2,10,9,AATAGGAAGCAATATTAGGG,1,4640577
ybeDp,2.2,30,9,AATACTTGGCCTCCAAAGAG,21,4614289
ybeDp,4.3,51,9,AATACTCATTTGAGAATGAC,42,4684011
ybeDp,1.9,27,9,AAGTCCTACAGCGACACCCC,18,4636206
ybeDp,0.2,10,9,AAGGTTATTGCTCATGCCCT,1,4635880
ybeDp,1.1,19,9,AAGGTCTAGTTAATTCGTCA,10,4638889
ybeDp,0.8,16,9,AAGCGCCACCAAAATATCGT,7,4611037
ybeDp,4.4,52,9,AAGACTTGGTGAGATTACGA,43,4663166
ybeDp,0.9,17,9,AAGAATAGCCTAGGATGGGG,8,4622105
ybeDp,5.2,60,9,AACTCCTCATGGCCTGTGGA,51,4643820
ybeDp,1.5,23,9,AACGGGTCTCCTGGATCAGC,14,4672222
ybeDp,3.9,47,9,AACGCGTCGCGGGGGACACC,38,4658621
ybeDp,2.3,31,9,AACCGATCCACGCATAGGTC,22,4646591
ybeDp,1.4,22,9,AACCACCTCGAAGATTGTGG,13,4640118
ybeDp,3.2,40,9,AACCAACTTGATTGTCCTAG,31,4622079
ybeDp,2.9,37,9,AACACGGCCTACCTCCACGG,28,4626224
ybeDp,2.3,31,9,AACACGGATCTTTTTCCAGC,22,4632129
ybeDp,2.0,28,9,AACAACAAGTACGCTCCAAT,19,4631177
ybeDp,0.9,17,9,AAATTAGTAACCTCACTGTT,8,4616466
ybeDp,5.0,58,9,AAATATCTCCAGACTCCGGG,49,4601535
ybeDp,0.9,17,9,AAAGACCCCTGTTAATTAGA,8,4638093
ybeDp,0.5,13,9,AAACCCAACTCGAGGTCTAA,4,4603767
ybeDp,0.9,17,9,AAAATGCCTTACTCAGCCGC,8,4606986
ybeDp,0.3,11,9,AAAACCACGAAACCCGAATA,2,4620922
ybeDp,2.3333333333333335,28,8,TTTGGGTTGGCATAGCCTGA,20,4681882
ybeDp,1.7777777777777777,23,8,TTTGATAGTGCAATCTGTCG,15,4612344
ybeDp,10.88888888888889,105,8,TTTGACCAGCTCATTTCTTC,97,4663967
ybeDp,1.3333333333333333,19,8,TTTGACATTCAATTGTGCCT,11,4637732
ybeDp,1.5555555555555556,21,8,TTTCATCGCTAAGTCATATC,13,4677514
ybeDp,2.0,25,8,TTTAGTGTGCGAGTGCAGAA,17,4632453
ybeDp,1.0,16,8,TTGTTTCCCCCCCTCACCTA,8,4665218
ybeDp,2.5555555555555554,30,8,TTGTTTAAAGGGGGTCTGTC,22,4672203
ybeDp,0.5555555555555556,12,8,TTGGGTACTCATATTCCTGT,4,4664314
ybeDp,4.111111111111111,44,8,TTGGGATTGGATTGGCCTTC,36,4655660
ybeDp,11.11111111111111,107,8,TTGGCGGTCGTCAGAGAAGC,99,4686622
ybeDp,1.5555555555555556,21,8,TTGCTCCGTAACATATCAAT,13,4659539
ybeDp,3.111111111111111,35,8,TTGCGTATTCTTATCTTTTA,27,4661744
ybeDp,1.8888888888888888,24,8,TTGACTGTGCGTACATGTCC,16,4610235
ybeDp,1.0,16,8,TTGACTCTCCTGGATCGTTG,8,4681129
ybeDp,4.444444444444445,47,8,TTCTGTTGCGTTACTGCAAT,39,4613323
ybeDp,4.111111111111111,44,8,TTCTGATTAAGGCCGAGACG,36,4676017
ybeDp,1.0,16,8,TTCGGGAAAGGGAAGTATTT,8,4683270
ybeDp,1.0,16,8,TTCGCGCGTGCCCGTGCTTA,8,4629888
ybeDp,0.7777777777777778,14,8,TTCGAGTCTCTTTGTGCGAT,6,4647918
ybeDp,2.5555555555555554,30,8,TTCCCGCACAGCAGTATTCG,22,4673212
ybeDp,3.888888888888889,42,8,TTCCCAGCATAGTGCTTTAC,34,4625321
ybeDp,3.2222222222222223,36,8,TTCATGCTCGGGCCAACCAT,28,4629355
ybeDp,5.222222222222222,54,8,TTCACGGTCGTTCCGGATGT,46,4666620
ybeDp,1.4444444444444444,20,8,TTCACACAGAGAGCTCTGTA,12,4652649
ybeDp,1.0,16,8,TTATTTAAAATCACTAAACA,8,4601380
ybeDp,3.5555555555555554,39,8,TTATGACTGTTTCCAAGCGT,31,4609437
ybeDp,1.3333333333333333,19,8,TTATCAATCCTCTCTATACC,11,4685455
ybeDp,4.666666666666667,49,8,TTATATTCGTTGCTAACCCC,41,4631159
ybeDp,2.111111111111111,26,8,TTATATCATGCAAGATTGCT,18,4683887
ybeDp,0.6666666666666666,13,8,TTAGGTTCAGTTGCCTCGTT,5,4638463
ybeDp,1.2222222222222223,18,8,TTAGCCGGTTTAACTCTCCA,10,4609757
ybeDp,3.0,34,8,TTAGATGCATGGCTTGCCCG,26,4617900
ybeDp,1.4444444444444444,20,8,TTAGACGGAGCGTTTATTAT,12,4613331
ybeDp,1.6666666666666667,22,8,TTAGAACCAGCTGTCCTGAG,14,4668665
ybeDp,0.2222222222222222,9,8,TTACCACCAACGGGAGCATC,1,4636726
ybeDp,2.5555555555555554,30,8,TTACACTGGCATCGAGCTTC,22,4634959
ybeDp,16.555555555555557,156,8,TTAAGTTTGAGTGAGGGACA,148,4654976
ybeDp,0.2222222222222222,9,8,TGTTATGATGTCTTGGAGTC,1,4613668
ybeDp,0.2222222222222222,9,8,TGTTAGTCTGCCTGAGGTTT,1,4607092
ybeDp,0.6666666666666666,13,8,TGTGTGCTACGGACAAGTTG,5,4672659
ybeDp,0.4444444444444444,11,8,TGTGTCTTACACAGAGTGTC,3,4637692
ybeDp,0.2222222222222222,9,8,TGTGTCACGCCATTGAGATG,1,4633630
ybeDp,1.4444444444444444,20,8,TGTGGGGAACCATTGCGAGC,12,4661517
ybeDp,1.4444444444444444,20,8,TGTGGATTACGTCTTGACTA,12,4630202
ybeDp,1.7777777777777777,23,8,TGTGATGGGCTGTAATACCC,15,4681268
ybeDp,2.888888888888889,33,8,TGTCTAGTTCTCTACACGCA,25,4660710
ybeDp,3.6666666666666665,40,8,TGGTTGGCTGAGGGGAAAGC,32,4620116
ybeDp,4.0,43,8,TGGTTCCGCGTTTTAATGGG,35,4678159
ybeDp,4.111111111111111,44,8,TGGTCGCCCGATCCGCTAGG,36,4657394
ybeDp,3.5555555555555554,39,8,TGGTACAGATGATTGATAAA,31,4680356
ybeDp,1.1111111111111112,17,8,TGGGTGGTTCTTTACAGTGA,9,4653423
ybeDp,1.7777777777777777,23,8,TGGGCACTTGAATAAGCGGG,15,4635031
ybeDp,0.6666666666666666,13,8,TGGGAGAAAGACTGTTCTGT,5,4671649
ybeDp,7.222222222222222,72,8,TGGCTCGAGCGCCCAGAGAG,64,4622943
ybeDp,1.3333333333333333,19,8,TGGATATGACACGATGATCT,11,4663923
ybeDp,4.555555555555555,48,8,TGCTTACATTAAGGTGCTAT,40,4669988
ybeDp,4.111111111111111,44,8,TGCTACTCTCCATTGCTTTG,36,4659504
ybeDp,4.222222222222222,45,8,TGCGGTCGCAAGCGACACGC,37,4683107
ybeDp,1.8888888888888888,24,8,TGCGCTTACTACATATCGGT,16,4646140
ybeDp,20.444444444444443,191,8,TGCGCAGTCTCTTGTCGTAA,183,4619891
ybeDp,3.4444444444444446,38,8,TGCCTTTGCCGGGGGCCAAT,30,4679161
ybeDp,3.5555555555555554,39,8,TGCACTTCCTTCGAATCCTC,31,4605523
ybeDp,4.0,43,8,TGATTAAGAGCAACTTCCGT,35,4629875
ybeDp,2.3333333333333335,28,8,TGATCGGCTTCTTTCAAGTT,20,4613025
ybeDp,1.0,16,8,TGATACAGGTGGCAGATCTA,8,4620360
ybeDp,23.555555555555557,219,8,TGAGTTCTGGGGTTTCTTAT,211,4679536
ybeDp,2.5555555555555554,30,8,TGAGGTTGTTAACCTTCCCG,22,4664795
ybeDp,0.2222222222222222,9,8,TGAGGGTCACTTTCTTCTTC,1,4602255
ybeDp,3.7777777777777777,41,8,TGAGGCGCCCAATCCACGAA,33,4655870
ybeDp,1.0,16,8,TGAGGATCACCTAACTACGC,8,4600943
ybeDp,3.7777777777777777,41,8,TGAGAGACTAGACACGGTAC,33,4633218
ybeDp,3.0,34,8,TCTTGACAATCGAAACAGCA,26,4656024
ybeDp,1.0,16,8,TCTGTTTTACAGCCCTCCAG,8,4645033
ybeDp,1.8888888888888888,24,8,TCTGGTGCATGCCGTCATGC,16,4608332
ybeDp,5.111111111111111,53,8,TCTGGAGTGGCATACTACAG,45,4684512
ybeDp,1.3333333333333333,19,8,TCTCGTACGGGGACAGAGAC,11,4610398
ybeDp,1.7777777777777777,23,8,TCTCAAAAATTCAGAACCGA,15,4621300
ybeDp,1.0,16,8,TCTACGGGTTGAAAAAGTAC,8,4614651
ybeDp,3.4444444444444446,38,8,TCTAACTGTAGAGGCTCGCC,30,4633246
ybeDp,2.3333333333333335,28,8,TCGTTACGAACAGCTTAGGA,20,4606364
ybeDp,5.222222222222222,54,8,TCGTCAGGGATCGAGCGGTA,46,4646770
ybeDp,9.555555555555555,93,8,TCGTAAGGTTACATTTTGCT,85,4681791
ybeDp,0.2222222222222222,9,8,TCGTAAAATAGAAAAAGAAG,1,4608480
ybeDp,8.666666666666666,85,8,TCGGGGTCCCCAAACTGGTA,77,4684924
ybeDp,1.0,16,8,TCGGAACCAGCGGGTAGTAC,8,4624315
ybeDp,5.0,52,8,TCGAGTCTTCAAGCGCTATA,44,4678196
ybeDp,16.333333333333332,154,8,TCGAACGAAGTCAGGGTACA,146,4658344
ybeDp,1.1111111111111112,17,8,TCCTGGTGCCCTCTCTCATG,9,4643686
ybeDp,1.2222222222222223,18,8,TCCTGAAGTTCTGGACCGTA,10,4642387
ybeDp,3.2222222222222223,36,8,TCCTCCGTAATTCCTGAGAA,28,4652726
ybeDp,1.3333333333333333,19,8,TCCTACACTAGTCACCTTGA,11,4630192
ybeDp,3.2222222222222223,36,8,TCCGATCAGGGAGGGCAACG,28,4649599
ybeDp,0.3333333333333333,10,8,TCCGACATCGAAACCCGAGG,2,4662309
ybeDp,3.3333333333333335,37,8,TCCCTTCCTAGAGTTTCGTG,29,4633333
ybeDp,1.0,16,8,TCCCTGGATCTAAGTTAGTT,8,4678531
ybeDp,0.5555555555555556,12,8,TCCCAAGTGGGGGAGCCTCA,4,4605891
ybeDp,2.0,25,8,TCCAGTCGCGCATCGTCATA,17,4603650
ybeDp,2.888888888888889,33,8,TCCACATTCTGTGGCCCATG,25,4633697
ybeDp,3.4444444444444446,38,8,TCATTTACTGGCTGGCGGGT,30,4603061
ybeDp,7.444444444444445,74,8,TCATTGTTAGATGAGGTGAA,66,4602221
ybeDp,9.444444444444445,92,8,TCATACGTCAACTACGAAGA,84,4676290
ybeDp,1.1111111111111112,17,8,TCAGTGGGTAATCCCCCAGT,9,4631360
ybeDp,2.3333333333333335,28,8,TCACGTGTCAACTCTACTAC,20,4621561
ybeDp,2.5555555555555554,30,8,TCACCATGCGTGAACTATCT,22,4603534
ybeDp,1.5555555555555556,21,8,TCAAGACTTCCAACCGAACT,13,4674454
ybeDp,9.222222222222221,90,8,TATTTGCGGACCCCCAACGA,82,4613266
ybeDp,1.1111111111111112,17,8,TATTAGACATGAACGCCCCA,9,4667783
ybeDp,3.111111111111111,35,8,TATGGAGAAGGTCATCCTGA,27,4680030
ybeDp,1.6666666666666667,22,8,TATGCGCTACGTGTCCTATA,14,4677074
ybeDp,3.111111111111111,35,8,TATGAAAAAGGGTCGTCGTG,27,4649594
ybeDp,1.6666666666666667,22,8,TATCAATGCTAGTAATAGGT,14,4681395
ybeDp,0.5555555555555556,12,8,TATATTTTGTGGGATGTGTT,4,4687116
ybeDp,0.3333333333333333,10,8,TATAACAAGGACGACGCGAG,2,4657056
ybeDp,0.2222222222222222,9,8,TACTTATTTAGCCCTTTTGC,1,4672838
ybeDp,6.888888888888889,69,8,TACGCGGAAGGACCTTGACG,61,4613169
ybeDp,1.1111111111111112,17,8,TACCTCAGGAATCACTACTA,9,4606262
ybeDp,0.5555555555555556,12,8,TACCCTACTAAGCCTCGACT,4,4612364
ybeDp,1.8888888888888888,24,8,TAAGTTTTCTTCGGGATGCA,16,4616664
ybeDp,0.2222222222222222,9,8,TAAGGTTATTACGTCTCGCC,1,4615149
ybeDp,2.4444444444444446,29,8,TAAGCCTCAACAGAGTTCTC,21,4626860
ybeDp,3.7777777777777777,41,8,TAAGCAGCGTAAAAGTCGAT,33,4668847
ybeDp,3.0,34,8,TAAATCTATGTGTTTAAAAG,26,4687289
ybeDp,2.888888888888889,33,8,TAAAGACATCAGAGCGGTAT,25,4607687
ybeDp,0.6666666666666666,13,8,TAAACATCGGGGCGCCCTTA,5,4630648
ybeDp,1.6666666666666667,22,8,GTTTCTTATGGACTATTGGT,14,4611174
ybeDp,2.111111111111111,26,8,GTTTCGATAAAATTTCGGGA,18,4611883
ybeDp,0.2222222222222222,9,8,GTTGTTTACACCAGATTAAC,1,4615839
ybeDp,4.444444444444445,47,8,GTTCTTAAAACACTGTGTTT,39,4677523
ybeDp,1.8888888888888888,24,8,GTTCTGTACCAGCACGAGTG,16,4665516
ybeDp,1.6666666666666667,22,8,GTTCTGCGAAGGGCGAAGAC,14,4633275
ybeDp,3.0,34,8,GTTCTATATTCGTAATAACG,26,4683357
ybeDp,0.3333333333333333,10,8,GTTAGAAATGGGTTGTTCAA,2,4611701
ybeDp,2.888888888888889,33,8,GTTACCCTAACAGGGGGTGA,25,4611542
ybeDp,1.6666666666666667,22,8,GTGGGGGGGCTTAGGTCTTA,14,4641301
ybeDp,2.0,25,8,GTGCTCTCAACCGTAGCGGC,17,4611222
ybeDp,1.0,16,8,GTGCTCAGAGTGATGACGAG,8,4618489
ybeDp,1.1111111111111112,17,8,GTGCGGCTTTTTAGTCTCCT,9,4629135
ybeDp,0.4444444444444444,11,8,GTGATGCTGAGCGAGGCAGA,3,4652070
ybeDp,0.2222222222222222,9,8,GTGACACGGCGAGACCCCGC,1,4620338
ybeDp,4.777777777777778,50,8,GTCTTGCTCCCGTTCTATCA,42,4644655
ybeDp,0.6666666666666666,13,8,GTCTTAATAGTTCAACCCAC,5,4620236
ybeDp,1.0,16,8,GTCTCTCGTGCACACGCAGG,8,4641237
ybeDp,4.222222222222222,45,8,GTCTCTAATCACCGATACGT,37,4646178
ybeDp,1.8888888888888888,24,8,GTCTCCGAAACTACGAACAA,16,4659723
ybeDp,0.3333333333333333,10,8,GTCGTTCTATCCTGGCTCAG,2,4645443
ybeDp,4.666666666666667,49,8,GTCGTATGGTCTCTAGCTCC,41,4640786
ybeDp,2.7777777777777777,32,8,GTCGTAATAGTCCAGGCCCC,24,4678341
ybeDp,2.7777777777777777,32,8,GTCCGCCCAGTTCTTATCAT,24,4638787
ybeDp,6.0,61,8,GTCCGCAACCACGTCAAGAT,53,4606460
ybeDp,0.4444444444444444,11,8,GTCCCTCCGGGCACGTAGGA,3,4654305
ybeDp,0.4444444444444444,11,8,GTCCCTAGAGATCGCAGTAC,3,4627090
ybeDp,2.7777777777777777,32,8,GTCCCGATTGCTCCGCGTGT,24,4621022
ybeDp,2.4444444444444446,29,8,GTCATCACAAAGTACCGGGG,21,4665923
ybeDp,0.2222222222222222,9,8,GTCACATTTCTGAAAGCAAA,1,4620924
ybeDp,1.7777777777777777,23,8,GTCAATCGCAGAGCACATCA,15,4618274
ybeDp,0.2222222222222222,9,8,GTATATGGTGTTCTAGTCTC,1,4621454
ybeDp,0.7777777777777778,14,8,GTACTCGGTCAGTGTCCGTG,6,4626358
ybeDp,3.6666666666666665,40,8,GTACTCAATGCAGACGAATG,32,4677789
ybeDp,8.666666666666666,85,8,GTACGTCACCGAACCGACTC,77,4655667
ybeDp,3.5555555555555554,39,8,GTAATACTCCGCGTACTGAG,31,4687235
ybeDp,1.4444444444444444,20,8,GTAACATACCTAATGAGCCG,12,4673217
ybeDp,13.444444444444445,128,8,GGTTTTCTGATTTACAACCT,120,4678201
ybeDp,1.1111111111111112,17,8,GGTTTACGCAGTGAGGCTCC,9,4665420
ybeDp,0.2222222222222222,9,8,GGTTGGTGGATGGTCCGACC,1,4678863
ybeDp,2.7777777777777777,32,8,GGTTACAAGGCGTCTACCAC,24,4672002
ybeDp,1.0,16,8,GGTCTCGAAGCACCCTGATA,8,4650425
ybeDp,15.88888888888889,150,8,GGTAGAGATAGTGTCCAGAA,142,4609675
ybeDp,2.2222222222222223,27,8,GGTACGATCCTATATCCGGC,19,4651996
ybeDp,19.88888888888889,186,8,GGTAAGGAGGGGTGACATTT,178,4683117
ybeDp,9.11111111111111,89,8,GGGTGATCACCTCTTTGACA,81,4681881
ybeDp,3.111111111111111,35,8,GGGGTTGTCAATCCCACCAG,27,4610825
ybeDp,2.6666666666666665,31,8,GGGGCTTAAACAGCATTTAT,23,4650403
ybeDp,1.6666666666666667,22,8,GGGGCTAACGATCAACCGTG,14,4618912
ybeDp,2.5555555555555554,30,8,GGGCCTCGGTAGCGTGGTGA,22,4668564
ybeDp,13.88888888888889,132,8,GGGCCGAAGTTTTACCTCCT,124,4615748
ybeDp,0.2222222222222222,9,8,GGGATATGTCAACAAACGCC,1,4603736
ybeDp,2.2222222222222223,27,8,GGGAGTACCGGAGAATAGTA,19,4612397
ybeDp,0.2222222222222222,9,8,GGCTTAATCAGGTGTAACAG,1,4631837
ybeDp,4.222222222222222,45,8,GGCTCCTATTAAAGTGTTGA,37,4610188
ybeDp,2.5555555555555554,30,8,GGCTCCCGAGTACACACTCT,22,4661493
ybeDp,1.8888888888888888,24,8,GGCTCAACATGATGGCCAGC,16,4685036
ybeDp,8.0,79,8,GGCGGTACACGGTGGTTTCG,71,4629450
ybeDp,1.8888888888888888,24,8,GGCCGGAATGAGACGTGGTC,16,4681067
ybeDp,2.5555555555555554,30,8,GGCATGAGCATTCCTAGTGA,22,4633195
ybeDp,8.777777777777779,86,8,GGCAGCATTCTACTCATTGC,78,4662245
ybeDp,2.111111111111111,26,8,GGCACTGCCGCGATACAACA,18,4625143
ybeDp,4.111111111111111,44,8,GGCACTATGCCGGCATTGCA,36,4658369
ybeDp,0.2222222222222222,9,8,GGATGAGATGCAAGGTTTGA,1,4683927
ybeDp,2.6666666666666665,31,8,GGATGAATGCCGTGAGCTGC,23,4669602
ybeDp,0.2222222222222222,9,8,GGATCCGAGGCAACGTAGCC,1,4638349
ybeDp,0.2222222222222222,9,8,GGAGGCGTTTAGTGTATAAC,1,4672843
ybeDp,0.2222222222222222,9,8,GGAGCGACAGCATTTCTGAT,1,4639143
ybeDp,2.2222222222222223,27,8,GGACGCATGTGTAAAATCTG,19,4648649
ybeDp,2.0,25,8,GGAATCTTAGCGTATGTCAT,17,4646334
ybeDp,2.5555555555555554,30,8,GGAAGCTTGGGGCCTTAGCG,22,4636204
ybeDp,11.222222222222221,108,8,GGAAGACCGACACTAAAGGT,100,4605255
ybeDp,9.0,88,8,GGAACTTATTGGGCAACTTC,80,4654385
ybeDp,0.2222222222222222,9,8,GCTTATTCCAATGCGAATTC,1,4656792
ybeDp,2.111111111111111,26,8,GCTTAAGTGGCTACAGGTGG,18,4647933
ybeDp,2.5555555555555554,30,8,GCTCGTGGCCGCGCGACGCG,22,4646658
ybeDp,7.0,70,8,GCTCGATGCGGCTGTATGTA,62,4648894
ybeDp,2.7777777777777777,32,8,GCTATTATTGCGCTCTCCTC,24,4626880
ybeDp,1.8888888888888888,24,8,GCTAGCTGGCCTTCGAAACC,16,4602867
ybeDp,2.111111111111111,26,8,GCTAGCTGAGTCACGGAGAT,18,4653854
ybeDp,2.3333333333333335,28,8,GCGTCTGATTAGGTCGGCAA,20,4679311
ybeDp,2.6666666666666665,31,8,GCGGTCTTTGACCGAGGCTA,23,4663330
ybeDp,2.7777777777777777,32,8,GCGGTCGAACCAACCTTGAG,24,4630081
ybeDp,3.6666666666666665,40,8,GCGGAGATTGCAGATGAGAT,32,4624294
ybeDp,2.4444444444444446,29,8,GCGCTAGTGATAGGAGGTCC,21,4619702
ybeDp,4.777777777777778,50,8,GCGCGCGGTGTCCCTTGTTG,42,4654440
ybeDp,8.333333333333334,82,8,GCGCCAGGTATGAGATTCCT,74,4658669
ybeDp,0.4444444444444444,11,8,GCGATTTAGGTTTATCAGGG,3,4671667
ybeDp,3.2222222222222223,36,8,GCGATCGTTGGTCGCTTAGG,28,4656559
ybeDp,0.8888888888888888,15,8,GCGATATTTCGTCTCTAAAT,7,4679613
ybeDp,2.0,25,8,GCGAGTGTGGAGGTCCTACA,17,4653430
ybeDp,6.555555555555555,66,8,GCGAAAACCTCTGATAGGCT,58,4641345
ybeDp,5.111111111111111,53,8,GCCTGCCTTGTTCCAGTGGT,45,4678387
ybeDp,4.555555555555555,48,8,GCCTCCCCCACGCTGCCTTC,40,4670520
ybeDp,0.2222222222222222,9,8,GCCTCAAGCGCTGAACACTT,1,4666117
ybeDp,3.3333333333333335,37,8,GCCGTCTGCATCAAAACATC,29,4661685
ybeDp,0.3333333333333333,10,8,GCCGAACCAGGCACACGCTT,2,4650150
ybeDp,1.5555555555555556,21,8,GCCCTCTGCTGGGGTACGGG,13,4686060
ybeDp,0.8888888888888888,15,8,GCCATTCCTCGCGTGCGATC,7,4624090
ybeDp,0.2222222222222222,9,8,GCCATATGATTCGTTTCTTC,1,4619674
ybeDp,3.3333333333333335,37,8,GCATGCAGTAGGCATTTTAC,29,4635454
ybeDp,0.2222222222222222,9,8,GCAGGAGTCAGATCGCTTAA,1,4680639
ybeDp,1.6666666666666667,22,8,GCAGCACCATAGCACAGCGG,14,4623966
ybeDp,2.4444444444444446,29,8,GCACTATCAGAAATGTTCAT,21,4686817
ybeDp,1.5555555555555556,21,8,GCAAGTTAGAATTGCAGTCG,13,4601264
ybeDp,4.666666666666667,49,8,GATTACGTGCAAGATTGCTA,41,4650033
ybeDp,4.111111111111111,44,8,GATGGTTCAGACAAACGGTT,36,4672790
ybeDp,2.5555555555555554,30,8,GATGAGTGGACGGAGAAAAA,22,4639213
ybeDp,8.222222222222221,81,8,GATCGCAGAGATACCCCTTC,73,4655515
ybeDp,0.2222222222222222,9,8,GATACCTGGTTCTCAGTTCC,1,4647780
ybeDp,0.8888888888888888,15,8,GATACCGTCGGTTAACTATA,7,4644787
ybeDp,11.333333333333334,109,8,GATAACTGTTTTACCGGCGG,101,4647651
ybeDp,5.777777777777778,59,8,GAGTGCGGCCGTGTGCCATG,51,4669130
ybeDp,4.0,43,8,GAGGTTGCACCAATCTGTGC,35,4679327
ybeDp,1.8888888888888888,24,8,GAGGTGGTGAAGTACGTCCT,16,4609887
ybeDp,1.8888888888888888,24,8,GAGGGGAGCGAAAAAAGTGG,16,4607974
ybeDp,0.2222222222222222,9,8,GAGGCAGAGAGCCCCCCAAG,1,4657520
ybeDp,1.4444444444444444,20,8,GAGCTGCTTGCCCCTCTTTG,12,4651494
ybeDp,2.888888888888889,33,8,GAGCGTGGGGTGAGGGCTCT,25,4629571
ybeDp,1.6666666666666667,22,8,GAGCGGAGTTACAAGAGGGT,14,4660825
ybeDp,2.4444444444444446,29,8,GAGACAGTCCCGTTCAAAGT,21,4653606
ybeDp,0.3333333333333333,10,8,GACTAACGTTATCCATTGGT,2,4609537
ybeDp,0.2222222222222222,9,8,GACGACCAGAGATAAGGAAA,1,4643620
ybeDp,1.8888888888888888,24,8,GACCAGAGCGTTGGCATCTT,16,4668695
ybeDp,13.444444444444445,128,8,GACCAAACGCCGCCCGTCGT,120,4672251
ybeDp,0.4444444444444444,11,8,GACATCCGGTCTTAATCGAC,3,4610397
ybeDp,2.5555555555555554,30,8,GACAACAGTCAGCGACATTG,22,4612595
ybeDp,1.5555555555555556,21,8,GACAAAGATGTGTAGGTTCA,13,4683119
ybeDp,3.0,34,8,GAATTCGAGCAATGTTTCAC,26,4664888
ybeDp,1.8888888888888888,24,8,GAATGGTTCGCGAAATAAAC,16,4658112
ybeDp,0.2222222222222222,9,8,GAATGGGGATACGACGGCGG,1,4673216
ybeDp,3.3333333333333335,37,8,GAAGAAGTGGAGTCCTAGAC,29,4667080
ybeDp,1.6666666666666667,22,8,GAAGAAATTTGGTCGGCCGC,14,4625725
ybeDp,4.888888888888889,51,8,GAAACAGTCTCTGAGGCAAC,43,4658390
ybeDp,0.3333333333333333,10,8,GAAAAATTCGGGCTACAGCT,2,4670824
ybeDp,2.4444444444444446,29,8,CTTTTTATCTTGTATGCCGA,21,4608148
ybeDp,0.5555555555555556,12,8,CTTTGATACACACGACTGAA,4,4631737
ybeDp,3.4444444444444446,38,8,CTTTCGTCGCTGCGCGTCTG,30,4602490
ybeDp,25.22222222222222,234,8,CTTTATACTACACGGTGAAT,226,4678555
ybeDp,1.4444444444444444,20,8,CTTGCGCTATTCCGTTGCGG,12,4673040
ybeDp,3.888888888888889,42,8,CTTCTCCTTACGAGTGCTGC,34,4654772
ybeDp,2.6666666666666665,31,8,CTTCAAGAACACGTTAACTA,23,4684437
ybeDp,3.3333333333333335,37,8,CTTACTCCCCCTGCGACGAT,29,4619496
ybeDp,2.7777777777777777,32,8,CTTACGTTTTTGCAATGTGA,24,4639704
ybeDp,3.6666666666666665,40,8,CTTAATCGGGACATATTTCT,32,4681358
ybeDp,3.7777777777777777,41,8,CTGTGGTCCAGTCTCGTCGC,33,4635003
ybeDp,2.7777777777777777,32,8,CTGCGTACAGCGGCGCGCTG,24,4640140
ybeDp,8.88888888888889,87,8,CTGCGCGACCGTGATTGGGA,79,4682349
ybeDp,0.2222222222222222,9,8,CTGCGAATGTTAATTGATAA,1,4641238
ybeDp,0.5555555555555556,12,8,CTCTTGCCTTTGCTGGTTGG,4,4654174
ybeDp,1.4444444444444444,20,8,CTCTTACATGGCTCACTTTT,12,4669447
ybeDp,2.888888888888889,33,8,CTCTGTCTAGTCCCCCCCTC,25,4612620
ybeDp,1.7777777777777777,23,8,CTCTACGTTCTGTCTTACGT,15,4614182
ybeDp,1.5555555555555556,21,8,CTCGTATACCGTCAAATTAA,13,4661762
ybeDp,3.111111111111111,35,8,CTCGGCCGCTATGATAGGGT,27,4651716
ybeDp,3.111111111111111,35,8,CTCGGACTCCATAGGGACCA,27,4666259
ybeDp,4.888888888888889,51,8,CTCGCTTTAGGAATCTAATG,43,4671131
ybeDp,0.7777777777777778,14,8,CTCGCCATGCGGAGCATAAG,6,4663204
ybeDp,3.5555555555555554,39,8,CTCGATCCGATTTAGTATTC,31,4605389
ybeDp,0.3333333333333333,10,8,CTCCATCTGCGTTGTAGATG,2,4606889
ybeDp,2.111111111111111,26,8,CTATCCGGGGAAGTAACTCT,18,4603530
ybeDp,0.3333333333333333,10,8,CTATCCCAGTATCAGTTTGT,2,4611170
ybeDp,0.2222222222222222,9,8,CTATCCATAATTGGACAATA,1,4677817
ybeDp,6.111111111111111,62,8,CTACGTGCATAAAACGCTCA,54,4652457
ybeDp,3.5555555555555554,39,8,CTAAGGAGAATTTGTATCGA,31,4685019
ybeDp,1.3333333333333333,19,8,CGTTTTACGAGAAGAAAGAC,11,4648611
ybeDp,3.888888888888889,42,8,CGTTATTAGGGCCGTACAAT,34,4629596
ybeDp,4.0,43,8,CGTGGGTAGAGATCTCCAAA,35,4610521
ybeDp,4.0,43,8,CGTGGGATCGACACCGGTCC,35,4605092
ybeDp,1.1111111111111112,17,8,CGTGGACCCGGTCGGTACAG,9,4655070
ybeDp,2.2222222222222223,27,8,CGTGCAGTATGAGATCGGCC,19,4613810
ybeDp,1.8888888888888888,24,8,CGTGACGCTTCACATATGTT,16,4604104
ybeDp,4.222222222222222,45,8,CGTCTGTACTTGGCGGAGCT,37,4683922
ybeDp,4.777777777777778,50,8,CGTCGGGCTCCCTCATGTAA,42,4603412
ybeDp,3.5555555555555554,39,8,CGTCCCCGCAGGAGGATAAT,31,4636478
ybeDp,0.2222222222222222,9,8,CGTCACCTTGGTATGACAAT,1,4621358
ybeDp,4.444444444444445,47,8,CGTACGTGATTCGAGGTTCC,39,4673646
ybeDp,2.0,25,8,CGTACCTGCTTCGTTGAGTA,17,4626148
ybeDp,0.3333333333333333,10,8,CGTAAAAGCTTCGTCCACTT,2,4614773
ybeDp,1.5555555555555556,21,8,CGGTTCAGCTGGTGGACAGT,13,4632397
ybeDp,6.333333333333333,64,8,CGGTTACACTGTTACAAGGT,56,4658687
ybeDp,1.2222222222222223,18,8,CGGTCATCTCGCGTCAATGC,10,4607339
ybeDp,1.4444444444444444,20,8,CGGTAGTGAAACCACTCACT,12,4666835
ybeDp,0.2222222222222222,9,8,CGGGTTGTTGTCGAGCGTGA,1,4664392
ybeDp,1.6666666666666667,22,8,CGGGTAAGTGCTTCGCAATG,14,4616496
ybeDp,4.222222222222222,45,8,CGGGGGAATCAATTATATCA,37,4635848
ybeDp,0.2222222222222222,9,8,CGGGAGGCCGGTGTCCGTAG,1,4602442
ybeDp,2.3333333333333335,28,8,CGGGACTCATGTTATAATTG,20,4639487
ybeDp,1.2222222222222223,18,8,CGGCCTAGCTCAATCTTCTG,10,4617650
ybeDp,1.7777777777777777,23,8,CGGCCCCTGTTCTGTCAAAG,15,4621956
ybeDp,3.4444444444444446,38,8,CGGATAGTGCTGCAACTAGA,30,4664004
ybeDp,2.2222222222222223,27,8,CGGAGGTATGGCCGGACTTT,19,4623347
ybeDp,9.555555555555555,93,8,CGGAGCTTCTCTTTAATCCT,85,4667380
ybeDp,0.3333333333333333,10,8,CGGAGCTGGCAGTAAGCCGG,2,4684679
ybeDp,3.3333333333333335,37,8,CGGAGATGAAGTCGCTGAAA,29,4605546
ybeDp,1.8888888888888888,24,8,CGCTCTCCAGTGGCCTTCCA,16,4630762
ybeDp,6.555555555555555,66,8,CGCTCAGCGGGAAGTACCAA,58,4631493
ybeDp,2.0,25,8,CGCGTACTACTGCATGCTCG,17,4607986
ybeDp,1.5555555555555556,21,8,CGCCTGCATTGCTTCCGGCC,13,4683024
ybeDp,1.7777777777777777,23,8,CGCCTATCCTTTTGCGTTCA,15,4664672
ybeDp,3.111111111111111,35,8,CGCCCCCATGGGCCTGAAGC,27,4602846
ybeDp,1.3333333333333333,19,8,CGCCCATACGAAGACGAAAG,11,4618278
ybeDp,4.666666666666667,49,8,CGCATGGGGTACTCGATGTA,41,4622557
ybeDp,0.6666666666666666,13,8,CGATGGGCGTTGATTGTCTC,5,4610300
ybeDp,0.6666666666666666,13,8,CGACCAGAGCACCCGCCTAA,5,4632106
ybeDp,1.6666666666666667,22,8,CCTTAAATCGCCCGGTGTAA,14,4673118
ybeDp,3.3333333333333335,37,8,CCTGCGCCCTAATTGCTTAT,29,4628437
ybeDp,1.2222222222222223,18,8,CCTGAATTTAGCACACCAGG,10,4665763
ybeDp,5.666666666666667,58,8,CCTCTTATGTATATCACTGC,50,4656778
ybeDp,2.6666666666666665,31,8,CCTATTGACTTGCCGATTAG,23,4609120
ybeDp,0.4444444444444444,11,8,CCTAGTCCTCTGTAACCGAA,3,4686732
ybeDp,1.3333333333333333,19,8,CCTAGCGGACAACTGATTCG,11,4618634
ybeDp,0.6666666666666666,13,8,CCTAAGTGGAAGCATTCTGT,5,4642843
ybeDp,2.5555555555555554,30,8,CCTAAAGAGTCGTAAGCGTA,22,4607412
ybeDp,0.6666666666666666,13,8,CCGTGTCTGGACAAATTGTT,5,4641246
ybeDp,2.6666666666666665,31,8,CCGCCAACTCCACGCTCGGA,23,4670834
ybeDp,4.111111111111111,44,8,CCGCATTAGGTAAGGATTCT,36,4654297
ybeDp,4.555555555555555,48,8,CCGAGCGCAGGACGTTTACT,40,4687605
ybeDp,1.3333333333333333,19,8,CCGAAGAGCACTGTACGGAG,11,4649207
ybeDp,2.111111111111111,26,8,CCCTACCAGGTGCGGACGTT,18,4641940
ybeDp,1.1111111111111112,17,8,CCCGTAGACCCCGTTACGTC,9,4673274
ybeDp,3.7777777777777777,41,8,CCCCTCCGAAACCTATCTAG,33,4607489
ybeDp,4.888888888888889,51,8,CCCAGCTGACTTCACAACGG,43,4674370
ybeDp,3.3333333333333335,37,8,CCCACAAGTACAAGGGTATC,29,4637505
ybeDp,2.5555555555555554,30,8,CCCAATTATGGGGTGTCCTG,22,4623470
ybeDp,0.6666666666666666,13,8,CCCAAGGACCACAGCTATCT,5,4666080
ybeDp,2.5555555555555554,30,8,CCATGCAAACACTCCGTTAT,22,4677548
ybeDp,1.3333333333333333,19,8,CCAGGCGTGACTTTCAGTAA,11,4624038
ybeDp,7.0,70,8,CCAGGCGTACCGCAAGCCAC,62,4622936
ybeDp,4.888888888888889,51,8,CCAGGATCAGCTCTCGGTGA,43,4641743
ybeDp,2.111111111111111,26,8,CCAGCGTGGCTCTCCTGCAG,18,4664107
ybeDp,2.0,25,8,CCAGATACGATCGTTTTCTT,17,4634856
ybeDp,4.222222222222222,45,8,CCACATGGGGACTTCGAATT,37,4640925
ybeDp,0.2222222222222222,9,8,CATTAAAGTGGTTAGCGAGC,1,4621783
ybeDp,3.7777777777777777,41,8,CATGTGGGGGACCATGACCA,33,4654479
ybeDp,1.7777777777777777,23,8,CATGGAGCTTTTTCAAGTGC,15,4686055
ybeDp,1.3333333333333333,19,8,CATCAATGGGAATTCCGGAT,11,4630526
ybeDp,0.6666666666666666,13,8,CATATCTCCGACAGGGGCCA,5,4678961
ybeDp,1.6666666666666667,22,8,CATAGCTATCGCATCGCGCG,14,4628546
ybeDp,1.4444444444444444,20,8,CATAAGTATGGTGCATACAT,12,4654293
ybeDp,1.7777777777777777,23,8,CATAACATCGCCCTGAGATG,15,4623231
ybeDp,5.111111111111111,53,8,CAGTGATTGGGAGGGGAAGA,45,4671268
ybeDp,0.2222222222222222,9,8,CAGTCGAGCAAATCCCATTC,1,4652318
ybeDp,2.7777777777777777,32,8,CAGTCCAATGAGAGTGAAAT,24,4606199
ybeDp,7.555555555555555,75,8,CAGTATATCTGGGCGAATAG,67,4665422
ybeDp,2.3333333333333335,28,8,CAGGGGAAACTCATCAGAGA,20,4646216
ybeDp,2.6666666666666665,31,8,CAGGGCTAAATACCTTCAGC,23,4603740
ybeDp,2.3333333333333335,28,8,CAGCGATATGCATCCGTCAT,20,4615347
ybeDp,0.4444444444444444,11,8,CAGCCGGGTGGAACAACGGG,3,4625616
ybeDp,2.111111111111111,26,8,CAGATTGGCGTCGACCGGTC,18,4649368
ybeDp,2.888888888888889,33,8,CAGATCTTGCCTGGCGCCCA,25,4606106
ybeDp,6.777777777777778,68,8,CAGAAACTTAACTGCATTAA,60,4613275
ybeDp,1.4444444444444444,20,8,CACTGGAGCTCTAGACAGAC,12,4661898
ybeDp,0.4444444444444444,11,8,CACTCCAACAGGCGGGGATG,3,4626105
ybeDp,0.4444444444444444,11,8,CACCTTACCTACGTTTCGAC,3,4607036
ybeDp,2.3333333333333335,28,8,CACCGCCTAGCACACATAAG,20,4664516
ybeDp,2.7777777777777777,32,8,CACCCGGCTGACGCGGGGAA,24,4607025
ybeDp,1.4444444444444444,20,8,CACCATTGCATGATTTGGAT,12,4682715
ybeDp,11.555555555555555,111,8,CACCAAGACCCGCGAGCCAT,103,4656552
ybeDp,0.7777777777777778,14,8,CACAGTATGGGGTTCGCTCC,6,4611358
ybeDp,3.3333333333333335,37,8,CACACCGACTTCTCTCACGG,29,4662812
ybeDp,1.2222222222222223,18,8,CAATTTTAGCACTTCCGAGG,10,4678033
ybeDp,1.5555555555555556,21,8,CAATTGCAGCCGGAGACGGG,13,4672784
ybeDp,3.3333333333333335,37,8,CAATCCTAACGTGCCCCTGA,29,4626989
ybeDp,1.3333333333333333,19,8,CAAGTAGGTTATGGGCCATA,11,4645103
ybeDp,1.4444444444444444,20,8,CAAGAGACGTTTCAGCATTG,12,4665619
ybeDp,1.4444444444444444,20,8,CAACTCGATTATCCTTTGTT,12,4658890
ybeDp,5.111111111111111,53,8,CAACGGCAAATTGGGGTGGT,45,4646394
ybeDp,0.2222222222222222,9,8,CAACCGTCATACCTTCGCTG,1,4678162
ybeDp,3.3333333333333335,37,8,CAACCCTGGTTTTTCTGAGT,29,4683759
ybeDp,9.11111111111111,89,8,CAACATCGCCGAAACAGCTA,81,4654356
ybeDp,2.7777777777777777,32,8,CAAAGACCATATAACCGTAA,24,4642304
ybeDp,1.5555555555555556,21,8,ATTTGTCACCCTCTGGGCGC,13,4640717
ybeDp,2.4444444444444446,29,8,ATTTCATAGAGGCCACTGCT,21,4633853
ybeDp,6.555555555555555,66,8,ATTTATAACCTACCCCCTGA,58,4652328
ybeDp,3.3333333333333335,37,8,ATTGCCCCCTACCGGAATTC,29,4660060
ybeDp,4.555555555555555,48,8,ATTGAATCCTGATATATGTG,40,4642508
ybeDp,1.6666666666666667,22,8,ATTATTATGGACGAGTGCGA,14,4618762
ybeDp,1.5555555555555556,21,8,ATTATTAAGATCAGCAAAAC,13,4662494
ybeDp,3.888888888888889,42,8,ATTATAAGTCGAAGATCGGA,34,4637274
ybeDp,3.6666666666666665,40,8,ATTAACTGATTTACCGTTCT,32,4651365
ybeDp,2.111111111111111,26,8,ATGTTTCGCCCCGAACTGTC,18,4639488
ybeDp,3.2222222222222223,36,8,ATGTTAGCTATTGTTGACCT,28,4603563
ybeDp,6.777777777777778,68,8,ATGTAGTGTAAGCTTCGGCC,60,4675446
ybeDp,1.6666666666666667,22,8,ATGGCTTCCGCAGGCTCGGA,14,4665662
ybeDp,4.444444444444445,47,8,ATGGAATTTGGCGTTTGTGT,39,4629028
ybeDp,3.6666666666666665,40,8,ATGCTCAACCTGCGATCAGG,32,4631779
ybeDp,2.2222222222222223,27,8,ATGAGATTTAGGTGGCGGCC,19,4655554
ybeDp,1.0,16,8,ATGAGAGCCCTCGGTACGAT,8,4627957
ybeDp,26.555555555555557,246,8,ATGAGACCCACAGACTACGT,238,4678272
ybeDp,8.333333333333334,82,8,ATGACGGCTCACGCAGGCTT,74,4671350
ybeDp,2.3333333333333335,28,8,ATGACAAAGGACATCTCTTT,20,4685933
ybeDp,0.2222222222222222,9,8,ATCTGGTGATTTGGGTCGCG,1,4657888
ybeDp,5.222222222222222,54,8,ATCGGGGAGTCATAATGATC,46,4601168
ybeDp,3.6666666666666665,40,8,ATCGACGCGCTCTGGCCGAA,32,4642488
ybeDp,0.8888888888888888,15,8,ATCCGTCGGAACATCGGCAA,7,4614632
ybeDp,3.6666666666666665,40,8,ATCCAAAGCTCATGGAACCT,32,4673292
ybeDp,2.888888888888889,33,8,ATCACGGCATGGATTTAAGG,25,4674448
ybeDp,0.8888888888888888,15,8,ATCACACATTATGCTCGGCT,7,4605478
ybeDp,1.8888888888888888,24,8,ATATTTTAGTAATACTCACA,16,4645947
ybeDp,10.333333333333334,100,8,ATATTTCTCTTGGGTTAAGT,92,4666583
ybeDp,0.8888888888888888,15,8,ATAGGCTCGTAGTTCCAGTC,7,4628359
ybeDp,0.2222222222222222,9,8,ATAGAAGCCGAGCGGAATGT,1,4611489
ybeDp,0.2222222222222222,9,8,ATAGAACACCGCCGTTCTTT,1,4668237
ybeDp,8.88888888888889,87,8,ATACTGTATCTCTCGTGTAA,79,4606924
ybeDp,3.888888888888889,42,8,ATACTAGCGGCCCGTCCCGT,34,4646063
ybeDp,1.3333333333333333,19,8,ATACGCCGGTTAACCTGCAG,11,4650859
ybeDp,0.2222222222222222,9,8,ATACGAATATTAGCCCTTGT,1,4606153
ybeDp,0.2222222222222222,9,8,ATACATAGGTTTATTTACGG,1,4603202
ybeDp,1.2222222222222223,18,8,ATACACTGGTTGCACATCGA,10,4622611
ybeDp,1.2222222222222223,18,8,ATAAGAAAGTCCTCATAGTT,10,4622850
ybeDp,1.4444444444444444,20,8,ATAAAAAGGAGTTCTTTTCG,12,4620755
ybeDp,6.222222222222222,63,8,AGTTTCATGCGGGTCTTAGC,55,4675503
ybeDp,0.5555555555555556,12,8,AGTGCTGCCTCTATCAACCT,4,4609701
ybeDp,1.5555555555555556,21,8,AGTCTCGCAGTTACCATCCT,13,4631713
ybeDp,0.2222222222222222,9,8,AGTCTCCTAGTTGCCTGTAA,1,4602933
ybeDp,1.4444444444444444,20,8,AGTCGGCCCAGAATTGGCTC,12,4665971
ybeDp,4.0,43,8,AGTCGATTAGTGCTTATCAC,35,4614867
ybeDp,1.8888888888888888,24,8,AGTCGAGTCGGGGCCTACGA,16,4623028
ybeDp,2.2222222222222223,27,8,AGTCCATGGCGTAGCCCCAT,19,4603837
ybeDp,1.7777777777777777,23,8,AGTAGTAATCTGTGTTCCAG,15,4635176
ybeDp,1.8888888888888888,24,8,AGGTGCCCCTAGCAATTTTT,16,4623585
ybeDp,6.666666666666667,67,8,AGGGTGGACAGTGAGACGAC,59,4634680
ybeDp,0.2222222222222222,9,8,AGGCGATACGAGCTCGATCC,1,4662629
ybeDp,20.0,187,8,AGGCCAGCACCCACACCTAA,179,4658102
ybeDp,6.666666666666667,67,8,AGGCATGCATTACGATTTAG,59,4667701
ybeDp,0.8888888888888888,15,8,AGCTTTAGCTCTCCGGGCGA,7,4603116
ybeDp,1.6666666666666667,22,8,AGCTTCACCACATTCGGTGA,14,4651603
ybeDp,1.8888888888888888,24,8,AGCGTCCCCGTTCCGCCCCA,16,4652566
ybeDp,2.888888888888889,33,8,AGCGTACGCATCGGATTGGA,25,4649939
ybeDp,0.2222222222222222,9,8,AGCGATAAATTGCTCCCAGT,1,4616873
ybeDp,3.7777777777777777,41,8,AGCCTGCCGAATAATGGCGC,33,4675134
ybeDp,0.2222222222222222,9,8,AGCCGGGCAGGCAAAACGCG,1,4634329
ybeDp,5.666666666666667,58,8,AGCCGGAATCTTAATGAGCC,50,4608482
ybeDp,0.2222222222222222,9,8,AGCCAGAGCCTGAGGGTTAG,1,4623694
ybeDp,5.666666666666667,58,8,AGCCAATTAGCTTTCGTACC,50,4666570
ybeDp,2.3333333333333335,28,8,AGCAACCCTTATCGTCTACT,20,4667700
ybeDp,2.888888888888889,33,8,AGCAACCCGCCCGGGCATAA,25,4644603
ybeDp,0.6666666666666666,13,8,AGAGATTACGTCAACTCGTA,5,4687960
ybeDp,7.666666666666667,76,8,AGAGATGTCGAGTGATAGGC,68,4623155
ybeDp,1.0,16,8,AGACTTAAGGAGCGCTACGA,8,4607244
ybeDp,3.3333333333333335,37,8,AGACGTAGTTAAGGACCCTT,29,4658582
ybeDp,7.111111111111111,71,8,AGACACTTTCGGTCAATGTG,63,4630345
ybeDp,1.1111111111111112,17,8,AGACACGGTTAGAGAGTAAA,9,4679594
ybeDp,1.2222222222222223,18,8,AGAAGGTAATTGCTAAAATT,10,4610930
ybeDp,18.666666666666668,175,8,ACTTTATACCAACCACCACT,167,4663088
ybeDp,1.2222222222222223,18,8,ACTTGCGAACATCACGGACG,10,4645097
ybeDp,4.111111111111111,44,8,ACTTCTCAATTCAAGGATTT,36,4625680
ybeDp,10.11111111111111,98,8,ACTTCGATATTCATTCACTG,90,4671137
ybeDp,6.555555555555555,66,8,ACTTCACGCATCAACCGTTA,58,4659248
ybeDp,2.888888888888889,33,8,ACTGGTAGTTGAACCGGACT,25,4654358
ybeDp,3.0,34,8,ACTGGGCAGTGGGATCAAGT,26,4621398
ybeDp,0.7777777777777778,14,8,ACTCGTATCAATAGCTTTGA,6,4633303
ybeDp,5.111111111111111,53,8,ACTCCCCTAGCGATGCTTCA,45,4667601
ybeDp,4.444444444444445,47,8,ACTCAGAGACAACGTACGAT,39,4684723
ybeDp,5.333333333333333,55,8,ACGGTTTCGCGCATTACCTA,47,4686128
ybeDp,1.4444444444444444,20,8,ACGATAGGAACGAATCTAGT,12,4606423
ybeDp,1.1111111111111112,17,8,ACGAATTAATAAGATTGTTG,9,4651300
ybeDp,5.333333333333333,55,8,ACGAAGCGGCCTGGTTTATA,47,4630522
ybeDp,2.3333333333333335,28,8,ACCTACAAGAATTCCAGGTG,20,4675546
ybeDp,1.8888888888888888,24,8,ACCGACGGACTGACTCTCCT,16,4638664
ybeDp,1.2222222222222223,18,8,ACCGAAGAAACCACTAAAAG,10,4678704
ybeDp,3.5555555555555554,39,8,ACCGAACGGCGCGGAGGAAG,31,4618531
ybeDp,11.444444444444445,110,8,ACCACCAGATGTAGGTCTCG,102,4633371
ybeDp,1.0,16,8,ACATGCCCTCATGAGGTCTG,8,4633696
ybeDp,0.5555555555555556,12,8,ACATCATACTTCGTGTACAA,4,4601712
ybeDp,8.777777777777779,86,8,ACATACGAACGCGAGATAAA,78,4671133
ybeDp,12.88888888888889,123,8,ACAGCTACGGCTAGGAACCA,115,4616931
ybeDp,12.11111111111111,116,8,ACAAACCCACAATACGGATA,108,4609817
ybeDp,1.8888888888888888,24,8,AATTTCTGTGTCCCCCGACC,16,4646798
ybeDp,1.4444444444444444,20,8,AATTTCCAAATTGGATAAAA,12,4613593
ybeDp,5.777777777777778,59,8,AATTATTTTACTAGAGCGCA,51,4625606
ybeDp,1.6666666666666667,22,8,AATGTGGTGGCTCGTCGGCG,14,4660888
ybeDp,5.333333333333333,55,8,AATGTCTGAAAAGAGGTTCA,47,4616648
ybeDp,2.2222222222222223,27,8,AATGGTATGTGCCCGTTCTA,19,4677319
ybeDp,5.111111111111111,53,8,AATGGGCTAGATGGTCTAGC,45,4673340
ybeDp,0.2222222222222222,9,8,AATCATCCCCATGAACACTT,1,4670270
ybeDp,2.7777777777777777,32,8,AATCACACGTACCATACGAC,24,4669721
ybeDp,3.111111111111111,35,8,AATAGGGTGGCTCCAATTTG,27,4628979
ybeDp,7.0,70,8,AATAACTCGGCGTGCGGACA,62,4670828
ybeDp,6.666666666666667,67,8,AAGTTAAGAAAGGCCAAAAG,59,4629449
ybeDp,2.5555555555555554,30,8,AAGTATGAAGAACTTCAGAG,22,4674696
ybeDp,0.2222222222222222,9,8,AAGGGGTCTAATTGGCCGTC,1,4605663
ybeDp,0.7777777777777778,14,8,AAGGGCCACCTAGAGACTAG,6,4657439
ybeDp,0.2222222222222222,9,8,AAGGGATTTCGGGGCACTCA,1,4654697
ybeDp,3.2222222222222223,36,8,AAGGAGTGTCGGTATTATTC,28,4606289
ybeDp,1.7777777777777777,23,8,AAGCGGATATTCAACGCCTG,15,4659134
ybeDp,0.3333333333333333,10,8,AAGCCGGAAAGCCGTGATAG,2,4648785
ybeDp,7.777777777777778,77,8,AAGCCAAGACCACTGGGTTA,69,4687312
ybeDp,0.2222222222222222,9,8,AAGATTGTTGGGTATTCCAT,1,4620071
ybeDp,4.666666666666667,49,8,AAGATAACGCGCGTGCTCTC,41,4603219
ybeDp,4.444444444444445,47,8,AAGAGTTGCAATGGGCGCGT,39,4640667
ybeDp,2.5555555555555554,30,8,AAGAACGTTACAAGTCATGT,22,4626694
ybeDp,7.333333333333333,73,8,AAGAACCGGGAGGGTTAAGA,65,4641863
ybeDp,1.6666666666666667,22,8,AACTTAGTCAACGCGCGCCC,14,4652377
ybeDp,11.222222222222221,108,8,AACTGTTGAATCACTCCCTA,100,4628755
ybeDp,4.777777777777778,50,8,AACGTACGGAATACGTCACA,42,4671761
ybeDp,0.2222222222222222,9,8,AACGGGCCGCCTCTCGTACC,1,4659583
ybeDp,2.3333333333333335,28,8,AACGCTCCAGGGCATCACAT,20,4656251
ybeDp,4.0,43,8,AACGAGAGCATGTTCTACTT,35,4679061
ybeDp,4.222222222222222,45,8,AACCTGTAGTAGTCTCTATA,37,4675878
ybeDp,1.2222222222222223,18,8,AACCGTATACAGTTTTCGTG,10,4622907
ybeDp,1.1111111111111112,17,8,AACCCCCCCGTGTCGCTTCG,9,4616616
ybeDp,3.111111111111111,35,8,AACCCAGGGATAACCCTCCA,27,4607786
ybeDp,2.5555555555555554,30,8,AACCAATCTCGAGTGAACTT,22,4665520
ybeDp,1.7777777777777777,23,8,AACATACGAGGTTTGGTAGT,15,4651012
ybeDp,5.444444444444445,56,8,AACAGCTCACGGGTAACATC,48,4680450
ybeDp,2.111111111111111,26,8,AAATTCACGAACTACATAGA,18,4650257
ybeDp,7.666666666666667,76,8,AAATGAAGCGAACACGCGCT,68,4648181
ybeDp,1.6666666666666667,22,8,AAATCTGCGTAATGTAATGA,14,4655690
ybeDp,3.3333333333333335,37,8,AAAGTTTTAAAGCGACTCAT,29,4621570
ybeDp,0.2222222222222222,9,8,AAAGCTCCTAGTTACTGGAT,1,4649995
ybeDp,3.4444444444444446,38,8,AAAGAGATAGGATGGTTCAA,30,4661853
ybeDp,0.2222222222222222,9,8,AAAGACCGCCCCGCCCACAT,1,4603380
ybeDp,2.4444444444444446,29,8,AAACTCTGAGGTGGTCCGAT,21,4616774
ybeDp,4.444444444444445,47,8,AAAAGTGACGTGAAGGCGTC,39,4632255
ybeDp,3.2222222222222223,36,8,AAAAACGGTCTTTGGAGCTG,28,4624731
ybeDp,6.0,61,8,AAAAAATAGGGAATTTTCGC,53,4671550
ybeDp,0.25,8,7,TTTTCAGTTCTGCGTATTGG,1,4682666
ybeDp,0.625,11,7,TTTTAGTAAAAGGAGGCTGA,4,4625540
ybeDp,2.5,26,7,TTTTACTTGCAGGCTGTCTT,19,4641717
ybeDp,4.375,41,7,TTTGTCGTAACCGGATTATC,34,4614533
ybeDp,2.875,29,7,TTTGGTTTTGGGTCGGGCGA,22,4625778
ybeDp,6.125,55,7,TTTGAGTCAAAGGCCTACAC,48,4627730
ybeDp,1.375,17,7,TTTCGCAGGAGCTAATGTCA,10,4646804
ybeDp,2.875,29,7,TTTCGAGCTCAGCTTGCTGT,22,4656606
ybeDp,1.25,16,7,TTTATTAGGCGAACTTCACT,9,4656560
ybeDp,1.875,21,7,TTTAACAATTTCTCGCTCGT,14,4601875
ybeDp,7.75,68,7,TTTAAATGTCGGGGGAAGGC,61,4682020
ybeDp,4.25,40,7,TTGTACGGTCAGGTGTTTGT,33,4663259
ybeDp,4.375,41,7,TTGGTGTTAGCATGGAGCTC,34,4656489
ybeDp,3.0,30,7,TTGGGGCTGATGCCTCGGAA,23,4663379
ybeDp,2.0,22,7,TTGGAACTGTACATAGAACT,15,4654442
ybeDp,1.875,21,7,TTGCTTACACTTTAAACGTG,14,4612523
ybeDp,1.875,21,7,TTGCTCCCCATTCGGACCTA,14,4663564
ybeDp,1.375,17,7,TTGCCAGTCACTTGTCTGGC,10,4661911
ybeDp,1.125,15,7,TTGCATCAACCTCCACACCT,8,4608230
ybeDp,2.75,28,7,TTGATTTTCGGGATAGCCGT,21,4672649
ybeDp,1.875,21,7,TTGAGTGAAGCTTCGACAGT,14,4670757
ybeDp,13.625,115,7,TTGACTAGGCGGATAGTAAA,108,4657441
ybeDp,2.125,23,7,TTCGGACGTCAAACCGGGGA,16,4669078
ybeDp,11.75,100,7,TTCCTTCTGGGCGCGCAGGT,93,4674903
ybeDp,2.5,26,7,TTCCTATGTGGATTGCCGAC,19,4674996
ybeDp,0.25,8,7,TTCCGGGGTTATGCTCCGTG,1,4624244
ybeDp,2.5,26,7,TTCCGGGCGACGGCCCCGGT,19,4624955
ybeDp,2.625,27,7,TTCCGATTCGGTGCATCCTA,20,4654749
ybeDp,0.25,8,7,TTCCCCGCACGATCTTACGT,1,4632885
ybeDp,0.875,13,7,TTCCATACTTCGAAGTATAG,6,4646435
ybeDp,2.125,23,7,TTCATTTCTTATTTTGCATT,16,4673425
ybeDp,5.75,52,7,TTCATTCAGACATGTCACAC,45,4619852
ybeDp,1.25,16,7,TTCATCTTGTTGGTAGTGGG,9,4642424
ybeDp,1.75,20,7,TTCAGAAATAACGTGCACAA,13,4638638
ybeDp,1.0,14,7,TTCACCGCGGGCCAATCGCT,7,4642160
ybeDp,0.875,13,7,TTATTCGCGGTACGTATGCA,6,4653915
ybeDp,3.375,33,7,TTATGTAACCCAAAATGTCG,26,4606286
ybeDp,7.125,63,7,TTATATGTGGGCTGTGCCCT,56,4680061
ybeDp,6.125,55,7,TTAGGGGGAGATAGTTTACT,48,4622723
ybeDp,1.5,18,7,TTAGCATAATTTGCGCTTGT,11,4627332
ybeDp,2.25,24,7,TTAGACGCACGCCAACTCCA,17,4607198
ybeDp,2.75,28,7,TTACGACCGAGGGCGCAGGA,21,4668945
ybeDp,2.875,29,7,TTACCCGGCAAGAGGCCTAA,22,4659175
ybeDp,5.75,52,7,TTAATTGACCAGTTTGGGCG,45,4655981
ybeDp,2.875,29,7,TTAAGTGAGACAATTGACGC,22,4663213
ybeDp,0.25,8,7,TTAAGCAAGTTTGTTATAAA,1,4618653
ybeDp,0.75,12,7,TTAAAGCTTAATCTCATAGA,5,4676134
ybeDp,1.625,19,7,TTAAACCTTTAGATGCCCAA,12,4630183
ybeDp,0.25,8,7,TGTTTGATGTAGAAGCCCTT,1,4675057
ybeDp,2.125,23,7,TGTTTGAGACGAGCATTTTT,16,4670870
ybeDp,3.0,30,7,TGTTACGCTCGGTGTTGTGA,23,4686540
ybeDp,1.75,20,7,TGTTACGCAACACAACGCGA,13,4617290
ybeDp,3.25,32,7,TGTGCTGTTGGGTCGTGTAT,25,4667229
ybeDp,1.5,18,7,TGTGCGATTCCTTTTCCACT,11,4652373
ybeDp,3.0,30,7,TGTCGGTTCTTGTGCTGAAG,23,4627552
ybeDp,10.125,87,7,TGTCGGCCGTAACTCTCTGC,80,4686437
ybeDp,0.625,11,7,TGTCGGAGCTTCTACCGTTT,4,4666869
ybeDp,1.875,21,7,TGTCCAACGGTTTCGTCAAC,14,4619221
ybeDp,1.875,21,7,TGTATGGATTACCACCGTCC,14,4621628
ybeDp,2.625,27,7,TGTATCGTGTCCGAACATAC,20,4655134
ybeDp,0.25,8,7,TGTAACTGCCTTTAGATTGA,1,4653992
ybeDp,0.25,8,7,TGGTGGACAGCAGCAGGGAG,1,4632401
ybeDp,1.75,20,7,TGGCTATGCGGTTGTTAGAC,13,4621004
ybeDp,14.375,121,7,TGGCCGTCTACTAACGCACT,114,4658118
ybeDp,3.625,35,7,TGGAACCCTGTGAACAGATA,28,4680013
ybeDp,0.75,12,7,TGCTTCTATACCCCCTCTTG,5,4644109
ybeDp,4.5,42,7,TGCTCGAGTCGGGATGTGAG,35,4660875
ybeDp,0.75,12,7,TGCTCCAGTCCCGCTAGCTG,5,4673263
ybeDp,0.5,10,7,TGCTACATACTATGTTGTGA,3,4602670
ybeDp,5.0,46,7,TGCTAATCGAGGTCATCGAG,39,4680958
ybeDp,5.875,53,7,TGCGGGTGATAGATTAGGGA,46,4678053
ybeDp,2.375,25,7,TGCGCTCTGAAGATCTATAA,18,4613109
ybeDp,2.5,26,7,TGCCCCCTTTTAGCCAACTG,19,4654283
ybeDp,3.625,35,7,TGCCCAACCCTGAGATATGT,28,4640086
ybeDp,0.25,8,7,TGCCAGTTAAGGATTTAAAA,1,4604411
ybeDp,0.25,8,7,TGCCAAGGACTCCCTGAGGG,1,4624708
ybeDp,2.375,25,7,TGCACCTCAGGATTTACCAA,18,4611500
ybeDp,0.625,11,7,TGATGAGTGGTTTAATCTGG,4,4659232
ybeDp,0.75,12,7,TGAGTAGCATTTCGGAATTC,5,4619220
ybeDp,2.125,23,7,TGAGCTACGACAACAATTGG,16,4619682
ybeDp,1.0,14,7,TGACTCCGGCCCTTAGCAAA,7,4604886
ybeDp,0.25,8,7,TGACAGTCAAGGTTGGAAGA,1,4632465
ybeDp,4.5,42,7,TGACAATTAGGTCTTATCTC,35,4673080
ybeDp,2.625,27,7,TGAAGGGGGTAACCACGCGA,20,4685916
ybeDp,22.25,184,7,TGAAACGCCAGTTACCTTTA,177,4643246
ybeDp,3.5,34,7,TCTTCTTTTGAAATGGTACA,27,4602736
ybeDp,0.25,8,7,TCTTCGTAACTGCAGGCGAT,1,4646837
ybeDp,0.375,9,7,TCTGTGTACGAATAACGGTT,2,4632865
ybeDp,1.875,21,7,TCTGGATTGCCCGCTAAAAT,14,4679817
ybeDp,0.25,8,7,TCTATAATACCAAGTTATAT,1,4616224
ybeDp,6.25,56,7,TCTAATTGGCGGGGACTTTA,49,4681257
ybeDp,0.875,13,7,TCGGAGTCCCCAGCACCAGC,6,4606802
ybeDp,1.75,20,7,TCGGACTTTACGTAGTGTAC,13,4638645
ybeDp,2.625,27,7,TCGCGTATAGTTCCCTTAGA,20,4671039
ybeDp,1.25,16,7,TCGCCTTATAGTGGCGCTCC,9,4669293
ybeDp,2.375,25,7,TCGATTACTCGCAGTGATGA,18,4638529
ybeDp,1.875,21,7,TCGAGGCCATAATGAGCGTA,14,4662308
ybeDp,5.875,53,7,TCCTATTCAGTGTAGGAGTT,46,4629027
ybeDp,1.75,20,7,TCCGTAAAGAACGGTTGTGT,13,4628456
ybeDp,1.375,17,7,TCCCGTGTAGTGAACGTTCA,10,4675523
ybeDp,0.875,13,7,TCCCGCAGTTCGCAGAAGAC,6,4602663
ybeDp,0.75,12,7,TCATTTGGGGAACCCACTTC,5,4650844
ybeDp,8.875,77,7,TCATTCGCGTATACAGTAGT,70,4652130
ybeDp,0.625,11,7,TCATATACCAGGATGGATTC,4,4601360
ybeDp,2.0,22,7,TCAGCTGAGCTACATACAGA,15,4625116
ybeDp,0.25,8,7,TCACTGTCTGTTCGGCATCA,1,4673513
ybeDp,6.125,55,7,TCACGGCAAATAATACTCCC,48,4671127
ybeDp,4.0,38,7,TCACCTCTGTGTGGTTCGCC,31,4670676
ybeDp,0.25,8,7,TCACAATCGTCAACGGAACC,1,4670783
ybeDp,1.75,20,7,TCAATCAGATTTTCCGCCGA,13,4679921
ybeDp,0.5,10,7,TCAACTACCGTAGGGGTAGA,3,4617659
ybeDp,1.125,15,7,TCAAATTGCGTACCTTTAGA,8,4649501
ybeDp,1.25,16,7,TATGTAGCGCCGAGAGCTTC,9,4605411
ybeDp,4.125,39,7,TATGGGACGTAGGTCTCGTG,32,4678756
ybeDp,2.375,25,7,TATGAAGATCGTCTGGTCAT,18,4640007
ybeDp,2.75,28,7,TATCTTGTCCTCTGCTCTTA,21,4684898
ybeDp,0.75,12,7,TATCTTAGCAGCGGACTCTG,5,4680475
ybeDp,1.875,21,7,TATCGCGAATGTTGCTCGGA,14,4647499
ybeDp,8.5,74,7,TATCGATAACTATGTGTTTT,67,4652562
ybeDp,0.625,11,7,TATCATACGATGAACAACAC,4,4665680
ybeDp,3.375,33,7,TATCACGCAAGATCTGGCAA,26,4660384
ybeDp,4.0,38,7,TATAGTTCAAAGATGATGTC,31,4606437
ybeDp,4.25,40,7,TATAGGGATTGCAACGCTAG,33,4651384
ybeDp,1.125,15,7,TAGGGGGCTTAGCCCAAGTT,8,4619584
ybeDp,18.25,152,7,TAGCTTCCTCACCGGGGAGT,145,4684911
ybeDp,10.625,91,7,TAGCTTACGCCTCGAGTAAT,84,4684169
ybeDp,2.0,22,7,TAGCCGTGTACTGGAGTAGA,15,4658631
ybeDp,44.25,360,7,TAGAGTCACCGCAAACGTTA,353,4688330
ybeDp,0.25,8,7,TAGACGCTTCGATCAAAGGA,1,4630873
ybeDp,2.125,23,7,TACTCATACCGAGGATATAT,16,4607211
ybeDp,1.375,17,7,TACGTGACTCCGTTCGAAGG,10,4684034
ybeDp,2.125,23,7,TACGGACATGTGTGTTAGAT,16,4616492
ybeDp,8.625,75,7,TACGACGGGCTGGCCCAAGG,68,4654673
ybeDp,2.5,26,7,TACCGATCATGTTACCCGTG,19,4644552
ybeDp,2.5,26,7,TACCACGACCAAATTTAACT,19,4609932
ybeDp,1.25,16,7,TACATTCAAGAACCCCCTAC,9,4613418
ybeDp,2.25,24,7,TACATGTTCTGGTTCCGGTG,17,4602495
ybeDp,2.375,25,7,TACACGTGGGGGCAACTGGT,18,4659395
ybeDp,1.875,21,7,TAATGTGCAGGGAATAGCGC,14,4686764
ybeDp,39.25,320,7,TAATGATCTCATAACATCGG,313,4655895
ybeDp,0.25,8,7,TAAGTGCGACAAATCCTTAC,1,4681706
ybeDp,1.125,15,7,TAAGGCATGAGGTGGCGATA,8,4632366
ybeDp,0.375,9,7,TAAGGAGACCGCCCTGTTTG,2,4676653
ybeDp,1.25,16,7,GTTTTGATCTCGTTGGACCA,9,4641532
ybeDp,0.25,8,7,GTTTAGACAGGATCGGGGGA,1,4685717
ybeDp,0.25,8,7,GTTGGCCAGGACGTACGCTC,1,4634836
ybeDp,3.75,36,7,GTTGCGCTAATCATTAGTTA,29,4651705
ybeDp,4.25,40,7,GTTCTCCAGATCACTGTCAG,33,4625309
ybeDp,0.25,8,7,GTTCTATTTTGCAGGGCCAA,1,4629233
ybeDp,1.875,21,7,GTTCTAAGCGTCCCGAGGCT,14,4616770
ybeDp,1.875,21,7,GTTCATGGATCAACTATAGA,14,4607400
ybeDp,2.125,23,7,GTTAGTCTGAGGACCGCTCT,16,4615761
ybeDp,4.875,45,7,GTTACGAAGAAGGAAAGGCG,38,4608153
ybeDp,3.625,35,7,GTTACCGATGATTATGAGAA,28,4623582
ybeDp,5.75,52,7,GTGTTTGTAAGAAGGTATCT,45,4618322
ybeDp,3.0,30,7,GTGTATCTCACGCTCTATTC,23,4622245
ybeDp,1.375,17,7,GTGCATCGCCACGTGCCTAC,10,4672543
ybeDp,2.0,22,7,GTGATTTGTGGATCACGGCC,15,4664825
ybeDp,3.25,32,7,GTGAGGGCTCAGACCGGTGG,25,4659260
ybeDp,2.125,23,7,GTCTTAGTGACATAAGTTGT,16,4651885
ybeDp,2.0,22,7,GTCTGTCTATTGCCGCGCGC,15,4657244
ybeDp,0.625,11,7,GTCTCTCACTTCACGTGTTT,4,4670389
ybeDp,0.5,10,7,GTCGAGACTTTTGCTAGTAA,3,4642888
ybeDp,19.375,161,7,GTCCTACCGCTAAAGCAGAT,154,4686997
ybeDp,1.625,19,7,GTCCGGGATCCACACCCGGG,12,4640209
ybeDp,0.25,8,7,GTCCCCCGACTCCACGCGTG,1,4631714
ybeDp,4.125,39,7,GTCATATCGCATAAAAAATC,32,4650396
ybeDp,1.125,15,7,GTATACCCTTGGACTCAATG,8,4673853
ybeDp,6.375,57,7,GTAGCGTGCAGATCAGCTTT,50,4684743
ybeDp,1.125,15,7,GTAGCCGGTACTCAAGCACA,8,4681240
ybeDp,5.25,48,7,GTAGACTTTCAAGGGTCAGA,41,4671963
ybeDp,2.5,26,7,GTACGTTCCTGTTCCTGAGA,19,4601068
ybeDp,6.375,57,7,GTACCTTCGCCATTATAAGA,50,4669623
ybeDp,2.5,26,7,GTACCACTATCTTCTACATA,19,4660232
ybeDp,19.375,161,7,GTACATACTAGGGTCGGCCG,154,4679924
ybeDp,1.75,20,7,GTACAATCAGGGGTCTTCTA,13,4635403
ybeDp,0.625,11,7,GTAATCCTTATAGTCTCAGA,4,4655964
ybeDp,1.875,21,7,GTAACTGAGCATTGGCAATA,14,4658584
ybeDp,1.875,21,7,GTAAAAGTGACCGCCGAAAA,14,4622107
ybeDp,0.25,8,7,GGTTAGATTTCTAAAGAGAG,1,4643999
ybeDp,1.125,15,7,GGTTAATTCACCGTCTGCCG,8,4631267
ybeDp,3.375,33,7,GGTCGGGTACAAAGGGCGGT,26,4630319
ybeDp,2.375,25,7,GGTCCGTTTAGTGCTCGCGG,18,4642796
ybeDp,1.125,15,7,GGTCCCGTACCGTAAAATCG,8,4648213
ybeDp,2.5,26,7,GGTCCATGCTGATCGAAAGA,19,4608401
ybeDp,3.0,30,7,GGTCCATCCCTTATCGGCGT,23,4624185
ybeDp,0.25,8,7,GGTCAGCGTGAATATAAGCT,1,4650929
ybeDp,2.625,27,7,GGTCAGCAGACGCACATGCT,20,4679596
ybeDp,2.75,28,7,GGTATCTCTCGGACCTCAGT,21,4609821
ybeDp,0.5,10,7,GGTAAGAATCGACTGTCACT,3,4617271
ybeDp,1.5,18,7,GGGTTGTGTAGGCGTCGGTT,11,4621311
ybeDp,0.75,12,7,GGGTGAGGACTTCAGGGCTT,5,4632251
ybeDp,2.5,26,7,GGGTGACAGTGCCTAGGGAT,19,4652944
ybeDp,1.375,17,7,GGGTCATATCCCCCGGTAGG,10,4686312
ybeDp,0.875,13,7,GGGTATTCCCTGGAAAGCGC,6,4682907
ybeDp,3.0,30,7,GGGGTAAGTTGAAGACTGAC,23,4638742
ybeDp,3.5,34,7,GGGGTAAAACACCAAGTGAT,27,4637574
ybeDp,2.0,22,7,GGGGCAATTCAGATCTTCAG,15,4615431
ybeDp,2.625,27,7,GGGGATAAGGATTCCATGGT,20,4677084
ybeDp,4.875,45,7,GGGCTGGCCATAACGTGGCT,38,4683756
ybeDp,13.0,110,7,GGGCTAAGCGGTTTAGAGCC,103,4618142
ybeDp,2.875,29,7,GGGCGCGCCGCGTGGATACA,22,4620616
ybeDp,9.875,85,7,GGCTTGCATGGGTCCGGGGA,78,4619348
ybeDp,2.875,29,7,GGCTTGATACATCGGTGCTA,22,4615682
ybeDp,0.25,8,7,GGCTGTTATGCTTATCGACA,1,4628066
ybeDp,1.375,17,7,GGCTAGTGGTACAAAGAGGT,10,4604467
ybeDp,7.25,64,7,GGCGTGTCTCGGCGACGTAT,57,4675514
ybeDp,1.125,15,7,GGCGGGGCATATTTTTCTGT,8,4646667
ybeDp,2.5,26,7,GGCGCCGCTCACCTTTCCTA,19,4615752
ybeDp,2.625,27,7,GGCCTCAGGGGATAGGACTG,20,4608441
ybeDp,0.875,13,7,GGCCGTTGACATTCTTTCGC,6,4654575
ybeDp,1.125,15,7,GGCCGATTGGAGTAATGTGA,8,4619415
ybeDp,8.875,77,7,GGCCCCGGGGGCGCGCGAGG,70,4670324
ybeDp,7.625,67,7,GGCATGACGACAAGAAAGCT,60,4658318
ybeDp,0.75,12,7,GGCATCGGAGTCGCATCCCT,5,4643033
ybeDp,1.0,14,7,GGCAGGCGCCTTCTCGGGTG,7,4607343
ybeDp,2.375,25,7,GGCACTTATCACTTGCCACT,18,4650925
ybeDp,4.0,38,7,GGCACACAGTATTTCACCTG,31,4626349
ybeDp,4.125,39,7,GGATTCACAGGAGCGTCAGG,32,4674245
ybeDp,7.0,62,7,GGAGGGTACAATGCTGTGCT,55,4609673
ybeDp,1.25,16,7,GGAGGACGATACTGCGAAAT,9,4663677
ybeDp,3.5,34,7,GGACCACTGCCGGTCAACCA,27,4643691
ybeDp,2.375,25,7,GGACATTCCGACTGCCTGCG,18,4646358
ybeDp,0.25,8,7,GGACACGCGGGGGGAACACT,1,4627492
ybeDp,2.25,24,7,GCTTGGACCGAGTTGCCCTT,17,4629179
ybeDp,0.625,11,7,GCTTCTCCCGTCTGTACGCC,4,4659966
ybeDp,3.5,34,7,GCTGCGCCGCTACTCTAGCA,27,4610906
ybeDp,1.875,21,7,GCTGAGTGTGCCGAAACTCG,14,4622849
ybeDp,0.25,8,7,GCTCTTATCTCCTCACATCG,1,4648645
ybeDp,3.625,35,7,GCTCTGGGTTGAACCGATTT,28,4677923
ybeDp,4.625,43,7,GCTCTGCGCGGCGGCACAAG,36,4649021
ybeDp,2.875,29,7,GCTCCCGACTCTGCGATCCA,22,4633607
ybeDp,3.75,36,7,GCTATCTTACCGAAAAGGTG,29,4650135
ybeDp,0.75,12,7,GCTAGACCAATATGTGTCAA,5,4667145
ybeDp,5.0,46,7,GCTAATCCTCGAGGCGGCCA,39,4654285
ybeDp,0.625,11,7,GCTAAACCCAGCGAATTTGC,4,4625342
ybeDp,17.875,149,7,GCTAAACCATGATTATTTAT,142,4656415
ybeDp,2.5,26,7,GCGTTGCTAGTTTATTTCAT,19,4625512
ybeDp,5.0,46,7,GCGTCCGTTAACGGTACGGT,39,4614586
ybeDp,4.5,42,7,GCGGGTCGTGGTCCGCTCAC,35,4618556
ybeDp,2.0,22,7,GCGGCTTCCCGACAACGTTT,15,4658263
ybeDp,2.5,26,7,GCGCGCTGGGCAGATTACAG,19,4624976
ybeDp,0.75,12,7,GCGCAAAATAGTTACGCGCA,5,4646304
ybeDp,4.5,42,7,GCGAGTCAAACCATCGACTA,35,4620839
ybeDp,2.25,24,7,GCGAGCTTACCAAAACGCGG,17,4622867
ybeDp,1.875,21,7,GCCGAGACCACGTTGGAGCT,14,4644770
ybeDp,0.25,8,7,GCCCCTCCACCTTTTATACT,1,4651765
ybeDp,0.5,10,7,GCCCCATAGATCTACTTACC,3,4669575
ybeDp,6.0,54,7,GCCCAGGCTCTTCGATGACA,47,4613202
ybeDp,14.125,119,7,GCCCACTAATTCTCTGTTAA,112,4627165
ybeDp,2.5,26,7,GCCATAGCATACACATCATA,19,4659844
ybeDp,0.625,11,7,GCATGCGGGGAGAGAGGACC,4,4612049
ybeDp,8.0,70,7,GCATCCCATCCTTGATGTTG,63,4631717
ybeDp,0.875,13,7,GCATCCATGTTCCATAAGGT,6,4649034
ybeDp,3.25,32,7,GCATAGGAGGATCTTTTCCG,25,4618355
ybeDp,3.25,32,7,GCAGCTCAACCAGGTTTTCG,25,4683375
ybeDp,11.875,101,7,GCAGATGTAGGCATTTGATA,94,4684752
ybeDp,0.375,9,7,GCAGACGGGGGATTATCCAT,2,4604026
ybeDp,2.625,27,7,GCACTGTCATGCCGAACCCG,20,4614769
ybeDp,0.375,9,7,GCAACTAGATGCTGGCCGCA,2,4638809
ybeDp,0.625,11,7,GATTTACTTCCAACGGCTCT,4,4631757
ybeDp,14.75,124,7,GATCTGGGGGACGCGCATTG,117,4630335
ybeDp,14.125,119,7,GATCTGGGGCGATTTCACCA,112,4671128
ybeDp,8.625,75,7,GATCGCGTCAGATGATCTAC,68,4653490
ybeDp,0.25,8,7,GATATTGGGCATCGGAGAGA,1,4675639
ybeDp,0.375,9,7,GATATTCAAGGGGCCGCACA,2,4682967
ybeDp,12.375,105,7,GATATTATGACATCCCCTAT,98,4641644
ybeDp,0.75,12,7,GATAGGCATGTAGACGCAAA,5,4675991
ybeDp,0.625,11,7,GATAGATAACTCGTATAAAT,4,4650607
ybeDp,0.625,11,7,GATACTGTAATTGCCTCTCT,4,4639527
ybeDp,0.375,9,7,GATACAGCGAGCATAGCACA,2,4680952
ybeDp,0.375,9,7,GAGTTGTAGCGAGCGTTTCA,2,4608860
ybeDp,1.75,20,7,GAGTCACCCCGCCCTTTCTC,13,4632958
ybeDp,1.0,14,7,GAGAATTGCCTGTCCTGAAT,7,4673671
ybeDp,2.25,24,7,GACTGTCCCCTAGGGCGTAT,17,4625623
ybeDp,8.625,75,7,GACTGGTTCCCATCCTTAGA,68,4670831
ybeDp,2.625,27,7,GACCCGGGATACGGAGAGAG,20,4664920
ybeDp,5.875,53,7,GACCATCGTATCACCTGATT,46,4602528
ybeDp,3.375,33,7,GACATGCAATGTGCACGTAA,26,4631865
ybeDp,2.5,26,7,GACAGTCCTTGAACAGGGAA,19,4679449
ybeDp,4.25,40,7,GACACGACGAGCATCATAAT,33,4661054
ybeDp,3.25,32,7,GACAATTTTGGCTGTGTCTT,25,4684013
ybeDp,2.375,25,7,GACAATAAGTGGTGTCACTG,18,4687749
ybeDp,0.25,8,7,GACAAAGAACCAGGACTTTC,1,4607538
ybeDp,6.25,56,7,GAATTCAGTTTCTCCCACCC,49,4672847
ybeDp,8.875,77,7,GAATGCAGCATAGGAGCGTA,70,4654365
ybeDp,0.25,8,7,GAATGCAGAGACTCGCCGGC,1,4638758
ybeDp,1.375,17,7,GAATAGACGTGTACCCGTGT,10,4664404
ybeDp,2.5,26,7,GAAGTAAACTCCGAAGGGGT,19,4686325
ybeDp,0.25,8,7,GAAGAAGACTTGTTTGATTT,1,4670062
ybeDp,0.25,8,7,GAACTGGGAATTTCGAGAGC,1,4661761
ybeDp,2.375,25,7,GAACAGCCACGGTGGTTAGT,18,4639802
ybeDp,4.875,45,7,GAAAGTCAACGCCACGTGGC,38,4672386
ybeDp,3.25,32,7,CTTTCCTCAGCATTTAAGGT,25,4634257
ybeDp,0.625,11,7,CTTTACGCGTTCGAAGGGTA,4,4603104
ybeDp,0.75,12,7,CTTCCGACTCTATCGATCTG,5,4613939
ybeDp,0.75,12,7,CTTATATGCGCGGGTCTAGT,5,4620524
ybeDp,0.625,11,7,CTTAGAGTCAGCTCGTACGT,4,4608704
ybeDp,1.75,20,7,CTTACCAACCTCCAGCTTTT,13,4676041
ybeDp,3.0,30,7,CTTAAACTCCCGGGAAGTAT,23,4674369
ybeDp,2.125,23,7,CTGTGTCTCAATTACCCTAG,16,4681641
ybeDp,3.875,37,7,CTGTGACATAGTTTATCTCC,30,4650673
ybeDp,0.25,8,7,CTGTAGATCGTTGTCGTACC,1,4609669
ybeDp,1.875,21,7,CTGGTTATCGGGGCTGCGGA,14,4655537
ybeDp,4.0,38,7,CTGCAACGGTCACCCCCGAG,31,4642795
ybeDp,1.875,21,7,CTGAGGACCCCCTCGATAGA,14,4674058
ybeDp,2.5,26,7,CTGAGCGGCGTCATAACTTG,19,4682083
ybeDp,1.625,19,7,CTGAACTGGCCGCATCATGC,12,4687488
ybeDp,3.25,32,7,CTCTCACCAGAACAGACCGG,25,4670251
ybeDp,1.0,14,7,CTCCATCTTTCAAGGGATGG,7,4636882
ybeDp,11.625,99,7,CTCCAGTTATCCCACGAGAA,92,4668907
ybeDp,3.75,36,7,CTCATAAACTGTGAACGAAC,29,4633076
ybeDp,6.75,60,7,CTCAGTTGCACCGGAACAAA,53,4687299
ybeDp,5.5,50,7,CTATTCACAGGAAGGATAAC,43,4635499
ybeDp,2.0,22,7,CTATGATATCAGTGTTGCTC,15,4604299
ybeDp,1.5,18,7,CTATCCCCTAGGGTACGTTG,11,4617512
ybeDp,2.375,25,7,CTAGCTGGCACGTATCTGTG,18,4653639
ybeDp,1.5,18,7,CTAAGTCAGCGTCCTTCTAA,11,4681015
ybeDp,25.75,212,7,CTAAGCGCCCTAAGACACAC,205,4686236
ybeDp,4.375,41,7,CTAAAGGAGGCGCCAGTGTA,34,4641349
ybeDp,1.5,18,7,CGTGTAGGCCCGGTCCAACA,11,4640368
ybeDp,2.0,22,7,CGTCTACCTGAGGAACCCAA,15,4637663
ybeDp,37.875,309,7,CGTCCTCTGACTGTCTAACA,302,4609403
ybeDp,1.0,14,7,CGTCAGTTTACACCGAGCAT,7,4642353
ybeDp,3.5,34,7,CGTATCTGTGGGTAATAGGA,27,4619915
ybeDp,1.75,20,7,CGTAGTAGTCTATCCCTGCA,13,4606656
ybeDp,2.625,27,7,CGTAGATCACTGCCATGAGA,20,4606529
ybeDp,1.375,17,7,CGGGGGACACGACATTCGCT,10,4608886
ybeDp,2.875,29,7,CGGCAAAAAATTCCGTGACT,22,4623616
ybeDp,5.875,53,7,CGGAGATTGATATCTCTAAC,46,4651383
ybeDp,4.5,42,7,CGGACCTGTGCTGAGAACTG,35,4678852
ybeDp,3.0,30,7,CGCGGAGCCCCATGGCCCTA,23,4677130
ybeDp,0.25,8,7,CGCGCGAGATTGAGGCGAAT,1,4682124
ybeDp,0.375,9,7,CGCATAGAGGTCCTGTCTTT,2,4670496
ybeDp,0.25,8,7,CGCAGTTAAGGGTACGCTAC,1,4617730
ybeDp,3.875,37,7,CGCACGCTTGTGATGGGGGT,30,4630332
ybeDp,2.375,25,7,CGCACGAAGGCGCTTGAAGT,18,4652343
ybeDp,1.875,21,7,CGCACCGAATCAATTAGTAG,14,4643460
ybeDp,0.25,8,7,CGCAAAAGAGTCTTGGGTTT,1,4669067
ybeDp,1.0,14,7,CGATTTTAGTTGATTCGCCT,7,4668919
ybeDp,0.25,8,7,CGAGGGGCGTTATGGTAGCG,1,4656104
ybeDp,18.25,152,7,CGAGGGCTCGCTGAACAAGC,145,4660746
ybeDp,1.875,21,7,CGAGCTCTGTTCTCATAACC,14,4606232
ybeDp,3.0,30,7,CGAGCGCGGAGTTTCAATCA,23,4627373
ybeDp,5.0,46,7,CGAGAGTTCGGAAGTTTGTG,39,4652556
ybeDp,3.75,36,7,CGACAGCTACAGGGCGAACG,29,4679848
ybeDp,1.25,16,7,CGACAGCACGCTTGGCTTTC,9,4678585
ybeDp,6.5,58,7,CGAATTCTAGTCAATGGTCA,51,4663567
ybeDp,2.375,25,7,CGAAGGGTTACCGGCGCAGT,18,4601634
ybeDp,1.75,20,7,CGAACAGCAACGTCACTAAG,13,4682590
ybeDp,3.0,30,7,CCTTTAGCGGCGCGGTAACG,23,4635825
ybeDp,1.875,21,7,CCTTGGGTGTCGCGCGCTGC,14,4656748
ybeDp,4.25,40,7,CCTGGGTCCGGTCACAACGA,33,4627316
ybeDp,1.625,19,7,CCTGCGCCATGAAATGTCAT,12,4636737
ybeDp,1.375,17,7,CCTGCATAGGCATGCCGCGT,10,4656585
ybeDp,3.125,31,7,CCTCGGTAGCCTCCCTGGAC,24,4614866
ybeDp,1.875,21,7,CCTCGCAGGAGGATAGCTTA,14,4620126
ybeDp,2.5,26,7,CCTCCCGTCATGGTAACTTC,19,4654516
ybeDp,1.125,15,7,CCGTTCAACAAGAGGGGTAA,8,4663191
ybeDp,3.125,31,7,CCGTCCGGAGGTAGCCCTCT,24,4636036
ybeDp,2.125,23,7,CCGTAACTCGCGACCACCTG,16,4615683
ybeDp,3.125,31,7,CCGGGTTTGTGCCATCTAGG,24,4642003
ybeDp,0.375,9,7,CCGGGACATCGGTTAAACAC,2,4611269
ybeDp,4.875,45,7,CCGCGTGGTGGGTCTGGATG,38,4643852
ybeDp,0.5,10,7,CCGCGGGGTTCACCCAACCT,3,4668240
ybeDp,4.0,38,7,CCGAGATCTCCAGGCAGATA,31,4609158
ybeDp,0.75,12,7,CCGACGAAGCCTCATCCCGA,5,4676758
ybeDp,1.875,21,7,CCCTTAAATCATTTCTTTAA,14,4667139
ybeDp,0.25,8,7,CCCTAGAGAGATGGCCCCCG,1,4659013
ybeDp,7.875,69,7,CCCGGTATGGCTACCACGGT,62,4651270
ybeDp,6.375,57,7,CCCGGGCCCCTCCGTTCGTT,50,4604481
ybeDp,5.375,49,7,CCCGCAAAGCCGAATCACTC,42,4679135
ybeDp,0.5,10,7,CCCGACTATATCAGATATAC,3,4646054
ybeDp,4.75,44,7,CCCGAAATACAATAGTCCCC,37,4680508
ybeDp,2.625,27,7,CCCCCGGCCGTGCTTTTGCA,20,4654244
ybeDp,0.25,8,7,CCCCCAAAGCACCTAATCGG,1,4601167
ybeDp,11.0,94,7,CCATTAGGTTAGGAAACGCA,87,4676092
ybeDp,3.0,30,7,CCATGCCGCGCGTACGTCAC,23,4640637
ybeDp,2.25,24,7,CCATATAAAATGCAAGCTTA,17,4675321
ybeDp,8.375,73,7,CCAGTTATTAGGTACGCTAA,66,4621425
ybeDp,2.25,24,7,CCAGGCCCCCGGAGGCACAA,17,4615741
ybeDp,3.375,33,7,CCAGACGTAACGGGAGCCTA,26,4630308
ybeDp,0.5,10,7,CCACTTCGTCAATGTCCGAT,3,4619498
ybeDp,1.75,20,7,CCACATGTAAAGTAACAGGA,13,4641535
ybeDp,1.25,16,7,CCAAGCTATCGGCATCGGTT,9,4660579
ybeDp,8.0,70,7,CCAAGATATTACGGTTCGTC,63,4606907
ybeDp,5.625,51,7,CATTAATCCTCTGGTCGTGG,44,4649447
ybeDp,0.375,9,7,CATGCCAAGGGACCACCCAA,2,4654521
ybeDp,0.25,8,7,CATGCACCTGTTGTGCCTGT,1,4682063
ybeDp,4.625,43,7,CATCCTGAGGCAAGGTGCGC,36,4646687
ybeDp,1.5,18,7,CATCATGAACCATCTAACGC,11,4650038
ybeDp,3.375,33,7,CATATACACGCTTTCTCGCA,26,4619138
ybeDp,1.375,17,7,CATAAGCCCAAACGACGCCA,10,4660336
ybeDp,0.25,8,7,CATAAGAAGAGTGACGAGTA,1,4656064
ybeDp,0.375,9,7,CAGTGGATCTACCGGCGAGT,2,4682241
ybeDp,9.375,81,7,CAGTGAAATCGACCGACCCT,74,4682375
ybeDp,3.875,37,7,CAGGGCTCATGTGGCTGCTC,30,4612987
ybeDp,3.75,36,7,CAGGATAAAAGCCGAATACC,29,4656933
ybeDp,2.875,29,7,CAGAATCTTCGGCAGTGGAA,22,4619184
ybeDp,1.375,17,7,CACTGGGGGCCTTAATTGCC,10,4624267
ybeDp,0.875,13,7,CACTCGTCTATCCTCCGTTG,6,4631528
ybeDp,2.5,26,7,CACTCCAACGACGGACCCGT,19,4629090
ybeDp,0.25,8,7,CACGCTTGAAGGCCAAGAAC,1,4611009
ybeDp,1.25,16,7,CACCTTACGGCGCCTATAAA,9,4655959
ybeDp,0.25,8,7,CACCCCTTAACAGCCCAAGA,1,4656546
ybeDp,9.625,83,7,CACACCCGCAAGCGTATTCT,76,4627744
ybeDp,3.5,34,7,CACAATCTCTTTTTCTTCAA,27,4601572
ybeDp,0.875,13,7,CAAGAACTTGTAGCTGTCAG,6,4664860
ybeDp,0.25,8,7,ATTTCAGTTTTAGATACCGT,1,4671419
ybeDp,6.5,58,7,ATTGGTAAATGGAACCCGAC,51,4679374
ybeDp,13.125,111,7,ATTGGATCCGGACGATTCAT,104,4657264
ybeDp,2.0,22,7,ATTCTTGGGACTCAACAATC,15,4668142
ybeDp,0.875,13,7,ATTCTACGACCAAGTTGAAC,6,4671949
ybeDp,4.0,38,7,ATTCCGATCGGCATTTCCAA,31,4654187
ybeDp,3.375,33,7,ATTCAATTAGGCGTTTATGG,26,4684659
ybeDp,4.25,40,7,ATTCAAGCGTGTAGTCGGAA,33,4662355
ybeDp,1.375,17,7,ATTACTAAGGACAACGCGCT,10,4637456
ybeDp,0.25,8,7,ATGTCTTAGAAACCAAATTT,1,4657421
ybeDp,4.125,39,7,ATGTCCTCGGGTCTGGTTAA,32,4623822
ybeDp,1.5,18,7,ATGCGGTCTAGTATGGCGTA,11,4601963
ybeDp,0.5,10,7,ATGCCTTATCCGCCTCCCCC,3,4604884
ybeDp,0.375,9,7,ATGCCCTAGGGCTTAACCGG,2,4623095
ybeDp,0.75,12,7,ATGCCCGTGCTCCACCACCT,5,4602747
ybeDp,6.25,56,7,ATGACCATCGGTAGGCTTGA,49,4619538
ybeDp,2.5,26,7,ATCGTAGCAATTCCCTCGGT,19,4670071
ybeDp,30.25,248,7,ATATTCATGCACCACTCGGA,241,4637860
ybeDp,6.625,59,7,ATATCGTGACCTCGATGGGA,52,4662340
ybeDp,0.25,8,7,ATATAGCATAAAAGGGGACA,1,4607643
ybeDp,3.25,32,7,ATATAACTACTTCTTTCCAC,25,4678042
ybeDp,2.25,24,7,ATAGACTAATCTTGGCGCGG,17,4641872
ybeDp,3.375,33,7,ATACTAGGGACCTACTCGCA,26,4608379
ybeDp,0.25,8,7,ATACCTTTTAACCACGGTTC,1,4622244
ybeDp,2.125,23,7,ATACCGTCTCTTCTACGACT,16,4626792
ybeDp,1.25,16,7,ATACAGTGACGCTCAAGGGC,9,4625934
ybeDp,2.625,27,7,ATAACAGGCACCGGGGTCAA,20,4615926
ybeDp,5.0,46,7,AGTTTTTGGGTTAGCGCGCA,39,4655152
ybeDp,0.375,9,7,AGTTGTCTGTATTCCCATGT,2,4616260
ybeDp,0.625,11,7,AGTTGATAGCTGCCTAAGCC,4,4679598
ybeDp,2.5,26,7,AGTTGAACCCTTGCCATGTT,19,4614587
ybeDp,3.75,36,7,AGTTCTAATAAGCGTTCCTA,29,4641591
ybeDp,2.375,25,7,AGTTATACGAGTAGGCTCAC,18,4618841
ybeDp,1.75,20,7,AGTTACTCCGGTTCTGAATG,13,4666858
ybeDp,2.0,22,7,AGTGGGCCCGTTTTACCTCT,15,4627635
ybeDp,37.0,302,7,AGTGCGGGGGGAGCTAGGTT,295,4608784
ybeDp,2.25,24,7,AGTGCGGGAGAATAACGTTC,17,4625411
ybeDp,2.625,27,7,AGTAGATGTGATAAGAAGAC,20,4673448
ybeDp,2.25,24,7,AGTACACCGTTTATGCGACG,17,4616238
ybeDp,2.25,24,7,AGTAAGTATGTCTCGCAAAG,17,4643213
ybeDp,0.375,9,7,AGTAACATCCCCTCTATTAC,2,4635396
ybeDp,14.375,121,7,AGGTCTTAACTCGTAACAGT,114,4641729
ybeDp,2.125,23,7,AGGGTTTTTACTTCAGACGG,16,4606748
ybeDp,2.625,27,7,AGGGTGTAATTCGGTATTCG,20,4638321
ybeDp,5.25,48,7,AGGGTCCAAGGCACAGCCCA,41,4604172
ybeDp,4.125,39,7,AGGGTACTCTAAAGGCGAGC,32,4662332
ybeDp,0.875,13,7,AGGGGCGCGCTGGAGCGTTA,6,4676357
ybeDp,3.125,31,7,AGGCTTTTGTGCAAAGTGGA,24,4648642
ybeDp,3.0,30,7,AGGCTGGGCTAATTGGTGTG,23,4605875
ybeDp,0.25,8,7,AGGAGTCTCTGGGTGGACAC,1,4659025
ybeDp,3.0,30,7,AGCTTCGTCACCCGTTATTC,23,4670603
ybeDp,1.125,15,7,AGCTGCCTCATATCATGGCA,8,4668526
ybeDp,7.625,67,7,AGCGCTGTGTGCCATACCTA,60,4612403
ybeDp,3.75,36,7,AGCCCTATCATGGGCGGAGA,29,4639473
ybeDp,0.75,12,7,AGCACTCAGCCAGGTGTACT,5,4636175
ybeDp,3.25,32,7,AGCAATAGGTCGGCCTCTAG,25,4680022
ybeDp,3.0,30,7,AGAGTAGGTCCACGTTTCAT,23,4665982
ybeDp,3.125,31,7,AGAGGATAGATGAGGCGCCT,24,4649693
ybeDp,1.75,20,7,AGACTTTGGGATTGGTACTC,13,4647162
ybeDp,0.625,11,7,AGACAATGGCCCCAACAAGA,4,4622109
ybeDp,8.125,71,7,AGAATATGTCTCTAGCGTTC,64,4660754
ybeDp,3.25,32,7,AGAAGCTCTTAACGAGTCAA,25,4648981
ybeDp,2.375,25,7,AGAAATCACCATGTTCAATA,18,4680298
ybeDp,1.5,18,7,ACTTAGATGGACCTGAGGTT,11,4684713
ybeDp,1.875,21,7,ACTTAAGCGGGTATGCGCGA,14,4679425
ybeDp,0.25,8,7,ACTGTTATTCGGAATATGTC,1,4655773
ybeDp,1.625,19,7,ACTGAAGTTCAGTGGCCATA,12,4678652
ybeDp,0.5,10,7,ACTAATATCCGCCGTGTCCA,3,4639627
ybeDp,5.375,49,7,ACGTAATAAGCAACTCCGAG,42,4638824
ybeDp,18.75,156,7,ACGGTTCTTCTATGGTGGCT,149,4682407
ybeDp,1.375,17,7,ACGGGACAGATCGTATTAAT,10,4609946
ybeDp,3.0,30,7,ACGGCGTCTATGGTAACGAT,23,4684383
ybeDp,0.25,8,7,ACGGCCAGTCAATAATCAGG,1,4621275
ybeDp,2.875,29,7,ACGGCATTATGCTAGCGGTG,22,4660461
ybeDp,1.625,19,7,ACGCTTATATATGCCGCCAA,12,4663802
ybeDp,1.75,20,7,ACGCTCAGTTCCGTTGGGGG,13,4657274
ybeDp,7.0,62,7,ACGATGTTACATTTCTTAGA,55,4624750
ybeDp,0.25,8,7,ACGATATGGATGGACACAGT,1,4663850
ybeDp,4.5,42,7,ACGAGCATAGTGATTATATT,35,4681225
ybeDp,1.875,21,7,ACGACGCCGAGAAATCCTAC,14,4659528
ybeDp,1.75,20,7,ACGAATGTCGCGCACATAAC,13,4663025
ybeDp,2.75,28,7,ACGAAGGTGACGGGAAATGA,21,4635329
ybeDp,0.25,8,7,ACCTGCCTACGTCAAAATCC,1,4640770
ybeDp,0.375,9,7,ACCTGAGTTGTCTCCTTTGA,2,4630306
ybeDp,0.75,12,7,ACCTCCCGTAGATAGTACGG,5,4636184
ybeDp,1.375,17,7,ACCGGTTATCATCTCAATGC,10,4632307
ybeDp,3.75,36,7,ACCACAGGGCTATAATCGAA,29,4665115
ybeDp,1.5,18,7,ACATTCGGAAACCCTGTGGA,11,4651059
ybeDp,1.375,17,7,ACATCCTGAAGGTGGCGTAT,10,4681060
ybeDp,2.875,29,7,ACATATTCCTTGTGCAACAT,22,4642720
ybeDp,0.875,13,7,ACAGTGCGAATGTCAGATAA,6,4663445
ybeDp,12.25,104,7,ACAGCCTAAGTTCGATGGTT,97,4602107
ybeDp,1.75,20,7,ACAGCCGGGTAAGTGGGACG,13,4613952
ybeDp,1.25,16,7,ACACCCATGGGCTACACCCA,9,4605565
ybeDp,0.25,8,7,ACAATCCCAGGCCCCGAAAT,1,4615990
ybeDp,0.75,12,7,AATTATTCTGCGTGACTATG,5,4656770
ybeDp,0.75,12,7,AATGTACCTTAGACCTGACG,5,4651100
ybeDp,1.75,20,7,AATGCGCGCATATGCCTAGG,13,4666200
ybeDp,1.875,21,7,AATAGTTATGGCCGCCTAGT,14,4665137
ybeDp,7.125,63,7,AAGTTTCTAGTCAGTGCTAC,56,4625142
ybeDp,1.625,19,7,AAGTCTCGCCGTTGAACAAG,12,4637874
ybeDp,4.125,39,7,AAGGTAGTTCGATCTACGGG,32,4681781
ybeDp,10.625,91,7,AAGGGCAGTACGCGTTCGCT,84,4684246
ybeDp,6.375,57,7,AAGCTTTCGGTCAGACATGA,50,4654967
ybeDp,1.375,17,7,AAGCTTATAGAAAGTCAGTT,10,4675303
ybeDp,0.25,8,7,AAGCTATCTCCCATCAATGA,1,4637887
ybeDp,1.875,21,7,AAGCCCTCAGGGATTTGCCC,14,4620835
ybeDp,1.125,15,7,AACTGTTTTACGGTAACTCG,8,4669625
ybeDp,0.5,10,7,AACAGGCAAGCCGTGCAGCG,3,4629815
ybeDp,5.875,53,7,AACACCTGTCGGGTATGACC,46,4666914
ybeDp,3.0,30,7,AAATGGAATTAGGCAATAGG,23,4645242
ybeDp,2.125,23,7,AAATGCATCCCCTGTCACGA,16,4601055
ybeDp,0.25,8,7,AAATCTTTCTCTTATCCTTA,1,4685262
ybeDp,2.25,24,7,AAATACAGTCTCGTTGTAAA,17,4642301
ybeDp,3.125,31,7,AAACTTCAGTAATCGCCTTG,24,4614506
ybeDp,0.25,8,7,AAACGTCCAGGGTGGAAGCT,1,4641611
ybeDp,3.25,32,7,AAACGATGTTTTATAAGTTA,25,4631621
ybeDp,4.625,43,7,AAACCTAGTATAGACTCGAC,36,4649744
ybeDp,1.75,20,7,AAAATTATTGAGACTTGTGA,13,4608852
ybeDp,2.25,24,7,AAAATGAGAGAATAAGTCCT,17,4652204
ybeDp,1.875,21,7,AAAAAAGGCTCGTTGGACGG,14,4664794
ybeDp,1.0,12,6,TTTTTCAGGACCTAAGAGTG,6,4650917
ybeDp,0.2857142857142857,7,6,TTTTGCCCCGAACACCTGTG,1,4668628
ybeDp,2.142857142857143,20,6,TTTTCGTACGTAAAGTCTTA,14,4634263
ybeDp,3.7142857142857144,31,6,TTTTCCTAGATAGAGGCAAC,25,4655462
ybeDp,1.7142857142857142,17,6,TTTTAACCAGGCTGTACACA,11,4660099
ybeDp,0.2857142857142857,7,6,TTTCTGGGATTTTAGCCCGT,1,4675060
ybeDp,40.42857142857143,288,6,TTTCTATCCGGGTGGACTAA,282,4688270
ybeDp,3.142857142857143,27,6,TTTCCAACCTGCGTGCTTAC,21,4610035
ybeDp,11.285714285714286,84,6,TTTCATTGGCAAGGAGGCGA,78,4639278
ybeDp,2.0,19,6,TTTACCGTTTCAACGCTTCT,13,4662626
ybeDp,1.7142857142857142,17,6,TTTAATGAGATTCCATGCTC,11,4626648
ybeDp,5.285714285714286,42,6,TTGTGGCGCTCCAACTTAAC,36,4657941
ybeDp,4.714285714285714,38,6,TTGTCGAACAATCTTGCCAG,32,4658674
ybeDp,0.42857142857142855,8,6,TTGGCTCCCGCACAGTTTTA,2,4657433
ybeDp,5.428571428571429,43,6,TTGGCTACCGGGCGGTTCGT,37,4629951
ybeDp,0.5714285714285714,9,6,TTGGCGGCTACCACAACTCC,3,4606958
ybeDp,0.5714285714285714,9,6,TTGAGGTCCGTAAGGCCTAA,3,4601870
ybeDp,8.571428571428571,65,6,TTCTTCTGCCCGGGTTTCTT,59,4675718
ybeDp,5.428571428571429,43,6,TTCTAATTTTCGACTTACCT,37,4683885
ybeDp,1.7142857142857142,17,6,TTCTAAGTTCTGACTGTACC,11,4619705
ybeDp,0.42857142857142855,8,6,TTCTAAGGTAGATTTAACTA,2,4677518
ybeDp,2.142857142857143,20,6,TTCGCGGATAAACGAATTGT,14,4655968
ybeDp,7.714285714285714,59,6,TTCCCCATAACTGATTGGCA,53,4608106
ybeDp,5.142857142857143,41,6,TTCATCACTCTACTATGGGT,35,4685542
ybeDp,2.5714285714285716,23,6,TTCAATGAATCCATACTCAG,17,4659804
ybeDp,0.2857142857142857,7,6,TTATTCTTACTGGGACGACG,1,4647222
ybeDp,2.5714285714285716,23,6,TTATGGCTCTCTATGCTTGC,17,4640091
ybeDp,0.5714285714285714,9,6,TTAGTTAGGTATCTTTAGCT,3,4637695
ybeDp,1.8571428571428572,18,6,TTAGTGCAGGCATCAGGGAA,12,4667947
ybeDp,1.7142857142857142,17,6,TTAGTCATGGCATGTCCGCG,11,4665111
ybeDp,1.7142857142857142,17,6,TTAGGCTTACCGCATGAAAT,11,4665044
ybeDp,3.142857142857143,27,6,TTAGGCTGTTAAGGGGGTGC,21,4681991
ybeDp,2.0,19,6,TTAGCAGTCAGCGGTCCCAC,13,4606029
ybeDp,26.142857142857142,188,6,TTACGTCCTAGGATTTAGCA,182,4612411
ybeDp,7.714285714285714,59,6,TTACGAGTTTGTATCGGTAA,53,4655514
ybeDp,1.7142857142857142,17,6,TTAATGCGTCGATGTTTGCT,11,4686674
ybeDp,2.0,19,6,TGTTTTATTGGACAGACCGC,13,4620657
ybeDp,6.285714285714286,49,6,TGTTCTGGTGTACATGGATA,43,4633211
ybeDp,9.285714285714286,70,6,TGTTCGGGTCAGATACAACC,64,4675713
ybeDp,2.7142857142857144,24,6,TGTGCTTCGAGCCATTCTCC,18,4669555
ybeDp,2.5714285714285716,23,6,TGTGCATTGGTCACATCTCG,17,4631534
ybeDp,0.42857142857142855,8,6,TGTCGGCCGAGTGCACACAC,2,4641770
ybeDp,7.571428571428571,58,6,TGTCGCCAGCTTCGTTACAC,52,4659410
ybeDp,2.2857142857142856,21,6,TGTCCTGCCTCGCCGCCAAC,15,4620226
ybeDp,2.0,19,6,TGTCCCATTACCGGTCGAGG,13,4686832
ybeDp,1.2857142857142858,14,6,TGTAATAAGACTTTAGACAG,8,4604815
ybeDp,0.8571428571428571,11,6,TGGGTTCCGGTCATTGTTCA,5,4688018
ybeDp,0.42857142857142855,8,6,TGGGTAACGTCCGAATTACG,2,4641962
ybeDp,4.142857142857143,34,6,TGGGGCCTTACATTAACGAT,28,4606211
ybeDp,0.5714285714285714,9,6,TGGGACCAGGTCACCTCGTA,3,4616335
ybeDp,0.2857142857142857,7,6,TGGCTTCATTGTCCCTAGCA,1,4636095
ybeDp,2.4285714285714284,22,6,TGGCTCGAACGGAACCCCCA,16,4670028
ybeDp,0.2857142857142857,7,6,TGGCCCGCTTAGATGTTCTG,1,4635079
ybeDp,0.7142857142857143,10,6,TGGCAAGAGGGACTCCCTGG,4,4608613
ybeDp,2.142857142857143,20,6,TGGATAACGACGGTCGCATA,14,4652498
ybeDp,12.857142857142858,95,6,TGGAGCGATGCTATAGCTTC,89,4687992
ybeDp,1.1428571428571428,13,6,TGGAGCAACAGGGGTGAGCA,7,4644074
ybeDp,11.857142857142858,88,6,TGCGAGGAAATCCTAAGGAC,82,4651700
ybeDp,0.2857142857142857,7,6,TGCCTTGTACTGAACTGGGT,1,4653818
ybeDp,1.4285714285714286,15,6,TGCCCTAAGACACTCACATA,9,4647135
ybeDp,4.428571428571429,36,6,TGCCCAAATGTCCGAAATCC,30,4627853
ybeDp,2.5714285714285716,23,6,TGATCCCGTGACGCTTAGTG,17,4638942
ybeDp,0.8571428571428571,11,6,TGAGTGAGGAGCCATAGTGC,5,4608466
ybeDp,2.0,19,6,TGAGCTGCAACTGATTCGAG,13,4618434
ybeDp,4.0,33,6,TGACTTGGGACCATCTCTGA,27,4670787
ybeDp,0.5714285714285714,9,6,TGACTGTCCCGGTATCCCAG,3,4650525
ybeDp,0.8571428571428571,11,6,TGACGATTATAAGATCGTTT,5,4649730
ybeDp,0.2857142857142857,7,6,TGACGAGCGGTGCGTTCGCG,1,4609494
ybeDp,1.1428571428571428,13,6,TCTTGAGGCGTCCCTTTTCG,7,4677004
ybeDp,3.142857142857143,27,6,TCTGGTGTTACTTATGGCCT,21,4643577
ybeDp,2.7142857142857144,24,6,TCTCGTCCCTTTCCTCCGTA,18,4650808
ybeDp,3.7142857142857144,31,6,TCGTTAGGGCCACTGACAGC,25,4657970
ybeDp,2.0,19,6,TCGTAGCACGTACTCCCGCC,13,4635789
ybeDp,2.7142857142857144,24,6,TCGGGGGGGGTAAATAAACC,18,4677558
ybeDp,9.285714285714286,70,6,TCGCCTTTCCGCACTTCTCG,64,4627623
ybeDp,4.285714285714286,35,6,TCGCCACACTAGGATTATCT,29,4672373
ybeDp,0.2857142857142857,7,6,TCGCATGTGCACTACACTTG,1,4644041
ybeDp,1.8571428571428572,18,6,TCGCATATGCACCTGTTTAA,12,4653316
ybeDp,3.0,26,6,TCGCACCGCGCTCAAACTTC,20,4604314
ybeDp,3.4285714285714284,29,6,TCGATATTGCTTGAGGTTAG,23,4607721
ybeDp,3.7142857142857144,31,6,TCGAATCTAGGTAGGTGCAA,25,4641314
ybeDp,1.1428571428571428,13,6,TCCTTATCAATACTATTGAC,7,4659958
ybeDp,1.1428571428571428,13,6,TCCTCTGTTAGAGGGGGCAA,7,4650433
ybeDp,1.4285714285714286,15,6,TCCTCTAGGGGATAATCGAC,9,4678547
ybeDp,3.0,26,6,TCCGCGCGTCCACACCTCCA,20,4651465
ybeDp,2.142857142857143,20,6,TCCGAGGGTTTCGTATCAAC,14,4657226
ybeDp,10.0,75,6,TCCGACTTGTGGCAGGCCGT,69,4650249
ybeDp,1.4285714285714286,15,6,TCCCATTGCGTCACGAGATC,9,4620358
ybeDp,2.142857142857143,20,6,TCCACGCCTATCTCAGCTCT,14,4617277
ybeDp,4.0,33,6,TCATTAGCTAATGAGTAAGA,27,4670580
ybeDp,1.4285714285714286,15,6,TCATTACAGGTTCCTAGGTC,9,4601178
ybeDp,1.1428571428571428,13,6,TCATGGTGTGATGGCATGGC,7,4631805
ybeDp,3.4285714285714284,29,6,TCATGACGGGTAATTAGTGT,23,4638746
ybeDp,0.7142857142857143,10,6,TCATCTAACCTCTGACCAAG,4,4676015
ybeDp,0.2857142857142857,7,6,TCATCAGTTCTTTATGGTTA,1,4658183
ybeDp,3.7142857142857144,31,6,TCATACGTCGCCCTGGCTAG,25,4639672
ybeDp,0.2857142857142857,7,6,TCAGTGTTAGGGTCTTTTTA,1,4622233
ybeDp,7.428571428571429,57,6,TCACTTATGCTGTTGCGTCA,51,4625174
ybeDp,3.5714285714285716,30,6,TCAATGGGAGGTGTCGAACA,24,4684119
ybeDp,2.857142857142857,25,6,TCAATCAGGTTATCCCGCCT,19,4684120
ybeDp,2.142857142857143,20,6,TATTTGTTTTCTCATAAATC,14,4671431
ybeDp,2.4285714285714284,22,6,TATTGCAGTTGCTATACAAG,16,4662574
ybeDp,0.2857142857142857,7,6,TATTCTTTCGAGAAAAAGCT,1,4649269
ybeDp,5.285714285714286,42,6,TATTCCGGGCTATGCATTAA,36,4684575
ybeDp,4.142857142857143,34,6,TATGGGGCGATTCCTAATAG,28,4663769
ybeDp,1.8571428571428572,18,6,TATGACATACTCTTTTGGTG,12,4678202
ybeDp,0.2857142857142857,7,6,TATCGTCGGGATGGACGGTG,1,4607957
ybeDp,2.0,19,6,TATCGGTGATTTAACACTTC,13,4675434
ybeDp,2.142857142857143,20,6,TATATTTAATGTAGAGAGAT,14,4621819
ybeDp,1.2857142857142858,14,6,TATATCATAGGTGAACTTTC,8,4654226
ybeDp,2.142857142857143,20,6,TAGGGATCTGTCTCGTCCAT,14,4609630
ybeDp,4.857142857142857,39,6,TAGGCCACTCGTGTCTTGAT,33,4675662
ybeDp,0.2857142857142857,7,6,TAGGAGATCCGGCTACGAAG,1,4625716
ybeDp,2.5714285714285716,23,6,TAGCCGGCTCCTGAGGTACT,17,4686536
ybeDp,1.0,12,6,TAGCATGCCATGAATCGTTA,6,4615617
ybeDp,0.2857142857142857,7,6,TAGACCTGCGTGGAGAGTGA,1,4640773
ybeDp,4.0,33,6,TAGAACTGTGAGTCAACTCA,27,4626167
ybeDp,1.5714285714285714,16,6,TACGATTCGCCGGGGCAAGA,10,4682869
ybeDp,0.2857142857142857,7,6,TACGATCATAGCTAGTGCCA,1,4670937
ybeDp,0.5714285714285714,9,6,TACACGGAGTCAAACCATAC,3,4670035
ybeDp,0.7142857142857143,10,6,TAATTCATGGCCGCGAACAC,4,4653434
ybeDp,2.7142857142857144,24,6,TAATGGACGAACAAGATATG,18,4655483
ybeDp,1.4285714285714286,15,6,TAATGATCGATAGCCTTTCA,9,4657899
ybeDp,6.857142857142857,53,6,TAATGAACGATACGCTCACC,47,4658004
ybeDp,0.42857142857142855,8,6,TAATCCCGACAAGGTGGCTA,2,4619555
ybeDp,1.4285714285714286,15,6,TAAGTTCTAATTAGGTGGAC,9,4611150
ybeDp,0.42857142857142855,8,6,TAAGAGCGTTACCTCTGTCC,2,4672195
ybeDp,4.0,33,6,TAAGACTCGGACTTAGAATA,27,4658903
ybeDp,0.2857142857142857,7,6,TAACTGCCTGGTCGCAGATA,1,4676831
ybeDp,2.4285714285714284,22,6,TAACTACTTGACAAAGTCAA,16,4667331
ybeDp,4.142857142857143,34,6,TAACTACTCCGATTTGAAGA,28,4605355
ybeDp,2.857142857142857,25,6,TAACGCGTGCCGTCATTCGA,19,4670014
ybeDp,2.2857142857142856,21,6,TAACAATGCATCAAAGAGAG,15,4609244
ybeDp,5.714285714285714,45,6,TAAAGAAGCCATAAAAGCCT,39,4662311
ybeDp,0.2857142857142857,7,6,GTTTACTATGGTGACGCCAC,1,4629816
ybeDp,1.5714285714285714,16,6,GTTGTAGCGAAGCTAGTGCT,10,4673541
ybeDp,5.0,40,6,GTTCGGCGTGATAGAATAAA,34,4649775
ybeDp,2.7142857142857144,24,6,GTTATGTAGACACGTAATGG,18,4664618
ybeDp,2.142857142857143,20,6,GTTAGCGTGTCTAGTCCACA,14,4620014
ybeDp,6.714285714285714,52,6,GTTAACGTGCACTTGCTTGG,46,4678220
ybeDp,4.0,33,6,GTGTTTGTTTACGCCGGCCA,27,4617766
ybeDp,7.571428571428571,58,6,GTGTGTTCGATATTACCCGA,52,4645223
ybeDp,0.8571428571428571,11,6,GTGTATACTCGCCGTGGGTC,5,4638122
ybeDp,1.1428571428571428,13,6,GTGGTCCTTGCTCCAAGTAT,7,4647543
ybeDp,1.7142857142857142,17,6,GTGGGCGAGCGGGACCCGCA,11,4680431
ybeDp,0.7142857142857143,10,6,GTGGATTGGTAGGACGCTGA,4,4624014
ybeDp,2.0,19,6,GTGCAGATGGAGGATCTGGT,13,4647762
ybeDp,0.42857142857142855,8,6,GTGCACAAGAGGGATATTAC,2,4674617
ybeDp,2.4285714285714284,22,6,GTGACCCGCTGGTCAACCAG,16,4659659
ybeDp,1.4285714285714286,15,6,GTCTTGGTCGCTAGCACGAT,9,4643742
ybeDp,4.285714285714286,35,6,GTCTGGATCCTAGGGGACTG,29,4618877
ybeDp,1.1428571428571428,13,6,GTCTCACACGCCCGGGTTTT,7,4646888
ybeDp,2.142857142857143,20,6,GTCGGGGTCTTTGGTGTAGG,14,4648648
ybeDp,8.428571428571429,64,6,GTCGGCAAGCCGGTGTATCA,58,4603348
ybeDp,2.5714285714285716,23,6,GTCGATCGCAATATCGGCAG,17,4639481
ybeDp,0.8571428571428571,11,6,GTCAGATGCAGAAATCATCG,5,4657889
ybeDp,6.571428571428571,51,6,GTCACACGAAGTAAGTACGT,45,4636475
ybeDp,1.8571428571428572,18,6,GTCAAGGTTGTCTGCGGCTT,12,4653984
ybeDp,3.142857142857143,27,6,GTCAAGCATCCATGCGGGTT,21,4658060
ybeDp,2.142857142857143,20,6,GTATGACATGTGCTCAAGCT,14,4687554
ybeDp,2.7142857142857144,24,6,GTATACACAAACGTGCTGTA,18,4626498
ybeDp,4.142857142857143,34,6,GTAGGTCTAGAAGTCTCCGA,28,4632621
ybeDp,2.2857142857142856,21,6,GTACCTAGGTTGGTATGACA,15,4616734
ybeDp,5.857142857142857,46,6,GTAATGCGTAGGCTGGGCAG,40,4660599
ybeDp,0.8571428571428571,11,6,GTAAGGAGCTGCTGTAGGGT,5,4638325
ybeDp,1.8571428571428572,18,6,GTAAGCCCAGTGAGCGAAGA,12,4675668
ybeDp,2.4285714285714284,22,6,GGTTTGCAGTAAAGCGAGAG,16,4609151
ybeDp,2.4285714285714284,22,6,GGTTCGATACGGGCGGGCCT,16,4680880
ybeDp,3.0,26,6,GGTTATGACGCCGGGTGCGT,20,4675061
ybeDp,3.0,26,6,GGTTAGGAAGCCTGCGAGAT,20,4640299
ybeDp,0.2857142857142857,7,6,GGTGGTCCTGGATAGCTGCC,1,4611166
ybeDp,26.714285714285715,192,6,GGTGATAGCCTGGTTGGTTA,186,4671955
ybeDp,8.428571428571429,64,6,GGTGAGGGTCGGGATGCCCT,58,4615507
ybeDp,6.285714285714286,49,6,GGTAGGAACCGTACTCACTC,43,4634005
ybeDp,3.857142857142857,32,6,GGGTTTTTCCACGCCACGCA,26,4644625
ybeDp,6.142857142857143,48,6,GGGTTATGTGCCGGCCATAA,42,4631538
ybeDp,1.1428571428571428,13,6,GGGTGCCTGGACCTCCCCGG,7,4639629
ybeDp,1.2857142857142858,14,6,GGGTAGTCCGTGTAACTCAA,8,4654800
ybeDp,0.2857142857142857,7,6,GGGGTTCGGGCGGAGTTTAT,1,4662085
ybeDp,1.4285714285714286,15,6,GGGGTCTGCCCATTGGGACC,9,4635017
ybeDp,3.7142857142857144,31,6,GGGGGGTTCACGACAGGAAT,25,4609739
ybeDp,0.5714285714285714,9,6,GGGGCGGCCGCCCTGTCTAC,3,4654514
ybeDp,0.2857142857142857,7,6,GGGGCAGGGAGTCTGAATGG,1,4672314
ybeDp,8.0,61,6,GGGCTTTTTTCGAATGATCA,55,4673616
ybeDp,3.7142857142857144,31,6,GGGCGATAGGCCTCAATAGT,25,4662810
ybeDp,0.2857142857142857,7,6,GGGATGTAACCATGGGGTCT,1,4634601
ybeDp,3.2857142857142856,28,6,GGGATCCGACCGGTACGCGA,22,4603564
ybeDp,2.142857142857143,20,6,GGGAGGACATGGGTCGGTTC,14,4616871
ybeDp,19.714285714285715,143,6,GGGACTTATCGCCCAACTTA,137,4673492
ybeDp,5.714285714285714,45,6,GGCCTCTGTGAGTCCTGATC,39,4602537
ybeDp,15.428571428571429,113,6,GGCCGGTAGCCGGTAGGCAA,107,4658028
ybeDp,3.142857142857143,27,6,GGCATCTACTTGTACACATT,21,4619716
ybeDp,1.5714285714285714,16,6,GGCATAGTACACTGGTGTGA,10,4639086
ybeDp,4.0,33,6,GGCAGTCCCTACTGCAGATA,27,4622624
ybeDp,7.571428571428571,58,6,GGAGAGGGCCAAAAGAACCT,52,4681267
ybeDp,4.428571428571429,36,6,GGACTTATAGCTCGAGTCTA,30,4645172
ybeDp,3.857142857142857,32,6,GGACTCACAGGGCCTGGCAG,26,4623979
ybeDp,3.5714285714285716,30,6,GGACGCGGGTGGTGTGGTGC,24,4607736
ybeDp,1.7142857142857142,17,6,GGAACGTAGCGTCAGAAACC,11,4644936
ybeDp,1.4285714285714286,15,6,GGAACCGTCAGCGGACCGTA,9,4667494
ybeDp,2.7142857142857144,24,6,GGAAAGTTGGTGGAGGGCTC,18,4637652
ybeDp,8.428571428571429,64,6,GCTTGCCGCTCTCTGGTATC,58,4675422
ybeDp,0.2857142857142857,7,6,GCTGTCTACTCAACATCCCC,1,4658735
ybeDp,0.2857142857142857,7,6,GCTGTAAGTTGTGCCTTGGG,1,4651774
ybeDp,9.714285714285714,73,6,GCTGGGGAGCTATATATCGT,67,4614673
ybeDp,7.142857142857143,55,6,GCTCTCTCTTCGCGACATAC,49,4660797
ybeDp,25.857142857142858,186,6,GCTCGGAGTGGAATGAAATG,180,4640286
ybeDp,4.142857142857143,34,6,GCTCCTTGGTCTAGGGTGCG,28,4664328
ybeDp,3.857142857142857,32,6,GCTACTTTTAAGGATATTCG,26,4683988
ybeDp,0.8571428571428571,11,6,GCGCCTCGAAAACGTTATGC,5,4660597
ybeDp,0.2857142857142857,7,6,GCGCATGGTTCCCAACCCGT,1,4679036
ybeDp,3.7142857142857144,31,6,GCGCATACACGAGCATCACT,25,4609524
ybeDp,0.2857142857142857,7,6,GCGCACCCGTCCCATTCCGT,1,4629447
ybeDp,2.5714285714285716,23,6,GCGAGGGGTTCTATTTAGCG,17,4631785
ybeDp,2.7142857142857144,24,6,GCGACTGGCAAAATAGACAT,18,4643330
ybeDp,3.142857142857143,27,6,GCCTTATTGCGCGGGGCTTC,21,4651329
ybeDp,0.8571428571428571,11,6,GCCTGGGCTCATATCTCAAG,5,4629344
ybeDp,0.2857142857142857,7,6,GCCTCTAGGGGGTCGCGGAA,1,4654657
ybeDp,10.285714285714286,77,6,GCCGGACTACAGGATGCCGC,71,4627723
ybeDp,2.4285714285714284,22,6,GCCGCTCAAAAATTCCATTA,16,4672634
ybeDp,6.0,47,6,GCCCCGGGTTAGCACAGTTG,41,4603933
ybeDp,0.2857142857142857,7,6,GCCCAAGCTCCAGGCGACTC,1,4660707
ybeDp,0.7142857142857143,10,6,GCATCTTTTCTGGCCCGGTG,4,4630428
ybeDp,5.857142857142857,46,6,GCATCAAACAGACGCATCCT,40,4662223
ybeDp,15.0,110,6,GCATACAGCGCGGGGCATGA,104,4616941
ybeDp,2.142857142857143,20,6,GCATACACGTACGCTGCTCT,14,4634097
ybeDp,3.5714285714285716,30,6,GCATAAGTGATAGTTGTTAC,24,4612443
ybeDp,2.7142857142857144,24,6,GCAGTGTCTACGCAGTTAAT,18,4601722
ybeDp,15.428571428571429,113,6,GCACCAAAAAGAACCCAGGT,107,4683378
ybeDp,0.8571428571428571,11,6,GCAAGAGGATTTGTTTTAGG,5,4624459
ybeDp,5.428571428571429,43,6,GATTTCAGGTTAAGCTGGGA,37,4642445
ybeDp,2.142857142857143,20,6,GATTGTGTCCATTTGCTAGG,14,4611645
ybeDp,3.0,26,6,GATTCCTCGGGACCCGTGAA,20,4673756
ybeDp,1.2857142857142858,14,6,GATTATCAAGAATGAGACGG,8,4617589
ybeDp,8.142857142857142,62,6,GATGGTTGGGCCTTCGCAGG,56,4686375
ybeDp,5.571428571428571,44,6,GATGGGAGAACTATTCAGGT,38,4611467
ybeDp,18.857142857142858,137,6,GATGGACACCCGATACCCCT,131,4643639
ybeDp,5.714285714285714,45,6,GATCTTTTTGGATCGCACTA,39,4619798
ybeDp,8.571428571428571,65,6,GATCGTTGAAGGGAGGCGAT,59,4687886
ybeDp,2.142857142857143,20,6,GATCGTGCGCACGGATCCAG,14,4653050
ybeDp,1.7142857142857142,17,6,GATCCTATCCCTATGCGCGA,11,4607347
ybeDp,0.2857142857142857,7,6,GATATGTGCTACCACCTGGA,1,4620743
ybeDp,2.0,19,6,GATAGGTGAGCGTGGCCCCC,13,4676603
ybeDp,53.285714285714285,378,6,GATAACTCGGTCAGCTGACA,372,4613141
ybeDp,2.2857142857142856,21,6,GATAACACTTTGCCACCTTG,15,4633606
ybeDp,0.2857142857142857,7,6,GAGTTGGACCATTGGTCTTT,1,4673726
ybeDp,4.857142857142857,39,6,GAGTGTGCCTGTCGGGCTCA,33,4674955
ybeDp,1.8571428571428572,18,6,GAGTAACAGCGTAAGTTGCC,12,4684079
ybeDp,26.285714285714285,189,6,GAGGGGTACTATCTTCTCGG,183,4682414
ybeDp,3.142857142857143,27,6,GAGGGGCTAGAGGTAAGGGA,21,4645565
ybeDp,3.0,26,6,GAGCCTGGGGGGACTGTGCA,20,4664443
ybeDp,0.2857142857142857,7,6,GAGCACTGATGCAGCCTTGG,1,4627250
ybeDp,2.7142857142857144,24,6,GAGAGGATATCCGCTGCAAG,18,4649360
ybeDp,1.5714285714285714,16,6,GAGAGGACGGATCTCTTTTT,10,4663532
ybeDp,3.5714285714285716,30,6,GAGACAGGTGTTGAACGACG,24,4673207
ybeDp,4.0,33,6,GACGTGGGCAAACTTATGCT,27,4601837
ybeDp,3.7142857142857144,31,6,GACGTAAACCGGCTGCGTGG,25,4667699
ybeDp,1.0,12,6,GACGGGTATGTATATTGATA,6,4617985
ybeDp,3.4285714285714284,29,6,GACCAGGTGACCTGGTCGCC,23,4630813
ybeDp,1.8571428571428572,18,6,GACATACAGCCAAGGCAACC,12,4622986
ybeDp,12.571428571428571,93,6,GACAGTCGCGTTAGCTACGT,87,4643618
ybeDp,3.4285714285714284,29,6,GACAGATCGTTAGACTTCAG,23,4664574
ybeDp,0.2857142857142857,7,6,GACACCTGCGGTATACACAT,1,4615952
ybeDp,5.571428571428571,44,6,GACACAAGCTTCAGTGGCAA,38,4658652
ybeDp,2.5714285714285716,23,6,GAATGGAGTCATAAGGCCCA,17,4608531
ybeDp,3.857142857142857,32,6,GAAGGCGTAAACGACGACGC,26,4663979
ybeDp,1.0,12,6,GAAGCGGCGCACAGTGGGTT,6,4617196
ybeDp,2.4285714285714284,22,6,GAAGACGTAGGTGGTATCAG,16,4647899
ybeDp,1.2857142857142858,14,6,GAACTCGACTCTGCTTTCAA,8,4685448
ybeDp,2.142857142857143,20,6,GAACGCGGTTCTGACTCAGA,14,4636115
ybeDp,5.571428571428571,44,6,GAACAGGAGGAGCAGGACCA,38,4685127
ybeDp,3.0,26,6,GAAATGCGGCGTCCTAATGC,20,4607830
ybeDp,0.42857142857142855,8,6,GAAATGCCTCGCGTTACAGG,2,4616436
ybeDp,0.8571428571428571,11,6,GAAAGCTGCGCGCCCTTCAG,5,4675391
ybeDp,4.857142857142857,39,6,GAAACAGTGTGCCCGAATCA,33,4678498
ybeDp,2.7142857142857144,24,6,CTTTTTTCGTACAAAACCAA,18,4679740
ybeDp,8.857142857142858,67,6,CTTTACCCAGTAGTCGTTCA,61,4614968
ybeDp,8.714285714285714,66,6,CTTGCAAGTAACCGATAAAT,60,4659435
ybeDp,0.8571428571428571,11,6,CTTGAAATCGTCCTGCGGCT,5,4634506
ybeDp,4.571428571428571,37,6,CTTAGTGCATACTTTCTTAC,31,4636197
ybeDp,1.2857142857142858,14,6,CTGTGTGCTTATCTATTGTC,8,4670632
ybeDp,4.285714285714286,35,6,CTGTCTGCTGCATCTCTTAG,29,4687941
ybeDp,12.0,89,6,CTGTAAGGGGTGAGTGCAGC,83,4610518
ybeDp,2.0,19,6,CTGGGGCCGCCATGGCACTC,13,4606160
ybeDp,1.2857142857142858,14,6,CTGGAGAATAACCGCAAAAG,8,4611257
ybeDp,3.857142857142857,32,6,CTGCTTTCTCCCCGAAGTGT,26,4657356
ybeDp,1.7142857142857142,17,6,CTGCTATTGCCTCCGGTATT,11,4631008
ybeDp,0.7142857142857143,10,6,CTGCACAGTTACGGGTAATA,4,4680547
ybeDp,1.2857142857142858,14,6,CTGATACCCATCGAATAGCT,8,4641960
ybeDp,4.428571428571429,36,6,CTGAGTCTTCGCCTTTGCGG,30,4659549
ybeDp,3.142857142857143,27,6,CTGACACACCGGAAGAACGG,21,4627087
ybeDp,4.0,33,6,CTCGTGCATAACACGCTTGT,27,4611900
ybeDp,3.2857142857142856,28,6,CTCGTCCGACAGGTAATTGG,22,4665126
ybeDp,0.42857142857142855,8,6,CTCGGAGGTAGACGTAGCGC,2,4620843
ybeDp,3.857142857142857,32,6,CTCCCGGGCGTGGACGTCAT,26,4655235
ybeDp,1.7142857142857142,17,6,CTCCCCCTCTGTCAGCGACA,11,4687852
ybeDp,5.857142857142857,46,6,CTCCATGGGCAAGGAAATCT,40,4633087
ybeDp,3.142857142857143,27,6,CTCATGAGGTGGATGTGTCA,21,4650043
ybeDp,1.1428571428571428,13,6,CTCATCTCGCACGTTGATAC,7,4674444
ybeDp,2.4285714285714284,22,6,CTCATCCCGTAAGTCTAACG,16,4638757
ybeDp,1.2857142857142858,14,6,CTCATAGAAGCCGCATGTCT,8,4680830
ybeDp,2.0,19,6,CTCACTAGGTGTGTGGAGAA,13,4617197
ybeDp,3.4285714285714284,29,6,CTCACGGCACATTCTCACGA,23,4605887
ybeDp,5.142857142857143,41,6,CTATTTTGACTAGCTGAATG,35,4661513
ybeDp,1.2857142857142858,14,6,CTAGACCGGGATCATGGTCG,8,4629481
ybeDp,1.5714285714285714,16,6,CTACCGGTCGAGCTCAGCGC,10,4624136
ybeDp,2.4285714285714284,22,6,CTAATGTGGCGACTATCGCG,16,4639474
ybeDp,0.2857142857142857,7,6,CTAATGCCTAGTTCGCACGG,1,4608033
ybeDp,1.7142857142857142,17,6,CTAATGACCCGGTAATCCTC,11,4673204
ybeDp,2.857142857142857,25,6,CTAACACCTCAGGATCTTCA,19,4649898
ybeDp,3.857142857142857,32,6,CGTTGTTATAGTGTGACCGA,26,4612530
ybeDp,6.714285714285714,52,6,CGTTGCGTACAAGACGAGCC,46,4637196
ybeDp,2.7142857142857144,24,6,CGTGTCGCACGCTTCTCGCT,18,4677402
ybeDp,0.2857142857142857,7,6,CGTGGATAAAAATTGGATTA,1,4623147
ybeDp,2.0,19,6,CGTGCGAATCCCTTAGTCCC,13,4633083
ybeDp,9.857142857142858,74,6,CGTCAGTCGAAAGCGTTGTG,68,4652954
ybeDp,3.0,26,6,CGTAGCTTTGTGTCCATCCG,20,4601163
ybeDp,2.0,19,6,CGTACTATAATGGTTTCCCT,13,4607315
ybeDp,0.2857142857142857,7,6,CGGTGTTAAGTTCATTTATA,1,4645193
ybeDp,3.857142857142857,32,6,CGGTCCTGCAACCATAGGGT,26,4654662
ybeDp,0.2857142857142857,7,6,CGGTATTGGAGGTTCGAAAT,1,4618076
ybeDp,4.0,33,6,CGGGGGACCTTCGCCACGTC,27,4612568
ybeDp,7.571428571428571,58,6,CGGGATGAAATGACATACGA,52,4663108
ybeDp,2.2857142857142856,21,6,CGGGAACTTAGAGGGACGTA,15,4618648
ybeDp,3.4285714285714284,29,6,CGGCGGGGTCCTAGGAGCGC,23,4663796
ybeDp,2.5714285714285716,23,6,CGGCCGAGACATGTAGCGGA,17,4680823
ybeDp,3.0,26,6,CGGAGTTTCAACCAAGCATA,20,4610900
ybeDp,3.0,26,6,CGGAATTGACGGCAGGAGGC,20,4629361
ybeDp,4.0,33,6,CGGAACTCAGGCTATACAAT,27,4603918
ybeDp,3.7142857142857144,31,6,CGCTTGTCAGTTCCTCGGAC,25,4648692
ybeDp,5.142857142857143,41,6,CGCTGGTACAAGCGAGTAGC,35,4634160
ybeDp,15.428571428571429,113,6,CGCTCCATGTGTTATGTCTG,107,4640274
ybeDp,3.7142857142857144,31,6,CGCTCAAGCCGAACTGTTAT,25,4677636
ybeDp,16.857142857142858,123,6,CGCGTTCTTCTGTCTTTTGT,117,4637062
ybeDp,1.4285714285714286,15,6,CGCCTTAGCGTAAGACGTGC,9,4646936
ybeDp,3.4285714285714284,29,6,CGCCGTTCTCGTCTGCGGTG,23,4681403
ybeDp,2.2857142857142856,21,6,CGCAGTTCCAAATGCCTTGT,15,4653098
ybeDp,3.5714285714285716,30,6,CGCAGCGCAGTGTGGATTTG,24,4639593
ybeDp,3.2857142857142856,28,6,CGCAACGGGTGGACCACATC,22,4662285
ybeDp,1.8571428571428572,18,6,CGATTAATTCTTCAGAGACA,12,4605115
ybeDp,0.42857142857142855,8,6,CGATGCTGGGACACCCTCCT,2,4610252
ybeDp,2.0,19,6,CGAGTTCTCCCCCATGGGAA,13,4602986
ybeDp,2.5714285714285716,23,6,CGAGTAAGGCTAACAGTCTG,17,4616883
ybeDp,1.5714285714285714,16,6,CGAGCACAGTATGGAGACAT,10,4679254
ybeDp,1.7142857142857142,17,6,CGAAGGTGCGGTAATAAGCT,11,4612087
ybeDp,6.0,47,6,CGAACGGTTGCCCTCCGTTT,41,4634559
ybeDp,2.2857142857142856,21,6,CCTTGAGAGTGGTCTTAAGT,15,4607048
ybeDp,2.5714285714285716,23,6,CCTTACTTCAGTGGGACGTC,17,4637226
ybeDp,2.2857142857142856,21,6,CCTGCTCTACGCTTTTGACG,15,4618459
ybeDp,1.4285714285714286,15,6,CCTGATGAGGGCCAGCGCAG,9,4632856
ybeDp,6.0,47,6,CCTCTGACCTAAAGTAACGC,41,4664587
ybeDp,1.7142857142857142,17,6,CCTCTCAGAGGTTTGTCTAT,11,4665664
ybeDp,0.2857142857142857,7,6,CCTCCTTGGGCTAGCTGGAA,1,4606868
ybeDp,4.142857142857143,34,6,CCTATTACTAGGTGACTCGG,28,4662008
ybeDp,2.5714285714285716,23,6,CCTATCTGTATGGATGACGT,17,4607249
ybeDp,2.4285714285714284,22,6,CCTAGCTAGGCAACGTGTCA,16,4682857
ybeDp,7.0,54,6,CCTAGACAGACAAACCAAAA,48,4656295
ybeDp,5.285714285714286,42,6,CCTACTATCCCTCTAGCACT,36,4626097
ybeDp,6.571428571428571,51,6,CCTAAGGAGGGCCAACAAAA,45,4662127
ybeDp,3.0,26,6,CCGTGCCCCCAGATTCCACG,20,4666512
ybeDp,1.2857142857142858,14,6,CCGTGAAAACCAGATTGTCA,8,4660462
ybeDp,1.7142857142857142,17,6,CCGTATATAAAGGATCATCT,11,4653630
ybeDp,2.7142857142857144,24,6,CCGTAACCGCATCGTATCCT,18,4629775
ybeDp,3.7142857142857144,31,6,CCGGTTATGCAGGATCAACA,25,4684561
ybeDp,0.2857142857142857,7,6,CCGGGGCCAATCATAGAGTT,1,4614598
ybeDp,4.142857142857143,34,6,CCGCTGTAGTGGTTAATGAA,28,4608908
ybeDp,2.5714285714285716,23,6,CCGCTCCATTTTCTCGCGGG,17,4679952
ybeDp,2.857142857142857,25,6,CCGCTAGGTTATGACTACGA,19,4679667
ybeDp,1.1428571428571428,13,6,CCGCGAAACATCTAGAGAAC,7,4669424
ybeDp,3.2857142857142856,28,6,CCGCCGGGTTATCAGGGATT,22,4607628
ybeDp,1.4285714285714286,15,6,CCGCCCGTCTAACCACCTCT,9,4620517
ybeDp,5.0,40,6,CCGATGCCATTTATGGAGGC,34,4610960
ybeDp,2.857142857142857,25,6,CCGATCAGGTAGGTTGAGTG,19,4626316
ybeDp,4.571428571428571,37,6,CCCTTCGCTACTACCAGTTC,31,4617648
ybeDp,2.0,19,6,CCCTGTCTTGAACTATCCCC,13,4650677
ybeDp,1.5714285714285714,16,6,CCCTATTATTAAATGTCGTC,10,4648808
ybeDp,8.0,61,6,CCCGCCACGATCGGGGTCCG,55,4629403
ybeDp,1.7142857142857142,17,6,CCCGAAAAGCATCTCTCAAC,11,4637553
ybeDp,7.285714285714286,56,6,CCCCTTTGTGAAGACGAACG,50,4623831
ybeDp,0.5714285714285714,9,6,CCCCCAAGGATTAGCCTGCA,3,4631158
ybeDp,10.0,75,6,CCCATTGGAAACGCCTTGAG,69,4664284
ybeDp,1.4285714285714286,15,6,CCCAGTCCATACCACCAGAG,9,4641812
ybeDp,1.5714285714285714,16,6,CCCACAGGTGGACATTGCGC,10,4683833
ybeDp,7.714285714285714,59,6,CCATTTTGAGTATGAACTCG,53,4663103
ybeDp,3.0,26,6,CCATAACGTGAGATCCGTTT,20,4623554
ybeDp,3.142857142857143,27,6,CCAGGCCAGAATTCTCTGAA,21,4645825
ybeDp,3.5714285714285716,30,6,CCAGATCTGTGAGTCCCTTG,24,4675347
ybeDp,1.2857142857142858,14,6,CCAGATAGGCTAGGAGGTGG,8,4613225
ybeDp,6.285714285714286,49,6,CCAGAACCTACTATGATTGA,43,4637105
ybeDp,2.142857142857143,20,6,CCACTAATCGTGGTTAAGGA,14,4656687
ybeDp,0.2857142857142857,7,6,CCACTAAACTGCTTTGATTA,1,4622914
ybeDp,0.2857142857142857,7,6,CCACGTGTGGCATCGTAAAC,1,4630128
ybeDp,3.2857142857142856,28,6,CCACGAGGCTATTCGTCTAA,22,4668954
ybeDp,2.5714285714285716,23,6,CCACCAGGCAGTAGCGTCTT,17,4647059
ybeDp,1.4285714285714286,15,6,CCACCAAGTTAATGCTATCA,9,4611282
ybeDp,9.0,68,6,CCACAAGCTCGTGGAACAAC,62,4674467
ybeDp,5.428571428571429,43,6,CCAAATTTGACACCGTGCGT,37,4683068
ybeDp,2.142857142857143,20,6,CATGTTCTCGTCGTTTTTTG,14,4648454
ybeDp,3.142857142857143,27,6,CATGTTCGTAGCATCGCATA,21,4678670
ybeDp,0.2857142857142857,7,6,CATGTAGGTTAGGGAGGGGA,1,4655125
ybeDp,29.571428571428573,212,6,CATGGGGAGAGTGTCGGTAT,206,4615113
ybeDp,4.714285714285714,38,6,CATGGAGGCACAAACGTCAT,32,4642019
ybeDp,11.285714285714286,84,6,CATCTTGAACGCTTCCGATG,78,4685583
ybeDp,1.5714285714285714,16,6,CATCTTCCACAAGCGTATAA,10,4635989
ybeDp,1.8571428571428572,18,6,CATCTTAATCATGCACTCCG,12,4665599
ybeDp,7.714285714285714,59,6,CATAATTTAAGTTGGAAAAG,53,4634253
ybeDp,2.5714285714285716,23,6,CAGTGGGGATGAAATAAGGA,17,4615695
ybeDp,0.2857142857142857,7,6,CAGTCTTTAGGTAAGGCCAT,1,4655709
ybeDp,7.0,54,6,CAGTCTCCCGACGAAAGGAA,48,4636337
ybeDp,6.285714285714286,49,6,CAGTATGCACAACTTGCCCA,43,4662608
ybeDp,2.142857142857143,20,6,CAGGTCGTCATCTCAAGAAA,14,4655127
ybeDp,1.2857142857142858,14,6,CAGGGGACTAAGGCGGTCCT,8,4623556
ybeDp,3.5714285714285716,30,6,CAGGCCATTGCACAGACCAG,24,4650391
ybeDp,2.2857142857142856,21,6,CAGCTGCAGTACGCGATAGA,15,4648597
ybeDp,2.5714285714285716,23,6,CAGCGCCGGGTGAAATCTTA,17,4616139
ybeDp,6.142857142857143,48,6,CAGACGGGCACACATTTGAT,42,4635486
ybeDp,1.2857142857142858,14,6,CAGACACAGCTCCTCGTAAA,8,4685833
ybeDp,16.0,117,6,CAGAACCAAGTTAAAAAGCT,111,4632582
ybeDp,5.571428571428571,44,6,CACTCACGCCACGTTAGTAT,38,4645890
ybeDp,4.571428571428571,37,6,CACTACCACCCGTAGTGTGT,31,4607493
ybeDp,5.0,40,6,CACGGCTAGAAAACTCTGTC,34,4611714
ybeDp,2.0,19,6,CACGGCGTGCCACAGGACTT,13,4630750
ybeDp,3.7142857142857144,31,6,CACGAAGCTGCTGTTTTACC,25,4620812
ybeDp,11.0,82,6,CACCTGGTTTAATTGCTACA,76,4687846
ybeDp,0.2857142857142857,7,6,CACCGTTATGTAGGAATTGT,1,4633633
ybeDp,1.5714285714285714,16,6,CACCCCGCTGCCGCAGCCTC,10,4607575
ybeDp,3.2857142857142856,28,6,CACCAATATTCATCGATTGA,22,4653566
ybeDp,2.142857142857143,20,6,CACATATAAGCGGCGCCAGT,14,4663995
ybeDp,1.7142857142857142,17,6,CACAACGACTGATAATTGGT,11,4667820
ybeDp,3.5714285714285716,30,6,CAATTCATAGCCTCACCGTG,24,4637603
ybeDp,2.5714285714285716,23,6,CAATGAGTTGTTATCAGAGG,17,4618376
ybeDp,10.142857142857142,76,6,CAAGTAAGGTCTCGCCCTTT,70,4631949
ybeDp,4.142857142857143,34,6,CAACTATAATAGAAGAGGTC,28,4605525
ybeDp,4.285714285714286,35,6,CAACGGTACGTGTTAATCCT,29,4602884
ybeDp,2.5714285714285716,23,6,CAACGGCACTGGTCGCTCGT,17,4663323
ybeDp,1.5714285714285714,16,6,CAACCTTGAGTTGGTTACGT,10,4655920
ybeDp,2.7142857142857144,24,6,CAAAGGTTCTATATTAAATG,18,4604512
ybeDp,12.571428571428571,93,6,ATTTTTCCAAGGATGGGGTT,87,4628756
ybeDp,3.0,26,6,ATTTGTGTGCCGTAGCCCTA,20,4630391
ybeDp,3.0,26,6,ATTTGTAAGTGGAGAAAGAT,20,4670548
ybeDp,3.5714285714285716,30,6,ATTTGACATCCTATTTTACT,24,4676676
ybeDp,17.428571428571427,127,6,ATTTCAAGGACGCACTGCTA,121,4640272
ybeDp,1.2857142857142858,14,6,ATTTAGGGTGGGGATAGGCT,8,4673139
ybeDp,1.1428571428571428,13,6,ATTTAGCTGTGGCACAACTT,7,4652264
ybeDp,2.4285714285714284,22,6,ATTGTGCACCCGTTATTTTC,16,4663479
ybeDp,3.0,26,6,ATTGCGTGAGGAGATCACTC,20,4679228
ybeDp,1.1428571428571428,13,6,ATTCCACACACCCTTCGGTA,7,4621757
ybeDp,4.0,33,6,ATTCATTAAAAAACAGGTCT,27,4629925
ybeDp,1.8571428571428572,18,6,ATTACCAACTACGATTCACT,12,4677365
ybeDp,0.7142857142857143,10,6,ATTAACACTGGCCCCCTCTG,4,4662162
ybeDp,7.0,54,6,ATGTTGCTTCTGCATCGTCG,48,4601165
ybeDp,1.1428571428571428,13,6,ATGTTAGATGCACTAACACG,7,4613285
ybeDp,27.142857142857142,195,6,ATGGTTTTACTCGCTTTCAG,189,4677712
ybeDp,3.0,26,6,ATGGAGCGCATGAGGTCGTT,20,4661093
ybeDp,39.57142857142857,282,6,ATGGACCCAGTGACGCGTCG,276,4610534
ybeDp,2.142857142857143,20,6,ATGCGTCAGAAAGCCCGGCA,14,4657127
ybeDp,19.0,138,6,ATGCCCGAGCAGGCGCGCTA,132,4629456
ybeDp,2.0,19,6,ATGATTTGGGTCTGTGATAC,13,4641225
ybeDp,2.2857142857142856,21,6,ATGAAGGTGCGCCAATTCTA,15,4650952
ybeDp,2.0,19,6,ATGAAATTTTCCCGACTAGA,13,4624893
ybeDp,3.4285714285714284,29,6,ATCTCACGCGGCAGTGACCG,23,4617911
ybeDp,7.428571428571429,57,6,ATCTAATCGGCTGACATGAG,51,4626564
ybeDp,0.2857142857142857,7,6,ATCTAAAAGATCAGGTAATG,1,4641182
ybeDp,7.285714285714286,56,6,ATCGTCCGGAATTCATATGG,50,4627193
ybeDp,1.0,12,6,ATCGCACGGCCAAAACACCG,6,4637595
ybeDp,1.7142857142857142,17,6,ATCAGGGCTGTGCAGGTAGT,11,4686419
ybeDp,3.5714285714285716,30,6,ATCAGCCGATTCAAATCAAG,24,4671836
ybeDp,3.0,26,6,ATCACTGCGACAAATAGTGC,20,4603581
ybeDp,4.714285714285714,38,6,ATCACGTTTCGAGCTTTCAT,32,4684946
ybeDp,2.4285714285714284,22,6,ATATTTTATCCATGAAGTCT,16,4624141
ybeDp,0.5714285714285714,9,6,ATATTGGCCAAGAGTCCAAA,3,4604562
ybeDp,10.0,75,6,ATAGTGCTACGCACAGAACC,69,4676034
ybeDp,8.142857142857142,62,6,ATAGGTTTCCTCGTCCACGG,56,4686793
ybeDp,8.428571428571429,64,6,ATAGCACAGGCCGTGTCCCG,58,4687192
ybeDp,2.142857142857143,20,6,ATAGATGTTGCTCAAGCCCT,14,4621235
ybeDp,5.428571428571429,43,6,ATACTGGTATGTGTTTGCTT,37,4671763
ybeDp,3.0,26,6,ATACTGAGCTGGGGCCGCGA,20,4623055
ybeDp,4.285714285714286,35,6,ATACTACTCTAGGTGTACCC,29,4630718
ybeDp,1.1428571428571428,13,6,ATACTACCCTTAGACTGTAG,7,4606318
ybeDp,2.142857142857143,20,6,ATAACGTCCAGGCTTACGTC,14,4680350
ybeDp,2.0,19,6,AGTTCATGAATTCTGTCTGG,13,4640113
ybeDp,15.285714285714286,112,6,AGTGTCAGGAAGATTCAACT,106,4618832
ybeDp,0.7142857142857143,10,6,AGTGTAGCGTGTGTACAGGT,4,4633214
ybeDp,4.428571428571429,36,6,AGTGGGTTGCTAAGATATTG,30,4607142
ybeDp,3.4285714285714284,29,6,AGTCTTGTGTGGACTGGTCA,23,4679492
ybeDp,1.2857142857142858,14,6,AGTAAAAATGAGTCGGGGTT,8,4657062
ybeDp,8.857142857142858,67,6,AGGTTAATCGGTACATGGTT,61,4609318
ybeDp,1.1428571428571428,13,6,AGGTGAGCGACATCTTCAAG,7,4616014
ybeDp,5.142857142857143,41,6,AGGTCTTTGTGGGGAACGTG,35,4644678
ybeDp,1.1428571428571428,13,6,AGGTACCATGGTTTGGGGCA,7,4669399
ybeDp,2.142857142857143,20,6,AGGGTGGGCGCAGGCCAGAG,14,4661941
ybeDp,3.857142857142857,32,6,AGGGCGGGCTCGCGAGGGGC,26,4673294
ybeDp,0.8571428571428571,11,6,AGGCTTTGGGCGAGTGTCGG,5,4625553
ybeDp,1.5714285714285714,16,6,AGGCGTCGCCTTTGTACGCA,10,4678757
ybeDp,2.0,19,6,AGGCACGTCAACACCACATA,13,4651385
ybeDp,1.7142857142857142,17,6,AGGATATAGTTTCGAAGTTG,11,4639047
ybeDp,0.2857142857142857,7,6,AGCGTACCGCCTTCTTTGCT,1,4658265
ybeDp,0.2857142857142857,7,6,AGCGTAAGCACGGCCACCCT,1,4649204
ybeDp,4.857142857142857,39,6,AGCGATCTCGGGGTTAAGTG,33,4641647
ybeDp,2.7142857142857144,24,6,AGCCTCTGTAACAGGTCCAC,18,4682775
ybeDp,2.857142857142857,25,6,AGCCGGGAATCGCCGCCCTT,19,4659502
ybeDp,11.285714285714286,84,6,AGCCGCCACTTCACGTGTCC,78,4677713
ybeDp,3.5714285714285716,30,6,AGCAGTAACCGTGTTTATCC,24,4641862
ybeDp,13.857142857142858,102,6,AGATCGAAGTGGTAAAGAAG,96,4680701
ybeDp,3.7142857142857144,31,6,AGAGTATTCAGTACAACGCC,25,4670984
ybeDp,0.2857142857142857,7,6,AGAGCACACACCCAATCGAT,1,4651934
ybeDp,5.0,40,6,AGACCGCATGTCGGGTCGTC,34,4663024
ybeDp,18.142857142857142,132,6,AGAAGTCTAGGTCAACCTTT,126,4650858
ybeDp,0.2857142857142857,7,6,AGAAGATAAGTTATATGAAA,1,4652483
ybeDp,1.2857142857142858,14,6,ACTTTACTTCCCAGGATATG,8,4688263
ybeDp,5.714285714285714,45,6,ACTGATCTGACCGAATGCCT,39,4683485
ybeDp,27.285714285714285,196,6,ACTCGCTTAGGATTTGGCGA,190,4672256
ybeDp,2.4285714285714284,22,6,ACTATCACCAACCGGGGCAT,16,4618065
ybeDp,3.4285714285714284,29,6,ACTAAGCTCTCTGAGTTCTT,23,4667806
ybeDp,3.0,26,6,ACGGTTCCTGCGCATAAACT,20,4687881
ybeDp,4.428571428571429,36,6,ACGGTTAGGGAACGTCGATG,30,4666760
ybeDp,5.714285714285714,45,6,ACGGGTCGATGCCATCACTT,39,4635290
ybeDp,14.428571428571429,106,6,ACGGCGTGTCCAGGGGGCCA,100,4684093
ybeDp,4.0,33,6,ACGCTAAGAACCTCTACCGT,27,4665355
ybeDp,3.4285714285714284,29,6,ACGCCATGGGGGAGATTTGT,23,4679990
ybeDp,4.428571428571429,36,6,ACGCATGGACACGATCAGCC,30,4614862
ybeDp,5.285714285714286,42,6,ACGAGTTCGACCAAGTAGCT,36,4678204
ybeDp,4.857142857142857,39,6,ACGAGGTCACGATGCCCACC,33,4612209
ybeDp,1.7142857142857142,17,6,ACGAGGGCGCTAGCGAATAT,11,4657188
ybeDp,3.142857142857143,27,6,ACGAATGGCTTATCCCACTT,21,4611122
ybeDp,2.0,19,6,ACCCACTCTGTAGTATGTGA,13,4638743
ybeDp,12.571428571428571,93,6,ACCATGGAAAGTGATGCCCG,87,4686330
ybeDp,5.142857142857143,41,6,ACCAGTCCGGACATTATTCT,35,4655672
ybeDp,3.142857142857143,27,6,ACCACTTCAAGACCAGTCGC,21,4658790
ybeDp,1.8571428571428572,18,6,ACCACAAGTGAGGGATCTTC,12,4675953
ybeDp,2.2857142857142856,21,6,ACCACAAGCCTTTGCCGTAG,15,4615119
ybeDp,4.142857142857143,34,6,ACCAAGATAGTTGACGGCCA,28,4635877
ybeDp,3.4285714285714284,29,6,ACATTTGGCAGGGCTTGCGT,23,4623962
ybeDp,6.571428571428571,51,6,ACATGTTCGACATCCTCGGA,45,4639243
ybeDp,4.857142857142857,39,6,ACATAGGTTCGGTTTCGTAT,33,4679513
ybeDp,5.142857142857143,41,6,ACAGTTAGTGGATCAACCGC,35,4607188
ybeDp,2.0,19,6,ACAGCGCATTTGGACAAGGG,13,4653766
ybeDp,2.142857142857143,20,6,ACAGCCCTCGTGAGCGCAGA,14,4622681
ybeDp,1.8571428571428572,18,6,ACAGACTCGAGTCTCTCTAT,12,4653248
ybeDp,0.2857142857142857,7,6,ACACTTATTAGTTACAGAGA,1,4645381
ybeDp,8.714285714285714,66,6,ACACGTGCAAACGGTTGTTC,60,4612597
ybeDp,0.2857142857142857,7,6,ACAACGACTGTCACGCGGAA,1,4610701
ybeDp,1.7142857142857142,17,6,ACAACAAAGTACCCTCGTAA,11,4659977
ybeDp,2.2857142857142856,21,6,AATTTAGGATTAGTTAGCAT,15,4640547
ybeDp,4.285714285714286,35,6,AATTAGCTCTTCTGTACTTG,29,4638875
ybeDp,0.7142857142857143,10,6,AATGAGCTCCAAGCTGGGAC,4,4638978
ybeDp,4.428571428571429,36,6,AATGACGTTGTAATTATCCT,30,4666636
ybeDp,2.7142857142857144,24,6,AATCGTTAAAAGCAACGAGG,18,4671853
ybeDp,2.142857142857143,20,6,AATCGTAGTGGGTCGGCCAC,14,4641489
ybeDp,19.571428571428573,142,6,AATCCGTGTCCGGCAGCGTA,136,4687673
ybeDp,0.2857142857142857,7,6,AATATTTTTTTTGAGCTCCC,1,4639156
ybeDp,0.42857142857142855,8,6,AATAACAGGTAATGCCGAAC,2,4647013
ybeDp,3.4285714285714284,29,6,AAGTTGTCACTGGCGAGCCT,23,4618675
ybeDp,7.285714285714286,56,6,AAGTGTAGACTATCGCAAAT,50,4675963
ybeDp,9.857142857142858,74,6,AAGTACGAGAATAGAGTGGA,68,4622938
ybeDp,3.2857142857142856,28,6,AAGGCATAGAGAACGAAGGA,22,4642400
ybeDp,1.5714285714285714,16,6,AAGGAAAGCCCTGAACTTCC,10,4606797
ybeDp,0.2857142857142857,7,6,AACTTCTTCTATCTGGACTT,1,4686778
ybeDp,0.5714285714285714,9,6,AACTCCAGTGTAGTAATTCC,3,4679465
ybeDp,5.142857142857143,41,6,AACTATGGCAAGTGCGTCAT,35,4610961
ybeDp,2.7142857142857144,24,6,AACGGGCGGCCATGAGACTT,18,4617563
ybeDp,5.285714285714286,42,6,AACGGATTAAAGCATCGTAG,36,4630014
ybeDp,4.0,33,6,AACGGAGAGCATGACATTTA,27,4603339
ybeDp,1.8571428571428572,18,6,AACGCCCCGAATAGGATGTT,12,4622937
ybeDp,8.857142857142858,67,6,AACGACGGGATATCTTATGG,61,4686619
ybeDp,2.5714285714285716,23,6,AACCATAAACCCCAACAAGT,17,4602732
ybeDp,3.2857142857142856,28,6,AACATGCGAGCGCAGGGGTA,22,4641682
ybeDp,3.7142857142857144,31,6,AACAGTGTGTTACAGTGCCA,25,4663634
ybeDp,4.142857142857143,34,6,AACAGAGGTGCATCCCCGGA,28,4653024
ybeDp,1.5714285714285714,16,6,AACACGGTACCATGCCACGG,10,4667649
ybeDp,2.857142857142857,25,6,AACAACTGCGCATAGCCCAA,19,4612589
ybeDp,0.42857142857142855,8,6,AAATTTGCAGATATTTGAGA,2,4679001
ybeDp,2.2857142857142856,21,6,AAATCAGCCCAGGGATCACT,15,4642237
ybeDp,1.2857142857142858,14,6,AAAGTGGACTAGGTCGGTCT,8,4665985
ybeDp,5.0,40,6,AAAGCGTGCTGGCGCGATTA,34,4624988
ybeDp,0.2857142857142857,7,6,AAAGATGTCTAGTTCTACTC,1,4642916
ybeDp,3.4285714285714284,29,6,AAACGAGGCCGTAGTCAGTG,23,4639459
ybeDp,2.142857142857143,20,6,AAACACGAGTGGCTAAACTA,14,4643638
ybeDp,2.7142857142857144,24,6,AAAAGGATCTCAAATTTGTG,18,4615127
ybeDp,1.7142857142857142,17,6,AAAACGAGTTCGTAGCGAGA,11,4619272
ybeDp,2.6666666666666665,20,5,TTTTTTGGATTGAGTACCTA,15,4677067
ybeDp,4.333333333333333,30,5,TTTTCCCCAAGGATGAAATT,25,4602261
ybeDp,2.5,19,5,TTTTAGTCAGTTGTGCTGAC,14,4670559
ybeDp,2.3333333333333335,18,5,TTTGTAAGGAACCGTTGGCG,13,4610533
ybeDp,0.5,7,5,TTTGATTCTCAAGAAGAGAA,2,4677921
ybeDp,7.0,46,5,TTTCTTACTGCACGTTCTGG,41,4655244
ybeDp,4.333333333333333,30,5,TTTCCGGCCGAATGCCAGAC,25,4654284
ybeDp,1.5,13,5,TTTCAGGGGCCTCACAGAAC,8,4635520
ybeDp,1.5,13,5,TTTAGCTTAGTCACCGCTCC,8,4686149
ybeDp,2.3333333333333335,18,5,TTGTTAACAGAGCCCCAGAT,13,4647357
ybeDp,2.3333333333333335,18,5,TTGTGGAAAATACGTCGCCT,13,4635554
ybeDp,3.5,25,5,TTGTGCTACTATCACCCTGT,20,4674103
ybeDp,2.5,19,5,TTGTGAGCGACGTGTATGGT,14,4604580
ybeDp,0.6666666666666666,8,5,TTGTCTTGTCCATGCCCTAA,3,4682984
ybeDp,8.5,55,5,TTGTCGGGCAGCTCCGTTTA,50,4681276
ybeDp,0.3333333333333333,6,5,TTGTCAACCTATTCAGAACT,1,4680460
ybeDp,3.5,25,5,TTGTAGTTTTTATCAGCGAT,20,4649740
ybeDp,6.0,40,5,TTGGGCATAAAGCTTGCTGC,35,4656854
ybeDp,11.5,73,5,TTGGAGGCTACGTTATAATA,68,4654248
ybeDp,2.5,19,5,TTGCAGTACGATGATATTTA,14,4664970
ybeDp,2.8333333333333335,21,5,TTGATGCCCATCTCTTAGTC,16,4606685
ybeDp,1.8333333333333333,15,5,TTGATCGGACCAATGATTGG,10,4603644
ybeDp,2.6666666666666665,20,5,TTGATATTGAAAGCGGAACT,15,4653491
ybeDp,0.3333333333333333,6,5,TTGAGAATCACGGCCTTTAC,1,4631901
ybeDp,6.5,43,5,TTGAAGGAAGTGACTCCTAT,38,4659087
ybeDp,1.0,10,5,TTCTTATAGGAGCAGATAGC,5,4685389
ybeDp,5.166666666666667,35,5,TTCTTAGGTGTGTATAATAA,30,4670027
ybeDp,7.666666666666667,50,5,TTCTGATTGTTCTTTCGTCT,45,4628424
ybeDp,22.666666666666668,140,5,TTCGTCCGGCGAAGATGTCA,135,4645188
ybeDp,1.6666666666666667,14,5,TTCCCTCATGCAAGTTCCTC,9,4635414
ybeDp,1.3333333333333333,12,5,TTCCAGCGGTAGGCCGGGAT,7,4648229
ybeDp,11.333333333333334,72,5,TTCATTGTATGGCCACTATA,67,4670002
ybeDp,9.0,58,5,TTCAAGTGGGGGTTTGTGGA,53,4624345
ybeDp,10.5,67,5,TTATTGCTGTAGCGCCCCTC,62,4607539
ybeDp,17.166666666666668,107,5,TTATTAAAGGAGTGTCGGCA,102,4604109
ybeDp,4.333333333333333,30,5,TTATCGAGCGTGGAGACGAC,25,4606108
ybeDp,3.3333333333333335,24,5,TTAGGACAGGACCACGGGTA,19,4609239
ybeDp,2.8333333333333335,21,5,TTAGAGGCCCGGCTAAATGT,16,4667416
ybeDp,1.8333333333333333,15,5,TTACTTATCTTTCCCTGCTC,10,4680716
ybeDp,1.6666666666666667,14,5,TTACTCAAGATCCTTTTTCT,9,4663704
ybeDp,25.333333333333332,156,5,TTACGGTGAGTAGTGTGCTA,151,4653652
ybeDp,2.3333333333333335,18,5,TTACCAGGACGAAGATATTT,13,4622895
ybeDp,0.3333333333333333,6,5,TTAAGGAGGCCTAACGGCCA,1,4636733
ybeDp,0.6666666666666666,8,5,TTAAATTTAGAGGGCCGATA,3,4651665
ybeDp,1.6666666666666667,14,5,TGTTTGGCATACCAATTGGA,9,4665512
ybeDp,4.833333333333333,33,5,TGTTCACAGCGCATCAGGTT,28,4616718
ybeDp,2.6666666666666665,20,5,TGTTACCTGTCGGGATTCCT,15,4631188
ybeDp,11.333333333333334,72,5,TGTGTCAGGAGAAGTCCCAG,67,4665517
ybeDp,0.3333333333333333,6,5,TGTGGTCCTAAGTAGGTCAA,1,4619902
ybeDp,3.3333333333333335,24,5,TGTCTGTTGAACGCATTGTA,19,4652272
ybeDp,0.3333333333333333,6,5,TGTCTGATAACCCGGGTGAA,1,4662817
ybeDp,6.5,43,5,TGTCGTATCGCGTACGGCAT,38,4655137
ybeDp,3.3333333333333335,24,5,TGTCGGGTCTGGATCTAATA,19,4648108
ybeDp,0.3333333333333333,6,5,TGTCCCTCTTGTCGTAAAGA,1,4635280
ybeDp,0.6666666666666666,8,5,TGTCAATTACTGGTGTATGT,3,4641680
ybeDp,2.5,19,5,TGTAGCATACCGCATGCAAT,14,4628842
ybeDp,2.0,16,5,TGTAGACACGTGCTTTGCGA,11,4628679
ybeDp,10.166666666666666,65,5,TGTACGAACGGAAAGAGCGT,60,4637038
ybeDp,1.0,10,5,TGGTTTGACACCCGTGTGTC,5,4635000
ybeDp,2.5,19,5,TGGTTTCACGTAATCCGGTG,14,4680678
ybeDp,0.5,7,5,TGGTAGTGTATAAATTACCC,2,4605849
ybeDp,0.3333333333333333,6,5,TGGTAAAGCAGTATTGCGAG,1,4623236
ybeDp,0.8333333333333334,9,5,TGGGAATCACACCTCTGATG,4,4652142
ybeDp,5.0,34,5,TGGCTAAAATTCATACGATC,29,4678850
ybeDp,0.8333333333333334,9,5,TGGCATGGACTAGGCGTTGT,4,4640910
ybeDp,5.333333333333333,36,5,TGGCATGCCGGTACGACAGT,31,4659781
ybeDp,2.6666666666666665,20,5,TGGCAAGCTTGTGTCGAGTT,15,4611276
ybeDp,2.0,16,5,TGGAGCAAGGCCTCGAATGG,11,4676356
ybeDp,3.1666666666666665,23,5,TGGACGTTTGGTCAAGTGAC,18,4604708
ybeDp,9.333333333333334,60,5,TGGAAATGGTAAAAGGAAAG,55,4681058
ybeDp,2.5,19,5,TGCTATGATAGATTTTATAG,14,4606172
ybeDp,0.8333333333333334,9,5,TGCGTTCTGTAAAGTGCGAC,4,4611512
ybeDp,0.6666666666666666,8,5,TGCGTGCGGGGATAGGGGCA,3,4638828
ybeDp,0.3333333333333333,6,5,TGCGCCATGGCGAGATGCAA,1,4651008
ybeDp,4.5,31,5,TGCCACACTTGTCTGTAACA,26,4654341
ybeDp,2.0,16,5,TGCATGGTACAGCCGCGCGG,11,4679815
ybeDp,1.5,13,5,TGAGGTTCACGAATGGGATA,8,4625485
ybeDp,4.0,28,5,TGAGCCGAATACGTTTAAAG,23,4650678
ybeDp,0.5,7,5,TGACGCAAAATATTACGTAG,2,4632104
ybeDp,5.333333333333333,36,5,TGACCCTCTAGCTAAATGCA,31,4627513
ybeDp,1.1666666666666667,11,5,TGAATAAGCAGCCCACTTTA,6,4668732
ybeDp,5.166666666666667,35,5,TGAACCTAATGCCATATTCA,30,4671315
ybeDp,3.3333333333333335,24,5,TGAACCGGTAGCTTGCCCGT,19,4610500
ybeDp,31.666666666666668,194,5,TCTTTGGTCTCAGTCGTTTG,189,4688165
ybeDp,1.1666666666666667,11,5,TCTTGAGCAGAATTCCTCCT,6,4622036
ybeDp,3.8333333333333335,27,5,TCTCCTACCCTGTGTTGGAC,22,4617669
ybeDp,1.0,10,5,TCTATGCCTTGCAATTCGTA,5,4620671
ybeDp,8.333333333333334,54,5,TCTAGAGTCTTAGAGTTCTT,49,4638761
ybeDp,2.5,19,5,TCGTTCCGGGTTGGCATACT,14,4682794
ybeDp,2.5,19,5,TCGTGCTATAGCCTGGACAA,14,4685331
ybeDp,5.0,34,5,TCGGGCGGGGCGTACGCAAT,29,4673960
ybeDp,4.666666666666667,32,5,TCGGATCTCTGTCAATCGAT,27,4672230
ybeDp,1.6666666666666667,14,5,TCGCGTTGGTGTGCACATTC,9,4670816
ybeDp,0.5,7,5,TCGCGTTCCCTAGGGGGCCT,2,4663825
ybeDp,0.3333333333333333,6,5,TCGCGATTTATACTGTGGTT,1,4610763
ybeDp,0.5,7,5,TCGCAAAGGAAACACGACGT,2,4617756
ybeDp,3.1666666666666665,23,5,TCGAGGTGCTGGTTTTAAAC,18,4664336
ybeDp,5.0,34,5,TCCTTTTCAATGTTGTGGAA,29,4659825
ybeDp,0.3333333333333333,6,5,TCCTGTGCATGAGACAAACA,1,4603872
ybeDp,10.833333333333334,69,5,TCCGTAAGTGAACCTTTCCC,64,4663538
ybeDp,2.1666666666666665,17,5,TCCGCTCCCCGTCGCGTTCA,12,4646931
ybeDp,3.0,22,5,TCCGAAAGGCCGGGGCTGCT,17,4601361
ybeDp,3.8333333333333335,27,5,TCCGAAAAGGCTCAGTTTCA,22,4657435
ybeDp,0.3333333333333333,6,5,TCCCTTTAACAAACTGGTTT,1,4674009
ybeDp,3.1666666666666665,23,5,TCCCAAGTGTCGTGCTGTGA,18,4685607
ybeDp,3.1666666666666665,23,5,TCCATGGCCTCTGCCTGAAC,18,4647088
ybeDp,4.666666666666667,32,5,TCCATACCGTGTCTCAGGAG,27,4682390
ybeDp,13.333333333333334,84,5,TCCACCGACCCATTTGTTCT,79,4678870
ybeDp,2.6666666666666665,20,5,TCATTTAACCTAGATCACAG,15,4618582
ybeDp,1.3333333333333333,12,5,TCATCTGCTCATCCAATTTT,7,4621625
ybeDp,0.5,7,5,TCATCGTTGTGATCACCCAG,2,4673152
ybeDp,10.166666666666666,65,5,TCATCCGTGCTACAGCTGCG,60,4682849
ybeDp,7.5,49,5,TCAGTTTCCTATTTTTTTAA,44,4608264
ybeDp,2.5,19,5,TCAGCACGGACCTAAGAGTA,14,4628441
ybeDp,1.5,13,5,TCACTTGGGAGATTGGAGTC,8,4606163
ybeDp,6.666666666666667,44,5,TCACTCTAACATCGAACAGG,39,4629172
ybeDp,2.3333333333333335,18,5,TCACAGGGTGTTTATGGATC,13,4642696
ybeDp,5.0,34,5,TATTCCGGCGGAGAAACATT,29,4659669
ybeDp,4.833333333333333,33,5,TATGGACTGTACCAAGTGTG,28,4670070
ybeDp,2.5,19,5,TATGAATTTGCGGTCAACCC,14,4656510
ybeDp,0.3333333333333333,6,5,TATGAAACCTGTCCAGTTAT,1,4664615
ybeDp,1.6666666666666667,14,5,TATCTCGCAGAGCCTTAGTC,9,4663502
ybeDp,7.833333333333333,51,5,TATCTATACATTCTAAATAC,46,4677122
ybeDp,5.666666666666667,38,5,TATCGTTGCACCACGTCTGC,33,4643797
ybeDp,0.3333333333333333,6,5,TATCCATACTTCATCAACCC,1,4639944
ybeDp,1.3333333333333333,12,5,TATCACAGAGCCAATCGTAT,7,4622597
ybeDp,2.0,16,5,TATAGACTCGTATGGTCATA,11,4601842
ybeDp,3.6666666666666665,26,5,TAGGTTATCGCGTACTGAGC,21,4685807
ybeDp,2.0,16,5,TAGCCAACTGTCAAGCCAGT,11,4620354
ybeDp,0.3333333333333333,6,5,TAGCATACCGAATTTATTAA,1,4642431
ybeDp,0.3333333333333333,6,5,TAGAATCATGCGGGGCCATT,1,4647249
ybeDp,0.3333333333333333,6,5,TACTATGCTGCCATTCTTTA,1,4606932
ybeDp,2.1666666666666665,17,5,TACGTATCCGTTTGTCCGTT,12,4622378
ybeDp,17.166666666666668,107,5,TACGCAAGCGAATGGCCTAG,102,4639271
ybeDp,3.6666666666666665,26,5,TACCCACATAAATTGGACGG,21,4641692
ybeDp,1.6666666666666667,14,5,TACCATAATAGCCGGGTGAA,9,4616682
ybeDp,5.333333333333333,36,5,TACATTTTGGAACACCAGAC,31,4627715
ybeDp,0.3333333333333333,6,5,TACACCGCTTTCCGGACCGA,1,4668433
ybeDp,5.166666666666667,35,5,TAATTCAACTGGGTAACAGA,30,4668287
ybeDp,0.6666666666666666,8,5,TAATGTGAGTCTTGTGTCAA,3,4608952
ybeDp,1.5,13,5,TAATAGTTTGAGCAGACAGG,8,4625732
ybeDp,4.666666666666667,32,5,TAAGTTGAGAGTATTCGACA,27,4603290
ybeDp,5.666666666666667,38,5,TAAGTTCGTGTGGGATTAAA,33,4649059
ybeDp,2.3333333333333335,18,5,TAAGTACTAATAAATGAATC,13,4647955
ybeDp,8.5,55,5,TAACTTGAGTCAATACCGAC,50,4664479
ybeDp,0.3333333333333333,6,5,TAACCCAGCCCTCCGTCATA,1,4626590
ybeDp,5.666666666666667,38,5,TAAATGACGTAGGGTACGGG,33,4651186
ybeDp,3.8333333333333335,27,5,TAAATGACAACCCACGTTGG,22,4649234
ybeDp,0.6666666666666666,8,5,TAAATCGCTGCAAAGGCATC,3,4650380
ybeDp,1.1666666666666667,11,5,GTTGTAGACGAGAATTGATT,6,4661934
ybeDp,0.3333333333333333,6,5,GTTGGTGCTGACTCCCAGGT,1,4673870
ybeDp,1.3333333333333333,12,5,GTTGGTCGGCTGCGTCGCGT,7,4651362
ybeDp,4.666666666666667,32,5,GTTGATCAACCCAACGGGCT,27,4675387
ybeDp,1.3333333333333333,12,5,GTTGAAGCTCGTCACGTCGC,7,4603710
ybeDp,25.166666666666668,155,5,GTTCTGCTTATTTCACGAGG,150,4660740
ybeDp,10.5,67,5,GTTCGGTAGCAAAGTCACCT,62,4623517
ybeDp,2.8333333333333335,21,5,GTTATGCAACAGATTGTAAA,16,4615354
ybeDp,3.3333333333333335,24,5,GTTACTTAGAGAGATGATTT,19,4678320
ybeDp,3.6666666666666665,26,5,GTTACGTTAGGCGGCAGTCA,21,4645692
ybeDp,3.5,25,5,GTTAATAGTCAACTTCACTC,20,4615260
ybeDp,5.5,37,5,GTGGTGACACGTTAGCAAGG,32,4611824
ybeDp,3.3333333333333335,24,5,GTGGTATCAAGCTGCTCATG,19,4608239
ybeDp,6.166666666666667,41,5,GTGGGGCTGAGCCTTTCATG,36,4682467
ybeDp,0.3333333333333333,6,5,GTGCAGCAGCTCGCACCGAT,1,4644190
ybeDp,4.333333333333333,30,5,GTGATGGTACATTTTGGTTA,25,4620615
ybeDp,2.8333333333333335,21,5,GTCTTCCTATTGTAACACGG,16,4678324
ybeDp,4.833333333333333,33,5,GTCTGTGCCTAGACACTCGG,28,4655861
ybeDp,1.6666666666666667,14,5,GTCTCGGGGTGTCTGCGATC,9,4603590
ybeDp,5.5,37,5,GTCGTTTGCCACGTCGACTC,32,4659856
ybeDp,0.5,7,5,GTCGTCTACGTTGGAGGGCC,2,4615652
ybeDp,0.3333333333333333,6,5,GTCGGTCTCATGCTAACTAC,1,4621027
ybeDp,1.3333333333333333,12,5,GTCGGTCAAATGTGCTTCCC,7,4603081
ybeDp,2.6666666666666665,20,5,GTCGGAGAGAACATTCTGCA,15,4658561
ybeDp,4.666666666666667,32,5,GTCGCGGGATCCATGTTCAC,27,4616444
ybeDp,5.5,37,5,GTCCTTAGCGGGTAAGAATT,32,4665489
ybeDp,2.8333333333333335,21,5,GTCCGCAACCGACTAAATAC,16,4622235
ybeDp,1.3333333333333333,12,5,GTCCGATTGACGTTGGGGGA,7,4636062
ybeDp,3.3333333333333335,24,5,GTCCCAAGCGGTTCAATTTT,19,4686595
ybeDp,8.0,52,5,GTCCACTAATACCTAGCCTC,47,4679114
ybeDp,1.3333333333333333,12,5,GTCATTTTAAACACCAGAGG,7,4660440
ybeDp,2.3333333333333335,18,5,GTCAAATGACGATATTTGAG,13,4664745
ybeDp,0.3333333333333333,6,5,GTATTCGCTTGTCTAATCTG,1,4647763
ybeDp,1.3333333333333333,12,5,GTATGTTGTGGACGCGATCT,7,4631609
ybeDp,1.5,13,5,GTATATTACGGGAGTCGCCA,8,4683760
ybeDp,0.3333333333333333,6,5,GTACTGTGCAGAAGGGGCCA,1,4645448
ybeDp,3.6666666666666665,26,5,GTAAGAGAAATTGACACAAC,21,4641581
ybeDp,2.6666666666666665,20,5,GTAACGTTCTAAATCGGATC,15,4636650
ybeDp,5.666666666666667,38,5,GTAAAGGAAGGTGGTTTCCT,33,4636480
ybeDp,5.166666666666667,35,5,GGTTGTCGTAAACGGGGTCT,30,4668082
ybeDp,1.6666666666666667,14,5,GGTTGCCGGCTTGTGACCTA,9,4664329
ybeDp,1.0,10,5,GGTTCTAGGTGGCAGACCCA,5,4629909
ybeDp,1.1666666666666667,11,5,GGTTCATTGCGCCGCGTAGG,6,4601761
ybeDp,6.0,40,5,GGTGGGGTCTGGTGGCATCT,35,4688017
ybeDp,3.1666666666666665,23,5,GGTGCGTGCTTAGCAAATCA,18,4611363
ybeDp,1.3333333333333333,12,5,GGTCTCGCAGTGCCCCCTTT,7,4619746
ybeDp,3.8333333333333335,27,5,GGTCGTCGAGCTAGATTTAA,22,4623284
ybeDp,4.0,28,5,GGTCGCCAAATGTACCGAGG,23,4658246
ybeDp,0.3333333333333333,6,5,GGTCGAGAGATAGCCGTCAG,1,4611105
ybeDp,10.333333333333334,66,5,GGTCCTCCTTCCAAATGACG,61,4615325
ybeDp,2.8333333333333335,21,5,GGTCATACCAAGATCTGGGA,16,4668333
ybeDp,2.1666666666666665,17,5,GGTCAGATTGTGCCAAGTAG,12,4615515
ybeDp,3.0,22,5,GGTACTTATTGCTGACAAAT,17,4622315
ybeDp,9.166666666666666,59,5,GGTACAGCGCGCCGCCGGAA,54,4625513
ybeDp,5.833333333333333,39,5,GGGTGCCGATACCCGGTTTA,34,4642775
ybeDp,2.0,16,5,GGGGATTCCGATTTAGGCTT,11,4654408
ybeDp,3.8333333333333335,27,5,GGGGATGATTAGAAACAGAC,22,4609635
ybeDp,0.5,7,5,GGGGAGCCGTATATGTACTC,2,4672323
ybeDp,0.3333333333333333,6,5,GGGCTCTCTGGAGTCATAGC,1,4621451
ybeDp,1.0,10,5,GGGCTCAACATCTTGGAATA,5,4612423
ybeDp,4.5,31,5,GGGCGACTGTCACTTCGCAC,26,4609161
ybeDp,1.1666666666666667,11,5,GGGATTGTCGATTAGAGACG,6,4659001
ybeDp,5.166666666666667,35,5,GGGATGGACTGTTCCCGCTT,30,4666125
ybeDp,0.3333333333333333,6,5,GGGAGTCTCCCCAATACCAT,1,4608274
ybeDp,3.5,25,5,GGGAAACCCACCCCGTTGGT,20,4610403
ybeDp,2.3333333333333335,18,5,GGCTCTGGATCGGCAGCTAA,13,4646294
ybeDp,12.166666666666666,77,5,GGCTCACGACTGAGATAATT,72,4660566
ybeDp,1.6666666666666667,14,5,GGCGCTTATCGGCGCTTTTG,9,4667024
ybeDp,0.3333333333333333,6,5,GGCGAAGGCCACCCGCTAAG,1,4630584
ybeDp,0.5,7,5,GGCCTCTCCGTCATAGTCAA,2,4652503
ybeDp,1.5,13,5,GGCCTCATCTGACCGAATGG,8,4647652
ybeDp,2.1666666666666665,17,5,GGCCGCGCGAGGTGCCACTG,12,4616719
ybeDp,3.1666666666666665,23,5,GGCCATTCCTGGCGACACAA,18,4662958
ybeDp,1.6666666666666667,14,5,GGCCACGCAAAGCTAGTACT,9,4674953
ybeDp,0.3333333333333333,6,5,GGCCAAGTTGCTGGATTGTT,1,4602639
ybeDp,1.6666666666666667,14,5,GGCAGCTAAACGCTAAACCA,9,4678370
ybeDp,0.3333333333333333,6,5,GGATTCAAAGGCCAACGCAT,1,4614566
ybeDp,0.3333333333333333,6,5,GGATGGCCAGTGAAGCTCTG,1,4645067
ybeDp,4.5,31,5,GGATGCCCGTGTCGCAAAGA,26,4633879
ybeDp,2.0,16,5,GGATGCCCCTGGTGTAAAAG,11,4615349
ybeDp,1.3333333333333333,12,5,GGACTCATCCAGCTGGCACT,7,4611670
ybeDp,2.1666666666666665,17,5,GGAATCATTTGGCCCTACTA,12,4606290
ybeDp,0.3333333333333333,6,5,GGAACGTCCGTAGGTGCCGT,1,4602738
ybeDp,6.166666666666667,41,5,GGAACGCTAACCTGGTCTCA,36,4678278
ybeDp,0.3333333333333333,6,5,GGAAACCAGTCAAAGTCCGT,1,4665547
ybeDp,5.333333333333333,36,5,GCTTAAATTGAACTTACTGC,31,4628543
ybeDp,5.0,34,5,GCTGTACGGCTGCATCTCAC,29,4644078
ybeDp,1.1666666666666667,11,5,GCTGCAGGCGAGGCAGCCCG,6,4635150
ybeDp,1.6666666666666667,14,5,GCTGAGATTCCTGGGAATAA,9,4612660
ybeDp,4.833333333333333,33,5,GCTGAATTGACCAGGTCTGG,28,4655957
ybeDp,5.333333333333333,36,5,GCTCGGTTACCCCCTTTCCA,31,4656790
ybeDp,3.8333333333333335,27,5,GCTCCTTAGGGGAAATTAGT,22,4642507
ybeDp,4.333333333333333,30,5,GCTCCAGAGCTGGCAAGCCA,25,4641736
ybeDp,6.666666666666667,44,5,GCTCATACATTGCACTCGGT,39,4665451
ybeDp,0.6666666666666666,8,5,GCTAGACTGTTTGATCGGCG,3,4622719
ybeDp,4.0,28,5,GCTAAAATGGAGTATCACTT,23,4660388
ybeDp,5.166666666666667,35,5,GCGTTTTATCGACCGAGAAC,30,4638850
ybeDp,1.3333333333333333,12,5,GCGTGAAATAAGGTCAGGAG,7,4644856
ybeDp,1.8333333333333333,15,5,GCGTCGTTGAACTTATGAAG,10,4639399
ybeDp,3.3333333333333335,24,5,GCGTACAAGCGCAGCCTTTA,19,4653636
ybeDp,4.166666666666667,29,5,GCGTAACCTGATAACGTTCC,24,4668432
ybeDp,4.166666666666667,29,5,GCGGCTGAAAGGAGATCAGG,24,4628243
ybeDp,8.833333333333334,57,5,GCGGCCAAATCAAGCTATAA,52,4661501
ybeDp,4.0,28,5,GCGGAACCACATTTTAGGAC,23,4614826
ybeDp,4.833333333333333,33,5,GCGCTCGGATATTAGCCACT,28,4650284
ybeDp,3.3333333333333335,24,5,GCGCTAATGTACCCACCTTG,19,4646118
ybeDp,3.5,25,5,GCGCGTAAGGCTTTCATAAA,20,4631981
ybeDp,1.8333333333333333,15,5,GCGCGAATTGTACCCGCGGA,10,4619313
ybeDp,4.333333333333333,30,5,GCGCCTGCTAGTTACATTCT,25,4637814
ybeDp,7.0,46,5,GCGCCCAGTTGTGGCTCGGG,41,4613685
ybeDp,6.166666666666667,41,5,GCGATATGAAGTGGACGGCC,36,4655897
ybeDp,1.3333333333333333,12,5,GCGAGGGAGTGATGTGTCCG,7,4638467
ybeDp,7.833333333333333,51,5,GCGAGAGCAGATGCCCCCAG,46,4609369
ybeDp,8.166666666666666,53,5,GCGACTTGAGACCCGCGTGG,48,4637527
ybeDp,5.333333333333333,36,5,GCGACATGAACGACGCAGGA,31,4637057
ybeDp,6.0,40,5,GCGAAGACACCCGGGGAGTA,35,4657351
ybeDp,1.0,10,5,GCCTTGAAGTAGTGGGTCCG,5,4639332
ybeDp,2.0,16,5,GCCTGCGTTCCGCGGTCTGG,11,4617082
ybeDp,7.833333333333333,51,5,GCCTGCACACAGCTTCACTC,46,4670986
ybeDp,2.5,19,5,GCCTCTTCCCCATTGGTAAG,14,4603344
ybeDp,3.5,25,5,GCCTCAGTACTCGGGTTTTG,20,4687045
ybeDp,4.5,31,5,GCCTCAGACCGTGCCGGGGA,26,4669015
ybeDp,3.1666666666666665,23,5,GCCGTTAAGACCAAGCATCT,18,4636426
ybeDp,1.8333333333333333,15,5,GCCGTGTGAGAATTCTACAT,10,4680651
ybeDp,3.3333333333333335,24,5,GCCGGAGTAATTACGTATGT,19,4628204
ybeDp,7.666666666666667,50,5,GCCCTGCTTCGGCTGCGGTA,45,4669866
ybeDp,3.3333333333333335,24,5,GCCCAAGTCATAAGCGTTCT,19,4676976
ybeDp,3.6666666666666665,26,5,GCCAAAACGCACGTAAGCAG,21,4604138
ybeDp,7.5,49,5,GCATTAACGGATGCATATTA,44,4629945
ybeDp,4.166666666666667,29,5,GCATCTTTCATATGGCAGTG,24,4602092
ybeDp,0.5,7,5,GCATCTACGCCCCCGGTTTC,2,4657632
ybeDp,3.0,22,5,GCATCGGTCCACGGTTTATT,17,4652996
ybeDp,6.0,40,5,GCATCACTGATCACGTAGGG,35,4635002
ybeDp,3.0,22,5,GCATCACCCGTTCACACGGC,17,4686913
ybeDp,2.0,16,5,GCACGTTAAATACTGTGAGT,11,4651816
ybeDp,1.5,13,5,GCACCGACCGCGAGCCTGCA,8,4639288
ybeDp,4.166666666666667,29,5,GATGGTGAACCAGCCCCGCG,24,4617943
ybeDp,6.333333333333333,42,5,GATGGGGATCCGAAGTAGTA,37,4651094
ybeDp,1.6666666666666667,14,5,GATACGACATCAGAGGCAGC,9,4625536
ybeDp,4.5,31,5,GAGTATCTAAATGGAAACGT,26,4605397
ybeDp,2.8333333333333335,21,5,GAGCTGCTCTAGAACACTTC,16,4676822
ybeDp,0.3333333333333333,6,5,GAGCGGGGGGTGCTCCAGTT,1,4639340
ybeDp,0.3333333333333333,6,5,GAGCGGAGTTGTATTTAAGT,1,4671410
ybeDp,0.3333333333333333,6,5,GAGCCACGAAGCCAATAGAA,1,4677561
ybeDp,0.3333333333333333,6,5,GAGAGTAAAGCTAGCGGCAT,1,4630842
ybeDp,4.0,28,5,GACTTTCTGTGTCCCTACTT,23,4622142
ybeDp,3.5,25,5,GACTACCCTTGTAGCAACGA,20,4618442
ybeDp,7.5,49,5,GACGCTCTGGCAAAGATCAC,44,4668148
ybeDp,3.3333333333333335,24,5,GACGCTAATCACGAGCGCAA,19,4653903
ybeDp,10.0,64,5,GACCATGAAGTATCTAAACC,59,4681634
ybeDp,0.3333333333333333,6,5,GACACTAAGTATTTGTAGGG,1,4612198
ybeDp,5.5,37,5,GACAACCTTGAAGACACAAA,32,4630440
ybeDp,0.3333333333333333,6,5,GAATTTCGGTCATTTCCTGA,1,4633767
ybeDp,1.1666666666666667,11,5,GAATGAGGTACCTGCGGGTG,6,4641861
ybeDp,37.666666666666664,230,5,GAATCTGGTGCGATGAGCCC,225,4609667
ybeDp,0.3333333333333333,6,5,GAAGATCTTAGACCTGCTGC,1,4662156
ybeDp,0.6666666666666666,8,5,GAACTATCGGACAGTACACC,3,4676555
ybeDp,0.6666666666666666,8,5,GAAAGGGTCTTATTCTTCAA,3,4640706
ybeDp,1.0,10,5,GAAACCTCGCACTTCCTACC,5,4638505
ybeDp,0.6666666666666666,8,5,GAAACCCCGGCATTGCTAAT,3,4640147
ybeDp,1.1666666666666667,11,5,GAAAATTGGTTTCTCGCATG,6,4678851
ybeDp,2.3333333333333335,18,5,GAAAAACCCCAGACCAATAT,13,4662918
ybeDp,18.0,112,5,CTTTGTTGCTACCGTCCGCA,107,4664175
ybeDp,8.666666666666666,56,5,CTTTGTACCTACCGTGGTCT,51,4662907
ybeDp,5.333333333333333,36,5,CTTGGTGGACGGTTGAGGAT,31,4625479
ybeDp,4.666666666666667,32,5,CTTGCTAGAAAGCTCTGAGA,27,4603092
ybeDp,1.5,13,5,CTTGCATCATAGCTGGACTG,8,4676888
ybeDp,2.0,16,5,CTTCTTAGTTTGTTCGGTAC,11,4634099
ybeDp,0.5,7,5,CTTCGCCCAATAGTCTACTC,2,4633141
ybeDp,1.6666666666666667,14,5,CTTCCGTTTATCAGGTACCC,9,4629755
ybeDp,2.1666666666666665,17,5,CTTATTACACCATTGTTATT,12,4627982
ybeDp,26.833333333333332,165,5,CTGTCGGGCCGAGCCTGACG,160,4643637
ybeDp,2.3333333333333335,18,5,CTGTCCCCCTGGCCACTGGC,13,4622443
ybeDp,2.6666666666666665,20,5,CTGTACCGAACTTTGAAATT,15,4658110
ybeDp,4.333333333333333,30,5,CTGGGGTCGGAGACGAGTGG,25,4656256
ybeDp,2.0,16,5,CTGGAGGCAACACAGTGGGG,11,4659859
ybeDp,2.6666666666666665,20,5,CTGCTAGCATGAAATTACGA,15,4647301
ybeDp,4.666666666666667,32,5,CTGATCCCATCTCCTTCATC,27,4603411
ybeDp,3.6666666666666665,26,5,CTGAGCCCACCGCTCGACAA,21,4613941
ybeDp,5.0,34,5,CTCCAGTCGCACGGTTACGA,29,4643415
ybeDp,0.3333333333333333,6,5,CTCCAGTATCGTATCTATCT,1,4650960
ybeDp,2.3333333333333335,18,5,CTCATGCATCTATCCTTACC,13,4681723
ybeDp,3.3333333333333335,24,5,CTCATCTCACCCCCTCACCC,19,4662179
ybeDp,2.8333333333333335,21,5,CTCACAAGGCGTAATGCTGA,16,4609278
ybeDp,0.3333333333333333,6,5,CTAGGCGGATCCCGGGCCAA,1,4615184
ybeDp,8.333333333333334,54,5,CTAGGCCGGTTTCCAAATAA,49,4640658
ybeDp,4.0,28,5,CTAGAGTTCGATACGTCCTT,23,4669144
ybeDp,3.3333333333333335,24,5,CTAGACCGGTCTGAGAGGTT,19,4684564
ybeDp,3.6666666666666665,26,5,CTACTAATGATGTCTTGGAA,21,4628267
ybeDp,5.666666666666667,38,5,CTAATACCTACACTCGAAGG,33,4663469
ybeDp,0.6666666666666666,8,5,CTAAATAAGTCGGAAAGCCG,3,4659364
ybeDp,2.1666666666666665,17,5,CGTTCAGAAATCGGTATATA,12,4646736
ybeDp,2.3333333333333335,18,5,CGTTATGCGATTCTAAGAAA,13,4663009
ybeDp,4.0,28,5,CGTGCTAATTACTTCGTGGG,23,4650119
ybeDp,16.5,103,5,CGTATCCCAACTCGAGGATT,98,4665001
ybeDp,1.6666666666666667,14,5,CGTATCAGGTGTAGCGAACA,9,4679201
ybeDp,10.333333333333334,66,5,CGGTTCCCAACCGGGACGCC,61,4653492
ybeDp,12.5,79,5,CGGTGGGCGGTAACAACGGT,74,4669094
ybeDp,0.5,7,5,CGGTGGAAGGGACTCTCGGA,2,4625816
ybeDp,3.5,25,5,CGGTGCCTCCTTCTTGTAAT,20,4619261
ybeDp,2.6666666666666665,20,5,CGGTCTGCCGGAAAAAACTA,15,4669455
ybeDp,5.833333333333333,39,5,CGGTCCCCAATAAGGTAAGC,34,4634929
ybeDp,27.166666666666668,167,5,CGGGTAAGAGAAGGTTGTAG,162,4628763
ybeDp,1.1666666666666667,11,5,CGGGGGTGGGGTGCGGACAT,6,4656269
ybeDp,7.0,46,5,CGGGCTATGTCGGTGTAGGC,41,4612404
ybeDp,1.1666666666666667,11,5,CGGGCCATGGTATCGCGGGA,6,4602685
ybeDp,0.8333333333333334,9,5,CGGCCTTGGGGGTGTTACCA,4,4617015
ybeDp,1.5,13,5,CGCTATTCTGAACCTCGTAT,8,4616329
ybeDp,2.0,16,5,CGCTATGCAGATCTACTATC,11,4676343
ybeDp,3.6666666666666665,26,5,CGCTATGACTTTGCGGCACA,21,4657769
ybeDp,3.0,22,5,CGCGGTCGGGCGCAAGAACA,17,4675672
ybeDp,2.5,19,5,CGCGCGACAGGCCCGATCTT,14,4625165
ybeDp,6.333333333333333,42,5,CGCGAGTAGATCAGGCGATC,37,4604767
ybeDp,2.0,16,5,CGCCGGTGGCGAATGGCACA,11,4649507
ybeDp,2.5,19,5,CGCATTAAAGTATGAGGATG,14,4636035
ybeDp,1.1666666666666667,11,5,CGCAGTGATAGGGAATGAAT,6,4632487
ybeDp,1.5,13,5,CGCAAAATGCGGCTAGAAGA,8,4657890
ybeDp,4.666666666666667,32,5,CGATGTATTTCCTACTTGCG,27,4668214
ybeDp,2.1666666666666665,17,5,CGATCAGGGGAAAAGGCTCC,12,4678506
ybeDp,1.3333333333333333,12,5,CGATATCCAGGTAGAGGCAA,7,4649386
ybeDp,6.166666666666667,41,5,CGAGTTGATTGCCTGCGGAG,36,4685714
ybeDp,1.1666666666666667,11,5,CGAGTAGTCTACTTATCGTA,6,4639085
ybeDp,0.3333333333333333,6,5,CGAGGATGAAATGGCCAACT,1,4668754
ybeDp,1.6666666666666667,14,5,CGAGACCCTCTTTCACCCAT,9,4620651
ybeDp,4.166666666666667,29,5,CGACCTCCTGAACGATATTT,24,4621738
ybeDp,8.5,55,5,CGAATTTGTGGTAAGCAAAG,50,4627805
ybeDp,93.66666666666667,566,5,CGAAACATACGGAATGATTG,561,4686243
ybeDp,9.666666666666666,62,5,CCTCTGGTTAGGCGAGATTT,57,4621679
ybeDp,0.5,7,5,CCTCTGACATTAATACACGG,2,4637108
ybeDp,0.5,7,5,CCTCCAGGTGGATAGATTAA,2,4654333
ybeDp,14.166666666666666,89,5,CCTATTAAAATAGGGTCGGG,84,4681656
ybeDp,0.3333333333333333,6,5,CCGTACCAGGTGGGGAAGGT,1,4671906
ybeDp,3.8333333333333335,27,5,CCGGTTGGAGGGTTGCGTAG,22,4651862
ybeDp,2.5,19,5,CCGGTCCATTTTTGACTCCA,14,4631213
ybeDp,4.333333333333333,30,5,CCGGGGGTTTAGTCCGGGGA,25,4658718
ybeDp,5.666666666666667,38,5,CCGCATTCGACTCTAACACT,33,4621690
ybeDp,7.333333333333333,48,5,CCGCATCGAGACGACCGGCA,43,4611059
ybeDp,3.3333333333333335,24,5,CCGCAAGAATTGCATACAAC,19,4609488
ybeDp,1.1666666666666667,11,5,CCGACTGGTTTAACCCATAA,6,4637872
ybeDp,2.0,16,5,CCGAACACTCCCGCTAACGG,11,4645105
ybeDp,7.166666666666667,47,5,CCCTTCCAGAGGCGTTCTGT,42,4661735
ybeDp,4.0,28,5,CCCTACAATGACCAGCCGAG,23,4624502
ybeDp,3.1666666666666665,23,5,CCCGTATCGTCTCAGGCACT,18,4631020
ybeDp,1.0,10,5,CCCGTACCCGAGAATAGATC,5,4678194
ybeDp,1.6666666666666667,14,5,CCCCTCACTGTCACTCTCTC,9,4660068
ybeDp,0.3333333333333333,6,5,CCCCCCTGCGAAGGGATGAA,1,4620699
ybeDp,7.166666666666667,47,5,CCCATATACCTTCTGTTGGT,42,4670333
ybeDp,3.3333333333333335,24,5,CCCATAGCAGGAAACTTAAA,19,4642290
ybeDp,2.3333333333333335,18,5,CCATATAGCGAATAATATAT,13,4671279
ybeDp,4.833333333333333,33,5,CCATAGTCTATCGTATATAT,28,4635033
ybeDp,3.6666666666666665,26,5,CCATAACCCAGTGCAGTTTT,21,4642426
ybeDp,0.3333333333333333,6,5,CCAGTTGATCGCGGCGCCAG,1,4632489
ybeDp,9.5,61,5,CCAGGTGCCAAAGTATTCGC,56,4654024
ybeDp,0.3333333333333333,6,5,CCAGGCGGGGACACTTGTAA,1,4622114
ybeDp,7.333333333333333,48,5,CCAGAGTGAATCTAGGGGCG,43,4619920
ybeDp,9.166666666666666,59,5,CCACTTGCAGGCGATACGGA,54,4646797
ybeDp,2.8333333333333335,21,5,CCACTGGGAACGGGCGTGCA,16,4636236
ybeDp,3.8333333333333335,27,5,CCACGCTAAATGCTGGAGTC,22,4685447
ybeDp,6.333333333333333,42,5,CCAACGATATTAGAAGGAAT,37,4643272
ybeDp,1.3333333333333333,12,5,CATTTGTTCGTTTATAATAT,7,4616536
ybeDp,1.3333333333333333,12,5,CATTTCATTACCCTGATAAC,7,4614358
ybeDp,5.0,34,5,CATTTACTCGTAGAGTGGGG,29,4682091
ybeDp,4.5,31,5,CATTGGGTCCACCTTTTCTG,26,4640210
ybeDp,4.166666666666667,29,5,CATTAGGCGCCGGACGAATT,24,4601568
ybeDp,2.8333333333333335,21,5,CATGCGAGCGGTAGGAACGG,16,4661320
ybeDp,2.0,16,5,CATGCCCACGCGGAGTTGGT,11,4684332
ybeDp,0.3333333333333333,6,5,CATGACATATAGAACCAAGA,1,4630914
ybeDp,1.3333333333333333,12,5,CATAGCAAAGCGTTAAGGGG,7,4637338
ybeDp,0.6666666666666666,8,5,CAGTGTGCGCCCGGTAATTG,3,4614569
ybeDp,3.3333333333333335,24,5,CAGTATGGGTATTTAGATCA,19,4675419
ybeDp,2.6666666666666665,20,5,CAGCACGACCATGATCCAGG,15,4621724
ybeDp,0.3333333333333333,6,5,CAGCAAGATTCTGGGTTATC,1,4646146
ybeDp,1.8333333333333333,15,5,CAGACAAGTCAACGCAAGGT,10,4625714
ybeDp,5.0,34,5,CAGAATTCAAGGTATGGTTC,29,4633764
ybeDp,13.5,85,5,CACTGCGAGCTTCCGTATAT,80,4685917
ybeDp,2.6666666666666665,20,5,CACGCGGGTTGCGTAGCATC,15,4664584
ybeDp,11.666666666666666,74,5,CACGAAAATAAAATCGCAGG,69,4660747
ybeDp,2.0,16,5,CACATATCGCTGGCTGTCAA,11,4656491
ybeDp,3.1666666666666665,23,5,CACAGGAAGAAACGACGCGG,18,4667722
ybeDp,2.5,19,5,CACAATTATCGTCTACTAAC,14,4618760
ybeDp,2.3333333333333335,18,5,CAATCTCCGCGACTTGGAAC,13,4675087
ybeDp,0.8333333333333334,9,5,CAATACCGGCTAGAGAGGCT,4,4658106
ybeDp,1.1666666666666667,11,5,CAAGCGGGCGGCGGACCCAG,6,4674622
ybeDp,12.666666666666666,80,5,CAAGCCGGGACCTTTACATA,75,4669948
ybeDp,7.833333333333333,51,5,CAAGAGACCAGAAAGTTGCT,46,4668557
ybeDp,10.5,67,5,CAAGACTCAGGAGGGTTTGA,62,4664830
ybeDp,1.5,13,5,CAACTCGATCAACTAGGACT,8,4659484
ybeDp,3.5,25,5,CAACGAACAAACAATGTATC,20,4655388
ybeDp,6.0,40,5,CAACCTCCCTAGGGCAATCA,35,4629645
ybeDp,3.0,22,5,CAACAAGGAGACACCCGGAT,17,4650681
ybeDp,0.3333333333333333,6,5,CAAATCAACGAATATTATCT,1,4666762
ybeDp,1.5,13,5,CAAAACTCCTAGAGCGATGA,8,4634946
ybeDp,3.5,25,5,CAAAACGCTTCAGAGTAGTT,20,4667988
ybeDp,1.1666666666666667,11,5,CAAAACGAGGCGAAACCTAT,6,4648784
ybeDp,0.3333333333333333,6,5,ATTTTGTGCGACTTGACGCT,1,4602544
ybeDp,4.666666666666667,32,5,ATTTGTAGGGAAACGTTGCA,27,4605179
ybeDp,0.3333333333333333,6,5,ATTTGAGGTAACGGCCTGAC,1,4677490
ybeDp,3.0,22,5,ATTTCGTTCTCCTCAGGCGA,17,4628296
ybeDp,1.5,13,5,ATTTAGTCAGGTAGCGTGGT,8,4646755
ybeDp,3.3333333333333335,24,5,ATTTAATCTGGCGCCAAAGA,19,4682484
ybeDp,1.6666666666666667,14,5,ATTGGCCGTGGCAGCAGAGA,9,4678318
ybeDp,4.5,31,5,ATTCGCCCCCCTTCAACGAA,26,4654760
ybeDp,0.6666666666666666,8,5,ATTCCAGATGTAATGTTGGT,3,4674712
ybeDp,6.5,43,5,ATTATGACATCTCGACCTCG,38,4669139
ybeDp,10.666666666666666,68,5,ATTATCCACCCGAGTTTAAA,63,4682400
ybeDp,3.6666666666666665,26,5,ATTAACTACGATTGGTCGAG,21,4637016
ybeDp,0.6666666666666666,8,5,ATGTGATGGAGCCTAGTACC,3,4648467
ybeDp,5.666666666666667,38,5,ATGTCTACAATGCTCCCATT,33,4603984
ybeDp,8.0,52,5,ATGGGCCATGCCCCGCCGTC,47,4642691
ybeDp,1.1666666666666667,11,5,ATGGATCTCCTATACACCGT,6,4634199
ybeDp,9.5,61,5,ATGCCTACATAAGGTATGGG,56,4668284
ybeDp,0.5,7,5,ATGAGGCTGTAGGTAGCCGA,2,4636612
ybeDp,5.166666666666667,35,5,ATGACTCCAAGACGTTCGAT,30,4648161
ybeDp,29.166666666666668,179,5,ATCGCGTAGACTAGGCGCAG,174,4688319
ybeDp,7.333333333333333,48,5,ATCGCGTAATCACGCAATCT,43,4604974
ybeDp,2.6666666666666665,20,5,ATCGCATCGTTTGTCCGCCT,15,4668666
ybeDp,3.0,22,5,ATCCTTCATTGTCAACACAT,17,4642123
ybeDp,6.5,43,5,ATCCTAGCGAGTTCAGCGAT,38,4660391
ybeDp,1.6666666666666667,14,5,ATCCGATGATCATACGGACA,9,4650471
ybeDp,4.0,28,5,ATCCAAGGAGCACCACATAA,23,4656558
ybeDp,14.666666666666666,92,5,ATATCTGGGTGACTGACTAC,87,4643619
ybeDp,3.1666666666666665,23,5,ATATATGATTGGTTGTGGTA,18,4642427
ybeDp,7.0,46,5,ATAGCCAGTCATCCACACAT,41,4683289
ybeDp,4.5,31,5,ATAGCATAGTTTTAAGGGAG,26,4668197
ybeDp,0.3333333333333333,6,5,ATACGTATCCTGAGCTAGAG,1,4647101
ybeDp,8.666666666666666,56,5,ATAATATCGCTGCATTTCAA,51,4645320
ybeDp,14.166666666666666,89,5,AGTTTGCTGCTGGTTTACCT,84,4603562
ybeDp,2.6666666666666665,20,5,AGTTCTTGATTGCCCTTAAC,15,4653326
ybeDp,1.1666666666666667,11,5,AGTGTCTGCCTGACCGCTTG,6,4609933
ybeDp,7.333333333333333,48,5,AGTGCCTCCCGCTTCAAGAT,43,4644667
ybeDp,5.833333333333333,39,5,AGTCCCACGCTTGGAGGTCG,34,4619886
ybeDp,2.0,16,5,AGTATGCATTCGTTCTGCGA,11,4671228
ybeDp,44.5,271,5,AGTACAGAAGCCTCGTCCTA,266,4618792
ybeDp,0.5,7,5,AGTAAAACTGTTGATGTCCT,2,4625815
ybeDp,2.8333333333333335,21,5,AGGTGAGTCATTTTGGTCAA,16,4642227
ybeDp,4.166666666666667,29,5,AGGTCTTGGTGCTACGAAAC,24,4662464
ybeDp,3.3333333333333335,24,5,AGGTCATTAGGCATTCTACG,19,4683961
ybeDp,4.666666666666667,32,5,AGGGTGTAGGAGGAGTTTAG,27,4634482
ybeDp,2.1666666666666665,17,5,AGGGTGATTGCGGTACTTGT,12,4664566
ybeDp,3.3333333333333335,24,5,AGGCTAAGAGCCCAGCTGCC,19,4644725
ybeDp,6.833333333333333,45,5,AGGCCCTGCACCTCGCGGAA,40,4629425
ybeDp,5.0,34,5,AGGCACGATTTCTAGAATAG,29,4671314
ybeDp,24.166666666666668,149,5,AGGAGCGGGAATTGTAGGCC,144,4606471
ybeDp,4.333333333333333,30,5,AGGAATACGAATTCAATCGT,25,4639451
ybeDp,6.333333333333333,42,5,AGCTCCAGGCTACTCGGGGT,37,4672457
ybeDp,2.3333333333333335,18,5,AGCGGTATGGTCGTTACCAC,13,4654016
ybeDp,0.5,7,5,AGCCTACTGTATGGGACATG,2,4645263
ybeDp,2.0,16,5,AGCCCCGGGGCGAAACTAAC,11,4617928
ybeDp,5.5,37,5,AGCATTTTTTTCGATTTAAC,32,4659097
ybeDp,11.333333333333334,72,5,AGCAAGCATACGTTGGCTTA,67,4642182
ybeDp,3.6666666666666665,26,5,AGATGCACACTATGTAGCTC,21,4602074
ybeDp,0.5,7,5,AGATCTCGTAATCCTAACGG,2,4648051
ybeDp,1.6666666666666667,14,5,AGATCCGATTTCCATGTTAA,9,4632085
ybeDp,4.666666666666667,32,5,AGAGTTAGGTTAGAGACAAA,27,4648917
ybeDp,2.3333333333333335,18,5,AGAGAAAGGTAGAGGGTAGT,13,4605908
ybeDp,1.5,13,5,AGACTACCAACCGCCGCCGG,8,4641730
ybeDp,1.1666666666666667,11,5,AGAAGGTGATGTTCTCCAGC,6,4639423
ybeDp,1.3333333333333333,12,5,AGAAAACCGTCAATTAATCG,7,4681484
ybeDp,4.0,28,5,ACTTTAGGTAATATGTCACC,23,4648321
ybeDp,4.5,31,5,ACTTCAGTGGTCACGTCGGA,26,4618383
ybeDp,4.0,28,5,ACTGGGCGTTTGGATTCGAA,23,4627899
ybeDp,2.3333333333333335,18,5,ACTGGGAAAGTCGTCCAGGA,13,4603337
ybeDp,0.8333333333333334,9,5,ACTGCAAAGAGGCAGATGCT,4,4654660
ybeDp,5.833333333333333,39,5,ACTCAGGGTTTCGGAACTAC,34,4603483
ybeDp,1.8333333333333333,15,5,ACTCAAGGGTCGGCCAATCG,10,4651066
ybeDp,4.166666666666667,29,5,ACTATCTTCGAAGGTCCGTT,24,4621199
ybeDp,2.1666666666666665,17,5,ACGTTAGAAAACCTGAGCCA,12,4648982
ybeDp,3.3333333333333335,24,5,ACGTCCGCGCAAACACGATA,19,4615467
ybeDp,6.5,43,5,ACGTATCCCACTAAAATAGT,38,4667501
ybeDp,1.1666666666666667,11,5,ACGTACCGAGGAACTCGATG,6,4607807
ybeDp,1.5,13,5,ACGGTTCTGTTAACCCACCG,8,4650187
ybeDp,1.8333333333333333,15,5,ACGCCCATTCTTGCCAGCCC,10,4669725
ybeDp,2.1666666666666665,17,5,ACGATTTGGACATATATCAA,12,4656208
ybeDp,9.833333333333334,63,5,ACGATGAAACCCGGTCCGTG,58,4662313
ybeDp,3.8333333333333335,27,5,ACGAGGATTGGTCAGAACAT,22,4608578
ybeDp,2.3333333333333335,18,5,ACGACTGAGCCTGCATGAAT,13,4639756
ybeDp,9.833333333333334,63,5,ACGACGCCAAAAGACAGCCG,58,4665419
ybeDp,0.3333333333333333,6,5,ACCTTTCTCTGCCCACGTCT,1,4642437
ybeDp,5.666666666666667,38,5,ACCCGGGGCTACCCGGGTAA,33,4637908
ybeDp,4.166666666666667,29,5,ACCCGCCTGGGGCGAATTAC,24,4667622
ybeDp,23.0,142,5,ACCATAGTCCATGCGAAGCA,137,4643250
ybeDp,2.1666666666666665,17,5,ACCACAGCACGCTAACATGA,12,4675937
ybeDp,3.0,22,5,ACCACACCTGATTGGCTATC,17,4665779
ybeDp,5.5,37,5,ACATTTATAAGGATAAAACA,32,4658555
ybeDp,1.3333333333333333,12,5,ACATGCTCATAACCTCTCTA,7,4652450
ybeDp,2.3333333333333335,18,5,ACATCCCCCGCCTCCGATTA,13,4646632
ybeDp,1.6666666666666667,14,5,ACATCACAACGTAGTGGACA,9,4660831
ybeDp,2.3333333333333335,18,5,ACAGGGTCGTTAGCCTTTCT,13,4675200
ybeDp,3.6666666666666665,26,5,ACAGCCCAAGGTCACTGCGC,21,4662323
ybeDp,9.166666666666666,59,5,ACAGCCATTAGTTCGCTACT,54,4637634
ybeDp,3.0,22,5,ACAGACTGAGTGTGTCCTTG,17,4662948
ybeDp,2.0,16,5,ACACGGTGTAGTCTGTTCAG,11,4678780
ybeDp,2.0,16,5,ACACGCGACCCCCGGCCAAA,11,4667495
ybeDp,11.333333333333334,72,5,ACAAGGGAATTATCGCAGAA,67,4675571
ybeDp,1.0,10,5,ACAACTCTATGCAATAAGTT,5,4610433
ybeDp,0.6666666666666666,8,5,ACAAAAGTGAAATTCGCTTT,3,4604175
ybeDp,2.3333333333333335,18,5,AATTTGGTCGGCTCTGGCTT,13,4656953
ybeDp,1.5,13,5,AATTGGCCCTTCGCAGTTAC,8,4674211
ybeDp,2.6666666666666665,20,5,AATTAGCGTAAGGTGGTACG,15,4634878
ybeDp,8.5,55,5,AATGTTCATAGCTTGGGATC,50,4603560
ybeDp,6.0,40,5,AATGCCCCTAACTAGCCCGT,35,4684629
ybeDp,3.5,25,5,AATCTTAGGGCGTATAGTGA,20,4601869
ybeDp,2.5,19,5,AATCGGACCCGTCTCCCACT,14,4604610
ybeDp,5.5,37,5,AATATGTAGATCATATTCGA,32,4654382
ybeDp,0.6666666666666666,8,5,AATATCTAGAGATTAAGATT,3,4657744
ybeDp,4.833333333333333,33,5,AAGTAAGGAGTTCGTAACAG,28,4609208
ybeDp,8.0,52,5,AAGGTACTGTTCATGTGAGA,47,4643647
ybeDp,2.0,16,5,AAGGGGATCTCCATCGCCCT,11,4622279
ybeDp,2.1666666666666665,17,5,AAGGGCGCCTTCTTGGCGCG,12,4602651
ybeDp,5.333333333333333,36,5,AAGGAAGGTACAAAAAGCGC,31,4641029
ybeDp,1.5,13,5,AAGCTTCCACCCTAAGAAGT,8,4672636
ybeDp,0.3333333333333333,6,5,AAGCGGCCCGAGGTCGTGCA,1,4659897
ybeDp,3.8333333333333335,27,5,AAGCGAGCTTCTCTTACACA,22,4635740
ybeDp,3.5,25,5,AAGCCAATCCGCTATAATCC,20,4643858
ybeDp,0.3333333333333333,6,5,AAGCATATAAAACCGGTCGT,1,4657929
ybeDp,59.166666666666664,359,5,AAGATGGAAGGGACCTTTTA,354,4658352
ybeDp,0.3333333333333333,6,5,AAGAGCTAGCGTCCGTAGAT,1,4646149
ybeDp,1.0,10,5,AAGACCTACTCCATACACCA,5,4641774
ybeDp,1.6666666666666667,14,5,AAGACCAGCGGGGGGGTGAT,9,4671596
ybeDp,5.5,37,5,AACTCGTCATGTTGGTTCTC,32,4635687
ybeDp,0.6666666666666666,8,5,AACTCGCGCTGTTTAAGATT,3,4624040
ybeDp,1.8333333333333333,15,5,AACTAGGCGACCGCCCCTGC,10,4653071
ybeDp,16.166666666666668,101,5,AACGGTCACGCGTATTGCTA,96,4629519
ybeDp,0.3333333333333333,6,5,AACGCTTGTACGCACATCGA,1,4654326
ybeDp,1.5,13,5,AACGCCGTATCCGATGCCTA,8,4687106
ybeDp,2.0,16,5,AACGCCATTTACCGTTGTCT,11,4635731
ybeDp,3.0,22,5,AACCTAATCGTCAAAGAGCA,17,4631686
ybeDp,14.166666666666666,89,5,AACCGGACAGGTAAAATTCA,84,4641310
ybeDp,1.6666666666666667,14,5,AACCCTGGCCGGGCTCAGTC,9,4643879
ybeDp,0.3333333333333333,6,5,AACCCCCACAGGGGGGCCTG,1,4677519
ybeDp,21.666666666666668,134,5,AACAGCAAAGTCGAGGACAA,129,4658681
ybeDp,3.1666666666666665,23,5,AACAATGGGACCCAGAACGG,18,4641091
ybeDp,2.1666666666666665,17,5,AAATTATGCGTGTCGTCTTC,12,4661070
ybeDp,0.3333333333333333,6,5,AAATCCTAACCCTAATTTCG,1,4617315
ybeDp,5.5,37,5,AAAGGGCGTATGGGGGCCGT,32,4615316
ybeDp,4.0,28,5,AAAGCTCTACGCCGTGCTAC,23,4654658
ybeDp,3.0,22,5,AAAGCTAGCGGCGACACACT,17,4669697
ybeDp,1.1666666666666667,11,5,AAAGACTCAGCTTCCTAATT,6,4648262
ybeDp,1.0,10,5,AAACAATGTTGAAGTATCAA,5,4625177
ybeDp,1.8333333333333333,15,5,AAAATTCATTAGTCAGCGTA,10,4626878
ybeDp,3.3333333333333335,24,5,AAAAACTGATACAGGACGGT,19,4669472
ybeDp,7.6,41,4,TTTCTGGCGCACGACCGATC,37,4647502
ybeDp,7.0,38,4,TTTCTATCCGTTAGCGGTGT,34,4624546
ybeDp,4.8,27,4,TTTCCCTCCGGAAGAATGAC,23,4614511
ybeDp,0.4,5,4,TTTATCGAGGAGGGCACCGA,1,4641930
ybeDp,1.4,10,4,TTGTTCGTCAGGGGGGGCCG,6,4638854
ybeDp,7.8,42,4,TTGTAGGGCAGCATCACTTT,38,4657666
ybeDp,3.4,20,4,TTGGTAGGAGGTTGTGTCGT,16,4637952
ybeDp,3.2,19,4,TTGGGGGATTGAACTGCGAG,15,4661817
ybeDp,2.0,13,4,TTGCTTTTCAAGGATTAAAC,9,4621900
ybeDp,4.2,24,4,TTGCGTTCGTCCTACAGCCG,20,4642181
ybeDp,4.8,27,4,TTGCGTTACGCCGACGAAGC,23,4676851
ybeDp,2.2,14,4,TTGCGCCCCGAGTTAGGTGA,10,4608859
ybeDp,2.0,13,4,TTGCCAAACGGCACATAGTA,9,4622665
ybeDp,6.0,33,4,TTCTTTCCCCCAGGGGTACT,29,4672819
ybeDp,2.6,16,4,TTCTGACGACACACATATAG,12,4664749
ybeDp,6.6,36,4,TTCTCATGTGTTGGACGGTT,32,4665475
ybeDp,3.0,18,4,TTCGTTACTTCCAGAAAGGC,14,4632879
ybeDp,3.8,22,4,TTCCAGTCCGATATACAGAC,18,4624285
ybeDp,1.4,10,4,TTCCAGCGATTGCAGGCCCT,6,4662372
ybeDp,3.8,22,4,TTCCAAGAAGGCACAATTAG,18,4668717
ybeDp,3.8,22,4,TTCAGAAGGCCACACGTGCA,18,4627394
ybeDp,3.4,20,4,TTCACTGTACGTTTATGCAA,16,4626356
ybeDp,4.4,25,4,TTATGATGCAAACGTGTTTT,21,4672669
ybeDp,2.0,13,4,TTAGATCTGAGTTGGAGGAT,9,4630915
ybeDp,3.2,19,4,TTAGAGGTGCCTAGTACGAT,15,4634139
ybeDp,0.6,6,4,TTACTGGCTCTTGGTATGTC,2,4605384
ybeDp,1.8,12,4,TTACGGGGGTCGGGTTCCCT,8,4676254
ybeDp,0.6,6,4,TTACATCGACTGGCCTGTCA,2,4623212
ybeDp,8.8,47,4,TTACAGTCAATCAGAAACAT,43,4622303
ybeDp,6.4,35,4,TTAATGGGAAGACCGGAGTG,31,4677714
ybeDp,11.2,59,4,TTAATACGCTCTGGGGTCCG,55,4647982
ybeDp,2.8,17,4,TGTCTTGATCTTTTCGAAAC,13,4618506
ybeDp,1.0,8,4,TGTCTGCTCACTAGAGATTG,4,4651055
ybeDp,1.0,8,4,TGTCGAGAGCCGCCCGAGGA,4,4666268
ybeDp,2.8,17,4,TGTAGGGAATAGAGAATATA,13,4682908
ybeDp,5.2,29,4,TGTACATACTAGGTTGAGAA,25,4649936
ybeDp,4.2,24,4,TGGTTCCGGATGGAATCTGG,20,4633132
ybeDp,6.6,36,4,TGGGACCTTCTTAATTAATG,32,4609474
ybeDp,7.0,38,4,TGGCTCACAGGGGACAGACA,34,4654991
ybeDp,0.4,5,4,TGGCCAGACTTTGCCCAGGC,1,4657758
ybeDp,0.6,6,4,TGGCACGTCATTATCTCAAC,2,4650219
ybeDp,2.2,14,4,TGGATAGGCACTGCTCTGAA,10,4659525
ybeDp,3.8,22,4,TGGAGCGACGAAATATTTAA,18,4668745
ybeDp,16.0,83,4,TGGACGGTAGTTGACCACGG,79,4622413
ybeDp,2.4,15,4,TGGACCCCATCTTACTGGCC,11,4603443
ybeDp,8.2,44,4,TGGAATGTCGGCTGGCGGCC,40,4615287
ybeDp,3.6,21,4,TGCTATGAAATAATGGGAGG,17,4630315
ybeDp,19.0,98,4,TGCGACCACATGATGAGCAA,94,4673834
ybeDp,7.6,41,4,TGCATTTACAATGCAGTAGC,37,4649588
ybeDp,1.0,8,4,TGATTTCTAGCGACCGCGGG,4,4608261
ybeDp,3.2,19,4,TGATGCGGTTATACGTTACT,15,4638668
ybeDp,5.8,32,4,TGATCGTGGGGCGCGGAGAG,28,4680178
ybeDp,6.4,35,4,TGATCCCGTCGGGCACTTTA,31,4664286
ybeDp,10.2,54,4,TGAGGTTCAGCATGCAGCTC,50,4624979
ybeDp,6.8,37,4,TGAGGTGGTTGGTTTCATGT,33,4687471
ybeDp,2.6,16,4,TGACTTAATCGGGGAATCAT,12,4670796
ybeDp,14.8,77,4,TGACCATTAGTGCTGTGGAC,73,4638103
ybeDp,0.4,5,4,TGACATAGTATCTCGTACAA,1,4674233
ybeDp,3.4,20,4,TGAATGTGCTCCAGGTGCCA,16,4624043
ybeDp,1.8,12,4,TGAAGGGCATGCTAATCAAT,8,4609043
ybeDp,0.4,5,4,TGAACGGTTTGCCACTACTC,1,4607640
ybeDp,2.2,14,4,TGAACAGAACAACCGAACTC,10,4614449
ybeDp,4.8,27,4,TGAAATTCACAGGGGTCACA,23,4671583
ybeDp,4.8,27,4,TCTTAGGTATGATACACTAT,23,4663717
ybeDp,4.6,26,4,TCTTACAGCATACCCCCGTT,22,4683267
ybeDp,1.6,11,4,TCTGGGGGGATATGCCAACC,7,4656827
ybeDp,3.0,18,4,TCTGGAACTGCAATAAAGAA,14,4619288
ybeDp,0.6,6,4,TCTGCTTCCTGTTAAATGCG,2,4679793
ybeDp,4.8,27,4,TCTGCTGGCTATCAAGTTCA,23,4659721
ybeDp,4.6,26,4,TCTCTTGCGCATCTAAACTT,22,4681002
ybeDp,2.0,13,4,TCTCGTTGGCAACAAGTTTC,9,4654379
ybeDp,1.0,8,4,TCTCGGCTGTGCGTTGCCCT,4,4668415
ybeDp,0.6,6,4,TCTAGGGACCCCCCTTTTAT,2,4642855
ybeDp,7.8,42,4,TCTACTAACATCGCCTTAGC,38,4657527
ybeDp,4.0,23,4,TCTAATGCGTATGCGCGCTA,19,4601813
ybeDp,3.8,22,4,TCGTGGCGATTGTCTACCGT,18,4655110
ybeDp,3.4,20,4,TCGTGCGGGCCTCTATCTCA,16,4674493
ybeDp,8.6,46,4,TCGGTCGCACGTCGGCGCAT,42,4665381
ybeDp,21.4,110,4,TCGGTATCATTTACAGCCAT,106,4660761
ybeDp,4.2,24,4,TCGGGGTTTCTCAGAGCTGC,20,4651790
ybeDp,2.6,16,4,TCGGAGTCCTCATGTCGTAA,12,4626216
ybeDp,4.6,26,4,TCGCGGTCTGGAGGACACGC,22,4603677
ybeDp,0.8,7,4,TCGCCTTTTGTTTGAGAGTG,3,4673298
ybeDp,4.4,25,4,TCGCACTGGTACTAAGCCGT,21,4616505
ybeDp,0.4,5,4,TCGCACCCGCGGGAGGCGTC,1,4666360
ybeDp,0.4,5,4,TCGAGTCAGCGGGAACGCCC,1,4663369
ybeDp,4.2,24,4,TCCTTGGTCCGCTCATTACT,20,4654688
ybeDp,4.6,26,4,TCCTTGGGGTACCAAGGAAC,22,4612558
ybeDp,6.2,34,4,TCCTAATTAGTAGGGCTTCT,30,4614281
ybeDp,2.4,15,4,TCCGGTGTGCTATTCCCAAT,11,4659676
ybeDp,3.4,20,4,TCCGAGGGTCCCGCGCTTAG,16,4669077
ybeDp,0.6,6,4,TCCCTCCGTGAGAACATAAT,2,4631650
ybeDp,10.4,55,4,TCCCGTTCCACGATGCCACG,51,4657349
ybeDp,0.4,5,4,TCCCGTGGTAATGTATCACC,1,4614145
ybeDp,5.2,29,4,TCCCCTCTCTACAAGGAATA,25,4627519
ybeDp,44.0,223,4,TCCAATCGCCAATGCGGCGG,219,4665017
ybeDp,24.2,124,4,TCATTGAGTTAATCAGCCCG,120,4685645
ybeDp,5.8,32,4,TCATTCGGTCTTCAAGAACA,28,4650296
ybeDp,18.6,96,4,TCATAAAAACAGGGATGGCT,92,4611713
ybeDp,3.8,22,4,TCAGTAATGGGTATAGCGGT,18,4631292
ybeDp,2.0,13,4,TCAGGTTATGCTAGTCATTA,9,4685570
ybeDp,7.2,39,4,TCAGCGGTCTAGCGTATCCG,35,4672618
ybeDp,6.2,34,4,TCACTATGACGATATACTCC,30,4628961
ybeDp,3.0,18,4,TCACACTGGTTGTGTGCCTC,14,4630775
ybeDp,10.6,56,4,TCAATCCGATGATCGGGTGG,52,4667928
ybeDp,0.6,6,4,TCAAGGCTCCCCGTGTGACT,2,4661049
ybeDp,4.8,27,4,TCAACCACCCTGCAAGCTCT,23,4668629
ybeDp,1.4,10,4,TCAAATTCTCGGGCTTCTGA,6,4615254
ybeDp,2.4,15,4,TCAAAATGCAAAAGAGCGTA,11,4625737
ybeDp,6.4,35,4,TATGCTATTACTAGAAGTAA,31,4625976
ybeDp,6.8,37,4,TATGCCGCGATGTGCGGCGA,33,4679543
ybeDp,0.4,5,4,TATCGAAAGCAAAATGTCCA,1,4658227
ybeDp,2.2,14,4,TATCAATACACTGCTTGCCA,10,4638734
ybeDp,0.4,5,4,TATAGTTCATTAGGGGAGCC,1,4637138
ybeDp,4.0,23,4,TATAGTAAGATCGTACCCAT,19,4639312
ybeDp,0.4,5,4,TATAGGTCCCTCAGAGAAGA,1,4675177
ybeDp,6.4,35,4,TATAGGATTCGTTGGCCTGA,31,4608576
ybeDp,71.0,358,4,TATACTTCCGGAACAATCCC,354,4675452
ybeDp,7.8,42,4,TATACGAGCACTCAGTTCCT,38,4616686
ybeDp,5.4,30,4,TAGGCTAGAATGACTTAACA,26,4654112
ybeDp,3.6,21,4,TAGGACCCTACCAGTGGACA,17,4662579
ybeDp,2.0,13,4,TAGGAAAGGGCTAAAGTCGG,9,4618586
ybeDp,0.8,7,4,TAGCTGAGGTGTATCACGTA,3,4640758
ybeDp,3.8,22,4,TAGCGGAATGCCTATATGTT,18,4684145
ybeDp,3.2,19,4,TAGCGCCGTGCACCAGGGGA,15,4685653
ybeDp,7.0,38,4,TAGCCGCTCTTGGCATGCCA,34,4687142
ybeDp,2.4,15,4,TACTTACTCGCTGTGTAACA,11,4602523
ybeDp,5.2,29,4,TACGTTCCAGTGTAGCTTCC,25,4630611
ybeDp,3.6,21,4,TACGGTTCCACCGTAGCAGT,17,4635733
ybeDp,10.2,54,4,TACGGCCGCAAACAACATGA,50,4686648
ybeDp,4.2,24,4,TACCTACTTAATTGCTAACT,20,4672825
ybeDp,8.0,43,4,TACATTGATAGCAAATTACG,39,4610410
ybeDp,41.8,212,4,TACATTCACTCGTGGCGTCA,208,4609598
ybeDp,8.8,47,4,TACAGATACAGTTATGGCAT,43,4607421
ybeDp,3.0,18,4,TACACACGCATATATATTGT,14,4648604
ybeDp,4.8,27,4,TAATTTTAATCACTGGCAGT,23,4631179
ybeDp,0.6,6,4,TAATAATCGTCTCAATAGAT,2,4632527
ybeDp,4.6,26,4,TAATAAAGAGCACTTACATC,22,4687005
ybeDp,10.4,55,4,TAAGGCCGTGCGAGCCTACG,51,4681869
ybeDp,2.2,14,4,TAAGCTAATTCTGTCTTAAT,10,4604383
ybeDp,0.4,5,4,TAAGAATTTTAATGTCCGAT,1,4618464
ybeDp,4.6,26,4,TAACTTATTCCGTCATCAGC,22,4672699
ybeDp,0.8,7,4,TAACGTGGACGAACTGACTT,3,4685673
ybeDp,3.6,21,4,TAACGGTGGTTCATTGAAAC,17,4639535
ybeDp,0.8,7,4,TAAAATCTTTTAGAGGAACG,3,4688073
ybeDp,3.6,21,4,GTTTGCCTCACAACTTTAGT,17,4641244
ybeDp,2.6,16,4,GTTCCTTAAGTCGCTGATGC,12,4607509
ybeDp,1.4,10,4,GTTCCCGGCGCAATGTTCCA,6,4632451
ybeDp,0.4,5,4,GTTAGCTTGGAATTGGGGTG,1,4611815
ybeDp,2.6,16,4,GTTACCGACTATAGGACGCA,12,4615842
ybeDp,7.2,39,4,GTGTCAAGGACTGAGCGCTA,35,4609328
ybeDp,4.2,24,4,GTGGTAAATTATGGGAGTAT,20,4677904
ybeDp,3.8,22,4,GTGCTCTCGACCATTGTTGC,18,4657694
ybeDp,1.6,11,4,GTGCTCTAATAGGCGCTGCA,7,4671057
ybeDp,1.8,12,4,GTGCGTCATCATTGCCACAT,8,4677854
ybeDp,3.8,22,4,GTGCGGTCTGCAAAGTCGAA,18,4654596
ybeDp,1.6,11,4,GTGCCGGGGCTGACGCTTTT,7,4675992
ybeDp,4.2,24,4,GTGCCAGGGACATCAAGGCC,20,4664562
ybeDp,36.4,185,4,GTGCATTCCTGCCTATAGGA,181,4632932
ybeDp,16.2,84,4,GTGCACTGGTGCTTATTAAG,80,4611319
ybeDp,6.0,33,4,GTGATTTTAGCTGTACGCGT,29,4602575
ybeDp,4.6,26,4,GTGAGAACGTCAATCCTCGT,22,4611686
ybeDp,7.4,40,4,GTGACGCGGCAAGGCTCTGA,36,4617782
ybeDp,4.2,24,4,GTGACCTGAACATAGTGGAT,20,4653483
ybeDp,6.0,33,4,GTGAATTGGCTTAAGTGGGT,29,4636404
ybeDp,3.0,18,4,GTCTGTATCATGTAGCCGCC,14,4623202
ybeDp,6.6,36,4,GTCTGACTGTGCATGCATGA,32,4662243
ybeDp,2.4,15,4,GTCTCTCGAGTTCGGAAAGA,11,4687154
ybeDp,6.4,35,4,GTCTCGTGCTAGCCAAGGTG,31,4608412
ybeDp,0.4,5,4,GTCGTCGTCAACCGACACCA,1,4631608
ybeDp,0.6,6,4,GTCGGTTTTCGCTAACGCAG,2,4640112
ybeDp,0.8,7,4,GTCGATAGCAACACCAGTAC,3,4642606
ybeDp,21.4,110,4,GTCCTCTTTTGCTTCTTGTT,106,4647331
ybeDp,6.4,35,4,GTCCTCGTGTACACTCGAAA,31,4636342
ybeDp,7.0,38,4,GTCCTACTTAGATGTAGTGG,34,4657463
ybeDp,12.6,66,4,GTCCATGGAGGCCACGGGAA,62,4684423
ybeDp,0.4,5,4,GTCATGCGTAACCTTCGCTC,1,4627642
ybeDp,3.2,19,4,GTCATCTTCACGGGTCAGGA,15,4624389
ybeDp,7.8,42,4,GTCACAAGCGACGGGTTGGC,38,4641814
ybeDp,1.6,11,4,GTATCTAGCTCGTCCTCGTC,7,4661634
ybeDp,3.8,22,4,GTAGGGATGGGTTCCTAGAC,18,4638055
ybeDp,3.0,18,4,GTAGCACGTAGTCCGACCAC,14,4648978
ybeDp,2.8,17,4,GTAGATTTTGTCAGGAACTT,13,4681266
ybeDp,4.8,27,4,GTAGATGATACGCGTATCGT,23,4626096
ybeDp,3.4,20,4,GTACAATCCTTTTGCGAGGA,16,4660962
ybeDp,7.0,38,4,GTAATCGTATCAGCATACTG,34,4684682
ybeDp,2.4,15,4,GTAAGCTCCCTGAGAGTCTC,11,4627388
ybeDp,1.8,12,4,GTAACCCAGATACCAACACT,8,4630475
ybeDp,1.0,8,4,GGTTCAGTATTGATTCTTTG,4,4633972
ybeDp,2.0,13,4,GGTGTTATGGATGATTCCAC,9,4665438
ybeDp,4.8,27,4,GGTGTAACTTCAGCGCCTCC,23,4646672
ybeDp,1.8,12,4,GGTGGGCCGCTGATTATATC,8,4645086
ybeDp,11.2,59,4,GGTGGCGTGGCATTCATATT,55,4658864
ybeDp,1.4,10,4,GGTCACTCCCAAATAACTTG,6,4683493
ybeDp,0.4,5,4,GGTCAAAGTATGTTTCCTCA,1,4646000
ybeDp,23.4,120,4,GGTATTAAGTCGCGGCTCAA,116,4686172
ybeDp,4.6,26,4,GGTAGGTCTAATACGCGAGT,22,4682939
ybeDp,0.6,6,4,GGGTTTTACTCGTCGCGCTA,2,4652085
ybeDp,2.8,17,4,GGGTGAATCGACCTCTTACA,13,4635348
ybeDp,1.6,11,4,GGGGTCTAGACATTTAAACT,7,4621276
ybeDp,1.2,9,4,GGGGATTCGCGCGCAACCCA,5,4627817
ybeDp,13.0,68,4,GGGCCTGTACTAAGATGATA,64,4604834
ybeDp,0.4,5,4,GGGCCTGGAATTAAAGAAGT,1,4665934
ybeDp,3.2,19,4,GGCGGTACCTCGTACAAAGA,15,4678219
ybeDp,3.2,19,4,GGCGGCATTATCTTTCAATA,15,4674134
ybeDp,1.2,9,4,GGCAGTTCAGCGACCGTATG,5,4643348
ybeDp,4.0,23,4,GGCAATTAGATAAATTCCGT,19,4653035
ybeDp,3.2,19,4,GGCAATCAACCCTAGGGGTT,15,4613623
ybeDp,9.0,48,4,GGCAAGCCACGCGGAAAGGA,44,4651430
ybeDp,2.4,15,4,GGATTAAAGAGATCTTGGGG,11,4682828
ybeDp,3.4,20,4,GGATGAATCGTGTTGCATCA,16,4645820
ybeDp,1.0,8,4,GGAGCTGGCATCGCTTCGGT,4,4672165
ybeDp,3.0,18,4,GCTTGTTAAATTGGTATCCA,14,4659409
ybeDp,28.2,144,4,GCTTGTATAAGTGCTAATGG,140,4679589
ybeDp,2.6,16,4,GCTAGATAATGAAGAGGAGT,12,4658675
ybeDp,4.4,25,4,GCTACTTTCCTGAAAAGGTA,21,4610523
ybeDp,5.8,32,4,GCTAAGAAACTTCGTTGGTC,28,4636053
ybeDp,0.4,5,4,GCGTGTATTAACGCAAATCC,1,4665722
ybeDp,0.8,7,4,GCGTCGTCCGGTCCGTGCCG,3,4676279
ybeDp,0.4,5,4,GCGTCATCTAATTATTCCCT,1,4622876
ybeDp,3.4,20,4,GCGTAGACGAAAAGGGCCGC,16,4656427
ybeDp,10.4,55,4,GCGTACCCTCCGTTGTTCTG,51,4622360
ybeDp,2.0,13,4,GCGGGGTAGAACACGAGTTG,9,4624562
ybeDp,16.0,83,4,GCGCCAAGTCGTCTAAGACT,79,4614971
ybeDp,1.4,10,4,GCGAGCACAGTGCGGTAGCT,6,4609520
ybeDp,2.2,14,4,GCCTTTCGGGCACGTACTAC,10,4608278
ybeDp,9.0,48,4,GCCTTAACGCTCCGAAATTT,44,4638710
ybeDp,3.8,22,4,GCCTGAGATCGGGGAACGGT,18,4620842
ybeDp,3.8,22,4,GCCTATTATCCCGCAACCCG,18,4667251
ybeDp,9.6,51,4,GCCGTTCGGAGACAGAAACA,47,4645954
ybeDp,7.8,42,4,GCCGCTTCCCCGTGACGGAT,38,4645009
ybeDp,3.8,22,4,GCCCCAATCTCTTACATGCA,18,4624451
ybeDp,19.0,98,4,GCCAGTAAACCCGCCTACAT,94,4612295
ybeDp,2.4,15,4,GCCAGATCGGTCAGGGTTGT,11,4683617
ybeDp,2.0,13,4,GCATTGGTGCACAATCATAA,9,4665357
ybeDp,4.2,24,4,GCATGGAACCGCATAATCCT,20,4619093
ybeDp,8.6,46,4,GCATAGTCGCCAAGTTGTTT,42,4627271
ybeDp,1.0,8,4,GCATAACAACCTCCCTGCTA,4,4657299
ybeDp,3.8,22,4,GCAGTAAGTGTGACACTATT,18,4639882
ybeDp,3.6,21,4,GCACCCCCGAAAGATGATCC,17,4663965
ybeDp,7.6,41,4,GATTTGTACGGTGGTGCAAA,37,4665270
ybeDp,2.2,14,4,GATTGCAATACCGTGAGCAT,10,4647117
ybeDp,7.0,38,4,GATTCAGCATAGGACTGATA,34,4647980
ybeDp,0.4,5,4,GATGTTTCTGCATGCACCAA,1,4656622
ybeDp,9.6,51,4,GATGTCGCGTGTCGAGGGTA,47,4630458
ybeDp,0.4,5,4,GATCATTACCCGCCAGAAAA,1,4627150
ybeDp,0.6,6,4,GATACGGTTTGAGAGTTTTG,2,4685696
ybeDp,11.0,58,4,GATACCTCGTCCGCCCGGGT,54,4654023
ybeDp,2.0,13,4,GAGTGTGAACTATGTACGTA,9,4611593
ybeDp,8.0,43,4,GAGTGCATCACCAGGGCCAC,39,4669034
ybeDp,2.2,14,4,GAGGCTTGCTCTCGAGTCTC,10,4616780
ybeDp,4.8,27,4,GAGCGTACATGGACAGCGTC,23,4680001
ybeDp,11.4,60,4,GAGCGGTACGGCAGTGAATC,56,4627719
ybeDp,3.0,18,4,GAGATTCGGGCGCTTACTGG,14,4640254
ybeDp,18.4,95,4,GAGATACTAAGAGCCGCAGA,91,4602665
ybeDp,0.6,6,4,GAGAGCAGCAAGGTAGCGAC,2,4615860
ybeDp,4.6,26,4,GACTTCTTAGCATCTTGAAT,22,4653704
ybeDp,5.6,31,4,GACTCATCTGACAAAAGGGT,27,4637260
ybeDp,5.0,28,4,GACGCTGCATGGTGCGAAGG,24,4669336
ybeDp,4.2,24,4,GACCGAAAACTCTAGTCTAT,20,4645707
ybeDp,3.0,18,4,GACAGTATTTCATTGCATAG,14,4605927
ybeDp,6.8,37,4,GACACCGGAGGAGGATCGCG,33,4621474
ybeDp,4.2,24,4,GAATGGTTTACCTATTTTAC,20,4604964
ybeDp,4.2,24,4,GAATGGGGGTACCTACCTCT,20,4687880
ybeDp,4.2,24,4,GAATCCTGAATGATCATGCA,20,4664933
ybeDp,2.2,14,4,GAAGGCTGTTTTGGGTACAG,10,4686269
ybeDp,6.2,34,4,GAAGCATAAGAAATGGAACA,30,4608955
ybeDp,7.0,38,4,GAACGCAAACCACAATTCTG,34,4607783
ybeDp,8.0,43,4,GAACGATTTTTTCCACTTGT,39,4630721
ybeDp,5.4,30,4,GAACCCCGACATTTTAGAAA,26,4661207
ybeDp,1.8,12,4,CTTTTTTATTCTCGCAACCA,8,4668419
ybeDp,5.6,31,4,CTTTGAACCAAGTAGCCCCG,27,4621318
ybeDp,0.6,6,4,CTTTCCGCTAGGTAGTGCAA,2,4659531
ybeDp,8.0,43,4,CTTTCAACCCTGCGGGACCT,39,4675883
ybeDp,3.0,18,4,CTTTATTTGTTCTTAGGTAA,14,4641819
ybeDp,3.6,21,4,CTTGGGCAAAGATTGTATAG,17,4683509
ybeDp,16.6,86,4,CTTGGAGGCTCTAGTCAAAT,82,4679937
ybeDp,0.4,5,4,CTTGCTTGGTTGTGTTTGAT,1,4655227
ybeDp,2.2,14,4,CTTCTCTGGTCTACGGAACT,10,4633307
ybeDp,6.2,34,4,CTTCTCCCTATTGAGCGACT,30,4619187
ybeDp,3.8,22,4,CTTCGGTCGTGGAACTGGCC,18,4674987
ybeDp,5.8,32,4,CTTCCACCTATGGACACCCC,28,4673260
ybeDp,2.2,14,4,CTTATGCAGCGCGTGGATGC,10,4687930
ybeDp,0.4,5,4,CTTACTCCGATGAGGATGCA,1,4602103
ybeDp,3.8,22,4,CTGTGTATAAACACCAGCAT,18,4654107
ybeDp,2.6,16,4,CTGTCCTTTTCGACCGCGGA,12,4612661
ybeDp,2.8,17,4,CTGGCTGAGTTTGGGAGCCT,13,4604743
ybeDp,3.8,22,4,CTGGAATGGGATCAAATCAT,18,4684603
ybeDp,4.8,27,4,CTGCCTGTGGGGGTTTTAGA,23,4676431
ybeDp,0.8,7,4,CTGAAGTCACGCTAATCTTC,3,4637555
ybeDp,4.2,24,4,CTGAACATTTCTTGGTAACA,20,4621516
ybeDp,7.0,38,4,CTCTTCGATGGTTAAGCCAA,34,4605469
ybeDp,10.8,57,4,CTCGTGGTTTGTAATAACGG,53,4645561
ybeDp,7.2,39,4,CTCGTCTTCCAGTCCTCCAA,35,4663384
ybeDp,1.6,11,4,CTCCGTAGTACCATATTTTC,7,4686517
ybeDp,4.4,25,4,CTCCCCATGAGCCCGCGCCT,21,4630022
ybeDp,0.8,7,4,CTCAGTTTTGAGAAGATTCG,3,4614041
ybeDp,3.2,19,4,CTCAGTTGTCAGCAAGTCTC,15,4651855
ybeDp,7.2,39,4,CTCAGTACGTATTAGCTCAA,35,4644941
ybeDp,3.6,21,4,CTCAGATTACAACGGGTTTT,17,4610610
ybeDp,16.6,86,4,CTATCGCCGATGTCAAGTAA,82,4609692
ybeDp,0.4,5,4,CTATATGTTTCATCCCTACG,1,4662790
ybeDp,0.8,7,4,CTATAAGTCTCGCGTAGTGT,3,4657967
ybeDp,4.6,26,4,CTACCGTGTGCTATCATGCG,22,4659809
ybeDp,2.0,13,4,CTACCACGGCCCACGGTTGT,9,4619850
ybeDp,4.6,26,4,CTAATGACGATTAGTCTAGA,22,4663993
ybeDp,5.4,30,4,CTAAGGCCGCGGATGACCTG,26,4678198
ybeDp,2.6,16,4,CTAAGCTGCTACGCCCCGAA,12,4672542
ybeDp,5.4,30,4,CTAAGACCGCTTTCGGGTTC,26,4654970
ybeDp,22.8,117,4,CTAACCGGGATCGTATGGTT,113,4672250
ybeDp,3.2,19,4,CTAAACGATTATCAGGTCAA,15,4654811
ybeDp,0.4,5,4,CGTTGCCAGTTATCCCCTGC,1,4654354
ybeDp,0.6,6,4,CGTTCAGAGTTTTCCACAGG,2,4631456
ybeDp,1.0,8,4,CGTTACTAGCCGGAGCCTAT,4,4649030
ybeDp,3.4,20,4,CGTGAGGCGCAGCCCACTGA,16,4664708
ybeDp,2.6,16,4,CGTCATATATGCATTCAAGT,12,4681336
ybeDp,4.6,26,4,CGTCACGACAGACGGGGTTG,22,4602983
ybeDp,7.0,38,4,CGTATGGCCACGAGGGACGC,34,4638749
ybeDp,1.8,12,4,CGGTGGGTCGGACTGTGAGA,8,4655616
ybeDp,0.4,5,4,CGGTGACCACGCCGAATGCA,1,4634181
ybeDp,1.2,9,4,CGGGTATTACGAGGATTAAA,5,4658006
ybeDp,2.4,15,4,CGGGGACCGTCTACTTCGGG,11,4609273
ybeDp,2.8,17,4,CGGCTAGTATAATGACCCGT,13,4664270
ybeDp,2.2,14,4,CGGCCTGCCTTTCGGGCTAG,10,4628253
ybeDp,2.8,17,4,CGGCACCTCCCGGGTATGAC,13,4664285
ybeDp,6.2,34,4,CGGCACATTGTATGTTTGAT,30,4659598
ybeDp,1.8,12,4,CGGACCCTGGACTAATCATC,8,4659477
ybeDp,2.8,17,4,CGCTGAGGGCGGGCTACTGT,13,4602542
ybeDp,3.0,18,4,CGCTCGGCGGAAATTTCGTG,14,4658365
ybeDp,0.4,5,4,CGCCCCTGCCCTAGAATGCT,1,4679600
ybeDp,4.0,23,4,CGCCAGTATACGTGGTACGA,19,4677704
ybeDp,1.6,11,4,CGCATGAATCCTGGCTATGA,7,4623614
ybeDp,4.2,24,4,CGCAAAGAGTCTGAGGTGGG,20,4606705
ybeDp,2.6,16,4,CGATTGAGACACTAGGCAAA,12,4655454
ybeDp,1.2,9,4,CGATCGACCAATACATTGGG,5,4679137
ybeDp,8.8,47,4,CGATAAGGGAGTGAGATTTC,43,4626175
ybeDp,0.4,5,4,CGAGCAACCGAACGTTTTGC,1,4671930
ybeDp,4.6,26,4,CGAGACTACGGCGTTGAATG,22,4611376
ybeDp,5.2,29,4,CGACAGCTAAATTCCGCTGG,25,4646360
ybeDp,6.8,37,4,CGAATGCACGGTTGAGTAGT,33,4660357
ybeDp,4.0,23,4,CGAAGTTGAGACTAGCGGAG,19,4640181
ybeDp,4.0,23,4,CGAACAACAGGATTTATGCC,19,4605982
ybeDp,2.0,13,4,CCTTTTAGCGGTCCGCCCAG,9,4609877
ybeDp,2.2,14,4,CCTTCTAGTTGGCACCCCCT,10,4659423
ybeDp,1.4,10,4,CCTTACTTCCATCAAGCGCC,6,4665924
ybeDp,9.8,52,4,CCTGGCGCCCAACTCCTTGT,48,4663425
ybeDp,0.4,5,4,CCTGCTTTTAACGACACCGA,1,4606667
ybeDp,5.6,31,4,CCTGCCACGCCGTAACTTTA,27,4669647
ybeDp,6.2,34,4,CCTCTTCGCTAGAAAGGCCC,30,4686264
ybeDp,0.8,7,4,CCTCGTACCGAGACGTCCTT,3,4655582
ybeDp,5.0,28,4,CCTCCGTTTTATTGGGCAGT,24,4645187
ybeDp,3.8,22,4,CCTCAAGATTCCACCATAGT,18,4618419
ybeDp,2.4,15,4,CCTATACGGTATGGATTTCA,11,4646760
ybeDp,2.8,17,4,CCTATAATCGCGCATGGCGC,13,4657344
ybeDp,10.4,55,4,CCTACGGATAGCGTTACATG,51,4686923
ybeDp,1.6,11,4,CCGTCTACTGTTCGTCCTAA,7,4675203
ybeDp,2.6,16,4,CCGTCCAATGTATACGCAAG,12,4669453
ybeDp,4.0,23,4,CCGGTACCCAAATTTATTGC,19,4628526
ybeDp,11.0,58,4,CCGGGTCGAGCTGTCTATGA,54,4686621
ybeDp,15.8,82,4,CCGGGCATTAAGTCTAGTCG,78,4607376
ybeDp,11.2,59,4,CCGGCCTACCGAGATATTCA,55,4662341
ybeDp,1.6,11,4,CCGGATCATAGAGTTTTGGA,7,4677657
ybeDp,5.6,31,4,CCGGAGACAGACTAATACGT,27,4665281
ybeDp,1.6,11,4,CCGCGACCGCGAGATCACTT,7,4674415
ybeDp,3.2,19,4,CCGCCCTGGTTCCACGGTGG,15,4634594
ybeDp,0.4,5,4,CCGCATCAGTTTTAGATGTT,1,4678609
ybeDp,12.2,64,4,CCGATTATACAGAGATATGA,60,4652584
ybeDp,5.0,28,4,CCGAGCACACTTGTTAAGTC,24,4605299
ybeDp,0.4,5,4,CCGACGAACCCTGATATTTG,1,4683027
ybeDp,2.0,13,4,CCGACAGCACACTCTTGTGC,9,4635424
ybeDp,5.2,29,4,CCCGTCGGCTCGCGGTCAAT,25,4603682
ybeDp,9.6,51,4,CCCGGGGTAGGAAGCGGTAC,47,4616741
ybeDp,2.0,13,4,CCCCTTTGCCATGCCTGCCG,9,4641683
ybeDp,5.2,29,4,CCCCTAAACGAATATTTGTG,25,4649000
ybeDp,5.2,29,4,CCCCGTACTTACGCCCTGCG,25,4634626
ybeDp,4.2,24,4,CCCCGGTAGCGCCACTTACT,20,4678981
ybeDp,3.8,22,4,CCCATCCGAGGAAGGGGATC,18,4616196
ybeDp,4.2,24,4,CCCAGTGTTTTGCTAGTCAT,20,4684950
ybeDp,0.4,5,4,CCCACGTGAGTGGACCATCC,1,4649511
ybeDp,0.6,6,4,CCCACAGAGGTTTTTGACTC,2,4620390
ybeDp,3.0,18,4,CCCACACCTTGTTCGAGCCT,14,4621360
ybeDp,4.6,26,4,CCATTGGTGAGATGAATGAA,22,4681815
ybeDp,0.8,7,4,CCATCATCAGACTTAGTGTG,3,4624003
ybeDp,6.2,34,4,CCAGCAAGTCAAACTTACGA,30,4642559
ybeDp,2.2,14,4,CCAGAATCGCAATGGTAGAG,10,4652112
ybeDp,2.6,16,4,CCAAGACTATTGACAGTCTG,12,4675529
ybeDp,4.0,23,4,CCAAACCCTGGATGGCAGTT,19,4686711
ybeDp,24.4,125,4,CATTATATGACGAGGTATGT,121,4685021
ybeDp,19.2,99,4,CATGTACGCATCTCATCGCA,95,4627734
ybeDp,7.4,40,4,CATGGGGAACTTAATACCAT,36,4628860
ybeDp,1.4,10,4,CATGAGTTGATCAACGCCCA,6,4626244
ybeDp,3.8,22,4,CATCGCATCGTACGCTTAAG,18,4659197
ybeDp,13.4,70,4,CATCGATTACTCATTCCTAA,66,4677595
ybeDp,5.0,28,4,CATCCGCGGTGGGCCTATTT,24,4641881
ybeDp,0.4,5,4,CATCCCTCTATTCTTCTCGG,1,4632521
ybeDp,21.8,112,4,CATCCCCCATGTACAGACCA,108,4637145
ybeDp,1.2,9,4,CATCAAGTCTTCGCTAGCCT,5,4660680
ybeDp,6.0,33,4,CATAATTGTGTTATTATACT,29,4649455
ybeDp,3.6,21,4,CAGTTTCCGGAATCTATAGA,17,4602865
ybeDp,0.4,5,4,CAGTGACGTGGCGTCTTGGT,1,4667245
ybeDp,0.8,7,4,CAGGTCTAGAAGGGCATCTC,3,4648582
ybeDp,29.4,150,4,CAGGGCGATTATCCCGTTAC,146,4687796
ybeDp,6.2,34,4,CAGGCTGAGGTTCAAGTTCA,30,4638836
ybeDp,0.4,5,4,CAGGCAGAATCAGGCCGCGG,1,4639163
ybeDp,3.2,19,4,CAGGAGATGCCCTGTGCCCC,15,4674799
ybeDp,9.8,52,4,CAGCGTTAGTTCGTACATGC,48,4668591
ybeDp,3.0,18,4,CAGACAATAATGCCTGAATT,14,4614882
ybeDp,2.8,17,4,CAGAAGTTTGAGAAGTAAAT,13,4649487
ybeDp,1.0,8,4,CAGAAGTGCTATAAACGTAG,4,4628761
ybeDp,3.4,20,4,CAGAAAAACGCGATGTGAAT,16,4639476
ybeDp,4.2,24,4,CACTTTGATGTACCGATCAC,20,4685017
ybeDp,16.8,87,4,CACTTTAGTACTCTCGGCCA,83,4639268
ybeDp,4.6,26,4,CACTGGTTTGCCTAATTCAC,22,4682248
ybeDp,0.4,5,4,CACTATTGCAAATTGGAACT,1,4603315
ybeDp,7.4,40,4,CACCCTCAAAGGCTTACGTA,36,4612425
ybeDp,1.4,10,4,CACCCGTGTTGCCGAAACGA,6,4658382
ybeDp,0.4,5,4,CACCCGCCTCATGTAAAATT,1,4653323
ybeDp,8.2,44,4,CACCACGGCTCTTCCTAGGT,40,4609055
ybeDp,2.4,15,4,CACATCCATGACTCTTATGA,11,4668403
ybeDp,3.6,21,4,CACACCCACTCCGCGGTAAT,17,4670832
ybeDp,5.6,31,4,CACAATTGACAAAACGTTTG,27,4618930
ybeDp,0.4,5,4,CACAAAATGTTCTTGAAAGG,1,4640453
ybeDp,1.6,11,4,CAATGAAGGGAGATTAGATA,7,4637053
ybeDp,3.2,19,4,CAATCCGTGCATGACCCGAC,15,4611894
ybeDp,0.8,7,4,CAATAGATTTACTTATACTT,3,4674185
ybeDp,2.2,14,4,CAAGTGGTCCGATCAAAGAG,10,4631044
ybeDp,0.6,6,4,CAAGGTGCCAGGACTGGTGG,2,4607544
ybeDp,3.4,20,4,CAAGGTCGGGCATGGCTAGG,16,4642554
ybeDp,3.2,19,4,CAAGGGGCGTGCGTATTTTT,15,4633116
ybeDp,2.2,14,4,CAAGCGCTCTCGATTGGTGC,10,4615789
ybeDp,6.2,34,4,CAAGCAGAGCTGGATATTTA,30,4654028
ybeDp,1.8,12,4,CAACTGTAAATTCTGTAGTC,8,4616541
ybeDp,0.4,5,4,CAACTACGACCCTGTAATTC,1,4624715
ybeDp,1.0,8,4,CAACCGAACGGAGCCGCGTT,4,4624133
ybeDp,14.4,75,4,CAACAACCGACTCAAGATTT,71,4687657
ybeDp,11.4,60,4,CAAATATGCCCGGATATCCT,56,4601171
ybeDp,0.4,5,4,CAAACGGTGGCCCGTAACCT,1,4678241
ybeDp,3.2,19,4,CAAAAGGCGGCCGAGGAATG,15,4659586
ybeDp,2.4,15,4,ATTTGAGATCGAGATGGTGT,11,4683960
ybeDp,2.4,15,4,ATTTCGGAGGGTAAACGTGA,11,4621294
ybeDp,6.2,34,4,ATTGTCACTCTTGGGCTCCA,30,4626180
ybeDp,1.0,8,4,ATTGCGTGTGCGGGCTCGTT,4,4648914
ybeDp,3.6,21,4,ATTGAGCAGATAATCGCGTA,17,4618424
ybeDp,3.8,22,4,ATTGAAAAGATGTTGCATCA,18,4605036
ybeDp,1.6,11,4,ATTCTTACGGGGGGTGACAC,7,4653395
ybeDp,5.0,28,4,ATTCTCTGGACTGAAGTAAA,24,4680618
ybeDp,2.4,15,4,ATTCGCCTTTTAGAGATCGA,11,4666197
ybeDp,5.0,28,4,ATTCCTCCCCATACCCTCGG,24,4648481
ybeDp,1.2,9,4,ATTCACTTTCTCTGAACTTG,5,4655675
ybeDp,1.0,8,4,ATTATTTGAAGCCATTGAAG,4,4630027
ybeDp,0.4,5,4,ATTATGCTCGTTTACGCCCA,1,4603605
ybeDp,2.2,14,4,ATGTCAACGCACATGATATT,10,4602385
ybeDp,1.8,12,4,ATGTAATCCTTTGACTCGAT,8,4611773
ybeDp,8.4,45,4,ATGGTTGATTTTGAGCATTC,41,4625515
ybeDp,3.8,22,4,ATGGTATTACTTAATACAGG,18,4630786
ybeDp,4.8,27,4,ATGGTATGTATCACAATTTC,23,4655712
ybeDp,9.0,48,4,ATGGCAGCATGCTGTAGTAG,44,4628783
ybeDp,6.2,34,4,ATGGACACTGTGCAAGATCA,30,4610947
ybeDp,3.8,22,4,ATGCTTGATAAAAACTCATT,18,4606776
ybeDp,6.0,33,4,ATGCGCCTCGAGTATCGTAG,29,4617464
ybeDp,5.6,31,4,ATGCAATCAAACCTAATTAA,27,4635661
ybeDp,0.8,7,4,ATCTTCTAGGTCTGTCATTC,3,4659664
ybeDp,3.0,18,4,ATCTGGTTGGGCAATCGCGC,14,4644212
ybeDp,5.8,32,4,ATCTGCGGGGCTGTATGGCA,28,4630888
ybeDp,5.4,30,4,ATCCTCGCAGTTGCAATTGG,26,4610400
ybeDp,1.8,12,4,ATCCGTTAGGAGTGTCGTCG,8,4686133
ybeDp,0.8,7,4,ATCCCATAGTTCCAAAGCGG,3,4658786
ybeDp,5.0,28,4,ATCCAACATTAGACGTAATG,24,4609108
ybeDp,1.8,12,4,ATCATTAGTGCTTCAAGCCA,8,4610522
ybeDp,2.8,17,4,ATCATCACGTAAATTGCTTT,13,4661290
ybeDp,2.2,14,4,ATCAGGGTGCGAATGGGCCA,10,4678078
ybeDp,1.6,11,4,ATCAGGCTCTGTAGACCGGA,7,4683004
ybeDp,30.0,153,4,ATCAGCGCGTCTAAAATTCT,149,4685918
ybeDp,3.6,21,4,ATCACGTGATGAGCGCCTTG,17,4666606
ybeDp,7.8,42,4,ATCACATTCTCCTGGCCACT,38,4680322
ybeDp,4.8,27,4,ATCACAGTTCGTTCTTGGAT,23,4666364
ybeDp,0.4,5,4,ATCAAAGTTACTCAAGGCAT,1,4680011
ybeDp,9.4,50,4,ATATTGGGATAACCGAAGAT,46,4680301
ybeDp,4.0,23,4,ATATTCATGTTCCCTTGAAT,19,4669554
ybeDp,10.0,53,4,ATATGCTCCTCATTCTAAGA,49,4662496
ybeDp,12.2,64,4,ATACTGGTTCGTGGTCATAG,60,4675388
ybeDp,2.8,17,4,ATACATCTGATTCGAGCTGA,13,4678514
ybeDp,2.8,17,4,ATAAGTGACCTCACCGAGAT,13,4619197
ybeDp,1.6,11,4,ATAAGGCTAGATAGAATCCT,7,4621376
ybeDp,5.6,31,4,ATAAGCCTTGAGCCTATCGA,27,4629128
ybeDp,5.6,31,4,ATAACGCCAATCGGCGAGTA,27,4603241
ybeDp,3.6,21,4,ATAAAATCCATTGTGATTTG,17,4681637
ybeDp,4.8,27,4,AGTGGGGTGCAAAATGTTGA,23,4627908
ybeDp,2.4,15,4,AGTGATTCATTATACAAATC,11,4640697
ybeDp,10.2,54,4,AGTCAAGCTTTCTAGGTTTA,50,4671132
ybeDp,1.6,11,4,AGTCAACTGCTAACGCCCTG,7,4681418
ybeDp,0.6,6,4,AGTAGTCTACATGAAACGAT,2,4668282
ybeDp,9.8,52,4,AGGTAATCGTTTTGGGTTCA,48,4628752
ybeDp,6.0,33,4,AGGTAAGTGAAGCGGGGAGC,29,4640952
ybeDp,0.8,7,4,AGGGCGTTTGTTACCATATC,3,4607910
ybeDp,0.4,5,4,AGGGAGGCTGAGGAAGGAAA,1,4655892
ybeDp,1.0,8,4,AGGCTCGCTGGGTGATAATA,4,4675759
ybeDp,5.4,30,4,AGGCTCCAGTGATTATGGAG,26,4611578
ybeDp,2.4,15,4,AGGCGATAGACGAACTTTCG,11,4677995
ybeDp,4.2,24,4,AGGCCGGGAAATGTGCATTG,20,4647676
ybeDp,2.2,14,4,AGGCCCGTAGCTGCCGAGTT,10,4649969
ybeDp,4.8,27,4,AGGCCCCTGTCGTTAATGCG,23,4609831
ybeDp,3.0,18,4,AGGAGTTTCATTATGCCAAG,14,4643788
ybeDp,3.4,20,4,AGGAAAGATGTAACGTATTA,16,4612894
ybeDp,7.2,39,4,AGCGCGCGAAAACCGTAATT,35,4609305
ybeDp,0.6,6,4,AGCCTAAATTACGCCAGGGA,2,4604340
ybeDp,8.2,44,4,AGCCCGATGCATGCCTCTGC,40,4678322
ybeDp,0.4,5,4,AGCCCAGCACGGGTCTATCA,1,4609049
ybeDp,0.4,5,4,AGCCAGCTTTATAAAATTTA,1,4639921
ybeDp,6.4,35,4,AGCCACAGTGCATGCCTTTG,31,4636615
ybeDp,2.0,13,4,AGCCACAAGAGGTATCACCG,9,4650753
ybeDp,1.0,8,4,AGCATTTTGCATATGCGTCT,4,4639503
ybeDp,14.0,73,4,AGCATTACGCGACACATTCA,69,4665362
ybeDp,6.4,35,4,AGCAGACCAGGCATCGGCTT,31,4601822
ybeDp,1.6,11,4,AGCACTGAAAATTCAAGACT,7,4676196
ybeDp,9.6,51,4,AGCACCTGGCGTCCTCACTA,47,4661754
ybeDp,2.4,15,4,AGCAAGACGTCCGTAAGGAG,11,4653421
ybeDp,43.6,221,4,AGATTTTAGAACGTCCAACT,217,4638773
ybeDp,6.4,35,4,AGATCCGTTGAGTTCCGAAT,31,4654730
ybeDp,4.4,25,4,AGATAACGAGTTTCGGAATG,21,4633665
ybeDp,0.4,5,4,AGAGCGCGGTGTGCACAGCA,1,4607313
ybeDp,5.4,30,4,AGAGATTAGTAAATCCTCAA,26,4661071
ybeDp,3.6,21,4,AGAGAAACATTGCAATTCGT,17,4672874
ybeDp,6.4,35,4,AGACGTCATCCAAAGTTAGT,31,4606833
ybeDp,3.0,18,4,AGACGGATGGCGTCATTTAA,14,4645559
ybeDp,0.4,5,4,AGACCTCCAAAACGCGCAGT,1,4662692
ybeDp,8.2,44,4,AGACCCGCTCGTGTCTAAAA,40,4634561
ybeDp,3.6,21,4,AGACACTTCTTCTCCTCGAA,17,4677825
ybeDp,8.6,46,4,AGAATACTTTGACAAAATTT,42,4687892
ybeDp,6.6,36,4,AGAAGAGACATCCAGCGGTG,32,4605874
ybeDp,2.2,14,4,AGAAAGCCCCCGTTCACCTA,10,4610173
ybeDp,3.0,18,4,ACTTTAGTAGGCTTACAGGA,14,4634728
ybeDp,3.4,20,4,ACTTATTCGCGTGCTAGATG,16,4678963
ybeDp,3.2,19,4,ACTTAGCTGGAATTCAACCT,15,4611173
ybeDp,3.4,20,4,ACTGTCTGCCGTGCACCCCT,16,4643437
ybeDp,3.2,19,4,ACTGAAGTTTCGAAGGCGAT,15,4640877
ybeDp,5.4,30,4,ACTCGCACCGATATGCCGTA,26,4675461
ybeDp,4.8,27,4,ACTCCCCGAGGGCATAATCA,23,4604275
ybeDp,2.4,15,4,ACTACCATGCTCCCCCATGA,11,4667322
ybeDp,30.6,156,4,ACTAATAAGCAAAGCATAGG,152,4685209
ybeDp,7.8,42,4,ACGTCAGCAAGTAGAAACTA,38,4684014
ybeDp,2.6,16,4,ACGTAGCCTACTTATCTTCT,12,4601579
ybeDp,2.6,16,4,ACGGTGCGATCACGCTAGTT,12,4660115
ybeDp,4.6,26,4,ACGGACATTCATTTCGTAGT,22,4613997
ybeDp,1.8,12,4,ACGCGTGTCAATATGGTCTC,8,4602782
ybeDp,1.2,9,4,ACGACGCATTTTAGGGAGTA,5,4677327
ybeDp,3.4,20,4,ACGACCCGAGTAGTGGGAGG,16,4634083
ybeDp,36.0,183,4,ACCTTGACGGAAAATCGAGC,179,4639740
ybeDp,2.6,16,4,ACCTTCCTTTAAAAGTTTTT,12,4669042
ybeDp,5.8,32,4,ACCTGATCCCTCAAGAGGGT,28,4638988
ybeDp,8.2,44,4,ACCGAGCCGACAATCCGGCT,40,4638305
ybeDp,0.4,5,4,ACCGACACCAAACTCTTTCA,1,4664968
ybeDp,0.4,5,4,ACCCCCTTTGGGGTTCTGGT,1,4640035
ybeDp,5.6,31,4,ACCCAGGAACTGTAGTATCG,27,4682533
ybeDp,0.4,5,4,ACCATCTCAGGCTTCCAATC,1,4635492
ybeDp,2.8,17,4,ACCATATGCCCGATGGGTAC,13,4631615
ybeDp,0.4,5,4,ACATGAAGCCACTAGAGTGC,1,4684811
ybeDp,5.0,28,4,ACATAGGGATCAGACAAGGC,24,4641900
ybeDp,4.4,25,4,ACAGTTGCGCCCTGTACGCC,21,4620220
ybeDp,1.6,11,4,ACAGGGCCTGGTCCGGCAAC,7,4676057
ybeDp,73.0,368,4,ACACGCCTGATGGAGACACA,364,4672246
ybeDp,8.2,44,4,ACACAGGAGAGGAAGGTAAA,40,4677352
ybeDp,2.0,13,4,AATGTGCGGACATTGCCTTT,9,4604456
ybeDp,8.0,43,4,AATGAATAAGTGCGGCAAGA,39,4643861
ybeDp,1.4,10,4,AATCGTTTCATGTGGTAGAA,6,4681055
ybeDp,2.2,14,4,AATCGGATTGCGTGTATCGC,10,4608608
ybeDp,3.6,21,4,AATCCGACTGGTCGTAGCTT,17,4618207
ybeDp,2.2,14,4,AATCAACTTTTAATAAAAAT,10,4617760
ybeDp,0.6,6,4,AATAGGGGATACCCGTTTGA,2,4644512
ybeDp,3.8,22,4,AATAGCCTTATATTTGCTAA,18,4606229
ybeDp,9.8,52,4,AATACAGGCAGTTAAAATTC,48,4684358
ybeDp,5.2,29,4,AAGGTAATATGAACTGACCT,25,4680715
ybeDp,0.6,6,4,AAGGCAGTGGCGCTGGAGGG,2,4644630
ybeDp,5.2,29,4,AAGCGTATTTGTAGCCCCTT,25,4645592
ybeDp,1.6,11,4,AAGCGGCCGTAGTTGATCTC,7,4662040
ybeDp,3.4,20,4,AAGCATTTTAGTCACCCCTA,16,4682763
ybeDp,2.4,15,4,AAGCACGCCTAGGCCGCTTA,11,4660260
ybeDp,6.8,37,4,AAGCACGATCCCCATATACA,33,4670948
ybeDp,10.4,55,4,AAGCACACATCAAATCTCGT,51,4619708
ybeDp,1.2,9,4,AAGATCTTCCATTGCATGGG,5,4642569
ybeDp,1.6,11,4,AAGACGCCCGCTCCAGTAAA,7,4620814
ybeDp,1.4,10,4,AACTCCGGACGGTGTTAAAG,6,4613859
ybeDp,1.4,10,4,AACTCCGCCCGACTAGGTGG,6,4648624
ybeDp,6.4,35,4,AACGCCCATTTAGGTGTTTA,31,4682380
ybeDp,6.6,36,4,AACGACAACGCATTGTTAAT,32,4663920
ybeDp,5.6,31,4,AACCGGAAATACCCTTATCC,27,4645891
ybeDp,1.6,11,4,AACCGACACGATAAAAGCTG,7,4643964
ybeDp,2.8,17,4,AACCACATGTGGTGCAACCT,13,4652020
ybeDp,28.8,147,4,AACAGCATTGGCTGGGGCAG,143,4688248
ybeDp,0.4,5,4,AACACGTGGGACGACATACG,1,4652175
ybeDp,4.8,27,4,AAATTCGCCCTAAAGATTAA,23,4619052
ybeDp,2.8,17,4,AAATGGGGGAATTCCGCGTT,13,4642826
ybeDp,2.8,17,4,AAATGCAGCCGCGATCATTC,13,4623170
ybeDp,1.4,10,4,AAAGGGGGTGGATTGTTTAC,6,4627252
ybeDp,3.2,19,4,AAACTAACTCATCGCCACGC,15,4673922
ybeDp,5.0,28,4,AAAATAGTAGCTTGGTAGCC,24,4669449
ybeDp,2.6,16,4,AAAACAATGAGGCGATCACC,12,4622564
ybeDp,6.0,26,3,TTTTCTAGCAGCAAATAGGC,23,4639988
ybeDp,0.5,4,3,TTTTCGGGTATTAGTCGCAG,1,4630270
ybeDp,3.25,15,3,TTTGGGTAGGCGCACCGATC,12,4628460
ybeDp,3.0,14,3,TTTGACTTAAGGTAGCGAAA,11,4686067
ybeDp,3.25,15,3,TTTCTTAGCGTCTAAGTTTC,12,4682834
ybeDp,0.75,5,3,TTTCGAACCAGGTCTTTTCC,2,4660203
ybeDp,1.25,7,3,TTTATCCCTTACTCGTGTAA,4,4638946
ybeDp,2.75,13,3,TTTAATTCCCAGCTTAGCCA,10,4658224
ybeDp,0.5,4,3,TTTAAACTTTAGAGCTCTTA,1,4677737
ybeDp,3.75,17,3,TTGTTAGCCCATCAGAAGGC,14,4606613
ybeDp,6.75,29,3,TTGTGCATTCGGGATGCTCC,26,4601624
ybeDp,0.5,4,3,TTGTCATACAATCTGGATTT,1,4652777
ybeDp,3.0,14,3,TTGGTCGTATAGACCATTCC,11,4607275
ybeDp,0.75,5,3,TTGGGGTGTCTACAAATTCA,2,4657853
ybeDp,0.5,4,3,TTGGGCGGAAAAAACGGAGG,1,4629066
ybeDp,0.5,4,3,TTGCTGATAGGACCCGGACT,1,4687387
ybeDp,4.75,21,3,TTGCCGAGTTCCTGCTTACA,18,4650301
ybeDp,3.5,16,3,TTGCCCATTGTATAGACTTA,13,4611134
ybeDp,0.5,4,3,TTGAATTTAGGTCGTCACAA,1,4685025
ybeDp,3.0,14,3,TTGAATGTTTGCACACAGGT,11,4625874
ybeDp,1.0,6,3,TTGAATGATCGTATTAAGCA,3,4677768
ybeDp,2.5,12,3,TTGAAGCTAGACTCTTAATC,9,4638727
ybeDp,3.25,15,3,TTGAAAGATAATACGCATGA,12,4669076
ybeDp,3.75,17,3,TTCTCGGGTTTGACTATAAG,14,4630661
ybeDp,27.75,113,3,TTCTACCGTGGTTATATCTC,110,4654090
ybeDp,9.5,40,3,TTCGTTTTCAAATTCCCGGG,37,4652816
ybeDp,0.5,4,3,TTCGTTACGTTTAGGCTGGT,1,4664971
ybeDp,5.0,22,3,TTCCTCTTTGGATTCTCATC,19,4619287
ybeDp,7.5,32,3,TTCCGCTGCGCGTGACAGTT,29,4685620
ybeDp,15.25,63,3,TTCCCTTCGCGTCCATCGCT,60,4603350
ybeDp,0.75,5,3,TTCCCGGCAAGGGGTGGTGC,2,4630555
ybeDp,18.0,74,3,TTCCATCGTTGGCCATTCCG,71,4663553
ybeDp,0.5,4,3,TTCCAGCACGGTGCTTTGGA,1,4629400
ybeDp,2.5,12,3,TTCAGGACAGCCTCAATCTA,9,4623351
ybeDp,13.0,54,3,TTCAGCTTTCCGTATGTTGT,51,4685210
ybeDp,5.5,24,3,TTATATGGCTTGGGCACGTG,21,4655661
ybeDp,1.75,9,3,TTATAAGTCACCTGATTATA,6,4643674
ybeDp,4.75,21,3,TTAGTGTCTCAAAATGTTTC,18,4682980
ybeDp,0.5,4,3,TTAGTCGGCCCACGAGCAGG,1,4600945
ybeDp,7.5,32,3,TTAGTATATGCCCAAACATA,29,4680585
ybeDp,9.25,39,3,TTAGGATTCAAGACCTAATT,36,4678513
ybeDp,9.5,40,3,TTACGGCGACTCTGCTTTTA,37,4617312
ybeDp,5.75,25,3,TTACCCCTAGTACACGATGG,22,4612132
ybeDp,4.25,19,3,TTACCATGCTGAGCGATAGT,16,4616106
ybeDp,0.5,4,3,TTAACGTAAGAGTGGAATAA,1,4658415
ybeDp,1.75,9,3,TGTGGGCGTCGGTCACGTGA,6,4687956
ybeDp,4.75,21,3,TGTGGCCGTGACGATGGTCT,18,4641654
ybeDp,5.0,22,3,TGTGGCATAAGGCAGTTGGC,19,4616001
ybeDp,19.0,78,3,TGTGCATAGGAATCAGTTTT,75,4654034
ybeDp,5.25,23,3,TGTGACTCCGCCCGTGGGCC,20,4639965
ybeDp,11.25,47,3,TGTCTGAGCGGCTTTCCGAT,44,4613281
ybeDp,4.25,19,3,TGTCCACAATATGGTACATA,16,4630104
ybeDp,6.0,26,3,TGTAGGGTAGGCTGTTCCAT,23,4605244
ybeDp,21.5,88,3,TGGTGTTGCGACGTCGTATT,85,4626362
ybeDp,0.5,4,3,TGGTCAGATTTCGGGTTGTA,1,4675079
ybeDp,3.25,15,3,TGGTATCTATCGGCTGCATT,12,4620606
ybeDp,8.25,35,3,TGGCAGTTGCTGTGCACCTA,32,4665036
ybeDp,4.0,18,3,TGGCACTGAAACGCAGCTCC,15,4637106
ybeDp,4.5,20,3,TGGAGAGCGCACTGCCCTTT,17,4683243
ybeDp,2.75,13,3,TGGACTCACTTGGCTTGATT,10,4633916
ybeDp,1.75,9,3,TGGAAAGACGATACCACGCA,6,4660173
ybeDp,7.75,33,3,TGCGTGAACTGTGTTTTGTA,30,4619336
ybeDp,2.25,11,3,TGCGTACTAAAATAATGGAT,8,4686878
ybeDp,0.5,4,3,TGCGGGTCATCCCTTTGCAT,1,4641585
ybeDp,1.0,6,3,TGCCAGTTCGGTAACACGAG,3,4602097
ybeDp,10.0,42,3,TGCCAGGGTCTTCAAACCTG,39,4622725
ybeDp,5.75,25,3,TGCAGAGGTGGCGGACGGCT,22,4603942
ybeDp,9.5,40,3,TGCACCCCATAGCCCAAATA,37,4606359
ybeDp,4.0,18,3,TGATGTAAGAATTATACCAA,15,4623051
ybeDp,2.0,10,3,TGATATGAGCCTAGCAGGAC,7,4611077
ybeDp,7.5,32,3,TGAGTCCTTGAAGCATGTAT,29,4629633
ybeDp,0.75,5,3,TGAGGTAGCATGCAGGAATG,2,4601526
ybeDp,9.25,39,3,TGAGCTTGGTAATTTGCGAA,36,4611323
ybeDp,3.5,16,3,TGACTCACCCAAAGTCCCGA,13,4657107
ybeDp,2.25,11,3,TGACCAGGGTTAAACCATCT,8,4659359
ybeDp,5.75,25,3,TGAATTGTTTAGACGCTTGG,22,4638636
ybeDp,4.25,19,3,TGAATTGCAGTATGATAAAA,16,4675612
ybeDp,11.75,49,3,TGAAATCCCTCGTAAAGAAT,46,4665424
ybeDp,6.75,29,3,TCTTATAAACTTGACCTCAA,26,4619711
ybeDp,3.5,16,3,TCTTACGTCAGATGCCAATC,13,4680417
ybeDp,6.25,27,3,TCTTAAGACGAGTGATCAAC,24,4633610
ybeDp,1.5,8,3,TCTGACTTCTGGGGATTATG,5,4678930
ybeDp,5.0,22,3,TCTGACGATAAAGACGGAGT,19,4668599
ybeDp,7.25,31,3,TCTCTGTTGCAAGAATGCAT,28,4680711
ybeDp,15.0,62,3,TCTCTGTGAGGATGGTCATA,59,4652325
ybeDp,7.0,30,3,TCTCATGCCGAGGGACCCTA,27,4602169
ybeDp,2.0,10,3,TCTAGAGGCTAGTAGCGATG,7,4628077
ybeDp,22.75,93,3,TCTACGAATAGCGGGACCTT,90,4668329
ybeDp,6.5,28,3,TCTAAAAAATAGCCGATAAA,25,4627801
ybeDp,0.5,4,3,TCGTTCGTGAATGTGGTGTC,1,4655545
ybeDp,5.25,23,3,TCGTTATAAATATGGTGCAA,20,4606652
ybeDp,1.0,6,3,TCGTGCATTCCAAACCTCGC,3,4682628
ybeDp,8.0,34,3,TCGTCTGTTAGAGTACTACG,31,4661494
ybeDp,1.75,9,3,TCGTATCAGCACACGAAATT,6,4630008
ybeDp,1.25,7,3,TCGGTTGGTTGTACCACTGT,4,4608706
ybeDp,5.25,23,3,TCGGGTTCTAAACCCTGCAC,20,4624980
ybeDp,3.0,14,3,TCGGGAAGGGATAGTTCGTT,11,4620506
ybeDp,14.25,59,3,TCGGCGTACGTGCTAGGTTT,56,4648333
ybeDp,14.5,60,3,TCGAAGCTGCTGAACCGCGC,57,4663029
ybeDp,7.0,30,3,TCCTCCTCTATAATCATTTC,27,4635543
ybeDp,5.0,22,3,TCCTCCAAGTGTTTACTGCT,19,4653693
ybeDp,3.75,17,3,TCCTAGCGGGGGTTGCATAG,14,4603750
ybeDp,3.25,15,3,TCCTAGCGCCAACGGGTTAG,12,4656272
ybeDp,7.25,31,3,TCCGTTTTGCAGCGGGGTCC,28,4608575
ybeDp,0.5,4,3,TCCGTAAGGGACCCTTCGAG,1,4608266
ybeDp,8.0,34,3,TCCGGATCTCGTATTCGCGA,31,4642311
ybeDp,7.5,32,3,TCCGGAGATGCGGAGCCCTT,29,4684059
ybeDp,1.0,6,3,TCCGATGGAACTTTTAACTA,3,4669269
ybeDp,5.0,22,3,TCCCCCAAATGTGGTAGCTT,19,4639269
ybeDp,67.25,271,3,TCCCCAACGACGTAATTGAA,268,4688269
ybeDp,12.0,50,3,TCCAACATGCTACTCGTTGG,47,4674614
ybeDp,4.75,21,3,TCATCTCACGAGATTAGTGG,18,4645413
ybeDp,3.0,14,3,TCATCAGGTTCCTCGTGCAG,11,4647760
ybeDp,1.25,7,3,TCAGCAACGGGCCATATTAG,4,4623443
ybeDp,4.75,21,3,TCAGAGTACGTTGGCTGCTG,18,4618746
ybeDp,0.5,4,3,TCACTGTGTCTCCCAGCACA,1,4636289
ybeDp,14.25,59,3,TCACTGACAAATTCGTACGA,56,4672782
ybeDp,2.25,11,3,TCACTAGCCCCGCTACCCCG,8,4624547
ybeDp,7.75,33,3,TCAATTAAATAATCTGAAGA,30,4666025
ybeDp,3.5,16,3,TATTGATTAAAGGTTTTAAA,13,4680925
ybeDp,6.5,28,3,TATTCATTTAGGCAGGTATG,25,4609250
ybeDp,3.25,15,3,TATTAAGGGGTGGCTGCGTT,12,4660986
ybeDp,23.0,94,3,TATGGGGTGTGCACGGGCAG,91,4648245
ybeDp,8.5,36,3,TATCTGAGGATTGTAGAAAG,33,4634765
ybeDp,6.75,29,3,TATCCGTTGCAAACCGGCTC,26,4683554
ybeDp,10.0,42,3,TATCCGGGGCTTTGTGGAGA,39,4681244
ybeDp,3.75,17,3,TATCCCCACATCACCAATAC,14,4659815
ybeDp,3.25,15,3,TATATACGATTATACGTAAG,12,4653262
ybeDp,1.0,6,3,TATACTCTGAAGCATTCGCC,3,4654562
ybeDp,2.0,10,3,TAGGGGTTACCTCTGGGGAT,7,4621509
ybeDp,10.75,45,3,TAGCGGTCCAACAGTCTTCT,42,4656253
ybeDp,5.0,22,3,TAGATCGCATTGGGTGGTAT,19,4687756
ybeDp,4.0,18,3,TAGATCAACTTTTAGTAAAG,15,4676515
ybeDp,10.5,44,3,TAGAGCGTATGGACCAGTTA,41,4674847
ybeDp,21.5,88,3,TACTGTCAAGAGAAAGAGTG,85,4602635
ybeDp,0.5,4,3,TACTCACGATACTACGTTAC,1,4665423
ybeDp,28.75,117,3,TACAGTGCAGTAAGTATTCT,114,4640605
ybeDp,7.75,33,3,TACAAGTGTTAAAGCCTCTA,30,4623710
ybeDp,1.25,7,3,TAATAGTCAGGAATCATGTA,4,4630434
ybeDp,15.0,62,3,TAATAGCCATCAGAAATAAC,59,4684100
ybeDp,1.75,9,3,TAAGATAAATTCGAGTGGTT,6,4639924
ybeDp,7.5,32,3,TAAGAGGGTCAACACGAGCT,29,4631260
ybeDp,8.0,34,3,TAACAGGAGACACGCACGCT,31,4616746
ybeDp,2.75,13,3,TAAATTGCGTAGGAGTTAGG,10,4674859
ybeDp,0.75,5,3,TAAACGAGCTAAGAACTCCT,2,4633450
ybeDp,4.25,19,3,GTTTTAACCCTCTCAACTAT,16,4678062
ybeDp,2.75,13,3,GTTTCCATTAAGCTAAGAAC,10,4681227
ybeDp,45.75,185,3,GTTTCAGGGGTGACTAAGTT,182,4601271
ybeDp,1.5,8,3,GTTTACAGAAAATGTGCTGT,5,4612992
ybeDp,3.25,15,3,GTTTAATGAGTTCCATGTAC,12,4611492
ybeDp,5.0,22,3,GTTTAAGTCACACGGGCAGG,19,4607203
ybeDp,5.0,22,3,GTTGTCAGTTTGAGGAGGCC,19,4626172
ybeDp,1.25,7,3,GTTGGCTGCAAACTGGGGTG,4,4655101
ybeDp,5.75,25,3,GTTGGAATCGTTCAGTTACC,22,4678364
ybeDp,0.75,5,3,GTTGCGATTAGGCTACGGGT,2,4606196
ybeDp,5.75,25,3,GTTGATCCATGCCGATTTAA,22,4657100
ybeDp,8.0,34,3,GTTCGTAAAATAACCTCCTA,31,4679094
ybeDp,4.5,20,3,GTTCATGCTAGTGTTGGTCT,17,4658592
ybeDp,10.75,45,3,GTTCAGTTTATAGGGCGCGG,42,4687664
ybeDp,3.0,14,3,GTTACAGCCATAAGGACACT,11,4617599
ybeDp,10.0,42,3,GTTAAGAGTTCCCTAGGGTA,39,4645347
ybeDp,1.25,7,3,GTGTCGAGTGCTGAGGAAAG,4,4639196
ybeDp,0.75,5,3,GTGGTATGGACGACTGGCCA,2,4621072
ybeDp,0.5,4,3,GTGGAGGGGTTATTGGACGT,1,4620207
ybeDp,10.0,42,3,GTGCTGACCAGCGTCACTAA,39,4638755
ybeDp,0.5,4,3,GTGATTGCCTGTTGTCAGTA,1,4657644
ybeDp,8.75,37,3,GTGATGATGCACTCCTCCCA,34,4673302
ybeDp,3.25,15,3,GTGAGACCGCGTGCGGAATA,12,4620825
ybeDp,5.75,25,3,GTGACCAGGGTTGTGTGGCA,22,4682032
ybeDp,3.0,14,3,GTCTTATATATCAATATGAA,11,4644806
ybeDp,4.5,20,3,GTCTATTGTTTCTCGGACTC,17,4621698
ybeDp,3.0,14,3,GTCTACAGTCTCGCCACGGA,11,4635939
ybeDp,0.5,4,3,GTCGTGCAGTAAGCACTGGA,1,4602059
ybeDp,9.0,38,3,GTCGTCGTTCTGCCTTGCGG,35,4638134
ybeDp,0.5,4,3,GTCCGGAGCTATTAGAGCCT,1,4606715
ybeDp,6.75,29,3,GTCCAAATTCCGCTAAGGAA,26,4679552
ybeDp,2.25,11,3,GTCCAAATATAACCCCTTCG,8,4625591
ybeDp,11.0,46,3,GTCATTTCAGGCTGGGCTAG,43,4606236
ybeDp,6.5,28,3,GTCACTACTGCGGACGAGAC,25,4641093
ybeDp,17.25,71,3,GTATTTACTATTCTATACGG,68,4655670
ybeDp,40.25,163,3,GTATTCGGGGATTAACCCTA,160,4640609
ybeDp,1.75,9,3,GTATGGCACATGTATAACAA,6,4616190
ybeDp,7.0,30,3,GTATGCGAGTCCGGTGAATC,27,4657936
ybeDp,1.5,8,3,GTATCAAGGGCCACGTTTGA,5,4625666
ybeDp,1.25,7,3,GTAGTAACCGTACTGTTCCT,4,4606919
ybeDp,4.0,18,3,GTACTGGTGTTGGCCGCACG,15,4663895
ybeDp,6.0,26,3,GTAAGAGTTCGGGTTTATTC,23,4674505
ybeDp,5.25,23,3,GTAAGACAGTGGAGGGTGAG,20,4634419
ybeDp,11.75,49,3,GGTTGGTAGCCACACTCCAC,46,4612235
ybeDp,5.25,23,3,GGTTCAAGTAGTCCCAGTCA,20,4627950
ybeDp,6.75,29,3,GGTGTGACGTTGTTTCGGCA,26,4616514
ybeDp,7.75,33,3,GGTGTCTATCACCCGGCGCA,30,4668448
ybeDp,3.0,14,3,GGTGCAGACACGTGTTGACA,11,4616531
ybeDp,2.0,10,3,GGTGAGACACGTCTTTCTCT,7,4633698
ybeDp,1.5,8,3,GGTCTCTAAAGCACACTCGG,5,4679009
ybeDp,8.5,36,3,GGTAGGTGGAAGTATCGGTG,33,4641738
ybeDp,8.0,34,3,GGTAGACAACACCACGAAGT,31,4669331
ybeDp,9.75,41,3,GGTACCACCTGGTGTGGGAC,38,4648805
ybeDp,0.5,4,3,GGTAAGCGCCTCACATCTTG,1,4607091
ybeDp,1.0,6,3,GGGTTTTGTTGTCCGGATTT,3,4643061
ybeDp,5.0,22,3,GGGTGTACTTAATCAAAACC,19,4681248
ybeDp,9.0,38,3,GGGGCTGTTACGCATCAAGC,35,4608102
ybeDp,6.75,29,3,GGGGACGCTGGATGGGGTTG,26,4603383
ybeDp,1.5,8,3,GGGGACAGAACCGGGTTCGA,5,4637206
ybeDp,1.25,7,3,GGGCTTTGAACACAGCGGAA,4,4660214
ybeDp,0.5,4,3,GGGCCAATAGACAAGCAGAA,1,4671608
ybeDp,7.0,30,3,GGGCACTCGACCGCAGGAGA,27,4608658
ybeDp,4.5,20,3,GGGATTCTAGACTCCGTTCA,17,4650567
ybeDp,8.0,34,3,GGGAATCCCTTCATCTTGCT,31,4612410
ybeDp,4.25,19,3,GGGAAGTTTCATGGTTATGG,16,4675857
ybeDp,4.75,21,3,GGCTGGCCTGGTCTATGTTA,18,4617607
ybeDp,4.5,20,3,GGCTCACCCTCTGCATGAGT,17,4624818
ybeDp,4.0,18,3,GGCGATATATTGGGGAATTT,15,4666478
ybeDp,3.5,16,3,GGCATTTGCTCGGTCTAACG,13,4638781
ybeDp,10.75,45,3,GGCATCGCTAACCTACAGGA,42,4665752
ybeDp,3.0,14,3,GGCAGGTCCATTTGCGCTGC,11,4606386
ybeDp,6.25,27,3,GGCACGATATGATCACATCA,24,4653997
ybeDp,3.0,14,3,GGATGATCAGGAAATACGTA,11,4638507
ybeDp,5.25,23,3,GGAGGGTCTGAATCGGGTAG,20,4666479
ybeDp,3.0,14,3,GGAGACACTCAATTTCTTTT,11,4626957
ybeDp,3.75,17,3,GGAGAAAGAAACTTGAAAAT,14,4637064
ybeDp,5.0,22,3,GGACTTTGGTTGAAGGTCTA,19,4675441
ybeDp,0.5,4,3,GGACTCGGCGTCTTTAGCTC,1,4684710
ybeDp,4.25,19,3,GGACTATGACATTTCGAACC,16,4681670
ybeDp,4.25,19,3,GGACCCACATAGTAGCCTTT,16,4602955
ybeDp,2.5,12,3,GGACAGTTCCTAATCCCCAC,9,4667457
ybeDp,0.75,5,3,GGAATAGTTGGAGCGCTCGG,2,4605917
ybeDp,0.5,4,3,GGAAGCTAGCTTGTCTAGAG,1,4605264
ybeDp,0.5,4,3,GGAACTGCCCCCGGGATCCA,1,4603442
ybeDp,15.75,65,3,GCTTTTGTGAGCATCACAAC,62,4622940
ybeDp,10.25,43,3,GCTTGATAGCACTTGGTAGA,40,4664820
ybeDp,12.5,52,3,GCTTCCCGTGGTTTGCGGAA,49,4655512
ybeDp,3.75,17,3,GCTTAGTTACAGTAAACTTT,14,4611521
ybeDp,8.75,37,3,GCTGTAAGAAAACGCTTGTG,34,4605735
ybeDp,4.25,19,3,GCTGCCTGGTTAGAATTGAG,16,4643293
ybeDp,3.75,17,3,GCTCTTGGTTAACTCTGAAC,14,4615762
ybeDp,5.5,24,3,GCTCCTCTTCGTGGAGTGCA,21,4658467
ybeDp,7.75,33,3,GCTCAATAAAGTCTGGCCCA,30,4632445
ybeDp,9.0,38,3,GCGTGTTTGCCACCGGGCCG,35,4646966
ybeDp,6.75,29,3,GCGTCGAGGGGTTAGCGCTC,26,4684896
ybeDp,8.0,34,3,GCGGTTGGTAGCATGTACGT,31,4628054
ybeDp,3.0,14,3,GCGGCTCGAAGGTCCTAAGT,11,4647929
ybeDp,4.0,18,3,GCGGATTGTTGACCTGCATT,15,4680732
ybeDp,12.25,51,3,GCGCTTGAATAGGAGCCAGC,48,4623513
ybeDp,1.75,9,3,GCGACTCCTAGGTAGTAATA,6,4637903
ybeDp,2.75,13,3,GCGACGTTCGGGAAAATAAG,10,4627219
ybeDp,4.5,20,3,GCGACCAATGTGCCGTTGCC,17,4657747
ybeDp,8.5,36,3,GCCTCCTAGTAGCCTACTGG,33,4660263
ybeDp,7.25,31,3,GCCGGCTAAATCCTCATTGA,28,4604403
ybeDp,3.25,15,3,GCCGGCAAAAGCCTCGGCGT,12,4643130
ybeDp,0.5,4,3,GCCGCTTTTGTTTAATATGG,1,4606716
ybeDp,0.5,4,3,GCCGACCGGGCACCGATTCG,1,4644689
ybeDp,0.75,5,3,GCCCAAAGATCTTGGGTGCG,2,4657507
ybeDp,30.0,122,3,GCCATTCTACCAGCGGACCG,119,4686802
ybeDp,6.5,28,3,GCCATGATTACCAGCACGTT,25,4648664
ybeDp,2.75,13,3,GCCATCATGCGGAGTGTTTA,10,4663670
ybeDp,3.75,17,3,GCCAGAAAGAGTGCCGACAT,14,4603474
ybeDp,4.0,18,3,GCCACGCGATCAAGGATATT,15,4647716
ybeDp,9.5,40,3,GCCAATTCCTTCGAGTTGAT,37,4634705
ybeDp,2.5,12,3,GCATTACAGCTCGCTTGTCT,9,4615797
ybeDp,0.5,4,3,GCATCTTGTCGCCTAAGAAT,1,4666132
ybeDp,8.0,34,3,GCATCCGCAATGCATAAGAG,31,4626353
ybeDp,5.25,23,3,GCATCAGGACCCACACTTAG,20,4608330
ybeDp,11.0,46,3,GCAGTCTGGGCAAGTGCCTT,43,4638508
ybeDp,5.75,25,3,GCAGGTTCCGACTCCGTTTG,22,4666477
ybeDp,4.75,21,3,GCAGGATGTTCCATAGGGAG,18,4619818
ybeDp,7.75,33,3,GCACCGAACAAAACTCATGA,30,4676192
ybeDp,4.0,18,3,GCAAGAGCATTCCTCAACGA,15,4679429
ybeDp,1.25,7,3,GCAACCCGAACGTTAAGGAA,4,4630794
ybeDp,5.25,23,3,GCAACAAAAATCAGGGCGAA,20,4636931
ybeDp,1.75,9,3,GCAAATCAAGTTATCACACG,6,4682835
ybeDp,4.5,20,3,GATTCAAGCTTGTGGTAGCA,17,4661648
ybeDp,3.25,15,3,GATGTTTATACTTCCCTTCA,12,4627911
ybeDp,77.5,312,3,GATCTATCTCCAACGACGGC,309,4688216
ybeDp,0.5,4,3,GATCGCCGCATATAACCAGT,1,4638391
ybeDp,3.25,15,3,GATATCGGGAATGGACAATA,12,4659352
ybeDp,3.25,15,3,GATATACCTGTTTCTGCCTT,12,4652380
ybeDp,0.75,5,3,GATACTTTAGTGTCTTTATA,2,4650573
ybeDp,5.0,22,3,GATAATAGCTCGGCACTCCT,19,4607500
ybeDp,6.5,28,3,GAGTTCTAAGGTGGCGTAAA,25,4601267
ybeDp,5.75,25,3,GAGTGTTTATTTCCTTGACC,22,4653559
ybeDp,0.5,4,3,GAGTATAGTAGCATCGTTGA,1,4683890
ybeDp,1.75,9,3,GAGGTTCTAGGATGCTACGG,6,4651812
ybeDp,13.75,57,3,GAGGTGGCGGGCGTATCAGC,54,4645198
ybeDp,5.25,23,3,GAGGGGCATCTAAGTCGTAC,20,4614762
ybeDp,2.5,12,3,GAGGCCGGCCCGTCCATGTG,9,4668753
ybeDp,0.75,5,3,GAGCTCGAATGGGCATAAGT,2,4605266
ybeDp,0.5,4,3,GAGCAACCCGCTAAGCGCCA,1,4685648
ybeDp,9.75,41,3,GAGATTTGAGTAAGAAAAAT,38,4650852
ybeDp,5.5,24,3,GACTGGTATGTCTAGAGCAG,21,4649064
ybeDp,7.75,33,3,GACGGCGACTGACTGGACCC,30,4684947
ybeDp,1.0,6,3,GACGATCCGATCATCTTGCT,3,4657932
ybeDp,1.0,6,3,GACCGTACATTTGTCTTATC,3,4632120
ybeDp,5.75,25,3,GACCACCGCAGCAATATTCA,22,4629230
ybeDp,1.75,9,3,GACATCATCGATTTTTGGGA,6,4681669
ybeDp,4.5,20,3,GAATGGGTGTAATCAGTCCC,17,4661868
ybeDp,4.5,20,3,GAATGCATACGTGCCGACCG,17,4686343
ybeDp,1.25,7,3,GAATCGCCGAGGAGGCTTTC,4,4614490
ybeDp,0.5,4,3,GAAGGTCAAGCAGGTTGGAA,1,4664080
ybeDp,14.25,59,3,GAACTACCAAAGTGGAATTA,56,4683986
ybeDp,8.75,37,3,GAACCAACCCGGCCCTTACT,34,4665862
ybeDp,22.75,93,3,GAACAAGTTCTGGGTAGAGA,90,4664739
ybeDp,13.5,56,3,GAAATCGGGCGGGCATCCAG,53,4634919
ybeDp,6.75,29,3,GAAAAAGTCCTCCTTACAGG,26,4655319
ybeDp,5.5,24,3,CTTTCTGCCTGGTTTTCAAT,21,4609885
ybeDp,1.75,9,3,CTTTAGCTAGGTCTCAAAGC,6,4636601
ybeDp,3.25,15,3,CTTGTTAGTCTCCACATGAT,12,4658576
ybeDp,2.5,12,3,CTTGGGGAGACCGGCTACTC,9,4685419
ybeDp,3.0,14,3,CTTGGGCAGGTTTGCCTCGT,11,4679702
ybeDp,2.0,10,3,CTTGAGGGAAGCGCGCTTGG,7,4613505
ybeDp,0.5,4,3,CTTCTGGAGGCGGGTCATGT,1,4681530
ybeDp,0.5,4,3,CTTCTCAAACTCATGGAGCT,1,4644624
ybeDp,2.25,11,3,CTTCTACGTGCTGGCGACCT,8,4633108
ybeDp,0.75,5,3,CTTATCATCAAGATCTCACG,2,4623886
ybeDp,4.0,18,3,CTTAGCCCTGAGGATAAAAA,15,4675723
ybeDp,11.25,47,3,CTGTTTCAGGGGATAGGCGA,44,4611393
ybeDp,0.5,4,3,CTGTGTACACGGAGCACGCG,1,4672582
ybeDp,4.5,20,3,CTGTAGATCTTCACAACTTA,17,4649109
ybeDp,6.0,26,3,CTGGCCAATTACAGTGTTGC,23,4643294
ybeDp,2.5,12,3,CTGCGCTCGGAAGTGGAGAC,9,4622143
ybeDp,4.75,21,3,CTGCCTGAGTACTTTCTGAG,18,4609378
ybeDp,0.5,4,3,CTGCACATCTCCAGATCACG,1,4679032
ybeDp,6.75,29,3,CTCTTATAAGGAGTCCATGC,26,4607087
ybeDp,6.5,28,3,CTCTCGTCACATATGAGCGA,25,4635004
ybeDp,2.0,10,3,CTCGTAACGCAAGGTAACGG,7,4678399
ybeDp,8.75,37,3,CTCGCTTCCGACTCAATTTC,34,4660274
ybeDp,0.5,4,3,CTCGCAGGACGTTTCGGCCG,1,4643871
ybeDp,5.0,22,3,CTCCAGCCCCTGGAGTAGTT,19,4675224
ybeDp,0.5,4,3,CTCATACGCACGACTGCCGT,1,4626391
ybeDp,1.5,8,3,CTCAGTCACACCAGTGGAGC,5,4615511
ybeDp,7.5,32,3,CTATCTGCGATCTTTTAAAC,29,4676200
ybeDp,0.5,4,3,CTATCGAGGGCATGAGTACC,1,4617229
ybeDp,1.25,7,3,CTATCACCGAACACAACACT,4,4630623
ybeDp,3.25,15,3,CTAGTTACCTGTGGCCTCGA,12,4659898
ybeDp,2.25,11,3,CTAGTAATGTGGGCGCGCCC,8,4646815
ybeDp,1.5,8,3,CTAGGGTCCTTAACAAGCGT,5,4621267
ybeDp,8.25,35,3,CTAGCACTGTTCTTTCATTT,32,4655391
ybeDp,4.0,18,3,CTAGAGTCTCATGGCATTCA,15,4668063
ybeDp,2.25,11,3,CTAGAGCGAAACGGGTGCTT,8,4631058
ybeDp,2.75,13,3,CTACGGAGTAGGCCACCATC,10,4669682
ybeDp,2.75,13,3,CTACCGAATCCACTCTGTAT,10,4681428
ybeDp,0.5,4,3,CTAATGTGGAAGTGAATGGA,1,4604563
ybeDp,4.25,19,3,CTAATAATCATGACCGTCCT,16,4637440
ybeDp,6.25,27,3,CTAAATAATTAGGAGAGGCA,24,4674416
ybeDp,1.0,6,3,CGTTGAGAGGATCATGTATC,3,4651865
ybeDp,1.0,6,3,CGTTAGGTAATAGCGATGCT,3,4645832
ybeDp,7.5,32,3,CGTGTGGACTGCTTTGAATA,29,4680562
ybeDp,0.5,4,3,CGTGATGGGCGCCGACTTTG,1,4638150
ybeDp,1.5,8,3,CGTCTCGTAGTTGTAACTGG,5,4640724
ybeDp,0.5,4,3,CGTCGTTCCTCCACTTTCGT,1,4655128
ybeDp,3.0,14,3,CGTCCCTGGAGAGGTAAGTC,11,4668840
ybeDp,8.0,34,3,CGTATAATACAACAGCACCT,31,4649595
ybeDp,1.25,7,3,CGTACGAACAATCCCCAGGA,4,4613747
ybeDp,3.5,16,3,CGTAATGGGGTCTGTAAGTT,13,4631732
ybeDp,10.75,45,3,CGGTTGGAACTTACGGGACC,42,4629936
ybeDp,50.0,202,3,CGGTTCGCTTAGCGGATCTG,199,4660750
ybeDp,2.5,12,3,CGGTGTTATAAGATCTCCAA,9,4652959
ybeDp,7.5,32,3,CGGGTTATTGTTCGGAAAGT,29,4643248
ybeDp,21.25,87,3,CGGGTAGGATAACCGGTGGG,84,4688125
ybeDp,0.5,4,3,CGGGCCTGGGGGTTCTCCAA,1,4645158
ybeDp,2.0,10,3,CGGGATTCTGTGTCCGGCAA,7,4615437
ybeDp,4.75,21,3,CGGCGATTAAAGGCAGGACT,18,4622332
ybeDp,4.75,21,3,CGGAATTTCTATGTGTAATT,18,4656165
ybeDp,5.25,23,3,CGGAAATGGAATCCCGGTAT,20,4635376
ybeDp,8.75,37,3,CGCTTGGTCTCGATTGCAGT,34,4665673
ybeDp,27.0,110,3,CGCTCGAACTCCTGTCGGAA,107,4671533
ybeDp,3.25,15,3,CGCTATTACAAGGCTAACCT,12,4636797
ybeDp,5.0,22,3,CGCGGGGCATCGATTTAACA,19,4645430
ybeDp,12.0,50,3,CGCGGACCGTTACTCCGAAC,47,4686918
ybeDp,8.75,37,3,CGCGCTTTTAAGTGATGGGA,34,4648459
ybeDp,1.5,8,3,CGCGCCCCTTTTGCCTCCTT,5,4615546
ybeDp,6.75,29,3,CGCCTATGTTACATATCGCC,26,4637223
ybeDp,8.75,37,3,CGCCCTTCATGTAGTCGTAA,34,4682917
ybeDp,4.75,21,3,CGCAGTGGCATTCTCGCCAG,18,4656152
ybeDp,5.25,23,3,CGCAATCGCCATTCAGGTAT,20,4666152
ybeDp,0.75,5,3,CGATTATGGACAACGGTTTT,2,4656835
ybeDp,1.5,8,3,CGATTAGAGCAGAAATAGGT,5,4610125
ybeDp,5.75,25,3,CGATGTCCATTTAGCCGGGT,22,4616670
ybeDp,1.25,7,3,CGATGATATAGTCCATTTAA,4,4633298
ybeDp,19.25,79,3,CGAGTCTGCGTTGTGTTTTT,76,4686981
ybeDp,3.0,14,3,CGAGTAGTGCAATCAAGCTC,11,4606285
ybeDp,0.5,4,3,CGAGGGTTGGGGGTACAAAT,1,4612402
ybeDp,13.75,57,3,CGAGCAGGGAAAACGGAGTG,54,4665360
ybeDp,11.75,49,3,CGAGCAAATGTCACGTTAAA,46,4621195
ybeDp,0.5,4,3,CGACGGGAGTGGCAGAGGTC,1,4604430
ybeDp,3.5,16,3,CGAAGTTTATTTTCTAGCAT,13,4635787
ybeDp,7.25,31,3,CGAAGGTCGGATAACAACGG,28,4612872
ybeDp,10.5,44,3,CGAAGGGGTTTCATTGTAAA,41,4681205
ybeDp,1.25,7,3,CGAACATGCAAAACGCCAAT,4,4630983
ybeDp,8.25,35,3,CCTTTGCCACCATGTGGAAG,32,4672152
ybeDp,8.0,34,3,CCTTCCTTGTGTTAATCTTA,31,4651123
ybeDp,3.25,15,3,CCTGGAGCGGGCTCGATTCT,12,4650810
ybeDp,40.75,165,3,CCTGCATACCGCGCCCGACA,162,4616957
ybeDp,0.5,4,3,CCTGATATGTGTATTTGCCT,1,4601121
ybeDp,9.25,39,3,CCTGAGCGCGCACGGTGAAA,36,4657934
ybeDp,7.5,32,3,CCTGACTTGTTCCCGAGTTC,29,4624390
ybeDp,13.0,54,3,CCTGAAGATGTGGACATGCC,51,4667217
ybeDp,0.5,4,3,CCTATTTGACTCCAGGATGT,1,4621825
ybeDp,7.0,30,3,CCTAGTGCATTATCCACGAC,27,4663644
ybeDp,1.5,8,3,CCGTTTGGTGGACTGGTGCC,5,4604153
ybeDp,43.5,176,3,CCGGTTCTCTTCGGCGATAT,173,4664997
ybeDp,3.5,16,3,CCGCTTAGTCTAGGAATAGT,13,4679112
ybeDp,4.75,21,3,CCGATGAAATAGCCCGATGC,18,4640038
ybeDp,4.25,19,3,CCGACCACGCACGGAGGGTG,16,4603589
ybeDp,5.0,22,3,CCGAATCCTCCGCCATGTGT,19,4629901
ybeDp,3.25,15,3,CCGAAATTCTGACGTTCTTG,12,4613030
ybeDp,1.75,9,3,CCGAAATGGTCTACGGGTAC,6,4640320
ybeDp,0.5,4,3,CCCTGCCCATCACAGGGAAA,1,4627913
ybeDp,1.25,7,3,CCCTCTGCTCGCATTGGGAC,4,4602571
ybeDp,0.5,4,3,CCCTCACGGCCCAAGTATGC,1,4601910
ybeDp,4.75,21,3,CCCGTACTCTAAGTGCGGGG,18,4615670
ybeDp,45.0,182,3,CCCGGTCATTGCGGCTAGTA,179,4655167
ybeDp,0.5,4,3,CCCGGGACATGATCATGTAG,1,4681176
ybeDp,2.75,13,3,CCCGGACAGGGGCTAAGTCC,10,4630504
ybeDp,4.75,21,3,CCCGCTTAAAGATAAACTTC,18,4631113
ybeDp,4.0,18,3,CCCGAGAAATAAAGGATGTT,15,4640987
ybeDp,2.5,12,3,CCCGAATTGAGACAGCGGAG,9,4657685
ybeDp,0.5,4,3,CCCGAAGAAGAAATCCGTCT,1,4659103
ybeDp,3.75,17,3,CCCCCGCGGTGCGTAGTAGG,14,4645855
ybeDp,7.5,32,3,CCCACGCTGGACTGATCCTC,29,4641316
ybeDp,2.5,12,3,CCCAAGCCGTGCTCTAGGCC,9,4680822
ybeDp,4.25,19,3,CCATATGCTACATTTGCCGG,16,4611251
ybeDp,0.5,4,3,CCAGCTGTATACTGTGTCTC,1,4654931
ybeDp,1.25,7,3,CCAGCGGGCTCTCAGTCACT,4,4682932
ybeDp,0.5,4,3,CCAGCCATCGCGATTTCTGT,1,4604312
ybeDp,3.75,17,3,CCACTTATCGTCTTCGCTAT,14,4661080
ybeDp,2.5,12,3,CCACCCTTGCGAATATATCT,9,4665037
ybeDp,4.0,18,3,CCACAGTACTGTCCGATCAG,15,4641438
ybeDp,4.25,19,3,CCACAATGAGCCGTCTGTTT,16,4664464
ybeDp,12.25,51,3,CCAAGCGCGTAGACTAACCA,48,4658581
ybeDp,5.75,25,3,CCAAATATAGTTACAACGAC,22,4607210
ybeDp,3.5,16,3,CCAAACGAAATCGCCCCCTG,13,4621598
ybeDp,16.25,67,3,CATTTTGATCCAATTCGGTT,64,4665672
ybeDp,1.25,7,3,CATTTACTGTCGAAGGCAAC,4,4664236
ybeDp,2.5,12,3,CATTGTCCTGGTTTGGGTAT,9,4615412
ybeDp,2.5,12,3,CATTCGAATTGTAAACCACT,9,4664029
ybeDp,10.75,45,3,CATTACTGGCACCTTTGATG,42,4630328
ybeDp,6.75,29,3,CATCTTGACTGGCCGACGAC,26,4682374
ybeDp,2.75,13,3,CATCGACTTTTCCCATTCCC,10,4676921
ybeDp,6.25,27,3,CAGTCCGCTTGTCAAGAACA,24,4680946
ybeDp,10.0,42,3,CAGGAGCCATTTAACACCTT,39,4630368
ybeDp,14.75,61,3,CAGGACTGGTACCTGATTGG,58,4617620
ybeDp,7.75,33,3,CAGCAGCTACGGTTTAAATA,30,4609057
ybeDp,6.0,26,3,CAGATTCCTTGTGAACTTTG,23,4668545
ybeDp,4.25,19,3,CAGAGCCAATGTTCCCCACT,16,4621018
ybeDp,6.25,27,3,CAGACGCTCCCCATTGTTAT,24,4680388
ybeDp,5.75,25,3,CAGACCCGCCAATTCGTAGG,22,4602673
ybeDp,0.5,4,3,CAGACAGCATTTCTATTCCA,1,4633980
ybeDp,4.25,19,3,CAGAACACTGGGTAATGTCA,16,4610524
ybeDp,0.5,4,3,CACTTTGTCATAATCCCGGA,1,4639895
ybeDp,8.75,37,3,CACTTGCGCAAAAGTGATAA,34,4673579
ybeDp,14.0,58,3,CACTTAAGTTAGGCAGCCTG,55,4626645
ybeDp,2.25,11,3,CACTGAACCCGGTTCTAAAC,8,4673012
ybeDp,8.75,37,3,CACGGACAGCCTTAGAGTCA,34,4601097
ybeDp,2.5,12,3,CACCGAAGACAACGCATGGC,9,4609271
ybeDp,10.25,43,3,CACACGTCACCGTGCCCTAT,40,4639266
ybeDp,4.25,19,3,CACAACTCTGTGGCTTACAC,16,4649897
ybeDp,9.0,38,3,CACAACCACTCTGAACAATG,35,4607069
ybeDp,6.5,28,3,CAATCTTTTTTGCCCACCTG,25,4687750
ybeDp,4.0,18,3,CAAGTTGACGCCTGTTTACA,15,4665265
ybeDp,12.5,52,3,CAAGGTATGTACTAGACACA,49,4683512
ybeDp,4.5,20,3,CAAGGAACACCTGAATCATT,17,4635407
ybeDp,0.75,5,3,CAACCTAGATAATCCAACTT,2,4636732
ybeDp,0.5,4,3,CAACCGTGAACGTGCCTCGC,1,4633412
ybeDp,5.75,25,3,CAACCACCCGTCCTGACCCC,22,4614911
ybeDp,4.0,18,3,CAACATAGCCTGCGTAAGTT,15,4657452
ybeDp,3.5,16,3,CAAAGGTTAAGCCGTAGACA,13,4672724
ybeDp,10.5,44,3,CAAACGTATCTGAATCTGAT,41,4666355
ybeDp,4.25,19,3,CAAACACTTCAAGAACGAAT,16,4629011
ybeDp,3.0,14,3,ATTTTTAGGTTTTATGATGA,11,4652456
ybeDp,1.75,9,3,ATTTTGTTTAGAACTGCGCG,6,4676485
ybeDp,11.0,46,3,ATTTTGTGCGCGAAGGCTTC,43,4642395
ybeDp,9.0,38,3,ATTTGTGCTGCGCCATTTGG,35,4609855
ybeDp,6.0,26,3,ATTTGTCGAGTCCTTCATAA,23,4630481
ybeDp,7.0,30,3,ATTTCGAGTTCTATAGGCCT,27,4667725
ybeDp,15.0,62,3,ATTTAGACAGTACACTTGGA,59,4656936
ybeDp,39.0,158,3,ATTGAATCGGGGTTTGGGGG,155,4688334
ybeDp,13.0,54,3,ATTCGGCAGCTGACTCATAC,51,4640647
ybeDp,2.25,11,3,ATTCCTTAATAGTTTGTAGA,8,4661982
ybeDp,14.5,60,3,ATTCCTGTAGACTACATCCC,57,4617562
ybeDp,2.25,11,3,ATTATGCGCTCAGCTTACAT,8,4614823
ybeDp,5.75,25,3,ATTATCAGAGTGAATGCCCC,22,4618988
ybeDp,6.5,28,3,ATTAGTTTCGGGGGGGGTCC,25,4603167
ybeDp,13.5,56,3,ATTAGCCCGACGTTTCTATG,53,4601029
ybeDp,4.75,21,3,ATTACGGTTGCCGAGATACA,18,4621464
ybeDp,3.5,16,3,ATGTTGTTAATTCCTCGCTC,13,4604277
ybeDp,6.75,29,3,ATGTTCGTTTGCCCTTTCCT,26,4655577
ybeDp,7.0,30,3,ATGTGTAGGAAGTTTTCCGA,27,4664468
ybeDp,0.5,4,3,ATGTGCTCGGCCTGCAAGGC,1,4645290
ybeDp,9.0,38,3,ATGGGGTCAGAGGTACCGAA,35,4635629
ybeDp,3.5,16,3,ATGGGATGAACGGTAACCAC,13,4625021
ybeDp,6.75,29,3,ATGGACGATAGAAGGACCAT,26,4667584
ybeDp,25.25,103,3,ATGCTTAACACGAACCACCC,100,4667602
ybeDp,4.0,18,3,ATGCTAATTACACTTTGCTG,15,4601739
ybeDp,2.0,10,3,ATGCAGAGCGTGATCGGGTG,7,4621948
ybeDp,14.25,59,3,ATGCACACTTTAACTATTGA,56,4687137
ybeDp,2.0,10,3,ATGAGGACCGCACCTCGTGA,7,4601622
ybeDp,3.5,16,3,ATGACCGGGGTGAGAGAACA,13,4633367
ybeDp,4.25,19,3,ATGAACAGTAATTCGTCTTG,16,4646443
ybeDp,8.5,36,3,ATCTGCGTGTGCGGAAATGA,33,4641559
ybeDp,6.75,29,3,ATCGGGACACGATATATGTT,26,4652497
ybeDp,3.75,17,3,ATCCGGGACGTGCTCTTCCG,14,4634009
ybeDp,7.5,32,3,ATCCGGATGCCACTAGCTCG,29,4601740
ybeDp,10.75,45,3,ATCCGAACAGACTGTACATG,42,4608777
ybeDp,4.75,21,3,ATCAGGCATATGATTATCCT,18,4677169
ybeDp,6.25,27,3,ATCAGGAAATTTCAAGCTCT,24,4605776
ybeDp,3.75,17,3,ATATGGTGGCCTCATTGGAT,14,4642905
ybeDp,3.5,16,3,ATATCAGGAAACCTACGGGC,13,4674803
ybeDp,2.0,10,3,ATATCACCCTGCCACCCCCT,7,4604373
ybeDp,9.0,38,3,ATATAGGTGGTTCTGTGCAA,35,4671326
ybeDp,0.5,4,3,ATAGTAAACTTAGGAATGGG,1,4601669
ybeDp,4.5,20,3,ATAGGACTGGGGAAACCCCT,17,4622620
ybeDp,9.0,38,3,ATAGCATAACCTGATGGCGT,35,4619986
ybeDp,20.75,85,3,ATACTGTTCTATTTGAGTGA,82,4637858
ybeDp,5.25,23,3,ATACTAGGAGCCTCGAACGC,20,4675999
ybeDp,2.0,10,3,ATAAGGCGCCATTCACGCAT,7,4625577
ybeDp,2.75,13,3,AGTTTTCGGTCTCACCCGTG,10,4656786
ybeDp,7.5,32,3,AGTTGGTGGGGGGTGTGGAA,29,4653052
ybeDp,19.5,80,3,AGTTCGTATACTAATGTCGG,77,4602668
ybeDp,4.5,20,3,AGTGAATACAACCCGAAGGC,17,4652144
ybeDp,21.0,86,3,AGTCTCCAATGACGACAAGG,83,4635856
ybeDp,13.25,55,3,AGTCGTTCCAGCCGCAGCCT,52,4687443
ybeDp,14.0,58,3,AGTCGCATAGTTCTGGAGTC,55,4628772
ybeDp,0.5,4,3,AGTAGTCAACTGGTGCTAAC,1,4615494
ybeDp,5.5,24,3,AGTAGAGTGGGGAAGTGATA,21,4675097
ybeDp,0.5,4,3,AGTAACTTGATAGTTGTTGG,1,4671788
ybeDp,2.0,10,3,AGGTTCCAGTCACCTTCCTT,7,4644969
ybeDp,1.0,6,3,AGGTCATAGATCCACAGCGT,3,4669176
ybeDp,5.75,25,3,AGGTAAGCCTCCAAATTGCA,22,4614870
ybeDp,32.75,133,3,AGGGTGCCATGCCTGCGCGG,130,4660759
ybeDp,0.5,4,3,AGGGTATTGAACACACCTTG,1,4669544
ybeDp,19.5,80,3,AGGGGGCTGGATTGTCCAAG,77,4654225
ybeDp,5.5,24,3,AGGGGACCGTCCCAATTGGC,21,4658692
ybeDp,6.5,28,3,AGGGAGATGTAGAACATCTC,25,4642086
ybeDp,5.5,24,3,AGGCCCTATTAGGCATTGGA,21,4660760
ybeDp,2.0,10,3,AGGATCGTGCGCAAACAGGG,7,4668149
ybeDp,6.75,29,3,AGCGTACAACCCCACAGTTA,26,4609214
ybeDp,7.0,30,3,AGCGGCCACATTGTTGGTCC,27,4678214
ybeDp,3.0,14,3,AGCGCCGGCTACGCCTACGC,11,4658557
ybeDp,4.25,19,3,AGCGCCAAGCAAGGTCGGAC,16,4644929
ybeDp,1.0,6,3,AGCGAGCAAAACGGACGGAC,3,4636016
ybeDp,4.0,18,3,AGCCGGTTTTGCTGGAAATG,15,4662446
ybeDp,2.5,12,3,AGCCCTATGAAACAAGAGCA,9,4604107
ybeDp,6.0,26,3,AGCCCAGCCATAATCGTGTA,23,4612067
ybeDp,4.25,19,3,AGCAACCTGTTTGGCATCCT,16,4601719
ybeDp,0.5,4,3,AGAGTTTGCCGGGGGTCCTT,1,4660795
ybeDp,5.5,24,3,AGAGTGATGGAATCAGGCGT,21,4680262
ybeDp,3.75,17,3,AGACTGCTCCGGCCCCGAAC,14,4612298
ybeDp,16.25,67,3,AGACTAAGGTCTTCAGGCGC,64,4674481
ybeDp,2.75,13,3,AGACGGTTGAACTTGACTCA,10,4659692
ybeDp,6.25,27,3,AGACGGCTATTGGAAGTGCC,24,4635872
ybeDp,0.75,5,3,AGAATACTCTAGATCATTTA,2,4685535
ybeDp,1.5,8,3,ACTTGGGGTGCGTATTAATA,5,4605461
ybeDp,7.25,31,3,ACTTGAGGGAAGTCTATTAA,28,4636507
ybeDp,4.25,19,3,ACTTCAACAAGGGGCATCAT,16,4642064
ybeDp,3.5,16,3,ACTGTATTAGCTACGATATA,13,4651827
ybeDp,2.0,10,3,ACTGGCGGAAAAATCATCAA,7,4671658
ybeDp,2.5,12,3,ACTGACAATTGTTAATTATG,9,4611302
ybeDp,3.0,14,3,ACTCTTCATCGCGGTACTTG,11,4671261
ybeDp,4.5,20,3,ACTATTAGGAAGCGGGGATT,17,4615473
ybeDp,2.5,12,3,ACTAGAAACGGGACGCCGCT,9,4677599
ybeDp,5.0,22,3,ACTACAGAATCGCTAGTCCT,19,4681376
ybeDp,1.5,8,3,ACTAACATACGTTGGGGGCT,5,4623209
ybeDp,8.5,36,3,ACGTTTAGAACGGCTAAGGT,33,4604755
ybeDp,8.25,35,3,ACGTGTTCTACTTTAAAAAC,32,4632632
ybeDp,11.25,47,3,ACGTGGCGATCGGACTACAC,44,4687786
ybeDp,2.0,10,3,ACGTCCCGGGTCGCCGGAAG,7,4625811
ybeDp,4.25,19,3,ACGGCGTCTTAGCTTATTAA,16,4602530
ybeDp,5.5,24,3,ACGGAGCCTAATCGAAGTTT,21,4642434
ybeDp,3.75,17,3,ACGCTATTCCAAGGGGACGG,14,4664691
ybeDp,1.5,8,3,ACGCAGGTGGGGCACTCGGG,5,4681562
ybeDp,0.75,5,3,ACGATCGCTGCTGGAATTTG,2,4657636
ybeDp,0.5,4,3,ACGAGTGGTAAACAAGAAAT,1,4617462
ybeDp,1.75,9,3,ACCTTGTAACACTTCGATTC,6,4625965
ybeDp,3.0,14,3,ACCTTGACTGCCCCGAAGAT,11,4683069
ybeDp,2.5,12,3,ACCTCGTTAACCGTTGCCAT,9,4613469
ybeDp,19.75,81,3,ACCTACGACTGTCGTCACCG,78,4679531
ybeDp,9.75,41,3,ACCGTGGTGTAGATACATGG,38,4685874
ybeDp,8.25,35,3,ACCGCTCATCCCTGCAGAAG,32,4647951
ybeDp,0.5,4,3,ACCCCTTATTGAGTCACCTT,1,4629270
ybeDp,24.0,98,3,ACCCAAGTCGTCTCACGCAA,95,4675220
ybeDp,5.0,22,3,ACCATTAGCGTGCTCAGTAT,19,4676093
ybeDp,18.25,75,3,ACCAGCCGGGACGGTTGTGC,72,4676572
ybeDp,7.75,33,3,ACCAATGTCCATAGTACATT,30,4648340
ybeDp,4.5,20,3,ACATTCCTGGATAGGCGGTC,17,4604129
ybeDp,2.0,10,3,ACATAGGACCGTAGGTTTCC,7,4620392
ybeDp,13.5,56,3,ACATACTACACGCTTTGGCA,53,4657434
ybeDp,0.5,4,3,ACAGTCAGCCTCAGCCCGTG,1,4674808
ybeDp,5.5,24,3,ACAGGGAATCTTGTTTATGA,21,4683007
ybeDp,11.5,48,3,ACACTGACAAGATCTCGGCT,45,4679923
ybeDp,2.5,12,3,ACACTATTGCGTGAAGTTTA,9,4621160
ybeDp,6.75,29,3,ACACATCAAATCACGATAAT,26,4680494
ybeDp,6.25,27,3,ACAACTGAGAGACCACCGTC,24,4625149
ybeDp,7.25,31,3,ACAACCATGTAGTGACCCAG,28,4640674
ybeDp,2.5,12,3,ACAAACTTCAAGCAATAAAA,9,4609905
ybeDp,16.5,68,3,AATTTTAATAGTTGCTCTGT,65,4612444
ybeDp,9.5,40,3,AATTGGGGTACTGCGGCCGG,37,4672226
ybeDp,0.5,4,3,AATTGACGTAATTGTCGAAT,1,4660089
ybeDp,2.25,11,3,AATTCTTTCGTGAGCGCCTT,8,4634485
ybeDp,2.75,13,3,AATTATTACGGGTTATCACA,10,4648944
ybeDp,2.25,11,3,AATTAATGAGAAGTCGAAGT,8,4645481
ybeDp,4.25,19,3,AATGTTGGGGGTGCCCATGG,16,4626529
ybeDp,4.5,20,3,AATGTGCACTGCGAATAATG,17,4634302
ybeDp,1.75,9,3,AATGGTGCGGGACAGTACCT,6,4629256
ybeDp,36.25,147,3,AATGGGAATCGGACCCTCCG,144,4640279
ybeDp,0.5,4,3,AATGGCGTAGTTTCACCATG,1,4633807
ybeDp,9.25,39,3,AATGATCGCGCCGAATTGGC,36,4688303
ybeDp,3.75,17,3,AATCGGACTTGGCAACGATT,14,4685662
ybeDp,3.0,14,3,AATCGCGGGCAAGCAGGCGA,11,4609440
ybeDp,14.0,58,3,AATCAAACGCGTAGCGGGAA,55,4614465
ybeDp,7.0,30,3,AATATGGTCGGATGTCCGTA,27,4658673
ybeDp,2.75,13,3,AATAGTCTGTCCGAACCTCT,10,4674898
ybeDp,4.0,18,3,AATAGCTATTATAAATTGTA,15,4612906
ybeDp,1.0,6,3,AAGGTTATTCTTGGACCAGG,3,4658140
ybeDp,9.75,41,3,AAGGTGGCTTTGGCCTCGCC,38,4612415
ybeDp,10.25,43,3,AAGATATAGGACGTGCTGAT,40,4652574
ybeDp,14.75,61,3,AAGATAATCCTTAGTTATCC,58,4615056
ybeDp,6.0,26,3,AAGAGTTTCAATGCCACTCC,23,4627847
ybeDp,4.25,19,3,AAGAGGCTTTACGGGTAGAA,16,4627110
ybeDp,5.5,24,3,AAGAGGCCACCGATTAACAA,21,4682805
ybeDp,5.75,25,3,AAGAGATGCTCCCGAATAAC,22,4667864
ybeDp,2.0,10,3,AACTCGGAATCGAGTGGTTC,7,4664539
ybeDp,4.75,21,3,AACGTCACAGAATGCGTCAC,18,4611772
ybeDp,2.0,10,3,AACGGCGACGTTATCAACGT,7,4675695
ybeDp,5.75,25,3,AACGCGGCGAGTGCACGATT,22,4661696
ybeDp,6.5,28,3,AACGAGCGCGTCTGGACCAG,25,4614501
ybeDp,1.25,7,3,AACCTCCAGTGGATCGTTCT,4,4675650
ybeDp,4.0,18,3,AACCGCACGCCTACAGAGTG,15,4681651
ybeDp,5.75,25,3,AACCCTCGATAGACTTTCCC,22,4611545
ybeDp,0.75,5,3,AACATCCAGCTCGCTCACTC,2,4631974
ybeDp,0.5,4,3,AACATACCCTGGGCACCGCC,1,4647834
ybeDp,5.75,25,3,AAATTGCAGTAAACGCGAAG,22,4655242
ybeDp,2.0,10,3,AAACAGTCTCCACAAAGTAA,7,4609617
ybeDp,5.75,25,3,AAAAGTAATAATTTCGATAA,22,4613778
ybeDp,0.6666666666666666,3,2,TTTTGTCTACCAGTCCTATG,1,4672558
ybeDp,8.0,25,2,TTTTGCTCGTTTTCTACTGG,23,4622479
ybeDp,5.333333333333333,17,2,TTTTCCCCGGTAATGTTACT,15,4678163
ybeDp,6.666666666666667,21,2,TTTGTAATATATCTGTAAAT,19,4609124
ybeDp,5.0,16,2,TTTGGCAGGACGGATTCTAT,14,4675432
ybeDp,5.333333333333333,17,2,TTTGATAGCGTGTTGCACTT,15,4668119
ybeDp,1.3333333333333333,5,2,TTTCTAGACCTGAGCCGGCC,3,4603823
ybeDp,0.6666666666666666,3,2,TTTCGCGTCACATCTCGGCA,1,4650394
ybeDp,33.666666666666664,102,2,TTTATCCCCCCAAAATTGTA,100,4671122
ybeDp,8.666666666666666,27,2,TTGTTCTGTTACCTTTATGA,25,4662988
ybeDp,5.0,16,2,TTGTCTCGCTATTCAAGCCT,14,4619019
ybeDp,13.666666666666666,42,2,TTGTCTAGCCCGCTTTACGT,40,4682006
ybeDp,12.333333333333334,38,2,TTGGACAAATTCGTCGTTAC,36,4630580
ybeDp,9.666666666666666,30,2,TTGCTTCCAGACTCTAAGTT,28,4604795
ybeDp,6.333333333333333,20,2,TTGCCTGGTGAAAGTGCCAT,18,4650685
ybeDp,3.0,10,2,TTCTTCGCGCTGTCCATAGC,8,4686557
ybeDp,6.333333333333333,20,2,TTCGTAATTATCGCGATGCT,18,4686754
ybeDp,2.3333333333333335,8,2,TTCGAGTCTCCGAACCCCAG,6,4614361
ybeDp,0.6666666666666666,3,2,TTCGAGCCACCGTAGGATGT,1,4630938
ybeDp,5.333333333333333,17,2,TTCCTCGCAAGACCCTACGC,15,4647358
ybeDp,3.3333333333333335,11,2,TTCAGGTCTCAGGGGTACGC,9,4624669
ybeDp,7.666666666666667,24,2,TTCAGCGGGATTGATTTCTC,22,4649760
ybeDp,5.666666666666667,18,2,TTCAATAAAGCTTTGGGCCA,16,4617087
ybeDp,24.333333333333332,74,2,TTATGAAATAATGGGAAATG,72,4637071
ybeDp,13.666666666666666,42,2,TTATGAAAGGCATACCAGCT,40,4675827
ybeDp,8.0,25,2,TTATCCCGTTCCCCGGACGA,23,4675254
ybeDp,2.3333333333333335,8,2,TTATAAATACGCATTCAAGG,6,4656943
ybeDp,2.0,7,2,TTAGCTGATACGTCTACTGG,5,4663273
ybeDp,7.0,22,2,TTAGCTAGAGGAGTCGTCAA,20,4612133
ybeDp,4.666666666666667,15,2,TTAGCTACAAAGGGGTCTAG,13,4651215
ybeDp,14.666666666666666,45,2,TTAGAGGTCTCCCCATGACC,43,4684350
ybeDp,11.0,34,2,TTACTGGAGACACTGCCGTA,32,4685303
ybeDp,1.0,4,2,TTACGTACGTCCACCTTTCA,2,4687413
ybeDp,3.3333333333333335,11,2,TTAATTTGACGCGTGTACTG,9,4613270
ybeDp,3.0,10,2,TTAAGGTCAATTCCGCTTCA,8,4685553
ybeDp,3.0,10,2,TTAACGAGGGGGGTTTCCGA,8,4674364
ybeDp,8.0,25,2,TGTTTTCGTTCGTGACGGGA,23,4660036
ybeDp,3.0,10,2,TGTTTACCGGTCACTCTCCG,8,4642349
ybeDp,2.0,7,2,TGTTAACCCCGTAGAGAACA,5,4672839
ybeDp,0.6666666666666666,3,2,TGTGTTTGTTGTAGTGTAGT,1,4672076
ybeDp,28.0,85,2,TGTGGTCATAATCGGTATTA,83,4688421
ybeDp,8.333333333333334,26,2,TGTCTTCTCCACCGGCCTCG,24,4611722
ybeDp,8.333333333333334,26,2,TGTCGTGCAGAGCCGGGCAC,24,4683286
ybeDp,1.3333333333333333,5,2,TGTCGGCAGTCACACACGTC,3,4649348
ybeDp,0.6666666666666666,3,2,TGTCGCGTCATGCTTGCGGG,1,4626613
ybeDp,7.333333333333333,23,2,TGTCCTCATTCAGTTCTCAT,21,4671652
ybeDp,7.0,22,2,TGTACCTCTGGGTCTCTTAT,20,4627343
ybeDp,8.666666666666666,27,2,TGGTTTGTGGCGGTTACTCA,25,4610975
ybeDp,2.6666666666666665,9,2,TGGTTATTAGATCGGCCCCT,7,4682563
ybeDp,4.0,13,2,TGGTGACTACGAGACTGTTC,11,4616576
ybeDp,5.666666666666667,18,2,TGGTCTCGGGATACGGTTCA,16,4635523
ybeDp,9.333333333333334,29,2,TGGGGGCAAGTGTGCCTCCT,27,4655912
ybeDp,9.666666666666666,30,2,TGGGGAAGGCGATAGGATAT,28,4633603
ybeDp,51.666666666666664,156,2,TGGCAAGCGTACGCGGCCCT,154,4687911
ybeDp,2.0,7,2,TGGATTCTGACGGCTTTGCT,5,4683638
ybeDp,1.0,4,2,TGGAGAACCTATTCAACACT,2,4680123
ybeDp,5.333333333333333,17,2,TGCTTCCTTACGCGGGGTAC,15,4683505
ybeDp,0.6666666666666666,3,2,TGCTCGCGTGAATACCCCAT,1,4607446
ybeDp,6.0,19,2,TGCGTCACACAATCTCATGT,17,4661810
ybeDp,1.0,4,2,TGCGGCCTATAAAACGTCAA,2,4659883
ybeDp,7.0,22,2,TGCGCCCTTGCAGTTTCTGA,20,4606474
ybeDp,17.333333333333332,53,2,TGCCGGGGTTATCACAAGCG,51,4604110
ybeDp,2.6666666666666665,9,2,TGCCGAGGATCAGGAATGGG,7,4673752
ybeDp,2.0,7,2,TGCCCCTCCGGTCCTTACTG,5,4633880
ybeDp,12.0,37,2,TGCAAAATGAATTTGCCTAT,35,4604061
ybeDp,7.0,22,2,TGCAAAAGCGTCTTAAAATA,20,4646660
ybeDp,6.0,19,2,TGATATAGGAATTCACTCTG,17,4641793
ybeDp,10.666666666666666,33,2,TGATACGTATCGAGGGAACG,31,4602327
ybeDp,3.0,10,2,TGAGCTCGTTACCGGTAAAA,8,4666387
ybeDp,4.666666666666667,15,2,TGAGAGACAAGAAGGCATCG,13,4634853
ybeDp,2.3333333333333335,8,2,TGACCGAGCTTAGTAGAAAT,6,4641521
ybeDp,7.0,22,2,TGACCACGCGTATATGTTCC,20,4665935
ybeDp,8.666666666666666,27,2,TGAATGCGATCCGTAAAGAA,25,4656330
ybeDp,11.333333333333334,35,2,TGAATCACTGGTGTAATGTG,33,4687189
ybeDp,6.0,19,2,TGAAGCGATTGGGCGGATTA,17,4620608
ybeDp,8.0,25,2,TCTTCCCGTGGGGCCTAGGG,23,4633373
ybeDp,3.0,10,2,TCTCCTTGACCAGGCTAGGT,8,4652460
ybeDp,0.6666666666666666,3,2,TCTCCAATCTCCTTATGTCA,1,4668667
ybeDp,9.333333333333334,29,2,TCTCAATACACGCTTCTGGC,27,4634496
ybeDp,0.6666666666666666,3,2,TCGTGTGAATATTCCCGCAG,1,4628155
ybeDp,14.333333333333334,44,2,TCGTGCCATCGATTAAAGTT,42,4650437
ybeDp,6.666666666666667,21,2,TCGGGGGCTCATAATACAGA,19,4612442
ybeDp,14.333333333333334,44,2,TCGGCGAAAGTATTAGCGAC,42,4606563
ybeDp,5.333333333333333,17,2,TCGGAGGTAATAGAGGCGAT,15,4612176
ybeDp,0.6666666666666666,3,2,TCGCGCTTAGGACATGGCAA,1,4606197
ybeDp,11.666666666666666,36,2,TCGCGACGTTGTCTAGTTCT,34,4633250
ybeDp,3.6666666666666665,12,2,TCGCCGAGCGTGAGATTTAT,10,4670539
ybeDp,7.333333333333333,23,2,TCGCAGAGTTAACGCTCTAT,21,4627532
ybeDp,2.0,7,2,TCGCACGAGCTGGGAAACAT,5,4636770
ybeDp,6.666666666666667,21,2,TCGATTAGATAGCCGTTTTG,19,4647445
ybeDp,1.3333333333333333,5,2,TCCTTCGAAGTTATGGGCGG,3,4604460
ybeDp,8.0,25,2,TCCTTAAGCGGCTCCGGTCT,23,4644779
ybeDp,2.3333333333333335,8,2,TCCTGTTGATAGTAGTTTGA,6,4679389
ybeDp,1.6666666666666667,6,2,TCCGTCTGTGCAGCGGTATG,4,4671370
ybeDp,7.0,22,2,TCCGCCCGGTGAGGAGGGGC,20,4668227
ybeDp,1.6666666666666667,6,2,TCCCGAAAAGGAAAGAGCGC,4,4650566
ybeDp,15.666666666666666,48,2,TCCCCGGCAAACCTTGTGAC,46,4655291
ybeDp,8.666666666666666,27,2,TCCAGTAAATTGCCGCGCGC,25,4634788
ybeDp,9.666666666666666,30,2,TCCAGGTAATACAGATTTAG,28,4609380
ybeDp,3.0,10,2,TCCAGATCGAACAGGTCGTT,8,4676912
ybeDp,11.0,34,2,TCCACACAGCCCCAATGTCA,32,4624668
ybeDp,10.666666666666666,33,2,TCAGTATCGGGTCTAAGGCT,31,4632583
ybeDp,5.333333333333333,17,2,TCAGTAGTAGCAAGTTCCTC,15,4611375
ybeDp,12.333333333333334,38,2,TCAGATTGAACGAACCACGT,36,4640365
ybeDp,8.666666666666666,27,2,TCACATTCTACCTTGGGCCC,25,4625876
ybeDp,0.6666666666666666,3,2,TCAATCTGCAGATACGCTCA,1,4630432
ybeDp,5.0,16,2,TCAATATCTGAACAACTCAC,14,4631778
ybeDp,5.333333333333333,17,2,TCAATACTGTTCTGTACCCT,15,4639150
ybeDp,1.0,4,2,TCAAGTATCTCTGATTTCGG,2,4663800
ybeDp,8.0,25,2,TCAAGTAGGCGAAATTAATA,23,4627721
ybeDp,4.333333333333333,14,2,TATTTCGGACACTGATTCAA,12,4616323
ybeDp,5.333333333333333,17,2,TATTGAGTCCACTTGCAAAG,15,4620816
ybeDp,6.666666666666667,21,2,TATTCGTGACCATGTATTCT,19,4644006
ybeDp,5.0,16,2,TATTACCAGAGCTCCGGGTC,14,4650961
ybeDp,4.0,13,2,TATGTTCGTATATTCGTGCT,11,4635323
ybeDp,7.666666666666667,24,2,TATGTTAACGGCCGGTCGAT,22,4619718
ybeDp,7.0,22,2,TATGAATCCTAGCGGGAGTA,20,4618816
ybeDp,1.0,4,2,TATCCTTGTGAGTGGGATGT,2,4679252
ybeDp,6.333333333333333,20,2,TATCACTTATGGGCTAAAGT,18,4674427
ybeDp,0.6666666666666666,3,2,TATATTGGATCCGTCCCATC,1,4638881
ybeDp,1.6666666666666667,6,2,TATAATGCCAAACGGCACGC,4,4623531
ybeDp,2.0,7,2,TAGGTTGCGCAGACTTCGAC,5,4629911
ybeDp,4.0,13,2,TAGGTACACTAGCCTATGTA,11,4610724
ybeDp,6.333333333333333,20,2,TAGGTACAAGATAGCAAATA,18,4683406
ybeDp,9.666666666666666,30,2,TAGGGCTGGAGAACAGGTAG,28,4659772
ybeDp,9.0,28,2,TAGGCGCGCACATCGTCTCA,26,4668625
ybeDp,0.6666666666666666,3,2,TAGGAGCAACCCCGGTTATT,1,4653388
ybeDp,6.666666666666667,21,2,TAGCTATTACGGCAGCAGGG,19,4629030
ybeDp,0.6666666666666666,3,2,TAGCTAGAGTGTGCGCTAGT,1,4630867
ybeDp,10.0,31,2,TAGCGTAGAATACAGATACA,29,4640953
ybeDp,110.66666666666667,333,2,TAGCCAAAACAGATCATCGA,331,4686238
ybeDp,7.666666666666667,24,2,TAGCATCGTCCCTTGTATGC,22,4629873
ybeDp,1.0,4,2,TAGACTCCTCTATCTGGCTT,2,4632338
ybeDp,2.6666666666666665,9,2,TACTATTTTGCACGTAGGCT,7,4670258
ybeDp,13.666666666666666,42,2,TACTAGGCGGTTGCCTGGCA,40,4631163
ybeDp,2.6666666666666665,9,2,TACGTCTCCGCGGTTGCCAA,7,4624706
ybeDp,0.6666666666666666,3,2,TACGGGGGATGACTTGGCGG,1,4617024
ybeDp,1.6666666666666667,6,2,TACCTAGCCGGTCACAACTC,4,4684577
ybeDp,6.666666666666667,21,2,TACCGGAGGTCAGCCGTAGG,19,4610018
ybeDp,10.666666666666666,33,2,TACCGCATGTGGTTCCGTGC,31,4635944
ybeDp,9.333333333333334,29,2,TACCCACTCCAAGGTCAATG,27,4662560
ybeDp,4.0,13,2,TACCCAACAGCTGGGTCGGA,11,4655179
ybeDp,4.0,13,2,TACATTGCTACTGTAATGTG,11,4659434
ybeDp,13.333333333333334,41,2,TACATTAGCGAACAGTAGGT,39,4684754
ybeDp,5.333333333333333,17,2,TACAAGGCGGATAGTAGCTT,15,4666226
ybeDp,7.333333333333333,23,2,TAATCGCATGAGCACCCGCA,21,4622583
ybeDp,1.0,4,2,TAATAATAAGCTGCTCGCGT,2,4636278
ybeDp,32.0,97,2,TAAGGTGCGCGACACTCTGT,95,4687401
ybeDp,0.6666666666666666,3,2,TAAGAGAGGTTACTTAGTCA,1,4646562
ybeDp,0.6666666666666666,3,2,TAACTTATCCAGCTGTTCAC,1,4675636
ybeDp,8.666666666666666,27,2,TAACGAAGAATGGCTCGGTA,25,4686122
ybeDp,6.333333333333333,20,2,TAACATCTCTTCCACGGGAC,18,4664706
ybeDp,0.6666666666666666,3,2,TAAATAGCGGTGGACAGATC,1,4641287
ybeDp,6.666666666666667,21,2,GTTGTTATCAACGATATCCG,19,4618845
ybeDp,2.3333333333333335,8,2,GTTGTACTAGCAGTGTCGTC,6,4663290
ybeDp,5.333333333333333,17,2,GTTCGGACCGTCCCATGACT,15,4644675
ybeDp,4.0,13,2,GTTCGACAGGATGTATCCAG,11,4638705
ybeDp,7.666666666666667,24,2,GTTATCCTGTTTACAGACCC,22,4616120
ybeDp,5.666666666666667,18,2,GTTAGTTTGTTCGTGATCCG,16,4667892
ybeDp,1.6666666666666667,6,2,GTTAGGAAGCTACCTCACTC,4,4683788
ybeDp,32.0,97,2,GTTAATGTATTCCCTCCTCA,95,4671136
ybeDp,6.333333333333333,20,2,GTGTGTACGCGACACATCAG,18,4671221
ybeDp,0.6666666666666666,3,2,GTGTGCCGAGGCGGGTGTCT,1,4654761
ybeDp,0.6666666666666666,3,2,GTGTCGGTCTTGATCCGTAT,1,4675013
ybeDp,14.333333333333334,44,2,GTGTCGGGGTTAACCAAGGT,42,4674741
ybeDp,16.333333333333332,50,2,GTGTCCACGGGATAGCCAAT,48,4646215
ybeDp,9.333333333333334,29,2,GTGGGGGGGATCATCTGAGC,27,4645926
ybeDp,0.6666666666666666,3,2,GTGGGGGGAAGCGAATATGC,1,4687329
ybeDp,13.333333333333334,41,2,GTGGGCCAAGAAGCGTGAAA,39,4646653
ybeDp,2.3333333333333335,8,2,GTGATAATATCTACGAACGT,6,4632232
ybeDp,1.0,4,2,GTGAGTAAAAAATAAGCACC,2,4655788
ybeDp,5.666666666666667,18,2,GTGAGGGAGCTGGGGGCTTT,16,4629000
ybeDp,2.6666666666666665,9,2,GTGACTTTCTGTCTACTTAG,7,4645995
ybeDp,2.6666666666666665,9,2,GTCGTGCGGTGATTGATGGT,7,4657686
ybeDp,7.333333333333333,23,2,GTCGGCTATGGGAAAAGGCA,21,4687423
ybeDp,7.0,22,2,GTCGCAGTCTGGATTCGACT,20,4628263
ybeDp,0.6666666666666666,3,2,GTCGCAGTATTAGCTCGCCT,1,4667471
ybeDp,5.333333333333333,17,2,GTCCGCCGGACATTAGTGCA,15,4631283
ybeDp,6.666666666666667,21,2,GTCCATGTACAAGTATATCA,19,4653324
ybeDp,4.0,13,2,GTCCAGTTAGTAAATTAATT,11,4654151
ybeDp,6.333333333333333,20,2,GTCATCCAGAGGTTGTCTTA,18,4654555
ybeDp,2.0,7,2,GTCAACAGTCTCGCCTATGA,5,4635293
ybeDp,4.0,13,2,GTATGCTGGTAGTTTAATCT,11,4604319
ybeDp,38.666666666666664,117,2,GTATGAAGTCGATGGCATTC,115,4665003
ybeDp,2.3333333333333335,8,2,GTATCTGTCTCTTGCCCTTA,6,4649347
ybeDp,8.0,25,2,GTAGCGGCCCGCGGGTAGGC,23,4679246
ybeDp,5.333333333333333,17,2,GTACTAGAGCTTTCCGTTAA,15,4676886
ybeDp,7.333333333333333,23,2,GTAACTTGGTTCTCGGTAAC,21,4617422
ybeDp,13.0,40,2,GTAACGTTATGCAAGGGTTT,38,4618791
ybeDp,0.6666666666666666,3,2,GGTTTTCTAAACAAGGGCTT,1,4657288
ybeDp,1.6666666666666667,6,2,GGTTTCCATCGTGCACATGG,4,4657464
ybeDp,11.333333333333334,35,2,GGTGGGGATTCCAACTAGAA,33,4605536
ybeDp,14.666666666666666,45,2,GGTATAGAAGGAAAATCACA,43,4651707
ybeDp,14.666666666666666,45,2,GGTATAATCGGGGTAATTTG,43,4667051
ybeDp,9.333333333333334,29,2,GGTATAAAGTCAAGTCTCGT,27,4673546
ybeDp,8.666666666666666,27,2,GGTACCTAGGGCCACGTAAG,25,4603745
ybeDp,0.6666666666666666,3,2,GGTACATTGGGCGGGGGATT,1,4642958
ybeDp,0.6666666666666666,3,2,GGGTTGCTTGGGGGGGCCAC,1,4637365
ybeDp,7.0,22,2,GGGTTCTGGTCAGTCTAGCT,20,4673401
ybeDp,4.333333333333333,14,2,GGGTTAGGCACACGCGATGG,12,4686655
ybeDp,8.666666666666666,27,2,GGGTGTACAAAGACCTGTGT,25,4671787
ybeDp,10.666666666666666,33,2,GGGTAGTCCCGTCGTCGTCA,31,4649070
ybeDp,7.0,22,2,GGGTACTGACGTAGTGCTAT,20,4661127
ybeDp,8.333333333333334,26,2,GGGTACGGTTTACAGGCCTC,24,4607635
ybeDp,4.0,13,2,GGGGGGTCTTCTAGAGATCT,11,4679583
ybeDp,3.6666666666666665,12,2,GGGGACTGCTCTCTCACTAT,10,4680970
ybeDp,2.6666666666666665,9,2,GGGCTGCTTCCGCATGTTCG,7,4607873
ybeDp,2.6666666666666665,9,2,GGGCTCCACTGCCTGAAATA,7,4629173
ybeDp,0.6666666666666666,3,2,GGGATCTGAAGTGGCGCTGT,1,4666443
ybeDp,4.666666666666667,15,2,GGGATAACGTTTGAAAAAAT,13,4671106
ybeDp,4.0,13,2,GGCTTCGGTGTACACTAATC,11,4654795
ybeDp,6.333333333333333,20,2,GGCTGATGGATCCGGGCCTT,18,4639219
ybeDp,1.0,4,2,GGCTGAAGGGCTAAGATATG,2,4609853
ybeDp,23.0,70,2,GGCTAACGCCTACCATGGCA,68,4618808
ybeDp,15.0,46,2,GGCGTCGCATGATTGTGCCA,44,4646073
ybeDp,11.666666666666666,36,2,GGCCTGCCACCTCGACACTC,34,4643519
ybeDp,0.6666666666666666,3,2,GGCCGTATGAGATCGCCCCT,1,4640701
ybeDp,16.666666666666668,51,2,GGCATTATATCCTGACACTG,49,4673846
ybeDp,5.666666666666667,18,2,GGCATCAACTGGGAGAGTTG,16,4638830
ybeDp,1.3333333333333333,5,2,GGCACTAATGAATGGAATGA,3,4649587
ybeDp,43.666666666666664,132,2,GGCAACGGATACTCTTAGTC,130,4640280
ybeDp,24.333333333333332,74,2,GGATTCGTTTCAGATCATTC,72,4676090
ybeDp,4.666666666666667,15,2,GGAGCTTGATGCACAAAGAG,13,4685931
ybeDp,3.0,10,2,GGAGAATATAAGCTGCGCTC,8,4676931
ybeDp,5.666666666666667,18,2,GGACTGAACCTAGCGGGACT,16,4601786
ybeDp,9.333333333333334,29,2,GGACGCGCGTAAAAGCAGTT,27,4653461
ybeDp,3.3333333333333335,11,2,GGAAGTTCTCGGGCTCGGCC,9,4601600
ybeDp,7.0,22,2,GGAAGCGATAGCTCCAGTCC,20,4621083
ybeDp,0.6666666666666666,3,2,GGAAACTGGTGAACAGATTA,1,4676809
ybeDp,4.333333333333333,14,2,GCTTTCCCCGCGGTATTTTT,12,4624930
ybeDp,15.666666666666666,48,2,GCTTGTTTTTCGAGGTGGCT,46,4674365
ybeDp,12.333333333333334,38,2,GCTTGATCTGGGCATCTTCC,36,4644120
ybeDp,4.666666666666667,15,2,GCTGTTTGATGTCGATGTGA,13,4675978
ybeDp,5.333333333333333,17,2,GCTGTTAGCGGCAATTCTTT,15,4641019
ybeDp,25.666666666666668,78,2,GCTCTGAATAACCCGAACGG,76,4655903
ybeDp,3.6666666666666665,12,2,GCTCTCAGAGCAGCGACGTG,10,4656932
ybeDp,8.666666666666666,27,2,GCTCATCAAGCGGTTCTTTC,25,4655910
ybeDp,10.0,31,2,GCTCAGCATCAGCAGTGCAG,29,4683510
ybeDp,10.0,31,2,GCTATCAGCGCGACTTGGGT,29,4655958
ybeDp,3.6666666666666665,12,2,GCTACGTACCAAGCCGACTG,10,4617587
ybeDp,5.0,16,2,GCGTTTCAAACGTATGCGGG,14,4603701
ybeDp,9.0,28,2,GCGTTAACGTGACCACCTGG,26,4604372
ybeDp,9.0,28,2,GCGTGGGAACGTCCCTGAAA,26,4622944
ybeDp,2.6666666666666665,9,2,GCGTGCCTCCTAGGCGCCCC,7,4656423
ybeDp,13.666666666666666,42,2,GCGTGAAGGCGTCAGACAAA,40,4677788
ybeDp,8.0,25,2,GCGTCTCCAAGTCTTTTTGT,23,4679280
ybeDp,5.333333333333333,17,2,GCGTCCGGTGGCCTTGTGAT,15,4641561
ybeDp,3.0,10,2,GCGTAAAGTCCAAACAATAT,8,4676889
ybeDp,5.666666666666667,18,2,GCGGCCCCACGGATCAAATA,16,4681163
ybeDp,2.3333333333333335,8,2,GCGGATGCAATCGTGGTACT,6,4645574
ybeDp,2.0,7,2,GCGCGCTCAAACCGTAGGAT,5,4669975
ybeDp,3.3333333333333335,11,2,GCGACAAGTTTTTGGGTGTA,9,4662585
ybeDp,11.666666666666666,36,2,GCCTTAGGATGCCAGCCATG,34,4682011
ybeDp,12.333333333333334,38,2,GCCTGGGCATCAGGCAAACT,36,4658486
ybeDp,1.3333333333333333,5,2,GCCTCCAAGCCCACACAATT,3,4686704
ybeDp,5.0,16,2,GCCGTTTGTACTCGGGCACC,14,4640538
ybeDp,11.333333333333334,35,2,GCCGTATTGAAAACCGAATT,33,4623392
ybeDp,0.6666666666666666,3,2,GCCACCAATCCATGGAGGTG,1,4660756
ybeDp,6.666666666666667,21,2,GCATTAAGGTGCGATCGAAT,19,4665285
ybeDp,0.6666666666666666,3,2,GCATATCTTAGAATGACTGT,1,4641562
ybeDp,4.333333333333333,14,2,GCATAAGGGAGGGTATAAGC,12,4618790
ybeDp,11.666666666666666,36,2,GCAGTTTATTGACTCACACT,34,4676919
ybeDp,5.666666666666667,18,2,GCAGCGAGGGGATGCCCGGA,16,4614152
ybeDp,10.333333333333334,32,2,GCAGCCAGAGATGGTTCCTT,30,4682845
ybeDp,1.6666666666666667,6,2,GCAGATGAAAAAGCTATCCT,4,4628173
ybeDp,1.3333333333333333,5,2,GCAAAGCGTTTGGATTGTAT,3,4607903
ybeDp,4.333333333333333,14,2,GATGATGTCTCGGTACGGCT,12,4656956
ybeDp,1.0,4,2,GATCGAAAACAGATTCGTCA,2,4638851
ybeDp,6.333333333333333,20,2,GATCCTGAATACCAGCGCCA,18,4625312
ybeDp,11.333333333333334,35,2,GATCCAATAGTTAATGAGTC,33,4687990
ybeDp,5.0,16,2,GATAGCGGTCCAGCAATAGT,14,4679540
ybeDp,8.0,25,2,GATAAGCTCGGGTGTTCTCG,23,4623205
ybeDp,3.6666666666666665,12,2,GAGGTAGGTGCCTCAAGTTA,10,4611194
ybeDp,9.0,28,2,GAGGTACCGTTCATAAAAGA,26,4678902
ybeDp,9.333333333333334,29,2,GAGCGATTATCTGAGGAGCG,27,4635305
ybeDp,20.666666666666668,63,2,GAGCACGTGCTGAGGTGAAA,61,4655586
ybeDp,7.666666666666667,24,2,GAGCACATGCGATCCCGCGA,22,4676292
ybeDp,9.0,28,2,GAGCAATAAGCCGTGCCCTA,26,4613478
ybeDp,0.6666666666666666,3,2,GAGATTCGAGACAAGTGACT,1,4635709
ybeDp,0.6666666666666666,3,2,GAGAGTAACCCAAATTATCT,1,4621905
ybeDp,7.333333333333333,23,2,GAGACTGGCGTATGGCATAC,21,4631327
ybeDp,11.333333333333334,35,2,GAGACCATGCCGCTTATGTC,33,4631783
ybeDp,9.0,28,2,GAGAACTCGAGATTAACAAT,26,4652667
ybeDp,5.0,16,2,GACTTGTTATTCATTGCTGC,14,4663144
ybeDp,1.0,4,2,GACTGTGGACCCAACTTCTC,2,4687952
ybeDp,3.6666666666666665,12,2,GACTATCATGGCATCTCAAG,10,4624094
ybeDp,1.3333333333333333,5,2,GACGTGCTATGGGTACGGAC,3,4636020
ybeDp,4.333333333333333,14,2,GACGTAAGCGACAAACTCGT,12,4606600
ybeDp,14.666666666666666,45,2,GACGATCCCCGAGCCAGACG,43,4646655
ybeDp,6.333333333333333,20,2,GACCGACGACCGTATCCCCT,18,4649280
ybeDp,3.6666666666666665,12,2,GACCCACAGGGGTTTTCCCA,10,4639749
ybeDp,7.0,22,2,GACCAAAGGTCCGTTCCGCA,20,4687402
ybeDp,15.0,46,2,GACATGCGGAACCGGATTTT,44,4675849
ybeDp,19.0,58,2,GACAGGAAGGGATCGTGACA,56,4630376
ybeDp,15.333333333333334,47,2,GAATCGGATTAGCAAATGCC,45,4678518
ybeDp,44.0,133,2,GAATAGGTCCTCTCCCCGGC,131,4683427
ybeDp,20.0,61,2,GAACAGATACTGGCGCCATT,59,4612205
ybeDp,2.6666666666666665,9,2,CTTTGTGGGCTGGTGTTATA,7,4627163
ybeDp,6.0,19,2,CTTGAAGGCAGAATGCGGCT,17,4629882
ybeDp,7.333333333333333,23,2,CTTAGATCCGTTGTGTCAAC,21,4643488
ybeDp,6.666666666666667,21,2,CTTAACCCTATGACATCCAG,19,4601717
ybeDp,0.6666666666666666,3,2,CTTAAACACGAATTGATTTA,1,4610723
ybeDp,4.0,13,2,CTGTGCCGAGTAGTATGCTG,11,4644918
ybeDp,38.666666666666664,117,2,CTGTGCAACCCTTGCCGAGG,115,4671970
ybeDp,11.333333333333334,35,2,CTGTCTGGAGCCTTGCCGGT,33,4609155
ybeDp,6.666666666666667,21,2,CTGTAGTGAGAACGTGTGAA,19,4647124
ybeDp,1.3333333333333333,5,2,CTGGTTCCCTTTAGTATTCC,3,4636169
ybeDp,11.666666666666666,36,2,CTGGTGTTGAGAGCGCAATG,34,4627398
ybeDp,9.0,28,2,CTGGGGTGGTGGCATCCCCA,26,4614859
ybeDp,8.333333333333334,26,2,CTGGGACGTTATTTAGGAAG,24,4650517
ybeDp,5.0,16,2,CTGCGCGCTCCTGTCTGAAA,14,4686843
ybeDp,13.666666666666666,42,2,CTCTACTATGGGTATAGGGG,40,4653332
ybeDp,0.6666666666666666,3,2,CTCTACCTGCGGCTTTAATT,1,4673114
ybeDp,5.666666666666667,18,2,CTCTACACACTATACGCACC,16,4667090
ybeDp,2.3333333333333335,8,2,CTCGTCACTAGACGAGCTAT,6,4638225
ybeDp,29.333333333333332,89,2,CTCGGCCTAGAGCGAGGGAC,87,4672668
ybeDp,3.6666666666666665,12,2,CTCGCGGGAGTATACAAGGT,10,4655103
ybeDp,7.666666666666667,24,2,CTCGATGGCCGCTGTGCCAC,22,4676528
ybeDp,0.6666666666666666,3,2,CTCGACGCGGGAGCAGTGCA,1,4647278
ybeDp,4.666666666666667,15,2,CTCCGTCGGTGGCCAGTTGG,13,4613400
ybeDp,4.333333333333333,14,2,CTCCACAGTTCCCATACGGT,12,4604772
ybeDp,5.666666666666667,18,2,CTCCAATGGAGCAGTGCGGA,16,4646224
ybeDp,7.333333333333333,23,2,CTCATGCAGGTAACAATCAC,21,4667593
ybeDp,3.0,10,2,CTCACGATCTGCTCATGCAG,8,4631182
ybeDp,3.6666666666666665,12,2,CTATTTCTTAGGTTTCCACG,10,4637060
ybeDp,16.333333333333332,50,2,CTATTCCCGGAGATTCCGCT,48,4682514
ybeDp,17.666666666666668,54,2,CTATCGGGAATTATAGAACT,52,4675436
ybeDp,15.333333333333334,47,2,CTAGGGCAATAGCGATCTTT,45,4638798
ybeDp,6.0,19,2,CTAGGGATTGTGAGCGCACC,17,4681851
ybeDp,21.333333333333332,65,2,CTACTGTCGCTACACGGAGG,63,4643623
ybeDp,3.6666666666666665,12,2,CTACTCTAAGTTCAGCGACA,10,4667172
ybeDp,7.333333333333333,23,2,CTACTAGGCTCATTGCTACT,21,4650142
ybeDp,12.333333333333334,38,2,CTACATGAGCTTAAGCTGGC,36,4668918
ybeDp,100.33333333333333,302,2,CTAATCGATGGGAGTGCTGC,300,4640277
ybeDp,0.6666666666666666,3,2,CTAACGTAGTCTCCTTGTAA,1,4672374
ybeDp,10.0,31,2,CGTTTGTTGGAAAACTCGGT,29,4612980
ybeDp,1.0,4,2,CGTTGGTCAGAATTTTAACA,2,4667760
ybeDp,5.333333333333333,17,2,CGTTGATGTTGTGACTTGAG,15,4604287
ybeDp,1.6666666666666667,6,2,CGTTCGTGTCACCCGCCAAG,4,4641646
ybeDp,0.6666666666666666,3,2,CGTTCGTAGTAGAGAATGAT,1,4676312
ybeDp,2.0,7,2,CGTTATCTCCCAGAACGGGG,5,4686427
ybeDp,20.666666666666668,63,2,CGTTAATCGTTACCAAGGCT,61,4686341
ybeDp,8.0,25,2,CGTGTGAGAGCATATCATTT,23,4606417
ybeDp,29.333333333333332,89,2,CGTGGTGAGATCGACATGAG,87,4630095
ybeDp,6.0,19,2,CGTGCCCTAGCGCCCCGTTG,17,4660008
ybeDp,2.3333333333333335,8,2,CGTCTCCCGAAGAAAGCACC,6,4641706
ybeDp,8.666666666666666,27,2,CGTCGATGCGTGTACTAAGA,25,4629023
ybeDp,6.0,19,2,CGTCATGGTATGTCTATGTA,17,4611784
ybeDp,2.3333333333333335,8,2,CGTCATATAAAATAGGCCTG,6,4643867
ybeDp,2.3333333333333335,8,2,CGTATGGTCCCTCCACACTA,6,4606234
ybeDp,0.6666666666666666,3,2,CGTAAAATTTCGAAGCGAAG,1,4648713
ybeDp,6.333333333333333,20,2,CGTAAAACGCAGACGCCAAC,18,4678210
ybeDp,0.6666666666666666,3,2,CGGTATATGATCCTACTCTA,1,4655485
ybeDp,4.0,13,2,CGGGGTCTGGCCGTCTCGTA,11,4673568
ybeDp,2.6666666666666665,9,2,CGGGGACACGTAGTGACGAA,7,4686151
ybeDp,3.0,10,2,CGGGCCGTACAAGATCGGCA,8,4619043
ybeDp,0.6666666666666666,3,2,CGGGAGTACAAGAATGGTTC,1,4609073
ybeDp,7.333333333333333,23,2,CGGCGTTAGGAAGTATTGCT,21,4653494
ybeDp,8.0,25,2,CGGCGGTCTAGGTAATTCGG,23,4665596
ybeDp,3.3333333333333335,11,2,CGGCACCGGCCCCGGGTTCT,9,4675860
ybeDp,20.333333333333332,62,2,CGGATTTGCCAATGAGGACG,60,4674771
ybeDp,0.6666666666666666,3,2,CGGAACATACCTGGGAGTCA,1,4674530
ybeDp,12.333333333333334,38,2,CGCGTCTACGCATAGGCCAC,36,4684345
ybeDp,4.333333333333333,14,2,CGCGGAGTGCGCTCTACATT,12,4617602
ybeDp,7.0,22,2,CGCGCGGCGCCCATGGTGTA,20,4655285
ybeDp,5.0,16,2,CGCGCACCTACATCTATCAT,14,4638909
ybeDp,7.0,22,2,CGCAGGACTAGGACCGCACC,20,4639682
ybeDp,6.666666666666667,21,2,CGCACCCATCGAGTCCTCAC,19,4617828
ybeDp,6.666666666666667,21,2,CGCAATCACAACTTGCAATG,19,4629321
ybeDp,11.666666666666666,36,2,CGATTATCTTTGGAGCCAGG,34,4665940
ybeDp,4.0,13,2,CGATACTCTCTATAGGCGCA,11,4620707
ybeDp,8.666666666666666,27,2,CGAGGGCAGGTTGCACGATT,25,4645859
ybeDp,5.0,16,2,CGAGGGATGACCGTCAGAAC,14,4665358
ybeDp,13.333333333333334,41,2,CGAGGACAGGGTAAAACCAT,39,4670033
ybeDp,7.333333333333333,23,2,CGAGAGTCTGTCGGCATAAT,21,4617421
ybeDp,2.3333333333333335,8,2,CGACTCACTTGTTGTTGTTC,6,4660878
ybeDp,6.333333333333333,20,2,CGACTAGATATCAGGACTGT,18,4606310
ybeDp,24.0,73,2,CGACGAGCACTTCTATCACA,71,4659576
ybeDp,5.333333333333333,17,2,CGACCTTCGAGAACGTTTGG,15,4602547
ybeDp,10.0,31,2,CGAATGCGGACTTGTCACAT,29,4645457
ybeDp,2.6666666666666665,9,2,CGAAAGCCCCTTGTACTGAT,7,4664756
ybeDp,7.0,22,2,CGAAAACCAAGCAACACAGT,20,4679903
ybeDp,4.333333333333333,14,2,CCTGCGGGCGCCGGCACTGC,12,4642540
ybeDp,6.666666666666667,21,2,CCTGACCATAGTCCGGACCC,19,4652443
ybeDp,1.0,4,2,CCTCATTATAGATTTTTGAG,2,4624579
ybeDp,2.0,7,2,CCTCACTACGTAGGAGAAGA,5,4675136
ybeDp,5.666666666666667,18,2,CCTACGTACGTGAAGAAAAT,16,4654605
ybeDp,19.333333333333332,59,2,CCTACACCCAAGCCCACTTT,57,4601187
ybeDp,6.666666666666667,21,2,CCGTCTCGGGAGAGATCTGT,19,4613559
ybeDp,5.333333333333333,17,2,CCGTAAATCCGGGGCAGCCC,15,4619021
ybeDp,48.666666666666664,147,2,CCGGGGTGGTTTTAAGTATC,145,4673841
ybeDp,4.666666666666667,15,2,CCGGGGGAGTACACCCTTTC,13,4661023
ybeDp,7.0,22,2,CCGGAGTGTTTCCGGCATCT,20,4621483
ybeDp,12.333333333333334,38,2,CCGCATATAGTGCTACTCGC,36,4685593
ybeDp,7.0,22,2,CCGCAAACAGGCATAGCCTA,20,4630024
ybeDp,1.0,4,2,CCGATCAGGGCGCCACTCGC,2,4656027
ybeDp,6.333333333333333,20,2,CCGACGGTAGAACAGTTTAC,18,4630944
ybeDp,10.333333333333334,32,2,CCGAAGTCTTTTAACAGAAT,30,4671341
ybeDp,10.0,31,2,CCCTTCCGACGTGTATAAAA,29,4665101
ybeDp,5.0,16,2,CCCTGACGCAGCTGTACGAG,14,4647411
ybeDp,2.0,7,2,CCCTCTAGGATCATTGGGTC,5,4638203
ybeDp,2.3333333333333335,8,2,CCCTCTAATAAAACACAAGA,6,4613686
ybeDp,10.666666666666666,33,2,CCCTCCTAACGGCGTTCCTA,31,4676094
ybeDp,0.6666666666666666,3,2,CCCGTCTGTATAGTCTAGCT,1,4661134
ybeDp,3.6666666666666665,12,2,CCCGTCCTGCTAGGCGAAAC,10,4639452
ybeDp,0.6666666666666666,3,2,CCCGCTACTGTTAAAATGTC,1,4670301
ybeDp,8.333333333333334,26,2,CCCGCCCGTGGATTTCAGGT,24,4606025
ybeDp,5.333333333333333,17,2,CCCCTCCGGTCCTGCAATAG,15,4673854
ybeDp,12.333333333333334,38,2,CCCATGGCGCAGGAATGCCT,36,4646765
ybeDp,8.666666666666666,27,2,CCCAGTGGATGTAAATCCGC,25,4666613
ybeDp,7.0,22,2,CCCAAAAAGGCCCGCCCAGG,20,4615082
ybeDp,7.666666666666667,24,2,CCATGAGGCCTAGTTTCAGA,22,4621969
ybeDp,3.6666666666666665,12,2,CCATCCGTAGAGTCAATTAT,10,4620980
ybeDp,9.0,28,2,CCATCCGAATTTAGGGTGTC,26,4622319
ybeDp,9.0,28,2,CCATAAACGGCTTCTCGAGG,26,4657275
ybeDp,17.0,52,2,CCAGGCTTTCAACTTATAGT,50,4682007
ybeDp,0.6666666666666666,3,2,CCACGTGTTTCGGCATATGA,1,4647090
ybeDp,11.333333333333334,35,2,CCACATGTCTCGAGCATGCA,33,4634011
ybeDp,7.333333333333333,23,2,CCAATTCTAACCGGAGATTA,21,4650078
ybeDp,2.6666666666666665,9,2,CCAAACTGTCGCCCTGTTAT,7,4644347
ybeDp,22.333333333333332,68,2,CATTCATGCTTTTTTGGTTA,66,4672487
ybeDp,5.666666666666667,18,2,CATGTCCAAGTCACGCGCAG,16,4618381
ybeDp,9.333333333333334,29,2,CATGGGCATGACCATGTTCA,27,4634877
ybeDp,0.6666666666666666,3,2,CATCGATGTGGCCCAGTACA,1,4604108
ybeDp,0.6666666666666666,3,2,CATCACCGGCAGTGACGGGC,1,4674943
ybeDp,4.333333333333333,14,2,CATATTCTTACTGACGGCCA,12,4663169
ybeDp,1.6666666666666667,6,2,CATAGGAGCGGCTGGGCCAC,4,4621869
ybeDp,24.0,73,2,CAGTGTCATCGCATTTATAT,71,4630451
ybeDp,8.333333333333334,26,2,CAGGTGGTTGGAAGGCTTGT,24,4618068
ybeDp,10.333333333333334,32,2,CAGGCTTAAGGACTTCTACC,30,4650788
ybeDp,10.0,31,2,CAGGCCAGGAGCTGTGCGGA,29,4617541
ybeDp,10.0,31,2,CAGGAGCGAGTTTGTCATAT,29,4668096
ybeDp,4.666666666666667,15,2,CAGCTCTAAGTATATTTAGG,13,4632332
ybeDp,1.0,4,2,CAGCGGGAGGGTGGTGTTTG,2,4667045
ybeDp,5.666666666666667,18,2,CAGCCCTATCGCACTCCCCG,16,4665382
ybeDp,6.0,19,2,CAGCAGCTGTCCCATCAGGA,17,4654953
ybeDp,0.6666666666666666,3,2,CAGCACAAGCTGCACATGTC,1,4631718
ybeDp,1.6666666666666667,6,2,CAGCAATACTGCATTGCCCG,4,4618423
ybeDp,4.333333333333333,14,2,CAGCAACAATGAGATCTTCC,12,4632029
ybeDp,2.0,7,2,CAGACGGTAGATTGTAATGC,5,4680212
ybeDp,1.6666666666666667,6,2,CACTCTGACCTGGTGTCCTA,4,4621486
ybeDp,4.0,13,2,CACTCTATGACCGCGCAGTA,11,4642354
ybeDp,4.666666666666667,15,2,CACTATGTGGTATTTTCTTT,13,4686523
ybeDp,4.0,13,2,CACGTGATGGGATTTCAGAG,11,4658158
ybeDp,6.333333333333333,20,2,CACGTAAAATCAGGACATAT,18,4687957
ybeDp,0.6666666666666666,3,2,CACGGGTGTAAGGGGTCCCA,1,4620417
ybeDp,46.333333333333336,140,2,CACGCCTTGACATTAGATCT,138,4679935
ybeDp,0.6666666666666666,3,2,CACCGTTTGTCGCGCGTGCA,1,4642665
ybeDp,1.0,4,2,CACCGTTGATGCGGCGAAAG,2,4659564
ybeDp,8.333333333333334,26,2,CACATGGACTGCTTACTCTT,24,4664712
ybeDp,0.6666666666666666,3,2,CACAGTGTCGGGGATGCGGC,1,4659982
ybeDp,5.0,16,2,CAATTCCCAGCAATATTCGG,14,4616054
ybeDp,20.0,61,2,CAATCCCTGTAGGATAATCT,59,4623965
ybeDp,11.666666666666666,36,2,CAATCCAGCCCCAAAGTTTA,34,4637507
ybeDp,8.666666666666666,27,2,CAAGGTAGGGAACAGCCAAT,25,4620037
ybeDp,8.0,25,2,CAAGGGATCGTTTCGGCTAT,23,4613771
ybeDp,0.6666666666666666,3,2,CAAGGCACGAAAGACCCACA,1,4671715
ybeDp,2.3333333333333335,8,2,CAAGCAGCTAAGGTAAGTTC,6,4660690
ybeDp,3.3333333333333335,11,2,CAACTCCAAGCTGAATCCTA,9,4672635
ybeDp,3.3333333333333335,11,2,CAACTCACCAGGGACGGTTG,9,4639161
ybeDp,7.0,22,2,CAAATGTGAGCCAGCAAGCC,20,4630594
ybeDp,12.333333333333334,38,2,CAAACTTACCGATATGTGCA,36,4664793
ybeDp,8.333333333333334,26,2,ATTTCGTGGTAACGAAATAT,24,4684874
ybeDp,0.6666666666666666,3,2,ATTTACGCAGGCAATGCCTT,1,4656566
ybeDp,8.333333333333334,26,2,ATTTAACAGGCAATCCCTCA,24,4622958
ybeDp,12.333333333333334,38,2,ATTGAGCTGCCTCGTGTACT,36,4639992
ybeDp,6.666666666666667,21,2,ATTAAAGCGGTCCATAATCG,19,4681238
ybeDp,0.6666666666666666,3,2,ATGTGTGCTAAGGAGTGATG,1,4613497
ybeDp,1.0,4,2,ATGTCATCTATAATTGCGCG,2,4677754
ybeDp,0.6666666666666666,3,2,ATGTAAGCATTAAGTGATTG,1,4659663
ybeDp,4.666666666666667,15,2,ATGGTTGCGTTGGACGGAAA,13,4653036
ybeDp,22.0,67,2,ATGGTCCCAGTTATGATAGA,65,4658020
ybeDp,3.3333333333333335,11,2,ATGGGCTAGAAGCCGACATC,9,4648724
ybeDp,0.6666666666666666,3,2,ATGCAGAATTGAGACAACTC,1,4657518
ybeDp,5.333333333333333,17,2,ATGAATCTAGGGTGCCCTCC,15,4688109
ybeDp,2.0,7,2,ATCTTCTAATAGGATGGATT,5,4661181
ybeDp,2.0,7,2,ATCTGCCCCCAGTCGCGGAC,5,4654538
ybeDp,2.3333333333333335,8,2,ATCTCGGGCTCTCTTATTCA,6,4653232
ybeDp,6.333333333333333,20,2,ATCGGTGGAAAAAAAGACTA,18,4619318
ybeDp,0.6666666666666666,3,2,ATCCTTCTTGGTATCTTCTT,1,4657462
ybeDp,6.666666666666667,21,2,ATCCACCATGTTCCGGCAAT,19,4667137
ybeDp,7.0,22,2,ATCCAATTTAATTGCGTGAC,20,4645061
ybeDp,6.333333333333333,20,2,ATCAGGGTGGATAACAGGTT,18,4630444
ybeDp,1.6666666666666667,6,2,ATATTGAGCCACGCGGGGCG,4,4644851
ybeDp,3.3333333333333335,11,2,ATATTAATCCTAGATGCGTA,9,4623086
ybeDp,4.333333333333333,14,2,ATATGTAATGAGCTTTCATT,12,4681264
ybeDp,0.6666666666666666,3,2,ATATGGTTAATTTGGAATAC,1,4616251
ybeDp,8.666666666666666,27,2,ATATCGACTCGACGTCTTTA,25,4609277
ybeDp,7.333333333333333,23,2,ATATATGTCGGCGCCTAATG,21,4625998
ybeDp,7.666666666666667,24,2,ATATAATATCGTGTTCAGTT,22,4685575
ybeDp,4.333333333333333,14,2,ATAGGTCCACAATTAATGCA,12,4646276
ybeDp,2.6666666666666665,9,2,ATAGACAAGCTTATTGGGAA,7,4666006
ybeDp,44.666666666666664,135,2,ATACGTTTGTGCTAGTCGTA,133,4602827
ybeDp,11.0,34,2,ATACGGAGGAGGTTCAAGTA,32,4668914
ybeDp,22.333333333333332,68,2,ATACGCCACGAATGATCGTG,66,4675324
ybeDp,9.333333333333334,29,2,ATAATTGGCATTAATACACT,27,4672157
ybeDp,6.666666666666667,21,2,ATAACTGCCAGCAATTGAAA,19,4670008
ybeDp,4.333333333333333,14,2,AGTTTTCTCGAACGACGCTA,12,4659916
ybeDp,4.333333333333333,14,2,AGTTCGCACGACCCCCCTAC,12,4654184
ybeDp,25.0,76,2,AGTGTAGTAGGGATTGGGGA,74,4687670
ybeDp,8.0,25,2,AGTGGAATGTGCGTAGGCCT,23,4656291
ybeDp,0.6666666666666666,3,2,AGTGAAACTTGCAAATGGCT,1,4668471
ybeDp,9.333333333333334,29,2,AGTCATGAATGAGCCATTCA,27,4650613
ybeDp,14.666666666666666,45,2,AGTATTTGCCCCCGCCTCTT,43,4651315
ybeDp,12.0,37,2,AGTAGGCTGCGAACTTTGGT,35,4625851
ybeDp,58.333333333333336,176,2,AGTACCGTAATCCTTGTCGT,174,4679926
ybeDp,9.0,28,2,AGTAATCGAGGCTTGGGCTG,26,4684604
ybeDp,7.666666666666667,24,2,AGTAAGGATTTGATATTTTA,22,4654352
ybeDp,1.6666666666666667,6,2,AGGTTTCCAGATAACCCGGT,4,4620548
ybeDp,6.0,19,2,AGGTTAAGCATCTCGGACTA,17,4672817
ybeDp,10.666666666666666,33,2,AGGTGTGGTTTTTGTGACAA,31,4677170
ybeDp,9.666666666666666,30,2,AGGGTGGGAGTCTCGGCTCA,28,4641673
ybeDp,4.666666666666667,15,2,AGGGGATGCGGATCTCCTGA,13,4683302
ybeDp,0.6666666666666666,3,2,AGGGGAACGCTGCTATTTGT,1,4629119
ybeDp,2.0,7,2,AGGGACGCGATACGTTCCGG,5,4608044
ybeDp,36.666666666666664,111,2,AGGCGGTCTTCGTGCAACGT,109,4643628
ybeDp,4.666666666666667,15,2,AGGCATTTTGCGCTCAATAC,13,4640304
ybeDp,6.666666666666667,21,2,AGGATCGCACATGCCACGGA,19,4606626
ybeDp,3.3333333333333335,11,2,AGGAGTAGCGAGCGTCACTA,9,4670751
ybeDp,4.0,13,2,AGGAAACTGGACTTGAGTTG,11,4642225
ybeDp,9.333333333333334,29,2,AGGAAACACTGGATGCAGTT,27,4618800
ybeDp,49.333333333333336,149,2,AGCTTTTCCGGTGCGCAGAT,147,4615440
ybeDp,11.0,34,2,AGCGGCGAAATTTCTGCCCA,32,4601113
ybeDp,11.666666666666666,36,2,AGCGACGGTGTACACCAGTG,34,4664770
ybeDp,0.6666666666666666,3,2,AGCCGTTGCGCGAGGCCGAC,1,4620058
ybeDp,2.6666666666666665,9,2,AGCAGTTTATCTCGAAGATG,7,4639738
ybeDp,7.0,22,2,AGCAGGGTCGGACTTGGGCT,20,4613752
ybeDp,8.666666666666666,27,2,AGCAGCTGCCTTGGACCAAC,25,4643768
ybeDp,3.0,10,2,AGCACCCGTAAGGGCATGAC,8,4679655
ybeDp,10.666666666666666,33,2,AGCAAGAGTCTTGCCCGGGC,31,4666675
ybeDp,1.0,4,2,AGATTACCGTAGAGGGCCTA,2,4646258
ybeDp,6.333333333333333,20,2,AGATGGACCTTGGTCGGACT,18,4603532
ybeDp,3.0,10,2,AGAGGAATGACCAAGTCGTC,8,4642005
ybeDp,11.333333333333334,35,2,AGAGGAAGAGTCGCCACTAC,33,4642095
ybeDp,7.333333333333333,23,2,AGAGAGCGCGGGTGAAGCCA,21,4601636
ybeDp,8.0,25,2,AGACTGCGATAGACCGAGAG,23,4613942
ybeDp,4.333333333333333,14,2,AGACGAGCTATAACAAACCA,12,4621877
ybeDp,2.6666666666666665,9,2,AGACATACCTAAGACGGCGC,7,4669585
ybeDp,3.0,10,2,AGACAATCGGAGGGAACGTT,8,4621667
ybeDp,4.666666666666667,15,2,AGAATTGAGCCGGCCTAAAT,13,4641664
ybeDp,3.3333333333333335,11,2,AGAATCACCTAGTGACTCTA,9,4602456
ybeDp,7.333333333333333,23,2,ACTTCGCATCCCAACGTGCA,21,4647874
ybeDp,4.333333333333333,14,2,ACTGTGCAGAATTCATGTGA,12,4655878
ybeDp,8.666666666666666,27,2,ACTGGTGCTTAGATGGAAAG,25,4634624
ybeDp,5.666666666666667,18,2,ACTGCGTACAAAATGCTCTA,16,4638563
ybeDp,8.0,25,2,ACTGAAGGCTGGCCAGCTAA,23,4660839
ybeDp,2.3333333333333335,8,2,ACTCTTTGATCCTGATACCA,6,4645082
ybeDp,1.6666666666666667,6,2,ACTCTCTGATGTAAGCATAA,4,4682778
ybeDp,0.6666666666666666,3,2,ACTCTAGGCCTCTGGTTTTT,1,4621019
ybeDp,9.333333333333334,29,2,ACTCTACCTATGAGTCCCCT,27,4668009
ybeDp,3.0,10,2,ACTCGTCCGATGGTGTAATT,8,4679313
ybeDp,16.0,49,2,ACTCGCCGTCCTGGTCTAAA,47,4648257
ybeDp,7.666666666666667,24,2,ACTATCGGGGCAGGGTCATA,22,4661184
ybeDp,5.666666666666667,18,2,ACTAGCTTCGCGTTTTACGG,16,4628663
ybeDp,0.6666666666666666,3,2,ACGTGTGCTATGTAGGCTGT,1,4601941
ybeDp,8.0,25,2,ACGTCGAATGATCCTTGCTG,23,4616471
ybeDp,6.666666666666667,21,2,ACGTATGCGTATCCTATTGT,19,4668364
ybeDp,7.333333333333333,23,2,ACGTACTCCCTTACCGCCCA,21,4655960
ybeDp,5.666666666666667,18,2,ACGGGCACAGTGATTACGGG,16,4680771
ybeDp,0.6666666666666666,3,2,ACGGACGAACCATCCCGATG,1,4635443
ybeDp,13.666666666666666,42,2,ACGCTCATGTGGGGTTGTGG,40,4687885
ybeDp,3.3333333333333335,11,2,ACGCAATTTCGTAGGCATTG,9,4640629
ybeDp,9.0,28,2,ACGATTATTATGTCAACCAA,26,4606291
ybeDp,0.6666666666666666,3,2,ACGAATGACAAAGCTCGATT,1,4642010
ybeDp,7.0,22,2,ACCTTCTGGAGCGAGGACTA,20,4669923
ybeDp,12.666666666666666,39,2,ACCTTCGGCATAGTACTCAG,37,4620294
ybeDp,9.333333333333334,29,2,ACCGTAGGCTGAGGCAATAC,27,4609207
ybeDp,8.0,25,2,ACCGGTTAATACCAGATGTG,23,4602123
ybeDp,2.0,7,2,ACCCGTAGCCTTGGCAACGA,5,4624995
ybeDp,26.333333333333332,80,2,ACCCGCCGATGATCGACTGG,78,4641226
ybeDp,20.0,61,2,ACCCATACAAATACCGTAAA,59,4663399
ybeDp,12.666666666666666,39,2,ACCCACGTCATAATAAGGAA,37,4601166
ybeDp,4.666666666666667,15,2,ACCAGTATCTGGTAGCTTCG,13,4620159
ybeDp,6.0,19,2,ACATTGGAGAAAATGCACTT,17,4676089
ybeDp,8.666666666666666,27,2,ACATGGTCTCGCTTCGGGGA,25,4663648
ybeDp,5.333333333333333,17,2,ACAGGTGGTCTGCTGGCGTA,15,4674487
ybeDp,5.333333333333333,17,2,ACAGAGGCGCATGGAACTTG,15,4668281
ybeDp,0.6666666666666666,3,2,ACACGCCCTTAAGGGCTGGA,1,4611197
ybeDp,1.0,4,2,ACACACGGCCTGGTTGGACG,2,4678366
ybeDp,32.666666666666664,99,2,ACAAGGGTAGGAGTGCGTTT,97,4608472
ybeDp,4.666666666666667,15,2,ACAAGATCTCGATCAGAATT,13,4655000
ybeDp,6.666666666666667,21,2,ACAACGGTCGGTGCGAGCTC,19,4678335
ybeDp,0.6666666666666666,3,2,ACAACCGGAACAGTATTGAA,1,4627400
ybeDp,4.0,13,2,ACAAATGGCTGGCACCACCA,11,4660739
ybeDp,14.0,43,2,AATTGGAAGATCCCTAGCTA,41,4616004
ybeDp,0.6666666666666666,3,2,AATTCCGGGCTCAGCGTGCA,1,4610043
ybeDp,15.0,46,2,AATTAGCGCCACGGAACAGG,44,4687403
ybeDp,3.0,10,2,AATGGGTAGGAGGCAGATGT,8,4648247
ybeDp,4.0,13,2,AATGGGGTCAAACGAGACGA,11,4685882
ybeDp,9.0,28,2,AATCTCCACAAGACTTTGTG,26,4601894
ybeDp,16.666666666666668,51,2,AATCGTTTAGCGAGGGAAGG,49,4627946
ybeDp,0.6666666666666666,3,2,AATCGGGCCATGTTCTTTGA,1,4633088
ybeDp,9.333333333333334,29,2,AATCCTATCCGAGGACTCAG,27,4670332
ybeDp,12.333333333333334,38,2,AAGTCCCGCTCGCTAAATCC,36,4643826
ybeDp,3.0,10,2,AAGGTCCAACCCCAGCCGTG,8,4652302
ybeDp,1.3333333333333333,5,2,AAGGGGTCTAACGGACCTTG,3,4635633
ybeDp,4.0,13,2,AAGGCGGCAACCACCTTTGA,11,4611960
ybeDp,1.6666666666666667,6,2,AAGGCCTGTACCGCGCATTA,4,4683193
ybeDp,4.333333333333333,14,2,AAGCGGGAACGAGTTTACTT,12,4660074
ybeDp,1.0,4,2,AAGCCAGCCTGTGGTGCGCC,2,4676806
ybeDp,10.0,31,2,AAGAGAAAAACGTAGGTTAC,29,4646214
ybeDp,6.666666666666667,21,2,AAGACCCTGGAGCGAGACCT,19,4685375
ybeDp,12.333333333333334,38,2,AACTTTCGTACAGCAATATG,36,4652387
ybeDp,5.666666666666667,18,2,AACGCGGCATAAGCTAGCGA,16,4639393
ybeDp,14.333333333333334,44,2,AACGACAAGCGTTGTAACCA,42,4675413
ybeDp,12.666666666666666,39,2,AACCCTATCCCGAGGTACGG,37,4622779
ybeDp,7.0,22,2,AACCCGATGGACGGTGTCCC,20,4612758
ybeDp,3.0,10,2,AACAGGAGCAGTCTTTCAAA,8,4658558
ybeDp,10.666666666666666,33,2,AACAGGACCTCGCACGGTGC,31,4641251
ybeDp,1.6666666666666667,6,2,AACAACACATGTCATTTGCT,4,4674553
ybeDp,3.3333333333333335,11,2,AAATTCAACTGGCCGCCGTG,9,4608234
ybeDp,0.6666666666666666,3,2,AAATGCCCGCTTATGATTGA,1,4631764
ybeDp,6.0,19,2,AAATCTGCGTATAGACTGCC,17,4662337
ybeDp,4.0,13,2,AAAGTTACACGTTCTCTATA,11,4678724
ybeDp,2.3333333333333335,8,2,AAAGCATGTCACGTTAGATA,6,4619126
ybeDp,0.6666666666666666,3,2,AAACGGGTATCCAGGGTTCT,1,4609017
ybeDp,6.0,19,2,AAAAGTTGTCATGGACCTCT,17,4655666
ybeDp,1.6666666666666667,6,2,AAAAGACGCTCTTAATGTAA,4,4610847
ybeDp,9.5,19,1,TTTTTGGACGCCAGGAGTAT,18,4658578
ybeDp,1.0,2,1,TTTTGAGTGGCTATGTTGCA,1,4650769
ybeDp,6.5,13,1,TTTTAGCGGCCACTCCGTAG,12,4658108
ybeDp,27.0,54,1,TTTTAACCCCCACAGATGAT,53,4656268
ybeDp,5.5,11,1,TTTGTTCGTTCGAAACGCGT,10,4649868
ybeDp,5.5,11,1,TTTGTAACGTTTTGGAAACG,10,4676678
ybeDp,1.0,2,1,TTTGCGGGACCGAGTTTGGC,1,4614825
ybeDp,13.5,27,1,TTTATTCCAGAGGCACCCGG,26,4678904
ybeDp,37.5,75,1,TTGTAAACCATAGTGCCCTT,74,4628997
ybeDp,4.0,8,1,TTGGGTGCGCCTTAAGCTCT,7,4652868
ybeDp,5.0,10,1,TTGGGCGCATAAAGAAGCTG,9,4638637
ybeDp,19.0,38,1,TTGGATTAAACCACTTGACG,37,4603375
ybeDp,1.0,2,1,TTGGAAGAGAATCATTTTCT,1,4612988
ybeDp,5.0,10,1,TTGCTCTTGCGTTCACGCGG,9,4657938
ybeDp,32.5,65,1,TTGCTCCGTTCTTATTTCCA,64,4639062
ybeDp,11.5,23,1,TTGCCCGCTTTTTTTGTTTC,22,4609769
ybeDp,8.0,16,1,TTGATCGCCCTTGGGCATAG,15,4605387
ybeDp,5.0,10,1,TTGAGATAGCAAGTGCTCGC,9,4654885
ybeDp,3.5,7,1,TTGAAGTACATCACGAGACA,6,4634936
ybeDp,13.0,26,1,TTGAAGCTATGTATCTAATC,25,4635496
ybeDp,18.0,36,1,TTGAAGCGAGCTTGGTGACC,35,4638564
ybeDp,22.5,45,1,TTGAACTGAAAAAATTTACA,44,4603917
ybeDp,10.0,20,1,TTGAACACTCGTAGCCGCTC,19,4673527
ybeDp,3.0,6,1,TTCTTTACGTACGAATTGTC,5,4669310
ybeDp,8.5,17,1,TTCTTTACACATCCGTACCT,16,4679892
ybeDp,6.5,13,1,TTCTAGTACGTTAAACCCTC,12,4681854
ybeDp,14.5,29,1,TTCGGGCGGGTGCTAGAGCA,28,4607548
ybeDp,8.5,17,1,TTCGGCTAAAAACTACACAG,16,4678524
ybeDp,18.0,36,1,TTCGGACACCATGGCCTAAA,35,4656930
ybeDp,4.5,9,1,TTCGAGATTCGGAGTCATTG,8,4631798
ybeDp,17.5,35,1,TTCGACCTTTGCCCTAGCAT,34,4624590
ybeDp,8.5,17,1,TTCGACATGCCTACACATGA,16,4640767
ybeDp,16.5,33,1,TTCCATACAGTCTTCTGTCA,32,4603345
ybeDp,9.0,18,1,TTCCAGAAATGTATACGTGG,17,4606772
ybeDp,10.5,21,1,TTCAAGAAGGCACGCGGCCA,20,4645545
ybeDp,1.0,2,1,TTCAACTTCGCGTTACTGGC,1,4687364
ybeDp,1.0,2,1,TTATTGATTTAATACTCGTT,1,4623219
ybeDp,9.5,19,1,TTATCTGAAATAAGTTTAAC,18,4657298
ybeDp,14.5,29,1,TTATCAATGGTTCAGGGAGT,28,4601460
ybeDp,12.0,24,1,TTATCAAACGGCGACATGAT,23,4601854
ybeDp,2.0,4,1,TTAGTCGTGGCATTTTCTGA,3,4631626
ybeDp,20.0,40,1,TTAGAACGACGGTTGTAGTT,39,4649004
ybeDp,13.5,27,1,TTACTCGGACCTGCGAACCC,26,4676545
ybeDp,15.5,31,1,TTAACTATCACATCAACCAG,30,4615196
ybeDp,19.0,38,1,TTAAAAGGGCCATATAGTTA,37,4681226
ybeDp,15.0,30,1,TGTTTTGTCATCAACGACCC,29,4607100
ybeDp,8.0,16,1,TGTTTTGGTAGACGGAGGAC,15,4684101
ybeDp,3.5,7,1,TGTTTTCTTATTAAGGGTTT,6,4622819
ybeDp,11.5,23,1,TGTTTAAAGTCACGACGAAT,22,4687600
ybeDp,10.0,20,1,TGTTCACCAGCATTTCCTCC,19,4668207
ybeDp,6.0,12,1,TGTGGAGGTTTCAAAATAGA,11,4629046
ybeDp,7.0,14,1,TGTGCCCGGTTTACCTCTTA,13,4606296
ybeDp,39.0,78,1,TGTCTTAACGAATAGCCGTT,77,4663725
ybeDp,26.0,52,1,TGTCGTAGCGCCGGTCGGCA,51,4663721
ybeDp,5.5,11,1,TGTACAATTTTGGCAAGGGG,10,4665989
ybeDp,3.0,6,1,TGGTTAACGCGAGACTCATC,5,4645754
ybeDp,9.5,19,1,TGGTATAGACACATGGATTC,18,4652541
ybeDp,13.0,26,1,TGGGTACATTAGCTTGCGCG,25,4630130
ybeDp,9.0,18,1,TGGGGGTACTGTCTGGCTGT,17,4612763
ybeDp,3.5,7,1,TGGGGGGACATGTTGACAGT,6,4604854
ybeDp,30.0,60,1,TGGGCTTGTTGGGGTCAGCA,59,4670794
ybeDp,7.5,15,1,TGGGCATAATGGATTTAGCA,14,4620655
ybeDp,2.5,5,1,TGGGATACGGCTCCGTATTT,4,4601401
ybeDp,2.5,5,1,TGGGAGAGGTACCCTACGTA,4,4670526
ybeDp,18.0,36,1,TGGGACCCGTCGGATCCTTA,35,4643819
ybeDp,29.5,59,1,TGGCGATAGTCGCACCGGCG,58,4646461
ybeDp,11.0,22,1,TGGCACGATAACGGGGGCCC,21,4683662
ybeDp,15.0,30,1,TGGAGTCAATGGATGGCATT,29,4659216
ybeDp,1.5,3,1,TGGAGCTTCTTATACGCGCG,2,4604378
ybeDp,7.0,14,1,TGGAGCCTATGCATCGCTCA,13,4613272
ybeDp,1.0,2,1,TGCTGCCAAGTCCAGTCCAG,1,4631574
ybeDp,19.0,38,1,TGCGTGGTATACAAGGACAG,37,4661026
ybeDp,13.0,26,1,TGCGTGGACCTACGCCAGGC,25,4660898
ybeDp,13.5,27,1,TGCGGAAGGACCCACGTGTC,26,4660093
ybeDp,9.0,18,1,TGCCTCTTCGCTCTCCCAAC,17,4606677
ybeDp,11.0,22,1,TGCCCTAGTTATCGAAGTAG,21,4653980
ybeDp,2.5,5,1,TGCCATAATTAGCGGGCGCA,4,4664560
ybeDp,1.0,2,1,TGCCACCACCTGCGCTGTAT,1,4659446
ybeDp,40.5,81,1,TGCAGCGTACCGACATCTAT,80,4688122
ybeDp,4.5,9,1,TGCACTTTTCACAAGAAGCC,8,4632376
ybeDp,4.5,9,1,TGATGTGGACATTTCTTTTG,8,4619690
ybeDp,1.5,3,1,TGATATATTTGTCCCACGGC,2,4626908
ybeDp,9.0,18,1,TGAGCTGCGGGTTTGGAGAG,17,4633512
ybeDp,13.0,26,1,TGAGCCGGTTCACTTGTACC,25,4683412
ybeDp,4.0,8,1,TGAGATAAACTGCGGTTAAA,7,4642416
ybeDp,1.0,2,1,TGACCGTACCGGGGCGGTGG,1,4687856
ybeDp,95.5,191,1,TGACATTAAGGCGGTTCAAC,190,4679530
ybeDp,5.5,11,1,TGACATGCGCCATGCTGTGG,10,4656292
ybeDp,4.0,8,1,TGAAAGGTTCATCCGCTCAT,7,4652770
ybeDp,12.0,24,1,TCTTTATGACATTAGTTCCA,23,4603312
ybeDp,4.0,8,1,TCTTGCGTAGCTCACACGGG,7,4603390
ybeDp,1.0,2,1,TCTTACCCGCCGTCCTTGGG,1,4682358
ybeDp,1.5,3,1,TCTGCTTGTAATTCACGATC,2,4655126
ybeDp,6.0,12,1,TCTGCTGCGACCCACTTGCT,11,4623725
ybeDp,11.5,23,1,TCTGAGACGAACGTCAGGAA,22,4656485
ybeDp,8.0,16,1,TCTGACTTGTAGAAATCGTC,15,4661283
ybeDp,3.5,7,1,TCTCGCCCATATGACCTCCT,6,4643404
ybeDp,3.0,6,1,TCTCAGGTGGACATGATCTA,5,4658638
ybeDp,1.5,3,1,TCTATGACGGACACTCCGAA,2,4688160
ybeDp,14.0,28,1,TCTATCCAACTAACTCGACG,27,4607122
ybeDp,5.0,10,1,TCTAGACTAATGTCAGTTGA,9,4605547
ybeDp,13.5,27,1,TCGTTGAGGACGGAGCTTTC,26,4616641
ybeDp,5.0,10,1,TCGTCGTGGATAAGCACCGG,9,4626565
ybeDp,11.0,22,1,TCGTCCACTATAGATTATCG,21,4661971
ybeDp,23.5,47,1,TCGGTTCAGCGTCAGGGGCG,46,4660758
ybeDp,2.5,5,1,TCGGTGCAGCTTGGCGTAAT,4,4680596
ybeDp,8.0,16,1,TCGGTGACCGACATTCGTCC,15,4612057
ybeDp,1.5,3,1,TCGGGTACCTTTGTATTAAT,2,4682639
ybeDp,26.0,52,1,TCGGACTCTGTAATAAACGA,51,4649729
ybeDp,11.0,22,1,TCGCTCAATCGCCATTAACA,21,4626774
ybeDp,1.0,2,1,TCGATTAAGGGGTCCTCCTC,1,4681314
ybeDp,13.5,27,1,TCGAATATACCGACCATCTT,26,4685898
ybeDp,9.0,18,1,TCGAAGAAAAGCGTGATGAG,17,4685354
ybeDp,7.5,15,1,TCCTGCGGGGTTATAGCTAA,14,4663001
ybeDp,28.5,57,1,TCCGGGAATACACGCTTGAC,56,4635657
ybeDp,1.5,3,1,TCCGCTGTATATCGTATAAT,2,4621401
ybeDp,11.5,23,1,TCCGAGAGGGTATCAGAATA,22,4633171
ybeDp,4.0,8,1,TCCCTGAGTAGATGGAGCTG,7,4638135
ybeDp,12.5,25,1,TCCCGTCTTTGCATGGGATA,24,4624198
ybeDp,6.5,13,1,TCCCAACGGCACAACCAATG,12,4662848
ybeDp,23.0,46,1,TCCAGCGAGCCCTGGATAGC,45,4670962
ybeDp,1.0,2,1,TCATTGGGCACCGATGTGAG,1,4659787
ybeDp,8.0,16,1,TCATTGCCGCGCCCGCTTAA,15,4625803
ybeDp,35.5,71,1,TCATTCACGAGTAAGCTTTC,70,4685352
ybeDp,19.0,38,1,TCATCCCAATACGAGCTCCG,37,4642401
ybeDp,18.5,37,1,TCAGGTTTGCGGTTACAATA,36,4630655
ybeDp,6.5,13,1,TCAGGTTAAATCTTCCCCTC,12,4605690
ybeDp,30.5,61,1,TCAGGATAAGGAGACCGTTT,60,4657836
ybeDp,7.0,14,1,TCACCGATCTTCGCTACTCG,13,4617745
ybeDp,2.5,5,1,TCACCCATGGCGAGTCGTTA,4,4633106
ybeDp,9.5,19,1,TCACAAGTGGCAACACCCGC,18,4662951
ybeDp,11.0,22,1,TATTTTTACTACTACAAACG,21,4646220
ybeDp,10.0,20,1,TATTTAGTGTTTCTTAGTAG,19,4614700
ybeDp,11.5,23,1,TATTCTTTTTATGGCAGTCT,22,4681054
ybeDp,1.0,2,1,TATGTAACGTGTCTGGACGG,1,4664827
ybeDp,11.0,22,1,TATGCTGGTGGTCGATGAGT,21,4680886
ybeDp,9.0,18,1,TATCTCGACCAGTCGGCTTG,17,4686380
ybeDp,10.5,21,1,TATCGTTGCAACGATATGGC,20,4612587
ybeDp,128.5,257,1,TATCACCTCTACTGATTGGA,256,4609618
ybeDp,6.0,12,1,TATAGGTGAGCGGTTAATCA,11,4642523
ybeDp,8.0,16,1,TAGGTTAATGTACCTGTGGT,15,4680699
ybeDp,9.5,19,1,TAGCTGCTTCGTTCCAACCT,18,4655253
ybeDp,10.0,20,1,TAGCTAGAGGCCTCTCCGGG,19,4641674
ybeDp,24.0,48,1,TAGCAGTAGAAAGCGTGTCT,47,4639770
ybeDp,9.5,19,1,TAGAGCCATCCTACGCTTGC,18,4673913
ybeDp,3.5,7,1,TAGAGACCCCTAAGGAAGAA,6,4618103
ybeDp,12.5,25,1,TAGACCGTATGTCGTCTAGA,24,4666846
ybeDp,1.0,2,1,TAGACCATCCACAGCCCTTC,1,4619437
ybeDp,9.0,18,1,TACTGCTGTTCCAGGCTAAT,17,4676005
ybeDp,33.5,67,1,TACGGAGCCGGACCGTTGAT,66,4623097
ybeDp,24.0,48,1,TACGAGTCGTGCGGTATCGT,47,4640624
ybeDp,5.5,11,1,TACCGGGGTTACCATTACGT,10,4672906
ybeDp,1.0,2,1,TACCAGGGGTTTCGCTGGTG,1,4619608
ybeDp,6.0,12,1,TACATCGGCGATCGGGTGCA,11,4648009
ybeDp,9.0,18,1,TACACATCTTCTGTACACAC,17,4667396
ybeDp,1.0,2,1,TACAATCGTACTTGAGGCTC,1,4620057
ybeDp,27.0,54,1,TACAAGCTTACATTGACGGT,53,4664245
ybeDp,7.0,14,1,TAATAATCTAAGAAGACCGA,13,4644218
ybeDp,27.0,54,1,TAAGCTCTGAGTAGTTTAGT,53,4610021
ybeDp,8.5,17,1,TAACGCAGCACACTAACTGT,16,4671096
ybeDp,37.0,74,1,TAAATCGTAGGCCAGCATAC,73,4686075
ybeDp,8.5,17,1,TAAAGTCGTATCCCCGTCAC,16,4615373
ybeDp,7.0,14,1,TAAAGCTATGTGTTCCATAT,13,4601173
ybeDp,2.0,4,1,TAAAATGCGCTTAGACCGGC,3,4613957
ybeDp,58.5,117,1,GTTTACATCTGACAGCTCCA,116,4658562
ybeDp,6.5,13,1,GTTGGTGACAAGTTAAGATA,12,4670554
ybeDp,11.5,23,1,GTTGGTAACCGAAAATTATT,22,4681649
ybeDp,26.5,53,1,GTTGCGGTAACCCGAAACTA,52,4680692
ybeDp,6.0,12,1,GTTGAAGTGCGCGAATGTGT,11,4626569
ybeDp,6.5,13,1,GTTGAACCACATAATAGTGA,12,4640644
ybeDp,9.5,19,1,GTTGAAATTCTTATCCCGAA,18,4632771
ybeDp,8.5,17,1,GTTCTCGCTTATGGTCTACT,16,4650861
ybeDp,23.5,47,1,GTTCCGGTGCGGCTCAAGAG,46,4655534
ybeDp,5.0,10,1,GTTCAACACATTTTGTAGTG,9,4618149
ybeDp,2.0,4,1,GTTAGGTTGGCCGTCTTAAT,3,4608344
ybeDp,15.5,31,1,GTTAAGAACAGGGGGGATTG,30,4661683
ybeDp,1.0,2,1,GTGTTATGGACACCGACGAT,1,4641831
ybeDp,10.0,20,1,GTGTTAAGTACCGTTGATTA,19,4666569
ybeDp,30.5,61,1,GTGTCTCGGTACCAATGAGT,60,4609599
ybeDp,11.0,22,1,GTGTCCGTACCAAAGTGGAC,21,4633510
ybeDp,22.0,44,1,GTGGTGTCTGATATTCTGTT,43,4657945
ybeDp,5.5,11,1,GTGGAGGTGGTTTAGGCAGT,10,4659251
ybeDp,12.5,25,1,GTGCGCTGCCTTGCTATTCG,24,4657406
ybeDp,13.5,27,1,GTGCCGAAGGACTGACATTT,26,4622031
ybeDp,1.0,2,1,GTGCAGATAATTCTATGGCC,1,4630910
ybeDp,5.5,11,1,GTGAGTTTATTGACGTTGCG,10,4663861
ybeDp,17.0,34,1,GTCTTGAGAATACGTGTTTC,33,4634725
ybeDp,11.5,23,1,GTCTCATTGGGTCAGTGATC,22,4664075
ybeDp,10.0,20,1,GTCGTTTATGCATGATTTTC,19,4660262
ybeDp,11.5,23,1,GTCGTGGGGGATAAGGCGGG,22,4659408
ybeDp,27.0,54,1,GTCGGCGACCGCATGACAGG,53,4688123
ybeDp,9.5,19,1,GTCGCTCGCGCGTTTCCTCT,18,4633055
ybeDp,33.0,66,1,GTCCGGCCCCTGTAGAAGGA,65,4684048
ybeDp,3.5,7,1,GTCCAATTCCCAGAAAACAA,6,4602205
ybeDp,52.5,105,1,GTCCAACCAGAACCCCAAGA,104,4688358
ybeDp,30.0,60,1,GTATGAACGATCAGGTCTTT,59,4605249
ybeDp,7.0,14,1,GTATAGCTGGGAATGCTTGA,13,4653165
ybeDp,1.0,2,1,GTAGTGTAGTAAGTACTGTC,1,4658490
ybeDp,1.0,2,1,GTAGTGGGCGTGGGCGGGCA,1,4673457
ybeDp,9.0,18,1,GTAGCGCCACCCCGTGTAAC,17,4602904
ybeDp,15.5,31,1,GTAGCCGTAACGGTTAGCTG,30,4604858
ybeDp,5.5,11,1,GTAGCCCTCCGTACCCGTCA,10,4629621
ybeDp,12.0,24,1,GTAGAACCAAGGGTTGTATG,23,4647756
ybeDp,1.0,2,1,GTACTCATTGACCTAAGGGC,1,4642941
ybeDp,12.0,24,1,GTACTATATTCGTTCCTTCT,23,4652275
ybeDp,9.5,19,1,GTACGCCGAGACGGAAGTAA,18,4640076
ybeDp,5.0,10,1,GTACAACCACCTCCTAATTG,9,4671325
ybeDp,12.5,25,1,GTAATTTTCCTCCGTTTGTC,24,4623332
ybeDp,11.5,23,1,GTAAGCGGCGGTTCATAACT,22,4638602
ybeDp,10.0,20,1,GTAACATCGGACTGGAGCGG,19,4653527
ybeDp,22.0,44,1,GGTTCACGATCCAACAATCA,43,4606022
ybeDp,32.0,64,1,GGTGTTGTGCTAGCACGGGT,63,4676104
ybeDp,13.5,27,1,GGTGTTAGAATCCGGGCAAC,26,4636940
ybeDp,3.0,6,1,GGTGGCGCGTACGGTGTCAC,5,4650854
ybeDp,8.5,17,1,GGTGGAGGAGGGTAACGCTG,16,4636647
ybeDp,2.0,4,1,GGTCAACTGATTTGCTCGAG,3,4638642
ybeDp,1.0,2,1,GGTATGTTTCGCTCTCGTTC,1,4679334
ybeDp,2.0,4,1,GGTAGTCACAGTCGGATAGA,3,4660476
ybeDp,18.0,36,1,GGTAGGTCTCGTAAGGCCCA,35,4688433
ybeDp,5.0,10,1,GGTAAGGGTACCGTGCGTGC,9,4642044
ybeDp,10.0,20,1,GGGTTAGCGTGACTTAGACC,19,4640544
ybeDp,10.0,20,1,GGGTATTTAACGTCTGATGA,19,4637957
ybeDp,18.0,36,1,GGGCTGAGAAGCTTGCTTGG,35,4670958
ybeDp,9.5,19,1,GGGCATGACCCAGCACATCT,18,4604666
ybeDp,5.0,10,1,GGGATGTTGTCTAGCCTCGA,9,4621269
ybeDp,1.0,2,1,GGGATCTGATGCTTCATTAA,1,4613734
ybeDp,33.0,66,1,GGGATCCAGAAGGGGGCGAG,65,4620859
ybeDp,11.0,22,1,GGGAACGACATGCTGACAGT,21,4686920
ybeDp,9.5,19,1,GGCTCCGGACCGATCCGACA,18,4644499
ybeDp,5.0,10,1,GGCGGTGTTAGACGCGTGTA,9,4641480
ybeDp,1.0,2,1,GGCGATAGATAGTGGTTGTG,1,4660576
ybeDp,2.5,5,1,GGCCGCCAGGAGCGAGTAAC,4,4659990
ybeDp,25.5,51,1,GGCATATTTCTGCCCACACG,50,4611218
ybeDp,15.0,30,1,GGCACATCACTGGGTACCGA,29,4686062
ybeDp,22.5,45,1,GGATTCGTGGGATGACGCAA,44,4661596
ybeDp,6.0,12,1,GGATTAAAGAAGAGTGGCGT,11,4603852
ybeDp,6.5,13,1,GGATACTCGAATATAGGTTT,12,4630405
ybeDp,10.0,20,1,GGAGTCAATACGCGAACCCC,19,4631691
ybeDp,1.0,2,1,GGAGCTAGTGGGCAGAGTGT,1,4653408
ybeDp,4.0,8,1,GGAGCGTTCGAGCCTAAGCA,7,4619194
ybeDp,7.0,14,1,GGACCTTTCCGCTGGCGATT,13,4666924
ybeDp,8.5,17,1,GGAAGTGGCCCGAAGGACCT,16,4635683
ybeDp,16.0,32,1,GGAACTCCCGGCAGGTTGAA,31,4618793
ybeDp,1.0,2,1,GCTTCTTGTGGCTAACTCCC,1,4682488
ybeDp,15.5,31,1,GCTTACGTCTGCGTTGGACT,30,4685425
ybeDp,22.0,44,1,GCTTACCACCTAACTCCAGG,43,4627752
ybeDp,12.5,25,1,GCTGTCAGATTATCGTAAGC,24,4682883
ybeDp,6.5,13,1,GCTCTTTCGAATAGTCATAC,12,4611833
ybeDp,2.0,4,1,GCTCTCCGAAACGGGCTGTG,3,4602703
ybeDp,3.0,6,1,GCTCTAATCTGCCTCCTCAC,5,4653640
ybeDp,1.0,2,1,GCTCGTGTCATCTGTTGAAG,1,4674289
ybeDp,6.0,12,1,GCTATTTGGTACAAGGGCGG,11,4660122
ybeDp,8.0,16,1,GCTATGACATCAAGTATGGA,15,4622559
ybeDp,2.5,5,1,GCTATCCGGTCCTGTGCGAG,4,4604935
ybeDp,10.0,20,1,GCTAGACCGGAGTTCTTTTG,19,4604859
ybeDp,14.5,29,1,GCTAACAATTCTTTGCTTAA,28,4623078
ybeDp,13.0,26,1,GCGTGGGGGGTCGATCCAGG,25,4688434
ybeDp,8.5,17,1,GCGGTTCGTTGTTGGTAGTG,16,4663882
ybeDp,9.0,18,1,GCGGGTTATGGTTTAAGCCT,17,4641595
ybeDp,9.5,19,1,GCGGGAATACGCGGTAGCTC,18,4633677
ybeDp,35.5,71,1,GCGGCCGGAACCCCAAGTAC,70,4660581
ybeDp,3.0,6,1,GCGGACCTGGGATGCTGCAG,5,4673679
ybeDp,13.0,26,1,GCGCTCTCTATCCTAAACCA,25,4648657
ybeDp,7.5,15,1,GCGCAGAGAGCGCAAAACTG,14,4675809
ybeDp,24.5,49,1,GCGATCTTAACGCGAGCATA,48,4638770
ybeDp,8.0,16,1,GCGAGAACATGGCTCCTAAG,15,4637167
ybeDp,8.0,16,1,GCGAATTAGGACATTCACCT,15,4640994
ybeDp,6.5,13,1,GCCTCTTTCAAACCCCCCTT,12,4660126
ybeDp,11.5,23,1,GCCTCTGAGGGAACAAGGAT,22,4609434
ybeDp,1.0,2,1,GCCCCTCTCCCCTAGCAACA,1,4685554
ybeDp,1.0,2,1,GCCAGCATCTCCTAGCTTAG,1,4685424
ybeDp,7.5,15,1,GCCACTCCTTTCCTGCCAAC,14,4604853
ybeDp,4.5,9,1,GCCACCAGGCCCTTCGGCGA,8,4667308
ybeDp,2.5,5,1,GCCAATCGCTCGAAGATGAG,4,4631401
ybeDp,7.5,15,1,GCATTCTACTCTTTTCATTT,14,4646941
ybeDp,26.5,53,1,GCATTATTAGGTTGGTTGTC,52,4669550
ybeDp,1.0,2,1,GCATGGGCCGATTGACTAGG,1,4647318
ybeDp,4.0,8,1,GCATCGAGTGCTTAGCGTAG,7,4603269
ybeDp,28.0,56,1,GCAGTGGGAGTTTTACGGCA,55,4625573
ybeDp,6.5,13,1,GCAGACGGGGGAATGAGTTG,12,4650448
ybeDp,33.5,67,1,GCAGAAATCATCCGTATGAT,66,4658954
ybeDp,4.0,8,1,GCACTACGTGCGCAATAGCC,7,4629618
ybeDp,12.0,24,1,GCACATGCTTTACGCCCGGG,23,4669012
ybeDp,3.0,6,1,GCAAGGCCGGGCTTGTCCAT,5,4684209
ybeDp,9.5,19,1,GCAAGCTTTTCAGTACGGTT,18,4685319
ybeDp,8.0,16,1,GCAACGTCTCCAAAGCAAGC,15,4640312
ybeDp,9.5,19,1,GCAACCACAGCGCTGAGTGT,18,4622588
ybeDp,14.0,28,1,GCAAAGTTCGACTTCTAAGA,27,4611762
ybeDp,1.0,2,1,GATTCAATCATTCCTCTTAT,1,4638633
ybeDp,18.5,37,1,GATTATTCGGGATGGGACCC,36,4646455
ybeDp,3.0,6,1,GATCTGTTAGACGAGTTCCC,5,4612680
ybeDp,1.0,2,1,GATCGTTTATCTGTGCTGCA,1,4618828
ybeDp,1.5,3,1,GATCCCAGCAACATGGGAAG,2,4630756
ybeDp,4.0,8,1,GATCCACCACCTGAGGCCAC,7,4606019
ybeDp,6.5,13,1,GATCATTCTGACTCAGCCAA,12,4656418
ybeDp,40.0,80,1,GATATTTAAGCATTTGCAGT,79,4683461
ybeDp,15.0,30,1,GATAGCCGGTACGTCAAGAT,29,4634589
ybeDp,59.5,119,1,GATACTGCTTTGGTCACGCC,118,4683656
ybeDp,11.0,22,1,GATACGATCAGACGTAGAGG,21,4635927
ybeDp,9.0,18,1,GAGTTTCGAAGGACAAACGG,17,4678536
ybeDp,6.5,13,1,GAGTTAGTCCGTACGTACTT,12,4661031
ybeDp,18.0,36,1,GAGTATTTGAGTCTCTACTG,35,4659403
ybeDp,16.5,33,1,GAGGCGGAAGAGAGTAATTC,32,4682936
ybeDp,10.5,21,1,GAGGCGCACCAGGGGGATAC,20,4618691
ybeDp,1.0,2,1,GAGGCCAACTTCCCGAAACG,1,4611369
ybeDp,3.0,6,1,GAGCTTTGGTTGTCGGCCTT,5,4683299
ybeDp,16.0,32,1,GAGCTCGCTGAGCTTGCTAC,31,4658303
ybeDp,17.0,34,1,GAGCCCTCAAGAGAGACAAT,33,4631648
ybeDp,3.5,7,1,GAGAGCGGTTACTGTAGCAT,6,4654754
ybeDp,13.0,26,1,GAGAGCGCCGCAAGATGCGT,25,4684307
ybeDp,10.5,21,1,GAGACACTCTTGTCGTCGGT,20,4611304
ybeDp,12.0,24,1,GAGACACCGGGAGAAAGTTG,23,4609456
ybeDp,6.0,12,1,GAGAATTGATAATCGCCGTT,11,4676258
ybeDp,12.5,25,1,GAGAATGTGTGCTCGAGTGA,24,4642258
ybeDp,36.5,73,1,GACTGTATACGAGGCAGCTT,72,4684053
ybeDp,37.5,75,1,GACTCAAGGAAACGGACAGA,74,4679550
ybeDp,12.5,25,1,GACTACGAGACCTCAGATTC,24,4642154
ybeDp,12.0,24,1,GACGATGGTAGGTTCGGGGT,23,4622388
ybeDp,3.0,6,1,GACCCTTCTTATATCGATGG,5,4619151
ybeDp,13.5,27,1,GACCCGGGGGGTTGGGTAAG,26,4648164
ybeDp,5.0,10,1,GACATCGCCTGTCCACTTGG,9,4653955
ybeDp,6.0,12,1,GACAGTTGGCTTATGTGTGT,11,4673375
ybeDp,3.5,7,1,GACACGTGGACTTAGGAACT,6,4610011
ybeDp,2.5,5,1,GAATTGACGGAAACCCCGTC,4,4614622
ybeDp,9.0,18,1,GAATTCCCCCATTAGACCCT,17,4669422
ybeDp,1.0,2,1,GAATTCATTTCCCCCGATCC,1,4675746
ybeDp,1.5,3,1,GAATGGTTGAGCCGAACCAT,2,4659597
ybeDp,4.5,9,1,GAATGCCCTCTGTGGAGATA,8,4677370
ybeDp,19.5,39,1,GAATCTATGGGGGACACGAG,38,4606292
ybeDp,7.5,15,1,GAATCCTGAGCTTGGCCCAT,14,4628672
ybeDp,12.5,25,1,GAATAGTAGCTCACATCAAG,24,4609121
ybeDp,8.0,16,1,GAAGAAGGCAAGGGATGTTC,15,4686672
ybeDp,14.5,29,1,GAAATCCCTGGTCAAGATTC,28,4635881
ybeDp,4.0,8,1,GAAAGTAGTCGAATCACTTG,7,4609393
ybeDp,5.5,11,1,GAAAAGTGATAGGATTAAGG,10,4621868
ybeDp,8.0,16,1,GAAAAATCCCCTTTAGAGCT,15,4615394
ybeDp,13.0,26,1,CTTTTCCCTGCTTTAACAGG,25,4615943
ybeDp,3.5,7,1,CTTTGGCTAAGTGCGAGAGA,6,4640179
ybeDp,9.0,18,1,CTTTAAACCAGAGGGTGTTA,17,4658392
ybeDp,15.5,31,1,CTTGTTACTATGACACCCGA,30,4684026
ybeDp,24.0,48,1,CTTGTGTCACCTCCACGCGA,47,4681607
ybeDp,8.5,17,1,CTTGGCCGATATTAACCGTT,16,4605897
ybeDp,5.0,10,1,CTTCTGCACACTGTACTTAG,9,4665488
ybeDp,2.0,4,1,CTTCGAGCAACCGAGGTAGT,3,4675715
ybeDp,2.0,4,1,CTTATGCTGCTCCTGGCATT,3,4655092
ybeDp,1.0,2,1,CTTATCGAGTAGAGGTTAAA,1,4619065
ybeDp,46.5,93,1,CTTACTGGGTCACCATAATA,92,4655400
ybeDp,12.0,24,1,CTGTTTTTTTTAGGACTAAC,23,4639075
ybeDp,3.5,7,1,CTGTGGCGCTAGCGTCGCCA,6,4623140
ybeDp,17.0,34,1,CTGGTTCAGCAGGGACGATA,33,4620357
ybeDp,36.0,72,1,CTGCTGTGAGCAACGAACTT,71,4688242
ybeDp,10.0,20,1,CTGCATTAGAGCTCAGGGTA,19,4662594
ybeDp,9.5,19,1,CTGATTGATTCGTTCGGTGT,18,4643082
ybeDp,7.0,14,1,CTGAGGCCCGACTCCCAAAC,13,4683743
ybeDp,12.0,24,1,CTGACGAGACCGGAAAATTT,23,4688232
ybeDp,7.5,15,1,CTGAACTGAAAAAGGTTCTT,14,4641355
ybeDp,1.0,2,1,CTCTGATCCAAGTGGTCCAT,1,4686869
ybeDp,7.5,15,1,CTCGTAGGTGGCGGATACTA,14,4686174
ybeDp,15.5,31,1,CTCGCTTGGTCTGATTAATC,30,4609052
ybeDp,10.0,20,1,CTCGCGAATGTAGTCTGCAT,19,4663791
ybeDp,10.5,21,1,CTCGAGGGACGTGTCTCAAA,20,4660075
ybeDp,11.0,22,1,CTCCTGTCCGGTTGTTTTGA,21,4674223
ybeDp,1.0,2,1,CTCCGCTCGGAGGGAGCCTA,1,4634185
ybeDp,6.5,13,1,CTCCGCTCAGTGGTGGAATC,12,4677810
ybeDp,7.5,15,1,CTCCATAGTCGAAATACTCA,14,4633729
ybeDp,2.5,5,1,CTCCAGATGTTCATTAGGAC,4,4660992
ybeDp,1.5,3,1,CTCATACATAGTTAAGGATC,2,4607740
ybeDp,4.0,8,1,CTCACATATCGCTTGTTGGG,7,4651836
ybeDp,1.0,2,1,CTATATCTTGCTCCCCCTAT,1,4637482
ybeDp,1.0,2,1,CTATACTCCGGTCCCGACCT,1,4667757
ybeDp,25.5,51,1,CTAGCACTGGAGCCTGGTCC,50,4613498
ybeDp,5.0,10,1,CTACCTGGCGTACATCTGAC,9,4617461
ybeDp,5.5,11,1,CTACACGACGGTTGACGTGG,10,4611671
ybeDp,19.0,38,1,CTAATCCTTAGCAGAGCGTA,37,4654359
ybeDp,2.0,4,1,CTAAGTGATACATCCCACTA,3,4669566
ybeDp,18.0,36,1,CTAAGGCGGCCTCACGGTAA,35,4656937
ybeDp,9.5,19,1,CTAAGGCATGGCGAGCGGCT,18,4620326
ybeDp,2.0,4,1,CTAACCACGCAGGGATGGTG,3,4669088
ybeDp,8.0,16,1,CTAAAGTGGTCTTAGCTTGC,15,4636526
ybeDp,11.0,22,1,CGTTCGTTTATTCGGTGAGC,21,4638930
ybeDp,7.0,14,1,CGTTCAAGCCCCATGTTATT,13,4681596
ybeDp,1.0,2,1,CGTTACCGCTACGATAGAGC,1,4679917
ybeDp,1.0,2,1,CGTTAACTTAGGGCCGACGT,1,4611488
ybeDp,13.0,26,1,CGTGTCTCAATGGCAATGGA,25,4629214
ybeDp,5.0,10,1,CGTGCTCATACTCCTAGAGC,9,4645567
ybeDp,1.0,2,1,CGTCTGGCTAGCGTGTGATG,1,4633376
ybeDp,13.5,27,1,CGTACGCAATCAATGGTGCC,26,4618835
ybeDp,3.0,6,1,CGTAATGTTTGCGAAGGATG,5,4664237
ybeDp,1.0,2,1,CGGTTGCTTACCCTTTCACA,1,4614623
ybeDp,8.0,16,1,CGGTTCATGGTTCTCCATGT,15,4658651
ybeDp,8.5,17,1,CGGTCACCGTAACTAGCTAG,16,4657133
ybeDp,11.0,22,1,CGGGGAAGTAATGTTGATAC,21,4657248
ybeDp,16.0,32,1,CGGCTATGTAGTACCGTTAC,31,4654237
ybeDp,4.0,8,1,CGGCCTAGACTGACTGTCCT,7,4641209
ybeDp,5.5,11,1,CGGCCCGTACACAGCGTTAC,10,4639922
ybeDp,2.5,5,1,CGGCACTTAGAAGTGTCAGC,4,4633664
ybeDp,14.0,28,1,CGGATTAAGGATTGTCGGTT,27,4631678
ybeDp,4.5,9,1,CGGAGTTTAAAAGGTTCATG,8,4661260
ybeDp,3.5,7,1,CGGACCGCTAATGGTGGTAA,6,4608244
ybeDp,17.0,34,1,CGCTCCCAGAATGATTTTTA,33,4670007
ybeDp,12.5,25,1,CGCTACGTTCTATGACTCTA,24,4664066
ybeDp,9.0,18,1,CGCGTATCGTGGGACTCTTT,17,4677058
ybeDp,15.0,30,1,CGCGGTAGGACTTATATCAG,29,4676969
ybeDp,1.0,2,1,CGCCTTAGGAAGGAGTTTGT,1,4649037
ybeDp,3.5,7,1,CGCCGTTCCGGGGATTCAAC,6,4635124
ybeDp,14.0,28,1,CGCCGGATTCGGTACGTAGC,27,4622906
ybeDp,11.5,23,1,CGCCCGACATGTGCCGCTCT,22,4602921
ybeDp,1.0,2,1,CGCCATATGCTTAATATTCT,1,4684513
ybeDp,5.0,10,1,CGCCAGACACTCATTTAGCT,9,4623900
ybeDp,3.5,7,1,CGCCAAACAACCGAGGGCGT,6,4646598
ybeDp,42.5,85,1,CGCATGGCAGTTGGCGTCTG,84,4660585
ybeDp,2.5,5,1,CGCAGATGAAACCCGTTTAA,4,4679790
ybeDp,6.5,13,1,CGCAGAGCCCGGCTATAGCC,12,4626589
ybeDp,12.0,24,1,CGCACTCTATTTTCGAATCC,23,4642638
ybeDp,9.5,19,1,CGCACCTCCTTGTCGGGAAG,18,4624811
ybeDp,10.5,21,1,CGATTGCACTAGGCGCGGGC,20,4633152
ybeDp,19.0,38,1,CGAGTGATGGATGAAGTTCC,37,4635315
ybeDp,1.0,2,1,CGAGTCCTCTCAGTAGTTAG,1,4671937
ybeDp,8.5,17,1,CGAGGCTTCTCGTTGCATTA,16,4634732
ybeDp,7.5,15,1,CGAGCTAGCGCAGGCATGCG,14,4678874
ybeDp,3.5,7,1,CGACGTAGTTGCGGCTCTGA,6,4626185
ybeDp,6.5,13,1,CGACGAATTTAGGTACTGGC,12,4677682
ybeDp,26.5,53,1,CGACACACGGGGGTATCTGG,52,4613144
ybeDp,3.5,7,1,CGACAACTTTATCCCCACCC,6,4647001
ybeDp,18.0,36,1,CGAAGCACCTCGCGGGACTA,35,4666357
ybeDp,17.5,35,1,CGAACTAACGATCTAGTTTT,34,4672689
ybeDp,9.5,19,1,CGAAAGCGTGGTAGGCACGA,18,4685790
ybeDp,1.0,2,1,CGAAACAATCGTTCGTGACC,1,4673482
ybeDp,5.0,10,1,CCTTAGCTTTCGGCCTAATC,9,4601742
ybeDp,5.5,11,1,CCTTACTGAGTCCCAGTGGG,10,4638096
ybeDp,11.5,23,1,CCTGTTTTCAGCAATAGGCT,22,4653920
ybeDp,15.0,30,1,CCTCTGTCCAGGACGCGCAA,29,4671090
ybeDp,15.0,30,1,CCTCTCGGCCAATCCCCCGA,29,4606594
ybeDp,2.0,4,1,CCTCCGGGCTCTAGAACCTA,3,4668413
ybeDp,7.0,14,1,CCTCCCGATCGCGCATCGCA,13,4684210
ybeDp,10.5,21,1,CCTCAGCCGAAAGGTCATTG,20,4621695
ybeDp,15.0,30,1,CCTATTTGTGCTACCGCTAG,29,4686169
ybeDp,5.5,11,1,CCTATGCACGATCCTGACCT,10,4657252
ybeDp,27.5,55,1,CCTAAGAACTCGCGGTCAGG,54,4684412
ybeDp,2.5,5,1,CCGTGGGATTACTAAGTCCA,4,4626174
ybeDp,6.0,12,1,CCGTATATCGAAGCTCTCTT,11,4657475
ybeDp,10.0,20,1,CCGGTCGTGTAATAAAATAG,19,4653271
ybeDp,7.5,15,1,CCGGGCTCCTGTAAGGTGCA,14,4619938
ybeDp,18.0,36,1,CCGAGCATCTTCAACGACGT,35,4638792
ybeDp,16.0,32,1,CCGAACGAGGGCACGAAGAG,31,4664744
ybeDp,5.0,10,1,CCCTGCGTCCGTTGTTCAGG,9,4646088
ybeDp,16.5,33,1,CCCTAGTTTGCGTAAGGGAG,32,4656940
ybeDp,9.0,18,1,CCCGGAGCCAAATTCAAACT,17,4606336
ybeDp,1.0,2,1,CCCGCTAGTTGGATGCGAAG,1,4668332
ybeDp,19.0,38,1,CCCGCAATATAGACACCGAA,37,4670377
ybeDp,10.5,21,1,CCCCGGTTTCGTGGTTCCTC,20,4648166
ybeDp,30.5,61,1,CCCCATTTTTCGATTCATGA,60,4665416
ybeDp,1.0,2,1,CCCCAATCTAACTCTGCCAT,1,4666980
ybeDp,6.0,12,1,CCCACGCCTTTTTTTTTGGA,11,4670616
ybeDp,13.0,26,1,CCCACACTGGACACCCCTGA,25,4634645
ybeDp,11.0,22,1,CCCAATGCTTTCCTCTTGAT,21,4655089
ybeDp,13.5,27,1,CCATGGCCATCACGCGTTAT,26,4626195
ybeDp,7.5,15,1,CCATGAATGCTGTTTGCCCT,14,4662443
ybeDp,33.0,66,1,CCATATCAGGTCCGTTCATA,65,4649289
ybeDp,4.0,8,1,CCATAAGAGGAGTCCGTGGG,7,4622322
ybeDp,1.0,2,1,CCAGGAGTTGCAATGACTAG,1,4631460
ybeDp,4.5,9,1,CCAGCCTTCTTACGCCGCGA,8,4662682
ybeDp,8.5,17,1,CCACGGCTGAAACGATGGTA,16,4631492
ybeDp,8.0,16,1,CCAATCATATGCAGTAGTGT,15,4612066
ybeDp,2.0,4,1,CCAAGCACTTCCCCAGTACA,3,4663625
ybeDp,10.0,20,1,CCAAATTCGGATGACCGGTG,19,4662457
ybeDp,9.5,19,1,CATTTATTGGACTGGGTTTC,18,4600810
ybeDp,2.5,5,1,CATTGTATCGCTTGGCATAC,4,4644908
ybeDp,2.5,5,1,CATTGACTGTGGCGGGGGTA,4,4622402
ybeDp,14.0,28,1,CATTCGAGGGAGTCTGATAC,27,4603262
ybeDp,18.0,36,1,CATCGGAACCAATATCTTAG,35,4652581
ybeDp,2.0,4,1,CATCCTATGCAAGTCGCACG,3,4687814
ybeDp,12.5,25,1,CATCCCCCTGCACCAGTCCT,24,4624873
ybeDp,25.0,50,1,CATCAAGGTGTCACCAGTTC,49,4630313
ybeDp,13.5,27,1,CATATGAGCATTGTTCCTAA,26,4662371
ybeDp,4.0,8,1,CATATATGCTGACCCTCGAA,7,4632642
ybeDp,6.0,12,1,CATAACGCTGCGGAAGGGTC,11,4654242
ybeDp,1.0,2,1,CAGTTGAATTCCGTGGTCAC,1,4615976
ybeDp,7.5,15,1,CAGTTCGAATCATCGAGGAT,14,4635987
ybeDp,13.5,27,1,CAGGGTACTACTCGCCCCTG,26,4664397
ybeDp,12.5,25,1,CAGGGAGTGATTATAGGCGT,24,4610572
ybeDp,9.0,18,1,CAGGCGAGGTTGGAACAGCA,17,4654992
ybeDp,5.0,10,1,CAGCTTGTGTCGTGGTTTCC,9,4605617
ybeDp,5.5,11,1,CAGCGTTTCGCGGCCTCCTA,10,4658445
ybeDp,16.0,32,1,CAGCGAAGGTAGGTCTTGTA,31,4609160
ybeDp,6.0,12,1,CAGCCCTGGGCTGCTAGTTA,11,4652395
ybeDp,5.0,10,1,CAGCATTACTAATACGGGCT,9,4674366
ybeDp,8.0,16,1,CAGCATACATTCAGTCACCC,15,4601754
ybeDp,29.5,59,1,CAGATCTGGCTTACAGGAGG,58,4607085
ybeDp,11.0,22,1,CAGATAGGCATATCCCGGGC,21,4687890
ybeDp,4.5,9,1,CAGAGGTCAGGTGAAAAACA,8,4651204
ybeDp,3.0,6,1,CACTTGTAATCATAAGGCTG,5,4657825
ybeDp,19.0,38,1,CACTCGTACACTGTCAGAGG,37,4647292
ybeDp,8.5,17,1,CACGTTCAGCAACAGTATAC,16,4602868
ybeDp,5.5,11,1,CACGGTTTGTGTCAAGGTGG,10,4622544
ybeDp,10.0,20,1,CACGGTTTCATGAGGATTAG,19,4630493
ybeDp,16.5,33,1,CACGGGCTGTGCCCGGAAGA,32,4688098
ybeDp,36.5,73,1,CACGGATATCCATCCTAGAT,72,4615299
ybeDp,13.0,26,1,CACCTACAGGGGCGTACGGT,25,4670249
ybeDp,2.0,4,1,CACCGTGCGAAACTAGCGCG,3,4635739
ybeDp,14.5,29,1,CACCCAGAGGGGGTGCCCTA,28,4687666
ybeDp,10.5,21,1,CACCAGACTTGTAATTCCAG,20,4683098
ybeDp,10.0,20,1,CACAAGTTTGTCAACTCCAT,19,4625398
ybeDp,16.5,33,1,CACAAACTAAAGTGACGGTT,32,4678006
ybeDp,4.0,8,1,CAATACCAGGCTACACGTTT,7,4682422
ybeDp,4.0,8,1,CAAGTGCCTCGGGGTCTTGG,7,4606060
ybeDp,12.0,24,1,CAAGACGACTATATGCGCGA,23,4610210
ybeDp,17.5,35,1,CAACTGGTGGGTTGCAATAT,34,4684628
ybeDp,7.5,15,1,CAACTCTATGCGCCATTGCA,14,4680628
ybeDp,9.5,19,1,CAAATTTCGTGAGAAACAGG,18,4688356
ybeDp,3.5,7,1,CAAACAGGCAAGGGTGCTGC,6,4664726
ybeDp,22.0,44,1,CAAAATCATTTGGATAGAGC,43,4686618
ybeDp,10.5,21,1,ATTTGTTGCTGTGCTAATCC,20,4641594
ybeDp,15.5,31,1,ATTTGAGCGCTGTAGCTACG,30,4676531
ybeDp,7.0,14,1,ATTTCAGGACGTAAACCCTG,13,4623258
ybeDp,19.0,38,1,ATTGTAGAACTTCACTTGTC,37,4635516
ybeDp,7.0,14,1,ATTGGCTCGCGTATTTGTAT,13,4610107
ybeDp,2.0,4,1,ATTGCTCCATGGGATGGCTG,3,4636309
ybeDp,1.0,2,1,ATTGAAAGGAGGTGAAGCTG,1,4635688
ybeDp,9.0,18,1,ATTCCCCGGGTTTCGTGGAC,17,4637905
ybeDp,9.0,18,1,ATTCCAGATCCATAAAAACA,17,4663499
ybeDp,2.5,5,1,ATTAGCAGATCCCCGTCGGT,4,4601635
ybeDp,1.0,2,1,ATTAGATGGTTCGGGGAAAT,1,4617238
ybeDp,17.0,34,1,ATTAAGCGCTGGCGAAGTTA,33,4613518
ybeDp,12.0,24,1,ATTAAAACTTGTTAGAGGAA,23,4657447
ybeDp,52.0,104,1,ATGTGGTGGTTTGCCGCTAA,103,4684605
ybeDp,8.5,17,1,ATGTCGGAGCTTCTACTCGT,16,4608370
ybeDp,7.5,15,1,ATGGTGCAGTTGGGCCTGGT,14,4606015
ybeDp,10.0,20,1,ATGGCACGGGAACGCATACG,19,4616752
ybeDp,2.5,5,1,ATGCCGGCGTACACTCTTAG,4,4617758
ybeDp,8.0,16,1,ATGAGAGTTCCTCCGACTCA,15,4653629
ybeDp,3.0,6,1,ATGACTTAAGCGCCGTTCTG,5,4625364
ybeDp,9.5,19,1,ATGACTAGACACCCTCACGA,18,4616629
ybeDp,6.5,13,1,ATGACGCAAGGAGGAGACAA,12,4603015
ybeDp,72.0,144,1,ATCTTTCAAGCGTAGCTTTA,143,4613137
ybeDp,1.0,2,1,ATCTTGACGTGGAGAATCCC,1,4605209
ybeDp,3.5,7,1,ATCGGGTAGGGGAATCAGAG,6,4661132
ybeDp,9.0,18,1,ATCGGCGATCACCAGCCTAC,17,4664289
ybeDp,11.0,22,1,ATCGGAAAGGTGGCATCTAA,21,4612448
ybeDp,22.0,44,1,ATCGCTCGGATTATTTCGCT,43,4687665
ybeDp,1.0,2,1,ATCGCATTCCTCATATGGGA,1,4679602
ybeDp,4.5,9,1,ATCGCATGCAAGTTATTTGG,8,4656855
ybeDp,13.0,26,1,ATCGATAGTCCGGCGATTAC,25,4656557
ybeDp,27.0,54,1,ATCGAGTATCTTAAGTGGCA,53,4604835
ybeDp,9.0,18,1,ATCCCTCCAGAGACGTTGAT,17,4680307
ybeDp,1.0,2,1,ATCCACTTACAATGATACAG,1,4632103
ybeDp,19.5,39,1,ATCATTTCACCGACCAGTCA,38,4664750
ybeDp,3.5,7,1,ATCAGCTTTGGAGTCGAGTG,6,4681499
ybeDp,1.0,2,1,ATCACTCTCACAAAGACTTG,1,4631018
ybeDp,11.0,22,1,ATCAACAACGCAGGATTAGA,21,4621371
ybeDp,5.0,10,1,ATCAAACTCTATTTGTTTGT,9,4622324
ybeDp,1.5,3,1,ATATTTCAGCTTATCTGTCT,2,4629910
ybeDp,1.0,2,1,ATATTCATCAGCTCCGAGCT,1,4606966
ybeDp,11.5,23,1,ATATGGAATTTCACCATTGT,22,4603188
ybeDp,9.5,19,1,ATAGGATATCCTATCGTAGG,18,4655793
ybeDp,17.0,34,1,ATACGAAAAGACTCCATCGT,33,4649323
ybeDp,10.5,21,1,ATACCACGGTTACGAGAGTA,20,4621566
ybeDp,6.0,12,1,ATAATCCCCGGACTGGCAGT,11,4614785
ybeDp,10.0,20,1,ATAACTTTTGGTCGAATAGA,19,4604381
ybeDp,2.5,5,1,ATAAATCGTTCGATTGCCTC,4,4617976
ybeDp,9.0,18,1,ATAAATAAGATCGGAAATGA,17,4639228
ybeDp,12.5,25,1,AGTTGGTACGGACCTTCGAA,24,4605104
ybeDp,1.5,3,1,AGTTCAAATGGGTCCCCTGC,2,4626688
ybeDp,6.5,13,1,AGTTATCGAAACCCAAGCGG,12,4639801
ybeDp,9.0,18,1,AGTTAATGGCCAGCAATCTC,17,4645377
ybeDp,4.5,9,1,AGTGCAGCCTGTCATATCTA,8,4656712
ybeDp,7.0,14,1,AGTATCTTGTTACTTGTCAT,13,4649835
ybeDp,4.0,8,1,AGTATCAACGTCTTCGATAA,7,4648254
ybeDp,1.0,2,1,AGTAGGTCGTTCGTCCGGAT,1,4623703
ybeDp,19.5,39,1,AGGTTCACAAAAATTTACGC,38,4642529
ybeDp,26.0,52,1,AGGTGTATGCTCTGCGTCCA,51,4663557
ybeDp,16.5,33,1,AGGCGCACGTCAGCGCGAAA,32,4628265
ybeDp,11.5,23,1,AGGCGCAAGTTTTTGACAGA,22,4687411
ybeDp,4.0,8,1,AGGCAGCCCAGGAAGATGTT,7,4619312
ybeDp,28.5,57,1,AGGCACCGAGGCTAGTAAAA,56,4684919
ybeDp,25.5,51,1,AGGCAATCTTACAAGAGTCA,50,4672718
ybeDp,1.0,2,1,AGGATGCCATACCTCCGTAA,1,4670131
ybeDp,5.5,11,1,AGGATAATCGTGTCGATTAG,10,4649184
ybeDp,18.5,37,1,AGGAGGTACGTGTGTACTAA,36,4617209
ybeDp,8.5,17,1,AGGAGGCTAGGATACACCGA,16,4687803
ybeDp,18.0,36,1,AGGACTGCACCGCTGAGGTA,35,4635804
ybeDp,9.5,19,1,AGGACGCATTCGTTCTGCAG,18,4687319
ybeDp,9.5,19,1,AGCTTCTAGGGGTCATTAAT,18,4662175
ybeDp,48.0,96,1,AGCTGGACGTCACTAAATGT,95,4609603
ybeDp,1.0,2,1,AGCTATTTACGCAGCGCATA,1,4622616
ybeDp,10.0,20,1,AGCTAGGCATTATATAGCCC,19,4649598
ybeDp,3.5,7,1,AGCTAACTAGGCCAATGGTC,6,4612643
ybeDp,13.0,26,1,AGCGGGTGAAGGCTGAATTC,25,4642156
ybeDp,3.5,7,1,AGCGCTATTCGCGGACGCAG,6,4623677
ybeDp,8.0,16,1,AGCGCTAATTGTGTCTAATG,15,4676981
ybeDp,1.5,3,1,AGCCACAGCTGATGCTGTAC,2,4618496
ybeDp,10.5,21,1,AGCAGCCCTGAAGCTTCCTC,20,4614448
ybeDp,10.5,21,1,AGCAACTCGCAAGTGTGTCA,20,4675231
ybeDp,11.5,23,1,AGCAACCTCGGGACGCTGGA,22,4661038
ybeDp,6.5,13,1,AGATACTATACCGGAGCATG,12,4659214
ybeDp,7.5,15,1,AGAGTGGAGGATTGTTCTCG,14,4624074
ybeDp,5.5,11,1,AGACTCAGCTGTATGGTGTG,10,4638366
ybeDp,1.0,2,1,AGACCAGGCAGACGTCAGAT,1,4620396
ybeDp,10.5,21,1,AGACACATCTCGGGACTTCG,20,4676136
ybeDp,7.0,14,1,ACTTTCTAGCGGTGTATCCA,13,4646650
ybeDp,3.0,6,1,ACTTTACCTAAGCGAAGACA,5,4674694
ybeDp,13.5,27,1,ACTTGTGAACTCGGCAGAAT,26,4630841
ybeDp,13.0,26,1,ACTTGGTACTCTAGGAGTTA,25,4640133
ybeDp,29.0,58,1,ACTTGCGGTGAATGTCGGTG,57,4605174
ybeDp,1.0,2,1,ACTTCGCAAAGATATGCTCA,1,4668752
ybeDp,30.0,60,1,ACTTAGTGTGAACGTCAGTC,59,4609119
ybeDp,2.5,5,1,ACTGTAGAGTACGCTCCCTC,4,4651091
ybeDp,2.5,5,1,ACTCTCCTTCACAAAAGGGA,4,4668208
ybeDp,9.0,18,1,ACTCCGTCGGTCAAAATCAT,17,4637040
ybeDp,6.0,12,1,ACTATGCGGAGTGCGCGAAG,11,4617341
ybeDp,10.5,21,1,ACTATCTTTTTGGACATATC,20,4639703
ybeDp,3.5,7,1,ACGTTGAGCCTCCGAGACTG,6,4645192
ybeDp,1.0,2,1,ACGTAGGCCAGCAACGGGCG,1,4607780
ybeDp,33.5,67,1,ACGGTACTTCCCTGGGCGGT,66,4658585
ybeDp,7.0,14,1,ACGGGGGCTCAACTACCAAG,13,4660765
ybeDp,3.5,7,1,ACGGCTGGTGCTGCAAATAC,6,4602104
ybeDp,10.5,21,1,ACGCGTGTAAGATTACATTC,20,4684006
ybeDp,2.5,5,1,ACGCCCCTGTCTCTTATACA,4,4657912
ybeDp,3.5,7,1,ACGAGGAGAAATAATGATTT,6,4679560
ybeDp,8.0,16,1,ACCTTTGCGACTTCTGATGG,15,4651370
ybeDp,5.5,11,1,ACCTGTTCCGGTGACGGACC,10,4650909
ybeDp,5.0,10,1,ACCTCTCTGTCTACAAGTAA,9,4674105
ybeDp,25.0,50,1,ACCGGTGTGTGGGATTCCGA,49,4665012
ybeDp,13.5,27,1,ACCGACCGCACACTTTCCGC,26,4676714
ybeDp,6.5,13,1,ACCCGTATGGATAGTTGCAT,12,4652320
ybeDp,1.0,2,1,ACATTCTCCGTCCGTGCAAT,1,4634243
ybeDp,12.0,24,1,ACATTAAACGTCCTCCATTT,23,4646818
ybeDp,5.0,10,1,ACAGCTATTGCTGTTCCCGA,9,4606038
ybeDp,10.5,21,1,ACACTTCCTTCTCTCCAGGA,20,4661657
ybeDp,5.5,11,1,ACACGCGGGTCGTTGCCAAC,10,4629436
ybeDp,9.5,19,1,ACAATAAATAGGACTCCGCT,18,4659602
ybeDp,10.5,21,1,ACAACGGGTCAGAGGCTTCA,20,4647076
ybeDp,5.5,11,1,ACAACGGGGCGGACTGGGAT,10,4675062
ybeDp,2.5,5,1,AATTTACACCTACGTTCAGC,4,4612515
ybeDp,11.5,23,1,AATTGTATGACTTTGGTACT,22,4608789
ybeDp,10.0,20,1,AATTGGTCGTTAGACGCCAC,19,4607881
ybeDp,56.5,113,1,AATTCAAGCGCACTCAGAGC,112,4687146
ybeDp,3.5,7,1,AATTACTTTCCGCATACCGT,6,4673642
ybeDp,28.5,57,1,AATGGAGCTTTGTGACGGCT,56,4664713
ybeDp,22.0,44,1,AATGATTTGTGCGTACTGTT,43,4670817
ybeDp,14.5,29,1,AATGATTCGTTAGAACGATA,28,4688208
ybeDp,7.0,14,1,AATCTTTCCTCTCATGCTGC,13,4677215
ybeDp,8.0,16,1,AATCTCTAAGTCTAATATGA,15,4687496
ybeDp,24.5,49,1,AATCGAATGGTACTCTAGAG,48,4645195
ybeDp,11.0,22,1,AATCATGGGGGGGGAAGTGT,21,4685442
ybeDp,8.0,16,1,AATCAGGTGGCCGTACATGG,15,4687659
ybeDp,1.0,2,1,AATAGTCCTGTCGCACCCCA,1,4672283
ybeDp,20.5,41,1,AAGTCGCCCGCCTGATAGTG,40,4645124
ybeDp,76.5,153,1,AAGTACTCTTCGAACTGCCC,152,4606012
ybeDp,9.0,18,1,AAGGTTGAAGCAGGCTCCAC,17,4632656
ybeDp,29.0,58,1,AAGGTCGCTCGGTTAGGCGA,57,4602900
ybeDp,14.0,28,1,AAGGTCAACAGAGCCGATCA,27,4662664
ybeDp,7.5,15,1,AAGGGCTATAATATTCATCT,14,4635296
ybeDp,6.5,13,1,AAGCTCCGCTAAGGAAGCCA,12,4675088
ybeDp,7.5,15,1,AAGCGGCCACGAATGGCGGA,14,4616757
ybeDp,20.0,40,1,AAGACTCCCGAAACAATAAG,39,4657943
ybeDp,4.5,9,1,AACTTCCCGGATTAAATTTA,8,4614894
ybeDp,24.0,48,1,AACTCCGCAAATAGAGGGTA,47,4651587
ybeDp,6.5,13,1,AACTCAGAAAACTGGGACCT,12,4643813
ybeDp,2.0,4,1,AACTATTCATTGCTGTTAGT,3,4682098
ybeDp,8.0,16,1,AACGTTTGATAATTATACAT,15,4609672
ybeDp,29.0,58,1,AACGTTGAGGCTCCTTTCAG,57,4616939
ybeDp,7.0,14,1,AACCTCTCCCAGACCTAAGA,13,4681162
ybeDp,3.5,7,1,AACCTCAAAAGATGAGTTGC,6,4612217
ybeDp,18.0,36,1,AACCGTGGGCGTTCTATTAT,35,4657263
ybeDp,6.5,13,1,AACCCTGGTTGGACCGCCGA,12,4657410
ybeDp,5.0,10,1,AACCAGCTAACCGCTAGCTA,9,4644530
ybeDp,1.0,2,1,AACACAGCAGGTACAAGTAC,1,4684763
ybeDp,23.5,47,1,AAAGTCCCCGCACGTACAAA,46,4621669
ybeDp,9.0,18,1,AAAGCGGTCTCCCGACCAAT,17,4621499
ybeDp,18.5,37,1,AAAGCCCCTAAGTAGCATAT,36,4674922
ybeDp,6.0,12,1,AAACCCGCATGTAGTTCAAC,11,4646256
ybeDp,2.5,5,1,AAAATTACGGCAGACTTATA,4,4677605
ybeDp,11.0,22,1,AAAACTCAACCTGTTGGGGT,21,4639265
ybeDp,1.0,2,1,AAAACGAAAAATAGCAATAA,1,4687804
ybeDp,0.010416666666666666,95,95,CCAGGTGCATCATATTAAGA,0,4631363
ybeDp,0.01098901098901099,90,90,ATACGTATTAGCCGAAGGAA,0,4643412
ybeDp,0.015384615384615385,64,64,AGTCTGCATGGGATGAGCGG,0,4673749
ybeDp,0.01639344262295082,60,60,CGAATAGTCGCTTGCATTGC,0,4684329
ybeDp,0.01694915254237288,58,58,GGCAAGAAAGAAGACTCATA,0,4677932
ybeDp,0.017543859649122806,56,56,GTTGCGTGCGTCAAAAAGTG,0,4619825
ybeDp,0.017543859649122806,56,56,CGAACTGGTCTACACTCGTC,0,4625533
ybeDp,0.017857142857142856,55,55,TGGTAAACCAGGGGGCACGT,0,4673368
ybeDp,0.017857142857142856,55,55,CTGCCGACTCGAAATAATTT,0,4616362
ybeDp,0.017857142857142856,55,55,CAACAATTGGCATGCGGTCT,0,4676259
ybeDp,0.01818181818181818,54,54,CTTAGATCTATCCACGGTCT,0,4679469
ybeDp,0.019230769230769232,51,51,GTTTGATCGTTATTGGCGCA,0,4661866
ybeDp,0.019230769230769232,51,51,ATGGATTAACTATAGCTTTT,0,4670183
ybeDp,0.0196078431372549,50,50,TGTCATCCAACTTGAGCTCA,0,4657792
ybeDp,0.0196078431372549,50,50,GCATATTAGATGCTACCCAT,0,4625918
ybeDp,0.0196078431372549,50,50,CGATCCCGGTGCGCCATAAA,0,4685252
ybeDp,0.02,49,49,CACTCCACAAGCTAGAATAG,0,4662689
ybeDp,0.02040816326530612,48,48,TTCACTGGGCTCACAAGATT,0,4650603
ybeDp,0.02040816326530612,48,48,CGAGGTCTTTGGCTTTTTAC,0,4681120
ybeDp,0.02040816326530612,48,48,CCAGTGTTATGGAATACCGA,0,4649959
ybeDp,0.02040816326530612,48,48,AGGACGGCTACTCCGCACCC,0,4604855
ybeDp,0.020833333333333332,47,47,CTACGCTCACAAACATTTTG,0,4624170
ybeDp,0.020833333333333332,47,47,ATGGGACCCTACGCGGAGTA,0,4654621
ybeDp,0.02127659574468085,46,46,TGTCATCCGGAGGCTGCACA,0,4612262
ybeDp,0.02127659574468085,46,46,GCCATCGTTCTGGGTCAAAG,0,4653702
ybeDp,0.02127659574468085,46,46,CATAGCTGTAGGTTACATGG,0,4605031
ybeDp,0.02127659574468085,46,46,CACAACGTCTGAGACTTTAT,0,4636075
ybeDp,0.02127659574468085,46,46,CAAGTGGGGGAGAGTTGTGC,0,4603204
ybeDp,0.021739130434782608,45,45,CCGGCGCGGAGTTTTTGAGT,0,4663426
ybeDp,0.021739130434782608,45,45,CATCCGGGAGCTATAACGGA,0,4611959
ybeDp,0.021739130434782608,45,45,ATATCGACCGGGCCGAATAA,0,4621610
ybeDp,0.022222222222222223,44,44,TCGTGTGAAAAAGTATAGGT,0,4654684
ybeDp,0.022222222222222223,44,44,TACTATCACCGGAACCAGCA,0,4654933
ybeDp,0.022222222222222223,44,44,GCTACGTTTTGGTTGGATGT,0,4647241
ybeDp,0.022222222222222223,44,44,CGTCTAAAGCAGGGTACCCA,0,4658283
ybeDp,0.022222222222222223,44,44,CACGCCCTTGGTGCGAGCAA,0,4629562
ybeDp,0.022222222222222223,44,44,AGAGGGCTTCTTCTTTAAGG,0,4667266
ybeDp,0.022727272727272728,43,43,TGTGGTCTCCGAGCGAGTAT,0,4648915
ybeDp,0.022727272727272728,43,43,GGGCGGCAACTGGCCGTTAA,0,4619011
ybeDp,0.022727272727272728,43,43,GATACACTCATCGCGGGATA,0,4635886
ybeDp,0.022727272727272728,43,43,CCAAGAACCTCAACGACAAC,0,4632923
ybeDp,0.022727272727272728,43,43,AGTCGGTTTCACCGAGGGAA,0,4663126
ybeDp,0.023255813953488372,42,42,TTCGGAGTGTCAATCTGTCA,0,4657222
ybeDp,0.023255813953488372,42,42,TTCATTACGACGCGATGTAT,0,4651229
ybeDp,0.023255813953488372,42,42,TGGTCCGGGGAAAACAGGAA,0,4610933
ybeDp,0.023255813953488372,42,42,TGGCCCGGATCGGAGATTCT,0,4653715
ybeDp,0.023255813953488372,42,42,GCGTCCGCGACTGGCCGTCG,0,4633921
ybeDp,0.023255813953488372,42,42,CTGATCGATATTACCTCGTG,0,4686667
ybeDp,0.023255813953488372,42,42,CGGGTCATGTGTGAGATATG,0,4620151
ybeDp,0.023255813953488372,42,42,CCAAAAGAGAGTGTGGCTAC,0,4609526
ybeDp,0.023809523809523808,41,41,TCGGTGGTCCCGCACGTGAT,0,4631638
ybeDp,0.023809523809523808,41,41,TCACAATGGGCAATCGTAGT,0,4649704
ybeDp,0.023809523809523808,41,41,GCCGGAGGCCAGGTGTAACA,0,4618220
ybeDp,0.023809523809523808,41,41,CTAAGCGGGGGCAAACCCGG,0,4638152
ybeDp,0.023809523809523808,41,41,CGACCTCACGGCAGCTTAAT,0,4653661
ybeDp,0.023809523809523808,41,41,ATGTTCGTTTCCAGCCATAT,0,4636865
ybeDp,0.023809523809523808,41,41,ATAAGCGACCGATAACGGGG,0,4622076
ybeDp,0.024390243902439025,40,40,CTGTGCGCTCAATTCTAATC,0,4662789
ybeDp,0.024390243902439025,40,40,CCTCTCCTGGCACGGATAGA,0,4641447
ybeDp,0.024390243902439025,40,40,AATGCGTGTAGAGGTCGTAT,0,4629989
ybeDp,0.025,39,39,TCCCTTGCAAGACATAGTTG,0,4604220
ybeDp,0.025,39,39,GTACCTACGACAAATCCTGA,0,4663847
ybeDp,0.025,39,39,GGAGTTGATTGTATGATTAA,0,4638435
ybeDp,0.025,39,39,CGCTGTCATGGGGCTCGGAG,0,4680233
ybeDp,0.025,39,39,CCGCGGCTGCATTATAGAGT,0,4632817
ybeDp,0.025,39,39,CAAAGGAGTTATCCATTAAT,0,4678925
ybeDp,0.02564102564102564,38,38,TCGATACCTTGTTATGATTA,0,4669549
ybeDp,0.02564102564102564,38,38,TACTAATCTCCCGGCGCATG,0,4660215
ybeDp,0.02564102564102564,38,38,GTGTTAGGGGGTTGGATCGG,0,4622246
ybeDp,0.02564102564102564,38,38,GGTGTAGAAAAAGTAGGGAA,0,4656347
ybeDp,0.02564102564102564,38,38,GAGTAGATGGTGCCCAATGT,0,4635564
ybeDp,0.02564102564102564,38,38,GAACTTCTGTGCCCTGCTAA,0,4642694
ybeDp,0.02564102564102564,38,38,CCGTATTGCTAGAGAGTTGG,0,4672942
ybeDp,0.02564102564102564,38,38,CAGCTGAACTTATGATAGGT,0,4601144
ybeDp,0.02564102564102564,38,38,CAAGACGATCAGGAGCAGTA,0,4611614
ybeDp,0.02564102564102564,38,38,ATTGACTAAGTTTGAATGAA,0,4643438
ybeDp,0.02564102564102564,38,38,AGAAATACATGAGTGCTTGT,0,4605028
ybeDp,0.02564102564102564,38,38,ACCTAGCAAATATACATAAC,0,4619121
ybeDp,0.02631578947368421,37,37,TTACTAGGCAGTTTTGCATA,0,4620727
ybeDp,0.02631578947368421,37,37,TGTTGAGAAGTCAGCAAGCT,0,4600944
ybeDp,0.02631578947368421,37,37,TGGTCCGTACTCGCCGTCTT,0,4632372
ybeDp,0.02631578947368421,37,37,TCGACGGCCAGTCTCCAAGC,0,4625736
ybeDp,0.02631578947368421,37,37,TATCGGTAGACGTCTTCTTG,0,4610991
ybeDp,0.02631578947368421,37,37,TACGCAGCGTGGTGTCCAGC,0,4675026
ybeDp,0.02631578947368421,37,37,GTACGTCGGTACCCAGGTCA,0,4655451
ybeDp,0.02631578947368421,37,37,GGGGGCCGACCACAGGTAGC,0,4630242
ybeDp,0.02631578947368421,37,37,GATCGGTTCTCTCGCTCTGT,0,4602861
ybeDp,0.02631578947368421,37,37,GATAGAACTAATATAGGTAG,0,4625996
ybeDp,0.02631578947368421,37,37,GAACTGTGAGACATAAGTAC,0,4624752
ybeDp,0.02631578947368421,37,37,CCGGAAAACTCATTCTGTGC,0,4641589
ybeDp,0.02631578947368421,37,37,CATACGGTTTGGCGTGGAAT,0,4639581
ybeDp,0.02631578947368421,37,37,CAATGGGGCATCGGCGTCAC,0,4624056
ybeDp,0.02631578947368421,37,37,ATGACTCGTGGGGGAAGCCT,0,4677727
ybeDp,0.02631578947368421,37,37,AGTCGCGACGTTGCCTATTT,0,4601385
ybeDp,0.02631578947368421,37,37,AGGTGACTGCTGTCTCGTCT,0,4646665
ybeDp,0.02631578947368421,37,37,AAGCGTCAACTCGATTCGGG,0,4607304
ybeDp,0.02702702702702703,36,36,TTCTCACTGATCGCCACGAT,0,4661716
ybeDp,0.02702702702702703,36,36,TTATGATACAATCCAATGGG,0,4621309
ybeDp,0.02702702702702703,36,36,TTAGATCCAAGGGTCACCGT,0,4634434
ybeDp,0.02702702702702703,36,36,TGGGAAACTGCAAGTGGTCT,0,4651496
ybeDp,0.02702702702702703,36,36,TCCTAGGGCGTTTATATTGC,0,4677557
ybeDp,0.02702702702702703,36,36,TCAGTCTCGCAGAGGTTCCG,0,4632665
ybeDp,0.02702702702702703,36,36,TAACAAAATGAACGTAGTAT,0,4613168
ybeDp,0.02702702702702703,36,36,GTTGGTCACTATTAAATTAA,0,4618725
ybeDp,0.02702702702702703,36,36,GTGAGTATACAGTCTCCTGT,0,4603504
ybeDp,0.02702702702702703,36,36,GTAATTGTGTAAGTTAGAGT,0,4623029
ybeDp,0.02702702702702703,36,36,GGAGTGTATGGCGTGAGAGT,0,4630271
ybeDp,0.02702702702702703,36,36,GATACGTCCGGAATTGCGGA,0,4643592
ybeDp,0.02702702702702703,36,36,GACGCAAATGTCTTTGCGCA,0,4617306
ybeDp,0.02702702702702703,36,36,CTCGCGTGAAATTTTCGAAG,0,4627066
ybeDp,0.02702702702702703,36,36,CGACCACAACGAAGAGTTAT,0,4638143
ybeDp,0.02702702702702703,36,36,CCTACCATACTCCCGGTAGA,0,4627540
ybeDp,0.02702702702702703,36,36,CCGAACATACCAATCTTCAT,0,4659247
ybeDp,0.02702702702702703,36,36,CCCGCCACGTTGATAATGGG,0,4647569
ybeDp,0.02702702702702703,36,36,CATGCATATAACCACGGGAA,0,4659972
ybeDp,0.02702702702702703,36,36,CATAAGTTTGGGGCTGAGAA,0,4620080
ybeDp,0.02702702702702703,36,36,ACCTTGTCGGAACCTACGGT,0,4603907
ybeDp,0.02702702702702703,36,36,ACCCTCCCCACGGCCCGGGT,0,4671294
ybeDp,0.02702702702702703,36,36,AAGTGTTTTGGCCGACACTT,0,4632275
ybeDp,0.027777777777777776,35,35,GGTTCGTAGGCCATGCCCAT,0,4665661
ybeDp,0.027777777777777776,35,35,GGGCCATGTACACGTCCTGC,0,4664499
ybeDp,0.027777777777777776,35,35,GAATATCAGAACTTCACAAT,0,4612934
ybeDp,0.027777777777777776,35,35,GAAGCCAGGAGGCACCAACT,0,4603836
ybeDp,0.027777777777777776,35,35,CTTATAGCGATCAGGTATAT,0,4613533
ybeDp,0.027777777777777776,35,35,CTCTATGGTCATCCGCATAC,0,4622993
ybeDp,0.027777777777777776,35,35,CCTGCAGTGGCCTCGGACAC,0,4617210
ybeDp,0.027777777777777776,35,35,CCACGCCCCCGCCTTATCAT,0,4620660
ybeDp,0.027777777777777776,35,35,AGCGTAAACGGATAGTTTTT,0,4627445
ybeDp,0.027777777777777776,35,35,AAGGACGATATTGTCTGCAG,0,4673015
ybeDp,0.027777777777777776,35,35,AACTCTTGGAATAGATTCAT,0,4601400
ybeDp,0.027777777777777776,35,35,AAAGCGCTTGTTAGAAAGCG,0,4613302
ybeDp,0.02857142857142857,34,34,TTTTTAACTGGTCACTTAAC,0,4602194
ybeDp,0.02857142857142857,34,34,TGCGTGGCGTGAGACGCATG,0,4684788
ybeDp,0.02857142857142857,34,34,TAGGCTCCCCTGGGATGGTT,0,4660243
ybeDp,0.02857142857142857,34,34,GTGAGATGTGTCTTACATTT,0,4646864
ybeDp,0.02857142857142857,34,34,GTACGAGGAGTCCAAGCGGT,0,4609060
ybeDp,0.02857142857142857,34,34,GGTGGGGGCGCGAACATGAA,0,4617827
ybeDp,0.02857142857142857,34,34,GGACGTAGAAAGATGTGCCC,0,4609848
ybeDp,0.02857142857142857,34,34,GCCGGGGCGTTAACACAAGA,0,4638125
ybeDp,0.02857142857142857,34,34,GAATTCCAGTGCCAGTGAAG,0,4612869
ybeDp,0.02857142857142857,34,34,CTAGTCCTGACTTACACCTA,0,4616256
ybeDp,0.02857142857142857,34,34,CTACGTGTTCTGGAAGTAGC,0,4625881
ybeDp,0.02857142857142857,34,34,CGGGTAACCGGTGGCTAGTG,0,4656729
ybeDp,0.02857142857142857,34,34,ATCTGCTCGGGCGCTAACAT,0,4678080
ybeDp,0.02857142857142857,34,34,AGTGTGCTGCGTACGATCAA,0,4604652
ybeDp,0.02857142857142857,34,34,AGAAGATTCGGTAACTCATA,0,4665151
ybeDp,0.02857142857142857,34,34,ACTCAACTAGACTTGCACAC,0,4618227
ybeDp,0.02857142857142857,34,34,ACCTCTAAATTTGTTCAGGT,0,4638528
ybeDp,0.029411764705882353,33,33,TTTATCCCTGGGACTATAAT,0,4620784
ybeDp,0.029411764705882353,33,33,TGGAGATTGAAGGAAGGATA,0,4606718
ybeDp,0.029411764705882353,33,33,TCGTTTCCGTGAGAATGAAA,0,4665879
ybeDp,0.029411764705882353,33,33,TATCCGAAGTGTAGAGATTA,0,4641836
ybeDp,0.029411764705882353,33,33,GGTGCCCGATTAATCCGCAA,0,4667922
ybeDp,0.029411764705882353,33,33,GGTCGTAAAAGCCCAAATCC,0,4626002
ybeDp,0.029411764705882353,33,33,GGCACCAATGAAGAGTTAAA,0,4677080
ybeDp,0.029411764705882353,33,33,GGAGGCCACTGGGCGGCGCA,0,4643026
ybeDp,0.029411764705882353,33,33,GGAAGCCCTATAGGTTCTCC,0,4675689
ybeDp,0.029411764705882353,33,33,CTTAGAAAATAACGGCTGAT,0,4653281
ybeDp,0.029411764705882353,33,33,CTGATATAAGCGTAACCTCT,0,4634338
ybeDp,0.029411764705882353,33,33,CCGCAGCTCACAGCGACCTC,0,4648387
ybeDp,0.029411764705882353,33,33,CCCTGAGTATGGGGGTTCCC,0,4664355
ybeDp,0.029411764705882353,33,33,CCCGACAAGAGGTCAGCCAA,0,4662578
ybeDp,0.029411764705882353,33,33,CATAGGTTTTGTTCCCTCTG,0,4604156
ybeDp,0.029411764705882353,33,33,ATTAATTTGGACGCTAAGTG,0,4660527
ybeDp,0.029411764705882353,33,33,ATAAATACTCGCTTCTTTAA,0,4634431
ybeDp,0.029411764705882353,33,33,AGAGTAACTAGGTAGACTAT,0,4642597
ybeDp,0.030303030303030304,32,32,TGTGTCACGAACTCGTCGCA,0,4632957
ybeDp,0.030303030303030304,32,32,TGCGATTTTCCACAACGTCA,0,4676131
ybeDp,0.030303030303030304,32,32,TGCAAGATGGGAGCGGTACT,0,4649705
ybeDp,0.030303030303030304,32,32,TCCCCGTTGTGGTCCCGGGG,0,4632663
ybeDp,0.030303030303030304,32,32,TATGCCGGGCTATAGTGTAC,0,4608251
ybeDp,0.030303030303030304,32,32,TACCATTTGTGGTCATCGTG,0,4629724
ybeDp,0.030303030303030304,32,32,GTGAATTACAGGCCCCGGTA,0,4619115
ybeDp,0.030303030303030304,32,32,GTAGGGGCCAGACGAGTTCG,0,4628055
ybeDp,0.030303030303030304,32,32,GGTTATCATTGTACCAGTTT,0,4624662
ybeDp,0.030303030303030304,32,32,GGCTTCTCGTGATTTTTTAA,0,4634890
ybeDp,0.030303030303030304,32,32,GGAACTTAGTGAATCACATA,0,4674237
ybeDp,0.030303030303030304,32,32,GAGTCAGTGGAACCTACGGT,0,4668050
ybeDp,0.030303030303030304,32,32,CGCTGCCCCACATAGTATCC,0,4683682
ybeDp,0.030303030303030304,32,32,CCTGCCATGTCGTTTACATG,0,4641282
ybeDp,0.030303030303030304,32,32,CATCGCCCCCGATACCACAA,0,4605177
ybeDp,0.030303030303030304,32,32,CAACGGTCATCGGTGCATCA,0,4673673
ybeDp,0.030303030303030304,32,32,CAAAACATGTCCATGAGCAT,0,4629543
ybeDp,0.030303030303030304,32,32,AGTTGATTAGCGAGCGCAGC,0,4673017
ybeDp,0.030303030303030304,32,32,AGTTATCCAGTATCCAGCTT,0,4649683
ybeDp,0.030303030303030304,32,32,AGTGTCCAGATCAAAAGGGT,0,4624875
ybeDp,0.030303030303030304,32,32,AGGACGTAAAGGGGTAACTG,0,4608487
ybeDp,0.030303030303030304,32,32,AGATTGTTTCTAGCAAATGG,0,4618827
ybeDp,0.030303030303030304,32,32,ACTAAAGGGAGTTTGGTGAA,0,4611322
ybeDp,0.030303030303030304,32,32,ACCGCAGCCGTTTCATGACT,0,4627397
ybeDp,0.030303030303030304,32,32,ACCATTTATTAGTGTGTCTA,0,4634047
ybeDp,0.030303030303030304,32,32,ACCATACCCGTCCTGATTCG,0,4672805
ybeDp,0.030303030303030304,32,32,ACAGGCATCAAAGCATCGCG,0,4636923
ybeDp,0.030303030303030304,32,32,AAAAGTTCATGGGTCTTTTG,0,4609570
ybeDp,0.03125,31,31,TTGTAGGCGGCACATTACAT,0,4656348
ybeDp,0.03125,31,31,TTCATATCCTTGGGTGTGCA,0,4606675
ybeDp,0.03125,31,31,TCAATAATTTAGTCGTCCGT,0,4673381
ybeDp,0.03125,31,31,TACTCCTTTCACAAGCCGAA,0,4602410
ybeDp,0.03125,31,31,TAAGCGACTGTGGGTGCGTT,0,4647173
ybeDp,0.03125,31,31,GGTTCCAGATTGTTAAAGTT,0,4603779
ybeDp,0.03125,31,31,GGCAGTGGTTGGGCTAAGAC,0,4604636
ybeDp,0.03125,31,31,GCTTAGCTGTAGATCATACG,0,4613562
ybeDp,0.03125,31,31,GCTACATCCACGAAGCCCTC,0,4619446
ybeDp,0.03125,31,31,GATTGAGTCGCAGGCAGCCA,0,4633774
ybeDp,0.03125,31,31,CGTTTTATTTCTGGTGGTTT,0,4608511
ybeDp,0.03125,31,31,CGTCGTAAGGGCAACATAGC,0,4631009
ybeDp,0.03125,31,31,CGAAATGGACGAACTGGGCG,0,4618584
ybeDp,0.03125,31,31,CCGGTGCTGTGCGTTCGAGA,0,4667980
ybeDp,0.03125,31,31,CAGAGTTAGACTGTTGCTCA,0,4636649
ybeDp,0.03125,31,31,ATTATTACGAGTGATGTAGG,0,4628166
ybeDp,0.03125,31,31,AGTTGTGACAATGCGAGTAA,0,4619286
ybeDp,0.03125,31,31,AGGTTACAGTAGGTATACTC,0,4680009
ybeDp,0.03125,31,31,AGGTACCGAGGGATTATAGT,0,4671390
ybeDp,0.03125,31,31,AGAAGCGCAAGATTGACAAG,0,4687383
ybeDp,0.03125,31,31,ACAGACGCCAATAGATGAGG,0,4634225
ybeDp,0.03125,31,31,AAGTCAGTTCACGTGGCGCA,0,4612659
ybeDp,0.03125,31,31,AACTCGATGGGCAGACACCC,0,4663909
ybeDp,0.03125,31,31,AACGGTCATAATCAGATCTT,0,4613517
ybeDp,0.03225806451612903,30,30,TTTTTGGGGCATCCGTTATA,0,4643975
ybeDp,0.03225806451612903,30,30,TTAGCGTGCGAGTATGTGTG,0,4607491
ybeDp,0.03225806451612903,30,30,TCTTTCAGGACCCGTCCGCC,0,4669276
ybeDp,0.03225806451612903,30,30,TCATACTTTTTGCTCCCTTT,0,4612518
ybeDp,0.03225806451612903,30,30,TATGGGTAGAACGTGTTGAG,0,4672281
ybeDp,0.03225806451612903,30,30,TAAATCGTCGGTTTTGAGGC,0,4610039
ybeDp,0.03225806451612903,30,30,GTTGGGGGGGGAGCCTCGCC,0,4686511
ybeDp,0.03225806451612903,30,30,GTGTAATGGTCGGTTCCATT,0,4612933
ybeDp,0.03225806451612903,30,30,GGATAGCAAGAGCCGCGCCA,0,4616662
ybeDp,0.03225806451612903,30,30,GCCTCGCTATCGGTTCGCCA,0,4613637
ybeDp,0.03225806451612903,30,30,GCCCTCTGCCATGTGACATA,0,4676193
ybeDp,0.03225806451612903,30,30,GCCATTTGCCCTATTCCCGT,0,4605979
ybeDp,0.03225806451612903,30,30,GCAAGCATCGTAAAGAGAAG,0,4657743
ybeDp,0.03225806451612903,30,30,GATGGATCAGTAAGCCCGCA,0,4642806
ybeDp,0.03225806451612903,30,30,GATACATAATGGGGGACGAT,0,4637404
ybeDp,0.03225806451612903,30,30,CTGATGTCTACTCGTCTCGA,0,4650218
ybeDp,0.03225806451612903,30,30,CGCGTATACAAGTGGATCAT,0,4636687
ybeDp,0.03225806451612903,30,30,CCTCTGGTTTCTGTTCCAGA,0,4620956
ybeDp,0.03225806451612903,30,30,CCGAACGTCACCTGAGCAAA,0,4624665
ybeDp,0.03225806451612903,30,30,CCCCGTCGTCCGTAATCGGT,0,4628362
ybeDp,0.03225806451612903,30,30,CCCATCTTATAAAGAATGTG,0,4608515
ybeDp,0.03225806451612903,30,30,CAAGTGCGTAAACAAAGCTC,0,4622872
ybeDp,0.03225806451612903,30,30,ATTACTTATAGTAGTTCCAT,0,4634212
ybeDp,0.03225806451612903,30,30,ATACCTGCTGTGAGGGGTGA,0,4682937
ybeDp,0.03225806451612903,30,30,AGGGCCTCATAGAAGTATCC,0,4631331
ybeDp,0.03225806451612903,30,30,AGCTGGCCGTTAGTTCGCAT,0,4643711
ybeDp,0.03225806451612903,30,30,ACTGACCCATAGATGGCTAG,0,4618077
ybeDp,0.03225806451612903,30,30,ACGGGTACCGTGCTCACCCT,0,4627128
ybeDp,0.03225806451612903,30,30,AACATGGGTGAGTCGCAAGT,0,4607885
ybeDp,0.03225806451612903,30,30,AAATGGTCTTCATCGGCTCA,0,4619482
ybeDp,0.03333333333333333,29,29,TTGGAAATCGAGGGGTAAAA,0,4677809
ybeDp,0.03333333333333333,29,29,TGTGACTCGTGGAAACATCA,0,4618001
ybeDp,0.03333333333333333,29,29,TGACACCCTTCGCCCACCTA,0,4632271
ybeDp,0.03333333333333333,29,29,TCTTGGCAGGTGTTACTTTT,0,4627008
ybeDp,0.03333333333333333,29,29,TATCCGAGGTTGGCATGATC,0,4624926
ybeDp,0.03333333333333333,29,29,TACAGGGATACTCTGGCACG,0,4643176
ybeDp,0.03333333333333333,29,29,GTGCGTAAGTAATGTTCTCG,0,4664675
ybeDp,0.03333333333333333,29,29,GGCTGCAAAATCTCTTAGTA,0,4684299
ybeDp,0.03333333333333333,29,29,GGCGATGATCTCAGGAGCGC,0,4607442
ybeDp,0.03333333333333333,29,29,GCTCTAATGTATGCGGCAGG,0,4620234
ybeDp,0.03333333333333333,29,29,GAGTGGTAGGGCCGTAAGCG,0,4609736
ybeDp,0.03333333333333333,29,29,GACAATAGACGAATACCCCA,0,4678079
ybeDp,0.03333333333333333,29,29,CTGTTTCTCTGGCCGAGAGC,0,4639793
ybeDp,0.03333333333333333,29,29,CTGGTACCTTAATCCTGAGG,0,4632820
ybeDp,0.03333333333333333,29,29,CTATTTCACCCTTAGTTGAG,0,4631575
ybeDp,0.03333333333333333,29,29,CCTTCCCTATCAACTGTTAT,0,4602425
ybeDp,0.03333333333333333,29,29,CATGTTAGCATGCAGCGACG,0,4671465
ybeDp,0.03333333333333333,29,29,CATCGCATTGCCTGTCGCCA,0,4652628
ybeDp,0.03333333333333333,29,29,CAGTGCTCACACCAGCTTGT,0,4623619
ybeDp,0.03333333333333333,29,29,CAAACATAGTCGCGTGTCTA,0,4631423
ybeDp,0.03333333333333333,29,29,ATGTACTGTTCCCTAGCAGT,0,4671293
ybeDp,0.03333333333333333,29,29,AGCGACTGTGCGGATACTTT,0,4618067
ybeDp,0.03333333333333333,29,29,AATGCGCAGTATGCGGTGCT,0,4657136
ybeDp,0.03333333333333333,29,29,AACTGTGTTGGTGAACAAGC,0,4656834
ybeDp,0.03333333333333333,29,29,AAACGGAAGTGGGCAGTATG,0,4659317
ybeDp,0.034482758620689655,28,28,TTAAGTACTATTTGAGCTCC,0,4639946
ybeDp,0.034482758620689655,28,28,TGTAACACGTTAGCGTCTTC,0,4607032
ybeDp,0.034482758620689655,28,28,TGGACTCGCGCTGTAGGACT,0,4667025
ybeDp,0.034482758620689655,28,28,TGATTCTGAGGGCGATGCAT,0,4612754
ybeDp,0.034482758620689655,28,28,TCAACGGTGCCCACAACTGT,0,4677507
ybeDp,0.034482758620689655,28,28,TACGACCGTTATCCCATCTC,0,4606325
ybeDp,0.034482758620689655,28,28,GTTTATCTGGGGCTGACTAT,0,4632978
ybeDp,0.034482758620689655,28,28,GTGTTGATTGCCAATTGTGA,0,4609153
ybeDp,0.034482758620689655,28,28,GTGCTAAAGGATCTCGGTCA,0,4607274
ybeDp,0.034482758620689655,28,28,GTAAGATTCTGCCGGGGGTA,0,4647998
ybeDp,0.034482758620689655,28,28,GGTGAAACGAGCCCTGGCGT,0,4631640
ybeDp,0.034482758620689655,28,28,GGTCCCTGCAGTTAGGTGAG,0,4612941
ybeDp,0.034482758620689655,28,28,GGGGTGAGTCTGGTCACCTA,0,4644823
ybeDp,0.034482758620689655,28,28,GGCCCAGGTACCGCATAACT,0,4606979
ybeDp,0.034482758620689655,28,28,GCTCAAACGAAACCGGGCTC,0,4617270
ybeDp,0.034482758620689655,28,28,GCGTGTAGGCTCCGGATTTG,0,4606719
ybeDp,0.034482758620689655,28,28,GCGAATGGTGTTTTGACTTA,0,4665581
ybeDp,0.034482758620689655,28,28,GCATTGTTGGATATACCCGT,0,4652634
ybeDp,0.034482758620689655,28,28,GCACCCTTCCAACTGGACTA,0,4621009
ybeDp,0.034482758620689655,28,28,CTTAGGATAAATATCACCGT,0,4604249
ybeDp,0.034482758620689655,28,28,CTGGTTCGACGGTCGTAGGT,0,4605175
ybeDp,0.034482758620689655,28,28,CGATGGTAAACTTTGCTGTA,0,4648923
ybeDp,0.034482758620689655,28,28,CGAAGGGTGCGAGAATTTGG,0,4619027
ybeDp,0.034482758620689655,28,28,CCGGCGTGTTGTTCTTTTTG,0,4624852
ybeDp,0.034482758620689655,28,28,ATTCTTCAGGGTCGTAACTA,0,4678296
ybeDp,0.034482758620689655,28,28,AGTCAAAGCGAGCGGTTTGT,0,4645519
ybeDp,0.034482758620689655,28,28,AGCCAACCGCGTTTATATGA,0,4678380
ybeDp,0.034482758620689655,28,28,ACGCGCCACCTGGATTCCCA,0,4666494
ybeDp,0.034482758620689655,28,28,AATATTAGATTCTGGAAATG,0,4614697
ybeDp,0.034482758620689655,28,28,AACGACAGTTCGCTGGTTGA,0,4617733
ybeDp,0.03571428571428571,27,27,TTTTCCCGCTATTAAATGGC,0,4683710
ybeDp,0.03571428571428571,27,27,TTGTGCATGTCCCGAAAGCC,0,4665949
ybeDp,0.03571428571428571,27,27,TTGGGGCAAGCTCTACTATA,0,4646942
ybeDp,0.03571428571428571,27,27,TTGCTGGGTGGGGCGAATGT,0,4633274
ybeDp,0.03571428571428571,27,27,TGTTAAAGGGCGACCCGAAG,0,4610126
ybeDp,0.03571428571428571,27,27,TGTACTAACATGGCATGATT,0,4623736
ybeDp,0.03571428571428571,27,27,TGATCGACTTTTATCAGTGG,0,4618504
ybeDp,0.03571428571428571,27,27,TGACATGGGTAAGCCAGGTT,0,4640433
ybeDp,0.03571428571428571,27,27,TCGGAACGCTGCTCAAATAG,0,4657373
ybeDp,0.03571428571428571,27,27,TCAATAGCGCCAGTGCCCCA,0,4664444
ybeDp,0.03571428571428571,27,27,TACACACGCACGTCCGACGG,0,4652685
ybeDp,0.03571428571428571,27,27,TACAAGGATCTCATAACGGC,0,4635291
ybeDp,0.03571428571428571,27,27,TAAACGCTGAAAGGTTCGTG,0,4671911
ybeDp,0.03571428571428571,27,27,GTTGATCGCAGTCCACCCAA,0,4617307
ybeDp,0.03571428571428571,27,27,GTGTAAAAGCAGGTTGAGAG,0,4668530
ybeDp,0.03571428571428571,27,27,GTGGGCACTAGGATCTGGGA,0,4623543
ybeDp,0.03571428571428571,27,27,GTAAGCGCTTACGTAAGACC,0,4611572
ybeDp,0.03571428571428571,27,27,GGCGGTTAACGTTTTAAAAA,0,4677408
ybeDp,0.03571428571428571,27,27,GGCCTTCAACGTTTGGGGAA,0,4619118
ybeDp,0.03571428571428571,27,27,GGCCGGAGAATCGTTTCAGA,0,4644942
ybeDp,0.03571428571428571,27,27,GCTCGTTCTCGAGCTACTGC,0,4600904
ybeDp,0.03571428571428571,27,27,GCAGGATCTTGCGCCCGGAC,0,4612091
ybeDp,0.03571428571428571,27,27,GCAGAATCCTAACGTCACAG,0,4611551
ybeDp,0.03571428571428571,27,27,GCACGCATCCGTACTACTTG,0,4672285
ybeDp,0.03571428571428571,27,27,GCACGAAGTTAGCTTGGATT,0,4620310
ybeDp,0.03571428571428571,27,27,GAAAACGAATAAGTTGCGCC,0,4656101
ybeDp,0.03571428571428571,27,27,CTCGATCTACCTGCGCACGA,0,4655801
ybeDp,0.03571428571428571,27,27,CGAACGCCAAATTCGGGTTT,0,4643285
ybeDp,0.03571428571428571,27,27,CCTGTGTCTAGGATGAGAAA,0,4645357
ybeDp,0.03571428571428571,27,27,CCCTTTTACAGTGCCTTGGA,0,4650360
ybeDp,0.03571428571428571,27,27,CCACTATTGGCGAACTGCGA,0,4633568
ybeDp,0.03571428571428571,27,27,CATGTGCTCGGCTGTCACCA,0,4609206
ybeDp,0.03571428571428571,27,27,CAACCCCCGGTGTAAAGCGA,0,4615837
ybeDp,0.03571428571428571,27,27,ATGCTCATCGTCTGGTACTA,0,4642810
ybeDp,0.03571428571428571,27,27,ATCGATAATGACGGGCACAT,0,4654553
ybeDp,0.03571428571428571,27,27,ATCCTCAATGGAGTATATGA,0,4617529
ybeDp,0.03571428571428571,27,27,ATCAGGCTGTATGCAGTCAA,0,4605062
ybeDp,0.03571428571428571,27,27,AGTCATTTCGCAGATAAATG,0,4639197
ybeDp,0.03571428571428571,27,27,AGGTGAGTATTAAGTGTTAT,0,4669643
ybeDp,0.03571428571428571,27,27,AGGCCGGAATACGTATGATT,0,4638280
ybeDp,0.03571428571428571,27,27,ACGAGTCTGTCAAGGGGAGA,0,4619717
ybeDp,0.03571428571428571,27,27,ACAGTTATGTGCAAGAGGAC,0,4640514
ybeDp,0.03571428571428571,27,27,ACAGTAAGTCCGCTGTCTCT,0,4633404
ybeDp,0.03571428571428571,27,27,AAATACGATCCGGCAGTAAA,0,4611355
ybeDp,0.03571428571428571,27,27,AAAAAATGTTGTCGAAATAA,0,4673890
ybeDp,0.037037037037037035,26,26,TTCACGACTAACAGTCGATG,0,4659905
ybeDp,0.037037037037037035,26,26,TTATGTAAATAAATCTGGTC,0,4669659
ybeDp,0.037037037037037035,26,26,TTAGACATAGCTCTCTCGCT,0,4644254
ybeDp,0.037037037037037035,26,26,TGTGTTACGAGCTACGGGGA,0,4625017
ybeDp,0.037037037037037035,26,26,TGTCCGTAGCGTCGCAGGCA,0,4608253
ybeDp,0.037037037037037035,26,26,TGGGTACGAAGGTAGGTATG,0,4685059
ybeDp,0.037037037037037035,26,26,TGGAGGTCCCGGTCTAAATG,0,4658307
ybeDp,0.037037037037037035,26,26,TGATAGCCGCACGTGAGTCT,0,4618072
ybeDp,0.037037037037037035,26,26,TCTTCGGTGATGGAGGCGCT,0,4649551
ybeDp,0.037037037037037035,26,26,TCAGGCACCAAACATGACAA,0,4607631
ybeDp,0.037037037037037035,26,26,TAGCTAGAGGCGAAGCTGTA,0,4616177
ybeDp,0.037037037037037035,26,26,GTTTTACGAATCATAGAGCG,0,4631803
ybeDp,0.037037037037037035,26,26,GTGGGCTTCAGCTTCAACTA,0,4635053
ybeDp,0.037037037037037035,26,26,GTGACTGTTTATCTCTGTTA,0,4609361
ybeDp,0.037037037037037035,26,26,GTCCCACAACCCACCTCAGT,0,4640317
ybeDp,0.037037037037037035,26,26,GTATGCACGACGGTGTCATG,0,4616495
ybeDp,0.037037037037037035,26,26,GTAGGTGCCCCTCTCCACGC,0,4623353
ybeDp,0.037037037037037035,26,26,GTACTATGCTTTTGGGGAGG,0,4612663
ybeDp,0.037037037037037035,26,26,GGGTCTGAGGGGGACTCATA,0,4668273
ybeDp,0.037037037037037035,26,26,GGGGGTTCTCGACCGTGATC,0,4677093
ybeDp,0.037037037037037035,26,26,GGCGCATCATCGTCTGAAAT,0,4621814
ybeDp,0.037037037037037035,26,26,GGACACACACGTTGCCTCAT,0,4660341
ybeDp,0.037037037037037035,26,26,GCGTGGACGGCTTTGTTGTC,0,4673872
ybeDp,0.037037037037037035,26,26,GCGCCCCCGTGTAGGCGCTA,0,4602441
ybeDp,0.037037037037037035,26,26,GCCACACGCATCAAAAGGAC,0,4618418
ybeDp,0.037037037037037035,26,26,GATTTAGACTTCTTGATTGC,0,4607938
ybeDp,0.037037037037037035,26,26,GATTGCCGGGGGGTCGGCTT,0,4660321
ybeDp,0.037037037037037035,26,26,GAGGACGAGACCAGGGCCAG,0,4677940
ybeDp,0.037037037037037035,26,26,GACACGTTTAGTAGGAGTAC,0,4619794
ybeDp,0.037037037037037035,26,26,CTTTAGGCTGCACCCGAAAG,0,4669154
ybeDp,0.037037037037037035,26,26,CTGCTCCGCTGTTAAACAGA,0,4682497
ybeDp,0.037037037037037035,26,26,CTGCGCTGTCGCTGGATCTG,0,4616545
ybeDp,0.037037037037037035,26,26,CTGCGCCTTGAGACACCACA,0,4679236
ybeDp,0.037037037037037035,26,26,CTCTCCTGCCAAGTCTCTGT,0,4630995
ybeDp,0.037037037037037035,26,26,CGTCAGATGTCGGTCGGAGC,0,4616009
ybeDp,0.037037037037037035,26,26,CGGTTCGGGAAATATGTACA,0,4624086
ybeDp,0.037037037037037035,26,26,CGCACAGAGTCGCAACGGAT,0,4651546
ybeDp,0.037037037037037035,26,26,CCTCTGGTAGATAAGCCCAT,0,4637331
ybeDp,0.037037037037037035,26,26,CCTATTGGAGACTTCTGAAC,0,4673176
ybeDp,0.037037037037037035,26,26,CCTATTGCGACAAGGAATCT,0,4676051
ybeDp,0.037037037037037035,26,26,CCGTGTAGGGAGACACTAAC,0,4630619
ybeDp,0.037037037037037035,26,26,CATGGCGAGGGCCTCCATAA,0,4634058
ybeDp,0.037037037037037035,26,26,CAGGTCTCATTAGTGCGTCT,0,4654193
ybeDp,0.037037037037037035,26,26,CACCTTCCACGGAAAATTTT,0,4656691
ybeDp,0.037037037037037035,26,26,ATTGTCACCGGGCGCTCAAG,0,4606576
ybeDp,0.037037037037037035,26,26,ATTACAAGTAAAATAGTATG,0,4617493
ybeDp,0.037037037037037035,26,26,AGTTAGGGCGCTACTGGAAG,0,4628895
ybeDp,0.037037037037037035,26,26,AGTGCCCAGGGCTCCCGCGT,0,4651238
ybeDp,0.037037037037037035,26,26,AGTAATACTTCGTCCTTCGG,0,4667344
ybeDp,0.037037037037037035,26,26,AGGTTGTGTCAGAGTCTACG,0,4645532
ybeDp,0.037037037037037035,26,26,AGCGTATCATGACCGTTAAG,0,4653604
ybeDp,0.037037037037037035,26,26,AGCCGAGCCACTTGGCATTA,0,4619675
ybeDp,0.037037037037037035,26,26,AGCCCAGAAGTCTTACGGTT,0,4665594
ybeDp,0.037037037037037035,26,26,AGAGAGAATGTTCAGGTTCA,0,4614061
ybeDp,0.037037037037037035,26,26,ACTGCATACCAAGATCGTGA,0,4672637
ybeDp,0.037037037037037035,26,26,ACCTTGCCGTCAGAAGATTG,0,4659537
ybeDp,0.037037037037037035,26,26,AATGGCCCGTGGGTTATTAT,0,4675789
ybeDp,0.037037037037037035,26,26,AATGAAGTGCCCTAGCGTTT,0,4643717
ybeDp,0.037037037037037035,26,26,AATAGGTGTAGATAATCTAC,0,4666144
ybeDp,0.037037037037037035,26,26,AAGGCTATTTACACTTTTGT,0,4634679
ybeDp,0.037037037037037035,26,26,AAAATTCCATTGATCTTTGG,0,4665287
ybeDp,0.038461538461538464,25,25,TTTTCCGATACAGAGAGCCG,0,4651702
ybeDp,0.038461538461538464,25,25,TTTGTGGTCATTGAGAGTCG,0,4605120
ybeDp,0.038461538461538464,25,25,TTTGATCTCGTCGATCAACG,0,4682632
ybeDp,0.038461538461538464,25,25,TTGGCATCATCTCAATCAGA,0,4649569
ybeDp,0.038461538461538464,25,25,TTCTGGTCGCACAACAAGTC,0,4610605
ybeDp,0.038461538461538464,25,25,TTCATCTACGTATTCTAATC,0,4621641
ybeDp,0.038461538461538464,25,25,TTAGCGAGTACTTCGGACCG,0,4605068
ybeDp,0.038461538461538464,25,25,TGTTGACAGTCCAGGTGATG,0,4600768
ybeDp,0.038461538461538464,25,25,TGGGAAGTGACTCCTGGATT,0,4600875
ybeDp,0.038461538461538464,25,25,TGGATCTCCCAATAATCACA,0,4665227
ybeDp,0.038461538461538464,25,25,TGAGTTTGGGTCAAATGAAT,0,4624670
ybeDp,0.038461538461538464,25,25,TGAGTTGAGACCGAGAGTCA,0,4642853
ybeDp,0.038461538461538464,25,25,TCTGTATTATGGCCCCACAA,0,4669745
ybeDp,0.038461538461538464,25,25,TCGTGGCATGATACAAGCTA,0,4636380
ybeDp,0.038461538461538464,25,25,TAGGTTGCGACGTATCTAGA,0,4641975
ybeDp,0.038461538461538464,25,25,TACGATATATCGTCTTACCA,0,4650435
ybeDp,0.038461538461538464,25,25,TACACTGGCGTCTCAGACCC,0,4644617
ybeDp,0.038461538461538464,25,25,TAATGATTCCTTCCAACCGT,0,4664541
ybeDp,0.038461538461538464,25,25,TAAGTGGAGGGAGACGCCCT,0,4635846
ybeDp,0.038461538461538464,25,25,TAAGAGTCTAACCACGTCCA,0,4651543
ybeDp,0.038461538461538464,25,25,GTTCGAGCTTGCTGCTAAAG,0,4627141
ybeDp,0.038461538461538464,25,25,GTCCTCGACCTACGCCCCTC,0,4634283
ybeDp,0.038461538461538464,25,25,GTCCAGAGGTTCCATATTAC,0,4610999
ybeDp,0.038461538461538464,25,25,GTCACGCAGACTCTTGGGCT,0,4677223
ybeDp,0.038461538461538464,25,25,GTCAATTTTGCTCAGTCGTT,0,4650045
ybeDp,0.038461538461538464,25,25,GTACTGACACGTCGGTAGTT,0,4624057
ybeDp,0.038461538461538464,25,25,GTACTCCTAGGGTTGACTAC,0,4607772
ybeDp,0.038461538461538464,25,25,GGGTGTATCCGGCCAGAGAC,0,4637942
ybeDp,0.038461538461538464,25,25,GGGAATCCCTTTAGCCAGTA,0,4668135
ybeDp,0.038461538461538464,25,25,GCGGACGCCATTTGCGGCAT,0,4607715
ybeDp,0.038461538461538464,25,25,GCGCATCATCGGGTATTTAA,0,4637973
ybeDp,0.038461538461538464,25,25,GATCGTAATTATTCTCTAAT,0,4676858
ybeDp,0.038461538461538464,25,25,GATACAGTCACGAGGCCAAG,0,4674090
ybeDp,0.038461538461538464,25,25,GAGGCTTAGAATCAATTAGG,0,4661019
ybeDp,0.038461538461538464,25,25,GACAGTCAAGCCTGCATTCA,0,4613940
ybeDp,0.038461538461538464,25,25,CTTTAATGCAAGTAAAGAGT,0,4680074
ybeDp,0.038461538461538464,25,25,CTGTGTGAAAGGGGCATACA,0,4640743
ybeDp,0.038461538461538464,25,25,CTAGGAGTACCTCGTCCGTA,0,4675294
ybeDp,0.038461538461538464,25,25,CGTCGCTTTGGGACCAGAGT,0,4611875
ybeDp,0.038461538461538464,25,25,CGTCAATGAGTGGCGAGATT,0,4603073
ybeDp,0.038461538461538464,25,25,CGCATCCACCTCCTAGGAAG,0,4608959
ybeDp,0.038461538461538464,25,25,CCCTCTCACAGCACCGGTAT,0,4613891
ybeDp,0.038461538461538464,25,25,CAGGCAACCGACGCTCATAC,0,4619826
ybeDp,0.038461538461538464,25,25,CAGGATCCCGAGTTCATAGA,0,4654060
ybeDp,0.038461538461538464,25,25,ATTTTCCTAGGGCGCCGCAA,0,4631753
ybeDp,0.038461538461538464,25,25,ATGTTATTAAGGTCTTCAGA,0,4657025
ybeDp,0.038461538461538464,25,25,ATCTTATTGCCGTTGTGGCC,0,4628026
ybeDp,0.038461538461538464,25,25,ATCGGACGTATTAACGTCAG,0,4658159
ybeDp,0.038461538461538464,25,25,AGTGCCCCCGGAGCTTCGGA,0,4683940
ybeDp,0.038461538461538464,25,25,AGGAGACTTTGTTTAAAAGT,0,4628626
ybeDp,0.038461538461538464,25,25,ACTGGAGTTACGATTTAGAC,0,4670935
ybeDp,0.038461538461538464,25,25,ACTGCCTTAGTGAGAGTTTA,0,4601950
ybeDp,0.038461538461538464,25,25,ACTCTGTCCTGACAGGGTGT,0,4665854
ybeDp,0.038461538461538464,25,25,ACTATCGTAGTGATGTAAGC,0,4655630
ybeDp,0.038461538461538464,25,25,ACCAACCGTCAATCAAAGCA,0,4617057
ybeDp,0.038461538461538464,25,25,AATGCGGACGGACTTTTGAG,0,4601200
ybeDp,0.038461538461538464,25,25,AATAATACCTTCAGCATCTA,0,4675606
ybeDp,0.038461538461538464,25,25,AAGTTCAGTGGTTGACGATT,0,4680207
ybeDp,0.038461538461538464,25,25,AAGTTAGGTCAGTCAAGATT,0,4674929
ybeDp,0.038461538461538464,25,25,AAGGGGCGGCCCGCAGGCGC,0,4634460
ybeDp,0.038461538461538464,25,25,AAGCTGGGTAGTGCAAGGGA,0,4648846
ybeDp,0.038461538461538464,25,25,AAGCGCGTCCTGTACGCGAG,0,4680284
ybeDp,0.038461538461538464,25,25,AACCTTTGAAACGGTGATAT,0,4674232
ybeDp,0.038461538461538464,25,25,AAACTAGCAACGATGCATCT,0,4604408
ybeDp,0.04,24,24,TTTACGAGGGCATTCAACTC,0,4613621
ybeDp,0.04,24,24,TTATCCGGAATCCGCTTAGT,0,4624172
ybeDp,0.04,24,24,TTACATGGTGGAGCCACGCA,0,4686131
ybeDp,0.04,24,24,TGTATACGTTAAACGAGCCT,0,4668877
ybeDp,0.04,24,24,TGCTCTAATGCTGGGAGTTG,0,4626973
ybeDp,0.04,24,24,TCGTGTCCATCTGAGCAGTC,0,4657051
ybeDp,0.04,24,24,TCAATCCGGCAGCGCTGTTC,0,4643915
ybeDp,0.04,24,24,TACAGAGCGAGAGTATCAAG,0,4679887
ybeDp,0.04,24,24,GTTGTACGTATACAGGGGAC,0,4626977
ybeDp,0.04,24,24,GTTCATGACGCACACAGATT,0,4616657
ybeDp,0.04,24,24,GTGGGCACGCCGTGTAGGGA,0,4611514
ybeDp,0.04,24,24,GTCGGGGATGGCAAGGCTTT,0,4609744
ybeDp,0.04,24,24,GGGTCTGGTCCTGTCAGAAG,0,4616227
ybeDp,0.04,24,24,GGGGCTTCACGTTGGCACAC,0,4608103
ybeDp,0.04,24,24,GGGCGAAGATTGCGTCGCGA,0,4669535
ybeDp,0.04,24,24,GCTTGCTGCTCCATCCCGTG,0,4648560
ybeDp,0.04,24,24,GCGTCTTTATCTTCGGTCAC,0,4649629
ybeDp,0.04,24,24,GCGCCACAGAGTTTCCATGA,0,4675910
ybeDp,0.04,24,24,GCCAGAGGCCTTCTGTCACT,0,4650276
ybeDp,0.04,24,24,GCATTATCTAGCATGGTTCG,0,4659908
ybeDp,0.04,24,24,GCAGGCGTCGGCAAGCGCGT,0,4646387
ybeDp,0.04,24,24,GCACCTTGTACTACGTAATG,0,4619830
ybeDp,0.04,24,24,GATATACTCGATGGTCGATC,0,4672454
ybeDp,0.04,24,24,GAGTGCGAGATGCGTAGGAA,0,4635826
ybeDp,0.04,24,24,GAGCACTCTTCCGAACTGAT,0,4638128
ybeDp,0.04,24,24,GAGATGCTTTGAGGGGATAC,0,4640957
ybeDp,0.04,24,24,GAGAAAGGATCTTCAGAAAC,0,4634287
ybeDp,0.04,24,24,GAACAGAAAGCTTCAGTGTG,0,4663158
ybeDp,0.04,24,24,CTGTAGGAGTATCCGGTAAT,0,4629064
ybeDp,0.04,24,24,CTGCACTGATGCCGACGGGA,0,4623762
ybeDp,0.04,24,24,CTATACCATCCTGTCAAGTT,0,4641948
ybeDp,0.04,24,24,CTACGTCTTCGGCATACGTC,0,4624314
ybeDp,0.04,24,24,CTACCTGGCGAGACTCATAG,0,4634224
ybeDp,0.04,24,24,CGTCGAGACTACGACAGCAA,0,4638327
ybeDp,0.04,24,24,CGTCGAAGCCCAATCAAAAC,0,4648977
ybeDp,0.04,24,24,CGTAACGTAAATGGATTCCA,0,4620066
ybeDp,0.04,24,24,CGCGAAGTCCATGCTCATAC,0,4636527
ybeDp,0.04,24,24,CGCCCTTTTAATGCGTGTGA,0,4648109
ybeDp,0.04,24,24,CCCAGCGCATGTTCCAGAAA,0,4602780
ybeDp,0.04,24,24,CCCAAAAAAGGTATGCACGC,0,4617204
ybeDp,0.04,24,24,CATTACTGCGGGTGGAACGA,0,4610556
ybeDp,0.04,24,24,CAGCATACAGCCCTAGACAG,0,4625380
ybeDp,0.04,24,24,CAAGCGCTTCCGGCCTTCAC,0,4663694
ybeDp,0.04,24,24,CAAAGAGAAATCATTCTTAC,0,4623930
ybeDp,0.04,24,24,ATTAGGGCGAATAGGGCCGG,0,4615173
ybeDp,0.04,24,24,ATGCTAGGTCTTTGAATAAC,0,4602304
ybeDp,0.04,24,24,ATCTACAGCACCTTCTCACT,0,4653151
ybeDp,0.04,24,24,ATATCCTTATAGGATGTATC,0,4616246
ybeDp,0.04,24,24,AGTTGGCTACTCAAAACGGT,0,4674615
ybeDp,0.04,24,24,AGTTCAGGGATCACCCTAGA,0,4656478
ybeDp,0.04,24,24,AGGCAGACAGATCCGCTCCA,0,4675156
ybeDp,0.04,24,24,AGCGACGCGTGCGCCAGACT,0,4634175
ybeDp,0.04,24,24,ACGCTTTACCGCTGTTGCCT,0,4605350
ybeDp,0.04,24,24,ACCACCGATAGTTAGGTCTA,0,4623327
ybeDp,0.04,24,24,ACAGTTGTGCGACATATCGG,0,4683987
ybeDp,0.04,24,24,ACAGACCCCACGAACACCCA,0,4616100
ybeDp,0.04,24,24,AATTGGTCGATATAAGGTTG,0,4616464
ybeDp,0.04,24,24,AAGGAGACTATTCGGTGGTT,0,4643520
ybeDp,0.04,24,24,AAGATGCACCCCGTCCCGGT,0,4646975
ybeDp,0.04,24,24,AACACCAGTACCTGAGACCC,0,4661389
ybeDp,0.041666666666666664,23,23,TTTATGATACGTTCCACAAC,0,4634960
ybeDp,0.041666666666666664,23,23,TTACTCAGACCCTAGTTGGA,0,4657723
ybeDp,0.041666666666666664,23,23,TTAAGTTGCATCACCAGGGA,0,4662484
ybeDp,0.041666666666666664,23,23,TTAAGCGCCACCAAGCTCAC,0,4685983
ybeDp,0.041666666666666664,23,23,TGGCGTTTGTGGCTGACGCG,0,4647188
ybeDp,0.041666666666666664,23,23,TGGACCCTGCCACTCAAGGG,0,4609452
ybeDp,0.041666666666666664,23,23,TGCGTACCCGCGGGGCGATC,0,4605616
ybeDp,0.041666666666666664,23,23,TCGTCTTGACTAATAATCTA,0,4602321
ybeDp,0.041666666666666664,23,23,TCGAGCTAGGCGCTGCATGT,0,4632250
ybeDp,0.041666666666666664,23,23,TCAAGTTTGGAAATGATCGG,0,4616794
ybeDp,0.041666666666666664,23,23,TATCCGACCGTGGTTGCCAT,0,4626064
ybeDp,0.041666666666666664,23,23,TATCACCAATATGAATTTTC,0,4612863
ybeDp,0.041666666666666664,23,23,TACTTATCTATGCAGCCCGA,0,4612509
ybeDp,0.041666666666666664,23,23,TAAGGAGCTACCCGATTCTT,0,4634052
ybeDp,0.041666666666666664,23,23,GTGTTCGCCGCACCCGTTAC,0,4641580
ybeDp,0.041666666666666664,23,23,GTGAGATCGACCTGCATAGC,0,4675609
ybeDp,0.041666666666666664,23,23,GTCTGGGTTCCTGGGAATTA,0,4674278
ybeDp,0.041666666666666664,23,23,GTAGGCCACTCACAGCCAGC,0,4602697
ybeDp,0.041666666666666664,23,23,GTAATGCGGTTTAGCGCCCT,0,4625428
ybeDp,0.041666666666666664,23,23,GGTTTACTTCCCCACAGTTG,0,4617983
ybeDp,0.041666666666666664,23,23,GGTGGTAAAGAAGAGCGTCT,0,4653318
ybeDp,0.041666666666666664,23,23,GGCCGGGGCCGCCTGACTAC,0,4612997
ybeDp,0.041666666666666664,23,23,GGCAGGGGCCAACCGGCGAG,0,4624611
ybeDp,0.041666666666666664,23,23,GGCAGGACCGACAGCACTCT,0,4685986
ybeDp,0.041666666666666664,23,23,GGACATCGTGTCCGTCCGAA,0,4669418
ybeDp,0.041666666666666664,23,23,GGAAGGGGTTGGGTCCCCGC,0,4613361
ybeDp,0.041666666666666664,23,23,GCGTTGTTGTCAGGATGCGA,0,4647480
ybeDp,0.041666666666666664,23,23,GCGAAACGGCGAAAATGTGG,0,4677309
ybeDp,0.041666666666666664,23,23,GCCCCTACCGGCATTCCCGT,0,4645493
ybeDp,0.041666666666666664,23,23,GCACCATTCCCGTCCCCCGG,0,4612787
ybeDp,0.041666666666666664,23,23,GATGATACCAACCTGAGACT,0,4681095
ybeDp,0.041666666666666664,23,23,GATCGTGCATAATGTGCACT,0,4637727
ybeDp,0.041666666666666664,23,23,GAGCATTTGGGACACCTAGT,0,4680128
ybeDp,0.041666666666666664,23,23,GAGAAACAGATCACGAGGTG,0,4620713
ybeDp,0.041666666666666664,23,23,GACCCTATCTCTGGATACGA,0,4636995
ybeDp,0.041666666666666664,23,23,CTTTACGGCCCGCTCCCGTC,0,4625746
ybeDp,0.041666666666666664,23,23,CTCACGCTGGCTGTTGGGAG,0,4624352
ybeDp,0.041666666666666664,23,23,CTCACGCAGGGTCTCCTCGG,0,4604642
ybeDp,0.041666666666666664,23,23,CTATCTGGCTAGACGTCGAC,0,4616127
ybeDp,0.041666666666666664,23,23,CGTTCATCGATAACCTTACA,0,4663803
ybeDp,0.041666666666666664,23,23,CGTCGCAAATGCCGTTGAGC,0,4640243
ybeDp,0.041666666666666664,23,23,CGCTTTCTCCTGAGTGCCGT,0,4632924
ybeDp,0.041666666666666664,23,23,CGCGGAATATTACCTATGAA,0,4649176
ybeDp,0.041666666666666664,23,23,CGCCTTATAGGTTTAAATAT,0,4620254
ybeDp,0.041666666666666664,23,23,CGCCAGGGAAGTGTCCGGCC,0,4675792
ybeDp,0.041666666666666664,23,23,CGCATCTAGCACAGGAAAAA,0,4655007
ybeDp,0.041666666666666664,23,23,CGAGGAGCAGTATGGGTGTA,0,4642046
ybeDp,0.041666666666666664,23,23,CCTGAACCTGTATTCCAGGA,0,4645121
ybeDp,0.041666666666666664,23,23,CCGTCTAGGTAGTATCGATT,0,4674559
ybeDp,0.041666666666666664,23,23,CCGGCTCGGAACCCTTGGTC,0,4647801
ybeDp,0.041666666666666664,23,23,CCCGAGTTTTATGGTTTTGA,0,4629982
ybeDp,0.041666666666666664,23,23,CCCGAAGCAACAAATCCGAC,0,4657487
ybeDp,0.041666666666666664,23,23,CCAGTGTACAAATGTGGATC,0,4647541
ybeDp,0.041666666666666664,23,23,CCAAGATAGGCTGGCTCAGA,0,4633658
ybeDp,0.041666666666666664,23,23,CATCCACAATTAGTGCATGA,0,4666960
ybeDp,0.041666666666666664,23,23,CAGGCTCCACCAGGAGCCAA,0,4660499
ybeDp,0.041666666666666664,23,23,CAGCCATCCAAGATGTTAGA,0,4612732
ybeDp,0.041666666666666664,23,23,CACCCGATATTCTATGTGAC,0,4622881
ybeDp,0.041666666666666664,23,23,CACCACCTCCTGGTTGGATA,0,4659773
ybeDp,0.041666666666666664,23,23,CACAGGTGTAACGCAGTATG,0,4616976
ybeDp,0.041666666666666664,23,23,CAACTATAGAGGGTGCTGAG,0,4615074
ybeDp,0.041666666666666664,23,23,CAAAACTCCTATCATCTCAT,0,4652724
ybeDp,0.041666666666666664,23,23,ATTATGTGTCGAATGCGGAC,0,4669645
ybeDp,0.041666666666666664,23,23,ATTATCACCACTGGGCGGGT,0,4608514
ybeDp,0.041666666666666664,23,23,ATCTGTTCAAGATGACGAAG,0,4650036
ybeDp,0.041666666666666664,23,23,ATCTGTAACGACGGGGTGGA,0,4651088
ybeDp,0.041666666666666664,23,23,ATCGGTGTTGGGTGGTCCTC,0,4610649
ybeDp,0.041666666666666664,23,23,ATCCCTGATACGCGGATCTC,0,4623938
ybeDp,0.041666666666666664,23,23,AGTGGCGCCAGCAATACAAA,0,4675197
ybeDp,0.041666666666666664,23,23,AGTGATTAACGAGTCGCAGT,0,4630209
ybeDp,0.041666666666666664,23,23,AGGTTAACGGGGACAATCCC,0,4687053
ybeDp,0.041666666666666664,23,23,AGGGCCTCTGCGGAAGTTAG,0,4603924
ybeDp,0.041666666666666664,23,23,AGAGAAGTCCGGTTCATGAA,0,4603782
ybeDp,0.041666666666666664,23,23,ACTTGTCCGCTCTCTGGTAA,0,4674180
ybeDp,0.041666666666666664,23,23,ACTGCAAACTTCAGCGCTTG,0,4623719
ybeDp,0.041666666666666664,23,23,ACTGATTCATGGCGCCGGGC,0,4646952
ybeDp,0.041666666666666664,23,23,ACATTTAATAACGGCAAGGA,0,4603250
ybeDp,0.041666666666666664,23,23,ACACCCGACCCATTCGTCGG,0,4602496
ybeDp,0.041666666666666664,23,23,AACTACCATTGAAAGCCTAA,0,4634053
ybeDp,0.041666666666666664,23,23,AACAGGCACTGTGGACGGAC,0,4609575
ybeDp,0.043478260869565216,22,22,TTTTCTAATGCGAGCACGAT,0,4604942
ybeDp,0.043478260869565216,22,22,TTGTGGACCGCACCGGCCTG,0,4621761
ybeDp,0.043478260869565216,22,22,TTGGCGCAGGATGAGATTCA,0,4673315
ybeDp,0.043478260869565216,22,22,TTACTTGAAGTGTATAGGAA,0,4614963
ybeDp,0.043478260869565216,22,22,TGTGGCATGGCGGAGCCCAG,0,4658858
ybeDp,0.043478260869565216,22,22,TGGTATGGTAGAAGTCGGAC,0,4615599
ybeDp,0.043478260869565216,22,22,TGGTAGTGGATACTGTGCGC,0,4646521
ybeDp,0.043478260869565216,22,22,TGGCCCGAAGCCCCGCCCAA,0,4625849
ybeDp,0.043478260869565216,22,22,TGGATGCGCATGTTTCGAAA,0,4682672
ybeDp,0.043478260869565216,22,22,TGGACGACAGAAACAGTCTA,0,4660505
ybeDp,0.043478260869565216,22,22,TGAGATGCGAGTTACCAACA,0,4618004
ybeDp,0.043478260869565216,22,22,TCTTGTGGAAATGAGATGTT,0,4651298
ybeDp,0.043478260869565216,22,22,TCGAGCCAACCCACCGCTCA,0,4607023
ybeDp,0.043478260869565216,22,22,TCCATCGGTCGAAGTTCGGC,0,4620012
ybeDp,0.043478260869565216,22,22,TCAGGGCATCAGTATCCCTT,0,4656879
ybeDp,0.043478260869565216,22,22,TCACATCGTACGAAATCAGT,0,4620082
ybeDp,0.043478260869565216,22,22,TATGTTGAAGATGAGGGGGT,0,4618687
ybeDp,0.043478260869565216,22,22,TACACGTCGCTGCTTTGTCG,0,4631239
ybeDp,0.043478260869565216,22,22,GTTCATATTCTGACACACTA,0,4604968
ybeDp,0.043478260869565216,22,22,GTTAAGGTCGCTCCGGGATT,0,4601557
ybeDp,0.043478260869565216,22,22,GTGTGATAGGTACCTAATGT,0,4644938
ybeDp,0.043478260869565216,22,22,GTGGTCCAGGTATCATCGTA,0,4610833
ybeDp,0.043478260869565216,22,22,GTCTAATTGCGTCCTCGGTA,0,4641452
ybeDp,0.043478260869565216,22,22,GTCCAGCGCTTAGGAAATGC,0,4624466
ybeDp,0.043478260869565216,22,22,GTAGAGAGACCTGAGAATTC,0,4642257
ybeDp,0.043478260869565216,22,22,GGTCAGTCTGTCGTTGTTCA,0,4628149
ybeDp,0.043478260869565216,22,22,GGCTCAATCTTTGGGATTGT,0,4658985
ybeDp,0.043478260869565216,22,22,GGAGGGAACAGCGCAATACA,0,4604485
ybeDp,0.043478260869565216,22,22,GGACGGCAGGATAATACACT,0,4612327
ybeDp,0.043478260869565216,22,22,GCGGAGTCCTGCTCATCATG,0,4659800
ybeDp,0.043478260869565216,22,22,GCGACGGCCTAGGTCTCCCG,0,4612471
ybeDp,0.043478260869565216,22,22,GCCCTTTGGGCACGTTGCCT,0,4603259
ybeDp,0.043478260869565216,22,22,GCCCACGAAGTATAAGGGCT,0,4629959
ybeDp,0.043478260869565216,22,22,GCAAAAAGCGAGGTGCCTGT,0,4671806
ybeDp,0.043478260869565216,22,22,GATCGAGCGCCAACGACCAA,0,4611606
ybeDp,0.043478260869565216,22,22,GATAATCAGCTTGTAAGTAC,0,4616850
ybeDp,0.043478260869565216,22,22,GAGTTGGCAAGGTTCTCGCA,0,4647320
ybeDp,0.043478260869565216,22,22,GAGTCCAAGACCGCACAACT,0,4609506
ybeDp,0.043478260869565216,22,22,GAGGCCGGGCCGGGCGTCAT,0,4610045
ybeDp,0.043478260869565216,22,22,GACACCACGGTACGGAACAT,0,4684203
ybeDp,0.043478260869565216,22,22,GAATGTTTACCGTGGCGGGT,0,4631754
ybeDp,0.043478260869565216,22,22,CTTTTTCATCGAATAGGCAG,0,4638612
ybeDp,0.043478260869565216,22,22,CTGTTGGAAGGGCGCCCTAT,0,4624711
ybeDp,0.043478260869565216,22,22,CTCGCAACCATATAGCCCCC,0,4639792
ybeDp,0.043478260869565216,22,22,CTAGTTAACGTGTACAGCTA,0,4673643
ybeDp,0.043478260869565216,22,22,CTAGTATAGCCATCGATTAG,0,4615375
ybeDp,0.043478260869565216,22,22,CTAGTACGATCCTCCTCGAG,0,4678154
ybeDp,0.043478260869565216,22,22,CTACATTGAGTAATTACCAG,0,4679471
ybeDp,0.043478260869565216,22,22,CGTTTCCTTGAGCTCTAAAT,0,4652078
ybeDp,0.043478260869565216,22,22,CGGCAGTAGGTGTGACCAAT,0,4612559
ybeDp,0.043478260869565216,22,22,CGCACCATGACGCTGGTAAT,0,4619734
ybeDp,0.043478260869565216,22,22,CGAGTAGGTGAGGTAGGCTC,0,4683958
ybeDp,0.043478260869565216,22,22,CGAGTACAGCGATTATAATC,0,4622377
ybeDp,0.043478260869565216,22,22,CGAAAAGCTATTTTGCGACA,0,4650631
ybeDp,0.043478260869565216,22,22,CCTTTTGTTCTAGTCGTGGA,0,4613703
ybeDp,0.043478260869565216,22,22,CCTTCATTATCCCGCGGATT,0,4659771
ybeDp,0.043478260869565216,22,22,CCTAACAGGAGTAGGTGGGG,0,4661834
ybeDp,0.043478260869565216,22,22,CCGTGTCTCTTTTAGGAAGA,0,4650798
ybeDp,0.043478260869565216,22,22,CCGAGCGCCAACCCTTTAGA,0,4666550
ybeDp,0.043478260869565216,22,22,CCCGCGCCACCTAGGATGAC,0,4601092
ybeDp,0.043478260869565216,22,22,CCCACTGGTTCATTTTACGT,0,4653150
ybeDp,0.043478260869565216,22,22,CCATGTTGATCAGCACGGCT,0,4674754
ybeDp,0.043478260869565216,22,22,CATCTCCGTTGCCGGAGTAA,0,4627850
ybeDp,0.043478260869565216,22,22,CATCCCGATTTTGTTCGTGT,0,4620436
ybeDp,0.043478260869565216,22,22,CAGTCGATTACAGCACAGTT,0,4659088
ybeDp,0.043478260869565216,22,22,CAGGGAATTTGATTCTCCAG,0,4608215
ybeDp,0.043478260869565216,22,22,CAGGCCCGGGCCATATGCAG,0,4646298
ybeDp,0.043478260869565216,22,22,CAGCCACTCCTTAGTATATG,0,4648394
ybeDp,0.043478260869565216,22,22,ATCGCTCAAACGATAGTGAT,0,4624807
ybeDp,0.043478260869565216,22,22,ATAACGAACAGCCCAGGGTC,0,4664638
ybeDp,0.043478260869565216,22,22,ATAACCGACCAAACAAATGT,0,4645003
ybeDp,0.043478260869565216,22,22,AGTTCTGTCTCCCAAACTGC,0,4615209
ybeDp,0.043478260869565216,22,22,AGTTAAGTAGAGATCGATTG,0,4657782
ybeDp,0.043478260869565216,22,22,AGTCGGGCCTTTTACGGAGG,0,4646122
ybeDp,0.043478260869565216,22,22,AGGGGTATACTCGGCCTCTA,0,4640700
ybeDp,0.043478260869565216,22,22,AGGGCTCTTTCGTCGGCCCT,0,4634132
ybeDp,0.043478260869565216,22,22,AGCTCTAACACTACCAGAGG,0,4633812
ybeDp,0.043478260869565216,22,22,AGATGTAACTCAGTTTCAGG,0,4603976
ybeDp,0.043478260869565216,22,22,AGAGTGGGCCACATATGCGT,0,4628373
ybeDp,0.043478260869565216,22,22,ACTTCTCAACAGAGTCGTAC,0,4634328
ybeDp,0.043478260869565216,22,22,ACGCTGGCGTCAGCCTGATG,0,4615206
ybeDp,0.043478260869565216,22,22,ACCGGGTTCTCTTCTTACTC,0,4607243
ybeDp,0.043478260869565216,22,22,ACCCCGTAAGTTTTCCTAGC,0,4602391
ybeDp,0.043478260869565216,22,22,ACCACCTAATGCGATATTCC,0,4602168
ybeDp,0.043478260869565216,22,22,ACAGAGGTTCAGATCATAAA,0,4659008
ybeDp,0.043478260869565216,22,22,AATAAGGAATGCTTCATAAC,0,4649826
ybeDp,0.043478260869565216,22,22,AAGTCAGTTATAAACCTGAT,0,4659154
ybeDp,0.043478260869565216,22,22,AAGTAGGCGTGGCGTGAATC,0,4605692
ybeDp,0.043478260869565216,22,22,AAGATGCCTTGGAAGCAATG,0,4641824
ybeDp,0.045454545454545456,21,21,TTTACCGACTCGCGATATGG,0,4680200
ybeDp,0.045454545454545456,21,21,TTGTCTAGTACACCTTCAGA,0,4641860
ybeDp,0.045454545454545456,21,21,TTGGTATGAGAGAAGGCTGG,0,4609764
ybeDp,0.045454545454545456,21,21,TTGATATGTCCCCAGAGACA,0,4637674
ybeDp,0.045454545454545456,21,21,TTCTATTGGCCTATCGTGTT,0,4602418
ybeDp,0.045454545454545456,21,21,TTCGCTATACACGATCTCTT,0,4638387
ybeDp,0.045454545454545456,21,21,TTAGTGATGTTAGCTGCCTA,0,4652980
ybeDp,0.045454545454545456,21,21,TTAAGCCGGATGTGTTGTCC,0,4614388
ybeDp,0.045454545454545456,21,21,TGTCTGCTCTAACCGCGCGT,0,4662637
ybeDp,0.045454545454545456,21,21,TGTCGTAGTTTTCAGACAAT,0,4616830
ybeDp,0.045454545454545456,21,21,TGGTAACCAGGAATTTCTCC,0,4632989
ybeDp,0.045454545454545456,21,21,TGGGTACGCAGTTCGGTAGG,0,4621875
ybeDp,0.045454545454545456,21,21,TGCTTCGCGTGAAAGTGTCA,0,4607719
ybeDp,0.045454545454545456,21,21,TGCGTCCCGCCCTCGGTGAA,0,4608012
ybeDp,0.045454545454545456,21,21,TGCCCCCGTGGACACATCTT,0,4608648
ybeDp,0.045454545454545456,21,21,TGCAACTGGAGCGATGGAGA,0,4661155
ybeDp,0.045454545454545456,21,21,TGATTATAGGCAAAGATTTT,0,4685982
ybeDp,0.045454545454545456,21,21,TGACAGGTACCCGCCGAGAG,0,4666297
ybeDp,0.045454545454545456,21,21,TGAACGTAGGCGATTGGAAG,0,4685415
ybeDp,0.045454545454545456,21,21,TCTTATTGATAGCCTACTCC,0,4659375
ybeDp,0.045454545454545456,21,21,TCTACCTGCGTGTACGGGGG,0,4632633
ybeDp,0.045454545454545456,21,21,TCGCGCGCCGGGACCCCATC,0,4665039
ybeDp,0.045454545454545456,21,21,TCGACCTATACGGTCAGGCT,0,4617470
ybeDp,0.045454545454545456,21,21,TCCTGTTGGGTAGAACGTTG,0,4679152
ybeDp,0.045454545454545456,21,21,TCCACCCTACGCAACCGCGT,0,4636378
ybeDp,0.045454545454545456,21,21,TCATTGTTCGGCTAGGCTAA,0,4609704
ybeDp,0.045454545454545456,21,21,TCATTAAACAGGGTATGGAC,0,4684195
ybeDp,0.045454545454545456,21,21,TCAATGGATACGTCGTTCGT,0,4617102
ybeDp,0.045454545454545456,21,21,TAATTCGTCACGCAATAAAG,0,4677946
ybeDp,0.045454545454545456,21,21,TAACAGTGATACCACAACGA,0,4656074
ybeDp,0.045454545454545456,21,21,GTTTAGAGGCCCGCGCACCA,0,4610453
ybeDp,0.045454545454545456,21,21,GTGGTTTCACGGGCCATCAT,0,4617623
ybeDp,0.045454545454545456,21,21,GTGGAATTGCGCGACGTACA,0,4670510
ybeDp,0.045454545454545456,21,21,GTCTTCGTGTCTGACCGGCA,0,4642114
ybeDp,0.045454545454545456,21,21,GTCTTACACGACCCATTCAC,0,4664089
ybeDp,0.045454545454545456,21,21,GTCTATAAGCCGGGATGGGA,0,4645064
ybeDp,0.045454545454545456,21,21,GTACGTGTCTTGATCGCGTG,0,4666116
ybeDp,0.045454545454545456,21,21,GGTTCAGAGGGGCTTGGTAG,0,4638955
ybeDp,0.045454545454545456,21,21,GGTAAGTGGACGTTTCTCTA,0,4614696
ybeDp,0.045454545454545456,21,21,GGGCTTTCCGTGGTAGAAAA,0,4617049
ybeDp,0.045454545454545456,21,21,GGCCACGAGAGGGCATTCAC,0,4614419
ybeDp,0.045454545454545456,21,21,GGAAAGTTTTGCTTGCCTGG,0,4664555
ybeDp,0.045454545454545456,21,21,GCTTTAGGCGTGATAACCGG,0,4629632
ybeDp,0.045454545454545456,21,21,GCTCGGCAGGGTACAGGTAT,0,4608611
ybeDp,0.045454545454545456,21,21,GAGGGTGTGGCCAGTCATAC,0,4669013
ybeDp,0.045454545454545456,21,21,GAGGCTATACGTATCCGGAT,0,4655108
ybeDp,0.045454545454545456,21,21,GACTGTTATTAGGTTAGAGG,0,4607922
ybeDp,0.045454545454545456,21,21,GACCGAACGTAAATTGGTTT,0,4674139
ybeDp,0.045454545454545456,21,21,GACATTGGTTTCTGGCGGTT,0,4608283
ybeDp,0.045454545454545456,21,21,GAACATAGGAGGGGCATCGA,0,4631352
ybeDp,0.045454545454545456,21,21,CTGTCTTTTTGCGATTGGGG,0,4663156
ybeDp,0.045454545454545456,21,21,CTGGGGGTAATCACCCACGA,0,4682772
ybeDp,0.045454545454545456,21,21,CTCTTTCACTGTGAGGGGAG,0,4634712
ybeDp,0.045454545454545456,21,21,CTCTCCCCGGGCTGGAGTTC,0,4670353
ybeDp,0.045454545454545456,21,21,CTCGGGTCTTCGCCGCAATC,0,4664931
ybeDp,0.045454545454545456,21,21,CTCCCTTTTATCCACTGGAC,0,4686202
ybeDp,0.045454545454545456,21,21,CTCCATGTAGTAGTTCATCG,0,4650845
ybeDp,0.045454545454545456,21,21,CTAAGGACGGTCTTATAGTC,0,4650626
ybeDp,0.045454545454545456,21,21,CTAAAGGTGTCGGACACTTG,0,4643900
ybeDp,0.045454545454545456,21,21,CGTGATTCAGGATAGTCGTG,0,4672189
ybeDp,0.045454545454545456,21,21,CGTGAGGATTATAAGTTATT,0,4682163
ybeDp,0.045454545454545456,21,21,CGTACAAAGCCTGTCAAGTT,0,4667297
ybeDp,0.045454545454545456,21,21,CGGTCTATCAGGGACCCTGC,0,4635491
ybeDp,0.045454545454545456,21,21,CGGGGCCTCTTCAAACCAAT,0,4608728
ybeDp,0.045454545454545456,21,21,CGGGAAAACTCTATCGTGAT,0,4679794
ybeDp,0.045454545454545456,21,21,CGGCTATTGGCAATAGTGGC,0,4601399
ybeDp,0.045454545454545456,21,21,CGGCAAGGCGGTTTCGAGCA,0,4648711
ybeDp,0.045454545454545456,21,21,CGAAAGGTAGAGTGGGTACT,0,4632233
ybeDp,0.045454545454545456,21,21,CCGTATGGTATTCCTAAGAA,0,4673016
ybeDp,0.045454545454545456,21,21,CCGTAAGTGCAGTGGAGGGG,0,4602572
ybeDp,0.045454545454545456,21,21,CCGATGCTTCTAAATGCAGT,0,4655869
ybeDp,0.045454545454545456,21,21,CCCGGCCTGTCGTGGAGCTT,0,4634896
ybeDp,0.045454545454545456,21,21,CCAGACGGCGGGCGTGTGAA,0,4619676
ybeDp,0.045454545454545456,21,21,CATCAAACTCAATTTGGAAT,0,4659054
ybeDp,0.045454545454545456,21,21,CAGATTATGACTCAAGTGCA,0,4623370
ybeDp,0.045454545454545456,21,21,CAAGTCGTGTTGCACTGTAT,0,4657209
ybeDp,0.045454545454545456,21,21,CAAACGCTAGAATACGCGTT,0,4633551
ybeDp,0.045454545454545456,21,21,ATTCGTTCACTCCCAGTTCA,0,4630634
ybeDp,0.045454545454545456,21,21,ATTATGATGAGGCCTTGTGT,0,4634291
ybeDp,0.045454545454545456,21,21,ATGTCTAATCAATTGGGGGA,0,4653406
ybeDp,0.045454545454545456,21,21,ATGACCGGTTGACATTTCAA,0,4623325
ybeDp,0.045454545454545456,21,21,ATGACCCACGGTGATATCCC,0,4684375
ybeDp,0.045454545454545456,21,21,AGTTGAGCCATTGCATGTAT,0,4677907
ybeDp,0.045454545454545456,21,21,AGGTTCACGGCTTCAATCAC,0,4635780
ybeDp,0.045454545454545456,21,21,AGGCACTAGCTACAACGTAG,0,4607846
ybeDp,0.045454545454545456,21,21,AGCTCTATACAGTTCGTAAA,0,4621999
ybeDp,0.045454545454545456,21,21,AGCACTCAGACATCAAAAAA,0,4644118
ybeDp,0.045454545454545456,21,21,AGCAACTTCAAATCCTTAAG,0,4651361
ybeDp,0.045454545454545456,21,21,AGCAAAAGTTGGCTGACTTG,0,4676922
ybeDp,0.045454545454545456,21,21,AGATGATAACCGATACTGAG,0,4620889
ybeDp,0.045454545454545456,21,21,AGAAGGCAAGCGGGGGCGCA,0,4625508
ybeDp,0.045454545454545456,21,21,ACGATTTGGATCGGTCCGTC,0,4660348
ybeDp,0.045454545454545456,21,21,ACGACTTGAACGTGCCGTGC,0,4646083
ybeDp,0.045454545454545456,21,21,ACCTCAGACAGTAATATGGC,0,4602648
ybeDp,0.045454545454545456,21,21,AATCATGCCTGTTCTTGCAA,0,4625878
ybeDp,0.045454545454545456,21,21,AATCACCTTTGTCGGATAAC,0,4653825
ybeDp,0.045454545454545456,21,21,AATACTATCGACCCTTTGAC,0,4611519
ybeDp,0.045454545454545456,21,21,AAGAGGGGATCCATGTTGCT,0,4607371
ybeDp,0.045454545454545456,21,21,AAATGCCCTAGTGGAGAGGA,0,4682734
ybeDp,0.045454545454545456,21,21,AAAGTCACTTCTACCCCACC,0,4627126
ybeDp,0.047619047619047616,20,20,TTTCCCGAACTATTTTCTAC,0,4657151
ybeDp,0.047619047619047616,20,20,TTTACTGAGCGTTTTTAGAG,0,4624653
ybeDp,0.047619047619047616,20,20,TTGGTTTCATTCGACAAGAT,0,4643817
ybeDp,0.047619047619047616,20,20,TTGGTGTTCCTCCAGTAAGG,0,4613328
ybeDp,0.047619047619047616,20,20,TTGAGGTGGCATTCAGTGAC,0,4634852
ybeDp,0.047619047619047616,20,20,TTCACCATTTTTTGTCGAAC,0,4638466
ybeDp,0.047619047619047616,20,20,TTAGTTTAGGTTTCCAAGGA,0,4685103
ybeDp,0.047619047619047616,20,20,TTAAGGGGCATGGGGAAGGG,0,4633464
ybeDp,0.047619047619047616,20,20,TGTTGACACAGACGCAGCGA,0,4645127
ybeDp,0.047619047619047616,20,20,TGTTACACGCTTTCCAAAAA,0,4622312
ybeDp,0.047619047619047616,20,20,TGTCGAACCTCGAAGGCATG,0,4666643
ybeDp,0.047619047619047616,20,20,TGTACGCAAGAATGGGGATG,0,4677272
ybeDp,0.047619047619047616,20,20,TGTAAAGTTGACAGACACCG,0,4642480
ybeDp,0.047619047619047616,20,20,TGCTCGATAAAGTACCTTGG,0,4646154
ybeDp,0.047619047619047616,20,20,TGCAGTTATCATAGCTTACC,0,4622805
ybeDp,0.047619047619047616,20,20,TGCACGGAGCCGGGTAAAAG,0,4666732
ybeDp,0.047619047619047616,20,20,TGACGCTGCTACTAAAGCTC,0,4655366
ybeDp,0.047619047619047616,20,20,TGACCCCCTGATAAAGATAA,0,4631015
ybeDp,0.047619047619047616,20,20,TCTTCCGGACTTAGTAGATT,0,4616103
ybeDp,0.047619047619047616,20,20,TCTTATATTAGAGGTGGTCC,0,4606264
ybeDp,0.047619047619047616,20,20,TCCTGCCGTAGTACTTTATT,0,4646848
ybeDp,0.047619047619047616,20,20,TCATGCTTCAGCGAGTAACT,0,4608643
ybeDp,0.047619047619047616,20,20,TCATCAGCTTGGTAACCTGG,0,4645796
ybeDp,0.047619047619047616,20,20,TCACACTGCGAGGACAATAC,0,4617505
ybeDp,0.047619047619047616,20,20,TCAAGCGAGGGGTCCTCGAG,0,4629398
ybeDp,0.047619047619047616,20,20,TATTTGATGGGGCAATCAGA,0,4642350
ybeDp,0.047619047619047616,20,20,TATTTCGTTCCGGCAGGGGT,0,4665750
ybeDp,0.047619047619047616,20,20,TATTTAGTTTTGGACTAGGA,0,4677079
ybeDp,0.047619047619047616,20,20,TATTGCTCTGCAGCAGGAGA,0,4613514
ybeDp,0.047619047619047616,20,20,TATGTATCCACTCGCCCGGG,0,4601501
ybeDp,0.047619047619047616,20,20,TAGTTGGAGGTTAACGGTGT,0,4658924
ybeDp,0.047619047619047616,20,20,TAGAGACTGTCCGTTGAGGT,0,4665740
ybeDp,0.047619047619047616,20,20,TACGTGAGCTATATGGACAA,0,4659470
ybeDp,0.047619047619047616,20,20,TACGACTCGAATCAAATGGG,0,4626690
ybeDp,0.047619047619047616,20,20,TACCCTTACATATGGCCGTG,0,4636845
ybeDp,0.047619047619047616,20,20,TACATGTAACGGTTTCTAGC,0,4612083
ybeDp,0.047619047619047616,20,20,TAAACATCCTGATTTGTCAG,0,4681123
ybeDp,0.047619047619047616,20,20,TAAAAGGCATTAAGGGCTTC,0,4643070
ybeDp,0.047619047619047616,20,20,GTTCGTTTATTATGATAGGG,0,4619751
ybeDp,0.047619047619047616,20,20,GTTACAATTGCGTTTAGATT,0,4654539
ybeDp,0.047619047619047616,20,20,GTGCCACTTCGGATCAACAT,0,4661840
ybeDp,0.047619047619047616,20,20,GTCTCGGGAATAGCGAGTTA,0,4647935
ybeDp,0.047619047619047616,20,20,GTCTATGGGTAATTTCTTCA,0,4617268
ybeDp,0.047619047619047616,20,20,GTCGCCCATGCAGAATGCCC,0,4664965
ybeDp,0.047619047619047616,20,20,GTCCTTGGGCCGCATTGATA,0,4659620
ybeDp,0.047619047619047616,20,20,GGTATCTGTATGTGTTGGGG,0,4608010
ybeDp,0.047619047619047616,20,20,GGGCTCCCTCCGGCACCCTC,0,4653257
ybeDp,0.047619047619047616,20,20,GGGCATTGGGGGGCAGCGGT,0,4612522
ybeDp,0.047619047619047616,20,20,GGGATGTAGATTTGGCTGCT,0,4605406
ybeDp,0.047619047619047616,20,20,GGCGCCCCCACAATCAATTG,0,4628583
ybeDp,0.047619047619047616,20,20,GGCCCGCGGTGCACAAACAA,0,4636383
ybeDp,0.047619047619047616,20,20,GGCAGCACAAGCGCGACTGT,0,4607658
ybeDp,0.047619047619047616,20,20,GCTTCCGTCTGCGTTTGGTG,0,4615659
ybeDp,0.047619047619047616,20,20,GCGTATTTGGGTAGTATGGT,0,4660038
ybeDp,0.047619047619047616,20,20,GCCGGAGTGTTAGCGTGAGA,0,4611573
ybeDp,0.047619047619047616,20,20,GCATCGGCTCATACCGTGTA,0,4633219
ybeDp,0.047619047619047616,20,20,GATTTGAAATTGTCTTCGTA,0,4648494
ybeDp,0.047619047619047616,20,20,GATGCGTCTTTGGTAAACGG,0,4649165
ybeDp,0.047619047619047616,20,20,GACGGGCCGAAGCTCCCATG,0,4604155
ybeDp,0.047619047619047616,20,20,GAAAGAGCGACGTACGGAGT,0,4632297
ybeDp,0.047619047619047616,20,20,CTTGGGTGTTCCCAACTGAG,0,4602701
ybeDp,0.047619047619047616,20,20,CTTCAGGTCCGCCGTTTTGG,0,4650434
ybeDp,0.047619047619047616,20,20,CTGTCAATAACTTCTCCCGA,0,4611442
ybeDp,0.047619047619047616,20,20,CTCTAGGTGGACTCCAAGCG,0,4681980
ybeDp,0.047619047619047616,20,20,CTCGATTTCTCGAAGACGGA,0,4635307
ybeDp,0.047619047619047616,20,20,CTATATTGTGGCGTCACTGT,0,4650604
ybeDp,0.047619047619047616,20,20,CTAGCACACTGGTAGCCTAC,0,4661205
ybeDp,0.047619047619047616,20,20,CTACGTATCTAAATTCACCG,0,4667013
ybeDp,0.047619047619047616,20,20,CTAAGGGTGTTCGGGGGCTA,0,4643682
ybeDp,0.047619047619047616,20,20,CGGCCAAGCCAGATTCCCAT,0,4672903
ybeDp,0.047619047619047616,20,20,CGGCCAACGGGTCGTTAATT,0,4645098
ybeDp,0.047619047619047616,20,20,CGGAGGCTAGAATGCAGAAA,0,4611110
ybeDp,0.047619047619047616,20,20,CGGAGGATTCCTGGGCTATA,0,4640172
ybeDp,0.047619047619047616,20,20,CGCCGGTAGGACAGCGCTGA,0,4630884
ybeDp,0.047619047619047616,20,20,CGATGATGTCACGACATATA,0,4624605
ybeDp,0.047619047619047616,20,20,CGAAGCAGCTATGCGGTCTG,0,4613598
ybeDp,0.047619047619047616,20,20,CCGTTCTAAGATCTCAGAAG,0,4627495
ybeDp,0.047619047619047616,20,20,CCGCTAAAACTTTCCACATT,0,4603238
ybeDp,0.047619047619047616,20,20,CCCGGTTCAATTCGGTTGCT,0,4663609
ybeDp,0.047619047619047616,20,20,CATTTGGTGTTCTGGATAAA,0,4613808
ybeDp,0.047619047619047616,20,20,CATGGCATGCAACACATTTT,0,4624263
ybeDp,0.047619047619047616,20,20,CATAGGGGAAGGCCTCTCGA,0,4664068
ybeDp,0.047619047619047616,20,20,CAGTTCAAAGCGTTTTGACG,0,4605964
ybeDp,0.047619047619047616,20,20,CACTGGATCTCGGCCCGTGA,0,4671630
ybeDp,0.047619047619047616,20,20,CACCGTGTCGCACTAGCAAA,0,4619644
ybeDp,0.047619047619047616,20,20,CACACCGGTATTGATAAAAG,0,4620138
ybeDp,0.047619047619047616,20,20,ATTCCTCTAATGCTAGGATG,0,4603670
ybeDp,0.047619047619047616,20,20,ATGGGGGGACTTTTCACCTA,0,4633877
ybeDp,0.047619047619047616,20,20,ATGGGGCACCAGCCACATCT,0,4628082
ybeDp,0.047619047619047616,20,20,ATGCTGGATACCTTCCACGT,0,4646497
ybeDp,0.047619047619047616,20,20,ATGCATTCAAGAGAGCAGCA,0,4633447
ybeDp,0.047619047619047616,20,20,ATGAAGCTTGTCGCCGCCTA,0,4660332
ybeDp,0.047619047619047616,20,20,ATCTAGGCTTGCCTCGCGAG,0,4658410
ybeDp,0.047619047619047616,20,20,ATATGCGGGGAGGTACGAGA,0,4643292
ybeDp,0.047619047619047616,20,20,ATACCGGGAGTGACCTGACT,0,4605739
ybeDp,0.047619047619047616,20,20,ATAATCTAAAAAATATGCAG,0,4607572
ybeDp,0.047619047619047616,20,20,AGTTATACTCTCGCATTGCT,0,4606914
ybeDp,0.047619047619047616,20,20,AGTGAGTAAAAAGGTTCATA,0,4661020
ybeDp,0.047619047619047616,20,20,AGTCCACTATCGCTTTGCAA,0,4637382
ybeDp,0.047619047619047616,20,20,AGTATTGAACAGCATCGCTC,0,4626280
ybeDp,0.047619047619047616,20,20,AGGTGTGGAGGCCGGTTATT,0,4641822
ybeDp,0.047619047619047616,20,20,AGGAACTAAACGGTATGAAA,0,4651897
ybeDp,0.047619047619047616,20,20,AGCGGTAACGTCCGGACTTG,0,4607953
ybeDp,0.047619047619047616,20,20,AGCGCGGATGGTCACGCCTT,0,4662786
ybeDp,0.047619047619047616,20,20,AGCAGCTTCGCCCTTTAGTC,0,4657868
ybeDp,0.047619047619047616,20,20,ACTAAGGCGTCTACAAGACA,0,4654259
ybeDp,0.047619047619047616,20,20,ACGTACTGGTGTGCGCTTTA,0,4660132
ybeDp,0.047619047619047616,20,20,ACGTAAGACGTAATTCGAAA,0,4661966
ybeDp,0.047619047619047616,20,20,ACCTTGCGGACAACAACGCT,0,4656067
ybeDp,0.047619047619047616,20,20,ACCTGGCGCTGCGTTCTGAT,0,4646559
ybeDp,0.047619047619047616,20,20,ACCGGTCTCAATGAAGCATC,0,4677506
ybeDp,0.047619047619047616,20,20,ACACAGGATTGATCTAGGAT,0,4677219
ybeDp,0.047619047619047616,20,20,AATGCGAGCATTCTTATCAA,0,4645276
ybeDp,0.047619047619047616,20,20,AATGAAACCCCCCAACGAGG,0,4668499
ybeDp,0.047619047619047616,20,20,AAGTAACGTATGGAAAGGCT,0,4652768
ybeDp,0.047619047619047616,20,20,AAGCAGCCCTTTACAGTTCT,0,4647235
ybeDp,0.047619047619047616,20,20,AAGATAATATTTCATCGGAG,0,4662573
ybeDp,0.047619047619047616,20,20,AACGATTTTCTCGTTCCTTC,0,4619283
ybeDp,0.047619047619047616,20,20,AACCGTTAGTCTATGTACTG,0,4608485
ybeDp,0.047619047619047616,20,20,AACAGAGCTGAACGTCGTGA,0,4613580
ybeDp,0.047619047619047616,20,20,AAACTTGGGGGAATACCGAG,0,4661794
ybeDp,0.047619047619047616,20,20,AAAAGTTGCCGGCTAACTGT,0,4621640
ybeDp,0.05,19,19,TTTTGGTCCACTCCTCGAGA,0,4634682
ybeDp,0.05,19,19,TTGTCGGGCTAGATGTTAGC,0,4649554
ybeDp,0.05,19,19,TTGGGTTTATATCCTCTCGT,0,4620316
ybeDp,0.05,19,19,TTGGGGCTGCAAAGGGGGAG,0,4683642
ybeDp,0.05,19,19,TTCGCATTCATGTCTTTTCA,0,4602360
ybeDp,0.05,19,19,TTACCGAGGCCTTGGAAAAC,0,4629714
ybeDp,0.05,19,19,TTAACGTAGTCGCCTTGGGT,0,4626211
ybeDp,0.05,19,19,TTAAAGTCCGGTCCAAAGGC,0,4610780
ybeDp,0.05,19,19,TGTGGGAATTGTCTGTATAA,0,4658493
ybeDp,0.05,19,19,TGTAGCCCTGTGTATATTCA,0,4605398
ybeDp,0.05,19,19,TGGTATTAATTATCAGGATC,0,4655217
ybeDp,0.05,19,19,TGGGTATTGGCGAAAGAATA,0,4684816
ybeDp,0.05,19,19,TGGAGGAAGGTCCAAGGGGC,0,4683834
ybeDp,0.05,19,19,TGCTTTTTACGGAAGACACA,0,4668506
ybeDp,0.05,19,19,TGCCTACCAACACGATTTTG,0,4623087
ybeDp,0.05,19,19,TGCACAAGTACGTATATTGC,0,4681548
ybeDp,0.05,19,19,TGCAAGTTTAATGTCCGTTA,0,4645993
ybeDp,0.05,19,19,TGATGTGTGTTACGGTAGGC,0,4652840
ybeDp,0.05,19,19,TGATGTATGCGCTTCTATCT,0,4649385
ybeDp,0.05,19,19,TGATGCAACGCCCTACCCAA,0,4687525
ybeDp,0.05,19,19,TCTTTAGCAACAGTTGACTC,0,4620428
ybeDp,0.05,19,19,TCTGGTCGATTAAACTCAGA,0,4613417
ybeDp,0.05,19,19,TCGCTTCCTTCCTTCCAAAC,0,4606530
ybeDp,0.05,19,19,TCGCACGATGAAGCTTACAG,0,4644857
ybeDp,0.05,19,19,TCGATACGTCCACATTACTA,0,4658532
ybeDp,0.05,19,19,TCCCCGATCGCCGTGAGCGG,0,4647281
ybeDp,0.05,19,19,TCATTATATCTCGCACATGA,0,4611211
ybeDp,0.05,19,19,TCATGATCCACTAGCGGTTC,0,4627804
ybeDp,0.05,19,19,TCAGGGTCTGCAAGAAAACG,0,4645032
ybeDp,0.05,19,19,TATTTGGTCCACGGATACGG,0,4613595
ybeDp,0.05,19,19,TATTAACCGGTCACAAAAGT,0,4644903
ybeDp,0.05,19,19,TATGGGAATAATTATTGCTG,0,4644877
ybeDp,0.05,19,19,TATCGTTATAAATTCCACGT,0,4669529
ybeDp,0.05,19,19,TACTCGCTATCTATCTGAAA,0,4629180
ybeDp,0.05,19,19,TACAAGTCGTACCTTGCTTA,0,4665902
ybeDp,0.05,19,19,GTTAAACGCTGGTTTCTGCC,0,4611410
ybeDp,0.05,19,19,GTGTATAGGCGACGTCGAAT,0,4602577
ybeDp,0.05,19,19,GTGGCTGGAAGACGTTCTTA,0,4676426
ybeDp,0.05,19,19,GTGCTCAAACTGGCGCGAAA,0,4600837
ybeDp,0.05,19,19,GTCCACGCGTTGCCAGCAAG,0,4675322
ybeDp,0.05,19,19,GTAGTAGGAATATAGTCTCA,0,4628144
ybeDp,0.05,19,19,GTAGGAACAGGGCGGGGGAC,0,4673974
ybeDp,0.05,19,19,GGTATGGCTTATTGGACAGT,0,4643593
ybeDp,0.05,19,19,GGGGACTAGAAATTTAGAAG,0,4647353
ybeDp,0.05,19,19,GGGGACGAGCCGGTTCTTCT,0,4618154
ybeDp,0.05,19,19,GGGATCTATTGCGTTAAGAT,0,4666923
ybeDp,0.05,19,19,GGGAGTATTCTGTCCAAGCT,0,4604653
ybeDp,0.05,19,19,GGGAGAAGCTACTACGCGAA,0,4687361
ybeDp,0.05,19,19,GGCTATGCGCCCGGTAATTC,0,4639588
ybeDp,0.05,19,19,GGCGGCCTCGAACTTGTTGA,0,4665217
ybeDp,0.05,19,19,GGCATACGTTGCAAGTACAA,0,4612362
ybeDp,0.05,19,19,GGCAGAGCACCTGTAACGTA,0,4684296
ybeDp,0.05,19,19,GGATAGGGACGAGGCAAGCC,0,4633780
ybeDp,0.05,19,19,GGAGAACTCCAGATCGAGCC,0,4618222
ybeDp,0.05,19,19,GGAAGGTTCACCGGCTAAAA,0,4601216
ybeDp,0.05,19,19,GCTTTTCTCGTTAAGTCTGG,0,4624107
ybeDp,0.05,19,19,GCCTCTCGGTGCCAGACCCT,0,4651576
ybeDp,0.05,19,19,GCCCGCAGTCGTCATCATGG,0,4663380
ybeDp,0.05,19,19,GCAAATGGGTCTCGCCAAAG,0,4650371
ybeDp,0.05,19,19,GATTAACAAGTGATCGGGTG,0,4664668
ybeDp,0.05,19,19,GACTGGGTTTCGCCGTGAAA,0,4680446
ybeDp,0.05,19,19,GACTACCACATTTAGGAGAT,0,4648890
ybeDp,0.05,19,19,GACCGATCCGGACAGGTGCT,0,4677845
ybeDp,0.05,19,19,GACCACTCCCGAGTTCGTTT,0,4616157
ybeDp,0.05,19,19,GAAGGCGATGTGTTTACTAT,0,4648538
ybeDp,0.05,19,19,GAAGACTGGTGCCCAAGGCT,0,4643688
ybeDp,0.05,19,19,GAACGATTCAAATATAAGTC,0,4680099
ybeDp,0.05,19,19,GAACATCCGACTACTATTCA,0,4617877
ybeDp,0.05,19,19,GAACAGTAGTAACCATCTGG,0,4646002
ybeDp,0.05,19,19,GAAACCGGTCATCCTGCTGA,0,4608113
ybeDp,0.05,19,19,CTTTGAGGGCGCCTGGATTG,0,4625016
ybeDp,0.05,19,19,CTTGTATTTCGTTGCGTAGA,0,4623926
ybeDp,0.05,19,19,CTTCACACCGGCTCCCACAA,0,4620320
ybeDp,0.05,19,19,CTGGTCGTCAAGGACCTCTT,0,4680216
ybeDp,0.05,19,19,CTCTTACTAGTTCGGTGATT,0,4600953
ybeDp,0.05,19,19,CTCTGTCGATATGCCCCGAC,0,4674438
ybeDp,0.05,19,19,CTCGGCCCGTCATTCTCATT,0,4622314
ybeDp,0.05,19,19,CTCATGAATTCTTCCACGCG,0,4616834
ybeDp,0.05,19,19,CTATCGAAAGATTGCGAGTA,0,4631092
ybeDp,0.05,19,19,CTACATCTTTTCATCCTCGG,0,4621818
ybeDp,0.05,19,19,CTAAATCGGAGGTAAGATCA,0,4608155
ybeDp,0.05,19,19,CGTTCCGAAGGTTCGATAGA,0,4678136
ybeDp,0.05,19,19,CGTGGTTTTTTAACCGAAAC,0,4661175
ybeDp,0.05,19,19,CGGGGTATTGACATACGTAA,0,4645293
ybeDp,0.05,19,19,CGGGACTATTGCATGACGTA,0,4684136
ybeDp,0.05,19,19,CGGCATTTGGAGGAGGCTCT,0,4632476
ybeDp,0.05,19,19,CGGAGAAGCTAGGAGGAATA,0,4647261
ybeDp,0.05,19,19,CGCAGGAAGGACAACAGGGG,0,4601889
ybeDp,0.05,19,19,CGCAATAGTGGGGACTGTAG,0,4670156
ybeDp,0.05,19,19,CGAACAAACTACTCCGGTGT,0,4680380
ybeDp,0.05,19,19,CGAAAATTACGGATAGAGAA,0,4648758
ybeDp,0.05,19,19,CCTTGGCAGCCTATACGCAT,0,4610737
ybeDp,0.05,19,19,CCTTATACTTAACAGCGCTA,0,4646119
ybeDp,0.05,19,19,CCTTAGGTCCAGCCAGATAC,0,4605430
ybeDp,0.05,19,19,CCTCTGCCAGGAATAACTAT,0,4613033
ybeDp,0.05,19,19,CCGTGGATCACGTTCAGAAG,0,4611771
ybeDp,0.05,19,19,CCGGTGTGTGTCCTCATGGG,0,4638408
ybeDp,0.05,19,19,CCGGCGTCGGACATTGGGGG,0,4667415
ybeDp,0.05,19,19,CCGGATGCGCATACACTACA,0,4639986
ybeDp,0.05,19,19,CCGACGAGTCCGAGGATCAG,0,4607918
ybeDp,0.05,19,19,CCCTGGTGGCCAAGTGGGCT,0,4621996
ybeDp,0.05,19,19,CCAGAAAACTACTTGATTGC,0,4635193
ybeDp,0.05,19,19,CCACTACGTGGGTGGGGAGA,0,4638240
ybeDp,0.05,19,19,CCACCCTTACGGGACGGAAA,0,4612355
ybeDp,0.05,19,19,CCAATTGGGGGATTGGAAGT,0,4624878
ybeDp,0.05,19,19,CATTTGCCCGCCGTTAGTGA,0,4635555
ybeDp,0.05,19,19,CATCGAAAAGCAAATGTGCC,0,4638873
ybeDp,0.05,19,19,CAGTTGAGGGTTAACTTTTC,0,4609308
ybeDp,0.05,19,19,CAGTTCATCACCGGCGGACC,0,4611452
ybeDp,0.05,19,19,CAGCAGCTTTTCCTGAAGGT,0,4631096
ybeDp,0.05,19,19,CAGAGTTGGATTCCTAATGG,0,4633147
ybeDp,0.05,19,19,CACTTCGTGTCTGAATGTTC,0,4634713
ybeDp,0.05,19,19,CACCGGTGGTCTACTCTAAG,0,4627536
ybeDp,0.05,19,19,ATTTGCACTGTATCTCTCAT,0,4607028
ybeDp,0.05,19,19,ATTGTGCACGATAACTGGTT,0,4686085
ybeDp,0.05,19,19,ATGCTATGAAGTTAAACCAC,0,4603382
ybeDp,0.05,19,19,ATGCAGGTGCTCGCTTGTTC,0,4638064
ybeDp,0.05,19,19,ATCTTTATACACTGGCTCAG,0,4618219
ybeDp,0.05,19,19,ATCCAAAAATCGACGTAATT,0,4613630
ybeDp,0.05,19,19,ATATCGTAATGGGGGTCGTG,0,4659478
ybeDp,0.05,19,19,AGTGGCGTCTACCCTGACGG,0,4647729
ybeDp,0.05,19,19,AGGTGGGCGCGTATATCCGT,0,4632532
ybeDp,0.05,19,19,AGGGATGATGTCGCTTATAG,0,4616974
ybeDp,0.05,19,19,AGGCCTTGTATTGAGAAATT,0,4680518
ybeDp,0.05,19,19,AGGACACACTTTGATTATAA,0,4666114
ybeDp,0.05,19,19,AGCTGAGAGACGTGATGCCC,0,4653910
ybeDp,0.05,19,19,AGCGGACAACAGATGGTGGC,0,4654021
ybeDp,0.05,19,19,AGATATACATGGTCAGATAT,0,4644690
ybeDp,0.05,19,19,AGAGTGCAGCAGTCAGCCAA,0,4640830
ybeDp,0.05,19,19,AGACTGTGCGCTATATGGGA,0,4600769
ybeDp,0.05,19,19,AGACCACGCACGTAGTGTAA,0,4673538
ybeDp,0.05,19,19,ACTTCCTTTGTGGGGGGTCG,0,4616534
ybeDp,0.05,19,19,ACTGGATACGCTGGCGAGCC,0,4636657
ybeDp,0.05,19,19,ACGTAGAATGTGATGCATAT,0,4631105
ybeDp,0.05,19,19,ACGCCGCCGATGCATTGTTC,0,4667336
ybeDp,0.05,19,19,ACGATATTTATACCAAGTCG,0,4629313
ybeDp,0.05,19,19,ACGAGTAACGAGTAAGCAGA,0,4633600
ybeDp,0.05,19,19,ACGAGGAATTTTTCGGTCCG,0,4656150
ybeDp,0.05,19,19,ACATACACGTGCCAGCAAAG,0,4662607
ybeDp,0.05,19,19,ACAGCTCTCTGCTGTTGACA,0,4663961
ybeDp,0.05,19,19,AATTCCTTTGTTCCTATCCG,0,4634164
ybeDp,0.05,19,19,AATGTACCCAGCTTGCGGTT,0,4654551
ybeDp,0.05,19,19,AATGCGTCGTGTTCATCGGT,0,4687070
ybeDp,0.05,19,19,AAGGTATAGTCTACATGTGC,0,4673871
ybeDp,0.05,19,19,AAGGGGAGACTTATAGGCGT,0,4666115
ybeDp,0.05,19,19,AAGCTCCAGCAACCCACAGA,0,4602946
ybeDp,0.05,19,19,AACGGTAAGCACTTTCGTTC,0,4605066
ybeDp,0.05263157894736842,18,18,TTTTGGAACTTCTAGTAGAT,0,4665885
ybeDp,0.05263157894736842,18,18,TTGTTGCGAAACCGGCACTT,0,4631135
ybeDp,0.05263157894736842,18,18,TTGCATTGGTAGGTGGGAAT,0,4604606
ybeDp,0.05263157894736842,18,18,TTGCATTGGAGTGCTTGTAG,0,4649293
ybeDp,0.05263157894736842,18,18,TTGAGGGTGTATTTCGAATA,0,4682671
ybeDp,0.05263157894736842,18,18,TTCTCTATTCATGAGGATGC,0,4663537
ybeDp,0.05263157894736842,18,18,TTCCATGGCTCCGGTTTCAA,0,4616198
ybeDp,0.05263157894736842,18,18,TTCCAGCAGAATGATCGTGG,0,4636329
ybeDp,0.05263157894736842,18,18,TTCACGATGCGTGCGCCCTG,0,4612004
ybeDp,0.05263157894736842,18,18,TTATTTCGCATCGTCAGAAC,0,4670652
ybeDp,0.05263157894736842,18,18,TTATTCCTTCACTCCGTTTT,0,4651233
ybeDp,0.05263157894736842,18,18,TTATTCCGCGAGCGCAATCG,0,4645922
ybeDp,0.05263157894736842,18,18,TTAGCTCTACTGGTAAGAAG,0,4669507
ybeDp,0.05263157894736842,18,18,TGTTAGTGTGGAGTCTTCTC,0,4668811
ybeDp,0.05263157894736842,18,18,TGGTGAACTTTACAGCAAAC,0,4670387
ybeDp,0.05263157894736842,18,18,TGGTATGCAAATACGGCCAG,0,4654223
ybeDp,0.05263157894736842,18,18,TGGGCCACAGTCACAGTTAC,0,4633523
ybeDp,0.05263157894736842,18,18,TGGACCCCTTGGAAAGAAAG,0,4610071
ybeDp,0.05263157894736842,18,18,TGCGCTTTTACCTCCCATCT,0,4631391
ybeDp,0.05263157894736842,18,18,TGAAAGAGTCTAACGGGGCA,0,4643680
ybeDp,0.05263157894736842,18,18,TCTGTAGCAATGAGGCTCAA,0,4614216
ybeDp,0.05263157894736842,18,18,TCGGCGTCCAGTCAAAAGAG,0,4669983
ybeDp,0.05263157894736842,18,18,TCCAGTCGATGTTGTTAGTC,0,4628671
ybeDp,0.05263157894736842,18,18,TCATTCGTTAGATCCATGCA,0,4644917
ybeDp,0.05263157894736842,18,18,TCAGCTGGCGCAGTGCGCGT,0,4643590
ybeDp,0.05263157894736842,18,18,TATTTGGTCAGCAAGGACAA,0,4614394
ybeDp,0.05263157894736842,18,18,TAGCTCGGGTGCCGGGGAGA,0,4647878
ybeDp,0.05263157894736842,18,18,TACTTGTATCCACGGTTGTT,0,4612271
ybeDp,0.05263157894736842,18,18,TACTATTAGCCAAATTATGG,0,4684593
ybeDp,0.05263157894736842,18,18,TACGGTGTGGGTGTGATTTA,0,4612807
ybeDp,0.05263157894736842,18,18,TACAGGGTAATAGACTTGAA,0,4609553
ybeDp,0.05263157894736842,18,18,TAACACGTATATTGACTTTG,0,4677684
ybeDp,0.05263157894736842,18,18,GTTGGCCTAGTGGGTTATGT,0,4627212
ybeDp,0.05263157894736842,18,18,GTTGCGATACCATTAGCGCG,0,4679779
ybeDp,0.05263157894736842,18,18,GTGTAGTGAGCAGCCTACCA,0,4685457
ybeDp,0.05263157894736842,18,18,GTGGTGCGGATATATGACAG,0,4626091
ybeDp,0.05263157894736842,18,18,GTGCATGCTTTATAGGTCGC,0,4611536
ybeDp,0.05263157894736842,18,18,GTGAGGATACCAACACCATG,0,4667937
ybeDp,0.05263157894736842,18,18,GTATACATGGTGAGTGTTGT,0,4667977
ybeDp,0.05263157894736842,18,18,GTATAACTCAATCCGAGTTA,0,4619645
ybeDp,0.05263157894736842,18,18,GGTGTATGTACCTTAGCAGT,0,4620309
ybeDp,0.05263157894736842,18,18,GGTCTGCAGGTGACCATTCG,0,4634293
ybeDp,0.05263157894736842,18,18,GGTATAAACCTTACCTGACA,0,4671613
ybeDp,0.05263157894736842,18,18,GGGTTGGGACAGTTCTGGTG,0,4628677
ybeDp,0.05263157894736842,18,18,GGGTAGTGCATGTACGGTGA,0,4652817
ybeDp,0.05263157894736842,18,18,GGGGGCTGGTGATAGGGTTG,0,4634462
ybeDp,0.05263157894736842,18,18,GGGCGTTCACGAGTTGATTG,0,4611618
ybeDp,0.05263157894736842,18,18,GGGATACGGGAGTATGTGTT,0,4629916
ybeDp,0.05263157894736842,18,18,GGCGTACGCAAGCCATATCC,0,4640443
ybeDp,0.05263157894736842,18,18,GGCGGTTCGGCTTATAAGTG,0,4651098
ybeDp,0.05263157894736842,18,18,GGCACGGCGAGTCCAAGAGG,0,4656039
ybeDp,0.05263157894736842,18,18,GGCAAAGCGATACCGCATGT,0,4618737
ybeDp,0.05263157894736842,18,18,GGAGCGGAGCGAATTTATTT,0,4603472
ybeDp,0.05263157894736842,18,18,GGACCACAAATATCCAGGTT,0,4606064
ybeDp,0.05263157894736842,18,18,GCTTCGCAAGCGCAAACTTG,0,4605291
ybeDp,0.05263157894736842,18,18,GCTCAGGGTGTCAAGTCCCG,0,4624709
ybeDp,0.05263157894736842,18,18,GCTAGTGCTGAGTGTAAGAG,0,4611475
ybeDp,0.05263157894736842,18,18,GCGTTTATAGAGGCCCTGTC,0,4604561
ybeDp,0.05263157894736842,18,18,GCCTCCACGGGTCCACTGAA,0,4656130
ybeDp,0.05263157894736842,18,18,GCCGAATAATCGAGGTTTAT,0,4624465
ybeDp,0.05263157894736842,18,18,GCATCGTAACTTCACCGGCG,0,4647131
ybeDp,0.05263157894736842,18,18,GCATAGTGTGTTCGGACTCG,0,4600878
ybeDp,0.05263157894736842,18,18,GCAAACCGCGTGGGCAACAT,0,4676698
ybeDp,0.05263157894736842,18,18,GATTTGATTACGGTACGGTT,0,4648619
ybeDp,0.05263157894736842,18,18,GATGACTAACTGATCCGTTA,0,4647391
ybeDp,0.05263157894736842,18,18,GATCTGCTTTGTGTTCTGGG,0,4675885
ybeDp,0.05263157894736842,18,18,GATCAATACTACTAATACGT,0,4678617
ybeDp,0.05263157894736842,18,18,GATAGTGGGCACGGGGTTAA,0,4666215
ybeDp,0.05263157894736842,18,18,GAGTTTCATCATTCGTGAGC,0,4608223
ybeDp,0.05263157894736842,18,18,GAGTAGCGCAGGCGCTTAGG,0,4618684
ybeDp,0.05263157894736842,18,18,GAGACCCTTTGCGGTGACTC,0,4650608
ybeDp,0.05263157894736842,18,18,GACTGTGAGGGGTTCCGAAT,0,4610566
ybeDp,0.05263157894736842,18,18,GACTACACCTCTCGATCGGG,0,4613173
ybeDp,0.05263157894736842,18,18,GAAGTACCGTAGGAAGGCTA,0,4618865
ybeDp,0.05263157894736842,18,18,GAAGCTTTGCAATAGCCGTT,0,4674033
ybeDp,0.05263157894736842,18,18,CTGTCATGGTGCCCACCAGC,0,4631832
ybeDp,0.05263157894736842,18,18,CTGGCCGCAGACATACTCCC,0,4620397
ybeDp,0.05263157894736842,18,18,CTGCCAGCCCAGAGTGCCAT,0,4640771
ybeDp,0.05263157894736842,18,18,CTGCATATTTTGTTCCACCG,0,4676695
ybeDp,0.05263157894736842,18,18,CTCGGGCGAAGCGTCTGCAT,0,4630381
ybeDp,0.05263157894736842,18,18,CTCGGCTTTCGGTCACTCTA,0,4612607
ybeDp,0.05263157894736842,18,18,CTCGATTATATATCGGCGTT,0,4663157
ybeDp,0.05263157894736842,18,18,CTACTCAACGGGTAGGCATC,0,4601288
ybeDp,0.05263157894736842,18,18,CGGTCATCGTACATGTCCCG,0,4619649
ybeDp,0.05263157894736842,18,18,CGGGAGACGATCCTATGCTT,0,4658980
ybeDp,0.05263157894736842,18,18,CGGCTTCGCTGGCGGAGCGC,0,4642328
ybeDp,0.05263157894736842,18,18,CGGCGCGTCGCGCGTGATAT,0,4666682
ybeDp,0.05263157894736842,18,18,CGGCCCGGGAAGCAACGTGG,0,4631721
ybeDp,0.05263157894736842,18,18,CGCTCGTACAGACTCTCGAT,0,4605178
ybeDp,0.05263157894736842,18,18,CGCGGGGGCCGTGCTGTGGG,0,4628163
ybeDp,0.05263157894736842,18,18,CGCATTATTGCACAAGGATT,0,4644637
ybeDp,0.05263157894736842,18,18,CGAGCTACGGGGACTGGGCC,0,4627131
ybeDp,0.05263157894736842,18,18,CGACACAGCAGATTTCTATA,0,4637125
ybeDp,0.05263157894736842,18,18,CCTTACGCAATTTATCCGTA,0,4662264
ybeDp,0.05263157894736842,18,18,CCTCGGGGCAACGTCGGTTT,0,4685487
ybeDp,0.05263157894736842,18,18,CCGGAGGGAGTGATTCCAAT,0,4628334
ybeDp,0.05263157894736842,18,18,CCGACGCATGGTAAACCAGT,0,4682631
ybeDp,0.05263157894736842,18,18,CATCTTTACCGCTCGCTGAT,0,4647996
ybeDp,0.05263157894736842,18,18,CACGTCGTCCGTGTGTTCAA,0,4652408
ybeDp,0.05263157894736842,18,18,CACCTTCTGCTGCAAATCTA,0,4627443
ybeDp,0.05263157894736842,18,18,CAAGTACACGCCTCACGTGA,0,4628622
ybeDp,0.05263157894736842,18,18,CAAGCAAAGGCCTTCATAAG,0,4662485
ybeDp,0.05263157894736842,18,18,ATTCTGCACGGATAGTCCAA,0,4604650
ybeDp,0.05263157894736842,18,18,ATTCTAGCCCGCCATTTGCT,0,4638132
ybeDp,0.05263157894736842,18,18,ATTATCGTGTGAATATCTGG,0,4633107
ybeDp,0.05263157894736842,18,18,ATTAGCTGGGATACTGTGCA,0,4673941
ybeDp,0.05263157894736842,18,18,ATTAATTGTACGAATACTTC,0,4610557
ybeDp,0.05263157894736842,18,18,ATGTTACCTCATCTGTCGAT,0,4685595
ybeDp,0.05263157894736842,18,18,ATGGCGGTAAGGTTGATCGG,0,4623417
ybeDp,0.05263157894736842,18,18,ATGGACATGGTTAACAAATA,0,4620086
ybeDp,0.05263157894736842,18,18,ATCTGGAAAGTAATGGCACA,0,4637607
ybeDp,0.05263157894736842,18,18,ATCTATATTGGTCATCATCA,0,4616293
ybeDp,0.05263157894736842,18,18,ATCGAGCTATAAATTGGGTA,0,4621234
ybeDp,0.05263157894736842,18,18,ATACCTTGTGTGTTTGTTAT,0,4645790
ybeDp,0.05263157894736842,18,18,AGTTCCCTACAGGTGTTTCA,0,4666148
ybeDp,0.05263157894736842,18,18,AGTCAGCAACGATATTTCTT,0,4655688
ybeDp,0.05263157894736842,18,18,AGGTTGGGACGTGTCCCCAC,0,4654698
ybeDp,0.05263157894736842,18,18,AGGGTCGAATGGGCCGGGTT,0,4606798
ybeDp,0.05263157894736842,18,18,AGGCGAGCGTCAAATTACAA,0,4655255
ybeDp,0.05263157894736842,18,18,AGGCAAACTCTACTTAGTCC,0,4641892
ybeDp,0.05263157894736842,18,18,AGGAAGGTAGTTGATTGATT,0,4626241
ybeDp,0.05263157894736842,18,18,AGCTTCACTTGCTTTGGTAC,0,4656401
ybeDp,0.05263157894736842,18,18,AGAATTCTGGGGGATCTTAC,0,4604016
ybeDp,0.05263157894736842,18,18,AGAATGTTCCGCCTTGTGTA,0,4620887
ybeDp,0.05263157894736842,18,18,AGAAGCCCCGTATATCCGAG,0,4645853
ybeDp,0.05263157894736842,18,18,ACGTAAGGTCCCACTCTGTA,0,4651690
ybeDp,0.05263157894736842,18,18,ACCCGTGGATTAGGCACATA,0,4615997
ybeDp,0.05263157894736842,18,18,AATTGGTTGGTTTACTGCGG,0,4687845
ybeDp,0.05263157894736842,18,18,AATTCATCTACTGAAATATG,0,4660323
ybeDp,0.05263157894736842,18,18,AATTACCAATGATTACTCAA,0,4611240
ybeDp,0.05263157894736842,18,18,AATGAATATCCCCCGGCCAA,0,4641357
ybeDp,0.05263157894736842,18,18,AATACTAAAGGGCTGGGTAA,0,4606827
ybeDp,0.05263157894736842,18,18,AATAACAGTGCGGTCTCGTA,0,4640186
ybeDp,0.05263157894736842,18,18,AAGGCGAAATGTCCCCCGTA,0,4601310
ybeDp,0.05263157894736842,18,18,AAGCAGCAGAGCGAAGCGCA,0,4644357
ybeDp,0.05263157894736842,18,18,AACCCGGCCGTTCAAGTCAA,0,4601777
ybeDp,0.05263157894736842,18,18,AACAAGTCGTACAGCTGACA,0,4675614
ybeDp,0.05263157894736842,18,18,AAATTACATGGCACCTCATA,0,4657150
ybeDp,0.05263157894736842,18,18,AAATCGGGGAGCGATGGACC,0,4615186
ybeDp,0.05263157894736842,18,18,AAATAGGATCAGTGTGCGTA,0,4677811
ybeDp,0.05263157894736842,18,18,AAACTTTGTCATCTCAGAAT,0,4629061
ybeDp,0.05263157894736842,18,18,AAACCACCGCTAGTAGAGAT,0,4630642
ybeDp,0.05263157894736842,18,18,AAAATTATAAAATGATTTTA,0,4619418
ybeDp,0.05555555555555555,17,17,TTTCTATTCTATCTTTCAGA,0,4602929
ybeDp,0.05555555555555555,17,17,TTTCATTACTGTGTCAGTGG,0,4615628
ybeDp,0.05555555555555555,17,17,TTTACATATTGAGTTTAAAT,0,4675619
ybeDp,0.05555555555555555,17,17,TTTAACGTTCTGCATATTTC,0,4649508
ybeDp,0.05555555555555555,17,17,TTGGGCGAAGCTCCGGCCAT,0,4606991
ybeDp,0.05555555555555555,17,17,TTGACGTACGATCTAGATAG,0,4641090
ybeDp,0.05555555555555555,17,17,TTCTGACCGATACTGATAGT,0,4613431
ybeDp,0.05555555555555555,17,17,TTCGGGTAGTTGCGTGTTAT,0,4635910
ybeDp,0.05555555555555555,17,17,TTCGCACGCAGATTTAACTT,0,4613601
ybeDp,0.05555555555555555,17,17,TTCCCCCGGCAGATCTTAGG,0,4614038
ybeDp,0.05555555555555555,17,17,TTAAGGTCCTAGGAGTCTGA,0,4686453
ybeDp,0.05555555555555555,17,17,TTAAGGGTGTCGGAGGCCTT,0,4679633
ybeDp,0.05555555555555555,17,17,TGGTGAATTTTAATGGTCTC,0,4657506
ybeDp,0.05555555555555555,17,17,TGGCCTTTGATGCAATCGAA,0,4619959
ybeDp,0.05555555555555555,17,17,TGGCAGAGCCTTCTTTTTTA,0,4657080
ybeDp,0.05555555555555555,17,17,TGGAGAAGGCATTGATATAT,0,4616443
ybeDp,0.05555555555555555,17,17,TGGAAGATCTGCTACATATC,0,4665259
ybeDp,0.05555555555555555,17,17,TGCGCATCTAATACTCTATG,0,4680826
ybeDp,0.05555555555555555,17,17,TGCCACTCGGCCCGACAGGA,0,4624063
ybeDp,0.05555555555555555,17,17,TGCACGGCTTCAACAGTCGG,0,4655962
ybeDp,0.05555555555555555,17,17,TGAACCACACCGCGGAACGA,0,4605217
ybeDp,0.05555555555555555,17,17,TCTAGGACCCTCAGCATAAA,0,4653230
ybeDp,0.05555555555555555,17,17,TCGGGCTCGCCTAAACGCAA,0,4619643
ybeDp,0.05555555555555555,17,17,TCGGGAATAAGCGCCGAGAA,0,4659031
ybeDp,0.05555555555555555,17,17,TCGGCGATACGAGTGCGTTT,0,4640749
ybeDp,0.05555555555555555,17,17,TCGCGCGTGATATGAACAAA,0,4653688
ybeDp,0.05555555555555555,17,17,TCGATAACCGTAGAGACTTA,0,4642966
ybeDp,0.05555555555555555,17,17,TCCATGCGGGCAATGGTGTT,0,4669506
ybeDp,0.05555555555555555,17,17,TCCAAGGTGGAAGTCCGGCG,0,4679396
ybeDp,0.05555555555555555,17,17,TCAATTCACCCCCGGGTCAC,0,4616980
ybeDp,0.05555555555555555,17,17,TCAAAGGGTTCCCAGAGGGT,0,4601477
ybeDp,0.05555555555555555,17,17,TATTTTACAGTGCTGATGTC,0,4608074
ybeDp,0.05555555555555555,17,17,TATTTGGACCGCTTCTTGTG,0,4642940
ybeDp,0.05555555555555555,17,17,TATTTCTAGTAACGGTCAAT,0,4610348
ybeDp,0.05555555555555555,17,17,TATTGCGCCGTACGAGCGTT,0,4685361
ybeDp,0.05555555555555555,17,17,TATCAGGGACTGTTTCTGCA,0,4671900
ybeDp,0.05555555555555555,17,17,TATATGGAGTGCCCTCTTGT,0,4658513
ybeDp,0.05555555555555555,17,17,TATAAGGAACTCTCTTGGTG,0,4638462
ybeDp,0.05555555555555555,17,17,TAGAGAATTACCGAAGGGGT,0,4664502
ybeDp,0.05555555555555555,17,17,TAGACGCTCATTAACCTAGT,0,4663451
ybeDp,0.05555555555555555,17,17,TACTGGGTATGTTCTGAGCT,0,4666033
ybeDp,0.05555555555555555,17,17,TACTGACATATTGCGCTATC,0,4679092
ybeDp,0.05555555555555555,17,17,TACTCGGGGAAATTTGACCA,0,4645238
ybeDp,0.05555555555555555,17,17,TAATTCACCAGCCGGCAAAC,0,4602040
ybeDp,0.05555555555555555,17,17,TAAACTGGTGCACCGATCGT,0,4637720
ybeDp,0.05555555555555555,17,17,TAAAATCCCGGTTGAAGTAG,0,4680381
ybeDp,0.05555555555555555,17,17,GTTGACGTGTTTGTTGTCTA,0,4672822
ybeDp,0.05555555555555555,17,17,GTTCCCCACAAGCAGCCGTA,0,4675884
ybeDp,0.05555555555555555,17,17,GTTAACCAGGTATTAGTTAT,0,4655396
ybeDp,0.05555555555555555,17,17,GTGTTCCGGTTGCGAGTAGG,0,4663631
ybeDp,0.05555555555555555,17,17,GTGTCAGAAAGGTCTGGCGT,0,4649528
ybeDp,0.05555555555555555,17,17,GTGGATCGGGACAAATTTAG,0,4653911
ybeDp,0.05555555555555555,17,17,GTGCTGCACAAGGGTCCATT,0,4602339
ybeDp,0.05555555555555555,17,17,GTAGGCCCTGCTCCTTACGG,0,4630282
ybeDp,0.05555555555555555,17,17,GTAAAGACCTTGCAACTATC,0,4619480
ybeDp,0.05555555555555555,17,17,GGTCCGTCTGGGTTGTGGCA,0,4611544
ybeDp,0.05555555555555555,17,17,GGTATGTTGCCCGCCTAAGT,0,4626859
ybeDp,0.05555555555555555,17,17,GGGGGAGCAGTTGGATCTTA,0,4678120
ybeDp,0.05555555555555555,17,17,GGGGACATTAGGTCTGTATC,0,4651962
ybeDp,0.05555555555555555,17,17,GGCTGGCGGGGTACATATAT,0,4608287
ybeDp,0.05555555555555555,17,17,GGCGAGCCGCTCGTCTGCGG,0,4671913
ybeDp,0.05555555555555555,17,17,GGCCTACGGGGGTACTTCGA,0,4686093
ybeDp,0.05555555555555555,17,17,GGCCAAGCGAGCCTCTTCTA,0,4630486
ybeDp,0.05555555555555555,17,17,GGCATCTTGACGAATAGCGG,0,4612360
ybeDp,0.05555555555555555,17,17,GGAGATGCATGCCTATTAAG,0,4627113
ybeDp,0.05555555555555555,17,17,GCTCGAAGCCGGTTCACGGC,0,4625936
ybeDp,0.05555555555555555,17,17,GCTAGGTCGTAATTCTAACT,0,4608284
ybeDp,0.05555555555555555,17,17,GCGTAAGCGGCTTAGTGACG,0,4647636
ybeDp,0.05555555555555555,17,17,GCCGACCAGAGCCTGACTAT,0,4681033
ybeDp,0.05555555555555555,17,17,GCCAGCCCCTGACAGTATTT,0,4633181
ybeDp,0.05555555555555555,17,17,GCATTTGCGGCGTGCAGGAA,0,4633515
ybeDp,0.05555555555555555,17,17,GCAGACGTAGAACAAAGTAG,0,4609004
ybeDp,0.05555555555555555,17,17,GCAAATGGGCTCTGTTATAG,0,4610462
ybeDp,0.05555555555555555,17,17,GCAAAAGGTGAGGCTAGCCC,0,4662199
ybeDp,0.05555555555555555,17,17,GATATTCGGCGACTCTGCCA,0,4625442
ybeDp,0.05555555555555555,17,17,GATATGGATTTGTTCAATGC,0,4650964
ybeDp,0.05555555555555555,17,17,GATACGGAGGGCGGGTCGGT,0,4614171
ybeDp,0.05555555555555555,17,17,GATAACTCAATCGGCCCCGT,0,4681177
ybeDp,0.05555555555555555,17,17,GAGTGTCAACAGGGTTCTAT,0,4684929
ybeDp,0.05555555555555555,17,17,GAGGTCCTTGCCTGATATCT,0,4667987
ybeDp,0.05555555555555555,17,17,GAGCACGATGAGGGTGGTCA,0,4659191
ybeDp,0.05555555555555555,17,17,GACCCGGGATGTCGGCATCT,0,4677143
ybeDp,0.05555555555555555,17,17,GACATCCTACGCCGGCTTGT,0,4655067
ybeDp,0.05555555555555555,17,17,GAAGTTCCGACTCCCTACAG,0,4684977
ybeDp,0.05555555555555555,17,17,GAAGCATCTGTAAGGTCCCA,0,4682429
ybeDp,0.05555555555555555,17,17,GAACTGTAGAACTTCCTGGA,0,4681812
ybeDp,0.05555555555555555,17,17,CTTATTTATCATATTCCGCT,0,4650278
ybeDp,0.05555555555555555,17,17,CTTACACAGCCTGTTCCAAC,0,4636457
ybeDp,0.05555555555555555,17,17,CTGTGCGGAACACACGACGT,0,4672610
ybeDp,0.05555555555555555,17,17,CTGTCAGGAGACTTTGTGAA,0,4612955
ybeDp,0.05555555555555555,17,17,CTGGCAATGTTAGATTACGG,0,4604030
ybeDp,0.05555555555555555,17,17,CTGACCCTCTAGCGTATGTG,0,4655407
ybeDp,0.05555555555555555,17,17,CTCTCCGTTCAGATAAGAGG,0,4621991
ybeDp,0.05555555555555555,17,17,CTCGGGGCGCGTTACAAGTA,0,4679795
ybeDp,0.05555555555555555,17,17,CTCCCACCATGACAAAATGC,0,4636934
ybeDp,0.05555555555555555,17,17,CTCAATGCCTTAATTGCCAC,0,4601202
ybeDp,0.05555555555555555,17,17,CTATGTTTTTACGGGGTAGA,0,4617870
ybeDp,0.05555555555555555,17,17,CTAACTGGCTCACAACGCAG,0,4653880
ybeDp,0.05555555555555555,17,17,CGTACCCCGGCCATCGTGAT,0,4675054
ybeDp,0.05555555555555555,17,17,CGTAACTGCGTGGCATTTGG,0,4631776
ybeDp,0.05555555555555555,17,17,CGGATTCCCGTTACGCGCAT,0,4612101
ybeDp,0.05555555555555555,17,17,CGCTCCTTGATCGATTCCCA,0,4642285
ybeDp,0.05555555555555555,17,17,CGCGAGGCATGTCAAGGGGT,0,4626738
ybeDp,0.05555555555555555,17,17,CGAGACCTCGGTGTTGGACA,0,4606330
ybeDp,0.05555555555555555,17,17,CGAAATCTTTGTGCCCAGCC,0,4662282
ybeDp,0.05555555555555555,17,17,CCTCGAGTAGATCCCTTGGT,0,4611807
ybeDp,0.05555555555555555,17,17,CCTCACAGAAAACCTGAAGC,0,4677997
ybeDp,0.05555555555555555,17,17,CCGTCCGCAATCATCAGACA,0,4622679
ybeDp,0.05555555555555555,17,17,CCGGATGAAAAACTCGACAA,0,4620689
ybeDp,0.05555555555555555,17,17,CCGCGTAGACTTGGATAGGT,0,4605032
ybeDp,0.05555555555555555,17,17,CCGCGACATCATATGCCTCA,0,4619953
ybeDp,0.05555555555555555,17,17,CCGCATGGAGTGTGGACGTG,0,4665738
ybeDp,0.05555555555555555,17,17,CCGCATCGCTCAAGGTATAA,0,4655490
ybeDp,0.05555555555555555,17,17,CCCGTGGGTGTATGGTATTT,0,4607994
ybeDp,0.05555555555555555,17,17,CCCAGGTAGGTGAATGTGAG,0,4636199
ybeDp,0.05555555555555555,17,17,CCCAATATCAACTGTAATAT,0,4637805
ybeDp,0.05555555555555555,17,17,CCATATACGTAAAATCTGAG,0,4681202
ybeDp,0.05555555555555555,17,17,CCAAGTATGCCCTGACTACC,0,4658866
ybeDp,0.05555555555555555,17,17,CCAACTAACAAAGGGCTATA,0,4643530
ybeDp,0.05555555555555555,17,17,CATTTCGACAAAAAGAGGAG,0,4609862
ybeDp,0.05555555555555555,17,17,CATCTTACGCGTAACGTAGT,0,4611012
ybeDp,0.05555555555555555,17,17,CAGCTCCAGGCTTGAGTAAT,0,4646244
ybeDp,0.05555555555555555,17,17,CAGACTAGCGAATCTGAGAT,0,4649615
ybeDp,0.05555555555555555,17,17,CACGCTGTGCTTCCTCGTTG,0,4630941
ybeDp,0.05555555555555555,17,17,CACCGCCTGGGGTACTGTAG,0,4645789
ybeDp,0.05555555555555555,17,17,CACCCTCATAGATGCGAGCA,0,4660249
ybeDp,0.05555555555555555,17,17,CACACGCCAAGGCATCCATC,0,4665575
ybeDp,0.05555555555555555,17,17,CAATACGACTGTAACTTAAG,0,4673621
ybeDp,0.05555555555555555,17,17,ATTGTCCCGCCGTAAAAGCG,0,4687075
ybeDp,0.05555555555555555,17,17,ATTCCTGCCGGAGGAGGTCA,0,4637297
ybeDp,0.05555555555555555,17,17,ATTACCGAATGATGTTCGCT,0,4660356
ybeDp,0.05555555555555555,17,17,ATGGGTAATGTAAGGCACAA,0,4620766
ybeDp,0.05555555555555555,17,17,ATGGCCCTATTCACACGAGT,0,4603649
ybeDp,0.05555555555555555,17,17,ATGGCACCTGCTACACTGTG,0,4605094
ybeDp,0.05555555555555555,17,17,ATCTTCTTAAATGGGTATAT,0,4653936
ybeDp,0.05555555555555555,17,17,ATCTTAGAATTCTGCCCTCG,0,4620914
ybeDp,0.05555555555555555,17,17,ATCTGGGTCTCTTGTACCGT,0,4668145
ybeDp,0.05555555555555555,17,17,ATCTCGGTAGGCGGGCGTAG,0,4633004
ybeDp,0.05555555555555555,17,17,ATCTAGCCGACTTGCGGAAA,0,4619835
ybeDp,0.05555555555555555,17,17,ATCGTGTCCAGCAAAGCGCT,0,4637604
ybeDp,0.05555555555555555,17,17,ATCCTGTCGTCCAAACGTGG,0,4627667
ybeDp,0.05555555555555555,17,17,ATCCGCTTAATCGGTGTAAA,0,4614531
ybeDp,0.05555555555555555,17,17,ATCATTCGTTCCGCTTCAGA,0,4631429
ybeDp,0.05555555555555555,17,17,ATCAGATCGGTCTCCCTGTG,0,4623329
ybeDp,0.05555555555555555,17,17,ATAGCCCTGCTCGGAGACCC,0,4626771
ybeDp,0.05555555555555555,17,17,ATACGATATATCGCTCGTAC,0,4610606
ybeDp,0.05555555555555555,17,17,ATAATTCAGGGACACGTTGA,0,4648661
ybeDp,0.05555555555555555,17,17,AGTTTAGCCCAGGAAGGAGT,0,4671987
ybeDp,0.05555555555555555,17,17,AGTTGTTGCAGTTAAGTCTG,0,4622433
ybeDp,0.05555555555555555,17,17,AGTGTGGTTCATATAAAAAC,0,4602700
ybeDp,0.05555555555555555,17,17,AGTGCTGTCCCCACTCCATA,0,4661228
ybeDp,0.05555555555555555,17,17,AGTCCGAATTTACTTCTACT,0,4680393
ybeDp,0.05555555555555555,17,17,AGTCAATTTCCGATCGGTTG,0,4645390
ybeDp,0.05555555555555555,17,17,AGTCAAAATCGGGATTCCAT,0,4605985
ybeDp,0.05555555555555555,17,17,AGTAGTGCGGGCTGTCCACG,0,4666875
ybeDp,0.05555555555555555,17,17,AGTACTACTCTATGCTTATC,0,4665060
ybeDp,0.05555555555555555,17,17,AGGTCGGACCCATAATATGT,0,4678560
ybeDp,0.05555555555555555,17,17,AGGTATACGTGTAGAATACT,0,4665595
ybeDp,0.05555555555555555,17,17,AGGTAGGCAGAGTCGATACT,0,4610765
ybeDp,0.05555555555555555,17,17,AGGGTTGAACGAAGATAATA,0,4676939
ybeDp,0.05555555555555555,17,17,AGGGCATTTTAGCCTCGCCG,0,4654543
ybeDp,0.05555555555555555,17,17,AGGGAAACGTATACCTATCT,0,4636928
ybeDp,0.05555555555555555,17,17,AGGCCTGCCAGATTCTGTCT,0,4645714
ybeDp,0.05555555555555555,17,17,AGGACAGTCGTGACAGCTTT,0,4618085
ybeDp,0.05555555555555555,17,17,AGCTCGGCGAAATACGATAT,0,4659641
ybeDp,0.05555555555555555,17,17,AGCGTTCCGGCCTCCTATAG,0,4613318
ybeDp,0.05555555555555555,17,17,AGCGCATACCAGGTGTGTCT,0,4646958
ybeDp,0.05555555555555555,17,17,AGATCATATGACGCCTTCCT,0,4652686
ybeDp,0.05555555555555555,17,17,AGAACTGGGGTTGGCACACA,0,4608312
ybeDp,0.05555555555555555,17,17,ACTCGGGTTCGCAAAAACCG,0,4670395
ybeDp,0.05555555555555555,17,17,ACTCGGCCTGTTTGGTGGTC,0,4640955
ybeDp,0.05555555555555555,17,17,ACGCTTCTAAGCGAGTCTAT,0,4633875
ybeDp,0.05555555555555555,17,17,ACGCCCCTAGGGTGAATAGT,0,4609162
ybeDp,0.05555555555555555,17,17,ACGAATCTTGGTAAACCATA,0,4633182
ybeDp,0.05555555555555555,17,17,ACCTATTCATTCGGCATGAA,0,4667055
ybeDp,0.05555555555555555,17,17,ACCGCACTTTTTTATGCAAC,0,4614880
ybeDp,0.05555555555555555,17,17,ACCGAACCTAGACTCATTAC,0,4671698
ybeDp,0.05555555555555555,17,17,ACCCTTATTTGAAGATCACT,0,4651155
ybeDp,0.05555555555555555,17,17,ACCAGCGGTCTATCACGGAC,0,4630374
ybeDp,0.05555555555555555,17,17,ACAGGGACGGTCTCGAACCA,0,4666429
ybeDp,0.05555555555555555,17,17,ACACTGGCGGGGTTACGGCA,0,4628972
ybeDp,0.05555555555555555,17,17,ACAAGGTTAGCGCAAATGTC,0,4602491
ybeDp,0.05555555555555555,17,17,AATGTCAAATCACTAGAACA,0,4678076
ybeDp,0.05555555555555555,17,17,AATACCAAACAGCGGATGAG,0,4602497
ybeDp,0.05555555555555555,17,17,AAGTATGATCCACCGTAGGC,0,4623618
ybeDp,0.05555555555555555,17,17,AAGCACTACTTTTTAACTCT,0,4611928
ybeDp,0.05555555555555555,17,17,AAGAGCCTCAACTTTAGGAG,0,4686568
ybeDp,0.05555555555555555,17,17,AAGAACTAAAATTCGGATGT,0,4645102
ybeDp,0.05555555555555555,17,17,AACTCTGATTGTCGAGGGCA,0,4617124
ybeDp,0.05555555555555555,17,17,AACGCTTAAAGGCGCGGGCA,0,4605531
ybeDp,0.05555555555555555,17,17,AACAGAGCCATCTAACAACC,0,4674192
ybeDp,0.05555555555555555,17,17,AACACCGCGAACCTCTAGCA,0,4655371
ybeDp,0.05555555555555555,17,17,AACAAGGTTCAGTGGGCCGG,0,4683684
ybeDp,0.05555555555555555,17,17,AACAAATACAGCCTATGTAG,0,4646794
ybeDp,0.05555555555555555,17,17,AAATCGTCCGGCCCAGCTAA,0,4650686
ybeDp,0.05555555555555555,17,17,AAATAACTGGCGAGGACCTT,0,4656496
ybeDp,0.05555555555555555,17,17,AAAATTTGACTCAAATTAGG,0,4662451
ybeDp,0.05555555555555555,17,17,AAAACATATGGTCAGTTGCT,0,4609849
ybeDp,0.058823529411764705,16,16,TTTTGTGTTGCGACAAACTA,0,4627442
ybeDp,0.058823529411764705,16,16,TTTTATCCGCGTAGCGGACA,0,4662110
ybeDp,0.058823529411764705,16,16,TTTAGACATATAGCTGATTC,0,4663912
ybeDp,0.058823529411764705,16,16,TTTAACTTCTATATTCAAGA,0,4613041
ybeDp,0.058823529411764705,16,16,TTGTGGCCCCGGCAACTATT,0,4618753
ybeDp,0.058823529411764705,16,16,TTGGTAGGCATTCACCGCGC,0,4651693
ybeDp,0.058823529411764705,16,16,TTGGGTATTCACAGTAGGCT,0,4636325
ybeDp,0.058823529411764705,16,16,TTGCTGTAGTCGGTACGGTG,0,4616828
ybeDp,0.058823529411764705,16,16,TTGCGGCGCGTTCAGTATGG,0,4641456
ybeDp,0.058823529411764705,16,16,TTGATTCTAAGTGGACGAGG,0,4601902
ybeDp,0.058823529411764705,16,16,TTCTGACCAGCGATAGGGTT,0,4625719
ybeDp,0.058823529411764705,16,16,TTCCTTCTCGCGTATCCCCA,0,4650105
ybeDp,0.058823529411764705,16,16,TTCCGCGACTCGGAAACCCT,0,4642539
ybeDp,0.058823529411764705,16,16,TTCATTTTTAGCCTTTCTAT,0,4601566
ybeDp,0.058823529411764705,16,16,TTCAGAAGAGTCGTTGCGCA,0,4670456
ybeDp,0.058823529411764705,16,16,TTATCGGGAGACTTAATCGG,0,4640956
ybeDp,0.058823529411764705,16,16,TTATAGCAATTAGTTTCACG,0,4629238
ybeDp,0.058823529411764705,16,16,TTAGGGATTGTTAGCACGAT,0,4625050
ybeDp,0.058823529411764705,16,16,TTAGGAGCTTCGGTCTCAAG,0,4619120
ybeDp,0.058823529411764705,16,16,TTAGCGTGGGGCGCCATCTG,0,4620083
ybeDp,0.058823529411764705,16,16,TTAAGCGTCAGGAGTTATCA,0,4606728
ybeDp,0.058823529411764705,16,16,TGTTCTATGGTTTATCCGAG,0,4653172
ybeDp,0.058823529411764705,16,16,TGTGTGAGGAATGGCCGTCT,0,4634461
ybeDp,0.058823529411764705,16,16,TGTCTGCCGAAATCTAAATG,0,4618889
ybeDp,0.058823529411764705,16,16,TGTCCTGTTATGTGTCAACA,0,4678889
ybeDp,0.058823529411764705,16,16,TGTACGGACCCCTCGGTTCA,0,4630974
ybeDp,0.058823529411764705,16,16,TGGTACACGGCGCCTTAGCG,0,4618730
ybeDp,0.058823529411764705,16,16,TGGACAGAGAGCATTCTCTG,0,4638276
ybeDp,0.058823529411764705,16,16,TGCTGAATTTCGGGCTTAGT,0,4653333
ybeDp,0.058823529411764705,16,16,TGCGTCGAGTGGCTGGCAAG,0,4604498
ybeDp,0.058823529411764705,16,16,TGCCCTTCGGAGATCGTAAA,0,4679788
ybeDp,0.058823529411764705,16,16,TGCAGTCGGAAATACCATGA,0,4682668
ybeDp,0.058823529411764705,16,16,TGAGAGGGAGACTCTGTTCC,0,4605799
ybeDp,0.058823529411764705,16,16,TGAAGACGACAGTCGGGCGA,0,4648853
ybeDp,0.058823529411764705,16,16,TCTTAACTCTTCGGGTTGGT,0,4621899
ybeDp,0.058823529411764705,16,16,TCTGCCTGGTCGTGGTTCAG,0,4629127
ybeDp,0.058823529411764705,16,16,TCGTTTCCATAGACCGACAT,0,4680602
ybeDp,0.058823529411764705,16,16,TCGTGTTTGCACGAGAGTGC,0,4659785
ybeDp,0.058823529411764705,16,16,TCGGTGCCTAGGGCTCCGGG,0,4653017
ybeDp,0.058823529411764705,16,16,TCGGGCCTCGCTTATTCAGC,0,4647145
ybeDp,0.058823529411764705,16,16,TCGCGCGCCAGGGTCGGGTG,0,4657187
ybeDp,0.058823529411764705,16,16,TCGAATGGTTGTGCAGAGCG,0,4678423
ybeDp,0.058823529411764705,16,16,TCCATGCACCGGCCACATTG,0,4670906
ybeDp,0.058823529411764705,16,16,TCCAGCATCAAGAGTCTTCT,0,4603143
ybeDp,0.058823529411764705,16,16,TCCACGTTGCGATCAATCTA,0,4616898
ybeDp,0.058823529411764705,16,16,TCCAATCCAGCCTAGAATGA,0,4673590
ybeDp,0.058823529411764705,16,16,TCAGCCTGGGACGCTCCTAT,0,4618666
ybeDp,0.058823529411764705,16,16,TCACAGGAAAGGTGCCTTGA,0,4638653
ybeDp,0.058823529411764705,16,16,TATATTACTGTTACAGTCCA,0,4619499
ybeDp,0.058823529411764705,16,16,TAGCTTCGTTCGCGTAAGAT,0,4670914
ybeDp,0.058823529411764705,16,16,TAGCCAACAGGACTTCAACT,0,4624953
ybeDp,0.058823529411764705,16,16,TAGCAAGAATCAAGTGATTA,0,4636932
ybeDp,0.058823529411764705,16,16,TACTCAGTTGATAAGGCCAG,0,4668768
ybeDp,0.058823529411764705,16,16,TACTATTCTCATTCTTAATT,0,4658714
ybeDp,0.058823529411764705,16,16,TACCGCCCGTACTATCCAGG,0,4652080
ybeDp,0.058823529411764705,16,16,TAACTAGGTGCGTTGATAGT,0,4640568
ybeDp,0.058823529411764705,16,16,TAACGCATTAACTCAGTTTG,0,4674765
ybeDp,0.058823529411764705,16,16,TAACATTGTTCTGCGTGCGC,0,4682513
ybeDp,0.058823529411764705,16,16,TAAATTGCAGAATTTCTCTA,0,4676853
ybeDp,0.058823529411764705,16,16,GTTTCGGTATCCAGGTTTCT,0,4660416
ybeDp,0.058823529411764705,16,16,GTTGACTTGCGATTCTCACA,0,4631374
ybeDp,0.058823529411764705,16,16,GTTCATCATCTACTACACGG,0,4668366
ybeDp,0.058823529411764705,16,16,GTTACTTGTCGTAACCTGCG,0,4610244
ybeDp,0.058823529411764705,16,16,GTTACCAGGGTGGGTGATTA,0,4613824
ybeDp,0.058823529411764705,16,16,GTTAAATCATAGATCGTACG,0,4628344
ybeDp,0.058823529411764705,16,16,GTGTTCTGTGTGCACTCAGC,0,4609703
ybeDp,0.058823529411764705,16,16,GTGCTTCGGTCGTAGGGGTA,0,4601741
ybeDp,0.058823529411764705,16,16,GTGACAAGAAAGCATCTGAT,0,4626893
ybeDp,0.058823529411764705,16,16,GTCTCTGGGGTGTGGTCCTC,0,4661689
ybeDp,0.058823529411764705,16,16,GTCTAAGGTGGGTCATGGTA,0,4668525
ybeDp,0.058823529411764705,16,16,GTCCGTCGGGTAGATACCCT,0,4609217
ybeDp,0.058823529411764705,16,16,GTCCGAAACGCAATACGACA,0,4608210
ybeDp,0.058823529411764705,16,16,GTAGGTGTCACTCCTCCACT,0,4649550
ybeDp,0.058823529411764705,16,16,GTACGATAAGGTAGACTCTT,0,4657485
ybeDp,0.058823529411764705,16,16,GTACCTGCCAACGTTGGCGC,0,4638070
ybeDp,0.058823529411764705,16,16,GTACATAGCCGACGGCTTTT,0,4643459
ybeDp,0.058823529411764705,16,16,GGTTAATTGGAAACGCCGGC,0,4642904
ybeDp,0.058823529411764705,16,16,GGTGACAGCGAATCCCGGAT,0,4684298
ybeDp,0.058823529411764705,16,16,GGTCGATACTCGGAAGGTAT,0,4644990
ybeDp,0.058823529411764705,16,16,GGTCCAACTATAGTGCAAGT,0,4618032
ybeDp,0.058823529411764705,16,16,GGCGGCTTCTCAGTGCCATA,0,4617510
ybeDp,0.058823529411764705,16,16,GGCATCAAACGTGTACCCCA,0,4612560
ybeDp,0.058823529411764705,16,16,GCTCCTAGGGTTGCAGCGAG,0,4664640
ybeDp,0.058823529411764705,16,16,GCTAGCATACAATCCCCGAG,0,4605379
ybeDp,0.058823529411764705,16,16,GCGTTGGGCTATAACGCGCA,0,4645048
ybeDp,0.058823529411764705,16,16,GCGGTGAAGGTATAAGCATT,0,4641196
ybeDp,0.058823529411764705,16,16,GCGGCCGGAAATTCTTTGTT,0,4652987
ybeDp,0.058823529411764705,16,16,GCGAGTCCCTATCTGACACA,0,4646194
ybeDp,0.058823529411764705,16,16,GCATTAATGAGACGCCTTTC,0,4685517
ybeDp,0.058823529411764705,16,16,GCATCGGCTCTGAAAAGTAA,0,4651639
ybeDp,0.058823529411764705,16,16,GCAAACGTCGACGGGATGTT,0,4650979
ybeDp,0.058823529411764705,16,16,GAGGGATGCAGATACGATGC,0,4644647
ybeDp,0.058823529411764705,16,16,GAGGATGTCGCACCTGCGGA,0,4614485
ybeDp,0.058823529411764705,16,16,GAGGAGTTGCGGCTCTGTTT,0,4667797
ybeDp,0.058823529411764705,16,16,GACGCTCACGATGCGAAGCG,0,4630531
ybeDp,0.058823529411764705,16,16,GAATTATGGTGAACCTTTAC,0,4611398
ybeDp,0.058823529411764705,16,16,GAATGTCGGATTAGACCACT,0,4624388
ybeDp,0.058823529411764705,16,16,CTTTCATACTTGGTAAATTT,0,4686018
ybeDp,0.058823529411764705,16,16,CTTGTTCCTTATCCGTATGG,0,4672139
ybeDp,0.058823529411764705,16,16,CTTCTGAGCGCGGCCCAATG,0,4601707
ybeDp,0.058823529411764705,16,16,CTTATCTCCCCGTTAATTTT,0,4623507
ybeDp,0.058823529411764705,16,16,CTTAGGGAACCAGGACCATG,0,4686830
ybeDp,0.058823529411764705,16,16,CTTAAGGACAATGACCATTC,0,4630816
ybeDp,0.058823529411764705,16,16,CTGTCAGTCTAGTTATACCA,0,4645994
ybeDp,0.058823529411764705,16,16,CTGGTCCCGGCAGATTCTGA,0,4644854
ybeDp,0.058823529411764705,16,16,CTGGCTGTTCGGAGTCGCCC,0,4645065
ybeDp,0.058823529411764705,16,16,CTGCGGAGCTCCGGCAAAAA,0,4682199
ybeDp,0.058823529411764705,16,16,CTCTGAGGCGGGGTTGAACG,0,4636451
ybeDp,0.058823529411764705,16,16,CTCCTGGCGAAACCTGACTG,0,4645913
ybeDp,0.058823529411764705,16,16,CTCCCGGAATAAACCGCCTC,0,4660322
ybeDp,0.058823529411764705,16,16,CTCATTCGTTAAACGGGAGC,0,4658982
ybeDp,0.058823529411764705,16,16,CTATGCTTGTACGGACGTCT,0,4625374
ybeDp,0.058823529411764705,16,16,CTACTTCGGAGCCCTGGAGG,0,4665647
ybeDp,0.058823529411764705,16,16,CTACTACCCCCAGAGAGAGA,0,4616309
ybeDp,0.058823529411764705,16,16,CTACGATACGACTCGCTTAT,0,4654759
ybeDp,0.058823529411764705,16,16,CTAATCGTAACGTCCGCCCC,0,4624400
ybeDp,0.058823529411764705,16,16,CTAAACCAGTAAGCGAATGT,0,4626582
ybeDp,0.058823529411764705,16,16,CGTGGTACCAGTCCGCGGGG,0,4613427
ybeDp,0.058823529411764705,16,16,CGGGCAAGTTCCCATTTATA,0,4649092
ybeDp,0.058823529411764705,16,16,CGGCTCGCTTTTTAGGGCGA,0,4661700
ybeDp,0.058823529411764705,16,16,CGGATAGAACCGGATCTCTT,0,4675646
ybeDp,0.058823529411764705,16,16,CGGAACATGCCGTCACGACC,0,4602859
ybeDp,0.058823529411764705,16,16,CGCTGATAAGGTGTTGACCT,0,4632517
ybeDp,0.058823529411764705,16,16,CGCTAAGCTTCACAAGCACG,0,4610374
ybeDp,0.058823529411764705,16,16,CGCGCGATAAGAATGCGCTC,0,4666123
ybeDp,0.058823529411764705,16,16,CGCAGTTCACTCTATTAAGT,0,4674711
ybeDp,0.058823529411764705,16,16,CGCAGTCACGAAACTAAGTG,0,4633554
ybeDp,0.058823529411764705,16,16,CGAGTATCTCGGACTTACTG,0,4604236
ybeDp,0.058823529411764705,16,16,CGAGGTTACCTGCCGGTCTT,0,4627663
ybeDp,0.058823529411764705,16,16,CGACGCAAACTACAAGGAAG,0,4628201
ybeDp,0.058823529411764705,16,16,CGACAGTGCCTGTAGCTGCA,0,4656636
ybeDp,0.058823529411764705,16,16,CGAAAAAACCTTGCACGTAT,0,4675852
ybeDp,0.058823529411764705,16,16,CCTTGCGGTAGGGAAATTAC,0,4659615
ybeDp,0.058823529411764705,16,16,CCTGCAGATGCCTCCCTGCA,0,4612790
ybeDp,0.058823529411764705,16,16,CCGCGCCACTTCGGCGCACT,0,4666092
ybeDp,0.058823529411764705,16,16,CCGCGCATCTCCGGAACCGA,0,4685290
ybeDp,0.058823529411764705,16,16,CCGAGGCTTTGATGCAGATA,0,4629267
ybeDp,0.058823529411764705,16,16,CCGAGCTACGAAACAACGGG,0,4618581
ybeDp,0.058823529411764705,16,16,CCGACTTTACATTCCGATAT,0,4641811
ybeDp,0.058823529411764705,16,16,CCGAAACACCCGGATACCCC,0,4636454
ybeDp,0.058823529411764705,16,16,CCATGTAATATGTCGCTCGC,0,4665714
ybeDp,0.058823529411764705,16,16,CCAGCTGGTTCCTAAAAACC,0,4668989
ybeDp,0.058823529411764705,16,16,CCAAAAAGGGCAACTATCGT,0,4626818
ybeDp,0.058823529411764705,16,16,CAGGTTACAATCACCGCAGT,0,4662714
ybeDp,0.058823529411764705,16,16,CAGGTGCGACCAGGAGAACT,0,4638440
ybeDp,0.058823529411764705,16,16,CAGGGTGCTCAGCTCTGTGT,0,4604573
ybeDp,0.058823529411764705,16,16,CACTGGATGAAATCCAGAGC,0,4660883
ybeDp,0.058823529411764705,16,16,CACGCCGAACGCGCTGATGA,0,4648503
ybeDp,0.058823529411764705,16,16,CACAAGTTGCGGGTAACTAA,0,4670718
ybeDp,0.058823529411764705,16,16,CAATCATGGAGGTAGATACT,0,4632766
ybeDp,0.058823529411764705,16,16,CAAGTGCAACCAGTTGATCC,0,4605865
ybeDp,0.058823529411764705,16,16,CAAGAGCCAAAGCTCGTTTC,0,4670581
ybeDp,0.058823529411764705,16,16,ATTGCTTCCAGCGGCGACAC,0,4658880
ybeDp,0.058823529411764705,16,16,ATTCGTAGACAAGCCGAGGG,0,4644782
ybeDp,0.058823529411764705,16,16,ATTCCTCGGACGGTTTGATC,0,4606792
ybeDp,0.058823529411764705,16,16,ATTATCAATCGTGAGTGGTC,0,4628729
ybeDp,0.058823529411764705,16,16,ATGTGCCCAAGGTGCGTCGT,0,4675340
ybeDp,0.058823529411764705,16,16,ATGTCTCCGTCGCCCACCGT,0,4681668
ybeDp,0.058823529411764705,16,16,ATGTCCAGCAGGTTTTCCGA,0,4616098
ybeDp,0.058823529411764705,16,16,ATGGGTGTTGCCAACGTCGT,0,4665144
ybeDp,0.058823529411764705,16,16,ATCAGCTCTAGGGCCGTCTT,0,4619020
ybeDp,0.058823529411764705,16,16,ATCAGCAGGGAAGGGACACA,0,4655621
ybeDp,0.058823529411764705,16,16,ATCACGGTAGACTCAGTTTT,0,4648026
ybeDp,0.058823529411764705,16,16,ATATCTCTAGTCAGAGCGGG,0,4642146
ybeDp,0.058823529411764705,16,16,ATAGGCGTTTCGATTTGCTC,0,4605756
ybeDp,0.058823529411764705,16,16,ATAGACCGAGCTCGTATTGG,0,4616340
ybeDp,0.058823529411764705,16,16,ATACTCCTACATCCTTTTAG,0,4660298
ybeDp,0.058823529411764705,16,16,ATAAAGTGACAACAATCAGA,0,4685400
ybeDp,0.058823529411764705,16,16,AGTTTTTTGAAACTAACCCG,0,4624884
ybeDp,0.058823529411764705,16,16,AGTTTTTAACCGCCAAGTCC,0,4634162
ybeDp,0.058823529411764705,16,16,AGTTATCATGTCTGCTCCGA,0,4662263
ybeDp,0.058823529411764705,16,16,AGTGCTAATCTCATACGGAA,0,4654861
ybeDp,0.058823529411764705,16,16,AGTCGCTCGGCCAGATGCGC,0,4652035
ybeDp,0.058823529411764705,16,16,AGTACCCATTACGAAGCCAT,0,4627011
ybeDp,0.058823529411764705,16,16,AGGTCCTATAAACACGATCT,0,4615096
ybeDp,0.058823529411764705,16,16,AGGTCAGTTGAAACTTTTCT,0,4679956
ybeDp,0.058823529411764705,16,16,AGGCATAGTTCTCGATATTG,0,4615830
ybeDp,0.058823529411764705,16,16,AGGATTCTGTTATGTACTGC,0,4629802
ybeDp,0.058823529411764705,16,16,AGCTTCAGGGGGTTCGGAGG,0,4641048
ybeDp,0.058823529411764705,16,16,AGCTGTCTTGTCACGGGGTC,0,4648844
ybeDp,0.058823529411764705,16,16,AGCGTGGAGTCCCATCATTA,0,4607312
ybeDp,0.058823529411764705,16,16,AGCGGGTGCACGGGTTGGTG,0,4623878
ybeDp,0.058823529411764705,16,16,AGCGAGCTACTGTACACGGT,0,4669378
ybeDp,0.058823529411764705,16,16,AGCCCTCAATTTTTAGTACC,0,4617231
ybeDp,0.058823529411764705,16,16,AGCCATGAGACCACGGAGGT,0,4608564
ybeDp,0.058823529411764705,16,16,AGATGCGGAACAACCAAGAC,0,4628285
ybeDp,0.058823529411764705,16,16,AGAGGGGATTCACAAAACGG,0,4631117
ybeDp,0.058823529411764705,16,16,AGACTTCACATGGAATAAAT,0,4617050
ybeDp,0.058823529411764705,16,16,AGACTCGTCACCGACGCGCG,0,4643875
ybeDp,0.058823529411764705,16,16,AGACTACTGCAATCGCTAAA,0,4666525
ybeDp,0.058823529411764705,16,16,AGAAGGTGTTATCCACATGT,0,4656008
ybeDp,0.058823529411764705,16,16,ACTTGCGCGCTCACTCCAGA,0,4622950
ybeDp,0.058823529411764705,16,16,ACGTGGTCTCGTATCTTAGG,0,4638928
ybeDp,0.058823529411764705,16,16,ACGCTAGTCGTGAATGGCTA,0,4611026
ybeDp,0.058823529411764705,16,16,ACGCAATTACAGCATTCTCA,0,4679798
ybeDp,0.058823529411764705,16,16,ACGATACTTAGCTGCGAATG,0,4681103
ybeDp,0.058823529411764705,16,16,ACGAACAGTATAGACTCGGG,0,4604414
ybeDp,0.058823529411764705,16,16,ACGAACAGCCAAAGGGGGCT,0,4631802
ybeDp,0.058823529411764705,16,16,ACCCGTGGGACATTTGATAT,0,4663948
ybeDp,0.058823529411764705,16,16,ACCCAAGAGTGGCCGACCAG,0,4610088
ybeDp,0.058823529411764705,16,16,ACCATAATGGACATTTTGCC,0,4622989
ybeDp,0.058823529411764705,16,16,ACAGTCCCATGGACGGTAAG,0,4619732
ybeDp,0.058823529411764705,16,16,ACACCCGGGATAGTGTTAAT,0,4662197
ybeDp,0.058823529411764705,16,16,AATTGCGTTGCGAGCCACCA,0,4655734
ybeDp,0.058823529411764705,16,16,AATCCGCATTGACAGGGTGG,0,4661720
ybeDp,0.058823529411764705,16,16,AATATTGGTGGTAATAAACA,0,4663885
ybeDp,0.058823529411764705,16,16,AATATCTTAGGGAGATTCGG,0,4669786
ybeDp,0.058823529411764705,16,16,AAGGTTCGATCTGGGATGGT,0,4676807
ybeDp,0.058823529411764705,16,16,AAGCCTCCCGCCGAGGGGGA,0,4632217
ybeDp,0.058823529411764705,16,16,AAGAACGCGAGGTTTCATAC,0,4646722
ybeDp,0.058823529411764705,16,16,AACGGAATTGCGCACCGCTC,0,4669646
ybeDp,0.058823529411764705,16,16,AACCACGGAGGGCACGCCAC,0,4679574
ybeDp,0.058823529411764705,16,16,AAATCGGCAAGCCGTACTGA,0,4646834
ybeDp,0.058823529411764705,16,16,AAAGATTGCCTTCTCTTAAA,0,4682470
ybeDp,0.058823529411764705,16,16,AAAATGGTGTTCCACAATCA,0,4601240
ybeDp,0.058823529411764705,16,16,AAAAATTATTAAATTCTTCC,0,4677221
ybeDp,0.0625,15,15,TTTTCTAGTTAGCATTAATT,0,4642228
ybeDp,0.0625,15,15,TTTCGTAATGGAAATCCTCG,0,4645404
ybeDp,0.0625,15,15,TTTCGGATGGCAGTTAAGGA,0,4602022
ybeDp,0.0625,15,15,TTTCACTGGGACGTCGATAT,0,4643458
ybeDp,0.0625,15,15,TTTAGAAGTGGTCGTTACTT,0,4645482
ybeDp,0.0625,15,15,TTGGTACGGGGACCTAAACC,0,4624545
ybeDp,0.0625,15,15,TTGGACAGCGCCAGGTCGTT,0,4607534
ybeDp,0.0625,15,15,TTGCCACGTGGAGTCCGGAC,0,4674290
ybeDp,0.0625,15,15,TTCTGAATGGTCACCAATTA,0,4608577
ybeDp,0.0625,15,15,TTCACCTACCCATAAGCTCG,0,4644557
ybeDp,0.0625,15,15,TTATTCCGCCCACACTATAA,0,4665882
ybeDp,0.0625,15,15,TTAACTGAGGATTTGAACTT,0,4618918
ybeDp,0.0625,15,15,TGTTTAGGGAGGTAGGATCA,0,4653762
ybeDp,0.0625,15,15,TGTTGCCAGAGAGCTGCCAA,0,4602633
ybeDp,0.0625,15,15,TGTGATAGAGTAGTTTTGAA,0,4644937
ybeDp,0.0625,15,15,TGTAGCCCACGAAGAGGATG,0,4626983
ybeDp,0.0625,15,15,TGTAAACAAGACAGGCACAC,0,4644013
ybeDp,0.0625,15,15,TGGAGTGAGAGGACTATGAT,0,4676933
ybeDp,0.0625,15,15,TGCGCTGTGATCTCAGCATT,0,4630833
ybeDp,0.0625,15,15,TGAGCCGCCGTCCTCTCTGC,0,4616861
ybeDp,0.0625,15,15,TGAATGCTGCTGCGCCAGCA,0,4680827
ybeDp,0.0625,15,15,TGAATCGCAACGCGGACCCG,0,4639679
ybeDp,0.0625,15,15,TGAAATTCTGTAGGAACCGT,0,4617495
ybeDp,0.0625,15,15,TCTGATTGGGGACTACGGCT,0,4680876
ybeDp,0.0625,15,15,TCTCTCACGGTCGGGGCCTG,0,4608603
ybeDp,0.0625,15,15,TCTCGGGTCAGGTTTAGCCT,0,4660718
ybeDp,0.0625,15,15,TCTCCATGAGGTATAGGCTG,0,4622028
ybeDp,0.0625,15,15,TCTCCAACAAAGTTTGAGGT,0,4670708
ybeDp,0.0625,15,15,TCGCGTGTGAGTTCACAGAT,0,4612473
ybeDp,0.0625,15,15,TCGCGACGGTCTACGTCGCA,0,4687533
ybeDp,0.0625,15,15,TCCAATAGTATGAACCGCAA,0,4616010
ybeDp,0.0625,15,15,TCATTATCAGTTTGATAAAA,0,4658288
ybeDp,0.0625,15,15,TCATTACATATCAATTATTA,0,4652296
ybeDp,0.0625,15,15,TCATATGACCGTGCGTGAAC,0,4622161
ybeDp,0.0625,15,15,TATTCTCGGCTAAGCCGAGG,0,4680190
ybeDp,0.0625,15,15,TATCAAACATAATTGCCCGT,0,4640539
ybeDp,0.0625,15,15,TATAGTAGCCCAGTTCCGAA,0,4647883
ybeDp,0.0625,15,15,TATAACATGCCAATAGGTAG,0,4614040
ybeDp,0.0625,15,15,TAGCTCTGGCTAAGTGAAAT,0,4672981
ybeDp,0.0625,15,15,TAGATCCGCATGGTAGGAAT,0,4614919
ybeDp,0.0625,15,15,TACTGCGAAGTCGGTCCGCT,0,4657566
ybeDp,0.0625,15,15,TACTGAAACAAGCGGCAAGA,0,4680580
ybeDp,0.0625,15,15,TAAGCATGTAGCCGAGTCCT,0,4647030
ybeDp,0.0625,15,15,GTTAACTGTGTACACTAGGA,0,4670761
ybeDp,0.0625,15,15,GTGTTGACGGCGTATCGCCG,0,4649388
ybeDp,0.0625,15,15,GTCCCGCAATCACTTTCCAC,0,4677317
ybeDp,0.0625,15,15,GTATGCATGCATTACGGACT,0,4640373
ybeDp,0.0625,15,15,GTATAGGCTTTGGGGCAATC,0,4684653
ybeDp,0.0625,15,15,GTACTCGGTTCAGATTACCC,0,4664981
ybeDp,0.0625,15,15,GTACGACCGTTGCTTTATGT,0,4668507
ybeDp,0.0625,15,15,GTAAGGTCATTCGAATTCAA,0,4654597
ybeDp,0.0625,15,15,GGTAATCCGATAGGGCTCCT,0,4616836
ybeDp,0.0625,15,15,GGGGTTATCTCCTGTTCCAC,0,4634332
ybeDp,0.0625,15,15,GGGGTCGGATACCCCCCGAG,0,4663586
ybeDp,0.0625,15,15,GGGGACCGAGCGAATCCTGT,0,4636086
ybeDp,0.0625,15,15,GGGCGGTGCCTGTGCGCAGT,0,4680865
ybeDp,0.0625,15,15,GGGCCTAGATATTCTGCATC,0,4606505
ybeDp,0.0625,15,15,GGGACTCCATTATATAAGTA,0,4659863
ybeDp,0.0625,15,15,GGCTGCATGGTGCAACGTCG,0,4663750
ybeDp,0.0625,15,15,GGCTCTATTGTTATGCTGTT,0,4644208
ybeDp,0.0625,15,15,GGCGCACTCTCTGGAAGCAG,0,4636463
ybeDp,0.0625,15,15,GGCCCGGTCTTCCTGGTCCT,0,4621209
ybeDp,0.0625,15,15,GGCATCAAAGTAAATCTCAA,0,4656379
ybeDp,0.0625,15,15,GGACATTTAAGCAATTACTT,0,4604029
ybeDp,0.0625,15,15,GGAATCGAAGACAATTTGTC,0,4664595
ybeDp,0.0625,15,15,GGAAGACTGCGAAAAGAACG,0,4636219
ybeDp,0.0625,15,15,GCTTCCGGGATTACTTACCA,0,4633781
ybeDp,0.0625,15,15,GCTATCACACGGTTGAATGA,0,4630911
ybeDp,0.0625,15,15,GCTAACCGGCTAACCTTTAC,0,4648744
ybeDp,0.0625,15,15,GCTAAATGTGTAAAGTCTCT,0,4625497
ybeDp,0.0625,15,15,GCGTGATATGAACACATTCC,0,4632715
ybeDp,0.0625,15,15,GCGTAGGAGAGTACATCGTT,0,4666020
ybeDp,0.0625,15,15,GCGGACCAGTCCCACAACAT,0,4650438
ybeDp,0.0625,15,15,GCGACTGTCAACCGCAACTC,0,4672140
ybeDp,0.0625,15,15,GCCTTTGTACCAATGAACGA,0,4645708
ybeDp,0.0625,15,15,GCCTCTGGTCTAAGTTGGTA,0,4647219
ybeDp,0.0625,15,15,GCCCGAGGTAGCGGCCATCG,0,4614698
ybeDp,0.0625,15,15,GCCAGAGCTCGCTAAAATAT,0,4639419
ybeDp,0.0625,15,15,GCCAAGCTCACAAATGTATC,0,4658499
ybeDp,0.0625,15,15,GCAGTTTTCGGGAAAGGTAC,0,4633031
ybeDp,0.0625,15,15,GCAGTACAGTAGGCGGTACA,0,4630213
ybeDp,0.0625,15,15,GCAGAGTTATGTAGTCCTTC,0,4659617
ybeDp,0.0625,15,15,GCACGTGTTAACTCGCTCGG,0,4625163
ybeDp,0.0625,15,15,GCAACCTCACGGCACCCCCC,0,4618720
ybeDp,0.0625,15,15,GATGTGAAGTGGCTCGCTCC,0,4644472
ybeDp,0.0625,15,15,GATATCTGGGAAAACCCCAT,0,4673630
ybeDp,0.0625,15,15,GAGTCTCAGTCCGCTGACCT,0,4610255
ybeDp,0.0625,15,15,GACGAATAGTGGGCTCAAAA,0,4624068
ybeDp,0.0625,15,15,GAATCGGGCAGTCGGGCGGC,0,4660301
ybeDp,0.0625,15,15,GAATCGACACGCTGTTAAGG,0,4612512
ybeDp,0.0625,15,15,GAAGGGGAATCTATTGGCGG,0,4668363
ybeDp,0.0625,15,15,GAAGAAAGGGTGCAACTCGA,0,4643718
ybeDp,0.0625,15,15,GAACTATATTTAGGAGATGC,0,4643722
ybeDp,0.0625,15,15,GAAACGCTTGGCGTCAAGCG,0,4639151
ybeDp,0.0625,15,15,CTTCACCCCATGTTCGACGC,0,4664192
ybeDp,0.0625,15,15,CTTAATTTGCGATCACCCAT,0,4657898
ybeDp,0.0625,15,15,CTGTTGGTTCGACGGTTTGA,0,4605570
ybeDp,0.0625,15,15,CTGTTCAATCTGCCAATGTT,0,4623861
ybeDp,0.0625,15,15,CTGCTAAGAAGTAAAGTTTT,0,4605050
ybeDp,0.0625,15,15,CTGCGGGCGGATTCCAGATT,0,4601094
ybeDp,0.0625,15,15,CTCGGCGAGGACTTCTATAA,0,4631679
ybeDp,0.0625,15,15,CTCGATTCGATCATATTAAG,0,4610673
ybeDp,0.0625,15,15,CTCCAGTGGGTGCTGTTCTG,0,4652930
ybeDp,0.0625,15,15,CTCATCAGGTATCTTGGATC,0,4623545
ybeDp,0.0625,15,15,CTCAGTCAGCGCGCGCCAAA,0,4647246
ybeDp,0.0625,15,15,CTATTATCTCTCCAGGTGTG,0,4637407
ybeDp,0.0625,15,15,CTATGGCCGCAAGCCACCAC,0,4633963
ybeDp,0.0625,15,15,CTACCGTACAGGTGGACAGA,0,4665448
ybeDp,0.0625,15,15,CGTGGTGGAATCCGAACGCA,0,4656769
ybeDp,0.0625,15,15,CGTGCGTCGTTGAAACGTTT,0,4636377
ybeDp,0.0625,15,15,CGTAGACAGGCTCTCCGAAA,0,4601934
ybeDp,0.0625,15,15,CGGTTTGAAACGACAATCTA,0,4600802
ybeDp,0.0625,15,15,CGGGATCGTGGTTAAGTTAT,0,4636905
ybeDp,0.0625,15,15,CGGGACTCGAAAGAAGGACA,0,4659926
ybeDp,0.0625,15,15,CGGCGACCACGGGGCTCTGT,0,4624394
ybeDp,0.0625,15,15,CGCTATCCGAATACAAAGCT,0,4660557
ybeDp,0.0625,15,15,CGCTATAGTGTGGACCTATA,0,4623630
ybeDp,0.0625,15,15,CGCGTCGCGGCAACCCCAGA,0,4659220
ybeDp,0.0625,15,15,CGCCTCGAGGAAGAATACGC,0,4620658
ybeDp,0.0625,15,15,CGCCCAACAACATAACGGGA,0,4622874
ybeDp,0.0625,15,15,CGCATTGAGCGTTCTCCATG,0,4643911
ybeDp,0.0625,15,15,CGCATTCGGTTGTGCGTAGG,0,4622830
ybeDp,0.0625,15,15,CGCACCAGTAGAATGCCTTG,0,4608518
ybeDp,0.0625,15,15,CGCAAAAGACGTCACGGTGT,0,4635453
ybeDp,0.0625,15,15,CGATTTGGCTTCCAAAATGG,0,4656853
ybeDp,0.0625,15,15,CGATCTTTCAGTGAAGCGCT,0,4674104
ybeDp,0.0625,15,15,CGAGTAGTATCCCGGGGCGT,0,4676620
ybeDp,0.0625,15,15,CGAGCCGCCTTGTTGGGTGT,0,4625225
ybeDp,0.0625,15,15,CGAAATCGCTGACAGATTCA,0,4601972
ybeDp,0.0625,15,15,CCTTGATATTCAGTTTGTTT,0,4637198
ybeDp,0.0625,15,15,CCTCTGCAGGTAATATTTTT,0,4678173
ybeDp,0.0625,15,15,CCTAAATGGTAACATACCAG,0,4615654
ybeDp,0.0625,15,15,CCGTCCAATGTCGTCATGTT,0,4636423
ybeDp,0.0625,15,15,CCGGGCGTATAACAATCTTT,0,4602303
ybeDp,0.0625,15,15,CCGGAGCGGTTCGTGGTGTC,0,4671058
ybeDp,0.0625,15,15,CCGCATCGTCGCAATCACGC,0,4656970
ybeDp,0.0625,15,15,CCCTGGTATTAAATTTGCGT,0,4611394
ybeDp,0.0625,15,15,CCCAATTCACCGCGTTCAAT,0,4604071
ybeDp,0.0625,15,15,CCCAAAAATGGAGGGAGAAG,0,4651606
ybeDp,0.0625,15,15,CCAAGTTAACGCTTTTATTT,0,4633154
ybeDp,0.0625,15,15,CCAAGTGCAGTTAGTATGAT,0,4609556
ybeDp,0.0625,15,15,CCAAAAACAACCATCTGCGG,0,4618954
ybeDp,0.0625,15,15,CATGTGCAGCTCAGCTTCAA,0,4657717
ybeDp,0.0625,15,15,CATCATTTCCTTCGTAGAGA,0,4682512
ybeDp,0.0625,15,15,CAGCTTTGGGAGAATTCAGT,0,4606612
ybeDp,0.0625,15,15,CACTAAGGGCCATGGGACCC,0,4658248
ybeDp,0.0625,15,15,CACGTTCGCTAAGACAGCAG,0,4671899
ybeDp,0.0625,15,15,CACCTTTAAGCATATCAGTT,0,4630906
ybeDp,0.0625,15,15,CAATTTCGACGGAAGCGACT,0,4653728
ybeDp,0.0625,15,15,CAAGGTGAAAGGCAGCAACT,0,4617437
ybeDp,0.0625,15,15,CAAGGTATTGGCTTCACGCC,0,4674564
ybeDp,0.0625,15,15,CAACGGTCCGATAAGGCATT,0,4639181
ybeDp,0.0625,15,15,CAACGCTTTAAAATCCGGCC,0,4626944
ybeDp,0.0625,15,15,CAACAGGGGTCCTTTTCACA,0,4687062
ybeDp,0.0625,15,15,CAAATGAGGTTTTGACAAGT,0,4621642
ybeDp,0.0625,15,15,CAAAGTACGCAGTCAGCCTG,0,4647759
ybeDp,0.0625,15,15,CAAACGTGTCAAGTTGATGT,0,4681953
ybeDp,0.0625,15,15,CAAAAGGCATAGCATCGAGC,0,4605063
ybeDp,0.0625,15,15,ATTTTACATTTCATGGTCCA,0,4655764
ybeDp,0.0625,15,15,ATTGTTATTACGAGCAAAGT,0,4617237
ybeDp,0.0625,15,15,ATTCTTGTATACGCCACAGA,0,4664538
ybeDp,0.0625,15,15,ATTCCGCTGTCGGGCTTTCG,0,4661355
ybeDp,0.0625,15,15,ATTAGATTAACCGTTGGTCG,0,4625466
ybeDp,0.0625,15,15,ATGGCAGCGGGAATACTCTA,0,4647139
ybeDp,0.0625,15,15,ATGGATGGCTGACCGGTTTG,0,4620192
ybeDp,0.0625,15,15,ATGGAGCGCTTACTATTGTG,0,4649823
ybeDp,0.0625,15,15,ATCTGACCGTGACTTAGCAT,0,4679439
ybeDp,0.0625,15,15,ATCTCTAGCTAACCACGGAG,0,4679868
ybeDp,0.0625,15,15,ATCATGTATATCAAGAGGGT,0,4680369
ybeDp,0.0625,15,15,ATATCTACTTCCTGACAGCA,0,4638444
ybeDp,0.0625,15,15,ATAGCTAACTGAGCCTCAGA,0,4660309
ybeDp,0.0625,15,15,ATAGATATCAGAGTCAGTAT,0,4667778
ybeDp,0.0625,15,15,ATAGAGGGCTTTCGTTGTTT,0,4668113
ybeDp,0.0625,15,15,ATACTTGGCGACATTTTTAT,0,4677570
ybeDp,0.0625,15,15,ATACCGGAAAAGCAAGTCAT,0,4611990
ybeDp,0.0625,15,15,ATACATTTCGTCACGGCGAT,0,4618876
ybeDp,0.0625,15,15,AGTGTATGGTATCCTCGACC,0,4645439
ybeDp,0.0625,15,15,AGTCGGGGGGCACAGACTAA,0,4659730
ybeDp,0.0625,15,15,AGTACAGAAGCTTCGCCCAG,0,4648528
ybeDp,0.0625,15,15,AGGGCTGGCATCTAGCTAAG,0,4666500
ybeDp,0.0625,15,15,AGGGAGTCGTCACAGGGTAT,0,4604967
ybeDp,0.0625,15,15,AGGAAAAGTTCAAAATGGAA,0,4647000
ybeDp,0.0625,15,15,AGCTGGCGGAAGATCTAAAC,0,4610727
ybeDp,0.0625,15,15,AGCGCACGACCGTCCTCTGA,0,4685033
ybeDp,0.0625,15,15,AGATTTCGAACGAGTATATA,0,4668012
ybeDp,0.0625,15,15,AGATGACCTCTTCTGTCATG,0,4613858
ybeDp,0.0625,15,15,AGATCGATGGAGGACCCATT,0,4623254
ybeDp,0.0625,15,15,AGAGCTATATGTAATTCTCT,0,4679008
ybeDp,0.0625,15,15,AGACTTATGTGAGTCGCGTT,0,4683010
ybeDp,0.0625,15,15,ACTCACTAGCAGGACATGGA,0,4611832
ybeDp,0.0625,15,15,ACGGTTTCTGCGGCCGAGGC,0,4664258
ybeDp,0.0625,15,15,ACGGGTGGCTCAGTAGTATG,0,4628264
ybeDp,0.0625,15,15,ACGGCCGGAATGAAATGCGG,0,4606870
ybeDp,0.0625,15,15,ACGGATCTCCCTTGTATTCG,0,4608652
ybeDp,0.0625,15,15,ACCGGTTCGCTTAATACGGG,0,4609042
ybeDp,0.0625,15,15,ACCGGTAGACGTAAACGTAA,0,4624881
ybeDp,0.0625,15,15,ACCCCTACGAGGTCGCACAA,0,4631752
ybeDp,0.0625,15,15,ACATTGTGTTAAGCGGATGG,0,4674202
ybeDp,0.0625,15,15,ACAATCTAGCACCGTTCTCC,0,4686837
ybeDp,0.0625,15,15,AATTCTGTTCTAAGCCTGAA,0,4625271
ybeDp,0.0625,15,15,AATTCTATTGGGAGTCTTAT,0,4687730
ybeDp,0.0625,15,15,AATTCGCACAGCTTAGGCCG,0,4617021
ybeDp,0.0625,15,15,AATGAGCTAAGTTTGCAGGT,0,4622281
ybeDp,0.0625,15,15,AATCCTAAACTACCGTTTTT,0,4615590
ybeDp,0.0625,15,15,AATAAGCCAAGGTCTGCGGT,0,4637552
ybeDp,0.0625,15,15,AAGGTTTACTGCGTGTGTTA,0,4621514
ybeDp,0.0625,15,15,AAGGGGCAACAAGAGGACTT,0,4626816
ybeDp,0.0625,15,15,AAGGGACGCGGTCGTCAACA,0,4640998
ybeDp,0.0625,15,15,AAGGAACTGCGACCGCACCA,0,4649268
ybeDp,0.0625,15,15,AAGCGTCTCGGAGCTAGGAC,0,4672602
ybeDp,0.0625,15,15,AAGCCACATATTGGGTCGTT,0,4651714
ybeDp,0.0625,15,15,AACGTCGTTGCGGATAAATA,0,4643983
ybeDp,0.0625,15,15,AACGACACCGTACAATTCGG,0,4667927
ybeDp,0.0625,15,15,AACCACTGAGTGTTGCCGCT,0,4636506
ybeDp,0.0625,15,15,AACAGGAACAAGCACTACCA,0,4669837
ybeDp,0.0625,15,15,AACAGCTGTTATGCCGATAT,0,4667911
ybeDp,0.0625,15,15,AAATTTGGGCGTTTAGGCAT,0,4630012
ybeDp,0.0625,15,15,AAACGGCACCGACGCAGATG,0,4602779
ybeDp,0.0625,15,15,AAAATGATGCACAGGGGAGG,0,4660294
ybeDp,0.0625,15,15,AAAAGCATGGCGATGGCAGT,0,4681439
ybeDp,0.06666666666666667,14,14,TTTTCAGTAATTATCACTGT,0,4679427
ybeDp,0.06666666666666667,14,14,TTTGAGCCGGAAGCCCCGCA,0,4611067
ybeDp,0.06666666666666667,14,14,TTTAGGTCCGGGGAAATGTC,0,4613549
ybeDp,0.06666666666666667,14,14,TTGTATAAGTCCATCGTTAA,0,4616509
ybeDp,0.06666666666666667,14,14,TTGCTGGGCGACAGCTAACA,0,4663105
ybeDp,0.06666666666666667,14,14,TTCTGGTACAGAATCTCTGG,0,4638011
ybeDp,0.06666666666666667,14,14,TTCGTTCATCCATCGGTGAT,0,4631673
ybeDp,0.06666666666666667,14,14,TTCCCTCGGGTAGTGTCAAC,0,4648291
ybeDp,0.06666666666666667,14,14,TTCCCGGCTTCTGGTGGTCG,0,4612936
ybeDp,0.06666666666666667,14,14,TTCCAGGGGCGTCCGACCAG,0,4614334
ybeDp,0.06666666666666667,14,14,TTCATATTGAGAGGTCAAGC,0,4618430
ybeDp,0.06666666666666667,14,14,TTCAGCGCGGTACCGCTTAG,0,4665913
ybeDp,0.06666666666666667,14,14,TTCACGGACCAAGTAACAGG,0,4663808
ybeDp,0.06666666666666667,14,14,TTACTTGCTTCGCACAGTCC,0,4670150
ybeDp,0.06666666666666667,14,14,TTAAAATACGAAAGGTTGAG,0,4618470
ybeDp,0.06666666666666667,14,14,TGTGTGAGTCATTGGCTCTG,0,4603302
ybeDp,0.06666666666666667,14,14,TGTGCCGCAGTGGGAGCGTA,0,4679297
ybeDp,0.06666666666666667,14,14,TGTGACAAAATAAAAGAGCA,0,4648765
ybeDp,0.06666666666666667,14,14,TGGTTGAGGGGTGCCTAATA,0,4667753
ybeDp,0.06666666666666667,14,14,TGGGGGGCGACCTGGTCAGC,0,4649614
ybeDp,0.06666666666666667,14,14,TGGGAGGCCTGGATGGCCCA,0,4643998
ybeDp,0.06666666666666667,14,14,TGGCTATCTCTCGGGCACCT,0,4630760
ybeDp,0.06666666666666667,14,14,TGGCGTACGTAAGTCTTGCA,0,4605176
ybeDp,0.06666666666666667,14,14,TGGCCCGTCGGACGTGACAA,0,4626979
ybeDp,0.06666666666666667,14,14,TGGATTATGGAAGTCGTTTA,0,4633771
ybeDp,0.06666666666666667,14,14,TGGAAAAGTAGGCGGGCTCG,0,4639832
ybeDp,0.06666666666666667,14,14,TGCGCCTCCTTCTTGTGGTA,0,4617054
ybeDp,0.06666666666666667,14,14,TGCCAGTCGAATCGGCAAGA,0,4608563
ybeDp,0.06666666666666667,14,14,TGCAAAAAGGCTCATCTGTT,0,4675926
ybeDp,0.06666666666666667,14,14,TGATGCTTCCTGCAAGGGAA,0,4661973
ybeDp,0.06666666666666667,14,14,TGAGTTGGTCATTCCGGTCA,0,4684117
ybeDp,0.06666666666666667,14,14,TGAGGATACTAACCATCCTG,0,4674283
ybeDp,0.06666666666666667,14,14,TGACTGTCTCAGACTGTGGG,0,4647438
ybeDp,0.06666666666666667,14,14,TGACGACTGGAATGTAATAT,0,4680555
ybeDp,0.06666666666666667,14,14,TCTTTTTGCGTAAACGTTAC,0,4654917
ybeDp,0.06666666666666667,14,14,TCTTAGGGCAGACAGGTTGT,0,4616268
ybeDp,0.06666666666666667,14,14,TCTCACACCATGCCCCAGGA,0,4604802
ybeDp,0.06666666666666667,14,14,TCTAGCTTACCGAGAATACG,0,4618443
ybeDp,0.06666666666666667,14,14,TCTAACGTCACTTTTAAAGG,0,4644718
ybeDp,0.06666666666666667,14,14,TCGCTACACTAATATACAAT,0,4661776
ybeDp,0.06666666666666667,14,14,TCGCGGGCTTCGCAATATTC,0,4667710
ybeDp,0.06666666666666667,14,14,TCGCAAAATGGCAGACACGA,0,4674451
ybeDp,0.06666666666666667,14,14,TCGAGAACACGGGAGCGTGA,0,4680874
ybeDp,0.06666666666666667,14,14,TCGACTTGGACGGACAACGG,0,4611636
ybeDp,0.06666666666666667,14,14,TCCTCATCTTCAATCGGTCC,0,4601954
ybeDp,0.06666666666666667,14,14,TCCGTAGTTGCCAATGTGTT,0,4608279
ybeDp,0.06666666666666667,14,14,TCCGATCGATCTCGCTGATA,0,4615187
ybeDp,0.06666666666666667,14,14,TCCGACAACGTATCCGGTGT,0,4637045
ybeDp,0.06666666666666667,14,14,TCCCGGCTACCCAGGGTCTG,0,4632221
ybeDp,0.06666666666666667,14,14,TCCCGCCGATGCAATTAAAG,0,4611966
ybeDp,0.06666666666666667,14,14,TCACATACGTTCGAGTGGGA,0,4623939
ybeDp,0.06666666666666667,14,14,TCAATTTTTCCTATGCGACC,0,4617712
ybeDp,0.06666666666666667,14,14,TCAAGCAGTTAAAAAACCTG,0,4607398
ybeDp,0.06666666666666667,14,14,TCAACTCAGTCATAGTGGAG,0,4665146
ybeDp,0.06666666666666667,14,14,TATTTGGCACTGGTAAATCT,0,4608884
ybeDp,0.06666666666666667,14,14,TATGTCGAGGTACGCTCGTT,0,4633694
ybeDp,0.06666666666666667,14,14,TATGCTTCAGTTGGAGATGC,0,4683172
ybeDp,0.06666666666666667,14,14,TAGGCGGCTGGCCGGCAGTC,0,4665970
ybeDp,0.06666666666666667,14,14,TAGGACTCGCATTACGATGA,0,4636694
ybeDp,0.06666666666666667,14,14,TACGGCATCTGTCTGTGTTC,0,4610499
ybeDp,0.06666666666666667,14,14,TAATCGCCTATAGTTGTCGT,0,4658707
ybeDp,0.06666666666666667,14,14,TAAGGCTTTTGTAGCCGCGG,0,4618631
ybeDp,0.06666666666666667,14,14,TAACGCCCACCTCCGGCCAA,0,4658760
ybeDp,0.06666666666666667,14,14,TAACAGGCAGCCGAACGGGT,0,4644351
ybeDp,0.06666666666666667,14,14,TAACACACAGCCGCGTATTT,0,4623472
ybeDp,0.06666666666666667,14,14,TAAATACGTCTCCCCACAAG,0,4660483
ybeDp,0.06666666666666667,14,14,TAAAACATGGGTCATTCTCT,0,4671500
ybeDp,0.06666666666666667,14,14,GTTTTGACACAACGGGGGAC,0,4642179
ybeDp,0.06666666666666667,14,14,GTTTGTATACCTCGGTATCC,0,4615877
ybeDp,0.06666666666666667,14,14,GTTTCACCCTCCACAGTTAA,0,4607511
ybeDp,0.06666666666666667,14,14,GTTTAATTATCTCGAGTATC,0,4670025
ybeDp,0.06666666666666667,14,14,GTTTAACGCCCTGGACTTAC,0,4687093
ybeDp,0.06666666666666667,14,14,GTTGTGGTCCCGGTTATCAC,0,4619146
ybeDp,0.06666666666666667,14,14,GTTGTAATATTGTCATGAAG,0,4659000
ybeDp,0.06666666666666667,14,14,GTTAGGGCGTTGATAGGAGA,0,4620706
ybeDp,0.06666666666666667,14,14,GTGCACATAGAAATCGGAGC,0,4639844
ybeDp,0.06666666666666667,14,14,GTGATATCTGATCGTTGACA,0,4682933
ybeDp,0.06666666666666667,14,14,GTCTTGCTCAGCGTCTATTT,0,4602949
ybeDp,0.06666666666666667,14,14,GTCCCCAAAACGCCAGGTCA,0,4674404
ybeDp,0.06666666666666667,14,14,GTCATGGTTTAGCGGCAGGG,0,4662090
ybeDp,0.06666666666666667,14,14,GTCATGGCTTCTAGGCATAA,0,4645004
ybeDp,0.06666666666666667,14,14,GTATATTTTTCAGCCATCCG,0,4655570
ybeDp,0.06666666666666667,14,14,GTAGGTTATGAGTCGGACTT,0,4669950
ybeDp,0.06666666666666667,14,14,GTACTGGGAAGGTATATACT,0,4632447
ybeDp,0.06666666666666667,14,14,GTACGGCTCTGGCATCTCTA,0,4616608
ybeDp,0.06666666666666667,14,14,GTACCTTTTTATCCCGTTAT,0,4665163
ybeDp,0.06666666666666667,14,14,GGTTCCGTGCGACGCATTCT,0,4633402
ybeDp,0.06666666666666667,14,14,GGTGTGTCAGCTATGGCTCT,0,4622270
ybeDp,0.06666666666666667,14,14,GGTGGGCTCCAGCGGGTCTC,0,4633599
ybeDp,0.06666666666666667,14,14,GGTAGGCGCGCTACCACCGA,0,4652598
ybeDp,0.06666666666666667,14,14,GGTAATCTCCTGGCCCCTAT,0,4608956
ybeDp,0.06666666666666667,14,14,GGTAACGGTGTGCTGTAGCT,0,4669991
ybeDp,0.06666666666666667,14,14,GGGTTGATGTCCGTACCAGT,0,4675901
ybeDp,0.06666666666666667,14,14,GGGCCGACCCCCACTCATAT,0,4625612
ybeDp,0.06666666666666667,14,14,GGGCAACCATGGCCCCACGA,0,4674671
ybeDp,0.06666666666666667,14,14,GGGAGGGAAGGTCCACCCAT,0,4626646
ybeDp,0.06666666666666667,14,14,GGGAGAGAAGTGAATCACAT,0,4623700
ybeDp,0.06666666666666667,14,14,GGGACATTAGGCTGGTGCTT,0,4624115
ybeDp,0.06666666666666667,14,14,GGCTTTAACCTGGGCGGGGT,0,4647698
ybeDp,0.06666666666666667,14,14,GGCTCAACTGCAATGACTGC,0,4665878
ybeDp,0.06666666666666667,14,14,GGCGGGTTTACAGATTCCGA,0,4632155
ybeDp,0.06666666666666667,14,14,GGCCTAGACATTTGAGGCCT,0,4637308
ybeDp,0.06666666666666667,14,14,GGATTCAGACGGCCATACCT,0,4660128
ybeDp,0.06666666666666667,14,14,GGATGTGGATATCGAACATG,0,4624882
ybeDp,0.06666666666666667,14,14,GGACCGTCTCTCTTCTTTTA,0,4651604
ybeDp,0.06666666666666667,14,14,GCTCGGCATTCGGGGCATAA,0,4631745
ybeDp,0.06666666666666667,14,14,GCTCGCATTTCGCAAACAGA,0,4643035
ybeDp,0.06666666666666667,14,14,GCTCGATTAGAGGCCTAAGA,0,4638935
ybeDp,0.06666666666666667,14,14,GCTAGGGGGATTATGTTATT,0,4606865
ybeDp,0.06666666666666667,14,14,GCGTTGCGAAGTGCTGAAAA,0,4640402
ybeDp,0.06666666666666667,14,14,GCGGCTTGGGGGCATACGTG,0,4640313
ybeDp,0.06666666666666667,14,14,GCCAGTAGGGCCTGCGTCAT,0,4613082
ybeDp,0.06666666666666667,14,14,GCAGGGCAGCTCAAGTCGAT,0,4625630
ybeDp,0.06666666666666667,14,14,GATTACGGCTTATGCTTTTA,0,4633768
ybeDp,0.06666666666666667,14,14,GATCCAATCAGTTCCTCTTG,0,4669070
ybeDp,0.06666666666666667,14,14,GATATGCTTGGGGCAGCTAG,0,4612625
ybeDp,0.06666666666666667,14,14,GATAGGAATACCCCAGTCGT,0,4632272
ybeDp,0.06666666666666667,14,14,GAGTTAAGTATGATTGTCCT,0,4637275
ybeDp,0.06666666666666667,14,14,GAGGATCTGAGAACAGCGTG,0,4678099
ybeDp,0.06666666666666667,14,14,GAGCGTGCTACAGAACCACG,0,4683647
ybeDp,0.06666666666666667,14,14,GAGATCAGCTGATTAGTAAT,0,4632314
ybeDp,0.06666666666666667,14,14,GACTTTATGCCAATGGACAT,0,4622816
ybeDp,0.06666666666666667,14,14,GACGAACACCAAAAAGACTA,0,4615538
ybeDp,0.06666666666666667,14,14,GACCGAGGGATCCAATTGGG,0,4616659
ybeDp,0.06666666666666667,14,14,GACCCCACCTTCAAAAACGA,0,4625099
ybeDp,0.06666666666666667,14,14,GAATGGATAATGACCCCTCG,0,4619237
ybeDp,0.06666666666666667,14,14,GAATAGGAGTCATCGTCTGG,0,4605842
ybeDp,0.06666666666666667,14,14,GAAATCTTAAACAATGCGGT,0,4615941
ybeDp,0.06666666666666667,14,14,GAAAATAGTCGTGAATAAAT,0,4646179
ybeDp,0.06666666666666667,14,14,CTTCTTGAAAGGATGCACAA,0,4672299
ybeDp,0.06666666666666667,14,14,CTGGCAGCGCTGGGTGTGTA,0,4678469
ybeDp,0.06666666666666667,14,14,CTGATCCCGCAAGTGGTGTG,0,4616028
ybeDp,0.06666666666666667,14,14,CTGATCACGCGGGACCGCGT,0,4620053
ybeDp,0.06666666666666667,14,14,CTGAGCTAGCACACAGTGGG,0,4625102
ybeDp,0.06666666666666667,14,14,CTGAGAGGCACCCAGGAACC,0,4656672
ybeDp,0.06666666666666667,14,14,CTCTTGCGCTCGTATGGGGG,0,4646675
ybeDp,0.06666666666666667,14,14,CTCTTGCCTACTCCCGGGAG,0,4610964
ybeDp,0.06666666666666667,14,14,CTCTTCTGGATAGGTGCATC,0,4606853
ybeDp,0.06666666666666667,14,14,CTCCTGCATTAGGCTGGCGC,0,4667132
ybeDp,0.06666666666666667,14,14,CTCCGGTGGGATGAACTGAA,0,4672644
ybeDp,0.06666666666666667,14,14,CTATGTTGTTACCGCCAATA,0,4645379
ybeDp,0.06666666666666667,14,14,CTAGTCATTCTCTGTCATCG,0,4605497
ybeDp,0.06666666666666667,14,14,CTAGAGGGTTTTCGATGGTA,0,4641494
ybeDp,0.06666666666666667,14,14,CTACCACAGCGCACATCAGT,0,4632730
ybeDp,0.06666666666666667,14,14,CTAATCAAATGTTACCTGGT,0,4650207
ybeDp,0.06666666666666667,14,14,CTAAAGACGGTTATCAATAC,0,4630490
ybeDp,0.06666666666666667,14,14,CGTTTTTTACACACCAGTTG,0,4617910
ybeDp,0.06666666666666667,14,14,CGTTTTAGATACGCCAGTCG,0,4661295
ybeDp,0.06666666666666667,14,14,CGTTCTAGTTAAAAGGGAAT,0,4677218
ybeDp,0.06666666666666667,14,14,CGTGCCTGGTGTCTGTAATA,0,4646069
ybeDp,0.06666666666666667,14,14,CGTCTTCGTTACCAGCTGGA,0,4655946
ybeDp,0.06666666666666667,14,14,CGTCACTGATTTAACCGTAC,0,4683956
ybeDp,0.06666666666666667,14,14,CGTATACGGGGACCGAATTA,0,4632371
ybeDp,0.06666666666666667,14,14,CGGTAGAGAGTTCACGCGAA,0,4632171
ybeDp,0.06666666666666667,14,14,CGGGAGGTACAGCGGAAGTA,0,4611961
ybeDp,0.06666666666666667,14,14,CGGACACTTCACAGGCACTA,0,4638000
ybeDp,0.06666666666666667,14,14,CGCTAAGCGACGGACTTGCG,0,4664174
ybeDp,0.06666666666666667,14,14,CGCGTCTTACCAGATCATTG,0,4627945
ybeDp,0.06666666666666667,14,14,CGCGGTCCACTATGAACAGA,0,4659015
ybeDp,0.06666666666666667,14,14,CGATGGACACGGCCTCTATG,0,4613889
ybeDp,0.06666666666666667,14,14,CGATGCTGGGGGTTCACACT,0,4622376
ybeDp,0.06666666666666667,14,14,CGAGCTGCACCAGAATTTGC,0,4626662
ybeDp,0.06666666666666667,14,14,CGACGATTATTAGCGTGCTT,0,4618126
ybeDp,0.06666666666666667,14,14,CGACGAACTCGTAATACAGG,0,4612505
ybeDp,0.06666666666666667,14,14,CGAAGGTCTTCGGCACTTAG,0,4620932
ybeDp,0.06666666666666667,14,14,CCTTTCCCACCTAACGTCAA,0,4616173
ybeDp,0.06666666666666667,14,14,CCTTTAATGACAGGCCACCT,0,4647479
ybeDp,0.06666666666666667,14,14,CCTTCGATTTGCGCTAGACA,0,4646702
ybeDp,0.06666666666666667,14,14,CCTCACAGACGAAAGGACTC,0,4600785
ybeDp,0.06666666666666667,14,14,CCTAGACTTATCTTCTGATT,0,4651504
ybeDp,0.06666666666666667,14,14,CCGTTCTTACCTGGTATCAC,0,4626612
ybeDp,0.06666666666666667,14,14,CCGTTATCGCGTTCTAGAAG,0,4663489
ybeDp,0.06666666666666667,14,14,CCGTCAGGATCCCTCGCCCA,0,4644268
ybeDp,0.06666666666666667,14,14,CCGTACGACATTGACTTGGA,0,4656985
ybeDp,0.06666666666666667,14,14,CCGGGTAAATCCAATGCGTG,0,4617753
ybeDp,0.06666666666666667,14,14,CCGCTGTCTTTGTACAGGAT,0,4670437
ybeDp,0.06666666666666667,14,14,CCCACAATGACGCTTGATAA,0,4659291
ybeDp,0.06666666666666667,14,14,CCAGTCCAGGCGGTTCACGA,0,4615959
ybeDp,0.06666666666666667,14,14,CCAGACGCCGTGAGGCCGTG,0,4602931
ybeDp,0.06666666666666667,14,14,CCAATTAGCTTTCAGCTTAC,0,4664421
ybeDp,0.06666666666666667,14,14,CATTGCAGCTGGTAAGCCAA,0,4654254
ybeDp,0.06666666666666667,14,14,CATGTTTCCAGCAAATGGAC,0,4621621
ybeDp,0.06666666666666667,14,14,CATATCATCACTTTGTAGGG,0,4638530
ybeDp,0.06666666666666667,14,14,CATATCAAGGCTAGTAGCTG,0,4674990
ybeDp,0.06666666666666667,14,14,CATACGCAAACACCGCTAGG,0,4682311
ybeDp,0.06666666666666667,14,14,CATAACGATAGCCGGGGTCG,0,4651462
ybeDp,0.06666666666666667,14,14,CAGGTAGCATCGTCTGGTGG,0,4665974
ybeDp,0.06666666666666667,14,14,CACGGCCACCGGTCCATTAG,0,4630214
ybeDp,0.06666666666666667,14,14,CACGATCTTTAAAGAACAGG,0,4644946
ybeDp,0.06666666666666667,14,14,CACGATACTGGCCATGAGGC,0,4615512
ybeDp,0.06666666666666667,14,14,CACCGGCGCGCCACATCAAT,0,4606051
ybeDp,0.06666666666666667,14,14,CACCCCTTTTAATCCCATAC,0,4603608
ybeDp,0.06666666666666667,14,14,CACAAGGGCATATATATAAC,0,4606254
ybeDp,0.06666666666666667,14,14,CAAGTTCACGGCTATTATAT,0,4616105
ybeDp,0.06666666666666667,14,14,CAACAATCGTTGGATCGATA,0,4644039
ybeDp,0.06666666666666667,14,14,CAAAGAATGTTGAATATGAG,0,4650279
ybeDp,0.06666666666666667,14,14,ATTGGTGTTGCATGGCATCT,0,4615698
ybeDp,0.06666666666666667,14,14,ATTGGGGTTCAGCGTGTTAC,0,4633179
ybeDp,0.06666666666666667,14,14,ATTCGGGCTTGCCCACCGGC,0,4625286
ybeDp,0.06666666666666667,14,14,ATTCAGCTTATGTATGACCT,0,4684201
ybeDp,0.06666666666666667,14,14,ATTACTACGCAATCGAGGCA,0,4651343
ybeDp,0.06666666666666667,14,14,ATTACTACAATCAGAGACTC,0,4622101
ybeDp,0.06666666666666667,14,14,ATTAAGCGGTAGTACAAGTG,0,4639272
ybeDp,0.06666666666666667,14,14,ATGTAGCGACCACTGTGCGG,0,4633254
ybeDp,0.06666666666666667,14,14,ATGGTTCAACCAAAAGGCAC,0,4646545
ybeDp,0.06666666666666667,14,14,ATGGCGAGTGGTGGCGTGTG,0,4619602
ybeDp,0.06666666666666667,14,14,ATGGAGTAACACTTGTAACG,0,4685485
ybeDp,0.06666666666666667,14,14,ATCTTAGGTGCCGATGGAAG,0,4662688
ybeDp,0.06666666666666667,14,14,ATCTAGGCTACCTTTCCTGT,0,4663633
ybeDp,0.06666666666666667,14,14,ATCTAGCTATAGGAAGCATA,0,4658863
ybeDp,0.06666666666666667,14,14,ATCTACCGTACCGGCGTTTC,0,4638565
ybeDp,0.06666666666666667,14,14,ATCCTTTAATCATATCCCTG,0,4622354
ybeDp,0.06666666666666667,14,14,ATATTCCGGGGTAGTGGGTC,0,4666271
ybeDp,0.06666666666666667,14,14,ATATGCCGCGCCTTACGTGG,0,4636505
ybeDp,0.06666666666666667,14,14,ATATACCCTCGCGATGCTGT,0,4644053
ybeDp,0.06666666666666667,14,14,ATACTATCGATTGGGTGGTA,0,4622368
ybeDp,0.06666666666666667,14,14,ATACTAGACATCTTCTTGAG,0,4651616
ybeDp,0.06666666666666667,14,14,ATAAGCACTAGCGGCCAATT,0,4658684
ybeDp,0.06666666666666667,14,14,AGTTTCTCGGGGAGTTCGAA,0,4668480
ybeDp,0.06666666666666667,14,14,AGTTCGACCATGGTCGTTGC,0,4613807
ybeDp,0.06666666666666667,14,14,AGTTAACTTAGCATTATAAT,0,4649940
ybeDp,0.06666666666666667,14,14,AGTCTGTAATTTTATAACGG,0,4617110
ybeDp,0.06666666666666667,14,14,AGTCGAGAGTTCAATTTGAA,0,4665544
ybeDp,0.06666666666666667,14,14,AGGTTTGAGCGCCCTCCGCA,0,4627959
ybeDp,0.06666666666666667,14,14,AGGTCAAGCGTGTGGATAGT,0,4623281
ybeDp,0.06666666666666667,14,14,AGGTATGCTTTAGCAATATG,0,4629303
ybeDp,0.06666666666666667,14,14,AGGGGGGGACTGCTTGGTAA,0,4677819
ybeDp,0.06666666666666667,14,14,AGGGCTGAAGGGAGAGCCTT,0,4637386
ybeDp,0.06666666666666667,14,14,AGGGAGTGTGTCACATCGTG,0,4644170
ybeDp,0.06666666666666667,14,14,AGGCTTCGGCTATGCAGCGA,0,4672050
ybeDp,0.06666666666666667,14,14,AGGCAATAGGGTCTAGTTCT,0,4658312
ybeDp,0.06666666666666667,14,14,AGGAATGGTATGGGCTAAGG,0,4666265
ybeDp,0.06666666666666667,14,14,AGCCGACAACGGGCTATGTG,0,4628661
ybeDp,0.06666666666666667,14,14,AGATGGAGAACGTCCTCGGA,0,4649547
ybeDp,0.06666666666666667,14,14,AGAGTTCGTAGGAGGAATGT,0,4683178
ybeDp,0.06666666666666667,14,14,AGAGTAAACTTAATCCGTTC,0,4681691
ybeDp,0.06666666666666667,14,14,AGAGCCGCAACCTGTCCATT,0,4665064
ybeDp,0.06666666666666667,14,14,AGACAGTGTAAGGGCGAATG,0,4617368
ybeDp,0.06666666666666667,14,14,AGAACAACCTACATTCGCGG,0,4647288
ybeDp,0.06666666666666667,14,14,ACTTGGGTCTGGAACTCATT,0,4677926
ybeDp,0.06666666666666667,14,14,ACTTATCCTGGCAAGTTTCA,0,4601553
ybeDp,0.06666666666666667,14,14,ACTGTCAATGGCGCGTAAGA,0,4639050
ybeDp,0.06666666666666667,14,14,ACTGGCGTCCTGTCAAGATG,0,4625379
ybeDp,0.06666666666666667,14,14,ACTGCTGGCCGGACTTCTTG,0,4640174
ybeDp,0.06666666666666667,14,14,ACTCTGAGCAACAGGGGGAC,0,4635441
ybeDp,0.06666666666666667,14,14,ACTCGCTCTGAGGATGACCA,0,4647571
ybeDp,0.06666666666666667,14,14,ACTCACCGGTACCTTATTTG,0,4680476
ybeDp,0.06666666666666667,14,14,ACGTAGTGCTTTGTATGGCA,0,4635273
ybeDp,0.06666666666666667,14,14,ACGGGTGATATAATGATTGT,0,4609107
ybeDp,0.06666666666666667,14,14,ACGGACGGGTTGTGCTCGTT,0,4634323
ybeDp,0.06666666666666667,14,14,ACGCGCCAAGGACGGACGTT,0,4649121
ybeDp,0.06666666666666667,14,14,ACGAGCTCCTACTAAGCACA,0,4634251
ybeDp,0.06666666666666667,14,14,ACGAGCAGTCGTGGTAGTCC,0,4670457
ybeDp,0.06666666666666667,14,14,ACCTTGGGTCCAGGATCCTA,0,4603542
ybeDp,0.06666666666666667,14,14,ACCATGAAGTGAACCTCTGT,0,4613634
ybeDp,0.06666666666666667,14,14,ACCACACACATATCCATCCA,0,4614424
ybeDp,0.06666666666666667,14,14,ACATGTACACAGTCTTTACT,0,4658666
ybeDp,0.06666666666666667,14,14,ACAGTCGTATGAAGGAGACC,0,4636368
ybeDp,0.06666666666666667,14,14,ACACCATATAAGCGCTGGTT,0,4674862
ybeDp,0.06666666666666667,14,14,ACACAACTCGACGGGTGTAG,0,4626786
ybeDp,0.06666666666666667,14,14,ACAATCTAGGCACGTACCAT,0,4619939
ybeDp,0.06666666666666667,14,14,AATTTCGGGAAATGGGGAGT,0,4606497
ybeDp,0.06666666666666667,14,14,AATGTATTAACATGCTCCAA,0,4663505
ybeDp,0.06666666666666667,14,14,AATGCTCAGTCGGCATATCT,0,4666428
ybeDp,0.06666666666666667,14,14,AATGACACGCTCCCATTCCG,0,4617088
ybeDp,0.06666666666666667,14,14,AATATTGGGCGTAATTCGTT,0,4621736
ybeDp,0.06666666666666667,14,14,AATAGCTCTGTGTCATCACA,0,4614532
ybeDp,0.06666666666666667,14,14,AATACTACGTCAACGGCTCC,0,4607943
ybeDp,0.06666666666666667,14,14,AAGTTCACAGTCGCGGAATC,0,4613312
ybeDp,0.06666666666666667,14,14,AAGCAACGGGACAGAGGAGT,0,4669606
ybeDp,0.06666666666666667,14,14,AAGAGGTCCGGGCAATACTT,0,4624809
ybeDp,0.06666666666666667,14,14,AACGGCTCTAGGTTATTAGG,0,4678542
ybeDp,0.06666666666666667,14,14,AAATTAAAAGGTAAGGGAAC,0,4653938
ybeDp,0.06666666666666667,14,14,AAATGTTGCAGTTATTTCTC,0,4618879
ybeDp,0.06666666666666667,14,14,AAATGCGTCATCAAGTGGTA,0,4654878
ybeDp,0.06666666666666667,14,14,AAAGATGAACGGGGACTTCC,0,4626764
ybeDp,0.06666666666666667,14,14,AAACCTGCGGTACATGTGAA,0,4638908
ybeDp,0.07142857142857142,13,13,TTTTTTTATGGCACTGGGCT,0,4644896
ybeDp,0.07142857142857142,13,13,TTTGTTGTGTCTGCGTGTAT,0,4679150
ybeDp,0.07142857142857142,13,13,TTTGTTCGCACTGGGCTCTT,0,4644788
ybeDp,0.07142857142857142,13,13,TTTGGACCCGGGTACCCGCA,0,4636624
ybeDp,0.07142857142857142,13,13,TTTGCCGCGCCGGACTTTGC,0,4672934
ybeDp,0.07142857142857142,13,13,TTTGAGGTAGGCAACACCAT,0,4663429
ybeDp,0.07142857142857142,13,13,TTTCTGCGGGAAGAAGTCCC,0,4608109
ybeDp,0.07142857142857142,13,13,TTTACAGGTTGATTCTTTAT,0,4621917
ybeDp,0.07142857142857142,13,13,TTGGGGAACGTAAAAGCGAT,0,4677088
ybeDp,0.07142857142857142,13,13,TTGGGCTGGAGTACGATAAC,0,4605588
ybeDp,0.07142857142857142,13,13,TTGAAGGCATCGATGTCTTA,0,4653364
ybeDp,0.07142857142857142,13,13,TTCTCGCAGGTTTGGGCCGC,0,4619447
ybeDp,0.07142857142857142,13,13,TTCTCCACGGCGTCTATGAA,0,4648495
ybeDp,0.07142857142857142,13,13,TTCGTAGCTGGGGGTTCTTC,0,4636533
ybeDp,0.07142857142857142,13,13,TTCGGGCTTATTTTGCTTCA,0,4670094
ybeDp,0.07142857142857142,13,13,TTCCAACGACGCATGGCCTG,0,4667105
ybeDp,0.07142857142857142,13,13,TTCATCCGATTCTCTACTTC,0,4668757
ybeDp,0.07142857142857142,13,13,TTATTGCCATCCGCGCGCGG,0,4635225
ybeDp,0.07142857142857142,13,13,TTATTACACGGCTCCCTAGA,0,4605061
ybeDp,0.07142857142857142,13,13,TTATCCTTGCAAGATAACTA,0,4615073
ybeDp,0.07142857142857142,13,13,TTATCCTCCTTCCCGTCGCG,0,4632518
ybeDp,0.07142857142857142,13,13,TTATAATTGTTGATACTTGA,0,4629077
ybeDp,0.07142857142857142,13,13,TTAGAAATTAGAAGAAGATT,0,4652304
ybeDp,0.07142857142857142,13,13,TTACTCATTTCAGGGATCGA,0,4630408
ybeDp,0.07142857142857142,13,13,TTACATCCGAATGAAGACTA,0,4677006
ybeDp,0.07142857142857142,13,13,TTACAACGTATTTTAACTCA,0,4685988
ybeDp,0.07142857142857142,13,13,TTAACGGACGAGTGTTGGAA,0,4623477
ybeDp,0.07142857142857142,13,13,TGTTTTATCTACGCCGCGGA,0,4651061
ybeDp,0.07142857142857142,13,13,TGTGATAGACCATCACGGGG,0,4669007
ybeDp,0.07142857142857142,13,13,TGTCGTGTCCCCAGCGCACC,0,4644950
ybeDp,0.07142857142857142,13,13,TGTCAGGGAGGATGCTATTG,0,4653996
ybeDp,0.07142857142857142,13,13,TGTCAACTTAACCATGTATC,0,4604069
ybeDp,0.07142857142857142,13,13,TGGTCCCCGCTGAGACACGT,0,4650920
ybeDp,0.07142857142857142,13,13,TGGTAATGCAGTAAACAATA,0,4612084
ybeDp,0.07142857142857142,13,13,TGGCAAAACCCATTATCGAA,0,4649934
ybeDp,0.07142857142857142,13,13,TGGATCGGAGCACAGTAACT,0,4606630
ybeDp,0.07142857142857142,13,13,TGGAGTATAGGTTCTCAGGG,0,4647065
ybeDp,0.07142857142857142,13,13,TGGAGACGGCTCATCCGTAA,0,4622536
ybeDp,0.07142857142857142,13,13,TGCGTTCGAAATTAGAGTAA,0,4636108
ybeDp,0.07142857142857142,13,13,TGCGCCTAAACGATCGGCTG,0,4675010
ybeDp,0.07142857142857142,13,13,TGCATTCACGAAATGACAAC,0,4612624
ybeDp,0.07142857142857142,13,13,TGATCGGTGGTGGCCTGTCG,0,4652684
ybeDp,0.07142857142857142,13,13,TGATAAGCAGTGGTATATAG,0,4602967
ybeDp,0.07142857142857142,13,13,TGAGCTCAGGTAAGCTGTTT,0,4670662
ybeDp,0.07142857142857142,13,13,TGACTCAACGCTAGAGCCGT,0,4610662
ybeDp,0.07142857142857142,13,13,TGAACTCGATCTGGCAGCCA,0,4636924
ybeDp,0.07142857142857142,13,13,TGAAATCGAGTGTTGGACGG,0,4685330
ybeDp,0.07142857142857142,13,13,TCTATCGCAATTAGACGGAT,0,4642998
ybeDp,0.07142857142857142,13,13,TCTAAGCCTTCGGACGATTT,0,4642555
ybeDp,0.07142857142857142,13,13,TCGTGTAGTGGCTCGCTCGA,0,4653939
ybeDp,0.07142857142857142,13,13,TCGGTTGGCACCCTCAGCGT,0,4601780
ybeDp,0.07142857142857142,13,13,TCGCTCATCGTGCTTAACCA,0,4624356
ybeDp,0.07142857142857142,13,13,TCGCAGCGCCGCACGATACT,0,4667723
ybeDp,0.07142857142857142,13,13,TCGACGCATATCTGTCCCGG,0,4624174
ybeDp,0.07142857142857142,13,13,TCCGGGACGAGTAAAATCTT,0,4660639
ybeDp,0.07142857142857142,13,13,TCCATCAGTTCATTTCGGCC,0,4682169
ybeDp,0.07142857142857142,13,13,TCCATCAACTGTCATTACCA,0,4683338
ybeDp,0.07142857142857142,13,13,TCATGTGGAGCACGTCCGAA,0,4646367
ybeDp,0.07142857142857142,13,13,TCAGGGATATGCATGACTCA,0,4636353
ybeDp,0.07142857142857142,13,13,TCAGACCGCTCCGGAAAAGA,0,4636434
ybeDp,0.07142857142857142,13,13,TCACCCCCAATAGGTATGAT,0,4647773
ybeDp,0.07142857142857142,13,13,TCAAGTGTAGAGATGCTCGT,0,4660482
ybeDp,0.07142857142857142,13,13,TATTTCCGTATCAGCTGGCG,0,4660650
ybeDp,0.07142857142857142,13,13,TATTCGAACGATGTGTCGAT,0,4642717
ybeDp,0.07142857142857142,13,13,TATGCCACTTTCTGAAACAA,0,4638358
ybeDp,0.07142857142857142,13,13,TATGAGTCCACTGCAGCCTA,0,4641767
ybeDp,0.07142857142857142,13,13,TATAAGACCTGCCAGACTGT,0,4684213
ybeDp,0.07142857142857142,13,13,TAGCTGTGCACCCGATCGCA,0,4659657
ybeDp,0.07142857142857142,13,13,TACTCGCGCAATAACGACAG,0,4614943
ybeDp,0.07142857142857142,13,13,TACGGCGCCTACTAAAGGTG,0,4673938
ybeDp,0.07142857142857142,13,13,TACGACTATCTACGGGGAGA,0,4622232
ybeDp,0.07142857142857142,13,13,TAATCCTAGAGATACGTCGC,0,4659156
ybeDp,0.07142857142857142,13,13,TAATACGTCATACTGAAGAT,0,4652384
ybeDp,0.07142857142857142,13,13,TAAGTAGGCGTTACAAGTCA,0,4647995
ybeDp,0.07142857142857142,13,13,TAAACTAGGTACGAAATATC,0,4653530
ybeDp,0.07142857142857142,13,13,GTTTGAAACGTACCTTCGCT,0,4607254
ybeDp,0.07142857142857142,13,13,GTTTAGGTACATTACCTAGA,0,4628182
ybeDp,0.07142857142857142,13,13,GTTGCTCTTGAGTCGCTACT,0,4677117
ybeDp,0.07142857142857142,13,13,GTTGAGGACGACGGAAGCCC,0,4669619
ybeDp,0.07142857142857142,13,13,GTTGACAATGCAGACATCCA,0,4616264
ybeDp,0.07142857142857142,13,13,GTTCTTCTAAGTTGCTGTGC,0,4620979
ybeDp,0.07142857142857142,13,13,GTTCTTCCTGGGGTTATGTG,0,4673234
ybeDp,0.07142857142857142,13,13,GTTCGCGTCACTGCATCTAT,0,4629962
ybeDp,0.07142857142857142,13,13,GTGGTCTGAGTTATGTCGAA,0,4616421
ybeDp,0.07142857142857142,13,13,GTGGGATCAGCTTCCACCAT,0,4663428
ybeDp,0.07142857142857142,13,13,GTCTGCGTGCGATGGAGTCA,0,4634832
ybeDp,0.07142857142857142,13,13,GTCTGAAGACACATGACTCA,0,4615263
ybeDp,0.07142857142857142,13,13,GTCGTTGTTAGCCAGCGGAT,0,4682821
ybeDp,0.07142857142857142,13,13,GTCGGCCGCCGTACGCATTG,0,4675574
ybeDp,0.07142857142857142,13,13,GTCCTTCGCATTACCAGCGC,0,4622321
ybeDp,0.07142857142857142,13,13,GTCCGTAAAGTGTTGAACCA,0,4610768
ybeDp,0.07142857142857142,13,13,GTCCCACTCGTAGCCTATCC,0,4624010
ybeDp,0.07142857142857142,13,13,GTCATCACCGCACTCCTCGA,0,4687486
ybeDp,0.07142857142857142,13,13,GTCAGGCTAGCAGCGCATTG,0,4624806
ybeDp,0.07142857142857142,13,13,GTCAAAGGAGCAAGAGAATT,0,4611878
ybeDp,0.07142857142857142,13,13,GTATCCGTGAACAATGAGGA,0,4647503
ybeDp,0.07142857142857142,13,13,GTACTTATAGCGCCCGAAGG,0,4616110
ybeDp,0.07142857142857142,13,13,GTACCATCCGCTCCGCCCTC,0,4656155
ybeDp,0.07142857142857142,13,13,GTAAGCGTTCCGGGTCTGGC,0,4628886
ybeDp,0.07142857142857142,13,13,GGTTCGCAAATGTTCATATG,0,4646182
ybeDp,0.07142857142857142,13,13,GGTGTCCGCCGGTTCAACGC,0,4613798
ybeDp,0.07142857142857142,13,13,GGTGACAGGGTCTAGATACG,0,4611104
ybeDp,0.07142857142857142,13,13,GGTCGCGACCATTGATATGA,0,4672087
ybeDp,0.07142857142857142,13,13,GGTCCCCCGCGTGTCATTGG,0,4664323
ybeDp,0.07142857142857142,13,13,GGTAACTACGGCGTTAAGGA,0,4653827
ybeDp,0.07142857142857142,13,13,GGGGGATAAAGGCCTGTAGT,0,4656537
ybeDp,0.07142857142857142,13,13,GGGCAGTCGGAACCGAGATA,0,4664891
ybeDp,0.07142857142857142,13,13,GGGATAGCACGACGGTCATA,0,4666891
ybeDp,0.07142857142857142,13,13,GGCTTATTCCCGCCCACCTG,0,4649651
ybeDp,0.07142857142857142,13,13,GGCTTAATTGAAATGCACCA,0,4602992
ybeDp,0.07142857142857142,13,13,GGCTGTTAAACTCATAAACT,0,4673612
ybeDp,0.07142857142857142,13,13,GGCGGCTGCAGCTCCTTTAG,0,4660613
ybeDp,0.07142857142857142,13,13,GGCGGCCATGCTAGGCAACC,0,4650277
ybeDp,0.07142857142857142,13,13,GGCGGCATACCTGTGCAATT,0,4609194
ybeDp,0.07142857142857142,13,13,GGATGCACCATGCTCCGAAA,0,4672042
ybeDp,0.07142857142857142,13,13,GGAGCACAACACAAGTTGCC,0,4612619
ybeDp,0.07142857142857142,13,13,GGAGAAAACATTGTGAACGG,0,4638488
ybeDp,0.07142857142857142,13,13,GGACCTCATTTGAGCGCATC,0,4630984
ybeDp,0.07142857142857142,13,13,GGACAGCGGCTGGGCACATA,0,4678450
ybeDp,0.07142857142857142,13,13,GGAATTTTTCGGTGCCGTCA,0,4609200
ybeDp,0.07142857142857142,13,13,GGAATGCTAGTGTGTGGGTG,0,4617078
ybeDp,0.07142857142857142,13,13,GCTTTAAGTCCACAATGGTC,0,4680056
ybeDp,0.07142857142857142,13,13,GCTGGATAGCAGGAGTGGAT,0,4633193
ybeDp,0.07142857142857142,13,13,GCTGAAGGGAGAAGCGTGAA,0,4604709
ybeDp,0.07142857142857142,13,13,GCGTTCTGGCAAATCGTCCC,0,4652049
ybeDp,0.07142857142857142,13,13,GCGCACGTGTCCATCCACTG,0,4677184
ybeDp,0.07142857142857142,13,13,GCGACTGCCGGGTATTCAAA,0,4651359
ybeDp,0.07142857142857142,13,13,GCGACGCTGGTTGTTCTAGA,0,4604540
ybeDp,0.07142857142857142,13,13,GCCGGCTGACGGTCCATCTC,0,4639424
ybeDp,0.07142857142857142,13,13,GCCACTGTGGTACAGGCCAA,0,4614585
ybeDp,0.07142857142857142,13,13,GCCAAGGCGCGAACGCCTAT,0,4635282
ybeDp,0.07142857142857142,13,13,GCAGGTCAGCATAATTTGTG,0,4619063
ybeDp,0.07142857142857142,13,13,GATTCATCTTCCGCTTTGCA,0,4643865
ybeDp,0.07142857142857142,13,13,GATGGAAGTTATGGGCCAGT,0,4602599
ybeDp,0.07142857142857142,13,13,GATACCTCGTGCCCGAGATA,0,4681625
ybeDp,0.07142857142857142,13,13,GATAACTACGCGACAGAAGA,0,4606903
ybeDp,0.07142857142857142,13,13,GAGTTGCCCGTGGGCTCTTG,0,4637431
ybeDp,0.07142857142857142,13,13,GAGTTCTGCATATGAGCACG,0,4685296
ybeDp,0.07142857142857142,13,13,GAGTATCCAACGAAATATAG,0,4675641
ybeDp,0.07142857142857142,13,13,GAGGGCGTAATGAGGGACCA,0,4624126
ybeDp,0.07142857142857142,13,13,GAGCCCCGTGCGACGGTAAG,0,4629461
ybeDp,0.07142857142857142,13,13,GAGATTCGTTGGCTACACAT,0,4652216
ybeDp,0.07142857142857142,13,13,GACCAAGTTCCTGGTCGTCC,0,4659257
ybeDp,0.07142857142857142,13,13,GACAGGGAGCACGACAGAAT,0,4613079
ybeDp,0.07142857142857142,13,13,GAATTCCCTCGCCCAAGGAC,0,4647304
ybeDp,0.07142857142857142,13,13,GAATACATCCAACTCTTTCG,0,4651971
ybeDp,0.07142857142857142,13,13,GAACGCTGACCCCACGACCA,0,4608965
ybeDp,0.07142857142857142,13,13,CTTTTATATAGACAAATAGT,0,4663371
ybeDp,0.07142857142857142,13,13,CTTCACAATTGAACGGACAA,0,4650633
ybeDp,0.07142857142857142,13,13,CTTATTCCGCTCGCGCTTTA,0,4637342
ybeDp,0.07142857142857142,13,13,CTTAGCACCACTTGTCAGAT,0,4606807
ybeDp,0.07142857142857142,13,13,CTTAATTGATTAGAAATACA,0,4600774
ybeDp,0.07142857142857142,13,13,CTGTGGGTACGGGGGTATGA,0,4643447
ybeDp,0.07142857142857142,13,13,CTGTATCCGGTGCTTTGGAG,0,4616050
ybeDp,0.07142857142857142,13,13,CTGCGCTCGTCCAGGGAAAT,0,4666450
ybeDp,0.07142857142857142,13,13,CTGCCTTGGGGTTACACTAC,0,4682249
ybeDp,0.07142857142857142,13,13,CTGCAGCTCTTTATGACCGA,0,4658906
ybeDp,0.07142857142857142,13,13,CTGATGCTACAATGTTCTGA,0,4645417
ybeDp,0.07142857142857142,13,13,CTCGCGGTGGCCGGGGACTC,0,4629477
ybeDp,0.07142857142857142,13,13,CTCGAAATGGAACTCCCCTG,0,4647720
ybeDp,0.07142857142857142,13,13,CTCCTTGGGGTAGTTTGGCA,0,4635820
ybeDp,0.07142857142857142,13,13,CTCCACGCTATTCCGTGTTG,0,4660331
ybeDp,0.07142857142857142,13,13,CTCAATGGAGCGGTGCGGTC,0,4633961
ybeDp,0.07142857142857142,13,13,CTCAAATTCTGACTCTTACC,0,4602061
ybeDp,0.07142857142857142,13,13,CTATGGGGTTACAGTTACCT,0,4619565
ybeDp,0.07142857142857142,13,13,CTATACAACGGGAGTCGATT,0,4650029
ybeDp,0.07142857142857142,13,13,CTAGTTAGGGCTAAGGCATA,0,4628889
ybeDp,0.07142857142857142,13,13,CTAGGTTGAGGTGGCTAGAA,0,4618670
ybeDp,0.07142857142857142,13,13,CTAGGCTAAAGGAGTGAGCA,0,4661394
ybeDp,0.07142857142857142,13,13,CTACGATTGTATGACAAGGA,0,4610134
ybeDp,0.07142857142857142,13,13,CTACCCGGGGGCTACGGGCT,0,4654951
ybeDp,0.07142857142857142,13,13,CGTGGCTGTTCACCCGGGAA,0,4616262
ybeDp,0.07142857142857142,13,13,CGTGCGGATCCTTAACCGGT,0,4651002
ybeDp,0.07142857142857142,13,13,CGTCTTGGGAGCGTTCGTAT,0,4687485
ybeDp,0.07142857142857142,13,13,CGTCTAGGATCTAAGACGCT,0,4676552
ybeDp,0.07142857142857142,13,13,CGTCCACGCTTATCCAGCGA,0,4639854
ybeDp,0.07142857142857142,13,13,CGTCCAAGTCCTCCTGTGGT,0,4630164
ybeDp,0.07142857142857142,13,13,CGTACGAAAGCAACCTACTT,0,4619461
ybeDp,0.07142857142857142,13,13,CGTAAACACTTTTAGCGTCA,0,4673753
ybeDp,0.07142857142857142,13,13,CGGTGCTCTAGCTGAGAAAT,0,4632859
ybeDp,0.07142857142857142,13,13,CGGTACCCTGAGACGACACG,0,4671778
ybeDp,0.07142857142857142,13,13,CGGGTTTTGCAGACAACCGT,0,4666448
ybeDp,0.07142857142857142,13,13,CGGGTATAAGAAATAAACGA,0,4655691
ybeDp,0.07142857142857142,13,13,CGGGGACTCACAGGGTTCCG,0,4615691
ybeDp,0.07142857142857142,13,13,CGGGCCTAATGGACGTTCTT,0,4629730
ybeDp,0.07142857142857142,13,13,CGGCTAAGGGTATTCGACTC,0,4625171
ybeDp,0.07142857142857142,13,13,CGGCGAGCATGAACAACGTA,0,4613326
ybeDp,0.07142857142857142,13,13,CGGCATGTGCTAAAACTCCA,0,4665167
ybeDp,0.07142857142857142,13,13,CGGCATGGCATTAATCGCCT,0,4617394
ybeDp,0.07142857142857142,13,13,CGGAGGGGTATAGCATATGG,0,4610602
ybeDp,0.07142857142857142,13,13,CGGAGCCTCCCTTTCGCCAA,0,4631813
ybeDp,0.07142857142857142,13,13,CGGAAACAGCGTTATTAGGA,0,4644110
ybeDp,0.07142857142857142,13,13,CGCTCATTGTGTTGAAGATC,0,4666555
ybeDp,0.07142857142857142,13,13,CGCGGAGGACACATGGACCT,0,4661259
ybeDp,0.07142857142857142,13,13,CGCGCTGGTTTTGGCATAAT,0,4654154
ybeDp,0.07142857142857142,13,13,CGCCGGGTATCTCAGGTCCA,0,4646727
ybeDp,0.07142857142857142,13,13,CGCAGTCCCCTCTCCCGAAA,0,4619809
ybeDp,0.07142857142857142,13,13,CGCAGGGCAGGACCAAGCTC,0,4605737
ybeDp,0.07142857142857142,13,13,CGCAGAATCAGGTCAGGAGT,0,4633813
ybeDp,0.07142857142857142,13,13,CGATTTGCATGGTCTTAGTC,0,4672161
ybeDp,0.07142857142857142,13,13,CGAGGCTAACCGATGAAGTT,0,4611003
ybeDp,0.07142857142857142,13,13,CGAGCTATTCAGGGCATTGC,0,4617940
ybeDp,0.07142857142857142,13,13,CGACAGGTCCGTAACAAGTT,0,4649113
ybeDp,0.07142857142857142,13,13,CGAAGCCAATCACTAGGGGA,0,4610474
ybeDp,0.07142857142857142,13,13,CGAAAGTCTGACAGGGCCGA,0,4609927
ybeDp,0.07142857142857142,13,13,CCTGTTATCATACTCTCTAT,0,4679474
ybeDp,0.07142857142857142,13,13,CCTCGGTCGTTGGATGACTA,0,4617509
ybeDp,0.07142857142857142,13,13,CCTCCGCGGCACACGTAGAT,0,4676316
ybeDp,0.07142857142857142,13,13,CCTCATATCGCATAGAGCGT,0,4672321
ybeDp,0.07142857142857142,13,13,CCGGGCGCTCGCAGGCGGAG,0,4637405
ybeDp,0.07142857142857142,13,13,CCGCTGCCCACCAAGATTCT,0,4612267
ybeDp,0.07142857142857142,13,13,CCGCAAATTGCACCGGTTCA,0,4616595
ybeDp,0.07142857142857142,13,13,CCGATATGGTATAGACCTTG,0,4660667
ybeDp,0.07142857142857142,13,13,CCGAGATGCTCAGATTAAGA,0,4659176
ybeDp,0.07142857142857142,13,13,CCGAAGAGTAAAATAGTTTG,0,4605110
ybeDp,0.07142857142857142,13,13,CCCGGTTGAATCCATATCTA,0,4632324
ybeDp,0.07142857142857142,13,13,CCCGGGAGCGGATGAGTAAT,0,4601366
ybeDp,0.07142857142857142,13,13,CCCGGCACAACCGTGGATTT,0,4670505
ybeDp,0.07142857142857142,13,13,CCCGAGGGGCCATGGCATTG,0,4681689
ybeDp,0.07142857142857142,13,13,CCCCCAAGCGCCATGTTACG,0,4628290
ybeDp,0.07142857142857142,13,13,CCAGTCACACAACAAGAAGA,0,4604773
ybeDp,0.07142857142857142,13,13,CCAGTACACGCACGGGCGGG,0,4617925
ybeDp,0.07142857142857142,13,13,CCAGGTCAGGTACTTTAATC,0,4628933
ybeDp,0.07142857142857142,13,13,CCAAAATTCCGACTTCTAAA,0,4628388
ybeDp,0.07142857142857142,13,13,CATTCTTCGAACTCAATTTT,0,4621812
ybeDp,0.07142857142857142,13,13,CATCTGAACTTCCAAGGGGA,0,4609780
ybeDp,0.07142857142857142,13,13,CAGTTAGCGTCACAAGAAGA,0,4667110
ybeDp,0.07142857142857142,13,13,CAGTCGAATTGCTGAGACTT,0,4604127
ybeDp,0.07142857142857142,13,13,CAGGAGGTGGAGTCGGACTA,0,4636944
ybeDp,0.07142857142857142,13,13,CAGCAACTATGATTATGGTA,0,4658644
ybeDp,0.07142857142857142,13,13,CAGACAGGGCAGTAAGGTTC,0,4657461
ybeDp,0.07142857142857142,13,13,CACTCTCCCATCCAGACACC,0,4679787
ybeDp,0.07142857142857142,13,13,CACTAGGTATATTCTAGACG,0,4607332
ybeDp,0.07142857142857142,13,13,CACAATAGCGCTTCAAAGCT,0,4683041
ybeDp,0.07142857142857142,13,13,CAAGGGAACGTATTAGGGTT,0,4619264
ybeDp,0.07142857142857142,13,13,CAAGACATAACGTATCCATG,0,4682713
ybeDp,0.07142857142857142,13,13,CAACCCGAGACCACGCCGTC,0,4617624
ybeDp,0.07142857142857142,13,13,ATTTCTTGTGAGCGGAGTTT,0,4662237
ybeDp,0.07142857142857142,13,13,ATTTCACCCACTAAAGCTTC,0,4651944
ybeDp,0.07142857142857142,13,13,ATTTATAGTAGGCAGGAGAT,0,4680179
ybeDp,0.07142857142857142,13,13,ATTGGTTAACGCGTGAGATG,0,4622499
ybeDp,0.07142857142857142,13,13,ATTGGACCCGGTCTTGACAG,0,4610345
ybeDp,0.07142857142857142,13,13,ATTGCCGTGAGCCTAGCGTA,0,4661408
ybeDp,0.07142857142857142,13,13,ATTGAGTTATGGCGCAATTG,0,4617397
ybeDp,0.07142857142857142,13,13,ATTCTCAGGCAAGGGTCCAA,0,4613426
ybeDp,0.07142857142857142,13,13,ATTCCAGGATTGCTGGGGGT,0,4684264
ybeDp,0.07142857142857142,13,13,ATTCAGGATGGCATGTTCTG,0,4616760
ybeDp,0.07142857142857142,13,13,ATGTGCACTCTAGACTGCCA,0,4622404
ybeDp,0.07142857142857142,13,13,ATGTAAGTAAGGTATCGCTG,0,4634059
ybeDp,0.07142857142857142,13,13,ATGGTGCACATCAGACCGTA,0,4615271
ybeDp,0.07142857142857142,13,13,ATGGTCCACGTACTGAGCAT,0,4602411
ybeDp,0.07142857142857142,13,13,ATGGTAGCTCACCTGGGGGG,0,4615446
ybeDp,0.07142857142857142,13,13,ATGCGCGAACGCGCGCACGT,0,4626879
ybeDp,0.07142857142857142,13,13,ATGCCTGGCGCATCAGATGA,0,4674758
ybeDp,0.07142857142857142,13,13,ATGAGGCAATAGAACTCTAG,0,4603165
ybeDp,0.07142857142857142,13,13,ATGAGCCGCAACAGGGGGTA,0,4625470
ybeDp,0.07142857142857142,13,13,ATGACAATCTCTATTGGACT,0,4662183
ybeDp,0.07142857142857142,13,13,ATCTTGTGGGGGTGGTCTTC,0,4664294
ybeDp,0.07142857142857142,13,13,ATCGCCTCTCCGTGTAGACA,0,4634032
ybeDp,0.07142857142857142,13,13,ATCGCAGCCCAGGATAATAG,0,4617273
ybeDp,0.07142857142857142,13,13,ATCCGATTGGCACTTTCGAA,0,4615391
ybeDp,0.07142857142857142,13,13,ATCCCAGAGCCTGTACGAAG,0,4602598
ybeDp,0.07142857142857142,13,13,ATCAGCGGGCATTTCCAGAG,0,4628288
ybeDp,0.07142857142857142,13,13,ATCACCTGTACAGTATCGCA,0,4686005
ybeDp,0.07142857142857142,13,13,ATATTCCAAGCGACTGCGTC,0,4610391
ybeDp,0.07142857142857142,13,13,ATATTACGAAGCCGATGGCT,0,4669815
ybeDp,0.07142857142857142,13,13,ATAGGTTTCCAATAAACATG,0,4651221
ybeDp,0.07142857142857142,13,13,ATAGGGGCCGAGTAAACGCA,0,4652784
ybeDp,0.07142857142857142,13,13,ATACTCTTGTGCCTGTCTGA,0,4633053
ybeDp,0.07142857142857142,13,13,ATACGCTAATCAGGGAAGGA,0,4684009
ybeDp,0.07142857142857142,13,13,ATACCCGCGGCCTGAATCAA,0,4662709
ybeDp,0.07142857142857142,13,13,ATACCCATATATTATCGCTA,0,4657614
ybeDp,0.07142857142857142,13,13,ATAACAGATAGTTCGATTCT,0,4617873
ybeDp,0.07142857142857142,13,13,ATAAAGTAGGAATACTCAGT,0,4614714
ybeDp,0.07142857142857142,13,13,AGTGTACACTGAAACGGGTA,0,4637026
ybeDp,0.07142857142857142,13,13,AGTGGGGACAATCTGAGATG,0,4679142
ybeDp,0.07142857142857142,13,13,AGTCAGAATCGCATCACACC,0,4631451
ybeDp,0.07142857142857142,13,13,AGTATAGGGAATCTCAGTTC,0,4646043
ybeDp,0.07142857142857142,13,13,AGGTAAAAATCGATTCTGGA,0,4639263
ybeDp,0.07142857142857142,13,13,AGGGTCTGTTAATACGAGCA,0,4601467
ybeDp,0.07142857142857142,13,13,AGGGGTGTTCGCCCAAGCGT,0,4644619
ybeDp,0.07142857142857142,13,13,AGGCGTCAATGTGTACAAGT,0,4614039
ybeDp,0.07142857142857142,13,13,AGCGGCCACAGAGCGCGGTC,0,4626869
ybeDp,0.07142857142857142,13,13,AGATTCCTGAGTCTTTTCTA,0,4643695
ybeDp,0.07142857142857142,13,13,AGATAACGGGTAAAAACATC,0,4657404
ybeDp,0.07142857142857142,13,13,AGACGCAGGGCTGGGAGAAC,0,4652630
ybeDp,0.07142857142857142,13,13,AGAAGAACCTAAACAGGTGG,0,4642347
ybeDp,0.07142857142857142,13,13,ACTTGTCGGGTAAGTTCACT,0,4657063
ybeDp,0.07142857142857142,13,13,ACTTCGCGTGTACTATGCTT,0,4642912
ybeDp,0.07142857142857142,13,13,ACTCGAGGTGCGCGAGGTGT,0,4648689
ybeDp,0.07142857142857142,13,13,ACTCCCACGCACTCTTTGCT,0,4652696
ybeDp,0.07142857142857142,13,13,ACGTTATAGCACTTGCCGTA,0,4603031
ybeDp,0.07142857142857142,13,13,ACGTGTCCATGTAACGGTTC,0,4660178
ybeDp,0.07142857142857142,13,13,ACGGGAGAGGTTTGCGCAGA,0,4607586
ybeDp,0.07142857142857142,13,13,ACGCTATGTTCAACCTACAT,0,4615539
ybeDp,0.07142857142857142,13,13,ACGACGAATGCGACACGGCC,0,4663242
ybeDp,0.07142857142857142,13,13,ACCTGACTCAACTGGGGCTG,0,4636873
ybeDp,0.07142857142857142,13,13,ACCATCACCCATTGACTGAG,0,4629961
ybeDp,0.07142857142857142,13,13,ACAGCCCTCAAAATGGACTA,0,4669573
ybeDp,0.07142857142857142,13,13,ACAATAACCCACCACAGATG,0,4668518
ybeDp,0.07142857142857142,13,13,ACAAGAAATGTAATTTGCAT,0,4683911
ybeDp,0.07142857142857142,13,13,AATTACCGTCGTGTATCCAG,0,4646981
ybeDp,0.07142857142857142,13,13,AATGTTCAGCAACACCGTCG,0,4631024
ybeDp,0.07142857142857142,13,13,AATCAGGGCAGCCGTACCGC,0,4624508
ybeDp,0.07142857142857142,13,13,AAGTTTAAGAATTGGTCACA,0,4625452
ybeDp,0.07142857142857142,13,13,AAGTGGGCAAATTCGGTCGG,0,4654487
ybeDp,0.07142857142857142,13,13,AAGGTGATCGGTAACTTGTT,0,4664791
ybeDp,0.07142857142857142,13,13,AAGGCGTCCATGACTCCGAC,0,4643752
ybeDp,0.07142857142857142,13,13,AAGGCAGGAAGAGACGCATA,0,4613352
ybeDp,0.07142857142857142,13,13,AAGCCTACAAAATACATAAG,0,4662449
ybeDp,0.07142857142857142,13,13,AAGCCGAGCGAGGCACTTCC,0,4618240
ybeDp,0.07142857142857142,13,13,AAGCCAAAGCCCGGGGTTAG,0,4637802
ybeDp,0.07142857142857142,13,13,AAGCACAGGACTCATGTGGA,0,4644366
ybeDp,0.07142857142857142,13,13,AAGACTGCATCATAACCGTA,0,4635224
ybeDp,0.07142857142857142,13,13,AAGAATGATTCTCAAACCTT,0,4611559
ybeDp,0.07142857142857142,13,13,AACTGGCTACGACAGGTTAT,0,4636077
ybeDp,0.07142857142857142,13,13,AACCGCTGTTATAGGTCTGG,0,4627482
ybeDp,0.07142857142857142,13,13,AACCACTCAACGGGAGGCCG,0,4641907
ybeDp,0.07142857142857142,13,13,AACAGCATAGTGTAACGTCA,0,4623137
ybeDp,0.07142857142857142,13,13,AACACCACCACTATGGAAGC,0,4661322
ybeDp,0.07142857142857142,13,13,AAATGTGCCGGCTGCTCGGC,0,4640776
ybeDp,0.07142857142857142,13,13,AAAGGTGGATTTTCACTCGC,0,4650779
ybeDp,0.07142857142857142,13,13,AAACCTCAGCCAGTGGGTAT,0,4643934
ybeDp,0.07142857142857142,13,13,AAACCACGTCTTGTGGCACT,0,4672388
ybeDp,0.07142857142857142,13,13,AAAATATACTCCCACGCCTG,0,4665049
ybeDp,0.07142857142857142,13,13,AAAAGTGTGGCACATAAAGC,0,4625431
ybeDp,0.07142857142857142,13,13,AAAACCACTTTCGTCGAGGT,0,4664292
ybeDp,0.07692307692307693,12,12,TTTTTTGCCCGCCGGCCCGG,0,4652796
ybeDp,0.07692307692307693,12,12,TTTTGGAAAGGGGAGTGGCT,0,4630021
ybeDp,0.07692307692307693,12,12,TTTTCGCCCGAGTATGCCCG,0,4644899
ybeDp,0.07692307692307693,12,12,TTTTCCAGAGATGAGCTTTA,0,4636629
ybeDp,0.07692307692307693,12,12,TTTGCTGGCTGTGTCGTCTG,0,4676700
ybeDp,0.07692307692307693,12,12,TTTCGGATGACCGCCTCAGT,0,4642828
ybeDp,0.07692307692307693,12,12,TTTATCATATGAAAGTAAGA,0,4653410
ybeDp,0.07692307692307693,12,12,TTTATATTTGGTAAATGCCC,0,4631526
ybeDp,0.07692307692307693,12,12,TTTAGCCGTTACAGGCTAGG,0,4667047
ybeDp,0.07692307692307693,12,12,TTGTTTTATGTCAGAAGACA,0,4677492
ybeDp,0.07692307692307693,12,12,TTGTCGTTCTCTCATATTGT,0,4660449
ybeDp,0.07692307692307693,12,12,TTGGATTAAGGCACAAGTGG,0,4655571
ybeDp,0.07692307692307693,12,12,TTGCTCGGGCTTCCGATTGG,0,4630930
ybeDp,0.07692307692307693,12,12,TTGAATGCCATTGACCGAGA,0,4631450
ybeDp,0.07692307692307693,12,12,TTCTGCATTCTAATTTTCAT,0,4641503
ybeDp,0.07692307692307693,12,12,TTCTCCTCCCGATCTGTGCC,0,4680441
ybeDp,0.07692307692307693,12,12,TTCGGCGCCAGTCACTGCCA,0,4680214
ybeDp,0.07692307692307693,12,12,TTATTATAGGAATATATAGT,0,4642192
ybeDp,0.07692307692307693,12,12,TTATGCTAGTCCTCGTAGCG,0,4652758
ybeDp,0.07692307692307693,12,12,TTAGTTCATGGCTAGACGGG,0,4676068
ybeDp,0.07692307692307693,12,12,TTAGTGCCTGGAACCCCTAC,0,4625694
ybeDp,0.07692307692307693,12,12,TTACCACATCTGGACCAGTC,0,4675691
ybeDp,0.07692307692307693,12,12,TTAAGCTGGCTTCATTCGAT,0,4619654
ybeDp,0.07692307692307693,12,12,TGTCACGAGAGCGAACTAAG,0,4627760
ybeDp,0.07692307692307693,12,12,TGTCAAATGAACCATTTGTT,0,4603413
ybeDp,0.07692307692307693,12,12,TGTATGCAGAGGGATGGCTT,0,4614609
ybeDp,0.07692307692307693,12,12,TGTATCAAAGGGGTTCAGGG,0,4658787
ybeDp,0.07692307692307693,12,12,TGTAGTCGTAGACCTTTCAA,0,4603508
ybeDp,0.07692307692307693,12,12,TGTAGCTAATGTTCACCACT,0,4636364
ybeDp,0.07692307692307693,12,12,TGTAAGTGCGACGGGGCACA,0,4678818
ybeDp,0.07692307692307693,12,12,TGTAAGGCACGCAGTGGCAA,0,4666921
ybeDp,0.07692307692307693,12,12,TGTAACATTTACGGCCACTA,0,4606058
ybeDp,0.07692307692307693,12,12,TGTAAACCTTTAAATAAGTC,0,4678294
ybeDp,0.07692307692307693,12,12,TGGTAGAGGGACCTGTGCTG,0,4644000
ybeDp,0.07692307692307693,12,12,TGGTACACTATCCATAGCGT,0,4630215
ybeDp,0.07692307692307693,12,12,TGGGTTCGTGTGCTTCGGCC,0,4633689
ybeDp,0.07692307692307693,12,12,TGGGCTCCCCGTGGTTTAAT,0,4648748
ybeDp,0.07692307692307693,12,12,TGGGAGAAAAGGCTACCTCA,0,4638604
ybeDp,0.07692307692307693,12,12,TGGGAACCGTCTAGCGGTGG,0,4646332
ybeDp,0.07692307692307693,12,12,TGGACGGTACTAACTATTAT,0,4649353
ybeDp,0.07692307692307693,12,12,TGGACGGGGGTAAGCGCCGT,0,4672135
ybeDp,0.07692307692307693,12,12,TGCTTTTACGATTATTCAAA,0,4651232
ybeDp,0.07692307692307693,12,12,TGCTCCGATTTAACGAGTAC,0,4638066
ybeDp,0.07692307692307693,12,12,TGCTAGGGGCTGGGGGGACT,0,4645328
ybeDp,0.07692307692307693,12,12,TGCCGAACCGGTGGTACGCG,0,4611010
ybeDp,0.07692307692307693,12,12,TGCCGAACCCAGCACTGTTC,0,4606959
ybeDp,0.07692307692307693,12,12,TGCCAATCTTAGGGGTCGTG,0,4619653
ybeDp,0.07692307692307693,12,12,TGAGGGGCCACATGGAGCGC,0,4616406
ybeDp,0.07692307692307693,12,12,TGAGCCTCCACAGAGCGACA,0,4604934
ybeDp,0.07692307692307693,12,12,TGAAAGTAATTTCTTAACCG,0,4664586
ybeDp,0.07692307692307693,12,12,TCTGATTCAGAGTTCGTATC,0,4615845
ybeDp,0.07692307692307693,12,12,TCTGAGAGGTATACAACTGG,0,4688106
ybeDp,0.07692307692307693,12,12,TCTCGTCGATGTTCATTGCC,0,4645867
ybeDp,0.07692307692307693,12,12,TCTCGAATTGCATGTCCGGG,0,4650226
ybeDp,0.07692307692307693,12,12,TCTCCTCTGGCCCGTAAGAA,0,4639319
ybeDp,0.07692307692307693,12,12,TCTCCTATCGGACGGTTTCG,0,4635573
ybeDp,0.07692307692307693,12,12,TCTCAGATACGGAGCCAAAT,0,4652926
ybeDp,0.07692307692307693,12,12,TCTAGTTAAAGTGTGCGTGA,0,4650486
ybeDp,0.07692307692307693,12,12,TCTAGAGGCACCACGGGCAG,0,4677376
ybeDp,0.07692307692307693,12,12,TCTAATGTGGCCGCATCTGG,0,4665112
ybeDp,0.07692307692307693,12,12,TCTAAATCCCTATGTGGTGT,0,4631093
ybeDp,0.07692307692307693,12,12,TCGGCCTGTCAGTCCACATC,0,4672633
ybeDp,0.07692307692307693,12,12,TCGGAGGAACTAAGCACTCC,0,4622320
ybeDp,0.07692307692307693,12,12,TCCTGCCAATAGAAGTGCTT,0,4648854
ybeDp,0.07692307692307693,12,12,TCCGGGTTGGCCGCTCGGTG,0,4646169
ybeDp,0.07692307692307693,12,12,TCCCATCCGGCCAGAACGGT,0,4678829
ybeDp,0.07692307692307693,12,12,TCCCAGCACCAGGAAACCAA,0,4625921
ybeDp,0.07692307692307693,12,12,TCCAGGGGCTAATGAGTGCG,0,4643011
ybeDp,0.07692307692307693,12,12,TCCACCCCAAAATGCAGAAG,0,4653669
ybeDp,0.07692307692307693,12,12,TCATGGTCCGACAGGATGAA,0,4632704
ybeDp,0.07692307692307693,12,12,TCACACGATGACAAGCAAAC,0,4667304
ybeDp,0.07692307692307693,12,12,TATTGCCACACCAAGTGGTG,0,4672573
ybeDp,0.07692307692307693,12,12,TATGAGTCATTATATTGGCC,0,4662530
ybeDp,0.07692307692307693,12,12,TAGCATGAAACTCCGCCGAT,0,4672600
ybeDp,0.07692307692307693,12,12,TACTGCAGCTCAAAATCATT,0,4639595
ybeDp,0.07692307692307693,12,12,TACGAGCCGAAATTTTGGTC,0,4660411
ybeDp,0.07692307692307693,12,12,TAATGGCAGAACGGAAGATG,0,4668461
ybeDp,0.07692307692307693,12,12,TAAGGCCAACAGACTAATTT,0,4661183
ybeDp,0.07692307692307693,12,12,TAAGCTGATAATACCTACCA,0,4601815
ybeDp,0.07692307692307693,12,12,TAACTCAGCTTAACACATCG,0,4618031
ybeDp,0.07692307692307693,12,12,TAAATTCCACATACAATACA,0,4650368
ybeDp,0.07692307692307693,12,12,TAAACCGGACGGTAGTCGAC,0,4636356
ybeDp,0.07692307692307693,12,12,TAAAAGCGAGCTGAAAAAAC,0,4666014
ybeDp,0.07692307692307693,12,12,TAAAAGAATCCACGGTGTGA,0,4629521
ybeDp,0.07692307692307693,12,12,GTTTATGGCGTCGTGTCCTT,0,4656837
ybeDp,0.07692307692307693,12,12,GTTGGTATAACAAGCTCAAG,0,4646903
ybeDp,0.07692307692307693,12,12,GTTGGGGTAGAAGGCGGGGC,0,4602926
ybeDp,0.07692307692307693,12,12,GTTGGAGTTGCCCGAATTGA,0,4683321
ybeDp,0.07692307692307693,12,12,GTTGCCACAGGAATCTCGCG,0,4606071
ybeDp,0.07692307692307693,12,12,GTTGAGGGTGAACGGCAACC,0,4685432
ybeDp,0.07692307692307693,12,12,GTTCTACTCGGCGCTAAATG,0,4685885
ybeDp,0.07692307692307693,12,12,GTTAAGCTTGGGTGCCCTTT,0,4676862
ybeDp,0.07692307692307693,12,12,GTGTGAATCCATCTGGTACA,0,4607266
ybeDp,0.07692307692307693,12,12,GTGGTGAAAAAGTTTCGGCT,0,4608011
ybeDp,0.07692307692307693,12,12,GTGGGCAGGAGCTTTCGTTA,0,4602944
ybeDp,0.07692307692307693,12,12,GTGCCGATTCTCAGAGGGTG,0,4665258
ybeDp,0.07692307692307693,12,12,GTGCCATTAAGCACATCGGA,0,4658419
ybeDp,0.07692307692307693,12,12,GTGCAACGTCGGTCAACTTG,0,4680766
ybeDp,0.07692307692307693,12,12,GTCGGCGGGTGCACACAGCT,0,4625488
ybeDp,0.07692307692307693,12,12,GTCCACCCGTTGCGGAAGAT,0,4625325
ybeDp,0.07692307692307693,12,12,GTCCAACAAGTTCGGCAAAG,0,4652146
ybeDp,0.07692307692307693,12,12,GTATTCCGAGCAGATTGGTC,0,4608259
ybeDp,0.07692307692307693,12,12,GTATCGTCCTGTCTGAGATT,0,4658792
ybeDp,0.07692307692307693,12,12,GTAGGTGAGTGATCTTCACT,0,4624190
ybeDp,0.07692307692307693,12,12,GTAGGACTCGTGTCACTACC,0,4636757
ybeDp,0.07692307692307693,12,12,GTAGATGCGTTTCGAATACG,0,4647034
ybeDp,0.07692307692307693,12,12,GTAGAAGCAGATAAGACGCA,0,4645405
ybeDp,0.07692307692307693,12,12,GTACTGAAGAGGACTAAACA,0,4661044
ybeDp,0.07692307692307693,12,12,GTACTAATGCCACGTGGCAG,0,4654764
ybeDp,0.07692307692307693,12,12,GTAAGTGGCTCTTAGCCTGC,0,4632301
ybeDp,0.07692307692307693,12,12,GTAAGAGCACACTGGTACTA,0,4621897
ybeDp,0.07692307692307693,12,12,GTAAGAAACAGCAGTGCTTT,0,4632334
ybeDp,0.07692307692307693,12,12,GTAAACCCAAGTCGCCACAC,0,4675777
ybeDp,0.07692307692307693,12,12,GGTTCACCCCTGGGGGCATG,0,4623603
ybeDp,0.07692307692307693,12,12,GGTGGGCCTCTCTTATTACA,0,4675059
ybeDp,0.07692307692307693,12,12,GGGTGGGAGACCCGAGTCTA,0,4648643
ybeDp,0.07692307692307693,12,12,GGGTCATCGTGGAGAGGTTT,0,4660241
ybeDp,0.07692307692307693,12,12,GGGTACCTGTCCACTGTTCA,0,4662884
ybeDp,0.07692307692307693,12,12,GGGGCTTGCCCTTCGGCGTT,0,4672671
ybeDp,0.07692307692307693,12,12,GGGGAAAACCCATCTTCGTC,0,4627077
ybeDp,0.07692307692307693,12,12,GGGCGGGGAGTAAGGGCAAG,0,4649186
ybeDp,0.07692307692307693,12,12,GGGCGCAAAATGCCGATGAA,0,4643644
ybeDp,0.07692307692307693,12,12,GGGCATAGCTAGACGATGGC,0,4629960
ybeDp,0.07692307692307693,12,12,GGGCAACGAAATCATGACCC,0,4630658
ybeDp,0.07692307692307693,12,12,GGGAGTTCATAAGGGCTGGA,0,4628887
ybeDp,0.07692307692307693,12,12,GGCTTGCGTGCGAGTTATGA,0,4680171
ybeDp,0.07692307692307693,12,12,GGCGGTGTCATGGCCTGGAT,0,4643881
ybeDp,0.07692307692307693,12,12,GGCCTATTGCACTCAGGTAT,0,4673486
ybeDp,0.07692307692307693,12,12,GGCCCAGCCCCGAGCAAATA,0,4663771
ybeDp,0.07692307692307693,12,12,GGCATGCTCCGTTAGGCCGC,0,4674196
ybeDp,0.07692307692307693,12,12,GGCACCTAATAAATCATGGA,0,4612085
ybeDp,0.07692307692307693,12,12,GGCAACTCACAACTTCCAGG,0,4605814
ybeDp,0.07692307692307693,12,12,GGATTCAGCCAGGGAACGAG,0,4661674
ybeDp,0.07692307692307693,12,12,GGAGGCGAGGCCTGCTCGAA,0,4666839
ybeDp,0.07692307692307693,12,12,GGACGTCGGACTAAAGTTAC,0,4684297
ybeDp,0.07692307692307693,12,12,GGACACGTATACTCTCGTGA,0,4685079
ybeDp,0.07692307692307693,12,12,GGAAGAGCATTCAGAGCACC,0,4641895
ybeDp,0.07692307692307693,12,12,GCTTTTGGCTACGTGTGAAA,0,4620525
ybeDp,0.07692307692307693,12,12,GCTTCAAGGCGATTCGTAGG,0,4669603
ybeDp,0.07692307692307693,12,12,GCTGGCCTTAATCCAGTGAG,0,4683475
ybeDp,0.07692307692307693,12,12,GCTACACAGTGTTCCGAAAC,0,4650958
ybeDp,0.07692307692307693,12,12,GCTAACAATCGTTGTTATAA,0,4645792
ybeDp,0.07692307692307693,12,12,GCGTAGAGTAACCCTCGATA,0,4666509
ybeDp,0.07692307692307693,12,12,GCGGTTGTATAGACGGGTAC,0,4676574
ybeDp,0.07692307692307693,12,12,GCGGTATCGGGGCGGATAGC,0,4648984
ybeDp,0.07692307692307693,12,12,GCGGCGTCTTACGCTAAGAG,0,4671893
ybeDp,0.07692307692307693,12,12,GCGGCACCACCCGTCGACAG,0,4664598
ybeDp,0.07692307692307693,12,12,GCGACTCGTTCGCGCGACAC,0,4660624
ybeDp,0.07692307692307693,12,12,GCCTCGGGCCTAAGGGGTTA,0,4617340
ybeDp,0.07692307692307693,12,12,GCCGGGTACTGGTAATATTA,0,4652787
ybeDp,0.07692307692307693,12,12,GCCGCTTCCGATTCTTTCCG,0,4640349
ybeDp,0.07692307692307693,12,12,GCCGCTTAGCCGAGATCGAG,0,4674455
ybeDp,0.07692307692307693,12,12,GCCGCCTGAATGGGCACTTA,0,4642112
ybeDp,0.07692307692307693,12,12,GCCAGGTGGTACCCCAGGAG,0,4640912
ybeDp,0.07692307692307693,12,12,GCCAGCGATTTCGAGTGTCA,0,4639216
ybeDp,0.07692307692307693,12,12,GCCACGTACCGGAAGGAGAT,0,4680504
ybeDp,0.07692307692307693,12,12,GCAGTAGAGCAAAGGAGTTC,0,4625272
ybeDp,0.07692307692307693,12,12,GCACTAGCTTAGAGCGTAAA,0,4650252
ybeDp,0.07692307692307693,12,12,GCACGTGCCTTGTAGTAGAC,0,4664283
ybeDp,0.07692307692307693,12,12,GATTTCAGTTAGGCTGAGTG,0,4673505
ybeDp,0.07692307692307693,12,12,GATGGGCCGTGCTGCGTCTG,0,4684259
ybeDp,0.07692307692307693,12,12,GATCGATCCAGTGGTAACAA,0,4650332
ybeDp,0.07692307692307693,12,12,GATCACTCTAAGCCGAATCA,0,4606625
ybeDp,0.07692307692307693,12,12,GATAAGTCGGGGTCAGTGCA,0,4664980
ybeDp,0.07692307692307693,12,12,GAGTACTTCAGCTCGGTTAC,0,4660610
ybeDp,0.07692307692307693,12,12,GAGTAAGTCTACGGGTCCCC,0,4653950
ybeDp,0.07692307692307693,12,12,GAGGGAGAGACAATGGTAAC,0,4656784
ybeDp,0.07692307692307693,12,12,GAGCAAGCGAAAATCGGCTC,0,4632703
ybeDp,0.07692307692307693,12,12,GAGACGCTAGATCGAGGTCT,0,4615268
ybeDp,0.07692307692307693,12,12,GAGACCATGATTAATTTCCA,0,4609498
ybeDp,0.07692307692307693,12,12,GACGGTGGGGGCAGGCGCTT,0,4643478
ybeDp,0.07692307692307693,12,12,GACCGGGGTAATGACCAAAA,0,4615843
ybeDp,0.07692307692307693,12,12,GACAAGATCGAAAAAACCTG,0,4642521
ybeDp,0.07692307692307693,12,12,GACAAAGATTTATGATTGTG,0,4603509
ybeDp,0.07692307692307693,12,12,GAATTGGGAATTGTAGGGAA,0,4608397
ybeDp,0.07692307692307693,12,12,GAATTCGTTTCAACAACCAC,0,4641374
ybeDp,0.07692307692307693,12,12,GAAGTGTCGCTGCACTCGAT,0,4641902
ybeDp,0.07692307692307693,12,12,GAAGAAATGCCGATGGTAGC,0,4622032
ybeDp,0.07692307692307693,12,12,GAAATTGTTGGTTCAGTGCC,0,4685958
ybeDp,0.07692307692307693,12,12,GAAATCCCTCTTTCACCATA,0,4621993
ybeDp,0.07692307692307693,12,12,CTTGGGGCCGTTACTGGGCG,0,4650783
ybeDp,0.07692307692307693,12,12,CTTGGGCACTCGAACCCGAT,0,4643446
ybeDp,0.07692307692307693,12,12,CTTGGACCAGCTTCGGAAGA,0,4664535
ybeDp,0.07692307692307693,12,12,CTTGACGCTAGCAGCATAGG,0,4672799
ybeDp,0.07692307692307693,12,12,CTTCTTACGCATGCACGGGA,0,4609189
ybeDp,0.07692307692307693,12,12,CTTCTGGGACCACGTGTCCT,0,4685766
ybeDp,0.07692307692307693,12,12,CTTCTGAAGACACTACGGTA,0,4612629
ybeDp,0.07692307692307693,12,12,CTTCGTCCGAGCAATATTTT,0,4621697
ybeDp,0.07692307692307693,12,12,CTTCATCGTATTTGGTGGTC,0,4630401
ybeDp,0.07692307692307693,12,12,CTTAGAGGCCGCGAGCGGCA,0,4614081
ybeDp,0.07692307692307693,12,12,CTTAGAGCAAGGAGGGGTCT,0,4627999
ybeDp,0.07692307692307693,12,12,CTTAATCGGGATCCAACTTC,0,4652648
ybeDp,0.07692307692307693,12,12,CTGTTCACCGTTACTGAGAG,0,4676856
ybeDp,0.07692307692307693,12,12,CTGTTAGGGATCGGTAAGGA,0,4685342
ybeDp,0.07692307692307693,12,12,CTGTGAATACATGGTGAGGT,0,4617201
ybeDp,0.07692307692307693,12,12,CTGTCGGTACACACCTTAGC,0,4611133
ybeDp,0.07692307692307693,12,12,CTGTATCCCCTGATGGTATC,0,4662576
ybeDp,0.07692307692307693,12,12,CTGGTTGGACGAGCAACGCA,0,4613096
ybeDp,0.07692307692307693,12,12,CTGGTGTCTTACAACTCGTT,0,4636652
ybeDp,0.07692307692307693,12,12,CTGGTGGGAGGCATATCAAA,0,4642979
ybeDp,0.07692307692307693,12,12,CTGGTAAACCTTAAACCAAG,0,4681945
ybeDp,0.07692307692307693,12,12,CTGGCAAAATAGGGATAGGG,0,4611518
ybeDp,0.07692307692307693,12,12,CTGCGTTAGCTCCGGGGGCA,0,4641377
ybeDp,0.07692307692307693,12,12,CTGCCTATCTGATTGGGGCA,0,4614314
ybeDp,0.07692307692307693,12,12,CTGATTGGTGATCTACCGTA,0,4626938
ybeDp,0.07692307692307693,12,12,CTGAGGCGACGGCCTTAGTG,0,4618003
ybeDp,0.07692307692307693,12,12,CTCTGCCTGCCCGTTTCACG,0,4626099
ybeDp,0.07692307692307693,12,12,CTCTGCACTCATCTTGGCCA,0,4664077
ybeDp,0.07692307692307693,12,12,CTCGCCACGGTCGTTGATTG,0,4621601
ybeDp,0.07692307692307693,12,12,CTCGCAACCACACGCAGCGA,0,4643100
ybeDp,0.07692307692307693,12,12,CTCACTAAGGGTTGAATCGC,0,4622431
ybeDp,0.07692307692307693,12,12,CTATGTTAAAGGCGAATGCT,0,4634266
ybeDp,0.07692307692307693,12,12,CTAGTCACGGTCACGGTAAA,0,4687027
ybeDp,0.07692307692307693,12,12,CTAGGGGAGGTAAGATGGTA,0,4630874
ybeDp,0.07692307692307693,12,12,CTACCAGACGTGGCGTAGAT,0,4633713
ybeDp,0.07692307692307693,12,12,CTAAGTAGACCGCACAGTAC,0,4681032
ybeDp,0.07692307692307693,12,12,CGTTAGTTTCTGGAGGGAAG,0,4653093
ybeDp,0.07692307692307693,12,12,CGTTACGAATTGCAAAGCTC,0,4651643
ybeDp,0.07692307692307693,12,12,CGTTAAAATGATTTGTTACA,0,4671231
ybeDp,0.07692307692307693,12,12,CGTGTCAGGCACCATACGGG,0,4645706
ybeDp,0.07692307692307693,12,12,CGTGAAATGTTCGACCATGC,0,4648777
ybeDp,0.07692307692307693,12,12,CGTGAAAAACTCCTACTCTC,0,4604271
ybeDp,0.07692307692307693,12,12,CGTCTACATATACGTCTTAG,0,4605696
ybeDp,0.07692307692307693,12,12,CGTATAGTGAGGAATCTTTC,0,4686686
ybeDp,0.07692307692307693,12,12,CGGGTCTAGTTTCCATCGGG,0,4675301
ybeDp,0.07692307692307693,12,12,CGGCTTGACCCCCCCAAGTC,0,4657524
ybeDp,0.07692307692307693,12,12,CGGCGAGGAGCAGGACGGTT,0,4650755
ybeDp,0.07692307692307693,12,12,CGCTCATGTGCGATATCTGA,0,4663751
ybeDp,0.07692307692307693,12,12,CGCTATATGAAGTACGGCTG,0,4668051
ybeDp,0.07692307692307693,12,12,CGCGGACTCGTGCGTGAAGG,0,4650982
ybeDp,0.07692307692307693,12,12,CGCGCGGAGGAGTCGGTGAT,0,4660410
ybeDp,0.07692307692307693,12,12,CGCCTTGACCGCGTCGACTC,0,4604654
ybeDp,0.07692307692307693,12,12,CGCCATCGATTACACCACCT,0,4676640
ybeDp,0.07692307692307693,12,12,CGCCAGTCCGCTTGTGAGCA,0,4628831
ybeDp,0.07692307692307693,12,12,CGAGATAAGGCAGGTGTACT,0,4631824
ybeDp,0.07692307692307693,12,12,CGACTGCATAGATAGGCGTT,0,4679444
ybeDp,0.07692307692307693,12,12,CGAATTGCTCGGCGCATCTT,0,4667355
ybeDp,0.07692307692307693,12,12,CGAAGCAGCCCCTGGTAAGG,0,4640155
ybeDp,0.07692307692307693,12,12,CGAACGTAACTATTACGCCT,0,4632252
ybeDp,0.07692307692307693,12,12,CGAAATTGGCGTACAACCCA,0,4620802
ybeDp,0.07692307692307693,12,12,CCTTGAGATATGGAAACCTC,0,4627010
ybeDp,0.07692307692307693,12,12,CCTTAGCTCATTTATTTCGG,0,4646457
ybeDp,0.07692307692307693,12,12,CCTTAATGGCTTTAACAGCT,0,4659624
ybeDp,0.07692307692307693,12,12,CCTGGCTTAATGCGGGCTTG,0,4624002
ybeDp,0.07692307692307693,12,12,CCTCGGGCAGTCTGTTTCAC,0,4664024
ybeDp,0.07692307692307693,12,12,CCTCCATAGGAGGTTTCTAC,0,4664268
ybeDp,0.07692307692307693,12,12,CCTACTCCAATCAGTGCCGT,0,4614722
ybeDp,0.07692307692307693,12,12,CCGTTCAAGTGTGAAACATT,0,4657634
ybeDp,0.07692307692307693,12,12,CCGGTGCCCACGAGTCTCAC,0,4683196
ybeDp,0.07692307692307693,12,12,CCGGGACTCGCTGTACGCGA,0,4626619
ybeDp,0.07692307692307693,12,12,CCGGCGCATATTCTCCAAGA,0,4666216
ybeDp,0.07692307692307693,12,12,CCGCGAACCAAGGATGAGGG,0,4640015
ybeDp,0.07692307692307693,12,12,CCGAGAAGTGCCCAGTGGAG,0,4645447
ybeDp,0.07692307692307693,12,12,CCGAATGATAGCCCAACTTG,0,4669751
ybeDp,0.07692307692307693,12,12,CCGAATCGCCGGCCTGCAAA,0,4627593
ybeDp,0.07692307692307693,12,12,CCCTTGCGAAGGTATGGGAA,0,4609999
ybeDp,0.07692307692307693,12,12,CCCTACCAGCGGGGACACGT,0,4684206
ybeDp,0.07692307692307693,12,12,CCCGTCTAAGACGCGATTAG,0,4610127
ybeDp,0.07692307692307693,12,12,CCCGGTATGCTTACAACCTT,0,4634608
ybeDp,0.07692307692307693,12,12,CCCGAGCCCACCGTCCACAC,0,4661777
ybeDp,0.07692307692307693,12,12,CCCCTTCGGGTGTAGGCGAC,0,4671744
ybeDp,0.07692307692307693,12,12,CCCCGCCCTAACCTACGGCG,0,4609410
ybeDp,0.07692307692307693,12,12,CCCCCCTGCTCTGATGGTAA,0,4653672
ybeDp,0.07692307692307693,12,12,CCCCATAGCAACTCAGATAA,0,4640255
ybeDp,0.07692307692307693,12,12,CCCAATGCGGAAGATCGTAA,0,4650502
ybeDp,0.07692307692307693,12,12,CCATAACGAGTCTCAGGGCA,0,4637888
ybeDp,0.07692307692307693,12,12,CCAGGCACGCGCGTTCACGA,0,4631328
ybeDp,0.07692307692307693,12,12,CCAGCCATCTACGTGTGAAA,0,4649709
ybeDp,0.07692307692307693,12,12,CCAGCCAGGTGTGTTTAAAT,0,4648338
ybeDp,0.07692307692307693,12,12,CCACGATTGTCCTCCTCATC,0,4666950
ybeDp,0.07692307692307693,12,12,CATTGTGATCAGCCGAGGCA,0,4610161
ybeDp,0.07692307692307693,12,12,CATGGTAGCATGAATTCTGT,0,4641040
ybeDp,0.07692307692307693,12,12,CATGGAACGTGTGTTGCCTA,0,4641121
ybeDp,0.07692307692307693,12,12,CATGAAAGGCCCTAGCAAAA,0,4658785
ybeDp,0.07692307692307693,12,12,CATCCGACCGCGCACTAGCG,0,4642327
ybeDp,0.07692307692307693,12,12,CATCACCGGCGCCTTTAATC,0,4632156
ybeDp,0.07692307692307693,12,12,CATACAAAAAGCGCTCAGTA,0,4606549
ybeDp,0.07692307692307693,12,12,CAGTTTGCGAAACGTACTGT,0,4644336
ybeDp,0.07692307692307693,12,12,CAGTAGTGTGTCTGTGTGTC,0,4635055
ybeDp,0.07692307692307693,12,12,CAGATTACGGCTGAGCGTCC,0,4674723
ybeDp,0.07692307692307693,12,12,CACTTCGTGTATGTAGTTAT,0,4684865
ybeDp,0.07692307692307693,12,12,CACTGTTCAAAAGATCTAGT,0,4644752
ybeDp,0.07692307692307693,12,12,CACTGACTAATGCTAATAGG,0,4621423
ybeDp,0.07692307692307693,12,12,CACCGCAATAGAGGTCACGG,0,4673403
ybeDp,0.07692307692307693,12,12,CACCGATACAAGAAGTTAGG,0,4620586
ybeDp,0.07692307692307693,12,12,CACCGACTAGGGATTTGCAA,0,4667094
ybeDp,0.07692307692307693,12,12,CACACAACCGGGCGGACCAG,0,4609106
ybeDp,0.07692307692307693,12,12,CAATCGCCTGTTAATTTTAA,0,4610899
ybeDp,0.07692307692307693,12,12,CAAGTGGCCCGGAGCCCCCG,0,4621896
ybeDp,0.07692307692307693,12,12,CAAGCCGCTAAAATCAACGA,0,4609472
ybeDp,0.07692307692307693,12,12,CAAGATTAGCAGAATTTTGA,0,4615794
ybeDp,0.07692307692307693,12,12,CAAGATATACGCGGTGCATG,0,4630244
ybeDp,0.07692307692307693,12,12,CAACATGGGAGAAATACGGG,0,4616254
ybeDp,0.07692307692307693,12,12,ATTGTGCATCTACAAGCAGG,0,4612981
ybeDp,0.07692307692307693,12,12,ATTGCGAGCATGAAATGACA,0,4601469
ybeDp,0.07692307692307693,12,12,ATTGATTCTATCGGCAAGAA,0,4680564
ybeDp,0.07692307692307693,12,12,ATTCCCCTGGGGGGGAAGCA,0,4600832
ybeDp,0.07692307692307693,12,12,ATTCAAGAGATACACGATAA,0,4673954
ybeDp,0.07692307692307693,12,12,ATTAGTAAGCACTAATACCA,0,4604390
ybeDp,0.07692307692307693,12,12,ATGTGAGGTTTTGTTGGGAT,0,4651917
ybeDp,0.07692307692307693,12,12,ATGGGTTGTTACGAATTTGG,0,4620087
ybeDp,0.07692307692307693,12,12,ATGGATGTTTGGCTAACCTT,0,4617751
ybeDp,0.07692307692307693,12,12,ATGGATAACGGTGGGAATTA,0,4645126
ybeDp,0.07692307692307693,12,12,ATGCGTGAGGGCTTAGCGCA,0,4611103
ybeDp,0.07692307692307693,12,12,ATCGTACGGGCCAGCCTAGA,0,4656830
ybeDp,0.07692307692307693,12,12,ATCGGCATATATTACGATCC,0,4672303
ybeDp,0.07692307692307693,12,12,ATCGACGACCCTTTGTGCAA,0,4605369
ybeDp,0.07692307692307693,12,12,ATCCCAGGAACGCCAGCCTA,0,4656461
ybeDp,0.07692307692307693,12,12,ATATCGCACGTCTGTCTCAT,0,4682511
ybeDp,0.07692307692307693,12,12,ATATCGATATAGCCGGACAT,0,4638722
ybeDp,0.07692307692307693,12,12,ATATCCCGTCGCCGGTTAAC,0,4643485
ybeDp,0.07692307692307693,12,12,ATATACGGAATAGAGGACTT,0,4645842
ybeDp,0.07692307692307693,12,12,ATAGCGATTGACACGATTTT,0,4656395
ybeDp,0.07692307692307693,12,12,ATAGCCTTGTTTCCCAAAAG,0,4613535
ybeDp,0.07692307692307693,12,12,ATAGCCCCGTACCTATTACA,0,4618788
ybeDp,0.07692307692307693,12,12,ATACAAGCTCTCCGCGCTTA,0,4657519
ybeDp,0.07692307692307693,12,12,ATAAGACGTGCGATGGCTCA,0,4673631
ybeDp,0.07692307692307693,12,12,ATAACCGTGTGGCAGACTTA,0,4614355
ybeDp,0.07692307692307693,12,12,AGTGAGTACGAGGGTTGTAG,0,4675794
ybeDp,0.07692307692307693,12,12,AGTCCAGGAATGGCACCGGA,0,4681030
ybeDp,0.07692307692307693,12,12,AGTCACCGCATGCGCAAGAT,0,4602674
ybeDp,0.07692307692307693,12,12,AGTAGTATCTCCAGAGCTAA,0,4633589
ybeDp,0.07692307692307693,12,12,AGTAGCGACCGACTAAGGAG,0,4612628
ybeDp,0.07692307692307693,12,12,AGGTCTGGCGAGGGTTAGCA,0,4635113
ybeDp,0.07692307692307693,12,12,AGGTCACGATACTAGATTTT,0,4670546
ybeDp,0.07692307692307693,12,12,AGGGCCGGTGGGCGGTGTCC,0,4682087
ybeDp,0.07692307692307693,12,12,AGGCTTACCGTTCTCGAAGC,0,4644269
ybeDp,0.07692307692307693,12,12,AGGCAATGGAATTAGCCGGA,0,4642260
ybeDp,0.07692307692307693,12,12,AGGACCCGGAAGTGAGGGCG,0,4684706
ybeDp,0.07692307692307693,12,12,AGGACATAACATGGTCCTTT,0,4608854
ybeDp,0.07692307692307693,12,12,AGCTTGCTTATTTGAATTAT,0,4625898
ybeDp,0.07692307692307693,12,12,AGCTCCTAGCGTGTCACGGT,0,4608957
ybeDp,0.07692307692307693,12,12,AGCCCTAGAGGAGTGAAACA,0,4614556
ybeDp,0.07692307692307693,12,12,AGCCAGCGACTATCACTGAC,0,4640684
ybeDp,0.07692307692307693,12,12,AGCCACAGCCACTCCACAAA,0,4610296
ybeDp,0.07692307692307693,12,12,AGCATGCGCCGGAGTGTGAC,0,4684192
ybeDp,0.07692307692307693,12,12,AGCACAAGGAGCTCGGTAAG,0,4663501
ybeDp,0.07692307692307693,12,12,AGAGGCGGCGGTTGTCCAAC,0,4646202
ybeDp,0.07692307692307693,12,12,AGAATGGAACCCTTAGTGAT,0,4679895
ybeDp,0.07692307692307693,12,12,AGAATAGTAAGTAAGGCATA,0,4639448
ybeDp,0.07692307692307693,12,12,ACTGTTACAAAGTACCCTAT,0,4650697
ybeDp,0.07692307692307693,12,12,ACTGACGGGGCTAAAAACTT,0,4617279
ybeDp,0.07692307692307693,12,12,ACTACGGTGGCCCATTCTCC,0,4665543
ybeDp,0.07692307692307693,12,12,ACGTTCTTTCTGAGAGGGAT,0,4644720
ybeDp,0.07692307692307693,12,12,ACGTGGTTTCATGGCCAAGA,0,4601808
ybeDp,0.07692307692307693,12,12,ACGTCGCCGGCCACATTTCG,0,4622727
ybeDp,0.07692307692307693,12,12,ACGTACGGAATGCCGAGCAT,0,4632182
ybeDp,0.07692307692307693,12,12,ACGGTGGGGACGCAACATTG,0,4644793
ybeDp,0.07692307692307693,12,12,ACGGGCCTCACCATCGGTAA,0,4650648
ybeDp,0.07692307692307693,12,12,ACGGAACACTGAGGCCCCGT,0,4675904
ybeDp,0.07692307692307693,12,12,ACGATGCGGCCTTGGCATAG,0,4614991
ybeDp,0.07692307692307693,12,12,ACGAGCAATCGTCTGCCTCT,0,4625057
ybeDp,0.07692307692307693,12,12,ACGACCTGGTAGCCTAAGCT,0,4626905
ybeDp,0.07692307692307693,12,12,ACGAATTTTCGTAGGGCTCG,0,4621118
ybeDp,0.07692307692307693,12,12,ACCTACCCTCAGGACGCGAA,0,4659428
ybeDp,0.07692307692307693,12,12,ACCGTGGGCTTTCGCACGGG,0,4677903
ybeDp,0.07692307692307693,12,12,ACCGTCGCAAGGTTGACAAG,0,4613814
ybeDp,0.07692307692307693,12,12,ACCGAAGGGTATAAGATGAG,0,4609501
ybeDp,0.07692307692307693,12,12,ACCCATATGGGTTTGCTATA,0,4620182
ybeDp,0.07692307692307693,12,12,ACAGTTCGTTAAATTTTAAT,0,4636270
ybeDp,0.07692307692307693,12,12,ACAGCGCTTAATTCTATGAG,0,4632192
ybeDp,0.07692307692307693,12,12,ACACTGGGAGTAACGCACAG,0,4651800
ybeDp,0.07692307692307693,12,12,AATTCTTAGGCTACGCGAAG,0,4634814
ybeDp,0.07692307692307693,12,12,AATTAGTTGGTGATCACTTG,0,4642957
ybeDp,0.07692307692307693,12,12,AATTACGGCGTGCAACAGTT,0,4626252
ybeDp,0.07692307692307693,12,12,AATGTACGCGAAGCCCTGAT,0,4663524
ybeDp,0.07692307692307693,12,12,AATGGGCGGAGCTTCGCAGT,0,4612671
ybeDp,0.07692307692307693,12,12,AATGATGTACAAGTAATCTA,0,4606408
ybeDp,0.07692307692307693,12,12,AATCGGCCCCGGTATTGAAA,0,4679065
ybeDp,0.07692307692307693,12,12,AATCGAATTCCGTCTGGTTT,0,4610342
ybeDp,0.07692307692307693,12,12,AATCACCTTCAGAGCACTAT,0,4685393
ybeDp,0.07692307692307693,12,12,AATACACGCAAGTGCTCCGC,0,4669621
ybeDp,0.07692307692307693,12,12,AATAAGCCCATCAGATGCTA,0,4620556
ybeDp,0.07692307692307693,12,12,AAGGTAATGTGGAAGAGGAT,0,4666712
ybeDp,0.07692307692307693,12,12,AAGGGTTACCTTCTCGTTCT,0,4601773
ybeDp,0.07692307692307693,12,12,AAGGCCCGGCGTGCGAGGTT,0,4624891
ybeDp,0.07692307692307693,12,12,AAGCGGGTTATCAACCCTTG,0,4617416
ybeDp,0.07692307692307693,12,12,AAGCGCGTAACGTGCAGTTG,0,4601349
ybeDp,0.07692307692307693,12,12,AAGCCCCCAGATTTTATCGC,0,4621759
ybeDp,0.07692307692307693,12,12,AAGACTGAGGCCCTGAAGTA,0,4672861
ybeDp,0.07692307692307693,12,12,AAGACGTTCGTAGCAGGAGT,0,4641383
ybeDp,0.07692307692307693,12,12,AAGAAGCAGGCCCATCGCGG,0,4668546
ybeDp,0.07692307692307693,12,12,AACTATATACGCATCACAGA,0,4661126
ybeDp,0.07692307692307693,12,12,AACGTTTACTGACCGCGATC,0,4677418
ybeDp,0.07692307692307693,12,12,AACGCTCTCTTAGTCAGCGG,0,4670254
ybeDp,0.07692307692307693,12,12,AACGCCGGGTAATCGTTGAC,0,4671995
ybeDp,0.07692307692307693,12,12,AACCTGGAGGATGCATCCAC,0,4668367
ybeDp,0.07692307692307693,12,12,AACACGGGATCCCACGTGGT,0,4663903
ybeDp,0.07692307692307693,12,12,AAACGGTCGTCCTCATATTA,0,4605420
ybeDp,0.07692307692307693,12,12,AAAACTATTACCACCTGTAC,0,4674699
ybeDp,0.07692307692307693,12,12,AAAAAAGGCTTCGCACAAGA,0,4607079
ybeDp,0.07692307692307693,12,12,AAAAAACCAGAACAGCATTG,0,4648817
ybeDp,0.08333333333333333,11,11,TTTTTTCGGGGCTTATAAAA,0,4622288
ybeDp,0.08333333333333333,11,11,TTTTCAGGGTATTTTACGAA,0,4605095
ybeDp,0.08333333333333333,11,11,TTTGCTTAACGGCTGATAAA,0,4637313
ybeDp,0.08333333333333333,11,11,TTTGACCCAAACGGCGTAAC,0,4614283
ybeDp,0.08333333333333333,11,11,TTTGACACGCATTATTATGC,0,4643421
ybeDp,0.08333333333333333,11,11,TTTGAAGAGATCCTCGGCCC,0,4608891
ybeDp,0.08333333333333333,11,11,TTTCGAAATATAATCGAAGC,0,4645920
ybeDp,0.08333333333333333,11,11,TTTCCGTCAGGGGGTGTGCA,0,4668680
ybeDp,0.08333333333333333,11,11,TTTATTTGTCAGTTACCAAA,0,4625739
ybeDp,0.08333333333333333,11,11,TTTATTAAACACCGTGGTAA,0,4615646
ybeDp,0.08333333333333333,11,11,TTGTTGGGTAGATTCACGTA,0,4611248
ybeDp,0.08333333333333333,11,11,TTGGTACGCAGCAGGCGCCC,0,4676842
ybeDp,0.08333333333333333,11,11,TTGGCACAGTGACTCCGAGA,0,4657707
ybeDp,0.08333333333333333,11,11,TTGGAAACGTGTAAACGGGA,0,4609997
ybeDp,0.08333333333333333,11,11,TTGCGGTTGACTATCGCTGA,0,4630676
ybeDp,0.08333333333333333,11,11,TTGCATAGCGCGGATGCAAC,0,4652813
ybeDp,0.08333333333333333,11,11,TTGAGTCCGAAATCGTTTAC,0,4631382
ybeDp,0.08333333333333333,11,11,TTGAGATGGGCAACATGCCA,0,4627491
ybeDp,0.08333333333333333,11,11,TTGACGCTGGGACCGATAAG,0,4616630
ybeDp,0.08333333333333333,11,11,TTCTGTTGCGCCGGATACGG,0,4644450
ybeDp,0.08333333333333333,11,11,TTCTCTGCAAGTTCGGAGTT,0,4632499
ybeDp,0.08333333333333333,11,11,TTCTACTCTCCTTGGCTCCG,0,4600861
ybeDp,0.08333333333333333,11,11,TTCCGACTCTGCAACATACC,0,4602185
ybeDp,0.08333333333333333,11,11,TTCCCCGTGTTTCGAACACG,0,4619400
ybeDp,0.08333333333333333,11,11,TTCCAGGCTACAACGTGCTG,0,4667121
ybeDp,0.08333333333333333,11,11,TTCCAGAGCTTAGCTGGGTT,0,4668778
ybeDp,0.08333333333333333,11,11,TTCATCAGCTAGTCAAATTC,0,4601319
ybeDp,0.08333333333333333,11,11,TTCAAGGAGCCTATATGCTA,0,4664960
ybeDp,0.08333333333333333,11,11,TTATTCTGCATTATCTAACG,0,4662444
ybeDp,0.08333333333333333,11,11,TTACTGGTTCAGCTTGCTCA,0,4679002
ybeDp,0.08333333333333333,11,11,TTAAGACGGGGTCTAAGGCG,0,4658396
ybeDp,0.08333333333333333,11,11,TTAAAAAGTGGGTATGAAGG,0,4650799
ybeDp,0.08333333333333333,11,11,TGTTTTTGAACGCTTTAAGG,0,4628458
ybeDp,0.08333333333333333,11,11,TGTTGTTGACCAGGAACACT,0,4629705
ybeDp,0.08333333333333333,11,11,TGTTAGGGGAGCCAAACCGA,0,4618518
ybeDp,0.08333333333333333,11,11,TGTAGTTGGTATGTGGATGT,0,4678037
ybeDp,0.08333333333333333,11,11,TGGTGTTGGAGGTCTATTTA,0,4618192
ybeDp,0.08333333333333333,11,11,TGGTGGTAATCACAGTACTG,0,4612514
ybeDp,0.08333333333333333,11,11,TGGTGAGAAATCTAAGTGGT,0,4662797
ybeDp,0.08333333333333333,11,11,TGGTGACGATAAAGGTTCTG,0,4634545
ybeDp,0.08333333333333333,11,11,TGGTGACGAGGGAAAGTAGA,0,4615973
ybeDp,0.08333333333333333,11,11,TGGTGACAATTTTTTACCAC,0,4625938
ybeDp,0.08333333333333333,11,11,TGGGTCTTGAGTTTGAAACT,0,4625684
ybeDp,0.08333333333333333,11,11,TGGGCTCAGGCTCCACAGGC,0,4683954
ybeDp,0.08333333333333333,11,11,TGGGCGCGTGTCAAGCAACA,0,4617262
ybeDp,0.08333333333333333,11,11,TGGGCAATTAAGGGGTAAGT,0,4679486
ybeDp,0.08333333333333333,11,11,TGGAGCTCGAACGGTGCCCT,0,4619103
ybeDp,0.08333333333333333,11,11,TGGACCACAGGAATGTGTCT,0,4665597
ybeDp,0.08333333333333333,11,11,TGCTGGGCCTTTTGTCCGTA,0,4632009
ybeDp,0.08333333333333333,11,11,TGCTGCCCATGCAACCGGAA,0,4651128
ybeDp,0.08333333333333333,11,11,TGCGCTGATATGCAATCGTG,0,4680730
ybeDp,0.08333333333333333,11,11,TGCGATGGGCAGTAAGTGTC,0,4612155
ybeDp,0.08333333333333333,11,11,TGCGATACATCAAATAGGAC,0,4618739
ybeDp,0.08333333333333333,11,11,TGCCGCGCACATCCAGTTAA,0,4626596
ybeDp,0.08333333333333333,11,11,TGCATGTTTTCATTAAGGTA,0,4635831
ybeDp,0.08333333333333333,11,11,TGCACAAGAGGCCCAGTTCT,0,4677310
ybeDp,0.08333333333333333,11,11,TGATGTCAGACCCACCGAGT,0,4642470
ybeDp,0.08333333333333333,11,11,TGATCCTTATATTGTTCTCA,0,4667776
ybeDp,0.08333333333333333,11,11,TGAGGGCGACGCTATCCGTC,0,4620211
ybeDp,0.08333333333333333,11,11,TGACGTAACCTAGTTTCTAC,0,4629896
ybeDp,0.08333333333333333,11,11,TGACAATGGTATGACGTCGT,0,4651347
ybeDp,0.08333333333333333,11,11,TGAAACAATCATCTATTTCC,0,4658247
ybeDp,0.08333333333333333,11,11,TCTTAAATAACTATGAATGG,0,4635746
ybeDp,0.08333333333333333,11,11,TCTGTTGAGTATGAGGGGGG,0,4603835
ybeDp,0.08333333333333333,11,11,TCTGCGCCGGCCGCATGTTA,0,4687873
ybeDp,0.08333333333333333,11,11,TCTGAGAACTGACGCGCATG,0,4610904
ybeDp,0.08333333333333333,11,11,TCTCCCACGCTCAGGCGGTG,0,4667643
ybeDp,0.08333333333333333,11,11,TCTATTTGAACGGTTAATCA,0,4640249
ybeDp,0.08333333333333333,11,11,TCTATTTCGTAATCCCTACT,0,4619951
ybeDp,0.08333333333333333,11,11,TCTAGACGGCACAAAGCCGT,0,4667252
ybeDp,0.08333333333333333,11,11,TCTACCTCTGCGGTATGTCT,0,4669669
ybeDp,0.08333333333333333,11,11,TCGTGGTCAGTGTCAATGGC,0,4644892
ybeDp,0.08333333333333333,11,11,TCGTACCCTGCCTGTTATAT,0,4636244
ybeDp,0.08333333333333333,11,11,TCGGCGTGCATCGATTGTCA,0,4653685
ybeDp,0.08333333333333333,11,11,TCGAGTGGCTTCCGTCAACG,0,4669781
ybeDp,0.08333333333333333,11,11,TCCGTGGTTTTTCACCAGCT,0,4658284
ybeDp,0.08333333333333333,11,11,TCCCGCAACTGTAGTTCCAC,0,4681000
ybeDp,0.08333333333333333,11,11,TCCACGCGTGACGCACTCGA,0,4666794
ybeDp,0.08333333333333333,11,11,TCATTTCGTGTGCCCAACGC,0,4627975
ybeDp,0.08333333333333333,11,11,TCAGGCTGAATTGACCCTCG,0,4644807
ybeDp,0.08333333333333333,11,11,TCAGGCGGGCTGGAAGTTCT,0,4623000
ybeDp,0.08333333333333333,11,11,TCAGCGGCCTGCGGATACCG,0,4666359
ybeDp,0.08333333333333333,11,11,TCAAACGATCCATCGAATAA,0,4652875
ybeDp,0.08333333333333333,11,11,TATTGTCTGGTACTCCGTCA,0,4642356
ybeDp,0.08333333333333333,11,11,TATGTCTCTTTTCAACCTGA,0,4614562
ybeDp,0.08333333333333333,11,11,TATGAACGTATCACTGATTT,0,4680232
ybeDp,0.08333333333333333,11,11,TATCGCCGGGATACGTCCCG,0,4631874
ybeDp,0.08333333333333333,11,11,TATAGTAACGCAGGGCGCCA,0,4633557
ybeDp,0.08333333333333333,11,11,TATAAAATACATATAGCCGT,0,4670097
ybeDp,0.08333333333333333,11,11,TAGTTGGTTATACTTATCTT,0,4640027
ybeDp,0.08333333333333333,11,11,TAGGCAGCGCGCCTCGCTCG,0,4647629
ybeDp,0.08333333333333333,11,11,TAGCGGTAAGTAGACTGTTC,0,4648822
ybeDp,0.08333333333333333,11,11,TAGATTGGAGATACGTTATC,0,4617626
ybeDp,0.08333333333333333,11,11,TAGATACAAACTTCTGTCGC,0,4622935
ybeDp,0.08333333333333333,11,11,TACCCCCATTGCGGCGAATG,0,4611217
ybeDp,0.08333333333333333,11,11,TACCAGTTAGGACGCACAAC,0,4644188
ybeDp,0.08333333333333333,11,11,TACAATTTGTGCGTACGCGG,0,4614079
ybeDp,0.08333333333333333,11,11,TACAATTGTAATCGGCAGTC,0,4633522
ybeDp,0.08333333333333333,11,11,TAATTTCCTGGTTACGGTGT,0,4672384
ybeDp,0.08333333333333333,11,11,TAACGTGCACCTAAATGGTT,0,4687976
ybeDp,0.08333333333333333,11,11,TAAAGGAGGCTTGGTCTGGC,0,4612976
ybeDp,0.08333333333333333,11,11,TAAACCCATGGATTGTTCAA,0,4683182
ybeDp,0.08333333333333333,11,11,TAAAATGCATTAGTGTATCC,0,4619801
ybeDp,0.08333333333333333,11,11,GTTTTTCCTACTTCGGCGTC,0,4609240
ybeDp,0.08333333333333333,11,11,GTTTTGGGCTGGAAGCGAGA,0,4648807
ybeDp,0.08333333333333333,11,11,GTTGGTTGGAGCAGTGTATT,0,4674000
ybeDp,0.08333333333333333,11,11,GTTGACAAAGGCCGAGTTTT,0,4614766
ybeDp,0.08333333333333333,11,11,GTTCAGCTAGGTCGAATATA,0,4659202
ybeDp,0.08333333333333333,11,11,GTTAGGCACGCGGAGTTTTA,0,4660796
ybeDp,0.08333333333333333,11,11,GTGGCATGGAACCAGGTTGT,0,4651495
ybeDp,0.08333333333333333,11,11,GTGGATCCGCACGGGTCAAC,0,4613923
ybeDp,0.08333333333333333,11,11,GTGGAGGGCAGTTCACTATG,0,4631552
ybeDp,0.08333333333333333,11,11,GTGCATGGGGGCAACAAGTA,0,4662014
ybeDp,0.08333333333333333,11,11,GTGCACGACAGATCATATGG,0,4606874
ybeDp,0.08333333333333333,11,11,GTGATTTTTGCACCGTCAGG,0,4604162
ybeDp,0.08333333333333333,11,11,GTGAGTAGGTCCCCTGCATA,0,4646708
ybeDp,0.08333333333333333,11,11,GTGAGTAACATTCGTCAGAC,0,4666708
ybeDp,0.08333333333333333,11,11,GTGACTGGTGCGGGACTGAT,0,4629620
ybeDp,0.08333333333333333,11,11,GTGACATGTCATATCTTTAG,0,4606769
ybeDp,0.08333333333333333,11,11,GTCTTTTGTCTGCTGTCATT,0,4620709
ybeDp,0.08333333333333333,11,11,GTCGCGAGTGACCGCGGTCA,0,4650331
ybeDp,0.08333333333333333,11,11,GTCGCACGGTCAAGCCTCCT,0,4646893
ybeDp,0.08333333333333333,11,11,GTCCGTGGGAAAGATATCAA,0,4663368
ybeDp,0.08333333333333333,11,11,GTCCGGCAGTCTATACTTAT,0,4645831
ybeDp,0.08333333333333333,11,11,GTCATGAGGCGAACAACATA,0,4636472
ybeDp,0.08333333333333333,11,11,GTATGACTTGCCTCGGGTGG,0,4606333
ybeDp,0.08333333333333333,11,11,GTATCATTCAGGTACTATCA,0,4638147
ybeDp,0.08333333333333333,11,11,GTATATTTTCGCGAGTAGGC,0,4604533
ybeDp,0.08333333333333333,11,11,GTAGTCCCGGCCGTGGGGTT,0,4649712
ybeDp,0.08333333333333333,11,11,GTAGGGGACAGAGAAATCGA,0,4624160
ybeDp,0.08333333333333333,11,11,GTAGCCCTGCGGGGTCAAAA,0,4601614
ybeDp,0.08333333333333333,11,11,GTAGACCTCGTGTCTATAGT,0,4620391
ybeDp,0.08333333333333333,11,11,GGTTGGAGGTTTGGCCGACA,0,4645798
ybeDp,0.08333333333333333,11,11,GGTTCGGTGTATAGACGACG,0,4612837
ybeDp,0.08333333333333333,11,11,GGTTCACAGGGGATTTATGT,0,4635901
ybeDp,0.08333333333333333,11,11,GGTTATCGTTACTGTTGCTG,0,4644979
ybeDp,0.08333333333333333,11,11,GGTGTTACGTTGGTTCGGTA,0,4614589
ybeDp,0.08333333333333333,11,11,GGTGCATAGTCTCGGCAGCT,0,4611409
ybeDp,0.08333333333333333,11,11,GGTCTTCACCTGCACCACCG,0,4677073
ybeDp,0.08333333333333333,11,11,GGTCCCCTCCAGAAGTTACG,0,4639425
ybeDp,0.08333333333333333,11,11,GGTAGAGACCGCTTCCACGG,0,4683897
ybeDp,0.08333333333333333,11,11,GGTACCAACATAGTTTATAA,0,4678408
ybeDp,0.08333333333333333,11,11,GGGTTGGAGCATGGATCCCT,0,4630010
ybeDp,0.08333333333333333,11,11,GGGGTTGTCTATCCCCGAAT,0,4667464
ybeDp,0.08333333333333333,11,11,GGGGGTCGGGGTGTAGCTAT,0,4623579
ybeDp,0.08333333333333333,11,11,GGGGCAGCACGGAGATTACC,0,4618123
ybeDp,0.08333333333333333,11,11,GGGCTTGTGATCGTGGATCT,0,4687727
ybeDp,0.08333333333333333,11,11,GGGCATTGGCCCGGACAGGA,0,4629307
ybeDp,0.08333333333333333,11,11,GGGCATCGATCAGCCCTATT,0,4664027
ybeDp,0.08333333333333333,11,11,GGGATTGAGGGCTCCTGTGC,0,4664889
ybeDp,0.08333333333333333,11,11,GGGATCTAGCATGTAGACGA,0,4605994
ybeDp,0.08333333333333333,11,11,GGGAAGTACCAGCGCGTTAT,0,4618559
ybeDp,0.08333333333333333,11,11,GGCGTAGAATTTGCCGATTG,0,4622718
ybeDp,0.08333333333333333,11,11,GGCGGTTTTGTGCTTTCCTA,0,4627944
ybeDp,0.08333333333333333,11,11,GGCGCGAGCAATGTCAGGAG,0,4649456
ybeDp,0.08333333333333333,11,11,GGCATTAACACCCAATGGTT,0,4630042
ybeDp,0.08333333333333333,11,11,GGCAGTCGGGGATTCAGAAG,0,4625717
ybeDp,0.08333333333333333,11,11,GGCAGACAACAGTGCCAGCA,0,4637177
ybeDp,0.08333333333333333,11,11,GGCAATTAGGAAGTCGATAC,0,4682759
ybeDp,0.08333333333333333,11,11,GGATCTCGGCGCTCGTATGT,0,4672918
ybeDp,0.08333333333333333,11,11,GGATCGTTCAGTGCGGTGGT,0,4653894
ybeDp,0.08333333333333333,11,11,GGATCAACCCCCCAGTCACA,0,4610651
ybeDp,0.08333333333333333,11,11,GGATATTGCTCGGGCTTTAC,0,4642955
ybeDp,0.08333333333333333,11,11,GGAGTCGTTGCGGGAGCCCC,0,4637764
ybeDp,0.08333333333333333,11,11,GGAGGAGCCTTTGAGTTTGG,0,4622668
ybeDp,0.08333333333333333,11,11,GGAGACACTGCGCCAAAAAT,0,4684968
ybeDp,0.08333333333333333,11,11,GGACAGCAAGCACGCTAGGG,0,4635849
ybeDp,0.08333333333333333,11,11,GCTTTACCGTCGCCCACGTT,0,4603023
ybeDp,0.08333333333333333,11,11,GCTGTACCTGGAATAAGGAA,0,4606263
ybeDp,0.08333333333333333,11,11,GCTGGACTGGTGTAGTATTT,0,4668138
ybeDp,0.08333333333333333,11,11,GCTGACGGGTTATAGCCAGC,0,4608538
ybeDp,0.08333333333333333,11,11,GCTAGTCCTTAGGGATCCGA,0,4609786
ybeDp,0.08333333333333333,11,11,GCTAGTCAATTTTCAGTATG,0,4628865
ybeDp,0.08333333333333333,11,11,GCTACCGATGTGAAGTGGGA,0,4665655
ybeDp,0.08333333333333333,11,11,GCTAAATCTTGGCATATTAG,0,4681675
ybeDp,0.08333333333333333,11,11,GCGTCTTGGTGTCTAGAGAC,0,4679953
ybeDp,0.08333333333333333,11,11,GCGTCGTGTCACCCATCCAT,0,4677540
ybeDp,0.08333333333333333,11,11,GCGTAACCTAAGCGGTGAAG,0,4638126
ybeDp,0.08333333333333333,11,11,GCGTAAAAATATCGCTGGAA,0,4672875
ybeDp,0.08333333333333333,11,11,GCGCTCATCCTAAGGCAAGT,0,4627669
ybeDp,0.08333333333333333,11,11,GCGCGCTATGGTAGCACAAT,0,4640250
ybeDp,0.08333333333333333,11,11,GCGAGAGCACTTACCCAGGA,0,4620098
ybeDp,0.08333333333333333,11,11,GCGAGACTTGGCAACGCTGC,0,4657660
ybeDp,0.08333333333333333,11,11,GCGACGGAGTCTTAATGGTG,0,4624059
ybeDp,0.08333333333333333,11,11,GCCGGTCCTGACGTTCACTT,0,4659928
ybeDp,0.08333333333333333,11,11,GCCGAATCATAAATTTGCTT,0,4652834
ybeDp,0.08333333333333333,11,11,GCCCCTTCAGGCGGGTTATT,0,4627969
ybeDp,0.08333333333333333,11,11,GCCATTATGTTGGATAAGGT,0,4628232
ybeDp,0.08333333333333333,11,11,GCCACGAGATCAATCGGTAA,0,4632858
ybeDp,0.08333333333333333,11,11,GCATTGTGGAGATAAGCGAT,0,4671188
ybeDp,0.08333333333333333,11,11,GCATGGAATAGGCTTGGGGA,0,4682806
ybeDp,0.08333333333333333,11,11,GCAGACTATAGTTTTGCACA,0,4637554
ybeDp,0.08333333333333333,11,11,GATTTATATTTGAGGCTGTG,0,4614087
ybeDp,0.08333333333333333,11,11,GATGCCTGCGTGGTGGTAAC,0,4647179
ybeDp,0.08333333333333333,11,11,GATCGGCTGCATCCTTTCCA,0,4619089
ybeDp,0.08333333333333333,11,11,GATCCCTACTACCTGGTCTG,0,4601659
ybeDp,0.08333333333333333,11,11,GATCAATATTCTTGGTGACT,0,4670232
ybeDp,0.08333333333333333,11,11,GATATTCACCGAAGTGTCAC,0,4608656
ybeDp,0.08333333333333333,11,11,GATACTGTTAATATTAGTCC,0,4649493
ybeDp,0.08333333333333333,11,11,GAGTGAAGGTGCCTGAAAAC,0,4622689
ybeDp,0.08333333333333333,11,11,GAGTATGGACGAATTGCTGC,0,4635202
ybeDp,0.08333333333333333,11,11,GAGGCCAATCAGAGAGCCCT,0,4666847
ybeDp,0.08333333333333333,11,11,GAGGATTATAGATCCATCGT,0,4638443
ybeDp,0.08333333333333333,11,11,GAGGAGTTAACGCCATAGCC,0,4659203
ybeDp,0.08333333333333333,11,11,GAGCTGGGCCTGGAGGGACT,0,4602583
ybeDp,0.08333333333333333,11,11,GACTTATGCAATCCGCTTGA,0,4617823
ybeDp,0.08333333333333333,11,11,GACTAACCTAGTGGGAGATC,0,4623039
ybeDp,0.08333333333333333,11,11,GACGCTTGCAACACAATCGC,0,4623313
ybeDp,0.08333333333333333,11,11,GACATGAATCCAATGGGCGA,0,4626013
ybeDp,0.08333333333333333,11,11,GAATCCATACATCTCATAAC,0,4640141
ybeDp,0.08333333333333333,11,11,GAAGCGTCCGCAGCGAATGT,0,4642128
ybeDp,0.08333333333333333,11,11,GAACTACAGGCGTTGCTATC,0,4629756
ybeDp,0.08333333333333333,11,11,GAACACCGCTTGGCAAATGT,0,4653552
ybeDp,0.08333333333333333,11,11,CTTGTTAATAGACTAGACAT,0,4610716
ybeDp,0.08333333333333333,11,11,CTTATTGCGTTTCCGTAGTA,0,4638127
ybeDp,0.08333333333333333,11,11,CTTATACCGGACGACAGAGC,0,4677874
ybeDp,0.08333333333333333,11,11,CTTAGAGGCCTACCAAGCCC,0,4632344
ybeDp,0.08333333333333333,11,11,CTTAGACGATTAGCGTTCTA,0,4663424
ybeDp,0.08333333333333333,11,11,CTTACAGTAAGCCAGGCATT,0,4638461
ybeDp,0.08333333333333333,11,11,CTTACAGGGTTTCTTGAGTA,0,4644622
ybeDp,0.08333333333333333,11,11,CTGTCGGTTTCGCGGAGTAC,0,4670096
ybeDp,0.08333333333333333,11,11,CTGTCGGAATGAGCTGCGGT,0,4618294
ybeDp,0.08333333333333333,11,11,CTGGTTAGCTTCGGGCAGTA,0,4668379
ybeDp,0.08333333333333333,11,11,CTGGTACAAGAATACACGGG,0,4630730
ybeDp,0.08333333333333333,11,11,CTGCTCGGCTAAGACGCAAT,0,4605898
ybeDp,0.08333333333333333,11,11,CTGCATTTACATAGGAGTAG,0,4615869
ybeDp,0.08333333333333333,11,11,CTGCACCAGTTTGCCTCCTA,0,4649062
ybeDp,0.08333333333333333,11,11,CTCTTTAGCCGCTGCAGTAA,0,4603115
ybeDp,0.08333333333333333,11,11,CTCTGCTGGGCTCACATCAG,0,4623043
ybeDp,0.08333333333333333,11,11,CTCTCCGCACAGCGTCCCGG,0,4608291
ybeDp,0.08333333333333333,11,11,CTCGGCATGGGGGCAAATGG,0,4616298
ybeDp,0.08333333333333333,11,11,CTCCATCCCGTGATGCAAGT,0,4665090
ybeDp,0.08333333333333333,11,11,CTATCATAGCGTCTGCACAG,0,4622373
ybeDp,0.08333333333333333,11,11,CTAGGTAGGGCGTACCGGTG,0,4643422
ybeDp,0.08333333333333333,11,11,CTAGGGGGGACCCGTTTAAT,0,4615802
ybeDp,0.08333333333333333,11,11,CTAGCGGACCTCGATTCTGA,0,4644410
ybeDp,0.08333333333333333,11,11,CTACGGGTAGATGAGACAGA,0,4635545
ybeDp,0.08333333333333333,11,11,CTACATATAGTGGTACGGGA,0,4611440
ybeDp,0.08333333333333333,11,11,CTAATGGTTCGTGACCGTAG,0,4636918
ybeDp,0.08333333333333333,11,11,CTAACTCTGCAGCAGCGAAA,0,4604021
ybeDp,0.08333333333333333,11,11,CGTTAGGCTACGGCGTAATG,0,4615667
ybeDp,0.08333333333333333,11,11,CGTGTCCAACCCTCAGGGAA,0,4686938
ybeDp,0.08333333333333333,11,11,CGTGTAGAAGACTTGTTTAT,0,4612011
ybeDp,0.08333333333333333,11,11,CGTGGGATAGAGTTACCGTT,0,4606579
ybeDp,0.08333333333333333,11,11,CGTGGACAAAATTGCAGTCA,0,4618914
ybeDp,0.08333333333333333,11,11,CGTCTGGATTGTACATGCAA,0,4674691
ybeDp,0.08333333333333333,11,11,CGTCAGTGGGGGCGCTCCAT,0,4671675
ybeDp,0.08333333333333333,11,11,CGTATCGGTAATGGGGTCAT,0,4664854
ybeDp,0.08333333333333333,11,11,CGTATCACAGGGGGACAAAT,0,4636990
ybeDp,0.08333333333333333,11,11,CGTACATCCTGTGGTGTTGG,0,4610666
ybeDp,0.08333333333333333,11,11,CGGGGGCATACATCGGAAAG,0,4666739
ybeDp,0.08333333333333333,11,11,CGGGCTTAGAAATTTGGGTT,0,4683224
ybeDp,0.08333333333333333,11,11,CGGCGGAATCCCCTGAAATT,0,4668330
ybeDp,0.08333333333333333,11,11,CGGCAGGCAATACGCATAAT,0,4678468
ybeDp,0.08333333333333333,11,11,CGGCAGGAATACAGGCTATG,0,4646424
ybeDp,0.08333333333333333,11,11,CGGACAGCAACATCAGGTGG,0,4605464
ybeDp,0.08333333333333333,11,11,CGCTTTCACCGATTCAGTTT,0,4622042
ybeDp,0.08333333333333333,11,11,CGCTAAAATGGGAAGGCACA,0,4620005
ybeDp,0.08333333333333333,11,11,CGCGGCTGGTGAACGCTACC,0,4631340
ybeDp,0.08333333333333333,11,11,CGCGCACGGAGGATAATTGG,0,4641095
ybeDp,0.08333333333333333,11,11,CGCATGAACACATACCATGA,0,4631264
ybeDp,0.08333333333333333,11,11,CGCAATGAGAGTGCGAAATA,0,4659942
ybeDp,0.08333333333333333,11,11,CGCAAACGCGACCCTGGACT,0,4644544
ybeDp,0.08333333333333333,11,11,CGAGAAATCATTGCCTTCAT,0,4665709
ybeDp,0.08333333333333333,11,11,CGACTCAGACTTGGTTAGCC,0,4642706
ybeDp,0.08333333333333333,11,11,CGAATACCCGGAGAGGATCG,0,4667300
ybeDp,0.08333333333333333,11,11,CCTTTGCTGTATCCGATGTT,0,4637254
ybeDp,0.08333333333333333,11,11,CCTTGAACACGCGCGTACTT,0,4636018
ybeDp,0.08333333333333333,11,11,CCTCAATATTCACGCGGTCC,0,4647579
ybeDp,0.08333333333333333,11,11,CCTAGGAATAGACCAAACGG,0,4652821
ybeDp,0.08333333333333333,11,11,CCTAGACCTTATCATCGCGA,0,4678218
ybeDp,0.08333333333333333,11,11,CCTAGAAGGCTAGGCGCTAG,0,4619297
ybeDp,0.08333333333333333,11,11,CCGTCGCTCCACGCGAGTAG,0,4609912
ybeDp,0.08333333333333333,11,11,CCGTATTGGGTAGAACTACA,0,4683400
ybeDp,0.08333333333333333,11,11,CCGGTCCATTTCCCTGACCA,0,4671566
ybeDp,0.08333333333333333,11,11,CCGGCGGTCAACAAAGGGAT,0,4611747
ybeDp,0.08333333333333333,11,11,CCGCTTACGGTGGAAAGATA,0,4645315
ybeDp,0.08333333333333333,11,11,CCGCTAATAGCGCGCGAATC,0,4645343
ybeDp,0.08333333333333333,11,11,CCGCGTACAGAAAACCGCAA,0,4624111
ybeDp,0.08333333333333333,11,11,CCGCGCGACATACTTGTGGA,0,4657393
ybeDp,0.08333333333333333,11,11,CCGAGTATTCAGTATGAGTT,0,4653591
ybeDp,0.08333333333333333,11,11,CCGAATTGGTAAGCGCTCCT,0,4615800
ybeDp,0.08333333333333333,11,11,CCCTTCGTCTCGTTAAAAAA,0,4661992
ybeDp,0.08333333333333333,11,11,CCCTTCCTACCGACTGTATT,0,4686113
ybeDp,0.08333333333333333,11,11,CCCTGCATTCCCATCGAGAG,0,4662531
ybeDp,0.08333333333333333,11,11,CCCGGTAGCAAGCACACACG,0,4645768
ybeDp,0.08333333333333333,11,11,CCCGCTCTGTTGCATGGATG,0,4679616
ybeDp,0.08333333333333333,11,11,CCCAGTAGTGACACTTGCTG,0,4664954
ybeDp,0.08333333333333333,11,11,CCCAGTACGGCTTGGCCACC,0,4646466
ybeDp,0.08333333333333333,11,11,CCATGTGGGCCACGTTAATC,0,4620678
ybeDp,0.08333333333333333,11,11,CCATGGTGGTGATGATCCCA,0,4646189
ybeDp,0.08333333333333333,11,11,CCATCATTGCTAAAAGATCT,0,4623345
ybeDp,0.08333333333333333,11,11,CCACGCCGTACGTAAACGAG,0,4616640
ybeDp,0.08333333333333333,11,11,CCACAAACGTGAACTACAAC,0,4624251
ybeDp,0.08333333333333333,11,11,CCAAGGACGAAAGCGTGGTA,0,4614548
ybeDp,0.08333333333333333,11,11,CCAAAGTTTGGCAGAGAGCA,0,4676587
ybeDp,0.08333333333333333,11,11,CCAAAGCCGCAAGTTGCTCG,0,4662111
ybeDp,0.08333333333333333,11,11,CATTTACCGGGCCTTATCCG,0,4664199
ybeDp,0.08333333333333333,11,11,CATTCCACGTAACCGAAAGT,0,4669806
ybeDp,0.08333333333333333,11,11,CATCGGCATGACTCTAGCAA,0,4677974
ybeDp,0.08333333333333333,11,11,CATCAATGATCGTGCTCTGA,0,4657905
ybeDp,0.08333333333333333,11,11,CATAGGGTCCGCGCCAGTTG,0,4651217
ybeDp,0.08333333333333333,11,11,CAGTGTACGTGGGAAAACCG,0,4626375
ybeDp,0.08333333333333333,11,11,CAGTGCCGTCCATAGGGCGG,0,4673445
ybeDp,0.08333333333333333,11,11,CAGTCCACCTAGGCCAGCGG,0,4657352
ybeDp,0.08333333333333333,11,11,CAGGGCAACTCGTTCGATAT,0,4684562
ybeDp,0.08333333333333333,11,11,CAGGCCAGTACCCCCCATAG,0,4627649
ybeDp,0.08333333333333333,11,11,CAGGACAACCGACGGAGTCA,0,4667796
ybeDp,0.08333333333333333,11,11,CAGCCAGTATGTATTTAGAT,0,4618074
ybeDp,0.08333333333333333,11,11,CAGACGGCATGGTGCGTACA,0,4665293
ybeDp,0.08333333333333333,11,11,CACTTGTAAGATCAGACGGT,0,4658196
ybeDp,0.08333333333333333,11,11,CACGTATCGTCAGGGAAGTT,0,4677264
ybeDp,0.08333333333333333,11,11,CACCGTTCTCTTCATGGCGA,0,4644396
ybeDp,0.08333333333333333,11,11,CAAGGTATACCGACCGGGCT,0,4638676
ybeDp,0.08333333333333333,11,11,CAACAGGCTGACGAAGTTAA,0,4668698
ybeDp,0.08333333333333333,11,11,CAACACTTTCATAGCTCGTC,0,4628071
ybeDp,0.08333333333333333,11,11,CAAAGGGTCCCGTTTTGTGA,0,4664585
ybeDp,0.08333333333333333,11,11,CAAAGAGCATAATGCAGACC,0,4640490
ybeDp,0.08333333333333333,11,11,CAAACTCCAGACGAGCGTAA,0,4605587
ybeDp,0.08333333333333333,11,11,ATTTTTCAAAGCAGATTAAT,0,4663795
ybeDp,0.08333333333333333,11,11,ATTTTGGTACGTGCTTTCTC,0,4675458
ybeDp,0.08333333333333333,11,11,ATTTTAATCCCGTCAGCCTT,0,4637959
ybeDp,0.08333333333333333,11,11,ATTCGCTGGGGTCTTCGGTA,0,4666945
ybeDp,0.08333333333333333,11,11,ATTCGCTCAAAATTTAATTA,0,4629544
ybeDp,0.08333333333333333,11,11,ATTCGCAAACGGAGTGAGTA,0,4616499
ybeDp,0.08333333333333333,11,11,ATTCCCGGGACCATAGTAAC,0,4663146
ybeDp,0.08333333333333333,11,11,ATTACAAACCATCCTGTCAG,0,4656355
ybeDp,0.08333333333333333,11,11,ATGTGCACGCGATGATAGCA,0,4610154
ybeDp,0.08333333333333333,11,11,ATGGTTTCAGGGATAATTTG,0,4637327
ybeDp,0.08333333333333333,11,11,ATGGTAGGATTGTCCAGTGA,0,4669289
ybeDp,0.08333333333333333,11,11,ATGGGATACGCCGACATATG,0,4631390
ybeDp,0.08333333333333333,11,11,ATGGGACGTACGGGAACTCC,0,4616851
ybeDp,0.08333333333333333,11,11,ATGGCCTTTACTATCTGTAG,0,4673945
ybeDp,0.08333333333333333,11,11,ATGCAGTGTGCGAGTTGCAT,0,4640085
ybeDp,0.08333333333333333,11,11,ATGCAGAAGTGCCGCCTGCA,0,4608152
ybeDp,0.08333333333333333,11,11,ATCTCGGGGCTGGGGCGTAA,0,4615150
ybeDp,0.08333333333333333,11,11,ATCGGATATTCCTAGTGTTG,0,4671673
ybeDp,0.08333333333333333,11,11,ATCCGGGTTTCAACGATGGT,0,4625187
ybeDp,0.08333333333333333,11,11,ATCCGAACAGGAGAACGAAT,0,4623061
ybeDp,0.08333333333333333,11,11,ATCCCGAAATCTATCGCTTC,0,4650118
ybeDp,0.08333333333333333,11,11,ATCCAGGCCGTGTAAGTTTA,0,4649091
ybeDp,0.08333333333333333,11,11,ATCACTCACGACTCGTACCG,0,4602927
ybeDp,0.08333333333333333,11,11,ATCAACGCCCGCGGCCCGCC,0,4673182
ybeDp,0.08333333333333333,11,11,ATATTTGACCTGCTAAACGT,0,4628686
ybeDp,0.08333333333333333,11,11,ATATGTGACAACATGCTTAT,0,4681598
ybeDp,0.08333333333333333,11,11,ATATACCTGTGCGCAGCTAA,0,4647765
ybeDp,0.08333333333333333,11,11,ATAGATGGCCTAATACTGGC,0,4666797
ybeDp,0.08333333333333333,11,11,ATAGAGCTCAAGCCGGCCCG,0,4648588
ybeDp,0.08333333333333333,11,11,ATAGAGCGGGGTTGGACTAT,0,4655613
ybeDp,0.08333333333333333,11,11,ATACTCAATAATTGGCTTAA,0,4610063
ybeDp,0.08333333333333333,11,11,AGTTTCAAGCGGCATAAAGC,0,4686184
ybeDp,0.08333333333333333,11,11,AGTTGTTTTAGGTCCTGATA,0,4680756
ybeDp,0.08333333333333333,11,11,AGTGTTTCAATATTCTTTGG,0,4623791
ybeDp,0.08333333333333333,11,11,AGTGCTTATTAGACGGCAGG,0,4618330
ybeDp,0.08333333333333333,11,11,AGTCGTATGTTGGTTTGCAG,0,4605279
ybeDp,0.08333333333333333,11,11,AGTCGGATGAGGCGTAGCTT,0,4687837
ybeDp,0.08333333333333333,11,11,AGGTGGCGTGTCATGAACTA,0,4664500
ybeDp,0.08333333333333333,11,11,AGGTCTGACCACCATGGCCA,0,4625627
ybeDp,0.08333333333333333,11,11,AGGGTAAGATGTGGCCGCTC,0,4610958
ybeDp,0.08333333333333333,11,11,AGGGGCCTGAACCTCGAGTT,0,4650602
ybeDp,0.08333333333333333,11,11,AGGCGTGGAGGCGTCGTCAA,0,4631028
ybeDp,0.08333333333333333,11,11,AGGCGCAGCGTGAATAAAAT,0,4688070
ybeDp,0.08333333333333333,11,11,AGGCGCAGACACTCTAACTT,0,4610493
ybeDp,0.08333333333333333,11,11,AGGAGTTTATTAGAGCCCGG,0,4605801
ybeDp,0.08333333333333333,11,11,AGGACTGTTAAAAATTGGAA,0,4643573
ybeDp,0.08333333333333333,11,11,AGGAAGCAGAAACACTGGTT,0,4677481
ybeDp,0.08333333333333333,11,11,AGCTGGCTAAGCATCGATGA,0,4659298
ybeDp,0.08333333333333333,11,11,AGCTAGCCTCCCATCGCCCG,0,4620986
ybeDp,0.08333333333333333,11,11,AGCGCTTGTCCATGAATTAT,0,4611589
ybeDp,0.08333333333333333,11,11,AGCGCGGATTCGACTGCGGT,0,4663138
ybeDp,0.08333333333333333,11,11,AGCGATAGTACATGACTAAA,0,4634227
ybeDp,0.08333333333333333,11,11,AGCGAGTCAGCAACTGGCGG,0,4678402
ybeDp,0.08333333333333333,11,11,AGCATAATAGAGACTTTAAA,0,4644893
ybeDp,0.08333333333333333,11,11,AGATGAGATGTGGTCCGTTG,0,4618353
ybeDp,0.08333333333333333,11,11,AGAGGACACTTTGCGGGTCC,0,4621720
ybeDp,0.08333333333333333,11,11,AGAGCGCCGTGTCAGATAAT,0,4645444
ybeDp,0.08333333333333333,11,11,AGAGAAGAAATGATGACGGT,0,4644469
ybeDp,0.08333333333333333,11,11,AGAATGGCACAAGGATCAGT,0,4603129
ybeDp,0.08333333333333333,11,11,AGAATCTCTACGGTCGGGGT,0,4673338
ybeDp,0.08333333333333333,11,11,AGAATAGGTATATTAGGTAA,0,4623476
ybeDp,0.08333333333333333,11,11,ACTTGGCTCGGGGTTTGGAA,0,4647009
ybeDp,0.08333333333333333,11,11,ACTGTGCGTAATAGTCCTAA,0,4621982
ybeDp,0.08333333333333333,11,11,ACTCAATCGACGTAGAGCTA,0,4622274
ybeDp,0.08333333333333333,11,11,ACTCAAGTACCCTGGTATCT,0,4628289
ybeDp,0.08333333333333333,11,11,ACTCAAGCTTGTCGAACGGA,0,4647962
ybeDp,0.08333333333333333,11,11,ACTCAACAGACGGCCAGGGC,0,4631884
ybeDp,0.08333333333333333,11,11,ACGTTTGCTGCCGGTGGTGG,0,4625218
ybeDp,0.08333333333333333,11,11,ACGTAGTATGGGCGGTAAGC,0,4605852
ybeDp,0.08333333333333333,11,11,ACGCGGAGCCAGGAACAGTA,0,4685135
ybeDp,0.08333333333333333,11,11,ACGAAGTACCACGCGGGTGA,0,4669431
ybeDp,0.08333333333333333,11,11,ACCTTATAAAGGGGGTACAA,0,4643092
ybeDp,0.08333333333333333,11,11,ACCTACGAACGCGGGATGTC,0,4646615
ybeDp,0.08333333333333333,11,11,ACCGGTTGTGATTCTCTCGT,0,4681139
ybeDp,0.08333333333333333,11,11,ACCGACGCGACAATAATTTG,0,4628667
ybeDp,0.08333333333333333,11,11,ACCCCGTTCGAACAGAGGTA,0,4687478
ybeDp,0.08333333333333333,11,11,ACCCCGAAGAGCCGGCTTAT,0,4680863
ybeDp,0.08333333333333333,11,11,ACATTGATCCGAGCCCAAAA,0,4652789
ybeDp,0.08333333333333333,11,11,ACATAAACGCTTCAGAAACA,0,4620754
ybeDp,0.08333333333333333,11,11,ACAGTGCCCGGAGTTGGCCT,0,4618451
ybeDp,0.08333333333333333,11,11,ACAGGCTCTATCGTTCATGA,0,4666825
ybeDp,0.08333333333333333,11,11,ACAGACAAGATCCGATCTTC,0,4618315
ybeDp,0.08333333333333333,11,11,ACACCCAGGAATCAGACTCA,0,4667342
ybeDp,0.08333333333333333,11,11,AATTTCATGGCGCGGCGTAG,0,4607512
ybeDp,0.08333333333333333,11,11,AATTGTCCTTGGTGCTCTAC,0,4663584
ybeDp,0.08333333333333333,11,11,AATTCCTCGTACGCGCCCGT,0,4679658
ybeDp,0.08333333333333333,11,11,AATTCCCGATTCTCGAATTT,0,4602056
ybeDp,0.08333333333333333,11,11,AATTAACGTTCCCAGCCTGC,0,4614720
ybeDp,0.08333333333333333,11,11,AATGTTCCACATCAAGAACT,0,4628304
ybeDp,0.08333333333333333,11,11,AATGGAACTGTAGTTTTTAA,0,4656106
ybeDp,0.08333333333333333,11,11,AATGCATCTTCAGTCTAAGT,0,4681590
ybeDp,0.08333333333333333,11,11,AATCGACATATAGGATCGGT,0,4665708
ybeDp,0.08333333333333333,11,11,AATAAATTGTGACGATAAGT,0,4679033
ybeDp,0.08333333333333333,11,11,AAGCGTTTTCCGCGTGGAAA,0,4607883
ybeDp,0.08333333333333333,11,11,AAGATAGGTCCCGTTGGACG,0,4682196
ybeDp,0.08333333333333333,11,11,AAGACGTTTCCTGACGCTGT,0,4644810
ybeDp,0.08333333333333333,11,11,AAGAACCAGGCGGACAAATA,0,4679966
ybeDp,0.08333333333333333,11,11,AACTAGGTATTACTCAACAG,0,4645639
ybeDp,0.08333333333333333,11,11,AACGGTTAGCAACACATCGA,0,4623139
ybeDp,0.08333333333333333,11,11,AACCGCCTCTATAAGCTAGG,0,4645338
ybeDp,0.08333333333333333,11,11,AACAGTTCCGTCGGGAACAA,0,4635294
ybeDp,0.08333333333333333,11,11,AACACCGGTTTGCGCTTAAA,0,4621871
ybeDp,0.08333333333333333,11,11,AAATATAAGAATGTGTACTG,0,4681429
ybeDp,0.08333333333333333,11,11,AAATAATTTCCACCCATCCA,0,4644934
ybeDp,0.08333333333333333,11,11,AAACTCTAATATCAACGCTT,0,4661723
ybeDp,0.08333333333333333,11,11,AAACTATTCCTACGCGTAAC,0,4657345
ybeDp,0.08333333333333333,11,11,AAACGTGACCAGGTACCCAA,0,4639831
ybeDp,0.08333333333333333,11,11,AAACCTAAGCGTACTGGGGT,0,4670123
ybeDp,0.08333333333333333,11,11,AAACAGCAACGTGTCGGTCA,0,4645987
ybeDp,0.09090909090909091,10,10,TTTTTCGAGTATTGGAAATA,0,4661329
ybeDp,0.09090909090909091,10,10,TTTTAGCGCCAGGGCGCGCT,0,4622682
ybeDp,0.09090909090909091,10,10,TTTGTTTTCTGGCGTTATTA,0,4665896
ybeDp,0.09090909090909091,10,10,TTTGGTACACGCTTACGGCA,0,4648273
ybeDp,0.09090909090909091,10,10,TTTGCGAGAGCCTTGTTTTC,0,4605577
ybeDp,0.09090909090909091,10,10,TTTCTCACGCCTTCCGGATG,0,4634048
ybeDp,0.09090909090909091,10,10,TTTCTAACTGACAGAGGACC,0,4605354
ybeDp,0.09090909090909091,10,10,TTTCAAGTAAATGGTTTGAT,0,4605545
ybeDp,0.09090909090909091,10,10,TTTATTAGACTCGAGGGTTT,0,4644131
ybeDp,0.09090909090909091,10,10,TTTATCAACCAAAAAAAGCA,0,4676597
ybeDp,0.09090909090909091,10,10,TTGTGGATCTTGAGGGAGCT,0,4609566
ybeDp,0.09090909090909091,10,10,TTGTAAATCGGAGGTAAAGG,0,4629458
ybeDp,0.09090909090909091,10,10,TTGGGCGAGCACGCCCCTAT,0,4683003
ybeDp,0.09090909090909091,10,10,TTGGCTACAGCCATGATGGG,0,4602422
ybeDp,0.09090909090909091,10,10,TTGGCGGGTTTCGCTCAAAA,0,4674715
ybeDp,0.09090909090909091,10,10,TTGAGGTCGTGGAATATAGT,0,4608318
ybeDp,0.09090909090909091,10,10,TTGAACTACACCTCGTGATA,0,4657522
ybeDp,0.09090909090909091,10,10,TTCTTCAGAGATAATGTTAC,0,4635768
ybeDp,0.09090909090909091,10,10,TTCTGGCCGTCCCGCACACT,0,4659683
ybeDp,0.09090909090909091,10,10,TTCTCGATGCATTGAGGGGA,0,4656810
ybeDp,0.09090909090909091,10,10,TTCTACTCCTAAGACCTATT,0,4663200
ybeDp,0.09090909090909091,10,10,TTCGGATCCCGACCGTAGAG,0,4648348
ybeDp,0.09090909090909091,10,10,TTCGCAAACGGCTGGGCACA,0,4628911
ybeDp,0.09090909090909091,10,10,TTCGACTGCACGTAATTGCA,0,4658457
ybeDp,0.09090909090909091,10,10,TTCCCGATTTGTTGTGCAGC,0,4680352
ybeDp,0.09090909090909091,10,10,TTCCATGGCGTATGTCCATA,0,4624358
ybeDp,0.09090909090909091,10,10,TTATTAATGCAAAGTGCGAC,0,4601866
ybeDp,0.09090909090909091,10,10,TTAGTCGTATGTAAGTCGTC,0,4669962
ybeDp,0.09090909090909091,10,10,TTAATTTAAACGATGCAGTA,0,4684627
ybeDp,0.09090909090909091,10,10,TTAAGCCTTCCGGCTTGTTT,0,4627247
ybeDp,0.09090909090909091,10,10,TTAAGCAAACAAAGGGACAG,0,4661621
ybeDp,0.09090909090909091,10,10,TGTTACTTCTCTAGGACGGT,0,4632977
ybeDp,0.09090909090909091,10,10,TGTGTGTTATGGTATGCGAT,0,4638076
ybeDp,0.09090909090909091,10,10,TGTCTATCATCACTGGCACA,0,4636395
ybeDp,0.09090909090909091,10,10,TGTCGCAATTCGTTGACAGG,0,4624149
ybeDp,0.09090909090909091,10,10,TGTCCTTCGTTTGGAAGGTA,0,4601867
ybeDp,0.09090909090909091,10,10,TGTAGCAGCCGTTGGTAGAC,0,4600907
ybeDp,0.09090909090909091,10,10,TGGTGGCGGTGTGTTATGTA,0,4666721
ybeDp,0.09090909090909091,10,10,TGGTGGATTTGGCCGAGGTG,0,4612241
ybeDp,0.09090909090909091,10,10,TGGTGATCGCGTTCCCACTC,0,4609334
ybeDp,0.09090909090909091,10,10,TGGTCCACATTATTTCGGTG,0,4656211
ybeDp,0.09090909090909091,10,10,TGGTAGCCCGATCGGTCTCG,0,4640257
ybeDp,0.09090909090909091,10,10,TGGTAGCAGGTGTTGCGAGA,0,4642481
ybeDp,0.09090909090909091,10,10,TGGGTCATACCTTTAAGCAG,0,4612266
ybeDp,0.09090909090909091,10,10,TGGGTCAAAACACCCCTTGG,0,4683013
ybeDp,0.09090909090909091,10,10,TGGACAGAAGGTTCCGGAGT,0,4673398
ybeDp,0.09090909090909091,10,10,TGCCTTTAACGGCACATAAG,0,4632331
ybeDp,0.09090909090909091,10,10,TGCCGGAGAGCTTTAGCGCA,0,4643111
ybeDp,0.09090909090909091,10,10,TGCATCCCCCGATGCTATCG,0,4623130
ybeDp,0.09090909090909091,10,10,TGCAATGACGAGGGCGGGGG,0,4676623
ybeDp,0.09090909090909091,10,10,TGCAACCAGGATCCCTGCAG,0,4648543
ybeDp,0.09090909090909091,10,10,TGCAACCACTGCAGGTTGTG,0,4601069
ybeDp,0.09090909090909091,10,10,TGATCATTGGGCGTGTAGCT,0,4612810
ybeDp,0.09090909090909091,10,10,TGATACCCATCTGGTACATA,0,4641934
ybeDp,0.09090909090909091,10,10,TGAGCTCAAGATATTGGGGC,0,4610087
ybeDp,0.09090909090909091,10,10,TGAGAGACGAGTGGAGCTAT,0,4668725
ybeDp,0.09090909090909091,10,10,TGAATGGATCATCTAATTAG,0,4604605
ybeDp,0.09090909090909091,10,10,TGAAGAACATGGGGACAAAG,0,4605065
ybeDp,0.09090909090909091,10,10,TGAACTGTCTGCCAAATCCA,0,4661797
ybeDp,0.09090909090909091,10,10,TGAACTGCGGGTACGGACAT,0,4679408
ybeDp,0.09090909090909091,10,10,TGAACAATTATACTGTGACA,0,4618041
ybeDp,0.09090909090909091,10,10,TCTTTACAAGGACCTAGTCA,0,4654148
ybeDp,0.09090909090909091,10,10,TCTTTAAGGCCCTTGTGGGT,0,4654889
ybeDp,0.09090909090909091,10,10,TCTTGGTTGTCATGCCGGTC,0,4681589
ybeDp,0.09090909090909091,10,10,TCTTCAGTGATCGTGTACAG,0,4674717
ybeDp,0.09090909090909091,10,10,TCTTATAGAAGGGGAGGAGA,0,4661215
ybeDp,0.09090909090909091,10,10,TCTGATTCCTTATCTAGCGG,0,4652862
ybeDp,0.09090909090909091,10,10,TCTCTCTCGATTTGAGCCAG,0,4682914
ybeDp,0.09090909090909091,10,10,TCTACCGGCAAATCTGAATG,0,4661412
ybeDp,0.09090909090909091,10,10,TCGTCTTTGGTTGTAGAGCC,0,4604347
ybeDp,0.09090909090909091,10,10,TCGTACCCCGGCGTCATTGA,0,4680248
ybeDp,0.09090909090909091,10,10,TCGCGAATGTCAATGCCGCG,0,4650402
ybeDp,0.09090909090909091,10,10,TCGCCTGTCTTCTGATCCAA,0,4603928
ybeDp,0.09090909090909091,10,10,TCGCAATGGGGCATAGAGGG,0,4683894
ybeDp,0.09090909090909091,10,10,TCGATTAGATGGAGGCCTGG,0,4671998
ybeDp,0.09090909090909091,10,10,TCGAGTCGCCCACCCGAAGC,0,4610879
ybeDp,0.09090909090909091,10,10,TCCTCGCGTGTATGGAGAAC,0,4666616
ybeDp,0.09090909090909091,10,10,TCCTAGTTTCAGACTTGTAT,0,4607494
ybeDp,0.09090909090909091,10,10,TCCGTATCGGCTCATGACGA,0,4637997
ybeDp,0.09090909090909091,10,10,TCCCCCGTACTAGCTTGTGG,0,4606266
ybeDp,0.09090909090909091,10,10,TCCATTTGGGTCTTCCTTTT,0,4653393
ybeDp,0.09090909090909091,10,10,TCCATGTACCGTCAGCGAGG,0,4616808
ybeDp,0.09090909090909091,10,10,TCATGACTTTCCTCCGAGTA,0,4652168
ybeDp,0.09090909090909091,10,10,TCAGTCATCCTGTAGTGGCA,0,4676659
ybeDp,0.09090909090909091,10,10,TCACGTTTCCTGCTTACGTC,0,4677876
ybeDp,0.09090909090909091,10,10,TCACCTGTTGCCTATGTGAG,0,4639883
ybeDp,0.09090909090909091,10,10,TCACAACATGTAAAAAACTA,0,4607282
ybeDp,0.09090909090909091,10,10,TCAAAATCGATCTACCCCAC,0,4672961
ybeDp,0.09090909090909091,10,10,TATTTCGGCCATCCTAGGCC,0,4636237
ybeDp,0.09090909090909091,10,10,TATTGCGATGCGACTTTGTT,0,4680245
ybeDp,0.09090909090909091,10,10,TATGTGACTGCTGGGAGCTA,0,4631523
ybeDp,0.09090909090909091,10,10,TATGAAGATTCGAGTCTAAC,0,4624019
ybeDp,0.09090909090909091,10,10,TATCTCCCAGTACCAAAGAC,0,4641983
ybeDp,0.09090909090909091,10,10,TATATGTAAGCTAAAGTATT,0,4662072
ybeDp,0.09090909090909091,10,10,TATATGGGGGTCGGTTATCA,0,4644764
ybeDp,0.09090909090909091,10,10,TAGTTTGCGGTCAAAATTCC,0,4605273
ybeDp,0.09090909090909091,10,10,TAGGCCAATGGAGAGGGTAA,0,4604374
ybeDp,0.09090909090909091,10,10,TAGGCAGGTCATGTTTGTCT,0,4636432
ybeDp,0.09090909090909091,10,10,TAGGACGCAATCAATTCATA,0,4628000
ybeDp,0.09090909090909091,10,10,TAGCGAGTCAGTGCAGGTTA,0,4622990
ybeDp,0.09090909090909091,10,10,TAGCGACGCTGTCTTAGTGT,0,4666035
ybeDp,0.09090909090909091,10,10,TAGCGAAGTGTGTCGTTGGT,0,4632557
ybeDp,0.09090909090909091,10,10,TAGACAACCGTAAACCCCTA,0,4638473
ybeDp,0.09090909090909091,10,10,TAGAACTGCAACAATTTGAG,0,4605978
ybeDp,0.09090909090909091,10,10,TACTTTGTAAAAATAACCGA,0,4678890
ybeDp,0.09090909090909091,10,10,TACTTTAACGTTCCGAGGTA,0,4605763
ybeDp,0.09090909090909091,10,10,TACTGGCAACGAGTAGCGGG,0,4618541
ybeDp,0.09090909090909091,10,10,TACTCGCTTTTGACAAGCAG,0,4685317
ybeDp,0.09090909090909091,10,10,TACGTTACTGGTTGTCTGCT,0,4626419
ybeDp,0.09090909090909091,10,10,TACCTTTTAAGTGGACCGAA,0,4644270
ybeDp,0.09090909090909091,10,10,TACCGGCGGCTCGGAATAAC,0,4613842
ybeDp,0.09090909090909091,10,10,TACCGACGAGTTCAGCAGCA,0,4681773
ybeDp,0.09090909090909091,10,10,TACATGGTAGAACGCCGACG,0,4656156
ybeDp,0.09090909090909091,10,10,TACATCTGCAATGAAGCGTG,0,4674391
ybeDp,0.09090909090909091,10,10,TACAAAACAATTAATGTCGG,0,4637568
ybeDp,0.09090909090909091,10,10,TAATTGCCTCAGACGTATCA,0,4633403
ybeDp,0.09090909090909091,10,10,TAATCTATGTAGGAATGAGA,0,4641708
ybeDp,0.09090909090909091,10,10,TAAGTGTAACATATTTTAGG,0,4619155
ybeDp,0.09090909090909091,10,10,TAACCGGTAGTTTCGGAACA,0,4652449
ybeDp,0.09090909090909091,10,10,TAAATGTAGACACTATATGA,0,4671696
ybeDp,0.09090909090909091,10,10,TAAAAATGTCTGCTTTAAAA,0,4614810
ybeDp,0.09090909090909091,10,10,GTTTTACTATGATGTTAGAT,0,4658191
ybeDp,0.09090909090909091,10,10,GTTGTATCCCGCTGTCACAT,0,4605787
ybeDp,0.09090909090909091,10,10,GTTGCGGGATGCAGATTCTC,0,4632257
ybeDp,0.09090909090909091,10,10,GTTGACTAACGGTAAAACTG,0,4663517
ybeDp,0.09090909090909091,10,10,GTTCTTGTTTTCATGCGTGA,0,4621099
ybeDp,0.09090909090909091,10,10,GTTCTCGAGGTGGGGTACAT,0,4687297
ybeDp,0.09090909090909091,10,10,GTTCATAGTAACGGTTGCAA,0,4687615
ybeDp,0.09090909090909091,10,10,GTTAGGTAGGACTGTGCTCA,0,4665450
ybeDp,0.09090909090909091,10,10,GTTAGATCTCACTAAAAATG,0,4605698
ybeDp,0.09090909090909091,10,10,GTTACGTCAGAGCCGTAAAT,0,4664855
ybeDp,0.09090909090909091,10,10,GTTAATACACTGAAGATTGC,0,4664616
ybeDp,0.09090909090909091,10,10,GTGTGTGCTCTGAGAAAGAA,0,4642921
ybeDp,0.09090909090909091,10,10,GTGTCCCCCAACTGGCTCTT,0,4609115
ybeDp,0.09090909090909091,10,10,GTGTCCATAACTATTCTATA,0,4652256
ybeDp,0.09090909090909091,10,10,GTGGTTCTTAACGAAGCATC,0,4672198
ybeDp,0.09090909090909091,10,10,GTGACGTGCTCGCCATCCCA,0,4644839
ybeDp,0.09090909090909091,10,10,GTCTGTCATAAATTGTCGAT,0,4633914
ybeDp,0.09090909090909091,10,10,GTCTCAGTATCATAGATATT,0,4664313
ybeDp,0.09090909090909091,10,10,GTCTACCGGCGGTCAGCTAG,0,4656479
ybeDp,0.09090909090909091,10,10,GTCGTAAAGGGAGCCTAGGT,0,4605284
ybeDp,0.09090909090909091,10,10,GTCGGTACCGTGGTCCGGTA,0,4644805
ybeDp,0.09090909090909091,10,10,GTCGCAATCCAGAATGCCCT,0,4622972
ybeDp,0.09090909090909091,10,10,GTCGATTGATAAACAAGAGA,0,4666430
ybeDp,0.09090909090909091,10,10,GTCATATAGGATGCAGGAAC,0,4660242
ybeDp,0.09090909090909091,10,10,GTATCTCGGTGGACTATGAC,0,4645497
ybeDp,0.09090909090909091,10,10,GTATCCAGTTACTATGAGCA,0,4682029
ybeDp,0.09090909090909091,10,10,GTATCACGGCTTCTCCAAGT,0,4610604
ybeDp,0.09090909090909091,10,10,GTATACATAACCCGCACGGC,0,4678344
ybeDp,0.09090909090909091,10,10,GTAGGTTGACAAGGCCCGAA,0,4649465
ybeDp,0.09090909090909091,10,10,GTAGGTCTAGTCTGCTATTT,0,4671067
ybeDp,0.09090909090909091,10,10,GTAGGAGTTGATGAGTACTG,0,4665313
ybeDp,0.09090909090909091,10,10,GTACCTTAGCCGATGTTCTG,0,4604870
ybeDp,0.09090909090909091,10,10,GTAACCACGCTACTGTAATG,0,4643595
ybeDp,0.09090909090909091,10,10,GGTTTTTGCTATTCTCGTAC,0,4676918
ybeDp,0.09090909090909091,10,10,GGTTTCTACAATCTCGAGTC,0,4662069
ybeDp,0.09090909090909091,10,10,GGTTGTTACTGTTCGTCTTG,0,4637988
ybeDp,0.09090909090909091,10,10,GGTTATTGCATCCTCGCGGA,0,4686413
ybeDp,0.09090909090909091,10,10,GGTGTCCTTTTCTGAACTTG,0,4662553
ybeDp,0.09090909090909091,10,10,GGTGGAGGCGTCAGGTCTTT,0,4678635
ybeDp,0.09090909090909091,10,10,GGTGATATGGCATAGATTGT,0,4643721
ybeDp,0.09090909090909091,10,10,GGTAACTTTACCCAGGTCCA,0,4660010
ybeDp,0.09090909090909091,10,10,GGGTAGTAAACCCATAGGCA,0,4628834
ybeDp,0.09090909090909091,10,10,GGGTACTGCGTTTAGATAGT,0,4619598
ybeDp,0.09090909090909091,10,10,GGGGGAAATTTATAATTTGA,0,4636205
ybeDp,0.09090909090909091,10,10,GGGGCTTTGTATTGAACGCT,0,4613975
ybeDp,0.09090909090909091,10,10,GGGGATAAAGAATAGTAACC,0,4675986
ybeDp,0.09090909090909091,10,10,GGGGAGAAGGTCGGAAAGTC,0,4627534
ybeDp,0.09090909090909091,10,10,GGGCTTTTTTAGTAGTCCAG,0,4620015
ybeDp,0.09090909090909091,10,10,GGGCTGCCTGGTTGACGTTT,0,4601195
ybeDp,0.09090909090909091,10,10,GGGCAGAAGGAGGGCGAGAA,0,4633014
ybeDp,0.09090909090909091,10,10,GGGATTGGAACAAGGACTAA,0,4645799
ybeDp,0.09090909090909091,10,10,GGGATTCGGGGCTACATACT,0,4614415
ybeDp,0.09090909090909091,10,10,GGGAGCGTCGTGGGATGGGT,0,4645775
ybeDp,0.09090909090909091,10,10,GGGACGTGGAGTTTAGGAAT,0,4642388
ybeDp,0.09090909090909091,10,10,GGCTTTAATCTTAAGACTGT,0,4648650
ybeDp,0.09090909090909091,10,10,GGCTTGCGATGCGGATTTAT,0,4680489
ybeDp,0.09090909090909091,10,10,GGCTGTTCTGAAGAAGACGT,0,4648760
ybeDp,0.09090909090909091,10,10,GGCTGTGCTCTGCTGGACTC,0,4633773
ybeDp,0.09090909090909091,10,10,GGCTGGATGGCCTTCCGCGT,0,4641030
ybeDp,0.09090909090909091,10,10,GGCTCTTTATGAACCGACAA,0,4601207
ybeDp,0.09090909090909091,10,10,GGCTCATACAATGTTCCTAG,0,4606395
ybeDp,0.09090909090909091,10,10,GGCGTTTCCCCCTCCTAGAG,0,4664352
ybeDp,0.09090909090909091,10,10,GGCCTGAACGCCTCAAAGGT,0,4674677
ybeDp,0.09090909090909091,10,10,GGCCGTGTTTCTAGAGAAAT,0,4665792
ybeDp,0.09090909090909091,10,10,GGCACCAATAAAGGTTAGAT,0,4620953
ybeDp,0.09090909090909091,10,10,GGCAACGTGGTCGGGAATCC,0,4616712
ybeDp,0.09090909090909091,10,10,GGCAAATGGCTACCTTAACC,0,4625537
ybeDp,0.09090909090909091,10,10,GGATGTAAGATGCCTCCCTG,0,4663196
ybeDp,0.09090909090909091,10,10,GGATCGACGGGGATTGCCCA,0,4651926
ybeDp,0.09090909090909091,10,10,GGATACCTGCATACGTGTCC,0,4630272
ybeDp,0.09090909090909091,10,10,GGATAATACTCTTCGAGCAA,0,4653558
ybeDp,0.09090909090909091,10,10,GGAGTCTAAGCAGTTAGTGC,0,4618104
ybeDp,0.09090909090909091,10,10,GGACTGGTTAGGCCTCCGAC,0,4626615
ybeDp,0.09090909090909091,10,10,GGACTGACCATAATGCGCGA,0,4609646
ybeDp,0.09090909090909091,10,10,GGACACCGGGAACACCAGAC,0,4639007
ybeDp,0.09090909090909091,10,10,GGAAAATGGACATCAAGGAA,0,4605854
ybeDp,0.09090909090909091,10,10,GCTTTTCTTGGGACGCGATG,0,4631221
ybeDp,0.09090909090909091,10,10,GCTTACAGGAGCCACACCTT,0,4676253
ybeDp,0.09090909090909091,10,10,GCTTAATTAGCGGAGCACAA,0,4634466
ybeDp,0.09090909090909091,10,10,GCTGTCGTGCTTGATTGCGA,0,4612158
ybeDp,0.09090909090909091,10,10,GCTGGAGAGAAAAGCAGCGC,0,4606003
ybeDp,0.09090909090909091,10,10,GCTGCTTATTACTTGGCTGA,0,4642817
ybeDp,0.09090909090909091,10,10,GCTCTTCCGCGAGACATTCC,0,4651046
ybeDp,0.09090909090909091,10,10,GCTCTGTTATATGAGCAGAA,0,4667082
ybeDp,0.09090909090909091,10,10,GCTATCCGTCCGAAGGCAAG,0,4615152
ybeDp,0.09090909090909091,10,10,GCTAGGCTATATGTTTGGAT,0,4621946
ybeDp,0.09090909090909091,10,10,GCTACCGACTATTTGAATAC,0,4623752
ybeDp,0.09090909090909091,10,10,GCGTTAAGGCATTGTCACGT,0,4648535
ybeDp,0.09090909090909091,10,10,GCGTGGGAACCATCGCGAGG,0,4686580
ybeDp,0.09090909090909091,10,10,GCGGTATCATATTACTATAC,0,4653595
ybeDp,0.09090909090909091,10,10,GCGGGGCTCTCTTGTTACTC,0,4645397
ybeDp,0.09090909090909091,10,10,GCGGATTGGACTCCTATTCA,0,4674273
ybeDp,0.09090909090909091,10,10,GCGCCCAAAGACTTCCATCC,0,4639376
ybeDp,0.09090909090909091,10,10,GCCTGCGTTCTTACCATTAC,0,4685377
ybeDp,0.09090909090909091,10,10,GCCTCCTTCACGGAAGCCAG,0,4607260
ybeDp,0.09090909090909091,10,10,GCCTCAGTGAGGCTCGTCGC,0,4645919
ybeDp,0.09090909090909091,10,10,GCCGGTGCTCAACTAAATAA,0,4627132
ybeDp,0.09090909090909091,10,10,GCCGCTCAGAAGATGGTATA,0,4631405
ybeDp,0.09090909090909091,10,10,GCCGACTCCGATGGGTAAAA,0,4646415
ybeDp,0.09090909090909091,10,10,GCCACGCAAAGAGAGATGGT,0,4618221
ybeDp,0.09090909090909091,10,10,GCCAAGTGAGGGATACTCCA,0,4656354
ybeDp,0.09090909090909091,10,10,GCATGTACCAATTAGCTACA,0,4625496
ybeDp,0.09090909090909091,10,10,GCATGAATCAGTTGTATCCT,0,4660631
ybeDp,0.09090909090909091,10,10,GCATAGTGACGCCCGGCCTT,0,4669833
ybeDp,0.09090909090909091,10,10,GCAGTGCGGAATTGCATGCT,0,4651419
ybeDp,0.09090909090909091,10,10,GCAGCTCTCCTAACTCGTTA,0,4661649
ybeDp,0.09090909090909091,10,10,GCAGCGTACCGAGCCCATTC,0,4625220
ybeDp,0.09090909090909091,10,10,GCAGCCCCACCGACGGCCGT,0,4618081
ybeDp,0.09090909090909091,10,10,GCACGGCCCCCGGACATGAC,0,4653184
ybeDp,0.09090909090909091,10,10,GCAAGATAGACTACCGGTCC,0,4681498
ybeDp,0.09090909090909091,10,10,GCAAGACGTTTTGCAAATGT,0,4613820
ybeDp,0.09090909090909091,10,10,GCAACGGCAGTGGGCAGGAA,0,4602439
ybeDp,0.09090909090909091,10,10,GATTACCAACATGGCGGTAT,0,4627489
ybeDp,0.09090909090909091,10,10,GATGCTGGCACATCCCCTAT,0,4674469
ybeDp,0.09090909090909091,10,10,GATGCCATTTGTGAGGTGAA,0,4603322
ybeDp,0.09090909090909091,10,10,GATCCGCTATTGGCGGGTCA,0,4674991
ybeDp,0.09090909090909091,10,10,GATCACAACAGCTCAGTCCA,0,4617366
ybeDp,0.09090909090909091,10,10,GATCAAAAGACAACGGAAGT,0,4652242
ybeDp,0.09090909090909091,10,10,GATAGTGTCGGCTAGGGTCT,0,4632025
ybeDp,0.09090909090909091,10,10,GATACGTTCCACCGGGGTCG,0,4664974
ybeDp,0.09090909090909091,10,10,GATACGGAACCGCTAATAGG,0,4678943
ybeDp,0.09090909090909091,10,10,GATACGATCCTCATTCTTCA,0,4612054
ybeDp,0.09090909090909091,10,10,GAGTTGGGATGCCGTGCTCG,0,4667681
ybeDp,0.09090909090909091,10,10,GAGTTGCATTATACCAATAT,0,4604163
ybeDp,0.09090909090909091,10,10,GAGTCACTATCTTGTGCTGC,0,4627549
ybeDp,0.09090909090909091,10,10,GAGGTCGGATGCAATATCGC,0,4622855
ybeDp,0.09090909090909091,10,10,GAGGATAAATTCCCACCCAA,0,4650107
ybeDp,0.09090909090909091,10,10,GACTTGGTAGGCTCTCGGAC,0,4618182
ybeDp,0.09090909090909091,10,10,GACTTGCACCAAAGGTATCG,0,4613766
ybeDp,0.09090909090909091,10,10,GACGGTTGGTTTCGGACTAC,0,4682147
ybeDp,0.09090909090909091,10,10,GACCAGCGTCGTTAAATTGT,0,4673940
ybeDp,0.09090909090909091,10,10,GACATGGGGGATTCTCAAGC,0,4673880
ybeDp,0.09090909090909091,10,10,GAAGGACGAAGGAATGCCCT,0,4647709
ybeDp,0.09090909090909091,10,10,GAAGAAGTGTGTGATGGCAA,0,4630728
ybeDp,0.09090909090909091,10,10,GAAAGTTGTGCATGATCACA,0,4620583
ybeDp,0.09090909090909091,10,10,GAAAGATATCAGCGGTTGGG,0,4652877
ybeDp,0.09090909090909091,10,10,CTTTAACGGCCGCTACGAAG,0,4676638
ybeDp,0.09090909090909091,10,10,CTTGTAACCACTGAGTCCGG,0,4643189
ybeDp,0.09090909090909091,10,10,CTTGGCATTCCGGACCGTTA,0,4635354
ybeDp,0.09090909090909091,10,10,CTTCCGGCAGGCTATGTTGA,0,4639912
ybeDp,0.09090909090909091,10,10,CTTAACGGCATCTAAGGGAC,0,4644880
ybeDp,0.09090909090909091,10,10,CTGTGCACACATATTTGCGC,0,4652622
ybeDp,0.09090909090909091,10,10,CTGTGAGGTCACGCTCGAAA,0,4640341
ybeDp,0.09090909090909091,10,10,CTGTATCCCGTCTCAACAAA,0,4644010
ybeDp,0.09090909090909091,10,10,CTGGCCGCACCAAGGACCTT,0,4660035
ybeDp,0.09090909090909091,10,10,CTGCTGTTTACAGTGTAGAA,0,4644604
ybeDp,0.09090909090909091,10,10,CTGCGCGCTTCTAGACGGAC,0,4632381
ybeDp,0.09090909090909091,10,10,CTGCCAAAGACTCGACGACG,0,4678174
ybeDp,0.09090909090909091,10,10,CTGCATGGTCCTTGGGTAGT,0,4665550
ybeDp,0.09090909090909091,10,10,CTGATAACGTCAATGGCGTT,0,4647382
ybeDp,0.09090909090909091,10,10,CTGAGGGCCTCACTTAGTTG,0,4620222
ybeDp,0.09090909090909091,10,10,CTGAGCTCATCGCATAATGA,0,4646095
ybeDp,0.09090909090909091,10,10,CTGACGAGCCTTTTGAACGC,0,4642107
ybeDp,0.09090909090909091,10,10,CTGAAATTTCTGTTAAACAC,0,4680389
ybeDp,0.09090909090909091,10,10,CTCTTCCTATCGCAAGACGG,0,4664506
ybeDp,0.09090909090909091,10,10,CTCTTATGCGCCCCACCGTT,0,4660989
ybeDp,0.09090909090909091,10,10,CTCTGTAACCGACCAGACAT,0,4606892
ybeDp,0.09090909090909091,10,10,CTCTCTCTCGAAGGGTAAGA,0,4647443
ybeDp,0.09090909090909091,10,10,CTCTATGGCCGGCTTTGATC,0,4673296
ybeDp,0.09090909090909091,10,10,CTCTACAAGCGCCAAATGGG,0,4615114
ybeDp,0.09090909090909091,10,10,CTCGTTGTATCATGGGACGA,0,4636758
ybeDp,0.09090909090909091,10,10,CTCGGAGCTCTACCATAGTC,0,4671240
ybeDp,0.09090909090909091,10,10,CTCGCCGAGTAGTCCATATA,0,4677087
ybeDp,0.09090909090909091,10,10,CTCGAGGACCCAGAATGCGG,0,4638788
ybeDp,0.09090909090909091,10,10,CTCCGTCGCGAATTCGGCCC,0,4662380
ybeDp,0.09090909090909091,10,10,CTCCGATCGAAGAGCGCATA,0,4679684
ybeDp,0.09090909090909091,10,10,CTCCGAAATTATGAAATGCG,0,4645684
ybeDp,0.09090909090909091,10,10,CTCCAACCGTGGCGTTGCCT,0,4679333
ybeDp,0.09090909090909091,10,10,CTCATTAGCATCCGCAGTGG,0,4636529
ybeDp,0.09090909090909091,10,10,CTCACATATTGTCATTTCCG,0,4650061
ybeDp,0.09090909090909091,10,10,CTATGGCGTGGGTGGCATGG,0,4636988
ybeDp,0.09090909090909091,10,10,CTAGTTACTGGCACTCGGTA,0,4609702
ybeDp,0.09090909090909091,10,10,CTAGTATACCGTTGCTCCCG,0,4657050
ybeDp,0.09090909090909091,10,10,CTAGGTGCCGGGGGAAATCT,0,4618669
ybeDp,0.09090909090909091,10,10,CTAGAGCAATGGAGGGAGGT,0,4618888
ybeDp,0.09090909090909091,10,10,CTAAGCCCATAATAATTTAA,0,4645291
ybeDp,0.09090909090909091,10,10,CTAACACTTGCAGGGACGAT,0,4660674
ybeDp,0.09090909090909091,10,10,CGTTGCGCTAAAATCTGTGT,0,4611562
ybeDp,0.09090909090909091,10,10,CGTTCCTAATGTTCCGAGTG,0,4628666
ybeDp,0.09090909090909091,10,10,CGTTATCAGGTACGATATAC,0,4655389
ybeDp,0.09090909090909091,10,10,CGTGTGTTTGAAGTAGACAT,0,4664938
ybeDp,0.09090909090909091,10,10,CGTGGACGACTATTTAATAC,0,4665553
ybeDp,0.09090909090909091,10,10,CGTGGAATTAGCACGCGAGT,0,4631862
ybeDp,0.09090909090909091,10,10,CGTATTCCGTTCAGGTACGC,0,4622038
ybeDp,0.09090909090909091,10,10,CGTATATGGAAAGACGAGAG,0,4626232
ybeDp,0.09090909090909091,10,10,CGTAGGCAGCGCGCTAGATA,0,4602875
ybeDp,0.09090909090909091,10,10,CGTACCTGTCCGGATAAAAC,0,4682159
ybeDp,0.09090909090909091,10,10,CGTAACTTCTGGATCTGTCC,0,4632181
ybeDp,0.09090909090909091,10,10,CGTAACTCATTAGTTGGCAG,0,4664050
ybeDp,0.09090909090909091,10,10,CGTAAAGATGAAGCGCGGTC,0,4684260
ybeDp,0.09090909090909091,10,10,CGGTGTTGGTCCCAAGCAAT,0,4666065
ybeDp,0.09090909090909091,10,10,CGGTGCTGCTGGGCCGCTTA,0,4620656
ybeDp,0.09090909090909091,10,10,CGGTCTGTGGCAAGGATATT,0,4625166
ybeDp,0.09090909090909091,10,10,CGGATGGCCCACCTCTCCGT,0,4679571
ybeDp,0.09090909090909091,10,10,CGCTTAGACAGTCAATTCTT,0,4682035
ybeDp,0.09090909090909091,10,10,CGCTGCGGATGCGTGTCCAT,0,4625465
ybeDp,0.09090909090909091,10,10,CGCTATCAAACCTCCGCTTA,0,4656001
ybeDp,0.09090909090909091,10,10,CGCGGGCTCTATGTGAGCAA,0,4606573
ybeDp,0.09090909090909091,10,10,CGCCTTAACCGAGCATCGAC,0,4676308
ybeDp,0.09090909090909091,10,10,CGCCTCAGTGAGCCACGCAT,0,4657619
ybeDp,0.09090909090909091,10,10,CGCCCATGTGGGCGCCCCGG,0,4637697
ybeDp,0.09090909090909091,10,10,CGCATTTTTACTGACCAAGG,0,4603076
ybeDp,0.09090909090909091,10,10,CGCACTACCCACTCGACATG,0,4612621
ybeDp,0.09090909090909091,10,10,CGATGAATGTCTTAGTACGT,0,4661040
ybeDp,0.09090909090909091,10,10,CGATCCAGAGACCTCGCGTG,0,4659973
ybeDp,0.09090909090909091,10,10,CGAGCCTAGTTACTCGGCCA,0,4670923
ybeDp,0.09090909090909091,10,10,CGACAATACGCTCTGGTCTG,0,4646678
ybeDp,0.09090909090909091,10,10,CGAACGAACATCGACAACGT,0,4663287
ybeDp,0.09090909090909091,10,10,CGAACCTTTTGTTGCCCCAT,0,4656753
ybeDp,0.09090909090909091,10,10,CGAAATCCTTATATAATGGT,0,4638065
ybeDp,0.09090909090909091,10,10,CCTTTACGCAAAACGATACA,0,4672993
ybeDp,0.09090909090909091,10,10,CCTCACGGCAAGGTAAAAGT,0,4662633
ybeDp,0.09090909090909091,10,10,CCTCACACGCGGCTGCTCTG,0,4638855
ybeDp,0.09090909090909091,10,10,CCTCAAGAATCCATGGCTCA,0,4672463
ybeDp,0.09090909090909091,10,10,CCGGCTACTTAGTGCGCATG,0,4636335
ybeDp,0.09090909090909091,10,10,CCGGACCCGTATCTACAGCA,0,4650366
ybeDp,0.09090909090909091,10,10,CCGGAAGTAAGGATCTCAAG,0,4673619
ybeDp,0.09090909090909091,10,10,CCGCTCTAATATAGCTCTTT,0,4614026
ybeDp,0.09090909090909091,10,10,CCGCCATTGGACCGTGAACG,0,4610720
ybeDp,0.09090909090909091,10,10,CCGAGGAGGAACAAACAGTG,0,4673641
ybeDp,0.09090909090909091,10,10,CCCTAAGCACCAGCTCGTCG,0,4683714
ybeDp,0.09090909090909091,10,10,CCCGCCTCTCCACAGTGACA,0,4625377
ybeDp,0.09090909090909091,10,10,CCCCGCATGATTGCCTAACT,0,4675855
ybeDp,0.09090909090909091,10,10,CCCCGATTGTCTTTGCGAGT,0,4608534
ybeDp,0.09090909090909091,10,10,CCCCCGCTACATCCTTCGGT,0,4629351
ybeDp,0.09090909090909091,10,10,CCCCATATAACTATATAGGG,0,4621585
ybeDp,0.09090909090909091,10,10,CCCCAGTGAGGGGGGTGAGT,0,4625285
ybeDp,0.09090909090909091,10,10,CCCCACGACGATCCCCGCAT,0,4623445
ybeDp,0.09090909090909091,10,10,CCATCGCCAGGAAAGATGAA,0,4661967
ybeDp,0.09090909090909091,10,10,CCACTGTTTCAGCCGATGCA,0,4666299
ybeDp,0.09090909090909091,10,10,CCAAGTGAGAATTTGCTAAC,0,4648178
ybeDp,0.09090909090909091,10,10,CCAACGGCAGCTGATCGTAA,0,4607624
ybeDp,0.09090909090909091,10,10,CCAAACGTCGCGGGCTTCGT,0,4608048
ybeDp,0.09090909090909091,10,10,CATTCCAAAGCTTAGGAACA,0,4645202
ybeDp,0.09090909090909091,10,10,CATGAGACGAGTCCGACCGA,0,4615022
ybeDp,0.09090909090909091,10,10,CATATTGGTCCAGTCTGATG,0,4666019
ybeDp,0.09090909090909091,10,10,CATAGAAGACTGTTTTGGAC,0,4605816
ybeDp,0.09090909090909091,10,10,CATAACGGAGCCCTTTTGGT,0,4657060
ybeDp,0.09090909090909091,10,10,CAGTCTGATTACAAAAACTA,0,4610295
ybeDp,0.09090909090909091,10,10,CAGTCCGCGAGGACACGGGG,0,4675796
ybeDp,0.09090909090909091,10,10,CAGTAAAGGGTATGTTGATG,0,4630822
ybeDp,0.09090909090909091,10,10,CAGGTGAAACTTCATTACGT,0,4635238
ybeDp,0.09090909090909091,10,10,CAGCCTGAGTCTCGGGACCT,0,4620499
ybeDp,0.09090909090909091,10,10,CAGATTGGCTACTGTCATGC,0,4620085
ybeDp,0.09090909090909091,10,10,CACTGTCACAGCTGCCCGGT,0,4638146
ybeDp,0.09090909090909091,10,10,CACGGTTGTGACGGGGAGGT,0,4643801
ybeDp,0.09090909090909091,10,10,CACGCGGGGGCAGACGGATG,0,4626270
ybeDp,0.09090909090909091,10,10,CACGCCTCGGACAACATTCA,0,4632377
ybeDp,0.09090909090909091,10,10,CACCGATTAAGAGGCGTACA,0,4653714
ybeDp,0.09090909090909091,10,10,CACCAGGCGATAATAATGAA,0,4677097
ybeDp,0.09090909090909091,10,10,CACAAACGCGTGCTTGCCAA,0,4617066
ybeDp,0.09090909090909091,10,10,CAATCAGGCGGGAATTCTTT,0,4609986
ybeDp,0.09090909090909091,10,10,CAATAGTACTTGTAGTGTTG,0,4658860
ybeDp,0.09090909090909091,10,10,CAAGTTTCAAATCGGGTTCA,0,4611720
ybeDp,0.09090909090909091,10,10,CAAGTTCTCTCACAGAAATT,0,4684309
ybeDp,0.09090909090909091,10,10,CAAGTCGAGGTATGCACCGG,0,4642254
ybeDp,0.09090909090909091,10,10,CAAGGCTAAATGGCTGTACA,0,4683712
ybeDp,0.09090909090909091,10,10,CAAGCGTTCGCACATTTTGA,0,4610133
ybeDp,0.09090909090909091,10,10,ATTTTGATCAGCATGCTACG,0,4679797
ybeDp,0.09090909090909091,10,10,ATTTGCGGCTGCGCTCTAAC,0,4647078
ybeDp,0.09090909090909091,10,10,ATTTCTCCACATAACGACGT,0,4676322
ybeDp,0.09090909090909091,10,10,ATTGCGTTTCGGCTCCTGAA,0,4619813
ybeDp,0.09090909090909091,10,10,ATTGCACCTTTGATTCGTCT,0,4613930
ybeDp,0.09090909090909091,10,10,ATTCGGGGGTGCGAAGGCCT,0,4616448
ybeDp,0.09090909090909091,10,10,ATTCGCCCTAAGTGGAACGT,0,4628167
ybeDp,0.09090909090909091,10,10,ATTCATAAACCACACTACTG,0,4634406
ybeDp,0.09090909090909091,10,10,ATTCACCGAACTTATCACGG,0,4645400
ybeDp,0.09090909090909091,10,10,ATTCACAAAACGGTACGGCT,0,4650488
ybeDp,0.09090909090909091,10,10,ATTATGTATTTATCAAGCCG,0,4644673
ybeDp,0.09090909090909091,10,10,ATTAGCTAGGTAGTCGCAGA,0,4604705
ybeDp,0.09090909090909091,10,10,ATTAGAGACGTGTTAGAGGA,0,4664287
ybeDp,0.09090909090909091,10,10,ATGTTGACGCTTGCCATCTT,0,4670284
ybeDp,0.09090909090909091,10,10,ATGTGCATTCCGAAGTAACT,0,4652729
ybeDp,0.09090909090909091,10,10,ATGGTTAACTACCCTGCAGC,0,4676306
ybeDp,0.09090909090909091,10,10,ATGGTAGCTATTTCTGGAGG,0,4626453
ybeDp,0.09090909090909091,10,10,ATGGGCCTAGAGTGTAAGTT,0,4657641
ybeDp,0.09090909090909091,10,10,ATGATATAGGTACCGAATAT,0,4665289
ybeDp,0.09090909090909091,10,10,ATGAGTGGTTCTATAGAATC,0,4663121
ybeDp,0.09090909090909091,10,10,ATGAACGGCCGACCCAGAAC,0,4605974
ybeDp,0.09090909090909091,10,10,ATCTTTAATTGGTTGGGCGA,0,4644362
ybeDp,0.09090909090909091,10,10,ATCGGTCCTAACGCACTGTT,0,4619978
ybeDp,0.09090909090909091,10,10,ATCGCAGGCCAACAGATGTG,0,4641067
ybeDp,0.09090909090909091,10,10,ATCGCAGATTGCTCAACTGG,0,4602068
ybeDp,0.09090909090909091,10,10,ATCCCGCATCTGTTACTCCA,0,4641459
ybeDp,0.09090909090909091,10,10,ATCCCCGAGAGGTGAGTGAA,0,4626182
ybeDp,0.09090909090909091,10,10,ATCAGCTCGACTGCCCTGTT,0,4621918
ybeDp,0.09090909090909091,10,10,ATCAGAGTCTCTATATTCCA,0,4678113
ybeDp,0.09090909090909091,10,10,ATATTAGATCTGCGGATTGC,0,4665446
ybeDp,0.09090909090909091,10,10,ATATGGCCTGACAACATTTT,0,4611087
ybeDp,0.09090909090909091,10,10,ATATCTTCTAGTACCGGCAG,0,4664420
ybeDp,0.09090909090909091,10,10,ATAGGTTCTCCCCGGTACTT,0,4676266
ybeDp,0.09090909090909091,10,10,ATAGCCGCCCAGGCAGAAAG,0,4616418
ybeDp,0.09090909090909091,10,10,ATAGATGTAAATATGGTTCG,0,4675752
ybeDp,0.09090909090909091,10,10,ATACTTTTTTAGGCCGCGCT,0,4679899
ybeDp,0.09090909090909091,10,10,ATACTCGTGGTCTGGCGACT,0,4629191
ybeDp,0.09090909090909091,10,10,AGTTTCAATCTTCTTCCAAA,0,4634198
ybeDp,0.09090909090909091,10,10,AGTTCTGCGCTCAAAGTCAG,0,4620557
ybeDp,0.09090909090909091,10,10,AGTGTTGTGATACAGACACG,0,4660535
ybeDp,0.09090909090909091,10,10,AGTGTTAGGTGGGCGGCGTT,0,4676643
ybeDp,0.09090909090909091,10,10,AGTGTGGATGCTTTAGGATT,0,4631984
ybeDp,0.09090909090909091,10,10,AGTGTAAATTAAGCTCCGCG,0,4673975
ybeDp,0.09090909090909091,10,10,AGTCTGAGTCGAGTAATAGC,0,4662811
ybeDp,0.09090909090909091,10,10,AGTCTAACGAAATCAATCCA,0,4622992
ybeDp,0.09090909090909091,10,10,AGTCGTATATTGAATGGTCC,0,4617841
ybeDp,0.09090909090909091,10,10,AGTCCCAAGTCCCGGCGATA,0,4676782
ybeDp,0.09090909090909091,10,10,AGTCAGGATGACAGCTAATC,0,4666175
ybeDp,0.09090909090909091,10,10,AGTAGCCGTATCGCCATTTG,0,4629207
ybeDp,0.09090909090909091,10,10,AGGTTCCCTAGTGTGGTTAA,0,4670899
ybeDp,0.09090909090909091,10,10,AGGTCAAAGAGATAGTCGGA,0,4613636
ybeDp,0.09090909090909091,10,10,AGGTATAGTGCGACTAGCTA,0,4681583
ybeDp,0.09090909090909091,10,10,AGGGTTTTCTCCGCCACCGG,0,4631868
ybeDp,0.09090909090909091,10,10,AGGGCGCTGTGCCGCCCCGA,0,4636904
ybeDp,0.09090909090909091,10,10,AGGGCCTTGGTATCCTCGCA,0,4680897
ybeDp,0.09090909090909091,10,10,AGGGCCTATCAATCTCTGGT,0,4661000
ybeDp,0.09090909090909091,10,10,AGGCTTCGGCGGGGTTCGGC,0,4642106
ybeDp,0.09090909090909091,10,10,AGGCCGCAGTCGATCCCACC,0,4662537
ybeDp,0.09090909090909091,10,10,AGGCCGAGGGTAAGGAATGA,0,4643062
ybeDp,0.09090909090909091,10,10,AGGATCACTCCTAAGCTGAG,0,4621560
ybeDp,0.09090909090909091,10,10,AGGACGTGAAATAGCGCTCT,0,4651230
ybeDp,0.09090909090909091,10,10,AGCGCTCCGACGCATTCGCA,0,4685092
ybeDp,0.09090909090909091,10,10,AGCGCGCACTCGCATAAGTG,0,4644796
ybeDp,0.09090909090909091,10,10,AGCGCCCTGTAAAAACGCGT,0,4679055
ybeDp,0.09090909090909091,10,10,AGCGAAAGGCTCCACCTCCA,0,4604321
ybeDp,0.09090909090909091,10,10,AGCATTCACTCAGAACTGCG,0,4642808
ybeDp,0.09090909090909091,10,10,AGCATAGAGACGGTCAGCAG,0,4623026
ybeDp,0.09090909090909091,10,10,AGCAAGTCTTTATATCCCAT,0,4673407
ybeDp,0.09090909090909091,10,10,AGATGTGTCGGTTCACACCA,0,4656670
ybeDp,0.09090909090909091,10,10,AGAGGGATGTCGGTCCTAGC,0,4635227
ybeDp,0.09090909090909091,10,10,AGAGCGTCTTACCATAAGGG,0,4638864
ybeDp,0.09090909090909091,10,10,AGAGATAGTTCGAAAGAACA,0,4637561
ybeDp,0.09090909090909091,10,10,AGACCGAACCGACGAATGGT,0,4648396
ybeDp,0.09090909090909091,10,10,AGAAGGCGCCCACGAGATAT,0,4621617
ybeDp,0.09090909090909091,10,10,ACTTTTTAATCAGCTTATCT,0,4673965
ybeDp,0.09090909090909091,10,10,ACTTTTAGTCAGATGGAGCA,0,4606052
ybeDp,0.09090909090909091,10,10,ACTTTCACTGAAGCCTGTAG,0,4632142
ybeDp,0.09090909090909091,10,10,ACTTGGCATAAATGGCCGGG,0,4663580
ybeDp,0.09090909090909091,10,10,ACTTGATTGCCGGACCGTTA,0,4616365
ybeDp,0.09090909090909091,10,10,ACTTCTTTCTATTGAAGCCG,0,4614633
ybeDp,0.09090909090909091,10,10,ACTGTGCCGCTCCCCCATCT,0,4656584
ybeDp,0.09090909090909091,10,10,ACTCTCGGGCAGGTCAGTAT,0,4610845
ybeDp,0.09090909090909091,10,10,ACGTGTCTTTCGCGGCACTG,0,4641277
ybeDp,0.09090909090909091,10,10,ACGTGCATGTCGCCAAGCAT,0,4650767
ybeDp,0.09090909090909091,10,10,ACGTCTGTAGTACAGGGTTT,0,4613440
ybeDp,0.09090909090909091,10,10,ACGTCAGGGGGTTTAGGCGT,0,4676363
ybeDp,0.09090909090909091,10,10,ACGTACGTAGCAGACGCAGC,0,4613988
ybeDp,0.09090909090909091,10,10,ACGGTCAGGCCGTAAACGGA,0,4651521
ybeDp,0.09090909090909091,10,10,ACGGGTACTAAAGGTGACCT,0,4649562
ybeDp,0.09090909090909091,10,10,ACGCTAATTTAGGTCTCTTC,0,4620896
ybeDp,0.09090909090909091,10,10,ACGCGCACTTCTACGGAAGT,0,4659751
ybeDp,0.09090909090909091,10,10,ACGCCGGCTCTTCAAGAATT,0,4677189
ybeDp,0.09090909090909091,10,10,ACGCCACTATGTGACAGCGA,0,4604987
ybeDp,0.09090909090909091,10,10,ACGAGGGTGCTTTCGAAAAC,0,4622275
ybeDp,0.09090909090909091,10,10,ACGAGCGTAGCTAATAGGTA,0,4608799
ybeDp,0.09090909090909091,10,10,ACCTTGGACCGGTTAGCCCG,0,4639859
ybeDp,0.09090909090909091,10,10,ACCTATGAGGAGATGTATAT,0,4608844
ybeDp,0.09090909090909091,10,10,ACCGTCTGGGCATGTTATTG,0,4619975
ybeDp,0.09090909090909091,10,10,ACCGGTTTAAATATACGGTA,0,4647092
ybeDp,0.09090909090909091,10,10,ACCATTATAGGGAGGAGCCT,0,4632506
ybeDp,0.09090909090909091,10,10,ACCAGTAAGTTGGCTAAGGG,0,4609563
ybeDp,0.09090909090909091,10,10,ACCAGATGATTACGTCACGG,0,4640571
ybeDp,0.09090909090909091,10,10,ACATGGTTCCCAAGAGGTAA,0,4656325
ybeDp,0.09090909090909091,10,10,ACATCTTGACGTGCCATAGA,0,4609226
ybeDp,0.09090909090909091,10,10,ACAGTTGCCAATAGCGATCC,0,4647999
ybeDp,0.09090909090909091,10,10,ACAGTCCACGGGGTGCAATT,0,4612090
ybeDp,0.09090909090909091,10,10,ACAGTATGACAGAAAGAAAA,0,4643898
ybeDp,0.09090909090909091,10,10,ACAGTACGTTGCATAGTTTA,0,4667328
ybeDp,0.09090909090909091,10,10,ACAGCTGGTGTGAGCGGCTG,0,4669976
ybeDp,0.09090909090909091,10,10,ACAGCGGTTAAGTCGTGGAT,0,4682453
ybeDp,0.09090909090909091,10,10,ACACCGCGTACGAGCGCGAT,0,4614640
ybeDp,0.09090909090909091,10,10,ACAATCAGATTTATTCCCAT,0,4655779
ybeDp,0.09090909090909091,10,10,ACAAGTGTAGTTTTAGGCGT,0,4665658
ybeDp,0.09090909090909091,10,10,ACAACGTAGATGAAGGCTTA,0,4660997
ybeDp,0.09090909090909091,10,10,AATTGCGACCCACCCATGCT,0,4625566
ybeDp,0.09090909090909091,10,10,AATCGGAGTTCGCTGTATGG,0,4607933
ybeDp,0.09090909090909091,10,10,AATCGGAGAGTCTTGGCGTA,0,4627518
ybeDp,0.09090909090909091,10,10,AATAGGGCCGGTTACTATAT,0,4663642
ybeDp,0.09090909090909091,10,10,AATAGCGAATGGCTCGCTCC,0,4631362
ybeDp,0.09090909090909091,10,10,AATACGCTGCGAACAAAGAG,0,4653212
ybeDp,0.09090909090909091,10,10,AATAACCTGGGGGCTTGCAT,0,4608753
ybeDp,0.09090909090909091,10,10,AAGTGGGGTTCACAGCAGCT,0,4667180
ybeDp,0.09090909090909091,10,10,AAGGGGGCATCTGGGGAGTT,0,4642283
ybeDp,0.09090909090909091,10,10,AAGGGCCGCATGGGGTTACG,0,4648638
ybeDp,0.09090909090909091,10,10,AAGGACTACAGCTAGGTCTA,0,4646956
ybeDp,0.09090909090909091,10,10,AAGCGGCGCAGGACTCACGC,0,4683588
ybeDp,0.09090909090909091,10,10,AAGCCATGCAGGGGAGTCGG,0,4677826
ybeDp,0.09090909090909091,10,10,AAGCATGCTCAATGTTTCGA,0,4669662
ybeDp,0.09090909090909091,10,10,AAGCACGAGGAGGCGCGTTA,0,4623678
ybeDp,0.09090909090909091,10,10,AAGCACCCGGATCGGCCTCG,0,4620732
ybeDp,0.09090909090909091,10,10,AAGACTTTTTGAAAAACGAG,0,4660995
ybeDp,0.09090909090909091,10,10,AACTTTCTCCTCCATGCACG,0,4668780
ybeDp,0.09090909090909091,10,10,AACCTTGTGCACACTCCCTG,0,4628897
ybeDp,0.09090909090909091,10,10,AACCTGGAAGGGAAGCCCCA,0,4645354
ybeDp,0.09090909090909091,10,10,AACCCTGAGACCTTGTGGAT,0,4630072
ybeDp,0.09090909090909091,10,10,AACATGGGCCTCCGTCTTGC,0,4622612
ybeDp,0.09090909090909091,10,10,AAATGGGGCCACAGACTGAG,0,4681427
ybeDp,0.09090909090909091,10,10,AAAGTGTGGCCGTGAAGCAA,0,4665753
ybeDp,0.09090909090909091,10,10,AAAACTTACAGATCATCCGG,0,4612273
ybeDp,0.09090909090909091,10,10,AAAACAAGGCAACACACCAT,0,4677401
ybeDp,0.1,9,9,TTTTGGCCTCAGAGAGCCTT,0,4601348
ybeDp,0.1,9,9,TTTGCGCACCGCATTTTGTC,0,4645406
ybeDp,0.1,9,9,TTTGAATTGATTGGAACAAC,0,4645131
ybeDp,0.1,9,9,TTTCGCCCAGGGAGTTCCGC,0,4656840
ybeDp,0.1,9,9,TTGTAAAGTAAAAGAGAAGT,0,4642900
ybeDp,0.1,9,9,TTGGTTCGAATCCGTGGGTA,0,4641087
ybeDp,0.1,9,9,TTGGTGGGACTGTGCTATCA,0,4603171
ybeDp,0.1,9,9,TTGGGTCACAAGAAGGCCAA,0,4644872
ybeDp,0.1,9,9,TTGCCGCTTCGGGGGGGCGT,0,4632370
ybeDp,0.1,9,9,TTGATTGGGACCTAAGTAAG,0,4631510
ybeDp,0.1,9,9,TTCTGGACTACGATCGTGTG,0,4625827
ybeDp,0.1,9,9,TTCGGTCGGTAGCGTCGTTC,0,4618273
ybeDp,0.1,9,9,TTCGGTATTTTTCAACCCCT,0,4659742
ybeDp,0.1,9,9,TTCGGGCGGATTTTCAGATC,0,4633851
ybeDp,0.1,9,9,TTCGCAGTCTTTATTTAACT,0,4607727
ybeDp,0.1,9,9,TTCGACGCGCGCGTCCACGC,0,4613841
ybeDp,0.1,9,9,TTCCGGAGTCTCCTAGGGTC,0,4633422
ybeDp,0.1,9,9,TTCATCGGCGGCCATGTTCA,0,4638437
ybeDp,0.1,9,9,TTCAGGAATCGGGGCTAAGG,0,4668059
ybeDp,0.1,9,9,TTCACTTTGGGGTAGTGGAT,0,4621120
ybeDp,0.1,9,9,TTATGTTGTTTAGTATCAGA,0,4677027
ybeDp,0.1,9,9,TTATGTATGGAGGCATTTTA,0,4608645
ybeDp,0.1,9,9,TTATACGGAGAGGTCATCTT,0,4651718
ybeDp,0.1,9,9,TTAGCAGCTCAGTGTTTTCG,0,4615852
ybeDp,0.1,9,9,TTAGAGACAGGTTTGGCAGT,0,4666437
ybeDp,0.1,9,9,TTACGGAGTGGCGGAGGTGG,0,4660006
ybeDp,0.1,9,9,TTACCATTGGGAATATAAAT,0,4664544
ybeDp,0.1,9,9,TGTTTGATGGGCATACACTT,0,4643684
ybeDp,0.1,9,9,TGTTCAATTGCGACGCCACG,0,4654541
ybeDp,0.1,9,9,TGTTAATCCTGTAGGTTAGG,0,4618457
ybeDp,0.1,9,9,TGTGTGTCCGCACGAAACGT,0,4669222
ybeDp,0.1,9,9,TGTGAGTTACGGTCCCTTAT,0,4640793
ybeDp,0.1,9,9,TGTGAAACTAGGTTAAAGCC,0,4639856
ybeDp,0.1,9,9,TGTCAGGATGTGTCGCGTTC,0,4662685
ybeDp,0.1,9,9,TGTAGAACAGTGGGTAGACA,0,4651253
ybeDp,0.1,9,9,TGTAAGCGAAGTTGAGCTCA,0,4624009
ybeDp,0.1,9,9,TGGTTGACGAGTAATTAGTT,0,4644884
ybeDp,0.1,9,9,TGGTCAGTCGATAGGTGGTA,0,4610496
ybeDp,0.1,9,9,TGGGTTACAATGGTCCAGGT,0,4685083
ybeDp,0.1,9,9,TGGGGAATTAGTCGCCGAAA,0,4679034
ybeDp,0.1,9,9,TGGGACACGTCAGACTGGGT,0,4665390
ybeDp,0.1,9,9,TGGCGTCGATAACTTCGTTA,0,4618083
ybeDp,0.1,9,9,TGGCGCGCATAGCGTTAAGG,0,4678627
ybeDp,0.1,9,9,TGGCAGTACAGGGCAGGGCG,0,4661585
ybeDp,0.1,9,9,TGGATGGCTATAGGTTTGTT,0,4666658
ybeDp,0.1,9,9,TGGATGATTCGGTAATATGG,0,4631202
ybeDp,0.1,9,9,TGGACATGCTAACCAGCGCC,0,4645501
ybeDp,0.1,9,9,TGCTTCCCGCTACGTTATTA,0,4627229
ybeDp,0.1,9,9,TGCTGCGAACCCTTGAACTC,0,4607845
ybeDp,0.1,9,9,TGCGTCGCTCCAGCTATTCA,0,4629601
ybeDp,0.1,9,9,TGCGCTTACGCGTTTTTTGA,0,4630274
ybeDp,0.1,9,9,TGCGCGCGGAAATTAGGTTG,0,4666317
ybeDp,0.1,9,9,TGCCGACAGTAAGCACAGGC,0,4666093
ybeDp,0.1,9,9,TGCATCGCGGGTCCATTTCT,0,4656207
ybeDp,0.1,9,9,TGCATCCGAGCCGATCAACG,0,4654903
ybeDp,0.1,9,9,TGCAGACCGTGTGCTGAAAC,0,4676464
ybeDp,0.1,9,9,TGCAATGTCGCGGTCCACTT,0,4637120
ybeDp,0.1,9,9,TGATCGCGAATCGGATACGT,0,4601983
ybeDp,0.1,9,9,TGATCCTGTGTTGGTCATGC,0,4663295
ybeDp,0.1,9,9,TGATAGGTGGTCCAAGCTGG,0,4660325
ybeDp,0.1,9,9,TGAGTCCCAGTGTAAGCACA,0,4674164
ybeDp,0.1,9,9,TGAGTAATCTTTTTTGTAAC,0,4616094
ybeDp,0.1,9,9,TGAGGTTGTGACCTTGATCT,0,4621359
ybeDp,0.1,9,9,TGAGGTTGGGCTCTGCATAA,0,4625628
ybeDp,0.1,9,9,TGACCCCTAACCACCCTTTT,0,4646813
ybeDp,0.1,9,9,TGACCCATCCTATCCAGCGT,0,4648356
ybeDp,0.1,9,9,TGACAGAACCCCCCTACTAT,0,4624317
ybeDp,0.1,9,9,TCTTTCACGCTGGGTACGTA,0,4656333
ybeDp,0.1,9,9,TCTTGTGCTCATTAGCGTGG,0,4622945
ybeDp,0.1,9,9,TCTTAATAGCACCGAGCATA,0,4685727
ybeDp,0.1,9,9,TCTTAAGGAGTGAGACATCC,0,4641239
ybeDp,0.1,9,9,TCTCGCACGGCATCGTCCTT,0,4642547
ybeDp,0.1,9,9,TCTATCTTAGGCCAGATTAA,0,4624831
ybeDp,0.1,9,9,TCTACGCAGTAAGTCCCTCA,0,4677031
ybeDp,0.1,9,9,TCTAAGTTTCAATGGAACAT,0,4659865
ybeDp,0.1,9,9,TCTAAACAGCTGACAATGCT,0,4653985
ybeDp,0.1,9,9,TCGTGGAGGCTTAGCTATGA,0,4612051
ybeDp,0.1,9,9,TCGTGCAGATATTTAATAGG,0,4618375
ybeDp,0.1,9,9,TCGTCGTTCAGAACTTGAAT,0,4659870
ybeDp,0.1,9,9,TCGTCCCCCATCGCTCGTTC,0,4603617
ybeDp,0.1,9,9,TCGTCATTGTCACGACTTTC,0,4613924
ybeDp,0.1,9,9,TCGGTCGCGAGGAAAATTCC,0,4606176
ybeDp,0.1,9,9,TCGGACAATTCGATGCACAG,0,4624491
ybeDp,0.1,9,9,TCGCGGTCAGGGGTTCACAG,0,4612759
ybeDp,0.1,9,9,TCGCGCTGCTTCAACAGGCA,0,4620934
ybeDp,0.1,9,9,TCGCGCAGGCAATAGCAGAA,0,4616491
ybeDp,0.1,9,9,TCGCGAATACCGATCGCGAT,0,4666916
ybeDp,0.1,9,9,TCCTGCGGCTCGGTGCGAAG,0,4634113
ybeDp,0.1,9,9,TCCTGAAGTGCTCTTCTATG,0,4644556
ybeDp,0.1,9,9,TCCGCGTTGTACGTGCTGGC,0,4620711
ybeDp,0.1,9,9,TCCGCCATTGCAAGCGTCTT,0,4606755
ybeDp,0.1,9,9,TCCCTACTTAATTAGGATCG,0,4610589
ybeDp,0.1,9,9,TCCATGATTGTTGCAGGATC,0,4649736
ybeDp,0.1,9,9,TCCAGTTAGGCACTTTCGGT,0,4652589
ybeDp,0.1,9,9,TCCACCAGTGGGCATTTCGC,0,4682081
ybeDp,0.1,9,9,TCCAACCCCGCTGATTGTTG,0,4613845
ybeDp,0.1,9,9,TCCAAACCCCCTTCCTAGGA,0,4664073
ybeDp,0.1,9,9,TCATTGATAGAAACGGGGCT,0,4643131
ybeDp,0.1,9,9,TCATGGAATAGTAGCTTCAC,0,4629973
ybeDp,0.1,9,9,TCAGGCCACTTACTGAGCTT,0,4615283
ybeDp,0.1,9,9,TCACGTGTAGTACGCGGGGC,0,4673295
ybeDp,0.1,9,9,TCACCTAACGTTGGCTGCTC,0,4634327
ybeDp,0.1,9,9,TCAAAGGATTCAAGACAACC,0,4666987
ybeDp,0.1,9,9,TATGTGACCTGAGGTCATCT,0,4657693
ybeDp,0.1,9,9,TATCGTTCGGATCGACCGCC,0,4641275
ybeDp,0.1,9,9,TATCGACGAATATTTCCTGG,0,4667418
ybeDp,0.1,9,9,TATATCCCCCGACTGGCTAT,0,4673293
ybeDp,0.1,9,9,TATAGCGTGAGACCGCGCAT,0,4636340
ybeDp,0.1,9,9,TAGGCCACACTATATGGTAC,0,4684480
ybeDp,0.1,9,9,TAGCCGGGGGCTTGCAAGTT,0,4637871
ybeDp,0.1,9,9,TAGCAATTATCCGATCTCTC,0,4634819
ybeDp,0.1,9,9,TAGATCGCTGAGTTTGTTTA,0,4619993
ybeDp,0.1,9,9,TAGAGTGCGGCAATGGGTAT,0,4616142
ybeDp,0.1,9,9,TAGACAACTGCTGTTGCGTC,0,4615740
ybeDp,0.1,9,9,TACTTCGCCATGATCGAATC,0,4656396
ybeDp,0.1,9,9,TACTCGCCTTTTTGCGATAG,0,4606840
ybeDp,0.1,9,9,TACTCACGAATGTTAAATAT,0,4658256
ybeDp,0.1,9,9,TACGGCGTCTAAAAATCCCG,0,4629708
ybeDp,0.1,9,9,TACGCTAGCCAGACGATTGA,0,4633002
ybeDp,0.1,9,9,TACATTGTAACTGATTAATG,0,4617272
ybeDp,0.1,9,9,TACAATTTCCCGGGGAAAAA,0,4659862
ybeDp,0.1,9,9,TAATATAGGAATAGAGGAGG,0,4629068
ybeDp,0.1,9,9,TAATACTTTAGTATCCCGGC,0,4633212
ybeDp,0.1,9,9,TAAGTTTGCCATTGGGTGAT,0,4620676
ybeDp,0.1,9,9,TAAGCACTAGATGCGTTCCT,0,4654273
ybeDp,0.1,9,9,TAACTGTTAATTTAATGGCA,0,4639826
ybeDp,0.1,9,9,TAACACTGTCTCATGCTAAA,0,4680038
ybeDp,0.1,9,9,GTTTTTGCGTAGGACCCAAA,0,4650250
ybeDp,0.1,9,9,GTTTTGGTCCCCTATTTAAT,0,4640856
ybeDp,0.1,9,9,GTTTTCTCAAGCAGTACGTC,0,4614143
ybeDp,0.1,9,9,GTTTCGTTCCCCACAGTGTT,0,4613128
ybeDp,0.1,9,9,GTTTCGGGTACAACGCAAGG,0,4654122
ybeDp,0.1,9,9,GTTGGTTATGAGTTTCTGCA,0,4646174
ybeDp,0.1,9,9,GTTGGTGTTCTCTGTTCACA,0,4643924
ybeDp,0.1,9,9,GTTGGATACCGGGCCACTCT,0,4682709
ybeDp,0.1,9,9,GTTGCGCGCAGCAGCGTACG,0,4629880
ybeDp,0.1,9,9,GTTGAGGGGGTTGGAGTTAA,0,4635984
ybeDp,0.1,9,9,GTTCTGTCACCTCGTGGTAA,0,4680163
ybeDp,0.1,9,9,GTTCTGGGCAACAGTGCGTT,0,4674288
ybeDp,0.1,9,9,GTTCTCGCAACAGTGAATGT,0,4680851
ybeDp,0.1,9,9,GTTCGTAGAAAATGGTGCTC,0,4652632
ybeDp,0.1,9,9,GTTCGATCTAATACGGGTAG,0,4669561
ybeDp,0.1,9,9,GTTCGAGGACGACGGTCAGC,0,4667547
ybeDp,0.1,9,9,GTTCCATGGAATGCCCTTAA,0,4671461
ybeDp,0.1,9,9,GTTCAAACATTCTTTTGTAC,0,4626075
ybeDp,0.1,9,9,GTTATAAGTGCAGGATAATG,0,4665104
ybeDp,0.1,9,9,GTTAAGGGGTGGACCGTCCA,0,4613848
ybeDp,0.1,9,9,GTGTTAATAGCTGCTTGCAA,0,4635775
ybeDp,0.1,9,9,GTGGTAAAGTGGGTCGCGGC,0,4604541
ybeDp,0.1,9,9,GTGGGGGGGATCTCCTGGTC,0,4631921
ybeDp,0.1,9,9,GTGGGGATACAACACTCCTA,0,4670104
ybeDp,0.1,9,9,GTGGCACGCATATGTACAAC,0,4638598
ybeDp,0.1,9,9,GTGGAGGGGTCTTTTTCGTT,0,4673811
ybeDp,0.1,9,9,GTGGACTTGGAGTCGTCGTT,0,4620563
ybeDp,0.1,9,9,GTGCCCTGCATACCTTATTA,0,4670932
ybeDp,0.1,9,9,GTGCCCGCGACGAATTTCAC,0,4667982
ybeDp,0.1,9,9,GTCTTGTTTCCTTGACATCA,0,4610343
ybeDp,0.1,9,9,GTCTTGATGAGTAACGTTTC,0,4604865
ybeDp,0.1,9,9,GTCTGACACAATACGTACCT,0,4654762
ybeDp,0.1,9,9,GTCGTCCTGGGCCAATTTTG,0,4623070
ybeDp,0.1,9,9,GTCGCAAGAATTATACAGAA,0,4641807
ybeDp,0.1,9,9,GTCGAGAAGACCGGAGCGGC,0,4668993
ybeDp,0.1,9,9,GTCAGGTCTAAGTTCCTTGC,0,4644081
ybeDp,0.1,9,9,GTCAAACGGGCTTGGTATGA,0,4679595
ybeDp,0.1,9,9,GTAGGAGCTAATGCACCTTC,0,4621821
ybeDp,0.1,9,9,GTACCCGTGAACGGGGGCCA,0,4673362
ybeDp,0.1,9,9,GTACCCCCACCTGGAACTCA,0,4638729
ybeDp,0.1,9,9,GTACCAGAACGGAGTGGACT,0,4678788
ybeDp,0.1,9,9,GTACATGGAAAGCGTTGCAA,0,4617806
ybeDp,0.1,9,9,GTAATAACACAGTCGCGGCC,0,4656068
ybeDp,0.1,9,9,GTAAGGGTCAAAGTATATCT,0,4671617
ybeDp,0.1,9,9,GTAACCAGGTCTAAATTCAC,0,4646342
ybeDp,0.1,9,9,GGTTAGGCCCTCTCTCAACT,0,4636211
ybeDp,0.1,9,9,GGTGTAACACGCCCTTGTTA,0,4626240
ybeDp,0.1,9,9,GGTGGGTGATCAAAAGACGC,0,4631879
ybeDp,0.1,9,9,GGTCTGGTGGTGATACGGCT,0,4621729
ybeDp,0.1,9,9,GGTCCGGAACCGCAACCTGA,0,4675187
ybeDp,0.1,9,9,GGTCCGCTCATAATCGCGAA,0,4617725
ybeDp,0.1,9,9,GGTATACCAGTGCCGAGGTT,0,4639969
ybeDp,0.1,9,9,GGTAAACCAGCCTGGACGTA,0,4656363
ybeDp,0.1,9,9,GGGTGCTGGGAATCCTCGAG,0,4620728
ybeDp,0.1,9,9,GGGTGCCATATACTAAAGCT,0,4617496
ybeDp,0.1,9,9,GGGTGAACAATTATCAAAAT,0,4611260
ybeDp,0.1,9,9,GGGTATTGCCCGCTCGATTC,0,4622237
ybeDp,0.1,9,9,GGGGGTCAGTGCGGAACACT,0,4622077
ybeDp,0.1,9,9,GGGGGGGGCCTTATATCCAA,0,4612778
ybeDp,0.1,9,9,GGGGGGCCGACTTTTAATTA,0,4613625
ybeDp,0.1,9,9,GGGGCATCCAGGATGTAGGT,0,4649486
ybeDp,0.1,9,9,GGGGACCGGAATGGCTCATG,0,4633498
ybeDp,0.1,9,9,GGGGAACTTACAGAGTGCCA,0,4621052
ybeDp,0.1,9,9,GGGCTTATAACTTATTTACG,0,4635596
ybeDp,0.1,9,9,GGGCGAACCTCTTAAGAGGA,0,4648774
ybeDp,0.1,9,9,GGGCCTTGACAAGGACCCTG,0,4643825
ybeDp,0.1,9,9,GGGCACATAGCTATGCAGAA,0,4659389
ybeDp,0.1,9,9,GGGATCGGTCAGTGCGCGTC,0,4636430
ybeDp,0.1,9,9,GGGAATGATCAGCTTTGTTC,0,4628080
ybeDp,0.1,9,9,GGCTTGACGCACTTCACTGG,0,4633535
ybeDp,0.1,9,9,GGCTGTCCGCTCCTGTTGGA,0,4666990
ybeDp,0.1,9,9,GGCTAATGCGTAAGTACCAT,0,4612165
ybeDp,0.1,9,9,GGCTAAGGATTCGTGTCATA,0,4669545
ybeDp,0.1,9,9,GGCGGGGCGTACCGGTTCCA,0,4604890
ybeDp,0.1,9,9,GGCGATCGCAATTTGTTACA,0,4626214
ybeDp,0.1,9,9,GGCCGGTAAGACCCCCTGGA,0,4672142
ybeDp,0.1,9,9,GGCCAGTTTCAAAAGGGGGT,0,4668146
ybeDp,0.1,9,9,GGCATCCGGGACGCCGCTCG,0,4642041
ybeDp,0.1,9,9,GGCATCCCCAGGGTGAGCTC,0,4621609
ybeDp,0.1,9,9,GGCAGGTATATATTGGCAAT,0,4618005
ybeDp,0.1,9,9,GGATTACGTAATCTATTATC,0,4629208
ybeDp,0.1,9,9,GGATGCAGCATGCGACACTG,0,4629614
ybeDp,0.1,9,9,GGAGTAACTAGATGCAGGGA,0,4665889
ybeDp,0.1,9,9,GGAGATGTCATATGCGGCGA,0,4644781
ybeDp,0.1,9,9,GGACGCGCGTCCTTAGAGGC,0,4661381
ybeDp,0.1,9,9,GGACCGACGAGATGCTTCAG,0,4601987
ybeDp,0.1,9,9,GGAAGATGTAATGGAAGCAT,0,4660692
ybeDp,0.1,9,9,GGAAATACACCTACGGTATG,0,4670422
ybeDp,0.1,9,9,GCTTTATCTGCAAACCACCA,0,4667654
ybeDp,0.1,9,9,GCTTGGGTGCGTACGAGGGG,0,4656476
ybeDp,0.1,9,9,GCTTCCGGGCACATTCTCGC,0,4645052
ybeDp,0.1,9,9,GCTGTGGTAAAAGTATATAA,0,4630789
ybeDp,0.1,9,9,GCTGTAATAGATTGTCGAAG,0,4608602
ybeDp,0.1,9,9,GCTGGATCTGGTTTAGAAAC,0,4681824
ybeDp,0.1,9,9,GCTGCGGACTCGCGTCTAGC,0,4684467
ybeDp,0.1,9,9,GCTGCGCCTGTCTTGAAATG,0,4608212
ybeDp,0.1,9,9,GCGTTGGCCATGCCTACTTC,0,4616311
ybeDp,0.1,9,9,GCGTGCTGTTGTTTAGGAAT,0,4620535
ybeDp,0.1,9,9,GCGTCATTTCAGGACATTGC,0,4619012
ybeDp,0.1,9,9,GCGTATAGTCATACTCGGGT,0,4627371
ybeDp,0.1,9,9,GCGTAATTGGCTGCGTTATA,0,4649592
ybeDp,0.1,9,9,GCGGTCCGAGTATTCAGTAT,0,4626555
ybeDp,0.1,9,9,GCGCGGGGAAAACAAGAGCT,0,4650138
ybeDp,0.1,9,9,GCGAGGGTCACCGTAACGGT,0,4613740
ybeDp,0.1,9,9,GCGAGAGCATAGCTACACAC,0,4632773
ybeDp,0.1,9,9,GCCTTACTACCTTCGAAGGA,0,4619781
ybeDp,0.1,9,9,GCCGTTCAGCCGATAACCCT,0,4667211
ybeDp,0.1,9,9,GCCGGGTGCGGCGCCTAGTT,0,4638903
ybeDp,0.1,9,9,GCCGGAGCAATTACCGCAGG,0,4674402
ybeDp,0.1,9,9,GCCCCAGTCTTTACAGGCTC,0,4613305
ybeDp,0.1,9,9,GCCAATAGGTCGATAGAATG,0,4603870
ybeDp,0.1,9,9,GCCAATAGGGTCCGGTCAAT,0,4665181
ybeDp,0.1,9,9,GCCAAACGCATGGCACGCAG,0,4626132
ybeDp,0.1,9,9,GCATTGTTGGTTCGCGCACC,0,4629146
ybeDp,0.1,9,9,GCATAGTACACCCACCAAAG,0,4672844
ybeDp,0.1,9,9,GCATAGAATTGGGGAGTCCT,0,4620599
ybeDp,0.1,9,9,GCATAATCCTCCCCCCTCAA,0,4650834
ybeDp,0.1,9,9,GCAGCTCAATGATAATCTAA,0,4643541
ybeDp,0.1,9,9,GCACGTTCTCTCGAATGGTA,0,4610695
ybeDp,0.1,9,9,GCACGTCGGCAGGAATCGTG,0,4614840
ybeDp,0.1,9,9,GCAATTTTGTACTACGCTCC,0,4641879
ybeDp,0.1,9,9,GCAAGTTATCGTGTCGCTGA,0,4664402
ybeDp,0.1,9,9,GCAACGCCAACAGAGAATCG,0,4659465
ybeDp,0.1,9,9,GCAACCATTGGTTACACCCC,0,4667528
ybeDp,0.1,9,9,GATTGTCGGTTTACACCATA,0,4628169
ybeDp,0.1,9,9,GATTCTCATGGGACCCGGGA,0,4618069
ybeDp,0.1,9,9,GATTAGTAGTAAGTGATCTG,0,4621012
ybeDp,0.1,9,9,GATGGTGGCAATTCCAAGGT,0,4630631
ybeDp,0.1,9,9,GATGCCGCCCACACGGTTCA,0,4615710
ybeDp,0.1,9,9,GATCTGGATATGTCACCAAC,0,4652936
ybeDp,0.1,9,9,GATCCAAGTTTTCCATGAGG,0,4667746
ybeDp,0.1,9,9,GATCACCTATCGGCTGGCTA,0,4653785
ybeDp,0.1,9,9,GATAGAATCCCACGGCGGGT,0,4612912
ybeDp,0.1,9,9,GAGTTCATGGAAAGCATTTG,0,4648389
ybeDp,0.1,9,9,GAGTGCTGAAGTGCTAGCCT,0,4601429
ybeDp,0.1,9,9,GAGGTCCATATTCTATCTAC,0,4631945
ybeDp,0.1,9,9,GAGGTCAGGCCTCGTAAGGC,0,4607580
ybeDp,0.1,9,9,GAGGTACGATTGCTGTCCGT,0,4644445
ybeDp,0.1,9,9,GAGGGCATCCAAGTGACTGT,0,4635081
ybeDp,0.1,9,9,GAGGGAGAGCTGGCCAAGTA,0,4617572
ybeDp,0.1,9,9,GAGGCGAAGTGTAATTTGTC,0,4656599
ybeDp,0.1,9,9,GAGGCCCTTCACCGCGAATT,0,4616021
ybeDp,0.1,9,9,GAGGATCTGTGTACGTCAGG,0,4629100
ybeDp,0.1,9,9,GAGCTTGGGTTAGGACTCTG,0,4687227
ybeDp,0.1,9,9,GAGCTCCTGCAGCTAGCAAA,0,4669668
ybeDp,0.1,9,9,GAGCACGGGTAAAATGGGAT,0,4650784
ybeDp,0.1,9,9,GACTCTCAAACGTGTCAAAT,0,4607498
ybeDp,0.1,9,9,GACTCTAAGTCCAAAAGTCT,0,4640832
ybeDp,0.1,9,9,GACTATTATCGATATTGTAG,0,4645728
ybeDp,0.1,9,9,GACTACGTGAATTAATTAAT,0,4602386
ybeDp,0.1,9,9,GACTACAATCGCAATTGAGT,0,4682796
ybeDp,0.1,9,9,GACGTAGCTGGCCCGGCGAA,0,4611879
ybeDp,0.1,9,9,GACGTAAGCTGACTAATTTC,0,4613087
ybeDp,0.1,9,9,GACGGCAGGGCGTGTAGCTA,0,4670189
ybeDp,0.1,9,9,GACGCTAACGGCAACTGACT,0,4666717
ybeDp,0.1,9,9,GACGCAGACCGTGCGTTATA,0,4684293
ybeDp,0.1,9,9,GACCAGGGCTAAGGGATTTC,0,4605187
ybeDp,0.1,9,9,GAATGGGCGGAGATGACGCT,0,4632170
ybeDp,0.1,9,9,GAATAAGTGCAACGCAATCC,0,4679235
ybeDp,0.1,9,9,GAAGTAGGGTGGTAGCAGCG,0,4627968
ybeDp,0.1,9,9,GAAGAGGTGAATCGTTCCAC,0,4647187
ybeDp,0.1,9,9,GAAGAAGGACATAGGGGACC,0,4642832
ybeDp,0.1,9,9,GAAGAAGATAGGCAGTGCGG,0,4678452
ybeDp,0.1,9,9,GAACTGCCTAGAAGGTAAGG,0,4605619
ybeDp,0.1,9,9,GAACGGCGTTCACAATTCGC,0,4608739
ybeDp,0.1,9,9,GAACAGGTCCTTGACGACAT,0,4643969
ybeDp,0.1,9,9,GAACAATATCTCTGATAGGC,0,4609514
ybeDp,0.1,9,9,GAACAAACTGTCGGGGGTCA,0,4678596
ybeDp,0.1,9,9,GAAATCGCCCTGAGGGCGCA,0,4659567
ybeDp,0.1,9,9,GAAAGCCATGTCATTGGGGT,0,4637465
ybeDp,0.1,9,9,GAAAGAGCTGTGTTGGTAGA,0,4630131
ybeDp,0.1,9,9,CTTTTCCGTTAGCGCCTCCG,0,4661717
ybeDp,0.1,9,9,CTTTTCAGAACCCTTATCCT,0,4679202
ybeDp,0.1,9,9,CTTTTAACGGCACCTTTGAT,0,4652122
ybeDp,0.1,9,9,CTTTCCGCGGGTGTCTTAAG,0,4629062
ybeDp,0.1,9,9,CTTGGGCGGGAGAGGAGACT,0,4635557
ybeDp,0.1,9,9,CTTGCGGCATATCGACACCC,0,4633581
ybeDp,0.1,9,9,CTTCCTCCATTCTCCGCATG,0,4627283
ybeDp,0.1,9,9,CTTAAGGTGACGCTCGGATG,0,4625554
ybeDp,0.1,9,9,CTGTTGAAAGTCCGATTGAA,0,4658202
ybeDp,0.1,9,9,CTGTGTATTTCCCCAAGGTA,0,4670705
ybeDp,0.1,9,9,CTGTGAAATGGGGCCTTCTG,0,4676423
ybeDp,0.1,9,9,CTGTCGCTGCTTTATATGCA,0,4616498
ybeDp,0.1,9,9,CTGTATCTAAAGGCGGATTA,0,4677255
ybeDp,0.1,9,9,CTGTAGGCATCTGTGACACG,0,4671253
ybeDp,0.1,9,9,CTGGTGAAGGTTAGCTCCGT,0,4636441
ybeDp,0.1,9,9,CTGCTGTATAATAAGGTAGA,0,4678363
ybeDp,0.1,9,9,CTGCTAATCGTGAACCGGAT,0,4653528
ybeDp,0.1,9,9,CTGCAGCCTTTGCCCAGAAC,0,4657415
ybeDp,0.1,9,9,CTGCAGAGTGAGTGAAGTGC,0,4657872
ybeDp,0.1,9,9,CTGCACATAGTGGAGCTAAC,0,4682591
ybeDp,0.1,9,9,CTGAGATGTAAACGGGTGTG,0,4684839
ybeDp,0.1,9,9,CTGAACCAATCGAAGTTGCA,0,4656015
ybeDp,0.1,9,9,CTCTTTTGGGTCCTAAGAGC,0,4625018
ybeDp,0.1,9,9,CTCTCCTTGGTCTCTCTACT,0,4649619
ybeDp,0.1,9,9,CTCTAACTCAGTGATACTAG,0,4652731
ybeDp,0.1,9,9,CTCGTGGGGGTAAACTGGCG,0,4660682
ybeDp,0.1,9,9,CTCCAGGGCGTAACCGTCCA,0,4610772
ybeDp,0.1,9,9,CTCATACAAAAGACAATTCT,0,4643193
ybeDp,0.1,9,9,CTCAGGGTTGGCCCGGTGCT,0,4636728
ybeDp,0.1,9,9,CTCACACTTGCCTGTGCTAG,0,4659872
ybeDp,0.1,9,9,CTAGCAAGTTTATATGAAGC,0,4663332
ybeDp,0.1,9,9,CTAGAGGTTCGCTTACACAA,0,4600839
ybeDp,0.1,9,9,CTAGAGAACGAACACGGCCT,0,4654059
ybeDp,0.1,9,9,CTACCTGCCCTTCGCTCGTC,0,4660328
ybeDp,0.1,9,9,CTAAGCGATCAAATGAAGTT,0,4632053
ybeDp,0.1,9,9,CTAAGCATGTCATTCGAAAA,0,4660427
ybeDp,0.1,9,9,CTAAAAGCGGATGCTAGAGA,0,4601127
ybeDp,0.1,9,9,CGTTGCCCAAACAGTTAGCA,0,4632523
ybeDp,0.1,9,9,CGTTGATGTAGCCATCACTA,0,4601424
ybeDp,0.1,9,9,CGTGGTAATCGTCCTGCGTA,0,4685740
ybeDp,0.1,9,9,CGTGGGTAACGGTCAGGGCA,0,4620069
ybeDp,0.1,9,9,CGTGCGCGTAAATCGTTCGC,0,4666984
ybeDp,0.1,9,9,CGTGCATGTAAAGTCAGTGA,0,4644368
ybeDp,0.1,9,9,CGTGATCTATTATGGATTTT,0,4623563
ybeDp,0.1,9,9,CGTGATAGTTCCGTGACTTA,0,4608539
ybeDp,0.1,9,9,CGTCTAAGGATTACTGAGGT,0,4622100
ybeDp,0.1,9,9,CGTCAAGTGTTTTAACAGAT,0,4679877
ybeDp,0.1,9,9,CGTAATTTGCGGTCTGCCAG,0,4610141
ybeDp,0.1,9,9,CGGTGTAGGTGGCTTCAGGT,0,4614500
ybeDp,0.1,9,9,CGGTGGCGTAATTGTAGGGA,0,4672652
ybeDp,0.1,9,9,CGGTAGGTCGGATGTTTATC,0,4629564
ybeDp,0.1,9,9,CGGGCTGGGGTCGCGAGAGT,0,4681699
ybeDp,0.1,9,9,CGGGAACTCGGCCTCAAATT,0,4626212
ybeDp,0.1,9,9,CGGCTACATCGCTTAAAACG,0,4604548
ybeDp,0.1,9,9,CGGAGTACTTTGCCGGCGAG,0,4673886
ybeDp,0.1,9,9,CGGAGACGCGGGGAGCGAAT,0,4658801
ybeDp,0.1,9,9,CGGACGACGTAGCAGCACAG,0,4635547
ybeDp,0.1,9,9,CGCTTTCTAGTGGAGTTCCC,0,4604973
ybeDp,0.1,9,9,CGCGTGTCGCCTAGACATAG,0,4659590
ybeDp,0.1,9,9,CGCCGATTCAGGCCCTGCCT,0,4611750
ybeDp,0.1,9,9,CGCCAGATGGACATCTCAAG,0,4642360
ybeDp,0.1,9,9,CGCACCCATGCTTACAAATT,0,4672580
ybeDp,0.1,9,9,CGATTGTTAATTCAGAATCA,0,4654883
ybeDp,0.1,9,9,CGATGCTGATTTAAATTAGT,0,4650482
ybeDp,0.1,9,9,CGATGAAGCGCAAGACAGGG,0,4621867
ybeDp,0.1,9,9,CGATACCACAGCCGATCAGA,0,4662558
ybeDp,0.1,9,9,CGAGTTCGTATCCCTCGTGC,0,4607499
ybeDp,0.1,9,9,CGAGTTCCTATAATGAAGCA,0,4676871
ybeDp,0.1,9,9,CGACTGCTTGGCCAACGGTT,0,4623800
ybeDp,0.1,9,9,CGACCCCATCCCGCAGGTCA,0,4645749
ybeDp,0.1,9,9,CGAATCCCCTGCTTAAGCGA,0,4605509
ybeDp,0.1,9,9,CGAAGTGTGTGCGTTATTTT,0,4631118
ybeDp,0.1,9,9,CGAAGTGGTACGATCAACGA,0,4619831
ybeDp,0.1,9,9,CCTTTCGTGAGGGATAAATC,0,4622991
ybeDp,0.1,9,9,CCTGTTGTCAATCAAAGCCC,0,4601212
ybeDp,0.1,9,9,CCTGTTCTTCAGAAGCGGGT,0,4629608
ybeDp,0.1,9,9,CCTGTACCATTATATGTAGC,0,4651769
ybeDp,0.1,9,9,CCTGGCACCTCTAAATGGCT,0,4653919
ybeDp,0.1,9,9,CCTGCCTTCACGCACGGTTA,0,4675557
ybeDp,0.1,9,9,CCTGATGTAGGCACAGAACC,0,4679517
ybeDp,0.1,9,9,CCTCGGAATTCTCCCAAGTA,0,4616342
ybeDp,0.1,9,9,CCTCATGACCAGGCGACCAT,0,4611176
ybeDp,0.1,9,9,CCTATGAGTCAAGGGGTTCT,0,4625474
ybeDp,0.1,9,9,CCTACTATCGCCTAATAATC,0,4679770
ybeDp,0.1,9,9,CCTACGCCAGTTGACCTCCA,0,4671796
ybeDp,0.1,9,9,CCGTGGTGATGTGGAACTCT,0,4658914
ybeDp,0.1,9,9,CCGTACTGGACCAGCCTCTC,0,4628470
ybeDp,0.1,9,9,CCGGGCACATACTACATGGG,0,4604759
ybeDp,0.1,9,9,CCGCCGTGCCCTCGGTCTGT,0,4606368
ybeDp,0.1,9,9,CCGCCGCGTCCAAATCTAGT,0,4656801
ybeDp,0.1,9,9,CCGCATCGAGAAATGGAGGT,0,4667158
ybeDp,0.1,9,9,CCGAGTGAAAAAACTAGCTA,0,4603069
ybeDp,0.1,9,9,CCGAGCCTAGTAGGACCGCG,0,4648905
ybeDp,0.1,9,9,CCGACAGCTAGGATGGGCCA,0,4613236
ybeDp,0.1,9,9,CCGAATTTAGGTACGATAGT,0,4612234
ybeDp,0.1,9,9,CCCTTTATGAGTTAAGATTA,0,4618045
ybeDp,0.1,9,9,CCCTCACTGGCCCCCTCGTG,0,4668593
ybeDp,0.1,9,9,CCCGGGGGGAACCGTAAGAG,0,4605100
ybeDp,0.1,9,9,CCCGCTGTGACCACGACCAC,0,4634681
ybeDp,0.1,9,9,CCCGACGGCAATATCGTTCA,0,4677007
ybeDp,0.1,9,9,CCCGACGAATTTACGTATGA,0,4647601
ybeDp,0.1,9,9,CCCCGGAGGAGCCCGCGCCC,0,4655215
ybeDp,0.1,9,9,CCCATCAACAAGCATAATCG,0,4608969
ybeDp,0.1,9,9,CCATTTGTGATCAGAGATAC,0,4623573
ybeDp,0.1,9,9,CCATTTGGCCCGTGGAGGTG,0,4606188
ybeDp,0.1,9,9,CCATCGCGTCTGATGGGACG,0,4674008
ybeDp,0.1,9,9,CCAGGGTAACGTAGACATCG,0,4630817
ybeDp,0.1,9,9,CCAGCATCAATAGATTTTGA,0,4639692
ybeDp,0.1,9,9,CCACTGCTATGACGAGACAC,0,4632201
ybeDp,0.1,9,9,CCACGTCATTTTAATTCTAA,0,4656080
ybeDp,0.1,9,9,CCACGCGTGGTCCCCTGCAG,0,4635352
ybeDp,0.1,9,9,CCACGAATTGACGGAAGACG,0,4658983
ybeDp,0.1,9,9,CCACCACAGCAGCACGGCAT,0,4608050
ybeDp,0.1,9,9,CCAAGGCTAAGGCCGTTCAA,0,4636468
ybeDp,0.1,9,9,CCAAGGCGGGATTGATTATT,0,4666879
ybeDp,0.1,9,9,CCAACCTCCAAAGCTCCCAT,0,4622126
ybeDp,0.1,9,9,CATTTCCGCCGATTCTTGTT,0,4658065
ybeDp,0.1,9,9,CATTGTCTGATATGGTAGAG,0,4642203
ybeDp,0.1,9,9,CATTGTATAAGGCCAACCTG,0,4669750
ybeDp,0.1,9,9,CATTGATAACGTTCTTTCGC,0,4604301
ybeDp,0.1,9,9,CATGGAGAGTCCTGCCAGAT,0,4642695
ybeDp,0.1,9,9,CATGCTGGACCGCTACGGGA,0,4607490
ybeDp,0.1,9,9,CATGCTCACTGATCTTCTTT,0,4672599
ybeDp,0.1,9,9,CATGCTAGGCGGGATAGGAC,0,4636376
ybeDp,0.1,9,9,CATGAACTGATGCTTACTCT,0,4611735
ybeDp,0.1,9,9,CATCCGTGTATCATTCAGCC,0,4608874
ybeDp,0.1,9,9,CATATCACTCATAGTTCGGG,0,4627468
ybeDp,0.1,9,9,CATATACGTATCAGTTTAGT,0,4631907
ybeDp,0.1,9,9,CATATACATAAGGCTCTTGA,0,4673808
ybeDp,0.1,9,9,CATACGCTGGCGAGATACAA,0,4627509
ybeDp,0.1,9,9,CAGTCTCTTGCGTGCAGCTC,0,4652402
ybeDp,0.1,9,9,CAGTAGTCCAGTATTGTTGG,0,4676846
ybeDp,0.1,9,9,CAGGTGACTGACACCATAAG,0,4601835
ybeDp,0.1,9,9,CAGGCGGAACCTGAGCAGCA,0,4625731
ybeDp,0.1,9,9,CAGGCAATACTTACGGCGAT,0,4642056
ybeDp,0.1,9,9,CAGCTCGTATCGTTAAAAAT,0,4654513
ybeDp,0.1,9,9,CAGCAGCCAGTCTAGAATTC,0,4663267
ybeDp,0.1,9,9,CAGCAAGAGGACTTGAGCCA,0,4624316
ybeDp,0.1,9,9,CAGAGTCAGCGTCTCTCATC,0,4633133
ybeDp,0.1,9,9,CAGAGCAAGCCATCGCGCGT,0,4625735
ybeDp,0.1,9,9,CAGACTTATCGTCCGCCGAA,0,4684937
ybeDp,0.1,9,9,CACTATAGCCTGCTCTGGTT,0,4650202
ybeDp,0.1,9,9,CACGTTTACCATTATCTGAG,0,4626273
ybeDp,0.1,9,9,CACGGCGGAATATCATAGTC,0,4669281
ybeDp,0.1,9,9,CACGGAGCAAGATCACTCTT,0,4610613
ybeDp,0.1,9,9,CACGCCTACCTACGCCTGCG,0,4662109
ybeDp,0.1,9,9,CACGCAAGGATGGGTGTAGA,0,4680615
ybeDp,0.1,9,9,CACCGCGGGGATCTCCAGGC,0,4677274
ybeDp,0.1,9,9,CACCCCGCAATCTCCCCATG,0,4626026
ybeDp,0.1,9,9,CACAGGCGAGTCTTGATCTA,0,4615604
ybeDp,0.1,9,9,CAATTCCTGCGGATTTTTCA,0,4680379
ybeDp,0.1,9,9,CAATCCAAGCCCGTTTTTGT,0,4654017
ybeDp,0.1,9,9,CAATAAGGCCTGCCGACCCA,0,4603584
ybeDp,0.1,9,9,CAACTGTAGACTAATATCAA,0,4664946
ybeDp,0.1,9,9,CAACGCGGAATAGTTAACAT,0,4631833
ybeDp,0.1,9,9,CAACGACACTCCTTTTCGGT,0,4656960
ybeDp,0.1,9,9,CAAAGCAGCACACAGCTTTA,0,4682218
ybeDp,0.1,9,9,CAAAGACAACGGAGTGTTCT,0,4650137
ybeDp,0.1,9,9,CAAAACCGCAAGTCCCCTGC,0,4618308
ybeDp,0.1,9,9,ATTTTTTCTTGGTTCATACA,0,4685165
ybeDp,0.1,9,9,ATTTCGTACCCCTGATTCTA,0,4604555
ybeDp,0.1,9,9,ATTGTCCTAAGGCCTGTATG,0,4679470
ybeDp,0.1,9,9,ATTGGCATAGCGTAGTTTGG,0,4660095
ybeDp,0.1,9,9,ATTGGACGGTCAGATCTATA,0,4654257
ybeDp,0.1,9,9,ATTGCCGCCCCAAAAGGACT,0,4608794
ybeDp,0.1,9,9,ATTCTTTGGTAATGCGAGCA,0,4660996
ybeDp,0.1,9,9,ATTCTGTGGGCGCGACTCGG,0,4615010
ybeDp,0.1,9,9,ATTCTCTCGTTACAAGCTTC,0,4621730
ybeDp,0.1,9,9,ATTCGGGTTCCTGTAAGGCC,0,4630023
ybeDp,0.1,9,9,ATTCCGCTTACGACTGTGCA,0,4662737
ybeDp,0.1,9,9,ATTCATGATCGGCCGGGTCT,0,4648545
ybeDp,0.1,9,9,ATTAGCTAGTCGAACACGAT,0,4634617
ybeDp,0.1,9,9,ATTAGCGGTGATTAAGCGTA,0,4653186
ybeDp,0.1,9,9,ATGTTCCGTGATCCATCTCG,0,4632522
ybeDp,0.1,9,9,ATGTTAACTGCGAACGTTTC,0,4637058
ybeDp,0.1,9,9,ATGTCCACGTGGTGCCGCAT,0,4634066
ybeDp,0.1,9,9,ATGTAGCAGAGAGAACCCCC,0,4672943
ybeDp,0.1,9,9,ATGGGGATATTCACCTCTGT,0,4667919
ybeDp,0.1,9,9,ATGGAATTTGCAAATGGGTA,0,4648871
ybeDp,0.1,9,9,ATGCTTCGGTTATGAACAAC,0,4621285
ybeDp,0.1,9,9,ATGCGTATAAGAGATTAAAA,0,4665071
ybeDp,0.1,9,9,ATGATCCTAAGAATGATGCC,0,4654564
ybeDp,0.1,9,9,ATGATAGTACTCAAAGCGGC,0,4656443
ybeDp,0.1,9,9,ATGAGTATATCTTGACCTGT,0,4668219
ybeDp,0.1,9,9,ATGACCTCCGCAGTCAGGAG,0,4643036
ybeDp,0.1,9,9,ATCTGGAGAGTTCCCTATCC,0,4653425
ybeDp,0.1,9,9,ATCTGAAATACATGCTCATT,0,4624945
ybeDp,0.1,9,9,ATCGTAGTTGGCGGATACCG,0,4643848
ybeDp,0.1,9,9,ATCCTTTTACGGAAGAAGTC,0,4683064
ybeDp,0.1,9,9,ATCCTGGTGGCACCCGGAAG,0,4603603
ybeDp,0.1,9,9,ATCCCTTCGTGACCGGTACG,0,4643591
ybeDp,0.1,9,9,ATCCAGCGGGGCTAGGCTAT,0,4634647
ybeDp,0.1,9,9,ATCCAGACAGACTACAACAG,0,4682350
ybeDp,0.1,9,9,ATCAGGCCTGTAACACGCTT,0,4636111
ybeDp,0.1,9,9,ATCAGCAAACCCCGTTCGTT,0,4684983
ybeDp,0.1,9,9,ATACCCCGACATCACATCAG,0,4638981
ybeDp,0.1,9,9,ATACCAAACAGCAGCACAGA,0,4650227
ybeDp,0.1,9,9,ATAACGCCGTCAAGTTAAAA,0,4656541
ybeDp,0.1,9,9,AGTTTGGGTGAGACCCTTCA,0,4605370
ybeDp,0.1,9,9,AGTTAAGTTCTGGATTATTT,0,4621041
ybeDp,0.1,9,9,AGTGTTTGTTAATACTCGAC,0,4657510
ybeDp,0.1,9,9,AGTGAAAATACTCCAGGCTC,0,4611583
ybeDp,0.1,9,9,AGTCGCGGCTACCCTTCACT,0,4645541
ybeDp,0.1,9,9,AGTCCTTCGTTTTGAAAGTG,0,4624874
ybeDp,0.1,9,9,AGTACTTGCTTGGTGCACAG,0,4664861
ybeDp,0.1,9,9,AGTACCGCCCTGCCTTCATC,0,4615647
ybeDp,0.1,9,9,AGGTATTATTGCAGCGATCT,0,4605934
ybeDp,0.1,9,9,AGGTACATGCGAACATTACG,0,4616290
ybeDp,0.1,9,9,AGGGGGGAGCAGGGTAGATG,0,4673013
ybeDp,0.1,9,9,AGGGGCGGGTGTGTGTTTAC,0,4633443
ybeDp,0.1,9,9,AGGGCGGAGAGCTTCCGCGG,0,4661476
ybeDp,0.1,9,9,AGGGCGCAGCTGCACGGAGA,0,4651493
ybeDp,0.1,9,9,AGGGACAGGCGGGTTAAAAG,0,4621164
ybeDp,0.1,9,9,AGGCTTCCATACAACACTGG,0,4653626
ybeDp,0.1,9,9,AGGCTAGTGTCATGGAGGGT,0,4605738
ybeDp,0.1,9,9,AGGAGCTGGGACCCGTCGGG,0,4650192
ybeDp,0.1,9,9,AGGACGACGATCAGGACCCT,0,4629545
ybeDp,0.1,9,9,AGGAAGTGATATAAGATCTG,0,4630978
ybeDp,0.1,9,9,AGCTTGGTGGCCGCGTAAAT,0,4673775
ybeDp,0.1,9,9,AGCGTTAGGCCCCGGGCAGG,0,4620374
ybeDp,0.1,9,9,AGCGTGTAGCCGGTATAACC,0,4659912
ybeDp,0.1,9,9,AGCGATTGGATTGCGTCGGG,0,4628917
ybeDp,0.1,9,9,AGCCTGGGTACACAACGTCG,0,4608267
ybeDp,0.1,9,9,AGCCTAGTGCCCGGAATAAT,0,4670578
ybeDp,0.1,9,9,AGCCACATAAAACTTCTGTT,0,4637678
ybeDp,0.1,9,9,AGCATGTTCTATAATTCCAG,0,4670351
ybeDp,0.1,9,9,AGCAGTAGTCCTCCGTCCAC,0,4673232
ybeDp,0.1,9,9,AGCAGCTACCTTCAGGGCGA,0,4638605
ybeDp,0.1,9,9,AGCAATGATTTACATCGTGT,0,4615753
ybeDp,0.1,9,9,AGCAAGGCCACAAACCCGCT,0,4633344
ybeDp,0.1,9,9,AGCAAAAGACAAGTTGCATT,0,4625935
ybeDp,0.1,9,9,AGATGCGGAGAGCGATCGCG,0,4636875
ybeDp,0.1,9,9,AGAGTGAAAACCTCGGAATG,0,4629720
ybeDp,0.1,9,9,AGAGGTAGCAAAACAGGTAA,0,4610502
ybeDp,0.1,9,9,AGACTCGCCGTGCTGACTAT,0,4617846
ybeDp,0.1,9,9,AGACCAAGAGTGTGGCTACA,0,4645510
ybeDp,0.1,9,9,AGAAGGCCAAATAGAGGTGG,0,4623310
ybeDp,0.1,9,9,ACTTGCTTGCGGTAAAGGAC,0,4676224
ybeDp,0.1,9,9,ACTTAACAAACTGATTGACA,0,4656210
ybeDp,0.1,9,9,ACTGTCAATCGTTCATGCTG,0,4604174
ybeDp,0.1,9,9,ACTGTACGGCGCGCGTACAC,0,4680375
ybeDp,0.1,9,9,ACTGAGATTAAAAGAGCGCG,0,4656688
ybeDp,0.1,9,9,ACTCCTACGGCACCGAGGGA,0,4644009
ybeDp,0.1,9,9,ACTAAGCGCTGAGACTTGGG,0,4624999
ybeDp,0.1,9,9,ACTAAGACCCCCGTTGTCAG,0,4609740
ybeDp,0.1,9,9,ACGTGTCAGCGAAACCGAGG,0,4603279
ybeDp,0.1,9,9,ACGGGCCGCATTTGTGCTGC,0,4646473
ybeDp,0.1,9,9,ACGGATGTACCGGTCCAGAA,0,4630260
ybeDp,0.1,9,9,ACGCTATTCAGTTATTCATG,0,4658917
ybeDp,0.1,9,9,ACGCGACTAGAACGCCGTAT,0,4604906
ybeDp,0.1,9,9,ACGCCGTCTTCTATACGCGT,0,4630505
ybeDp,0.1,9,9,ACGCCAGGGGTCCCTGCCTG,0,4642355
ybeDp,0.1,9,9,ACGATTTTGCCAATCGTGCT,0,4624835
ybeDp,0.1,9,9,ACGAGCCACAGTAGAATACT,0,4632997
ybeDp,0.1,9,9,ACCTGGCAACGGGTCGTGAT,0,4659314
ybeDp,0.1,9,9,ACCTCAGTAATCTGCTCATG,0,4630766
ybeDp,0.1,9,9,ACCGTTTTGGGGTGTCATTC,0,4637516
ybeDp,0.1,9,9,ACCCCACCCAGAAGCGGTGT,0,4626762
ybeDp,0.1,9,9,ACCATTCAGGTTCTATTGTA,0,4609934
ybeDp,0.1,9,9,ACCATCAGAAGGAGACTGTA,0,4678406
ybeDp,0.1,9,9,ACATCAAGGGTTTACCAATA,0,4613045
ybeDp,0.1,9,9,ACATAACATTGATCCAGTAT,0,4615090
ybeDp,0.1,9,9,ACAGCTCTGTGGGACTACCC,0,4675336
ybeDp,0.1,9,9,ACACTCTAGCGATGTATATT,0,4639018
ybeDp,0.1,9,9,ACAAGCTAGGGACCAACGTA,0,4660916
ybeDp,0.1,9,9,ACAACGAGCAAAGGTTTTAT,0,4630962
ybeDp,0.1,9,9,ACAACCCTTTGTGAACGAAG,0,4608381
ybeDp,0.1,9,9,ACAAAAACATACCCGTCACG,0,4667625
ybeDp,0.1,9,9,AATTTTAAGACGATTTCTGT,0,4686660
ybeDp,0.1,9,9,AATTTCGGGCACCTCGGGAC,0,4644138
ybeDp,0.1,9,9,AATTGGCCTACATTTCTTGA,0,4625100
ybeDp,0.1,9,9,AATTCTTGATATCATTAGAA,0,4640948
ybeDp,0.1,9,9,AATTCGAACAGCGCTGATAT,0,4620958
ybeDp,0.1,9,9,AATTCAGGGATCCATGTCTT,0,4677029
ybeDp,0.1,9,9,AATTACCAGATCTGACCGGT,0,4627507
ybeDp,0.1,9,9,AATGTTGTACCGCTGATGCT,0,4645600
ybeDp,0.1,9,9,AATGTGCTAATCTGAAATAG,0,4629746
ybeDp,0.1,9,9,AATGCGGGATTTCCGAACCA,0,4611674
ybeDp,0.1,9,9,AATGCCGAATGGCAGGTAAG,0,4669162
ybeDp,0.1,9,9,AATCGGCCCTAGACGGTTTG,0,4648384
ybeDp,0.1,9,9,AATCGATCCGTTCCATGATT,0,4605811
ybeDp,0.1,9,9,AATCCCTGGCTCCCGTTCAA,0,4652061
ybeDp,0.1,9,9,AATCATGGCCGCTGTTGGCA,0,4632700
ybeDp,0.1,9,9,AATAAAGTTGGACGTGAGAC,0,4610292
ybeDp,0.1,9,9,AAGTGTGCAACCGCGATCTT,0,4669266
ybeDp,0.1,9,9,AAGTAGAAGCCCTTCAGTAT,0,4638306
ybeDp,0.1,9,9,AAGGTTCGCGTCCGCAGCTA,0,4648851
ybeDp,0.1,9,9,AAGGTCGTCTACTTTTTACG,0,4615587
ybeDp,0.1,9,9,AAGGGACGTAGTATTTTGTG,0,4655263
ybeDp,0.1,9,9,AAGGAATTACCATGACCGCT,0,4613467
ybeDp,0.1,9,9,AAGGAACTTTATGTTCGACT,0,4631422
ybeDp,0.1,9,9,AAGCTAGCCTACTACCCCAT,0,4602887
ybeDp,0.1,9,9,AAGCATTCGTCAATTCACAC,0,4636844
ybeDp,0.1,9,9,AAGCATACCTAGCGGCTCGG,0,4621251
ybeDp,0.1,9,9,AAGATTCAATGCAATCATTA,0,4669835
ybeDp,0.1,9,9,AAGATCGATAGCGGCTTGTA,0,4661046
ybeDp,0.1,9,9,AAGAAGCATTTTGTTAGAGA,0,4641735
ybeDp,0.1,9,9,AACTGTTACGCCTAGGGCGC,0,4631339
ybeDp,0.1,9,9,AACTGGGATCGTTCGTCCTG,0,4605910
ybeDp,0.1,9,9,AACGGCGCTGCATCGACACT,0,4629325
ybeDp,0.1,9,9,AACCAGGAGTATGCGAGTAT,0,4671990
ybeDp,0.1,9,9,AACATAGGAGAAGACCAAAG,0,4648733
ybeDp,0.1,9,9,AACACCGCTTAGACCGTAAG,0,4606828
ybeDp,0.1,9,9,AACACAGTTCAGCCCACGAT,0,4610377
ybeDp,0.1,9,9,AAATTTCCAGGGCACTGAAT,0,4632987
ybeDp,0.1,9,9,AAAGGGTGTAAATGAAGTGT,0,4615569
ybeDp,0.1,9,9,AAAGGGCCAGGAACTATGAT,0,4624924
ybeDp,0.1,9,9,AAACGGTCAGTGCTCCAGGA,0,4687802
ybeDp,0.1,9,9,AAACCGTATAGCGCTGTATG,0,4629713
ybeDp,0.1,9,9,AAACCAGACGCAAGATTTCC,0,4640565
ybeDp,0.1,9,9,AAAATTCTGTGCGTACTTCT,0,4623937
ybeDp,0.1,9,9,AAAACAGGCCTAGCGTTTTA,0,4679069
ybeDp,0.1111111111111111,8,8,TTTTTTGTTTTCCGTATGAA,0,4602658
ybeDp,0.1111111111111111,8,8,TTTTTAGCTCTGGTTTCGGG,0,4683063
ybeDp,0.1111111111111111,8,8,TTTTCGTTTAAGCGGTCAAA,0,4630497
ybeDp,0.1111111111111111,8,8,TTTTATCCCGCCTTTAGCTA,0,4664442
ybeDp,0.1111111111111111,8,8,TTTTAGAGGCAGATCAGCTT,0,4621959
ybeDp,0.1111111111111111,8,8,TTTTAAATTATTGTGTCCGT,0,4650609
ybeDp,0.1111111111111111,8,8,TTTGTGTTAATCCATAATAT,0,4686344
ybeDp,0.1111111111111111,8,8,TTTGCTGAAGCGTCAGTCTG,0,4608072
ybeDp,0.1111111111111111,8,8,TTTGAGGGTCGCAATGTATG,0,4623625
ybeDp,0.1111111111111111,8,8,TTTCTGTGTAAAGGGAAGCT,0,4666844
ybeDp,0.1111111111111111,8,8,TTTCGGCGCTGGACTGGTCG,0,4614657
ybeDp,0.1111111111111111,8,8,TTTCAAGCTGGTCAGTCCGT,0,4620314
ybeDp,0.1111111111111111,8,8,TTTAGCAAAGAGTTGATGGG,0,4641446
ybeDp,0.1111111111111111,8,8,TTGTGACGCTAGTAGGGTTG,0,4626425
ybeDp,0.1111111111111111,8,8,TTGTCAGCCTCTAATCGGTG,0,4655328
ybeDp,0.1111111111111111,8,8,TTGGTTCTACTTGAGGGGTT,0,4608042
ybeDp,0.1111111111111111,8,8,TTGGCAGGTACCATATAAAC,0,4654554
ybeDp,0.1111111111111111,8,8,TTGCTAGGGCCCAGGGCTAC,0,4634920
ybeDp,0.1111111111111111,8,8,TTGCTAACAAGATAACGTAA,0,4646353
ybeDp,0.1111111111111111,8,8,TTGCAGTGGATTGGATCAAA,0,4663849
ybeDp,0.1111111111111111,8,8,TTGATTTTTTGGGCTTGCGA,0,4673271
ybeDp,0.1111111111111111,8,8,TTGACGAGGAGGAGAATTTA,0,4651461
ybeDp,0.1111111111111111,8,8,TTGAAGGCACCTTTCCTCTG,0,4630279
ybeDp,0.1111111111111111,8,8,TTGAAGACCGGGGAAGTAAT,0,4611721
ybeDp,0.1111111111111111,8,8,TTCTTACGATCTCTTTTGCA,0,4644202
ybeDp,0.1111111111111111,8,8,TTCTCCTTTGACCGGAGCTA,0,4607340
ybeDp,0.1111111111111111,8,8,TTCTCAGCTTGAAGCCGACA,0,4642381
ybeDp,0.1111111111111111,8,8,TTCCGGTAAGCACCACGTGG,0,4632277
ybeDp,0.1111111111111111,8,8,TTCCGACTAGCCATAACCCT,0,4631809
ybeDp,0.1111111111111111,8,8,TTCCAGGCTGAGCATACAGA,0,4641679
ybeDp,0.1111111111111111,8,8,TTCATCGTTTCCCCAATCAG,0,4615259
ybeDp,0.1111111111111111,8,8,TTCATATCGATTCAAGGAGG,0,4681302
ybeDp,0.1111111111111111,8,8,TTCAATTTATTAGGCGTTCA,0,4682735
ybeDp,0.1111111111111111,8,8,TTATGTATCCTCCTGCGTAT,0,4646416
ybeDp,0.1111111111111111,8,8,TTATATACGTTCTAATGAAT,0,4668416
ybeDp,0.1111111111111111,8,8,TTATAACATAGAAGGCGTAT,0,4632736
ybeDp,0.1111111111111111,8,8,TTAGTGGAGCAATCCTGGCT,0,4617426
ybeDp,0.1111111111111111,8,8,TTAGTCGTAAGAGGGCCAGG,0,4631286
ybeDp,0.1111111111111111,8,8,TTAGACAGCCTTTACATAGG,0,4608329
ybeDp,0.1111111111111111,8,8,TTAGAAGTGTAATCCTGCAG,0,4658873
ybeDp,0.1111111111111111,8,8,TTACTGAGTACAAGAGGCCA,0,4642307
ybeDp,0.1111111111111111,8,8,TTACCGCTCCTAGAGGTGTC,0,4648909
ybeDp,0.1111111111111111,8,8,TTAATGCGCGCTGCAGACTC,0,4639972
ybeDp,0.1111111111111111,8,8,TTAAAGTCAGTCAGAACAGT,0,4606642
ybeDp,0.1111111111111111,8,8,TGTTTAAGGTATTGGGGAGC,0,4649779
ybeDp,0.1111111111111111,8,8,TGTTGCGAAGGACCACGCGT,0,4665321
ybeDp,0.1111111111111111,8,8,TGTTCTCGGGCCTAGCACCA,0,4615009
ybeDp,0.1111111111111111,8,8,TGTTACGTAGTCTTCAATCG,0,4607944
ybeDp,0.1111111111111111,8,8,TGTGTAGATCGGTCTTGGCA,0,4676359
ybeDp,0.1111111111111111,8,8,TGTGGAAATCTTGAACCTCG,0,4641832
ybeDp,0.1111111111111111,8,8,TGTGAGTGCCCTAACGCCCG,0,4636684
ybeDp,0.1111111111111111,8,8,TGTGAACTTCTCGCGTTAAC,0,4621324
ybeDp,0.1111111111111111,8,8,TGTGAACATTCCTGTCACAC,0,4625432
ybeDp,0.1111111111111111,8,8,TGTCTAAGATTTCAGGGTGA,0,4613354
ybeDp,0.1111111111111111,8,8,TGTCGGGCTGAAGTATAAAA,0,4602423
ybeDp,0.1111111111111111,8,8,TGTCCTCGGAATTTGGTACT,0,4614369
ybeDp,0.1111111111111111,8,8,TGTCCCTCGAACTAAAAGTG,0,4614306
ybeDp,0.1111111111111111,8,8,TGTATGACAAGTAAGTTTTT,0,4684198
ybeDp,0.1111111111111111,8,8,TGTACAGGTTGCTCTCGGCG,0,4628975
ybeDp,0.1111111111111111,8,8,TGTACAGCTAAATGCGCAGG,0,4641507
ybeDp,0.1111111111111111,8,8,TGGTCCGTACTCATCATAAA,0,4646053
ybeDp,0.1111111111111111,8,8,TGGTCCCTGGTAGTATGGCA,0,4603240
ybeDp,0.1111111111111111,8,8,TGGGGTCTGGGCACCTGTCT,0,4638717
ybeDp,0.1111111111111111,8,8,TGGGGCGGGAGATGCAGAAT,0,4605215
ybeDp,0.1111111111111111,8,8,TGGGCGTTTAGCGCCTAACG,0,4602814
ybeDp,0.1111111111111111,8,8,TGGGATGTGCCGGGGCGTGA,0,4613727
ybeDp,0.1111111111111111,8,8,TGGGATAGGATCGAACGAGT,0,4658063
ybeDp,0.1111111111111111,8,8,TGGCTTCATGGCTTTGACCT,0,4606808
ybeDp,0.1111111111111111,8,8,TGGCTTATACATGATCTTTG,0,4622430
ybeDp,0.1111111111111111,8,8,TGGCGCTGTGCTATTAGGAC,0,4645425
ybeDp,0.1111111111111111,8,8,TGGCGCGAAATGGTCCAGAG,0,4601129
ybeDp,0.1111111111111111,8,8,TGGAGCACATGCACGATTAT,0,4629748
ybeDp,0.1111111111111111,8,8,TGGAGATGGTGACTACTGCG,0,4640537
ybeDp,0.1111111111111111,8,8,TGGACAGACTCATTGCAGTC,0,4681132
ybeDp,0.1111111111111111,8,8,TGCTTAGCCGCCACTCGGCT,0,4655972
ybeDp,0.1111111111111111,8,8,TGCTGGAATGGAACTTTAAG,0,4623594
ybeDp,0.1111111111111111,8,8,TGCTGCAGTGCTAGCAAATC,0,4654022
ybeDp,0.1111111111111111,8,8,TGCTGAGACACACCAGCGAC,0,4600865
ybeDp,0.1111111111111111,8,8,TGCTCTGAGTAAACGTTCTG,0,4625610
ybeDp,0.1111111111111111,8,8,TGCGGTGGGTAGGATCGGTA,0,4639182
ybeDp,0.1111111111111111,8,8,TGCGGGTGGGAACGCCAGGA,0,4654033
ybeDp,0.1111111111111111,8,8,TGCCTCCCAGAGTTTCTTAT,0,4681821
ybeDp,0.1111111111111111,8,8,TGCCGTTTGGGTTGGACACT,0,4631098
ybeDp,0.1111111111111111,8,8,TGCCGAACGGGGATTCAGCT,0,4683879
ybeDp,0.1111111111111111,8,8,TGCCCTGTGCCAATTGTCTC,0,4626562
ybeDp,0.1111111111111111,8,8,TGCATTTCTATGCAACGCGC,0,4644581
ybeDp,0.1111111111111111,8,8,TGCATGTATTGGCTCTCACA,0,4640774
ybeDp,0.1111111111111111,8,8,TGCACGTCCTTCTTCCCTAG,0,4605589
ybeDp,0.1111111111111111,8,8,TGCACGTAATCTCTGTTAGA,0,4660556
ybeDp,0.1111111111111111,8,8,TGCACATGAAGATTTTGGGT,0,4613363
ybeDp,0.1111111111111111,8,8,TGCAATGCAAAGCCACTGCG,0,4620654
ybeDp,0.1111111111111111,8,8,TGATTCAAGCATCGCACGCT,0,4653167
ybeDp,0.1111111111111111,8,8,TGATCAATCCTAGCCCGGGG,0,4651109
ybeDp,0.1111111111111111,8,8,TGATAGCGCACATATCTTTT,0,4672220
ybeDp,0.1111111111111111,8,8,TGAGGCTGTGCACAACTGTA,0,4663409
ybeDp,0.1111111111111111,8,8,TGAGGCTAATAGAGTTAATA,0,4634901
ybeDp,0.1111111111111111,8,8,TGAGCATCCGGCTCACTTTA,0,4635990
ybeDp,0.1111111111111111,8,8,TGAGAGCACCGCATGCCTTA,0,4619463
ybeDp,0.1111111111111111,8,8,TGACTATGGTACAAGTTCTA,0,4645059
ybeDp,0.1111111111111111,8,8,TGACCTGAGGACGGCCCGGG,0,4648930
ybeDp,0.1111111111111111,8,8,TGACCATTCAAATGACTGTG,0,4635700
ybeDp,0.1111111111111111,8,8,TGACCATGGTGTTCCTTTTG,0,4632117
ybeDp,0.1111111111111111,8,8,TCTTTGACTGAGAGAGAGTT,0,4612839
ybeDp,0.1111111111111111,8,8,TCTTTATGCATCCCGTAATT,0,4628722
ybeDp,0.1111111111111111,8,8,TCTGTAGAGACAAAACTTGG,0,4603501
ybeDp,0.1111111111111111,8,8,TCTGGCCGAGGTGTGGGTGT,0,4640148
ybeDp,0.1111111111111111,8,8,TCTGGCCCGGAAATGCAGAC,0,4634818
ybeDp,0.1111111111111111,8,8,TCTGGACACGCTTGCTTGTG,0,4605132
ybeDp,0.1111111111111111,8,8,TCTGCAGAGACAAGTCCCTT,0,4685476
ybeDp,0.1111111111111111,8,8,TCTGCAACGGTAAACATGCA,0,4646449
ybeDp,0.1111111111111111,8,8,TCTGAATAGCAGCTCGGCAA,0,4672849
ybeDp,0.1111111111111111,8,8,TCTCCGGTTCCGTAACCATA,0,4626111
ybeDp,0.1111111111111111,8,8,TCTACGGCGGGGAGTGGGGG,0,4601193
ybeDp,0.1111111111111111,8,8,TCTAAGTAAATAGGTCTTAA,0,4659739
ybeDp,0.1111111111111111,8,8,TCTAAGGTACTCGTAGAGGA,0,4625167
ybeDp,0.1111111111111111,8,8,TCTAAATTGGGACGAACATC,0,4669355
ybeDp,0.1111111111111111,8,8,TCGTTGAAGAGCCGACAGCA,0,4660503
ybeDp,0.1111111111111111,8,8,TCGTTACCTAGCTTTGCAAT,0,4602373
ybeDp,0.1111111111111111,8,8,TCGTAGGAGGCACATATATT,0,4613529
ybeDp,0.1111111111111111,8,8,TCGGGAGTGCACGCACTGTC,0,4620351
ybeDp,0.1111111111111111,8,8,TCGCACGGCGACAGCGTCTC,0,4655739
ybeDp,0.1111111111111111,8,8,TCGATGAGGCCATGGGCGTT,0,4636379
ybeDp,0.1111111111111111,8,8,TCCTTTCTGCTTAAAGGTCT,0,4625266
ybeDp,0.1111111111111111,8,8,TCCTAGAAGAAGCCCGCTTC,0,4621148
ybeDp,0.1111111111111111,8,8,TCCGGTCTTGCATGCGGTTC,0,4665990
ybeDp,0.1111111111111111,8,8,TCCGGCTCCGTAGGAAGCTA,0,4639401
ybeDp,0.1111111111111111,8,8,TCCGATTATGGTAATCTGGC,0,4638362
ybeDp,0.1111111111111111,8,8,TCCGATAATTGCACCCTAGT,0,4663559
ybeDp,0.1111111111111111,8,8,TCCCGGAGGGATCTCAACTC,0,4613435
ybeDp,0.1111111111111111,8,8,TCCCAGGCCTGATGGTACAT,0,4649825
ybeDp,0.1111111111111111,8,8,TCCCAAACCTGGTGGTCACG,0,4602529
ybeDp,0.1111111111111111,8,8,TCCAGGGTCAAGGCGCCTTG,0,4661110
ybeDp,0.1111111111111111,8,8,TCCAGAGTGTTCTGCATACA,0,4611479
ybeDp,0.1111111111111111,8,8,TCCACTCTTGGGTCCACTCA,0,4613310
ybeDp,0.1111111111111111,8,8,TCCAACACAGCCGAGAGCGT,0,4674376
ybeDp,0.1111111111111111,8,8,TCATTAGGATTAACCTCCGC,0,4660495
ybeDp,0.1111111111111111,8,8,TCATCCCACGAATGTATCCA,0,4676816
ybeDp,0.1111111111111111,8,8,TCATAAGTTTAAAGGACAGT,0,4609302
ybeDp,0.1111111111111111,8,8,TCAGTCATACACTCCCGAGA,0,4604255
ybeDp,0.1111111111111111,8,8,TCAGCTAAGGGCTCATGAAC,0,4620402
ybeDp,0.1111111111111111,8,8,TCAGCCTAACGGCGCTCCTA,0,4661991
ybeDp,0.1111111111111111,8,8,TCAGAGTACTGGGTTCGAGA,0,4667818
ybeDp,0.1111111111111111,8,8,TCACGTGGTAGACACTGCGT,0,4636952
ybeDp,0.1111111111111111,8,8,TCACGGAGTATATTACTGGG,0,4679954
ybeDp,0.1111111111111111,8,8,TCACGAGCATGCCAGGGACC,0,4657401
ybeDp,0.1111111111111111,8,8,TCAATTGGATTATCCTCGGT,0,4659292
ybeDp,0.1111111111111111,8,8,TCAAGCCGAAGACGTGGTAA,0,4621330
ybeDp,0.1111111111111111,8,8,TCAACTATGGCAGTACAGAA,0,4684157
ybeDp,0.1111111111111111,8,8,TCAACGATCAAAGTACTCCG,0,4617284
ybeDp,0.1111111111111111,8,8,TCAAATAGCTAAGTGGCAGC,0,4624986
ybeDp,0.1111111111111111,8,8,TATTTAAGAGGCTAGAATAT,0,4613811
ybeDp,0.1111111111111111,8,8,TATTCCCTCTTTTGGACTCG,0,4667978
ybeDp,0.1111111111111111,8,8,TATCCGACCTCAGGTTCGAT,0,4659741
ybeDp,0.1111111111111111,8,8,TATCCCCACCGCTCCGGACT,0,4613051
ybeDp,0.1111111111111111,8,8,TATATCTACGTTGTGCGGCA,0,4624226
ybeDp,0.1111111111111111,8,8,TATAGGCCTCAGTCCAGATA,0,4644240
ybeDp,0.1111111111111111,8,8,TAGGGACGCAATTATTTCCT,0,4617434
ybeDp,0.1111111111111111,8,8,TAGGACTTGCGGTCGGCACC,0,4684459
ybeDp,0.1111111111111111,8,8,TAGGACTTCTAAGATATTAA,0,4615476
ybeDp,0.1111111111111111,8,8,TAGCTGTCCTTACTTGAGCT,0,4617120
ybeDp,0.1111111111111111,8,8,TAGCGGATTTCCGTGCGAAT,0,4642422
ybeDp,0.1111111111111111,8,8,TAGCGCAATGCTTGGCAAAT,0,4676967
ybeDp,0.1111111111111111,8,8,TAGCCGCGCCGAGGTAAAGG,0,4682670
ybeDp,0.1111111111111111,8,8,TAGCAAATTCCCACTAAAGG,0,4664790
ybeDp,0.1111111111111111,8,8,TAGAGTGGTGACGGCGACTC,0,4629964
ybeDp,0.1111111111111111,8,8,TAGACATGGCACAGGGGTAA,0,4683266
ybeDp,0.1111111111111111,8,8,TAGAACTCGTTAGAATTGGC,0,4649824
ybeDp,0.1111111111111111,8,8,TACTCGCCATGTATCTAGTC,0,4660714
ybeDp,0.1111111111111111,8,8,TACGTTTGGCACACCATACT,0,4677999
ybeDp,0.1111111111111111,8,8,TACGTCCGCTCCGAATATTT,0,4687321
ybeDp,0.1111111111111111,8,8,TACGAATCCCGCGAGCTTCT,0,4620434
ybeDp,0.1111111111111111,8,8,TACCTGGACAACTACATACC,0,4623358
ybeDp,0.1111111111111111,8,8,TACATATATAGCTGCGAGCT,0,4674578
ybeDp,0.1111111111111111,8,8,TACAGGCCCGGGTTACGGTT,0,4648037
ybeDp,0.1111111111111111,8,8,TAATGGTATTTCCCTCCGAG,0,4617308
ybeDp,0.1111111111111111,8,8,TAATGCGGTTGTGGTCGACA,0,4615107
ybeDp,0.1111111111111111,8,8,TAATGCGGGCCTCCCGCAAG,0,4663702
ybeDp,0.1111111111111111,8,8,TAATCAAGCTATTCGACCAG,0,4630145
ybeDp,0.1111111111111111,8,8,TAATAACCTATTCCTTCTAT,0,4657375
ybeDp,0.1111111111111111,8,8,TAAGAAGCGTAGCACCTGCA,0,4677512
ybeDp,0.1111111111111111,8,8,TAACGGCGAGATTCGGCCTG,0,4634399
ybeDp,0.1111111111111111,8,8,TAACCCACCGCATGCACACG,0,4603705
ybeDp,0.1111111111111111,8,8,TAACCATATGTTGACTTAAC,0,4619095
ybeDp,0.1111111111111111,8,8,TAACCAAGAGATATTACTTT,0,4613795
ybeDp,0.1111111111111111,8,8,TAACACGATACAGATCTACT,0,4609169
ybeDp,0.1111111111111111,8,8,TAAATGGTTGTCATCGGCCT,0,4658717
ybeDp,0.1111111111111111,8,8,TAAACTCACTGCAATGCGCC,0,4634701
ybeDp,0.1111111111111111,8,8,TAAACCAGCAAGATGGAGTA,0,4638216
ybeDp,0.1111111111111111,8,8,TAAAAGTTGGATCCGATTCA,0,4605879
ybeDp,0.1111111111111111,8,8,GTTTTGGGTACGGCTGCGGT,0,4636773
ybeDp,0.1111111111111111,8,8,GTTTGAAGCATTACCGTGTT,0,4644461
ybeDp,0.1111111111111111,8,8,GTTTCTCATCGCCACACAAC,0,4611908
ybeDp,0.1111111111111111,8,8,GTTTCCCGAACCAGCTTGCT,0,4604501
ybeDp,0.1111111111111111,8,8,GTTTATTGTCTATGGGCGTT,0,4653091
ybeDp,0.1111111111111111,8,8,GTTTAGACGTACCAAAAAAT,0,4629311
ybeDp,0.1111111111111111,8,8,GTTTACACGTACATTCTTCT,0,4661436
ybeDp,0.1111111111111111,8,8,GTTGTCCTCTCCCGAGGTAG,0,4640983
ybeDp,0.1111111111111111,8,8,GTTGTCAGATGCTCGGTGGC,0,4676338
ybeDp,0.1111111111111111,8,8,GTTGGGCATGCACTTTTAAT,0,4606149
ybeDp,0.1111111111111111,8,8,GTTGATCGAGCTCAGCTGCA,0,4617540
ybeDp,0.1111111111111111,8,8,GTTGATCATATTCGTAGAAT,0,4649206
ybeDp,0.1111111111111111,8,8,GTTCTCTGACCTGAACTGAA,0,4649974
ybeDp,0.1111111111111111,8,8,GTTCCGAGTCCGTGCACAAA,0,4630077
ybeDp,0.1111111111111111,8,8,GTTCATGACATCTGGCCAAC,0,4618316
ybeDp,0.1111111111111111,8,8,GTTATTGGTCAGCCCCCTAG,0,4675946
ybeDp,0.1111111111111111,8,8,GTTACTCGGCAATCGTTCGA,0,4636453
ybeDp,0.1111111111111111,8,8,GTTAAGTTACATTGTGCACT,0,4614915
ybeDp,0.1111111111111111,8,8,GTGTAATCGCGTGCTGGACT,0,4634894
ybeDp,0.1111111111111111,8,8,GTGGGTGCCGTGCTGTGAAA,0,4616186
ybeDp,0.1111111111111111,8,8,GTGGCAAGATATAGCTTGGC,0,4638906
ybeDp,0.1111111111111111,8,8,GTGCGGGGTACAGCATCGTA,0,4611672
ybeDp,0.1111111111111111,8,8,GTGCGCATCGCATACACCGG,0,4605754
ybeDp,0.1111111111111111,8,8,GTGCCCTATCCCAAGCATGT,0,4611968
ybeDp,0.1111111111111111,8,8,GTGCACCATCACGTCCGGGG,0,4683042
ybeDp,0.1111111111111111,8,8,GTGATTGCTTCGGCACCTCA,0,4680514
ybeDp,0.1111111111111111,8,8,GTGATGATGATTTGACTCCT,0,4627924
ybeDp,0.1111111111111111,8,8,GTGAGACACAGGGAAATCCC,0,4627699
ybeDp,0.1111111111111111,8,8,GTGACAATGTCATCAGCCAT,0,4621902
ybeDp,0.1111111111111111,8,8,GTGAACAGAGGCTCCGGCCT,0,4609939
ybeDp,0.1111111111111111,8,8,GTCTTCTGAGTCCTACATAT,0,4649060
ybeDp,0.1111111111111111,8,8,GTCTGGGGTGGATGGAATGC,0,4629754
ybeDp,0.1111111111111111,8,8,GTCTCATAATATGCTGCCCG,0,4643206
ybeDp,0.1111111111111111,8,8,GTCGTTATTGACATCGCTTG,0,4647925
ybeDp,0.1111111111111111,8,8,GTCGTAGAGAAGGTTAGACA,0,4688007
ybeDp,0.1111111111111111,8,8,GTCGGTACTACTTGCATATG,0,4624890
ybeDp,0.1111111111111111,8,8,GTCGGAGGTCATCGCGAAAC,0,4687400
ybeDp,0.1111111111111111,8,8,GTCCTCTAAGCCCTGTCGAA,0,4637029
ybeDp,0.1111111111111111,8,8,GTCCGATGACGGCGCCGAAG,0,4649560
ybeDp,0.1111111111111111,8,8,GTCCCGCAACGGGAGTAAAG,0,4643713
ybeDp,0.1111111111111111,8,8,GTCCATCAGTAGCGAACTCT,0,4635263
ybeDp,0.1111111111111111,8,8,GTCCACTATGCGGTTCCAGC,0,4654786
ybeDp,0.1111111111111111,8,8,GTCATGTTTATGGTCAAAAC,0,4624355
ybeDp,0.1111111111111111,8,8,GTCAAATATTGGTCCGCTCC,0,4605697
ybeDp,0.1111111111111111,8,8,GTCAAAGATGCCTGCCAATT,0,4604311
ybeDp,0.1111111111111111,8,8,GTATCAGTACGCCTCTGCTG,0,4609322
ybeDp,0.1111111111111111,8,8,GTAGTAGTGCATACTGGAAT,0,4621482
ybeDp,0.1111111111111111,8,8,GTAGGGGACAGAGCAACTCA,0,4612844
ybeDp,0.1111111111111111,8,8,GTAGACCATCTACAATGTCG,0,4633441
ybeDp,0.1111111111111111,8,8,GTAGAAGTGCCTTCACTTGC,0,4672310
ybeDp,0.1111111111111111,8,8,GTAGAAGGTCAAACGTGTTG,0,4623480
ybeDp,0.1111111111111111,8,8,GTACCAGGGATGTCTGCGAG,0,4675783
ybeDp,0.1111111111111111,8,8,GTAAGTATTACATTACTGAG,0,4674034
ybeDp,0.1111111111111111,8,8,GTAAGGCCGCTTCAAGTTAG,0,4603795
ybeDp,0.1111111111111111,8,8,GTAAGCCGCAAGAATACTAA,0,4679342
ybeDp,0.1111111111111111,8,8,GTAAAAGACGGGCTCTGCTG,0,4633960
ybeDp,0.1111111111111111,8,8,GGTTGTTCATTAGTAGGTAG,0,4675353
ybeDp,0.1111111111111111,8,8,GGTTCTGGTTGCTGCAAGCA,0,4671898
ybeDp,0.1111111111111111,8,8,GGTTCCTACTGAATGGTCAA,0,4685155
ybeDp,0.1111111111111111,8,8,GGTTCAAATGGTTCCGTAAC,0,4623729
ybeDp,0.1111111111111111,8,8,GGTGTATAAGGTGGGGGCGA,0,4644766
ybeDp,0.1111111111111111,8,8,GGTGGGGCCACGAGCTAAAT,0,4649387
ybeDp,0.1111111111111111,8,8,GGTGCTCGGAGCCAACGAAT,0,4662125
ybeDp,0.1111111111111111,8,8,GGTGCATTCACACGGTTAAT,0,4634566
ybeDp,0.1111111111111111,8,8,GGTCGGTTTTTACACTGTGA,0,4630069
ybeDp,0.1111111111111111,8,8,GGTCCCGGTGAGACCAGACG,0,4661948
ybeDp,0.1111111111111111,8,8,GGTAAACCGACAAGAACGCG,0,4600858
ybeDp,0.1111111111111111,8,8,GGGTTCGCGATCTGCGTCAA,0,4605662
ybeDp,0.1111111111111111,8,8,GGGTTCACTGGAAGGTGTAT,0,4600801
ybeDp,0.1111111111111111,8,8,GGGTGACGACGATGACATAC,0,4615465
ybeDp,0.1111111111111111,8,8,GGGTCGGTGGAGCTCCTTTT,0,4669772
ybeDp,0.1111111111111111,8,8,GGGGTGATTAGTGGACGTCC,0,4615225
ybeDp,0.1111111111111111,8,8,GGGGTCACGCCACTCCTAGT,0,4645910
ybeDp,0.1111111111111111,8,8,GGGGGGTGGCTCATGGCATA,0,4645518
ybeDp,0.1111111111111111,8,8,GGGGGGTAGGCAAAATAGCT,0,4673895
ybeDp,0.1111111111111111,8,8,GGGGGAGGACGGACACGATG,0,4646725
ybeDp,0.1111111111111111,8,8,GGGCGTACGTCGTAAGATTT,0,4624061
ybeDp,0.1111111111111111,8,8,GGGCCAACGCTGGTCGACGT,0,4632566
ybeDp,0.1111111111111111,8,8,GGGCAACTTGACTATCCAGC,0,4602363
ybeDp,0.1111111111111111,8,8,GGGATTGTCCTGCTCTGAAG,0,4630624
ybeDp,0.1111111111111111,8,8,GGGATCTGGGGATGTATCAA,0,4666526
ybeDp,0.1111111111111111,8,8,GGGAGGTGAGAGGCCTAAGG,0,4667453
ybeDp,0.1111111111111111,8,8,GGGAGGCCCTGAAAGGGCGC,0,4639865
ybeDp,0.1111111111111111,8,8,GGGAGAAAGAGAGTGTGAAC,0,4632673
ybeDp,0.1111111111111111,8,8,GGGAACCCTCCTTGGGCTGA,0,4628358
ybeDp,0.1111111111111111,8,8,GGCTACGTTGGTTGAAGAAT,0,4616679
ybeDp,0.1111111111111111,8,8,GGCGGTGTGTGCACTCGCCT,0,4613626
ybeDp,0.1111111111111111,8,8,GGCCTCGCAGTGCGGTAGGG,0,4642892
ybeDp,0.1111111111111111,8,8,GGCATATATTAAAGTTCCGG,0,4657553
ybeDp,0.1111111111111111,8,8,GGCACTTAACCATTACCTTC,0,4654540
ybeDp,0.1111111111111111,8,8,GGCACTGCAATCCAAACAGG,0,4671395
ybeDp,0.1111111111111111,8,8,GGCACATCCGTTTTGATTTA,0,4624569
ybeDp,0.1111111111111111,8,8,GGATTCGAGATATTAGTCCA,0,4672286
ybeDp,0.1111111111111111,8,8,GGATCTAGGACCTGGCACAC,0,4628070
ybeDp,0.1111111111111111,8,8,GGAGTTAAGCGTCTTATTCT,0,4648703
ybeDp,0.1111111111111111,8,8,GGAGTCATAGGATTTCACAT,0,4641799
ybeDp,0.1111111111111111,8,8,GGAGCTAGGGCATTTAAGTG,0,4641073
ybeDp,0.1111111111111111,8,8,GGAGATTAAGGTGAATAGTA,0,4680657
ybeDp,0.1111111111111111,8,8,GGACTCGTAGGGCTTTGGAC,0,4624978
ybeDp,0.1111111111111111,8,8,GGACCAGAGCGAAATTTTGG,0,4682236
ybeDp,0.1111111111111111,8,8,GGAAGCACTCGTCTCTGCCT,0,4685346
ybeDp,0.1111111111111111,8,8,GGAAGAGGGCCTTGTTAACC,0,4606168
ybeDp,0.1111111111111111,8,8,GGAACCACCTCATCACTTGT,0,4611387
ybeDp,0.1111111111111111,8,8,GCTTGGGTTTTAGCTGCAGT,0,4679512
ybeDp,0.1111111111111111,8,8,GCTTATGGCCTATAGGAGAG,0,4618263
ybeDp,0.1111111111111111,8,8,GCTGTTCGGCATTCACATTA,0,4642279
ybeDp,0.1111111111111111,8,8,GCTGTGCCTGCGGCGCTGGC,0,4686959
ybeDp,0.1111111111111111,8,8,GCTCGTTTAGTCTGACTGGT,0,4684265
ybeDp,0.1111111111111111,8,8,GCTCCGGGCAGGGATTTGAT,0,4681199
ybeDp,0.1111111111111111,8,8,GCTCATTCAGCCCCGTGGGT,0,4639189
ybeDp,0.1111111111111111,8,8,GCTATCAGTTCGCACCGGTT,0,4610998
ybeDp,0.1111111111111111,8,8,GCTAGAGGCTGTCTAAATAA,0,4678046
ybeDp,0.1111111111111111,8,8,GCTAAATCCATAAAACGTCA,0,4610846
ybeDp,0.1111111111111111,8,8,GCGTTAGTCGGACGGGCTTG,0,4647283
ybeDp,0.1111111111111111,8,8,GCGTGATCACCTGTTCGAAG,0,4608822
ybeDp,0.1111111111111111,8,8,GCGTCCACGTAGTCATAGTT,0,4626298
ybeDp,0.1111111111111111,8,8,GCGTAGCGTTAGACCCCAGT,0,4680739
ybeDp,0.1111111111111111,8,8,GCGGTTTTATCGCAGCTATG,0,4670593
ybeDp,0.1111111111111111,8,8,GCGGGACTTCGGGCATCAAT,0,4665388
ybeDp,0.1111111111111111,8,8,GCGGCTACAACCCAGATACA,0,4632986
ybeDp,0.1111111111111111,8,8,GCGGAGACACGCCTCTAGTT,0,4673549
ybeDp,0.1111111111111111,8,8,GCGCTCTGGAACCATTGATT,0,4602746
ybeDp,0.1111111111111111,8,8,GCGATAGGGGTCAGGCCCGA,0,4681013
ybeDp,0.1111111111111111,8,8,GCGAAAGCGGGTATGTAATC,0,4674203
ybeDp,0.1111111111111111,8,8,GCCTACACGGAGGGGCGTAT,0,4633227
ybeDp,0.1111111111111111,8,8,GCCGTTAAAACCGAATCCGG,0,4618891
ybeDp,0.1111111111111111,8,8,GCCGTAATAAAACCGCAGTG,0,4672003
ybeDp,0.1111111111111111,8,8,GCCGGTTGAGTTAGGCATGC,0,4656820
ybeDp,0.1111111111111111,8,8,GCCCTTCGCGTCAGGGCTGA,0,4642807
ybeDp,0.1111111111111111,8,8,GCCCCGTCTGAACGCTACAC,0,4607893
ybeDp,0.1111111111111111,8,8,GCCCCGTCCATGCCCAGAGG,0,4660724
ybeDp,0.1111111111111111,8,8,GCCATACGTTGTTCGGTTAC,0,4642699
ybeDp,0.1111111111111111,8,8,GCCAGGGGAATGCCCGCGCT,0,4644086
ybeDp,0.1111111111111111,8,8,GCCAGCGCTTCCAGACCCGG,0,4660789
ybeDp,0.1111111111111111,8,8,GCCAGAATATAAAGCGCTCT,0,4615175
ybeDp,0.1111111111111111,8,8,GCCACGGGCTTAACTCGGGA,0,4686902
ybeDp,0.1111111111111111,8,8,GCATTGTCACCTTAAACTAG,0,4608998
ybeDp,0.1111111111111111,8,8,GCATTGAGCCCTAGGTCTGG,0,4670230
ybeDp,0.1111111111111111,8,8,GCAGTTTTAGATGACTCGAA,0,4626815
ybeDp,0.1111111111111111,8,8,GCACTTTTGATCTCTGTGGA,0,4681003
ybeDp,0.1111111111111111,8,8,GCACTTGACTACAATGATGG,0,4678022
ybeDp,0.1111111111111111,8,8,GCACTAATCCCCGACCGCGA,0,4628928
ybeDp,0.1111111111111111,8,8,GCACCCTCAAAACTCCGACT,0,4612761
ybeDp,0.1111111111111111,8,8,GCACCATGACATGTTATGCC,0,4660577
ybeDp,0.1111111111111111,8,8,GCACACAGAGTATGGGCGAG,0,4661462
ybeDp,0.1111111111111111,8,8,GATTCTTACGCAACGGGCTT,0,4646123
ybeDp,0.1111111111111111,8,8,GATGTGCTTCGTTAGGTGCA,0,4627387
ybeDp,0.1111111111111111,8,8,GATGGAACTCCGTGTACCAT,0,4668513
ybeDp,0.1111111111111111,8,8,GATGAGTTGATATTTTTAGC,0,4636048
ybeDp,0.1111111111111111,8,8,GATGAATGACGAGTCATGCC,0,4612082
ybeDp,0.1111111111111111,8,8,GATGAATAATAGCGCGCTAG,0,4634659
ybeDp,0.1111111111111111,8,8,GATGAACGGGCTGGACGAAT,0,4682538
ybeDp,0.1111111111111111,8,8,GATCTTTCTCGCTAAGAAGC,0,4660660
ybeDp,0.1111111111111111,8,8,GATCTCGACATTACAGTTTA,0,4630866
ybeDp,0.1111111111111111,8,8,GATCAACAGGCGGGTTCACG,0,4636017
ybeDp,0.1111111111111111,8,8,GATATAACCGCTTAAAAGTT,0,4683793
ybeDp,0.1111111111111111,8,8,GATAGACCTCGGTAGGTCAC,0,4667674
ybeDp,0.1111111111111111,8,8,GATACCCGCTGCCAGTGTAT,0,4627259
ybeDp,0.1111111111111111,8,8,GAGTGTATCTGTACAATGGG,0,4680552
ybeDp,0.1111111111111111,8,8,GAGTGCGCGCTAGCCACCAA,0,4621475
ybeDp,0.1111111111111111,8,8,GAGTGATTTGAACTGGGGGC,0,4645136
ybeDp,0.1111111111111111,8,8,GAGTGACATGAATAAACGAT,0,4631529
ybeDp,0.1111111111111111,8,8,GAGTATGGACTTGATAATGT,0,4673739
ybeDp,0.1111111111111111,8,8,GAGCTACAGAGTAGTTAGTC,0,4616038
ybeDp,0.1111111111111111,8,8,GAGCCAAAACTTGACGAGAC,0,4673453
ybeDp,0.1111111111111111,8,8,GAGCAGGAATGGGCACTGTC,0,4616668
ybeDp,0.1111111111111111,8,8,GAGATCTTATCGCATTTAGG,0,4662647
ybeDp,0.1111111111111111,8,8,GAGAGTTACCTCGGCAGGTA,0,4630950
ybeDp,0.1111111111111111,8,8,GAGACGTAGGCAACCCCAGG,0,4620545
ybeDp,0.1111111111111111,8,8,GACTTTGCTACCCTCTAAGT,0,4651886
ybeDp,0.1111111111111111,8,8,GACTATGCCAGGGCTCCACA,0,4638363
ybeDp,0.1111111111111111,8,8,GACTAATGGGATCATGTAAC,0,4612272
ybeDp,0.1111111111111111,8,8,GACGTGCATTGGCACCGCGG,0,4659058
ybeDp,0.1111111111111111,8,8,GACCTATTTCCAACTATGCT,0,4616862
ybeDp,0.1111111111111111,8,8,GACCCGGGCGCGCGATTGCT,0,4633707
ybeDp,0.1111111111111111,8,8,GACATTTTTCTCCCTTTCGG,0,4622276
ybeDp,0.1111111111111111,8,8,GACACCAGCGGACTATATGG,0,4671196
ybeDp,0.1111111111111111,8,8,GAATGTGAAAGTTAATTAAG,0,4672080
ybeDp,0.1111111111111111,8,8,GAATAGTTATGTAGGTAAGG,0,4618910
ybeDp,0.1111111111111111,8,8,GAAGTCTGAGCAAAAAAGGA,0,4618836
ybeDp,0.1111111111111111,8,8,GAAGCCGGCTTGTATTATAG,0,4683006
ybeDp,0.1111111111111111,8,8,GAAGCCGAGGATTGACTTTC,0,4643287
ybeDp,0.1111111111111111,8,8,GAAGATATGGATAGGCTGGT,0,4605347
ybeDp,0.1111111111111111,8,8,GAACGATTATAAATCAAAGG,0,4611712
ybeDp,0.1111111111111111,8,8,GAACGAGGCGAGATAGTCAT,0,4649111
ybeDp,0.1111111111111111,8,8,GAACACCACCGGTGAACGGC,0,4607267
ybeDp,0.1111111111111111,8,8,GAAACCACACTACAGTATAA,0,4678009
ybeDp,0.1111111111111111,8,8,CTTTTCCTGCGCAAGTCGAT,0,4676715
ybeDp,0.1111111111111111,8,8,CTTTTATTGGTTCGTCAGTC,0,4671244
ybeDp,0.1111111111111111,8,8,CTTTGTTGGCAGCTCACTTA,0,4676582
ybeDp,0.1111111111111111,8,8,CTTTGTGAGCTCGCTAAGCC,0,4618588
ybeDp,0.1111111111111111,8,8,CTTTCTGTGGGCATGCCGAG,0,4639842
ybeDp,0.1111111111111111,8,8,CTTTCCGTGGTAGTCTCTGT,0,4638763
ybeDp,0.1111111111111111,8,8,CTTTACGGTTACTGCTGTAG,0,4656497
ybeDp,0.1111111111111111,8,8,CTTGTATTGAAACACAAGTC,0,4682000
ybeDp,0.1111111111111111,8,8,CTTGGGAGGATAACCACGCT,0,4674844
ybeDp,0.1111111111111111,8,8,CTTGATTCGTATGCTTTCTT,0,4622998
ybeDp,0.1111111111111111,8,8,CTTATCCTCAGTGGAGAATT,0,4619075
ybeDp,0.1111111111111111,8,8,CTTAGGCTTGTTGTCGAGGG,0,4605623
ybeDp,0.1111111111111111,8,8,CTTAGACCATGCCTTAGAAT,0,4682554
ybeDp,0.1111111111111111,8,8,CTTAAGGATTGAAGATTTAA,0,4632185
ybeDp,0.1111111111111111,8,8,CTGTCAGGTCATGAGGTCTT,0,4662663
ybeDp,0.1111111111111111,8,8,CTGTATGAGCTAACAATGCA,0,4656149
ybeDp,0.1111111111111111,8,8,CTGGTTGCTTTATTGGTAAA,0,4649852
ybeDp,0.1111111111111111,8,8,CTGGTCGCTTTTAAGCGTAG,0,4674249
ybeDp,0.1111111111111111,8,8,CTGGCGACACACGGCTGCTC,0,4612527
ybeDp,0.1111111111111111,8,8,CTGCGCTGACTGCTTTTGCA,0,4623488
ybeDp,0.1111111111111111,8,8,CTGCACATAGGGGTGACGGC,0,4613566
ybeDp,0.1111111111111111,8,8,CTGCAACAACATCTGGTTGG,0,4662568
ybeDp,0.1111111111111111,8,8,CTGATCACCTAAAGGCGGTT,0,4612949
ybeDp,0.1111111111111111,8,8,CTCTTTGATAACAGGAGCCC,0,4627340
ybeDp,0.1111111111111111,8,8,CTCTGGTCATTCCCATGTAT,0,4633548
ybeDp,0.1111111111111111,8,8,CTCTGGCTAGAATCTGGGTT,0,4675867
ybeDp,0.1111111111111111,8,8,CTCTCAATCAAGGTGGTGAA,0,4642629
ybeDp,0.1111111111111111,8,8,CTCTAGCGAACGCTACGTGA,0,4655632
ybeDp,0.1111111111111111,8,8,CTCGTCAATCAATCCATGCG,0,4648426
ybeDp,0.1111111111111111,8,8,CTCGATCGTATATCGATGAA,0,4651187
ybeDp,0.1111111111111111,8,8,CTCGACTTGGGTTCCTGCAG,0,4666191
ybeDp,0.1111111111111111,8,8,CTCGAATCATCCCTGCCCAG,0,4673543
ybeDp,0.1111111111111111,8,8,CTCCTCACGCTCCCACGCAA,0,4616271
ybeDp,0.1111111111111111,8,8,CTCCGGAGGTTGCCGACTGT,0,4620900
ybeDp,0.1111111111111111,8,8,CTCATCGACCTCGATGGTTC,0,4652317
ybeDp,0.1111111111111111,8,8,CTATTACATGTACCGAACTT,0,4644113
ybeDp,0.1111111111111111,8,8,CTATCTAACGACTATGAAAA,0,4673487
ybeDp,0.1111111111111111,8,8,CTAGGTGCCGTCGGATTAAG,0,4664822
ybeDp,0.1111111111111111,8,8,CTAGCGCAACAGTGAAGGAA,0,4611438
ybeDp,0.1111111111111111,8,8,CTAGCAATCTGCCTAACTGC,0,4669511
ybeDp,0.1111111111111111,8,8,CTAGAGTGAGCTGCGGTATT,0,4640990
ybeDp,0.1111111111111111,8,8,CTAGAGGTGCGAAAGTCAAA,0,4666954
ybeDp,0.1111111111111111,8,8,CTACGAGTGCATTTAGTGAT,0,4651397
ybeDp,0.1111111111111111,8,8,CTACCGGAATGTCCTCCGAA,0,4642819
ybeDp,0.1111111111111111,8,8,CTACAAAAGTAGTGCGACAT,0,4644072
ybeDp,0.1111111111111111,8,8,CTAATGCCCTAACGTTCCTA,0,4636456
ybeDp,0.1111111111111111,8,8,CTAATACTTCCGTATAGCAA,0,4680763
ybeDp,0.1111111111111111,8,8,CGTTTGGCAGTTGCGCTCTT,0,4684787
ybeDp,0.1111111111111111,8,8,CGTTAACAAAGGCCAAATTA,0,4627129
ybeDp,0.1111111111111111,8,8,CGTGTATGTGTGTTTATAAC,0,4638925
ybeDp,0.1111111111111111,8,8,CGTGGTTAACAGTGCGGCAT,0,4679752
ybeDp,0.1111111111111111,8,8,CGTGCCCTTAGATCCCTATC,0,4638459
ybeDp,0.1111111111111111,8,8,CGTGAGGCTTCCGGTGGGAA,0,4649659
ybeDp,0.1111111111111111,8,8,CGTGAGAATTCTGTATGCTT,0,4626700
ybeDp,0.1111111111111111,8,8,CGTCAAACATGTGAAGAGTG,0,4634530
ybeDp,0.1111111111111111,8,8,CGTAGATTTCCTGTAAGGCA,0,4655738
ybeDp,0.1111111111111111,8,8,CGGTGTCCGGCGGACCTCAA,0,4642052
ybeDp,0.1111111111111111,8,8,CGGTGACACTTGCTTACAAG,0,4663053
ybeDp,0.1111111111111111,8,8,CGGTCTTAACGATTTAACGC,0,4664963
ybeDp,0.1111111111111111,8,8,CGGTCTGCACGCACCTTCGT,0,4640725
ybeDp,0.1111111111111111,8,8,CGGTACATTGGTGCCGACTT,0,4651017
ybeDp,0.1111111111111111,8,8,CGGGTTATTAGACGAACAGT,0,4631689
ybeDp,0.1111111111111111,8,8,CGGGGGCAGGGTGTAACCCA,0,4663341
ybeDp,0.1111111111111111,8,8,CGGGCGTTTGGTTACCTTCA,0,4655832
ybeDp,0.1111111111111111,8,8,CGGGAACTGCCTGTCTGTCG,0,4639646
ybeDp,0.1111111111111111,8,8,CGGCTTTCCCAGGGCAGTTC,0,4624125
ybeDp,0.1111111111111111,8,8,CGGCATCGATTGCGCAGGAT,0,4653718
ybeDp,0.1111111111111111,8,8,CGGCAGAAATAAAGGACCCT,0,4643525
ybeDp,0.1111111111111111,8,8,CGGCACATCGCCCAGCATTG,0,4679194
ybeDp,0.1111111111111111,8,8,CGGAGTGCCGGAGCAGAACG,0,4628872
ybeDp,0.1111111111111111,8,8,CGGAGCCAGGGCGAGTCCCT,0,4636123
ybeDp,0.1111111111111111,8,8,CGCTTATCGGGTCCACATCA,0,4634480
ybeDp,0.1111111111111111,8,8,CGCTGGTCTCGTGGACCCTA,0,4659726
ybeDp,0.1111111111111111,8,8,CGCTCAAAGTGCCAATCGGT,0,4604060
ybeDp,0.1111111111111111,8,8,CGCGGGGCAACTCCTTCCGT,0,4643489
ybeDp,0.1111111111111111,8,8,CGCGCTGATATGCTTATGGT,0,4652838
ybeDp,0.1111111111111111,8,8,CGCGCGTCTGTACTGTTTAA,0,4608294
ybeDp,0.1111111111111111,8,8,CGCCTGTAATCAATTGTCGC,0,4680383
ybeDp,0.1111111111111111,8,8,CGCCGCCAAATACGGAATCA,0,4628127
ybeDp,0.1111111111111111,8,8,CGCCCGCGATCACTTAGAAT,0,4651748
ybeDp,0.1111111111111111,8,8,CGCCAGGGGATGGCTGTGAT,0,4617719
ybeDp,0.1111111111111111,8,8,CGCACACGTTCTGAGACTGT,0,4606261
ybeDp,0.1111111111111111,8,8,CGATGAATATCTCATATTCT,0,4647547
ybeDp,0.1111111111111111,8,8,CGAGGTGGTAGGGGGAATCG,0,4604542
ybeDp,0.1111111111111111,8,8,CGAGGCCTCCTCATCTGCTC,0,4611757
ybeDp,0.1111111111111111,8,8,CGACACAGACCCGGGCGAGT,0,4627200
ybeDp,0.1111111111111111,8,8,CCTTTATAGGGACTTGGCAC,0,4685743
ybeDp,0.1111111111111111,8,8,CCTTGGACCCGAAGTGCAGG,0,4633199
ybeDp,0.1111111111111111,8,8,CCTGGGGAAGCCCGCCCGGA,0,4612905
ybeDp,0.1111111111111111,8,8,CCTGGCTTCAGTCCCAACAC,0,4665847
ybeDp,0.1111111111111111,8,8,CCTGCAACATCCGGGTCTTT,0,4651508
ybeDp,0.1111111111111111,8,8,CCTGATTTAGCGATCTACGA,0,4612017
ybeDp,0.1111111111111111,8,8,CCTGATATGGTTAACACGGT,0,4634049
ybeDp,0.1111111111111111,8,8,CCTCTGCGAGATTCCCGGAC,0,4637266
ybeDp,0.1111111111111111,8,8,CCTCGCTAGTTAACGTACAT,0,4629268
ybeDp,0.1111111111111111,8,8,CCTCCTTCTTCGATCTCTTG,0,4686150
ybeDp,0.1111111111111111,8,8,CCTATGCGTCGTGATCACAC,0,4676050
ybeDp,0.1111111111111111,8,8,CCTATCCAAGCGGGCAATAC,0,4664379
ybeDp,0.1111111111111111,8,8,CCTAGGCATGTACCAGGGTC,0,4680263
ybeDp,0.1111111111111111,8,8,CCTAGGAGCTCAGAGTACGA,0,4673471
ybeDp,0.1111111111111111,8,8,CCGTGTCTGCAATATACCAA,0,4607262
ybeDp,0.1111111111111111,8,8,CCGTGGTAAGTGTCAGCCTA,0,4647498
ybeDp,0.1111111111111111,8,8,CCGTGCTATGGGGTTGCCCT,0,4685679
ybeDp,0.1111111111111111,8,8,CCGGGGGCCAATTTCTAACA,0,4629604
ybeDp,0.1111111111111111,8,8,CCGCTGCCATGGCTGCTTGT,0,4614418
ybeDp,0.1111111111111111,8,8,CCGCCATGCAGAAACTTATG,0,4673371
ybeDp,0.1111111111111111,8,8,CCGCCAACAAACTACATTAC,0,4645322
ybeDp,0.1111111111111111,8,8,CCGCAAGCCGATTGTCCGAA,0,4659992
ybeDp,0.1111111111111111,8,8,CCGAGGTGTTTACACCAGTG,0,4617938
ybeDp,0.1111111111111111,8,8,CCCTTCGATGTATGGGTGCT,0,4637224
ybeDp,0.1111111111111111,8,8,CCCTTAATGCCGGCTAAGGG,0,4629704
ybeDp,0.1111111111111111,8,8,CCCTGTCGGTGTTTGACCTT,0,4613327
ybeDp,0.1111111111111111,8,8,CCCTGACGGCGGTCGATCGT,0,4622052
ybeDp,0.1111111111111111,8,8,CCCTCTTACTTAATTCCCAG,0,4604432
ybeDp,0.1111111111111111,8,8,CCCGTAACCGTGGCCCGAAC,0,4684261
ybeDp,0.1111111111111111,8,8,CCCGTAACCCGATGCCGTAC,0,4620347
ybeDp,0.1111111111111111,8,8,CCCGGATACTCTCGACGTTA,0,4654587
ybeDp,0.1111111111111111,8,8,CCCCGATATTGTCAAAAGAA,0,4605856
ybeDp,0.1111111111111111,8,8,CCCCGACGGATGGTGACTCG,0,4672940
ybeDp,0.1111111111111111,8,8,CCCCCTCGCTACGGTCGCTA,0,4666765
ybeDp,0.1111111111111111,8,8,CCCCCGAGTTCGCGAAGTTT,0,4618452
ybeDp,0.1111111111111111,8,8,CCCATCAGAGCACTATGGTC,0,4607466
ybeDp,0.1111111111111111,8,8,CCCAGTATGACGTTCTTGGT,0,4683366
ybeDp,0.1111111111111111,8,8,CCATTGGTCTGTTTCCGTAA,0,4644865
ybeDp,0.1111111111111111,8,8,CCATTGGAAACCCCGACCCT,0,4619387
ybeDp,0.1111111111111111,8,8,CCACGTTGAAGTCTACTTGT,0,4635259
ybeDp,0.1111111111111111,8,8,CCAATTGACCGGTAATCCGT,0,4604887
ybeDp,0.1111111111111111,8,8,CCAAGTCTACGTGGATGGTC,0,4679601
ybeDp,0.1111111111111111,8,8,CCAAGGCACAAAGTAAGGAG,0,4651970
ybeDp,0.1111111111111111,8,8,CCAAGAGAGATAATTGGAGG,0,4650528
ybeDp,0.1111111111111111,8,8,CATTGGAATTTCACCGGGGA,0,4644686
ybeDp,0.1111111111111111,8,8,CATTGACGTTGCATGGGGTG,0,4612630
ybeDp,0.1111111111111111,8,8,CATTCTAAAAGGTACAGAGA,0,4606664
ybeDp,0.1111111111111111,8,8,CATTCGCATGCGACGGGTTA,0,4616540
ybeDp,0.1111111111111111,8,8,CATTCACGCGGAACACAGTA,0,4636508
ybeDp,0.1111111111111111,8,8,CATGTGACTCAAAGTACATG,0,4668317
ybeDp,0.1111111111111111,8,8,CATGACAGGTCGAGGGAGAC,0,4619454
ybeDp,0.1111111111111111,8,8,CATCCACATGCGGGTAATCC,0,4636134
ybeDp,0.1111111111111111,8,8,CATAGAAGGGTAGTCCATCG,0,4651599
ybeDp,0.1111111111111111,8,8,CATAATACTGCGTGTGCGCC,0,4669238
ybeDp,0.1111111111111111,8,8,CAGTGGGCACGCTCAGTGTG,0,4666660
ybeDp,0.1111111111111111,8,8,CAGTGCATCTCCATGCCAGT,0,4606305
ybeDp,0.1111111111111111,8,8,CAGTAGTTATAAACACGTGG,0,4621069
ybeDp,0.1111111111111111,8,8,CAGGTTGTATCATCAGGGCG,0,4637298
ybeDp,0.1111111111111111,8,8,CAGGTCAGATACGTCCTCCA,0,4673369
ybeDp,0.1111111111111111,8,8,CAGGGTATTACTTGCGTTAA,0,4646720
ybeDp,0.1111111111111111,8,8,CAGGGGAAGCAGACCCGTCC,0,4612775
ybeDp,0.1111111111111111,8,8,CAGGCCTATCCGTACGCTCT,0,4673483
ybeDp,0.1111111111111111,8,8,CAGGCCCAGGGGAATTATCC,0,4653960
ybeDp,0.1111111111111111,8,8,CAGGAGAGGTGTCACCTAGA,0,4623034
ybeDp,0.1111111111111111,8,8,CAGCTGACGTGAACTTCACT,0,4670021
ybeDp,0.1111111111111111,8,8,CAGCGTTATAATTCAAAGAA,0,4656518
ybeDp,0.1111111111111111,8,8,CAGCAATAACGTTAAGGAAG,0,4648782
ybeDp,0.1111111111111111,8,8,CAGATCCGGCCGTGCCGGCA,0,4678678
ybeDp,0.1111111111111111,8,8,CACTGGGTGTGCGACTCGAG,0,4609551
ybeDp,0.1111111111111111,8,8,CACTATCGTTCAGTTTAGAA,0,4601734
ybeDp,0.1111111111111111,8,8,CACTAGGTCACCTATAGATT,0,4602084
ybeDp,0.1111111111111111,8,8,CACGTGATCTGCGTCGGGCG,0,4656016
ybeDp,0.1111111111111111,8,8,CACGCAGAATGATTGAAAAT,0,4615866
ybeDp,0.1111111111111111,8,8,CACGATGCTAAAACTGTATA,0,4675343
ybeDp,0.1111111111111111,8,8,CACCTATTTCTCACAGGGCT,0,4658708
ybeDp,0.1111111111111111,8,8,CACCGGCCGGGCTACCTCCG,0,4612982
ybeDp,0.1111111111111111,8,8,CACCCGGTCAAGCAACGTGT,0,4625686
ybeDp,0.1111111111111111,8,8,CACCCCACGCAGGTCGGTCC,0,4624866
ybeDp,0.1111111111111111,8,8,CACCATTCTTCTGGGTCTTC,0,4604899
ybeDp,0.1111111111111111,8,8,CACAGAGTGCTGTTTCTTGG,0,4650637
ybeDp,0.1111111111111111,8,8,CACACTCGGTTACGGTATTA,0,4624083
ybeDp,0.1111111111111111,8,8,CAATTCATACTAAGGGACTA,0,4629770
ybeDp,0.1111111111111111,8,8,CAATCGCCCGATTGGTGGCG,0,4661393
ybeDp,0.1111111111111111,8,8,CAATCCAACGGAATTACGCC,0,4615607
ybeDp,0.1111111111111111,8,8,CAAGAGCGCTTCTACCGTAC,0,4652890
ybeDp,0.1111111111111111,8,8,CAACCGCCTCCTTGTTAGTA,0,4668395
ybeDp,0.1111111111111111,8,8,CAACATAGTAGTTCAACCGT,0,4645123
ybeDp,0.1111111111111111,8,8,CAACATAGCCGGAGATTTAT,0,4625495
ybeDp,0.1111111111111111,8,8,CAACAGTGCTATGTAGACTA,0,4669230
ybeDp,0.1111111111111111,8,8,CAACAGTACGTTTTAGGTCT,0,4670184
ybeDp,0.1111111111111111,8,8,CAAAATCCAACACGTCATTG,0,4676530
ybeDp,0.1111111111111111,8,8,ATTGCCACTTTACGTCGTCT,0,4638247
ybeDp,0.1111111111111111,8,8,ATTGCCACTTAGAGAGTGGC,0,4677943
ybeDp,0.1111111111111111,8,8,ATTGCATACCGACCTTGCGA,0,4630159
ybeDp,0.1111111111111111,8,8,ATTGCAATTCCTCGGATGTG,0,4602448
ybeDp,0.1111111111111111,8,8,ATTGCAATGACGCTAGGCAT,0,4670881
ybeDp,0.1111111111111111,8,8,ATTGATACCCGCGACATTAT,0,4662779
ybeDp,0.1111111111111111,8,8,ATTCTTATGCGTCTCGCCTA,0,4618455
ybeDp,0.1111111111111111,8,8,ATTCTGAAATTCAGGATTCG,0,4681997
ybeDp,0.1111111111111111,8,8,ATTCTCCATAGACGAATGCA,0,4614029
ybeDp,0.1111111111111111,8,8,ATTACGTCCTTGTCAAAAGA,0,4612068
ybeDp,0.1111111111111111,8,8,ATTACGGGTCGCATGAGACA,0,4617867
ybeDp,0.1111111111111111,8,8,ATTAAGTGGTTGGCCAGTGT,0,4672148
ybeDp,0.1111111111111111,8,8,ATGTGGGGTGGTGGAAGGCA,0,4602394
ybeDp,0.1111111111111111,8,8,ATGGATCCACCTTGCGCGGG,0,4607022
ybeDp,0.1111111111111111,8,8,ATGCGGACCCGTCTGATGGG,0,4667008
ybeDp,0.1111111111111111,8,8,ATGCGCCCGGAGAGACCTAC,0,4636143
ybeDp,0.1111111111111111,8,8,ATGACTGCAAAAGATCTTAC,0,4660791
ybeDp,0.1111111111111111,8,8,ATGACAGGGGCAGATACGTC,0,4626588
ybeDp,0.1111111111111111,8,8,ATGAAAAAGTCAACGCCACT,0,4679615
ybeDp,0.1111111111111111,8,8,ATCTTGCATGCATACTCAAC,0,4673065
ybeDp,0.1111111111111111,8,8,ATCTTATTCTGCGATAAATA,0,4645174
ybeDp,0.1111111111111111,8,8,ATCTTAGTCCTGCACAGGAT,0,4655620
ybeDp,0.1111111111111111,8,8,ATCTGTTTCACCGTTTCACA,0,4655062
ybeDp,0.1111111111111111,8,8,ATCTGTCCCAGGCATGGAAT,0,4653352
ybeDp,0.1111111111111111,8,8,ATCGTTTAGTTTGATGGACA,0,4602699
ybeDp,0.1111111111111111,8,8,ATCGTACCCGGCTAAAGCTG,0,4642538
ybeDp,0.1111111111111111,8,8,ATCGAAGCCACAGAGTTCGG,0,4605075
ybeDp,0.1111111111111111,8,8,ATCCGGATTTTAGGATTCGG,0,4622917
ybeDp,0.1111111111111111,8,8,ATCATTCGAGTCAGAGTTAG,0,4615575
ybeDp,0.1111111111111111,8,8,ATCACGCATTAATACTCTGT,0,4683483
ybeDp,0.1111111111111111,8,8,ATATCTGTACCAGGCCGGGG,0,4616194
ybeDp,0.1111111111111111,8,8,ATAGCTGCACCTGTACGGAT,0,4659757
ybeDp,0.1111111111111111,8,8,ATACGGGTACTGATTTGACA,0,4646680
ybeDp,0.1111111111111111,8,8,ATACCCTAGTAACCCCCCAA,0,4635803
ybeDp,0.1111111111111111,8,8,ATAATTAGGGGGTTAAAAAT,0,4618990
ybeDp,0.1111111111111111,8,8,ATAACCGGTCCAATGCATAA,0,4660102
ybeDp,0.1111111111111111,8,8,AGTTTACGGTACCGCATATT,0,4662984
ybeDp,0.1111111111111111,8,8,AGTTGGCCGTCGAATTAGCA,0,4663587
ybeDp,0.1111111111111111,8,8,AGTTATCTTCGGCTAATTTG,0,4616333
ybeDp,0.1111111111111111,8,8,AGTTACCACATGCCCGTTAT,0,4643857
ybeDp,0.1111111111111111,8,8,AGTGGAATGCCCTCTGTTGA,0,4608250
ybeDp,0.1111111111111111,8,8,AGTCTTGGCAGCGAGTCGAA,0,4657165
ybeDp,0.1111111111111111,8,8,AGTCTAATTAAAAGTGAAGT,0,4635493
ybeDp,0.1111111111111111,8,8,AGTCCCCTCAGGGTTGACCC,0,4605597
ybeDp,0.1111111111111111,8,8,AGTCACAACCCAATTGGACT,0,4674532
ybeDp,0.1111111111111111,8,8,AGTATCCCTACACTGAGAGA,0,4627035
ybeDp,0.1111111111111111,8,8,AGTAGTGGTAATCTAATCAG,0,4672658
ybeDp,0.1111111111111111,8,8,AGTAGGGTGTAAACGTTTGA,0,4624219
ybeDp,0.1111111111111111,8,8,AGGTAGATAAGCTTCCGGCG,0,4674631
ybeDp,0.1111111111111111,8,8,AGGTACTAAATGCGTGCACG,0,4677217
ybeDp,0.1111111111111111,8,8,AGGGGTGATAGGCGGCTTCT,0,4635876
ybeDp,0.1111111111111111,8,8,AGGGGGGCGGGCACAAGTTA,0,4606916
ybeDp,0.1111111111111111,8,8,AGGGGAGTGGCTCGTGATAC,0,4605293
ybeDp,0.1111111111111111,8,8,AGGGCCACTGCAAAGATCCC,0,4608182
ybeDp,0.1111111111111111,8,8,AGGGCACAGCGGGCGTAAGT,0,4610123
ybeDp,0.1111111111111111,8,8,AGGCCTGGGCCAATAAGACT,0,4612146
ybeDp,0.1111111111111111,8,8,AGGCATACATCCTCTAGAGT,0,4669700
ybeDp,0.1111111111111111,8,8,AGGATGAGGATGATACCTAG,0,4612150
ybeDp,0.1111111111111111,8,8,AGGAAGTAATGGGTTGGGTA,0,4673055
ybeDp,0.1111111111111111,8,8,AGGAAAGAGGGTGGCCCTGA,0,4664250
ybeDp,0.1111111111111111,8,8,AGCTTCGCGTCAACGGAAGC,0,4645468
ybeDp,0.1111111111111111,8,8,AGCTGCTCATCAAGCTCGCT,0,4686875
ybeDp,0.1111111111111111,8,8,AGCGCCACAGTCGCTTCGCT,0,4664588
ybeDp,0.1111111111111111,8,8,AGCCTTGCTTGGTTGCCAGT,0,4615014
ybeDp,0.1111111111111111,8,8,AGCCTGATAGGATTCCCCGG,0,4608385
ybeDp,0.1111111111111111,8,8,AGCCGGTATTCGATGCAATA,0,4628516
ybeDp,0.1111111111111111,8,8,AGCCATCCCGGTGCAGAAAT,0,4655390
ybeDp,0.1111111111111111,8,8,AGCCATACCCTAGCGGCGGA,0,4638255
ybeDp,0.1111111111111111,8,8,AGCAGGGTGGCGGCTGGATC,0,4617378
ybeDp,0.1111111111111111,8,8,AGCACGGACACTTTAGATTG,0,4664509
ybeDp,0.1111111111111111,8,8,AGCACAGAACGGGTTACGTG,0,4623498
ybeDp,0.1111111111111111,8,8,AGATGTTGACGGCCCACTTT,0,4609539
ybeDp,0.1111111111111111,8,8,AGATGGATCGCAATGGGTCA,0,4632293
ybeDp,0.1111111111111111,8,8,AGATGCCGTCGGTCTCTAGG,0,4601953
ybeDp,0.1111111111111111,8,8,AGATGCATAGTCACCGCCAC,0,4668751
ybeDp,0.1111111111111111,8,8,AGATGACTTCATCTAGGGTG,0,4683829
ybeDp,0.1111111111111111,8,8,AGATCCCGAGAAAGCCGCCA,0,4664372
ybeDp,0.1111111111111111,8,8,AGATAGCACATGTAGGGGCG,0,4664805
ybeDp,0.1111111111111111,8,8,AGAGTGCCACAAAGGTTGCA,0,4633217
ybeDp,0.1111111111111111,8,8,AGAGGTGGTAGATACGAGGC,0,4628203
ybeDp,0.1111111111111111,8,8,AGAGGGAGAAGACCAAGGTC,0,4621008
ybeDp,0.1111111111111111,8,8,AGAGGCTAGTTGCCGTTGAG,0,4685597
ybeDp,0.1111111111111111,8,8,AGAGCTGGTTTCAACCCGGA,0,4623074
ybeDp,0.1111111111111111,8,8,AGAGAGGGGGCTGTTGGGCT,0,4625164
ybeDp,0.1111111111111111,8,8,AGAGACTCACGGTGCAAGGA,0,4641899
ybeDp,0.1111111111111111,8,8,AGAGAAAGGCATACTGATAC,0,4645640
ybeDp,0.1111111111111111,8,8,AGACGTAAGGGGGCGGTGAT,0,4648234
ybeDp,0.1111111111111111,8,8,AGACCCGTACACGGAAGCCT,0,4634690
ybeDp,0.1111111111111111,8,8,AGACACTGGGTTGCCTAGTA,0,4680155
ybeDp,0.1111111111111111,8,8,AGAATTAACCCCCGGCAGAG,0,4644998
ybeDp,0.1111111111111111,8,8,AGAAGCGGTGCGTGCGCAGA,0,4654693
ybeDp,0.1111111111111111,8,8,AGAAGACTCAAACAGGCTTG,0,4652203
ybeDp,0.1111111111111111,8,8,AGAAAGTCGTTCAGGACCTC,0,4661204
ybeDp,0.1111111111111111,8,8,AGAAAGAGCTGAGGTCATCA,0,4649926
ybeDp,0.1111111111111111,8,8,AGAAACTCATAGCGTAGATT,0,4672082
ybeDp,0.1111111111111111,8,8,AGAAAACTTCTAAACGGTCG,0,4614310
ybeDp,0.1111111111111111,8,8,ACTTTGGGGTCGGCATGATA,0,4667360
ybeDp,0.1111111111111111,8,8,ACTTTCCAGAAGACATTTTA,0,4638423
ybeDp,0.1111111111111111,8,8,ACTTGTCCATCGGAATTGTT,0,4633110
ybeDp,0.1111111111111111,8,8,ACTTCCGCATGGATCAAAGG,0,4679612
ybeDp,0.1111111111111111,8,8,ACTTAGAAGGATACTCTGAG,0,4681894
ybeDp,0.1111111111111111,8,8,ACTGTTTCAACTGACCCTAA,0,4683690
ybeDp,0.1111111111111111,8,8,ACTGTGATTTGTGCGCCTTA,0,4624722
ybeDp,0.1111111111111111,8,8,ACTGCGGGACTGCCTCAGCC,0,4601625
ybeDp,0.1111111111111111,8,8,ACTGCCATACGGGATTCACT,0,4629304
ybeDp,0.1111111111111111,8,8,ACTGCAGCGGGTATGCCCGT,0,4650629
ybeDp,0.1111111111111111,8,8,ACTCAATCTTTGCCTATGAT,0,4612213
ybeDp,0.1111111111111111,8,8,ACTATAAGGTTAGTGTGGGT,0,4657913
ybeDp,0.1111111111111111,8,8,ACTAGCTGCGTAGTAGAGAC,0,4670124
ybeDp,0.1111111111111111,8,8,ACTACGGCCGTATGTTACAC,0,4608664
ybeDp,0.1111111111111111,8,8,ACTACGCTGCTCAGGGGTCT,0,4653113
ybeDp,0.1111111111111111,8,8,ACTACAATACCGACGTACAA,0,4623952
ybeDp,0.1111111111111111,8,8,ACTAATCCTAGATTCTAGGC,0,4665107
ybeDp,0.1111111111111111,8,8,ACGTGTTGGTTAGCATGGTA,0,4631061
ybeDp,0.1111111111111111,8,8,ACGTCTGGCGAGTTCATTCA,0,4648589
ybeDp,0.1111111111111111,8,8,ACGTCGTCCGAATTCTTGTG,0,4651167
ybeDp,0.1111111111111111,8,8,ACGTCCGAGCGTAACGTACA,0,4660094
ybeDp,0.1111111111111111,8,8,ACGGAAACGAGTTGCAATAT,0,4673885
ybeDp,0.1111111111111111,8,8,ACGCAAATTGCTGCGAAGTT,0,4630768
ybeDp,0.1111111111111111,8,8,ACGAGTGGGCAAGGTTGGTC,0,4679845
ybeDp,0.1111111111111111,8,8,ACGAGTGAGCTGATAAGTGT,0,4681377
ybeDp,0.1111111111111111,8,8,ACGACACTAATATAAGGGTC,0,4645643
ybeDp,0.1111111111111111,8,8,ACGAATGCGGGCTTCTCACG,0,4640777
ybeDp,0.1111111111111111,8,8,ACGAAGTCCACTATTATAAA,0,4611070
ybeDp,0.1111111111111111,8,8,ACGAACCGCGACCCACGCCC,0,4633463
ybeDp,0.1111111111111111,8,8,ACCTTATCCGCACTTTATTG,0,4661964
ybeDp,0.1111111111111111,8,8,ACCGAGCGTAAGCTAAGAAG,0,4674234
ybeDp,0.1111111111111111,8,8,ACCGAAATTCGGAGGTGATT,0,4671762
ybeDp,0.1111111111111111,8,8,ACCCTCCTCACGGCAGTCAT,0,4603203
ybeDp,0.1111111111111111,8,8,ACCAGCATTTCGTGCGTAGT,0,4646109
ybeDp,0.1111111111111111,8,8,ACCACGAAGGTCAAATCGGA,0,4607843
ybeDp,0.1111111111111111,8,8,ACCAACCCGATAATAATCAT,0,4656734
ybeDp,0.1111111111111111,8,8,ACATTTTCGTGTGCCTGATA,0,4618124
ybeDp,0.1111111111111111,8,8,ACATTGGAAAGTTTGTAGAC,0,4682906
ybeDp,0.1111111111111111,8,8,ACATGAGTAGACGATTGGAA,0,4655211
ybeDp,0.1111111111111111,8,8,ACATCATGAGACTCAAGCTC,0,4677511
ybeDp,0.1111111111111111,8,8,ACATATGACATTATTGACGT,0,4665920
ybeDp,0.1111111111111111,8,8,ACAGCTCTAAAATTATTATT,0,4612225
ybeDp,0.1111111111111111,8,8,ACAGCGATTGCTGGTATTTT,0,4657154
ybeDp,0.1111111111111111,8,8,ACAGCCGCGCTCGTGCAGCA,0,4644073
ybeDp,0.1111111111111111,8,8,ACAGCACTGGCCACCTCGAA,0,4668730
ybeDp,0.1111111111111111,8,8,ACAGATTTGCCAGGTCTATC,0,4633865
ybeDp,0.1111111111111111,8,8,ACAGATACGATCGACGATGT,0,4662039
ybeDp,0.1111111111111111,8,8,ACAAATTCTGGGGTTCTGCT,0,4611557
ybeDp,0.1111111111111111,8,8,AATTGATTCTAGCGACATGC,0,4628328
ybeDp,0.1111111111111111,8,8,AATGGGGTAGCATAGGGATA,0,4650509
ybeDp,0.1111111111111111,8,8,AATGCTTCTGCCTGGGTTTT,0,4644523
ybeDp,0.1111111111111111,8,8,AATGCGGGCTCATATTATTT,0,4629200
ybeDp,0.1111111111111111,8,8,AATGCACTAAATCTATAAAA,0,4625098
ybeDp,0.1111111111111111,8,8,AATGAAACCAGGGTAGGGTT,0,4628542
ybeDp,0.1111111111111111,8,8,AATCTGGAATGTACATCCGG,0,4606650
ybeDp,0.1111111111111111,8,8,AATCGAGCCCACGGGCTTGA,0,4622118
ybeDp,0.1111111111111111,8,8,AATCGAAAGTAATCGTGGAT,0,4603220
ybeDp,0.1111111111111111,8,8,AATATTTATGTGTCTGACTT,0,4614507
ybeDp,0.1111111111111111,8,8,AATATTATGACTGTAGAAGG,0,4609867
ybeDp,0.1111111111111111,8,8,AATAGATGAGATATTACTGG,0,4632183
ybeDp,0.1111111111111111,8,8,AATACTTCTGAGTCTCCGCA,0,4658527
ybeDp,0.1111111111111111,8,8,AATAAGAAGCTGGGACGGTC,0,4681178
ybeDp,0.1111111111111111,8,8,AAGTCAAAAGGGATATCCCT,0,4612666
ybeDp,0.1111111111111111,8,8,AAGGGGAATGGGAAGCTAGC,0,4601976
ybeDp,0.1111111111111111,8,8,AAGGGACATTAGAGGTTTCC,0,4645599
ybeDp,0.1111111111111111,8,8,AAGGCGACTTGGGATTACAG,0,4614288
ybeDp,0.1111111111111111,8,8,AAGGCAGTGGCGCAAAATGC,0,4649708
ybeDp,0.1111111111111111,8,8,AAGGAGAGGTGGGTTAGGGG,0,4655997
ybeDp,0.1111111111111111,8,8,AAGCTGTCGTCACACTAGAC,0,4627496
ybeDp,0.1111111111111111,8,8,AAGCGTCCGTATATTTCAGG,0,4612803
ybeDp,0.1111111111111111,8,8,AAGCCTGTGTGTCATCAGAG,0,4675078
ybeDp,0.1111111111111111,8,8,AAGACCTGGGGTCCGCTGGC,0,4612520
ybeDp,0.1111111111111111,8,8,AACGGGGAACGGGAAGTGAC,0,4674721
ybeDp,0.1111111111111111,8,8,AACGCGTACTTAGGCATGGC,0,4607309
ybeDp,0.1111111111111111,8,8,AACCCTGATATTATAGGAAA,0,4659425
ybeDp,0.1111111111111111,8,8,AACAAGGGGACCCTAGAGAG,0,4672056
ybeDp,0.1111111111111111,8,8,AAATGTCTGACGGGCGATGG,0,4675102
ybeDp,0.1111111111111111,8,8,AAATATTAAAACCAACCCGA,0,4645154
ybeDp,0.1111111111111111,8,8,AAAGTGTAAAGGTTCTACGT,0,4613353
ybeDp,0.1111111111111111,8,8,AAAGTAAACAATCAAGCACT,0,4655118
ybeDp,0.1111111111111111,8,8,AAAGCGCAGAGACCTTCAAT,0,4651412
ybeDp,0.1111111111111111,8,8,AAACCTCTCCGGAGTACAAA,0,4664991
ybeDp,0.1111111111111111,8,8,AAAATAGCACTATCTTGTAC,0,4684376
ybeDp,0.1111111111111111,8,8,AAAACTCGCTCGGCTCCATA,0,4616229
ybeDp,0.1111111111111111,8,8,AAAACACCCCTAAGGCCGGG,0,4616115
ybeDp,0.125,7,7,TTTTGTGGCCCTGTATTCAC,0,4677630
ybeDp,0.125,7,7,TTTGTAGCACAGCTAGATAC,0,4624661
ybeDp,0.125,7,7,TTTGGGTCTCCTTCAAGCAT,0,4625741
ybeDp,0.125,7,7,TTTGCTTGGTTAGGCTCTAG,0,4608282
ybeDp,0.125,7,7,TTTGACAGAATTACAAATTA,0,4608921
ybeDp,0.125,7,7,TTTGAAAAATTTATGGTCAG,0,4611997
ybeDp,0.125,7,7,TTTCTAGTACGGACACCTCA,0,4687301
ybeDp,0.125,7,7,TTTCGGGAAGAGCCCACAAA,0,4609957
ybeDp,0.125,7,7,TTTCGGCTACGTAGAAGCGG,0,4675549
ybeDp,0.125,7,7,TTTCGCGATAAAAGAACATG,0,4663927
ybeDp,0.125,7,7,TTTCGCAATGCGTCACTACA,0,4609558
ybeDp,0.125,7,7,TTTCGCAAGAGGCGGTGAGA,0,4646495
ybeDp,0.125,7,7,TTTACGGAAGTTGGTCCGAT,0,4633148
ybeDp,0.125,7,7,TTGTCACGGAAAGGGGCAGC,0,4634714
ybeDp,0.125,7,7,TTGGTGTGATTTATCCCGCG,0,4607444
ybeDp,0.125,7,7,TTGGGGCTCATGCAGTATTT,0,4633559
ybeDp,0.125,7,7,TTGGGCGGCAGGTCTTCCCA,0,4674253
ybeDp,0.125,7,7,TTGGATCGTAGTTGCTTCTT,0,4638857
ybeDp,0.125,7,7,TTGCGGAAGCGGAAGCCTAT,0,4637624
ybeDp,0.125,7,7,TTGCATAAGTAGGTCAGGGG,0,4628477
ybeDp,0.125,7,7,TTGAAGACTTAGGCTGCGGG,0,4610251
ybeDp,0.125,7,7,TTGAAACTTTCGCTGTATTA,0,4665692
ybeDp,0.125,7,7,TTCTTGAAACCCCGTGGCAA,0,4669323
ybeDp,0.125,7,7,TTCTGTAACTTAAGCGCTAT,0,4646599
ybeDp,0.125,7,7,TTCGTAAAGCCGGTTGGTGA,0,4623172
ybeDp,0.125,7,7,TTCGGACCATGAGCACGATT,0,4648236
ybeDp,0.125,7,7,TTCCGCGTCAGGAAGGCAAC,0,4648876
ybeDp,0.125,7,7,TTCATCGTAATCTTGAACGT,0,4628434
ybeDp,0.125,7,7,TTCATCATCGCAGCTGGGCC,0,4635136
ybeDp,0.125,7,7,TTCACGCTCAGTAAACTAAA,0,4607525
ybeDp,0.125,7,7,TTCACACACGGCTCATGAAC,0,4687208
ybeDp,0.125,7,7,TTATCCCGGTCTGAGCCCTC,0,4660442
ybeDp,0.125,7,7,TTATAATAATGCAAGCGGTT,0,4645906
ybeDp,0.125,7,7,TTAGTTGCTCAGTTTGCGCT,0,4601935
ybeDp,0.125,7,7,TTAGTGGGAAACCGGACAAC,0,4676127
ybeDp,0.125,7,7,TTAGTGACGTCTGATACGTT,0,4629278
ybeDp,0.125,7,7,TTAGGGCTTTTTCCCGCGCG,0,4654824
ybeDp,0.125,7,7,TTAGACATCTCTTGATTGAA,0,4612177
ybeDp,0.125,7,7,TTAAGTCTATAAGCCTGAGT,0,4631846
ybeDp,0.125,7,7,TTAACTCTTAGCACGTCCGA,0,4654308
ybeDp,0.125,7,7,TTAACGCGGTTTCGGTCGTT,0,4647577
ybeDp,0.125,7,7,TGTTGGACTGATTGTACATC,0,4612673
ybeDp,0.125,7,7,TGTTATGACCGGCCTTGGAT,0,4668812
ybeDp,0.125,7,7,TGTGTACGTTTTCTACATTC,0,4609216
ybeDp,0.125,7,7,TGTCTATTCAGCGCACAAAG,0,4609930
ybeDp,0.125,7,7,TGTCGGGCACGCGCGTTTGA,0,4606925
ybeDp,0.125,7,7,TGTCCTAGTCACAGAGATTG,0,4651662
ybeDp,0.125,7,7,TGTCAGATAGCGAAAAGAGC,0,4647262
ybeDp,0.125,7,7,TGTCAATGCCCGTGCGCTAC,0,4668021
ybeDp,0.125,7,7,TGTCAACTACACATCGGACA,0,4656764
ybeDp,0.125,7,7,TGTATTTTCATAAAGCGTCT,0,4610583
ybeDp,0.125,7,7,TGGTGGTTTGGATCGCCGTT,0,4601824
ybeDp,0.125,7,7,TGGTGGCGCTTCAGTAAGTC,0,4636209
ybeDp,0.125,7,7,TGGTCGGCAGGTGCCCTTAG,0,4682220
ybeDp,0.125,7,7,TGGTCAGCACTGGCTGCGTC,0,4646548
ybeDp,0.125,7,7,TGGGTCCAGGTGGGTTAACT,0,4677324
ybeDp,0.125,7,7,TGGGGTGGGAGAAGCTAACT,0,4617035
ybeDp,0.125,7,7,TGGGGGTTGCTTGTGAATCA,0,4681165
ybeDp,0.125,7,7,TGGGGGATGGAACTTCGCGG,0,4634056
ybeDp,0.125,7,7,TGGGGCTACCCGAACCCCGT,0,4629271
ybeDp,0.125,7,7,TGGGCTCATGCAGGAGGGCG,0,4642996
ybeDp,0.125,7,7,TGGCGGCAGGAAGGAGGCCC,0,4613166
ybeDp,0.125,7,7,TGGCGCTTGGTTCTATGCGG,0,4660493
ybeDp,0.125,7,7,TGGCATCCTCCGTCGTAGCA,0,4675158
ybeDp,0.125,7,7,TGGCACTGGTAAATTAGAAC,0,4662283
ybeDp,0.125,7,7,TGGCACGGCCCTAATATAAC,0,4631900
ybeDp,0.125,7,7,TGGACAGGGATGTTTGTTCA,0,4659244
ybeDp,0.125,7,7,TGGAACTCAATAATCCGACA,0,4623668
ybeDp,0.125,7,7,TGGAAACATGCAAAAGGGGA,0,4651828
ybeDp,0.125,7,7,TGCTTATAACTTACACCTCC,0,4639088
ybeDp,0.125,7,7,TGCGTCCTCAAAGGTTTGTC,0,4686835
ybeDp,0.125,7,7,TGCCTAATGAAAATTTGGAA,0,4627650
ybeDp,0.125,7,7,TGCCGCGGATATCTCCGCTG,0,4659245
ybeDp,0.125,7,7,TGCCGCATGACCCTCCGGGT,0,4672208
ybeDp,0.125,7,7,TGCCCGATATGGGACCATGA,0,4601737
ybeDp,0.125,7,7,TGCCCAGTGAAAGCCGTGTA,0,4670448
ybeDp,0.125,7,7,TGCCATGCACCGTTAAGCAG,0,4631902
ybeDp,0.125,7,7,TGCCACGGACCGCAAGTACG,0,4616525
ybeDp,0.125,7,7,TGATGGCGGTGGGATCCACT,0,4678674
ybeDp,0.125,7,7,TGATGCGGGAATTACCAAAC,0,4645043
ybeDp,0.125,7,7,TGATCTGGTATGAGGCTGGA,0,4646350
ybeDp,0.125,7,7,TGATCCAACGAGTTTATAAA,0,4617161
ybeDp,0.125,7,7,TGATCATGTCCCTGTGCATA,0,4617395
ybeDp,0.125,7,7,TGAGATCCTAGTGGACATTA,0,4634232
ybeDp,0.125,7,7,TGACCACCGGTGGGGTGAGG,0,4629884
ybeDp,0.125,7,7,TGACATAGTGGGGAGGGATA,0,4632086
ybeDp,0.125,7,7,TGACAGGTACTGTTCCGTAA,0,4681700
ybeDp,0.125,7,7,TGAATATACCGCCGACGAGG,0,4607945
ybeDp,0.125,7,7,TGAAGTTTTATGTGTCAAGT,0,4686404
ybeDp,0.125,7,7,TGAACCGTCCGGAGAACACT,0,4611292
ybeDp,0.125,7,7,TGAAAATGCTAATTGCCAAG,0,4667726
ybeDp,0.125,7,7,TCTTCGAAGACCCATTGCAA,0,4652157
ybeDp,0.125,7,7,TCTTCATGTCTTCTCTTGGA,0,4661021
ybeDp,0.125,7,7,TCTTAGGATGCCCGCGTACC,0,4610664
ybeDp,0.125,7,7,TCTTAAGAAAGTCACATGGA,0,4677108
ybeDp,0.125,7,7,TCTGTCCGGTCCGCCGTATC,0,4661878
ybeDp,0.125,7,7,TCTGATTTAATGACCTTCGA,0,4680735
ybeDp,0.125,7,7,TCTCGTGGTGGTTTTAGATT,0,4641348
ybeDp,0.125,7,7,TCTCGAGAGGCTCATGGGAG,0,4647296
ybeDp,0.125,7,7,TCTCCTGTCATGTCCGCGCA,0,4652152
ybeDp,0.125,7,7,TCTAGATTTTTGAGCAATGT,0,4632860
ybeDp,0.125,7,7,TCTAGAGATATCGTACACTC,0,4685637
ybeDp,0.125,7,7,TCTACGAGGTTTACCATAAT,0,4664450
ybeDp,0.125,7,7,TCTAAGTCATACAGGTGTCA,0,4609535
ybeDp,0.125,7,7,TCTAACCTTTTGTTCGTTCG,0,4654620
ybeDp,0.125,7,7,TCTAAACGACTTCACGGAGA,0,4675058
ybeDp,0.125,7,7,TCGTTTGCAAGTTTCAGGGC,0,4638201
ybeDp,0.125,7,7,TCGTTTCTACGGCCGTGTGG,0,4603505
ybeDp,0.125,7,7,TCGTTTAGCGTTGTAGGGCA,0,4683114
ybeDp,0.125,7,7,TCGTGGTGTTGCGGCGTGCA,0,4613428
ybeDp,0.125,7,7,TCGTGGGAGTATCGCTTGCA,0,4634934
ybeDp,0.125,7,7,TCGTGCGTTACTAAGTGTAT,0,4657638
ybeDp,0.125,7,7,TCGTCTGGTAGATATTTTAA,0,4612588
ybeDp,0.125,7,7,TCGTAGGGTTGGGAAAGCGG,0,4613638
ybeDp,0.125,7,7,TCGTAGAATCAATATACGTA,0,4685372
ybeDp,0.125,7,7,TCGTACATACACGGCTTAGG,0,4668789
ybeDp,0.125,7,7,TCGTACAGCTTGATCGGCCA,0,4627433
ybeDp,0.125,7,7,TCGGGGAGTCTTTAGGAGGG,0,4674468
ybeDp,0.125,7,7,TCGCTTGTCGCACGATCGTG,0,4611417
ybeDp,0.125,7,7,TCGCTCGGCAAGGACCCATA,0,4620473
ybeDp,0.125,7,7,TCGCGGTTATTAGTTAAAAA,0,4632459
ybeDp,0.125,7,7,TCGCCGCTAAACAATTGAGC,0,4639613
ybeDp,0.125,7,7,TCGATGGGTCCGCCTCCATA,0,4620405
ybeDp,0.125,7,7,TCGATCTAATTCTGAATAGC,0,4685297
ybeDp,0.125,7,7,TCCTGGGGCACAGAACGCCC,0,4678404
ybeDp,0.125,7,7,TCCGGTGCCAACCGCGGCAT,0,4635597
ybeDp,0.125,7,7,TCCCTTGGATTTGAAGAGTT,0,4608804
ybeDp,0.125,7,7,TCCCTGGTCCAGTACATATA,0,4613488
ybeDp,0.125,7,7,TCCCCTCCGGCCGGGATCGA,0,4602120
ybeDp,0.125,7,7,TCCCACCTTTAGACCAAGAT,0,4613786
ybeDp,0.125,7,7,TCCAGGGTAACATCCGACAA,0,4629164
ybeDp,0.125,7,7,TCATGAGATGTTACGAAGCC,0,4641124
ybeDp,0.125,7,7,TCATCGGCCTATCTGTTGAA,0,4674585
ybeDp,0.125,7,7,TCATCACACAACGCTTGCCA,0,4666541
ybeDp,0.125,7,7,TCATATTCCCGGTCCAGGGT,0,4677486
ybeDp,0.125,7,7,TCATATATAATAGGTCTGGT,0,4643075
ybeDp,0.125,7,7,TCAGTTGGGATCATTGCTTG,0,4652785
ybeDp,0.125,7,7,TCAGTCGTGCTACTTTTCGA,0,4628473
ybeDp,0.125,7,7,TCAGCGCTCAGTTTACACTC,0,4626499
ybeDp,0.125,7,7,TCAGCCCAGGCAAAAACTAG,0,4625720
ybeDp,0.125,7,7,TCACGACTCGGCCCACGGTT,0,4603445
ybeDp,0.125,7,7,TATGATGAACCCCGAGTAGT,0,4622183
ybeDp,0.125,7,7,TATGAATCGAGTTAGAGGTC,0,4615208
ybeDp,0.125,7,7,TATCCAGGAAGTTAGCCAGC,0,4637307
ybeDp,0.125,7,7,TATCAACTCATACCCGTCAG,0,4608490
ybeDp,0.125,7,7,TATATATGACAGGGTGAAGA,0,4684456
ybeDp,0.125,7,7,TAGGTAGTGTTAAGGAGCAG,0,4623094
ybeDp,0.125,7,7,TAGGTAGTGAATTTCTACGT,0,4658918
ybeDp,0.125,7,7,TAGGCTGTACATGGGCGTTG,0,4634134
ybeDp,0.125,7,7,TAGGCATGATATAAATGCCT,0,4677194
ybeDp,0.125,7,7,TAGGATGATTGATTTGCGTG,0,4621194
ybeDp,0.125,7,7,TAGGAGGGATGGTCGGTTAA,0,4613961
ybeDp,0.125,7,7,TAGGAGCTGAGGGTAACTAG,0,4651442
ybeDp,0.125,7,7,TAGCTCTTTCACCTCCATTG,0,4664853
ybeDp,0.125,7,7,TAGCGTAGCTTATTTGCTAC,0,4661572
ybeDp,0.125,7,7,TAGCGCAAGTATTCGGAAGC,0,4624812
ybeDp,0.125,7,7,TAGCGAGTTGGTCCCCTGCG,0,4637961
ybeDp,0.125,7,7,TAGCCGTTTACGGCAACTAG,0,4619737
ybeDp,0.125,7,7,TAGCAGCCTTTGCAGAGTCT,0,4622087
ybeDp,0.125,7,7,TAGATTCACATATGCAGGGT,0,4653579
ybeDp,0.125,7,7,TAGACTTAAGGGTCTTTGAG,0,4626078
ybeDp,0.125,7,7,TAGACATCGTAATCCGTGGT,0,4683555
ybeDp,0.125,7,7,TACTCTATTATATAACGGCC,0,4672529
ybeDp,0.125,7,7,TACTCCTTACCCGGGCCGCT,0,4647527
ybeDp,0.125,7,7,TACGTGGCAAGTATGAGGTA,0,4667676
ybeDp,0.125,7,7,TACGATACGTAAGCTAGGGT,0,4626471
ybeDp,0.125,7,7,TACCTCGTTAGTCTTATTAG,0,4641820
ybeDp,0.125,7,7,TACCTAGAACCGACTCCTTA,0,4668537
ybeDp,0.125,7,7,TACCGATGATAGGCGCAGCC,0,4632109
ybeDp,0.125,7,7,TACCCTCTTGCCGGAGGTTA,0,4618606
ybeDp,0.125,7,7,TACAAGTATGGCTAATCTGG,0,4673112
ybeDp,0.125,7,7,TAATTGTTGGGTTAGATCAA,0,4676543
ybeDp,0.125,7,7,TAATGAAGTTTTAGGTGTGT,0,4678264
ybeDp,0.125,7,7,TAATCTTACGCACAACGCTA,0,4668037
ybeDp,0.125,7,7,TAATCGGACTGAGCGGCAAT,0,4629170
ybeDp,0.125,7,7,TAATATAGAGTATCGTCTGT,0,4673686
ybeDp,0.125,7,7,TAAGGATGTGCTGGCTGTGG,0,4662942
ybeDp,0.125,7,7,TAAGAAGTACGGAATAGACT,0,4633601
ybeDp,0.125,7,7,TAACTCGGAAGGTAGGAAGT,0,4679706
ybeDp,0.125,7,7,TAACGCTCAGCGGCACGGCC,0,4652644
ybeDp,0.125,7,7,TAACATTTGGAGCGGCCAAT,0,4646832
ybeDp,0.125,7,7,TAACACTGCACAAGGGAAGT,0,4686569
ybeDp,0.125,7,7,TAAATAACACCGAAAGGCAA,0,4603818
ybeDp,0.125,7,7,TAAAGCTGGGTGGGAGGTGA,0,4678807
ybeDp,0.125,7,7,TAAACGGTTAATATAATTTC,0,4633962
ybeDp,0.125,7,7,TAAACAGACGGTCCCCGTAT,0,4632084
ybeDp,0.125,7,7,GTTTTGCCGCAGGCTAGTAA,0,4603199
ybeDp,0.125,7,7,GTTTCCTGGGTGGAGTAACA,0,4644016
ybeDp,0.125,7,7,GTTGCTGAGGGCTTGATCTT,0,4669235
ybeDp,0.125,7,7,GTTGAGGTACTTCGAATTAT,0,4604199
ybeDp,0.125,7,7,GTTCGTTATTCGCGGTCAGC,0,4644817
ybeDp,0.125,7,7,GTTCGCCGTTCTTTCACGTG,0,4678167
ybeDp,0.125,7,7,GTTCGAGGACGCGTGTCTTG,0,4635119
ybeDp,0.125,7,7,GTTCATGACCCCCAGGCCCG,0,4683841
ybeDp,0.125,7,7,GTTATTGCGTTGACATCAAT,0,4622873
ybeDp,0.125,7,7,GTTATCGACGCACGGGCAGT,0,4611486
ybeDp,0.125,7,7,GTTAATCGGTTCCTTATTTA,0,4677347
ybeDp,0.125,7,7,GTTAACGTCCCATACCCCTC,0,4685324
ybeDp,0.125,7,7,GTTAACGATCGCGTCTGTAA,0,4621523
ybeDp,0.125,7,7,GTGTTGGTAAAACAGTCCAG,0,4634795
ybeDp,0.125,7,7,GTGTACCATCAGGGGTCCAT,0,4656405
ybeDp,0.125,7,7,GTGGTATTAGATGTAAAGTA,0,4651608
ybeDp,0.125,7,7,GTGGCTGATTAGCAGGAATT,0,4672546
ybeDp,0.125,7,7,GTGGCCGCATACAGGAGACT,0,4611028
ybeDp,0.125,7,7,GTGCTCAACTGTTGTATCAG,0,4609272
ybeDp,0.125,7,7,GTGCCATAGTCTTAAGTTTG,0,4673652
ybeDp,0.125,7,7,GTGCATTCTTGCCGGCTTGG,0,4656710
ybeDp,0.125,7,7,GTGCAATAAATATTATTAGT,0,4605034
ybeDp,0.125,7,7,GTGCAACATGTGGCGTGATC,0,4670420
ybeDp,0.125,7,7,GTGATTCTTAAATCAAGGCG,0,4633168
ybeDp,0.125,7,7,GTGACGTATTCGAAGCCGTT,0,4606413
ybeDp,0.125,7,7,GTGACACAGGTCGGTGGCTC,0,4628533
ybeDp,0.125,7,7,GTGACAAAACGACGGAATCA,0,4668726
ybeDp,0.125,7,7,GTGAACCCTAACGGAGCACG,0,4632211
ybeDp,0.125,7,7,GTCTTTTATCGGATCTACTG,0,4608907
ybeDp,0.125,7,7,GTCTTAGCGAGACGAGGGCT,0,4614886
ybeDp,0.125,7,7,GTCTGGTTAGGAGCCCGACC,0,4630016
ybeDp,0.125,7,7,GTCTGCGGACGGGATCTTTT,0,4604351
ybeDp,0.125,7,7,GTCTGCGAATATAATTTACG,0,4640221
ybeDp,0.125,7,7,GTCGGTATTCGGCGTCGAGA,0,4633253
ybeDp,0.125,7,7,GTCGCGTTACTGTGGACGAA,0,4605344
ybeDp,0.125,7,7,GTCGCCCAGAGTCTGTAAGT,0,4645893
ybeDp,0.125,7,7,GTCGATCTAAATTTGTTGTC,0,4628510
ybeDp,0.125,7,7,GTCCACACTGAAAATGGGCG,0,4669478
ybeDp,0.125,7,7,GTCATAGGGGCTACACGAAA,0,4645641
ybeDp,0.125,7,7,GTATGGCTATGTGGGTAAGT,0,4641500
ybeDp,0.125,7,7,GTATGCTAGGGCGCCTACTT,0,4612511
ybeDp,0.125,7,7,GTAGGGTCAGAAAAGCCTGC,0,4605857
ybeDp,0.125,7,7,GTAGGGGTGACACACCGAAC,0,4613235
ybeDp,0.125,7,7,GTAGCAAATGGTCAGTCAAG,0,4656632
ybeDp,0.125,7,7,GTAGATACATAAACCCTCTC,0,4652625
ybeDp,0.125,7,7,GTAGACTTGGTGGTAAGGAT,0,4641045
ybeDp,0.125,7,7,GTAGACGGTTGCGGAGACTC,0,4657108
ybeDp,0.125,7,7,GTAGAAGCCCAATAACTAAA,0,4651649
ybeDp,0.125,7,7,GTACTTCTAGGGTAGACATA,0,4614541
ybeDp,0.125,7,7,GTACTCGACGATGCTGCGGG,0,4626958
ybeDp,0.125,7,7,GTAATGCGTTGATGCGTGCT,0,4677263
ybeDp,0.125,7,7,GTAATCAGACTCCATCGGAG,0,4662146
ybeDp,0.125,7,7,GTAACTCAGCTAACAGTCAT,0,4664964
ybeDp,0.125,7,7,GTAACCCCAAGCCTCGGTTT,0,4611136
ybeDp,0.125,7,7,GGTTTCCCCTAAAGGGTACT,0,4661442
ybeDp,0.125,7,7,GGTTGTTGTGGGTCCTCATA,0,4666153
ybeDp,0.125,7,7,GGTTGTCTGTAGATAGTCTT,0,4620894
ybeDp,0.125,7,7,GGTTGCGATTAACGGTCTTC,0,4663031
ybeDp,0.125,7,7,GGTTAGGTCGACGTAAATGT,0,4613632
ybeDp,0.125,7,7,GGTGTCTCGTCGCCGACGGA,0,4647048
ybeDp,0.125,7,7,GGTGCATGGCAGGTTAGAGG,0,4648176
ybeDp,0.125,7,7,GGTGACAAGAAGTATTTCTG,0,4651352
ybeDp,0.125,7,7,GGTCTGCACATGGTCTTTTG,0,4628171
ybeDp,0.125,7,7,GGTCCGACGGTGGCACTTTA,0,4685069
ybeDp,0.125,7,7,GGTCCCCGACGGGGCCTTCG,0,4676797
ybeDp,0.125,7,7,GGTCATCAGTCCAAACAGGT,0,4652171
ybeDp,0.125,7,7,GGTACTTTTAGCACCTTGTG,0,4641253
ybeDp,0.125,7,7,GGTACGCAACTGTGATCATT,0,4668083
ybeDp,0.125,7,7,GGGTTTAGCGGTCAGCGAAT,0,4672845
ybeDp,0.125,7,7,GGGTGCCGGTGGCGCAGGAA,0,4671236
ybeDp,0.125,7,7,GGGTGAACCTACCGGACCCT,0,4609776
ybeDp,0.125,7,7,GGGTGAAATAGCCTGGGTAT,0,4628501
ybeDp,0.125,7,7,GGGTCCAATAGGTTACAGAT,0,4672638
ybeDp,0.125,7,7,GGGTAGTGCTCAATTCAGGG,0,4682452
ybeDp,0.125,7,7,GGGGTGCGATACTTAAGACA,0,4657380
ybeDp,0.125,7,7,GGGGAGATTGCTTATTCGGC,0,4603556
ybeDp,0.125,7,7,GGGGAATGTCTACCAATACA,0,4642591
ybeDp,0.125,7,7,GGGCGTTCGCAGGGCCTGGG,0,4620526
ybeDp,0.125,7,7,GGGCGTCGATCAACCTTATT,0,4660228
ybeDp,0.125,7,7,GGGCGTAGTCGGTTTCGGAG,0,4640944
ybeDp,0.125,7,7,GGGCAATCAGCCGAGCTGGG,0,4652160
ybeDp,0.125,7,7,GGGATTGAATCTCCTCGATT,0,4619263
ybeDp,0.125,7,7,GGGATGATGCCGCCGTAGTG,0,4652781
ybeDp,0.125,7,7,GGGATCTCGTCCCGATGCGC,0,4608034
ybeDp,0.125,7,7,GGGAGCTTCAAATAGTGTGC,0,4658997
ybeDp,0.125,7,7,GGGAGCGCAGACCCGTATGA,0,4656633
ybeDp,0.125,7,7,GGGAAACGGGGTCTTGAACC,0,4605828
ybeDp,0.125,7,7,GGCTAATTCCGCGCGATTGA,0,4634069
ybeDp,0.125,7,7,GGCGTTGAACGAGGAACAAC,0,4660524
ybeDp,0.125,7,7,GGCGGAGTATCTGAGGGTTT,0,4672846
ybeDp,0.125,7,7,GGCGCATTAAACGAGACCCG,0,4614977
ybeDp,0.125,7,7,GGCGATCCAGGTGAAAGTAG,0,4611891
ybeDp,0.125,7,7,GGCGAACTCAACAGATCGCA,0,4681551
ybeDp,0.125,7,7,GGCCTGTATAGATAGGAAAG,0,4677532
ybeDp,0.125,7,7,GGCCCGAGGCTAAGGTAATG,0,4672860
ybeDp,0.125,7,7,GGCATTGGTGCGATTTGTTT,0,4674645
ybeDp,0.125,7,7,GGCATCGTGAGGCCCCGGTG,0,4665972
ybeDp,0.125,7,7,GGCATATTGGACTTGGACTC,0,4614804
ybeDp,0.125,7,7,GGCAGTAAGACTGCTGGTCT,0,4655223
ybeDp,0.125,7,7,GGATGATACGGTTGCAATCC,0,4628364
ybeDp,0.125,7,7,GGATCGTGTGCCAGTACTGG,0,4658409
ybeDp,0.125,7,7,GGATCCGAGCCAGAACGTAC,0,4602174
ybeDp,0.125,7,7,GGATAGCAAAACCTTATTTG,0,4642045
ybeDp,0.125,7,7,GGAGTAGCGCAATGGGTCAG,0,4610375
ybeDp,0.125,7,7,GGAGGTCGTCAATTGGGTTG,0,4634783
ybeDp,0.125,7,7,GGAGGTCCCCTAAGAAGGGT,0,4619940
ybeDp,0.125,7,7,GGAGGATTGCATAGGGAATG,0,4630387
ybeDp,0.125,7,7,GGAGCTATCAATACTCTACG,0,4684810
ybeDp,0.125,7,7,GGAGCACGGGTTCTCCGGGA,0,4602437
ybeDp,0.125,7,7,GGAGAGCGCCCCTTCACCCC,0,4631751
ybeDp,0.125,7,7,GGAGACAGCGCGCGTTCCGC,0,4680506
ybeDp,0.125,7,7,GGACTCTAGGCACAACATTC,0,4624511
ybeDp,0.125,7,7,GGACGAGAGTAGGAGAGTTT,0,4648346
ybeDp,0.125,7,7,GGACCTGTGGGGACTTTTGT,0,4630751
ybeDp,0.125,7,7,GGACCGGAGGGAGCGGTCGT,0,4625469
ybeDp,0.125,7,7,GGACAAACAGAGGCTTGTTC,0,4627666
ybeDp,0.125,7,7,GGAATTGAGCGCGGACGGGG,0,4606928
ybeDp,0.125,7,7,GGAATAGAACGGGGGCGTCA,0,4610197
ybeDp,0.125,7,7,GGAAGGCCCCGTTCTGCAGG,0,4659199
ybeDp,0.125,7,7,GGAAACCCGAGGAAGCAGTC,0,4610762
ybeDp,0.125,7,7,GGAAAAATGTACTAAACATA,0,4635118
ybeDp,0.125,7,7,GCTTGCGTCAGGTCGCGAAG,0,4672887
ybeDp,0.125,7,7,GCTTCATATCCCTTTGATCA,0,4665458
ybeDp,0.125,7,7,GCTGTCTGAACGCGGCTATT,0,4673149
ybeDp,0.125,7,7,GCTGTATGTGCCCTGGACGC,0,4605614
ybeDp,0.125,7,7,GCTGCGGGGGGAGGGAATTA,0,4630495
ybeDp,0.125,7,7,GCTAATACGTGCGCCCTTGA,0,4665393
ybeDp,0.125,7,7,GCTAAAAATCTTTGCTGATC,0,4617737
ybeDp,0.125,7,7,GCGTTACGGAGGTCTGTTTG,0,4631914
ybeDp,0.125,7,7,GCGTACTCAAGTTTAAGCTT,0,4612265
ybeDp,0.125,7,7,GCGTAAATCTAAGTGAGTAG,0,4640775
ybeDp,0.125,7,7,GCGGGTTGTAGGGTTGAAGC,0,4671059
ybeDp,0.125,7,7,GCGGGACGAAGCGGCCGAAC,0,4686564
ybeDp,0.125,7,7,GCGGCAGATTAAGGCGATCT,0,4655705
ybeDp,0.125,7,7,GCGCGGTCTGACGACCGTGC,0,4652116
ybeDp,0.125,7,7,GCGCGCCCCCAGTCGTGCGC,0,4628466
ybeDp,0.125,7,7,GCGCACTATTGACTTTGATG,0,4639639
ybeDp,0.125,7,7,GCGACCAGCTAAGGATGTTA,0,4626765
ybeDp,0.125,7,7,GCGAAGATAGCCGCATGAGA,0,4661328
ybeDp,0.125,7,7,GCCTTAATGTGTCGGAATAG,0,4601471
ybeDp,0.125,7,7,GCCTGGGGCCGCATTGTTTC,0,4656799
ybeDp,0.125,7,7,GCCTACCAACGACGGCCTAA,0,4605211
ybeDp,0.125,7,7,GCCGGAATAATTACTTGAAC,0,4602129
ybeDp,0.125,7,7,GCCCAGACTCAGGCAACGCT,0,4624904
ybeDp,0.125,7,7,GCCATGACCAACTTTGAAGC,0,4607311
ybeDp,0.125,7,7,GCATTTGTGATTTCTACACA,0,4666973
ybeDp,0.125,7,7,GCATATACCCTACCTTTTGA,0,4604409
ybeDp,0.125,7,7,GCACTCTAACAGCTAGGGTC,0,4601673
ybeDp,0.125,7,7,GCACCAGAGCATGCATCGTG,0,4628863
ybeDp,0.125,7,7,GCAACGGGTGTTTAATGACT,0,4608727
ybeDp,0.125,7,7,GCAAATGACAGGATAGTTTT,0,4654029
ybeDp,0.125,7,7,GCAAAGATATTGCACGCCCC,0,4656392
ybeDp,0.125,7,7,GCAAACTGGATCGGTTCTCG,0,4601775
ybeDp,0.125,7,7,GCAAACTCTGGTCGTTAGCT,0,4641376
ybeDp,0.125,7,7,GATTTGGATAGGGTCTCGGT,0,4602979
ybeDp,0.125,7,7,GATGGTTACTACGTGCGACA,0,4607973
ybeDp,0.125,7,7,GATCGTCAACGAGCCAGGGT,0,4634855
ybeDp,0.125,7,7,GATCGAGACTCAGTGCGTGC,0,4623539
ybeDp,0.125,7,7,GATCAGCTATTCAGTGGTTT,0,4650555
ybeDp,0.125,7,7,GAGTTTCATGTGATCCTTTG,0,4663953
ybeDp,0.125,7,7,GAGTTGACTCAATCTGCCAA,0,4670458
ybeDp,0.125,7,7,GAGTGCGCCACGAGTAAAAC,0,4660414
ybeDp,0.125,7,7,GAGTCTGCGAGTGTCAGATT,0,4621141
ybeDp,0.125,7,7,GAGGGTGCTAGGGTGCACGT,0,4667819
ybeDp,0.125,7,7,GAGGGATGGCCCTACCGAAT,0,4650869
ybeDp,0.125,7,7,GAGGACTTCTATCCTACTAA,0,4624608
ybeDp,0.125,7,7,GAGGACCGGGATAACATACA,0,4637693
ybeDp,0.125,7,7,GAGCTCGGAAACAGTAAGAG,0,4661027
ybeDp,0.125,7,7,GAGCCCTGACCCCTCGAGGT,0,4635399
ybeDp,0.125,7,7,GAGCCCGTGCCATCTTCCAG,0,4636274
ybeDp,0.125,7,7,GAGCCCGGTATATGTGTTTA,0,4617765
ybeDp,0.125,7,7,GAGCAGTACACGGTGGAACA,0,4666218
ybeDp,0.125,7,7,GAGCAGCTTCTGTTGAGTTG,0,4630774
ybeDp,0.125,7,7,GAGCAATTTGAGACCAGTGC,0,4653202
ybeDp,0.125,7,7,GAGCAATGGCCAGACGCTTC,0,4619219
ybeDp,0.125,7,7,GAGATTCCACGATGACCAAA,0,4608334
ybeDp,0.125,7,7,GAGAGTATTAGGGTTAAGTG,0,4669174
ybeDp,0.125,7,7,GAGACTTGCTCGGTGTACGA,0,4638386
ybeDp,0.125,7,7,GAGACGACGGAACGACATTT,0,4655104
ybeDp,0.125,7,7,GAGACCTAATACCGAGTCGG,0,4629785
ybeDp,0.125,7,7,GAGAAAAGCCTAGCTTCGTA,0,4605792
ybeDp,0.125,7,7,GACTTCCAAGCTTGGCTATG,0,4628338
ybeDp,0.125,7,7,GACTGCCGGACCGACCCTTC,0,4623037
ybeDp,0.125,7,7,GACGGTTCGCCCCCAATTGG,0,4603747
ybeDp,0.125,7,7,GACGGTGGAAACCGCATATT,0,4665058
ybeDp,0.125,7,7,GACGGGCGGACCTAACGAGG,0,4666612
ybeDp,0.125,7,7,GACGGGCCGTCGATTAAGTG,0,4635203
ybeDp,0.125,7,7,GACCTAAACTATGTCGCTAT,0,4629636
ybeDp,0.125,7,7,GACATACGCAGGTCTGTTTA,0,4645442
ybeDp,0.125,7,7,GACAGTGAGCCGGAGTTTTC,0,4632248
ybeDp,0.125,7,7,GACAGAATCGGGTACGTGCA,0,4642883
ybeDp,0.125,7,7,GACACTCCAAGGGCTATCCA,0,4635173
ybeDp,0.125,7,7,GAATGTACTAGCCCCAAGGA,0,4667639
ybeDp,0.125,7,7,GAAGGGCCGCGAAATGATGA,0,4602513
ybeDp,0.125,7,7,GAACCTAAGTAAAGCTTCGT,0,4647544
ybeDp,0.125,7,7,GAACCACACTCGTAATTACT,0,4605851
ybeDp,0.125,7,7,GAACATACCTGCAAATCTGT,0,4601236
ybeDp,0.125,7,7,GAACAGATGTGCTATCGACA,0,4662640
ybeDp,0.125,7,7,GAAATCATCCAATCCACCGA,0,4646547
ybeDp,0.125,7,7,GAAATATTTGTCATGCGTAA,0,4638976
ybeDp,0.125,7,7,GAAATAGATGTAACATTTAT,0,4626706
ybeDp,0.125,7,7,GAAAGTTCTATGCACCGACC,0,4655275
ybeDp,0.125,7,7,GAAAAAACGTGTTTCTTTAG,0,4683717
ybeDp,0.125,7,7,CTTTGATACATGAGCCAACT,0,4630367
ybeDp,0.125,7,7,CTTTCTCGCCTGCCCGGTAG,0,4680471
ybeDp,0.125,7,7,CTTGTCCGTCTGGCGTGGGA,0,4626066
ybeDp,0.125,7,7,CTTGTCCATGGAGATAACCT,0,4639001
ybeDp,0.125,7,7,CTTGGTTTTGGAGGCATGTT,0,4664036
ybeDp,0.125,7,7,CTTGCCACCACGGGTACAAG,0,4674390
ybeDp,0.125,7,7,CTTCTCGTCTAGGAGTGGTG,0,4641536
ybeDp,0.125,7,7,CTTCCGTCTTCACCTACGCC,0,4670492
ybeDp,0.125,7,7,CTTCATTTGCATCTATTCAT,0,4639638
ybeDp,0.125,7,7,CTTCATCCGGTGTGCGGAGC,0,4662906
ybeDp,0.125,7,7,CTTCATAGTAAATTTCAACC,0,4650349
ybeDp,0.125,7,7,CTTAGGCTAATTGGGTCGCT,0,4631519
ybeDp,0.125,7,7,CTTAGCCTTTCTGAACAGAA,0,4645535
ybeDp,0.125,7,7,CTTAGCCATCATGTAATTGT,0,4660134
ybeDp,0.125,7,7,CTTAGAGGTGTCTTATCAAT,0,4618080
ybeDp,0.125,7,7,CTTACCCTCGGTCTCCACGT,0,4641070
ybeDp,0.125,7,7,CTTACCACAATTGATACTTA,0,4614476
ybeDp,0.125,7,7,CTTACCAATCGTTCGTACGC,0,4633499
ybeDp,0.125,7,7,CTTAACGATCCTACTCGTCA,0,4607009
ybeDp,0.125,7,7,CTTAAAGATGATAGGCATGT,0,4658432
ybeDp,0.125,7,7,CTGTTGAGCCATCTACATAA,0,4615261
ybeDp,0.125,7,7,CTGTGCGCACTTGCACCCTT,0,4641956
ybeDp,0.125,7,7,CTGTGCAGACTTGGCAGATT,0,4665188
ybeDp,0.125,7,7,CTGTCTAATTTACGTTCGCA,0,4635117
ybeDp,0.125,7,7,CTGTACATAACTCAGTTCTA,0,4637291
ybeDp,0.125,7,7,CTGGTATTTTATGGAGGCTA,0,4639575
ybeDp,0.125,7,7,CTGGTATATACCATGCGCTT,0,4672762
ybeDp,0.125,7,7,CTGGCACGGTAAATCATTCA,0,4634786
ybeDp,0.125,7,7,CTGGAGCCGACGAAGTTTTG,0,4625288
ybeDp,0.125,7,7,CTGGAGATGACGGAGACTCA,0,4602540
ybeDp,0.125,7,7,CTGGACGAGCCAGCGCCCCT,0,4626458
ybeDp,0.125,7,7,CTGGACCGGCCTAAGGCGGC,0,4685636
ybeDp,0.125,7,7,CTGCTCTGAATGGTTTAAAT,0,4646183
ybeDp,0.125,7,7,CTGCCGGGACCTAATTGCCA,0,4616166
ybeDp,0.125,7,7,CTGCCGGCGCGGAGCGAATG,0,4654313
ybeDp,0.125,7,7,CTGATTCCACCGTCTGAGCT,0,4608107
ybeDp,0.125,7,7,CTGAGCGTACCCCTAGAAAT,0,4645677
ybeDp,0.125,7,7,CTGACGGGTGCTACTATATT,0,4633885
ybeDp,0.125,7,7,CTGACACTTGTGCTGCGCAT,0,4675269
ybeDp,0.125,7,7,CTGAAAAGGCGTCCCCGTAA,0,4625462
ybeDp,0.125,7,7,CTCTTGCTGAGAGGGAATCA,0,4626907
ybeDp,0.125,7,7,CTCTTATGTGTCGGGGAGTC,0,4626347
ybeDp,0.125,7,7,CTCTCCCGGGTCCTATTTAC,0,4653857
ybeDp,0.125,7,7,CTCTCATTGGTCAGTTAGTG,0,4660618
ybeDp,0.125,7,7,CTCTCATGATGCCGTAAATG,0,4646453
ybeDp,0.125,7,7,CTCTAAGGGGCACTTGACAG,0,4615890
ybeDp,0.125,7,7,CTCGCAGATCGGCAGTTATT,0,4654492
ybeDp,0.125,7,7,CTCCTAAGGCAAGGGGCTGG,0,4612157
ybeDp,0.125,7,7,CTCCGACAAATTACCTCCGT,0,4651710
ybeDp,0.125,7,7,CTCCCGTCCACTCAGCCATC,0,4661559
ybeDp,0.125,7,7,CTCCCCTGTGTCTGCGTCTT,0,4648377
ybeDp,0.125,7,7,CTCCAAAATACCCTTGATAG,0,4613342
ybeDp,0.125,7,7,CTCAGTTAACTGGAGTCATC,0,4652143
ybeDp,0.125,7,7,CTCACGTAGGCACTACTCTG,0,4646129
ybeDp,0.125,7,7,CTATGGCAAAGAAACAGAAT,0,4629306
ybeDp,0.125,7,7,CTATCTAGGGCTTTAGCCAC,0,4632699
ybeDp,0.125,7,7,CTATATTACAAAGCAAGGCT,0,4625544
ybeDp,0.125,7,7,CTAGTTCTATCATGCCGTCT,0,4629498
ybeDp,0.125,7,7,CTAGTGATCTAAGTTTTGCT,0,4649333
ybeDp,0.125,7,7,CTAGCTTAGTAGTCAGATCC,0,4610909
ybeDp,0.125,7,7,CTACGTAATGATAATTCGAC,0,4601796
ybeDp,0.125,7,7,CTACCTTGGAGTGCAAAACG,0,4630162
ybeDp,0.125,7,7,CTACCGATACCGGAGAGCCA,0,4608047
ybeDp,0.125,7,7,CTACATCGGGCTATGTGCAA,0,4671992
ybeDp,0.125,7,7,CTACAGATGGCGATAGACGT,0,4640217
ybeDp,0.125,7,7,CTACACCAAGTTCGGGGCCT,0,4646683
ybeDp,0.125,7,7,CTAATTAAACGTTATAGCGT,0,4627257
ybeDp,0.125,7,7,CTAATCAGTCAAACTTGCCA,0,4648591
ybeDp,0.125,7,7,CTAAGCGCACCCTAGACGCT,0,4650430
ybeDp,0.125,7,7,CTAACGAGGGTACTCTGGGT,0,4657027
ybeDp,0.125,7,7,CTAACCGGGAGAGCCCGTGT,0,4651892
ybeDp,0.125,7,7,CGTTTCCGGGATCAGGGCGT,0,4654965
ybeDp,0.125,7,7,CGTTGATCTTTTCCAGGAAC,0,4608743
ybeDp,0.125,7,7,CGTTACAACCGTCACTGTCT,0,4659521
ybeDp,0.125,7,7,CGTGTTCATAATTTAAACAT,0,4640252
ybeDp,0.125,7,7,CGTGTGCAATTTCCTATGTT,0,4618305
ybeDp,0.125,7,7,CGTCTATAGACAATTTCGCT,0,4678216
ybeDp,0.125,7,7,CGTCGCGTAGGCATGACATT,0,4662145
ybeDp,0.125,7,7,CGTCCGTCAGGAGGCTAAGA,0,4633223
ybeDp,0.125,7,7,CGTCCGAGAATTTCGTACAC,0,4635096
ybeDp,0.125,7,7,CGTCAGTGTATCAGCAAACA,0,4652118
ybeDp,0.125,7,7,CGTATATCAATCCATACCAT,0,4618276
ybeDp,0.125,7,7,CGTAAGCCTTGGACCGCTCA,0,4631685
ybeDp,0.125,7,7,CGGTTCCCCGACGGTTATGT,0,4645657
ybeDp,0.125,7,7,CGGTCAGGGACCCTCGTTGT,0,4608154
ybeDp,0.125,7,7,CGGGTTATTGTTCTGCCTGG,0,4649304
ybeDp,0.125,7,7,CGGGTCGAGTATACTGATTA,0,4606615
ybeDp,0.125,7,7,CGGGGGCACAGGGGCTAAAT,0,4617014
ybeDp,0.125,7,7,CGGGGAGCGTTTAGTAATGA,0,4620288
ybeDp,0.125,7,7,CGGGCTCGACACGCTGGTTT,0,4607787
ybeDp,0.125,7,7,CGGCTGTCTTCGGTTTCTTT,0,4600870
ybeDp,0.125,7,7,CGGCTCAGCGTAGGCTTAAT,0,4643173
ybeDp,0.125,7,7,CGGCGCACTATAGGGGGGAT,0,4628839
ybeDp,0.125,7,7,CGGCCAGCTGTCTCCTGTAT,0,4664351
ybeDp,0.125,7,7,CGGAGGGGAAATTTAGCTAC,0,4631562
ybeDp,0.125,7,7,CGGACTGGGTACATGGTCCC,0,4628942
ybeDp,0.125,7,7,CGCTTCTTAGCTCGACTGGC,0,4687418
ybeDp,0.125,7,7,CGCTTACGATTTGCTTGGGA,0,4668442
ybeDp,0.125,7,7,CGCTGGCCCGGAGTGGGATA,0,4673202
ybeDp,0.125,7,7,CGCTAGCAGGAAGATTGGTC,0,4667915
ybeDp,0.125,7,7,CGCGTTGGAAGTGACTATCA,0,4657139
ybeDp,0.125,7,7,CGCGTCTGAAATACTTTTAA,0,4647606
ybeDp,0.125,7,7,CGCGGTACAGCGGCGAACCT,0,4675696
ybeDp,0.125,7,7,CGCGGAGTGGCATGCACCGT,0,4676701
ybeDp,0.125,7,7,CGCGCGGTCTGGAGCGTCAT,0,4651547
ybeDp,0.125,7,7,CGCCTTGCGGTATTACACTG,0,4682141
ybeDp,0.125,7,7,CGCCGGAACCCTGATAGACC,0,4609528
ybeDp,0.125,7,7,CGCCACGTAGAATACTCAGT,0,4626824
ybeDp,0.125,7,7,CGCATTCAACAGGGGGAAGA,0,4619536
ybeDp,0.125,7,7,CGCATAAGTCCCGGACAAAC,0,4612565
ybeDp,0.125,7,7,CGCAGGTACAGGGTGTCTTA,0,4665114
ybeDp,0.125,7,7,CGCAGCGAACGCAGCCTAAC,0,4675881
ybeDp,0.125,7,7,CGCAGCAGGAAGCCCAGGAG,0,4607405
ybeDp,0.125,7,7,CGCACTACTCAGAATTAGAA,0,4659956
ybeDp,0.125,7,7,CGATTGTACTTACCCAACTA,0,4626500
ybeDp,0.125,7,7,CGATTCAACAGGGTTTGCAA,0,4662610
ybeDp,0.125,7,7,CGATGATCTCTGGGTGGACG,0,4683900
ybeDp,0.125,7,7,CGATAATGGAGGGGGGCATA,0,4646092
ybeDp,0.125,7,7,CGACGATTGGGGACCCCCAC,0,4683711
ybeDp,0.125,7,7,CGACATATACGCAATCGTCC,0,4632664
ybeDp,0.125,7,7,CGACAATGGATGGCTTGCTC,0,4625550
ybeDp,0.125,7,7,CGACAATAGCGTAAGACACA,0,4610707
ybeDp,0.125,7,7,CGAATGGAAGCGTAAAAAAC,0,4680070
ybeDp,0.125,7,7,CGAATACTTAAGGGCATATA,0,4659076
ybeDp,0.125,7,7,CGAACTGTAATAAACTGGGA,0,4676584
ybeDp,0.125,7,7,CGAAAATCACTTCATGGACG,0,4603583
ybeDp,0.125,7,7,CCTTGTGGAGTTCCCACCGG,0,4679351
ybeDp,0.125,7,7,CCTTGACGGCCATCCCACGC,0,4621733
ybeDp,0.125,7,7,CCTTATCTCCGAAACATGAA,0,4601942
ybeDp,0.125,7,7,CCTGTACGCGCGGTCCCCAA,0,4658809
ybeDp,0.125,7,7,CCTGCTTCTCGTTTTGGTCG,0,4610121
ybeDp,0.125,7,7,CCTGCTAAGGTCTCAAAAGC,0,4620647
ybeDp,0.125,7,7,CCTAGCGGCTGAAGGCTCAT,0,4649235
ybeDp,0.125,7,7,CCTAGATGCACGCACACAAG,0,4672497
ybeDp,0.125,7,7,CCGTGGCTTTTTTTCAGTGG,0,4607782
ybeDp,0.125,7,7,CCGTGCGCAAAGATAGGCCA,0,4653522
ybeDp,0.125,7,7,CCGTCTTGATACAGCCGAAA,0,4626083
ybeDp,0.125,7,7,CCGTCAATATGTGTTAACTC,0,4654256
ybeDp,0.125,7,7,CCGTAAGGTCCTGGCTGTTG,0,4629308
ybeDp,0.125,7,7,CCGTAAAGCGCACAGGCTCT,0,4681004
ybeDp,0.125,7,7,CCGGTCGCGGACCCAGTTTT,0,4611994
ybeDp,0.125,7,7,CCGGGTTTGGAGAGGCCCAC,0,4646682
ybeDp,0.125,7,7,CCGGGGTCGCACCTCTCCAT,0,4606711
ybeDp,0.125,7,7,CCGGAATTTCTGCTACTGGG,0,4620411
ybeDp,0.125,7,7,CCGCTTACATAATGTTGGGA,0,4648477
ybeDp,0.125,7,7,CCGCGATAGACTCCATGGTG,0,4635546
ybeDp,0.125,7,7,CCGCCGTATGGAGGCACTTG,0,4650747
ybeDp,0.125,7,7,CCGCACGGCAATGGTGTTAC,0,4671042
ybeDp,0.125,7,7,CCGATAACACTGAAATGCCA,0,4673586
ybeDp,0.125,7,7,CCGAACCTGCCCGGGGAAGC,0,4672376
ybeDp,0.125,7,7,CCCTTAGCCGATAACTTTTG,0,4670450
ybeDp,0.125,7,7,CCCTGTAATGGAAGAGAGCG,0,4626863
ybeDp,0.125,7,7,CCCGTGGGCCTGTCCACCAG,0,4668388
ybeDp,0.125,7,7,CCCGACGAAAAAGGGTGGAA,0,4683751
ybeDp,0.125,7,7,CCCCGCCACGGAGTATGATC,0,4677603
ybeDp,0.125,7,7,CCCCCGGCCACGTTGACACG,0,4614367
ybeDp,0.125,7,7,CCCATCGGCGTACAGTAGAT,0,4663508
ybeDp,0.125,7,7,CCCACTCGCACATCGTCTTG,0,4618021
ybeDp,0.125,7,7,CCCAATTATTCAGGTGCTGG,0,4620691
ybeDp,0.125,7,7,CCCAAGAATGAGAACGTTGT,0,4626660
ybeDp,0.125,7,7,CCATGGTAGCAATCTGGCCT,0,4637411
ybeDp,0.125,7,7,CCATGGGCCTTCTGAATAAC,0,4605527
ybeDp,0.125,7,7,CCATGAAAATATCGCTGTCA,0,4617871
ybeDp,0.125,7,7,CCAGAACTGCGGACGACCAC,0,4634313
ybeDp,0.125,7,7,CCACTGCTCAGTCTACTGTC,0,4606115
ybeDp,0.125,7,7,CCACTCTCCATGATCTTGCG,0,4662784
ybeDp,0.125,7,7,CCACGGCAGTTCGAACGCAT,0,4643728
ybeDp,0.125,7,7,CCACGCCCTCTAGATGTCCT,0,4686833
ybeDp,0.125,7,7,CCACCGCGTGGTTTATTGTG,0,4685024
ybeDp,0.125,7,7,CCACAGCAGCTCATTCAGAT,0,4645066
ybeDp,0.125,7,7,CCAATAGGACCAATGAGTTT,0,4671466
ybeDp,0.125,7,7,CCAAACCGTGTGATCGCTAA,0,4601559
ybeDp,0.125,7,7,CATGCCAAGCGATTGCTGCA,0,4652139
ybeDp,0.125,7,7,CATGAGTATGTCACGAAGTA,0,4624162
ybeDp,0.125,7,7,CATCGTTCAGGTAACGTGGA,0,4665975
ybeDp,0.125,7,7,CATCGACAGATCGATAGAGT,0,4606614
ybeDp,0.125,7,7,CATATTCCTGCGTCCTTGTG,0,4645753
ybeDp,0.125,7,7,CATATGATCCGAGTTGGATG,0,4621085
ybeDp,0.125,7,7,CATAGGTCAACTCTTTATAC,0,4640244
ybeDp,0.125,7,7,CATAAATTTAGTTCCGTACA,0,4671052
ybeDp,0.125,7,7,CAGTGTTGAGAGACAGGCTT,0,4644742
ybeDp,0.125,7,7,CAGTCGGGTTGTGTATGTAC,0,4628962
ybeDp,0.125,7,7,CAGTATCTGAAATTTGCTAA,0,4613776
ybeDp,0.125,7,7,CAGTATCAGCGGACCTCAAC,0,4608026
ybeDp,0.125,7,7,CAGGTTTCTTTTATTACGAA,0,4613420
ybeDp,0.125,7,7,CAGGTGCGTTAGGATGGGGT,0,4666888
ybeDp,0.125,7,7,CAGGTGCGGGGGACCACGCC,0,4609374
ybeDp,0.125,7,7,CAGGTCTGCGTGGTTTCCAC,0,4611359
ybeDp,0.125,7,7,CAGGTCAGAAGACAATATGC,0,4632027
ybeDp,0.125,7,7,CAGGCTCCCCCCGAGGGTCT,0,4685664
ybeDp,0.125,7,7,CAGCTAGAATGTCTTAATGT,0,4653272
ybeDp,0.125,7,7,CAGCGAGACGGGTCGCCCGA,0,4649735
ybeDp,0.125,7,7,CAGCACAAATTCAGCTACAC,0,4651545
ybeDp,0.125,7,7,CAGAGACTAGCAAAGGACAG,0,4678081
ybeDp,0.125,7,7,CAGACGTGGCAATCCTTTAC,0,4603826
ybeDp,0.125,7,7,CACTATCCAGGTCGAGGGCT,0,4619217
ybeDp,0.125,7,7,CACTAGGTCCATGTCGCAAT,0,4670234
ybeDp,0.125,7,7,CACTACAAGTTGGATCCATA,0,4630614
ybeDp,0.125,7,7,CACGTACCGGATCTGGCGCT,0,4631549
ybeDp,0.125,7,7,CACGGCATAAGTCACGGATA,0,4658254
ybeDp,0.125,7,7,CACGATACCTCATGCCCCTC,0,4659745
ybeDp,0.125,7,7,CACCTGTGGATGTTACCCGT,0,4661932
ybeDp,0.125,7,7,CACCGTGCCTTGCAGTTGCA,0,4609090
ybeDp,0.125,7,7,CACCAAAGGTGCCGATATGG,0,4658590
ybeDp,0.125,7,7,CACATTGTTTGTTGCAATAG,0,4669202
ybeDp,0.125,7,7,CAATGCGGGCACTACCCGAA,0,4616546
ybeDp,0.125,7,7,CAATGCGCTCGCAGTACGCG,0,4631521
ybeDp,0.125,7,7,CAAGTGGGGACTCACTTGAG,0,4603216
ybeDp,0.125,7,7,CAAGGGGCTTCGTCACCTTG,0,4669322
ybeDp,0.125,7,7,CAAGCTGGGCTGGTTCCCAG,0,4668673
ybeDp,0.125,7,7,CAAGCGGCGGCATATTGATG,0,4682782
ybeDp,0.125,7,7,CAAGAATACGTATGTCACTA,0,4628327
ybeDp,0.125,7,7,CAACATGCTATACTCGCGTA,0,4677609
ybeDp,0.125,7,7,CAACAATAGAGTTTCTTTGC,0,4642049
ybeDp,0.125,7,7,CAAAGGCGACTCTCTTTATT,0,4677873
ybeDp,0.125,7,7,CAAACGGGGCGAAAAATTTC,0,4638035
ybeDp,0.125,7,7,CAAACCCAGGTTGAGTTTGA,0,4639952
ybeDp,0.125,7,7,ATTTTGGTAGCACTTCGACA,0,4662411
ybeDp,0.125,7,7,ATTTTCTTAATAAGGCCCCA,0,4660419
ybeDp,0.125,7,7,ATTTTCTAACGCTAAGGCCC,0,4639601
ybeDp,0.125,7,7,ATTTGGCTCACATTAGTCCG,0,4628931
ybeDp,0.125,7,7,ATTTGCTAGGTATCTAGGCA,0,4682629
ybeDp,0.125,7,7,ATTGGGTTAAGCTATTTTCC,0,4615716
ybeDp,0.125,7,7,ATTGCTCGCCCAGTTGCAAA,0,4662240
ybeDp,0.125,7,7,ATTGCGTAGTCGCCAGGCAT,0,4667775
ybeDp,0.125,7,7,ATTGCGACTTTATCGCAGAC,0,4675290
ybeDp,0.125,7,7,ATTCAGCTCCGGTTGGAGGA,0,4648904
ybeDp,0.125,7,7,ATTCAGATTTCTTAAGGCTT,0,4614220
ybeDp,0.125,7,7,ATTATGTATAACAATATCTA,0,4676138
ybeDp,0.125,7,7,ATTAATGAAAGAAGTTGTGT,0,4645494
ybeDp,0.125,7,7,ATTAACTAATACGACAGTTG,0,4605207
ybeDp,0.125,7,7,ATGTGTCGAATAGCCAAGCG,0,4608191
ybeDp,0.125,7,7,ATGGTTGTGTAAGGACTTCT,0,4621232
ybeDp,0.125,7,7,ATGGGTCTAAGAGAAATAAG,0,4640006
ybeDp,0.125,7,7,ATGGGGTCACGACAGTCGTA,0,4606432
ybeDp,0.125,7,7,ATGGGAGACAGCAGTCGAGG,0,4624685
ybeDp,0.125,7,7,ATGGCAGGCTTCAATCCCTT,0,4662758
ybeDp,0.125,7,7,ATGGAATAGCGTGTTCTCGG,0,4650362
ybeDp,0.125,7,7,ATGCAGCCTTGACACCGTCC,0,4608647
ybeDp,0.125,7,7,ATGAGAACCACTATGTATCC,0,4631384
ybeDp,0.125,7,7,ATGACCTCTGAAATCCCCGT,0,4660205
ybeDp,0.125,7,7,ATCTTTCATGTTCCGGGAAA,0,4664646
ybeDp,0.125,7,7,ATCTTAGCACGGCCGAGCAT,0,4615257
ybeDp,0.125,7,7,ATCGTTATCTGCCTCAAGTG,0,4645265
ybeDp,0.125,7,7,ATCGGCACTCGTCTTGCCAT,0,4603551
ybeDp,0.125,7,7,ATCCTAGGCTATAGGACCGT,0,4667294
ybeDp,0.125,7,7,ATCCGTCAGAGTCCCGGGAA,0,4641430
ybeDp,0.125,7,7,ATCCGGATGCATGACAGTTT,0,4670320
ybeDp,0.125,7,7,ATCCGCAGCGTGCCGCTCAA,0,4646735
ybeDp,0.125,7,7,ATCAGCACCCGGTCATACCC,0,4632165
ybeDp,0.125,7,7,ATCAGACGTAGACATCGCAA,0,4684888
ybeDp,0.125,7,7,ATATTGTGGGGTTATATAAG,0,4685765
ybeDp,0.125,7,7,ATATTAGCTATTGCTGTGTG,0,4630864
ybeDp,0.125,7,7,ATATGGCTCGAGAAGGTCCC,0,4654579
ybeDp,0.125,7,7,ATATGCGGCAAATCGCAGGT,0,4650307
ybeDp,0.125,7,7,ATATCTGGAGCGTCTTGACT,0,4662510
ybeDp,0.125,7,7,ATATCGGTCGAATATAGACC,0,4676137
ybeDp,0.125,7,7,ATATCCGTAATAGGAGGTGG,0,4614363
ybeDp,0.125,7,7,ATAGTTGGACGTCTAGCGAT,0,4605228
ybeDp,0.125,7,7,ATAGTACTCTATTTATCAAC,0,4676637
ybeDp,0.125,7,7,ATAGGGGAGTTTCTAACAGG,0,4678429
ybeDp,0.125,7,7,ATAGCTGTTCTAGAGAGTTA,0,4668807
ybeDp,0.125,7,7,ATAGCCCGAGATGCGTTGAC,0,4670653
ybeDp,0.125,7,7,ATACGTCGTGGTGCGGCATA,0,4613854
ybeDp,0.125,7,7,ATACGGACGACGAGCGTTCA,0,4660873
ybeDp,0.125,7,7,ATAAGTGGTATCGGTCCCAT,0,4623486
ybeDp,0.125,7,7,ATAAAGTGACGCTCCACGCA,0,4687566
ybeDp,0.125,7,7,AGTTTTGCTGCTATGAATTA,0,4679756
ybeDp,0.125,7,7,AGTTTGACCGACTGGGCTCA,0,4644468
ybeDp,0.125,7,7,AGTTGTGACTACGACCGACC,0,4627068
ybeDp,0.125,7,7,AGTTGCGAAATGGAACAATT,0,4613851
ybeDp,0.125,7,7,AGTTCTGGAGACTTGGTTGC,0,4641813
ybeDp,0.125,7,7,AGTTATATTTGATAATGACT,0,4642793
ybeDp,0.125,7,7,AGTGGTGGTGGCTTGCACGC,0,4614805
ybeDp,0.125,7,7,AGTGGAGGCGCAGTTAAAGA,0,4637419
ybeDp,0.125,7,7,AGTGATTTCGGGTACCAGGA,0,4608457
ybeDp,0.125,7,7,AGTGACTGCCCGTTTCTAAC,0,4663043
ybeDp,0.125,7,7,AGTGAATCGATCCGCGTACT,0,4644169
ybeDp,0.125,7,7,AGTCGTCCATCGTACCTGAC,0,4652073
ybeDp,0.125,7,7,AGTCGCTGATAGATGAATCG,0,4684685
ybeDp,0.125,7,7,AGTAGTTTATGGCATGTAAA,0,4653042
ybeDp,0.125,7,7,AGTAGGTGAGGTGGAGCTGT,0,4667571
ybeDp,0.125,7,7,AGTAGCGCTGTGATACCTGA,0,4608080
ybeDp,0.125,7,7,AGTAGCCACGTCGCATACTA,0,4606457
ybeDp,0.125,7,7,AGTACTAATCCTACGTCACA,0,4624283
ybeDp,0.125,7,7,AGTACATCTGGAGTCCCTCA,0,4677588
ybeDp,0.125,7,7,AGTAATGAGGAAACGTATGC,0,4632832
ybeDp,0.125,7,7,AGGTTGCTAGTATATCGGAA,0,4645125
ybeDp,0.125,7,7,AGGTGTAAATTAATGGGTAC,0,4646891
ybeDp,0.125,7,7,AGGTGGGCTTGGACCCGAGG,0,4656696
ybeDp,0.125,7,7,AGGTGCTTTTCTGGACCCCG,0,4646844
ybeDp,0.125,7,7,AGGTGCGTTCTTAATGTATT,0,4666513
ybeDp,0.125,7,7,AGGTCTCACACGCCGTTTCA,0,4653331
ybeDp,0.125,7,7,AGGTCGCTCGACGGATGCTT,0,4638751
ybeDp,0.125,7,7,AGGTACGACCCATTGTAGAG,0,4637976
ybeDp,0.125,7,7,AGGGTCCTGCCCCGGATGTC,0,4646999
ybeDp,0.125,7,7,AGGGGTGTTAAAGGGCTCTT,0,4654106
ybeDp,0.125,7,7,AGGGGTCAATGAATTGACAC,0,4682125
ybeDp,0.125,7,7,AGGGGATGTGCGTTGCAGTA,0,4628183
ybeDp,0.125,7,7,AGGGGACGTACTATGGTGAG,0,4652757
ybeDp,0.125,7,7,AGGGCTATAGCTGAATAGTG,0,4654819
ybeDp,0.125,7,7,AGGCGCGTATCATCACGGGG,0,4627466
ybeDp,0.125,7,7,AGGCCTTTTCAGCGATTTGT,0,4669156
ybeDp,0.125,7,7,AGGATCGGTAGCATTCGTAC,0,4642849
ybeDp,0.125,7,7,AGGAGTGTAATACCATAATG,0,4681611
ybeDp,0.125,7,7,AGGACGGAGTGAAGGCCTAA,0,4670146
ybeDp,0.125,7,7,AGGACCCCAAAAGTCTAACT,0,4608529
ybeDp,0.125,7,7,AGCTTTTTTACTGGACGTAG,0,4623289
ybeDp,0.125,7,7,AGCTGCCGGCCTGAGGAAGT,0,4620777
ybeDp,0.125,7,7,AGCTCTGTCATATCGAGTCG,0,4626701
ybeDp,0.125,7,7,AGCGGTCGGGAAATCCGTTG,0,4670463
ybeDp,0.125,7,7,AGCGGGAGTACCGATATTGC,0,4628311
ybeDp,0.125,7,7,AGCGGGACCGGGCAGGCTGC,0,4667739
ybeDp,0.125,7,7,AGCGATTCCGTAGAGGATTT,0,4628213
ybeDp,0.125,7,7,AGCCTGCGCCATGGCCACTA,0,4668001
ybeDp,0.125,7,7,AGCCCGTTAAGTTAGCGCCA,0,4657795
ybeDp,0.125,7,7,AGCCCGGTGTTCGTATACCC,0,4657007
ybeDp,0.125,7,7,AGCCCCTCCGCTACTCTAGA,0,4611885
ybeDp,0.125,7,7,AGCCACTGTCGCAAGGCGTC,0,4606171
ybeDp,0.125,7,7,AGCAGTTACACATAAGAAAT,0,4638863
ybeDp,0.125,7,7,AGCAGATAGGTATACGCAGA,0,4620888
ybeDp,0.125,7,7,AGCACCTGTCTCGTACAGCC,0,4645896
ybeDp,0.125,7,7,AGCACCGGGGGACAATCCTG,0,4608237
ybeDp,0.125,7,7,AGCAAGCACGAGCATAACAA,0,4614956
ybeDp,0.125,7,7,AGCAAGAAATCCAGTGTACT,0,4658395
ybeDp,0.125,7,7,AGATTACATTGACGTTGTTT,0,4605980
ybeDp,0.125,7,7,AGATCAGAGGATCATTAAGG,0,4663874
ybeDp,0.125,7,7,AGATACAGGTTTTTGTAATA,0,4652412
ybeDp,0.125,7,7,AGAGTATACGGGATCGCTCG,0,4647295
ybeDp,0.125,7,7,AGAGGGGAGTACCGGTAATA,0,4679024
ybeDp,0.125,7,7,AGAGGCTGATATGTAAAAGA,0,4644463
ybeDp,0.125,7,7,AGAGCCCTGGCTCGACCTCT,0,4677635
ybeDp,0.125,7,7,AGAGAAGTTAGATGAGGTTC,0,4665725
ybeDp,0.125,7,7,AGACGGTTGAGCTGCTGACG,0,4651458
ybeDp,0.125,7,7,AGACCTTCCTTACGATGGTA,0,4616723
ybeDp,0.125,7,7,AGACATTATGTCTCCCACAC,0,4652969
ybeDp,0.125,7,7,AGACAACCTACGGCACACTC,0,4674450
ybeDp,0.125,7,7,AGACAACAGTTTGGTTAGGT,0,4671894
ybeDp,0.125,7,7,AGAATGTCGGGTCACCAATC,0,4628254
ybeDp,0.125,7,7,AGAATCTTGACGTCACTCTT,0,4687510
ybeDp,0.125,7,7,AGAAGTTTTGTAGAGCAGTC,0,4616832
ybeDp,0.125,7,7,AGAAGGATCAAGATTATGTT,0,4644704
ybeDp,0.125,7,7,AGAACAGAGAATGCACCTAC,0,4673577
ybeDp,0.125,7,7,AGAAAGCTCATCATCAAGAA,0,4653286
ybeDp,0.125,7,7,AGAAACCGTTATTTACACTG,0,4672325
ybeDp,0.125,7,7,ACTTTTAGCAAAATAAAGTC,0,4619117
ybeDp,0.125,7,7,ACTTTGTGTAGGACTTTCCC,0,4620427
ybeDp,0.125,7,7,ACTTCAGGTCCTACTTCGAC,0,4675795
ybeDp,0.125,7,7,ACTGGTGTTCCTTGTAGTAA,0,4663111
ybeDp,0.125,7,7,ACTGCGTAACTACTTTACAC,0,4636265
ybeDp,0.125,7,7,ACTGATCGTATGAGAAAAGC,0,4666546
ybeDp,0.125,7,7,ACTCTTATGGCGGCGTGCGT,0,4605553
ybeDp,0.125,7,7,ACTATCGCTGTCGTGTCGGC,0,4665399
ybeDp,0.125,7,7,ACTATAGCCTAGTTTATAAT,0,4606732
ybeDp,0.125,7,7,ACTAAATGAATCTTAGAGTC,0,4665417
ybeDp,0.125,7,7,ACGTTGGTTCGGCGACTAAG,0,4685608
ybeDp,0.125,7,7,ACGTCCATTGACGGTGATGC,0,4610805
ybeDp,0.125,7,7,ACGTCCACGCTTTTTCAAAA,0,4677676
ybeDp,0.125,7,7,ACGTCACCAATTTGACTTAT,0,4626820
ybeDp,0.125,7,7,ACGTAACCGCGCGGTTCAAC,0,4644267
ybeDp,0.125,7,7,ACGGATGAGATGCATCATAC,0,4673567
ybeDp,0.125,7,7,ACGCTTATATCTAGAAAGCG,0,4607308
ybeDp,0.125,7,7,ACGCAGATGGGGTTGAGTTT,0,4679004
ybeDp,0.125,7,7,ACGACAGAGACTCATGTTCC,0,4619452
ybeDp,0.125,7,7,ACGAAGTCTACCTTATCGAA,0,4622436
ybeDp,0.125,7,7,ACCTTGGAAGAAAAAGGCAA,0,4648212
ybeDp,0.125,7,7,ACCTTAATGGTTGCAGCTCC,0,4649065
ybeDp,0.125,7,7,ACCTGTACTTGTAAGTCTTG,0,4653568
ybeDp,0.125,7,7,ACCTCTTCGCGGAGAGCAGA,0,4600794
ybeDp,0.125,7,7,ACCGCGCCCTCCATGCAGTG,0,4605199
ybeDp,0.125,7,7,ACCGCCCTATACTTATTCGG,0,4687374
ybeDp,0.125,7,7,ACCCTCGCATAGGTTCCCAG,0,4607546
ybeDp,0.125,7,7,ACCCATCGTGCGTACTGCCA,0,4647686
ybeDp,0.125,7,7,ACCCAGCCATTGGGGGCGTG,0,4656750
ybeDp,0.125,7,7,ACCAGTGTGGTAACGGTTGT,0,4645079
ybeDp,0.125,7,7,ACCAGGAGGACTGGATAACT,0,4613463
ybeDp,0.125,7,7,ACCAGCCAGGGTGTGTGTAA,0,4605462
ybeDp,0.125,7,7,ACCACTCCTCGGGGGCCGTA,0,4619295
ybeDp,0.125,7,7,ACCAATAGTAAGCTTAGAGT,0,4650721
ybeDp,0.125,7,7,ACATTGAATTTTGCTAGCTC,0,4643286
ybeDp,0.125,7,7,ACAGTGACCACGGTGGTAAT,0,4634333
ybeDp,0.125,7,7,ACAGGCTGGATTAATGAGCA,0,4644077
ybeDp,0.125,7,7,ACAGGAAAACCCGCCTAGTC,0,4637301
ybeDp,0.125,7,7,ACAGAGAAGCACTGTTTCAG,0,4661429
ybeDp,0.125,7,7,ACACTAAAATTTCGGACCGG,0,4671564
ybeDp,0.125,7,7,ACACGGCGGAACCTGGTTGT,0,4632015
ybeDp,0.125,7,7,ACAATCGTTAGCGTGGTCCT,0,4616037
ybeDp,0.125,7,7,ACAAGTTTCGATTGTGCGTA,0,4648518
ybeDp,0.125,7,7,ACAAAGTGATCCCAATGAAC,0,4676841
ybeDp,0.125,7,7,AATTGAGCAGCAAATATCCA,0,4685142
ybeDp,0.125,7,7,AATTATGCAGGCGGATCGAC,0,4671190
ybeDp,0.125,7,7,AATGTGACTATACAATTTCC,0,4624868
ybeDp,0.125,7,7,AATGTAATCCGATTACGAGT,0,4647881
ybeDp,0.125,7,7,AATGGGTCACGAGCCACAGA,0,4610455
ybeDp,0.125,7,7,AATGCAAAGAATTGTAGTAT,0,4674932
ybeDp,0.125,7,7,AATCTGCAGCATACCGGAGT,0,4670228
ybeDp,0.125,7,7,AATCTCGTAGTTCATCCATG,0,4654550
ybeDp,0.125,7,7,AATCTAGTCGTGAAAAGATA,0,4634625
ybeDp,0.125,7,7,AATCGTCCTAGTGCTTGACC,0,4660571
ybeDp,0.125,7,7,AATCGACCCGAAAAGACGTC,0,4647644
ybeDp,0.125,7,7,AATAGCGCGACGGCCAGAAG,0,4656128
ybeDp,0.125,7,7,AATAGACGGAACTTTAAAGC,0,4679456
ybeDp,0.125,7,7,AATAATAGATGACTCCTTTG,0,4664909
ybeDp,0.125,7,7,AATAAGGGCAAATTATCACA,0,4652458
ybeDp,0.125,7,7,AATAAATAGCATCGACGTCA,0,4648542
ybeDp,0.125,7,7,AATAAAAACAGGTGTGTATG,0,4609096
ybeDp,0.125,7,7,AAGTGGACGAATTTAGAGGG,0,4639713
ybeDp,0.125,7,7,AAGTCTTGGAGGATATCGCG,0,4626302
ybeDp,0.125,7,7,AAGGGCTTCTCTGTCGCGCT,0,4673964
ybeDp,0.125,7,7,AAGCTAGGACTGGGATCATG,0,4606698
ybeDp,0.125,7,7,AAGAAGACGTGCTGTCGCAC,0,4661784
ybeDp,0.125,7,7,AACTCGGGCCTGACAACGTC,0,4632888
ybeDp,0.125,7,7,AACGGAAGGGCTTCCCTGTT,0,4659984
ybeDp,0.125,7,7,AACGCCCAAAACAACGGGGA,0,4645540
ybeDp,0.125,7,7,AACGAGCAGTGCGATTGTCG,0,4675637
ybeDp,0.125,7,7,AACGAGACCGAAGAATATCA,0,4634652
ybeDp,0.125,7,7,AACCTCTACTGGATTGCGGC,0,4613557
ybeDp,0.125,7,7,AACCGTGGCCGTGTGTAAGA,0,4663159
ybeDp,0.125,7,7,AACCCGTTGATCGTTCATAC,0,4636070
ybeDp,0.125,7,7,AACCCACTAGCGAGCAGCAT,0,4648873
ybeDp,0.125,7,7,AACCATCATCGGTCAGTCAA,0,4602310
ybeDp,0.125,7,7,AACCAGCTGTTCATTCCACT,0,4647761
ybeDp,0.125,7,7,AACAGTTCGAATGCGGACCC,0,4632311
ybeDp,0.125,7,7,AACAGCGCACATCCTCAATT,0,4625777
ybeDp,0.125,7,7,AACACCATGAAAAGCACAAA,0,4605944
ybeDp,0.125,7,7,AACAAGGCACTCGTTTGCCT,0,4606985
ybeDp,0.125,7,7,AAATTCGCTGACCGAAAATG,0,4621563
ybeDp,0.125,7,7,AAATCTGGGTTCCTGACACT,0,4602531
ybeDp,0.125,7,7,AAATCAGGCACACAGGAACT,0,4679874
ybeDp,0.125,7,7,AAATATCTACATTCGCATTA,0,4622921
ybeDp,0.125,7,7,AAAGTCGCTCAAAGCGGCGA,0,4681142
ybeDp,0.125,7,7,AAAGTACTTGTTTTAGTTAG,0,4636336
ybeDp,0.125,7,7,AAAGCTTATATTCTTCCCAT,0,4670031
ybeDp,0.125,7,7,AAAGCGCGGTTACAAGAGTA,0,4688028
ybeDp,0.125,7,7,AAAGAAGCTGCTAATTTCCT,0,4667865
ybeDp,0.125,7,7,AAACTGGTTAGCTATGGGCT,0,4641041
ybeDp,0.125,7,7,AAACGTTGATCCCCATGTAG,0,4685046
ybeDp,0.125,7,7,AAACACGCCTGTTTCGTCTG,0,4617636
ybeDp,0.125,7,7,AAACAACACATGTCATCACC,0,4631883
ybeDp,0.125,7,7,AAAATTAGGAGCACGACGCG,0,4608604
ybeDp,0.125,7,7,AAAAGACAGGACTTGGTTTT,0,4670615
ybeDp,0.125,7,7,AAAACTGGATGTTTTCGGTA,0,4648856
ybeDp,0.14285714285714285,6,6,TTTTATTCCGGATCCAGGGT,0,4635422
ybeDp,0.14285714285714285,6,6,TTTTATCAGTTTACCGCGAC,0,4669282
ybeDp,0.14285714285714285,6,6,TTTTAGGCGCATGAGCGTTT,0,4623179
ybeDp,0.14285714285714285,6,6,TTTTAGAATTTTACTTCGGG,0,4686513
ybeDp,0.14285714285714285,6,6,TTTTACCACGGATTAAGGAT,0,4642999
ybeDp,0.14285714285714285,6,6,TTTTAATGCCTTTAGCCGTG,0,4622326
ybeDp,0.14285714285714285,6,6,TTTGGTGTAGAGGGGGATAG,0,4656181
ybeDp,0.14285714285714285,6,6,TTTGGTACGCTGGCGCTAGC,0,4656609
ybeDp,0.14285714285714285,6,6,TTTGGAATAACAATAGATCG,0,4636530
ybeDp,0.14285714285714285,6,6,TTTGCAAGGTCCTTCTGAAT,0,4676022
ybeDp,0.14285714285714285,6,6,TTTGATAGGGACAGACTTTG,0,4661708
ybeDp,0.14285714285714285,6,6,TTTGAGAAACGTCCCGAGGA,0,4634068
ybeDp,0.14285714285714285,6,6,TTTCTTTACTAATTGTGACT,0,4655218
ybeDp,0.14285714285714285,6,6,TTTCTTCCAGGGCGATGATA,0,4644272
ybeDp,0.14285714285714285,6,6,TTTCGGCGCGGGCAATGCGC,0,4664394
ybeDp,0.14285714285714285,6,6,TTTCCAATGACTTGACTCGA,0,4616599
ybeDp,0.14285714285714285,6,6,TTTAGTTCAACGGAGCGTAG,0,4644388
ybeDp,0.14285714285714285,6,6,TTTAGGTGGGGTATCTAACG,0,4622500
ybeDp,0.14285714285714285,6,6,TTTAGGTGCAAGATTTTGTT,0,4629680
ybeDp,0.14285714285714285,6,6,TTTAGAGAACGAGTTTGGAG,0,4675869
ybeDp,0.14285714285714285,6,6,TTTAAGAAGTTGGCCAAATT,0,4646096
ybeDp,0.14285714285714285,6,6,TTGTCTAGGCTTAAATCCCA,0,4663681
ybeDp,0.14285714285714285,6,6,TTGTCATAAAAGGATTCTTA,0,4642613
ybeDp,0.14285714285714285,6,6,TTGGGACATATTAACCAAAT,0,4617128
ybeDp,0.14285714285714285,6,6,TTGGGAAGGCACAGTGGTTT,0,4668423
ybeDp,0.14285714285714285,6,6,TTGGAGGATATGATTTCGGA,0,4673774
ybeDp,0.14285714285714285,6,6,TTGCCCTAAACGTTAAAGTA,0,4600856
ybeDp,0.14285714285714285,6,6,TTGCCAGACAGGTTACCCTA,0,4650221
ybeDp,0.14285714285714285,6,6,TTGATCAGATCAACGGGGAA,0,4651968
ybeDp,0.14285714285714285,6,6,TTGAGAGCTCAATCTGATCA,0,4621050
ybeDp,0.14285714285714285,6,6,TTGAGAACGTAGCGCGGGGG,0,4643354
ybeDp,0.14285714285714285,6,6,TTGACCAGGAGCATTCACCA,0,4681304
ybeDp,0.14285714285714285,6,6,TTGAATATGATATGCGGGCA,0,4686876
ybeDp,0.14285714285714285,6,6,TTCTTTTGGGGGCCTGAAGA,0,4647228
ybeDp,0.14285714285714285,6,6,TTCTCTGTACACATAATGGG,0,4650980
ybeDp,0.14285714285714285,6,6,TTCTCAACAGGTAAGTCGTC,0,4672840
ybeDp,0.14285714285714285,6,6,TTCTACAGAAGGGGTATCGA,0,4651064
ybeDp,0.14285714285714285,6,6,TTCGTTCGCGTTGTACTGCA,0,4676821
ybeDp,0.14285714285714285,6,6,TTCGTCCTGGCGGCCCATGT,0,4653671
ybeDp,0.14285714285714285,6,6,TTCGAAGCAGTGAGTACTCA,0,4621892
ybeDp,0.14285714285714285,6,6,TTCCTATACGCTCCGGCATC,0,4632764
ybeDp,0.14285714285714285,6,6,TTCCTAGTTGAGAATTGCCG,0,4622948
ybeDp,0.14285714285714285,6,6,TTCCTAGGCCTTTGACCTGA,0,4643552
ybeDp,0.14285714285714285,6,6,TTCCGCGCGACCAGCTATAG,0,4645721
ybeDp,0.14285714285714285,6,6,TTCCCGAGGTTGAGACGGGT,0,4620758
ybeDp,0.14285714285714285,6,6,TTCCAGGGGTGTCATGGCCA,0,4670619
ybeDp,0.14285714285714285,6,6,TTCATGTTGAGCAGTGGCAA,0,4620020
ybeDp,0.14285714285714285,6,6,TTCAGTAAGTTGACTTCTCG,0,4649086
ybeDp,0.14285714285714285,6,6,TTCAGGGTTCGAGCGGTACG,0,4650158
ybeDp,0.14285714285714285,6,6,TTCAACGAAGTATCAACCAT,0,4617108
ybeDp,0.14285714285714285,6,6,TTATTTACGCGGATTAGTCG,0,4619505
ybeDp,0.14285714285714285,6,6,TTATTGCGGGAGAGGGTACA,0,4618540
ybeDp,0.14285714285714285,6,6,TTATCTTTTGGAACTCAATA,0,4616053
ybeDp,0.14285714285714285,6,6,TTATAGCAACGAATATTAGA,0,4611592
ybeDp,0.14285714285714285,6,6,TTAGGTCGGGAGGGCGGCAA,0,4635362
ybeDp,0.14285714285714285,6,6,TTAGGGACTTATCTTGTTTG,0,4664177
ybeDp,0.14285714285714285,6,6,TTAGAGTAACTTTTCAGCGT,0,4628699
ybeDp,0.14285714285714285,6,6,TTACAGACATCTTGTGGGCG,0,4635917
ybeDp,0.14285714285714285,6,6,TTAATTTTAGCGTGAGTTAT,0,4659838
ybeDp,0.14285714285714285,6,6,TTAATGAGTCTTTACTCCCA,0,4654665
ybeDp,0.14285714285714285,6,6,TTAAGTCTCATTTATCAGTT,0,4639805
ybeDp,0.14285714285714285,6,6,TTAAAGTGGCATAGGAGTGT,0,4618761
ybeDp,0.14285714285714285,6,6,TGTTGAGCTCCAATACCACA,0,4643679
ybeDp,0.14285714285714285,6,6,TGTTATTGGCTCCTCCTATG,0,4646494
ybeDp,0.14285714285714285,6,6,TGTTAATAGATTCTCCGCAT,0,4612115
ybeDp,0.14285714285714285,6,6,TGTTAACCTGTGGTAATGCT,0,4635460
ybeDp,0.14285714285714285,6,6,TGTGTTCCGTGATCGATGGT,0,4665711
ybeDp,0.14285714285714285,6,6,TGTGTAGATAAAATTCAGCA,0,4652660
ybeDp,0.14285714285714285,6,6,TGTGCGTGGACCGCCCCCTT,0,4616228
ybeDp,0.14285714285714285,6,6,TGTGCGGGTGTCTGCAGCAT,0,4624766
ybeDp,0.14285714285714285,6,6,TGTGCCTCCGCCATTTATCA,0,4614538
ybeDp,0.14285714285714285,6,6,TGTCTTCTCCATATTGCCGA,0,4653235
ybeDp,0.14285714285714285,6,6,TGTCGCTCGGTATAGAGACC,0,4643394
ybeDp,0.14285714285714285,6,6,TGTCCAACTTGTCTATGAAC,0,4656185
ybeDp,0.14285714285714285,6,6,TGTAGAGCACATACGGGGGA,0,4644436
ybeDp,0.14285714285714285,6,6,TGTACGCGGAGCAGTCAATG,0,4653302
ybeDp,0.14285714285714285,6,6,TGTAATGAAGCGCGCACTGA,0,4661463
ybeDp,0.14285714285714285,6,6,TGTAACTGCCCGGTTATGCT,0,4637638
ybeDp,0.14285714285714285,6,6,TGGTTTTTCCGTTTTGTTAA,0,4615541
ybeDp,0.14285714285714285,6,6,TGGTTGGGTGGGAATGGTCA,0,4604861
ybeDp,0.14285714285714285,6,6,TGGTTCCGTATGGAACTTAC,0,4617005
ybeDp,0.14285714285714285,6,6,TGGTTAGGTATTGTTCACAT,0,4602559
ybeDp,0.14285714285714285,6,6,TGGTGAGGCTGATTTTGGAA,0,4641133
ybeDp,0.14285714285714285,6,6,TGGTCCACGTTTACCGCGTT,0,4670130
ybeDp,0.14285714285714285,6,6,TGGTAGGCGGGTGATGGAAC,0,4662959
ybeDp,0.14285714285714285,6,6,TGGTACGAATAATTTTCACT,0,4651222
ybeDp,0.14285714285714285,6,6,TGGTAAGGCGGTCCACTTAA,0,4660119
ybeDp,0.14285714285714285,6,6,TGGGTGCGCAGTACGGTGGT,0,4635300
ybeDp,0.14285714285714285,6,6,TGGGTAACGTGGCGTTCGTG,0,4626044
ybeDp,0.14285714285714285,6,6,TGGGCTGGCTACACAATGGT,0,4681604
ybeDp,0.14285714285714285,6,6,TGGGAGCATGAATGTCCAGA,0,4602073
ybeDp,0.14285714285714285,6,6,TGGGACGGACGGCGGTGCGG,0,4612677
ybeDp,0.14285714285714285,6,6,TGGGAACACCGCCTGTTTTG,0,4625801
ybeDp,0.14285714285714285,6,6,TGGCTGTACCAGCGTCTTGT,0,4609876
ybeDp,0.14285714285714285,6,6,TGGCTGCTCGCGCTTAGTTT,0,4647742
ybeDp,0.14285714285714285,6,6,TGGCTCAGAAAATTCCTGTT,0,4613878
ybeDp,0.14285714285714285,6,6,TGGCTATGACGGCCCGATTC,0,4639073
ybeDp,0.14285714285714285,6,6,TGGCCGGCACCTGTCCAGGT,0,4650915
ybeDp,0.14285714285714285,6,6,TGGCATCGTCGGTCAACAGG,0,4678164
ybeDp,0.14285714285714285,6,6,TGGCACGAATTAACGGTCGC,0,4661844
ybeDp,0.14285714285714285,6,6,TGGAAGTTGCTACGCATGCG,0,4622680
ybeDp,0.14285714285714285,6,6,TGGAAGCATGGATTCCAACA,0,4609116
ybeDp,0.14285714285714285,6,6,TGCTTTGGGCCATGGGGAAA,0,4654988
ybeDp,0.14285714285714285,6,6,TGCTTGGTACCTTGGATGGG,0,4627659
ybeDp,0.14285714285714285,6,6,TGCTGTAGTGAACGAGTAAG,0,4638124
ybeDp,0.14285714285714285,6,6,TGCTCTTGAATATTCCGCAC,0,4614635
ybeDp,0.14285714285714285,6,6,TGCTCCCCTTGCAGTCATAC,0,4605233
ybeDp,0.14285714285714285,6,6,TGCGGGGTTTAAGGAAATCC,0,4611286
ybeDp,0.14285714285714285,6,6,TGCGCTTAGGAGTATTAGGG,0,4658757
ybeDp,0.14285714285714285,6,6,TGCGCGTACAAGAAGACCTC,0,4611210
ybeDp,0.14285714285714285,6,6,TGCGATGGTGTTAGCCCTAA,0,4660221
ybeDp,0.14285714285714285,6,6,TGCAATATCCCAACTACCAT,0,4670257
ybeDp,0.14285714285714285,6,6,TGATTTGATAGTTATAGAGA,0,4634526
ybeDp,0.14285714285714285,6,6,TGATTGATTCATAATAACCA,0,4666203
ybeDp,0.14285714285714285,6,6,TGATTAGTCCAGTATGATGT,0,4642148
ybeDp,0.14285714285714285,6,6,TGATGTCTAGTAGTGGTCGA,0,4676861
ybeDp,0.14285714285714285,6,6,TGATGTAACGGCAAAAGGGT,0,4644827
ybeDp,0.14285714285714285,6,6,TGATAGGTATGTATCCGAGG,0,4614174
ybeDp,0.14285714285714285,6,6,TGAGTAACTTCAGGCCGTGT,0,4672418
ybeDp,0.14285714285714285,6,6,TGAGGCGGCCAGTAACGTGC,0,4672287
ybeDp,0.14285714285714285,6,6,TGACTGGAAGTTGGGTCTGT,0,4654528
ybeDp,0.14285714285714285,6,6,TGACGTGAAAGGACTTCCAA,0,4629546
ybeDp,0.14285714285714285,6,6,TGACGGTTGAACGTGAATCA,0,4646061
ybeDp,0.14285714285714285,6,6,TGACCGGATTATCCGAGCAG,0,4612249
ybeDp,0.14285714285714285,6,6,TGAATTTATAAGACATCACG,0,4677881
ybeDp,0.14285714285714285,6,6,TGAACGGTGTGCGCACCTCA,0,4658215
ybeDp,0.14285714285714285,6,6,TGAAATGGATTATGGTCCGC,0,4633634
ybeDp,0.14285714285714285,6,6,TCTTGGACAACATGGGTGGC,0,4640031
ybeDp,0.14285714285714285,6,6,TCTTGAACAGTACATGCGCG,0,4684952
ybeDp,0.14285714285714285,6,6,TCTTAGTCAAACATTTACAT,0,4666969
ybeDp,0.14285714285714285,6,6,TCTGTTTCGGAACAGTGCGT,0,4684455
ybeDp,0.14285714285714285,6,6,TCTGGCGTTCCAGTTGGGAC,0,4662094
ybeDp,0.14285714285714285,6,6,TCTGCGGCTCCTCACCTCTT,0,4612242
ybeDp,0.14285714285714285,6,6,TCTGATTTCGGGTGCGAATG,0,4661498
ybeDp,0.14285714285714285,6,6,TCTGACCTTTTTTTTTGCAT,0,4613536
ybeDp,0.14285714285714285,6,6,TCTCGAAAAATAATAAGAGT,0,4621992
ybeDp,0.14285714285714285,6,6,TCTCATTAAATCGTTAGCGA,0,4682559
ybeDp,0.14285714285714285,6,6,TCTCATGTGCCTGTCAATTA,0,4641506
ybeDp,0.14285714285714285,6,6,TCTCAAGCTCATTATTGGCA,0,4642308
ybeDp,0.14285714285714285,6,6,TCTATTGGACTTTCCAAAAA,0,4636458
ybeDp,0.14285714285714285,6,6,TCTATTATTGGGTGTATTTT,0,4610766
ybeDp,0.14285714285714285,6,6,TCTAGAGTGGGCTGAAGACG,0,4679805
ybeDp,0.14285714285714285,6,6,TCTACTTAGCGATATCGTGC,0,4610834
ybeDp,0.14285714285714285,6,6,TCTACGTGTTGAAGACTTCC,0,4628286
ybeDp,0.14285714285714285,6,6,TCTAACCTTGACATGTCTAT,0,4600892
ybeDp,0.14285714285714285,6,6,TCTAAATTTTCCAGTCCTTC,0,4672735
ybeDp,0.14285714285714285,6,6,TCGTTTGGCAACGATGGAGT,0,4632263
ybeDp,0.14285714285714285,6,6,TCGTCTACTTCGCAATCCAA,0,4630184
ybeDp,0.14285714285714285,6,6,TCGTCTAATTAGGGTTGTAA,0,4613640
ybeDp,0.14285714285714285,6,6,TCGTATGACCTTCTGCAGGG,0,4641497
ybeDp,0.14285714285714285,6,6,TCGTAGGAATACTAACTGAA,0,4687971
ybeDp,0.14285714285714285,6,6,TCGTAGCTAGGCGCGATGAT,0,4676925
ybeDp,0.14285714285714285,6,6,TCGGGAAGTGCTGCCTTTCT,0,4623093
ybeDp,0.14285714285714285,6,6,TCGGCTCCACGGATCCATTG,0,4624407
ybeDp,0.14285714285714285,6,6,TCGGCAAAAACTAGGTCGAT,0,4606794
ybeDp,0.14285714285714285,6,6,TCGGAGCCGATATTTTCGCA,0,4630211
ybeDp,0.14285714285714285,6,6,TCGCGCGGACTGCGGTAAGG,0,4638714
ybeDp,0.14285714285714285,6,6,TCGATGAAGACATGTCCACG,0,4625273
ybeDp,0.14285714285714285,6,6,TCGAATGGATGAGTTAGGCT,0,4644043
ybeDp,0.14285714285714285,6,6,TCCTAATAGGGCACGATAAA,0,4680860
ybeDp,0.14285714285714285,6,6,TCCGTTCCACATGCGTTAGA,0,4637721
ybeDp,0.14285714285714285,6,6,TCCCTGCTCTACGCCAGTAG,0,4610667
ybeDp,0.14285714285714285,6,6,TCCCATTGCGATGATAGCGA,0,4649829
ybeDp,0.14285714285714285,6,6,TCCAGAGAGGTTCGCAGCCT,0,4657035
ybeDp,0.14285714285714285,6,6,TCCACTCCATAGCAGGCATG,0,4676635
ybeDp,0.14285714285714285,6,6,TCCACAGAAGTGCTCCACGT,0,4655034
ybeDp,0.14285714285714285,6,6,TCCAAAGGAAATGTGTCACT,0,4661232
ybeDp,0.14285714285714285,6,6,TCATTTATGTGGGCGAGAAC,0,4660688
ybeDp,0.14285714285714285,6,6,TCATGCCAACGCACTGGAGA,0,4646836
ybeDp,0.14285714285714285,6,6,TCATCTGGATGTGCCCGGAG,0,4663780
ybeDp,0.14285714285714285,6,6,TCATCCAATGAAAAAATGTT,0,4682332
ybeDp,0.14285714285714285,6,6,TCAGTATGCGGCGGGTGGCC,0,4605805
ybeDp,0.14285714285714285,6,6,TCAGGTACAGTCACAATACG,0,4615002
ybeDp,0.14285714285714285,6,6,TCAGAGGATTACTCCGTACG,0,4604566
ybeDp,0.14285714285714285,6,6,TCAGAATGGGGGCGCTGGGC,0,4639048
ybeDp,0.14285714285714285,6,6,TCACTTGGCATGTTTGACTT,0,4657567
ybeDp,0.14285714285714285,6,6,TCACGGTAAGTTCATTGTAT,0,4633405
ybeDp,0.14285714285714285,6,6,TCACGATCCGGTCCCTTCAT,0,4649555
ybeDp,0.14285714285714285,6,6,TCACCTAGTCTCTCACGTGT,0,4613708
ybeDp,0.14285714285714285,6,6,TCACCGTACGCGGTTCCCCG,0,4674706
ybeDp,0.14285714285714285,6,6,TCACAGTGCCTCACCGGGGA,0,4656762
ybeDp,0.14285714285714285,6,6,TCACAAGCAAACCAATCGCA,0,4663906
ybeDp,0.14285714285714285,6,6,TCAATAGCGATTGGGCCGTG,0,4610016
ybeDp,0.14285714285714285,6,6,TCAAAACATCCCGGGTGGTT,0,4622505
ybeDp,0.14285714285714285,6,6,TATTTGAACACACAAGTGGA,0,4624410
ybeDp,0.14285714285714285,6,6,TATTGTTACAGCGTATATGC,0,4674644
ybeDp,0.14285714285714285,6,6,TATTGAAGCCGTATCCCGTG,0,4626135
ybeDp,0.14285714285714285,6,6,TATTCATTTCGCTCCAATCC,0,4602175
ybeDp,0.14285714285714285,6,6,TATTCACGAGTGGACAATTC,0,4639115
ybeDp,0.14285714285714285,6,6,TATTAGGTCCGTGCCAGCGT,0,4648546
ybeDp,0.14285714285714285,6,6,TATTAAGAGGTGAGTTTTTC,0,4642771
ybeDp,0.14285714285714285,6,6,TATGTGTGCTGTAGCGGATC,0,4669694
ybeDp,0.14285714285714285,6,6,TATGTGGATCTCTTAGGCAT,0,4619271
ybeDp,0.14285714285714285,6,6,TATGGCTAAGTTGTTCGATC,0,4620716
ybeDp,0.14285714285714285,6,6,TATGCTCTATCAGACGAGCA,0,4614772
ybeDp,0.14285714285714285,6,6,TATGCCCTGCCTGCACTGTC,0,4630907
ybeDp,0.14285714285714285,6,6,TATCGAGATTTCTCTAATCA,0,4646994
ybeDp,0.14285714285714285,6,6,TATCCGGTGGTGCAATCTGC,0,4642889
ybeDp,0.14285714285714285,6,6,TATATTGCTTGTTCCAATCA,0,4675605
ybeDp,0.14285714285714285,6,6,TATATTATAGCCTCTAGGAA,0,4619829
ybeDp,0.14285714285714285,6,6,TATATATGTTAGAGAGGTTG,0,4627108
ybeDp,0.14285714285714285,6,6,TATACGATCGCAGAACGGCT,0,4677568
ybeDp,0.14285714285714285,6,6,TATACACAGTATCATACTAT,0,4681136
ybeDp,0.14285714285714285,6,6,TAGTGTCTTTTTGGTGGGGA,0,4673052
ybeDp,0.14285714285714285,6,6,TAGTGCATAAAGTTTGCAAT,0,4626796
ybeDp,0.14285714285714285,6,6,TAGTCAAGGGCGTCTCATGT,0,4628148
ybeDp,0.14285714285714285,6,6,TAGGTCTCATGGAATCAGGT,0,4632001
ybeDp,0.14285714285714285,6,6,TAGGTCGATTATGACTCAGA,0,4610767
ybeDp,0.14285714285714285,6,6,TAGGGCGAAATAGTAGCCGG,0,4682491
ybeDp,0.14285714285714285,6,6,TAGGGATGTCCCATTACAGT,0,4646168
ybeDp,0.14285714285714285,6,6,TAGGCATTCTACTAGCCACT,0,4666333
ybeDp,0.14285714285714285,6,6,TAGGATCTTCGACTGGTGAT,0,4654936
ybeDp,0.14285714285714285,6,6,TAGCTGGCTGCCAAGCGGCG,0,4679606
ybeDp,0.14285714285714285,6,6,TAGCCTATCACCTATAAGAG,0,4659158
ybeDp,0.14285714285714285,6,6,TAGCACTCGAAACGCTCGCG,0,4647757
ybeDp,0.14285714285714285,6,6,TAGATCAACAAAAGGTAGGC,0,4666745
ybeDp,0.14285714285714285,6,6,TAGAGGTATAGCTATGTCGG,0,4632446
ybeDp,0.14285714285714285,6,6,TAGAGCATGTTCGTGAGGAT,0,4632340
ybeDp,0.14285714285714285,6,6,TACTTACTCGGATTCATGTT,0,4632929
ybeDp,0.14285714285714285,6,6,TACTGTTCTCACGGGCTCCT,0,4643362
ybeDp,0.14285714285714285,6,6,TACTCTCATCTATTCGAGCG,0,4634801
ybeDp,0.14285714285714285,6,6,TACGTTTGGGGGCCGGGCTG,0,4640734
ybeDp,0.14285714285714285,6,6,TACGGCTGGCCATAAAGACT,0,4631424
ybeDp,0.14285714285714285,6,6,TACGACGCGAGAAGCGTGAT,0,4682600
ybeDp,0.14285714285714285,6,6,TACCTAATGAACTGGACTCT,0,4633129
ybeDp,0.14285714285714285,6,6,TACATCGGCATAATTGCTGT,0,4636686
ybeDp,0.14285714285714285,6,6,TACAGCTCGTCCCGCACCTA,0,4659041
ybeDp,0.14285714285714285,6,6,TAATGGGACGTAGAAGGCTT,0,4671406
ybeDp,0.14285714285714285,6,6,TAATCTCAAATCTATCCACT,0,4665663
ybeDp,0.14285714285714285,6,6,TAATCGAAGATTCGGTATTT,0,4655430
ybeDp,0.14285714285714285,6,6,TAATCCGGAATCGACCCTAC,0,4631738
ybeDp,0.14285714285714285,6,6,TAATAGGGAAGAGCTCCTAT,0,4642743
ybeDp,0.14285714285714285,6,6,TAATACAATAAGTAATTGTC,0,4672014
ybeDp,0.14285714285714285,6,6,TAAGGTAGGTATTTCTACCC,0,4635411
ybeDp,0.14285714285714285,6,6,TAAGGACTGTCGCTTTTTTT,0,4646926
ybeDp,0.14285714285714285,6,6,TAAGATCTGTTTTGCAACAG,0,4623188
ybeDp,0.14285714285714285,6,6,TAACGCCGGCGCAATCTTCT,0,4682092
ybeDp,0.14285714285714285,6,6,TAACCGTTTCCCGGAGACGC,0,4616438
ybeDp,0.14285714285714285,6,6,TAACATGGACGACAGAAGAC,0,4682288
ybeDp,0.14285714285714285,6,6,TAACAGGCCGTGCAAGTTCT,0,4606997
ybeDp,0.14285714285714285,6,6,TAACACGCTGGTATGGGAAC,0,4645968
ybeDp,0.14285714285714285,6,6,TAACAAACATAGCAACTGAC,0,4659619
ybeDp,0.14285714285714285,6,6,TAAAATAACACGACACTTGG,0,4649050
ybeDp,0.14285714285714285,6,6,TAAAAGGGGATACATGATTA,0,4645176
ybeDp,0.14285714285714285,6,6,GTTTTCGCTAAACTATGTAC,0,4680361
ybeDp,0.14285714285714285,6,6,GTTTTCCAGCGTTGGGGTGG,0,4632678
ybeDp,0.14285714285714285,6,6,GTTTTAGTCGTTGCTGGATA,0,4640744
ybeDp,0.14285714285714285,6,6,GTTTGTGTGTCTCCACGCGT,0,4646187
ybeDp,0.14285714285714285,6,6,GTTTGCTCCCGGGTCGTGCC,0,4680747
ybeDp,0.14285714285714285,6,6,GTTTCATCCGTAAGCCATGC,0,4612806
ybeDp,0.14285714285714285,6,6,GTTTCAGCTGCTCCATGGTG,0,4601955
ybeDp,0.14285714285714285,6,6,GTTTACATCGAGAACGTTAG,0,4663858
ybeDp,0.14285714285714285,6,6,GTTGTGCATCCGCAACATAG,0,4676948
ybeDp,0.14285714285714285,6,6,GTTGGCGTTTGGCTGAATTG,0,4604120
ybeDp,0.14285714285714285,6,6,GTTGGATGTGGAGGACTATG,0,4676813
ybeDp,0.14285714285714285,6,6,GTTGCAACCGGGCACGTACA,0,4607049
ybeDp,0.14285714285714285,6,6,GTTGACACTGACCCAAATTG,0,4627865
ybeDp,0.14285714285714285,6,6,GTTCGGTCCTATAGGCATGC,0,4677906
ybeDp,0.14285714285714285,6,6,GTTCGCGGCATGCGGATCTT,0,4643419
ybeDp,0.14285714285714285,6,6,GTTCCGGTCGTCCTACTAGA,0,4616857
ybeDp,0.14285714285714285,6,6,GTTCCCTCTTCGCTTCGTCA,0,4650285
ybeDp,0.14285714285714285,6,6,GTTCCCAGAGCTAACCCAAT,0,4684948
ybeDp,0.14285714285714285,6,6,GTTCAGGACTCGACTCCGTG,0,4639631
ybeDp,0.14285714285714285,6,6,GTTCACGTCACTTAACGCTA,0,4609583
ybeDp,0.14285714285714285,6,6,GTTCACAAAGCGTTCGCCCA,0,4653413
ybeDp,0.14285714285714285,6,6,GTTCAAATTTGAACGGTTTT,0,4626945
ybeDp,0.14285714285714285,6,6,GTTATTCAGGGAATAGCTTA,0,4642413
ybeDp,0.14285714285714285,6,6,GTTATATCACGTCCTTGGCG,0,4648210
ybeDp,0.14285714285714285,6,6,GTTACTCTCACGTGGGAAGG,0,4680567
ybeDp,0.14285714285714285,6,6,GTTACATTCATGACTGTTTT,0,4622258
ybeDp,0.14285714285714285,6,6,GTGTTCTTCTGTTGTCCCGT,0,4657347
ybeDp,0.14285714285714285,6,6,GTGTTCAGGGTCCCGAGGTT,0,4601147
ybeDp,0.14285714285714285,6,6,GTGGTTTTGTGGGCCCTCTT,0,4619372
ybeDp,0.14285714285714285,6,6,GTGGTGAGCTTTGAATCCTG,0,4612841
ybeDp,0.14285714285714285,6,6,GTGGCGCGTACACACAGGTT,0,4612771
ybeDp,0.14285714285714285,6,6,GTGCTCGCGTAGACGAAATC,0,4641530
ybeDp,0.14285714285714285,6,6,GTGCCTTCTTGAACCACCGT,0,4621087
ybeDp,0.14285714285714285,6,6,GTGCAGTAAATGCTAAGAAC,0,4679500
ybeDp,0.14285714285714285,6,6,GTGCACCCAGATTCTCGCTC,0,4607716
ybeDp,0.14285714285714285,6,6,GTGCAAACGCTGTGAATGGG,0,4623449
ybeDp,0.14285714285714285,6,6,GTGAGGGAGCCGACGATTCT,0,4664641
ybeDp,0.14285714285714285,6,6,GTGAGAATTGCAAAACTATA,0,4666118
ybeDp,0.14285714285714285,6,6,GTGACACCATTTTGCATGGG,0,4666122
ybeDp,0.14285714285714285,6,6,GTCTTGTAAAATTTCTCGTG,0,4638446
ybeDp,0.14285714285714285,6,6,GTCTTCCGTTTACGTCCTCA,0,4609753
ybeDp,0.14285714285714285,6,6,GTCTCGTACGAGGCCCGTCT,0,4670255
ybeDp,0.14285714285714285,6,6,GTCGTTGTAACCGCCCTTTG,0,4644477
ybeDp,0.14285714285714285,6,6,GTCGGGCGTGACAGCGTTTT,0,4619736
ybeDp,0.14285714285714285,6,6,GTCCGGAGATGTGGCTGGCT,0,4611597
ybeDp,0.14285714285714285,6,6,GTCCGCTAATTAAGATCCGG,0,4666244
ybeDp,0.14285714285714285,6,6,GTCATACCAGGACGGTGTAT,0,4630101
ybeDp,0.14285714285714285,6,6,GTCAGGGAGCGAGGTACCAC,0,4651664
ybeDp,0.14285714285714285,6,6,GTCACGGGATGACTTAGCCA,0,4670487
ybeDp,0.14285714285714285,6,6,GTATGGTCGAGAATATAAAC,0,4619382
ybeDp,0.14285714285714285,6,6,GTATCACAACATCCTGTCTT,0,4655009
ybeDp,0.14285714285714285,6,6,GTAGTGGGCCTACGTTGTGA,0,4652505
ybeDp,0.14285714285714285,6,6,GTAGGGTCAACCATTACACG,0,4683373
ybeDp,0.14285714285714285,6,6,GTAGCTGGGCAGTTATGATT,0,4653727
ybeDp,0.14285714285714285,6,6,GTACGAGGTATCATCATGCC,0,4685489
ybeDp,0.14285714285714285,6,6,GTAATAATACTACGAGATAC,0,4687337
ybeDp,0.14285714285714285,6,6,GTAACCGATAAGATAGTGAA,0,4670361
ybeDp,0.14285714285714285,6,6,GGTTTCTGGTCGGTAAGACA,0,4672328
ybeDp,0.14285714285714285,6,6,GGTTTCCAAAAAGACACCAG,0,4679896
ybeDp,0.14285714285714285,6,6,GGTTGCAAGAGTGAGTTATT,0,4629706
ybeDp,0.14285714285714285,6,6,GGTTCACCGACCGTGAGTCG,0,4604997
ybeDp,0.14285714285714285,6,6,GGTTAGTTGGTCTGCCGGAC,0,4627676
ybeDp,0.14285714285714285,6,6,GGTGGCTCTTCGCTGCCACC,0,4651516
ybeDp,0.14285714285714285,6,6,GGTGGAGCCCCCAGAGATCT,0,4662920
ybeDp,0.14285714285714285,6,6,GGTGCAAATGGCTAAGCTTT,0,4674132
ybeDp,0.14285714285714285,6,6,GGTGAGGTGGGAGCGTTGAG,0,4604439
ybeDp,0.14285714285714285,6,6,GGTCTGCATTAATGAGAACA,0,4637975
ybeDp,0.14285714285714285,6,6,GGTCGTGGGAGCACGCAGAT,0,4649080
ybeDp,0.14285714285714285,6,6,GGTCGTGCGCGCTGCCCGGC,0,4668020
ybeDp,0.14285714285714285,6,6,GGTCGTCGGGCTTTTTCGAA,0,4613336
ybeDp,0.14285714285714285,6,6,GGTCGATAGGACCGACGGAG,0,4657200
ybeDp,0.14285714285714285,6,6,GGTCCGACATACAGCGGCTC,0,4656604
ybeDp,0.14285714285714285,6,6,GGTCAATCGGGCGCACCAAT,0,4668056
ybeDp,0.14285714285714285,6,6,GGTATACGGGATCCTAATTA,0,4669698
ybeDp,0.14285714285714285,6,6,GGTAGACTTTAACCCCCATT,0,4625850
ybeDp,0.14285714285714285,6,6,GGTACGGGCTGGACGGGCGC,0,4680168
ybeDp,0.14285714285714285,6,6,GGGTTTCAGAGGAATTCTTG,0,4624399
ybeDp,0.14285714285714285,6,6,GGGTGCGCGCACCGCTAGGC,0,4677454
ybeDp,0.14285714285714285,6,6,GGGTGATACGCTTCGGCAGC,0,4641126
ybeDp,0.14285714285714285,6,6,GGGTGACCAGCTTCGATCGT,0,4607194
ybeDp,0.14285714285714285,6,6,GGGTGAAGAGTCCTGTCCGA,0,4634436
ybeDp,0.14285714285714285,6,6,GGGTCGGTCGTTTAGCACGT,0,4611808
ybeDp,0.14285714285714285,6,6,GGGTAGTACCGGCAAAAAGG,0,4631193
ybeDp,0.14285714285714285,6,6,GGGTAATCGGACCGATATGT,0,4650199
ybeDp,0.14285714285714285,6,6,GGGGGGTGTGATACCATTTT,0,4666253
ybeDp,0.14285714285714285,6,6,GGGGACAATTTAAATTGGTT,0,4621176
ybeDp,0.14285714285714285,6,6,GGGCGTTATGTCATGGGATT,0,4629158
ybeDp,0.14285714285714285,6,6,GGGATTAGATCGCATAGGGC,0,4662158
ybeDp,0.14285714285714285,6,6,GGGATGTCATGTGAAGCCTA,0,4667474
ybeDp,0.14285714285714285,6,6,GGGATCGGTTCGTAAATTTG,0,4615808
ybeDp,0.14285714285714285,6,6,GGGAGCCGCTAGCCGGTTCA,0,4664518
ybeDp,0.14285714285714285,6,6,GGGACCGCTGATGCAGTACT,0,4645727
ybeDp,0.14285714285714285,6,6,GGGACACTAGGGAGGACGGT,0,4629577
ybeDp,0.14285714285714285,6,6,GGCTTTGTCGCTGAGGACCG,0,4669969
ybeDp,0.14285714285714285,6,6,GGCTTTGATTTACTACGAAG,0,4671676
ybeDp,0.14285714285714285,6,6,GGCTTGGGTGTTGGCTAAGT,0,4618984
ybeDp,0.14285714285714285,6,6,GGCTTCTTTGCATGGTTAAA,0,4623469
ybeDp,0.14285714285714285,6,6,GGCTTAGACCTATACGATTC,0,4652181
ybeDp,0.14285714285714285,6,6,GGCTGTATGTAGGATGTTTC,0,4679484
ybeDp,0.14285714285714285,6,6,GGCTGGAACGCCGTCCTTTT,0,4667831
ybeDp,0.14285714285714285,6,6,GGCTCGTTCAGCCCAGCGCG,0,4651704
ybeDp,0.14285714285714285,6,6,GGCGTGGTCTATTCAGCCAC,0,4624830
ybeDp,0.14285714285714285,6,6,GGCGGCTTTATGAGGAGCTG,0,4634437
ybeDp,0.14285714285714285,6,6,GGCGCGGAGCCGGGAGTAAA,0,4635513
ybeDp,0.14285714285714285,6,6,GGCGCAATTTCAGAACGGAT,0,4606543
ybeDp,0.14285714285714285,6,6,GGCGATTGCTGCGCGATCGC,0,4602049
ybeDp,0.14285714285714285,6,6,GGCGACAAAGAGGGTACTCA,0,4646363
ybeDp,0.14285714285714285,6,6,GGCCGGTCATTGTAGTACTT,0,4638098
ybeDp,0.14285714285714285,6,6,GGCCCTGAAGTCTGGTACGC,0,4611604
ybeDp,0.14285714285714285,6,6,GGCCACCGAGTCCCACAAAT,0,4671282
ybeDp,0.14285714285714285,6,6,GGCAGCTTCATATAGTGTGT,0,4639370
ybeDp,0.14285714285714285,6,6,GGCACAACCTGGCTGAATCC,0,4621619
ybeDp,0.14285714285714285,6,6,GGAGTTGGCACCTAGATGGC,0,4652792
ybeDp,0.14285714285714285,6,6,GGAGTGTACTTCCACGGGGA,0,4609718
ybeDp,0.14285714285714285,6,6,GGAGTACGGTCGATGGCAGA,0,4617138
ybeDp,0.14285714285714285,6,6,GGAGCTACATCAACGCTGTA,0,4611575
ybeDp,0.14285714285714285,6,6,GGACTAACAAGGTGAACCAG,0,4601233
ybeDp,0.14285714285714285,6,6,GGACGGCTTGCCGTTGTATC,0,4629885
ybeDp,0.14285714285714285,6,6,GGAATGCGGCTGCGCCACCT,0,4604308
ybeDp,0.14285714285714285,6,6,GGAACTGTTAGAGAGCCTTC,0,4642394
ybeDp,0.14285714285714285,6,6,GGAAAACCTACAAAATGGAG,0,4671477
ybeDp,0.14285714285714285,6,6,GCTTTAGAATCGTGAAGTAA,0,4680635
ybeDp,0.14285714285714285,6,6,GCTTGGACCGGGTAAGATTC,0,4661123
ybeDp,0.14285714285714285,6,6,GCTTATACAGCCTTGAATTA,0,4601425
ybeDp,0.14285714285714285,6,6,GCTGGGTAAAAATTCCAATA,0,4684548
ybeDp,0.14285714285714285,6,6,GCTGCCTGGTTGACCCCGGT,0,4635180
ybeDp,0.14285714285714285,6,6,GCTCGATCGCATCTGCAGTA,0,4669525
ybeDp,0.14285714285714285,6,6,GCTAGTGGTTGAGGCAGATG,0,4604715
ybeDp,0.14285714285714285,6,6,GCTACTAAAAGACCTCCCTG,0,4664009
ybeDp,0.14285714285714285,6,6,GCTACGTAAGACGCGCTACC,0,4642637
ybeDp,0.14285714285714285,6,6,GCTACGGTTTCTACTATTTA,0,4654291
ybeDp,0.14285714285714285,6,6,GCTACGATGTTGCTGAAAGA,0,4668712
ybeDp,0.14285714285714285,6,6,GCTACATTGAATAAATGTCC,0,4646900
ybeDp,0.14285714285714285,6,6,GCTACACCTTCCACGCTCCA,0,4618887
ybeDp,0.14285714285714285,6,6,GCGTGATTTGCTGCCTGTCA,0,4652301
ybeDp,0.14285714285714285,6,6,GCGTCATCTTCCTATGATTT,0,4607947
ybeDp,0.14285714285714285,6,6,GCGTACGCAGTCATGTACAT,0,4625189
ybeDp,0.14285714285714285,6,6,GCGGGTTGCCACTGCTCATA,0,4685409
ybeDp,0.14285714285714285,6,6,GCGGGATGGTTTTTAACGGC,0,4643491
ybeDp,0.14285714285714285,6,6,GCGGGACTATGGGTTAGCGG,0,4676132
ybeDp,0.14285714285714285,6,6,GCGGGACGTCCCATCACATT,0,4637418
ybeDp,0.14285714285714285,6,6,GCGAAGGCCGAAAGGTGTAC,0,4676499
ybeDp,0.14285714285714285,6,6,GCCTTGTGGGGACCCTTATG,0,4623330
ybeDp,0.14285714285714285,6,6,GCCTTGCGTGTAATAGATCA,0,4615850
ybeDp,0.14285714285714285,6,6,GCCTTCGGTGTAGCGCGCGA,0,4644328
ybeDp,0.14285714285714285,6,6,GCCTTACAGTCGGCATGTTT,0,4612148
ybeDp,0.14285714285714285,6,6,GCCTGGGTAATCCATCCTCG,0,4603529
ybeDp,0.14285714285714285,6,6,GCCTAGGTACCGTACTATAA,0,4674663
ybeDp,0.14285714285714285,6,6,GCCTAATGATACGCGCACAT,0,4658905
ybeDp,0.14285714285714285,6,6,GCCGGTCCTAGCGGATAATG,0,4632520
ybeDp,0.14285714285714285,6,6,GCCGGTACATATTACGATGT,0,4607659
ybeDp,0.14285714285714285,6,6,GCCGGATCCGGTCCGGCCGC,0,4646523
ybeDp,0.14285714285714285,6,6,GCCGACATTGATCCGGTGAA,0,4653725
ybeDp,0.14285714285714285,6,6,GCCGAATATTTCATCTTGTC,0,4625299
ybeDp,0.14285714285714285,6,6,GCCCTGAGGAATCTCAGCTT,0,4662869
ybeDp,0.14285714285714285,6,6,GCCCTATGGTTGTGTGAAGT,0,4669729
ybeDp,0.14285714285714285,6,6,GCCCTAAAGCGGCGTACTCT,0,4602710
ybeDp,0.14285714285714285,6,6,GCCCGGTGGTCTTCGTTAAA,0,4645892
ybeDp,0.14285714285714285,6,6,GCCCGCGCCGTCGAACGCCA,0,4679234
ybeDp,0.14285714285714285,6,6,GCCCGATCAAAATCGAGAGA,0,4606072
ybeDp,0.14285714285714285,6,6,GCCCACTCCACATGGTTAAG,0,4670282
ybeDp,0.14285714285714285,6,6,GCCCAAGCGGCTATCATTTG,0,4624016
ybeDp,0.14285714285714285,6,6,GCCACTGTAATCTGGTGAAG,0,4648857
ybeDp,0.14285714285714285,6,6,GCCACATCACCAAAAACCTT,0,4611343
ybeDp,0.14285714285714285,6,6,GCCAATGGCAAACAGGGGAG,0,4653893
ybeDp,0.14285714285714285,6,6,GCCAACCCGTGGGAGCCTAT,0,4642305
ybeDp,0.14285714285714285,6,6,GCCAACACGGTCCCTGTCTC,0,4602088
ybeDp,0.14285714285714285,6,6,GCCAAATTCCCGGGGTCACG,0,4603979
ybeDp,0.14285714285714285,6,6,GCCAAAGCTAGCGTCCCGGT,0,4631059
ybeDp,0.14285714285714285,6,6,GCCAAAACAGAAACTCGGTA,0,4624903
ybeDp,0.14285714285714285,6,6,GCATGTGCATGTAGGGTTCG,0,4636085
ybeDp,0.14285714285714285,6,6,GCATAAGAACTCATACTGCT,0,4638250
ybeDp,0.14285714285714285,6,6,GCAGTTGTCGTGTTCGACCC,0,4660142
ybeDp,0.14285714285714285,6,6,GCAGTCCCAAAGCCAAATAC,0,4629129
ybeDp,0.14285714285714285,6,6,GCAGGTGGCGAAGCCAGGCC,0,4644905
ybeDp,0.14285714285714285,6,6,GCAGCGCAGCGGGATGGGAA,0,4621614
ybeDp,0.14285714285714285,6,6,GCACTTGCGGACTTCCAGGT,0,4683937
ybeDp,0.14285714285714285,6,6,GCACTTCCGCTGCAGGGTCA,0,4658522
ybeDp,0.14285714285714285,6,6,GCACTAATTCGATTAATCTC,0,4651723
ybeDp,0.14285714285714285,6,6,GCACGGACAACGGACAGGTT,0,4645068
ybeDp,0.14285714285714285,6,6,GCACATCTAACACCATTTAT,0,4674039
ybeDp,0.14285714285714285,6,6,GCAAACCCTCAACCTGAAAT,0,4660998
ybeDp,0.14285714285714285,6,6,GATTTGACTAGATGAGGCGC,0,4647573
ybeDp,0.14285714285714285,6,6,GATTCGCTGTCTGGCTGTTT,0,4666335
ybeDp,0.14285714285714285,6,6,GATTCGCGGCGGCAATGGAA,0,4647976
ybeDp,0.14285714285714285,6,6,GATTCACGGAGCGCAGTGTG,0,4630548
ybeDp,0.14285714285714285,6,6,GATTCACCGACCGAGGATTT,0,4679026
ybeDp,0.14285714285714285,6,6,GATTAGGTGAAAGTTTTATT,0,4664046
ybeDp,0.14285714285714285,6,6,GATTAAAGTGTTGGTCCACG,0,4612672
ybeDp,0.14285714285714285,6,6,GATGTCGAGGACTCTGCCGG,0,4681814
ybeDp,0.14285714285714285,6,6,GATGGGCAGAATGCCCTCGG,0,4636504
ybeDp,0.14285714285714285,6,6,GATGGAATCTACTGCGGGGA,0,4649591
ybeDp,0.14285714285714285,6,6,GATGCCAATCGTTGCATAGT,0,4636151
ybeDp,0.14285714285714285,6,6,GATGAAGCAGTCCAAGCCCA,0,4632531
ybeDp,0.14285714285714285,6,6,GATCCGGGCAACTATTTACT,0,4624729
ybeDp,0.14285714285714285,6,6,GATCCCCAAAGAATAACACA,0,4637003
ybeDp,0.14285714285714285,6,6,GATCATGGAAAAGAACACAC,0,4668688
ybeDp,0.14285714285714285,6,6,GATATGACTGCTTCATCGTC,0,4601316
ybeDp,0.14285714285714285,6,6,GATACGTAGGGAACTGGACC,0,4603816
ybeDp,0.14285714285714285,6,6,GATAAAACAGGGCCAGTACT,0,4688069
ybeDp,0.14285714285714285,6,6,GAGTTTTAACTTGTGCAATG,0,4648464
ybeDp,0.14285714285714285,6,6,GAGTTCTGGTAATCTAATTT,0,4632105
ybeDp,0.14285714285714285,6,6,GAGTCACCTGGAGTGGATGA,0,4628861
ybeDp,0.14285714285714285,6,6,GAGGCAGGACAAACGATTTT,0,4618674
ybeDp,0.14285714285714285,6,6,GAGGAACGCGTCTCCCATCA,0,4639011
ybeDp,0.14285714285714285,6,6,GAGCTAGCACACCGAGAATA,0,4646330
ybeDp,0.14285714285714285,6,6,GAGATCTTATGAGGCTGATA,0,4636256
ybeDp,0.14285714285714285,6,6,GAGAGTGAGTTAAGAGGGTT,0,4650596
ybeDp,0.14285714285714285,6,6,GAGAGGGCTACGTCACGCTT,0,4681161
ybeDp,0.14285714285714285,6,6,GAGAGCACAGTCGCATTATG,0,4626802
ybeDp,0.14285714285714285,6,6,GAGACGGTCCCATTCTAAGG,0,4628619
ybeDp,0.14285714285714285,6,6,GAGAATGGGGGCTTTGCGGT,0,4683872
ybeDp,0.14285714285714285,6,6,GAGAATAATCCGTGTATGAT,0,4668049
ybeDp,0.14285714285714285,6,6,GACTTTAATGAGTGGAGGAC,0,4658069
ybeDp,0.14285714285714285,6,6,GACTTATGGTTCGCTATGGC,0,4654767
ybeDp,0.14285714285714285,6,6,GACTTACCAGGCTGCGGCGT,0,4647354
ybeDp,0.14285714285714285,6,6,GACTGGCAGGTACTCGTCAG,0,4671592
ybeDp,0.14285714285714285,6,6,GACTGGAGCTTTGGCAATAA,0,4636826
ybeDp,0.14285714285714285,6,6,GACTGCGGTGGTCACATTTA,0,4645401
ybeDp,0.14285714285714285,6,6,GACTCTCCTTCCCTCGCCTC,0,4674157
ybeDp,0.14285714285714285,6,6,GACTCTAAGAACTGGCGCAT,0,4681277
ybeDp,0.14285714285714285,6,6,GACTAGCGGACGAAGGATAT,0,4622532
ybeDp,0.14285714285714285,6,6,GACTAAGGCAACATCCGTTC,0,4683167
ybeDp,0.14285714285714285,6,6,GACGGCGGTGGCAGAAAATT,0,4605777
ybeDp,0.14285714285714285,6,6,GACGCGAAAGCCCAGTCACT,0,4615542
ybeDp,0.14285714285714285,6,6,GACCTAACCGTGTTGACATA,0,4674166
ybeDp,0.14285714285714285,6,6,GACAGTCTCCGCATCAGTTA,0,4661416
ybeDp,0.14285714285714285,6,6,GACACACCTACCTCGGTCGG,0,4653686
ybeDp,0.14285714285714285,6,6,GACAAATCGGTCATGCTTTG,0,4607560
ybeDp,0.14285714285714285,6,6,GAATCGCATGCACAATCTAT,0,4669186
ybeDp,0.14285714285714285,6,6,GAATATGAGCTGAATCGATC,0,4684928
ybeDp,0.14285714285714285,6,6,GAAGTGACTCCCGCATTAGG,0,4640327
ybeDp,0.14285714285714285,6,6,GAAGTCGTTCCTGGTATTGC,0,4644970
ybeDp,0.14285714285714285,6,6,GAAGATGAAGCTGCCGTCTG,0,4611075
ybeDp,0.14285714285714285,6,6,GAACCCACAGCCCTCGGGTG,0,4638661
ybeDp,0.14285714285714285,6,6,GAACCATACAAAGTCTCCGA,0,4626300
ybeDp,0.14285714285714285,6,6,GAACATTACCTTTCGGGTAA,0,4615836
ybeDp,0.14285714285714285,6,6,GAACAACCGTGCGAGCTTAA,0,4626516
ybeDp,0.14285714285714285,6,6,CTTTTTTCGCTTTGTCCAGT,0,4664592
ybeDp,0.14285714285714285,6,6,CTTTGGGTTGGGCTTCGCCA,0,4664512
ybeDp,0.14285714285714285,6,6,CTTTGCTCGCTTTCAGAGTA,0,4631933
ybeDp,0.14285714285714285,6,6,CTTGCAGTTCTAGCAGGCTT,0,4653691
ybeDp,0.14285714285714285,6,6,CTTCTTCTTATCGGTATGGC,0,4606050
ybeDp,0.14285714285714285,6,6,CTTCCTAATTCGCGCCAACG,0,4644011
ybeDp,0.14285714285714285,6,6,CTTCAGAAAGGCTCTTCAAC,0,4631853
ybeDp,0.14285714285714285,6,6,CTTATGTCATACTCATCTTA,0,4622286
ybeDp,0.14285714285714285,6,6,CTTAGTATCCCATCCTCGGT,0,4647719
ybeDp,0.14285714285714285,6,6,CTGTTCTTCGTGCACCGCTC,0,4645730
ybeDp,0.14285714285714285,6,6,CTGTCGCAGGGGATGTTACA,0,4656108
ybeDp,0.14285714285714285,6,6,CTGGTTAAATCCAGAGCCTA,0,4655257
ybeDp,0.14285714285714285,6,6,CTGGTGTGCCTGTAAGGCAT,0,4633922
ybeDp,0.14285714285714285,6,6,CTGGTGAGCAAACACACGAC,0,4651043
ybeDp,0.14285714285714285,6,6,CTGGGAAGAAATCAGGTTTA,0,4664197
ybeDp,0.14285714285714285,6,6,CTGGCGGTGCAGGGAATAGG,0,4667747
ybeDp,0.14285714285714285,6,6,CTGGCCGTGGTCTTTGGACT,0,4618121
ybeDp,0.14285714285714285,6,6,CTGGCAATATGGGGGTCCAA,0,4628367
ybeDp,0.14285714285714285,6,6,CTGGAAAAATATGGAGAGTG,0,4609222
ybeDp,0.14285714285714285,6,6,CTGCTTGTCATAGCTGACTT,0,4680765
ybeDp,0.14285714285714285,6,6,CTGCCCTACCATTCCAGAGA,0,4609638
ybeDp,0.14285714285714285,6,6,CTGATGAGACGCAGATATCT,0,4653793
ybeDp,0.14285714285714285,6,6,CTGATACTATATCTTCATTG,0,4664180
ybeDp,0.14285714285714285,6,6,CTGAGACAGGAATTACACCA,0,4683935
ybeDp,0.14285714285714285,6,6,CTGACGCATTACTGGCTCTA,0,4658614
ybeDp,0.14285714285714285,6,6,CTGACGAGTAAGTACAGGGT,0,4616852
ybeDp,0.14285714285714285,6,6,CTGAAGCGGACGGGGGTTTC,0,4637192
ybeDp,0.14285714285714285,6,6,CTCTTTCGCGTCCGTTGACA,0,4678541
ybeDp,0.14285714285714285,6,6,CTCTTGCAAAACGGGACCCT,0,4649395
ybeDp,0.14285714285714285,6,6,CTCTGTCGCACTCCTATCGT,0,4685955
ybeDp,0.14285714285714285,6,6,CTCTCCTATGGGTGAAGAGC,0,4684146
ybeDp,0.14285714285714285,6,6,CTCTATCACATGTAGAGTAT,0,4677445
ybeDp,0.14285714285714285,6,6,CTCGTTTAACTTCTCGGGCG,0,4624958
ybeDp,0.14285714285714285,6,6,CTCGTACCCTACCTTGCAAG,0,4633449
ybeDp,0.14285714285714285,6,6,CTCGCAAAGAAGAAGAGTCG,0,4656350
ybeDp,0.14285714285714285,6,6,CTCGATGAACGCGCCTGATC,0,4619677
ybeDp,0.14285714285714285,6,6,CTCGATAAACCACAACTAAC,0,4605800
ybeDp,0.14285714285714285,6,6,CTCCTAATAGATCTTAGCAG,0,4663055
ybeDp,0.14285714285714285,6,6,CTCCGTATTCGTATGTCCCA,0,4602001
ybeDp,0.14285714285714285,6,6,CTCCGCTAAAAACCGATTGC,0,4609662
ybeDp,0.14285714285714285,6,6,CTCCGATGTAGGGAATTGGG,0,4687207
ybeDp,0.14285714285714285,6,6,CTCCAAGCATAGGTCTATAC,0,4651994
ybeDp,0.14285714285714285,6,6,CTCATTTCGCCTGGATGAGT,0,4636173
ybeDp,0.14285714285714285,6,6,CTCATTGTACCGAAATCCTC,0,4647560
ybeDp,0.14285714285714285,6,6,CTCATTGCCACCAGGTGTGC,0,4677302
ybeDp,0.14285714285714285,6,6,CTCAGGCCGTCTAACGGCCA,0,4615979
ybeDp,0.14285714285714285,6,6,CTCAGATGTGGGAACAGTAT,0,4673724
ybeDp,0.14285714285714285,6,6,CTATGGAGGCCAAGCAGCCC,0,4667678
ybeDp,0.14285714285714285,6,6,CTATGCGTTGAGGCGTTCCC,0,4613773
ybeDp,0.14285714285714285,6,6,CTATCTTTACTGGGCCTCTT,0,4625191
ybeDp,0.14285714285714285,6,6,CTATAGTCTGAGGTCTGTAT,0,4687697
ybeDp,0.14285714285714285,6,6,CTATACAAAGCCCTACGGTA,0,4670617
ybeDp,0.14285714285714285,6,6,CTAGTTCTGTCAGTCACCTG,0,4673066
ybeDp,0.14285714285714285,6,6,CTAGTCGTTTATTCCCAGTT,0,4618920
ybeDp,0.14285714285714285,6,6,CTAGTCAATGAGTGTCTATA,0,4669761
ybeDp,0.14285714285714285,6,6,CTAGGGCGAACGATGAAACC,0,4638388
ybeDp,0.14285714285714285,6,6,CTAGCTCAGGACTAACCCAA,0,4602093
ybeDp,0.14285714285714285,6,6,CTAGAGCTGGAGTGCTGTAA,0,4662327
ybeDp,0.14285714285714285,6,6,CTACGGGAGTGACGACGTGG,0,4615782
ybeDp,0.14285714285714285,6,6,CTACATACTCTGAAACTTAT,0,4603048
ybeDp,0.14285714285714285,6,6,CTAAGTTTAAGCATTTATAC,0,4610916
ybeDp,0.14285714285714285,6,6,CTAACCGGTATCGGATATCG,0,4642471
ybeDp,0.14285714285714285,6,6,CTAAATCAGACACGTTCAAC,0,4624232
ybeDp,0.14285714285714285,6,6,CGTTTGTTTTGCACACAGCT,0,4602492
ybeDp,0.14285714285714285,6,6,CGTTGCACGTGGGCAACCAC,0,4613086
ybeDp,0.14285714285714285,6,6,CGTTCCCTCAGCGCGTACCT,0,4623793
ybeDp,0.14285714285714285,6,6,CGTGGCGTTCGGGTGCCCGA,0,4625103
ybeDp,0.14285714285714285,6,6,CGTGGCCTTCCAAGTTATGT,0,4608748
ybeDp,0.14285714285714285,6,6,CGTGATAACCGGCTAGTCTA,0,4617370
ybeDp,0.14285714285714285,6,6,CGTGAGGTCATGACATATGT,0,4642630
ybeDp,0.14285714285714285,6,6,CGTCGGATGCAGCCCGTCTT,0,4632767
ybeDp,0.14285714285714285,6,6,CGTCCTGGCTATTCCACGGG,0,4612120
ybeDp,0.14285714285714285,6,6,CGTCCTGGAAAAGGTTAGGC,0,4641079
ybeDp,0.14285714285714285,6,6,CGTCCAACAGTATAATGACT,0,4685990
ybeDp,0.14285714285714285,6,6,CGTATGGATGTCCGGCGCGT,0,4624209
ybeDp,0.14285714285714285,6,6,CGTAGCTTGGGCGCTGGCGA,0,4613627
ybeDp,0.14285714285714285,6,6,CGTAGCTTACCAGTTGATCG,0,4628298
ybeDp,0.14285714285714285,6,6,CGTACGCGTATCACGTCATA,0,4646047
ybeDp,0.14285714285714285,6,6,CGTACCAGCCCACGGCGTTG,0,4611364
ybeDp,0.14285714285714285,6,6,CGTAAGGGCGTTTCCGACCA,0,4640762
ybeDp,0.14285714285714285,6,6,CGGTGTACACAAGTTAGAGT,0,4686376
ybeDp,0.14285714285714285,6,6,CGGTCACTACCGTTTCACGG,0,4654622
ybeDp,0.14285714285714285,6,6,CGGGTTAAACGCAGCACTGG,0,4608301
ybeDp,0.14285714285714285,6,6,CGGGTGGATGTGGTCAGGAA,0,4646328
ybeDp,0.14285714285714285,6,6,CGGGTCGTACATTACGTAAG,0,4669927
ybeDp,0.14285714285714285,6,6,CGGGTAGTATATTGCTATTC,0,4632835
ybeDp,0.14285714285714285,6,6,CGGGCCGCATATACCCGGGC,0,4648928
ybeDp,0.14285714285714285,6,6,CGGGCATCAGGGCGATACCC,0,4605008
ybeDp,0.14285714285714285,6,6,CGGGCACGCCATACATCATC,0,4610690
ybeDp,0.14285714285714285,6,6,CGGGAATTGTTGTTGGCCAC,0,4629511
ybeDp,0.14285714285714285,6,6,CGGCGTGCATTTCAGGCCAA,0,4631760
ybeDp,0.14285714285714285,6,6,CGGCGCTTCGTCACTTTTTT,0,4668118
ybeDp,0.14285714285714285,6,6,CGGCATTAGGAAAGGATAAG,0,4634619
ybeDp,0.14285714285714285,6,6,CGGCAAGGTTAAATGTGGCG,0,4680927
ybeDp,0.14285714285714285,6,6,CGGACACGGCGTATAAGGTT,0,4632789
ybeDp,0.14285714285714285,6,6,CGCTTGGGGAAGGAATCGCT,0,4660800
ybeDp,0.14285714285714285,6,6,CGCTTCTGGTAATGAGTATT,0,4663703
ybeDp,0.14285714285714285,6,6,CGCTTCATTCGAGTGGAGAG,0,4654267
ybeDp,0.14285714285714285,6,6,CGCTGTTTCGTCAAGGACTT,0,4667146
ybeDp,0.14285714285714285,6,6,CGCTGCTAAAACGCATTCAG,0,4631196
ybeDp,0.14285714285714285,6,6,CGCTCATAAGTCGTTCGAGG,0,4609699
ybeDp,0.14285714285714285,6,6,CGCGTCAACGGCAGACACTC,0,4629848
ybeDp,0.14285714285714285,6,6,CGCGGTAGGGTCGGGCGGAA,0,4613465
ybeDp,0.14285714285714285,6,6,CGCGGGGTAATAGCTAATGG,0,4650570
ybeDp,0.14285714285714285,6,6,CGCGGCGGGTAACAGGTCGC,0,4669987
ybeDp,0.14285714285714285,6,6,CGCGGCCGCGAGCGTGCCGA,0,4648345
ybeDp,0.14285714285714285,6,6,CGCGGCCAGCATATTAGCTC,0,4684347
ybeDp,0.14285714285714285,6,6,CGCGCTAACACGTCTCTCTT,0,4644155
ybeDp,0.14285714285714285,6,6,CGCGCATTGACCCCGAACTA,0,4681094
ybeDp,0.14285714285714285,6,6,CGCCGTCTATGCGGTGATTA,0,4611014
ybeDp,0.14285714285714285,6,6,CGCCCCCTGGTCTTCCTAGC,0,4608101
ybeDp,0.14285714285714285,6,6,CGCCAAACTCACAGGGGAGC,0,4678854
ybeDp,0.14285714285714285,6,6,CGCATGATATGATGGGACTC,0,4649489
ybeDp,0.14285714285714285,6,6,CGCAGCGGGGAGACATTTTG,0,4604224
ybeDp,0.14285714285714285,6,6,CGCACTCTCTGTAAAGGGGG,0,4612354
ybeDp,0.14285714285714285,6,6,CGCACGACAGAAGACGGTAA,0,4621147
ybeDp,0.14285714285714285,6,6,CGCAATCGCTATCTCCATAG,0,4620384
ybeDp,0.14285714285714285,6,6,CGCAACACGACCCTGTCTCC,0,4685677
ybeDp,0.14285714285714285,6,6,CGATTTGCTGCAGACACCGA,0,4683025
ybeDp,0.14285714285714285,6,6,CGATGGACCTAAGATTCTGA,0,4631265
ybeDp,0.14285714285714285,6,6,CGATGCAATTCACGCCAGCA,0,4625649
ybeDp,0.14285714285714285,6,6,CGATAAGCCAAGGAACCGGA,0,4638427
ybeDp,0.14285714285714285,6,6,CGATAAAATAATGAAATTGA,0,4644311
ybeDp,0.14285714285714285,6,6,CGAGTTCAAATTGTCGGGAC,0,4634055
ybeDp,0.14285714285714285,6,6,CGAGCGATCGGAGGAGAAGA,0,4684205
ybeDp,0.14285714285714285,6,6,CGAGAGTGAACTTTGTAAAA,0,4653241
ybeDp,0.14285714285714285,6,6,CGAGACAATATGTAACCCCC,0,4645029
ybeDp,0.14285714285714285,6,6,CGACTTAAAACTCATAACGT,0,4603573
ybeDp,0.14285714285714285,6,6,CGACGGCCATAATTGATTGT,0,4644738
ybeDp,0.14285714285714285,6,6,CGACCTTTCTGGTACTTAAA,0,4666056
ybeDp,0.14285714285714285,6,6,CGACACTCGGAGCAGTTAAA,0,4635529
ybeDp,0.14285714285714285,6,6,CGAATTTAGGACCCTATCGA,0,4605990
ybeDp,0.14285714285714285,6,6,CGAATTCGGAACAGTCAGGT,0,4658285
ybeDp,0.14285714285714285,6,6,CGAAGGGGGTCTCCTAGGTA,0,4602615
ybeDp,0.14285714285714285,6,6,CGAAGCAGGGGTTAAGGTGG,0,4658497
ybeDp,0.14285714285714285,6,6,CCTGAGTTATTATGACCAGA,0,4612819
ybeDp,0.14285714285714285,6,6,CCTGAGTGAGAGAGCTAGTG,0,4663375
ybeDp,0.14285714285714285,6,6,CCTGAGCAGCACAACCCGAT,0,4619604
ybeDp,0.14285714285714285,6,6,CCTACTTATGTGGTTCTGGG,0,4636046
ybeDp,0.14285714285714285,6,6,CCTACCAATTTAATGCCGTG,0,4607841
ybeDp,0.14285714285714285,6,6,CCTAATGGCCTCTCGGAAAG,0,4604728
ybeDp,0.14285714285714285,6,6,CCGTTGATGCAATTAAGACA,0,4661025
ybeDp,0.14285714285714285,6,6,CCGTCGCAAGGGAGCGCATT,0,4677164
ybeDp,0.14285714285714285,6,6,CCGTCATGTAGTAGATCTAG,0,4633446
ybeDp,0.14285714285714285,6,6,CCGTATTGAAACCCCGAGTG,0,4669818
ybeDp,0.14285714285714285,6,6,CCGTATAATAGACAATGCAG,0,4650640
ybeDp,0.14285714285714285,6,6,CCGTAGTAATAGATTCACGC,0,4621891
ybeDp,0.14285714285714285,6,6,CCGTAATGCGCTCGGATGTA,0,4632746
ybeDp,0.14285714285714285,6,6,CCGGTCGAAAGGTCCAAGAT,0,4646785
ybeDp,0.14285714285714285,6,6,CCGGTAACGTCTGAAGTTGT,0,4625449
ybeDp,0.14285714285714285,6,6,CCGGGGTTGCAGGATTTTAT,0,4639949
ybeDp,0.14285714285714285,6,6,CCGGGCCAGTGGAAAAGGTG,0,4602416
ybeDp,0.14285714285714285,6,6,CCGGCACCTCCCTATATGTC,0,4633426
ybeDp,0.14285714285714285,6,6,CCGCTTTCCAAGAGAGCTAC,0,4612365
ybeDp,0.14285714285714285,6,6,CCGCGCAAGCGCGTAGTATA,0,4633062
ybeDp,0.14285714285714285,6,6,CCGCGATCCGCCTTTTGGAA,0,4633572
ybeDp,0.14285714285714285,6,6,CCGCCTGAGGTAATGGTAAT,0,4610131
ybeDp,0.14285714285714285,6,6,CCGATTGGAGGGGGTGTTGC,0,4663641
ybeDp,0.14285714285714285,6,6,CCGACCCGACAAACATGAGT,0,4664895
ybeDp,0.14285714285714285,6,6,CCGACATCATGAGGTGCGTA,0,4619266
ybeDp,0.14285714285714285,6,6,CCGAACTAATGACAAGCTCT,0,4617276
ybeDp,0.14285714285714285,6,6,CCCTACATATTAGCGATGGA,0,4648039
ybeDp,0.14285714285714285,6,6,CCCGTGGAAGTCCCGGGCAA,0,4680453
ybeDp,0.14285714285714285,6,6,CCCGGATTACCGGTGGCTTA,0,4616562
ybeDp,0.14285714285714285,6,6,CCCGGAGTTGCTCTTAGCGT,0,4659790
ybeDp,0.14285714285714285,6,6,CCCGGAGAGTAAACAACTTT,0,4615550
ybeDp,0.14285714285714285,6,6,CCCGAGCAATTAAAGAAAGT,0,4684720
ybeDp,0.14285714285714285,6,6,CCCCCGGACTGGGGGGTGCA,0,4667443
ybeDp,0.14285714285714285,6,6,CCCATTACCCTAACAAATTC,0,4655026
ybeDp,0.14285714285714285,6,6,CCCATGGTTTTGGACAGATT,0,4680296
ybeDp,0.14285714285714285,6,6,CCCATGATCCTCACGTTGCT,0,4624189
ybeDp,0.14285714285714285,6,6,CCCAGGTCTATCTCCGATAG,0,4647014
ybeDp,0.14285714285714285,6,6,CCCAATCTCACCGATACCAT,0,4634030
ybeDp,0.14285714285714285,6,6,CCATTCGGCCCTGTTACCAT,0,4606780
ybeDp,0.14285714285714285,6,6,CCATTCCTAATTGTACAGGC,0,4631288
ybeDp,0.14285714285714285,6,6,CCATGGAACGAGACCCTTGT,0,4629348
ybeDp,0.14285714285714285,6,6,CCATGAGGTCTTGCTCAAGA,0,4627631
ybeDp,0.14285714285714285,6,6,CCATGAGAGGCCGAAAGGGA,0,4626614
ybeDp,0.14285714285714285,6,6,CCATATGCTGACGCCTTTGT,0,4610301
ybeDp,0.14285714285714285,6,6,CCAGGTAGTCGCGATGGGGA,0,4633938
ybeDp,0.14285714285714285,6,6,CCAGAGCAGTCGTTCGACTT,0,4656689
ybeDp,0.14285714285714285,6,6,CCACAGGTTGATTAGCAATA,0,4611099
ybeDp,0.14285714285714285,6,6,CCACACTCGTCCTAATACTA,0,4615970
ybeDp,0.14285714285714285,6,6,CCACAATGGTCGAAAATCAC,0,4650833
ybeDp,0.14285714285714285,6,6,CCACAAGGACCCAATCTTGT,0,4640747
ybeDp,0.14285714285714285,6,6,CCAATAGTAACCTCTAGCCA,0,4648499
ybeDp,0.14285714285714285,6,6,CCAACGCTCAGAATAGTTTC,0,4624214
ybeDp,0.14285714285714285,6,6,CCAACCTGCTTGCTTAACGC,0,4641243
ybeDp,0.14285714285714285,6,6,CCAACCGACATATGGGCTCA,0,4602011
ybeDp,0.14285714285714285,6,6,CCAAAACAAGGGGGGGCGGT,0,4634163
ybeDp,0.14285714285714285,6,6,CATTCGAGAAGCAGAAAAAG,0,4670618
ybeDp,0.14285714285714285,6,6,CATTATTGGAATAGGTGCGA,0,4675761
ybeDp,0.14285714285714285,6,6,CATGTTTCAGATTGAGACGA,0,4633427
ybeDp,0.14285714285714285,6,6,CATGTTGGCCATTGCCCTGG,0,4656973
ybeDp,0.14285714285714285,6,6,CATGTACCCCGCGCACTGGT,0,4626666
ybeDp,0.14285714285714285,6,6,CATGTAAGCCGGTGAGGAAC,0,4647831
ybeDp,0.14285714285714285,6,6,CATGGGATAGGTTTCCTACA,0,4607683
ybeDp,0.14285714285714285,6,6,CATGCACTACGCCACGGGAG,0,4601662
ybeDp,0.14285714285714285,6,6,CATCTTCAAACAAGTTACGT,0,4683085
ybeDp,0.14285714285714285,6,6,CATCTCCGTAAAGATTGATA,0,4668144
ybeDp,0.14285714285714285,6,6,CATCGTATAAGACGATCATT,0,4623290
ybeDp,0.14285714285714285,6,6,CATCCGAGGGGAACTAATGC,0,4671684
ybeDp,0.14285714285714285,6,6,CATCCCTCCGTCCACCACAC,0,4644676
ybeDp,0.14285714285714285,6,6,CAGTCGTGTTACCCCAGCCA,0,4684646
ybeDp,0.14285714285714285,6,6,CAGGTTTTAGAGTCCAAGTG,0,4635630
ybeDp,0.14285714285714285,6,6,CAGGTCTTTAGCTAGCTGTA,0,4662745
ybeDp,0.14285714285714285,6,6,CAGGTCGGTGGTCTACGGAA,0,4644098
ybeDp,0.14285714285714285,6,6,CAGGTCCGCAGAACATTCAA,0,4656466
ybeDp,0.14285714285714285,6,6,CAGGGGAAGCCATGTTCCTT,0,4606872
ybeDp,0.14285714285714285,6,6,CAGGCGGACACCTCAGCCAA,0,4678484
ybeDp,0.14285714285714285,6,6,CAGGAACAGCCATTAGAGCA,0,4647174
ybeDp,0.14285714285714285,6,6,CAGCTTCGAACATGGCTGGC,0,4670908
ybeDp,0.14285714285714285,6,6,CAGCTTAGTCCTAACGCCCA,0,4651280
ybeDp,0.14285714285714285,6,6,CAGCTCAGGTAGACCCTTAT,0,4624105
ybeDp,0.14285714285714285,6,6,CAGCTACGGTTCAAGATCTT,0,4661843
ybeDp,0.14285714285714285,6,6,CAGCGCGTATAACATTTTCT,0,4622023
ybeDp,0.14285714285714285,6,6,CAGCACTCTACCGGAATGAT,0,4649491
ybeDp,0.14285714285714285,6,6,CAGATGCAATGGTGAGTTTA,0,4677054
ybeDp,0.14285714285714285,6,6,CAGATCTGCATAGGAGTCAT,0,4605413
ybeDp,0.14285714285714285,6,6,CAGAACAAGTTAAGTCGTAA,0,4645601
ybeDp,0.14285714285714285,6,6,CACTCTGACCCCGAGTGTAT,0,4661779
ybeDp,0.14285714285714285,6,6,CACTACGATTGCATAATCCC,0,4667828
ybeDp,0.14285714285714285,6,6,CACGTTTACACCGTCTTGAT,0,4620550
ybeDp,0.14285714285714285,6,6,CACGTGGCCTAATGATGTGT,0,4670235
ybeDp,0.14285714285714285,6,6,CACGTGAATTAAGGCTAACG,0,4675265
ybeDp,0.14285714285714285,6,6,CACGGCTCGAAAAATTCTGT,0,4673001
ybeDp,0.14285714285714285,6,6,CACCCACAACCGGATGCCAA,0,4631581
ybeDp,0.14285714285714285,6,6,CACCAGCGATGACGATTCGT,0,4622810
ybeDp,0.14285714285714285,6,6,CACCACAAGGCCACGGACGT,0,4610253
ybeDp,0.14285714285714285,6,6,CACATATTCAGTGAGCCACT,0,4677421
ybeDp,0.14285714285714285,6,6,CACAGCGCCCCTTCTGGGTG,0,4674504
ybeDp,0.14285714285714285,6,6,CACAATTACGTTTGTCCGTA,0,4603902
ybeDp,0.14285714285714285,6,6,CAATTTACTACGAAACCGGT,0,4638298
ybeDp,0.14285714285714285,6,6,CAATTGGGCAAGGTCACACT,0,4645976
ybeDp,0.14285714285714285,6,6,CAATGTTCGCTGGAAAGAGG,0,4643450
ybeDp,0.14285714285714285,6,6,CAATGTCGAACGTCTGGCAT,0,4613036
ybeDp,0.14285714285714285,6,6,CAATGTACGTCAATCCTTAA,0,4641450
ybeDp,0.14285714285714285,6,6,CAATCTCATGGTTCTTATCC,0,4620763
ybeDp,0.14285714285714285,6,6,CAATATAATTAAAAATTTGG,0,4681315
ybeDp,0.14285714285714285,6,6,CAATAGTCGTCGCCTCTCGA,0,4680148
ybeDp,0.14285714285714285,6,6,CAAGTTAGTTCCGCTACATG,0,4659480
ybeDp,0.14285714285714285,6,6,CAAGTATTGACGTAGTGGCC,0,4650935
ybeDp,0.14285714285714285,6,6,CAAGGTGGGGTAATGACGTC,0,4609276
ybeDp,0.14285714285714285,6,6,CAAGGTCGTTGATGGTGCGA,0,4617034
ybeDp,0.14285714285714285,6,6,CAAGCCTGCACTGTTCCCGC,0,4624025
ybeDp,0.14285714285714285,6,6,CAACTAGAACCTTTGTGATT,0,4604739
ybeDp,0.14285714285714285,6,6,CAACCCTGTCTTCCATTGGT,0,4627929
ybeDp,0.14285714285714285,6,6,CAACCATCGTACATGATTGG,0,4607725
ybeDp,0.14285714285714285,6,6,CAACACCACGCCAGTTTAGG,0,4683924
ybeDp,0.14285714285714285,6,6,CAACAAACGACGAAGGCAAT,0,4681514
ybeDp,0.14285714285714285,6,6,CAAATGTCCTCTCAGAGCTA,0,4627909
ybeDp,0.14285714285714285,6,6,CAAAACATTAAAGTCCGTGT,0,4635308
ybeDp,0.14285714285714285,6,6,ATTTTATCAATGTACTGTCT,0,4613849
ybeDp,0.14285714285714285,6,6,ATTTCTCGGTTAACACTGCA,0,4673633
ybeDp,0.14285714285714285,6,6,ATTTATAAGGCTGACGGTCT,0,4651301
ybeDp,0.14285714285714285,6,6,ATTTAGTACACATCATGCGG,0,4653904
ybeDp,0.14285714285714285,6,6,ATTGGCTATGCTATCTAAAT,0,4671098
ybeDp,0.14285714285714285,6,6,ATTGAAAAGTGTGGCGTTTG,0,4664682
ybeDp,0.14285714285714285,6,6,ATTCGTCGGCCCCCGTATCC,0,4638640
ybeDp,0.14285714285714285,6,6,ATTCGGAGACGCTCGCGCTT,0,4670557
ybeDp,0.14285714285714285,6,6,ATTCGAACGCTATAATTAGG,0,4653589
ybeDp,0.14285714285714285,6,6,ATTCACCCGGTTACCTAAAA,0,4627235
ybeDp,0.14285714285714285,6,6,ATTAGTTTCACCTTTGTAAT,0,4665955
ybeDp,0.14285714285714285,6,6,ATTAGCAGCGGAAGCAATTG,0,4668939
ybeDp,0.14285714285714285,6,6,ATTACCAGGGTCCGGAATGC,0,4639246
ybeDp,0.14285714285714285,6,6,ATTAACGCAGGATAAGCTCG,0,4663900
ybeDp,0.14285714285714285,6,6,ATGTTTCAATTTTGTTGGTG,0,4608310
ybeDp,0.14285714285714285,6,6,ATGTGAGTGCAACCTCGACA,0,4657134
ybeDp,0.14285714285714285,6,6,ATGTCGGCATTCTAGTAAAC,0,4625350
ybeDp,0.14285714285714285,6,6,ATGTCAGTAGCCCGTTTCTT,0,4624378
ybeDp,0.14285714285714285,6,6,ATGGTCCAGCCAGCTGTCGA,0,4637708
ybeDp,0.14285714285714285,6,6,ATGGAGTGGGATATTGGGCA,0,4684860
ybeDp,0.14285714285714285,6,6,ATGCGTCTTCCGTCCAAACC,0,4637745
ybeDp,0.14285714285714285,6,6,ATGATTAACGGTTGAGTTCT,0,4614147
ybeDp,0.14285714285714285,6,6,ATGAGAATCCTACATGCCCA,0,4686364
ybeDp,0.14285714285714285,6,6,ATGACCGAAACCTCCAAAAG,0,4662201
ybeDp,0.14285714285714285,6,6,ATGACACACGTCCTACACCG,0,4656323
ybeDp,0.14285714285714285,6,6,ATGAATAAATTCTGAATTGC,0,4667087
ybeDp,0.14285714285714285,6,6,ATGAACGTATCCTGTTTTGG,0,4683487
ybeDp,0.14285714285714285,6,6,ATGAACGCAGTATTGGAGGA,0,4683620
ybeDp,0.14285714285714285,6,6,ATCTCTGAGGTGACATTTCA,0,4678906
ybeDp,0.14285714285714285,6,6,ATCTACCGCTTCGTCCACGA,0,4665157
ybeDp,0.14285714285714285,6,6,ATCGTGGTGTATATTCACGA,0,4611609
ybeDp,0.14285714285714285,6,6,ATCGCTGTAAACGGAACTCT,0,4639083
ybeDp,0.14285714285714285,6,6,ATCCTCGGGAAGTTTGGTAT,0,4637378
ybeDp,0.14285714285714285,6,6,ATCCGTCTTATCCCGCAACA,0,4640845
ybeDp,0.14285714285714285,6,6,ATCCGTAGTAGGCACGTTTT,0,4625047
ybeDp,0.14285714285714285,6,6,ATCCGCGATTGTAACGGATA,0,4619296
ybeDp,0.14285714285714285,6,6,ATCATGTTAAAGATATGTGC,0,4634605
ybeDp,0.14285714285714285,6,6,ATCATCGCGAAGGAGTCTGA,0,4635952
ybeDp,0.14285714285714285,6,6,ATCAGTATAATTCTGTGTCT,0,4608061
ybeDp,0.14285714285714285,6,6,ATCAGACAGCAAGGAAACGC,0,4646772
ybeDp,0.14285714285714285,6,6,ATCACTGTTTGCAGGACCAC,0,4651459
ybeDp,0.14285714285714285,6,6,ATCACAGTTGGATGCCGCTG,0,4617236
ybeDp,0.14285714285714285,6,6,ATCACAGTGACAATGTAAAA,0,4614736
ybeDp,0.14285714285714285,6,6,ATATGGCTTCCAGCGCAACT,0,4615076
ybeDp,0.14285714285714285,6,6,ATATATCATACCGTCAAGAT,0,4669132
ybeDp,0.14285714285714285,6,6,ATATACTTCAGGGGGTGCTA,0,4674004
ybeDp,0.14285714285714285,6,6,ATAGTTACTGGAAACAAAAC,0,4625176
ybeDp,0.14285714285714285,6,6,ATAGGAGCCGGTACGCGTCT,0,4614238
ybeDp,0.14285714285714285,6,6,ATAGCTAACCATCAGATGTC,0,4681272
ybeDp,0.14285714285714285,6,6,ATAGCGCTACGGCCAGTCAC,0,4640343
ybeDp,0.14285714285714285,6,6,ATAGAGGGTGGATTTAAGAG,0,4606392
ybeDp,0.14285714285714285,6,6,ATACCAAACGCCACAGAACC,0,4609953
ybeDp,0.14285714285714285,6,6,ATAATCTGGCATGTCAGAGA,0,4629637
ybeDp,0.14285714285714285,6,6,ATAAAATGAGTATGCGCATC,0,4639520
ybeDp,0.14285714285714285,6,6,AGTTGCACGGTTAGGGAACG,0,4602612
ybeDp,0.14285714285714285,6,6,AGTTGATCGGCTTGTTTAGG,0,4678781
ybeDp,0.14285714285714285,6,6,AGTTCTTTATTAATGGGGAT,0,4614292
ybeDp,0.14285714285714285,6,6,AGTTCGGTGTATCGGTGAGT,0,4628554
ybeDp,0.14285714285714285,6,6,AGTGGTACACGTAGATCCGT,0,4614690
ybeDp,0.14285714285714285,6,6,AGTCTGGTGCGCGAGGTAAG,0,4653981
ybeDp,0.14285714285714285,6,6,AGTCGGACCCCCGGGGTGGC,0,4606111
ybeDp,0.14285714285714285,6,6,AGTCCCGCCGTGGGTGGAAT,0,4610456
ybeDp,0.14285714285714285,6,6,AGTCCCATTTTCCAACGAGG,0,4675368
ybeDp,0.14285714285714285,6,6,AGTAGGGTTAGCGCAAATCT,0,4608421
ybeDp,0.14285714285714285,6,6,AGGTTGGACCGGAGTTCCAA,0,4618925
ybeDp,0.14285714285714285,6,6,AGGTCTATGGAAAAATGATA,0,4637998
ybeDp,0.14285714285714285,6,6,AGGGTAGCGGGGTCGAGTAT,0,4634235
ybeDp,0.14285714285714285,6,6,AGGGGTGTGGAGCATTGGGC,0,4660438
ybeDp,0.14285714285714285,6,6,AGGGGCTAAACTTCCTTGGT,0,4670599
ybeDp,0.14285714285714285,6,6,AGGGATCCCTGCGGCGAACT,0,4604380
ybeDp,0.14285714285714285,6,6,AGGGACTTGAGAAAGCATAT,0,4674291
ybeDp,0.14285714285714285,6,6,AGGGACTTAGATATCATGTT,0,4653658
ybeDp,0.14285714285714285,6,6,AGGGAACTCCTCCCGTTTGA,0,4685096
ybeDp,0.14285714285714285,6,6,AGGCTCAACATAGTGCAGGC,0,4627583
ybeDp,0.14285714285714285,6,6,AGGCGCTCTATGGGAATCTT,0,4675201
ybeDp,0.14285714285714285,6,6,AGGCGAACTGAGTGTGTCAT,0,4637500
ybeDp,0.14285714285714285,6,6,AGGCATATGGTTGCGGCATG,0,4640012
ybeDp,0.14285714285714285,6,6,AGGCAGCATGCACAGAGAGA,0,4620047
ybeDp,0.14285714285714285,6,6,AGGCAAAAGATACGCCGCCG,0,4657003
ybeDp,0.14285714285714285,6,6,AGGATCTAGCTCGGTTAAGT,0,4638610
ybeDp,0.14285714285714285,6,6,AGGATATTTATTAGCCGCGG,0,4633492
ybeDp,0.14285714285714285,6,6,AGGAGTTATCCGACGCGACT,0,4659341
ybeDp,0.14285714285714285,6,6,AGGAGTAAACAAGAAGTGGC,0,4647603
ybeDp,0.14285714285714285,6,6,AGGACTTAACGTAGAAGGTC,0,4602764
ybeDp,0.14285714285714285,6,6,AGGAACCCTAAGTTCAATTA,0,4673881
ybeDp,0.14285714285714285,6,6,AGGAACCAGTGCCGATGAAG,0,4620552
ybeDp,0.14285714285714285,6,6,AGCTTGCCACATTGCACAAG,0,4637318
ybeDp,0.14285714285714285,6,6,AGCTCTCGCAACTTGGCGCA,0,4666221
ybeDp,0.14285714285714285,6,6,AGCTCGTTTGAATACATTGA,0,4669526
ybeDp,0.14285714285714285,6,6,AGCTCGTGGAGATATGGTGT,0,4675791
ybeDp,0.14285714285714285,6,6,AGCTCACGGTCTCCGCGTAT,0,4674743
ybeDp,0.14285714285714285,6,6,AGCGTTGGCGAGTGAGCTCC,0,4682541
ybeDp,0.14285714285714285,6,6,AGCCTGGACACTGTAGTTCG,0,4622558
ybeDp,0.14285714285714285,6,6,AGCCCAACAGATTAACAAGC,0,4623632
ybeDp,0.14285714285714285,6,6,AGCCACAGGTGCAGACTAAA,0,4680894
ybeDp,0.14285714285714285,6,6,AGCAGGGGGTGGTACGGCAT,0,4640801
ybeDp,0.14285714285714285,6,6,AGCACACCAAAGGTAGCTAT,0,4615931
ybeDp,0.14285714285714285,6,6,AGATTCTGCTTATTTACCAT,0,4626377
ybeDp,0.14285714285714285,6,6,AGATTCGCTGCAGTTTCTCC,0,4603150
ybeDp,0.14285714285714285,6,6,AGATGACCCTGCGAACACGT,0,4621130
ybeDp,0.14285714285714285,6,6,AGATCGCCACGCGCTCTATA,0,4676667
ybeDp,0.14285714285714285,6,6,AGAGTTTGACAAAGTACGTT,0,4633033
ybeDp,0.14285714285714285,6,6,AGAGATTCACCTTCGCAGCT,0,4675685
ybeDp,0.14285714285714285,6,6,AGACGTGCGGCCTTAGTACT,0,4631419
ybeDp,0.14285714285714285,6,6,AGACCCTCAGCATGCAGGTT,0,4657559
ybeDp,0.14285714285714285,6,6,AGACCAAACGAACTGGCGCT,0,4618590
ybeDp,0.14285714285714285,6,6,AGACATCGCGTAAGGTGGTA,0,4623320
ybeDp,0.14285714285714285,6,6,AGAAACTCGCCTAAACAAGG,0,4616285
ybeDp,0.14285714285714285,6,6,ACTTTTCTGTACAATTGAAA,0,4651832
ybeDp,0.14285714285714285,6,6,ACTTCAATGTCTTCTCGGGT,0,4673695
ybeDp,0.14285714285714285,6,6,ACTCTGTCTCGACGTGTCGG,0,4676803
ybeDp,0.14285714285714285,6,6,ACTCTGCCCCCTGGCATCGC,0,4676800
ybeDp,0.14285714285714285,6,6,ACTCCGGTTTACCGATCTCA,0,4655112
ybeDp,0.14285714285714285,6,6,ACTCAAACAGGCCCTTTATC,0,4675073
ybeDp,0.14285714285714285,6,6,ACTAGAAGAATACTACCAGT,0,4635334
ybeDp,0.14285714285714285,6,6,ACTACTAATATTTCCGCGAT,0,4609113
ybeDp,0.14285714285714285,6,6,ACTACGCCTAAGACGAGTTC,0,4662438
ybeDp,0.14285714285714285,6,6,ACGTTCTCGCTTCCGCGGAC,0,4636487
ybeDp,0.14285714285714285,6,6,ACGTCTCTAAGTACTTAGAG,0,4660129
ybeDp,0.14285714285714285,6,6,ACGTCGGCTATGCTGTGTGG,0,4664975
ybeDp,0.14285714285714285,6,6,ACGTATCCGTGTGATAGCAA,0,4617523
ybeDp,0.14285714285714285,6,6,ACGGTTTAATTTTATCCGTT,0,4661832
ybeDp,0.14285714285714285,6,6,ACGGGCGTTAAAGGCCTGAG,0,4603684
ybeDp,0.14285714285714285,6,6,ACGGAAAGGACGCACCTCGT,0,4627484
ybeDp,0.14285714285714285,6,6,ACGCTCCGGAACGATCATAA,0,4615745
ybeDp,0.14285714285714285,6,6,ACGCTCCGCGGCCCAGGAGG,0,4681576
ybeDp,0.14285714285714285,6,6,ACGCGTGAGATACGCCATCA,0,4687560
ybeDp,0.14285714285714285,6,6,ACGCGGACCTCCAGTGGAGA,0,4671329
ybeDp,0.14285714285714285,6,6,ACGCCCGTTTCGAACATGCG,0,4635926
ybeDp,0.14285714285714285,6,6,ACGCCCGAAAGTCTCGAAGG,0,4602532
ybeDp,0.14285714285714285,6,6,ACGCCAACCCTTTGGGTCCC,0,4621928
ybeDp,0.14285714285714285,6,6,ACGATGCGAACACGCAGCGC,0,4633406
ybeDp,0.14285714285714285,6,6,ACGAGCGTCATATTGACGCT,0,4661335
ybeDp,0.14285714285714285,6,6,ACGACTGCCCTTCGCCTAGG,0,4633437
ybeDp,0.14285714285714285,6,6,ACGACGTCTGGTCGTGCTTG,0,4685526
ybeDp,0.14285714285714285,6,6,ACGAATTCTTTATCCCCGCT,0,4630165
ybeDp,0.14285714285714285,6,6,ACGAAGAAGCCATTTTAAAG,0,4612139
ybeDp,0.14285714285714285,6,6,ACCTTCATTTACAATATTTC,0,4616937
ybeDp,0.14285714285714285,6,6,ACCGTTCGGATGGGTCAGGA,0,4617875
ybeDp,0.14285714285714285,6,6,ACCGTTCGAACTTAACTTTA,0,4632023
ybeDp,0.14285714285714285,6,6,ACCGTCTTGCTCGCGATGCA,0,4687394
ybeDp,0.14285714285714285,6,6,ACCGGATAGGACGATGTAGG,0,4617457
ybeDp,0.14285714285714285,6,6,ACCCCACCGGGGGATCAGGA,0,4666338
ybeDp,0.14285714285714285,6,6,ACCATTGCCTTCACATAGAT,0,4661527
ybeDp,0.14285714285714285,6,6,ACCACCCGTATATACGAGTA,0,4626455
ybeDp,0.14285714285714285,6,6,ACATTTCTGGCATGTTAATT,0,4675396
ybeDp,0.14285714285714285,6,6,ACATATCCTTGAGAGGTGGA,0,4627813
ybeDp,0.14285714285714285,6,6,ACATAATGTCTACTTCGGCG,0,4623542
ybeDp,0.14285714285714285,6,6,ACAGTTCCGATCGAATTTAT,0,4668243
ybeDp,0.14285714285714285,6,6,ACAGTCAGAGAATCGTTTAG,0,4678893
ybeDp,0.14285714285714285,6,6,ACAGAGATTCGATATGAGGA,0,4670083
ybeDp,0.14285714285714285,6,6,ACAGACGGACTATGTCTCGT,0,4654367
ybeDp,0.14285714285714285,6,6,ACAGACATTGCGAATGGTGC,0,4668497
ybeDp,0.14285714285714285,6,6,ACAGAATTATCATGTTTAAT,0,4624927
ybeDp,0.14285714285714285,6,6,ACACTTCCGCTATGTAGGCG,0,4664961
ybeDp,0.14285714285714285,6,6,ACACTCGCTTGCAACGCCCA,0,4604651
ybeDp,0.14285714285714285,6,6,ACACGTTACACATGGATAGA,0,4629435
ybeDp,0.14285714285714285,6,6,ACACGCTGACTCCCTACGCC,0,4636208
ybeDp,0.14285714285714285,6,6,ACACGAAGGCTTAGTTGATA,0,4640492
ybeDp,0.14285714285714285,6,6,ACACAGCTGAATTGTTCAAT,0,4614284
ybeDp,0.14285714285714285,6,6,ACACAGCATGCTCATTGCTG,0,4673725
ybeDp,0.14285714285714285,6,6,ACAATTTTTAATGGGGAAAA,0,4610693
ybeDp,0.14285714285714285,6,6,ACAATGGCAAGTCATCTTGT,0,4606257
ybeDp,0.14285714285714285,6,6,ACAATGCGCACCTCGCCGTA,0,4622005
ybeDp,0.14285714285714285,6,6,ACAAGCGAATTGGTGGGGTT,0,4682099
ybeDp,0.14285714285714285,6,6,ACAAACGAAGTTCCTCGTGC,0,4662138
ybeDp,0.14285714285714285,6,6,AATTTCGGGGGTTTTCTCTA,0,4663358
ybeDp,0.14285714285714285,6,6,AATTTATGTACCAAGCCGTA,0,4672535
ybeDp,0.14285714285714285,6,6,AATTGCTAGCGGTCCGGATT,0,4622764
ybeDp,0.14285714285714285,6,6,AATTCGCTCACGTGACAGAG,0,4631241
ybeDp,0.14285714285714285,6,6,AATTACCGTGTGGCCGAGTT,0,4606937
ybeDp,0.14285714285714285,6,6,AATGTGCCGACCAAACGTCA,0,4679640
ybeDp,0.14285714285714285,6,6,AATGCTCGGGCTTTAAAGAA,0,4605431
ybeDp,0.14285714285714285,6,6,AATGCTCCCGCGGCGTGCGC,0,4631563
ybeDp,0.14285714285714285,6,6,AATGCGAAACACCGACCTGC,0,4615711
ybeDp,0.14285714285714285,6,6,AATCTGTCGGGTGATACGTC,0,4622278
ybeDp,0.14285714285714285,6,6,AATCTGGGCTCATGCGTAGA,0,4650841
ybeDp,0.14285714285714285,6,6,AATCCGATCGATGACCGAAC,0,4629607
ybeDp,0.14285714285714285,6,6,AATATGTCAATGAACGATTC,0,4684785
ybeDp,0.14285714285714285,6,6,AATACTTTCAATTGTCTTCT,0,4662123
ybeDp,0.14285714285714285,6,6,AAGTTGTTTTATGAAGCGTC,0,4645915
ybeDp,0.14285714285714285,6,6,AAGTTCAACTTAGACGTAAT,0,4660949
ybeDp,0.14285714285714285,6,6,AAGTGGTGTGCCTGGTCACA,0,4664079
ybeDp,0.14285714285714285,6,6,AAGTGGTGCTGTTTTTCGTA,0,4668174
ybeDp,0.14285714285714285,6,6,AAGTGATCATCGTTCCACCT,0,4602498
ybeDp,0.14285714285714285,6,6,AAGTAGGTATTCCGGCGCAA,0,4629841
ybeDp,0.14285714285714285,6,6,AAGGTTCGACGGAGCACGCT,0,4644740
ybeDp,0.14285714285714285,6,6,AAGGTGTTCACCTGTCGTAG,0,4661146
ybeDp,0.14285714285714285,6,6,AAGGTAAACAGATACGCGTA,0,4601379
ybeDp,0.14285714285714285,6,6,AAGGAGCGCTAATCACTCTA,0,4632857
ybeDp,0.14285714285714285,6,6,AAGCTTGCGGTATATCTTGC,0,4618882
ybeDp,0.14285714285714285,6,6,AAGCTGCTCGAAGCTCATTG,0,4665671
ybeDp,0.14285714285714285,6,6,AAGCCTATAGCGTAGTCGGA,0,4635551
ybeDp,0.14285714285714285,6,6,AAGCCGGAGCCTAAGGCTTG,0,4605585
ybeDp,0.14285714285714285,6,6,AAGCAAAGTGAGCGGAATAA,0,4607285
ybeDp,0.14285714285714285,6,6,AAGATCGTATGGGTCAGAGT,0,4644471
ybeDp,0.14285714285714285,6,6,AAGAGTGACGTCAGGAAGGT,0,4608625
ybeDp,0.14285714285714285,6,6,AAGACAGGTTAGAAAAGGCC,0,4638330
ybeDp,0.14285714285714285,6,6,AAGACAATGAGGTTATGTAG,0,4640098
ybeDp,0.14285714285714285,6,6,AACTGCACCTTTACCGGTTT,0,4669551
ybeDp,0.14285714285714285,6,6,AACTGATCTCATTGAAACAC,0,4673801
ybeDp,0.14285714285714285,6,6,AACTCGTTTTGGCTCAAGAT,0,4683484
ybeDp,0.14285714285714285,6,6,AACTATGGACGCTATAGCTG,0,4677244
ybeDp,0.14285714285714285,6,6,AACTATAGTATGTAGGTTTT,0,4614074
ybeDp,0.14285714285714285,6,6,AACGTTTGGACGTGCTATTT,0,4684834
ybeDp,0.14285714285714285,6,6,AACGCTTTTCGTGGCGTCTC,0,4653279
ybeDp,0.14285714285714285,6,6,AACGCTCCACGCGACAGAGT,0,4626277
ybeDp,0.14285714285714285,6,6,AACGAACGCCCTAGTAAAAA,0,4684990
ybeDp,0.14285714285714285,6,6,AACCTGCCCTGCTTACGTCG,0,4616607
ybeDp,0.14285714285714285,6,6,AACCGCAATGCGTGTGGAAG,0,4649930
ybeDp,0.14285714285714285,6,6,AACCCGTGCCAATAAATGCA,0,4674462
ybeDp,0.14285714285714285,6,6,AACCCGGCTGTATACAACTG,0,4641531
ybeDp,0.14285714285714285,6,6,AACACTGTCCATTGTTGGCT,0,4687252
ybeDp,0.14285714285714285,6,6,AACACCCCCAAACCTAGTGC,0,4675055
ybeDp,0.14285714285714285,6,6,AAATTGTAGAAGTTTCGCAG,0,4627446
ybeDp,0.14285714285714285,6,6,AAATCATACACAGGCTTCGT,0,4660017
ybeDp,0.14285714285714285,6,6,AAATACGTAATCGCCCACCC,0,4632959
ybeDp,0.14285714285714285,6,6,AAAGGAAGACGTGGCCAGGA,0,4624332
ybeDp,0.14285714285714285,6,6,AAAGCTGAAATGCGAGGCCT,0,4638109
ybeDp,0.14285714285714285,6,6,AAAGCCCTTTTTCGGGATAC,0,4630536
ybeDp,0.14285714285714285,6,6,AAAGATACACGATGTCAGGC,0,4634861
ybeDp,0.14285714285714285,6,6,AAAGACCTACGAAATCTTGG,0,4651589
ybeDp,0.14285714285714285,6,6,AAAGAAGCCCTTCCCTGGGC,0,4673874
ybeDp,0.14285714285714285,6,6,AAAGAACGCGCATCCAAGGG,0,4627195
ybeDp,0.14285714285714285,6,6,AAACGTGCCATTGTACTGGG,0,4622015
ybeDp,0.14285714285714285,6,6,AAACCCCGTTTAAATTTGGA,0,4673604
ybeDp,0.14285714285714285,6,6,AAACCAGATGGCCTTAGTGT,0,4633936
ybeDp,0.14285714285714285,6,6,AAAATTTATGAGGCCACTTT,0,4671789
ybeDp,0.16666666666666666,5,5,TTTTTCCGGTTCCGATGGAA,0,4662203
ybeDp,0.16666666666666666,5,5,TTTTGCCAGAATGAACGCCA,0,4639394
ybeDp,0.16666666666666666,5,5,TTTTGAGACCGTCGTAATAA,0,4672919
ybeDp,0.16666666666666666,5,5,TTTTCTGTAGGTCAGTAATA,0,4622883
ybeDp,0.16666666666666666,5,5,TTTTCTGGACGACCCGTACT,0,4646554
ybeDp,0.16666666666666666,5,5,TTTTCACGCTGGCCACGTAA,0,4668981
ybeDp,0.16666666666666666,5,5,TTTTAACAGTTAATACTCCA,0,4656275
ybeDp,0.16666666666666666,5,5,TTTGTTGTAGGCAGTTATTT,0,4672982
ybeDp,0.16666666666666666,5,5,TTTGTATGTCCCATCAGCTC,0,4621430
ybeDp,0.16666666666666666,5,5,TTTGGTTATATCAACACAGT,0,4664023
ybeDp,0.16666666666666666,5,5,TTTGCCTGTTCGTCCTACTT,0,4620348
ybeDp,0.16666666666666666,5,5,TTTGCATGGGTCGATTCTGG,0,4632220
ybeDp,0.16666666666666666,5,5,TTTGAGTCAGCAAAGGAGAA,0,4620531
ybeDp,0.16666666666666666,5,5,TTTGAATTAGGTTGAGGTTG,0,4639363
ybeDp,0.16666666666666666,5,5,TTTCTAGATGCTATGGAAGC,0,4624392
ybeDp,0.16666666666666666,5,5,TTTCCAGCCATGAGTGATAG,0,4655212
ybeDp,0.16666666666666666,5,5,TTTCACTTAGGAGTTTGGAA,0,4618694
ybeDp,0.16666666666666666,5,5,TTTCACGACATGCCATTAGC,0,4611401
ybeDp,0.16666666666666666,5,5,TTTACACTGAACACGTTCCA,0,4639098
ybeDp,0.16666666666666666,5,5,TTGTCTTGGGGCTGGATGTT,0,4615697
ybeDp,0.16666666666666666,5,5,TTGTCGAAGATTTGGCGGCC,0,4683977
ybeDp,0.16666666666666666,5,5,TTGTCCAGGAGTTGCGTATA,0,4678143
ybeDp,0.16666666666666666,5,5,TTGGGGGACCTTTCTTTAGT,0,4671705
ybeDp,0.16666666666666666,5,5,TTGGGGCGAAGTTTGACCAA,0,4601829
ybeDp,0.16666666666666666,5,5,TTGGCATAATCTACACGTTA,0,4678425
ybeDp,0.16666666666666666,5,5,TTGCTTTAAGACAACTCCGG,0,4639494
ybeDp,0.16666666666666666,5,5,TTGCTCGTCTAAGCCTACGA,0,4646266
ybeDp,0.16666666666666666,5,5,TTGCGGAGGCTTGACCAGTT,0,4654576
ybeDp,0.16666666666666666,5,5,TTGCCAGAAGAAGCACAGAT,0,4650953
ybeDp,0.16666666666666666,5,5,TTGCAGTTCCGAGCATAAAT,0,4610358
ybeDp,0.16666666666666666,5,5,TTGCAGAGCCCTGTGAACGT,0,4657005
ybeDp,0.16666666666666666,5,5,TTGCAGAATGACTCCCGTGC,0,4659084
ybeDp,0.16666666666666666,5,5,TTGCACGGGTTAAGGTGGGT,0,4615043
ybeDp,0.16666666666666666,5,5,TTGAGCTTCCCAAGCTGAGG,0,4680102
ybeDp,0.16666666666666666,5,5,TTGAGCCTGACATTACACTT,0,4645636
ybeDp,0.16666666666666666,5,5,TTGAAACTTATAACAAAGAC,0,4638334
ybeDp,0.16666666666666666,5,5,TTCTTCTTCGACGGTCGATA,0,4682889
ybeDp,0.16666666666666666,5,5,TTCTTCGATACCGCATGTAC,0,4687028
ybeDp,0.16666666666666666,5,5,TTCTGGGTAAACTACGAGGC,0,4605318
ybeDp,0.16666666666666666,5,5,TTCTGCATCTGGGATTTTCT,0,4683255
ybeDp,0.16666666666666666,5,5,TTCTACATCTCATCACGCAT,0,4654062
ybeDp,0.16666666666666666,5,5,TTCGTGTAGTTCACCTGATC,0,4648678
ybeDp,0.16666666666666666,5,5,TTCGGGCGCATCCACCATAG,0,4673285
ybeDp,0.16666666666666666,5,5,TTCGGGAGCCATCCGCTTCT,0,4613453
ybeDp,0.16666666666666666,5,5,TTCGGAAGGGCCGCGGCAGC,0,4601893
ybeDp,0.16666666666666666,5,5,TTCGCAAGACTTTAAAGGGC,0,4632577
ybeDp,0.16666666666666666,5,5,TTCGATAGAGACTTTCGCAT,0,4605019
ybeDp,0.16666666666666666,5,5,TTCGAGTTTTAACATCCCGA,0,4617558
ybeDp,0.16666666666666666,5,5,TTCGAGTCTAAGTCTCCGCC,0,4624635
ybeDp,0.16666666666666666,5,5,TTCCCCCGGATAGCCCGTGC,0,4616015
ybeDp,0.16666666666666666,5,5,TTCATGCACGTGAGCATCCA,0,4686102
ybeDp,0.16666666666666666,5,5,TTCAGTACCCTGTTACACGT,0,4615279
ybeDp,0.16666666666666666,5,5,TTCAGCGCCCTTGGCCGCAA,0,4679685
ybeDp,0.16666666666666666,5,5,TTCACGGAAGTCTGTTGATG,0,4674399
ybeDp,0.16666666666666666,5,5,TTCACACGGTCACGCAGGCT,0,4631111
ybeDp,0.16666666666666666,5,5,TTCAAGCTGACGATATTCGT,0,4660473
ybeDp,0.16666666666666666,5,5,TTATCTGCGGACGCTGGCTT,0,4670941
ybeDp,0.16666666666666666,5,5,TTATCTCAGTTCCAACAAGA,0,4668431
ybeDp,0.16666666666666666,5,5,TTATATCTCGGAGAAATCAT,0,4613744
ybeDp,0.16666666666666666,5,5,TTATAGTCCACCTTCTCACA,0,4621241
ybeDp,0.16666666666666666,5,5,TTAGTTTTTGTATATGTGTG,0,4673614
ybeDp,0.16666666666666666,5,5,TTAGTCGAAGTAGGGGATAT,0,4641202
ybeDp,0.16666666666666666,5,5,TTAGGGTAGGTTGCGCAAAC,0,4632495
ybeDp,0.16666666666666666,5,5,TTAGACACCGAGTACATAAT,0,4644392
ybeDp,0.16666666666666666,5,5,TTACTGGTCTTAAGAAGAGA,0,4602910
ybeDp,0.16666666666666666,5,5,TTACTACCGTAAGAGAAGGT,0,4627305
ybeDp,0.16666666666666666,5,5,TTACGGTAACAAGTCATGGA,0,4603777
ybeDp,0.16666666666666666,5,5,TTACCGTGGTCAATGGGGAT,0,4612755
ybeDp,0.16666666666666666,5,5,TTACCAGTGTCAATCAGTCC,0,4602737
ybeDp,0.16666666666666666,5,5,TTAATACGGCTCATCCGAAA,0,4645864
ybeDp,0.16666666666666666,5,5,TTAAGGTTGCCATATGTATC,0,4606765
ybeDp,0.16666666666666666,5,5,TTAAGATGATTGAGCGCGTA,0,4662267
ybeDp,0.16666666666666666,5,5,TTAACTCCTTACAACAGGAG,0,4683744
ybeDp,0.16666666666666666,5,5,TTAACCAAAACTGCGGCTAG,0,4624328
ybeDp,0.16666666666666666,5,5,TTAAATTCGGGTCAGCCGTC,0,4608019
ybeDp,0.16666666666666666,5,5,TTAAACTGTTGGAGCGGGTT,0,4623350
ybeDp,0.16666666666666666,5,5,TTAAAACACCGGTGCGAGCT,0,4661753
ybeDp,0.16666666666666666,5,5,TGTTTTGGAGACGGCACCGT,0,4637817
ybeDp,0.16666666666666666,5,5,TGTTGCCGGCTTTCGACATC,0,4635279
ybeDp,0.16666666666666666,5,5,TGTTGACTACCGGGCCAAGC,0,4662588
ybeDp,0.16666666666666666,5,5,TGTTCTTCGTAGCTTATAAG,0,4636351
ybeDp,0.16666666666666666,5,5,TGTTACTGAGAAATTATCTA,0,4604391
ybeDp,0.16666666666666666,5,5,TGTGTGCGCTTATCCGAGTC,0,4638667
ybeDp,0.16666666666666666,5,5,TGTGTCCAGACCCAGATTAC,0,4612528
ybeDp,0.16666666666666666,5,5,TGTGGGAGCCACCTTAGCCG,0,4659011
ybeDp,0.16666666666666666,5,5,TGTGCTGAAGGGCGGTTATT,0,4617643
ybeDp,0.16666666666666666,5,5,TGTGCCGAGTCAATACCTCT,0,4657398
ybeDp,0.16666666666666666,5,5,TGTGAAGGTTTCTGTAGTGG,0,4660709
ybeDp,0.16666666666666666,5,5,TGTGAACGCCCGCAAAGCTA,0,4651773
ybeDp,0.16666666666666666,5,5,TGTCTTTTTCGGAACTTTCA,0,4645171
ybeDp,0.16666666666666666,5,5,TGTCTTAATCGCAAGACGGG,0,4630217
ybeDp,0.16666666666666666,5,5,TGTCCATATATGCATGTATA,0,4660300
ybeDp,0.16666666666666666,5,5,TGTCAGGTCTGCGGAACTCT,0,4623109
ybeDp,0.16666666666666666,5,5,TGTCAGGGGTTCAGCGGTAG,0,4647004
ybeDp,0.16666666666666666,5,5,TGTCACCACCTTTATAAAGC,0,4602136
ybeDp,0.16666666666666666,5,5,TGTATTTGGTGCAAATGAAA,0,4633187
ybeDp,0.16666666666666666,5,5,TGTACTTGGAGTGAAATACC,0,4615744
ybeDp,0.16666666666666666,5,5,TGTACAGCGAACTTACACGT,0,4657106
ybeDp,0.16666666666666666,5,5,TGTAATGGACCTATCTTATG,0,4671896
ybeDp,0.16666666666666666,5,5,TGTAAGTTCTATTGTATAAA,0,4632629
ybeDp,0.16666666666666666,5,5,TGTAAACTTTTCTACGGGCA,0,4667907
ybeDp,0.16666666666666666,5,5,TGGTTTCCGACTCGGCTATT,0,4627531
ybeDp,0.16666666666666666,5,5,TGGTTGCTTGTGTGCTCGAG,0,4620162
ybeDp,0.16666666666666666,5,5,TGGTCGGTTGAACCCAATTC,0,4636327
ybeDp,0.16666666666666666,5,5,TGGTACATCGCTTTCTTGGA,0,4613048
ybeDp,0.16666666666666666,5,5,TGGTAACGTGTGTCAATTAG,0,4636357
ybeDp,0.16666666666666666,5,5,TGGGTGGAAACAATAAATGT,0,4670024
ybeDp,0.16666666666666666,5,5,TGGGTCTGTTAACCGTCCCG,0,4639695
ybeDp,0.16666666666666666,5,5,TGGGGTATGGACTTTCTGGA,0,4633989
ybeDp,0.16666666666666666,5,5,TGGGGCACCCCACCGGCGAG,0,4672077
ybeDp,0.16666666666666666,5,5,TGGGGAGTCAACAAGGGCCC,0,4616306
ybeDp,0.16666666666666666,5,5,TGGGCGCCGTCATGATGATC,0,4634800
ybeDp,0.16666666666666666,5,5,TGGGCCTAATATGACGTTAA,0,4647718
ybeDp,0.16666666666666666,5,5,TGGGATCCCTTAAATATTGG,0,4630363
ybeDp,0.16666666666666666,5,5,TGGCGTGATCTCCTATATAG,0,4627308
ybeDp,0.16666666666666666,5,5,TGGCGGCTGTCAAGCGACGT,0,4656492
ybeDp,0.16666666666666666,5,5,TGGCCACCGTTTTCCCGGCA,0,4619799
ybeDp,0.16666666666666666,5,5,TGGCATCGCCTTGGCAGAGC,0,4655615
ybeDp,0.16666666666666666,5,5,TGGCACCGTCAAGCAGTGCT,0,4643818
ybeDp,0.16666666666666666,5,5,TGGAGTAACAATGATCACGA,0,4643119
ybeDp,0.16666666666666666,5,5,TGGAGCCCCTACCTGCCGAC,0,4613829
ybeDp,0.16666666666666666,5,5,TGGAGATGAACTGGGATCCA,0,4680031
ybeDp,0.16666666666666666,5,5,TGGACATCTGGTGTCCGGGA,0,4658255
ybeDp,0.16666666666666666,5,5,TGCTTTTGGCACGGCCCATA,0,4661209
ybeDp,0.16666666666666666,5,5,TGCTCCAAGGGGTCCACGCA,0,4656607
ybeDp,0.16666666666666666,5,5,TGCTCAGTCTGTGTGCCGTT,0,4637217
ybeDp,0.16666666666666666,5,5,TGCTAGATAAGAAATACTGG,0,4655538
ybeDp,0.16666666666666666,5,5,TGCTACGGTAGTTGCTCAGT,0,4644620
ybeDp,0.16666666666666666,5,5,TGCGTTTCTTGACAAAACGC,0,4604600
ybeDp,0.16666666666666666,5,5,TGCGTGCTTAGGTTGTGAGA,0,4619298
ybeDp,0.16666666666666666,5,5,TGCGTAACGCCACCGAGCAG,0,4645638
ybeDp,0.16666666666666666,5,5,TGCGGGGGTGTGGATGAATC,0,4631844
ybeDp,0.16666666666666666,5,5,TGCGCTCACGAAAATTCAAA,0,4650802
ybeDp,0.16666666666666666,5,5,TGCGCGAACGCACAGCTAGT,0,4626223
ybeDp,0.16666666666666666,5,5,TGCGATGGGGTAGTGCGGGG,0,4652406
ybeDp,0.16666666666666666,5,5,TGCGAATCGGAAATGTCGGA,0,4646872
ybeDp,0.16666666666666666,5,5,TGCCGCGGCGCTAGGCGGAA,0,4686182
ybeDp,0.16666666666666666,5,5,TGCCCCAGATAGTGATCAAT,0,4662652
ybeDp,0.16666666666666666,5,5,TGCCCATTACAATCGCACGT,0,4635089
ybeDp,0.16666666666666666,5,5,TGCCAGCCCTATCCGTAGAT,0,4639628
ybeDp,0.16666666666666666,5,5,TGCCACAAACTTACCACAGG,0,4663758
ybeDp,0.16666666666666666,5,5,TGCATACGACGACGCCGTAT,0,4687828
ybeDp,0.16666666666666666,5,5,TGCAGTATATAGGGTTTGGA,0,4678563
ybeDp,0.16666666666666666,5,5,TGCAGTACTCCTTTCTGTGA,0,4669559
ybeDp,0.16666666666666666,5,5,TGCAGGCGTACACGCACATA,0,4687861
ybeDp,0.16666666666666666,5,5,TGATGGCGACGCGTCTCATA,0,4663313
ybeDp,0.16666666666666666,5,5,TGATGCAAATTGGCGTTAAA,0,4672660
ybeDp,0.16666666666666666,5,5,TGATCAGAAGCCGTGTAGGG,0,4674764
ybeDp,0.16666666666666666,5,5,TGAGTGACCGAGAAAATTTA,0,4618089
ybeDp,0.16666666666666666,5,5,TGAGTCACCATTCCTGGGGT,0,4611341
ybeDp,0.16666666666666666,5,5,TGAGCGTGCCACGTATTTAA,0,4629187
ybeDp,0.16666666666666666,5,5,TGACTGAGGCGTGCTTTAGG,0,4623040
ybeDp,0.16666666666666666,5,5,TGACTACTCAGGTCCATAAC,0,4647733
ybeDp,0.16666666666666666,5,5,TGACCTAGGGGTATTTGACA,0,4610165
ybeDp,0.16666666666666666,5,5,TGACCCTGTCGAATGACTGC,0,4665225
ybeDp,0.16666666666666666,5,5,TGACATGTGCCGACGCCCCC,0,4639015
ybeDp,0.16666666666666666,5,5,TGAAGAATCACTCAACACTT,0,4609436
ybeDp,0.16666666666666666,5,5,TCTTTTCGAAATATCCGCTC,0,4626563
ybeDp,0.16666666666666666,5,5,TCTTTCGTCCTCTACCAGGT,0,4651042
ybeDp,0.16666666666666666,5,5,TCTTTATCTGAAAGGGAAAG,0,4638756
ybeDp,0.16666666666666666,5,5,TCTTGGGATCCACCTGAAAG,0,4655719
ybeDp,0.16666666666666666,5,5,TCTTGGACATCTGTGGGCTT,0,4665630
ybeDp,0.16666666666666666,5,5,TCTTGCCTGTGTCCGGACTT,0,4686982
ybeDp,0.16666666666666666,5,5,TCTTCCGGGCTTCCGTCCTG,0,4662743
ybeDp,0.16666666666666666,5,5,TCTTCCAAGGCTTCGGCCTT,0,4609329
ybeDp,0.16666666666666666,5,5,TCTTATGTTTGGGATTTGGG,0,4665255
ybeDp,0.16666666666666666,5,5,TCTTATCGAAGAGCCATACC,0,4630496
ybeDp,0.16666666666666666,5,5,TCTGTCATCGGTTGACTGTA,0,4657128
ybeDp,0.16666666666666666,5,5,TCTGCTTTGTCACGAGGGAG,0,4631542
ybeDp,0.16666666666666666,5,5,TCTGCGACAAAGCTTTTTTT,0,4659360
ybeDp,0.16666666666666666,5,5,TCTGCAGGCATCAGAACCGT,0,4676341
ybeDp,0.16666666666666666,5,5,TCTGATCGGGTTTGGGATTA,0,4656805
ybeDp,0.16666666666666666,5,5,TCTCGTTTGGTACTGGATAC,0,4621649
ybeDp,0.16666666666666666,5,5,TCTCGTGCAGTAGAGCACCT,0,4653788
ybeDp,0.16666666666666666,5,5,TCTCGGCGACTCATCGCGAT,0,4654776
ybeDp,0.16666666666666666,5,5,TCTCGCCTGTTTTGACGACG,0,4609779
ybeDp,0.16666666666666666,5,5,TCTCCGACGGTTAACGAAAC,0,4615767
ybeDp,0.16666666666666666,5,5,TCTCCCAGCAGAAGTTTGCA,0,4671433
ybeDp,0.16666666666666666,5,5,TCTCCCACTGATAACGTGCA,0,4665748
ybeDp,0.16666666666666666,5,5,TCTCATTGAACATTTTCTAC,0,4635088
ybeDp,0.16666666666666666,5,5,TCTAGCGTAATATTTGCGCG,0,4640833
ybeDp,0.16666666666666666,5,5,TCTACGCGGCTGCGGGGTTC,0,4618538
ybeDp,0.16666666666666666,5,5,TCTAACGTGGGATGGGTATT,0,4646766
ybeDp,0.16666666666666666,5,5,TCTAAATCTGTCTTACTTGC,0,4627629
ybeDp,0.16666666666666666,5,5,TCGTTAATGGGATACCCGTT,0,4635097
ybeDp,0.16666666666666666,5,5,TCGTGTGTATGACGGTCCGA,0,4621734
ybeDp,0.16666666666666666,5,5,TCGTGAACATTTTGCCGAAC,0,4644180
ybeDp,0.16666666666666666,5,5,TCGTAGAGTTGACCTGAGTA,0,4607108
ybeDp,0.16666666666666666,5,5,TCGGTCAGGGATTATTAGTA,0,4652489
ybeDp,0.16666666666666666,5,5,TCGCGTAACTCTTCACACAG,0,4647138
ybeDp,0.16666666666666666,5,5,TCGCGGGTAGGACAACTCTG,0,4642750
ybeDp,0.16666666666666666,5,5,TCGCCGAAGCGGATTGGGTT,0,4603699
ybeDp,0.16666666666666666,5,5,TCGCCAATTTCAAGCCTTGC,0,4617114
ybeDp,0.16666666666666666,5,5,TCGCATATATAACAGGTCAT,0,4636653
ybeDp,0.16666666666666666,5,5,TCGATCAAGGGTTAGTCCGA,0,4610371
ybeDp,0.16666666666666666,5,5,TCGATAGCTTTGAATAGGGT,0,4683040
ybeDp,0.16666666666666666,5,5,TCGAGCATGGTGATCGTGAC,0,4664543
ybeDp,0.16666666666666666,5,5,TCGACGTGTTCAGGAAGTTA,0,4642053
ybeDp,0.16666666666666666,5,5,TCCTTTTTTCACGGGGCCAG,0,4637043
ybeDp,0.16666666666666666,5,5,TCCTCGGTTATTACGATATT,0,4680108
ybeDp,0.16666666666666666,5,5,TCCTCCTGTGGGAGAATTAC,0,4679051
ybeDp,0.16666666666666666,5,5,TCCTAGCCTACAGCTACGTT,0,4659919
ybeDp,0.16666666666666666,5,5,TCCGTAGCACGTTCCCAGGC,0,4627768
ybeDp,0.16666666666666666,5,5,TCCCTTCTTCTAGCTGTATA,0,4681698
ybeDp,0.16666666666666666,5,5,TCCCGCATTCTGACCAGAGT,0,4655265
ybeDp,0.16666666666666666,5,5,TCCCGACTCTGGAACATCGT,0,4662463
ybeDp,0.16666666666666666,5,5,TCCCATATGCCCAGGTTCAT,0,4683149
ybeDp,0.16666666666666666,5,5,TCCCAACCCAGTGGGTCAAT,0,4672930
ybeDp,0.16666666666666666,5,5,TCCAGCATGCGGCCTCAGTC,0,4602999
ybeDp,0.16666666666666666,5,5,TCCAGCAGACAATTCGAGAC,0,4649732
ybeDp,0.16666666666666666,5,5,TCCACTGCCCTGGCCGGGCA,0,4641810
ybeDp,0.16666666666666666,5,5,TCCAACGGCGATGTAGGGCA,0,4640032
ybeDp,0.16666666666666666,5,5,TCATTGGATGTGCTATCAAG,0,4646729
ybeDp,0.16666666666666666,5,5,TCATGGGAAAATAGGGACGA,0,4618909
ybeDp,0.16666666666666666,5,5,TCATCCAAAGGGCTGCGAAA,0,4665011
ybeDp,0.16666666666666666,5,5,TCATACATTACTGATTGTTC,0,4664937
ybeDp,0.16666666666666666,5,5,TCAGTATATGTGCTGTCAGA,0,4683681
ybeDp,0.16666666666666666,5,5,TCAGGGCACGATGCGGGTTG,0,4674713
ybeDp,0.16666666666666666,5,5,TCAGGCGTCCCTCAATAACC,0,4647802
ybeDp,0.16666666666666666,5,5,TCAGGCCTGTGTACTCGTTT,0,4634961
ybeDp,0.16666666666666666,5,5,TCAGAACGCCCAAACGCATA,0,4602036
ybeDp,0.16666666666666666,5,5,TCAGAACCTCAGTCGGCAGA,0,4676135
ybeDp,0.16666666666666666,5,5,TCAGAAAGGCTCTCACTGAT,0,4640201
ybeDp,0.16666666666666666,5,5,TCACGGTGAGGGACATATGA,0,4637182
ybeDp,0.16666666666666666,5,5,TCACCGATGTGTTGATCGGT,0,4650665
ybeDp,0.16666666666666666,5,5,TCAATCGTGCGTGATGGATC,0,4651709
ybeDp,0.16666666666666666,5,5,TCAATACTTGCTCCCGGCCT,0,4670365
ybeDp,0.16666666666666666,5,5,TCAAGGGAGCTACCCGCATC,0,4661157
ybeDp,0.16666666666666666,5,5,TCAAGCCGTATGCCTAGGCG,0,4625538
ybeDp,0.16666666666666666,5,5,TCAACGTTTAAGGGTTTACT,0,4647662
ybeDp,0.16666666666666666,5,5,TCAACCCGAAATGATCTGTA,0,4660654
ybeDp,0.16666666666666666,5,5,TCAAACCGTCCATATTGTTG,0,4640540
ybeDp,0.16666666666666666,5,5,TATTGGTTAAAGCCGTATAG,0,4608304
ybeDp,0.16666666666666666,5,5,TATTGGGATTGGAAGTCTTT,0,4639444
ybeDp,0.16666666666666666,5,5,TATTCAGTTTCATTCGGGAT,0,4683028
ybeDp,0.16666666666666666,5,5,TATTACCATGGAACAGTCCA,0,4675862
ybeDp,0.16666666666666666,5,5,TATGTCTTGAGACCGCCCGC,0,4669117
ybeDp,0.16666666666666666,5,5,TATGTAGTCGGTTGTTCCAC,0,4629641
ybeDp,0.16666666666666666,5,5,TATGAGCTCAGCATCCTTGT,0,4670562
ybeDp,0.16666666666666666,5,5,TATCTGATCCAGTTTTTAAG,0,4604615
ybeDp,0.16666666666666666,5,5,TATCGTCACGAGAGTGTTAC,0,4624089
ybeDp,0.16666666666666666,5,5,TATCATTCAGGACCATTGGA,0,4601946
ybeDp,0.16666666666666666,5,5,TATATTTAAATATTATGTGC,0,4664322
ybeDp,0.16666666666666666,5,5,TATATTGTCGGCCACGCACT,0,4622156
ybeDp,0.16666666666666666,5,5,TATATTCCGTTCAACGACGT,0,4614313
ybeDp,0.16666666666666666,5,5,TATATAACGAAGAACGAGCA,0,4646228
ybeDp,0.16666666666666666,5,5,TATAGAATCGTTTTTTCACC,0,4650761
ybeDp,0.16666666666666666,5,5,TATACTCTTTGCCTCACAGG,0,4668711
ybeDp,0.16666666666666666,5,5,TAGTCGCTAAGTAGAAATAC,0,4646031
ybeDp,0.16666666666666666,5,5,TAGGTTGGGGGGCCGCCATC,0,4652986
ybeDp,0.16666666666666666,5,5,TAGGGTGCACATATCCTGGG,0,4640154
ybeDp,0.16666666666666666,5,5,TAGGCTACCTCTTACATACA,0,4604497
ybeDp,0.16666666666666666,5,5,TAGGCCGACTGATGGACCAC,0,4653786
ybeDp,0.16666666666666666,5,5,TAGGAACAAGGTGACGCTTT,0,4678628
ybeDp,0.16666666666666666,5,5,TAGCTGTAGAAATGGCGCAT,0,4654997
ybeDp,0.16666666666666666,5,5,TAGCGTTGTAATTAGGGTGG,0,4618055
ybeDp,0.16666666666666666,5,5,TAGCCTTTTATATATCAGGT,0,4655333
ybeDp,0.16666666666666666,5,5,TAGCCTGGGGAAAGTAGACG,0,4639640
ybeDp,0.16666666666666666,5,5,TAGCCCGGTGGGAACATGGA,0,4636174
ybeDp,0.16666666666666666,5,5,TAGCCCATGTTTGCTAATCT,0,4630337
ybeDp,0.16666666666666666,5,5,TAGAGGTCCTCGTGACCCAC,0,4675479
ybeDp,0.16666666666666666,5,5,TAGAGAGTCAGCTTAGGGAG,0,4624485
ybeDp,0.16666666666666666,5,5,TAGACCCATTAGGGCACACG,0,4672831
ybeDp,0.16666666666666666,5,5,TACTTCCCCGAACGTGGGAC,0,4647809
ybeDp,0.16666666666666666,5,5,TACTGTTTAGAGAGAACTCA,0,4639861
ybeDp,0.16666666666666666,5,5,TACTGGTGACCTACTTCTAA,0,4660252
ybeDp,0.16666666666666666,5,5,TACTGCGGTATACGAGAATG,0,4674460
ybeDp,0.16666666666666666,5,5,TACTATCGTCGTAAGCACAT,0,4651240
ybeDp,0.16666666666666666,5,5,TACGTTCTATGAACTGGTAC,0,4621480
ybeDp,0.16666666666666666,5,5,TACGTGACGACTTTAATAAT,0,4643298
ybeDp,0.16666666666666666,5,5,TACGATTGTATGGAAACTTT,0,4617513
ybeDp,0.16666666666666666,5,5,TACCTGAACCCCGACCGGTC,0,4604168
ybeDp,0.16666666666666666,5,5,TACCGTAATCCCTACTTTGG,0,4615305
ybeDp,0.16666666666666666,5,5,TACCGGGTACCACCTCTGGG,0,4627705
ybeDp,0.16666666666666666,5,5,TACCGCATAAGGAACGGGTC,0,4654948
ybeDp,0.16666666666666666,5,5,TACCCGTGATCGCGGAGCAT,0,4669294
ybeDp,0.16666666666666666,5,5,TACCATATTTTGGCGTCCCT,0,4636827
ybeDp,0.16666666666666666,5,5,TACCAATTAGGTGGTGAGGC,0,4636808
ybeDp,0.16666666666666666,5,5,TACATTGCAAATAGATTTGA,0,4680656
ybeDp,0.16666666666666666,5,5,TAATATGGGACCTGGCGATT,0,4618895
ybeDp,0.16666666666666666,5,5,TAACGAGCCGCGCTTGCTGT,0,4600881
ybeDp,0.16666666666666666,5,5,TAAATGTCGAACGCCTACGG,0,4635571
ybeDp,0.16666666666666666,5,5,TAAAGCTCCATAATTCGTAA,0,4659170
ybeDp,0.16666666666666666,5,5,TAAAGCGCTGAGGTACAGCT,0,4643910
ybeDp,0.16666666666666666,5,5,TAAAATTTCGAACACACTTG,0,4602009
ybeDp,0.16666666666666666,5,5,TAAAAGTGAGTGGAAACTGC,0,4616755
ybeDp,0.16666666666666666,5,5,TAAAAATGGAACATATAGCT,0,4635229
ybeDp,0.16666666666666666,5,5,GTTTTTCTTCCGCACTCGGA,0,4656901
ybeDp,0.16666666666666666,5,5,GTTTTGTTATAACTCTCAGT,0,4685359
ybeDp,0.16666666666666666,5,5,GTTTTGTGAGGGATAGACCC,0,4632623
ybeDp,0.16666666666666666,5,5,GTTTTCAGCGCGTCTGTGTC,0,4661407
ybeDp,0.16666666666666666,5,5,GTTTGAATGGCCAGATACGG,0,4605563
ybeDp,0.16666666666666666,5,5,GTTTCCGAAGTTTGGACAAA,0,4672108
ybeDp,0.16666666666666666,5,5,GTTTACCAGGCTAAAATGGG,0,4662966
ybeDp,0.16666666666666666,5,5,GTTGTAGCCATACTATTGTG,0,4612358
ybeDp,0.16666666666666666,5,5,GTTGGTTGAGCTTCGACAGC,0,4603990
ybeDp,0.16666666666666666,5,5,GTTGGTATGAGGCCCTACCC,0,4650358
ybeDp,0.16666666666666666,5,5,GTTGGGAATACTTTTCCTAT,0,4636685
ybeDp,0.16666666666666666,5,5,GTTGGAGTAATGGTACTTTC,0,4659421
ybeDp,0.16666666666666666,5,5,GTTGCCGGTGTGAAGCATAT,0,4656082
ybeDp,0.16666666666666666,5,5,GTTCTGTACGTGATCTCGGT,0,4678236
ybeDp,0.16666666666666666,5,5,GTTCTGCCTAAGCGCAAGAT,0,4674235
ybeDp,0.16666666666666666,5,5,GTTCCGTAGGTCCCTGAAAA,0,4644652
ybeDp,0.16666666666666666,5,5,GTTCCACTCATACTAGCGAT,0,4625439
ybeDp,0.16666666666666666,5,5,GTTATCACACAAGCACCGCA,0,4679570
ybeDp,0.16666666666666666,5,5,GTTATATAGTGTGTTTACTC,0,4653363
ybeDp,0.16666666666666666,5,5,GTTAGCTGAAAAGGAATAAC,0,4611102
ybeDp,0.16666666666666666,5,5,GTTACAGTGCTTGCGTGCGT,0,4658883
ybeDp,0.16666666666666666,5,5,GTTAAGACAGGAGACCTGAG,0,4672532
ybeDp,0.16666666666666666,5,5,GTTAACAAAAGCAATCGTTA,0,4628557
ybeDp,0.16666666666666666,5,5,GTGTTGGGATCTTTCGGGGT,0,4678721
ybeDp,0.16666666666666666,5,5,GTGTGACGGGTAATGGCACA,0,4614557
ybeDp,0.16666666666666666,5,5,GTGTCACCACTCCATTTTAG,0,4610269
ybeDp,0.16666666666666666,5,5,GTGGTGTTTGTCGTTTTGTA,0,4669273
ybeDp,0.16666666666666666,5,5,GTGGGTAGGGAACTCGAAAT,0,4632042
ybeDp,0.16666666666666666,5,5,GTGGGGTGTTCAGTCCACCC,0,4634881
ybeDp,0.16666666666666666,5,5,GTGGGGGGTACACTTGCTCT,0,4607468
ybeDp,0.16666666666666666,5,5,GTGGATGGACGGGAGTGTTC,0,4628015
ybeDp,0.16666666666666666,5,5,GTGCGAACAGGGATTTATTT,0,4631458
ybeDp,0.16666666666666666,5,5,GTGCATCTCCGATTGGTGTT,0,4649809
ybeDp,0.16666666666666666,5,5,GTGCATCCCCGCTCCCGCGG,0,4608142
ybeDp,0.16666666666666666,5,5,GTGCAATATTGCACACTACT,0,4650326
ybeDp,0.16666666666666666,5,5,GTGATTGAATGTAGTCTAAT,0,4631548
ybeDp,0.16666666666666666,5,5,GTGAGCGCCATAACCACCGC,0,4649903
ybeDp,0.16666666666666666,5,5,GTGAGCCTGCGAACAGTTTA,0,4609892
ybeDp,0.16666666666666666,5,5,GTGACTATTCTCGGTGGGCA,0,4683871
ybeDp,0.16666666666666666,5,5,GTGAAAGAAAGCAGTCAGAT,0,4632552
ybeDp,0.16666666666666666,5,5,GTCTTTTCCAAATTGCTTGG,0,4607738
ybeDp,0.16666666666666666,5,5,GTCTGTCTTTCGTCTATTCA,0,4625172
ybeDp,0.16666666666666666,5,5,GTCTCTTTTTTATGCCTTCA,0,4623790
ybeDp,0.16666666666666666,5,5,GTCTCTGCGACGTTAGTTCA,0,4627028
ybeDp,0.16666666666666666,5,5,GTCTCGGGTCAAGCCTAGTA,0,4667582
ybeDp,0.16666666666666666,5,5,GTCTCAACTAGGATCGTTCC,0,4654866
ybeDp,0.16666666666666666,5,5,GTCGTTAACATATGTCCGGG,0,4635292
ybeDp,0.16666666666666666,5,5,GTCGGTAGATCCAATTCAAT,0,4678642
ybeDp,0.16666666666666666,5,5,GTCGCTACTTTTTGGTCGTA,0,4657714
ybeDp,0.16666666666666666,5,5,GTCCTTAATCAAACACCCCA,0,4673241
ybeDp,0.16666666666666666,5,5,GTCCTCAACTTTTGACACAC,0,4620871
ybeDp,0.16666666666666666,5,5,GTCCAGCCAACGGGGAGTAC,0,4684555
ybeDp,0.16666666666666666,5,5,GTCATGCGTAACCTGAGAGA,0,4628716
ybeDp,0.16666666666666666,5,5,GTCAGAAGTGCCAGGGTGAT,0,4640410
ybeDp,0.16666666666666666,5,5,GTCACTAGCCAGCGTCCTTG,0,4616913
ybeDp,0.16666666666666666,5,5,GTCAATCATTTGTCACTCTG,0,4615827
ybeDp,0.16666666666666666,5,5,GTATGTCCTGGAAAGTTGAG,0,4639045
ybeDp,0.16666666666666666,5,5,GTATCCCGCCGCGGCTGTAC,0,4687831
ybeDp,0.16666666666666666,5,5,GTAGTCTCTTTTCGCTAAAG,0,4652928
ybeDp,0.16666666666666666,5,5,GTAGCAATGTTTGGGCAGCT,0,4607385
ybeDp,0.16666666666666666,5,5,GTACGATTTAAGGAATAGCG,0,4667011
ybeDp,0.16666666666666666,5,5,GTACGAGTACTTTTGTGTAA,0,4636110
ybeDp,0.16666666666666666,5,5,GTACATTCGGTTCGCATATG,0,4652224
ybeDp,0.16666666666666666,5,5,GTAATGGGTGGATGAACGTT,0,4614671
ybeDp,0.16666666666666666,5,5,GTAATAGGTCCCCCGCAAGG,0,4673656
ybeDp,0.16666666666666666,5,5,GTAATAGCCAGGTTCGAAGA,0,4660563
ybeDp,0.16666666666666666,5,5,GTAATAATACTTTTTGAGTC,0,4624039
ybeDp,0.16666666666666666,5,5,GTAAGCGATGTAATATGTGT,0,4616095
ybeDp,0.16666666666666666,5,5,GTAAGCAGTTTACGGAGTCG,0,4627858
ybeDp,0.16666666666666666,5,5,GTAACCCTTCTCTTTTAGCT,0,4635582
ybeDp,0.16666666666666666,5,5,GTAAACGAAAGGAGCTATTG,0,4627753
ybeDp,0.16666666666666666,5,5,GGTTTAATTGACCGATTCTA,0,4604891
ybeDp,0.16666666666666666,5,5,GGTTGCCGAATTTTCTAACA,0,4608288
ybeDp,0.16666666666666666,5,5,GGTTCTGACGACAAAGTCCA,0,4605584
ybeDp,0.16666666666666666,5,5,GGTTCGGGGGCAATGGCTTG,0,4617693
ybeDp,0.16666666666666666,5,5,GGTTCAGTACACGAGGCTGT,0,4624954
ybeDp,0.16666666666666666,5,5,GGTTATCCGCTAGGTTCGAC,0,4634114
ybeDp,0.16666666666666666,5,5,GGTTAGGCCCTAGCCAGTGT,0,4668211
ybeDp,0.16666666666666666,5,5,GGTTAAAATCTCCCGTGCAA,0,4632304
ybeDp,0.16666666666666666,5,5,GGTGTGCCCACTATTTTCTT,0,4629399
ybeDp,0.16666666666666666,5,5,GGTGTGCCAATGCGTCAGTT,0,4604954
ybeDp,0.16666666666666666,5,5,GGTGGTAGGAAGGCAGCACT,0,4674183
ybeDp,0.16666666666666666,5,5,GGTGCGATATTTTTCCCCGT,0,4650406
ybeDp,0.16666666666666666,5,5,GGTCTGCTGAGGACTGTGAT,0,4616977
ybeDp,0.16666666666666666,5,5,GGTCGTGAATGAAATCAATA,0,4649999
ybeDp,0.16666666666666666,5,5,GGTCCCTGCTCGCAGGTACT,0,4662268
ybeDp,0.16666666666666666,5,5,GGTCCAGTCAGAGTGTATGC,0,4621123
ybeDp,0.16666666666666666,5,5,GGTCCAATATCTGGGGGGAC,0,4681200
ybeDp,0.16666666666666666,5,5,GGTCAATTGGATTTAGACCT,0,4671585
ybeDp,0.16666666666666666,5,5,GGTCAACATACAAGATCCAC,0,4641991
ybeDp,0.16666666666666666,5,5,GGTATGCACCCTATTGAGAA,0,4669178
ybeDp,0.16666666666666666,5,5,GGTATGATTGAGGTTTCCTT,0,4677458
ybeDp,0.16666666666666666,5,5,GGTACGCGTAATTCTTTCAA,0,4653155
ybeDp,0.16666666666666666,5,5,GGTACATCAAAAGGCTGTGA,0,4632087
ybeDp,0.16666666666666666,5,5,GGTACAAGCCCGTTCGTTGG,0,4673042
ybeDp,0.16666666666666666,5,5,GGGTTTTGGCTAACGCTGTT,0,4605674
ybeDp,0.16666666666666666,5,5,GGGTTGGTATGCAGAAGGGT,0,4648038
ybeDp,0.16666666666666666,5,5,GGGTGCCTGAGTTCTCTAAT,0,4633672
ybeDp,0.16666666666666666,5,5,GGGTCTTGTCTTAGCTCGTT,0,4642494
ybeDp,0.16666666666666666,5,5,GGGTCTGGGGGGGATATCGC,0,4644710
ybeDp,0.16666666666666666,5,5,GGGTACGCGTGGACTGCGGT,0,4620039
ybeDp,0.16666666666666666,5,5,GGGTACCGACGTGAACTGAA,0,4626476
ybeDp,0.16666666666666666,5,5,GGGGTTGGGACGAATACGCT,0,4613296
ybeDp,0.16666666666666666,5,5,GGGGTCTGGCTTCCCCGTGC,0,4637870
ybeDp,0.16666666666666666,5,5,GGGGGCTGGAGACGGGACGT,0,4627033
ybeDp,0.16666666666666666,5,5,GGGGCGCGATGTGTAGGCTC,0,4636900
ybeDp,0.16666666666666666,5,5,GGGGCATTAGCGGACGTCCA,0,4634229
ybeDp,0.16666666666666666,5,5,GGGCGTCATAAATGGAAGGT,0,4668401
ybeDp,0.16666666666666666,5,5,GGGCGCGAGCCCTTGGCCGT,0,4630283
ybeDp,0.16666666666666666,5,5,GGGCCAATAACGGGTTAGAA,0,4665109
ybeDp,0.16666666666666666,5,5,GGGATTATTCAAGGCTCGCC,0,4684479
ybeDp,0.16666666666666666,5,5,GGGAGGGGAGAGGGGCTTTT,0,4682030
ybeDp,0.16666666666666666,5,5,GGGAGCCAATTCTTCAAGAT,0,4661072
ybeDp,0.16666666666666666,5,5,GGGAAATGTTCTATTAGCCA,0,4677126
ybeDp,0.16666666666666666,5,5,GGCTTTCTTGGCGTTTGACT,0,4645858
ybeDp,0.16666666666666666,5,5,GGCTTCTTTCGTCAGTCGAA,0,4612942
ybeDp,0.16666666666666666,5,5,GGCTGGGGGATTCATGGAGG,0,4617412
ybeDp,0.16666666666666666,5,5,GGCTGGGCTGAGTTTTAACG,0,4649613
ybeDp,0.16666666666666666,5,5,GGCTGGCCACCCCCAGCGAG,0,4628246
ybeDp,0.16666666666666666,5,5,GGCTAGTTCAGGCCCTTCGG,0,4671237
ybeDp,0.16666666666666666,5,5,GGCGTGCAAGTAGTTATGAT,0,4603377
ybeDp,0.16666666666666666,5,5,GGCGCGTCGAGCTTAAGACC,0,4661275
ybeDp,0.16666666666666666,5,5,GGCCGTGAGATTTACCGACC,0,4652198
ybeDp,0.16666666666666666,5,5,GGCCCGTTAGGGATCCATAG,0,4627115
ybeDp,0.16666666666666666,5,5,GGCCCACCAGACTGCATAAG,0,4644944
ybeDp,0.16666666666666666,5,5,GGCCAGTACAAGACACTCAC,0,4601997
ybeDp,0.16666666666666666,5,5,GGCCAGCTATAGGAACAAAC,0,4670920
ybeDp,0.16666666666666666,5,5,GGCATAGGGGCGTAGCAAGC,0,4670874
ybeDp,0.16666666666666666,5,5,GGCATAAAAAATCTTAAGCA,0,4664224
ybeDp,0.16666666666666666,5,5,GGCAAACATGATGGAGCATG,0,4678276
ybeDp,0.16666666666666666,5,5,GGATTCAGAAGGTCAGCCAT,0,4635179
ybeDp,0.16666666666666666,5,5,GGATTCACAGGGGCAGCGCA,0,4651672
ybeDp,0.16666666666666666,5,5,GGATTAGGAACGACGCAAAG,0,4666482
ybeDp,0.16666666666666666,5,5,GGATCGGGACGTTGTGGACT,0,4658878
ybeDp,0.16666666666666666,5,5,GGAGTTGGTAACAGCACGTT,0,4640940
ybeDp,0.16666666666666666,5,5,GGAGGTGTATAAAGGGAATC,0,4629965
ybeDp,0.16666666666666666,5,5,GGAGAAATGGGGTGTAGAGA,0,4655345
ybeDp,0.16666666666666666,5,5,GGACTGCGGGGAGGATTCGG,0,4603711
ybeDp,0.16666666666666666,5,5,GGACTAGAGACAGGACAGTG,0,4648848
ybeDp,0.16666666666666666,5,5,GGAATTATGGGCCTGAGTTA,0,4672443
ybeDp,0.16666666666666666,5,5,GGAATGTTTTGACCCGCTAA,0,4631021
ybeDp,0.16666666666666666,5,5,GGAATATTATATTCACAATG,0,4664141
ybeDp,0.16666666666666666,5,5,GGAATAAGTCGTGGACCAAC,0,4607634
ybeDp,0.16666666666666666,5,5,GGAAGGAGATCCCGTGTGTA,0,4628824
ybeDp,0.16666666666666666,5,5,GGAACATTTCCGAATCACTT,0,4653683
ybeDp,0.16666666666666666,5,5,GGAACAGGTTTGGGCCGTTT,0,4638748
ybeDp,0.16666666666666666,5,5,GGAAATATCATGAAATTAAG,0,4683919
ybeDp,0.16666666666666666,5,5,GGAAAGGCCCCGCACAGTAT,0,4637832
ybeDp,0.16666666666666666,5,5,GGAAAAGTCTTGGCGACATG,0,4616566
ybeDp,0.16666666666666666,5,5,GCTTTAGGCTTACTAGGTAA,0,4609281
ybeDp,0.16666666666666666,5,5,GCTGGGCGGGCGACGCATGG,0,4677202
ybeDp,0.16666666666666666,5,5,GCTGCCTAATCATTCCGGAG,0,4633200
ybeDp,0.16666666666666666,5,5,GCTGAATCAACCTAATTGGA,0,4647732
ybeDp,0.16666666666666666,5,5,GCTCGTGCGAAACAATAAGG,0,4602634
ybeDp,0.16666666666666666,5,5,GCTCGACTTGAGCGACCTGG,0,4607402
ybeDp,0.16666666666666666,5,5,GCTCATCCCGAGACTAGGGG,0,4630096
ybeDp,0.16666666666666666,5,5,GCTAATCGTGTAGGTTTCAC,0,4625052
ybeDp,0.16666666666666666,5,5,GCTAAACAGCAGAAGTATAA,0,4675261
ybeDp,0.16666666666666666,5,5,GCGTTGAACGGCATATTAAA,0,4676513
ybeDp,0.16666666666666666,5,5,GCGTTATGCGTTTGAGGATG,0,4676401
ybeDp,0.16666666666666666,5,5,GCGTCCACAACTAATGTTGG,0,4641183
ybeDp,0.16666666666666666,5,5,GCGTCATAGCCCATAGCTGA,0,4605782
ybeDp,0.16666666666666666,5,5,GCGTACGGGGCATTTCGGCA,0,4604664
ybeDp,0.16666666666666666,5,5,GCGGTAAGGAGCGGTTCTAT,0,4676766
ybeDp,0.16666666666666666,5,5,GCGGCCTTCAGGCACTTAAA,0,4669460
ybeDp,0.16666666666666666,5,5,GCGGACGAGTTTGGATTACG,0,4665421
ybeDp,0.16666666666666666,5,5,GCGCGCCCAAAAGCTACGGT,0,4619284
ybeDp,0.16666666666666666,5,5,GCGCGAGGGCAATGCTACGA,0,4623013
ybeDp,0.16666666666666666,5,5,GCGCATCCGGCCTCTGCGCC,0,4610019
ybeDp,0.16666666666666666,5,5,GCGCAACACAATAGAGATGG,0,4631067
ybeDp,0.16666666666666666,5,5,GCGATGAAGGGGCTCTCGGT,0,4679867
ybeDp,0.16666666666666666,5,5,GCGATCCATTGATTTTAGTT,0,4676257
ybeDp,0.16666666666666666,5,5,GCGAGGTCTGCGGATAGGGG,0,4639797
ybeDp,0.16666666666666666,5,5,GCGAGGAATACCAGATCGGT,0,4653682
ybeDp,0.16666666666666666,5,5,GCGACCTCTTCCGGGTAATA,0,4636881
ybeDp,0.16666666666666666,5,5,GCGACAGCTTCGAGTATAAC,0,4669986
ybeDp,0.16666666666666666,5,5,GCCTTTTGACCATGAATTGT,0,4668715
ybeDp,0.16666666666666666,5,5,GCCGGTCACTACGTCTGACA,0,4655867
ybeDp,0.16666666666666666,5,5,GCCGGGGTTGTGTAGATATT,0,4645722
ybeDp,0.16666666666666666,5,5,GCCGGGACAGAACCGTTTGA,0,4603416
ybeDp,0.16666666666666666,5,5,GCCCGTCCTTTGCCTTGCGC,0,4606107
ybeDp,0.16666666666666666,5,5,GCCCCATCGTCTACTGAGAC,0,4623849
ybeDp,0.16666666666666666,5,5,GCCCAGTGCTTACTCTGTTG,0,4648580
ybeDp,0.16666666666666666,5,5,GCCATGCCACCGATTTGCGA,0,4626389
ybeDp,0.16666666666666666,5,5,GCCAGTGTGCTTACTATTAA,0,4683091
ybeDp,0.16666666666666666,5,5,GCCAGCCGGAAGAGTACCTT,0,4624824
ybeDp,0.16666666666666666,5,5,GCCACGCATCATTGGACAGA,0,4651826
ybeDp,0.16666666666666666,5,5,GCATTGGTTTGAATTCGAAA,0,4612305
ybeDp,0.16666666666666666,5,5,GCATCTACAGGATTAATTAG,0,4636087
ybeDp,0.16666666666666666,5,5,GCATATGTCAAAATAGGGCA,0,4621436
ybeDp,0.16666666666666666,5,5,GCATACGTTGAGCCTTGAGG,0,4614412
ybeDp,0.16666666666666666,5,5,GCAGTGGCTGGGCGAAGGAA,0,4601213
ybeDp,0.16666666666666666,5,5,GCAGTGAACGCTTAGGACAT,0,4637883
ybeDp,0.16666666666666666,5,5,GCAGTAGTTGGCGCGTTAGT,0,4665617
ybeDp,0.16666666666666666,5,5,GCAGAGCGAACACCATCTTA,0,4676884
ybeDp,0.16666666666666666,5,5,GCACGGCCTTTTAGACAAAT,0,4655058
ybeDp,0.16666666666666666,5,5,GCACCTTTTTACGGAGAACA,0,4656544
ybeDp,0.16666666666666666,5,5,GCACCTTCCTCGAGGAGTGT,0,4608973
ybeDp,0.16666666666666666,5,5,GCACCTTACGTGACAACGAC,0,4656500
ybeDp,0.16666666666666666,5,5,GCACCCGGCCGGTAACTCGA,0,4645049
ybeDp,0.16666666666666666,5,5,GCACCAAAATTCACGATCCA,0,4653424
ybeDp,0.16666666666666666,5,5,GCAATGGAACTATCTGACTC,0,4646819
ybeDp,0.16666666666666666,5,5,GCAAGCTCTTTTAGAGTAAT,0,4676474
ybeDp,0.16666666666666666,5,5,GCAAGAATAATCTGTGCCGC,0,4667341
ybeDp,0.16666666666666666,5,5,GCAAATCGGGATCAGCGTTC,0,4616583
ybeDp,0.16666666666666666,5,5,GCAAACGTAGGGGCGCCTTC,0,4623734
ybeDp,0.16666666666666666,5,5,GATTTCGCAACAACGGACGC,0,4648636
ybeDp,0.16666666666666666,5,5,GATGGGACTACGACTCCCAC,0,4646659
ybeDp,0.16666666666666666,5,5,GATGGCGGAGATATAGGGTA,0,4604752
ybeDp,0.16666666666666666,5,5,GATGCGTTTCGACAACCGGT,0,4683262
ybeDp,0.16666666666666666,5,5,GATGCGCTGAAAATCGGCTT,0,4618400
ybeDp,0.16666666666666666,5,5,GATGCAGAGTAAGTGTCAGT,0,4632478
ybeDp,0.16666666666666666,5,5,GATCGAAATGACCGGAGGTG,0,4655408
ybeDp,0.16666666666666666,5,5,GATCCATCAAGCGGCCCTTA,0,4631545
ybeDp,0.16666666666666666,5,5,GATCATCTAGTCCGCTCCCA,0,4685915
ybeDp,0.16666666666666666,5,5,GATATACTAGGCCGTTCTCG,0,4624700
ybeDp,0.16666666666666666,5,5,GATAGTACTCGGCTATACGG,0,4686159
ybeDp,0.16666666666666666,5,5,GATACTTGCTCACTGAACAA,0,4617836
ybeDp,0.16666666666666666,5,5,GATACGGGCCGATGGGTACT,0,4626505
ybeDp,0.16666666666666666,5,5,GAGTTAGGTACACACGTCAA,0,4663051
ybeDp,0.16666666666666666,5,5,GAGTTAGAGCGAACCAAATC,0,4681533
ybeDp,0.16666666666666666,5,5,GAGTGTTCTATCAGGATGAT,0,4644683
ybeDp,0.16666666666666666,5,5,GAGTGTCTGTAGGGGGAGGC,0,4639677
ybeDp,0.16666666666666666,5,5,GAGTGCATGGTTTGTGTTCT,0,4676546
ybeDp,0.16666666666666666,5,5,GAGTGATCTGGCCGAGTCCA,0,4607637
ybeDp,0.16666666666666666,5,5,GAGTCAGAAGGTGCATAAGT,0,4675256
ybeDp,0.16666666666666666,5,5,GAGTATAGTCTAGCAACGAG,0,4635479
ybeDp,0.16666666666666666,5,5,GAGTAGTTATACGAGCGATT,0,4632657
ybeDp,0.16666666666666666,5,5,GAGGTTTTGGCATAATGTCA,0,4673205
ybeDp,0.16666666666666666,5,5,GAGGTATTGGAACAGCTTGT,0,4649047
ybeDp,0.16666666666666666,5,5,GAGGTAGTTTTTAGAGTGCA,0,4658489
ybeDp,0.16666666666666666,5,5,GAGGGTTGTCGTGTCAGCTC,0,4652403
ybeDp,0.16666666666666666,5,5,GAGGGTCTATTTTACGTCTT,0,4616886
ybeDp,0.16666666666666666,5,5,GAGGGAGGTCACACGCATTT,0,4608544
ybeDp,0.16666666666666666,5,5,GAGGAGTTATGAGCATTGAT,0,4639533
ybeDp,0.16666666666666666,5,5,GAGGAGGTCGGTACCTGTAA,0,4623360
ybeDp,0.16666666666666666,5,5,GAGGACCCCCGCGCATCAGG,0,4661554
ybeDp,0.16666666666666666,5,5,GAGGAAAAGAAGGCGTCTTA,0,4654262
ybeDp,0.16666666666666666,5,5,GAGCTTTGCCCGTACCCTAC,0,4620462
ybeDp,0.16666666666666666,5,5,GAGCTACCAATACATGTATC,0,4645542
ybeDp,0.16666666666666666,5,5,GAGCATTCTACAAGAAGAAG,0,4677131
ybeDp,0.16666666666666666,5,5,GAGCAATCAAAGTACTCCCC,0,4642592
ybeDp,0.16666666666666666,5,5,GAGCAAACGATATTGGGTAC,0,4601661
ybeDp,0.16666666666666666,5,5,GAGAGCTACCGATGAAGCCT,0,4606376
ybeDp,0.16666666666666666,5,5,GAGACTCCCGTGCATCGTCC,0,4637005
ybeDp,0.16666666666666666,5,5,GAGACGTCAGTTTACAGTCC,0,4624346
ybeDp,0.16666666666666666,5,5,GAGACCTCCTGAACGTCGCT,0,4601871
ybeDp,0.16666666666666666,5,5,GAGAACGCCGACCGACATTC,0,4664593
ybeDp,0.16666666666666666,5,5,GACTCTACGAGGTACAACGG,0,4652988
ybeDp,0.16666666666666666,5,5,GACTCCCTCACACGCGATGC,0,4615190
ybeDp,0.16666666666666666,5,5,GACTAATGTCACCGTAATCT,0,4606251
ybeDp,0.16666666666666666,5,5,GACGTTTTATCAGTAGGGAA,0,4607344
ybeDp,0.16666666666666666,5,5,GACGTCCTAACGGGGTCGTC,0,4630129
ybeDp,0.16666666666666666,5,5,GACCGTTGTAGGCATGAAGA,0,4678405
ybeDp,0.16666666666666666,5,5,GACCGATGCGAGCAGGAATC,0,4619899
ybeDp,0.16666666666666666,5,5,GACCAGGGAGCTACCAGCTA,0,4620895
ybeDp,0.16666666666666666,5,5,GACCACTGAGCCCGTAGCGT,0,4646984
ybeDp,0.16666666666666666,5,5,GACAGTTCCTAGTCTTCAAC,0,4603558
ybeDp,0.16666666666666666,5,5,GACAGGGTTCGCCACTAAGA,0,4655578
ybeDp,0.16666666666666666,5,5,GAATTTATGAAAGCTGAGGC,0,4631587
ybeDp,0.16666666666666666,5,5,GAATTGCAAGCCATTTCTTT,0,4679312
ybeDp,0.16666666666666666,5,5,GAATCTCACGCGCTCAGGTA,0,4676126
ybeDp,0.16666666666666666,5,5,GAATCAAAACGGTAGTAGAC,0,4624512
ybeDp,0.16666666666666666,5,5,GAAGTGGTGTTCATGCCCCA,0,4652221
ybeDp,0.16666666666666666,5,5,GAAGTATTCTTGCCCAAGTC,0,4672978
ybeDp,0.16666666666666666,5,5,GAAGGCAGGTTCGGAACAGT,0,4623501
ybeDp,0.16666666666666666,5,5,GAAGGATGGGTTCGCCGTGG,0,4656376
ybeDp,0.16666666666666666,5,5,GAAGCTTAGTGGAGGCATTT,0,4656483
ybeDp,0.16666666666666666,5,5,GAAGCGTTTATTTACTCCGT,0,4630212
ybeDp,0.16666666666666666,5,5,GAAGCGTGAATAGCAGTTCT,0,4626610
ybeDp,0.16666666666666666,5,5,GAAGCCCATTCGATGAAATT,0,4664357
ybeDp,0.16666666666666666,5,5,GAACTTGCGGTCCTGCAAAA,0,4676378
ybeDp,0.16666666666666666,5,5,GAACGTGAGGAGATGATCCT,0,4685699
ybeDp,0.16666666666666666,5,5,GAACGCTGATCACTTCTCCG,0,4667729
ybeDp,0.16666666666666666,5,5,GAACCAGTATATAAAGGCTT,0,4666023
ybeDp,0.16666666666666666,5,5,GAACCAATGATCCACATGTG,0,4616384
ybeDp,0.16666666666666666,5,5,GAACAGTTCGCCACGGCGGT,0,4627418
ybeDp,0.16666666666666666,5,5,GAACAAGTGGGAATATTCTT,0,4678740
ybeDp,0.16666666666666666,5,5,GAAATTGCGTAGCCACCCCA,0,4603122
ybeDp,0.16666666666666666,5,5,GAAATGCATTTGATCAATCA,0,4670161
ybeDp,0.16666666666666666,5,5,GAAATAAGCGTAACAGCCAA,0,4620879
ybeDp,0.16666666666666666,5,5,GAAAGTGCAACTTCGTTATG,0,4676612
ybeDp,0.16666666666666666,5,5,GAAAGCGTGGTTTACGAGTG,0,4641145
ybeDp,0.16666666666666666,5,5,GAAACACTTGTGGACTAGAT,0,4679958
ybeDp,0.16666666666666666,5,5,CTTTTAACGACTATGAGTTA,0,4614222
ybeDp,0.16666666666666666,5,5,CTTTGATTTCCGTCATACAG,0,4621876
ybeDp,0.16666666666666666,5,5,CTTTCGGTGTAGCAATTCTC,0,4639384
ybeDp,0.16666666666666666,5,5,CTTTAGTCTACATTGGGTCC,0,4640751
ybeDp,0.16666666666666666,5,5,CTTTACGAACACTACTCGCA,0,4650562
ybeDp,0.16666666666666666,5,5,CTTGGGGCAGTTTGGCACAA,0,4636670
ybeDp,0.16666666666666666,5,5,CTTGCTTTGAGAAACATTGT,0,4641298
ybeDp,0.16666666666666666,5,5,CTTGCCTCCTGTCCCGATAA,0,4685136
ybeDp,0.16666666666666666,5,5,CTTGACGACTGGTTCTCTAA,0,4602132
ybeDp,0.16666666666666666,5,5,CTTCGAAGCGAATGATCCTC,0,4680976
ybeDp,0.16666666666666666,5,5,CTTCCCGCTATAACTACGGA,0,4631870
ybeDp,0.16666666666666666,5,5,CTTATATAAGGGGGTTGGTA,0,4651612
ybeDp,0.16666666666666666,5,5,CTTAGCGTGTGAACTTTAAA,0,4662972
ybeDp,0.16666666666666666,5,5,CTTACTTGCGTTCACATTAG,0,4668421
ybeDp,0.16666666666666666,5,5,CTTAATCGCCCACGGACCGT,0,4678148
ybeDp,0.16666666666666666,5,5,CTTAAGCGCGTCACTATGTA,0,4638979
ybeDp,0.16666666666666666,5,5,CTTAACAGGGCTTTAGCGGG,0,4646831
ybeDp,0.16666666666666666,5,5,CTGTTTTCGCGGATAAGTAA,0,4656990
ybeDp,0.16666666666666666,5,5,CTGTTCAAGGCTAGTTGGTC,0,4641703
ybeDp,0.16666666666666666,5,5,CTGTGTTCGTCTAGTGGGCT,0,4641428
ybeDp,0.16666666666666666,5,5,CTGTGCCCATAAAACATGGT,0,4661388
ybeDp,0.16666666666666666,5,5,CTGTGAGTCCCGTACAGTAT,0,4610936
ybeDp,0.16666666666666666,5,5,CTGTGAACAGCATCCCGTCG,0,4636513
ybeDp,0.16666666666666666,5,5,CTGTCTGTTTCGAGTATAGT,0,4663265
ybeDp,0.16666666666666666,5,5,CTGTATCGTACAGTTTAAGT,0,4652740
ybeDp,0.16666666666666666,5,5,CTGGTTCCCTAATTAGCGGG,0,4669780
ybeDp,0.16666666666666666,5,5,CTGGTAACAAGCAAATGTTA,0,4603586
ybeDp,0.16666666666666666,5,5,CTGGGAGCCACCTATCGTCT,0,4647058
ybeDp,0.16666666666666666,5,5,CTGGCGGTCCGATCGACAAC,0,4651030
ybeDp,0.16666666666666666,5,5,CTGGATTTACAATAGTGGCC,0,4646896
ybeDp,0.16666666666666666,5,5,CTGGACAGATGTGCTGATGC,0,4635373
ybeDp,0.16666666666666666,5,5,CTGCGTTAGACCAACTTTTA,0,4628600
ybeDp,0.16666666666666666,5,5,CTGCCTATTTACCTTTATAT,0,4612022
ybeDp,0.16666666666666666,5,5,CTGCAATCGATCATCGGTCG,0,4665861
ybeDp,0.16666666666666666,5,5,CTGATTGTGTTTCAGTAAAG,0,4618311
ybeDp,0.16666666666666666,5,5,CTGATGTTTAGATAAACCGA,0,4643106
ybeDp,0.16666666666666666,5,5,CTGATGCGTTTGTGCCCGGA,0,4660313
ybeDp,0.16666666666666666,5,5,CTGATAGCTGGGAAACCGAT,0,4661974
ybeDp,0.16666666666666666,5,5,CTGAGTGCGATCCGGTCTTG,0,4637564
ybeDp,0.16666666666666666,5,5,CTGAGGCCCCGTATGGCACA,0,4617832
ybeDp,0.16666666666666666,5,5,CTGAGCTCGGCGTGTGTCTT,0,4654468
ybeDp,0.16666666666666666,5,5,CTGAGCGATTTTTCCCGTAA,0,4685137
ybeDp,0.16666666666666666,5,5,CTGACAGGTAGGCTGTTGGA,0,4653586
ybeDp,0.16666666666666666,5,5,CTGAATTCCTGCAATAACAA,0,4653994
ybeDp,0.16666666666666666,5,5,CTGAACTTTCTCCTAGCCCT,0,4660031
ybeDp,0.16666666666666666,5,5,CTGAACTACAAACCTAAAGG,0,4676815
ybeDp,0.16666666666666666,5,5,CTGAAACATTAACGTGACAT,0,4613110
ybeDp,0.16666666666666666,5,5,CTCTTAGGACTGGTTATTTG,0,4678040
ybeDp,0.16666666666666666,5,5,CTCTGGAAATTTGAGAACTC,0,4657399
ybeDp,0.16666666666666666,5,5,CTCTGAATGCGACTGGGCCA,0,4635756
ybeDp,0.16666666666666666,5,5,CTCGTTCACAAGTCTGTCCA,0,4643013
ybeDp,0.16666666666666666,5,5,CTCGTGGGCTTAGTCACTTA,0,4628047
ybeDp,0.16666666666666666,5,5,CTCGTCTGATAGTACAGGAT,0,4611754
ybeDp,0.16666666666666666,5,5,CTCGGGTCCGTGGGGACCTT,0,4669426
ybeDp,0.16666666666666666,5,5,CTCGCCCCGCGTTAGCCTGG,0,4641835
ybeDp,0.16666666666666666,5,5,CTCGACCCCCAGTTGTTTGG,0,4656463
ybeDp,0.16666666666666666,5,5,CTCGAATTGAGGTATCAGCC,0,4656905
ybeDp,0.16666666666666666,5,5,CTCCTTGAGAGTTTAGTTCA,0,4665273
ybeDp,0.16666666666666666,5,5,CTCCTGGTGGAGGGTAAGAC,0,4614781
ybeDp,0.16666666666666666,5,5,CTCCTGATGTGTCTGCCTGT,0,4676456
ybeDp,0.16666666666666666,5,5,CTCCCGTCGTACGTAGCATT,0,4609989
ybeDp,0.16666666666666666,5,5,CTCCCCCGACTGTCGCGGTT,0,4679844
ybeDp,0.16666666666666666,5,5,CTCACACCGAGTAGCTCAAC,0,4675706
ybeDp,0.16666666666666666,5,5,CTCAATAACCGCCGGAGACC,0,4635704
ybeDp,0.16666666666666666,5,5,CTATTGCGGGAAGCCACTCG,0,4670707
ybeDp,0.16666666666666666,5,5,CTATGAAACGGGGGAGAGTG,0,4651593
ybeDp,0.16666666666666666,5,5,CTAGGCTGGATTGCCCTCAA,0,4635001
ybeDp,0.16666666666666666,5,5,CTAGCGACGTTTTTTGGCGG,0,4621212
ybeDp,0.16666666666666666,5,5,CTACTTTGAGTACTTGCCGG,0,4683687
ybeDp,0.16666666666666666,5,5,CTACCTTGATTCGGGCTACA,0,4637479
ybeDp,0.16666666666666666,5,5,CTACCCTTGCCTGGCTATAT,0,4608618
ybeDp,0.16666666666666666,5,5,CTACCATGGTAATCCGTCCC,0,4635788
ybeDp,0.16666666666666666,5,5,CTACATGTGGCTCCGGAGGC,0,4614993
ybeDp,0.16666666666666666,5,5,CTAACAATGTCTAGGATGAT,0,4624319
ybeDp,0.16666666666666666,5,5,CGTTGCACGACACGCCGGGC,0,4668763
ybeDp,0.16666666666666666,5,5,CGTTGAATTGTCACGGTGGG,0,4670383
ybeDp,0.16666666666666666,5,5,CGTTCGTGGCAACAATACGT,0,4666076
ybeDp,0.16666666666666666,5,5,CGTTCGGATCCCACTGACTG,0,4677573
ybeDp,0.16666666666666666,5,5,CGTTCGAAAGGCGGCCGAAC,0,4646816
ybeDp,0.16666666666666666,5,5,CGTTCCCTTGTGGAAGGGCA,0,4663187
ybeDp,0.16666666666666666,5,5,CGTTACGGTGAGGAGAATGG,0,4678091
ybeDp,0.16666666666666666,5,5,CGTGTGGAGTTGTTTTCTTA,0,4602427
ybeDp,0.16666666666666666,5,5,CGTGGTCTCTCCCATATGCG,0,4678526
ybeDp,0.16666666666666666,5,5,CGTGGACGTTGGTCATTGCC,0,4614097
ybeDp,0.16666666666666666,5,5,CGTGCTAGGGGACTGATTGG,0,4675502
ybeDp,0.16666666666666666,5,5,CGTGCCAGCAACATGGAGTT,0,4648275
ybeDp,0.16666666666666666,5,5,CGTGCACATGATCGAATGCG,0,4674510
ybeDp,0.16666666666666666,5,5,CGTGACGTAGTATGTTAATC,0,4646605
ybeDp,0.16666666666666666,5,5,CGTCTTGGCCAAGCATCACG,0,4629998
ybeDp,0.16666666666666666,5,5,CGTCTTCACAAGCGAATTCC,0,4687378
ybeDp,0.16666666666666666,5,5,CGTCCTTTTCCGCAGTATGG,0,4603398
ybeDp,0.16666666666666666,5,5,CGTCATGGCATGTTGGACAG,0,4670880
ybeDp,0.16666666666666666,5,5,CGTCATGCGGACGCCGACGA,0,4656260
ybeDp,0.16666666666666666,5,5,CGTATTGTAGGTTCCCACTT,0,4671615
ybeDp,0.16666666666666666,5,5,CGTATGGCTCCTTTTACGCT,0,4676944
ybeDp,0.16666666666666666,5,5,CGTATGGAGACAAAGGGTAA,0,4642760
ybeDp,0.16666666666666666,5,5,CGTAAATAGGTCTACTCCGC,0,4642852
ybeDp,0.16666666666666666,5,5,CGGTGTGGCCAATTAACAAA,0,4659961
ybeDp,0.16666666666666666,5,5,CGGTGCGCGCGGAGGAGACC,0,4609549
ybeDp,0.16666666666666666,5,5,CGGTCTTCGGTGCTTAATCG,0,4628172
ybeDp,0.16666666666666666,5,5,CGGTCTGCCGATTCGAGTGC,0,4666896
ybeDp,0.16666666666666666,5,5,CGGTCAACTCGCTCCGTCAT,0,4669993
ybeDp,0.16666666666666666,5,5,CGGTAATCCAGCGGATACTG,0,4644832
ybeDp,0.16666666666666666,5,5,CGGGTGTCTGAGGTAGGATT,0,4623440
ybeDp,0.16666666666666666,5,5,CGGGGGCTGCCAACGATGTA,0,4653546
ybeDp,0.16666666666666666,5,5,CGGGCGGTGCTGTGAAACAT,0,4680810
ybeDp,0.16666666666666666,5,5,CGGGATGCGTATGGCGCATT,0,4651121
ybeDp,0.16666666666666666,5,5,CGGCTCGATCACGCATGCGT,0,4607734
ybeDp,0.16666666666666666,5,5,CGGCGGGTCAATTGGGCGCA,0,4635154
ybeDp,0.16666666666666666,5,5,CGGCCAGAAAATAAGCTCGA,0,4650494
ybeDp,0.16666666666666666,5,5,CGGCAGGGAAACTTCAGAAC,0,4667469
ybeDp,0.16666666666666666,5,5,CGGCAGGAGTCATGGTTCCT,0,4634131
ybeDp,0.16666666666666666,5,5,CGGCAAAACACCGGCCGAAC,0,4681580
ybeDp,0.16666666666666666,5,5,CGGATGCGTAATGTCATCTC,0,4672423
ybeDp,0.16666666666666666,5,5,CGGATCGATGGTACCGATCT,0,4651159
ybeDp,0.16666666666666666,5,5,CGGATACGGAAAATCGAAAA,0,4644789
ybeDp,0.16666666666666666,5,5,CGGATAAGACTAACTGCGAG,0,4679181
ybeDp,0.16666666666666666,5,5,CGGAGTGGACAGGACGACTG,0,4631942
ybeDp,0.16666666666666666,5,5,CGGAGAAACGGGTTAACTAG,0,4636955
ybeDp,0.16666666666666666,5,5,CGGAAGTCAAACGACAGCAG,0,4632840
ybeDp,0.16666666666666666,5,5,CGCGTGCCTATCTTGTTTAT,0,4641378
ybeDp,0.16666666666666666,5,5,CGCGGTAAGCACGTACGCGT,0,4665760
ybeDp,0.16666666666666666,5,5,CGCGGGTTATTCGATCCGGA,0,4644940
ybeDp,0.16666666666666666,5,5,CGCGCTCAAGTTCATGCTTG,0,4680266
ybeDp,0.16666666666666666,5,5,CGCGAGGGACTCAGGCATTG,0,4614600
ybeDp,0.16666666666666666,5,5,CGCGAATGTCTCTGCACCGG,0,4669951
ybeDp,0.16666666666666666,5,5,CGCCGTGATACTTGCCACTA,0,4657279
ybeDp,0.16666666666666666,5,5,CGCCCCGTGATTACATTGAG,0,4649040
ybeDp,0.16666666666666666,5,5,CGCCATTACAGTGAGGTGTT,0,4643202
ybeDp,0.16666666666666666,5,5,CGCCAGAAAAGTGAACTTGG,0,4682080
ybeDp,0.16666666666666666,5,5,CGCCACGCCTTCGTTTCCTC,0,4643706
ybeDp,0.16666666666666666,5,5,CGCATGCGCACATAGAGGAC,0,4686885
ybeDp,0.16666666666666666,5,5,CGCACAGGGACGCCCTCGAC,0,4654916
ybeDp,0.16666666666666666,5,5,CGATGTTCCGCTACCATACT,0,4674675
ybeDp,0.16666666666666666,5,5,CGATGAGAAGGCCCTTAAAG,0,4604332
ybeDp,0.16666666666666666,5,5,CGATAGCAATTGAGCGTCAA,0,4616643
ybeDp,0.16666666666666666,5,5,CGATACGCTCCGGCTCGCCG,0,4675509
ybeDp,0.16666666666666666,5,5,CGAGTTTATGAGCAGCCAGA,0,4668387
ybeDp,0.16666666666666666,5,5,CGAGCGATTGCTCATCCATA,0,4657492
ybeDp,0.16666666666666666,5,5,CGACTTGCTCATCATTTGTG,0,4646421
ybeDp,0.16666666666666666,5,5,CGACTGCTGGTCACGGGTCT,0,4679576
ybeDp,0.16666666666666666,5,5,CGACTCACCTAGCCACACAC,0,4667052
ybeDp,0.16666666666666666,5,5,CGACTAGGAGTTAGTCTACC,0,4676229
ybeDp,0.16666666666666666,5,5,CGACGAAGACACCCAAAAGA,0,4681903
ybeDp,0.16666666666666666,5,5,CGACCCGTAGCGCTGAGTTA,0,4683086
ybeDp,0.16666666666666666,5,5,CGACACTACCAAACTCAACG,0,4643712
ybeDp,0.16666666666666666,5,5,CGAACCACCAATCCTCTTCG,0,4676859
ybeDp,0.16666666666666666,5,5,CGAAATGTTCGCCGTTGAGT,0,4618708
ybeDp,0.16666666666666666,5,5,CGAAATAAGTTGGGCACTAT,0,4631022
ybeDp,0.16666666666666666,5,5,CCTTTCGCTCGCCTGTGGAC,0,4608592
ybeDp,0.16666666666666666,5,5,CCTTTACTTCGTGGGGGAAA,0,4637960
ybeDp,0.16666666666666666,5,5,CCTTGTCTCCGCGGCTAGCC,0,4630385
ybeDp,0.16666666666666666,5,5,CCTTGATAGAGCAGCTTATT,0,4617825
ybeDp,0.16666666666666666,5,5,CCTTCGTCGCTTTTAACTTT,0,4658672
ybeDp,0.16666666666666666,5,5,CCTTACCGCCCCAAGAGCGG,0,4656010
ybeDp,0.16666666666666666,5,5,CCTGGAGAAGAGACGAGGGA,0,4674006
ybeDp,0.16666666666666666,5,5,CCTGATGAGTCGCACGACTG,0,4603789
ybeDp,0.16666666666666666,5,5,CCTCGTTACCCTGTTGCGAA,0,4605820
ybeDp,0.16666666666666666,5,5,CCTCGCAGGAGGGTGTAATG,0,4634165
ybeDp,0.16666666666666666,5,5,CCTCCCTTTGAACTGCTACA,0,4621405
ybeDp,0.16666666666666666,5,5,CCTATCTCTCCCTTCAACCC,0,4617063
ybeDp,0.16666666666666666,5,5,CCTATCAAGAATACACGAGA,0,4640961
ybeDp,0.16666666666666666,5,5,CCTAACGCCCGGGAATAAGC,0,4603417
ybeDp,0.16666666666666666,5,5,CCGTCGCAACCCCTTATCTC,0,4627925
ybeDp,0.16666666666666666,5,5,CCGGTGATGATATCGGGCCG,0,4658526
ybeDp,0.16666666666666666,5,5,CCGGTCAGAAAGAGTCAGGT,0,4605596
ybeDp,0.16666666666666666,5,5,CCGGTCACCTACATTACCCT,0,4682603
ybeDp,0.16666666666666666,5,5,CCGGAGTTAGGGATTCATTT,0,4638398
ybeDp,0.16666666666666666,5,5,CCGGAAAGGTACGGACACAT,0,4652915
ybeDp,0.16666666666666666,5,5,CCGCGGTAACCTGAAGTCTG,0,4681183
ybeDp,0.16666666666666666,5,5,CCGATGCACGTCGATCCTCC,0,4601328
ybeDp,0.16666666666666666,5,5,CCGAGATAGGGCGTAAGGTT,0,4687945
ybeDp,0.16666666666666666,5,5,CCGACTTGTGCTGACAATAA,0,4623185
ybeDp,0.16666666666666666,5,5,CCGACGGCGACTTGGGCGGT,0,4667620
ybeDp,0.16666666666666666,5,5,CCGAAGGACCGCAGCAAATG,0,4605148
ybeDp,0.16666666666666666,5,5,CCGAAGCCAGACTGTGGGAG,0,4636658
ybeDp,0.16666666666666666,5,5,CCGAAACGCGCCTTCCTATC,0,4643868
ybeDp,0.16666666666666666,5,5,CCCTTGTGAATCTCAACGCA,0,4655996
ybeDp,0.16666666666666666,5,5,CCCTTGTCAAGTTTAAGCTC,0,4651921
ybeDp,0.16666666666666666,5,5,CCCTCTTCTGAATATGTTTA,0,4646132
ybeDp,0.16666666666666666,5,5,CCCGCCTTTATTCGGGTCCC,0,4629488
ybeDp,0.16666666666666666,5,5,CCCGAGATGACTCCTATATA,0,4643456
ybeDp,0.16666666666666666,5,5,CCCGAACTGAAATATTCTTT,0,4669516
ybeDp,0.16666666666666666,5,5,CCCCGTAACATGGCAATCGT,0,4614173
ybeDp,0.16666666666666666,5,5,CCCCGGGTTTGACGACCTCG,0,4663270
ybeDp,0.16666666666666666,5,5,CCCCCCCCTGTACGCTAACA,0,4640387
ybeDp,0.16666666666666666,5,5,CCCCACGGTTCCTTACTTAA,0,4630927
ybeDp,0.16666666666666666,5,5,CCCATGGAATTTTCAGTTCA,0,4629786
ybeDp,0.16666666666666666,5,5,CCCAGGTGCGCACAACGCCC,0,4687919
ybeDp,0.16666666666666666,5,5,CCCAGGGACATCCTCGCGGT,0,4683726
ybeDp,0.16666666666666666,5,5,CCCACCTCGGGAACGAATAA,0,4665901
ybeDp,0.16666666666666666,5,5,CCCACAAAGGTAGTGCAGTT,0,4618629
ybeDp,0.16666666666666666,5,5,CCCAACCAGAACCACCAATG,0,4632547
ybeDp,0.16666666666666666,5,5,CCATGCTTGTATGTCGCAGT,0,4640158
ybeDp,0.16666666666666666,5,5,CCATCGGATATTTGGGAAGT,0,4672107
ybeDp,0.16666666666666666,5,5,CCATACCACGCTGACGGACG,0,4621357
ybeDp,0.16666666666666666,5,5,CCAGTTACATAAAGTGCAGT,0,4613402
ybeDp,0.16666666666666666,5,5,CCAGTCTAAAACCATCTAGC,0,4650236
ybeDp,0.16666666666666666,5,5,CCAGTCCAGGATAGAGTAGT,0,4647247
ybeDp,0.16666666666666666,5,5,CCAGGGGGAGGGTACTACCT,0,4678831
ybeDp,0.16666666666666666,5,5,CCAGACCCGGAAAGCAGTAG,0,4664049
ybeDp,0.16666666666666666,5,5,CCACGGCTCATTTGTGGATC,0,4626510
ybeDp,0.16666666666666666,5,5,CCACGGCCCTGTACAGTACC,0,4688076
ybeDp,0.16666666666666666,5,5,CCACCTGTCTTATGCTTAAC,0,4610015
ybeDp,0.16666666666666666,5,5,CCACCTCGATATGAGAGTCT,0,4669420
ybeDp,0.16666666666666666,5,5,CCACCTATTGAGTGCTAGGG,0,4671323
ybeDp,0.16666666666666666,5,5,CCACCGCGTGCCCCTTTATT,0,4625799
ybeDp,0.16666666666666666,5,5,CCACATGCGTACGACCGTTA,0,4627269
ybeDp,0.16666666666666666,5,5,CCACAATAAACCATTACAGT,0,4609742
ybeDp,0.16666666666666666,5,5,CCAATGGCTGCTGGAACACT,0,4650812
ybeDp,0.16666666666666666,5,5,CCAATCAAACTGGTGAGCGA,0,4627414
ybeDp,0.16666666666666666,5,5,CCAAAGAACCACAACGTGGC,0,4676843
ybeDp,0.16666666666666666,5,5,CCAAACGACTTAATAAAAGT,0,4675505
ybeDp,0.16666666666666666,5,5,CCAAAAGCCGCGTATCACAA,0,4613472
ybeDp,0.16666666666666666,5,5,CATTGTCTTGAATCGCGCTG,0,4678245
ybeDp,0.16666666666666666,5,5,CATTCGGAGTCCCCAGTTTC,0,4666252
ybeDp,0.16666666666666666,5,5,CATTAATGTATAGCAGGGGT,0,4642143
ybeDp,0.16666666666666666,5,5,CATGTATCGGCGACGAACGA,0,4636408
ybeDp,0.16666666666666666,5,5,CATGCCAGCTACGTGCTTGA,0,4687729
ybeDp,0.16666666666666666,5,5,CATCTTTACAAACCATCGAA,0,4653162
ybeDp,0.16666666666666666,5,5,CATCTTAGGACCCGGTTTGT,0,4651931
ybeDp,0.16666666666666666,5,5,CATCGTTGGCCTTACGACTC,0,4608053
ybeDp,0.16666666666666666,5,5,CATCGTCGTCGCCCTGATTC,0,4641493
ybeDp,0.16666666666666666,5,5,CATCCTATCCGGGATAAGAG,0,4615585
ybeDp,0.16666666666666666,5,5,CATCCGCTAACCATGCTGGA,0,4670424
ybeDp,0.16666666666666666,5,5,CATCACGTTCCATAAACCGT,0,4680663
ybeDp,0.16666666666666666,5,5,CATAATGACAAAAGACGTCT,0,4662964
ybeDp,0.16666666666666666,5,5,CATAAAGAAATACTGTTCAC,0,4656371
ybeDp,0.16666666666666666,5,5,CAGTGTCCCATCGTTTTGGA,0,4642976
ybeDp,0.16666666666666666,5,5,CAGTGGAGGCTGCACCGCAA,0,4641005
ybeDp,0.16666666666666666,5,5,CAGGTTCGCCGAGGTTGCAA,0,4663513
ybeDp,0.16666666666666666,5,5,CAGGGGCAATATCCGACTTT,0,4636371
ybeDp,0.16666666666666666,5,5,CAGGGCGCGACCCCAGCTCT,0,4651720
ybeDp,0.16666666666666666,5,5,CAGGGATCGATCATCAGTAA,0,4656219
ybeDp,0.16666666666666666,5,5,CAGGCGGTCTAGGAAGAGCC,0,4632674
ybeDp,0.16666666666666666,5,5,CAGGATGTCTCCGCTTCATT,0,4627571
ybeDp,0.16666666666666666,5,5,CAGGAGGGAAGTCTCTAATG,0,4666554
ybeDp,0.16666666666666666,5,5,CAGGAAATTAAAGAAATCGG,0,4656934
ybeDp,0.16666666666666666,5,5,CAGCTCCAAGCATTTCACAT,0,4657806
ybeDp,0.16666666666666666,5,5,CAGCTATGCAAGGGTCATTA,0,4631110
ybeDp,0.16666666666666666,5,5,CAGCGGTCCCATGTATAGCA,0,4629975
ybeDp,0.16666666666666666,5,5,CAGCCGTTGCTTCCATGGCC,0,4665063
ybeDp,0.16666666666666666,5,5,CAGCAGACAACTAATTATTA,0,4601312
ybeDp,0.16666666666666666,5,5,CAGATTACTCGAGCGCTAGG,0,4640321
ybeDp,0.16666666666666666,5,5,CAGATATGACCCTAAGTCCT,0,4630297
ybeDp,0.16666666666666666,5,5,CAGATAAGGACGGAAGAGAT,0,4655105
ybeDp,0.16666666666666666,5,5,CAGAGTTCCCTCAGTTCATG,0,4678392
ybeDp,0.16666666666666666,5,5,CAGAGGCTGAATACCCGCGG,0,4626423
ybeDp,0.16666666666666666,5,5,CAGAGGACAACTACATGTGG,0,4644167
ybeDp,0.16666666666666666,5,5,CAGAAGCGTGACTGGCCTTG,0,4686346
ybeDp,0.16666666666666666,5,5,CACTTGCCTGCTGACTTTTA,0,4629354
ybeDp,0.16666666666666666,5,5,CACTGGGCAACGAATATGTT,0,4654768
ybeDp,0.16666666666666666,5,5,CACGGTTGCTGATTCGCTAC,0,4610008
ybeDp,0.16666666666666666,5,5,CACGCGGTCTATCAAAGCCA,0,4641744
ybeDp,0.16666666666666666,5,5,CACCCTCGGGCGGAGAGTTG,0,4609977
ybeDp,0.16666666666666666,5,5,CACCAGATCGGGCGCTCGCT,0,4666167
ybeDp,0.16666666666666666,5,5,CACAGTGGTCCGGACGCGCG,0,4646413
ybeDp,0.16666666666666666,5,5,CACAGGGGATCGGGTGCTAC,0,4643178
ybeDp,0.16666666666666666,5,5,CACAGCTAGAGCTCTAGTAA,0,4634906
ybeDp,0.16666666666666666,5,5,CACAGAGCCCTCGAAGGGAA,0,4658766
ybeDp,0.16666666666666666,5,5,CAATTGGCTGAAGGCTTTAT,0,4624929
ybeDp,0.16666666666666666,5,5,CAATAGATACGCCACACCTT,0,4605758
ybeDp,0.16666666666666666,5,5,CAATAACTCCGGAACGCTCT,0,4630805
ybeDp,0.16666666666666666,5,5,CAAGTCTTCGACTTGTCGTC,0,4680936
ybeDp,0.16666666666666666,5,5,CAAGTCCCACCATACCCCCA,0,4623409
ybeDp,0.16666666666666666,5,5,CAAGGGCTCTGGCGCGTCAA,0,4672486
ybeDp,0.16666666666666666,5,5,CAAGGCGTATCGGCCGGGTT,0,4642947
ybeDp,0.16666666666666666,5,5,CAAGCGTTACTTGCCGGGGG,0,4678841
ybeDp,0.16666666666666666,5,5,CAAGACTGCTAACATACAAG,0,4649548
ybeDp,0.16666666666666666,5,5,CAACTTAGGGTGTTTTATCA,0,4661533
ybeDp,0.16666666666666666,5,5,CAACTCTCAATCTATAGCGT,0,4635813
ybeDp,0.16666666666666666,5,5,CAACTCGTTATTTAAACCAT,0,4608502
ybeDp,0.16666666666666666,5,5,CAACGGGTTTCTCCTACAGT,0,4618664
ybeDp,0.16666666666666666,5,5,CAACCTGTTTGCGCCGCTAC,0,4643322
ybeDp,0.16666666666666666,5,5,CAAAGCTTACCCGCAGTATT,0,4649343
ybeDp,0.16666666666666666,5,5,ATTTGGGTGCTGACAGCCCT,0,4607664
ybeDp,0.16666666666666666,5,5,ATTTGGGGGCGATTAGCTCT,0,4609353
ybeDp,0.16666666666666666,5,5,ATTTCTCCAGTCCGCTTGGC,0,4671611
ybeDp,0.16666666666666666,5,5,ATTTCGGGCGCCCAGTAGCT,0,4667332
ybeDp,0.16666666666666666,5,5,ATTTCAAATGCCACAGATCT,0,4603437
ybeDp,0.16666666666666666,5,5,ATTTATTTGCGGGTGGTTAG,0,4617842
ybeDp,0.16666666666666666,5,5,ATTGTTTCACAGAATGATGG,0,4601610
ybeDp,0.16666666666666666,5,5,ATTGGTGTGATGCGGGCGGA,0,4664837
ybeDp,0.16666666666666666,5,5,ATTGGGCTGATATAGACCTG,0,4647731
ybeDp,0.16666666666666666,5,5,ATTCTTACAGGAGAATGAGT,0,4618171
ybeDp,0.16666666666666666,5,5,ATTCGTGTAGCATGCGTAGG,0,4622257
ybeDp,0.16666666666666666,5,5,ATTCGCTGTTCCGGTAGTCC,0,4647545
ybeDp,0.16666666666666666,5,5,ATTCCTGTAGTCTCCTCAGG,0,4605942
ybeDp,0.16666666666666666,5,5,ATTCAGTTACGATGTTTCGC,0,4627596
ybeDp,0.16666666666666666,5,5,ATTCACACTTGCACGCTGGC,0,4657563
ybeDp,0.16666666666666666,5,5,ATTAGTGTTCCATGGTGCTA,0,4603642
ybeDp,0.16666666666666666,5,5,ATTAGGCAACGGCGTCACTA,0,4669423
ybeDp,0.16666666666666666,5,5,ATTAGGATCCGACAGACGTG,0,4605046
ybeDp,0.16666666666666666,5,5,ATTAGAACGTCGGAATGAGC,0,4613523
ybeDp,0.16666666666666666,5,5,ATGTTATCTGTTACGCGAGA,0,4642071
ybeDp,0.16666666666666666,5,5,ATGTGTCAATATTTGGTGCA,0,4631361
ybeDp,0.16666666666666666,5,5,ATGTGGATCCTATCATGTAC,0,4668472
ybeDp,0.16666666666666666,5,5,ATGTCGGGAGATGCTGTCCC,0,4617364
ybeDp,0.16666666666666666,5,5,ATGTACTCGCTATGTCTCCG,0,4606075
ybeDp,0.16666666666666666,5,5,ATGTACGCACAAACGGTTCC,0,4671043
ybeDp,0.16666666666666666,5,5,ATGGTCTGACGCCTGGTGAC,0,4624944
ybeDp,0.16666666666666666,5,5,ATGGTCGGCACCCGTAGCGA,0,4680398
ybeDp,0.16666666666666666,5,5,ATGGGTTTGAGGCTGCTAAA,0,4613403
ybeDp,0.16666666666666666,5,5,ATGGGTGTCCCGCAAAGCCG,0,4645917
ybeDp,0.16666666666666666,5,5,ATGGGGTGAGAACCTAGCTA,0,4672192
ybeDp,0.16666666666666666,5,5,ATGGGGCCATGACTAAGGTA,0,4664620
ybeDp,0.16666666666666666,5,5,ATGGGATGAACCTTAGTGGA,0,4654410
ybeDp,0.16666666666666666,5,5,ATGGCTAGAAGAGTCTATCC,0,4662557
ybeDp,0.16666666666666666,5,5,ATGGCGAGCCGACAGCTTTG,0,4616584
ybeDp,0.16666666666666666,5,5,ATGGCCCCCAGCGATCGTCC,0,4661279
ybeDp,0.16666666666666666,5,5,ATGGCCATTAACTTAAATTG,0,4643300
ybeDp,0.16666666666666666,5,5,ATGGAGTCACCATTGCTAAT,0,4617826
ybeDp,0.16666666666666666,5,5,ATGCGATACCTAGCAGCTGA,0,4604082
ybeDp,0.16666666666666666,5,5,ATGCACCCTAAGCCAAGGAG,0,4619127
ybeDp,0.16666666666666666,5,5,ATGAGTTTTAAACAGTCTTC,0,4624440
ybeDp,0.16666666666666666,5,5,ATGAGGGGTTCGCACGTGCT,0,4633340
ybeDp,0.16666666666666666,5,5,ATGACTCGAACGACGTGGGT,0,4680646
ybeDp,0.16666666666666666,5,5,ATGACAACTGCTTACAAAAG,0,4634435
ybeDp,0.16666666666666666,5,5,ATGAACACTAAATTTCCAAC,0,4662374
ybeDp,0.16666666666666666,5,5,ATCTTTACGAGCGTTAGCCT,0,4677600
ybeDp,0.16666666666666666,5,5,ATCTTGTATCATTTTGGTAC,0,4674262
ybeDp,0.16666666666666666,5,5,ATCTTCTCGGCAGCCGCCAG,0,4656344
ybeDp,0.16666666666666666,5,5,ATCTGCCGAACTATTTCAGC,0,4634702
ybeDp,0.16666666666666666,5,5,ATCTCCCGTTAAACACCCTA,0,4662370
ybeDp,0.16666666666666666,5,5,ATCGTGTCTAGTCTTAGGTC,0,4604949
ybeDp,0.16666666666666666,5,5,ATCGGATTTGTGAACACTAG,0,4633451
ybeDp,0.16666666666666666,5,5,ATCGGATTTATGCGATACGT,0,4632551
ybeDp,0.16666666666666666,5,5,ATCGGAGGTCCAATTTGTTT,0,4622695
ybeDp,0.16666666666666666,5,5,ATCCTAAATTGTTTGTTGGG,0,4618906
ybeDp,0.16666666666666666,5,5,ATCCGTTCCATAGACAGAAT,0,4641987
ybeDp,0.16666666666666666,5,5,ATCCCTTTTATGCGCACAAC,0,4666634
ybeDp,0.16666666666666666,5,5,ATCCCACTCTGATGTTTGTC,0,4650157
ybeDp,0.16666666666666666,5,5,ATCCACGCATTCTCTGATGA,0,4601430
ybeDp,0.16666666666666666,5,5,ATATTCGCCCCTCCGGGTAT,0,4662198
ybeDp,0.16666666666666666,5,5,ATATGGTTTCTTCATCGTAT,0,4663504
ybeDp,0.16666666666666666,5,5,ATATGACGGTTCAGTTCCGG,0,4619260
ybeDp,0.16666666666666666,5,5,ATATCCACCTGGAGACCGCA,0,4632769
ybeDp,0.16666666666666666,5,5,ATATACAATAAGCTACAGTT,0,4639188
ybeDp,0.16666666666666666,5,5,ATAGTATAAGACACAGAACT,0,4687484
ybeDp,0.16666666666666666,5,5,ATAGGGCAATCATCCTCACG,0,4663636
ybeDp,0.16666666666666666,5,5,ATAGGATGTCACTGTTAGTA,0,4654914
ybeDp,0.16666666666666666,5,5,ATAGCTAAGATTATGTAGAG,0,4605021
ybeDp,0.16666666666666666,5,5,ATAGCCCAAAAGGTGATTAT,0,4679822
ybeDp,0.16666666666666666,5,5,ATAGCAGATTTTGCTCGGTC,0,4654913
ybeDp,0.16666666666666666,5,5,ATAGAAAGTGTGCCAATGCA,0,4671748
ybeDp,0.16666666666666666,5,5,ATAGAAAAGGGGGTTGCAAC,0,4659155
ybeDp,0.16666666666666666,5,5,ATACTGGCATCGACCCACCA,0,4681704
ybeDp,0.16666666666666666,5,5,ATACTCATCGCCGAATGCGT,0,4680365
ybeDp,0.16666666666666666,5,5,ATACCTTCACGGTATTCCCG,0,4656894
ybeDp,0.16666666666666666,5,5,ATACATAAATTTTGGGTCAC,0,4645914
ybeDp,0.16666666666666666,5,5,ATACACGTGTCTCCACAAGA,0,4652788
ybeDp,0.16666666666666666,5,5,ATAATGCGAGGGACATTTGA,0,4649752
ybeDp,0.16666666666666666,5,5,ATAAGAGGACTCAGAACCGG,0,4601951
ybeDp,0.16666666666666666,5,5,ATAACCGCTGTTAAACTCAC,0,4664799
ybeDp,0.16666666666666666,5,5,ATAAAGATCGCCTCGTGCCT,0,4601890
ybeDp,0.16666666666666666,5,5,ATAAACTCGGCCAGCGTGTG,0,4633410
ybeDp,0.16666666666666666,5,5,AGTTTGTCGGCTAGTCTCTG,0,4640513
ybeDp,0.16666666666666666,5,5,AGTTGTCCGGAAAGGTGTAC,0,4603848
ybeDp,0.16666666666666666,5,5,AGTTGCTGTAAGAAGTATTG,0,4627521
ybeDp,0.16666666666666666,5,5,AGTTATCTGCTTCTACCCAC,0,4654814
ybeDp,0.16666666666666666,5,5,AGTGTCAGGTCCAGGCGCGC,0,4666230
ybeDp,0.16666666666666666,5,5,AGTGGCTCTTTGCGCAAGCT,0,4682677
ybeDp,0.16666666666666666,5,5,AGTCGGGCGGATAACATAAA,0,4687810
ybeDp,0.16666666666666666,5,5,AGTCGGCGCGGGGCGGGTCA,0,4607507
ybeDp,0.16666666666666666,5,5,AGTCCATCGCTTAAGGCCCG,0,4640152
ybeDp,0.16666666666666666,5,5,AGTCATTCGGTGACTGTCGC,0,4605635
ybeDp,0.16666666666666666,5,5,AGTCACAGCATTAAACTTCA,0,4617629
ybeDp,0.16666666666666666,5,5,AGTATTCCGTTACGAGCGGA,0,4663831
ybeDp,0.16666666666666666,5,5,AGTAGCAATACCTAAGGACG,0,4618957
ybeDp,0.16666666666666666,5,5,AGTACTGATTGTGAACCCGT,0,4603317
ybeDp,0.16666666666666666,5,5,AGTAAGATCACTAAGGGGAA,0,4681584
ybeDp,0.16666666666666666,5,5,AGGTTCCTAGATTAGGTAGG,0,4678379
ybeDp,0.16666666666666666,5,5,AGGTGAAAAGAATTCGGTAG,0,4637202
ybeDp,0.16666666666666666,5,5,AGGTAGAAATACGATATGAC,0,4683082
ybeDp,0.16666666666666666,5,5,AGGTAACTCCGGGCTCGCGG,0,4674774
ybeDp,0.16666666666666666,5,5,AGGGGTTGCCTGCTCATGTT,0,4650597
ybeDp,0.16666666666666666,5,5,AGGGATGGTCTGGTCCGGAA,0,4676473
ybeDp,0.16666666666666666,5,5,AGGGAACTCCGCGGGCTTGC,0,4655349
ybeDp,0.16666666666666666,5,5,AGGCGGCTAGGCTCTCGGAC,0,4645288
ybeDp,0.16666666666666666,5,5,AGGCCTCTGTTAGGAGAACT,0,4667034
ybeDp,0.16666666666666666,5,5,AGGCATACGTATTGCAAGGA,0,4644467
ybeDp,0.16666666666666666,5,5,AGGCAGCATAAAGTACTTTT,0,4653177
ybeDp,0.16666666666666666,5,5,AGGATCCGGCTTCAGCAAGT,0,4684401
ybeDp,0.16666666666666666,5,5,AGGAGCACGCTCGCAGCGAA,0,4626186
ybeDp,0.16666666666666666,5,5,AGGACCTGTCTGAGCCTCGT,0,4628833
ybeDp,0.16666666666666666,5,5,AGGACATCATGAAAGGTGAA,0,4646786
ybeDp,0.16666666666666666,5,5,AGGAATTCACAATGAGTACT,0,4605336
ybeDp,0.16666666666666666,5,5,AGGAACGCTTTTCTACTTGC,0,4605855
ybeDp,0.16666666666666666,5,5,AGGAACGCATCGATCGACGA,0,4663400
ybeDp,0.16666666666666666,5,5,AGGAACATACATGAGCGGGG,0,4666934
ybeDp,0.16666666666666666,5,5,AGCTGGCCCCAGTGCAAGTT,0,4641898
ybeDp,0.16666666666666666,5,5,AGCTCGTCCGGATCCGAGGG,0,4680399
ybeDp,0.16666666666666666,5,5,AGCTCCCGGTCCACAACAGC,0,4641170
ybeDp,0.16666666666666666,5,5,AGCTCCCATTCGGAGGAATG,0,4641904
ybeDp,0.16666666666666666,5,5,AGCTAGCGCTACCTTTTGAG,0,4640934
ybeDp,0.16666666666666666,5,5,AGCGTTCCTTCCAACGTGCT,0,4627109
ybeDp,0.16666666666666666,5,5,AGCGTGCCTATTGCAGGACA,0,4619436
ybeDp,0.16666666666666666,5,5,AGCGCGCCGAGGATCGGCCT,0,4663095
ybeDp,0.16666666666666666,5,5,AGCAGTATGTATTTAACTCT,0,4625040
ybeDp,0.16666666666666666,5,5,AGCACCTATGCCTCGTTGCT,0,4642332
ybeDp,0.16666666666666666,5,5,AGCACCGACCTACTCCTCGA,0,4611861
ybeDp,0.16666666666666666,5,5,AGATGTTACTAGCATATGGC,0,4665859
ybeDp,0.16666666666666666,5,5,AGATCAGGGGAAACCCCACC,0,4674506
ybeDp,0.16666666666666666,5,5,AGATAAGGCCCGTCGAAAAA,0,4673020
ybeDp,0.16666666666666666,5,5,AGAGTGAGCTAGAGTCAGCC,0,4602681
ybeDp,0.16666666666666666,5,5,AGAGTCAGCGCCTATCTCGT,0,4651923
ybeDp,0.16666666666666666,5,5,AGAGGAGCCAGCACAGAAGA,0,4617644
ybeDp,0.16666666666666666,5,5,AGAGCGCTTCAATTTCATGT,0,4609300
ybeDp,0.16666666666666666,5,5,AGAGACCCACCGATCACGAA,0,4682222
ybeDp,0.16666666666666666,5,5,AGACTGGCGGTACCGTCCCT,0,4653849
ybeDp,0.16666666666666666,5,5,AGACTCGCAATGAGTACCGA,0,4645764
ybeDp,0.16666666666666666,5,5,AGACGGTAATCGCGAGTTAC,0,4621921
ybeDp,0.16666666666666666,5,5,AGACGGCCTAAGGTAAGCTT,0,4662705
ybeDp,0.16666666666666666,5,5,AGACGGCCCAGTATAACTCT,0,4627091
ybeDp,0.16666666666666666,5,5,AGACATAGTTCGGAGGCTCA,0,4659860
ybeDp,0.16666666666666666,5,5,AGAATAAGACACCTACACCC,0,4661936
ybeDp,0.16666666666666666,5,5,AGAAGGGGTAGCCCAGCGGT,0,4623527
ybeDp,0.16666666666666666,5,5,AGAACTGCTTATCTATCGGG,0,4644649
ybeDp,0.16666666666666666,5,5,AGAAACCGCCTCTTCAAGTC,0,4609562
ybeDp,0.16666666666666666,5,5,AGAAACCACTTAAGTTATTT,0,4650639
ybeDp,0.16666666666666666,5,5,ACTTTGACACATCACGAGCC,0,4609310
ybeDp,0.16666666666666666,5,5,ACTTTATTGACTGTAGCGGG,0,4685417
ybeDp,0.16666666666666666,5,5,ACTTGGTACTACGAATTTGT,0,4640476
ybeDp,0.16666666666666666,5,5,ACTTCCCAACAACGTGATCC,0,4657729
ybeDp,0.16666666666666666,5,5,ACTTAATATTTCGGGTGAGT,0,4680283
ybeDp,0.16666666666666666,5,5,ACTGGTGCAAACGTTACCAC,0,4622249
ybeDp,0.16666666666666666,5,5,ACTGCGTGAACGAACCACGG,0,4645845
ybeDp,0.16666666666666666,5,5,ACTGCCTAACGCGTAACAGT,0,4683229
ybeDp,0.16666666666666666,5,5,ACTCTCTCAACCCTGCAGTG,0,4654405
ybeDp,0.16666666666666666,5,5,ACTATTCATACTACACAAGT,0,4684458
ybeDp,0.16666666666666666,5,5,ACTATTACTGACATGGTCCC,0,4642482
ybeDp,0.16666666666666666,5,5,ACTATCGGAGTGACCTACGG,0,4672743
ybeDp,0.16666666666666666,5,5,ACTACTAGATTCTTGGGATT,0,4669719
ybeDp,0.16666666666666666,5,5,ACTAATGCACATCCGTAATG,0,4636440
ybeDp,0.16666666666666666,5,5,ACTAACTGGGAAGCTTGAAG,0,4656490
ybeDp,0.16666666666666666,5,5,ACTAACGTGTTTCCCCATGT,0,4640941
ybeDp,0.16666666666666666,5,5,ACGTGTGGTCTGCATATTCT,0,4660951
ybeDp,0.16666666666666666,5,5,ACGTGCGCCGCCGGTTCATA,0,4610709
ybeDp,0.16666666666666666,5,5,ACGTCCTGCATGTGTTAGAG,0,4648235
ybeDp,0.16666666666666666,5,5,ACGGTTGTGGATGCATAGAT,0,4605672
ybeDp,0.16666666666666666,5,5,ACGGTCTTATATCTGCCTTG,0,4605556
ybeDp,0.16666666666666666,5,5,ACGGTCTGAGATCGGGGCTG,0,4629446
ybeDp,0.16666666666666666,5,5,ACGGTAATCTACCAGCAGTA,0,4663061
ybeDp,0.16666666666666666,5,5,ACGGGGGTTCACAGTAAGAC,0,4654105
ybeDp,0.16666666666666666,5,5,ACGGGCCGAGTCGGGACCTG,0,4604103
ybeDp,0.16666666666666666,5,5,ACGGGACCATACGTCCCCAT,0,4619551
ybeDp,0.16666666666666666,5,5,ACGGAGCTCGGACAAACGTG,0,4656013
ybeDp,0.16666666666666666,5,5,ACGCTTCCATCTAAAACTCG,0,4643807
ybeDp,0.16666666666666666,5,5,ACGCGCGCTGATTCGTCAAA,0,4646761
ybeDp,0.16666666666666666,5,5,ACGCCGGCCGCGGTGTTGAA,0,4663632
ybeDp,0.16666666666666666,5,5,ACGCATAGATCGACTTACAA,0,4617987
ybeDp,0.16666666666666666,5,5,ACCTTAGGGGAATACGTGGT,0,4611324
ybeDp,0.16666666666666666,5,5,ACCTGGGTTAGGGCTGAGAC,0,4616369
ybeDp,0.16666666666666666,5,5,ACCTCTACTGTCTGCGAAAT,0,4674408
ybeDp,0.16666666666666666,5,5,ACCGTCGGCCGTAGTTAGGC,0,4633068
ybeDp,0.16666666666666666,5,5,ACCGTATAGCTGGATTCAGG,0,4649454
ybeDp,0.16666666666666666,5,5,ACCGAGTCGGTCATTTGTTC,0,4635240
ybeDp,0.16666666666666666,5,5,ACCGAGCTCGTCAACCACTC,0,4675967
ybeDp,0.16666666666666666,5,5,ACCCTAGCATTCGTAGCGGC,0,4653833
ybeDp,0.16666666666666666,5,5,ACCCGGCACTTCCTGATTAC,0,4688087
ybeDp,0.16666666666666666,5,5,ACCCGGATTTTTGCCACTGC,0,4676159
ybeDp,0.16666666666666666,5,5,ACCCGAATCACGCCGAATTT,0,4601558
ybeDp,0.16666666666666666,5,5,ACCCCTGTCTATGGAAGTGG,0,4605918
ybeDp,0.16666666666666666,5,5,ACCCCAACAGTGGATCTAAA,0,4657261
ybeDp,0.16666666666666666,5,5,ACCATTGGCTAAATTTTTGC,0,4615262
ybeDp,0.16666666666666666,5,5,ACCATTGCTTATGGACCCTG,0,4643390
ybeDp,0.16666666666666666,5,5,ACCACCACAAGCTGGTTCGT,0,4664349
ybeDp,0.16666666666666666,5,5,ACCAAGTGCTCATATATGGG,0,4608280
ybeDp,0.16666666666666666,5,5,ACATTGTCTAGCCTCGTCAG,0,4659430
ybeDp,0.16666666666666666,5,5,ACATGTTCCGTCGGTTGCGA,0,4686668
ybeDp,0.16666666666666666,5,5,ACATGCGCGCGCCAGCTTTA,0,4625742
ybeDp,0.16666666666666666,5,5,ACATCAACCTTAGAGAGAAT,0,4625318
ybeDp,0.16666666666666666,5,5,ACAGTTGTTGAGCGAAGGAC,0,4601405
ybeDp,0.16666666666666666,5,5,ACAGTGTTAGAGATGCTGAG,0,4671503
ybeDp,0.16666666666666666,5,5,ACAGTGTCAGGATCATCTAT,0,4608209
ybeDp,0.16666666666666666,5,5,ACAGTATTCGCATGAGAGTT,0,4673952
ybeDp,0.16666666666666666,5,5,ACAGGCCACAGAATCTGCTA,0,4609827
ybeDp,0.16666666666666666,5,5,ACAGACTACATCATCAAATC,0,4665190
ybeDp,0.16666666666666666,5,5,ACACTGTAGTTCCTGGGAGA,0,4604019
ybeDp,0.16666666666666666,5,5,ACACGACGGAGCGGGTAGTT,0,4662504
ybeDp,0.16666666666666666,5,5,ACACACGGTAGGGTCTTGTC,0,4661356
ybeDp,0.16666666666666666,5,5,ACAATTTGAGCGGCAAGCTG,0,4617984
ybeDp,0.16666666666666666,5,5,ACAATTCGGGGCTATGGGTT,0,4667702
ybeDp,0.16666666666666666,5,5,ACAAGCGGAGGTCGCACTGA,0,4666101
ybeDp,0.16666666666666666,5,5,ACAACGGATCTCCCTGACCA,0,4675853
ybeDp,0.16666666666666666,5,5,ACAACCCCTTACTTCATTGA,0,4649742
ybeDp,0.16666666666666666,5,5,AATTTAACTATCGGGTCGGT,0,4672133
ybeDp,0.16666666666666666,5,5,AATTACCGGGACCTATTCGC,0,4647395
ybeDp,0.16666666666666666,5,5,AATGTGGGAGGTCGGTGAAC,0,4641516
ybeDp,0.16666666666666666,5,5,AATGTCGCCCCTCAGACGGG,0,4669157
ybeDp,0.16666666666666666,5,5,AATGGCGTCCTGCTTTTGCA,0,4621171
ybeDp,0.16666666666666666,5,5,AATGGCAATGCCTCACACCT,0,4638243
ybeDp,0.16666666666666666,5,5,AATGCTGCTGAAACCAGAGG,0,4654877
ybeDp,0.16666666666666666,5,5,AATGCCTGGTTTTCGGGGGG,0,4684022
ybeDp,0.16666666666666666,5,5,AATGCCTGCCTTACAGACGT,0,4674643
ybeDp,0.16666666666666666,5,5,AATCTCTGCTTAAGGCGGTA,0,4621955
ybeDp,0.16666666666666666,5,5,AATCTAAGGGGACAGCGTAG,0,4620206
ybeDp,0.16666666666666666,5,5,AATCGTTATAGTTACTACAG,0,4655641
ybeDp,0.16666666666666666,5,5,AATCCTAATTGTTCAAGTCG,0,4653134
ybeDp,0.16666666666666666,5,5,AATCCGTTCTTTTTAATAGG,0,4653427
ybeDp,0.16666666666666666,5,5,AATCATAGTCCGGCTGAATG,0,4624353
ybeDp,0.16666666666666666,5,5,AATATATATGAGACATTTTC,0,4670878
ybeDp,0.16666666666666666,5,5,AATAGGTCCGAGCGTCTTGT,0,4670231
ybeDp,0.16666666666666666,5,5,AATAGAACCAATCGTATTCG,0,4684544
ybeDp,0.16666666666666666,5,5,AATACAGTCAGGGTCTTGCC,0,4651342
ybeDp,0.16666666666666666,5,5,AAGTTCCTGGTGGTATGAGC,0,4677323
ybeDp,0.16666666666666666,5,5,AAGTTCCGATCGCGGACTTT,0,4614470
ybeDp,0.16666666666666666,5,5,AAGTGTATCCATAGGGGCGT,0,4651194
ybeDp,0.16666666666666666,5,5,AAGTGGCCAATACAGTGTCA,0,4630755
ybeDp,0.16666666666666666,5,5,AAGTGCCGGGAGAGGCCTTT,0,4646120
ybeDp,0.16666666666666666,5,5,AAGTGACCCGCCCACGATAT,0,4681469
ybeDp,0.16666666666666666,5,5,AAGTCTTGTGCGTTGGTCAG,0,4666198
ybeDp,0.16666666666666666,5,5,AAGTCAAGAGGAAATCATTC,0,4607522
ybeDp,0.16666666666666666,5,5,AAGTATACAACGGACCAAAT,0,4677019
ybeDp,0.16666666666666666,5,5,AAGTAGGTCTGATATCGGCA,0,4623986
ybeDp,0.16666666666666666,5,5,AAGGTTACTGCACCGACGCA,0,4636119
ybeDp,0.16666666666666666,5,5,AAGGTGGAATATCCGTTAAG,0,4626104
ybeDp,0.16666666666666666,5,5,AAGGTACGTTAGGTCAGACG,0,4657259
ybeDp,0.16666666666666666,5,5,AAGGGGTTTCGTGATTCGTA,0,4643028
ybeDp,0.16666666666666666,5,5,AAGGACTTGTGGCTTAGTGT,0,4627272
ybeDp,0.16666666666666666,5,5,AAGGACGTCACAACAGGCGT,0,4620119
ybeDp,0.16666666666666666,5,5,AAGCCTGACTCCGGGGCAGC,0,4621301
ybeDp,0.16666666666666666,5,5,AAGCCGTGCATATTTAGTGC,0,4641240
ybeDp,0.16666666666666666,5,5,AAGCCAAAGGGTGTCTTCAA,0,4614414
ybeDp,0.16666666666666666,5,5,AAGCATTCGTTGACGGGCGG,0,4680867
ybeDp,0.16666666666666666,5,5,AAGCATTCGGGGATAATGCA,0,4681457
ybeDp,0.16666666666666666,5,5,AAGATTCTCGTTACGTATCA,0,4639807
ybeDp,0.16666666666666666,5,5,AAGAGTAGGTTCTCGAATTA,0,4669497
ybeDp,0.16666666666666666,5,5,AAGAGTAATAGGTGAGGCCT,0,4667035
ybeDp,0.16666666666666666,5,5,AAGACGATGTCACTTCTCTT,0,4647930
ybeDp,0.16666666666666666,5,5,AAGACCATCATTATTCCCAA,0,4671211
ybeDp,0.16666666666666666,5,5,AAGAAGATCATCCCCCGTGA,0,4685515
ybeDp,0.16666666666666666,5,5,AACTTTGCCCCATGTTGACG,0,4644945
ybeDp,0.16666666666666666,5,5,AACTCTCACTGTTTTATCCA,0,4639905
ybeDp,0.16666666666666666,5,5,AACTCATGACCTAGATAAAT,0,4668187
ybeDp,0.16666666666666666,5,5,AACGTTGTTAGAGCTTTTTG,0,4648803
ybeDp,0.16666666666666666,5,5,AACGTTATTTCCCAAGTGTT,0,4614662
ybeDp,0.16666666666666666,5,5,AACGTGGGAACACGGACCAT,0,4624745
ybeDp,0.16666666666666666,5,5,AACGGGGTAATCCCTTGCCT,0,4631817
ybeDp,0.16666666666666666,5,5,AACGCAGCAGTAATTGCTCT,0,4625175
ybeDp,0.16666666666666666,5,5,AACGAGCTAGCCACAGCCTA,0,4628638
ybeDp,0.16666666666666666,5,5,AACCTATCCTCCGATACCAT,0,4605783
ybeDp,0.16666666666666666,5,5,AACCGGCGGAAGGGCGGGCT,0,4661965
ybeDp,0.16666666666666666,5,5,AACCCGGAAACTTGTGTGGG,0,4607014
ybeDp,0.16666666666666666,5,5,AACCCGCGCGCCAGCGGGCT,0,4659805
ybeDp,0.16666666666666666,5,5,AACCCAAGTTATATGAATGA,0,4627664
ybeDp,0.16666666666666666,5,5,AACATTATATCATACATAGG,0,4685099
ybeDp,0.16666666666666666,5,5,AACAGGACGGCAGCTGTTCG,0,4657001
ybeDp,0.16666666666666666,5,5,AACAGAACGGAGTAAAACCT,0,4658713
ybeDp,0.16666666666666666,5,5,AACAACTTAAAAACTTTTCC,0,4623738
ybeDp,0.16666666666666666,5,5,AAATTTGATTCTATTTTCTC,0,4601050
ybeDp,0.16666666666666666,5,5,AAATTGAGTTATGTGTTTTT,0,4658627
ybeDp,0.16666666666666666,5,5,AAATTCTGCCTTGATATCTC,0,4642833
ybeDp,0.16666666666666666,5,5,AAATGGAGGGTGGGGCACGC,0,4633555
ybeDp,0.16666666666666666,5,5,AAATGGAAGCAGCGTGTGGG,0,4646518
ybeDp,0.16666666666666666,5,5,AAATGCGGATGCTAGCGATG,0,4677749
ybeDp,0.16666666666666666,5,5,AAATCGTGTTGATTTTAGGA,0,4628202
ybeDp,0.16666666666666666,5,5,AAATACCGGGAACTCATATT,0,4645802
ybeDp,0.16666666666666666,5,5,AAAGGTATACATCGAAAGAC,0,4672949
ybeDp,0.16666666666666666,5,5,AAAGGATCGAATGAACTATC,0,4677078
ybeDp,0.16666666666666666,5,5,AAACTCCGCGAAGTGTGGAC,0,4621361
ybeDp,0.16666666666666666,5,5,AAACTACAATAATCCTGGCC,0,4657953
ybeDp,0.16666666666666666,5,5,AAACGGTTTCCTCCGTGTAT,0,4611969
ybeDp,0.16666666666666666,5,5,AAACGGTGGATCACTAGCTG,0,4657877
ybeDp,0.16666666666666666,5,5,AAACGGTGGACAAGGGTCTC,0,4637881
ybeDp,0.16666666666666666,5,5,AAACGGGTCGAAAACCTTCA,0,4633637
ybeDp,0.16666666666666666,5,5,AAACCGATTGCTTTCTTTTG,0,4618379
ybeDp,0.16666666666666666,5,5,AAACAGTTTGTAACACTGGA,0,4640404
ybeDp,0.16666666666666666,5,5,AAACAGACTGTGTGTGATCA,0,4665715
ybeDp,0.16666666666666666,5,5,AAAATCTAAGTTACCTCGGC,0,4619074
ybeDp,0.16666666666666666,5,5,AAAATAGCCTTACGGGTGGA,0,4686394
ybeDp,0.16666666666666666,5,5,AAAATACTCTTTGTGTCGGA,0,4636699
ybeDp,0.16666666666666666,5,5,AAAACCGGCTGACATGGTGT,0,4634411
ybeDp,0.16666666666666666,5,5,AAAACATCAGATTTGTGGGG,0,4662658
ybeDp,0.16666666666666666,5,5,AAAACACATGGATACATTAT,0,4630729
ybeDp,0.16666666666666666,5,5,AAAAAGGTGTGTTAAGAGTA,0,4687096
ybeDp,0.16666666666666666,5,5,AAAAAAGACTAATCGTAAAC,0,4622247
ybeDp,0.2,4,4,TTTTTCCTTAGTGCGTAGTG,0,4637941
ybeDp,0.2,4,4,TTTTGACCTACTTAAGACAT,0,4670723
ybeDp,0.2,4,4,TTTTCTTCCTGTATTCATCT,0,4683238
ybeDp,0.2,4,4,TTTTCTCAACGGTGCAACGT,0,4674442
ybeDp,0.2,4,4,TTTTCACGCAACCGGACTGG,0,4641719
ybeDp,0.2,4,4,TTTGTTCAGGGGGCATGTAT,0,4630559
ybeDp,0.2,4,4,TTTGGTCCCTTTGCCGGGTT,0,4612944
ybeDp,0.2,4,4,TTTGGCAACGTGGCACAGAG,0,4687000
ybeDp,0.2,4,4,TTTGCTTGGGTTTGAAGCAT,0,4662606
ybeDp,0.2,4,4,TTTGCACGTCTCAGGGGCTA,0,4643759
ybeDp,0.2,4,4,TTTGAATGCATGGGTAGTTG,0,4679911
ybeDp,0.2,4,4,TTTGAAATGGCATTTTAACG,0,4649692
ybeDp,0.2,4,4,TTTCTCGCCGCGGGCCTCCT,0,4681057
ybeDp,0.2,4,4,TTTCTACAGTTCAGGTACAA,0,4626655
ybeDp,0.2,4,4,TTTCTAAGGTGGCAAGCAGG,0,4614063
ybeDp,0.2,4,4,TTTCGAGATTTCCGCGAAAT,0,4634186
ybeDp,0.2,4,4,TTTCCTATCACAGACTGTCA,0,4628418
ybeDp,0.2,4,4,TTTCCGACATCCATCAGTTG,0,4601032
ybeDp,0.2,4,4,TTTATGCCTTCTCACAGCTT,0,4618980
ybeDp,0.2,4,4,TTTATACGAGGAAGTCCCTC,0,4644889
ybeDp,0.2,4,4,TTTAGGTCTTAAAGTGTCAA,0,4644251
ybeDp,0.2,4,4,TTTAGAGCGAATCGCGGCGT,0,4673185
ybeDp,0.2,4,4,TTTAGACAATGATCAGAATA,0,4618711
ybeDp,0.2,4,4,TTTACTTGTATTTAACGTCC,0,4625140
ybeDp,0.2,4,4,TTTAATGCCCGCATCAATAA,0,4644687
ybeDp,0.2,4,4,TTTAAAAAGGAGGGTAGATT,0,4651797
ybeDp,0.2,4,4,TTGTTTGAATGGCGTGGACG,0,4615207
ybeDp,0.2,4,4,TTGTTCAGTATGCCGAGCTT,0,4673074
ybeDp,0.2,4,4,TTGTTACTCTGAAGCGGTTC,0,4652260
ybeDp,0.2,4,4,TTGTGCTCCGTTTCGGTTTG,0,4675764
ybeDp,0.2,4,4,TTGTAACAGGTTATAATATA,0,4661719
ybeDp,0.2,4,4,TTGGTTTAGCGTCAGTTTGA,0,4680793
ybeDp,0.2,4,4,TTGGTGTCTAACTCTGGGTT,0,4679385
ybeDp,0.2,4,4,TTGGTCAGCCATAGGTGCTA,0,4664217
ybeDp,0.2,4,4,TTGGGACGACCACCGAGATT,0,4635239
ybeDp,0.2,4,4,TTGGCGTAGGGTTTCATAAA,0,4654451
ybeDp,0.2,4,4,TTGGCCTAGGTTTATGGGAC,0,4655804
ybeDp,0.2,4,4,TTGGCACTTGAATCCGCCTG,0,4654595
ybeDp,0.2,4,4,TTGGATCTCCAGTTGGTATG,0,4612563
ybeDp,0.2,4,4,TTGCTCGCTAAGGATACGCA,0,4623796
ybeDp,0.2,4,4,TTGCGTCCACTCGGATCACG,0,4621264
ybeDp,0.2,4,4,TTGCGGGTTACAAACCAGGA,0,4647399
ybeDp,0.2,4,4,TTGCAGGCAGCCAAATGTGG,0,4653447
ybeDp,0.2,4,4,TTGATTGCAAGAGCGGACAC,0,4647553
ybeDp,0.2,4,4,TTGATTGACGCCATATCCTT,0,4616134
ybeDp,0.2,4,4,TTGAGGATTAAGAGCCCAGT,0,4627422
ybeDp,0.2,4,4,TTGAGAGATGACTTCTAGGC,0,4625546
ybeDp,0.2,4,4,TTGAATTTCTCACCCGTGTA,0,4676865
ybeDp,0.2,4,4,TTGAACGCGCAGTACGTCGT,0,4665471
ybeDp,0.2,4,4,TTCTTCGCCCATGTTCCGAT,0,4649175
ybeDp,0.2,4,4,TTCTTCAGAAGGTTTGTTGC,0,4665118
ybeDp,0.2,4,4,TTCTGTTATCACCAGGTCTC,0,4646327
ybeDp,0.2,4,4,TTCTGTCGTATATTCGAACA,0,4620099
ybeDp,0.2,4,4,TTCTGCCTCTCTGGATCGTC,0,4677149
ybeDp,0.2,4,4,TTCTGCCTACCACAGCCTAA,0,4635627
ybeDp,0.2,4,4,TTCTCTTATCCAAGTCAATG,0,4681830
ybeDp,0.2,4,4,TTCTATCAGATTGGCAGAGA,0,4669648
ybeDp,0.2,4,4,TTCTAGTCTGCTCTATTGGT,0,4638430
ybeDp,0.2,4,4,TTCGGCGGAATGCGGTTATT,0,4669748
ybeDp,0.2,4,4,TTCGGAGTGTTACTTTTGGG,0,4647724
ybeDp,0.2,4,4,TTCGCTCTTTCCGGTGGTGG,0,4654360
ybeDp,0.2,4,4,TTCGCGCAACCCTCCGTTCG,0,4611205
ybeDp,0.2,4,4,TTCGATCCGATGAAACTCGA,0,4673206
ybeDp,0.2,4,4,TTCGAGTGCTTTACGGAACC,0,4603481
ybeDp,0.2,4,4,TTCGACACAAGATTTGATCG,0,4650077
ybeDp,0.2,4,4,TTCGAAGAATCTGGAAACTG,0,4610108
ybeDp,0.2,4,4,TTCCTGGCTACTCCGGTCGT,0,4661862
ybeDp,0.2,4,4,TTCCCGTCGCTTTAAGTAGT,0,4619937
ybeDp,0.2,4,4,TTCCCGGCCGAACCAATAAG,0,4611395
ybeDp,0.2,4,4,TTCCCGGCAGAGCGACCAGC,0,4615193
ybeDp,0.2,4,4,TTCATTGTATTGGCCCCATC,0,4636654
ybeDp,0.2,4,4,TTCAGTTTAAGGGGGCTAAG,0,4678929
ybeDp,0.2,4,4,TTCAGGTCCGGATACAGGAC,0,4644465
ybeDp,0.2,4,4,TTCAGACCACGACATCAACA,0,4672324
ybeDp,0.2,4,4,TTCAATTACTGGCTCGGGAC,0,4601406
ybeDp,0.2,4,4,TTCAATCATGAAAGTGAGTC,0,4608309
ybeDp,0.2,4,4,TTATGTTCACAGAGAGACGG,0,4603446
ybeDp,0.2,4,4,TTATGAGAGTTGGGGCATCT,0,4608189
ybeDp,0.2,4,4,TTATATTTTGTGGTCAGTTC,0,4682635
ybeDp,0.2,4,4,TTATAATACACTGTGCGATA,0,4619039
ybeDp,0.2,4,4,TTAGTTGGGGACTAAGCATC,0,4603013
ybeDp,0.2,4,4,TTAGTGTACCTACATATTGA,0,4613240
ybeDp,0.2,4,4,TTAGTGCTCTGCTGAATTAA,0,4659163
ybeDp,0.2,4,4,TTAGTCAGTGAGTTATGTCA,0,4658428
ybeDp,0.2,4,4,TTAGTAGACGAATACTTCGT,0,4610373
ybeDp,0.2,4,4,TTAGGCCTCGATGAGAACAT,0,4647359
ybeDp,0.2,4,4,TTAGGCCCCGCGGTCTCCCG,0,4645133
ybeDp,0.2,4,4,TTAGCGAGTTTGACGCTTCA,0,4685335
ybeDp,0.2,4,4,TTAGAGAGCTATTTGACTCT,0,4617662
ybeDp,0.2,4,4,TTACTCATCATTAGAAATTC,0,4627772
ybeDp,0.2,4,4,TTACGGCTAATCTGGTGGCC,0,4646477
ybeDp,0.2,4,4,TTACGAGTTTAAGCCTAAAA,0,4655254
ybeDp,0.2,4,4,TTACAGGACGCAACACGCGA,0,4666930
ybeDp,0.2,4,4,TTAAGGTGCAGAGTGTACAC,0,4602574
ybeDp,0.2,4,4,TTAACGAGCCATCCAACGTT,0,4614572
ybeDp,0.2,4,4,TTAACCTGGTATACTTCAAG,0,4615700
ybeDp,0.2,4,4,TTAAATTTTGAAGGAAAAGG,0,4666354
ybeDp,0.2,4,4,TGTTTTTGAGGTCGCAGAAT,0,4655213
ybeDp,0.2,4,4,TGTTTGTTAGGGTCCACCTG,0,4642430
ybeDp,0.2,4,4,TGTTTATGACCCGGGCATGT,0,4601391
ybeDp,0.2,4,4,TGTTGTGTGAACAGGGGATT,0,4663878
ybeDp,0.2,4,4,TGTTGTAGGCTTGGAACGAC,0,4661980
ybeDp,0.2,4,4,TGTTGTAATATTGATGAAAT,0,4681056
ybeDp,0.2,4,4,TGTTGGGAGTAAGGTTGCGA,0,4616544
ybeDp,0.2,4,4,TGTTGACTTCGCATGACCCA,0,4631385
ybeDp,0.2,4,4,TGTTCACGCGTCAGGATCAC,0,4623420
ybeDp,0.2,4,4,TGTGGATTAAATATGTCTTC,0,4626567
ybeDp,0.2,4,4,TGTGCTTCAGATGTCAAAAG,0,4667950
ybeDp,0.2,4,4,TGTGCCAGCCGAAGGCAGGT,0,4605102
ybeDp,0.2,4,4,TGTCTATGGCCGGGGTGGTA,0,4657556
ybeDp,0.2,4,4,TGTCGTCCTATCGAGTCATA,0,4663666
ybeDp,0.2,4,4,TGTCGTAAGGTCATACCCTA,0,4624075
ybeDp,0.2,4,4,TGTCCCATTCGTTACGCGGG,0,4631682
ybeDp,0.2,4,4,TGTATTTCAGCCATGCGATG,0,4629610
ybeDp,0.2,4,4,TGTACTAGGCAAAGCGGCTG,0,4606162
ybeDp,0.2,4,4,TGGTTGGGCTCCTGGCTAGT,0,4640458
ybeDp,0.2,4,4,TGGTGGTAACCAGCAAAAGC,0,4651744
ybeDp,0.2,4,4,TGGTGGCGGTGGAACCGATT,0,4665645
ybeDp,0.2,4,4,TGGTGCCTTATTGGACTCAT,0,4679392
ybeDp,0.2,4,4,TGGTCAACATTTCATAACAC,0,4681481
ybeDp,0.2,4,4,TGGTAGGGCTTTGCGACTCG,0,4645259
ybeDp,0.2,4,4,TGGGTGCGGTCCGGAGCCGA,0,4646874
ybeDp,0.2,4,4,TGGGTGCCTCGGTCCGATTA,0,4630787
ybeDp,0.2,4,4,TGGGTGCCAAACATGATACA,0,4652945
ybeDp,0.2,4,4,TGGGGTAAGAAGGAAGCGTG,0,4608535
ybeDp,0.2,4,4,TGGGCTCGTCTATTCCGCAA,0,4601818
ybeDp,0.2,4,4,TGGGCGGCTCCAATCCCGTC,0,4680073
ybeDp,0.2,4,4,TGGGCGCGTGAGGAGGCTTC,0,4648320
ybeDp,0.2,4,4,TGGCTGCTGCCCGTGAATAA,0,4679866
ybeDp,0.2,4,4,TGGCTCGTCTGTATCACTCT,0,4619036
ybeDp,0.2,4,4,TGGCTCGTCGGGCGTGATGG,0,4610241
ybeDp,0.2,4,4,TGGCGTAGTGCGCTCGCACC,0,4655725
ybeDp,0.2,4,4,TGGCCGGTTCCTAGAGGCCT,0,4662819
ybeDp,0.2,4,4,TGGCATCGCAGTCTGGAGTG,0,4620649
ybeDp,0.2,4,4,TGGCATCAAAGTATGGTTCA,0,4667688
ybeDp,0.2,4,4,TGGATTTCGGGTTGATTTCG,0,4656731
ybeDp,0.2,4,4,TGGAGGTTGGCTACCCACAC,0,4680299
ybeDp,0.2,4,4,TGGAGGAGCCCGAATCATTT,0,4605376
ybeDp,0.2,4,4,TGGAGCGCTTTTTGGCTCAC,0,4623060
ybeDp,0.2,4,4,TGGACTGTGCTAGTAGTAGG,0,4605121
ybeDp,0.2,4,4,TGGAAGGTAAAACCTTACAT,0,4637847
ybeDp,0.2,4,4,TGCTTTTGCACCGGCTCCCG,0,4653252
ybeDp,0.2,4,4,TGCTGGTCACGTTGAAGTAG,0,4638421
ybeDp,0.2,4,4,TGCTGGACCAAACATAGGAC,0,4614827
ybeDp,0.2,4,4,TGCTGAAACGTCCCTTTATG,0,4685090
ybeDp,0.2,4,4,TGCTCTAAGCCAGATAGCCC,0,4661435
ybeDp,0.2,4,4,TGCTCCCCTGAGTCGCGCAT,0,4671541
ybeDp,0.2,4,4,TGCTATCTCCGCGGGGCTAC,0,4661801
ybeDp,0.2,4,4,TGCGTATGATTCGTGGTCTG,0,4609443
ybeDp,0.2,4,4,TGCGGTGACGGGCCTGACTA,0,4628062
ybeDp,0.2,4,4,TGCGAAGGGAGAGAGATCAT,0,4652887
ybeDp,0.2,4,4,TGCGAAGAAATTCGCAAGAG,0,4686370
ybeDp,0.2,4,4,TGCCTCCGGCTTTGAACCCT,0,4660737
ybeDp,0.2,4,4,TGCCTCAAGAAGAGTCTTCA,0,4655866
ybeDp,0.2,4,4,TGCCGTCGTATGCCAGCAGA,0,4620021
ybeDp,0.2,4,4,TGCCGGTAGCACCTTGTGTT,0,4632169
ybeDp,0.2,4,4,TGCCCTGTACTTCTTCTGGT,0,4631218
ybeDp,0.2,4,4,TGCCAGCCAGAGGGGGGGAT,0,4682208
ybeDp,0.2,4,4,TGCATTTCCTCTACCGGTCG,0,4611962
ybeDp,0.2,4,4,TGCATCGGCTGCACACGTGG,0,4623021
ybeDp,0.2,4,4,TGCACGACTCGGTGGACGCT,0,4624820
ybeDp,0.2,4,4,TGCAAGGGTTAGAATACCTT,0,4630785
ybeDp,0.2,4,4,TGCAAGGACTCGCCTGGCCA,0,4614033
ybeDp,0.2,4,4,TGATTTGACTCTCAAACCTA,0,4643778
ybeDp,0.2,4,4,TGATTACTTTATAGGTGCCA,0,4686609
ybeDp,0.2,4,4,TGATGTGCTCGTGCTACCAG,0,4622515
ybeDp,0.2,4,4,TGATCGAGGGTTGTGCTAGA,0,4603252
ybeDp,0.2,4,4,TGAGTGGCGTTAAATTACCC,0,4679005
ybeDp,0.2,4,4,TGAGTCTTGCAGTAATTCAG,0,4653989
ybeDp,0.2,4,4,TGAGTATCCAGGGCGTAAAT,0,4643197
ybeDp,0.2,4,4,TGAGGATTCCGGGTAGTCAT,0,4652506
ybeDp,0.2,4,4,TGAGATAGGACCATAAGCCT,0,4627547
ybeDp,0.2,4,4,TGACCTTTTGTGCACAGATT,0,4635605
ybeDp,0.2,4,4,TGACAGCCCGGCGCCAGCCC,0,4634704
ybeDp,0.2,4,4,TGAATTAGTCGTGTCAATTA,0,4660829
ybeDp,0.2,4,4,TGAAGCGGCCCCCTTAGTAA,0,4612055
ybeDp,0.2,4,4,TGAACGTGATCAAAACGTCA,0,4606109
ybeDp,0.2,4,4,TGAACGCAGGCTGATTGTGC,0,4609998
ybeDp,0.2,4,4,TGAACCCCACTACCAATCTT,0,4610699
ybeDp,0.2,4,4,TCTTTGGTCCGTACCAGGAC,0,4649104
ybeDp,0.2,4,4,TCTTGGGAGCGGAATCTACA,0,4661450
ybeDp,0.2,4,4,TCTTCATTTTGTCATCTCCA,0,4613665
ybeDp,0.2,4,4,TCTGTGAACTCGTCAAGACG,0,4642495
ybeDp,0.2,4,4,TCTGGTCGGCTCGGTCTAGG,0,4651051
ybeDp,0.2,4,4,TCTGACTCTCGAGAGCACCG,0,4617732
ybeDp,0.2,4,4,TCTCTGCAGGCAGTGATATT,0,4603278
ybeDp,0.2,4,4,TCTCTCGTATCAGCTCTGGG,0,4634980
ybeDp,0.2,4,4,TCTCGCGCTGGCCAACACGA,0,4626267
ybeDp,0.2,4,4,TCTCCGGGGACTCCACTGAG,0,4608824
ybeDp,0.2,4,4,TCTATTCGTTTTCGGGCAAG,0,4604441
ybeDp,0.2,4,4,TCTAGACCATGGACAACGGG,0,4667762
ybeDp,0.2,4,4,TCTACGTGTTTAAGGCCGCA,0,4613438
ybeDp,0.2,4,4,TCTACAGTGGACGCAGAAGG,0,4607291
ybeDp,0.2,4,4,TCGTGGTCTAGCGTCGAAAT,0,4687950
ybeDp,0.2,4,4,TCGTCGCATTATAGCTGGGT,0,4627692
ybeDp,0.2,4,4,TCGTATTTGGGCTCTCCAGA,0,4610809
ybeDp,0.2,4,4,TCGGTGTCTCTGAAGTCTAG,0,4602597
ybeDp,0.2,4,4,TCGGTGATGTATTGAAAGGG,0,4607089
ybeDp,0.2,4,4,TCGGGTCGTAAGATTACCCA,0,4601981
ybeDp,0.2,4,4,TCGGGTCAGATGCAAACGTA,0,4630155
ybeDp,0.2,4,4,TCGGGATGCCCGTAAGCAAT,0,4642130
ybeDp,0.2,4,4,TCGGCCACTTGGATGTATGG,0,4631838
ybeDp,0.2,4,4,TCGGCAGCTTGACGGATTAT,0,4686134
ybeDp,0.2,4,4,TCGCTAGGGCGTTGTTGTCT,0,4625510
ybeDp,0.2,4,4,TCGCGTCCTTCCACTCTACA,0,4662708
ybeDp,0.2,4,4,TCGCGAGCCGTACAGGAGAA,0,4636477
ybeDp,0.2,4,4,TCGCCACTAATTTAGGCCTC,0,4623751
ybeDp,0.2,4,4,TCGCACTCCCCTATATGTTT,0,4651460
ybeDp,0.2,4,4,TCGAATGGGAGAGTCTAGGG,0,4656026
ybeDp,0.2,4,4,TCGAAATAAGCAGGCGGCTA,0,4633923
ybeDp,0.2,4,4,TCCTTGTCCGGAAGCTCGGT,0,4648865
ybeDp,0.2,4,4,TCCTATCCGACTGGAGAGAT,0,4653926
ybeDp,0.2,4,4,TCCGTTCGTATCTTGTAAAA,0,4656036
ybeDp,0.2,4,4,TCCGTTACCTGGCAGGACCA,0,4644621
ybeDp,0.2,4,4,TCCGTGAGCTACTACTCACT,0,4632993
ybeDp,0.2,4,4,TCCGCTGTGCAAGCGAAGAT,0,4671157
ybeDp,0.2,4,4,TCCGCGTAATAGGATCCTCT,0,4668987
ybeDp,0.2,4,4,TCCGCCATTAAGCTGAGCCT,0,4636765
ybeDp,0.2,4,4,TCCGCATTATTTACGTAGTA,0,4607496
ybeDp,0.2,4,4,TCCGAGCCACTTATAACCAC,0,4651918
ybeDp,0.2,4,4,TCCCTTTGGTTATGAAGCCC,0,4624515
ybeDp,0.2,4,4,TCCCGGTCCTGTCCGCGTTT,0,4670637
ybeDp,0.2,4,4,TCCCGGCCTCGCGGAACTCT,0,4651605
ybeDp,0.2,4,4,TCCCCGGCGAGTTTAGCGAA,0,4605766
ybeDp,0.2,4,4,TCCCCGCTCAACATTCTATG,0,4671432
ybeDp,0.2,4,4,TCCCCAGACGGAAAAAAAGG,0,4621691
ybeDp,0.2,4,4,TCCCAATGTACACACAAAGG,0,4631491
ybeDp,0.2,4,4,TCCCAATCGCCAATGGTACA,0,4671365
ybeDp,0.2,4,4,TCCACTTTGGTGCCTCGTGC,0,4668459
ybeDp,0.2,4,4,TCATTCTTGGCTCGTCTCAA,0,4667499
ybeDp,0.2,4,4,TCATTAGCGTAATGGGGTGA,0,4628954
ybeDp,0.2,4,4,TCATCTCGTTTATGTATGCT,0,4616255
ybeDp,0.2,4,4,TCATCGCGGAACTAAGGGCG,0,4615415
ybeDp,0.2,4,4,TCAGTACGCGCACATCGGGA,0,4602388
ybeDp,0.2,4,4,TCAGAAACCGGTCATGTTCC,0,4683472
ybeDp,0.2,4,4,TCACTTCCCGCGGGGGCGAT,0,4626285
ybeDp,0.2,4,4,TCACTGCCGACCACGGGATT,0,4616235
ybeDp,0.2,4,4,TCACGGGACCCGATGGCGAT,0,4607508
ybeDp,0.2,4,4,TCACGCTGGATGTTATTTCC,0,4657181
ybeDp,0.2,4,4,TCACGCCCAAATATACAAGA,0,4615588
ybeDp,0.2,4,4,TCACCCCTAATATTCTCCTG,0,4609211
ybeDp,0.2,4,4,TCACCATGTCCAGAAGATAG,0,4602702
ybeDp,0.2,4,4,TCACCAGCATTGTTATTTGT,0,4619492
ybeDp,0.2,4,4,TCACATTTGTAAAAGGATCT,0,4622540
ybeDp,0.2,4,4,TCACATGAACGGCTCATAGG,0,4681231
ybeDp,0.2,4,4,TCACATAGCGCTATCCCTCA,0,4660296
ybeDp,0.2,4,4,TCAATAATCTACCAGGCAGT,0,4611550
ybeDp,0.2,4,4,TCAACAGTGGGAATGTGGTT,0,4607977
ybeDp,0.2,4,4,TCAAAGGATAGCTGGGCCGC,0,4606393
ybeDp,0.2,4,4,TCAAAGGAAGCCGGGATGAA,0,4671223
ybeDp,0.2,4,4,TCAAAAATGTGCCGCTGCCA,0,4685599
ybeDp,0.2,4,4,TATTGAGGTATAATCGAGCA,0,4626846
ybeDp,0.2,4,4,TATTGAGATCTTATTTTGCA,0,4618471
ybeDp,0.2,4,4,TATTCGGTAGTTTAAAATCA,0,4614443
ybeDp,0.2,4,4,TATTCCATCCTCTCGCGAAT,0,4669572
ybeDp,0.2,4,4,TATTACGCCATATGCAGATC,0,4608939
ybeDp,0.2,4,4,TATGTTAGCAGCCCGCTTCC,0,4664674
ybeDp,0.2,4,4,TATGTGATTGCACACATTCA,0,4633064
ybeDp,0.2,4,4,TATGGTTGTGCCCCATAGAG,0,4649617
ybeDp,0.2,4,4,TATGGAAGCACCAAGGCTGG,0,4631929
ybeDp,0.2,4,4,TATGCCGAATCACAGAGACA,0,4661011
ybeDp,0.2,4,4,TATGCCCGATTTAGTTCATC,0,4682322
ybeDp,0.2,4,4,TATGCAGGCTGAGGTTCTGC,0,4669543
ybeDp,0.2,4,4,TATGATTTCAGCCATAGCAA,0,4640435
ybeDp,0.2,4,4,TATCCTTCGGCGCGGGGAGG,0,4627782
ybeDp,0.2,4,4,TATCAAGAACTTATTAGTAA,0,4674285
ybeDp,0.2,4,4,TATATATGTTAAGGACTTCT,0,4668092
ybeDp,0.2,4,4,TATAGTCCCCTCCTCCTCGC,0,4642751
ybeDp,0.2,4,4,TATAGTACGCTGCTAGTCGT,0,4663464
ybeDp,0.2,4,4,TATAGAGATTGTCCCGTAAT,0,4620177
ybeDp,0.2,4,4,TATAGAGATGCGATGGGGAA,0,4681575
ybeDp,0.2,4,4,TATAATACTATGGGAATCTC,0,4621341
ybeDp,0.2,4,4,TATAACTTGTGAGTAACAGG,0,4643927
ybeDp,0.2,4,4,TATAAAAGAAACGCTCAGAA,0,4652935
ybeDp,0.2,4,4,TAGTTGGCCAAACAACACGA,0,4604714
ybeDp,0.2,4,4,TAGGTGCTCTCCCTCCACTC,0,4606532
ybeDp,0.2,4,4,TAGGTAGGGCAACAGTGGAG,0,4639970
ybeDp,0.2,4,4,TAGGGGTGTAAGGGGCCCAT,0,4616900
ybeDp,0.2,4,4,TAGGCTTGGTATTCCACCGA,0,4603414
ybeDp,0.2,4,4,TAGCTTTTTCATGACAGGCT,0,4656276
ybeDp,0.2,4,4,TAGCGTGGGGTCACCTGTCA,0,4664054
ybeDp,0.2,4,4,TAGCATGAGTGAGTGATAAC,0,4612834
ybeDp,0.2,4,4,TAGCACAAGTGATTTACACC,0,4650316
ybeDp,0.2,4,4,TAGATGTGGTTATGCTCTTT,0,4601476
ybeDp,0.2,4,4,TAGAGCACCGTGATCCAGGG,0,4605621
ybeDp,0.2,4,4,TACTTTCTCTCCGTAGATGC,0,4614503
ybeDp,0.2,4,4,TACTTTCCGATATCTGAGTC,0,4663294
ybeDp,0.2,4,4,TACTTAATTATCCGGCTAGC,0,4677139
ybeDp,0.2,4,4,TACTCCATCCGCATCAACGT,0,4610102
ybeDp,0.2,4,4,TACGTTTCCCAGGGCGCGCA,0,4648906
ybeDp,0.2,4,4,TACGGTGACCGCTATGGAGA,0,4636914
ybeDp,0.2,4,4,TACGACCATCTTTATCGTTA,0,4600872
ybeDp,0.2,4,4,TACCTCGGGGCTGTTTCGAC,0,4634018
ybeDp,0.2,4,4,TACCGACATTAGACTATCGG,0,4653112
ybeDp,0.2,4,4,TACATTGCAGGAATCTAAGC,0,4614655
ybeDp,0.2,4,4,TACATCTCTCGTTCCGCAGG,0,4672136
ybeDp,0.2,4,4,TACAGCAATGACGGATAGTC,0,4609709
ybeDp,0.2,4,4,TACACGGTGCACTCCAAGAG,0,4674900
ybeDp,0.2,4,4,TAATTGTCACGTAATTGCCG,0,4661988
ybeDp,0.2,4,4,TAATTGAAGTTACGGTTACA,0,4609881
ybeDp,0.2,4,4,TAATTGAAGGCTTTGGCTCT,0,4660297
ybeDp,0.2,4,4,TAATGGTGTTGATGAACTGC,0,4625860
ybeDp,0.2,4,4,TAATCCAAAAAGTTCCGCGA,0,4681926
ybeDp,0.2,4,4,TAAGTGGGGTTCCAGTGCAA,0,4605729
ybeDp,0.2,4,4,TAAGGTTTCGCTGCGTTTTT,0,4681218
ybeDp,0.2,4,4,TAAGGCGCTTTATTTAATAG,0,4680206
ybeDp,0.2,4,4,TAAGGCGCGGGCTTCGAAGA,0,4656800
ybeDp,0.2,4,4,TAAGCTGTGCTGTGAGGAGG,0,4679271
ybeDp,0.2,4,4,TAAGCCTCGGTTATAAAAGG,0,4630897
ybeDp,0.2,4,4,TAAGAGGTCCAAAGGAGGAA,0,4649579
ybeDp,0.2,4,4,TAAGAAGGTGGTCACATAAT,0,4678156
ybeDp,0.2,4,4,TAACTGAAGACTATCGTTAA,0,4660468
ybeDp,0.2,4,4,TAACTCCATTGAGCCCGGAG,0,4652941
ybeDp,0.2,4,4,TAACACAGGTAATCACGATT,0,4647626
ybeDp,0.2,4,4,TAAATGTGATTCTGGCATCC,0,4670444
ybeDp,0.2,4,4,TAAAGTTACTCATAATGGAA,0,4629302
ybeDp,0.2,4,4,TAAAGGAAAGCAGGCGGCTT,0,4648112
ybeDp,0.2,4,4,TAAAATGTACGTGATGACGC,0,4620165
ybeDp,0.2,4,4,TAAAATATCTCGTATGGTCA,0,4628553
ybeDp,0.2,4,4,TAAAAACAGGCTTTTCCGTA,0,4618380
ybeDp,0.2,4,4,GTTTTTTGGTCATATCTGGC,0,4664914
ybeDp,0.2,4,4,GTTTTGACCCCCTTATATTT,0,4678827
ybeDp,0.2,4,4,GTTTTACTACTTCCCGATAG,0,4656224
ybeDp,0.2,4,4,GTTTGGTTAGGATTTGCTAT,0,4682604
ybeDp,0.2,4,4,GTTTGCTTATAACTTGCTTT,0,4607094
ybeDp,0.2,4,4,GTTTGCAGGACCGCGGCACA,0,4627632
ybeDp,0.2,4,4,GTTTGAGGTGGCGATGTGGT,0,4664173
ybeDp,0.2,4,4,GTTTGAGGGGATTGTAGATC,0,4647914
ybeDp,0.2,4,4,GTTTCTGTTATTCTTATCAA,0,4648641
ybeDp,0.2,4,4,GTTTCACCGGGCAACGTATC,0,4619022
ybeDp,0.2,4,4,GTTTAGAGAGCGTCCACTCT,0,4607349
ybeDp,0.2,4,4,GTTTACCGTAGTCCACCCCG,0,4635402
ybeDp,0.2,4,4,GTTGGCGTCCTCAGGGCTAC,0,4649681
ybeDp,0.2,4,4,GTTGGCCCGAAATTCAGGTT,0,4665383
ybeDp,0.2,4,4,GTTGCTATAATCTAGGCTTT,0,4642622
ybeDp,0.2,4,4,GTTGCCGGTGGTCCTTGCGT,0,4659195
ybeDp,0.2,4,4,GTTGATAGAGAGTATCTGGA,0,4666884
ybeDp,0.2,4,4,GTTGAAACGTATCGTTTAGT,0,4601744
ybeDp,0.2,4,4,GTTCTATCAGAGCTCAGTGC,0,4616565
ybeDp,0.2,4,4,GTTCGAATCGTTTTCTCCTT,0,4636114
ybeDp,0.2,4,4,GTTATCGTGACGGGTTCGAT,0,4621413
ybeDp,0.2,4,4,GTTACCAGGGTCTCAGGTAT,0,4605452
ybeDp,0.2,4,4,GTTAATTATCAAGGATAGTG,0,4632481
ybeDp,0.2,4,4,GTTAAGTATCCCCGCAGGAC,0,4686219
ybeDp,0.2,4,4,GTGTTTGCATCTCCCCTACT,0,4610663
ybeDp,0.2,4,4,GTGTTTAAACGTTAAGCTCC,0,4667067
ybeDp,0.2,4,4,GTGTTATTATTCGCTGCTGA,0,4612012
ybeDp,0.2,4,4,GTGTGTCACATGTGGATTCG,0,4653757
ybeDp,0.2,4,4,GTGTGCTAATGGTATTCGGC,0,4658885
ybeDp,0.2,4,4,GTGTGCATCTCGACGGGCAT,0,4655320
ybeDp,0.2,4,4,GTGTCAGTCTTGCTTTTGGG,0,4608159
ybeDp,0.2,4,4,GTGTAAGCGTCCCAGTTTGG,0,4601749
ybeDp,0.2,4,4,GTGGTGGGAATGATAGGGGC,0,4635147
ybeDp,0.2,4,4,GTGGGCCAACGAGACACAAT,0,4628271
ybeDp,0.2,4,4,GTGGGAACACCTTGACTATC,0,4642428
ybeDp,0.2,4,4,GTGGCTTAATATGCGACACA,0,4656841
ybeDp,0.2,4,4,GTGGCACGAAACTCTAGATC,0,4646556
ybeDp,0.2,4,4,GTGGAGGACTTGTCACCCCA,0,4647688
ybeDp,0.2,4,4,GTGCTCTACCTCATAAAACG,0,4605302
ybeDp,0.2,4,4,GTGCTACATAATACCGGACC,0,4634187
ybeDp,0.2,4,4,GTGCGGGGTGCAATGCCTGG,0,4683720
ybeDp,0.2,4,4,GTGCGCTGTCCGGTTGAGCG,0,4655595
ybeDp,0.2,4,4,GTGCGCAGATTAAGCGGACC,0,4681198
ybeDp,0.2,4,4,GTGCCATTCATGGGACGCCA,0,4685345
ybeDp,0.2,4,4,GTGCCATAAGAACCGCATAG,0,4624684
ybeDp,0.2,4,4,GTGATCTGGTTCTTCACTTT,0,4672761
ybeDp,0.2,4,4,GTGAGTTGTGCGTTGAAGAT,0,4645418
ybeDp,0.2,4,4,GTGAGGACCGGGGTATTCGG,0,4645997
ybeDp,0.2,4,4,GTGAATTGGAAGCAAGAGAT,0,4603738
ybeDp,0.2,4,4,GTGAATCTGGAGAGATCCGG,0,4661211
ybeDp,0.2,4,4,GTGAATCACCAACATATCGC,0,4642693
ybeDp,0.2,4,4,GTGAAGCTTCGGGCGACGTT,0,4659262
ybeDp,0.2,4,4,GTCTGTGTCCGGAATCAGGA,0,4639605
ybeDp,0.2,4,4,GTCTGTGATGGGGCTCCTGC,0,4642149
ybeDp,0.2,4,4,GTCTGATATCTTGTAATGTC,0,4654608
ybeDp,0.2,4,4,GTCTCGGTGATAATGACAAT,0,4659188
ybeDp,0.2,4,4,GTCTCCTGCAAGGTAGTCCT,0,4642042
ybeDp,0.2,4,4,GTCTCCATGGATAATCCTTA,0,4670246
ybeDp,0.2,4,4,GTCTCAATATACATTACTCT,0,4619218
ybeDp,0.2,4,4,GTCTATCGGTGGGTAGGATG,0,4686310
ybeDp,0.2,4,4,GTCTAGAGCCCGCGCCTTGC,0,4641404
ybeDp,0.2,4,4,GTCTAGAATTTGTTCATTAC,0,4680612
ybeDp,0.2,4,4,GTCGTGCCCGGATGTACGGG,0,4616441
ybeDp,0.2,4,4,GTCGGTATGTTCATGAGGAA,0,4667886
ybeDp,0.2,4,4,GTCGCGTTCAGTCCAGCTTG,0,4644608
ybeDp,0.2,4,4,GTCGCCAACGAAATTTCATA,0,4644020
ybeDp,0.2,4,4,GTCGCAGGCGTCCAGACTCC,0,4645827
ybeDp,0.2,4,4,GTCCTCGGCTTTCCTGCTGA,0,4687938
ybeDp,0.2,4,4,GTCCGTGTAACAACAGCTAT,0,4670259
ybeDp,0.2,4,4,GTCCGGTATACCCACCCCCA,0,4608963
ybeDp,0.2,4,4,GTCCCGGACTTAAAGCAAGA,0,4653256
ybeDp,0.2,4,4,GTCATTCGTCTAAGGAGAAC,0,4667382
ybeDp,0.2,4,4,GTCATCACTCATGACCGATT,0,4655999
ybeDp,0.2,4,4,GTCAATCCGGTCCGTTCTAG,0,4638533
ybeDp,0.2,4,4,GTCAAGTCGCAGGATGTACA,0,4669604
ybeDp,0.2,4,4,GTCAAATATACACTACCATT,0,4610911
ybeDp,0.2,4,4,GTATTTACTGTTAGGCATCT,0,4617230
ybeDp,0.2,4,4,GTATTGTCCCGGCCGTCACC,0,4601073
ybeDp,0.2,4,4,GTATGTTGGTTCCCAGGTTG,0,4661952
ybeDp,0.2,4,4,GTATGTACTACAAATTGGGA,0,4612103
ybeDp,0.2,4,4,GTATGCTATAATACCAAGGT,0,4674392
ybeDp,0.2,4,4,GTATGAAGGGCATCTATGTT,0,4679701
ybeDp,0.2,4,4,GTATATTGGTTTACCAATCA,0,4628370
ybeDp,0.2,4,4,GTATAAGGACGGTTAAACAG,0,4633360
ybeDp,0.2,4,4,GTAGGTCGAGGTATTCGTAT,0,4652828
ybeDp,0.2,4,4,GTAGGGTCTTCGCTTGCTAG,0,4643570
ybeDp,0.2,4,4,GTAGGGGGAGGGTTTTGACA,0,4636258
ybeDp,0.2,4,4,GTAGGCATTCGGTACACGCA,0,4671469
ybeDp,0.2,4,4,GTAGCTAGATCGCGCTCGCT,0,4648849
ybeDp,0.2,4,4,GTACGGGAGGTTGTAATGGA,0,4670842
ybeDp,0.2,4,4,GTACGCGACGCTGAGGAGAC,0,4629872
ybeDp,0.2,4,4,GTACACGGTAGTCATTAGGA,0,4637869
ybeDp,0.2,4,4,GTAATGGGTCGGTGTAAGGT,0,4646824
ybeDp,0.2,4,4,GTAATGAGCAGAGTACAGGT,0,4602344
ybeDp,0.2,4,4,GTAATACCATCCGTCGGTAC,0,4642922
ybeDp,0.2,4,4,GTAAGTCTTACACTCGGCCT,0,4661535
ybeDp,0.2,4,4,GTAAGGTTATAGCTAATGCC,0,4625106
ybeDp,0.2,4,4,GTAAGAATGCATACGTTGTA,0,4682801
ybeDp,0.2,4,4,GTAACTCTTCACTCCATATC,0,4637609
ybeDp,0.2,4,4,GTAAATCGGTGGGAAATTGT,0,4643803
ybeDp,0.2,4,4,GGTTTTTGTATAATTCACAG,0,4637735
ybeDp,0.2,4,4,GGTTCTCTTGATGGTAATAC,0,4629142
ybeDp,0.2,4,4,GGTTCACATTATATCTGTAT,0,4668848
ybeDp,0.2,4,4,GGTTACATTCAATAATCTTA,0,4668313
ybeDp,0.2,4,4,GGTGTTCGGAATTATGAATT,0,4638670
ybeDp,0.2,4,4,GGTGTCCCACCCCGAAGACT,0,4627301
ybeDp,0.2,4,4,GGTGGATGGACTTAATGTCG,0,4604195
ybeDp,0.2,4,4,GGTGGAATTAAAATGCCAGG,0,4671735
ybeDp,0.2,4,4,GGTGCTACGCCACCTGTGGA,0,4612030
ybeDp,0.2,4,4,GGTGCGTACTCGACTGTTGT,0,4655727
ybeDp,0.2,4,4,GGTGATATTAGCGGGCGGCA,0,4603585
ybeDp,0.2,4,4,GGTCGATTGGTTGTCGAGAT,0,4611334
ybeDp,0.2,4,4,GGTCCTCTAATGGCTCGATA,0,4624331
ybeDp,0.2,4,4,GGTCCGCTGCACCTTAACAT,0,4675334
ybeDp,0.2,4,4,GGTCATCCACAGCGGCACTG,0,4663937
ybeDp,0.2,4,4,GGTCAGAGCCCTAAGACATA,0,4647654
ybeDp,0.2,4,4,GGTATCGTATTGGTTTGCCC,0,4602489
ybeDp,0.2,4,4,GGTATAGGTCAAGTGCGAGC,0,4605440
ybeDp,0.2,4,4,GGTATAGAAGTTTACACAGC,0,4667583
ybeDp,0.2,4,4,GGTAGGGGCGGGTTCCGACT,0,4624719
ybeDp,0.2,4,4,GGTACATAGACTGTTATCAA,0,4678545
ybeDp,0.2,4,4,GGTAAGCCAACTTTGCGTGA,0,4613892
ybeDp,0.2,4,4,GGTAAGAAAGAACCTATCAA,0,4615605
ybeDp,0.2,4,4,GGTAACACGCAAGCGAAGCG,0,4651759
ybeDp,0.2,4,4,GGGTTTAGAAGCTAAGTTGG,0,4669770
ybeDp,0.2,4,4,GGGTTCAGGCGCATTGCGTG,0,4614849
ybeDp,0.2,4,4,GGGTTCACTTAGTTGTGTTG,0,4665549
ybeDp,0.2,4,4,GGGTGCACAATCCGAGTGAC,0,4628736
ybeDp,0.2,4,4,GGGTCTGTCGGGTGTAAAGA,0,4633881
ybeDp,0.2,4,4,GGGTCCTCGCCTGACATTAA,0,4670924
ybeDp,0.2,4,4,GGGTCAAGTCACGCTCTGTA,0,4640323
ybeDp,0.2,4,4,GGGTATTAGTTATCGGACTT,0,4677187
ybeDp,0.2,4,4,GGGTATGAGTGGGTAAAGTT,0,4656732
ybeDp,0.2,4,4,GGGTAGATGGAGAAATAACC,0,4611813
ybeDp,0.2,4,4,GGGTACGGCTGCTGTTTTCG,0,4651564
ybeDp,0.2,4,4,GGGGTCTTTGTCCCATTTAT,0,4669771
ybeDp,0.2,4,4,GGGGTCGAGCCACGTGCGTA,0,4621963
ybeDp,0.2,4,4,GGGGTATACTGACCATTCGT,0,4663127
ybeDp,0.2,4,4,GGGGGTTAAAGTGTCCTTGT,0,4653283
ybeDp,0.2,4,4,GGGGGTGAGGCATAGAACTT,0,4675455
ybeDp,0.2,4,4,GGGGGGGCATTCCCAGAAAT,0,4650228
ybeDp,0.2,4,4,GGGGACGGAGGACTTTGATG,0,4654196
ybeDp,0.2,4,4,GGGGACGAGTGGTCTGACGA,0,4667185
ybeDp,0.2,4,4,GGGCTACGTGATGTCCCGGG,0,4649866
ybeDp,0.2,4,4,GGGCCACCAAGCTGGTGAGT,0,4608158
ybeDp,0.2,4,4,GGGCAGCATACCAGATCTGC,0,4642164
ybeDp,0.2,4,4,GGGCAAGTGCGACTCTTTAG,0,4643741
ybeDp,0.2,4,4,GGGATTACCTCAGGACCATC,0,4613962
ybeDp,0.2,4,4,GGGATGTTTGAGGGAGCCGG,0,4665326
ybeDp,0.2,4,4,GGGATCTGCACATCTTGTTC,0,4617515
ybeDp,0.2,4,4,GGGAGTAAACGAACACGCGA,0,4600952
ybeDp,0.2,4,4,GGGACATTTTGCTGAACAAC,0,4666334
ybeDp,0.2,4,4,GGGAAGAGGGTGCGTATAGG,0,4670753
ybeDp,0.2,4,4,GGGAAGAAAAACAGGCTTAT,0,4673299
ybeDp,0.2,4,4,GGGAACCTGTACAGAGGAAT,0,4611312
ybeDp,0.2,4,4,GGGAACCCGTTCTCGCTTCC,0,4610576
ybeDp,0.2,4,4,GGGAACATCTCAGGTGTCGG,0,4644660
ybeDp,0.2,4,4,GGCTTGTGATCGTTGTGCTC,0,4613443
ybeDp,0.2,4,4,GGCTTGCCCTCAGTTTTCTG,0,4682520
ybeDp,0.2,4,4,GGCTCGATTCGAAATTTGAC,0,4655581
ybeDp,0.2,4,4,GGCTATACATCGCGGACCAG,0,4650518
ybeDp,0.2,4,4,GGCTAACGGCGGGCTCAGTC,0,4620827
ybeDp,0.2,4,4,GGCGTCCCTACAATATCAAA,0,4639382
ybeDp,0.2,4,4,GGCGCTTAACTTGGGGGCTG,0,4644223
ybeDp,0.2,4,4,GGCGCCTGGGAATCGGATAT,0,4643499
ybeDp,0.2,4,4,GGCGCAAGCGGCTTCGAGTA,0,4628244
ybeDp,0.2,4,4,GGCGATCGACGAGAACTCGG,0,4672398
ybeDp,0.2,4,4,GGCCTGGACACCACGCTCAA,0,4687918
ybeDp,0.2,4,4,GGCCTCTGCCCCAATCAGAC,0,4684814
ybeDp,0.2,4,4,GGCCTCACAGTAGTAGCTCA,0,4667992
ybeDp,0.2,4,4,GGCCTAGATTAGAGCTTTAA,0,4631579
ybeDp,0.2,4,4,GGCCGCCCACGGCAAAACTT,0,4605538
ybeDp,0.2,4,4,GGCCCTGATCGGAGTCTCGA,0,4657993
ybeDp,0.2,4,4,GGCCATCTTATGTAGAGGGC,0,4611073
ybeDp,0.2,4,4,GGCAGGTCGCTGGGTGCCCT,0,4671532
ybeDp,0.2,4,4,GGCAGAGGAGTTTCTTTGGA,0,4602671
ybeDp,0.2,4,4,GGCAGAAGGAGTGCCACGGT,0,4615920
ybeDp,0.2,4,4,GGCACGATCAGAAGAGTATG,0,4658233
ybeDp,0.2,4,4,GGCACAGCAACCGATGGTCA,0,4621576
ybeDp,0.2,4,4,GGCAATCGGTGTGACTGACG,0,4655199
ybeDp,0.2,4,4,GGCAACGCCATCGACCAGGC,0,4663155
ybeDp,0.2,4,4,GGATTTGATGTTCCGGAGTT,0,4634019
ybeDp,0.2,4,4,GGATCGATGTCTGTTGACAA,0,4670252
ybeDp,0.2,4,4,GGATACTGGCCGTATCCCAC,0,4652048
ybeDp,0.2,4,4,GGATACAACGTGGACACTCA,0,4661587
ybeDp,0.2,4,4,GGAGCAAGAGTACATGTCAG,0,4677069
ybeDp,0.2,4,4,GGAGCAAAAAGAGCTAATGC,0,4610354
ybeDp,0.2,4,4,GGAGAAATCGTATCTAGGCT,0,4615635
ybeDp,0.2,4,4,GGACTGGGAGGCCTCAAACC,0,4643874
ybeDp,0.2,4,4,GGACTACGTAAAAGGGGAAC,0,4666986
ybeDp,0.2,4,4,GGACCTTCTAATAGCTCGAT,0,4610385
ybeDp,0.2,4,4,GGACCACAATATTGTTCCTG,0,4673337
ybeDp,0.2,4,4,GGACCAAGGACTATTACGAA,0,4627202
ybeDp,0.2,4,4,GGACAAGGCAGTGCGTTATT,0,4628004
ybeDp,0.2,4,4,GGACAACATGTCGAAGCACT,0,4667780
ybeDp,0.2,4,4,GGAAGCAACCATCGTCTGAA,0,4607290
ybeDp,0.2,4,4,GGAACTATTTGATGACGGAG,0,4663581
ybeDp,0.2,4,4,GCTTTTTAGTTCCCATCGCC,0,4622974
ybeDp,0.2,4,4,GCTTTCGAGCGAATGGGGTC,0,4638420
ybeDp,0.2,4,4,GCTTGACGTCTTGGGGGTAT,0,4649271
ybeDp,0.2,4,4,GCTTACGGTGAGATCGTTCC,0,4661969
ybeDp,0.2,4,4,GCTGTGGTAAATTTTACTTA,0,4684936
ybeDp,0.2,4,4,GCTCCTACCGGTGCTCTGTT,0,4605753
ybeDp,0.2,4,4,GCTCCGTGTGCGGGTAGCCA,0,4606381
ybeDp,0.2,4,4,GCTCCCAAACACGCTTCCTC,0,4675917
ybeDp,0.2,4,4,GCTCCAATCAATTGCTCTCC,0,4680990
ybeDp,0.2,4,4,GCTATTTACGAACGCATCGC,0,4625518
ybeDp,0.2,4,4,GCTATTGGTTGTATAGTTGC,0,4672434
ybeDp,0.2,4,4,GCTAGCTTATTCTTCTGCCT,0,4628513
ybeDp,0.2,4,4,GCTACTCTCTTACTGGGGAC,0,4661912
ybeDp,0.2,4,4,GCTACACTTATCGTAAGCTG,0,4670199
ybeDp,0.2,4,4,GCTAAAAAACCGGTACTAAG,0,4642147
ybeDp,0.2,4,4,GCGTGGTGCTCATATTGAAA,0,4607853
ybeDp,0.2,4,4,GCGTGCCTAGCGCTGTAACA,0,4668756
ybeDp,0.2,4,4,GCGTGATCTATGACCATCTT,0,4632482
ybeDp,0.2,4,4,GCGTACACTATTTCGGTCGT,0,4667084
ybeDp,0.2,4,4,GCGTAAGAATTCCAACTTAC,0,4610764
ybeDp,0.2,4,4,GCGGCTTTGTCTCTGGCGAG,0,4626901
ybeDp,0.2,4,4,GCGGCGGCCGGCCGAAAATT,0,4635779
ybeDp,0.2,4,4,GCGGATCTCGGAACGGCTGC,0,4617052
ybeDp,0.2,4,4,GCGGATAAAACTTCGTTCCC,0,4636698
ybeDp,0.2,4,4,GCGGACCGTGTAAAATCGCC,0,4635351
ybeDp,0.2,4,4,GCGCTGTTTAGCCCCGGTGT,0,4677210
ybeDp,0.2,4,4,GCGCTCGCGGTCATTGCAGG,0,4660003
ybeDp,0.2,4,4,GCGCTAGGCGTTAGATCACA,0,4627070
ybeDp,0.2,4,4,GCGCTAGAAAGCCCGTCAAG,0,4678581
ybeDp,0.2,4,4,GCGCTACGTATGCACATTTT,0,4618997
ybeDp,0.2,4,4,GCGCGCTAGGAGAAACCTGC,0,4685518
ybeDp,0.2,4,4,GCGCGCCACAAAATTATGCC,0,4626352
ybeDp,0.2,4,4,GCGCGACAGGATGTCATTAC,0,4630121
ybeDp,0.2,4,4,GCGCCCCTTATTCAATGCCA,0,4653663
ybeDp,0.2,4,4,GCGCATTACCCTTTAGCGCT,0,4683148
ybeDp,0.2,4,4,GCGATGATTACTTTTGGCCT,0,4623650
ybeDp,0.2,4,4,GCGATAGCCGGGACGTAGAC,0,4644589
ybeDp,0.2,4,4,GCGAGCACACAGTAATGAGT,0,4651609
ybeDp,0.2,4,4,GCGACGAAATATAAGGCCAA,0,4673627
ybeDp,0.2,4,4,GCGAAGCACATGACGCTGGG,0,4616618
ybeDp,0.2,4,4,GCGAACAGGAGTCAGCTGTT,0,4616292
ybeDp,0.2,4,4,GCCTTTCACTGGGGGCTGTG,0,4667556
ybeDp,0.2,4,4,GCCTTGTCAGATCCGCGGCC,0,4629343
ybeDp,0.2,4,4,GCCTTGGGGGTTGTCGTGTG,0,4622192
ybeDp,0.2,4,4,GCCTGCGTATCATTGAGTAG,0,4623716
ybeDp,0.2,4,4,GCCTGACACAATGCGCAAAC,0,4643031
ybeDp,0.2,4,4,GCCTCGTCATCCGACTTAAT,0,4627017
ybeDp,0.2,4,4,GCCTATTTCGAATACCACAA,0,4602614
ybeDp,0.2,4,4,GCCTAAGTATTCCTGCAAGA,0,4617019
ybeDp,0.2,4,4,GCCGGCTAATAATTTGGAAA,0,4687882
ybeDp,0.2,4,4,GCCGCTAAGTGTCCGCCAAG,0,4677879
ybeDp,0.2,4,4,GCCGAGTACTCTAGTTAGGT,0,4607856
ybeDp,0.2,4,4,GCCGAATTGAAACTTCGCAG,0,4601404
ybeDp,0.2,4,4,GCCCTGACCGCAGGGCGGCT,0,4636705
ybeDp,0.2,4,4,GCCCTAACCCCTATGTTATG,0,4619961
ybeDp,0.2,4,4,GCCCGGACTCGCCGTAGTGA,0,4674826
ybeDp,0.2,4,4,GCCCATTGCAAGACTCATGT,0,4664896
ybeDp,0.2,4,4,GCCCACTTTCAAGGACAGGA,0,4648802
ybeDp,0.2,4,4,GCCATATAAACGTTTCTGTA,0,4636397
ybeDp,0.2,4,4,GCCACGCTTCAAGAACGTAG,0,4636224
ybeDp,0.2,4,4,GCCACAGTAGGTCCAACTGG,0,4642773
ybeDp,0.2,4,4,GCCAAAAAGGGCGTCTTACA,0,4663408
ybeDp,0.2,4,4,GCATTGTCCGTATAGTGTGC,0,4606139
ybeDp,0.2,4,4,GCATTGCACGCTCGCTTAAT,0,4684812
ybeDp,0.2,4,4,GCATTCGCCGGCGAGATGAA,0,4632286
ybeDp,0.2,4,4,GCATGGTAGATGTGTGATAA,0,4603533
ybeDp,0.2,4,4,GCATGCCGCCCGATGCTCAG,0,4604033
ybeDp,0.2,4,4,GCATCGGTCTGTGGTTTGGT,0,4614212
ybeDp,0.2,4,4,GCATCGGGATAGTTTAGTAT,0,4681098
ybeDp,0.2,4,4,GCAGTCAGCTAGATAGGGTG,0,4639185
ybeDp,0.2,4,4,GCACTGAAGACTATTTTAGG,0,4611043
ybeDp,0.2,4,4,GCACTGAAACCGTCAGTTCT,0,4630037
ybeDp,0.2,4,4,GCACGTACATCGTCGTCTTT,0,4631115
ybeDp,0.2,4,4,GCACGGTATTGAGCATCAGA,0,4663463
ybeDp,0.2,4,4,GCACCACTACACACCCGGGG,0,4626512
ybeDp,0.2,4,4,GCAATTGAGCGTAGAGTCGT,0,4677970
ybeDp,0.2,4,4,GCAATGCGACCGCTGGCGAT,0,4653270
ybeDp,0.2,4,4,GCAACGCTAGCATGCTGGTC,0,4626650
ybeDp,0.2,4,4,GATTTAAGCTAAATGATGTT,0,4626272
ybeDp,0.2,4,4,GATTGTCACGATGCCGGCCT,0,4618169
ybeDp,0.2,4,4,GATTGCAGGCTCCCCGGAAC,0,4627248
ybeDp,0.2,4,4,GATTCCTTACTAAGGAAAGA,0,4686402
ybeDp,0.2,4,4,GATTCATTTTTTGCCGCACT,0,4614323
ybeDp,0.2,4,4,GATTAGAACGGGGATCAGAT,0,4619733
ybeDp,0.2,4,4,GATTAAGTATACACTGAGTC,0,4627716
ybeDp,0.2,4,4,GATGGTCAAGAATAAACGAG,0,4665588
ybeDp,0.2,4,4,GATGGATATGTCTTTCGGTA,0,4676281
ybeDp,0.2,4,4,GATCGTGATTCTAGGCAAAA,0,4681386
ybeDp,0.2,4,4,GATCAGCATGACTCTTGCTG,0,4606124
ybeDp,0.2,4,4,GATATTCTTTATAACGCCCA,0,4678434
ybeDp,0.2,4,4,GATATTAGGGATACCTGAAT,0,4629761
ybeDp,0.2,4,4,GATATCATGGTTGATCTGGG,0,4650112
ybeDp,0.2,4,4,GATATAGCACGTCACGTCCA,0,4614954
ybeDp,0.2,4,4,GATACGAGCCGCTTAAGGGG,0,4662935
ybeDp,0.2,4,4,GATAATCACAGCCCCGGCGC,0,4618235
ybeDp,0.2,4,4,GATAAGCCACACAGGTGCTT,0,4610457
ybeDp,0.2,4,4,GAGTTGGATTCGCGTCGTTC,0,4661321
ybeDp,0.2,4,4,GAGTTCTCCGGGATTCACGG,0,4642950
ybeDp,0.2,4,4,GAGTTAACGGGCTGATGAGT,0,4618958
ybeDp,0.2,4,4,GAGTGGAGGTTTGATCGCGG,0,4664591
ybeDp,0.2,4,4,GAGTCTTATGGTTTGCAGTG,0,4641903
ybeDp,0.2,4,4,GAGTACGGGTCCGCGACGGA,0,4674775
ybeDp,0.2,4,4,GAGTACAAGTGAAACTCAAT,0,4646721
ybeDp,0.2,4,4,GAGGTTTACCAAGTTAAGCC,0,4617360
ybeDp,0.2,4,4,GAGGTGGGGTTCGACGTATA,0,4615634
ybeDp,0.2,4,4,GAGGGCTCTGAAAAAGTAGG,0,4679734
ybeDp,0.2,4,4,GAGGAGCCACGGTGATAAGG,0,4675535
ybeDp,0.2,4,4,GAGGACCAAAGCCGTTTGCT,0,4675245
ybeDp,0.2,4,4,GAGCCGTCGGGAGTGGCTAA,0,4636427
ybeDp,0.2,4,4,GAGCCCTACGTGATCATATA,0,4664829
ybeDp,0.2,4,4,GAGCATTAATACTTAGGGTA,0,4642824
ybeDp,0.2,4,4,GAGAGCAAGGACGGAGGCCT,0,4605914
ybeDp,0.2,4,4,GAGACTAAATAGGTCGTGGT,0,4655884
ybeDp,0.2,4,4,GAGAAATTCTCCAGTCACAG,0,4635652
ybeDp,0.2,4,4,GACTTGCCTGTACTGTCAAT,0,4653435
ybeDp,0.2,4,4,GACTGTCACAAATCAAATGC,0,4654585
ybeDp,0.2,4,4,GACTATTGCTATAGCACGAT,0,4659168
ybeDp,0.2,4,4,GACGGCATGGGCACACCAAT,0,4664910
ybeDp,0.2,4,4,GACGGAAGCTGTGCGACGAT,0,4601921
ybeDp,0.2,4,4,GACGCGACTTACGTTGAGTT,0,4641829
ybeDp,0.2,4,4,GACGCACTGTGATTAAGATG,0,4622229
ybeDp,0.2,4,4,GACGACATATCGCGGAGGGT,0,4601940
ybeDp,0.2,4,4,GACCGATCCAGGGTTTCAGT,0,4625559
ybeDp,0.2,4,4,GACCGAAGCGTGGTTCGGGA,0,4675369
ybeDp,0.2,4,4,GACCCATGGGCGACTGTAGT,0,4605116
ybeDp,0.2,4,4,GACCAAGCGTGCAACTGTTA,0,4669981
ybeDp,0.2,4,4,GACATGTTCTGCCGTAGCGA,0,4652901
ybeDp,0.2,4,4,GACATCAGAGACCTACGCTG,0,4680579
ybeDp,0.2,4,4,GACAGTTGCTCGGCATCTCT,0,4640093
ybeDp,0.2,4,4,GACAGTTCTAACATCCGAGT,0,4683150
ybeDp,0.2,4,4,GACAGCCTGTTCATATCAGT,0,4686508
ybeDp,0.2,4,4,GACACGTTGCTAGACGGTCT,0,4624288
ybeDp,0.2,4,4,GACAACTCGGCAGTCAGGTC,0,4644654
ybeDp,0.2,4,4,GACAAAGTTTACAAGTTTAA,0,4643134
ybeDp,0.2,4,4,GAATTTTCGGTGTACTGGTG,0,4603393
ybeDp,0.2,4,4,GAATTTGACCGAGGATTTAG,0,4626644
ybeDp,0.2,4,4,GAATTTCTGAACTTCGTTAG,0,4653747
ybeDp,0.2,4,4,GAATTGCATATTTCCGTTGC,0,4615606
ybeDp,0.2,4,4,GAATGGTGGAGCGTCATGTT,0,4684951
ybeDp,0.2,4,4,GAATGGGCACTCTATACCGA,0,4637911
ybeDp,0.2,4,4,GAATCTTCGATCTCGCCGTA,0,4658921
ybeDp,0.2,4,4,GAATCCCTTAACGCTGTAAG,0,4616787
ybeDp,0.2,4,4,GAATCCAAAGTGGCAGGGGG,0,4624936
ybeDp,0.2,4,4,GAATCAGGAGGGGGAAATAT,0,4640263
ybeDp,0.2,4,4,GAAGTTAGTCACACGCAATA,0,4633537
ybeDp,0.2,4,4,GAAGGGCAGGTTCGGCTCGA,0,4647722
ybeDp,0.2,4,4,GAAGGCAACTGGAGCTGGTC,0,4635445
ybeDp,0.2,4,4,GAAGCGGTACTACGACAACC,0,4647830
ybeDp,0.2,4,4,GAAGCCTTTCTAGAACGAAC,0,4660217
ybeDp,0.2,4,4,GAACTTCGACTTATTTGAAA,0,4673308
ybeDp,0.2,4,4,GAACTGGTGGGTACAGTAAG,0,4650139
ybeDp,0.2,4,4,GAACGGTTGCGGCGAGCGGT,0,4638253
ybeDp,0.2,4,4,GAACCTAAAATAGATGGCTC,0,4647472
ybeDp,0.2,4,4,GAACCGCTCGTTTCCGACGG,0,4666785
ybeDp,0.2,4,4,GAAATTCTTAATGTGGTGGC,0,4659091
ybeDp,0.2,4,4,GAAATGGTGTTGTGTTGGTG,0,4626794
ybeDp,0.2,4,4,GAAATCAAGTGCTACCATGT,0,4634898
ybeDp,0.2,4,4,GAAAGCCCGAGAAACAGTGA,0,4619433
ybeDp,0.2,4,4,GAAAATTCTGCTAAGGGTAT,0,4617507
ybeDp,0.2,4,4,GAAAACGTAGGTCCATAGGA,0,4626855
ybeDp,0.2,4,4,CTTTTTTTTGCTGTCGGATA,0,4652342
ybeDp,0.2,4,4,CTTTTTTTGATGATAAGAAG,0,4629132
ybeDp,0.2,4,4,CTTTTACCGATAATACAGCA,0,4608817
ybeDp,0.2,4,4,CTTTGAACGTCGCACCTGCC,0,4649120
ybeDp,0.2,4,4,CTTTACGGGAGGGAATGCAG,0,4649839
ybeDp,0.2,4,4,CTTGCCCTTCTGCCTGTTAT,0,4687362
ybeDp,0.2,4,4,CTTGAAGGCACACTTCGAAG,0,4647497
ybeDp,0.2,4,4,CTTCTATAAGTCTAACGTTT,0,4653605
ybeDp,0.2,4,4,CTTCTACTGCTTCTATCCGT,0,4613760
ybeDp,0.2,4,4,CTTCTACCAGTTGATGTAGG,0,4621313
ybeDp,0.2,4,4,CTTCGACAAGGGTACTAGCG,0,4647217
ybeDp,0.2,4,4,CTTCCGGAAGGGGTCTGCGA,0,4670339
ybeDp,0.2,4,4,CTTATGAGGCTTGAAGTGTT,0,4683746
ybeDp,0.2,4,4,CTTAGTTAATAACTCACAGC,0,4620260
ybeDp,0.2,4,4,CTTAGCAGGGCAGTGTTGAA,0,4662975
ybeDp,0.2,4,4,CTTAGAAACAAAGGAGACAG,0,4678577
ybeDp,0.2,4,4,CTTACACATGCCTTGAATCT,0,4660324
ybeDp,0.2,4,4,CTTAAGCGTCCTACTCTACC,0,4686731
ybeDp,0.2,4,4,CTTAAGACAGGAAAGTCAGG,0,4677468
ybeDp,0.2,4,4,CTTAACATTGCGCTATGTGC,0,4648388
ybeDp,0.2,4,4,CTTAAAGTCGCAGGGCGACT,0,4639884
ybeDp,0.2,4,4,CTGTTTTTAGTTCTGTATTC,0,4633964
ybeDp,0.2,4,4,CTGTTCATTTCAGCAACAAA,0,4605598
ybeDp,0.2,4,4,CTGTGTAAGTAGGTGGGCGT,0,4614917
ybeDp,0.2,4,4,CTGTGAGCCAAAGCGCGATG,0,4627196
ybeDp,0.2,4,4,CTGTCTTCTGAGTCGTATGC,0,4617649
ybeDp,0.2,4,4,CTGTCTGACCATATGGTCAT,0,4658225
ybeDp,0.2,4,4,CTGTCGTGCGTAGAATGTTC,0,4645990
ybeDp,0.2,4,4,CTGTATTCGCTTGTACTCTT,0,4677469
ybeDp,0.2,4,4,CTGTAACAGGCCCACCCCCC,0,4653246
ybeDp,0.2,4,4,CTGTAAACTAGGTGAGCAGC,0,4661358
ybeDp,0.2,4,4,CTGGTGTAGTCCTTCTCTCA,0,4610790
ybeDp,0.2,4,4,CTGGTAGGGAGCTATCGATC,0,4635335
ybeDp,0.2,4,4,CTGGTAGAAGATTCGCATGT,0,4686957
ybeDp,0.2,4,4,CTGGGGGCTCCGGGGGGCTC,0,4613054
ybeDp,0.2,4,4,CTGGAGTTCTCGGTTTATGA,0,4606512
ybeDp,0.2,4,4,CTGGACCACTATGAATATAC,0,4648771
ybeDp,0.2,4,4,CTGCTAACGACTATGGCCGG,0,4609738
ybeDp,0.2,4,4,CTGCGCAACTCGGTGTCAGC,0,4632807
ybeDp,0.2,4,4,CTGCCATTCAATAACGGAGG,0,4641032
ybeDp,0.2,4,4,CTGCATCACTGTGTCTTGGC,0,4602527
ybeDp,0.2,4,4,CTGCAAGCAAGGCGGATCGG,0,4664409
ybeDp,0.2,4,4,CTGAGTGTATACTGCCAGGT,0,4632110
ybeDp,0.2,4,4,CTGACCTATCCTGTGTACGC,0,4678685
ybeDp,0.2,4,4,CTGACAGGTGGGATACATAC,0,4637473
ybeDp,0.2,4,4,CTGAATAGTAGGAAATGCGC,0,4647581
ybeDp,0.2,4,4,CTGAAGCAAAGTCATTCAAA,0,4633810
ybeDp,0.2,4,4,CTCTGTGTCCATGACTATCA,0,4611331
ybeDp,0.2,4,4,CTCTGACTGTACCTCAGTTT,0,4624935
ybeDp,0.2,4,4,CTCTCGTACGGTGATATTAG,0,4662552
ybeDp,0.2,4,4,CTCTCGCGGCCTTCATTCAT,0,4681341
ybeDp,0.2,4,4,CTCTCCACGAACGCCGATGC,0,4663691
ybeDp,0.2,4,4,CTCTAGGTTGTAATAGACGC,0,4665785
ybeDp,0.2,4,4,CTCTAAGTCTGTGGACTAAT,0,4611647
ybeDp,0.2,4,4,CTCGAGATTTAATTACCGTC,0,4674474
ybeDp,0.2,4,4,CTCCTGCAGCATCCCTCGGT,0,4605806
ybeDp,0.2,4,4,CTCCCGACAGGGCCATAAAC,0,4613651
ybeDp,0.2,4,4,CTCCAGTCGAGCTATAGAAC,0,4652727
ybeDp,0.2,4,4,CTCAGTGACCCAGTAATGCT,0,4634858
ybeDp,0.2,4,4,CTCAAATTGCAAAGGCACAC,0,4609311
ybeDp,0.2,4,4,CTATTCGGTGACAGTGTCTG,0,4682090
ybeDp,0.2,4,4,CTATGCTTGAGTCACCCTCC,0,4646419
ybeDp,0.2,4,4,CTATCCCGATGTGCGAGCAT,0,4682555
ybeDp,0.2,4,4,CTATATTGCCGTTCGAATCT,0,4601196
ybeDp,0.2,4,4,CTATAGGGCACGAAAAGCAT,0,4664202
ybeDp,0.2,4,4,CTAGTTTGTCGAAAAGTACC,0,4674162
ybeDp,0.2,4,4,CTAGGTGTATGTTAGGGTGC,0,4611066
ybeDp,0.2,4,4,CTAGCGAGACAAATTCAGCT,0,4646467
ybeDp,0.2,4,4,CTAGCAAGGTAACTCTACCA,0,4665196
ybeDp,0.2,4,4,CTACGTGTGATATTTATATG,0,4623826
ybeDp,0.2,4,4,CTACGTAATGGGTGAAACAT,0,4679266
ybeDp,0.2,4,4,CTACGGTAGACTCGGACACA,0,4651108
ybeDp,0.2,4,4,CTACAAAGGATAATGTCCCT,0,4643589
ybeDp,0.2,4,4,CTAATTTCCGGGACTATAAG,0,4633210
ybeDp,0.2,4,4,CTAATTCTGGGCGGGGGGTG,0,4674562
ybeDp,0.2,4,4,CTAATCGGGCATTCCCAAGA,0,4676251
ybeDp,0.2,4,4,CTAAGCAACTAATCGCGGAC,0,4664686
ybeDp,0.2,4,4,CTAACGCACAGGGATCTTGC,0,4656328
ybeDp,0.2,4,4,CTAACCCCTTTCCATTCAAT,0,4653555
ybeDp,0.2,4,4,CTAAACTTACTGAGGCTACA,0,4623633
ybeDp,0.2,4,4,CTAAACCTTATAAAGGCCCG,0,4652193
ybeDp,0.2,4,4,CGTTTACGCAAGTCACCCTA,0,4603571
ybeDp,0.2,4,4,CGTTGTGTCGAGGCAGAATT,0,4623451
ybeDp,0.2,4,4,CGTTCTAAGGGACGTTCGGA,0,4661743
ybeDp,0.2,4,4,CGTTCGTCCGGGTAATTCTG,0,4669326
ybeDp,0.2,4,4,CGTGTCCACTAGGAAATCTT,0,4645419
ybeDp,0.2,4,4,CGTGGTGGAGGTTGGTGTAG,0,4673892
ybeDp,0.2,4,4,CGTGGTCACGATTGGCACGA,0,4624413
ybeDp,0.2,4,4,CGTGGATGACTACGACTAGC,0,4669152
ybeDp,0.2,4,4,CGTGCGAGGCGAGAGATTGC,0,4659400
ybeDp,0.2,4,4,CGTGAGTAGCTTGTATCTTA,0,4627479
ybeDp,0.2,4,4,CGTCGGAGATGCAATAAGCA,0,4640340
ybeDp,0.2,4,4,CGTCCTAACCGGGTAAACTA,0,4601778
ybeDp,0.2,4,4,CGTCCGTTAAAAAACGCAAG,0,4668755
ybeDp,0.2,4,4,CGTCCGAGTGTTAGTGAATC,0,4653977
ybeDp,0.2,4,4,CGTCATTAGTAAGGCATCGT,0,4677008
ybeDp,0.2,4,4,CGTCATGACGATCTGTGGAG,0,4611887
ybeDp,0.2,4,4,CGTCATCTGGTGTGGGGTCA,0,4634340
ybeDp,0.2,4,4,CGTCAGTGAGAGTCTAACGA,0,4657017
ybeDp,0.2,4,4,CGTCAAGCAATTATCTTCAA,0,4684273
ybeDp,0.2,4,4,CGTATATCCGCTCCTCTGAG,0,4616615
ybeDp,0.2,4,4,CGTAGTACAAATGGCTGCTG,0,4659566
ybeDp,0.2,4,4,CGGTTTATCGTTGGCTCCAT,0,4607833
ybeDp,0.2,4,4,CGGTTGTTTCATGCAGAAGA,0,4682989
ybeDp,0.2,4,4,CGGTCGGACTCATACCATAT,0,4642970
ybeDp,0.2,4,4,CGGTATCAAGTACTCACGTT,0,4665153
ybeDp,0.2,4,4,CGGTAAGCTGGAAAATCACA,0,4605629
ybeDp,0.2,4,4,CGGGGGTTGTTGGAGGCCTG,0,4642596
ybeDp,0.2,4,4,CGGGCTCAAACGTCCAAAGG,0,4612714
ybeDp,0.2,4,4,CGGGCGTTTAAGACACGGGG,0,4642253
ybeDp,0.2,4,4,CGGGCGATCCAAACATGTTC,0,4625472
ybeDp,0.2,4,4,CGGGATCAGGTGTAGGGGCG,0,4610509
ybeDp,0.2,4,4,CGGGAACTTCCGAATACGGA,0,4663227
ybeDp,0.2,4,4,CGGCTTTATGCTGCTCCCAC,0,4606564
ybeDp,0.2,4,4,CGGCGTCTCGCACTCCGGCT,0,4657642
ybeDp,0.2,4,4,CGGCGGAGATGGTAGACAAA,0,4655759
ybeDp,0.2,4,4,CGGCGCACACCCCTGGATAT,0,4649168
ybeDp,0.2,4,4,CGGCGACGCGAGCACTGCAG,0,4603010
ybeDp,0.2,4,4,CGGCCCGTACTCGCCCAAGA,0,4666876
ybeDp,0.2,4,4,CGGCATGCATTACCCAAGTA,0,4663761
ybeDp,0.2,4,4,CGGCAGTTTGTTGGATATAG,0,4626808
ybeDp,0.2,4,4,CGGATTCGTGCTTGTCGGTG,0,4645165
ybeDp,0.2,4,4,CGGATGTAGGGTTTGAATTA,0,4607263
ybeDp,0.2,4,4,CGGATCTACATTAAGAGTTC,0,4652690
ybeDp,0.2,4,4,CGGAGGGGAGTGTGAATATC,0,4625775
ybeDp,0.2,4,4,CGGAGCGCGAGGTCATGATC,0,4601781
ybeDp,0.2,4,4,CGGAGAGCCTCTCCGGCGAG,0,4676480
ybeDp,0.2,4,4,CGGACTGCAGGCATGCATGT,0,4666627
ybeDp,0.2,4,4,CGGAACTGCTATTTCATAGA,0,4605631
ybeDp,0.2,4,4,CGGAACCGACCTTCTAGTGA,0,4609056
ybeDp,0.2,4,4,CGGAAACAAAATGGCTTCGA,0,4669068
ybeDp,0.2,4,4,CGCTTCTGATATTCGCTGGC,0,4659879
ybeDp,0.2,4,4,CGCTGTAGGTCCCCTGAGCA,0,4667524
ybeDp,0.2,4,4,CGCTGTACAGCATAGAGGCG,0,4646733
ybeDp,0.2,4,4,CGCTGGTTTTAGCGCAGATT,0,4627111
ybeDp,0.2,4,4,CGCTGGTTCGGAGCCGCAAC,0,4616972
ybeDp,0.2,4,4,CGCTCTGAGCCCCCCAGGTA,0,4609493
ybeDp,0.2,4,4,CGCTACGGGTGAAAAAAATG,0,4617808
ybeDp,0.2,4,4,CGCGTCGAAAATCTAACAAT,0,4638182
ybeDp,0.2,4,4,CGCGCGTAGCCTTCGACAAT,0,4640436
ybeDp,0.2,4,4,CGCGCGGTTAAAACTAAACG,0,4653275
ybeDp,0.2,4,4,CGCGCCTGTGGGTATGGCCC,0,4662523
ybeDp,0.2,4,4,CGCGAAGCCTGGAACTCTTT,0,4664067
ybeDp,0.2,4,4,CGCCGTCCAGGCTCTTCAAT,0,4637928
ybeDp,0.2,4,4,CGCCGCGCGTGTCTCTAGAT,0,4615015
ybeDp,0.2,4,4,CGCCGCCCCAATATTACCCA,0,4620025
ybeDp,0.2,4,4,CGCCAAACGGACTTGAAGGT,0,4624896
ybeDp,0.2,4,4,CGCATCCTTTTCGCTCCGAT,0,4603080
ybeDp,0.2,4,4,CGCAGCTCTCATGGAAACGT,0,4630616
ybeDp,0.2,4,4,CGCAGCGCGGCCGAAAGAAA,0,4618983
ybeDp,0.2,4,4,CGCACTCTCCGATATCTATG,0,4642844
ybeDp,0.2,4,4,CGATTCTGTGTGGAATTCAA,0,4655429
ybeDp,0.2,4,4,CGATCAGGACGCTCCACTAT,0,4610921
ybeDp,0.2,4,4,CGAGTTTACAGTTCTCTATC,0,4622556
ybeDp,0.2,4,4,CGAGTGTATTTTAGGGATGT,0,4616059
ybeDp,0.2,4,4,CGAGTCAGAATTTCCTTAAA,0,4670237
ybeDp,0.2,4,4,CGAGTATCTCCTAGAAAGCC,0,4673427
ybeDp,0.2,4,4,CGAGGGGACTGTTTCCGACA,0,4644882
ybeDp,0.2,4,4,CGAGCGTCTATCGATACAAC,0,4626941
ybeDp,0.2,4,4,CGAGCCGGGGGTTCCGCTTT,0,4640587
ybeDp,0.2,4,4,CGAGCCCCTGAAAGCAGTTC,0,4672664
ybeDp,0.2,4,4,CGAGCCCAGGTCATTGCGGT,0,4663640
ybeDp,0.2,4,4,CGAGCATGTACACGCATGGA,0,4651746
ybeDp,0.2,4,4,CGACCGTTATAGGATATGCA,0,4601131
ybeDp,0.2,4,4,CGACATGGTGGGCGTCAGTA,0,4650927
ybeDp,0.2,4,4,CGAATTGGTTGGGAACCGGA,0,4615791
ybeDp,0.2,4,4,CGAATAGGTACGTTGGGTCA,0,4668531
ybeDp,0.2,4,4,CGAAGCAGGTAACCGTCTAC,0,4628880
ybeDp,0.2,4,4,CGAACAGGATACTCACCCCC,0,4643532
ybeDp,0.2,4,4,CGAAACATGAGCCGGAGCGG,0,4637329
ybeDp,0.2,4,4,CCTTTGCCACCGTGGAGCTG,0,4626536
ybeDp,0.2,4,4,CCTTCCGGGGCAGTAAGTAT,0,4603673
ybeDp,0.2,4,4,CCTGTGGAGACACAAGGTTC,0,4674160
ybeDp,0.2,4,4,CCTGTATAGGCAAGAGGATC,0,4601801
ybeDp,0.2,4,4,CCTGTATACTCGCCGGGGCA,0,4620156
ybeDp,0.2,4,4,CCTGGGTTCGGCCGACGTTT,0,4678677
ybeDp,0.2,4,4,CCTGGCGGACTTTTCTTTGG,0,4609489
ybeDp,0.2,4,4,CCTGAGGCGGTGACCTCAAT,0,4631850
ybeDp,0.2,4,4,CCTGAGCCGTGCGTCCAACT,0,4673560
ybeDp,0.2,4,4,CCTGAACTATGAGTTTTTCT,0,4655874
ybeDp,0.2,4,4,CCTCTTCGGACTCGCTTCAA,0,4617083
ybeDp,0.2,4,4,CCTCCGCGGGCGAAGGTGTA,0,4654170
ybeDp,0.2,4,4,CCTAGCGGTAGACATGCCGT,0,4661386
ybeDp,0.2,4,4,CCTAGAATTGGTGCAGACGA,0,4620961
ybeDp,0.2,4,4,CCTACTCCGCATGGAAAAGA,0,4632555
ybeDp,0.2,4,4,CCTACTCAACGGTAGGCGAG,0,4652666
ybeDp,0.2,4,4,CCTACCAAAGTGCACTCAGT,0,4655289
ybeDp,0.2,4,4,CCTAAGGTCATACGTGTTAT,0,4612326
ybeDp,0.2,4,4,CCTAAAGGACGACACTGCCC,0,4649750
ybeDp,0.2,4,4,CCGTTTAGCGTATACTCGAG,0,4668664
ybeDp,0.2,4,4,CCGTTGCCACGTCGGGACTC,0,4687001
ybeDp,0.2,4,4,CCGTGCGCAGTCGAGACCTG,0,4605736
ybeDp,0.2,4,4,CCGTCTGTGGCTGACTCCTA,0,4670786
ybeDp,0.2,4,4,CCGTCACCTCCTTTGAAAAC,0,4644510
ybeDp,0.2,4,4,CCGTAGCTCACGGAACGTTA,0,4629758
ybeDp,0.2,4,4,CCGGTTACCGGCCCCTCCCG,0,4609770
ybeDp,0.2,4,4,CCGGCCCCATGATAACCTAA,0,4606001
ybeDp,0.2,4,4,CCGGACCTGTCCTCCTGAAG,0,4669802
ybeDp,0.2,4,4,CCGCCCGCTAGCTCATAATC,0,4615160
ybeDp,0.2,4,4,CCGCACTGACAGAATGGGCG,0,4623162
ybeDp,0.2,4,4,CCGATCTCCAGCTATGACCT,0,4633054
ybeDp,0.2,4,4,CCGATCGTATGTCTTCCGGG,0,4628900
ybeDp,0.2,4,4,CCGAGGGCAGTTACGCAAGG,0,4644277
ybeDp,0.2,4,4,CCGAAAGTGGTGGAGGGCAA,0,4630053
ybeDp,0.2,4,4,CCCTTGGATCGCGGGTCACC,0,4620627
ybeDp,0.2,4,4,CCCTGTTCCTTGTTCCGACT,0,4649716
ybeDp,0.2,4,4,CCCGGTCGATTGTAATAGTC,0,4662193
ybeDp,0.2,4,4,CCCGGCCGGCTTAGACCGTT,0,4639322
ybeDp,0.2,4,4,CCCGCTTTCATTTGCGTGTG,0,4655791
ybeDp,0.2,4,4,CCCGCTGCATGTCCGATTCA,0,4666405
ybeDp,0.2,4,4,CCCGATGTAAGCATGGCCAG,0,4684817
ybeDp,0.2,4,4,CCCCCCTGGCATTTTTGCTA,0,4613603
ybeDp,0.2,4,4,CCCCCAGACTACGAGCCTTA,0,4626722
ybeDp,0.2,4,4,CCCCAGCCTCAGCAGAATCT,0,4680124
ybeDp,0.2,4,4,CCCCACCTTTATGAGGCCGT,0,4634336
ybeDp,0.2,4,4,CCCATCGTCACTCTCTATAA,0,4669779
ybeDp,0.2,4,4,CCCAGAGTATTCTATCCAAT,0,4671420
ybeDp,0.2,4,4,CCATTGACCACCGTCGCATT,0,4612626
ybeDp,0.2,4,4,CCATTATCCATGTGAATGAA,0,4609656
ybeDp,0.2,4,4,CCATCGTAGCAACAATCTGA,0,4627972
ybeDp,0.2,4,4,CCAGGGTTCAGCCTGTATCG,0,4659621
ybeDp,0.2,4,4,CCAGGACCACCGAAGGCCCA,0,4645403
ybeDp,0.2,4,4,CCAGCTACATTGGCTAATGG,0,4664508
ybeDp,0.2,4,4,CCAGCATGGAGGGCTACTTC,0,4648455
ybeDp,0.2,4,4,CCAGAATCAAATATTCCCCT,0,4663693
ybeDp,0.2,4,4,CCACTGTGAGGAGGTGTTTA,0,4615303
ybeDp,0.2,4,4,CCACTGGGTGCCGGGTTGAC,0,4646904
ybeDp,0.2,4,4,CCACTAGCTGCTCGAGAAGC,0,4643922
ybeDp,0.2,4,4,CCACGTGTGAATCGTACGAG,0,4668455
ybeDp,0.2,4,4,CCACGCGCTGTCGGCTTCTC,0,4629615
ybeDp,0.2,4,4,CCACAGCATACCAATCCAAC,0,4659857
ybeDp,0.2,4,4,CCACACCGGATATATCACTT,0,4686198
ybeDp,0.2,4,4,CCACAATAGAATGGTGGCTC,0,4631011
ybeDp,0.2,4,4,CCAAGGCCTGTGTTAGACTG,0,4654096
ybeDp,0.2,4,4,CCAACTTTTAGACAATGCTT,0,4605339
ybeDp,0.2,4,4,CCAACTCCTGAGCAACGGGA,0,4608710
ybeDp,0.2,4,4,CCAACCCGGATGCTTCGGAT,0,4615699
ybeDp,0.2,4,4,CCAAAGCAACTAACCGGTGG,0,4630417
ybeDp,0.2,4,4,CATTTTAAAATCAGGTCAGT,0,4680802
ybeDp,0.2,4,4,CATTTAAGTCCTACACCGGG,0,4601298
ybeDp,0.2,4,4,CATTGGAGACCATTGCCCAT,0,4687417
ybeDp,0.2,4,4,CATTGATGACCCTTACATTG,0,4664689
ybeDp,0.2,4,4,CATTAGAGATCCCCGTCCAT,0,4637263
ybeDp,0.2,4,4,CATTACGTCTAGAGAGTAGT,0,4662739
ybeDp,0.2,4,4,CATGTAATGGGGGTCGATTT,0,4605296
ybeDp,0.2,4,4,CATGGGATTCCTACTAGCAA,0,4687725
ybeDp,0.2,4,4,CATGCTCAATCGTCTTAGTA,0,4670413
ybeDp,0.2,4,4,CATGCGGGCTGAACGGGTAG,0,4632558
ybeDp,0.2,4,4,CATGCCGTTCGGAAGGCGTG,0,4654868
ybeDp,0.2,4,4,CATGCCGCATAACCGGCTAC,0,4674938
ybeDp,0.2,4,4,CATGCAAATAGTCTCAAGCC,0,4682648
ybeDp,0.2,4,4,CATGAGGCTGTATCCGTGAA,0,4613356
ybeDp,0.2,4,4,CATGAATTAGCCCGGGCCCT,0,4616101
ybeDp,0.2,4,4,CATCTTCGCAGTTACTATTG,0,4618678
ybeDp,0.2,4,4,CATCTTCAAGTATCGTGTCT,0,4623859
ybeDp,0.2,4,4,CATCATTGACTAACGCTGTA,0,4654103
ybeDp,0.2,4,4,CATCATGCAAGGACCCGAGG,0,4616135
ybeDp,0.2,4,4,CATCAGTTGATTTCGTATGT,0,4666389
ybeDp,0.2,4,4,CATCAACTATACTCCAGTAG,0,4661690
ybeDp,0.2,4,4,CATATGCGGCCATAGTTCTC,0,4600844
ybeDp,0.2,4,4,CATATCGTCCATTCCAGCGC,0,4624743
ybeDp,0.2,4,4,CATATCGGCTCTCAACTCAC,0,4606155
ybeDp,0.2,4,4,CATAGGTGTTCCGGCGAGGC,0,4670357
ybeDp,0.2,4,4,CATAGAGAGGGGTGTGCATG,0,4634133
ybeDp,0.2,4,4,CATACGTCTCGTTCAACGGC,0,4622829
ybeDp,0.2,4,4,CAGTGTTTTGGACCTTCACG,0,4664091
ybeDp,0.2,4,4,CAGTCTTGAGCAGCGGATAA,0,4609213
ybeDp,0.2,4,4,CAGTCTGGGGTGGTATGGTA,0,4675111
ybeDp,0.2,4,4,CAGTCGGTTAGGCCTAGGAA,0,4677213
ybeDp,0.2,4,4,CAGGTCTGAGCACTAGAGCT,0,4646196
ybeDp,0.2,4,4,CAGGCGATTGGGTCAGTAGT,0,4666933
ybeDp,0.2,4,4,CAGGCAAAGCGACGTTTGCA,0,4659810
ybeDp,0.2,4,4,CAGGATTTGGGGACCAATAC,0,4686275
ybeDp,0.2,4,4,CAGGATTCTGGTTATGTCAA,0,4667426
ybeDp,0.2,4,4,CAGGATATGCACCGCCTCCT,0,4635194
ybeDp,0.2,4,4,CAGGACTTAGGTGTGCGCGC,0,4660092
ybeDp,0.2,4,4,CAGGACTGTGTCTGCCTATC,0,4602606
ybeDp,0.2,4,4,CAGGAACTTATGCCTTCTTC,0,4614217
ybeDp,0.2,4,4,CAGCTTGGGTGGCATGATCA,0,4666815
ybeDp,0.2,4,4,CAGCTGACAGAAATTTATTA,0,4614463
ybeDp,0.2,4,4,CAGCGGACGGGTCGGGGAAT,0,4658328
ybeDp,0.2,4,4,CAGCCTGTCCAGGGAACTCT,0,4663435
ybeDp,0.2,4,4,CAGCATGGTTATCTGCACCT,0,4620925
ybeDp,0.2,4,4,CAGCAGGTGCTAGCCTTGCT,0,4680150
ybeDp,0.2,4,4,CAGCAACAGCATTACGTATC,0,4670198
ybeDp,0.2,4,4,CAGAGGCGAGGGCACGGGTA,0,4619069
ybeDp,0.2,4,4,CAGAGCGGTTTATAAATTTA,0,4680082
ybeDp,0.2,4,4,CAGACGCCCGTGTTGCCATC,0,4666022
ybeDp,0.2,4,4,CAGACCAGCGTAGTACTCAC,0,4633442
ybeDp,0.2,4,4,CAGACACTCAGACGACCTGA,0,4601408
ybeDp,0.2,4,4,CAGAAGGCAGAGGGTAGAAT,0,4648536
ybeDp,0.2,4,4,CAGAAGCTGGACCCATGTAG,0,4604607
ybeDp,0.2,4,4,CAGAACCTGCCCAGCCTTCG,0,4631069
ybeDp,0.2,4,4,CACTGTTTCCTTAAGGGAGT,0,4612600
ybeDp,0.2,4,4,CACTGCTTTTCGAGGTCCGA,0,4602936
ybeDp,0.2,4,4,CACTGCAGAGTGCAACGATA,0,4652824
ybeDp,0.2,4,4,CACTCATAAGACCCGGCGGT,0,4602935
ybeDp,0.2,4,4,CACTCAATAGTTGGGTGAAG,0,4611255
ybeDp,0.2,4,4,CACTAACGGCGGCGGAGGTA,0,4671674
ybeDp,0.2,4,4,CACGTGGGCTCCAGGTAAGC,0,4604656
ybeDp,0.2,4,4,CACGTGCCCCGCGTGCCACC,0,4604393
ybeDp,0.2,4,4,CACGTAACGTAACGAATGGC,0,4682748
ybeDp,0.2,4,4,CACGTAAATCTCGATCAAGC,0,4661431
ybeDp,0.2,4,4,CACGGCAATCCAATGCTCTG,0,4627365
ybeDp,0.2,4,4,CACGGACCAGCGTATCAGTT,0,4678629
ybeDp,0.2,4,4,CACGCGCGGCTTAATCCATT,0,4650186
ybeDp,0.2,4,4,CACGAGACTTACTAGGTCCC,0,4624828
ybeDp,0.2,4,4,CACCTGTGTATTCGGACTGC,0,4633149
ybeDp,0.2,4,4,CACCTACGACACTGACGGGG,0,4636161
ybeDp,0.2,4,4,CACAGCACTGCGACGGGAAG,0,4663798
ybeDp,0.2,4,4,CACACAGCGCGCGATGAAGA,0,4664621
ybeDp,0.2,4,4,CAATTATGACCGTCCGGCGG,0,4603615
ybeDp,0.2,4,4,CAATGTCCGATTAAATCGCG,0,4627756
ybeDp,0.2,4,4,CAATGCATTTTTGGCCCGGT,0,4613606
ybeDp,0.2,4,4,CAATCGCCAGGCTAGATCAG,0,4638448
ybeDp,0.2,4,4,CAATCACGGTGGGTACACAC,0,4663019
ybeDp,0.2,4,4,CAATAACCATGAGCACCCTG,0,4635930
ybeDp,0.2,4,4,CAAGGTTTGTTATCCTACGG,0,4686739
ybeDp,0.2,4,4,CAAGCTGAGATACTGACATG,0,4652461
ybeDp,0.2,4,4,CAAGCGTGACGGTGATTACT,0,4630330
ybeDp,0.2,4,4,CAAGCAGTTTAAGGTCCAGT,0,4685050
ybeDp,0.2,4,4,CAAGATCATTACTTTGAGAC,0,4636825
ybeDp,0.2,4,4,CAAGACCATAGCTTTTCATG,0,4634469
ybeDp,0.2,4,4,CAACCACTCGCGCCCGGATA,0,4614377
ybeDp,0.2,4,4,CAACATATACGAAATTGAGC,0,4626754
ybeDp,0.2,4,4,CAACAGATTCGTGTACTACC,0,4679580
ybeDp,0.2,4,4,CAACAGAGTCGAATGGCGGT,0,4647487
ybeDp,0.2,4,4,CAAATGTAGATATATGGATC,0,4627777
ybeDp,0.2,4,4,CAAAAGCAGCCGCATGGGCA,0,4616352
ybeDp,0.2,4,4,CAAAACGCGATCCTTACGAA,0,4666344
ybeDp,0.2,4,4,CAAAAAGCCTGACTTCGCGG,0,4686703
ybeDp,0.2,4,4,ATTTTCAACAGGGAAAGAGC,0,4686092
ybeDp,0.2,4,4,ATTTCACCCAACCCCCCCCA,0,4625629
ybeDp,0.2,4,4,ATTTCAACGCATATGTAAAT,0,4637715
ybeDp,0.2,4,4,ATTGTGGACAGCGACTTCTT,0,4681232
ybeDp,0.2,4,4,ATTGTGCTGCGTTTGGTATT,0,4642918
ybeDp,0.2,4,4,ATTGTGCGCTTCTCGTATTG,0,4663002
ybeDp,0.2,4,4,ATTGTACATGATGTTAGGGA,0,4644224
ybeDp,0.2,4,4,ATTGTAAGTCAGTTACTAGC,0,4623073
ybeDp,0.2,4,4,ATTGGTCTCTTGGGTTTACT,0,4657392
ybeDp,0.2,4,4,ATTGCGACCTTTGAATACGC,0,4649211
ybeDp,0.2,4,4,ATTGATTCCGTGTCCATAGA,0,4654847
ybeDp,0.2,4,4,ATTCTGGTTAGAGACTGTCT,0,4610432
ybeDp,0.2,4,4,ATTCTGGAGCAATCCGTGAG,0,4647433
ybeDp,0.2,4,4,ATTCTATAACAAGAGTGGGC,0,4661333
ybeDp,0.2,4,4,ATTCGTTCACCCAAAATGAG,0,4650995
ybeDp,0.2,4,4,ATTCCGTATACATTGGAGCG,0,4675389
ybeDp,0.2,4,4,ATTCAGATCAGCAACGGGTG,0,4680355
ybeDp,0.2,4,4,ATTCAATAATATCACCCGAG,0,4680520
ybeDp,0.2,4,4,ATTACATACAGGAGCGTAAT,0,4607160
ybeDp,0.2,4,4,ATTAACAGATGCAACCTGCA,0,4645007
ybeDp,0.2,4,4,ATGTGTATTTCTCATTTGGA,0,4676204
ybeDp,0.2,4,4,ATGTGTAGTAATGTGAACTA,0,4677448
ybeDp,0.2,4,4,ATGTGGTTTCGTTCAATGAC,0,4670036
ybeDp,0.2,4,4,ATGTAAAGATATATGGTTGT,0,4601480
ybeDp,0.2,4,4,ATGGGTTGGGACAACGGAAT,0,4627118
ybeDp,0.2,4,4,ATGGGGGTCGGAATACCGAC,0,4612702
ybeDp,0.2,4,4,ATGGGGATTATCGGTAGGTT,0,4630777
ybeDp,0.2,4,4,ATGGCTCGTTATGTCGGGGG,0,4679115
ybeDp,0.2,4,4,ATGGCTAGATGAATCTTGAA,0,4617944
ybeDp,0.2,4,4,ATGGCGGGTGGGATTGCAAG,0,4651791
ybeDp,0.2,4,4,ATGGCCCGAAAGTGAGATCG,0,4615413
ybeDp,0.2,4,4,ATGGCAGGTCCCGTATTCCT,0,4674148
ybeDp,0.2,4,4,ATGGAGACTCCGACATGTCG,0,4671327
ybeDp,0.2,4,4,ATGGACCCGGGAAGCAGACC,0,4641893
ybeDp,0.2,4,4,ATGCTTAGTTTATCTAAGTC,0,4606384
ybeDp,0.2,4,4,ATGCTTACCGCGGCTCGTGT,0,4618042
ybeDp,0.2,4,4,ATGCTCAACCGAAAACGGAT,0,4613218
ybeDp,0.2,4,4,ATGCTACCTAAGCACTCTCA,0,4678441
ybeDp,0.2,4,4,ATGCCACATCAATAGGGAGC,0,4610437
ybeDp,0.2,4,4,ATGCACAGGAGAGACCTGGA,0,4638365
ybeDp,0.2,4,4,ATGATTTTTGACGTGCGATG,0,4673998
ybeDp,0.2,4,4,ATGAGTCTCTGCACTTATAG,0,4670838
ybeDp,0.2,4,4,ATGACTACAGTGGAAACACT,0,4684621
ybeDp,0.2,4,4,ATGACAGTACGTATCAAACG,0,4636734
ybeDp,0.2,4,4,ATGAAGTACTAACGACGAAT,0,4613596
ybeDp,0.2,4,4,ATGAAATATATTAACAGTGA,0,4665461
ybeDp,0.2,4,4,ATGAAACTCGTAATGCGCCA,0,4654303
ybeDp,0.2,4,4,ATCTTCCGGAAATGCAAGCG,0,4625828
ybeDp,0.2,4,4,ATCTTCATTATTAAACCCCG,0,4665712
ybeDp,0.2,4,4,ATCTTACACACCGGTCCGGG,0,4673873
ybeDp,0.2,4,4,ATCTGTAGACCTTTAAAGCC,0,4622086
ybeDp,0.2,4,4,ATCTGCGAACGCACACACTT,0,4657146
ybeDp,0.2,4,4,ATCTGAGATTCGGCTCGAAG,0,4673530
ybeDp,0.2,4,4,ATCTAGCCTCGGGAGGAAGT,0,4613732
ybeDp,0.2,4,4,ATCGGTACCTTATTCTGTAA,0,4622442
ybeDp,0.2,4,4,ATCGGGTCCGCTTGAATGCC,0,4609130
ybeDp,0.2,4,4,ATCGGAGATAGACTCCGACG,0,4604509
ybeDp,0.2,4,4,ATCGCATAGATTCACCATAG,0,4682203
ybeDp,0.2,4,4,ATCGATTCGGTGTTCGCGTC,0,4621094
ybeDp,0.2,4,4,ATCCTGTTATCTCCTTCTAC,0,4639173
ybeDp,0.2,4,4,ATCCTAGCGCGCGTGTGGCT,0,4620281
ybeDp,0.2,4,4,ATCCGGCGTTCGAGCTCCTT,0,4672911
ybeDp,0.2,4,4,ATCCAGCCACTACTGCGCTG,0,4617085
ybeDp,0.2,4,4,ATCAGGCAACATGGACTAGG,0,4674744
ybeDp,0.2,4,4,ATCAACCTGCTCCAGGTTTG,0,4618395
ybeDp,0.2,4,4,ATATTCTAGCTAGCGCTTTA,0,4651728
ybeDp,0.2,4,4,ATATCGGGGGTTCGCATTGT,0,4628229
ybeDp,0.2,4,4,ATATATAAGCCACGCGTAGC,0,4614262
ybeDp,0.2,4,4,ATATACAGCGGGACATGGTA,0,4655363
ybeDp,0.2,4,4,ATATAAAAACTGGCGTTGGT,0,4632874
ybeDp,0.2,4,4,ATAGTTTCGTTGGACGCTAA,0,4622659
ybeDp,0.2,4,4,ATAGGTGCGAGAAGTCGCTG,0,4667749
ybeDp,0.2,4,4,ATAGGCCCGCCAACTTTTGC,0,4644040
ybeDp,0.2,4,4,ATAGGACCGCGTGCGAGTAG,0,4653962
ybeDp,0.2,4,4,ATAGCGGGCCGGAATCCCTA,0,4621925
ybeDp,0.2,4,4,ATAGAGGGACGCGTGTGAAG,0,4660361
ybeDp,0.2,4,4,ATAGAGGATTGACACAAGTT,0,4658399
ybeDp,0.2,4,4,ATACTTTGTCTGCAAAGGTA,0,4671519
ybeDp,0.2,4,4,ATACTTGTGTGTAGGCAAGC,0,4658943
ybeDp,0.2,4,4,ATACTGGTGAGTGAGGCGAC,0,4645568
ybeDp,0.2,4,4,ATACCTTAGGGCGGCGCAAC,0,4616911
ybeDp,0.2,4,4,ATACATCCGGAATTGATAGG,0,4657144
ybeDp,0.2,4,4,ATAATTAGTGGCGATGAACA,0,4628176
ybeDp,0.2,4,4,ATAAGTTTCCCTATTGGGAC,0,4619637
ybeDp,0.2,4,4,ATAAAGCTGATGAATTTTAG,0,4601555
ybeDp,0.2,4,4,ATAAACGAACATGGTGGCCT,0,4677850
ybeDp,0.2,4,4,AGTTTCGGAGGCCTCATTTG,0,4605042
ybeDp,0.2,4,4,AGTTGCGACCCTGGGAACTC,0,4635364
ybeDp,0.2,4,4,AGTTGCATTTCGGTCTCTGA,0,4680236
ybeDp,0.2,4,4,AGTTCTCCGGTCACGACTCT,0,4614486
ybeDp,0.2,4,4,AGTTCCAATTGAAAAGCGAC,0,4638141
ybeDp,0.2,4,4,AGTTAGCGGAAACTCGCAAG,0,4678300
ybeDp,0.2,4,4,AGTGTTCGGCGGTCATGTCA,0,4637877
ybeDp,0.2,4,4,AGTGTTACAGATAGAAGACT,0,4678342
ybeDp,0.2,4,4,AGTGTACCAGATGATCGGAC,0,4651600
ybeDp,0.2,4,4,AGTGGGTTTATATCAGAGGG,0,4647038
ybeDp,0.2,4,4,AGTGGGGGCTTTCTGATCGC,0,4610237
ybeDp,0.2,4,4,AGTGGGGCTGCCTGCGCTCT,0,4602012
ybeDp,0.2,4,4,AGTGGGAACCAGCGAGGTTT,0,4617012
ybeDp,0.2,4,4,AGTGCGCTAGTTTGTGACCG,0,4625763
ybeDp,0.2,4,4,AGTGATCGGCGGCGCATCTT,0,4619559
ybeDp,0.2,4,4,AGTGATCGGAGAGTGCTCGA,0,4686265
ybeDp,0.2,4,4,AGTGATACGAAATCTGATGA,0,4688188
ybeDp,0.2,4,4,AGTGACAAAAGCTTTCTTCA,0,4670521
ybeDp,0.2,4,4,AGTGAATACAAGGAGGTCAC,0,4604118
ybeDp,0.2,4,4,AGTCTGCAAGCCTCTGACGT,0,4654051
ybeDp,0.2,4,4,AGTCTCTTAATAAAGCACAA,0,4666190
ybeDp,0.2,4,4,AGTCGCTTAAAGTCATAGGT,0,4628588
ybeDp,0.2,4,4,AGTCGCTGGACTGCCCTCAC,0,4640614
ybeDp,0.2,4,4,AGTCCTTCCACAGGTCAAAC,0,4651768
ybeDp,0.2,4,4,AGTCCCCGCGAGGCCAAGGG,0,4644315
ybeDp,0.2,4,4,AGTCATAGACCGTCTATGTT,0,4642754
ybeDp,0.2,4,4,AGTATGTCTGTATGCTTCTG,0,4602928
ybeDp,0.2,4,4,AGTAGGCAACCTACCACTAA,0,4662033
ybeDp,0.2,4,4,AGTAGCCTCACAGTGATTTC,0,4619064
ybeDp,0.2,4,4,AGTAGAACTTTCAGGGCCAA,0,4640384
ybeDp,0.2,4,4,AGTACTATCAACGCAAGTTC,0,4660611
ybeDp,0.2,4,4,AGTACCGGCCGTAGTTCCTT,0,4619222
ybeDp,0.2,4,4,AGTACATTGAAGTAGCAGTT,0,4604996
ybeDp,0.2,4,4,AGTAATCCAGCATGAGCTGC,0,4652113
ybeDp,0.2,4,4,AGGTTAGACTGCCGGATTGA,0,4632737
ybeDp,0.2,4,4,AGGTGGAAAGCGATAGAACA,0,4675154
ybeDp,0.2,4,4,AGGTCGTATATTCCTGCACG,0,4675797
ybeDp,0.2,4,4,AGGGTGACTGACTCGGAGGG,0,4620170
ybeDp,0.2,4,4,AGGGTCGCCCCTGCGGGTTT,0,4646048
ybeDp,0.2,4,4,AGGGGGCCATGGGCTGGTAG,0,4677136
ybeDp,0.2,4,4,AGGGGCCTCCCGCCGCGCGT,0,4610866
ybeDp,0.2,4,4,AGGGCCTGTGTTGGTCACAT,0,4673078
ybeDp,0.2,4,4,AGGGCAGGCAAGGGTTGTAA,0,4608745
ybeDp,0.2,4,4,AGGGACACGCTGTGTCATTG,0,4630622
ybeDp,0.2,4,4,AGGGAACGTTAAGGTATGCG,0,4630406
ybeDp,0.2,4,4,AGGCTCGAGCGAGGTCCTAC,0,4610271
ybeDp,0.2,4,4,AGGCTACGACAAAACCTTGC,0,4629092
ybeDp,0.2,4,4,AGGCGTGGGAATGTGCGCGA,0,4683011
ybeDp,0.2,4,4,AGGCGGCCCATTAAGCTAGG,0,4655447
ybeDp,0.2,4,4,AGGCCTGTACGGCGCCTCCC,0,4656726
ybeDp,0.2,4,4,AGGCATCGGGCGGGGAATCA,0,4627237
ybeDp,0.2,4,4,AGGCACGCAGTAACGAATGT,0,4636461
ybeDp,0.2,4,4,AGGCAACGTGCTGACCGGTG,0,4663561
ybeDp,0.2,4,4,AGGATAGATGTATCACGGGG,0,4663616
ybeDp,0.2,4,4,AGGATAGAAACTACGGGCCA,0,4657829
ybeDp,0.2,4,4,AGGAGGGAAAGCTTAATCCC,0,4601601
ybeDp,0.2,4,4,AGGAGCAATTGACCGATCAC,0,4612268
ybeDp,0.2,4,4,AGGACTGAGAACCATTCGAG,0,4667302
ybeDp,0.2,4,4,AGGAAGAACACATACGCCTG,0,4613843
ybeDp,0.2,4,4,AGGAAATCATTTGGCGGGCA,0,4616016
ybeDp,0.2,4,4,AGCTTGGCCGTTTGCGTTTA,0,4654763
ybeDp,0.2,4,4,AGCTTCGATTATAATCGGCA,0,4665147
ybeDp,0.2,4,4,AGCTGATGGGCTAGCACAGA,0,4634432
ybeDp,0.2,4,4,AGCTGATCGCAGCTGCAACC,0,4614681
ybeDp,0.2,4,4,AGCTCGCCTTAGGAACGCGA,0,4613451
ybeDp,0.2,4,4,AGCTCACCTCCGTGTTACTA,0,4687067
ybeDp,0.2,4,4,AGCGTTATCAATCGCTCAGA,0,4601746
ybeDp,0.2,4,4,AGCGTAGCGCATGGGGGATC,0,4671582
ybeDp,0.2,4,4,AGCGGCGAGGCGAACAATCG,0,4663423
ybeDp,0.2,4,4,AGCGCGGGGTACATGCCGAC,0,4642116
ybeDp,0.2,4,4,AGCGATACCCTAGGCCGGTC,0,4651835
ybeDp,0.2,4,4,AGCGACTGCGCCAAACACAC,0,4608368
ybeDp,0.2,4,4,AGCCGCTCGTTTTATAGGAT,0,4611523
ybeDp,0.2,4,4,AGCCAGGGGAGGGGGCAGGT,0,4622125
ybeDp,0.2,4,4,AGCCAAGTTTACATAGAGTT,0,4660027
ybeDp,0.2,4,4,AGCATGCCGAGTGGTTTGAC,0,4608646
ybeDp,0.2,4,4,AGCACGTATAATTCGCCTTC,0,4647481
ybeDp,0.2,4,4,AGCAAGGCATTCGAGTTCCG,0,4659967
ybeDp,0.2,4,4,AGCAAAGGGCGATATGGGGT,0,4663905
ybeDp,0.2,4,4,AGATGATTCAGAATAATGAT,0,4609531
ybeDp,0.2,4,4,AGATCCGTATGTGTTCATTT,0,4604780
ybeDp,0.2,4,4,AGATAGGCACAAAGCTCACG,0,4619448
ybeDp,0.2,4,4,AGAGTTGGGCAAACTGTTCA,0,4618326
ybeDp,0.2,4,4,AGAGTTGATGCTGGGCTTAG,0,4682242
ybeDp,0.2,4,4,AGAGTTCATAGTGGCGCCGT,0,4682445
ybeDp,0.2,4,4,AGAGTCGGACGCGTGGCTTT,0,4629879
ybeDp,0.2,4,4,AGAGGGTTGTGCCCGGGCGG,0,4645344
ybeDp,0.2,4,4,AGAGCGTTACTTGATTCCAT,0,4607789
ybeDp,0.2,4,4,AGAGCGGTCTCTCAAGATTT,0,4645951
ybeDp,0.2,4,4,AGAGCCCTGGCTCAAACGGC,0,4647254
ybeDp,0.2,4,4,AGAGAGTAGGCCAAGAGCTT,0,4662041
ybeDp,0.2,4,4,AGACGGCTCCCGTGTTACGG,0,4659388
ybeDp,0.2,4,4,AGACGGAAAATTGGTCGGTG,0,4605890
ybeDp,0.2,4,4,AGACGAGCCGGTGTTGGCAT,0,4631195
ybeDp,0.2,4,4,AGACCGTATTCTTTAACTCA,0,4646023
ybeDp,0.2,4,4,AGACCGGGTCACACGGGCTT,0,4677127
ybeDp,0.2,4,4,AGACAGGGATACCAACTGGC,0,4671800
ybeDp,0.2,4,4,AGAATGGCGGACAGTACGAA,0,4623054
ybeDp,0.2,4,4,AGAATGCACCAAGGGGGTAA,0,4671967
ybeDp,0.2,4,4,AGAATCTGATGGAATCAGCT,0,4616807
ybeDp,0.2,4,4,AGAAGTCAATCCGAGGACTT,0,4607806
ybeDp,0.2,4,4,AGAAGACGTGGGTTAAGGGA,0,4631259
ybeDp,0.2,4,4,AGAAAGACTTCTAGTGGGTG,0,4619597
ybeDp,0.2,4,4,AGAAACTCGACCGAATTCGG,0,4618038
ybeDp,0.2,4,4,AGAAAAAGGAGCCCTCGTTC,0,4603346
ybeDp,0.2,4,4,ACTTTCATAAATAACGTGGT,0,4605781
ybeDp,0.2,4,4,ACTTTCACTGAGCTTCGATG,0,4623906
ybeDp,0.2,4,4,ACTTTAGGTCGGTTAAGCTG,0,4620161
ybeDp,0.2,4,4,ACTTTACGCGTCGCCATCAG,0,4610902
ybeDp,0.2,4,4,ACTGGTTACTGGGTCAGAAG,0,4654152
ybeDp,0.2,4,4,ACTGCCTCTGCGGCACCAGG,0,4670169
ybeDp,0.2,4,4,ACTGCAAGTGAACAATGTAG,0,4641933
ybeDp,0.2,4,4,ACTCTTATAGGTGTGCCCAA,0,4666269
ybeDp,0.2,4,4,ACTCGGGGTTGCTCCAGGCA,0,4612599
ybeDp,0.2,4,4,ACTCCGAGGGGTAGTTCTAG,0,4609406
ybeDp,0.2,4,4,ACTATCTCTGGACTCGTCGC,0,4619413
ybeDp,0.2,4,4,ACTATATGTACATACGGCAA,0,4686024
ybeDp,0.2,4,4,ACTAGGAAGCGAATTTAAGG,0,4656669
ybeDp,0.2,4,4,ACTACTTACCTTGATAGGAA,0,4603746
ybeDp,0.2,4,4,ACTAATCTATCCCATTATTC,0,4617136
ybeDp,0.2,4,4,ACTAATATGCGCGCCCTGGG,0,4670175
ybeDp,0.2,4,4,ACTAAGTAGAGAGACTGAGA,0,4654784
ybeDp,0.2,4,4,ACTAACTGGCACGGAAGTGT,0,4662136
ybeDp,0.2,4,4,ACGTTATGATACAGTAACTA,0,4601089
ybeDp,0.2,4,4,ACGTGTCATGGGACACATTT,0,4643476
ybeDp,0.2,4,4,ACGTGGGTCTAGGCTAGGGT,0,4610147
ybeDp,0.2,4,4,ACGTGGAGGCGCTTCATACA,0,4661484
ybeDp,0.2,4,4,ACGTCGGCTCTGCTAGCCGC,0,4640543
ybeDp,0.2,4,4,ACGTAGACAACAGGCACTAA,0,4687120
ybeDp,0.2,4,4,ACGTACACGCGGCTCGAGAC,0,4646974
ybeDp,0.2,4,4,ACGGTTCCTTCTTATGATCG,0,4631863
ybeDp,0.2,4,4,ACGGTACCGTCATGCAAAGT,0,4629574
ybeDp,0.2,4,4,ACGGCCGGCGCCTTCTAACA,0,4611991
ybeDp,0.2,4,4,ACGGAGACGTTACAGCTTAT,0,4661785
ybeDp,0.2,4,4,ACGGACATGAAAAAGAAAAT,0,4646985
ybeDp,0.2,4,4,ACGGAACGCTTGCTATCTAC,0,4650404
ybeDp,0.2,4,4,ACGCTTCGGGATCCGCATCA,0,4636213
ybeDp,0.2,4,4,ACGCTGGAGGTCTTCGCGGT,0,4610240
ybeDp,0.2,4,4,ACGCTCCCTGGGGAACCGAC,0,4673126
ybeDp,0.2,4,4,ACGCCTCTGCATAGTACAGT,0,4632671
ybeDp,0.2,4,4,ACGCCGCATCATTTCGATTC,0,4685957
ybeDp,0.2,4,4,ACGCAGTCCAGAATAAAAGC,0,4609174
ybeDp,0.2,4,4,ACGCAAACACTGCATCGCAG,0,4687524
ybeDp,0.2,4,4,ACGATTTGAAACTCTGTTAA,0,4682960
ybeDp,0.2,4,4,ACGATTCAGTAACACACCTA,0,4638102
ybeDp,0.2,4,4,ACGATCGATGCTCCCTGCAG,0,4601885
ybeDp,0.2,4,4,ACGATATGAGATCGCAGCAT,0,4647524
ybeDp,0.2,4,4,ACGAGTGTAGTCTCATAAAG,0,4615967
ybeDp,0.2,4,4,ACGAGTGGGTTAATCCGGCA,0,4656293
ybeDp,0.2,4,4,ACGAGGTCAAGCTCACGCTG,0,4637614
ybeDp,0.2,4,4,ACGACTCTTTGTATGTCTCA,0,4628645
ybeDp,0.2,4,4,ACGACACGTAGATCACCTAG,0,4630035
ybeDp,0.2,4,4,ACCTTCAGGCTCATGCCGTT,0,4607959
ybeDp,0.2,4,4,ACCTGGGCATGGTTTACTAC,0,4605395
ybeDp,0.2,4,4,ACCTAACAGACGAGCGAGCA,0,4624879
ybeDp,0.2,4,4,ACCGTGTTAGAAGGCTACTT,0,4670595
ybeDp,0.2,4,4,ACCGGCTGTGCCTAACGGTA,0,4653315
ybeDp,0.2,4,4,ACCGCTTAGCTCAAGCGCCG,0,4613525
ybeDp,0.2,4,4,ACCGCTAGGCCGCACCTCTT,0,4601716
ybeDp,0.2,4,4,ACCGCCCAACGTTGAGCATG,0,4641100
ybeDp,0.2,4,4,ACCCCCTGTCGGTGTAGTTC,0,4603305
ybeDp,0.2,4,4,ACCCAGGATGTGTCAGCGAG,0,4670550
ybeDp,0.2,4,4,ACCATCTGCGGTTATCAGGT,0,4601313
ybeDp,0.2,4,4,ACCATACAACGGAAGAACGA,0,4662550
ybeDp,0.2,4,4,ACCAGTGCCGATGCGTTAGC,0,4657460
ybeDp,0.2,4,4,ACCAGGCCGGGAGAACGCTT,0,4674965
ybeDp,0.2,4,4,ACCAGATAGGACCCTCTTGT,0,4680587
ybeDp,0.2,4,4,ACCACACTTCGTAAGGCCTT,0,4623882
ybeDp,0.2,4,4,ACCAAGCTCCTTACTGGCTC,0,4602837
ybeDp,0.2,4,4,ACCAACACGACTTGGCCAAC,0,4630772
ybeDp,0.2,4,4,ACATGATCCGTGGCTTGTTT,0,4633714
ybeDp,0.2,4,4,ACAGTTTTGAAAGGTACGAT,0,4640239
ybeDp,0.2,4,4,ACAGTGATCTTTGCCTCAGG,0,4673675
ybeDp,0.2,4,4,ACAGGGGGCATATAACCGTA,0,4607502
ybeDp,0.2,4,4,ACAGGGGCGCTCTACGTATT,0,4658218
ybeDp,0.2,4,4,ACAGCCGGATGGGAGCTATC,0,4683716
ybeDp,0.2,4,4,ACAGCAGGGCAATGTGTCTA,0,4638567
ybeDp,0.2,4,4,ACAGAACGTTAGCTACGTCT,0,4671767
ybeDp,0.2,4,4,ACACTGTTTTGTTGACTTTA,0,4602127
ybeDp,0.2,4,4,ACACTGATCCGCTAGCGATT,0,4635559
ybeDp,0.2,4,4,ACACTCCTACCTTGGAGCTG,0,4671414
ybeDp,0.2,4,4,ACACTAACAGAGTAGGGGCG,0,4663511
ybeDp,0.2,4,4,ACACGGTCTCATTGACTACT,0,4665182
ybeDp,0.2,4,4,ACACCGGTGAGACCGATGTT,0,4607629
ybeDp,0.2,4,4,ACACCGCGGTGCCAGGTCGT,0,4623670
ybeDp,0.2,4,4,ACACAGCGACACAGCCTACT,0,4661234
ybeDp,0.2,4,4,ACACAATTCGGAAGTGATTG,0,4655129
ybeDp,0.2,4,4,ACAATGTACATAAGCATTCA,0,4663436
ybeDp,0.2,4,4,ACAATATGCGCGTGATAGAC,0,4667235
ybeDp,0.2,4,4,ACAATAAGAATTTCTTACAC,0,4628719
ybeDp,0.2,4,4,ACAAGCCTGCACCATTAAGT,0,4622878
ybeDp,0.2,4,4,ACAACCTGGATCAGCCGTAT,0,4614990
ybeDp,0.2,4,4,ACAACCGGAGTTTAGTTGCC,0,4602362
ybeDp,0.2,4,4,AATTTTGGAGGACCGGCACC,0,4678758
ybeDp,0.2,4,4,AATTTCTGGGGCCTTAATGG,0,4670309
ybeDp,0.2,4,4,AATTCTACGAGCGCACCACA,0,4639471
ybeDp,0.2,4,4,AATTATCACTTCTGTTAGCA,0,4631399
ybeDp,0.2,4,4,AATTAGCTTAAGGGACAGTT,0,4676840
ybeDp,0.2,4,4,AATTAAGGGCCTCTAGCATA,0,4671033
ybeDp,0.2,4,4,AATGTTTTCGCGGTTGAATA,0,4670722
ybeDp,0.2,4,4,AATGTATTAACAGCGGGCAG,0,4618064
ybeDp,0.2,4,4,AATGGCATAAATACCTTGCT,0,4665240
ybeDp,0.2,4,4,AATGCTGACCGCAGCTCGGT,0,4613992
ybeDp,0.2,4,4,AATGCCCTCACTACTTTGAC,0,4677550
ybeDp,0.2,4,4,AATGCCAGAGGGGACGGACC,0,4686532
ybeDp,0.2,4,4,AATGATGCGGACCAAGGGTA,0,4644543
ybeDp,0.2,4,4,AATGACACTGGAAGAACAAA,0,4657742
ybeDp,0.2,4,4,AATGACAAGTTTGGCGGTCG,0,4684262
ybeDp,0.2,4,4,AATGAATTTATAAATAAAAG,0,4614629
ybeDp,0.2,4,4,AATCCGAACTACTGCAATCC,0,4648189
ybeDp,0.2,4,4,AATCAGCATCACAGCACTTT,0,4636991
ybeDp,0.2,4,4,AATAATGACAGTTGTGAACT,0,4663500
ybeDp,0.2,4,4,AATAACTTTCGGCACGTGGC,0,4660261
ybeDp,0.2,4,4,AATAACATCCGTTCGTTGGG,0,4680323
ybeDp,0.2,4,4,AAGTTTCAACGATAGGTAAT,0,4685678
ybeDp,0.2,4,4,AAGTTCTCTATGCCGAATCC,0,4641034
ybeDp,0.2,4,4,AAGTTAAATTGGCCGGGTCG,0,4630583
ybeDp,0.2,4,4,AAGTGCCAATTTCACGTTTG,0,4657137
ybeDp,0.2,4,4,AAGTATTTGTAATCGCCGTA,0,4646886
ybeDp,0.2,4,4,AAGTATACACATTGGAAGCT,0,4644197
ybeDp,0.2,4,4,AAGTAAGGCCTAGGCAGCTT,0,4630537
ybeDp,0.2,4,4,AAGGTTTATTACGAATAAGG,0,4600876
ybeDp,0.2,4,4,AAGGTCCACGTGGTTTGTAA,0,4652347
ybeDp,0.2,4,4,AAGCTCAGGATTTCCAAATG,0,4603892
ybeDp,0.2,4,4,AAGCCTAGCAAATGCATCGA,0,4609654
ybeDp,0.2,4,4,AAGCAGAGATGCACCGAGAT,0,4647378
ybeDp,0.2,4,4,AAGCAGACACGCACTCTCTT,0,4674264
ybeDp,0.2,4,4,AAGATTCGAATTATTCACTC,0,4619330
ybeDp,0.2,4,4,AAGATGCCCCGCGCCGAATT,0,4671233
ybeDp,0.2,4,4,AAGAGCAGGACCAAGCTTGC,0,4616108
ybeDp,0.2,4,4,AAGACATCGGGAGCATCCTG,0,4613815
ybeDp,0.2,4,4,AAGAATCGCTGAGTTAACTG,0,4645266
ybeDp,0.2,4,4,AAGAAGTAGGCGTCTCCTAA,0,4656849
ybeDp,0.2,4,4,AAGAAATATCAACCCGCCTC,0,4614955
ybeDp,0.2,4,4,AAGAAAGAAGTCCGGAAATC,0,4654870
ybeDp,0.2,4,4,AACTCTCGTCGCGCCACCCA,0,4660469
ybeDp,0.2,4,4,AACTCTATCGATCGGCGAGA,0,4663756
ybeDp,0.2,4,4,AACTCCTAACCCAAGTAAAA,0,4656527
ybeDp,0.2,4,4,AACTATTCGTCATTATGCCT,0,4619855
ybeDp,0.2,4,4,AACGTCCCAAATTACCAGGT,0,4686220
ybeDp,0.2,4,4,AACGGTCAAAGGTACATGGA,0,4611048
ybeDp,0.2,4,4,AACGGCTCAAGTACCCTCCG,0,4680892
ybeDp,0.2,4,4,AACGCAGATCCGTCCGTTAA,0,4605044
ybeDp,0.2,4,4,AACGAGCTGATGCAGAGTTA,0,4613425
ybeDp,0.2,4,4,AACGAAGCGGCCCGACTCTA,0,4632726
ybeDp,0.2,4,4,AACCTCTCACATTGTCTGCC,0,4654957
ybeDp,0.2,4,4,AACCGTGCCCACCATGGATT,0,4669131
ybeDp,0.2,4,4,AACCGCCAGTCCCTTCGAAG,0,4630249
ybeDp,0.2,4,4,AACCAGAAGCCATATACTCT,0,4666594
ybeDp,0.2,4,4,AACCAAGGGTCACAGCATTT,0,4611354
ybeDp,0.2,4,4,AACAATTCCATGCCGGTGAA,0,4616789
ybeDp,0.2,4,4,AACAATGAAGTTACTTGTGA,0,4603426
ybeDp,0.2,4,4,AACAATCTCATTGAGGTGTC,0,4647614
ybeDp,0.2,4,4,AACAACCTCGAGTGCCGCCA,0,4651429
ybeDp,0.2,4,4,AAATGCGTTTTTCTGTTAGT,0,4653737
ybeDp,0.2,4,4,AAATGATCTCTGGACAGAGC,0,4647642
ybeDp,0.2,4,4,AAATAGTCCGCTAGGGCACC,0,4649520
ybeDp,0.2,4,4,AAATAGGGCGTGTCGTATGA,0,4686510
ybeDp,0.2,4,4,AAAGTATGATGCCTATACAT,0,4680621
ybeDp,0.2,4,4,AAAGGTCTCGGAACCACGAC,0,4639331
ybeDp,0.2,4,4,AAAGGCCAACCCGCTTCAGG,0,4641620
ybeDp,0.2,4,4,AAAGCAGTAAAGGCAAAGTG,0,4637035
ybeDp,0.2,4,4,AAAGAGGCCCCACGCAGCCG,0,4625820
ybeDp,0.2,4,4,AAACCGTCTGTATCATCTAG,0,4633461
ybeDp,0.2,4,4,AAACCGTCTCTGACCCTTTC,0,4650405
ybeDp,0.2,4,4,AAACCGCCCGGACCTCGATC,0,4656247
ybeDp,0.2,4,4,AAACACATTGCCCAATTATC,0,4669115
ybeDp,0.2,4,4,AAAATGTCCCAGACTGTCGG,0,4604507
ybeDp,0.2,4,4,AAAATGCACGGACGACATAT,0,4623801
ybeDp,0.2,4,4,AAAAGGGTTAGCTGCATAGA,0,4654453
ybeDp,0.2,4,4,AAAAGGAAGCTGTTAGTCTA,0,4683474
ybeDp,0.2,4,4,AAAAGAATGACTTCGCCCAG,0,4605707
ybeDp,0.2,4,4,AAAACGGCCAAACCGCATTT,0,4686598
ybeDp,0.2,4,4,AAAACGCATTCGACAATTGT,0,4630744
ybeDp,0.2,4,4,AAAACAGCTATATACGGGTT,0,4627918
ybeDp,0.2,4,4,AAAACACGTGTCCCCTATTG,0,4656213
ybeDp,0.2,4,4,AAAAAGGTGAGCCGGAGAAA,0,4612705
ybeDp,0.2,4,4,AAAAAGACCCACTATGAGCA,0,4610611
ybeDp,0.25,3,3,TTTTTGAGTGTTAAGCTACA,0,4644371
ybeDp,0.25,3,3,TTTTTAATATGAGGCAGCTG,0,4635631
ybeDp,0.25,3,3,TTTTGTACGTGCAACACTCA,0,4670702
ybeDp,0.25,3,3,TTTTGATAAACGGGGAGCTG,0,4601110
ybeDp,0.25,3,3,TTTTGAACTGAATTCGCTGC,0,4657377
ybeDp,0.25,3,3,TTTTCCGAATCTGCTGAAAG,0,4611207
ybeDp,0.25,3,3,TTTTCATGACTGGGACGTCC,0,4653019
ybeDp,0.25,3,3,TTTTATTGGGTTATTATGGG,0,4613370
ybeDp,0.25,3,3,TTTTACAAAAATGAGGATTT,0,4620393
ybeDp,0.25,3,3,TTTTAATCCAGGTAATTCAC,0,4682946
ybeDp,0.25,3,3,TTTGTCCATCCCTCCACTCT,0,4659994
ybeDp,0.25,3,3,TTTGGTGTCTAGCTTTAAGC,0,4649957
ybeDp,0.25,3,3,TTTGGGAATAGTGGTGCGCC,0,4666722
ybeDp,0.25,3,3,TTTGCTGTAGGAATGAAGTT,0,4629274
ybeDp,0.25,3,3,TTTCTTTTTAGATAAAGCCA,0,4687867
ybeDp,0.25,3,3,TTTCTGGGCTGTTCGATTAT,0,4612348
ybeDp,0.25,3,3,TTTCTCTCGTTAAGAGTGGA,0,4619970
ybeDp,0.25,3,3,TTTCGGTACAGCGCTGCTGC,0,4622877
ybeDp,0.25,3,3,TTTCATACTCCGTTGGTTAA,0,4627410
ybeDp,0.25,3,3,TTTCAGGCGTGTAAAATGGT,0,4664670
ybeDp,0.25,3,3,TTTCAAGAAAAATGGGCGAT,0,4608885
ybeDp,0.25,3,3,TTTACGCAGGATACTAAACC,0,4647381
ybeDp,0.25,3,3,TTTACCTAAGCAGGCGTATC,0,4651760
ybeDp,0.25,3,3,TTTAATAGTTACTCCCGTTG,0,4632960
ybeDp,0.25,3,3,TTTAAACGTCAAACTTGTCT,0,4674140
ybeDp,0.25,3,3,TTGTTTACAGGACGGCTCGA,0,4634236
ybeDp,0.25,3,3,TTGTTAGTGTCTGTCATGCG,0,4630372
ybeDp,0.25,3,3,TTGTCAACGAGAACCGGGAT,0,4654156
ybeDp,0.25,3,3,TTGTAACAAATTCTCCCGCG,0,4621270
ybeDp,0.25,3,3,TTGGTAAGTACCGACATCGA,0,4680617
ybeDp,0.25,3,3,TTGGGGTTAGTTTTGATTAG,0,4609797
ybeDp,0.25,3,3,TTGGGGTCGGACAGGCTGCG,0,4640214
ybeDp,0.25,3,3,TTGGGCATATATAGTCTCAT,0,4653397
ybeDp,0.25,3,3,TTGGCTATGACATTGATGTT,0,4617899
ybeDp,0.25,3,3,TTGGCATCTGAACACGTCAA,0,4629567
ybeDp,0.25,3,3,TTGCGGGTACCGTAGCGACA,0,4646628
ybeDp,0.25,3,3,TTGCGAGAGGTAGGAAAGCA,0,4671783
ybeDp,0.25,3,3,TTGCCTGTGTGTCACCTTCT,0,4682245
ybeDp,0.25,3,3,TTGCATGTTTCGAAAGCTTT,0,4655792
ybeDp,0.25,3,3,TTGCACGAGGAACCGGCACA,0,4666089
ybeDp,0.25,3,3,TTGCAACTGAAGAGCATATT,0,4624395
ybeDp,0.25,3,3,TTGATGCGTCGTGTATATAT,0,4628272
ybeDp,0.25,3,3,TTGAGGGAACCAGGATACTT,0,4639630
ybeDp,0.25,3,3,TTGAGGCTGCTTTTGATCCT,0,4687832
ybeDp,0.25,3,3,TTGACTTGTCCAGTCATCCC,0,4629644
ybeDp,0.25,3,3,TTGACCGTGTGACGCCTTTT,0,4619340
ybeDp,0.25,3,3,TTGAACACCTCAAGGGCACG,0,4661691
ybeDp,0.25,3,3,TTGAAAGACTTTAATTGCCC,0,4678398
ybeDp,0.25,3,3,TTGAAACTAGCTTCTAGGCT,0,4627973
ybeDp,0.25,3,3,TTCTGTGGTTACCGGGTCAG,0,4644498
ybeDp,0.25,3,3,TTCTGCAGTTCGTCTACATC,0,4606831
ybeDp,0.25,3,3,TTCTGACGATTATGCAGCGG,0,4657697
ybeDp,0.25,3,3,TTCTCCAAGGTGATTATCCG,0,4663585
ybeDp,0.25,3,3,TTCTCAGCAAGCTGCAACAA,0,4612840
ybeDp,0.25,3,3,TTCTACACTGTTGTCTCACA,0,4651401
ybeDp,0.25,3,3,TTCGTTGAAATCATTTCGGT,0,4670371
ybeDp,0.25,3,3,TTCGTGAGTCGGGCGCAGGA,0,4656763
ybeDp,0.25,3,3,TTCGCATATTCCTGGTTGGG,0,4627579
ybeDp,0.25,3,3,TTCGATTAACCCAGGCACTC,0,4611405
ybeDp,0.25,3,3,TTCGACACCATAACTCTGCA,0,4603229
ybeDp,0.25,3,3,TTCGAAGGGCGTTTAACAAT,0,4626732
ybeDp,0.25,3,3,TTCCTGTGTGCCCGCATCCC,0,4629931
ybeDp,0.25,3,3,TTCCGAGGATCAGCGCTCAA,0,4644321
ybeDp,0.25,3,3,TTCCCCCCGTTCCTATTTGT,0,4631459
ybeDp,0.25,3,3,TTCATTTGTATAGGAGACTA,0,4660923
ybeDp,0.25,3,3,TTCATGGCGGCATCATGGCA,0,4650256
ybeDp,0.25,3,3,TTCATCTATAGCTTTCTTGT,0,4685661
ybeDp,0.25,3,3,TTCAGGCGTATAGGTTTGAT,0,4661323
ybeDp,0.25,3,3,TTCACGAACGTGTGAACTTT,0,4655303
ybeDp,0.25,3,3,TTCACCCTCGCGGTATGCGG,0,4614913
ybeDp,0.25,3,3,TTCAAGTTGAGATGCGAAAT,0,4647356
ybeDp,0.25,3,3,TTCAAAAGTGACGGCCCGGA,0,4612519
ybeDp,0.25,3,3,TTATGCGGCACAACCATTAG,0,4634423
ybeDp,0.25,3,3,TTATATGGAATTCCCGTCGG,0,4616019
ybeDp,0.25,3,3,TTATATACAAACGCAGCACA,0,4642486
ybeDp,0.25,3,3,TTATAGCCGTAAGTAGAGTA,0,4676267
ybeDp,0.25,3,3,TTATACTCAGGTCTTGTAAA,0,4606069
ybeDp,0.25,3,3,TTATAACTCCGCTTGATCTA,0,4630224
ybeDp,0.25,3,3,TTAGTTTTGGTGCGCGCCCC,0,4676945
ybeDp,0.25,3,3,TTAGTTCGCCTCACCTAGCT,0,4603511
ybeDp,0.25,3,3,TTAGGTACATATCAGATCCT,0,4654210
ybeDp,0.25,3,3,TTAGGATCCAGGGTAGTTAG,0,4683635
ybeDp,0.25,3,3,TTAGGAGCCATTACGCAGTT,0,4633067
ybeDp,0.25,3,3,TTAGGACCTTTTGGCCAGAA,0,4618225
ybeDp,0.25,3,3,TTAGCTAGTGTCGAGAATCG,0,4608256
ybeDp,0.25,3,3,TTAGATATTCCCCAATCATT,0,4646186
ybeDp,0.25,3,3,TTAGAAATTTTGTTCTCAAA,0,4624985
ybeDp,0.25,3,3,TTACTTGAGGCCGCGGAAAA,0,4612001
ybeDp,0.25,3,3,TTACTGTGTATTATGGATCA,0,4672877
ybeDp,0.25,3,3,TTACGGCTCAAGAATTGCGC,0,4600903
ybeDp,0.25,3,3,TTACCATAGCGTGGTGCGAA,0,4629347
ybeDp,0.25,3,3,TTACCAGCAAACCGGTCAAA,0,4644293
ybeDp,0.25,3,3,TTAATTTGAAGGATAGACAT,0,4618823
ybeDp,0.25,3,3,TTAATTCCTCGCCTGGTAGT,0,4602159
ybeDp,0.25,3,3,TTAATAGCTTAGCACAGTAG,0,4615098
ybeDp,0.25,3,3,TTAAGTTGATCACCGGTGTA,0,4641284
ybeDp,0.25,3,3,TTAAAGAATGCGGTCTCCAT,0,4685406
ybeDp,0.25,3,3,TTAAACTTTAGCTCCAGATA,0,4623884
ybeDp,0.25,3,3,TTAAACAAAACTGGTGAACA,0,4623934
ybeDp,0.25,3,3,TGTTTTATGCGCGGGTTCGT,0,4619935
ybeDp,0.25,3,3,TGTTGCACAAGAGCTCGATA,0,4624581
ybeDp,0.25,3,3,TGTTCTAGCCCTGGTCGTAA,0,4659544
ybeDp,0.25,3,3,TGTGGTTTCCAACTATCGTT,0,4669722
ybeDp,0.25,3,3,TGTGGGGTACCAGTGCGCGG,0,4657741
ybeDp,0.25,3,3,TGTGGCAATTTACGTGTTAA,0,4660466
ybeDp,0.25,3,3,TGTGGAATCTAGCTGGGCTT,0,4661882
ybeDp,0.25,3,3,TGTGACGACGGACTTGCACG,0,4630829
ybeDp,0.25,3,3,TGTGAAATAACGTTCGACTA,0,4676738
ybeDp,0.25,3,3,TGTCCGAGAGTTCTATAAGT,0,4663475
ybeDp,0.25,3,3,TGTCCAATGGAATATCGTTC,0,4639193
ybeDp,0.25,3,3,TGTCAGTGAAGTCAGGGGGG,0,4607559
ybeDp,0.25,3,3,TGTATTACGATGAAGGATAA,0,4648292
ybeDp,0.25,3,3,TGTACTAGGATGTCCGCGAT,0,4671073
ybeDp,0.25,3,3,TGGTTGGGAGTGGAGGGTAA,0,4612074
ybeDp,0.25,3,3,TGGTTCAGTTGTCTAAGACG,0,4617494
ybeDp,0.25,3,3,TGGTGGGGCGCATAGTTAAG,0,4639983
ybeDp,0.25,3,3,TGGTGACGAATTGATGTGGT,0,4666744
ybeDp,0.25,3,3,TGGTCCGTCTGCCGCTGCGT,0,4632114
ybeDp,0.25,3,3,TGGTCCATGTCTAAGAAATG,0,4633553
ybeDp,0.25,3,3,TGGTCAGCGAACTTCCGAGC,0,4663649
ybeDp,0.25,3,3,TGGGCGCAATGCATGCCGAC,0,4687528
ybeDp,0.25,3,3,TGGGCCGTACTATGGACCGA,0,4649671
ybeDp,0.25,3,3,TGGGCCACACTTGTCCAAAG,0,4625658
ybeDp,0.25,3,3,TGGGCACTGGAATCTGCAGG,0,4610289
ybeDp,0.25,3,3,TGGGAGCCTCACACTTGAAT,0,4668785
ybeDp,0.25,3,3,TGGCTTATTTCGGTACCCTT,0,4619599
ybeDp,0.25,3,3,TGGCTGGCTTGAATGGGGCG,0,4674181
ybeDp,0.25,3,3,TGGCTCGCACTCCGCCAATG,0,4606565
ybeDp,0.25,3,3,TGGCGTTGGTTCCGTACGAT,0,4641537
ybeDp,0.25,3,3,TGGCGTGGGGTGTGCCCCAC,0,4669382
ybeDp,0.25,3,3,TGGCGCCGTGCAGGATTCGG,0,4658441
ybeDp,0.25,3,3,TGGCGACGGCCTGAACGCTT,0,4604080
ybeDp,0.25,3,3,TGGCCGAAGTGTTACGGTAA,0,4669334
ybeDp,0.25,3,3,TGGCCCATCGCGCGAACTCA,0,4659027
ybeDp,0.25,3,3,TGGCATTCTTATAAAAAGTC,0,4677853
ybeDp,0.25,3,3,TGGCATAGCCCCGCTCCGGA,0,4679125
ybeDp,0.25,3,3,TGGCAGTAATAGTGTTAAAT,0,4630764
ybeDp,0.25,3,3,TGGATATGCGGGGTAGGCGT,0,4631843
ybeDp,0.25,3,3,TGGATATAGAATGAGATAAA,0,4616104
ybeDp,0.25,3,3,TGGACAGCGAGATGTCTTAG,0,4611608
ybeDp,0.25,3,3,TGCTTTCAGCACAGCGGTTG,0,4660258
ybeDp,0.25,3,3,TGCTTCCACATCGAGCGATT,0,4662961
ybeDp,0.25,3,3,TGCTGGCCGTACCATAACAC,0,4624230
ybeDp,0.25,3,3,TGCTCTATTTCCTACATTGC,0,4604018
ybeDp,0.25,3,3,TGCTCGCATATGGCCACAAA,0,4677633
ybeDp,0.25,3,3,TGCTACTCCGACGGAGAAGA,0,4614014
ybeDp,0.25,3,3,TGCTACCATCGGGTGGCGAG,0,4627727
ybeDp,0.25,3,3,TGCGTCTTTCTAATTAGGGT,0,4649846
ybeDp,0.25,3,3,TGCGGGGACGGCACCCGTGT,0,4656637
ybeDp,0.25,3,3,TGCGGATATTTCCGAAGAGA,0,4609564
ybeDp,0.25,3,3,TGCGAACTGCGCTTAGGCTT,0,4614519
ybeDp,0.25,3,3,TGCCTTGTTCACCGGAAGAG,0,4608669
ybeDp,0.25,3,3,TGCCTTGGATAACTATTATA,0,4674567
ybeDp,0.25,3,3,TGCCTTGACTACGACGCTGA,0,4632485
ybeDp,0.25,3,3,TGCCTGCACCCAGCGTGGAT,0,4616410
ybeDp,0.25,3,3,TGCCTCGTAGTGGCGATATT,0,4619428
ybeDp,0.25,3,3,TGCCGTACTGATGCGACGCT,0,4667148
ybeDp,0.25,3,3,TGCCGGTGTCGAGTCACTGT,0,4654287
ybeDp,0.25,3,3,TGCCGCGGTGATGAACCCAG,0,4679453
ybeDp,0.25,3,3,TGCCGAGAAGGGTGCCTTCA,0,4653848
ybeDp,0.25,3,3,TGCCGAGAACACAGTGTCAA,0,4650760
ybeDp,0.25,3,3,TGCCATAGGGGCTGGAAAGC,0,4624877
ybeDp,0.25,3,3,TGCATCCGTATTCCAGCATT,0,4639484
ybeDp,0.25,3,3,TGCAGATTATTCCCGAGCGA,0,4660002
ybeDp,0.25,3,3,TGCAGATATCCTGGACGTCG,0,4659002
ybeDp,0.25,3,3,TGCACGGTTCTGTTTGCTGG,0,4656317
ybeDp,0.25,3,3,TGATTATCGCACAGGTATTG,0,4632961
ybeDp,0.25,3,3,TGATGGGCAGTCACACGTAG,0,4644955
ybeDp,0.25,3,3,TGATGACAACAGTTTGTGCT,0,4658677
ybeDp,0.25,3,3,TGATGAAATGGTAACAAACT,0,4626095
ybeDp,0.25,3,3,TGATAGTATGTTAGCTTGTT,0,4666060
ybeDp,0.25,3,3,TGAGTGGTCGTCGTTTCGAT,0,4668701
ybeDp,0.25,3,3,TGAGAGAACCTGCATATGGC,0,4622024
ybeDp,0.25,3,3,TGAGACGTGGTCCGTGCTTT,0,4686890
ybeDp,0.25,3,3,TGACTTCGTTCCTTACGAAT,0,4654337
ybeDp,0.25,3,3,TGACTGGTTTCATAACAACA,0,4678792
ybeDp,0.25,3,3,TGACTCGACATAAACATATG,0,4611108
ybeDp,0.25,3,3,TGACGAGTCAAGTACGTCAA,0,4622926
ybeDp,0.25,3,3,TGACGAAAAGTACTACAGCT,0,4668460
ybeDp,0.25,3,3,TGACCTGATACAGTGAACTC,0,4635043
ybeDp,0.25,3,3,TGAATTCGTGATTATGCGAC,0,4669741
ybeDp,0.25,3,3,TGAAGTTTCCGTGTGGTCTT,0,4619808
ybeDp,0.25,3,3,TGAACGGGACTCGCAATGCA,0,4677813
ybeDp,0.25,3,3,TGAACGCGTCTGCTCTAGAT,0,4651557
ybeDp,0.25,3,3,TGAAAGGTAGCAACCGGTTA,0,4668457
ybeDp,0.25,3,3,TGAAACGACGTGAGAGCGCC,0,4620613
ybeDp,0.25,3,3,TGAAAATCCACACCGCTCTA,0,4643889
ybeDp,0.25,3,3,TGAAAAAATCTAGTACTTCT,0,4633660
ybeDp,0.25,3,3,TCTTTTCTGTCTTATACGAC,0,4686459
ybeDp,0.25,3,3,TCTTTTCTGGGAATGTATCC,0,4618388
ybeDp,0.25,3,3,TCTTTGAATTCGACCACGGT,0,4649778
ybeDp,0.25,3,3,TCTTTATTCTACATTGTCTT,0,4613998
ybeDp,0.25,3,3,TCTTAGCCGCTCTACGCTTC,0,4609908
ybeDp,0.25,3,3,TCTGTCAATAGGAACCACTA,0,4628018
ybeDp,0.25,3,3,TCTGTACAAGTTGGCACTTT,0,4614515
ybeDp,0.25,3,3,TCTGGTTTCAGGGCTGGGTG,0,4613616
ybeDp,0.25,3,3,TCTGCGAATCTCCCTGCTTG,0,4672815
ybeDp,0.25,3,3,TCTGCCCAACACGAGATTGG,0,4677300
ybeDp,0.25,3,3,TCTGCCACGATAGGTGTTGG,0,4622912
ybeDp,0.25,3,3,TCTGCATTTATGGTGGCCTA,0,4634017
ybeDp,0.25,3,3,TCTGATGGAGGTCTAAACTT,0,4682773
ybeDp,0.25,3,3,TCTGATAGTGCCCAGAAGGC,0,4608403
ybeDp,0.25,3,3,TCTGAGCCGGGTTGTGTATA,0,4664549
ybeDp,0.25,3,3,TCTGAAAGGCCGTATTTCAC,0,4657819
ybeDp,0.25,3,3,TCTCGTGGCAGGGCATATCC,0,4670075
ybeDp,0.25,3,3,TCTCGTCTACTGGCTCGGTT,0,4665254
ybeDp,0.25,3,3,TCTCGCTGTGCGCAACGCTC,0,4613343
ybeDp,0.25,3,3,TCTCACCTTGCATACCAGCG,0,4679073
ybeDp,0.25,3,3,TCTATAAGTTAATCCACTAA,0,4667918
ybeDp,0.25,3,3,TCTAGTGTTGTATTAGCGGG,0,4677944
ybeDp,0.25,3,3,TCTAGGTGCGAGGACTACTC,0,4681981
ybeDp,0.25,3,3,TCTAGACCGCCGGGCGAGTG,0,4625818
ybeDp,0.25,3,3,TCTAGACAGTTACGCAGGGG,0,4644820
ybeDp,0.25,3,3,TCTACCGTAAGCAAATAGAT,0,4674163
ybeDp,0.25,3,3,TCTACAAGTAATGAAGTTTG,0,4621139
ybeDp,0.25,3,3,TCTACAAAGCTCGCTATAGT,0,4657361
ybeDp,0.25,3,3,TCTAATCCGAAATCGATCAG,0,4660318
ybeDp,0.25,3,3,TCTAAGTAGGTGGATGAGGG,0,4642714
ybeDp,0.25,3,3,TCGTTGTATGCGTCAATGCG,0,4616273
ybeDp,0.25,3,3,TCGTTATATCATCGAGCTAA,0,4602306
ybeDp,0.25,3,3,TCGTCTAACCCGAGTTTTTT,0,4676993
ybeDp,0.25,3,3,TCGTCGCTTCGGATGAGTTG,0,4649309
ybeDp,0.25,3,3,TCGTCAGAACTCCTATGCGA,0,4641675
ybeDp,0.25,3,3,TCGTAGCCTGGGAAGGAGGC,0,4613701
ybeDp,0.25,3,3,TCGTACTATACCTGATCGTT,0,4658500
ybeDp,0.25,3,3,TCGGTTGGCATGTACGTGAC,0,4672086
ybeDp,0.25,3,3,TCGGTGCGAGGCCCAGGGCC,0,4615221
ybeDp,0.25,3,3,TCGGTCTTAAACAGAAGAAA,0,4638566
ybeDp,0.25,3,3,TCGGTCATTCGCGGAAATGA,0,4627979
ybeDp,0.25,3,3,TCGGGGCTTCGATCCTTGGG,0,4617336
ybeDp,0.25,3,3,TCGGGCTTACATCAACCGAC,0,4614191
ybeDp,0.25,3,3,TCGGCTGGGTCCTAGGAGGG,0,4654732
ybeDp,0.25,3,3,TCGCGCAACAATCGTTTGAC,0,4610864
ybeDp,0.25,3,3,TCGCCTATGCTTCTTCTGGA,0,4663325
ybeDp,0.25,3,3,TCGCCAGGCTTAACACGGGG,0,4613976
ybeDp,0.25,3,3,TCGCAATGCGTCTTTAGCCC,0,4673101
ybeDp,0.25,3,3,TCGAGAGCGGCCACGCGCGG,0,4614181
ybeDp,0.25,3,3,TCGACTGCGTTTCTGTTTTG,0,4622035
ybeDp,0.25,3,3,TCGACGTGAATAAGTAAGTT,0,4625519
ybeDp,0.25,3,3,TCGACGCTCTTGCGTACGTC,0,4614253
ybeDp,0.25,3,3,TCGACCGAACTTGGTATCTC,0,4660053
ybeDp,0.25,3,3,TCGACCATCTGTTCAAGGAT,0,4616831
ybeDp,0.25,3,3,TCGAATGCATTGTACGAAAC,0,4661854
ybeDp,0.25,3,3,TCGAATAGTCAGCAGACAAA,0,4663646
ybeDp,0.25,3,3,TCGAACCACATCTGTAGAGG,0,4642774
ybeDp,0.25,3,3,TCGAAACTGGCAATATGTAC,0,4605033
ybeDp,0.25,3,3,TCCTGAAGAGGCTGCAGTGC,0,4674556
ybeDp,0.25,3,3,TCCTCTGGGATCTGGTAGCA,0,4672392
ybeDp,0.25,3,3,TCCTCGACAGTCAAGTGGCA,0,4665591
ybeDp,0.25,3,3,TCCTACTAGCGTTACAGGTC,0,4685670
ybeDp,0.25,3,3,TCCTACGGCGCGCAGATAGC,0,4621113
ybeDp,0.25,3,3,TCCTACGATTTATGGCGGTT,0,4627799
ybeDp,0.25,3,3,TCCGGGCAACCTGGGTCGAG,0,4674569
ybeDp,0.25,3,3,TCCGGAAAGGGCCTACGGCA,0,4682234
ybeDp,0.25,3,3,TCCGAGTACATAAAGAATTT,0,4663199
ybeDp,0.25,3,3,TCCGACAACTGGTACAGCTG,0,4639342
ybeDp,0.25,3,3,TCCCTTGCTGCGCTAGACGG,0,4676920
ybeDp,0.25,3,3,TCCCTAGGAAAATTCCCCGT,0,4620227
ybeDp,0.25,3,3,TCCCGCCCCAGACGCTAGCC,0,4663924
ybeDp,0.25,3,3,TCCCCGGTACAAACTGCGAT,0,4632407
ybeDp,0.25,3,3,TCCCCAGCATCCCCTACTAT,0,4652277
ybeDp,0.25,3,3,TCCCATGCGAAACAACGGCA,0,4653218
ybeDp,0.25,3,3,TCCATGTTTGGCGACCGGGG,0,4630277
ybeDp,0.25,3,3,TCCATCCGCACCACAATTTA,0,4625032
ybeDp,0.25,3,3,TCCAGTACCAGTTATGATAA,0,4639389
ybeDp,0.25,3,3,TCCAGGGAGATCAAAGGCAG,0,4686940
ybeDp,0.25,3,3,TCCACCTCTGGTATCTCTGG,0,4630050
ybeDp,0.25,3,3,TCCAAGGGGAAGCCTCTGTC,0,4607265
ybeDp,0.25,3,3,TCCAACGCAAATGGAAGTAA,0,4665486
ybeDp,0.25,3,3,TCATTTTATTGCCGCTATGG,0,4615648
ybeDp,0.25,3,3,TCATTTAACTTCGGTCTAGA,0,4608917
ybeDp,0.25,3,3,TCATTGCATGAGCTGTAGTG,0,4641125
ybeDp,0.25,3,3,TCATTCGGACTCGCCAGAAC,0,4660168
ybeDp,0.25,3,3,TCATTCAGGCGGATGAGAGG,0,4675166
ybeDp,0.25,3,3,TCATGCTCTTCCCGGGAAAT,0,4683407
ybeDp,0.25,3,3,TCATGACAAGCCATAAATCT,0,4634886
ybeDp,0.25,3,3,TCATCTCGGAGCGGGTCTTT,0,4685652
ybeDp,0.25,3,3,TCAGTTGGTAAAAGGCGGGT,0,4617200
ybeDp,0.25,3,3,TCAGTTCAGATGAAAGTGCT,0,4665843
ybeDp,0.25,3,3,TCAGTGGATGATGGGTGTCG,0,4605860
ybeDp,0.25,3,3,TCAGTCACCTTCTCACCTTA,0,4609910
ybeDp,0.25,3,3,TCAGCACGGGTATAAATCGA,0,4643769
ybeDp,0.25,3,3,TCAGAGGTCCTAAGAGCCCG,0,4652594
ybeDp,0.25,3,3,TCACTCATGATGACCGCCGT,0,4621119
ybeDp,0.25,3,3,TCACGTAAGTGCTCGGAGAC,0,4650348
ybeDp,0.25,3,3,TCACGCGGAACTAGGATATG,0,4641168
ybeDp,0.25,3,3,TCACCGTTGGTCGATACCAG,0,4653115
ybeDp,0.25,3,3,TCACCGATTCCATCATACGC,0,4604873
ybeDp,0.25,3,3,TCACACGGCATGCTGTATAA,0,4638312
ybeDp,0.25,3,3,TCAATTATTCTGTCAGGGAA,0,4646640
ybeDp,0.25,3,3,TCAAGACGCGTAGAGAACGC,0,4640578
ybeDp,0.25,3,3,TCAACCGGTTGCGAGGAGTA,0,4676040
ybeDp,0.25,3,3,TATTTCAGCGTAGACGGGAG,0,4683176
ybeDp,0.25,3,3,TATTTAGAAACAACGGGGCA,0,4614390
ybeDp,0.25,3,3,TATTTACAGTTTGATAACTG,0,4661632
ybeDp,0.25,3,3,TATTGTGCATTAGGTATGCT,0,4654548
ybeDp,0.25,3,3,TATTGCAACGTCCTTAATAC,0,4625880
ybeDp,0.25,3,3,TATTCTTGGAGTGGTTTCGC,0,4659930
ybeDp,0.25,3,3,TATTCGTCCCCTATGTAGCC,0,4623384
ybeDp,0.25,3,3,TATTCACGGAGACGTTTCCG,0,4621238
ybeDp,0.25,3,3,TATTAGTAGTGAGCGGCTGC,0,4662407
ybeDp,0.25,3,3,TATTACCATCTAGTAAGAGC,0,4631985
ybeDp,0.25,3,3,TATGGAACTAAGTGTAGCCC,0,4646883
ybeDp,0.25,3,3,TATGACTTGGTATTCGGATA,0,4645760
ybeDp,0.25,3,3,TATCCTAGATAATGCTGGAC,0,4602605
ybeDp,0.25,3,3,TATCAAACGACTTTAACAGT,0,4630929
ybeDp,0.25,3,3,TATAGGCTGATTACCTGGTT,0,4666527
ybeDp,0.25,3,3,TATACCCTAAACCTATACTC,0,4634354
ybeDp,0.25,3,3,TAGTGTACGTCTCTTGGCGG,0,4668095
ybeDp,0.25,3,3,TAGTGCCGTAGTTTGAAGGT,0,4655588
ybeDp,0.25,3,3,TAGGTGATCTATATTTGAAC,0,4655085
ybeDp,0.25,3,3,TAGGTGACGAAGAGGGGTCT,0,4670376
ybeDp,0.25,3,3,TAGGCTCATGATACAACGTC,0,4656319
ybeDp,0.25,3,3,TAGGCAGAATATAAGTCGTT,0,4605702
ybeDp,0.25,3,3,TAGGAGGTCGAGCGTAAACC,0,4645272
ybeDp,0.25,3,3,TAGCGTACTCGGGTTTGTGC,0,4645488
ybeDp,0.25,3,3,TAGCGTACCAATTGTAACTA,0,4651552
ybeDp,0.25,3,3,TAGCGGTTGGTCCCGTGATA,0,4634931
ybeDp,0.25,3,3,TAGCGGATTCTTACAGAGAG,0,4616795
ybeDp,0.25,3,3,TAGCACTATATAAAATTTTT,0,4601363
ybeDp,0.25,3,3,TAGCAAAGGTCTGGGAACTC,0,4653953
ybeDp,0.25,3,3,TAGATAAAAGGTGGTGCTAG,0,4656429
ybeDp,0.25,3,3,TAGAGTATGGGTTGAGCGGA,0,4602393
ybeDp,0.25,3,3,TAGAGCTTCTAGACGTGACT,0,4669636
ybeDp,0.25,3,3,TAGAGCAGACACAGAAGCAT,0,4672983
ybeDp,0.25,3,3,TAGAGACTGTGTAACGGTCA,0,4625064
ybeDp,0.25,3,3,TAGACGGGTACCTCAAGTAT,0,4674912
ybeDp,0.25,3,3,TAGACGACGAATCGTCCTTT,0,4682180
ybeDp,0.25,3,3,TAGAAGCCGATGAGAGTTTC,0,4653011
ybeDp,0.25,3,3,TAGAACGCAGACTGCTTATT,0,4648899
ybeDp,0.25,3,3,TACTTGTATGTAGTGCTACC,0,4640180
ybeDp,0.25,3,3,TACTCCGTGCAAGTTAGGAT,0,4644412
ybeDp,0.25,3,3,TACTATAGAATACATCAAAC,0,4662129
ybeDp,0.25,3,3,TACGGCGGTTATGGAGCATC,0,4656657
ybeDp,0.25,3,3,TACGCTCAAAACATTCGGAG,0,4664396
ybeDp,0.25,3,3,TACCTCGGTCAGAGAACAGA,0,4650030
ybeDp,0.25,3,3,TACCGTATCACCGCGATCGA,0,4616259
ybeDp,0.25,3,3,TACCCAGCACTCACCTCAAG,0,4662397
ybeDp,0.25,3,3,TACCATATCAAGTACATTAT,0,4666395
ybeDp,0.25,3,3,TACCACCCATAAGTACGGCT,0,4687325
ybeDp,0.25,3,3,TACATTCTTCAAGACTTCTG,0,4604273
ybeDp,0.25,3,3,TACACTGTGGGCTCTGACGT,0,4672745
ybeDp,0.25,3,3,TACACCTGTAAACGTACTTG,0,4631570
ybeDp,0.25,3,3,TACACCCTAAAGTTCCAGCT,0,4622330
ybeDp,0.25,3,3,TACACCCCATCCTAATCATA,0,4638833
ybeDp,0.25,3,3,TACACCAGGTAGGGTGGGCT,0,4630598
ybeDp,0.25,3,3,TACACACCAGGTAAAACGTA,0,4633797
ybeDp,0.25,3,3,TACAATCGTTACAGCAGTCG,0,4641075
ybeDp,0.25,3,3,TACAACCTGTACTGTGACAG,0,4647835
ybeDp,0.25,3,3,TACAACACCGAGGCGTATCG,0,4606352
ybeDp,0.25,3,3,TACAAAGTTCAAGCTGGGTA,0,4675268
ybeDp,0.25,3,3,TAATTTTTAAGGACCCCTCT,0,4635843
ybeDp,0.25,3,3,TAATTCAAAGGCATAAAATG,0,4658334
ybeDp,0.25,3,3,TAATCTGATTGCACGAAAAT,0,4647575
ybeDp,0.25,3,3,TAATAAGCGCGGGGGGAGCA,0,4626548
ybeDp,0.25,3,3,TAAGTGTTACGAGGGGTCTG,0,4629402
ybeDp,0.25,3,3,TAAGTGGATCGCGCGGAAGA,0,4686610
ybeDp,0.25,3,3,TAAGTAAATAGTTTAATTAA,0,4686035
ybeDp,0.25,3,3,TAAGGTGGTGCCCTTAAAAG,0,4683368
ybeDp,0.25,3,3,TAAGGAATTTTGTCGAAAAA,0,4655598
ybeDp,0.25,3,3,TAAGCTTCTTCGCCGGTCGG,0,4626726
ybeDp,0.25,3,3,TAAGCGGGTTGTCCGTTCGA,0,4632083
ybeDp,0.25,3,3,TAAGATCGTGATGAAGTCGT,0,4607408
ybeDp,0.25,3,3,TAAGAGTAAGCATATAAGAG,0,4673678
ybeDp,0.25,3,3,TAAGAATTCTGCGAATGCAG,0,4658912
ybeDp,0.25,3,3,TAAGAATGAGCCTATACCGA,0,4605399
ybeDp,0.25,3,3,TAACTTTCGTATGGATCCAT,0,4677708
ybeDp,0.25,3,3,TAACTCTTGCCGTCAGGACA,0,4628662
ybeDp,0.25,3,3,TAACACCTGGTCATGGGGTT,0,4685680
ybeDp,0.25,3,3,TAACAAAAAAGTCCCGGCCT,0,4658741
ybeDp,0.25,3,3,TAAAGTTGGCAAGTTAAGCT,0,4682994
ybeDp,0.25,3,3,TAAACTGGATAAAGCATCCC,0,4682232
ybeDp,0.25,3,3,TAAAATACGGACCGTACTAG,0,4636617
ybeDp,0.25,3,3,TAAAATACAGGTAGTTGGAC,0,4616276
ybeDp,0.25,3,3,GTTTTTATGCCCAGTACAGC,0,4604679
ybeDp,0.25,3,3,GTTTTAGTGTAACACCTTGT,0,4622053
ybeDp,0.25,3,3,GTTTTAGTGCAAGTTCTTTC,0,4661856
ybeDp,0.25,3,3,GTTTGTTTGTGCACCCGCTC,0,4642074
ybeDp,0.25,3,3,GTTTCTAGAGAAGGCAGAGT,0,4629561
ybeDp,0.25,3,3,GTTTCAAATGTGCGGGGATC,0,4622002
ybeDp,0.25,3,3,GTTTAGGTCTGTCAATACTG,0,4650682
ybeDp,0.25,3,3,GTTTAATCCCAGCCGAAGAG,0,4671580
ybeDp,0.25,3,3,GTTTAAGGCTTGATCATCGG,0,4604604
ybeDp,0.25,3,3,GTTGTGTTTCAGTCCGGGCG,0,4665791
ybeDp,0.25,3,3,GTTGTCTTCGTGTCATACGA,0,4667891
ybeDp,0.25,3,3,GTTGGCAAACATATGTTCCA,0,4657616
ybeDp,0.25,3,3,GTTGGAGTCTCCTCCACGCT,0,4682212
ybeDp,0.25,3,3,GTTGCTAGCTTCAGGCCCGC,0,4686088
ybeDp,0.25,3,3,GTTGCGCAGCAACCTCCATA,0,4686496
ybeDp,0.25,3,3,GTTCTGAGACTCCGAATTCG,0,4620781
ybeDp,0.25,3,3,GTTCTCGGCTTCGACACTGG,0,4677204
ybeDp,0.25,3,3,GTTCTCGACGATCGCGATAG,0,4639426
ybeDp,0.25,3,3,GTTCGGTGACATCGTATGAA,0,4667066
ybeDp,0.25,3,3,GTTCGCGTTTTATCGGGCTA,0,4610816
ybeDp,0.25,3,3,GTTCACTTTATTGAGCTTAA,0,4641392
ybeDp,0.25,3,3,GTTCACTAAAGCGCGCTCAG,0,4634286
ybeDp,0.25,3,3,GTTCACGTTACGTCTGTACC,0,4667204
ybeDp,0.25,3,3,GTTCACCATTTCTGTCTAAG,0,4669624
ybeDp,0.25,3,3,GTTAGACAGGGATCCTGGCC,0,4679315
ybeDp,0.25,3,3,GTTACTGATTGCGCATTGAT,0,4601598
ybeDp,0.25,3,3,GTTAAGTAGCTATCTGTAAA,0,4653288
ybeDp,0.25,3,3,GTTAAACGGCATTTCCAACC,0,4622022
ybeDp,0.25,3,3,GTTAAACCTGCAAATACTGA,0,4648934
ybeDp,0.25,3,3,GTGTTTCCACTCGTTAGAAT,0,4638654
ybeDp,0.25,3,3,GTGTTGTTAGACGATCTGTT,0,4657125
ybeDp,0.25,3,3,GTGTTCGACGTAAACTCGCT,0,4664710
ybeDp,0.25,3,3,GTGTGGGATTATAAGGGAGC,0,4679172
ybeDp,0.25,3,3,GTGTGCCAGGCTTGAATTTT,0,4602833
ybeDp,0.25,3,3,GTGTGAGGCTTATAACTTCG,0,4628505
ybeDp,0.25,3,3,GTGTACAAGGGCGGTACTCA,0,4618892
ybeDp,0.25,3,3,GTGTAATGTTACATAAATAG,0,4665288
ybeDp,0.25,3,3,GTGGTCCCCAGTCACACCAT,0,4645508
ybeDp,0.25,3,3,GTGGTCAGAACCGGCTCGAA,0,4612183
ybeDp,0.25,3,3,GTGGTAATTAAACTCCCTAC,0,4641280
ybeDp,0.25,3,3,GTGGGTTTAATGGGAACTGC,0,4601507
ybeDp,0.25,3,3,GTGGGAGAGTGCGTCTTTGG,0,4650605
ybeDp,0.25,3,3,GTGGGACGGGGCTCGGTTTA,0,4675555
ybeDp,0.25,3,3,GTGGCTGCACCCTACGGCAG,0,4683939
ybeDp,0.25,3,3,GTGGCTCGTATTGACCATGT,0,4661617
ybeDp,0.25,3,3,GTGGCCAGAGCCGTTCTTTA,0,4611974
ybeDp,0.25,3,3,GTGGATGTGTCGGTAATCTA,0,4602432
ybeDp,0.25,3,3,GTGGAGGGGTTGCCATGGTA,0,4634854
ybeDp,0.25,3,3,GTGGACAGACCACGAGAGTG,0,4617115
ybeDp,0.25,3,3,GTGGAAGCAGGGGATCAGAG,0,4648918
ybeDp,0.25,3,3,GTGCTGGGGCGATGGCTCGT,0,4663695
ybeDp,0.25,3,3,GTGCTCATGGCCTGAGCTCT,0,4661177
ybeDp,0.25,3,3,GTGCTACGTACTAATTAAGA,0,4664116
ybeDp,0.25,3,3,GTGCGAATGACTTAAAGCCT,0,4661588
ybeDp,0.25,3,3,GTGCCTTCGCATTTGACTCC,0,4678554
ybeDp,0.25,3,3,GTGCCTACAACTTCCACGGG,0,4665143
ybeDp,0.25,3,3,GTGCCGTTTTTGCGGTATAA,0,4630664
ybeDp,0.25,3,3,GTGATGGGATTCTATTTTAC,0,4643804
ybeDp,0.25,3,3,GTGATCCTCACGGTAGATGA,0,4635654
ybeDp,0.25,3,3,GTGAGTAGAAAATCTCGATC,0,4658875
ybeDp,0.25,3,3,GTGAGGCCGGGCAGAATCGA,0,4672786
ybeDp,0.25,3,3,GTGACTCACGCTGACCCTTG,0,4620577
ybeDp,0.25,3,3,GTGACGATGCTATGACCAGC,0,4652831
ybeDp,0.25,3,3,GTGACATTAGTGTCTCTATT,0,4606941
ybeDp,0.25,3,3,GTGAAGGAATCCCTTGGCGG,0,4602397
ybeDp,0.25,3,3,GTGAAAGATCTCCGAGATTT,0,4657710
ybeDp,0.25,3,3,GTCTTCCCGACATTCTGGAC,0,4625476
ybeDp,0.25,3,3,GTCTGTCACATCCGTAAGAT,0,4656400
ybeDp,0.25,3,3,GTCTCGAGACTTCAGACTGG,0,4601491
ybeDp,0.25,3,3,GTCTATGAGATCATCGTCCC,0,4669974
ybeDp,0.25,3,3,GTCTATCCCCGGCATTCCAT,0,4649776
ybeDp,0.25,3,3,GTCTAATCTCACCGTTAGAT,0,4629626
ybeDp,0.25,3,3,GTCTAAGGTAGCAATCTTTA,0,4638235
ybeDp,0.25,3,3,GTCTAAGGACTGCCATGAGA,0,4604317
ybeDp,0.25,3,3,GTCGTTGTCTTTGGGACATA,0,4639874
ybeDp,0.25,3,3,GTCGTGTTGCTTATGATGCT,0,4657004
ybeDp,0.25,3,3,GTCGGTTAGGCTCGCTAGGA,0,4663420
ybeDp,0.25,3,3,GTCGCAGCATAGAGTGTCCC,0,4668254
ybeDp,0.25,3,3,GTCGATGCAATGTGAGCATC,0,4669593
ybeDp,0.25,3,3,GTCGAGTTTAGGTCCGTACG,0,4643479
ybeDp,0.25,3,3,GTCGAGTGATACATAGCTCC,0,4663222
ybeDp,0.25,3,3,GTCGAACCGTGACTCTCTTT,0,4645718
ybeDp,0.25,3,3,GTCCTGCCATGGTCCGTTAT,0,4631180
ybeDp,0.25,3,3,GTCCTACGACCTGGGCGTCC,0,4608997
ybeDp,0.25,3,3,GTCCGGAATCATGTGTAGGT,0,4647767
ybeDp,0.25,3,3,GTCCCTCCTTGTCTTCTTGC,0,4658166
ybeDp,0.25,3,3,GTCCCCTCTGATTGTATGGA,0,4681922
ybeDp,0.25,3,3,GTCCCCGGCGCTTTCGCCAG,0,4623741
ybeDp,0.25,3,3,GTCCCATGCTATGCTATCGT,0,4679751
ybeDp,0.25,3,3,GTCCCATCTTCACGGTATCT,0,4627702
ybeDp,0.25,3,3,GTCCATCGCGATGGCGTGGG,0,4612836
ybeDp,0.25,3,3,GTCATGTAGAGGCTCTAGAA,0,4675988
ybeDp,0.25,3,3,GTCAGGTTACCAAAATCCAA,0,4642815
ybeDp,0.25,3,3,GTCAGCGTCGCGGTACGGAT,0,4641230
ybeDp,0.25,3,3,GTCACGAGACAAGGATCCGT,0,4623827
ybeDp,0.25,3,3,GTCACCAACACCAGATCGCA,0,4648772
ybeDp,0.25,3,3,GTCAAATAATACTGTAAGGC,0,4654534
ybeDp,0.25,3,3,GTATTTCTTCATTTCCGATG,0,4671948
ybeDp,0.25,3,3,GTATTGTCCTGTGGGCCGGT,0,4636252
ybeDp,0.25,3,3,GTATGGTTAGGGGAACGAGT,0,4637645
ybeDp,0.25,3,3,GTATGACTGTAACGCTGTCG,0,4612479
ybeDp,0.25,3,3,GTATCGTAAAATCTCCGTTT,0,4650390
ybeDp,0.25,3,3,GTATCGCGGCTCCGAATCTC,0,4618598
ybeDp,0.25,3,3,GTATCCATCCGATGGGTTCA,0,4603387
ybeDp,0.25,3,3,GTATCCATATGGTTACCTGC,0,4613748
ybeDp,0.25,3,3,GTATCAAGGGCAAAACCATG,0,4660708
ybeDp,0.25,3,3,GTATATACTGCACAAGCCTC,0,4617158
ybeDp,0.25,3,3,GTAGGTCCGACAACGTTTAA,0,4655504
ybeDp,0.25,3,3,GTAGCGTTTCTGCAACACAA,0,4613243
ybeDp,0.25,3,3,GTAGCAACCTCTTCATTTCA,0,4636275
ybeDp,0.25,3,3,GTACTTGTGCACTACATGAT,0,4606416
ybeDp,0.25,3,3,GTACGGGTATCTACCTGTTG,0,4680362
ybeDp,0.25,3,3,GTACGCATTTACGGTCTCAT,0,4613387
ybeDp,0.25,3,3,GTACGAAAAAATGCCTCACG,0,4667682
ybeDp,0.25,3,3,GTACCTTGTTATACATATCA,0,4680833
ybeDp,0.25,3,3,GTACATATCGACACCAAGCT,0,4676286
ybeDp,0.25,3,3,GTACAACGTGCACTCCGTAA,0,4677482
ybeDp,0.25,3,3,GTAATGTTCGACCAGGGAGC,0,4610692
ybeDp,0.25,3,3,GTAATGTGCTAGGCGAGTAT,0,4618864
ybeDp,0.25,3,3,GTAATCATGACCGTAAACTC,0,4639525
ybeDp,0.25,3,3,GTAACTTGTGGTAGCACCTA,0,4685343
ybeDp,0.25,3,3,GTAAATTGTGAGATGCGTCC,0,4604020
ybeDp,0.25,3,3,GGTTTTTATCTTTCCTTTCT,0,4618102
ybeDp,0.25,3,3,GGTTTCTTTGTAACGATTTT,0,4657866
ybeDp,0.25,3,3,GGTTTCTCATTCATCGCATG,0,4605869
ybeDp,0.25,3,3,GGTTTCGCTGAAGCACAAAT,0,4656589
ybeDp,0.25,3,3,GGTTTCGCAAATTCCTCGAC,0,4630979
ybeDp,0.25,3,3,GGTTTATTGCACATGGCTAT,0,4671173
ybeDp,0.25,3,3,GGTTGGCCGTTGCCAGTGCG,0,4671189
ybeDp,0.25,3,3,GGTTATCTGTAAACCGCAAA,0,4651509
ybeDp,0.25,3,3,GGTTAAGAACTCCTGAAGAC,0,4673075
ybeDp,0.25,3,3,GGTGTGGCTTCAGGGAACCT,0,4639223
ybeDp,0.25,3,3,GGTGTCCTCGCGTGCCTCTG,0,4670113
ybeDp,0.25,3,3,GGTGGGCAAGCTGACCCGCC,0,4656601
ybeDp,0.25,3,3,GGTGGCCTCCGTCGCGCGGG,0,4666899
ybeDp,0.25,3,3,GGTGATCCTGTTCATAGGGG,0,4641199
ybeDp,0.25,3,3,GGTGAGGTAGCATAACGGAT,0,4681274
ybeDp,0.25,3,3,GGTGAACTGTTTGAGTAAGA,0,4652743
ybeDp,0.25,3,3,GGTCTTGGTACTTTGAGGAT,0,4662882
ybeDp,0.25,3,3,GGTCTGTTCCTAGACGCTAT,0,4654416
ybeDp,0.25,3,3,GGTCTGTGAGTAATTAAAAG,0,4647596
ybeDp,0.25,3,3,GGTCTGGGTTTTTCGTGAGA,0,4670394
ybeDp,0.25,3,3,GGTCTAGTTTTCTGGACTTG,0,4670755
ybeDp,0.25,3,3,GGTCGTTACAGTCGATGTCT,0,4625847
ybeDp,0.25,3,3,GGTCCGGTGCATAGTTTAAC,0,4665134
ybeDp,0.25,3,3,GGTCCGCAGCCTTTAAGCTT,0,4617346
ybeDp,0.25,3,3,GGTCCCCTGGCTGTTCTTAT,0,4637795
ybeDp,0.25,3,3,GGTCATAACAGGCCTTAGCT,0,4646704
ybeDp,0.25,3,3,GGTCACATGAGAAAACATCA,0,4650817
ybeDp,0.25,3,3,GGTCACACGGCTCTGTTATT,0,4641737
ybeDp,0.25,3,3,GGTCAAGCTATCATCACGGC,0,4662087
ybeDp,0.25,3,3,GGTCAACGTGTAATAGGGCC,0,4669654
ybeDp,0.25,3,3,GGTATTAATACCGGTCGCTT,0,4657781
ybeDp,0.25,3,3,GGTATAGTTTTCTAAGGTTT,0,4682700
ybeDp,0.25,3,3,GGTAGTGCTGGTACTTTCGC,0,4656398
ybeDp,0.25,3,3,GGTAGGTGCTCAAGGAGGAA,0,4615075
ybeDp,0.25,3,3,GGTACTCTGTCAACGGGTGG,0,4649688
ybeDp,0.25,3,3,GGTACGTGTAGTCAAGGTAT,0,4604896
ybeDp,0.25,3,3,GGTACCTAGTTTATTCCAGG,0,4624364
ybeDp,0.25,3,3,GGGTTTGATGCGGAGCTGTG,0,4667623
ybeDp,0.25,3,3,GGGTTGCGCAATACCGGTGG,0,4664117
ybeDp,0.25,3,3,GGGTTCTGCAGTCACACAGA,0,4677991
ybeDp,0.25,3,3,GGGTTATTGAGTTTATGGAC,0,4623415
ybeDp,0.25,3,3,GGGTGCCGATCGTACTACGC,0,4632191
ybeDp,0.25,3,3,GGGTGAGAGTCCCCGAGTAT,0,4603869
ybeDp,0.25,3,3,GGGTCTGTAGCGTGGCTGAG,0,4649945
ybeDp,0.25,3,3,GGGTCGTGCGCGGCGCGGGC,0,4684790
ybeDp,0.25,3,3,GGGTCGGGGCCGGCTAATGC,0,4649424
ybeDp,0.25,3,3,GGGTCGCAGCAGTGAGGGAG,0,4662706
ybeDp,0.25,3,3,GGGTCATAAGGCACCGGCGT,0,4634128
ybeDp,0.25,3,3,GGGTCAGCAACTCGCGGTAA,0,4611137
ybeDp,0.25,3,3,GGGTAGTTAAATAGATCCAG,0,4675180
ybeDp,0.25,3,3,GGGGGTCAATCCGAAGCGAC,0,4640680
ybeDp,0.25,3,3,GGGGGGATGCCATTATAGGA,0,4635589
ybeDp,0.25,3,3,GGGGGCGACTAGCACAACGA,0,4650059
ybeDp,0.25,3,3,GGGGCTCATTTTGTTACCAC,0,4632763
ybeDp,0.25,3,3,GGGGCGTGAGGACAATTGAG,0,4638652
ybeDp,0.25,3,3,GGGGCAGGATTCGTTAATTT,0,4619541
ybeDp,0.25,3,3,GGGGAGGGAACGGTTTCTTC,0,4604637
ybeDp,0.25,3,3,GGGGACGAAACTTGGGGAAC,0,4686013
ybeDp,0.25,3,3,GGGGAACGATAAGAACGTCT,0,4608615
ybeDp,0.25,3,3,GGGCTTTGCGCGACACGAAA,0,4675554
ybeDp,0.25,3,3,GGGCGTTGGGTCCATCTCGC,0,4613768
ybeDp,0.25,3,3,GGGCGTGCAGCAGAAACAGT,0,4646321
ybeDp,0.25,3,3,GGGCCTTGACGGACTCGGAC,0,4659294
ybeDp,0.25,3,3,GGGCCTCCCAGAGCCGAGTC,0,4628978
ybeDp,0.25,3,3,GGGCCTACTGTCGCAACCTC,0,4625562
ybeDp,0.25,3,3,GGGCCAGCCGCAGCATCACA,0,4610245
ybeDp,0.25,3,3,GGGCATGTTTCCGAGATAGC,0,4603101
ybeDp,0.25,3,3,GGGCAACGGCCTGGGGGGCT,0,4624604
ybeDp,0.25,3,3,GGGATGTCAGCTGCCGTCAC,0,4656720
ybeDp,0.25,3,3,GGGATCCGTAAAAGAGGATC,0,4654531
ybeDp,0.25,3,3,GGGAGTTGGAAACTAGTGGA,0,4663534
ybeDp,0.25,3,3,GGGAGAATCCTCACCTAGAG,0,4668155
ybeDp,0.25,3,3,GGGACTCAGGCGCCTGGGGG,0,4609533
ybeDp,0.25,3,3,GGGACGCTCAGACCGTTCGG,0,4644900
ybeDp,0.25,3,3,GGGAATCAGTGTTGGAATTT,0,4641217
ybeDp,0.25,3,3,GGGAAGGTCACTTCGACTTC,0,4624098
ybeDp,0.25,3,3,GGCTTTTCTATTTATTCTGT,0,4677911
ybeDp,0.25,3,3,GGCTGAACGGGCAGGTAGTC,0,4608299
ybeDp,0.25,3,3,GGCTCAGTCCTAACGTCACC,0,4666531
ybeDp,0.25,3,3,GGCTAGCCTGTACCTCTTGG,0,4667562
ybeDp,0.25,3,3,GGCGTTCGCTGGGTGATTAA,0,4609987
ybeDp,0.25,3,3,GGCGTGCCAATGGGTTATTC,0,4676421
ybeDp,0.25,3,3,GGCGTGCAGCTATAAGGATC,0,4651165
ybeDp,0.25,3,3,GGCGGTCGGTCGGTGGCGAA,0,4643884
ybeDp,0.25,3,3,GGCGGGCGTAACACCGGCAA,0,4654101
ybeDp,0.25,3,3,GGCGGATGCGAGTGGAACAC,0,4651112
ybeDp,0.25,3,3,GGCGGAGTACTCCTCGCTAG,0,4608670
ybeDp,0.25,3,3,GGCGCTCCGGACAAAGTTAG,0,4630943
ybeDp,0.25,3,3,GGCCTTTGTATGAGGTAACT,0,4612985
ybeDp,0.25,3,3,GGCCTGGCCGACATGACAGA,0,4653832
ybeDp,0.25,3,3,GGCCTCTGCTGGCCTCTGTC,0,4607239
ybeDp,0.25,3,3,GGCCTCCCCTCCACGTCGGC,0,4669954
ybeDp,0.25,3,3,GGCCTCATGTAGGTTTAGTG,0,4667476
ybeDp,0.25,3,3,GGCCGTTACGCTCGGAAATT,0,4617479
ybeDp,0.25,3,3,GGCCGTAGGTGATCTTCGTG,0,4636446
ybeDp,0.25,3,3,GGCCGAGCGCCGGATTCTAC,0,4608150
ybeDp,0.25,3,3,GGCCCTTCCTGTCCTTGGTA,0,4656446
ybeDp,0.25,3,3,GGCCCGGTGAAATGTATCTG,0,4667673
ybeDp,0.25,3,3,GGCCACCTGGTCAGCTGGTT,0,4610480
ybeDp,0.25,3,3,GGCATGCTCCTGGAACAGCA,0,4665716
ybeDp,0.25,3,3,GGCATCTAGGGAGGCCCCTC,0,4672842
ybeDp,0.25,3,3,GGCATCGGGTCCTACACTGT,0,4660500
ybeDp,0.25,3,3,GGCAGGCCGTGTAAACGCGC,0,4673526
ybeDp,0.25,3,3,GGCAGATGTGGTGCGCATGG,0,4614260
ybeDp,0.25,3,3,GGCAGAGAGGGGTAGGCAGA,0,4612154
ybeDp,0.25,3,3,GGCAACAATTCGGGCTAGTA,0,4608995
ybeDp,0.25,3,3,GGATTGTGTTACTGATGATT,0,4616261
ybeDp,0.25,3,3,GGATTGGGAAGACGCACGGT,0,4623433
ybeDp,0.25,3,3,GGATTCACAAACTACAAGTG,0,4632576
ybeDp,0.25,3,3,GGATGGGATTTTAACCTCCA,0,4664378
ybeDp,0.25,3,3,GGATGCGAGAGACCGGCATC,0,4665863
ybeDp,0.25,3,3,GGAGGCGCGTGGTAAATATG,0,4617674
ybeDp,0.25,3,3,GGAGGCAATCGTTTTGTATA,0,4616642
ybeDp,0.25,3,3,GGAGGCAAATACCAGCCATT,0,4638724
ybeDp,0.25,3,3,GGAGGAGGTAGCAGGAGCCT,0,4668738
ybeDp,0.25,3,3,GGAGAGAGGTCGCGGGAGCC,0,4614504
ybeDp,0.25,3,3,GGAGAGACATCAATTGGATC,0,4606742
ybeDp,0.25,3,3,GGACGCGTCCCGGTTGCAAC,0,4680230
ybeDp,0.25,3,3,GGACCTTGGGCCTTCAAAGA,0,4662911
ybeDp,0.25,3,3,GGACCCTTAAGTGTTGGACA,0,4666922
ybeDp,0.25,3,3,GGACCCGTCACCACCGTGTG,0,4650729
ybeDp,0.25,3,3,GGACACTTGAGGGAAAGCAA,0,4655796
ybeDp,0.25,3,3,GGACACCATAGGTGCGAATA,0,4601865
ybeDp,0.25,3,3,GGAATTGTTAGGCCGATCGT,0,4638614
ybeDp,0.25,3,3,GGAATCTGCCTCCTAAGTCC,0,4622355
ybeDp,0.25,3,3,GGAATCTATATTTGACTCTC,0,4660924
ybeDp,0.25,3,3,GGAATCCCCAAAGGGGTGTA,0,4646894
ybeDp,0.25,3,3,GGAATCACGGATACCGTGGC,0,4621404
ybeDp,0.25,3,3,GGAATATTGTGGACCTGGTA,0,4646130
ybeDp,0.25,3,3,GGAAGTTATTCCGTGCTGGT,0,4612767
ybeDp,0.25,3,3,GGAAGTCTACTCATCGTGAA,0,4644428
ybeDp,0.25,3,3,GGAACTTCTGAGGCTTCATT,0,4612635
ybeDp,0.25,3,3,GGAACCTTCAACTTAGCCAC,0,4606421
ybeDp,0.25,3,3,GGAAAAACGTTTGCCCATAT,0,4685328
ybeDp,0.25,3,3,GCTTTGAACAAGTATCGGTC,0,4649941
ybeDp,0.25,3,3,GCTTGAAATTTTCGTGCATA,0,4670477
ybeDp,0.25,3,3,GCTTCGAGGCTAGGCACTGA,0,4613929
ybeDp,0.25,3,3,GCTTAGGTCTCACGGCTTAA,0,4670679
ybeDp,0.25,3,3,GCTTACCAAAAAAGGAAACG,0,4668739
ybeDp,0.25,3,3,GCTTACAGAGATAGCCCTAC,0,4686399
ybeDp,0.25,3,3,GCTTAAGGTAAATAGAACAC,0,4661324
ybeDp,0.25,3,3,GCTGTGAAGACTCCGGGGGT,0,4670639
ybeDp,0.25,3,3,GCTGGTGCAGTAAGTCCAAA,0,4657061
ybeDp,0.25,3,3,GCTGGCTTGAATCGCCGCAT,0,4681333
ybeDp,0.25,3,3,GCTGCTATTGCGTACTTCCA,0,4611579
ybeDp,0.25,3,3,GCTGCCAGGGGATCCACTGT,0,4609193
ybeDp,0.25,3,3,GCTGAAGGTCTCTTACTGAC,0,4674689
ybeDp,0.25,3,3,GCTCTCCGAATGTGCGGGGT,0,4656470
ybeDp,0.25,3,3,GCTCTATTTGGAAGGTCTTG,0,4629979
ybeDp,0.25,3,3,GCTCGCCCCTAGCATCCGAC,0,4660670
ybeDp,0.25,3,3,GCTCGCCCCCGGTGCAAAAA,0,4611001
ybeDp,0.25,3,3,GCTCCAGGATAAGCCGCGAG,0,4656925
ybeDp,0.25,3,3,GCTCCAAAACGGGGGACGTG,0,4661286
ybeDp,0.25,3,3,GCTCATGCAAACCCGACTTC,0,4611783
ybeDp,0.25,3,3,GCTCATACGTAGTGACCATG,0,4666631
ybeDp,0.25,3,3,GCTATGCAATAGAATAGACT,0,4632122
ybeDp,0.25,3,3,GCTATAGTGGGTAGCGTATA,0,4683994
ybeDp,0.25,3,3,GCTATAAATACACGTTCTGG,0,4647836
ybeDp,0.25,3,3,GCTAGGTGTATTTAACTCTA,0,4649618
ybeDp,0.25,3,3,GCTAGCGTAAGCTGGTCAGT,0,4601913
ybeDp,0.25,3,3,GCTAGAGCCTCGCTCTTTCA,0,4616013
ybeDp,0.25,3,3,GCTAGAAGCATAGCCTAGCA,0,4677242
ybeDp,0.25,3,3,GCTACGAAAGATACGAAATC,0,4674170
ybeDp,0.25,3,3,GCGTTCGGAGTTGAGGGCCT,0,4646212
ybeDp,0.25,3,3,GCGTGCCCCGCGGAATGGTC,0,4626092
ybeDp,0.25,3,3,GCGTGAAGTGTGTGCGCAGA,0,4611751
ybeDp,0.25,3,3,GCGTCCGGTAGCGTGGCCTT,0,4656225
ybeDp,0.25,3,3,GCGTCCCAATTGGATCAAAT,0,4685351
ybeDp,0.25,3,3,GCGTCAGTGGTGCAGTAACA,0,4638511
ybeDp,0.25,3,3,GCGTATATTACCAACTAGGA,0,4682323
ybeDp,0.25,3,3,GCGTAGTCTGCCTTATCATC,0,4677549
ybeDp,0.25,3,3,GCGTAGTAGAAACAAGACAG,0,4631690
ybeDp,0.25,3,3,GCGGTGCAAAATCTCGTCAA,0,4655647
ybeDp,0.25,3,3,GCGGTATAAATCACGACGGA,0,4648036
ybeDp,0.25,3,3,GCGGTAATTGTGTCAGGACA,0,4617055
ybeDp,0.25,3,3,GCGGGGTCCTCAACTAGCTA,0,4628346
ybeDp,0.25,3,3,GCGGGACGCTATGCGAGGCC,0,4652200
ybeDp,0.25,3,3,GCGCTCTCGGTAATAGGATT,0,4647291
ybeDp,0.25,3,3,GCGCTAGTGAGGGATTTGCA,0,4612529
ybeDp,0.25,3,3,GCGCGTGAGCGTGAGCTTCT,0,4627693
ybeDp,0.25,3,3,GCGCGGCAACGCGATCCCTG,0,4682504
ybeDp,0.25,3,3,GCGCCTGATTAATCCATACA,0,4648855
ybeDp,0.25,3,3,GCGATTCGAGATGTAATTAT,0,4665601
ybeDp,0.25,3,3,GCGATAGTTCTAACGGCCCG,0,4677433
ybeDp,0.25,3,3,GCGAGGACTTTGAGAAGGCA,0,4626643
ybeDp,0.25,3,3,GCGAGCAATCTTATCTTAGA,0,4631178
ybeDp,0.25,3,3,GCGACTTCCGTCCATTTAAA,0,4632359
ybeDp,0.25,3,3,GCGACGGGGTGGTATTCTGC,0,4681164
ybeDp,0.25,3,3,GCGAAAAGGCAAATTCTTGC,0,4640493
ybeDp,0.25,3,3,GCCTTTTGTGTCGATCAGAC,0,4630954
ybeDp,0.25,3,3,GCCTTGAGCAGACGGCCCGA,0,4637288
ybeDp,0.25,3,3,GCCTGTGCCGAAGCATGCTG,0,4646381
ybeDp,0.25,3,3,GCCTGACGATGGCGGCACCC,0,4626584
ybeDp,0.25,3,3,GCCTGACCCGATATCTCCGG,0,4681019
ybeDp,0.25,3,3,GCCTCGTTCCAAGGTTGGAG,0,4619571
ybeDp,0.25,3,3,GCCTCCACACAGGTAGGGTT,0,4605281
ybeDp,0.25,3,3,GCCTCACCTTCCGTCGGAGA,0,4652491
ybeDp,0.25,3,3,GCCTATGGACACGCACTCTG,0,4603319
ybeDp,0.25,3,3,GCCTAGATGCGGTAAATTCT,0,4623671
ybeDp,0.25,3,3,GCCTACATCGGTTTCCCATT,0,4628033
ybeDp,0.25,3,3,GCCTAATCGGACGATCGTAC,0,4638369
ybeDp,0.25,3,3,GCCTAACATAGTGACTACGT,0,4617056
ybeDp,0.25,3,3,GCCGTCCAAACGTACACAAA,0,4602182
ybeDp,0.25,3,3,GCCGGGACGATCGGCTGGCC,0,4674738
ybeDp,0.25,3,3,GCCGGCACACGGCCAGCTCA,0,4605649
ybeDp,0.25,3,3,GCCGCTTATGAGTGAATGTA,0,4603222
ybeDp,0.25,3,3,GCCGCGCTATTAGTTAGCAT,0,4615278
ybeDp,0.25,3,3,GCCGCACTCACGCATCGAGT,0,4607695
ybeDp,0.25,3,3,GCCGATCCCTGAGACCAATC,0,4667064
ybeDp,0.25,3,3,GCCGAGTGGGTAGACGGCGT,0,4686525
ybeDp,0.25,3,3,GCCGAAGCAACAAGAATAAG,0,4605204
ybeDp,0.25,3,3,GCCCTTGTGACAATGGTATC,0,4622767
ybeDp,0.25,3,3,GCCCTTAGTAGATAGTGTCA,0,4656694
ybeDp,0.25,3,3,GCCCTGGCGAATGCCGGTAC,0,4615219
ybeDp,0.25,3,3,GCCCATCCTCATTGTTCACG,0,4681833
ybeDp,0.25,3,3,GCCCAGAGGTGGGTCGAACT,0,4619185
ybeDp,0.25,3,3,GCCATGAAAAATATCGGTAC,0,4609401
ybeDp,0.25,3,3,GCCATAGTGTCAGGGACACA,0,4666498
ybeDp,0.25,3,3,GCCAGTCAGTCAGGAGAGCA,0,4640831
ybeDp,0.25,3,3,GCCAGGTTCTCGACCCAGGG,0,4667018
ybeDp,0.25,3,3,GCCAGGGCTTCCTAGGTACG,0,4668574
ybeDp,0.25,3,3,GCCAGGGCACAGGATCTCGC,0,4634322
ybeDp,0.25,3,3,GCCACTGTATTCGAGGGTAC,0,4677641
ybeDp,0.25,3,3,GCCACCGATTTGGCTCCGCC,0,4611311
ybeDp,0.25,3,3,GCCAAACCCTCTACTTTCAT,0,4603067
ybeDp,0.25,3,3,GCATTTCGCCAATTCGTTGC,0,4682353
ybeDp,0.25,3,3,GCATAACCAACTGTGTTAGT,0,4608293
ybeDp,0.25,3,3,GCATAAACTCTAATACCGAA,0,4601449
ybeDp,0.25,3,3,GCAGTCCGCGACAGGTTGTG,0,4614426
ybeDp,0.25,3,3,GCAGTCAGGTCGCGGCTCTG,0,4684724
ybeDp,0.25,3,3,GCAGGCGCACCTCCCACACA,0,4659069
ybeDp,0.25,3,3,GCAGGCCTGAACGGGGCGTC,0,4681083
ybeDp,0.25,3,3,GCAGGCCACACGTCTTTGGA,0,4631100
ybeDp,0.25,3,3,GCAGCATGTGCGTTCAAAGC,0,4624369
ybeDp,0.25,3,3,GCAGATGTTTGGATCAGCCT,0,4656351
ybeDp,0.25,3,3,GCAGATATGTCAAATTAACC,0,4657550
ybeDp,0.25,3,3,GCAGAACTCGTCACAATGGG,0,4637461
ybeDp,0.25,3,3,GCACTGGAGGTAGGTGTCGC,0,4611856
ybeDp,0.25,3,3,GCACTAAAAAGAATTATCGT,0,4601091
ybeDp,0.25,3,3,GCACGTGCTTTAAGGCGTGG,0,4675872
ybeDp,0.25,3,3,GCACGGACTTTACCTCCACC,0,4655921
ybeDp,0.25,3,3,GCACCGGTATTCTCAGCAGT,0,4670682
ybeDp,0.25,3,3,GCACAGACAATTGTGCAAGG,0,4676675
ybeDp,0.25,3,3,GCACAATTTCTGCGCTGTCT,0,4644112
ybeDp,0.25,3,3,GCAATGTGATTAAAGCTCAT,0,4611525
ybeDp,0.25,3,3,GCAATGCCACGGTTTTGCGT,0,4624419
ybeDp,0.25,3,3,GCAAGTGGATCTAAGAGTCT,0,4613823
ybeDp,0.25,3,3,GCAAGGTCACGAACCGGTGA,0,4619542
ybeDp,0.25,3,3,GCAAGGGGGAGCCCGGGTAA,0,4621479
ybeDp,0.25,3,3,GCAAGATTAAACCAGCGACA,0,4661017
ybeDp,0.25,3,3,GCAACCGCCGAACTGTATGA,0,4662766
ybeDp,0.25,3,3,GCAAAAGTACTAGTCTGCTG,0,4631564
ybeDp,0.25,3,3,GCAAAAGGGATATCGACTAC,0,4645268
ybeDp,0.25,3,3,GATTTTCCTAAAGTGTACTA,0,4657138
ybeDp,0.25,3,3,GATTTGATTGTGCAGTGATG,0,4622195
ybeDp,0.25,3,3,GATTTAGGAGGGACTTACAT,0,4631387
ybeDp,0.25,3,3,GATTGGTAATGATCATTGTA,0,4603272
ybeDp,0.25,3,3,GATTGGCCCAAGGTGCTAAT,0,4615793
ybeDp,0.25,3,3,GATTCGGCCTGAATGGGTCC,0,4604992
ybeDp,0.25,3,3,GATTCATCAGTATCAAAAAT,0,4618317
ybeDp,0.25,3,3,GATTATACTTTAATGAATGA,0,4604106
ybeDp,0.25,3,3,GATGGTCACCGATAAGTGGC,0,4611371
ybeDp,0.25,3,3,GATGGACGAAACTGTACACT,0,4636052
ybeDp,0.25,3,3,GATGCTCGCCCGGAGGTAAC,0,4627313
ybeDp,0.25,3,3,GATGCGTCATGTGCACCTTC,0,4665734
ybeDp,0.25,3,3,GATGCGAGCGAATTAGTTCT,0,4677120
ybeDp,0.25,3,3,GATGCCTGCTTTCAATATGG,0,4633112
ybeDp,0.25,3,3,GATGCCCAGAGTGGGTGCGA,0,4650197
ybeDp,0.25,3,3,GATGATTACGCGTCGGTCCC,0,4608077
ybeDp,0.25,3,3,GATGAATCCCCTACTAGACG,0,4654769
ybeDp,0.25,3,3,GATCTGCTGGGGCATATGAG,0,4655326
ybeDp,0.25,3,3,GATCTGATGCAAGTGCTAGC,0,4659519
ybeDp,0.25,3,3,GATCGTGTTAATTATTCTAA,0,4623601
ybeDp,0.25,3,3,GATCGTCAATCAATCAGGAT,0,4648458
ybeDp,0.25,3,3,GATCGGCCCCGGCCCGTCTA,0,4656402
ybeDp,0.25,3,3,GATCCCTTCGGAACCACGAA,0,4601224
ybeDp,0.25,3,3,GATCCAAGCGCGTTGACCCA,0,4659918
ybeDp,0.25,3,3,GATCATGAACCCGGTTTTGG,0,4612751
ybeDp,0.25,3,3,GATCAATCACTTCGGCCACC,0,4633197
ybeDp,0.25,3,3,GATATGGCACAATCTAGGCA,0,4639781
ybeDp,0.25,3,3,GATATAAGGCGCGTATGGAA,0,4652398
ybeDp,0.25,3,3,GATAGCGTGAGTGGACGTGT,0,4613324
ybeDp,0.25,3,3,GATAAGTTCGTGTTTCGGCT,0,4675095
ybeDp,0.25,3,3,GAGTTTTGAGGGATGTAAAT,0,4629940
ybeDp,0.25,3,3,GAGTGAAGGCTGGCTAGAGT,0,4618438
ybeDp,0.25,3,3,GAGTCTCCCCCTTTACTCTC,0,4682167
ybeDp,0.25,3,3,GAGTCGCCATTTCATCTGCA,0,4630689
ybeDp,0.25,3,3,GAGTACTAATTCTGTATTAA,0,4669718
ybeDp,0.25,3,3,GAGTAAACGCCTATTGAGTG,0,4613657
ybeDp,0.25,3,3,GAGGTCCAGTATTGAACCCC,0,4650749
ybeDp,0.25,3,3,GAGGTAGCGCGGAATGTTCT,0,4631452
ybeDp,0.25,3,3,GAGGGTCATAAGTGAAAGAC,0,4666015
ybeDp,0.25,3,3,GAGGGAGTGACGTACCTGTC,0,4630544
ybeDp,0.25,3,3,GAGGACCCAGGCTCATCGCG,0,4622953
ybeDp,0.25,3,3,GAGCTTCGCTGAACAGTTCT,0,4615592
ybeDp,0.25,3,3,GAGCTCGATCATGGGCTGAG,0,4661420
ybeDp,0.25,3,3,GAGCGTCGAGAAGCCCGAAT,0,4659089
ybeDp,0.25,3,3,GAGCGGAGAACGGGGGTTGT,0,4673177
ybeDp,0.25,3,3,GAGCCAGAAGACCAAAAACA,0,4602139
ybeDp,0.25,3,3,GAGCATGTTGCGGACCTATT,0,4663650
ybeDp,0.25,3,3,GAGATTGGTTACTAAATATT,0,4654407
ybeDp,0.25,3,3,GAGATTCAAAATTCAAATCA,0,4684987
ybeDp,0.25,3,3,GAGATATACTTATCAAGTCG,0,4610290
ybeDp,0.25,3,3,GAGAGCCGTCTCACGGGTCC,0,4612478
ybeDp,0.25,3,3,GAGACATTGGAGAGAGGAAG,0,4605226
ybeDp,0.25,3,3,GAGACACAGAAATGCATCTA,0,4635862
ybeDp,0.25,3,3,GACTTTAAATTACATGGCTC,0,4635730
ybeDp,0.25,3,3,GACTTCAGGCTGCCTTCGGT,0,4682480
ybeDp,0.25,3,3,GACTTACATTATTGACTTAG,0,4687065
ybeDp,0.25,3,3,GACTGTTCCATGTCCACCAG,0,4615873
ybeDp,0.25,3,3,GACTCTGCTTAAGGCGGTTA,0,4681827
ybeDp,0.25,3,3,GACTCGAGTATTTTCAGAAC,0,4623005
ybeDp,0.25,3,3,GACTATCTAGAAGGTAAACT,0,4641889
ybeDp,0.25,3,3,GACGTCGCTGCTAAGTTGGC,0,4661698
ybeDp,0.25,3,3,GACGTATCGTTCACTATTGC,0,4629149
ybeDp,0.25,3,3,GACGGTGTGCCGGGCTACTA,0,4650708
ybeDp,0.25,3,3,GACGGTAAGGGCACTATCCC,0,4682966
ybeDp,0.25,3,3,GACGCTTACATTTTTAAGGG,0,4656540
ybeDp,0.25,3,3,GACGCGCCAATATCGTAGGA,0,4662700
ybeDp,0.25,3,3,GACGAAATCATTTGATGCCA,0,4655517
ybeDp,0.25,3,3,GACCTTTTTCAGCCGCACTA,0,4618967
ybeDp,0.25,3,3,GACCGTAGGGACGCAAATAC,0,4674536
ybeDp,0.25,3,3,GACCGAGCAAAATTTTGTCG,0,4665600
ybeDp,0.25,3,3,GACCGAGACCGTCGTACCAT,0,4663060
ybeDp,0.25,3,3,GACATTGTTGTGGTTGGACC,0,4615091
ybeDp,0.25,3,3,GACACGACATGGGGACCGGC,0,4641538
ybeDp,0.25,3,3,GACACATGTACATCCGATAC,0,4668189
ybeDp,0.25,3,3,GACACATATCAAGTCAGCCC,0,4656640
ybeDp,0.25,3,3,GACACACTTCTGTATGTGTT,0,4687565
ybeDp,0.25,3,3,GAATTTCTACATTTTTAATG,0,4671418
ybeDp,0.25,3,3,GAATTCAGTCAGACGGGTGT,0,4647602
ybeDp,0.25,3,3,GAATGCGTCTATGACTAGCG,0,4603169
ybeDp,0.25,3,3,GAATGAACAGGCATCGTTCT,0,4606982
ybeDp,0.25,3,3,GAATCACCCCTAAGTAGGGT,0,4672616
ybeDp,0.25,3,3,GAATCAATTTTGGCCAGCGA,0,4617631
ybeDp,0.25,3,3,GAATAGATTCGACCTGTTCT,0,4649831
ybeDp,0.25,3,3,GAAGCGGATACCCTTGAGAG,0,4686495
ybeDp,0.25,3,3,GAAGCACCGAATATACCATT,0,4603266
ybeDp,0.25,3,3,GAAGATAGAACTCATTTTGT,0,4625324
ybeDp,0.25,3,3,GAAGAGCTTCATGGAGTAAG,0,4687219
ybeDp,0.25,3,3,GAAGAAGAGCCAACATCCTC,0,4605444
ybeDp,0.25,3,3,GAAGAACGTGGGACCGAAAT,0,4625745
ybeDp,0.25,3,3,GAACCTATAGCCGGTCGCTA,0,4642727
ybeDp,0.25,3,3,GAACCAGAACATTGATATTA,0,4608571
ybeDp,0.25,3,3,GAACATCCCTAGTACAAGAT,0,4679062
ybeDp,0.25,3,3,GAACACTTGTCCAGCCTCAG,0,4675351
ybeDp,0.25,3,3,GAACAATTCCGACGCAACGT,0,4680050
ybeDp,0.25,3,3,GAAATTTGGGTGTGTAATGT,0,4627605
ybeDp,0.25,3,3,GAAATGGTTAACAGTGCAAC,0,4659281
ybeDp,0.25,3,3,GAAATGAACTACTTATAGAG,0,4654902
ybeDp,0.25,3,3,GAAAGGGTTCTACCTTCAAC,0,4668929
ybeDp,0.25,3,3,GAAAGAGGATTTAGGTCCCC,0,4607352
ybeDp,0.25,3,3,GAAAGAGCAGTGGTGCACTG,0,4687303
ybeDp,0.25,3,3,GAAACAGCGCGTAGTAAACC,0,4621306
ybeDp,0.25,3,3,GAAAATCGGGATAGGGCGTA,0,4629913
ybeDp,0.25,3,3,GAAAATCAACAAACGGGACC,0,4665644
ybeDp,0.25,3,3,GAAAAATTGCAGGAAATCAC,0,4612060
ybeDp,0.25,3,3,CTTTGGCCCTAAGCGCAAAA,0,4612517
ybeDp,0.25,3,3,CTTTGCAAGCGATTCTGTAA,0,4623510
ybeDp,0.25,3,3,CTTTCTTCTAGTTTTGCTCT,0,4626077
ybeDp,0.25,3,3,CTTTCTGGTATGTCTGATAC,0,4608508
ybeDp,0.25,3,3,CTTTCCCTTTCGCGCTGTAC,0,4659554
ybeDp,0.25,3,3,CTTTCCAAGACCCGGCGTAT,0,4664013
ybeDp,0.25,3,3,CTTTCAGACCATGGTTTTCA,0,4688021
ybeDp,0.25,3,3,CTTTCAATTCTGGTCCCCTT,0,4636763
ybeDp,0.25,3,3,CTTTAGTTGAAAGCTGCTCC,0,4643057
ybeDp,0.25,3,3,CTTTACTTATGCGTCCCTTC,0,4652982
ybeDp,0.25,3,3,CTTTACTGCTACCACAATAA,0,4663612
ybeDp,0.25,3,3,CTTTAATGAGGCTCATTGCA,0,4687446
ybeDp,0.25,3,3,CTTGATTAACAAGTCTATGT,0,4645460
ybeDp,0.25,3,3,CTTGACCAGTCACCGGACTC,0,4668183
ybeDp,0.25,3,3,CTTCGTTCTGCCTATTACTC,0,4622383
ybeDp,0.25,3,3,CTTCACCCAAGAACAGCCGA,0,4617103
ybeDp,0.25,3,3,CTTATTGTATTTATGGCTGC,0,4683563
ybeDp,0.25,3,3,CTTATTAGAGAATTATGTAG,0,4665842
ybeDp,0.25,3,3,CTTATCCCTCGTGAAGCGCG,0,4631583
ybeDp,0.25,3,3,CTTATATACTACTTTACAGA,0,4639910
ybeDp,0.25,3,3,CTTATACGGGGCAGTTAGGA,0,4623168
ybeDp,0.25,3,3,CTTAGCCTCACAAAGCGTTA,0,4653296
ybeDp,0.25,3,3,CTTAGCCCATAATGACGATA,0,4645547
ybeDp,0.25,3,3,CTTAGACCGGCGGCAACTGC,0,4660067
ybeDp,0.25,3,3,CTTACCTGGCTACCGGCCAA,0,4681174
ybeDp,0.25,3,3,CTTACAGGGTCCCGGTGTAC,0,4665952
ybeDp,0.25,3,3,CTTAATTAACCAACGTGGCA,0,4646553
ybeDp,0.25,3,3,CTTAATATGAGTGCCCCGGC,0,4687917
ybeDp,0.25,3,3,CTGTGTCGGAGGCAAAAACC,0,4668454
ybeDp,0.25,3,3,CTGTCTCACATTGTGAACGA,0,4655332
ybeDp,0.25,3,3,CTGTCCTTACGGATAAGCGG,0,4677919
ybeDp,0.25,3,3,CTGTCCCATGAAGAGGGATT,0,4667727
ybeDp,0.25,3,3,CTGTATGACTATGGCGGCCA,0,4632488
ybeDp,0.25,3,3,CTGTAGTACAATGCCGATTC,0,4640958
ybeDp,0.25,3,3,CTGTACACATAGGTCAAAGG,0,4660007
ybeDp,0.25,3,3,CTGGTGGACAAAGGTTATTA,0,4672770
ybeDp,0.25,3,3,CTGGTACGCTGGACCTAGGG,0,4648734
ybeDp,0.25,3,3,CTGGGTGAGTCTTCCGGATG,0,4602033
ybeDp,0.25,3,3,CTGGGTGAATCCAGCAGTGT,0,4670321
ybeDp,0.25,3,3,CTGGGGCGTATAGGACGTCC,0,4604584
ybeDp,0.25,3,3,CTGGGCCCGGGGTCAGTTCT,0,4619420
ybeDp,0.25,3,3,CTGGCGTTACTGACAAATAG,0,4612641
ybeDp,0.25,3,3,CTGGCGAAATGCAAATCGTG,0,4643043
ybeDp,0.25,3,3,CTGGCCTATGTTCTTGATAT,0,4625289
ybeDp,0.25,3,3,CTGGACTAACTGAACCATCA,0,4653717
ybeDp,0.25,3,3,CTGCTTTACAGGGTTCAGCA,0,4618883
ybeDp,0.25,3,3,CTGCTTGACCCTTATAGTCC,0,4650644
ybeDp,0.25,3,3,CTGCTATCCTCTACAACTGC,0,4659587
ybeDp,0.25,3,3,CTGCGTAGTCAGGGACGCCA,0,4680027
ybeDp,0.25,3,3,CTGCGAGCTGCGATGCAGTC,0,4618230
ybeDp,0.25,3,3,CTGCATGCAATTTATTTTGG,0,4612042
ybeDp,0.25,3,3,CTGATGGCAGGTTTTCACGT,0,4682193
ybeDp,0.25,3,3,CTGATCTTCATAGTACCGAA,0,4603128
ybeDp,0.25,3,3,CTGATCCATGAACTTGGAGG,0,4640989
ybeDp,0.25,3,3,CTGAGTCCTCATCAGGTGAA,0,4644692
ybeDp,0.25,3,3,CTCTTTTCCTATTTAGGTTG,0,4649808
ybeDp,0.25,3,3,CTCTGTGTCACCGAGTGTGT,0,4649236
ybeDp,0.25,3,3,CTCTCCAGGGAGCACCGAGA,0,4641866
ybeDp,0.25,3,3,CTCTCCAATTATTTCCGGCC,0,4630686
ybeDp,0.25,3,3,CTCGGTTGAATGCATGAAAT,0,4653075
ybeDp,0.25,3,3,CTCGCTGGAAGCGTCGGACA,0,4615231
ybeDp,0.25,3,3,CTCGCGGTGCACCACCTTCC,0,4638870
ybeDp,0.25,3,3,CTCGCCACGAGAACTGTCCT,0,4625045
ybeDp,0.25,3,3,CTCGACTGTATTGTGAGTAA,0,4652205
ybeDp,0.25,3,3,CTCCGTTCTGCGAGTGAGAA,0,4682428
ybeDp,0.25,3,3,CTCCGGTTTTTCGAGAACGA,0,4628355
ybeDp,0.25,3,3,CTCCCTTGGGGAGGTTGCAT,0,4645506
ybeDp,0.25,3,3,CTCAGTATGAGGGTACTCAT,0,4625232
ybeDp,0.25,3,3,CTCAGCGGCGCTCGCGTCTT,0,4643683
ybeDp,0.25,3,3,CTCACTCGGTCTATGACCGT,0,4638475
ybeDp,0.25,3,3,CTCACTAGCTGTGGCTATGT,0,4605803
ybeDp,0.25,3,3,CTCAAGACGGCTACGATGCC,0,4619134
ybeDp,0.25,3,3,CTATTTGGCACTGGTGTGAT,0,4650462
ybeDp,0.25,3,3,CTATTAGACCTAAGATTCAT,0,4681665
ybeDp,0.25,3,3,CTATGGTTCGCCGTTTTACC,0,4648349
ybeDp,0.25,3,3,CTATGGTCTCACGTATCGCC,0,4621158
ybeDp,0.25,3,3,CTATGCAGCGTATTGAGTAG,0,4676307
ybeDp,0.25,3,3,CTATGACACGACACACGCAC,0,4664159
ybeDp,0.25,3,3,CTATCTCAGTGTATCGTGGG,0,4671702
ybeDp,0.25,3,3,CTATCAATGTCTGATCCAGC,0,4654400
ybeDp,0.25,3,3,CTATATATAGTAGTTCTATC,0,4602830
ybeDp,0.25,3,3,CTAGTTCCACCGGCGGTGCG,0,4625217
ybeDp,0.25,3,3,CTAGTTATAGGCATGGTAAC,0,4608951
ybeDp,0.25,3,3,CTAGTGTCACTCTAAGTAAT,0,4612923
ybeDp,0.25,3,3,CTAGTCTATCAGTCGCTAAC,0,4622670
ybeDp,0.25,3,3,CTAGGTATTTGTGATCATTG,0,4677193
ybeDp,0.25,3,3,CTACTCGCCCGTTGGGACTC,0,4663052
ybeDp,0.25,3,3,CTACGTTTCTACGAGGATGT,0,4669456
ybeDp,0.25,3,3,CTACGCTATCGTTTGAAAGC,0,4619945
ybeDp,0.25,3,3,CTACCTCTTGCGCACAGAGG,0,4618932
ybeDp,0.25,3,3,CTACCTCACATAGTGGATTT,0,4627857
ybeDp,0.25,3,3,CTACATCGAGGAGGGTCTAT,0,4654271
ybeDp,0.25,3,3,CTACATAGATTAGCAGCGAG,0,4638271
ybeDp,0.25,3,3,CTAATCAGCTTTAAGGCGTA,0,4632470
ybeDp,0.25,3,3,CTAATCAATTCCGGACAATG,0,4632373
ybeDp,0.25,3,3,CTAAGTGCCGGCGTTCCTCC,0,4631258
ybeDp,0.25,3,3,CTAAGACCGGAATGAGGCCA,0,4641068
ybeDp,0.25,3,3,CTAACACTTGGGGTATGATA,0,4615708
ybeDp,0.25,3,3,CTAAAGTAAACGCGGCCACA,0,4616726
ybeDp,0.25,3,3,CGTTTGGTGCCTTTTAATGG,0,4601150
ybeDp,0.25,3,3,CGTTTCCGCTATCGAGAACC,0,4641454
ybeDp,0.25,3,3,CGTTTAGACAATAGGGGGCG,0,4662919
ybeDp,0.25,3,3,CGTTGTTATTGCAGGTGCAG,0,4632994
ybeDp,0.25,3,3,CGTTGACAAAGATGGAATCA,0,4659074
ybeDp,0.25,3,3,CGTTCTGCAAGCGTGTATAA,0,4654178
ybeDp,0.25,3,3,CGTTCTCGAATGTCGTTATG,0,4664871
ybeDp,0.25,3,3,CGTTATTCTCAGCCGTAGTT,0,4650878
ybeDp,0.25,3,3,CGTTATCTCCTAAGGAGGGG,0,4607029
ybeDp,0.25,3,3,CGTGTTTACCCTGCATGGGA,0,4602514
ybeDp,0.25,3,3,CGTGGTCTCGAACCGCGCAG,0,4662368
ybeDp,0.25,3,3,CGTGGAGCCAGCTGGTCGTC,0,4626372
ybeDp,0.25,3,3,CGTGCTGCGGCCGCTTTCCC,0,4636176
ybeDp,0.25,3,3,CGTGCTATGAGTAGTAGGCG,0,4686493
ybeDp,0.25,3,3,CGTGCGAAGTGATTACGCAG,0,4631834
ybeDp,0.25,3,3,CGTGCAATGTGCTGAATACG,0,4687627
ybeDp,0.25,3,3,CGTGATGGAGTTTTCTTGTT,0,4664542
ybeDp,0.25,3,3,CGTGATCCGGCCGGTAATTA,0,4633817
ybeDp,0.25,3,3,CGTGAGTCTCGTGAAGTCCG,0,4687466
ybeDp,0.25,3,3,CGTCTTGGTACCTATTCGTT,0,4616383
ybeDp,0.25,3,3,CGTCTAGGCAGTCGTGATTG,0,4639702
ybeDp,0.25,3,3,CGTCTAGAAGCCTCCACTAC,0,4610314
ybeDp,0.25,3,3,CGTCGTTAGCAGTGTAATTT,0,4644749
ybeDp,0.25,3,3,CGTCGTCACGCGGGTGGAGA,0,4665567
ybeDp,0.25,3,3,CGTCGGGCTTACAGGAATTA,0,4646184
ybeDp,0.25,3,3,CGTCGGAATGAAGTTAGATT,0,4601922
ybeDp,0.25,3,3,CGTCGAGTGTGACATAGCTT,0,4643072
ybeDp,0.25,3,3,CGTCCCGGTTCCTTAGCGCT,0,4611643
ybeDp,0.25,3,3,CGTCATCAGAGCTTGTTGCC,0,4687284
ybeDp,0.25,3,3,CGTAGGCCATAGCATAGGTT,0,4651930
ybeDp,0.25,3,3,CGTAGAGTACTCTCCAAAAT,0,4666305
ybeDp,0.25,3,3,CGTACTAATGGCAGCTTTCT,0,4619651
ybeDp,0.25,3,3,CGTAAAGACGGGCGTACACC,0,4610993
ybeDp,0.25,3,3,CGGTTTTTAGATATAGCGAT,0,4654296
ybeDp,0.25,3,3,CGGTTTTGTCGCATGCCAGT,0,4669788
ybeDp,0.25,3,3,CGGTTTGATCGGAGAAACCT,0,4611588
ybeDp,0.25,3,3,CGGTTCTAACGAACCGTTAA,0,4684580
ybeDp,0.25,3,3,CGGTGCTTAATAGGTGTACC,0,4609002
ybeDp,0.25,3,3,CGGTGACTGTCGCCTACGCC,0,4632368
ybeDp,0.25,3,3,CGGTATCTAGGGGTTGCGTT,0,4669393
ybeDp,0.25,3,3,CGGGGTTGGAGTGTCATCAT,0,4608465
ybeDp,0.25,3,3,CGGGGTTCTATACCCGTTAC,0,4602328
ybeDp,0.25,3,3,CGGGGTGAACGTACGCTCCA,0,4648276
ybeDp,0.25,3,3,CGGGGTACCCGGGAAGGTTG,0,4671892
ybeDp,0.25,3,3,CGGGGCTAATAAAAACTCAA,0,4624516
ybeDp,0.25,3,3,CGGGGCGCCTTACTTAGAGG,0,4628457
ybeDp,0.25,3,3,CGGGGATCAAATTTCATCGC,0,4630790
ybeDp,0.25,3,3,CGGGGAGGCTGGTCGAGACC,0,4629985
ybeDp,0.25,3,3,CGGGCTATGCGCAAATATGA,0,4670573
ybeDp,0.25,3,3,CGGGATGCCCCTCTGTGGGC,0,4657516
ybeDp,0.25,3,3,CGGGATAGAATAGTATATTA,0,4653369
ybeDp,0.25,3,3,CGGGAGTGATAAAGTCATAT,0,4632628
ybeDp,0.25,3,3,CGGCGTACGTGGACTACGAT,0,4653475
ybeDp,0.25,3,3,CGGCATCTATAGGTGAATTA,0,4622254
ybeDp,0.25,3,3,CGGCAGCCCTTCAATCGTGT,0,4667788
ybeDp,0.25,3,3,CGGCACCGACTACTATGATT,0,4619026
ybeDp,0.25,3,3,CGGATTCTCGGTTAGGACTA,0,4644359
ybeDp,0.25,3,3,CGGAGTAAGTCTATGGTCAT,0,4654818
ybeDp,0.25,3,3,CGGACTGGGCGCTAAGGAGT,0,4686347
ybeDp,0.25,3,3,CGGAATCGTAATCAGGCTTT,0,4655412
ybeDp,0.25,3,3,CGCTTGCACACACTCAGGCT,0,4649620
ybeDp,0.25,3,3,CGCTTGAGTATTAAAGCACT,0,4644108
ybeDp,0.25,3,3,CGCTGTTCTGCCTTGGGAGG,0,4628268
ybeDp,0.25,3,3,CGCTGAATGGCCAAGGCTTA,0,4654810
ybeDp,0.25,3,3,CGCTATTTTCCACTCTATAA,0,4682964
ybeDp,0.25,3,3,CGCTATTAACGCCACATTCT,0,4647494
ybeDp,0.25,3,3,CGCTATACGCGGCAATTTCG,0,4642907
ybeDp,0.25,3,3,CGCTACTACAGCCCATTACT,0,4637670
ybeDp,0.25,3,3,CGCGTGAAGAAGTCGTTTTA,0,4625104
ybeDp,0.25,3,3,CGCGTAGACTAGACGCCCTA,0,4647974
ybeDp,0.25,3,3,CGCGGTCACTTGGGTCTCGC,0,4632494
ybeDp,0.25,3,3,CGCGGGGTAGAGCTGCTAGT,0,4658768
ybeDp,0.25,3,3,CGCGGCATATGTAAAGTTAA,0,4636359
ybeDp,0.25,3,3,CGCGGACTAAGAAACGTTGT,0,4617266
ybeDp,0.25,3,3,CGCGCGTATGGTAACAATTA,0,4614342
ybeDp,0.25,3,3,CGCGAGGCGCTGGATCGGAA,0,4622836
ybeDp,0.25,3,3,CGCGACGTATTCTTCGTCTG,0,4605317
ybeDp,0.25,3,3,CGCGAACGATAATGCTTTCC,0,4648489
ybeDp,0.25,3,3,CGCCGCTGGCGACACACACG,0,4621919
ybeDp,0.25,3,3,CGCCGCGTTCACTGCGCGCC,0,4615916
ybeDp,0.25,3,3,CGCCGCCGAAGACCTCGGTC,0,4672617
ybeDp,0.25,3,3,CGCCGATGCTCCGCCTAAGC,0,4661861
ybeDp,0.25,3,3,CGCCCCATCATATCCTCATC,0,4632791
ybeDp,0.25,3,3,CGCCCATGGCGGCATGTAGA,0,4673265
ybeDp,0.25,3,3,CGCCAGCTTTTTATGGGATC,0,4605919
ybeDp,0.25,3,3,CGCCAGAATGTGGGGATTGA,0,4632925
ybeDp,0.25,3,3,CGCCACAGCACAATCGAGAT,0,4606277
ybeDp,0.25,3,3,CGCCAAAGCCGCGGACATCA,0,4649216
ybeDp,0.25,3,3,CGCCAAACAGCGGTTCTGAA,0,4671569
ybeDp,0.25,3,3,CGCATGTGCCGGCCATCCCT,0,4662324
ybeDp,0.25,3,3,CGCAGTCCTACAGATATTTG,0,4642441
ybeDp,0.25,3,3,CGCAGGATTCTTCGGGCAAA,0,4679630
ybeDp,0.25,3,3,CGCAGAGAGATAGACTTCCG,0,4638821
ybeDp,0.25,3,3,CGCACCGTCCATCTGGCTTT,0,4646426
ybeDp,0.25,3,3,CGCAACTCGTTGGTATATGT,0,4623090
ybeDp,0.25,3,3,CGCAACGTCGAAAAAGTGTG,0,4633444
ybeDp,0.25,3,3,CGCAACGCCGAATCCTATAA,0,4646916
ybeDp,0.25,3,3,CGATTTACAAGCCTGGGAGG,0,4667986
ybeDp,0.25,3,3,CGATTGGCTATATGCAACTC,0,4626804
ybeDp,0.25,3,3,CGATGTTTGCAGAGACGATA,0,4621396
ybeDp,0.25,3,3,CGATGTCTCCCTCCCCGAGC,0,4624800
ybeDp,0.25,3,3,CGATGTACGTGACGGTAGAC,0,4611484
ybeDp,0.25,3,3,CGATGCCAGTTCGCGTGGGT,0,4658743
ybeDp,0.25,3,3,CGATCTAAATGCAATATTGC,0,4666970
ybeDp,0.25,3,3,CGATCCGTGTTGCATCGTTT,0,4632666
ybeDp,0.25,3,3,CGATCAATTTACTGGATATT,0,4626571
ybeDp,0.25,3,3,CGAGTACTCGTGGGGTACCT,0,4633025
ybeDp,0.25,3,3,CGAGGACCTAGCCGCGTCTG,0,4647504
ybeDp,0.25,3,3,CGAGCGAGTCAAGCCATCAT,0,4643337
ybeDp,0.25,3,3,CGAGCCTGCGCGCGCGCCCA,0,4656642
ybeDp,0.25,3,3,CGACTTGCCTTTGGGGGGAA,0,4620992
ybeDp,0.25,3,3,CGACCAAGGTACGCTCGCAT,0,4604673
ybeDp,0.25,3,3,CGACAGCGATAGCCTTAGAC,0,4667707
ybeDp,0.25,3,3,CGACAACTTGGGTGGCAAAA,0,4621084
ybeDp,0.25,3,3,CGAATCCTAGCACCTACGAC,0,4659151
ybeDp,0.25,3,3,CGAATCATCACGGGCAGGTC,0,4641492
ybeDp,0.25,3,3,CGAATAGTTCAGCGATATGA,0,4661577
ybeDp,0.25,3,3,CGAAACCGTGGTCAATTGGA,0,4653722
ybeDp,0.25,3,3,CCTTGTGAAAACCGGGAAAT,0,4686197
ybeDp,0.25,3,3,CCTTGCAGGGCCATAAGTCC,0,4612946
ybeDp,0.25,3,3,CCTTGCACTGGTTAAAGGAT,0,4674969
ybeDp,0.25,3,3,CCTTGACCTGGGCTTATACG,0,4624329
ybeDp,0.25,3,3,CCTGTTGGCTGACCTAGTCG,0,4666542
ybeDp,0.25,3,3,CCTGGGAGTGACGACGGGGA,0,4613834
ybeDp,0.25,3,3,CCTGGGACTTGTTACGCTCA,0,4663193
ybeDp,0.25,3,3,CCTGGATTTACCAATGGTCT,0,4653391
ybeDp,0.25,3,3,CCTGGAACGGTGGCCGATCC,0,4613681
ybeDp,0.25,3,3,CCTGCACTTCAAGTCAACAT,0,4635084
ybeDp,0.25,3,3,CCTGACCCAAATGTGCCATA,0,4615833
ybeDp,0.25,3,3,CCTCTATGTTGGAAATTTAT,0,4647380
ybeDp,0.25,3,3,CCTCTAGCTCGACTTCGACA,0,4673876
ybeDp,0.25,3,3,CCTCCCCGCGGTATCGCAGT,0,4601628
ybeDp,0.25,3,3,CCTCAAGCTGCCCGAGGAGA,0,4627152
ybeDp,0.25,3,3,CCTATTGTTATAAAGGGGCA,0,4681592
ybeDp,0.25,3,3,CCTATTAACCTGGCTTCAAA,0,4630090
ybeDp,0.25,3,3,CCTATGGTTAATTTACTTTA,0,4630550
ybeDp,0.25,3,3,CCTAGTAAATGTATTCTACG,0,4666180
ybeDp,0.25,3,3,CCTAGCTTGGCAGAACTATG,0,4608162
ybeDp,0.25,3,3,CCTACTTTTCGCCCTGCGAT,0,4627674
ybeDp,0.25,3,3,CCGTTTGAAGTCTCGGTCTA,0,4662580
ybeDp,0.25,3,3,CCGTGGCCAAGAGCCAAACT,0,4654118
ybeDp,0.25,3,3,CCGTGAGCCGACAAATAGTA,0,4613955
ybeDp,0.25,3,3,CCGTCTTACCACGGGCTGAG,0,4648028
ybeDp,0.25,3,3,CCGTCGGTTCGTGGACATCC,0,4667387
ybeDp,0.25,3,3,CCGTATATACAAGTGGACTT,0,4656671
ybeDp,0.25,3,3,CCGTACGCTTTCACTACGCT,0,4660798
ybeDp,0.25,3,3,CCGTAATATCGTGATAAGAG,0,4664280
ybeDp,0.25,3,3,CCGGTGGACGTCATTTTGCC,0,4635946
ybeDp,0.25,3,3,CCGGGACCTGACCTAATGAC,0,4633816
ybeDp,0.25,3,3,CCGGCTGGACACCAGATACC,0,4651889
ybeDp,0.25,3,3,CCGGCGTGGTAAGTCATACA,0,4636942
ybeDp,0.25,3,3,CCGGCGTGGATTCATGGCAG,0,4662655
ybeDp,0.25,3,3,CCGGCCCGAGCTAGCACCTC,0,4612911
ybeDp,0.25,3,3,CCGCTGCACTGGCCTTGACA,0,4664365
ybeDp,0.25,3,3,CCGCTCACCAGTTGCATACT,0,4655757
ybeDp,0.25,3,3,CCGCTACTTTGACTCGAGCA,0,4604493
ybeDp,0.25,3,3,CCGCCTGGCCGCGTGGTATT,0,4662853
ybeDp,0.25,3,3,CCGCCACATCTCTGATACTC,0,4657418
ybeDp,0.25,3,3,CCGCAGGCTCGACAAAATGA,0,4629367
ybeDp,0.25,3,3,CCGCACGGTGCCACAGTGTT,0,4620719
ybeDp,0.25,3,3,CCGCACGGAATTTACAGTGT,0,4604813
ybeDp,0.25,3,3,CCGATGTGCGATCAGACGCG,0,4608584
ybeDp,0.25,3,3,CCGATATGGGAGGCGTATGA,0,4623770
ybeDp,0.25,3,3,CCGAGTACCCCACCAATCTC,0,4622291
ybeDp,0.25,3,3,CCGAGGCCCCAAAGGTCGTG,0,4602055
ybeDp,0.25,3,3,CCGACGTTAGGTGGGGCTTC,0,4614985
ybeDp,0.25,3,3,CCGAATTCCTCGTGACGTAA,0,4608633
ybeDp,0.25,3,3,CCGAAATGGGCCTAACGCAT,0,4648632
ybeDp,0.25,3,3,CCGAAATCGAATCCTTCGGG,0,4679653
ybeDp,0.25,3,3,CCGAAAAAGTCTTAAAATAC,0,4665628
ybeDp,0.25,3,3,CCCTTGAAGGACCGGATGGG,0,4618390
ybeDp,0.25,3,3,CCCTTCTGCCACCTTCTCCC,0,4610771
ybeDp,0.25,3,3,CCCTGTCATTATACTGGGAA,0,4608566
ybeDp,0.25,3,3,CCCTGACGGCCCAGAGTAAC,0,4672319
ybeDp,0.25,3,3,CCCTAGACCAGGCCTATTTA,0,4672759
ybeDp,0.25,3,3,CCCTACCGCATATTCGATTT,0,4666580
ybeDp,0.25,3,3,CCCGTGGGAGTCTATAGTGC,0,4624556
ybeDp,0.25,3,3,CCCGCCTCCCACTTGTGCGG,0,4668048
ybeDp,0.25,3,3,CCCGCAAGAGCCCAATTCGT,0,4654775
ybeDp,0.25,3,3,CCCGACTACGTACTCCGGCA,0,4602757
ybeDp,0.25,3,3,CCCCTTTATAAAAAATGGGA,0,4659670
ybeDp,0.25,3,3,CCCCGAGATGTTCGCATCTA,0,4643138
ybeDp,0.25,3,3,CCCCGAATAAACTCCGCGGC,0,4677192
ybeDp,0.25,3,3,CCCCCGTTCCCCGATAAACC,0,4672413
ybeDp,0.25,3,3,CCCCCGTGGAGCGGAATGAC,0,4667995
ybeDp,0.25,3,3,CCCCCAGAGCGCGTACGTTC,0,4679328
ybeDp,0.25,3,3,CCCCAAGGTTTAATCCGCAA,0,4622164
ybeDp,0.25,3,3,CCCATTAATTCAGGACACTC,0,4643531
ybeDp,0.25,3,3,CCCAGATTTATGTGGGCTAT,0,4604438
ybeDp,0.25,3,3,CCCAGAATGGCACCAATCTC,0,4652942
ybeDp,0.25,3,3,CCCACGACCTCGCATTTTGT,0,4620443
ybeDp,0.25,3,3,CCCACCAATGGCTATGCGGA,0,4602509
ybeDp,0.25,3,3,CCCAAGGCTTCTATGATGTG,0,4604200
ybeDp,0.25,3,3,CCCAAAGAAAATATCCAGCC,0,4628910
ybeDp,0.25,3,3,CCATGCGGTGAGACGATAAC,0,4665116
ybeDp,0.25,3,3,CCATGCGAGGGTCGCCCCCC,0,4632638
ybeDp,0.25,3,3,CCATCCTGGGTGTAAGCAAT,0,4624138
ybeDp,0.25,3,3,CCATCCATGCATCTGCACGG,0,4683747
ybeDp,0.25,3,3,CCATAGCATTGGGATCACGA,0,4647202
ybeDp,0.25,3,3,CCAGGGTCTGCTCTAGCCGG,0,4620544
ybeDp,0.25,3,3,CCAGGGGAGTGAAAGTCCGT,0,4684393
ybeDp,0.25,3,3,CCACTTTCCAGGCTGCGGGC,0,4642618
ybeDp,0.25,3,3,CCACTTGTGCATAGTATCCA,0,4662089
ybeDp,0.25,3,3,CCACTTACTGGGCCTCCGGC,0,4679337
ybeDp,0.25,3,3,CCACGTCAACAATAGCAAAG,0,4617170
ybeDp,0.25,3,3,CCACCTGTTCATGCCGTATG,0,4627862
ybeDp,0.25,3,3,CCACCTGTAATGCTATTGTA,0,4611183
ybeDp,0.25,3,3,CCAATCTCAGAGATAAATGC,0,4630770
ybeDp,0.25,3,3,CCAAGGCTTTATGTTGTTAT,0,4636076
ybeDp,0.25,3,3,CCAAGCCGACGGCTCCGAGT,0,4604455
ybeDp,0.25,3,3,CCAAAGACTTGCAGTATCAC,0,4682675
ybeDp,0.25,3,3,CCAAACCACCCATGTCGGGG,0,4632260
ybeDp,0.25,3,3,CATTTTTATGATTTACAAGA,0,4651755
ybeDp,0.25,3,3,CATTGGGTATCCCCCATGCA,0,4631692
ybeDp,0.25,3,3,CATTGGGCTCCTTTACGAGC,0,4652039
ybeDp,0.25,3,3,CATTGCTAGCTCTCCTCCTA,0,4630641
ybeDp,0.25,3,3,CATTGCCCTGGGTGGCGCTG,0,4679854
ybeDp,0.25,3,3,CATTAGGGTCCAAGATAAAT,0,4629517
ybeDp,0.25,3,3,CATTAATTTGGCTTGCGGAC,0,4681301
ybeDp,0.25,3,3,CATGTCGCTCGGTAGACTTA,0,4644826
ybeDp,0.25,3,3,CATGTAAATTCTTGCACACA,0,4632936
ybeDp,0.25,3,3,CATGGGCTGATCGCGCTCAC,0,4632259
ybeDp,0.25,3,3,CATGGCCGGCCGCCAGAGGT,0,4614218
ybeDp,0.25,3,3,CATGAGCGACTCGGATCTAA,0,4638537
ybeDp,0.25,3,3,CATCTTGGTATGTGGGTTAA,0,4627907
ybeDp,0.25,3,3,CATCTCGGGACATACGCGAG,0,4634515
ybeDp,0.25,3,3,CATCGTGACGCAGGCTTGCT,0,4665886
ybeDp,0.25,3,3,CATCGTATTAGTGTTACATA,0,4624942
ybeDp,0.25,3,3,CATCGCGGATGGGGCCTCAG,0,4686439
ybeDp,0.25,3,3,CATCCTAATTCGTGTACACT,0,4676735
ybeDp,0.25,3,3,CATCAATTTGATGTAAGTGA,0,4615679
ybeDp,0.25,3,3,CATATTTGCGAAGGCAGATA,0,4602942
ybeDp,0.25,3,3,CATATATACGGCGCACGGTT,0,4633322
ybeDp,0.25,3,3,CATAGTGACTAGGGACTTAA,0,4625109
ybeDp,0.25,3,3,CATAGAGTCGATCAAATCTC,0,4641405
ybeDp,0.25,3,3,CATAGAAACGACGGTACCAT,0,4630657
ybeDp,0.25,3,3,CATAACGGTCATGGGCGCAA,0,4609467
ybeDp,0.25,3,3,CAGTTTAGGGATGTATTTGC,0,4672798
ybeDp,0.25,3,3,CAGTTCGCTGGCACGACCAA,0,4600798
ybeDp,0.25,3,3,CAGTGCCGGCCCAGGATGAT,0,4684474
ybeDp,0.25,3,3,CAGTGATATTCAAACCCATT,0,4680242
ybeDp,0.25,3,3,CAGTATGCCGAGATTGGTTC,0,4639564
ybeDp,0.25,3,3,CAGTAAGTTAGTCAGTCATT,0,4626062
ybeDp,0.25,3,3,CAGGTTACTGGAGCCAGACC,0,4660799
ybeDp,0.25,3,3,CAGGGTTCTTCCCAACCCAG,0,4635041
ybeDp,0.25,3,3,CAGGGTGTCGTCTTAAAGTG,0,4653716
ybeDp,0.25,3,3,CAGGGGCAAACTTATTCGAA,0,4666159
ybeDp,0.25,3,3,CAGGCTAGATTCCTCCTAGC,0,4654744
ybeDp,0.25,3,3,CAGGCCTTCGGTGTGATAGT,0,4643186
ybeDp,0.25,3,3,CAGGATCGGCTCCAACCTAC,0,4629312
ybeDp,0.25,3,3,CAGGAGTCTCAGGGCATATC,0,4658444
ybeDp,0.25,3,3,CAGCTTTGGACAACACTCTT,0,4627497
ybeDp,0.25,3,3,CAGCTAAGAAATTTCCTCGT,0,4643507
ybeDp,0.25,3,3,CAGCGGGGTAGCGGGACACA,0,4672912
ybeDp,0.25,3,3,CAGCGACATAGGAGTTGGCT,0,4613816
ybeDp,0.25,3,3,CAGCCTCTTCAATCTATAAA,0,4682190
ybeDp,0.25,3,3,CAGCCTAGGCTCCGATGCCG,0,4656635
ybeDp,0.25,3,3,CAGCCGGCCTGTTTACCATC,0,4638237
ybeDp,0.25,3,3,CAGCCATACGTCTCAACTCG,0,4673847
ybeDp,0.25,3,3,CAGCAAGCTCTACAGTGTTA,0,4639500
ybeDp,0.25,3,3,CAGATTTCTTCGACCATCCC,0,4625581
ybeDp,0.25,3,3,CAGATGGGGGGCAAACATAC,0,4634238
ybeDp,0.25,3,3,CAGACAGCAGCGCGTGCTTG,0,4683599
ybeDp,0.25,3,3,CAGAATCACCCCGGGCTTCA,0,4662630
ybeDp,0.25,3,3,CAGAAGGCAGATGGCCCCTA,0,4649938
ybeDp,0.25,3,3,CAGAAGCTCGCCGCTTTCGG,0,4687752
ybeDp,0.25,3,3,CAGAACTACCTGCGCAGCAG,0,4656594
ybeDp,0.25,3,3,CACTTTGTACCAAGCAAAGA,0,4671861
ybeDp,0.25,3,3,CACTGGCGCCCGCGTACCCT,0,4674961
ybeDp,0.25,3,3,CACTGAAGCAAGCAACCAGT,0,4642544
ybeDp,0.25,3,3,CACTCATCAGGGCCTGCACG,0,4636725
ybeDp,0.25,3,3,CACTATTCATTGTGCCGCTT,0,4606344
ybeDp,0.25,3,3,CACTACTTAAAGTCTTGTAA,0,4667214
ybeDp,0.25,3,3,CACGTGTTTCTTCCCTCGTG,0,4645966
ybeDp,0.25,3,3,CACGGTCTATATATAATACA,0,4620092
ybeDp,0.25,3,3,CACGGGACAATACGCCATTT,0,4622501
ybeDp,0.25,3,3,CACGCTTCTTATAGGCCAGG,0,4668986
ybeDp,0.25,3,3,CACGCGGACGGTTGTTTACG,0,4644507
ybeDp,0.25,3,3,CACGCAAGATCTTGCTCTAT,0,4659416
ybeDp,0.25,3,3,CACGAAGGCCACCGGAACAA,0,4647595
ybeDp,0.25,3,3,CACCTGACAGAACGCGACCA,0,4684184
ybeDp,0.25,3,3,CACCTCTTCTTATTGCGAGA,0,4668871
ybeDp,0.25,3,3,CACCTCCTCAATTTCGGGGT,0,4633704
ybeDp,0.25,3,3,CACCCCTCCACTGGAGTGGA,0,4656616
ybeDp,0.25,3,3,CACCATTCAGTTCCTTCTTG,0,4618676
ybeDp,0.25,3,3,CACCAGGGGTGAGCAAACAT,0,4621706
ybeDp,0.25,3,3,CACCAGGCACGCCGCTGATT,0,4673103
ybeDp,0.25,3,3,CACCAACTCCGCAGTGGGAC,0,4657227
ybeDp,0.25,3,3,CACCAAACCTGGGCGCATGC,0,4610925
ybeDp,0.25,3,3,CACATCGATTATCATCGTAA,0,4618532
ybeDp,0.25,3,3,CACATAGTCTTCAAAACAAG,0,4624744
ybeDp,0.25,3,3,CACATAATTGACGCGTTTTT,0,4658185
ybeDp,0.25,3,3,CACAGGTGCCCGTGAGCAAG,0,4611654
ybeDp,0.25,3,3,CACAATTTCCTATGTCTTTG,0,4684761
ybeDp,0.25,3,3,CACAAGCTAAGCCGGCCATC,0,4653776
ybeDp,0.25,3,3,CACAACCCCGAGTTTTGATC,0,4603011
ybeDp,0.25,3,3,CAATCTACCGAATAGGTCTC,0,4686526
ybeDp,0.25,3,3,CAATAGTTGGGAGTCCCTAG,0,4621338
ybeDp,0.25,3,3,CAAGCTAGTTTAGGCAGTCA,0,4621140
ybeDp,0.25,3,3,CAAGCGATGCCGGAGTTCAC,0,4646656
ybeDp,0.25,3,3,CAAGAATGCCTTCCGCACTC,0,4672736
ybeDp,0.25,3,3,CAACGAGATTACAGATCCTT,0,4664540
ybeDp,0.25,3,3,CAACCCTAACCGTGAGAAGT,0,4673141
ybeDp,0.25,3,3,CAACCAGCGCGCCTGAACTC,0,4680582
ybeDp,0.25,3,3,CAACAGGGGAGGCCTACTTA,0,4654812
ybeDp,0.25,3,3,CAACACAGTCGATGGGACCA,0,4652780
ybeDp,0.25,3,3,CAACAATGGATTCTCTATCA,0,4619403
ybeDp,0.25,3,3,CAAATCGATGGGCAAGAATG,0,4647764
ybeDp,0.25,3,3,CAAATAAAAGGTTACGTCTG,0,4615481
ybeDp,0.25,3,3,CAAACCGCCCTTATACTTTC,0,4609745
ybeDp,0.25,3,3,CAAAATAGTGGCCAAACTGT,0,4677435
ybeDp,0.25,3,3,ATTTGTTCAGTGTGCCATTG,0,4662257
ybeDp,0.25,3,3,ATTTGGGCCGGTCTGGAAAG,0,4632452
ybeDp,0.25,3,3,ATTTGACAGTACACGCCTTT,0,4669474
ybeDp,0.25,3,3,ATTTCTGGAAATATGTCAAA,0,4647023
ybeDp,0.25,3,3,ATTTCACACCTCTGGTCGTA,0,4604353
ybeDp,0.25,3,3,ATTTCAACTGGCCTGGGTAT,0,4673967
ybeDp,0.25,3,3,ATTTATTCTTAACCCCACTA,0,4604502
ybeDp,0.25,3,3,ATTTAAAGAGACACCGGGAC,0,4657910
ybeDp,0.25,3,3,ATTGTCGGTGGGTGTGTGGC,0,4652967
ybeDp,0.25,3,3,ATTGTACAGACCTGATCTAT,0,4685925
ybeDp,0.25,3,3,ATTGGTGTCTTGCGTTATGG,0,4680906
ybeDp,0.25,3,3,ATTGCTGATACGGCAGAGGA,0,4665545
ybeDp,0.25,3,3,ATTGCGTTCTTCAGCATCAA,0,4679858
ybeDp,0.25,3,3,ATTGCGTGTCGAGGACCCCT,0,4617855
ybeDp,0.25,3,3,ATTGCAATGTTTCTGTCTGC,0,4615834
ybeDp,0.25,3,3,ATTGACAGTTGTAGGAAGCA,0,4638482
ybeDp,0.25,3,3,ATTCTGCTGTACATAACCCT,0,4641313
ybeDp,0.25,3,3,ATTCTACAGGGATCACGGCT,0,4608626
ybeDp,0.25,3,3,ATTCGTTGCCTCGCGTCGCC,0,4654817
ybeDp,0.25,3,3,ATTCCTCGAGAACAGTTTCT,0,4641214
ybeDp,0.25,3,3,ATTCCTAGTAAAGGGCGACT,0,4666260
ybeDp,0.25,3,3,ATTCCACTAAGTCGCGTAGA,0,4641343
ybeDp,0.25,3,3,ATTCATTGATATGGAGGTTC,0,4669484
ybeDp,0.25,3,3,ATTCATTCCGGGGCTGCAGC,0,4611869
ybeDp,0.25,3,3,ATTCATCCCATGCCCCGGTA,0,4640434
ybeDp,0.25,3,3,ATTCAGAACATGGATCTTCT,0,4609379
ybeDp,0.25,3,3,ATTCAAGTCCGGCTTGCCTT,0,4630171
ybeDp,0.25,3,3,ATTCAAATTTTTGCAAAGCG,0,4625471
ybeDp,0.25,3,3,ATTCAAACATAGTGCTATAC,0,4674279
ybeDp,0.25,3,3,ATTATTTACATGACAGAGCA,0,4652929
ybeDp,0.25,3,3,ATTATTACGATGTTGGGGAT,0,4663904
ybeDp,0.25,3,3,ATTATGAGTGGATGTCCTGT,0,4670200
ybeDp,0.25,3,3,ATTATAACACGGCGTATTTC,0,4635648
ybeDp,0.25,3,3,ATTAGGGCGTCCGTCCTAGA,0,4639336
ybeDp,0.25,3,3,ATTAGAGTCTTAGGTAGTGT,0,4601797
ybeDp,0.25,3,3,ATTAGACGCCAGGAAAAAGA,0,4681960
ybeDp,0.25,3,3,ATTACATTTGGTGGTAGCGC,0,4638558
ybeDp,0.25,3,3,ATTAACTGCATCAGGTGGAG,0,4669797
ybeDp,0.25,3,3,ATTAACTGATCCCTATGGCC,0,4619828
ybeDp,0.25,3,3,ATTAAATGTGTCGTACTGTA,0,4636903
ybeDp,0.25,3,3,ATGTGGTTTTGTCGTAAAGA,0,4671864
ybeDp,0.25,3,3,ATGTGACGACTTGAAGGTTT,0,4609287
ybeDp,0.25,3,3,ATGTCTATGAATCCGACCCT,0,4678808
ybeDp,0.25,3,3,ATGTCTAGCAAAGGTCATGT,0,4671922
ybeDp,0.25,3,3,ATGTCACATCACTGAATGAT,0,4636655
ybeDp,0.25,3,3,ATGTATGGCTCGTGGAACCT,0,4659623
ybeDp,0.25,3,3,ATGTACGGCCCTCTATTATG,0,4682036
ybeDp,0.25,3,3,ATGTAATTGAATGTACGTTT,0,4667832
ybeDp,0.25,3,3,ATGGTTTTCACTTGTTTCAC,0,4685906
ybeDp,0.25,3,3,ATGGGTAGTCGTGAATCACA,0,4674371
ybeDp,0.25,3,3,ATGGGTAGGGCATAGGTCTT,0,4672622
ybeDp,0.25,3,3,ATGGGTACAACTGCTTAAAG,0,4636651
ybeDp,0.25,3,3,ATGGGGCACTAGACCCCAAT,0,4638266
ybeDp,0.25,3,3,ATGGGATCCTAGACCGTAAG,0,4625291
ybeDp,0.25,3,3,ATGGCTCTTTAGAATGTTGA,0,4624441
ybeDp,0.25,3,3,ATGGAGGTGCAGAAAATGGT,0,4643290
ybeDp,0.25,3,3,ATGCTGCGCGCGGGTAGCAT,0,4626249
ybeDp,0.25,3,3,ATGCGTGAGATTATTCTTAA,0,4681722
ybeDp,0.25,3,3,ATGCGCCGACCTATAATAAT,0,4610615
ybeDp,0.25,3,3,ATGCGCAGACTAAAAAGAAG,0,4665348
ybeDp,0.25,3,3,ATGCGAGTTACTTCCGGAGA,0,4605334
ybeDp,0.25,3,3,ATGCGACATCGCTTTGTACG,0,4619946
ybeDp,0.25,3,3,ATGCGAATTTCTCCCCCGTC,0,4679253
ybeDp,0.25,3,3,ATGCCACTTGAGGCCCATGC,0,4677141
ybeDp,0.25,3,3,ATGCAGTAACGCTAAATATT,0,4634413
ybeDp,0.25,3,3,ATGCAGGGCACACGGCCTTT,0,4644550
ybeDp,0.25,3,3,ATGCACGTAACATGCCCAGA,0,4623667
ybeDp,0.25,3,3,ATGCACGGGCCGAACTGATA,0,4606635
ybeDp,0.25,3,3,ATGCAAGGAGTAAATAACGT,0,4603196
ybeDp,0.25,3,3,ATGATTGACGTTTGGCCCGT,0,4630197
ybeDp,0.25,3,3,ATGACAGTGAGAGGACAAGC,0,4610062
ybeDp,0.25,3,3,ATGACACTAACTACGTTATC,0,4607107
ybeDp,0.25,3,3,ATCTGGAAATCTCGGCGCCT,0,4631392
ybeDp,0.25,3,3,ATCTGCGATTCACCCGGTGC,0,4643165
ybeDp,0.25,3,3,ATCTCGTCGCGAAACGTTCT,0,4680295
ybeDp,0.25,3,3,ATCTCGGCTTAAGGGTTATT,0,4676175
ybeDp,0.25,3,3,ATCTCCGATCCTCAGGGTCG,0,4616449
ybeDp,0.25,3,3,ATCTAACCCAGGTCTCGCGG,0,4629810
ybeDp,0.25,3,3,ATCGTGATTGCTCGTCAGCA,0,4623069
ybeDp,0.25,3,3,ATCGGTTTCACCGAAAGTTT,0,4648996
ybeDp,0.25,3,3,ATCGGTCTTGTTAATACACG,0,4651262
ybeDp,0.25,3,3,ATCGGGATTTTAAGCATCTG,0,4620587
ybeDp,0.25,3,3,ATCGGCGGTCGTGTGTGCAG,0,4674151
ybeDp,0.25,3,3,ATCGGATCAGTGGTCGCCCT,0,4619338
ybeDp,0.25,3,3,ATCGGAGCACAACCTATACT,0,4680746
ybeDp,0.25,3,3,ATCGCTGTTGGGATTATACT,0,4653314
ybeDp,0.25,3,3,ATCGCTGTTAGCAGGCAAAT,0,4637679
ybeDp,0.25,3,3,ATCGCGAAGTTTTCATGACA,0,4673336
ybeDp,0.25,3,3,ATCGCAAACGCTCGGCGGAC,0,4672771
ybeDp,0.25,3,3,ATCGAATTGTTCGTGGTATA,0,4644003
ybeDp,0.25,3,3,ATCCTACCCACTTCGTTTAT,0,4651743
ybeDp,0.25,3,3,ATCCGTATCCTGTGAAGTCA,0,4644103
ybeDp,0.25,3,3,ATCCGGGCACACACGGAGAC,0,4616409
ybeDp,0.25,3,3,ATCCGCTGTGATATTTCGTC,0,4605812
ybeDp,0.25,3,3,ATCCCAGGTTAGACAGAGAG,0,4602016
ybeDp,0.25,3,3,ATCCACCGCTCTGAGGATCA,0,4606374
ybeDp,0.25,3,3,ATCCAATGAGGAGAAGATGC,0,4639421
ybeDp,0.25,3,3,ATCCAAGAGTTGCTTAAATA,0,4629845
ybeDp,0.25,3,3,ATCAGGCGTCGATGCATCAA,0,4622050
ybeDp,0.25,3,3,ATCACCACAAGAATAATGTT,0,4665207
ybeDp,0.25,3,3,ATCAAAGTATTGCATCCTCG,0,4631299
ybeDp,0.25,3,3,ATCAAAGCACGATAGCCTAG,0,4649084
ybeDp,0.25,3,3,ATCAAAACTAGGCTGCCGAA,0,4646795
ybeDp,0.25,3,3,ATATTACTTCGCAGCTATTG,0,4602581
ybeDp,0.25,3,3,ATATTAAGCACTCTATCTGT,0,4614547
ybeDp,0.25,3,3,ATATCTGGGGTGGTGATCCG,0,4687714
ybeDp,0.25,3,3,ATATCTCATGTGATGGCGGT,0,4630880
ybeDp,0.25,3,3,ATATCGATCTTCTCTTGCAT,0,4678259
ybeDp,0.25,3,3,ATAGTCACAGCAGAGGTTGA,0,4627140
ybeDp,0.25,3,3,ATAGGTGTAAATGATCGAAG,0,4631775
ybeDp,0.25,3,3,ATAGGTCGGTGAGGGGCCTA,0,4672048
ybeDp,0.25,3,3,ATAGGGTTTGAGACCAAAAG,0,4652411
ybeDp,0.25,3,3,ATAGGGTCCGCCGTCGCACC,0,4650281
ybeDp,0.25,3,3,ATAGGGAAAGAGGACTACTG,0,4669333
ybeDp,0.25,3,3,ATAGCGTAAAACAGCCATTG,0,4613628
ybeDp,0.25,3,3,ATAGCAGAATCATCGCCGTC,0,4628249
ybeDp,0.25,3,3,ATAGAGCTACTGCGACGGAG,0,4635152
ybeDp,0.25,3,3,ATAGACCTGAAGGCTTCTGC,0,4657486
ybeDp,0.25,3,3,ATACTTCAGATTCTCCTGGA,0,4637261
ybeDp,0.25,3,3,ATACTGAGTAAAGTCCTGGA,0,4676968
ybeDp,0.25,3,3,ATACGCCGTATGACGGACAT,0,4643377
ybeDp,0.25,3,3,ATACCGAGATGTTCAATGCA,0,4675022
ybeDp,0.25,3,3,ATACATGCACCGTCGAATCC,0,4608492
ybeDp,0.25,3,3,ATACACCTAGCCTGGCCATA,0,4630850
ybeDp,0.25,3,3,ATAATAAGTACTAGACCCAG,0,4664377
ybeDp,0.25,3,3,ATAAGTTTTCGGGCATCAGC,0,4614901
ybeDp,0.25,3,3,ATAAGGACCAGGCGCATGGT,0,4653370
ybeDp,0.25,3,3,ATAAGAGCGACGTTCCGTGG,0,4666889
ybeDp,0.25,3,3,ATAACGCATGATTGGGCGTC,0,4670555
ybeDp,0.25,3,3,ATAACCGGCTCACATAGAAC,0,4613850
ybeDp,0.25,3,3,AGTTTTGTGTTCGGCATGGT,0,4621827
ybeDp,0.25,3,3,AGTTTCTGTGATCTACCTGA,0,4620423
ybeDp,0.25,3,3,AGTTGTATTAGCGTTATAAT,0,4678424
ybeDp,0.25,3,3,AGTTCGGTTAGGACCTAGGC,0,4619981
ybeDp,0.25,3,3,AGTTCGGTAGTGGGTAGGCC,0,4654064
ybeDp,0.25,3,3,AGTTCAAGTTGGCGGGGCCA,0,4646436
ybeDp,0.25,3,3,AGTTATCTCCGGAAGTAAAT,0,4626931
ybeDp,0.25,3,3,AGTTAGCCCCTTTAACGGAA,0,4641502
ybeDp,0.25,3,3,AGTGTGATTGAGTCTGTACT,0,4623456
ybeDp,0.25,3,3,AGTGGGTAGGTGAATGCCTC,0,4670227
ybeDp,0.25,3,3,AGTGGACGTACCGACGCTTT,0,4621409
ybeDp,0.25,3,3,AGTGCCGATCTGTAACCCGT,0,4602440
ybeDp,0.25,3,3,AGTGAGATACGAAGCTCATC,0,4609668
ybeDp,0.25,3,3,AGTCTGCGCTTTGAGTATTT,0,4652832
ybeDp,0.25,3,3,AGTCGGCTTGGGAGATCGAG,0,4642291
ybeDp,0.25,3,3,AGTCGAATCAGAGTTCTGAA,0,4652323
ybeDp,0.25,3,3,AGTCCGATTCGACTGACTGT,0,4672971
ybeDp,0.25,3,3,AGTCATTCCTGGCCTACAGC,0,4623541
ybeDp,0.25,3,3,AGTCACAAATGACAAAACGT,0,4633833
ybeDp,0.25,3,3,AGTATTGAAGCGGTCGCCGA,0,4626669
ybeDp,0.25,3,3,AGTATCTCCATGGGGGGCCT,0,4686016
ybeDp,0.25,3,3,AGTAGTATCCATGTGAATTC,0,4680981
ybeDp,0.25,3,3,AGTAGGCCGCAAGTCACCCA,0,4677756
ybeDp,0.25,3,3,AGTACTGCACCAAAAGGAGT,0,4644312
ybeDp,0.25,3,3,AGTACTCAGGTCGCATTAGG,0,4635507
ybeDp,0.25,3,3,AGTACCACTCTCGGTCGTTG,0,4664637
ybeDp,0.25,3,3,AGTAACCTCGGTGAATCACT,0,4609530
ybeDp,0.25,3,3,AGGTTTGAGATCCGGAGCCC,0,4648408
ybeDp,0.25,3,3,AGGTTCTCCAAGGTTGTTTT,0,4659843
ybeDp,0.25,3,3,AGGTGGTAATAGTAATTCTT,0,4638709
ybeDp,0.25,3,3,AGGTGGGTACAATAACGCAT,0,4638561
ybeDp,0.25,3,3,AGGTCTACTTTATATGTTCA,0,4666460
ybeDp,0.25,3,3,AGGTAAGATTACGCGCTGGC,0,4681239
ybeDp,0.25,3,3,AGGTAACAGTAGGTTCGCTT,0,4650523
ybeDp,0.25,3,3,AGGGTTCGCCTCAAATTTCG,0,4671440
ybeDp,0.25,3,3,AGGGTCTTTTCAATCCGTGT,0,4644875
ybeDp,0.25,3,3,AGGGCTAGCAACATGCGAGA,0,4673345
ybeDp,0.25,3,3,AGGGCCTAACAAGTTCACTC,0,4611973
ybeDp,0.25,3,3,AGGGCCAGTGCATCTGGTCT,0,4647643
ybeDp,0.25,3,3,AGGGATAACGATTGAAATAA,0,4621249
ybeDp,0.25,3,3,AGGGACACGAGCGCATGAAG,0,4682870
ybeDp,0.25,3,3,AGGCTTTCCGGTTCAATATG,0,4607633
ybeDp,0.25,3,3,AGGCTGTGTCATTATGCAGG,0,4645254
ybeDp,0.25,3,3,AGGCTATCCACTCATCCGGC,0,4619650
ybeDp,0.25,3,3,AGGCCGTTCCTTTTAGGATC,0,4606554
ybeDp,0.25,3,3,AGGCCGAAACGTGCAGGTTT,0,4683907
ybeDp,0.25,3,3,AGGCCAAGTAGACCTTTGCG,0,4663288
ybeDp,0.25,3,3,AGGCCAACAACAGGGGTGTG,0,4677288
ybeDp,0.25,3,3,AGGCATGGGATTCGCCATGA,0,4606633
ybeDp,0.25,3,3,AGGCAGATTACCTCCCAGCT,0,4679910
ybeDp,0.25,3,3,AGGCAACAGGGGGTGCGGTA,0,4602772
ybeDp,0.25,3,3,AGGATTAGCTGTACTCAGAC,0,4640149
ybeDp,0.25,3,3,AGGATAACTCATAGGTCTAT,0,4663362
ybeDp,0.25,3,3,AGGAGTCCGGCGTTCGAGGT,0,4644171
ybeDp,0.25,3,3,AGGAGTCCGCTCGCGTTGGT,0,4686014
ybeDp,0.25,3,3,AGGAGTCAAGGAGTACTCCC,0,4652699
ybeDp,0.25,3,3,AGGAGGGTTTCGTAGCACAA,0,4656723
ybeDp,0.25,3,3,AGGAGCGGCAGGAGTAAGAT,0,4640195
ybeDp,0.25,3,3,AGGACTGATGAAACTTTCCT,0,4606720
ybeDp,0.25,3,3,AGGACTGAGCAGGGTCAGTA,0,4610089
ybeDp,0.25,3,3,AGGACCTTCGCGTACTTGAA,0,4666412
ybeDp,0.25,3,3,AGCTTACTAGTTAGACGATC,0,4607026
ybeDp,0.25,3,3,AGCTCTTAGATCGCGTCTGG,0,4662613
ybeDp,0.25,3,3,AGCTCGATGGGACAATTTGT,0,4664082
ybeDp,0.25,3,3,AGCTACCTTGGCGTTTGCGT,0,4604718
ybeDp,0.25,3,3,AGCTAACTTGCACGGATGGC,0,4644756
ybeDp,0.25,3,3,AGCGTAGGTTTTAAGCTCGC,0,4602412
ybeDp,0.25,3,3,AGCGCTGCTAGCTCAACCAA,0,4627630
ybeDp,0.25,3,3,AGCGCTGACTCCGATTAGCT,0,4614477
ybeDp,0.25,3,3,AGCGCTCCCTCCCCACCGTT,0,4677977
ybeDp,0.25,3,3,AGCGCTACAGCGGGGCCTAG,0,4665585
ybeDp,0.25,3,3,AGCGCGCCAGTTTCGTAATC,0,4610718
ybeDp,0.25,3,3,AGCGCCGCACAAAGTTGCAG,0,4626461
ybeDp,0.25,3,3,AGCGCCAGCGTTATAAACGG,0,4642483
ybeDp,0.25,3,3,AGCGACTCCCGGGAGGCTAT,0,4627598
ybeDp,0.25,3,3,AGCCTTTGGTTTGCATCGAT,0,4685615
ybeDp,0.25,3,3,AGCCTGGAAGCACAAGAAGG,0,4642835
ybeDp,0.25,3,3,AGCCCGCTTTCCTGACACGG,0,4613078
ybeDp,0.25,3,3,AGCCAAACGGGGGTTCAGAC,0,4632637
ybeDp,0.25,3,3,AGCATGAAGGATCCATAGTG,0,4657704
ybeDp,0.25,3,3,AGCATCCCTACTCGTCGTTG,0,4669731
ybeDp,0.25,3,3,AGCAGCCTTAAGTGAACGTG,0,4650853
ybeDp,0.25,3,3,AGCACTTCGGTGGTATGTAA,0,4674266
ybeDp,0.25,3,3,AGCAAGTTCACCGATGCGCT,0,4670674
ybeDp,0.25,3,3,AGCAAGTCGTGTTCATCACT,0,4601897
ybeDp,0.25,3,3,AGCAAGCTCCACATTGCTAC,0,4661191
ybeDp,0.25,3,3,AGATTTCTGTAGTTAACCGG,0,4615163
ybeDp,0.25,3,3,AGATTTAGAATCGTAGATAC,0,4673680
ybeDp,0.25,3,3,AGATTTAACCCATCGTACAG,0,4604031
ybeDp,0.25,3,3,AGATGTCCGACAGATTTATT,0,4666813
ybeDp,0.25,3,3,AGATAGTTGAGATTACGAAT,0,4609919
ybeDp,0.25,3,3,AGAGGCGCACAAGGGGATGC,0,4637743
ybeDp,0.25,3,3,AGAGGACTGCTCCTCAACGG,0,4675822
ybeDp,0.25,3,3,AGAGCTGGTGACGCGCGGTT,0,4676832
ybeDp,0.25,3,3,AGAGCTAGGGTGTTGGAGCA,0,4644590
ybeDp,0.25,3,3,AGAGCACCGCAATCGGCAAG,0,4607597
ybeDp,0.25,3,3,AGAGACGGTTGAGTCTCCAC,0,4602010
ybeDp,0.25,3,3,AGAGAACCCCTCCAATCGTT,0,4635707
ybeDp,0.25,3,3,AGAGAAACGGTTTGTGACTG,0,4620136
ybeDp,0.25,3,3,AGACTAGCGGTCAGCACACG,0,4686090
ybeDp,0.25,3,3,AGACGTCATATAACGCACCT,0,4601763
ybeDp,0.25,3,3,AGACCTTCTAGTGATAACCA,0,4631393
ybeDp,0.25,3,3,AGACCCGATCATAGCGGAGA,0,4628907
ybeDp,0.25,3,3,AGACCAGGCTCTCGAGCACA,0,4600804
ybeDp,0.25,3,3,AGACAGCAGGGCATAAACCC,0,4650322
ybeDp,0.25,3,3,AGACACTCTCAGACAATACA,0,4611212
ybeDp,0.25,3,3,AGAATAAAGGCTCCCATGAG,0,4683134
ybeDp,0.25,3,3,AGAAGTCATTGCCCTGGTGG,0,4673828
ybeDp,0.25,3,3,AGAAGAATCCTTTGTTATGT,0,4631539
ybeDp,0.25,3,3,AGAACTCTACCCGATAAGGT,0,4609152
ybeDp,0.25,3,3,AGAACTAACACACCAACCTC,0,4613028
ybeDp,0.25,3,3,AGAACGGCCCGAGATGTGCT,0,4663748
ybeDp,0.25,3,3,ACTTTGCAGTAAGCTTCGCA,0,4680772
ybeDp,0.25,3,3,ACTTTCAAACGGCCGCGGAT,0,4607501
ybeDp,0.25,3,3,ACTTGTGTGAGTAATCTGTC,0,4618583
ybeDp,0.25,3,3,ACTTGTCTCGCCGCCACAGC,0,4633815
ybeDp,0.25,3,3,ACTTGGGGAGTCGTAGCCCA,0,4628412
ybeDp,0.25,3,3,ACTTGACTCAGACTGTTGTG,0,4614661
ybeDp,0.25,3,3,ACTTCTCCACTACACAATAA,0,4681108
ybeDp,0.25,3,3,ACTTCGCATCACGCGGTTTC,0,4677328
ybeDp,0.25,3,3,ACTTACGTCGCCTTATACAC,0,4601970
ybeDp,0.25,3,3,ACTGTGCGCGTCCTCCGTTT,0,4662986
ybeDp,0.25,3,3,ACTGCGCGCCATGCAGTTAT,0,4654863
ybeDp,0.25,3,3,ACTGCAGAGTGATGGAAGCC,0,4675024
ybeDp,0.25,3,3,ACTGATCAGATTACATCATT,0,4619129
ybeDp,0.25,3,3,ACTGAAGACTGCTGTGCGCG,0,4666716
ybeDp,0.25,3,3,ACTCTTTCTCTTGAGACCCA,0,4632369
ybeDp,0.25,3,3,ACTCTTCCAGGCTTGTTTTT,0,4665222
ybeDp,0.25,3,3,ACTCTCTTTGCTCATCAGGG,0,4620971
ybeDp,0.25,3,3,ACTCGGTGGCCCATATCGTA,0,4608735
ybeDp,0.25,3,3,ACTCGATCTCCCCACACAAG,0,4670439
ybeDp,0.25,3,3,ACTCCCACCCATCGTGAACA,0,4604750
ybeDp,0.25,3,3,ACTCACGGAGCTATCATTAT,0,4684747
ybeDp,0.25,3,3,ACTATCTGAAGATGTGTTAT,0,4603225
ybeDp,0.25,3,3,ACTATAGGGTACCAACATGC,0,4607406
ybeDp,0.25,3,3,ACTAGATCTGTTCGCGCACC,0,4683616
ybeDp,0.25,3,3,ACTACTGCATTATTCAGCGA,0,4674003
ybeDp,0.25,3,3,ACTACGACCCATGAATTGGA,0,4661390
ybeDp,0.25,3,3,ACTAAGAAGATTTGTCCGCT,0,4645875
ybeDp,0.25,3,3,ACGTGGGATGCCCGGGGTGT,0,4604012
ybeDp,0.25,3,3,ACGTGAGATCCCACTCCGGA,0,4618776
ybeDp,0.25,3,3,ACGTCTACGCTATATAAACG,0,4634388
ybeDp,0.25,3,3,ACGTCCAGTCCCGAAGGCGA,0,4647225
ybeDp,0.25,3,3,ACGGTCCGCATTGAAACTTA,0,4620672
ybeDp,0.25,3,3,ACGGGGTCTGCGGGCCGTAT,0,4628425
ybeDp,0.25,3,3,ACGGGGCTCAGGACCTAAGT,0,4615838
ybeDp,0.25,3,3,ACGGCCCTAAAGCGGTTTCG,0,4628668
ybeDp,0.25,3,3,ACGGATTCCACTCCGGGGAG,0,4639368
ybeDp,0.25,3,3,ACGGATCGTCAGAATCTGTT,0,4653284
ybeDp,0.25,3,3,ACGGACCCTGTCCGGATTTA,0,4644845
ybeDp,0.25,3,3,ACGCTTTATAGCCTTCTGCT,0,4610565
ybeDp,0.25,3,3,ACGCTTGGACCATTGCGTGT,0,4645175
ybeDp,0.25,3,3,ACGCTTATTGGGATAATCTC,0,4646133
ybeDp,0.25,3,3,ACGCTATCTAAAATTATTGC,0,4626421
ybeDp,0.25,3,3,ACGCTAGTGGTGAAGCGGCA,0,4646930
ybeDp,0.25,3,3,ACGCTAGCACGCCATAAGAT,0,4642063
ybeDp,0.25,3,3,ACGCGTGTAGTACTGATGGA,0,4650554
ybeDp,0.25,3,3,ACGCGTGGTCCGAATAATGA,0,4622766
ybeDp,0.25,3,3,ACGCGCGCGTCCAGCGTGTC,0,4682219
ybeDp,0.25,3,3,ACGCCGCAGAAAGGCCCGTA,0,4612112
ybeDp,0.25,3,3,ACGCACTAACCTACATCTGA,0,4611239
ybeDp,0.25,3,3,ACGATTGCTGAGAAGCCTAC,0,4676000
ybeDp,0.25,3,3,ACGATGTAACATATAGGCCA,0,4653736
ybeDp,0.25,3,3,ACGAGGATGCCTACGTTTAT,0,4627045
ybeDp,0.25,3,3,ACGAGACCGCATAGTTACAC,0,4600868
ybeDp,0.25,3,3,ACGAATTTATGTTCGATGCT,0,4662445
ybeDp,0.25,3,3,ACGAACGGCACGGAACCTCA,0,4631804
ybeDp,0.25,3,3,ACCTTTGGGCAACTCGCTTC,0,4674368
ybeDp,0.25,3,3,ACCTGTACGGTACAAGCGTG,0,4652269
ybeDp,0.25,3,3,ACCTGAGGAGTCTCAGAAAG,0,4606231
ybeDp,0.25,3,3,ACCTGACAGAGCGGGTTGCA,0,4641325
ybeDp,0.25,3,3,ACCTCTCACGTAGAATATTT,0,4680147
ybeDp,0.25,3,3,ACCTCGATAGCCAATGTTCC,0,4659471
ybeDp,0.25,3,3,ACCTATACCGCGGTACCGCT,0,4682729
ybeDp,0.25,3,3,ACCTAGGCTGGTAAGGGCAG,0,4617344
ybeDp,0.25,3,3,ACCTACTAACATGATCCGTC,0,4652864
ybeDp,0.25,3,3,ACCGGGAATCCGCGTGAATT,0,4677185
ybeDp,0.25,3,3,ACCGCGCCCCTATGGGCAAC,0,4616571
ybeDp,0.25,3,3,ACCGATCGGAATCATGTCGA,0,4619967
ybeDp,0.25,3,3,ACCGATACTCTGGCAGGACC,0,4646730
ybeDp,0.25,3,3,ACCGACTCCGTGCGTGCTAT,0,4632779
ybeDp,0.25,3,3,ACCCTCTAACGCCAATCGCT,0,4652646
ybeDp,0.25,3,3,ACCCGGTGCTGATGGCAGCT,0,4687296
ybeDp,0.25,3,3,ACCCGATGCGGGAGACCGGA,0,4610749
ybeDp,0.25,3,3,ACCCCTGTTCGCGTGGTATG,0,4600864
ybeDp,0.25,3,3,ACCCCTACCATATGTATACG,0,4682519
ybeDp,0.25,3,3,ACCCCCGGGTATCGCGATAC,0,4624810
ybeDp,0.25,3,3,ACCCAACGATCGAACACAAC,0,4669576
ybeDp,0.25,3,3,ACCATCCGGGCTGGAGTATG,0,4610912
ybeDp,0.25,3,3,ACCAGTGTCAGTCAAGAAAG,0,4607700
ybeDp,0.25,3,3,ACCACTCTCTGAATCAGAAT,0,4687978
ybeDp,0.25,3,3,ACCACACACGGTATGGACTT,0,4637508
ybeDp,0.25,3,3,ACCAATCAGCGCCTAAAAAG,0,4664185
ybeDp,0.25,3,3,ACATTTATCATGGTGGTCTC,0,4621990
ybeDp,0.25,3,3,ACATTGGTTGAGGCGCGACA,0,4655930
ybeDp,0.25,3,3,ACATTATTGCAAAGTAAGAA,0,4608802
ybeDp,0.25,3,3,ACATGACGAGTTGCGCCCGT,0,4679457
ybeDp,0.25,3,3,ACATCTTCGCAAGTTAGTGT,0,4633156
ybeDp,0.25,3,3,ACATCGCCCTGTGCGGGCCA,0,4618163
ybeDp,0.25,3,3,ACATCGCAACTTACCTCCGT,0,4643338
ybeDp,0.25,3,3,ACATCCCATGCAACGAGAAA,0,4626113
ybeDp,0.25,3,3,ACATATGGGAGATCTGTCAG,0,4652413
ybeDp,0.25,3,3,ACAGGTGACTATCTCATCGT,0,4671707
ybeDp,0.25,3,3,ACAGGGGGTTAACTTCCCGG,0,4660146
ybeDp,0.25,3,3,ACAGGCAGAGAAACAATTCT,0,4651671
ybeDp,0.25,3,3,ACAGCAGTTACCGTGAAATG,0,4622046
ybeDp,0.25,3,3,ACAGCACATGACTCGGATTG,0,4686289
ybeDp,0.25,3,3,ACAGCAACTACGGTGACATG,0,4616724
ybeDp,0.25,3,3,ACAGATCCCGACATACAGTG,0,4682152
ybeDp,0.25,3,3,ACACTACACACTCGGGGAGT,0,4647137
ybeDp,0.25,3,3,ACACCCGCTTTATTCAACCA,0,4603381
ybeDp,0.25,3,3,ACAAGTCTTTTCGGTGCATA,0,4656699
ybeDp,0.25,3,3,ACAAGCCGAACAGCCTGGGT,0,4634678
ybeDp,0.25,3,3,ACAACTTGTATAATTCGCAA,0,4660615
ybeDp,0.25,3,3,ACAACGGCCCCGGCGAGAGC,0,4621456
ybeDp,0.25,3,3,ACAAATGTGTATCGATTTTA,0,4638311
ybeDp,0.25,3,3,ACAAAGTGTCGCCAGAAGGG,0,4673727
ybeDp,0.25,3,3,ACAAAGCAACAAGTAAAATA,0,4685459
ybeDp,0.25,3,3,ACAAACATGGGCCATTTAGG,0,4656655
ybeDp,0.25,3,3,ACAAACAAATCCAGTACTTG,0,4629407
ybeDp,0.25,3,3,AATTTGCAACAGCGCGTTGG,0,4637334
ybeDp,0.25,3,3,AATTGTTGGTGTTCCTTGTC,0,4639082
ybeDp,0.25,3,3,AATTCTCTCGTCGCTGCGTC,0,4612735
ybeDp,0.25,3,3,AATTCATATACTACGGCCTT,0,4626840
ybeDp,0.25,3,3,AATTCAAGCCACGTTCTGAT,0,4685605
ybeDp,0.25,3,3,AATTAAGGCCGTCGCTGGCG,0,4687631
ybeDp,0.25,3,3,AATGGTCTATGAAGTGTCTT,0,4641089
ybeDp,0.25,3,3,AATGGATTTAACATATGTGC,0,4604013
ybeDp,0.25,3,3,AATGCTGATGGATGCTCACG,0,4603890
ybeDp,0.25,3,3,AATGCAGCGAAGTTTTTGTA,0,4654181
ybeDp,0.25,3,3,AATGAGACTAAATGAAATCA,0,4656612
ybeDp,0.25,3,3,AATCCTCAAATACGAAGAAA,0,4666903
ybeDp,0.25,3,3,AATCCGTTTGGTCGGGATCG,0,4617907
ybeDp,0.25,3,3,AATCAGCGCATAACATTTCT,0,4616007
ybeDp,0.25,3,3,AATATGCGGTAGTTTTCAAG,0,4649807
ybeDp,0.25,3,3,AATAGACTTTAGTTCCTCGT,0,4674314
ybeDp,0.25,3,3,AATAGACTTGAGCGAGACGG,0,4680961
ybeDp,0.25,3,3,AATACGGGTGACGTATAAGG,0,4627831
ybeDp,0.25,3,3,AATAATTATATACCTACGCT,0,4669608
ybeDp,0.25,3,3,AATAAGAAAGCTGGCGTGTC,0,4630331
ybeDp,0.25,3,3,AAGTTGATATTGGCTCGAAG,0,4606801
ybeDp,0.25,3,3,AAGTTCCCCAGTTAAGGTGT,0,4601620
ybeDp,0.25,3,3,AAGTGGCGTGATGCGTAGGC,0,4618881
ybeDp,0.25,3,3,AAGTGCTAGTACCATGTATT,0,4603812
ybeDp,0.25,3,3,AAGTGACCTAATTTGTAATC,0,4646016
ybeDp,0.25,3,3,AAGTGAAAGTAAGCAAAGGA,0,4618481
ybeDp,0.25,3,3,AAGTCCGCCTCGCTGATTAT,0,4627322
ybeDp,0.25,3,3,AAGTAGGAACGTGCAATGAG,0,4670928
ybeDp,0.25,3,3,AAGTAACATGAATCTCGTCG,0,4605600
ybeDp,0.25,3,3,AAGGTCGGGAGTTCGCTTAA,0,4641003
ybeDp,0.25,3,3,AAGGTCGCGGGAGGTACTAA,0,4616502
ybeDp,0.25,3,3,AAGGGTTCGGGCCATGGCAG,0,4614665
ybeDp,0.25,3,3,AAGGGATAGAACAGGGCGTT,0,4626268
ybeDp,0.25,3,3,AAGGCGTTTATCGGGTGTCT,0,4644514
ybeDp,0.25,3,3,AAGGCCCAAAAATCACGGAC,0,4631427
ybeDp,0.25,3,3,AAGCTGTACACGAATCGGTT,0,4606538
ybeDp,0.25,3,3,AAGCGTTTCGAGAAAAAGTC,0,4601581
ybeDp,0.25,3,3,AAGCGTATATGGGGCTCATA,0,4657254
ybeDp,0.25,3,3,AAGCGAACGAATGGGCGACG,0,4617338
ybeDp,0.25,3,3,AAGCCTGTCACGGGGTCCCT,0,4666083
ybeDp,0.25,3,3,AAGCCACCTGATGTTACAAG,0,4623017
ybeDp,0.25,3,3,AAGCCACCATCACAGCAAAA,0,4602216
ybeDp,0.25,3,3,AAGCCAAATAGTTTCGTTTT,0,4673989
ybeDp,0.25,3,3,AAGCAGATCTTACTTTATTT,0,4645358
ybeDp,0.25,3,3,AAGCAAAAACCCACCTGGCC,0,4613421
ybeDp,0.25,3,3,AAGATTAACCTTCATCGAGG,0,4687494
ybeDp,0.25,3,3,AAGATACCCGGCCGCAGCCT,0,4651056
ybeDp,0.25,3,3,AAGAGCTAGGCGCAGCTCAG,0,4630289
ybeDp,0.25,3,3,AAGACTACCGATACAGTCCT,0,4613968
ybeDp,0.25,3,3,AAGACACGTGCTTAAGCCAA,0,4668974
ybeDp,0.25,3,3,AAGAAACGAGACTATTAACC,0,4670359
ybeDp,0.25,3,3,AACTTTAAGCCCTCTCGCGG,0,4673816
ybeDp,0.25,3,3,AACTTGTGAGACTGATTGAC,0,4687487
ybeDp,0.25,3,3,AACTTGTACAATAGTAGCGT,0,4661067
ybeDp,0.25,3,3,AACTGCCGTGCGATATCAGG,0,4671597
ybeDp,0.25,3,3,AACTAATGCTACCGGATTCG,0,4665363
ybeDp,0.25,3,3,AACGTAGTTTTGAACATAGT,0,4638429
ybeDp,0.25,3,3,AACGTAATCAAGCAAGTGTG,0,4674244
ybeDp,0.25,3,3,AACGCGCGAGACAAACCTGA,0,4604697
ybeDp,0.25,3,3,AACGCCTAGGGTCAAAGCGC,0,4663220
ybeDp,0.25,3,3,AACGCCAGGGGTTACACACC,0,4675140
ybeDp,0.25,3,3,AACGCATGTACAGATTACTC,0,4646098
ybeDp,0.25,3,3,AACGATTGGCACGCTGCGCT,0,4688099
ybeDp,0.25,3,3,AACCGGCCATTGGCAGACAT,0,4622445
ybeDp,0.25,3,3,AACCGCCAAGTGTCAAGATT,0,4682920
ybeDp,0.25,3,3,AACCAGTACTGGCAAGGGAT,0,4672219
ybeDp,0.25,3,3,AACATGTCCGGTCTGGGTTC,0,4623958
ybeDp,0.25,3,3,AACATGATCCCGCCATTGAC,0,4658616
ybeDp,0.25,3,3,AACATCTGTGGATGCACTTG,0,4679310
ybeDp,0.25,3,3,AACATATACTCCGCCTAATG,0,4668136
ybeDp,0.25,3,3,AACAGCATCGACCGTGTTTC,0,4660062
ybeDp,0.25,3,3,AACACGCCTCGGGTGCTGTT,0,4616119
ybeDp,0.25,3,3,AACAATTACGGATTATTGAC,0,4653409
ybeDp,0.25,3,3,AACAATCACATTATCCGGGG,0,4620725
ybeDp,0.25,3,3,AACAATCACACACATGATAT,0,4651297
ybeDp,0.25,3,3,AAATTCAATTATTATCATCA,0,4603550
ybeDp,0.25,3,3,AAATTAGATCGGTCTTTTCG,0,4662417
ybeDp,0.25,3,3,AAATGTCGGCAAGGCAATTC,0,4679955
ybeDp,0.25,3,3,AAATGGCTCGACAAGTGAGA,0,4634404
ybeDp,0.25,3,3,AAATGGCGATCCATCGCGAG,0,4612253
ybeDp,0.25,3,3,AAATCCCGATACACTTCGGC,0,4646945
ybeDp,0.25,3,3,AAATAAACGCCACAATCATT,0,4684903
ybeDp,0.25,3,3,AAAGTATCACCGTTACGCAG,0,4605275
ybeDp,0.25,3,3,AAAGTAAAGCCCCTCCACTT,0,4609929
ybeDp,0.25,3,3,AAAGCGACATACGGCTGTTA,0,4612593
ybeDp,0.25,3,3,AAAGACGGCATATGTGGTAC,0,4676542
ybeDp,0.25,3,3,AAAGACGGACTGCACATGCT,0,4637716
ybeDp,0.25,3,3,AAAGAATGGAGCGAGGACAA,0,4611912
ybeDp,0.25,3,3,AAACTTCACAGGACTGGCAT,0,4633485
ybeDp,0.25,3,3,AAACGACCTCAGCTTTTTCC,0,4657236
ybeDp,0.25,3,3,AAACCGGTCGCTCTACCCAG,0,4611000
ybeDp,0.25,3,3,AAACAGCCGCCGAGCTCAGT,0,4635015
ybeDp,0.25,3,3,AAAACTTCGTGACCTTTTAC,0,4616506
ybeDp,0.25,3,3,AAAACCACACAAAACATTCC,0,4673986
ybeDp,0.25,3,3,AAAACAGGGAACTTTAGTGT,0,4641166
ybeDp,0.25,3,3,AAAACAGACGCGGTTCCATA,0,4657224
ybeDp,0.25,3,3,AAAAAAGGGTCCGCACCAGT,0,4670197
ybeDp,0.3333333333333333,2,2,TTTTGTTCGCACGGCTACAT,0,4626637
ybeDp,0.3333333333333333,2,2,TTTTGGGCTGGCTAAACCAT,0,4641002
ybeDp,0.3333333333333333,2,2,TTTTGCCGAGAAATGAAGGC,0,4625691
ybeDp,0.3333333333333333,2,2,TTTTCTCGGGAAGCTGACCT,0,4668766
ybeDp,0.3333333333333333,2,2,TTTTCGTGCACAGTGCACGC,0,4620208
ybeDp,0.3333333333333333,2,2,TTTTCGGTGCATCGGAACTG,0,4601959
ybeDp,0.3333333333333333,2,2,TTTTCGCGTAGATTCCTAAT,0,4646871
ybeDp,0.3333333333333333,2,2,TTTTCGCGGTAACTTTAGCG,0,4663264
ybeDp,0.3333333333333333,2,2,TTTTCGCGGAGGGGACTTAG,0,4618825
ybeDp,0.3333333333333333,2,2,TTTTCGAGATTTTGCTTTCC,0,4637613
ybeDp,0.3333333333333333,2,2,TTTTCGAGACTGTAAGCGAA,0,4670667
ybeDp,0.3333333333333333,2,2,TTTTCACGTAGCCCATCAAA,0,4663809
ybeDp,0.3333333333333333,2,2,TTTTATGCGACCCGAGTTGC,0,4651306
ybeDp,0.3333333333333333,2,2,TTTTAGTTGCCAAACCCATA,0,4603258
ybeDp,0.3333333333333333,2,2,TTTTACCGCAGGTCGGAATC,0,4667677
ybeDp,0.3333333333333333,2,2,TTTGTCGTGGGATAAGCTGC,0,4661428
ybeDp,0.3333333333333333,2,2,TTTGTACAACGTAATGCGTT,0,4626381
ybeDp,0.3333333333333333,2,2,TTTGGGTCAAGGCTCTCATA,0,4608015
ybeDp,0.3333333333333333,2,2,TTTGCGGTCGCAGTATGATG,0,4615807
ybeDp,0.3333333333333333,2,2,TTTGCCGTCAAACTTGTGGT,0,4662690
ybeDp,0.3333333333333333,2,2,TTTGCCCGACTCCTTCAGCT,0,4648380
ybeDp,0.3333333333333333,2,2,TTTGATATGGAGCGCTTGTT,0,4605714
ybeDp,0.3333333333333333,2,2,TTTGAATGTTTCCGTCTCAG,0,4611884
ybeDp,0.3333333333333333,2,2,TTTCTTCGCTAGGGAAGGTG,0,4677389
ybeDp,0.3333333333333333,2,2,TTTCTGGTTAAGGATCCAAA,0,4643714
ybeDp,0.3333333333333333,2,2,TTTCTGAGTGGTAAGTATAT,0,4661161
ybeDp,0.3333333333333333,2,2,TTTCTCGCGGCGGTGGGCAA,0,4612376
ybeDp,0.3333333333333333,2,2,TTTCTCAAAAACACCGGCCA,0,4670100
ybeDp,0.3333333333333333,2,2,TTTCGCTATGAACTAGATAC,0,4617166
ybeDp,0.3333333333333333,2,2,TTTCGATTTCTACCAGCCCA,0,4640019
ybeDp,0.3333333333333333,2,2,TTTCCAGTAAAGCCCGTCCT,0,4603430
ybeDp,0.3333333333333333,2,2,TTTCATCGAAATCAGATATT,0,4626469
ybeDp,0.3333333333333333,2,2,TTTCACATTCGTCGAAGGAA,0,4620395
ybeDp,0.3333333333333333,2,2,TTTCACAAGTAGTCCTAACA,0,4647119
ybeDp,0.3333333333333333,2,2,TTTCAAAGGAGGCAAAATGT,0,4623306
ybeDp,0.3333333333333333,2,2,TTTAGGTTTTACTGTTTCTG,0,4677118
ybeDp,0.3333333333333333,2,2,TTTAGGTAGAGCCAAGCTAA,0,4624087
ybeDp,0.3333333333333333,2,2,TTTAGGGATCTTAGTGTCTT,0,4678974
ybeDp,0.3333333333333333,2,2,TTTAGCTACTAGTCGCAAGT,0,4641816
ybeDp,0.3333333333333333,2,2,TTTACTCTGGGAGAGTAAGA,0,4643211
ybeDp,0.3333333333333333,2,2,TTTACAGCTCATATGCTAGC,0,4618956
ybeDp,0.3333333333333333,2,2,TTTAAATGTATCTTAGCACC,0,4630725
ybeDp,0.3333333333333333,2,2,TTTAAAGCGCCGCAGTTTCC,0,4643496
ybeDp,0.3333333333333333,2,2,TTGTTATCCAAGCCAACGTC,0,4636520
ybeDp,0.3333333333333333,2,2,TTGTGTTTTGTTCGCAGAGT,0,4611162
ybeDp,0.3333333333333333,2,2,TTGTATGGCGGGTTTGGGCG,0,4608628
ybeDp,0.3333333333333333,2,2,TTGTAACAGCAAATCATGTT,0,4660532
ybeDp,0.3333333333333333,2,2,TTGGGTACGTTAGGTGCCGG,0,4645307
ybeDp,0.3333333333333333,2,2,TTGGCGGTTTTAGTGACGAC,0,4613712
ybeDp,0.3333333333333333,2,2,TTGGCCGCGCCAATATAGAT,0,4649558
ybeDp,0.3333333333333333,2,2,TTGGCCACACACGACGACAC,0,4615013
ybeDp,0.3333333333333333,2,2,TTGGCATACGACGCGGACTA,0,4660890
ybeDp,0.3333333333333333,2,2,TTGGACGGACGTTACAGTGT,0,4676382
ybeDp,0.3333333333333333,2,2,TTGGACAGAAGGATCGCCAT,0,4610064
ybeDp,0.3333333333333333,2,2,TTGGACAAGTCACGGGGGTT,0,4669253
ybeDp,0.3333333333333333,2,2,TTGGAAGCACGATAAGTACA,0,4639006
ybeDp,0.3333333333333333,2,2,TTGCTTGATTTAGTGGCGGC,0,4613095
ybeDp,0.3333333333333333,2,2,TTGCTTAGTAGTTGGTAAAT,0,4645967
ybeDp,0.3333333333333333,2,2,TTGCTCCGGAGCCTTGCCCA,0,4637893
ybeDp,0.3333333333333333,2,2,TTGCTATACACGCTACAAAC,0,4605807
ybeDp,0.3333333333333333,2,2,TTGCTAGGACAGGGCAGGTA,0,4601745
ybeDp,0.3333333333333333,2,2,TTGCCTTGCGGGCATGGCGA,0,4677675
ybeDp,0.3333333333333333,2,2,TTGCCACTCGCACTTTTGGA,0,4652432
ybeDp,0.3333333333333333,2,2,TTGCAGGGTCACGGTGATTT,0,4604134
ybeDp,0.3333333333333333,2,2,TTGCACCGGTCAGGCGGTGG,0,4644001
ybeDp,0.3333333333333333,2,2,TTGCACCGGCATATTTTCGA,0,4670354
ybeDp,0.3333333333333333,2,2,TTGATTCAATGGTTTACGAC,0,4680101
ybeDp,0.3333333333333333,2,2,TTGATGGAAGTAGTAGAGGG,0,4678964
ybeDp,0.3333333333333333,2,2,TTGAGTCCGGGTCATAGGAT,0,4650374
ybeDp,0.3333333333333333,2,2,TTCTTCCTTGCGTTTGGTCC,0,4675048
ybeDp,0.3333333333333333,2,2,TTCTTAGAGTGGTGAAAAGC,0,4625586
ybeDp,0.3333333333333333,2,2,TTCTGTTAAATCATGGGTGA,0,4669435
ybeDp,0.3333333333333333,2,2,TTCTGGACAGAAGTGTCCGA,0,4638708
ybeDp,0.3333333333333333,2,2,TTCTAGCCCTTAAAGGCGGA,0,4612598
ybeDp,0.3333333333333333,2,2,TTCTAACGGTGAGAGAACAA,0,4606378
ybeDp,0.3333333333333333,2,2,TTCGTTTTAGTCGCTTCCGT,0,4675911
ybeDp,0.3333333333333333,2,2,TTCGTTGAACAAGTACTTCA,0,4675882
ybeDp,0.3333333333333333,2,2,TTCGTGTGACGAAAGAGGCT,0,4656836
ybeDp,0.3333333333333333,2,2,TTCGTGGCTTTGTGCCCCAT,0,4681952
ybeDp,0.3333333333333333,2,2,TTCGTGAGTGAAGTTGACGG,0,4678933
ybeDp,0.3333333333333333,2,2,TTCGTACAAGGACGTTTGAT,0,4614224
ybeDp,0.3333333333333333,2,2,TTCGGGTTCGGTTGACTTTC,0,4614808
ybeDp,0.3333333333333333,2,2,TTCGGGTGTAGAGCCTCCCG,0,4665928
ybeDp,0.3333333333333333,2,2,TTCGCTTGGCGGTCACCTCG,0,4606717
ybeDp,0.3333333333333333,2,2,TTCGAGTACTGCAGCGCGTC,0,4628559
ybeDp,0.3333333333333333,2,2,TTCGAGAGTATGGTTGAGAT,0,4678059
ybeDp,0.3333333333333333,2,2,TTCGACGGCTCCAACAGTTC,0,4639893
ybeDp,0.3333333333333333,2,2,TTCCTCCGTGCCTAGATTAG,0,4664376
ybeDp,0.3333333333333333,2,2,TTCCTATTGCTCAAAACTTC,0,4635858
ybeDp,0.3333333333333333,2,2,TTCCGATCATTACCCAGGAT,0,4665251
ybeDp,0.3333333333333333,2,2,TTCCGAGTGAACGAGTGGGA,0,4617226
ybeDp,0.3333333333333333,2,2,TTCCATCCTGATTCAAAAAG,0,4602525
ybeDp,0.3333333333333333,2,2,TTCCATCCGCAGGCATCTCT,0,4634215
ybeDp,0.3333333333333333,2,2,TTCATCATCAGGGAAGTTCA,0,4625579
ybeDp,0.3333333333333333,2,2,TTCATATTAGTAGGCGGATA,0,4614508
ybeDp,0.3333333333333333,2,2,TTCATACGAGGAAGGCCTGG,0,4659775
ybeDp,0.3333333333333333,2,2,TTCAGGTTTGGTTTTTGGCA,0,4608180
ybeDp,0.3333333333333333,2,2,TTCAGAAAATTGGCATGGCT,0,4616802
ybeDp,0.3333333333333333,2,2,TTCACTTCTTTCAGGGGGAA,0,4667186
ybeDp,0.3333333333333333,2,2,TTCACTTAGAGATATCGTTT,0,4621694
ybeDp,0.3333333333333333,2,2,TTCACGGGCGTGTGGCAACT,0,4668681
ybeDp,0.3333333333333333,2,2,TTCACGCTCGACAAGTTATC,0,4677479
ybeDp,0.3333333333333333,2,2,TTCACCGCAGCGAGAACTAG,0,4677627
ybeDp,0.3333333333333333,2,2,TTCACCCGGCGTCATGTCTT,0,4622702
ybeDp,0.3333333333333333,2,2,TTCACAAGTCTGAATGCAAG,0,4658869
ybeDp,0.3333333333333333,2,2,TTATTACGAGGCCGAGATTA,0,4627952
ybeDp,0.3333333333333333,2,2,TTATGTACATGACTTGTTAA,0,4607744
ybeDp,0.3333333333333333,2,2,TTATGGTGTCTTCCATAGGA,0,4623343
ybeDp,0.3333333333333333,2,2,TTATGGTCCCGTCGCCAAGA,0,4608257
ybeDp,0.3333333333333333,2,2,TTATCTCCAGCGATTCTGAG,0,4616068
ybeDp,0.3333333333333333,2,2,TTATCGCGGTCTTCGCTTAA,0,4659993
ybeDp,0.3333333333333333,2,2,TTATCGCCAGAGGTGTAAAC,0,4619071
ybeDp,0.3333333333333333,2,2,TTATCGATTGTGGGGCGAAA,0,4620935
ybeDp,0.3333333333333333,2,2,TTATCACAAGACCAAGGCGC,0,4619014
ybeDp,0.3333333333333333,2,2,TTATCAAAGTACGTCCCCGC,0,4678589
ybeDp,0.3333333333333333,2,2,TTATAGGGGGATTTGGGCGA,0,4633069
ybeDp,0.3333333333333333,2,2,TTATACGGAGTTCGGGAAAC,0,4675768
ybeDp,0.3333333333333333,2,2,TTAGGGGCATATAGTAAAGG,0,4610796
ybeDp,0.3333333333333333,2,2,TTAGGCGGTTGGGGTTCATC,0,4645533
ybeDp,0.3333333333333333,2,2,TTAGGCGACCGGGAAAGAGT,0,4643821
ybeDp,0.3333333333333333,2,2,TTAGCTCTTTATAATTCATA,0,4643967
ybeDp,0.3333333333333333,2,2,TTAGCCGTCATGCCTACTTT,0,4632781
ybeDp,0.3333333333333333,2,2,TTAGCAGTAGCATGAACTGA,0,4678456
ybeDp,0.3333333333333333,2,2,TTAGCACGTCTCTTGCAGCC,0,4673574
ybeDp,0.3333333333333333,2,2,TTAGAACCGCCATGCAAAGA,0,4666573
ybeDp,0.3333333333333333,2,2,TTACTTTAGAATGAAATCGC,0,4686631
ybeDp,0.3333333333333333,2,2,TTACTCGCGACTCGTCCGAA,0,4679804
ybeDp,0.3333333333333333,2,2,TTACGGGCATTAGGTTTGCA,0,4642735
ybeDp,0.3333333333333333,2,2,TTACGGAGTGTCACAAGAGC,0,4602293
ybeDp,0.3333333333333333,2,2,TTACGCGTACATTGTGATGC,0,4614559
ybeDp,0.3333333333333333,2,2,TTACGAGGGCTAATCTTGTC,0,4678931
ybeDp,0.3333333333333333,2,2,TTACCTTCTTTATGACGGGA,0,4623142
ybeDp,0.3333333333333333,2,2,TTACCGGGGTGTTCTCTCAG,0,4630157
ybeDp,0.3333333333333333,2,2,TTACCGGAACTCATTGATTA,0,4674872
ybeDp,0.3333333333333333,2,2,TTACCGCGATTGAGCAGAGC,0,4647634
ybeDp,0.3333333333333333,2,2,TTACCATCTTACGACGTTTG,0,4604983
ybeDp,0.3333333333333333,2,2,TTACAGTCAGTATCCGCGAC,0,4668030
ybeDp,0.3333333333333333,2,2,TTACAGGTATTGAGCAAACT,0,4668248
ybeDp,0.3333333333333333,2,2,TTAATGCCTGTACGTCTTTG,0,4651515
ybeDp,0.3333333333333333,2,2,TTAATAAAGCAGGATTACTC,0,4638987
ybeDp,0.3333333333333333,2,2,TTAAGGAGTGTTACGCAAAT,0,4627266
ybeDp,0.3333333333333333,2,2,TTAAACCATGGGGACAACCT,0,4672824
ybeDp,0.3333333333333333,2,2,TTAAAACCGCTTTCCTCATC,0,4619631
ybeDp,0.3333333333333333,2,2,TGTTGTTGCTGGAAGACAAT,0,4638464
ybeDp,0.3333333333333333,2,2,TGTTGTTAGTTGGCGGTCAA,0,4668369
ybeDp,0.3333333333333333,2,2,TGTTGTGGAATCATATATTG,0,4666048
ybeDp,0.3333333333333333,2,2,TGTTGAGTGATGCTTTCTAC,0,4662391
ybeDp,0.3333333333333333,2,2,TGTTCTCGGCTGGCCGACAT,0,4668860
ybeDp,0.3333333333333333,2,2,TGTTCCGGATGCGAATGAGT,0,4643302
ybeDp,0.3333333333333333,2,2,TGTTCCCGTTCGGCTAGGTG,0,4631839
ybeDp,0.3333333333333333,2,2,TGTTCACGCGGCCGGCAAGT,0,4610360
ybeDp,0.3333333333333333,2,2,TGTTACGAGTGTGGGTCAAT,0,4645208
ybeDp,0.3333333333333333,2,2,TGTGTTCTTGTAACCTGTGA,0,4626825
ybeDp,0.3333333333333333,2,2,TGTGGGTTGCATCAATCGAA,0,4673883
ybeDp,0.3333333333333333,2,2,TGTGCTTTAATAGAGCATCT,0,4629406
ybeDp,0.3333333333333333,2,2,TGTGCTGATACTAGAGAGCC,0,4643477
ybeDp,0.3333333333333333,2,2,TGTGCGTATCACGGACCGCA,0,4630795
ybeDp,0.3333333333333333,2,2,TGTGCAATACTTTGCTGATT,0,4633854
ybeDp,0.3333333333333333,2,2,TGTGATAGTGAGGAAGTTGT,0,4627612
ybeDp,0.3333333333333333,2,2,TGTCTGTCTGAATCGTGGAA,0,4665097
ybeDp,0.3333333333333333,2,2,TGTCTAGGTGGCGCCATACT,0,4609645
ybeDp,0.3333333333333333,2,2,TGTCCGCCCGCAGATGGTTA,0,4630501
ybeDp,0.3333333333333333,2,2,TGTCCCAGCAGCCACCGGTT,0,4655436
ybeDp,0.3333333333333333,2,2,TGTCAGTTCCCCGGGTAATT,0,4662236
ybeDp,0.3333333333333333,2,2,TGTCAGGACTGTAAAGACGT,0,4602390
ybeDp,0.3333333333333333,2,2,TGTCACGCGTAAGTACGGAA,0,4667056
ybeDp,0.3333333333333333,2,2,TGTCACACACATACGTGTAC,0,4619421
ybeDp,0.3333333333333333,2,2,TGTCAACCGGCAGCGCGGCC,0,4620508
ybeDp,0.3333333333333333,2,2,TGTATTTACTATAACACAAT,0,4600955
ybeDp,0.3333333333333333,2,2,TGTATGGTCAAGAGGGTACT,0,4639218
ybeDp,0.3333333333333333,2,2,TGTATACATCGAGTACAAAA,0,4644466
ybeDp,0.3333333333333333,2,2,TGTAGGGGTGATCCACCCCG,0,4674426
ybeDp,0.3333333333333333,2,2,TGTAGAAGGCAAGCAATTTA,0,4624681
ybeDp,0.3333333333333333,2,2,TGTAGAACTGAAGTTCGGTA,0,4626382
ybeDp,0.3333333333333333,2,2,TGTAATGACTAACGATCTTA,0,4614010
ybeDp,0.3333333333333333,2,2,TGTAACTATCACTTGCCCAG,0,4618722
ybeDp,0.3333333333333333,2,2,TGGTTTTGTCGCAGGATCAG,0,4664548
ybeDp,0.3333333333333333,2,2,TGGTTTTCTAGAATCGTGGT,0,4624610
ybeDp,0.3333333333333333,2,2,TGGTTAGTACGATTGCAGTA,0,4609925
ybeDp,0.3333333333333333,2,2,TGGTTAAATTGCTTCGATTA,0,4680125
ybeDp,0.3333333333333333,2,2,TGGTGTGTAGGCCCAAAGCC,0,4647934
ybeDp,0.3333333333333333,2,2,TGGTCTTTAGGAACGTCTGA,0,4653200
ybeDp,0.3333333333333333,2,2,TGGTCTGCGTCATGGGTACG,0,4604499
ybeDp,0.3333333333333333,2,2,TGGGTTCAATTGAGGCTTGA,0,4610920
ybeDp,0.3333333333333333,2,2,TGGGTATCAGGGGGCTCATG,0,4638290
ybeDp,0.3333333333333333,2,2,TGGGATAAGACGGAACCCAG,0,4663373
ybeDp,0.3333333333333333,2,2,TGGGACCACGTACTCTGCCA,0,4655330
ybeDp,0.3333333333333333,2,2,TGGGAAATACTAGGTACTTG,0,4656543
ybeDp,0.3333333333333333,2,2,TGGCTGGAGCGCGACCTAAC,0,4642309
ybeDp,0.3333333333333333,2,2,TGGCTGAATCATGGATTCGT,0,4622236
ybeDp,0.3333333333333333,2,2,TGGCGGGCATCTCCCTGCTC,0,4663973
ybeDp,0.3333333333333333,2,2,TGGCCGGCAACCGAATCAGC,0,4649390
ybeDp,0.3333333333333333,2,2,TGGCCCAGAGGTAAGCTACA,0,4630373
ybeDp,0.3333333333333333,2,2,TGGCCATAAAAAGGCGAGAA,0,4614321
ybeDp,0.3333333333333333,2,2,TGGCAGGATAGCGAGTACTT,0,4610638
ybeDp,0.3333333333333333,2,2,TGGCAGGAAGGTATCGAAAT,0,4607209
ybeDp,0.3333333333333333,2,2,TGGCACTGGAGCTGCACGCT,0,4673246
ybeDp,0.3333333333333333,2,2,TGGCACTCACCTCATAGCGC,0,4676345
ybeDp,0.3333333333333333,2,2,TGGATGGGTATAGACCCGAA,0,4646603
ybeDp,0.3333333333333333,2,2,TGGATCAATAACGTGAGCAG,0,4620611
ybeDp,0.3333333333333333,2,2,TGGATAGGTGTGAGTTTGAC,0,4654389
ybeDp,0.3333333333333333,2,2,TGGAGTGGTCCAGTCCTTTG,0,4662241
ybeDp,0.3333333333333333,2,2,TGGAGTCACAAGCGTTATGC,0,4627405
ybeDp,0.3333333333333333,2,2,TGGAGCCTGCTCATTTTGGC,0,4618771
ybeDp,0.3333333333333333,2,2,TGGACCTGCTGATGATGAAT,0,4643894
ybeDp,0.3333333333333333,2,2,TGGACCAGGACTTGATCCAT,0,4631499
ybeDp,0.3333333333333333,2,2,TGGAAGAGAACAACGCAAGA,0,4623485
ybeDp,0.3333333333333333,2,2,TGGAACCATAATCTGAAGTG,0,4620723
ybeDp,0.3333333333333333,2,2,TGCTTACCGATGCTGCGGGT,0,4673746
ybeDp,0.3333333333333333,2,2,TGCTGTGGAGGGGGCGGTCT,0,4637728
ybeDp,0.3333333333333333,2,2,TGCTGGGTCCCCTCCTACGG,0,4646422
ybeDp,0.3333333333333333,2,2,TGCTCTAACACGTAGGTGAA,0,4667530
ybeDp,0.3333333333333333,2,2,TGCTACCGAATATGCACTGG,0,4613207
ybeDp,0.3333333333333333,2,2,TGCTACATTACGCGCAGGTC,0,4657657
ybeDp,0.3333333333333333,2,2,TGCTAATATCCCAGGGGTCC,0,4641901
ybeDp,0.3333333333333333,2,2,TGCGTCTTTGCGGTGTTCCA,0,4633520
ybeDp,0.3333333333333333,2,2,TGCGGCGGAAAGTACGCGCA,0,4619745
ybeDp,0.3333333333333333,2,2,TGCGGAATTGCCGACCAAGT,0,4686297
ybeDp,0.3333333333333333,2,2,TGCGCATCACCTGTCAGTTA,0,4649965
ybeDp,0.3333333333333333,2,2,TGCCTTTATTGTCTCACCAA,0,4678699
ybeDp,0.3333333333333333,2,2,TGCCTTCATCATGTCTCCCA,0,4625101
ybeDp,0.3333333333333333,2,2,TGCCTGGGATTATTAGAGCT,0,4685407
ybeDp,0.3333333333333333,2,2,TGCCGATTTACATTTTAATA,0,4676538
ybeDp,0.3333333333333333,2,2,TGCCGAATTGGTGCCCTCGC,0,4652825
ybeDp,0.3333333333333333,2,2,TGCCGAATATTACCGGAACG,0,4601531
ybeDp,0.3333333333333333,2,2,TGCCCTGATGGCCCCTCAAT,0,4642879
ybeDp,0.3333333333333333,2,2,TGCCCAACACTTAAACAAAG,0,4678603
ybeDp,0.3333333333333333,2,2,TGCCAGTTCTTCTGGTAGTT,0,4674528
ybeDp,0.3333333333333333,2,2,TGCCAAGTGCTACAAACCTG,0,4623860
ybeDp,0.3333333333333333,2,2,TGCATAAAATTCTTAAGGCC,0,4679250
ybeDp,0.3333333333333333,2,2,TGCACTGCACGTCCGCCAAG,0,4621823
ybeDp,0.3333333333333333,2,2,TGCACGACAGTAAAGGACTT,0,4665487
ybeDp,0.3333333333333333,2,2,TGCAATTTGTCGAAAGCTAC,0,4634534
ybeDp,0.3333333333333333,2,2,TGCAAGCCACTACAGAACCG,0,4608455
ybeDp,0.3333333333333333,2,2,TGCAACTGACTCTGCTGCAC,0,4649026
ybeDp,0.3333333333333333,2,2,TGATTTTACACTAGACAGAT,0,4604091
ybeDp,0.3333333333333333,2,2,TGATTTAGAGACAATTAACT,0,4671918
ybeDp,0.3333333333333333,2,2,TGATTAAACCGCGCTACGGG,0,4671217
ybeDp,0.3333333333333333,2,2,TGATGTCCGCACCGTCTTGC,0,4626355
ybeDp,0.3333333333333333,2,2,TGATGGTCAGGGGCGCCGTC,0,4624728
ybeDp,0.3333333333333333,2,2,TGATCCTTATTCAATCCAAC,0,4615722
ybeDp,0.3333333333333333,2,2,TGATATTTCACTTATTCCTT,0,4654425
ybeDp,0.3333333333333333,2,2,TGATATGCCCAGGTGATGAC,0,4615101
ybeDp,0.3333333333333333,2,2,TGATAGATGTTTTCTAATGT,0,4668529
ybeDp,0.3333333333333333,2,2,TGATAGAGTGCCGTTCTGAT,0,4618998
ybeDp,0.3333333333333333,2,2,TGATACTTTAAGGCCTGTTC,0,4602864
ybeDp,0.3333333333333333,2,2,TGATACGCTACATATGTTGT,0,4630752
ybeDp,0.3333333333333333,2,2,TGAGTAGCCCCGTCCTTCGT,0,4612543
ybeDp,0.3333333333333333,2,2,TGAGTAAGGTCCTGCCCTCC,0,4641399
ybeDp,0.3333333333333333,2,2,TGAGGATAGTTACAAGTCGT,0,4608731
ybeDp,0.3333333333333333,2,2,TGAGGAGCGTCCGGGCCACA,0,4630659
ybeDp,0.3333333333333333,2,2,TGAGCTCATTCCATGCCAAG,0,4658258
ybeDp,0.3333333333333333,2,2,TGAGCTCACTCTACTTCAGG,0,4687079
ybeDp,0.3333333333333333,2,2,TGAGAGTCTGGACCACGACT,0,4639835
ybeDp,0.3333333333333333,2,2,TGACTTAGTTTATTTGACCA,0,4686136
ybeDp,0.3333333333333333,2,2,TGACTGCCAAAAGAGGAAAC,0,4649956
ybeDp,0.3333333333333333,2,2,TGACTCCGAGTCGATTACCC,0,4612391
ybeDp,0.3333333333333333,2,2,TGACTCCCGGAGTTAGACGT,0,4684086
ybeDp,0.3333333333333333,2,2,TGACCTGTTCGCGGATCTGT,0,4654255
ybeDp,0.3333333333333333,2,2,TGACCATCGACACAGTTTTC,0,4662469
ybeDp,0.3333333333333333,2,2,TGACCATAACCCCAAGGCGT,0,4642171
ybeDp,0.3333333333333333,2,2,TGACAATGCACGGTATGGAC,0,4630412
ybeDp,0.3333333333333333,2,2,TGACAACGCGTTTGGGTGAG,0,4617646
ybeDp,0.3333333333333333,2,2,TGAATTAAAATTTGCTAAAC,0,4625749
ybeDp,0.3333333333333333,2,2,TGAACTATTTTGAGGGGAAG,0,4638099
ybeDp,0.3333333333333333,2,2,TGAACGGCGTTTTGCGCTTA,0,4653307
ybeDp,0.3333333333333333,2,2,TGAACAGTGACCCGATTCGC,0,4630644
ybeDp,0.3333333333333333,2,2,TGAAAGCCGCCGTCTGTCAG,0,4613791
ybeDp,0.3333333333333333,2,2,TCTTGTAAGTAACACGAGAA,0,4685539
ybeDp,0.3333333333333333,2,2,TCTTGGCCCATATTGGACCC,0,4602502
ybeDp,0.3333333333333333,2,2,TCTTCCCTTCTTCTGCGACA,0,4612319
ybeDp,0.3333333333333333,2,2,TCTTATGGAGATTAGACGAA,0,4636409
ybeDp,0.3333333333333333,2,2,TCTGTGCAGACAGGAGGCCG,0,4661075
ybeDp,0.3333333333333333,2,2,TCTGTCAGGTGCAATACCAC,0,4673869
ybeDp,0.3333333333333333,2,2,TCTGGTATCAGAGAGGCACG,0,4613530
ybeDp,0.3333333333333333,2,2,TCTGCTTAGATTAATCTAAG,0,4636291
ybeDp,0.3333333333333333,2,2,TCTGCCTTATTTACAGCAGT,0,4603037
ybeDp,0.3333333333333333,2,2,TCTGCCATTGATCGAATAGT,0,4635410
ybeDp,0.3333333333333333,2,2,TCTGAGGAGCCCAGCCCGCA,0,4643413
ybeDp,0.3333333333333333,2,2,TCTGAAGCGTGTATCGATGG,0,4617958
ybeDp,0.3333333333333333,2,2,TCTCTTACATGAAGTATCCA,0,4647220
ybeDp,0.3333333333333333,2,2,TCTCTCTGTTTAGGCATATA,0,4669279
ybeDp,0.3333333333333333,2,2,TCTCCGCCGCTGCATTGGAT,0,4620463
ybeDp,0.3333333333333333,2,2,TCTCAACGTCATGTGCCGAA,0,4673884
ybeDp,0.3333333333333333,2,2,TCTCAAAGTTAAGAGGGCCG,0,4671680
ybeDp,0.3333333333333333,2,2,TCTATAAGAACGCAGGGAAA,0,4642603
ybeDp,0.3333333333333333,2,2,TCTAGGGCTGATTCAACAAC,0,4628591
ybeDp,0.3333333333333333,2,2,TCTAGCTCCAGCTAGTACAC,0,4623635
ybeDp,0.3333333333333333,2,2,TCTAACTCCCCGCCCGTATC,0,4620022
ybeDp,0.3333333333333333,2,2,TCGTGTGGTTAATCTCGAGA,0,4658250
ybeDp,0.3333333333333333,2,2,TCGTGAGGTTTAATCTGAGA,0,4620317
ybeDp,0.3333333333333333,2,2,TCGTGAGAAAGGGCTCGTAC,0,4647591
ybeDp,0.3333333333333333,2,2,TCGTGACTGGATTCCCCCGA,0,4626281
ybeDp,0.3333333333333333,2,2,TCGTCTGACGGACCTCTCAT,0,4617163
ybeDp,0.3333333333333333,2,2,TCGTCCCAAGAAGCTCAAGG,0,4610696
ybeDp,0.3333333333333333,2,2,TCGGGCGATTTATGCGTCCA,0,4606227
ybeDp,0.3333333333333333,2,2,TCGGGCCGTGGACTGAACTA,0,4676518
ybeDp,0.3333333333333333,2,2,TCGGGAGAGATATGGTAACA,0,4684913
ybeDp,0.3333333333333333,2,2,TCGGCGGTGCCGTGGAATCA,0,4664486
ybeDp,0.3333333333333333,2,2,TCGGCCGCTACGCTCAGTTG,0,4666119
ybeDp,0.3333333333333333,2,2,TCGGCAGAGGAAGCGCCTCA,0,4676496
ybeDp,0.3333333333333333,2,2,TCGGCACAGACCACAGAAGC,0,4632530
ybeDp,0.3333333333333333,2,2,TCGGCAATTACACAGAGGCC,0,4618280
ybeDp,0.3333333333333333,2,2,TCGGAAGAGCCCGCCTATTA,0,4608464
ybeDp,0.3333333333333333,2,2,TCGGAACTTTTAATATTTGT,0,4610041
ybeDp,0.3333333333333333,2,2,TCGCGGGGCCTCTGTAACCA,0,4636001
ybeDp,0.3333333333333333,2,2,TCGCGGGGAACTGACGACAT,0,4612789
ybeDp,0.3333333333333333,2,2,TCGCCCCCGTTAAGCTGTGG,0,4665577
ybeDp,0.3333333333333333,2,2,TCGCACTTATGCGTATATCG,0,4640908
ybeDp,0.3333333333333333,2,2,TCGATTGTCCTACAAGGCGT,0,4615404
ybeDp,0.3333333333333333,2,2,TCGATGTGATGGCCCCTGGT,0,4687932
ybeDp,0.3333333333333333,2,2,TCGATGGCAGGGGCTCGTTA,0,4653392
ybeDp,0.3333333333333333,2,2,TCGAGGAATAGCATTTTCGT,0,4626791
ybeDp,0.3333333333333333,2,2,TCGACGAGCTACCTGTTCAT,0,4677350
ybeDp,0.3333333333333333,2,2,TCGACCCAGACGAGTAGCGT,0,4647805
ybeDp,0.3333333333333333,2,2,TCCTTTCCACGACAAAAAGT,0,4657411
ybeDp,0.3333333333333333,2,2,TCCTTCGGTGTCACGTTCAT,0,4651549
ybeDp,0.3333333333333333,2,2,TCCTTCGCTTTCATGAGGGT,0,4622145
ybeDp,0.3333333333333333,2,2,TCCTGGACTAACTTGTGTAC,0,4601423
ybeDp,0.3333333333333333,2,2,TCCTGCGGATTTTCAGTGCC,0,4630425
ybeDp,0.3333333333333333,2,2,TCCTAATATGAGCTCACAGG,0,4674963
ybeDp,0.3333333333333333,2,2,TCCTAAATTGCTTAGAAAAC,0,4678944
ybeDp,0.3333333333333333,2,2,TCCGTGTGATCTGGAAGGAT,0,4630379
ybeDp,0.3333333333333333,2,2,TCCGGTATGTGTTGACGCTG,0,4640709
ybeDp,0.3333333333333333,2,2,TCCGGGAAGCTGAGAAGATT,0,4623840
ybeDp,0.3333333333333333,2,2,TCCGGCTCACACTATGGACC,0,4661551
ybeDp,0.3333333333333333,2,2,TCCGGATGCCTGCACTCTTA,0,4630669
ybeDp,0.3333333333333333,2,2,TCCGGAAGGGCTACTTGCAA,0,4664231
ybeDp,0.3333333333333333,2,2,TCCGCAGATCTGTTACATTA,0,4653538
ybeDp,0.3333333333333333,2,2,TCCGATTAGCGGATGCCGGG,0,4617247
ybeDp,0.3333333333333333,2,2,TCCCTGGAAGCGGCATTCAA,0,4608519
ybeDp,0.3333333333333333,2,2,TCCCTCGTGGGCTACTAACT,0,4687025
ybeDp,0.3333333333333333,2,2,TCCCTCGTGCGAGGAGACGG,0,4685161
ybeDp,0.3333333333333333,2,2,TCCCGTTCCCTCGGTGGGGA,0,4674570
ybeDp,0.3333333333333333,2,2,TCCCGGTGTCTCCCTGACGC,0,4667730
ybeDp,0.3333333333333333,2,2,TCCCGGTACTCCGAGTCCTT,0,4665582
ybeDp,0.3333333333333333,2,2,TCCCGGAATATCGCCGCCGC,0,4627522
ybeDp,0.3333333333333333,2,2,TCCCAGGCGCCATTGTATTG,0,4636787
ybeDp,0.3333333333333333,2,2,TCCCAGATCCCACTGGGCCT,0,4635222
ybeDp,0.3333333333333333,2,2,TCCATCGTTTGCTCCGACGT,0,4675116
ybeDp,0.3333333333333333,2,2,TCCAGCCTCGTATAGCATAT,0,4662290
ybeDp,0.3333333333333333,2,2,TCATTTCGTCCCTGCGTCTT,0,4648781
ybeDp,0.3333333333333333,2,2,TCATTTCCTAACACGCAGAC,0,4679353
ybeDp,0.3333333333333333,2,2,TCATTATGCAACCCAAAGGA,0,4628122
ybeDp,0.3333333333333333,2,2,TCATTAAGCTGCGCTTTGTG,0,4641458
ybeDp,0.3333333333333333,2,2,TCATGTTGGATGGGGACGAT,0,4651106
ybeDp,0.3333333333333333,2,2,TCATGTGTCCTGGTAAGTGC,0,4685443
ybeDp,0.3333333333333333,2,2,TCATGTGTAGCAAAGCGCGG,0,4614668
ybeDp,0.3333333333333333,2,2,TCATGGTAATAGGTTCTAGT,0,4607939
ybeDp,0.3333333333333333,2,2,TCATGGCGCAGGACGGGTAG,0,4640325
ybeDp,0.3333333333333333,2,2,TCATCCGGTTATCTACGCCC,0,4632953
ybeDp,0.3333333333333333,2,2,TCATCCAACGCTGCACTAGA,0,4624813
ybeDp,0.3333333333333333,2,2,TCATAATCTGTCGTGGGGAT,0,4605055
ybeDp,0.3333333333333333,2,2,TCAGTTCGCCTTGTTGTTGA,0,4640923
ybeDp,0.3333333333333333,2,2,TCAGTTAAGGACCGCCGGGG,0,4651220
ybeDp,0.3333333333333333,2,2,TCAGTCGATATTAAAGGAGC,0,4652822
ybeDp,0.3333333333333333,2,2,TCAGTACCCAAGAACTGATT,0,4659187
ybeDp,0.3333333333333333,2,2,TCAGGTAGAGGCCGTCGTGC,0,4611249
ybeDp,0.3333333333333333,2,2,TCAGCTAAAATGACAAAGCC,0,4674024
ybeDp,0.3333333333333333,2,2,TCAGCATAGCCTCCGCAATT,0,4661756
ybeDp,0.3333333333333333,2,2,TCACTTAGGTGGCCCAGCCC,0,4685796
ybeDp,0.3333333333333333,2,2,TCACGCATGTTATGTTCGAC,0,4642093
ybeDp,0.3333333333333333,2,2,TCACGATGAGTCTTTAGTTT,0,4643200
ybeDp,0.3333333333333333,2,2,TCACAGTCTGATATAGAGAA,0,4610246
ybeDp,0.3333333333333333,2,2,TCACAGTAGGCAGGCCGGGT,0,4621880
ybeDp,0.3333333333333333,2,2,TCACAGGTTATCCTAGGTGT,0,4651890
ybeDp,0.3333333333333333,2,2,TCACAGACCCGTGAATATTG,0,4684531
ybeDp,0.3333333333333333,2,2,TCACACGACGACTTGTCGGA,0,4644729
ybeDp,0.3333333333333333,2,2,TCACACCACCTGGACAAAGT,0,4638058
ybeDp,0.3333333333333333,2,2,TCAATTGAAGCATGGCATCC,0,4644860
ybeDp,0.3333333333333333,2,2,TCAATTAGTAAGGGAACATG,0,4649272
ybeDp,0.3333333333333333,2,2,TCAATGCGGGGAGCCCGGAG,0,4621248
ybeDp,0.3333333333333333,2,2,TCAATAGCGCGGAGTGCCGA,0,4640784
ybeDp,0.3333333333333333,2,2,TCAAGTTCATCACACACGTC,0,4625026
ybeDp,0.3333333333333333,2,2,TCAAGCTAGCGTTCCATTCT,0,4674010
ybeDp,0.3333333333333333,2,2,TCAAGATGCGGCGGTACATA,0,4664962
ybeDp,0.3333333333333333,2,2,TCAACGAAGGGGAGAAGCGT,0,4609973
ybeDp,0.3333333333333333,2,2,TCAACCCAGCAAACATGAGA,0,4658872
ybeDp,0.3333333333333333,2,2,TCAACCATACAACCACTTCT,0,4618327
ybeDp,0.3333333333333333,2,2,TATTTCATTGGGTCTCGTCC,0,4620836
ybeDp,0.3333333333333333,2,2,TATTGGCGACGATGCCCTGC,0,4625039
ybeDp,0.3333333333333333,2,2,TATTCGTTGTAGTGCCTGAG,0,4664383
ybeDp,0.3333333333333333,2,2,TATTATGTGAACAGCGCAAC,0,4667931
ybeDp,0.3333333333333333,2,2,TATTAGTAGTAACAAAGGAT,0,4662326
ybeDp,0.3333333333333333,2,2,TATTAGGTATATAAGTATTG,0,4610719
ybeDp,0.3333333333333333,2,2,TATTAGCCAGCATTAGCATT,0,4657153
ybeDp,0.3333333333333333,2,2,TATGTTTCTAGTAACACCGC,0,4605825
ybeDp,0.3333333333333333,2,2,TATGTTTCCCGTGGGATAAC,0,4622040
ybeDp,0.3333333333333333,2,2,TATGTTAGAGGAGAAATCCC,0,4619735
ybeDp,0.3333333333333333,2,2,TATGTCATGAGCGCAGCTGT,0,4668787
ybeDp,0.3333333333333333,2,2,TATGTATCAAAACATATGGC,0,4629570
ybeDp,0.3333333333333333,2,2,TATGGGTAATACAAGTTCAT,0,4633089
ybeDp,0.3333333333333333,2,2,TATGGGGGGTTCCGTTTTTG,0,4677270
ybeDp,0.3333333333333333,2,2,TATGCCTTGGACGCGCTTAG,0,4679906
ybeDp,0.3333333333333333,2,2,TATGCCTGCATAGCCTGTTA,0,4666227
ybeDp,0.3333333333333333,2,2,TATGCAGAGGGACCGGAGAA,0,4629674
ybeDp,0.3333333333333333,2,2,TATGATCATGAAGAAGTTTA,0,4677752
ybeDp,0.3333333333333333,2,2,TATGACTAAATTATAGCAGA,0,4656009
ybeDp,0.3333333333333333,2,2,TATGAACTACTGCTGTATTA,0,4661605
ybeDp,0.3333333333333333,2,2,TATCTGGGCCTTAACATGGT,0,4672630
ybeDp,0.3333333333333333,2,2,TATCTGAGATTCCGATACAA,0,4631395
ybeDp,0.3333333333333333,2,2,TATCTCTACGTAACCCTCTG,0,4628085
ybeDp,0.3333333333333333,2,2,TATCTCAAACTGAGGATAGC,0,4654625
ybeDp,0.3333333333333333,2,2,TATCGTGTTGCCCCCCCATA,0,4667826
ybeDp,0.3333333333333333,2,2,TATCGAATGACTAGCGGCCG,0,4657773
ybeDp,0.3333333333333333,2,2,TATCCCCACCCGGTCGAGTG,0,4657849
ybeDp,0.3333333333333333,2,2,TATCCCATTGCTGGGGAATG,0,4607784
ybeDp,0.3333333333333333,2,2,TATATTTCGGCCGATGAATT,0,4618893
ybeDp,0.3333333333333333,2,2,TATATCTGCTTGTCTAGTAG,0,4673414
ybeDp,0.3333333333333333,2,2,TATATCGACTATAAAACGAA,0,4604943
ybeDp,0.3333333333333333,2,2,TATATCCTACCCAGATGATG,0,4650618
ybeDp,0.3333333333333333,2,2,TATATCAGTCAGTAACAAGT,0,4612524
ybeDp,0.3333333333333333,2,2,TATATCAAAGTATGGAATAG,0,4612721
ybeDp,0.3333333333333333,2,2,TATAGCTGACAAGCCACTCT,0,4661678
ybeDp,0.3333333333333333,2,2,TATACTGGTGACCTCTGCTT,0,4624712
ybeDp,0.3333333333333333,2,2,TATACGCTACTGGGCCACAA,0,4635891
ybeDp,0.3333333333333333,2,2,TATACGACGCCCCAGGTATT,0,4637591
ybeDp,0.3333333333333333,2,2,TATAATTCGCGGGTGTATTT,0,4664766
ybeDp,0.3333333333333333,2,2,TATAATTAAACGGCATTCGT,0,4601580
ybeDp,0.3333333333333333,2,2,TATAAAGGATTGTTCCTTGT,0,4605236
ybeDp,0.3333333333333333,2,2,TAGTGCCGTAGTCAGGACAA,0,4672004
ybeDp,0.3333333333333333,2,2,TAGGTCACCCTGCCGCCACC,0,4663349
ybeDp,0.3333333333333333,2,2,TAGGTAGGACGTAATTAGTG,0,4629234
ybeDp,0.3333333333333333,2,2,TAGGGAAGAGCATCCGTGAC,0,4619123
ybeDp,0.3333333333333333,2,2,TAGGCTTAACCACAGGAGCA,0,4676960
ybeDp,0.3333333333333333,2,2,TAGGCTACTGAGAGGTACTC,0,4659759
ybeDp,0.3333333333333333,2,2,TAGGCCGGTTCTCGAGTAGT,0,4616033
ybeDp,0.3333333333333333,2,2,TAGGAGGGGGCGCCAACCCC,0,4644091
ybeDp,0.3333333333333333,2,2,TAGGAAAGCAGACTGGGCTC,0,4668031
ybeDp,0.3333333333333333,2,2,TAGCTGGGGACTTTGTATGT,0,4606561
ybeDp,0.3333333333333333,2,2,TAGCTACAACTCTCGTGAGC,0,4652563
ybeDp,0.3333333333333333,2,2,TAGCGTACGCGATATGACAA,0,4622828
ybeDp,0.3333333333333333,2,2,TAGCGAAACAAATCGAAAAC,0,4607981
ybeDp,0.3333333333333333,2,2,TAGCCTTGCCGGAATAGATA,0,4669261
ybeDp,0.3333333333333333,2,2,TAGCCGGTGCTCGGCATCAC,0,4671811
ybeDp,0.3333333333333333,2,2,TAGCCCTGACTACTTTCAGA,0,4617329
ybeDp,0.3333333333333333,2,2,TAGCACAGTCTCGTGACTCA,0,4647130
ybeDp,0.3333333333333333,2,2,TAGATCGTTTCTGACACGGT,0,4619988
ybeDp,0.3333333333333333,2,2,TAGATCATGAATGAGTCTGC,0,4618724
ybeDp,0.3333333333333333,2,2,TAGATATCTTAAACCCTGGG,0,4676852
ybeDp,0.3333333333333333,2,2,TAGAGTGCCTGGAGCTGAGT,0,4680115
ybeDp,0.3333333333333333,2,2,TAGAGGTTTCCCTTAGAGTC,0,4668947
ybeDp,0.3333333333333333,2,2,TAGACGGAAGCATTTCCGTC,0,4656065
ybeDp,0.3333333333333333,2,2,TAGAACATTGGCCCATGCAT,0,4653735
ybeDp,0.3333333333333333,2,2,TAGAAATTCACCATTTTAGT,0,4656374
ybeDp,0.3333333333333333,2,2,TACTTGACGCAGCTGCGGAA,0,4636804
ybeDp,0.3333333333333333,2,2,TACTGGTTATTAGCTGATCT,0,4639676
ybeDp,0.3333333333333333,2,2,TACTCGAAGGCCTTGCCCTA,0,4604894
ybeDp,0.3333333333333333,2,2,TACTCATCTTCGCGTTGCGT,0,4667339
ybeDp,0.3333333333333333,2,2,TACTCAAAGGCTCTCTGCTT,0,4679461
ybeDp,0.3333333333333333,2,2,TACTATCTTCCTCCTTCGCA,0,4620987
ybeDp,0.3333333333333333,2,2,TACTAGCCGGCTCATACGCC,0,4665926
ybeDp,0.3333333333333333,2,2,TACTACACGGCGGTTGGCTG,0,4623105
ybeDp,0.3333333333333333,2,2,TACGTGGAAAGCCATCCCGT,0,4677416
ybeDp,0.3333333333333333,2,2,TACGTAATTCCTGAATCCTA,0,4666679
ybeDp,0.3333333333333333,2,2,TACGCGCCGGCGGGGTCTAC,0,4649628
ybeDp,0.3333333333333333,2,2,TACGCCATGAGGCGCCCTAC,0,4634326
ybeDp,0.3333333333333333,2,2,TACGCATATTTGGGATTAAA,0,4681549
ybeDp,0.3333333333333333,2,2,TACGAGGGGACAGCTTGTGG,0,4664324
ybeDp,0.3333333333333333,2,2,TACCTTCATAACCTTGCGGT,0,4661725
ybeDp,0.3333333333333333,2,2,TACCGTTCATCAAGTGTGAA,0,4612002
ybeDp,0.3333333333333333,2,2,TACCGCCCTGTTCACAGACG,0,4608384
ybeDp,0.3333333333333333,2,2,TACCCGTCGAATCCCCGTCG,0,4620072
ybeDp,0.3333333333333333,2,2,TACCATCGCAGGGCGCCACG,0,4621142
ybeDp,0.3333333333333333,2,2,TACATTCGAAAATGAGCCCT,0,4674762
ybeDp,0.3333333333333333,2,2,TACATTATGTAAAGACCTGT,0,4640439
ybeDp,0.3333333333333333,2,2,TACATATCGCGTCCGGGGAA,0,4624206
ybeDp,0.3333333333333333,2,2,TACAGTTCCCGGGCTCCAAA,0,4630819
ybeDp,0.3333333333333333,2,2,TACAGGGTAGCAATGACTTG,0,4619092
ybeDp,0.3333333333333333,2,2,TACAGGGCACACAATACCTG,0,4605133
ybeDp,0.3333333333333333,2,2,TACAGACCTAACCATATCTA,0,4679450
ybeDp,0.3333333333333333,2,2,TACACGCTCCTTGACGACAT,0,4629631
ybeDp,0.3333333333333333,2,2,TACACACATGGCTCAGCGAC,0,4632310
ybeDp,0.3333333333333333,2,2,TACAATGTGTACAGTCTGGT,0,4672397
ybeDp,0.3333333333333333,2,2,TACAATCCGTACCGATGGAT,0,4674191
ybeDp,0.3333333333333333,2,2,TACAAAAGTTCTCCGTCTGC,0,4681850
ybeDp,0.3333333333333333,2,2,TAATTGCGGTGTTAGCTGGG,0,4660937
ybeDp,0.3333333333333333,2,2,TAATTCCTGGATAGTCCGAC,0,4670164
ybeDp,0.3333333333333333,2,2,TAATTAGTCCACGGAAGGAT,0,4664318
ybeDp,0.3333333333333333,2,2,TAATGTGCGGGCGCTGTGAA,0,4642190
ybeDp,0.3333333333333333,2,2,TAATGAGACCAGTGTGTCGG,0,4653845
ybeDp,0.3333333333333333,2,2,TAATGAACCTGGCGGCATGC,0,4637809
ybeDp,0.3333333333333333,2,2,TAATCGTACAGGAAGAGATG,0,4687473
ybeDp,0.3333333333333333,2,2,TAATATTTGAAGTAATAGCA,0,4647590
ybeDp,0.3333333333333333,2,2,TAATAGTTATGGGTCTGCAC,0,4625215
ybeDp,0.3333333333333333,2,2,TAAGTGTCTCACTACCTGCA,0,4621077
ybeDp,0.3333333333333333,2,2,TAAGGTTAAATGATGTTGCA,0,4611610
ybeDp,0.3333333333333333,2,2,TAAGGGGGATCAGCGTAAGA,0,4632341
ybeDp,0.3333333333333333,2,2,TAAGGAAGCCTTTGGGCCTC,0,4622202
ybeDp,0.3333333333333333,2,2,TAAGCTCGATAATTTGGAAC,0,4643880
ybeDp,0.3333333333333333,2,2,TAAGACAACCAATGTTGGGA,0,4673180
ybeDp,0.3333333333333333,2,2,TAAGAAACAAGGGCAAGAGT,0,4604972
ybeDp,0.3333333333333333,2,2,TAACTTGCCACGTTAGGCTC,0,4686735
ybeDp,0.3333333333333333,2,2,TAACGTCACGACGTTAATTC,0,4651868
ybeDp,0.3333333333333333,2,2,TAACACTCACTGTAGTACGC,0,4641468
ybeDp,0.3333333333333333,2,2,TAAATTTACTGGAGAAGGGG,0,4641964
ybeDp,0.3333333333333333,2,2,TAAATGGTTCGCACATTTTG,0,4635859
ybeDp,0.3333333333333333,2,2,TAAATATAACCCGCCTCGCA,0,4601623
ybeDp,0.3333333333333333,2,2,TAAAGCTGGCAGGATATCGC,0,4645823
ybeDp,0.3333333333333333,2,2,TAAACTGCCGGCGTACCTAT,0,4681409
ybeDp,0.3333333333333333,2,2,TAAACCCCGGCACTTAAAAC,0,4644716
ybeDp,0.3333333333333333,2,2,TAAACCAGGACTGCTCTTCT,0,4687707
ybeDp,0.3333333333333333,2,2,TAAAACTCTAGAACCGGTGT,0,4609237
ybeDp,0.3333333333333333,2,2,TAAAACTAGGAGATACGAAG,0,4605482
ybeDp,0.3333333333333333,2,2,GTTTTGGGGGCCTGGAGCAT,0,4630220
ybeDp,0.3333333333333333,2,2,GTTTTCAGAAGGGTTCTCCT,0,4661525
ybeDp,0.3333333333333333,2,2,GTTTTAACCAAGGCAACGGA,0,4686094
ybeDp,0.3333333333333333,2,2,GTTTGGCAATAGTATCTTCC,0,4683359
ybeDp,0.3333333333333333,2,2,GTTTGGATCGGATTGTGACC,0,4645644
ybeDp,0.3333333333333333,2,2,GTTTGACCATCAAGCGGGAC,0,4636198
ybeDp,0.3333333333333333,2,2,GTTTCTATAACAACTTCTTC,0,4615826
ybeDp,0.3333333333333333,2,2,GTTTACTTAGTGTTAAAAGA,0,4645096
ybeDp,0.3333333333333333,2,2,GTTTACCACCTTAGTATGCT,0,4611495
ybeDp,0.3333333333333333,2,2,GTTTAACCGCAAGCTCCTAA,0,4615471
ybeDp,0.3333333333333333,2,2,GTTGTTCGAAAAAACCTCAC,0,4623613
ybeDp,0.3333333333333333,2,2,GTTGTGGATGCGGGAATGGG,0,4656382
ybeDp,0.3333333333333333,2,2,GTTGTATTTAACAGCATACC,0,4633829
ybeDp,0.3333333333333333,2,2,GTTGTAGCACGGCCACCCAA,0,4650520
ybeDp,0.3333333333333333,2,2,GTTGTACATTGTGTGGTACG,0,4642238
ybeDp,0.3333333333333333,2,2,GTTGGGCCTAACGCATTAGC,0,4659505
ybeDp,0.3333333333333333,2,2,GTTGCGCAGGCCCTAGCACC,0,4642465
ybeDp,0.3333333333333333,2,2,GTTGCCGTGCCACGTGCTTC,0,4602770
ybeDp,0.3333333333333333,2,2,GTTGCATATTGACGGCACCT,0,4675903
ybeDp,0.3333333333333333,2,2,GTTGACCAATGCGAGTTTGT,0,4632026
ybeDp,0.3333333333333333,2,2,GTTCTCGCAATTGTCGATCA,0,4651231
ybeDp,0.3333333333333333,2,2,GTTCTAACTGAGTCTGGACT,0,4634698
ybeDp,0.3333333333333333,2,2,GTTCGTACCTGAGAGAGGAG,0,4641212
ybeDp,0.3333333333333333,2,2,GTTCGAGATCTAAGTGTGAA,0,4673714
ybeDp,0.3333333333333333,2,2,GTTCGACTAGGAGGATACCT,0,4677909
ybeDp,0.3333333333333333,2,2,GTTCCCTGATGGTTGGCAGT,0,4620641
ybeDp,0.3333333333333333,2,2,GTTCCATGCGGATGATTGCC,0,4636996
ybeDp,0.3333333333333333,2,2,GTTCAGGCCCCACCGTCAGT,0,4658456
ybeDp,0.3333333333333333,2,2,GTTCAATAGGGAGCGCCAGC,0,4669053
ybeDp,0.3333333333333333,2,2,GTTATGGGTTCGAATAGGAA,0,4660329
ybeDp,0.3333333333333333,2,2,GTTATCTGCGATCATCAAGG,0,4613777
ybeDp,0.3333333333333333,2,2,GTTAGTGGCAGTGCACGCTC,0,4644302
ybeDp,0.3333333333333333,2,2,GTTAGCCCCGAAGTCGTTCA,0,4653012
ybeDp,0.3333333333333333,2,2,GTTAACGCTCTCCTTAATAG,0,4678127
ybeDp,0.3333333333333333,2,2,GTGTGCTTAGATGGAATCCA,0,4636037
ybeDp,0.3333333333333333,2,2,GTGTCTCACAGCACAACCTA,0,4604237
ybeDp,0.3333333333333333,2,2,GTGGTTCGCAAGCGGTCAGT,0,4669380
ybeDp,0.3333333333333333,2,2,GTGGTACTAAATAGAAGATG,0,4635770
ybeDp,0.3333333333333333,2,2,GTGGTAATAAGTATCGTAAC,0,4642692
ybeDp,0.3333333333333333,2,2,GTGGGGCGATACCTATACAT,0,4602450
ybeDp,0.3333333333333333,2,2,GTGGGATCATCGTGCCGGGA,0,4647036
ybeDp,0.3333333333333333,2,2,GTGGGAATCTCATTTTTTGG,0,4627366
ybeDp,0.3333333333333333,2,2,GTGGCAAGAGCCAGCACAGC,0,4641120
ybeDp,0.3333333333333333,2,2,GTGGACCAGTCAGTTTATTC,0,4606597
ybeDp,0.3333333333333333,2,2,GTGCTCGAGAGGGGTCAGAA,0,4654864
ybeDp,0.3333333333333333,2,2,GTGCGTAGATCGCTTTCTCG,0,4658676
ybeDp,0.3333333333333333,2,2,GTGCCTCTAATCCCGTACAA,0,4675183
ybeDp,0.3333333333333333,2,2,GTGCCCTTGAGACGGGGTAT,0,4635556
ybeDp,0.3333333333333333,2,2,GTGCATTAGGAAATTAAGAA,0,4628956
ybeDp,0.3333333333333333,2,2,GTGCACTAAACTCGAAGCCT,0,4641513
ybeDp,0.3333333333333333,2,2,GTGCACAGACCTACGAGAGT,0,4687335
ybeDp,0.3333333333333333,2,2,GTGCAACAACTTGCTGCACT,0,4657526
ybeDp,0.3333333333333333,2,2,GTGATTTGGGGCCTGGAGTT,0,4648567
ybeDp,0.3333333333333333,2,2,GTGATTTGCCACGCTCACCG,0,4604198
ybeDp,0.3333333333333333,2,2,GTGATGTGCCAAAGGTTGGA,0,4686606
ybeDp,0.3333333333333333,2,2,GTGATCGAATGGTAGTCTGC,0,4603611
ybeDp,0.3333333333333333,2,2,GTGATAGGAACGTCTGATCG,0,4636760
ybeDp,0.3333333333333333,2,2,GTGAGTTTGCTTCTGGTTAC,0,4639453
ybeDp,0.3333333333333333,2,2,GTGAGCTGGCACGTTGCTGA,0,4682251
ybeDp,0.3333333333333333,2,2,GTGACCTTAAAGCCCCAGAA,0,4677984
ybeDp,0.3333333333333333,2,2,GTGACCACGAATAAACGCAG,0,4654032
ybeDp,0.3333333333333333,2,2,GTGACAGTTGTAACACAGGG,0,4612433
ybeDp,0.3333333333333333,2,2,GTGAATGTGGGTCCGGTCAT,0,4613646
ybeDp,0.3333333333333333,2,2,GTGAATGCACCGCATTCGAC,0,4683612
ybeDp,0.3333333333333333,2,2,GTCTTGTGGTGACGGAAGAA,0,4635817
ybeDp,0.3333333333333333,2,2,GTCTTATGGTTCCAGTGACA,0,4605230
ybeDp,0.3333333333333333,2,2,GTCTGCTTGGCGCTCTTGGA,0,4631461
ybeDp,0.3333333333333333,2,2,GTCTCACGAATATGATCAGA,0,4668792
ybeDp,0.3333333333333333,2,2,GTCGTTAGCAGAGTGCGCAT,0,4642992
ybeDp,0.3333333333333333,2,2,GTCGTACACATAATGTTCAG,0,4686605
ybeDp,0.3333333333333333,2,2,GTCGGGGTTACAAATACGAA,0,4638494
ybeDp,0.3333333333333333,2,2,GTCGGCCGCGGTAACGACGG,0,4669291
ybeDp,0.3333333333333333,2,2,GTCGCTTGCCATTTGCCCGA,0,4647627
ybeDp,0.3333333333333333,2,2,GTCGCCACGTCGGGACATTA,0,4685800
ybeDp,0.3333333333333333,2,2,GTCGATACCGGGCTACCATG,0,4629623
ybeDp,0.3333333333333333,2,2,GTCGACGGGCGGATCAGGGG,0,4640664
ybeDp,0.3333333333333333,2,2,GTCCTGTAACTCTGTGCTCG,0,4614366
ybeDp,0.3333333333333333,2,2,GTCCGTAGAGGGTTTCGGGA,0,4634966
ybeDp,0.3333333333333333,2,2,GTCCGGGGCACAGTTCGAAG,0,4639509
ybeDp,0.3333333333333333,2,2,GTCCGGCCACGTCGTAGACG,0,4613304
ybeDp,0.3333333333333333,2,2,GTCCGCGCATTACTCTGTGC,0,4617405
ybeDp,0.3333333333333333,2,2,GTCCCGTTTCGCAAATTGTA,0,4671198
ybeDp,0.3333333333333333,2,2,GTCCATTGGGCGTGGGCAGA,0,4643767
ybeDp,0.3333333333333333,2,2,GTCCACTGTGCTGGAACATG,0,4626961
ybeDp,0.3333333333333333,2,2,GTCCACGGATAAATAATTGC,0,4604064
ybeDp,0.3333333333333333,2,2,GTCATGGCACCTTCGCCGGC,0,4652879
ybeDp,0.3333333333333333,2,2,GTCATAGGATGCCACCAGCC,0,4638032
ybeDp,0.3333333333333333,2,2,GTCAGGTGACACAACTTTAA,0,4661128
ybeDp,0.3333333333333333,2,2,GTATTTATCTTCAAATTCTA,0,4678292
ybeDp,0.3333333333333333,2,2,GTATTGATTAGTTCACCCGC,0,4606259
ybeDp,0.3333333333333333,2,2,GTATTCCGGGACAACCTGTA,0,4665226
ybeDp,0.3333333333333333,2,2,GTATTAAGGTAGTTGCGGTC,0,4612984
ybeDp,0.3333333333333333,2,2,GTATTAAGGGCGGTACCGCT,0,4646390
ybeDp,0.3333333333333333,2,2,GTATTAAGCGAGGCCTACGA,0,4620995
ybeDp,0.3333333333333333,2,2,GTATGAGTGTGAAAGTGGTT,0,4630724
ybeDp,0.3333333333333333,2,2,GTATCCTGATTGGGCCTCTC,0,4621402
ybeDp,0.3333333333333333,2,2,GTATCATCGGCACGCGCAAG,0,4633741
ybeDp,0.3333333333333333,2,2,GTATCATACCTCGTGACGAG,0,4615229
ybeDp,0.3333333333333333,2,2,GTATAGGAACTACGTACCTC,0,4619533
ybeDp,0.3333333333333333,2,2,GTATACCAGAGGGGTGCTAG,0,4685878
ybeDp,0.3333333333333333,2,2,GTATAAAGGCGGGTCCAAGG,0,4661280
ybeDp,0.3333333333333333,2,2,GTATAAAAAGGTCTGCGAAC,0,4671535
ybeDp,0.3333333333333333,2,2,GTAGTGTACACGCCCGGTGG,0,4603307
ybeDp,0.3333333333333333,2,2,GTAGTGCTCGCAAGAGCATA,0,4645382
ybeDp,0.3333333333333333,2,2,GTAGTATCCTCTATTTGTCT,0,4624046
ybeDp,0.3333333333333333,2,2,GTAGGGCACAGGATTTCCTG,0,4621033
ybeDp,0.3333333333333333,2,2,GTAGGCCCGCTTAACCGGGG,0,4620224
ybeDp,0.3333333333333333,2,2,GTAGGCACATTAATTTGGTC,0,4679886
ybeDp,0.3333333333333333,2,2,GTAGCTGTGTGAAACGCGTA,0,4677998
ybeDp,0.3333333333333333,2,2,GTAGCCGTTTGCGCCTGGAA,0,4620926
ybeDp,0.3333333333333333,2,2,GTACTATTCGCGGATAAGCG,0,4604416
ybeDp,0.3333333333333333,2,2,GTACGTTCTAGTTAGATCGC,0,4678012
ybeDp,0.3333333333333333,2,2,GTACGATTCCGCGGCGGCGG,0,4609316
ybeDp,0.3333333333333333,2,2,GTACCAAAGATCCCTTTCCC,0,4650851
ybeDp,0.3333333333333333,2,2,GTACAGGTCATTTCGAACGC,0,4659068
ybeDp,0.3333333333333333,2,2,GTAATGGTTCTTCAACTACA,0,4605701
ybeDp,0.3333333333333333,2,2,GTAATCAATTCCCTTTGCTA,0,4602162
ybeDp,0.3333333333333333,2,2,GTAATATAACGCTGCGTGGA,0,4683473
ybeDp,0.3333333333333333,2,2,GTAATACGGCTCTTAGGATC,0,4650330
ybeDp,0.3333333333333333,2,2,GTAAGCTCGTCGTACGGGCT,0,4615504
ybeDp,0.3333333333333333,2,2,GTAAGAGGTACCGTAACCAC,0,4684114
ybeDp,0.3333333333333333,2,2,GTAACTCAGCTAGTGAGGTA,0,4624134
ybeDp,0.3333333333333333,2,2,GTAACCGGTCATAGTAGGAC,0,4635409
ybeDp,0.3333333333333333,2,2,GTAACCGAATTTAAGCCGGG,0,4651087
ybeDp,0.3333333333333333,2,2,GTAAATTAGCCCATATAAGT,0,4675056
ybeDp,0.3333333333333333,2,2,GTAAAAAGGCAATGCATTCA,0,4622089
ybeDp,0.3333333333333333,2,2,GTAAAAAAGTGGAAATAACC,0,4664921
ybeDp,0.3333333333333333,2,2,GGTTTGTCTCTGACTGAACT,0,4605480
ybeDp,0.3333333333333333,2,2,GGTTTGACGTCAGCCCATGT,0,4669936
ybeDp,0.3333333333333333,2,2,GGTTTCAAGGTTTTGTGAGA,0,4628440
ybeDp,0.3333333333333333,2,2,GGTTTAATCTGTGGCATCAT,0,4661267
ybeDp,0.3333333333333333,2,2,GGTTGTGGATTTGCTTTGCT,0,4618994
ybeDp,0.3333333333333333,2,2,GGTTGCCAAGGTGTTAGCGG,0,4606377
ybeDp,0.3333333333333333,2,2,GGTTCGTTCCGCGCACTCCT,0,4666098
ybeDp,0.3333333333333333,2,2,GGTTCCGTGAACTGATGAAA,0,4687068
ybeDp,0.3333333333333333,2,2,GGTTAGAGTACAGTATGAGG,0,4687064
ybeDp,0.3333333333333333,2,2,GGTTAATTGACTCGTAAGGG,0,4608478
ybeDp,0.3333333333333333,2,2,GGTGTTTACCCTAAGTCATG,0,4651829
ybeDp,0.3333333333333333,2,2,GGTGTGCAGAAATACAAGAT,0,4677544
ybeDp,0.3333333333333333,2,2,GGTGGTAACCTTCGGCGTAT,0,4631103
ybeDp,0.3333333333333333,2,2,GGTGGGCGGACTACGGGGAA,0,4638048
ybeDp,0.3333333333333333,2,2,GGTGGCTTAAGTGAAAAGGT,0,4612166
ybeDp,0.3333333333333333,2,2,GGTGGACGCACGTCAAGAGT,0,4616366
ybeDp,0.3333333333333333,2,2,GGTGCTACCGATATGCGACA,0,4626324
ybeDp,0.3333333333333333,2,2,GGTGCGAGCGGTAGACTGAG,0,4619308
ybeDp,0.3333333333333333,2,2,GGTGCCTTTACCTATCAGAG,0,4640946
ybeDp,0.3333333333333333,2,2,GGTGCCATGCTACTCGCCTC,0,4640374
ybeDp,0.3333333333333333,2,2,GGTGCCATCGGGAAGCGACT,0,4623058
ybeDp,0.3333333333333333,2,2,GGTGAATACCCAAGGACTTA,0,4615006
ybeDp,0.3333333333333333,2,2,GGTCTTTATCGTCGCAAGTT,0,4624822
ybeDp,0.3333333333333333,2,2,GGTCGCTGGCAATCGCGTTT,0,4677209
ybeDp,0.3333333333333333,2,2,GGTCGCATCAGAGGGAGCCC,0,4646153
ybeDp,0.3333333333333333,2,2,GGTCCTCACGGTTGACCAAG,0,4645553
ybeDp,0.3333333333333333,2,2,GGTCCCCAAACCTCAGTGAA,0,4628506
ybeDp,0.3333333333333333,2,2,GGTCCAGTCTCCCTGGTAAA,0,4622218
ybeDp,0.3333333333333333,2,2,GGTCATAGGAAATCGTTGCA,0,4656255
ybeDp,0.3333333333333333,2,2,GGTCAGTAAGTACAAAGAGT,0,4679642
ybeDp,0.3333333333333333,2,2,GGTATTGCCCAGCTCCACGA,0,4676694
ybeDp,0.3333333333333333,2,2,GGTATTCAATATTCCAGTTA,0,4623208
ybeDp,0.3333333333333333,2,2,GGTATACTGTTCAAATAAGA,0,4609110
ybeDp,0.3333333333333333,2,2,GGTACTCCCATCGATTGAGG,0,4678848
ybeDp,0.3333333333333333,2,2,GGTACTCAGGGGGCCACTAT,0,4668081
ybeDp,0.3333333333333333,2,2,GGTACGATCACCATTGCTTA,0,4657565
ybeDp,0.3333333333333333,2,2,GGTACCACCAGTCGTTCCTA,0,4676946
ybeDp,0.3333333333333333,2,2,GGTAAATATGAATACTCCTT,0,4651484
ybeDp,0.3333333333333333,2,2,GGGTTTTTCATCAGGCGTGC,0,4606723
ybeDp,0.3333333333333333,2,2,GGGTTTGTGCCGGTAAACGC,0,4623637
ybeDp,0.3333333333333333,2,2,GGGTTTCGAACAGCATAAAG,0,4678256
ybeDp,0.3333333333333333,2,2,GGGTGTAACGTGCACAAGAA,0,4639989
ybeDp,0.3333333333333333,2,2,GGGTGCCGTTAATAATCCGC,0,4642371
ybeDp,0.3333333333333333,2,2,GGGTCGTCCTGGGTGAGAAC,0,4619917
ybeDp,0.3333333333333333,2,2,GGGTAGGGCGCATGTGTAGG,0,4657933
ybeDp,0.3333333333333333,2,2,GGGTAGAGGAGCAGTGCCTT,0,4631441
ybeDp,0.3333333333333333,2,2,GGGGTATGCCGTCCTAGGCA,0,4608226
ybeDp,0.3333333333333333,2,2,GGGGGGCCTGTCGGCATGAC,0,4663334
ybeDp,0.3333333333333333,2,2,GGGGGCAAGAGCAAGAAAGA,0,4650714
ybeDp,0.3333333333333333,2,2,GGGGCTCTTCGAGCCAGATT,0,4658617
ybeDp,0.3333333333333333,2,2,GGGGCATTGCACGGGTGCTG,0,4640116
ybeDp,0.3333333333333333,2,2,GGGGCACCTTGATAGGGCTA,0,4672156
ybeDp,0.3333333333333333,2,2,GGGGAACGATGTACAGGCGA,0,4640939
ybeDp,0.3333333333333333,2,2,GGGCTTACTCCTAATCGGAC,0,4660766
ybeDp,0.3333333333333333,2,2,GGGCTCTACTATAATCGCGA,0,4625468
ybeDp,0.3333333333333333,2,2,GGGCTAAGGGTCGGGGCCTA,0,4623672
ybeDp,0.3333333333333333,2,2,GGGCGTCATATCGACACAGA,0,4667798
ybeDp,0.3333333333333333,2,2,GGGCGTCAGCCTAATACGGG,0,4636341
ybeDp,0.3333333333333333,2,2,GGGCGCTTCCATTACCTGTC,0,4652771
ybeDp,0.3333333333333333,2,2,GGGCGCCATGGGATGCGATC,0,4664209
ybeDp,0.3333333333333333,2,2,GGGCCTCAGCAGAGTGTATA,0,4681601
ybeDp,0.3333333333333333,2,2,GGGCCACACACACGTAGGAA,0,4614731
ybeDp,0.3333333333333333,2,2,GGGCATTAGAGTATATTAAT,0,4685624
ybeDp,0.3333333333333333,2,2,GGGCATCATCCCAAGTCAAC,0,4676532
ybeDp,0.3333333333333333,2,2,GGGCACTTACCATGTGCTGC,0,4679687
ybeDp,0.3333333333333333,2,2,GGGATGCATAATTGAGTGTG,0,4637232
ybeDp,0.3333333333333333,2,2,GGGATGATATAACGATTGCA,0,4608558
ybeDp,0.3333333333333333,2,2,GGGATCGGAGACCAAACTGT,0,4627775
ybeDp,0.3333333333333333,2,2,GGGATAGAAAGTTTAAAAAC,0,4679093
ybeDp,0.3333333333333333,2,2,GGGAGTAGTAGAAAGAAAAT,0,4616439
ybeDp,0.3333333333333333,2,2,GGGAGAATTTTTCAAGCCTT,0,4610563
ybeDp,0.3333333333333333,2,2,GGGACTCCGCTACGACTCGT,0,4656992
ybeDp,0.3333333333333333,2,2,GGGACATTGGCGTTTGCGCT,0,4602311
ybeDp,0.3333333333333333,2,2,GGGAATAGGGCTACATTTTT,0,4637755
ybeDp,0.3333333333333333,2,2,GGCTTTTTCGTTCAAGGATC,0,4661422
ybeDp,0.3333333333333333,2,2,GGCTGGTCGGTCATACGAGT,0,4629784
ybeDp,0.3333333333333333,2,2,GGCTGCCGCTGACTATTACG,0,4651666
ybeDp,0.3333333333333333,2,2,GGCTCGCGTATCAAGATCAG,0,4637433
ybeDp,0.3333333333333333,2,2,GGCTCGATACGTAGAGCTAA,0,4602989
ybeDp,0.3333333333333333,2,2,GGCTATGGTTCAACTCCGCG,0,4625555
ybeDp,0.3333333333333333,2,2,GGCTATGAAACTACCTGAAC,0,4642491
ybeDp,0.3333333333333333,2,2,GGCTAGTGATGGATTCCAGG,0,4674840
ybeDp,0.3333333333333333,2,2,GGCTAATATACCAAAACGCA,0,4683354
ybeDp,0.3333333333333333,2,2,GGCTAAAGTGTTCACTAGGA,0,4627506
ybeDp,0.3333333333333333,2,2,GGCGTGGGTTCTGTTCTCGG,0,4660921
ybeDp,0.3333333333333333,2,2,GGCGGGTCAGGTCGTATGTC,0,4626147
ybeDp,0.3333333333333333,2,2,GGCGCTACCTGGGAAGCGTT,0,4669469
ybeDp,0.3333333333333333,2,2,GGCGATGAAAACTGCTAGCG,0,4683619
ybeDp,0.3333333333333333,2,2,GGCGAAAATGATCTTGTCGT,0,4604385
ybeDp,0.3333333333333333,2,2,GGCCTAGGGGAGAAGGGCCG,0,4638344
ybeDp,0.3333333333333333,2,2,GGCCGCTGCGTCAGCTGATT,0,4633351
ybeDp,0.3333333333333333,2,2,GGCCCTTTTGAGCCGTGTAA,0,4619797
ybeDp,0.3333333333333333,2,2,GGCCCATATAGTCCTGAACT,0,4678787
ybeDp,0.3333333333333333,2,2,GGCCAGTCCAGACGTATCCT,0,4666730
ybeDp,0.3333333333333333,2,2,GGCCAAACCGGGGCCACACG,0,4611167
ybeDp,0.3333333333333333,2,2,GGCATTTCGACCGCCCGATG,0,4627314
ybeDp,0.3333333333333333,2,2,GGCATACAAGGACCATGGTG,0,4623450
ybeDp,0.3333333333333333,2,2,GGCACGATCGTGTGCCAGCT,0,4633174
ybeDp,0.3333333333333333,2,2,GGCAACAAGGATTAGATAGT,0,4674605
ybeDp,0.3333333333333333,2,2,GGATTACGGGCGATTAATCT,0,4677312
ybeDp,0.3333333333333333,2,2,GGATGTATTTGGTGGTAACT,0,4642857
ybeDp,0.3333333333333333,2,2,GGATGTAACGACGTGAAGTT,0,4655961
ybeDp,0.3333333333333333,2,2,GGATGGATGCACCATTGGTA,0,4614606
ybeDp,0.3333333333333333,2,2,GGATGCCAACGCTCCGCGAG,0,4669992
ybeDp,0.3333333333333333,2,2,GGATGCAAAAAGGCCAGGGA,0,4631652
ybeDp,0.3333333333333333,2,2,GGATGATCTGTCTGTTTGAA,0,4601627
ybeDp,0.3333333333333333,2,2,GGATGAATTTACCACGGCGA,0,4615528
ybeDp,0.3333333333333333,2,2,GGATCACGTGCGTGTTCAGC,0,4653411
ybeDp,0.3333333333333333,2,2,GGATATGAACTTTAAACTAT,0,4615323
ybeDp,0.3333333333333333,2,2,GGATAAGCAGAATACACGAC,0,4608665
ybeDp,0.3333333333333333,2,2,GGAGTGCTGTAAATAGAGTT,0,4620129
ybeDp,0.3333333333333333,2,2,GGAGTAATGGGGGCTCCTCC,0,4619796
ybeDp,0.3333333333333333,2,2,GGAGTAATACGACGACCCAT,0,4657409
ybeDp,0.3333333333333333,2,2,GGAGGGTTAAAAGAACAACA,0,4683241
ybeDp,0.3333333333333333,2,2,GGAGCCGGCAGCCAACCTCA,0,4652994
ybeDp,0.3333333333333333,2,2,GGAGCCCCAAGATCCTGTCA,0,4667941
ybeDp,0.3333333333333333,2,2,GGACGGAATGTGTGTTTTAC,0,4606079
ybeDp,0.3333333333333333,2,2,GGACCGCCAACGCGGTGTAA,0,4672159
ybeDp,0.3333333333333333,2,2,GGACCCCTAAACCACCATTC,0,4658013
ybeDp,0.3333333333333333,2,2,GGACAGGGAAATCTTAGAGT,0,4643047
ybeDp,0.3333333333333333,2,2,GGACAGACTTAATGAATCAA,0,4641013
ybeDp,0.3333333333333333,2,2,GGAATAGCGTGACTGTAGGA,0,4652880
ybeDp,0.3333333333333333,2,2,GGAAGTCTGCCACTTCTTCC,0,4601672
ybeDp,0.3333333333333333,2,2,GGAAGTCTCAAAATTTACCA,0,4636464
ybeDp,0.3333333333333333,2,2,GGAAGGGTTTAGCGGCCTCC,0,4650803
ybeDp,0.3333333333333333,2,2,GGAAGCATCGCAGTACCTAA,0,4613729
ybeDp,0.3333333333333333,2,2,GGAAGACAAATACATTAGTT,0,4617532
ybeDp,0.3333333333333333,2,2,GGAACTGGCAAAAACGTATG,0,4657715
ybeDp,0.3333333333333333,2,2,GGAACTAATCCAAGGGGCGA,0,4613364
ybeDp,0.3333333333333333,2,2,GGAACGTACTCCCTGTCTTG,0,4680664
ybeDp,0.3333333333333333,2,2,GGAACCTGCAAAGGTCTGGC,0,4658622
ybeDp,0.3333333333333333,2,2,GGAACCGTTTTTTGGCCATA,0,4618323
ybeDp,0.3333333333333333,2,2,GGAAAACATTACAGGGTCAG,0,4687965
ybeDp,0.3333333333333333,2,2,GCTTTTGATCGGTCTTTATT,0,4670582
ybeDp,0.3333333333333333,2,2,GCTTTATAATCCACTATTAT,0,4650900
ybeDp,0.3333333333333333,2,2,GCTTGTTCAGCCGGCAGTGA,0,4659476
ybeDp,0.3333333333333333,2,2,GCTTGTAACGGGCATAGTGT,0,4685932
ybeDp,0.3333333333333333,2,2,GCTTGGTTCGAAATGTGTGA,0,4672653
ybeDp,0.3333333333333333,2,2,GCTTGGAACGAGTCGTACAT,0,4630635
ybeDp,0.3333333333333333,2,2,GCTTGCGCCCGACGCAAGCT,0,4613527
ybeDp,0.3333333333333333,2,2,GCTTGACCGAGTGGTCTTGA,0,4647028
ybeDp,0.3333333333333333,2,2,GCTTGACCCGTACGTATAAC,0,4665221
ybeDp,0.3333333333333333,2,2,GCTTCGGGTTGGCGACTGAC,0,4685731
ybeDp,0.3333333333333333,2,2,GCTTCGGATGCACCTGCTCA,0,4621828
ybeDp,0.3333333333333333,2,2,GCTTATGCCCGCCAGTGTGC,0,4604059
ybeDp,0.3333333333333333,2,2,GCTTAGTTCATACGGTGTTT,0,4625188
ybeDp,0.3333333333333333,2,2,GCTTAGTGGCTCGTTCCAAA,0,4648879
ybeDp,0.3333333333333333,2,2,GCTTAGCATTAGCCTAGCAT,0,4659161
ybeDp,0.3333333333333333,2,2,GCTTACGAAGGACGCCTCCG,0,4676195
ybeDp,0.3333333333333333,2,2,GCTTACAGCTCCTAAGAGCA,0,4634688
ybeDp,0.3333333333333333,2,2,GCTGGACATAGCACACAACG,0,4686488
ybeDp,0.3333333333333333,2,2,GCTCGGTATCAATAGCGCAG,0,4633898
ybeDp,0.3333333333333333,2,2,GCTCGGGTCCCGTTAAGTAA,0,4635321
ybeDp,0.3333333333333333,2,2,GCTCGGCGACAACGGAGCGG,0,4665261
ybeDp,0.3333333333333333,2,2,GCTCGATGGGGACGGGGTAA,0,4608057
ybeDp,0.3333333333333333,2,2,GCTCATTGACTGACAACACA,0,4648833
ybeDp,0.3333333333333333,2,2,GCTCAGAATGGAAGATGGTA,0,4633050
ybeDp,0.3333333333333333,2,2,GCTCAGAATCTGACAGCTCG,0,4610155
ybeDp,0.3333333333333333,2,2,GCTATTTAAGCAACTTAGAG,0,4663781
ybeDp,0.3333333333333333,2,2,GCTATGGAAATATAGCACGT,0,4618349
ybeDp,0.3333333333333333,2,2,GCTATGCATCGGTCACCGAA,0,4667268
ybeDp,0.3333333333333333,2,2,GCTAATAATGCTCGGCTTGT,0,4607781
ybeDp,0.3333333333333333,2,2,GCGTTGTCTCGCTCAGAAAT,0,4609229
ybeDp,0.3333333333333333,2,2,GCGTGCTTCTCCGTCCGAAG,0,4617681
ybeDp,0.3333333333333333,2,2,GCGTGATCCTGGGGTAGACT,0,4608569
ybeDp,0.3333333333333333,2,2,GCGTCTTCTACACATAAAGA,0,4678177
ybeDp,0.3333333333333333,2,2,GCGTCGAGTCCTTTAGATCT,0,4679277
ybeDp,0.3333333333333333,2,2,GCGTCCTACTATGTGGAGCA,0,4679835
ybeDp,0.3333333333333333,2,2,GCGTCAGATCTTAGCGCATT,0,4659682
ybeDp,0.3333333333333333,2,2,GCGTAAAAATCGTGCTCACA,0,4618767
ybeDp,0.3333333333333333,2,2,GCGGTGACGGACCATGCATA,0,4686896
ybeDp,0.3333333333333333,2,2,GCGGTCGGATGGTACGTCTT,0,4684666
ybeDp,0.3333333333333333,2,2,GCGGTAGTCGAAGACACATC,0,4658216
ybeDp,0.3333333333333333,2,2,GCGGTACACAGTAAACAGAT,0,4620770
ybeDp,0.3333333333333333,2,2,GCGGGACGAAATAGGGGGTT,0,4659632
ybeDp,0.3333333333333333,2,2,GCGGATACTGTCAGGTGCCG,0,4642457
ybeDp,0.3333333333333333,2,2,GCGCTTTTCTTTTAATCTGA,0,4638527
ybeDp,0.3333333333333333,2,2,GCGCTGGAACAGGGGATATA,0,4677188
ybeDp,0.3333333333333333,2,2,GCGCGTTCCAGGCACAGTGT,0,4625631
ybeDp,0.3333333333333333,2,2,GCGCAGCCGCGCAGGTTTGT,0,4633937
ybeDp,0.3333333333333333,2,2,GCGCAGCCCCTGACTGGCCT,0,4642804
ybeDp,0.3333333333333333,2,2,GCGCAAGCTACAGTATTTCT,0,4675897
ybeDp,0.3333333333333333,2,2,GCGCAACTCGTTACTAACAT,0,4611049
ybeDp,0.3333333333333333,2,2,GCGATCGAGTAATTTCTAGT,0,4633956
ybeDp,0.3333333333333333,2,2,GCGATATCCGGAGCACGGGA,0,4684541
ybeDp,0.3333333333333333,2,2,GCGAGAATGCTTGGTACTCA,0,4674135
ybeDp,0.3333333333333333,2,2,GCGAGAATGAGGTCAAGCGG,0,4628209
ybeDp,0.3333333333333333,2,2,GCGACACCAGCGACCGCCGT,0,4624689
ybeDp,0.3333333333333333,2,2,GCGACAAGCTCCGCTTATAA,0,4661604
ybeDp,0.3333333333333333,2,2,GCCTTCTTGGGTTCACCCAA,0,4646176
ybeDp,0.3333333333333333,2,2,GCCTGGGTGGTACAATGGAT,0,4608676
ybeDp,0.3333333333333333,2,2,GCCTGACTTCATGATCTCCC,0,4606873
ybeDp,0.3333333333333333,2,2,GCCTATGGTCTATAAGGCAT,0,4645525
ybeDp,0.3333333333333333,2,2,GCCTAGGCCCGAGCGTTCTA,0,4670186
ybeDp,0.3333333333333333,2,2,GCCTAATACCTTAAGCGATT,0,4634942
ybeDp,0.3333333333333333,2,2,GCCTAAGTCCAGCAATGGGC,0,4668335
ybeDp,0.3333333333333333,2,2,GCCTAAGAGCCTAAATTAGG,0,4679986
ybeDp,0.3333333333333333,2,2,GCCTAAATCGCTAATTGCTA,0,4633315
ybeDp,0.3333333333333333,2,2,GCCGTTCAGGATCCGGCTCG,0,4641342
ybeDp,0.3333333333333333,2,2,GCCGTGTGCGTAATCTTCGG,0,4613383
ybeDp,0.3333333333333333,2,2,GCCGGGAGCTCTGAGTCGGT,0,4644502
ybeDp,0.3333333333333333,2,2,GCCGGCGACAAGGCATTTAT,0,4685716
ybeDp,0.3333333333333333,2,2,GCCGGAGGGGTTCCAGATAA,0,4623038
ybeDp,0.3333333333333333,2,2,GCCGCGGAACGGGGGACGTG,0,4624933
ybeDp,0.3333333333333333,2,2,GCCGAGGCAGTTTGATACTC,0,4646429
ybeDp,0.3333333333333333,2,2,GCCGACGACTGCTTTAGTCA,0,4657145
ybeDp,0.3333333333333333,2,2,GCCCTGCGTACGGGACTCAA,0,4636695
ybeDp,0.3333333333333333,2,2,GCCCGGTTTTAGGCGCTATT,0,4627897
ybeDp,0.3333333333333333,2,2,GCCCGAAGACGTACAGTGTT,0,4676228
ybeDp,0.3333333333333333,2,2,GCCCCGAGGCAAATCGGTAC,0,4673383
ybeDp,0.3333333333333333,2,2,GCCCAGTTTCCTGCATGCCC,0,4657046
ybeDp,0.3333333333333333,2,2,GCCCAGGGAAGTTCGCAGTC,0,4622762
ybeDp,0.3333333333333333,2,2,GCCCAAATGCGGAGTGTGAC,0,4625729
ybeDp,0.3333333333333333,2,2,GCCAGGATGATATGTCTTTG,0,4675608
ybeDp,0.3333333333333333,2,2,GCCAGCCTCTCACCCTAGCT,0,4681680
ybeDp,0.3333333333333333,2,2,GCCAGCCGAAGCAGAATAAA,0,4631013
ybeDp,0.3333333333333333,2,2,GCCACTTTGCGGAATAGGTT,0,4685752
ybeDp,0.3333333333333333,2,2,GCCACTGAATCGCCCCCTGA,0,4607439
ybeDp,0.3333333333333333,2,2,GCCAAACGGATGATAAGGCC,0,4624201
ybeDp,0.3333333333333333,2,2,GCATTGCCCAGCATGCGTTT,0,4661257
ybeDp,0.3333333333333333,2,2,GCATTCACACCGATCGCAGG,0,4668173
ybeDp,0.3333333333333333,2,2,GCATTAAAGCACGCGGCATA,0,4612561
ybeDp,0.3333333333333333,2,2,GCATGCCGGTACAGCTTCAC,0,4634821
ybeDp,0.3333333333333333,2,2,GCATCGGCCAGTCCGGCGCA,0,4637630
ybeDp,0.3333333333333333,2,2,GCATCACAGACTATATCTTG,0,4648696
ybeDp,0.3333333333333333,2,2,GCATACACGTTGACGTCTCC,0,4626607
ybeDp,0.3333333333333333,2,2,GCAGTGTTCCCTGCGTTCAA,0,4648725
ybeDp,0.3333333333333333,2,2,GCAGTGAGAACCACCTACGT,0,4674679
ybeDp,0.3333333333333333,2,2,GCAGGTTCTCTATATTATAC,0,4638597
ybeDp,0.3333333333333333,2,2,GCAGGTCTTTGCTTGCGCGG,0,4617622
ybeDp,0.3333333333333333,2,2,GCAGGGCTGCGTCCTTATTC,0,4603407
ybeDp,0.3333333333333333,2,2,GCAGGCCTTTATTATTATCA,0,4657622
ybeDp,0.3333333333333333,2,2,GCAGCCCCGTGTTAAGAAAT,0,4674573
ybeDp,0.3333333333333333,2,2,GCAGAGGACCGGGTATCTTC,0,4642054
ybeDp,0.3333333333333333,2,2,GCACTTTGGGTAACTCCAAA,0,4649058
ybeDp,0.3333333333333333,2,2,GCACGTTCTTTTTGTCCCCC,0,4608429
ybeDp,0.3333333333333333,2,2,GCACGTCACCTAGCTTTCCC,0,4650063
ybeDp,0.3333333333333333,2,2,GCACGATCTCATTTCCATGG,0,4610721
ybeDp,0.3333333333333333,2,2,GCACCTCCTTACGCGCAGTT,0,4676533
ybeDp,0.3333333333333333,2,2,GCACCGCCAGGACATCGGGG,0,4618344
ybeDp,0.3333333333333333,2,2,GCACCCCGCACCATATAGTC,0,4665452
ybeDp,0.3333333333333333,2,2,GCACCATCGAAATTTGCTGA,0,4668216
ybeDp,0.3333333333333333,2,2,GCACAATCTGAAGTAGGACT,0,4639689
ybeDp,0.3333333333333333,2,2,GCACAACTCGCGGATCGAGA,0,4657408
ybeDp,0.3333333333333333,2,2,GCACAACGCCTACATGGTCT,0,4636607
ybeDp,0.3333333333333333,2,2,GCAATACTTTCCGACTATCA,0,4655722
ybeDp,0.3333333333333333,2,2,GCAAGTCAGGTTTTTGAGTG,0,4613016
ybeDp,0.3333333333333333,2,2,GCAAAACAAATTGATTTCAG,0,4619275
ybeDp,0.3333333333333333,2,2,GATTTCGTGGAAATTGTAAA,0,4611306
ybeDp,0.3333333333333333,2,2,GATTTCCTGGACGGCGCCAT,0,4629886
ybeDp,0.3333333333333333,2,2,GATTGTAGACGGTCGCTCTG,0,4652952
ybeDp,0.3333333333333333,2,2,GATTGGTGATCTGTCATATG,0,4659218
ybeDp,0.3333333333333333,2,2,GATTGGGTATGTGTAGTTCA,0,4607650
ybeDp,0.3333333333333333,2,2,GATTGACGCCTCAGCGGGAG,0,4603582
ybeDp,0.3333333333333333,2,2,GATTAGAAGGATATGATCTC,0,4659616
ybeDp,0.3333333333333333,2,2,GATTACTATAGTGGATTGGA,0,4652983
ybeDp,0.3333333333333333,2,2,GATGTTCCTGGAGAGCCTTA,0,4655726
ybeDp,0.3333333333333333,2,2,GATGTGCGGGGACATACCTA,0,4631012
ybeDp,0.3333333333333333,2,2,GATGGTGCCGTCAAGAGCGG,0,4671799
ybeDp,0.3333333333333333,2,2,GATGGGTAGTGCTTCCTGCG,0,4612662
ybeDp,0.3333333333333333,2,2,GATGGAACCAGCAATGTTTT,0,4659524
ybeDp,0.3333333333333333,2,2,GATGCTGTTAGTTAGGAGTC,0,4669374
ybeDp,0.3333333333333333,2,2,GATGCCAGCAGGTAAAATCG,0,4619303
ybeDp,0.3333333333333333,2,2,GATGAGTATGTGATGTCGCA,0,4668386
ybeDp,0.3333333333333333,2,2,GATCTTTTCACGTTAAAACT,0,4653259
ybeDp,0.3333333333333333,2,2,GATCTGCTCCATACAATCGT,0,4680959
ybeDp,0.3333333333333333,2,2,GATCTCATGGGCACAATCTC,0,4625514
ybeDp,0.3333333333333333,2,2,GATCGGAGGATGGTATGCAG,0,4643231
ybeDp,0.3333333333333333,2,2,GATATCCTATGTCGTGATGT,0,4635560
ybeDp,0.3333333333333333,2,2,GATAGCAAGAGGTATGCAAT,0,4645367
ybeDp,0.3333333333333333,2,2,GATAGATACTCTATGAAGAC,0,4631762
ybeDp,0.3333333333333333,2,2,GATAATCAGCCGTGGCTGGA,0,4657402
ybeDp,0.3333333333333333,2,2,GAGTTGGTATATCGATTCCA,0,4616928
ybeDp,0.3333333333333333,2,2,GAGTTCATGTAGGCCCCGGG,0,4619280
ybeDp,0.3333333333333333,2,2,GAGTTAGCGGGGTAACTCGG,0,4683581
ybeDp,0.3333333333333333,2,2,GAGTGTGGCAAAAAGTGTGG,0,4663724
ybeDp,0.3333333333333333,2,2,GAGTGTACGGACGTTGCCCT,0,4634177
ybeDp,0.3333333333333333,2,2,GAGTGCTAGGTAGCGAGAGA,0,4656624
ybeDp,0.3333333333333333,2,2,GAGTGCCATCCCTGGTGGAC,0,4627767
ybeDp,0.3333333333333333,2,2,GAGTCCGCCGAATCCATCAA,0,4622449
ybeDp,0.3333333333333333,2,2,GAGTCCCTTGCGATGGTAAC,0,4674992
ybeDp,0.3333333333333333,2,2,GAGGTTGTTGTGGTAACTCG,0,4678743
ybeDp,0.3333333333333333,2,2,GAGGGTTCAATATGGTCAAT,0,4606778
ybeDp,0.3333333333333333,2,2,GAGGGATCAGACGGTGCCAG,0,4650134
ybeDp,0.3333333333333333,2,2,GAGGCTGAGTCTTTCGTTTG,0,4672153
ybeDp,0.3333333333333333,2,2,GAGGCGTGGGGCCCAGACTC,0,4621670
ybeDp,0.3333333333333333,2,2,GAGGCCTGTCTGTAACCTCC,0,4681895
ybeDp,0.3333333333333333,2,2,GAGGCCGGTTAAGGACACCT,0,4604871
ybeDp,0.3333333333333333,2,2,GAGGCCCGGCGTCGGACAAC,0,4651598
ybeDp,0.3333333333333333,2,2,GAGGCCAAAGAGCAACTGTT,0,4619715
ybeDp,0.3333333333333333,2,2,GAGCTTGGATGGCACTAAGA,0,4671037
ybeDp,0.3333333333333333,2,2,GAGCGCGGAACGTCCGGTAT,0,4671859
ybeDp,0.3333333333333333,2,2,GAGCGCCTTAAGGATAGGAC,0,4611639
ybeDp,0.3333333333333333,2,2,GAGCCTTTTAACGGAAGCAT,0,4664809
ybeDp,0.3333333333333333,2,2,GAGCCGTGGAGTTAATTGTG,0,4640960
ybeDp,0.3333333333333333,2,2,GAGCCAATGACCTTGGTTCT,0,4644284
ybeDp,0.3333333333333333,2,2,GAGATCGATTATCAGGATCG,0,4685635
ybeDp,0.3333333333333333,2,2,GAGAGTTATGATCCACGGAA,0,4612073
ybeDp,0.3333333333333333,2,2,GAGAGTGACTCGTAGCGCGG,0,4629025
ybeDp,0.3333333333333333,2,2,GAGACAGGTAGATTGATCCA,0,4634592
ybeDp,0.3333333333333333,2,2,GAGAAGCGACTCCTTCAGCT,0,4609197
ybeDp,0.3333333333333333,2,2,GACTTCGTCTACAAGATTAT,0,4673018
ybeDp,0.3333333333333333,2,2,GACTTACGCGGTTACAATTA,0,4626745
ybeDp,0.3333333333333333,2,2,GACTGTAAACGCATACTGGC,0,4684028
ybeDp,0.3333333333333333,2,2,GACTACTAAACGCCTCTTCC,0,4627849
ybeDp,0.3333333333333333,2,2,GACTACGTACAGTCATATGA,0,4631687
ybeDp,0.3333333333333333,2,2,GACTAACTGACGAAGTACTA,0,4646673
ybeDp,0.3333333333333333,2,2,GACGTCGGTGCGACTCCTCT,0,4658061
ybeDp,0.3333333333333333,2,2,GACGGTCGGTGACTCCTCGT,0,4638811
ybeDp,0.3333333333333333,2,2,GACGGGTACTCGACACTAGA,0,4676599
ybeDp,0.3333333333333333,2,2,GACGGGGGAGCCAACCTAAT,0,4674447
ybeDp,0.3333333333333333,2,2,GACGGGCAGATTCCTCCGGG,0,4640142
ybeDp,0.3333333333333333,2,2,GACGGATGTTTCCCCGCTCA,0,4687339
ybeDp,0.3333333333333333,2,2,GACGCGTCTTTTCGGAATTC,0,4644831
ybeDp,0.3333333333333333,2,2,GACGCATAAGCCCTCTGCGA,0,4621133
ybeDp,0.3333333333333333,2,2,GACGAGCTCTTATTGATCAC,0,4625708
ybeDp,0.3333333333333333,2,2,GACCTTATGTCAATATGGCC,0,4602943
ybeDp,0.3333333333333333,2,2,GACCGGCCACGCTTATCACT,0,4682113
ybeDp,0.3333333333333333,2,2,GACCGACACGACTGTACATC,0,4683288
ybeDp,0.3333333333333333,2,2,GACCCGCTGTTGTCGTCTCC,0,4609527
ybeDp,0.3333333333333333,2,2,GACCATGCTCAACCTTCGAT,0,4657852
ybeDp,0.3333333333333333,2,2,GACCACGACGAGCTGTTTAA,0,4685994
ybeDp,0.3333333333333333,2,2,GACCAAAGAACACTGGGCCT,0,4628613
ybeDp,0.3333333333333333,2,2,GACAGCCTAGTCGGTGCCGT,0,4620571
ybeDp,0.3333333333333333,2,2,GACACGTCCCGCTACAAGCT,0,4618100
ybeDp,0.3333333333333333,2,2,GACACGACTTCAACGTTACC,0,4610094
ybeDp,0.3333333333333333,2,2,GACAATGCATCTAGTGTCCC,0,4651556
ybeDp,0.3333333333333333,2,2,GACAATCATACATCAGTTTG,0,4606184
ybeDp,0.3333333333333333,2,2,GACAACAAGACAGGACTACT,0,4668374
ybeDp,0.3333333333333333,2,2,GACAAAGGGGGACGTGCAAG,0,4639968
ybeDp,0.3333333333333333,2,2,GAATTTAGCAGCTGAACGCT,0,4641197
ybeDp,0.3333333333333333,2,2,GAATTATGTATCCACTCGTA,0,4625626
ybeDp,0.3333333333333333,2,2,GAATTATGATAAGGATACCG,0,4648646
ybeDp,0.3333333333333333,2,2,GAATTATCGTGAAACAAGCC,0,4679012
ybeDp,0.3333333333333333,2,2,GAATGGTACCAGCTTGGCAA,0,4666385
ybeDp,0.3333333333333333,2,2,GAATCATTAGCAGTGATTGG,0,4624242
ybeDp,0.3333333333333333,2,2,GAATCACTCGTCAACGTTGT,0,4656873
ybeDp,0.3333333333333333,2,2,GAAGTTGCGGTATGGCGACC,0,4609971
ybeDp,0.3333333333333333,2,2,GAAGTCATTCTAAGAGTCCT,0,4655583
ybeDp,0.3333333333333333,2,2,GAAGTAGTTAACCAGAACTC,0,4604624
ybeDp,0.3333333333333333,2,2,GAAGGTGCTTAAACTCCGGA,0,4654886
ybeDp,0.3333333333333333,2,2,GAAGCTGATGGCAATTTACA,0,4661064
ybeDp,0.3333333333333333,2,2,GAAGCTCGGGCGTGCGTGTA,0,4662383
ybeDp,0.3333333333333333,2,2,GAAGCTCAGATTACCCGAAG,0,4601070
ybeDp,0.3333333333333333,2,2,GAACTCCTACTGGCGAACGT,0,4634290
ybeDp,0.3333333333333333,2,2,GAACTCAGCGACCTGAGATA,0,4628357
ybeDp,0.3333333333333333,2,2,GAACGGGTTCGCACCGCGGC,0,4686130
ybeDp,0.3333333333333333,2,2,GAACGATGTACCCTAGCGCC,0,4663638
ybeDp,0.3333333333333333,2,2,GAACCTTGATTGCGTCAGAC,0,4629744
ybeDp,0.3333333333333333,2,2,GAACCGCGATTATAACCAGG,0,4607880
ybeDp,0.3333333333333333,2,2,GAACACCGTGGCGTTCAGAC,0,4604614
ybeDp,0.3333333333333333,2,2,GAACACAATCGGCAAGTATA,0,4618320
ybeDp,0.3333333333333333,2,2,GAAATCGGTAATCTTTGTTC,0,4617621
ybeDp,0.3333333333333333,2,2,GAAATCCCCACGAAAAGATG,0,4678926
ybeDp,0.3333333333333333,2,2,GAAAATCGGGATCGCAACCT,0,4683242
ybeDp,0.3333333333333333,2,2,CTTTTGGGGCCTTGGTGAGA,0,4673979
ybeDp,0.3333333333333333,2,2,CTTTTCCAGGCAGATGCCAT,0,4623388
ybeDp,0.3333333333333333,2,2,CTTTGCCATCTCCCTTAACT,0,4652084
ybeDp,0.3333333333333333,2,2,CTTTCTGACCCTTAAGAGGA,0,4684825
ybeDp,0.3333333333333333,2,2,CTTTCTCAGCTGGCCCGTTA,0,4671647
ybeDp,0.3333333333333333,2,2,CTTTCTACATGCACTTTGCA,0,4637694
ybeDp,0.3333333333333333,2,2,CTTTCGGTGAAGCAGAAGCC,0,4636470
ybeDp,0.3333333333333333,2,2,CTTTATTGTTTGTCACCTAG,0,4669941
ybeDp,0.3333333333333333,2,2,CTTTATACCGTCCTTGTTCC,0,4646496
ybeDp,0.3333333333333333,2,2,CTTTAGATCACTATGGAGGC,0,4656634
ybeDp,0.3333333333333333,2,2,CTTTACCGTGACTAATGTAG,0,4625723
ybeDp,0.3333333333333333,2,2,CTTTAAACGACAAATCATTT,0,4641955
ybeDp,0.3333333333333333,2,2,CTTGGTAGCGGGTCGATCTC,0,4605253
ybeDp,0.3333333333333333,2,2,CTTGGGGGCTAGGTTTCGGG,0,4651358
ybeDp,0.3333333333333333,2,2,CTTGGAAGCGCGGGGAGGGG,0,4633474
ybeDp,0.3333333333333333,2,2,CTTGCCAAAATATCCGACTG,0,4672411
ybeDp,0.3333333333333333,2,2,CTTGATCGGATGACTGGATC,0,4626736
ybeDp,0.3333333333333333,2,2,CTTCTTCTATGATTGCACAC,0,4603316
ybeDp,0.3333333333333333,2,2,CTTCTACCTTCTCTGAGAGC,0,4633070
ybeDp,0.3333333333333333,2,2,CTTCGTATGCCGCAAATTGG,0,4632951
ybeDp,0.3333333333333333,2,2,CTTCCTTTTCGGAGCATGAT,0,4631279
ybeDp,0.3333333333333333,2,2,CTTCAGGGGCCTGATGTGCA,0,4645346
ybeDp,0.3333333333333333,2,2,CTTCACTTCTGGAAACCCTC,0,4620794
ybeDp,0.3333333333333333,2,2,CTTCAAAGTCAAACACAGAG,0,4682938
ybeDp,0.3333333333333333,2,2,CTTATGCCAGTGCAATACAA,0,4643710
ybeDp,0.3333333333333333,2,2,CTTATATTCGGTCACGGGAC,0,4605391
ybeDp,0.3333333333333333,2,2,CTTATATTAAGCAGCGAGTC,0,4660001
ybeDp,0.3333333333333333,2,2,CTTAGTTGAACGATCCCGTA,0,4637822
ybeDp,0.3333333333333333,2,2,CTTAGAACCGGTTGGCTGAG,0,4677571
ybeDp,0.3333333333333333,2,2,CTTACGCCAACCTCTGTGCG,0,4647840
ybeDp,0.3333333333333333,2,2,CTTACCGGGCCAAGTCACGA,0,4620158
ybeDp,0.3333333333333333,2,2,CTTAAGTTGATTGGAGTGAA,0,4667532
ybeDp,0.3333333333333333,2,2,CTTAAGGCCGCCCACGGAAT,0,4601939
ybeDp,0.3333333333333333,2,2,CTTAACCCGCGTGGTACATG,0,4678032
ybeDp,0.3333333333333333,2,2,CTGTTATCGGACAACGTGTC,0,4649108
ybeDp,0.3333333333333333,2,2,CTGTGTAGGATCCGGAATAC,0,4656426
ybeDp,0.3333333333333333,2,2,CTGTGACGAAATTAACGCGA,0,4688186
ybeDp,0.3333333333333333,2,2,CTGTATTCTCCACAGTGCGT,0,4664887
ybeDp,0.3333333333333333,2,2,CTGGTTCACAGAAAACGAAG,0,4614466
ybeDp,0.3333333333333333,2,2,CTGGGTAGTTCTAGTTTAAT,0,4603565
ybeDp,0.3333333333333333,2,2,CTGGGTAGTCCATCTAACTC,0,4660219
ybeDp,0.3333333333333333,2,2,CTGGGGGTAAGGAAGAGATT,0,4663931
ybeDp,0.3333333333333333,2,2,CTGGGCCCCGTGGCTACGGA,0,4623933
ybeDp,0.3333333333333333,2,2,CTGGAGTGGCTCTCCGGTAA,0,4623059
ybeDp,0.3333333333333333,2,2,CTGCTCGTTTCTTACAGGAT,0,4664957
ybeDp,0.3333333333333333,2,2,CTGCTATTCGGAAAGTTCTT,0,4618070
ybeDp,0.3333333333333333,2,2,CTGCTACTTCGCGGATCAGG,0,4609455
ybeDp,0.3333333333333333,2,2,CTGCCCTGGCCCCTCGGGTT,0,4664316
ybeDp,0.3333333333333333,2,2,CTGCATGGGTTTGCCGCGCC,0,4659508
ybeDp,0.3333333333333333,2,2,CTGCAGCGGATCGAGTGATA,0,4649967
ybeDp,0.3333333333333333,2,2,CTGCAACGAAAGACAAATTG,0,4641236
ybeDp,0.3333333333333333,2,2,CTGATGGGGTACGCTTATAA,0,4623612
ybeDp,0.3333333333333333,2,2,CTGAGAAGAACAAGGTGTCG,0,4634230
ybeDp,0.3333333333333333,2,2,CTGACTGAGCCGACTTCGTC,0,4686224
ybeDp,0.3333333333333333,2,2,CTGACAATCTAAGGTGATAT,0,4672191
ybeDp,0.3333333333333333,2,2,CTGAACCTTGAACGGCCTTT,0,4656862
ybeDp,0.3333333333333333,2,2,CTCTGTACATCTGAGGGTAC,0,4663496
ybeDp,0.3333333333333333,2,2,CTCTGGCCCTAACGCCCATT,0,4610957
ybeDp,0.3333333333333333,2,2,CTCTCTTTAGTTCCCTATGT,0,4673306
ybeDp,0.3333333333333333,2,2,CTCTCTAACCGTCCTTCCTG,0,4640467
ybeDp,0.3333333333333333,2,2,CTCTCAGCAAAACTAGAGTC,0,4623646
ybeDp,0.3333333333333333,2,2,CTCTAGGCGCATTGCAAAGT,0,4681430
ybeDp,0.3333333333333333,2,2,CTCTACTGACTGTAGACACT,0,4668744
ybeDp,0.3333333333333333,2,2,CTCGTGCCGAGGCTTCTGTA,0,4609013
ybeDp,0.3333333333333333,2,2,CTCGTCCTGTCCGCAAAACC,0,4661534
ybeDp,0.3333333333333333,2,2,CTCGTATTGTTTGGTCCTAT,0,4641401
ybeDp,0.3333333333333333,2,2,CTCGTAGAGTATTATTGTCA,0,4667020
ybeDp,0.3333333333333333,2,2,CTCGGGTATTTCGGCCAGGA,0,4626509
ybeDp,0.3333333333333333,2,2,CTCCTGCCAGCTAGGTGTAT,0,4660633
ybeDp,0.3333333333333333,2,2,CTCCTGCACTTAATCAAGGC,0,4612857
ybeDp,0.3333333333333333,2,2,CTCCGTGACGGTCCATGAGG,0,4680357
ybeDp,0.3333333333333333,2,2,CTCCCCGCTGGTCACGTGGG,0,4659782
ybeDp,0.3333333333333333,2,2,CTCCAGGGGCAAAAAATAGG,0,4633662
ybeDp,0.3333333333333333,2,2,CTCCACACAAGCCACGAGCG,0,4687716
ybeDp,0.3333333333333333,2,2,CTCATTTGTGGACACGGCGA,0,4603294
ybeDp,0.3333333333333333,2,2,CTCATCTTCCCGAGGACGTT,0,4641200
ybeDp,0.3333333333333333,2,2,CTCATCTAACAGCACCGTTG,0,4635304
ybeDp,0.3333333333333333,2,2,CTCAGTGCTTAATCGCGCCC,0,4643890
ybeDp,0.3333333333333333,2,2,CTCAGGCATTCGATCGTCAT,0,4636425
ybeDp,0.3333333333333333,2,2,CTCAGCGAATGATACAAGTA,0,4655491
ybeDp,0.3333333333333333,2,2,CTCAGAGGAGGCTAGCAGAA,0,4664816
ybeDp,0.3333333333333333,2,2,CTCACGCTCTCATTTGCAGG,0,4633030
ybeDp,0.3333333333333333,2,2,CTATGCTTAATTTCGTAATT,0,4686454
ybeDp,0.3333333333333333,2,2,CTATGCTACGCTATAGTCAG,0,4645594
ybeDp,0.3333333333333333,2,2,CTATCTGCCGGCCGCGTCGC,0,4687094
ybeDp,0.3333333333333333,2,2,CTATAGCAGTATATCGTTTC,0,4661010
ybeDp,0.3333333333333333,2,2,CTATACATTCCCGTAGTTTC,0,4651428
ybeDp,0.3333333333333333,2,2,CTAGTTCGGCTCGAGTTTTT,0,4603447
ybeDp,0.3333333333333333,2,2,CTAGTGGTGCACCGAAATGG,0,4644682
ybeDp,0.3333333333333333,2,2,CTAGTAGATCTCCTAATTCG,0,4656902
ybeDp,0.3333333333333333,2,2,CTAGGTTTCCAAGGTCCTAC,0,4626904
ybeDp,0.3333333333333333,2,2,CTAGGGTTCCTCAGGGGGTG,0,4678490
ybeDp,0.3333333333333333,2,2,CTAGGAATGGATAAACGGAA,0,4632010
ybeDp,0.3333333333333333,2,2,CTAGCCTCGGTTCTCTATCG,0,4645719
ybeDp,0.3333333333333333,2,2,CTACTTTAGTCACTGTGTTC,0,4668781
ybeDp,0.3333333333333333,2,2,CTACTCCTCGTCATGTGTAG,0,4639557
ybeDp,0.3333333333333333,2,2,CTACTACACTAAAGCAAGAC,0,4673684
ybeDp,0.3333333333333333,2,2,CTACGAAAGTGAAATATTGA,0,4661331
ybeDp,0.3333333333333333,2,2,CTACCTAGTGTGTTTCCGCA,0,4633987
ybeDp,0.3333333333333333,2,2,CTACCGTAACCCGACGCACT,0,4621874
ybeDp,0.3333333333333333,2,2,CTACCGGCCATACGTTCGTA,0,4602058
ybeDp,0.3333333333333333,2,2,CTACCGCAAGACTATTATGT,0,4639959
ybeDp,0.3333333333333333,2,2,CTACAATATGCGTATGCTTT,0,4685287
ybeDp,0.3333333333333333,2,2,CTAATACCGGCTTAGGTACT,0,4662012
ybeDp,0.3333333333333333,2,2,CTAATAAGTAAAATCAGCTC,0,4635765
ybeDp,0.3333333333333333,2,2,CTAAGGTTTCTGAGGACTCC,0,4667465
ybeDp,0.3333333333333333,2,2,CTAAGCCGGAACGGCTAACG,0,4611439
ybeDp,0.3333333333333333,2,2,CTAACTAGCTTTGTGAGGGG,0,4681957
ybeDp,0.3333333333333333,2,2,CTAACCAGAAGAGCAAGTAA,0,4626454
ybeDp,0.3333333333333333,2,2,CTAAATGTGCGGGTGTTTCT,0,4613857
ybeDp,0.3333333333333333,2,2,CTAAATAACGTAAGGGCAAA,0,4668033
ybeDp,0.3333333333333333,2,2,CTAAAATCATGGGCCACGTG,0,4662242
ybeDp,0.3333333333333333,2,2,CTAAAAGGGGGTAGCTTGGC,0,4659242
ybeDp,0.3333333333333333,2,2,CGTTTTCAACTAAACTTCCA,0,4643335
ybeDp,0.3333333333333333,2,2,CGTTTTAGCGGTGCATAAAT,0,4626450
ybeDp,0.3333333333333333,2,2,CGTTTTAGACCACAATGATA,0,4662701
ybeDp,0.3333333333333333,2,2,CGTTTGATTCGCACGCGGAC,0,4612791
ybeDp,0.3333333333333333,2,2,CGTTTCTTACTTCCTGTGGG,0,4635128
ybeDp,0.3333333333333333,2,2,CGTTTCTCATATTGGACCGG,0,4643420
ybeDp,0.3333333333333333,2,2,CGTTTCAAAAAATGAATGTG,0,4646909
ybeDp,0.3333333333333333,2,2,CGTTTATTGCTAAGAGCGGA,0,4633868
ybeDp,0.3333333333333333,2,2,CGTTGTGGTGAGAAGCATCG,0,4665176
ybeDp,0.3333333333333333,2,2,CGTTGGCATGACGCAACCAC,0,4622617
ybeDp,0.3333333333333333,2,2,CGTTGATTAATTGGGTAAGC,0,4628303
ybeDp,0.3333333333333333,2,2,CGTTGACCGAGGAGAGGGGG,0,4662325
ybeDp,0.3333333333333333,2,2,CGTTCGGCTTGTTTGCGAGT,0,4620342
ybeDp,0.3333333333333333,2,2,CGTTCCAGGACTTTTTCCAA,0,4616477
ybeDp,0.3333333333333333,2,2,CGTTCAGGGTAGGCTAGGCC,0,4653087
ybeDp,0.3333333333333333,2,2,CGTTATAAGCAAGAGTTTTG,0,4613694
ybeDp,0.3333333333333333,2,2,CGTTAGAAGTTCACCCGAAG,0,4654661
ybeDp,0.3333333333333333,2,2,CGTGTTGTCAGCGCAAGGTC,0,4684008
ybeDp,0.3333333333333333,2,2,CGTGTGTTTTAGTACCGAAC,0,4629842
ybeDp,0.3333333333333333,2,2,CGTGGTCAATTCCGGCGTGC,0,4677450
ybeDp,0.3333333333333333,2,2,CGTGGCGGTAAGACCGCTTT,0,4609664
ybeDp,0.3333333333333333,2,2,CGTGGCAGGCAAATATCGGC,0,4616169
ybeDp,0.3333333333333333,2,2,CGTGGAATGAAGGTGCTCCT,0,4608025
ybeDp,0.3333333333333333,2,2,CGTGAAGCGGAGCTTCCCAC,0,4643569
ybeDp,0.3333333333333333,2,2,CGTCTTTGGTTTTGAAGCCA,0,4680931
ybeDp,0.3333333333333333,2,2,CGTCTTCTCCATCGGTTGCG,0,4661598
ybeDp,0.3333333333333333,2,2,CGTCTGGGCGTGTCCAGTGG,0,4653418
ybeDp,0.3333333333333333,2,2,CGTCTCCCTTCAAAACCACA,0,4630208
ybeDp,0.3333333333333333,2,2,CGTCTCCATCGTCGAACGTA,0,4607588
ybeDp,0.3333333333333333,2,2,CGTCTAGCACGTTGTCACTT,0,4649384
ybeDp,0.3333333333333333,2,2,CGTCGGTATTTAGATGCTTC,0,4613611
ybeDp,0.3333333333333333,2,2,CGTCGAGCTCTGATCTTGTT,0,4677341
ybeDp,0.3333333333333333,2,2,CGTCCGATGAGAGGAGGATA,0,4659128
ybeDp,0.3333333333333333,2,2,CGTCCAATCGAAGCGAACCT,0,4651907
ybeDp,0.3333333333333333,2,2,CGTCAATACTCGCGCCCCTG,0,4605232
ybeDp,0.3333333333333333,2,2,CGTATAGTATGTGTACTCTT,0,4607900
ybeDp,0.3333333333333333,2,2,CGTAGTGTTGGTGGGTCGCA,0,4643799
ybeDp,0.3333333333333333,2,2,CGTACAAGGGTCCTGGCGAT,0,4677877
ybeDp,0.3333333333333333,2,2,CGTAATGAATAATTTATTTG,0,4655064
ybeDp,0.3333333333333333,2,2,CGTAATCGGCATGTGCCCTT,0,4601053
ybeDp,0.3333333333333333,2,2,CGTAACTCTGCGGGATTGCC,0,4650962
ybeDp,0.3333333333333333,2,2,CGTAAACAATGGTTTCGAGC,0,4674109
ybeDp,0.3333333333333333,2,2,CGGTTGGTCAGGCCACGTTC,0,4616026
ybeDp,0.3333333333333333,2,2,CGGTTCGAAGCACGACAGTC,0,4670659
ybeDp,0.3333333333333333,2,2,CGGTTCGAAATATAAGCTGC,0,4650864
ybeDp,0.3333333333333333,2,2,CGGTTCCAGCTCCGTGAGTG,0,4614364
ybeDp,0.3333333333333333,2,2,CGGTTACTCTATTTGCTGTG,0,4626107
ybeDp,0.3333333333333333,2,2,CGGTGGTACGTTCTATTCCA,0,4631729
ybeDp,0.3333333333333333,2,2,CGGTCAGTTCGTGCGATTAT,0,4684035
ybeDp,0.3333333333333333,2,2,CGGTAGTCGCGTCCAGCCCT,0,4611642
ybeDp,0.3333333333333333,2,2,CGGTAATAAGTAGTTGAGTG,0,4621029
ybeDp,0.3333333333333333,2,2,CGGGTTTGGGCGCGGGGTAA,0,4623390
ybeDp,0.3333333333333333,2,2,CGGGGTCAAGTGGGAACGGG,0,4625386
ybeDp,0.3333333333333333,2,2,CGGGGGTTATGCTCAAACTA,0,4616161
ybeDp,0.3333333333333333,2,2,CGGGGGCCTACTACCTTAAC,0,4684792
ybeDp,0.3333333333333333,2,2,CGGGGCACTCCTTTCAGCAG,0,4613058
ybeDp,0.3333333333333333,2,2,CGGGGCAACTTACATTGGTG,0,4627014
ybeDp,0.3333333333333333,2,2,CGGGGCAACCAGTTCTTAGC,0,4642269
ybeDp,0.3333333333333333,2,2,CGGGCTTGCTCTTCGGTAAC,0,4625603
ybeDp,0.3333333333333333,2,2,CGGGCTTCAGTCTGACTCCT,0,4605418
ybeDp,0.3333333333333333,2,2,CGGGCCAAAGGGCCGAGGGC,0,4659174
ybeDp,0.3333333333333333,2,2,CGGGCATTGGAACGCTATAC,0,4625644
ybeDp,0.3333333333333333,2,2,CGGGATTAACTTTAGTTCAA,0,4656129
ybeDp,0.3333333333333333,2,2,CGGCTTTTCTTACGGACCCT,0,4677670
ybeDp,0.3333333333333333,2,2,CGGCTCATAATTACTGGTCA,0,4637667
ybeDp,0.3333333333333333,2,2,CGGCGTTTCCTATTGGAATC,0,4652595
ybeDp,0.3333333333333333,2,2,CGGCGGATAGGGAAACCTGA,0,4655965
ybeDp,0.3333333333333333,2,2,CGGCGAGGCTCTCCCCACAT,0,4686388
ybeDp,0.3333333333333333,2,2,CGGCGAGCTAAGCGATGTAT,0,4638573
ybeDp,0.3333333333333333,2,2,CGGCCGCCCCTTGTACAGCT,0,4668500
ybeDp,0.3333333333333333,2,2,CGGCAGGAGACCGTACTCCG,0,4641203
ybeDp,0.3333333333333333,2,2,CGGCACGTATTCTGCGACGG,0,4615743
ybeDp,0.3333333333333333,2,2,CGGCACAAGTAACGTACCCC,0,4633708
ybeDp,0.3333333333333333,2,2,CGGCAAGCGCTTCTCTTGGG,0,4680337
ybeDp,0.3333333333333333,2,2,CGGCAACACTATAAAGGCCA,0,4628124
ybeDp,0.3333333333333333,2,2,CGGAGGCGAGTATTCTAGTA,0,4641985
ybeDp,0.3333333333333333,2,2,CGGACCGTCATCAGATCACG,0,4673934
ybeDp,0.3333333333333333,2,2,CGGAATGTAATTCGGATAAT,0,4681031
ybeDp,0.3333333333333333,2,2,CGGAAGCAGGCTATGCAGCA,0,4631816
ybeDp,0.3333333333333333,2,2,CGCTTTGGCAAGTACCGGGA,0,4663346
ybeDp,0.3333333333333333,2,2,CGCTTCGTATCAGGATGGGC,0,4623581
ybeDp,0.3333333333333333,2,2,CGCTGCATTCTCGCTGAGCA,0,4622361
ybeDp,0.3333333333333333,2,2,CGCTAAGGAGACAAGTTTCC,0,4656320
ybeDp,0.3333333333333333,2,2,CGCGTTAGGCAACATCCGAT,0,4623760
ybeDp,0.3333333333333333,2,2,CGCGTGGTCCCCGAAACCGT,0,4666235
ybeDp,0.3333333333333333,2,2,CGCGGTGAAACTGTATGCTT,0,4666400
ybeDp,0.3333333333333333,2,2,CGCGGGCAGTGAGCCCTCCT,0,4663471
ybeDp,0.3333333333333333,2,2,CGCGCTTATTTCACAGGCTT,0,4659561
ybeDp,0.3333333333333333,2,2,CGCGCGAGTCTATTCGTATT,0,4679211
ybeDp,0.3333333333333333,2,2,CGCGCCATCAGGCTGATGTG,0,4677132
ybeDp,0.3333333333333333,2,2,CGCGAGCCGTGATCATGGAC,0,4663307
ybeDp,0.3333333333333333,2,2,CGCCTCTGGGCGGTCATATG,0,4653440
ybeDp,0.3333333333333333,2,2,CGCCGGAGCAAAAGCCAGCA,0,4622172
ybeDp,0.3333333333333333,2,2,CGCCGGACGAGCGTTGAACG,0,4642040
ybeDp,0.3333333333333333,2,2,CGCCCTCCAGCTATCTTTTG,0,4660248
ybeDp,0.3333333333333333,2,2,CGCCCGGATTAGAGGGTTTG,0,4617980
ybeDp,0.3333333333333333,2,2,CGCCCCCACCCTCAGTGACC,0,4615238
ybeDp,0.3333333333333333,2,2,CGCCCAGCATTATACGTCTC,0,4636221
ybeDp,0.3333333333333333,2,2,CGCCCAAATTGCGCCCCGCT,0,4681394
ybeDp,0.3333333333333333,2,2,CGCAGCGCCCCTCCATACTC,0,4663789
ybeDp,0.3333333333333333,2,2,CGCACGGTGTATGGGAGGAA,0,4642351
ybeDp,0.3333333333333333,2,2,CGCACAGGTGAGTCGTCGGC,0,4626987
ybeDp,0.3333333333333333,2,2,CGCAATCTACGTAGAAAAGT,0,4636901
ybeDp,0.3333333333333333,2,2,CGCAACTTACACAATGCTCT,0,4674521
ybeDp,0.3333333333333333,2,2,CGATTTGCCCTACTTAAGCA,0,4677094
ybeDp,0.3333333333333333,2,2,CGATTCGATACACCCTGGGG,0,4620425
ybeDp,0.3333333333333333,2,2,CGATTACCACGGCTTGGTAT,0,4681653
ybeDp,0.3333333333333333,2,2,CGATGTTATCACCTTTCTTG,0,4674627
ybeDp,0.3333333333333333,2,2,CGATGGCAAAGCTAGCTGAT,0,4669679
ybeDp,0.3333333333333333,2,2,CGATGACATCTTGCCTAGTG,0,4616803
ybeDp,0.3333333333333333,2,2,CGATATATAGAGGTAGCATT,0,4657295
ybeDp,0.3333333333333333,2,2,CGAGTTACGCATCTTTGTAC,0,4679711
ybeDp,0.3333333333333333,2,2,CGAGTGCTCATCCGTCGTTA,0,4646807
ybeDp,0.3333333333333333,2,2,CGAGTCCAAGTATTCGGTGC,0,4682451
ybeDp,0.3333333333333333,2,2,CGAGTCAGCCACTTTTACTA,0,4634752
ybeDp,0.3333333333333333,2,2,CGAGTATTGTCACGTAATTT,0,4684784
ybeDp,0.3333333333333333,2,2,CGAGTATCATAGACCTTCAG,0,4680129
ybeDp,0.3333333333333333,2,2,CGAGGTAAGTTCAAATTTAA,0,4666441
ybeDp,0.3333333333333333,2,2,CGAGGCGGGGGCACTAGAAG,0,4645080
ybeDp,0.3333333333333333,2,2,CGAGCTTGATGCTTCCACTC,0,4616257
ybeDp,0.3333333333333333,2,2,CGAGCATTAGGAGGCTCCAG,0,4602013
ybeDp,0.3333333333333333,2,2,CGAGACTTCATGACCGAACA,0,4613445
ybeDp,0.3333333333333333,2,2,CGAGACATCCTGGCCCTCTG,0,4625035
ybeDp,0.3333333333333333,2,2,CGAGAATGTGAAGCGTAAAG,0,4604469
ybeDp,0.3333333333333333,2,2,CGACTCAGCAGCCATCGGGA,0,4647031
ybeDp,0.3333333333333333,2,2,CGACGGCCGGGGTGGCGCAG,0,4648827
ybeDp,0.3333333333333333,2,2,CGACGCGACTATTCTCCGTC,0,4653811
ybeDp,0.3333333333333333,2,2,CGACGAGGAAAAAGAGATTA,0,4651058
ybeDp,0.3333333333333333,2,2,CGACCTGAGTGACGGGACGG,0,4652141
ybeDp,0.3333333333333333,2,2,CGACCGTCGCCGCAAGTCCC,0,4639656
ybeDp,0.3333333333333333,2,2,CGACCGTAGGACCCAGCCCT,0,4622709
ybeDp,0.3333333333333333,2,2,CGACCCTTTGTTGGTTAGGT,0,4614592
ybeDp,0.3333333333333333,2,2,CGACCCGCTGTCATGATTGT,0,4659780
ybeDp,0.3333333333333333,2,2,CGACAGGTAATCCCCACAGG,0,4621853
ybeDp,0.3333333333333333,2,2,CGACAGGACGAGTCGTGCTT,0,4672188
ybeDp,0.3333333333333333,2,2,CGACACTTCTACGGGTGTTT,0,4606855
ybeDp,0.3333333333333333,2,2,CGACACAGCTGCGGCCCAAT,0,4682415
ybeDp,0.3333333333333333,2,2,CGAAGTCCAATGCTGAGGCC,0,4651212
ybeDp,0.3333333333333333,2,2,CGAAGGGTTTCGCTAGCTGG,0,4605231
ybeDp,0.3333333333333333,2,2,CGAACTTGCGATTATTAAGT,0,4620541
ybeDp,0.3333333333333333,2,2,CGAAATTGTCGTGCGTCTGG,0,4610372
ybeDp,0.3333333333333333,2,2,CGAAATAGTCTGACCACCTT,0,4687970
ybeDp,0.3333333333333333,2,2,CCTTTCGGTTCGAATACATG,0,4627349
ybeDp,0.3333333333333333,2,2,CCTTGTGTTACTTTAGCCGA,0,4606233
ybeDp,0.3333333333333333,2,2,CCTTGCGTTGAGCGTCCAAT,0,4686742
ybeDp,0.3333333333333333,2,2,CCTTCTAATATTTAATGGCC,0,4611972
ybeDp,0.3333333333333333,2,2,CCTTCCACCAGATGAGTATT,0,4605544
ybeDp,0.3333333333333333,2,2,CCTTCAACGGTGCTGCTCGA,0,4642281
ybeDp,0.3333333333333333,2,2,CCTTAGGGCACCTAGGTTGT,0,4682250
ybeDp,0.3333333333333333,2,2,CCTTAACGAATATCGCGGTG,0,4668498
ybeDp,0.3333333333333333,2,2,CCTGTGTGGAAGTTAGTTGC,0,4649170
ybeDp,0.3333333333333333,2,2,CCTGTGGGTGTGCCAGCATA,0,4625300
ybeDp,0.3333333333333333,2,2,CCTGGCGGCGCTCAAAACAG,0,4668268
ybeDp,0.3333333333333333,2,2,CCTGATCGATCGGGCAAGTG,0,4673571
ybeDp,0.3333333333333333,2,2,CCTGAGACAGTGTTGGTTAA,0,4665093
ybeDp,0.3333333333333333,2,2,CCTGACTAAATACGTTACGG,0,4647134
ybeDp,0.3333333333333333,2,2,CCTCTTTTTGACACGCGCAG,0,4655830
ybeDp,0.3333333333333333,2,2,CCTCCGGACGTACAAGCCAG,0,4613521
ybeDp,0.3333333333333333,2,2,CCTCCCGTAGGCCTCACCAC,0,4629774
ybeDp,0.3333333333333333,2,2,CCTCACGGCCTTTTGGGGGC,0,4660920
ybeDp,0.3333333333333333,2,2,CCTCAAAGAATTGCGAATTG,0,4636400
ybeDp,0.3333333333333333,2,2,CCTATAATGGCATTACGTAC,0,4614258
ybeDp,0.3333333333333333,2,2,CCTAAGTGGGATATAACGTC,0,4606494
ybeDp,0.3333333333333333,2,2,CCTAACTGCAACAAATTAGG,0,4601977
ybeDp,0.3333333333333333,2,2,CCTAACATGTACTCCAGCGT,0,4678486
ybeDp,0.3333333333333333,2,2,CCGTTTGTTTGTATCCGGAA,0,4684302
ybeDp,0.3333333333333333,2,2,CCGTGTGTGGACGGTGTGTT,0,4626947
ybeDp,0.3333333333333333,2,2,CCGTGGTGAAGAATTTGCCG,0,4672332
ybeDp,0.3333333333333333,2,2,CCGTGGGTCAATACCTACCA,0,4661592
ybeDp,0.3333333333333333,2,2,CCGTGGCTTCGGGCTAACGC,0,4600770
ybeDp,0.3333333333333333,2,2,CCGTGAGAGTGGTGGCCCGT,0,4678108
ybeDp,0.3333333333333333,2,2,CCGTCGTGGTTTGTATGCCA,0,4635706
ybeDp,0.3333333333333333,2,2,CCGTATTATGCAGCTCTTAT,0,4678619
ybeDp,0.3333333333333333,2,2,CCGTACTCCAACTTGGCACA,0,4639780
ybeDp,0.3333333333333333,2,2,CCGTAAGTATATTCACGCGT,0,4617655
ybeDp,0.3333333333333333,2,2,CCGGTTATTTCTAGATGAGA,0,4636285
ybeDp,0.3333333333333333,2,2,CCGGTGGTGTCTTCGGCGCG,0,4645923
ybeDp,0.3333333333333333,2,2,CCGGTCAAAGTGGCGGATCA,0,4610365
ybeDp,0.3333333333333333,2,2,CCGGTAGCTTGCGGGATGGT,0,4601919
ybeDp,0.3333333333333333,2,2,CCGGTACATGAGGCCGCGGG,0,4619293
ybeDp,0.3333333333333333,2,2,CCGGTACACCTCTGTGAAGA,0,4662036
ybeDp,0.3333333333333333,2,2,CCGGGGGTTAGTATTAAATG,0,4605541
ybeDp,0.3333333333333333,2,2,CCGGGAGCCTCGCTTTTTAA,0,4606534
ybeDp,0.3333333333333333,2,2,CCGGCACCGTGGTTCAGCGA,0,4648383
ybeDp,0.3333333333333333,2,2,CCGGAGATGGGAGATAACGT,0,4644394
ybeDp,0.3333333333333333,2,2,CCGGACCGTAAAGACTCCCA,0,4625263
ybeDp,0.3333333333333333,2,2,CCGGAACTTCCCGGTAGGGT,0,4607610
ybeDp,0.3333333333333333,2,2,CCGGAAAATATCGGGTTATG,0,4641072
ybeDp,0.3333333333333333,2,2,CCGCTTTAACCAACTTCGTT,0,4641828
ybeDp,0.3333333333333333,2,2,CCGCTTGTTTATCGTGCGGT,0,4638262
ybeDp,0.3333333333333333,2,2,CCGCTAAAAACCTGCCCGTC,0,4606671
ybeDp,0.3333333333333333,2,2,CCGCGTGACTGATGAAGCAT,0,4660028
ybeDp,0.3333333333333333,2,2,CCGCGGGCTCCCGCTGGCGA,0,4686998
ybeDp,0.3333333333333333,2,2,CCGCCCTTTAATCTTGAAGG,0,4633908
ybeDp,0.3333333333333333,2,2,CCGCAATCTGCACTTCCTTT,0,4606796
ybeDp,0.3333333333333333,2,2,CCGCAACGGTCGATGACCGC,0,4648776
ybeDp,0.3333333333333333,2,2,CCGATTAGATTTACTGTACC,0,4634178
ybeDp,0.3333333333333333,2,2,CCGATGGCGGGGAATGTATA,0,4636314
ybeDp,0.3333333333333333,2,2,CCGATGGCCAACGAGCCATT,0,4602091
ybeDp,0.3333333333333333,2,2,CCGAGATAAACGTCGCAGAG,0,4654918
ybeDp,0.3333333333333333,2,2,CCGACATACACCGTAAGGGC,0,4657085
ybeDp,0.3333333333333333,2,2,CCGAAGCTGAATGTTCCGGA,0,4678250
ybeDp,0.3333333333333333,2,2,CCGAAAGCTTCCTAATCTCT,0,4658706
ybeDp,0.3333333333333333,2,2,CCGAAACAATAGAAAAGACT,0,4687084
ybeDp,0.3333333333333333,2,2,CCCTTTGTATGCTGTTCCGA,0,4668147
ybeDp,0.3333333333333333,2,2,CCCTTGGTTTAGCAGGGCCA,0,4673721
ybeDp,0.3333333333333333,2,2,CCCTTGGTTGCCGTGCCCGA,0,4632940
ybeDp,0.3333333333333333,2,2,CCCTTCCGTCCGTGTGAAGC,0,4623328
ybeDp,0.3333333333333333,2,2,CCCTGGGCTTCGCGTCCTAT,0,4658402
ybeDp,0.3333333333333333,2,2,CCCTGGCGTTTCTCTGACCC,0,4636180
ybeDp,0.3333333333333333,2,2,CCCTGCATCTCACGGAACTC,0,4640838
ybeDp,0.3333333333333333,2,2,CCCTGAACTGGAACGGTAAT,0,4687363
ybeDp,0.3333333333333333,2,2,CCCTCGATATAGATCCCGGC,0,4662577
ybeDp,0.3333333333333333,2,2,CCCTCAGTTCTCACGTTCCC,0,4652444
ybeDp,0.3333333333333333,2,2,CCCTCAATGTTGTTAGAATG,0,4611119
ybeDp,0.3333333333333333,2,2,CCCGGCTACTCGGCCCTTGG,0,4656321
ybeDp,0.3333333333333333,2,2,CCCGGATCATTTGCGGAGAG,0,4641207
ybeDp,0.3333333333333333,2,2,CCCGGAGGTAAAGGCTTATA,0,4673019
ybeDp,0.3333333333333333,2,2,CCCGCGTGACGAAAGCAAGA,0,4679041
ybeDp,0.3333333333333333,2,2,CCCGAGAGCCGTACGCTACC,0,4622812
ybeDp,0.3333333333333333,2,2,CCCCTACTACGAACATTACT,0,4671275
ybeDp,0.3333333333333333,2,2,CCCCGTCGTGTCGGCACCAA,0,4626130
ybeDp,0.3333333333333333,2,2,CCCCGTAGTTGTCTTAATCA,0,4617527
ybeDp,0.3333333333333333,2,2,CCCCGGCAATTTTATACTTG,0,4658989
ybeDp,0.3333333333333333,2,2,CCCCGGCAATGGACGGCACA,0,4628354
ybeDp,0.3333333333333333,2,2,CCCCCTCTAGCCGATCCAAT,0,4647260
ybeDp,0.3333333333333333,2,2,CCCCCGGATTGGATCTAGAG,0,4661706
ybeDp,0.3333333333333333,2,2,CCCCAAAATATGTGGCGAGG,0,4620582
ybeDp,0.3333333333333333,2,2,CCCATGTGGTGGATAATGGC,0,4624130
ybeDp,0.3333333333333333,2,2,CCCAGTAGGGATCTAACTAT,0,4664647
ybeDp,0.3333333333333333,2,2,CCCAGATTTGGTCAAGTCCG,0,4671883
ybeDp,0.3333333333333333,2,2,CCCAATCTTGAATGTGTTAT,0,4639329
ybeDp,0.3333333333333333,2,2,CCCAACTTTTATAAGTAGTT,0,4661363
ybeDp,0.3333333333333333,2,2,CCATTTTAATCCCTAGAGCA,0,4648828
ybeDp,0.3333333333333333,2,2,CCATTTCGATCTGAAATACT,0,4654203
ybeDp,0.3333333333333333,2,2,CCATTAATTCTGATAATTTC,0,4653745
ybeDp,0.3333333333333333,2,2,CCATTAATCATTCCTCACCC,0,4662140
ybeDp,0.3333333333333333,2,2,CCATGGGAAATGCTTTACGG,0,4677303
ybeDp,0.3333333333333333,2,2,CCATGCTGTCACGGGATGAT,0,4643017
ybeDp,0.3333333333333333,2,2,CCATGCCATTCCCGGATTGT,0,4681160
ybeDp,0.3333333333333333,2,2,CCATGATACGGCGGGGCGTA,0,4638245
ybeDp,0.3333333333333333,2,2,CCATCTGGCGCACTAAGTCC,0,4649217
ybeDp,0.3333333333333333,2,2,CCATCGGTCGGTAGGCTCAT,0,4687145
ybeDp,0.3333333333333333,2,2,CCATCCATGCAGACCCCGCT,0,4674526
ybeDp,0.3333333333333333,2,2,CCATCACAACCCCTCTCTCC,0,4601750
ybeDp,0.3333333333333333,2,2,CCATACCCATGGCAGGCATA,0,4653859
ybeDp,0.3333333333333333,2,2,CCAGTCGTGTAGATGATGTC,0,4619648
ybeDp,0.3333333333333333,2,2,CCAGTCCTCGTGGCAGACGG,0,4646560
ybeDp,0.3333333333333333,2,2,CCAGGTTCTAAAGCGTAAGA,0,4667880
ybeDp,0.3333333333333333,2,2,CCAGGTAAGCGTACTCCAAA,0,4614703
ybeDp,0.3333333333333333,2,2,CCAGGAGTGTGTAATACCAC,0,4657753
ybeDp,0.3333333333333333,2,2,CCAGATGTCCCGGTTGAGCC,0,4647316
ybeDp,0.3333333333333333,2,2,CCAGAATGTTGGACGTCAAA,0,4620960
ybeDp,0.3333333333333333,2,2,CCACTTTTTAGCCCCTGCTG,0,4600874
ybeDp,0.3333333333333333,2,2,CCACTTGTCATGCTTCGTAA,0,4646775
ybeDp,0.3333333333333333,2,2,CCACTGAGGCATTAAGGCAG,0,4667887
ybeDp,0.3333333333333333,2,2,CCACGGCACATCGTTAAACC,0,4675660
ybeDp,0.3333333333333333,2,2,CCACGATTAGGATTACAGGA,0,4657832
ybeDp,0.3333333333333333,2,2,CCACCGAGAACCCTCCACAG,0,4628125
ybeDp,0.3333333333333333,2,2,CCACACAAATCCCAGGTCAT,0,4653794
ybeDp,0.3333333333333333,2,2,CCAATTCCCTTGACTTTTGA,0,4622263
ybeDp,0.3333333333333333,2,2,CCAATGAAGTATTCCACAGC,0,4617339
ybeDp,0.3333333333333333,2,2,CCAAGATACACCCAAAATCC,0,4645071
ybeDp,0.3333333333333333,2,2,CCAAGACCGATTCTGGAAGA,0,4644233
ybeDp,0.3333333333333333,2,2,CCAACTGAATAAACCCTCGG,0,4617347
ybeDp,0.3333333333333333,2,2,CCAACGGACAACATAACCAG,0,4618578
ybeDp,0.3333333333333333,2,2,CCAAAGCGAAAAGTAGCCGA,0,4640945
ybeDp,0.3333333333333333,2,2,CCAAAACCAGAGTCTTTAAC,0,4629363
ybeDp,0.3333333333333333,2,2,CCAAAAACGGGTTGACGGCC,0,4668390
ybeDp,0.3333333333333333,2,2,CATTTCTGGTACAGACGGCA,0,4659490
ybeDp,0.3333333333333333,2,2,CATTTAGTTGCAGGTTACTA,0,4665108
ybeDp,0.3333333333333333,2,2,CATTGGCGCAAGTTGCAAGA,0,4612722
ybeDp,0.3333333333333333,2,2,CATTGGCAATTTTGAGATGG,0,4605383
ybeDp,0.3333333333333333,2,2,CATTGCTCCGTATATCTGCC,0,4627246
ybeDp,0.3333333333333333,2,2,CATTCTTATGTGGCTATCCA,0,4606726
ybeDp,0.3333333333333333,2,2,CATTCGCGGTAAGAACTTGT,0,4652149
ybeDp,0.3333333333333333,2,2,CATTCAGTGTCGGGCCAAGC,0,4649549
ybeDp,0.3333333333333333,2,2,CATTCACTCCATTGCCTAAT,0,4620193
ybeDp,0.3333333333333333,2,2,CATGGGGATATTAACTCTTG,0,4677508
ybeDp,0.3333333333333333,2,2,CATGGCATGGTCGCTTACGC,0,4684007
ybeDp,0.3333333333333333,2,2,CATGGATTGAATGTGGTCTG,0,4682986
ybeDp,0.3333333333333333,2,2,CATGCGTAAGGCAGACCGGT,0,4647180
ybeDp,0.3333333333333333,2,2,CATGCGCAAATAATAAAAAT,0,4658618
ybeDp,0.3333333333333333,2,2,CATGCCTCAAACGTAATATC,0,4643006
ybeDp,0.3333333333333333,2,2,CATGCCGCCTTTTACTGGGA,0,4607917
ybeDp,0.3333333333333333,2,2,CATGATATTCTGTGCAGTGG,0,4606338
ybeDp,0.3333333333333333,2,2,CATGAGCGGCCTGCTCGGGA,0,4656964
ybeDp,0.3333333333333333,2,2,CATGACTCAGTGAATCTATA,0,4627594
ybeDp,0.3333333333333333,2,2,CATCTCTTTCGGTGGGTATA,0,4623116
ybeDp,0.3333333333333333,2,2,CATCTCTAGCCTACTGCACG,0,4604856
ybeDp,0.3333333333333333,2,2,CATCGTAAAACCCAGTGATT,0,4623030
ybeDp,0.3333333333333333,2,2,CATCGGCTGCAAGAGGCGTT,0,4651411
ybeDp,0.3333333333333333,2,2,CATCCTTGGTCCAATGGTCG,0,4647248
ybeDp,0.3333333333333333,2,2,CATCATAGTTAAGTTAAGTC,0,4679193
ybeDp,0.3333333333333333,2,2,CATCATACGTTTGTAATGCA,0,4620664
ybeDp,0.3333333333333333,2,2,CATAGTCGGGTACGCATTAG,0,4616978
ybeDp,0.3333333333333333,2,2,CATAGTAAGGTGACAATTTG,0,4676354
ybeDp,0.3333333333333333,2,2,CATAGCGATCGGGGATTGGT,0,4647598
ybeDp,0.3333333333333333,2,2,CATAGAATCCCTCGGGGTTT,0,4617908
ybeDp,0.3333333333333333,2,2,CATACCAGGAATGCCAAAGT,0,4603794
ybeDp,0.3333333333333333,2,2,CATACATACAGTAGCGATGG,0,4686853
ybeDp,0.3333333333333333,2,2,CAGTTGTAGTGTGTCGGCGG,0,4652493
ybeDp,0.3333333333333333,2,2,CAGTTGCTCATTTACGTCAA,0,4651912
ybeDp,0.3333333333333333,2,2,CAGTTAGTTACCCGCCGTAC,0,4620529
ybeDp,0.3333333333333333,2,2,CAGTGTTGGTGGGATGCCCC,0,4682449
ybeDp,0.3333333333333333,2,2,CAGTCGATTGATGAAAGCTT,0,4675766
ybeDp,0.3333333333333333,2,2,CAGTCCGTCACTACCAGCCA,0,4616023
ybeDp,0.3333333333333333,2,2,CAGGTTGAGTGCTTAGACGA,0,4638914
ybeDp,0.3333333333333333,2,2,CAGGTTCGAGGATGCTAGAA,0,4656397
ybeDp,0.3333333333333333,2,2,CAGGTCCGCAATGCGCAGAT,0,4638686
ybeDp,0.3333333333333333,2,2,CAGGTATCGGTTTGGGCCGC,0,4662477
ybeDp,0.3333333333333333,2,2,CAGGTACCTGTCCAGTTTTG,0,4624883
ybeDp,0.3333333333333333,2,2,CAGGGGTACTCTTCTAACTA,0,4623856
ybeDp,0.3333333333333333,2,2,CAGGGACGGTACACCAAACT,0,4624872
ybeDp,0.3333333333333333,2,2,CAGGCGAGAAGGCGAATATC,0,4670493
ybeDp,0.3333333333333333,2,2,CAGGCCCTCCTGAAGCGGTA,0,4662128
ybeDp,0.3333333333333333,2,2,CAGGCCCGTCTTGTTTTCAC,0,4660335
ybeDp,0.3333333333333333,2,2,CAGGCCATACGGACATAGTC,0,4635230
ybeDp,0.3333333333333333,2,2,CAGGCACCGCGTAGCTTAAG,0,4649470
ybeDp,0.3333333333333333,2,2,CAGGCAAGCATTTTCTGAGA,0,4656756
ybeDp,0.3333333333333333,2,2,CAGGATAGACTACGGGAATC,0,4655111
ybeDp,0.3333333333333333,2,2,CAGGACTTGTGCAAGGATAC,0,4676929
ybeDp,0.3333333333333333,2,2,CAGCTTCAGGACTAATTCTG,0,4627500
ybeDp,0.3333333333333333,2,2,CAGCTGCGGGAATGGAAGGT,0,4662408
ybeDp,0.3333333333333333,2,2,CAGCGAGTCTCACACCGGGT,0,4649273
ybeDp,0.3333333333333333,2,2,CAGCAGGTAACTCCCGTGTA,0,4602647
ybeDp,0.3333333333333333,2,2,CAGCAGACGGCCTCGCACCA,0,4631060
ybeDp,0.3333333333333333,2,2,CAGCACATATCTCCTTAATT,0,4604719
ybeDp,0.3333333333333333,2,2,CAGATTAAGCTCAGGTCCTG,0,4659776
ybeDp,0.3333333333333333,2,2,CAGATCTAGGCGACGTTAAT,0,4660572
ybeDp,0.3333333333333333,2,2,CAGATCGCGCTAGGCTGTGT,0,4684967
ybeDp,0.3333333333333333,2,2,CAGATCACTGCCAGGAGTCT,0,4641460
ybeDp,0.3333333333333333,2,2,CAGATAGGGATGCGCACAAG,0,4671871
ybeDp,0.3333333333333333,2,2,CAGATAAGGGCATAATTTCA,0,4611690
ybeDp,0.3333333333333333,2,2,CAGAGACTACCAGTGGTGCA,0,4651747
ybeDp,0.3333333333333333,2,2,CAGACCAGCATTCCAACGTC,0,4628078
ybeDp,0.3333333333333333,2,2,CAGACAGTCAAGGGGTTCCA,0,4666791
ybeDp,0.3333333333333333,2,2,CAGAATCTTAAAGACCATGC,0,4669534
ybeDp,0.3333333333333333,2,2,CAGAATAGTGCTCGAAAGCG,0,4669926
ybeDp,0.3333333333333333,2,2,CAGAACGTCATACTCTATTT,0,4633772
ybeDp,0.3333333333333333,2,2,CAGAAACGGTGTGTAACAGT,0,4635324
ybeDp,0.3333333333333333,2,2,CACTTTCGGTCGCGGGCGCA,0,4615792
ybeDp,0.3333333333333333,2,2,CACTTCGTATTATGCCTAAG,0,4607855
ybeDp,0.3333333333333333,2,2,CACTGTTTCCGACGGAACTA,0,4609082
ybeDp,0.3333333333333333,2,2,CACTGTCACGAAGGGGGCCT,0,4676706
ybeDp,0.3333333333333333,2,2,CACTGGCACTATCGTCTCAA,0,4673894
ybeDp,0.3333333333333333,2,2,CACTGGAGGGGCGTTCTACA,0,4609710
ybeDp,0.3333333333333333,2,2,CACTATTACATCCGATCGGA,0,4637228
ybeDp,0.3333333333333333,2,2,CACGTAGTGTCCGTAATAAT,0,4682650
ybeDp,0.3333333333333333,2,2,CACGGATATCACGGGATCTG,0,4680270
ybeDp,0.3333333333333333,2,2,CACGCGTGGCGATGCATCCC,0,4614914
ybeDp,0.3333333333333333,2,2,CACGCATACGTTGCGTCGTA,0,4601353
ybeDp,0.3333333333333333,2,2,CACGAGGAAAGGGCCGTCTC,0,4665754
ybeDp,0.3333333333333333,2,2,CACCTATAGGAACCGTGTCT,0,4605018
ybeDp,0.3333333333333333,2,2,CACCTACAATTCACCTGTAG,0,4621377
ybeDp,0.3333333333333333,2,2,CACCGCTATTTTTGAAGTGT,0,4640932
ybeDp,0.3333333333333333,2,2,CACCGATCAGAGGACTATGT,0,4602843
ybeDp,0.3333333333333333,2,2,CACCCTGGCAGGCCACCAAG,0,4671417
ybeDp,0.3333333333333333,2,2,CACCATTAGGAAGGTGTCCT,0,4607595
ybeDp,0.3333333333333333,2,2,CACCAGGCTCGTCCGTCGAA,0,4630630
ybeDp,0.3333333333333333,2,2,CACCACGGAAAATGCCTTGT,0,4617228
ybeDp,0.3333333333333333,2,2,CACCAATGTAAACTTACTTT,0,4665198
ybeDp,0.3333333333333333,2,2,CACCAATCAGCGGATCTTAA,0,4610851
ybeDp,0.3333333333333333,2,2,CACAGTAATACAATGCTATC,0,4629711
ybeDp,0.3333333333333333,2,2,CACAGCCATGTCCTGACGGT,0,4631394
ybeDp,0.3333333333333333,2,2,CACAGCACCAGGTGATGGGT,0,4667241
ybeDp,0.3333333333333333,2,2,CACAGACCCCCTGAGGCGTG,0,4622372
ybeDp,0.3333333333333333,2,2,CACACGTTCGAGTTTCTGCA,0,4650696
ybeDp,0.3333333333333333,2,2,CACACCAATAAACACACGGT,0,4601126
ybeDp,0.3333333333333333,2,2,CAATTCATTGCCTGAGACTG,0,4659890
ybeDp,0.3333333333333333,2,2,CAATGGGCGTGCTACAAGTG,0,4605632
ybeDp,0.3333333333333333,2,2,CAATCTATATTATATTAAAG,0,4678124
ybeDp,0.3333333333333333,2,2,CAATCGATTCCCTGTCCGTA,0,4680544
ybeDp,0.3333333333333333,2,2,CAATCCGTTTATCCTAATCT,0,4667867
ybeDp,0.3333333333333333,2,2,CAAGTTTAGGTTATCTGGAT,0,4687925
ybeDp,0.3333333333333333,2,2,CAAGTTGTATTCACTTCGTT,0,4638902
ybeDp,0.3333333333333333,2,2,CAAGTAGGCGACTACCGCCA,0,4679117
ybeDp,0.3333333333333333,2,2,CAAGGCGACATCCGTCATCC,0,4626460
ybeDp,0.3333333333333333,2,2,CAAGGATTACGGAGACATCA,0,4631978
ybeDp,0.3333333333333333,2,2,CAAGCGGGTAATTTGTCCGT,0,4653593
ybeDp,0.3333333333333333,2,2,CAAGCGATTTCTATACCTGC,0,4644402
ybeDp,0.3333333333333333,2,2,CAAGATCGTGATGTTACAAG,0,4685774
ybeDp,0.3333333333333333,2,2,CAACTACACCCGTTGATAGG,0,4670586
ybeDp,0.3333333333333333,2,2,CAACGAATTACGCCTGAGCG,0,4673861
ybeDp,0.3333333333333333,2,2,CAACATGGGAGTCCGTGGCG,0,4632654
ybeDp,0.3333333333333333,2,2,CAACAGTAGGGTCCAGCTGG,0,4671094
ybeDp,0.3333333333333333,2,2,CAACACGTCAAATGAATGAG,0,4637920
ybeDp,0.3333333333333333,2,2,CAACACCGACTGAACGTGTT,0,4615961
ybeDp,0.3333333333333333,2,2,CAAATTCGGCGTTGACCTCG,0,4615362
ybeDp,0.3333333333333333,2,2,CAAAGGGTCATGGCTCATAC,0,4668055
ybeDp,0.3333333333333333,2,2,CAAACTGATAACACTATTCG,0,4674753
ybeDp,0.3333333333333333,2,2,CAAAAGGCGTGTGTTCCAGG,0,4678312
ybeDp,0.3333333333333333,2,2,ATTTTTCTTTTCCCCGCTCC,0,4668856
ybeDp,0.3333333333333333,2,2,ATTTTTATAAGGCCTCGACC,0,4657555
ybeDp,0.3333333333333333,2,2,ATTTCTCTGCCCCCGGGCCA,0,4604402
ybeDp,0.3333333333333333,2,2,ATTTCTACGCACAAGCCCCG,0,4631396
ybeDp,0.3333333333333333,2,2,ATTTCGCATCACCGTTTCTA,0,4667942
ybeDp,0.3333333333333333,2,2,ATTTAAGAGTTGTGTAAAGA,0,4618026
ybeDp,0.3333333333333333,2,2,ATTGTTAATCAGGCCAGCTT,0,4650598
ybeDp,0.3333333333333333,2,2,ATTGTGGCCACCACCTAGGC,0,4686349
ybeDp,0.3333333333333333,2,2,ATTGTATAAGGCCACTCCCT,0,4652528
ybeDp,0.3333333333333333,2,2,ATTGTAGTTGTCCGAGATGT,0,4627875
ybeDp,0.3333333333333333,2,2,ATTGGGTGGCGGAAAATAGT,0,4664307
ybeDp,0.3333333333333333,2,2,ATTGGGGGGCGTTATTTAAA,0,4660587
ybeDp,0.3333333333333333,2,2,ATTGCTATTGCACAACTATG,0,4621103
ybeDp,0.3333333333333333,2,2,ATTGCCCGCATTGGTCAGAT,0,4659530
ybeDp,0.3333333333333333,2,2,ATTGCAAAGATGGGTTTGGG,0,4682506
ybeDp,0.3333333333333333,2,2,ATTGATAGCAGACACCGGCG,0,4659417
ybeDp,0.3333333333333333,2,2,ATTGAATTGGGCTCATGGGT,0,4657803
ybeDp,0.3333333333333333,2,2,ATTCTGTGTCTAGTCGATGG,0,4652466
ybeDp,0.3333333333333333,2,2,ATTCTAGGCAGTGCATAGAC,0,4606467
ybeDp,0.3333333333333333,2,2,ATTCCGGACGCCCGGCAGTA,0,4649188
ybeDp,0.3333333333333333,2,2,ATTCCATTAAGCCAATGCCG,0,4629350
ybeDp,0.3333333333333333,2,2,ATTCACGCGCGAAACTTTTC,0,4616133
ybeDp,0.3333333333333333,2,2,ATTCACAACTTTCGACATTA,0,4643775
ybeDp,0.3333333333333333,2,2,ATTATTGTCATTGAGTCTCG,0,4637484
ybeDp,0.3333333333333333,2,2,ATTATAGAATGTGATTGTTT,0,4617027
ybeDp,0.3333333333333333,2,2,ATTATAACTAGATCACTATA,0,4680916
ybeDp,0.3333333333333333,2,2,ATTATAAAGAAGTAATGTAC,0,4605441
ybeDp,0.3333333333333333,2,2,ATTAGTTCCCTTGATAAAGT,0,4637459
ybeDp,0.3333333333333333,2,2,ATTAGTTCAGTTATGACGTA,0,4644295
ybeDp,0.3333333333333333,2,2,ATTAGCGGGATCATGGCTAT,0,4623705
ybeDp,0.3333333333333333,2,2,ATTAGCGGCGTCGATTTCAC,0,4643207
ybeDp,0.3333333333333333,2,2,ATTAGCCCTGACAGGTGACT,0,4641252
ybeDp,0.3333333333333333,2,2,ATTAGATTTCGAGCCAGCCC,0,4621984
ybeDp,0.3333333333333333,2,2,ATTACTTTAAATCCTCACCG,0,4614770
ybeDp,0.3333333333333333,2,2,ATTAATGGACGCTAAGCCAA,0,4624639
ybeDp,0.3333333333333333,2,2,ATTAAGGCGGGAGTGTCTCT,0,4650489
ybeDp,0.3333333333333333,2,2,ATGTTGTGATAAAAAACCTG,0,4628509
ybeDp,0.3333333333333333,2,2,ATGTTGTAGCACGCTTACAC,0,4606934
ybeDp,0.3333333333333333,2,2,ATGTTCACTGGACGACGGTA,0,4667363
ybeDp,0.3333333333333333,2,2,ATGTGTCAGCATTCTACTTC,0,4617117
ybeDp,0.3333333333333333,2,2,ATGTGCTAAGTCTAGCAACC,0,4676596
ybeDp,0.3333333333333333,2,2,ATGTGCCTCTAACTTCTACA,0,4620733
ybeDp,0.3333333333333333,2,2,ATGTCGCGAGTATTCCCGGT,0,4640503
ybeDp,0.3333333333333333,2,2,ATGTCATCATGTGATAGGCG,0,4621126
ybeDp,0.3333333333333333,2,2,ATGTCACTAGATAATGAAAT,0,4666644
ybeDp,0.3333333333333333,2,2,ATGTATACCCGCTGGTTCGA,0,4663896
ybeDp,0.3333333333333333,2,2,ATGTAGGGAATCTATTTGGC,0,4605251
ybeDp,0.3333333333333333,2,2,ATGTACCAGCCGAGGCAGTT,0,4658569
ybeDp,0.3333333333333333,2,2,ATGGTGGGGTCGCGAGGCAA,0,4672576
ybeDp,0.3333333333333333,2,2,ATGGGTGCGTAATATTTTCG,0,4653038
ybeDp,0.3333333333333333,2,2,ATGGGTACGCCGCTCATGGG,0,4671358
ybeDp,0.3333333333333333,2,2,ATGGGGCTTAGCGGAGAAAC,0,4606662
ybeDp,0.3333333333333333,2,2,ATGGCGAGACCTGGCTTAGA,0,4609540
ybeDp,0.3333333333333333,2,2,ATGGCCTTTTATATCGGTAA,0,4637660
ybeDp,0.3333333333333333,2,2,ATGGCCTACACGGGGAACAT,0,4652266
ybeDp,0.3333333333333333,2,2,ATGGCAACTTTCGAAAACTT,0,4655728
ybeDp,0.3333333333333333,2,2,ATGGAGTAGTCCCCTGAATA,0,4638647
ybeDp,0.3333333333333333,2,2,ATGGACTGCCTATCTCTGAG,0,4680333
ybeDp,0.3333333333333333,2,2,ATGGACGAGTCGCCATTGCG,0,4684327
ybeDp,0.3333333333333333,2,2,ATGCTTCGTTGGCATTACTA,0,4631772
ybeDp,0.3333333333333333,2,2,ATGCTTCGTGCACTGGGCAA,0,4687964
ybeDp,0.3333333333333333,2,2,ATGCGATCCCGACAGCGGCT,0,4632672
ybeDp,0.3333333333333333,2,2,ATGCCTGGAATCAATCACTG,0,4635883
ybeDp,0.3333333333333333,2,2,ATGCCTAGAGGGGAGCTTCT,0,4646331
ybeDp,0.3333333333333333,2,2,ATGCCGTGCTATTGGACCGC,0,4666823
ybeDp,0.3333333333333333,2,2,ATGCCGGGGGATTTGGTCCT,0,4620088
ybeDp,0.3333333333333333,2,2,ATGCCAAATTTGAGAAGTAC,0,4625882
ybeDp,0.3333333333333333,2,2,ATGCACGAAGCATGTATACA,0,4670658
ybeDp,0.3333333333333333,2,2,ATGATCTGTCCAAATGAGAA,0,4677564
ybeDp,0.3333333333333333,2,2,ATGACCTCAGATATCTAGAT,0,4671472
ybeDp,0.3333333333333333,2,2,ATGAATTGTTGTCAGGGGCT,0,4643091
ybeDp,0.3333333333333333,2,2,ATGAAGGACAAAGCTTTCGG,0,4625228
ybeDp,0.3333333333333333,2,2,ATCTTGCCGCCTATGTGAAT,0,4627695
ybeDp,0.3333333333333333,2,2,ATCTTCTATCTTCTGACTAG,0,4614375
ybeDp,0.3333333333333333,2,2,ATCTTCGTGTAACCGGAAAC,0,4653486
ybeDp,0.3333333333333333,2,2,ATCTTCGACTGTTCCATATG,0,4659695
ybeDp,0.3333333333333333,2,2,ATCTGGTGGCGTGCGTCGTT,0,4632337
ybeDp,0.3333333333333333,2,2,ATCTCTCCTGGGCGGCTGGG,0,4615770
ybeDp,0.3333333333333333,2,2,ATCTCGAACAGATATATGAG,0,4652773
ybeDp,0.3333333333333333,2,2,ATCTCCCTGAGGCCCGGGAA,0,4679422
ybeDp,0.3333333333333333,2,2,ATCTCATGGAGCATATAGGC,0,4676983
ybeDp,0.3333333333333333,2,2,ATCTATCTGCCTCCTCATCA,0,4662017
ybeDp,0.3333333333333333,2,2,ATCTAGGCTGGCACCCGCGT,0,4648818
ybeDp,0.3333333333333333,2,2,ATCGTTTGTCTCCTTGGACT,0,4666578
ybeDp,0.3333333333333333,2,2,ATCGTGTTAGCAAAGACTGT,0,4680252
ybeDp,0.3333333333333333,2,2,ATCGTGCGATGCGCCAGTTT,0,4677792
ybeDp,0.3333333333333333,2,2,ATCGTGAAATGTTAAAGTCT,0,4670128
ybeDp,0.3333333333333333,2,2,ATCGTCGCCCTCGAGCGGGC,0,4687114
ybeDp,0.3333333333333333,2,2,ATCGCCGTCAAGGATTTTGA,0,4637467
ybeDp,0.3333333333333333,2,2,ATCGCCCGTGGTAACGCAAC,0,4612119
ybeDp,0.3333333333333333,2,2,ATCGACCTGCCCGCACATGA,0,4601096
ybeDp,0.3333333333333333,2,2,ATCCTGCTTAACCTAGTAAT,0,4630141
ybeDp,0.3333333333333333,2,2,ATCCCCAATGCGTTCCGGGA,0,4634564
ybeDp,0.3333333333333333,2,2,ATCCATACGAAGGCTTAGCG,0,4646549
ybeDp,0.3333333333333333,2,2,ATCCAAGATTGCTGTCCGAT,0,4600965
ybeDp,0.3333333333333333,2,2,ATCATTTGTTATCTCATACA,0,4634598
ybeDp,0.3333333333333333,2,2,ATCATCATCCCTGTAATTGA,0,4632875
ybeDp,0.3333333333333333,2,2,ATCATAACCCATTATCGCAG,0,4617392
ybeDp,0.3333333333333333,2,2,ATCAGTGGTATGCATGGTTA,0,4620505
ybeDp,0.3333333333333333,2,2,ATCAGGTAGAAAAAGATTCG,0,4628143
ybeDp,0.3333333333333333,2,2,ATCAGAAATTGATAATGCCC,0,4629177
ybeDp,0.3333333333333333,2,2,ATCACTACCAAGCGCCAACT,0,4648852
ybeDp,0.3333333333333333,2,2,ATCAATGGTCTTGTTATAGC,0,4630871
ybeDp,0.3333333333333333,2,2,ATCAATCTTACCGGAAGAGT,0,4622585
ybeDp,0.3333333333333333,2,2,ATCAAAATCTTTGGTCCCCC,0,4686919
ybeDp,0.3333333333333333,2,2,ATATTTCGGAGCGCATTGGC,0,4644250
ybeDp,0.3333333333333333,2,2,ATATGTGAAAGGTCTACTTA,0,4635888
ybeDp,0.3333333333333333,2,2,ATATGTACACTCGTAACAGC,0,4623482
ybeDp,0.3333333333333333,2,2,ATATGCGCTCTGCATGGTTC,0,4657617
ybeDp,0.3333333333333333,2,2,ATATGACTACGCAACCTTGG,0,4637214
ybeDp,0.3333333333333333,2,2,ATATCATCCCGCGTGGAGTT,0,4625883
ybeDp,0.3333333333333333,2,2,ATATATGCACAATACCCGAC,0,4646491
ybeDp,0.3333333333333333,2,2,ATATACGCACTAGATTACGC,0,4669262
ybeDp,0.3333333333333333,2,2,ATAGTAAAAAGGCCCTATCG,0,4633453
ybeDp,0.3333333333333333,2,2,ATAGGTCGTAAATCCGTCGG,0,4666404
ybeDp,0.3333333333333333,2,2,ATAGGTCCGGTAACTCTCAA,0,4672763
ybeDp,0.3333333333333333,2,2,ATAGGTAAAATATTTATCAC,0,4654628
ybeDp,0.3333333333333333,2,2,ATAGGAAACGTCGCATCGAT,0,4631518
ybeDp,0.3333333333333333,2,2,ATAGCGACCGTGGAAACGAG,0,4663925
ybeDp,0.3333333333333333,2,2,ATAGCCTAAAAACCAGGTCA,0,4682557
ybeDp,0.3333333333333333,2,2,ATAGAACGAGAACTCTGGCT,0,4673033
ybeDp,0.3333333333333333,2,2,ATACGTTCGGCGAATGATAA,0,4671356
ybeDp,0.3333333333333333,2,2,ATACGTCCCAAATAATGGTC,0,4667933
ybeDp,0.3333333333333333,2,2,ATACGGGGTGACGAGATATC,0,4655806
ybeDp,0.3333333333333333,2,2,ATACGACGGCATAATAATCA,0,4666187
ybeDp,0.3333333333333333,2,2,ATACGAAGGATTCACCAGTG,0,4621951
ybeDp,0.3333333333333333,2,2,ATACCGGTAGGTATTGCGAT,0,4655765
ybeDp,0.3333333333333333,2,2,ATAATTTGAGACCCCGAGAA,0,4600827
ybeDp,0.3333333333333333,2,2,ATAATAATTTTGTCCCGTAC,0,4632867
ybeDp,0.3333333333333333,2,2,ATAACGGTACGGGCATAGTA,0,4673128
ybeDp,0.3333333333333333,2,2,ATAACCGGCCATATCGATGC,0,4641749
ybeDp,0.3333333333333333,2,2,ATAACCATGTTCAAAATCGG,0,4650412
ybeDp,0.3333333333333333,2,2,ATAAAGTGAGGTTCCCGTAC,0,4685537
ybeDp,0.3333333333333333,2,2,ATAAAAATCTCGAAAAATTC,0,4648279
ybeDp,0.3333333333333333,2,2,AGTTTCCTAAGACCCCATTA,0,4670852
ybeDp,0.3333333333333333,2,2,AGTTGTATGCCCTCACATTT,0,4638991
ybeDp,0.3333333333333333,2,2,AGTTGGACGCAGGATGCGGG,0,4607261
ybeDp,0.3333333333333333,2,2,AGTTGCCCGGGGCTAGTATT,0,4671939
ybeDp,0.3333333333333333,2,2,AGTTGAACTTAATCGGAACT,0,4664876
ybeDp,0.3333333333333333,2,2,AGTTCTGGGCCTATAGTTAA,0,4637408
ybeDp,0.3333333333333333,2,2,AGTTCGAAACGGCCCGCCAG,0,4659516
ybeDp,0.3333333333333333,2,2,AGTTCATCCGGTTGTCAATG,0,4641018
ybeDp,0.3333333333333333,2,2,AGTTCACTTGGGTGCTGGGC,0,4642656
ybeDp,0.3333333333333333,2,2,AGTTAAAATAGTAAAAAATA,0,4627249
ybeDp,0.3333333333333333,2,2,AGTGTTCCATCGGAAGCGCT,0,4673866
ybeDp,0.3333333333333333,2,2,AGTGTTCCACGCTGTGAACT,0,4678509
ybeDp,0.3333333333333333,2,2,AGTGTATTTAAGCCTCTGTG,0,4647882
ybeDp,0.3333333333333333,2,2,AGTGTATCGAGCTCGATGCA,0,4654687
ybeDp,0.3333333333333333,2,2,AGTGGTTCCGCAACAGGCTT,0,4680439
ybeDp,0.3333333333333333,2,2,AGTGGCGTGCCTATTCACGG,0,4643172
ybeDp,0.3333333333333333,2,2,AGTGGCCAGCATACTTTGCG,0,4622717
ybeDp,0.3333333333333333,2,2,AGTGCTGTGTACGTCAAAAG,0,4648115
ybeDp,0.3333333333333333,2,2,AGTGAATCTAACTTGGCAGG,0,4657155
ybeDp,0.3333333333333333,2,2,AGTGAATAGGTTGTAACACA,0,4629182
ybeDp,0.3333333333333333,2,2,AGTCTTAAAGAGTGAGTAGG,0,4618608
ybeDp,0.3333333333333333,2,2,AGTCTCGGTACTCTCGCCTG,0,4687935
ybeDp,0.3333333333333333,2,2,AGTCTCGAGACCTACACACC,0,4600777
ybeDp,0.3333333333333333,2,2,AGTCGTACTCCAACAGGCTT,0,4680984
ybeDp,0.3333333333333333,2,2,AGTCGGCCTGCCTATGTAAA,0,4653532
ybeDp,0.3333333333333333,2,2,AGTCCGAGTAAAGGAACTGA,0,4621752
ybeDp,0.3333333333333333,2,2,AGTCATTAACAAAATGGGGG,0,4640037
ybeDp,0.3333333333333333,2,2,AGTCATCTACGGGAGACCAC,0,4680914
ybeDp,0.3333333333333333,2,2,AGTCACTGTCTTTCACACTT,0,4679645
ybeDp,0.3333333333333333,2,2,AGTATCTATATTGGCCCCTA,0,4677996
ybeDp,0.3333333333333333,2,2,AGTAGGGACTGCCCATGTGC,0,4661692
ybeDp,0.3333333333333333,2,2,AGTAGGATCCTAGGTTAAGA,0,4616428
ybeDp,0.3333333333333333,2,2,AGTACGCTCGGCTGCTAGTC,0,4678299
ybeDp,0.3333333333333333,2,2,AGTACGCACTGGGGCGACTA,0,4622925
ybeDp,0.3333333333333333,2,2,AGTAATTCGCACAGATCCGA,0,4625493
ybeDp,0.3333333333333333,2,2,AGTAAGGTCGTTAGATACGT,0,4633221
ybeDp,0.3333333333333333,2,2,AGGTTGCGAGTCCGGCTCCT,0,4652341
ybeDp,0.3333333333333333,2,2,AGGTTCTGAGAGACTTGGGG,0,4682838
ybeDp,0.3333333333333333,2,2,AGGTGACTTCGTCCTTATAT,0,4658736
ybeDp,0.3333333333333333,2,2,AGGTCTGGACAGAAAGGTAA,0,4609708
ybeDp,0.3333333333333333,2,2,AGGTCCCCAAGTGGAGCTTC,0,4661949
ybeDp,0.3333333333333333,2,2,AGGTATCGGCAAGGTCACTG,0,4669622
ybeDp,0.3333333333333333,2,2,AGGTATCCGCCTATTATTTG,0,4682614
ybeDp,0.3333333333333333,2,2,AGGTAGGTTCTCGAGCGGTT,0,4684688
ybeDp,0.3333333333333333,2,2,AGGTACGCGAAGAGTTATGG,0,4675851
ybeDp,0.3333333333333333,2,2,AGGTACATTCATCCAAGGGT,0,4612794
ybeDp,0.3333333333333333,2,2,AGGTAACAATGTTTCCCCAG,0,4650454
ybeDp,0.3333333333333333,2,2,AGGGTGTGCTAAGGGAAAGC,0,4678431
ybeDp,0.3333333333333333,2,2,AGGGGTGTGGGGATTGAAAT,0,4636429
ybeDp,0.3333333333333333,2,2,AGGGGTGGGTTACCTGCCAC,0,4650842
ybeDp,0.3333333333333333,2,2,AGGGGGTTTGCCTATTCATA,0,4666345
ybeDp,0.3333333333333333,2,2,AGGGGCGAATGTCAAAAGGG,0,4632818
ybeDp,0.3333333333333333,2,2,AGGGGCCAGATGGAGTTTAC,0,4646949
ybeDp,0.3333333333333333,2,2,AGGGGAAATGCCTAGGAAGC,0,4655943
ybeDp,0.3333333333333333,2,2,AGGGCAGGCAACAATATCGT,0,4651203
ybeDp,0.3333333333333333,2,2,AGGGCAATATCAATCAGTGT,0,4663987
ybeDp,0.3333333333333333,2,2,AGGGATACTACAGCGCGTAC,0,4615704
ybeDp,0.3333333333333333,2,2,AGGGATACCATACGACCGTG,0,4669172
ybeDp,0.3333333333333333,2,2,AGGGAGATATCAGCTCCAGT,0,4665295
ybeDp,0.3333333333333333,2,2,AGGGACAATGCCGCTCGTAA,0,4667553
ybeDp,0.3333333333333333,2,2,AGGGACAAACATCCCATTAC,0,4660103
ybeDp,0.3333333333333333,2,2,AGGCTATATGAGTCCTCCTT,0,4666274
ybeDp,0.3333333333333333,2,2,AGGCGGTGCACCAAGTAGGC,0,4621165
ybeDp,0.3333333333333333,2,2,AGGCGGCTATTGATTCGAAT,0,4660693
ybeDp,0.3333333333333333,2,2,AGGCGCGTTGGGTGGGTTCT,0,4622266
ybeDp,0.3333333333333333,2,2,AGGCCATCGGCGAGCCATCC,0,4674968
ybeDp,0.3333333333333333,2,2,AGGCATGTAGACTCTCATAC,0,4660852
ybeDp,0.3333333333333333,2,2,AGGCAATTAAGTTTCTCGCT,0,4630753
ybeDp,0.3333333333333333,2,2,AGGATTTAATGTGTCAGTGC,0,4667459
ybeDp,0.3333333333333333,2,2,AGGATTCTACGCACTTGCTG,0,4679850
ybeDp,0.3333333333333333,2,2,AGGATAGGGTCCTGGATTGC,0,4668724
ybeDp,0.3333333333333333,2,2,AGGAGTACATTACGTCGCCG,0,4623592
ybeDp,0.3333333333333333,2,2,AGGAGCCTCCCCAGTCAGTG,0,4655246
ybeDp,0.3333333333333333,2,2,AGGAGAGCTGGCTACCACGC,0,4617278
ybeDp,0.3333333333333333,2,2,AGGAGAAGGAAGAAGTGGCG,0,4657370
ybeDp,0.3333333333333333,2,2,AGGACTTGCCGACAATTATC,0,4607985
ybeDp,0.3333333333333333,2,2,AGGACCCAAAGTCGTCCGGG,0,4661909
ybeDp,0.3333333333333333,2,2,AGGACAAGCCTATCGGTCAG,0,4603993
ybeDp,0.3333333333333333,2,2,AGGAACTAGGAAATCTTCCA,0,4652657
ybeDp,0.3333333333333333,2,2,AGCTTTTCGAGACCCCGTTG,0,4682637
ybeDp,0.3333333333333333,2,2,AGCTTTAGTCCTACGGTACC,0,4657068
ybeDp,0.3333333333333333,2,2,AGCTTTACTCGCGATGAGCA,0,4605829
ybeDp,0.3333333333333333,2,2,AGCTTCTAAGGTGATTTGGA,0,4638291
ybeDp,0.3333333333333333,2,2,AGCTATATTTTAGGAAGAAT,0,4685154
ybeDp,0.3333333333333333,2,2,AGCTATAGCGCTTCAATTTC,0,4682253
ybeDp,0.3333333333333333,2,2,AGCTAGGCATACGGCCGCCA,0,4640694
ybeDp,0.3333333333333333,2,2,AGCTACACTAGAAGTCGGAT,0,4656159
ybeDp,0.3333333333333333,2,2,AGCGTTTTAAGGATTCGGGA,0,4669318
ybeDp,0.3333333333333333,2,2,AGCGTTCTGCGTGAGGGGCT,0,4675801
ybeDp,0.3333333333333333,2,2,AGCGTACGTACTCAACGGCT,0,4626296
ybeDp,0.3333333333333333,2,2,AGCGGGGCTCTCTTGATACT,0,4619832
ybeDp,0.3333333333333333,2,2,AGCGGCAGACGAAGTCTGAC,0,4680223
ybeDp,0.3333333333333333,2,2,AGCGCGATCACCCTATGAGT,0,4607492
ybeDp,0.3333333333333333,2,2,AGCGAGGATTACTACAAAGT,0,4682561
ybeDp,0.3333333333333333,2,2,AGCCTTAGGGCTTTGTCGTT,0,4676642
ybeDp,0.3333333333333333,2,2,AGCCGTACCTATTCAACGGG,0,4624960
ybeDp,0.3333333333333333,2,2,AGCCGCATGCGAACCCCTGT,0,4656891
ybeDp,0.3333333333333333,2,2,AGCCCTTTCAGACCACCCAT,0,4675755
ybeDp,0.3333333333333333,2,2,AGCCCTGGTGTAAACGCCTG,0,4684819
ybeDp,0.3333333333333333,2,2,AGCCAGCACTCGTAAGTCCG,0,4624320
ybeDp,0.3333333333333333,2,2,AGCCACGATTCATGTACTTC,0,4668960
ybeDp,0.3333333333333333,2,2,AGCATTGTTAGATGGCTAGT,0,4649557
ybeDp,0.3333333333333333,2,2,AGCATCCAGCTCGATTGTAG,0,4653860
ybeDp,0.3333333333333333,2,2,AGCATAGCATCAGGACTGTG,0,4601554
ybeDp,0.3333333333333333,2,2,AGCAGTAGTGCCGTAGGCAT,0,4682252
ybeDp,0.3333333333333333,2,2,AGCAGCGCCGCCGCAGCCGT,0,4624724
ybeDp,0.3333333333333333,2,2,AGCACTTCCTACATACCCAT,0,4653562
ybeDp,0.3333333333333333,2,2,AGCAATTATATAGCTGCCAG,0,4664238
ybeDp,0.3333333333333333,2,2,AGCAAGGCTGTGCGCAAGCA,0,4668815
ybeDp,0.3333333333333333,2,2,AGATTTTTGGAGCCTCCACA,0,4667417
ybeDp,0.3333333333333333,2,2,AGATGTACTGGAGTTGAGGC,0,4674891
ybeDp,0.3333333333333333,2,2,AGATGGTAAGGGGGGTTGAT,0,4660255
ybeDp,0.3333333333333333,2,2,AGATCAGGGGGGCCTCAAGA,0,4620081
ybeDp,0.3333333333333333,2,2,AGATCAATGCCAGGGGGGAT,0,4658953
ybeDp,0.3333333333333333,2,2,AGATATGAGTCTCCATATGT,0,4626621
ybeDp,0.3333333333333333,2,2,AGATACATCTCTGGGTACGA,0,4672999
ybeDp,0.3333333333333333,2,2,AGATAATTCAGAATGGTGAT,0,4666514
ybeDp,0.3333333333333333,2,2,AGATAATAGCTTTTGAATTC,0,4623326
ybeDp,0.3333333333333333,2,2,AGAGTGGATAAAATTGAAGG,0,4656231
ybeDp,0.3333333333333333,2,2,AGAGGTCTAGCAGGTATCTC,0,4604893
ybeDp,0.3333333333333333,2,2,AGAGGGTACACACGGAGTAC,0,4683017
ybeDp,0.3333333333333333,2,2,AGAGGGCTGCTAACAATACC,0,4629892
ybeDp,0.3333333333333333,2,2,AGAGGCTAAGTGTACCACGG,0,4686596
ybeDp,0.3333333333333333,2,2,AGAGCTTCCAGTGAATAAGC,0,4647535
ybeDp,0.3333333333333333,2,2,AGAGACCACACTTTCGGGGA,0,4654626
ybeDp,0.3333333333333333,2,2,AGACTCGAAAGGAATCGCCT,0,4684102
ybeDp,0.3333333333333333,2,2,AGACGTCCGGTGCATTTATT,0,4627300
ybeDp,0.3333333333333333,2,2,AGACGATTATACCTGGGCCG,0,4634631
ybeDp,0.3333333333333333,2,2,AGACGAGTCACCGGGGCCAA,0,4641322
ybeDp,0.3333333333333333,2,2,AGACCTTCACGGGCCGTGCG,0,4664382
ybeDp,0.3333333333333333,2,2,AGACCTCCCACCGGGGTGTT,0,4672478
ybeDp,0.3333333333333333,2,2,AGACCGAAGCACGAGAAGCA,0,4672550
ybeDp,0.3333333333333333,2,2,AGACAGTACGGTCAAGCTTC,0,4642762
ybeDp,0.3333333333333333,2,2,AGACAAGAAGACGTTTATCT,0,4645321
ybeDp,0.3333333333333333,2,2,AGAATTGGAAGAAGTGGACT,0,4670102
ybeDp,0.3333333333333333,2,2,AGAATTAGTGACGCAAGACG,0,4605463
ybeDp,0.3333333333333333,2,2,AGAAGTTCACAGCTATGTCA,0,4602504
ybeDp,0.3333333333333333,2,2,AGAAGTGACTCTGAGCTATC,0,4625800
ybeDp,0.3333333333333333,2,2,AGAAGGCGATTTAACGTACG,0,4635908
ybeDp,0.3333333333333333,2,2,AGAAGGAACCTTGGCCAGAA,0,4627656
ybeDp,0.3333333333333333,2,2,AGAACTTTAGAGGCTTACGG,0,4634869
ybeDp,0.3333333333333333,2,2,AGAACTCATGGCTCTTCGTG,0,4602199
ybeDp,0.3333333333333333,2,2,AGAACACGACATCACATGAC,0,4667908
ybeDp,0.3333333333333333,2,2,ACTTTTCGAAAGCGCCATAG,0,4664951
ybeDp,0.3333333333333333,2,2,ACTTTTACAGCCTACGCTGT,0,4639710
ybeDp,0.3333333333333333,2,2,ACTTTGCATGTGCGAAGGAC,0,4617805
ybeDp,0.3333333333333333,2,2,ACTTGTATCAGGCCGACGGC,0,4615201
ybeDp,0.3333333333333333,2,2,ACTTGGTTCGGGATTTTAGC,0,4632166
ybeDp,0.3333333333333333,2,2,ACTTCATGAGATACGTCTCT,0,4636326
ybeDp,0.3333333333333333,2,2,ACTTCATAAACCGGGGTGAA,0,4628965
ybeDp,0.3333333333333333,2,2,ACTTATAACACCACGGGTTT,0,4656157
ybeDp,0.3333333333333333,2,2,ACTTACTTCAGGCCTGTATG,0,4625224
ybeDp,0.3333333333333333,2,2,ACTGTGGTAGACTGAATTTG,0,4620437
ybeDp,0.3333333333333333,2,2,ACTGTATCCATGGTACAAAC,0,4673235
ybeDp,0.3333333333333333,2,2,ACTGCTGTTGACGGACGGAC,0,4637852
ybeDp,0.3333333333333333,2,2,ACTGCGGCATTAGTTTTGTT,0,4652423
ybeDp,0.3333333333333333,2,2,ACTGCGCTACAAGTATTTGA,0,4654119
ybeDp,0.3333333333333333,2,2,ACTGCCATCTGCCCCTGATT,0,4645084
ybeDp,0.3333333333333333,2,2,ACTGCAGTGCTTAGTCACAA,0,4664510
ybeDp,0.3333333333333333,2,2,ACTGAGAAGTGTTGCCTCAA,0,4670438
ybeDp,0.3333333333333333,2,2,ACTCTCGTCAGTTGACATGT,0,4669574
ybeDp,0.3333333333333333,2,2,ACTCGGGGTTGACATTCCAA,0,4686403
ybeDp,0.3333333333333333,2,2,ACTCGGACACGATATGGCGC,0,4639708
ybeDp,0.3333333333333333,2,2,ACTCGACAAGTTAATAAGTG,0,4617720
ybeDp,0.3333333333333333,2,2,ACTCCATCGACCCTGACGGC,0,4686377
ybeDp,0.3333333333333333,2,2,ACTCATAGGTATCAACGTGT,0,4610156
ybeDp,0.3333333333333333,2,2,ACTCACGCACATGATTCTTT,0,4605568
ybeDp,0.3333333333333333,2,2,ACTCACCCGGCGGAGCTCGT,0,4613946
ybeDp,0.3333333333333333,2,2,ACTATAGGTCGTACTGTTTC,0,4660596
ybeDp,0.3333333333333333,2,2,ACTATAATTATTCGACGGGT,0,4632303
ybeDp,0.3333333333333333,2,2,ACTAGCGCGCTCACGTGGCA,0,4603875
ybeDp,0.3333333333333333,2,2,ACTAGCGAAAAGAGCCGGAG,0,4651929
ybeDp,0.3333333333333333,2,2,ACTACTCCTTGATAAAAAGT,0,4686769
ybeDp,0.3333333333333333,2,2,ACTACTAAGGTACCGTTAGT,0,4686988
ybeDp,0.3333333333333333,2,2,ACTACACGAACTTTATCGAT,0,4641590
ybeDp,0.3333333333333333,2,2,ACTAAAGTTTAGGGAAGTAA,0,4674756
ybeDp,0.3333333333333333,2,2,ACGTTTGATACGAACACCTC,0,4685509
ybeDp,0.3333333333333333,2,2,ACGTTAGCTATGGAATTCGA,0,4666031
ybeDp,0.3333333333333333,2,2,ACGTTACCCAAACCTCTACA,0,4656248
ybeDp,0.3333333333333333,2,2,ACGTCCAGGTTTCGCCCGAC,0,4630530
ybeDp,0.3333333333333333,2,2,ACGTCAGATAAAATAAATAC,0,4669539
ybeDp,0.3333333333333333,2,2,ACGTATTGGATTGACACGGG,0,4605722
ybeDp,0.3333333333333333,2,2,ACGTATCAAGAAATATAGTT,0,4637343
ybeDp,0.3333333333333333,2,2,ACGTAGATCGTTACCAAATA,0,4628828
ybeDp,0.3333333333333333,2,2,ACGTAGAAATCTAGATCTCC,0,4656539
ybeDp,0.3333333333333333,2,2,ACGTACTGATGGACGGACAC,0,4666124
ybeDp,0.3333333333333333,2,2,ACGTAAGGATGGTGCAATAT,0,4663466
ybeDp,0.3333333333333333,2,2,ACGGGTGTAGTGTCGGTGTA,0,4633471
ybeDp,0.3333333333333333,2,2,ACGGGGTCCCTGGTCGGTTA,0,4634965
ybeDp,0.3333333333333333,2,2,ACGGGGGGACTGAGATTGCG,0,4621894
ybeDp,0.3333333333333333,2,2,ACGGGGACTCCTTAGCAATA,0,4631623
ybeDp,0.3333333333333333,2,2,ACGGGACACTGAGGGATAAT,0,4649935
ybeDp,0.3333333333333333,2,2,ACGGCGGGCGGTGCATTTTG,0,4627411
ybeDp,0.3333333333333333,2,2,ACGGATTGACCCCGGCCCGG,0,4624277
ybeDp,0.3333333333333333,2,2,ACGGACACGGGAGACTAACA,0,4625051
ybeDp,0.3333333333333333,2,2,ACGCGTCAGAAGCACCACCG,0,4636847
ybeDp,0.3333333333333333,2,2,ACGCGGTAACTGTCAAGGCT,0,4609407
ybeDp,0.3333333333333333,2,2,ACGCGCGGAAAAGGCACGAG,0,4651621
ybeDp,0.3333333333333333,2,2,ACGCCTTTTCTAACGGTAGT,0,4603197
ybeDp,0.3333333333333333,2,2,ACGCCACGGCATCAACGGTT,0,4638277
ybeDp,0.3333333333333333,2,2,ACGCAGTACCGTGACTCGTT,0,4638874
ybeDp,0.3333333333333333,2,2,ACGCACTCGACCTTACATGT,0,4629569
ybeDp,0.3333333333333333,2,2,ACGCACCTCTAAGCAAAAAA,0,4630797
ybeDp,0.3333333333333333,2,2,ACGATGACTGGGCAGAATAA,0,4646462
ybeDp,0.3333333333333333,2,2,ACGATCTAGTCTAGCCTTCA,0,4627331
ybeDp,0.3333333333333333,2,2,ACGAGTGTGGTGGTCAGGTA,0,4626506
ybeDp,0.3333333333333333,2,2,ACGAGCGCGTCTCGTGGCTT,0,4635375
ybeDp,0.3333333333333333,2,2,ACGACTAAAGGAAGCCCTTT,0,4630882
ybeDp,0.3333333333333333,2,2,ACGACGTTGTCACACGAACC,0,4607625
ybeDp,0.3333333333333333,2,2,ACGACCACGCATGAGTGATA,0,4651011
ybeDp,0.3333333333333333,2,2,ACGAATGTTGTTTTACATAA,0,4626094
ybeDp,0.3333333333333333,2,2,ACGAAGCACACGGTAGGGCT,0,4619191
ybeDp,0.3333333333333333,2,2,ACGAACAAGTGCCTATGTGT,0,4639211
ybeDp,0.3333333333333333,2,2,ACCTTATAGCCAGGGCAAAT,0,4671704
ybeDp,0.3333333333333333,2,2,ACCTGTCTTGTCTGGCCCCC,0,4652865
ybeDp,0.3333333333333333,2,2,ACCTATGCCCTCGAATCGAG,0,4643907
ybeDp,0.3333333333333333,2,2,ACCTATAGCGGTATCTCTAC,0,4656087
ybeDp,0.3333333333333333,2,2,ACCTAGGTTGACTCCACGTA,0,4660405
ybeDp,0.3333333333333333,2,2,ACCGTAGTACTCTGTTACAC,0,4649428
ybeDp,0.3333333333333333,2,2,ACCGGTGAGTCATCGGATAG,0,4684864
ybeDp,0.3333333333333333,2,2,ACCGGCCTGTTCCCCATCTT,0,4621836
ybeDp,0.3333333333333333,2,2,ACCGGATCTGTGTTGATTAA,0,4606844
ybeDp,0.3333333333333333,2,2,ACCGCTTCGATACCGCTAAT,0,4602038
ybeDp,0.3333333333333333,2,2,ACCGCTCCCTGGGAGTTAGA,0,4612096
ybeDp,0.3333333333333333,2,2,ACCGCATCGAGCACGCGACG,0,4642092
ybeDp,0.3333333333333333,2,2,ACCGCAGCGTTATAATGGGA,0,4650751
ybeDp,0.3333333333333333,2,2,ACCGCAGACATTGGCGCTGT,0,4617905
ybeDp,0.3333333333333333,2,2,ACCGATACCATCGCTGAGGA,0,4654813
ybeDp,0.3333333333333333,2,2,ACCGAAGTTGTAGAAGATCG,0,4616725
ybeDp,0.3333333333333333,2,2,ACCCTCTCGAATTCTGCTAA,0,4675139
ybeDp,0.3333333333333333,2,2,ACCCTCATCTGTACGTCACT,0,4638176
ybeDp,0.3333333333333333,2,2,ACCCTATATCGTTGAAACCT,0,4667595
ybeDp,0.3333333333333333,2,2,ACCCGTCAGGCTTTGCTTAA,0,4675617
ybeDp,0.3333333333333333,2,2,ACCCGGTTACTTTCGCCGGG,0,4653179
ybeDp,0.3333333333333333,2,2,ACCCGCCGCTACTTCGCAGG,0,4649321
ybeDp,0.3333333333333333,2,2,ACCCCTCATCGACGGTAGTG,0,4665296
ybeDp,0.3333333333333333,2,2,ACCCCACGGCTTCATCTTCA,0,4653856
ybeDp,0.3333333333333333,2,2,ACCATTGCTGGCAGCTAGGA,0,4681379
ybeDp,0.3333333333333333,2,2,ACCATGTCTTGCGCGACTAA,0,4648615
ybeDp,0.3333333333333333,2,2,ACCATATGGAGTCTTCTACT,0,4656744
ybeDp,0.3333333333333333,2,2,ACCATAATATATGCGTCCTA,0,4673210
ybeDp,0.3333333333333333,2,2,ACCAGTTTTACTGTTTCTAC,0,4681710
ybeDp,0.3333333333333333,2,2,ACCAGTAATTGCAACTGAGG,0,4683884
ybeDp,0.3333333333333333,2,2,ACCAGCTGCGTGTGGCTGCG,0,4669379
ybeDp,0.3333333333333333,2,2,ACCAGATCCACCGGGACTAC,0,4650814
ybeDp,0.3333333333333333,2,2,ACATTTTCCCCCGGGAAGGG,0,4655795
ybeDp,0.3333333333333333,2,2,ACATGCGCTAGTCCAGAAGA,0,4604889
ybeDp,0.3333333333333333,2,2,ACATGCAGAGCGCCATGATT,0,4677112
ybeDp,0.3333333333333333,2,2,ACATCGATTTAGGTACAAGT,0,4650111
ybeDp,0.3333333333333333,2,2,ACATATTGAGATCGTGGTGC,0,4655664
ybeDp,0.3333333333333333,2,2,ACATATTCGAAGTTCGTGTG,0,4680234
ybeDp,0.3333333333333333,2,2,ACATAATTCCCCGGCCCGGT,0,4666100
ybeDp,0.3333333333333333,2,2,ACAGTAGGGTCACCCAGTAG,0,4674993
ybeDp,0.3333333333333333,2,2,ACAGGGTTCTGCAATAGTCA,0,4642811
ybeDp,0.3333333333333333,2,2,ACAGGGAGCCCGAACTGTGC,0,4602774
ybeDp,0.3333333333333333,2,2,ACAGGATCGAGACACTACGT,0,4610434
ybeDp,0.3333333333333333,2,2,ACAGAGATTTTTCGCGTTCC,0,4611810
ybeDp,0.3333333333333333,2,2,ACAGAACCGTTTGCACTGTC,0,4601714
ybeDp,0.3333333333333333,2,2,ACACTCGACGATCGCTAACC,0,4603609
ybeDp,0.3333333333333333,2,2,ACACGTTTAGTAGAATTCGC,0,4661755
ybeDp,0.3333333333333333,2,2,ACACGGTAGCCAGCCTGGGT,0,4622389
ybeDp,0.3333333333333333,2,2,ACACCAGGTTGGTTTCGACG,0,4605853
ybeDp,0.3333333333333333,2,2,ACACCAGGCAAATCATCCCT,0,4679736
ybeDp,0.3333333333333333,2,2,ACACCACCGTATAGACCCGA,0,4642490
ybeDp,0.3333333333333333,2,2,ACACAGGTGCTGGCGCTCCA,0,4624908
ybeDp,0.3333333333333333,2,2,ACAATCCTGCTCCATATGAG,0,4626426
ybeDp,0.3333333333333333,2,2,ACAATCCATTTTCCCGACGG,0,4635945
ybeDp,0.3333333333333333,2,2,ACAAGTGATCAGCTTGCGAA,0,4668828
ybeDp,0.3333333333333333,2,2,ACAAGGTCTTTTTTCAGCGA,0,4625277
ybeDp,0.3333333333333333,2,2,ACAACCTTCTAGTCCGCGAA,0,4649066
ybeDp,0.3333333333333333,2,2,ACAAACGCAGGCGGGCGTAG,0,4609312
ybeDp,0.3333333333333333,2,2,ACAAACATCGTGAAAGTGGG,0,4618040
ybeDp,0.3333333333333333,2,2,ACAAAAGGTTAAAACTGCAG,0,4677726
ybeDp,0.3333333333333333,2,2,AATTTGCATTTGTTAGGAAC,0,4660872
ybeDp,0.3333333333333333,2,2,AATTGTAGTGGCGCCCGAAG,0,4604582
ybeDp,0.3333333333333333,2,2,AATTGTACAAGCGGAAGTTA,0,4667412
ybeDp,0.3333333333333333,2,2,AATTGGCAAGAGGTAGCGTG,0,4654041
ybeDp,0.3333333333333333,2,2,AATTGAATGGGCACAAGTGT,0,4623811
ybeDp,0.3333333333333333,2,2,AATTCCTTCGCCTTGACCAC,0,4659754
ybeDp,0.3333333333333333,2,2,AATTCAACTCCACACCTATC,0,4672738
ybeDp,0.3333333333333333,2,2,AATTATCTGTACGTTTAACT,0,4623664
ybeDp,0.3333333333333333,2,2,AATTATAACTATGGAAAATG,0,4638417
ybeDp,0.3333333333333333,2,2,AATTAAGAGGAATACCATGT,0,4600815
ybeDp,0.3333333333333333,2,2,AATTAAAAAAGAGGATTGGA,0,4674330
ybeDp,0.3333333333333333,2,2,AATGGGAAGTTGGTCGGCGA,0,4608986
ybeDp,0.3333333333333333,2,2,AATGCGTTAGTCACAGCTTC,0,4671839
ybeDp,0.3333333333333333,2,2,AATCTCGGCCCTGGACTGCA,0,4644902
ybeDp,0.3333333333333333,2,2,AATCGGTTTAACTGCGCACA,0,4642983
ybeDp,0.3333333333333333,2,2,AATCGACAGACACCTATCAA,0,4678676
ybeDp,0.3333333333333333,2,2,AATCCTATAGGACTCTTTGT,0,4603613
ybeDp,0.3333333333333333,2,2,AATCCTAATCCGTCACTGGG,0,4608526
ybeDp,0.3333333333333333,2,2,AATCCCTTTTGGGACCGCGA,0,4638389
ybeDp,0.3333333333333333,2,2,AATCCATAGGAAGCATTCCC,0,4617211
ybeDp,0.3333333333333333,2,2,AATCAACAGGAATCAGCTTT,0,4674172
ybeDp,0.3333333333333333,2,2,AATATTGCCACAAGGCTTGA,0,4634644
ybeDp,0.3333333333333333,2,2,AATATCTTCGAGGCGCCTAC,0,4646493
ybeDp,0.3333333333333333,2,2,AATAGGGGCCGTCCGACTAG,0,4669982
ybeDp,0.3333333333333333,2,2,AATACGCTAGCTGGTCGCAA,0,4657873
ybeDp,0.3333333333333333,2,2,AATAAGCACGAACAGCGATC,0,4623586
ybeDp,0.3333333333333333,2,2,AAGTTGCGGCGCTCCCATAC,0,4657881
ybeDp,0.3333333333333333,2,2,AAGTTATAGGTCAAAGAACA,0,4625433
ybeDp,0.3333333333333333,2,2,AAGTGGGACCCACAGGTGAC,0,4627910
ybeDp,0.3333333333333333,2,2,AAGTGGATCAAGCTCCGCAT,0,4628734
ybeDp,0.3333333333333333,2,2,AAGTATCAAGATTTGTCCAC,0,4666814
ybeDp,0.3333333333333333,2,2,AAGTAGGAGACAAAATTAGG,0,4631007
ybeDp,0.3333333333333333,2,2,AAGTAGCTGCACTAGAACAT,0,4632777
ybeDp,0.3333333333333333,2,2,AAGTAAGTCGGGTGCGGTCG,0,4607878
ybeDp,0.3333333333333333,2,2,AAGGTAAAGATGATGCTCTA,0,4648461
ybeDp,0.3333333333333333,2,2,AAGGGTCAGAATTTGCGAAA,0,4610728
ybeDp,0.3333333333333333,2,2,AAGGGCCTCGGTTAATACGG,0,4630821
ybeDp,0.3333333333333333,2,2,AAGGGAAGCAAATGCTGAGG,0,4668607
ybeDp,0.3333333333333333,2,2,AAGGGAAGAGCCTGGGGAAA,0,4650298
ybeDp,0.3333333333333333,2,2,AAGGCTCTTGGATATACTCT,0,4658446
ybeDp,0.3333333333333333,2,2,AAGGCCTCTGTCCATTCTTT,0,4661738
ybeDp,0.3333333333333333,2,2,AAGGCATAAGCTTGCAGCGC,0,4630845
ybeDp,0.3333333333333333,2,2,AAGGCACGCTTGGTATTGCT,0,4675993
ybeDp,0.3333333333333333,2,2,AAGGATTCGTAGTCACGTAA,0,4614198
ybeDp,0.3333333333333333,2,2,AAGGACTCAGTATATGTTGA,0,4659719
ybeDp,0.3333333333333333,2,2,AAGGACCGTAGATATTGTTA,0,4615131
ybeDp,0.3333333333333333,2,2,AAGGAAAGACTCCAGAGATC,0,4660107
ybeDp,0.3333333333333333,2,2,AAGCTATTGGAGTGTTGTCT,0,4673595
ybeDp,0.3333333333333333,2,2,AAGCGTAAAGTGTTTGATGT,0,4638535
ybeDp,0.3333333333333333,2,2,AAGCGCGGAGGATCAATTCG,0,4642913
ybeDp,0.3333333333333333,2,2,AAGCGAGCAAGTGTGGGTTG,0,4666195
ybeDp,0.3333333333333333,2,2,AAGCCTGTCCGAACACCTAT,0,4655889
ybeDp,0.3333333333333333,2,2,AAGCCTGCCGTGAGCACTAA,0,4622239
ybeDp,0.3333333333333333,2,2,AAGCCACCACGTCGCGCTGA,0,4633415
ybeDp,0.3333333333333333,2,2,AAGCACAAGATTGCTCGGCT,0,4668023
ybeDp,0.3333333333333333,2,2,AAGACCTTTGCAGCAAAGTT,0,4655288
ybeDp,0.3333333333333333,2,2,AAGACATCGGCTCGTAAACT,0,4684818
ybeDp,0.3333333333333333,2,2,AAGACAAGAATGGATTCCTT,0,4649899
ybeDp,0.3333333333333333,2,2,AAGAACTCCGGCGAACGCCT,0,4646762
ybeDp,0.3333333333333333,2,2,AAGAAAACCACGCCTACGGG,0,4643245
ybeDp,0.3333333333333333,2,2,AACTTCGTCCTTATATCCTC,0,4619073
ybeDp,0.3333333333333333,2,2,AACTTCGCGTATTGAAGCCG,0,4642758
ybeDp,0.3333333333333333,2,2,AACTGATAATCAACGTACAG,0,4680321
ybeDp,0.3333333333333333,2,2,AACTCGCTCTTGTAAGTGGA,0,4684716
ybeDp,0.3333333333333333,2,2,AACTCGACCGGGGGGTCCAA,0,4676540
ybeDp,0.3333333333333333,2,2,AACTCCGTGGGGCTCCAGAG,0,4613039
ybeDp,0.3333333333333333,2,2,AACTCCCCTGCCGTGTACCT,0,4687256
ybeDp,0.3333333333333333,2,2,AACTCATATACATAGGCATT,0,4679210
ybeDp,0.3333333333333333,2,2,AACTAAGTCGCTCCATCTAT,0,4639090
ybeDp,0.3333333333333333,2,2,AACGTGACCCCGGAACTGCG,0,4625709
ybeDp,0.3333333333333333,2,2,AACGTCCGTCGGTTTCCGTA,0,4602749
ybeDp,0.3333333333333333,2,2,AACGGAGTGCATCTCAGGTA,0,4682257
ybeDp,0.3333333333333333,2,2,AACGCTGCTGAATTCTGAGA,0,4618690
ybeDp,0.3333333333333333,2,2,AACGCGCATTCGGCTTAGTT,0,4639338
ybeDp,0.3333333333333333,2,2,AACGCGACGGGCCATGTTAG,0,4628409
ybeDp,0.3333333333333333,2,2,AACGCCGTATGTTGCGGTGT,0,4672353
ybeDp,0.3333333333333333,2,2,AACGCCCTCGGAGCTCCTTC,0,4622415
ybeDp,0.3333333333333333,2,2,AACGAGTTTGACCGATGAAA,0,4665844
ybeDp,0.3333333333333333,2,2,AACGAGTGTACAGCATGGTG,0,4614251
ybeDp,0.3333333333333333,2,2,AACGAGTACTGTAGCGGCCC,0,4632043
ybeDp,0.3333333333333333,2,2,AACGAAGGGCAACAGTCGTT,0,4679089
ybeDp,0.3333333333333333,2,2,AACCTTGCTTTCCTGCTTAC,0,4655273
ybeDp,0.3333333333333333,2,2,AACCTTATGGGAAATCAAGG,0,4643979
ybeDp,0.3333333333333333,2,2,AACCGGCTTTCAACGGGCTC,0,4602466
ybeDp,0.3333333333333333,2,2,AACCCGTAGCTGAGACAGTG,0,4661682
ybeDp,0.3333333333333333,2,2,AACCCAATTTTCGACGTCGC,0,4657750
ybeDp,0.3333333333333333,2,2,AACCAGTGACATGTTACTTT,0,4625027
ybeDp,0.3333333333333333,2,2,AACCAGCTCGTTCGGTCTCC,0,4661651
ybeDp,0.3333333333333333,2,2,AACATGTAGCATGCATCCAA,0,4651161
ybeDp,0.3333333333333333,2,2,AACAGTCCTACTTGGAAGGA,0,4615493
ybeDp,0.3333333333333333,2,2,AACAGCTTAGTCCCAGAATA,0,4619503
ybeDp,0.3333333333333333,2,2,AACACTGCCGATCAGCCCTG,0,4674372
ybeDp,0.3333333333333333,2,2,AACACGGGGCTGACGTCAAG,0,4616385
ybeDp,0.3333333333333333,2,2,AACACGAATCCAGGCTGGAT,0,4616291
ybeDp,0.3333333333333333,2,2,AACACCTCTCCAGGGTCTCA,0,4635370
ybeDp,0.3333333333333333,2,2,AACAATTGCGCTTGCTTCTA,0,4662824
ybeDp,0.3333333333333333,2,2,AACAACCTTATGTGTGTCCA,0,4687408
ybeDp,0.3333333333333333,2,2,AAATTCATGGGAGCATCTAG,0,4605691
ybeDp,0.3333333333333333,2,2,AAATGCTGCCCTAGGGCTGG,0,4672280
ybeDp,0.3333333333333333,2,2,AAATGCGAAGCGATGCTGAA,0,4615265
ybeDp,0.3333333333333333,2,2,AAATGCCTCTTCGATAGAGT,0,4677896
ybeDp,0.3333333333333333,2,2,AAATGCCCCTGCCCGACTCT,0,4686487
ybeDp,0.3333333333333333,2,2,AAATCGTTTCAAGCTCGGAC,0,4683233
ybeDp,0.3333333333333333,2,2,AAATCGCGCTTACGTTCTGA,0,4640103
ybeDp,0.3333333333333333,2,2,AAATAGGGACTGTCCTTCAC,0,4620352
ybeDp,0.3333333333333333,2,2,AAATACTTGTGCTATTGTTT,0,4613267
ybeDp,0.3333333333333333,2,2,AAAGTACTTGACTTCGTCGT,0,4617535
ybeDp,0.3333333333333333,2,2,AAAGGGATGTATCCGGGCTT,0,4603044
ybeDp,0.3333333333333333,2,2,AAAGGACCTTCAGTGCAAAA,0,4669036
ybeDp,0.3333333333333333,2,2,AAAGCAGGTATGCGGGTTAA,0,4658802
ybeDp,0.3333333333333333,2,2,AAACTTTCAATTCCGAGAGT,0,4609284
ybeDp,0.3333333333333333,2,2,AAACTTAAGCGAGGTTGAGA,0,4670538
ybeDp,0.3333333333333333,2,2,AAACGTATGTCCACTACCTC,0,4640703
ybeDp,0.3333333333333333,2,2,AAACGCCCGAATGGAAAGCA,0,4606226
ybeDp,0.3333333333333333,2,2,AAACGAGCGTGGAAGCGGTT,0,4662968
ybeDp,0.3333333333333333,2,2,AAACCGTGGCTGACGGCTGA,0,4670592
ybeDp,0.3333333333333333,2,2,AAACATGCGTCCAATTATTA,0,4650010
ybeDp,0.3333333333333333,2,2,AAAATCGGGAGTGTGAAATA,0,4686849
ybeDp,0.3333333333333333,2,2,AAAAGTACGTTCGCATTCGC,0,4656212
ybeDp,0.3333333333333333,2,2,AAAAGAAGTCGCCATAGTAG,0,4624673
ybeDp,0.3333333333333333,2,2,AAAACAACAACTGTGGTGTG,0,4655877
ybeDp,0.3333333333333333,2,2,AAAAAGGAATTTTTCCGTAA,0,4666306
ybeDp,0.3333333333333333,2,2,AAAAACTGATTAAATTATGT,0,4625181
ybeDp,0.3333333333333333,2,2,AAAAAAGCACATCATGGGAC,0,4651548
ybeDp,0.3333333333333333,2,2,AAAAAAAATGCTGTCATGTG,0,4634167
ybeDp,0.5,1,1,TTTTTTCGCCAAGCAAATTC,0,4682291
ybeDp,0.5,1,1,TTTTTTATAGATGTAAAGTT,0,4644878
ybeDp,0.5,1,1,TTTTTGCAACCCATGAGTTT,0,4643912
ybeDp,0.5,1,1,TTTTTGAATTTTTAATCAGT,0,4624309
ybeDp,0.5,1,1,TTTTTCGTGTGAAATTTAGT,0,4648975
ybeDp,0.5,1,1,TTTTTACGACTCTTAGGTGA,0,4650558
ybeDp,0.5,1,1,TTTTTAATATAGGAAAGATC,0,4613772
ybeDp,0.5,1,1,TTTTGTGATCGTTCTGGGAT,0,4682567
ybeDp,0.5,1,1,TTTTGTGAGAGCTGGGTTGT,0,4633372
ybeDp,0.5,1,1,TTTTGTCCCTGCCTGGGGCT,0,4674856
ybeDp,0.5,1,1,TTTTGCCAACCAATATTGAG,0,4639609
ybeDp,0.5,1,1,TTTTGCCAAATTCCATTTTT,0,4640586
ybeDp,0.5,1,1,TTTTCCGTTTTAGGACTCAG,0,4607078
ybeDp,0.5,1,1,TTTTATGGGGTACAGCTCGA,0,4661032
ybeDp,0.5,1,1,TTTTAGTAAAGATCAGGATG,0,4617060
ybeDp,0.5,1,1,TTTTAACCTTAGTTCGCCAT,0,4671996
ybeDp,0.5,1,1,TTTGTTCGCGTTTACCATGG,0,4653641
ybeDp,0.5,1,1,TTTGTGCCATAACACGAGTG,0,4686115
ybeDp,0.5,1,1,TTTGTAGTTAAACGGGGAGC,0,4604649
ybeDp,0.5,1,1,TTTGTAATAACTGGGACCAC,0,4673990
ybeDp,0.5,1,1,TTTGGTCTATCCAGGCCCAG,0,4676230
ybeDp,0.5,1,1,TTTGGCGTGCAGAACTAATC,0,4620400
ybeDp,0.5,1,1,TTTGGCGGATGCACGGCTTC,0,4653502
ybeDp,0.5,1,1,TTTGGAGCCCGTTCGCCAGG,0,4615080
ybeDp,0.5,1,1,TTTGCTCGCTACTGTAGCAG,0,4645685
ybeDp,0.5,1,1,TTTGCGCGGCGCCCGATATT,0,4684623
ybeDp,0.5,1,1,TTTGCAGCAGACTTAAATGT,0,4637943
ybeDp,0.5,1,1,TTTGATAACCACCACTTAAC,0,4636054
ybeDp,0.5,1,1,TTTGAGGGTAAGGTCTGCCA,0,4613983
ybeDp,0.5,1,1,TTTGAAGGTCGCCCAGAATC,0,4667500
ybeDp,0.5,1,1,TTTCTTTTATCTACCCTGCC,0,4676824
ybeDp,0.5,1,1,TTTCTTCTGCGTCCCGTACG,0,4666678
ybeDp,0.5,1,1,TTTCTGATCCCACACGTTCA,0,4632113
ybeDp,0.5,1,1,TTTCTCGTGATTTGAATATC,0,4609016
ybeDp,0.5,1,1,TTTCTCCGACTTAGTGGAAG,0,4601381
ybeDp,0.5,1,1,TTTCTCACGCCCAGGTCGCG,0,4636144
ybeDp,0.5,1,1,TTTCGTTGAGTGTGTGCCGT,0,4646001
ybeDp,0.5,1,1,TTTCGGTCACGCGAAATCTA,0,4635266
ybeDp,0.5,1,1,TTTCGGGTGCCCGCAAACAG,0,4675807
ybeDp,0.5,1,1,TTTCCCGTCGCGGAGAGGTT,0,4635405
ybeDp,0.5,1,1,TTTCCAGTGTGTAGTCCCAG,0,4607510
ybeDp,0.5,1,1,TTTCCAGCAAGTATTTCCCC,0,4623623
ybeDp,0.5,1,1,TTTCACAATCGTGGCTTACT,0,4647191
ybeDp,0.5,1,1,TTTATTCTCGGTAGTACTGC,0,4665449
ybeDp,0.5,1,1,TTTATCGCGTTGGCACAACA,0,4631790
ybeDp,0.5,1,1,TTTATATCGCTTCAATAAGA,0,4631505
ybeDp,0.5,1,1,TTTACAGGGGTCTCTGCGCG,0,4659215
ybeDp,0.5,1,1,TTTAATAACCGTACCTCAAA,0,4672493
ybeDp,0.5,1,1,TTTAAGATAACATCTGTTGA,0,4623262
ybeDp,0.5,1,1,TTTAAATTCAGCTCCCGGAG,0,4679258
ybeDp,0.5,1,1,TTTAAAGCCTAAGCGAAAGT,0,4620285
ybeDp,0.5,1,1,TTGTTTTGTGAGGAGTGGCG,0,4608475
ybeDp,0.5,1,1,TTGTTCCAAGTTGGCGGGAC,0,4672866
ybeDp,0.5,1,1,TTGTTATCAGAATTCAAGTA,0,4669644
ybeDp,0.5,1,1,TTGTTAAATGCCTGTCGATG,0,4658874
ybeDp,0.5,1,1,TTGTGTCATCGGTACATCCT,0,4601816
ybeDp,0.5,1,1,TTGTGTACTGGTAAAAAGTT,0,4682601
ybeDp,0.5,1,1,TTGTGTACATTACAGAAGTT,0,4687966
ybeDp,0.5,1,1,TTGTGGGAACTCTATGCTCC,0,4608438
ybeDp,0.5,1,1,TTGTCCGCTTCAGGTTCATG,0,4680785
ybeDp,0.5,1,1,TTGTCAAGCCCCTGACTTCA,0,4604995
ybeDp,0.5,1,1,TTGTAAACAGTGACAAAAGG,0,4616694
ybeDp,0.5,1,1,TTGGTGGTGCGCACGCCCTT,0,4653993
ybeDp,0.5,1,1,TTGGTGCGCGTGCCATGGGC,0,4630030
ybeDp,0.5,1,1,TTGGGGTATCTTACTCTTCC,0,4617632
ybeDp,0.5,1,1,TTGGGCTATGGACAGGCTCG,0,4614597
ybeDp,0.5,1,1,TTGGGCACGTCAGCAGTTCC,0,4618410
ybeDp,0.5,1,1,TTGGGCAATGGTAGGGCCAA,0,4604490
ybeDp,0.5,1,1,TTGGCGTGACACTTTTGTAT,0,4624175
ybeDp,0.5,1,1,TTGGCGCCAGGTCAGCCCAT,0,4616988
ybeDp,0.5,1,1,TTGGATGGGGATAGCGTGTG,0,4626032
ybeDp,0.5,1,1,TTGGATCTCAGGCTATTCGG,0,4645385
ybeDp,0.5,1,1,TTGGATCACTTTCACGCACG,0,4629431
ybeDp,0.5,1,1,TTGGACTGGTGGTCAGGCTT,0,4687506
ybeDp,0.5,1,1,TTGGACGTAAAGTTCATTAG,0,4644677
ybeDp,0.5,1,1,TTGGAAAGCTGCAAGTTGTT,0,4618099
ybeDp,0.5,1,1,TTGCTTCCTGTCTACTTGTC,0,4613167
ybeDp,0.5,1,1,TTGCTCGCCTTGTCTCTTTT,0,4685449
ybeDp,0.5,1,1,TTGCGCGGTAAATTATGTAC,0,4646190
ybeDp,0.5,1,1,TTGCGCCTCGGCTGTGTTGC,0,4686056
ybeDp,0.5,1,1,TTGCCGATCCAATCATCGTG,0,4684377
ybeDp,0.5,1,1,TTGCACTTTCCATCTCGTGA,0,4677307
ybeDp,0.5,1,1,TTGCAATGCGTCGCGTCCAA,0,4679233
ybeDp,0.5,1,1,TTGCAAATGTATGCTCAGTA,0,4631871
ybeDp,0.5,1,1,TTGAGCTCCTTAGACGGCAC,0,4601294
ybeDp,0.5,1,1,TTGAGCTAGGACACCGCGGG,0,4632701
ybeDp,0.5,1,1,TTGACGGTCATAACTCAACG,0,4638625
ybeDp,0.5,1,1,TTGAATATGGTCTTGTGTGA,0,4633556
ybeDp,0.5,1,1,TTCTTCTTGAGATTGCAAGT,0,4684266
ybeDp,0.5,1,1,TTCTTAGTATAATAAGATGC,0,4650889
ybeDp,0.5,1,1,TTCTGTGGGCAACACAGGGG,0,4683116
ybeDp,0.5,1,1,TTCTGCAAACCGTGCTTCCC,0,4629166
ybeDp,0.5,1,1,TTCTATCCCGCGATTCCCTG,0,4632903
ybeDp,0.5,1,1,TTCTAGGAAGTGACCCACCT,0,4666917
ybeDp,0.5,1,1,TTCGTTAAACAGGGCCTTTT,0,4635234
ybeDp,0.5,1,1,TTCGTGGAGGTTAGACGGCG,0,4623689
ybeDp,0.5,1,1,TTCGTAGGGGCATTTAACAC,0,4604412
ybeDp,0.5,1,1,TTCGGTAGTATCGTAAAGGA,0,4610353
ybeDp,0.5,1,1,TTCGGACCACATTACATTTA,0,4606546
ybeDp,0.5,1,1,TTCGCGAGCTCTAAGTAAAA,0,4613656
ybeDp,0.5,1,1,TTCGCCAAAATATTGCCACT,0,4625235
ybeDp,0.5,1,1,TTCGCAGGACGTGTCACGAC,0,4669961
ybeDp,0.5,1,1,TTCGACATTCTAGCTACCAT,0,4633185
ybeDp,0.5,1,1,TTCGAAGTCTCATGCCCAGT,0,4659886
ybeDp,0.5,1,1,TTCCTGTGGTGGCGGGGTAC,0,4639974
ybeDp,0.5,1,1,TTCCTGCTCTCCTCTTAGAG,0,4684652
ybeDp,0.5,1,1,TTCCTCTGTCGAGCTATCGG,0,4640842
ybeDp,0.5,1,1,TTCCTACAGGACGTCAACCT,0,4677812
ybeDp,0.5,1,1,TTCCGTGTAGCTGTTGGCGG,0,4684018
ybeDp,0.5,1,1,TTCCGACCGAGTATTGGAAT,0,4675916
ybeDp,0.5,1,1,TTCCCTCAGGGTTCCCGGTC,0,4611650
ybeDp,0.5,1,1,TTCCCGACACTCCTATCACG,0,4656920
ybeDp,0.5,1,1,TTCCATACTCTTCGTCCGAC,0,4629749
ybeDp,0.5,1,1,TTCCACTGTGAACCGGTAGA,0,4679433
ybeDp,0.5,1,1,TTCCAAGAAGAGCTTCGTGC,0,4631272
ybeDp,0.5,1,1,TTCATTATGGACTGCATAGA,0,4660166
ybeDp,0.5,1,1,TTCATGTTGCTCGGGGGAGG,0,4601973
ybeDp,0.5,1,1,TTCAGGTTATGTAAGGTTGC,0,4624946
ybeDp,0.5,1,1,TTCACCGCGGTTATGTGTGA,0,4608442
ybeDp,0.5,1,1,TTCACAGGCTTAGCTCAACC,0,4603706
ybeDp,0.5,1,1,TTATTGAACCTTGGTTAGTT,0,4660802
ybeDp,0.5,1,1,TTATGTTTTTGACGGGCAGT,0,4662459
ybeDp,0.5,1,1,TTATGTGGAATCTCCTTTTA,0,4636055
ybeDp,0.5,1,1,TTATGGGTTAGCCCGGATCG,0,4607644
ybeDp,0.5,1,1,TTATGGCGGCGAGTGTCACC,0,4602329
ybeDp,0.5,1,1,TTATCTGGACGGGACAGATA,0,4656468
ybeDp,0.5,1,1,TTATCGTCCACCCGTTATAG,0,4613831
ybeDp,0.5,1,1,TTATCAGTCGTGGAGTGGTA,0,4603910
ybeDp,0.5,1,1,TTATAGAAACTTGTCACAAC,0,4610939
ybeDp,0.5,1,1,TTAGTTACGCACTGCCAGAC,0,4676957
ybeDp,0.5,1,1,TTAGTTACAGCTCTGAACCG,0,4619319
ybeDp,0.5,1,1,TTAGTGTACCTCCGTAACGC,0,4629494
ybeDp,0.5,1,1,TTAGTATCGTACTTCATCTT,0,4631413
ybeDp,0.5,1,1,TTAGGCGCTATGTATCTTGA,0,4650752
ybeDp,0.5,1,1,TTAGCTTCCGGATGTGGACG,0,4665980
ybeDp,0.5,1,1,TTAGCTGGCGAACAAATTAA,0,4676252
ybeDp,0.5,1,1,TTAGCTGCCATCACCGCACG,0,4620864
ybeDp,0.5,1,1,TTAGCCCTTGACGGGCCTAG,0,4614930
ybeDp,0.5,1,1,TTAGAATATGTAGGATGTCC,0,4680386
ybeDp,0.5,1,1,TTACTTCGGAGTAATATGCG,0,4609601
ybeDp,0.5,1,1,TTACTTCCTAACTCCCGTGG,0,4644052
ybeDp,0.5,1,1,TTACTGACCACGGTTGTAAT,0,4663709
ybeDp,0.5,1,1,TTACGGCCGCTTTTAGTAAT,0,4633336
ybeDp,0.5,1,1,TTACCATAGCGTTCAATTGA,0,4650152
ybeDp,0.5,1,1,TTACAGGTTGGCTTGGTTGC,0,4630554
ybeDp,0.5,1,1,TTACAATCCGCGCGGAGAGA,0,4654123
ybeDp,0.5,1,1,TTAATTAATCAGTGTTCGCA,0,4613726
ybeDp,0.5,1,1,TTAATGGTTCGGTCTCGGCC,0,4630062
ybeDp,0.5,1,1,TTAATGGGGACGTCCAAAGT,0,4629050
ybeDp,0.5,1,1,TTAATCATGTGTGGGGAACT,0,4644898
ybeDp,0.5,1,1,TTAATATACGGCGGCCCGGC,0,4649361
ybeDp,0.5,1,1,TTAATAAACATGGACACCCG,0,4628832
ybeDp,0.5,1,1,TTAAGGAACATGAGGAACGC,0,4686961
ybeDp,0.5,1,1,TTAAGAGGCTCGTTTCGTAC,0,4632225
ybeDp,0.5,1,1,TTAACGGAAACACGACGGGT,0,4648763
ybeDp,0.5,1,1,TTAACAGACTATCCCCACTA,0,4633777
ybeDp,0.5,1,1,TTAAATTTCCCGCGGTAGAG,0,4605809
ybeDp,0.5,1,1,TTAAATGGCACTCAGGGAGG,0,4629242
ybeDp,0.5,1,1,TTAAATAGGTCCGCAGTGTT,0,4610808
ybeDp,0.5,1,1,TTAAAGGAAACATTTTTTGT,0,4656499
ybeDp,0.5,1,1,TGTTTCTTGAAAAAGAATCG,0,4607543
ybeDp,0.5,1,1,TGTTTCGTCATGAGTAATGT,0,4647276
ybeDp,0.5,1,1,TGTTTATTCGACGGGAGGGC,0,4649210
ybeDp,0.5,1,1,TGTTGTTCGCGAATGGTCTT,0,4665634
ybeDp,0.5,1,1,TGTTGGATGACCTACAAGGG,0,4624005
ybeDp,0.5,1,1,TGTTGGACCCCTATTTTTCG,0,4638199
ybeDp,0.5,1,1,TGTTGATGGGAGCGCCCCTG,0,4636966
ybeDp,0.5,1,1,TGTTATCTCGCTACCCAGTA,0,4622200
ybeDp,0.5,1,1,TGTTAGGATCAATATGGATC,0,4684504
ybeDp,0.5,1,1,TGTGTGTTTAGAGTGTTTTG,0,4642161
ybeDp,0.5,1,1,TGTGTATTTCATACTTAAAA,0,4646278
ybeDp,0.5,1,1,TGTGGGCGTCAACACAAAAC,0,4679058
ybeDp,0.5,1,1,TGTGGCTCAAGTTATCCTTG,0,4624472
ybeDp,0.5,1,1,TGTGGATTCGAGGCAAAATA,0,4642510
ybeDp,0.5,1,1,TGTGCTGAACGTGGTCCAAT,0,4684301
ybeDp,0.5,1,1,TGTGCGAGTGCTCTAGGAAT,0,4644529
ybeDp,0.5,1,1,TGTGCCTTAACCGGGACAGT,0,4628876
ybeDp,0.5,1,1,TGTGAGAACGATTTATAGAA,0,4652115
ybeDp,0.5,1,1,TGTCTTGAATACTTCTTCTC,0,4681664
ybeDp,0.5,1,1,TGTCTACCCCCCTACGACGG,0,4666217
ybeDp,0.5,1,1,TGTCTACAGGCTCATCACGT,0,4602618
ybeDp,0.5,1,1,TGTCGTGTTCTTGTTCGAAC,0,4639782
ybeDp,0.5,1,1,TGTCGTCCTGCATCGCGGTA,0,4610299
ybeDp,0.5,1,1,TGTCGGGCTTACTGCGTAAA,0,4656410
ybeDp,0.5,1,1,TGTCGCTGGCACCCCCTCCG,0,4664296
ybeDp,0.5,1,1,TGTCCCGCGCAGTGGTGCCT,0,4617432
ybeDp,0.5,1,1,TGTCCAGAAGGTTGCCGTGC,0,4652735
ybeDp,0.5,1,1,TGTATATCTATTTTGCGATA,0,4666414
ybeDp,0.5,1,1,TGTAGGCGTTAGCCTCCTAG,0,4632578
ybeDp,0.5,1,1,TGTACTCCCAAGACGTGAAA,0,4667767
ybeDp,0.5,1,1,TGTACCGTAGGGGAATGCCT,0,4640332
ybeDp,0.5,1,1,TGTAATAGGTCCACGTGAAA,0,4611864
ybeDp,0.5,1,1,TGTAAGAACTCTATACCAAC,0,4603062
ybeDp,0.5,1,1,TGTAACACCGTAGGAGATAT,0,4663453
ybeDp,0.5,1,1,TGTAAATCATGCACGGGGAA,0,4648988
ybeDp,0.5,1,1,TGGTTTTGTATTGGTCGGTT,0,4672905
ybeDp,0.5,1,1,TGGTTTTCGCGCATTACATT,0,4624683
ybeDp,0.5,1,1,TGGTTCTCTCTAAACGTTCA,0,4654188
ybeDp,0.5,1,1,TGGTTCTCCTCCTACAGATT,0,4653970
ybeDp,0.5,1,1,TGGTTCCCTGATAGGTCATA,0,4637335
ybeDp,0.5,1,1,TGGTGTTTTCAACGACGATC,0,4634403
ybeDp,0.5,1,1,TGGTGAGGTTGTGTTAAGAC,0,4602034
ybeDp,0.5,1,1,TGGTCTCGGCTTGCCTCCAC,0,4615705
ybeDp,0.5,1,1,TGGTCGGACTTGGATTGGCT,0,4658887
ybeDp,0.5,1,1,TGGTCCAGCAGTCTGACTAC,0,4661721
ybeDp,0.5,1,1,TGGTACTCCCTTATCTGCAG,0,4672960
ybeDp,0.5,1,1,TGGGTTTGTCCCACCTTAGG,0,4652871
ybeDp,0.5,1,1,TGGGTCGTGGCATTAGATAC,0,4616058
ybeDp,0.5,1,1,TGGGTCGTCGGCAGCTAATG,0,4633821
ybeDp,0.5,1,1,TGGGTCCTTTCAGCAATCTT,0,4625455
ybeDp,0.5,1,1,TGGGTCATCGCATAGGGAAC,0,4601062
ybeDp,0.5,1,1,TGGGTCACGTTTAGATTGTC,0,4634928
ybeDp,0.5,1,1,TGGGTAGGTGAACCAAATAA,0,4608981
ybeDp,0.5,1,1,TGGGTACAAGCAGGGCGCTG,0,4687033
ybeDp,0.5,1,1,TGGGGGCCTGACGTCTGACG,0,4661837
ybeDp,0.5,1,1,TGGGGGCACGTATAGTTTGC,0,4614674
ybeDp,0.5,1,1,TGGGGGAGCTAGCATACTTC,0,4639993
ybeDp,0.5,1,1,TGGGGCTAATACCTGTCCAA,0,4632177
ybeDp,0.5,1,1,TGGGGATGTATCTCAAGTAG,0,4668392
ybeDp,0.5,1,1,TGGGGACAGCGGGGTGGGGT,0,4630500
ybeDp,0.5,1,1,TGGGCCGGTATGGAACAACT,0,4608659
ybeDp,0.5,1,1,TGGGCAGGTAAAAATTGACT,0,4613433
ybeDp,0.5,1,1,TGGGATCCACTTGCACCGAT,0,4671296
ybeDp,0.5,1,1,TGGGACCCTTGAGCGTACGG,0,4688020
ybeDp,0.5,1,1,TGGGAAATTTACTTACTATG,0,4677403
ybeDp,0.5,1,1,TGGCTTGGGCCGTAGGAGAT,0,4681384
ybeDp,0.5,1,1,TGGCTTCCGTCTACGGTAGA,0,4628733
ybeDp,0.5,1,1,TGGCTGTGCGCGAGCAAGGT,0,4659601
ybeDp,0.5,1,1,TGGCTCACGTGAAACGATAC,0,4604413
ybeDp,0.5,1,1,TGGCGTCGTGAATGGGGCTT,0,4653429
ybeDp,0.5,1,1,TGGCGAGCACTGTGTAGCCA,0,4649331
ybeDp,0.5,1,1,TGGCCTCTTGACTCGAAGAC,0,4684378
ybeDp,0.5,1,1,TGGCCAAGATTGCACACTCA,0,4646365
ybeDp,0.5,1,1,TGGCATTCGCCCCGGCCTTT,0,4658220
ybeDp,0.5,1,1,TGGCAAGGTTTTTTCACCAT,0,4605408
ybeDp,0.5,1,1,TGGATGGCCCGAAATATGAT,0,4630199
ybeDp,0.5,1,1,TGGAGTTCCCATCGAAAGGA,0,4643612
ybeDp,0.5,1,1,TGGAGCTGTCTGCCGGATTT,0,4680991
ybeDp,0.5,1,1,TGGAGCCACCTACGTGCCGC,0,4653668
ybeDp,0.5,1,1,TGGAGCATGACCACATCGCA,0,4640351
ybeDp,0.5,1,1,TGGAGAACGGGCTTTACGCA,0,4636660
ybeDp,0.5,1,1,TGGAGAAAATTCGCAGTCCC,0,4670418
ybeDp,0.5,1,1,TGGACACCAATTGATGGGAG,0,4628266
ybeDp,0.5,1,1,TGGACAAGAACACAAGCAGC,0,4629522
ybeDp,0.5,1,1,TGGACAACAGCTGCTTACCT,0,4674310
ybeDp,0.5,1,1,TGGAAGTCAAACAGTTAAAT,0,4614176
ybeDp,0.5,1,1,TGCTTGCCGCAGATGATTTA,0,4605375
ybeDp,0.5,1,1,TGCTTCTCGTTACCAGTGTA,0,4629486
ybeDp,0.5,1,1,TGCTGCCTATGGGCGTTACC,0,4653201
ybeDp,0.5,1,1,TGCTCGGTTGTCCACTGCCC,0,4628534
ybeDp,0.5,1,1,TGCTCGAGTGAGCTCTACGA,0,4614636
ybeDp,0.5,1,1,TGCTCCGTTACGACCGAGAT,0,4629547
ybeDp,0.5,1,1,TGCTCAACGGGCCGATGGGA,0,4673236
ybeDp,0.5,1,1,TGCTAGGGGCTGGCAAAGTT,0,4656888
ybeDp,0.5,1,1,TGCTACTATGAGGGTGAAAT,0,4647146
ybeDp,0.5,1,1,TGCTACCTCGAGCCAACTTC,0,4606132
ybeDp,0.5,1,1,TGCGTTCCGAAAAATGTTGT,0,4651499
ybeDp,0.5,1,1,TGCGTCTGCGCGATACCTGA,0,4673613
ybeDp,0.5,1,1,TGCGTACTGATCCCTCGAAC,0,4677829
ybeDp,0.5,1,1,TGCGGTCCGGGCTCTGTTAG,0,4612451
ybeDp,0.5,1,1,TGCGGTAATTACATGGAACC,0,4665316
ybeDp,0.5,1,1,TGCGGACCCTATACCCATCC,0,4659593
ybeDp,0.5,1,1,TGCGCTATAGGTATTGCAAC,0,4672278
ybeDp,0.5,1,1,TGCGCCTTAGGATTTTTTGC,0,4645014
ybeDp,0.5,1,1,TGCGCATAGGAGAGAGGAGT,0,4668760
ybeDp,0.5,1,1,TGCGCAGGGCAGGCTTCAGT,0,4679849
ybeDp,0.5,1,1,TGCGCAAGCTCTGCGTTAGC,0,4666007
ybeDp,0.5,1,1,TGCCTTAAATCATCTGTACT,0,4644486
ybeDp,0.5,1,1,TGCCGTCGGCCCAATATCGG,0,4602744
ybeDp,0.5,1,1,TGCCGGTTATTCGGAAACTC,0,4671453
ybeDp,0.5,1,1,TGCCGGTCAACGATTGGTCA,0,4680419
ybeDp,0.5,1,1,TGCCGGACGTCAGTTAGTGG,0,4606574
ybeDp,0.5,1,1,TGCCCTTCGTAATGGACAGT,0,4686603
ybeDp,0.5,1,1,TGCCCCGTATTCGTTGTGGA,0,4687534
ybeDp,0.5,1,1,TGCCCAGGCCAGTCCCTGGT,0,4662295
ybeDp,0.5,1,1,TGCCCACATTGGTGGAGGGT,0,4652447
ybeDp,0.5,1,1,TGCCAGAGAGATCGGAACGT,0,4685408
ybeDp,0.5,1,1,TGCCAACTAAGGGGGGTTTA,0,4686743
ybeDp,0.5,1,1,TGCATCAAAGTACGGTCAAG,0,4670087
ybeDp,0.5,1,1,TGCAGGTGAGAGAGATTAGA,0,4637185
ybeDp,0.5,1,1,TGCAGATCCATATCGCCGTT,0,4683852
ybeDp,0.5,1,1,TGCACTTACTTCTGATTATG,0,4669540
ybeDp,0.5,1,1,TGCACTATATCGTATGGGCT,0,4672078
ybeDp,0.5,1,1,TGCACGTTTTCTGAACCCGG,0,4638112
ybeDp,0.5,1,1,TGCAATCACATGTCTACAGA,0,4666715
ybeDp,0.5,1,1,TGCAAGTCGTCGTATAATGG,0,4675666
ybeDp,0.5,1,1,TGATTTTGTCGCAATACGGG,0,4631684
ybeDp,0.5,1,1,TGATTTGTTGAAACCGATGC,0,4657794
ybeDp,0.5,1,1,TGATTGGCGCCGCTTGAAGC,0,4677941
ybeDp,0.5,1,1,TGATTGAGCCAGCTTGCACA,0,4633353
ybeDp,0.5,1,1,TGATCTGCATCAACTGGGGC,0,4680709
ybeDp,0.5,1,1,TGATCTCGTCGGAATCCTAA,0,4646856
ybeDp,0.5,1,1,TGATCCGCGGACACAGAGCG,0,4643331
ybeDp,0.5,1,1,TGATATTAACTATCCGACGG,0,4638568
ybeDp,0.5,1,1,TGATAAGAATGGTCTGGGAC,0,4659526
ybeDp,0.5,1,1,TGAGTTCATTGCGGTGACCT,0,4627032
ybeDp,0.5,1,1,TGAGTGTATCGTTATCGAGG,0,4681694
ybeDp,0.5,1,1,TGAGTATCTACGCAGTGTGA,0,4640841
ybeDp,0.5,1,1,TGAGGGGGCTCCTGGTCTAG,0,4604294
ybeDp,0.5,1,1,TGAGGGGATCTTTTTGGTTC,0,4687375
ybeDp,0.5,1,1,TGAGGCGAGCGGAACAGTAA,0,4670464
ybeDp,0.5,1,1,TGAGGAATGTCCGGTGATAA,0,4601263
ybeDp,0.5,1,1,TGAGCTCTACGCCTGGTGAT,0,4664156
ybeDp,0.5,1,1,TGAGCGCTCTCATCAGTTGC,0,4680560
ybeDp,0.5,1,1,TGAGCCTCGGTGATTCTCTG,0,4624671
ybeDp,0.5,1,1,TGAGCCGGTCTCCCGCTCTC,0,4612363
ybeDp,0.5,1,1,TGAGAACTCGATGTAACGCT,0,4610344
ybeDp,0.5,1,1,TGACTTTCGGTGGTCCCATG,0,4666792
ybeDp,0.5,1,1,TGACTTTATACTGCAAAGGG,0,4629801
ybeDp,0.5,1,1,TGACTGCACATTTAAGGTAT,0,4648698
ybeDp,0.5,1,1,TGACGCTCGTTAAGGACACC,0,4650636
ybeDp,0.5,1,1,TGACGCTCCGCTAGAGTCAG,0,4611391
ybeDp,0.5,1,1,TGACGAATACCAGGACAGGG,0,4602608
ybeDp,0.5,1,1,TGACCTGTAGAAGTTGAGAC,0,4630908
ybeDp,0.5,1,1,TGACCCGGGCACGTGCGTCT,0,4670010
ybeDp,0.5,1,1,TGACACGGTCAGACATGCTG,0,4610813
ybeDp,0.5,1,1,TGAATTGTTGCCCGGTGCAT,0,4658315
ybeDp,0.5,1,1,TGAATTGTGAGTAAAGTCTT,0,4636916
ybeDp,0.5,1,1,TGAATTGTAGTTAGGTAACA,0,4610178
ybeDp,0.5,1,1,TGAATTCTAGTCTTAGTCTT,0,4666733
ybeDp,0.5,1,1,TGAATGTATGTGACACCGTT,0,4663544
ybeDp,0.5,1,1,TGAATGGCCAGTACACCACA,0,4609387
ybeDp,0.5,1,1,TGAAGGTCGCGAGAACCTGT,0,4616437
ybeDp,0.5,1,1,TGAAGCCCAGCGTGAAAGGA,0,4646173
ybeDp,0.5,1,1,TGAACATCAGAGCTATTACG,0,4622584
ybeDp,0.5,1,1,TGAACAAGACATTTTAAAAA,0,4671140
ybeDp,0.5,1,1,TGAACAACAAGGAGGGAATT,0,4682593
ybeDp,0.5,1,1,TGAAAAATCGGGAAGTGCAG,0,4679674
ybeDp,0.5,1,1,TCTTTCTAAGTCGGAGCAAG,0,4623949
ybeDp,0.5,1,1,TCTTGCCCTTCTTCGCTTAG,0,4672094
ybeDp,0.5,1,1,TCTTGACAACTTACCACCAA,0,4645157
ybeDp,0.5,1,1,TCTTCTGTACGCTGGTGTCC,0,4680719
ybeDp,0.5,1,1,TCTTATGTGGGAAAATTTCG,0,4615643
ybeDp,0.5,1,1,TCTTATGCTTAAAGTGGAAG,0,4642561
ybeDp,0.5,1,1,TCTTATAAAGTGCCTAAGGC,0,4615974
ybeDp,0.5,1,1,TCTTACTAACGTTTTATGGT,0,4600908
ybeDp,0.5,1,1,TCTTACGCAATTAGCGTGTG,0,4637135
ybeDp,0.5,1,1,TCTTACGACGGGACTTAGAT,0,4632930
ybeDp,0.5,1,1,TCTTAAGCATAAGTCATGGA,0,4681121
ybeDp,0.5,1,1,TCTTAACAGCTATGGGCTCA,0,4616497
ybeDp,0.5,1,1,TCTGTGACGGAATGTGTTCG,0,4605824
ybeDp,0.5,1,1,TCTGGTTTTTGCGTTATTTG,0,4669419
ybeDp,0.5,1,1,TCTGGAACTGTAGACCCAAT,0,4644511
ybeDp,0.5,1,1,TCTGCACTCGATATCCTGCA,0,4659299
ybeDp,0.5,1,1,TCTGCACGTCGAGTCATCCC,0,4639558
ybeDp,0.5,1,1,TCTGAGACGATGGCGCTGGA,0,4669964
ybeDp,0.5,1,1,TCTGACATGGGGGAAAAAGA,0,4641598
ybeDp,0.5,1,1,TCTGAAGTCTAGACAGCCCA,0,4660925
ybeDp,0.5,1,1,TCTGAAACGGATCGGCATCA,0,4675043
ybeDp,0.5,1,1,TCTCTGAATCCAGCTTTCCT,0,4618769
ybeDp,0.5,1,1,TCTCGGTTTCTTACATTCCT,0,4653608
ybeDp,0.5,1,1,TCTCGCTGAAAGGTTTTCAC,0,4666992
ybeDp,0.5,1,1,TCTCGCGGTTCACCGTAAGA,0,4608281
ybeDp,0.5,1,1,TCTCCCGTACTACGCTCGTT,0,4614228
ybeDp,0.5,1,1,TCTCCAGGGAATGTACTTCG,0,4671645
ybeDp,0.5,1,1,TCTCATCAGGTCTGAGTCAT,0,4680288
ybeDp,0.5,1,1,TCTCAGTCCAAGCTTTTTAC,0,4671555
ybeDp,0.5,1,1,TCTCACCATTCAAACGTACA,0,4615545
ybeDp,0.5,1,1,TCTCAACGTGTAGCACGAGG,0,4651796
ybeDp,0.5,1,1,TCTATGCGTACTGATCACAC,0,4637702
ybeDp,0.5,1,1,TCTAGGCAGCGTGATAACTG,0,4674294
ybeDp,0.5,1,1,TCTAGGACGTGCTAGGATCG,0,4641912
ybeDp,0.5,1,1,TCTAGCTTGTCCGCCAGAAC,0,4633027
ybeDp,0.5,1,1,TCTACTGGTGTAATTGGTTG,0,4626870
ybeDp,0.5,1,1,TCTACCCCTATCGTCACTAT,0,4671713
ybeDp,0.5,1,1,TCTACAAACCGTGCCTTATT,0,4682961
ybeDp,0.5,1,1,TCTAACGGAACCGCACAGTT,0,4656072
ybeDp,0.5,1,1,TCGTTTCGGGGGGCACCCTA,0,4682313
ybeDp,0.5,1,1,TCGTTTCACGCCATGGGCGG,0,4662448
ybeDp,0.5,1,1,TCGTTGTCCAATATGCTGAA,0,4627319
ybeDp,0.5,1,1,TCGTTCGGTCAGCGTGTCAG,0,4681994
ybeDp,0.5,1,1,TCGTGTTGTCCATGGATGAT,0,4610183
ybeDp,0.5,1,1,TCGTGTGGGAAATTCGGGGT,0,4651839
ybeDp,0.5,1,1,TCGTGGTTCCTTCCTCGGGG,0,4641871
ybeDp,0.5,1,1,TCGTGGACAGTTTTATTCTC,0,4608964
ybeDp,0.5,1,1,TCGTGCCTTTTTTGCCGCGC,0,4643917
ybeDp,0.5,1,1,TCGTGAAGACGGGATCTAAG,0,4625059
ybeDp,0.5,1,1,TCGTCGCCCTGGGCGACACC,0,4667243
ybeDp,0.5,1,1,TCGTCGCCAGCGCCTGGTCA,0,4606965
ybeDp,0.5,1,1,TCGTCAGGACGAGCGCTCGG,0,4649103
ybeDp,0.5,1,1,TCGTATGTTACAAGTCCCCA,0,4620403
ybeDp,0.5,1,1,TCGTAGTAGCATTGAACCCC,0,4639721
ybeDp,0.5,1,1,TCGTAGGTATACCCCCCTAA,0,4645454
ybeDp,0.5,1,1,TCGTAACCGGAATTGAAGTT,0,4669184
ybeDp,0.5,1,1,TCGGTTGTCACTAAATACAA,0,4631066
ybeDp,0.5,1,1,TCGGTTCATTTTTAGGAGAA,0,4620204
ybeDp,0.5,1,1,TCGGTGCATTCTATTATCGC,0,4675671
ybeDp,0.5,1,1,TCGGTCTTACCTAGTCTTTC,0,4622078
ybeDp,0.5,1,1,TCGGTAGCTGCCTGTGCGCG,0,4665790
ybeDp,0.5,1,1,TCGGGTTCGGAACAGAGCAT,0,4617390
ybeDp,0.5,1,1,TCGGGGGCGCGATACACGCT,0,4621976
ybeDp,0.5,1,1,TCGGGACCAGAGAAAATACT,0,4636129
ybeDp,0.5,1,1,TCGGCTAGAATTGAGGTAAA,0,4646492
ybeDp,0.5,1,1,TCGGCCCTCCGCAGAACACG,0,4682985
ybeDp,0.5,1,1,TCGGCATCCTATATGTATAT,0,4618444
ybeDp,0.5,1,1,TCGGAGAGAGGGGGGAAACT,0,4648145
ybeDp,0.5,1,1,TCGGACGGTTCCGTGGAAAT,0,4631243
ybeDp,0.5,1,1,TCGGACCAACCGAGGAGCAT,0,4621076
ybeDp,0.5,1,1,TCGCTTTCTCGCTGTGCGCG,0,4662609
ybeDp,0.5,1,1,TCGCTTAGGGGCTCATTGGA,0,4627510
ybeDp,0.5,1,1,TCGCTGCGCTAGAAGTGTCC,0,4652298
ybeDp,0.5,1,1,TCGCTAAACAATCCACATAA,0,4685798
ybeDp,0.5,1,1,TCGCGTTGTGTCAAATATAC,0,4635126
ybeDp,0.5,1,1,TCGCGTATCCTCAACGGAGA,0,4653634
ybeDp,0.5,1,1,TCGCGGTTTCCGGGGACTCA,0,4682256
ybeDp,0.5,1,1,TCGCGATATACGCGCGACTG,0,4626661
ybeDp,0.5,1,1,TCGCGAGATACAAGACCCGT,0,4666734
ybeDp,0.5,1,1,TCGCCTGGCGTACCTAGCCC,0,4687388
ybeDp,0.5,1,1,TCGCCGCCTGGCTGAGAAAC,0,4623696
ybeDp,0.5,1,1,TCGCCCTAAGTCTGCATCTC,0,4602698
ybeDp,0.5,1,1,TCGCAGGCAATATTAAGAAG,0,4626284
ybeDp,0.5,1,1,TCGATGGTGGTAGCATTGTT,0,4680968
ybeDp,0.5,1,1,TCGATCGGTTTGAGTGACTA,0,4606700
ybeDp,0.5,1,1,TCGACCAATGCGCAGCATAT,0,4639976
ybeDp,0.5,1,1,TCGACAGCACCGCGGGCATC,0,4635156
ybeDp,0.5,1,1,TCGACACCCAGGACTGTAAC,0,4617486
ybeDp,0.5,1,1,TCGAACTGCCGCGGCGTCTA,0,4628971
ybeDp,0.5,1,1,TCCTTTTCCGCAGGCTCAAA,0,4629319
ybeDp,0.5,1,1,TCCTTTAGTCGTATCCCGGC,0,4646522
ybeDp,0.5,1,1,TCCTTCGCCGCGCGAGGGTC,0,4606370
ybeDp,0.5,1,1,TCCTGAAATGTTGGCCTACG,0,4631896
ybeDp,0.5,1,1,TCCTCGGCATGTATGTGATA,0,4624384
ybeDp,0.5,1,1,TCCTCAATGACTGGCGCCTA,0,4631114
ybeDp,0.5,1,1,TCCTATGTCTTGGTAACCTG,0,4629907
ybeDp,0.5,1,1,TCCTATGGGTTTGGTGGCGA,0,4643928
ybeDp,0.5,1,1,TCCTATCGGTCAACAAAGAT,0,4631294
ybeDp,0.5,1,1,TCCTAGAAAGCACGGTACGA,0,4633837
ybeDp,0.5,1,1,TCCTACGTTGGTATGAGAAA,0,4636674
ybeDp,0.5,1,1,TCCGTGTCGCACTAGCGCGG,0,4630847
ybeDp,0.5,1,1,TCCGGCGCTTGCCCTCGCCC,0,4661154
ybeDp,0.5,1,1,TCCGGCATGGATATGCTTGT,0,4666572
ybeDp,0.5,1,1,TCCGCCGGAGGTCTTCATGA,0,4606624
ybeDp,0.5,1,1,TCCGAATCCTGTAATACTGT,0,4615696
ybeDp,0.5,1,1,TCCCTATCGCTCGAGATATA,0,4634120
ybeDp,0.5,1,1,TCCCTAATGGACCGAGCATC,0,4652597
ybeDp,0.5,1,1,TCCCGTTACTCCCTCCCTTA,0,4643726
ybeDp,0.5,1,1,TCCCGTAATAAGACGTGCTC,0,4650136
ybeDp,0.5,1,1,TCCCCCGGCGCCATGTCGAC,0,4656969
ybeDp,0.5,1,1,TCCCAGGGCGAGACCCCTAA,0,4645205
ybeDp,0.5,1,1,TCCCAGGCGTTAAATGAAGG,0,4628548
ybeDp,0.5,1,1,TCCCAAGAGAAGTGGAATCG,0,4670093
ybeDp,0.5,1,1,TCCAGAAGAACATGATGGTC,0,4682479
ybeDp,0.5,1,1,TCCACGTACTTATTGGCCTG,0,4603415
ybeDp,0.5,1,1,TCCACGATCCGCGGGGTAAA,0,4612414
ybeDp,0.5,1,1,TCCAAATGAATGCATATACG,0,4675577
ybeDp,0.5,1,1,TCCAAATATATTTTCTATCG,0,4647272
ybeDp,0.5,1,1,TCATTCCACAAAGGCATGAG,0,4674112
ybeDp,0.5,1,1,TCATTCATGGATTGGCGCAC,0,4617207
ybeDp,0.5,1,1,TCATTATTAGATCGCGTCGG,0,4636768
ybeDp,0.5,1,1,TCATGGTGCGTTGCTCTAAT,0,4639925
ybeDp,0.5,1,1,TCATCCATGTGTGGCGGGAG,0,4644888
ybeDp,0.5,1,1,TCATATCCATACTTTCAAAC,0,4656501
ybeDp,0.5,1,1,TCATATCACGTTTAGCTGGT,0,4646160
ybeDp,0.5,1,1,TCATAGCACCAAATCGGCCA,0,4679007
ybeDp,0.5,1,1,TCATAAAGCCATGGTCTACG,0,4623460
ybeDp,0.5,1,1,TCAGTTTCATACCCAGAACC,0,4619788
ybeDp,0.5,1,1,TCAGTACAGCCGCCAGTTAC,0,4650839
ybeDp,0.5,1,1,TCAGGTCGGACGAGCGTAGT,0,4626823
ybeDp,0.5,1,1,TCAGGTCATGGTAGTTCTTC,0,4663472
ybeDp,0.5,1,1,TCAGGGAACCTTTGTAAATG,0,4602775
ybeDp,0.5,1,1,TCAGGATCCAAGTCTACCCA,0,4642702
ybeDp,0.5,1,1,TCAGCGTCAACTCCCGCAAG,0,4624256
ybeDp,0.5,1,1,TCAGCCTTAATTTAAAAACT,0,4622003
ybeDp,0.5,1,1,TCAGAGCAGCCCCCATAGAA,0,4618407
ybeDp,0.5,1,1,TCACTTGGGGTCCTGGCATG,0,4670390
ybeDp,0.5,1,1,TCACTTGCGCGCGACGACTT,0,4655186
ybeDp,0.5,1,1,TCACTTGCGAGTTGCGATGG,0,4672290
ybeDp,0.5,1,1,TCACTTATGTGTTCGCGAAT,0,4664527
ybeDp,0.5,1,1,TCACTGGCGGTTCCTCTTCA,0,4687214
ybeDp,0.5,1,1,TCACTCCTGTTAGAACCGTC,0,4657530
ybeDp,0.5,1,1,TCACTATCTTTAACAGACCA,0,4613709
ybeDp,0.5,1,1,TCACTAATGGCAGCCCGTGG,0,4653720
ybeDp,0.5,1,1,TCACGGACTTTGAACGTAGT,0,4638031
ybeDp,0.5,1,1,TCACGCTGGGCGTGATGGTT,0,4682809
ybeDp,0.5,1,1,TCACGCTAGGATTTATTGGC,0,4654443
ybeDp,0.5,1,1,TCACGCAGGCTCCTTTCTGA,0,4611970
ybeDp,0.5,1,1,TCACGATGGACAGTGATCAG,0,4625335
ybeDp,0.5,1,1,TCACGAAATCAGTGCTAATG,0,4674975
ybeDp,0.5,1,1,TCACCGCATTCCGAATGAGC,0,4628563
ybeDp,0.5,1,1,TCACCCAGCGAGTGAACTTG,0,4641076
ybeDp,0.5,1,1,TCACATGTGCCGGTCCAACT,0,4608651
ybeDp,0.5,1,1,TCACAGTTTCTTTAGATTAA,0,4672451
ybeDp,0.5,1,1,TCACAGTCTAACAATTACAA,0,4665499
ybeDp,0.5,1,1,TCACACCAGTTGCACGTGCG,0,4654802
ybeDp,0.5,1,1,TCAATTGTTTAGTAGTCAAC,0,4666845
ybeDp,0.5,1,1,TCAATGTTTAAGTTTAGTCC,0,4671991
ybeDp,0.5,1,1,TCAATACGCTGGTATGCGCC,0,4656388
ybeDp,0.5,1,1,TCAAGTCATGCACATCGCAT,0,4628539
ybeDp,0.5,1,1,TCAAGGAAAACATTTGTATC,0,4629081
ybeDp,0.5,1,1,TCAAGCGGGGTGGTAGTCAA,0,4627486
ybeDp,0.5,1,1,TCAAGCCGTCCGTATTTTAC,0,4631346
ybeDp,0.5,1,1,TCAAGAATCCTATGCCTAGG,0,4678277
ybeDp,0.5,1,1,TCAACGTGTCTTTGCTTGTT,0,4626652
ybeDp,0.5,1,1,TCAACGATAATAAAACTGAA,0,4617062
ybeDp,0.5,1,1,TCAACAATGTAGAATTCGAT,0,4611574
ybeDp,0.5,1,1,TCAAAGAGGTTTATGTGATT,0,4665884
ybeDp,0.5,1,1,TATTTTGGTTAACCGTCATA,0,4636044
ybeDp,0.5,1,1,TATTTCCGGTGATTCAACCA,0,4641433
ybeDp,0.5,1,1,TATTGTAGCGCATTCTACTA,0,4686670
ybeDp,0.5,1,1,TATTCCCTCACTCGGATGGA,0,4653824
ybeDp,0.5,1,1,TATTCCATGGATACATGGCC,0,4617439
ybeDp,0.5,1,1,TATTATCGCTGTAAAATCAA,0,4657514
ybeDp,0.5,1,1,TATTAGCGGCATTTCCGACC,0,4611203
ybeDp,0.5,1,1,TATGTTCGACTGCGCACAAT,0,4647723
ybeDp,0.5,1,1,TATGGTAGTTATATTGCACC,0,4666094
ybeDp,0.5,1,1,TATGGGTGCATTCGTACATA,0,4630085
ybeDp,0.5,1,1,TATGGAGAAATCATGTTAGG,0,4633277
ybeDp,0.5,1,1,TATGCTCTCTACCTGGCGTG,0,4673501
ybeDp,0.5,1,1,TATGCGCACAGATCCTTCTT,0,4671245
ybeDp,0.5,1,1,TATGACTCTTCGGTTTCGCG,0,4618779
ybeDp,0.5,1,1,TATGAAGGCGTCATTCAATC,0,4640454
ybeDp,0.5,1,1,TATCTTACAAACGGTATCGT,0,4609980
ybeDp,0.5,1,1,TATCTGCTAGTCGGAATCAG,0,4660526
ybeDp,0.5,1,1,TATCGGAAGTGCCACAGAAG,0,4629445
ybeDp,0.5,1,1,TATCGATGCCATGCTCAGGG,0,4639415
ybeDp,0.5,1,1,TATCGATCCGCTCAGAGGTT,0,4635995
ybeDp,0.5,1,1,TATCACGTTATCAAAAGGAC,0,4609218
ybeDp,0.5,1,1,TATCACAAATGGAACACGCG,0,4671697
ybeDp,0.5,1,1,TATATTGTATCTTCATTCAT,0,4631840
ybeDp,0.5,1,1,TATATATTGCGGTTTTGTGA,0,4660666
ybeDp,0.5,1,1,TATATACGAGTCTACTTTTA,0,4622794
ybeDp,0.5,1,1,TATAGTGATAGCAGTCGTAC,0,4618011
ybeDp,0.5,1,1,TATAGTAGGGTTGCAGGAGG,0,4639386
ybeDp,0.5,1,1,TATAGCTTAACTAACCATTT,0,4610158
ybeDp,0.5,1,1,TATAGCCCGATTTCTTGCCT,0,4671862
ybeDp,0.5,1,1,TATACGGGATTATGAGGGCT,0,4678470
ybeDp,0.5,1,1,TATACCCCGGCACTTTGGGT,0,4674868
ybeDp,0.5,1,1,TATAAGGCAAATGATATTCT,0,4606032
ybeDp,0.5,1,1,TAGTATACCCAAGTAGTGAA,0,4604041
ybeDp,0.5,1,1,TAGGGGTTACTAAACAAATC,0,4658694
ybeDp,0.5,1,1,TAGGGGGTCCAATCTGGCGG,0,4680157
ybeDp,0.5,1,1,TAGGGGCAGGCAGATTGCTC,0,4671222
ybeDp,0.5,1,1,TAGGGCTTCGTTAAACTTTT,0,4621101
ybeDp,0.5,1,1,TAGGGCGCCCGCTATAAATA,0,4680133
ybeDp,0.5,1,1,TAGGGACCCATAGTGGGTAT,0,4678640
ybeDp,0.5,1,1,TAGGCTATCACGTCTCGGCG,0,4626031
ybeDp,0.5,1,1,TAGGACTGCCGGACGTTTAA,0,4602739
ybeDp,0.5,1,1,TAGCTTCGTTTTACGGAGCC,0,4635404
ybeDp,0.5,1,1,TAGCGGGGGTTTGGGATGAG,0,4622757
ybeDp,0.5,1,1,TAGCCGGGAGTCCTCGAATG,0,4680237
ybeDp,0.5,1,1,TAGCAGTCGCAAACCGGTCA,0,4683031
ybeDp,0.5,1,1,TAGATTTGACTGCACCTACT,0,4632982
ybeDp,0.5,1,1,TAGATACCGCCGTTATGAGG,0,4647656
ybeDp,0.5,1,1,TAGATAAACTGCAACTATCT,0,4650318
ybeDp,0.5,1,1,TAGAGGGGATGGTGGATAAC,0,4661975
ybeDp,0.5,1,1,TAGACTATGGGACGTTAAGG,0,4624984
ybeDp,0.5,1,1,TAGACCCATAATATTGCGTG,0,4675757
ybeDp,0.5,1,1,TAGACAGATAGTATACTGTT,0,4642047
ybeDp,0.5,1,1,TAGAAGCTTCTTTACTTAGT,0,4655807
ybeDp,0.5,1,1,TAGAACAAATGTATGTAGGA,0,4650337
ybeDp,0.5,1,1,TACTTTCTGGTCGCCCGCAT,0,4650354
ybeDp,0.5,1,1,TACTTGTGGACACCGGCTTA,0,4668836
ybeDp,0.5,1,1,TACTGTTAGTTGCAAAGAGT,0,4610160
ybeDp,0.5,1,1,TACTGTCAGGTGACGGTGGT,0,4638040
ybeDp,0.5,1,1,TACTGGCCATGCATGAGGCC,0,4630288
ybeDp,0.5,1,1,TACTGCCCAACGCGTATCAC,0,4600806
ybeDp,0.5,1,1,TACTCGATCCCTGGAGCGCA,0,4632597
ybeDp,0.5,1,1,TACTATAAACTCCAACCTTC,0,4655880
ybeDp,0.5,1,1,TACTACCGTCAGTCCCTGCC,0,4656683
ybeDp,0.5,1,1,TACGGGTATTCTGACCATGC,0,4615470
ybeDp,0.5,1,1,TACGGGAACAAATTTTCCAC,0,4687317
ybeDp,0.5,1,1,TACGGCGTCATGAACTCGTT,0,4667030
ybeDp,0.5,1,1,TACGCACGTTCGATAGGTTC,0,4620481
ybeDp,0.5,1,1,TACGCACCTATGCCAGTTTT,0,4680885
ybeDp,0.5,1,1,TACGATCGATTTAGCAAATG,0,4665472
ybeDp,0.5,1,1,TACGAAGGGTACGTCACTAT,0,4613249
ybeDp,0.5,1,1,TACCTTTAGCGAGATATACG,0,4683586
ybeDp,0.5,1,1,TACCTTCACAGACGGGTGGT,0,4621977
ybeDp,0.5,1,1,TACCTTAAGTGATCTGACCT,0,4603270
ybeDp,0.5,1,1,TACCTGCCCTTTCATTTTCA,0,4626923
ybeDp,0.5,1,1,TACCTCGGAGGCAAGCGAAG,0,4658984
ybeDp,0.5,1,1,TACCGTGAGTTACGGATAAG,0,4634656
ybeDp,0.5,1,1,TACCGTAGTAGGGACCTTAT,0,4658528
ybeDp,0.5,1,1,TACCGGTTTCAGCAGGTGAG,0,4657054
ybeDp,0.5,1,1,TACCGCCATTCCAACTCGGG,0,4632954
ybeDp,0.5,1,1,TACCATGCAGGCCGTTGAAG,0,4677129
ybeDp,0.5,1,1,TACCAGTTCAATAAGTGATA,0,4601556
ybeDp,0.5,1,1,TACCAGAGACTTACAGATGT,0,4677012
ybeDp,0.5,1,1,TACCACTGGCTCCGCAAGAT,0,4626034
ybeDp,0.5,1,1,TACATTTGTTGAGGCTGCGC,0,4647841
ybeDp,0.5,1,1,TACATATTATGTAATAACTC,0,4677631
ybeDp,0.5,1,1,TACAGGGCCACCGATTCTAA,0,4642126
ybeDp,0.5,1,1,TACAGCTGCGGCCACCAAGC,0,4653680
ybeDp,0.5,1,1,TACAGAGCTATATTGAGGGC,0,4676628
ybeDp,0.5,1,1,TACACTAAGGTATACTCAGC,0,4627267
ybeDp,0.5,1,1,TAATTGCTCCTGGACGGGCT,0,4667039
ybeDp,0.5,1,1,TAATGTCAACATCTGGGTGA,0,4619657
ybeDp,0.5,1,1,TAATGCAGTTAGCGGGGGGA,0,4646252
ybeDp,0.5,1,1,TAATGAGAATGCAAACCATG,0,4637236
ybeDp,0.5,1,1,TAATCTGTAGATGGATGTCG,0,4662736
ybeDp,0.5,1,1,TAATCTCTATTACGGTCCAA,0,4627139
ybeDp,0.5,1,1,TAATCCCGCACAGATAATTT,0,4684866
ybeDp,0.5,1,1,TAAGTCCAAGCATGAGTGTC,0,4611637
ybeDp,0.5,1,1,TAAGTAGGCCATTGGTGAGT,0,4613375
ybeDp,0.5,1,1,TAAGGTCACGCAGCATTAGT,0,4607984
ybeDp,0.5,1,1,TAAGGGCAGAGGAATACTAA,0,4658909
ybeDp,0.5,1,1,TAAGCAAATATAATTGGTAC,0,4631872
ybeDp,0.5,1,1,TAAGATCTAAGAAAAAAGAT,0,4666590
ybeDp,0.5,1,1,TAAGAACCACGAGCGGGGTC,0,4686736
ybeDp,0.5,1,1,TAACTGGACGCTGAAGCAGT,0,4684594
ybeDp,0.5,1,1,TAACGTATTTGGGTTCAGGC,0,4645874
ybeDp,0.5,1,1,TAACGCCTATATGCATTGTT,0,4601947
ybeDp,0.5,1,1,TAACGCATCTAAAACATGTG,0,4617246
ybeDp,0.5,1,1,TAACCTGGTCAATTTCGTCA,0,4613080
ybeDp,0.5,1,1,TAACCGTTCCAGAGGGTAAT,0,4677273
ybeDp,0.5,1,1,TAACCGGTCGTTGTAGTTCA,0,4667037
ybeDp,0.5,1,1,TAACCCTGGGTCTACATGCC,0,4685884
ybeDp,0.5,1,1,TAACCCTATGCACCTGCTGA,0,4637712
ybeDp,0.5,1,1,TAACCCCGCAGAATACATTT,0,4645793
ybeDp,0.5,1,1,TAACATGTCCGGAAGATGAG,0,4615553
ybeDp,0.5,1,1,TAACAGGTTTGGTCGTTAAA,0,4641419
ybeDp,0.5,1,1,TAACAGGTGGAGCAATGAAC,0,4660827
ybeDp,0.5,1,1,TAAATTCGGTGAGGGCGGTG,0,4685630
ybeDp,0.5,1,1,TAAATGTAAACAGGGCGTAC,0,4669777
ybeDp,0.5,1,1,TAAATGAACGGAGTCTATTA,0,4620731
ybeDp,0.5,1,1,TAAATCTCAGCTGCAAGGAA,0,4625122
ybeDp,0.5,1,1,TAAATACAGAATGCACCTTG,0,4670278
ybeDp,0.5,1,1,TAAAGTAAATTTACCGGCCC,0,4644962
ybeDp,0.5,1,1,TAAAGGCCTACGAACGCCAA,0,4648907
ybeDp,0.5,1,1,TAAAGCGTCACGGCCCATAC,0,4624838
ybeDp,0.5,1,1,TAAAGATCCAGCGGACAAAT,0,4650290
ybeDp,0.5,1,1,TAAACGCAGATTGTGGAAAA,0,4619728
ybeDp,0.5,1,1,TAAACACGTATACTGGCGTT,0,4666037
ybeDp,0.5,1,1,TAAACAAAGGATTCGTATAT,0,4614707
ybeDp,0.5,1,1,TAAAATTTCGCGTATCGATT,0,4670404
ybeDp,0.5,1,1,TAAAATACCTCTTCATTATA,0,4638030
ybeDp,0.5,1,1,GTTTTTAGTTTGGTGCCGCA,0,4643321
ybeDp,0.5,1,1,GTTTTCGAAACTGTTGATCA,0,4635267
ybeDp,0.5,1,1,GTTTGGTCAGAGCACTTTCG,0,4618692
ybeDp,0.5,1,1,GTTTGGGGTGACAACAGACA,0,4660536
ybeDp,0.5,1,1,GTTTGGGGAATTCAGAAGGG,0,4600823
ybeDp,0.5,1,1,GTTTGGGAAAATTACTCATA,0,4656029
ybeDp,0.5,1,1,GTTTGAACGTTTCGGCCAAA,0,4618837
ybeDp,0.5,1,1,GTTTCTTTTTCGTGTGCGTA,0,4643480
ybeDp,0.5,1,1,GTTTCTAGCGGCTCATCATG,0,4635911
ybeDp,0.5,1,1,GTTTCTAACCGTTATTTGCG,0,4622853
ybeDp,0.5,1,1,GTTTCCGGAACAAAATGTTT,0,4614724
ybeDp,0.5,1,1,GTTTAGGTGAGTTTTAAAGC,0,4664547
ybeDp,0.5,1,1,GTTTAGAGCTACAACGCGTT,0,4652600
ybeDp,0.5,1,1,GTTTACGGCTGGTGCTGACA,0,4681431
ybeDp,0.5,1,1,GTTTAAGTGTAAAGGAGGAC,0,4619285
ybeDp,0.5,1,1,GTTTAAACTGCAACTGCACA,0,4652127
ybeDp,0.5,1,1,GTTGTTGCTATAATATGGTG,0,4674846
ybeDp,0.5,1,1,GTTGTTATAGTAAATTCGAT,0,4673956
ybeDp,0.5,1,1,GTTGTGTTTGCGTTGTCGAG,0,4624159
ybeDp,0.5,1,1,GTTGTCCTGTACTACGGCTT,0,4664583
ybeDp,0.5,1,1,GTTGTAGAGTGGTTTCAGGT,0,4624570
ybeDp,0.5,1,1,GTTGTACTCGGCTGCTTCAG,0,4616029
ybeDp,0.5,1,1,GTTGGGTGTGCAAAGAACTT,0,4622846
ybeDp,0.5,1,1,GTTGGCGGGCGTAGGTAATA,0,4683585
ybeDp,0.5,1,1,GTTGCGTTCCGGGTGTGGTA,0,4662054
ybeDp,0.5,1,1,GTTGAGGTGCCACAGTCGTA,0,4608173
ybeDp,0.5,1,1,GTTGAAGTACCTCCGACGGT,0,4635163
ybeDp,0.5,1,1,GTTGAAAGATAGTCTCTCGT,0,4639414
ybeDp,0.5,1,1,GTTCTCCTCTGTTCTCGCGT,0,4659855
ybeDp,0.5,1,1,GTTCTCCGTACTAACGGCTG,0,4609204
ybeDp,0.5,1,1,GTTCTAGCCAGTATTAAGGA,0,4608014
ybeDp,0.5,1,1,GTTCTACCGGGGTATGGGTA,0,4613237
ybeDp,0.5,1,1,GTTCGAGAAGCAAGCACCTA,0,4629787
ybeDp,0.5,1,1,GTTCGACACTTTACATGCGC,0,4601286
ybeDp,0.5,1,1,GTTCCTTTTACAGCCCACTA,0,4666340
ybeDp,0.5,1,1,GTTCAGTTTATTTCGGGTAC,0,4641340
ybeDp,0.5,1,1,GTTATAGTTGGCGTCTCAGC,0,4618125
ybeDp,0.5,1,1,GTTATAGCGTAACCTAGACA,0,4640554
ybeDp,0.5,1,1,GTTAGGTGCACTTTCGCCTA,0,4626226
ybeDp,0.5,1,1,GTTAGCTGATCCAACTTGGC,0,4676184
ybeDp,0.5,1,1,GTTACTGTTCCCTCAGTGCG,0,4663164
ybeDp,0.5,1,1,GTTACTCGTCCACTAATACA,0,4655963
ybeDp,0.5,1,1,GTTACGTCTGAAACGTTAAC,0,4631899
ybeDp,0.5,1,1,GTTACGGGCTGAAAGGACAA,0,4605645
ybeDp,0.5,1,1,GTTAATGAGCCGTAGTGATG,0,4611659
ybeDp,0.5,1,1,GTTAAGTCCGTGGAACTGGA,0,4611278
ybeDp,0.5,1,1,GTGTTTGAAGTGTCCACAAC,0,4676749
ybeDp,0.5,1,1,GTGTTTATCGACAGGCAACA,0,4601891
ybeDp,0.5,1,1,GTGTTTATATGTCATTTACA,0,4623108
ybeDp,0.5,1,1,GTGTTGATCTGCAGTTTATG,0,4653398
ybeDp,0.5,1,1,GTGTTCGCACGTATCCGTGA,0,4661703
ybeDp,0.5,1,1,GTGTTATGCTACTCATGATC,0,4663129
ybeDp,0.5,1,1,GTGTGTTATTAGACTACGGG,0,4620172
ybeDp,0.5,1,1,GTGTGGTGGGGTTCTCGAGG,0,4629903
ybeDp,0.5,1,1,GTGTGGGCTGGTTCATCAGT,0,4626332
ybeDp,0.5,1,1,GTGTGCTCCAACACGCTAGT,0,4677234
ybeDp,0.5,1,1,GTGTGCATATGTTGTCCGGG,0,4606806
ybeDp,0.5,1,1,GTGTGAGTGCCAACCGGAAC,0,4643310
ybeDp,0.5,1,1,GTGTGACGCCACTTTTTCTA,0,4613869
ybeDp,0.5,1,1,GTGTCTTTCAGGGCGGAGTA,0,4686148
ybeDp,0.5,1,1,GTGTCAAAGGTTGACAGATC,0,4638061
ybeDp,0.5,1,1,GTGTATTAACTGGCGCGTGT,0,4614829
ybeDp,0.5,1,1,GTGTAGGCAGTAAGTCAGGT,0,4655785
ybeDp,0.5,1,1,GTGTAGCCATAGAATTGCAC,0,4669350
ybeDp,0.5,1,1,GTGTAATGCGACTACTCATA,0,4666640
ybeDp,0.5,1,1,GTGTAACGGATTCCACACCA,0,4620230
ybeDp,0.5,1,1,GTGGTCGGCTATCATACTTA,0,4651125
ybeDp,0.5,1,1,GTGGGTGAAACCGGCTCTGT,0,4601116
ybeDp,0.5,1,1,GTGGGTCGGGGTCATCGTCC,0,4683698
ybeDp,0.5,1,1,GTGGGAAATGGCATCACATT,0,4632668
ybeDp,0.5,1,1,GTGGCTGAAGATCCAGGGCG,0,4605335
ybeDp,0.5,1,1,GTGGCTCTGATGAAGGGGTC,0,4686313
ybeDp,0.5,1,1,GTGGCAACGCCAAAGATCAA,0,4610047
ybeDp,0.5,1,1,GTGGACACACTCGCTAGGGC,0,4662288
ybeDp,0.5,1,1,GTGCTTTATTAATACATTAT,0,4638401
ybeDp,0.5,1,1,GTGCTTACTTTATTACCCTA,0,4614021
ybeDp,0.5,1,1,GTGCTGAAAGTTTAAGGGGT,0,4642262
ybeDp,0.5,1,1,GTGCGCGTGAACGGAAAAGG,0,4669587
ybeDp,0.5,1,1,GTGCGATATTTATGTTTCAA,0,4668558
ybeDp,0.5,1,1,GTGCCTTAATCCCTCGTCGT,0,4681687
ybeDp,0.5,1,1,GTGCCCTTTTTGAGGGCGTA,0,4601412
ybeDp,0.5,1,1,GTGCCCCCACATGATATCAT,0,4684791
ybeDp,0.5,1,1,GTGCCCAGCGAACCACATCG,0,4658363
ybeDp,0.5,1,1,GTGAGTTCCTTCGGGGGGGA,0,4668407
ybeDp,0.5,1,1,GTGAGAGGGCCTACGGCCGC,0,4671662
ybeDp,0.5,1,1,GTGAGAACCTCGAAGTAGTA,0,4683802
ybeDp,0.5,1,1,GTGACGCATCACCTGCGTTC,0,4602781
ybeDp,0.5,1,1,GTGACAGGGGTTATCCCCTA,0,4616113
ybeDp,0.5,1,1,GTGAATATGCACCAGGTAAG,0,4684889
ybeDp,0.5,1,1,GTGAAAGTGTGGGGCATACC,0,4619429
ybeDp,0.5,1,1,GTCTTGCGCCGGCGCTATTC,0,4634216
ybeDp,0.5,1,1,GTCTTCATGGAGTCTCCCTT,0,4635552
ybeDp,0.5,1,1,GTCTTATTGCGGGGTTGAAT,0,4666812
ybeDp,0.5,1,1,GTCTTACGAAGGGATGACGG,0,4653006
ybeDp,0.5,1,1,GTCTGTAAATCATTCCCCGA,0,4623740
ybeDp,0.5,1,1,GTCTGATCATATCGGGTTTT,0,4611132
ybeDp,0.5,1,1,GTCTCTCGCTACGGTTCGTG,0,4666819
ybeDp,0.5,1,1,GTCTCTAGGTTGCTTGTCTT,0,4645075
ybeDp,0.5,1,1,GTCTCGAGTCGTTGATCGAA,0,4601466
ybeDp,0.5,1,1,GTCTCCACGTTATCTTGCAC,0,4665415
ybeDp,0.5,1,1,GTCTACTCCTCCGTGTTAGT,0,4648496
ybeDp,0.5,1,1,GTCTAAGTGTTGAAACGGAA,0,4634568
ybeDp,0.5,1,1,GTCGTGCGCTTGTGCCCTGG,0,4657513
ybeDp,0.5,1,1,GTCGGGCCGATCCCAGCACA,0,4650143
ybeDp,0.5,1,1,GTCGGGATGAAGGTGATACA,0,4633041
ybeDp,0.5,1,1,GTCGCTATGCTTGAGAGCAC,0,4616485
ybeDp,0.5,1,1,GTCGATGTTTAGCATTTATG,0,4612811
ybeDp,0.5,1,1,GTCGATCTAGCTAGACACTA,0,4656803
ybeDp,0.5,1,1,GTCGAGTTTGTACCATGGGT,0,4685604
ybeDp,0.5,1,1,GTCGAGTCTGTCCGCGGTGT,0,4628133
ybeDp,0.5,1,1,GTCCTGCAACCCGGACTAGG,0,4651577
ybeDp,0.5,1,1,GTCCTACCCTGCCCATTTTA,0,4677151
ybeDp,0.5,1,1,GTCCGCGTGCGCGTAAGAGT,0,4670098
ybeDp,0.5,1,1,GTCCGAAACCTTACGCTGCC,0,4644879
ybeDp,0.5,1,1,GTCCCTCCGAGGAACGACCG,0,4676764
ybeDp,0.5,1,1,GTCCCAGAGGGCATACCCAA,0,4633020
ybeDp,0.5,1,1,GTCATGTACTGCCGGCCGTT,0,4605140
ybeDp,0.5,1,1,GTCATCATTGCCGTATCCAT,0,4649187
ybeDp,0.5,1,1,GTCAGTGTGAAGACGAGGAA,0,4641710
ybeDp,0.5,1,1,GTCAGCTGTGCCATTAATTT,0,4624391
ybeDp,0.5,1,1,GTCAGCACTTTTCAGGATGG,0,4652823
ybeDp,0.5,1,1,GTCAGCACCAACATCAAACT,0,4670754
ybeDp,0.5,1,1,GTCAGAGGGATATGCGGTCG,0,4679372
ybeDp,0.5,1,1,GTCACGATCGCCCTGGTGGC,0,4662296
ybeDp,0.5,1,1,GTCACGAGCGCTAAGGCGTG,0,4677625
ybeDp,0.5,1,1,GTCACCTGTGAGGAAGCCAA,0,4683943
ybeDp,0.5,1,1,GTCAAGTCTTAGGCTAGTAA,0,4615376
ybeDp,0.5,1,1,GTCAACAACCTCGAGGGGGG,0,4625360
ybeDp,0.5,1,1,GTATTTGTGAATGACCTAAG,0,4677489
ybeDp,0.5,1,1,GTATTAGGTCCCTCGCTAGA,0,4604475
ybeDp,0.5,1,1,GTATTAAATGGTAATATAAT,0,4662791
ybeDp,0.5,1,1,GTATGTACCGCATTGCAAGA,0,4679843
ybeDp,0.5,1,1,GTATGGGGTGCGGGCTAATA,0,4624614
ybeDp,0.5,1,1,GTATGCGAATATGCGCCTCT,0,4666446
ybeDp,0.5,1,1,GTATGCCCGGTCCTTCATGA,0,4604753
ybeDp,0.5,1,1,GTATGAAGGCTAAGACGTAA,0,4668310
ybeDp,0.5,1,1,GTATCTGCTAACTGAAGTCT,0,4641922
ybeDp,0.5,1,1,GTATCTAAAACCCTGCGACG,0,4672194
ybeDp,0.5,1,1,GTATCGGCAGGCGTCTTAAA,0,4625477
ybeDp,0.5,1,1,GTATCGGAAACACATCACCC,0,4629239
ybeDp,0.5,1,1,GTATCGCTAGTAGTTGAGAC,0,4616022
ybeDp,0.5,1,1,GTATAGGTAAAGCTACGAAC,0,4631106
ybeDp,0.5,1,1,GTAGTTTCAACCTTTGCTTC,0,4677229
ybeDp,0.5,1,1,GTAGTCTCGACACCGTTTGT,0,4680630
ybeDp,0.5,1,1,GTAGGTCCCGACAATTGCCC,0,4632519
ybeDp,0.5,1,1,GTAGGCTCTTGCGATACCAT,0,4654656
ybeDp,0.5,1,1,GTAGGACTTGGGACCTTAAC,0,4610219
ybeDp,0.5,1,1,GTAGCGCATTGCGTGTCAAT,0,4672737
ybeDp,0.5,1,1,GTAGCATTGACAGTATTGAG,0,4604775
ybeDp,0.5,1,1,GTAGAGGAGAACCGGAACGT,0,4638422
ybeDp,0.5,1,1,GTAGAGATGTACATTCCGCT,0,4650790
ybeDp,0.5,1,1,GTAGACCGACCTGTCACAGC,0,4608398
ybeDp,0.5,1,1,GTACTCGTCAACATAAGCCC,0,4637904
ybeDp,0.5,1,1,GTACGTGGGATCCGGTTACT,0,4640618
ybeDp,0.5,1,1,GTACCTTGAAATTAACCGTT,0,4645016
ybeDp,0.5,1,1,GTACCTGTGACTAATAGGTT,0,4668626
ybeDp,0.5,1,1,GTACCCAATAGCAACGCGGA,0,4611006
ybeDp,0.5,1,1,GTACCATTATTCGAGACCGC,0,4634790
ybeDp,0.5,1,1,GTACCAAGCTCAAGCTCGAG,0,4647277
ybeDp,0.5,1,1,GTACAGATTTGTAATATGTG,0,4651749
ybeDp,0.5,1,1,GTACAAGGGGTGCTATGGAA,0,4671903
ybeDp,0.5,1,1,GTACAAAGGTCATTAGAGAT,0,4643087
ybeDp,0.5,1,1,GTAATCTAGCCTATTCACGG,0,4684547
ybeDp,0.5,1,1,GTAATCCAGCCCGTTAAGTA,0,4653956
ybeDp,0.5,1,1,GTAATATGTCGGGTATGAGT,0,4616764
ybeDp,0.5,1,1,GTAATATGCAACTTTTTTAG,0,4658417
ybeDp,0.5,1,1,GTAAGTATTGTCCCCGTCTT,0,4673748
ybeDp,0.5,1,1,GTAAGGTACTTCAGTCTGAG,0,4630727
ybeDp,0.5,1,1,GTAAGGGGCACGGCTGCGCC,0,4613762
ybeDp,0.5,1,1,GTAAGAGTAACTAGCTGTCT,0,4644419
ybeDp,0.5,1,1,GTAACGTTGTGCCTTATAAG,0,4614637
ybeDp,0.5,1,1,GTAACGCAGCGCTAACGCTC,0,4683239
ybeDp,0.5,1,1,GTAAATTCTGTGCCAGCGGT,0,4621746
ybeDp,0.5,1,1,GTAAATGTCGGATAACTTAC,0,4658782
ybeDp,0.5,1,1,GTAAATCATTATTCCTACTT,0,4661410
ybeDp,0.5,1,1,GTAAAGGGGGGTCCACCTGA,0,4668241
ybeDp,0.5,1,1,GTAAAGGCGTAGCGAAAGTA,0,4665322
ybeDp,0.5,1,1,GGTTTTTGTAGGGCACGGGA,0,4677168
ybeDp,0.5,1,1,GGTTTAATTCCCCCTCACCA,0,4637790
ybeDp,0.5,1,1,GGTTGGCTGGCAGGCCTAGG,0,4622889
ybeDp,0.5,1,1,GGTTCGCTAGATCGTAGCAA,0,4623520
ybeDp,0.5,1,1,GGTTCGCTAATAATCTAAGG,0,4622447
ybeDp,0.5,1,1,GGTTCCAATCGGATACACGC,0,4604693
ybeDp,0.5,1,1,GGTTATGCTGGCGCTTCGGA,0,4653196
ybeDp,0.5,1,1,GGTTATAATGCGGAATTCTC,0,4615865
ybeDp,0.5,1,1,GGTTACCTACGGCCGGGAGG,0,4610812
ybeDp,0.5,1,1,GGTTACCGCAACCGCCGGTT,0,4640424
ybeDp,0.5,1,1,GGTGTTATGGGTGAGCCTTG,0,4650293
ybeDp,0.5,1,1,GGTGTGGCCTGCTGCCATCC,0,4619114
ybeDp,0.5,1,1,GGTGTCCGATTCCTCATCTG,0,4606358
ybeDp,0.5,1,1,GGTGTCAGCATCGCCGCAAC,0,4608418
ybeDp,0.5,1,1,GGTGGTGTAGCTCCACTGCT,0,4670507
ybeDp,0.5,1,1,GGTGCAGTCTTTAAAATTCT,0,4625693
ybeDp,0.5,1,1,GGTGACTACGATGTGGTGGA,0,4610438
ybeDp,0.5,1,1,GGTGACGAACATTATTAGCT,0,4633388
ybeDp,0.5,1,1,GGTGAAGGGAGGAATAATAA,0,4617442
ybeDp,0.5,1,1,GGTCTTGCCGAATGTAGAAG,0,4656772
ybeDp,0.5,1,1,GGTCTGCTGAGTTTTCAAAC,0,4644418
ybeDp,0.5,1,1,GGTCTCTACGGGTATTGCGC,0,4635840
ybeDp,0.5,1,1,GGTCTCATATGTTCCCTGTA,0,4604035
ybeDp,0.5,1,1,GGTCTAAGGCAGTCCTCCTG,0,4639715
ybeDp,0.5,1,1,GGTCGTGTTCAGAGTGCATT,0,4687702
ybeDp,0.5,1,1,GGTCGGACCTCTCTGCGCTT,0,4648675
ybeDp,0.5,1,1,GGTCGATAGTCTCATCCAAC,0,4676330
ybeDp,0.5,1,1,GGTCGAGAATGAGGCACGAT,0,4617318
ybeDp,0.5,1,1,GGTCCAGGAGTTGAAATTTT,0,4620756
ybeDp,0.5,1,1,GGTCAGGGTCTGTGAACGGA,0,4620335
ybeDp,0.5,1,1,GGTCAGCGTCAGGAGATTAC,0,4631293
ybeDp,0.5,1,1,GGTCACCTCGAATCCATTAC,0,4687879
ybeDp,0.5,1,1,GGTCAAGGTTCCTTCCTCTT,0,4682919
ybeDp,0.5,1,1,GGTCAAAGCGGTTAAATGCC,0,4633886
ybeDp,0.5,1,1,GGTATCCTGCTAGACCAGCA,0,4651225
ybeDp,0.5,1,1,GGTATCACCGTCGGGCTCCG,0,4648688
ybeDp,0.5,1,1,GGTATACTCTCCAGGGCGAT,0,4601351
ybeDp,0.5,1,1,GGTAGTTGAACGTGATGACG,0,4622025
ybeDp,0.5,1,1,GGTAGCGCGAGCTACGTAGT,0,4608240
ybeDp,0.5,1,1,GGTACATGTAGGATTCCCTA,0,4604725
ybeDp,0.5,1,1,GGTACAAATACCGTCAGAAC,0,4627258
ybeDp,0.5,1,1,GGTACAAAATGGGCGAAATA,0,4673944
ybeDp,0.5,1,1,GGTAAATCTGACGTAGGTTC,0,4616751
ybeDp,0.5,1,1,GGGTTTCACAGCACTAAGAT,0,4631085
ybeDp,0.5,1,1,GGGTTGGTCGTATGCATAGG,0,4643908
ybeDp,0.5,1,1,GGGTGAACTTGTAACAAGCG,0,4644564
ybeDp,0.5,1,1,GGGTCCTTCCCAGTTAAGTT,0,4604305
ybeDp,0.5,1,1,GGGTCCAGATCGGCCAGGAG,0,4617450
ybeDp,0.5,1,1,GGGTCAGAGTCTTTTTGACA,0,4678517
ybeDp,0.5,1,1,GGGTAGATTACTATTACATT,0,4605715
ybeDp,0.5,1,1,GGGTAAGATCCACGGTAAAC,0,4629540
ybeDp,0.5,1,1,GGGTAAAAGACCACTATCGC,0,4645415
ybeDp,0.5,1,1,GGGGTTGCGCCAGTATCTCA,0,4664867
ybeDp,0.5,1,1,GGGGTCTGCCTGAGTGGTAC,0,4613044
ybeDp,0.5,1,1,GGGGTACTACAGAAATATGA,0,4611214
ybeDp,0.5,1,1,GGGGTACGGCCTGATCAACA,0,4618641
ybeDp,0.5,1,1,GGGGGCTCTTCTAATCGGCC,0,4637819
ybeDp,0.5,1,1,GGGGGCGACGTCCGACCACA,0,4678624
ybeDp,0.5,1,1,GGGGGATGGGTTATCGTAGC,0,4632467
ybeDp,0.5,1,1,GGGGGATAGTGCGGATGGTT,0,4659716
ybeDp,0.5,1,1,GGGGGAGTACCTCTCGGGCT,0,4655622
ybeDp,0.5,1,1,GGGGCTCATTAAACCAGCGC,0,4639658
ybeDp,0.5,1,1,GGGGCGAATTTGCGAGAAGA,0,4680483
ybeDp,0.5,1,1,GGGGCCCTGTGCCTAGTTAG,0,4606112
ybeDp,0.5,1,1,GGGGCATTGACGGGGAGTCA,0,4647884
ybeDp,0.5,1,1,GGGGCACGGGGAACCCGCTT,0,4639812
ybeDp,0.5,1,1,GGGGATTGCTAGGGGGCGCT,0,4645129
ybeDp,0.5,1,1,GGGGAGACCTTCAGATTCCG,0,4664617
ybeDp,0.5,1,1,GGGCTTTTTTCGTCCGCCAG,0,4673624
ybeDp,0.5,1,1,GGGCTTTCTGCAACGGACCC,0,4623718
ybeDp,0.5,1,1,GGGCGGTCTATAGGAGGAAG,0,4663411
ybeDp,0.5,1,1,GGGCGGTAGAAATGCATAAT,0,4614483
ybeDp,0.5,1,1,GGGCGGGTCATACCAATCAA,0,4629215
ybeDp,0.5,1,1,GGGCGCGCAGACATGGTACA,0,4651703
ybeDp,0.5,1,1,GGGCGATCAGCCGATAGTCG,0,4661656
ybeDp,0.5,1,1,GGGCCTAAAGTGACGCTGCT,0,4675944
ybeDp,0.5,1,1,GGGCCCTCGGAAATGGCCAA,0,4602465
ybeDp,0.5,1,1,GGGCCACCGTAAAAGGCTAA,0,4602345
ybeDp,0.5,1,1,GGGCATTATCCGACAGCGTT,0,4625724
ybeDp,0.5,1,1,GGGCACTAACTACTGAAGTT,0,4656885
ybeDp,0.5,1,1,GGGCAAGAGATTCCACCCCA,0,4604024
ybeDp,0.5,1,1,GGGATCATCTCTCCTTAGGG,0,4641563
ybeDp,0.5,1,1,GGGAGTTACAGGCGGCTCAA,0,4608726
ybeDp,0.5,1,1,GGGAGTAGGCTTGGTGGAGC,0,4630371
ybeDp,0.5,1,1,GGGAGGGGGATCGATCCCCC,0,4652878
ybeDp,0.5,1,1,GGGAGGCGGATGGCGTGCTA,0,4683942
ybeDp,0.5,1,1,GGGAGCACGTACACACAATC,0,4643053
ybeDp,0.5,1,1,GGGAGATTGTAACTAAGGAA,0,4638791
ybeDp,0.5,1,1,GGGACTTCAGTCGGCAGTTA,0,4656352
ybeDp,0.5,1,1,GGGACTTAGGTTGCTCAGGC,0,4679031
ybeDp,0.5,1,1,GGGACTGCAGCTCTCTGTGG,0,4662447
ybeDp,0.5,1,1,GGGACCACATGGGTATGCGT,0,4603672
ybeDp,0.5,1,1,GGGACATGTTACGCCTAGGG,0,4654399
ybeDp,0.5,1,1,GGGACAGAGTTAAACGAAAT,0,4641776
ybeDp,0.5,1,1,GGGACACACTCCTCCTAGGC,0,4638227
ybeDp,0.5,1,1,GGGAATCTGCGCCTAGCTGC,0,4648794
ybeDp,0.5,1,1,GGGAATAGTCTACACACTCA,0,4662476
ybeDp,0.5,1,1,GGGAAAACTATGGGCGCGGA,0,4603368
ybeDp,0.5,1,1,GGCTTTAGACGTGTGCTTCA,0,4643220
ybeDp,0.5,1,1,GGCTTAGTATGTCGCATATG,0,4662937
ybeDp,0.5,1,1,GGCTGTACATACCCGTGTAA,0,4617722
ybeDp,0.5,1,1,GGCTGGTGCGCTGTAATGTG,0,4624509
ybeDp,0.5,1,1,GGCTCTCCATTCGTTTGTGG,0,4674246
ybeDp,0.5,1,1,GGCTCGTTTAATGGCCGTCT,0,4662502
ybeDp,0.5,1,1,GGCTCGGCAGTCCTACAGTG,0,4655790
ybeDp,0.5,1,1,GGCTCATGCATCTTGACAAG,0,4675544
ybeDp,0.5,1,1,GGCTATTGGTGTCTTAAGTG,0,4679516
ybeDp,0.5,1,1,GGCTATGACATGTTCGCGGT,0,4631262
ybeDp,0.5,1,1,GGCTACGGTCCCGTCTCAAG,0,4687564
ybeDp,0.5,1,1,GGCTAACAATAGGTGGGGCA,0,4674703
ybeDp,0.5,1,1,GGCTAAACGTCAGCGACGCA,0,4606349
ybeDp,0.5,1,1,GGCGTTCGCAAAACCCGGAC,0,4680498
ybeDp,0.5,1,1,GGCGTAATTTATTCATTGAT,0,4628675
ybeDp,0.5,1,1,GGCGGGGTTCGACGCTCTGA,0,4661433
ybeDp,0.5,1,1,GGCGGCACTAGACCAACTGG,0,4616761
ybeDp,0.5,1,1,GGCGCTATGACTTCCTGTTG,0,4648404
ybeDp,0.5,1,1,GGCGCGAGAAATTCAGTCTG,0,4657442
ybeDp,0.5,1,1,GGCGCCCCCCTACACAGGCC,0,4644475
ybeDp,0.5,1,1,GGCGCCATCGAATTGAGGGG,0,4609941
ybeDp,0.5,1,1,GGCCTTAACACACATCCAGC,0,4601990
ybeDp,0.5,1,1,GGCCTGTTAGTGGTTGAACT,0,4673961
ybeDp,0.5,1,1,GGCCTGTCATTCGCATAGTC,0,4659774
ybeDp,0.5,1,1,GGCCGCACCATTCCGGCAAA,0,4605535
ybeDp,0.5,1,1,GGCCCTCACAGTTAGCTCGG,0,4632810
ybeDp,0.5,1,1,GGCCCGGTATCCTGTCACAA,0,4680708
ybeDp,0.5,1,1,GGCCATGTCAATAATATCTT,0,4678856
ybeDp,0.5,1,1,GGCCACGAAAGTGGGGGCCA,0,4659618
ybeDp,0.5,1,1,GGCCAATGCCGATTCATCTA,0,4634264
ybeDp,0.5,1,1,GGCATTTAGTGAACTGTGCT,0,4619996
ybeDp,0.5,1,1,GGCATGGCTGTCTGGTTTCG,0,4641548
ybeDp,0.5,1,1,GGCATGAACGTGGTAGCTGT,0,4660149
ybeDp,0.5,1,1,GGCATCTTCGCTGCTCCTAT,0,4658458
ybeDp,0.5,1,1,GGCAGTAGAGACAATTCAGT,0,4630625
ybeDp,0.5,1,1,GGCAGGGCACAGATAAGTCT,0,4655733
ybeDp,0.5,1,1,GGCAGCCGGCTACCAAGCGG,0,4655314
ybeDp,0.5,1,1,GGCACCGTTTACCCTCCACC,0,4615157
ybeDp,0.5,1,1,GGCAAGGGTGTAGTGCAGAC,0,4629356
ybeDp,0.5,1,1,GGATTCCATTCAATCTCCAA,0,4611224
ybeDp,0.5,1,1,GGATTACACCAGAAGTCGTT,0,4609942
ybeDp,0.5,1,1,GGATGTTTCCTGAGTACCAC,0,4602387
ybeDp,0.5,1,1,GGATGGGTTGGGCAGGCGTC,0,4633788
ybeDp,0.5,1,1,GGATGGGCTATACTGGCCTC,0,4658654
ybeDp,0.5,1,1,GGATGCGTGCTCCGGCGTTG,0,4625721
ybeDp,0.5,1,1,GGATCGCCTCCAGAGACTCT,0,4671024
ybeDp,0.5,1,1,GGATCGCATGATTGCTCAGG,0,4671720
ybeDp,0.5,1,1,GGATCCAACCAACGAGATTC,0,4603060
ybeDp,0.5,1,1,GGATATAATCACCAACCGGT,0,4661449
ybeDp,0.5,1,1,GGATAGTGTCTGCGTGTATG,0,4628147
ybeDp,0.5,1,1,GGAGTGTACTTCCGCGGGGA,0,4609717
ybeDp,0.5,1,1,GGAGTCGGAGGGACCAAAAA,0,4643110
ybeDp,0.5,1,1,GGAGTCAATTGAATGGTCAA,0,4658803
ybeDp,0.5,1,1,GGAGTAATCAACCGCGAGAT,0,4637200
ybeDp,0.5,1,1,GGAGGCCATCTAACATATGC,0,4686374
ybeDp,0.5,1,1,GGAGCTTCCTGCGGTAAAGC,0,4642315
ybeDp,0.5,1,1,GGAGCCATCGTACGCTTGAA,0,4669556
ybeDp,0.5,1,1,GGAGCACAATAGGGATGGCT,0,4684809
ybeDp,0.5,1,1,GGAGATCTCCATCTCTAGCA,0,4611809
ybeDp,0.5,1,1,GGAGACAGGATCATTTGAGC,0,4662154
ybeDp,0.5,1,1,GGACTCACTAGCGCAATCGA,0,4655003
ybeDp,0.5,1,1,GGACGGTCGGCGACACGTTC,0,4663527
ybeDp,0.5,1,1,GGACGCTCGTCGTCCAGTGT,0,4643133
ybeDp,0.5,1,1,GGACCTGCTGATAGGACACT,0,4643538
ybeDp,0.5,1,1,GGACCGTCCGCGGAAATGTC,0,4656190
ybeDp,0.5,1,1,GGACCGTATGTCAACTGGGG,0,4683158
ybeDp,0.5,1,1,GGACCGGATGTCTCATGATT,0,4637055
ybeDp,0.5,1,1,GGACAATTGAAATCATCTCA,0,4677942
ybeDp,0.5,1,1,GGACAAACTAGCGGGGTTGT,0,4631991
ybeDp,0.5,1,1,GGAATTCTTGTGTATCTCTA,0,4619719
ybeDp,0.5,1,1,GGAATTAAGCTGTTCGGGAT,0,4628503
ybeDp,0.5,1,1,GGAATGAGTACTGAATCGTG,0,4662000
ybeDp,0.5,1,1,GGAATACCAGGCATATATCC,0,4614309
ybeDp,0.5,1,1,GGAAGGCCAATGTCTTGTCG,0,4626566
ybeDp,0.5,1,1,GGAAGGATAGCTGAAACGTT,0,4605880
ybeDp,0.5,1,1,GGAAGCTGGGCTTCATTCAC,0,4676892
ybeDp,0.5,1,1,GGAACTGAGCCTCGGGTCGC,0,4613558
ybeDp,0.5,1,1,GGAACTAAGTTGCGTCGGTA,0,4659536
ybeDp,0.5,1,1,GGAACCGTAAGGCTCAGGTC,0,4666882
ybeDp,0.5,1,1,GGAAACGTACAGTCTTTGGT,0,4642275
ybeDp,0.5,1,1,GGAAACGGGGACGAGTTGCG,0,4682991
ybeDp,0.5,1,1,GGAAACATCGTTCAACGAAT,0,4613473
ybeDp,0.5,1,1,GGAAAAACAGAGGCGTAAGG,0,4612682
ybeDp,0.5,1,1,GCTTTTCTATATGAAAATTA,0,4614319
ybeDp,0.5,1,1,GCTTTCATTTACACGGCCAC,0,4613205
ybeDp,0.5,1,1,GCTTTCACTTAGCACTATCT,0,4618646
ybeDp,0.5,1,1,GCTTCGTGAACTACCGCACC,0,4655264
ybeDp,0.5,1,1,GCTTCGCGGTGCAGAGTGTG,0,4616604
ybeDp,0.5,1,1,GCTTCCATTATAGTGCAGTG,0,4685577
ybeDp,0.5,1,1,GCTTAGGGTGTCCGAGCTTC,0,4619181
ybeDp,0.5,1,1,GCTTAGGGCTTCGGGTTTGC,0,4646420
ybeDp,0.5,1,1,GCTGTCTTTAGGCAAAAAAC,0,4621089
ybeDp,0.5,1,1,GCTGTCTATTGTTCGAGAGG,0,4617567
ybeDp,0.5,1,1,GCTGTCCAAAGGGGGTACGT,0,4639256
ybeDp,0.5,1,1,GCTGTAACGCTGGAGGAGTG,0,4624817
ybeDp,0.5,1,1,GCTGGATCAACCTCCCTGTC,0,4637723
ybeDp,0.5,1,1,GCTGCCTAGACGCACTAGCT,0,4633674
ybeDp,0.5,1,1,GCTGCATGGTATGCAAACAA,0,4638090
ybeDp,0.5,1,1,GCTGAGTGCTTTATGCCAGT,0,4631014
ybeDp,0.5,1,1,GCTGACGTAGAACAACAACT,0,4677022
ybeDp,0.5,1,1,GCTCTCTAACTATCTGTTTC,0,4601787
ybeDp,0.5,1,1,GCTCTATCAAGGACAAGGCT,0,4620648
ybeDp,0.5,1,1,GCTCTATAGCTGCGGTGCGG,0,4647804
ybeDp,0.5,1,1,GCTCTAGACGACTGGGCCCA,0,4651678
ybeDp,0.5,1,1,GCTCGTTAAGGATTCCGCTC,0,4620100
ybeDp,0.5,1,1,GCTCGGAGCCGACCGAGAAT,0,4686661
ybeDp,0.5,1,1,GCTCCGTTATGCCTTTATGC,0,4662261
ybeDp,0.5,1,1,GCTCCGGTGAAGAAACCTTC,0,4626813
ybeDp,0.5,1,1,GCTCCGAAGCCACGACGCGG,0,4636604
ybeDp,0.5,1,1,GCTCATGAAAGTAATTCCCT,0,4646099
ybeDp,0.5,1,1,GCTCACATTTCCTTTCCTTG,0,4639092
ybeDp,0.5,1,1,GCTATGAGAGGCCTCCATAT,0,4643034
ybeDp,0.5,1,1,GCTATCATTAGTTGATCAAA,0,4686850
ybeDp,0.5,1,1,GCTACCTAATGTACTAGATG,0,4678612
ybeDp,0.5,1,1,GCTACCAAGTCGATAGCGAC,0,4656267
ybeDp,0.5,1,1,GCTAATGGCTACTAGCGAGC,0,4618270
ybeDp,0.5,1,1,GCGTTATGTATCTAGACGTA,0,4623588
ybeDp,0.5,1,1,GCGTGTTCTGATTCATCAAG,0,4673839
ybeDp,0.5,1,1,GCGTGGGATACGAGCAGAAT,0,4603083
ybeDp,0.5,1,1,GCGTGCCTTTCACAACCCCA,0,4607081
ybeDp,0.5,1,1,GCGTCCGTTGAACCCCCGTC,0,4629914
ybeDp,0.5,1,1,GCGTCATAATCACAGGCACT,0,4661467
ybeDp,0.5,1,1,GCGTATCTACGGTCTTTGCG,0,4630076
ybeDp,0.5,1,1,GCGTAAGACCCCGGTCTAAT,0,4662184
ybeDp,0.5,1,1,GCGGTTTGAGGAGCAGTAGT,0,4660091
ybeDp,0.5,1,1,GCGGTTGATGTCTAAACGAC,0,4687575
ybeDp,0.5,1,1,GCGGGTTAACTTACTTGATC,0,4625690
ybeDp,0.5,1,1,GCGGGTCCAGCTGTCGAGTC,0,4682868
ybeDp,0.5,1,1,GCGGGGATGCGACAATATAT,0,4645492
ybeDp,0.5,1,1,GCGGGCGTGCGCGTCGCACA,0,4683993
ybeDp,0.5,1,1,GCGGGCCAGTCGCTGGCTAG,0,4648341
ybeDp,0.5,1,1,GCGGGCACGCAAGAGAGAGT,0,4626728
ybeDp,0.5,1,1,GCGGGCAACCGGGTTTGTGT,0,4674189
ybeDp,0.5,1,1,GCGGCTTCGGCACGCCCGTC,0,4666214
ybeDp,0.5,1,1,GCGGCGCACGGCATACCGTT,0,4673409
ybeDp,0.5,1,1,GCGGCCCTCAGCTACATGTG,0,4660971
ybeDp,0.5,1,1,GCGGATTGAGGCAAAGTTCT,0,4620441
ybeDp,0.5,1,1,GCGGATGGGAGCTTGGCTAG,0,4653660
ybeDp,0.5,1,1,GCGGACAAGAAGGGTGTCGT,0,4662764
ybeDp,0.5,1,1,GCGCTGAACGGGAGGGTTAT,0,4628225
ybeDp,0.5,1,1,GCGCTCATGTGCTGTGGTTG,0,4639434
ybeDp,0.5,1,1,GCGCTATGTCATTAGTGCGG,0,4603180
ybeDp,0.5,1,1,GCGCGGGTTGCGTAAAGAAG,0,4605078
ybeDp,0.5,1,1,GCGCGGCGCAAGCGCACGGA,0,4684551
ybeDp,0.5,1,1,GCGCGACGATCTAAGAAGAA,0,4681144
ybeDp,0.5,1,1,GCGCCTGCCACTCCATGTTC,0,4684910
ybeDp,0.5,1,1,GCGCCGGACCCTTTCACGGA,0,4622941
ybeDp,0.5,1,1,GCGCCGCACTTGAGGAAATC,0,4687474
ybeDp,0.5,1,1,GCGCCATGGTCCTGTATTCC,0,4623768
ybeDp,0.5,1,1,GCGCCAAACACGACTCAAAT,0,4674716
ybeDp,0.5,1,1,GCGCATGTAGTTGAACCTTA,0,4658683
ybeDp,0.5,1,1,GCGAGGGTGGGTGGCCTAAG,0,4636116
ybeDp,0.5,1,1,GCGAGCGCGTCCCAAATCAG,0,4666379
ybeDp,0.5,1,1,GCGAGATATCTCAGACAGGC,0,4674970
ybeDp,0.5,1,1,GCGAGACTTGTTTGCAGAAA,0,4660877
ybeDp,0.5,1,1,GCGACTTCCAGAGCACACTC,0,4670212
ybeDp,0.5,1,1,GCGACGGAGACCGTTCTCCA,0,4646849
ybeDp,0.5,1,1,GCGACCGCACGGTAACATCA,0,4676882
ybeDp,0.5,1,1,GCGACCGAGGTTACTGGCTT,0,4677892
ybeDp,0.5,1,1,GCGACACCGCATCTAAGCGT,0,4606228
ybeDp,0.5,1,1,GCGAAGACTCTAGTTATACA,0,4614512
ybeDp,0.5,1,1,GCCTGTGATACTCGCGCTTA,0,4639200
ybeDp,0.5,1,1,GCCTGTCGGGTGACCCTAAG,0,4673562
ybeDp,0.5,1,1,GCCTGGTTCCAGTTTGCGCA,0,4662584
ybeDp,0.5,1,1,GCCTGGGTTGTCTGTTGACT,0,4604583
ybeDp,0.5,1,1,GCCTGGCCAGGGTTATTTTC,0,4612765
ybeDp,0.5,1,1,GCCTGCGCAGACTGACACGT,0,4666560
ybeDp,0.5,1,1,GCCTGAGTTGCAGTGACGGT,0,4670960
ybeDp,0.5,1,1,GCCTAGGCCCATTAACAACT,0,4632222
ybeDp,0.5,1,1,GCCTACAGTAGGCTCGGAAC,0,4677971
ybeDp,0.5,1,1,GCCTAAGACGAGGTATGCCG,0,4626010
ybeDp,0.5,1,1,GCCTAACGGTGGTGTCGCCA,0,4609054
ybeDp,0.5,1,1,GCCGTCTTAATTACTTCAAC,0,4626946
ybeDp,0.5,1,1,GCCGTACAAGAGATGGGTCT,0,4650650
ybeDp,0.5,1,1,GCCGTAAAGCACACAGAGTT,0,4668035
ybeDp,0.5,1,1,GCCGGGAGGGCTTCTTGACG,0,4640931
ybeDp,0.5,1,1,GCCGGAAGATCAATGTAGGT,0,4608120
ybeDp,0.5,1,1,GCCGGAAAGCTCACACACAT,0,4609332
ybeDp,0.5,1,1,GCCGCTGGCGCAAAATGGAG,0,4631287
ybeDp,0.5,1,1,GCCGCCGCGGGATAGACGAG,0,4660048
ybeDp,0.5,1,1,GCCGCATTGCACGCCTCGGA,0,4680538
ybeDp,0.5,1,1,GCCGCACCTACCTGCCCGCT,0,4617125
ybeDp,0.5,1,1,GCCGACCAAGCGCTGTGATT,0,4637808
ybeDp,0.5,1,1,GCCGAATCAAAGTGGTATCT,0,4650836
ybeDp,0.5,1,1,GCCGAAGGTATACGGATTAA,0,4681064
ybeDp,0.5,1,1,GCCCTTAATGCAAAACCTTA,0,4668733
ybeDp,0.5,1,1,GCCCTGTGGCATCCATTTCA,0,4608863
ybeDp,0.5,1,1,GCCCTCGAACGAAAAGTAGA,0,4631238
ybeDp,0.5,1,1,GCCCGTCAGTTCTCGGCAAG,0,4685512
ybeDp,0.5,1,1,GCCCGTATCTTCCTTCTCTT,0,4645512
ybeDp,0.5,1,1,GCCCGAGCCCCCTCACCTCG,0,4663963
ybeDp,0.5,1,1,GCCCCACGGCGAATTACTGC,0,4653171
ybeDp,0.5,1,1,GCCCATCTGGGATTAGCAGA,0,4684563
ybeDp,0.5,1,1,GCCCAGGGAACAGACATGAC,0,4650477
ybeDp,0.5,1,1,GCCATGGATGCATCTTATGA,0,4647370
ybeDp,0.5,1,1,GCCAGGGGTTATGTCATAAT,0,4644611
ybeDp,0.5,1,1,GCCAGCTAGGTTTAAGCGGT,0,4650680
ybeDp,0.5,1,1,GCCAGACCGGCACAACGATG,0,4653234
ybeDp,0.5,1,1,GCCACTGTTATGGGATCGCG,0,4620718
ybeDp,0.5,1,1,GCCACTGCGGCACGGTGGAG,0,4643708
ybeDp,0.5,1,1,GCCACTCGTCCGGGTGGTGT,0,4600867
ybeDp,0.5,1,1,GCCACCGGCCTTTAGGGTGG,0,4617429
ybeDp,0.5,1,1,GCCACCGCGTCGTACGCCTA,0,4616236
ybeDp,0.5,1,1,GCCACACCAGTCCATTATCA,0,4651093
ybeDp,0.5,1,1,GCCAATCGACCACGTGGAGT,0,4675968
ybeDp,0.5,1,1,GCCAACTGTCCCCATGGCTA,0,4610823
ybeDp,0.5,1,1,GCCAACGTCGTCCGGATAGC,0,4673248
ybeDp,0.5,1,1,GCCAACGCGGGGTACATTGA,0,4663611
ybeDp,0.5,1,1,GCATTGTAATAAAATTTTTC,0,4650674
ybeDp,0.5,1,1,GCATTACCAGCGTTCGATAG,0,4675272
ybeDp,0.5,1,1,GCATTAACTGCGGGCATATA,0,4641390
ybeDp,0.5,1,1,GCATGCCCACCAAGAGAACG,0,4611178
ybeDp,0.5,1,1,GCATGCCATTTGCCTGGTTT,0,4612650
ybeDp,0.5,1,1,GCATCTGCATAACTAGAGGC,0,4641909
ybeDp,0.5,1,1,GCATCGGCGGGGAGCCCCAA,0,4615557
ybeDp,0.5,1,1,GCATCCCAACACTCTGCCCT,0,4648992
ybeDp,0.5,1,1,GCATATGTAGTTGGTTTCCC,0,4653556
ybeDp,0.5,1,1,GCAGTAAATCGACAATTTGC,0,4634191
ybeDp,0.5,1,1,GCAGCACCATTCATGCGGCT,0,4653934
ybeDp,0.5,1,1,GCAGATGACTGCCCAAGTGA,0,4615773
ybeDp,0.5,1,1,GCAGAGGACCCCCGTCATAC,0,4610381
ybeDp,0.5,1,1,GCACTTTTTCCGTGCCGCGG,0,4677502
ybeDp,0.5,1,1,GCACTTCATTGTAGTAGGTC,0,4677562
ybeDp,0.5,1,1,GCACTGTCATGCCGAACTTT,0,4614776
ybeDp,0.5,1,1,GCACGGTGCTCTATTCAAAC,0,4663701
ybeDp,0.5,1,1,GCACGGAGTCTAGGCGCGGC,0,4686279
ybeDp,0.5,1,1,GCACGGACAGTACTGTCTGG,0,4646121
ybeDp,0.5,1,1,GCACATCAATAATACATACG,0,4647126
ybeDp,0.5,1,1,GCACAGTTTCAGGATAACAA,0,4664122
ybeDp,0.5,1,1,GCACAGTACCGGAGGTTCTT,0,4677931
ybeDp,0.5,1,1,GCACAGGCGAAAATTTACAG,0,4616442
ybeDp,0.5,1,1,GCACAGAGTTTGGGAGGTAG,0,4604488
ybeDp,0.5,1,1,GCAACATACCAGCATAAAGT,0,4640855
ybeDp,0.5,1,1,GCAACACCATTGTCCGGAGT,0,4652596
ybeDp,0.5,1,1,GCAAAATTACTAGGGTATCG,0,4641614
ybeDp,0.5,1,1,GCAAAATAGGTCGCATTCGG,0,4635355
ybeDp,0.5,1,1,GATTTGGGACCTTGACTGTA,0,4634499
ybeDp,0.5,1,1,GATTTACTGGGTAGACGTCC,0,4641897
ybeDp,0.5,1,1,GATTTAATAATTCCGAAGTC,0,4677920
ybeDp,0.5,1,1,GATTGTCTGGACTCACACGT,0,4614271
ybeDp,0.5,1,1,GATTGGATGGAGTCAGTTCA,0,4620016
ybeDp,0.5,1,1,GATTGCCTCGAAGGCACTTA,0,4606725
ybeDp,0.5,1,1,GATTCGCATAGAAAAGTTTA,0,4619948
ybeDp,0.5,1,1,GATTAGCGTGCGAGCCTGGG,0,4635412
ybeDp,0.5,1,1,GATTACGTGTGAAACGTCAA,0,4680309
ybeDp,0.5,1,1,GATTACGAATACTCTAGGAT,0,4606786
ybeDp,0.5,1,1,GATTAATCAAGGTGCCTAGA,0,4665653
ybeDp,0.5,1,1,GATTAAGCGGGTGGTAAATC,0,4649200
ybeDp,0.5,1,1,GATGTCTCATGAACTTCGCT,0,4619137
ybeDp,0.5,1,1,GATGTCCTGGGTACTGATGA,0,4676954
ybeDp,0.5,1,1,GATGGTTATCATGAGCTTAT,0,4607930
ybeDp,0.5,1,1,GATGGGCGACGGAGAGGGAA,0,4612805
ybeDp,0.5,1,1,GATGGAGACTAACCAGCTAC,0,4604078
ybeDp,0.5,1,1,GATGCGGATTGCGTTCTGAG,0,4605366
ybeDp,0.5,1,1,GATGAGCATCGAATCGCACA,0,4629813
ybeDp,0.5,1,1,GATGAACGGTCTGAGCTCGA,0,4620904
ybeDp,0.5,1,1,GATCCTATTCTCAAGCCCTA,0,4674296
ybeDp,0.5,1,1,GATCCTATAGTGAATGGCAA,0,4604643
ybeDp,0.5,1,1,GATCCGCGGCGGATCTAAGT,0,4611819
ybeDp,0.5,1,1,GATCATTCTGGTGATCTTAG,0,4674218
ybeDp,0.5,1,1,GATCATTACCTTAACCACAC,0,4656088
ybeDp,0.5,1,1,GATCACACCGCCTTCGCTTA,0,4650565
ybeDp,0.5,1,1,GATATTGCCTCGACTGCTTC,0,4639744
ybeDp,0.5,1,1,GATATTCAATATGTGGGATG,0,4616112
ybeDp,0.5,1,1,GATATACTTCGTGCTGGAGT,0,4661225
ybeDp,0.5,1,1,GATAGTTACGTAGTTACACA,0,4648391
ybeDp,0.5,1,1,GATAGTGGATCGACCACCAG,0,4622408
ybeDp,0.5,1,1,GATAGTGGACCAGACGCGGT,0,4669590
ybeDp,0.5,1,1,GATAGGGGACTTATGCACAT,0,4652738
ybeDp,0.5,1,1,GATACTGCCGTGCTCCGTAA,0,4685771
ybeDp,0.5,1,1,GATACTACGATCCAGGCAAG,0,4632708
ybeDp,0.5,1,1,GATAACTAATATAAAACATC,0,4623164
ybeDp,0.5,1,1,GATAAAGAGCTACTCAGCAG,0,4647736
ybeDp,0.5,1,1,GAGTTTCAGGGTGTATATTC,0,4668417
ybeDp,0.5,1,1,GAGTTGGGTTATTATATACT,0,4618638
ybeDp,0.5,1,1,GAGTTGAATGAGCCGAAAGA,0,4605624
ybeDp,0.5,1,1,GAGTTAATAAGTGGACAGCA,0,4616501
ybeDp,0.5,1,1,GAGTGTGGAAACATGGGCAT,0,4660954
ybeDp,0.5,1,1,GAGTGGGGTAAAAAGAAGTT,0,4677894
ybeDp,0.5,1,1,GAGTCACTTTGACCATAGGT,0,4608729
ybeDp,0.5,1,1,GAGTAGCATGCAATAGTTTA,0,4676262
ybeDp,0.5,1,1,GAGTACTCGCTCTCCTTTAT,0,4601502
ybeDp,0.5,1,1,GAGTACTCATCGGGGGGTTA,0,4653831
ybeDp,0.5,1,1,GAGTACGGCAGGTGGCCCTC,0,4627253
ybeDp,0.5,1,1,GAGTACCCCGCATGGGACTC,0,4606508
ybeDp,0.5,1,1,GAGGTGAGGGGTGGCAGGCC,0,4627927
ybeDp,0.5,1,1,GAGGTCGCTGCCCTTTAGAA,0,4644958
ybeDp,0.5,1,1,GAGGGCCGTTCTGTGTATCA,0,4672773
ybeDp,0.5,1,1,GAGGGACCGAAAGCAGTAGG,0,4686023
ybeDp,0.5,1,1,GAGGGAAGCGCTAAATTCTT,0,4605965
ybeDp,0.5,1,1,GAGGCTATTATCTAATACCA,0,4609238
ybeDp,0.5,1,1,GAGGCTATGCGTTTCGAGGA,0,4641603
ybeDp,0.5,1,1,GAGGCCACTTGACTTAAGAC,0,4683996
ybeDp,0.5,1,1,GAGGCAGCCACCATTCAACC,0,4681817
ybeDp,0.5,1,1,GAGGAGGAATTACGCACGAA,0,4624603
ybeDp,0.5,1,1,GAGGAATCATGCTGGGGGTG,0,4662057
ybeDp,0.5,1,1,GAGGAAATGTCCGAAGGTAT,0,4660112
ybeDp,0.5,1,1,GAGCTGCACGAGAGGCCTTT,0,4667413
ybeDp,0.5,1,1,GAGCTGATCCATTCGCTCCC,0,4681401
ybeDp,0.5,1,1,GAGCTCGAACTTTGTAGCGC,0,4607030
ybeDp,0.5,1,1,GAGCTCCCCCCAGCACGACT,0,4687865
ybeDp,0.5,1,1,GAGCGTTTGCTGTCTCATGA,0,4632389
ybeDp,0.5,1,1,GAGCGGGACCACGAAGCTTA,0,4675093
ybeDp,0.5,1,1,GAGCGGATATAGGACCCGAA,0,4621042
ybeDp,0.5,1,1,GAGCGAGGCACGGTTTCAGA,0,4677858
ybeDp,0.5,1,1,GAGCGACAGAGAAGCCAAAT,0,4646612
ybeDp,0.5,1,1,GAGCCTTTAGTGCCTAGACA,0,4639899
ybeDp,0.5,1,1,GAGCCAAGCAGAGTTTGAGC,0,4661576
ybeDp,0.5,1,1,GAGCAGTACACATTGACGTT,0,4675939
ybeDp,0.5,1,1,GAGCAGGGTCGGGCTGCAGG,0,4654635
ybeDp,0.5,1,1,GAGCAACGGCTCCCCTCTAC,0,4607251
ybeDp,0.5,1,1,GAGATTTCTTACAGCCTCTT,0,4622745
ybeDp,0.5,1,1,GAGATGGCTTGATAGGCCAA,0,4619037
ybeDp,0.5,1,1,GAGATCTGTTATCACGTACT,0,4645072
ybeDp,0.5,1,1,GAGACCACGATGTCTATACA,0,4682515
ybeDp,0.5,1,1,GAGACACTTATGAGTAAGTC,0,4686020
ybeDp,0.5,1,1,GAGAACATGTTCCCATACAT,0,4603226
ybeDp,0.5,1,1,GAGAACATACGGAGTCGTTT,0,4687805
ybeDp,0.5,1,1,GACTTATTTACGTATAATTA,0,4608068
ybeDp,0.5,1,1,GACTTATTCACCGGCCTCCG,0,4617165
ybeDp,0.5,1,1,GACTTATATTCGATCTCAAG,0,4638771
ybeDp,0.5,1,1,GACTGGACAATGACGAGGTT,0,4635360
ybeDp,0.5,1,1,GACTGACTCGGTCGTGGACT,0,4668731
ybeDp,0.5,1,1,GACTCGAAATTTCGATACAG,0,4606749
ybeDp,0.5,1,1,GACTACATAGTTGGGCAGGA,0,4658571
ybeDp,0.5,1,1,GACTAAGTAACTCGCGGTTG,0,4624696
ybeDp,0.5,1,1,GACGTGGCGTCTGATAGCGT,0,4643180
ybeDp,0.5,1,1,GACGTGATAAGAAGTTCTAC,0,4623896
ybeDp,0.5,1,1,GACGTAATGTCTCTCCGTTC,0,4601128
ybeDp,0.5,1,1,GACGGTTCGCTTGATGACGG,0,4651302
ybeDp,0.5,1,1,GACGGCTTAATGAGTTGGAA,0,4659229
ybeDp,0.5,1,1,GACGGAAGGGCGCAAGGTAG,0,4650919
ybeDp,0.5,1,1,GACGCCGGTTTTGTCTCGTG,0,4608686
ybeDp,0.5,1,1,GACGCATGTAAAATGGAATT,0,4662859
ybeDp,0.5,1,1,GACGCACAGGAAGCCGTAGT,0,4602400
ybeDp,0.5,1,1,GACGATTTTGCAGGGAAAGG,0,4665620
ybeDp,0.5,1,1,GACGATGTGGCGTGGAGTTC,0,4629769
ybeDp,0.5,1,1,GACCTTTCGTGCTGCTGGAC,0,4612100
ybeDp,0.5,1,1,GACCTCGCTGCGTGGGATCA,0,4682656
ybeDp,0.5,1,1,GACCTAGCCCATGCCTGTGC,0,4656728
ybeDp,0.5,1,1,GACCGGCTCGAAAGCTCATT,0,4622827
ybeDp,0.5,1,1,GACCGATAAACCACGCGAAG,0,4648376
ybeDp,0.5,1,1,GACCCCCCACGTACGAGTAC,0,4649553
ybeDp,0.5,1,1,GACCACTTAACAGGCTAGCG,0,4681460
ybeDp,0.5,1,1,GACCAAGAAACTATAATGGC,0,4651919
ybeDp,0.5,1,1,GACATTCGCTAGCGAGCCGA,0,4615554
ybeDp,0.5,1,1,GACAGGACCCGATCGAACGT,0,4658494
ybeDp,0.5,1,1,GACAAGGTATTAGTACGGCC,0,4677953
ybeDp,0.5,1,1,GACAAATTATACGGCTATTA,0,4630060
ybeDp,0.5,1,1,GACAAAGGCCAGCTACGCCC,0,4660022
ybeDp,0.5,1,1,GAATTTCTATCAGTATGCTT,0,4649195
ybeDp,0.5,1,1,GAATTCCCGAACTACTCCCC,0,4648861
ybeDp,0.5,1,1,GAATTATATTCGATGCTTAG,0,4649662
ybeDp,0.5,1,1,GAATTAAACGTGCTGTTTCA,0,4615611
ybeDp,0.5,1,1,GAATGTTTACGCATGGCAAA,0,4611370
ybeDp,0.5,1,1,GAATGCCTGTGGAGCGCTCC,0,4606399
ybeDp,0.5,1,1,GAATGAATTTCGCGATGGAG,0,4637739
ybeDp,0.5,1,1,GAATCGGTTGTCGTACGGTA,0,4623226
ybeDp,0.5,1,1,GAATCGGGTTTTAGGTCCCC,0,4658005
ybeDp,0.5,1,1,GAATAGTTGAATTTAATTAA,0,4679282
ybeDp,0.5,1,1,GAATAGGATTTCACCAACAT,0,4687204
ybeDp,0.5,1,1,GAATAAATTCGGCGAAGGTG,0,4660538
ybeDp,0.5,1,1,GAAGTTGCCTGATAAGGCTG,0,4635710
ybeDp,0.5,1,1,GAAGGTCGAGTCTTTGGAGC,0,4633668
ybeDp,0.5,1,1,GAAGGGCACACTCCAAGGAA,0,4678092
ybeDp,0.5,1,1,GAAGGGACCCACAACCCCGC,0,4650843
ybeDp,0.5,1,1,GAAGCTAAAATACGAAAGTT,0,4628439
ybeDp,0.5,1,1,GAAGCGATTACTCCGGGGGT,0,4636871
ybeDp,0.5,1,1,GAAGCATATCAGAGCAGCAT,0,4605620
ybeDp,0.5,1,1,GAAGCAGTCAAGAAATTCCA,0,4671781
ybeDp,0.5,1,1,GAAGACGATCACGAGGCGTC,0,4617761
ybeDp,0.5,1,1,GAAGAACAATCGTGTCCCCC,0,4618589
ybeDp,0.5,1,1,GAACTCGGTGAACTGTTTCG,0,4643225
ybeDp,0.5,1,1,GAACGTGTAACTGGTAACTG,0,4619148
ybeDp,0.5,1,1,GAACCGGCTTAATGCCTCGT,0,4645575
ybeDp,0.5,1,1,GAACCACGTAAGATGGTTGT,0,4673014
ybeDp,0.5,1,1,GAACACACGTAGATCTTGCT,0,4676261
ybeDp,0.5,1,1,GAACAATATTTATATTCCAG,0,4680286
ybeDp,0.5,1,1,GAAATGAGTTCGGTTTTTGG,0,4671362
ybeDp,0.5,1,1,GAAATAATAAAGTTACTGTT,0,4676433
ybeDp,0.5,1,1,GAAAGCTATTAGTGGTACAC,0,4682499
ybeDp,0.5,1,1,GAAAGCAGCAATTCGGCGTT,0,4603623
ybeDp,0.5,1,1,GAAACGATACGATCACATTT,0,4605130
ybeDp,0.5,1,1,GAAAATGGCAAATCTGAGCA,0,4672302
ybeDp,0.5,1,1,CTTTTTACCCTAAAACAGCG,0,4614517
ybeDp,0.5,1,1,CTTTGGTCTAGGGCGGGGCT,0,4650260
ybeDp,0.5,1,1,CTTTGATAACCTCAACGAAG,0,4654906
ybeDp,0.5,1,1,CTTTCGCATCGATAATTTTA,0,4606158
ybeDp,0.5,1,1,CTTTCACCGTACCGTAATGA,0,4650056
ybeDp,0.5,1,1,CTTTATTTCGCTGAGAATAA,0,4633016
ybeDp,0.5,1,1,CTTTAGGACGTTCCAAGCGT,0,4610379
ybeDp,0.5,1,1,CTTTAGCATAAGTTTGGGTA,0,4623634
ybeDp,0.5,1,1,CTTTACGCAGTTGAGACTTC,0,4670382
ybeDp,0.5,1,1,CTTTACCATGCTTTGTTTTA,0,4622240
ybeDp,0.5,1,1,CTTTACAAGTGCTTTTCCAA,0,4645015
ybeDp,0.5,1,1,CTTGTACGTAATCGACCTGT,0,4640278
ybeDp,0.5,1,1,CTTGTACAGCTGCCACAGTA,0,4629803
ybeDp,0.5,1,1,CTTGGTTTAGTATAGGCCAA,0,4647478
ybeDp,0.5,1,1,CTTGGTTGTTTCTTGCAGAA,0,4652315
ybeDp,0.5,1,1,CTTGGTAACTCAAAGACCGT,0,4634638
ybeDp,0.5,1,1,CTTGGGAAATCCACTTTCGT,0,4667071
ybeDp,0.5,1,1,CTTGGCTCTACCCGTGGCTT,0,4611480
ybeDp,0.5,1,1,CTTGGCAACTCAGCCTGGAT,0,4619865
ybeDp,0.5,1,1,CTTGCCCCTCGGTGTTCCGA,0,4643995
ybeDp,0.5,1,1,CTTGCCAGACGAAATAGCCT,0,4681271
ybeDp,0.5,1,1,CTTGCACGCCCACTGCTGGT,0,4660864
ybeDp,0.5,1,1,CTTGATTTGATCACTGTGCT,0,4617778
ybeDp,0.5,1,1,CTTGAATGAGGACCATGAGC,0,4631375
ybeDp,0.5,1,1,CTTCTTAGGATGTTGAGTAT,0,4659714
ybeDp,0.5,1,1,CTTCTCCAACGTTAAGACCA,0,4660397
ybeDp,0.5,1,1,CTTCTACGACAGTAAATCTA,0,4622418
ybeDp,0.5,1,1,CTTCCATCGGCAAACAATTG,0,4617876
ybeDp,0.5,1,1,CTTCATACGGAACTTAAATC,0,4665065
ybeDp,0.5,1,1,CTTCAGGGCAAATGTAACGA,0,4683574
ybeDp,0.5,1,1,CTTCAAGACTGACGTGTATG,0,4640857
ybeDp,0.5,1,1,CTTATTGTAAGGTCTTTCAT,0,4644309
ybeDp,0.5,1,1,CTTATTGCAAATCTGGCAGC,0,4611744
ybeDp,0.5,1,1,CTTATGTCATTTACAGCACA,0,4659589
ybeDp,0.5,1,1,CTTATGGGCCAAGACCCAGC,0,4640058
ybeDp,0.5,1,1,CTTAGGTGAGGGCAAGATAT,0,4634602
ybeDp,0.5,1,1,CTTAGGGTATGTGGATCAAG,0,4650359
ybeDp,0.5,1,1,CTTAGGGAACTTAAGTTAGA,0,4654721
ybeDp,0.5,1,1,CTTAGCCATCGAAGTATTCC,0,4639290
ybeDp,0.5,1,1,CTTAGACGCGTGTACCCCGG,0,4687060
ybeDp,0.5,1,1,CTTAGACCAGGTAACTAGAT,0,4613358
ybeDp,0.5,1,1,CTTACTACTACCGCTTCGGA,0,4621810
ybeDp,0.5,1,1,CTTAAGTATACGCCGCAGAC,0,4663613
ybeDp,0.5,1,1,CTTAACAGTTGATCCATACC,0,4626076
ybeDp,0.5,1,1,CTTAAAATAGGTTTCATGCT,0,4611520
ybeDp,0.5,1,1,CTGTTTAAGCCGTACAGACA,0,4622851
ybeDp,0.5,1,1,CTGTTGGCCTTCGACCGGGA,0,4643824
ybeDp,0.5,1,1,CTGTTCCAAGCAGCCGCAGA,0,4653412
ybeDp,0.5,1,1,CTGTCCCAAAGTTTCGGAAT,0,4603774
ybeDp,0.5,1,1,CTGTCATTCTTCACTGTAAT,0,4656054
ybeDp,0.5,1,1,CTGTATATCTAGCGGCCGAG,0,4665500
ybeDp,0.5,1,1,CTGTAGATCTACAGCCCACT,0,4666649
ybeDp,0.5,1,1,CTGTACCGGCCCCTACTAAT,0,4678463
ybeDp,0.5,1,1,CTGTAATTAACGAGCAGCAC,0,4660127
ybeDp,0.5,1,1,CTGTAACCCCGGACCTAGGA,0,4621432
ybeDp,0.5,1,1,CTGGTGTGACATTCCCTATG,0,4601916
ybeDp,0.5,1,1,CTGGTCCGTTATGACAGGCG,0,4684382
ybeDp,0.5,1,1,CTGGTAGACGGGGCGTGCAC,0,4638148
ybeDp,0.5,1,1,CTGGGCAAGGGTAGGGTTCC,0,4653159
ybeDp,0.5,1,1,CTGGCTTTATTCGCTAGGTT,0,4651263
ybeDp,0.5,1,1,CTGGATTTGGTAACGTGCCC,0,4607578
ybeDp,0.5,1,1,CTGGAGGCCAGTGATGGGCG,0,4672530
ybeDp,0.5,1,1,CTGGAGCGTTAAAATCAAGA,0,4612088
ybeDp,0.5,1,1,CTGGACCGGTATAGAATTTC,0,4612250
ybeDp,0.5,1,1,CTGGAATGGTTCCTTCTTTG,0,4617525
ybeDp,0.5,1,1,CTGCTGAGGAGGCATTGTCA,0,4613083
ybeDp,0.5,1,1,CTGCTCCTGATATCTCATTT,0,4671825
ybeDp,0.5,1,1,CTGCGTGGTGCCAGAGAAAT,0,4644126
ybeDp,0.5,1,1,CTGCGACAATCATTCTAATC,0,4652819
ybeDp,0.5,1,1,CTGCGAAGGGGGGACCGATG,0,4635381
ybeDp,0.5,1,1,CTGCCGTTGCAACTATTGGG,0,4669565
ybeDp,0.5,1,1,CTGCCCAAAAGGCCATTAGC,0,4636272
ybeDp,0.5,1,1,CTGCATGGCTCTTTATGCCT,0,4651241
ybeDp,0.5,1,1,CTGCATATCTCGAAAGCCTA,0,4666965
ybeDp,0.5,1,1,CTGCACTCCAGGGGTCTCAA,0,4675248
ybeDp,0.5,1,1,CTGCACGGGTACTGCTCCGC,0,4673192
ybeDp,0.5,1,1,CTGCACCCAGGTCCTAGAAG,0,4626254
ybeDp,0.5,1,1,CTGCAATGTTGTACATTACA,0,4668087
ybeDp,0.5,1,1,CTGATTAAGAGCTATTGCTT,0,4675320
ybeDp,0.5,1,1,CTGATCCATCCTTTTTGAAT,0,4625516
ybeDp,0.5,1,1,CTGAGTCATATGCACAATCC,0,4687830
ybeDp,0.5,1,1,CTGACTGCGCAATACGCTCG,0,4646235
ybeDp,0.5,1,1,CTGAATGGAAGACAGTTATT,0,4635419
ybeDp,0.5,1,1,CTGAATATTAACCTCCACTT,0,4659243
ybeDp,0.5,1,1,CTGAAGGTCGAAGCGCTGTA,0,4625821
ybeDp,0.5,1,1,CTGAACACACACGCAAATTA,0,4644422
ybeDp,0.5,1,1,CTCTTTTATAGCAGGCGGCA,0,4654581
ybeDp,0.5,1,1,CTCTGTGGTTCCTGGGCCGA,0,4668393
ybeDp,0.5,1,1,CTCTGCGATTCTCTACGCGG,0,4635814
ybeDp,0.5,1,1,CTCTGCCTACAGTATGAACG,0,4619722
ybeDp,0.5,1,1,CTCTGAGTGCTAATTCACTG,0,4600960
ybeDp,0.5,1,1,CTCTCTTAACGTGTATAGGT,0,4606567
ybeDp,0.5,1,1,CTCTCTAGGAAAATTCCGTC,0,4644222
ybeDp,0.5,1,1,CTCTCACTTGGAAGAGTTCC,0,4625478
ybeDp,0.5,1,1,CTCTACCCGAGCGAGGTGAC,0,4684980
ybeDp,0.5,1,1,CTCGTTCACCCCGACTAGCC,0,4613945
ybeDp,0.5,1,1,CTCGTCCTGTGCAGACTTAC,0,4666711
ybeDp,0.5,1,1,CTCGTCCTCTTTTCCTGCTT,0,4655579
ybeDp,0.5,1,1,CTCGTATAATCAGTCACCCT,0,4611427
ybeDp,0.5,1,1,CTCGTAGCCTTATTCACCCC,0,4664235
ybeDp,0.5,1,1,CTCGCTCTGTACAGTAGGTT,0,4636866
ybeDp,0.5,1,1,CTCGCTATGTACAACGCGTT,0,4681715
ybeDp,0.5,1,1,CTCGCGAATGGGCGTGAATC,0,4679412
ybeDp,0.5,1,1,CTCGCCGTGCGACGCACCTT,0,4631670
ybeDp,0.5,1,1,CTCGCCAAAACATGGAAGCT,0,4644989
ybeDp,0.5,1,1,CTCGAGCGTCCTAGTGTAAC,0,4679345
ybeDp,0.5,1,1,CTCGACTGGGGACGGAGGCT,0,4608734
ybeDp,0.5,1,1,CTCGAATAATCATCTCGTCC,0,4635226
ybeDp,0.5,1,1,CTCGAAGGCTTGGGATCGAT,0,4669011
ybeDp,0.5,1,1,CTCGAAAGGGCGCTATTGTT,0,4634402
ybeDp,0.5,1,1,CTCCGTCGCGTCTTATATCG,0,4631041
ybeDp,0.5,1,1,CTCCGGCTGCTCTTTATAAT,0,4635322
ybeDp,0.5,1,1,CTCCGCGTAGTCAAACAGAA,0,4680573
ybeDp,0.5,1,1,CTCCGAATGTCCAGGGCCAA,0,4680023
ybeDp,0.5,1,1,CTCCCTCTTCCGACGATATT,0,4661008
ybeDp,0.5,1,1,CTCCCAATGCTCGATCGCCA,0,4659327
ybeDp,0.5,1,1,CTCATTTAACTTATCAATGT,0,4636959
ybeDp,0.5,1,1,CTCATCGCGTCGGATAGAAG,0,4671295
ybeDp,0.5,1,1,CTCATACTCTATGTTGCGGG,0,4612086
ybeDp,0.5,1,1,CTCACCCTTTGGATGTCCCA,0,4636078
ybeDp,0.5,1,1,CTCAAAGAAGAGTAAACCGA,0,4616756
ybeDp,0.5,1,1,CTATTGCAGTAAATCATGGT,0,4622432
ybeDp,0.5,1,1,CTATTATTATGCATAGTTCT,0,4622694
ybeDp,0.5,1,1,CTATGTGGGCACTGCGGCAG,0,4627134
ybeDp,0.5,1,1,CTATGGTCTTCGGGAATTTG,0,4651866
ybeDp,0.5,1,1,CTATGCGAAACAACACCTGC,0,4635669
ybeDp,0.5,1,1,CTATGACTTTTTAACGGGTT,0,4627024
ybeDp,0.5,1,1,CTATGAAATAACATTCTATC,0,4669417
ybeDp,0.5,1,1,CTATATACGGGGCGACTACT,0,4659246
ybeDp,0.5,1,1,CTAGTTGTTCGCTCTGCTAT,0,4621826
ybeDp,0.5,1,1,CTAGTGCGAATTTGAGTACA,0,4674662
ybeDp,0.5,1,1,CTAGTCTATGACAAATATCT,0,4630207
ybeDp,0.5,1,1,CTAGTCGAAGAGCTGGGACT,0,4601529
ybeDp,0.5,1,1,CTAGTCACCATAGGCAAGCT,0,4645449
ybeDp,0.5,1,1,CTAGGGTCGCACGGCGGTGT,0,4676077
ybeDp,0.5,1,1,CTAGGATTGGAGTTTCATAT,0,4648224
ybeDp,0.5,1,1,CTAGGAGAAGTTTATTGGCG,0,4629134
ybeDp,0.5,1,1,CTAGCTGTGGTGTCCAATAC,0,4665572
ybeDp,0.5,1,1,CTAGATGTCGCTAGAGGACT,0,4648129
ybeDp,0.5,1,1,CTAGAGGTTGAAGAGGCACA,0,4660823
ybeDp,0.5,1,1,CTAGAAGCCCGTGAGAGACC,0,4641031
ybeDp,0.5,1,1,CTACTTTTAGATTGGTGACG,0,4614608
ybeDp,0.5,1,1,CTACTGCTACCTTTCCCAGA,0,4662908
ybeDp,0.5,1,1,CTACGTACCCTGGAGTGTAA,0,4635034
ybeDp,0.5,1,1,CTACGGACCGCAAGTGTGGG,0,4641936
ybeDp,0.5,1,1,CTACGCGCACGGGACACTCG,0,4669713
ybeDp,0.5,1,1,CTACCAAACAGGGATGTGAT,0,4616717
ybeDp,0.5,1,1,CTACATGAACGTGAAGATCG,0,4661438
ybeDp,0.5,1,1,CTACACCCACGGGAACAATA,0,4679735
ybeDp,0.5,1,1,CTAATATGGTTGACACATTG,0,4613875
ybeDp,0.5,1,1,CTAATAGGTCCGCCGTCCTT,0,4605331
ybeDp,0.5,1,1,CTAAGTCGCTGGTAATCGTA,0,4654717
ybeDp,0.5,1,1,CTAACTATAACCCGACGCGT,0,4644811
ybeDp,0.5,1,1,CTAACCTACCTCTTTTCCTC,0,4609370
ybeDp,0.5,1,1,CTAAACGACAACACCATTCA,0,4657570
ybeDp,0.5,1,1,CGTTTTTGGTGGGTGTTATT,0,4640862
ybeDp,0.5,1,1,CGTTTCAAAAGCAACTTGGT,0,4623555
ybeDp,0.5,1,1,CGTTGTAGCCACTTTCCAGG,0,4645696
ybeDp,0.5,1,1,CGTTGCGAGGACTCTAGGAC,0,4621908
ybeDp,0.5,1,1,CGTTGCAGTAGACGACTGTG,0,4684036
ybeDp,0.5,1,1,CGTTCGTACTATTCGTACAA,0,4657901
ybeDp,0.5,1,1,CGTTCGGGGTCGTCAACACA,0,4610608
ybeDp,0.5,1,1,CGTTATTCGCTCTCCTGTCT,0,4668879
ybeDp,0.5,1,1,CGTTAGTGTGGAACCTTTCA,0,4661879
ybeDp,0.5,1,1,CGTTAGTACCTACCGATTGG,0,4682895
ybeDp,0.5,1,1,CGTTAACCAGGTCCCCGCTT,0,4656137
ybeDp,0.5,1,1,CGTGTATGGGGCCATAGATA,0,4611042
ybeDp,0.5,1,1,CGTGTATGGGCGAGCCTGTT,0,4650432
ybeDp,0.5,1,1,CGTGTACCACAGCTGATAAA,0,4611818
ybeDp,0.5,1,1,CGTGGGTCTTTTAAGTTAAT,0,4621407
ybeDp,0.5,1,1,CGTGGGTAAGTCCGATAACT,0,4680445
ybeDp,0.5,1,1,CGTGGGGGGATTCGACATGC,0,4653437
ybeDp,0.5,1,1,CGTGGAAAAGCTACCGGTCC,0,4623180
ybeDp,0.5,1,1,CGTGCGACTGGGGCCAGGTA,0,4610384
ybeDp,0.5,1,1,CGTGCCAGGCGCACTTGCTC,0,4643185
ybeDp,0.5,1,1,CGTGCACGTGATTAAGGTAC,0,4639212
ybeDp,0.5,1,1,CGTGACGACCCACCCCAAAT,0,4681036
ybeDp,0.5,1,1,CGTGACGACCACTGAATGGC,0,4602792
ybeDp,0.5,1,1,CGTGACCTTGTGCAATAGTC,0,4654905
ybeDp,0.5,1,1,CGTCTTGGACAAAGACCTGT,0,4619841
ybeDp,0.5,1,1,CGTCTGGCTTATTTCAGGCA,0,4610668
ybeDp,0.5,1,1,CGTCGTTGACCTGACGTGTG,0,4675493
ybeDp,0.5,1,1,CGTCGGCTAAAGGAATACCA,0,4653705
ybeDp,0.5,1,1,CGTCGCGCTAGTCAGAACTC,0,4659288
ybeDp,0.5,1,1,CGTCGAGTTAAGACCAAAAA,0,4651517
ybeDp,0.5,1,1,CGTCGAAGATAAATGAGGGT,0,4633341
ybeDp,0.5,1,1,CGTCCGTCCTGGGAAGTCAT,0,4645596
ybeDp,0.5,1,1,CGTCCATAAACCCCAACGGT,0,4627457
ybeDp,0.5,1,1,CGTCAGTATAGATGTACGAA,0,4644438
ybeDp,0.5,1,1,CGTATTTCGTACGTGCGTAA,0,4607797
ybeDp,0.5,1,1,CGTATTGCCGGACGGATCGG,0,4616320
ybeDp,0.5,1,1,CGTATTAGGCGGCGAACGGC,0,4645971
ybeDp,0.5,1,1,CGTATCTTATGCTGGGGTGA,0,4641077
ybeDp,0.5,1,1,CGTATCTATCTTGGAGGATG,0,4618137
ybeDp,0.5,1,1,CGTATAATTAGAATTTTTCA,0,4682543
ybeDp,0.5,1,1,CGTAGGTTGTTGAAGCGGGA,0,4602072
ybeDp,0.5,1,1,CGTAGACGTAGGAATGGCCA,0,4654301
ybeDp,0.5,1,1,CGTAGACACCGCGTTTCAAC,0,4654642
ybeDp,0.5,1,1,CGTACTCGCCTATGAGTCAA,0,4615608
ybeDp,0.5,1,1,CGTACTCAGACGGGACTGTT,0,4645907
ybeDp,0.5,1,1,CGTACGCCGAGATTGGCTGA,0,4682310
ybeDp,0.5,1,1,CGTACCATTCTCGATCTTGG,0,4635906
ybeDp,0.5,1,1,CGTACCATCTACTACAGTAT,0,4609225
ybeDp,0.5,1,1,CGTAATGCCATTATACGATG,0,4632456
ybeDp,0.5,1,1,CGTAATCTATGTTTAGATCG,0,4611890
ybeDp,0.5,1,1,CGTAAAGCGGGGACTCTCGC,0,4612704
ybeDp,0.5,1,1,CGGTTCCCGCTTTTAACTTT,0,4632568
ybeDp,0.5,1,1,CGGTTAGAACCTACCGGGAA,0,4601017
ybeDp,0.5,1,1,CGGTGGGTCTATCCGGCAAT,0,4651794
ybeDp,0.5,1,1,CGGTGCGAGCCCCCTAGGGA,0,4602778
ybeDp,0.5,1,1,CGGTGATGCGCCATAGGGGA,0,4625269
ybeDp,0.5,1,1,CGGTAGCAACTTCTGGGTTA,0,4668983
ybeDp,0.5,1,1,CGGTAAGCTCGTCCTGGATG,0,4678992
ybeDp,0.5,1,1,CGGGTTCTGTTGGTCTCGAA,0,4662092
ybeDp,0.5,1,1,CGGGGTCCATGGACTATAGC,0,4605773
ybeDp,0.5,1,1,CGGGGTACTGAACTATACGC,0,4635115
ybeDp,0.5,1,1,CGGGGGATTAATGTTGGGCT,0,4627533
ybeDp,0.5,1,1,CGGGGCGCAGCGATACGAGT,0,4684827
ybeDp,0.5,1,1,CGGGGCAAAGCGTATAAATC,0,4672312
ybeDp,0.5,1,1,CGGGCTGCTAAATGTATATC,0,4669747
ybeDp,0.5,1,1,CGGGCTCTTGCAGTGCCTAT,0,4606420
ybeDp,0.5,1,1,CGGGCGGCCTTTGATCGACC,0,4667585
ybeDp,0.5,1,1,CGGGCCACGCTCCCACTATA,0,4641204
ybeDp,0.5,1,1,CGGGACAACTTCGACTTATT,0,4683087
ybeDp,0.5,1,1,CGGGAATTCCTGATGGCCTT,0,4652212
ybeDp,0.5,1,1,CGGCTTCATTCCTATTATGT,0,4626746
ybeDp,0.5,1,1,CGGCGTTCGGTACACAGACT,0,4646501
ybeDp,0.5,1,1,CGGCGTGCGAAGCAATGGTT,0,4615274
ybeDp,0.5,1,1,CGGCGGCAGTGACGCCGGTA,0,4655907
ybeDp,0.5,1,1,CGGCGACATGATACGAAGGA,0,4655589
ybeDp,0.5,1,1,CGGCCGCGTACAACGCTCTA,0,4677199
ybeDp,0.5,1,1,CGGCCACTGATAGCTATATC,0,4686277
ybeDp,0.5,1,1,CGGCATGGCCGGGGGCACCG,0,4653454
ybeDp,0.5,1,1,CGGCAGTTGATCCGCATGGC,0,4669483
ybeDp,0.5,1,1,CGGCAGGGGCCAGCACATTA,0,4652650
ybeDp,0.5,1,1,CGGCACGCAGCAGGTCAGTA,0,4682891
ybeDp,0.5,1,1,CGGCAATGGCGCCCAACGGC,0,4636107
ybeDp,0.5,1,1,CGGATTTAGTAGTTCTTGAT,0,4651695
ybeDp,0.5,1,1,CGGATGGTGGGGGAGCCGAA,0,4668761
ybeDp,0.5,1,1,CGGATGGGTAGCCACGCAGG,0,4639742
ybeDp,0.5,1,1,CGGATCTAGCTGCCTTTGCT,0,4603170
ybeDp,0.5,1,1,CGGATCGGGGGTACCGCCGG,0,4687237
ybeDp,0.5,1,1,CGGACTACGCACCCGGACGA,0,4669324
ybeDp,0.5,1,1,CGGACGAAACTGGTTTAAAC,0,4604124
ybeDp,0.5,1,1,CGGACCGCTAAATACTCACG,0,4624823
ybeDp,0.5,1,1,CGGACCGATTATCTGACTTA,0,4661695
ybeDp,0.5,1,1,CGGAAGGATGACATTTCACC,0,4666988
ybeDp,0.5,1,1,CGGAACCGCTACAACGAAAT,0,4604707
ybeDp,0.5,1,1,CGCTGGGGCTGCAACAGTTG,0,4680172
ybeDp,0.5,1,1,CGCTGAGCAGGATCGCCGGA,0,4621998
ybeDp,0.5,1,1,CGCTCTCATGAAAACATCCT,0,4676537
ybeDp,0.5,1,1,CGCTACTCTGAGACGGAGTC,0,4661235
ybeDp,0.5,1,1,CGCTACATGCAGATCCGCGA,0,4637677
ybeDp,0.5,1,1,CGCGTGCCGAGCAAAGTTCC,0,4607632
ybeDp,0.5,1,1,CGCGTCGCCGCGTTAGACCA,0,4610561
ybeDp,0.5,1,1,CGCGTCCCAACATTTGATTG,0,4601364
ybeDp,0.5,1,1,CGCGTCCATCAGAATCTGTA,0,4609835
ybeDp,0.5,1,1,CGCGTCACAACAGAACGTGG,0,4635264
ybeDp,0.5,1,1,CGCGCTGGATCGGACTTCCG,0,4640926
ybeDp,0.5,1,1,CGCGCCTTTCAGGAAGGATT,0,4662755
ybeDp,0.5,1,1,CGCGCCGTTCTTTAGGGGTG,0,4614711
ybeDp,0.5,1,1,CGCGCCATATACTGGAGACC,0,4668534
ybeDp,0.5,1,1,CGCGCACACGCAGTCCGGAT,0,4651611
ybeDp,0.5,1,1,CGCGATCCACAAAAGTGGCC,0,4658719
ybeDp,0.5,1,1,CGCGAGCTCTATTCAGTTAA,0,4680900
ybeDp,0.5,1,1,CGCCTGGCTAGATTTATGGG,0,4678467
ybeDp,0.5,1,1,CGCCTGCCTAGCATCCAGCC,0,4622120
ybeDp,0.5,1,1,CGCCTCCGGTCTACCACGGT,0,4600956
ybeDp,0.5,1,1,CGCCGGATCGACGGCTGGTT,0,4672601
ybeDp,0.5,1,1,CGCCGCCCCGCTGTTGTGCG,0,4627027
ybeDp,0.5,1,1,CGCCCGAAGGTCATGAGAGG,0,4674047
ybeDp,0.5,1,1,CGCCCCATAACTCAGCTTGA,0,4681692
ybeDp,0.5,1,1,CGCCCACTACTCTTTTGTGT,0,4655024
ybeDp,0.5,1,1,CGCCAGTCCCAGCGTGCTTT,0,4664639
ybeDp,0.5,1,1,CGCATGGTGGGGGTAGACAA,0,4603168
ybeDp,0.5,1,1,CGCATGGGGGTTACTGATAA,0,4607437
ybeDp,0.5,1,1,CGCATGCCGTCCATTTTAGA,0,4681128
ybeDp,0.5,1,1,CGCATATGCCGGCCAATATG,0,4617666
ybeDp,0.5,1,1,CGCATAGAATAGCCGTTGTT,0,4624969
ybeDp,0.5,1,1,CGCAGGCAGCAAAGGGTTAT,0,4644216
ybeDp,0.5,1,1,CGCAGATAGGCGACCGCTGC,0,4635918
ybeDp,0.5,1,1,CGCAGAGGGTTAACTTGGGT,0,4621368
ybeDp,0.5,1,1,CGCAGAACATCAAAACGAAA,0,4606154
ybeDp,0.5,1,1,CGCACTCCCGTTCCGTTAAC,0,4601245
ybeDp,0.5,1,1,CGCACCTTTTATTCAAAAGA,0,4626234
ybeDp,0.5,1,1,CGCACCAGGAGATATCGGTG,0,4645996
ybeDp,0.5,1,1,CGCAACCGTCCGTGAGTATA,0,4680105
ybeDp,0.5,1,1,CGATTTACGAACTAACTGGA,0,4634444
ybeDp,0.5,1,1,CGATTGGGGAGGGGCATGTG,0,4642177
ybeDp,0.5,1,1,CGATTGGCCACCAAGCATGT,0,4675719
ybeDp,0.5,1,1,CGATGGAATCCCCAAGGGGA,0,4651801
ybeDp,0.5,1,1,CGATGATATGGCGACGAGGG,0,4642803
ybeDp,0.5,1,1,CGATCTCTCGCCTGTTGTCT,0,4651072
ybeDp,0.5,1,1,CGATCGTATAATGTAAATCT,0,4601909
ybeDp,0.5,1,1,CGATCGGTTTAAACAAGAGC,0,4649616
ybeDp,0.5,1,1,CGATCAGGGCGGACCAAAGG,0,4676424
ybeDp,0.5,1,1,CGATATCCCCAAATTACAAG,0,4660980
ybeDp,0.5,1,1,CGATACAACCGCCAACGTGG,0,4607095
ybeDp,0.5,1,1,CGATAATATGGAGCTGAGGG,0,4648465
ybeDp,0.5,1,1,CGAGTTTATGTATTTAATAT,0,4607967
ybeDp,0.5,1,1,CGAGTTGAACAAGGCAACTT,0,4687563
ybeDp,0.5,1,1,CGAGTGCTAAAATGTCTTTG,0,4616258
ybeDp,0.5,1,1,CGAGCTTTGTGTTAGAGGTA,0,4636460
ybeDp,0.5,1,1,CGAGCTTCTGCGGTCGCGGA,0,4667093
ybeDp,0.5,1,1,CGAGCGAAATCGAGTGGTGT,0,4671262
ybeDp,0.5,1,1,CGAGCCGACAACTTCCGTGC,0,4615041
ybeDp,0.5,1,1,CGAGCCAATTGCGCTCCAGC,0,4635187
ybeDp,0.5,1,1,CGAGACTCGGACCACCCTAC,0,4615011
ybeDp,0.5,1,1,CGACTTTAAAAGAAGGCGCT,0,4625214
ybeDp,0.5,1,1,CGACGTAGGACGCAGCCATA,0,4601016
ybeDp,0.5,1,1,CGACGGGACTAATTATAAGG,0,4646747
ybeDp,0.5,1,1,CGACGATCTTATCCGCCCCG,0,4614798
ybeDp,0.5,1,1,CGACCGTACCGGGGCTGGCG,0,4606964
ybeDp,0.5,1,1,CGACCGCCTTGGCTGGAGAT,0,4687581
ybeDp,0.5,1,1,CGACCCCGCATTGGTAATGT,0,4628980
ybeDp,0.5,1,1,CGACCATGTACAACCCCCGC,0,4600900
ybeDp,0.5,1,1,CGACCATCCGGTCGATCAGA,0,4638139
ybeDp,0.5,1,1,CGACATGAGTGCAAGCGAAT,0,4635501
ybeDp,0.5,1,1,CGAAGTCATTGACTCAGTGC,0,4617865
ybeDp,0.5,1,1,CGAAGGTAAATCCACGGCGT,0,4682882
ybeDp,0.5,1,1,CGAACTATGGGGAATATGGG,0,4652289
ybeDp,0.5,1,1,CGAACCTATGGAGCAAAGTG,0,4643405
ybeDp,0.5,1,1,CGAAATTGCGCGCATTATGT,0,4646125
ybeDp,0.5,1,1,CGAAATGGCTCAAAGAATAG,0,4663306
ybeDp,0.5,1,1,CGAAACTCGCAACATAATCT,0,4687866
ybeDp,0.5,1,1,CCTTTGGTCTATCACAATGA,0,4620662
ybeDp,0.5,1,1,CCTTTAGAGCCCATGTCCCA,0,4609766
ybeDp,0.5,1,1,CCTTGTATCCGCAGGGTCAT,0,4642293
ybeDp,0.5,1,1,CCTTGTAGGCTTTGACTTCG,0,4634759
ybeDp,0.5,1,1,CCTTGCTTCGCCCACACCTT,0,4639722
ybeDp,0.5,1,1,CCTTCCGCCAGGGGCGAAAT,0,4673310
ybeDp,0.5,1,1,CCTTCATGGCGCTGCTGTAT,0,4603210
ybeDp,0.5,1,1,CCTTCAAGTCCCGTGAAATA,0,4646506
ybeDp,0.5,1,1,CCTTAGTTGCACCCGAGCGG,0,4667221
ybeDp,0.5,1,1,CCTTAACTACATCTAGTAGA,0,4626729
ybeDp,0.5,1,1,CCTGTTTGATTGGAAGAGTC,0,4650838
ybeDp,0.5,1,1,CCTGTGGGATGCCCTCCCCA,0,4638033
ybeDp,0.5,1,1,CCTGTACAGGTTGTCGCAAG,0,4677761
ybeDp,0.5,1,1,CCTGGTGGCATAATTGTAAA,0,4616128
ybeDp,0.5,1,1,CCTGGTATGTTTCTAGCAAA,0,4602759
ybeDp,0.5,1,1,CCTGGGAGGGTCAGATGTTA,0,4601407
ybeDp,0.5,1,1,CCTGGAAGGACTTATGGTTT,0,4664007
ybeDp,0.5,1,1,CCTGCCTACGCGGGTAACAC,0,4667381
ybeDp,0.5,1,1,CCTGCCATGTCGCGGGCCGG,0,4652734
ybeDp,0.5,1,1,CCTGATTAAAGAAACGCTCA,0,4676295
ybeDp,0.5,1,1,CCTCTGCCGGCTCCTCCGCA,0,4624541
ybeDp,0.5,1,1,CCTCGTTAAAGCGCTACAGG,0,4634472
ybeDp,0.5,1,1,CCTCGTGGACAATCGTCTTG,0,4655080
ybeDp,0.5,1,1,CCTCGTCTCAGCACAGGGGT,0,4658722
ybeDp,0.5,1,1,CCTCGGGTTCTGCCTACATG,0,4659172
ybeDp,0.5,1,1,CCTCGCTGGTCACTCGCCAC,0,4647770
ybeDp,0.5,1,1,CCTCGATCGACTAATCTGAC,0,4686691
ybeDp,0.5,1,1,CCTCCCGCCTATGTGCTCGT,0,4628673
ybeDp,0.5,1,1,CCTCACATTGGTACGATGAT,0,4686738
ybeDp,0.5,1,1,CCTATAGCTTGAAGCTTGAT,0,4608746
ybeDp,0.5,1,1,CCTATAAGGTGGCTGGTCAC,0,4647515
ybeDp,0.5,1,1,CCTAGTTCATGGTGTTCAAC,0,4667621
ybeDp,0.5,1,1,CCTACGGTGACAATACAAGA,0,4670790
ybeDp,0.5,1,1,CCTACGCGTTGGTTTATCGA,0,4675406
ybeDp,0.5,1,1,CCTACCTTCAATTTCTGCGA,0,4609156
ybeDp,0.5,1,1,CCTAAGCGCTTCATAAGGTT,0,4669479
ybeDp,0.5,1,1,CCGTTTATGTTCTACTTTAT,0,4603561
ybeDp,0.5,1,1,CCGTTCTGATCAGGTTGGTC,0,4641108
ybeDp,0.5,1,1,CCGTTCTCGCTAGCGGCGGT,0,4644398
ybeDp,0.5,1,1,CCGTGTAAGAGTATATGGTG,0,4610203
ybeDp,0.5,1,1,CCGTGGTAATGCCGCGCTTA,0,4669749
ybeDp,0.5,1,1,CCGTGCTGTTCTCTAAATGT,0,4603671
ybeDp,0.5,1,1,CCGTCGTAGATCCTCATTAA,0,4687929
ybeDp,0.5,1,1,CCGTCCTAGGAAAGAGCCAC,0,4662822
ybeDp,0.5,1,1,CCGTATAGACTTGCGGCATG,0,4601995
ybeDp,0.5,1,1,CCGTACGACTTGGCACTCAG,0,4683735
ybeDp,0.5,1,1,CCGGTTGCAGACAGTCCGAC,0,4608801
ybeDp,0.5,1,1,CCGGTGTGCCGACTACCGAC,0,4662234
ybeDp,0.5,1,1,CCGGTGCAATGTTAACGTCT,0,4643746
ybeDp,0.5,1,1,CCGGTCGCGCGCATTGTCTA,0,4651185
ybeDp,0.5,1,1,CCGGTATTTCGTGGAAATTG,0,4674683
ybeDp,0.5,1,1,CCGGTAGGCGTCTAAAGTTC,0,4633222
ybeDp,0.5,1,1,CCGGTAAAGTCTGATTAGAC,0,4619686
ybeDp,0.5,1,1,CCGGGGTCCCAGGCGTAACT,0,4613584
ybeDp,0.5,1,1,CCGGCTTCTTGCAACGGTCT,0,4602876
ybeDp,0.5,1,1,CCGGCTACTTAGTGCGCCTG,0,4636354
ybeDp,0.5,1,1,CCGGCGGTCTAGTCATGGCG,0,4603192
ybeDp,0.5,1,1,CCGGACGACATCTGAAGACA,0,4654520
ybeDp,0.5,1,1,CCGGAAAACTGCCACACTAT,0,4627855
ybeDp,0.5,1,1,CCGCTTAATGGTATGCCGCA,0,4657330
ybeDp,0.5,1,1,CCGCTGAACGACGACGTGAC,0,4640790
ybeDp,0.5,1,1,CCGCGTAGTTCATCGGCCTT,0,4671047
ybeDp,0.5,1,1,CCGCGCTCATCCTCTGGTCA,0,4649471
ybeDp,0.5,1,1,CCGCGATAGACGCGGAATTA,0,4628048
ybeDp,0.5,1,1,CCGCCTCGTTCGGGGGGGAC,0,4676802
ybeDp,0.5,1,1,CCGCCGAAGATCATACGCAT,0,4678888
ybeDp,0.5,1,1,CCGCCCCAGTCCCATCACAA,0,4642933
ybeDp,0.5,1,1,CCGCCACCCTGTAGTGTGCG,0,4684798
ybeDp,0.5,1,1,CCGCATATTCTCGGCTCTGC,0,4626914
ybeDp,0.5,1,1,CCGCAGTGCATTGAACCAGC,0,4655966
ybeDp,0.5,1,1,CCGCACAGAACATCGACACT,0,4673197
ybeDp,0.5,1,1,CCGCAATGGCAGGCATAGAA,0,4640869
ybeDp,0.5,1,1,CCGATGTGCTCTTTGGAATA,0,4610002
ybeDp,0.5,1,1,CCGATCAGCGGCTCACGAGA,0,4637337
ybeDp,0.5,1,1,CCGAGTTCCGCCTGGCGCGA,0,4647216
ybeDp,0.5,1,1,CCGAGGAGGACAGGCGTGAC,0,4617652
ybeDp,0.5,1,1,CCGAGGAACAAGGATTTGCT,0,4680726
ybeDp,0.5,1,1,CCGAGCTTTTTAGCCCACGA,0,4667679
ybeDp,0.5,1,1,CCGAGATCATCCCCGGGTAA,0,4610640
ybeDp,0.5,1,1,CCGACTTCCGCTGAAGTGAC,0,4656631
ybeDp,0.5,1,1,CCGACGGGGGACTAATAGCA,0,4616364
ybeDp,0.5,1,1,CCGACGGATATCGCAGAATG,0,4634012
ybeDp,0.5,1,1,CCGACCAGGCGACCCGACCC,0,4617160
ybeDp,0.5,1,1,CCGAAGTATTTCTTCACTAC,0,4641913
ybeDp,0.5,1,1,CCGAAGGCCCCCGTTAACAT,0,4658759
ybeDp,0.5,1,1,CCGAACCTTCTTCTTCATGC,0,4633839
ybeDp,0.5,1,1,CCGAACAAGAGATCGTAAGC,0,4618200
ybeDp,0.5,1,1,CCCTTCCTGCTAGCGACTAA,0,4647158
ybeDp,0.5,1,1,CCCTTAGCACGAATCTGAAA,0,4666653
ybeDp,0.5,1,1,CCCTCTGTCTGTCAATAAGC,0,4637914
ybeDp,0.5,1,1,CCCTATGATGATGGGAAGAC,0,4617023
ybeDp,0.5,1,1,CCCTAACAAAGCATTGGTAT,0,4625043
ybeDp,0.5,1,1,CCCGTTTTTACATCCTCTGT,0,4635406
ybeDp,0.5,1,1,CCCGTTCCGCGGAGCGCAAT,0,4671833
ybeDp,0.5,1,1,CCCGTGCACGTCATTGAATG,0,4667522
ybeDp,0.5,1,1,CCCGGGACCACAACTCCAAC,0,4661759
ybeDp,0.5,1,1,CCCGCTCTGTAGTCGCGTGT,0,4628718
ybeDp,0.5,1,1,CCCGCTACACAATAGCACAA,0,4654561
ybeDp,0.5,1,1,CCCGCGAAGTGGAGTATTTG,0,4673557
ybeDp,0.5,1,1,CCCGAGTATATTGAAAACGT,0,4667483
ybeDp,0.5,1,1,CCCCTGTGCTAGCGCGCTCG,0,4612773
ybeDp,0.5,1,1,CCCCTGTATGGGTACTAATC,0,4615666
ybeDp,0.5,1,1,CCCCTGAAGTGGGTCTCTTT,0,4604487
ybeDp,0.5,1,1,CCCCGTGAGTCCTGAACTTA,0,4659481
ybeDp,0.5,1,1,CCCCGGTTGGTCCTAAGTGT,0,4621328
ybeDp,0.5,1,1,CCCCGGACTGTACCCAGTCT,0,4639598
ybeDp,0.5,1,1,CCCCCTGTGTCGGGCTAGAG,0,4611625
ybeDp,0.5,1,1,CCCCCGGCATGTAAACCTCA,0,4681949
ybeDp,0.5,1,1,CCCCCGCTCTAACAAGAATC,0,4684071
ybeDp,0.5,1,1,CCCCCGCCCCCCGGAGGCCG,0,4624026
ybeDp,0.5,1,1,CCCCCATATCGCATTGCGCG,0,4638174
ybeDp,0.5,1,1,CCCCCAGGTCTCATAGCCCT,0,4639625
ybeDp,0.5,1,1,CCCCCAGGACGAGCGAGAAA,0,4603539
ybeDp,0.5,1,1,CCCCATGCCGCTCGACTCGC,0,4623207
ybeDp,0.5,1,1,CCCCAACGCCAAACAAGTCC,0,4612638
ybeDp,0.5,1,1,CCCATGCGAAATGGACAGGA,0,4673249
ybeDp,0.5,1,1,CCCATCTAAGGTAAGGTCCA,0,4625487
ybeDp,0.5,1,1,CCCATCCCTGCCAGGGAACA,0,4601130
ybeDp,0.5,1,1,CCCATATAGTACCCGTCTCT,0,4646574
ybeDp,0.5,1,1,CCCACTTAGCGAGACGGGAC,0,4615978
ybeDp,0.5,1,1,CCCACGGGAAGACATTACGC,0,4635947
ybeDp,0.5,1,1,CCCACCTACAGTCAACTCAA,0,4629328
ybeDp,0.5,1,1,CCCACCACAGATCTCGGATC,0,4682818
ybeDp,0.5,1,1,CCCACAGTAGGGAACTCACC,0,4623809
ybeDp,0.5,1,1,CCCAATAGGAGCTCGAACTG,0,4627987
ybeDp,0.5,1,1,CCCAAGCGGACGCTCGTAAT,0,4666396
ybeDp,0.5,1,1,CCCAACCAACGTATGGGAGC,0,4667909
ybeDp,0.5,1,1,CCATTTTTATCGTTATAGAA,0,4615853
ybeDp,0.5,1,1,CCATTTAGAGGAAACATCTG,0,4674397
ybeDp,0.5,1,1,CCATTTACTTGCGATTGTTT,0,4650446
ybeDp,0.5,1,1,CCATTGGGACAGCTCCGGTT,0,4678622
ybeDp,0.5,1,1,CCATGCTAACACCGGTCCGT,0,4605333
ybeDp,0.5,1,1,CCATGATCGGCATTACTCCG,0,4654999
ybeDp,0.5,1,1,CCATGACGATATAGGTCAAC,0,4623120
ybeDp,0.5,1,1,CCATAGGGCAATACAATACG,0,4682884
ybeDp,0.5,1,1,CCATAGGAGGCCGGGCTCGA,0,4600833
ybeDp,0.5,1,1,CCATAAGACCATATGAACTA,0,4667101
ybeDp,0.5,1,1,CCATAAATATCATCCCTTCA,0,4607083
ybeDp,0.5,1,1,CCAGGGTCGCCCTCGCGCCC,0,4687228
ybeDp,0.5,1,1,CCAGGGTCCTGTTAGGCGGC,0,4635271
ybeDp,0.5,1,1,CCAGGCATGGGCCTTGATTC,0,4667920
ybeDp,0.5,1,1,CCAGATGCCCCCAAGTTCGC,0,4663432
ybeDp,0.5,1,1,CCAGATAAACCTGCAATACT,0,4666517
ybeDp,0.5,1,1,CCACTATGACTTACCTGGCG,0,4679976
ybeDp,0.5,1,1,CCACTATAAGGCGACAAACT,0,4687753
ybeDp,0.5,1,1,CCACGTACTGGGAATGATGT,0,4685666
ybeDp,0.5,1,1,CCACGCAAGTAGAGGTACAA,0,4668508
ybeDp,0.5,1,1,CCACGAATCCGTTCCAGGAA,0,4623615
ybeDp,0.5,1,1,CCACCTCGTTCCCATCGGAC,0,4642292
ybeDp,0.5,1,1,CCACCGGAACGTTGAGCCAT,0,4615312
ybeDp,0.5,1,1,CCACCAAGACTCTTGTTCTG,0,4643643
ybeDp,0.5,1,1,CCACAATAGCTCACGCGCTT,0,4616918
ybeDp,0.5,1,1,CCACAAAATTTAGCTTATGG,0,4604011
ybeDp,0.5,1,1,CCAATTACCAGTCCTCGGAG,0,4620186
ybeDp,0.5,1,1,CCAATGCTGGCGACATACGG,0,4667985
ybeDp,0.5,1,1,CCAATGCCCCAGCCCCGGAT,0,4630861
ybeDp,0.5,1,1,CCAATCAACTGGAGGGGACT,0,4615747
ybeDp,0.5,1,1,CCAAGCCCAAGGATTGTTCG,0,4615835
ybeDp,0.5,1,1,CCAAGAGCGTTAAGAAATGA,0,4653872
ybeDp,0.5,1,1,CCAACCACGTACATAGTGCA,0,4601064
ybeDp,0.5,1,1,CCAAATAAAGATTACGGCAT,0,4685998
ybeDp,0.5,1,1,CCAAAGTTGTCAGAATCAGA,0,4645711
ybeDp,0.5,1,1,CCAAAATACACGATCACAGT,0,4664042
ybeDp,0.5,1,1,CCAAAACCTGACGATACCGA,0,4665411
ybeDp,0.5,1,1,CATTTGATCGTTATGGACGG,0,4614816
ybeDp,0.5,1,1,CATTGGATCCTGTTTACCGT,0,4673264
ybeDp,0.5,1,1,CATTGAGGCCGCTGTCTGGT,0,4685382
ybeDp,0.5,1,1,CATTCAACCTCTACGTCATG,0,4635258
ybeDp,0.5,1,1,CATTACGGTTACCCACCAGC,0,4656795
ybeDp,0.5,1,1,CATTAACGCAGCCACAAGTG,0,4610678
ybeDp,0.5,1,1,CATTAACAACCTACAACAAT,0,4678705
ybeDp,0.5,1,1,CATGTGAAGGAATGGAGTGG,0,4635909
ybeDp,0.5,1,1,CATGTGAAACCAATAAGCTC,0,4606727
ybeDp,0.5,1,1,CATGTAAGCACGTTTTCATC,0,4669548
ybeDp,0.5,1,1,CATGGGACAGTTTCTGAATT,0,4665587
ybeDp,0.5,1,1,CATGGCTATCCAGCAGTCTC,0,4653037
ybeDp,0.5,1,1,CATGCGCCCTATCGTCTGTA,0,4604278
ybeDp,0.5,1,1,CATGCCGTTGTCCCCAGACT,0,4608088
ybeDp,0.5,1,1,CATGATGTTGCCTATTTCTA,0,4678786
ybeDp,0.5,1,1,CATGAGTGGGCGTTAGAAGT,0,4645679
ybeDp,0.5,1,1,CATCTTTCTAAACAGATACG,0,4637972
ybeDp,0.5,1,1,CATCTGGTCACTGATCTGCA,0,4649048
ybeDp,0.5,1,1,CATCTGCTCTTCAAAGGCGC,0,4621279
ybeDp,0.5,1,1,CATCTCATCACGGACCAGTA,0,4626721
ybeDp,0.5,1,1,CATCGCTCGGGGGATCACTA,0,4678055
ybeDp,0.5,1,1,CATCACTGGTTCATATGAAC,0,4682776
ybeDp,0.5,1,1,CATCAAATAGTGAGCACAGC,0,4657021
ybeDp,0.5,1,1,CATATTACTAACGCAGCCAA,0,4617134
ybeDp,0.5,1,1,CATATGAGATTATACCACTC,0,4678280
ybeDp,0.5,1,1,CATATCGGTGCTAGTATTAA,0,4674634
ybeDp,0.5,1,1,CATAGTCGCAATTTGTCTAG,0,4606795
ybeDp,0.5,1,1,CATAGCTCTCCTGAATCTCA,0,4634476
ybeDp,0.5,1,1,CATAGATATTAGGCAAGATA,0,4645499
ybeDp,0.5,1,1,CATACTTACGGGAAGATTAT,0,4662016
ybeDp,0.5,1,1,CATACCAGCCGGGCGCGTTT,0,4637767
ybeDp,0.5,1,1,CATACATCTCCGGAGAGCTC,0,4631228
ybeDp,0.5,1,1,CATACAGTACAAAGGGTTAC,0,4628024
ybeDp,0.5,1,1,CATACACCACCTCTACAGGC,0,4625651
ybeDp,0.5,1,1,CATAATTGGTGTGGCATAGA,0,4685975
ybeDp,0.5,1,1,CATAACCCTGCACCCGAAAA,0,4639596
ybeDp,0.5,1,1,CATAACAGGGTCAGCGAGCC,0,4602580
ybeDp,0.5,1,1,CAGTTTGTCGCAATACACAT,0,4636311
ybeDp,0.5,1,1,CAGTGTCCGTTGTATTCATG,0,4655284
ybeDp,0.5,1,1,CAGTGCTCACTACGCAACAA,0,4608340
ybeDp,0.5,1,1,CAGTGCACTCGTCACAACAG,0,4635658
ybeDp,0.5,1,1,CAGTCCGGATGATGTCAGCA,0,4640245
ybeDp,0.5,1,1,CAGTCCCTGGTCATTGAGTA,0,4627905
ybeDp,0.5,1,1,CAGGTCAACTCAACTCTATA,0,4641867
ybeDp,0.5,1,1,CAGGGTACAGACGCCGGACT,0,4614229
ybeDp,0.5,1,1,CAGGGGTTATAAAGTTTGGC,0,4678435
ybeDp,0.5,1,1,CAGGGGGTTCCTGTTCCAGT,0,4670099
ybeDp,0.5,1,1,CAGGGGCGGCAGGGGTTCTC,0,4618672
ybeDp,0.5,1,1,CAGGGGCCGGTCAGATGCGT,0,4672412
ybeDp,0.5,1,1,CAGGCTTAAGAGTAATACTG,0,4610159
ybeDp,0.5,1,1,CAGGCAGCGGTAAGTACGAG,0,4611896
ybeDp,0.5,1,1,CAGGATTGGCAGACAATAAA,0,4667898
ybeDp,0.5,1,1,CAGGATCTGTAAGGTTCACG,0,4661702
ybeDp,0.5,1,1,CAGGATCCAGTTACTCCCTG,0,4686051
ybeDp,0.5,1,1,CAGGACTTTCCTGGCATCTG,0,4687898
ybeDp,0.5,1,1,CAGGACTACGGGATTTTCCT,0,4658447
ybeDp,0.5,1,1,CAGCTCTGGTGGTCGCGGTT,0,4623134
ybeDp,0.5,1,1,CAGCTATTAACAGGTCCATC,0,4683111
ybeDp,0.5,1,1,CAGCGTCGAAATTATTGAAC,0,4661439
ybeDp,0.5,1,1,CAGCGGATCATGCCTGGCGA,0,4611749
ybeDp,0.5,1,1,CAGCGCCTTAACATCCAAAA,0,4668260
ybeDp,0.5,1,1,CAGCCTGCGAGGGTAGGCAG,0,4606686
ybeDp,0.5,1,1,CAGCCGCCACGCTCTTCGGA,0,4656387
ybeDp,0.5,1,1,CAGCCGATGGGTAAAAGGCC,0,4668992
ybeDp,0.5,1,1,CAGCAGTGGCATAGCTGAAT,0,4650050
ybeDp,0.5,1,1,CAGATTGGCACCCGGGCTTA,0,4626459
ybeDp,0.5,1,1,CAGATGTAATAAGCGTCCGC,0,4654036
ybeDp,0.5,1,1,CAGATATGCGCCGAGTTTTT,0,4640366
ybeDp,0.5,1,1,CAGAGTTAGCGGCAATCTTC,0,4687747
ybeDp,0.5,1,1,CAGAGTGGCGATGATCAATA,0,4603190
ybeDp,0.5,1,1,CAGAGCTGCCCCTTTGGCAT,0,4618972
ybeDp,0.5,1,1,CAGACTCCACACCCCGGCGA,0,4675690
ybeDp,0.5,1,1,CAGACAGGGGTATTACAGTT,0,4630519
ybeDp,0.5,1,1,CAGACACACCCAGAAAGGAG,0,4685850
ybeDp,0.5,1,1,CAGACAACGAACTACTTTTG,0,4658324
ybeDp,0.5,1,1,CAGAAGACAAGCCATGGCTT,0,4673289
ybeDp,0.5,1,1,CAGAAATATCCTCTCGCTGG,0,4647441
ybeDp,0.5,1,1,CAGAAACAGGGGGATCCTAA,0,4621023
ybeDp,0.5,1,1,CACTTTCGGTATCTAAGAAC,0,4637393
ybeDp,0.5,1,1,CACTTGATCACGGTTAGTGC,0,4683405
ybeDp,0.5,1,1,CACTTCGCCATTTTTGTGTT,0,4622776
ybeDp,0.5,1,1,CACTGTGTGATTAGTCGGAT,0,4672533
ybeDp,0.5,1,1,CACTGGTTACACGGGGATTT,0,4608495
ybeDp,0.5,1,1,CACTGGTCTACTCAGAGATC,0,4670721
ybeDp,0.5,1,1,CACTGGCGGCCAACCCACCA,0,4668412
ybeDp,0.5,1,1,CACTCCGTCGGCGGTGTCCA,0,4643965
ybeDp,0.5,1,1,CACTATCTTTTAAGAGTGCA,0,4627812
ybeDp,0.5,1,1,CACTAGGAAAGAGTGTTAAA,0,4682352
ybeDp,0.5,1,1,CACTACCATGTGATTGGCGT,0,4661400
ybeDp,0.5,1,1,CACGTCCGTCGATATGCAAG,0,4656714
ybeDp,0.5,1,1,CACGTCCCCGGCTATAGATT,0,4649687
ybeDp,0.5,1,1,CACGTCAGCGTATAGATAGC,0,4615255
ybeDp,0.5,1,1,CACGGGTGGACAATAACCTC,0,4626579
ybeDp,0.5,1,1,CACGCTCGCCCTTCCTAATC,0,4608392
ybeDp,0.5,1,1,CACGCGGCCTACGAGACGAA,0,4678765
ybeDp,0.5,1,1,CACGCCACCTATAGACCTAA,0,4647768
ybeDp,0.5,1,1,CACGAGCGTTTCGATCTCGG,0,4617653
ybeDp,0.5,1,1,CACGAGAGTGATGACGCTGG,0,4667853
ybeDp,0.5,1,1,CACGAAATTCGTTGGTGATT,0,4651060
ybeDp,0.5,1,1,CACCGCTGAGCGCGCTATCA,0,4627701
ybeDp,0.5,1,1,CACCGCACAACTAGAGATTA,0,4630246
ybeDp,0.5,1,1,CACCGACATACCCGTTATTG,0,4627072
ybeDp,0.5,1,1,CACCCTTAGCCACGGCGTGT,0,4604001
ybeDp,0.5,1,1,CACCCCCGGCTTGAAGACTA,0,4657512
ybeDp,0.5,1,1,CACCCATGGAGAACAGTTTA,0,4644189
ybeDp,0.5,1,1,CACCCACGCGCGTGGGACCA,0,4662277
ybeDp,0.5,1,1,CACCATGGCGTGGTAGCCAC,0,4661409
ybeDp,0.5,1,1,CACCAGCCATGCCTTGGAAG,0,4650572
ybeDp,0.5,1,1,CACCACAAGCCGGATATAGA,0,4653888
ybeDp,0.5,1,1,CACCAAATATATAGCCGGGT,0,4659153
ybeDp,0.5,1,1,CACATTCGCACCCATAATAT,0,4609321
ybeDp,0.5,1,1,CACATGGGCAAAACATTTAC,0,4669267
ybeDp,0.5,1,1,CACATGACGTGGTTCAAACT,0,4642050
ybeDp,0.5,1,1,CACATAATCCTAAAGATGGG,0,4656385
ybeDp,0.5,1,1,CACAGGAGTGTCGGTACTTC,0,4658746
ybeDp,0.5,1,1,CACAGCCCCCTTTCGGAATT,0,4667962
ybeDp,0.5,1,1,CACAGCCAGTGCCGGTTTAG,0,4677912
ybeDp,0.5,1,1,CACACCTGTCTACTCTCAAA,0,4620868
ybeDp,0.5,1,1,CACACCCCACGTCGCGTGAG,0,4623720
ybeDp,0.5,1,1,CACACAAATACTCGTAAATG,0,4640432
ybeDp,0.5,1,1,CACAACTGGTTTTGCTAAAT,0,4612480
ybeDp,0.5,1,1,CAATTGAAGGGAAACACTCG,0,4650638
ybeDp,0.5,1,1,CAATTAGGGTCCCTTTAGTT,0,4676867
ybeDp,0.5,1,1,CAATGTGGCTTCATCACTCA,0,4659626
ybeDp,0.5,1,1,CAATGAGTGAGTTAACCTGG,0,4624987
ybeDp,0.5,1,1,CAATGAGGCAAAGAGTAGTT,0,4646062
ybeDp,0.5,1,1,CAATCTCCACGTTGGTTCAC,0,4635882
ybeDp,0.5,1,1,CAATATTACATTCTGATATA,0,4663447
ybeDp,0.5,1,1,CAATAATATCAGACCGCATA,0,4637143
ybeDp,0.5,1,1,CAATAAATGCTTCTGTATGC,0,4650398
ybeDp,0.5,1,1,CAATAAATGAAGATCGTAGT,0,4668242
ybeDp,0.5,1,1,CAAGTGCAAACTGAGTTCGA,0,4607651
ybeDp,0.5,1,1,CAAGTCTCCAACGTTACTCC,0,4629715
ybeDp,0.5,1,1,CAAGTACGCGATATCTGGTC,0,4611774
ybeDp,0.5,1,1,CAAGGTACGCTTGAGCATGA,0,4618696
ybeDp,0.5,1,1,CAAGGGTGCAGGGGGGCTGT,0,4684484
ybeDp,0.5,1,1,CAAGGACGGATACATTGTGA,0,4682638
ybeDp,0.5,1,1,CAAGATTCGAAGTATCCGGA,0,4679987
ybeDp,0.5,1,1,CAAGACGATGGGTTCAGCGC,0,4650145
ybeDp,0.5,1,1,CAAGACCCCGCGAGCTAGAT,0,4637472
ybeDp,0.5,1,1,CAAGAATGGCTGAATTTATG,0,4620160
ybeDp,0.5,1,1,CAAGAACTGGGGCGCGCATA,0,4663044
ybeDp,0.5,1,1,CAAGAAAGACAAGGAGCCCC,0,4661630
ybeDp,0.5,1,1,CAACTCTGCAGTAGAATCTG,0,4656724
ybeDp,0.5,1,1,CAACGGTAAGCTAAAACCCG,0,4664466
ybeDp,0.5,1,1,CAACGCTCAGTCTCGTAATC,0,4662619
ybeDp,0.5,1,1,CAACCACTTCCAATCGAGCA,0,4607495
ybeDp,0.5,1,1,CAACCAAGTCATGGTTAGGC,0,4639147
ybeDp,0.5,1,1,CAACAGCGGCATAGCCAATA,0,4621604
ybeDp,0.5,1,1,CAACACCCGGCAACGCTAGG,0,4661448
ybeDp,0.5,1,1,CAACACATGTGTGAAATGCT,0,4653991
ybeDp,0.5,1,1,CAAATGTGGATTTGCAGTAG,0,4639186
ybeDp,0.5,1,1,CAAAGGCGAGTCTTCGTACT,0,4622930
ybeDp,0.5,1,1,CAAAGCATCGTGTCCACATA,0,4630719
ybeDp,0.5,1,1,CAAAGACATTTTAACTATCT,0,4658001
ybeDp,0.5,1,1,CAAACCTAGCAGTGTTCAGT,0,4621647
ybeDp,0.5,1,1,CAAACAATGGGGGCACGTTG,0,4676854
ybeDp,0.5,1,1,CAAAAACCGAGGCCGCACCT,0,4649962
ybeDp,0.5,1,1,ATTTTTAGTCTACAAAGCTG,0,4637430
ybeDp,0.5,1,1,ATTTTGACAGCGTAGACTTA,0,4647725
ybeDp,0.5,1,1,ATTTTATCACATGGGAGAGC,0,4635608
ybeDp,0.5,1,1,ATTTTAGACAGCAGCCGGCG,0,4610075
ybeDp,0.5,1,1,ATTTGTTAGACATAGTGATT,0,4638882
ybeDp,0.5,1,1,ATTTGGCCCCGCGCTGGCTG,0,4610959
ybeDp,0.5,1,1,ATTTGCGCCAATTCAGAGGC,0,4642032
ybeDp,0.5,1,1,ATTTGAGGAATTTCGGCGCA,0,4674077
ybeDp,0.5,1,1,ATTTCTTAGCAAATACGGTC,0,4655573
ybeDp,0.5,1,1,ATTTCGACAGTTCTAGCTTT,0,4659056
ybeDp,0.5,1,1,ATTTCAAGAGGGGTCCTGAG,0,4676246
ybeDp,0.5,1,1,ATTTATATCACATTTTAGTA,0,4637726
ybeDp,0.5,1,1,ATTTAAAAAAAACGCTTGCA,0,4649283
ybeDp,0.5,1,1,ATTGTTACACTTATATGGAG,0,4666811
ybeDp,0.5,1,1,ATTGTGCTTTTCTAGCGCAA,0,4632553
ybeDp,0.5,1,1,ATTGTGATCAAACGTGGCCT,0,4619239
ybeDp,0.5,1,1,ATTGGTGGGTTGCCCGTATC,0,4622677
ybeDp,0.5,1,1,ATTGGAAACGATTTCGCGGT,0,4628427
ybeDp,0.5,1,1,ATTGATGTATAAAACACTTA,0,4603070
ybeDp,0.5,1,1,ATTGATCACGGCAAACGACA,0,4607320
ybeDp,0.5,1,1,ATTGAGTCGTCATAAACGGC,0,4613206
ybeDp,0.5,1,1,ATTGACGGGTGCTATTGTAC,0,4617141
ybeDp,0.5,1,1,ATTGAACTGCGGATGTCTTT,0,4658423
ybeDp,0.5,1,1,ATTCTCTGCCTAAGTGTCCT,0,4658577
ybeDp,0.5,1,1,ATTCGGGGACCAAAGATCGA,0,4682294
ybeDp,0.5,1,1,ATTCGATCCGTTAGGAGGCA,0,4676805
ybeDp,0.5,1,1,ATTCCTACCTGTATAGCGGG,0,4662043
ybeDp,0.5,1,1,ATTCCGTAAAAATACAAATT,0,4679261
ybeDp,0.5,1,1,ATTCCCAAGAGGCGACATGT,0,4629323
ybeDp,0.5,1,1,ATTCATCTTGAAGATCAGGA,0,4621399
ybeDp,0.5,1,1,ATTCAGGGGTCAATCGGATA,0,4667065
ybeDp,0.5,1,1,ATTAGTGTTCTTAGTAGTAC,0,4623009
ybeDp,0.5,1,1,ATTAGTACCTGAGTACCTAG,0,4601042
ybeDp,0.5,1,1,ATTAGGCGGTGATGCAGGCT,0,4671434
ybeDp,0.5,1,1,ATTAGGCATCGTTTAAGCAC,0,4601201
ybeDp,0.5,1,1,ATTAGAAAAAGCATTCTTTG,0,4622838
ybeDp,0.5,1,1,ATTACTAAGATTAACGTCAA,0,4615778
ybeDp,0.5,1,1,ATTACCGTCTCCCGCTTTTG,0,4644135
ybeDp,0.5,1,1,ATTACAGGGTCTGAAGCTCA,0,4666880
ybeDp,0.5,1,1,ATTAAGTGGAGATGCCCTTT,0,4656070
ybeDp,0.5,1,1,ATTAAGGAGATCTTTCCACA,0,4615026
ybeDp,0.5,1,1,ATTAAAATAAGAGGTACTGG,0,4646259
ybeDp,0.5,1,1,ATGTTTGGAACCAGGAGCCA,0,4603850
ybeDp,0.5,1,1,ATGTTCGTCGTTAGTTACTT,0,4623901
ybeDp,0.5,1,1,ATGTTACTGTATTCGAATTA,0,4641504
ybeDp,0.5,1,1,ATGTGGTGTGTCTGTCGTGC,0,4661208
ybeDp,0.5,1,1,ATGTCGGGCTCAGGCATTCC,0,4661411
ybeDp,0.5,1,1,ATGTCGCGCGCGCTTCTATG,0,4603097
ybeDp,0.5,1,1,ATGTCCCAGCAACTAGCGCA,0,4636870
ybeDp,0.5,1,1,ATGTCCAAGACCCTATTTCC,0,4612406
ybeDp,0.5,1,1,ATGTCATAGCGACGTGAACG,0,4657156
ybeDp,0.5,1,1,ATGTATTGGTTCTAATGCGC,0,4631736
ybeDp,0.5,1,1,ATGTAGTACGTTCGGAAAAA,0,4625762
ybeDp,0.5,1,1,ATGTAGAGTATGACGTTAAC,0,4645505
ybeDp,0.5,1,1,ATGGTACAGGCACATCGGAG,0,4687282
ybeDp,0.5,1,1,ATGGGTTAAGAGTAGCATAC,0,4632283
ybeDp,0.5,1,1,ATGGGGTTAGAAGCGTACAT,0,4676447
ybeDp,0.5,1,1,ATGGGGAAAATTATGGTTAA,0,4652008
ybeDp,0.5,1,1,ATGGGCGGGAAAGTGCACTT,0,4667872
ybeDp,0.5,1,1,ATGGCTCGAAATTTGTATGT,0,4668440
ybeDp,0.5,1,1,ATGGCTAAGGGGCCAACGTT,0,4621086
ybeDp,0.5,1,1,ATGGCACCACGGGGGGCTTC,0,4677910
ybeDp,0.5,1,1,ATGGATTGCGGGGAGAAAGA,0,4669796
ybeDp,0.5,1,1,ATGGATTAGTTATTGGTTAC,0,4641704
ybeDp,0.5,1,1,ATGGACGGGGTGTATCTTGC,0,4659468
ybeDp,0.5,1,1,ATGCTTGATAAGAGCCAGGA,0,4601054
ybeDp,0.5,1,1,ATGCTGTTCTGTAGTTGGTG,0,4647501
ybeDp,0.5,1,1,ATGCTGCACACAGCAATTAC,0,4644395
ybeDp,0.5,1,1,ATGCTCTATTACCAGCTTAC,0,4653372
ybeDp,0.5,1,1,ATGCGGTGCGGTGTACTTTA,0,4625241
ybeDp,0.5,1,1,ATGCCGCGACCCGTTTCTTG,0,4634057
ybeDp,0.5,1,1,ATGCAAGCGAGGTAGGATTG,0,4603785
ybeDp,0.5,1,1,ATGATTGGATGCCCTTACGA,0,4658601
ybeDp,0.5,1,1,ATGATTGCACTTTTAGGGCA,0,4605850
ybeDp,0.5,1,1,ATGATGGTGTACTATTAAAC,0,4614219
ybeDp,0.5,1,1,ATGATCTGAAGACGAGCTGT,0,4649889
ybeDp,0.5,1,1,ATGATCCTGACCAAATTTGT,0,4633602
ybeDp,0.5,1,1,ATGATCAAGGCTCCTGGAGC,0,4652916
ybeDp,0.5,1,1,ATGAGGATTAGGTTCTCTAG,0,4635098
ybeDp,0.5,1,1,ATGAGCAGTCTGTCACCGGT,0,4639634
ybeDp,0.5,1,1,ATGAGATGGTTAACAGCACG,0,4662481
ybeDp,0.5,1,1,ATGAGAGCGGTTACGAGGGG,0,4672994
ybeDp,0.5,1,1,ATGAGAAATGATCTACTCTT,0,4683037
ybeDp,0.5,1,1,ATGACTGATACAAAATCATC,0,4648694
ybeDp,0.5,1,1,ATGACTCTATGAGGTGTGGT,0,4633421
ybeDp,0.5,1,1,ATGAATTATAGGCTCGTCAG,0,4614480
ybeDp,0.5,1,1,ATGAACCCCTGCCAACTGCC,0,4655301
ybeDp,0.5,1,1,ATCTTTTGTGCTTCACATTT,0,4635558
ybeDp,0.5,1,1,ATCTTGCGCATTCTGATTTA,0,4682803
ybeDp,0.5,1,1,ATCTTCGCTGTCCTTGCGAG,0,4604598
ybeDp,0.5,1,1,ATCTTAGGGGACGGGTGTAT,0,4641556
ybeDp,0.5,1,1,ATCTGGTTACGAACGCGTTA,0,4648926
ybeDp,0.5,1,1,ATCTGGTAATGGTCATCCTA,0,4642129
ybeDp,0.5,1,1,ATCTGGGTTTCACGTTGTCG,0,4670758
ybeDp,0.5,1,1,ATCTCTTGAAAAGTACGTGC,0,4651389
ybeDp,0.5,1,1,ATCTCGAAGATGTTCTCTCG,0,4645716
ybeDp,0.5,1,1,ATCTAGCGTAACCAAGCAGA,0,4625917
ybeDp,0.5,1,1,ATCTACCATTCCGTCGCGAA,0,4660164
ybeDp,0.5,1,1,ATCGTCTTAGCAGTCCGGGC,0,4617955
ybeDp,0.5,1,1,ATCGGTAAATTCCATTGCTC,0,4626805
ybeDp,0.5,1,1,ATCGGCGGTCGCTCACGACA,0,4650966
ybeDp,0.5,1,1,ATCGGAACATGGAGGACGTT,0,4605989
ybeDp,0.5,1,1,ATCGCCACGCGCTGCCCCGC,0,4606644
ybeDp,0.5,1,1,ATCGAAGATTCAATGCACTG,0,4675297
ybeDp,0.5,1,1,ATCCTTCCATTTGCCCTGTG,0,4605433
ybeDp,0.5,1,1,ATCCTCAGCATTGATGCAGA,0,4631147
ybeDp,0.5,1,1,ATCCTCACAATGAGCGAGCA,0,4642318
ybeDp,0.5,1,1,ATCCGTCAGAAGCTCGGTCA,0,4623990
ybeDp,0.5,1,1,ATCCGGTGACGGATGGCAGA,0,4601440
ybeDp,0.5,1,1,ATCCGGTAGAGATACCGGCG,0,4677865
ybeDp,0.5,1,1,ATCCGGGTCTGAATCTGACT,0,4628330
ybeDp,0.5,1,1,ATCCGGACCGTTTCTTGCGG,0,4605633
ybeDp,0.5,1,1,ATCCGATTACAACAGTAAAC,0,4654756
ybeDp,0.5,1,1,ATCCCGGGGCAGACATGGCT,0,4611611
ybeDp,0.5,1,1,ATCCCCAGTTATCCAGCGAG,0,4603824
ybeDp,0.5,1,1,ATCCCACGGCCACCGGACTT,0,4668799
ybeDp,0.5,1,1,ATCCAGTGCAATGTGATTGC,0,4620820
ybeDp,0.5,1,1,ATCCACTGGACTCGTTGTTC,0,4629707
ybeDp,0.5,1,1,ATCATTTACCAAGTCGGCTT,0,4661135
ybeDp,0.5,1,1,ATCATTATCGGACAAACAAA,0,4604663
ybeDp,0.5,1,1,ATCATGCCGTTGTATCCAAA,0,4606379
ybeDp,0.5,1,1,ATCATAACAAGCGCTAGCCA,0,4613346
ybeDp,0.5,1,1,ATCAGTCTTTGCTAGTAAAC,0,4672528
ybeDp,0.5,1,1,ATCAGTAGGGGGGATATAAA,0,4667675
ybeDp,0.5,1,1,ATCAGTAACGAGCACCGTGC,0,4639967
ybeDp,0.5,1,1,ATCAGCAGGACCCTCGGGTA,0,4633338
ybeDp,0.5,1,1,ATCACGTACTGCTCATATTT,0,4645916
ybeDp,0.5,1,1,ATCACGGAGAGAAACGTTAT,0,4660897
ybeDp,0.5,1,1,ATATTGCCGCTTATCCTCCC,0,4651928
ybeDp,0.5,1,1,ATATGACTGGCAAACGACTT,0,4621057
ybeDp,0.5,1,1,ATATCACTCCAGCCGATAGT,0,4640344
ybeDp,0.5,1,1,ATATAGCCATGCGAGTAAGT,0,4634547
ybeDp,0.5,1,1,ATATACTGAGCTCGGGGAGA,0,4687907
ybeDp,0.5,1,1,ATATACCCTACCTGGCTAGG,0,4603914
ybeDp,0.5,1,1,ATATAACCGCATTCACGCTA,0,4612777
ybeDp,0.5,1,1,ATAGTTGTGTGGACACGTGA,0,4676736
ybeDp,0.5,1,1,ATAGTTAGGAATGACTTGGT,0,4610467
ybeDp,0.5,1,1,ATAGTGGCCCTTACACTCGT,0,4684457
ybeDp,0.5,1,1,ATAGTGCTCCGAGCATGTAA,0,4679726
ybeDp,0.5,1,1,ATAGTAAGGCCGGGTATCTG,0,4660117
ybeDp,0.5,1,1,ATAGGTCGAGAGGCTATGAA,0,4611262
ybeDp,0.5,1,1,ATAGGGAATGTTGTTACAAC,0,4627056
ybeDp,0.5,1,1,ATAGGAGCTACCTCTTTGCT,0,4686160
ybeDp,0.5,1,1,ATAGGACGATCACGCGCGTT,0,4666496
ybeDp,0.5,1,1,ATAGGAATTTCGTAAGCTTT,0,4634347
ybeDp,0.5,1,1,ATAGCTCGGTGTTCGTTTAT,0,4647550
ybeDp,0.5,1,1,ATAGACCATCCTCCGGCGCA,0,4616995
ybeDp,0.5,1,1,ATACTGCGTCTGTCCAAAGA,0,4640229
ybeDp,0.5,1,1,ATACTCGCGGCGCAATACTT,0,4615929
ybeDp,0.5,1,1,ATACTATTTAGATTTTCTAA,0,4681035
ybeDp,0.5,1,1,ATACGGGATAAGGGTTTTGA,0,4623956
ybeDp,0.5,1,1,ATACGCTGACAAAAAAGATA,0,4652263
ybeDp,0.5,1,1,ATACGCGAACGGATATGTAC,0,4603662
ybeDp,0.5,1,1,ATACCTGTCAATCATCAACC,0,4652940
ybeDp,0.5,1,1,ATACCGTCACACGCGCCCTA,0,4648001
ybeDp,0.5,1,1,ATACCGGGAGATCGCGCGAC,0,4634308
ybeDp,0.5,1,1,ATACCAGTCCGGGAAAGTCG,0,4601821
ybeDp,0.5,1,1,ATACATGCCTCTCTGCTTTC,0,4659090
ybeDp,0.5,1,1,ATACATACGCTAGACTCGAG,0,4643555
ybeDp,0.5,1,1,ATACAGTGAAGGACGGAAGA,0,4623984
ybeDp,0.5,1,1,ATACACGGGAGATACCGAAC,0,4674277
ybeDp,0.5,1,1,ATAATTGGGATGTCTAGTAC,0,4609809
ybeDp,0.5,1,1,ATAATCACGGGGACTCTTTT,0,4634518
ybeDp,0.5,1,1,ATAATAAGCAAGACACCAAA,0,4604074
ybeDp,0.5,1,1,ATAAGGTTAATTTACAGGCA,0,4685792
ybeDp,0.5,1,1,ATAAGGGTGCTGTGTTCCCT,0,4614481
ybeDp,0.5,1,1,ATAAGGCCACTACGACCCAC,0,4652490
ybeDp,0.5,1,1,ATAAGATACGTATCACCTGT,0,4616049
ybeDp,0.5,1,1,ATAACATCAAGGCTCAGCAT,0,4657168
ybeDp,0.5,1,1,ATAACATACCGGCCCGTCGG,0,4611882
ybeDp,0.5,1,1,ATAAAGTGGTGTGTTCAGCA,0,4671935
ybeDp,0.5,1,1,ATAAAGCCATCACAAGAGGG,0,4650123
ybeDp,0.5,1,1,ATAAACTGTTTTGCGTTTAA,0,4632288
ybeDp,0.5,1,1,ATAAAAGGTGATATGGGTGA,0,4601790
ybeDp,0.5,1,1,AGTTTTTCGACAAGGCTCAT,0,4646935
ybeDp,0.5,1,1,AGTTTGTATGGGCGTCCCAA,0,4603063
ybeDp,0.5,1,1,AGTTTGTAGCTTATTAGCCA,0,4662982
ybeDp,0.5,1,1,AGTTTCTTTATGGCGCTATA,0,4632249
ybeDp,0.5,1,1,AGTTGCATAAAGTGCCCGGG,0,4659634
ybeDp,0.5,1,1,AGTTGAGTAAGCGGTACCGT,0,4682224
ybeDp,0.5,1,1,AGTTCTTGACCTTCTGGGTT,0,4669451
ybeDp,0.5,1,1,AGTTCTTACATATTACAAAC,0,4610685
ybeDp,0.5,1,1,AGTTCTGCGATTCAAAAGTT,0,4630320
ybeDp,0.5,1,1,AGTTCCGCGACGCACTGGTA,0,4650641
ybeDp,0.5,1,1,AGTTATAGGCCCCGCGCCAT,0,4679348
ybeDp,0.5,1,1,AGTTAGGGAGGTGTTCCTGT,0,4622691
ybeDp,0.5,1,1,AGTGTGTCATTTAGCAGGTA,0,4659574
ybeDp,0.5,1,1,AGTGTCGAGAACTCAAATAG,0,4669454
ybeDp,0.5,1,1,AGTGGGGCACCGGTACTCAA,0,4687949
ybeDp,0.5,1,1,AGTGCGTTTCCGGTGGTCAC,0,4635514
ybeDp,0.5,1,1,AGTGCCTCCTTGTATGGGTG,0,4638234
ybeDp,0.5,1,1,AGTGAGCCTTTACAGCGCGA,0,4659019
ybeDp,0.5,1,1,AGTGACGATCAGATGTATTT,0,4649383
ybeDp,0.5,1,1,AGTGACACGAGTGCTTCGAA,0,4603654
ybeDp,0.5,1,1,AGTCTTATCGGAGCTGACGC,0,4627765
ybeDp,0.5,1,1,AGTCTTATAGAGTCATGACA,0,4657028
ybeDp,0.5,1,1,AGTCTGTCTGTCCAGCCGCA,0,4625311
ybeDp,0.5,1,1,AGTCTGGTTGAAAATGGCCT,0,4687247
ybeDp,0.5,1,1,AGTCTCTAACTAAAGCCTCC,0,4660303
ybeDp,0.5,1,1,AGTCGGGTGTCCACGACGAC,0,4613788
ybeDp,0.5,1,1,AGTCCTCATCGTTTCTTTAG,0,4653632
ybeDp,0.5,1,1,AGTCCTACGTGAAATTGGAA,0,4626021
ybeDp,0.5,1,1,AGTCCGTCCAACTGGCACCA,0,4639731
ybeDp,0.5,1,1,AGTCCGATATAGACAGGTTT,0,4654362
ybeDp,0.5,1,1,AGTCATGAGAAAACTCGTCA,0,4668597
ybeDp,0.5,1,1,AGTCACTCCCACATCCCAGC,0,4610708
ybeDp,0.5,1,1,AGTCACCCTTATAAGACGTT,0,4610049
ybeDp,0.5,1,1,AGTATGGGCTGGTCCGCCCG,0,4672797
ybeDp,0.5,1,1,AGTATAGAAACTGCAAAACT,0,4654241
ybeDp,0.5,1,1,AGTAGGTCGGATGAGTTAAT,0,4641174
ybeDp,0.5,1,1,AGTAGCTCATTAATGGATAA,0,4678658
ybeDp,0.5,1,1,AGTAGAATTCTGATTTTAGG,0,4617039
ybeDp,0.5,1,1,AGTACTCACAGTGGCGCCCA,0,4642700
ybeDp,0.5,1,1,AGTACTAGTGCGTTCAGGGT,0,4606672
ybeDp,0.5,1,1,AGTAACTCGTGGGGCTACGA,0,4628395
ybeDp,0.5,1,1,AGTAAAAAGCACTCCGGTAG,0,4627351
ybeDp,0.5,1,1,AGGTTGTGCCGCTGCGCTAG,0,4666394
ybeDp,0.5,1,1,AGGTTCCACGAGGGCGACTA,0,4680391
ybeDp,0.5,1,1,AGGTCTCACCTTTCCCGCGC,0,4626799
ybeDp,0.5,1,1,AGGTCGGTGAACCTGGTAAG,0,4607573
ybeDp,0.5,1,1,AGGTCGGCTTGACGCGTGCA,0,4643810
ybeDp,0.5,1,1,AGGTCGGACTTGGGCGTGTT,0,4635887
ybeDp,0.5,1,1,AGGTCCCTCATTCGACATGC,0,4610334
ybeDp,0.5,1,1,AGGTATTTGTTCATACACAG,0,4667821
ybeDp,0.5,1,1,AGGGTGAGCTAGGGACGGGG,0,4673195
ybeDp,0.5,1,1,AGGGTACAGTCTGATAGGAG,0,4611153
ybeDp,0.5,1,1,AGGGGGCTAATGGGGATGGG,0,4669816
ybeDp,0.5,1,1,AGGGGAACGGGTTTACATGT,0,4637731
ybeDp,0.5,1,1,AGGGCGCGCCTGGGCTGATA,0,4656161
ybeDp,0.5,1,1,AGGGATTGCGCGATCTACCG,0,4601525
ybeDp,0.5,1,1,AGGGATATGAGCTGAGGAAC,0,4680501
ybeDp,0.5,1,1,AGGGAGTACGGGCATAAATG,0,4678247
ybeDp,0.5,1,1,AGGGAGCTAGACACTACGAT,0,4627116
ybeDp,0.5,1,1,AGGGACTGAGTTATACCAGT,0,4643058
ybeDp,0.5,1,1,AGGCTGCTCGGGGTTTGGCT,0,4662315
ybeDp,0.5,1,1,AGGCTCATAAGTGTGGTACG,0,4671428
ybeDp,0.5,1,1,AGGCGTGGTTTCGAGACGTA,0,4637592
ybeDp,0.5,1,1,AGGCGTCGATTCGTAATAAA,0,4681134
ybeDp,0.5,1,1,AGGCGTCAGCTTGTGACCCA,0,4667777
ybeDp,0.5,1,1,AGGCGCCGCATACACACACC,0,4629555
ybeDp,0.5,1,1,AGGCGATGAGAGCGGGATAC,0,4622196
ybeDp,0.5,1,1,AGGCGAAAGCGGCCCAGGTT,0,4665589
ybeDp,0.5,1,1,AGGCCTCCCCGAAGGACTTA,0,4632052
ybeDp,0.5,1,1,AGGCCGTGTTTCCTGGATCT,0,4633301
ybeDp,0.5,1,1,AGGCCGACCATCCAAACCAG,0,4659374
ybeDp,0.5,1,1,AGGCCGAAGATGCTATTGGC,0,4636452
ybeDp,0.5,1,1,AGGCCCTAGGCAGTAATTGC,0,4645292
ybeDp,0.5,1,1,AGGCATTGTACAACCTATGT,0,4676755
ybeDp,0.5,1,1,AGGCATACTAAGCAGCTTAA,0,4625371
ybeDp,0.5,1,1,AGGCAATTTCGCTTGAGTCC,0,4617355
ybeDp,0.5,1,1,AGGCAAAGGACAACCTCCGT,0,4687602
ybeDp,0.5,1,1,AGGATTGTGCAACTCGCCTC,0,4651498
ybeDp,0.5,1,1,AGGATCTATAGACAGATAAT,0,4619697
ybeDp,0.5,1,1,AGGAGGGGTCCCGTATTTAT,0,4604885
ybeDp,0.5,1,1,AGGAGGGCATCATTCGATTC,0,4613468
ybeDp,0.5,1,1,AGGACTCCGTGCGGCTAGAC,0,4682331
ybeDp,0.5,1,1,AGGACTAACACGACAAGGCG,0,4649677
ybeDp,0.5,1,1,AGGACGAGCTTCTACCGCTA,0,4652054
ybeDp,0.5,1,1,AGGACCACGCTGGCGCTGTT,0,4685669
ybeDp,0.5,1,1,AGGAATTGTACAAGGGTTAT,0,4658948
ybeDp,0.5,1,1,AGGAATTGGGTGCCCCGCAT,0,4622155
ybeDp,0.5,1,1,AGGAACGGCCACAGCTACCA,0,4620105
ybeDp,0.5,1,1,AGGAACCTTACGCGTGGATG,0,4673026
ybeDp,0.5,1,1,AGGAACCAGATCCATACAGA,0,4678706
ybeDp,0.5,1,1,AGCTTCGAATGGGGACGTCA,0,4676784
ybeDp,0.5,1,1,AGCTTATAGAAACCCACTAG,0,4662399
ybeDp,0.5,1,1,AGCTTAGAGTAAGTGATGCT,0,4643693
ybeDp,0.5,1,1,AGCTGTCTTCCTCCCTAAAT,0,4644485
ybeDp,0.5,1,1,AGCTGGGTCGCCGCATATAT,0,4663652
ybeDp,0.5,1,1,AGCTGCGGCTAAGTTCCGGG,0,4657835
ybeDp,0.5,1,1,AGCTGACTGGGTCACCCGCG,0,4682606
ybeDp,0.5,1,1,AGCTCCGTCCGGTTTCGCTG,0,4637366
ybeDp,0.5,1,1,AGCTCCAGGAGACGCGCTGC,0,4664266
ybeDp,0.5,1,1,AGCTCCAAGGCCATCAGCGT,0,4673324
ybeDp,0.5,1,1,AGCTACACCGCGTAATACAT,0,4656004
ybeDp,0.5,1,1,AGCTAAAGACCTCAATAGAG,0,4610757
ybeDp,0.5,1,1,AGCGTTAGTTGAGAAACCAT,0,4650413
ybeDp,0.5,1,1,AGCGTGAGACACGAGGAAAG,0,4630280
ybeDp,0.5,1,1,AGCGTGAAGGATATCGAGGT,0,4623071
ybeDp,0.5,1,1,AGCGTCGCCTTGCCGGTGAT,0,4665775
ybeDp,0.5,1,1,AGCGGGGCATAGCCTGAAAT,0,4633276
ybeDp,0.5,1,1,AGCGGGAATCAGCATGCATA,0,4666574
ybeDp,0.5,1,1,AGCGGATGGCCGTTAACACT,0,4616034
ybeDp,0.5,1,1,AGCGCTTTGACTACCTTGAA,0,4620325
ybeDp,0.5,1,1,AGCGCTCCAGCTTGCTACGT,0,4656473
ybeDp,0.5,1,1,AGCGAACTATCATTACCTGC,0,4648491
ybeDp,0.5,1,1,AGCGAACGATCGATATCGTC,0,4660609
ybeDp,0.5,1,1,AGCCTGGACTGATAGTGACA,0,4617480
ybeDp,0.5,1,1,AGCCTAAGTACTGATGACTC,0,4604514
ybeDp,0.5,1,1,AGCCGTCTCAAATATTTACG,0,4654192
ybeDp,0.5,1,1,AGCCGGGTGCCTCGACAGAT,0,4687504
ybeDp,0.5,1,1,AGCCCTCGCATTCCTAGGGA,0,4682062
ybeDp,0.5,1,1,AGCCCCATCTACAGAACGGA,0,4652382
ybeDp,0.5,1,1,AGCCATAGTCGAAGTAGAGT,0,4640673
ybeDp,0.5,1,1,AGCCATAAAGTTTAAGTAGT,0,4678303
ybeDp,0.5,1,1,AGCCAGGGGAACGGTACTTA,0,4602939
ybeDp,0.5,1,1,AGCCACTGTGCTAGCGCGAA,0,4604716
ybeDp,0.5,1,1,AGCATGTGGCGCACGGCTTT,0,4682312
ybeDp,0.5,1,1,AGCATCTTGTTAGTTCCTGC,0,4645898
ybeDp,0.5,1,1,AGCATATTGATTTTAGCGTC,0,4617757
ybeDp,0.5,1,1,AGCAGTCATTACCATGTCGG,0,4604930
ybeDp,0.5,1,1,AGCAGGCTATAGATAGTCTA,0,4625687
ybeDp,0.5,1,1,AGCAGATATCAGTCCAGAGA,0,4654781
ybeDp,0.5,1,1,AGCAGAGTTAACGCGTATGA,0,4601830
ybeDp,0.5,1,1,AGCACCCGGGATGCGATTGC,0,4667745
ybeDp,0.5,1,1,AGCACATAAGGACCGGTAAC,0,4660794
ybeDp,0.5,1,1,AGCAAGGGTCGCCTGAAGTA,0,4628903
ybeDp,0.5,1,1,AGCAACCGAATGGCCGTCGC,0,4603817
ybeDp,0.5,1,1,AGATTTGGATTCAGGAGCAT,0,4619205
ybeDp,0.5,1,1,AGATTTGAGCCCCGACCGTG,0,4623759
ybeDp,0.5,1,1,AGATTGGATCCAGCCACCCA,0,4632230
ybeDp,0.5,1,1,AGATTCTCCGCGCTTTGCTG,0,4610306
ybeDp,0.5,1,1,AGATGTTTTCGTGTTCATCT,0,4627029
ybeDp,0.5,1,1,AGATGTAATCCCAGAGCTCT,0,4669195
ybeDp,0.5,1,1,AGATGCGGGTTCGACACGCC,0,4612127
ybeDp,0.5,1,1,AGATCTCCTGAGCCAAGAGA,0,4632933
ybeDp,0.5,1,1,AGATCCAACCGCCACCCTTC,0,4660204
ybeDp,0.5,1,1,AGATATTCGCAGTTCTTTTA,0,4609713
ybeDp,0.5,1,1,AGATATCCGTTCGATCGGGT,0,4679900
ybeDp,0.5,1,1,AGATAGTGGTATTAGCAACA,0,4674286
ybeDp,0.5,1,1,AGATAGGTAAGAGTACGCCA,0,4655057
ybeDp,0.5,1,1,AGATAACTTAACCACCTACA,0,4649194
ybeDp,0.5,1,1,AGAGTTTCAGCTAATAATTT,0,4670678
ybeDp,0.5,1,1,AGAGTTATCATAGAGTCTGT,0,4674145
ybeDp,0.5,1,1,AGAGTGCTCACCAGAAACAT,0,4656963
ybeDp,0.5,1,1,AGAGTAGTTGTCAGCGATCA,0,4604211
ybeDp,0.5,1,1,AGAGTAAGCGTGAGATTGCT,0,4659173
ybeDp,0.5,1,1,AGAGGGCGAACTCTGGGCGC,0,4666873
ybeDp,0.5,1,1,AGAGGAGCATAGTGGGTGTC,0,4654920
ybeDp,0.5,1,1,AGAGATTATCAGACCGAGCT,0,4619893
ybeDp,0.5,1,1,AGACTTTGGAAAGCTATCTA,0,4605141
ybeDp,0.5,1,1,AGACTCTCTCGCTTATCGAA,0,4634441
ybeDp,0.5,1,1,AGACTAGCCAATAAGTAAGG,0,4642967
ybeDp,0.5,1,1,AGACGTGAGCTCCTAATTTG,0,4640177
ybeDp,0.5,1,1,AGACGATAATAGCCGACCAA,0,4616773
ybeDp,0.5,1,1,AGACGAGGCCTGCAGTCTCC,0,4612564
ybeDp,0.5,1,1,AGACGAGCTCAGAGGGTGTA,0,4638133
ybeDp,0.5,1,1,AGACAGGGCAACACTTGCAG,0,4624401
ybeDp,0.5,1,1,AGACAGGCTGAGAAGATCAT,0,4674625
ybeDp,0.5,1,1,AGACACTACTCAGAGAGCTT,0,4671685
ybeDp,0.5,1,1,AGACACGATGTACTCGGGGT,0,4636201
ybeDp,0.5,1,1,AGAATGAGCTGCGACCCCTA,0,4680416
ybeDp,0.5,1,1,AGAAGTTGCTCAGTTTTTAG,0,4646998
ybeDp,0.5,1,1,AGAAGGGGGGCGACCGGACA,0,4605794
ybeDp,0.5,1,1,AGAAGCGCTTTTGTACGAGG,0,4677407
ybeDp,0.5,1,1,AGAAGCCAACCAAGTTTTGA,0,4675688
ybeDp,0.5,1,1,AGAACGGCGTTCGAGACATA,0,4677887
ybeDp,0.5,1,1,AGAAATCGTCAGCATAGTAC,0,4618208
ybeDp,0.5,1,1,ACTTTGGCTCCATATCTGAT,0,4615464
ybeDp,0.5,1,1,ACTTTATAAGAAAGCTTTCC,0,4637243
ybeDp,0.5,1,1,ACTTTACCCTACCGCACCTC,0,4625329
ybeDp,0.5,1,1,ACTTTAAACTATTGACACCA,0,4657706
ybeDp,0.5,1,1,ACTTGGATATACGCAGTGGA,0,4677453
ybeDp,0.5,1,1,ACTTGAATGTAAACTGTATG,0,4629795
ybeDp,0.5,1,1,ACTTAGTTGGCAGCGATCCC,0,4648722
ybeDp,0.5,1,1,ACTGTTGCACACTTGTCCCT,0,4626472
ybeDp,0.5,1,1,ACTGTTAAACGAGTCCCAAC,0,4629860
ybeDp,0.5,1,1,ACTGGTGGCGTACTTTTTCC,0,4611165
ybeDp,0.5,1,1,ACTGGTGGATTCCTTATACA,0,4615803
ybeDp,0.5,1,1,ACTGGTCATGGCGTTTTATG,0,4680015
ybeDp,0.5,1,1,ACTCTAGCTCATCTGTTCAC,0,4634689
ybeDp,0.5,1,1,ACTCGTGCATGGGATTAAAT,0,4685719
ybeDp,0.5,1,1,ACTCGGGGTGGCAGTCAGAT,0,4646030
ybeDp,0.5,1,1,ACTCGCATCGTGCAAGAAGT,0,4659472
ybeDp,0.5,1,1,ACTCGATAAGAAGGTAGTAC,0,4650600
ybeDp,0.5,1,1,ACTCATGCATTGAACGGTTT,0,4626670
ybeDp,0.5,1,1,ACTCATAGTGATCGATGCAC,0,4653145
ybeDp,0.5,1,1,ACTCAGGTTTTGGTCAATCG,0,4673659
ybeDp,0.5,1,1,ACTCACAAGAACACTGTGTC,0,4619929
ybeDp,0.5,1,1,ACTCAATTAAATGGTCACGG,0,4618557
ybeDp,0.5,1,1,ACTCAAGAACGATCTGTGGA,0,4601506
ybeDp,0.5,1,1,ACTATGCATTCTTAAGTAAT,0,4664426
ybeDp,0.5,1,1,ACTATGCATCGTCGCTCCCA,0,4665897
ybeDp,0.5,1,1,ACTATATCAGGTCTAATTAC,0,4623222
ybeDp,0.5,1,1,ACTAGGCTCCGCTTCGTCTG,0,4674508
ybeDp,0.5,1,1,ACTACTAGATTCGATAAGCA,0,4605188
ybeDp,0.5,1,1,ACTACATGAGTGGGCGCGTC,0,4643687
ybeDp,0.5,1,1,ACTAATGTCGGCTCCATCTA,0,4609220
ybeDp,0.5,1,1,ACTAAGTCTAAACTTTACGC,0,4644679
ybeDp,0.5,1,1,ACTAAGGCCGTGACAGGCGG,0,4632816
ybeDp,0.5,1,1,ACGTTTGGCCTATTTAGTAA,0,4680792
ybeDp,0.5,1,1,ACGTTTGCTCCTTTAAGAAG,0,4619775
ybeDp,0.5,1,1,ACGTTAGAGCACCCTCCGGG,0,4628050
ybeDp,0.5,1,1,ACGTGTTATGAGTTGTTAGA,0,4651979
ybeDp,0.5,1,1,ACGTGTCTCAGTTTGCCGCA,0,4627030
ybeDp,0.5,1,1,ACGTGTCCGGAAATGGGAAA,0,4686864
ybeDp,0.5,1,1,ACGTGCATTCGCGAGCCAAT,0,4667951
ybeDp,0.5,1,1,ACGTGAGGCTACTCTCTCGG,0,4631281
ybeDp,0.5,1,1,ACGTGACCCCGTTGAAGGAA,0,4626179
ybeDp,0.5,1,1,ACGTCGGCGAGTCGAATTTC,0,4629462
ybeDp,0.5,1,1,ACGTCCGGATACGACTCGAA,0,4642243
ybeDp,0.5,1,1,ACGTCACCTCGGGCACGTCA,0,4674188
ybeDp,0.5,1,1,ACGTAGCTTTTGAGGGTAAT,0,4620312
ybeDp,0.5,1,1,ACGTAGAGTTAACTTGGCAT,0,4685813
ybeDp,0.5,1,1,ACGTAAGGCTCGGATCAGGC,0,4658987
ybeDp,0.5,1,1,ACGGTTCGATTCTTCGACAT,0,4655940
ybeDp,0.5,1,1,ACGGTCCCGTTCCCATTGAT,0,4680902
ybeDp,0.5,1,1,ACGGGGCAACTCTAAGGGGC,0,4622615
ybeDp,0.5,1,1,ACGGGCCGGCGCAAGTAACG,0,4619491
ybeDp,0.5,1,1,ACGGGACTTTGATGTCCTAG,0,4661180
ybeDp,0.5,1,1,ACGGCGTTTGATGCGTTCTA,0,4668326
ybeDp,0.5,1,1,ACGGCGCTTCCTTGCCACTC,0,4675357
ybeDp,0.5,1,1,ACGGAAACGTGGCTTCAGAG,0,4667228
ybeDp,0.5,1,1,ACGCTTAACATGCTACAACT,0,4669319
ybeDp,0.5,1,1,ACGCTGAGCAGGCTCACCCA,0,4636985
ybeDp,0.5,1,1,ACGCGGAAGGAAAAGTAGCT,0,4663630
ybeDp,0.5,1,1,ACGCCAACTCGTCTATTAGC,0,4669690
ybeDp,0.5,1,1,ACGCAGTCCACCAGTGGGGA,0,4633728
ybeDp,0.5,1,1,ACGCACTCCGAATCCAGATT,0,4609014
ybeDp,0.5,1,1,ACGATGGACGTAAAAAATAC,0,4673751
ybeDp,0.5,1,1,ACGAGTGATGGGCAGCGCTA,0,4628508
ybeDp,0.5,1,1,ACGAGTCCACGACCCACAAT,0,4635249
ybeDp,0.5,1,1,ACGAGCTCACATCGCGCTAC,0,4614815
ybeDp,0.5,1,1,ACGAGATCGCGTACATAAGT,0,4662015
ybeDp,0.5,1,1,ACGACGGTGGGGCGCTTCTA,0,4606884
ybeDp,0.5,1,1,ACGACACGTTAATTCTGGGT,0,4626007
ybeDp,0.5,1,1,ACGAATAAAATCGCGAACAT,0,4606485
ybeDp,0.5,1,1,ACGAACGATTACCGGAGTCA,0,4639911
ybeDp,0.5,1,1,ACGAAATGGGACTTTTAGGT,0,4648284
ybeDp,0.5,1,1,ACGAAAGACCGACGGCACTT,0,4617809
ybeDp,0.5,1,1,ACCTTGGATAGCTTATCAAC,0,4671625
ybeDp,0.5,1,1,ACCTGTTCGGAAGCTCAGGC,0,4616872
ybeDp,0.5,1,1,ACCTGAGTTTCACATAACTG,0,4602573
ybeDp,0.5,1,1,ACCTCGACATCTTCCGCATA,0,4643652
ybeDp,0.5,1,1,ACCTCATTCAGAGACCTAGG,0,4630054
ybeDp,0.5,1,1,ACCTCATTATGCAAGATTGA,0,4682556
ybeDp,0.5,1,1,ACCTATAGATTGATGGCAGT,0,4679467
ybeDp,0.5,1,1,ACCTAAGGTCAAAATACAGT,0,4687889
ybeDp,0.5,1,1,ACCGTCTCTCCCGGCGAAAT,0,4653791
ybeDp,0.5,1,1,ACCGTCCTTATATGAGGTGG,0,4610209
ybeDp,0.5,1,1,ACCGTCAGGCGTTTGGGGAT,0,4640699
ybeDp,0.5,1,1,ACCGTACTTGGTAGCTCTTC,0,4660058
ybeDp,0.5,1,1,ACCGTACGAGGTCTAATAGC,0,4642193
ybeDp,0.5,1,1,ACCGGTATATACTGGGCGCA,0,4610607
ybeDp,0.5,1,1,ACCGGGCGCATCCATCGATG,0,4684872
ybeDp,0.5,1,1,ACCGGCCGCGTATATCCATG,0,4602152
ybeDp,0.5,1,1,ACCGGATGTGGTTACCTCGC,0,4675858
ybeDp,0.5,1,1,ACCGGAGAACGGGGTCTCGA,0,4675053
ybeDp,0.5,1,1,ACCGCTGTGAACCAATATTA,0,4679424
ybeDp,0.5,1,1,ACCGAGGGCCAATGGGCCAC,0,4649307
ybeDp,0.5,1,1,ACCGAGCAGCTCGAACGCCG,0,4621517
ybeDp,0.5,1,1,ACCGAAAAATGTCCGACTAA,0,4622996
ybeDp,0.5,1,1,ACCCTTTTTGTATGACGCAT,0,4602536
ybeDp,0.5,1,1,ACCCTGGAGACTTAGCCGGA,0,4637412
ybeDp,0.5,1,1,ACCCGGTGCGGCTTCCAAGT,0,4638738
ybeDp,0.5,1,1,ACCCGGAGCCGTCGTGGCTT,0,4621030
ybeDp,0.5,1,1,ACCCGCGTCTGAGCCGGTAC,0,4647963
ybeDp,0.5,1,1,ACCCCCTGTTTCACGGTTCA,0,4602756
ybeDp,0.5,1,1,ACCCAGTTCTTTAAGCTAGG,0,4669198
ybeDp,0.5,1,1,ACCAGGACTAGGTCAGAGAC,0,4641337
ybeDp,0.5,1,1,ACCAGCTCAATCTAAACCGA,0,4652023
ybeDp,0.5,1,1,ACCAGCCTATGGGGAATGCC,0,4635045
ybeDp,0.5,1,1,ACCACACTGGGGAATCAGCT,0,4655492
ybeDp,0.5,1,1,ACCACAAGGTTATCGACGGA,0,4666789
ybeDp,0.5,1,1,ACCAATGACGTACCATGCCG,0,4681311
ybeDp,0.5,1,1,ACCAATCCACTGTTTTCTAG,0,4660523
ybeDp,0.5,1,1,ACCAATACTTAGGCGGTTCT,0,4648306
ybeDp,0.5,1,1,ACCAACGCCCTGATTCAGTC,0,4653206
ybeDp,0.5,1,1,ACATTGTATTTAATTAGGTT,0,4650781
ybeDp,0.5,1,1,ACATTGCGTTGCTCTAGTGT,0,4676779
ybeDp,0.5,1,1,ACATTGCACTCGCCAGCACC,0,4631425
ybeDp,0.5,1,1,ACATTCAGTAAGTATCGACC,0,4676052
ybeDp,0.5,1,1,ACATTCAAGCCCACGATCGC,0,4626451
ybeDp,0.5,1,1,ACATTACGGGGCATCAAATA,0,4644407
ybeDp,0.5,1,1,ACATGATCCGACAAACCAAA,0,4664057
ybeDp,0.5,1,1,ACATATGTGGAACGTAGTTG,0,4667350
ybeDp,0.5,1,1,ACATACGACAGTTGGGCCTT,0,4607645
ybeDp,0.5,1,1,ACATACAATGAATTTAGACA,0,4675782
ybeDp,0.5,1,1,ACATACAAAATGAGCTAATC,0,4640246
ybeDp,0.5,1,1,ACATAAGAGGCGCATCCGGA,0,4685108
ybeDp,0.5,1,1,ACAGTTTATCGGCGATCCTG,0,4634933
ybeDp,0.5,1,1,ACAGTCAAAGCTTATCTCGT,0,4643926
ybeDp,0.5,1,1,ACAGTATAATCGCTTGTTCG,0,4669227
ybeDp,0.5,1,1,ACAGTAAATAATCGCGAGAT,0,4657249
ybeDp,0.5,1,1,ACAGTAAAGTTTACGGATCG,0,4647128
ybeDp,0.5,1,1,ACAGTAAAGGTCTAGTAGCA,0,4655239
ybeDp,0.5,1,1,ACAGGTTGCTACGTATTTAG,0,4628403
ybeDp,0.5,1,1,ACAGCGGGTATCCCCCTACG,0,4678582
ybeDp,0.5,1,1,ACAGCCGAAGGGACAAGAGT,0,4606434
ybeDp,0.5,1,1,ACAGCCACAATGTCCGTTCT,0,4647227
ybeDp,0.5,1,1,ACAGCAAATGCGGTGGACGA,0,4678340
ybeDp,0.5,1,1,ACAGATTCGCGTCCATCATG,0,4666920
ybeDp,0.5,1,1,ACAGACCGGCGGTGGTAATC,0,4678385
ybeDp,0.5,1,1,ACACTTTTTAATTGGATCGT,0,4626929
ybeDp,0.5,1,1,ACACGGTTTGGCAGTCCACG,0,4657766
ybeDp,0.5,1,1,ACACGGGGGATTGGCCCTAA,0,4615164
ybeDp,0.5,1,1,ACACGAGAAAAAACGTAGAA,0,4676255
ybeDp,0.5,1,1,ACACGACAAGCTAATGAGAC,0,4602582
ybeDp,0.5,1,1,ACACCGAACACGGATCGCAA,0,4648976
ybeDp,0.5,1,1,ACACATCCTTCACTCTAGAG,0,4624533
ybeDp,0.5,1,1,ACAATGCGCTTATGTTGTTG,0,4615433
ybeDp,0.5,1,1,ACAAGGGCGAACTAACGGGG,0,4682950
ybeDp,0.5,1,1,ACAAGAGTGCTACCACAAAT,0,4679118
ybeDp,0.5,1,1,ACAAGACTTAGATCCGACTG,0,4630132
ybeDp,0.5,1,1,ACAACCTGGTCAATTGGGAC,0,4622290
ybeDp,0.5,1,1,ACAACAGTTCCTAATTTACC,0,4625343
ybeDp,0.5,1,1,ACAAATGCATGATTAACTCA,0,4669789
ybeDp,0.5,1,1,ACAAACAATGGGGCCTCGGT,0,4604630
ybeDp,0.5,1,1,ACAAAAACCGGCTTGCAAAT,0,4651623
ybeDp,0.5,1,1,AATTTTGATCGACGATGGCA,0,4666415
ybeDp,0.5,1,1,AATTTCTCACGCATTGGTAT,0,4659725
ybeDp,0.5,1,1,AATTTAGGGTGCCAGATAGC,0,4638428
ybeDp,0.5,1,1,AATTGGGGACGTAGTGCGGG,0,4614092
ybeDp,0.5,1,1,AATTGCGATATATGACATAC,0,4602264
ybeDp,0.5,1,1,AATTGCCTCTTTCGACGTGT,0,4633204
ybeDp,0.5,1,1,AATTGAAGATGAGGACCTAT,0,4614832
ybeDp,0.5,1,1,AATTCTGATCTCCTGTCGAT,0,4605628
ybeDp,0.5,1,1,AATTCGATAGCGCAGAATTA,0,4613926
ybeDp,0.5,1,1,AATTATTACGCATGCACTCG,0,4615518
ybeDp,0.5,1,1,AATTAGTCCCTCAATCGCCA,0,4657065
ybeDp,0.5,1,1,AATTACGGTCCCCAGCTTTC,0,4644783
ybeDp,0.5,1,1,AATTACCAGAATATCTGTGA,0,4604867
ybeDp,0.5,1,1,AATGTGCTGATGTTTAGTGG,0,4656719
ybeDp,0.5,1,1,AATGTCGGACCAAAGTCGTC,0,4638927
ybeDp,0.5,1,1,AATGTCGAAATGACTTTCGT,0,4665927
ybeDp,0.5,1,1,AATGTAGCTTTACAAGACGT,0,4650722
ybeDp,0.5,1,1,AATGGACGATCGTGACAAGT,0,4648788
ybeDp,0.5,1,1,AATGCTAGTACTTATGGCTG,0,4672904
ybeDp,0.5,1,1,AATGCGTGCCGCAGAGATGG,0,4653285
ybeDp,0.5,1,1,AATGCCGCATAGCAGCTTGC,0,4605935
ybeDp,0.5,1,1,AATGCCACGACAAGACGGGT,0,4651692
ybeDp,0.5,1,1,AATGCATCCGTTCCATGAAT,0,4637807
ybeDp,0.5,1,1,AATGCACGTAATTTCAACCG,0,4658280
ybeDp,0.5,1,1,AATGCAAGGTTATCTATCAA,0,4655927
ybeDp,0.5,1,1,AATCTTCCATTAAACAAACA,0,4620214
ybeDp,0.5,1,1,AATCTTCCAACCGGGGGTTA,0,4638611
ybeDp,0.5,1,1,AATCTGAAGGCCGGGTCGTA,0,4643770
ybeDp,0.5,1,1,AATCTCGTCCCGAGCAACAG,0,4682522
ybeDp,0.5,1,1,AATCTCAGTTAAACCCCCTT,0,4621053
ybeDp,0.5,1,1,AATCGCGTGAACCCTTGAAA,0,4668054
ybeDp,0.5,1,1,AATCCCGTTCCAACCCTGTG,0,4670561
ybeDp,0.5,1,1,AATCATGGTGGGTCGAGCAC,0,4625568
ybeDp,0.5,1,1,AATCATGCATCTATACCTCA,0,4658509
ybeDp,0.5,1,1,AATCATCGTCCACAGTCTTA,0,4664118
ybeDp,0.5,1,1,AATCATAGCTTGCTAATATG,0,4607268
ybeDp,0.5,1,1,AATCAGGCCCTAGAAGAGCT,0,4650974
ybeDp,0.5,1,1,AATCAGATCTGGCTATATTT,0,4622440
ybeDp,0.5,1,1,AATCACGAAACCATTCATCT,0,4680951
ybeDp,0.5,1,1,AATCACACGTGTTCACTAAT,0,4635993
ybeDp,0.5,1,1,AATATGGTAGACAAGCCCAT,0,4612695
ybeDp,0.5,1,1,AATATATTAGAGCTTTCCAC,0,4630278
ybeDp,0.5,1,1,AATAGTCTCTGGGAGTTGTA,0,4601428
ybeDp,0.5,1,1,AATAGGTCTCTCACGGTACT,0,4618723
ybeDp,0.5,1,1,AATAGCGTGCACATCTTGCA,0,4660537
ybeDp,0.5,1,1,AATAGAGTGTAGGGAGGATA,0,4631787
ybeDp,0.5,1,1,AATAGAGGTGACAATTGCTC,0,4666611
ybeDp,0.5,1,1,AATACCTAATGCACGGGCAT,0,4627039
ybeDp,0.5,1,1,AATAATGGGGTACACGAAAT,0,4670325
ybeDp,0.5,1,1,AATAAATGGAAGTGTCTTAT,0,4654054
ybeDp,0.5,1,1,AAGTTTAGGGTTTTTTCACA,0,4617314
ybeDp,0.5,1,1,AAGTTGATCTCAGGGTGAAA,0,4682478
ybeDp,0.5,1,1,AAGTTCTGCTTCGTAGTGAC,0,4659029
ybeDp,0.5,1,1,AAGTGTGAAGAAAGTCTCAC,0,4645236
ybeDp,0.5,1,1,AAGTGAACATCGTCAACCTT,0,4668643
ybeDp,0.5,1,1,AAGTACTGAATTGGACGACA,0,4624490
ybeDp,0.5,1,1,AAGGTAAGATCAACTATTCG,0,4671298
ybeDp,0.5,1,1,AAGGCTCGATCAGGGTGTTG,0,4678473
ybeDp,0.5,1,1,AAGGCGTTAAAACAACGCCT,0,4687518
ybeDp,0.5,1,1,AAGGCCTTCTATAAGAATCA,0,4669073
ybeDp,0.5,1,1,AAGGCCATGTGCTAGAATCC,0,4616796
ybeDp,0.5,1,1,AAGGCCAGTGCTCTTTGGTA,0,4662126
ybeDp,0.5,1,1,AAGGCAGTACCTAAGTTCCT,0,4624934
ybeDp,0.5,1,1,AAGGATTAACCTGTACCCCT,0,4624330
ybeDp,0.5,1,1,AAGGATGGCGGTAAGAGTAC,0,4675409
ybeDp,0.5,1,1,AAGGAGCATAACGTCATCAG,0,4603778
ybeDp,0.5,1,1,AAGGAGACTAGGGAGCCGTT,0,4624070
ybeDp,0.5,1,1,AAGGACTCCAGACAGATACG,0,4637272
ybeDp,0.5,1,1,AAGGACCGAGGTAGCTCTCA,0,4638308
ybeDp,0.5,1,1,AAGCTGTACACTAGAACGCA,0,4659023
ybeDp,0.5,1,1,AAGCGCGATTACCAGTATGA,0,4637142
ybeDp,0.5,1,1,AAGCGCAAGAACTGCACCAA,0,4618765
ybeDp,0.5,1,1,AAGCCAATGTCCTCCAAGCT,0,4650021
ybeDp,0.5,1,1,AAGCAGCCACCGCACCGTTA,0,4622959
ybeDp,0.5,1,1,AAGCAAGGAAATATCGCATT,0,4669314
ybeDp,0.5,1,1,AAGATGTAGACTAAGGCCAG,0,4601530
ybeDp,0.5,1,1,AAGATCGTTAAGTGATAATG,0,4614588
ybeDp,0.5,1,1,AAGAGTTGGTAGAGTTTATA,0,4649072
ybeDp,0.5,1,1,AAGAGTTCCGGAAGTTGCGG,0,4649746
ybeDp,0.5,1,1,AAGACCTTTAGCGTACGTTT,0,4633611
ybeDp,0.5,1,1,AAGACATGCAGGCTTGTTGA,0,4638324
ybeDp,0.5,1,1,AAGAAGGCCCGTAACGAGGG,0,4657199
ybeDp,0.5,1,1,AAGAACTTAGACATCTGTAC,0,4667527
ybeDp,0.5,1,1,AACTTTGGCGCGCCTAGGTC,0,4652156
ybeDp,0.5,1,1,AACTTTGAAATTAGCCCACG,0,4668404
ybeDp,0.5,1,1,AACTTGATCATTAGGTAACG,0,4629485
ybeDp,0.5,1,1,AACTTCAGCTCGTGGCGTGT,0,4647333
ybeDp,0.5,1,1,AACTGTGTGCTCCTTTTATA,0,4672914
ybeDp,0.5,1,1,AACTGTGGTAACCAGAAGGC,0,4624199
ybeDp,0.5,1,1,AACTGTGCCTAATTGTCAGA,0,4661163
ybeDp,0.5,1,1,AACTGCGGTGGAGCGTCTGG,0,4642619
ybeDp,0.5,1,1,AACTGATGCTGGTTGACCAT,0,4656184
ybeDp,0.5,1,1,AACTCGGGCAGTCCTCGCCA,0,4607941
ybeDp,0.5,1,1,AACTCGGGCACATCTCCCTC,0,4671814
ybeDp,0.5,1,1,AACTCCCCTCCTACTGTTAC,0,4651614
ybeDp,0.5,1,1,AACTATACCCTGCCGATCCC,0,4633155
ybeDp,0.5,1,1,AACTAAGGAGCAAATCCAGA,0,4608394
ybeDp,0.5,1,1,AACGTTTCCACTGGATCCAG,0,4606187
ybeDp,0.5,1,1,AACGTCGTTTACTATCGCGT,0,4643482
ybeDp,0.5,1,1,AACGTAATCCGAAATGGGGT,0,4634231
ybeDp,0.5,1,1,AACGGTAGGTGACTACTGTG,0,4611992
ybeDp,0.5,1,1,AACGGTACCGAGTTAGTGGC,0,4613260
ybeDp,0.5,1,1,AACGGAAGATAATCGTCCGT,0,4667299
ybeDp,0.5,1,1,AACGCTGCGTGCCGATCAGT,0,4621184
ybeDp,0.5,1,1,AACGCGTGCATATCCTGTAC,0,4620250
ybeDp,0.5,1,1,AACGCGGCGCTGCATAGCCC,0,4628725
ybeDp,0.5,1,1,AACGATGCTACACTCTTTGA,0,4666741
ybeDp,0.5,1,1,AACGACTGCCATGTCCCCGA,0,4613913
ybeDp,0.5,1,1,AACCTTGGAGCACAACGAAA,0,4649680
ybeDp,0.5,1,1,AACCTGTTGTTCAGCCGAGA,0,4658337
ybeDp,0.5,1,1,AACCTGGCAATTCAGACGGT,0,4645280
ybeDp,0.5,1,1,AACCTGAGTCCTCAGTACGC,0,4615831
ybeDp,0.5,1,1,AACCTACGCTGCACGCACAG,0,4617933
ybeDp,0.5,1,1,AACCGTCTCGTAAATGGATC,0,4637724
ybeDp,0.5,1,1,AACCGCGCGGCATCTGTACT,0,4653066
ybeDp,0.5,1,1,AACCGCCAGACTCTTATCCC,0,4631561
ybeDp,0.5,1,1,AACCCTTCAAGGTCGGCTAA,0,4679891
ybeDp,0.5,1,1,AACCCTGGAGTCGGTCGTCA,0,4685458
ybeDp,0.5,1,1,AACCCTGACAGTAGCCGGAG,0,4612097
ybeDp,0.5,1,1,AACCCGTAGGTAGAAAAGTT,0,4645520
ybeDp,0.5,1,1,AACCAGCAACAATATTGTGT,0,4647394
ybeDp,0.5,1,1,AACCAGACCTATACTCACAC,0,4665850
ybeDp,0.5,1,1,AACCACGTTGTATAGAGGGA,0,4619952
ybeDp,0.5,1,1,AACATGGGTGTAGGCGGAAA,0,4624707
ybeDp,0.5,1,1,AACATCACAGTTCCTTTGTA,0,4669642
ybeDp,0.5,1,1,AACAGTTAAGTGAAAGGTGA,0,4682397
ybeDp,0.5,1,1,AACAGTCGAAGCCGTTCGAG,0,4685880
ybeDp,0.5,1,1,AACAGGTTCCGCGAACAGAC,0,4665546
ybeDp,0.5,1,1,AACAGGTCACAGTATTAAGT,0,4613027
ybeDp,0.5,1,1,AACAGGCTTTTTGCTGTAGT,0,4606193
ybeDp,0.5,1,1,AACAGGATGTGCTACCCAGT,0,4626385
ybeDp,0.5,1,1,AACACGTTATTGGGAAAAAT,0,4619302
ybeDp,0.5,1,1,AACACCAGGCTTACGCAAGT,0,4639973
ybeDp,0.5,1,1,AACAATGAGGGGCGCGTTTT,0,4613541
ybeDp,0.5,1,1,AACAATATGTTGGGGGCAGA,0,4606641
ybeDp,0.5,1,1,AAATTGGTGTATGCGCAACA,0,4676037
ybeDp,0.5,1,1,AAATTGCCAACCCTTCTCTT,0,4667748
ybeDp,0.5,1,1,AAATTCGAGCTTGAGATTCC,0,4684032
ybeDp,0.5,1,1,AAATGTTCGTTGGATGGTCT,0,4623880
ybeDp,0.5,1,1,AAATGTAGTTGAACGGTGTG,0,4686492
ybeDp,0.5,1,1,AAATGACCGGTGAGGTCGAA,0,4649952
ybeDp,0.5,1,1,AAATCAGGATAACGTAAATT,0,4643572
ybeDp,0.5,1,1,AAATACGGCCGTGGAACAAA,0,4626112
ybeDp,0.5,1,1,AAATAAGACAAGTTAAACAG,0,4614341
ybeDp,0.5,1,1,AAAGTGGGGGGCGTGTATAT,0,4624417
ybeDp,0.5,1,1,AAAGTCGCATCAGTTCCCCA,0,4642909
ybeDp,0.5,1,1,AAAGGTACAGGGGCAATCAC,0,4634774
ybeDp,0.5,1,1,AAAGGGAAGGCTGGATCTGG,0,4617348
ybeDp,0.5,1,1,AAAGGACGACCCTAGGAGCG,0,4673038
ybeDp,0.5,1,1,AAAGCTACACCCTAGCAACA,0,4601710
ybeDp,0.5,1,1,AAAGCGAAAATAATGAAGGT,0,4667496
ybeDp,0.5,1,1,AAAGCCCGCTCAGCTAAATA,0,4609491
ybeDp,0.5,1,1,AAAGATTGGGTCAGTCGGTA,0,4671230
ybeDp,0.5,1,1,AAAGAGTAGCGTGCATGGAC,0,4645135
ybeDp,0.5,1,1,AAAGAGGTTTGATTCTAGGT,0,4634835
ybeDp,0.5,1,1,AAAGAGAATCTCCCATACCA,0,4653157
ybeDp,0.5,1,1,AAAGACCCGAATCCTATTAC,0,4620334
ybeDp,0.5,1,1,AAAGAAAACGGGACTTCAAG,0,4662657
ybeDp,0.5,1,1,AAACTGTCTTTAGGATCGTG,0,4655629
ybeDp,0.5,1,1,AAACTACTGGGACATTACCC,0,4640638
ybeDp,0.5,1,1,AAACGTTATGATGCAACAGT,0,4683905
ybeDp,0.5,1,1,AAACGTCCGGGACCCTGCTC,0,4666301
ybeDp,0.5,1,1,AAACGCCCCTAGCCCAACCT,0,4631606
ybeDp,0.5,1,1,AAACATTCCCTACTGTTTGC,0,4611226
ybeDp,0.5,1,1,AAACAGTTAGATATGGGTCT,0,4609453
ybeDp,0.5,1,1,AAACAGGTCTGAACTTTAAA,0,4631029
ybeDp,0.5,1,1,AAACAACGGAAACTGTCCCG,0,4664198
ybeDp,0.5,1,1,AAAATTCTCTCCGGTTAGCA,0,4612456
ybeDp,0.5,1,1,AAAATCTCAGCCCTTCCGAA,0,4619119
ybeDp,0.5,1,1,AAAATCGTTGCCAAGGCGGT,0,4642287
ybeDp,0.5,1,1,AAAATATTGCTATAGTCGGA,0,4687760
ybeDp,0.5,1,1,AAAATATCCGCGAAATGTCC,0,4632667
ybeDp,0.5,1,1,AAAATACGGCATATTATTAT,0,4658364
ybeDp,0.5,1,1,AAAAGTTCGCATAATCAGTC,0,4647638
ybeDp,0.5,1,1,AAAAGGAGCCCTACAATGGT,0,4647956
ybeDp,0.5,1,1,AAAAGCTCCTGACCAGGTAA,0,4608172
ybeDp,0.5,1,1,AAAAGAAACGGACCTTCGTC,0,4672604
ybeDp,0.5,1,1,AAAACGTGACCCGTCTATGA,0,4666510
ybeDp,0.5,1,1,AAAACGCAACGAGCATAGTA,0,4630430
ybeDp,0.5,1,1,AAAACCATTTGAAAATTGAG,0,4623218
ybeDp,0.5,1,1,AAAAATGAATCAACGTGGTT,0,4680980
ybeDp,244.0,243,0,GTGCACGGCAGGTTTCGCGG,243,4679929
ybeDp,234.0,233,0,TCTCCGGAGTACAGGGACAA,233,4665019
ybeDp,200.0,199,0,TATAGGCCGCTCGTTCAGCA,199,4665000
ybeDp,130.0,129,0,GGAATATGGCGATCCCAGAA,129,4685169
ybeDp,124.0,123,0,ACTAAGTAGCGTATGCCGGT,123,4688227
ybeDp,120.0,119,0,AGCATCGGTGGACCATCCAC,119,4617080
ybeDp,115.0,114,0,CCGTTCACGGGGGAAAATTA,114,4685180
ybeDp,107.0,106,0,GTCGTTTGGCAGACTCAAAC,106,4635494
ybeDp,94.0,93,0,GCACAATAGGAGAACGGGAG,93,4670348
ybeDp,91.0,90,0,GTATGGGTCGTGCAGACCAC,90,4645956
ybeDp,90.0,89,0,AAGGGAGACAATGCTGAAAG,89,4609606
ybeDp,87.0,86,0,ACAGGGCCAGTCTCTTGTAG,86,4616650
ybeDp,83.0,82,0,TCGTGGAGCCTGCCCTGATT,82,4688318
ybeDp,82.0,81,0,CCACAATTTGCTACGCTCTA,81,4670835
ybeDp,81.0,80,0,CAGTAACGACCCTTTTCACG,80,4664833
ybeDp,78.0,77,0,GAGCACGGCTTATCGTGGCA,77,4687159
ybeDp,76.0,75,0,CAGTCCACGACTTTTGGGCT,75,4670963
ybeDp,73.0,72,0,TGTCTGATGTTCCCAGCGCA,72,4671966
ybeDp,71.0,70,0,ACGTACTGCTCTTTACCTTG,70,4688346
ybeDp,65.0,64,0,AGACCCGTACAGTCGGGAGT,64,4683284
ybeDp,64.0,63,0,TAAGACATTTGGTGCGACAA,63,4686528
ybeDp,64.0,63,0,GGCTGCAGGTTCGGTCCAAG,63,4672269
ybeDp,63.0,62,0,CTATGTCCGGCTCGCTGGAT,62,4681877
ybeDp,63.0,62,0,CAGTACAGCTACGTCCGATT,62,4624462
ybeDp,62.0,61,0,CGGGCATTTGGAATCACACG,61,4669856
ybeDp,62.0,61,0,CGCTTGAACGGTCGGCTAGG,61,4681737
ybeDp,62.0,61,0,CCACCGAGCGTACCTATGTG,61,4616465
ybeDp,62.0,61,0,AGCGCCAGTCATGAAACTAT,61,4641865
ybeDp,60.0,59,0,TAGAGAGACAGGTCTTTTAA,59,4613292
ybeDp,60.0,59,0,CACACAACTTCCCCCATAGG,59,4682004
ybeDp,59.0,58,0,TGCATAGTGTAAGCTCAGTC,58,4679669
ybeDp,59.0,58,0,ATAGGGCGTCTCATTGTTTT,58,4615609
ybeDp,58.0,57,0,GCCAGGGCTTCCAATCGGTT,57,4604100
ybeDp,58.0,57,0,ATGATCTAGCTGGGCTTGGT,57,4684357
ybeDp,58.0,57,0,ACCGTCCCCGGAAGTACCTC,57,4655131
ybeDp,57.0,56,0,GTCTTCCTTAGTGCACTCGT,56,4676180
ybeDp,56.0,55,0,TCCGGATAGTTAACGCTGCG,55,4683422
ybeDp,56.0,55,0,CTGCCAATACTGGATTTAGA,55,4621661
ybeDp,56.0,55,0,CGCACCTGTTATATTTTGGC,55,4681779
ybeDp,56.0,55,0,ATAACCAAAGTCAATGATCC,55,4658472
ybeDp,55.0,54,0,TTAACTGCGTTATCACGGAT,54,4652441
ybeDp,55.0,54,0,CAAGCTTCTTTACTGTCCCC,54,4663870
ybeDp,55.0,54,0,ATACCACCCGCTCGAGCTTC,54,4628757
ybeDp,55.0,54,0,ATAATTTGTAAGTCTTAAAG,54,4682406
ybeDp,53.0,52,0,TCAAGGTCACTGAGCGATGT,52,4653506
ybeDp,53.0,52,0,CTTGGCCTCCCGCAATACTT,52,4636188
ybeDp,51.0,50,0,TTACGCCGTTTTTTCGTCCA,50,4626328
ybeDp,51.0,50,0,GCGTCCTGGGTGATAGGCTG,50,4684241
ybeDp,51.0,50,0,CGTGCAGATAAACAACAGAT,50,4623973
ybeDp,50.0,49,0,CTGCTCCCGAAAAAGGTGTC,49,4630935
ybeDp,50.0,49,0,ACTTGTAAGCACAAGATTTC,49,4671084
ybeDp,49.0,48,0,TCGGGCAGTGGTAAGGGCGC,48,4654230
ybeDp,49.0,48,0,CAGTATTTGCGGGAATTAGC,48,4641129
ybeDp,49.0,48,0,CACTACGTTGAGTACAGGGA,48,4649090
ybeDp,48.0,47,0,CCTAGGAACAGTCTTGGGCA,47,4683514
ybeDp,48.0,47,0,ACGAGGCTGATAGGGCAACT,47,4672590
ybeDp,48.0,47,0,AATTCCAAGCGTGACCCGAG,47,4648653
ybeDp,48.0,47,0,AATAAGAAATGGTCTGATTA,47,4638879
ybeDp,47.0,46,0,TGTGGGAGTGCAGGAATTGA,46,4606023
ybeDp,47.0,46,0,CTGGCCTACTCTCCACATCC,46,4685205
ybeDp,47.0,46,0,CGCGGTCTCTTGATCAGAAG,46,4686617
ybeDp,47.0,46,0,CAGGAGTACCTGATGCGGGT,46,4602227
ybeDp,47.0,46,0,ACTCCCGTAAAATTATGCGA,46,4674779
ybeDp,46.0,45,0,TGTGATAGTGTGGCATGGTC,45,4654224
ybeDp,46.0,45,0,CGATACTCCTAGTCGTAGAT,45,4652495
ybeDp,46.0,45,0,CCTGGTAGCACCGACTTAGC,45,4672254
ybeDp,46.0,45,0,ATCTCGAACAGGACGATGCT,45,4624049
ybeDp,45.0,44,0,GCTGTTCGAGTCAATCATAG,44,4640081
ybeDp,45.0,44,0,GCAACCTACGGAGCACGGAT,44,4629520
ybeDp,43.0,42,0,TTAAGTAGCTCGTGTTACGC,42,4643242
ybeDp,43.0,42,0,GTTCTGCTCCACCCCTATAC,42,4613867
ybeDp,43.0,42,0,GGTCCATTGTCCAACGGACA,42,4602914
ybeDp,43.0,42,0,GACACGCAGCTCAACACAAC,42,4608108
ybeDp,43.0,42,0,CTCCCTCCATGTTTCATGAT,42,4664769
ybeDp,43.0,42,0,CGTTGGACAAAATAGTCAGT,42,4654194
ybeDp,43.0,42,0,CACCACTAGAAGCCCGTCGG,42,4667227
ybeDp,43.0,42,0,ACCCGGTATTTGTGAGAGCG,42,4686922
ybeDp,42.0,41,0,AAGACTGGCTGCATACGTGA,41,4615226
ybeDp,41.0,40,0,TTGATCTCCCTGTAAACCGA,40,4665377
ybeDp,41.0,40,0,CTAACGCGCGCCTGTTCCGG,40,4604798
ybeDp,40.0,39,0,CTTTTGGATTTATGATTCCT,39,4633121
ybeDp,40.0,39,0,CTGTTCTGATGCAAGATTCA,39,4661675
ybeDp,40.0,39,0,CGCTAAAAATGGGATATACC,39,4602124
ybeDp,40.0,39,0,CCGACTGCCAGGTCGTGCAA,39,4659779
ybeDp,40.0,39,0,AACCAAACGTCCGTTGCGAG,39,4639159
ybeDp,39.0,38,0,TGCTCATTGAGAACAGAGAC,38,4645824
ybeDp,39.0,38,0,TATGGGACGTTGTTACTTGT,38,4633347
ybeDp,39.0,38,0,CCGCAGCTATCAGAGTGTAT,38,4684744
ybeDp,39.0,38,0,ATTGCTTCAGTTGGTGGGCA,38,4682723
ybeDp,39.0,38,0,ATACCTCGTGTTTTGCCTCT,38,4636639
ybeDp,39.0,38,0,AGGTCCCGATTAGTTAGAAT,38,4683506
ybeDp,38.0,37,0,TGATTAAATAGTGGAGCCGA,37,4647922
ybeDp,38.0,37,0,GTTGACGCTTTTATCTTCAA,37,4601549
ybeDp,38.0,37,0,GTGCCGGGCCTCACCTACGG,37,4681638
ybeDp,38.0,37,0,CGTTACCTGCCTTTAGCGGC,37,4661351
ybeDp,38.0,37,0,AAAGAGACAGTAAAGGAAAC,37,4609117
ybeDp,37.0,36,0,GTCCGAAGCATCTCACGCTT,36,4614940
ybeDp,37.0,36,0,GTATTAACATTTAAACATAA,36,4670004
ybeDp,37.0,36,0,GAGTTAACCCGATCCCGGAG,36,4609596
ybeDp,37.0,36,0,CTGTTTGTTATCACGTAAAC,36,4623211
ybeDp,37.0,36,0,CCAGCTCTGGACGTGTAGCT,36,4641346
ybeDp,37.0,36,0,CAACGACGATGAAAGCAAAA,36,4682847
ybeDp,37.0,36,0,ATAGCGAATTACTGGAATGT,36,4648453
ybeDp,37.0,36,0,AGGATCCGTGAAGAGGCTAT,36,4640270
ybeDp,36.0,35,0,GTTAGCCATCAACCATAAGA,35,4637876
ybeDp,36.0,35,0,CTGCCGCTATAGGATCGCTT,35,4681432
ybeDp,36.0,35,0,ATCCATCGACCCGCTCGCTA,35,4635992
ybeDp,36.0,35,0,AGTACCGCGCTCGCTTATCT,35,4634726
ybeDp,36.0,35,0,AGATTCGTGTATGCGCAGCG,35,4688371
ybeDp,35.0,34,0,TGCACTGGACATATCAGGTT,34,4670866
ybeDp,35.0,34,0,ATTGAATAACTGCTAGGCGG,34,4627722
ybeDp,35.0,34,0,ACCGGGAATATACTCTGGCA,34,4676644
ybeDp,35.0,34,0,AAGGCATAGGCAGAGTTAAG,34,4608474
ybeDp,34.0,33,0,TAGCTATAACATGATAGTCA,33,4669159
ybeDp,34.0,33,0,GCTCCTCTCCACGTTTCCCC,33,4607192
ybeDp,34.0,33,0,CTTTATTTTGTTGATCGGCA,33,4658544
ybeDp,34.0,33,0,CGTTAAAAGCTCACACCTAT,33,4674789
ybeDp,34.0,33,0,CGTAATCGGGACAAAGGGGG,33,4659018
ybeDp,34.0,33,0,CCTTAAAGGTTCGGCGTGCT,33,4668908
ybeDp,34.0,33,0,CAAACCGTTAGTCACGTAAT,33,4627426
ybeDp,34.0,33,0,AGGTCCACGGCCTGCCCAGG,33,4645973
ybeDp,33.0,32,0,TTGGACCAGTAGCTCAAGCA,32,4646150
ybeDp,33.0,32,0,TTCGACGAGAAGGATCTCGA,32,4675240
ybeDp,33.0,32,0,TCAGTAAAGTTGGACCGTGT,32,4681708
ybeDp,33.0,32,0,TAAGGGGTGAATCACAATTT,32,4676348
ybeDp,33.0,32,0,GCATTAACCGCAGCCTCGGC,32,4613213
ybeDp,33.0,32,0,CCGGCCAGCGAACGCCCAAT,32,4639743
ybeDp,33.0,32,0,CAATTCACATCCGACATAAC,32,4659917
ybeDp,32.0,31,0,TGGTACCCCGACCTTGGAAA,31,4675426
ybeDp,32.0,31,0,GTCAATGCTTTTGTATGATG,31,4628960
ybeDp,32.0,31,0,GGTGTCTTAAATAGTGTTTT,31,4682409
ybeDp,32.0,31,0,GCAGAGTCCTGCCTCGAAGT,31,4674956
ybeDp,32.0,31,0,GCACAGGGGTCAGAGACCGG,31,4686819
ybeDp,32.0,31,0,CCCATGGCCCCACAGTCCAC,31,4625226
ybeDp,32.0,31,0,ATGCGAACATAGGTCGAGCC,31,4630426
ybeDp,32.0,31,0,ATCTGCCAAGTCCATCTGCT,31,4629768
ybeDp,32.0,31,0,ATCCGTACTCTTCATTTAAA,31,4616188
ybeDp,32.0,31,0,AGGAGGCTCCCTAGTCGCAT,31,4640463
ybeDp,32.0,31,0,ACTATTAAATCGAGCGCCGC,31,4608778
ybeDp,32.0,31,0,ACCGCATTTGCGCTTTTAGC,31,4652348
ybeDp,32.0,31,0,ACAGTCTCAACGGCACTATT,31,4620464
ybeDp,31.0,30,0,TGATAAACAATCACCATAGG,30,4688372
ybeDp,31.0,30,0,TGAGTAACGCCAGTTAGTGA,30,4653554
ybeDp,31.0,30,0,TAGGAACCACTGACATTGAG,30,4624757
ybeDp,31.0,30,0,GTTGTTCCTTAAAGAGGTAG,30,4684050
ybeDp,31.0,30,0,GTCCATGGCCTTGGCGTTAG,30,4609444
ybeDp,31.0,30,0,GGTGATGCACGCGCTCGTCA,30,4626322
ybeDp,31.0,30,0,GGGGTACTCCGTGATGTTAT,30,4661495
ybeDp,31.0,30,0,GGGGGGCGCTTATGCCATGA,30,4631797
ybeDp,31.0,30,0,GGGCCTGGCCTAACGGCTAT,30,4619442
ybeDp,31.0,30,0,GAACGGTGGTTATGCAATGT,30,4634595
ybeDp,31.0,30,0,CTCTAAGCGCCGTGACCTCG,30,4656177
ybeDp,31.0,30,0,ATGAGCGCTCCATGTGCTGG,30,4650328
ybeDp,31.0,30,0,ATCAGTCAATAGTCGGGATT,30,4683862
ybeDp,31.0,30,0,ATAGAGATTGCACCAGCCTT,30,4656283
ybeDp,31.0,30,0,AGGTTGAAGTTTTCACCCCA,30,4647095
ybeDp,31.0,30,0,AGGGATAACTTTGAAACATC,30,4681284
ybeDp,31.0,30,0,AGGCTTACGCAGGCAGGACA,30,4640616
ybeDp,30.0,29,0,TTGCCACGAGTCTATGCATT,29,4648168
ybeDp,30.0,29,0,TTAATCGACTCCAGCACACA,29,4681916
ybeDp,30.0,29,0,TGTCTAAGCCTGCATCAATA,29,4634107
ybeDp,30.0,29,0,TCGGATTAATATGATGCGTC,29,4630362
ybeDp,30.0,29,0,TAAGCTTCATAAGTAAGCAT,29,4635361
ybeDp,30.0,29,0,GTTTTGAATCTACTTCAATA,29,4627562
ybeDp,30.0,29,0,GCGCTCGTCCGATATAGTAG,29,4681243
ybeDp,30.0,29,0,GCGCCATGCTTCAGATCCGA,29,4603702
ybeDp,30.0,29,0,GATCGACGGAATGAGAAGTG,29,4688362
ybeDp,30.0,29,0,GAGGAGTCACTAATTGATAA,29,4613506
ybeDp,30.0,29,0,CGGGGACTGTGGGGACTTAA,29,4687815
ybeDp,30.0,29,0,AGGGCTGCATTAATCTCCAC,29,4607886
ybeDp,29.0,28,0,TTACGGATTCGGTAGCTGGG,28,4686239
ybeDp,29.0,28,0,TAATCCCCGTCTACGTATTT,28,4669533
ybeDp,29.0,28,0,GTATGGCAATCGATGGTCAT,28,4639270
ybeDp,29.0,28,0,GCCTTGTGGGAGTGAAGTAT,28,4648172
ybeDp,29.0,28,0,CGGTAGTGTTGCAGGGTAAT,28,4684613
ybeDp,29.0,28,0,CACCCAAGATCTTAAGTTAC,28,4672710
ybeDp,29.0,28,0,ATTGCTTCATGACGTTTTAG,28,4649911
ybeDp,29.0,28,0,AGCCCAATCCCATTCTCGAA,28,4675812
ybeDp,29.0,28,0,ACCGAACCCTGGGCGGTCAA,28,4613211
ybeDp,28.0,27,0,TAGCACAACGGCGTAGGCGA,27,4683447
ybeDp,28.0,27,0,TAAGCCGACCGATCGTGCAT,27,4687787
ybeDp,28.0,27,0,GTTCACGGCCTTAGTCGTAT,27,4628882
ybeDp,28.0,27,0,GTACAATGTAACGCACAGAT,27,4628760
ybeDp,28.0,27,0,GGTAGGCTCACACGTGAAGA,27,4605257
ybeDp,28.0,27,0,GGGAGCAAGGTGTATTCAGG,27,4684984
ybeDp,28.0,27,0,GATATTTTAAGACACTGGAG,27,4648940
ybeDp,28.0,27,0,CTGAGCCGGCTACGGTTGTC,27,4605975
ybeDp,28.0,27,0,CGTGTAGAGGATTGCTCGCC,27,4613944
ybeDp,28.0,27,0,CCCCCGCAGGAGTTCCAGGA,27,4627626
ybeDp,28.0,27,0,AGTTGCCTCCGTCCTGCATT,27,4601402
ybeDp,28.0,27,0,AGTCGTATGACAACGCGCAG,27,4662071
ybeDp,28.0,27,0,AGGGGGGAAGTACAAGGACT,27,4623201
ybeDp,28.0,27,0,AGACAGTGAGTTCCCGATAC,27,4677779
ybeDp,28.0,27,0,AAACCTAGGACGATGCCGGA,27,4637590
ybeDp,27.0,26,0,TAGCGGGTTTAATGCCTCAA,26,4609688
ybeDp,27.0,26,0,TAAATATGCGGACCTCAGTT,26,4653401
ybeDp,27.0,26,0,GTCCTGCCGAGAATATATTC,26,4684051
ybeDp,27.0,26,0,CCATATGTTTAAGTGAACGT,26,4681928
ybeDp,27.0,26,0,AGGTGCTTCGGTCCAGTTAT,26,4660578
ybeDp,26.0,25,0,TGTCAACTCGTACAGGAGCC,25,4666843
ybeDp,26.0,25,0,TCAGGGCGAGTCAGGTGATC,25,4605250
ybeDp,26.0,25,0,GTAGTATGATCTGAGTTACA,25,4619633
ybeDp,26.0,25,0,GGAGAGAAACAACAAAGTTC,25,4626750
ybeDp,26.0,25,0,GAGGATCGGCATCGACGGGT,25,4628549
ybeDp,26.0,25,0,GAAGGAATGTGGTTCCGCGT,25,4684182
ybeDp,26.0,25,0,CGCGAGATTTCTACTTTTCT,25,4666442
ybeDp,26.0,25,0,CCACTTGATACACATCGCAC,25,4635847
ybeDp,26.0,25,0,CCAAAGCGAATGCTGAGACT,25,4623923
ybeDp,26.0,25,0,AGTCATACCCTGACGCTAGG,25,4661924
ybeDp,26.0,25,0,ACTCGTGTACCCGTTGAGGA,25,4618399
ybeDp,26.0,25,0,AAGATGCCACGATGGCGTGA,25,4611083
ybeDp,25.0,24,0,TGCGTATTGCTAGATAGAGC,24,4615664
ybeDp,25.0,24,0,TAGGCCTAGAGGTTTTCCTA,24,4615581
ybeDp,25.0,24,0,GCCCGAAGGACAGGCACGGA,24,4608414
ybeDp,25.0,24,0,GAGGCTCACAGGAACTCTTC,24,4619578
ybeDp,25.0,24,0,CTGCCGCCCGTGCCCCGAGG,24,4674563
ybeDp,25.0,24,0,CGGGTAGGCGGGACGTCGGC,24,4605771
ybeDp,25.0,24,0,CCCAGTAAACAGGTGGACTG,24,4654547
ybeDp,25.0,24,0,CAGTGCCTGTCGTCTGCGCT,24,4622039
ybeDp,25.0,24,0,CAGCGGTCCACATGCTTGGA,24,4678593
ybeDp,25.0,24,0,CAAATTCGTACCGTATCTCA,24,4621841
ybeDp,25.0,24,0,CAAAAAGGGGGACCCCGGCC,24,4624580
ybeDp,25.0,24,0,ATTTTTAGGTGGCTGCAAGG,24,4681775
ybeDp,25.0,24,0,ATGGGACGCAACTTACGGTT,24,4607913
ybeDp,25.0,24,0,ATATAGCTTACGAGACTATT,24,4617020
ybeDp,25.0,24,0,ACCCAAAGACTCTCGGGATT,24,4672712
ybeDp,25.0,24,0,AATTAAGTGAGAGCTTGGCA,24,4608020
ybeDp,24.0,23,0,TTTTCTGCATACCTGTTGGG,23,4602253
ybeDp,24.0,23,0,TTCTACTCGTCGCGGCTACA,23,4653496
ybeDp,24.0,23,0,TGCCTGGCGGGTCCTTGAAT,23,4646642
ybeDp,24.0,23,0,TCGACAACAAAATCAGTTAA,23,4628521
ybeDp,24.0,23,0,TCCAACGGCTTGCCGTAAAA,23,4670565
ybeDp,24.0,23,0,TAGGCCTTATGTTTATCATT,23,4619192
ybeDp,24.0,23,0,GGGACATGGGGAAAAAGTTA,23,4622562
ybeDp,24.0,23,0,GATCGAGTACATAACTGACA,23,4622658
ybeDp,24.0,23,0,GACGTGAGATATTACCTTTA,23,4681456
ybeDp,24.0,23,0,GAATCAACCTTCAATGAGGA,23,4657651
ybeDp,24.0,23,0,CTGTGCGAGGCCACGGACCC,23,4648252
ybeDp,24.0,23,0,CAGGTACGGTGTTAGGTTCT,23,4638287
ybeDp,24.0,23,0,CACAATCGCACTCACGCCTT,23,4627619
ybeDp,24.0,23,0,AGCTTGGGGCTTAGTGGTGA,23,4653245
ybeDp,24.0,23,0,AGAATCCTTATTTAAACTAC,23,4623792
ybeDp,24.0,23,0,ACTAGCGCTACACCGATTAT,23,4642439
ybeDp,24.0,23,0,ACACGGACAGGCTCGGTTGA,23,4675629
ybeDp,23.0,22,0,TTTAGCAGGCAGGTTCATGT,22,4644992
ybeDp,23.0,22,0,TTGTCGCATCAGGACTCTAC,22,4641025
ybeDp,23.0,22,0,TTGGTTATGGCACTTTAAAG,22,4671379
ybeDp,23.0,22,0,TTAGACGGAAGACAGGGCAC,22,4609663
ybeDp,23.0,22,0,TGTACAACTTAAACAGCGAG,22,4617657
ybeDp,23.0,22,0,TCTCAGGTTTGAAACTGAGG,22,4635934
ybeDp,23.0,22,0,TCGACAGTATGCGAAGTGAA,22,4671958
ybeDp,23.0,22,0,TCCGTATCCAACGCCTCGCT,22,4639281
ybeDp,23.0,22,0,TCAAAAGTGACCTGCCCCGA,22,4613561
ybeDp,23.0,22,0,TAAGGAACACTTGAAATTCA,22,4677715
ybeDp,23.0,22,0,GCTGCGGTCAATGGCTTTCA,22,4613242
ybeDp,23.0,22,0,GCCCGAGAGGATCGTGCGGG,22,4653802
ybeDp,23.0,22,0,GACACTGCCGTCCCACAGCT,22,4642513
ybeDp,23.0,22,0,GAACCGGCGGCCTCTATGGA,22,4640652
ybeDp,23.0,22,0,CTACTGAAGGGGTTGTGGTA,22,4621220
ybeDp,23.0,22,0,CGTCATTGAACCGGATAGCC,22,4653978
ybeDp,23.0,22,0,ATTGATAATTCTAGCCGACT,22,4619851
ybeDp,23.0,22,0,ATCTCTAAGGAATATTCGTA,22,4638015
ybeDp,23.0,22,0,ATCGATCTCAAAAGACGGCC,22,4640072
ybeDp,23.0,22,0,ATAGTTTATAGCAGGCAATG,22,4611998
ybeDp,23.0,22,0,AGTTCTGTCAGATGGACGGA,22,4635982
ybeDp,23.0,22,0,ACACGACCAGACGTTAAAAT,22,4612741
ybeDp,23.0,22,0,AAGGGTTCCTCTCAGGCGGG,22,4657788
ybeDp,23.0,22,0,AACAGTTATAGCTTACAGCA,22,4635005
ybeDp,23.0,22,0,AAACGTGATCGTCCTTACAG,22,4645199
ybeDp,22.0,21,0,TGTTCTGAGGGGCGACCGTG,21,4645214
ybeDp,22.0,21,0,TCCTAAGTCAATCCTTGACT,21,4648590
ybeDp,22.0,21,0,TCCCGGTCATTTTCGCGCCT,21,4604609
ybeDp,22.0,21,0,TAATCTCCCTGGACATTCAC,21,4632224
ybeDp,22.0,21,0,TAAACCTCCCTACATTTGAC,21,4621665
ybeDp,22.0,21,0,GCGGTTAACTGCTTGCTCAC,21,4627698
ybeDp,22.0,21,0,GCCGAAAAGGCCTGTTAGAA,21,4658525
ybeDp,22.0,21,0,GATTCCGTCACGTAACGTTC,21,4637974
ybeDp,22.0,21,0,GATCGCCTACATGTGATTAA,21,4653751
ybeDp,22.0,21,0,GAGGCAGGTTTAAACGTATG,21,4670961
ybeDp,22.0,21,0,GAGGACGGCCCATGCTCTCG,21,4657102
ybeDp,22.0,21,0,CTCCCTATGTTTGCTTATTG,21,4628664
ybeDp,22.0,21,0,CTAGGCATTAATGAGCTATG,21,4602102
ybeDp,22.0,21,0,CTAAAAGCAAGTTCGCATGT,21,4606514
ybeDp,22.0,21,0,CCGTAGACGCCGCACGTGTT,21,4672143
ybeDp,22.0,21,0,CCCTCGATTTGACGGATCGG,21,4663405
ybeDp,22.0,21,0,CAGTGTGTTCCGTCAGACGA,21,4620465
ybeDp,22.0,21,0,ATTTTGGAGAAGGCCGGTTT,21,4678319
ybeDp,22.0,21,0,ATTCGCTCTTTCGAGCCATG,21,4634116
ybeDp,22.0,21,0,ATCTACGTGAATCAGATATA,21,4624555
ybeDp,22.0,21,0,AGCGAGCATTACATAAGGCA,21,4663615
ybeDp,22.0,21,0,ACCCCGGAGTAAATAAGTTA,21,4614960
ybeDp,22.0,21,0,ACATAAGTCTTCTAGTAATT,21,4650074
ybeDp,22.0,21,0,AAGGAACGGGTTCATTCTCT,21,4655270
ybeDp,22.0,21,0,AACCCAATTCTTAGCACACT,21,4685171
ybeDp,21.0,20,0,TTTCGGGAAAGGACGGAATC,20,4666761
ybeDp,21.0,20,0,TGTGCCTGGGCTAGGTTCGA,20,4663988
ybeDp,21.0,20,0,TCAGTGAAGATCCAGGACGA,20,4654153
ybeDp,21.0,20,0,GTGGGCATGTGTCGTTAGAA,20,4640643
ybeDp,21.0,20,0,GTGATTCTCTAGGCCGGATG,20,4636051
ybeDp,21.0,20,0,GTGACCCCCACTCGTTAAAG,20,4627074
ybeDp,21.0,20,0,GTGACAGAAAACTGGTATCC,20,4616946
ybeDp,21.0,20,0,GTCACGAAGCCGTGTCGCTG,20,4614835
ybeDp,21.0,20,0,GTACATTCAAAAGGGCAATC,20,4626501
ybeDp,21.0,20,0,GTAATTCGCTAACAAACGCA,20,4613624
ybeDp,21.0,20,0,GGTTTCCTTCCCACTTTACT,20,4681885
ybeDp,21.0,20,0,GGGTATGAAAAGGCCGAATG,20,4671901
ybeDp,21.0,20,0,GGCCGGCCACTACATAGGGC,20,4634401
ybeDp,21.0,20,0,GGAACATCAGAGTTGAGCGA,20,4654298
ybeDp,21.0,20,0,GCGTTTTAAAGCGGCAGGTT,20,4613139
ybeDp,21.0,20,0,GATACCGAATAATACTGTTC,20,4660879
ybeDp,21.0,20,0,CTGGACCACTGTTGACCCAC,20,4683467
ybeDp,21.0,20,0,CTGAAAAGAACGCCACAGAA,20,4674256
ybeDp,21.0,20,0,CTAGGATTTTAACTCGTTCC,20,4665356
ybeDp,21.0,20,0,CTAAGTTTACCCTGACGGGT,20,4667991
ybeDp,21.0,20,0,CGGCGAAACGAGATAGCATC,20,4663620
ybeDp,21.0,20,0,CACTCTTATCGGGCTTGGGA,20,4629041
ybeDp,21.0,20,0,CAATGTCCTGTGTTGCTCAC,20,4652145
ybeDp,21.0,20,0,ATCTCGCATCCTAAGAGACA,20,4643524
ybeDp,21.0,20,0,AGAACTAGAAGGTAAGAATG,20,4640604
ybeDp,21.0,20,0,ACTCCAATGCCGCCGCTTCT,20,4677597
ybeDp,21.0,20,0,ACATAGCAGTGCACTTGCGC,20,4664405
ybeDp,21.0,20,0,AAGTGAAGGAGCCATCTCCG,20,4630553
ybeDp,21.0,20,0,AAGGGGTTCATGAGGTTCCG,20,4687720
ybeDp,21.0,20,0,AACTGGCAAACCCCGCGTGC,20,4680768
ybeDp,21.0,20,0,AACAGTATAGAGATTGGAAG,20,4648775
ybeDp,21.0,20,0,AAACATAATAAACGCTGCGA,20,4612562
ybeDp,20.0,19,0,TTGAACGACGGGAGCGTCCT,19,4653523
ybeDp,20.0,19,0,TGTGTTCTCGTCGCGGTACC,19,4682537
ybeDp,20.0,19,0,TGTGTTCCTATGTTTGGTTT,19,4634973
ybeDp,20.0,19,0,TGCACAACTGCTAGGACAGA,19,4605769
ybeDp,20.0,19,0,TGATTTGGTTAGATGAGCCT,19,4635621
ybeDp,20.0,19,0,TGATAGTGCTCAGCTTCAAA,19,4665490
ybeDp,20.0,19,0,TCTCGACTGATTTGAGTTTG,19,4680581
ybeDp,20.0,19,0,GTGTTTACAACGATGGTGTT,19,4684426
ybeDp,20.0,19,0,GTGAACCAGTGGCGAGCACA,19,4680614
ybeDp,20.0,19,0,GGGAGCTAGTGGAGAAAATT,19,4646664
ybeDp,20.0,19,0,GGACCCAAAAACCTCTCAAA,19,4664759
ybeDp,20.0,19,0,GCGCCTCGGCCTATAAATTG,19,4681253
ybeDp,20.0,19,0,GCACCATGGCAATAATTGTA,19,4662586
ybeDp,20.0,19,0,GATTGAAAATCTGTGACTTC,19,4644012
ybeDp,20.0,19,0,GACCCCTGTGTGCCCTCATT,19,4625810
ybeDp,20.0,19,0,GACAATGTACAACGGTCAAA,19,4651799
ybeDp,20.0,19,0,GAATTTAACAACAGAAGCTA,19,4669116
ybeDp,20.0,19,0,GAAGGCCGCAGGGGATGCGT,19,4655516
ybeDp,20.0,19,0,GAACGCGCTGGGGGAAATGC,19,4660917
ybeDp,20.0,19,0,CTCGGTACAAGCGGAACGCT,19,4611534
ybeDp,20.0,19,0,CCCACAGGTACGGCCCGGTT,19,4685002
ybeDp,20.0,19,0,ATGCCGCGTTTGGCAGTGTC,19,4600920
ybeDp,20.0,19,0,ACACCCCCTATTCTTACAGA,19,4611444
ybeDp,20.0,19,0,AACCGCCAAGCGTTGCAGGG,19,4606013
ybeDp,19.0,18,0,TTTACTGCCGTCGGACGCAT,18,4622475
ybeDp,19.0,18,0,TTACCATTAATCACTCGTTT,18,4640266
ybeDp,19.0,18,0,TGGGCAGGATTGGGTCTGAA,18,4675274
ybeDp,19.0,18,0,TGCTTCTCGGAGCGACAGGT,18,4601439
ybeDp,19.0,18,0,TGCTGGCAGGACGAGTAAAG,18,4676186
ybeDp,19.0,18,0,TCTTATGAACATGTCTATAT,18,4614072
ybeDp,19.0,18,0,TCTGGTGGCTGGTACGACCT,18,4662378
ybeDp,19.0,18,0,TCCTGCCTTCGGAGACGACT,18,4630445
ybeDp,19.0,18,0,TCCTCGTACAACGTCAAAGG,18,4624553
ybeDp,19.0,18,0,TCACTTTTGGCAGACGTAGA,18,4662503
ybeDp,19.0,18,0,TATGAGTGGGGCAGGAAAAT,18,4638842
ybeDp,19.0,18,0,TAGGTTCGTACAGCAATGAA,18,4675023
ybeDp,19.0,18,0,TAATCGTACATTCAGCAATA,18,4682324
ybeDp,19.0,18,0,TAAATCTTACAAGGATCCGG,18,4664775
ybeDp,19.0,18,0,GGGGGGATTAATCATGTTCG,18,4671855
ybeDp,19.0,18,0,GCGCGACCCTACTAAGATCT,18,4661900
ybeDp,19.0,18,0,GCCTGCATACGAGGCGCCGA,18,4630347
ybeDp,19.0,18,0,GCAGTCTAAAGTTCGCAGAT,18,4620532
ybeDp,19.0,18,0,CTATCGCTTTGAAGTCCCCG,18,4635771
ybeDp,19.0,18,0,CGGCTAATGTGTGTCGAATA,18,4617949
ybeDp,19.0,18,0,CGCGTGATCCTAGGTTTCGG,18,4616932
ybeDp,19.0,18,0,CGCGAACGAGTTAGCTAGAC,18,4607808
ybeDp,19.0,18,0,CGATTGACGAAATCTGGGAT,18,4684432
ybeDp,19.0,18,0,CCTCTTCGGAAAATAAGTTC,18,4671595
ybeDp,19.0,18,0,CCTAACTGGCGTAAAGATGT,18,4664469
ybeDp,19.0,18,0,CCGGAAGATATAACGCCATG,18,4684152
ybeDp,19.0,18,0,CCCGCCACATGGCTGAACAG,18,4675572
ybeDp,19.0,18,0,CCACCCTAGCAACGGCAGTG,18,4641135
ybeDp,19.0,18,0,CATTACACGCGAGACCTAGG,18,4681797
ybeDp,19.0,18,0,CAATATAGAAGCGATGTGTT,18,4612405
ybeDp,19.0,18,0,AGGCCTGGAAGGGGTAAAAA,18,4638516
ybeDp,19.0,18,0,ACTCGTTACTGCAAGCGAGT,18,4675591
ybeDp,19.0,18,0,AATTACCTGGACGGGTATGT,18,4628587
ybeDp,19.0,18,0,AATCCGTTCTGTGGCGGCTT,18,4612541
ybeDp,19.0,18,0,AAGCGCGTAGTGTACCCAAT,18,4638650
ybeDp,18.0,17,0,TTGTCTTAGCGTGTGAGACT,17,4683854
ybeDp,18.0,17,0,TTATGGCCACGAGACTATTG,17,4613136
ybeDp,18.0,17,0,TGCGGGAGGTAAATTGGTGT,17,4635133
ybeDp,18.0,17,0,TGATAGTAGGTGGATTCATA,17,4639726
ybeDp,18.0,17,0,TCGTCTAGTGAGGTTATCAT,17,4636050
ybeDp,18.0,17,0,TAGGCGACGGGCATCACGGT,17,4627771
ybeDp,18.0,17,0,TAGCTTGAATCATGGGGCTC,17,4630336
ybeDp,18.0,17,0,TACGTTCCCTCATCAGGTAG,17,4673211
ybeDp,18.0,17,0,TACCTCTTACGTAGTGCGGA,17,4602426
ybeDp,18.0,17,0,GTAGACTGCCAGGATGTCAT,17,4606740
ybeDp,18.0,17,0,GGTGCCACCTCTATTAACGA,17,4683530
ybeDp,18.0,17,0,GGGACCCGTGCAGAGACATC,17,4683742
ybeDp,18.0,17,0,GCCGCAAGTCAACAGCACAC,17,4675412
ybeDp,18.0,17,0,GCCGAAAAATTTTATCTAGG,17,4617998
ybeDp,18.0,17,0,GCCAACAGTTTGGTAAATAG,17,4637763
ybeDp,18.0,17,0,GCACTCATATAGCAAGTCTG,17,4613043
ybeDp,18.0,17,0,CTGCTCCGCACTCAACACTA,17,4633375
ybeDp,18.0,17,0,CTAGTCGGTGTGCCGTGGCA,17,4655006
ybeDp,18.0,17,0,CTAAGGAAAGCTAATGACAC,17,4662227
ybeDp,18.0,17,0,CCGTCAAACAGTCTATTATA,17,4667592
ybeDp,18.0,17,0,CCCCATACGTAATGTTTTTG,17,4682082
ybeDp,18.0,17,0,ACACTATAGTTCTAAAGTAT,17,4682444
ybeDp,18.0,17,0,AATTATTGCCTTCTATGTCA,17,4679617
ybeDp,18.0,17,0,AAGAAATTGAAAATCCGCAG,17,4630525
ybeDp,17.0,16,0,TTAGCAATTGACCCCTGTAG,16,4636172
ybeDp,17.0,16,0,TGATTAGCGCGCGAGCGTCA,16,4645247
ybeDp,17.0,16,0,TCTTCATGTCTAGGCCTAAT,16,4613156
ybeDp,17.0,16,0,TCTACCGGTAAATCTCGTTG,16,4659391
ybeDp,17.0,16,0,TAGATGCGCTTCCCCAGTAC,16,4674601
ybeDp,17.0,16,0,GTGTAAAAGGGCAACCTAAG,16,4688025
ybeDp,17.0,16,0,GGTTGGTTACTTCGATAAGC,16,4634997
ybeDp,17.0,16,0,GCTTTCCACCCGCACTGCGC,16,4643823
ybeDp,17.0,16,0,GCGTGCTATAAAGAGCTTCC,16,4658221
ybeDp,17.0,16,0,GAGGCAGACTTCTTAGCAGT,16,4630168
ybeDp,17.0,16,0,GACGCAGCATTACTTTCCCC,16,4683403
ybeDp,17.0,16,0,GACCGGAAGACGCTTCATGA,16,4630956
ybeDp,17.0,16,0,GAAGAATGTGAAATCAGGGT,16,4682355
ybeDp,17.0,16,0,GAACCACTTGGTCGAGCTCA,16,4643254
ybeDp,17.0,16,0,CTTAATGTAAGATAACGAAT,16,4648791
ybeDp,17.0,16,0,CTGGTCTGGTCTGTGCAATA,16,4651003
ybeDp,17.0,16,0,CTCTGGCGGTGGTCTGACTT,16,4636189
ybeDp,17.0,16,0,CGTTTCTCCTGGCGATAAAT,16,4682274
ybeDp,17.0,16,0,CCTTCGCGCACACCTTAAAT,16,4673691
ybeDp,17.0,16,0,CCTCAGCACTGTTTAGGTAA,16,4601453
ybeDp,17.0,16,0,CCGGAGGTCTCCTTGTGGGT,16,4633669
ybeDp,17.0,16,0,CCGGAGAAGACAGTCCAACA,16,4668458
ybeDp,17.0,16,0,CCAACAGCCTCTCTACCGTG,16,4656975
ybeDp,17.0,16,0,ATCTTTTAAGTCCTTCGTTA,16,4667414
ybeDp,17.0,16,0,AGCGCTAATAATTTGCCCCT,16,4601214
ybeDp,17.0,16,0,AGAGACCTCTTCACAAAGGT,16,4675588
ybeDp,17.0,16,0,ACGTGCATGGATTGCGGGAC,16,4646806
ybeDp,17.0,16,0,ACGTCGCATACAGTTAGCCT,16,4675435
ybeDp,17.0,16,0,AAGAAAAGAGCGATCGCCGT,16,4654923
ybeDp,17.0,16,0,AAATGAGGGTTATTGGGGAC,16,4682865
ybeDp,16.0,15,0,TTGTTACGGTATCCTTCCTT,15,4676191
ybeDp,16.0,15,0,TTCGCATCAGAAGGTCTTGA,15,4632658
ybeDp,16.0,15,0,TTAACTCCTTTTGCCATATC,15,4646197
ybeDp,16.0,15,0,TGGCGCGCGGGATAAAGTAC,15,4614789
ybeDp,16.0,15,0,GTTGGGTAATTCAAAGTCGG,15,4645844
ybeDp,16.0,15,0,GTTACGTGGACGCCAAGCAG,15,4673183
ybeDp,16.0,15,0,GTGGATGTGCAGGAAATATA,15,4618561
ybeDp,16.0,15,0,GTGCGCAATTAAATAACCAT,15,4628630
ybeDp,16.0,15,0,GTCGTCATGTGGTTCGTCGT,15,4602838
ybeDp,16.0,15,0,GTACTTGGACTAACCACCCC,15,4670185
ybeDp,16.0,15,0,GAAGCAGGGTCCAGACGGCG,15,4684616
ybeDp,16.0,15,0,CGGCGTTTAGGTGCTCGATG,15,4672422
ybeDp,16.0,15,0,CGATACATTCATGGCATGTA,15,4686073
ybeDp,16.0,15,0,CCGTCTGAACGAATCGCATA,15,4672473
ybeDp,16.0,15,0,ATAGCCGGGCCATACCACAC,15,4620841
ybeDp,16.0,15,0,AGTAGCCCGCGACCACTTAG,15,4660056
ybeDp,16.0,15,0,AGGTACATCACTGAGATCCT,15,4671766
ybeDp,16.0,15,0,ACTTGTTGTGTAGACGGACC,15,4627586
ybeDp,16.0,15,0,ACGCTGGGTCACAGGGGTGT,15,4658358
ybeDp,16.0,15,0,ACCTGCCGCGTACCACGTGT,15,4661841
ybeDp,16.0,15,0,ACCATCACATCGGTCAGTTG,15,4607474
ybeDp,15.0,14,0,TTTAGACTAACGTAAGTGCT,14,4647008
ybeDp,15.0,14,0,TTCTAGTAGTTACCAGCAAC,14,4680004
ybeDp,15.0,14,0,TGCTGCATTAATTTAATTTT,14,4678511
ybeDp,15.0,14,0,TGCTAATCGGGTAATAGACA,14,4623910
ybeDp,15.0,14,0,TGAGTACTTTGCGTTCATAA,14,4666886
ybeDp,15.0,14,0,TCAGTGTCATAAACCGCACT,14,4618840
ybeDp,15.0,14,0,TCAACGGCCATCCGTCATCT,14,4627222
ybeDp,15.0,14,0,GGCAAACACAGATTTTGGAG,14,4627058
ybeDp,15.0,14,0,GCTCGTGGCCACGAAATTTT,14,4673281
ybeDp,15.0,14,0,GCCGACCCCTGTGCGAACGT,14,4671113
ybeDp,15.0,14,0,GCCATGGCAAGGTTGCTTGT,14,4682376
ybeDp,15.0,14,0,GAATGTCGTTCATGGGAGTA,14,4619198
ybeDp,15.0,14,0,CTTAGGCAGACGCATGACTA,14,4672249
ybeDp,15.0,14,0,CTGTCCTCAGCCCAGGATGT,14,4677357
ybeDp,15.0,14,0,CTACAACCTGTGGAAAGCGG,14,4687687
ybeDp,15.0,14,0,CGTACAGCTGCAAAGCGGTG,14,4632591
ybeDp,15.0,14,0,CGGAGACTTGCACCTCATTG,14,4684149
ybeDp,15.0,14,0,CGCCATAAGCTTCCTAACCC,14,4607889
ybeDp,15.0,14,0,CGCAGTTATGTCTTAGACCA,14,4665679
ybeDp,15.0,14,0,CCTGTTGTGAGCCATCCTAA,14,4602901
ybeDp,15.0,14,0,CCCCCGGAACGGGTCAGTGG,14,4684799
ybeDp,15.0,14,0,CAAATCTCTTAGAACGTCCT,14,4616948
ybeDp,15.0,14,0,ATGACATCGACTTTAAACAT,14,4681433
ybeDp,15.0,14,0,ATCTTAATCGCAGGTACACT,14,4650299
ybeDp,15.0,14,0,AGGTCCTCAAGACCCGAGGT,14,4685208
ybeDp,15.0,14,0,AGGCCTGGGGTAGGTAGCCT,14,4686983
ybeDp,15.0,14,0,AGGACTGTAAGTCCGAGGTA,14,4665881
ybeDp,15.0,14,0,AGCGAGAGACACCCGCAACT,14,4619325
ybeDp,15.0,14,0,AGCCGTATCACACCACTGAC,14,4688462
ybeDp,15.0,14,0,AGAGGTAATGTCTGACGCAA,14,4659724
ybeDp,15.0,14,0,ACGAAGCCCCGTGTAGTGTC,14,4636424
ybeDp,15.0,14,0,ACATACTACCGTTCTCACCC,14,4673494
ybeDp,15.0,14,0,ACACGGCTGGATAGGAAATA,14,4658629
ybeDp,14.0,13,0,TTTAAACCACTCTTTAGCGA,13,4670661
ybeDp,14.0,13,0,TTCGCACGTTATTGGAATTT,13,4643744
ybeDp,14.0,13,0,TTATAAGTTAGCGCCCTCGT,13,4685177
ybeDp,14.0,13,0,TGTTGTCTCGCTGGCTGGTG,13,4682018
ybeDp,14.0,13,0,TGTACTGCGCTTATTGGCCT,13,4643556
ybeDp,14.0,13,0,TGATAAGGAGTTACTGCGCG,13,4610956
ybeDp,14.0,13,0,TCTGGCGCTCTAGTTCATAT,13,4659655
ybeDp,14.0,13,0,TCGTTATAGTGATGCCCATG,13,4622409
ybeDp,14.0,13,0,TAAAATCACTGCCTTAAGAT,13,4621844
ybeDp,14.0,13,0,GTTAGGCGCTGTGGTTCACG,13,4624142
ybeDp,14.0,13,0,GTCGAAGCGGTAACCTTTTC,13,4604095
ybeDp,14.0,13,0,GTAGGTACTACAACGTTGAC,13,4665765
ybeDp,14.0,13,0,GTAAGATTGCGGGAAGTTTC,13,4610544
ybeDp,14.0,13,0,GGTCTTGCTTCTTCTTGCAA,13,4632770
ybeDp,14.0,13,0,GGGAAAAGACATGCCTGACC,13,4682630
ybeDp,14.0,13,0,GCTCGATAAGCCCGGACACG,13,4676585
ybeDp,14.0,13,0,GCGTAGCATACCATTCGCAA,13,4632833
ybeDp,14.0,13,0,GCCGCAAATGAACCCGCGGC,13,4603376
ybeDp,14.0,13,0,GCACTTCAGGAAGCAGATCC,13,4651076
ybeDp,14.0,13,0,GAACGGCCTGGAGGTGACCA,13,4614654
ybeDp,14.0,13,0,GAAACTTTTGTCCATTCACC,13,4667259
ybeDp,14.0,13,0,CTTGTTCAGTATCATGAAGG,13,4681269
ybeDp,14.0,13,0,CTTGAATGGGTAAAATTCCT,13,4605882
ybeDp,14.0,13,0,CTGTTCTTCTTCATCCCAAA,13,4658882
ybeDp,14.0,13,0,CCGATTACTCGAAATTGATC,13,4611540
ybeDp,14.0,13,0,CCCAGACGAAAAATCCGAAG,13,4603757
ybeDp,14.0,13,0,CAGCTGGTGAGCACTAGCTG,13,4649753
ybeDp,14.0,13,0,CACCTCTGTTTGTGTAGAGA,13,4624691
ybeDp,14.0,13,0,CACAACGTATTTCCCCCTAT,13,4607576
ybeDp,14.0,13,0,AGCTTGGGCAATTTATGGCC,13,4658749
ybeDp,14.0,13,0,AGAGATGTGGTTGTTAAAAC,13,4638754
ybeDp,14.0,13,0,ACGAATCAAGTCCTAGACTT,13,4655881
ybeDp,14.0,13,0,AATTCAAGGTTGCGGGGAAC,13,4617004
ybeDp,14.0,13,0,AAGTAACGGCGCGGATTCCA,13,4623758
ybeDp,14.0,13,0,AACTTGCTGGTACCCTATTG,13,4668784
ybeDp,13.0,12,0,TTAACTAGAAGGGATTTAAC,12,4645225
ybeDp,13.0,12,0,TGCTCACTGGTCGAGCAACT,12,4641254
ybeDp,13.0,12,0,TCGTTTCGGACCGGCCGAGC,12,4612368
ybeDp,13.0,12,0,TCCTGCTACGGATTTATCGT,12,4606743
ybeDp,13.0,12,0,TACACCCCTGGAAATCAGAG,12,4687435
ybeDp,13.0,12,0,GTTTTCGAAAATCTCATGGA,12,4662441
ybeDp,13.0,12,0,GTTTGATACGATGCACCGGA,12,4661650
ybeDp,13.0,12,0,GTCCCCCCACCTCGCGTAAA,12,4654512
ybeDp,13.0,12,0,GTCCATCGTCCTGTCACGCA,12,4686141
ybeDp,13.0,12,0,GGTTTACGTTGCACTTACGG,12,4647347
ybeDp,13.0,12,0,GCCCTCGTCCTTAGTCGTTT,12,4648363
ybeDp,13.0,12,0,GCCCATCGTCAGCTGCACCA,12,4686836
ybeDp,13.0,12,0,GCCACCTGCCCCCTAACACA,12,4626995
ybeDp,13.0,12,0,GATATAAGGCAAGGCGTCCG,12,4621314
ybeDp,13.0,12,0,CTCGGCGATTAAGACTCAGA,12,4635857
ybeDp,13.0,12,0,CTAAAGCGATATGGCCGAAT,12,4602202
ybeDp,13.0,12,0,CGGGTTGAGACCCATACTGC,12,4623344
ybeDp,13.0,12,0,CGGACAGTGCCCCTGAGCAC,12,4675089
ybeDp,13.0,12,0,CGCGGGGCCACTATCACCAC,12,4617428
ybeDp,13.0,12,0,CGAAGAGCCTCCACTACGGG,12,4681872
ybeDp,13.0,12,0,CCTATTTGGCAGACAGATCC,12,4640114
ybeDp,13.0,12,0,CATGGTGCGCAATCTCACTT,12,4681306
ybeDp,13.0,12,0,CATCCTCATCTTTAAACTTG,12,4672433
ybeDp,13.0,12,0,CACCTTTATCTAACTCTGGC,12,4614400
ybeDp,13.0,12,0,CAAGATATTCCGTGCCAAGC,12,4652554
ybeDp,13.0,12,0,ACTCGCAGCCCATAGGCTTA,12,4624268
ybeDp,13.0,12,0,ACGCTTTTTTCAGAGCTGCG,12,4642914
ybeDp,13.0,12,0,ACGCACGCAGCGTTACCAGC,12,4636322
ybeDp,13.0,12,0,ACACACTTTGACAAATAGAA,12,4673029
ybeDp,13.0,12,0,AAAGAAGTATCTAACGACTC,12,4643188
ybeDp,13.0,12,0,AAACGGGCATGGGGAGTCCT,12,4651544
ybeDp,12.0,11,0,TTTAGACACCAGTGTCTGAG,11,4682965
ybeDp,12.0,11,0,TTCGTTTCCGTACAAGCAAG,11,4609560
ybeDp,12.0,11,0,TGGGCTATGCTATTACAGCT,11,4657210
ybeDp,12.0,11,0,TCTGGAAATGCGGCCGCGAC,11,4653646
ybeDp,12.0,11,0,TCTCTAACCACAAACTATTA,11,4604608
ybeDp,12.0,11,0,TAATACCTGGAAAAGCTGTG,11,4630254
ybeDp,12.0,11,0,TAAGGATGTGGCTAGCGAAC,11,4632063
ybeDp,12.0,11,0,GTTTCACTTAGGCTCGTCCT,11,4659954
ybeDp,12.0,11,0,GGTATATACTCGATTTAGCA,11,4631789
ybeDp,12.0,11,0,GGGCTTGGTATCTAGACAGT,11,4608178
ybeDp,12.0,11,0,GGCTCTACCCCGAAGCCGAC,11,4603354
ybeDp,12.0,11,0,GCAAGGTTCTCATCCGACTT,11,4629854
ybeDp,12.0,11,0,GATACTTACGCATTCAAATA,11,4647967
ybeDp,12.0,11,0,GACCCAGAGTATAGAACTTC,11,4638503
ybeDp,12.0,11,0,CTTTAAGTAGATTATTGCTG,11,4611068
ybeDp,12.0,11,0,CTCCGGTTTAGTACAAGCGC,11,4676955
ybeDp,12.0,11,0,CTCACGCGACCATCGAACAA,11,4664953
ybeDp,12.0,11,0,CGTTTAAGTCAGGCCGATTA,11,4659095
ybeDp,12.0,11,0,CGTTCGCCAGTCTGGGACAG,11,4665518
ybeDp,12.0,11,0,CGTACCACGGGGGGAGTTTA,11,4602268
ybeDp,12.0,11,0,CGACCAGACTTGTCTCTGTC,11,4607270
ybeDp,12.0,11,0,CCTGTATTATAGCGTCTGGA,11,4683507
ybeDp,12.0,11,0,CCGTATCCGTGTAATGGCAG,11,4648700
ybeDp,12.0,11,0,CCGCTATCGTTGCATTCCCT,11,4666353
ybeDp,12.0,11,0,ATCTCCCTACTGCCACTCCT,11,4607323
ybeDp,12.0,11,0,AGTGAACGACGCGCGGATAA,11,4609615
ybeDp,12.0,11,0,AGAGGATTTCGTATTGACCC,11,4665035
ybeDp,12.0,11,0,AGAGAACTGTGGTAGATGAA,11,4652753
ybeDp,12.0,11,0,ACCGCTTCCTTTGTAGCGTT,11,4619090
ybeDp,12.0,11,0,AATTACATATTGACCCGATT,11,4676351
ybeDp,12.0,11,0,AATACAACCGTGACCAATCA,11,4684511
ybeDp,12.0,11,0,AACAATCAACCGGCTCGAGC,11,4612207
ybeDp,11.0,10,0,TGTGGCGGCTGTATAAGTTG,10,4617400
ybeDp,11.0,10,0,TGGGGCGCGCGCTCAGCAGA,10,4656513
ybeDp,11.0,10,0,TGCCGTTCTGGCCCGATCAT,10,4650534
ybeDp,11.0,10,0,TGAGAGCGTGCACTCCGCGC,10,4623200
ybeDp,11.0,10,0,TCTTTGGCTAGACAGGTTGA,10,4668195
ybeDp,11.0,10,0,GGGTTTTAACCAGGAATAGG,10,4648184
ybeDp,11.0,10,0,GGACTTGAGTTAGGACACGG,10,4661663
ybeDp,11.0,10,0,GATCCCTAGTTGCGCCCAGA,10,4634937
ybeDp,11.0,10,0,GACAAATTCAACAATGTGGC,10,4617894
ybeDp,11.0,10,0,CTAGTTGCAGCCCATTATGA,10,4628464
ybeDp,11.0,10,0,CCGGCAGCGCTTTCGCTCAG,10,4672681
ybeDp,11.0,10,0,CCGGATCATTGCGACCGCTG,10,4682326
ybeDp,11.0,10,0,CCGAACATGCACCGGCATGG,10,4636038
ybeDp,11.0,10,0,CCCGGATTGGCTTGTTCACA,10,4673334
ybeDp,11.0,10,0,CATCACTGTCGTACTGATGT,10,4675033
ybeDp,11.0,10,0,CATAGTCAATAGACACTCAC,10,4678661
ybeDp,11.0,10,0,CAGTGTTTAATTCTGCGGGT,10,4624686
ybeDp,11.0,10,0,ATGAGATCATGCGAGTTCTA,10,4603064
ybeDp,11.0,10,0,ATCTGACAGTTCCGGCTGCC,10,4621447
ybeDp,11.0,10,0,AGTGTCCTCTTCTACATTGT,10,4624749
ybeDp,11.0,10,0,ACGATTGTCGTAGTACTCCT,10,4680558
ybeDp,11.0,10,0,ACATCATTGACTATCCACGA,10,4639655
ybeDp,11.0,10,0,AATTGCTTCGCAGCAAACAA,10,4684476
ybeDp,11.0,10,0,AACGGCAAGCCGCCAATAGG,10,4617566
ybeDp,10.0,9,0,TTTACCCCGAATAACATGGT,9,4665618
ybeDp,10.0,9,0,TTGGCAGCCGGTATCAGGAC,9,4617901
ybeDp,10.0,9,0,TGCACTCCGCTTCTCTTCTG,9,4634655
ybeDp,10.0,9,0,TGACACATTTGTACACCGTA,9,4614759
ybeDp,10.0,9,0,TCGGCGCTGGGCATCAATTA,9,4623106
ybeDp,10.0,9,0,TCAACAGGCGGGTATTTCAT,9,4679553
ybeDp,10.0,9,0,TATCCTGCCGACTAGCCATG,9,4663085
ybeDp,10.0,9,0,GTTTCAGCCGTCTCAGTTTG,9,4654086
ybeDp,10.0,9,0,GGGACTATCTTCAAAGACCG,9,4603139
ybeDp,10.0,9,0,GGCGGCCAGGGGCTCCTTTA,9,4639351
ybeDp,10.0,9,0,GGCCCAAGCTTAGATACCAC,9,4632831
ybeDp,10.0,9,0,GCTCCCGCTTGTGAGACTAA,9,4635664
ybeDp,10.0,9,0,GCCGAGGAGGGGAAGTGCGG,9,4641772
ybeDp,10.0,9,0,CGGTTGTTCCTCTAGCGTAA,9,4669141
ybeDp,10.0,9,0,CGACACGATATCGAATCCTA,9,4637009
ybeDp,10.0,9,0,CCCAGCATTAACTTTAGTTC,9,4650955
ybeDp,10.0,9,0,CATAGGCACAGGGAGATAGT,9,4629273
ybeDp,10.0,9,0,ATTCCCTGCGACAATCCGAA,9,4663005
ybeDp,10.0,9,0,ATGCGCCGGCTTCATTATCT,9,4655844
ybeDp,10.0,9,0,AGGCTTCCCACTTTGCCTGT,9,4656767
ybeDp,10.0,9,0,AGCATCTGTAATCTACCACG,9,4633842
ybeDp,10.0,9,0,AGAGGGTAACCGCAAATTTT,9,4667879
ybeDp,10.0,9,0,AGACGGAGTTGTGCACCCTG,9,4618736
ybeDp,10.0,9,0,ACACCCTGAGAGGCCGGCTT,9,4628623
ybeDp,10.0,9,0,AATCTACAATGCGACGCTTG,9,4682807
ybeDp,10.0,9,0,AAGTGGGTCACCTGAATCCC,9,4674628
ybeDp,9.0,8,0,TTGGGTACAATTAAGCCTTC,8,4634685
ybeDp,9.0,8,0,TTGATTGGTCCTTACTTTCA,8,4618122
ybeDp,9.0,8,0,TTCTTGAGATTCCGCTGTTA,8,4688320
ybeDp,9.0,8,0,TGCGCCTGGTGCCCGGCTAA,8,4668290
ybeDp,9.0,8,0,TCGGCCTACTCAACCTGAGC,8,4674066
ybeDp,9.0,8,0,TCCTCTCTTGGACGCAAGTC,8,4624667
ybeDp,9.0,8,0,TCCCGGTTCACACCGCGGTT,8,4660136
ybeDp,9.0,8,0,TATACGCGTTCGAGTTCGAT,8,4642899
ybeDp,9.0,8,0,TACCGTTACCCAGCTCCCGT,8,4668296
ybeDp,9.0,8,0,GTAGTATCAGGTCGCGTTCG,8,4644075
ybeDp,9.0,8,0,GGGTCGCGCGTCTATTAAGG,8,4638010
ybeDp,9.0,8,0,GCCATTAAATCTAAATTAGC,8,4681652
ybeDp,9.0,8,0,GACCCGATCTGGGCGATCCG,8,4609059
ybeDp,9.0,8,0,GAATGATAGGATACAACTTC,8,4628212
ybeDp,9.0,8,0,GAACCCCGGTGGTGGTGATT,8,4643312
ybeDp,9.0,8,0,CTTTCGAAAGTAAGGCTGAG,8,4653525
ybeDp,9.0,8,0,CTCCGTCACACCTAGATCCA,8,4662661
ybeDp,9.0,8,0,CTAGTTCGCCCTCTAGGTAA,8,4611327
ybeDp,9.0,8,0,CGCATCAATTATCTGTTCAT,8,4622478
ybeDp,9.0,8,0,CCCTAGTCATTCGAGTGCAG,8,4646079
ybeDp,9.0,8,0,CCCGTATTCAAAACCTCCTC,8,4623163
ybeDp,9.0,8,0,CCCGACGTTGTGATGTTCCC,8,4639334
ybeDp,9.0,8,0,CAAGTGCTATTATGGCTGAC,8,4673238
ybeDp,9.0,8,0,ATGCGACTGTAGGATCAACT,8,4675613
ybeDp,9.0,8,0,ACTCGGGTACCTGAGCCGGG,8,4681389
ybeDp,9.0,8,0,ACAATGTGGGGGAGTTGTCA,8,4661731
ybeDp,9.0,8,0,AATAGCGTTAAGGCTTCGTA,8,4668222
ybeDp,9.0,8,0,AAGCCTGGGCCGAATCACAA,8,4677818
ybeDp,9.0,8,0,AACCCTTCACCAAAGTCGTT,8,4627076
ybeDp,8.0,7,0,TTATTATACGTGATAGAGGT,7,4668905
ybeDp,8.0,7,0,TTAAGGGTGACGGATCCATC,7,4653328
ybeDp,8.0,7,0,TGTGCTGGAAACCTCACAGT,7,4623885
ybeDp,8.0,7,0,TGAAGGGTTAGCTACTAGCG,7,4606960
ybeDp,8.0,7,0,TCGGCTTTCCTCGGACAAAA,7,4601051
ybeDp,8.0,7,0,TCGAATGAGCGCGCAGAGGC,7,4632207
ybeDp,8.0,7,0,TAATCGTATGGTAAGGACCC,7,4648888
ybeDp,8.0,7,0,GTGATTCCCGTTTTGTTTCG,7,4645201
ybeDp,8.0,7,0,GTAGCTCTGTATAGCGTGGA,7,4621500
ybeDp,8.0,7,0,GGCTCGCTCTCAGTCGCGCA,7,4657645
ybeDp,8.0,7,0,GCTATGCATTCACGAGCAGA,7,4687989
ybeDp,8.0,7,0,GCACACGACTATGCCGCTAC,7,4616735
ybeDp,8.0,7,0,GAGCCCACAGCCTCGGCCAG,7,4626910
ybeDp,8.0,7,0,GAACGACACGATGCGAGATT,7,4641427
ybeDp,8.0,7,0,CTTATCGCGGCATCCCGGAA,7,4619684
ybeDp,8.0,7,0,CTGTTGTTGTAAAACCATAT,7,4610537
ybeDp,8.0,7,0,CGTTTGACGCGTGCTATGGG,7,4664733
ybeDp,8.0,7,0,CGTCTCTTTATCCCAAATAG,7,4662840
ybeDp,8.0,7,0,CGCCCGGTGCCCCGCACAAC,7,4661397
ybeDp,8.0,7,0,CCTCGTCACGGCAATAATCT,7,4651309
ybeDp,8.0,7,0,AGCTACGAGGGTGAGGGACA,7,4637371
ybeDp,8.0,7,0,AACAGTGTGTGCGGTTAGGT,7,4668898
ybeDp,7.0,6,0,TTCAGGCCACCAAATGCGTG,6,4661999
ybeDp,7.0,6,0,TGGCGGGCTATCCTTTTTTC,6,4687281
ybeDp,7.0,6,0,TGAGGATAAAATGGAATATG,6,4682416
ybeDp,7.0,6,0,TCGCACCTCGTACCCTTTTG,6,4629377
ybeDp,7.0,6,0,TATAGTAAACTAGAGACCCT,6,4680982
ybeDp,7.0,6,0,TAGGCGGACTGGTTCCCCCC,6,4660695
ybeDp,7.0,6,0,GTGAGATAATTGTCACCTGG,6,4684413
ybeDp,7.0,6,0,GTAGTGAATGGGCGCCGGCC,6,4654549
ybeDp,7.0,6,0,GGGTGCTGACGCTAAAAAGA,6,4672196
ybeDp,7.0,6,0,GGGACCCCATAGCGTTTCCT,6,4617477
ybeDp,7.0,6,0,GCGACCCACGTAACGACACG,6,4612428
ybeDp,7.0,6,0,GCCGGCCAGCCAGATGAGGG,6,4631866
ybeDp,7.0,6,0,GCACTGGCGGAAGCCCTCTA,6,4670465
ybeDp,7.0,6,0,GACTTGACCGTTTCTGCATT,6,4679579
ybeDp,7.0,6,0,GAATTTGAAGGTTCTCATAG,6,4617685
ybeDp,7.0,6,0,CGGTAGAGTACATGAGACAG,6,4642435
ybeDp,7.0,6,0,CCGGTCAGGATAGACTTCTT,6,4673957
ybeDp,7.0,6,0,CAGAATCAATATGCCTCTCG,6,4632992
ybeDp,7.0,6,0,ATACTACCTGGGCGAACGGT,6,4668486
ybeDp,7.0,6,0,AGGAATAGGGTTGTGGTTAA,6,4652627
ybeDp,7.0,6,0,AGCGCGAAGCGTGAAGGCCC,6,4623506
ybeDp,7.0,6,0,ACTCCGCGCCCCTAAGTGCT,6,4631584
ybeDp,7.0,6,0,ACTATTGTTAGCACGCAATT,6,4632906
ybeDp,7.0,6,0,ACGAATCTCTGGTTGGTTGT,6,4601220
ybeDp,7.0,6,0,ACATGTATAAAGTTATAAGG,6,4653489
ybeDp,7.0,6,0,AATCAGGGTATGGAGACCTA,6,4613131
ybeDp,6.0,5,0,TTCCACCCTATATCCCCCTG,5,4683780
ybeDp,6.0,5,0,TCTTATTGTGGATACGCACA,5,4630153
ybeDp,6.0,5,0,TCGACCAATTCCCGCCCTAA,5,4610878
ybeDp,6.0,5,0,TCAGTCAGTACGAAATTCCG,5,4650866
ybeDp,6.0,5,0,TCAAGCGTAAACCTGGTGGG,5,4622453
ybeDp,6.0,5,0,TACGCAACCCCTTACTTCCA,5,4676571
ybeDp,6.0,5,0,TACACGTTCTACTCTCTCTT,5,4637201
ybeDp,6.0,5,0,GGTGGGACTCTCCGTCATGG,5,4658700
ybeDp,6.0,5,0,GGCTATCTAATCTGCCCAAG,5,4602682
ybeDp,6.0,5,0,GCGGAATATCGACTTTACTG,5,4660958
ybeDp,6.0,5,0,GCGAGTTCCCGATAACTCCC,5,4671718
ybeDp,6.0,5,0,GCCGTTAATTACAAACCCCC,5,4632988
ybeDp,6.0,5,0,GCAGCGTTTAGAACCATATT,5,4612632
ybeDp,6.0,5,0,GATCCAGACAGAAGCGACCT,5,4684369
ybeDp,6.0,5,0,CGTTGAGTTTGGCGTAAAGA,5,4666196
ybeDp,6.0,5,0,CCCGTGGTCGGACGATAAGA,5,4612897
ybeDp,6.0,5,0,AGCTGACTGGAAAATCGGCA,5,4657318
ybeDp,6.0,5,0,AGCACGAACCTGGGGCCGGT,5,4652265
ybeDp,6.0,5,0,ACCCTTGTCGATTGGGACTG,5,4667895
ybeDp,6.0,5,0,AACGCTAACGCAAATGCACT,5,4666445
ybeDp,5.0,4,0,TACTTTTAGGGGTAAACGCT,4,4640645
ybeDp,5.0,4,0,TACGCATAAAGTCTAGAAGG,4,4610023
ybeDp,5.0,4,0,GGGAGGGTTTAGTGAGGAAA,4,4601898
ybeDp,5.0,4,0,GGCGCCCGAATGCAGGAAAT,4,4674954
ybeDp,5.0,4,0,GAATCACTAACGATTAGCCA,4,4618386
ybeDp,5.0,4,0,GAAGGAACGACGTAACCCGT,4,4625517
ybeDp,5.0,4,0,CTTGTATGAGAACTCTATGG,4,4673436
ybeDp,5.0,4,0,CTTGCAGGCTGCGTGAAGGT,4,4607224
ybeDp,5.0,4,0,CTTACCTTACCGTTGAGAAC,4,4672804
ybeDp,5.0,4,0,CGTTGTTCCGGCGCGCCGAA,4,4672390
ybeDp,5.0,4,0,CCCTTGTTTTCTATGAGATT,4,4615346
ybeDp,5.0,4,0,CCCTAACCCGGTAGTTCTCT,4,4613037
ybeDp,5.0,4,0,CCCCTGACAATATACCGACC,4,4634749
ybeDp,5.0,4,0,CATAAAAAGGGGGGCATTCA,4,4628777
ybeDp,5.0,4,0,ATCGAGAATGTGGCAGCTCG,4,4653930
ybeDp,5.0,4,0,ACGGCGCTTCCTCACATTTC,4,4679370
ybeDp,5.0,4,0,ACGGATATTCGATGGGTTGA,4,4658029
ybeDp,5.0,4,0,AATTGGGGGTCGTAATCCCC,4,4638939
ybeDp,5.0,4,0,AATGCTATAGTGGGCCTTGA,4,4687897
ybeDp,5.0,4,0,AAGCATTACAGAGGGACTGA,4,4655377
ybeDp,5.0,4,0,AAACCACAGGTATTCATGTG,4,4616981
ybeDp,4.0,3,0,TTGTCTGCCATCCGTTACAT,3,4676098
ybeDp,4.0,3,0,TTATATATTGTCTCCATGCA,3,4626720
ybeDp,4.0,3,0,TTAGCCGTTTAAAACGGACT,3,4661693
ybeDp,4.0,3,0,TGTCGTCACTCCTTAGACCC,3,4674236
ybeDp,4.0,3,0,TGTATAGGCTCTCCTCTAAA,3,4624229
ybeDp,4.0,3,0,TATTTTTTTAAGCTCCCCTC,3,4675317
ybeDp,4.0,3,0,TAGGGAACTGCGCCCTGATA,3,4681133
ybeDp,4.0,3,0,TAGCGCGGAAGGTTACTCTG,3,4633778
ybeDp,4.0,3,0,GCGATTGTGCGGTATTTGAA,3,4644353
ybeDp,4.0,3,0,GATAGTGCAAGTAGGATTAG,3,4607164
ybeDp,4.0,3,0,GACCGATCTTAAGGGGTACA,3,4688241
ybeDp,4.0,3,0,CTTGGTTCAGCCCGGTGCGC,3,4619265
ybeDp,4.0,3,0,CTTAGCGGGTCAAGTCTTTG,3,4661791
ybeDp,4.0,3,0,CTCGGGCCAGCGCGGCCTTA,3,4634555
ybeDp,4.0,3,0,CGTTAAATTCTATACCACGA,3,4673261
ybeDp,4.0,3,0,CCGTGTGGCCCAAGGGCATT,3,4675834
ybeDp,4.0,3,0,CCATCTAGCTGGAGTATATG,3,4639614
ybeDp,4.0,3,0,CCAGCGCCCCTAATGTGAAG,3,4647964
ybeDp,4.0,3,0,CATTTAGAAAAATACGAGAT,3,4639529
ybeDp,4.0,3,0,CAGAAGGGGGGCTCGCGAGA,3,4688439
ybeDp,4.0,3,0,CACCTGGCCGCTTCCCTTCT,3,4612048
ybeDp,4.0,3,0,CACCGGGCAAGAAGATAGAA,3,4606010
ybeDp,4.0,3,0,CAATTGCTCATCCTCTGTTA,3,4658132
ybeDp,4.0,3,0,ATCAACTATGATTGTGTAAC,3,4645791
ybeDp,4.0,3,0,ACTGCAGGAGAATTCTACTT,3,4666989
ybeDp,4.0,3,0,ACGCTATTTCCTGGCGTACA,3,4603991
ybeDp,4.0,3,0,ACAGCCGATTACCCGAGTCA,3,4671092
ybeDp,4.0,3,0,AATCCCTCCGCTATCAGATT,3,4645019
ybeDp,4.0,3,0,AACTGGTGCTTGGTGCTAGG,3,4613099
ybeDp,3.0,2,0,TTGAGAGCGCTTCACTTGTG,2,4674050
ybeDp,3.0,2,0,TGGCATAGAGATGCGCTAGA,2,4665271
ybeDp,3.0,2,0,TCTCCTTACGCTAACAATCG,2,4622386
ybeDp,3.0,2,0,TCGGTGTAAGGTTACGAGGC,2,4684422
ybeDp,3.0,2,0,TCCCCAAGCGCCCAGGTGGA,2,4611863
ybeDp,3.0,2,0,TATCAGGCTGCTTTTTATGT,2,4658470
ybeDp,3.0,2,0,TATCAGCAGTGCTGCTCGTC,2,4634570
ybeDp,3.0,2,0,TAGGTGGGAGAGAATCGGTA,2,4672490
ybeDp,3.0,2,0,TAAAGCCGTCTCCTCACTAT,2,4604517
ybeDp,3.0,2,0,GTGGAATTCATCGACGGCCT,2,4617097
ybeDp,3.0,2,0,GGAAGCTGAAAAGTCGAGCA,2,4621511
ybeDp,3.0,2,0,GCCACATGTCATTGAACAAT,2,4658406
ybeDp,3.0,2,0,GCAAGGGCATAATTCAAAAT,2,4608700
ybeDp,3.0,2,0,GACGTATACGGGCTTAAACC,2,4602096
ybeDp,3.0,2,0,GACATCAAGAAAGAGAACTG,2,4622334
ybeDp,3.0,2,0,GACAATGTGTCCAGTCGTTG,2,4679593
ybeDp,3.0,2,0,GAATTTGTTGGATGTTGAGA,2,4625542
ybeDp,3.0,2,0,GAATTTACAGGAGTTATTGA,2,4685030
ybeDp,3.0,2,0,CTTACATTCCGCAGTGAACA,2,4619574
ybeDp,3.0,2,0,CTGGACTTTGCCGCCATCTT,2,4614834
ybeDp,3.0,2,0,CTGCATACGATTCCACCGCT,2,4652050
ybeDp,3.0,2,0,CTCTCTAATTCAGCATATCA,2,4640535
ybeDp,3.0,2,0,CTCGAGTTAAAAGGCTGCAC,2,4683106
ybeDp,3.0,2,0,CGTGGGCGTTGTGAGAGGTC,2,4614952
ybeDp,3.0,2,0,CGACGATCAGCCACAGTACA,2,4676249
ybeDp,3.0,2,0,CCTTAACAGAAATTGGATGA,2,4647952
ybeDp,3.0,2,0,CCGAGCGGTCTTGGGGATTA,2,4616687
ybeDp,3.0,2,0,CATTTCCGCTGACTTAAATG,2,4651345
ybeDp,3.0,2,0,ATGTCCTAACCTGTTCTGGT,2,4680287
ybeDp,3.0,2,0,ATCTTCCGGGATCCACCAAC,2,4650498
ybeDp,3.0,2,0,ATCATTTAGCTGTGGCTTAA,2,4642240
ybeDp,3.0,2,0,AGTCGCGCTAGGATCAGTAG,2,4684745
ybeDp,3.0,2,0,AGCGCTATAGACGATCGGTA,2,4665023
ybeDp,3.0,2,0,AGCCCGCTGACCCGAGCACT,2,4637855
ybeDp,3.0,2,0,AGACACGTTCCGGCCATACC,2,4647140
ybeDp,3.0,2,0,AGACACGGTCCCTCAAAGGG,2,4621740
ybeDp,3.0,2,0,ACCACAAAGCTCAAGCGCAA,2,4605876
ybeDp,3.0,2,0,AATCGCTAGGTCTCCCCCTT,2,4676986
ybeDp,3.0,2,0,AAGAGGGTGCCGGGTACTAC,2,4673113
ybeDp,3.0,2,0,AACCAGGTTATGCAGTCGTG,2,4649429
ybeDp,3.0,2,0,AAATAGTTGATTTGCGGGTT,2,4613014
ybeDp,2.0,1,0,TTTTCATGCGCAAGGGTCGG,1,4665969
ybeDp,2.0,1,0,TTTATTCACGCTTGAACCTT,1,4635602
ybeDp,2.0,1,0,TTTACGTGGTCTAGCTCCCT,1,4642908
ybeDp,2.0,1,0,TTGGGCTAGCTAGTCGTTGT,1,4679438
ybeDp,2.0,1,0,TTGCGTTCGCTGACTTGTGA,1,4669652
ybeDp,2.0,1,0,TTGCCAGCCACGCATGTAGG,1,4639275
ybeDp,2.0,1,0,TTGATGGTCAACGACGCGTA,1,4658413
ybeDp,2.0,1,0,TTGACTAAAGCATTGCTCTA,1,4671093
ybeDp,2.0,1,0,TTACCGAATCGTCCGCTCGC,1,4685749
ybeDp,2.0,1,0,TTACAGTTTCACGAACGCCC,1,4633703
ybeDp,2.0,1,0,TGTTGATACCCTCATTCTTT,1,4669651
ybeDp,2.0,1,0,TGTGGTCCCGGGATCCTTAT,1,4636911
ybeDp,2.0,1,0,TGTAAGTAATTAGGGCCTTG,1,4603260
ybeDp,2.0,1,0,TGGCAGGTCTGCGAACTCTA,1,4677814
ybeDp,2.0,1,0,TGCTTAATTCCTCCTGATAC,1,4680801
ybeDp,2.0,1,0,TGAGGCCAGCTGCCTTCCTT,1,4662421
ybeDp,2.0,1,0,TCGTAATGCATCACCGCGCC,1,4608043
ybeDp,2.0,1,0,TCGTAAGAGTATGTCGTGTA,1,4604296
ybeDp,2.0,1,0,TCATATCTTGACCGTCCAGG,1,4632336
ybeDp,2.0,1,0,TCACGAATTACAAGGCGGGG,1,4645502
ybeDp,2.0,1,0,TAGCGAGTTACGCAATAGGT,1,4608425
ybeDp,2.0,1,0,TAGAGACTGATGTGATCCTG,1,4682267
ybeDp,2.0,1,0,TAAACCGATAAGCCGGTCAT,1,4681820
ybeDp,2.0,1,0,GTTTCGCCGGTGGAATCAGC,1,4604225
ybeDp,2.0,1,0,GTGCGCCGTTTTTATTGAGT,1,4676951
ybeDp,2.0,1,0,GTCGAAAAGCCCCTGCGGCT,1,4609381
ybeDp,2.0,1,0,GTCAGTACTCGATTCCTCCA,1,4655741
ybeDp,2.0,1,0,GTATGGGTTAAGGGAAGAAT,1,4680652
ybeDp,2.0,1,0,GTATGAGTTCATCTTAACCT,1,4648368
ybeDp,2.0,1,0,GTACATACATTGGTAACCAT,1,4660276
ybeDp,2.0,1,0,GGTTAATGGTGGGACAAGAA,1,4679573
ybeDp,2.0,1,0,GGGTTCAGATTGCCGTATGC,1,4616040
ybeDp,2.0,1,0,GGGCCGAGGCGTCTTCCTCT,1,4663970
ybeDp,2.0,1,0,GGCCCATTGATGAGCCTATT,1,4612424
ybeDp,2.0,1,0,GGAAGGAACGTTAGGCAAGG,1,4611328
ybeDp,2.0,1,0,GGAAAACTAGCTGGTACGCG,1,4680947
ybeDp,2.0,1,0,GCTTAGAACAAGTTGTGCCT,1,4614091
ybeDp,2.0,1,0,GCTGGGGCCGCAGACGATGC,1,4625643
ybeDp,2.0,1,0,GCTGCTCATCCGTAGATCCA,1,4677225
ybeDp,2.0,1,0,GCTAACAGGTCTGTCCGTTA,1,4671752
ybeDp,2.0,1,0,GCGGATTCAGTGGCAATTTT,1,4650703
ybeDp,2.0,1,0,GCATGGTAAAGCGTCTAATC,1,4630977
ybeDp,2.0,1,0,GCAGAAGGAAGACTCGTCGA,1,4684234
ybeDp,2.0,1,0,GATCTCCTCGTTTCTACAAA,1,4629174
ybeDp,2.0,1,0,GATCTCCGTATCCTCTAATA,1,4629213
ybeDp,2.0,1,0,GATCAATCCCATGCCAGGGA,1,4624297
ybeDp,2.0,1,0,GACGGGGCACCTCGCCCTTT,1,4653416
ybeDp,2.0,1,0,GACGGGCGTATGATTGAATA,1,4604042
ybeDp,2.0,1,0,GACCGAACGTGCAAGTTCCT,1,4627494
ybeDp,2.0,1,0,GAAAGGGGCTCAATGGCGAA,1,4656819
ybeDp,2.0,1,0,CTTCACGAGGTGTTTAGTAT,1,4609324
ybeDp,2.0,1,0,CTGTCCCTCCCCCATTCCCA,1,4658593
ybeDp,2.0,1,0,CTGACCAGTAGACTCAATGA,1,4660502
ybeDp,2.0,1,0,CTCGAGTTCGATACTCCACA,1,4649085
ybeDp,2.0,1,0,CTCACACAATTTGCGACGCG,1,4678297
ybeDp,2.0,1,0,CTACGGTGGACACCGATGGC,1,4650519
ybeDp,2.0,1,0,CGGTTCATCAATAACCGACG,1,4646601
ybeDp,2.0,1,0,CGGGCATGTCCCCAAAGGCA,1,4667921
ybeDp,2.0,1,0,CGCGGTGGGTCATATTCTCT,1,4605310
ybeDp,2.0,1,0,CGCCCTGACGGCGACCTAGG,1,4687206
ybeDp,2.0,1,0,CGACCTGTCTTGCGTCGAAA,1,4618630
ybeDp,2.0,1,0,CCTTCCCCTTATATATACAA,1,4613319
ybeDp,2.0,1,0,CCGTCACTGGAGTAATTCTA,1,4668294
ybeDp,2.0,1,0,CCGCAAATAAACGGGTGGGC,1,4658516
ybeDp,2.0,1,0,CCCTTAAGGATGGTCCCTAC,1,4647677
ybeDp,2.0,1,0,CCCGTCCCGTAGCGGCGTCT,1,4667631
ybeDp,2.0,1,0,CCCGCTAATAATCTTAGGGT,1,4632032
ybeDp,2.0,1,0,CCCGCGTCATCTAGACGAAC,1,4653801
ybeDp,2.0,1,0,CCCATCGTACGTAAATCATC,1,4630617
ybeDp,2.0,1,0,CCATTGATTCGTGCCAGATT,1,4612329
ybeDp,2.0,1,0,CCATATCGTATTGTAAGGCA,1,4651999
ybeDp,2.0,1,0,CCAGTACTTCGGATATCTAG,1,4608961
ybeDp,2.0,1,0,CATGAACCGGGTAACTCCCT,1,4686762
ybeDp,2.0,1,0,CATCAAAAACAGCTCACCCT,1,4602783
ybeDp,2.0,1,0,CAGACTCCATCACGAAAGAG,1,4680619
ybeDp,2.0,1,0,CACAATCACCGGCCCTTCTC,1,4681914
ybeDp,2.0,1,0,CAATGAACTGATGTGTATGC,1,4650224
ybeDp,2.0,1,0,ATGAACGTGCGTTATTACAA,1,4649743
ybeDp,2.0,1,0,ATATCGGATTCTCAATAAGC,1,4666863
ybeDp,2.0,1,0,ATACGGTGTCAATAGACCAC,1,4620013
ybeDp,2.0,1,0,AGGACATGACGCGAGCTTAA,1,4646046
ybeDp,2.0,1,0,AGCTGTGTAATTCAGCCGTT,1,4606766
ybeDp,2.0,1,0,AGCCCGGAAGGAGCGACTAT,1,4651035
ybeDp,2.0,1,0,AGCAGCTTTTCCTTCTCGAC,1,4651640
ybeDp,2.0,1,0,AGCAAGCGGGGACCTGCCAA,1,4657805
ybeDp,2.0,1,0,ACCGTTAAAGAGCTCCCGGG,1,4649500
ybeDp,2.0,1,0,ACCGCCTAGCCCTGTTAGCA,1,4672471
ybeDp,2.0,1,0,ACCCGAGGCCGACCTATGAA,1,4601463
ybeDp,2.0,1,0,ACATAAGGTTACGCTCCCCT,1,4668810
ybeDp,2.0,1,0,ACAGTTTTGCTGGCACTTCT,1,4615972
ybeDp,2.0,1,0,AATCGAGGGGGGTAAACTAC,1,4601325
ybeDp,2.0,1,0,AAGTCTCGCTTCCTTCTCCG,1,4646395
ybeDp,2.0,1,0,AAGCTAGCCGCAGCGCAGCG,1,4652257
ybeDp,2.0,1,0,AACGCGTAACATTAGCCTCT,1,4676544
ybeDp,2.0,1,0,AACAAACCAATCCCATATAG,1,4667177
ybeDp,2.0,1,0,AAACGCGTCTTGGGTCTACT,1,4634699
