name,relative_counts,ct,ct_0,barcode,ct_1,barcode_ind
gyrAp,167.8,842,4,ACCGTAGGGTACAATATAGA,838,1746808
gyrAp,40.92857142857143,585,13,GTTTTGCTCCAGCCGGAGGC,572,1746050
gyrAp,35.61538461538461,474,12,CCCAAGTGCTTAGGGCAAGA,462,1741579
gyrAp,210.0,420,1,TTATTTCCACCGAGTAACGG,419,1750741
gyrAp,33.1,339,9,CCGAGTTTGTGGCACAAGCA,330,1749131
gyrAp,61.6,311,4,GTGGCAGCATGCATGGATAA,307,1758254
gyrAp,73.5,296,3,TAATAGAACTGTTCCATGCT,293,1767961
gyrAp,35.875,293,7,GCCTCCCCCGGGCGCTATAC,286,1757966
gyrAp,87.0,262,2,ATATGAAAGGTTGCTCTATG,260,1767721
gyrAp,120.5,241,1,AAGCTACGGGGCGTCCGGGG,240,1748403
gyrAp,31.0,222,6,AACGAGCTCCGTTCGTCCTA,216,1754530
gyrAp,107.5,215,1,CGCTCCACAAAACTGCCCAA,214,1768239
gyrAp,71.0,214,2,GTTAGTAGCTTTGCCAATAA,212,1761748
gyrAp,105.5,211,1,CGTCAGCTGTAGACTCGCTA,210,1749793
gyrAp,22.555555555555557,210,8,GACCTGTTGTTAGGCAGGTG,202,1765105
gyrAp,100.5,201,1,AAACGAGCTGTCGGAACAGA,200,1769220
gyrAp,100.0,200,1,AGTGATTAGCGCCCTGGAGC,199,1747023
gyrAp,99.5,199,1,CACTCGGCGCAATTAGAGTT,198,1755107
gyrAp,38.8,197,4,TCGGGAGCCACCGTTGTGAG,193,1741508
gyrAp,38.0,193,4,CTGATAAGAGAATGGAGCCC,189,1756214
gyrAp,25.285714285714285,182,6,TAATATGTCCATCTCTCCGT,176,1757343
gyrAp,28.833333333333332,177,5,ATTGGGCTGCCATTCCGCAA,172,1754653
gyrAp,34.2,174,4,CCGTGGGGCGAATATCAGTG,170,1756690
gyrAp,42.5,172,3,TTTTAAATGTTCAAATCTTA,169,1741624
gyrAp,56.0,169,2,CTTTCTGTAATTAGCCCCCA,167,1743829
gyrAp,42.0,170,3,CTTCGTAAGTTCATGAATCA,167,1744061
gyrAp,56.0,169,2,CTCCGGGGGTTACATACGCA,167,1760089
gyrAp,83.5,167,1,AGCCGTTGTCATGCTCGTGG,166,1758857
gyrAp,14.454545454545455,168,10,GTAGGGCGAGACTGCGATGT,158,1750472
gyrAp,26.333333333333332,162,5,CAGTGACAGTGTTGCCATAG,157,1758161
gyrAp,78.5,157,1,AGCCTATAAGGCACGCTGGG,156,1754820
gyrAp,19.5,162,7,GGCTTTGTAAGTGTTGTCCT,155,1754527
gyrAp,19.125,159,7,TCACGCAAGACATGGTAACT,152,1752018
gyrAp,38.0,154,3,CAAGGGCAACCATGTGGGTC,151,1742397
gyrAp,75.0,150,1,TGGTGGTCAGTACTGGAGAT,149,1750538
gyrAp,50.0,151,2,AAATAAAATACCTATCAAGA,149,1767074
gyrAp,16.555555555555557,156,8,TAATGGGAGCAGAGCATTAT,148,1753258
gyrAp,29.8,152,4,CAAAGAACTTACCAGTCGCT,148,1765589
gyrAp,49.0,148,2,TTCACGCCCCCCACTAGATG,146,1749702
gyrAp,73.5,147,1,GGGCAAGTAATCCAGGACGC,146,1746871
gyrAp,73.5,147,1,ACTCGAAGCAATAGAAACCT,146,1767729
gyrAp,73.0,146,1,CCCCTCAGTCATGGAACGCG,145,1754269
gyrAp,73.0,146,1,AGACTCGGGTTTTGTGGAAA,145,1768947
gyrAp,72.0,144,1,AGGAACTCATTCCAAGTCAG,143,1745159
gyrAp,17.625,147,7,GCATCTGCGCTGCAGAATGT,140,1752595
gyrAp,35.0,142,3,GTCGGGCCTCATGTGACAAC,139,1750683
gyrAp,11.666666666666666,150,11,CTCTAAGCCCGTGCATCTGG,139,1758678
gyrAp,28.0,143,4,CACCAGGTGTGTAGATTCAT,139,1749627
gyrAp,70.0,140,1,ACAAACAATGTCCGTGCGGT,139,1747114
gyrAp,46.0,139,2,CGGTTCCGATCCAAGAACTT,137,1754651
gyrAp,46.0,139,2,AGGTGCCTTACGGTACCGTG,137,1769799
gyrAp,68.5,137,1,GAAAGCTTCGGAAGCCCCTG,136,1747445
gyrAp,45.333333333333336,137,2,GGCTCCGCTTACCGCGTCAT,135,1767966
gyrAp,45.0,136,2,TACGTCGGTCAGGAATGTTA,134,1747991
gyrAp,26.6,136,4,GCCTCAGCATGGGTGATCTC,132,1769463
gyrAp,66.0,132,1,TACGAGCCGAAAGGCCTGGT,131,1756662
gyrAp,43.333333333333336,131,2,TGCTTGACTCATGACCCCCA,129,1746289
gyrAp,43.333333333333336,131,2,ATTCCAAGATTCTTTGTCGT,129,1755337
gyrAp,42.666666666666664,129,2,ATTTCCCAAAGTCACATTCT,127,1748723
gyrAp,15.875,133,7,TGTGGGTCCGCATTTTATTG,126,1749187
gyrAp,63.0,126,1,GTCGGACCCGGTATCAACTG,125,1763927
gyrAp,41.666666666666664,126,2,ATCCGATATGCATAGCGGTA,124,1747026
gyrAp,62.5,125,1,AAGTTTGTGGACATGCGGCA,124,1766995
gyrAp,31.0,126,3,TTACGTGCTTAACAACCCTC,123,1769300
gyrAp,62.0,124,1,GGGTAGCAGATTTAGTTCAA,123,1751822
gyrAp,62.0,124,1,AACCTCGCAATGAATGAACT,123,1750714
gyrAp,13.666666666666666,130,8,CACACGTCAGTGTCACTCTA,122,1741535
gyrAp,40.333333333333336,122,2,TTCTGATGTGACTTCCGACA,120,1741655
gyrAp,60.5,121,1,CCCTCTAGTGGTTAGCCTAA,120,1755952
gyrAp,60.5,121,1,AATGGATCGGCTAAATTAGA,120,1753354
gyrAp,15.0,126,7,TCAGGACGATGAGTTGGAGG,119,1759880
gyrAp,24.0,123,4,ATTCGGGCATACGCAAAGGA,119,1759781
gyrAp,39.333333333333336,119,2,GAAATTAAGCCTTTGCGCAA,117,1744415
gyrAp,14.625,123,7,ATGAATGGTCTATCCAGTCA,116,1742888
gyrAp,19.333333333333332,120,5,AAGGTTAGCGTACCACTCAT,115,1755480
gyrAp,57.5,115,1,TCTGCAGCCGTGGCCACGAT,114,1763160
gyrAp,57.5,115,1,GATGCGACACAGGACCTGAG,114,1763332
gyrAp,57.0,114,1,GCTGCATGCTGTTTCGATTG,113,1748314
gyrAp,37.666666666666664,114,2,GTTTTACGCAAGCGATCCCC,112,1758493
gyrAp,56.5,113,1,GATTCGTCCATATGGTTTGA,112,1746782
gyrAp,37.333333333333336,113,2,TTCGAGATACGCAAATTTTC,111,1747742
gyrAp,56.0,112,1,GTAAGTGAGCTGTATGTTAA,111,1761098
gyrAp,56.0,112,1,CGTCCGGGAGCTGTATCCAT,111,1758525
gyrAp,55.5,111,1,ATGGTCAACCAGGTGTTGAG,110,1760561
gyrAp,10.0,119,10,TCGTTCTTAGTATGTGCTAA,109,1741993
gyrAp,18.333333333333332,114,5,GAAGTCCGCAGTGTTACCTT,109,1761953
gyrAp,22.0,113,4,CTATGGAAACAGCCAGTAGA,109,1766110
gyrAp,36.333333333333336,110,2,GCCAACCCTCGTATTTCTTT,108,1764417
gyrAp,15.571428571428571,114,6,ATGCTTACGGTCAGTGTTGC,108,1748161
gyrAp,27.0,110,3,GTAGTGGACGTTCAATCAAA,107,1744122
gyrAp,53.5,107,1,GGGGGCGCTAAAACTTCACT,106,1741759
gyrAp,35.666666666666664,108,2,CCATGTCTCCCTAGACTCTT,106,1756006
gyrAp,53.5,107,1,AGCATCGTCCTGTCTCGCGT,106,1758757
gyrAp,35.333333333333336,107,2,GGTTTACTTCATTCTTCAAG,105,1764281
gyrAp,53.0,106,1,AACACACCGAAAGCGTATCT,105,1750967
gyrAp,35.0,106,2,GTTGGTACGACTTACATGCA,104,1766600
gyrAp,52.5,105,1,GAAATGTTATTTCGGCTTCT,104,1743642
gyrAp,52.5,105,1,CCACTCAAGCGGATCAGCTA,104,1745642
gyrAp,51.5,103,1,GGCCTATTATCACAAACTTC,102,1741587
gyrAp,14.714285714285714,108,6,GCGTCCCATTCAAGTCGTCA,102,1754753
gyrAp,14.571428571428571,107,6,CTATCCGCTAAAGAGTACCG,101,1742607
gyrAp,20.2,104,4,TCAGAGCTCTATAGATGTTT,100,1754520
gyrAp,25.25,103,3,TACTGTACTCCGCAGGACGG,100,1754908
gyrAp,50.0,100,1,ATGTTAAACACATTTTCTGA,99,1759599
gyrAp,33.0,100,2,TCCGACCGCTCCCACTACAT,98,1761414
gyrAp,8.25,109,11,CTGGTGTAGTCTCGGGGGGA,98,1743950
gyrAp,9.0,108,10,CCCGTAGAGGGTGAGAGCCA,98,1757141
gyrAp,49.5,99,1,AAAATCGAGACAGGGCGTCC,98,1745756
gyrAp,19.6,101,4,GCTCTGAGGCCGGGAACGAT,97,1762914
gyrAp,19.6,101,4,CTATGACATATCCTTCACGT,97,1744239
gyrAp,12.125,103,7,CCCTATAAAAGGCAGCAAAA,96,1759046
gyrAp,19.4,100,4,ATTCGGGTGATGGTAGAGAT,96,1753833
gyrAp,32.333333333333336,98,2,ATGACAATGGTTCAAACAGT,96,1741511
gyrAp,24.0,98,3,TATGGTTTGCCCTTAACTTT,95,1768675
gyrAp,12.0,102,7,ATTCATCTTTATTACCTATA,95,1747677
gyrAp,48.0,96,1,ATCCGTGCGCGAAGGCTTAT,95,1755465
gyrAp,31.666666666666668,96,2,TTTTAATTTCCCATGACCAC,94,1759796
gyrAp,31.666666666666668,96,2,TATGATGAACACACGGACGT,94,1758897
gyrAp,31.333333333333332,95,2,TCTGCTGCAGAGGGCACATT,93,1748189
gyrAp,31.333333333333332,95,2,CCCGCGGTTAGTTACGCACT,93,1752675
gyrAp,47.0,94,1,CATCCTGTTCGACGGATGAG,93,1756840
gyrAp,31.333333333333332,95,2,ACCTGGGATCTCTAAGTACT,93,1745859
gyrAp,46.5,93,1,CGGAACGTAGCACTTTAAAA,92,1762242
gyrAp,23.0,94,3,TTTCAACCGGCCGTCGGGAA,91,1767052
gyrAp,30.666666666666668,93,2,GCGCTGGTCAGGATGTACGG,91,1745465
gyrAp,18.4,95,4,CAATGCTATAGAACAGTAAC,91,1745965
gyrAp,10.222222222222221,99,8,CAAAGAGTAGGGCGAGCGCC,91,1763601
gyrAp,45.5,91,1,CCGCGCATGCGGGGATTCTA,90,1758866
gyrAp,45.5,91,1,ATATGGTGACACAAAAGTGT,90,1762854
gyrAp,45.5,91,1,AGCTCCTTAGTTTCGCTTCT,90,1743058
gyrAp,18.0,93,4,GGATGGAATTCCTTCTAGTT,89,1752142
gyrAp,45.0,90,1,GCACGTATACGACAAATGAT,89,1753113
gyrAp,22.5,92,3,GATGACTGACGCAGCGGTGT,89,1743310
gyrAp,15.0,94,5,CTCAACATTACTGGGAGTCG,89,1741913
gyrAp,45.0,90,1,CGCGTTGCGTGTTTAGATGC,89,1760789
gyrAp,45.0,90,1,CCACTTCTGTACAACGACAA,89,1748103
gyrAp,22.25,91,3,CACGATCAATAGAGTCGTAT,88,1744324
gyrAp,22.25,91,3,ATTGGTACCTAAAGGAATTG,88,1742636
gyrAp,29.666666666666668,90,2,ACGCCTAGCCCAACGCTAGT,88,1761443
gyrAp,29.333333333333332,89,2,CAGGCCAAAAGCCTATCGAC,87,1758763
gyrAp,43.5,87,1,TATTTCGGTGTTTCGAACTA,86,1743921
gyrAp,21.75,89,3,TAGGCATACTTTAGGCTGAT,86,1765484
gyrAp,28.666666666666668,87,2,TCGAGCGTCTTGCGATGTGC,85,1763319
gyrAp,43.0,86,1,TCCCTTCTCATCATCAAACA,85,1747001
gyrAp,14.333333333333334,90,5,GTGTGGCACCGACCATTGAG,85,1765508
gyrAp,12.285714285714286,91,6,GAAAACCCACAGATGTCTTT,85,1758520
gyrAp,28.666666666666668,87,2,CTGATCTAACAGGCCGCGAT,85,1745112
gyrAp,17.0,88,4,GTAAGCATTAGTAGTGGGCA,84,1747024
gyrAp,28.333333333333332,86,2,ACAATTGATCAGTATTCTTA,84,1766013
gyrAp,21.0,86,3,TCGACGGGGAGCAATTAGAG,83,1768944
gyrAp,42.0,84,1,GTGCAAAAGGTGCTTCAGTT,83,1757122
gyrAp,21.0,86,3,GTCTAACTGATCGGATGACA,83,1767658
gyrAp,42.0,84,1,GGCATCACGTTTGGGCTCCC,83,1746345
gyrAp,10.5,90,7,AACGTGGGTGCAATTTCGTG,83,1768312
gyrAp,41.5,83,1,TTGGAACCTACTCGAAAATA,82,1748216
gyrAp,9.222222222222221,90,8,GGGTGCATCCCTTTATGAAT,82,1768138
gyrAp,41.5,83,1,GCGAAATTTCAAGCCCACCC,82,1750340
gyrAp,10.375,89,7,CTAAGCACCTCGTTAGGGAT,82,1762930
gyrAp,41.5,83,1,CAATAACTGTTTTCAAGTGT,82,1758886
gyrAp,41.5,83,1,ACTCAGTATAACCTTCAAGA,82,1769517
gyrAp,16.4,85,4,TTGGGTTTTTCAGGACCTCA,81,1747890
gyrAp,11.714285714285714,87,6,TCCGGTGATCATCTGTTCTT,81,1765844
gyrAp,41.0,82,1,TAGCCCATCTTTGATTGTCT,81,1750131
gyrAp,41.0,82,1,GAATGCCTAGGAAGTGACAT,81,1766495
gyrAp,41.0,82,1,CTCATTTGATGGCATTAGTG,81,1756028
gyrAp,41.0,82,1,CCCGTCATGGCGCAGTATCT,81,1756815
gyrAp,10.25,88,7,CATAGTTAATTAATGATTGG,81,1770295
gyrAp,41.0,82,1,CAGGCAGCGACTTCCTCAAT,81,1752503
gyrAp,40.5,81,1,GTTACCTGTATATTGGACAG,80,1758767
gyrAp,40.5,81,1,GTATTATCCCTGAACTATTT,80,1743933
gyrAp,40.5,81,1,GAGGTCACGTGGTTATATTA,80,1754166
gyrAp,6.75,91,11,CGGCGTCGGGGGATGGGACT,80,1761405
gyrAp,16.2,84,4,AATACAGCCTTCGTCCAGAA,80,1742021
gyrAp,20.0,82,3,TGAAGCAGCTGACGATAGGA,79,1743193
gyrAp,40.0,80,1,GGTCCGAAACTAAGGTAAAT,79,1760408
gyrAp,40.0,80,1,CATACGAGCCCCTTCCATGC,79,1750533
gyrAp,8.0,88,9,ATTTCGGCCCTTTAGAGTTT,79,1758699
gyrAp,20.0,82,3,AGCAATCAGCTCGACTACTG,79,1770398
gyrAp,3.8095238095238093,99,20,AGAGTCCGCCAAGCGTGTCA,79,1765923
gyrAp,7.9,87,9,TGAGTTGAACGACACATGAA,78,1769299
gyrAp,39.5,79,1,TCTTGGACATAAATCGCTCA,78,1755774
gyrAp,13.166666666666666,83,5,CTATGTAAGCCGGATTCCGA,78,1748389
gyrAp,15.8,82,4,ATATATACCTAATGCTCTTT,78,1748686
gyrAp,26.333333333333332,80,2,ACGTGCGAGCTCATAATATT,78,1763139
gyrAp,26.333333333333332,80,2,AATCTCGGTTTCAAATCCGT,78,1755341
gyrAp,39.5,79,1,AACCGGCTCATGCGCTTCTG,78,1759199
gyrAp,19.5,80,3,TGGGCCGACCCGACTTGACT,77,1746062
gyrAp,19.5,80,3,TGCCTTAGGGGTGTTGATCG,77,1755784
gyrAp,39.0,78,1,CTGACTGACGCGGACTGCTG,77,1751268
gyrAp,26.0,79,2,CATGAGCCCGGAAAGCGCTA,77,1762396
gyrAp,38.5,77,1,GTGCGATCCGGCTTCGGTTA,76,1751066
gyrAp,25.666666666666668,78,2,GGGCTGAATGCAAGTCCGAA,76,1744921
gyrAp,25.666666666666668,78,2,CAGCGCGAGGTTAAATTCTA,76,1743102
gyrAp,38.5,77,1,ACGTTTAATGTTCAGCCCGC,76,1755163
gyrAp,19.25,79,3,AAATGGGAACGGGCCTTGGG,76,1744653
gyrAp,10.857142857142858,81,6,GACTGGGCCATGAGGGCATA,75,1754996
gyrAp,19.0,78,3,GAATTGCTAGGTTAAGGTGT,75,1742962
gyrAp,12.666666666666666,80,5,CGTTCACAACCGTTTCTGCA,75,1742106
gyrAp,25.0,76,2,TTGTCTCATAGCGCAGTTGG,74,1762963
gyrAp,9.375,81,7,TGCCATTTGCAGAGCGCTGG,74,1745868
gyrAp,25.0,76,2,AGGGCCTTGTTTTTCCCGCC,74,1751296
gyrAp,37.0,74,1,TCCTACGAGGGACAAGATCA,73,1761334
gyrAp,12.333333333333334,78,5,TAATCTTATGCTATCCTTGA,73,1748724
gyrAp,14.8,77,4,CTGCGATGTGCGCTGGTTCT,73,1742346
gyrAp,37.0,74,1,CGAGCGCGCATGTTTATTCC,73,1760602
gyrAp,18.25,75,3,TCGGTGCGCCACGGCTGGCT,72,1760969
gyrAp,14.6,76,4,TCGGGAGATAGTGATAGGAA,72,1753205
gyrAp,36.5,73,1,TCAAGACTGGATCCTCCTAC,72,1744701
gyrAp,8.11111111111111,80,8,GGATATTACTCAAACGGCGC,72,1744233
gyrAp,24.333333333333332,74,2,GCTTATCAAGGCGGCGTCCT,72,1765490
gyrAp,14.4,75,4,TCAATTCAATTGAAATATGG,71,1757710
gyrAp,36.0,72,1,CGGGACAGTGTAAAGTACCA,71,1763386
gyrAp,36.0,72,1,CCCATGGAAATCCCGTGGCC,71,1752140
gyrAp,24.0,73,2,ACCCGTGAAGGAGGAACCCT,71,1763761
gyrAp,36.0,72,1,AAGGCCACGAATGACGCTCT,71,1748137
gyrAp,35.5,71,1,GGCTATTGGCAGCCGTTACT,70,1749519
gyrAp,14.2,74,4,ACCGTGCTATCCAGTGCAGT,70,1763505
gyrAp,23.333333333333332,71,2,TCCATAGCTTTGAGGTCGCC,69,1754760
gyrAp,17.5,72,3,GTAGCTCTTAATTGACGGGA,69,1764116
gyrAp,14.0,73,4,GGACTTTGGGTAGATCCTAT,69,1749601
gyrAp,23.333333333333332,71,2,GATTGCCAATGATCAACTTA,69,1745910
gyrAp,35.0,70,1,CGACTGAGTACCGTCGGAAG,69,1755146
gyrAp,23.333333333333332,71,2,AAATTGCAAGCTTCTACGAT,69,1752786
gyrAp,17.25,71,3,TAAGTTTTACTCCGAGGTAC,68,1745512
gyrAp,5.3076923076923075,80,12,GCCTTCTGTGTCCAAGGGTC,68,1762491
gyrAp,34.5,69,1,GAATTGTAGTACTGCTTTGA,68,1770220
gyrAp,34.5,69,1,CGGGGCTGAAAATGGACAAA,68,1758650
gyrAp,34.5,69,1,AATGTGGGCGTTATAGGGCA,68,1755225
gyrAp,34.0,68,1,TCTCCAGTACGTACGAACGA,67,1753932
gyrAp,22.666666666666668,69,2,GCGGTTGACGGGGCTCCAAG,67,1742891
gyrAp,34.0,68,1,CCTCCTGTTTTGCAACTTGC,67,1766810
gyrAp,22.666666666666668,69,2,ACCAAATAGAACGGTCCAAG,67,1762119
gyrAp,16.75,69,3,TTATGTCGTGTGCAACGTGC,66,1750221
gyrAp,22.333333333333332,68,2,TGTATTAGCACTACACCTGT,66,1749160
gyrAp,22.333333333333332,68,2,TGCATTTCGTGCAAGTATCT,66,1749516
gyrAp,22.333333333333332,68,2,TCGTGCACTGAGGAGCGACC,66,1762726
gyrAp,33.5,67,1,AAAACGGCGTGGCCCTCCGG,66,1769404
gyrAp,16.5,68,3,TATTATCGCATTTGGCTGAT,65,1756660
gyrAp,33.0,66,1,CACACCCGGTCAACACCAGC,65,1770375
gyrAp,33.0,66,1,AAGGGTACTACGTTCCACGT,65,1746051
gyrAp,16.25,67,3,TTATCTGTTGGCATTTAAAC,64,1749132
gyrAp,21.666666666666668,66,2,TGGGACATACCGCTTAACGA,64,1747321
gyrAp,21.666666666666668,66,2,TATTTATGTGATGACGGTTG,64,1754081
gyrAp,8.125,71,7,GTCTATAGAACTATGTGGGT,64,1766160
gyrAp,32.5,65,1,GTCTAGGGGAAACGTAACCT,64,1750471
gyrAp,21.666666666666668,66,2,GCTCGTATTTCAAGCCGGGT,64,1756340
gyrAp,32.5,65,1,CTAAATCAATTTACGGGCTA,64,1744458
gyrAp,8.125,71,7,ACTCGTCCAAGTCAGTAGGA,64,1754715
gyrAp,9.142857142857142,69,6,TCTCCGCCGTAGGTGTTGCA,63,1758542
gyrAp,16.0,66,3,TAACATGCACCTAAGTAAGC,63,1747499
gyrAp,10.666666666666666,68,5,GGTTGTCATCGCAGTCAGCA,63,1769111
gyrAp,32.0,64,1,GGTATACATGCCCATTGCTT,63,1767417
gyrAp,32.0,64,1,CGGTCAGACTTGGATTCTGG,63,1754890
gyrAp,32.0,64,1,CCTGGGAGAAAGATTTTCTT,63,1766774
gyrAp,10.666666666666666,68,5,ATGACGATCGGAAAATCTAA,63,1768136
gyrAp,6.4,72,9,ACTATCTTACTCCGGGCGTT,63,1755888
gyrAp,31.5,63,1,TGGGCTGCGAATAGAGCACG,62,1760833
gyrAp,31.5,63,1,TGCTCCCCTACCGTCTCAGC,62,1757255
gyrAp,31.5,63,1,TCGCCCTTGTGAGTATTACA,62,1752674
gyrAp,10.5,67,5,TCCGGCGAAAATTAAAAGGT,62,1768539
gyrAp,31.5,63,1,TAGCAACAAAGCGCGATACG,62,1750575
gyrAp,12.6,66,4,GCTTATACCGTAGGCCGGAT,62,1743024
gyrAp,15.75,65,3,CGATCGCAACCATTAGGAGT,62,1742966
gyrAp,21.0,64,2,ACCCACTTTTGCAACGCAAT,62,1764004
gyrAp,31.0,62,1,TTGCTCTAGTTGTGCCGGGT,61,1768975
gyrAp,31.0,62,1,GACGCTATTTTACATCGGTA,61,1765592
gyrAp,31.0,62,1,CTGATTATTTATCCATGGGT,61,1752341
gyrAp,15.5,64,3,CGAATCCTATGATTGTCGAA,61,1746775
gyrAp,7.75,68,7,CCTGGGTACCGCCTTAGGCG,61,1761415
gyrAp,10.333333333333334,66,5,ATGAGTATTTCATCGGCTGA,61,1763093
gyrAp,6.777777777777778,68,8,TGGCATACCCGGCGCGGTAA,60,1745185
gyrAp,12.2,64,4,TACCTTATGGTAGGTCACGG,60,1749910
gyrAp,20.333333333333332,62,2,GTTAACACTTGAATCCTCGT,60,1748652
gyrAp,20.333333333333332,62,2,GCTACGCTCGGAAGCAGTGA,60,1767842
gyrAp,30.5,61,1,GAGGTCGGTGAGTCCCAAAG,60,1764138
gyrAp,15.25,63,3,ATTTTGATTGGGAATGGCAA,60,1752599
gyrAp,30.0,60,1,TTTTTTTACACTTAACCTCG,59,1753197
gyrAp,15.0,62,3,TAGGAAATGACCTGCGGTAC,59,1753108
gyrAp,15.0,62,3,GTAGAGCTACGGTCCGCTAC,59,1743549
gyrAp,20.0,61,2,GCCGCTCTTCAATAAACCAG,59,1757305
gyrAp,12.0,63,4,CTGGAAACGACTACCTTACG,59,1748935
gyrAp,12.0,63,4,CTATAGCAGCAAGTGAATGA,59,1746480
gyrAp,30.0,60,1,CGATGTGAGGACTTCATGGT,59,1747204
gyrAp,30.0,60,1,ACATCTGACAGGATGGGATA,59,1764056
gyrAp,19.666666666666668,60,2,TCTTGCAGGTCGCGCGGACA,58,1744112
gyrAp,11.8,62,4,CTAGGTTAGCGTGAATCTCT,58,1751817
gyrAp,14.75,61,3,CGCTGCCAGTAATGTTCCAC,58,1763073
gyrAp,29.5,59,1,CATTGTGACCTTGCTTGACT,58,1765483
gyrAp,29.5,59,1,CACAGGCGAGGTCTACGCGT,58,1749311
gyrAp,29.0,58,1,TTCACAAAAAAACGTACGCA,57,1750063
gyrAp,29.0,58,1,TGGGTCACGTATTGCGTGAC,57,1741693
gyrAp,19.333333333333332,59,2,GGCGCTGTCATGACCTGCGT,57,1746860
gyrAp,29.0,58,1,CATGGCACTATTCCTACAAT,57,1741651
gyrAp,29.0,58,1,CAGGAAACTTTTGGTGCATT,57,1761562
gyrAp,29.0,58,1,ACCGCTCAGTTAAGTTAAAT,57,1742345
gyrAp,8.285714285714286,63,6,AATCAGTTCGTCTCAGGAGA,57,1743383
gyrAp,11.4,60,4,TTTTTAATCCCTGTTATTCA,56,1743835
gyrAp,19.0,58,2,TTGAGCATAGGCAAGTCGAT,56,1746712
gyrAp,19.0,58,2,TCACTAGATCAGTTTTTGCA,56,1746419
gyrAp,11.4,60,4,TCACACATCCTGCTGTGATA,56,1741946
gyrAp,28.5,57,1,TATTGCTAGTCTAGTAAGGG,56,1741792
gyrAp,6.333333333333333,64,8,GGTCTAATTGTCTTCTCGAA,56,1753307
gyrAp,28.5,57,1,GGTCCTGTGAAGACTAACGA,56,1764737
gyrAp,14.25,59,3,CGACGAGAATACACGGGGTA,56,1756385
gyrAp,8.142857142857142,62,6,CCGGCCATTCAACTCATTGG,56,1757453
gyrAp,28.5,57,1,AGTTTATTAGATCCGAACGC,56,1744445
gyrAp,28.5,57,1,AATTCGAGTGTCCCTAATAG,56,1743497
gyrAp,9.333333333333334,60,5,TTCTGGGTCCTCAGCAAATC,55,1766100
gyrAp,28.0,56,1,TCGGAGAGATCTGGCTTTTA,55,1742972
gyrAp,14.0,58,3,TCAACACATCAGGGCATCTT,55,1751126
gyrAp,28.0,56,1,GTGTGCCCAAGATTAGCTCT,55,1750811
gyrAp,14.0,58,3,GGGAAATGCGCGGTGACTAG,55,1764388
gyrAp,11.2,59,4,GCAGGTCGTGTTTGTAGTCA,55,1752962
gyrAp,14.0,58,3,CTATCTCTGCACCTGTCAAT,55,1759810
gyrAp,18.666666666666668,57,2,CGAATCTGGCCGAACGCTCT,55,1745389
gyrAp,6.222222222222222,63,8,AGCTTCTACTCTAGAGTGAT,55,1767157
gyrAp,18.666666666666668,57,2,AAGGAGGAGTAAACTGTGGC,55,1751298
gyrAp,27.5,55,1,TTGGACTCTGAGGACGAACA,54,1764275
gyrAp,11.0,58,4,TGCTTATTGGACTTTATGAG,54,1748560
gyrAp,27.5,55,1,GTACGCCCCGGATAATTTGG,54,1757345
gyrAp,27.5,55,1,GCAAAGGCTATCGGGAGCTT,54,1765958
gyrAp,18.333333333333332,56,2,CTTCACCTGGTACTTGAAAT,54,1752572
gyrAp,13.75,57,3,CTAGGAAGCTATCCCCCCGA,54,1742680
gyrAp,27.5,55,1,CCAGTCGTCTAGTATGATCT,54,1763580
gyrAp,6.875,61,7,ATTGGGGTCCGGTTATAAAT,54,1742107
gyrAp,27.5,55,1,ATGGGACGCTTAGGGAGGTG,54,1743765
gyrAp,27.5,55,1,ACCCTTTTTGGAAGTGGAAT,54,1767621
gyrAp,27.0,54,1,GACTTTTCAACCTTAATAGT,53,1764232
gyrAp,27.0,54,1,GAATTTTCCGTCCCTGAGGT,53,1759556
gyrAp,6.0,61,8,CTACCGACCCGAGCGGCCCC,53,1768155
gyrAp,18.0,55,2,CGCTGGACGGACCGGCCATC,53,1760730
gyrAp,27.0,54,1,CCCTACTTGGGAATCCTTAA,53,1745719
gyrAp,10.8,57,4,AAGCAAATCAAATGCTGATT,53,1766537
gyrAp,26.5,53,1,TTTGCCAGCTGCGATTCTCA,52,1750501
gyrAp,26.5,53,1,TTCACCATCAGGTGGTCTCT,52,1768669
gyrAp,13.25,55,3,TGGAACAACGAGATAGCTCT,52,1744585
gyrAp,13.25,55,3,TCTGGTCTAGCTAGCCGATC,52,1743171
gyrAp,17.666666666666668,54,2,TCTAATATCACGTAGAAATA,52,1760584
gyrAp,26.5,53,1,GTCGTCGGTAAACAGGGGTG,52,1743500
gyrAp,13.25,55,3,GGCATCTGGCTCAGGGAGGT,52,1769500
gyrAp,26.5,53,1,CGTTCCATACACATCCTCCA,52,1756866
gyrAp,17.666666666666668,54,2,CCTTCCGTACTCAGACATAC,52,1764303
gyrAp,26.5,53,1,CCTCATGCCCACGCAGAGCC,52,1747231
gyrAp,13.25,55,3,CACGGCCCCTGGCGGGACTG,52,1761440
gyrAp,6.625,59,7,AGCAGTTCTGACCCTCACGC,52,1750338
gyrAp,8.833333333333334,57,5,AAAGTACCACGATGAACCGA,52,1753215
gyrAp,13.0,54,3,TGAAGGGATCTCGATGATTA,51,1747343
gyrAp,17.333333333333332,53,2,GTAAGCTATCAGCTGTCCCG,51,1760420
gyrAp,10.4,55,4,CGAGAGTAGAGACATAGTTT,51,1767519
gyrAp,26.0,52,1,CCCCCGCGGCGTGCTTCAAA,51,1763734
gyrAp,17.333333333333332,53,2,CCACGCCATTATTCACAGGA,51,1756334
gyrAp,26.0,52,1,ATACTACGACGTGCGAGGCA,51,1745404
gyrAp,8.666666666666666,56,5,AACGGATTGGAATGATAAGT,51,1750021
gyrAp,26.0,52,1,AACAGGGCCTTCTTCAATTT,51,1761960
gyrAp,25.5,51,1,TTTAGTAGCCAATTCACAAA,50,1759870
gyrAp,25.5,51,1,TTTAATCGCGTCTATGCTGA,50,1754218
gyrAp,17.0,52,2,TTGTGGGCTCGAGCAGATTA,50,1770881
gyrAp,17.0,52,2,TTGAGTGTAGTAATGGGCGT,50,1764423
gyrAp,17.0,52,2,TCCCACGTTGTAACAATTGA,50,1758130
gyrAp,25.5,51,1,GTTGCTATGCATGCGCACGG,50,1746465
gyrAp,5.666666666666667,58,8,CTAGCGCTCATATGTAAGCT,50,1761141
gyrAp,12.75,53,3,CCAGGATTTGATATTCAAGT,50,1755115
gyrAp,25.5,51,1,ATGCTGGCATGCGTGTTTCA,50,1767007
gyrAp,25.5,51,1,ACGGCATGACTCCGGCTTTC,50,1760864
gyrAp,17.0,52,2,AAACATAATGCTGTTATACA,50,1765575
gyrAp,6.25,56,7,TTTTGTTCTCTCTGTAGTCC,49,1767559
gyrAp,16.666666666666668,51,2,TGTGGAACGGACACAGTCCT,49,1755162
gyrAp,16.666666666666668,51,2,TCCCTTAATCATTGCAGACA,49,1745801
gyrAp,25.0,50,1,TACCCGTAAGCGTGGCGTAA,49,1764647
gyrAp,16.666666666666668,51,2,GTCGAGAGCCATATGCATTG,49,1767094
gyrAp,25.0,50,1,GGCTTCGTTACTTACTAAAC,49,1765232
gyrAp,25.0,50,1,CTTTTTACGATTTTGACTGT,49,1745434
gyrAp,25.0,50,1,CTGTGCGGCTGGTACTCCGT,49,1751796
gyrAp,7.142857142857143,55,6,CTCAAGACTACACCAGGTAG,49,1762970
gyrAp,25.0,50,1,CGGAAGCCTGGCCTTAGAGG,49,1751205
gyrAp,12.5,52,3,AACGTGCCTATCAGGAACTA,49,1752597
gyrAp,16.333333333333332,50,2,TTCGAGTATGCAGATACAAT,48,1764552
gyrAp,16.333333333333332,50,2,TTATACCTGTTGCCAAGGAC,48,1757911
gyrAp,12.25,51,3,GTGGGTATCGCCTTGTCGGT,48,1767029
gyrAp,24.5,49,1,GCTCTTAATTCCTCCCATGT,48,1753177
gyrAp,24.5,49,1,GAAGGGATCCTGCCCGATTA,48,1747815
gyrAp,8.166666666666666,53,5,CGGCGTTTCGGGATACTGTC,48,1758982
gyrAp,8.166666666666666,53,5,ATGTACTGTATTGTTCACTG,48,1766611
gyrAp,24.5,49,1,ATGGCCCAGCGAACAAGCCA,48,1764195
gyrAp,16.333333333333332,50,2,ATAAACATATGAGAGGAGTG,48,1755757
gyrAp,16.333333333333332,50,2,AGTGGGAAGGTACTTACTAT,48,1756680
gyrAp,16.0,49,2,TTAACTAAGGGTCGAGCGCA,47,1758273
gyrAp,8.0,52,5,TGGCACCGTCTATCGTATAA,47,1750611
gyrAp,24.0,48,1,TCAGCAAGGTCCCTTGACGG,47,1752569
gyrAp,16.0,49,2,GGCAATCGGGCTGCCGCGGT,47,1744378
gyrAp,12.0,50,3,GCTTCAACCCCACACCCTCG,47,1750845
gyrAp,24.0,48,1,CTTTGGATCAGTGGTTCACA,47,1770553
gyrAp,5.333333333333333,55,8,CTCTACCGTTTCTGTTCAGC,47,1765491
gyrAp,16.0,49,2,CCTTACTGACGTTTCTTTTG,47,1764957
gyrAp,9.4,50,4,TTTTATAGAATTCCAAGATT,46,1750716
gyrAp,23.5,47,1,TTGTTTACCCCGCTACCAAT,46,1757713
gyrAp,23.5,47,1,TGGTCTGGCATTGCGAGCAG,46,1759387
gyrAp,7.833333333333333,51,5,TCGTGCAGTGGCCTGATGCT,46,1751750
gyrAp,15.666666666666666,48,2,TAGCGGACATGATGGAACGA,46,1758175
gyrAp,23.5,47,1,GAGCGAGTACCTAGTTTACT,46,1744195
gyrAp,3.6153846153846154,58,12,CTTCTGAGCTCTTAACGGGG,46,1757814
gyrAp,23.5,47,1,CTGATGTAAACGGACAAACT,46,1759522
gyrAp,23.5,47,1,CGAGCAGACGGCGCGTTTGG,46,1743863
gyrAp,23.5,47,1,AGTTCATGGTTTGGGCACCT,46,1758379
gyrAp,15.666666666666666,48,2,AGTCCGGCGTCGATGTCACC,46,1748138
gyrAp,9.4,50,4,AGTAAACCTGTGCTGGCCCT,46,1756062
gyrAp,23.0,46,1,TTTGCCTCTGCTAGTTACTA,45,1762277
gyrAp,15.333333333333334,47,2,TTTCAACATTTTGGTTAGGA,45,1761061
gyrAp,15.333333333333334,47,2,TCGGGTCGTCGGTCGAATGC,45,1764394
gyrAp,23.0,46,1,TACCCAGTTAGATTCTACAA,45,1769553
gyrAp,15.333333333333334,47,2,GGTGAGTCTTCCCGCAACCC,45,1760995
gyrAp,15.333333333333334,47,2,GGGTGCATGTAGTACGGTAA,45,1759970
gyrAp,11.5,48,3,GCGTTTTAGGCAAATCACTG,45,1744396
gyrAp,9.2,49,4,GAGTGGCAGTTCTGCCATCT,45,1763058
gyrAp,23.0,46,1,CTTTCATACGATCGAGCAAA,45,1749344
gyrAp,11.5,48,3,CGCGCAAATAGCCCTTCTGA,45,1763510
gyrAp,9.2,49,4,CCCTCAATCGTGACAGTCCG,45,1744969
gyrAp,23.0,46,1,CCACTGGGTGTATTACGCAG,45,1759161
gyrAp,23.0,46,1,ATGTCCAATAGATCTGTAGC,45,1742503
gyrAp,22.5,45,1,TCGATATGGGTCTCAGTCTG,44,1749911
gyrAp,22.5,45,1,TAGGGACCCTTATTGGACAC,44,1756417
gyrAp,15.0,46,2,TAGCCTCGAAGGGGGTCTTT,44,1750912
gyrAp,22.5,45,1,GCATTACCCCGAAAACATGG,44,1746404
gyrAp,22.5,45,1,CTGGTCACAAACAAGGGAGG,44,1761963
gyrAp,5.0,52,8,CCTATAAAGTAAGTGTCCAC,44,1742137
gyrAp,11.25,47,3,CATGTCTTATGTAAGCATTA,44,1759099
gyrAp,15.0,46,2,CATAATCTTGGGCTACTAAC,44,1748498
gyrAp,15.0,46,2,ATGGTATTTGTATGGAGTCA,44,1743194
gyrAp,9.0,48,4,AGGACTCAGAACATAGATAT,44,1768470
gyrAp,22.5,45,1,AAGCTTATTTCTGGTGCCCT,44,1763886
gyrAp,22.5,45,1,AAGACTACAGGCTGAGGATC,44,1750638
gyrAp,8.8,47,4,TTTCTTATAGGCTCGTTCAT,43,1744939
gyrAp,22.0,44,1,TCATTCGCCAATTATCTTGT,43,1741564
gyrAp,22.0,44,1,GTTGGCTTAGTCTGACTTCA,43,1748845
gyrAp,6.285714285714286,49,6,GGCCTCCTTCGACATACTTA,43,1751124
gyrAp,22.0,44,1,GATTCCGTACATTAATCGGA,43,1749359
gyrAp,11.0,46,3,GAACCACACCTGCGAACTCA,43,1746175
gyrAp,14.666666666666666,45,2,CTGGTACATGACAAACACTC,43,1755286
gyrAp,14.666666666666666,45,2,CGCGTTGGCGAACCGTCTCG,43,1746479
gyrAp,14.666666666666666,45,2,CCTTTACGCTGCACGGGTAC,43,1752410
gyrAp,22.0,44,1,CCCGGCAACATGATGTCAGT,43,1765074
gyrAp,22.0,44,1,CCAGCGTAGATCGCGGCCGT,43,1755773
gyrAp,22.0,44,1,CCAACGAGTATGTGGCCTAT,43,1765050
gyrAp,22.0,44,1,CATGAAAATGATCACGTCGT,43,1763353
gyrAp,11.0,46,3,CATCAAGACGCGAACCTCTG,43,1748939
gyrAp,7.333333333333333,48,5,CATACTCTGAAGGATTAACT,43,1764959
gyrAp,22.0,44,1,CAACTCTAGGTGGAGGCTGA,43,1759047
gyrAp,11.0,46,3,ACGCCGCAGTCTATAGGTAA,43,1748552
gyrAp,11.0,46,3,AATAGGGTACGACCCGTATT,43,1752023
gyrAp,21.5,43,1,TGCTAGGGGACTCCCATCAG,42,1746002
gyrAp,10.75,45,3,GTTGGTTCTATTACAGACCT,42,1752552
gyrAp,5.375,49,7,GTAGTGTACGAGCACGGGAA,42,1767430
gyrAp,14.333333333333334,44,2,GGTAATTGAGAATGTCTCAG,42,1749614
gyrAp,21.5,43,1,GGACGTGGGGGTATGATGTA,42,1750093
gyrAp,7.166666666666667,47,5,GAGAGATTTGTGATAGACAC,42,1743030
gyrAp,14.333333333333334,44,2,GACATTTATCCCATTAGCCA,42,1746749
gyrAp,14.333333333333334,44,2,GAAATCTGGCTCTAAACGCT,42,1745660
gyrAp,8.6,46,4,CTCGAGTAAAGTCTCAAGTA,42,1746709
gyrAp,14.333333333333334,44,2,CTATACTGCCTCGTGTATAG,42,1741827
gyrAp,10.75,45,3,CGCTCACCAGCTCTTCGCGT,42,1768037
gyrAp,21.5,43,1,CCGTATGCATAGCAAAGGGC,42,1751174
gyrAp,7.166666666666667,47,5,AGGGCTGATCGCTAGTCGTG,42,1742008
gyrAp,5.375,49,7,ACCACCAACCGAAAATTAAC,42,1766121
gyrAp,4.3,51,9,ACATGCCAACGAACAATCGT,42,1759270
gyrAp,14.333333333333334,44,2,AAGCGTAATACACTTTGTCT,42,1753682
gyrAp,14.0,43,2,TTAGTTCGGCTCGGTACTCT,41,1746400
gyrAp,21.0,42,1,TGAGGACACATCGGGCGGAT,41,1753957
gyrAp,21.0,42,1,TCGAAGCGTAGTGAGCTGCT,41,1763840
gyrAp,21.0,42,1,TATCAAAGTCGCATATCCGA,41,1747829
gyrAp,21.0,42,1,TAATCGCCTGTGGATCAAGC,41,1753300
gyrAp,5.25,48,7,GTGTCTTGACACTGTTTTAT,41,1762027
gyrAp,8.4,45,4,GTCTTGGATACGCCAAGAGC,41,1754302
gyrAp,14.0,43,2,GGGGGTCGGAAACACAAAGG,41,1743386
gyrAp,21.0,42,1,GGGCAGGGTTCCTCTGATCA,41,1745184
gyrAp,10.5,44,3,GCGCCGGGCAGAGGTGAGAC,41,1744720
gyrAp,8.4,45,4,GCAACTACTTGCCAGTGGCA,41,1745909
gyrAp,14.0,43,2,GATTTCGATTGGCGTTGATC,41,1750863
gyrAp,21.0,42,1,CGCCTCCAGGAAGTGGGTCG,41,1743211
gyrAp,10.5,44,3,CCCGGTCCAGTTCGCAAGGA,41,1763646
gyrAp,8.4,45,4,CCATCACACATTTTCGACCC,41,1767701
gyrAp,14.0,43,2,CAGTGACATAATCCGGGATT,41,1750685
gyrAp,14.0,43,2,CACTCCCGTAGTGCCTAGTT,41,1766530
gyrAp,7.0,46,5,CACAATTACTACTGCCCCAA,41,1746882
gyrAp,10.5,44,3,CAACCGAACGGCTTCCGTAA,41,1768778
gyrAp,20.5,41,1,TTACGTAAGCGATGTTGTCA,40,1764043
gyrAp,13.666666666666666,42,2,TGCTGTAGCAGTGGCTGGCA,40,1766946
gyrAp,13.666666666666666,42,2,TCTCCCACCCCATAGTAAAT,40,1756341
gyrAp,13.666666666666666,42,2,TCCGGCATCAGCCGAGCAGT,40,1753767
gyrAp,8.2,44,4,TAGCTTAATAACTATGCTTT,40,1754727
gyrAp,20.5,41,1,GTTTTCAAACTCACAACGAT,40,1744101
gyrAp,20.5,41,1,GTGATATCACGTTCGCCAGG,40,1758978
gyrAp,10.25,43,3,GTCGGATGCCAGCCAAGGGA,40,1750094
gyrAp,20.5,41,1,GGACAGAGAACTGTGATAGT,40,1770449
gyrAp,20.5,41,1,GACTGCTGGCGCTTAGGAGG,40,1767999
gyrAp,13.666666666666666,42,2,GACAACCAGTCGATCTACCT,40,1754016
gyrAp,13.666666666666666,42,2,CGAGACAAGCTTGAATGTTG,40,1756489
gyrAp,13.666666666666666,42,2,CCATCAATCGCTGCTGGTGC,40,1745485
gyrAp,5.857142857142857,46,6,CCAGGGGGACTGGATAAACT,40,1743663
gyrAp,6.833333333333333,45,5,CCACATGCGACGGTCGCATG,40,1763856
gyrAp,13.666666666666666,42,2,CATGCGAGGCAGAAGCGTTT,40,1751706
gyrAp,13.666666666666666,42,2,ATTTAGTGGCGGCGTCCCGA,40,1768175
gyrAp,10.25,43,3,AAGAATTTCCAACTATGGCT,40,1743402
gyrAp,10.25,43,3,AACTGGTCGTGATATGACAG,40,1764685
gyrAp,20.5,41,1,AAACCCTAAAAGATAAGATC,40,1768377
gyrAp,13.666666666666666,42,2,AAAATTGTCTTTAGAACCTG,40,1765804
gyrAp,10.0,42,3,TTTGTTCGTCGGTACGATTG,39,1766972
gyrAp,20.0,40,1,TTTCCCCTAGTCTGCGTTAA,39,1741943
gyrAp,20.0,40,1,TTGATTGGTCAGCACCTTTC,39,1751452
gyrAp,20.0,40,1,TGGCTAAGTCAGTATCCCTA,39,1749468
gyrAp,2.857142857142857,52,13,TGGCCACCGTGCATAGGTCG,39,1741510
gyrAp,20.0,40,1,TCTGCCCGTCTTTTTATCTA,39,1757862
gyrAp,20.0,40,1,GTAAATTGAAGAACGAGCCT,39,1749990
gyrAp,10.0,42,3,CTGGCCCAACCTGCAACAAT,39,1748520
gyrAp,13.333333333333334,41,2,CTAAGGTCAAAATGTGCCTC,39,1766996
gyrAp,13.333333333333334,41,2,CGTATACCCAAAGGACTCGA,39,1744576
gyrAp,20.0,40,1,CGGTGTCTGGTTCTTAGGGT,39,1768158
gyrAp,5.0,46,7,CCATCAATTTGCAAATAATC,39,1752739
gyrAp,20.0,40,1,CAGATCCGCACCTATACTAC,39,1742100
gyrAp,10.0,42,3,CAAATTCCCTCCGGGCTACT,39,1751450
gyrAp,20.0,40,1,ATGGGAAGTTTTTGTCTAAC,39,1745446
gyrAp,20.0,40,1,AGTATGATCGTTCGTCATAG,39,1769615
gyrAp,20.0,40,1,ACCCAATGAAGTCCGTGGTT,39,1758559
gyrAp,10.0,42,3,AAGTTGCACTGACCAGTCAC,39,1750442
gyrAp,19.5,39,1,TGCCGGCGAGCATCCCTCAA,38,1752232
gyrAp,9.75,41,3,TATTCTGGGATTCGTAAGCT,38,1754619
gyrAp,19.5,39,1,GGGAAAATCGGTCTCAAGGT,38,1763706
gyrAp,13.0,40,2,CGGAATAATCGAGGCGGGAA,38,1768842
gyrAp,9.75,41,3,CCTGCGTTTATTTGCCGATG,38,1746410
gyrAp,19.5,39,1,CCATATGGCCTGTACGCTGG,38,1746011
gyrAp,13.0,40,2,AGGAAAATCACCGGTAATGA,38,1753950
gyrAp,19.5,39,1,ACGCTAGGCCCTCTGTAGCA,38,1759381
gyrAp,19.5,39,1,AATGCAGCCTGGTAGTGGCG,38,1753065
gyrAp,9.75,41,3,AAGTCATGTGGGTGGCTCTG,38,1742780
gyrAp,13.0,40,2,AAATTTAGAGCGGATGCGCT,38,1754159
gyrAp,19.0,38,1,TTTTGATGATTGTCCACTTT,37,1761403
gyrAp,9.5,40,3,TTACTTAAATGGTTCCCGAG,37,1743720
gyrAp,19.0,38,1,TGGTGCTCGAAGGCGTGTGC,37,1754119
gyrAp,5.428571428571429,43,6,TGAATTGTGGCCTAACACGA,37,1752663
gyrAp,12.666666666666666,39,2,TATGATGTGCCTCTGGCAAC,37,1765500
gyrAp,9.5,40,3,GTCTAAAGCAACGCGAGAGT,37,1762349
gyrAp,19.0,38,1,GGTTGATAGTTCAAGGTGCA,37,1765224
gyrAp,12.666666666666666,39,2,GGCCGGCCGTTAGTCAGTTA,37,1743674
gyrAp,19.0,38,1,GGAGGTTTGGCGGAACGTCG,37,1750057
gyrAp,12.666666666666666,39,2,GCTCCTTCTAATATGGTTTC,37,1747725
gyrAp,9.5,40,3,CTCGCGGGGGTTCCCCGGGG,37,1742044
gyrAp,19.0,38,1,CGACTCCGCGGCTCGATCCA,37,1760715
gyrAp,19.0,38,1,CAGCCCGTGGCAAGCAGGTG,37,1770243
gyrAp,12.666666666666666,39,2,ATAATACCTGTAGCATTCTT,37,1746580
gyrAp,12.666666666666666,39,2,AGCGAACTCAGACGCATCCT,37,1770225
gyrAp,5.428571428571429,43,6,AGCAGCCGCTGACTTTGAAC,37,1749185
gyrAp,19.0,38,1,ACTCTACGACGGTTGCGCCG,37,1758295
gyrAp,19.0,38,1,AAAGAGCTGTGTATCAACGC,37,1765668
gyrAp,12.333333333333334,38,2,TTGTTTCCGCAGGGATTCGG,36,1769277
gyrAp,7.4,40,4,TGGACTGGAAACCCCGGAAG,36,1758006
gyrAp,4.111111111111111,44,8,TGCTGCCGAAGTTCGCGTAT,36,1741819
gyrAp,12.333333333333334,38,2,TACCAAGGGTTGGCTACAAG,36,1763289
gyrAp,12.333333333333334,38,2,TACATGTAACCATAGCGTTG,36,1751272
gyrAp,12.333333333333334,38,2,GTGTCAGGCCGTTTCGTACA,36,1745643
gyrAp,18.5,37,1,GGGGTTAACGTAGCACGGGA,36,1753659
gyrAp,9.25,39,3,GGCTGTTGAGAGCCTCTGAT,36,1749848
gyrAp,9.25,39,3,GCGACAGGGCGCTGGACTAA,36,1766210
gyrAp,12.333333333333334,38,2,GAAATTGGTCGTCGGACCTT,36,1761499
gyrAp,12.333333333333334,38,2,CTATTATACAGTTCGTACCT,36,1757218
gyrAp,12.333333333333334,38,2,CGAAACAAAAGACAATCGTT,36,1745295
gyrAp,18.5,37,1,CAACCAAGCACTTGCTGTTG,36,1760903
gyrAp,12.333333333333334,38,2,AGGACTATATCTGGAACTTA,36,1765120
gyrAp,3.7,45,9,AGACAAAACTCGTCAGTCAC,36,1743702
gyrAp,2.466666666666667,50,14,ACGGAGGTTCTTATAGATCA,36,1753156
gyrAp,18.5,37,1,ACCCTAAGCTCGCTTTTGAG,36,1753954
gyrAp,6.166666666666667,41,5,ACACAACGAGGACCATCATG,36,1765688
gyrAp,18.5,37,1,AAACGGCATCCGTGAATAAC,36,1751982
gyrAp,7.2,39,4,TTCAACAGAGGACAAACCCG,35,1757808
gyrAp,9.0,38,3,TGTCACACTCCACAGCACCT,35,1743205
gyrAp,18.0,36,1,TGCAGGGCGTTCCCTTGCCA,35,1748772
gyrAp,2.0,52,17,TCTTCACGGTTCACAGTCAG,35,1767625
gyrAp,18.0,36,1,TATTTGTGCCAGTCTTGTTA,35,1751489
gyrAp,4.5,42,7,TAACTTTTTAGAGCTGACTG,35,1755428
gyrAp,12.0,37,2,GTTGAATATAACGAGCCACT,35,1750075
gyrAp,6.0,40,5,GTGTGCAGACGGTGAGATAA,35,1741950
gyrAp,18.0,36,1,GTCCCATCAGGACACATGAT,35,1764563
gyrAp,9.0,38,3,GGGCCATGTTACTAACATCT,35,1748863
gyrAp,6.0,40,5,GATGTAAGTGCGGTCTTGCG,35,1748096
gyrAp,12.0,37,2,ACTCCATTGCTTCTTGTCTC,35,1753333
gyrAp,9.0,38,3,AAGGGCTTTCTAGAAGCGAT,35,1769176
gyrAp,17.5,35,1,TTCTTTAAATACAACTGCCA,34,1764824
gyrAp,7.0,38,4,TTCCATCGTAGACCGGCGCA,34,1745985
gyrAp,17.5,35,1,TGTGCATCAACAAGGTCGCT,34,1748727
gyrAp,5.0,40,6,TGGTGCCTTCGAGCGGACGA,34,1758218
gyrAp,7.0,38,4,TGCTCGTATGCAGGATGGTT,34,1769731
gyrAp,5.833333333333333,39,5,TGAAATGGGAACGTCACGTT,34,1753015
gyrAp,17.5,35,1,TATCCTATGGACCCGTAAGA,34,1750765
gyrAp,11.666666666666666,36,2,GTGGTTTGTGCCATCATCCG,34,1766326
gyrAp,17.5,35,1,GGCTCTCGTAGGTGAAGATG,34,1761260
gyrAp,8.75,37,3,GCGTGCCTGCCAACGCACAC,34,1755780
gyrAp,8.75,37,3,GCGTCAGCAACTGTACCCGT,34,1744465
gyrAp,17.5,35,1,GCGAAAACTTTACGTTCCCG,34,1760516
gyrAp,17.5,35,1,GCCTCACAAGTTACGGGCAG,34,1743693
gyrAp,5.0,40,6,CTTGGAAAGCTTGAAAGCCA,34,1764329
gyrAp,17.5,35,1,CGCGGTTAAGCTGGAACATC,34,1769720
gyrAp,17.5,35,1,CGCAGCTGTTGTCGTCCTCA,34,1752567
gyrAp,17.5,35,1,CCAATGTTAACTATCGCGTA,34,1768933
gyrAp,11.666666666666666,36,2,ATTACCGCGCTGAAACGTGA,34,1756725
gyrAp,11.666666666666666,36,2,AGTCAAGTACAAGAACCCAG,34,1768623
gyrAp,17.5,35,1,ACCATAGTCTAAGATTCGTT,34,1769150
gyrAp,17.5,35,1,AACCACCTCGATAGCAAGCG,34,1752357
gyrAp,17.0,34,1,TCATAAGCATTTTTTCCATA,33,1762418
gyrAp,8.5,36,3,GTTTTTCATGTCGGGTTATC,33,1743923
gyrAp,17.0,34,1,GTACAGCGTTGGTAAACTTC,33,1765702
gyrAp,17.0,34,1,GGGTTAACCCGCGCCTAAAT,33,1758253
gyrAp,5.666666666666667,38,5,GATGCAAGCTAATCCGGCGT,33,1768075
gyrAp,11.333333333333334,35,2,CGTCTACTTCTGACAAGTAC,33,1745971
gyrAp,5.666666666666667,38,5,CCCGCGCACCCGGTGTAATA,33,1756661
gyrAp,5.666666666666667,38,5,ATGATTGGGTCATTTATCCG,33,1761067
gyrAp,6.8,37,4,ATGACTCGCATACTCATGAT,33,1759320
gyrAp,17.0,34,1,ATCGTTTAAACCATTCGCTA,33,1755091
gyrAp,6.8,37,4,ACTCTACGACAATTATGCCT,33,1744446
gyrAp,11.0,34,2,TAGTATCTTCAACATTAGGC,32,1746979
gyrAp,16.5,33,1,GTTGTGCAACAGGTCGATTT,32,1744810
gyrAp,11.0,34,2,GTGTGTCGATTCACGAGGCA,32,1749404
gyrAp,16.5,33,1,GTCTCGCGCGATGGGATTGA,32,1754726
gyrAp,11.0,34,2,GGCAATAAAAGGGTTGCATA,32,1755664
gyrAp,11.0,34,2,GATTGGACAGGACTATATGA,32,1758975
gyrAp,16.5,33,1,GATGTAGGAGGTGCGGGAGT,32,1755606
gyrAp,16.5,33,1,CTAAGATGAAGAGGTTGCGG,32,1745461
gyrAp,4.714285714285714,38,6,CGTGGAAACCTTCTTACCTC,32,1762394
gyrAp,16.5,33,1,CATCGGTGTTGGTAGCATCT,32,1751176
gyrAp,16.5,33,1,ATCGAGTCGGACACCAAAAA,32,1761887
gyrAp,5.5,37,5,ATCCAAGGTATGCTGCGTTT,32,1746790
gyrAp,3.3,41,9,ATAACTTCCGATGATGGAAT,32,1750681
gyrAp,16.5,33,1,AGGGAACGGCCCGCATTGCA,32,1763666
gyrAp,16.5,33,1,ACGGGTTGAGCCACAGATCG,32,1753551
gyrAp,16.5,33,1,ACCGGCCCACTTCTAGTTGT,32,1750069
gyrAp,16.5,33,1,ACAAGTCCCTTCTGACCATA,32,1741810
gyrAp,8.0,34,3,GGATAACATTTCTGTCGGTC,31,1742569
gyrAp,16.0,32,1,GCTAACGGCAAGGAACCTGC,31,1752696
gyrAp,8.0,34,3,GACTTTGGTCGTCTATAATT,31,1757943
gyrAp,6.4,35,4,GACTTCTACATTGCGGTCGG,31,1767318
gyrAp,16.0,32,1,GACTGTACTATATTGTTACA,31,1759080
gyrAp,10.666666666666666,33,2,GAAAACTACCATGCCCTCCG,31,1751831
gyrAp,16.0,32,1,CGGCACGACATTATTACGTC,31,1752698
gyrAp,16.0,32,1,ATCGTTATACTGGCTCGTAC,31,1759460
gyrAp,10.666666666666666,33,2,AGTGTGTGCCCATTGGAAAA,31,1766947
gyrAp,10.666666666666666,33,2,AGGTTAGCAGTAACGAGCAA,31,1756581
gyrAp,10.666666666666666,33,2,AGATCCGGATACAAACCATA,31,1763264
gyrAp,5.333333333333333,36,5,ACTGTTATGCCGGCTCTCCA,31,1748583
gyrAp,16.0,32,1,AAGCCAGTTTGGCTAGGAAA,31,1750078
gyrAp,7.75,33,3,TGTGCAGTTATGGGCGTATA,30,1766057
gyrAp,15.5,31,1,TGGCGCATACGTGTATCTCG,30,1762957
gyrAp,15.5,31,1,TGACCCTGCCTGTCTGGAAG,30,1750693
gyrAp,10.333333333333334,32,2,TCGTCGGTCGCATACGATAC,30,1757622
gyrAp,10.333333333333334,32,2,GGGAAACAACCTCCCGACCA,30,1756859
gyrAp,10.333333333333334,32,2,GCTTTTATGCGAAGTGCGGC,30,1753892
gyrAp,15.5,31,1,GCTGATACTACGTGCTATAT,30,1747676
gyrAp,10.333333333333334,32,2,GCCCCCATTCTGAGGTCGGA,30,1743780
gyrAp,10.333333333333334,32,2,CTGGCACGGTTTTTGCCCAT,30,1743075
gyrAp,6.2,34,4,CGCGAGTAGCGCCCGCAGCT,30,1767690
gyrAp,15.5,31,1,ACGTGTCAAGTACCCACAGT,30,1769104
gyrAp,15.5,31,1,ACGATGCAACGCTCCGTTTA,30,1762704
gyrAp,7.75,33,3,ACCACACATGGCGTTTGGGA,30,1752486
gyrAp,15.0,30,1,TAGGTCGCCTATGCACGACT,29,1743252
gyrAp,15.0,30,1,TAGCGCCTTTGTCCGCAGGG,29,1762713
gyrAp,10.0,31,2,GTTGAACGGCCTGGCCTGGG,29,1762678
gyrAp,15.0,30,1,GTATCGTTCTTAAGAGGCGT,29,1758259
gyrAp,6.0,33,4,GGTGCTGTTTCCGGTAACCT,29,1760517
gyrAp,15.0,30,1,GGCATTCGAGATCCGAGATT,29,1743085
gyrAp,7.5,32,3,GCGGGGACTGGGCAAAAAAG,29,1769858
gyrAp,15.0,30,1,CGAAGCATAAGCTATACGGC,29,1759798
gyrAp,7.5,32,3,CAATCAGGTCAAATTGCTTT,29,1763581
gyrAp,10.0,31,2,CAATCACCTATTGCAGACGG,29,1753668
gyrAp,15.0,30,1,ATGGCCGACGTTCCATTGGC,29,1742851
gyrAp,15.0,30,1,AGTGCGCTTAGTTACCCGGT,29,1742413
gyrAp,10.0,31,2,AGTATTGACCCATTTCTTTT,29,1765317
gyrAp,6.0,33,4,AAGGTCCCGAGTGTGAAATT,29,1751866
gyrAp,7.25,31,3,TGTGCGTTCGGGCACTCTTC,28,1751517
gyrAp,5.8,32,4,TGAGAGGAACAGAATAAGTA,28,1757046
gyrAp,9.666666666666666,30,2,TCCGTCATAGCACATTACGT,28,1763064
gyrAp,4.833333333333333,33,5,TATTACGCGTTGAAGGGGTA,28,1762750
gyrAp,7.25,31,3,TATGTACGATTTTCGGGGAT,28,1745351
gyrAp,9.666666666666666,30,2,GTGTTCGTATAAACGCGTTC,28,1753548
gyrAp,9.666666666666666,30,2,GGGAGACTAGCATTTAAACC,28,1766352
gyrAp,4.833333333333333,33,5,GATCCCGTGGAACTGATGGT,28,1766815
gyrAp,14.5,29,1,GAAGGTAGCAGATTAAAGAA,28,1762222
gyrAp,9.666666666666666,30,2,CCCGGACATGGTTTCGGTGT,28,1747000
gyrAp,14.5,29,1,CACATGATGAATCCGGGGCA,28,1751751
gyrAp,2.6363636363636362,38,10,ATTAGAGCCCCTGCAATTCT,28,1743333
gyrAp,4.833333333333333,33,5,ATGGACGCATTCTCCTAATT,28,1746256
gyrAp,7.25,31,3,ATGCAACATCCAATTCTGGT,28,1755565
gyrAp,14.5,29,1,ATCACATGCATCAAAGTGCT,28,1742772
gyrAp,7.25,31,3,ACGGTGGTATCACGGCGTCA,28,1770300
gyrAp,2.9,37,9,AACCTAGGTTTGAGGGCTCA,28,1741685
gyrAp,9.333333333333334,29,2,TTTATTTCGACGCCACGCCA,27,1770887
gyrAp,7.0,30,3,TCACTAAAGTGGGGAATTAG,27,1764986
gyrAp,4.0,33,6,GTCTCGCCTCTTTAGCTGTG,27,1769364
gyrAp,3.111111111111111,35,8,GTACATTTTTCCCAGACTGA,27,1741891
gyrAp,7.0,30,3,GGTTGTCCGACCTACCAGGC,27,1754268
gyrAp,9.333333333333334,29,2,CATTCGCTTAATCGAGTAAC,27,1764387
gyrAp,9.333333333333334,29,2,ATGGGAACGATCTTGTTGTG,27,1759025
gyrAp,14.0,28,1,ATGACAGGTGTGGTACATTG,27,1752502
gyrAp,14.0,28,1,ACGCCCGAATAAGTACGAGT,27,1751913
gyrAp,4.5,31,5,TTTAGACCGCACACTTATAG,26,1746558
gyrAp,6.75,29,3,TGGATCGCAGTAGACAGGGT,26,1767032
gyrAp,13.5,27,1,TCCTTCGATCAGTGAGAGTT,26,1743911
gyrAp,13.5,27,1,TACACTAGCTTTGCAGCGAG,26,1760487
gyrAp,13.5,27,1,GCTCTAGGCAGCGTGCACGG,26,1747050
gyrAp,13.5,27,1,GATCGCAGGGCTTTTCGGTA,26,1757891
gyrAp,13.5,27,1,GACTTCGACTCTCACGCAGG,26,1749599
gyrAp,4.5,31,5,CTTAACTATCCCTGAGACAA,26,1750391
gyrAp,13.5,27,1,CCGTCATTGATCCTTACTAA,26,1764145
gyrAp,5.4,30,4,CCCTAGTCCAAATCGGGTCA,26,1760837
gyrAp,6.75,29,3,CCCCATACGGATGGCTGAAA,26,1765807
gyrAp,9.0,28,2,CATTTTACGGTGTAACCGGG,26,1744304
gyrAp,13.5,27,1,ATGGTAGCGGGCGCCAAATG,26,1763094
gyrAp,13.5,27,1,ATGATGGCCTTACTATATGG,26,1750632
gyrAp,9.0,28,2,AGCATCCGTCGGTACAGGCC,26,1753812
gyrAp,6.75,29,3,AGCAACGAGTCTATACCGGG,26,1747194
gyrAp,13.5,27,1,ACTCTGGTGAGAATATTGGT,26,1752237
gyrAp,13.5,27,1,AAGGAGGATCATCCACAGTA,26,1742727
gyrAp,9.0,28,2,AAAAACGTCGCGCAGCTCCC,26,1745554
gyrAp,13.0,26,1,TTCTTAAAGCTTCCTAATTC,25,1767072
gyrAp,8.666666666666666,27,2,TTACGTGTGGCTGGCTGAGA,25,1751190
gyrAp,5.2,29,4,TCTTCAAGAGCGGGTACGTG,25,1741903
gyrAp,13.0,26,1,TACGATATGACTTACGAGAG,25,1760053
gyrAp,5.2,29,4,GTTAACACGCACTTTAGTTG,25,1756003
gyrAp,13.0,26,1,CTTAAATAGCAAAAGGGCGC,25,1766368
gyrAp,8.666666666666666,27,2,CTGGGGACGGTCACGGAACC,25,1750927
gyrAp,6.5,28,3,CTAATATTGCAAGATGGTAG,25,1742347
gyrAp,8.666666666666666,27,2,CCACTGCGACTGGACGGAGT,25,1741478
gyrAp,13.0,26,1,AAGGGAGCTTCATTCCGGTA,25,1746980
gyrAp,8.333333333333334,26,2,TTGAAATTGACGAGCTAGCT,24,1745105
gyrAp,12.5,25,1,TAGCAGATAACAAGTCCTGT,24,1761340
gyrAp,12.5,25,1,TACTCCCCGTAAGGGTTTGA,24,1762348
gyrAp,12.5,25,1,GCAACCTAGTAGTTCGAGTT,24,1742043
gyrAp,12.5,25,1,CTCCGGAGGCTTATTCCTGG,24,1751063
gyrAp,3.5714285714285716,30,6,CCTGCTTCTCTGAAATTGAT,24,1744423
gyrAp,8.333333333333334,26,2,CCGCAACACGGTCACCAACT,24,1746869
gyrAp,12.5,25,1,CACGAGATCTTTCGTTTTAT,24,1744116
gyrAp,12.5,25,1,AGTTTAGCTGCGTATCGTCT,24,1745115
gyrAp,6.25,27,3,AACGGCATAACAATTAACAC,24,1750917
gyrAp,4.0,28,5,TTTTCATTCCGAGTCAGACC,23,1743757
gyrAp,2.1818181818181817,33,10,TCTCCTGTCCTCCGTAATAG,23,1757475
gyrAp,8.0,25,2,TACCGCGTATCCGTTGACGA,23,1750413
gyrAp,8.0,25,2,GGAGTGGCACCAGGGCCTCA,23,1745775
gyrAp,8.0,25,2,GCCGCGTGGATTACCTCTTT,23,1770566
gyrAp,12.0,24,1,CTCCAGGGAAACCCGTAAGT,23,1764588
gyrAp,12.0,24,1,CGGAAAATTTTTCTTGCTTT,23,1746406
gyrAp,8.0,25,2,CGAGTAAGCTTTGCTTGTTC,23,1748157
gyrAp,6.0,26,3,CCTGAACCCAGTGACCGCTC,23,1751893
gyrAp,8.0,25,2,CCAGGATAGAGTCTGCACCG,23,1764324
gyrAp,8.0,25,2,AGTTGGGCTAAACTTAGAAA,23,1748396
gyrAp,3.4285714285714284,29,6,AGATGATCGACGTCATCTGC,23,1749752
gyrAp,12.0,24,1,ACTAAGCACTGGACCGGCAA,23,1749109
gyrAp,12.0,24,1,ACCCGCATAGGACGAAGTAG,23,1741440
gyrAp,12.0,24,1,ACCCGCACTGTGCAGGCTAC,23,1745091
gyrAp,11.5,23,1,TTGTGATTAGACCGTTCTAT,22,1751544
gyrAp,11.5,23,1,TTAGTCATTATGTCTGCCTC,22,1748545
gyrAp,5.75,25,3,TCTAAGGTTCCGGAAAGGTC,22,1755925
gyrAp,11.5,23,1,TCCCAAGTCGCACACAGTAA,22,1751818
gyrAp,7.666666666666667,24,2,GTCGTAGTTCGGGTGTACGA,22,1749178
gyrAp,11.5,23,1,GTAATGGGCTCTTCAACACT,22,1752825
gyrAp,2.875,29,7,GCGTGTCAAGCATCCCTAAG,22,1755749
gyrAp,7.666666666666667,24,2,GATGCGCTCTACACTTGTGC,22,1741791
gyrAp,3.8333333333333335,27,5,GAGTACCGGGAACATAAGAA,22,1763702
gyrAp,11.5,23,1,GAGCGTGGATTACGCACCGG,22,1760299
gyrAp,4.6,26,4,GAGCGGTCTTCGGCGACATT,22,1744697
gyrAp,4.6,26,4,GAAGGCGCTCCCTGTGACGT,22,1742974
gyrAp,7.666666666666667,24,2,CTTTGGTAGCCATTACAAAC,22,1746507
gyrAp,7.666666666666667,24,2,CTTGGATATGCGCGTATCCA,22,1746134
gyrAp,2.875,29,7,CTGGTTCGGAAAATCGGACA,22,1764771
gyrAp,11.5,23,1,CGTGTATCGTCGTGATACTA,22,1753375
gyrAp,11.5,23,1,CCAATGGCCCAGGTGCGTGA,22,1747621
gyrAp,7.666666666666667,24,2,CAGGAACAGTCACGCACTCA,22,1766536
gyrAp,11.5,23,1,CACATTCCGGGGGTCATAGT,22,1749729
gyrAp,11.5,23,1,CAACTCGCTTTCGAAGAAAA,22,1755607
gyrAp,3.8333333333333335,27,5,AGCCTCCGCAGGTAATGAGT,22,1744071
gyrAp,7.666666666666667,24,2,AATCGGCGCTTCAGTGAGAA,22,1743072
gyrAp,11.5,23,1,AATATCGGCACTTCTTAGCA,22,1746769
gyrAp,4.4,25,4,TCCCCTAAGGATCACCCAAT,21,1761082
gyrAp,11.0,22,1,GCGTTTCCCCTGCGGCCAAG,21,1748908
gyrAp,11.0,22,1,CTCGTTTCTACCACTGAAGG,21,1753150
gyrAp,5.5,24,3,CTCGAACTTACCCTACTTAT,21,1751740
gyrAp,7.0,22,2,TCTCTCCCTGGAATTTCTTA,20,1757041
gyrAp,2.625,27,7,GACATCTAATCTATTAACAG,20,1744506
gyrAp,7.0,22,2,CTACGAAGGGGAGCGACGCG,20,1749446
gyrAp,4.2,24,4,CCGTGTACACTTTGTGAGTT,20,1758086
gyrAp,10.5,21,1,CACTCCTAAAGAGCGGCTTG,20,1752041
gyrAp,10.5,21,1,CAATTGGTATGTGGACCCAA,20,1760012
gyrAp,4.2,24,4,ATAGCTAGGTTCAAATCGTT,20,1746825
gyrAp,10.5,21,1,ACTTAATTCTGTTGGAAAGG,20,1745229
gyrAp,6.666666666666667,21,2,TTCGGGCAATTGCATACCGA,19,1763154
gyrAp,5.0,22,3,TATGGAATCTCATGGCAGAG,19,1757365
gyrAp,5.0,22,3,GGATCACGGCTCCAATGACT,19,1746614
gyrAp,2.5,26,7,CTATCGGTATGAGTTTTTCA,19,1766422
gyrAp,5.0,22,3,CGCGAGATGTTCTGCCGTGC,19,1767081
gyrAp,6.666666666666667,21,2,AGGTGGAAAAATTTGTACTC,19,1759780
gyrAp,4.0,23,4,ACTGACGACGATTATTCTTA,19,1741866
gyrAp,3.3333333333333335,24,5,ACGGACCGCCCGGGCTTGCA,19,1743514
gyrAp,3.3333333333333335,24,5,ACCCTTGATTAAAGGTCCGT,19,1743922
gyrAp,3.8,22,4,TGGCAGGTTCGGTAGGGAGG,18,1755883
gyrAp,6.333333333333333,20,2,GTTTTCTTTGAAACTCAGGG,18,1763496
gyrAp,9.5,19,1,GGTTATTAATCTACATGCAA,18,1765121
gyrAp,9.5,19,1,GGACAACAGGCTACAGCCTC,18,1752901
gyrAp,9.5,19,1,GCGATATCGAGCAGCGTGCC,18,1744508
gyrAp,2.7142857142857144,24,6,CGACGTGGGGACTGCAGTCA,18,1769436
gyrAp,6.333333333333333,20,2,CCTACGCACTCTCGCTGACA,18,1746706
gyrAp,9.5,19,1,ATTGCGCCGGCGTTGCAGCG,18,1746750
gyrAp,6.333333333333333,20,2,AGATTCAAAGAAGTACCGGT,18,1747837
gyrAp,3.8,22,4,AATGACCCGGGTAGTGGTTC,18,1743267
gyrAp,4.5,20,3,TTTTCAATAATCTGTATAAT,17,1754569
gyrAp,4.5,20,3,GCAGGTACGGGGTGTTAAAG,17,1769449
gyrAp,9.0,18,1,CTTTTGTCAATTTGGGGATT,17,1754491
gyrAp,9.0,18,1,CTAAAAACCAATGAAAAACT,17,1750284
gyrAp,3.6,21,4,CGAGCTCTGGTTCATAGGCT,17,1746528
gyrAp,9.0,18,1,ATTCGTATGAACACTCACTA,17,1764250
gyrAp,9.0,18,1,ATCTGATTATGGAACGATAG,17,1761301
gyrAp,9.0,18,1,ACTGATAGGTTCTGCACCGT,17,1764892
gyrAp,5.666666666666667,18,2,GCGTCTCGGCCGGGACGGAC,16,1767350
gyrAp,5.666666666666667,18,2,GCGAAACTCAACGTCCGCGC,16,1751171
gyrAp,8.5,17,1,CAACAAAACCCGTCCAGCCA,16,1753701
gyrAp,5.666666666666667,18,2,AACGTGTTTTTACACGACAT,16,1768571
gyrAp,5.333333333333333,17,2,TTAGCTTTCCGTCGCAGTAT,15,1768281
gyrAp,8.0,16,1,GTAATATGACCTGGCAACGT,15,1765004
gyrAp,8.0,16,1,GGAGGTTCGACGCGACATAC,15,1751128
gyrAp,2.2857142857142856,21,6,GAGAGCCGCAATCGTATGTT,15,1744933
gyrAp,2.6666666666666665,20,5,CTACTAAAGTGTAAGGCAAG,15,1749764
gyrAp,8.0,16,1,CGCTGTACATTCCCGACACT,15,1770283
gyrAp,4.0,18,3,CGAAATCAAGACCGGGCACA,15,1752639
gyrAp,8.0,16,1,CCGCCTTAGTTTCCTCCATA,15,1753931
gyrAp,8.0,16,1,ATGTATGGAAGCGCTACATG,15,1758598
gyrAp,5.333333333333333,17,2,ACCTCGTCGTCAGTCTTATT,15,1755701
gyrAp,8.0,16,1,AAGTGATGCTAGCTACCGAT,15,1752371
gyrAp,1.875,21,7,GTTGCAAGCTTTTTACACGT,14,1759024
gyrAp,5.0,16,2,CTTCGGCTGAAAGGCATTCA,14,1746763
gyrAp,5.0,16,2,ACTTTGCTTTTGAAGGGTTG,14,1765574
gyrAp,3.75,17,3,ACATGTCCGCGTAAACGGGG,14,1751594
gyrAp,4.666666666666667,15,2,TCCTCCAATGCCCGATCCAC,13,1753488
gyrAp,7.0,14,1,TACAGCAGGTGCGGACCTGG,13,1756760
gyrAp,1.75,20,7,GTCTGGTTTTGCGTCAAGTA,13,1758470
gyrAp,7.0,14,1,CGGGCAATTGCGAGATGGGG,13,1757378
gyrAp,7.0,14,1,CCTTCAGTATGACATGAAAT,13,1747678
gyrAp,2.0,19,6,AACCGGCGCATTCCATCTCC,13,1743563
gyrAp,4.333333333333333,14,2,TCCCGATATATGTTTTGGAT,12,1756636
gyrAp,6.5,13,1,TATCCCGTCTGCTGATGCCA,12,1754176
gyrAp,2.6,16,4,GTTAGGCATGTGAGGGCACG,12,1741660
gyrAp,6.5,13,1,CGGGGAAGTTATAACAAACC,12,1743763
gyrAp,1.8571428571428572,18,6,CATTCAACTTCTAAATATAT,12,1742330
gyrAp,6.5,13,1,AAGTTCTCGTCGCAGGGGAT,12,1762081
gyrAp,4.0,13,2,GTGGCCACACTCTTTAGTTC,11,1749140
gyrAp,6.0,12,1,GTAAGCCGTATGAGCCGTCT,11,1761743
gyrAp,4.0,13,2,GCCTAGACGTTGGACATCTC,11,1748705
gyrAp,4.0,13,2,CGTACTGGGTGAGCGTCTAC,11,1753862
gyrAp,6.0,12,1,CCGCTTGCGTAACTTTGTAC,11,1766062
gyrAp,6.0,12,1,CAAAAGAGTTTCCACCGTGA,11,1744942
gyrAp,1.7142857142857142,17,6,ATGGCCCCATCCTGTTCGTA,11,1758427
gyrAp,6.0,12,1,ATATGGCCTTCCAGTTTAGA,11,1753198
gyrAp,4.0,13,2,ATAATTGTGGCAGCCAAAGG,11,1743431
gyrAp,6.0,12,1,ACTTCTCCCATGTGGGAGAT,11,1746682
gyrAp,2.75,13,3,GCATACTCGGGTGCACGTGA,10,1768583
gyrAp,3.6666666666666665,12,2,CCCCACTAGCCGCTAACCAA,10,1747875
gyrAp,5.5,11,1,ATTCACACTGGCCTTGGAAA,10,1767851
gyrAp,1.8333333333333333,15,5,ATAACGTATGATCCCATCTT,10,1748147
gyrAp,5.5,11,1,AAGGGGACCACACAATCCTA,10,1755567
gyrAp,2.75,13,3,AAATATCAGGGTTTTCGACT,10,1759141
gyrAp,1.4285714285714286,15,6,TACAGTATTCCGCGACTTAA,9,1742348
gyrAp,2.0,13,4,CGCGTCTCCTCGAAGAAGAA,9,1743446
gyrAp,2.5,12,3,CCAAGGCCTACGAGATGTCC,9,1746585
gyrAp,5.0,10,1,ACGCATAACACAGTGACTCA,9,1749616
gyrAp,5.0,10,1,AATTCTGTCATACAAGGCGG,9,1741794
gyrAp,3.0,10,2,TAACTGGCCAGGTTGTACAT,8,1748422
gyrAp,2.25,11,3,GCCATAAGTTCTGCCAAACT,8,1768178
gyrAp,1.5,13,5,CTATTCACAGTACCTCACTG,8,1755128
gyrAp,3.0,10,2,CGTACCAAGATCCGTACAAG,8,1747311
gyrAp,1.5,13,5,AGCTTAGGCACTCTCAGCAA,8,1741992
gyrAp,3.0,10,2,AACTGGCAAGAGCAATGTCT,8,1763726
gyrAp,2.0,10,3,CGTGTCCCGATGAAACAATA,7,1742026
gyrAp,4.0,8,1,CGGTCCTCCGCTCCGCCTGA,7,1751906
gyrAp,1.6,11,4,CGGAGTTAGCTTTTACCCTA,7,1743672
gyrAp,2.6666666666666665,9,2,CCGGGGTAAGAACAGGATGG,7,1741634
gyrAp,1.4,10,4,TTGGTCGGCACAAGCCACCG,6,1765677
gyrAp,1.4,10,4,GGGTGGACATGCTCTTAAGC,6,1744246
gyrAp,1.75,9,3,GGGATTCAGAAGGCTGTCGT,6,1743580
gyrAp,3.5,7,1,GCAGCTGTTTCCGGGAGAAC,6,1749387
gyrAp,3.5,7,1,GATGGGGGATTGCCCGAAGT,6,1758506
gyrAp,2.3333333333333335,8,2,CAACGTTCTTTGCCCAGTAC,6,1755530
gyrAp,2.3333333333333335,8,2,ACCTCATAAGAGAACTCCCG,6,1752079
gyrAp,2.0,7,2,GGTGGTCCCGCCCCACCTAA,5,1751413
gyrAp,3.0,6,1,CTAGGGTTAAAAATTTCTCG,5,1756414
gyrAp,3.0,6,1,CGAGGAGGGTAGGACGCAGG,5,1769637
gyrAp,1.2,9,4,CAGCGGGCTAACACAGTATA,5,1763567
gyrAp,2.0,7,2,ACGCTCTAACGCAAAGGTTA,5,1745136
gyrAp,2.5,5,1,TCCTGCGAGTGATTCGGAAG,4,1747435
gyrAp,1.6666666666666667,6,2,CTGGATCAGACAGGTTGGGG,4,1755630
gyrAp,2.5,5,1,AGCTAAATTCCTTCGACCCA,4,1745807
gyrAp,2.5,5,1,AAGATACGCGTTTAAGCAGT,4,1745307
gyrAp,2.0,4,1,TTGAGCGTTCCCGCTAATCC,3,1743367
gyrAp,1.3333333333333333,5,2,TGTTAAGCAATTCGTATCGG,3,1768496
gyrAp,2.0,4,1,TATTGACCTCCGGATATGCT,3,1744521
gyrAp,1.3333333333333333,5,2,GGTCCCACGCGGAGAATTAA,3,1752488
gyrAp,2.0,4,1,GAGGGTGCAGTCCTAGCCGA,3,1751609
gyrAp,2.0,4,1,GAAGCCGAGGGAAACCACCG,3,1751685
gyrAp,0.8,7,4,AAGGAGGCTTTGGTATTCGC,3,1758782
gyrAp,0.5714285714285714,9,6,AAATAGGCCAGGACAATCGC,3,1761404
gyrAp,1.0,4,2,TGAACTGCTTCTATGACCCG,2,1746598
gyrAp,1.5,3,1,GTTCCTAGGGGGTTTAAGTG,2,1764854
gyrAp,0.75,5,3,GGTGGATTATTGCCCGTATA,2,1743296
gyrAp,1.0,4,2,GGCGCGACCATACAGGGGTT,2,1743734
gyrAp,0.75,5,3,GAATCCCTTACAGTACAAGG,2,1755529
gyrAp,1.5,3,1,CTCGTAATTGGGGAAACCTG,2,1742813
gyrAp,1.0,4,2,CGTGTACCTTGACGTGATAT,2,1756336
gyrAp,1.5,3,1,CCGAACGGGTCTATTTCATG,2,1768433
gyrAp,1.0,4,2,CCCACACAGCAATTGCACAC,2,1741994
gyrAp,0.6,6,4,CATGGTTCCATGGGCCTCTA,2,1763825
gyrAp,1.0,2,1,TTTTCCCGGCATAAGCAGTG,1,1757610
gyrAp,0.2222222222222222,9,8,TTTGTCGGAGAAGTGATAAA,1,1752490
gyrAp,0.3333333333333333,6,5,TTTCATACACGATCCGGATC,1,1757334
gyrAp,1.0,2,1,TTGTCCAAGCCAAGCAAGGT,1,1764636
gyrAp,0.3333333333333333,6,5,TTGCCGTCGGGAAGTTCCAA,1,1765510
gyrAp,0.6666666666666666,3,2,TTGATCCTGAAGGGAGCTGG,1,1746861
gyrAp,0.6666666666666666,3,2,TTCGTGTAGAAGCAGCGCGC,1,1754728
gyrAp,0.6666666666666666,3,2,TTCATACGAGAAAGTGCTGC,1,1751419
gyrAp,0.6666666666666666,3,2,TTATTTACAACGCGAAGGAT,1,1749864
gyrAp,0.5,4,3,TTAAACCCCTTTTCAGACTT,1,1757423
gyrAp,1.0,2,1,TGTCATAACTATAAATAAAC,1,1749308
gyrAp,1.0,2,1,TGGTTGCAACTGGAGTCTGG,1,1744955
gyrAp,1.0,2,1,TGGCGGTTCGTTTATTCCAC,1,1770692
gyrAp,0.5,4,3,TGGATAGCCTCAATTTAACT,1,1755929
gyrAp,1.0,2,1,TGAGTAATGTCCTCGCGTAA,1,1748262
gyrAp,0.25,8,7,TGAACTTTTCATGGGAATAC,1,1764485
gyrAp,1.0,2,1,TCTTCTCGTTTAAGCACCCT,1,1748794
gyrAp,1.0,2,1,TCGCGATGATCTGCATATAG,1,1763292
gyrAp,0.6666666666666666,3,2,TCCAAGTTTAGATACCGAGG,1,1758883
gyrAp,1.0,2,1,TCACATTTTTAAAGTGACAT,1,1751515
gyrAp,1.0,2,1,TAGCTGTAGGCTGCACCATG,1,1765202
gyrAp,0.4,5,4,TACTCGAGAGTGACCACCCT,1,1742798
gyrAp,0.25,8,7,TAAGGTACAATCGAACGCTG,1,1760618
gyrAp,0.5,4,3,GTTTACCTCATCTTCAGCAT,1,1742864
gyrAp,0.3333333333333333,6,5,GTTCTTGGACAAGTTGTAGG,1,1750290
gyrAp,1.0,2,1,GTTCATTGATTGGTTGTCAT,1,1745325
gyrAp,1.0,2,1,GTGCCCCAGAAGTGACCATC,1,1759338
gyrAp,1.0,2,1,GTGCAGGACCCCCATTCAAC,1,1749363
gyrAp,0.5,4,3,GTAGCGACAGACCGCGTACC,1,1741461
gyrAp,1.0,2,1,GGTCGCACCGAGTGTTAAAG,1,1746183
gyrAp,0.5,4,3,GGTCAAACGGCGATCTAAAG,1,1752617
gyrAp,1.0,2,1,GGTACGTAAGGGACCATGGA,1,1768483
gyrAp,0.5,4,3,GGGGCTCGTAAAGAGACGTT,1,1749307
gyrAp,0.6666666666666666,3,2,GGAGGAGCCGAAGCCAGAAG,1,1759483
gyrAp,1.0,2,1,GGAGCGAGTGGATTCTCCTA,1,1757646
gyrAp,1.0,2,1,GGACCTAGTTGCGGGCCAGC,1,1757138
gyrAp,0.6666666666666666,3,2,GGACCCAGACTCCCACGATG,1,1758196
gyrAp,0.6666666666666666,3,2,GGAATTTGGCGTCAGTTGCC,1,1758772
gyrAp,1.0,2,1,GCGGATAGTAGTGGTAGTCA,1,1747289
gyrAp,1.0,2,1,GCGAGCGGGAAGATGGGGGA,1,1752370
gyrAp,1.0,2,1,GCCGAATACCTGCGGCGGAG,1,1754634
gyrAp,0.6666666666666666,3,2,GCCCTGGTTCATCGATCATC,1,1752151
gyrAp,1.0,2,1,GCCACGTAGCCGGCTGTAGT,1,1749135
gyrAp,1.0,2,1,GCATCAAATAGGCGTAGGTA,1,1747290
gyrAp,0.5,4,3,GCATAGGGTGTTGATGTCAT,1,1743505
gyrAp,0.5,4,3,GAGTGTGCGCGACAGCTAGT,1,1762575
gyrAp,0.6666666666666666,3,2,GAGCGCAGTCCGCATTGTAA,1,1743827
gyrAp,1.0,2,1,GAGCAGCCAAGATAAAATGT,1,1745052
gyrAp,1.0,2,1,GACGTCGCGCCTTTTGGAGA,1,1748113
gyrAp,0.4,5,4,GACCGAGACCAGGGGGCGCT,1,1746292
gyrAp,1.0,2,1,GAATGCATTGGTTCCTGGCG,1,1756761
gyrAp,0.6666666666666666,3,2,CTTTGATTCTGTGGCAGGAT,1,1749672
gyrAp,0.25,8,7,CTTGAATCCTCATAAATAAC,1,1743862
gyrAp,1.0,2,1,CTTCTTTATCTACCGATTTC,1,1757546
gyrAp,0.4,5,4,CTTCCTCATAGCTCAATTCT,1,1756263
gyrAp,1.0,2,1,CTTCATCAGAAAGCGCATCG,1,1743133
gyrAp,1.0,2,1,CTGTTCGGCGCGAAGGTTGT,1,1761228
gyrAp,1.0,2,1,CTGCCGACGTGCATTTCGCA,1,1752275
gyrAp,0.4,5,4,CTGAGCCAAGGTGCCATTAA,1,1770085
gyrAp,0.3333333333333333,6,5,CTCTAAATCTTAGGAGGGGA,1,1761221
gyrAp,0.5,4,3,CTCTAAAATTTTATGCCACG,1,1743361
gyrAp,1.0,2,1,CGTTAGATTACACCACTGGC,1,1760017
gyrAp,1.0,2,1,CGTGACAGATTCGCCTGCCA,1,1753568
gyrAp,1.0,2,1,CGTCGGGATCACCTCAAGCA,1,1744950
gyrAp,0.6666666666666666,3,2,CGTAACATGACTCTATTAGT,1,1747719
gyrAp,0.4,5,4,CGGCTGCCTAAGCGGACACA,1,1752378
gyrAp,1.0,2,1,CGGCACCGACGTTGTGGCGA,1,1747421
gyrAp,1.0,2,1,CGGAATAGCACGCCGCGATT,1,1769470
gyrAp,0.5,4,3,CGCTGGCTTTTCCCCATCGC,1,1741806
gyrAp,1.0,2,1,CGCGGCCAAAATGCGCCTTT,1,1748890
gyrAp,1.0,2,1,CGCGCGATAAAATCGAGCAG,1,1758163
gyrAp,0.4,5,4,CGCCCCGCGGCCGTGAGGGT,1,1751952
gyrAp,0.5,4,3,CGCATAGTACCAGTTGATGA,1,1760462
gyrAp,1.0,2,1,CGAGTCATATAAATAAGACC,1,1768211
gyrAp,0.3333333333333333,6,5,CCTTCAAATGGAACGGGCGA,1,1754613
gyrAp,1.0,2,1,CCGGTGACGCCTTCCGTCTA,1,1747855
gyrAp,0.6666666666666666,3,2,CCCGACTCGCTGCGTCTTGG,1,1749289
gyrAp,0.6666666666666666,3,2,CCCCTATATCTCCGATTGCT,1,1750254
gyrAp,0.3333333333333333,6,5,CATACGAACGCATAGGGGTC,1,1750839
gyrAp,1.0,2,1,CAGTGCTTGTGAACGGGTCT,1,1759391
gyrAp,0.3333333333333333,6,5,CAGGGTCTATCCAATCGTGT,1,1768920
gyrAp,0.25,8,7,CAGGAATTATCTGAGACAAC,1,1764282
gyrAp,0.2,10,9,CACTTTTTCTGTTCATACGA,1,1757287
gyrAp,1.0,2,1,CACGCCAATTTAGAACTGAA,1,1756516
gyrAp,1.0,2,1,CACCGATAAGACAAAGGGAG,1,1742000
gyrAp,1.0,2,1,CACCCTGGTCATTGATTCAG,1,1753935
gyrAp,1.0,2,1,CAATACGCCTTCAATTCAAT,1,1745886
gyrAp,0.2857142857142857,7,6,CAACTAGCAAATGCCGACCC,1,1763355
gyrAp,0.4,5,4,CAACGCGGTACTTGGGCTGG,1,1741673
gyrAp,0.6666666666666666,3,2,CAACAGCCCCGAGATGTTTT,1,1764153
gyrAp,1.0,2,1,ATTTTTATAAGTTGTTCGGA,1,1752821
gyrAp,0.6666666666666666,3,2,ATGTTAGGAACTGTGGGCTC,1,1745267
gyrAp,0.6666666666666666,3,2,ATGCGGTTGCGCGATGGATT,1,1760275
gyrAp,0.6666666666666666,3,2,ATCAGGTGGATTCACCGTGA,1,1756105
gyrAp,0.6666666666666666,3,2,ATCACGGTTGCGGAATACCC,1,1757937
gyrAp,1.0,2,1,ATAGCGCACGGCCCACGAGA,1,1758187
gyrAp,1.0,2,1,AGGCGAATGTTCAACATCTG,1,1760843
gyrAp,1.0,2,1,AGCTTTCTGTGGGAGTGAGA,1,1743172
gyrAp,0.5,4,3,AGCTGGCTAAAACTGTACTA,1,1748844
gyrAp,0.5,4,3,AGCTGACCGTCCTCGGCGCA,1,1743684
gyrAp,1.0,2,1,AGCATATCCAAGCAAACCCT,1,1766004
gyrAp,1.0,2,1,AGATGTGGCATTGGTTCTAG,1,1755149
gyrAp,0.6666666666666666,3,2,AGATCAGCTGTCAGGGTTAA,1,1755541
gyrAp,0.6666666666666666,3,2,AGATACAGGTCCTTCCAGCT,1,1754068
gyrAp,1.0,2,1,AGAAAGGGTACTGCCAGTCT,1,1762959
gyrAp,1.0,2,1,ACTTGGTACCCAGAACGGCT,1,1760301
gyrAp,1.0,2,1,ACTGAAGGTTGCACTAACTG,1,1768872
gyrAp,0.5,4,3,ACGTGGAGGTTAGGGGCAAG,1,1743276
gyrAp,0.4,5,4,ACGCCACCGCGCGTCGCGCG,1,1752066
gyrAp,1.0,2,1,ACCGTCTTCGCCTTCAACCC,1,1742382
gyrAp,1.0,2,1,ACATAGTGATATCACTGCAT,1,1759542
gyrAp,0.5,4,3,ACAGGTGTGGATTGTAGTGT,1,1754611
gyrAp,1.0,2,1,ACACACGTAGCCGTAGTTGT,1,1758091
gyrAp,0.14285714285714285,14,13,ACAATCTGGAGGCACATCTT,1,1742232
gyrAp,1.0,2,1,AATTCGTCTAACTAACGGGA,1,1743539
gyrAp,1.0,2,1,AATTATCCCGTCTTTTCTCA,1,1746981
gyrAp,1.0,2,1,AAGCGCAGGGGCGGAATGAA,1,1746271
gyrAp,0.6666666666666666,3,2,AAGACCACATTCGCCCGATA,1,1754800
gyrAp,0.6666666666666666,3,2,AACTGCATCCCGCGGGGATT,1,1757360
gyrAp,0.6666666666666666,3,2,AACTGATATTATGATAGGAA,1,1747795
gyrAp,1.0,2,1,AAATGCCGATCCGTGGATAT,1,1764479
gyrAp,0.2857142857142857,7,6,AAAGAGGGGCGGGGCCACGA,1,1741496
gyrAp,0.5,4,3,AAACCCCAGTAATGTACAAA,1,1758183
gyrAp,0.058823529411764705,16,16,TCCGCCGCATTTAATGACAT,0,1755379
gyrAp,0.0625,15,15,TAGGACGGTTATACTGGAAA,0,1751432
gyrAp,0.0625,15,15,CTCAGGGGGATGCTAGCAAC,0,1741438
gyrAp,0.0625,15,15,ATTGAAGGTAATGGTAAAAC,0,1750495
gyrAp,0.06666666666666667,14,14,TTAGTTTAGTCTCGTTTAAC,0,1770304
gyrAp,0.06666666666666667,14,14,CTTCAGAGATACTGGTCGCG,0,1756903
gyrAp,0.07142857142857142,13,13,TCTATAGACTGGCACTGCGT,0,1759244
gyrAp,0.07142857142857142,13,13,ATGATTACACTCTCTATGTG,0,1744377
gyrAp,0.07692307692307693,12,12,CGCCGTAATTCAGGAATTTG,0,1757756
gyrAp,0.07692307692307693,12,12,ACCAACAATTAACGGGTTGA,0,1767867
gyrAp,0.08333333333333333,11,11,TGGCTAATATATCAAGGTTT,0,1752959
gyrAp,0.08333333333333333,11,11,CGTTTCCCTCACATTCAATA,0,1748978
gyrAp,0.09090909090909091,10,10,TGCCCATAAATAGGCAAAGT,0,1758353
gyrAp,0.09090909090909091,10,10,ATTTTGGTGGTTTTCAGCCT,0,1742967
gyrAp,0.09090909090909091,10,10,ATCCGGACTCGAAGGGCGAG,0,1754040
gyrAp,0.09090909090909091,10,10,AGAAGTCTAATACAAAAGCC,0,1751586
gyrAp,0.09090909090909091,10,10,AAGTTGATGAAGATGGATTG,0,1743484
gyrAp,0.1,9,9,GTATGTATCTAGCTCACCTG,0,1755646
gyrAp,0.1,9,9,CTTCCGGAAACAAAGACGGA,0,1750148
gyrAp,0.1,9,9,CGGTGTTGTCGTGTAGTTTC,0,1742917
gyrAp,0.1,9,9,CATGTCACATCGGAGATCCG,0,1746680
gyrAp,0.1,9,9,CAGCTCGCAGAGTAACGCAT,0,1759482
gyrAp,0.1,9,9,AGGTATGGCTGGTTACGCTA,0,1750813
gyrAp,0.1,9,9,AGGGACATGCGAAGGCCGTC,0,1767301
gyrAp,0.1,9,9,ACGTTCAACATAGGCATATA,0,1756288
gyrAp,0.1,9,9,ACGGACGAAGCTGGGGCGCC,0,1755144
gyrAp,0.1111111111111111,8,8,TTATCACCGTAGGGTGAGAA,0,1742550
gyrAp,0.1111111111111111,8,8,TGGGGTTAAATTACCAAAAA,0,1744390
gyrAp,0.1111111111111111,8,8,TCCCAACAATAGGTGGGTGC,0,1758171
gyrAp,0.1111111111111111,8,8,GTCAGCGATACTCCCCCGAC,0,1749753
gyrAp,0.1111111111111111,8,8,GTACAGGTGGGAATGGCGAT,0,1742522
gyrAp,0.1111111111111111,8,8,GGCAAATTCGGATTAGTGTA,0,1747093
gyrAp,0.1111111111111111,8,8,CTACGCGCCTATGTACAAAG,0,1748904
gyrAp,0.1111111111111111,8,8,ATGAGTCCAGCCTGCTACGT,0,1766357
gyrAp,0.1111111111111111,8,8,ATAATTTGGTGAAAGAAAGG,0,1756415
gyrAp,0.1111111111111111,8,8,ACAGACCTTCCAATAGTTAG,0,1744020
gyrAp,0.1111111111111111,8,8,ACACGGGAATACAAGCAGGT,0,1753285
gyrAp,0.1111111111111111,8,8,AATCGAATGAAACAAAGGAC,0,1748698
gyrAp,0.1111111111111111,8,8,AAGCCCGAGAGACAAATAGC,0,1748653
gyrAp,0.125,7,7,TGTTATGCCATAACCAGTTT,0,1755213
gyrAp,0.125,7,7,TCTAAGGGTGCTGTCATATG,0,1749939
gyrAp,0.125,7,7,TCCATGTTAAATAGATTACT,0,1762333
gyrAp,0.125,7,7,TAGCGCGAGAATTTGTCAGA,0,1749356
gyrAp,0.125,7,7,TAGCATAAGCTTCTTTTCGT,0,1758596
gyrAp,0.125,7,7,TAAACTTATGCCGTGCCAAC,0,1758179
gyrAp,0.125,7,7,GTGACGCTGAGCAGGGCACA,0,1750814
gyrAp,0.125,7,7,GTAGCGCCTCTCGAGTGCAG,0,1750477
gyrAp,0.125,7,7,GCTTCGTTAACGTCGAGTCG,0,1749059
gyrAp,0.125,7,7,GCGTTTTCAAGTTACAGTTT,0,1753601
gyrAp,0.125,7,7,GCGGGAGATATTTCACGAAC,0,1751123
gyrAp,0.125,7,7,GCCTCTCCGAAATTGAGCTT,0,1751777
gyrAp,0.125,7,7,GCAACTAGGACGTGTAGGCG,0,1769702
gyrAp,0.125,7,7,GCAACACATCAGACTATTGG,0,1760254
gyrAp,0.125,7,7,GATGACTGCGGGCATGACTA,0,1766050
gyrAp,0.125,7,7,GATCATAGCAACTCCTGTAG,0,1749629
gyrAp,0.125,7,7,GACTGGTTGACGTCAGTAAT,0,1768035
gyrAp,0.125,7,7,CTTGGTGATGACTTACCCAG,0,1763188
gyrAp,0.125,7,7,CTTCCCGCGCGCACATACTA,0,1762760
gyrAp,0.125,7,7,CTATAGAGGATCGTTAAGGC,0,1745102
gyrAp,0.125,7,7,CGGTACTCGTTGGTCAAAAT,0,1747517
gyrAp,0.125,7,7,CGGAAGTCAATGAAGGGCCA,0,1755180
gyrAp,0.125,7,7,CCCGGACTTCGCGAGGCTCC,0,1767580
gyrAp,0.125,7,7,CATGTAGAAAGCCTCTAGAG,0,1760116
gyrAp,0.125,7,7,CATGGCGGGCGTCTCCCATT,0,1746186
gyrAp,0.125,7,7,CATCAGGAGTGGGGTCTTTA,0,1770559
gyrAp,0.125,7,7,CAGTTTGGGGGATAGCGACG,0,1748299
gyrAp,0.125,7,7,CAGTTCATAAATATATACAT,0,1746872
gyrAp,0.125,7,7,CACGTTCATTCGATTCTGAG,0,1769166
gyrAp,0.125,7,7,ATTATACTCGTTCTTAAAGA,0,1746983
gyrAp,0.125,7,7,ATCTGTCGCGGGGTTGTAAT,0,1747409
gyrAp,0.125,7,7,ATCATGGCTCAATGGATCTT,0,1754528
gyrAp,0.125,7,7,AGGCGAGGAAGTTAGACGCA,0,1745249
gyrAp,0.125,7,7,AGCACACAAGATGTCGGTTA,0,1759557
gyrAp,0.125,7,7,AGAATAAAATAAATATTTTC,0,1746914
gyrAp,0.125,7,7,AGAAACGAGGTACTATCTTG,0,1755527
gyrAp,0.125,7,7,AATGGCGGACCGATCATCTA,0,1750147
gyrAp,0.125,7,7,AAATCCTCGGAAATTGTAAA,0,1755267
gyrAp,0.125,7,7,AAAGCACTGTTCCACTACTG,0,1765983
gyrAp,0.14285714285714285,6,6,TTTCTGCAGCGGGACCTGTG,0,1743297
gyrAp,0.14285714285714285,6,6,TGTTCGTTTTGTAAAATGGA,0,1758576
gyrAp,0.14285714285714285,6,6,TGTCGCCCGGTCACGAGCGC,0,1754125
gyrAp,0.14285714285714285,6,6,TGGCCCCCGGCGTAGCACAC,0,1749681
gyrAp,0.14285714285714285,6,6,TGACAGGGGGGGGGGTAGGT,0,1744556
gyrAp,0.14285714285714285,6,6,TCTAAGGGGAGCCTCGTGGT,0,1759563
gyrAp,0.14285714285714285,6,6,GTTATTCAAAAACTTCTCAT,0,1765839
gyrAp,0.14285714285714285,6,6,GTGAATAGACAGCTCTTATT,0,1751399
gyrAp,0.14285714285714285,6,6,GTCAACCTTATGACCTCACG,0,1752980
gyrAp,0.14285714285714285,6,6,GTAAGCCTGGCGGGAAACTC,0,1741773
gyrAp,0.14285714285714285,6,6,GGTTCTACATGCCAAACGCT,0,1743994
gyrAp,0.14285714285714285,6,6,GGGTTCCTCGAGGGTCCCCC,0,1743487
gyrAp,0.14285714285714285,6,6,GGCAAGCCTGTCATTTGTAA,0,1754752
gyrAp,0.14285714285714285,6,6,GCGATTGTACCTTGATGGGC,0,1750763
gyrAp,0.14285714285714285,6,6,GCCCGGGACAACTTCCGAGA,0,1751941
gyrAp,0.14285714285714285,6,6,GCATGTGCGGGATGACGTAA,0,1747892
gyrAp,0.14285714285714285,6,6,GATTTATTAGGTAGTGGTCC,0,1766482
gyrAp,0.14285714285714285,6,6,GATCTTACCCGTAGCTGAAT,0,1753603
gyrAp,0.14285714285714285,6,6,CTGTGCGCGACAGCGTGTGT,0,1761025
gyrAp,0.14285714285714285,6,6,CTGCAAGTGCCTGGGACCTC,0,1747394
gyrAp,0.14285714285714285,6,6,CCTGTAACGCCAGGAGGTTG,0,1747515
gyrAp,0.14285714285714285,6,6,CCCGCGGGAGCATGGCCGGC,0,1746120
gyrAp,0.14285714285714285,6,6,CATGGGCATTGGGAACGAAG,0,1743988
gyrAp,0.14285714285714285,6,6,CAGAGCGCATAGTTGACTTC,0,1744978
gyrAp,0.14285714285714285,6,6,CACCCCTCACAAGAGACGAT,0,1767330
gyrAp,0.14285714285714285,6,6,CACACGAGTGGCTTATTCCA,0,1755260
gyrAp,0.14285714285714285,6,6,CAACGCGCCAACCACGTGCT,0,1751285
gyrAp,0.14285714285714285,6,6,ATTGAGCGACGCCGGCTGAG,0,1749215
gyrAp,0.14285714285714285,6,6,ATCCGATGTGTGTCATACGA,0,1761941
gyrAp,0.14285714285714285,6,6,ATATGTCGATTGAAAGCTTA,0,1746942
gyrAp,0.14285714285714285,6,6,AGTGACGAGCTGAACGAGAA,0,1759769
gyrAp,0.14285714285714285,6,6,AGTAATCTAATCAAATCTTC,0,1746632
gyrAp,0.14285714285714285,6,6,AGGACTCTACGAAGGGCTGC,0,1769038
gyrAp,0.14285714285714285,6,6,AGCTACCGGGAGACACAACT,0,1763877
gyrAp,0.14285714285714285,6,6,AGATGAAATAAAGCACACAC,0,1769842
gyrAp,0.14285714285714285,6,6,AGACCACATAGGCCAGCATG,0,1766333
gyrAp,0.14285714285714285,6,6,AGACAGACAAGGCGTCTCAT,0,1769912
gyrAp,0.14285714285714285,6,6,ACATTGAAAGATTAGCAAAC,0,1757070
gyrAp,0.14285714285714285,6,6,ACAGGTGCGAGCCACATATT,0,1758169
gyrAp,0.14285714285714285,6,6,AACCAGTCACTGCATATGTA,0,1764391
gyrAp,0.16666666666666666,5,5,TTACTTTGTTGGGTTATTGT,0,1767717
gyrAp,0.16666666666666666,5,5,TTAACGCACTCCGTGTATTT,0,1749346
gyrAp,0.16666666666666666,5,5,TGTTCTTAACTACGTAAGCT,0,1756773
gyrAp,0.16666666666666666,5,5,TGTGGCCGTCATCGGCAAAG,0,1758348
gyrAp,0.16666666666666666,5,5,TGTGACATATATGCATGGAA,0,1766242
gyrAp,0.16666666666666666,5,5,TGGTGGACACAATTTCGCGA,0,1750082
gyrAp,0.16666666666666666,5,5,TGGCCGACGGAAATCGGCCC,0,1746321
gyrAp,0.16666666666666666,5,5,TGCTTGTGGTATTACTGAAC,0,1743025
gyrAp,0.16666666666666666,5,5,TGCTGACCCGATATAGTATT,0,1741672
gyrAp,0.16666666666666666,5,5,TGATGGGTCGAGGCGGACCC,0,1758283
gyrAp,0.16666666666666666,5,5,TGATCGCTTGAGATATCCCA,0,1767952
gyrAp,0.16666666666666666,5,5,TGAGACCTCAGAGGCATCCA,0,1768668
gyrAp,0.16666666666666666,5,5,TCGATCCGTTTCGGTGTCCA,0,1765843
gyrAp,0.16666666666666666,5,5,TCCAGATATACAAATGCCGT,0,1762341
gyrAp,0.16666666666666666,5,5,TATAGTCTGTATTTGTCTTT,0,1749841
gyrAp,0.16666666666666666,5,5,GTCCGGGTAAGGCTTGGGAG,0,1743840
gyrAp,0.16666666666666666,5,5,GTCACACTATTGGGGTTAGA,0,1759958
gyrAp,0.16666666666666666,5,5,GGTCCGTCAGGGGGACAGGA,0,1751000
gyrAp,0.16666666666666666,5,5,GGTACCGTACGGTTCTATCG,0,1767326
gyrAp,0.16666666666666666,5,5,GGGGTAGAGTATCACAATCC,0,1743864
gyrAp,0.16666666666666666,5,5,GGGAGGGTCCACGTCGCTTT,0,1749380
gyrAp,0.16666666666666666,5,5,GGCCGACCCGCAAGACAACT,0,1741455
gyrAp,0.16666666666666666,5,5,GCTTGCGCAGTGTAACCGCT,0,1764890
gyrAp,0.16666666666666666,5,5,GCTTAAGGCTTAGGGACCAT,0,1753660
gyrAp,0.16666666666666666,5,5,GCGTCGGCTCGAAATAAACT,0,1742247
gyrAp,0.16666666666666666,5,5,GCGCGTAGGTTGAGTTATGA,0,1757139
gyrAp,0.16666666666666666,5,5,GATCTTACTACGATGGAGGA,0,1748160
gyrAp,0.16666666666666666,5,5,GAACGCGCAATGAACCGCTG,0,1755455
gyrAp,0.16666666666666666,5,5,CTCTGCTACATACGTCCTGC,0,1750451
gyrAp,0.16666666666666666,5,5,CTCGCGCCTCGAATATATTG,0,1741626
gyrAp,0.16666666666666666,5,5,CTATCGTCTTGACCTAATTT,0,1770482
gyrAp,0.16666666666666666,5,5,CTAAACAAGCGGTGCTCCGA,0,1770273
gyrAp,0.16666666666666666,5,5,CGTGGCGGGCGTGTGTTACT,0,1761152
gyrAp,0.16666666666666666,5,5,CGGTGGCCGGGCTCGCGAAT,0,1755212
gyrAp,0.16666666666666666,5,5,CGGCGTGGGTCTTCGATACT,0,1744866
gyrAp,0.16666666666666666,5,5,CCGGTCCACGGAGCAGTCGC,0,1769817
gyrAp,0.16666666666666666,5,5,CCACCATGTTCGATATGATG,0,1745541
gyrAp,0.16666666666666666,5,5,CATGGGAAATCCTGCCTACT,0,1758440
gyrAp,0.16666666666666666,5,5,CATGGCCCCCCAGGCATGTC,0,1764191
gyrAp,0.16666666666666666,5,5,CATAGTCGAGGATGTACCAC,0,1752816
gyrAp,0.16666666666666666,5,5,CAGCACACCACAATCTTACT,0,1746274
gyrAp,0.16666666666666666,5,5,CAGAGGGGCATATTTGTACA,0,1768987
gyrAp,0.16666666666666666,5,5,CAGAAACTGAACTTGCCTGA,0,1759230
gyrAp,0.16666666666666666,5,5,CACGGAATCAACGCCTGAAC,0,1753152
gyrAp,0.16666666666666666,5,5,CACACAGTTGTCAGTAGTCT,0,1756109
gyrAp,0.16666666666666666,5,5,CAAGATAAGAGGCGATCCCA,0,1759518
gyrAp,0.16666666666666666,5,5,ATTGCCTCTAGCGCCAGATG,0,1756837
gyrAp,0.16666666666666666,5,5,ATTCTTGCTGCGAAACCTCA,0,1749164
gyrAp,0.16666666666666666,5,5,ATTAGTGTTCTGCAATTTTG,0,1760132
gyrAp,0.16666666666666666,5,5,ATCTCTAACTCCGCGTTGGC,0,1749712
gyrAp,0.16666666666666666,5,5,ATCATTTATATTAGTACTGA,0,1762787
gyrAp,0.16666666666666666,5,5,AGTCCATGCAACGAATTATA,0,1759601
gyrAp,0.16666666666666666,5,5,AGGGTCTCTGCCGAAAGCAA,0,1745891
gyrAp,0.16666666666666666,5,5,AGGATATGGGCGTACACCAA,0,1745968
gyrAp,0.16666666666666666,5,5,AGCACGCTCTTTAATAATCT,0,1752411
gyrAp,0.16666666666666666,5,5,ACTATTAGGAGATGACAGTT,0,1756679
gyrAp,0.16666666666666666,5,5,ACGTTTAAGCGACAACAATG,0,1745723
gyrAp,0.16666666666666666,5,5,ACATTCCGTAGCCGTCTATT,0,1767494
gyrAp,0.16666666666666666,5,5,ACACGTCTGAGGTCTACGCC,0,1744514
gyrAp,0.16666666666666666,5,5,ACAAGATCCCGGCTTGGAAA,0,1766765
gyrAp,0.16666666666666666,5,5,AATGGCTGTATTAAATGTGC,0,1750401
gyrAp,0.16666666666666666,5,5,AAGTAAAATCCCGTGAACGC,0,1746916
gyrAp,0.16666666666666666,5,5,AAGCCTGATCTGCAGATGAC,0,1766839
gyrAp,0.16666666666666666,5,5,AACCAGTCCACCACCGGGTG,0,1768777
gyrAp,0.16666666666666666,5,5,AAAGTCACGCAAGTGAACCA,0,1744817
gyrAp,0.16666666666666666,5,5,AAAGCACGGGTTGCAAGCCG,0,1758101
gyrAp,0.2,4,4,TTTATCACCCCGGTTTAATA,0,1748598
gyrAp,0.2,4,4,TTGTATGGGAGTGTAAACAA,0,1763854
gyrAp,0.2,4,4,TTCTGGCATATAACAGATGG,0,1743144
gyrAp,0.2,4,4,TTCGGGAACCGATAAGCACA,0,1742186
gyrAp,0.2,4,4,TTCGGAGAGGGTGTTACTTA,0,1769407
gyrAp,0.2,4,4,TTCGCACGATGAGTACTGGC,0,1749144
gyrAp,0.2,4,4,TTCACGCGAGCCGGGCTCCT,0,1763092
gyrAp,0.2,4,4,TTATCATGTCGGTATGTGGA,0,1741467
gyrAp,0.2,4,4,TGTTCCGCACCGCCCAGAAA,0,1743069
gyrAp,0.2,4,4,TGTGGTCGGGTTGCATGTCA,0,1741772
gyrAp,0.2,4,4,TGGCCACTCGCCAAAAGGGT,0,1762322
gyrAp,0.2,4,4,TGGAGGGGTAGCATTAGGTT,0,1745539
gyrAp,0.2,4,4,TGCTCCGGATCTCCATCGAT,0,1770155
gyrAp,0.2,4,4,TGCGGCTCCACCGGAGTTTA,0,1756909
gyrAp,0.2,4,4,TGATGGTCTGGTTCAAATAT,0,1755136
gyrAp,0.2,4,4,TGACAGCATGGTCGTCTAAG,0,1770194
gyrAp,0.2,4,4,TCTTAGCACCCTCAGTCGGT,0,1750076
gyrAp,0.2,4,4,TCGTAATACGCATGCTTTGT,0,1742799
gyrAp,0.2,4,4,TCGAGTAACATGCCGGCCTC,0,1747586
gyrAp,0.2,4,4,TCGAGGAAAGCGAAGACATT,0,1751872
gyrAp,0.2,4,4,TCCTTGCGTTTATACGATGT,0,1746122
gyrAp,0.2,4,4,TCACGGCAATGCGCCAGAAG,0,1750107
gyrAp,0.2,4,4,TATGACTTAAATTTAACATG,0,1747135
gyrAp,0.2,4,4,TATAGAAATTCTGTCCTTTA,0,1745745
gyrAp,0.2,4,4,TATAAATCTAAATGTGTTCG,0,1770766
gyrAp,0.2,4,4,TAGGCACGTGTGAAAACTAA,0,1765311
gyrAp,0.2,4,4,TAGGATGTCCAAAGTCTAAG,0,1753007
gyrAp,0.2,4,4,TACTCACCACTTCTAAGGGG,0,1765954
gyrAp,0.2,4,4,TACAACGACTGATCACATGG,0,1764551
gyrAp,0.2,4,4,TAATATATCGCCATGTAGGG,0,1745051
gyrAp,0.2,4,4,GTTCGTAAGATGGTCTTTGG,0,1751274
gyrAp,0.2,4,4,GTTACGACTCAATGGCCGAA,0,1762017
gyrAp,0.2,4,4,GTTACCCACCCTAGCACCAT,0,1767147
gyrAp,0.2,4,4,GTGCCATTCCGTGGGTGGAC,0,1756839
gyrAp,0.2,4,4,GTCTTGGGAGGACCAAACCC,0,1763629
gyrAp,0.2,4,4,GTCGGTGATTCCGGTATTTT,0,1760266
gyrAp,0.2,4,4,GTCAGGAACAATTGCTGCTA,0,1743751
gyrAp,0.2,4,4,GGTTGAAACGTTCATGATCA,0,1767111
gyrAp,0.2,4,4,GGTAGATATCAAATTAGGCG,0,1749950
gyrAp,0.2,4,4,GGTACATGCATCTGCCGAGT,0,1753451
gyrAp,0.2,4,4,GGGGTAGTTCACGTGGCTGC,0,1762449
gyrAp,0.2,4,4,GGGGCCTGCACTCCTTTCGT,0,1748363
gyrAp,0.2,4,4,GGCTAAACGCATCCAGCTGG,0,1748449
gyrAp,0.2,4,4,GGCGTCCCCCCGAAGCTTTA,0,1751361
gyrAp,0.2,4,4,GGCGCGTAATCCTGCCGACG,0,1743017
gyrAp,0.2,4,4,GGATCGTGGGTAAGCTATCA,0,1744008
gyrAp,0.2,4,4,GGAGTCTGTCCGGACTATGG,0,1769250
gyrAp,0.2,4,4,GGACTCTATGAGCTAGTGTT,0,1742014
gyrAp,0.2,4,4,GGACAATACCGTGTTGTTTG,0,1745666
gyrAp,0.2,4,4,GCTCGTGAAGTTCACAATTG,0,1759247
gyrAp,0.2,4,4,GCGCACAATCGCGCCAAGCC,0,1742868
gyrAp,0.2,4,4,GCCTTCCATCAAGTCTCAAG,0,1743343
gyrAp,0.2,4,4,GCCTCCAGTGTACTTGGTTA,0,1746701
gyrAp,0.2,4,4,GCCCCTCTCGCTCCGATTCT,0,1744876
gyrAp,0.2,4,4,GCAATTCCATAACGTCCTGC,0,1752932
gyrAp,0.2,4,4,GCAACTTTGCCTCGGGAATC,0,1770142
gyrAp,0.2,4,4,GCAACTACCCAGCTAGAGGT,0,1765672
gyrAp,0.2,4,4,GATGTATTCTGCAATCATGT,0,1746069
gyrAp,0.2,4,4,GATATGAGTACATCAACGTG,0,1745007
gyrAp,0.2,4,4,GACTGGATAAGACCCCGTTC,0,1762499
gyrAp,0.2,4,4,GACTATTTTGTGTGATGGGG,0,1743245
gyrAp,0.2,4,4,GACGCGAGGGCAAGTCACAC,0,1759101
gyrAp,0.2,4,4,GACACGTCCTTGATAGGTAA,0,1758324
gyrAp,0.2,4,4,GAATAGGACCAGTCTTTTAA,0,1761314
gyrAp,0.2,4,4,GAAGGGATATTTCTTAATGT,0,1768153
gyrAp,0.2,4,4,GAAGCGTTGGTTTGAAATTC,0,1759484
gyrAp,0.2,4,4,GAACTGGTGCCGACTGGGTA,0,1757277
gyrAp,0.2,4,4,GAAATTGCGTAGACGCACAT,0,1748994
gyrAp,0.2,4,4,CTTCTGCGTGTAGAACGGGT,0,1747297
gyrAp,0.2,4,4,CTTATTCCGGAAAGAGAGAA,0,1743377
gyrAp,0.2,4,4,CTTAAGTGCTTGCCGTAGGG,0,1766935
gyrAp,0.2,4,4,CTGTAACAGATAGTAAGTCT,0,1752437
gyrAp,0.2,4,4,CTGCATGCGGATAAGGCCTG,0,1762583
gyrAp,0.2,4,4,CTGATCCGGCATTTCAATGT,0,1745458
gyrAp,0.2,4,4,CTCCAACATCGTATTTGGAT,0,1748589
gyrAp,0.2,4,4,CTCACGTCATTATTGTTGGA,0,1745329
gyrAp,0.2,4,4,CGGTAACGTGGACAGACGTT,0,1765933
gyrAp,0.2,4,4,CGGGACGGAGTTCGAGTACG,0,1757822
gyrAp,0.2,4,4,CGGCCCTGTATTCGTATGTA,0,1745100
gyrAp,0.2,4,4,CGCGTGTCTGTATGATTCCT,0,1748290
gyrAp,0.2,4,4,CGCGTCGTGCACTAATCATT,0,1753600
gyrAp,0.2,4,4,CGCGGTAGCCGTTGCGTGAG,0,1745287
gyrAp,0.2,4,4,CGCAGGCGCAGGGTGGTTAG,0,1764894
gyrAp,0.2,4,4,CGCACTGATCTACGCGCATC,0,1758636
gyrAp,0.2,4,4,CGATGTGCTGTTTTTATTAC,0,1769609
gyrAp,0.2,4,4,CGACAACGCTTGTTGACCAG,0,1758987
gyrAp,0.2,4,4,CCTGACAGGGTCCTACAACT,0,1756174
gyrAp,0.2,4,4,CCTCGAAGTTTCGTAGTTCG,0,1762094
gyrAp,0.2,4,4,CCTCCACAGGCATCAGCAGT,0,1747851
gyrAp,0.2,4,4,CCTAGTTGGCATGTGAACAT,0,1744171
gyrAp,0.2,4,4,CCGTAATACCAGATTAGCAG,0,1748159
gyrAp,0.2,4,4,CCGGTGCCCGGACTTGGGTA,0,1754935
gyrAp,0.2,4,4,CCGATTACTAAAGGGAGTGT,0,1745005
gyrAp,0.2,4,4,CCGACGTCCGGCCACGCATA,0,1743963
gyrAp,0.2,4,4,CCAGGTAAATGGGTGTCCCG,0,1753302
gyrAp,0.2,4,4,CCACATCACCAAGTTGCAAC,0,1742535
gyrAp,0.2,4,4,CCACAAGCCCTGTCCGAAAG,0,1750084
gyrAp,0.2,4,4,CATTTGCCGGAGTACATGGG,0,1741969
gyrAp,0.2,4,4,CATATACCCCAGGGGTTCTG,0,1746833
gyrAp,0.2,4,4,CATAGTATCGTCCGCGCTAC,0,1741572
gyrAp,0.2,4,4,CAGGGGATCATACAGTCTGA,0,1748258
gyrAp,0.2,4,4,CACGTGGACGACTTTACTCA,0,1759409
gyrAp,0.2,4,4,CAAGTCTTTCTGGCACGGAT,0,1748925
gyrAp,0.2,4,4,CAAGCTATCTGTGTAGTGTG,0,1766384
gyrAp,0.2,4,4,CAAGACTTTGGGTCACCCAA,0,1746999
gyrAp,0.2,4,4,ATTGCGGCCGTAAGGAGGTT,0,1767215
gyrAp,0.2,4,4,ATGGTCGAGCTATAGAAGCT,0,1754519
gyrAp,0.2,4,4,ATGACATTGAAATTACTCAA,0,1746445
gyrAp,0.2,4,4,ATCCGGGACCAAATGATCAC,0,1747049
gyrAp,0.2,4,4,ATCCGGAGGTCATGGCACCC,0,1748747
gyrAp,0.2,4,4,ATAGCTGCAGAAGCCAGCAA,0,1769092
gyrAp,0.2,4,4,ATACCAGTTGTCTTGGAGGC,0,1762077
gyrAp,0.2,4,4,AGTTGACAAAGATACGGAGA,0,1767207
gyrAp,0.2,4,4,AGTGCTTCCCAAGCGGGGAC,0,1755178
gyrAp,0.2,4,4,AGTGATTCCGGCTCTCCGTT,0,1760011
gyrAp,0.2,4,4,AGTAGTCGAAGGGTTAGGCG,0,1744144
gyrAp,0.2,4,4,AGCTGCCCCGGCTACAGTCC,0,1767465
gyrAp,0.2,4,4,AGCTAGTAAAAGGTATTTCG,0,1757274
gyrAp,0.2,4,4,AGCGGAGTGCTGGCCGTTCC,0,1757420
gyrAp,0.2,4,4,AGCGCCCAAACCAAAATTGT,0,1770160
gyrAp,0.2,4,4,AGACGTTGGGGGTCTCCAGT,0,1743958
gyrAp,0.2,4,4,ACTTACGGCCGCGAACAAAT,0,1770396
gyrAp,0.2,4,4,ACGTTTTGGGCGCTCGTGTT,0,1748488
gyrAp,0.2,4,4,ACCGTAGGGTGGCAGAGATT,0,1768979
gyrAp,0.2,4,4,ACCAGTGAGACAATTCTGTT,0,1756380
gyrAp,0.2,4,4,ACACGTGGGACCGTTATCAA,0,1753848
gyrAp,0.2,4,4,ACAAGTCCACCACAGTGACA,0,1755676
gyrAp,0.2,4,4,AATTGGAAAAGGGATCCTAA,0,1766387
gyrAp,0.2,4,4,AAGTGGCATTAGGTTATTTT,0,1763698
gyrAp,0.2,4,4,AAGCCTATTGGAAAGCTAAC,0,1761295
gyrAp,0.2,4,4,AACTCGTTGGGGTGCCCCGG,0,1763331
gyrAp,0.2,4,4,AACGGTCACAGTGGGGTCAC,0,1770651
gyrAp,0.2,4,4,AACGCTTAACGCGTTAATCG,0,1741754
gyrAp,0.2,4,4,AAATATAGCGTATTCCAGCT,0,1747170
gyrAp,0.25,3,3,TTTTTTGCGAGGCCTTAGCA,0,1768162
gyrAp,0.25,3,3,TTTTGCAAGCGTTCGTCGTG,0,1747380
gyrAp,0.25,3,3,TTTGGAGCCCACCACCTGGT,0,1749754
gyrAp,0.25,3,3,TTTATGTCATTCTTCTGGAT,0,1752205
gyrAp,0.25,3,3,TTTATACGTCACAACACCTT,0,1743466
gyrAp,0.25,3,3,TTTACGGCTAGCCCCTATGA,0,1754436
gyrAp,0.25,3,3,TTTAAACTGTATGAATTAGA,0,1751628
gyrAp,0.25,3,3,TTGTCCGGACTCTATCAGAT,0,1766408
gyrAp,0.25,3,3,TTGGTCACATAGGTGGGTCT,0,1746645
gyrAp,0.25,3,3,TTCTGTAGCCAGCACGACTC,0,1744236
gyrAp,0.25,3,3,TTCTATCGCTGTTTCTTGAT,0,1755074
gyrAp,0.25,3,3,TTCGCATGATAATGGCATGT,0,1744124
gyrAp,0.25,3,3,TTCGAGCTCTGAAGTTTAGG,0,1754518
gyrAp,0.25,3,3,TTCCATGGGGTAATATTCAC,0,1741697
gyrAp,0.25,3,3,TTCCACCGGGGACGTGGACA,0,1751959
gyrAp,0.25,3,3,TTCCACAGTGGTTCCTGCCC,0,1742601
gyrAp,0.25,3,3,TTCAGGCAGGTTCAATTAAA,0,1743108
gyrAp,0.25,3,3,TTATTGGAAGGCGGGAGCAT,0,1741696
gyrAp,0.25,3,3,TTAGGCTACCATCGCAGCAA,0,1766973
gyrAp,0.25,3,3,TTAAGGGTTACAGTATGTTG,0,1759103
gyrAp,0.25,3,3,TGTGATTCATCTAGATGTCC,0,1742918
gyrAp,0.25,3,3,TGTCTCTATGACTCTTACAA,0,1748511
gyrAp,0.25,3,3,TGGGTCTCCCTGAGCGGCTC,0,1756445
gyrAp,0.25,3,3,TGGGCGCGGAAATAGCACAT,0,1766065
gyrAp,0.25,3,3,TGGCAGCACAGGACTCTTGC,0,1755645
gyrAp,0.25,3,3,TGCGCAAATGTTCGAGCGCA,0,1762581
gyrAp,0.25,3,3,TGCCGTTTTCAAGGTATAGT,0,1761876
gyrAp,0.25,3,3,TGATTGGTTTCTAGCAGGCC,0,1745214
gyrAp,0.25,3,3,TGACTCAAACCTGTGGTAGA,0,1753835
gyrAp,0.25,3,3,TGACCCTGGATTCGCGACAA,0,1748012
gyrAp,0.25,3,3,TGAATTCCATTGGGGCCTCT,0,1768146
gyrAp,0.25,3,3,TCTTACGATTGGGCGGGCTA,0,1767920
gyrAp,0.25,3,3,TCTGCCGACTCGAGTGTTAC,0,1745113
gyrAp,0.25,3,3,TCTCTATTTAGAAAGAACCA,0,1748603
gyrAp,0.25,3,3,TCTAGCTGTGAGTTGGTTAG,0,1758239
gyrAp,0.25,3,3,TCGCAGCGGATAGCGTTTGA,0,1767644
gyrAp,0.25,3,3,TCCTGACCACATCACAATGC,0,1762325
gyrAp,0.25,3,3,TCCTCCCGCGCCTCCACAAT,0,1757071
gyrAp,0.25,3,3,TCCGACTGTGTTGCGTTCAC,0,1763401
gyrAp,0.25,3,3,TCAGAGTTTCGCTACGCGCT,0,1746564
gyrAp,0.25,3,3,TCAAAGGATTTTTAACGGGT,0,1749182
gyrAp,0.25,3,3,TATGCATGCAACTCGGGAAC,0,1762772
gyrAp,0.25,3,3,TATCCGTGCCCAACTATTGT,0,1753008
gyrAp,0.25,3,3,TATAGATACCAGGTTAGGGG,0,1760927
gyrAp,0.25,3,3,TATACCTATAGGTCGGAAGG,0,1745423
gyrAp,0.25,3,3,TAGACTGGGCTACGGAAGGT,0,1758527
gyrAp,0.25,3,3,TACTTTGAACTCTGGCTCTA,0,1754578
gyrAp,0.25,3,3,TACTGCGCATGTGCGTGAAA,0,1770706
gyrAp,0.25,3,3,TACGGAACTAGCAACTCTGG,0,1742969
gyrAp,0.25,3,3,TACGCTTTCAGGGAAGCTGG,0,1746173
gyrAp,0.25,3,3,TACGATGCCACGTACAATGT,0,1741566
gyrAp,0.25,3,3,TACCCCCACTTGGCCCGCTT,0,1748912
gyrAp,0.25,3,3,TAATTGGATCCTAAACAGCG,0,1749816
gyrAp,0.25,3,3,TAAGCTTCATCCGAGTAATA,0,1757414
gyrAp,0.25,3,3,GTTTGGCACCACAAGTGTAT,0,1769812
gyrAp,0.25,3,3,GTTCTGTAAACGGGCTACCT,0,1757358
gyrAp,0.25,3,3,GTTATATTCCATGCCCGGCA,0,1746446
gyrAp,0.25,3,3,GTTATATGCCACGGCCACGT,0,1759034
gyrAp,0.25,3,3,GTTAGCCGTTTCATAATATA,0,1747799
gyrAp,0.25,3,3,GTGGCTTCAATTTAGGCGGA,0,1749632
gyrAp,0.25,3,3,GTGCCGATATAGGTCAGGTT,0,1742606
gyrAp,0.25,3,3,GTCTTGATCTCTTCTAGCCA,0,1752885
gyrAp,0.25,3,3,GTCGGTCGGTCGAGTTTTAG,0,1743914
gyrAp,0.25,3,3,GTCCGTCCAGGAGAAACAGC,0,1757530
gyrAp,0.25,3,3,GTAAAGAATAAGCTATGCTT,0,1751516
gyrAp,0.25,3,3,GGTTTATTTTATCTGCCTAC,0,1748111
gyrAp,0.25,3,3,GGTTAGAGAGTACGTCGCCA,0,1763692
gyrAp,0.25,3,3,GGTTAAAACTACGCCGTGGC,0,1753033
gyrAp,0.25,3,3,GGGTTTGTGAGCCAGGAGCT,0,1749372
gyrAp,0.25,3,3,GGGTATGAGACAGGACAGTT,0,1744835
gyrAp,0.25,3,3,GGGGTCCCAGGTCGTTGAAG,0,1757929
gyrAp,0.25,3,3,GGGCACTACCTGAATTTTTC,0,1757582
gyrAp,0.25,3,3,GGGACACACATCCTGCCTCA,0,1749206
gyrAp,0.25,3,3,GGCTCTTACAAGAGGCCTAC,0,1750887
gyrAp,0.25,3,3,GGCGGATGTAAGTGCTGGAT,0,1765268
gyrAp,0.25,3,3,GGCGCGGACAACAGTCAAGA,0,1761829
gyrAp,0.25,3,3,GGCCGTCTGGTTGACGAAAG,0,1747966
gyrAp,0.25,3,3,GGCATCTTGGTGTCCGGGGG,0,1764311
gyrAp,0.25,3,3,GGATGGTGCTTGTTAGTCTA,0,1742872
gyrAp,0.25,3,3,GGATGAGTTAGCAGCGGAGG,0,1743358
gyrAp,0.25,3,3,GGAGGTATGGAGAGCCCTAC,0,1768188
gyrAp,0.25,3,3,GGAGCCTAAGGCCCATATTT,0,1753799
gyrAp,0.25,3,3,GGACGGTCTTAGGTAAGAGC,0,1756220
gyrAp,0.25,3,3,GGACAGTTTCTGCCCTATTT,0,1759436
gyrAp,0.25,3,3,GGACAACCGGTTTTTCGGCT,0,1761775
gyrAp,0.25,3,3,GCTTGAGATTGATGGTTGTC,0,1748456
gyrAp,0.25,3,3,GCTGCGGGAGTTGTTGCCAT,0,1753616
gyrAp,0.25,3,3,GCTCTATAGTCCACGCAAGA,0,1745363
gyrAp,0.25,3,3,GCTCGTGCGCCAATACACCT,0,1743103
gyrAp,0.25,3,3,GCTCGAGCTCTTATGAAAAG,0,1755865
gyrAp,0.25,3,3,GCGTGTCACGCCTATGCGCT,0,1747414
gyrAp,0.25,3,3,GCGCAGTAGGCCAGGACATA,0,1767573
gyrAp,0.25,3,3,GCGAGGACTGCATTCTGAGA,0,1753689
gyrAp,0.25,3,3,GCGAATTAAGAAGGCTTCAC,0,1766976
gyrAp,0.25,3,3,GCGAAGGAGGGCGTGTCCTG,0,1763278
gyrAp,0.25,3,3,GCCCCCTGAATAAGGCACAT,0,1744213
gyrAp,0.25,3,3,GCCCCACGCCGTTCGGTAAA,0,1754567
gyrAp,0.25,3,3,GCCACGTTTTATGTCGGATA,0,1753068
gyrAp,0.25,3,3,GCAGCTACCATTATTAATTA,0,1744022
gyrAp,0.25,3,3,GCAACGGTCGTTTTTTCGTT,0,1752912
gyrAp,0.25,3,3,GATGAGAAGGCATTCAAAGT,0,1768600
gyrAp,0.25,3,3,GATACCTCGACGCCTTGCCC,0,1758225
gyrAp,0.25,3,3,GAGCGTGTTCGGAGTTCCGT,0,1767354
gyrAp,0.25,3,3,GACTCGGCCCTTTACGTAAG,0,1742180
gyrAp,0.25,3,3,GACCTCTTCATAAAAGCCTA,0,1761976
gyrAp,0.25,3,3,GAAGAGGCGGGCCTGAACAG,0,1743705
gyrAp,0.25,3,3,GAACTAGATTAAATTTTCTC,0,1752538
gyrAp,0.25,3,3,GAACGGTCCTACGTGCGGGG,0,1743486
gyrAp,0.25,3,3,GAAATTTAGTGACGTACTTG,0,1747015
gyrAp,0.25,3,3,CTTTTTGGAAGTTGCCGCTA,0,1751641
gyrAp,0.25,3,3,CTGGTTGGGCTTAACGCGGG,0,1746278
gyrAp,0.25,3,3,CTGCATAGGGTGGTATGTTC,0,1746714
gyrAp,0.25,3,3,CTCCCCGATAAACAAGGGTG,0,1768415
gyrAp,0.25,3,3,CTCAGGGAAGAGTATCGAAA,0,1751327
gyrAp,0.25,3,3,CTCAGGACCCAGGTCTTCTA,0,1745803
gyrAp,0.25,3,3,CTATGGGAAGTCATATCCGT,0,1753736
gyrAp,0.25,3,3,CTATAAGCCCGGTAAGCAGT,0,1751807
gyrAp,0.25,3,3,CTAGCTAGATTAGGAACTAA,0,1764142
gyrAp,0.25,3,3,CTACAGGGAGGGTTGGCACA,0,1743332
gyrAp,0.25,3,3,CGTGTGCATGTCAAAGAGTT,0,1758025
gyrAp,0.25,3,3,CGTGGAAAGTAGTCTCCAGG,0,1769722
gyrAp,0.25,3,3,CGTCACTCGAACTGAACTGC,0,1749396
gyrAp,0.25,3,3,CGTATTCATTGGAGACATAA,0,1762438
gyrAp,0.25,3,3,CGTATAATTCTCTCCTGTGA,0,1752571
gyrAp,0.25,3,3,CGTAGCAATATATTTTGAAA,0,1744752
gyrAp,0.25,3,3,CGGTTGAAACGATCGCATTG,0,1767589
gyrAp,0.25,3,3,CGGCCACGCTCGTGCACGTT,0,1747794
gyrAp,0.25,3,3,CGCTTTTTGATGGACTTCTT,0,1743394
gyrAp,0.25,3,3,CGCGTACCGCTGAGACTGGA,0,1749084
gyrAp,0.25,3,3,CGCGAAGGGATGGTCAAATT,0,1765053
gyrAp,0.25,3,3,CGCAAATCAGACATCGTTCA,0,1752903
gyrAp,0.25,3,3,CGAGTTAGAGATATTGCAGT,0,1748104
gyrAp,0.25,3,3,CGAGATATAGGGTACCAAGT,0,1745982
gyrAp,0.25,3,3,CGACCGCCCATTGGCTGAGG,0,1766102
gyrAp,0.25,3,3,CGACATTTTACGATTTATTA,0,1763256
gyrAp,0.25,3,3,CCTATGAAGCTCTTGATCTG,0,1752439
gyrAp,0.25,3,3,CCCCCGAGGTAGCGCTGGTA,0,1753690
gyrAp,0.25,3,3,CCCAAGGTCCTGAGTTGTAG,0,1761374
gyrAp,0.25,3,3,CCATTTTGGCGAAAAATACT,0,1763814
gyrAp,0.25,3,3,CATTCAGTCCGGCCACGTCA,0,1747342
gyrAp,0.25,3,3,CATTAACCTTTCCTATTTTA,0,1766923
gyrAp,0.25,3,3,CATGTCGAAACAGATAATAC,0,1746026
gyrAp,0.25,3,3,CATGATTTACGTTATATTAA,0,1769329
gyrAp,0.25,3,3,CATATACGCATCCTACGATC,0,1755916
gyrAp,0.25,3,3,CATAGATCTTTCGCAATACA,0,1747687
gyrAp,0.25,3,3,CATAACCCTTGAGATCCCAT,0,1745280
gyrAp,0.25,3,3,CAGTAGCGCAAAGAAGGGAC,0,1756494
gyrAp,0.25,3,3,CAGGTGAATCGCAGGTAGGG,0,1742968
gyrAp,0.25,3,3,CAGCTGGTCACGACGCAGTT,0,1766882
gyrAp,0.25,3,3,CACCGCCGTTTAACAACACC,0,1763019
gyrAp,0.25,3,3,CACACTTTATTAATACCTAT,0,1750641
gyrAp,0.25,3,3,CAATTCGCTGTCGTCTCAGG,0,1741893
gyrAp,0.25,3,3,CAAAGATATCCAGCCTCAAT,0,1763831
gyrAp,0.25,3,3,ATTCTCCTCCCTACGTGCCA,0,1767160
gyrAp,0.25,3,3,ATTCGTTGCTAGCTTACATG,0,1742637
gyrAp,0.25,3,3,ATTATCACCAAGTACAGAAA,0,1755305
gyrAp,0.25,3,3,ATTATATTGTGGGGTAGATT,0,1749026
gyrAp,0.25,3,3,ATGTTTCGCGTTCGGGGAGC,0,1742505
gyrAp,0.25,3,3,ATGGTAAGCCAGTCATTTAA,0,1754422
gyrAp,0.25,3,3,ATGGGTATACCCCTGGGCGT,0,1762447
gyrAp,0.25,3,3,ATGGGAAGTTCGTAGATGAA,0,1763229
gyrAp,0.25,3,3,ATGCATCCAAGATGAGTCAG,0,1750678
gyrAp,0.25,3,3,ATGATCAAGGGTTCCGACCG,0,1760267
gyrAp,0.25,3,3,ATCGACCATCGGGAAAACCC,0,1767358
gyrAp,0.25,3,3,ATCCAGCGCCTGAAATCTTC,0,1750830
gyrAp,0.25,3,3,ATCATTGGCAGTAGTCCTTG,0,1746131
gyrAp,0.25,3,3,ATATCATGGGTACTCGACCT,0,1758062
gyrAp,0.25,3,3,ATATAGCGTTCTAATGAGAG,0,1749849
gyrAp,0.25,3,3,ATAGCAAGAGGGACAGACCT,0,1744194
gyrAp,0.25,3,3,ATACTATCCGGCACTCCTAG,0,1748260
gyrAp,0.25,3,3,ATACGCACGACAGTTCTATG,0,1741760
gyrAp,0.25,3,3,ATAAAAGCGAATTAGGCCAG,0,1762466
gyrAp,0.25,3,3,AGTTCCTCTGGTTGGGAATT,0,1750643
gyrAp,0.25,3,3,AGTGAGTAGGCGTCAGCGAT,0,1764683
gyrAp,0.25,3,3,AGTCTCAAGAAATCGGGTAA,0,1763413
gyrAp,0.25,3,3,AGTCTAGGAGTATCAAGCGT,0,1747669
gyrAp,0.25,3,3,AGTCGCAGCAAAGACTGTTG,0,1766261
gyrAp,0.25,3,3,AGTAGGGAGTTACCAATGCA,0,1753069
gyrAp,0.25,3,3,AGGTGGGCAGTGTTTAACGT,0,1746945
gyrAp,0.25,3,3,AGGTACAGGCTCAGAGGGTT,0,1759787
gyrAp,0.25,3,3,AGGTAAGGTGTCGGATTTTG,0,1751858
gyrAp,0.25,3,3,AGGGTCCATGTACGTTAGGG,0,1769679
gyrAp,0.25,3,3,AGGGAAGGCCGGCTTGGCCA,0,1758652
gyrAp,0.25,3,3,AGGCTGAATTTTGTTTGGAT,0,1762346
gyrAp,0.25,3,3,AGGCATGCGCAGTAGGAATG,0,1749701
gyrAp,0.25,3,3,AGGCACACTCAGTTACCTGT,0,1743989
gyrAp,0.25,3,3,AGGACAGTTCGGCGCCAGGC,0,1765191
gyrAp,0.25,3,3,AGCTCTAAGGGGCCGTCCGA,0,1762126
gyrAp,0.25,3,3,AGCTCAACATCCTGTTCAGT,0,1761590
gyrAp,0.25,3,3,AGCGTATGCTAATACGTGGT,0,1743272
gyrAp,0.25,3,3,AGATCAAACGACGGAAGGTA,0,1750713
gyrAp,0.25,3,3,AGATAGGAAGATCACGAGCG,0,1747642
gyrAp,0.25,3,3,AGACCGCCCTCTTGCGACAG,0,1742616
gyrAp,0.25,3,3,AGACCAGTTGTTTGATCTCA,0,1747743
gyrAp,0.25,3,3,ACTGTTTGATGCCGGTTTTT,0,1760883
gyrAp,0.25,3,3,ACTGCTAATCCTTAAGAGAC,0,1763412
gyrAp,0.25,3,3,ACCATTTACAGCGAATTGAA,0,1753381
gyrAp,0.25,3,3,ACCACTGGACCACACGCGAG,0,1748657
gyrAp,0.25,3,3,ACATAGCGTGGATTGAGTAG,0,1748995
gyrAp,0.25,3,3,ACAGGGAAGTTCAAGCTTAA,0,1760392
gyrAp,0.25,3,3,ACAGAGGCCTTGCTATGTTA,0,1745279
gyrAp,0.25,3,3,ACACACCTTCGGATATATCA,0,1751502
gyrAp,0.25,3,3,ACAATATAAGGGGCCTGACC,0,1752949
gyrAp,0.25,3,3,ACAAAAGGTGAGGTAACTTT,0,1749568
gyrAp,0.25,3,3,AATTTCAGGTATCCTATAAG,0,1766025
gyrAp,0.25,3,3,AATTGCTTTAAATGGGACAG,0,1755148
gyrAp,0.25,3,3,AATTATCGTGCATGTAATAC,0,1766281
gyrAp,0.25,3,3,AATGCTGGGTCGGATGTGCG,0,1769701
gyrAp,0.25,3,3,AATGCCCCACGACAACGGCG,0,1754388
gyrAp,0.25,3,3,AATCCTGATCTTAATGGTGC,0,1747053
gyrAp,0.25,3,3,AATCAAATCCATAAACGTTC,0,1748524
gyrAp,0.25,3,3,AATACTTTTAAGAAGCCCAT,0,1745440
gyrAp,0.25,3,3,AAGGTGTGAGCGACATACGT,0,1744608
gyrAp,0.25,3,3,AAGGAAATCAAGATTTGAAT,0,1747813
gyrAp,0.25,3,3,AAGCGCCACTTTAACGAAAT,0,1759441
gyrAp,0.25,3,3,AAGATCCGATAGTGCTAGCG,0,1762103
gyrAp,0.25,3,3,AACGCACACAACGTTTAAAA,0,1766505
gyrAp,0.25,3,3,AACAGGTGGATGCGAAGGAT,0,1765941
gyrAp,0.25,3,3,AAATAGAGTACGGAAAGGAG,0,1757008
gyrAp,0.25,3,3,AAAGGAAACCCGTTACGCGG,0,1760180
gyrAp,0.25,3,3,AAAGACGTTTACTCACTAAT,0,1767356
gyrAp,0.25,3,3,AAAATTGCATCTGTCCCACT,0,1763727
gyrAp,0.25,3,3,AAAAGACAAGGGTCCTTATG,0,1742349
gyrAp,0.25,3,3,AAAACCACTGTCCGAAAGAG,0,1765606
gyrAp,0.3333333333333333,2,2,TTTGTGAGATCGATAAACAG,0,1757012
gyrAp,0.3333333333333333,2,2,TTTCTGACAACTACACACGG,0,1756787
gyrAp,0.3333333333333333,2,2,TTGTCCACCGCGTGCACAGG,0,1744705
gyrAp,0.3333333333333333,2,2,TTGTCAGCTACGGGAAACTT,0,1761942
gyrAp,0.3333333333333333,2,2,TTGTACGATGCATGGTTAAT,0,1747832
gyrAp,0.3333333333333333,2,2,TTGATGAAGCGTTCAATTAC,0,1754489
gyrAp,0.3333333333333333,2,2,TTGACTAGGCTTGAACAGTG,0,1761116
gyrAp,0.3333333333333333,2,2,TTCTGGGATCCTCTTCCTTG,0,1769775
gyrAp,0.3333333333333333,2,2,TTCGTCCCCCTAGAACGGAT,0,1741821
gyrAp,0.3333333333333333,2,2,TTCGGCATCTCTTGATGCGG,0,1766740
gyrAp,0.3333333333333333,2,2,TTCAGGAACTCTCTACTCGT,0,1749890
gyrAp,0.3333333333333333,2,2,TTCAAACAGTAGTTGCACTG,0,1746170
gyrAp,0.3333333333333333,2,2,TTATGGGCATTGTATGATAG,0,1766081
gyrAp,0.3333333333333333,2,2,TTAAGAGACGAGCGATCACT,0,1766244
gyrAp,0.3333333333333333,2,2,TGTTACGGCAGTCCAGACAG,0,1748465
gyrAp,0.3333333333333333,2,2,TGTGTGGCGTTTAATTGGCA,0,1743061
gyrAp,0.3333333333333333,2,2,TGTCGCATTGATGGAGGTGA,0,1746031
gyrAp,0.3333333333333333,2,2,TGGTATCAAGTCCTCACACT,0,1768762
gyrAp,0.3333333333333333,2,2,TGGGTTCGCGCTTATCGTAC,0,1768659
gyrAp,0.3333333333333333,2,2,TGGGGGCGTGTGCGAAATCT,0,1748311
gyrAp,0.3333333333333333,2,2,TGGGGACTCATTTATGTGAA,0,1743704
gyrAp,0.3333333333333333,2,2,TGGCGCACTCATCACTCCTT,0,1746663
gyrAp,0.3333333333333333,2,2,TGGATGTTAGGTCTAACTCT,0,1760511
gyrAp,0.3333333333333333,2,2,TGGAGCCATAAATGGCACTT,0,1742157
gyrAp,0.3333333333333333,2,2,TGGAGCATTCCATATTTAGA,0,1749011
gyrAp,0.3333333333333333,2,2,TGGACGTGTAAAACTGGGAA,0,1755584
gyrAp,0.3333333333333333,2,2,TGCCGCATAACAGTGTAGTA,0,1750719
gyrAp,0.3333333333333333,2,2,TGCCGAGGTGAAGCGGATGT,0,1749732
gyrAp,0.3333333333333333,2,2,TGCCCAGCCACGATTTGACC,0,1760203
gyrAp,0.3333333333333333,2,2,TGCCCAACATACCCGAGTGC,0,1765485
gyrAp,0.3333333333333333,2,2,TGCATTACTAAAAACATTCA,0,1749874
gyrAp,0.3333333333333333,2,2,TGCATGAAGTGTCGGACGTG,0,1748514
gyrAp,0.3333333333333333,2,2,TGCAGGATAGAGGGTGTAGA,0,1752306
gyrAp,0.3333333333333333,2,2,TGCAGCTGTTCCTCACGACT,0,1748909
gyrAp,0.3333333333333333,2,2,TGATTTCTAAAAGCCACGGT,0,1742825
gyrAp,0.3333333333333333,2,2,TGATCCTCGCGGGACGTCTA,0,1760330
gyrAp,0.3333333333333333,2,2,TGATATGACATTAGACTCCA,0,1767755
gyrAp,0.3333333333333333,2,2,TGACTGGAATGGGGCGGGAA,0,1756095
gyrAp,0.3333333333333333,2,2,TGACTATTGCGTGGCAACCT,0,1743337
gyrAp,0.3333333333333333,2,2,TGACGGTATAGCGTGTGAAG,0,1756218
gyrAp,0.3333333333333333,2,2,TCTTTACCAGGGGGCATCGC,0,1748642
gyrAp,0.3333333333333333,2,2,TCTGGTGCTAGGCCTGTGGT,0,1763404
gyrAp,0.3333333333333333,2,2,TCTGGGTTCACTTAAGAGCT,0,1754699
gyrAp,0.3333333333333333,2,2,TCTCTTGGCCCACGTTTGGA,0,1759280
gyrAp,0.3333333333333333,2,2,TCTCCCAAGATATATGGGGG,0,1758739
gyrAp,0.3333333333333333,2,2,TCGGGTGTGAAGAGGGCGCT,0,1742351
gyrAp,0.3333333333333333,2,2,TCGGGACCTTGGACCGTGTG,0,1757140
gyrAp,0.3333333333333333,2,2,TCGGCTGTAGTAGTATTGTT,0,1755909
gyrAp,0.3333333333333333,2,2,TCGCTTGGTAGTACAACAGA,0,1742467
gyrAp,0.3333333333333333,2,2,TCGCGTGGGGGTATGGCCCC,0,1746184
gyrAp,0.3333333333333333,2,2,TCGAAGGACTGGCAGAGTAC,0,1742819
gyrAp,0.3333333333333333,2,2,TCCTTGACTGCGAACCAGGA,0,1751867
gyrAp,0.3333333333333333,2,2,TCCTGTGGACGACTGGGCAT,0,1758451
gyrAp,0.3333333333333333,2,2,TCCGTGTAGTTACGTGGTCA,0,1743198
gyrAp,0.3333333333333333,2,2,TCCGGTTTGTATCACGAGAG,0,1745897
gyrAp,0.3333333333333333,2,2,TCCCACTATCTGAGTGGGCA,0,1757253
gyrAp,0.3333333333333333,2,2,TCCACCTTTTCCAAGTGGAG,0,1752211
gyrAp,0.3333333333333333,2,2,TCATGGTTTTTTAAAATAAA,0,1759293
gyrAp,0.3333333333333333,2,2,TCAGGCCTGTGTCCAGGTAA,0,1755196
gyrAp,0.3333333333333333,2,2,TCAGATTAGTTTAGAGGTAG,0,1758409
gyrAp,0.3333333333333333,2,2,TCAGAACTTCGCTAGACTGA,0,1750612
gyrAp,0.3333333333333333,2,2,TCACTCATTGTCTAGGAAAA,0,1751587
gyrAp,0.3333333333333333,2,2,TCACTACAGTGACACGGGAA,0,1748495
gyrAp,0.3333333333333333,2,2,TCAACATTCACATTCCAGTC,0,1769654
gyrAp,0.3333333333333333,2,2,TATTACTATCCTAAGGCACG,0,1754555
gyrAp,0.3333333333333333,2,2,TATGACTTGGGCACGTTTAG,0,1761504
gyrAp,0.3333333333333333,2,2,TATGACCTGCTGCTAACGCT,0,1758074
gyrAp,0.3333333333333333,2,2,TATCAGGTGCTATTCCGACA,0,1752576
gyrAp,0.3333333333333333,2,2,TATAATAGCGTGTATATGAC,0,1747498
gyrAp,0.3333333333333333,2,2,TATAACCTAAAACTCCGAAC,0,1751487
gyrAp,0.3333333333333333,2,2,TAGGTGGCGAGATAAATATT,0,1767757
gyrAp,0.3333333333333333,2,2,TAGGCCGGGCTGTGGCGCCA,0,1758337
gyrAp,0.3333333333333333,2,2,TAGCCTAACACTGGTCTCGC,0,1743334
gyrAp,0.3333333333333333,2,2,TAGCCAATGAAAGCGGGTGT,0,1750199
gyrAp,0.3333333333333333,2,2,TACTCCGACTTCACATGGGG,0,1764624
gyrAp,0.3333333333333333,2,2,TACCTCTCCTTTATGACAAA,0,1760629
gyrAp,0.3333333333333333,2,2,TAATTTGACCGTTTAGGCTT,0,1753404
gyrAp,0.3333333333333333,2,2,TAATGATGAACTGGACATAG,0,1747534
gyrAp,0.3333333333333333,2,2,TAATAGGATGAATCAACGAC,0,1770508
gyrAp,0.3333333333333333,2,2,TAACAAGGGTCCGATATGTT,0,1756829
gyrAp,0.3333333333333333,2,2,TAACAACTTGCGGGAGATTC,0,1769809
gyrAp,0.3333333333333333,2,2,TAAAGTTAAATACTACAAGA,0,1755324
gyrAp,0.3333333333333333,2,2,TAAAGACTTGGTGGCAACCA,0,1749079
gyrAp,0.3333333333333333,2,2,GTTTCATAGAAACCACTGTA,0,1760844
gyrAp,0.3333333333333333,2,2,GTTGTTTGACGGTGGATAAA,0,1754525
gyrAp,0.3333333333333333,2,2,GTTCTTAAAATTCATTAATG,0,1770117
gyrAp,0.3333333333333333,2,2,GTTCTCGCCGATCGCATTTA,0,1765558
gyrAp,0.3333333333333333,2,2,GTTCTATTGCAGCGTCAAAT,0,1757372
gyrAp,0.3333333333333333,2,2,GTTCGGTTCACCATTAACGC,0,1758237
gyrAp,0.3333333333333333,2,2,GTTCCTCTTTGTAGATACGT,0,1758415
gyrAp,0.3333333333333333,2,2,GTTAACAGATGCGTTAACAA,0,1752071
gyrAp,0.3333333333333333,2,2,GTGTTTCTACGTATAATGGG,0,1761351
gyrAp,0.3333333333333333,2,2,GTGGTTGTCCGGCCCGATTA,0,1748463
gyrAp,0.3333333333333333,2,2,GTGGGGTGGTTGGTTTACTG,0,1748797
gyrAp,0.3333333333333333,2,2,GTGGGGTCTAGAACCGGACT,0,1754622
gyrAp,0.3333333333333333,2,2,GTGCGTGATCACGCCGATGT,0,1768884
gyrAp,0.3333333333333333,2,2,GTGCATGTAGAAGGTAATGT,0,1746768
gyrAp,0.3333333333333333,2,2,GTGAGTGCTACATAGCAAGG,0,1762202
gyrAp,0.3333333333333333,2,2,GTGACTTGAAGTTTTTTGGG,0,1754782
gyrAp,0.3333333333333333,2,2,GTGACGCCCGAGCAACGAGC,0,1754206
gyrAp,0.3333333333333333,2,2,GTGACGAACCGGACGTTTTC,0,1745233
gyrAp,0.3333333333333333,2,2,GTCTCGTATCGGTAACATTG,0,1742280
gyrAp,0.3333333333333333,2,2,GTCTCAATTACGGTAGCTAG,0,1763158
gyrAp,0.3333333333333333,2,2,GTCTATACTCTAGACGATGG,0,1760793
gyrAp,0.3333333333333333,2,2,GTCTAAAGTTTGTTGTATGC,0,1749865
gyrAp,0.3333333333333333,2,2,GTCGTGCCATTCTGTCTAAG,0,1763439
gyrAp,0.3333333333333333,2,2,GTCCGTTCGGTGCCTGCGCA,0,1744146
gyrAp,0.3333333333333333,2,2,GTCCATTCCAGGATAGGTTA,0,1748998
gyrAp,0.3333333333333333,2,2,GTCCAAATTACTTGCGGGCT,0,1746626
gyrAp,0.3333333333333333,2,2,GTATGTCCCGAAGCAAATCT,0,1748187
gyrAp,0.3333333333333333,2,2,GTAGGGCGTCCCACTTCTTA,0,1766150
gyrAp,0.3333333333333333,2,2,GTAGGCATCCCGTTTGGAAT,0,1759612
gyrAp,0.3333333333333333,2,2,GTAGCTTTAGGCGCCTCCCG,0,1770529
gyrAp,0.3333333333333333,2,2,GTACCAAAATTCCCGCGTGT,0,1745175
gyrAp,0.3333333333333333,2,2,GGTTTTCTGATTGAGCTTGA,0,1746174
gyrAp,0.3333333333333333,2,2,GGTGACTGATTTACAGTGGT,0,1754406
gyrAp,0.3333333333333333,2,2,GGTCTAAAACAATTGTTCGC,0,1745854
gyrAp,0.3333333333333333,2,2,GGTACCCTCGTGGGTTTATT,0,1743294
gyrAp,0.3333333333333333,2,2,GGGTACAAGGGCGGAGGTTT,0,1756368
gyrAp,0.3333333333333333,2,2,GGGGTTTAACGAAGGTATAA,0,1745634
gyrAp,0.3333333333333333,2,2,GGGGTTAGACCGTTTGAAAT,0,1770167
gyrAp,0.3333333333333333,2,2,GGGGGTTCTTGTCGAGAGTG,0,1750098
gyrAp,0.3333333333333333,2,2,GGGCGAATTTACGTGGTACC,0,1764888
gyrAp,0.3333333333333333,2,2,GGGATCTAGTCATCGCGAAA,0,1760489
gyrAp,0.3333333333333333,2,2,GGGACAGCAGTTGTCTTTTT,0,1744742
gyrAp,0.3333333333333333,2,2,GGGAACGAGTAGGTTCTATA,0,1768567
gyrAp,0.3333333333333333,2,2,GGCTTATAAGTTGTCATTTT,0,1757554
gyrAp,0.3333333333333333,2,2,GGCTGGTTATTTACCTGTTC,0,1769033
gyrAp,0.3333333333333333,2,2,GGCTCGAGAGTGCACTTCAA,0,1761498
gyrAp,0.3333333333333333,2,2,GGCGTGGGGGTACCTACTGA,0,1745858
gyrAp,0.3333333333333333,2,2,GGCGCGTACCTTAATGCTCC,0,1747003
gyrAp,0.3333333333333333,2,2,GGCATGCAAGTCGTAGGGCG,0,1750613
gyrAp,0.3333333333333333,2,2,GGCAGATGGATGCACTTCTT,0,1768112
gyrAp,0.3333333333333333,2,2,GGATGCATCCGGCAAAAATA,0,1753893
gyrAp,0.3333333333333333,2,2,GGATGAGCAGTATTGCCTTT,0,1753859
gyrAp,0.3333333333333333,2,2,GGAGTGGGTAAGGCATTAGA,0,1742398
gyrAp,0.3333333333333333,2,2,GGAGTGGAATTTAGCAACTC,0,1745651
gyrAp,0.3333333333333333,2,2,GGAGTAATCCTAGGGGTTAC,0,1742695
gyrAp,0.3333333333333333,2,2,GGACTAGGCCACAGGAGTGG,0,1754310
gyrAp,0.3333333333333333,2,2,GGACATGCTCATTCATACAC,0,1757772
gyrAp,0.3333333333333333,2,2,GGAATGATCACACAGAAATT,0,1767277
gyrAp,0.3333333333333333,2,2,GGAATCAAAGCTGCGATCGA,0,1745278
gyrAp,0.3333333333333333,2,2,GGAAGGGTGCTGTACAGGGG,0,1744916
gyrAp,0.3333333333333333,2,2,GGAAACGTTGTACCGCTAGC,0,1744093
gyrAp,0.3333333333333333,2,2,GGAAACCGTTCACCGAACTC,0,1742808
gyrAp,0.3333333333333333,2,2,GCTTCCTCGCATTACGCCAG,0,1767576
gyrAp,0.3333333333333333,2,2,GCTTAACCTAAGGCTCCACT,0,1747459
gyrAp,0.3333333333333333,2,2,GCTGTGCTATGGTGAAGTGG,0,1760626
gyrAp,0.3333333333333333,2,2,GCTGACAGTGAAGGAGTGGG,0,1746261
gyrAp,0.3333333333333333,2,2,GCTAATTTAGTATTCCGGAC,0,1753724
gyrAp,0.3333333333333333,2,2,GCTAAATAAGATGAGCGATT,0,1742210
gyrAp,0.3333333333333333,2,2,GCGCCGTTCCTGGTACGAAT,0,1766601
gyrAp,0.3333333333333333,2,2,GCCCCGACATGCAATCCGAC,0,1766341
gyrAp,0.3333333333333333,2,2,GCCACAATGAGAGAAACTAA,0,1753853
gyrAp,0.3333333333333333,2,2,GCCACAAGCGTACGTCGGAC,0,1762634
gyrAp,0.3333333333333333,2,2,GCATTCAAGAGTAAGGCCTA,0,1747994
gyrAp,0.3333333333333333,2,2,GCAGTCAGCCGTACGCAGGT,0,1759993
gyrAp,0.3333333333333333,2,2,GCAGGGAGGCCCAGCGGTGA,0,1757449
gyrAp,0.3333333333333333,2,2,GCACGTACGCTAAGGCGAGA,0,1750377
gyrAp,0.3333333333333333,2,2,GCACGACAATGGGTCAGGTA,0,1754207
gyrAp,0.3333333333333333,2,2,GCAATAGCGCTCTCGTTGGG,0,1760928
gyrAp,0.3333333333333333,2,2,GATTTATGAAACGGGGTTGG,0,1763509
gyrAp,0.3333333333333333,2,2,GATTGCAATTAGCTCGCATA,0,1757957
gyrAp,0.3333333333333333,2,2,GATTGAACTTGGGTTATGAG,0,1765398
gyrAp,0.3333333333333333,2,2,GATTCTGCAGCATTATGTCC,0,1744325
gyrAp,0.3333333333333333,2,2,GATTCGAAGCAATCCATTCG,0,1742931
gyrAp,0.3333333333333333,2,2,GATGTCTTAGATCAGGCCGT,0,1757223
gyrAp,0.3333333333333333,2,2,GATCATATTAGTACCGGAAT,0,1748673
gyrAp,0.3333333333333333,2,2,GATCAATTAGCCACTACAAC,0,1763479
gyrAp,0.3333333333333333,2,2,GATATGGTTTCCGACTGTTT,0,1746998
gyrAp,0.3333333333333333,2,2,GATATGGATAGGTAAGTATA,0,1766337
gyrAp,0.3333333333333333,2,2,GAGTTATGCTCCTTTTGACG,0,1770035
gyrAp,0.3333333333333333,2,2,GAGCATTCGGTGTTCAAAAA,0,1769920
gyrAp,0.3333333333333333,2,2,GACGTAATTAATAGGATAAG,0,1747944
gyrAp,0.3333333333333333,2,2,GACGATGGAATGGATCGGAT,0,1748232
gyrAp,0.3333333333333333,2,2,GACGAAACCACCAGCTAGGG,0,1755445
gyrAp,0.3333333333333333,2,2,GACCGTAGGCGGAAGATCGT,0,1763818
gyrAp,0.3333333333333333,2,2,GACCAATACCCCAACAGAGA,0,1745328
gyrAp,0.3333333333333333,2,2,GACAGGATCCACCTAAGCAT,0,1752657
gyrAp,0.3333333333333333,2,2,GACACTTGGGTGGGGTTCTC,0,1745370
gyrAp,0.3333333333333333,2,2,GACAAAAGCGATCTGCGACA,0,1757239
gyrAp,0.3333333333333333,2,2,GAATGAGTCTTGATAGAGGC,0,1761215
gyrAp,0.3333333333333333,2,2,GAAGTATAAGGTCACTATGT,0,1748079
gyrAp,0.3333333333333333,2,2,GAAGGGAGGGAACTTACGAG,0,1757517
gyrAp,0.3333333333333333,2,2,GAAGGAATCTTTGGACGAAA,0,1745899
gyrAp,0.3333333333333333,2,2,GAAGCAAGGTATATTCTGGA,0,1767036
gyrAp,0.3333333333333333,2,2,GAACTCAACTTCGGACTGCG,0,1747341
gyrAp,0.3333333333333333,2,2,GAACCCATTGTCGTCCGAAG,0,1765521
gyrAp,0.3333333333333333,2,2,GAAACGGTGTGTCACCACGG,0,1760335
gyrAp,0.3333333333333333,2,2,GAAAATCGTTGCTGGATTCA,0,1755399
gyrAp,0.3333333333333333,2,2,CTTTCATCGAAAGCATAAAG,0,1744611
gyrAp,0.3333333333333333,2,2,CTTGAGATGGGGCATCTGCA,0,1750619
gyrAp,0.3333333333333333,2,2,CTTCAGGGGTGAGGATGCGA,0,1760813
gyrAp,0.3333333333333333,2,2,CTTATGCAACGGTGGGTATA,0,1754683
gyrAp,0.3333333333333333,2,2,CTGTTGAAGCTCCGTTGGGA,0,1766479
gyrAp,0.3333333333333333,2,2,CTGTAGAAACCGCCCAAATA,0,1743499
gyrAp,0.3333333333333333,2,2,CTGGGTGACATAAACCGAAT,0,1750710
gyrAp,0.3333333333333333,2,2,CTGGGCTATACTCAGGTTAT,0,1743847
gyrAp,0.3333333333333333,2,2,CTGGGAGCCCTCTTTGATAG,0,1754860
gyrAp,0.3333333333333333,2,2,CTGCGTGAATCGATTTACCA,0,1748795
gyrAp,0.3333333333333333,2,2,CTGCACATGGGGGGACGCTT,0,1764126
gyrAp,0.3333333333333333,2,2,CTCTGGCAACGCGACTATCG,0,1765516
gyrAp,0.3333333333333333,2,2,CTCGTTCGACGTTGGTCTAA,0,1765732
gyrAp,0.3333333333333333,2,2,CTCCTGAAATGAGTTAAGTA,0,1758594
gyrAp,0.3333333333333333,2,2,CTCCGTCCTAGGACGGTGGG,0,1756974
gyrAp,0.3333333333333333,2,2,CTCCGGGAAAGTCTGCTGTC,0,1756830
gyrAp,0.3333333333333333,2,2,CTCCCGGAACTGCTCCAACT,0,1750160
gyrAp,0.3333333333333333,2,2,CTATGGTGCTCGGAGTGGGA,0,1770428
gyrAp,0.3333333333333333,2,2,CTAGTCTGTCGGGTACCACA,0,1749518
gyrAp,0.3333333333333333,2,2,CTACTCGATCAAATGAAGTT,0,1748755
gyrAp,0.3333333333333333,2,2,CTACCGAGTGGGTCCAATCA,0,1751412
gyrAp,0.3333333333333333,2,2,CTAAGTTGTTGCGCTATGGC,0,1765227
gyrAp,0.3333333333333333,2,2,CGTTTCGGCTGCATTCCCGA,0,1759254
gyrAp,0.3333333333333333,2,2,CGTTAGTAACACCAGGAGTA,0,1750132
gyrAp,0.3333333333333333,2,2,CGTGGAGACAAAGCCGGAAG,0,1761227
gyrAp,0.3333333333333333,2,2,CGTCCGGCTCCTACAGCCAC,0,1751010
gyrAp,0.3333333333333333,2,2,CGTCATCTTGCGGGACCAGC,0,1743593
gyrAp,0.3333333333333333,2,2,CGTACTGGTCCACTCACGCT,0,1763645
gyrAp,0.3333333333333333,2,2,CGTAACTACACGTAACGTCC,0,1746508
gyrAp,0.3333333333333333,2,2,CGGGACCCTGTTGGCGGCTA,0,1749242
gyrAp,0.3333333333333333,2,2,CGGAAGTGTTTAGGTTATTG,0,1764013
gyrAp,0.3333333333333333,2,2,CGCTGTGAGAACCGGCCACT,0,1768666
gyrAp,0.3333333333333333,2,2,CGCATGGAGGGGGACCAATA,0,1747774
gyrAp,0.3333333333333333,2,2,CGCAGGGGCACAATCCACTT,0,1743357
gyrAp,0.3333333333333333,2,2,CGCACACGAATTATTCACAT,0,1756047
gyrAp,0.3333333333333333,2,2,CGCAAGGGATACGGCCAAGC,0,1741915
gyrAp,0.3333333333333333,2,2,CGATGTGTTTGGACGTGATA,0,1754220
gyrAp,0.3333333333333333,2,2,CGATCCAGGGATATGGCAAT,0,1757919
gyrAp,0.3333333333333333,2,2,CGATCAGGGTTGACAGCGTA,0,1761409
gyrAp,0.3333333333333333,2,2,CGATAGGGCGGCTCCCGCCA,0,1756911
gyrAp,0.3333333333333333,2,2,CGAGTTCCATGTCCGACAAG,0,1747425
gyrAp,0.3333333333333333,2,2,CGAGGGCTTAGGTAACATAT,0,1757419
gyrAp,0.3333333333333333,2,2,CCTCGCTCGTTCTATCTCCG,0,1767360
gyrAp,0.3333333333333333,2,2,CCGTGTAGACGTGTTTGTCT,0,1753154
gyrAp,0.3333333333333333,2,2,CCGTGGTCTGCGCGTATGAT,0,1754325
gyrAp,0.3333333333333333,2,2,CCGGACTATACAATGCACGG,0,1763764
gyrAp,0.3333333333333333,2,2,CCGCTGACAGCTAAAAAAAA,0,1750961
gyrAp,0.3333333333333333,2,2,CCCTGTCCCGTTGTGTTGAG,0,1768727
gyrAp,0.3333333333333333,2,2,CCCTGGTTGGACAAGAAGAT,0,1764974
gyrAp,0.3333333333333333,2,2,CCCTCTTCGGGTGGGCGCGT,0,1759893
gyrAp,0.3333333333333333,2,2,CCCTCAACTGGATTTCCGGA,0,1765233
gyrAp,0.3333333333333333,2,2,CCCTAGCATGGGACCGTCCA,0,1746055
gyrAp,0.3333333333333333,2,2,CCCGCGCTAAAGTCTATCAC,0,1765338
gyrAp,0.3333333333333333,2,2,CCCAAGTCTGGCTTATATGT,0,1754441
gyrAp,0.3333333333333333,2,2,CCCAAAGCGGCGGCTGGAAT,0,1748375
gyrAp,0.3333333333333333,2,2,CCATGCAGTTACGCGGCTGT,0,1745644
gyrAp,0.3333333333333333,2,2,CCATCGTTCACGATAATCGG,0,1749169
gyrAp,0.3333333333333333,2,2,CCATCGGTCTTACTACAATT,0,1761658
gyrAp,0.3333333333333333,2,2,CCAGGTATGGTGCAGACTTT,0,1747590
gyrAp,0.3333333333333333,2,2,CCACGGCTACTCACAAGAGG,0,1760057
gyrAp,0.3333333333333333,2,2,CCACCTCGGACTTATCCTGG,0,1745611
gyrAp,0.3333333333333333,2,2,CCACACGGTAAGACAGTGTA,0,1755485
gyrAp,0.3333333333333333,2,2,CCAATATCGGGCGCGAGGAG,0,1743572
gyrAp,0.3333333333333333,2,2,CCAATAGCATCGTTATACGA,0,1752440
gyrAp,0.3333333333333333,2,2,CCAAGCAGCGGTCTGGATTC,0,1754956
gyrAp,0.3333333333333333,2,2,CATTTTCGGTTGAATGGTTG,0,1757190
gyrAp,0.3333333333333333,2,2,CATTTCGATCGGGTTTAATA,0,1768892
gyrAp,0.3333333333333333,2,2,CATTCGTCTAGCGCGTTAAT,0,1768376
gyrAp,0.3333333333333333,2,2,CATGTTTAGTTGCCGGTGGT,0,1766470
gyrAp,0.3333333333333333,2,2,CATGTACTCTGGGAATAACA,0,1762987
gyrAp,0.3333333333333333,2,2,CATATTCTAAATAAGCGTTC,0,1743897
gyrAp,0.3333333333333333,2,2,CATAGTCCGCACCGGGGGCA,0,1759187
gyrAp,0.3333333333333333,2,2,CATAGGCCCGTGTTGCATGG,0,1750712
gyrAp,0.3333333333333333,2,2,CATAGCGCGGTACGTAAGCT,0,1747356
gyrAp,0.3333333333333333,2,2,CAGTGACTCTATCCTTAGAT,0,1748469
gyrAp,0.3333333333333333,2,2,CAGTATTCAGTGTCTATTTG,0,1764300
gyrAp,0.3333333333333333,2,2,CAGTAGGGTGCGACATCATG,0,1769612
gyrAp,0.3333333333333333,2,2,CAGGTTTATAACGCAGAGGC,0,1765219
gyrAp,0.3333333333333333,2,2,CAGGGTGGTAAGATAAGTAG,0,1745014
gyrAp,0.3333333333333333,2,2,CAGGACTGGCTTTGGATCGT,0,1757981
gyrAp,0.3333333333333333,2,2,CAGCTGTTGGGCGTACCAAT,0,1742258
gyrAp,0.3333333333333333,2,2,CACTGGCATTTTGTATCTCT,0,1742067
gyrAp,0.3333333333333333,2,2,CACTACTAAGGTAAGGCCAT,0,1754871
gyrAp,0.3333333333333333,2,2,CACGCGCCATTTTGATCTCA,0,1753434
gyrAp,0.3333333333333333,2,2,CACCTCTATCAACCGAGGTT,0,1760759
gyrAp,0.3333333333333333,2,2,CACCCCGCAAACAGACGACT,0,1765377
gyrAp,0.3333333333333333,2,2,CACATGTATCTATGTCTTTT,0,1748542
gyrAp,0.3333333333333333,2,2,CAATTTGGTGGTATCTGGAC,0,1765222
gyrAp,0.3333333333333333,2,2,CAAGTGGTGCCCTGAAGCGA,0,1750704
gyrAp,0.3333333333333333,2,2,CAACAGAGGCAGTTGTCCGG,0,1743039
gyrAp,0.3333333333333333,2,2,CAACACGGTTAATAACTACC,0,1754372
gyrAp,0.3333333333333333,2,2,CAAAGACCCGATTGAGATGT,0,1758567
gyrAp,0.3333333333333333,2,2,ATTTGTGCAAGATGGGGGGA,0,1769535
gyrAp,0.3333333333333333,2,2,ATTCTCGGTATAAGTGTAAA,0,1743940
gyrAp,0.3333333333333333,2,2,ATTCCGTTTCGCACCATGAG,0,1748441
gyrAp,0.3333333333333333,2,2,ATTCAGTGAACCCCCTTTCA,0,1744025
gyrAp,0.3333333333333333,2,2,ATGTTTCGCGTACCAGGGGT,0,1746029
gyrAp,0.3333333333333333,2,2,ATGTAGCTGGTCCAAACCCT,0,1757373
gyrAp,0.3333333333333333,2,2,ATGGGCTATAAACAGCTCCT,0,1767984
gyrAp,0.3333333333333333,2,2,ATGGCGCGTTCCGGAGCTGT,0,1748562
gyrAp,0.3333333333333333,2,2,ATGCTAGCGTATTTCTAGCG,0,1769467
gyrAp,0.3333333333333333,2,2,ATGCCGTCGTAAGTTTTAAC,0,1748491
gyrAp,0.3333333333333333,2,2,ATGCAAGCATTCGATTTTGG,0,1751836
gyrAp,0.3333333333333333,2,2,ATGAGCTCGCGTCATACATC,0,1742643
gyrAp,0.3333333333333333,2,2,ATCTTAACGTGGGCTGATGG,0,1758285
gyrAp,0.3333333333333333,2,2,ATCAACAAAACGGTCACCTC,0,1757984
gyrAp,0.3333333333333333,2,2,ATATCATCGTACAGTATGAA,0,1746876
gyrAp,0.3333333333333333,2,2,ATATCAGTTTGCATCTCTAA,0,1769490
gyrAp,0.3333333333333333,2,2,ATAGGCCCGTATAATTAGCT,0,1767278
gyrAp,0.3333333333333333,2,2,ATAGAATTTTGGCGCAAGAC,0,1766731
gyrAp,0.3333333333333333,2,2,ATACTTTTCCGAGGACAATC,0,1746146
gyrAp,0.3333333333333333,2,2,ATACGTGTGACCTCGCGTCA,0,1756004
gyrAp,0.3333333333333333,2,2,ATACGGGTGGTGGTACAGCT,0,1760657
gyrAp,0.3333333333333333,2,2,ATACATAGCGTGTGCGCCAC,0,1755303
gyrAp,0.3333333333333333,2,2,ATAATCCCTCTACAATCTGG,0,1766370
gyrAp,0.3333333333333333,2,2,ATAAACCACCACTCGCAAAG,0,1744358
gyrAp,0.3333333333333333,2,2,AGTTCGTGCCCTTGGTCTGC,0,1763313
gyrAp,0.3333333333333333,2,2,AGTGGTGCTGGATCGTGTTG,0,1763372
gyrAp,0.3333333333333333,2,2,AGTGGATGGTTATGTACGTT,0,1762815
gyrAp,0.3333333333333333,2,2,AGTCGTCTCCTAAGACAGAG,0,1751325
gyrAp,0.3333333333333333,2,2,AGTACTTACGACTTGACGCT,0,1764245
gyrAp,0.3333333333333333,2,2,AGGTCACTAACGGGTGTAAT,0,1768858
gyrAp,0.3333333333333333,2,2,AGGGAGCACGTACTATTAAA,0,1750383
gyrAp,0.3333333333333333,2,2,AGGGAAAGTGGAGAACAGTT,0,1748992
gyrAp,0.3333333333333333,2,2,AGGCGCTTAACAGCGGTCCA,0,1754932
gyrAp,0.3333333333333333,2,2,AGGCCATTGCTCATACAATG,0,1742045
gyrAp,0.3333333333333333,2,2,AGGCATACATGACAGGCTCA,0,1757483
gyrAp,0.3333333333333333,2,2,AGGCACCGCTCACTTTACCA,0,1760397
gyrAp,0.3333333333333333,2,2,AGGAAGTAGTAACTTGTGCA,0,1768792
gyrAp,0.3333333333333333,2,2,AGCGGGAGACTGTACACATG,0,1744005
gyrAp,0.3333333333333333,2,2,AGCGCGGTCTAAGTGGTAGC,0,1757649
gyrAp,0.3333333333333333,2,2,AGCCCTACACGCCGATGCAA,0,1756178
gyrAp,0.3333333333333333,2,2,AGCCCGTTGACTTTATATGC,0,1762627
gyrAp,0.3333333333333333,2,2,AGCATCTCAGTAAAGCAGTA,0,1764773
gyrAp,0.3333333333333333,2,2,AGCATATGTTAGCGGTGCCT,0,1741853
gyrAp,0.3333333333333333,2,2,AGCATATGAGCGTTCAACTG,0,1741820
gyrAp,0.3333333333333333,2,2,AGAGTGGACACCAGTACCCC,0,1748596
gyrAp,0.3333333333333333,2,2,AGACGTACACGCATCGTATC,0,1760327
gyrAp,0.3333333333333333,2,2,ACTTTCTCTAATACTTGGTA,0,1762437
gyrAp,0.3333333333333333,2,2,ACTTTATCTTTGTCTTGCGT,0,1745417
gyrAp,0.3333333333333333,2,2,ACTTACACTTGGCTCGTGCG,0,1745546
gyrAp,0.3333333333333333,2,2,ACTGGTGTATGCTCGCCCGT,0,1764976
gyrAp,0.3333333333333333,2,2,ACTGATAGTATCTTATTTTC,0,1769559
gyrAp,0.3333333333333333,2,2,ACTCACTAGCCTTACGTCTG,0,1746913
gyrAp,0.3333333333333333,2,2,ACGTTAGACGGGGCATAATG,0,1752058
gyrAp,0.3333333333333333,2,2,ACGGTTCAACGGGCTTAACA,0,1746118
gyrAp,0.3333333333333333,2,2,ACGGTCAGGTCATAGGCTCT,0,1765475
gyrAp,0.3333333333333333,2,2,ACGGCTAACTTTCTGGTGAT,0,1752255
gyrAp,0.3333333333333333,2,2,ACGGATATACTCAATTGAGA,0,1763452
gyrAp,0.3333333333333333,2,2,ACGCTATGCGCGATGATGGC,0,1770286
gyrAp,0.3333333333333333,2,2,ACGCCTGTTTCGAGCAGTCA,0,1746939
gyrAp,0.3333333333333333,2,2,ACGACAGCACCGGTGTACTT,0,1751600
gyrAp,0.3333333333333333,2,2,ACCCTTGCGGTAAGCCTTTT,0,1743589
gyrAp,0.3333333333333333,2,2,ACCCGGTGCGCTTATAAGAC,0,1746094
gyrAp,0.3333333333333333,2,2,ACCATTAGAACGAGTTCAAA,0,1741694
gyrAp,0.3333333333333333,2,2,ACCAGCACGGGTGTTAAGAC,0,1760310
gyrAp,0.3333333333333333,2,2,ACACTGGAATCATGCGTTAC,0,1757488
gyrAp,0.3333333333333333,2,2,ACACATCGGAAACTCACTAC,0,1758623
gyrAp,0.3333333333333333,2,2,ACAACCGCAGAGATGCTGAA,0,1765158
gyrAp,0.3333333333333333,2,2,AATTCTCCCCTTAGATGCGT,0,1753759
gyrAp,0.3333333333333333,2,2,AATTATCAGCCTACCAAAGC,0,1751294
gyrAp,0.3333333333333333,2,2,AATGTAGGATATTGTTATTG,0,1756424
gyrAp,0.3333333333333333,2,2,AATGGTGGGTAGAATTACAA,0,1756056
gyrAp,0.3333333333333333,2,2,AATGCGTGTTCGTAGTGCAA,0,1750190
gyrAp,0.3333333333333333,2,2,AATCGCTTACCAAAGTTGTT,0,1750033
gyrAp,0.3333333333333333,2,2,AATAGGTACCATGTTCAGTG,0,1744026
gyrAp,0.3333333333333333,2,2,AATAGATCCGGGCTATCCGT,0,1765336
gyrAp,0.3333333333333333,2,2,AAGCTGGCCTGCCATACGGT,0,1748225
gyrAp,0.3333333333333333,2,2,AAGAATCCACGAGACCTGCG,0,1762434
gyrAp,0.3333333333333333,2,2,AAGAACACGTCGGAGATACA,0,1763185
gyrAp,0.3333333333333333,2,2,AACTATTCTTGATATTGCAG,0,1747187
gyrAp,0.3333333333333333,2,2,AACAATCTATACGAGAGGCA,0,1746596
gyrAp,0.3333333333333333,2,2,AAATCCTTAAATATTGTAGG,0,1745800
gyrAp,0.3333333333333333,2,2,AAACGCGGCAGCCAGGCCGC,0,1760687
gyrAp,0.3333333333333333,2,2,AAAATTTTGCTACAGTGACA,0,1745556
gyrAp,0.5,1,1,TTTTTATGAGACAGCTTTTT,0,1748271
gyrAp,0.5,1,1,TTTTGACCGGCCATCGCTTG,0,1753056
gyrAp,0.5,1,1,TTTTCTAAGCGTCACCGTGC,0,1743791
gyrAp,0.5,1,1,TTTTCCTTTCCCCGCGTTCT,0,1756049
gyrAp,0.5,1,1,TTTTCACTATGTAAGAGCAT,0,1747079
gyrAp,0.5,1,1,TTTTATTTGCTTTTTGTAAT,0,1769059
gyrAp,0.5,1,1,TTTTAGTTTGCCGGATGTCC,0,1747331
gyrAp,0.5,1,1,TTTTAAGCGTTACGGAGCCT,0,1764152
gyrAp,0.5,1,1,TTTGTCCATTCCCACTGCAC,0,1747340
gyrAp,0.5,1,1,TTTGGGCCAGGCACCGACGA,0,1746618
gyrAp,0.5,1,1,TTTCTCATAGTCTCTCAGGT,0,1763269
gyrAp,0.5,1,1,TTTCGGCATGGGTGACCAGC,0,1756858
gyrAp,0.5,1,1,TTTCGATTCATCGGGGGAGT,0,1765156
gyrAp,0.5,1,1,TTTCGAGGATGTCTGAGATA,0,1742168
gyrAp,0.5,1,1,TTTCAATATGGAACCCCTCC,0,1757304
gyrAp,0.5,1,1,TTTATCGTGGCGAATTGGAT,0,1743129
gyrAp,0.5,1,1,TTTATCACATTATATTAGTT,0,1745946
gyrAp,0.5,1,1,TTTACTATACGACCTTCCAC,0,1756709
gyrAp,0.5,1,1,TTGTTTCTTAATGCGGGCTG,0,1765894
gyrAp,0.5,1,1,TTGTCGATGCGGTTGCTCAC,0,1767783
gyrAp,0.5,1,1,TTGTAGCCGGGACACCGTGA,0,1745457
gyrAp,0.5,1,1,TTGGTGCAAGTAACGTTCGG,0,1744878
gyrAp,0.5,1,1,TTGGTCTTGGCTGATTGAAT,0,1767616
gyrAp,0.5,1,1,TTGGCTGCGAGAGTTCTCAC,0,1756513
gyrAp,0.5,1,1,TTGGCAAACTGTTTTGTGAA,0,1749949
gyrAp,0.5,1,1,TTGGAACTTTGCGAGAGTGA,0,1752495
gyrAp,0.5,1,1,TTGCTTTCGCTTGTGAGGCG,0,1746711
gyrAp,0.5,1,1,TTGCGGCTTGAGACAAGCTA,0,1747094
gyrAp,0.5,1,1,TTGCATTGGACACTACACTT,0,1766351
gyrAp,0.5,1,1,TTGCATTCCATCCTAAGAAG,0,1745835
gyrAp,0.5,1,1,TTGATAGTTAGCCAACACTC,0,1745018
gyrAp,0.5,1,1,TTGAGGAAAGTACATCCCTG,0,1746286
gyrAp,0.5,1,1,TTGAATGGTAGGTATATCAT,0,1753739
gyrAp,0.5,1,1,TTGAATAAGCGAGCGCTCCC,0,1769134
gyrAp,0.5,1,1,TTCTGATAAGGTGTGTTCAG,0,1769544
gyrAp,0.5,1,1,TTCTCTCGTGAACCATTCAG,0,1765695
gyrAp,0.5,1,1,TTCCTTATTAGACGCTACGA,0,1755079
gyrAp,0.5,1,1,TTCCTGAGCTATTCCATATC,0,1759186
gyrAp,0.5,1,1,TTCCGAAGATGAACTTCACG,0,1747314
gyrAp,0.5,1,1,TTCCGAACTTGTTCTGCAAG,0,1758566
gyrAp,0.5,1,1,TTCCCCGGGTCGCGTTCCGG,0,1761819
gyrAp,0.5,1,1,TTCATTGTAGCTACGCACGC,0,1751094
gyrAp,0.5,1,1,TTCATGTGCCGTAACGTCTA,0,1762270
gyrAp,0.5,1,1,TTCAGTGCTTTATCGCGTAC,0,1765008
gyrAp,0.5,1,1,TTCAGAAAAGCTAAGAGTGC,0,1751820
gyrAp,0.5,1,1,TTCACGATGGGAAGTACTAG,0,1763765
gyrAp,0.5,1,1,TTCAATTATATCAGCTCGGA,0,1762312
gyrAp,0.5,1,1,TTCAACACAATAGCAAGCGA,0,1745187
gyrAp,0.5,1,1,TTATGATCTAGAATGGTCAG,0,1768624
gyrAp,0.5,1,1,TTAGCGCGCAGGTCAGCAAT,0,1750346
gyrAp,0.5,1,1,TTAGACGCAGCGTTAGGGGT,0,1745827
gyrAp,0.5,1,1,TTAGAAATGCTTTTCGCCTA,0,1757834
gyrAp,0.5,1,1,TTACTTTAGTTACGTCGCTA,0,1751914
gyrAp,0.5,1,1,TTACTTCTGGTCGTTACATG,0,1749078
gyrAp,0.5,1,1,TTACCTCTAATTCCGTCGGA,0,1744496
gyrAp,0.5,1,1,TTACCCTCGCGGAGGGCTCA,0,1755930
gyrAp,0.5,1,1,TTACCCCCCGGGCACATATA,0,1764651
gyrAp,0.5,1,1,TTAATCAAAGGGCCGAAATT,0,1749559
gyrAp,0.5,1,1,TGTTCTGGCGGTACCCAGCA,0,1744557
gyrAp,0.5,1,1,TGTGTGTATTACACGGAAAC,0,1753586
gyrAp,0.5,1,1,TGTGGCAATAAAGTGAGGGG,0,1741456
gyrAp,0.5,1,1,TGTGGAGTAATGATGTCACT,0,1744040
gyrAp,0.5,1,1,TGTCTTATGAACTAGATCGT,0,1762288
gyrAp,0.5,1,1,TGTCCGCCCTAAATATACAG,0,1761860
gyrAp,0.5,1,1,TGTCATCCTTTAATTTTGAC,0,1744606
gyrAp,0.5,1,1,TGTCAGGTATGGTGTAGTAT,0,1760448
gyrAp,0.5,1,1,TGTATGAACAGAAAGTTGAC,0,1747021
gyrAp,0.5,1,1,TGTAGTCCAAGCCGGAAGAC,0,1760932
gyrAp,0.5,1,1,TGGTGGCTATTGTACTTCGA,0,1769866
gyrAp,0.5,1,1,TGGTGCATCACACCCCGTAT,0,1766733
gyrAp,0.5,1,1,TGGGTCTTAATCCATATGGA,0,1756010
gyrAp,0.5,1,1,TGGGGTGACTGTCCGTCAGG,0,1760163
gyrAp,0.5,1,1,TGGGCCATCTTGGAACCCAG,0,1765097
gyrAp,0.5,1,1,TGGCTGTGAATTTCCACTCC,0,1766906
gyrAp,0.5,1,1,TGGCTGGCCAGATTCCAATG,0,1748679
gyrAp,0.5,1,1,TGGCTGAGAGGTACCCTTTG,0,1742638
gyrAp,0.5,1,1,TGGCAGACTTTGAGTCACAA,0,1754994
gyrAp,0.5,1,1,TGGATGGGAAACGTTTGGGA,0,1752033
gyrAp,0.5,1,1,TGGACTTCAAGCCCGTCTTA,0,1756850
gyrAp,0.5,1,1,TGCTTATGTTTGTTTTGCGG,0,1743793
gyrAp,0.5,1,1,TGCTGGCTCAGGAGTGCGGC,0,1754856
gyrAp,0.5,1,1,TGCTGCTCGGAATACGACAT,0,1756426
gyrAp,0.5,1,1,TGCTATACGTGAGTCTTTAT,0,1752456
gyrAp,0.5,1,1,TGCTAGTGATCAAGCCAGTG,0,1763796
gyrAp,0.5,1,1,TGCGTAAAGTAATGTTCGTA,0,1764772
gyrAp,0.5,1,1,TGCGGGTTTAAACATTCATA,0,1767002
gyrAp,0.5,1,1,TGCGCTTCATGAAGATACGC,0,1761796
gyrAp,0.5,1,1,TGCGAACTGTACGAGTTGAC,0,1752865
gyrAp,0.5,1,1,TGCCGAGTAAGGCAATCACG,0,1742187
gyrAp,0.5,1,1,TGCCCTATGCCGATTGCCGG,0,1748872
gyrAp,0.5,1,1,TGCACACAGGTTACGGCGAG,0,1762399
gyrAp,0.5,1,1,TGATGCCCCTTTCTACATGT,0,1749845
gyrAp,0.5,1,1,TGATAGTTCTCAAGGCGGCT,0,1745343
gyrAp,0.5,1,1,TGAGGGCCTTTCCATCGAGG,0,1757644
gyrAp,0.5,1,1,TGAGGACAGGACACAAGACT,0,1757773
gyrAp,0.5,1,1,TGACTGTCAGGCTGAAGCAA,0,1756159
gyrAp,0.5,1,1,TGACCTCATAATTAAGGGGA,0,1769498
gyrAp,0.5,1,1,TGACCCGGGATGTCTCGCCT,0,1763103
gyrAp,0.5,1,1,TGACCACCTGAACTTAGTTC,0,1745055
gyrAp,0.5,1,1,TGACCACCCGTTCCCGATTA,0,1765805
gyrAp,0.5,1,1,TGACATTCATAGACTTTAGA,0,1754039
gyrAp,0.5,1,1,TGACATCCAGATCCGGATCT,0,1758602
gyrAp,0.5,1,1,TGAATAGCGGAGTTCGAGTT,0,1742566
gyrAp,0.5,1,1,TGAAGTCATAAAAATAGGTT,0,1770346
gyrAp,0.5,1,1,TGAAGGAGCCGTCATCAAAT,0,1767917
gyrAp,0.5,1,1,TGAACTGCAAGGTGTGTTGT,0,1762770
gyrAp,0.5,1,1,TGAAATGACGGCGTCATATT,0,1759481
gyrAp,0.5,1,1,TCTTTGTGGTCGTATAACCT,0,1768763
gyrAp,0.5,1,1,TCTTAGTAACGGCGTAGGAG,0,1744414
gyrAp,0.5,1,1,TCTGTCCGCCTTCCGGGCCG,0,1751324
gyrAp,0.5,1,1,TCTGGCCATTCCTGGCGTGG,0,1765782
gyrAp,0.5,1,1,TCTGCATGAGAACCGGTTTA,0,1757525
gyrAp,0.5,1,1,TCTGAACGCTGGATGAATCA,0,1746562
gyrAp,0.5,1,1,TCTCGGAGGTCGGAATGGCG,0,1758891
gyrAp,0.5,1,1,TCTCATAAGTTGGCGACGTC,0,1767114
gyrAp,0.5,1,1,TCTCAGTGAGCGTGTTAAGA,0,1753382
gyrAp,0.5,1,1,TCTAGAAATTGGTCGCCCAC,0,1758060
gyrAp,0.5,1,1,TCGTTTGAACAGTTCAACCC,0,1745937
gyrAp,0.5,1,1,TCGTTCTTCTGAGTTCTCTC,0,1766295
gyrAp,0.5,1,1,TCGTTCTCAGCAGCACTTCT,0,1754278
gyrAp,0.5,1,1,TCGTTACAGTACCTACCCCT,0,1759774
gyrAp,0.5,1,1,TCGTGGGTGCGTCTGGAAAA,0,1755753
gyrAp,0.5,1,1,TCGTCGAACGATTTTTGTGG,0,1747393
gyrAp,0.5,1,1,TCGGTAATTATGCCATGTTT,0,1758173
gyrAp,0.5,1,1,TCGGCTCTCTTGTATCAGGT,0,1746161
gyrAp,0.5,1,1,TCGGATGGTTCGGTAATTTA,0,1752231
gyrAp,0.5,1,1,TCGGACTAACCGGCATTGTG,0,1743295
gyrAp,0.5,1,1,TCGGACTAAATGATTGTCGC,0,1743571
gyrAp,0.5,1,1,TCGCTCAGATTTTGCCAGCC,0,1746287
gyrAp,0.5,1,1,TCGCGAACACAACCCCGACC,0,1748664
gyrAp,0.5,1,1,TCGCCCCGTCCCCGTATCTG,0,1752438
gyrAp,0.5,1,1,TCGAGGTTGCTGATTGGGCA,0,1750289
gyrAp,0.5,1,1,TCGACGTTAAGGCATGGCGT,0,1755272
gyrAp,0.5,1,1,TCGAATATCGGTACAGAATC,0,1748497
gyrAp,0.5,1,1,TCGAAAGCCAGTTTACGCTA,0,1743369
gyrAp,0.5,1,1,TCCTAACGTTTCATCCTTAC,0,1745133
gyrAp,0.5,1,1,TCCGTCGGATAGAGCCCGAC,0,1752801
gyrAp,0.5,1,1,TCCGGGAGGATGTTCTAGTG,0,1744297
gyrAp,0.5,1,1,TCCGATAATTAGAAGCATCA,0,1756578
gyrAp,0.5,1,1,TCCCTGCCGTTAGGGCGGAG,0,1748494
gyrAp,0.5,1,1,TCCCGAGGACAGAGGCCAAA,0,1750420
gyrAp,0.5,1,1,TCCCCTCGATCCACTTACCG,0,1758007
gyrAp,0.5,1,1,TCCATGGTTAACGTTCACAA,0,1741998
gyrAp,0.5,1,1,TCCATCTAAGGGGGACTTCG,0,1744474
gyrAp,0.5,1,1,TCATTTCTAAAGTGACTCAG,0,1752551
gyrAp,0.5,1,1,TCATCGGAGCAGGCCGCCGG,0,1767754
gyrAp,0.5,1,1,TCATCCGACAATAACCCATA,0,1760146
gyrAp,0.5,1,1,TCATACATGCCGCAGTAATG,0,1747752
gyrAp,0.5,1,1,TCAGGCCGTGGAAATTACAC,0,1749811
gyrAp,0.5,1,1,TCAGCTTACAGCACTCTTTA,0,1748584
gyrAp,0.5,1,1,TCAGAAAGCGCACAGCGCCA,0,1743816
gyrAp,0.5,1,1,TCACGCATTACACTGTGGCA,0,1748512
gyrAp,0.5,1,1,TCACGAACTATTGGGTGGCT,0,1742862
gyrAp,0.5,1,1,TCACCGTGACCCGTGCGCTC,0,1747535
gyrAp,0.5,1,1,TCACCCTCATAAATACCACC,0,1755716
gyrAp,0.5,1,1,TCACAATACGAACCGTAGGG,0,1748629
gyrAp,0.5,1,1,TCAATCCGAAAATAGAGAAA,0,1758715
gyrAp,0.5,1,1,TCAAGCTTACCCCGGGATCT,0,1765309
gyrAp,0.5,1,1,TCAAATGGAATGGCCACGTT,0,1758291
gyrAp,0.5,1,1,TCAAAAGTAACCGTTGTTCA,0,1766735
gyrAp,0.5,1,1,TATTGCAACCTTTGACTGTG,0,1769985
gyrAp,0.5,1,1,TATTGAGGACAAGTCCTGAT,0,1755710
gyrAp,0.5,1,1,TATTCCAGATTAGACGGACG,0,1752997
gyrAp,0.5,1,1,TATTATTCCACAACGTTTGG,0,1742307
gyrAp,0.5,1,1,TATGTGTCCTATATGGAACG,0,1753141
gyrAp,0.5,1,1,TATGCCTGTACCCACGTATG,0,1757446
gyrAp,0.5,1,1,TATGCACTGCAACCTCGGAG,0,1763298
gyrAp,0.5,1,1,TATGACACGGTCACTGCTCA,0,1743384
gyrAp,0.5,1,1,TATCGTCCGAGGACGTAGGG,0,1745392
gyrAp,0.5,1,1,TATCGAATGCACACGCCTAC,0,1757918
gyrAp,0.5,1,1,TATCCGACTCGAACTTGGTA,0,1745173
gyrAp,0.5,1,1,TATAACGGCAAGACCCAGGT,0,1766800
gyrAp,0.5,1,1,TAGTCATGGGGGCAGAGTCC,0,1753378
gyrAp,0.5,1,1,TAGGGCAGATTTAGGTACAA,0,1758345
gyrAp,0.5,1,1,TAGGGATTGACCTGAACCTA,0,1758512
gyrAp,0.5,1,1,TAGGCCGCTGAACGGTACAT,0,1770454
gyrAp,0.5,1,1,TAGGCAGTCACGTAAAAATG,0,1746367
gyrAp,0.5,1,1,TAGGCAGCCGAGACAAAGTC,0,1753688
gyrAp,0.5,1,1,TAGGCACACATATCTTGGCC,0,1753890
gyrAp,0.5,1,1,TAGGAGTTTGTCAACGATAG,0,1762745
gyrAp,0.5,1,1,TAGGACGGTCTGACTTCTAC,0,1767498
gyrAp,0.5,1,1,TAGCGCCTCAGGCGATTTGG,0,1752191
gyrAp,0.5,1,1,TAGATTATCCGGCCAGACAA,0,1742160
gyrAp,0.5,1,1,TACTTTTGCCATAAACTTTC,0,1754834
gyrAp,0.5,1,1,TACCTTCGTAAAAGACTTGC,0,1744968
gyrAp,0.5,1,1,TACCCCAGCTGCCTAGCGGT,0,1746912
gyrAp,0.5,1,1,TACCATCTGGCGAGCGCCTT,0,1744957
gyrAp,0.5,1,1,TACAAGGAGAAGGCTTGTAT,0,1748953
gyrAp,0.5,1,1,TAATTTTGGCTGACGCGGGG,0,1747833
gyrAp,0.5,1,1,TAAGCACGGCTCCAGTAATC,0,1757601
gyrAp,0.5,1,1,TAACTACATCTCCGATACGA,0,1766948
gyrAp,0.5,1,1,TAACGCGTAGTCTAACTACG,0,1755528
gyrAp,0.5,1,1,TAACGCGATCTTATATAGTA,0,1741947
gyrAp,0.5,1,1,TAAACGCGGGGAGGCATCTT,0,1767432
gyrAp,0.5,1,1,GTTTTTCGAGAGCATCTCAA,0,1745641
gyrAp,0.5,1,1,GTTTGGGTTACAGGCCCGTG,0,1763493
gyrAp,0.5,1,1,GTTGTTTCATGGTTCAGCAA,0,1751951
gyrAp,0.5,1,1,GTTGTATAAGGTTATTGTGC,0,1752673
gyrAp,0.5,1,1,GTTGCTGTTGGCCGCTCCAC,0,1759967
gyrAp,0.5,1,1,GTTGCCATCGTTGATCCTCA,0,1768213
gyrAp,0.5,1,1,GTTGAAGGAATCGGGTGGAA,0,1748579
gyrAp,0.5,1,1,GTTCCTAGACCGTGACAGTT,0,1757085
gyrAp,0.5,1,1,GTTCCGGTAGACGCTGGGTC,0,1764587
gyrAp,0.5,1,1,GTTCAGTTCGCGACGAGACG,0,1742475
gyrAp,0.5,1,1,GTTAGTTTCCAATCACGCGC,0,1746823
gyrAp,0.5,1,1,GTTAGTATGTAAGCTAGGCT,0,1748516
gyrAp,0.5,1,1,GTTAGCTCCTCGATAAGTGT,0,1752185
gyrAp,0.5,1,1,GTTAGAGAAGTGCTGTAGAA,0,1758392
gyrAp,0.5,1,1,GTTACGGACCTTAGGATTCA,0,1752328
gyrAp,0.5,1,1,GTTACCATATCGTCGCATCA,0,1760070
gyrAp,0.5,1,1,GTTAAGTGTTAGGGCTTTAT,0,1746052
gyrAp,0.5,1,1,GTTAAGCGGCCGCCACTTAA,0,1748907
gyrAp,0.5,1,1,GTGTTCCTCCGCTTAACCTA,0,1766716
gyrAp,0.5,1,1,GTGTGACGGCGCATCAATGC,0,1766879
gyrAp,0.5,1,1,GTGTCGGTTACGGACTTAGT,0,1743695
gyrAp,0.5,1,1,GTGTACCGCAGGGAAAACGT,0,1763382
gyrAp,0.5,1,1,GTGGTTATGTTGGCATATTC,0,1745327
gyrAp,0.5,1,1,GTGGTAGTTCGACTCATAAG,0,1745555
gyrAp,0.5,1,1,GTGGGGCCATTAGAGTCGCA,0,1746811
gyrAp,0.5,1,1,GTGGGCGACGGGATTAGCTG,0,1766977
gyrAp,0.5,1,1,GTGGCGAATTTCCTTAGATA,0,1743854
gyrAp,0.5,1,1,GTGCGCCGCCCTTCAAATGT,0,1767513
gyrAp,0.5,1,1,GTGCGAGATCGCGACGAATG,0,1749892
gyrAp,0.5,1,1,GTGCCTTCACCAAGTGACAC,0,1766082
gyrAp,0.5,1,1,GTGCCGCACATAGACACGGG,0,1755387
gyrAp,0.5,1,1,GTGCAAGTCGAGTAGTATGC,0,1752045
gyrAp,0.5,1,1,GTGAGTGATTTGTCCCAGGT,0,1745442
gyrAp,0.5,1,1,GTGAGGTCGGTCACACAGAT,0,1766613
gyrAp,0.5,1,1,GTGACAGTTCCAACAATAGA,0,1749615
gyrAp,0.5,1,1,GTGACAGGTCAACCCTGTTA,0,1743644
gyrAp,0.5,1,1,GTGAATGAAGTGTTAGTGCT,0,1746615
gyrAp,0.5,1,1,GTGAAGAAGCCGTCAAGTGG,0,1756726
gyrAp,0.5,1,1,GTCTTAATATCTTTTGGGTT,0,1750996
gyrAp,0.5,1,1,GTCTGCGTAATGCTCACTGG,0,1743735
gyrAp,0.5,1,1,GTCTGCATCCGTTAGAGGTA,0,1751775
gyrAp,0.5,1,1,GTCTCGTGTTAAGCCGGTAC,0,1742676
gyrAp,0.5,1,1,GTCTCGGGGGGTTTGGTGCA,0,1769928
gyrAp,0.5,1,1,GTCTAGGAAGATTTTGGTAC,0,1750994
gyrAp,0.5,1,1,GTCGTGACGGCGGGGCTAAC,0,1768714
gyrAp,0.5,1,1,GTCGGTCACCCAGTAATGGG,0,1743755
gyrAp,0.5,1,1,GTCGGCTTTCGACTCTTTAT,0,1764243
gyrAp,0.5,1,1,GTCCGCCTTAAGACACCCGC,0,1770560
gyrAp,0.5,1,1,GTCCATCTTAGTCTGAGCGA,0,1747091
gyrAp,0.5,1,1,GTCATAACGCGTAAGTTGGA,0,1750298
gyrAp,0.5,1,1,GTCAGTCCGGCAGGGTAACA,0,1754412
gyrAp,0.5,1,1,GTCAGGTCAGCCGCATATGG,0,1764754
gyrAp,0.5,1,1,GTCACAAAAGAACCACTGTG,0,1764589
gyrAp,0.5,1,1,GTATTCACTACAGCAGAATC,0,1761858
gyrAp,0.5,1,1,GTATGTGGCGTCAGGCGCAA,0,1759079
gyrAp,0.5,1,1,GTATGGCCGGTGAGATGTGG,0,1765506
gyrAp,0.5,1,1,GTAGGCGTATTATAAGTGGG,0,1752504
gyrAp,0.5,1,1,GTAGGCACCATGCGACTACT,0,1756377
gyrAp,0.5,1,1,GTAGCCATTCACAAATTAGA,0,1766498
gyrAp,0.5,1,1,GTAGACCTCGAGTTGGTCTT,0,1751064
gyrAp,0.5,1,1,GTACTCCGTTAGGTGACAAA,0,1752086
gyrAp,0.5,1,1,GTACTATGATGTCCCAAGAG,0,1758116
gyrAp,0.5,1,1,GTACCCCTCATGCCTTTCTT,0,1766262
gyrAp,0.5,1,1,GTAACGCTTCCTGGCGCAAT,0,1769334
gyrAp,0.5,1,1,GTAAAGTCTAAGAGAAATGG,0,1741921
gyrAp,0.5,1,1,GGTTTGAGAGGCTACTCGTC,0,1756905
gyrAp,0.5,1,1,GGTTTACAATTACTGTCTGT,0,1745050
gyrAp,0.5,1,1,GGTTCTGGAGATGAATCCCT,0,1770198
gyrAp,0.5,1,1,GGTTCGACTTAAACGGAGCC,0,1757748
gyrAp,0.5,1,1,GGTTATACACGGGGGGGGTG,0,1754595
gyrAp,0.5,1,1,GGTGAACGAAACAGCACTGA,0,1744175
gyrAp,0.5,1,1,GGTCGTTCCCGTAGTGCAAG,0,1758716
gyrAp,0.5,1,1,GGTCGCTGTTAGACACCTGC,0,1744621
gyrAp,0.5,1,1,GGTCACATGTCTCTGCGTTA,0,1755620
gyrAp,0.5,1,1,GGTCAATCCCCGCGTATACA,0,1743022
gyrAp,0.5,1,1,GGTCAAGCGCTTCTGCAAAT,0,1758720
gyrAp,0.5,1,1,GGTATCGGTACAATTCAGTT,0,1760052
gyrAp,0.5,1,1,GGTAGACTCCCACCGTTGGG,0,1756413
gyrAp,0.5,1,1,GGTACCAATTCTTGAACGAT,0,1749544
gyrAp,0.5,1,1,GGGTCCAACTTATCTATAAG,0,1754036
gyrAp,0.5,1,1,GGGTCACTCCGGTCTTACCA,0,1752319
gyrAp,0.5,1,1,GGGGGGACACCCGAGCCTCA,0,1753214
gyrAp,0.5,1,1,GGGGGCTATGACTCCCTACT,0,1760737
gyrAp,0.5,1,1,GGGGATGGAATTCGGGGGGT,0,1763992
gyrAp,0.5,1,1,GGGGATCCGGCAGGACGCAG,0,1745047
gyrAp,0.5,1,1,GGGGAGGCGTGAGAATCTAA,0,1746921
gyrAp,0.5,1,1,GGGCTTCTGCACGGGCTGGT,0,1743259
gyrAp,0.5,1,1,GGGCCTGGCGCGAACATAAG,0,1763893
gyrAp,0.5,1,1,GGGAGCTCCTGTACGATAGA,0,1744145
gyrAp,0.5,1,1,GGGAGAGTTTGCACTAAGGA,0,1761107
gyrAp,0.5,1,1,GGGAAGAACGGTCCCACTTA,0,1758186
gyrAp,0.5,1,1,GGCTCATTAAGATGTCTATA,0,1754332
gyrAp,0.5,1,1,GGCTAAGTGTTTTACATACC,0,1756731
gyrAp,0.5,1,1,GGCGGCTCATGGAGAACCCG,0,1758740
gyrAp,0.5,1,1,GGCGCACAACGCCTACCGGG,0,1760121
gyrAp,0.5,1,1,GGCGATCGCGTTCGGCAACT,0,1758831
gyrAp,0.5,1,1,GGCCTTTGGTTTGAAATACA,0,1764775
gyrAp,0.5,1,1,GGCCTAGTTGCGCATCATGT,0,1741674
gyrAp,0.5,1,1,GGCCATCACACGTCGAAAAC,0,1766683
gyrAp,0.5,1,1,GGCATACTCGTGCAGGCTTA,0,1764408
gyrAp,0.5,1,1,GGCAAAGCCCTGTGCAGTTA,0,1748829
gyrAp,0.5,1,1,GGATTTGAATTATGGGGTGT,0,1768578
gyrAp,0.5,1,1,GGATTGGAAAACTTAGGTTT,0,1755726
gyrAp,0.5,1,1,GGATTATAGCTGGTTTCCTC,0,1744936
gyrAp,0.5,1,1,GGATGCTGCATGTCTGATAC,0,1764826
gyrAp,0.5,1,1,GGATCCGGCCATCGAGCCTA,0,1761936
gyrAp,0.5,1,1,GGATAAGGACAGTGTACCAT,0,1754443
gyrAp,0.5,1,1,GGAGGTAAGAAGTAAATCAG,0,1754222
gyrAp,0.5,1,1,GGAGGTAAAGGTACAACCGT,0,1766766
gyrAp,0.5,1,1,GGAGGCAATCCCTGGAGGGA,0,1762326
gyrAp,0.5,1,1,GGACGCCCCAGGTGGATGAC,0,1745071
gyrAp,0.5,1,1,GGACATCACCTTGGCACAAC,0,1768587
gyrAp,0.5,1,1,GGAACTGAGAGATTCCGCAG,0,1770003
gyrAp,0.5,1,1,GCTTTTGTTGGCTTAGGCTT,0,1755439
gyrAp,0.5,1,1,GCTTCTGAAGGTCACCAGTT,0,1757272
gyrAp,0.5,1,1,GCTGTCGGCCCCTCTCGGCG,0,1756379
gyrAp,0.5,1,1,GCTGTAAAGTGATGTAACGA,0,1754941
gyrAp,0.5,1,1,GCTGCGTGTTTAGTCCGGGT,0,1769543
gyrAp,0.5,1,1,GCTGCCTGAAAAGTTGCGTA,0,1761438
gyrAp,0.5,1,1,GCTCTTCCGGGAAGAATGCG,0,1745413
gyrAp,0.5,1,1,GCGTTTGAGCACGGGCATTT,0,1764402
gyrAp,0.5,1,1,GCGTGTTACGCCGCGTGCAA,0,1755432
gyrAp,0.5,1,1,GCGGGCGCCCCTCAGGGTAA,0,1755962
gyrAp,0.5,1,1,GCGGGCAATGACAGCTAGCG,0,1744663
gyrAp,0.5,1,1,GCGCTCACCTCACTCGGTTA,0,1747188
gyrAp,0.5,1,1,GCGCTATGGTGATTCCTTGA,0,1763791
gyrAp,0.5,1,1,GCGCGGGTCCGGAGAAACCT,0,1750345
gyrAp,0.5,1,1,GCGCGGAGGGACCTAATTGG,0,1765603
gyrAp,0.5,1,1,GCGCGATCGCAGGGGGGTAC,0,1742662
gyrAp,0.5,1,1,GCGCCTCCTAACAGTTCCCT,0,1751369
gyrAp,0.5,1,1,GCGCATTAAGCGTCACAGTC,0,1749514
gyrAp,0.5,1,1,GCGCAGTTGAGTATGCCATG,0,1743311
gyrAp,0.5,1,1,GCGATTACGCAACCTCTGAT,0,1754447
gyrAp,0.5,1,1,GCGAGCTCAAGGAGAGCCCC,0,1743587
gyrAp,0.5,1,1,GCGAGATGGGCACGTAGTAC,0,1746797
gyrAp,0.5,1,1,GCGAGAGAAACCGGAAAAAT,0,1746257
gyrAp,0.5,1,1,GCGACCGAGCGGGTTAACCA,0,1768749
gyrAp,0.5,1,1,GCCTTAAAGCTGAGCCCCGT,0,1755448
gyrAp,0.5,1,1,GCCTAGTCCGGACATTCCCG,0,1763277
gyrAp,0.5,1,1,GCCGTACCAGGGAACCTGTC,0,1765283
gyrAp,0.5,1,1,GCCGCACTTTATTATGAGGG,0,1752726
gyrAp,0.5,1,1,GCCGCAAGTGAATCGTTCTC,0,1758015
gyrAp,0.5,1,1,GCCCGTTACCGGTCACCTGG,0,1743876
gyrAp,0.5,1,1,GCCCACCAAGTAAGTCAGTG,0,1754629
gyrAp,0.5,1,1,GCCAGGATTTGTTTATCTGT,0,1768036
gyrAp,0.5,1,1,GCATTGTGCCACATAGAGTG,0,1743293
gyrAp,0.5,1,1,GCATTAGAGACTCGATGAAT,0,1761987
gyrAp,0.5,1,1,GCATGCGTCAGGATCACATA,0,1762825
gyrAp,0.5,1,1,GCAGTGCTCTAGAGATTGGA,0,1753071
gyrAp,0.5,1,1,GCAGTAATTGGTTCACTTAT,0,1751213
gyrAp,0.5,1,1,GCAGCAATTCTCCTCAGATT,0,1767496
gyrAp,0.5,1,1,GCACGGTTAACACGAGTTAA,0,1759321
gyrAp,0.5,1,1,GCAAGGGGGAAGGAATACAT,0,1770621
gyrAp,0.5,1,1,GCAACTAAATATTCATCGAC,0,1764598
gyrAp,0.5,1,1,GATTGGGTAGAACCAATTGC,0,1766930
gyrAp,0.5,1,1,GATTCTGTGGGTTTTGTATA,0,1741728
gyrAp,0.5,1,1,GATTCCACATGACGCTGCTC,0,1762747
gyrAp,0.5,1,1,GATCGTTAGTATTCCGTGCG,0,1753042
gyrAp,0.5,1,1,GATCGGTAAATATTCATTGC,0,1753509
gyrAp,0.5,1,1,GATCAGCACGGTCCTAAATG,0,1742384
gyrAp,0.5,1,1,GATATCCCTCTTATCATAAA,0,1750410
gyrAp,0.5,1,1,GATAACCGACTGGCACCCAC,0,1749578
gyrAp,0.5,1,1,GAGTTTTCAATCTCATAAAC,0,1753639
gyrAp,0.5,1,1,GAGTGGCAACTATACATAGT,0,1761387
gyrAp,0.5,1,1,GAGGTCTCCGCAGAAAGGCT,0,1747554
gyrAp,0.5,1,1,GAGGAGTTAGGAGAAACATT,0,1764044
gyrAp,0.5,1,1,GAGGAAGGCGTACGCAATCG,0,1747777
gyrAp,0.5,1,1,GAGCTGTTGCTCGCGTATTC,0,1744363
gyrAp,0.5,1,1,GAGCTGTTAAACGTATCAGC,0,1761651
gyrAp,0.5,1,1,GAGCGGTATATTTTTCAAGT,0,1752012
gyrAp,0.5,1,1,GAGCGGACAGGGCGCTTTGA,0,1746192
gyrAp,0.5,1,1,GAGATCGACTTCATCGCGGG,0,1752365
gyrAp,0.5,1,1,GACTTGGACGTGCAACATTC,0,1747963
gyrAp,0.5,1,1,GACGTGCACATAGTACTTCG,0,1752491
gyrAp,0.5,1,1,GACGCAGTTACCTTGATCCA,0,1747861
gyrAp,0.5,1,1,GACGAATCGAGGCCTTCATG,0,1758491
gyrAp,0.5,1,1,GACCTCATACAAATATGTAC,0,1759813
gyrAp,0.5,1,1,GACCCTCGATACACCCGGAT,0,1741550
gyrAp,0.5,1,1,GACCAGCGTTATGTGTTTCA,0,1755989
gyrAp,0.5,1,1,GACAGCCTGTTCCGGCAGAG,0,1762755
gyrAp,0.5,1,1,GACAGCAACGAATCAGCTGT,0,1758241
gyrAp,0.5,1,1,GACACAAGGCTAAAGACGGC,0,1758863
gyrAp,0.5,1,1,GACAAATTGGTGTTCGCAGC,0,1743364
gyrAp,0.5,1,1,GAAGCCGAATAAATCGGTTC,0,1764118
gyrAp,0.5,1,1,GAACTCTCCTCCCGTAAATG,0,1749260
gyrAp,0.5,1,1,GAACTAGAGGATGTTTCATC,0,1766230
gyrAp,0.5,1,1,GAACGTGAGCCCCTCGTAGC,0,1763397
gyrAp,0.5,1,1,GAACGGTCCGTGCGGGCCTA,0,1747531
gyrAp,0.5,1,1,GAACGGACATCAGCTTCAAG,0,1754881
gyrAp,0.5,1,1,GAACATAAGTGGTTATTACC,0,1753349
gyrAp,0.5,1,1,GAAAGTTCCCTGGAGTCCCT,0,1768809
gyrAp,0.5,1,1,CTTTTTCCTACTTCCGGTAC,0,1748708
gyrAp,0.5,1,1,CTTTTGGTGTTGACTTCTGG,0,1741515
gyrAp,0.5,1,1,CTTTTGACGTCGGCGTTGGG,0,1742658
gyrAp,0.5,1,1,CTTTGAACGCTACTTCAGGT,0,1758892
gyrAp,0.5,1,1,CTTTCCGGGGAATCTCCAGA,0,1755257
gyrAp,0.5,1,1,CTTTACTTATGTGCGCTCGA,0,1761835
gyrAp,0.5,1,1,CTTGGTCGGCACTAGGAGAG,0,1767569
gyrAp,0.5,1,1,CTTGCCGCGTACCTTTTGGT,0,1756452
gyrAp,0.5,1,1,CTTATTCCGAAATGACCGAT,0,1767915
gyrAp,0.5,1,1,CTTAGGATACCCCGCAGCCA,0,1769890
gyrAp,0.5,1,1,CTTAGCTCAGGGCCTTAAGT,0,1746708
gyrAp,0.5,1,1,CTTAGACTACAGCAATTATT,0,1747608
gyrAp,0.5,1,1,CTTAATCCGGCGCAAAGTGA,0,1745501
gyrAp,0.5,1,1,CTGTTGTGAGTCCACGCCCA,0,1763291
gyrAp,0.5,1,1,CTGTTGCGGCTTTTCACGTA,0,1766657
gyrAp,0.5,1,1,CTGTGGGATCTAAGCAAAGC,0,1749403
gyrAp,0.5,1,1,CTGTGCTGGGCCTTTCTTGA,0,1742438
gyrAp,0.5,1,1,CTGTATTGTCATTGAAATAA,0,1760247
gyrAp,0.5,1,1,CTGGTTAGAAAGTTCTTTAT,0,1761687
gyrAp,0.5,1,1,CTGGATAAATGTGTGGGGTT,0,1767187
gyrAp,0.5,1,1,CTGCTGCGCAACAAGGCAAC,0,1767363
gyrAp,0.5,1,1,CTGAAAGGCAGGTATGCCAC,0,1756512
gyrAp,0.5,1,1,CTCTGGCGGGAAGGAAGGGT,0,1751125
gyrAp,0.5,1,1,CTCTGAGAATCCGGGCTGCA,0,1749314
gyrAp,0.5,1,1,CTCTCTGGTGAGACTGCGGG,0,1757238
gyrAp,0.5,1,1,CTCTAGGATCCAGTGAGCGA,0,1762859
gyrAp,0.5,1,1,CTCGTTACATTATGCCGGAC,0,1749259
gyrAp,0.5,1,1,CTCGCTCGAGATCGGAACAA,0,1748073
gyrAp,0.5,1,1,CTCGCGGAGGCCTGTAACCG,0,1765690
gyrAp,0.5,1,1,CTCGCCTTATGATCGAGTAG,0,1752002
gyrAp,0.5,1,1,CTCGAAGACCTAAGCACGTG,0,1770635
gyrAp,0.5,1,1,CTCCTTAATGGAAGGCCCCC,0,1762510
gyrAp,0.5,1,1,CTCCTAGTCTGCGTGGATCA,0,1757324
gyrAp,0.5,1,1,CTCCCGCCTGGTCCGAAAGC,0,1742532
gyrAp,0.5,1,1,CTCCAGGTTTAAAAGTAGAT,0,1742156
gyrAp,0.5,1,1,CTCATAGAGCCATTCTTCTC,0,1769949
gyrAp,0.5,1,1,CTCAATGCCGCTATTGGCGG,0,1760328
gyrAp,0.5,1,1,CTCAAGCCTTCCGTGAAACT,0,1766822
gyrAp,0.5,1,1,CTATAAACCTAATGCCGACG,0,1755892
gyrAp,0.5,1,1,CTAGGTTGATAGCGTCCTAA,0,1744006
gyrAp,0.5,1,1,CTAGACGTAGTCTGATGGAA,0,1753798
gyrAp,0.5,1,1,CTACTTTCTTCTGGCCACAC,0,1750440
gyrAp,0.5,1,1,CTACTGCGCTTACAGATAGG,0,1748707
gyrAp,0.5,1,1,CTACGATGTGTTTGAAGCTC,0,1757735
gyrAp,0.5,1,1,CTACCGGCCCTAAGCAGGAA,0,1750951
gyrAp,0.5,1,1,CTAATTGTACGAAGCGAAAA,0,1768560
gyrAp,0.5,1,1,CTAAGGTTCCTGACGTTTAA,0,1750847
gyrAp,0.5,1,1,CTAAAGCTGCCTCTATAGAT,0,1756988
gyrAp,0.5,1,1,CGTTTGGTCTAGCGGCTGGT,0,1744391
gyrAp,0.5,1,1,CGTTTACAGCAATCCTGCAG,0,1769418
gyrAp,0.5,1,1,CGTTGCCTGGCTATACGCAT,0,1747722
gyrAp,0.5,1,1,CGTTAGGTTACGTCCGGGGT,0,1759922
gyrAp,0.5,1,1,CGTTACTAGAAATTACCAAG,0,1763687
gyrAp,0.5,1,1,CGTGTTGCTACTGTCTTGGC,0,1751499
gyrAp,0.5,1,1,CGTGTGGAGAATGTGAATGC,0,1755889
gyrAp,0.5,1,1,CGTGTGCAGCACAGGATAAG,0,1742046
gyrAp,0.5,1,1,CGTGTCTATTCATAAACAAT,0,1764058
gyrAp,0.5,1,1,CGTGGTCTTGACCACTAACT,0,1757944
gyrAp,0.5,1,1,CGTGGCTTAGTGCTATATAG,0,1743105
gyrAp,0.5,1,1,CGTGGCCAGCATATCTTCCC,0,1749428
gyrAp,0.5,1,1,CGTGACTCCCCGCAACTTTA,0,1768719
gyrAp,0.5,1,1,CGTCTAAGGACCTCTTGGAG,0,1761833
gyrAp,0.5,1,1,CGTCCTCGAAGCCATATCGC,0,1767266
gyrAp,0.5,1,1,CGTAATGAGAGGTTCTGATG,0,1761285
gyrAp,0.5,1,1,CGGTTCGTGGCACCTGGAAA,0,1741524
gyrAp,0.5,1,1,CGGTGCCTTCGTTACGTCTA,0,1756352
gyrAp,0.5,1,1,CGGGTCCTGTTGCTATTGCG,0,1758453
gyrAp,0.5,1,1,CGGGGGAAGCGTGCAACCGA,0,1742281
gyrAp,0.5,1,1,CGGGCCAATTCAGACCTTAG,0,1768629
gyrAp,0.5,1,1,CGGCTTCTTGATGGATTGAG,0,1752443
gyrAp,0.5,1,1,CGGCTGCCTGGCAGCGTGGA,0,1759771
gyrAp,0.5,1,1,CGGCGCTCGGGGACCGGGCG,0,1755517
gyrAp,0.5,1,1,CGGCCGCAAAACAAGTAAAT,0,1748045
gyrAp,0.5,1,1,CGGCCGATTCCTTGTGCTAG,0,1759461
gyrAp,0.5,1,1,CGGCCAGGCACAGTTCAATA,0,1754150
gyrAp,0.5,1,1,CGGCAGCAGCCTGCACCTGC,0,1761462
gyrAp,0.5,1,1,CGGATCTCGGTTCTGAAACG,0,1762436
gyrAp,0.5,1,1,CGGAACAAGTCCATCTACAT,0,1757189
gyrAp,0.5,1,1,CGCTGGAGGGACGAGTATCG,0,1764227
gyrAp,0.5,1,1,CGCTCGGTCCTTATAGTCAG,0,1745663
gyrAp,0.5,1,1,CGCTCGACCGTCTTCAATAG,0,1745743
gyrAp,0.5,1,1,CGCTCCTGGACGGTAACCGT,0,1757895
gyrAp,0.5,1,1,CGCTATTTAGTGTTAAGGTT,0,1749083
gyrAp,0.5,1,1,CGCTAACACTGTGTAGGCGA,0,1754440
gyrAp,0.5,1,1,CGCGTGAACACACCGGTTAA,0,1757072
gyrAp,0.5,1,1,CGCGGCAGACCCAATTACGT,0,1754240
gyrAp,0.5,1,1,CGCCGGAACTCTTATGACAG,0,1756121
gyrAp,0.5,1,1,CGCCAGGCAGTACACCCTAG,0,1759172
gyrAp,0.5,1,1,CGCATTTGCTATGGGGTACA,0,1759462
gyrAp,0.5,1,1,CGCAGCGCATTTAGTGGGTT,0,1742602
gyrAp,0.5,1,1,CGCAGAGTCAGGGGGCAGAA,0,1766290
gyrAp,0.5,1,1,CGCACGCATTGAGGGGGCGT,0,1766638
gyrAp,0.5,1,1,CGATTTCCACCCCGAGACGT,0,1766344
gyrAp,0.5,1,1,CGATTCATGCGTTCCCCCAA,0,1765860
gyrAp,0.5,1,1,CGATCGGTATCGTATACGAT,0,1758098
gyrAp,0.5,1,1,CGAGCTACTACGTTAGAAAG,0,1763649
gyrAp,0.5,1,1,CGAGAGGCCCAAAGAACAGA,0,1765321
gyrAp,0.5,1,1,CGACAGGTAGCTTCTGTATC,0,1744974
gyrAp,0.5,1,1,CGAAGGCTGTCCGTTCCTAT,0,1749002
gyrAp,0.5,1,1,CGAAGATGGCACTATGACTG,0,1757001
gyrAp,0.5,1,1,CGAACTAATGTTTGGTTGAT,0,1765562
gyrAp,0.5,1,1,CGAAAAGAGTGAGGGGTCAG,0,1753470
gyrAp,0.5,1,1,CCTCTCAGCCGCGAAAAACT,0,1750243
gyrAp,0.5,1,1,CCTCGCTATCCTGATCCTTT,0,1743496
gyrAp,0.5,1,1,CCTCGCCTCGATGCGGTACT,0,1749925
gyrAp,0.5,1,1,CCTCAGTCAGTTCTGTAGGA,0,1770684
gyrAp,0.5,1,1,CCTCACCTCTGGGAGGCGCG,0,1742277
gyrAp,0.5,1,1,CCTATAGTATATACATCTGG,0,1768753
gyrAp,0.5,1,1,CCTAGTCTAAGGAGCGTAAG,0,1770115
gyrAp,0.5,1,1,CCTAGGGTTGCCGTTCGTAT,0,1767195
gyrAp,0.5,1,1,CCGTGCTCTTCGTCACGATG,0,1746044
gyrAp,0.5,1,1,CCGTAACGGCCGGATGAATT,0,1746049
gyrAp,0.5,1,1,CCGGTGCGCCTACTGTGACT,0,1746434
gyrAp,0.5,1,1,CCGGGGTTGGTGACGTTGTT,0,1764733
gyrAp,0.5,1,1,CCGGGGAAGCCCCAGGCAAA,0,1754051
gyrAp,0.5,1,1,CCGGCACAAAACCACCTGGG,0,1752632
gyrAp,0.5,1,1,CCGAGCGATCCGGGCACCCT,0,1744473
gyrAp,0.5,1,1,CCGAATAAAATGCGTAATTT,0,1761986
gyrAp,0.5,1,1,CCCTCTTCAGCCCACTTCAT,0,1751871
gyrAp,0.5,1,1,CCCTCAACTCGGCCGGACTA,0,1753501
gyrAp,0.5,1,1,CCCGTCCGAAACAGACCGAT,0,1743997
gyrAp,0.5,1,1,CCCGGGTTCGGTAACCTCTC,0,1747243
gyrAp,0.5,1,1,CCCCTTGGAGCGGGGGCAGA,0,1764742
gyrAp,0.5,1,1,CCCCGGGCAAAGCTGGCCCA,0,1758216
gyrAp,0.5,1,1,CCCCGCCCGAAAATTCCGCT,0,1748961
gyrAp,0.5,1,1,CCCCCTTTACGGAACACACT,0,1746242
gyrAp,0.5,1,1,CCCCCGGCTGAGGTACTGTC,0,1741799
gyrAp,0.5,1,1,CCCATGGGCAATTAACTGCC,0,1750928
gyrAp,0.5,1,1,CCCATGCGCTGACTTTCTAA,0,1765676
gyrAp,0.5,1,1,CCCATCGTAGACCGCACACC,0,1760926
gyrAp,0.5,1,1,CCCAATAAGAGATCGTCGAT,0,1762742
gyrAp,0.5,1,1,CCCAAGTCACATCAACAGTA,0,1751220
gyrAp,0.5,1,1,CCCAAGCGTATGGATTACGT,0,1760338
gyrAp,0.5,1,1,CCATCAGGGAAGGGCGGTAT,0,1752184
gyrAp,0.5,1,1,CCATACGGAAACGGTCGTAG,0,1764692
gyrAp,0.5,1,1,CCAGGTGTTCCTACAGCATA,0,1748675
gyrAp,0.5,1,1,CCAGGTCATAAGCTGACAAT,0,1747705
gyrAp,0.5,1,1,CCAGGCGTCCAGTAGGATGG,0,1756053
gyrAp,0.5,1,1,CCACCTGACGAACTGTGCCC,0,1751231
gyrAp,0.5,1,1,CCACATACGACTATTACGAA,0,1752534
gyrAp,0.5,1,1,CCAATTCTAAACCTGACTGA,0,1759252
gyrAp,0.5,1,1,CCAATGCGAAGGTTGCGCCC,0,1754184
gyrAp,0.5,1,1,CCAAGCGCGCCCCACATTTA,0,1766734
gyrAp,0.5,1,1,CCAAGAAGTGTGACCAGTGC,0,1750877
gyrAp,0.5,1,1,CCAACGGGCATGTGTGGTAT,0,1763255
gyrAp,0.5,1,1,CATTTCGGTCGATCACCCGT,0,1755984
gyrAp,0.5,1,1,CATTTCAGTTTTTCCGCTAC,0,1741653
gyrAp,0.5,1,1,CATTTACTCTGGGGAGATTG,0,1753415
gyrAp,0.5,1,1,CATTGTGGAACCATTTCACT,0,1753526
gyrAp,0.5,1,1,CATTGTCATCCCCAAGGACA,0,1750782
gyrAp,0.5,1,1,CATTATCAGCTGCAGGATCG,0,1752977
gyrAp,0.5,1,1,CATTAGTCTTGTTCCAATAA,0,1764891
gyrAp,0.5,1,1,CATGTAGTGCGGCACGATAG,0,1769441
gyrAp,0.5,1,1,CATGGTGGCTGACCGGTCCC,0,1759469
gyrAp,0.5,1,1,CATGACGAGCTTGTTATCTC,0,1742153
gyrAp,0.5,1,1,CATCTTGTAACACAATGAAT,0,1754313
gyrAp,0.5,1,1,CATCTATCGCGGAATATTAC,0,1752398
gyrAp,0.5,1,1,CATCCGCGCCAGACCATCAG,0,1764609
gyrAp,0.5,1,1,CATCCAGTCGAGAGCACATT,0,1763839
gyrAp,0.5,1,1,CATCATAGTCCCCGTGGCGA,0,1751329
gyrAp,0.5,1,1,CATACATCCAGATCGAGGAA,0,1754386
gyrAp,0.5,1,1,CAGTTTGAGATTTCGAAGCA,0,1747240
gyrAp,0.5,1,1,CAGTTGCTCAACGCGTATGG,0,1743004
gyrAp,0.5,1,1,CAGTCCGTCGTACTCACCCG,0,1751869
gyrAp,0.5,1,1,CAGTAGAACCAGTAAGCGGC,0,1753915
gyrAp,0.5,1,1,CAGTACTGTGTGTTTCTTCT,0,1756019
gyrAp,0.5,1,1,CAGGTCGAGTATGCGGCACA,0,1757241
gyrAp,0.5,1,1,CAGGGATATTGTGTTACAAA,0,1755206
gyrAp,0.5,1,1,CAGGAATGTGTACGAGATGG,0,1759912
gyrAp,0.5,1,1,CAGCTTTTTGCCCCGACATA,0,1750205
gyrAp,0.5,1,1,CAGCTATAAGGGAGGCCTAA,0,1769222
gyrAp,0.5,1,1,CAGCGCAGGCACAGTTATCT,0,1767697
gyrAp,0.5,1,1,CAGCAAGGGAAAGCATAAAC,0,1757440
gyrAp,0.5,1,1,CAGACAGAAGAACGAGAATG,0,1756289
gyrAp,0.5,1,1,CAGAAGGCTTTTGCAACTCA,0,1764932
gyrAp,0.5,1,1,CAGAACCCGGGCCACGGTTA,0,1751920
gyrAp,0.5,1,1,CACGTTCATGTGGTGTTTAG,0,1743523
gyrAp,0.5,1,1,CACGTATGCCGCCCGATCTG,0,1756050
gyrAp,0.5,1,1,CACCATAGCATTCGGGAGGA,0,1760701
gyrAp,0.5,1,1,CACATTGAGCTACCAGTGAA,0,1768198
gyrAp,0.5,1,1,CAATTTATTCAATAATGCGT,0,1757088
gyrAp,0.5,1,1,CAAGGGCCGTCTGTTTTAAT,0,1742154
gyrAp,0.5,1,1,CAAGGGATCTAGGCTGCGCC,0,1766296
gyrAp,0.5,1,1,CAAGAGCTTTCACGAAATTG,0,1749218
gyrAp,0.5,1,1,CAAGAGAGTCCACAGCACCT,0,1758549
gyrAp,0.5,1,1,CAACGGGACGAACGGATTTG,0,1757985
gyrAp,0.5,1,1,CAACAATAGCTAGGTGGCAA,0,1743033
gyrAp,0.5,1,1,CAACAACTCCTTCCCCATCT,0,1742919
gyrAp,0.5,1,1,CAAATTGATGCGACCGTCCA,0,1758622
gyrAp,0.5,1,1,CAAATCGGGTCACAGCCATC,0,1757886
gyrAp,0.5,1,1,CAAATAACACGAGTCATTTC,0,1759820
gyrAp,0.5,1,1,CAAAGTACCGCCCGGCCTTA,0,1768739
gyrAp,0.5,1,1,CAAAGGTGCACTCATCTCCA,0,1759823
gyrAp,0.5,1,1,CAAACACATGGATTCGATGC,0,1749652
gyrAp,0.5,1,1,ATTTCATCGGTGCTCTCTAA,0,1770365
gyrAp,0.5,1,1,ATTGGCTCAGACTTCATGTT,0,1755461
gyrAp,0.5,1,1,ATTGGCTAAGGGACCGCTAT,0,1752996
gyrAp,0.5,1,1,ATTGCATCAATTAACTGGAA,0,1760389
gyrAp,0.5,1,1,ATTCTTTGAGCATATGAATT,0,1746874
gyrAp,0.5,1,1,ATTCTATTTTGCCACTCCAT,0,1761925
gyrAp,0.5,1,1,ATTCGCGGCCAAATTTCAAG,0,1753745
gyrAp,0.5,1,1,ATTCACCTTGGAGAATAGCG,0,1763164
gyrAp,0.5,1,1,ATTAGTACCAGATTTTACCT,0,1755394
gyrAp,0.5,1,1,ATTAGGGGTCTCAACCTCCC,0,1768695
gyrAp,0.5,1,1,ATGTTACTACCTCGGAGCAG,0,1756882
gyrAp,0.5,1,1,ATGTGTCAGGGCTCGTTACA,0,1744702
gyrAp,0.5,1,1,ATGTACATGGTCACCAGGTG,0,1746272
gyrAp,0.5,1,1,ATGGTGATCTCTGGTGCTCC,0,1748401
gyrAp,0.5,1,1,ATGCTGTCCGTTCGAGCAAG,0,1742774
gyrAp,0.5,1,1,ATGCTCAAAATTGATGAATC,0,1747277
gyrAp,0.5,1,1,ATGCGGTATGACACGAAGGG,0,1741706
gyrAp,0.5,1,1,ATGCACGGTGACCGCTGATG,0,1759448
gyrAp,0.5,1,1,ATGATCATGAAATTCACTAC,0,1764168
gyrAp,0.5,1,1,ATGAGGTCCGTAACAAGGTT,0,1759001
gyrAp,0.5,1,1,ATGAGATCAATACGCGATCT,0,1763724
gyrAp,0.5,1,1,ATGACGCGTGTGTTCGTTGT,0,1765764
gyrAp,0.5,1,1,ATCTTTAGAGCTAAGCCGTC,0,1745783
gyrAp,0.5,1,1,ATCTGGGTCAGACTGGTAAG,0,1766507
gyrAp,0.5,1,1,ATCTGGGCATGGAGGAGATG,0,1750829
gyrAp,0.5,1,1,ATCTGCATGCGTGCGATGTG,0,1759933
gyrAp,0.5,1,1,ATCTGAGATTTACGCGCGCT,0,1741457
gyrAp,0.5,1,1,ATCTCTCAGATTGAAAGGAT,0,1755109
gyrAp,0.5,1,1,ATCTCATCATATAGGGACGT,0,1747797
gyrAp,0.5,1,1,ATCGTAAAAAAATCACTTCT,0,1744956
gyrAp,0.5,1,1,ATCCTCTAGCGAACGGTGGC,0,1745515
gyrAp,0.5,1,1,ATCCATTGCTTGTCGTATAT,0,1746032
gyrAp,0.5,1,1,ATCAAAGGGTGCGCTCATGG,0,1765269
gyrAp,0.5,1,1,ATATTGATCATCGGGAAGTC,0,1760329
gyrAp,0.5,1,1,ATATGCTTGTCCATCGTTCC,0,1754737
gyrAp,0.5,1,1,ATATCGGACCTTCTCACGGT,0,1766232
gyrAp,0.5,1,1,ATATCCATTTTGAAACTTAT,0,1764197
gyrAp,0.5,1,1,ATATACCCCCCGAGCATAAC,0,1762214
gyrAp,0.5,1,1,ATAGCACTTTGCCTCTCAAT,0,1754100
gyrAp,0.5,1,1,ATAGCACAGAGTTTGATGTT,0,1763783
gyrAp,0.5,1,1,ATACTAAGAGATAAGGAAAT,0,1757592
gyrAp,0.5,1,1,ATACCATCGAGCTTATTGAA,0,1742311
gyrAp,0.5,1,1,ATAAGCTGGCGGCGGGTTCG,0,1751904
gyrAp,0.5,1,1,ATAACTCTGAGCATATGACA,0,1747887
gyrAp,0.5,1,1,ATAACCCCCGTTGAGTGTTC,0,1742005
gyrAp,0.5,1,1,ATAAACGGTTTTCGAACAAC,0,1765323
gyrAp,0.5,1,1,AGTTCGGCTCGGATGACTCG,0,1753189
gyrAp,0.5,1,1,AGTTATCCGCTGAAAGCACA,0,1744256
gyrAp,0.5,1,1,AGTGCTCGCGCATCTTTATG,0,1744307
gyrAp,0.5,1,1,AGTGCAGGTACGAAAGTAGG,0,1753476
gyrAp,0.5,1,1,AGTGATGGCTTGTAACACAC,0,1755778
gyrAp,0.5,1,1,AGTATGGACCTTGCGCTGCT,0,1759302
gyrAp,0.5,1,1,AGTATAAATTTCGAGCACTA,0,1766835
gyrAp,0.5,1,1,AGTAGGTGGAAACAGTACCA,0,1749704
gyrAp,0.5,1,1,AGTAGGCCGAATAAGCGATC,0,1766312
gyrAp,0.5,1,1,AGTACATGAGATATTGAAGC,0,1746027
gyrAp,0.5,1,1,AGTAATGTATGCGGTATCAT,0,1747681
gyrAp,0.5,1,1,AGGTTTACATCGAGCTGTAA,0,1753978
gyrAp,0.5,1,1,AGGTCACGAGAAAAGTATCT,0,1744413
gyrAp,0.5,1,1,AGGGTTGAATAATTTAAACA,0,1749112
gyrAp,0.5,1,1,AGGGATTTTTGAAGAAATGT,0,1743019
gyrAp,0.5,1,1,AGGGATCGTTGGCACACAAC,0,1750760
gyrAp,0.5,1,1,AGGGAACAGATAATAGTGTA,0,1759061
gyrAp,0.5,1,1,AGGCGACTCATGGGGCCAGT,0,1742308
gyrAp,0.5,1,1,AGGCGAAGCGGTTGCACTTC,0,1764190
gyrAp,0.5,1,1,AGGCCTATAAAGTTTAGTTG,0,1750364
gyrAp,0.5,1,1,AGGACTGGGCGTCACACCCC,0,1768621
gyrAp,0.5,1,1,AGGAAGTCGTACTTAAAGCT,0,1763690
gyrAp,0.5,1,1,AGCTGTGGTGCGCGTATGCC,0,1767687
gyrAp,0.5,1,1,AGCTGCAGCAGCTAATTATC,0,1759326
gyrAp,0.5,1,1,AGCTACTCGCTAGCAAGTAT,0,1751338
gyrAp,0.5,1,1,AGCTACAGAGTAACTTGCTT,0,1765195
gyrAp,0.5,1,1,AGCGTGTCGTTCCTATAATA,0,1767053
gyrAp,0.5,1,1,AGCGATTGGTCTGTTTTAAG,0,1767100
gyrAp,0.5,1,1,AGCCCTTTAGCTGTTGACCC,0,1764817
gyrAp,0.5,1,1,AGCCCTCTATCAATTGCTGG,0,1746322
gyrAp,0.5,1,1,AGCCCTCCGTCGGATCCTGA,0,1749091
gyrAp,0.5,1,1,AGCCAGGAAGGCCATTCTGT,0,1754326
gyrAp,0.5,1,1,AGCACTGATACCTTCTTTTT,0,1745333
gyrAp,0.5,1,1,AGCACCATTTAGAGCTATTT,0,1747108
gyrAp,0.5,1,1,AGCAAAAAATGCTCCATGCT,0,1742823
gyrAp,0.5,1,1,AGATATAAGACTTGCGTTAA,0,1746772
gyrAp,0.5,1,1,AGAGTTCAGACACTTAGGAC,0,1767997
gyrAp,0.5,1,1,AGAGTCCGACACCGGACCAT,0,1750625
gyrAp,0.5,1,1,AGAGTATGGTTTGAGTCCCA,0,1749731
gyrAp,0.5,1,1,AGAGATATGCGCGGGCTGTC,0,1749630
gyrAp,0.5,1,1,AGAAGGACATTAGTCGGGTA,0,1754315
gyrAp,0.5,1,1,AGAACCTATTGTGCGGTAAG,0,1756749
gyrAp,0.5,1,1,ACTTGATGCGCCGCTCATAG,0,1759100
gyrAp,0.5,1,1,ACTTCGGGTGCGTCCCGGAA,0,1742781
gyrAp,0.5,1,1,ACTTCAAGTGTCCATCGTAA,0,1752568
gyrAp,0.5,1,1,ACTCTGTCAAGGGCGGTCGC,0,1753735
gyrAp,0.5,1,1,ACTCGCTAGAGCGAGTGCTG,0,1743959
gyrAp,0.5,1,1,ACTCAGGAAATGCGTCTCGT,0,1743925
gyrAp,0.5,1,1,ACTCACGACTACGCTAACGG,0,1746370
gyrAp,0.5,1,1,ACTACGAGTAGCGTAATTGT,0,1756832
gyrAp,0.5,1,1,ACTAAATGTTGCCACAATTT,0,1741876
gyrAp,0.5,1,1,ACGTTGAGCGATTCCGACGG,0,1762606
gyrAp,0.5,1,1,ACGTTCACGTCGGAATCACT,0,1760812
gyrAp,0.5,1,1,ACGTTACCCTTCCTACACGC,0,1768731
gyrAp,0.5,1,1,ACGTGGCCTGTACTGCAGTC,0,1761298
gyrAp,0.5,1,1,ACGGGGCGACCGTTTCGCGG,0,1753031
gyrAp,0.5,1,1,ACGGGCCGGGCGGCCTCGGT,0,1754425
gyrAp,0.5,1,1,ACGGCTCCCCTGAGAATGAA,0,1759053
gyrAp,0.5,1,1,ACGGCTAAAGTCCCACTAAC,0,1753832
gyrAp,0.5,1,1,ACGGCCTGAAAGGGATGAAA,0,1747043
gyrAp,0.5,1,1,ACGGCAAACTGAGAGGACGA,0,1741570
gyrAp,0.5,1,1,ACGGAGTAGAGTCCTATTCG,0,1767892
gyrAp,0.5,1,1,ACGCTGGCAAGTATCTGGGA,0,1756724
gyrAp,0.5,1,1,ACGCGACACCGCACGTGTCT,0,1765552
gyrAp,0.5,1,1,ACGCCTCTTGTCTGATGTTA,0,1744135
gyrAp,0.5,1,1,ACGCCCGATCCAAGGGTGAA,0,1750797
gyrAp,0.5,1,1,ACGCAACTTGTATGTTGGTA,0,1743873
gyrAp,0.5,1,1,ACGAGATATCGGAATGTGAG,0,1761777
gyrAp,0.5,1,1,ACGACATCATGCACGTATTA,0,1768481
gyrAp,0.5,1,1,ACGAATCTTAGTGAGATGGA,0,1744237
gyrAp,0.5,1,1,ACCTCATTGATTAGATGGTC,0,1765816
gyrAp,0.5,1,1,ACCTACTAAGGTGTCATCAT,0,1752320
gyrAp,0.5,1,1,ACCTAAATTCGATGCTACTT,0,1760814
gyrAp,0.5,1,1,ACCGTTATTCGTGACAGCGG,0,1765777
gyrAp,0.5,1,1,ACCGGCCGGAATAAGCCGCA,0,1770006
gyrAp,0.5,1,1,ACCCGTTTGAGCCACAATAC,0,1753571
gyrAp,0.5,1,1,ACCCCAAGTGCGCGTCAAAC,0,1758921
gyrAp,0.5,1,1,ACCCAGCATCCACATTCGGA,0,1766737
gyrAp,0.5,1,1,ACCATTGTGCACTTGAACCG,0,1770675
gyrAp,0.5,1,1,ACCATCGACGGGCGAAAATT,0,1757986
gyrAp,0.5,1,1,ACCACTTGGAATGGTTATGT,0,1754450
gyrAp,0.5,1,1,ACATGCCATAACGTGCTCGT,0,1746620
gyrAp,0.5,1,1,ACATAGATTGGACCGAAACT,0,1753149
gyrAp,0.5,1,1,ACAGTTCTCACCTGTGGATT,0,1763924
gyrAp,0.5,1,1,ACAGGCTGACCATAATATAA,0,1767342
gyrAp,0.5,1,1,ACAGGCACCATCCTAGCGGA,0,1764313
gyrAp,0.5,1,1,ACAGGATGATTAAGCGACCG,0,1763344
gyrAp,0.5,1,1,ACAGCCGGGCCGGGTAGTTT,0,1765229
gyrAp,0.5,1,1,ACAGATAACCAGAAAGGGTC,0,1741778
gyrAp,0.5,1,1,ACACCGTCACTGACAATGCA,0,1749042
gyrAp,0.5,1,1,ACAAATTCTTAGCCGTTGAC,0,1745866
gyrAp,0.5,1,1,ACAAATGTGGGACACACGTG,0,1752436
gyrAp,0.5,1,1,ACAAAGAACACAGTTTTCTT,0,1760738
gyrAp,0.5,1,1,ACAAACAAAAGGGGGCGGCT,0,1743154
gyrAp,0.5,1,1,AATTTTCCGTATAGTTGCAT,0,1758519
gyrAp,0.5,1,1,AATTTTATGACGGGTCAACC,0,1762095
gyrAp,0.5,1,1,AATTTGGCAATAGGATTCTT,0,1755538
gyrAp,0.5,1,1,AATTTCCCGCACCCATGTGT,0,1760703
gyrAp,0.5,1,1,AATTGATTTGGCGAGCGACG,0,1757983
gyrAp,0.5,1,1,AATTCTTACGCTCTTTTCAT,0,1755858
gyrAp,0.5,1,1,AATTCGTAAAGGTAAGACAG,0,1742524
gyrAp,0.5,1,1,AATTAGGCAACCACGCTCTC,0,1753034
gyrAp,0.5,1,1,AATTAGAGCCACAAGGTTGA,0,1744703
gyrAp,0.5,1,1,AATGGGTCGGTCGGTCCGCG,0,1749208
gyrAp,0.5,1,1,AATGGGCCGGTTGTAGCGAC,0,1768279
gyrAp,0.5,1,1,AATGCGTGCGGATACCGGAC,0,1742074
gyrAp,0.5,1,1,AATGCCTGATAGCAACGGGG,0,1755914
gyrAp,0.5,1,1,AATGATAAACTTCAATCTCT,0,1760354
gyrAp,0.5,1,1,AATGAATGTTATAGTAACGA,0,1759526
gyrAp,0.5,1,1,AATCCTGATGGTCGCAATGG,0,1763028
gyrAp,0.5,1,1,AATCATTAGGCGCACGCCAG,0,1766258
gyrAp,0.5,1,1,AATCACGGATTAGGTTCGAT,0,1762388
gyrAp,0.5,1,1,AATCAATAATCCGTTGTTTC,0,1743335
gyrAp,0.5,1,1,AATACTACATATATATGAGT,0,1762623
gyrAp,0.5,1,1,AATACCCTAAAGAGCTGCTG,0,1744004
gyrAp,0.5,1,1,AATACAACGCACCTCACTCC,0,1762703
gyrAp,0.5,1,1,AATAAGGTTGCACCGGTCAT,0,1747785
gyrAp,0.5,1,1,AATAACTTGGCCCCGGACAA,0,1749919
gyrAp,0.5,1,1,AATAACACCCGAGTTTGACG,0,1745215
gyrAp,0.5,1,1,AAGTGTTCACTTTTTCTTAT,0,1746119
gyrAp,0.5,1,1,AAGTGGGATGGTGACCTCAA,0,1769983
gyrAp,0.5,1,1,AAGTGCGCGATTGTACTCGA,0,1762497
gyrAp,0.5,1,1,AAGTCCTCCCTATTTTGATC,0,1763980
gyrAp,0.5,1,1,AAGTATAATGGGTGTAATAA,0,1742896
gyrAp,0.5,1,1,AAGGGTCCATCTCGACTCGT,0,1757017
gyrAp,0.5,1,1,AAGGCTTATCCACCTTCGAA,0,1761175
gyrAp,0.5,1,1,AAGGCTCTCCCAAGTGTCCC,0,1763321
gyrAp,0.5,1,1,AAGGCATGTACGTCGATTAG,0,1751954
gyrAp,0.5,1,1,AAGGAGCAGATGCCACTGCC,0,1751880
gyrAp,0.5,1,1,AAGCACATTCTAAAGGTGAT,0,1756451
gyrAp,0.5,1,1,AAGAGGTAAGCGCATGAGTC,0,1769861
gyrAp,0.5,1,1,AACTTCAGGCAGTTCATCGT,0,1768216
gyrAp,0.5,1,1,AACTGAAAATCCCCACCCTC,0,1766773
gyrAp,0.5,1,1,AACTATGCTCGAGATAAAAC,0,1762204
gyrAp,0.5,1,1,AACGTCCCCCGCTCATTAGC,0,1742952
gyrAp,0.5,1,1,AACGCAGATGTTGGAACGAT,0,1741879
gyrAp,0.5,1,1,AACGAGTGATCGGCAACTGC,0,1747868
gyrAp,0.5,1,1,AACACGAAAACATAGGGAGA,0,1755949
gyrAp,0.5,1,1,AAATGTTGCATACCTTGAAT,0,1751283
gyrAp,0.5,1,1,AAATGTTCGAAAGGCAACCC,0,1741877
gyrAp,0.5,1,1,AAATCATAAGTCATAATTCT,0,1769138
gyrAp,0.5,1,1,AAATAAAAATCCCGAAGGAT,0,1743752
gyrAp,0.5,1,1,AAAGTGATTGATTGCTGCGA,0,1747156
gyrAp,0.5,1,1,AAAGGTAACACGACAGGTAT,0,1743317
gyrAp,0.5,1,1,AAAGGGACGGGCGTAAGAAG,0,1743077
gyrAp,0.5,1,1,AAAGGCCCACACTTTAAAGT,0,1748813
gyrAp,0.5,1,1,AAACTGTTGCTAAGGTTTAC,0,1749268
gyrAp,0.5,1,1,AAACGTCCCAGATCAGTTGG,0,1747562
gyrAp,0.5,1,1,AAACAGGTTGGCCAGAGACA,0,1761332
gyrAp,0.5,1,1,AAAAGAACATTCCCGGTCTT,0,1750636
gyrAp,0.5,1,1,AAAAAGTGATTGAGGGCACG,0,1768176
gyrAp,0.5,1,1,AAAAACACCAAGGGCAAATG,0,1753326
gyrAp,297.0,296,0,CCCGTCAGGTCCACATTGAA,296,1759707
gyrAp,219.0,218,0,TCTGAAGGTCGTTTATAGAA,218,1768497
gyrAp,204.0,203,0,GCTGGCAAACCACCCGGTCA,203,1768417
gyrAp,197.0,196,0,CGCCGGACATACGCACTGAC,196,1764865
gyrAp,189.0,188,0,ACGGTAGGGGACCTCGCAGC,188,1766855
gyrAp,188.0,187,0,CCTTACGCATATGAAGGGCA,187,1754686
gyrAp,181.0,180,0,CGGCCCAGTTAATGGATGCA,180,1766803
gyrAp,177.0,176,0,AATTGTAGCGTACCATTCTA,176,1762776
gyrAp,166.0,165,0,TACGTTACCGTCTGTGTCCT,165,1769755
gyrAp,164.0,163,0,GAAGGCCAAACTGAATTTTG,163,1742943
gyrAp,161.0,160,0,AGCGCGACATCTTTGCTGGA,160,1761441
gyrAp,154.0,153,0,GACAGCTCCGTTGGATGGAT,153,1763506
gyrAp,150.0,149,0,GTACGGTAATGTCCGCATAA,149,1760085
gyrAp,149.0,148,0,CAGGAGAAAAGCGCGATCAG,148,1751736
gyrAp,149.0,148,0,AGGCCGAAGACCCGGCGTTT,148,1746617
gyrAp,147.0,146,0,AATCGGGACAACAGTACCTG,146,1763470
gyrAp,146.0,145,0,AGTTTCTACAATCCGGGGAA,145,1753946
gyrAp,141.0,140,0,CGGGATTTCAATTTTAATCA,140,1745603
gyrAp,138.0,137,0,CGGCTGTATAAGCGAATCGT,137,1754352
gyrAp,136.0,135,0,AGATCCACTAGAGCAGGATG,135,1755145
gyrAp,133.0,132,0,GAAGATTGATACTAGCGCGT,132,1747740
gyrAp,133.0,132,0,ACATTCGCCTCGTATTCTTT,132,1750655
gyrAp,131.0,130,0,CCGGTCTTCAATTATTCATG,130,1753203
gyrAp,129.0,128,0,CTGATAATGGACTGAACAGT,128,1767735
gyrAp,127.0,126,0,CTGGCTCTTGGTCAGGGATA,126,1752700
gyrAp,125.0,124,0,GCAAGAACGTTGCCCTTCCT,124,1761258
gyrAp,124.0,123,0,CTTGCCGTGGGACGTCCGTG,123,1755232
gyrAp,122.0,121,0,TTTGCGCCGAATGTTCGGCC,121,1745712
gyrAp,122.0,121,0,CTGTTGGTCGAGCCCATGCA,121,1745607
gyrAp,120.0,119,0,CATCATCATCGGCATTTGAC,119,1748151
gyrAp,119.0,118,0,ATGGCCACTTTTGGATTAGG,118,1765776
gyrAp,119.0,118,0,AACGGCTTGCTCATCCGTCT,118,1761389
gyrAp,118.0,117,0,TGATGCATGATTATCGTCCT,117,1743870
gyrAp,118.0,117,0,AAACTTTGGTGATCTCGAGA,117,1745296
gyrAp,117.0,116,0,CAATTCTAGCCTGTCATCAT,116,1745164
gyrAp,116.0,115,0,CTATTTTGATCCGCATAATA,115,1754830
gyrAp,115.0,114,0,CGTCATGCTATGAAACATTC,114,1767962
gyrAp,115.0,114,0,CCCAGTCTCGTAATGACGAA,114,1750470
gyrAp,115.0,114,0,AAACTGATGATCGTCGAAGT,114,1744994
gyrAp,114.0,113,0,AGGTCACCGCCAGCTGGATT,113,1769093
gyrAp,113.0,112,0,GGGACTACGGCGCGCGTCTC,112,1746776
gyrAp,111.0,110,0,TCCCCGGGCGGAAAGCAGAC,110,1763620
gyrAp,110.0,109,0,TATGAGTACGTGCGTGCTAT,109,1764201
gyrAp,108.0,107,0,TAACCGTGGTACTGTAAAGT,107,1745408
gyrAp,108.0,107,0,GTAGCACCAAGCTGGCTCAT,107,1768033
gyrAp,106.0,105,0,CTTGGCATGAAGTACAGATC,105,1744754
gyrAp,106.0,105,0,ACCTCGCAGAGGTGAATAAC,105,1759591
gyrAp,105.0,104,0,CTGTCCTCGATTTCGGGAAA,104,1748951
gyrAp,103.0,102,0,AAGTGCCGCTTCGATGGACT,102,1753201
gyrAp,102.0,101,0,CGTTGTAACGATGTCACCTC,101,1766953
gyrAp,102.0,101,0,AAAGGACTGTTTGAGACCCC,101,1752785
gyrAp,98.0,97,0,TCCCGATTCATCCGCCTTGC,97,1762947
gyrAp,97.0,96,0,TTGTATGTCGCCCTGATCAG,96,1770262
gyrAp,97.0,96,0,CCCATGTGTGTGTCGTCTGG,96,1760483
gyrAp,96.0,95,0,CCTGTAATCACCGAGACCCA,95,1757559
gyrAp,95.0,94,0,TAGGGCGGCCCCGTCACTGC,94,1755053
gyrAp,95.0,94,0,TAGGGAGGCAAAGGGTCATT,94,1743927
gyrAp,94.0,93,0,GGTCCTCACAAATGTCAACT,93,1752308
gyrAp,94.0,93,0,ACCAGTACTGGGTGAAACGC,93,1762893
gyrAp,93.0,92,0,TTCTTTTGGTTTAGGCGGCA,92,1768499
gyrAp,93.0,92,0,CTCAGGGCTCGGCATGGGCA,92,1759682
gyrAp,93.0,92,0,AGAGAGACCTACGTTCCGGT,92,1765650
gyrAp,92.0,91,0,TAGGCTCTTATATGTTTTGC,91,1756718
gyrAp,92.0,91,0,TAATTTCTGTACAGGACTTA,91,1760333
gyrAp,91.0,90,0,TTGTGGCGTAACACATTATC,90,1748976
gyrAp,91.0,90,0,TGGCTTCGAACAACGCTCGG,90,1757948
gyrAp,91.0,90,0,TGCGCCCTAGGGGGTTCGAT,90,1756476
gyrAp,91.0,90,0,ACATGATATGTAGCGCCTAC,90,1765032
gyrAp,89.0,88,0,TTTTGCCAACTCTTCAAGCA,88,1751397
gyrAp,88.0,87,0,TCGCTGCAGCACTCTTCAAG,87,1751478
gyrAp,88.0,87,0,ATTCACGGTTCTATTCCTGG,87,1759107
gyrAp,88.0,87,0,ACACCGGCTTTTTATAGGGG,87,1765131
gyrAp,87.0,86,0,TTTTGCAGTTTTTGCGACAT,86,1751633
gyrAp,87.0,86,0,TCGATCATTGCAGCACTGTC,86,1764867
gyrAp,87.0,86,0,GTACCTTAATTGACTTTCTA,86,1757461
gyrAp,87.0,86,0,GGTTCCTGTATCATTAACTG,86,1759109
gyrAp,87.0,86,0,CGGTGGTAAGGGTTCGCCTC,86,1761481
gyrAp,86.0,85,0,TGTCTAGGTTTACGTTACTT,85,1766293
gyrAp,86.0,85,0,TATCGAGGCATAATTTGAGG,85,1757485
gyrAp,86.0,85,0,CGTATGCCTTCCCCAGAGAT,85,1750909
gyrAp,86.0,85,0,CCAACGCTTCACCTCACTGT,85,1769103
gyrAp,86.0,85,0,ATTTAGGCGCCGCGCCGGTA,85,1760822
gyrAp,85.0,84,0,TTACGAGGATAGTCAAGTTA,84,1745984
gyrAp,85.0,84,0,GCGAACGTGGCCTGCTTATG,84,1762749
gyrAp,85.0,84,0,GATGCTGAGGAATTGCCAGA,84,1770490
gyrAp,85.0,84,0,CCCCCTCAATTGCTGAATCT,84,1755491
gyrAp,85.0,84,0,ACTTATTTGTTGACGGTATA,84,1755319
gyrAp,84.0,83,0,TCGAGCTGCCACGAGCTACT,83,1754266
gyrAp,84.0,83,0,CCACACGGTTGCTTCATAAG,83,1754335
gyrAp,84.0,83,0,CATCTTAAGTATCCAGGCAT,83,1765412
gyrAp,84.0,83,0,AAGGCGTTCAATTCGATGAC,83,1770026
gyrAp,83.0,82,0,TTCAAACGGCGGTTATGGGT,82,1746770
gyrAp,83.0,82,0,TGTGTCGTTGAAAATGGTCA,82,1754118
gyrAp,82.0,81,0,GTGAAATACAGGCGAGCCGG,81,1765101
gyrAp,82.0,81,0,CTCAACGAGGTATCGAATCA,81,1741525
gyrAp,82.0,81,0,AGTTATCCTAAAGGGTGCGT,81,1767965
gyrAp,82.0,81,0,AGATTAACCCTGACGCGGAA,81,1760211
gyrAp,81.0,80,0,GAGGCCGCGCATTAAGGGTC,80,1747373
gyrAp,81.0,80,0,CTGCCGTGTCCCCATGCGAC,80,1747253
gyrAp,81.0,80,0,ACATGTTGGGCGGCATTCCT,80,1753947
gyrAp,80.0,79,0,TTGGGCTCAAAGTTAACGTT,79,1746622
gyrAp,80.0,79,0,TCTCCCCTCAAGAACTGAAC,79,1752100
gyrAp,80.0,79,0,TCGATAATTGTGGATCCGCT,79,1760996
gyrAp,80.0,79,0,GTGGGAGTCCACCGATGCGT,79,1754136
gyrAp,80.0,79,0,GCTGGTGATAATATTCATCT,79,1753698
gyrAp,80.0,79,0,GCCCGCCGCAAGTTAGTTTC,79,1743691
gyrAp,79.0,78,0,TTTAGCCACTCGGGTCGTCG,78,1765417
gyrAp,79.0,78,0,CAATCGTAACCCTTACTTCC,78,1770327
gyrAp,78.0,77,0,TGTACGATGATTGGCCAGCA,77,1743266
gyrAp,78.0,77,0,TCGGTATTCGGAGCGCTGTG,77,1763768
gyrAp,78.0,77,0,ACGCGCCAGACGGTCAGATG,77,1751360
gyrAp,78.0,77,0,AATCGCTAGTCCCGCAGCTA,77,1756804
gyrAp,77.0,76,0,TCGGTGCGCAGACGCACTTG,76,1749057
gyrAp,77.0,76,0,CATTACATGGGTACAAGGGG,76,1753860
gyrAp,77.0,76,0,ACCATAATGATATCTCACGC,76,1769534
gyrAp,76.0,75,0,TCCGCAAGATCCCCGGCACA,75,1743418
gyrAp,76.0,75,0,GGTGTACCACTCCTTTAAGT,75,1768007
gyrAp,76.0,75,0,CGTCAATAAAGCGCTCTGCA,75,1757715
gyrAp,76.0,75,0,CCGACAACAACTTGGTCAAT,75,1756715
gyrAp,76.0,75,0,ATGTCTGTTTGTGTCATTGT,75,1762898
gyrAp,75.0,74,0,TGCGGCCATTCTCGCACTAA,74,1754855
gyrAp,75.0,74,0,CTCATCTTGAACGTTGTAGC,74,1750592
gyrAp,74.0,73,0,TTTCCATCAGAATTTGATCG,73,1744580
gyrAp,74.0,73,0,CATATCGCGTCACACGCTAG,73,1759858
gyrAp,74.0,73,0,AGCGAGACTACTTAGTAAAC,73,1769242
gyrAp,74.0,73,0,AATTACTCAGTAACCCTGGG,73,1765942
gyrAp,73.0,72,0,TTTAATCCGTTGTAAATCTA,72,1754718
gyrAp,73.0,72,0,TCACATACCTTGGTAACACC,72,1755063
gyrAp,73.0,72,0,GGTCACCAAACTGGATGCCA,72,1747133
gyrAp,73.0,72,0,GACTGGTCCCCAGCACCGTT,72,1762056
gyrAp,73.0,72,0,CTCCCGCAGTGGTGAGATCT,72,1750937
gyrAp,73.0,72,0,AACCGCGCGGTTGCTTAACA,72,1760999
gyrAp,72.0,71,0,GGCCTAGGGTCCCCAAGTAG,71,1742179
gyrAp,72.0,71,0,ACGTTGGCGTATCTATCAAT,71,1753756
gyrAp,71.0,70,0,TTAGTTCGATCGGTAAGGGA,70,1757712
gyrAp,71.0,70,0,TGTTTAAAGGGTCAGGGTAA,70,1746918
gyrAp,71.0,70,0,TGAGGTTCTCATACAGCAAA,70,1752475
gyrAp,71.0,70,0,GGGTTCGAGCATGGGAGTAT,70,1744047
gyrAp,71.0,70,0,CACCTACCATAAGGTCTTAG,70,1755364
gyrAp,71.0,70,0,ACTCAGTTTACATTACCAGA,70,1747828
gyrAp,71.0,70,0,ACATCCTTGACCTTTCGCCA,70,1767097
gyrAp,70.0,69,0,TTCAAACCCAGGTGGTCGAT,69,1754470
gyrAp,70.0,69,0,GTCAGCAACAGGGGAACAAA,69,1754015
gyrAp,70.0,69,0,CGTGTCACCCAGGCGTTTCA,69,1756215
gyrAp,70.0,69,0,AAACAGTCACTCTTGTTAAT,69,1763536
gyrAp,69.0,68,0,TGACCCATCTTGCTACCTTT,68,1749111
gyrAp,69.0,68,0,TCTTGGCTCACGGTGCTCGA,68,1759991
gyrAp,69.0,68,0,TCATTAATGTTGCCCTACGT,68,1761690
gyrAp,69.0,68,0,GTTTACTCTGAACGGAAAAA,68,1750739
gyrAp,69.0,68,0,GAATCATCCACTGTTAGAAA,68,1753485
gyrAp,69.0,68,0,CTCCGGTCCAGGTAAGTGAT,68,1763257
gyrAp,69.0,68,0,AAGGGGCAGTCCCCCGCGGT,68,1743771
gyrAp,68.0,67,0,GCAAGTAGATGTTTACATGG,67,1750897
gyrAp,68.0,67,0,CGGATTAACGTGGCATCTAC,67,1742276
gyrAp,68.0,67,0,ATTAAGTGGTGCTATAAGCC,67,1748095
gyrAp,68.0,67,0,AAAGAACATATTCCCAAACC,67,1770725
gyrAp,67.0,66,0,CCTGTCCGGGCGTGCGGCTC,66,1754523
gyrAp,67.0,66,0,ATATTGTAAAAAACCGTAGC,66,1742110
gyrAp,67.0,66,0,ACCGATTTCGTCCATTGTGT,66,1754476
gyrAp,66.0,65,0,TTTGATTTGATCGATACGAG,65,1762973
gyrAp,66.0,65,0,GAATCTCCAATCAACCTCTA,65,1770607
gyrAp,66.0,65,0,ATCGGGTACCTGGGGCTCCA,65,1743427
gyrAp,65.0,64,0,TCCCGACAGACGGCTAGTTT,64,1764469
gyrAp,65.0,64,0,TCCAGGGTTGTTGATGCATT,64,1769723
gyrAp,65.0,64,0,GGGCCAGCGGGACTCGGCAG,64,1754719
gyrAp,65.0,64,0,GGACTACGTAGGGTTTCTTG,64,1766818
gyrAp,65.0,64,0,GACGCATCTGTGTGAGAATT,64,1767186
gyrAp,64.0,63,0,TTTAATGCTCTAAAATATAC,63,1768823
gyrAp,64.0,63,0,TATCTTCTACCAGGTAGCGG,63,1750105
gyrAp,64.0,63,0,CTAGAATGAGGCAGTCACAA,63,1742672
gyrAp,64.0,63,0,CCTAAATAAGTCGTATCGAA,63,1766717
gyrAp,64.0,63,0,ATGTTTGTTTAGCACAGTCT,63,1753363
gyrAp,64.0,63,0,ACTTGTTGGTATTCTTATGG,63,1741654
gyrAp,64.0,63,0,ACCACGGTAAACGGACGGGA,63,1753478
gyrAp,63.0,62,0,TTTCCGATTATCTCACTCTG,62,1758929
gyrAp,63.0,62,0,TTCGGCTAGCCGAGAGTAAA,62,1761952
gyrAp,63.0,62,0,GGTTAGCGAGGTTTTTTCGG,62,1766866
gyrAp,63.0,62,0,GGAGCCTTAGGATTGGCTGG,62,1759642
gyrAp,63.0,62,0,GAGCTCTAGCTACATTCGTC,62,1761026
gyrAp,63.0,62,0,CCAGCGCCGCGGGGCTGCAT,62,1754533
gyrAp,63.0,62,0,AGCGCGATCAGGATTGAACA,62,1761117
gyrAp,62.0,61,0,TTTTATCATTGTATGGCTCT,61,1761831
gyrAp,62.0,61,0,TATCTGTTCGTGCAAGTAGC,61,1748127
gyrAp,62.0,61,0,GGCTAGCGAATTAGCACGAC,61,1770798
gyrAp,62.0,61,0,GCTCGCATGTTGGAAAAAGT,61,1765533
gyrAp,62.0,61,0,CGTACCATAATGGGAGCATC,61,1761319
gyrAp,62.0,61,0,CCGAGTCCGGATGCAAAAGG,61,1744938
gyrAp,62.0,61,0,AGCTAGAAGTTTATAAGAAA,61,1748343
gyrAp,61.0,60,0,TGTCAAAGCGTTACCCTCAC,60,1770704
gyrAp,61.0,60,0,TGCTTCTTTACCACTGATTT,60,1763511
gyrAp,61.0,60,0,TCACCGGGCGTCTCTGACGT,60,1759309
gyrAp,61.0,60,0,TCAATAGGCGCCCATGGTTA,60,1759582
gyrAp,61.0,60,0,GGCGAATGACACGAACCGCG,60,1757606
gyrAp,61.0,60,0,GAAATGCTTATTCGTGACGT,60,1769558
gyrAp,61.0,60,0,CTTCATGTTTCCATAATCGG,60,1759002
gyrAp,61.0,60,0,CGTCTGGCACGTCCGACGTT,60,1743417
gyrAp,61.0,60,0,CATTAGGATATGCCGTCCGG,60,1763329
gyrAp,61.0,60,0,AGTTTATATCAAGGTATATT,60,1754243
gyrAp,61.0,60,0,ACGATTCTTTGATCACGCCA,60,1744054
gyrAp,60.0,59,0,TGACTCCGATCTTTATCCAG,59,1768343
gyrAp,60.0,59,0,TCGGGTACCAAGGCATATCG,59,1767443
gyrAp,60.0,59,0,TCAACAGCCTCGGCTGGACA,59,1758270
gyrAp,60.0,59,0,GTTTTCCTAAGGCGAAGAGT,59,1746399
gyrAp,60.0,59,0,CTAAGCAGTACGAACAAGAG,59,1769475
gyrAp,60.0,59,0,CAACTTACGTCTCGATAATC,59,1750127
gyrAp,60.0,59,0,ATTCGCAAGGGGAATGGTCT,59,1753881
gyrAp,59.0,58,0,TTAGCCCCTCGGACGTTGGC,58,1760943
gyrAp,59.0,58,0,TGCCATCGTGGTCTAGCGGG,58,1746368
gyrAp,59.0,58,0,TGCACGAAGCCCTCATTCCA,58,1744055
gyrAp,59.0,58,0,GCAGCCCTCTTTATGGATAA,58,1766768
gyrAp,59.0,58,0,ATCCAACGGAGAATGAAGAA,58,1769536
gyrAp,59.0,58,0,AAATATATCAGGTTCATGAA,58,1770309
gyrAp,58.0,57,0,TGTTTGCAATATCGAATGCC,57,1747891
gyrAp,58.0,57,0,TCGTGAAGTAAAAAACTCCT,57,1752457
gyrAp,58.0,57,0,TAATGCGGGTTGAAAGGGTT,57,1770446
gyrAp,58.0,57,0,GTTTCAGGGCAGGAGCTACT,57,1751054
gyrAp,58.0,57,0,GTCGGAGGTAGTTCGGGCTA,57,1743450
gyrAp,58.0,57,0,GGTCGAGTGAACAAGCGCCC,57,1741695
gyrAp,58.0,57,0,GAAAGAGATCACCAGACCTG,57,1748316
gyrAp,58.0,57,0,CTGAGTGGCTTCGTCGTGAC,57,1766983
gyrAp,58.0,57,0,CCTAAACCTGGTTTGACGGC,57,1770179
gyrAp,58.0,57,0,CCCTATGTGAACAGTACCAG,57,1758691
gyrAp,58.0,57,0,AGAACGAGAAAGCTGTTGAT,57,1749443
gyrAp,58.0,57,0,AAGAGCAGATTCTCCTTGCT,57,1762712
gyrAp,57.0,56,0,TTCGGTGTCGCTCCGGAAGT,56,1752261
gyrAp,57.0,56,0,TTATTCCCGCAGCGACGTAA,56,1750957
gyrAp,57.0,56,0,TGTTGCTCGTTCGGACTGCG,56,1741580
gyrAp,57.0,56,0,GACGCTCTCATTCTAGGGTT,56,1764155
gyrAp,57.0,56,0,CTTGATTAAGACCGGCACTT,56,1759335
gyrAp,57.0,56,0,CCACAATCATGTCAATCACT,56,1743745
gyrAp,57.0,56,0,ATCCGGCGGAATCTTGTTTA,56,1759884
gyrAp,57.0,56,0,AGGTTTCTAGATAGCCGGGG,56,1753725
gyrAp,57.0,56,0,AGATACCCACGCAATTGCTG,56,1741709
gyrAp,56.0,55,0,TATAGGCTGTTAGCACGGTG,55,1755059
gyrAp,56.0,55,0,GTTGGGTGGTACTAGCTTGG,55,1751375
gyrAp,56.0,55,0,GTGAGCACGCAGGCACGAAC,55,1750478
gyrAp,56.0,55,0,CTTTGGAAGGGTACGACTAT,55,1759603
gyrAp,56.0,55,0,ATCTCTCATATACCTGTTTC,55,1751462
gyrAp,56.0,55,0,AGTGAGTGAGCCGTGAATGG,55,1745236
gyrAp,56.0,55,0,AGGAGGGAGCTTGCGGCTTG,55,1767784
gyrAp,56.0,55,0,ACCTGGCCATGCGCCTAGCG,55,1750129
gyrAp,55.0,54,0,TGCGCGTATCCGGCTGTTCC,54,1756778
gyrAp,55.0,54,0,TCCTCAATAGTGGCATCCCC,54,1752517
gyrAp,55.0,54,0,GGACTGAAGTATGCGCCGTC,54,1747132
gyrAp,55.0,54,0,GAAGTTACTTGGTTCTACGG,54,1769133
gyrAp,55.0,54,0,CATATGTCGGCAAAAACGGT,54,1770071
gyrAp,55.0,54,0,ATATTTTAGGCCCAGGGAAC,54,1744118
gyrAp,55.0,54,0,ACATTTAAAACGTTATGATC,54,1759709
gyrAp,54.0,53,0,TTAAGACGGATCTGCGATCA,53,1746948
gyrAp,54.0,53,0,TCTCGGGAAGACCGAACTGT,53,1758258
gyrAp,54.0,53,0,TCACAGAAAGAAAACGTCAC,53,1769369
gyrAp,54.0,53,0,GTTCGGTGGGCGGGGCGGGT,53,1753255
gyrAp,54.0,53,0,GCTGCTGCGGCTGATCATCG,53,1760131
gyrAp,54.0,53,0,CGTACAGATAATTGAACCGA,53,1748738
gyrAp,54.0,53,0,CGGGTAGGCTCTACCCGGCA,53,1767447
gyrAp,54.0,53,0,CGGGGCTGAATCAACCTCGT,53,1764615
gyrAp,54.0,53,0,CCCTTCGATTTACAAAATCA,53,1745116
gyrAp,54.0,53,0,AGTGGACATCGCCGAAAGGC,53,1761566
gyrAp,54.0,53,0,AGGCTGTATCGGAGCGCTAA,53,1749589
gyrAp,54.0,53,0,ACGAGAAAATTTGATTAAAG,53,1755021
gyrAp,54.0,53,0,AACCGGAATATATTCAGACA,53,1765946
gyrAp,53.0,52,0,TTCGTTCTGCCGGCGACTTT,52,1756441
gyrAp,53.0,52,0,TGTGCCATCGTACGTAATGT,52,1757752
gyrAp,53.0,52,0,GGAACACGCAAGGTTCATCT,52,1743055
gyrAp,53.0,52,0,GAATATCGACCGTGTAGCTC,52,1758999
gyrAp,53.0,52,0,CTATCCCTAGCACCCCGTCA,52,1759738
gyrAp,53.0,52,0,CTAATACGAAGGGAACGGAT,52,1742994
gyrAp,53.0,52,0,CGAGTTTGTGTAGGTGCCAA,52,1762467
gyrAp,53.0,52,0,CCACCGTATTTACCAGGCGA,52,1745699
gyrAp,53.0,52,0,CATTAAGAGCTGCCCATCTA,52,1767538
gyrAp,53.0,52,0,CACGGCTTGGACCGGCAAGA,52,1745741
gyrAp,53.0,52,0,ATTTGATAATAAGCTACCGC,52,1743686
gyrAp,53.0,52,0,ATTGTAATGGATCTCAACTC,52,1762450
gyrAp,53.0,52,0,ACGGCACTATATAAGTGATA,52,1758128
gyrAp,53.0,52,0,ACCCCGTCGCTTTGTATACA,52,1743883
gyrAp,53.0,52,0,AACCACCAGCCAGCACTTAA,52,1770039
gyrAp,52.0,51,0,TTGGTGTACAATAGCACTTA,51,1765385
gyrAp,52.0,51,0,GTTTTCCGTGATCGATTAGA,51,1750950
gyrAp,52.0,51,0,GTTGACCACCCTTTGTGTCT,51,1750888
gyrAp,52.0,51,0,GTCCGATCAATCGAGGGTAC,51,1759403
gyrAp,52.0,51,0,GGAGTACGAGTTCCTGTACT,51,1745346
gyrAp,52.0,51,0,CCGCGTCCGCAATCGGAGAA,51,1751258
gyrAp,52.0,51,0,ATTCCGGGAACGATTCGCTT,51,1744762
gyrAp,52.0,51,0,ATGCATTTACTATCACCAAT,51,1743662
gyrAp,52.0,51,0,ATCCGCTCCGTATCTCAGAA,51,1744755
gyrAp,52.0,51,0,AGTCCTCAGGTCCTAACGTG,51,1761017
gyrAp,52.0,51,0,AGGAATTCCGCGTTCGCTGT,51,1764120
gyrAp,52.0,51,0,ACTATCTTGGCCCGGTTTTC,51,1747131
gyrAp,52.0,51,0,ACCAGACACGGAGCCGTAGA,51,1759825
gyrAp,52.0,51,0,ACATTATAGGTCCTGTATAG,51,1770614
gyrAp,52.0,51,0,AAGTGGACTATCGACCATTT,51,1765541
gyrAp,51.0,50,0,TCGAGTGGAGGTAAGTCTAA,50,1742860
gyrAp,51.0,50,0,TCCCTCCATAACCGCGCGAC,50,1747127
gyrAp,51.0,50,0,TCCAAGAGGGGCACGTCAAC,50,1768379
gyrAp,51.0,50,0,TATAACAGCGAACAGGTGAC,50,1757222
gyrAp,51.0,50,0,GTACTTCCTGGCTCTGCTCC,50,1755568
gyrAp,51.0,50,0,GTACGGCTAATACACCTATT,50,1770456
gyrAp,51.0,50,0,GCCATGAATGCAAGTGATGA,50,1756073
gyrAp,51.0,50,0,GATGTGATTTTCAACTGAAC,50,1746966
gyrAp,51.0,50,0,GAGCAATTACCAAACGGGAG,50,1745387
gyrAp,51.0,50,0,CTCCGTTAGTCCGTTGCGGT,50,1762902
gyrAp,51.0,50,0,CTCACTTGCTGGTTCGAGGG,50,1750871
gyrAp,51.0,50,0,CTCACCAATCATGGTTGTGC,50,1766688
gyrAp,51.0,50,0,CACGCCTCGTTATGGTACTT,50,1768287
gyrAp,51.0,50,0,CAATTGGATATCTACGGGGG,50,1753956
gyrAp,51.0,50,0,ATTATACTCTGCGCCGCGAT,50,1747654
gyrAp,51.0,50,0,ATCCACACGGTATATGCATC,50,1764951
gyrAp,51.0,50,0,AGCTTAGGGCCAGGAGTGGG,50,1760663
gyrAp,51.0,50,0,ACGGACTCTGAATAATACGA,50,1760638
gyrAp,51.0,50,0,AATCACGATTGTCTGAGACA,50,1763000
gyrAp,50.0,49,0,TGCACACGCAACCCTATTGC,49,1770667
gyrAp,50.0,49,0,TGACCACATTATTCCCACGA,49,1752334
gyrAp,50.0,49,0,TACGGAGCTAAGAAGCAGAA,49,1755301
gyrAp,50.0,49,0,GGTTGCGTGTCTTTGCAGAC,49,1746342
gyrAp,50.0,49,0,GGTTCACCGTCTGAGACTAA,49,1759571
gyrAp,50.0,49,0,CTTACAACTGAGGCCGTAAT,49,1765373
gyrAp,50.0,49,0,CGCTTCGGCTGTGGATCTAT,49,1751044
gyrAp,50.0,49,0,CGATCGATCACCAGTGGGCA,49,1750580
gyrAp,50.0,49,0,CCCGTGGAACGCAGCGACCA,49,1748370
gyrAp,50.0,49,0,CCAGGCATATCTGGTCACGA,49,1747280
gyrAp,50.0,49,0,CACCTGAGCAGCGCCCATCT,49,1764672
gyrAp,50.0,49,0,ATCTGGTCAATCAGAGACTT,49,1743393
gyrAp,50.0,49,0,ATCGCTTCCATATCCCGTTG,49,1759000
gyrAp,50.0,49,0,AGTGCATTTCCCTGCATGCA,49,1751857
gyrAp,50.0,49,0,AGAAGTTGGTCTTTTACTTA,49,1751847
gyrAp,50.0,49,0,ACCCCTTTCTATACTGCACC,49,1744937
gyrAp,50.0,49,0,ACACACACCGACGCCCAATA,49,1752299
gyrAp,49.0,48,0,TTTAAATAATTTGTCAGTAT,48,1762814
gyrAp,49.0,48,0,TTCTTCTAGGTTCTGGATTG,48,1761237
gyrAp,49.0,48,0,TTACTGATGCTACGTAGGAT,48,1749180
gyrAp,49.0,48,0,TCTAAAACGTGTCCTATGGG,48,1752025
gyrAp,49.0,48,0,TCGATACGCGTGGATTTCCC,48,1744149
gyrAp,49.0,48,0,TCATATGTTTTCTCTATGAC,48,1749339
gyrAp,49.0,48,0,TATAACCTCAAACAGTGGAC,48,1742436
gyrAp,49.0,48,0,TAAAGGAGCCAGATCTTGAA,48,1744578
gyrAp,49.0,48,0,GTTTTTGCCCGGCAACGGGG,48,1757100
gyrAp,49.0,48,0,GTCAGCCGGCAGTACTGCTA,48,1765754
gyrAp,49.0,48,0,GTATTGTGCAGGGCTGGGTG,48,1751545
gyrAp,49.0,48,0,GTACTACTTGGTAATGAGCG,48,1758121
gyrAp,49.0,48,0,GGCAACGCTCTGCTCGTCTA,48,1758322
gyrAp,49.0,48,0,GCGATAGCCAGGGGATCAAT,48,1759687
gyrAp,49.0,48,0,CTTCCGGGGATGATGATGGG,48,1755536
gyrAp,49.0,48,0,CGCCTAATAACCGTGCGTGT,48,1755276
gyrAp,49.0,48,0,CAGGCATCAACCATCAGTGG,48,1761754
gyrAp,49.0,48,0,CAACTTTAATAGTGTCGTAG,48,1761186
gyrAp,49.0,48,0,ATGGGTTACTAATAGTATCT,48,1758784
gyrAp,49.0,48,0,ATCCTCCCAAAGTCTTTTCA,48,1744582
gyrAp,49.0,48,0,AGAATCGTTCCACGATGTAT,48,1768053
gyrAp,49.0,48,0,ACCGACCGGACGAACATCAC,48,1754419
gyrAp,49.0,48,0,ACAGTGACATTCAGGCACGA,48,1745125
gyrAp,49.0,48,0,AAGTAAGTGCTGCCGCCACT,48,1755313
gyrAp,48.0,47,0,TGTTGCCTGCGGGTAGAACG,47,1745849
gyrAp,48.0,47,0,TCGATTCGCAGTTGGTTGGG,47,1755005
gyrAp,48.0,47,0,TCCTGCTAAAGCTGGCACCA,47,1753291
gyrAp,48.0,47,0,TCCCCAAACGTTGCCGCGCT,47,1767171
gyrAp,48.0,47,0,TAACTCGTGGGGGGGAGTAA,47,1768877
gyrAp,48.0,47,0,GTATTTCTTGTTGACCCGGA,47,1766204
gyrAp,48.0,47,0,GGAGACCTCACCTCGAAGAG,47,1748613
gyrAp,48.0,47,0,GAGCTAATCCTTGGGCGCAA,47,1745904
gyrAp,48.0,47,0,GAATCAGCCGACCTTTGGGA,47,1760556
gyrAp,48.0,47,0,CTTATGCCTCACCCGAGCGA,47,1752161
gyrAp,48.0,47,0,CTGGGACCCCAGATCCAACT,47,1753999
gyrAp,48.0,47,0,CGCGTCAAATATCAGACTTA,47,1746781
gyrAp,48.0,47,0,CCGGGGTCAATGAGACTTGC,47,1747224
gyrAp,48.0,47,0,CATCCCTCAAGTTGGCCCGA,47,1743533
gyrAp,48.0,47,0,CATATCTCAGGGCCATGTAG,47,1743754
gyrAp,48.0,47,0,CAGTAAGGCCAACATGCGCC,47,1760403
gyrAp,48.0,47,0,CAAGAGATGGTAAGCCGGGA,47,1758697
gyrAp,48.0,47,0,AGATTGTGCGATTCGAACAA,47,1758377
gyrAp,47.0,46,0,TTTATCGGGATATCGCACGT,46,1766225
gyrAp,47.0,46,0,TGCACGAGGATGCCATCAAC,46,1758572
gyrAp,47.0,46,0,TCAAGTGCGGCTCGCTCGCG,46,1745228
gyrAp,47.0,46,0,TATTAGAACACAATTCAATC,46,1761109
gyrAp,47.0,46,0,GTTTTACATTCGCGCATGGA,46,1752363
gyrAp,47.0,46,0,GTTATATCTGCCCAAGTTAT,46,1754566
gyrAp,47.0,46,0,GTACAGGGCAGAGGGTGATA,46,1745188
gyrAp,47.0,46,0,GCTGTATGTCCGCTCACCGG,46,1759013
gyrAp,47.0,46,0,GCAGTCTGGCCGATGTGTTA,46,1752625
gyrAp,47.0,46,0,CTTTTCTAGTCTCTTGCACG,46,1749525
gyrAp,47.0,46,0,CTTGCTAAACTACCTAGGCT,46,1762367
gyrAp,47.0,46,0,CTCATGAGGCCTAATCGCAG,46,1744450
gyrAp,47.0,46,0,CCCATCTCATAATTTCTGGG,46,1745913
gyrAp,47.0,46,0,CAGTTTAGGTGAACTATGTG,46,1764156
gyrAp,47.0,46,0,CACACGCGAAAGTCTTTCGT,46,1764635
gyrAp,47.0,46,0,ATAGTCATACTTACATAGAC,46,1766263
gyrAp,47.0,46,0,AACTTACATACAAAAAAGGT,46,1760230
gyrAp,46.0,45,0,TTTGGCCGATATCGGAATAC,45,1753654
gyrAp,46.0,45,0,TTCAAGGGCGTAAATATTCA,45,1750494
gyrAp,46.0,45,0,TCACTCGCGTGAGGATGTTT,45,1753554
gyrAp,46.0,45,0,TCAAAGCACAATTTCTTCGA,45,1764741
gyrAp,46.0,45,0,TATTTTTAATCGCGGACTCA,45,1764627
gyrAp,46.0,45,0,TATGTACTCACATCCCTGGA,45,1755334
gyrAp,46.0,45,0,TAAACGGGTCAATCTCTTAA,45,1768638
gyrAp,46.0,45,0,GTTGCGCCGGGGTATTAAGT,45,1761123
gyrAp,46.0,45,0,GAGGATGGTCGCAATGACAT,45,1754821
gyrAp,46.0,45,0,GAAGCGTCGAAGTCGCAGAG,45,1762062
gyrAp,46.0,45,0,CGGGTGTGTCATAGCTATCT,45,1750949
gyrAp,46.0,45,0,CCCCAGACAGTGCGGGAAAG,45,1765617
gyrAp,46.0,45,0,ATTCAGCTCGCTGTGCGTGC,45,1756386
gyrAp,46.0,45,0,ATTAAGTTGGTGTCGAGCTA,45,1768423
gyrAp,46.0,45,0,AGTTGGGAGAACGCCTCATT,45,1762412
gyrAp,46.0,45,0,AGGGTACATTAGTTTTTTCA,45,1769597
gyrAp,46.0,45,0,AGGCTTAGAACGACTTCTAC,45,1742659
gyrAp,46.0,45,0,AGGACTTACCACCTGTCTCA,45,1741630
gyrAp,46.0,45,0,ACTGGCAGGGGATCAGGACG,45,1765136
gyrAp,46.0,45,0,ACGCCGGATGGTCTCCGGAA,45,1743937
gyrAp,46.0,45,0,ACCTAACTGTTCGGTCATGT,45,1762435
gyrAp,45.0,44,0,TTCTAGCATACAGCAAGTAT,44,1755647
gyrAp,45.0,44,0,TGGTGCTCAATTTTGAGGAG,44,1760236
gyrAp,45.0,44,0,TGGCCCCCGGTACCCCGGCC,44,1752793
gyrAp,45.0,44,0,TGACTACTGTCCCGGCAGTG,44,1746661
gyrAp,45.0,44,0,TCCACCCAGTCAGAATCACA,44,1752623
gyrAp,45.0,44,0,TAAGTCGGAACCGAACTGAG,44,1746541
gyrAp,45.0,44,0,GTACCAGGACTTGCAGTATT,44,1743625
gyrAp,45.0,44,0,GATCGCTCGCGTGAAGAGTC,44,1764920
gyrAp,45.0,44,0,GAGGGTCCTACCCTTCATTA,44,1764882
gyrAp,45.0,44,0,GAGCCCCAGAAGTTCGCGTG,44,1755165
gyrAp,45.0,44,0,GACCTTATTTGGATGCATGA,44,1743592
gyrAp,45.0,44,0,CTATAGTACGCCCACATAAA,44,1767789
gyrAp,45.0,44,0,CGCTTGAGGGAAGAGTGGTT,44,1745701
gyrAp,45.0,44,0,CCTGCATAGCGAGCCCTTGG,44,1749038
gyrAp,45.0,44,0,CCATGAAACAATCCGCAACC,44,1752343
gyrAp,45.0,44,0,CCAGCTATTGAGTCTAGGAA,44,1744909
gyrAp,45.0,44,0,ATACGAAGCAAAACCGACTC,44,1762751
gyrAp,45.0,44,0,ACTTTAGGACCAGGATGACT,44,1754168
gyrAp,44.0,43,0,TTTGTAATGGCTTGTAAACG,43,1741717
gyrAp,44.0,43,0,TGCAGGGTAGCTTTTAGACA,43,1755135
gyrAp,44.0,43,0,TGATCTTCTTATCACCCGCC,43,1743517
gyrAp,44.0,43,0,TCGAATTCCGACCCGTAAAC,43,1746484
gyrAp,44.0,43,0,GTTACTTCTTTCGGCGCACA,43,1743076
gyrAp,44.0,43,0,GTGACAATATAGCGCATTGG,43,1766011
gyrAp,44.0,43,0,GTACAAGTGTACCAGGCAAA,43,1755273
gyrAp,44.0,43,0,GGAAACACGACAGGTCACCG,43,1759577
gyrAp,44.0,43,0,GAGTATCAACATTTTATCAC,43,1747683
gyrAp,44.0,43,0,CTTAGGAAGCGACTTAGGGG,43,1767179
gyrAp,44.0,43,0,CTCATACTCAGTTTGCTCAA,43,1743064
gyrAp,44.0,43,0,CTAGCAGTGACTATAGTAGG,43,1750959
gyrAp,44.0,43,0,CCCCATAGGTCTTGTTTGCG,43,1750419
gyrAp,44.0,43,0,CCATCGGGGTCTTACGGGAA,43,1750718
gyrAp,44.0,43,0,CAGCCATCTCTTATCTAGCT,43,1746476
gyrAp,44.0,43,0,CAGAATCGATCCTCACGTTT,43,1750914
gyrAp,44.0,43,0,CAACACGGTCTTGATAATGC,43,1759054
gyrAp,44.0,43,0,CAAATATTATGAATCGCCCA,43,1749913
gyrAp,44.0,43,0,ATTATTGTTGCCCCGCTTTT,43,1743896
gyrAp,44.0,43,0,ATAGTCCCATTCAGAGTCCT,43,1756626
gyrAp,44.0,43,0,AGCCTTGGCGCCCGGACTGA,43,1765784
gyrAp,44.0,43,0,AGCCGGCCCTTTCCATATAG,43,1763151
gyrAp,44.0,43,0,ACAGAAAGCTACTTGTCACG,43,1767071
gyrAp,44.0,43,0,AAATGTGTCCATTAAATTTT,43,1744380
gyrAp,44.0,43,0,AAACAAACAGCAACGGGAGC,43,1754652
gyrAp,43.0,42,0,TGTAGTCCGGAAGCGTATGG,42,1747503
gyrAp,43.0,42,0,TGGCTTCGGTACGCGTTATG,42,1753641
gyrAp,43.0,42,0,TCAAACTTTTAAGGCGAAAT,42,1768683
gyrAp,43.0,42,0,TCAAACGGTCCCACTAAAAT,42,1748053
gyrAp,43.0,42,0,TATCATACTAAAGTAGTCCC,42,1748341
gyrAp,43.0,42,0,GCTATCAGACAAGTTTGCTC,42,1763347
gyrAp,43.0,42,0,GCATGGCCAGTACTTAGTCG,42,1760055
gyrAp,43.0,42,0,GAGGGGCTTTCAGAAGTTTA,42,1765085
gyrAp,43.0,42,0,GACCCTACGTCTGAAACAGG,42,1767723
gyrAp,43.0,42,0,CTTGTCTCCGCTGATTCCTA,42,1756381
gyrAp,43.0,42,0,CTTCCCTCGAAATAACTTAT,42,1748321
gyrAp,43.0,42,0,CTATTCCCTACAGTTTCGAA,42,1746616
gyrAp,43.0,42,0,CGTTAGTGCCAAGAGTTTCT,42,1754754
gyrAp,43.0,42,0,CGGCCCAGCAGCATAGAACA,42,1767307
gyrAp,43.0,42,0,CGGACATTTCCTGGTAGTTG,42,1754038
gyrAp,43.0,42,0,CGCCCGGGGTCAGCAATAAT,42,1769524
gyrAp,43.0,42,0,CACGCTCAGACTCTAGCACT,42,1768341
gyrAp,43.0,42,0,ATTGCTCACACTTTAGTGGC,42,1749090
gyrAp,43.0,42,0,ATGCGCTGTATGGGTAAGCG,42,1741520
gyrAp,43.0,42,0,ATCGTCGTCGGCAGCATGTT,42,1770526
gyrAp,43.0,42,0,AGTATGACAGTCTTTCTGAG,42,1757672
gyrAp,43.0,42,0,AGCTGTCTCCGTAATCCCGA,42,1750748
gyrAp,43.0,42,0,AGCAGTGACGGCGAGGGCGA,42,1752783
gyrAp,43.0,42,0,AATAGTAGTCTGTCGTAGAC,42,1762840
gyrAp,43.0,42,0,AAGTCCCGTCTGGAGCGCGT,42,1756337
gyrAp,43.0,42,0,AAAAGGCCAAATAATTTTAA,42,1747305
gyrAp,42.0,41,0,TGACATATCTGGAAGACGTA,41,1762860
gyrAp,42.0,41,0,TCCGAATCGCTCCCACGAAG,41,1761820
gyrAp,42.0,41,0,TCACCGGCAAGGCGTGAAGG,41,1742702
gyrAp,42.0,41,0,GTATAGGGTGTTAAGCAAAT,41,1769239
gyrAp,42.0,41,0,GGGTTCTACCACGCATCCTA,41,1761354
gyrAp,42.0,41,0,GCTTAACGCCCATCCTCGCC,41,1766478
gyrAp,42.0,41,0,GCGTGATCGGTTCGAAGAGG,41,1741755
gyrAp,42.0,41,0,GCGATCGACAAAGCATATAC,41,1756275
gyrAp,42.0,41,0,GATATTCGACTGGACCTCGT,41,1743775
gyrAp,42.0,41,0,GACTTCCCGGACGCGACCAT,41,1741801
gyrAp,42.0,41,0,CTGTTCGGTGCCTGGCTAGT,41,1744273
gyrAp,42.0,41,0,CGTCGATTGTAAACGCACCT,41,1755619
gyrAp,42.0,41,0,CGCACTACTGGAACTAGGCC,41,1752458
gyrAp,42.0,41,0,CGAATCTCAAAGTCATTCGA,41,1751006
gyrAp,42.0,41,0,CATAATAAGCACCGGCGATC,41,1770126
gyrAp,42.0,41,0,CAACCCCGTTCACTTGTCGT,41,1755750
gyrAp,42.0,41,0,AGTCTGCTCGAACGGAGGAT,41,1751917
gyrAp,42.0,41,0,ACAAAATAGGTAACGCGCAT,41,1764803
gyrAp,42.0,41,0,AATGCAATCTTCGGGACTCA,41,1742729
gyrAp,42.0,41,0,AAACATTGGGTTGCCAGTAC,41,1761688
gyrAp,41.0,40,0,TAGAACGCATGACTTTTATT,40,1752349
gyrAp,41.0,40,0,TACCCGTGTGTCAGACTTCA,40,1756593
gyrAp,41.0,40,0,GCTGACTGCTCCCGTCCCTA,40,1761692
gyrAp,41.0,40,0,GCGGGGGGTGTCTGTTCCCT,40,1758843
gyrAp,41.0,40,0,GCCGTCTCGATTGCACCCAG,40,1767558
gyrAp,41.0,40,0,GCCGCGGGGCTTTAATTCTG,40,1751956
gyrAp,41.0,40,0,GCCAGCGAAACGCCGCCACC,40,1747384
gyrAp,41.0,40,0,GAGACTCTCACCGCCCGCGC,40,1765837
gyrAp,41.0,40,0,GAATCGGACCCTTGGTACAA,40,1766404
gyrAp,41.0,40,0,CTGTGCACTAGCCAATTCAA,40,1762492
gyrAp,41.0,40,0,CCTAATAAAGTCGCATTTAC,40,1767409
gyrAp,41.0,40,0,CCGCCGGGTAACCGCCAGTA,40,1753948
gyrAp,41.0,40,0,CCGATGCGACAGTCGTGCGA,40,1762576
gyrAp,41.0,40,0,CACGTACCGACCAAACCTTA,40,1754076
gyrAp,41.0,40,0,ATCTGGACCTCGGAGTTGTA,40,1750474
gyrAp,41.0,40,0,ACCGACCATTGTGTCCAGGT,40,1748128
gyrAp,41.0,40,0,AACAAAGAAGGTTGTAGCTG,40,1755095
gyrAp,40.0,39,0,TTCGGTAACGTCCGAGGATA,39,1747328
gyrAp,40.0,39,0,TGCTAGAGGTAGCCATACGT,39,1757951
gyrAp,40.0,39,0,GTTTCGCTCTGAGCCATGCT,39,1756644
gyrAp,40.0,39,0,GTTGGGGCTTGGTATGACCT,39,1761034
gyrAp,40.0,39,0,GTTATCGGACATGGAATCTG,39,1743899
gyrAp,40.0,39,0,GTGGAGTATCCTGGATTTGT,39,1769806
gyrAp,40.0,39,0,GTCGCCGCCGGCATAAGCGG,39,1756258
gyrAp,40.0,39,0,GGGGGCTGGAGAGGATCGGT,39,1763191
gyrAp,40.0,39,0,GGCTTAGCGGGGCTTTTCCG,39,1742133
gyrAp,40.0,39,0,GCTGATAGGTTGTAAGAGTA,39,1746373
gyrAp,40.0,39,0,GCTCCCTTATAAGTGTTTAC,39,1747028
gyrAp,40.0,39,0,GCGTAAAGTGCTATAGTAGG,39,1744326
gyrAp,40.0,39,0,GCATCCAAAAATCTCTTTTA,39,1766968
gyrAp,40.0,39,0,GCAAGCCCTGCAAACGATCC,39,1747771
gyrAp,40.0,39,0,GAACTTGAAGCCATCAACCT,39,1754492
gyrAp,40.0,39,0,CTGACGGTCAGAAGCGACGG,39,1748425
gyrAp,40.0,39,0,CGGAGTGTTGCTCTCGGAAT,39,1763948
gyrAp,40.0,39,0,CGCAAAAAGGTGTTGCTTGT,39,1741442
gyrAp,40.0,39,0,CACCATTCCGTAATGTCAGC,39,1745006
gyrAp,40.0,39,0,CACATACAGGAGTTACCTGC,39,1752622
gyrAp,40.0,39,0,CAATGGCGATTGAGCAGAGA,39,1749970
gyrAp,40.0,39,0,ATTTGAAGGACGTTATCAGT,39,1743887
gyrAp,40.0,39,0,AGTTCTGACGGGAACGCCTT,39,1746017
gyrAp,40.0,39,0,AGAGGAGGCTTTGGGACATA,39,1744987
gyrAp,40.0,39,0,ACACCTCGATTACACTTCTA,39,1763049
gyrAp,39.0,38,0,TTCGGGCTACCTTATATCCC,38,1754688
gyrAp,39.0,38,0,TTCATCGTTATCTTCCTTGT,38,1770229
gyrAp,39.0,38,0,TGCCATCTGTGAGAATTCAT,38,1752778
gyrAp,39.0,38,0,TGAGGTAAATCACCGTGGTC,38,1752442
gyrAp,39.0,38,0,TCAAAGGTATGCTTATTCCG,38,1744058
gyrAp,39.0,38,0,TATTGGCTATCCTGTCGCCT,38,1752459
gyrAp,39.0,38,0,GTTATCCGCCGTGTTTCGCC,38,1767265
gyrAp,39.0,38,0,GTGGCCGGTGCGATTCCACT,38,1748059
gyrAp,39.0,38,0,GTCCATACCCGCTTACAAAA,38,1767412
gyrAp,39.0,38,0,GGCTGGCTAGAGAATTCTCA,38,1761451
gyrAp,39.0,38,0,GGACATTAACAACAACCGGT,38,1751597
gyrAp,39.0,38,0,GCCTTCCCTTTTGTTGCGCA,38,1755211
gyrAp,39.0,38,0,GCATTAGGTATATCTACAAT,38,1769064
gyrAp,39.0,38,0,GAGTGTTACAGAGGTTGGGC,38,1759546
gyrAp,39.0,38,0,CTGTACAAAAAAGATCGGCA,38,1751330
gyrAp,39.0,38,0,CTATTGCAACCAACGGGTTA,38,1746929
gyrAp,39.0,38,0,CGGCCTCGTAGTTGTTTTTG,38,1741764
gyrAp,39.0,38,0,CGCCACTGCATATACAATGT,38,1745815
gyrAp,39.0,38,0,CGAAGAAGAGGGCTGTCGGA,38,1757843
gyrAp,39.0,38,0,CCGCGGGGGCTATCTGGTTG,38,1743074
gyrAp,39.0,38,0,AAACTTGCATATACCACGGA,38,1747782
gyrAp,38.0,37,0,TTTTTCAGAAAGGACAGCCC,37,1745209
gyrAp,38.0,37,0,TTCGTTCTCGATTCTTGCCG,37,1761744
gyrAp,38.0,37,0,TGTTCGAAGCTGCACATTCT,37,1764681
gyrAp,38.0,37,0,TGCATATGTTCGGTCTACGT,37,1765615
gyrAp,38.0,37,0,TCGGTTAAACGCGATTAAAG,37,1758523
gyrAp,38.0,37,0,TCCTACGGAGGGATCGGCGC,37,1750737
gyrAp,38.0,37,0,TCACCGGGTCGAGTGAGACA,37,1759705
gyrAp,38.0,37,0,TCACCCAGTGAACAGGTTCC,37,1759899
gyrAp,38.0,37,0,TCAACCCGGTCCGATACCGA,37,1743779
gyrAp,38.0,37,0,TATGCCAGGTTTAGACGAGC,37,1744037
gyrAp,38.0,37,0,TACTTCTACATAAGACTCTT,37,1758393
gyrAp,38.0,37,0,GTTTCAATACCGTGTAAGTG,37,1746177
gyrAp,38.0,37,0,GGCTATTTCATTGACAACCT,37,1751707
gyrAp,38.0,37,0,GCTTTTAGCCGGTTAATAAA,37,1748774
gyrAp,38.0,37,0,GACCTGCCAGGCCGCGGGGC,37,1753321
gyrAp,38.0,37,0,CTGGGTACCCTAACGCGTAT,37,1742400
gyrAp,38.0,37,0,CGAAGAGACGCGGGACAAGT,37,1755884
gyrAp,38.0,37,0,CCGCGGTTGAGCCAAATGTA,37,1754390
gyrAp,38.0,37,0,CAGTCATCCCACTAGAGCGC,37,1769251
gyrAp,38.0,37,0,CAGCGAGTAGGCGTAACGTG,37,1754559
gyrAp,38.0,37,0,ATTCGCAATGGTTAGGGCGT,37,1753710
gyrAp,38.0,37,0,AGCACCGCCGTGGGCCTAAC,37,1747255
gyrAp,38.0,37,0,ACAAAAGCAGGCGGGATTGC,37,1748726
gyrAp,38.0,37,0,AATGTGGGTACCCCAATCTC,37,1762934
gyrAp,38.0,37,0,AATAGACGACGTTCGTAAAG,37,1764405
gyrAp,37.0,36,0,TTTCCTTGATTCCTCATGGG,36,1755513
gyrAp,37.0,36,0,TTGGCTGGAACAAAGGGTGT,36,1757645
gyrAp,37.0,36,0,TGTAGGAGCTTATGATTATA,36,1746748
gyrAp,37.0,36,0,TGATTAATAGGACATCCTCT,36,1762239
gyrAp,37.0,36,0,TCCTGACAGAATGGCACACA,36,1759980
gyrAp,37.0,36,0,GTCTGTGACGTATCAATCAG,36,1769989
gyrAp,37.0,36,0,GGCGGTCTAGAACCCCCACG,36,1747577
gyrAp,37.0,36,0,GAGGAAAGACTTGGCCTGAT,36,1755061
gyrAp,37.0,36,0,GACGAACCGATATTTGCCTA,36,1752596
gyrAp,37.0,36,0,CGGTCGCACTGCGGGGGGGT,36,1758850
gyrAp,37.0,36,0,CGGAACAAAAGAAATTTAAG,36,1769426
gyrAp,37.0,36,0,CGCTGGAATTTCCTTTACAG,36,1748617
gyrAp,37.0,36,0,CAATGTTATTGAGGCGAACT,36,1768854
gyrAp,37.0,36,0,CAAGAAACGAATCCACGTTA,36,1751735
gyrAp,37.0,36,0,AGACCGAAAGTAGCAAACGG,36,1757779
gyrAp,37.0,36,0,AATTCGGGATGTGCACATTG,36,1760421
gyrAp,37.0,36,0,AAGCACCTCTGACTTCGACT,36,1766949
gyrAp,36.0,35,0,TTCGCACCCCTAGTGAAAGA,35,1747951
gyrAp,36.0,35,0,TGTGTGAGCGGATCCTTATT,35,1755571
gyrAp,36.0,35,0,TGAATCATCACACCTCCTCT,35,1754275
gyrAp,36.0,35,0,TGAAGTTTCTCCCATTAGTG,35,1769678
gyrAp,36.0,35,0,TGAAAGCTCTCGCTCTTTCT,35,1751184
gyrAp,36.0,35,0,TCTGTGCGGTGACCATTCTG,35,1769401
gyrAp,36.0,35,0,TATGTAACTCCGGTTATAGA,35,1747992
gyrAp,36.0,35,0,GTGATCTCGGACATTGGTGG,35,1745462
gyrAp,36.0,35,0,GGCGTAAACGGCTTCTTGGT,35,1746248
gyrAp,36.0,35,0,GGATCGGCATGATAATGGTG,35,1745950
gyrAp,36.0,35,0,CTAGAATTGACTAATTCAAT,35,1764871
gyrAp,36.0,35,0,CGGCCAAACCATGAGTCAAA,35,1760276
gyrAp,36.0,35,0,CGCTCCTACCGGCCTTCGTT,35,1753045
gyrAp,36.0,35,0,CGCCAGTGGTCATAGGACAG,35,1746633
gyrAp,36.0,35,0,CCTCCTGTGGGTGTGAAGTG,35,1748570
gyrAp,36.0,35,0,CCGGTTGATGCTGGTGATAG,35,1767954
gyrAp,36.0,35,0,ATTCCGCAAGATCTACCCGA,35,1742921
gyrAp,36.0,35,0,ATGGGTGAACGAGATGTATC,35,1768559
gyrAp,36.0,35,0,ATAAGCGGTTCAAGCTCAGA,35,1753966
gyrAp,36.0,35,0,AGAGCGCTTTCGCTATCCAA,35,1749909
gyrAp,36.0,35,0,AGAGACATCGGTCCCAATTC,35,1749186
gyrAp,36.0,35,0,ACCCGTCACCGACATAAGCA,35,1762579
gyrAp,36.0,35,0,ACATAACAACCGGCACGGTT,35,1747051
gyrAp,36.0,35,0,AATGTGGCTCAATTTTTGTG,35,1757614
gyrAp,36.0,35,0,AATAGTTAAAGCGGTAAATG,35,1754906
gyrAp,35.0,34,0,TTTGTCCCTATTCCTAGTTG,34,1766306
gyrAp,35.0,34,0,TGACGTGTACTCAACTTAGA,34,1767276
gyrAp,35.0,34,0,TCTTCAAAGCATCTCGACAG,34,1763694
gyrAp,35.0,34,0,TCGTCCTACAAATGCTTGTA,34,1744348
gyrAp,35.0,34,0,TCCGGAGCCGGGTAAAGAGA,34,1743063
gyrAp,35.0,34,0,TACTACTAGGTTTAACCAAT,34,1744559
gyrAp,35.0,34,0,GTATCGTGCATTGGTTGACG,34,1743132
gyrAp,35.0,34,0,GGGGTGGTATCTCAGCATAA,34,1762045
gyrAp,35.0,34,0,GCCGTAAAGACTGGTAGCGC,34,1764699
gyrAp,35.0,34,0,GATGGCTGTGGAAATCCAAG,34,1752055
gyrAp,35.0,34,0,GATCGATGCGTGTCACCGAC,34,1754928
gyrAp,35.0,34,0,GAGGGAAACATATAACGCTT,34,1768014
gyrAp,35.0,34,0,GAGATGGCGGGAACTAGAAA,34,1741662
gyrAp,35.0,34,0,CTCCTTACGTCTCTTAAGAA,34,1767698
gyrAp,35.0,34,0,CTATCGGCGGGCTTTAGTTT,34,1757967
gyrAp,35.0,34,0,CTAAGTAATAATATCTGCGC,34,1754271
gyrAp,35.0,34,0,CCCGTTGCCGCTAAAACCGT,34,1741830
gyrAp,35.0,34,0,CATGGCGTTTTTTGGTAATC,34,1766752
gyrAp,35.0,34,0,CAGGTGTCTAGCTTAGATAG,34,1751129
gyrAp,35.0,34,0,ATATGCGATCACCCGTGCCA,34,1761919
gyrAp,35.0,34,0,ATAAGGTGTCTTGTGCCATA,34,1760781
gyrAp,35.0,34,0,AGTTGCTGCATCGCGATCAT,34,1758454
gyrAp,35.0,34,0,AGTCTTTGCCCCCGCTTCCC,34,1752767
gyrAp,34.0,33,0,TGCGTGGTGTACTCGCAGTG,33,1743522
gyrAp,34.0,33,0,TCCATGGCTTGTTTGTTTCA,33,1755862
gyrAp,34.0,33,0,TATCGAGTACGTTTACTCGG,33,1746092
gyrAp,34.0,33,0,TAACGTATGGGTACACGTGT,33,1754449
gyrAp,34.0,33,0,GTCTAATTAAATAGCGCCTA,33,1768052
gyrAp,34.0,33,0,GGGTCTATCAGCCCTACCTA,33,1745996
gyrAp,34.0,33,0,GGATGGCCCAGCTGTGAGCA,33,1749819
gyrAp,34.0,33,0,GCCAGCCACTCTATGTTTAA,33,1760039
gyrAp,34.0,33,0,CTTCTTCTAAGAGCTACCTA,33,1746223
gyrAp,34.0,33,0,CTGAGAGGTCAGTCCTAATG,33,1757755
gyrAp,34.0,33,0,CATCCGTCCCACCGTTTCCA,33,1749591
gyrAp,34.0,33,0,CATACAACAGGCTCTTCGAA,33,1770804
gyrAp,34.0,33,0,ATTCACTCTCGTGCTATTCT,33,1767173
gyrAp,34.0,33,0,AGTGGTCGCTTTTTATATCG,33,1756860
gyrAp,34.0,33,0,ACGCGTTCCCCGAGTCTCAA,33,1755506
gyrAp,34.0,33,0,ACATCTCTACTTAATTAACT,33,1760102
gyrAp,33.0,32,0,TCTTTGTTAGCCGAAATCAC,32,1758526
gyrAp,33.0,32,0,TCGGCAGACGCATATATGTT,32,1758030
gyrAp,33.0,32,0,TATATTGGTCCCTCTCTAGA,32,1769237
gyrAp,33.0,32,0,TAGCCCGCAGGGCTCTAGGG,32,1763161
gyrAp,33.0,32,0,TACGTACCACGGAATAGCCA,32,1766093
gyrAp,33.0,32,0,GTTATTGCTATTTTGGTACA,32,1768528
gyrAp,33.0,32,0,GTGTGGGCCGAAGCCCGTCA,32,1755302
gyrAp,33.0,32,0,GTCATTGGATCGTGGAAACG,32,1766561
gyrAp,33.0,32,0,GGGTTTTACACTTCTACAGC,32,1757609
gyrAp,33.0,32,0,GGGTAACTTCGTACATACAG,32,1765705
gyrAp,33.0,32,0,GGGGTGTAACAAGAATAATT,32,1759945
gyrAp,33.0,32,0,GGAAAACTCGATACATGCCA,32,1743837
gyrAp,33.0,32,0,GCGTATTAGGCTTATAGTCT,32,1742923
gyrAp,33.0,32,0,GCGGAGCGCTGGTACGAGTC,32,1756862
gyrAp,33.0,32,0,GAGGCACAAAGTGCTATGCT,32,1753537
gyrAp,33.0,32,0,CTGCTTCATGGGGTGTAGCT,32,1761997
gyrAp,33.0,32,0,CTGATTATGGAGGGCTTGAA,32,1760437
gyrAp,33.0,32,0,CGCTAGGGTCGAGCCGCTTT,32,1751967
gyrAp,33.0,32,0,CGCGGAAACGGCCCGAACAC,32,1762682
gyrAp,33.0,32,0,CCCCGCTTTGCTTTGAGGTA,32,1750475
gyrAp,33.0,32,0,CAGATATAAACGTCCCACCT,32,1758457
gyrAp,33.0,32,0,CACGAGCTCTAGAGGTGAGT,32,1755423
gyrAp,33.0,32,0,CACCCCCTCATTGCCAATCC,32,1747532
gyrAp,33.0,32,0,CAACTCCGGCTAATCTGGGT,32,1742648
gyrAp,33.0,32,0,ATGGACGGATCAGACGGTCT,32,1743872
gyrAp,33.0,32,0,ACGCTCAAAGTGTTAACATG,32,1764333
gyrAp,33.0,32,0,AACGCTCCAAGTCTATTGTT,32,1769412
gyrAp,33.0,32,0,AAAATTCCCCAATCGGCATG,32,1760583
gyrAp,32.0,31,0,TGACAGAGCCTAGGTCCGGG,31,1761630
gyrAp,32.0,31,0,TCGTTACGCTCCAGCCGAGG,31,1762294
gyrAp,32.0,31,0,TCATTCGCGTCCTAGAAACG,31,1750723
gyrAp,32.0,31,0,TATCACATTTACCCCCAATT,31,1746247
gyrAp,32.0,31,0,TAGAAGTTCCAGTGTCTCGC,31,1769882
gyrAp,32.0,31,0,TAAATATCGCGAGTTGCCGA,31,1766984
gyrAp,32.0,31,0,TAAAAGCTTAGAAACGGTTG,31,1756828
gyrAp,32.0,31,0,GTGCAGCACAACACGGGCCA,31,1769406
gyrAp,32.0,31,0,GCTGGGTTGCCAGAATTATT,31,1764141
gyrAp,32.0,31,0,GCTCTGAGGATTCAATTGAC,31,1747398
gyrAp,32.0,31,0,GCTACGTAGTCGGCAATGCG,31,1750783
gyrAp,32.0,31,0,GCCCGACGCTCCAGAGGACT,31,1760207
gyrAp,32.0,31,0,GAGTTTGTCCCGACAGCTTA,31,1759883
gyrAp,32.0,31,0,GAAACTGACATGCACATTAA,31,1765467
gyrAp,32.0,31,0,CCGCCGTGACGTTATGAACA,31,1768649
gyrAp,32.0,31,0,CCATGCTGGACGGGACTTAA,31,1753306
gyrAp,32.0,31,0,CATCCCCACATTGCTTCGGT,31,1752800
gyrAp,32.0,31,0,ATTACGATCAGTCGGTTGGA,31,1764085
gyrAp,32.0,31,0,ACTGGTTCTGGCTCGTGCGC,31,1762387
gyrAp,32.0,31,0,AACGAAGCAGTGGTTACTTA,31,1746087
gyrAp,31.0,30,0,TTTTCCAAACGCCGCAATTA,30,1749304
gyrAp,31.0,30,0,TTCTTCCACCTCAACTCCAG,30,1754615
gyrAp,31.0,30,0,TCTTTCGCAGCATGAATGCA,30,1746222
gyrAp,31.0,30,0,TCCTCCCACTGGTCTATTCC,30,1753160
gyrAp,31.0,30,0,GGTGACGTGTGCGTTCTCTC,30,1766192
gyrAp,31.0,30,0,GGGTTTCTCGCCGGGCGCCG,30,1751251
gyrAp,31.0,30,0,GGAGCATGAGCCTCCCATAT,30,1748381
gyrAp,31.0,30,0,GCTGACGTAGCGACACATAT,30,1758318
gyrAp,31.0,30,0,GCCGATGGTCCGGTTACGCT,30,1768993
gyrAp,31.0,30,0,CGCCACGATTGAGTCTTCTC,30,1742806
gyrAp,31.0,30,0,CCCGTGTCAACCCTAACCGT,30,1768826
gyrAp,31.0,30,0,CATGGTCAGGATGTTTAATA,30,1755467
gyrAp,31.0,30,0,CAATAGCCGACCCCTTCCTG,30,1758117
gyrAp,31.0,30,0,AGTTGCGGAGCCTCGTATGA,30,1751569
gyrAp,31.0,30,0,AACTCCGGCGCTCGAAGGCA,30,1752452
gyrAp,31.0,30,0,AAAAGTCCTTCCGTACCCCC,30,1744460
gyrAp,30.0,29,0,TTGGAATAAGCTTACGACTG,29,1741948
gyrAp,30.0,29,0,TTATGGACGGATGGAGGTCA,29,1756884
gyrAp,30.0,29,0,TCGACAGTCTTAAAGATAGT,29,1760882
gyrAp,30.0,29,0,GTGCAGTCTATAGACTAAAT,29,1752254
gyrAp,30.0,29,0,GGAAGTGGTGCAGCTCAATA,29,1754526
gyrAp,30.0,29,0,GCTATGCCCGCCGAAATCAC,29,1754106
gyrAp,30.0,29,0,CGGTCCGAGTAATTATAGCG,29,1758156
gyrAp,30.0,29,0,CCCGGTCCTGGGGCTATTCA,29,1756226
gyrAp,30.0,29,0,CATACAGATTAACCGCCGTG,29,1766772
gyrAp,30.0,29,0,CAGAGTAGGTGACGGCAATA,29,1747214
gyrAp,30.0,29,0,AGGCCTCCGAGACCAACGTA,29,1770545
gyrAp,30.0,29,0,ACACGAAATGCGGCGGTGAC,29,1761046
gyrAp,29.0,28,0,TTGTTTGTCGCCTGATTCGT,28,1754808
gyrAp,29.0,28,0,TTCAGTAACGATCCAGTTTT,28,1769301
gyrAp,29.0,28,0,TTACGGTTCACGGAATCAAG,28,1749987
gyrAp,29.0,28,0,TCACGGGTACTGCACTTTGT,28,1742688
gyrAp,29.0,28,0,GTAATGAACCTAGCGAAAGC,28,1744349
gyrAp,29.0,28,0,GGTGAGTTTTATGGTGGCAG,28,1755227
gyrAp,29.0,28,0,GGCGCTCAACAGATAGCGAA,28,1746352
gyrAp,29.0,28,0,GGAGGATGGTGGAGACTTCT,28,1770406
gyrAp,29.0,28,0,GCCGCATCCCTATTTGACCA,28,1742086
gyrAp,29.0,28,0,GCCATTTCCGGCGAACCAAT,28,1761367
gyrAp,29.0,28,0,GATATCCGAATATTAACTTC,28,1741569
gyrAp,29.0,28,0,GAACAATGCTCCTGGTTGCG,28,1752274
gyrAp,29.0,28,0,CTTTGGAGCGGCACACCTTC,28,1750640
gyrAp,29.0,28,0,CTCAGCACAGGTGCCGAATT,28,1750009
gyrAp,29.0,28,0,CTAGAATCAGGTTATAAACA,28,1765720
gyrAp,29.0,28,0,CGTATTCGGTATGTTTAAGT,28,1754219
gyrAp,29.0,28,0,CCTGACAATGTAGTCAACTA,28,1758741
gyrAp,29.0,28,0,CACTCCCCCATTCTTGCCTC,28,1756618
gyrAp,29.0,28,0,CAAGATTAGCCGCCATATCT,28,1754084
gyrAp,29.0,28,0,AGGTGAGGCGGGTATCTAAA,28,1752634
gyrAp,29.0,28,0,AGGTGACCTTACGTTACCTC,28,1752269
gyrAp,29.0,28,0,AGGATACTTCCCCTGCCCTG,28,1744643
gyrAp,29.0,28,0,AGATCTCGACTAAAGGCCCG,28,1750025
gyrAp,29.0,28,0,ACGCGATGCGGCTTATACCC,28,1753960
gyrAp,29.0,28,0,ACCCACCAACATCTGTCACT,28,1749444
gyrAp,29.0,28,0,ACACATTTGCGTCACATTCC,28,1745247
gyrAp,29.0,28,0,AACAGTACACACATTTGTTG,28,1763949
gyrAp,29.0,28,0,AACAGACTGCCCAGTCCAAT,28,1753075
gyrAp,29.0,28,0,AAAGGAAGTGAATTTGCGGG,28,1750558
gyrAp,28.0,27,0,TGGGTGGATTTTTATGAGCC,27,1761391
gyrAp,28.0,27,0,TCCGCTCCTCTGATATAATA,27,1769395
gyrAp,28.0,27,0,TAGAGGTGTTCGTATCAATA,27,1743924
gyrAp,28.0,27,0,TAAGGACCAATCTGCCTATC,27,1765706
gyrAp,28.0,27,0,GTGTGCGTCATGGCTTACTG,27,1764355
gyrAp,28.0,27,0,GGTTTGCGGTTGCTTGTGCA,27,1747140
gyrAp,28.0,27,0,GGGCCCTATGCGCACGATCG,27,1743130
gyrAp,28.0,27,0,GGCGAAGGACTACGCAAGCC,27,1758160
gyrAp,28.0,27,0,CTGGGCGATCAGGGCGTCGG,27,1769174
gyrAp,28.0,27,0,CGAGATAACGAGTTTCGACG,27,1763352
gyrAp,28.0,27,0,CCTTGCAGCGAGCTTGCGAC,27,1764339
gyrAp,28.0,27,0,CCTACGGTGTGGCTAAAGAA,27,1762194
gyrAp,28.0,27,0,ATTCACCGCAAGGACAAAGA,27,1746001
gyrAp,28.0,27,0,ATATAGTAGTCAATGTCGGA,27,1748115
gyrAp,28.0,27,0,ACTCACGCGACCTGTGGTTT,27,1764972
gyrAp,28.0,27,0,AAGGGGTAGTTTCAGGCTGT,27,1765605
gyrAp,27.0,26,0,TTTATGCAAGGAAGATATCT,26,1742206
gyrAp,27.0,26,0,TATGGTAGCGTTGAAGTAAA,26,1748637
gyrAp,27.0,26,0,TACACTATGATTTATCAACA,26,1769479
gyrAp,27.0,26,0,GTGCTTGTAGGGATACTCAT,26,1768556
gyrAp,27.0,26,0,GGTATCCCGTTTTAGGTTAA,26,1749799
gyrAp,27.0,26,0,GCCTGTGTCGATCTCCGAGG,26,1759710
gyrAp,27.0,26,0,GCCGCGTCACCTTTCCCAGT,26,1763728
gyrAp,27.0,26,0,GAAGGATGAAACGATAGGGG,26,1750028
gyrAp,27.0,26,0,CTTACAGACTCTTAGTTTTC,26,1742410
gyrAp,27.0,26,0,CGGTACTATGCTATATCATT,26,1769747
gyrAp,27.0,26,0,CGAGCCAGGGAGAGCAGCTC,26,1751456
gyrAp,27.0,26,0,CGACCAACCCGCTGGGGGCA,26,1747216
gyrAp,27.0,26,0,ATCCGAAGTCCGTTGGGTTT,26,1754442
gyrAp,27.0,26,0,AGGTGAGCCCGCAATGTGAC,26,1770768
gyrAp,27.0,26,0,AGCAATATGACCGACTTACA,26,1766356
gyrAp,27.0,26,0,AGAGCGGTAAGATCCTGCAG,26,1746532
gyrAp,27.0,26,0,AGACGATCTCGGCGTCTCGC,26,1755489
gyrAp,27.0,26,0,ACTCGTGTCCACCAATATTG,26,1765175
gyrAp,27.0,26,0,ACGGCCAGCTGAGAACGCTC,26,1766136
gyrAp,27.0,26,0,AAGCCTCGGAAATTCAGGGT,26,1743673
gyrAp,26.0,25,0,TTACATGCGTTATTAGCAAG,25,1759644
gyrAp,26.0,25,0,TTAATCCGAAGGGCGATTCT,25,1747737
gyrAp,26.0,25,0,TCCTTAATTGGGTCCCCTCG,25,1744132
gyrAp,26.0,25,0,TAGAAGGTAAAGCGGTCGAG,25,1757045
gyrAp,26.0,25,0,GTGTTCGTGTCCGTTAATGA,25,1752900
gyrAp,26.0,25,0,GTCAACATTTTTGTCACCTC,25,1750658
gyrAp,26.0,25,0,GGGAGCTGTTATAAGGCTCC,25,1743866
gyrAp,26.0,25,0,GCTGTTCCGGAGCGGGAAGA,25,1762038
gyrAp,26.0,25,0,GAGAACCTCTCCAAGAGAAG,25,1745391
gyrAp,26.0,25,0,CTTAATTCGGTTATACGTAC,25,1748329
gyrAp,26.0,25,0,CTAGTAATAACTCGATTTTT,25,1755332
gyrAp,26.0,25,0,CGCATCAGATGCTGCTCAGG,25,1763538
gyrAp,26.0,25,0,CAGCGAGGAGACAATTAGCT,25,1762920
gyrAp,26.0,25,0,CACAGAACCCACGGCCAGTA,25,1760465
gyrAp,26.0,25,0,AGTTAATAGTACAGGACGCT,25,1770065
gyrAp,26.0,25,0,AGTGCGCTAATGTCGCATAA,25,1750288
gyrAp,26.0,25,0,AGTGCATAGGCGTTGTGTTT,25,1760125
gyrAp,26.0,25,0,AGGTCGCGTATAGTTACTCT,25,1760831
gyrAp,26.0,25,0,AGACATTATTGAGTAATTTT,25,1763120
gyrAp,26.0,25,0,ACAAGGACCTGGAGCATCTG,25,1765987
gyrAp,26.0,25,0,AAGGTGACTCTAATGAACGC,25,1755643
gyrAp,25.0,24,0,TTTGCGTCAGTGGAGGCGAG,24,1758294
gyrAp,25.0,24,0,TTGTCAGGGTATAATCCGCT,24,1769152
gyrAp,25.0,24,0,GTGGAGGCTTAAGGCCCGAA,24,1761977
gyrAp,25.0,24,0,GCTTTTATATATTCGATGCC,24,1753452
gyrAp,25.0,24,0,GCTGACCCGGGTAGTGCCGC,24,1748615
gyrAp,25.0,24,0,GCCTCCTATTATGACTTATC,24,1747072
gyrAp,25.0,24,0,GCACGTATTGTGGTCTTGGA,24,1761307
gyrAp,25.0,24,0,GAATGCGGTTCAGCCGCCCA,24,1764139
gyrAp,25.0,24,0,CTTGTCTCTAATGGCTCGTT,24,1763626
gyrAp,25.0,24,0,CTCAAAAACAGACCGAATTT,24,1765708
gyrAp,25.0,24,0,CGTGACTGGCATCGCACAGG,24,1752605
gyrAp,25.0,24,0,CCTGCATCCATCGCCTCCAG,24,1754837
gyrAp,25.0,24,0,CCAGGTGTACACAACTGCAT,24,1750457
gyrAp,25.0,24,0,CATTGGGGTAGAAGAGCGCT,24,1744657
gyrAp,25.0,24,0,ATCCGGACAGGGAGGCTTTC,24,1746784
gyrAp,25.0,24,0,ACCGCCGTCAATGACCCGAG,24,1768157
gyrAp,24.0,23,0,TTAATTTTTTCGGAGGCTCC,23,1760538
gyrAp,24.0,23,0,TATACTGAGCCAGCCTGCAA,23,1748788
gyrAp,24.0,23,0,TAAACCGTTTGAGCCCTGCG,23,1768518
gyrAp,24.0,23,0,GTAGGCGCGAAACATCATGC,23,1758490
gyrAp,24.0,23,0,GCCACGTTGTTTGTAATAGG,23,1770176
gyrAp,24.0,23,0,CGGGAGGCCACAGTCACGTA,23,1743941
gyrAp,24.0,23,0,CGCTTAGATCAGGACGTGAC,23,1742977
gyrAp,24.0,23,0,CCCTCGCCCGGTACATCATG,23,1752138
gyrAp,24.0,23,0,ATGAGTCACGACTCTGGGGG,23,1747628
gyrAp,24.0,23,0,AGCCGATATACTTATGAGCT,23,1769247
gyrAp,24.0,23,0,ACGAACCCCCGCCAGCACTT,23,1754813
gyrAp,24.0,23,0,AATTTGAGCATAAAGTAAAA,23,1752270
gyrAp,23.0,22,0,TTGAGAATTAGACCGTGCAG,22,1748006
gyrAp,23.0,22,0,TCGCAGCGACGACCAAGCAG,22,1747338
gyrAp,23.0,22,0,TAGCAGCTTGTACAGAGAAG,22,1765624
gyrAp,23.0,22,0,GTTTCCGTGGTCAGTGTATT,22,1760193
gyrAp,23.0,22,0,GGTGATTGGTTTGTTTATCC,22,1753005
gyrAp,23.0,22,0,GGGCAGATGGCGGGACCCCC,22,1743248
gyrAp,23.0,22,0,GGAGTAACTGGGCCTGGGAT,22,1747999
gyrAp,23.0,22,0,GATGACACGTGGTAATCGGG,22,1758773
gyrAp,23.0,22,0,CTTCTTGGGATTCTGTGTGT,22,1754673
gyrAp,23.0,22,0,CTAATCCGGAATGCCAGAGC,22,1764514
gyrAp,23.0,22,0,ATAATATCTGGTCGTCGCCG,22,1746458
gyrAp,23.0,22,0,ACGTCGTGCAAGGTAATATG,22,1743247
gyrAp,23.0,22,0,ACCCGAGGATCGACATGTGA,22,1760865
gyrAp,22.0,21,0,TTTTTCGAAGGACCTGTGCT,21,1753988
gyrAp,22.0,21,0,TTCTATACCTCGTGTGAAGG,21,1757102
gyrAp,22.0,21,0,TATTGTCGGGCGGTGCACAT,21,1745519
gyrAp,22.0,21,0,TATGAATACATCGACGGTAT,21,1748083
gyrAp,22.0,21,0,GTTGCTAGGCCTCTCGCATA,21,1756343
gyrAp,22.0,21,0,GTGTCGTGACGGGTCAACAG,21,1750237
gyrAp,22.0,21,0,GTGGGGGATGCCGTCAGCAG,21,1746866
gyrAp,22.0,21,0,GTATGGTCGTTTCTTCATGT,21,1758979
gyrAp,22.0,21,0,GGTTTGCTTTTCAGCCCGTC,21,1761634
gyrAp,22.0,21,0,GGTATCTCCAGGGCGGTTCA,21,1759122
gyrAp,22.0,21,0,GCAGGTAGGGTTGAAGGAAT,21,1767632
gyrAp,22.0,21,0,GAGCATGTAAGTAGGTTGTG,21,1765103
gyrAp,22.0,21,0,CCTGAGTCACAATATGCCCA,21,1745347
gyrAp,22.0,21,0,CCCATAGAAATACCTGACCC,21,1751256
gyrAp,22.0,21,0,ATGTCATTGTGAGACGGACT,21,1748612
gyrAp,22.0,21,0,ATCATAAATCACGAATATCG,21,1763667
gyrAp,22.0,21,0,ACATCCCATCGTATGAACTT,21,1769177
gyrAp,22.0,21,0,ACACCCTACATAATGTTTCT,21,1746034
gyrAp,21.0,20,0,TTTCGACTAGCAGATAAGAA,20,1765654
gyrAp,21.0,20,0,GTGAAGTATTTCTCACCCTT,20,1752197
gyrAp,21.0,20,0,GTAATCGACGTGGGCGGAAT,20,1746125
gyrAp,21.0,20,0,GCTGCGGGTACCGTCAAACA,20,1748688
gyrAp,21.0,20,0,CGTTAGGCCTTCGATGCTAA,20,1751173
gyrAp,21.0,20,0,CGCTTTCTCAGTCTGTAAGG,20,1743447
gyrAp,21.0,20,0,CACCGACCCGGAAAACCGTA,20,1762715
gyrAp,21.0,20,0,ATGCGGGACGGCGGACAGGA,20,1767162
gyrAp,21.0,20,0,ATCACGGGAGTCGCAGAAAA,20,1758094
gyrAp,21.0,20,0,AGTGTGCACATTCTTCGATT,20,1768452
gyrAp,21.0,20,0,AAAGTCTTTCTTACCGACCA,20,1744655
gyrAp,20.0,19,0,TTTGATGAAGACGGGGGTCG,19,1759643
gyrAp,20.0,19,0,TTCCGCGTGGGTCAACTTTC,19,1767470
gyrAp,20.0,19,0,TACGTCAACGGTGCGCCGTT,19,1754762
gyrAp,20.0,19,0,GTCTTATTGGTTCTCTAATA,19,1769117
gyrAp,20.0,19,0,GCGGCAGCCTGGCATGAGTG,19,1763697
gyrAp,20.0,19,0,GAGATATTTTCTCGTTGTAG,19,1745246
gyrAp,20.0,19,0,ACACAAGTCGTGGGTCCGTC,19,1762392
gyrAp,19.0,18,0,TCGTGAAGGCTAGGCTTGGC,18,1760048
gyrAp,19.0,18,0,TAATCTGCGTTCAAGTATGC,18,1746349
gyrAp,19.0,18,0,GTGGCACGGGTGTCCAAAAC,18,1746477
gyrAp,19.0,18,0,GGCATGACGCAAATTTCGAG,18,1760845
gyrAp,19.0,18,0,GCGTTAGCCGGGTCTTCTGG,18,1766714
gyrAp,19.0,18,0,GATTTAATCTTGGTGACGAT,18,1741584
gyrAp,19.0,18,0,GAAGTCTTAATTATAGGTGC,18,1753477
gyrAp,19.0,18,0,CTTTTCAGATTAATTCGCCC,18,1741582
gyrAp,19.0,18,0,CTCCTCTGAATCGTCTTGAA,18,1767772
gyrAp,19.0,18,0,CCCGGTTACATCCGCACTGA,18,1765581
gyrAp,19.0,18,0,CAATATCGGAACCGATCTTG,18,1749161
gyrAp,19.0,18,0,ATTGAATTTTCTCGTCGAAG,18,1765386
gyrAp,19.0,18,0,ATCCGCTTAACGATCATGCT,18,1742761
gyrAp,19.0,18,0,ACGAGAGCAGTCCGTCAGGC,18,1765962
gyrAp,18.0,17,0,TCTAGCACCATCGAAATTGC,17,1769870
gyrAp,18.0,17,0,TAGGAGTTGTCGGGTAATTC,17,1745291
gyrAp,18.0,17,0,GTCTGTTTTTTGCGTACTCC,17,1765203
gyrAp,18.0,17,0,GTCTCAGTTTGCCATATGCG,17,1760346
gyrAp,18.0,17,0,GTAATTTGATCTTGGGTAGA,17,1752838
gyrAp,18.0,17,0,GGAGCGTCCACTCACTTTGG,17,1768061
gyrAp,18.0,17,0,GAAGAACTTGTGCTGGACCA,17,1761659
gyrAp,18.0,17,0,CCGCACCTAACCAATGTTCA,17,1749628
gyrAp,18.0,17,0,AATCGGGACGCGGAGGACGA,17,1770794
gyrAp,18.0,17,0,AAGCCACTGTTTAAAACACT,17,1748342
gyrAp,18.0,17,0,AAGCAAGGGGGGGGGGGACG,17,1750203
gyrAp,18.0,17,0,AAATGGAATCGGGCAATTGT,17,1759272
gyrAp,17.0,16,0,TCAGAGGTTTACTCCCCGTA,16,1741996
gyrAp,17.0,16,0,GGCGGTTCGGGCACTTCAGC,16,1745846
gyrAp,17.0,16,0,GCGGCGACTTGGGAGCTCAC,16,1760255
gyrAp,17.0,16,0,GAACTGAACCACGGAAGTTA,16,1762182
gyrAp,17.0,16,0,CGCATCATGTTCAAATGACC,16,1759679
gyrAp,17.0,16,0,CCATATGTTGGGCAGAGTGT,16,1761859
gyrAp,17.0,16,0,AGTCCCTTACTGGATCTTAC,16,1768780
gyrAp,17.0,16,0,AGTCCCCCTTTCCGGAATAT,16,1748357
gyrAp,16.0,15,0,TGTTGGGGAACCAAGAATGC,15,1745441
gyrAp,16.0,15,0,TCCTCATCACCGGGGTTCAT,15,1766205
gyrAp,16.0,15,0,TAATTGCCATCACGTCGCGC,15,1747326
gyrAp,16.0,15,0,GTTCGCCCCCTGCCCAGCGT,15,1764023
gyrAp,16.0,15,0,GTATTGGGTTCCTAAAGATT,15,1744418
gyrAp,16.0,15,0,CCATGTCACACCTCTCTGGC,15,1764089
gyrAp,16.0,15,0,ATTTTGTTGCAACTTACCCT,15,1761206
gyrAp,16.0,15,0,AGTGCCAGTGGCGGGCATGA,15,1751625
gyrAp,16.0,15,0,AGTATGCAATCCCGCATTGT,15,1768466
gyrAp,15.0,14,0,TGTCAATGAGCTAGGATCCT,14,1758889
gyrAp,15.0,14,0,TGGAAGGCGCAGTTCGGGAT,14,1762320
gyrAp,15.0,14,0,TACAGTCCTTTCCGGTCCGT,14,1752676
gyrAp,15.0,14,0,GTTACTCCCACCCCGGAAGT,14,1767521
gyrAp,15.0,14,0,CTGTGATAACGTTCTTGAAT,14,1751127
gyrAp,15.0,14,0,CTGAGATAGCAAAGCGATGC,14,1752034
gyrAp,15.0,14,0,CCCCTAACACCGGCCTACCA,14,1763259
gyrAp,15.0,14,0,CAAGTATTGTGCGGGTGAAC,14,1741845
gyrAp,15.0,14,0,ATTGCGTATCAATGAAGGGT,14,1763944
gyrAp,15.0,14,0,AGGCGGCTTGAGGCCGGTCG,14,1754273
gyrAp,15.0,14,0,ACGGCGTTCAAAGTGTTACT,14,1770351
gyrAp,14.0,13,0,TCGAATGGGTGAAATGCTTT,13,1753175
gyrAp,14.0,13,0,TCAAAAAGACCCCAGGCCGG,13,1745298
gyrAp,14.0,13,0,TAGCATCCGGGTCCTTAGGT,13,1751071
gyrAp,14.0,13,0,GTGAAAAAATGTGAGGATAG,13,1745406
gyrAp,14.0,13,0,GTACGGCGTTGGTTGTCCGA,13,1766358
gyrAp,14.0,13,0,GGATTTGGTCCGCAACAAAA,13,1757312
gyrAp,14.0,13,0,CTGCCATTAACTTTTTAATT,13,1762448
gyrAp,14.0,13,0,CGTCTGCCCACGTGGTCCAG,13,1763370
gyrAp,14.0,13,0,CACAAGAGCGAAGCCCCACC,13,1742826
gyrAp,14.0,13,0,ACACCATACACCGCGGTTGC,13,1760337
gyrAp,13.0,12,0,TCGCACCCGTCAGACGCCCT,12,1753597
gyrAp,13.0,12,0,GTCTAGAAGTTACTTCTCGA,12,1761795
gyrAp,13.0,12,0,GCTTGGTGGCCCCGCTGGGA,12,1742804
gyrAp,13.0,12,0,CTGTCCACTAAACACTGTAA,12,1763373
gyrAp,13.0,12,0,CGTTCGACTTTTATCGGTGT,12,1766840
gyrAp,13.0,12,0,ATCCAAGCTAGGTGTTGAGC,12,1757813
gyrAp,13.0,12,0,AGATTGAGAATCGGTTTGGG,12,1760438
gyrAp,13.0,12,0,ACAGCTACCCACTCGTAACT,12,1760908
gyrAp,13.0,12,0,AAGGAAAAGTACGAGCACCC,12,1755625
gyrAp,13.0,12,0,AAGATTCTCATATCTACGTA,12,1742502
gyrAp,12.0,11,0,TCGCTTGGACTACAATTGTA,11,1742660
gyrAp,12.0,11,0,TATGATGTGGAACTAGGTCC,11,1762931
gyrAp,12.0,11,0,GAACTATGCTTCCCGGTCAC,11,1744644
gyrAp,12.0,11,0,CTTATGGCAACGACAATCGG,11,1753254
gyrAp,12.0,11,0,CTCGCTAGCAAGCGAATTCT,11,1760714
gyrAp,12.0,11,0,CGGCGGCCTGAATCCAAATC,11,1744381
gyrAp,11.0,10,0,TGTGCTTAAGGGATTGTACA,10,1767998
gyrAp,11.0,10,0,TAACCCAGCTTCTGGCCGCT,10,1755058
gyrAp,11.0,10,0,GGTGGCCTCATTCCAAGGCG,10,1769240
gyrAp,11.0,10,0,CTTGTCTCCGGAGGGGAGTT,10,1753092
gyrAp,11.0,10,0,CCGGCGTGTCACAGAGGCTA,10,1770803
gyrAp,10.0,9,0,GGAGTGAACAGGACGTCCCT,9,1745410
gyrAp,10.0,9,0,GCTTAACGGAGCTTTCGGCC,9,1758836
gyrAp,10.0,9,0,CTGCAAAGTCTCGGTCTTTG,9,1754188
gyrAp,10.0,9,0,ATGGCAGAAACATCACGCCT,9,1742504
gyrAp,10.0,9,0,AGACCGGCGTGAGTGGGTCT,9,1762213
gyrAp,9.0,8,0,GGCAACAGATTTCTGGAGTG,8,1761929
gyrAp,9.0,8,0,CGTGACGGTACAGGATCGAT,8,1761959
gyrAp,9.0,8,0,CGCCGGCTGAGGAGCATTCG,8,1758932
gyrAp,9.0,8,0,CCGAGGATCTCGCCAATAGG,8,1755447
gyrAp,9.0,8,0,CCCGCGATAGTCGCTAACAA,8,1755460
gyrAp,9.0,8,0,CATCGCAGGAACAGATCCAC,8,1761623
gyrAp,9.0,8,0,ACTTTGCAATGTTGCCATCA,8,1753208
gyrAp,8.0,7,0,TGTCCTTAATTTCCATGCCC,7,1745935
gyrAp,8.0,7,0,TGAGCAGGCTCGAGGCTCCT,7,1761958
gyrAp,8.0,7,0,TCTCGAACTTTTAAACAGCT,7,1759140
gyrAp,8.0,7,0,GCTTCCTAGGGTAAGTGGGG,7,1742993
gyrAp,8.0,7,0,GACCGCACTTTGTGTCAAAA,7,1749569
gyrAp,8.0,7,0,CTGCCACGGCTCCGATATGT,7,1762778
gyrAp,8.0,7,0,CGAGTTAGTCCCCGCAGCGT,7,1748345
gyrAp,8.0,7,0,CCCGTGATGTTCAGACGTAG,7,1746374
gyrAp,8.0,7,0,CATGAAAGGGTAGTACCAGT,7,1757377
gyrAp,8.0,7,0,ATTCGTGCGTTCCAGAGGTC,7,1742821
gyrAp,8.0,7,0,AGGGCAGTGTGACCGATTGT,7,1756479
gyrAp,8.0,7,0,ACGGTAGACGATCGATATAC,7,1753573
gyrAp,7.0,6,0,TGGGGGCCGTATTCTAAGAA,6,1751033
gyrAp,7.0,6,0,GCCTTTGCTCACGCCGGCCA,6,1767244
gyrAp,7.0,6,0,CACTCGTCTCCCTAGGCACA,6,1761207
gyrAp,7.0,6,0,ACGGAGGAAGCCGATTCGCT,6,1752362
gyrAp,7.0,6,0,AAGCAAGGGGGGGGGGGGAC,6,1750216
gyrAp,6.0,5,0,TTTAAAATGGTTCAGACGCG,5,1743422
gyrAp,6.0,5,0,GTAATGCTTGGGACTCTGAG,5,1765640
gyrAp,6.0,5,0,CTTTTCTCTGACTTAAGATT,5,1742983
gyrAp,6.0,5,0,CGTGTCATTGCGTGCTGGCC,5,1769416
gyrAp,6.0,5,0,ATAACCCCGGTTAATCGGGT,5,1754682
gyrAp,6.0,5,0,AGGCCTGTATCAGAGACCGC,5,1761892
gyrAp,5.0,4,0,TCCTCGGAAAGCTCACCTCT,4,1752298
gyrAp,5.0,4,0,GATGGTACATCGTGAGTCAT,4,1755481
gyrAp,5.0,4,0,CTTTAGAGAACAAAGCAATA,4,1753807
gyrAp,5.0,4,0,CTGGCTCAATCATACGTAGC,4,1760181
gyrAp,4.0,3,0,TCCCGAAGGGCTTATCGAGA,3,1749040
gyrAp,4.0,3,0,GTGGGCGTCCCCTTCATACT,3,1743232
gyrAp,4.0,3,0,GGGTCCCTTAAATCCGGGTT,3,1754857
gyrAp,4.0,3,0,GAAGGACGTTATAGGGGAAC,3,1764466
gyrAp,4.0,3,0,GAAGCAAATCAAGGTCATCT,3,1755691
gyrAp,4.0,3,0,CGTCCTGAAATGTCTCTACA,3,1762489
gyrAp,4.0,3,0,CCTGAAGGCGGTTTTCTACC,3,1744882
gyrAp,4.0,3,0,CCGTTTCTTTCGGGGCGAGA,3,1744262
gyrAp,4.0,3,0,ATTTCCCAGTGATCTAACGT,3,1768180
gyrAp,4.0,3,0,ACAGCTATCCACATAGCGGC,3,1746058
gyrAp,3.0,2,0,TCGATAGGCGAGTTCCATTC,2,1761955
gyrAp,3.0,2,0,TATGTGTACGCTTCCATGTA,2,1754617
gyrAp,3.0,2,0,GTTAAGATCTGTGGTATCTC,2,1761759
gyrAp,3.0,2,0,GTGTCGCGCTCACCTTTTAA,2,1757478
gyrAp,3.0,2,0,GTGAGTATTGAGTCATGGGA,2,1757069
gyrAp,3.0,2,0,GTAGCTTACGCCGAATTGAC,2,1754087
gyrAp,3.0,2,0,GGTCGCGGGTTGCCTAGATT,2,1769808
gyrAp,3.0,2,0,GCTTCCCGCTCAACTAAAAT,2,1754077
gyrAp,3.0,2,0,GAGGGACCCTTACCATGCTA,2,1760520
gyrAp,3.0,2,0,CTTGTAGTATACACTTCCTT,2,1761458
gyrAp,3.0,2,0,CTCCAAGAGGAACCGCGCGG,2,1743584
gyrAp,3.0,2,0,CGGCCTTTCAGTCGCGCGAT,2,1750376
gyrAp,3.0,2,0,CCGACGGGGTTGTTTCCAGA,2,1742666
gyrAp,3.0,2,0,CAGATCTAGTATAGCGTTCT,2,1744308
gyrAp,3.0,2,0,ATCGGTTAGATAGCGATAGC,2,1742287
gyrAp,3.0,2,0,ATATAAGTGGGAGGACTTTA,2,1748561
gyrAp,3.0,2,0,AGGGGTTCAGGACATCAGAT,2,1765104
gyrAp,3.0,2,0,AAGCCTTTGACTTATTTCTG,2,1758706
gyrAp,3.0,2,0,AAGCAAGGGGGGGGGGACGC,2,1750217
gyrAp,2.0,1,0,TTTGTTCGGCTGCCCCTCTA,1,1749711
gyrAp,2.0,1,0,TTTCACTTGCGACAAATAAA,1,1769939
gyrAp,2.0,1,0,TTTACAGCTACAAGGGCGCG,1,1760066
gyrAp,2.0,1,0,TTGCCTAAAGTACAGATAAC,1,1753174
gyrAp,2.0,1,0,TTGAGGGACTTGGAGTTAGT,1,1770419
gyrAp,2.0,1,0,TTCTGTAATGTCAGAACCTC,1,1764917
gyrAp,2.0,1,0,TTCTGCGTCACTGGATACTC,1,1763562
gyrAp,2.0,1,0,TTCCAGGGCGTACTGGAAAG,1,1743574
gyrAp,2.0,1,0,TTATATCAGGGGCCCAGTCT,1,1743053
gyrAp,2.0,1,0,TTAGTCATGTCTCTGGCTGT,1,1756595
gyrAp,2.0,1,0,TTACCATTAGGTCAGCAGAT,1,1757193
gyrAp,2.0,1,0,TGTTACGAGTTTTTGTGTAT,1,1755622
gyrAp,2.0,1,0,TGGTTCCCAATTTTTGAGGA,1,1769354
gyrAp,2.0,1,0,TGGCCCTCTTTACTTGTATT,1,1752742
gyrAp,2.0,1,0,TGGACGTAGGGATATCGAGG,1,1750245
gyrAp,2.0,1,0,TGCGTGCGAATCTGGGCACT,1,1743341
gyrAp,2.0,1,0,TGCGCTTGGTAGGAACACTA,1,1763688
gyrAp,2.0,1,0,TGCAGGACGCATATGGACGC,1,1756216
gyrAp,2.0,1,0,TGATACCCCGCTTTTCTGTG,1,1751907
gyrAp,2.0,1,0,TGACGGTTTCCTTAATCGGC,1,1749412
gyrAp,2.0,1,0,TCGCCAAATTTGTTAAACTC,1,1749843
gyrAp,2.0,1,0,TCGAGTAGGTCGAGTCTATA,1,1764070
gyrAp,2.0,1,0,TCGAGGATTCGCGGCTTCTA,1,1766582
gyrAp,2.0,1,0,TCCGTAGAAAGACTGGCTGA,1,1750339
gyrAp,2.0,1,0,TCCGAAGGTGGGTTCCTTTA,1,1744707
gyrAp,2.0,1,0,TCCCCGATATTGGCTCGGCT,1,1749121
gyrAp,2.0,1,0,TCCAGATCGCGATAGCGGAA,1,1747770
gyrAp,2.0,1,0,TCACTGTAAAGGTGCGCGAA,1,1750933
gyrAp,2.0,1,0,TCAATCGGCTTTGACAGATA,1,1747153
gyrAp,2.0,1,0,TCAACAAATACCAAGTTTAA,1,1753781
gyrAp,2.0,1,0,TATTATGTGGTAAGGGTTTC,1,1747804
gyrAp,2.0,1,0,TATCTTCCTAGAGACGAAAA,1,1762102
gyrAp,2.0,1,0,TACTTCGACATACCTTGCGT,1,1742711
gyrAp,2.0,1,0,TACAGGACTACGCCTCATAG,1,1745383
gyrAp,2.0,1,0,GTTGTGGACTTTGCTGTGTG,1,1757384
gyrAp,2.0,1,0,GTTGCTAAATGGTGATGATG,1,1759160
gyrAp,2.0,1,0,GTCTCCTTGCTCGCTTACAA,1,1751590
gyrAp,2.0,1,0,GTCCGGTGATGTGGCGTGTT,1,1762483
gyrAp,2.0,1,0,GTCAACTTGGCACTAACTCA,1,1756887
gyrAp,2.0,1,0,GTAGGTCTGTGTTATTGCGG,1,1763970
gyrAp,2.0,1,0,GGTTGTTCGACACGACAGAA,1,1758504
gyrAp,2.0,1,0,GGTTCCTGCCCTTTTACCGT,1,1742853
gyrAp,2.0,1,0,GGTGCATTGACTCGGTGCAG,1,1763600
gyrAp,2.0,1,0,GGTCATAGATGATCCCTTCG,1,1769452
gyrAp,2.0,1,0,GGGTAAAGAGAGTAGCACCT,1,1752736
gyrAp,2.0,1,0,GGGCTCTAGTCCCCCAAGAC,1,1767090
gyrAp,2.0,1,0,GGGCATTGTGGTCACAAGAC,1,1756783
gyrAp,2.0,1,0,GGCTAAATAAGGCTTCGAGC,1,1753970
gyrAp,2.0,1,0,GGCGGTTTCGGCGTACGGTC,1,1767133
gyrAp,2.0,1,0,GGCCAGGTGCCTGACTGGTT,1,1747319
gyrAp,2.0,1,0,GGCAGGTATCATTCCGGAGG,1,1755926
gyrAp,2.0,1,0,GGATGAAGTGAGCACCGTTT,1,1744212
gyrAp,2.0,1,0,GGAGGGTATCCGCAGGTGTA,1,1745303
gyrAp,2.0,1,0,GGAGGCCTATAATTTAGGCC,1,1764643
gyrAp,2.0,1,0,GGACCGTGTTGGTTATTCCC,1,1751947
gyrAp,2.0,1,0,GGACCGGACTAGGGGAGAGC,1,1754716
gyrAp,2.0,1,0,GGAAAGTATGCGAGCCACAT,1,1750426
gyrAp,2.0,1,0,GCTGGGGCCAGGTTGTGGAC,1,1742233
gyrAp,2.0,1,0,GCTCCAAAATGTACTAAGGC,1,1770267
gyrAp,2.0,1,0,GCTATTACTGATCGCTTATG,1,1744588
gyrAp,2.0,1,0,GCGTACAAGGTAGCTTTCTC,1,1770011
gyrAp,2.0,1,0,GCGGGAAGCCGGTATATCGA,1,1744272
gyrAp,2.0,1,0,GCGCTATATCTCAGACACCC,1,1742205
gyrAp,2.0,1,0,GCGCCCGCCATGACAGGGCT,1,1768477
gyrAp,2.0,1,0,GCCTGAGTCACGCTAACGGC,1,1749692
gyrAp,2.0,1,0,GCATAAACCATGAACAGAAC,1,1742243
gyrAp,2.0,1,0,GCACTAACAGCGTTGTGATC,1,1741763
gyrAp,2.0,1,0,GCACACCGGCAAATTGTGCT,1,1760997
gyrAp,2.0,1,0,GATTAAGGACAGCCGAAGTT,1,1767197
gyrAp,2.0,1,0,GATCTTACTAGCGGCCACCA,1,1756153
gyrAp,2.0,1,0,GATCTGATCGTACACCGCAA,1,1744808
gyrAp,2.0,1,0,GATCGTTCTGGGGGCGATGC,1,1744513
gyrAp,2.0,1,0,GATATACGGAAACGGAGGCT,1,1766670
gyrAp,2.0,1,0,GAGAAACAACCCGTTCCTTC,1,1763446
gyrAp,2.0,1,0,GACTTTTTCAGTCGCCCCAA,1,1747193
gyrAp,2.0,1,0,GACTTTCTCGGTTTGTGTGC,1,1748891
gyrAp,2.0,1,0,GACGTACTGCCCCACGCACG,1,1762527
gyrAp,2.0,1,0,GACACGTGATCTTTAATCAG,1,1766008
gyrAp,2.0,1,0,GAATTGAGAATCGTTTAGAT,1,1752441
gyrAp,2.0,1,0,GAACGGCAGGATGTTCTGTA,1,1756197
gyrAp,2.0,1,0,CTTTCGTATTGGAGCCGGGG,1,1742517
gyrAp,2.0,1,0,CTTGCCACGTCAGGCCGAAA,1,1750603
gyrAp,2.0,1,0,CTTCGTGCGGCCACGGATAT,1,1755316
gyrAp,2.0,1,0,CTTCCCCAAGACTAAATCAA,1,1762933
gyrAp,2.0,1,0,CTCGTTCGGCCACGTAATTA,1,1753286
gyrAp,2.0,1,0,CTCGCCGTACGACACTCCTC,1,1749671
gyrAp,2.0,1,0,CTCCTGATCGTGACGGATGT,1,1750498
gyrAp,2.0,1,0,CTCCCTGCAAGCATAGCAAA,1,1764700
gyrAp,2.0,1,0,CTCCCCGGGTGCCGAGGGTG,1,1766650
gyrAp,2.0,1,0,CGTTAGCCAGCTGCATGCCT,1,1751323
gyrAp,2.0,1,0,CGTTACCGGTATACGTAAGA,1,1750639
gyrAp,2.0,1,0,CGTACAGAGATTCCGTTTTA,1,1758088
gyrAp,2.0,1,0,CGGTTCGCAGGATTCGCTTA,1,1762601
gyrAp,2.0,1,0,CGGTCCGCTTAAACAGTAAG,1,1770451
gyrAp,2.0,1,0,CGGAGATGTAGGATCGGGCA,1,1754981
gyrAp,2.0,1,0,CGCGTCAGGGCATCGCCCCT,1,1756480
gyrAp,2.0,1,0,CGCGCCTGGCTACGTATCAA,1,1766043
gyrAp,2.0,1,0,CGCGAACAAGGACGAGATTA,1,1752966
gyrAp,2.0,1,0,CGCCGGACGCTACGTGTGCC,1,1764389
gyrAp,2.0,1,0,CGACATTTGAATCAAGTCTG,1,1745705
gyrAp,2.0,1,0,CGACAGGAGAGTGCTCAAGA,1,1747854
gyrAp,2.0,1,0,CCTCCATAGCACGAGTCACA,1,1743324
gyrAp,2.0,1,0,CCGGGATTTTATCGGTGTGA,1,1747192
gyrAp,2.0,1,0,CCCGTGCCAACTCGAGCTTA,1,1749696
gyrAp,2.0,1,0,CCCCTTGACTCGCACTTTTC,1,1769967
gyrAp,2.0,1,0,CCATTCCTAGATAGGGACAA,1,1770465
gyrAp,2.0,1,0,CCAAGTTTGATACTACTGGA,1,1743716
gyrAp,2.0,1,0,CATGTCGGGGCATCATGAAA,1,1745742
gyrAp,2.0,1,0,CATACAGGCACGTACTGCGT,1,1746326
gyrAp,2.0,1,0,CAGTGCCGGAGATACTAAGT,1,1744543
gyrAp,2.0,1,0,CAGGGTCCTAGGTCTCAACT,1,1743498
gyrAp,2.0,1,0,CAGGACCGCGGCGGAACCTA,1,1763062
gyrAp,2.0,1,0,CAGGACAAAAGCAATTTCTG,1,1754306
gyrAp,2.0,1,0,CAGAACGACAGTTGCTACAA,1,1744734
gyrAp,2.0,1,0,CAGAAAATGTCAGGTAGTAA,1,1753282
gyrAp,2.0,1,0,CACCGGTCTCATGACCATTG,1,1763153
gyrAp,2.0,1,0,CACCCCTGTGTCCGGTGACG,1,1767953
gyrAp,2.0,1,0,CACAACGTTATCGATGGACT,1,1762857
gyrAp,2.0,1,0,CAATGCACAGTGCAGCGACC,1,1765531
gyrAp,2.0,1,0,CAAGTCCGCGCCTAGGGACG,1,1747279
gyrAp,2.0,1,0,CAACGCTCTCCATTGGAATA,1,1752658
gyrAp,2.0,1,0,CAAACGTATGAGTATATTGA,1,1746384
gyrAp,2.0,1,0,CAAACATGTGAAGGTACTTG,1,1746582
gyrAp,2.0,1,0,ATTGTACATCATGTCCCGTG,1,1741652
gyrAp,2.0,1,0,ATTGATATTGTATTCTCCTA,1,1763142
gyrAp,2.0,1,0,ATTCCACATTGATCCTAGAT,1,1762271
gyrAp,2.0,1,0,ATGTTCTACCATTAGTGGCG,1,1745453
gyrAp,2.0,1,0,ATGCTTGCACGGGACCATAG,1,1764843
gyrAp,2.0,1,0,ATGCTTCTTTTCTCAGCCGC,1,1752384
gyrAp,2.0,1,0,ATGCCACCGGTCATTTTAAA,1,1754391
gyrAp,2.0,1,0,ATGATGTTCACGCGTGGTCC,1,1762329
gyrAp,2.0,1,0,ATCTGTAGGAAAAACGACGT,1,1748017
gyrAp,2.0,1,0,ATCAGAACGCGGACCCATGA,1,1757351
gyrAp,2.0,1,0,ATACCTGTTCGGGGACTGTG,1,1742019
gyrAp,2.0,1,0,ATACCCACCAGACGCTTACT,1,1746387
gyrAp,2.0,1,0,AGTGTTACCGACAAACTGCT,1,1745049
gyrAp,2.0,1,0,AGTGTCATGGATCCGACCCT,1,1750393
gyrAp,2.0,1,0,AGTGGCTGCTTGAGTCCTGT,1,1763407
gyrAp,2.0,1,0,AGTCAGGGGCCGTAACCTTC,1,1763945
gyrAp,2.0,1,0,AGGTTGTCGAGTACTGCGAG,1,1767553
gyrAp,2.0,1,0,AGGTGCTCGTCTATGTCACT,1,1744509
gyrAp,2.0,1,0,AGGGGTCACGCCGCGAAGTC,1,1749086
gyrAp,2.0,1,0,AGGGGGTGTTTCCGCCACTG,1,1770558
gyrAp,2.0,1,0,AGGCGCCGGGGACTGTTCCG,1,1767404
gyrAp,2.0,1,0,AGGATCTAAAGGCACAGAGG,1,1749597
gyrAp,2.0,1,0,AGGAGGGTGACTAGGAGCGG,1,1751189
gyrAp,2.0,1,0,AGGAATCTAACGAATTATAG,1,1765052
gyrAp,2.0,1,0,AGCATTCTTTCTTATCAGGA,1,1755355
gyrAp,2.0,1,0,AGCAATGCACGAGGACATTC,1,1754208
gyrAp,2.0,1,0,AGATAATCTTTAAGAGCGAC,1,1759288
gyrAp,2.0,1,0,AGAGGGCTCGCGTTCGGAAG,1,1770364
gyrAp,2.0,1,0,AGAGAGGATGCCTTTCGTTC,1,1765092
gyrAp,2.0,1,0,AGACGGTTGGAAACCCGGAC,1,1742679
gyrAp,2.0,1,0,AGAATAGAGGGCGACGGGTT,1,1768171
gyrAp,2.0,1,0,AGAACTGGGTCTTACGGTCC,1,1766061
gyrAp,2.0,1,0,ACTCGGGATCAATGCCAGAG,1,1768265
gyrAp,2.0,1,0,ACGGTAACTGTCAAAGCATT,1,1754868
gyrAp,2.0,1,0,ACGCATAGGGAGAAAGTAAG,1,1753288
gyrAp,2.0,1,0,ACGACGATTGGATAGTCATC,1,1768102
gyrAp,2.0,1,0,ACCCGCAGGCGGCTTTACTT,1,1764912
gyrAp,2.0,1,0,ACCCCAGTTAGTTCTCAGGT,1,1743401
gyrAp,2.0,1,0,ACAGTGGTTCTCGCTGCCTC,1,1762420
gyrAp,2.0,1,0,ACAGGGGGTTGGTTGTGAGC,1,1757612
gyrAp,2.0,1,0,ACAGGATTGGTCCATGATGA,1,1759308
gyrAp,2.0,1,0,ACACCACGGCTAGGGATTAT,1,1751250
gyrAp,2.0,1,0,ACAAATTACTCAAGGCGATT,1,1747046
gyrAp,2.0,1,0,AATTTCCCCCTACATAGTCA,1,1757637
gyrAp,2.0,1,0,AATTGTAAGTCCATGTTGGT,1,1749348
gyrAp,2.0,1,0,AATTAAGGTACTCATTATAA,1,1760544
gyrAp,2.0,1,0,AATGCCACTTATACTACAAG,1,1746958
gyrAp,2.0,1,0,AATATCGCTGGATGACCAGG,1,1746591
gyrAp,2.0,1,0,AAGTCAGTTATAACTGGGAT,1,1761248
gyrAp,2.0,1,0,AAGGGGTTAGCCGTCCTTCC,1,1769888
gyrAp,2.0,1,0,AAGCAGACGGCTCCACGAAG,1,1760698
gyrAp,2.0,1,0,AACTGCGAATGTCTGAGTAA,1,1762733
gyrAp,2.0,1,0,AACGAAATCCCTTTCTCCAG,1,1768841
gyrAp,2.0,1,0,AACCGTACCCTTACAGTATC,1,1760596
gyrAp,2.0,1,0,AACCCTCACATACACCTCGT,1,1750202
gyrAp,2.0,1,0,AACACAGACTGAAGCGGTTA,1,1769048
gyrAp,2.0,1,0,AAACACTGATACTTCCCTCT,1,1761439
