name,relative_counts,ct,ct_0,barcode,ct_1,barcode_ind
ecnBp,10.460674157303371,1018,88,CTTGCTGATCAACCATCCTC,930,1007261
ecnBp,153.0,306,1,TGGATGCATTCTGGCTAAAA,305,1025519
ecnBp,137.5,275,1,AACGAAGTGTTATAGCCGAT,274,1007555
ecnBp,32.875,269,7,CTTTCTCTGTAACTAAACCT,262,975544
ecnBp,30.625,251,7,CGAATGTCAGACTTGATTCA,244,1017081
ecnBp,46.4,235,4,CTCGGAACAGTTCAAGAGCA,231,988937
ecnBp,38.166666666666664,233,5,TTACACGTCGGCTAACGTAG,228,1027910
ecnBp,24.333333333333332,226,8,TCCTGACACTAGCATGGGTT,218,971987
ecnBp,105.0,210,1,TCCTTCTCGTTTGGCTCTTG,209,980123
ecnBp,10.0,229,20,ATCGGAAGGTTTCGGGTCGC,209,1017202
ecnBp,101.5,203,1,TTCCCGCACTGGCGAGTCTT,202,1018572
ecnBp,99.0,198,1,ATTCCTCTGCGTCCCTTGTG,197,1001247
ecnBp,39.2,199,4,CTTCATTTTCCCAGCCGTGA,195,974283
ecnBp,64.33333333333333,194,2,GCCATTGGGTACCTACATAG,192,1024901
ecnBp,17.181818181818183,198,10,CGGGCTGGCAGATACTAGAC,188,990958
ecnBp,87.5,175,1,CCAATATTCGTTCACGTTTC,174,1026010
ecnBp,81.0,162,1,AGTAACACAGCCTTCCCAAA,161,1014195
ecnBp,14.636363636363637,170,10,GCTTATACACTGGCTGCCTC,160,972395
ecnBp,22.857142857142858,165,6,GTTCATCCTTCGGGTCTTTA,159,990060
ecnBp,40.0,162,3,CTCGATAACGCGGAGCTCTA,159,991900
ecnBp,79.5,159,1,GGATTCGTCCCAACCATTGA,158,972400
ecnBp,22.0,159,6,CGAGTCGTTCCTTTGAACCT,153,1010593
ecnBp,30.6,156,4,TCCACTCACTATTTCCGCGT,152,975592
ecnBp,16.444444444444443,155,8,CCCCTTCCACACTCTTGCCA,147,989067
ecnBp,21.0,152,6,AACCAAGACCGGTATTCCCC,146,974388
ecnBp,73.0,146,1,GCACACCGTCAAAGGGATTC,145,997391
ecnBp,72.0,144,1,TAATGACTCGGTCTTTTGAT,143,1019131
ecnBp,23.166666666666668,143,5,TCGCGTAGACTACGAGTACA,138,1004080
ecnBp,46.0,139,2,AGTTCGTCACTTGCTCATAA,137,994783
ecnBp,17.125,143,7,CCGGTAGTCTAAGTTAGCCA,136,1008016
ecnBp,13.5,143,9,TCCAAACCGCTCAAGGCAGT,134,990594
ecnBp,44.333333333333336,134,2,GTGATGGCATATAGGAACAG,132,1023108
ecnBp,44.333333333333336,134,2,GCTCAGCCCGCCATAATTAG,132,977919
ecnBp,32.5,132,3,GATCTGTGCTCGCGGGGTAA,129,1004827
ecnBp,25.8,132,4,ATCGCTCAATGGGGTCTGTA,128,1015910
ecnBp,63.5,127,1,GCGCGTGTTAAGCTATCAAC,126,972341
ecnBp,31.5,128,3,TCATGAGGGGCTGCTCCCCA,125,1019277
ecnBp,41.666666666666664,126,2,TCGATTGAGGTCGCTGGTTT,124,996375
ecnBp,25.0,128,4,GACGGAGCAGGTGGTGTCAC,124,1001260
ecnBp,20.333333333333332,126,5,CTTAAGTGCAGATAAGTGAA,121,1025648
ecnBp,7.176470588235294,137,16,AAGGACAATCTAACGCTATT,121,987991
ecnBp,40.333333333333336,122,2,GTTTTCCCTGACTGCTTTGC,120,1018108
ecnBp,6.315789473684211,137,18,GGGTAAGGCAAGTGGGTTTG,119,986142
ecnBp,39.666666666666664,120,2,GTCGTGTAATTCTTTGGTCG,118,985037
ecnBp,29.75,121,3,AGGAACCGTTCCTGCTAGAT,118,992273
ecnBp,23.6,121,4,TATTTCAGAGTCTGCTCCGT,117,1004843
ecnBp,22.6,116,4,CGTGGTATCTCGGTCGAATC,112,1019762
ecnBp,27.5,112,3,CTCCTGGGTTAAGTAAAAAA,109,974005
ecnBp,13.75,116,7,AAATTCGCAGCTACTGCGTA,109,985627
ecnBp,11.777777777777779,113,8,TTCGACGTGGTAATACCAGG,105,977588
ecnBp,53.0,106,1,GAATACATCGCTAGGGCTGC,105,1020932
ecnBp,15.0,110,6,TATCAGTCTCCGTAATACCT,104,984583
ecnBp,17.333333333333332,108,5,TGGCAGGGCCGCATATATAC,103,1025566
ecnBp,34.666666666666664,105,2,AAGATTGGGTGTTCCCGAAA,103,996373
ecnBp,11.444444444444445,110,8,AGATGTCGCGCCCCTCCGTT,102,1014367
ecnBp,51.0,102,1,TGACACACACCAGTACGGTG,101,988951
ecnBp,34.0,103,2,CGCCTTGCGTCAAGCCGCAG,101,1015817
ecnBp,50.5,101,1,CTTGTTCAGGGGGTTCCAAC,100,1000524
ecnBp,14.285714285714286,105,6,AGTCAGTTTCGTGAACGCTA,99,1019502
ecnBp,19.8,102,4,CTGTGACGGTAACAGTCAGT,98,975917
ecnBp,49.5,99,1,CTGAATCTTGCTCAGCTCTT,98,1007172
ecnBp,49.5,99,1,AGTTTGACCTGTCCATATCT,98,1024505
ecnBp,24.75,101,3,ACGGCCTCGAGCCATAACAT,98,1008386
ecnBp,49.0,98,1,AACAAGATTGGTTCTTGCGA,97,1009748
ecnBp,10.777777777777779,104,8,TCTGTGATACGATTCTAGGC,96,1011070
ecnBp,19.4,100,4,TCGCCTTGATAGTATTTCCC,96,1002266
ecnBp,8.083333333333334,107,11,CCCATTAGGGATTACACGGT,96,973042
ecnBp,48.5,97,1,CCATGACTCGCACCTCCGGT,96,1018671
ecnBp,24.25,99,3,AATACATCGCGTGCATATCC,96,1017020
ecnBp,32.0,97,2,TGGCGGCTACCTTAAAGTGT,95,974437
ecnBp,48.0,96,1,GCTCAAAAAATACTCGCTCT,95,1020938
ecnBp,24.0,98,3,GCAACGTGCTGGTGGTGTTT,95,1017366
ecnBp,19.2,99,4,CTCTTACGTCGGAACGCTAT,95,980985
ecnBp,13.714285714285714,101,6,CGTTACAAGCCGAATCGCTA,95,1019413
ecnBp,48.0,96,1,AACAACACTCGCCCAGCTAT,95,979840
ecnBp,47.0,94,1,GTTTACCTGTGGTCTATGTT,93,989497
ecnBp,31.333333333333332,95,2,CTTTGCTGGGTATGGCGGAT,93,996067
ecnBp,47.0,94,1,CTTATCGATACGGATCAGAT,93,978176
ecnBp,47.0,94,1,CAGCGTCGTATGAGTGACCC,93,1018586
ecnBp,31.0,94,2,TTACGAGCATGTAATGACGG,92,984029
ecnBp,23.25,95,3,GAACAACTGTTTAAAGCAGA,92,1010427
ecnBp,31.0,94,2,ATTCACATGGGTAGTCTATA,92,994576
ecnBp,46.5,93,1,ATTAGCCGTGGGTGCGGTAG,92,985943
ecnBp,46.5,93,1,AAAAACGAGGTTGTTCTTTA,92,986843
ecnBp,46.0,92,1,GGTGTCGTTTTCCCACATAA,91,1026162
ecnBp,46.0,92,1,AGATTACAACTCAAGTAAAT,91,984450
ecnBp,15.166666666666666,95,5,ACTTACCGGGGTAGCATTAT,90,1018611
ecnBp,45.0,90,1,TCAACGAAACAATGGCGAAC,89,1000768
ecnBp,17.8,92,4,TTAAGCCGGCCATTTCGTTG,88,977407
ecnBp,22.25,91,3,TGTTAAAAGCTTTGGCCGCA,88,986930
ecnBp,12.714285714285714,94,6,GTAACACTCGAAATGTCTTG,88,981164
ecnBp,29.666666666666668,90,2,GGTAACACGGTGCGGCCGTT,88,1026002
ecnBp,22.25,91,3,GCCGACGTTAGAAAGCGTGT,88,1010156
ecnBp,14.833333333333334,93,5,CTCAGAGTACTGTCGGGGCA,88,983707
ecnBp,44.5,89,1,CACCAGTGCTTTTATGCTTG,88,1001300
ecnBp,22.25,91,3,ACGTTGGGCCTACCATTCCT,88,1017120
ecnBp,29.333333333333332,89,2,TCAATTCGAGGGTCCTACGT,87,995177
ecnBp,44.0,88,1,GCTTTCCCGATCCTTACCCA,87,982817
ecnBp,44.0,88,1,GAGAGGGACGAAGAAAACCT,87,990406
ecnBp,17.6,91,4,CTGGTTTCCGAGCAGGCCCC,87,1005755
ecnBp,22.0,90,3,AGGTGCTGGGCTCTTTTGCC,87,976339
ecnBp,29.0,88,2,GTTTGGTGCCCTAGTACCAT,86,1006321
ecnBp,29.0,88,2,CACTTAATATCCAGGAAGGC,86,1027220
ecnBp,28.666666666666668,87,2,TTGCCTAATCGTCTTGCGAC,85,976821
ecnBp,43.0,86,1,TCGCGTTAAGTACGATACAC,85,1014666
ecnBp,17.2,89,4,GTACTATAAACCAGTAACGT,85,973671
ecnBp,28.666666666666668,87,2,AGATATCTAAAAGGACCCAT,85,981491
ecnBp,43.0,86,1,ACCATTAAAGGATGTGTGAC,85,1002733
ecnBp,5.666666666666667,98,14,GAGGTACCCCGCTCACCCAG,84,998206
ecnBp,28.0,85,2,TGGTGAGGACGGCTATTCGT,83,979982
ecnBp,28.0,85,2,GTAGTGTACCATCAGACTTA,83,977841
ecnBp,42.0,84,1,GCTGGTGGCAGTTCGTTACC,83,989328
ecnBp,42.0,84,1,GATCGCTAGCCTCAGAGGAC,83,1019950
ecnBp,28.0,85,2,CTTCGTGCTGACTATTAGGA,83,1021788
ecnBp,14.0,88,5,CCTTATATGGGGACTTTCCC,83,982793
ecnBp,42.0,84,1,ATCGACGTTGTGGGATACCT,83,1011182
ecnBp,42.0,84,1,AAAGTTAAGAGCGGAACCGC,83,989255
ecnBp,16.6,86,4,CCCCAGTTCGTTCACGGGGA,82,1004079
ecnBp,41.5,83,1,CCACCAAAGCCAGACACGAA,82,1015938
ecnBp,10.375,89,7,AGCGACGTCCTGATGGAGTG,82,985440
ecnBp,9.11111111111111,89,8,GCTATAGTGTAGCTATACTG,81,1024738
ecnBp,13.666666666666666,86,5,CTCACAGTTCGTAATAGGGT,81,994131
ecnBp,20.5,84,3,CATACACGTATGCGTCGATT,81,1005061
ecnBp,13.666666666666666,86,5,ATACAACCTTCCTAGAGCCT,81,1022196
ecnBp,27.333333333333332,83,2,ACTACTGAACACGGAATAAG,81,1017430
ecnBp,13.5,85,5,GGACGTCCGCCGCCTACAAT,80,1017238
ecnBp,13.5,85,5,CTCTCGCCCGGATATCTGGA,80,1024613
ecnBp,27.0,82,2,CGTCGGTAACTAAGGTCATT,80,1010995
ecnBp,13.5,85,5,CGAATAGACAGACTTTTGAG,80,989798
ecnBp,40.5,81,1,ACCCTCCACGGCCTTGAGTG,80,987507
ecnBp,10.0,86,7,GCCGCCACTAGGCGCTCTCA,79,997874
ecnBp,13.166666666666666,83,5,TAGGGTAATCACACATGTTT,78,973893
ecnBp,39.5,79,1,TAATAGGTTAACTGATGTTC,78,1006957
ecnBp,13.166666666666666,83,5,GCGGTGTACAGACTCATAAA,78,995150
ecnBp,39.5,79,1,CTCCAAGCGTTGAAATGTTA,78,972556
ecnBp,15.8,82,4,CAATAAGCGCAGTGGTTTGT,78,1004727
ecnBp,15.6,81,4,CAAATTACGGGCATGCAGTA,77,978165
ecnBp,19.25,79,3,TCGGCTAGGAACGTCCGGTT,76,982835
ecnBp,8.555555555555555,84,8,TCCGCCATTAGCATTAATGC,76,991227
ecnBp,38.5,77,1,GTGATTCGGCCTGGACGCTC,76,1020575
ecnBp,25.666666666666668,78,2,GGCCCATGCCATCTCCAAGA,76,972342
ecnBp,38.5,77,1,GCGGGGAGGCCTCGGTCCTG,76,1022071
ecnBp,15.4,80,4,GATCGCCTTGGTACTTAGTA,76,985018
ecnBp,6.416666666666667,87,11,CTGACCACGTCGCCATCAGG,76,1002710
ecnBp,25.666666666666668,78,2,CGAATTGCCGTCACTGCACA,76,1011057
ecnBp,38.0,76,1,TCGCTCCGGACCCTGAAATG,75,975262
ecnBp,38.0,76,1,TACGATACTCAATGCGAGGT,75,1020941
ecnBp,25.333333333333332,77,2,GCCACAGAGTGCTCGAAGTG,75,982142
ecnBp,38.0,76,1,ATTTTTCCCTGCAGCAATAC,75,1001800
ecnBp,15.0,78,4,TCACTCGAATAACTTCGATC,74,1011490
ecnBp,12.5,79,5,CGTCACAGTGCCAGCGGGGA,74,1010126
ecnBp,10.714285714285714,80,6,CGCCCTTTCGAGACTTCAGA,74,988352
ecnBp,9.25,80,7,TGCCGAGGCTTTCGGCGAAG,73,979403
ecnBp,12.333333333333334,78,5,TCCTTTACCGGCATAGCACG,73,1017497
ecnBp,10.571428571428571,79,6,GCCGCTAGGAGAGCTACTGT,73,981087
ecnBp,37.0,74,1,GCAGATGGGGCGATGCAAAC,73,1007392
ecnBp,10.428571428571429,78,6,TCTATGCTGTTGTTACAGGT,72,1000057
ecnBp,14.6,76,4,TCCGTTATCAGCCATATTTA,72,1003430
ecnBp,8.11111111111111,80,8,TAGACATTACGCGACTGCGC,72,1015898
ecnBp,24.333333333333332,74,2,TACTTGGCAGTCCTGCTAGC,72,985624
ecnBp,18.25,75,3,GACAATTGTACTAAGAACAC,72,1016227
ecnBp,14.6,76,4,GAATATATGCTGAGGAAGAC,72,1014687
ecnBp,36.5,73,1,CTGCCGGACCTTACGACCAA,72,1022733
ecnBp,14.6,76,4,CACAGCACCGGCATTTTTGG,72,1010404
ecnBp,7.3,81,9,AGCTCGGAGACCGGAGGACC,72,1000373
ecnBp,36.5,73,1,ACCGATCGCGGTAGTCTGCA,72,976512
ecnBp,6.545454545454546,81,10,TTTCGTGCCTACGGATTTGC,71,975081
ecnBp,10.285714285714286,77,6,TGACCGTAATCGGGTTAAAT,71,986963
ecnBp,14.4,75,4,TGAACTCCTGACATATGGGC,71,1007201
ecnBp,24.0,73,2,TACGCGTGCCAGGCTTTGGC,71,1015903
ecnBp,24.0,73,2,ATGAGACCAGACTTTGCTAG,71,979521
ecnBp,7.2,80,9,AGTCTTTCCTCATCGTCCTT,71,973495
ecnBp,24.0,73,2,AGGCTTCATGCGAGTTGCTA,71,986659
ecnBp,11.833333333333334,75,5,TACCACAGCTTCCGGGACTT,70,1021001
ecnBp,23.666666666666668,72,2,CGGGACTGTGGCAGATGGGA,70,1011373
ecnBp,35.5,71,1,ATCTCTCGTCCTTAGTTCAG,70,991147
ecnBp,35.5,71,1,ATCGGTCACAATAGAGACTC,70,984772
ecnBp,23.333333333333332,71,2,TTCCTTAGACGAGCCTTGCA,69,985856
ecnBp,35.0,70,1,TGAGGTGGTGATCAGTGTCT,69,1021107
ecnBp,11.666666666666666,74,5,GCAGTTCTTACGGTTTAGGC,69,981756
ecnBp,23.333333333333332,71,2,CTTCGTATGAGTAACGCGCC,69,1022418
ecnBp,35.0,70,1,AGGGTCGCTAAGACCAGGGA,69,1000703
ecnBp,35.0,70,1,AATTTCCCTGGTCGCATTAG,69,989818
ecnBp,23.0,70,2,TTTCCACCGTTATATCCCAG,68,1005658
ecnBp,34.5,69,1,TATATTAACCTTCTCAAGCT,68,1014321
ecnBp,34.5,69,1,CCCGACACGGACGTTCCCCC,68,986870
ecnBp,17.25,71,3,ATTTGGTTAGAAGAGCCCTA,68,992477
ecnBp,23.0,70,2,ATGACAACCTGGATGCCAAA,68,1019609
ecnBp,23.0,70,2,ATATGACGACGAGGTTTGGT,68,1003516
ecnBp,34.5,69,1,AGTTCCCAGGCAGATAGACA,68,998008
ecnBp,17.0,70,3,TTCGGGCAAGTAAGCGTTGC,67,1004731
ecnBp,34.0,68,1,TCGATCTCGTGGTCGTTCAA,67,973327
ecnBp,34.0,68,1,AGTATGGGCCTGTGACTGCG,67,1000763
ecnBp,17.0,70,3,AAATCACGCCGACGCTCACC,67,1003940
ecnBp,22.333333333333332,68,2,TTACTAAAAACACGGTAGCT,66,980196
ecnBp,33.5,67,1,TCCGGTGCCCCCAGGATGAG,66,1027434
ecnBp,22.333333333333332,68,2,TCATTAGTATACACAGCCGT,66,977239
ecnBp,16.75,69,3,GATGCGGATGATATGTGATG,66,974806
ecnBp,22.333333333333332,68,2,CTTACTGGACCAGCATCTGA,66,980184
ecnBp,33.5,67,1,CTAATAAACCTGCCATGAGT,66,981222
ecnBp,33.5,67,1,CGGACAGCTCTGGGCTCGTC,66,1024300
ecnBp,9.571428571428571,72,6,CACACTACGCGTACCTTATG,66,972918
ecnBp,33.5,67,1,AGTTTGCCGGTCATGGTTAT,66,981957
ecnBp,16.75,69,3,AGGATGCACCGGTCCCTTGC,66,1008384
ecnBp,16.75,69,3,AGAAGTCACTGGGGCCCCGT,66,972506
ecnBp,13.4,70,4,ACGCCCGTGATGTAGGACGA,66,987604
ecnBp,11.0,70,5,TTGGCCGTAAATAAGCCGAA,65,974481
ecnBp,6.0,75,10,TTCAACCATCTCGTCAAGTG,65,998384
ecnBp,22.0,67,2,TCCCAACGGAGGGATGTAGT,65,1001194
ecnBp,16.5,68,3,GTGCGCATACCACAGCACTG,65,991095
ecnBp,13.2,69,4,GTAGCAACTTACGACTGCGA,65,1002061
ecnBp,11.0,70,5,GGTGAATCAAACTCTTTTGG,65,1017835
ecnBp,6.6,74,9,GGATCATCATCGACCAAGAT,65,972288
ecnBp,16.5,68,3,GGAAAATTTAAAGTTTTACT,65,1023593
ecnBp,16.5,68,3,CGATTAGCCAATTTTCGCAA,65,1012755
ecnBp,22.0,67,2,AGAGAATCAGGAATCCCGTA,65,981438
ecnBp,11.0,70,5,ACCAACTGTTTAACTCAGAG,65,988234
ecnBp,22.0,67,2,ACATCCGATTCAAGGTCCTT,65,1007830
ecnBp,13.2,69,4,AAACAGGCCATAGGGTTAGT,65,980006
ecnBp,16.25,67,3,TGGCACTTAACCCGTGCCCA,64,1019938
ecnBp,32.5,65,1,TCGAGCCTGGTATACGAAGA,64,1019444
ecnBp,10.833333333333334,69,5,ATCACTCATGGGGATCGAAT,64,987732
ecnBp,21.333333333333332,65,2,TCCTATCTGGGGCCAACGAC,63,1011816
ecnBp,12.8,67,4,TATTGCAGACACGATTTCAT,63,993641
ecnBp,21.333333333333332,65,2,TATTCAGAGTAACATGATAT,63,984519
ecnBp,10.666666666666666,68,5,GTAGGGTAGAAACCCGAGTT,63,996328
ecnBp,7.111111111111111,71,8,GTAGAGATTCAACAATGGAT,63,1000808
ecnBp,12.8,67,4,GCTCCGGGAACGGCTTAGGT,63,985494
ecnBp,21.333333333333332,65,2,GCGCTATTTCCGGGCAGGCA,63,984576
ecnBp,21.333333333333332,65,2,CTATGTGGATGCGCGGACAA,63,977162
ecnBp,9.142857142857142,69,6,CCCATCTATGGCCCTACGCA,63,990137
ecnBp,21.333333333333332,65,2,CAAACGAGGTAATCCATCCC,63,1025801
ecnBp,21.333333333333332,65,2,ATGAATTTTCGTCCGAGAAG,63,1008571
ecnBp,21.0,64,2,TTATTGTCGTCCGGCACTTG,62,1023709
ecnBp,15.75,65,3,GTTTGGGGCATCACCTCGAC,62,1008344
ecnBp,31.5,63,1,GAAGCGCAACGGCCCTCTAC,62,987951
ecnBp,31.5,63,1,CTCCAAAAATAGGTGACCGT,62,1010081
ecnBp,31.5,63,1,CGGAGTGAGCCCTCAAATGT,62,998400
ecnBp,31.5,63,1,CGCGCATTGGGCCAGTTGAT,62,1012915
ecnBp,12.6,66,4,CCCCCTGGACGGGCGTGGTT,62,1019660
ecnBp,15.5,64,3,TTGACGGCCTCCCAGCACGT,61,973806
ecnBp,31.0,62,1,TCCCACGCCAATGCCTACAT,61,988427
ecnBp,31.0,62,1,TAGGGCGTTTGATGAATGAC,61,1020431
ecnBp,20.666666666666668,63,2,TACGGAGAAAGCTGTGCGAA,61,972558
ecnBp,31.0,62,1,GCCTTCCGGAATTCATGGCC,61,992792
ecnBp,12.4,65,4,ATGCAGGGCGCTAGTTCAGA,61,1014900
ecnBp,30.5,61,1,TAACCTTAGTTTCCACCGCA,60,972402
ecnBp,20.333333333333332,62,2,GTTTCGGCGGAGCTACTGCC,60,981821
ecnBp,30.5,61,1,GTCGGAGGAACGCCATAGCA,60,974791
ecnBp,30.5,61,1,CTTCTTCAGTTGCTCAACCT,60,997590
ecnBp,20.333333333333332,62,2,CTCCACGGACACCTACCGAT,60,1022611
ecnBp,15.25,63,3,ATAGGTTCACTCCACAAGCC,60,1006481
ecnBp,20.333333333333332,62,2,AATGGGAACCCGTGGCCAGA,60,990589
ecnBp,30.5,61,1,AAACCATCAGACAGTAATGG,60,996002
ecnBp,20.0,61,2,TGTTTGGGTAACAGGAGACA,59,1015752
ecnBp,10.0,64,5,TCTTCTTCTCCCACGGGAGA,59,979471
ecnBp,10.0,64,5,GTGGCGTATAGCTACGACCA,59,988542
ecnBp,30.0,60,1,GGTCTTCCTAACACGGCATT,59,1001786
ecnBp,12.0,63,4,GCTCAAGGATTTATGCACTT,59,981375
ecnBp,15.0,62,3,GCGTCCGGTTTTTACCCGAC,59,986917
ecnBp,12.0,63,4,GATCAGTCGTTGAAGGAATC,59,1000172
ecnBp,19.666666666666668,60,2,GTGCAGGTATGGAAATAATA,58,986292
ecnBp,9.833333333333334,63,5,GTGAGGTTCTCCTTGATAAG,58,976185
ecnBp,14.75,61,3,GTCAACAGGGCATGATACCT,58,1028022
ecnBp,11.8,62,4,CTTTTTGTGTAAAGGTCTCC,58,972352
ecnBp,11.8,62,4,CTTTGCTAAGGTGATGTCCA,58,1015289
ecnBp,14.75,61,3,CGTGACCTGATGGCGTGACG,58,979930
ecnBp,11.8,62,4,CATACCGCCCAAAATTGAGG,58,998930
ecnBp,29.5,59,1,CAATGGAGGATCTGACATCG,58,984120
ecnBp,29.5,59,1,ATACGGCAAATGAGTTGATC,58,978724
ecnBp,19.666666666666668,60,2,ACCAACGAGATGCTGCGGTA,58,985529
ecnBp,19.333333333333332,59,2,TCTCTTGGGTTTCGGATGTA,57,976156
ecnBp,11.6,61,4,CTTTGTAATTGCCTCGTTTT,57,983085
ecnBp,29.0,58,1,CCACAACCCCGTATTACCCT,57,1009756
ecnBp,19.333333333333332,59,2,ATGCACGTGTTCGGGGTCTA,57,993425
ecnBp,28.5,57,1,TTCCTTAGGTGTATTCCTTA,56,1020165
ecnBp,28.5,57,1,TGTTACGTGCTCGTTTTCGA,56,1011201
ecnBp,28.5,57,1,TGGAGCATACACGAGACGGA,56,1016502
ecnBp,19.0,58,2,TGACAGTGTATTTTTCGCAG,56,994058
ecnBp,28.5,57,1,TCCCTTAATCCGGATGATAA,56,1019495
ecnBp,5.7,65,9,TAAAGACTATCTCGGTGTGT,56,975403
ecnBp,28.5,57,1,GTGCTGGCTAAAGAAAAACA,56,1014110
ecnBp,19.0,58,2,GTGATGGCGGGGGTTTAGGT,56,984594
ecnBp,28.5,57,1,GGACCCGAGATCCTGACCCT,56,1017753
ecnBp,11.4,60,4,CTTACCCTGATACTGAACCA,56,980801
ecnBp,9.5,61,5,CTGCATTCAGGAATGATGAT,56,977999
ecnBp,8.142857142857142,62,6,CGTCAACGACCTCCATAGTA,56,987594
ecnBp,28.5,57,1,CAGTTTACAAACAAAATAGA,56,1023979
ecnBp,8.142857142857142,62,6,CACCTTCGGTCTTTCCAGAC,56,1022810
ecnBp,14.0,58,3,TATATCCTTAGTACAATCAT,55,1024833
ecnBp,14.0,58,3,CCTTCCAGTCCTTGGAACAT,55,994780
ecnBp,28.0,56,1,CCATCGGCGATATTACCAGT,55,987548
ecnBp,9.333333333333334,60,5,AGCTCGACATGGGCAATATG,55,979845
ecnBp,28.0,56,1,ACAAATTCGCCAAGAAATTG,55,979065
ecnBp,27.5,55,1,GGTATACAAGTTCCCGAACT,54,1022060
ecnBp,18.333333333333332,56,2,GCTTTGATCGATAGCCATCT,54,1011096
ecnBp,27.5,55,1,GCCAACCTCGCATCACTTTT,54,1027578
ecnBp,27.5,55,1,CGGTTGTTCTATGTAGCGCC,54,989966
ecnBp,6.111111111111111,62,8,AGGCGCCCGATCTGTTTCCT,54,986522
ecnBp,27.5,55,1,AGCCGGCCGGGCCTCTGAGG,54,985129
ecnBp,6.75,60,7,TTCGGGCTTGGACCGCCTAA,53,989579
ecnBp,6.75,60,7,TCGTGTTGCGGAGAGGCGCA,53,1026914
ecnBp,9.0,58,5,TCGGCCCTTCGGGTACCCGT,53,991319
ecnBp,13.5,56,3,TAGCATCTGCATGGTGGCGG,53,996066
ecnBp,6.0,61,8,TACTGGTCAGCAATAAACGT,53,1014647
ecnBp,27.0,54,1,GGAACCGGCGATCTGACGAA,53,1000635
ecnBp,18.0,55,2,GAACCGTCGGAGCTAAAGTG,53,991762
ecnBp,18.0,55,2,CGCTGCGTAACGCTTGGCCG,53,990599
ecnBp,10.8,57,4,ATTGGCCCTACGAGTAACTA,53,982144
ecnBp,18.0,55,2,ATTGCTAACGGATCGTTTTA,53,988549
ecnBp,27.0,54,1,ATGATACGGTCCAGTGGCTT,53,1014370
ecnBp,27.0,54,1,AGCTTTACGTCTAGCTGCGG,53,1020087
ecnBp,18.0,55,2,ACTTCGGCTTCCACGTAGGG,53,973061
ecnBp,9.0,58,5,AAGGATTTGCTAGCTTAACA,53,1002625
ecnBp,27.0,54,1,AAATGATACCAGTCTCTGTA,53,1003021
ecnBp,13.25,55,3,TGGGGTTTACGTGGCAAGAT,52,1022236
ecnBp,17.666666666666668,54,2,TGAATGCCCGCAGTCGTTTG,52,996382
ecnBp,6.625,59,7,TAGGACTCCCGTGATTTTTC,52,973448
ecnBp,17.666666666666668,54,2,GTCGAAGATAGTTTTGTAAG,52,992740
ecnBp,10.6,56,4,GGCATTGAACAGACAAGTCT,52,1020259
ecnBp,10.6,56,4,GGATAATCTCCTGTTATGAC,52,1014744
ecnBp,17.666666666666668,54,2,GCGACTGTCATGGTTTGATG,52,1000073
ecnBp,26.5,53,1,GACGCCTTGTTCGGGTAGCT,52,984089
ecnBp,26.5,53,1,CTTTCTCCTGTATAAATAGT,52,988510
ecnBp,26.5,53,1,CTGGCGCTGAAGTAATACTT,52,1010807
ecnBp,26.5,53,1,CTGCCTGTACGGCTTGGCGT,52,1003823
ecnBp,17.666666666666668,54,2,CCGGAACTCACCATCGTCCT,52,979087
ecnBp,26.5,53,1,CCATCTTTTCACGCTGTGAA,52,1006322
ecnBp,26.5,53,1,CCAGCGGCACGCAGCCCTTG,52,1009593
ecnBp,26.5,53,1,CCAATGATGGGCGTATAGGT,52,1006962
ecnBp,26.5,53,1,CAAACGTATATGGCTCAGTG,52,1023634
ecnBp,6.625,59,7,ATGCAAAGCCAATGAGAATC,52,973779
ecnBp,13.25,55,3,AGGAGTTAAACCGGTTCGCA,52,1005480
ecnBp,13.25,55,3,AGACATTTGCATAAACTCCT,52,985867
ecnBp,17.666666666666668,54,2,AATCGCAATTTAGCGGTGTT,52,1009556
ecnBp,26.5,53,1,AAGCGGAGAATCCGGGCACC,52,1024743
ecnBp,5.3,61,9,AAAGGTCGTGGCGCCGAAAT,52,986101
ecnBp,17.333333333333332,53,2,TCGGGATAGGGTTTTGGATT,51,993337
ecnBp,13.0,54,3,TACCCGATAGAGGATCGTTC,51,981458
ecnBp,26.0,52,1,TACAGTAAGGCTTAATTCGT,51,1008606
ecnBp,8.666666666666666,56,5,GTAACACGGATAGTCTATCA,51,1017624
ecnBp,26.0,52,1,GGGCTGAATCTTTGTAGGTG,51,981456
ecnBp,26.0,52,1,GCCAGGCCGGCGGGGTTTCC,51,1024542
ecnBp,17.333333333333332,53,2,GACAGGGAGTCAGGCGTGTC,51,1011864
ecnBp,26.0,52,1,GACAGCTTACTGATCTCCTG,51,999631
ecnBp,26.0,52,1,GAATCCTCTAACCCAGTGGG,51,972736
ecnBp,4.333333333333333,62,11,CCTTGCGTATACCATGCAGT,51,996098
ecnBp,7.428571428571429,57,6,CCATTGGGGTCTAGTCACTC,51,987059
ecnBp,26.0,52,1,CACCTGGTTGGCGGTCAACT,51,979517
ecnBp,17.333333333333332,53,2,ATATGTTCTCAATATGTAAA,51,985416
ecnBp,26.0,52,1,AGTTTCACACGGACGCCGAC,51,1024098
ecnBp,26.0,52,1,AGGTGATTCTCACCAGTTTT,51,1005872
ecnBp,26.0,52,1,AGAGTCAGAAGCTGGGCTAA,51,996459
ecnBp,26.0,52,1,AATAATCAGATTCTTACTCG,51,1001748
ecnBp,5.666666666666667,58,8,TCGGCCCATCTCTGCTCAAC,50,987348
ecnBp,25.5,51,1,TCCCCCAACTGCGTTCTTAC,50,1019796
ecnBp,10.2,54,4,TATTACCGTCGATAGCTGAA,50,1007663
ecnBp,25.5,51,1,TACAGTGGGTCGGGATGCGT,50,999174
ecnBp,25.5,51,1,GTTCTTCCTAAGATAGAATC,50,990039
ecnBp,17.0,52,2,GTTCAAGAGCCACTTGCATA,50,1004287
ecnBp,25.5,51,1,GTCTCTGCTAAAACGTATTA,50,995936
ecnBp,25.5,51,1,GTCAGCCGGACAACGAACAT,50,973372
ecnBp,6.375,57,7,GTCAATCGCACGTAGCATGG,50,1009975
ecnBp,12.75,53,3,GGGGGGCCTGCAGCTTCCGA,50,1013744
ecnBp,25.5,51,1,GGCTTGGAACAAGCATGGAC,50,974726
ecnBp,4.636363636363637,60,10,GGCCTCTTGTACATTTAGGT,50,1005435
ecnBp,17.0,52,2,GGCCACTATATCATTCAGAG,50,986997
ecnBp,25.5,51,1,GATCCTAGGAATTATACTCT,50,989921
ecnBp,5.1,59,9,CTTAGACCTCCAGAACATAT,50,992422
ecnBp,10.2,54,4,CTCAGTGTTTGCCAGTGAAA,50,992125
ecnBp,17.0,52,2,CCGGGTGAAATTGTTAGAGG,50,973213
ecnBp,25.5,51,1,CAAGCCTTAATGTGGCTACA,50,994860
ecnBp,25.5,51,1,ACTTTTACCATAGTAACTTA,50,998942
ecnBp,25.5,51,1,ACGCACTGGGCTCGCATGAT,50,1008832
ecnBp,12.75,53,3,ACGAAATGCATCAAGCCCCT,50,979278
ecnBp,10.2,54,4,ACCGAAGCAGTTGCATGTGG,50,995643
ecnBp,8.333333333333334,54,5,TTAAGCAACGCGGATGACCA,49,974192
ecnBp,25.0,50,1,TTAAAGCCGGCCCGAGCTGA,49,1025650
ecnBp,25.0,50,1,TCCAATTAAAGACCTATGCC,49,982915
ecnBp,16.666666666666668,51,2,TCCAAAAAATATGGTTCAAC,49,983597
ecnBp,6.25,56,7,GTCCAAGAGACGCCTGGGAG,49,989413
ecnBp,12.5,52,3,CTGGGGGCCAGGTGGCACTG,49,1014241
ecnBp,12.5,52,3,CTCATACACTGGTTCGAATT,49,980461
ecnBp,25.0,50,1,CCTCGGGCCGAAGCGATATA,49,984422
ecnBp,16.666666666666668,51,2,AGTTGAGCTTTCGTGTCCGG,49,1020934
ecnBp,16.666666666666668,51,2,AGGCGGGGCAAGGGGCCTTT,49,988509
ecnBp,12.5,52,3,AGCACGCTCCACTTTGATAG,49,998588
ecnBp,25.0,50,1,ACTTGATCATCTAGGCTGCA,49,1014813
ecnBp,25.0,50,1,AATGCCCTACGTACGTACAT,49,1020755
ecnBp,16.666666666666668,51,2,AATCCTCATGCTGGGCCTGA,49,1004881
ecnBp,12.25,51,3,TGCGTTGTTTAATAGCGAAT,48,1004317
ecnBp,16.333333333333332,50,2,TGATCATATCATCTTGGGAG,48,982778
ecnBp,24.5,49,1,TATCAACATAACAGAATCTT,48,993048
ecnBp,9.8,52,4,TATAACTTGAGTCTTAAGTC,48,973126
ecnBp,24.5,49,1,TACGTTTAGTGCGGCGTATT,48,1016023
ecnBp,12.25,51,3,TAAGTTAACCCCGGTTTCGA,48,1014700
ecnBp,16.333333333333332,50,2,TAAAGCGCACGCGGGCAGAC,48,1004200
ecnBp,24.5,49,1,CTACGCCTCCTCCTTGTGTG,48,974740
ecnBp,24.5,49,1,CGAAAGGGCATTCTTCGAGC,48,1023707
ecnBp,16.333333333333332,50,2,CAAGTCCCGGAAAGCTGCGC,48,984806
ecnBp,24.5,49,1,CAACATAGTTACTGCTATTC,48,974054
ecnBp,16.333333333333332,50,2,AGATGGCATCGCTGGCACTC,48,1021312
ecnBp,7.0,54,6,ACCAGGTCCCGTTAGTAGCA,48,1009814
ecnBp,24.5,49,1,AAAGACTGTCGGTTAGCGGG,48,985338
ecnBp,24.0,48,1,TTTGGTACCAAATACGATTA,47,986603
ecnBp,16.0,49,2,TTTGCCGGGGTACAGCGCCC,47,980811
ecnBp,24.0,48,1,TCTGGCAGTTCAAAGGGGCT,47,976632
ecnBp,24.0,48,1,GGCATCATTTTCGATGACTG,47,1011094
ecnBp,6.857142857142857,53,6,GCCGGTACACTCCAACATTT,47,991815
ecnBp,8.0,52,5,GACGACGCACTGGGTTATAG,47,1003915
ecnBp,9.6,51,4,CTTGTACTTGCGGTCTTCAC,47,999557
ecnBp,24.0,48,1,CTTGGCGTAATAGTGCTCAG,47,1008813
ecnBp,8.0,52,5,CTACGCCAAGTGGCCCAGCT,47,976024
ecnBp,16.0,49,2,CGGGGCAGTTATGTGTTTCT,47,998745
ecnBp,16.0,49,2,CGCTCTATCTTCTATGAGTC,47,993707
ecnBp,24.0,48,1,CCGTGAGCTTAGTCTCACTT,47,996012
ecnBp,24.0,48,1,CCCAGGTCCCCCGCTCTCCG,47,989741
ecnBp,16.0,49,2,CCAGCCTCCGTCAGGCCGGA,47,996180
ecnBp,24.0,48,1,CCAATCCGACCGCGTGGAAC,47,980133
ecnBp,24.0,48,1,CATCGGACAGTAAGCTGAAA,47,1016569
ecnBp,16.0,49,2,CATCCCGTCAATCCGCAACT,47,974058
ecnBp,24.0,48,1,CAGGGCGGGGGGGCACGGAA,47,973896
ecnBp,9.6,51,4,CACTATCCGATCTAGCAGTG,47,1022265
ecnBp,5.333333333333333,55,8,AGCGTGCAGAGTGGTGCTTT,47,991021
ecnBp,5.333333333333333,55,8,AATTGTTGGGTCTGTCCTTA,47,1006033
ecnBp,9.6,51,4,AAAATTAGATGACGCGCTCA,47,1020783
ecnBp,23.5,47,1,TGTTAGCGATCCGAATAAAG,46,998618
ecnBp,15.666666666666666,48,2,TGGGTGACAGATAGAGGCAG,46,984858
ecnBp,7.833333333333333,51,5,TGCAACTGTTGTACGCTGGG,46,1012775
ecnBp,15.666666666666666,48,2,TGACGAAATATTTAAGCGAA,46,999561
ecnBp,6.714285714285714,52,6,TCCTTTGTGATAGACCGTAC,46,974725
ecnBp,23.5,47,1,TCATGTCTCTTGGCAGTTGG,46,978561
ecnBp,23.5,47,1,GTCTAGCACCGTAGATTAGT,46,991268
ecnBp,23.5,47,1,GTCAATCTAGATGTCCTCTG,46,1014612
ecnBp,23.5,47,1,GTACGCTGACGACTACGTCA,46,977479
ecnBp,23.5,47,1,GGTGTATGGGTCTTAGATCC,46,1013585
ecnBp,15.666666666666666,48,2,GGGGAAGAATAGAACCTTCG,46,998451
ecnBp,9.4,50,4,GGGAGCTCACTATTCTGCAA,46,992898
ecnBp,9.4,50,4,GGCCTATTCGGCTAACGCAG,46,986844
ecnBp,11.75,49,3,GACGTTCACTGCTTTCAGCG,46,1015319
ecnBp,23.5,47,1,CTTGGGTGGCATTGCTTTGT,46,990545
ecnBp,23.5,47,1,CTGTTCCGATCCGGACCGCA,46,1000925
ecnBp,9.4,50,4,CTGCTCTCTCTTTTAGCGAA,46,983516
ecnBp,4.7,55,9,CTCTATGCGAGAAGGGAAAT,46,977062
ecnBp,2.764705882352941,62,16,CGGCTGCACTTGCCCTGCAT,46,1020137
ecnBp,23.5,47,1,CCGGTTTTGAGCCATAGGGT,46,972289
ecnBp,23.5,47,1,CCAGGGTCGATGATTCGCGA,46,1013250
ecnBp,23.5,47,1,ATTGTGACTAAGGTCTTTAT,46,974982
ecnBp,15.666666666666666,48,2,ATTCGATCCTAATTTATGTA,46,1015411
ecnBp,11.75,49,3,ATGGCCGAGAAGCCGATTAC,46,974625
ecnBp,5.222222222222222,54,8,ATCTCCCCCGGACGGCCACA,46,984018
ecnBp,7.833333333333333,51,5,ATCATGGAAGGACATGTTAT,46,996672
ecnBp,15.666666666666666,48,2,AGCCTCGTCAAGCGAACTAG,46,987735
ecnBp,23.5,47,1,ACTTGGATCTACGCAGTCTG,46,990551
ecnBp,9.4,50,4,ACGGGCGCTGGACCTTATGG,46,1017019
ecnBp,15.666666666666666,48,2,ACCCATAGAACTTGGATCAA,46,1001190
ecnBp,5.875,53,7,AAGTCAGGTCTGCGGGCTTC,46,999381
ecnBp,23.5,47,1,AAACGATATACTCTAAGGAT,46,979520
ecnBp,7.666666666666667,50,5,TTGCATTTGCTGGTTGCATT,45,995935
ecnBp,11.5,48,3,TTCCCTCTGGTCTGGATCGG,45,1011569
ecnBp,9.2,49,4,TGTCACTGCTATTAGCACTT,45,1001209
ecnBp,15.333333333333334,47,2,TGAGGATCCGGAAAAGTACC,45,1023766
ecnBp,23.0,46,1,TCTTGAAGCCATATTCGAGA,45,1020988
ecnBp,11.5,48,3,TCATGTTACACAAATTAACA,45,1014837
ecnBp,11.5,48,3,GTGTGTGAGAGCTCACGTTT,45,991641
ecnBp,23.0,46,1,GTGCTTAGGGCATCCACCTG,45,1015710
ecnBp,7.666666666666667,50,5,GGCGCAGTGTAGCAGCTTAT,45,999345
ecnBp,11.5,48,3,GGCACTGCTTTGCACGTCCG,45,1010255
ecnBp,23.0,46,1,GCTTTTACTAAGGCTTTTTA,45,973153
ecnBp,23.0,46,1,GCCATTGCGGTCACACATCT,45,985191
ecnBp,5.75,52,7,GCAAGATTCCGAGTTAGACG,45,1009618
ecnBp,23.0,46,1,GACGATCATCCGGTCGGCGG,45,1020789
ecnBp,23.0,46,1,CTAGGATGAGCTGTTGGTTA,45,974828
ecnBp,23.0,46,1,CGGAACCTTACGGAGTGCCG,45,985878
ecnBp,23.0,46,1,CGCTTGTTAATGATTTCGAT,45,1011280
ecnBp,15.333333333333334,47,2,CCGCGAAGGCCGCACCCCAT,45,995351
ecnBp,23.0,46,1,CCAGCGTCGGCGGGGATAGG,45,995481
ecnBp,23.0,46,1,CACAGGCCGGGGTGTAAGAA,45,994806
ecnBp,15.333333333333334,47,2,ATTTCTTTATCACGGGAGAT,45,1006114
ecnBp,15.333333333333334,47,2,ATTATTCTCGCCTCGAGTAT,45,995199
ecnBp,23.0,46,1,ATCTAAAAGACACGAACAAT,45,998666
ecnBp,11.5,48,3,AGTTGCCAAGTTAGTTGATG,45,972727
ecnBp,15.333333333333334,47,2,AGGCAGGCGTTACAGGAGGA,45,1022911
ecnBp,23.0,46,1,ACGACCACTGGCACGCATGG,45,997642
ecnBp,22.5,45,1,TGGCAGGCTCACATTAGTCT,44,977583
ecnBp,22.5,45,1,TCTGTTGGGGTCAGCCACCT,44,984656
ecnBp,6.428571428571429,50,6,GTGGCATATAGAAAATTGTT,44,991140
ecnBp,9.0,48,4,GTACGTGGATCTCCACCACT,44,1016578
ecnBp,22.5,45,1,GGTGTGTCCGTGGGTGTTTT,44,1018232
ecnBp,22.5,45,1,GCCGGTTAAACTGGAGCCGA,44,1023509
ecnBp,11.25,47,3,GCCGGGTTTTGTTATTCACG,44,986245
ecnBp,22.5,45,1,CTTTCACTAAAATGCAAGGG,44,1008690
ecnBp,15.0,46,2,CTTCAGATGTGCTTGCCAAG,44,1022248
ecnBp,11.25,47,3,CTGTTTCAAAATGCTCGCGT,44,999774
ecnBp,7.5,49,5,CTGGTACTCAATCATGGTCA,44,1015900
ecnBp,9.0,48,4,CTAGGTTGGTAGCTAGCCGA,44,1005530
ecnBp,11.25,47,3,CGGGGGGTATAGTCCTTCGC,44,972698
ecnBp,22.5,45,1,CGCACCTTACTTCAGAGATG,44,975302
ecnBp,9.0,48,4,CGCAAGAGTGGCAGGCGCGT,44,987734
ecnBp,11.25,47,3,CCTCCAGGGCTCTATTATGT,44,1002184
ecnBp,22.5,45,1,CCCGTTTTGCATACGGAGTT,44,977944
ecnBp,4.5,53,9,CATGAAGCCTAACTCCAGTG,44,978421
ecnBp,22.5,45,1,CAGTGTACCGCGGTCTGTCA,44,993383
ecnBp,15.0,46,2,CAGTCATTTAAATTGCTACT,44,1027146
ecnBp,5.0,52,8,CAATCCGGGTGGACACTAGA,44,998583
ecnBp,15.0,46,2,CAAGTCCTTCCGCATGAACC,44,987303
ecnBp,11.25,47,3,ATTGAAGCAACATAGGTCTT,44,982196
ecnBp,15.0,46,2,ATGAGCGGAGTGCCAAAGTA,44,1009305
ecnBp,9.0,48,4,AGATTATTACGCTCTGATCG,44,1003809
ecnBp,11.25,47,3,AATCAGATCCGACTTTAGTT,44,980805
ecnBp,22.0,44,1,TGTCAAACTAATGTCGAACT,43,1015891
ecnBp,11.0,46,3,TGGAGTCAGGCTAGGAGGTT,43,1015245
ecnBp,22.0,44,1,TGCCCAGACCAGGGCAAGTA,43,1000338
ecnBp,11.0,46,3,TAGCAAAGGTTCATTCGGGA,43,1014325
ecnBp,22.0,44,1,TACAAGTCCAGATTGAGAGC,43,1021436
ecnBp,4.4,52,9,GTCTTTTTAGTCTGTGGACT,43,996808
ecnBp,22.0,44,1,GTACGGCCTCCAAGTATAGT,43,991777
ecnBp,11.0,46,3,GGTACTTCCGACAACGAGAT,43,1025849
ecnBp,22.0,44,1,GCGGGAAGCGTTCCTAAGCC,43,989965
ecnBp,22.0,44,1,GCCTGTCCAATATGAACCTG,43,1016069
ecnBp,22.0,44,1,GAGCATGTAGAAGACGGGGG,43,998449
ecnBp,14.666666666666666,45,2,CTTGTGCCCTCTGTACCTAT,43,973596
ecnBp,7.333333333333333,48,5,CTGATTGGCTTTAGATGTTT,43,996334
ecnBp,8.8,47,4,CTGAGATTCTCCCACAACCC,43,1025053
ecnBp,11.0,46,3,CGGGTGGCCGACTACGCAAT,43,1015322
ecnBp,22.0,44,1,CCGTCGTACTTGCTATCATA,43,1001451
ecnBp,14.666666666666666,45,2,CAATCATAAGCCACGTACTC,43,1022439
ecnBp,14.666666666666666,45,2,ATCGAGGTCGGTGGGCGGTG,43,993156
ecnBp,22.0,44,1,ACCCCCGAACCGGAGGATCG,43,975991
ecnBp,22.0,44,1,ACCACAATTTAATATTAATA,43,972642
ecnBp,5.5,50,7,ACAGTACTTATCCGCGGTTA,43,1012021
ecnBp,14.666666666666666,45,2,ACAAACGTACATACCAATTG,43,1003095
ecnBp,14.666666666666666,45,2,AAAGGCTTATGAGATGTGGA,43,989686
ecnBp,21.5,43,1,TGGCGAAGAGACCCCACCAG,42,1000223
ecnBp,21.5,43,1,TCGTTCTATAGTAGGTCTAT,42,1003058
ecnBp,14.333333333333334,44,2,TCGCGTGTTAATCGACAGAC,42,990145
ecnBp,21.5,43,1,TCCCGCACTGAATAGCAACA,42,1019593
ecnBp,21.5,43,1,GGGTCCACAAACACGTTGAT,42,996318
ecnBp,10.75,45,3,GGCCCGGCAATATTACGGGG,42,1000523
ecnBp,21.5,43,1,GCACAACCCATCGCGGCGTG,42,1010127
ecnBp,10.75,45,3,CTAATTACTCCACTGCACCT,42,984569
ecnBp,14.333333333333334,44,2,CGGGTGGCAATCAAACCTGT,42,1006828
ecnBp,14.333333333333334,44,2,CCGTCAGGGAAATAGTCCAA,42,978273
ecnBp,21.5,43,1,CCAACCCGTTCGAGTACTAA,42,977018
ecnBp,10.75,45,3,ATAATAATCAAGCAGATTAC,42,994373
ecnBp,14.0,43,2,TTTAATGCGACTCTCAAGGG,41,990317
ecnBp,21.0,42,1,TTGCCTCATTTCACTTGTAT,41,1006293
ecnBp,14.0,43,2,TGAGAACATTGGAATGAATA,41,1023265
ecnBp,21.0,42,1,TATTCACGAGTCTGGCGGAA,41,983304
ecnBp,14.0,43,2,TAGAGGCTCTCCGAGCTGTA,41,992899
ecnBp,10.5,44,3,GTGATGGACTACTCGGATAC,41,1001717
ecnBp,8.4,45,4,GCGGATCCTTGTTCGCGCGT,41,993756
ecnBp,10.5,44,3,GCGATGTGTAGGGTGGCACT,41,1010260
ecnBp,10.5,44,3,GCGAGGCGGAGGCCTTCTTC,41,1002790
ecnBp,10.5,44,3,CGCCAACAGAAGGCTGGGTA,41,1023761
ecnBp,21.0,42,1,CCCCTGATCCATTTTAGTTA,41,997155
ecnBp,10.5,44,3,CCCATCGATGCCAGAGCTAA,41,1010994
ecnBp,14.0,43,2,CATGGGAGAGCTGTGTTAAG,41,1024742
ecnBp,14.0,43,2,CATCTCCACTGATTTACAGA,41,989055
ecnBp,10.5,44,3,CAGACTGCGGCGTGGATCCC,41,1000298
ecnBp,21.0,42,1,CACGAAATGCCAGGCAGAGA,41,1014741
ecnBp,10.5,44,3,CACACCCAGCGCCACCCAAT,41,988769
ecnBp,14.0,43,2,CAATTGGTCCACAGCGGTTG,41,1010227
ecnBp,21.0,42,1,ATACGATTGCGGAATTCTAA,41,1005395
ecnBp,7.0,46,5,AGGCGCATACGTTCTTCCTC,41,997059
ecnBp,6.0,47,6,AGACTTTCACGCGTGGGGTG,41,1002110
ecnBp,14.0,43,2,AGACGTACAATCACGCATTT,41,1024585
ecnBp,21.0,42,1,ACTCCTCTTCCCACTTCAGT,41,990777
ecnBp,8.4,45,4,AATCGTATGACTTCTGGGGG,41,974792
ecnBp,6.0,47,6,AATATGCTAGTGGCACGGTC,41,996374
ecnBp,8.4,45,4,AAACCAGAACAGAGTAGACA,41,979825
ecnBp,20.5,41,1,TTGAATTACAGGAATTAATG,40,991684
ecnBp,20.5,41,1,TTCAACCTGAACGTACAGTG,40,981387
ecnBp,6.833333333333333,45,5,TGTTCTCAGCCCCGTTGCAG,40,989816
ecnBp,20.5,41,1,TGTAGAAAGATCCGTGTCGC,40,1026628
ecnBp,13.666666666666666,42,2,TGGACTAATGCTCTAAACAT,40,993599
ecnBp,4.555555555555555,48,8,TATTACGAAGTTCCGATGAA,40,990778
ecnBp,6.833333333333333,45,5,TATGGACTTGGATGACGCTC,40,985883
ecnBp,8.2,44,4,TACAGATGAATCCGTAAGCT,40,989169
ecnBp,20.5,41,1,GTCCGAGCTGTGCGAGCAAC,40,978743
ecnBp,13.666666666666666,42,2,GTCACACGTCAGCACGGTCC,40,980818
ecnBp,8.2,44,4,GGCGTTCCGTGGATTCAGCT,40,991901
ecnBp,6.833333333333333,45,5,GCTCTGTCTTTTGGGAAGCC,40,986235
ecnBp,20.5,41,1,GCGGCATGAGCCATAATGAT,40,1015699
ecnBp,10.25,43,3,GCATGCGAATAATTCTGTAG,40,1025084
ecnBp,13.666666666666666,42,2,GACACAATCCATAGTCACTC,40,1012471
ecnBp,13.666666666666666,42,2,CTTATAATGCAAGTGGCGCC,40,980876
ecnBp,4.555555555555555,48,8,CTTACGGACGTGCGCTATTC,40,1006911
ecnBp,8.2,44,4,CTGACTAAGTAAACATACTC,40,1003816
ecnBp,13.666666666666666,42,2,CTCTATTGGGTGCGATGCTA,40,998813
ecnBp,13.666666666666666,42,2,CGTGATCATGAAGGATAGTG,40,985453
ecnBp,5.857142857142857,46,6,CGGCGTCGATCTGCTTTCAT,40,1013026
ecnBp,10.25,43,3,CGCTTATATGCGTTTGTTAC,40,1008822
ecnBp,4.555555555555555,48,8,CGCAGCGTGCATTTTGTCGC,40,1016311
ecnBp,10.25,43,3,CAGGTAGTCGTTCCAGGCGT,40,998004
ecnBp,13.666666666666666,42,2,CACTGGGGTCAGATTTGGTA,40,997455
ecnBp,8.2,44,4,ATGTCTCGGAAGCGTTGATT,40,985616
ecnBp,5.857142857142857,46,6,ATCTGGGGGCCTTTTTTAGT,40,987866
ecnBp,10.25,43,3,ATATCGCGACGAAATGGGAC,40,973204
ecnBp,13.666666666666666,42,2,ATAAGTACCTAAATATTCGA,40,979523
ecnBp,13.666666666666666,42,2,AGTAGTTTGCTTCGTTATTC,40,1012125
ecnBp,10.25,43,3,ACCCTTCAACAATTATTGTT,40,1003544
ecnBp,20.5,41,1,ACCATGCTATGCTGATGTTA,40,994529
ecnBp,10.25,43,3,ACAGGCACAGTCCAGCTAAG,40,998363
ecnBp,20.0,40,1,TTGTTGACTAGATAACGTCT,39,986996
ecnBp,20.0,40,1,TGGTATGAGGTTCCGTTTGA,39,975420
ecnBp,13.333333333333334,41,2,TGAGACTGCTACCCGGACAG,39,985754
ecnBp,6.666666666666667,44,5,TGACCGGCGCTTGTAGGCAT,39,1018957
ecnBp,13.333333333333334,41,2,GTCTACAGCTTAAGAGCGAG,39,1008616
ecnBp,5.0,46,7,GGTCTCGTCACATTTCAGAG,39,1007311
ecnBp,13.333333333333334,41,2,GGTAAGGACGCATGAACCGT,39,982646
ecnBp,20.0,40,1,GCGACGGTTCCAGAGAAACG,39,994486
ecnBp,20.0,40,1,GCGAAGTTCAAGGCTGTCAG,39,1016211
ecnBp,10.0,42,3,GCCGTAATTTTGTGTGGTGG,39,991492
ecnBp,20.0,40,1,GCCGCGGACCGGAATGACTC,39,1021366
ecnBp,10.0,42,3,GCATTGTTGAGCCAAGTGTT,39,972312
ecnBp,6.666666666666667,44,5,GCACGAAAGTATCCATCAAT,39,1022886
ecnBp,20.0,40,1,GAAACATAGAGGGTGTTTAC,39,982498
ecnBp,20.0,40,1,CTTGATCGACGTGCCCCATG,39,991902
ecnBp,20.0,40,1,CTCGGGGCATCCTAACAAAT,39,993131
ecnBp,4.444444444444445,47,8,CGGGTCCTAACCACACATTG,39,999244
ecnBp,20.0,40,1,CGGATTTCGGATACAAGGAT,39,1012383
ecnBp,20.0,40,1,CCCGCCACTTTTGGTTATAA,39,990202
ecnBp,20.0,40,1,CCCAAGTGGCCAACTCGGAT,39,984053
ecnBp,20.0,40,1,CATCCATACCGAGGAGGACC,39,996912
ecnBp,13.333333333333334,41,2,ATTCACTGGGAGGGAAGGCG,39,985442
ecnBp,13.333333333333334,41,2,AGGGGGAATGTGGGCTAGTC,39,993415
ecnBp,20.0,40,1,AGCTCGAGGACCCGCTTAAT,39,1006249
ecnBp,20.0,40,1,AGATTAAGTCAGGCTTGGTT,39,1019074
ecnBp,20.0,40,1,ACCTAACAATGTGTTTTCTC,39,987479
ecnBp,13.333333333333334,41,2,AATGTTGATGCGTGCACAAA,39,1025787
ecnBp,10.0,42,3,AAAAAACAAGTCTTTTGGCT,39,980135
ecnBp,7.8,42,4,TGGCAAAATCACGGTCACAC,38,1006583
ecnBp,19.5,39,1,TATTCGAGGAGTCGGACTTC,38,1000852
ecnBp,7.8,42,4,TAGAGCGAATCTACTTGATC,38,1007167
ecnBp,6.5,43,5,TAAGTCCGGGAAATGTAGCT,38,992206
ecnBp,4.875,45,7,TAACAATGATACGGTCTTCT,38,974713
ecnBp,7.8,42,4,GGTGTTTAGGTCTTACGTTC,38,995490
ecnBp,13.0,40,2,GCGCCTGTTAAGCAAACCAT,38,990240
ecnBp,19.5,39,1,GCCATGAAAGGGGGCAAGAG,38,985153
ecnBp,13.0,40,2,GATTTGATCGAGTTCCTAAT,38,998931
ecnBp,13.0,40,2,CTTCACTTGAACGAGACGGT,38,1001251
ecnBp,19.5,39,1,CTGGGAGGGGAGATTACACG,38,996901
ecnBp,6.5,43,5,CTCCAAAGCGGCACTAAAGG,38,1016250
ecnBp,19.5,39,1,CCGGGATACCCCTAAGTCCA,38,987519
ecnBp,13.0,40,2,CCGCCGTAAGGGTGGCGAAC,38,995585
ecnBp,19.5,39,1,CCCATGGCATACTCATTATA,38,1017756
ecnBp,19.5,39,1,CATTTCCCAATGGAAAGTCA,38,1016078
ecnBp,19.5,39,1,CAGATCTCTCGCCAAGTGGC,38,1007812
ecnBp,9.75,41,3,CAAAAAAGCCTGACAGGACA,38,1018173
ecnBp,7.8,42,4,ATTTATACTAAAATTTATCA,38,993084
ecnBp,6.5,43,5,AGTCTTGGCGCAGACTAAAA,38,1001476
ecnBp,6.5,43,5,ACTACAACTACGAGCGGGCG,38,978169
ecnBp,19.5,39,1,ACCATGACGCCGCTAGCCAT,38,979356
ecnBp,13.0,40,2,ACACATGATTGGCGCGTATT,38,984876
ecnBp,13.0,40,2,AAGGCCTCGTATCTCAGGAG,38,978839
ecnBp,12.666666666666666,39,2,TTTCAGCGCCTGTCCACGAC,37,1022812
ecnBp,7.6,41,4,TTCGGACATATGCATATGGA,37,978674
ecnBp,9.5,40,3,TGTGGTAGTACTTGCAGGTT,37,985105
ecnBp,19.0,38,1,TGTCAAAAAGCGTGAACGCC,37,1017545
ecnBp,9.5,40,3,TGCCTCGATTAACATGCTTT,37,995571
ecnBp,5.428571428571429,43,6,TCTCCCCTGAGTGATCCAAT,37,1012459
ecnBp,19.0,38,1,TCCGTGACCGATATTTAATC,37,1002238
ecnBp,9.5,40,3,GTTTTCCACCCACCGGAGCA,37,1005570
ecnBp,9.5,40,3,GTGTAAAGTATCGAAATACT,37,978996
ecnBp,7.6,41,4,GTCGTCTTGTGAAAGGACAG,37,982622
ecnBp,19.0,38,1,GTACGGGCAGCTCCGCAAAA,37,1023406
ecnBp,19.0,38,1,GGATGTAAAGATACAGCTTG,37,1016449
ecnBp,19.0,38,1,CCAAAGTTGTCAAGCATGCT,37,1010892
ecnBp,19.0,38,1,CATTTGGGACTCGTATGTAG,37,999765
ecnBp,19.0,38,1,CAGGTTCTGCACTCATCCAG,37,1009005
ecnBp,19.0,38,1,CAGACATACCCTGGAGTAGT,37,1024684
ecnBp,12.666666666666666,39,2,ATTGTGTCACCAGAGAAAGC,37,1000355
ecnBp,19.0,38,1,ATGGCGGATTAAGTTTCTGA,37,1014787
ecnBp,19.0,38,1,ATATGCCTGTTCATTGCAGA,37,997400
ecnBp,19.0,38,1,AGTTCAAGGCTAAAGTTTAT,37,977385
ecnBp,7.6,41,4,AGCCGGGTGCCAAAATAGGT,37,1002789
ecnBp,12.666666666666666,39,2,ACGTCAGGTATGCGCAACGT,37,1025132
ecnBp,12.666666666666666,39,2,ACAATAAATAACAGGTGGGC,37,1001695
ecnBp,19.0,38,1,AAAGGGGCATTCTTTCGGGA,37,991168
ecnBp,12.333333333333334,38,2,TTGAGAGACCATTGATAGAA,36,1015941
ecnBp,12.333333333333334,38,2,TGTGGGTTGACTTCCTGTAT,36,1014598
ecnBp,7.4,40,4,TGGGAGATTTGCAGCAATGG,36,999873
ecnBp,4.625,43,7,TGAATCAGGGGTACTAAGAT,36,1006252
ecnBp,18.5,37,1,TCGGGTCACGGGTCGTCGGC,36,1019540
ecnBp,18.5,37,1,TCGCAGATTGTATCGTGAGA,36,996324
ecnBp,18.5,37,1,TCGAGTCTATCCCGGCATGT,36,1012583
ecnBp,18.5,37,1,TCGAGCATTAATGTCCCTAA,36,1001758
ecnBp,18.5,37,1,TCATTTCTAGTAATTGGGGG,36,1001317
ecnBp,7.4,40,4,TCAATATCAAGCATCTGGTA,36,977327
ecnBp,6.166666666666667,41,5,TATAGCGCTCTCGACCACCC,36,1024712
ecnBp,12.333333333333334,38,2,GTGGAATACTTATTTAAGAT,36,991186
ecnBp,18.5,37,1,GTATCCTGTGTGTGGAATGA,36,1001255
ecnBp,18.5,37,1,GGTTGGATTAGTCGGTAGGC,36,1023261
ecnBp,9.25,39,3,GCCAGCCAAAAAGAGCTGTG,36,996442
ecnBp,18.5,37,1,GCATTCTTAGCTTTGGAAAT,36,975215
ecnBp,5.285714285714286,42,6,GAAAAGTGCCGGATGGCTCG,36,1026244
ecnBp,9.25,39,3,CTTTATGTAATATCACACGA,36,996700
ecnBp,5.285714285714286,42,6,CTTCTGGCGGGTTTCAGGAA,36,1003204
ecnBp,18.5,37,1,CTTCGTTCGCCAGAGCATGC,36,1002629
ecnBp,18.5,37,1,CTTACTATCAGACGTTTGCT,36,991052
ecnBp,12.333333333333334,38,2,CCCCTTACCCAATGTGGCCG,36,996493
ecnBp,4.625,43,7,CCAGATGCGCTGGGAGCTGA,36,978325
ecnBp,12.333333333333334,38,2,CAGGGTTGAAAGGAGAATTT,36,1014154
ecnBp,6.166666666666667,41,5,ATATCCGTCTCGCCGCAGAT,36,1018282
ecnBp,6.166666666666667,41,5,AGGTGGAATTAAAGAAGACT,36,974892
ecnBp,18.5,37,1,AGCAGGTCAGAAATCTGTAG,36,1013115
ecnBp,12.333333333333334,38,2,ACCGTACCTAGCACCGCTCA,36,1019449
ecnBp,12.333333333333334,38,2,AATCGGGCCATAACGATTTA,36,1008650
ecnBp,5.285714285714286,42,6,AATCAGGCTTTTATTGACAT,36,1013193
ecnBp,4.5,42,7,TTCAGAAGAGCCTCGCCATG,35,1005030
ecnBp,18.0,36,1,TTCAATTCTTCGGTACTACT,35,980982
ecnBp,18.0,36,1,TGTTTAGTCTGGTTTCGGGG,35,987136
ecnBp,12.0,37,2,TGGTTTCTCCTCCCAGCGCT,35,981413
ecnBp,9.0,38,3,TGAAACCTAGAGTCTATAGA,35,1007909
ecnBp,12.0,37,2,TCTGCCACATATTCCGGGCT,35,1010224
ecnBp,7.2,39,4,TCATAGAGCTTAAGACAGAA,35,978373
ecnBp,12.0,37,2,TCAAAACAAAAGTACCTGAC,35,1008748
ecnBp,12.0,37,2,TATTAGTGTCAGCTTTCCGA,35,1016619
ecnBp,18.0,36,1,GTGATTGTATGTGGGCGTAT,35,1025334
ecnBp,12.0,37,2,GAAGCCCTGCCTAGATACAT,35,1003097
ecnBp,6.0,40,5,GAACGTTGCACAGAGGGTCT,35,1017538
ecnBp,18.0,36,1,CTTTACCTCCTACTTTATAT,35,1004652
ecnBp,12.0,37,2,CGTATGACATAGAATAGGCT,35,1000320
ecnBp,18.0,36,1,CGGTATCGCTCGTGCGAGAT,35,983487
ecnBp,18.0,36,1,CCGGGGTGCCGACTATTTCA,35,1010583
ecnBp,18.0,36,1,CCGCGGTACGCAGGTTGCCA,35,972868
ecnBp,18.0,36,1,ATTGAGCATATTAACTTGAT,35,993333
ecnBp,18.0,36,1,ATTGAAGCCATCAAAATTCA,35,975863
ecnBp,18.0,36,1,ATTCCACTAAGGAAGCGGGG,35,1009218
ecnBp,12.0,37,2,AGTGGGACCAACTGAAAAAA,35,1015545
ecnBp,9.0,38,3,AGCGGAAGGCCTGATGCCAG,35,1023181
ecnBp,18.0,36,1,ACTTACATTATAATCCCCAA,35,1001922
ecnBp,18.0,36,1,AAACTCCTAGTTTACTGAGT,35,982161
ecnBp,17.5,35,1,TGTCTCGTATGCCATGGCGT,34,992420
ecnBp,17.5,35,1,TGATCGTCCATACCCGAGAC,34,1022143
ecnBp,17.5,35,1,TCGGTGCGGCCTCGTAGCAC,34,1027692
ecnBp,17.5,35,1,TCAAAGGTCAGCACAAGGGT,34,1026757
ecnBp,8.75,37,3,GTGGGCACTTGGTCTCTGTT,34,982551
ecnBp,11.666666666666666,36,2,GTCATAAGTATTCGAACGTT,34,990197
ecnBp,8.75,37,3,GTAAGTCGCCTCATAGATGG,34,982222
ecnBp,8.75,37,3,GGTCCCCACTAATCTGCGAA,34,1006546
ecnBp,17.5,35,1,GGGTTAGCAACTGGGAGTCA,34,984811
ecnBp,8.75,37,3,GGAGCGCGATTGTTCGGACG,34,972066
ecnBp,17.5,35,1,GCGGTCTCTCGTGAGTAGGA,34,997396
ecnBp,7.0,38,4,GCCTAGGAGATTCATGTACT,34,980058
ecnBp,17.5,35,1,GATTACTATAATAGATATTG,34,993160
ecnBp,11.666666666666666,36,2,GAAATAGTTCTGCTATAGAC,34,1002332
ecnBp,8.75,37,3,CTATGGCCTGTTCTTCGTTT,34,992355
ecnBp,17.5,35,1,CTACGTCTCGTCCTAATAAT,34,1022091
ecnBp,3.888888888888889,42,8,CGTTACAACTTAATTAACCT,34,977745
ecnBp,7.0,38,4,CGGGTTACCTATACCTATAT,34,998144
ecnBp,8.75,37,3,CGAGAATTGCTAGTTGGCTG,34,987622
ecnBp,11.666666666666666,36,2,CCTGGCCGTACTTTATGAGA,34,991814
ecnBp,5.0,40,6,CCGGAGTATTACAGGGGATT,34,1004403
ecnBp,8.75,37,3,CATGACGTTCGAGAGGTGGA,34,1000139
ecnBp,17.5,35,1,CAGGGAGCGCTCAGCAGGGT,34,987180
ecnBp,17.5,35,1,CACAACTTAATAGACCCTTC,34,999884
ecnBp,8.75,37,3,ATTCCCTTCTGGAGCAATCT,34,991026
ecnBp,8.75,37,3,ATCTTTTGTAGTCTCGATGT,34,1022114
ecnBp,17.5,35,1,ATAATAAGACAAGAGGATCT,34,976109
ecnBp,11.666666666666666,36,2,AGTTAAACTAAAACAGAACT,34,976433
ecnBp,8.75,37,3,AGGCAAACTATACTGAACCA,34,1010307
ecnBp,17.5,35,1,ACACGAGGGTCTAACAGCAT,34,974441
ecnBp,8.75,37,3,AATGGTTGCTGGTCAGGGCA,34,1022780
ecnBp,11.666666666666666,36,2,AATCCTGTGGGCTCGATTAT,34,989781
ecnBp,11.666666666666666,36,2,AACCGGTCTCCTTCGGAGGT,34,984170
ecnBp,11.333333333333334,35,2,TGCCTTCCTATCCCTGCGGC,33,997749
ecnBp,17.0,34,1,TGATCTCCTCCTCCTGGACA,33,996692
ecnBp,8.5,36,3,TGACATGTCCATGGATCCAT,33,979562
ecnBp,6.8,37,4,TCGATTAAGAATCTGTTGAA,33,996965
ecnBp,17.0,34,1,TCCTTGATACGTGCAAGCTA,33,997557
ecnBp,11.333333333333334,35,2,TACACCGCTAGGGTTAAGGC,33,1019526
ecnBp,3.7777777777777777,41,8,GTTCTCATCGATTCGACACT,33,977020
ecnBp,11.333333333333334,35,2,GTGCGGGCGCTAGGTCTTGT,33,996966
ecnBp,17.0,34,1,GTCAGATATTTAGCTCTGTG,33,1015694
ecnBp,17.0,34,1,GGAAAGAGTTGTGTGGTTTT,33,991256
ecnBp,3.7777777777777777,41,8,GCCTACTTTGGTCACTTGCT,33,1018048
ecnBp,17.0,34,1,CTCCGTCTAGTCTCCTGGTG,33,984355
ecnBp,11.333333333333334,35,2,CTATTACGGGGTGCGGCGAA,33,1021815
ecnBp,6.8,37,4,CTAGGAAATCTTGGCGTTTA,33,984442
ecnBp,17.0,34,1,CTAACTTCCAAAGTTGGTTT,33,1012664
ecnBp,4.857142857142857,39,6,CCGTTCTGCCATCCGCGGTT,33,981727
ecnBp,6.8,37,4,CCGCGATTTGATGGGATCGT,33,1010271
ecnBp,17.0,34,1,CCGCGAGGAACGTCGGCTGC,33,989795
ecnBp,17.0,34,1,CCACCTTCCGTTGAGGAGGA,33,986767
ecnBp,17.0,34,1,CCACCGGCGGTTCTTATAAT,33,1000633
ecnBp,17.0,34,1,CACAGCTGTTGTTCTATCAC,33,989069
ecnBp,8.5,36,3,CAAGTTAAGAGCTGGAAAAA,33,1001458
ecnBp,17.0,34,1,AGTAGGGACTCGTTCCGGTG,33,977211
ecnBp,5.666666666666667,38,5,AGAAAGGAGCATTGCTACCC,33,1007883
ecnBp,6.8,37,4,AATGGAAGGCTTACCGCCCA,33,1025211
ecnBp,11.0,34,2,TTTGTACCTCCTAAAAATTC,32,994196
ecnBp,11.0,34,2,TTTATGTTAAAGGCCCCAGA,32,977678
ecnBp,11.0,34,2,TTTATAGCAGGGGTTATTAA,32,1008266
ecnBp,8.25,35,3,TTCTGGAAGTCGAATTTGTA,32,1017162
ecnBp,11.0,34,2,TGTTTTGAATCCTCCCACTC,32,993875
ecnBp,16.5,33,1,TGGTAGCCCGCAATTCCACA,32,1001057
ecnBp,16.5,33,1,TCGGACAGGAATACAACACG,32,1019036
ecnBp,16.5,33,1,TACGCGCTAGAACTGTTTGT,32,975996
ecnBp,16.5,33,1,GGCTCCCTTTAAGCAATACA,32,1008112
ecnBp,16.5,33,1,GGCAGCTATGGCATCAATCA,32,999014
ecnBp,16.5,33,1,GCGTGAATTAATGGAAGAAA,32,1003308
ecnBp,6.6,36,4,GCGGACAGCGCTGATAGCTT,32,1025678
ecnBp,16.5,33,1,GATTGTTTCGAATTAGTTAT,32,1006363
ecnBp,11.0,34,2,CTGCATACGGGAGTGACATA,32,1014988
ecnBp,16.5,33,1,CGTTTTTCCCCCTCAATGCT,32,1024758
ecnBp,3.6666666666666665,40,8,CGCAATGAGGTAGACGCTTA,32,982746
ecnBp,8.25,35,3,CGATCCTATAGCGGTGGCTA,32,990904
ecnBp,16.5,33,1,CCGAATAGAGCTAGGAACGG,32,1018747
ecnBp,16.5,33,1,CAGGCAGCTCACCTCCACGT,32,1018390
ecnBp,11.0,34,2,ATTCCAGAGTATGTTGGTCT,32,979438
ecnBp,16.5,33,1,ATCGCGCACTGGCACAATGA,32,995523
ecnBp,3.6666666666666665,40,8,ATACTGTGTCCACCATCGTA,32,984114
ecnBp,16.5,33,1,ACCGTGTAATAGTGAGCGGG,32,1020260
ecnBp,8.25,35,3,ACAGTGAGGTCGTGAAATCA,32,994898
ecnBp,11.0,34,2,AAGATCGGGAATCACGATGT,32,985672
ecnBp,16.0,32,1,TTGATGCCCTCTGGATACTC,31,1007814
ecnBp,16.0,32,1,TGCGAGAAGTTCGTAGGGTT,31,974066
ecnBp,16.0,32,1,TGCCAGAAAGGCTCTAGGTG,31,1006069
ecnBp,4.571428571428571,37,6,TCAAGCAGTTCGATGGCGAA,31,1025912
ecnBp,16.0,32,1,TACGGTTTGTATTGTCGGGA,31,995933
ecnBp,5.333333333333333,36,5,GTGAAACTACTAGAAACTTA,31,1008182
ecnBp,10.666666666666666,33,2,GGCTAGCAAGTTCTGCACTC,31,995259
ecnBp,4.571428571428571,37,6,GGATGTTTATAGAGAAATTA,31,981863
ecnBp,6.4,35,4,GGACGAAGTCCCATTTCCCT,31,1021278
ecnBp,6.4,35,4,GCATATCCGACTACAAATGC,31,1023139
ecnBp,3.5555555555555554,39,8,CTTCTAGCCAATGAAGACTC,31,1002670
ecnBp,8.0,34,3,CTGTTGTTAGGCCTTAGTCA,31,1005600
ecnBp,5.333333333333333,36,5,CCTTAGCCACTCGGGGGTTG,31,1000579
ecnBp,8.0,34,3,CCGCATCGGCCGAGTGTCCA,31,990832
ecnBp,8.0,34,3,CCACGCATTCAACACTGCGA,31,994001
ecnBp,16.0,32,1,CAGATTCCCGTGTTTTGATC,31,989143
ecnBp,16.0,32,1,ATTGGCAGCTCATATCGCTG,31,987580
ecnBp,10.666666666666666,33,2,ATGATAGAGGGTGGACGCGG,31,987443
ecnBp,16.0,32,1,AGGAGTTTCCACTGCGCATA,31,1025532
ecnBp,16.0,32,1,AGACAATTCGAAATTTTCGT,31,1009073
ecnBp,8.0,34,3,ACGCCCGACGAGGTGCCTTA,31,990833
ecnBp,15.5,31,1,TGTGTGTAGCACGACGCCGA,30,1018522
ecnBp,7.75,33,3,TGGCCCTCGCTCCGGCAAAA,30,987877
ecnBp,7.75,33,3,GTGAATGTCGGGTATAGTTG,30,1014541
ecnBp,10.333333333333334,32,2,GTCACTCTGGCGGGTGATAG,30,1005569
ecnBp,7.75,33,3,GTAAATTTCCGGTCAAGGCG,30,1001757
ecnBp,3.875,37,7,GTAAATGAAGTGTGAATCCG,30,1021711
ecnBp,15.5,31,1,GGGGGCGTTAATCCCCGCGT,30,1014332
ecnBp,3.875,37,7,GCCGTCGAGCCCTAAGCCAT,30,990697
ecnBp,10.333333333333334,32,2,GCAGATATGTAGAGGTTTCG,30,1024205
ecnBp,15.5,31,1,GAGACACGGCCCTGGGGTAA,30,999749
ecnBp,5.166666666666667,35,5,CTGTAACGCCTAAGGTCGCA,30,1002748
ecnBp,3.875,37,7,CTATGAAACCAGCTTAATTA,30,994708
ecnBp,5.166666666666667,35,5,CGTGAACTTAACGATTTTTC,30,977475
ecnBp,15.5,31,1,CGTCCAATTAATCCGTTGAC,30,1024026
ecnBp,10.333333333333334,32,2,CGGAGTTAGTCCGGTGTCGC,30,979946
ecnBp,10.333333333333334,32,2,CCAACATAGCTTGAGTTCTC,30,1023937
ecnBp,6.2,34,4,CCAAAATGTCCTCCCCACGC,30,1015383
ecnBp,15.5,31,1,AGGTTGAATCAACGGGAATT,30,1008358
ecnBp,2.3846153846153846,42,12,ACTGTTGCACTGCTATAACG,30,996681
ecnBp,15.5,31,1,ACCTCAATGGTCGATTCTTT,30,994279
ecnBp,15.0,30,1,TTTGTGTACTTCCATACTCG,29,1013969
ecnBp,15.0,30,1,TTATCACCCACACCGTGGGT,29,977135
ecnBp,15.0,30,1,TTAATGGTAAGTACGCTTAG,29,1003517
ecnBp,2.5,40,11,TTAATGCGGCAATATCACTT,29,1010132
ecnBp,7.5,32,3,TGTATCAGTTACGACGTGGT,29,975764
ecnBp,10.0,31,2,TCTAGGCGCCTTACGGTTAT,29,983866
ecnBp,4.285714285714286,35,6,TCGCTCGGGGTGCATCAGAT,29,976099
ecnBp,4.285714285714286,35,6,TCACTAAGAGGCAGTAAGGT,29,974349
ecnBp,10.0,31,2,TATCCCGGGGTCCGTACTAG,29,978524
ecnBp,15.0,30,1,TAAAGGGGGTTCAACGAACA,29,978260
ecnBp,15.0,30,1,GGTTTACCCAACTACGGTTT,29,1001731
ecnBp,15.0,30,1,GCACCCGCAATCCAACGATG,29,972104
ecnBp,10.0,31,2,CGTTGCGGCGCTTTTAGGGT,29,993137
ecnBp,15.0,30,1,CGGAATCATTGTGACAACTC,29,975748
ecnBp,10.0,31,2,CAATTCCCGAGAACTTTTTC,29,1015410
ecnBp,10.0,31,2,ATACCTGCGCGCTCAAGACT,29,1019123
ecnBp,6.0,33,4,ACAATACACCGGTGAATAAT,29,1014221
ecnBp,9.666666666666666,30,2,TTTCGGTAACAAGACCGAGT,28,1026606
ecnBp,14.5,29,1,TTCCCAGAAAACAATGTGCA,28,993499
ecnBp,14.5,29,1,TGGGCATGATGGCCGTGGGG,28,984919
ecnBp,9.666666666666666,30,2,TCAAAGTCGTGCGTGCAGGC,28,1014238
ecnBp,7.25,31,3,TAGAATGCACCCCCGATGTA,28,981019
ecnBp,14.5,29,1,GGGTTAGGCGTAAAACTCAT,28,992999
ecnBp,14.5,29,1,GGCTTTTCAGGAGAGCAGAG,28,983807
ecnBp,14.5,29,1,GGCGGAATCAATAGCGAGTA,28,983434
ecnBp,7.25,31,3,GCTTGCGCTTTAATTTATCT,28,999999
ecnBp,4.833333333333333,33,5,GCTCGTATCAATTTTCCGCT,28,988631
ecnBp,14.5,29,1,GCAGACTCGGAAGTAGCTGC,28,978129
ecnBp,14.5,29,1,GATATTACCTCTGGGCACCT,28,1010004
ecnBp,14.5,29,1,GAGGCACATTTGATAGGTCT,28,975009
ecnBp,14.5,29,1,CTGGGGATTCGCGCAAATGA,28,1001102
ecnBp,5.8,32,4,CTGCTGAGGGATAGTTTTAA,28,1004350
ecnBp,14.5,29,1,CGTACTGTTTCTAAGGCACA,28,976563
ecnBp,14.5,29,1,CGGCGCACAACGGGGGTGAG,28,1009480
ecnBp,4.833333333333333,33,5,CGCTATGGGGTATACATGCT,28,972979
ecnBp,14.5,29,1,CGAAAGAAATTCGTGTGCGT,28,1012812
ecnBp,14.5,29,1,CCTGTGTACTGGTCACTTCA,28,1016545
ecnBp,14.5,29,1,CAGGCAGCTTGTCGTTCGTA,28,981126
ecnBp,7.25,31,3,ATTGCGGCACCTCCACGCCA,28,976394
ecnBp,14.5,29,1,ATTGCATGGTATATCCTATG,28,980636
ecnBp,14.5,29,1,ATGACTGTGGTGGTACTCTC,28,985449
ecnBp,5.8,32,4,ATCGGGCCAATGTTATGAGA,28,1009701
ecnBp,9.666666666666666,30,2,AATCATTTCCGTCCTAGAAT,28,982760
ecnBp,14.0,28,1,TGGAATGTAATGACGTGTGT,27,1013815
ecnBp,9.333333333333334,29,2,TCTGCTGGTACTAGCTCATG,27,1018884
ecnBp,14.0,28,1,TCCTTTAAGAACAACCAAGG,27,986513
ecnBp,14.0,28,1,TCACACCTTTGCAGCCTTTT,27,1009859
ecnBp,9.333333333333334,29,2,GTAGGCCATGCAGAATCGGT,27,981141
ecnBp,9.333333333333334,29,2,GGAGGGGGAGTCGCTTTGCC,27,991038
ecnBp,14.0,28,1,CTAAGAACAAGGACCACCTA,27,1026134
ecnBp,5.6,31,4,CGCTCGCGTGTCGGTGTAGT,27,985272
ecnBp,7.0,30,3,CATTGTCAGATGTGTCAGTA,27,1016325
ecnBp,7.0,30,3,CATGAGCGTCACGCAAGATG,27,1007440
ecnBp,14.0,28,1,ATTCTGCTGTTTATTGCGCG,27,1006794
ecnBp,9.333333333333334,29,2,ATAGTTCTGGATCAAAAGGG,27,984804
ecnBp,9.333333333333334,29,2,ATAGAGTTCCATATGTGAGA,27,978842
ecnBp,9.333333333333334,29,2,AGATATCAAAAGGTACCCGA,27,1008025
ecnBp,4.666666666666667,32,5,ACTCTGAACCAGTCGATTGC,27,983375
ecnBp,4.666666666666667,32,5,AATGAAAAGGCCGGGCTGAC,27,974057
ecnBp,4.666666666666667,32,5,AAGATCATGTGGCTGTGCCT,27,1004926
ecnBp,7.0,30,3,AAAACCGTCCCCAAACTTGA,27,1022197
ecnBp,6.75,29,3,TTCGTAGAATCGCGATTAAG,26,1015089
ecnBp,13.5,27,1,TTCGGGTGTTTGGACTACAG,26,999074
ecnBp,9.0,28,2,TGGGCCGGGAACGGCTACGG,26,1015833
ecnBp,9.0,28,2,TCACGTTGGTATGATGAACA,26,976249
ecnBp,4.5,31,5,TATGCTTTTCTATTCGACAT,26,994374
ecnBp,13.5,27,1,GTGCTAGATACGATCAGGCA,26,1025283
ecnBp,4.5,31,5,GTGACTCCACAGCTAGAGAA,26,984087
ecnBp,13.5,27,1,GGCAATCAATCCATTTTCGG,26,997956
ecnBp,6.75,29,3,GCGAGGTCCAGTGACGATCG,26,982423
ecnBp,1.5,43,17,GCATGACCGTAGGAGACAAT,26,995179
ecnBp,9.0,28,2,GATAAGAGACGGACACGGCA,26,1001708
ecnBp,6.75,29,3,GACCCGCTCTAACTGACGCC,26,1027986
ecnBp,9.0,28,2,CTCTATAATTTAGTCCACAA,26,973629
ecnBp,13.5,27,1,CTCGATGCGGTCGTGAATTT,26,1011276
ecnBp,13.5,27,1,CCTCGTGCTCGCCGGCGGGT,26,990436
ecnBp,13.5,27,1,CCAGTATGCCGTTTCTGGGT,26,1016946
ecnBp,9.0,28,2,ACGTAGTGTGTGTTGATAGC,26,976146
ecnBp,13.5,27,1,AATTGTCCGTTTTTACATCG,26,973451
ecnBp,13.5,27,1,AATTAGCATCCCGATAGTCA,26,988680
ecnBp,6.75,29,3,AACGAAACACTTTGATCCAT,26,996974
ecnBp,4.5,31,5,AACCGTTTGGTACGACTACG,26,1025238
ecnBp,13.0,26,1,TCTTTCCTGCGTGAATCCTT,25,996456
ecnBp,13.0,26,1,TCCAGCTTTCAAGCCAGGTC,25,1015100
ecnBp,13.0,26,1,TCATATATGGGTTCATCTTC,25,987608
ecnBp,8.666666666666666,27,2,TATAAGTTTCTATGGCTCTT,25,975411
ecnBp,13.0,26,1,TAGCATCTGCCACGTCACTT,25,996205
ecnBp,8.666666666666666,27,2,GTGTGCCTTAGATTTGGATA,25,991299
ecnBp,8.666666666666666,27,2,GCTATGGGACAGTAGGGTGG,25,988299
ecnBp,8.666666666666666,27,2,CTAAGAGCCCACCTCGGTCA,25,1009613
ecnBp,5.2,29,4,CGGGAAAAATATCAGTGCGG,25,1010937
ecnBp,8.666666666666666,27,2,CAGTCATGTAAGTCATTCTA,25,1025199
ecnBp,13.0,26,1,AGTTGGCGAGTACGCATTGA,25,1000056
ecnBp,6.5,28,3,AGTCATCAACAGGTGAGTCG,25,974635
ecnBp,13.0,26,1,AGCGCAAGTAACGTACGAAA,25,991204
ecnBp,13.0,26,1,ACACTTCTCATTACTTCACC,25,1010105
ecnBp,13.0,26,1,AATTTATTGAGGCTAATTAT,25,997043
ecnBp,8.666666666666666,27,2,AATACAGCAACGCATCGTTG,25,997287
ecnBp,13.0,26,1,AAGGTAGTCAGGACTTAGTC,25,984922
ecnBp,12.5,25,1,TTGCATAGGGCTCGTACATT,24,1019669
ecnBp,12.5,25,1,TGTACATACGGTCAGTTGGC,24,1015647
ecnBp,12.5,25,1,TGGTTCCTTGAATAGTGGGT,24,1017751
ecnBp,8.333333333333334,26,2,TATGTTGGAAAGTGTGCGGT,24,986361
ecnBp,8.333333333333334,26,2,TACATGTCCGTGGATGAAGG,24,992732
ecnBp,6.25,27,3,TAAGATCTAGGACCTACCAC,24,973818
ecnBp,3.125,31,7,GTACGGCCGGGCGTCTATGT,24,972514
ecnBp,6.25,27,3,GGCACATTAGTCGCCTCATA,24,994850
ecnBp,8.333333333333334,26,2,GGAGCATCAACTGTACGTCT,24,992389
ecnBp,5.0,28,4,GCTCTTTATACAATTGCCAT,24,972384
ecnBp,4.166666666666667,29,5,GCCTATCAATCTATGCCGAG,24,976613
ecnBp,1.9230769230769231,36,12,CTTCGTAAGTCGGCGCACAG,24,980759
ecnBp,3.5714285714285716,30,6,CTAGAAGGCTGTTGTAAGTA,24,1011487
ecnBp,12.5,25,1,CGGTAATTGTGTCTAGGAAC,24,973976
ecnBp,5.0,28,4,CCTGGAATTCCGAGCACTAC,24,975111
ecnBp,12.5,25,1,CATTTAGGCCGAGGAAGACG,24,1024746
ecnBp,2.7777777777777777,32,8,CAGGTGTGCTGCATCGGTAA,24,1012853
ecnBp,3.5714285714285716,30,6,ATTGGGGGTATATGCTATCT,24,1000901
ecnBp,8.333333333333334,26,2,ATGTATACACCAGCACCATT,24,979873
ecnBp,12.5,25,1,ATGCAATTTGATAAGAGAAC,24,977580
ecnBp,4.166666666666667,29,5,AGTTCTAAGTACAGAGAGAC,24,978890
ecnBp,12.5,25,1,AGGGGGGCGCAGCTCTACGC,24,981861
ecnBp,8.333333333333334,26,2,AGCTTATCTGGGTTCGTCGC,24,1016964
ecnBp,8.333333333333334,26,2,AGCATGGTTCAGCAGTTTGT,24,988424
ecnBp,4.166666666666667,29,5,AGAGAATTGCTTTCTCTCGT,24,1014937
ecnBp,12.5,25,1,AGACGAGCTTGACACTTTGT,24,986141
ecnBp,12.0,24,1,TTATAGTCCCCTAGGTTCTG,23,1003534
ecnBp,3.4285714285714284,29,6,TGTCAACGTGTACCGGTTTG,23,981255
ecnBp,6.0,26,3,TGGTTCATAGTCCTAGTGAT,23,1005225
ecnBp,6.0,26,3,TGGAACTTAGTGTGACGAGT,23,1005669
ecnBp,4.8,27,4,TCGGCTTTTACATAACTTGT,23,985759
ecnBp,3.0,30,7,TCGAGAGGTAAGGGTTCAAA,23,1023355
ecnBp,8.0,25,2,GTTAGTCTTTATAATCTCGT,23,995426
ecnBp,3.0,30,7,GTGGTGATCCGGGACGTGTG,23,992041
ecnBp,3.4285714285714284,29,6,GTCTCTATCCGAAATGTAAA,23,977376
ecnBp,12.0,24,1,GGTGTATCGGGAAAAATTCT,23,974630
ecnBp,3.4285714285714284,29,6,GGTATTATGTGGAACGCCAT,23,1008756
ecnBp,6.0,26,3,GCTAAGAGTAACGCTAGATA,23,977201
ecnBp,12.0,24,1,GCTAACCTGTGCAATCAGTC,23,976189
ecnBp,6.0,26,3,GATGCGCGCGTGAGTGAATT,23,974438
ecnBp,12.0,24,1,GAGTAGAGGATCAGTTAATA,23,985763
ecnBp,3.4285714285714284,29,6,GACGGAAGACGCACAACCTG,23,977585
ecnBp,12.0,24,1,CGTCAAAATGATAACTTTAA,23,989474
ecnBp,3.4285714285714284,29,6,CGGGCTCACATAGTTCAGTC,23,972858
ecnBp,6.0,26,3,CGAATTGAGGGGGCACGTCT,23,986219
ecnBp,4.8,27,4,CCGCCGAACGATCCCCCAAG,23,987532
ecnBp,3.4285714285714284,29,6,CATTGACAATTTATCCACGA,23,1025821
ecnBp,2.1818181818181817,33,10,CATGGTAATTAGTATACATG,23,974676
ecnBp,4.8,27,4,ATCAACGATGCGCCAATCTT,23,1015601
ecnBp,12.0,24,1,AGTCCGGTACCCCGTCAGAT,23,1016201
ecnBp,6.0,26,3,AGGTTGGTCCATAAAACTTT,23,986530
ecnBp,6.0,26,3,AGATAGCCAGTCTGGTTTTC,23,1005792
ecnBp,12.0,24,1,AAGGTGCTTTCACGTAGGTT,23,1014502
ecnBp,12.0,24,1,AAAGTGACAACAAGGAAGCG,23,1002029
ecnBp,3.0,30,7,AAAATAGTGATTTTTCAATA,23,1006830
ecnBp,3.2857142857142856,28,6,TTTAATGGCGTACAGCAGTA,22,1017152
ecnBp,7.666666666666667,24,2,TGGGATGTCCTCGTAATGAG,22,972435
ecnBp,11.5,23,1,TGGAGTCCTAGGGTCGGTAT,22,1024344
ecnBp,11.5,23,1,TCGCGGAGCGTCTTGCCATT,22,1003402
ecnBp,4.6,26,4,TAAACTGTATTGGCCGCGCA,22,993261
ecnBp,11.5,23,1,GTGAGGGGCAAAAATGTCCA,22,994521
ecnBp,11.5,23,1,GCAGTCCCACACACTCTTAG,22,992787
ecnBp,4.6,26,4,GAGATTTGGTCGGGCGTTAT,22,978221
ecnBp,7.666666666666667,24,2,GAGACTTGAGAAGAGTAATA,22,992935
ecnBp,7.666666666666667,24,2,CTCTAATCAATCAGGTCGTG,22,999701
ecnBp,11.5,23,1,CTAGTGGTATTAAGATACCT,22,973837
ecnBp,11.5,23,1,CGGTACCGTGTACACGACGC,22,994273
ecnBp,7.666666666666667,24,2,CCTTCTGCCAGGATCAGCGG,22,1009763
ecnBp,3.2857142857142856,28,6,CCCCAGCCGTCTAGATTTAA,22,1016359
ecnBp,5.75,25,3,CACCGTAGGGGATAATGAGC,22,986334
ecnBp,11.5,23,1,CAAATCAGACTTAAAGGGTG,22,1011113
ecnBp,5.75,25,3,ACCGGGGATCGTCCGACTGT,22,990280
ecnBp,11.5,23,1,ACAGCCCGTCGATAACTCAC,22,1017089
ecnBp,11.5,23,1,AATCGTCAGGACCCGCGTCG,22,1015967
ecnBp,5.75,25,3,AACAGTCAACGACCCTTACA,22,1022985
ecnBp,5.75,25,3,AACAAACCGTCCCTACATGT,22,990779
ecnBp,7.333333333333333,23,2,TTTAATGTAAAAGAGCCCAC,21,1007307
ecnBp,5.5,24,3,TGTTATCTAACCAGGCATCT,21,1016472
ecnBp,7.333333333333333,23,2,TGCTCTGCAACAGTCTATCG,21,1027456
ecnBp,4.4,25,4,TCAGGGGTATTTGCGGAGCG,21,999975
ecnBp,7.333333333333333,23,2,TAGGCCACTTTGCCGTTACG,21,988429
ecnBp,5.5,24,3,TAGCGGATAGTTAAATCCAC,21,1013118
ecnBp,7.333333333333333,23,2,GGGTCCTTGAAGAATTCAAA,21,1024810
ecnBp,11.0,22,1,CTGGAAGAACCACTGTTCAC,21,1005713
ecnBp,4.4,25,4,CTCGCTAATACCGATGATCA,21,985855
ecnBp,11.0,22,1,CTCCCAGCTTGTTATACCAA,21,983327
ecnBp,5.5,24,3,CGTAAGCTTTTGTGGCTAAT,21,975712
ecnBp,5.5,24,3,CGGAACCAACCGGCCCCGAA,21,1006013
ecnBp,7.333333333333333,23,2,CCTTGCCGGGTGGGTCAATC,21,976472
ecnBp,5.5,24,3,CAAGTTGTAATGTACGGAAG,21,972253
ecnBp,11.0,22,1,ATTTCTCTCGCATACCTCAG,21,1010003
ecnBp,5.5,24,3,ATAGAGTTGCGCCTTGGAGC,21,991230
ecnBp,3.6666666666666665,26,5,ACTCCTCGTAAACCTCAGTT,21,991924
ecnBp,5.5,24,3,AACGTAACATTTAGGATGTA,21,990119
ecnBp,10.5,21,1,TTGAGTCATTGTGTCCGGCG,20,1015234
ecnBp,10.5,21,1,TGCCCTCGTGCATTTTTTTT,20,995722
ecnBp,7.0,22,2,TCAAACTGTGGTCGTCACAT,20,982064
ecnBp,5.25,23,3,GTGGCCTTTACTGATGGTCG,20,973994
ecnBp,5.25,23,3,GGTCGGAGTAGGGACTGATC,20,1007230
ecnBp,5.25,23,3,GGGTGAGAAAAGCTCGTGAG,20,978289
ecnBp,10.5,21,1,GCTCGCTGGCGCATAAGTTG,20,1013022
ecnBp,5.25,23,3,GCTCGCCAGTAGGCAGCTAT,20,994075
ecnBp,3.5,25,5,GCTAACAAAAGGGGCTACAT,20,1019631
ecnBp,5.25,23,3,GCGGTTTGTGCGGCCGTAAA,20,984414
ecnBp,10.5,21,1,GAGTCAGGTACGCAGAACCC,20,981377
ecnBp,4.2,24,4,GACCTGCATCCACATATCCT,20,1020143
ecnBp,5.25,23,3,CGTATTATTAATCGTCGGAG,20,990428
ecnBp,4.2,24,4,CCCGAGAGCACTTAGGGGAT,20,998143
ecnBp,10.5,21,1,CCCAAGTCGAGGTGGACTGG,20,972081
ecnBp,10.5,21,1,ATACGTCCTGTTGTCATTGG,20,981304
ecnBp,6.666666666666667,21,2,TCCTTCACCCTATTCAGCAG,19,988316
ecnBp,2.5,26,7,TATCGCTAGCGTAACGCTAT,19,986355
ecnBp,6.666666666666667,21,2,TAATGAAGGCACTGGCATTT,19,1002407
ecnBp,1.25,34,15,TAAAGTGGGTAGAATCGTAA,19,973765
ecnBp,10.0,20,1,TAAAGACTATTGATACTGCT,19,1026783
ecnBp,10.0,20,1,GGGGGTATAGGATAATCGAG,19,994942
ecnBp,6.666666666666667,21,2,GCTTGTGCGATGTTTGGCGT,19,999243
ecnBp,10.0,20,1,GAGTGCGAGCCAATGTCTGG,19,1006072
ecnBp,5.0,22,3,GAAGTCCCGGAGGTGCGTAA,19,1009822
ecnBp,10.0,20,1,GAACTCATGGGTCAGCGACA,19,984778
ecnBp,10.0,20,1,CGGCTAATACTGTTTATTTA,19,980661
ecnBp,5.0,22,3,CCGCACACAGGGAACTACAA,19,1002970
ecnBp,10.0,20,1,CCCAACGCTACTTGCCCAGA,19,999704
ecnBp,3.3333333333333335,24,5,CAGGAGGGCTACAAGGGAAC,19,973100
ecnBp,3.3333333333333335,24,5,CACACGTATGTACTCATGAA,19,981875
ecnBp,5.0,22,3,AGTGGTCATCTGAACCACTG,19,986894
ecnBp,5.0,22,3,ACGTACTGTCGCGTACTAGC,19,987681
ecnBp,2.2222222222222223,27,8,ACGGAGACGAGCTGCATGTT,19,989398
ecnBp,9.5,19,1,GGGTCTTCGTCCGGGCGTCA,18,997356
ecnBp,3.8,22,4,CTTTGGCATAGCAAGTGTGA,18,1002888
ecnBp,9.5,19,1,CTGTCATTTGTGGTTCACCA,18,1009016
ecnBp,6.333333333333333,20,2,CATATACATCTTTCGTCAAT,18,984653
ecnBp,9.5,19,1,ATGGAAGGTAGCTCCGATGC,18,981108
ecnBp,3.8,22,4,ATGACGAAGAGGTGCTCGTT,18,987181
ecnBp,6.333333333333333,20,2,AGGTACCGTGGATCTCCCTG,18,1011297
ecnBp,6.333333333333333,20,2,AGGGTGGGCTGCGCGTCAAC,18,980760
ecnBp,9.5,19,1,AGAAACGTCTGTTAGAGAAT,18,1001956
ecnBp,6.333333333333333,20,2,ACTTAATGAGCCCGCATCCA,18,997148
ecnBp,3.1666666666666665,23,5,ACGGGTAACGAACCCGCGGA,18,1004810
ecnBp,6.0,19,2,TGGATTCTGGCTTAATACTA,17,1023236
ecnBp,3.0,22,5,TGCTAGCCAGTGTGACATCA,17,973529
ecnBp,3.6,21,4,TACCTCGGTTTACCACTTCT,17,1013332
ecnBp,6.0,19,2,GTTAGCATGACTATTTCTGA,17,1007262
ecnBp,9.0,18,1,GCATGCAGGCCACTGGGCCG,17,994663
ecnBp,9.0,18,1,GCAGCTTGTATCTGCTATTT,17,1016820
ecnBp,9.0,18,1,GAACGTTATCTGAGCGCATT,17,974098
ecnBp,6.0,19,2,CTTAGCGGTAACAGATACAA,17,1011747
ecnBp,9.0,18,1,CGATGGGTCAGAGATTGACG,17,990173
ecnBp,6.0,19,2,CCTTGTATGCGTAGTAACCT,17,1000261
ecnBp,4.5,20,3,CCGAGTCGTGGACTGGGGCT,17,1015856
ecnBp,3.6,21,4,CATTGGCAATTAGTGGTATG,17,999505
ecnBp,9.0,18,1,CAGCAATAGCTTCCACATGT,17,986076
ecnBp,3.6,21,4,ATATTATGTGCCACGTTCGA,17,987750
ecnBp,9.0,18,1,ACCTTAAGGGCGACAGTTTA,17,1010589
ecnBp,8.5,17,1,TTGTTTAGAGTGATGCAGTA,16,993821
ecnBp,5.666666666666667,18,2,TTGTCTGAATTTTTGGTGCT,16,985275
ecnBp,8.5,17,1,TTGCGTAACTAAGAACACAT,16,1027576
ecnBp,4.25,19,3,TGGCATATCACGTCATGTGT,16,996261
ecnBp,4.25,19,3,TGCAGGGAATAGCCATCGGG,16,981740
ecnBp,5.666666666666667,18,2,TCCATGAACTGTGTGGGATT,16,1001418
ecnBp,1.5454545454545454,26,10,TACGTGACTTCCACAGCATC,16,988644
ecnBp,5.666666666666667,18,2,GCGCCACAGGTCGAGCCACA,16,1007997
ecnBp,2.8333333333333335,21,5,GCAGTTAGCTTCGTTCTGCT,16,992666
ecnBp,8.5,17,1,CGGCCCAGTGTTAATCCCTT,16,1023503
ecnBp,8.5,17,1,CCCGGGGATCGGAACACTTC,16,979554
ecnBp,8.5,17,1,CCCATTGCCTAGCATTAATG,16,983293
ecnBp,8.5,17,1,ATGTGCTAGCATACTGTTGA,16,981020
ecnBp,4.25,19,3,AGTTAATGATTAGAGAATCT,16,1001627
ecnBp,3.4,20,4,AGAATAATCCAGTGCGGTTT,16,1013270
ecnBp,8.5,17,1,ACAGAGTACTGGGGGTCCGC,16,992350
ecnBp,3.2,19,4,TTATGCTATCTTACCGGCGC,15,1012618
ecnBp,5.333333333333333,17,2,TGTTCAACATTCCGGACTAT,15,993322
ecnBp,8.0,16,1,TGGGATCGGCCTGACTAAAG,15,1027641
ecnBp,3.2,19,4,TCTCGTCGGAAGTTTGGCAG,15,973425
ecnBp,5.333333333333333,17,2,TAGATTGGGTCCATAAGATC,15,978889
ecnBp,3.2,19,4,TACATCCCTATCGGGGCGTT,15,990141
ecnBp,8.0,16,1,GTACAGGCCCTACACATGCT,15,976918
ecnBp,8.0,16,1,GCGTCTAACGGAGGACATTG,15,1025135
ecnBp,2.0,22,7,GCCTTCCTATTGGGGTCACT,15,1015552
ecnBp,3.2,19,4,GATACAAGAAAGGGAAACCG,15,988665
ecnBp,4.0,18,3,CTCGTAGGATACTAACACGG,15,987733
ecnBp,1.4545454545454546,25,10,CCGAATCCATATCTTCAACC,15,979222
ecnBp,8.0,16,1,CACGTGCCCCCGGCGAGGGT,15,993824
ecnBp,8.0,16,1,ATCGTGCAACCCTCCAGAAT,15,975271
ecnBp,5.333333333333333,17,2,ACCGCGACCGGTGATCACCT,15,1012185
ecnBp,5.0,16,2,TTTTCGAGCTGTGAACTGGA,14,1012769
ecnBp,2.142857142857143,20,6,TTTTACACTGTTGATCAGAA,14,1008968
ecnBp,2.142857142857143,20,6,TTGCTGCGACGAGGGGGGCA,14,1019802
ecnBp,7.5,15,1,TGTCACTGTCCTCACCGTTG,14,994528
ecnBp,2.5,19,5,TCAATGCCTGTGGATGGCAT,14,978522
ecnBp,1.5,23,9,GGCCGGGGAGCATCGGTGGT,14,973634
ecnBp,7.5,15,1,GCTTACGGTTATGAAAAAAA,14,1023648
ecnBp,5.0,16,2,GCGATCACGTGTCAACAGAC,14,981085
ecnBp,7.5,15,1,GCAAAACCATCCGCAAGGCA,14,971988
ecnBp,2.142857142857143,20,6,GATGTTCAGTCTTATCGGAG,14,1003732
ecnBp,2.142857142857143,20,6,CTTGAGGAACCATTCAGTCG,14,994990
ecnBp,2.142857142857143,20,6,CTTCCCTCAGCTTCTTGCGC,14,975359
ecnBp,7.5,15,1,CTGTATGAAAACGATTGAAT,14,991818
ecnBp,7.5,15,1,CTAACTGGTGCACGTCAAAT,14,984517
ecnBp,7.5,15,1,CGTGAGTTCCAAATCGCAGT,14,1022473
ecnBp,3.75,17,3,CCCCGCAAATTGTAGTATCT,14,982599
ecnBp,7.5,15,1,ATACACAAATTTGACAATCA,14,1017511
ecnBp,3.0,18,4,AGGAAGAACAATACTAGACT,14,1001376
ecnBp,2.8,17,4,TGGGTCTAACCTAACGCATG,13,990293
ecnBp,7.0,14,1,TGGGATAGCAGACAACGACT,13,1004081
ecnBp,4.666666666666667,15,2,GTCTTAACAAAAGTAGGTGA,13,1004082
ecnBp,7.0,14,1,GTAGGACCACAGCACTTTAG,13,990638
ecnBp,7.0,14,1,GTAATCTACTAAGAGTAATT,13,1025824
ecnBp,4.666666666666667,15,2,GCCTCTATACCTATCGGGAG,13,991984
ecnBp,4.666666666666667,15,2,CTCCTGCAATTTCAATTAAT,13,1006030
ecnBp,7.0,14,1,CGGGCGCCCTCTCCAAGTCA,13,1007323
ecnBp,3.5,16,3,CGATTTCCTAGCTTACTGCG,13,989920
ecnBp,7.0,14,1,CATAGTCGCATGTCCTTTAT,13,1000611
ecnBp,4.666666666666667,15,2,ATGCCAGAGTTAGTTAATCC,13,980509
ecnBp,7.0,14,1,AGCCAACGGATACGGCTATT,13,992348
ecnBp,2.8,17,4,ACTTATCAGCTTCATCGAGA,13,1013582
ecnBp,3.25,15,3,TTCTAGTAGTATAGGTAAGA,12,1023551
ecnBp,3.25,15,3,TCTTCGCCCCACCTGCGGTT,12,990896
ecnBp,6.5,13,1,GGATTCCGCCTATGGGGATC,12,977968
ecnBp,6.5,13,1,GCCCATGGACGAGGCACTCA,12,1002529
ecnBp,6.5,13,1,CCGTTCACGCAACACTGGCT,12,974202
ecnBp,3.0,14,3,GTGGGATCGGTACCTCTGGC,11,974480
ecnBp,6.0,12,1,GTGACAAGGAATCGACGGAC,11,987562
ecnBp,3.0,14,3,GTCAACTGATTTCCTAGCTG,11,1024320
ecnBp,1.7142857142857142,17,6,GATTCACATGCTCCACCGAC,11,991843
ecnBp,6.0,12,1,CTCAAAATTCGTTGTATTGG,11,1020457
ecnBp,4.0,13,2,CATTTAGAGTAGCAGCGCTT,11,1002267
ecnBp,1.0,22,11,CATATAAGGTACAATCGGTG,11,995527
ecnBp,6.0,12,1,ATTTGCATTAACAACCCGTA,11,992397
ecnBp,2.4,15,4,ACCCAATACACCTCGCATTA,11,981753
ecnBp,6.0,12,1,AAGTGTCTAGACGACTGCCA,11,1016769
ecnBp,3.6666666666666665,12,2,TGGTGCTATTCCAGAGAAAC,10,1002663
ecnBp,3.6666666666666665,12,2,TGCCGCCGTGCATTTGAGAA,10,985810
ecnBp,5.5,11,1,TAGGACCACCCATCCGTCTC,10,1011811
ecnBp,3.6666666666666665,12,2,GTCGACTAATGATATCGCAA,10,978835
ecnBp,3.6666666666666665,12,2,GAGCAGTGTCAGATCGTCTA,10,1002481
ecnBp,2.2,14,4,CTCGGTTAAGGTCAATTTGT,10,982603
ecnBp,2.75,13,3,CCTCCGCCTGGAATAATAAT,10,985243
ecnBp,5.5,11,1,CCGGACGGTGTCTAGTGGGA,10,1010600
ecnBp,1.8333333333333333,15,5,AGCTATGTGTGTATTTTCTC,10,1015298
ecnBp,5.5,11,1,ACACATATGACTTTATTTTT,10,988336
ecnBp,5.0,10,1,TTCGCTGAAAGCCGCTTCCG,9,995499
ecnBp,3.3333333333333335,11,2,TTACGCCAGACTGCGGGTAT,9,996494
ecnBp,2.0,13,4,TGGGATTATGTAGCACGGGT,9,1007309
ecnBp,5.0,10,1,TCCGGATCATAGGCGGGATC,9,995922
ecnBp,3.3333333333333335,11,2,TATGCCATTAACAACAGGCT,9,1012065
ecnBp,5.0,10,1,GTGGGAGACATCGGCCTTGA,9,1007224
ecnBp,1.6666666666666667,14,5,GGCTTACTAGACGAGGCTTT,9,1019937
ecnBp,5.0,10,1,GATGTGCGAGAAGGGTCGCG,9,1013376
ecnBp,1.6666666666666667,14,5,CCCCCACCAATGTGCTATAT,9,1024597
ecnBp,2.5,12,3,CCAACTTTTTCCCTGAACCA,9,989731
ecnBp,2.5,12,3,AGCGGATCAGTACACAAAAT,9,1001894
ecnBp,5.0,10,1,ACTGCCGTGCGCGGAGCAAG,9,989802
ecnBp,5.0,10,1,ACGCACCGATCTTTGTAAAT,9,1014532
ecnBp,5.0,10,1,ACAGCTCATCTGTCATTTTC,9,1005398
ecnBp,4.5,9,1,TTTGTGTGTAGTCGCTTACA,8,1023363
ecnBp,3.0,10,2,TCTGAGTAGTGCCGTTACTT,8,989294
ecnBp,4.5,9,1,TCGGCTTGGCCAAATAATAG,8,994669
ecnBp,1.5,13,5,TATTACTTAATGGTGTCGAA,8,1006122
ecnBp,1.8,12,4,GTTAATTCATCGCCTCAGAC,8,996554
ecnBp,4.5,9,1,GTATAGGCTCCAATAGCCAG,8,1019608
ecnBp,3.0,10,2,CTTGAGGCGGGGGTTTCATC,8,988985
ecnBp,4.5,9,1,CGTCGAAAGTATCGTGTAGT,8,1015551
ecnBp,2.25,11,3,CAAGGTTATGTATCGCTACT,8,1023391
ecnBp,2.25,11,3,ATACGTGTAAGTCCGTTCGA,8,1014282
ecnBp,4.5,9,1,AGGCAGCTGATGTACTTACT,8,984127
ecnBp,2.25,11,3,AATCGCAATAGGATTTAAGA,8,1004760
ecnBp,1.6,11,4,GTGTTACTGCGGCCGAGGTT,7,976240
ecnBp,0.8888888888888888,15,8,GAGATGGACCCATAGATGAT,7,999974
ecnBp,4.0,8,1,ACCGTAGTTTGGTAGGGCCA,7,1022979
ecnBp,3.5,7,1,TTAATCGATGGACTTGGACT,6,1013138
ecnBp,1.75,9,3,TAGCATCCATAGTTTCCCCG,6,986133
ecnBp,1.4,10,4,GGCACTACCATTTGACTGGA,6,1016868
ecnBp,3.5,7,1,GGACGGTGATGAAAATACAT,6,1014991
ecnBp,1.75,9,3,GAGGAACGCCACATCCCGAA,6,987423
ecnBp,3.5,7,1,CTTGCTTTCGCAATAAGATA,6,988869
ecnBp,2.3333333333333335,8,2,CCCGGGAAGTGGGGATTGGA,6,988128
ecnBp,1.75,9,3,CAATTCATGCGGCGCCATTG,6,982877
ecnBp,1.4,10,4,ATGGTACTATGGTTTTGTCC,6,1021747
ecnBp,3.5,7,1,AGGATGAGACCCAGCCGAAT,6,1011866
ecnBp,2.3333333333333335,8,2,ACCCTCAGCGGGGGAATTCC,6,990061
ecnBp,3.0,6,1,TAAAGGAAGTTTGCTGTAGA,5,1025848
ecnBp,2.0,7,2,GCAGCTAAGGGCCTATTCGA,5,1022250
ecnBp,0.75,12,7,GAGTTGTCACTAAGAGTGAA,5,974482
ecnBp,2.0,7,2,CATGGGAGGGTTCGCCGAGA,5,990456
ecnBp,3.0,6,1,ATTTCAAAAATTTCACGGTC,5,1003685
ecnBp,0.8571428571428571,11,6,ATTGCTTTAGGAACCCCAGT,5,989087
ecnBp,2.0,7,2,ATCAGAGAAGCCTGACCACG,5,994425
ecnBp,3.0,6,1,ATAACTCGGCCCATGAACTG,5,1018180
ecnBp,1.2,9,4,AGCGTAGGCAGCACGGCAAA,5,978069
ecnBp,2.5,5,1,TTTTGGGCCTCGCAAGTTAG,4,974950
ecnBp,2.5,5,1,TTTACCGGACTAAAAGTATT,4,980243
ecnBp,2.5,5,1,TGTTTTTTGTGGATGCCAAT,4,983990
ecnBp,0.625,11,7,GCGCGGCCCGCTTTCTACCT,4,1007662
ecnBp,1.25,7,3,GCAGTAGTTACTACGTCACT,4,995064
ecnBp,2.5,5,1,GATAGAGGTCCACCCGACGC,4,980691
ecnBp,2.5,5,1,GAAACCACATAGTACTCGGA,4,998264
ecnBp,2.0,4,1,TTTCCTGTCGTCCGCATAGA,3,1018158
ecnBp,2.0,4,1,TTCTTACGCTCGGTCGGGCA,3,1012638
ecnBp,1.3333333333333333,5,2,TTCGATCAGCTTACTATCGT,3,1008641
ecnBp,0.5714285714285714,9,6,TGAGGCCGAAAAGTTCTGAT,3,994281
ecnBp,1.3333333333333333,5,2,TATCAGTACTTCCACGTAGT,3,979034
ecnBp,0.8,7,4,TACAGGGACACAAGTGGTTG,3,1024628
ecnBp,2.0,4,1,GTAGACATATCATATTCGTC,3,989980
ecnBp,2.0,4,1,GGGGGCAGGTCTAGAGAAGT,3,978134
ecnBp,1.0,6,3,GGGCCTTTACAAACTCTTCT,3,973717
ecnBp,1.3333333333333333,5,2,GCTCCGCGCAGTCCGATTTT,3,993807
ecnBp,2.0,4,1,GATGTCCCATCCCCCCTGAT,3,1021673
ecnBp,0.3333333333333333,14,11,GACAAGCCAAAACCTCACGA,3,997350
ecnBp,2.0,4,1,CTAATAAGTTATTACCGCGG,3,997589
ecnBp,1.0,6,3,CGACTGGAGATCGGCAGGTA,3,1018673
ecnBp,2.0,4,1,CACTCCGGGCCACAATATTT,3,1026647
ecnBp,2.0,4,1,CACCTTTCAAGTAGACACTT,3,1019319
ecnBp,0.6666666666666666,8,5,CAAGTGCACAGCCCGATCAA,3,1000987
ecnBp,0.8,7,4,ATGTGGTGGGCTGGAGGTGC,3,998308
ecnBp,1.3333333333333333,5,2,ATCTGAGAACAAAGGTTCAC,3,1009439
ecnBp,1.3333333333333333,5,2,AGCAAACTGCCATACCACCT,3,986453
ecnBp,2.0,4,1,AACTCTTAGACTATCGCTAA,3,998974
ecnBp,0.5,7,5,TTCGGCGACCCACTGCACAG,2,985539
ecnBp,1.5,3,1,TGGCGATATAGTTCACAGTT,2,973411
ecnBp,1.5,3,1,TGGACTAGCGGACGTCCTCA,2,1013408
ecnBp,1.0,4,2,TGGAAAGTGTTCCTCCTGCA,2,988258
ecnBp,0.375,9,7,TCGAGGTTCGCGCTCATAAT,2,980258
ecnBp,1.0,4,2,TCCCGGCTCAAGGGACAAAT,2,975954
ecnBp,1.5,3,1,TCCCCCGGATAAAACCTGTA,2,1011526
ecnBp,1.0,4,2,TCAGGTTTGTCGATTGCCGT,2,977027
ecnBp,0.5,7,5,TAATGTCACTGCAGAACTTA,2,993567
ecnBp,1.0,4,2,TAACGGTCTAGCAGGAACGT,2,1022198
ecnBp,1.5,3,1,GTTTCCGTTTATAGTGGAGT,2,985227
ecnBp,0.75,5,3,GTTATGCCGTCTACAACCGA,2,984353
ecnBp,0.6,6,4,GTCCAGCGCCACTAGAATAC,2,1006369
ecnBp,0.5,7,5,GTAAATGAGACAAAGTGCGC,2,996081
ecnBp,1.5,3,1,GGTACGCACCTCAATGGATA,2,979245
ecnBp,1.0,4,2,GGATTTCCTACCCGATGGCA,2,1010087
ecnBp,0.6,6,4,GGAACATTGGTGGGTGGGAG,2,1018725
ecnBp,0.5,7,5,GCCACAACAAGTACACATTT,2,972467
ecnBp,1.5,3,1,GCATGTGGGGAATGCTAGTT,2,991109
ecnBp,1.5,3,1,GATCGAAGATAGGAACAACG,2,973986
ecnBp,1.0,4,2,GAGGCGGGCCGTTTACGTCT,2,973045
ecnBp,1.5,3,1,GAGGAGAGTTCGGTTAGCTC,2,1000667
ecnBp,1.5,3,1,CTTATATGACTTCAGATTCA,2,988043
ecnBp,1.5,3,1,CTTAACGAAGGACCTAAGCA,2,1026396
ecnBp,0.6,6,4,CTCCGCTTCCGTCACCATGG,2,1027671
ecnBp,1.0,4,2,CTCATTCCACGCTTACAGTA,2,996849
ecnBp,0.75,5,3,CTATAAACGCTTCAGGATAT,2,1003331
ecnBp,0.2727272727272727,12,10,CTAGCATTTGGTCGCGACTA,2,994412
ecnBp,1.5,3,1,CGGGTGGATGCTAGACCCGG,2,1019461
ecnBp,1.5,3,1,CGGCGCTTATCTCTAACCCT,2,1004015
ecnBp,0.75,5,3,CGAGGGGCGTGTTTTGGAGG,2,976905
ecnBp,0.6,6,4,CCGGGTCTTTTGGGCCATCT,2,987013
ecnBp,1.0,4,2,CCGGGCCGCGCGATGGTAAG,2,1011633
ecnBp,0.5,7,5,CCGGGACTGTTAGTCCCGCA,2,994350
ecnBp,1.0,4,2,CCGGCATTCATAAAGGCGAG,2,996379
ecnBp,0.75,5,3,CCGGAACGGGTACTTTATGA,2,1023468
ecnBp,1.5,3,1,CCCGTTGGGGTAAGTATTGA,2,1021147
ecnBp,1.0,4,2,CCCCGCCAACAAAGAACAAT,2,987964
ecnBp,1.5,3,1,CCAATGAGACAACATAACTT,2,1007295
ecnBp,0.6,6,4,CAGTGGCGACCATAGCAATA,2,1022809
ecnBp,0.42857142857142855,8,6,ATAATGTTACTAACGGTCTC,2,1025846
ecnBp,1.0,4,2,AGTTCTGAGAGCTGGCATGA,2,1023420
ecnBp,0.5,7,5,AGTTCCTCTTCGGAAGTTAC,2,996320
ecnBp,1.0,4,2,AGTATTAAGTAGGTACGCAG,2,980690
ecnBp,0.75,5,3,AGGGAGAATAAGGACCCGAT,2,981014
ecnBp,1.0,4,2,AGGAGTAAGTTCTTGCTGGT,2,995320
ecnBp,0.6,6,4,AGCGTGGTCGTCCATATCCC,2,1015505
ecnBp,0.6,6,4,AGCAAGGCGAAGTTCTTTAG,2,1014178
ecnBp,0.5,7,5,ACCCTGGGAGCATCTCACAT,2,1003150
ecnBp,1.5,3,1,ACATCACTCCGACATGAGAT,2,1006424
ecnBp,0.5,7,5,AATATCTTGGCCCTTGGCTG,2,974576
ecnBp,1.5,3,1,AACGGGCATCCTGTAAAAGG,2,1002772
ecnBp,1.5,3,1,AAAGCCAGCAGAGGAACTGT,2,1019795
ecnBp,1.5,3,1,AAAGCCAAAGCAGGTTGGAC,2,1024155
ecnBp,0.5,4,3,TTTTTATAGTACTTCAAGGT,1,1000287
ecnBp,1.0,2,1,TTTTATTGCTCTCGTCTTAT,1,1002492
ecnBp,1.0,2,1,TTTTAGCGCACACTTCGTAG,1,981205
ecnBp,1.0,2,1,TTTGTCTTTATAAGCTGTGT,1,976101
ecnBp,0.6666666666666666,3,2,TTTCTGTGTGGGCGTAGAGT,1,997616
ecnBp,1.0,2,1,TTTCATATCTCAATCTTGCA,1,1023856
ecnBp,1.0,2,1,TTGTGGTCGTTACCTTACAC,1,1013606
ecnBp,0.4,5,4,TTGGGTGCCCGCCTGGGCGA,1,1007108
ecnBp,1.0,2,1,TTGGCATAACTACGTTGCCC,1,993419
ecnBp,0.5,4,3,TTGCTTGTCATGCACTGGCA,1,988113
ecnBp,1.0,2,1,TTGACGGATCTGCCCCGCTA,1,1007368
ecnBp,0.6666666666666666,3,2,TTCTGATTGCATCTGTGCTG,1,1014117
ecnBp,1.0,2,1,TTCTCTTGTGTTAGTAGCAA,1,976424
ecnBp,1.0,2,1,TTCTCAGAAACGATAGCAAA,1,988810
ecnBp,1.0,2,1,TTCCGCAAATCGATGGACAT,1,975366
ecnBp,0.6666666666666666,3,2,TTATCGCGCGGGTAAGGAGA,1,1010267
ecnBp,1.0,2,1,TTATCGACGTTCTAAGCTAC,1,990598
ecnBp,0.5,4,3,TTAGATATTCTAGAGGGCAT,1,1006547
ecnBp,1.0,2,1,TTACTGGTGAACCGAATCTC,1,1007615
ecnBp,0.18181818181818182,11,10,TTACGCACTGTTGGGACTCG,1,973152
ecnBp,0.6666666666666666,3,2,TTAACATCGAGGTGAGACCT,1,976756
ecnBp,1.0,2,1,TTAAAATGAGCCATTCAGAG,1,998463
ecnBp,1.0,2,1,TGTTTGTACTAAGTTGGAAT,1,1015513
ecnBp,0.6666666666666666,3,2,TGTTGGCTCATTATGAGCGT,1,1007978
ecnBp,0.5,4,3,TGTTAGATGGGCTCTGGCTT,1,1007625
ecnBp,0.5,4,3,TGTGTGAACACGGATACAGA,1,995049
ecnBp,0.5,4,3,TGTGGGTCAAACGGGAGTGA,1,1023186
ecnBp,0.6666666666666666,3,2,TGTCCTACTCTCGCAATGCG,1,983811
ecnBp,1.0,2,1,TGGCGAATAGCGCATTGCTC,1,994922
ecnBp,0.6666666666666666,3,2,TGGCACAGTGTACGCGACCT,1,972773
ecnBp,1.0,2,1,TGCTCTAGCCCGGCGCTGTC,1,983281
ecnBp,1.0,2,1,TGCTCATTATTATAGGTTCC,1,1012545
ecnBp,0.4,5,4,TGCGTCCATGTCCCCCATCA,1,1019726
ecnBp,1.0,2,1,TGCGATTGGATTCTAATGCA,1,1026750
ecnBp,0.6666666666666666,3,2,TGCGAGGGCATTACCTAAAC,1,982919
ecnBp,0.5,4,3,TGCCCGCATTCCCATTAGGA,1,972136
ecnBp,1.0,2,1,TGCCAGTTTTCGCGATACCG,1,984920
ecnBp,1.0,2,1,TGCATTGTTTCAGTCTCCGG,1,996843
ecnBp,1.0,2,1,TGATTTAACTGATTCGGCAT,1,972264
ecnBp,0.6666666666666666,3,2,TGATTCAGCTAAAACCTGTG,1,1024072
ecnBp,1.0,2,1,TGATGGGCTGACGTTATCAG,1,1012564
ecnBp,1.0,2,1,TGAGGCGCTATGTCTGTTTC,1,984879
ecnBp,0.6666666666666666,3,2,TGACCGCCCACCGAGAAGCG,1,1027438
ecnBp,1.0,2,1,TGAACATTATACCGGGGCGT,1,1025333
ecnBp,0.2857142857142857,7,6,TCTTTATGACTACCTACGAA,1,984205
ecnBp,0.2857142857142857,7,6,TCTTCCTAGCTATTGCTGGA,1,989932
ecnBp,0.6666666666666666,3,2,TCTTAGACAACGCAACACCT,1,978168
ecnBp,1.0,2,1,TCTGCGCAGGGTCATGGAAC,1,976828
ecnBp,1.0,2,1,TCTGCAGCTGATACTAAAGT,1,1013378
ecnBp,0.6666666666666666,3,2,TCTCTCGCGGAATCCCATAA,1,1013778
ecnBp,0.5,4,3,TCTCGGATCACGTCGCTCGT,1,987797
ecnBp,0.6666666666666666,3,2,TCTCCGGCCCAGTATAGGTG,1,1013557
ecnBp,0.2857142857142857,7,6,TCTCAACCTAATCCGTAGCG,1,1009523
ecnBp,0.16666666666666666,12,11,TCTATATGCATTTGCGAGAA,1,1023460
ecnBp,0.5,4,3,TCGGCAGACTGGGAGTAAGA,1,993155
ecnBp,1.0,2,1,TCGGATAAGTTATGGTTACT,1,976147
ecnBp,0.2,10,9,TCGGATAACAGGAACGTCTA,1,972286
ecnBp,0.18181818181818182,11,10,TCGGAATGAACTGCAGTGTT,1,1004394
ecnBp,1.0,2,1,TCGCTGGCTTCTATGTCCAG,1,999188
ecnBp,1.0,2,1,TCGCTGCGTCCATTGATAAA,1,979404
ecnBp,0.6666666666666666,3,2,TCGCCTTGCAATCCTGCCCC,1,1005260
ecnBp,1.0,2,1,TCGCCAACCTCCGCTTTTGA,1,989383
ecnBp,0.4,5,4,TCGATACGGCCTTACGTCCG,1,1008154
ecnBp,1.0,2,1,TCCTCGTAACAAACTGCCGC,1,973931
ecnBp,1.0,2,1,TCCGGTTTCCTGAGTGGTCC,1,1006278
ecnBp,0.5,4,3,TCCGGGCCACCCATCTGGGT,1,1019592
ecnBp,1.0,2,1,TCCGAACCGTGAACTTAGAA,1,1013491
ecnBp,0.3333333333333333,6,5,TCCCTTTCACGGGTTATAAC,1,972603
ecnBp,0.2857142857142857,7,6,TCCCGCAGACCGTTTGCATC,1,975636
ecnBp,0.5,4,3,TCCCCTAGCATTCTATAGAA,1,988766
ecnBp,1.0,2,1,TCCCAGCGGATCAATGCGAA,1,1005734
ecnBp,0.6666666666666666,3,2,TCATATGTGGGAGCGTGCCG,1,984616
ecnBp,0.5,4,3,TCACTGAGGCTGTCATAGAG,1,1020421
ecnBp,0.6666666666666666,3,2,TCAATTATGCTCTATCAGTT,1,980932
ecnBp,1.0,2,1,TCAAGCTAATCACTGATAAA,1,995023
ecnBp,1.0,2,1,TATTGTCTAACATAAACCCT,1,998151
ecnBp,0.6666666666666666,3,2,TATGTCGCAATGATTAAGGC,1,988363
ecnBp,0.6666666666666666,3,2,TATGTAACAAATAATAAGTT,1,984432
ecnBp,1.0,2,1,TATGCTTTATCTATGGTAAA,1,973682
ecnBp,0.6666666666666666,3,2,TATGCGGAATGGTTTTCTTA,1,1009732
ecnBp,0.18181818181818182,11,10,TATCTTGCCCTATGGGGGTA,1,989053
ecnBp,1.0,2,1,TAGGTGTTCCAGCGCCTTGA,1,994500
ecnBp,1.0,2,1,TAGGGCTAGACGACACGCAG,1,987759
ecnBp,0.4,5,4,TAGCGACGCTGCAGGACGAG,1,981953
ecnBp,1.0,2,1,TACGTTAGGGTATGAAGCTA,1,1021102
ecnBp,0.4,5,4,TAATCATAGAACCTGAACAG,1,1019120
ecnBp,0.5,4,3,TAAGCGGAACTCATCTGGTC,1,978560
ecnBp,1.0,2,1,TAAGCACAGGAATTAGGAGC,1,1001846
ecnBp,0.6666666666666666,3,2,TAACTGTATACAGAGCTGAT,1,1003366
ecnBp,1.0,2,1,TAAAGGTTTAGCATGTCCTT,1,992962
ecnBp,0.6666666666666666,3,2,TAAAGCCGTTCCATAGAGGG,1,975371
ecnBp,0.4,5,4,TAAACGCAGGGTTTCTAACA,1,978580
ecnBp,0.6666666666666666,3,2,TAAACAGACCGCGCAATGAA,1,1010278
ecnBp,0.2857142857142857,7,6,GTTTGGACCATGTGTCTAAC,1,1006391
ecnBp,1.0,2,1,GTTTAGTTACGGGATTTCAT,1,972882
ecnBp,0.6666666666666666,3,2,GTTTACTGGCACAAAGCACC,1,976552
ecnBp,1.0,2,1,GTTTACATCAGAAGGGCACT,1,990257
ecnBp,0.5,4,3,GTTTAAAGGAGACTCGGAGA,1,987596
ecnBp,1.0,2,1,GTTGTGCCAAGTCCTCCGAT,1,997152
ecnBp,0.4,5,4,GTTGCAGTAGAAGCCCGGTG,1,1025867
ecnBp,0.5,4,3,GTTAGCGAGCCTCTTCTGTG,1,982322
ecnBp,0.4,5,4,GTTACCACCTGACTGTGTTA,1,987229
ecnBp,1.0,2,1,GTGTACGAGTCAGCGGGAGT,1,975016
ecnBp,0.4,5,4,GTGCTCGCACTGCCCAGGAT,1,998197
ecnBp,0.6666666666666666,3,2,GTCGCAGAATAAGGGGCCGA,1,1021760
ecnBp,0.4,5,4,GTCCGTTTTAGGCCGGGCAT,1,978987
ecnBp,1.0,2,1,GTATTGGCGAAATACACTGC,1,1027370
ecnBp,0.2,10,9,GTATTGCTGTACCTGGGTCG,1,1012229
ecnBp,1.0,2,1,GTAGGGCGATCCGGGCCTCA,1,1018382
ecnBp,1.0,2,1,GTAGATCTAAATTCGTGATG,1,975989
ecnBp,0.6666666666666666,3,2,GTACTTGGTTGGGCGTCAAG,1,1024134
ecnBp,0.4,5,4,GTACGGCACGTCATTGGAGA,1,998582
ecnBp,1.0,2,1,GGTCGTAGCAAGGCGATTCT,1,1016034
ecnBp,1.0,2,1,GGTAGAGGCACCGCAGAGAG,1,1024708
ecnBp,0.6666666666666666,3,2,GGGGTCCACGTCCGAGAGGG,1,1002672
ecnBp,1.0,2,1,GGGGCCGGCACTGTGCGAGG,1,1010486
ecnBp,0.6666666666666666,3,2,GGGGATCGCAATATTCGCCA,1,1021263
ecnBp,1.0,2,1,GGGCTCACTGGTGTTTATAC,1,1014047
ecnBp,0.6666666666666666,3,2,GGGCGCCGGCGGAAATACAA,1,1022237
ecnBp,1.0,2,1,GGGAGGAACAGCTGGAATTG,1,988357
ecnBp,0.4,5,4,GGGAAGCGGATAAGTGACCC,1,991695
ecnBp,1.0,2,1,GGCTACGCCGTATAAATGGT,1,1010523
ecnBp,0.5,4,3,GGCGCACTCGGAACTCGGTC,1,1012360
ecnBp,1.0,2,1,GGCCGAATTTACGAAATAGA,1,1017736
ecnBp,1.0,2,1,GGCCCTCATGTAGCGATCGG,1,998759
ecnBp,0.6666666666666666,3,2,GGCAGTACACCGCATTGCAA,1,987083
ecnBp,0.4,5,4,GGATTGGGTACTGACAATTT,1,972820
ecnBp,0.4,5,4,GGAGCATTCGGGAGACTAAG,1,972466
ecnBp,1.0,2,1,GGACGGCGGTTTGGTATGAT,1,996782
ecnBp,0.4,5,4,GGAAGTTGGTTGGCATTCTC,1,1012763
ecnBp,0.6666666666666666,3,2,GGAAATACACCCTTTGGGCA,1,977884
ecnBp,0.3333333333333333,6,5,GGAAACAGTTTCCTACATCA,1,1004729
ecnBp,0.4,5,4,GGAAAATGTCACGGTGGAGG,1,976945
ecnBp,0.6666666666666666,3,2,GCTGGGGGGAGTCTATTTAC,1,1019248
ecnBp,0.25,8,7,GCTGGGAATTCCTTTATTCA,1,984768
ecnBp,1.0,2,1,GCTGGATCAGGGTCTCGATT,1,1007745
ecnBp,0.4,5,4,GCTCTTAGTAGCAGTTTCGT,1,983886
ecnBp,0.4,5,4,GCTAGTGGTAAGGCGCTCCT,1,1019601
ecnBp,0.5,4,3,GCGGTTTCTGTGGGGAAGAA,1,995227
ecnBp,0.4,5,4,GCGGTCTTTTTGGGAAACAT,1,999498
ecnBp,1.0,2,1,GCGGCCGCAAAGAGTGGAGC,1,1003719
ecnBp,0.6666666666666666,3,2,GCGCCCACTATAGTGCGTGT,1,981584
ecnBp,0.5,4,3,GCGCAACTTGGGGCGTCCAC,1,994386
ecnBp,0.4,5,4,GCGAGACTTACCTCGATTAA,1,993862
ecnBp,0.5,4,3,GCGACCGAAAAGACCGGAAC,1,989659
ecnBp,0.6666666666666666,3,2,GCGAATCAGGCGACTCCAAT,1,1008050
ecnBp,0.5,4,3,GCGAAAGCAGACTCGGTCAA,1,1016956
ecnBp,0.25,8,7,GCCTGGTTGTGGGTATGCAA,1,991027
ecnBp,0.5,4,3,GCCCGAGCGTAGAGGGGCGT,1,974242
ecnBp,1.0,2,1,GCCATTGGCACCTCGATTAA,1,982964
ecnBp,0.6666666666666666,3,2,GCCATCCCTGGTATGGAGTG,1,1018334
ecnBp,0.18181818181818182,11,10,GCCACTCCACGTAATTTAGG,1,979553
ecnBp,0.6666666666666666,3,2,GCCAAGTGACACGCCCGCCA,1,1015205
ecnBp,1.0,2,1,GCACTAAAGCCGACCTGCAG,1,1006443
ecnBp,0.3333333333333333,6,5,GCACCATGCGATCTGCTGCC,1,1019279
ecnBp,0.6666666666666666,3,2,GCAATCACGGGCACTTAGCA,1,992071
ecnBp,0.6666666666666666,3,2,GATGTAAGTGAGCCATTGGT,1,973107
ecnBp,1.0,2,1,GATGAGGATCGTTGCCTCCG,1,973847
ecnBp,1.0,2,1,GAGTGTTCTGTCGTACCCAT,1,984374
ecnBp,1.0,2,1,GAGGGAGAGGGGGAGGACAC,1,1008532
ecnBp,1.0,2,1,GAGCTATTAGGAGTGGTTCT,1,997823
ecnBp,1.0,2,1,GAGCCTTACCCGTGCGCAAT,1,986875
ecnBp,0.5,4,3,GAGCAAAATGTAACGTGGGA,1,1002065
ecnBp,1.0,2,1,GACGTCGGCATTCCAATGGA,1,1025664
ecnBp,1.0,2,1,GACGGTGATAATAGGTGGGA,1,972863
ecnBp,0.4,5,4,GACGATAGTCCAGACGTACA,1,1007396
ecnBp,1.0,2,1,GAATTGCCATATGACCTGTG,1,987833
ecnBp,0.4,5,4,GAAGGATTGGCCTACGAAGG,1,988423
ecnBp,0.6666666666666666,3,2,GAACATTGTCTGCGGCATTA,1,1011925
ecnBp,1.0,2,1,GAAAGCGAGTGAATCCACGT,1,1013587
ecnBp,0.6666666666666666,3,2,CTTTCGCTAGGACCGTTGTT,1,1003606
ecnBp,0.3333333333333333,6,5,CTTGTCTGTTGCTAACCTGA,1,1025490
ecnBp,0.5,4,3,CTTGCGTGGGTGTCTGAATG,1,996202
ecnBp,1.0,2,1,CTTGATGCTAACCCACTCGA,1,997826
ecnBp,0.6666666666666666,3,2,CTTCGCCACACTTCGTGTTT,1,976825
ecnBp,1.0,2,1,CTTAGGTAGTGCTGGGGGGT,1,987294
ecnBp,1.0,2,1,CTTAGATGCGAACCAGATAT,1,982909
ecnBp,0.5,4,3,CTGGGTCCAGTGGATCAACA,1,1006900
ecnBp,0.5,4,3,CTGGGGTATCTGAACCGACA,1,990481
ecnBp,0.4,5,4,CTGGCGATTCAGAGCACTCA,1,1000986
ecnBp,0.6666666666666666,3,2,CTGCGAGATCGGTCGTACTA,1,972071
ecnBp,0.5,4,3,CTGCCCTGCTGCTTTTCATT,1,975133
ecnBp,1.0,2,1,CTGCACTTAGCAATATCTCA,1,1008942
ecnBp,0.6666666666666666,3,2,CTGCAAATTTTCCTACCAGG,1,973242
ecnBp,0.6666666666666666,3,2,CTGATGGAACACTTTATCGG,1,984174
ecnBp,0.2857142857142857,7,6,CTGAATGGCGCGCTCTCGTT,1,998953
ecnBp,1.0,2,1,CTCTTGCGTTAATCGGTCTC,1,996696
ecnBp,0.5,4,3,CTCTGTTTATCTTTTGTTGT,1,976832
ecnBp,0.3333333333333333,6,5,CTCTAGTAACGAAGCTCGTA,1,1017196
ecnBp,1.0,2,1,CTCCACCATGGGGCAGATGA,1,999915
ecnBp,0.6666666666666666,3,2,CTATTTGACTCTGTGAGTCT,1,1013836
ecnBp,1.0,2,1,CTATGACACAGACAGAGGAA,1,990393
ecnBp,0.6666666666666666,3,2,CTAGATAAGTATCCGGAGAA,1,1020095
ecnBp,0.5,4,3,CTAGAATGGACCTAAAGTAC,1,1021812
ecnBp,1.0,2,1,CTAGAAGACATCTAATTATT,1,1018350
ecnBp,1.0,2,1,CTACTTCAATGTTGAGTAAT,1,1010196
ecnBp,0.5,4,3,CGTTAGCCTGTAGCCACATA,1,980026
ecnBp,1.0,2,1,CGTGCCGAGGTTTTCGATGA,1,992946
ecnBp,0.5,4,3,CGGGTCAGTGCCGGAGGGGG,1,999282
ecnBp,0.6666666666666666,3,2,CGGCGCGTTATGGCTTAGAC,1,992719
ecnBp,1.0,2,1,CGGCCGCCCAGGCCACCCAT,1,994141
ecnBp,0.5,4,3,CGGAGATAATGAAGGGGTCA,1,986155
ecnBp,0.2857142857142857,7,6,CGGACCGTGCGACAAAAGTT,1,1016499
ecnBp,0.5,4,3,CGCTGTGAGGTAGCATTGGA,1,994005
ecnBp,0.6666666666666666,3,2,CGCTAGCTCAATGTGCTCTG,1,1000965
ecnBp,0.6666666666666666,3,2,CGCGGTAGCTGGGTCCCTCA,1,995685
ecnBp,1.0,2,1,CGCGCATTCGTTGATCTATG,1,984212
ecnBp,0.3333333333333333,6,5,CGCCATCCGGGGTCCACGGC,1,980766
ecnBp,1.0,2,1,CGCAGGATCGTCGGAGTGTC,1,981159
ecnBp,1.0,2,1,CGATTACATTGCTGAAACCA,1,984086
ecnBp,0.3333333333333333,6,5,CGACGTGTCACGGGCAGAGA,1,1012537
ecnBp,1.0,2,1,CGAAGCCCGTAGCGGCGTTT,1,995170
ecnBp,0.4,5,4,CGAAGATAGAAATAGCAAGG,1,994360
ecnBp,1.0,2,1,CGAACAACAGACTTGCACTC,1,1027299
ecnBp,0.5,4,3,CCTTTGCCGTAAACTACGCC,1,1008625
ecnBp,1.0,2,1,CCTGTCTCGTGTAAGAGCAG,1,976657
ecnBp,0.5,4,3,CCTCAATTTAGAGAAAGTAT,1,1024498
ecnBp,0.4,5,4,CCTAGGTGCCATCCCATGTG,1,1012943
ecnBp,0.6666666666666666,3,2,CCTACCCGTTGCCACGTAGT,1,1003788
ecnBp,0.6666666666666666,3,2,CCTAACACGGGTAGTCCGCA,1,1008303
ecnBp,0.6666666666666666,3,2,CCGTTAGCATAGAGCGACTC,1,989296
ecnBp,1.0,2,1,CCGCATGGGGCTCATACAAG,1,1011160
ecnBp,0.6666666666666666,3,2,CCGCAAGGTGCATGTTCGCT,1,992033
ecnBp,1.0,2,1,CCGAGTTTAACTGCACAGAG,1,985313
ecnBp,0.15384615384615385,13,12,CCGAGCTCGTTGTACCGGGA,1,1021309
ecnBp,0.4,5,4,CCCTGCCACTCAATAGCCAG,1,1005133
ecnBp,1.0,2,1,CCCTATACCAATTCCAGAAA,1,1010588
ecnBp,0.2222222222222222,9,8,CCCGCACGCCCGGAATCAAT,1,973405
ecnBp,0.6666666666666666,3,2,CCCCTAACTAATTGGTACTG,1,1024733
ecnBp,0.6666666666666666,3,2,CCCAGGCCCACGGCCAGATT,1,972904
ecnBp,0.6666666666666666,3,2,CCAGATCTGCCGCTTTGACA,1,1027785
ecnBp,1.0,2,1,CCAACCGACAGACTCATTAC,1,979955
ecnBp,1.0,2,1,CCAAACGTTTGAACTCAAAT,1,1016631
ecnBp,0.6666666666666666,3,2,CCAAAAGGTTTGACTGGGGT,1,1016845
ecnBp,1.0,2,1,CATTGGGGCCGATTCCGAAC,1,1023077
ecnBp,1.0,2,1,CATGTGAGGCGCGACCTATC,1,1024470
ecnBp,1.0,2,1,CATGCCAAGAGGGGAGCGCT,1,973339
ecnBp,1.0,2,1,CATATGGAAGCTTCACTACA,1,972828
ecnBp,0.6666666666666666,3,2,CATACGGATTGGGTGCCAAA,1,1011611
ecnBp,1.0,2,1,CAGTTCCTCCGTAATTGATT,1,998614
ecnBp,0.6666666666666666,3,2,CAGTCGTTTGAACGAATGCA,1,1019178
ecnBp,0.6666666666666666,3,2,CAGCAGGAGTCAGCAATGGG,1,976802
ecnBp,0.6666666666666666,3,2,CAGATGGGCCGATAGGCATT,1,980644
ecnBp,0.3333333333333333,6,5,CACTTTCAATCTTCCCCACC,1,1012937
ecnBp,0.4,5,4,CACTTGGTAGGGTTTGACAT,1,1026667
ecnBp,0.6666666666666666,3,2,CACTTCGGGACTGGTGGTCT,1,982796
ecnBp,0.4,5,4,CACTTACGTCCAGGTACACA,1,993665
ecnBp,0.6666666666666666,3,2,CACGATTCGGTATGGTAGCA,1,983061
ecnBp,1.0,2,1,CACATTCCATTTTACGATTG,1,991368
ecnBp,1.0,2,1,CACAGTCATCATAGCAGTCT,1,1005576
ecnBp,0.6666666666666666,3,2,CAATGACTGCGGATGATTGT,1,1023516
ecnBp,0.6666666666666666,3,2,CAATCCGAAACTAGATTTAT,1,996376
ecnBp,0.6666666666666666,3,2,CAAGTGCCCCGTCGCTGCTT,1,977383
ecnBp,0.6666666666666666,3,2,CAAGCCCTCTTCTTTGGTTT,1,1018787
ecnBp,0.18181818181818182,11,10,CAAGCACGCTTTCGGCCGCG,1,983541
ecnBp,0.4,5,4,CAACGGGGTGTGTTATTTGC,1,985652
ecnBp,0.6666666666666666,3,2,CAACAGTGTCAAAATTAAGA,1,1020364
ecnBp,0.4,5,4,CAAAAGCCTGTACGTACTTT,1,990981
ecnBp,0.4,5,4,ATTTGCTCAAGGAACCACGA,1,990836
ecnBp,0.6666666666666666,3,2,ATTCTGCGTAGATGTACACA,1,979530
ecnBp,1.0,2,1,ATTCGTTCCGCTCGGACTGT,1,1023672
ecnBp,0.5,4,3,ATTCGGGTCTGAGCTTAGGT,1,985362
ecnBp,0.6666666666666666,3,2,ATTCGCATTCGTGTCCTTCT,1,1016893
ecnBp,0.5,4,3,ATTCCGGGGATTATTTCAAA,1,1009585
ecnBp,0.3333333333333333,6,5,ATGTTTTGAACGAGGTACGC,1,1002406
ecnBp,1.0,2,1,ATGGGATTTACCGTGTAGTA,1,1005081
ecnBp,0.6666666666666666,3,2,ATGCGCGCGGGGGCGCATCA,1,987149
ecnBp,1.0,2,1,ATGATCTTCACGCATATAAA,1,1015470
ecnBp,0.4,5,4,ATGACCAATGAAGCCTCAAG,1,1010261
ecnBp,1.0,2,1,ATCTGAGTCTCTATCGACGA,1,1022412
ecnBp,0.5,4,3,ATCGTAGGGCGGTTACTAGA,1,978404
ecnBp,1.0,2,1,ATCGCGCTGAACACGCCGGC,1,1009629
ecnBp,0.5,4,3,ATCCTATTAGCCTCTTCAAA,1,1015901
ecnBp,0.2857142857142857,7,6,ATCAGGCTAGAGTTATCGAT,1,974533
ecnBp,1.0,2,1,ATCAGGAGCGAATTAACAGT,1,1012593
ecnBp,0.6666666666666666,3,2,ATCAGGAGACGAGCCCAGCC,1,985220
ecnBp,1.0,2,1,ATCACGGTGAATCTGAATAC,1,1026875
ecnBp,0.6666666666666666,3,2,ATATGACGTAGTATACTTTG,1,1008632
ecnBp,1.0,2,1,ATATGAAGGACCTTCGCACG,1,1017761
ecnBp,0.6666666666666666,3,2,ATAGTGACAGGGGGTTTCCC,1,1019466
ecnBp,1.0,2,1,ATAGCTACGTCAGCAAACAA,1,1002852
ecnBp,1.0,2,1,ATACTAGGAAACAATATTTC,1,1016383
ecnBp,1.0,2,1,ATACGTCATCGGATCCGTGT,1,1022304
ecnBp,1.0,2,1,AGTTTTGGGGCAGATCGTTC,1,989963
ecnBp,1.0,2,1,AGTTCTTGGGGTTGAGATGG,1,987266
ecnBp,0.3333333333333333,6,5,AGTACCCTCATCGGTCAAGC,1,1019412
ecnBp,1.0,2,1,AGTAAACGTGCGCGAGATTT,1,996155
ecnBp,0.4,5,4,AGGTTGTTATAGCAAAAGGT,1,972298
ecnBp,1.0,2,1,AGGTTCTTGGACGTTAACAC,1,990538
ecnBp,0.5,4,3,AGGTTCCGGTTAAACCCCTT,1,976755
ecnBp,0.3333333333333333,6,5,AGGTGACCACAAGCCTGATA,1,994008
ecnBp,1.0,2,1,AGGGGGTAGGTGGGCCAATT,1,1018122
ecnBp,0.6666666666666666,3,2,AGGATGTACTCGTCAGCTAG,1,975006
ecnBp,1.0,2,1,AGGATCCTCTCTGTCCTGGA,1,992357
ecnBp,0.4,5,4,AGGAACCGATACGACAGAGA,1,1001858
ecnBp,1.0,2,1,AGCTCTCCAGAATCAGTGGA,1,974162
ecnBp,0.5,4,3,AGCTCAGGTGTGACCGAGGT,1,1018525
ecnBp,1.0,2,1,AGCCCCACCGTAGGCGGTGT,1,1012357
ecnBp,0.6666666666666666,3,2,AGAGTTAATCTATGTAGCGA,1,999039
ecnBp,0.5,4,3,AGAGGATACAACATTCGCAT,1,995034
ecnBp,1.0,2,1,AGAGGAGATTTCTGCCAGTT,1,1023393
ecnBp,0.4,5,4,AGACAAACAGCAACAGTGGA,1,974095
ecnBp,1.0,2,1,AGAAAGCCTATTCATTAGCC,1,1016137
ecnBp,1.0,2,1,ACTTCGTATGAGGCATGTCC,1,974097
ecnBp,0.6666666666666666,3,2,ACTTAACTTTCTCACCGGGA,1,1012956
ecnBp,0.5,4,3,ACTGTCTCTACGATTCGCGT,1,1018871
ecnBp,0.25,8,7,ACTGGCGTGTGACCATCAGA,1,993102
ecnBp,1.0,2,1,ACTCTTATAAGCGCATCTTC,1,987160
ecnBp,0.3333333333333333,6,5,ACTAATTTGATTATGTGATC,1,1009292
ecnBp,0.6666666666666666,3,2,ACGTGCACACCGGTGAGTAA,1,1002037
ecnBp,0.6666666666666666,3,2,ACGGCACTAAGATGGCTGTG,1,993701
ecnBp,1.0,2,1,ACGCCTCTCGTTATGCCGTG,1,1008262
ecnBp,0.5,4,3,ACGAAGGGAGACACTTTTAA,1,997908
ecnBp,0.5,4,3,ACGAACTCCCGGCTTGTGGA,1,1004156
ecnBp,1.0,2,1,ACCTCCGGAGTAAGGTAATA,1,981671
ecnBp,1.0,2,1,ACCTACGTCCTGGAATAGGG,1,977755
ecnBp,0.2857142857142857,7,6,ACCGTAAGAGCTTATAAGAG,1,979673
ecnBp,0.6666666666666666,3,2,ACCGGTACCTGGTTCTAAAT,1,976331
ecnBp,0.2,10,9,ACCCCGCTGTGGTAATTGGA,1,1020209
ecnBp,1.0,2,1,ACCATTTAGATGCCCGGCCC,1,1001511
ecnBp,1.0,2,1,ACATGACATTTTCAAAGCCT,1,1014246
ecnBp,1.0,2,1,ACATCCCCTTGGTGCATTAG,1,1013581
ecnBp,0.5,4,3,ACACGCCGGGAAATAATAGA,1,1001611
ecnBp,1.0,2,1,ACACCACACGTCATAACATC,1,988813
ecnBp,0.5,4,3,ACACATAAGGTAATGAGAGG,1,995181
ecnBp,1.0,2,1,ACAAGGGAGTACTAATGTCC,1,973805
ecnBp,0.5,4,3,AATGCGGTTCGGTTCTTTAT,1,1021796
ecnBp,0.4,5,4,AATAAGGTTGGAGATGAAAT,1,988235
ecnBp,0.4,5,4,AATAACTCTGAGCCTATTGT,1,1009466
ecnBp,1.0,2,1,AAGTGGCGTCTAATGCCTAA,1,975545
ecnBp,1.0,2,1,AAGTCCAACCTTAGTCGTGA,1,1008054
ecnBp,1.0,2,1,AAGTCATCTTGTTTAATCGC,1,983505
ecnBp,0.6666666666666666,3,2,AAGGTCATCGCTGATTCCAT,1,996419
ecnBp,1.0,2,1,AAGGGCTGGTGGCTGGGCGT,1,975638
ecnBp,0.6666666666666666,3,2,AAGCTTTTCAACGAGTATCT,1,1004405
ecnBp,0.4,5,4,AAGCGTAGGAACTGCATGAA,1,980182
ecnBp,0.2857142857142857,7,6,AAGCAGGTTTGTAATAATGA,1,980010
ecnBp,0.4,5,4,AAGACGATTTTGGGTGGGGC,1,1026953
ecnBp,0.6666666666666666,3,2,AACGGGGACGTCTTCAGCCT,1,991201
ecnBp,0.6666666666666666,3,2,AACGCTCTCGATCTGGACGT,1,1005980
ecnBp,0.6666666666666666,3,2,AACCTCCATGGGACGAGGGT,1,978008
ecnBp,0.1,20,19,AAATTGAACCACTGTTAGTC,1,988053
ecnBp,0.4,5,4,AAAGGGTGAAAGGGGTTTCA,1,1021503
ecnBp,0.2857142857142857,7,6,AAAGAAGATGCCGGTAGCGT,1,1002711
ecnBp,1.0,2,1,AAAAAGCGATTGTTTGTCGT,1,996833
ecnBp,0.043478260869565216,22,22,GGCCGGACATAGATTTGCGG,0,974884
ecnBp,0.05263157894736842,18,18,TTTCCCGTAAGGTCTCCGAC,0,972251
ecnBp,0.0625,15,15,CGAACTTCGACTACCTTGAC,0,993008
ecnBp,0.06666666666666667,14,14,TAACTCCACAGATGCGGATA,0,975356
ecnBp,0.06666666666666667,14,14,AGAGAGCCTCGCCCAGGCGT,0,992932
ecnBp,0.07142857142857142,13,13,TGGAAATGAGACGAGGATAC,0,991484
ecnBp,0.07142857142857142,13,13,GTTACGAGTGAAATACGTCA,0,975598
ecnBp,0.07142857142857142,13,13,GTGTCATGAATATCCAGTTG,0,986824
ecnBp,0.07142857142857142,13,13,GGCTACGAGCTTGTTCGCTT,0,1010942
ecnBp,0.07142857142857142,13,13,CGAGGCATCCGATGATGGAG,0,976048
ecnBp,0.07142857142857142,13,13,CAGTTATCTTGGCTAACGGG,0,1003789
ecnBp,0.07142857142857142,13,13,ACATCTTAGGGGGCCTTGAT,0,990434
ecnBp,0.07692307692307693,12,12,TCTGCGGACTGCCTACATCA,0,994516
ecnBp,0.07692307692307693,12,12,AGTTTTTGTGTACGAGGCGG,0,985770
ecnBp,0.07692307692307693,12,12,AAAGGGCGGCCAACAGGCGG,0,1000326
ecnBp,0.08333333333333333,11,11,TCGAATCATGGGCTACCAGT,0,1008470
ecnBp,0.08333333333333333,11,11,GGTCGTATCTGGATATCCGT,0,1005123
ecnBp,0.08333333333333333,11,11,GAGCATGGAGATCTGTATAC,0,985758
ecnBp,0.08333333333333333,11,11,CTTAAGCCTGTACGCCTTAG,0,1022709
ecnBp,0.08333333333333333,11,11,CGTACCAGCATCATTCGGCA,0,997047
ecnBp,0.08333333333333333,11,11,AACGCGGATAGCGAGGAATA,0,1002834
ecnBp,0.09090909090909091,10,10,TTACACCACATAAGCAGCCT,0,1019078
ecnBp,0.09090909090909091,10,10,GTTTAAAATTTAGGGGATTT,0,1020975
ecnBp,0.09090909090909091,10,10,GTTCAGGCTCTGTATTGGAC,0,1000606
ecnBp,0.09090909090909091,10,10,GTCATAACGCTATAAGTAGA,0,1004286
ecnBp,0.09090909090909091,10,10,GGCCGTAACTAAGGTCGTCT,0,986542
ecnBp,0.09090909090909091,10,10,GGCAATAGTCGATCGCTCCT,0,985879
ecnBp,0.09090909090909091,10,10,GGAACGGCGAACCGGTAGTA,0,991048
ecnBp,0.09090909090909091,10,10,GCGTGAATGGTCTGATCGCA,0,1014004
ecnBp,0.09090909090909091,10,10,GAGTTAGGACCATTCTGCTA,0,976284
ecnBp,0.09090909090909091,10,10,CTGCTACGATACCCATACGT,0,980980
ecnBp,0.09090909090909091,10,10,CGCCTACCATTTACTGGTAG,0,998142
ecnBp,0.09090909090909091,10,10,CAGCACAGTAAAACCCCTAC,0,1008439
ecnBp,0.09090909090909091,10,10,CAAGATCATGAGTCCTGGTT,0,986195
ecnBp,0.09090909090909091,10,10,ATCGCAGCGGATCCAAGAGC,0,999833
ecnBp,0.09090909090909091,10,10,AGTATTTATGTGTGCGATTA,0,1016413
ecnBp,0.09090909090909091,10,10,ACGAGGGGAGACCCAGTGCG,0,995366
ecnBp,0.09090909090909091,10,10,AAGATGCTATGTATCAGAAG,0,1020015
ecnBp,0.1,9,9,TTGAATATTTTCCACACCAA,0,1015336
ecnBp,0.1,9,9,TTCGCTAGATCGTCGGAAGT,0,981787
ecnBp,0.1,9,9,TGATGTATACGTGGTAGTGT,0,1012700
ecnBp,0.1,9,9,TCAGTTGAGGCTGAAACTAG,0,1019662
ecnBp,0.1,9,9,GGTACATATTGTGTTTTATA,0,972764
ecnBp,0.1,9,9,GCGAGTATAACTAGCAATAA,0,994430
ecnBp,0.1,9,9,GCAGACGTTACTAGGATGTT,0,999617
ecnBp,0.1,9,9,GAGCTCACTATGCGCTCCTA,0,1020739
ecnBp,0.1,9,9,CTTCCTCCGGGAAGCTCCAC,0,976564
ecnBp,0.1,9,9,CGCGTCCGGAAAAGCGCGCT,0,972397
ecnBp,0.1,9,9,ATTGCACGATTAGGGCCAGA,0,1017800
ecnBp,0.1,9,9,AGGTCAATCCACCGGGCACG,0,980019
ecnBp,0.1,9,9,AGGTCAAGGCACCTACGACT,0,983909
ecnBp,0.1,9,9,ACGTATCAGTTTTGAATCTA,0,1018989
ecnBp,0.1,9,9,ACCCACTTGTTCCTTACCCT,0,990392
ecnBp,0.1,9,9,AATACTGAACCTAGCTTATC,0,1017363
ecnBp,0.1,9,9,AAGTGGCGGTTCCACGGTCA,0,998098
ecnBp,0.1111111111111111,8,8,TTTTGATTCACTGCCCGTCG,0,996685
ecnBp,0.1111111111111111,8,8,TTCTCGGTCAGGGGATCAGT,0,1011608
ecnBp,0.1111111111111111,8,8,TTCAGTTTACTTTCACAGCA,0,1026149
ecnBp,0.1111111111111111,8,8,TGTAGTGGATTTGATTGCTC,0,1006584
ecnBp,0.1111111111111111,8,8,TGCGCGTGATCCCTGTTAAG,0,1000197
ecnBp,0.1111111111111111,8,8,TGATGTGACGGTTCACCGTG,0,1009916
ecnBp,0.1111111111111111,8,8,TCGCGGCCGCCGTGGCTTTT,0,988765
ecnBp,0.1111111111111111,8,8,TCCGTCAACGACAGTGTTAT,0,989765
ecnBp,0.1111111111111111,8,8,TATGCTGGTGGGGCCAGCCT,0,1010717
ecnBp,0.1111111111111111,8,8,TACGTGACCGTAGCATAGAG,0,1013380
ecnBp,0.1111111111111111,8,8,TAAACGATGGGCTAGATGGG,0,1010089
ecnBp,0.1111111111111111,8,8,TAAACCCCACTGAAGAGACA,0,1018641
ecnBp,0.1111111111111111,8,8,GTCTTTGCAATTAGCACCTG,0,1002659
ecnBp,0.1111111111111111,8,8,GGTGCCGAATATTGCGGGCA,0,982051
ecnBp,0.1111111111111111,8,8,GGCGTGTCATCAACACTCGG,0,1017418
ecnBp,0.1111111111111111,8,8,GCAAGGGTTAGGCCGGAAAG,0,1024855
ecnBp,0.1111111111111111,8,8,GATAATCTTCTTTGAGCCAG,0,1024813
ecnBp,0.1111111111111111,8,8,CCGCCGCGCGGTTCAGGTTG,0,981876
ecnBp,0.1111111111111111,8,8,CCATCTACCGATAAAAGCGC,0,983389
ecnBp,0.1111111111111111,8,8,ATTCCCATATGTTTCCTAAA,0,996326
ecnBp,0.1111111111111111,8,8,ATTATAAAACATAGACGTCA,0,1000093
ecnBp,0.1111111111111111,8,8,ATCCGCAGCCCACCGCGGTC,0,981782
ecnBp,0.1111111111111111,8,8,ATCAAGACACCAGATGTCGT,0,980559
ecnBp,0.1111111111111111,8,8,AGCGTCCGGTGGGATCCGTA,0,1017403
ecnBp,0.1111111111111111,8,8,AGATCCCATCGCTGAGCGGT,0,982813
ecnBp,0.1111111111111111,8,8,ACGCTCATGTCTGCTGGTCA,0,972857
ecnBp,0.1111111111111111,8,8,AAGCCGTAGTGTTAAGGAAA,0,987822
ecnBp,0.125,7,7,TTTGGCCGAACGCTTTGTCC,0,1020012
ecnBp,0.125,7,7,TTTATTATCGCTATGTGACA,0,980411
ecnBp,0.125,7,7,TTGTGACAGTCAGGGATTAA,0,1007925
ecnBp,0.125,7,7,TTGCCATACGCTGCAGTGAA,0,1026657
ecnBp,0.125,7,7,TTGATACGAGTTCTAGAGGT,0,991787
ecnBp,0.125,7,7,TTAGTATAATAACTTGACGA,0,985994
ecnBp,0.125,7,7,TTAGTAAATGTGGGCCGAAC,0,973538
ecnBp,0.125,7,7,TTACGTATGCCGCTATCTAA,0,979453
ecnBp,0.125,7,7,TTACGCCGGCGTATTTTCAC,0,984304
ecnBp,0.125,7,7,TGTGGTATGGAAGCCGATGA,0,1023639
ecnBp,0.125,7,7,TGGGGGCAGAGGCGGTGCGA,0,999572
ecnBp,0.125,7,7,TGGCGAGACGACTATCCAGT,0,1014621
ecnBp,0.125,7,7,TCGATGCTTAATCTTTCAGT,0,989640
ecnBp,0.125,7,7,TATCCGCGTCGCCCATAGGA,0,974193
ecnBp,0.125,7,7,TACCTCGATTTGGCTCTTTG,0,978773
ecnBp,0.125,7,7,TACCACATAGATGACTAACA,0,1005476
ecnBp,0.125,7,7,TACACTGGCCTACGAGTCGT,0,987473
ecnBp,0.125,7,7,TAATCAGACGTCTTGTCTGT,0,985693
ecnBp,0.125,7,7,GTAGCTTCGCGATATTTATT,0,980433
ecnBp,0.125,7,7,GTAGAAATACATACAGAGCC,0,1005992
ecnBp,0.125,7,7,GGTTAATGACGAACGGCCTG,0,973043
ecnBp,0.125,7,7,GGGTGTTCATGAAGTATTGT,0,991620
ecnBp,0.125,7,7,GGGTGTGCACACTTGTCGCA,0,1022986
ecnBp,0.125,7,7,GGGAGCCAAGTAGCAGCTAC,0,994274
ecnBp,0.125,7,7,GGCGTTATCCGAGTCGAGCT,0,981784
ecnBp,0.125,7,7,GGCGCAAACAAAGAGAGAGT,0,978725
ecnBp,0.125,7,7,GGACGTGACACAAGATGGAA,0,1017909
ecnBp,0.125,7,7,GCTTACCCGACGCTGGGTCA,0,997296
ecnBp,0.125,7,7,GCTGGATATATGTAATTGGA,0,1008223
ecnBp,0.125,7,7,GCTCTTGCAACTAAACCCAC,0,978936
ecnBp,0.125,7,7,GCTAGCCATGCATTGTGTGA,0,974697
ecnBp,0.125,7,7,GCGCATCCGGAACTGGTCAT,0,1009817
ecnBp,0.125,7,7,GCGAGTCGTGTACAAGGTTT,0,1014790
ecnBp,0.125,7,7,GCGACCACATGCCGATTCAT,0,982923
ecnBp,0.125,7,7,GCCGGAGGGAGTTTGGAGAT,0,992205
ecnBp,0.125,7,7,GCATGTCATTCTAAGGAGTA,0,977679
ecnBp,0.125,7,7,GATTTGCCTATTGCAAATTG,0,1012009
ecnBp,0.125,7,7,GATGCCATCCGGTATTAGAA,0,1022291
ecnBp,0.125,7,7,GAGAGTGGGATGAGGCCTGA,0,1002557
ecnBp,0.125,7,7,GAGAAAACGTAAAAAACGAG,0,1005035
ecnBp,0.125,7,7,GAACGTTAGAAATGTCGGTT,0,1015240
ecnBp,0.125,7,7,GAACGTAACATCTACTTCAC,0,1010134
ecnBp,0.125,7,7,CTTAGGCATTCGACCTACTT,0,1001083
ecnBp,0.125,7,7,CTCTGTGTGCACGCCCCGAC,0,1016024
ecnBp,0.125,7,7,CTCCGACAGCAGTTTAGGCG,0,1014192
ecnBp,0.125,7,7,CTCCAGTCGAACAAAAAAAC,0,988304
ecnBp,0.125,7,7,CTCAGGTTTGAGAAACATTA,0,1024992
ecnBp,0.125,7,7,CTATGACAACTAGCTGCGGG,0,1023263
ecnBp,0.125,7,7,CGGCTATGAGCCGACACCTC,0,977067
ecnBp,0.125,7,7,CGACGGGGACCGGCTGTACA,0,989499
ecnBp,0.125,7,7,CCTATCCATGATCTCCAGGC,0,996010
ecnBp,0.125,7,7,CCGTTTACGTTCCCCGATCA,0,1001031
ecnBp,0.125,7,7,CCGGGATCGTGCCTACGGGA,0,987933
ecnBp,0.125,7,7,CCCGTGAGGCGTCCAAAGAA,0,992158
ecnBp,0.125,7,7,CAGTCAGCATAAGGTCTAGT,0,1003382
ecnBp,0.125,7,7,CAGTACATCTGTGGCCGGTA,0,1000854
ecnBp,0.125,7,7,CAGCTCGGGATCCGGCTAAG,0,1011746
ecnBp,0.125,7,7,CACCTAAGGGTTGTTAACCC,0,1003013
ecnBp,0.125,7,7,ATTTAGGGATTGATGTTCCT,0,988449
ecnBp,0.125,7,7,ATGTTAGGCAGTATGTGCTC,0,981384
ecnBp,0.125,7,7,ATCTACGACAGTTTGGCTGA,0,1012362
ecnBp,0.125,7,7,ATACTAAGGATGAAACGATT,0,1014186
ecnBp,0.125,7,7,AGTCCAACGAACTAAAAGTC,0,1003926
ecnBp,0.125,7,7,AGGATCAAGTGAGAATCGAA,0,1000860
ecnBp,0.125,7,7,AGCGTTAGGGCTATGCCTGT,0,991359
ecnBp,0.125,7,7,AGCAGAGGGGACAGGACGTA,0,997969
ecnBp,0.125,7,7,ACGGGTTTTCAATCCGGCTC,0,1021781
ecnBp,0.125,7,7,ACGGGTGTGGGGTATATTAA,0,977207
ecnBp,0.125,7,7,ACCGCGCTGTATCCAGTAAG,0,1018047
ecnBp,0.125,7,7,ACATGACCCCCCAGTATCGT,0,979972
ecnBp,0.125,7,7,ACAGTGAGAGACTTAAGAGA,0,974284
ecnBp,0.125,7,7,ACAGGAGGCGAGTACCGCGC,0,986438
ecnBp,0.125,7,7,ACACCTACTCTTGTCACAGG,0,975382
ecnBp,0.125,7,7,AATGTGAAGGGAAAAAGTGC,0,982167
ecnBp,0.125,7,7,AATCCTGATGTACTGTGCTC,0,1023633
ecnBp,0.125,7,7,AAGTCTCCCGCGTTGCGCGT,0,981731
ecnBp,0.125,7,7,AAGCACACGAGAATATAGCG,0,1014106
ecnBp,0.125,7,7,AAGAATGTTCATACTGGAAT,0,1001824
ecnBp,0.125,7,7,AACGGTAAGCTCCCTACACA,0,1024390
ecnBp,0.125,7,7,AAACCGCATGCCCCGTTCGG,0,1024011
ecnBp,0.14285714285714285,6,6,TTTGCCGACAAATGATTGTA,0,993424
ecnBp,0.14285714285714285,6,6,TTTGATCACTCCGGAAACTA,0,988355
ecnBp,0.14285714285714285,6,6,TTCCATATTGTAGTGTTTTA,0,978603
ecnBp,0.14285714285714285,6,6,TGGTGGAGTACGTCCGATCA,0,990319
ecnBp,0.14285714285714285,6,6,TGGTAGGCCCATTGAGAGTA,0,1008179
ecnBp,0.14285714285714285,6,6,TGGGAACCTTTGCCGCTGAT,0,980502
ecnBp,0.14285714285714285,6,6,TGACTTTTATAAATTTGAGT,0,980668
ecnBp,0.14285714285714285,6,6,TGAAATGTTCGCGCAATGCA,0,1024533
ecnBp,0.14285714285714285,6,6,TCTCCGGCGGTGCTGTGCAG,0,1016203
ecnBp,0.14285714285714285,6,6,TCGTATGGATATCAACGGTG,0,975992
ecnBp,0.14285714285714285,6,6,TATTGTGTCGTGGGTTGGGT,0,979381
ecnBp,0.14285714285714285,6,6,TATTCAGAGGCACATCTATT,0,998653
ecnBp,0.14285714285714285,6,6,TATCCATGACAGTACTCCAC,0,989836
ecnBp,0.14285714285714285,6,6,TAGAAGAGCAAATCGTCCAA,0,1019003
ecnBp,0.14285714285714285,6,6,TACAGGGATACTGTCAGTAG,0,1021717
ecnBp,0.14285714285714285,6,6,TAATGGATCCATAACAACAG,0,1024315
ecnBp,0.14285714285714285,6,6,TAACCCCACTTAGGCCGTGC,0,981600
ecnBp,0.14285714285714285,6,6,TAAAGTCCACTCAGCGGGAC,0,1001845
ecnBp,0.14285714285714285,6,6,TAAAGGGTTGAACGCGAGGC,0,986114
ecnBp,0.14285714285714285,6,6,GTTGTACACACAAAGGAACA,0,1002148
ecnBp,0.14285714285714285,6,6,GTTGCTGGGATAGCATACCA,0,974807
ecnBp,0.14285714285714285,6,6,GTGTGGTTGCATAGGACTAA,0,1013794
ecnBp,0.14285714285714285,6,6,GTGTCTTTCCGGTAGTGGAT,0,1007227
ecnBp,0.14285714285714285,6,6,GTCCAAAAGGGAAGCCCGTT,0,995378
ecnBp,0.14285714285714285,6,6,GTAGCGGTGCCTGTATGAAT,0,1016123
ecnBp,0.14285714285714285,6,6,GTAATTTAGTCCACCGAGTC,0,1017563
ecnBp,0.14285714285714285,6,6,GGTTCCGCCGTAGAAGAGAA,0,1000803
ecnBp,0.14285714285714285,6,6,GGTCTCTTATACCGCCTTGC,0,981503
ecnBp,0.14285714285714285,6,6,GGTCGTCGTCTTTAACGTCT,0,983582
ecnBp,0.14285714285714285,6,6,GGTCGGTCTCTCGTCAGACG,0,1007604
ecnBp,0.14285714285714285,6,6,GGTAACAAGTCTAGTAGGTC,0,991731
ecnBp,0.14285714285714285,6,6,GGGCTGGCAATACGTTTACA,0,1019848
ecnBp,0.14285714285714285,6,6,GGCTCCTTGCATGGGAGTAT,0,986864
ecnBp,0.14285714285714285,6,6,GCTGGGTTCGAACTGTCAGA,0,975140
ecnBp,0.14285714285714285,6,6,GCGGATGTGATCAGCGTTGA,0,1023924
ecnBp,0.14285714285714285,6,6,GCGATTATCTAGCTGAAATA,0,1024775
ecnBp,0.14285714285714285,6,6,GCCCGTCTGCTCGGAGACGG,0,976297
ecnBp,0.14285714285714285,6,6,GCCCGCACGCTAATAATCTC,0,982198
ecnBp,0.14285714285714285,6,6,GCAACAACACTGGCGGGTTC,0,1000252
ecnBp,0.14285714285714285,6,6,GATATCGTCATTAACTGGAA,0,979928
ecnBp,0.14285714285714285,6,6,GAGTCCAAATGTTATTAAGC,0,1016530
ecnBp,0.14285714285714285,6,6,GAGAATTCCAGAAGACCCTA,0,1021140
ecnBp,0.14285714285714285,6,6,GACTAAATATCCGAATCAGA,0,987521
ecnBp,0.14285714285714285,6,6,GACGGCAACTTGGTTATATC,0,1002009
ecnBp,0.14285714285714285,6,6,GACCAGGAAGGATTTATGGA,0,999750
ecnBp,0.14285714285714285,6,6,GAATCACTTGAATAAATTCT,0,979747
ecnBp,0.14285714285714285,6,6,CTTTGATCTTGATATTCTCT,0,1007286
ecnBp,0.14285714285714285,6,6,CTTGGATATTTCTCGTCCGA,0,1013714
ecnBp,0.14285714285714285,6,6,CTTCTCCCTTAGTAGTTACT,0,1009300
ecnBp,0.14285714285714285,6,6,CTATCAATTGAATGTATGGT,0,991166
ecnBp,0.14285714285714285,6,6,CGTCACCACTAATAATGCAT,0,1018002
ecnBp,0.14285714285714285,6,6,CGGTGTTTGGAGTCGTATCG,0,972416
ecnBp,0.14285714285714285,6,6,CGGCACCTCCATGAACTATA,0,1016447
ecnBp,0.14285714285714285,6,6,CGAGTTAGTGCATAATATGC,0,982361
ecnBp,0.14285714285714285,6,6,CGACTTGGGGGAGTCACTCT,0,989612
ecnBp,0.14285714285714285,6,6,CGACCAATTCCAAGAGCCGA,0,984486
ecnBp,0.14285714285714285,6,6,CCTAGCATCTTTAGAGGCCT,0,1022905
ecnBp,0.14285714285714285,6,6,CCTAGAGCGAAGGCTAGACT,0,996516
ecnBp,0.14285714285714285,6,6,CCCTGCTATAAAAGAACGCG,0,993433
ecnBp,0.14285714285714285,6,6,CCAGTCCTATGAGTTTAGTT,0,996761
ecnBp,0.14285714285714285,6,6,CCAACCCGCTCCTTTACCAC,0,986684
ecnBp,0.14285714285714285,6,6,CCAACACTCACGCAGATAGA,0,975709
ecnBp,0.14285714285714285,6,6,CATTAACGTGCACGGATTAC,0,1005888
ecnBp,0.14285714285714285,6,6,CATGGAGCGCTCCCGTTCCC,0,1003284
ecnBp,0.14285714285714285,6,6,CAGGTCAAAGAGAATGTGAG,0,1011497
ecnBp,0.14285714285714285,6,6,CAGGCCTTGCTAACTGTCAC,0,986147
ecnBp,0.14285714285714285,6,6,CAGCACCACAGTGGCGAGTC,0,1002793
ecnBp,0.14285714285714285,6,6,CACAGAACCATGTGTAAACA,0,995848
ecnBp,0.14285714285714285,6,6,CACACTTCACCTTTATTTGG,0,992662
ecnBp,0.14285714285714285,6,6,ATTTTGACCCTCTCTCTCGC,0,975357
ecnBp,0.14285714285714285,6,6,ATTTAGGGCTAAATACACGC,0,987494
ecnBp,0.14285714285714285,6,6,ATTAGATCGTGTTGGATTGT,0,1012027
ecnBp,0.14285714285714285,6,6,ATGGTACAAGACTCCCGCTC,0,1002259
ecnBp,0.14285714285714285,6,6,ATCTGTATGGAGAGGGATGT,0,972255
ecnBp,0.14285714285714285,6,6,ATCGCCCAACTCGTCGCGAA,0,1020370
ecnBp,0.14285714285714285,6,6,ATATTACACGGTGCGATGTA,0,974034
ecnBp,0.14285714285714285,6,6,AGTGGACAGTTGGGGGTAAA,0,975802
ecnBp,0.14285714285714285,6,6,AGTATCCCCTGCAACGAGGC,0,1027673
ecnBp,0.14285714285714285,6,6,AGGTTACGCCTTTTTTTTTC,0,1017042
ecnBp,0.14285714285714285,6,6,AGGCTGTGTGAGTACTGAGC,0,1020621
ecnBp,0.14285714285714285,6,6,AGCCGGAAAAATGACAAAGC,0,1023419
ecnBp,0.14285714285714285,6,6,AGCACTCGTTTCTCCTATAC,0,1020060
ecnBp,0.14285714285714285,6,6,AGATTTATAAAGCGAGAGGT,0,982333
ecnBp,0.14285714285714285,6,6,AGACTTTCCCAGGCAGAAAA,0,989171
ecnBp,0.14285714285714285,6,6,ACGGCTGCGACCGTTTGAAA,0,1004871
ecnBp,0.14285714285714285,6,6,ACGCTCAGACTAAACGTGGA,0,1017593
ecnBp,0.14285714285714285,6,6,ACGCGCCTAGTTCAGTGACC,0,1013906
ecnBp,0.14285714285714285,6,6,ACGCCGCACATTGTCTGACG,0,1006935
ecnBp,0.14285714285714285,6,6,ACACAGATCTATCCAGGCGA,0,1024486
ecnBp,0.14285714285714285,6,6,ACACACAGCCTGATTGCATC,0,994745
ecnBp,0.14285714285714285,6,6,AATGACTTTGGATATACGGA,0,980416
ecnBp,0.14285714285714285,6,6,AATATAAGCCTGTATACGGT,0,1019283
ecnBp,0.14285714285714285,6,6,AAGTTTTCTGCGTAGTTCTG,0,974077
ecnBp,0.14285714285714285,6,6,AAGTGGTCGGTCGCAGAGTT,0,1022409
ecnBp,0.14285714285714285,6,6,AAGAAGCGGACCGCGGGCTT,0,1026463
ecnBp,0.14285714285714285,6,6,AACCTCTTCGTCTTGTAGCG,0,978707
ecnBp,0.16666666666666666,5,5,TTTGAGCCCGTGAAAGTATG,0,1008647
ecnBp,0.16666666666666666,5,5,TTTCAGGTATCTGGTCGTAA,0,991262
ecnBp,0.16666666666666666,5,5,TTGTAGCAGCCAGGCAATAG,0,986066
ecnBp,0.16666666666666666,5,5,TTGGGATGGTATCTAATATC,0,1026546
ecnBp,0.16666666666666666,5,5,TTGATGCGGAGGAAGTCCCC,0,1021937
ecnBp,0.16666666666666666,5,5,TTCGTCCAGCATCTCAGGCA,0,1000359
ecnBp,0.16666666666666666,5,5,TTCCTCTTTTAAGGCAGCCC,0,993762
ecnBp,0.16666666666666666,5,5,TTCCGAGCTGGTCAACTTCC,0,1010482
ecnBp,0.16666666666666666,5,5,TTCCATGGCAATAGTACCGT,0,1008107
ecnBp,0.16666666666666666,5,5,TTAGTACCGGCAACCGGCGA,0,992419
ecnBp,0.16666666666666666,5,5,TTAGATGTTGACAAAAAATT,0,993679
ecnBp,0.16666666666666666,5,5,TGTCGTTCGCTGGATGAATC,0,972130
ecnBp,0.16666666666666666,5,5,TGTCAGTCGCTAGTCTTAAT,0,987559
ecnBp,0.16666666666666666,5,5,TGTATTGAGCATGGATCTTG,0,1011508
ecnBp,0.16666666666666666,5,5,TGGGTTCGGGGCACCTAACC,0,975912
ecnBp,0.16666666666666666,5,5,TGGCGTTTGGAACATCACAA,0,980586
ecnBp,0.16666666666666666,5,5,TGCGTTGAAACGGTGCTAAT,0,1001995
ecnBp,0.16666666666666666,5,5,TGCATGAATTCTATTGAGCA,0,1022123
ecnBp,0.16666666666666666,5,5,TGCAGACAGTAGGCTATTCG,0,978414
ecnBp,0.16666666666666666,5,5,TGATGTGGGCAGCCAATCCT,0,992902
ecnBp,0.16666666666666666,5,5,TGAAGCCCACTCATTAAAGG,0,981544
ecnBp,0.16666666666666666,5,5,TCTTAAGACGGACGGTCCAA,0,1009550
ecnBp,0.16666666666666666,5,5,TCTGTCACTCGCTTTAATGC,0,1019410
ecnBp,0.16666666666666666,5,5,TCTGAGCGATTAGGCAGTAA,0,990316
ecnBp,0.16666666666666666,5,5,TCTAGAGCTTAGACAAGGGG,0,995428
ecnBp,0.16666666666666666,5,5,TCGTCCGCTGACCAGTGGGA,0,984059
ecnBp,0.16666666666666666,5,5,TCCTGAGCGTGATAATGGTG,0,1018878
ecnBp,0.16666666666666666,5,5,TCCCTTGTGTGTTTGAAGTC,0,972759
ecnBp,0.16666666666666666,5,5,TCCCTGAATGCGGGCGCTTG,0,981986
ecnBp,0.16666666666666666,5,5,TCCCTCGGTGAACGAGGTTG,0,1009752
ecnBp,0.16666666666666666,5,5,TCACATCCTGCTCGTGCCGT,0,989624
ecnBp,0.16666666666666666,5,5,TCACATACGAGCCTTGGCTG,0,991141
ecnBp,0.16666666666666666,5,5,TATGACACAGGCCGAGACTG,0,988293
ecnBp,0.16666666666666666,5,5,TATCTTCCACAGACAGGGTG,0,999998
ecnBp,0.16666666666666666,5,5,TATCGGGTTCGTTCCCGTTT,0,994517
ecnBp,0.16666666666666666,5,5,TATAGTGTATAGTTACAGTA,0,995569
ecnBp,0.16666666666666666,5,5,TAGCTTATTGTACGAGCTGT,0,974369
ecnBp,0.16666666666666666,5,5,TAGATCGGTATGGTTTAATG,0,1015562
ecnBp,0.16666666666666666,5,5,TACCGTGCTTTCAACAATAC,0,979676
ecnBp,0.16666666666666666,5,5,TAATCGCCAAATGAGTCCGT,0,995442
ecnBp,0.16666666666666666,5,5,TAACAGTCACGGGTAGACGA,0,1000432
ecnBp,0.16666666666666666,5,5,GTTTAATAACTCGCTGCGTT,0,1002411
ecnBp,0.16666666666666666,5,5,GTTCAAATACGAACAAACGA,0,997632
ecnBp,0.16666666666666666,5,5,GTTATTCGTGAAAGTCAAAG,0,1011448
ecnBp,0.16666666666666666,5,5,GTGGCTGGAATAACTCGTGG,0,982008
ecnBp,0.16666666666666666,5,5,GTGCGGTAGCCTAGATGTTT,0,977180
ecnBp,0.16666666666666666,5,5,GTGAGTCGTTGCTCAAAGAC,0,1009019
ecnBp,0.16666666666666666,5,5,GTCAAGATTTTTACGATTTC,0,1014222
ecnBp,0.16666666666666666,5,5,GTACACGAATCAGTCGTGTC,0,984965
ecnBp,0.16666666666666666,5,5,GTACACCCTAGGAACATTGC,0,994636
ecnBp,0.16666666666666666,5,5,GGTGCCCATGGCATTCCCTA,0,985863
ecnBp,0.16666666666666666,5,5,GGTCGCTGCACTGGAGGCGA,0,1027226
ecnBp,0.16666666666666666,5,5,GGGTTTCATGAAGTTACCAG,0,991521
ecnBp,0.16666666666666666,5,5,GGGGCACAGCCATTCAAGCG,0,977586
ecnBp,0.16666666666666666,5,5,GGGCAATCGGCCGACTCGAC,0,1015567
ecnBp,0.16666666666666666,5,5,GGGATATATGGGAGCCGTCT,0,996203
ecnBp,0.16666666666666666,5,5,GGGAGCCTTCATGACCGCCA,0,1022432
ecnBp,0.16666666666666666,5,5,GGGAAGTGCCGCACGCTTAA,0,1001080
ecnBp,0.16666666666666666,5,5,GGCTCTAAACTTTGGGTGAG,0,1015585
ecnBp,0.16666666666666666,5,5,GGCTACCGATAGAGGGGTGC,0,1008775
ecnBp,0.16666666666666666,5,5,GGCACTTACGGGACAAGTTT,0,1024239
ecnBp,0.16666666666666666,5,5,GGCACGTCTCAAACGTGGAT,0,997448
ecnBp,0.16666666666666666,5,5,GGATCAGTTACAGGGTGTTC,0,976241
ecnBp,0.16666666666666666,5,5,GGATAGGTGAAAGTTCCGCA,0,999503
ecnBp,0.16666666666666666,5,5,GGAGAGGAGGACATTTTTCC,0,1013139
ecnBp,0.16666666666666666,5,5,GCGGGCTGTATTACCACTGT,0,1010386
ecnBp,0.16666666666666666,5,5,GCGACCTAGAGAGGATCTGG,0,1010810
ecnBp,0.16666666666666666,5,5,GCGACCAAGTCTGTATAGGT,0,982545
ecnBp,0.16666666666666666,5,5,GCCGGACTGGATTCCTGTAA,0,975299
ecnBp,0.16666666666666666,5,5,GCATTCAAGTCGTGATAACG,0,984233
ecnBp,0.16666666666666666,5,5,GATTTTCCGTGCCACGCCCA,0,973090
ecnBp,0.16666666666666666,5,5,GATGCTCCCTAAGCCACCCG,0,1006213
ecnBp,0.16666666666666666,5,5,GATCGTACCGATCTAGATCT,0,974678
ecnBp,0.16666666666666666,5,5,GATATACGCTGTCACAGAGG,0,977853
ecnBp,0.16666666666666666,5,5,GAGTGATGTAATTAAAGCAG,0,994413
ecnBp,0.16666666666666666,5,5,GACTGCTATTAAAGACTAAG,0,993368
ecnBp,0.16666666666666666,5,5,GACGCTTAGACATGTGGGTA,0,981453
ecnBp,0.16666666666666666,5,5,GACGCATATATGAACTAAAT,0,1011808
ecnBp,0.16666666666666666,5,5,GACCCGAATGTGACGAGTAA,0,1006310
ecnBp,0.16666666666666666,5,5,GAATCTGCACGCTCAGAATA,0,987436
ecnBp,0.16666666666666666,5,5,GAATAACCGGAAGCTATCAA,0,1000748
ecnBp,0.16666666666666666,5,5,GAACACTTCGTGATATATAA,0,999087
ecnBp,0.16666666666666666,5,5,GAAAAGATACTCATACGGGA,0,1010053
ecnBp,0.16666666666666666,5,5,GAAAACCAGCCAATTTATCA,0,1018019
ecnBp,0.16666666666666666,5,5,CTTCCAGCATGGCCGAATCA,0,1012014
ecnBp,0.16666666666666666,5,5,CTGTTAACATAAAAGTTTGA,0,983072
ecnBp,0.16666666666666666,5,5,CTGTAAAGGTGAGGACCCTA,0,983218
ecnBp,0.16666666666666666,5,5,CTGGCGAATGCAGCGGTGAT,0,978939
ecnBp,0.16666666666666666,5,5,CTGAGAAGGCGCAAAGCTTA,0,978912
ecnBp,0.16666666666666666,5,5,CTCTCATTAAGAGGGTGGGC,0,986158
ecnBp,0.16666666666666666,5,5,CTCGCGCGAATCACGGACGA,0,1007611
ecnBp,0.16666666666666666,5,5,CTACACCACAGCCTATGTTG,0,988378
ecnBp,0.16666666666666666,5,5,CTAAGGCAACGTCGTTGAAC,0,1023482
ecnBp,0.16666666666666666,5,5,CGGCCAGACAAACTGGCTTT,0,987188
ecnBp,0.16666666666666666,5,5,CGCGGCCGCAGGGTGGGCTG,0,1023631
ecnBp,0.16666666666666666,5,5,CGCGCGCGAGAATCGAAAGT,0,983088
ecnBp,0.16666666666666666,5,5,CGCATAGATGGCCCTGCTTG,0,1011578
ecnBp,0.16666666666666666,5,5,CGCAGTCACCGTTTAATGCT,0,1025252
ecnBp,0.16666666666666666,5,5,CGCAGGCAGTGTCCGGACAT,0,1005377
ecnBp,0.16666666666666666,5,5,CGCAAGGTTTACAGTAAGTG,0,974350
ecnBp,0.16666666666666666,5,5,CGATTTATCAGCCTGGGGCA,0,985103
ecnBp,0.16666666666666666,5,5,CCTACGAACCCCGAAATGGT,0,1014026
ecnBp,0.16666666666666666,5,5,CCGGGGACTCACGAAGATTA,0,1015987
ecnBp,0.16666666666666666,5,5,CCGGCGAAAGTCACTACGAT,0,1009845
ecnBp,0.16666666666666666,5,5,CCGGCCTAAGCCTCCGGAGA,0,983079
ecnBp,0.16666666666666666,5,5,CCGCCACTAAAGGCCTTCTC,0,993617
ecnBp,0.16666666666666666,5,5,CCGCATACGTAATTAGGTGT,0,997638
ecnBp,0.16666666666666666,5,5,CCCTCTTGTTGGGGAATGGT,0,1006487
ecnBp,0.16666666666666666,5,5,CCCGGCGTCCGATCTCTTGT,0,993733
ecnBp,0.16666666666666666,5,5,CCCGACGAGTATGTCGCCCG,0,985995
ecnBp,0.16666666666666666,5,5,CCATGAAGGCATGTCGAGGT,0,976329
ecnBp,0.16666666666666666,5,5,CCACCAATACGTAGGACTTA,0,1026747
ecnBp,0.16666666666666666,5,5,CCAATGTATGAGGTCCGGAT,0,1001318
ecnBp,0.16666666666666666,5,5,CATTTACAGTTTCATCAACA,0,1012585
ecnBp,0.16666666666666666,5,5,CATGTAGCCCGTTCGAGGAT,0,977633
ecnBp,0.16666666666666666,5,5,CATCGCCCGGGTTTGCATAT,0,984573
ecnBp,0.16666666666666666,5,5,CATCCTGCGCATACAATGTC,0,977110
ecnBp,0.16666666666666666,5,5,CATCAGACCTGGATATCGAA,0,975509
ecnBp,0.16666666666666666,5,5,CATCACGCCGAGGGGAAGTA,0,1027156
ecnBp,0.16666666666666666,5,5,CAGTATGTGGTGGATGTACT,0,1027959
ecnBp,0.16666666666666666,5,5,CAGGTACCTGCTTCTTTCAA,0,977156
ecnBp,0.16666666666666666,5,5,CAGCGGGAATTCAGGTACCA,0,1017316
ecnBp,0.16666666666666666,5,5,CACCTCCGAGTTGTAGTACA,0,972605
ecnBp,0.16666666666666666,5,5,CAATGGTAATTGGCCAAGGG,0,975404
ecnBp,0.16666666666666666,5,5,CAAGGCGAAAAAGGTCCCCC,0,1003856
ecnBp,0.16666666666666666,5,5,CAAGATCCCCACCATGCGGT,0,978092
ecnBp,0.16666666666666666,5,5,CAACTCAAATGTCAGCGGAC,0,993645
ecnBp,0.16666666666666666,5,5,ATTCAGGATCGTGTCAGGAT,0,1022073
ecnBp,0.16666666666666666,5,5,ATTATTCACTAGGACGAGCA,0,973537
ecnBp,0.16666666666666666,5,5,ATGTGTCGGATTTGGCCAGG,0,988254
ecnBp,0.16666666666666666,5,5,ATGATCGAGCAGAGATTCGG,0,999646
ecnBp,0.16666666666666666,5,5,ATGAACACGTTAAAGGAGTC,0,998002
ecnBp,0.16666666666666666,5,5,ATCTTGCTTGTAAGAACATC,0,973123
ecnBp,0.16666666666666666,5,5,ATCTCTTTACCGCGAGGGGC,0,1008815
ecnBp,0.16666666666666666,5,5,ATCGTTTCGCCGTCCGGAAG,0,975052
ecnBp,0.16666666666666666,5,5,ATCGTACAGGTTATCTCCGA,0,975372
ecnBp,0.16666666666666666,5,5,ATCAGCGGTTGAAGAAGCGT,0,1023501
ecnBp,0.16666666666666666,5,5,ATATATGGGCCACATCATAC,0,1020307
ecnBp,0.16666666666666666,5,5,ATACCGTCATTGCGGACCAT,0,979793
ecnBp,0.16666666666666666,5,5,ATACATAACCCTTTTATGCA,0,1004594
ecnBp,0.16666666666666666,5,5,AGTGCGGTATCGTCGTCAAG,0,1004724
ecnBp,0.16666666666666666,5,5,AGTCCTATTCAGAGGGTGAC,0,1014082
ecnBp,0.16666666666666666,5,5,AGTCAAGATTAAGCCCAACT,0,982247
ecnBp,0.16666666666666666,5,5,AGTCAAAGAAGGTCAAACCG,0,1011777
ecnBp,0.16666666666666666,5,5,AGGTGGACAGGTAAACCGAG,0,1007130
ecnBp,0.16666666666666666,5,5,AGGGGAATTCTCTAGCCTGG,0,1018024
ecnBp,0.16666666666666666,5,5,AGGGAACCCCCAGGTATGGC,0,979693
ecnBp,0.16666666666666666,5,5,AGGCTATGGTTGCTCGATGG,0,992054
ecnBp,0.16666666666666666,5,5,AGGAATTGGTACGCCCAATA,0,995803
ecnBp,0.16666666666666666,5,5,AGGAATCAACAGGGTGGCGA,0,972699
ecnBp,0.16666666666666666,5,5,AGCGATGTAACATCCCATTT,0,1023901
ecnBp,0.16666666666666666,5,5,AGCCTAGTCAGTGACGCCAG,0,988505
ecnBp,0.16666666666666666,5,5,AGCATATATCCAAGTGCGGG,0,974938
ecnBp,0.16666666666666666,5,5,AGCACGACAACGCTGGCCTT,0,1013493
ecnBp,0.16666666666666666,5,5,AGAGAACCTTTTGTCTGGCG,0,988809
ecnBp,0.16666666666666666,5,5,ACTGACTGCTCGCCTCAAGA,0,1000864
ecnBp,0.16666666666666666,5,5,ACGTGACCCCACGGCGAGAC,0,988040
ecnBp,0.16666666666666666,5,5,ACGGTGCAAGATAGATTCCC,0,1004112
ecnBp,0.16666666666666666,5,5,ACGGGAGAGTAGTTAGAATC,0,974746
ecnBp,0.16666666666666666,5,5,ACCTATTCGCCCGTAACAGG,0,983435
ecnBp,0.16666666666666666,5,5,ACCACTCTAACTTTGGAGCA,0,1014315
ecnBp,0.16666666666666666,5,5,ACATTCAGTAATCTGCAATC,0,984117
ecnBp,0.16666666666666666,5,5,ACAGAGCTACGTATTTATGG,0,1003646
ecnBp,0.16666666666666666,5,5,ACAATATATACTTAAGGGGT,0,1013385
ecnBp,0.16666666666666666,5,5,AATCACTCAAGACGCTTTGT,0,1006908
ecnBp,0.16666666666666666,5,5,AATAGTGCAATAGCAGAGTC,0,990288
ecnBp,0.16666666666666666,5,5,AATACACTGTTCTAGCAACT,0,1013373
ecnBp,0.16666666666666666,5,5,AAGTCACGTAGGGCGAGCTA,0,988590
ecnBp,0.16666666666666666,5,5,AAGTATACGGTACGGGCGTT,0,1015155
ecnBp,0.16666666666666666,5,5,AAGACGCATTCTCGGTTGAA,0,976258
ecnBp,0.16666666666666666,5,5,AAGACACATACGAGGTATCA,0,1015713
ecnBp,0.16666666666666666,5,5,AACTTTATGCACCTCGGCCT,0,1022243
ecnBp,0.16666666666666666,5,5,AACGACTGTTGGCCACACTA,0,973766
ecnBp,0.16666666666666666,5,5,AACAGGCACAACCATTTTCA,0,980671
ecnBp,0.16666666666666666,5,5,AACAGGAGTGGCAGATACAA,0,976475
ecnBp,0.16666666666666666,5,5,AAAGACCAATGCCTCCCGAG,0,984626
ecnBp,0.2,4,4,TTTTGTGAACGAGCGGTAAA,0,996780
ecnBp,0.2,4,4,TTTGGAAATTCTCTAAATCC,0,1009192
ecnBp,0.2,4,4,TTTAAAGTAAAGGGTGGATC,0,992086
ecnBp,0.2,4,4,TTGTCGGTGCCAGTAAACTT,0,979765
ecnBp,0.2,4,4,TTGCTGTCAACTAGAGCACG,0,1003919
ecnBp,0.2,4,4,TTGCCGAGATGGTTTGACTT,0,995429
ecnBp,0.2,4,4,TTGCAGCCGCGTTTGCTGAA,0,996875
ecnBp,0.2,4,4,TTCTATGCTACGTCACTTGC,0,972632
ecnBp,0.2,4,4,TTCTATCGGTGCTCCCGTCA,0,975756
ecnBp,0.2,4,4,TTATTATCCGACAGCAGTAT,0,985231
ecnBp,0.2,4,4,TTATGGGATATTTGTATTAG,0,991182
ecnBp,0.2,4,4,TTAGGTTGCATTTGAGAATT,0,1025247
ecnBp,0.2,4,4,TTAACTCAGACGAATTATAA,0,1011476
ecnBp,0.2,4,4,TGTTACATCTTTCCCATACG,0,1000032
ecnBp,0.2,4,4,TGTGGCCCTTTTGCGGACGA,0,978932
ecnBp,0.2,4,4,TGTCGAGGAATTTGATCTCT,0,988914
ecnBp,0.2,4,4,TGGGTTCATATCAGCTACGG,0,1016910
ecnBp,0.2,4,4,TGGAATCCCACTGAAGTTCG,0,981317
ecnBp,0.2,4,4,TGCTGATGAACTTAAGGATA,0,992118
ecnBp,0.2,4,4,TGCTCTCATCGGCATCCTTT,0,979086
ecnBp,0.2,4,4,TGCGTTCCTTATCCTAACGA,0,1000426
ecnBp,0.2,4,4,TGCGGTGGGCAAGAACGATC,0,986491
ecnBp,0.2,4,4,TGCGGGCCGCAGGGGCATAT,0,1011438
ecnBp,0.2,4,4,TGCGGAGACGAGGAAGGTGT,0,1013437
ecnBp,0.2,4,4,TGATCTCTGACGAGACGTGC,0,977202
ecnBp,0.2,4,4,TGAGCGTGACACCCACGGAA,0,994947
ecnBp,0.2,4,4,TCTTTGATTGGTTTGCCAAA,0,990138
ecnBp,0.2,4,4,TCTTGACGTGCGATGAGTGT,0,993870
ecnBp,0.2,4,4,TCTTAAAAGGTTACCCCTAG,0,972347
ecnBp,0.2,4,4,TCTGCCACCGTTCCAGGTAC,0,1001628
ecnBp,0.2,4,4,TCTGACGGTGAAGACGCATA,0,982489
ecnBp,0.2,4,4,TCTCTGGATCAATGTCTCCT,0,1027991
ecnBp,0.2,4,4,TCTCGGACTTGAAGCACTAA,0,996154
ecnBp,0.2,4,4,TCTAGAAAGGGCGGAGCAGG,0,1023463
ecnBp,0.2,4,4,TCGTTTCCTCCTCTTGCATA,0,972695
ecnBp,0.2,4,4,TCGTTCACTTAAGGCAGTAC,0,1014276
ecnBp,0.2,4,4,TCGTTATTTTGCAACCTGAG,0,1021844
ecnBp,0.2,4,4,TCGGCAGCGGGAGCGGCGAC,0,1021891
ecnBp,0.2,4,4,TCGACACCGTTTACCATAGA,0,1022816
ecnBp,0.2,4,4,TCCTACGTGATCATCCCTTA,0,1026014
ecnBp,0.2,4,4,TCCTAAGTAACACATGCACC,0,1019962
ecnBp,0.2,4,4,TCCGCAAGAGGTATGGGAAC,0,987702
ecnBp,0.2,4,4,TCCGAATAAGACCGCGATTG,0,975109
ecnBp,0.2,4,4,TCCCGGGAGATTCTGCACAA,0,1017774
ecnBp,0.2,4,4,TCCATCAAGACACACTCTGT,0,1017587
ecnBp,0.2,4,4,TCCAACTCTCGGTGAATCAT,0,978451
ecnBp,0.2,4,4,TCAGCAGGGATTGGTGAAAA,0,1027433
ecnBp,0.2,4,4,TCACACGGTGTGGTGTGGGA,0,1023644
ecnBp,0.2,4,4,TCAAGTTTGCAAGCGTACGT,0,1001151
ecnBp,0.2,4,4,TCAAGCATGCCCATCGCTTC,0,979357
ecnBp,0.2,4,4,TATGTATCAAGTAAGAAGTT,0,980122
ecnBp,0.2,4,4,TAGGGCCAGATCTAAGGGTC,0,1007002
ecnBp,0.2,4,4,TAGGCCTCATGTTCGTTTCA,0,995890
ecnBp,0.2,4,4,TAGCAATACTAGGGGGTTCT,0,983969
ecnBp,0.2,4,4,TAGACACCGTGCCCGGTCTT,0,976427
ecnBp,0.2,4,4,TACGATGGCAGAGGTTGCTA,0,1008645
ecnBp,0.2,4,4,TACCGGATATAGTGCATATA,0,973060
ecnBp,0.2,4,4,TACATGATTGCCGTGATGAT,0,1021296
ecnBp,0.2,4,4,TACACCATCGCACAGAAATA,0,1013990
ecnBp,0.2,4,4,TAATGATGAGCGGCTCTAAT,0,999121
ecnBp,0.2,4,4,TAATCTGTTTAATGTTAAGA,0,1008609
ecnBp,0.2,4,4,TAATCATCTCGGGGGTGGGA,0,1002969
ecnBp,0.2,4,4,TAACCCAAAAAACGGTATCT,0,996388
ecnBp,0.2,4,4,TAAACGCTTGCGAGAATAGG,0,997006
ecnBp,0.2,4,4,TAAAACGATTCGGACTCCTC,0,973454
ecnBp,0.2,4,4,GTTTTAATAATAACTACTAA,0,990084
ecnBp,0.2,4,4,GTTTCTCAGTAGACAATGCG,0,991301
ecnBp,0.2,4,4,GTTTCCAGACTTCTGTATCG,0,993515
ecnBp,0.2,4,4,GTTGAAAAATAGTAAACGCC,0,975690
ecnBp,0.2,4,4,GTTCGTGAGCTCTGTATCAC,0,1005128
ecnBp,0.2,4,4,GTTCCGGTTTAAATGCCCAT,0,1011307
ecnBp,0.2,4,4,GTTCCAGGGTGTCGCCCGAG,0,994572
ecnBp,0.2,4,4,GTGGAAGCTCCTCATTGCGT,0,984471
ecnBp,0.2,4,4,GTGAGGCTTGCGCCTCGCAT,0,973333
ecnBp,0.2,4,4,GTCTTATTGTGTACCCGAGA,0,974958
ecnBp,0.2,4,4,GTCGTGCGGGGTAAATGTAT,0,994138
ecnBp,0.2,4,4,GTCGCGTCCGGCGTGTTAAA,0,1010288
ecnBp,0.2,4,4,GTCCATGTTGTGCGACGTAC,0,981676
ecnBp,0.2,4,4,GTCATAACGGGCTAATGGAT,0,985450
ecnBp,0.2,4,4,GTCAGTAAGTAGGCAGGCCT,0,985426
ecnBp,0.2,4,4,GTCAATTCCCCACGATAGGG,0,1019118
ecnBp,0.2,4,4,GTATTGCGGGTGTCAAGGAT,0,990861
ecnBp,0.2,4,4,GTAGGCCACCGGTTAGCGCA,0,1019483
ecnBp,0.2,4,4,GTAGGAGGATTTTGAAGATG,0,1001797
ecnBp,0.2,4,4,GTAGCTATCCGTGTCGGCAT,0,1018314
ecnBp,0.2,4,4,GGTGACTAATTCTGCCGCGG,0,985690
ecnBp,0.2,4,4,GGTCGGGTTTAGCTTAGCCC,0,993582
ecnBp,0.2,4,4,GGTCGCGCATTCGGCCCAGC,0,994006
ecnBp,0.2,4,4,GGTCCTAACGGGTCAGTTGG,0,1002530
ecnBp,0.2,4,4,GGTCACTGCACTCGTTATGG,0,991587
ecnBp,0.2,4,4,GGTAGTTGAAGAAACCCAAT,0,1019653
ecnBp,0.2,4,4,GGTAGTCTCTATGAGCTTTA,0,1024547
ecnBp,0.2,4,4,GGTAAACTGTTCGGTCATCG,0,973814
ecnBp,0.2,4,4,GGGTTGTATTTAAGAACATT,0,1008859
ecnBp,0.2,4,4,GGGTGAAATTGCACGTATTC,0,990237
ecnBp,0.2,4,4,GGGTCGGATGGGGCAATTTG,0,1014138
ecnBp,0.2,4,4,GGGTACCCCGTCTCTTGTTG,0,978496
ecnBp,0.2,4,4,GGGGAGCGCACGTATGTTAT,0,974368
ecnBp,0.2,4,4,GGGCTACAACACTGGATGCA,0,994284
ecnBp,0.2,4,4,GGCTGTAGCCCGTGCCAAGA,0,991949
ecnBp,0.2,4,4,GGCTCGTTGACCGGCGACAG,0,982913
ecnBp,0.2,4,4,GGCGGGAGAGGTAAAATTAT,0,978103
ecnBp,0.2,4,4,GGCCGGCATCCGGATTGTTG,0,1021819
ecnBp,0.2,4,4,GGCATACCCCATCAACACTT,0,981830
ecnBp,0.2,4,4,GGCAGTCACCACGCGTGACC,0,1006805
ecnBp,0.2,4,4,GGCAATTCGGAGATCTTTGA,0,999868
ecnBp,0.2,4,4,GGATCGGTAAGAACATTTTT,0,1015982
ecnBp,0.2,4,4,GGACTTTCTTCGCTCTGGTA,0,974479
ecnBp,0.2,4,4,GGACTACTGAATATATCCGT,0,1012771
ecnBp,0.2,4,4,GGACGGAGTAGATCGAGAGT,0,1009180
ecnBp,0.2,4,4,GGAAATTTGTTCGTAAAGTA,0,1014230
ecnBp,0.2,4,4,GGAAAAACGTCGGCGCTCCT,0,986820
ecnBp,0.2,4,4,GCTGGCAGCCGGCACTGGCT,0,998483
ecnBp,0.2,4,4,GCTCGAGCACGAGCCCGGAA,0,979041
ecnBp,0.2,4,4,GCGTGACCGGCGGGCCTGCA,0,1002496
ecnBp,0.2,4,4,GCGTCTTAATGGTCCTGGGC,0,989479
ecnBp,0.2,4,4,GCGGGAAGATTTAACCCTGA,0,1012112
ecnBp,0.2,4,4,GCGGATCCTAACTCATAGTG,0,990632
ecnBp,0.2,4,4,GCGACCGGTTGGTTTACGAT,0,999924
ecnBp,0.2,4,4,GCCGCGTGATTTGAGGCCCC,0,1000850
ecnBp,0.2,4,4,GCCGCCCCCGGGGGGAGAAG,0,989800
ecnBp,0.2,4,4,GCCCTACAAAGGTGACTATA,0,1016506
ecnBp,0.2,4,4,GCAGATGCGGCTTACTTCAA,0,1024912
ecnBp,0.2,4,4,GCAAGGCGTAGGGCCTGGCT,0,1002819
ecnBp,0.2,4,4,GATGGGCGAATTGCCGGCGA,0,1021877
ecnBp,0.2,4,4,GATGCAGCAGAACGCGAGGT,0,1020342
ecnBp,0.2,4,4,GATCGTGATTCCCCTGATAG,0,1001592
ecnBp,0.2,4,4,GATAAAGCCTTCAGCGGTAT,0,972161
ecnBp,0.2,4,4,GAGTCAGTCGCTGGACTGAA,0,1006806
ecnBp,0.2,4,4,GAGGGTACTCACGAGGAGCC,0,986213
ecnBp,0.2,4,4,GAGATCTGTTATGCCTCCCG,0,986303
ecnBp,0.2,4,4,GACTTCCAGGTCGGTTATGG,0,1002873
ecnBp,0.2,4,4,GACTGTTGCAATTTTAACTA,0,1027201
ecnBp,0.2,4,4,GACTCTACTCCGACGCATTT,0,1007419
ecnBp,0.2,4,4,GACGGCGAAAACCGGCTTAT,0,980928
ecnBp,0.2,4,4,GACCCGTCATTGTGGATAGG,0,1014220
ecnBp,0.2,4,4,GACATCAAGACGGCTCTGCT,0,1004349
ecnBp,0.2,4,4,GACAGGTCGTCAACGAAATA,0,1001685
ecnBp,0.2,4,4,GAATGATTACCCACAGGTAG,0,995331
ecnBp,0.2,4,4,GAATAGCGTGATTAATAAAG,0,1001540
ecnBp,0.2,4,4,GAACCCGCTCGGTGGGATAC,0,1007747
ecnBp,0.2,4,4,GAAACCACACAGCCTGGAAG,0,1023418
ecnBp,0.2,4,4,GAAACACCTATATGCGGGGG,0,1015943
ecnBp,0.2,4,4,CTTTTCTATATCTATTGTAC,0,1015154
ecnBp,0.2,4,4,CTTAGGGACTTATACTTGGG,0,1017044
ecnBp,0.2,4,4,CTGTTAAAAGTAGTCACCGG,0,1009178
ecnBp,0.2,4,4,CTGGACTATACGGAGCTAGT,0,995041
ecnBp,0.2,4,4,CTGCCGGCTTCCGAAAATTA,0,1015137
ecnBp,0.2,4,4,CTCTTTCCCCCTGGGAGGCT,0,987776
ecnBp,0.2,4,4,CTCTGTGTGCTTCGCTTAAC,0,1007297
ecnBp,0.2,4,4,CTCGCGGGCCAGTTGTTCGT,0,1014248
ecnBp,0.2,4,4,CTATGTTTACCCGGCACGTT,0,1016870
ecnBp,0.2,4,4,CTATAATGGTTTATCTCCGG,0,1001101
ecnBp,0.2,4,4,CTAGGCGGCATATGTCATAG,0,992049
ecnBp,0.2,4,4,CTAGGAGCGCACCGAGCACT,0,1026863
ecnBp,0.2,4,4,CTAGCAGTACCGCCGTTAGA,0,1012810
ecnBp,0.2,4,4,CGTTTATAGTTTTTAACCAC,0,1001417
ecnBp,0.2,4,4,CGTTCTGACAGAGCATGTCA,0,1023620
ecnBp,0.2,4,4,CGTTAATCTCCTTGCGCCGG,0,984737
ecnBp,0.2,4,4,CGTGGCTTTCCGTGTTCAAA,0,983590
ecnBp,0.2,4,4,CGTGCTAGATACGAGTCGCA,0,1000415
ecnBp,0.2,4,4,CGTCTCTTTAAGTTCAGAAG,0,973044
ecnBp,0.2,4,4,CGGTCTCCCTTAACAGTAGC,0,978342
ecnBp,0.2,4,4,CGGGTTTCGGTCGCTCATCA,0,1017498
ecnBp,0.2,4,4,CGGGCGGTGCAGTATAATTC,0,1011618
ecnBp,0.2,4,4,CGGCCCCTACGGGTCTAACC,0,989871
ecnBp,0.2,4,4,CGGCAGGGCACCGATAGCGA,0,1007632
ecnBp,0.2,4,4,CGCTTTCCTCCGTAAAAACG,0,974685
ecnBp,0.2,4,4,CGCGCAGTCGTATCAAGCTC,0,980983
ecnBp,0.2,4,4,CGCGCACAACAAGGACAGTG,0,972827
ecnBp,0.2,4,4,CGCCCGCCCGTTAGTGGTTG,0,977092
ecnBp,0.2,4,4,CGCCCCCAAGGTTGATGTAC,0,976335
ecnBp,0.2,4,4,CGCATTGTAAGAAGCGCAGC,0,983917
ecnBp,0.2,4,4,CGAGGAGAGCCAAGTTCAGC,0,982052
ecnBp,0.2,4,4,CGAGATAAGGGTTAGCGCGG,0,1001924
ecnBp,0.2,4,4,CGAGACGCCGCAGTAAAACT,0,974243
ecnBp,0.2,4,4,CGAATATAGAACAAACTCGC,0,1026847
ecnBp,0.2,4,4,CGAAGCCCTGCGGACTTTGA,0,972567
ecnBp,0.2,4,4,CCTTGACACCCGATTACCCA,0,985859
ecnBp,0.2,4,4,CCTTCGTGTGGATGAAGCGA,0,996309
ecnBp,0.2,4,4,CCTTCGGCAGGTTAGCTGCT,0,1002881
ecnBp,0.2,4,4,CCTGCCGGACATATGGTACA,0,988767
ecnBp,0.2,4,4,CCTACATAGAAGATTAATCC,0,973287
ecnBp,0.2,4,4,CCGTGTGCACTTACACAAGC,0,975365
ecnBp,0.2,4,4,CCGGTGTAACTAGGGGTTTA,0,995032
ecnBp,0.2,4,4,CCGGTATATCCGTAATTTAA,0,975921
ecnBp,0.2,4,4,CCGCGTAGCATATCTACGCG,0,1002024
ecnBp,0.2,4,4,CCGCCGCAAACAGCGTAGCA,0,1005860
ecnBp,0.2,4,4,CCGCATTCGTGCGACTGCGT,0,1007935
ecnBp,0.2,4,4,CCCTTTCATAGCCGCACTTG,0,976391
ecnBp,0.2,4,4,CCCTGAACGAGGTGGTATGT,0,1016251
ecnBp,0.2,4,4,CCCGATCTCGCGCGTGTACT,0,1024604
ecnBp,0.2,4,4,CCCAGTGCTTTACCGTTTGG,0,995363
ecnBp,0.2,4,4,CCCAGTCGTGGCAGGACTGT,0,1019379
ecnBp,0.2,4,4,CCCACAAAAAGTACGCGGAT,0,982264
ecnBp,0.2,4,4,CCATCTGTGTAAGCATCAGT,0,1016675
ecnBp,0.2,4,4,CCACTACGCTATCGGGCACT,0,975990
ecnBp,0.2,4,4,CCACCGCGCAGCCAACACAT,0,989581
ecnBp,0.2,4,4,CCACATGGCTTTTTTTCTGT,0,1010938
ecnBp,0.2,4,4,CCAAGCGGGAGTCCAAGGAT,0,995575
ecnBp,0.2,4,4,CATTTTCCTATTTGTTATAG,0,1010023
ecnBp,0.2,4,4,CATTTAGACCCACTCCACGT,0,1016439
ecnBp,0.2,4,4,CATTGGGCAGATATAAGATA,0,1026119
ecnBp,0.2,4,4,CATTACGAGATACTATACTG,0,1025718
ecnBp,0.2,4,4,CATGTAATCGAAGTGTTCAA,0,993808
ecnBp,0.2,4,4,CATCGGTATGAGAACACTAA,0,991157
ecnBp,0.2,4,4,CATAGATGCGTCGTCGGATC,0,1019844
ecnBp,0.2,4,4,CAGCCGGCGTTAGCGTGTAG,0,992786
ecnBp,0.2,4,4,CAGATTATAACCAGCTCTCC,0,1008940
ecnBp,0.2,4,4,CAGATTAACCGAGTCATCAT,0,1002415
ecnBp,0.2,4,4,CACTATATACACCGAGCTCA,0,991036
ecnBp,0.2,4,4,CACGGCTATTGCATTGGTTC,0,1025680
ecnBp,0.2,4,4,CACGAGCCCACGTTAACTCT,0,978135
ecnBp,0.2,4,4,CACCATTCGGCAGTAAGCCC,0,987000
ecnBp,0.2,4,4,CAATGCGGAACCACCGAACC,0,976334
ecnBp,0.2,4,4,CAATGATAGTACTTAAGCCG,0,978834
ecnBp,0.2,4,4,CAAGACTTCGCCTATATTGG,0,978879
ecnBp,0.2,4,4,CAAATTACTGACTTGGTTAT,0,989779
ecnBp,0.2,4,4,ATTGCGCGCAAAATCATTCG,0,1009011
ecnBp,0.2,4,4,ATTCTCAACACTCCTCGGGT,0,1027718
ecnBp,0.2,4,4,ATTCTACCCCGAAGCCCAAA,0,972973
ecnBp,0.2,4,4,ATTCCACAAATCTCAATTTT,0,1002682
ecnBp,0.2,4,4,ATTATATCGGGCAGATCAAA,0,977897
ecnBp,0.2,4,4,ATTAAACTGGACTATTTAGT,0,1004016
ecnBp,0.2,4,4,ATGCCTGAGATGGTTAAACC,0,979207
ecnBp,0.2,4,4,ATCTTTACCAGGCTAAGATA,0,1010968
ecnBp,0.2,4,4,ATCGTCGCCGTTTCTCTATC,0,1020643
ecnBp,0.2,4,4,ATCGAGCTCATCACGTCATC,0,982372
ecnBp,0.2,4,4,ATAGGGTGTTTGGTATAGTA,0,989460
ecnBp,0.2,4,4,ATAGGAACCGAGGGCGAACT,0,974075
ecnBp,0.2,4,4,ATACCGGTGTAACTCCATCA,0,1022049
ecnBp,0.2,4,4,AGTTACGAACGAAACATATC,0,997751
ecnBp,0.2,4,4,AGTCGGTGTTTGGGGCCGCA,0,994012
ecnBp,0.2,4,4,AGTATACATGAAGCACCATT,0,1013673
ecnBp,0.2,4,4,AGTAGGCGGGTGTACGTCGA,0,979828
ecnBp,0.2,4,4,AGTAGATCAAAGTCGAAATT,0,1018717
ecnBp,0.2,4,4,AGGGTTTGGCCGCCGTACTA,0,1021184
ecnBp,0.2,4,4,AGGCTTAGGAACATCTTCCC,0,995074
ecnBp,0.2,4,4,AGGCGTCTGGTTCGGAATTA,0,978278
ecnBp,0.2,4,4,AGGCAGAGGGATACACCTGT,0,1009554
ecnBp,0.2,4,4,AGGCAGAATCGAAGTCATAG,0,989412
ecnBp,0.2,4,4,AGGACCCCGGGCTACTCCTC,0,1004630
ecnBp,0.2,4,4,AGCGGTACAGTCTCTCTCGA,0,983278
ecnBp,0.2,4,4,AGATTTGTTTTCTAAATCGC,0,979355
ecnBp,0.2,4,4,AGAGCGTCGTCCTGTCCGGT,0,986078
ecnBp,0.2,4,4,AGAGCCAACCGGCTCCTACA,0,976389
ecnBp,0.2,4,4,AGAATGTGTGCCTATTGATG,0,1021682
ecnBp,0.2,4,4,ACTCCGGGAGACAGGCAAGT,0,1009470
ecnBp,0.2,4,4,ACTCCGCGTCCGTCGGTGTT,0,979679
ecnBp,0.2,4,4,ACTCATTCTCTGCAACTTCA,0,1022255
ecnBp,0.2,4,4,ACGGAGTAAAGAAAGCATTA,0,1007005
ecnBp,0.2,4,4,ACGCACGTACTAAATCGAAG,0,988633
ecnBp,0.2,4,4,ACGACGGACCGACATTAAAA,0,1008429
ecnBp,0.2,4,4,ACCTCGAGTCGCCTATGTTT,0,988884
ecnBp,0.2,4,4,ACCTAGAATATACTTTAATA,0,1024695
ecnBp,0.2,4,4,ACCGATGGCATGTTGGGGCA,0,1002056
ecnBp,0.2,4,4,ACAGGACTGGATCTCAGTCA,0,1012790
ecnBp,0.2,4,4,AAGTGGGTTATGCAGCTCCT,0,983749
ecnBp,0.2,4,4,AAGGCTCCCGGCATACTGCT,0,1001452
ecnBp,0.2,4,4,AAGGCACGTGCAGCGTATAT,0,984397
ecnBp,0.2,4,4,AAGCCTGAGGTTCAATGGCA,0,975065
ecnBp,0.2,4,4,AAGCCGCTTATTCAGCTCGT,0,1024039
ecnBp,0.2,4,4,AAGACCGGGGCGGAATCCGG,0,986300
ecnBp,0.2,4,4,AAGACCCTTTAGCGGTCAGT,0,1014867
ecnBp,0.2,4,4,AACTCTCACAAATTGCATTA,0,1026459
ecnBp,0.2,4,4,AACGGCAATAGCGCCTATAT,0,985706
ecnBp,0.2,4,4,AACGATGGACGCCGCGCAAC,0,993326
ecnBp,0.2,4,4,AACCTTATATGTGGACCGGT,0,989114
ecnBp,0.2,4,4,AACAGGGGTATTTCTCGGAT,0,999111
ecnBp,0.2,4,4,AAATCGTTTCTCATCATAAC,0,985067
ecnBp,0.2,4,4,AAAGTCCTATTCGGAGTAGA,0,1010983
ecnBp,0.2,4,4,AAAGAAGTGCACGGTCAGAA,0,992544
ecnBp,0.2,4,4,AAAAGCATCCCCCCTGCGAA,0,984657
ecnBp,0.2,4,4,AAAACGCCGTCATGCATCCT,0,1008218
ecnBp,0.25,3,3,TTTTGCGGCCCAAGACAGAA,0,1013699
ecnBp,0.25,3,3,TTTGTAGATGGATTGTCGCT,0,975107
ecnBp,0.25,3,3,TTTGCGGGTAGTGACACGGA,0,1013580
ecnBp,0.25,3,3,TTTGATGTTTTATGTGGCCA,0,1018523
ecnBp,0.25,3,3,TTTAGAGCTTCCAGTGATCA,0,997346
ecnBp,0.25,3,3,TTGTTCTAGAGCTGTGGGAT,0,976277
ecnBp,0.25,3,3,TTGTCGCGGCCCCACGCGAT,0,986765
ecnBp,0.25,3,3,TTGTAGTGAGTGACCAGTCG,0,1011661
ecnBp,0.25,3,3,TTGGTGGTGGCTTCATGTAA,0,986713
ecnBp,0.25,3,3,TTGGGCTGCCTCGAACGGTC,0,1007508
ecnBp,0.25,3,3,TTGGAGCCTTAGGGCACTGC,0,978758
ecnBp,0.25,3,3,TTGCTTACAATAAGAATCCG,0,988130
ecnBp,0.25,3,3,TTGCACTTACAGGGCGCGGT,0,979088
ecnBp,0.25,3,3,TTGCACCACGCGTCTAAAGT,0,1017377
ecnBp,0.25,3,3,TTGCACATGTAACAGCGTGA,0,982452
ecnBp,0.25,3,3,TTCTTGGCTAATGTGATACA,0,986900
ecnBp,0.25,3,3,TTCTTAGACACAGCGAGCAA,0,995036
ecnBp,0.25,3,3,TTCTGGCTTCTGTGTGAAAG,0,1015239
ecnBp,0.25,3,3,TTCTATAGTTTAGCTAGCCT,0,1026156
ecnBp,0.25,3,3,TTCTAGGAGTTGAGAAGTGG,0,982166
ecnBp,0.25,3,3,TTCTAAGAATACTTCAAGAA,0,975993
ecnBp,0.25,3,3,TTCGAGCTGTCGAGGAGTTT,0,1001412
ecnBp,0.25,3,3,TTCCTAAAGAGGGGCCGCAG,0,985921
ecnBp,0.25,3,3,TTCCGCCTCGACACCAACGC,0,981391
ecnBp,0.25,3,3,TTCCACTGTTGGGCCAGTGG,0,1001463
ecnBp,0.25,3,3,TTCCACGTAAAGGCGGGTTA,0,983926
ecnBp,0.25,3,3,TTCAGGTTAGACTTAGCGAA,0,1012423
ecnBp,0.25,3,3,TTCAAAGGCCAGGTAACAGG,0,1012727
ecnBp,0.25,3,3,TTATTTGCCGCATTGTCGTA,0,975853
ecnBp,0.25,3,3,TTATTTAGCCCGCACCAGAT,0,990976
ecnBp,0.25,3,3,TTATGCGTGGCAAGGTTGAA,0,991452
ecnBp,0.25,3,3,TTAGTCCCAACTCAAAACTT,0,1020677
ecnBp,0.25,3,3,TTACTGATCAGGCCGACAGT,0,976332
ecnBp,0.25,3,3,TTACTAGGCCACTTTTAACG,0,993432
ecnBp,0.25,3,3,TTACGAAATCATGAGTGTAT,0,979659
ecnBp,0.25,3,3,TTAAGGCTTTTACCTATCCA,0,1001299
ecnBp,0.25,3,3,TGTTCAGCGTTAACGCGACT,0,989028
ecnBp,0.25,3,3,TGTTATATTGTTATGTGACC,0,1009140
ecnBp,0.25,3,3,TGTTAGAATGTAAGAGGCCA,0,976723
ecnBp,0.25,3,3,TGTGTCGGATGTCCATGTGT,0,1022856
ecnBp,0.25,3,3,TGTCTGGTTGGTGCAGAGCT,0,1002284
ecnBp,0.25,3,3,TGGTGGAGGACGGATTCCTG,0,983727
ecnBp,0.25,3,3,TGGTACGGCTGGTCTCTCAT,0,1006494
ecnBp,0.25,3,3,TGGGGTTCAGGCTACCTGGT,0,985113
ecnBp,0.25,3,3,TGGGAGCCGCCTACTCCTGA,0,1004863
ecnBp,0.25,3,3,TGGCTACGAAAGGAATCTTC,0,972437
ecnBp,0.25,3,3,TGGCCGATGAAGTATGCATG,0,1023860
ecnBp,0.25,3,3,TGGCCATTTCATAGTGCTTC,0,1023346
ecnBp,0.25,3,3,TGGATATATGGACATGTCCA,0,1017248
ecnBp,0.25,3,3,TGGACCGTATCTTTTAGACG,0,995323
ecnBp,0.25,3,3,TGCTCAATCATCTCGGATTC,0,974684
ecnBp,0.25,3,3,TGCTATCTTGCTGAAACCAC,0,974885
ecnBp,0.25,3,3,TGCGCGCTCGACGCAGTCTC,0,976423
ecnBp,0.25,3,3,TGCGATGTCGTCCCTCCGAA,0,986265
ecnBp,0.25,3,3,TGCGAAAGAATCGATCCGAA,0,996001
ecnBp,0.25,3,3,TGCCTTTCCCTGACCTATAT,0,983147
ecnBp,0.25,3,3,TGCCTGGGTCGCATGCGGCT,0,990114
ecnBp,0.25,3,3,TGCCCTGGTCCTCAGTTGCC,0,981300
ecnBp,0.25,3,3,TGCCCATGACGCATCCTGAC,0,1017357
ecnBp,0.25,3,3,TGCCCACCATAGCAGCGGAT,0,980381
ecnBp,0.25,3,3,TGCATTGAGCTGTGCCCCAC,0,1016152
ecnBp,0.25,3,3,TGCATAAAATGCAACCTTTG,0,1020629
ecnBp,0.25,3,3,TGCAGCAGTCAAAGGAAACT,0,1025624
ecnBp,0.25,3,3,TGCACTGGAGTGAGACTGAC,0,1011488
ecnBp,0.25,3,3,TGATAGTTTCTGTTTTCGAA,0,980172
ecnBp,0.25,3,3,TGAGTGTGCTAGGTCTGGCT,0,1009359
ecnBp,0.25,3,3,TGAGTCTGACGCTATATTGG,0,1001385
ecnBp,0.25,3,3,TGAGAGCAAACTTGTGAGGT,0,980467
ecnBp,0.25,3,3,TGAAATCATGGGCACCGCGA,0,999624
ecnBp,0.25,3,3,TCTGCAAAAGTGTTATATGA,0,995094
ecnBp,0.25,3,3,TCTGATCCAGGTCACGACAA,0,990490
ecnBp,0.25,3,3,TCTATACGGGAGCACGGAAA,0,992276
ecnBp,0.25,3,3,TCGGTGCACGGTGTTAGGTG,0,973207
ecnBp,0.25,3,3,TCGGGGCTCATCGTTGTCAA,0,1005091
ecnBp,0.25,3,3,TCGGGCGAGTACATTGCAAG,0,1007979
ecnBp,0.25,3,3,TCGGAGGACGATTTCGCGTT,0,1021215
ecnBp,0.25,3,3,TCGGAAGCGTCAAGCTCGAA,0,1002025
ecnBp,0.25,3,3,TCGCGACCAGTGAGTGGTTT,0,1022449
ecnBp,0.25,3,3,TCCGAGTATCCTTGGGTCCT,0,993083
ecnBp,0.25,3,3,TCCCTACGTGGAAGTAGCTG,0,998798
ecnBp,0.25,3,3,TCCCCACTCGGAATCCTATG,0,981396
ecnBp,0.25,3,3,TCCATTAGCCGGCAAAAAAT,0,989559
ecnBp,0.25,3,3,TCCACGATAAACCCTGGCCC,0,1014068
ecnBp,0.25,3,3,TCCACCGACCCATGTGGGCT,0,1008936
ecnBp,0.25,3,3,TCCACAGTTACAAAAGTCGG,0,1004014
ecnBp,0.25,3,3,TCCAATGCCCGTTGAGAAAG,0,986636
ecnBp,0.25,3,3,TCCAAGTGGCTGCTAAGGTG,0,975706
ecnBp,0.25,3,3,TCATTTTAAGCGGGATTCCA,0,989108
ecnBp,0.25,3,3,TCATCGAGACTTTTCGTTAC,0,983947
ecnBp,0.25,3,3,TCATCAAACAGGCCTTCTGC,0,975008
ecnBp,0.25,3,3,TCATAGCGCACTCCTAATTG,0,973021
ecnBp,0.25,3,3,TCATAGAGTGTCACCGTGGT,0,995085
ecnBp,0.25,3,3,TCAGTATCATAGTGCCGGAG,0,1027815
ecnBp,0.25,3,3,TCAGGCCAATGTTTTCCGGG,0,988361
ecnBp,0.25,3,3,TCAGCGCCAAGGAACCTAGG,0,983730
ecnBp,0.25,3,3,TCAGAGGGGCAGGATGGCAG,0,1008870
ecnBp,0.25,3,3,TCAAACCGAGGCCAACCACG,0,1009042
ecnBp,0.25,3,3,TATTCTCCAGTTGGGCACTA,0,998282
ecnBp,0.25,3,3,TATGGTGGCGGTGCCACTTC,0,1020254
ecnBp,0.25,3,3,TATGAGTTCATCTCACTGCA,0,994995
ecnBp,0.25,3,3,TATCTGTTGGGATGAGATAA,0,974389
ecnBp,0.25,3,3,TATACATCTTGTTCGGCCAC,0,984671
ecnBp,0.25,3,3,TATAAGCCAGACATGCAGTA,0,1020830
ecnBp,0.25,3,3,TAGGTTCACGCAATTCACAT,0,999953
ecnBp,0.25,3,3,TAGGGTTGTCGAATCCACAA,0,992177
ecnBp,0.25,3,3,TAGGGCTATAGCCGAGTTAG,0,1019898
ecnBp,0.25,3,3,TAGGAATACGTGTTTCGCAT,0,1009444
ecnBp,0.25,3,3,TAGATATCCGAGTTGTTTTC,0,982704
ecnBp,0.25,3,3,TAGAAAATGTATCTTTAAAG,0,982171
ecnBp,0.25,3,3,TACGGAGAGACAATTCCGTA,0,984629
ecnBp,0.25,3,3,TACGCCTCTCGCGTCCTATT,0,974308
ecnBp,0.25,3,3,TACGCAAAATACAGCTTCCT,0,1020080
ecnBp,0.25,3,3,TACCTCACATTAGTCGAGCC,0,1000163
ecnBp,0.25,3,3,TACATCGGTACTACACGTGT,0,1006558
ecnBp,0.25,3,3,TACACCATCCGCTTGTGGGG,0,1004992
ecnBp,0.25,3,3,TAATTTAGTAGTCGCGCCGC,0,976363
ecnBp,0.25,3,3,TAATTGCTTCAGATTATCTG,0,991766
ecnBp,0.25,3,3,TAATGCAGCTCAATCCGGAA,0,997595
ecnBp,0.25,3,3,TAATATCAGGGACACGTGAG,0,976303
ecnBp,0.25,3,3,TAAGTCAAAACGGCCGAAGC,0,973664
ecnBp,0.25,3,3,TAAATCTTGACAACTGGCTA,0,1004662
ecnBp,0.25,3,3,TAAAATGGAACTCATGACGC,0,974626
ecnBp,0.25,3,3,GTTTGTAAGTCGGCTGTAGA,0,1018521
ecnBp,0.25,3,3,GTTTCCGACGCGGTTGTTAG,0,1018268
ecnBp,0.25,3,3,GTTGTGATGTTTCGGCTATC,0,974003
ecnBp,0.25,3,3,GTTGCGTCTGGACAAACTAC,0,1019800
ecnBp,0.25,3,3,GTTAGGTAAAAGCATAACTC,0,1020202
ecnBp,0.25,3,3,GTTAGGAAACCCCAAGGGCG,0,973226
ecnBp,0.25,3,3,GTTAGCACTTATTGTAGATG,0,1008434
ecnBp,0.25,3,3,GTTAATCCTGTACCGGCATA,0,1020758
ecnBp,0.25,3,3,GTGTTTACAAAGTGGTTTAC,0,1006008
ecnBp,0.25,3,3,GTGTTACACATTTCTCCTTT,0,1023899
ecnBp,0.25,3,3,GTGTACTCCGATGTCGCACG,0,991539
ecnBp,0.25,3,3,GTGGTCTGAATGGCCTGACG,0,998380
ecnBp,0.25,3,3,GTGGGGAGGGTAGCTTGAGG,0,986762
ecnBp,0.25,3,3,GTGGGCACCGTTATAAAGCG,0,984090
ecnBp,0.25,3,3,GTGGGAGCAGGGGACTGTAA,0,1027221
ecnBp,0.25,3,3,GTGCGCGTGAGCTCCGCGAG,0,986021
ecnBp,0.25,3,3,GTGCGATCGGAAGGGTCCTC,0,996751
ecnBp,0.25,3,3,GTGAAAGGCTCAAACGGGAT,0,978836
ecnBp,0.25,3,3,GTCTTAACACGGGTTTCCTG,0,1008019
ecnBp,0.25,3,3,GTCTGCCCCAGGAACGTAGC,0,995263
ecnBp,0.25,3,3,GTCTACCGATTACTTTCACC,0,1011501
ecnBp,0.25,3,3,GTCGGGCGCCAGCTTCTTTA,0,983195
ecnBp,0.25,3,3,GTCGCTGTATTCCGATCCTT,0,1013577
ecnBp,0.25,3,3,GTCCGTCCTGCAGCCCGGGT,0,974220
ecnBp,0.25,3,3,GTATGAGCTCCTTGCTAGTC,0,997244
ecnBp,0.25,3,3,GTATCCAGCGTGCTAGTCTC,0,979740
ecnBp,0.25,3,3,GTATCAAAAACCACTGTCAG,0,976823
ecnBp,0.25,3,3,GTAGAGGGGCACGCAGAGCC,0,974445
ecnBp,0.25,3,3,GTAGAGGATTGACGGGCGGG,0,1019075
ecnBp,0.25,3,3,GTACGAGAGAATAACCGGCT,0,982422
ecnBp,0.25,3,3,GTAATTTTGACTTGCTATTT,0,1019560
ecnBp,0.25,3,3,GTAATAGGCCCTGGCACCCA,0,975326
ecnBp,0.25,3,3,GTAAAAATGCATCCTAGGAA,0,1025378
ecnBp,0.25,3,3,GGTTTTCAAAAGACTCGTCA,0,1016730
ecnBp,0.25,3,3,GGTTTAGTGTTTCGAACGAA,0,999184
ecnBp,0.25,3,3,GGTTCTGAAAGATACCCTCT,0,1019887
ecnBp,0.25,3,3,GGTTCAGCATGGGAGTAAGT,0,1013274
ecnBp,0.25,3,3,GGTGATGAAAATTCCAGGGA,0,976026
ecnBp,0.25,3,3,GGTGACTAAGATCTTTTAAT,0,1001805
ecnBp,0.25,3,3,GGTGAAACATGGACTCAAGG,0,990001
ecnBp,0.25,3,3,GGTCACCCTCAGGCGGGATG,0,1016524
ecnBp,0.25,3,3,GGTATCTAAGGGATAGGAGG,0,1003336
ecnBp,0.25,3,3,GGGGTTGAAAGGATTCGGCT,0,985609
ecnBp,0.25,3,3,GGGGGCTATTCATGCGGTGG,0,980409
ecnBp,0.25,3,3,GGGGACATCGGTCCGACTTC,0,1019264
ecnBp,0.25,3,3,GGGCTATATTCCACGTCTAT,0,1014272
ecnBp,0.25,3,3,GGGCGAATTATCGAATTTGA,0,1010070
ecnBp,0.25,3,3,GGGACTCTGCGGAAGAGAAA,0,979699
ecnBp,0.25,3,3,GGGAAGGTACGTATATATAG,0,1020540
ecnBp,0.25,3,3,GGCTAATTGGTTGTCACGTG,0,1026915
ecnBp,0.25,3,3,GGCGGCTCGGCCTGCAATGT,0,985542
ecnBp,0.25,3,3,GGCGACACCTTCGACTCGGC,0,1022169
ecnBp,0.25,3,3,GGCCTGTAGGTAATTCGGCG,0,1008105
ecnBp,0.25,3,3,GGCCTGAGGCCGCAATGCAT,0,1021508
ecnBp,0.25,3,3,GGCCCAGCCATAACGCATGG,0,1014990
ecnBp,0.25,3,3,GGCCACCCCCTATTTGGGCT,0,1011710
ecnBp,0.25,3,3,GGCACCCTACGTTTGACGTC,0,973591
ecnBp,0.25,3,3,GGCAAGCAAGGCATGAACAC,0,1005321
ecnBp,0.25,3,3,GGATGTGGTTTCCGTTGTGT,0,1006657
ecnBp,0.25,3,3,GGATGTGCGAATCGCAAAAC,0,1026944
ecnBp,0.25,3,3,GGATGTACTTCCTAGCCGAT,0,1024465
ecnBp,0.25,3,3,GGATGCTCGTCGGGCTCGCA,0,975204
ecnBp,0.25,3,3,GGATATCTTAGTGGCCCACG,0,997849
ecnBp,0.25,3,3,GGACAACAGGACGGGTGTGG,0,1024668
ecnBp,0.25,3,3,GGAAGGTTTCTCGCCATACG,0,992983
ecnBp,0.25,3,3,GGAAATACACTCTGGACAGA,0,1018549
ecnBp,0.25,3,3,GCTGTATGGGCAAAAGCTGG,0,989254
ecnBp,0.25,3,3,GCTGGGGTAAACCAGGCGGT,0,975676
ecnBp,0.25,3,3,GCTGCTTACTTCAATCACCG,0,981167
ecnBp,0.25,3,3,GCTCGGGTAGCTCAGGTCCC,0,1026854
ecnBp,0.25,3,3,GCGTTGACTGCCTAGGCACA,0,1000875
ecnBp,0.25,3,3,GCGGAGCTAAGTTACGGTGT,0,991636
ecnBp,0.25,3,3,GCGCTTTAGTGGAACCACTT,0,977069
ecnBp,0.25,3,3,GCGCGGGTGGCTCCGTGTCA,0,1026759
ecnBp,0.25,3,3,GCGCAATAGGGCTACAGACC,0,993332
ecnBp,0.25,3,3,GCGATTCGAGCAGGTTTTCA,0,1004822
ecnBp,0.25,3,3,GCGATCAATCGAATTCGAAC,0,981398
ecnBp,0.25,3,3,GCGACGTTCCCGTGTCAGCA,0,983253
ecnBp,0.25,3,3,GCCTTGCTCACCTGACGCAT,0,1017719
ecnBp,0.25,3,3,GCCTGCATAGAACCGGGGAA,0,997320
ecnBp,0.25,3,3,GCCTCTGTATATAGAGTTTG,0,972888
ecnBp,0.25,3,3,GCCTAGGCGAGTATGGTTCC,0,989815
ecnBp,0.25,3,3,GCCGAGTCCGAAAGGCACCC,0,1014650
ecnBp,0.25,3,3,GCCCCTAGGTCAGAAGGCGA,0,1009534
ecnBp,0.25,3,3,GCCCAGACAAAAATTTTCCG,0,984232
ecnBp,0.25,3,3,GCCCACAACTGAAAAGGTCC,0,978377
ecnBp,0.25,3,3,GCCACAGCGGTTGATGCATA,0,974227
ecnBp,0.25,3,3,GCATGTTTGACGACATATTG,0,1000305
ecnBp,0.25,3,3,GCATGGGATTACGACGCAAT,0,977332
ecnBp,0.25,3,3,GCATGCGGAGAGCAGGCTTA,0,991939
ecnBp,0.25,3,3,GCATAGCTCCCTTAACAATA,0,1015730
ecnBp,0.25,3,3,GCAGGCGAGACTAACGTACA,0,982420
ecnBp,0.25,3,3,GCAGCAGGGTCCTACGCTAA,0,991961
ecnBp,0.25,3,3,GCACGATATAACTCGGCATT,0,996357
ecnBp,0.25,3,3,GCAACTGCATGCTGGTTATG,0,1009505
ecnBp,0.25,3,3,GCAAAGGACCATCATTCGAT,0,1000632
ecnBp,0.25,3,3,GATTGTCGGAGCATGGGACG,0,983564
ecnBp,0.25,3,3,GATTAAGCAACTTGCTTATG,0,1026013
ecnBp,0.25,3,3,GATCTCCGCCTTCCCGCGTT,0,982067
ecnBp,0.25,3,3,GATCCGCACAGTGAAGGGCG,0,983854
ecnBp,0.25,3,3,GATCCCCGTGCCAACCCACA,0,1023925
ecnBp,0.25,3,3,GATCAGGTAGCGAGTTTAAT,0,986196
ecnBp,0.25,3,3,GATCAGACCTGAACAAGTTG,0,999829
ecnBp,0.25,3,3,GATATTGTTCTGCTCTTTTA,0,1007222
ecnBp,0.25,3,3,GATAGGGGGATTCTGGGTAT,0,999437
ecnBp,0.25,3,3,GATACTCAAGAATGCGAGGC,0,1004755
ecnBp,0.25,3,3,GAGTCACTCGGAAGTTTGAA,0,976466
ecnBp,0.25,3,3,GAGGCAAACGTTTTTGGAGT,0,984065
ecnBp,0.25,3,3,GAGCTCTCGAATAGGAACCC,0,1012241
ecnBp,0.25,3,3,GAGCTCAGGGCCCCCCCAAT,0,1026894
ecnBp,0.25,3,3,GAGCTAAAGGGGTCAAGGGT,0,978760
ecnBp,0.25,3,3,GAGCGTCGCTTTAGGACATC,0,978968
ecnBp,0.25,3,3,GAGCGATTCTGGATGTCGTC,0,983711
ecnBp,0.25,3,3,GAGCGAATCAAGTACTTCGT,0,1000441
ecnBp,0.25,3,3,GAGCCAGCTAGCTGGGGTGC,0,973589
ecnBp,0.25,3,3,GAGAGTACCACCGTGTAGGG,0,998165
ecnBp,0.25,3,3,GACTCCGGGGCCGGCAAACT,0,1001741
ecnBp,0.25,3,3,GACTAACATTGTCAAGCGAG,0,975750
ecnBp,0.25,3,3,GACGCTCTGCGGGACGTTAA,0,991782
ecnBp,0.25,3,3,GACGCAGCTACAGCCCGGTC,0,978527
ecnBp,0.25,3,3,GACCGCACACGCTTGTGCAG,0,999242
ecnBp,0.25,3,3,GAATAAGCTTATAGCGTTGA,0,998277
ecnBp,0.25,3,3,GAAGTCCACGGGAGTCGTTT,0,979212
ecnBp,0.25,3,3,GAAGCTTCAGAATCACCGCA,0,1018323
ecnBp,0.25,3,3,GAAGCGTGACTATAGCAAGA,0,996731
ecnBp,0.25,3,3,GAACTGCGCTACTACGGGAC,0,1010457
ecnBp,0.25,3,3,GAACGGTACTGCGTTTTACT,0,1009149
ecnBp,0.25,3,3,GAACATTATACTTTGTGTAC,0,987641
ecnBp,0.25,3,3,GAAAACCTACCCGGGCCTGC,0,977775
ecnBp,0.25,3,3,CTTTTCTCACATGCCCACAG,0,997290
ecnBp,0.25,3,3,CTTTCTGCACGCTATGAGAT,0,1012600
ecnBp,0.25,3,3,CTTTCCTAGAATCAACGACG,0,1002624
ecnBp,0.25,3,3,CTTGTATGCAAGAGTAGATT,0,1002265
ecnBp,0.25,3,3,CTTGCAGCGCAATTAGGCCC,0,980993
ecnBp,0.25,3,3,CTTCCTTACTTTACAGGAGT,0,1021772
ecnBp,0.25,3,3,CTTCATATTCAAGCACATAA,0,999530
ecnBp,0.25,3,3,CTTATTCGCTGTCGCGTTTC,0,1012573
ecnBp,0.25,3,3,CTTAGCACAAGCGCGTCGCC,0,1001159
ecnBp,0.25,3,3,CTTAAATTGGTCTACGCGTG,0,1010297
ecnBp,0.25,3,3,CTTAAAGTGTCAAGGTTTGC,0,977310
ecnBp,0.25,3,3,CTGTGGTCACGGAGTCAACC,0,974060
ecnBp,0.25,3,3,CTGTGCCTTTGATCGCGATA,0,1014408
ecnBp,0.25,3,3,CTGTCTTGGTTATTACATTA,0,977654
ecnBp,0.25,3,3,CTGTATCTAGTTTTGGGACC,0,974545
ecnBp,0.25,3,3,CTGTAAAGATACCGAATCCT,0,974961
ecnBp,0.25,3,3,CTGGGACAATGTTGAGAGGG,0,977410
ecnBp,0.25,3,3,CTGGACGTTCTTTTCAGGGA,0,1005599
ecnBp,0.25,3,3,CTGCTGTATTTCGAAACTCT,0,1002654
ecnBp,0.25,3,3,CTGCGAGAAATGTGTCAGAA,0,1002243
ecnBp,0.25,3,3,CTGCCGGAAACCCGATGAAC,0,1004734
ecnBp,0.25,3,3,CTGCCACGTAAGCCTATCAT,0,1005572
ecnBp,0.25,3,3,CTGACGCTTATGCGTTCGAA,0,1022778
ecnBp,0.25,3,3,CTGACCCCATGCAGCTGCGA,0,981261
ecnBp,0.25,3,3,CTCTGAGGCCTGGGTGTGCA,0,1021613
ecnBp,0.25,3,3,CTCGGTTGGATCAAGAATAA,0,982607
ecnBp,0.25,3,3,CTCCGCGTCCACTTTTATAT,0,980394
ecnBp,0.25,3,3,CTCATCCTAGTACGAAATTA,0,997003
ecnBp,0.25,3,3,CTCAATACTGTTCCGCTACG,0,998585
ecnBp,0.25,3,3,CTATTGTACGCGCTTCACAC,0,973407
ecnBp,0.25,3,3,CTATTGCTTCAGGAGCCGTT,0,1012867
ecnBp,0.25,3,3,CTATCAAGGACGATTTAAAC,0,1024471
ecnBp,0.25,3,3,CTAGTATTTCATGCCGGCGG,0,1001587
ecnBp,0.25,3,3,CTAGGACTTCAAGTATTGAA,0,998382
ecnBp,0.25,3,3,CTACGGAGCTGTGTTTATTC,0,1004780
ecnBp,0.25,3,3,CTACGCGGTCTCAGGCAGAT,0,1023014
ecnBp,0.25,3,3,CTAATTCTTGTCCCACGATG,0,988193
ecnBp,0.25,3,3,CTAATGCTCTAATATCTAGG,0,1018533
ecnBp,0.25,3,3,CTAAGGGCGGTTACTCCCGC,0,1020223
ecnBp,0.25,3,3,CTAACCTACTGGGCATTCTG,0,1008432
ecnBp,0.25,3,3,CGTTGTACATATAGAGGAGA,0,1020887
ecnBp,0.25,3,3,CGTTGCGCATCCAAAAGAAG,0,1014944
ecnBp,0.25,3,3,CGTGCCGCAGAGTTCTGTAG,0,1009625
ecnBp,0.25,3,3,CGTCCGGTTAAGAGATCATT,0,974902
ecnBp,0.25,3,3,CGTCATTAAAAGAGTCTGTC,0,977221
ecnBp,0.25,3,3,CGTAGGGCGTAGCAGCGTTT,0,989819
ecnBp,0.25,3,3,CGGTGGGGGTTACTGATGTG,0,973729
ecnBp,0.25,3,3,CGGGTACAGTGCGTTCCGTG,0,990146
ecnBp,0.25,3,3,CGGGGCGTGCGAGTGTATTG,0,991438
ecnBp,0.25,3,3,CGGCCTTCCCCTCGTAATAC,0,988317
ecnBp,0.25,3,3,CGGCCCTATATAGGTGATAG,0,974068
ecnBp,0.25,3,3,CGGCAGTTGCACCAAGGATC,0,974195
ecnBp,0.25,3,3,CGGATCATGAGTTATATCAT,0,984739
ecnBp,0.25,3,3,CGCTTTAGTGCAAATGAATA,0,979072
ecnBp,0.25,3,3,CGCTCCGCTTGGCCTGGACT,0,1006120
ecnBp,0.25,3,3,CGCTAGTGCCTTGATCGTGG,0,994085
ecnBp,0.25,3,3,CGCTACACTCAGGGGAATGA,0,1027431
ecnBp,0.25,3,3,CGCTAACAGATAAACCACGG,0,1008721
ecnBp,0.25,3,3,CGCGTGCGCAGGGAGCGAAT,0,986214
ecnBp,0.25,3,3,CGCGCGACATTTCATATCTA,0,1008317
ecnBp,0.25,3,3,CGCGCGAAATCTCTGGGTAG,0,972976
ecnBp,0.25,3,3,CGCCTTATGTCGTACCCGCT,0,976318
ecnBp,0.25,3,3,CGCATACCCGTCCGATTTAT,0,1001675
ecnBp,0.25,3,3,CGATATAAGCATCGGGTTCA,0,989290
ecnBp,0.25,3,3,CGAGTTTGTAACTAGCGGTC,0,1007976
ecnBp,0.25,3,3,CGAGGGTCAGTGTCAGACCA,0,973497
ecnBp,0.25,3,3,CGACGGATTAATTTCTTTGA,0,1003023
ecnBp,0.25,3,3,CGAAGGCCATGTCGCCGCAT,0,987862
ecnBp,0.25,3,3,CCTTCCCCTAAGTGCCCCAT,0,986517
ecnBp,0.25,3,3,CCTCGTGCGGTTGTCGGCAC,0,1024070
ecnBp,0.25,3,3,CCTAGGTTAGCTTATTTGGT,0,985532
ecnBp,0.25,3,3,CCTAACGTTTTTATAAGCTG,0,1000899
ecnBp,0.25,3,3,CCGTGCAAATATGCTGCAAG,0,981492
ecnBp,0.25,3,3,CCGTCGGCCCGCCCTCTCTG,0,997460
ecnBp,0.25,3,3,CCGGGGGAGGATACCACGGG,0,1024224
ecnBp,0.25,3,3,CCGGGAGGTATATCTTATAA,0,978101
ecnBp,0.25,3,3,CCGGCGGACTGGCACCCGCT,0,987689
ecnBp,0.25,3,3,CCGGACCCACACTGAGTTAT,0,982329
ecnBp,0.25,3,3,CCGGAACCGGACAATCAAAA,0,980113
ecnBp,0.25,3,3,CCGCATTTCCCAAATCCATG,0,1018201
ecnBp,0.25,3,3,CCGAGCCTTTATCAGGTGCC,0,987620
ecnBp,0.25,3,3,CCGAGCAATGCAGGCCTAAC,0,1010193
ecnBp,0.25,3,3,CCCTTGCAACACCGTCGGTC,0,972839
ecnBp,0.25,3,3,CCCTTAGAAGGAGTTTGAAT,0,973780
ecnBp,0.25,3,3,CCCGTATTCCCACATCTGTT,0,972573
ecnBp,0.25,3,3,CCCGGTAATAGGGCTCGTAT,0,997475
ecnBp,0.25,3,3,CCCGGGATGGACACCCATCT,0,982645
ecnBp,0.25,3,3,CCCCGCCACTCTAATGGACA,0,987919
ecnBp,0.25,3,3,CCCCCCTTTTGACTTAGAAA,0,1020876
ecnBp,0.25,3,3,CCCACTAGCGTGGGCACATG,0,1018646
ecnBp,0.25,3,3,CCATTACATGAATCTCCTGG,0,1012511
ecnBp,0.25,3,3,CCATCGTAATCTGGAAACAA,0,982535
ecnBp,0.25,3,3,CCAGGTACGATCATGTATAC,0,979097
ecnBp,0.25,3,3,CCAGCGAGATGGGGTATATG,0,1019886
ecnBp,0.25,3,3,CCACGTATCAGCCGTAGTCA,0,1002458
ecnBp,0.25,3,3,CCACGCCATTTCCTTCATGT,0,985369
ecnBp,0.25,3,3,CCACCAGTCCCCTCAGTTCT,0,1006695
ecnBp,0.25,3,3,CCAACGACCCGCGGCACAAT,0,985520
ecnBp,0.25,3,3,CATTTCACATTGTTAAAATG,0,985182
ecnBp,0.25,3,3,CATGTAGTGACGTTTTGGTT,0,997162
ecnBp,0.25,3,3,CATGGCGTAGTAAGTTGGTA,0,1020673
ecnBp,0.25,3,3,CATGGCCATACGGTGGGTAT,0,975145
ecnBp,0.25,3,3,CATCCACAGGACCGAATAAA,0,1009741
ecnBp,0.25,3,3,CATCAAATTGTGACGGGACT,0,1018515
ecnBp,0.25,3,3,CATAGCAGCCTACTCCTTGC,0,1016138
ecnBp,0.25,3,3,CATAGAGTTTCTACACGCGC,0,1021900
ecnBp,0.25,3,3,CATAAAGATTAAGTAGTTAG,0,1008476
ecnBp,0.25,3,3,CAGTTTACACAGGACTTATC,0,1011332
ecnBp,0.25,3,3,CAGGTTAGGAGAGCAGATCT,0,1015981
ecnBp,0.25,3,3,CAGGTCTTTGTGATAGTTAA,0,998275
ecnBp,0.25,3,3,CAGGTATACCACGGTCGTAC,0,991730
ecnBp,0.25,3,3,CAGGGTTCACGTCCGGCACT,0,1002112
ecnBp,0.25,3,3,CAGGGGGCATCCTCGAAAGT,0,1010011
ecnBp,0.25,3,3,CAGGGCAGGTGCGGATATAA,0,999702
ecnBp,0.25,3,3,CAGGCGGCGCGGGCCGGCCA,0,982116
ecnBp,0.25,3,3,CAGGAGAACGCCTGTAAAGA,0,982834
ecnBp,0.25,3,3,CAGGAAAAACGAGACTGACT,0,985445
ecnBp,0.25,3,3,CAGCATTCGCTTGCCGCCAC,0,983104
ecnBp,0.25,3,3,CAGCAGTTACTGATTTGGTT,0,997929
ecnBp,0.25,3,3,CAGACGTTTCTTTTACGTGC,0,1023611
ecnBp,0.25,3,3,CAGAAGAATTGTATTTGGGG,0,1011572
ecnBp,0.25,3,3,CAGAACTAATGTCCAGACGG,0,1002483
ecnBp,0.25,3,3,CACTCGTCACCGCATGGGCG,0,1003126
ecnBp,0.25,3,3,CACTAATAAAACTCTTTCAA,0,1018270
ecnBp,0.25,3,3,CACGGAGTGGCCCAGAGGTT,0,1015236
ecnBp,0.25,3,3,CACGACGTGGCTGTCTTTAT,0,980472
ecnBp,0.25,3,3,CAATGTGATCATTTTTCGCT,0,1019545
ecnBp,0.25,3,3,CAATATGTAAGAGTCACGGA,0,1017905
ecnBp,0.25,3,3,CAAGACTGAATATACCGGCG,0,1013521
ecnBp,0.25,3,3,CAACGAATCAAGCGCTACCC,0,1003323
ecnBp,0.25,3,3,CAACAATGGTTCGGCGTAAT,0,1011772
ecnBp,0.25,3,3,CAAATCCGGTCCTTTGAATG,0,1005861
ecnBp,0.25,3,3,ATTTTTTGGATGTCCACACG,0,1006855
ecnBp,0.25,3,3,ATTTTTAAAATTGTGTGAGA,0,987362
ecnBp,0.25,3,3,ATTTGCGGGGAACATGCGCA,0,992358
ecnBp,0.25,3,3,ATTTCAGTCGAGACCTGTAG,0,1005549
ecnBp,0.25,3,3,ATTGTTCTGGAAACGCGCAT,0,993467
ecnBp,0.25,3,3,ATTGCTGAAATGGCGCTTCA,0,1010712
ecnBp,0.25,3,3,ATTGAGTTAGGCCCCCACGA,0,974218
ecnBp,0.25,3,3,ATTCGTAGAGAAAATCACAC,0,978872
ecnBp,0.25,3,3,ATTCGGGACTGAACGTACCT,0,1020050
ecnBp,0.25,3,3,ATTACTGTCTCGAGGGATAT,0,987243
ecnBp,0.25,3,3,ATGTCTTGGCGCTCTTGCAA,0,1024961
ecnBp,0.25,3,3,ATGTCGGCAGTAAAGACCGA,0,986255
ecnBp,0.25,3,3,ATGTAGACTACAGGTTGCTG,0,982341
ecnBp,0.25,3,3,ATGTAAGCGTCTGGCTGACA,0,1009456
ecnBp,0.25,3,3,ATGGTGCGAGGCCCGTCAAT,0,997997
ecnBp,0.25,3,3,ATGGTACGCGCTCCATTGGT,0,990396
ecnBp,0.25,3,3,ATGGGAAGAATTGGCAGCAT,0,1003745
ecnBp,0.25,3,3,ATGGCCACTGTCACCAGTCC,0,995717
ecnBp,0.25,3,3,ATGCGTCCTAGCTTCTGCCA,0,1012265
ecnBp,0.25,3,3,ATGCGAGGCTACAACTTAAC,0,1001467
ecnBp,0.25,3,3,ATGAGAATTCTTGATACGAA,0,984163
ecnBp,0.25,3,3,ATCTGTCGTTGAGCGGATTA,0,972523
ecnBp,0.25,3,3,ATCTGGTCACCCACGGCATT,0,1006618
ecnBp,0.25,3,3,ATCTCGGGCGGGTTCAGCTG,0,993514
ecnBp,0.25,3,3,ATCTCGGAAGAAGTATGCAA,0,1024955
ecnBp,0.25,3,3,ATCTAGCCGAGTGAACACTA,0,1003052
ecnBp,0.25,3,3,ATCGGTACGGTGTCTTATAA,0,1010543
ecnBp,0.25,3,3,ATCCCGCATGGAATCATATC,0,984301
ecnBp,0.25,3,3,ATCCCAGCAAGGGACCGCGG,0,1001644
ecnBp,0.25,3,3,ATCATGCAATGCCAAACACG,0,988595
ecnBp,0.25,3,3,ATCAGGTGGAAGCATAAAAC,0,987821
ecnBp,0.25,3,3,ATAGGTGCGAGCTTGCGGTC,0,990064
ecnBp,0.25,3,3,ATAGCAAACGGTAGGGGGAC,0,996964
ecnBp,0.25,3,3,ATACGAAAAGGTGCGCTCCT,0,989745
ecnBp,0.25,3,3,AGTTGTAAGAGTGGCCTTAA,0,1025652
ecnBp,0.25,3,3,AGTTCATCGCTACCAGCACA,0,983068
ecnBp,0.25,3,3,AGTGAATTGGGAGCGGTTTG,0,986977
ecnBp,0.25,3,3,AGTCACATGCCTCCTCGGAT,0,994987
ecnBp,0.25,3,3,AGTATTCTGGGCACACCAGG,0,975522
ecnBp,0.25,3,3,AGGTTCTCGGCAATCGACAT,0,1000354
ecnBp,0.25,3,3,AGGTAAAAGTGGGTTTCCAT,0,1012668
ecnBp,0.25,3,3,AGGGTCGTCTTTCAGGATCG,0,992382
ecnBp,0.25,3,3,AGGGAAGATATGTTTGATCC,0,974361
ecnBp,0.25,3,3,AGGCTGAAAAGTCTTCTCCT,0,1019945
ecnBp,0.25,3,3,AGGCAGCCACATTACTGGGG,0,980121
ecnBp,0.25,3,3,AGGCACACTAGGACGTAAGT,0,1000821
ecnBp,0.25,3,3,AGGCAATGTGTAAGTCGTTG,0,1005694
ecnBp,0.25,3,3,AGGAGTTAGCAACGTAAATA,0,996878
ecnBp,0.25,3,3,AGCGCGTCCTAATACAATGT,0,976535
ecnBp,0.25,3,3,AGCGAAAGCCCACCCTACGA,0,1006651
ecnBp,0.25,3,3,AGCCGAAGATATGAAATTGG,0,983880
ecnBp,0.25,3,3,AGCATTATCCGAGGTCCAAA,0,989052
ecnBp,0.25,3,3,AGCAGTAACGCACTAACTAC,0,978734
ecnBp,0.25,3,3,AGCAGAGTGGACAACTCGGT,0,1003161
ecnBp,0.25,3,3,AGATTTATTCCTGATGGTAC,0,1007021
ecnBp,0.25,3,3,AGATCGGCTGATGGTTTTGC,0,973131
ecnBp,0.25,3,3,AGAGTTGTGGGACTAGGCAA,0,1018174
ecnBp,0.25,3,3,AGAGTACACTTCGTGGTGGT,0,1002239
ecnBp,0.25,3,3,AGAGCGTTGATGATGGCAAT,0,1006319
ecnBp,0.25,3,3,AGACTGGGAATGTAATTAAG,0,990010
ecnBp,0.25,3,3,AGACGAATGTGTGGTACCTA,0,1023798
ecnBp,0.25,3,3,AGACCGTGTGTAGTCGGCCA,0,1010933
ecnBp,0.25,3,3,AGAAGCCCACTGACGGTGGA,0,1012397
ecnBp,0.25,3,3,ACTTTAGTTCCTCCGCATAA,0,1002264
ecnBp,0.25,3,3,ACTTGTAAGCTGAGGATGAG,0,993402
ecnBp,0.25,3,3,ACTTGGCGGCGAGGTAACAT,0,990961
ecnBp,0.25,3,3,ACTGGCGCGGGACAACTGAG,0,977889
ecnBp,0.25,3,3,ACTGAGATTGGTGCCCCGTT,0,977680
ecnBp,0.25,3,3,ACTCACGGTTACTCTAGCGC,0,976056
ecnBp,0.25,3,3,ACGTACCTCGAACGCCAAAT,0,1005297
ecnBp,0.25,3,3,ACGGTAATCGGTTAATCTGA,0,1012549
ecnBp,0.25,3,3,ACGGACCAGTTTCATTGTCT,0,1024988
ecnBp,0.25,3,3,ACGATCGTCTTGGTAGTATG,0,987744
ecnBp,0.25,3,3,ACGAGCCGAGCAACAGTCGC,0,976413
ecnBp,0.25,3,3,ACGAAGCGTTGATGGAGCTC,0,996485
ecnBp,0.25,3,3,ACCTTCGATCCTGCGATCTC,0,992850
ecnBp,0.25,3,3,ACCTGGGACGTACGCGCCCC,0,994424
ecnBp,0.25,3,3,ACCTCACCGCCAGATGCAGA,0,1005605
ecnBp,0.25,3,3,ACCTACCCGGCGATCCCGTG,0,990541
ecnBp,0.25,3,3,ACCGCGCCTAGAACCTGTAA,0,1005500
ecnBp,0.25,3,3,ACCCAATATGACGGTAGATC,0,972571
ecnBp,0.25,3,3,ACCAGTGTGTGCAGATACGA,0,990834
ecnBp,0.25,3,3,ACCACGAGACTAGACAGTGT,0,988592
ecnBp,0.25,3,3,ACCAACTCGACCTTCGCAGA,0,1025804
ecnBp,0.25,3,3,ACCAAAAACTCGTCGGCACC,0,1021237
ecnBp,0.25,3,3,ACATTGGTCCGTGCGGTTGT,0,1019710
ecnBp,0.25,3,3,ACATCGATGGATGTCATAGG,0,1027225
ecnBp,0.25,3,3,ACATATTGGGTGGGACGCCC,0,992060
ecnBp,0.25,3,3,ACAGTAACATTGCCTAAATT,0,995592
ecnBp,0.25,3,3,ACAGCCAACCAGAAGCGGAT,0,972436
ecnBp,0.25,3,3,ACAGATTCGTACCTTGCGGG,0,984863
ecnBp,0.25,3,3,ACACTCAGCGCTTAACCTTT,0,1003450
ecnBp,0.25,3,3,ACACGGTGCAATTACTTTCA,0,983229
ecnBp,0.25,3,3,ACACAACAAAATACCCTGTT,0,988606
ecnBp,0.25,3,3,ACAATGTCGTGACGGCAAGG,0,1017018
ecnBp,0.25,3,3,ACAAATAGATTGGTCCTCAA,0,1017063
ecnBp,0.25,3,3,AATTGCCTGCCTTACCCGTC,0,983562
ecnBp,0.25,3,3,AATGTTCGGGCTTACGTCCA,0,984028
ecnBp,0.25,3,3,AATGTCATTCGGCTATCGAC,0,1009542
ecnBp,0.25,3,3,AATGGGTATTTTTTAAAAGC,0,1001270
ecnBp,0.25,3,3,AATGATTCTACCAAGGCCGT,0,987756
ecnBp,0.25,3,3,AATCTTCCATGCGGAAGAAT,0,1014748
ecnBp,0.25,3,3,AATCTAGCACGTTTTCCGAA,0,1016027
ecnBp,0.25,3,3,AATCGTCCGTGGTGTCCGCT,0,1023729
ecnBp,0.25,3,3,AATCGGAACAGGACGCCAGT,0,1015863
ecnBp,0.25,3,3,AATCCTCTAGGTGTAGCAGT,0,1016141
ecnBp,0.25,3,3,AATCCGGCCATCGTGTGTAA,0,1025035
ecnBp,0.25,3,3,AATATCTGGCGCACTCACGT,0,992837
ecnBp,0.25,3,3,AATATCTGACTCCAGGTGAT,0,1008254
ecnBp,0.25,3,3,AATACTTCTATAATTGTTTC,0,1010596
ecnBp,0.25,3,3,AAGTGCCTCATTCGAGGCTG,0,991915
ecnBp,0.25,3,3,AAGTCCTATCACAGGGTCTA,0,992635
ecnBp,0.25,3,3,AAGTCCGGACGACTAATGTT,0,997299
ecnBp,0.25,3,3,AAGTACCCAGTCTCAACGGT,0,981207
ecnBp,0.25,3,3,AAGGTAAGAGTGAGCTGGGT,0,1006998
ecnBp,0.25,3,3,AAGCTCGCAAATCTCCGGCG,0,987923
ecnBp,0.25,3,3,AAGCGGATTGCAGCCCCAAT,0,1010939
ecnBp,0.25,3,3,AAGCATAACAAGATCACAAG,0,1001413
ecnBp,0.25,3,3,AAGAGGTCCACCGAACTTAA,0,1017262
ecnBp,0.25,3,3,AACTGTTGATTCTAGTTTAT,0,1004916
ecnBp,0.25,3,3,AACTGTAGGGTTGCACTCTT,0,994417
ecnBp,0.25,3,3,AACTGCCCGTTAAGCGACTT,0,980332
ecnBp,0.25,3,3,AACGTGCTGGCCGACATAAA,0,1001843
ecnBp,0.25,3,3,AACGCGGCCTAAAAAACCGT,0,976569
ecnBp,0.25,3,3,AACCTTTCGACAGCGTAATC,0,1007464
ecnBp,0.25,3,3,AACCAGATTATACACCGACG,0,976397
ecnBp,0.25,3,3,AACATCAGTCATAAAGGGCA,0,992058
ecnBp,0.25,3,3,AACATATGACCCTAAAATAG,0,1013847
ecnBp,0.25,3,3,AACACTTCACGGATTCAGAG,0,981992
ecnBp,0.25,3,3,AACAATCGCGGCTAATGGAC,0,986153
ecnBp,0.25,3,3,AACAATAAGTGTGCTAAATT,0,1011827
ecnBp,0.25,3,3,AACAAGCTAAAAGGTATGCC,0,1021751
ecnBp,0.25,3,3,AACAACTCGATATAGTTCAT,0,999050
ecnBp,0.25,3,3,AAATTCTTTCTGCACTGTAC,0,1006527
ecnBp,0.25,3,3,AAATATGAGTGGTCCACTAT,0,987135
ecnBp,0.25,3,3,AAAGGCGACAACGTATGGGT,0,992116
ecnBp,0.25,3,3,AAAGCACCTACAAAGGCAAC,0,972981
ecnBp,0.25,3,3,AAAGAGGGAACGGCTGGGGC,0,977243
ecnBp,0.25,3,3,AAACTGTGTTTTGGTATATA,0,987826
ecnBp,0.25,3,3,AAACTATAGGGTACTACCCT,0,990298
ecnBp,0.25,3,3,AAACGTTGCGCGTGCAGGAA,0,1017226
ecnBp,0.25,3,3,AAACGTGATTAGACCGTCAT,0,992151
ecnBp,0.25,3,3,AAAATGTGCTGTTAGTTTGT,0,1027270
ecnBp,0.25,3,3,AAAATAACCGTTGGAAGCAG,0,1026380
ecnBp,0.25,3,3,AAAAGTACAGTGGGCAAACG,0,1017437
ecnBp,0.3333333333333333,2,2,TTTTTTGGAATGCGAGCCAC,0,999980
ecnBp,0.3333333333333333,2,2,TTTTTGGAGAGCTGAATCTG,0,1016031
ecnBp,0.3333333333333333,2,2,TTTTTATGGATAGATCCGCA,0,975864
ecnBp,0.3333333333333333,2,2,TTTTGGTGAGAAGGACAGGT,0,996393
ecnBp,0.3333333333333333,2,2,TTTTGCGCCTCCCCGTGAAA,0,985813
ecnBp,0.3333333333333333,2,2,TTTTAGGCAACGAGTACTCG,0,1002767
ecnBp,0.3333333333333333,2,2,TTTTAAGACACAAATACCCG,0,981938
ecnBp,0.3333333333333333,2,2,TTTGTGGACTGAGCCTTTGA,0,1003934
ecnBp,0.3333333333333333,2,2,TTTGTCGAGCGGCCCCCATG,0,982204
ecnBp,0.3333333333333333,2,2,TTTGTAGACTCACAAAGTGT,0,993423
ecnBp,0.3333333333333333,2,2,TTTGTACGTTGGAACAATCT,0,1022933
ecnBp,0.3333333333333333,2,2,TTTGCACTATCACCTGCCTG,0,1014543
ecnBp,0.3333333333333333,2,2,TTTGAGGAATTGCTGGCGAC,0,981608
ecnBp,0.3333333333333333,2,2,TTTCTCACGGCGCAGTATTC,0,1008780
ecnBp,0.3333333333333333,2,2,TTTCTACTGTTTGCTAACAG,0,1019411
ecnBp,0.3333333333333333,2,2,TTTCGGGTCTCGGTAAATCC,0,1018392
ecnBp,0.3333333333333333,2,2,TTTCATGAAACTGCATCAAG,0,1021958
ecnBp,0.3333333333333333,2,2,TTTATTCTCATGTTATGGCA,0,978291
ecnBp,0.3333333333333333,2,2,TTTATTAGACAATGAGAAGC,0,1001849
ecnBp,0.3333333333333333,2,2,TTTACTTAGTGGGATTATAC,0,992221
ecnBp,0.3333333333333333,2,2,TTTAATGCTGCGGGAGGGCA,0,1014707
ecnBp,0.3333333333333333,2,2,TTGTGGGAGGATGTAAGGTG,0,1013094
ecnBp,0.3333333333333333,2,2,TTGGTACGGCGGCACGACCT,0,985380
ecnBp,0.3333333333333333,2,2,TTGGGTTAGCCGTACGAGCA,0,1008773
ecnBp,0.3333333333333333,2,2,TTGGGTGCGAGACTTTGGTG,0,985821
ecnBp,0.3333333333333333,2,2,TTGGCTTCGGGAGCTTTCAT,0,1026799
ecnBp,0.3333333333333333,2,2,TTGGACAACACAAAGGAATC,0,1023212
ecnBp,0.3333333333333333,2,2,TTGCTAGGTTCTTGCACGAG,0,1001213
ecnBp,0.3333333333333333,2,2,TTGCGAACGAAAAGCAGGTC,0,992309
ecnBp,0.3333333333333333,2,2,TTGCCTTTTATAGCTGATGT,0,1010863
ecnBp,0.3333333333333333,2,2,TTGCCTGAGCATATTTGGTC,0,981656
ecnBp,0.3333333333333333,2,2,TTGCCGATCTTAACGGTGAA,0,990438
ecnBp,0.3333333333333333,2,2,TTGCCAACATGGCGATTTAT,0,980868
ecnBp,0.3333333333333333,2,2,TTGCATATTCAAGACTAGCT,0,982976
ecnBp,0.3333333333333333,2,2,TTGCAGACGCACGATTTTGT,0,990405
ecnBp,0.3333333333333333,2,2,TTGACTTTACTACATAATAT,0,994848
ecnBp,0.3333333333333333,2,2,TTCTGTCAGCCGCTTCCACG,0,1016605
ecnBp,0.3333333333333333,2,2,TTCTGTCACTCTCTTGTTCC,0,1022316
ecnBp,0.3333333333333333,2,2,TTCTGGATCTTGAATGGGAA,0,973460
ecnBp,0.3333333333333333,2,2,TTCTAGGGTAGAGAGGTATA,0,982113
ecnBp,0.3333333333333333,2,2,TTCGGGAATTCCACTTCTAA,0,1008288
ecnBp,0.3333333333333333,2,2,TTCGCGCCAGAGTTACTCTA,0,1014036
ecnBp,0.3333333333333333,2,2,TTCGCCCTGACCATATAAGC,0,983889
ecnBp,0.3333333333333333,2,2,TTCCGATTACTGAAGTCTTA,0,1010645
ecnBp,0.3333333333333333,2,2,TTCCCTTTAGGCCGCGAGAC,0,1022239
ecnBp,0.3333333333333333,2,2,TTCATTAATGTCGTTGAGGT,0,979957
ecnBp,0.3333333333333333,2,2,TTCATGGTAGGAGCCCGTAC,0,984424
ecnBp,0.3333333333333333,2,2,TTCACCCGGGTGGCTCTAAT,0,989454
ecnBp,0.3333333333333333,2,2,TTCACACAGGAACCGCTTGT,0,987775
ecnBp,0.3333333333333333,2,2,TTCAAACTGTTATTCGCCAC,0,1002478
ecnBp,0.3333333333333333,2,2,TTATTGAGCTGGTCTTAGGT,0,973127
ecnBp,0.3333333333333333,2,2,TTATTAAAGACTCCGGGGCG,0,992152
ecnBp,0.3333333333333333,2,2,TTATGCTCGCCCACGATACG,0,977727
ecnBp,0.3333333333333333,2,2,TTATCGTCAGATCTCAACCA,0,986966
ecnBp,0.3333333333333333,2,2,TTATAACAGACCCCCATGTG,0,986560
ecnBp,0.3333333333333333,2,2,TTAGTTCCATGGATTTCTAC,0,999289
ecnBp,0.3333333333333333,2,2,TTAGTTACCAGATTTATAAG,0,1024413
ecnBp,0.3333333333333333,2,2,TTAGATGAAGTCGAACTTCA,0,987384
ecnBp,0.3333333333333333,2,2,TTACTAGGTCAGAGGATCTG,0,984956
ecnBp,0.3333333333333333,2,2,TTACGGCCTGATGGGCTAAG,0,1019261
ecnBp,0.3333333333333333,2,2,TTACCGTTAAGCACCTGTGT,0,1010488
ecnBp,0.3333333333333333,2,2,TTACCATTTTCAGAACGGCC,0,1004252
ecnBp,0.3333333333333333,2,2,TTAAGGCTAATGTAGTGCCC,0,976896
ecnBp,0.3333333333333333,2,2,TGTTGTTAGTCTCTTCCCGC,0,996850
ecnBp,0.3333333333333333,2,2,TGTTGGTACATCCCAGTGCT,0,997252
ecnBp,0.3333333333333333,2,2,TGTTGGCTGCGATTTGTCCA,0,983913
ecnBp,0.3333333333333333,2,2,TGTTGATTCTGTTCCGCCTC,0,981439
ecnBp,0.3333333333333333,2,2,TGTTCTTAGACATCGTTTTT,0,1015650
ecnBp,0.3333333333333333,2,2,TGTTCAGTAACCTTAAAAGC,0,1017995
ecnBp,0.3333333333333333,2,2,TGTGAAGTTGACGTCGTTGG,0,1023522
ecnBp,0.3333333333333333,2,2,TGTCTGATGTGCCGCGGGCT,0,976732
ecnBp,0.3333333333333333,2,2,TGTCTCTTCTCGTTGTGACA,0,1014637
ecnBp,0.3333333333333333,2,2,TGTCTCCTTGGTCACTGGGA,0,987187
ecnBp,0.3333333333333333,2,2,TGTCTACCGGTCTATCACGG,0,1011956
ecnBp,0.3333333333333333,2,2,TGTCGCCTTAAACAGGACCC,0,974102
ecnBp,0.3333333333333333,2,2,TGTCCACACATGGCGATTCG,0,1017827
ecnBp,0.3333333333333333,2,2,TGTCATAAGAAAAGACCGGT,0,990021
ecnBp,0.3333333333333333,2,2,TGTCAGGCTTCTCCGAATGC,0,1010630
ecnBp,0.3333333333333333,2,2,TGTAAACCGTTTGATACGAT,0,1018702
ecnBp,0.3333333333333333,2,2,TGGTTAAACCACAGTCATTA,0,1004664
ecnBp,0.3333333333333333,2,2,TGGTGTAGTAGTGCCGAGGT,0,976390
ecnBp,0.3333333333333333,2,2,TGGTATTTCATCGCCCTGGG,0,987996
ecnBp,0.3333333333333333,2,2,TGGGTTTTTCGGTAGCAACG,0,1006708
ecnBp,0.3333333333333333,2,2,TGGGTGTCGGCCGCTCGAAT,0,1010642
ecnBp,0.3333333333333333,2,2,TGGGTGAGCCCGCGACCAGC,0,1022950
ecnBp,0.3333333333333333,2,2,TGGCGCGCATGCTACCTCGT,0,989036
ecnBp,0.3333333333333333,2,2,TGGCACTCGAGATATTTTAC,0,1017338
ecnBp,0.3333333333333333,2,2,TGGAGTTCGTGTTAGGGTCC,0,1020593
ecnBp,0.3333333333333333,2,2,TGGAAGACTACAGCTCACGG,0,991415
ecnBp,0.3333333333333333,2,2,TGGAACCGAGAAATGAGAAC,0,984617
ecnBp,0.3333333333333333,2,2,TGCTTATCTCGAAAAATGAG,0,1021833
ecnBp,0.3333333333333333,2,2,TGCTCGTAAAGCACGGGATG,0,997291
ecnBp,0.3333333333333333,2,2,TGCTCCAGAGAGGCTAAAGC,0,1001554
ecnBp,0.3333333333333333,2,2,TGCGTTCGAGTTGTCGCCGT,0,1023342
ecnBp,0.3333333333333333,2,2,TGCGGTATATACTCTGTGAG,0,1017451
ecnBp,0.3333333333333333,2,2,TGCCTGGTGGTTGTACAGTT,0,983398
ecnBp,0.3333333333333333,2,2,TGCCCGGGGTCCTATCGACA,0,1025272
ecnBp,0.3333333333333333,2,2,TGCCATGATGGTTGGCTCGG,0,976801
ecnBp,0.3333333333333333,2,2,TGCCAGCTAGTCTTGGGAGC,0,1014976
ecnBp,0.3333333333333333,2,2,TGCATTCACTGTGCTCCGCA,0,1005504
ecnBp,0.3333333333333333,2,2,TGCAGTGCTAAAATATATTG,0,980925
ecnBp,0.3333333333333333,2,2,TGCAGTCTGCTTATACCATG,0,975471
ecnBp,0.3333333333333333,2,2,TGCAGCACACTCGTCTTGGC,0,1002683
ecnBp,0.3333333333333333,2,2,TGCAGATCAGTGAGGCATGG,0,1011933
ecnBp,0.3333333333333333,2,2,TGCAACACTTACTCCGACGT,0,994317
ecnBp,0.3333333333333333,2,2,TGATGAATTCCTGGTTCCCC,0,1022941
ecnBp,0.3333333333333333,2,2,TGATCAGATCGCCGAACTAA,0,983020
ecnBp,0.3333333333333333,2,2,TGATCACGTGTAATAACTGA,0,975926
ecnBp,0.3333333333333333,2,2,TGATAATGGCAGGTGTCAAC,0,980056
ecnBp,0.3333333333333333,2,2,TGAGTTCGCAGCCGCAGATG,0,1025137
ecnBp,0.3333333333333333,2,2,TGAGGGTGCCGCCCCCAACC,0,1001830
ecnBp,0.3333333333333333,2,2,TGAGGGCTAGGTCTCTCTTC,0,1018381
ecnBp,0.3333333333333333,2,2,TGAGGCATTATGTGATTTAG,0,974069
ecnBp,0.3333333333333333,2,2,TGAGACTGCACCAGTCGAAC,0,1004837
ecnBp,0.3333333333333333,2,2,TGACGATTATCCACCTTATC,0,990760
ecnBp,0.3333333333333333,2,2,TGACCTACACGGACATAGGT,0,975312
ecnBp,0.3333333333333333,2,2,TGAAGGGGCGACTGGATCAA,0,995710
ecnBp,0.3333333333333333,2,2,TGAAGCCCCTTATCTGATCT,0,981303
ecnBp,0.3333333333333333,2,2,TCTTTTTCACCACTTTATCG,0,1026714
ecnBp,0.3333333333333333,2,2,TCTTTTCCTCAGAAGATTTT,0,1001024
ecnBp,0.3333333333333333,2,2,TCTTGTATATTTTAGTGTGG,0,1024807
ecnBp,0.3333333333333333,2,2,TCTTGTAATAGGGTTCCTCC,0,1009255
ecnBp,0.3333333333333333,2,2,TCTTCAAATCTGGAGCCTTT,0,982553
ecnBp,0.3333333333333333,2,2,TCTGTATCGAAGCTCTATGT,0,976306
ecnBp,0.3333333333333333,2,2,TCTGGGTGCTCAAGATGGCT,0,973539
ecnBp,0.3333333333333333,2,2,TCTGGGTCTCGTCTTTTGAC,0,979311
ecnBp,0.3333333333333333,2,2,TCTGCCATTGCTCTCGCCAC,0,1024025
ecnBp,0.3333333333333333,2,2,TCTCGCCGTGTAGTTTAAGC,0,1014843
ecnBp,0.3333333333333333,2,2,TCTCCTCGTCGCCTACACAT,0,1008533
ecnBp,0.3333333333333333,2,2,TCTATTCGTTTTTTGACTTA,0,1006123
ecnBp,0.3333333333333333,2,2,TCTACTGCAGGTGTAATACA,0,979896
ecnBp,0.3333333333333333,2,2,TCTACTCATGTTTACAGACG,0,986967
ecnBp,0.3333333333333333,2,2,TCGTTGAAACCCGCACACCC,0,1004110
ecnBp,0.3333333333333333,2,2,TCGTACTCGTCACCAGTGTA,0,990047
ecnBp,0.3333333333333333,2,2,TCGGTTGCTCTGCGGCCAGG,0,1005513
ecnBp,0.3333333333333333,2,2,TCGGGTTGGGACTTCCCTCA,0,1003582
ecnBp,0.3333333333333333,2,2,TCGGGCATCAGACCTAGATT,0,980435
ecnBp,0.3333333333333333,2,2,TCGGGCAAGCGACACTGTGA,0,1005475
ecnBp,0.3333333333333333,2,2,TCGGCCTTCATATCGCACGC,0,974686
ecnBp,0.3333333333333333,2,2,TCGGATTTAGGATGTATAGA,0,998748
ecnBp,0.3333333333333333,2,2,TCGGAGCATCATGACGCATA,0,972254
ecnBp,0.3333333333333333,2,2,TCGGACTCCTCAAACATAGT,0,1018510
ecnBp,0.3333333333333333,2,2,TCGCGGTGGAGTAACCAGCA,0,1008221
ecnBp,0.3333333333333333,2,2,TCGCGCGAAGCCATTTAAGA,0,993601
ecnBp,0.3333333333333333,2,2,TCGCCTGGCATGAGCGCCTG,0,986712
ecnBp,0.3333333333333333,2,2,TCGCCGTGTCAAGAAGCCAT,0,1009291
ecnBp,0.3333333333333333,2,2,TCGCACCGCGTGGTACTCAG,0,997405
ecnBp,0.3333333333333333,2,2,TCGATGTTCGGTAAACAATG,0,977241
ecnBp,0.3333333333333333,2,2,TCGATCGACGTCACACGGGA,0,1008574
ecnBp,0.3333333333333333,2,2,TCGAAGGTGTGCAGGCCACG,0,1003572
ecnBp,0.3333333333333333,2,2,TCGAAAAGAAGTTGCTGAGT,0,1007465
ecnBp,0.3333333333333333,2,2,TCCTTCGTCAGCGTGTTGAC,0,982091
ecnBp,0.3333333333333333,2,2,TCCTGGCTCTTCCGGCCATG,0,995143
ecnBp,0.3333333333333333,2,2,TCCTCGAGCAGAAATCTAAA,0,1021428
ecnBp,0.3333333333333333,2,2,TCCTAATACGGAAGTGCACA,0,989259
ecnBp,0.3333333333333333,2,2,TCCGTTGTTGGAGCTAGGTG,0,989236
ecnBp,0.3333333333333333,2,2,TCCGGCTTGACGCACACCGT,0,976983
ecnBp,0.3333333333333333,2,2,TCCGCATACCGCTAAGATAG,0,1004455
ecnBp,0.3333333333333333,2,2,TCCGACCAATACACGGGCAA,0,1011465
ecnBp,0.3333333333333333,2,2,TCCGAATATATGGCGGCACG,0,1009039
ecnBp,0.3333333333333333,2,2,TCCACGTCGTGGGGCGATGT,0,1003721
ecnBp,0.3333333333333333,2,2,TCCAAGGCTGATACCTTATC,0,1017987
ecnBp,0.3333333333333333,2,2,TCCAACGCTGGATTTACGCA,0,997235
ecnBp,0.3333333333333333,2,2,TCCAACAATTAATCGAGATC,0,1018288
ecnBp,0.3333333333333333,2,2,TCATGAATGTTAGAGAGTTC,0,1023927
ecnBp,0.3333333333333333,2,2,TCATCGGGCAGTTTCAGGCC,0,985177
ecnBp,0.3333333333333333,2,2,TCAGAATAGGAGCGGAGACT,0,974811
ecnBp,0.3333333333333333,2,2,TCACTTGTAGGCACCAAGGA,0,1027556
ecnBp,0.3333333333333333,2,2,TCACCGGCGCTAGTTTGTTT,0,988768
ecnBp,0.3333333333333333,2,2,TCACCCTGGAGACTGTCTTA,0,1019680
ecnBp,0.3333333333333333,2,2,TCACCACCGTCATTTTGCTT,0,1009345
ecnBp,0.3333333333333333,2,2,TCAAGATCGCGTCATCTCAG,0,983549
ecnBp,0.3333333333333333,2,2,TCAACCGTACGAGATCTGGT,0,1018089
ecnBp,0.3333333333333333,2,2,TCAAAATCATCTGCTTTCTG,0,1016122
ecnBp,0.3333333333333333,2,2,TATTATCTTGGAGTGTCTGT,0,1023442
ecnBp,0.3333333333333333,2,2,TATGTGGAGTATCTAAGTGC,0,1013837
ecnBp,0.3333333333333333,2,2,TATGGGTACGGTACAAGTCC,0,1026966
ecnBp,0.3333333333333333,2,2,TATGGGCACCTACCCTCGCG,0,1006502
ecnBp,0.3333333333333333,2,2,TATCTCGACGGATCACAGTA,0,1006858
ecnBp,0.3333333333333333,2,2,TATCGCGTAGAATTCCTTAT,0,981851
ecnBp,0.3333333333333333,2,2,TATCCATGAAGTCGGTTTGT,0,1022977
ecnBp,0.3333333333333333,2,2,TATATACAAATTCATGACGT,0,1008037
ecnBp,0.3333333333333333,2,2,TATAGCTTGGTTTCTGTCTT,0,977951
ecnBp,0.3333333333333333,2,2,TATAGCATGTCCAGTCCCTA,0,974061
ecnBp,0.3333333333333333,2,2,TATACATATAAAATCGTTAC,0,1004328
ecnBp,0.3333333333333333,2,2,TATACAATCATCCATTGCAG,0,1019364
ecnBp,0.3333333333333333,2,2,TAGGTTGATAAGAACCATAG,0,988037
ecnBp,0.3333333333333333,2,2,TAGGGGACTAAGGACACCGA,0,1008068
ecnBp,0.3333333333333333,2,2,TAGGCACAAGTAGGGGCTGT,0,1020662
ecnBp,0.3333333333333333,2,2,TAGCTCTTACCGCATCAAAC,0,1022413
ecnBp,0.3333333333333333,2,2,TAGCACCTACTCAGTCTGAG,0,1025836
ecnBp,0.3333333333333333,2,2,TAGATGCAGGATTCAAATGT,0,1015202
ecnBp,0.3333333333333333,2,2,TAGAGTACATCTAGGGCGAT,0,1001195
ecnBp,0.3333333333333333,2,2,TAGACACACGAATTGAGGTC,0,1007856
ecnBp,0.3333333333333333,2,2,TAGAAGGTTTGGGGCCGAAG,0,976754
ecnBp,0.3333333333333333,2,2,TAGAACCGGAGAGCTGCTCA,0,1021935
ecnBp,0.3333333333333333,2,2,TAGAAACATTACTGAAGTAT,0,974298
ecnBp,0.3333333333333333,2,2,TACTGGACCTATTACAAGCC,0,998110
ecnBp,0.3333333333333333,2,2,TACTGCTCTTTCGGGTATCT,0,981035
ecnBp,0.3333333333333333,2,2,TACTAAACAGATTCAGCGCT,0,981988
ecnBp,0.3333333333333333,2,2,TACGCATGATAGGACGCGCA,0,989511
ecnBp,0.3333333333333333,2,2,TACGATTGTAGAGTTTTCAC,0,993379
ecnBp,0.3333333333333333,2,2,TACGACCGTGTTATCTAGTT,0,995833
ecnBp,0.3333333333333333,2,2,TACATTTACCCATCTTGCAT,0,1008460
ecnBp,0.3333333333333333,2,2,TACAGTAAAGTATTCACAAA,0,981380
ecnBp,0.3333333333333333,2,2,TACACTTAGACATGGATGAA,0,973718
ecnBp,0.3333333333333333,2,2,TACAACGGTACGTAGTCAAT,0,972912
ecnBp,0.3333333333333333,2,2,TAATTAGTCAATTCGATGAG,0,994183
ecnBp,0.3333333333333333,2,2,TAATCCCTACTGCCGCTGGA,0,985115
ecnBp,0.3333333333333333,2,2,TAATCACACCGTGGTTAGGT,0,1016679
ecnBp,0.3333333333333333,2,2,TAATACGGAGATATGTACGA,0,978094
ecnBp,0.3333333333333333,2,2,TAAGTCAGGACCGGTCGTAT,0,974222
ecnBp,0.3333333333333333,2,2,TAAGGGAGTTTATAATGCAT,0,1021465
ecnBp,0.3333333333333333,2,2,TAAGAGCGCTTTTTGCTAAA,0,1025155
ecnBp,0.3333333333333333,2,2,TAAGACAGGCTTCGGTCACG,0,1011852
ecnBp,0.3333333333333333,2,2,TAACTTAGCTTTTTTGCTTA,0,1027236
ecnBp,0.3333333333333333,2,2,TAACGTGACCACATAAGATC,0,1014112
ecnBp,0.3333333333333333,2,2,TAACGGGAGCCGGAGGTAAT,0,1002626
ecnBp,0.3333333333333333,2,2,TAACCGCACAATATGTAGGT,0,996360
ecnBp,0.3333333333333333,2,2,TAACAGACACAACCTTGTTT,0,982747
ecnBp,0.3333333333333333,2,2,TAACAACCACTGAAGGCGTC,0,997900
ecnBp,0.3333333333333333,2,2,TAAATACAACAGACGTCTTC,0,1003012
ecnBp,0.3333333333333333,2,2,TAAAGCCGCTATTTGATTTA,0,990626
ecnBp,0.3333333333333333,2,2,TAAACTATTCGGGTTAATTT,0,990762
ecnBp,0.3333333333333333,2,2,TAAACAGTGAACGTACCCCA,0,983871
ecnBp,0.3333333333333333,2,2,GTTTTTGGTCCTCATCCAGG,0,997467
ecnBp,0.3333333333333333,2,2,GTTTTTATGTCCCGGGATTG,0,987466
ecnBp,0.3333333333333333,2,2,GTTTAAGAGCCACCCTGAGA,0,982026
ecnBp,0.3333333333333333,2,2,GTTGTACATTCCGGGAAAAG,0,1014750
ecnBp,0.3333333333333333,2,2,GTTGGATACGCCGTGACTGT,0,973968
ecnBp,0.3333333333333333,2,2,GTTGGACATCTAGAATTCTA,0,1011317
ecnBp,0.3333333333333333,2,2,GTTGCCTAGGGTAAGGCATT,0,1009854
ecnBp,0.3333333333333333,2,2,GTTCACCTTCTCTCTATAAG,0,1018321
ecnBp,0.3333333333333333,2,2,GTTACACAGCTTTCAAGACC,0,1020375
ecnBp,0.3333333333333333,2,2,GTTAATGATTGTTCGGGGAG,0,1008928
ecnBp,0.3333333333333333,2,2,GTGTTCGCAGCAAGGGGATG,0,977836
ecnBp,0.3333333333333333,2,2,GTGTCTTCGATGGAGGATTA,0,979612
ecnBp,0.3333333333333333,2,2,GTGTCGCGGTACCTTCGCGT,0,978281
ecnBp,0.3333333333333333,2,2,GTGGGAAGGTTCCCGCACTC,0,975200
ecnBp,0.3333333333333333,2,2,GTGGACGGGACTCCTCCCTG,0,1021998
ecnBp,0.3333333333333333,2,2,GTGGAATCTGCATGTCTCGG,0,987954
ecnBp,0.3333333333333333,2,2,GTGCTTTTATTAACGGTCAG,0,991489
ecnBp,0.3333333333333333,2,2,GTGCGGCGTTGGTGTATCCC,0,987014
ecnBp,0.3333333333333333,2,2,GTGCGCGTCTCACTGCGCTT,0,980210
ecnBp,0.3333333333333333,2,2,GTGATGAAATTTCGACCACA,0,985317
ecnBp,0.3333333333333333,2,2,GTGATATGTGACTGATACCT,0,974080
ecnBp,0.3333333333333333,2,2,GTGAGGGACCCGGCCAGGAG,0,983288
ecnBp,0.3333333333333333,2,2,GTGAGAGCGGTACACGTCTT,0,1009917
ecnBp,0.3333333333333333,2,2,GTGACCAATAGGCCCGTATA,0,974013
ecnBp,0.3333333333333333,2,2,GTGAATATACCGAGTGCGAA,0,1016072
ecnBp,0.3333333333333333,2,2,GTGAAAGCTTCGCCGGATGG,0,1021489
ecnBp,0.3333333333333333,2,2,GTCTGATAAGTCGCTCGAAC,0,1000958
ecnBp,0.3333333333333333,2,2,GTCTGAAGTGTGCATGCGGT,0,1010837
ecnBp,0.3333333333333333,2,2,GTCGTCGGGAGTTATGGCTC,0,982112
ecnBp,0.3333333333333333,2,2,GTCGTCGCACAGAGCCTATA,0,988846
ecnBp,0.3333333333333333,2,2,GTCGTATGTGGGATGGAGCA,0,997679
ecnBp,0.3333333333333333,2,2,GTCCTGCAAGAGCTTTATAG,0,1003476
ecnBp,0.3333333333333333,2,2,GTCCCCGCAACTCAAGAATA,0,1007913
ecnBp,0.3333333333333333,2,2,GTCCCCGAGTTGCACTTGCT,0,988498
ecnBp,0.3333333333333333,2,2,GTCCATTTACGCGGGGTAAC,0,1010437
ecnBp,0.3333333333333333,2,2,GTCACACCGCATCATGGGTT,0,975426
ecnBp,0.3333333333333333,2,2,GTCAAGCTTGCCATTGTTTT,0,991016
ecnBp,0.3333333333333333,2,2,GTCAAAGATAGTGACAATAG,0,974850
ecnBp,0.3333333333333333,2,2,GTATCGACACGCTTCTCCAC,0,998941
ecnBp,0.3333333333333333,2,2,GTATAGTTTGCAAGTTGGCT,0,1016830
ecnBp,0.3333333333333333,2,2,GTATAAGAGGAACTTAGGGT,0,975678
ecnBp,0.3333333333333333,2,2,GTATAAACCGAACGTTGTTA,0,1003651
ecnBp,0.3333333333333333,2,2,GTAGTTGATACGTTTGCGTT,0,1022138
ecnBp,0.3333333333333333,2,2,GTAGCGAAGGCCTCTGCGTC,0,1026422
ecnBp,0.3333333333333333,2,2,GTACGGATCCGACAGGTCAT,0,1002867
ecnBp,0.3333333333333333,2,2,GTACCTTGTACATCCGGCGG,0,992513
ecnBp,0.3333333333333333,2,2,GTACCTTACCGTGCTATAGC,0,984878
ecnBp,0.3333333333333333,2,2,GTACAGTGGGCACAGGGCCT,0,1023870
ecnBp,0.3333333333333333,2,2,GTACAGCGGCACAGTAGACT,0,987787
ecnBp,0.3333333333333333,2,2,GTAAGTCAATGGACTGCGAC,0,1025831
ecnBp,0.3333333333333333,2,2,GGTTCTTAGTCCAAAACTCG,0,994148
ecnBp,0.3333333333333333,2,2,GGTTCTGAGAACATGACGTC,0,1015008
ecnBp,0.3333333333333333,2,2,GGTTCGAAAGACTTTAAGTC,0,1027200
ecnBp,0.3333333333333333,2,2,GGTGTGTTCCGGTACCCACC,0,979611
ecnBp,0.3333333333333333,2,2,GGTGTAGACTCGTTCGGAAG,0,1010537
ecnBp,0.3333333333333333,2,2,GGTGCTTCGATCTGTCCCTA,0,1021524
ecnBp,0.3333333333333333,2,2,GGTGAGGGTCTGTCGCACAT,0,1011706
ecnBp,0.3333333333333333,2,2,GGTGAGCCGCATAGGAACCA,0,984844
ecnBp,0.3333333333333333,2,2,GGTCTGTTACGAGGGCAATG,0,1023824
ecnBp,0.3333333333333333,2,2,GGTCTCGATGGTATATGTAG,0,995389
ecnBp,0.3333333333333333,2,2,GGTCGGCTTCCGCACGACTC,0,1018429
ecnBp,0.3333333333333333,2,2,GGTCCTTAACGGGTTCATGT,0,1026423
ecnBp,0.3333333333333333,2,2,GGTCCTGGACGTGTCAGGCA,0,1014359
ecnBp,0.3333333333333333,2,2,GGTCCGGTATATGTATTACC,0,1018267
ecnBp,0.3333333333333333,2,2,GGTATCAACTGCTCTCTGCG,0,988585
ecnBp,0.3333333333333333,2,2,GGTACTGGGTTACTTACCGA,0,975913
ecnBp,0.3333333333333333,2,2,GGTACGTTCAAACTGCGCGC,0,973239
ecnBp,0.3333333333333333,2,2,GGTACGCATAGAAGAAAATC,0,972772
ecnBp,0.3333333333333333,2,2,GGGTAGCAGCAGACGAACAG,0,1016314
ecnBp,0.3333333333333333,2,2,GGGGGTAAGCGGGTCTGTGA,0,992539
ecnBp,0.3333333333333333,2,2,GGGGATGGAAAGTTATATGA,0,984366
ecnBp,0.3333333333333333,2,2,GGGGACTTCAAGCTGAGTGC,0,989303
ecnBp,0.3333333333333333,2,2,GGGGAAAGGCGTGTGACTTA,0,1010966
ecnBp,0.3333333333333333,2,2,GGGCTAAAGCCTGGACGATA,0,983559
ecnBp,0.3333333333333333,2,2,GGGCGCCATACCTGGAGATA,0,1000497
ecnBp,0.3333333333333333,2,2,GGGCCACCGCCACCGAGTCA,0,1003601
ecnBp,0.3333333333333333,2,2,GGGCACTCTGGGGCCACCGT,0,975684
ecnBp,0.3333333333333333,2,2,GGGATTCACGTGCACAGCGG,0,991889
ecnBp,0.3333333333333333,2,2,GGGAGGGCCATGAGCCCCCG,0,1014324
ecnBp,0.3333333333333333,2,2,GGGAGGAGATCAGTCTTATT,0,1007109
ecnBp,0.3333333333333333,2,2,GGGACTGTCGGATCGCCGGT,0,997236
ecnBp,0.3333333333333333,2,2,GGCTTCCATGGGACGTTCGA,0,991062
ecnBp,0.3333333333333333,2,2,GGCTTAAGTTCTGGTTTAAA,0,1004923
ecnBp,0.3333333333333333,2,2,GGCTCAATAAGAGCAACTTG,0,981789
ecnBp,0.3333333333333333,2,2,GGCGTATCAGCGACAAGTCA,0,998870
ecnBp,0.3333333333333333,2,2,GGCGTACTCACTTCGTGTGT,0,990395
ecnBp,0.3333333333333333,2,2,GGCGAATATGAACAGCGCTA,0,1022732
ecnBp,0.3333333333333333,2,2,GGCCTCTGATAGCTGTTCCA,0,1016685
ecnBp,0.3333333333333333,2,2,GGCCTATGTACGGAACATAT,0,1022945
ecnBp,0.3333333333333333,2,2,GGCCGTGGACACCCTGTACC,0,979484
ecnBp,0.3333333333333333,2,2,GGCCGGAGTGATACCGAGTA,0,1013112
ecnBp,0.3333333333333333,2,2,GGCCCTTCCGACGGCATTGG,0,1017454
ecnBp,0.3333333333333333,2,2,GGCCCTGTGAATTGATGACG,0,996646
ecnBp,0.3333333333333333,2,2,GGCAAGTATGACTTGGCATG,0,975957
ecnBp,0.3333333333333333,2,2,GGATTGTCCGACAAAATAGG,0,974440
ecnBp,0.3333333333333333,2,2,GGATTCAAAATGTTCTGTAG,0,1016293
ecnBp,0.3333333333333333,2,2,GGATCCCTCCACTTGGAGAT,0,991952
ecnBp,0.3333333333333333,2,2,GGATCACCTATATTATAAGT,0,1009219
ecnBp,0.3333333333333333,2,2,GGATATCTCATTTTTACAGA,0,974285
ecnBp,0.3333333333333333,2,2,GGAGTTGGCTGTAGCGACTG,0,997196
ecnBp,0.3333333333333333,2,2,GGAGTGGCGATCCGAAATTC,0,985571
ecnBp,0.3333333333333333,2,2,GGAGTATAAGCGACTACGAG,0,1008752
ecnBp,0.3333333333333333,2,2,GGACTGTTAGTCTGAAAACG,0,992493
ecnBp,0.3333333333333333,2,2,GGACTGTGGTAAAATTGAAA,0,991527
ecnBp,0.3333333333333333,2,2,GGACCTAATCGGTATATCGG,0,997935
ecnBp,0.3333333333333333,2,2,GGAATGGGGGTGCGTAACTC,0,1013079
ecnBp,0.3333333333333333,2,2,GGAAGTCCAGAACATTCATT,0,1011092
ecnBp,0.3333333333333333,2,2,GGAAGTCAGTTTTCTCGAAT,0,1002823
ecnBp,0.3333333333333333,2,2,GGAAGGTATGGAACGTCTGG,0,1017100
ecnBp,0.3333333333333333,2,2,GGAACCAAACATGTTGTCAA,0,981256
ecnBp,0.3333333333333333,2,2,GGAACAGCTTTGACGTCCAC,0,1015041
ecnBp,0.3333333333333333,2,2,GGAAACCGCCATAAACGTAA,0,1001462
ecnBp,0.3333333333333333,2,2,GGAAAATACCGCGTACCTTT,0,974393
ecnBp,0.3333333333333333,2,2,GCTTTGCCGCGAGTCTTCAC,0,987033
ecnBp,0.3333333333333333,2,2,GCTTGGGACAAAGTACGAAC,0,1011270
ecnBp,0.3333333333333333,2,2,GCTTCCGGTCGAGCGGATCG,0,996206
ecnBp,0.3333333333333333,2,2,GCTTATCACTGGACGGTCCT,0,976942
ecnBp,0.3333333333333333,2,2,GCTTACAGTTCAGCGTACCC,0,1022821
ecnBp,0.3333333333333333,2,2,GCTGCTTTCTCCACGCGTGC,0,1003916
ecnBp,0.3333333333333333,2,2,GCTGCCATTTAATCGGAGTT,0,1027471
ecnBp,0.3333333333333333,2,2,GCTGCATAAGACTCGCTGGG,0,982598
ecnBp,0.3333333333333333,2,2,GCTGCAAGCGGCAGGACTTT,0,997104
ecnBp,0.3333333333333333,2,2,GCTCTTAATCATCGTGGGTA,0,995126
ecnBp,0.3333333333333333,2,2,GCTCTCTTAAAGCCGATATC,0,1012982
ecnBp,0.3333333333333333,2,2,GCTCGGCCACGTACAACCAT,0,976686
ecnBp,0.3333333333333333,2,2,GCTATCAATGAGTCTCCGTG,0,972923
ecnBp,0.3333333333333333,2,2,GCTAGGTTATCTACTACTGT,0,996286
ecnBp,0.3333333333333333,2,2,GCTAGCCGACGTCCCATCGT,0,988504
ecnBp,0.3333333333333333,2,2,GCGTGGGGAACGATTAGTTT,0,1009177
ecnBp,0.3333333333333333,2,2,GCGTGCGCTTCAACGCTACT,0,996642
ecnBp,0.3333333333333333,2,2,GCGTAGAAATGCTATCGTAA,0,984931
ecnBp,0.3333333333333333,2,2,GCGGTAAGAGACTCAGATGC,0,998381
ecnBp,0.3333333333333333,2,2,GCGGGGGACACTGCCCGCCA,0,973414
ecnBp,0.3333333333333333,2,2,GCGCGTAAGCTGGACATGAA,0,989376
ecnBp,0.3333333333333333,2,2,GCGACTGATGAATCTAACAA,0,989964
ecnBp,0.3333333333333333,2,2,GCCTCTGCTCAGGTGAGTGC,0,996759
ecnBp,0.3333333333333333,2,2,GCCTCTAACTTATGCTATGA,0,990964
ecnBp,0.3333333333333333,2,2,GCCTACATTTTTTCAACTGG,0,985806
ecnBp,0.3333333333333333,2,2,GCCGGTAGGAATACGACTCT,0,978259
ecnBp,0.3333333333333333,2,2,GCCGAAGCATTGTCAGCATG,0,988451
ecnBp,0.3333333333333333,2,2,GCCCTACAAAGTATTCCGAA,0,982120
ecnBp,0.3333333333333333,2,2,GCCCGTTTGGAAAGTTCCGG,0,990514
ecnBp,0.3333333333333333,2,2,GCCATTTTGTATGGATTCCC,0,1006210
ecnBp,0.3333333333333333,2,2,GCCATTGGGGCTCAGGCGGT,0,986761
ecnBp,0.3333333333333333,2,2,GCCATATCGGGGACTGCCAA,0,991351
ecnBp,0.3333333333333333,2,2,GCCAGTTGCGTTGTCGCCAA,0,995573
ecnBp,0.3333333333333333,2,2,GCCAGGGACCAGACCACGCT,0,1014765
ecnBp,0.3333333333333333,2,2,GCCAGCTATAGGCGGAGCTG,0,998872
ecnBp,0.3333333333333333,2,2,GCCACCATGAGCAATGGTAC,0,1018148
ecnBp,0.3333333333333333,2,2,GCCACATTCTCCGAGCGACT,0,1011154
ecnBp,0.3333333333333333,2,2,GCCAACACTGCTGCAAGTTC,0,995644
ecnBp,0.3333333333333333,2,2,GCCAAAATTTAACTTATTCC,0,1003153
ecnBp,0.3333333333333333,2,2,GCAGGAATCACGCAAATATA,0,979386
ecnBp,0.3333333333333333,2,2,GCAGCTCTCAAGCCAAATAT,0,973722
ecnBp,0.3333333333333333,2,2,GCAGCGCCGACGCCATGGTT,0,1017622
ecnBp,0.3333333333333333,2,2,GCAGAAGTGGCCGGCCAGCC,0,995829
ecnBp,0.3333333333333333,2,2,GCACTTGCGTGCTTGATGGT,0,1000134
ecnBp,0.3333333333333333,2,2,GCACGTCCCATAGTCACCGG,0,1012657
ecnBp,0.3333333333333333,2,2,GCACGATGCCTCAAGTGTAT,0,1009075
ecnBp,0.3333333333333333,2,2,GCACCTTATTACGGGTCGGG,0,991143
ecnBp,0.3333333333333333,2,2,GCAACTTCCAACGAGGAGTC,0,1010159
ecnBp,0.3333333333333333,2,2,GCAAACTTGCAAGTAGGCTG,0,991700
ecnBp,0.3333333333333333,2,2,GCAAACCTGGATTCTACAGG,0,1011877
ecnBp,0.3333333333333333,2,2,GCAAAAGACCGTCAGCATGG,0,1007371
ecnBp,0.3333333333333333,2,2,GATGTGGGAGTTACCGTTTA,0,1003687
ecnBp,0.3333333333333333,2,2,GATGGTTGGGTGCTTACGCT,0,988653
ecnBp,0.3333333333333333,2,2,GATGCGGTCTCGAGATCGGG,0,1003520
ecnBp,0.3333333333333333,2,2,GATGCAGTGGCTGCATACGA,0,1001146
ecnBp,0.3333333333333333,2,2,GATGACCACCTGCTCTGTAT,0,987249
ecnBp,0.3333333333333333,2,2,GATCTTTATCCTTTGTGGCC,0,1019926
ecnBp,0.3333333333333333,2,2,GATCTCTTTTATCCAATTCA,0,981224
ecnBp,0.3333333333333333,2,2,GATCAGCAGTTAGAAAAGCT,0,998265
ecnBp,0.3333333333333333,2,2,GATCAACTTTACATCTAACA,0,1006687
ecnBp,0.3333333333333333,2,2,GATCAACCCGAATTCATCTT,0,1013598
ecnBp,0.3333333333333333,2,2,GATAGGATCGAGGCGTCGAC,0,973300
ecnBp,0.3333333333333333,2,2,GATACGGACAGTGGGCCAAA,0,1002675
ecnBp,0.3333333333333333,2,2,GATAACCAATATCCCAGGGG,0,1019254
ecnBp,0.3333333333333333,2,2,GAGTTTCCGTAACTTCCTGC,0,973996
ecnBp,0.3333333333333333,2,2,GAGTGAGTTACATCCCCGAA,0,984770
ecnBp,0.3333333333333333,2,2,GAGTAAAAGCTATGAACATG,0,1023431
ecnBp,0.3333333333333333,2,2,GAGGGCCCTGGGCTGCGTTT,0,1000110
ecnBp,0.3333333333333333,2,2,GAGGAGAGGAACCGTATAAG,0,1014027
ecnBp,0.3333333333333333,2,2,GAGCTCGGGTTTGAGAATTA,0,1002450
ecnBp,0.3333333333333333,2,2,GAGCGCATAAAGAAAAACAC,0,1023266
ecnBp,0.3333333333333333,2,2,GAGCCGAATTCGTATTGCTG,0,988392
ecnBp,0.3333333333333333,2,2,GAGAGCTAAAGCCGTGAACC,0,977193
ecnBp,0.3333333333333333,2,2,GAGAATAGTTGAACGTACTT,0,972439
ecnBp,0.3333333333333333,2,2,GACTTGGAGTAAGACAGCAA,0,978443
ecnBp,0.3333333333333333,2,2,GACTTCGATAGATATGCTGA,0,996208
ecnBp,0.3333333333333333,2,2,GACTTAAGAACTCTGACAAT,0,1000256
ecnBp,0.3333333333333333,2,2,GACTGTATGTCTCTAACTTG,0,998711
ecnBp,0.3333333333333333,2,2,GACTCCAAAGTCATTCTTTT,0,991199
ecnBp,0.3333333333333333,2,2,GACTCAGTTTCAACGGATTT,0,975327
ecnBp,0.3333333333333333,2,2,GACTAGGGGGCGGGTGAATA,0,1016906
ecnBp,0.3333333333333333,2,2,GACGTTAATAACTCGCCGCA,0,1005863
ecnBp,0.3333333333333333,2,2,GACGGGTTCCTAAATATGCT,0,977489
ecnBp,0.3333333333333333,2,2,GACGGGCGGGTCAGTAATAC,0,1018483
ecnBp,0.3333333333333333,2,2,GACGGAATACTCCCCACCTA,0,997210
ecnBp,0.3333333333333333,2,2,GACGCCTTAGGAAAATTACG,0,993364
ecnBp,0.3333333333333333,2,2,GACGCAGGTAATTGGTCAAG,0,999006
ecnBp,0.3333333333333333,2,2,GACGACGGAGTTGACGCGAC,0,982040
ecnBp,0.3333333333333333,2,2,GACGACCCGCTGCGGGCACA,0,976712
ecnBp,0.3333333333333333,2,2,GACCTCAGATAGATTCTGGG,0,1008696
ecnBp,0.3333333333333333,2,2,GACCGGGGGTTGAAGTTGTG,0,992578
ecnBp,0.3333333333333333,2,2,GACCGCTGCCCCGGAACAGC,0,1020699
ecnBp,0.3333333333333333,2,2,GACCCTTGTTACTCGCCTGC,0,973093
ecnBp,0.3333333333333333,2,2,GACCCCAGTACGTCACCTTA,0,1019072
ecnBp,0.3333333333333333,2,2,GACATCTCCTCGTCATAGTG,0,990174
ecnBp,0.3333333333333333,2,2,GAATTCGGTTGACGGGCGGG,0,979314
ecnBp,0.3333333333333333,2,2,GAATGGGTTATTCTGCGCAT,0,1024844
ecnBp,0.3333333333333333,2,2,GAAGTCTGTGTTTCGAGAAA,0,1023131
ecnBp,0.3333333333333333,2,2,GAAGTCATACAATCCTGGTA,0,975999
ecnBp,0.3333333333333333,2,2,GAAGCGAAGAAGCCGCCCTA,0,992857
ecnBp,0.3333333333333333,2,2,GAAGCCAATGCCGGTCTAGG,0,1022112
ecnBp,0.3333333333333333,2,2,GAACGGTGGCGTATAGTGTA,0,985061
ecnBp,0.3333333333333333,2,2,GAACCGAAATATATGGGTAC,0,1016029
ecnBp,0.3333333333333333,2,2,GAACAGGGTCGCCCAGCTCC,0,992036
ecnBp,0.3333333333333333,2,2,GAACAGAGCAGGAAGACTGT,0,1026737
ecnBp,0.3333333333333333,2,2,GAACACTCCTCAGGGGAGGA,0,1001079
ecnBp,0.3333333333333333,2,2,GAACACATGGCTAGATTGTA,0,984493
ecnBp,0.3333333333333333,2,2,GAAATCCGGTATTTAGATCG,0,984423
ecnBp,0.3333333333333333,2,2,GAAAGAGGATCTCAGAAAGT,0,995768
ecnBp,0.3333333333333333,2,2,GAAAATTCTTGCTTATAGGT,0,995830
ecnBp,0.3333333333333333,2,2,CTTTTCCCGATGTTATGCAT,0,973297
ecnBp,0.3333333333333333,2,2,CTTTTAGACAGATAAACTCG,0,1015597
ecnBp,0.3333333333333333,2,2,CTTTGCGCGTTAACCTGAGT,0,997797
ecnBp,0.3333333333333333,2,2,CTTTATTCGAGTTAAGGCTA,0,987741
ecnBp,0.3333333333333333,2,2,CTTGGGAGGAGACTTGCGAG,0,985051
ecnBp,0.3333333333333333,2,2,CTTGGCATTGGAATTTACGT,0,1010048
ecnBp,0.3333333333333333,2,2,CTTGCGGAGACCAATTCTGA,0,985756
ecnBp,0.3333333333333333,2,2,CTTCGGTTCGCTTAGTTGTG,0,975273
ecnBp,0.3333333333333333,2,2,CTTCCAGAAGAGAAGCTTGG,0,1011609
ecnBp,0.3333333333333333,2,2,CTTCAGGGAGAGGAGTCCCA,0,997664
ecnBp,0.3333333333333333,2,2,CTTCAGATGGTTTAGTGAAC,0,972809
ecnBp,0.3333333333333333,2,2,CTTAGGTTCACCAGATCCCT,0,1001948
ecnBp,0.3333333333333333,2,2,CTTAGGGGAGAAGCACTTTT,0,980643
ecnBp,0.3333333333333333,2,2,CTTACTGCTTATTCCAAAGT,0,996447
ecnBp,0.3333333333333333,2,2,CTTACTGATTCTTAAGCAAA,0,991800
ecnBp,0.3333333333333333,2,2,CTTAAAGCCTCACACTGGTA,0,994918
ecnBp,0.3333333333333333,2,2,CTGTGGGCGTGTCATATATG,0,984092
ecnBp,0.3333333333333333,2,2,CTGTCGGCCGGCTTTCACAC,0,997370
ecnBp,0.3333333333333333,2,2,CTGTCGGACCGGCCACGCGT,0,1016862
ecnBp,0.3333333333333333,2,2,CTGTATCCCCAACATTCAAC,0,989551
ecnBp,0.3333333333333333,2,2,CTGGTTTATTTAACTCTTCT,0,976411
ecnBp,0.3333333333333333,2,2,CTGGTCATAGAACTACAGGA,0,979313
ecnBp,0.3333333333333333,2,2,CTGGTATCATTGCGAGCCGA,0,997612
ecnBp,0.3333333333333333,2,2,CTGGGGGAAGTCATGAAAGG,0,1027831
ecnBp,0.3333333333333333,2,2,CTGGGCGAAATTTAGATCGT,0,1011908
ecnBp,0.3333333333333333,2,2,CTGGAAATACGCTACAACGG,0,987514
ecnBp,0.3333333333333333,2,2,CTGCGCCAGTGTTGAGGCGT,0,980483
ecnBp,0.3333333333333333,2,2,CTGCCCGGGTAGCTTACTTA,0,988745
ecnBp,0.3333333333333333,2,2,CTGCCCCCTGCGGAACTTTT,0,996339
ecnBp,0.3333333333333333,2,2,CTGCCAGATGAGCGAGCCGT,0,979053
ecnBp,0.3333333333333333,2,2,CTGCATACTTGGCCAGTTGT,0,1025891
ecnBp,0.3333333333333333,2,2,CTGCACCATCGGGTACTCGT,0,1003815
ecnBp,0.3333333333333333,2,2,CTGATTCCAAATCACGAGGG,0,997263
ecnBp,0.3333333333333333,2,2,CTGAGTCTATACGGGTTCAT,0,979902
ecnBp,0.3333333333333333,2,2,CTGACACGGAAGCCGTGGAC,0,1020976
ecnBp,0.3333333333333333,2,2,CTCTTACATTCAGGGCTCAA,0,1017339
ecnBp,0.3333333333333333,2,2,CTCTGCTACGTATGTGATAT,0,1025215
ecnBp,0.3333333333333333,2,2,CTCGGGCTGGAAGCAAGATG,0,986340
ecnBp,0.3333333333333333,2,2,CTCGATCGCGGGGCATGAAG,0,994062
ecnBp,0.3333333333333333,2,2,CTCGAATTTTATGAAACCCA,0,1010809
ecnBp,0.3333333333333333,2,2,CTCGAAGTAGGAGTGTATTT,0,1006200
ecnBp,0.3333333333333333,2,2,CTCCGTATCGGAGAAACCAG,0,996435
ecnBp,0.3333333333333333,2,2,CTCCGCTGGGTATTGCAGCG,0,980929
ecnBp,0.3333333333333333,2,2,CTCCCCGGATTATTGGTTTA,0,984580
ecnBp,0.3333333333333333,2,2,CTCCACACAGGACCTTTAGA,0,999327
ecnBp,0.3333333333333333,2,2,CTCATAGATTACGTAGAGCA,0,976659
ecnBp,0.3333333333333333,2,2,CTCACGCCTGCCACTTATAC,0,1013406
ecnBp,0.3333333333333333,2,2,CTCACCGTATTCGGTAGACT,0,976163
ecnBp,0.3333333333333333,2,2,CTCAACTGGGACCAACGCAT,0,1020264
ecnBp,0.3333333333333333,2,2,CTATTGATCCACCGGCCTAT,0,980588
ecnBp,0.3333333333333333,2,2,CTATGTTCCTTTAGTATCAT,0,985030
ecnBp,0.3333333333333333,2,2,CTATGCTATTCGCGGGCGGA,0,1022935
ecnBp,0.3333333333333333,2,2,CTATGAAGTTATTACTTATT,0,983075
ecnBp,0.3333333333333333,2,2,CTATCTCATGGCTAGGCTCG,0,983099
ecnBp,0.3333333333333333,2,2,CTATAGGTGGAGTCGATCCG,0,1011275
ecnBp,0.3333333333333333,2,2,CTATACGTTCCTACTCCCCA,0,996791
ecnBp,0.3333333333333333,2,2,CTAGTTTAAACCGAAATGCA,0,981707
ecnBp,0.3333333333333333,2,2,CTAGTGGATTTTAGCGCTAC,0,978234
ecnBp,0.3333333333333333,2,2,CTAGTCCGGCTACTAAGGGA,0,979899
ecnBp,0.3333333333333333,2,2,CTAGTCCACAATTCACCTTA,0,991150
ecnBp,0.3333333333333333,2,2,CTAGCGAAAATTGAAGTTCG,0,1002252
ecnBp,0.3333333333333333,2,2,CTAGCCAGGACTAAGTCAGC,0,1009983
ecnBp,0.3333333333333333,2,2,CTACCTTTGAACCATTGGTC,0,1014395
ecnBp,0.3333333333333333,2,2,CTAACAAATTGTCGTTCCTC,0,979944
ecnBp,0.3333333333333333,2,2,CGTTGTCGGCCTTCCAGCTC,0,1020322
ecnBp,0.3333333333333333,2,2,CGTTCAGAGTTGTCATGCCG,0,978462
ecnBp,0.3333333333333333,2,2,CGTGTTGTTTTATACGTTTC,0,1018815
ecnBp,0.3333333333333333,2,2,CGTGCTCCTATGGGCTTTTA,0,995740
ecnBp,0.3333333333333333,2,2,CGTCTCTGTACCCAGAAACT,0,980252
ecnBp,0.3333333333333333,2,2,CGTCTCTGCCTTTGATTCGC,0,995990
ecnBp,0.3333333333333333,2,2,CGTCGTGCCAATAATATATA,0,991325
ecnBp,0.3333333333333333,2,2,CGTCGGTAAGCCCGGATGTG,0,985512
ecnBp,0.3333333333333333,2,2,CGTCGGGGACGTCATTGAGT,0,1007622
ecnBp,0.3333333333333333,2,2,CGTCGGAGGCTGACAATCGC,0,1021948
ecnBp,0.3333333333333333,2,2,CGTCGCATATTTGAAGCCGG,0,987264
ecnBp,0.3333333333333333,2,2,CGTCGAACAGTCTTTCGACG,0,1000149
ecnBp,0.3333333333333333,2,2,CGTCAAACCGTGCGAGGGCT,0,979801
ecnBp,0.3333333333333333,2,2,CGTATTACGGGGGTAGAGTA,0,1020201
ecnBp,0.3333333333333333,2,2,CGTATGCCGCCGCTCGAAAA,0,1007880
ecnBp,0.3333333333333333,2,2,CGTAGCACCGAGGTTGCCGG,0,1013064
ecnBp,0.3333333333333333,2,2,CGGTTGACAGCCGATATAGG,0,988190
ecnBp,0.3333333333333333,2,2,CGGTTCGACCATCTCTAAAC,0,1012278
ecnBp,0.3333333333333333,2,2,CGGTGCTCTAGGATGAAAAC,0,992388
ecnBp,0.3333333333333333,2,2,CGGTCGGGATCCTTAGCGCT,0,1017080
ecnBp,0.3333333333333333,2,2,CGGGTTTTCGTGTTGGCAGT,0,994578
ecnBp,0.3333333333333333,2,2,CGGGTGTCTGTTGCACGGGG,0,976252
ecnBp,0.3333333333333333,2,2,CGGGTAGTCCTAACTTAGAA,0,1001727
ecnBp,0.3333333333333333,2,2,CGGGTAATATCAATCCTGCA,0,987400
ecnBp,0.3333333333333333,2,2,CGGGGTTGGATTCTGTTAGT,0,989469
ecnBp,0.3333333333333333,2,2,CGGGGATGCACTGATATTCT,0,1008643
ecnBp,0.3333333333333333,2,2,CGGGCGTTCGATCTCTGAGT,0,991932
ecnBp,0.3333333333333333,2,2,CGGGCCTCGAAACCGGTGAT,0,1007259
ecnBp,0.3333333333333333,2,2,CGGCCTGTGCGTCTGAACTC,0,984371
ecnBp,0.3333333333333333,2,2,CGGACGTCACGTATATAGTT,0,1024286
ecnBp,0.3333333333333333,2,2,CGGACCCTAATCATTAGTAT,0,998085
ecnBp,0.3333333333333333,2,2,CGCTTTGTGTTTACACTCAG,0,999376
ecnBp,0.3333333333333333,2,2,CGCTTGCCAAGAAAATTCTT,0,1022019
ecnBp,0.3333333333333333,2,2,CGCTTAAGAGGTCCCAGTCA,0,1006725
ecnBp,0.3333333333333333,2,2,CGCTGGTTCCGCGTAGGTAT,0,979756
ecnBp,0.3333333333333333,2,2,CGCGTGGAGACGCGATCGGC,0,976337
ecnBp,0.3333333333333333,2,2,CGCGCGGGGGCACTAACATC,0,974390
ecnBp,0.3333333333333333,2,2,CGCGCGGAGGCGGAACTCCT,0,1001256
ecnBp,0.3333333333333333,2,2,CGCGCACGTTATCCGGTGAG,0,982493
ecnBp,0.3333333333333333,2,2,CGCGAAATTCGGTGTGCGAA,0,982111
ecnBp,0.3333333333333333,2,2,CGCCTACTGGTATGGGGGAT,0,984553
ecnBp,0.3333333333333333,2,2,CGCCAAAGGCGGGGTTGGCA,0,1021311
ecnBp,0.3333333333333333,2,2,CGCATACACGTGGTTAATAC,0,972614
ecnBp,0.3333333333333333,2,2,CGCAGGAGCTATCCCGTTCG,0,973726
ecnBp,0.3333333333333333,2,2,CGATTTACAGATGCGAATTG,0,1003064
ecnBp,0.3333333333333333,2,2,CGATGGCGATGTGCTTGAAT,0,995038
ecnBp,0.3333333333333333,2,2,CGATGAGGCGACGATGGTTG,0,1001272
ecnBp,0.3333333333333333,2,2,CGAGTAAGGGAAACGGGACC,0,992663
ecnBp,0.3333333333333333,2,2,CGAGGATACCTTACTGATCC,0,1011331
ecnBp,0.3333333333333333,2,2,CGACTGCCTCGGAGTATCGA,0,981346
ecnBp,0.3333333333333333,2,2,CGACTCTTCAACCGAATTGC,0,1008274
ecnBp,0.3333333333333333,2,2,CGACCTGTGGCCAAATTTGA,0,973603
ecnBp,0.3333333333333333,2,2,CGACCCAACCCGGCTTCACG,0,1023436
ecnBp,0.3333333333333333,2,2,CGACACTACGGAGCGCACGG,0,987743
ecnBp,0.3333333333333333,2,2,CGACAATCGGCGAGCCACCA,0,1023662
ecnBp,0.3333333333333333,2,2,CGAATGCATTTACCCAAAGC,0,1008420
ecnBp,0.3333333333333333,2,2,CGAATCGTGGTGATTGCAAT,0,979762
ecnBp,0.3333333333333333,2,2,CGAAAGTTTCAGGGTATTTA,0,1002918
ecnBp,0.3333333333333333,2,2,CCTTTGCCTGTACGAGCAAT,0,982762
ecnBp,0.3333333333333333,2,2,CCTTGGTAAACGGTTATAAG,0,982647
ecnBp,0.3333333333333333,2,2,CCTTGAACGCTTATGCAGCT,0,1016992
ecnBp,0.3333333333333333,2,2,CCTTCAAAAAGCGTTAAGGT,0,1019309
ecnBp,0.3333333333333333,2,2,CCTTACTCCAGAAACTGTGC,0,988468
ecnBp,0.3333333333333333,2,2,CCTGTTTGAGGATCTTATGT,0,1023528
ecnBp,0.3333333333333333,2,2,CCTGTATAGCTGGTTCCGTC,0,972090
ecnBp,0.3333333333333333,2,2,CCTGGGATGAATTCGTATGA,0,1024173
ecnBp,0.3333333333333333,2,2,CCTCGGCGCATGTTTGTACT,0,1006000
ecnBp,0.3333333333333333,2,2,CCTCGATGTTCGTGGGGGAA,0,985122
ecnBp,0.3333333333333333,2,2,CCTCGACACTAGCTTTAGCG,0,1025777
ecnBp,0.3333333333333333,2,2,CCTCCTACCAGAGAGACAGT,0,1018937
ecnBp,0.3333333333333333,2,2,CCTATGCTAGAATGCTGCCA,0,1010068
ecnBp,0.3333333333333333,2,2,CCTAGGGTACTTGCTACTTC,0,986895
ecnBp,0.3333333333333333,2,2,CCTAATGGTCAGCCCCCGAT,0,982253
ecnBp,0.3333333333333333,2,2,CCGTTGCCGACGCCCCTACC,0,1027705
ecnBp,0.3333333333333333,2,2,CCGTCTTCATCTGCCGCCAT,0,1014277
ecnBp,0.3333333333333333,2,2,CCGTCCATTGTAAGCTGGCA,0,994382
ecnBp,0.3333333333333333,2,2,CCGTCCAAAGCGTAACTCAG,0,992308
ecnBp,0.3333333333333333,2,2,CCGTATTAATAGAGAGGCTA,0,998286
ecnBp,0.3333333333333333,2,2,CCGTACGCGTAGATGACAAT,0,1022900
ecnBp,0.3333333333333333,2,2,CCGTAATGCTCGTGCCGAAG,0,1003093
ecnBp,0.3333333333333333,2,2,CCGGGTTGTCTCTGTACTGA,0,1011681
ecnBp,0.3333333333333333,2,2,CCGGGTTGGTAACTGACGCA,0,1015380
ecnBp,0.3333333333333333,2,2,CCGGGCATTGGTTTCGCGTT,0,974403
ecnBp,0.3333333333333333,2,2,CCGGGATCAGTCAATGCCGT,0,977959
ecnBp,0.3333333333333333,2,2,CCGGATCCAGACCGTCGGCT,0,1006863
ecnBp,0.3333333333333333,2,2,CCGGACGCGGACGTGTGGCA,0,981227
ecnBp,0.3333333333333333,2,2,CCGCTGTAGCAGGGATGGTT,0,1003129
ecnBp,0.3333333333333333,2,2,CCGATAGCCAACCGCTGGGG,0,1011671
ecnBp,0.3333333333333333,2,2,CCGAGACCGCGATTTATCAA,0,984115
ecnBp,0.3333333333333333,2,2,CCGAAAGGCGTCGTCATTTA,0,1001148
ecnBp,0.3333333333333333,2,2,CCCTGGCACAGGGTTGCCAG,0,992667
ecnBp,0.3333333333333333,2,2,CCCTGCCACGAGCGGCTACT,0,1008018
ecnBp,0.3333333333333333,2,2,CCCTCGTACGACTCTTCCGA,0,973678
ecnBp,0.3333333333333333,2,2,CCCTAGCCTCAGCGGCAGTC,0,996969
ecnBp,0.3333333333333333,2,2,CCCGTACGAGCTGACAGCAA,0,1002947
ecnBp,0.3333333333333333,2,2,CCCGGGAGGATAAATTAGCT,0,1015514
ecnBp,0.3333333333333333,2,2,CCCGGCTCCGAACATTTTCT,0,1015656
ecnBp,0.3333333333333333,2,2,CCCCGGCCAAGTGCGCGAAG,0,1019336
ecnBp,0.3333333333333333,2,2,CCCCGCCTTACGTAGTCAGG,0,973673
ecnBp,0.3333333333333333,2,2,CCCCGAGTCAGAAATGCTTT,0,1003291
ecnBp,0.3333333333333333,2,2,CCCCCTCTATCCAGAACCAT,0,996017
ecnBp,0.3333333333333333,2,2,CCCCCGGAATGTTGTTCACG,0,977640
ecnBp,0.3333333333333333,2,2,CCCCCAGCTTGGCGCGGCTT,0,983032
ecnBp,0.3333333333333333,2,2,CCCATATGCTATGAAATTTT,0,996534
ecnBp,0.3333333333333333,2,2,CCCAGTTATATCAAATCTTA,0,994491
ecnBp,0.3333333333333333,2,2,CCCACGAGTACTATATCGAG,0,1001589
ecnBp,0.3333333333333333,2,2,CCCACCCTACATTGATCTGT,0,998113
ecnBp,0.3333333333333333,2,2,CCCACCCGCTGAGTGGAACA,0,1017244
ecnBp,0.3333333333333333,2,2,CCCAAGGGGCATCTATAGTG,0,995376
ecnBp,0.3333333333333333,2,2,CCCAAGGCCATCTTGTTCAA,0,1026716
ecnBp,0.3333333333333333,2,2,CCCAACTCGGAAAGCGCGGT,0,1022253
ecnBp,0.3333333333333333,2,2,CCATTGTCGCTGAGCATTCT,0,1019730
ecnBp,0.3333333333333333,2,2,CCATGCGAGCTGAGCGGACA,0,1019563
ecnBp,0.3333333333333333,2,2,CCATCTGAAACCTCGTTTTC,0,1017959
ecnBp,0.3333333333333333,2,2,CCAGTGTCTTTTTCGGCTCG,0,975429
ecnBp,0.3333333333333333,2,2,CCAGTGACTTATCCGTTAGG,0,981554
ecnBp,0.3333333333333333,2,2,CCAGTACAACTTCACCGGAC,0,977408
ecnBp,0.3333333333333333,2,2,CCAGGCCGGCTCGAAACGAG,0,1006706
ecnBp,0.3333333333333333,2,2,CCAGAAGTCATTCTTGACTG,0,991014
ecnBp,0.3333333333333333,2,2,CCACGTTAGGGCAGTAGCAT,0,1004785
ecnBp,0.3333333333333333,2,2,CCACGTTACGAGTGGCGACG,0,1010060
ecnBp,0.3333333333333333,2,2,CCAATATACATCGATTTTAG,0,996321
ecnBp,0.3333333333333333,2,2,CCAAGGGACGCTAATGTGGA,0,992966
ecnBp,0.3333333333333333,2,2,CCAAGCTGCGAAAGTACGAC,0,1000985
ecnBp,0.3333333333333333,2,2,CCAAGCCTTGTGCGTTCCTT,0,974064
ecnBp,0.3333333333333333,2,2,CCAAGAATGCTAGAAAAGTT,0,999520
ecnBp,0.3333333333333333,2,2,CCAACATTGGGAACGGGGAC,0,1017290
ecnBp,0.3333333333333333,2,2,CATTTGCGCCGCTTTTCGAA,0,975910
ecnBp,0.3333333333333333,2,2,CATTTACGCTGGTAGGGTAA,0,996070
ecnBp,0.3333333333333333,2,2,CATTGGCCGTGATTACTTGA,0,1018907
ecnBp,0.3333333333333333,2,2,CATTGCATTGGGGCCGCTCA,0,987006
ecnBp,0.3333333333333333,2,2,CATGCTAGGCCGACAGAGAA,0,1008760
ecnBp,0.3333333333333333,2,2,CATGCGGTCATAAGGCTGAA,0,1022075
ecnBp,0.3333333333333333,2,2,CATGCGCCTGTTACGCCGTA,0,982627
ecnBp,0.3333333333333333,2,2,CATGCGATTCGTGTGCAAGG,0,1020620
ecnBp,0.3333333333333333,2,2,CATGATGCCTAGGCATGTAG,0,979083
ecnBp,0.3333333333333333,2,2,CATGAGCTTCTCTTAGCGAT,0,1009221
ecnBp,0.3333333333333333,2,2,CATGAGACCCGAACACGTAT,0,986386
ecnBp,0.3333333333333333,2,2,CATCTGACTCAGGCCGGTAA,0,1002087
ecnBp,0.3333333333333333,2,2,CATCCGTTTTTCAACGAACA,0,1006165
ecnBp,0.3333333333333333,2,2,CATACTGGCAAGAGCTGCGT,0,1004051
ecnBp,0.3333333333333333,2,2,CATAACTTGGCCGCCTTGAG,0,1012336
ecnBp,0.3333333333333333,2,2,CATAACCGTTGGCGATTCCG,0,1027609
ecnBp,0.3333333333333333,2,2,CAGTTGTGGTGATCAGACTC,0,1008243
ecnBp,0.3333333333333333,2,2,CAGTTGCCAACGCTACGAAA,0,1004355
ecnBp,0.3333333333333333,2,2,CAGTGGTGGAGGGTTGCCTG,0,1003014
ecnBp,0.3333333333333333,2,2,CAGTGAGGCGTACTCTAACC,0,1024729
ecnBp,0.3333333333333333,2,2,CAGTAAAAAATGAAGTGCGC,0,977480
ecnBp,0.3333333333333333,2,2,CAGGTCTCAATATGCTAGAC,0,1014185
ecnBp,0.3333333333333333,2,2,CAGGCGGTTGGTTCTCAGTA,0,1000198
ecnBp,0.3333333333333333,2,2,CAGGCCTGAAATTATCCTCT,0,1021290
ecnBp,0.3333333333333333,2,2,CAGCTCAGGCGCCTCCTACG,0,1014800
ecnBp,0.3333333333333333,2,2,CAGCGACGAGGTACTGAGCC,0,1002300
ecnBp,0.3333333333333333,2,2,CAGCCGTTTAAGGCGGGCAA,0,1014280
ecnBp,0.3333333333333333,2,2,CAGCCCCTGTTTAATAGCAC,0,1009710
ecnBp,0.3333333333333333,2,2,CAGCACGAGGTGCTCGGGGA,0,979409
ecnBp,0.3333333333333333,2,2,CAGATTGACTACAGGGTATT,0,993754
ecnBp,0.3333333333333333,2,2,CACTTTCCGGCCCACTGCGA,0,981447
ecnBp,0.3333333333333333,2,2,CACTTATTATTCGTCTAATT,0,987267
ecnBp,0.3333333333333333,2,2,CACGATGTGCAGGCTTATCA,0,1008941
ecnBp,0.3333333333333333,2,2,CACCGGGGGCACTCTACACT,0,987003
ecnBp,0.3333333333333333,2,2,CACCGGCAAGATGTATTTGT,0,1023092
ecnBp,0.3333333333333333,2,2,CACCGACTTAAGACTTCTGC,0,988855
ecnBp,0.3333333333333333,2,2,CACATTGAGCCTCTCAATGA,0,1026503
ecnBp,0.3333333333333333,2,2,CACACCATTCGGGGGCAGTT,0,990236
ecnBp,0.3333333333333333,2,2,CAATTGTGGCAAGGTCTTCT,0,973409
ecnBp,0.3333333333333333,2,2,CAATTCCACCAACGACGGCT,0,1004518
ecnBp,0.3333333333333333,2,2,CAATTAGCGCCTAATGGATA,0,980269
ecnBp,0.3333333333333333,2,2,CAATGAATGTAAGTTAGTGC,0,997825
ecnBp,0.3333333333333333,2,2,CAATCTTTGAGGACAACTTG,0,1002487
ecnBp,0.3333333333333333,2,2,CAAGTTGTGTATTTCTTCGG,0,1014758
ecnBp,0.3333333333333333,2,2,CAAGGATTTTTGTTGAATAC,0,980073
ecnBp,0.3333333333333333,2,2,CAAGCTTTCGCGGCTTACGA,0,981889
ecnBp,0.3333333333333333,2,2,CAAGCTCAACGAGACAATTG,0,985268
ecnBp,0.3333333333333333,2,2,CAAGACGAGTGCTGGGTAAA,0,974033
ecnBp,0.3333333333333333,2,2,CAACTTACGGGTCCAGCATA,0,978226
ecnBp,0.3333333333333333,2,2,CAACCTTATCATGGCCGCGT,0,1008521
ecnBp,0.3333333333333333,2,2,CAACCGGAATAGCTTGAGGA,0,972118
ecnBp,0.3333333333333333,2,2,CAACCCTCTGAAAGTGGGGT,0,1010368
ecnBp,0.3333333333333333,2,2,CAACAATTTTTTATGTTTGC,0,1017293
ecnBp,0.3333333333333333,2,2,CAAATCGCCGTGGGGCATGC,0,1014735
ecnBp,0.3333333333333333,2,2,CAAATCGACCGGTCAGATGG,0,1003048
ecnBp,0.3333333333333333,2,2,CAAATCCCCTTCAGAACAGG,0,985141
ecnBp,0.3333333333333333,2,2,CAAAGATGCTGCCAGCTCCA,0,977701
ecnBp,0.3333333333333333,2,2,CAAAGAGGTTCGGAAAAGTT,0,1001825
ecnBp,0.3333333333333333,2,2,CAAACGTGGAAGGCGGAATG,0,1006870
ecnBp,0.3333333333333333,2,2,ATTTTTCTTTGCGGGCTATA,0,1021803
ecnBp,0.3333333333333333,2,2,ATTTTATAATGCTCTCGCGT,0,1001791
ecnBp,0.3333333333333333,2,2,ATTGTTAAGGGAGCTGCAAC,0,1006517
ecnBp,0.3333333333333333,2,2,ATTGTGTACGTGCAGCAATT,0,983836
ecnBp,0.3333333333333333,2,2,ATTGTAGGTTACATATGCTG,0,979001
ecnBp,0.3333333333333333,2,2,ATTGGCCATATTTTCATAAG,0,972026
ecnBp,0.3333333333333333,2,2,ATTCTTGGGGCTGCAGACGC,0,1009893
ecnBp,0.3333333333333333,2,2,ATTCTGATGAGGCAGGGTAA,0,1019112
ecnBp,0.3333333333333333,2,2,ATTCTCCCGCGCCGACATTA,0,1022070
ecnBp,0.3333333333333333,2,2,ATTCGTGGATCTTATCTTTA,0,1006073
ecnBp,0.3333333333333333,2,2,ATTCGGCGGTAGCTAAGGTG,0,1009285
ecnBp,0.3333333333333333,2,2,ATTCCATGCAGAAACATTCC,0,1004605
ecnBp,0.3333333333333333,2,2,ATTCATGGTCGGGGCCAACA,0,983325
ecnBp,0.3333333333333333,2,2,ATTCAGTGCAGGGCAAGGGT,0,976153
ecnBp,0.3333333333333333,2,2,ATTCAGGCCGGTGCCGTGCA,0,991291
ecnBp,0.3333333333333333,2,2,ATTCACTGCGTCCCGGAGAC,0,986365
ecnBp,0.3333333333333333,2,2,ATTAGTTTGTGTTGGATAAT,0,1012429
ecnBp,0.3333333333333333,2,2,ATTAAGTGCGTGAGATTCGC,0,1006025
ecnBp,0.3333333333333333,2,2,ATGGTAGCCTGTTAATGCGA,0,980686
ecnBp,0.3333333333333333,2,2,ATGGTACGGTGGCTGCAGAC,0,978811
ecnBp,0.3333333333333333,2,2,ATGGGACTGCCGACTTGGAA,0,1024837
ecnBp,0.3333333333333333,2,2,ATGGATATAGGATCCGGATT,0,977215
ecnBp,0.3333333333333333,2,2,ATGGAGCAATTGCGAGCAGG,0,1012505
ecnBp,0.3333333333333333,2,2,ATGGAAAAGATCTGTCCTAA,0,1022649
ecnBp,0.3333333333333333,2,2,ATGCGTCAAGTACCTGTCTC,0,1020467
ecnBp,0.3333333333333333,2,2,ATGCGGGGGTTAGCTTTTGT,0,1026641
ecnBp,0.3333333333333333,2,2,ATGCGGACGCGATCTGTCGT,0,981209
ecnBp,0.3333333333333333,2,2,ATGCGACTGTCTGTCCGTTC,0,990092
ecnBp,0.3333333333333333,2,2,ATGCGACGCAATAGTTTAGG,0,974754
ecnBp,0.3333333333333333,2,2,ATGCAACGTCCGCCTGGAGC,0,995910
ecnBp,0.3333333333333333,2,2,ATGATACGGCTATAGCGCGT,0,986483
ecnBp,0.3333333333333333,2,2,ATGACTTCTTACATGATTGG,0,990891
ecnBp,0.3333333333333333,2,2,ATGACGGCCCTAGACTAAAC,0,1005348
ecnBp,0.3333333333333333,2,2,ATGACCCGGGGACATCCATG,0,1027015
ecnBp,0.3333333333333333,2,2,ATGAAAACAGCAGTTATAAG,0,1009587
ecnBp,0.3333333333333333,2,2,ATCTGCCGTCCAGCCCACCC,0,983654
ecnBp,0.3333333333333333,2,2,ATCTGCCGGATGCAACGTAC,0,997259
ecnBp,0.3333333333333333,2,2,ATCTCGACCAGCAGGGGGAA,0,982980
ecnBp,0.3333333333333333,2,2,ATCTACGGAAGACCCATGTT,0,995963
ecnBp,0.3333333333333333,2,2,ATCTAACGTACAGAGATCTT,0,1022555
ecnBp,0.3333333333333333,2,2,ATCGTTTATGAAATCTCCGA,0,975412
ecnBp,0.3333333333333333,2,2,ATCGTATTTCAAGCTCGGAC,0,1015375
ecnBp,0.3333333333333333,2,2,ATCGTAGGAGGAATGGGTAG,0,981096
ecnBp,0.3333333333333333,2,2,ATCGGTTGTCTGCTGAGCCC,0,1009864
ecnBp,0.3333333333333333,2,2,ATCGCTTAATCATAGGGCAG,0,1000382
ecnBp,0.3333333333333333,2,2,ATCGCTGAACATAATCGAAA,0,1013532
ecnBp,0.3333333333333333,2,2,ATCGCCACATAAATCTACGG,0,996343
ecnBp,0.3333333333333333,2,2,ATCGCAAGGTTCAGGGCTGA,0,982183
ecnBp,0.3333333333333333,2,2,ATCGATAATTCGATGCCGGA,0,998459
ecnBp,0.3333333333333333,2,2,ATCATAAATGGAGGCCCATT,0,977319
ecnBp,0.3333333333333333,2,2,ATCAGGTGTGAGTGCTCGAA,0,1005936
ecnBp,0.3333333333333333,2,2,ATCAGCAAATGTAAGGCCAA,0,1018294
ecnBp,0.3333333333333333,2,2,ATCACGGAATCACAATCGTG,0,996890
ecnBp,0.3333333333333333,2,2,ATCACCAATCTGTCCTAATA,0,991642
ecnBp,0.3333333333333333,2,2,ATATTATAATCTTCTTTTGG,0,1008356
ecnBp,0.3333333333333333,2,2,ATATTACAGTCGCGTCACGG,0,981092
ecnBp,0.3333333333333333,2,2,ATATACGTGGGTATAATCTT,0,1009193
ecnBp,0.3333333333333333,2,2,ATATACAGCTTCCCTATCTT,0,972266
ecnBp,0.3333333333333333,2,2,ATAGTTCCAACTGCACATCT,0,994989
ecnBp,0.3333333333333333,2,2,ATAGTACGACAACAGCTGCA,0,995001
ecnBp,0.3333333333333333,2,2,ATACGGATGTGCGGGAGTGC,0,990893
ecnBp,0.3333333333333333,2,2,ATACGAGAACATTCTTTAGA,0,1000447
ecnBp,0.3333333333333333,2,2,ATACGAAAACTTCCACGAAC,0,1002360
ecnBp,0.3333333333333333,2,2,ATAATTCTACAGCTCTCCCC,0,985991
ecnBp,0.3333333333333333,2,2,AGTTTCACAGTGCCCCGGGT,0,974059
ecnBp,0.3333333333333333,2,2,AGTTTAGCGATGTATCTCCA,0,975087
ecnBp,0.3333333333333333,2,2,AGTGTGCACCATATACAGGA,0,979752
ecnBp,0.3333333333333333,2,2,AGTGGTAGGTGATACCCTGC,0,978052
ecnBp,0.3333333333333333,2,2,AGTGGAGCAACTCAGGTAAT,0,1026537
ecnBp,0.3333333333333333,2,2,AGTGAGTTCTGCGTATCATT,0,972884
ecnBp,0.3333333333333333,2,2,AGTCTCCGCATCGCCATCTG,0,1006076
ecnBp,0.3333333333333333,2,2,AGTCGCAATAGGGGAGCATC,0,977749
ecnBp,0.3333333333333333,2,2,AGTCATGTACCACGGAGAAT,0,973457
ecnBp,0.3333333333333333,2,2,AGTATGAGCACTACGTCAGT,0,992695
ecnBp,0.3333333333333333,2,2,AGTATAGTGACTCTAGCAGA,0,1016593
ecnBp,0.3333333333333333,2,2,AGTAGTCCGGTATCCGTAAC,0,1011060
ecnBp,0.3333333333333333,2,2,AGTAGCAAGATAAATGGTTC,0,973776
ecnBp,0.3333333333333333,2,2,AGTACATCTCAACCAGAAAG,0,996866
ecnBp,0.3333333333333333,2,2,AGTAAGTACCGCCGCCTCGC,0,999053
ecnBp,0.3333333333333333,2,2,AGGTTGTGTGCGTGAGGGTC,0,1014513
ecnBp,0.3333333333333333,2,2,AGGTTGATAAACATGTAACA,0,1008290
ecnBp,0.3333333333333333,2,2,AGGTGGAATCTCACAGTAAC,0,990548
ecnBp,0.3333333333333333,2,2,AGGTCCGTAGGAGAGGTACG,0,1017181
ecnBp,0.3333333333333333,2,2,AGGTAACGTAAGGGTTTGTT,0,994193
ecnBp,0.3333333333333333,2,2,AGGGTTCATGGATTCTTCTA,0,996171
ecnBp,0.3333333333333333,2,2,AGGGTTAGACCCTTCGTGGT,0,990276
ecnBp,0.3333333333333333,2,2,AGGGTGGTAGTCCATAGACC,0,990535
ecnBp,0.3333333333333333,2,2,AGGGCGCGCCAAAATACGAC,0,1010806
ecnBp,0.3333333333333333,2,2,AGGGATCGGTGTCAAATGGC,0,985003
ecnBp,0.3333333333333333,2,2,AGGCTTACATGTGACTCCTG,0,1022767
ecnBp,0.3333333333333333,2,2,AGGCCCGCAGTTGCCTCTCG,0,992804
ecnBp,0.3333333333333333,2,2,AGGCAGTGTCAGGTAGTTGG,0,997468
ecnBp,0.3333333333333333,2,2,AGGCACACGTTGAGTCACCT,0,1002925
ecnBp,0.3333333333333333,2,2,AGGATTCATGAAGCAGCCCG,0,982326
ecnBp,0.3333333333333333,2,2,AGGAGGGCACAATTCAGGAT,0,994910
ecnBp,0.3333333333333333,2,2,AGGAGGAGCTCATTTATATA,0,984431
ecnBp,0.3333333333333333,2,2,AGGAGCTGTGCAGTTGCACC,0,1021649
ecnBp,0.3333333333333333,2,2,AGCTCGGGGCTCACACGGAA,0,1013885
ecnBp,0.3333333333333333,2,2,AGCTCACCAGATTTGCGGAT,0,1014530
ecnBp,0.3333333333333333,2,2,AGCTCACACACCTCGGCATA,0,993471
ecnBp,0.3333333333333333,2,2,AGCTAGGGCAACGTCCCCAC,0,1003742
ecnBp,0.3333333333333333,2,2,AGCTACTGGGAACAATTGAA,0,1019641
ecnBp,0.3333333333333333,2,2,AGCGTCTTATAAATTCCTTG,0,972133
ecnBp,0.3333333333333333,2,2,AGCGGCTATCCGGATGTAAT,0,1017880
ecnBp,0.3333333333333333,2,2,AGCGGAATTTAAAACTTAGC,0,1010266
ecnBp,0.3333333333333333,2,2,AGCCCGGACTGTATCGTTAC,0,1007772
ecnBp,0.3333333333333333,2,2,AGCATCCTTGAATAATATAA,0,994817
ecnBp,0.3333333333333333,2,2,AGCACTGGTGTGCGTAATGT,0,1007365
ecnBp,0.3333333333333333,2,2,AGCACCTAAATTGACAGGGA,0,993734
ecnBp,0.3333333333333333,2,2,AGCAATAGCAATAGTACCGC,0,978765
ecnBp,0.3333333333333333,2,2,AGCAAGAGGGCTTCGGCCAT,0,973535
ecnBp,0.3333333333333333,2,2,AGCAACCATGAAAGCACTTA,0,984492
ecnBp,0.3333333333333333,2,2,AGATGTTCTGTAGTTTAGAT,0,994826
ecnBp,0.3333333333333333,2,2,AGATGGTTCGGGAAAGGCGA,0,988012
ecnBp,0.3333333333333333,2,2,AGATCTGGTCTATTCGGATT,0,982996
ecnBp,0.3333333333333333,2,2,AGATCCTCAAATTATAGAAA,0,998399
ecnBp,0.3333333333333333,2,2,AGAGGGCAAAAGACCAGTGC,0,977204
ecnBp,0.3333333333333333,2,2,AGAGATTCACTCCGCGGTCT,0,1026074
ecnBp,0.3333333333333333,2,2,AGAGACTGCTCTACCGACAT,0,997513
ecnBp,0.3333333333333333,2,2,AGAGACGATAGACCGGACGT,0,993927
ecnBp,0.3333333333333333,2,2,AGACTTCAATCTCATGGAAG,0,1012136
ecnBp,0.3333333333333333,2,2,AGACGTGAGCGGTGGGGGAG,0,985001
ecnBp,0.3333333333333333,2,2,AGAATGCGCTCGTACTTTCC,0,1018447
ecnBp,0.3333333333333333,2,2,AGAAGCCACGCGGACAATGT,0,991747
ecnBp,0.3333333333333333,2,2,AGAAGAAGCGGCCTTTAAAG,0,981857
ecnBp,0.3333333333333333,2,2,AGAACACATATCGTCTTCGT,0,976440
ecnBp,0.3333333333333333,2,2,ACTTGGTGCCCGGGATCCAT,0,974632
ecnBp,0.3333333333333333,2,2,ACTTGGAGGGATACCCTAAT,0,974181
ecnBp,0.3333333333333333,2,2,ACTTATTGGGAGCTGCAGAC,0,980938
ecnBp,0.3333333333333333,2,2,ACTGTCAGTATCGCATAGTT,0,982678
ecnBp,0.3333333333333333,2,2,ACTGAAGGCCCAGTAATACC,0,1019409
ecnBp,0.3333333333333333,2,2,ACTCCCTAGGTTGTCATACA,0,988857
ecnBp,0.3333333333333333,2,2,ACTATTGAGCAGCGCGTCAG,0,1003364
ecnBp,0.3333333333333333,2,2,ACTATGTCTGTTGCGGTAGA,0,985503
ecnBp,0.3333333333333333,2,2,ACTATACGAAACCGCAGGAG,0,991732
ecnBp,0.3333333333333333,2,2,ACTACCGCGGTGATTCGGGT,0,1013243
ecnBp,0.3333333333333333,2,2,ACGTTTCAAGACTATTCTTG,0,1005339
ecnBp,0.3333333333333333,2,2,ACGTGAAAGGTGTTCGGAGC,0,1020639
ecnBp,0.3333333333333333,2,2,ACGGGGGTGCTGTCGAAAAC,0,1012941
ecnBp,0.3333333333333333,2,2,ACGGCGTAACTATGATAGAA,0,989133
ecnBp,0.3333333333333333,2,2,ACGGCCTGTTGTCTGTGACG,0,972984
ecnBp,0.3333333333333333,2,2,ACGCTTCCTGGGGGGCGAGA,0,981390
ecnBp,0.3333333333333333,2,2,ACGCGATGAGGGTTCCAACC,0,974521
ecnBp,0.3333333333333333,2,2,ACGCCTTCTCAGGGTCCGAA,0,1003535
ecnBp,0.3333333333333333,2,2,ACGCAGCAAACGGTGAATGG,0,1013993
ecnBp,0.3333333333333333,2,2,ACGATTGACAAGACCGTGAG,0,991907
ecnBp,0.3333333333333333,2,2,ACGAGTAAACGACCACTGTG,0,989523
ecnBp,0.3333333333333333,2,2,ACGAGGGGAAAATTCGTAGC,0,992101
ecnBp,0.3333333333333333,2,2,ACCTGAATTCGGGTGTCTGT,0,1002872
ecnBp,0.3333333333333333,2,2,ACCTCTATTAATGTACGTGA,0,1027273
ecnBp,0.3333333333333333,2,2,ACCTATCTGAACACTTTTTC,0,998619
ecnBp,0.3333333333333333,2,2,ACCTAGTGCCCTATTAGGTG,0,975705
ecnBp,0.3333333333333333,2,2,ACCTACGGCGAGCTGCCTGT,0,975019
ecnBp,0.3333333333333333,2,2,ACCGTTATGTCACGTAAATC,0,985357
ecnBp,0.3333333333333333,2,2,ACCGGGGGCGACGCGGAAGG,0,993453
ecnBp,0.3333333333333333,2,2,ACCGGCCTTATCTGCTTATT,0,984097
ecnBp,0.3333333333333333,2,2,ACCCCTTGTTCCTTAATTTA,0,973469
ecnBp,0.3333333333333333,2,2,ACCCCAGACTGGTCGAATGG,0,989701
ecnBp,0.3333333333333333,2,2,ACCCCAACAGTCAGGTCACT,0,998238
ecnBp,0.3333333333333333,2,2,ACCCATTCAGTCTCACCATT,0,1021671
ecnBp,0.3333333333333333,2,2,ACCCAAGCGCAAGTTCAATG,0,1008070
ecnBp,0.3333333333333333,2,2,ACCACCCCACTCGTCTATCA,0,1010817
ecnBp,0.3333333333333333,2,2,ACATTGACGTGCGAGTTATT,0,1008271
ecnBp,0.3333333333333333,2,2,ACATGTGATGACCATCGGCT,0,976761
ecnBp,0.3333333333333333,2,2,ACATGGTATTGCATGCTCCG,0,989644
ecnBp,0.3333333333333333,2,2,ACATCTAGCAGGGCATATTC,0,974394
ecnBp,0.3333333333333333,2,2,ACATCGTAAAATCGTAGCCA,0,982323
ecnBp,0.3333333333333333,2,2,ACATCATTTACTCAATCGAT,0,975669
ecnBp,0.3333333333333333,2,2,ACATAGGGTAGAGAGCTGGA,0,992621
ecnBp,0.3333333333333333,2,2,ACAGTGAGTTCAGGCAATTA,0,1021219
ecnBp,0.3333333333333333,2,2,ACAGTCTACGGTGGCAATCA,0,976901
ecnBp,0.3333333333333333,2,2,ACAGTAGACTTAGTGGTTGT,0,1019808
ecnBp,0.3333333333333333,2,2,ACAGCCTTCCGAAAAGTCTG,0,974443
ecnBp,0.3333333333333333,2,2,ACAGCAGGTGGTCGTACGCC,0,1012291
ecnBp,0.3333333333333333,2,2,ACAGAAGTAGGCGCGCGAGG,0,977021
ecnBp,0.3333333333333333,2,2,ACAGAACGCTACAGGCAGCA,0,977834
ecnBp,0.3333333333333333,2,2,ACACTCGAAGCCACAGGGAC,0,1023512
ecnBp,0.3333333333333333,2,2,ACACTCACCTACAGCATCTT,0,977523
ecnBp,0.3333333333333333,2,2,ACACGGGCAGCTTACTAGGT,0,979320
ecnBp,0.3333333333333333,2,2,ACACGAGTACGTACACTCCG,0,1010805
ecnBp,0.3333333333333333,2,2,ACACCCCTGGTCACTGATTC,0,1005754
ecnBp,0.3333333333333333,2,2,ACACAGAATATCCTCGAGTT,0,1025373
ecnBp,0.3333333333333333,2,2,ACAAGGGCGATGAGGTAGTC,0,1019588
ecnBp,0.3333333333333333,2,2,AATTTGGACTGGATTTTGTA,0,1008684
ecnBp,0.3333333333333333,2,2,AATTGGCTACATTGGGCGTG,0,995412
ecnBp,0.3333333333333333,2,2,AATTGATATTGTTTAACGTT,0,998754
ecnBp,0.3333333333333333,2,2,AATTCCAGGGTAAGACACAG,0,998548
ecnBp,0.3333333333333333,2,2,AATTACCTAGCACGCGCCTT,0,983274
ecnBp,0.3333333333333333,2,2,AATTAATCTACTTAGCTCAG,0,999755
ecnBp,0.3333333333333333,2,2,AATGTGTGGGTCTAGGTACC,0,1012465
ecnBp,0.3333333333333333,2,2,AATGTCTCATTAGTCCGGGT,0,981445
ecnBp,0.3333333333333333,2,2,AATGTACGGTAATCCGGCCG,0,1011421
ecnBp,0.3333333333333333,2,2,AATGTACCGTTGGTGGGCGT,0,1021535
ecnBp,0.3333333333333333,2,2,AATGCCGGTCTAGAGTATGT,0,1026150
ecnBp,0.3333333333333333,2,2,AATCTTTACCGGCATCGCTA,0,997724
ecnBp,0.3333333333333333,2,2,AATCGTTGTCGGTTCCGTTA,0,995714
ecnBp,0.3333333333333333,2,2,AATCCGATAGTCTGTGTTAC,0,1023457
ecnBp,0.3333333333333333,2,2,AATATGTACCAATAGACGGT,0,989360
ecnBp,0.3333333333333333,2,2,AATATGCCCCCGTTCCACCG,0,1000352
ecnBp,0.3333333333333333,2,2,AATAGGGTAGTCGGTGTGGA,0,996217
ecnBp,0.3333333333333333,2,2,AATAGGAAAGTGTTTATCAA,0,989222
ecnBp,0.3333333333333333,2,2,AATACTGGCATTCCGTGAAG,0,1015980
ecnBp,0.3333333333333333,2,2,AATAAGGTTCGCGAATACTT,0,1000462
ecnBp,0.3333333333333333,2,2,AAGTTATTAGTGTCGTTCGG,0,976658
ecnBp,0.3333333333333333,2,2,AAGGTGGCGGTACAGCGAAG,0,983514
ecnBp,0.3333333333333333,2,2,AAGGGTGCGTCCAATTCTCA,0,1014932
ecnBp,0.3333333333333333,2,2,AAGGGGTCTTAGTAAGCCTA,0,1004762
ecnBp,0.3333333333333333,2,2,AAGGGGCGCGCTCTGGGGAC,0,1006659
ecnBp,0.3333333333333333,2,2,AAGGCATTGTAAACCGCACT,0,979557
ecnBp,0.3333333333333333,2,2,AAGGACAGGAACCAGGGGCA,0,1017625
ecnBp,0.3333333333333333,2,2,AAGCGTGATCAAGAACGTAT,0,997179
ecnBp,0.3333333333333333,2,2,AAGCCGCGCAGCGCACCCTA,0,1004578
ecnBp,0.3333333333333333,2,2,AAGCAAGTGAAATGGTATAG,0,978319
ecnBp,0.3333333333333333,2,2,AAGATTGTGATGGGCTTCCC,0,1001793
ecnBp,0.3333333333333333,2,2,AAGAGGAAGAGATAGTGGCT,0,1017912
ecnBp,0.3333333333333333,2,2,AAGACTGTTTTGAGCAAATA,0,974526
ecnBp,0.3333333333333333,2,2,AACTCTGAATCACTTGAATC,0,1002915
ecnBp,0.3333333333333333,2,2,AACTCAGTGCACTTCATGGG,0,982190
ecnBp,0.3333333333333333,2,2,AACTAGATCCATGCGTTGAT,0,988366
ecnBp,0.3333333333333333,2,2,AACGGTTGCTCACTTGGTCA,0,1013231
ecnBp,0.3333333333333333,2,2,AACCTGGAATCGAGCGAAGC,0,1014035
ecnBp,0.3333333333333333,2,2,AACCGGCCCGCCTCAGTGTC,0,1024429
ecnBp,0.3333333333333333,2,2,AACCAGCTGAAATGCTTCGT,0,1013505
ecnBp,0.3333333333333333,2,2,AACACCGAAAGATCCTATCC,0,978445
ecnBp,0.3333333333333333,2,2,AACACCCAGGGAGCTTGACT,0,1015381
ecnBp,0.3333333333333333,2,2,AACAAGCCGTCCCGGGTGGC,0,982252
ecnBp,0.3333333333333333,2,2,AACAAGAAGCATTCATGCCA,0,982324
ecnBp,0.3333333333333333,2,2,AACAAAGGGTCCGCGGAGTT,0,1013099
ecnBp,0.3333333333333333,2,2,AAATTGTTTGAAGCGGATAG,0,978567
ecnBp,0.3333333333333333,2,2,AAATTGTGGATTGGAAAGTC,0,983983
ecnBp,0.3333333333333333,2,2,AAATTGCACAGGGTAGGTCA,0,1027829
ecnBp,0.3333333333333333,2,2,AAATTCGACGCATCCGGATT,0,997536
ecnBp,0.3333333333333333,2,2,AAATGTCTAGCAGCCTGGCC,0,1023003
ecnBp,0.3333333333333333,2,2,AAATGGGAGATAGTGCCGGG,0,1007506
ecnBp,0.3333333333333333,2,2,AAATGCAGGGTCGCAGCTTG,0,1017051
ecnBp,0.3333333333333333,2,2,AAATGAGTTTAGCGCTCTGG,0,1021049
ecnBp,0.3333333333333333,2,2,AAATAGAATTAGTGGAATAT,0,1020108
ecnBp,0.3333333333333333,2,2,AAATAATTTTGGACATAGCC,0,977517
ecnBp,0.3333333333333333,2,2,AAAGTTCTTTCTCCTGGTCC,0,1004756
ecnBp,0.3333333333333333,2,2,AAAGTTCTTCTTATAAACTT,0,982604
ecnBp,0.3333333333333333,2,2,AAAGTTAGAGGCGGTTGGGT,0,1000061
ecnBp,0.3333333333333333,2,2,AAAGTTACTTGCCCTCCCCG,0,1005906
ecnBp,0.3333333333333333,2,2,AAAGTGGAGACATCCTCGCC,0,1012115
ecnBp,0.3333333333333333,2,2,AAAGTCCACGTCTGGGCAAC,0,993729
ecnBp,0.3333333333333333,2,2,AAAGTAGGAATTTTAACTGG,0,989284
ecnBp,0.3333333333333333,2,2,AAAGGGTATATGGGGAGGGT,0,1021207
ecnBp,0.3333333333333333,2,2,AAAGGGCGTTGAGATGTACA,0,1016763
ecnBp,0.3333333333333333,2,2,AAAGGATATGGACTCGTGAT,0,1008381
ecnBp,0.3333333333333333,2,2,AAAGCTAGTCCTTAGGGGTC,0,992218
ecnBp,0.3333333333333333,2,2,AAACCCGTAAAGTGGGCGTG,0,1026039
ecnBp,0.3333333333333333,2,2,AAACCACAACTAGGTACGAA,0,1015947
ecnBp,0.3333333333333333,2,2,AAACACTAAAGGCTAATTGA,0,982068
ecnBp,0.3333333333333333,2,2,AAAATGAACTACAAGGGTTG,0,1025903
ecnBp,0.3333333333333333,2,2,AAAATACTACTGTAGGCTCC,0,1004861
ecnBp,0.3333333333333333,2,2,AAAAGGTCCATTATAAAGCT,0,1022027
ecnBp,0.3333333333333333,2,2,AAAAGCGCCGCGGTGCGACG,0,1005214
ecnBp,0.3333333333333333,2,2,AAAACCCGCTGCTCACCGCC,0,1010197
ecnBp,0.3333333333333333,2,2,AAAAACTTCAGCTGAGTATA,0,982745
ecnBp,0.5,1,1,TTTTTGCGAAAGGTTACTAC,0,999571
ecnBp,0.5,1,1,TTTTTAGAATCAGTCGTCCC,0,973782
ecnBp,0.5,1,1,TTTTGTAATCACTACGAACT,0,996340
ecnBp,0.5,1,1,TTTTGGTTCGTTAGGGTGGG,0,992677
ecnBp,0.5,1,1,TTTTGAGGACGCATAGTCTT,0,1009614
ecnBp,0.5,1,1,TTTTCTTGTCTCGCGCACGG,0,1016952
ecnBp,0.5,1,1,TTTTATTAGGTCGCGTACTG,0,1002955
ecnBp,0.5,1,1,TTTGTTGATCGACCTATAGC,0,1000317
ecnBp,0.5,1,1,TTTGGACACCGCCACCCCAT,0,1011301
ecnBp,0.5,1,1,TTTGCTGGCCGGGCTTGGTT,0,997526
ecnBp,0.5,1,1,TTTGCAGTGTATTCCGGACT,0,994140
ecnBp,0.5,1,1,TTTGCAACACAGTCAATCTT,0,1025152
ecnBp,0.5,1,1,TTTGATTCACGCGAATATGG,0,992114
ecnBp,0.5,1,1,TTTGAGGAGCAGGAAAGTGC,0,998276
ecnBp,0.5,1,1,TTTGACCCTAGTGATCCGCC,0,1021999
ecnBp,0.5,1,1,TTTCGGCACAAAAAGCAGAT,0,1025772
ecnBp,0.5,1,1,TTTCGATCACGTGTTGAACA,0,997819
ecnBp,0.5,1,1,TTTCCGGACCTGAACGCAAC,0,1006346
ecnBp,0.5,1,1,TTTCCAGCTATATGCAGTGC,0,985441
ecnBp,0.5,1,1,TTTCATGGCCCCATATCCTA,0,1012881
ecnBp,0.5,1,1,TTTATTATCTGTTGATTTAC,0,1011100
ecnBp,0.5,1,1,TTTATGAATCTCTATGGCAA,0,978491
ecnBp,0.5,1,1,TTTATCGGGGGAGTGCCGGC,0,1022414
ecnBp,0.5,1,1,TTTAGGTCGTCCGAGACATC,0,987174
ecnBp,0.5,1,1,TTTAGGAGTCTCAGCGCGTA,0,978216
ecnBp,0.5,1,1,TTTAGAGTGAGTCAGCGGGA,0,1006688
ecnBp,0.5,1,1,TTTACTCGGTTAAATCAATC,0,1004495
ecnBp,0.5,1,1,TTTACTCCTTTCTAAACGGC,0,983287
ecnBp,0.5,1,1,TTTACGTGCGGCTTAGGTAA,0,981264
ecnBp,0.5,1,1,TTTACGCCAAATTCAAGCTA,0,990864
ecnBp,0.5,1,1,TTTACCGACAAAACCCTTCT,0,989183
ecnBp,0.5,1,1,TTTACATAATGGAGCAGACT,0,982566
ecnBp,0.5,1,1,TTTACAGGATCGAGGTACGC,0,1013368
ecnBp,0.5,1,1,TTGTTGACCTATTTTCAGAT,0,996106
ecnBp,0.5,1,1,TTGTTCTGGGAATGGTTCTT,0,973601
ecnBp,0.5,1,1,TTGTGCGCTCTGCACGTACA,0,1025742
ecnBp,0.5,1,1,TTGTGCCGGGACCAATTCGT,0,1013610
ecnBp,0.5,1,1,TTGTATAGAACCATCCAACT,0,983209
ecnBp,0.5,1,1,TTGGTTCTACATCCTCAAAG,0,1010361
ecnBp,0.5,1,1,TTGGTGGACGGGCGCTCCGA,0,1010041
ecnBp,0.5,1,1,TTGGTACTCCTCTTGGGGAC,0,989425
ecnBp,0.5,1,1,TTGGGACGTAGCAATAGCCT,0,1022946
ecnBp,0.5,1,1,TTGGCTGTTCTAAGACCATT,0,998705
ecnBp,0.5,1,1,TTGGCGAAGGCATGATGGTC,0,982820
ecnBp,0.5,1,1,TTGGCACGCTCACCCGGACA,0,987043
ecnBp,0.5,1,1,TTGGCAAGTCTATGCTTCGC,0,981940
ecnBp,0.5,1,1,TTGCTAAATGCTTACAGCCC,0,992441
ecnBp,0.5,1,1,TTGCGGTTGGCTCTATGATT,0,1014126
ecnBp,0.5,1,1,TTGCCGTGGCGGGGTAGTTT,0,989749
ecnBp,0.5,1,1,TTGCCGCTTAAAGCCACAGC,0,1002468
ecnBp,0.5,1,1,TTGCCCTCGTTATTTGGATC,0,994180
ecnBp,0.5,1,1,TTGCCCCGACATTATTGCCG,0,999534
ecnBp,0.5,1,1,TTGCCCAGGCCGGCAAAGTG,0,987929
ecnBp,0.5,1,1,TTGATCCACGCCCGGGTAGT,0,1004551
ecnBp,0.5,1,1,TTGAGCCGGGTATTCAGCTG,0,978189
ecnBp,0.5,1,1,TTGAGATCGCCGAGCTTTGG,0,1007766
ecnBp,0.5,1,1,TTGACCTTCTCAGACGCTAG,0,1027142
ecnBp,0.5,1,1,TTGACCTAACAGAAGAGACG,0,1021441
ecnBp,0.5,1,1,TTGACATGGCGATCCTCAGT,0,978959
ecnBp,0.5,1,1,TTGAAGTGGCATAGGCTTAG,0,1002722
ecnBp,0.5,1,1,TTGAACGTAACAGAAAACCA,0,977838
ecnBp,0.5,1,1,TTGAACAGCGTGACATCAAG,0,973910
ecnBp,0.5,1,1,TTCTTTGCGAACCGCTCTCA,0,990992
ecnBp,0.5,1,1,TTCTTTCAGACAGCCCGAAC,0,988912
ecnBp,0.5,1,1,TTCTGACAGACTCCCGACAG,0,995135
ecnBp,0.5,1,1,TTCTCTTCTAGAACCCATGC,0,1007100
ecnBp,0.5,1,1,TTCTCGTCTCGATATCAAGG,0,1017425
ecnBp,0.5,1,1,TTCGTTATGAAACTCTCATA,0,1007422
ecnBp,0.5,1,1,TTCGTCTCTGACTGAGACGT,0,996960
ecnBp,0.5,1,1,TTCGTCGAACAGGCGAACTT,0,998994
ecnBp,0.5,1,1,TTCGTAATGTAAGTATTCCA,0,1013310
ecnBp,0.5,1,1,TTCGGTGGGGGGCTCCTAAA,0,989962
ecnBp,0.5,1,1,TTCGGAGCGCATGACCTGTA,0,1014868
ecnBp,0.5,1,1,TTCCGTTGCACTGCTAAATC,0,1001076
ecnBp,0.5,1,1,TTCCGTCTGGACTGGTTTGC,0,1016511
ecnBp,0.5,1,1,TTCCGCACTGCTCACGCGAC,0,1020929
ecnBp,0.5,1,1,TTCCATTGCGTTTTCTCATA,0,994073
ecnBp,0.5,1,1,TTCCATCCGGCCCGGCTGGT,0,976042
ecnBp,0.5,1,1,TTCCACATCCGCCTTCGGGT,0,997367
ecnBp,0.5,1,1,TTCAGACTCGGAGGATGCTG,0,979142
ecnBp,0.5,1,1,TTCACAGCACTCAAGGAGGC,0,1013697
ecnBp,0.5,1,1,TTCAATGTACTTGGCCGTGT,0,1010117
ecnBp,0.5,1,1,TTCAATGCCTTGATCCACCT,0,983831
ecnBp,0.5,1,1,TTCAATCAACTCTCGTCCAG,0,994494
ecnBp,0.5,1,1,TTATTGTGGGAGGACTTTGT,0,1016620
ecnBp,0.5,1,1,TTATTACAGAACGGAATTGT,0,1014053
ecnBp,0.5,1,1,TTATGTCAAATCCCGAAAAT,0,979124
ecnBp,0.5,1,1,TTATGGCTCCGGCGCGATTA,0,994589
ecnBp,0.5,1,1,TTATCTCATTTAACTGCCCA,0,988170
ecnBp,0.5,1,1,TTATCGCACACTGCTTGTGT,0,1003615
ecnBp,0.5,1,1,TTATCCGTCTTTCAAGGATG,0,993324
ecnBp,0.5,1,1,TTATCCAATCGTCTGTTAAG,0,995432
ecnBp,0.5,1,1,TTATACGCACGGGCATGTAC,0,1014476
ecnBp,0.5,1,1,TTATACAACGCCACTGCCAC,0,990590
ecnBp,0.5,1,1,TTAGTTATCCGTTGTGAGAA,0,986549
ecnBp,0.5,1,1,TTAGTCTCCTCATCGCACTA,0,987311
ecnBp,0.5,1,1,TTAGGTATTTAGACGGCAAC,0,993509
ecnBp,0.5,1,1,TTAGGAGCAGGTCGAAGATA,0,981572
ecnBp,0.5,1,1,TTAGCCGTGCCTTGTTGAGT,0,1027710
ecnBp,0.5,1,1,TTAGCCCGTCCCAAAAAATT,0,975067
ecnBp,0.5,1,1,TTAGCACTTGATCTCTGGGT,0,992458
ecnBp,0.5,1,1,TTAGATTTTCTCTGCTCGTA,0,1010405
ecnBp,0.5,1,1,TTAGACTGCTTTTTGCTCAC,0,994577
ecnBp,0.5,1,1,TTAGAACATCAAATGCTGGG,0,994174
ecnBp,0.5,1,1,TTACTGGCTCGATGATTGGA,0,1026540
ecnBp,0.5,1,1,TTACGTACTAGAGAATTTGG,0,1013374
ecnBp,0.5,1,1,TTACCTTTCGGTTAGTGACT,0,995647
ecnBp,0.5,1,1,TTACCTGTTTCCGGCTGCGT,0,986526
ecnBp,0.5,1,1,TTACATCAGTGGCATCACGG,0,982359
ecnBp,0.5,1,1,TTACAGGGCACTTCGTGTAC,0,1025767
ecnBp,0.5,1,1,TTACACTGCAGGATATCATC,0,1000260
ecnBp,0.5,1,1,TTAATTGCGTAAATGGGTCT,0,989178
ecnBp,0.5,1,1,TTAATTAGCTTGAGCCCGGT,0,1005602
ecnBp,0.5,1,1,TTAATCAACCAAAGCACCGT,0,989642
ecnBp,0.5,1,1,TTAAGAGCATAGCTGTATCC,0,1024490
ecnBp,0.5,1,1,TTAACGGTTACGCAAGGTTT,0,981063
ecnBp,0.5,1,1,TGTTTAGACAGTACTGTTGT,0,998668
ecnBp,0.5,1,1,TGTTGATTTCCAAGAGGATG,0,1009294
ecnBp,0.5,1,1,TGTTCTCTTCTGGCCATTAC,0,1013987
ecnBp,0.5,1,1,TGTTCGTAGCCCTGCCCGGT,0,1024233
ecnBp,0.5,1,1,TGTTCGGGCCTGACCGCGTT,0,995229
ecnBp,0.5,1,1,TGTTACAAGCTTTTACAGGA,0,986220
ecnBp,0.5,1,1,TGTGTTTAGCATGGCAATGT,0,1002658
ecnBp,0.5,1,1,TGTGTCCTGGTATGCAAGAA,0,990579
ecnBp,0.5,1,1,TGTGTCAGATTTTTCACTCT,0,994527
ecnBp,0.5,1,1,TGTGTAGTGTCAGTAATAAC,0,984775
ecnBp,0.5,1,1,TGTGTACTAATGCGAGACCC,0,1001792
ecnBp,0.5,1,1,TGTGGGGATAAGTCGTGTCC,0,1000281
ecnBp,0.5,1,1,TGTGCTTTCTCTGCCCAACC,0,1003659
ecnBp,0.5,1,1,TGTGCGCGACTTAGCCTTGT,0,1005190
ecnBp,0.5,1,1,TGTGATCGTACGAAAATGCA,0,1025080
ecnBp,0.5,1,1,TGTGAGTTGACTTGACGCAA,0,998886
ecnBp,0.5,1,1,TGTGAAAACCTTGAACAGGC,0,998379
ecnBp,0.5,1,1,TGTCTATTGTGCCCATGCAA,0,1024284
ecnBp,0.5,1,1,TGTCCCAGAAACGAGCCAAA,0,1012268
ecnBp,0.5,1,1,TGTCAACTCGTATCACAATA,0,1011912
ecnBp,0.5,1,1,TGTATTGGTAACGAACACAT,0,994125
ecnBp,0.5,1,1,TGTATCAACGACGACCATCG,0,1019976
ecnBp,0.5,1,1,TGTAGTGCAACCCGGTCTCC,0,1006304
ecnBp,0.5,1,1,TGTAGGAAAAAGCGAGTGGT,0,993605
ecnBp,0.5,1,1,TGTAGCGTCAAGTGAATCTT,0,997633
ecnBp,0.5,1,1,TGTAGCGGCTGCTGTTCGTA,0,1002447
ecnBp,0.5,1,1,TGTAGACGTAGCCCGCGTGT,0,986694
ecnBp,0.5,1,1,TGTAATCGGAGTCAACCGCA,0,1011837
ecnBp,0.5,1,1,TGGTTTCAGCAACTTTAGAA,0,983378
ecnBp,0.5,1,1,TGGTTATTCCGGAATTCCTC,0,1007934
ecnBp,0.5,1,1,TGGTGTGCACTGACCGCGGT,0,1006041
ecnBp,0.5,1,1,TGGTGGGAGAGGGACAAGTC,0,1011530
ecnBp,0.5,1,1,TGGTGAAGCCATTTGTTTTG,0,1019174
ecnBp,0.5,1,1,TGGTCTTGGTGACCGCCAGT,0,973223
ecnBp,0.5,1,1,TGGTCGGAACATCTGCGAAT,0,991987
ecnBp,0.5,1,1,TGGTCCAGGGTAATAAAGTC,0,1025086
ecnBp,0.5,1,1,TGGTCAGAAGTACAACCAAC,0,975475
ecnBp,0.5,1,1,TGGGTGTCCGTAGCTCGCAT,0,1004758
ecnBp,0.5,1,1,TGGGTCTTTATAAGGTACTA,0,1002555
ecnBp,0.5,1,1,TGGGTCGGTTTTAGCTGCTC,0,975516
ecnBp,0.5,1,1,TGGGTAACTGACTAGCCAGT,0,1023042
ecnBp,0.5,1,1,TGGGGTGTGGAAAGCCAGAG,0,997680
ecnBp,0.5,1,1,TGGGCCGATCGAGAAAGCCG,0,1021888
ecnBp,0.5,1,1,TGGGCAACTCGGGAGTAACG,0,1020138
ecnBp,0.5,1,1,TGGGAGGGGTTAATGTGCTG,0,986854
ecnBp,0.5,1,1,TGGGAGCGGTGCTACGTTAC,0,987470
ecnBp,0.5,1,1,TGGGACATAATTAAACAGTG,0,989977
ecnBp,0.5,1,1,TGGGAATGTTTGTCGCTCTC,0,993595
ecnBp,0.5,1,1,TGGCTTGTTCAGGTACCCAG,0,986194
ecnBp,0.5,1,1,TGGCGTCATCCCTTTTGATG,0,978447
ecnBp,0.5,1,1,TGGCGATTGGTTAGGAGACT,0,974769
ecnBp,0.5,1,1,TGGCCTAGGGATGGGTCCAT,0,1012194
ecnBp,0.5,1,1,TGGCCGGATCAAGCACACAC,0,1023153
ecnBp,0.5,1,1,TGGCCCCAACCGGCCACGAA,0,976764
ecnBp,0.5,1,1,TGGCCAATTGCAAACAAAGG,0,980384
ecnBp,0.5,1,1,TGGCCAAAGTGCTACAGTTG,0,985439
ecnBp,0.5,1,1,TGGCAGAGTCTGCCAGTCCT,0,1014610
ecnBp,0.5,1,1,TGGATATGAAACATCTCTGA,0,982500
ecnBp,0.5,1,1,TGGATACAGCAAACTGGATT,0,1012547
ecnBp,0.5,1,1,TGGATAAAGCGACTATTGGC,0,1019941
ecnBp,0.5,1,1,TGGAGTTTACGGATGACCGA,0,1000527
ecnBp,0.5,1,1,TGGAGACTGGCCTCTCCACC,0,989215
ecnBp,0.5,1,1,TGGACTTATTCAGTCCCGAG,0,990845
ecnBp,0.5,1,1,TGGACTGCCCTAAATGGTCA,0,972131
ecnBp,0.5,1,1,TGGACGCGATATGCAATACG,0,1013925
ecnBp,0.5,1,1,TGGAATTGCGAGCGCAAGTG,0,980987
ecnBp,0.5,1,1,TGGAAATAGCAGTGTCGAGC,0,1021511
ecnBp,0.5,1,1,TGGAAAATCTCTTTCTGTCT,0,980065
ecnBp,0.5,1,1,TGCTTCAGTTAGCAAGTGCT,0,1013416
ecnBp,0.5,1,1,TGCTGTCCCGTGGTCCGGCA,0,1015083
ecnBp,0.5,1,1,TGCTCGAGGAAAGCGAGCAT,0,1011080
ecnBp,0.5,1,1,TGCTAATATCAGATGCCATC,0,1008425
ecnBp,0.5,1,1,TGCGGATTTCTCCAAGCAAG,0,996846
ecnBp,0.5,1,1,TGCGCGCGCTGTGCCAGATA,0,1012270
ecnBp,0.5,1,1,TGCGCCCCATTGAGCTACAC,0,977321
ecnBp,0.5,1,1,TGCGATACTGTCTCTTACTG,0,999504
ecnBp,0.5,1,1,TGCCTTGGCTCGGTAATTTG,0,1019315
ecnBp,0.5,1,1,TGCCTCTACCTGCATAAGGG,0,1002082
ecnBp,0.5,1,1,TGCCTCGAGCAATGATTTTC,0,980926
ecnBp,0.5,1,1,TGCCGACTAATTCTCCTTTG,0,1025216
ecnBp,0.5,1,1,TGCCCTCCGGCTTCAGTATA,0,1020311
ecnBp,0.5,1,1,TGCCATTTAATTGGACAAGA,0,1020624
ecnBp,0.5,1,1,TGCCATGAAAGGGACGATCC,0,974372
ecnBp,0.5,1,1,TGCCATACGTCGTGTCAACA,0,974960
ecnBp,0.5,1,1,TGCCAGTCGTTAAAATTGTT,0,1011344
ecnBp,0.5,1,1,TGCCAAGAGCGAAGACACTA,0,1005525
ecnBp,0.5,1,1,TGCATATATTATCCTTTTTT,0,1024620
ecnBp,0.5,1,1,TGCATAATTCGCTGCAGCTG,0,980428
ecnBp,0.5,1,1,TGCAGTTCAGTATGGCGTGG,0,1011316
ecnBp,0.5,1,1,TGCAACGTCATCAGAGACAT,0,1020724
ecnBp,0.5,1,1,TGATTGGCTTGCCGCCCGAA,0,1018127
ecnBp,0.5,1,1,TGATTCTTAAAATTCAATAG,0,978537
ecnBp,0.5,1,1,TGATGGCAGGCGTTCTCCAG,0,978480
ecnBp,0.5,1,1,TGATCTACACACCTGAATTA,0,1000209
ecnBp,0.5,1,1,TGATCGGCAAGACAACATGC,0,976111
ecnBp,0.5,1,1,TGATCACGCACGGAGCCGAG,0,1021471
ecnBp,0.5,1,1,TGAGTCCAAATTGGTGGACA,0,1019527
ecnBp,0.5,1,1,TGAGGACATTGGTCACACTA,0,981105
ecnBp,0.5,1,1,TGAGCTTTCATCGGACGGCA,0,1019370
ecnBp,0.5,1,1,TGAGCTTATTTGCTGTAAAG,0,1027059
ecnBp,0.5,1,1,TGAGCTGGAAGAACCGTCTG,0,1000994
ecnBp,0.5,1,1,TGAGCGTAATACGTGTAAAC,0,1025304
ecnBp,0.5,1,1,TGAGCGGAGATGAAAACGGA,0,1008570
ecnBp,0.5,1,1,TGAGCGCTCCGGTCCTGGTT,0,974250
ecnBp,0.5,1,1,TGAGAGTTGCACTACGAGCC,0,1014224
ecnBp,0.5,1,1,TGAGACTGTATCTGCAGTGG,0,1018877
ecnBp,0.5,1,1,TGAGAATAAGACTTATGATC,0,978809
ecnBp,0.5,1,1,TGACGTTTGACTCAAGGGGG,0,989464
ecnBp,0.5,1,1,TGACGCCGCCGGCAATTAAG,0,1022328
ecnBp,0.5,1,1,TGACCTTGTGACGGGGGGGT,0,983070
ecnBp,0.5,1,1,TGACCGGGGACCAGATGGAC,0,1019817
ecnBp,0.5,1,1,TGACCCGGGGGGTCCATCAG,0,992141
ecnBp,0.5,1,1,TGACACTACTTCGGCCGAAT,0,994414
ecnBp,0.5,1,1,TGACAAATTACGGCTACTTA,0,991790
ecnBp,0.5,1,1,TGACAAAAACGCACGTACGA,0,1004395
ecnBp,0.5,1,1,TGAAGAGGCTCCGACCTTCA,0,1009883
ecnBp,0.5,1,1,TGAACAGCTTATCATTCAGC,0,1021298
ecnBp,0.5,1,1,TGAAATGTAGAGGCTTGAAC,0,1009620
ecnBp,0.5,1,1,TGAAAGCAAATGTACAGGTT,0,992523
ecnBp,0.5,1,1,TCTTTTCTAGGAGTACTTGA,0,1001088
ecnBp,0.5,1,1,TCTTTGTGAGGTCGGAAGGG,0,1004017
ecnBp,0.5,1,1,TCTTTAGCTAGCATGTGACT,0,1024097
ecnBp,0.5,1,1,TCTTGCGGATCTAGGGAAAC,0,1023435
ecnBp,0.5,1,1,TCTTCTTCTACGAGCTCCGA,0,1013930
ecnBp,0.5,1,1,TCTTCCGAGGATATCGATAG,0,1013583
ecnBp,0.5,1,1,TCTTCCCGGCTCTGAGGAAA,0,979800
ecnBp,0.5,1,1,TCTGTTTGTCTACGCATGTG,0,996973
ecnBp,0.5,1,1,TCTGTTACTACGAATGTGAC,0,990680
ecnBp,0.5,1,1,TCTGTCGGGTGGCCAGTTGG,0,997594
ecnBp,0.5,1,1,TCTGTCAAACAGACTTTTAT,0,973902
ecnBp,0.5,1,1,TCTGGCGCTAATAAACACCT,0,1022408
ecnBp,0.5,1,1,TCTGCTCCAAACTGGAGCCC,0,995466
ecnBp,0.5,1,1,TCTGATCCCCAGCCGTCGGA,0,982536
ecnBp,0.5,1,1,TCTCTCTGGCCTCTTGGTTA,0,997125
ecnBp,0.5,1,1,TCTCTATCTTACGATGCCTT,0,992865
ecnBp,0.5,1,1,TCTCTAGAAACTAGGGTGAC,0,977819
ecnBp,0.5,1,1,TCTCGTACCTCTCGTGACAT,0,989057
ecnBp,0.5,1,1,TCTCGCTGTCTTGGCCGAAA,0,981709
ecnBp,0.5,1,1,TCTCCAAAGTCGAACCGACA,0,1022130
ecnBp,0.5,1,1,TCTCATCCGCTATACTCTAA,0,1011610
ecnBp,0.5,1,1,TCTATGTCCAAGGGAAAGAA,0,1025889
ecnBp,0.5,1,1,TCTATCCTAGTCTAGTATGC,0,1021224
ecnBp,0.5,1,1,TCTAGCCTTGTCACCGACCT,0,1013641
ecnBp,0.5,1,1,TCTACTCGTCTGGTCCCTTG,0,985784
ecnBp,0.5,1,1,TCTACTACTTCGGGCATGGG,0,986777
ecnBp,0.5,1,1,TCTACCAATTGCAGCCCGAT,0,1026792
ecnBp,0.5,1,1,TCTAAGTAGGTTAGTCACCA,0,1025987
ecnBp,0.5,1,1,TCGTGTATATACTTTGTTCA,0,999673
ecnBp,0.5,1,1,TCGTGGCCGTAGCAAAGGCA,0,1001203
ecnBp,0.5,1,1,TCGTGATGAAGAGGTAAGTT,0,1010231
ecnBp,0.5,1,1,TCGTCCCGCAGAACGTAGGG,0,998216
ecnBp,0.5,1,1,TCGTAGGCACAGGGGCTTGT,0,977510
ecnBp,0.5,1,1,TCGTACAGTACAATTGTCAG,0,986613
ecnBp,0.5,1,1,TCGGTTTGGTTATTCCTGTA,0,980664
ecnBp,0.5,1,1,TCGGGTGGACGTACGGCCGG,0,989188
ecnBp,0.5,1,1,TCGGGAACGCGGCGGTTTTT,0,999465
ecnBp,0.5,1,1,TCGGCTTTGCAAGTATCACT,0,980514
ecnBp,0.5,1,1,TCGGCTTGTAGGGAAATAGG,0,1006473
ecnBp,0.5,1,1,TCGGCACTGTTTCCCGGGGC,0,986774
ecnBp,0.5,1,1,TCGGCACTAGGAATTCAGAT,0,1009287
ecnBp,0.5,1,1,TCGGAGCGCTCCTCGGCCAC,0,1025461
ecnBp,0.5,1,1,TCGGAGAATGCGGGCATATA,0,1018666
ecnBp,0.5,1,1,TCGCTGGTGTCTGAGCGTTC,0,976848
ecnBp,0.5,1,1,TCGCTGACAGGGACTGAGTG,0,1019039
ecnBp,0.5,1,1,TCGCTCTGCGTGATGAGAGT,0,981635
ecnBp,0.5,1,1,TCGCGTACATAGGCTAACCT,0,986677
ecnBp,0.5,1,1,TCGCGGTACAGAAGCCCACG,0,1009425
ecnBp,0.5,1,1,TCGCACGCACTGCCAAATTG,0,980217
ecnBp,0.5,1,1,TCGATGTACTAGACTGCTTA,0,990186
ecnBp,0.5,1,1,TCGAGGTAGAAATCGTGGCA,0,998849
ecnBp,0.5,1,1,TCGAGATAGAGAGCTTGTCG,0,977035
ecnBp,0.5,1,1,TCGACAAGAGACGGAACATC,0,1026985
ecnBp,0.5,1,1,TCGAACTCTGATACATCTTC,0,980186
ecnBp,0.5,1,1,TCGAACGTAGATCGGCCTGT,0,1003283
ecnBp,0.5,1,1,TCCTTATAAACCCATTCTCC,0,1014788
ecnBp,0.5,1,1,TCCTCAAACCCAACTCACTT,0,1017690
ecnBp,0.5,1,1,TCCTACTTCGGAAGCAGTTC,0,978718
ecnBp,0.5,1,1,TCCTAATTCTATTCGTCAGT,0,1001990
ecnBp,0.5,1,1,TCCTAATCCACTTAAGCTTG,0,979675
ecnBp,0.5,1,1,TCCGTCCCCGAGATGTCTTT,0,997163
ecnBp,0.5,1,1,TCCGTATGGATGTGCGCACA,0,987595
ecnBp,0.5,1,1,TCCGGCCTGAAGCCGCACCT,0,988704
ecnBp,0.5,1,1,TCCGGACAATTTCGTCTTAT,0,991599
ecnBp,0.5,1,1,TCCGCATGGAATTTCACCGT,0,1022146
ecnBp,0.5,1,1,TCCGATGAGGTTTAACGGCA,0,1012777
ecnBp,0.5,1,1,TCCCTGCGTCCTTCCGCGAT,0,981710
ecnBp,0.5,1,1,TCCCTCGGCCCATGATGCAT,0,981822
ecnBp,0.5,1,1,TCCCGTCACCGGATCCGGAA,0,978577
ecnBp,0.5,1,1,TCCCGCCCCCCCCGCAAAAA,0,1015852
ecnBp,0.5,1,1,TCCCCGTCTTTATGCTTGTA,0,1000690
ecnBp,0.5,1,1,TCCCCAAAGGTAAACGCAGT,0,1009666
ecnBp,0.5,1,1,TCCCATTGGTCACGTCCAGT,0,995316
ecnBp,0.5,1,1,TCCATGGCTGACAGTAAGGC,0,989862
ecnBp,0.5,1,1,TCCATCGTACGTGGTTAGGT,0,987909
ecnBp,0.5,1,1,TCCATATGTGCTGCCACAGT,0,998316
ecnBp,0.5,1,1,TCCATAATCGGAGCTCGTGT,0,972569
ecnBp,0.5,1,1,TCCAGCTAAGAGGAAGGTTT,0,974087
ecnBp,0.5,1,1,TCCACGGTTAGTCAACTTGG,0,978776
ecnBp,0.5,1,1,TCCACATAGCCTACTATCAA,0,1027869
ecnBp,0.5,1,1,TCCAAAGCGAAATGGTTGGT,0,991114
ecnBp,0.5,1,1,TCCAAACCCTGATAATGCCG,0,987403
ecnBp,0.5,1,1,TCATTTACCGGACTGAGGAG,0,975181
ecnBp,0.5,1,1,TCATTCCTGAATTCCCCTAG,0,1027046
ecnBp,0.5,1,1,TCATGTGTACCGACACTCTT,0,978243
ecnBp,0.5,1,1,TCATGTCAGGGTGTCCCTTT,0,990756
ecnBp,0.5,1,1,TCATGCTCCGGACAACAGAG,0,974307
ecnBp,0.5,1,1,TCATGAGATCTACGCCATTT,0,1006317
ecnBp,0.5,1,1,TCATCTGGCCGTCAGATGCG,0,1007192
ecnBp,0.5,1,1,TCATCTGCCTATCACGGTTG,0,1006697
ecnBp,0.5,1,1,TCATCGCACGTTTGGGAGGA,0,995883
ecnBp,0.5,1,1,TCATCGAGCTCACTGGCGTT,0,973927
ecnBp,0.5,1,1,TCATAGTGGCCACCTTGCCC,0,982393
ecnBp,0.5,1,1,TCATAGGCGTGCAGACTATT,0,992790
ecnBp,0.5,1,1,TCAGTATTCCGTGGCATGAG,0,984654
ecnBp,0.5,1,1,TCAGGTGACGCATTTACAGA,0,997459
ecnBp,0.5,1,1,TCAGGATGTGACCATTGCCG,0,1013871
ecnBp,0.5,1,1,TCAGCCCATGACCGACCAGA,0,986256
ecnBp,0.5,1,1,TCACTCAGCGAGAAGGGTCA,0,1016528
ecnBp,0.5,1,1,TCACTAGCGAGGCTTCGGCA,0,988425
ecnBp,0.5,1,1,TCACGGTGTTTCGACACTGA,0,988422
ecnBp,0.5,1,1,TCACCAGGAACGTCAGAACG,0,1027616
ecnBp,0.5,1,1,TCACCACTCCTGTACGTCCT,0,976226
ecnBp,0.5,1,1,TCACCACCTTCGTTGGTCCC,0,975267
ecnBp,0.5,1,1,TCACAGTCAAGTCATACGCG,0,982961
ecnBp,0.5,1,1,TCACAAGACACGTCCGCCCT,0,1005502
ecnBp,0.5,1,1,TCAACCGCCCTGGACTCCGG,0,1002181
ecnBp,0.5,1,1,TCAAACCTTTGTCTACATTC,0,973355
ecnBp,0.5,1,1,TATTGGGTGGTCTTCGGCGA,0,1004400
ecnBp,0.5,1,1,TATTCGTAGAAAGAAACGGA,0,1000025
ecnBp,0.5,1,1,TATTCAGTAACATTGGACGT,0,975988
ecnBp,0.5,1,1,TATTAGGAGTGAGGTCAGCT,0,1023789
ecnBp,0.5,1,1,TATTACAAGATAACTGTAAT,0,988719
ecnBp,0.5,1,1,TATGTCTAATAAGACTAACT,0,1016881
ecnBp,0.5,1,1,TATGTCCAGATAAACGCTAG,0,1022134
ecnBp,0.5,1,1,TATGGTGGCATCTCTCGAAC,0,1018227
ecnBp,0.5,1,1,TATGCTGGCTATCAGGAGGA,0,1008237
ecnBp,0.5,1,1,TATGCCTCATGAACAATAGA,0,991819
ecnBp,0.5,1,1,TATGCATTATATCGGGGGCT,0,1021811
ecnBp,0.5,1,1,TATGACATCCCCCAATCCAT,0,1004040
ecnBp,0.5,1,1,TATCCTCTAGACGTGGACGA,0,1005223
ecnBp,0.5,1,1,TATCATCGCCCACGGGTCGT,0,1017031
ecnBp,0.5,1,1,TATCAATTGCAGTGCGTCTT,0,1025894
ecnBp,0.5,1,1,TATATAAACGGAACTGTTTC,0,1010775
ecnBp,0.5,1,1,TATACGATGGTTCGTTGAGC,0,992739
ecnBp,0.5,1,1,TATACAAGATACTTTTGTCG,0,979407
ecnBp,0.5,1,1,TATAATTGCCCCGGGCTGAT,0,1019764
ecnBp,0.5,1,1,TATAATCGTTTAGACTCTAT,0,1001638
ecnBp,0.5,1,1,TAGTTTGGGACAGCTATCTT,0,1007774
ecnBp,0.5,1,1,TAGTGACTCAGACGGGGTGT,0,1001383
ecnBp,0.5,1,1,TAGGTGGGCTGTGAACCTAA,0,1024301
ecnBp,0.5,1,1,TAGGTCCGCTGACTTAGGCG,0,999841
ecnBp,0.5,1,1,TAGGGTTACGGTTCCGATAT,0,991240
ecnBp,0.5,1,1,TAGGGCAGCTCCTTATCGAA,0,991158
ecnBp,0.5,1,1,TAGGGAGAACCCCATTTTAG,0,1018791
ecnBp,0.5,1,1,TAGGGACACCGGCGACTCCG,0,975752
ecnBp,0.5,1,1,TAGGCAACCTGGCTTACTGG,0,1019290
ecnBp,0.5,1,1,TAGCGTTAATCGTTCTCCTT,0,1026518
ecnBp,0.5,1,1,TAGCGGCAAGGAATTTTTCT,0,1014640
ecnBp,0.5,1,1,TAGCCGGGTCAAGTCACCTG,0,1012299
ecnBp,0.5,1,1,TAGCCATTTTATGACACAGG,0,997563
ecnBp,0.5,1,1,TAGCCACCGATGCTGTTCCC,0,998945
ecnBp,0.5,1,1,TAGCAGGTTAAATTCGAAGT,0,1011204
ecnBp,0.5,1,1,TAGATATGTTCAAGAATACA,0,1000689
ecnBp,0.5,1,1,TAGATAACCGTTGATCAGGA,0,972177
ecnBp,0.5,1,1,TAGAGATGAGCCATTGGCCA,0,1013226
ecnBp,0.5,1,1,TAGACCGGCTCCTAGGGTTA,0,997555
ecnBp,0.5,1,1,TAGACAGCGTCAGCAGCTCA,0,1009363
ecnBp,0.5,1,1,TAGAATCCATTTGTTAAATC,0,992757
ecnBp,0.5,1,1,TAGAAAGAGTGTTCGGGAAA,0,1006557
ecnBp,0.5,1,1,TACTTGGCTGTCTACCCCAA,0,989410
ecnBp,0.5,1,1,TACTGGGGAGAGTATCGTCT,0,1010394
ecnBp,0.5,1,1,TACTCGGCGATGGGACGTAT,0,983245
ecnBp,0.5,1,1,TACTCCCAGGCTCAAAATCA,0,996644
ecnBp,0.5,1,1,TACGTGTGGCTAACTCGCCA,0,972152
ecnBp,0.5,1,1,TACGGTGTTCAGTCGATAAG,0,1008617
ecnBp,0.5,1,1,TACGGCTACAGGTGTCTTTC,0,1002757
ecnBp,0.5,1,1,TACGCATCGCCGGTTGTGAT,0,988118
ecnBp,0.5,1,1,TACGAACATGGGACACAAGA,0,1022948
ecnBp,0.5,1,1,TACCTATGGGACTGACTGCA,0,978601
ecnBp,0.5,1,1,TACCTAGTGATTCACGACAG,0,1006202
ecnBp,0.5,1,1,TACCTAGACGGCACAATGAC,0,975806
ecnBp,0.5,1,1,TACCGAAGGTCAACCCGCGA,0,991842
ecnBp,0.5,1,1,TACCATATCTCGCAAAACAC,0,990006
ecnBp,0.5,1,1,TACCACTCCCCATTCACTAG,0,996659
ecnBp,0.5,1,1,TACCAAGTATGTGAGGTTGC,0,1011595
ecnBp,0.5,1,1,TACCAAGAGCGATGTAAGAA,0,1005020
ecnBp,0.5,1,1,TACCAAACTCAACATCAGCT,0,1022261
ecnBp,0.5,1,1,TACATTAAAGCGACCCCTTT,0,989355
ecnBp,0.5,1,1,TACATACTGTCCAGACCACT,0,1001377
ecnBp,0.5,1,1,TACAGTCTTCAAGTGACATC,0,1008701
ecnBp,0.5,1,1,TACACTTGGATAGTCCGTTC,0,1014933
ecnBp,0.5,1,1,TACACTAATAGCCTCACAAA,0,1013737
ecnBp,0.5,1,1,TACAAAACGTAAGCTGCAGC,0,999169
ecnBp,0.5,1,1,TAATTTCTCAAGTCCCGGTC,0,1019356
ecnBp,0.5,1,1,TAATTTAGTGTTAGTCAACG,0,983179
ecnBp,0.5,1,1,TAATTCCCATAGCATTATAT,0,1000740
ecnBp,0.5,1,1,TAATTCCAACTCTTGTGGAC,0,997362
ecnBp,0.5,1,1,TAATGTCAGAGTGACTTGAA,0,1001075
ecnBp,0.5,1,1,TAATGCCGCCCGTCGTTTGA,0,972373
ecnBp,0.5,1,1,TAATCCTAAGTAGCTTCGAA,0,976766
ecnBp,0.5,1,1,TAAGTTTACCTCCAGTCTAT,0,992963
ecnBp,0.5,1,1,TAAGTCCGCCCGTTTCACTC,0,1001421
ecnBp,0.5,1,1,TAAGGTCCTCTGGAAGGGCT,0,980870
ecnBp,0.5,1,1,TAAGGGGTACGGCTCGCGGC,0,991101
ecnBp,0.5,1,1,TAAGCGGGTCGTGCTTCCGT,0,1012874
ecnBp,0.5,1,1,TAAGCCGCCGCCGAAAGCAT,0,1020493
ecnBp,0.5,1,1,TAAGCAATCCAGCAACGCAA,0,1016779
ecnBp,0.5,1,1,TAAGCAACCGGGGGGAGAGA,0,1027632
ecnBp,0.5,1,1,TAACTCTCAACTACGGCTTA,0,1023193
ecnBp,0.5,1,1,TAACGGGAGCGAAAACGAAA,0,989289
ecnBp,0.5,1,1,TAACGGCTGACGCCTCCCTA,0,1018708
ecnBp,0.5,1,1,TAACGATAACTGCACGTATT,0,1006902
ecnBp,0.5,1,1,TAACCTACCTCACAAGCACA,0,1013043
ecnBp,0.5,1,1,TAACCCATAGTGGGTTAGGT,0,989088
ecnBp,0.5,1,1,TAACATTGAAACTTCCTGGT,0,1005617
ecnBp,0.5,1,1,TAACAATTTCGTACCAGCGT,0,998636
ecnBp,0.5,1,1,TAAATTGACAGTTAGAACAG,0,994291
ecnBp,0.5,1,1,TAAATTGAAGATCAGGAGCA,0,984429
ecnBp,0.5,1,1,TAAATGGGTAGCCACATCTT,0,973993
ecnBp,0.5,1,1,TAAATGCCAGCGTGAAGACG,0,1023710
ecnBp,0.5,1,1,TAAAGTATGGCCAGGGAACT,0,1004606
ecnBp,0.5,1,1,TAAAGTACTCTTCCAGCAAG,0,1020013
ecnBp,0.5,1,1,TAAACTGGTGTAAAGTTTAG,0,995035
ecnBp,0.5,1,1,TAAAATAGCAGTGTACACTT,0,1020490
ecnBp,0.5,1,1,TAAAAGTAGCTGAGGCACAG,0,996529
ecnBp,0.5,1,1,TAAAACCCATGTGTGATCGC,0,1004654
ecnBp,0.5,1,1,GTTTGTGAGAGGATACTAAC,0,993732
ecnBp,0.5,1,1,GTTTGATCCTTGTTGATCAC,0,1010162
ecnBp,0.5,1,1,GTTTAGACCGGCCTTTGCTG,0,1026435
ecnBp,0.5,1,1,GTTTACTCTAATTTAGGTCC,0,973337
ecnBp,0.5,1,1,GTTTACCTGACACAAAGGGC,0,978566
ecnBp,0.5,1,1,GTTTAAATGAGCCGGACCTT,0,1008612
ecnBp,0.5,1,1,GTTTAAAGCCTTCTACAATC,0,1026774
ecnBp,0.5,1,1,GTTGTTCACTGGCGGTTACG,0,1011748
ecnBp,0.5,1,1,GTTGTCCCAACTGCCATTAT,0,1002249
ecnBp,0.5,1,1,GTTGGGACAGGTGTTCGGCT,0,993966
ecnBp,0.5,1,1,GTTGGCTGGCGCTACCCCCA,0,1017930
ecnBp,0.5,1,1,GTTGCCACAGGTCTGCGCAT,0,993350
ecnBp,0.5,1,1,GTTGAAAAGCATTCTTTTCA,0,979940
ecnBp,0.5,1,1,GTTCTGCTGTCTACCACCAT,0,1003796
ecnBp,0.5,1,1,GTTCTCAGGAGAGGGGTTCA,0,994121
ecnBp,0.5,1,1,GTTCGTGTGGGGTAAAGTGC,0,975049
ecnBp,0.5,1,1,GTTCGGTCTGTCCGTCCCCT,0,1018109
ecnBp,0.5,1,1,GTTCCCGTGGAGAGACCCGA,0,1004335
ecnBp,0.5,1,1,GTTCAGAGGTTTTCGGGGCT,0,990684
ecnBp,0.5,1,1,GTTATCAGTTACCACCTCTC,0,1002717
ecnBp,0.5,1,1,GTTATAGGTGAATCCGTGAT,0,1007700
ecnBp,0.5,1,1,GTTATAGACTCTACGTGTAT,0,989334
ecnBp,0.5,1,1,GTTAGGGTACATCGAAGGGG,0,977095
ecnBp,0.5,1,1,GTTAGGCCGAGGCAAAGCCG,0,979202
ecnBp,0.5,1,1,GTTAGACGCTATTCAGGAAC,0,982321
ecnBp,0.5,1,1,GTTACCGTCCTGACCGAGAT,0,1001216
ecnBp,0.5,1,1,GTTACATGAGGACAAATTAG,0,987102
ecnBp,0.5,1,1,GTTAAAGCTCTAGGCGTTTG,0,1011385
ecnBp,0.5,1,1,GTGTTTCTTGCGAAGCTGTA,0,996607
ecnBp,0.5,1,1,GTGTGGCAATGGGCGGTGGC,0,1019868
ecnBp,0.5,1,1,GTGTGAGAAAACGCGCCAAC,0,1003967
ecnBp,0.5,1,1,GTGTACCGTGCGGGCAGGGA,0,983521
ecnBp,0.5,1,1,GTGTAATATCTGCACATCGA,0,986604
ecnBp,0.5,1,1,GTGGTGGCACGCGTGACGTG,0,1024307
ecnBp,0.5,1,1,GTGGTCGCCTACGTAAGGGT,0,1024292
ecnBp,0.5,1,1,GTGGTATTGTACCTAGAACA,0,995528
ecnBp,0.5,1,1,GTGGGTTTTCGACGATCTAG,0,984893
ecnBp,0.5,1,1,GTGGGTGTGCGCAGAATTAA,0,1004921
ecnBp,0.5,1,1,GTGGGGTTTATGCTAATTAC,0,997269
ecnBp,0.5,1,1,GTGGCCGTCGCGGCGCCGCA,0,1010951
ecnBp,0.5,1,1,GTGGCCGAACTATTCCACAA,0,973139
ecnBp,0.5,1,1,GTGGCCGAACGGTCCTGGAA,0,977032
ecnBp,0.5,1,1,GTGGCCAACGACTATTTTCT,0,989216
ecnBp,0.5,1,1,GTGGATCTAATGATTCTATG,0,1009182
ecnBp,0.5,1,1,GTGGAATTGGGCGGTTTGAT,0,1019223
ecnBp,0.5,1,1,GTGGAACTTGGCGACGCAAG,0,1014547
ecnBp,0.5,1,1,GTGCTCACCCATGGGTACCT,0,994041
ecnBp,0.5,1,1,GTGCGCCTGTGTGGGCTAAA,0,1002019
ecnBp,0.5,1,1,GTGCCGTTTGGCCCGGGGTG,0,1009114
ecnBp,0.5,1,1,GTGCCGAGGACAACCCTCAA,0,1002136
ecnBp,0.5,1,1,GTGCCATAGTAAGACATGCT,0,1004457
ecnBp,0.5,1,1,GTGCATGGACCAGAGCTTTT,0,993491
ecnBp,0.5,1,1,GTGCATGAGGGAGGAGACGT,0,974236
ecnBp,0.5,1,1,GTGCAAGCTGGACGGAAATT,0,986934
ecnBp,0.5,1,1,GTGATGAGAATTCAGATAAT,0,972637
ecnBp,0.5,1,1,GTGATCCGTACCCGGGCATT,0,1021969
ecnBp,0.5,1,1,GTGAGTTCATTGGTGCAGGT,0,1004558
ecnBp,0.5,1,1,GTGAGTAGGTGTTTCTCGAC,0,1016172
ecnBp,0.5,1,1,GTGACGTGCGAGTTAGTAGG,0,1014093
ecnBp,0.5,1,1,GTGACAGATGGTCACTTTCA,0,1017279
ecnBp,0.5,1,1,GTGAATCCTAATCTGACGCT,0,984881
ecnBp,0.5,1,1,GTCTTGAATCCAGCGCGTGC,0,1008886
ecnBp,0.5,1,1,GTCTTACCGTTCTCGCCATT,0,992228
ecnBp,0.5,1,1,GTCTTAAGACAGTAGGGCGA,0,1014369
ecnBp,0.5,1,1,GTCTGTGTATATACATGCTG,0,1023555
ecnBp,0.5,1,1,GTCTGGTGAGGTATTCCGCG,0,979859
ecnBp,0.5,1,1,GTCTCTAGCCGGTCACACAA,0,972257
ecnBp,0.5,1,1,GTCTCTAATCGGGGTTGCAC,0,1010945
ecnBp,0.5,1,1,GTCTAGCTAGCGTCACAATT,0,985123
ecnBp,0.5,1,1,GTCTACCCTCATCCGGAAGC,0,1022808
ecnBp,0.5,1,1,GTCGGGTACCGTATAGAGAA,0,1003180
ecnBp,0.5,1,1,GTCGGGCAAGAAACGTAATA,0,988580
ecnBp,0.5,1,1,GTCGGATACGCTCTATTTGG,0,1000195
ecnBp,0.5,1,1,GTCCTTGGAGTTACTGATCA,0,985452
ecnBp,0.5,1,1,GTCCGTTGGGGGCGCCTTAA,0,977382
ecnBp,0.5,1,1,GTCCGTTCAGAAATATCGCC,0,995479
ecnBp,0.5,1,1,GTCCGCTCTTACAAATTGCC,0,1012489
ecnBp,0.5,1,1,GTCCGATGAATGTTATGCCG,0,974798
ecnBp,0.5,1,1,GTCCCAGCTTCGTCATTCTG,0,1012524
ecnBp,0.5,1,1,GTCCCAATTCCATAGCATGA,0,977558
ecnBp,0.5,1,1,GTCCATAGAGGAAGAGACGG,0,979042
ecnBp,0.5,1,1,GTCCAGCGGTCCCGCATGGG,0,1000884
ecnBp,0.5,1,1,GTCCAGCGCTGTATGCTCTT,0,974231
ecnBp,0.5,1,1,GTCCAATCCCGCCCCGTCAG,0,993557
ecnBp,0.5,1,1,GTCATTTCTGATGCTCTCAG,0,1020237
ecnBp,0.5,1,1,GTCATCTTTGACTCTCTAAT,0,1013555
ecnBp,0.5,1,1,GTCATCCAACATTAATACCT,0,974384
ecnBp,0.5,1,1,GTCAGTGGGATATTCTGGTG,0,1004011
ecnBp,0.5,1,1,GTCAGCTGTCATGAATAGGC,0,990566
ecnBp,0.5,1,1,GTCACGGCGCCCATTAAGAT,0,999674
ecnBp,0.5,1,1,GTCACAAAGCGCATCGGTGA,0,994300
ecnBp,0.5,1,1,GTCAAGGCACGTGGGTCGGC,0,982066
ecnBp,0.5,1,1,GTCAACACTGATTTTCCGCA,0,982009
ecnBp,0.5,1,1,GTATGGCTGGGGGACCGGAA,0,1001116
ecnBp,0.5,1,1,GTATGATATTAAGCAGGGAT,0,1015280
ecnBp,0.5,1,1,GTATCTCAGTTCGATTAAGC,0,983083
ecnBp,0.5,1,1,GTATAGAGATGTGGTTCGGC,0,977516
ecnBp,0.5,1,1,GTAGTGGGCACGTATTCGGA,0,975746
ecnBp,0.5,1,1,GTAGTCTAGCTTCAACGTTT,0,974118
ecnBp,0.5,1,1,GTAGGTTTGTGTATAAAGCG,0,992819
ecnBp,0.5,1,1,GTAGGTTAACCACCGTAGCA,0,1013964
ecnBp,0.5,1,1,GTAGGCCCATAAAAGTCGGA,0,979649
ecnBp,0.5,1,1,GTAGGAAGTATAATGTGAAA,0,1023264
ecnBp,0.5,1,1,GTAGCTGTGCCACGGGGAGA,0,972141
ecnBp,0.5,1,1,GTAGCACAACGGGACCACAC,0,994929
ecnBp,0.5,1,1,GTAGAGTAAGTTTGAGGACA,0,983439
ecnBp,0.5,1,1,GTAGACTCCGTATCAGCCCC,0,1017023
ecnBp,0.5,1,1,GTAGAAGGTCCGCAGGGCAT,0,1025206
ecnBp,0.5,1,1,GTACTTAGCACTCACCACGG,0,981960
ecnBp,0.5,1,1,GTACTTAAGTTAACGGCATT,0,998915
ecnBp,0.5,1,1,GTACGTTCCAGGCACCTGTA,0,1017309
ecnBp,0.5,1,1,GTACATGGCCACGAGAAGGG,0,1024898
ecnBp,0.5,1,1,GTACATAGTCCGGCGTAATG,0,1022223
ecnBp,0.5,1,1,GTAATTCCTCGGGCTCATAA,0,1005970
ecnBp,0.5,1,1,GTAATCGTTTAGCCAGTCCA,0,978116
ecnBp,0.5,1,1,GTAATATTCGCGCCCAGAGG,0,995941
ecnBp,0.5,1,1,GTAAGGCGGGTTCGGTTCAG,0,1013370
ecnBp,0.5,1,1,GTAACGCCTGGTCTGGATTC,0,1005049
ecnBp,0.5,1,1,GTAAATTACTGTAAAATCAT,0,1010934
ecnBp,0.5,1,1,GTAAATGTCAGTCTCTCCCC,0,1022137
ecnBp,0.5,1,1,GTAAACCAAAGATCGCTCTT,0,993700
ecnBp,0.5,1,1,GGTTGGCCGTCTTAATAGAA,0,981754
ecnBp,0.5,1,1,GGTTCTGAGGGCGTGAGTGG,0,994178
ecnBp,0.5,1,1,GGTTCGTTCAGGGGGGAGCT,0,1018914
ecnBp,0.5,1,1,GGTTCGCTACTGAATCTTCG,0,1012149
ecnBp,0.5,1,1,GGTTCACCGGATGGCACGGA,0,999575
ecnBp,0.5,1,1,GGTTACCGGCACTTGTCGGT,0,983279
ecnBp,0.5,1,1,GGTGTGTCTTAGTCGTCGCG,0,976757
ecnBp,0.5,1,1,GGTGTGGCGTGCGGCAATCC,0,1023448
ecnBp,0.5,1,1,GGTGTCTTAACGTCTACGCT,0,983709
ecnBp,0.5,1,1,GGTGGCCGAGTACCGTGAGT,0,1002287
ecnBp,0.5,1,1,GGTGCTCAACTGGTCCGTTC,0,1021592
ecnBp,0.5,1,1,GGTCTTGTCGAACCGTCTGT,0,1020427
ecnBp,0.5,1,1,GGTCTAGCTTAACTCGAGGT,0,989459
ecnBp,0.5,1,1,GGTCTAAATATATGGTTCGA,0,1017802
ecnBp,0.5,1,1,GGTCGTGAATTCGCTACGAT,0,984361
ecnBp,0.5,1,1,GGTCGATGGCAAACTAGAAA,0,1012186
ecnBp,0.5,1,1,GGTCCTCATATTGAGGTGGA,0,990537
ecnBp,0.5,1,1,GGTCCGCATAAGTATATGAC,0,989782
ecnBp,0.5,1,1,GGTCAGAAACGACCATCGGA,0,984168
ecnBp,0.5,1,1,GGTAGGAAAGTATAGTATGA,0,975961
ecnBp,0.5,1,1,GGTAGATGCTACTGGCTGGG,0,995424
ecnBp,0.5,1,1,GGTACTGCGTTCATTTTCGT,0,1015242
ecnBp,0.5,1,1,GGGTGGGAATTCATCGCGGT,0,1006438
ecnBp,0.5,1,1,GGGTGAATTAGTCGTGCATA,0,996250
ecnBp,0.5,1,1,GGGTCTGAGCATACCTCCCA,0,1021607
ecnBp,0.5,1,1,GGGTCATTGCAGGCCGAGCA,0,1022929
ecnBp,0.5,1,1,GGGTCAAGGGACTCTCATCA,0,980124
ecnBp,0.5,1,1,GGGGTGTGTGGCAGAGTTTT,0,1019728
ecnBp,0.5,1,1,GGGGTGCGGACACGGACTCC,0,1001353
ecnBp,0.5,1,1,GGGGGTGCTGCGCATGGCGA,0,996285
ecnBp,0.5,1,1,GGGGGGCATCAGTACCGGCT,0,1022142
ecnBp,0.5,1,1,GGGGCGCCGTCCCCGCTGCG,0,1000251
ecnBp,0.5,1,1,GGGGCCGATAAACGGAGGCA,0,986615
ecnBp,0.5,1,1,GGGGATGCTAAGGACCGCGA,0,979500
ecnBp,0.5,1,1,GGGGATCCGATACAAGGATC,0,1010781
ecnBp,0.5,1,1,GGGCTAGATCGCACATGGCG,0,989172
ecnBp,0.5,1,1,GGGCGGATTCCGGCAGGCTA,0,981885
ecnBp,0.5,1,1,GGGCGCAATCCGGGCTACAC,0,1021466
ecnBp,0.5,1,1,GGGCGAAGTAAGGTGCGTGC,0,991615
ecnBp,0.5,1,1,GGGCCTCAACCTGTCTGAAG,0,986889
ecnBp,0.5,1,1,GGGCCAAACTCACGGTTATC,0,1027268
ecnBp,0.5,1,1,GGGCACCTCGGTACGCTATG,0,1023970
ecnBp,0.5,1,1,GGGCACATCTAGGGACTAGG,0,982491
ecnBp,0.5,1,1,GGGCACATAATGCCAGGCAA,0,1006004
ecnBp,0.5,1,1,GGGATGTAGTCGGGGCATCA,0,1003020
ecnBp,0.5,1,1,GGGATCCGTCCCCCACGAAC,0,1003285
ecnBp,0.5,1,1,GGGATAAGATCGGCAGTATC,0,993805
ecnBp,0.5,1,1,GGGAGTATCGGTAGTTCTCA,0,992468
ecnBp,0.5,1,1,GGGAGGTTGTATGTGACTGG,0,1005303
ecnBp,0.5,1,1,GGGAGAGCAGAGACGATACG,0,993838
ecnBp,0.5,1,1,GGGAGACCGAGCGACCATTG,0,1020898
ecnBp,0.5,1,1,GGGACTGAGCCACCGTTATA,0,985378
ecnBp,0.5,1,1,GGGACTCAACGCCTGGATGT,0,975202
ecnBp,0.5,1,1,GGGACAGGGTGCCCTAGAGG,0,999588
ecnBp,0.5,1,1,GGGAACGACCTCATCCAGAT,0,977965
ecnBp,0.5,1,1,GGGAAAGTTTACGAAAGGGA,0,1001720
ecnBp,0.5,1,1,GGCTTCAGTACAGCCACAGC,0,1008591
ecnBp,0.5,1,1,GGCTGTTAACCGCTACACGC,0,974292
ecnBp,0.5,1,1,GGCTCTGCCGTTATAAGAAC,0,974577
ecnBp,0.5,1,1,GGCTCGGTAGACGGGAAAAA,0,1013232
ecnBp,0.5,1,1,GGCTCGCAGGAAATTACCTA,0,1002756
ecnBp,0.5,1,1,GGCTCCTTGTCAAACAAAAG,0,1000313
ecnBp,0.5,1,1,GGCGTTTTCCTTCGGCCAGG,0,1015654
ecnBp,0.5,1,1,GGCGTATCCGCCGTTGCTCC,0,1009403
ecnBp,0.5,1,1,GGCGGGGTTATTAAGGACCA,0,1020035
ecnBp,0.5,1,1,GGCGGAAGCTGGAGTATATT,0,1000457
ecnBp,0.5,1,1,GGCGAATTCGACCGAGCGCG,0,995275
ecnBp,0.5,1,1,GGCGAAAGGAGCTGTACTGG,0,991352
ecnBp,0.5,1,1,GGCCGGGTTTATATGGACTT,0,1010668
ecnBp,0.5,1,1,GGCCGCGGGAAACTGCTGCG,0,983380
ecnBp,0.5,1,1,GGCCGAAGCCTCTATAGGGG,0,989793
ecnBp,0.5,1,1,GGCCCTTCGCGCGCCCGACT,0,1004997
ecnBp,0.5,1,1,GGCCCATTGCGATCCGTATA,0,996395
ecnBp,0.5,1,1,GGCCAGTAGATGTCGGGATT,0,1020239
ecnBp,0.5,1,1,GGCCAGGAAGAGGCGGCCAC,0,1007626
ecnBp,0.5,1,1,GGCCACGTGTCCCGAGCGAC,0,996851
ecnBp,0.5,1,1,GGCCACGAGGCTCTTTAAGC,0,981659
ecnBp,0.5,1,1,GGCATTGTGGAAAGTGAATA,0,1006620
ecnBp,0.5,1,1,GGCATCAGGCAACGATGGTT,0,1002059
ecnBp,0.5,1,1,GGCAGTAAGTATGCACACCA,0,996552
ecnBp,0.5,1,1,GGCAGCGACGTAGGAACGGA,0,972819
ecnBp,0.5,1,1,GGCACTTTAGCTTTAACTAT,0,1025766
ecnBp,0.5,1,1,GGCACTGACAAACCTTACCA,0,991638
ecnBp,0.5,1,1,GGCAAGCGCGGGTTTGACCA,0,984498
ecnBp,0.5,1,1,GGCAACCTCGCGGGGTAAAA,0,992620
ecnBp,0.5,1,1,GGCAAATATCACTAGGGTCC,0,972977
ecnBp,0.5,1,1,GGATTCTGGCGGTAGAAAAT,0,1016538
ecnBp,0.5,1,1,GGATTATACAGGGTCGGATG,0,981379
ecnBp,0.5,1,1,GGAGTTGTTTTTGAGTTAGG,0,1008099
ecnBp,0.5,1,1,GGAGTTAAAGAGGGACGGGT,0,1002456
ecnBp,0.5,1,1,GGAGTCCGCTTGATTAAAGG,0,993201
ecnBp,0.5,1,1,GGAGTACCGGTCTTACAACG,0,999507
ecnBp,0.5,1,1,GGAGGGGAATCGTCTTTAAC,0,992447
ecnBp,0.5,1,1,GGAGGCCGCATCAGGGCAGG,0,991419
ecnBp,0.5,1,1,GGAGGAATGACATTTGTGCA,0,1022612
ecnBp,0.5,1,1,GGAGCTCGGATGTTCGTGCG,0,997116
ecnBp,0.5,1,1,GGAGAGAGGGCTTGAGCTGT,0,1023204
ecnBp,0.5,1,1,GGAGAGAGCTTTAGAGCGAT,0,1024756
ecnBp,0.5,1,1,GGACTTATTATTATCTTTCC,0,974682
ecnBp,0.5,1,1,GGACTCCGTTCAACATTCCC,0,982061
ecnBp,0.5,1,1,GGACTCAAACTCACGTCGCA,0,1002806
ecnBp,0.5,1,1,GGACTACCGCTTCCTCACGT,0,978001
ecnBp,0.5,1,1,GGACGAGTCTCCCCGAATTA,0,980130
ecnBp,0.5,1,1,GGACCTGCCCTCACGTACAG,0,999092
ecnBp,0.5,1,1,GGACCAGCTAATCCGCAAAG,0,1000731
ecnBp,0.5,1,1,GGACCAGAGCGCACTGCCGT,0,985179
ecnBp,0.5,1,1,GGACATTATAGGGATCAGTA,0,993323
ecnBp,0.5,1,1,GGAATATGATGAGTACATTA,0,979898
ecnBp,0.5,1,1,GGAAGGTGACTCGCTGTAAT,0,1020027
ecnBp,0.5,1,1,GGAAGCGGGGTGACTGGACA,0,1005529
ecnBp,0.5,1,1,GGAAGATACGATACATCCGT,0,990049
ecnBp,0.5,1,1,GGAACTGGCAAGCATGACTG,0,982152
ecnBp,0.5,1,1,GGAACGGTGACGATCTCTTT,0,988737
ecnBp,0.5,1,1,GGAAACAGCCTACGGCTAAC,0,1019127
ecnBp,0.5,1,1,GCTTTGGGTAGCGGTACAGA,0,978874
ecnBp,0.5,1,1,GCTTGTGGAGATCACGTAAC,0,986400
ecnBp,0.5,1,1,GCTTCTGGATACGGAGGCAT,0,1026766
ecnBp,0.5,1,1,GCTTCTCTGCAAACGTCTAC,0,1010051
ecnBp,0.5,1,1,GCTTATAGACGTGTCGGTCT,0,979945
ecnBp,0.5,1,1,GCTTAAATTCCTGCTGGAGA,0,997913
ecnBp,0.5,1,1,GCTGTTTTACCGTTCCCCCA,0,974755
ecnBp,0.5,1,1,GCTGTACAGCTATAGAACGA,0,996361
ecnBp,0.5,1,1,GCTGCTGGCCGTACGCAGAC,0,1007220
ecnBp,0.5,1,1,GCTGCATCTACAAACGGTGT,0,1013638
ecnBp,0.5,1,1,GCTGCACCCTTGGCGATGGC,0,979634
ecnBp,0.5,1,1,GCTGAGGTGAGACCTTGCTG,0,1004915
ecnBp,0.5,1,1,GCTGACGGGCTCGGGGCACT,0,988738
ecnBp,0.5,1,1,GCTGACCATCGCCCCCTTGA,0,1024124
ecnBp,0.5,1,1,GCTCTGGACTTTAATATAAG,0,983387
ecnBp,0.5,1,1,GCTCTGCGGAGGCCCGTTAG,0,1025183
ecnBp,0.5,1,1,GCTCTACAGCGTAAGGTCTT,0,1006445
ecnBp,0.5,1,1,GCTCGGTGACTCACTTGCAT,0,1012543
ecnBp,0.5,1,1,GCTCGAAGGAATAAGGAAGT,0,995519
ecnBp,0.5,1,1,GCTCCTCCTGCGTCATTGTG,0,1014759
ecnBp,0.5,1,1,GCTCCGAATACCAAGAAGCC,0,990906
ecnBp,0.5,1,1,GCTCAGTGTCTGCGGAGCCG,0,973997
ecnBp,0.5,1,1,GCTAGTCAACATCGGAACTC,0,990924
ecnBp,0.5,1,1,GCTACTATCCAGTCAGTTCA,0,1025154
ecnBp,0.5,1,1,GCTAAGGTCGGTGTATAGGT,0,1015436
ecnBp,0.5,1,1,GCTAAGCGTTAGTGGTCAGC,0,992852
ecnBp,0.5,1,1,GCGTTTACTATCAGTTAAGC,0,1015379
ecnBp,0.5,1,1,GCGTTGAGACCGAGGCTCGT,0,975520
ecnBp,0.5,1,1,GCGTTCAGTTTAACACAGGG,0,1013968
ecnBp,0.5,1,1,GCGTGTGCCAACCGTTCGGC,0,992929
ecnBp,0.5,1,1,GCGTGATTAGATTCGAATGA,0,997084
ecnBp,0.5,1,1,GCGTCTTTCTAGTCTTTGGG,0,1011813
ecnBp,0.5,1,1,GCGTCGTGCTGAAGGTACGG,0,984236
ecnBp,0.5,1,1,GCGTACAAGCACGTGAAGGG,0,1022379
ecnBp,0.5,1,1,GCGGTTAGTGTTAGTTGCAG,0,1000303
ecnBp,0.5,1,1,GCGGTGCAAAGGGAGAAAAA,0,981119
ecnBp,0.5,1,1,GCGGCCGTGACATCGCGAAA,0,1013078
ecnBp,0.5,1,1,GCGGAGGGATCTCGTGCTGC,0,972153
ecnBp,0.5,1,1,GCGGAATATGCATAGGAAGG,0,1001250
ecnBp,0.5,1,1,GCGGAACTTCAGGTATTACG,0,1000537
ecnBp,0.5,1,1,GCGCTCGGCGCCATTTAATA,0,1019843
ecnBp,0.5,1,1,GCGCTATCGGAAGCTTGGAT,0,1012228
ecnBp,0.5,1,1,GCGCGGTTGTGGCAAGGGTC,0,998080
ecnBp,0.5,1,1,GCGCGGGCCTCGCCCTCAAG,0,1025381
ecnBp,0.5,1,1,GCGCGAGTTGCGTCAGTAAT,0,1012069
ecnBp,0.5,1,1,GCGCGAGTTAGTTAAACGTG,0,982561
ecnBp,0.5,1,1,GCGCCTCGGGATCCCAATCG,0,988369
ecnBp,0.5,1,1,GCGCCCTCCGGACCGCACAC,0,992675
ecnBp,0.5,1,1,GCGCAGTCCCACTTCTATGA,0,998313
ecnBp,0.5,1,1,GCGCAGAACGTCACAGCTAT,0,1013647
ecnBp,0.5,1,1,GCGCAAACGCGCAGTGCATA,0,974444
ecnBp,0.5,1,1,GCGATTGACTGATCGCTTTT,0,1026593
ecnBp,0.5,1,1,GCGAGAGGATGCTTAAAGAC,0,988575
ecnBp,0.5,1,1,GCGACATCTACTACTTCACA,0,978917
ecnBp,0.5,1,1,GCGACATAGGTGATACGGTC,0,999548
ecnBp,0.5,1,1,GCGAAGTTACTCACAAAGGA,0,993889
ecnBp,0.5,1,1,GCGAAGAAGGCGAGCGGTCT,0,991090
ecnBp,0.5,1,1,GCCTTCACACCAGAACCCTG,0,976289
ecnBp,0.5,1,1,GCCTTAGGAGATGTTATAGG,0,1004659
ecnBp,0.5,1,1,GCCTGTATTGGAAGACGCGG,0,1010381
ecnBp,0.5,1,1,GCCTAAGACGTTCTCCTCGA,0,983573
ecnBp,0.5,1,1,GCCGTCCGCACCATGTGCAT,0,974748
ecnBp,0.5,1,1,GCCGTATCTTTCGGCACCAA,0,991059
ecnBp,0.5,1,1,GCCGGTGAGGATGTACATAT,0,991245
ecnBp,0.5,1,1,GCCGGCTATTGTGATCTCCG,0,1005791
ecnBp,0.5,1,1,GCCGCTGGTAGCCGGAGGAT,0,1014426
ecnBp,0.5,1,1,GCCGAGAGCCTTGGAGCATG,0,1006081
ecnBp,0.5,1,1,GCCCCGAAATTTCAAAGTGA,0,972217
ecnBp,0.5,1,1,GCCCCGAAAAATGCCCAGGT,0,978268
ecnBp,0.5,1,1,GCCCATCCGCAATTTTCACA,0,1014736
ecnBp,0.5,1,1,GCCCAGAAAGTCTTGATTCC,0,995422
ecnBp,0.5,1,1,GCCCAATATCTTAGCAAGGT,0,1010623
ecnBp,0.5,1,1,GCCCAAGACCATGCCTGCGG,0,984745
ecnBp,0.5,1,1,GCCATTGAATGGTGACAGGA,0,979733
ecnBp,0.5,1,1,GCCAGTGATGAATCCGATGT,0,984257
ecnBp,0.5,1,1,GCCAGTGAAGATGCTCCCTA,0,1009054
ecnBp,0.5,1,1,GCCAGCACGGAGGTCCTCCA,0,995470
ecnBp,0.5,1,1,GCCAGAAGCACTGTGAGCCA,0,1001391
ecnBp,0.5,1,1,GCCACAGAAGTGAGCCCTTG,0,994078
ecnBp,0.5,1,1,GCCACAACTTCAGCGTCGGT,0,973517
ecnBp,0.5,1,1,GCCAATAAATCATACTGCTT,0,994302
ecnBp,0.5,1,1,GCCAACCAGGGCATTGGGAA,0,1025708
ecnBp,0.5,1,1,GCATTCAATTCTTGGGCAAA,0,1018575
ecnBp,0.5,1,1,GCATGCATAACAATAGTCTG,0,1008194
ecnBp,0.5,1,1,GCATCGCAGAGCAGGTCCCA,0,1026018
ecnBp,0.5,1,1,GCATCCTAATCAAGCAGCCT,0,992593
ecnBp,0.5,1,1,GCATCAGCCACCCGCTGGCT,0,981990
ecnBp,0.5,1,1,GCATCAATACAGGAAATAAC,0,1026001
ecnBp,0.5,1,1,GCATATATAAATTTCCATCA,0,1005392
ecnBp,0.5,1,1,GCAGCGGTTACGACGGTGAG,0,1026943
ecnBp,0.5,1,1,GCACTTGCGCTCCGGGATTC,0,1026325
ecnBp,0.5,1,1,GCACTTAAGCTTATCGTAGT,0,979209
ecnBp,0.5,1,1,GCACTGACACGGCTTAAGGT,0,984545
ecnBp,0.5,1,1,GCACTAGCGACCGAACAGTC,0,984234
ecnBp,0.5,1,1,GCACGGGGGTAATCGGCGCG,0,1010903
ecnBp,0.5,1,1,GCACAGTTGCGCTTGGTATT,0,985864
ecnBp,0.5,1,1,GCACACGTGTGGAATCAGAC,0,1021316
ecnBp,0.5,1,1,GCAATACCCCATTGTTCTTA,0,1021367
ecnBp,0.5,1,1,GCAATAATCAGTGTTGGTTT,0,1025237
ecnBp,0.5,1,1,GCAAGTGGCTAGGGGGTCCA,0,992284
ecnBp,0.5,1,1,GCAAAGGGGCATCTTAATAG,0,973540
ecnBp,0.5,1,1,GCAAAGAGTCTGGACCTTGG,0,1013169
ecnBp,0.5,1,1,GCAAACGCCGTATGGTACGA,0,1000989
ecnBp,0.5,1,1,GATTTGTTGAAATAGTGCCT,0,1010439
ecnBp,0.5,1,1,GATTTGAAAGTCGGGTGCCA,0,977356
ecnBp,0.5,1,1,GATTTCTATCCGCACGAATA,0,1004414
ecnBp,0.5,1,1,GATTTCATAGGTCAGCGATC,0,976968
ecnBp,0.5,1,1,GATTGTATGCATGCTACGCA,0,988682
ecnBp,0.5,1,1,GATTCTCGGTGGATAATTAA,0,1014851
ecnBp,0.5,1,1,GATTCCACCAAACCGTCTTC,0,999637
ecnBp,0.5,1,1,GATTCACCGCCAGCAAAAAT,0,989585
ecnBp,0.5,1,1,GATTAGTGTATGTTTGCTGG,0,1020434
ecnBp,0.5,1,1,GATTACTTTTTATGTTACGA,0,979316
ecnBp,0.5,1,1,GATTAAGCCCTCTTAATACA,0,1019566
ecnBp,0.5,1,1,GATGTTGCGGTTCATTTGAA,0,978261
ecnBp,0.5,1,1,GATGTTCCAATTGATGAACC,0,982906
ecnBp,0.5,1,1,GATGTGGGAACATAAGATCT,0,1001465
ecnBp,0.5,1,1,GATGTGATCCACTTAGGCCA,0,995474
ecnBp,0.5,1,1,GATGTATACTGGCTTTAACT,0,1007364
ecnBp,0.5,1,1,GATGCGCTCCATGGTGTTTA,0,1002824
ecnBp,0.5,1,1,GATGCGAAGCGCACGCACTT,0,994188
ecnBp,0.5,1,1,GATGCCGGGGCCTTTACTAT,0,1008051
ecnBp,0.5,1,1,GATGCACGTTAGCCTAGATC,0,992068
ecnBp,0.5,1,1,GATGAGTTACTTCCCCGCTT,0,996655
ecnBp,0.5,1,1,GATGAGCGGGGTCCATCAAT,0,997972
ecnBp,0.5,1,1,GATGAGCCCTAGCGCGGAGG,0,991312
ecnBp,0.5,1,1,GATGAGAGCGCCCTCTATGT,0,992859
ecnBp,0.5,1,1,GATCTGACTTCGGAGCAGTG,0,1012521
ecnBp,0.5,1,1,GATCTCGAGCGTTTGAGCTT,0,1014407
ecnBp,0.5,1,1,GATCTAAAGGAATCACGATC,0,988255
ecnBp,0.5,1,1,GATCGGCCAAAAGATTCCGG,0,988297
ecnBp,0.5,1,1,GATCGAGTCCATCCTTGTCA,0,977076
ecnBp,0.5,1,1,GATCCTCCCAGCTCAGCAGA,0,1018213
ecnBp,0.5,1,1,GATCCGCATTGGGGTATGAC,0,1013986
ecnBp,0.5,1,1,GATCCCGTTGTATTTCGATC,0,982595
ecnBp,0.5,1,1,GATCATCTGAGACCGGCATT,0,1021431
ecnBp,0.5,1,1,GATATTTCGGGCACCGACAG,0,976763
ecnBp,0.5,1,1,GATATGACGACGCTGATATA,0,997831
ecnBp,0.5,1,1,GATAGTCAACGGGATACAGG,0,1019321
ecnBp,0.5,1,1,GATACTACGGAACGCCTAGT,0,995455
ecnBp,0.5,1,1,GAGTTCGATTAGCAGCTTTT,0,993197
ecnBp,0.5,1,1,GAGTGTAATGTGGGCTGTGT,0,995609
ecnBp,0.5,1,1,GAGTCCGTTAGTTCATTAAT,0,982856
ecnBp,0.5,1,1,GAGTAGGTGCGTGGCGTCCG,0,1001025
ecnBp,0.5,1,1,GAGTAGGAATTGGAAAACCA,0,998522
ecnBp,0.5,1,1,GAGGTCGCCGACAGTGACCT,0,988856
ecnBp,0.5,1,1,GAGGTCATTAAAGACGAGGA,0,1020711
ecnBp,0.5,1,1,GAGGTAGGCGAACACTGTCA,0,998492
ecnBp,0.5,1,1,GAGGTAGATAGACTCTATAG,0,976567
ecnBp,0.5,1,1,GAGGTAATCCCTGCTGAGAT,0,985725
ecnBp,0.5,1,1,GAGGGTCTGCCACTCAATCA,0,991032
ecnBp,0.5,1,1,GAGGGGCAAAATGCTTTTGG,0,1021585
ecnBp,0.5,1,1,GAGGGCGTATGCCCGTACGT,0,985305
ecnBp,0.5,1,1,GAGGGAGTGTTCCCCGTGTT,0,978663
ecnBp,0.5,1,1,GAGGGAAGTCGATTTAGAGG,0,976776
ecnBp,0.5,1,1,GAGGGAAATTCGCGATTGGT,0,977378
ecnBp,0.5,1,1,GAGGCGCAGATCGTTCCGGT,0,1014742
ecnBp,0.5,1,1,GAGGCCTCTGGTGATGAACC,0,1019501
ecnBp,0.5,1,1,GAGGCAGTTCCGCTGGCTCG,0,990783
ecnBp,0.5,1,1,GAGGATTTCCCTACATCTCG,0,1018322
ecnBp,0.5,1,1,GAGGAGTTCGGACGGTAGTA,0,1024174
ecnBp,0.5,1,1,GAGGACGTGGGCTAAACATC,0,1005994
ecnBp,0.5,1,1,GAGGAACCACTTAATGGATG,0,995242
ecnBp,0.5,1,1,GAGCTCCTTTTCCCCGACGA,0,1023797
ecnBp,0.5,1,1,GAGCGAGTAGGCGGAGGGGA,0,1022942
ecnBp,0.5,1,1,GAGCCTAAGGGCGCCGGCCT,0,994959
ecnBp,0.5,1,1,GAGCATGTACTACATTGTTA,0,997369
ecnBp,0.5,1,1,GAGCATAAGTTTGCGAGAGG,0,1024849
ecnBp,0.5,1,1,GAGCAGTAGATTGGCGAGAC,0,1000765
ecnBp,0.5,1,1,GAGCAAGCGTAACGTTTCTG,0,1024669
ecnBp,0.5,1,1,GAGCAACGTTGTCACCAGCC,0,1015472
ecnBp,0.5,1,1,GAGATTCCGCTGCGAACTTG,0,1010208
ecnBp,0.5,1,1,GAGATCCCCAACGCGTTGAA,0,978666
ecnBp,0.5,1,1,GAGATATACGGTCAGCCGCC,0,979204
ecnBp,0.5,1,1,GAGATAGGTTCGATTTATAC,0,991031
ecnBp,0.5,1,1,GAGAGGTGTGCCTACAAGAG,0,986719
ecnBp,0.5,1,1,GAGAGGATGCCCCCCGTAAA,0,1019070
ecnBp,0.5,1,1,GAGAGCCTTCTGGGATCATT,0,977623
ecnBp,0.5,1,1,GAGAGCCAGCCAGTTATAGA,0,1024387
ecnBp,0.5,1,1,GAGAGACACTATTGCTGCAG,0,1012591
ecnBp,0.5,1,1,GAGACAATCAGGACATAAGA,0,1008681
ecnBp,0.5,1,1,GAGAATAGGAACCCTAGATC,0,1003518
ecnBp,0.5,1,1,GAGAAAACTGTGATCCTGGT,0,1009960
ecnBp,0.5,1,1,GACTTATCTGCACCTGGCCC,0,1016764
ecnBp,0.5,1,1,GACTGTGTTCTGATTCAACA,0,1006796
ecnBp,0.5,1,1,GACTGAAATAGATTTGTCTT,0,1016504
ecnBp,0.5,1,1,GACTCGTGTTGGAGTGAGTG,0,978616
ecnBp,0.5,1,1,GACTCGGGGTATTTTTGATA,0,995050
ecnBp,0.5,1,1,GACTAGACCAGTAGGTGTTG,0,975135
ecnBp,0.5,1,1,GACTAAGTCCTGCGGTGTGT,0,984955
ecnBp,0.5,1,1,GACGGCTGAGGGTGGATTAT,0,994902
ecnBp,0.5,1,1,GACGCGTAGATAGCTAGACT,0,990867
ecnBp,0.5,1,1,GACGCATAACGCTGAAGAGT,0,984883
ecnBp,0.5,1,1,GACCTAGGTGTAGTAGCAAT,0,1026961
ecnBp,0.5,1,1,GACCGTGGTTATCCGATTTT,0,1008531
ecnBp,0.5,1,1,GACCGAGCTCGGCGGCTGGA,0,986874
ecnBp,0.5,1,1,GACCGAACGCCTTGACCGGA,0,1003427
ecnBp,0.5,1,1,GACCCTCACCGTTTCAACAG,0,973227
ecnBp,0.5,1,1,GACCCGCGACCGGTGCAATT,0,990077
ecnBp,0.5,1,1,GACCATGTGAAAGCCTTCAG,0,1012756
ecnBp,0.5,1,1,GACATTTCTCTCTATCCGAG,0,985746
ecnBp,0.5,1,1,GACATTCTTCGGAATCGAGC,0,988736
ecnBp,0.5,1,1,GACACGGGCACCAGTGATCG,0,985876
ecnBp,0.5,1,1,GACACCGTGATTATCATCTG,0,1011293
ecnBp,0.5,1,1,GACAACTGTGGTATAATTCT,0,979929
ecnBp,0.5,1,1,GAATTTTGTAAGAGCTCTCG,0,992672
ecnBp,0.5,1,1,GAATTTGTATATTTAAATCA,0,1010627
ecnBp,0.5,1,1,GAATGGGACCAAGCTTATCA,0,972765
ecnBp,0.5,1,1,GAATCGGACCATTAAATCTA,0,975955
ecnBp,0.5,1,1,GAATCAATTAACCTAACGAC,0,979775
ecnBp,0.5,1,1,GAATAGATCGGACTCCTGCT,0,1025407
ecnBp,0.5,1,1,GAAGTTTCTTGCCAAGATAA,0,984921
ecnBp,0.5,1,1,GAAGTGTGATTCAGTCTCTT,0,1024698
ecnBp,0.5,1,1,GAAGTGTGACCTGCCTCCCC,0,1005715
ecnBp,0.5,1,1,GAAGTGGATTGCACTGGGGT,0,1013497
ecnBp,0.5,1,1,GAAGTATGTTTTGGTCGCCG,0,976510
ecnBp,0.5,1,1,GAAGGGTGGCTTATGTCGTA,0,1020817
ecnBp,0.5,1,1,GAAGAGGATATCATTAACTA,0,978753
ecnBp,0.5,1,1,GAACGCGGATATTACGAGCC,0,1012608
ecnBp,0.5,1,1,GAACCGTCGTCCTTAGACCA,0,1007665
ecnBp,0.5,1,1,GAACCCAGCCAGGGTAGGAA,0,973649
ecnBp,0.5,1,1,GAACCATGACAGATGCGAAT,0,1011419
ecnBp,0.5,1,1,GAAATTCTAAGTAGGGCTAA,0,998058
ecnBp,0.5,1,1,GAAATAAGGCAATGGTGCCA,0,1015198
ecnBp,0.5,1,1,GAAAGTTTATAACGCTTGCT,0,1018960
ecnBp,0.5,1,1,GAAAGCGAAGGGTTAGCTGT,0,975148
ecnBp,0.5,1,1,GAAACTAATCACTTCAGGCG,0,993765
ecnBp,0.5,1,1,GAAACGCCGAGGGGCCGCAG,0,978133
ecnBp,0.5,1,1,GAAACAAGACTGAACACCCA,0,1005220
ecnBp,0.5,1,1,GAAAAGTTTTATATTGGAAA,0,1022990
ecnBp,0.5,1,1,GAAAACGAAACGTGCCTTTG,0,994068
ecnBp,0.5,1,1,CTTTTCGCTTATTGAGTAGT,0,1009388
ecnBp,0.5,1,1,CTTTGTGCCCGGTGGCCGGC,0,994002
ecnBp,0.5,1,1,CTTTGGCCCACACCCACCGG,0,1012458
ecnBp,0.5,1,1,CTTTGCATTAAGGTTCCTGG,0,997042
ecnBp,0.5,1,1,CTTTCTCAGAGAACCATTAA,0,1009895
ecnBp,0.5,1,1,CTTGGGCTGTGGCCGCAGTT,0,1004984
ecnBp,0.5,1,1,CTTGGGAGCGGTGTGAACTG,0,1021295
ecnBp,0.5,1,1,CTTGCTCACGGGACCTCATA,0,981495
ecnBp,0.5,1,1,CTTGCGATTTTCTGTGGAAC,0,1021611
ecnBp,0.5,1,1,CTTGCACGGAATCGCAGACG,0,995997
ecnBp,0.5,1,1,CTTGAGCAGGAGGATTGACT,0,1002317
ecnBp,0.5,1,1,CTTGAGAACGAAGCAACTCA,0,1016197
ecnBp,0.5,1,1,CTTGAACTTGACTTTAACAG,0,974107
ecnBp,0.5,1,1,CTTCTGCGCTACGGTCAGGT,0,1023068
ecnBp,0.5,1,1,CTTCTCGTTGTGCCCTGAAT,0,1024045
ecnBp,0.5,1,1,CTTCGGCAGCGTGGGTCAAT,0,987477
ecnBp,0.5,1,1,CTTCGCGTGAATAATGGTCG,0,1010904
ecnBp,0.5,1,1,CTTCCGTTTAAAGGTTTGAA,0,1007060
ecnBp,0.5,1,1,CTTCCAATTATTCGGTCTCT,0,988983
ecnBp,0.5,1,1,CTTCATCAGGCGCATCTGAA,0,973674
ecnBp,0.5,1,1,CTTCAGCCCGTTTTTGGATC,0,1022387
ecnBp,0.5,1,1,CTTCACTGGATCCGCAACGT,0,1007472
ecnBp,0.5,1,1,CTTATGCGGTCCATACTGTG,0,1004976
ecnBp,0.5,1,1,CTTATCTAGACCCCCACGGT,0,1017432
ecnBp,0.5,1,1,CTTACGGGTTAGATCAACCT,0,1011365
ecnBp,0.5,1,1,CTTACGCCCAGGCCCGAAAC,0,972076
ecnBp,0.5,1,1,CTTAATCGCGCCGTATTGAA,0,1022003
ecnBp,0.5,1,1,CTTAACTCCGCACCTCTAGT,0,1024559
ecnBp,0.5,1,1,CTTAAAAGGGTATTTAAGAA,0,1026710
ecnBp,0.5,1,1,CTGTTATTAAAATAGTACCA,0,993043
ecnBp,0.5,1,1,CTGTGGGGCCTACCCCGAGG,0,991957
ecnBp,0.5,1,1,CTGTGGGAGCTTTCAAGGCT,0,1023160
ecnBp,0.5,1,1,CTGTGCGATTCGCATAAGCC,0,995257
ecnBp,0.5,1,1,CTGTCGGAAGTAGGGATTTT,0,998971
ecnBp,0.5,1,1,CTGTCATCTAAAAACTGTTA,0,982455
ecnBp,0.5,1,1,CTGTCACCGAGATATCGTCA,0,1016994
ecnBp,0.5,1,1,CTGTAGGGCATCGTGTTTAT,0,1027455
ecnBp,0.5,1,1,CTGGTGGTTCGCGGACAGTA,0,983708
ecnBp,0.5,1,1,CTGGGGTCTGAGCAAATGTA,0,994876
ecnBp,0.5,1,1,CTGGGACGAAATTTATAGTC,0,1013473
ecnBp,0.5,1,1,CTGGCTGGGCTAGTAAGCAC,0,982328
ecnBp,0.5,1,1,CTGGAAATTAAGGTCCTCTG,0,977139
ecnBp,0.5,1,1,CTGGAAAAGTTAGTGGGTCT,0,1018696
ecnBp,0.5,1,1,CTGCTCTGACGGTCGGGCTT,0,980511
ecnBp,0.5,1,1,CTGCGTCATATAAGGTGCGA,0,991601
ecnBp,0.5,1,1,CTGCGCCTGATCTGTTATAA,0,988111
ecnBp,0.5,1,1,CTGCCCAGGGCAAATCAATA,0,1010082
ecnBp,0.5,1,1,CTGCCATTTTTATACTGATC,0,1009852
ecnBp,0.5,1,1,CTGCCATTTCCATGCCGAGA,0,1025972
ecnBp,0.5,1,1,CTGCACGCTCACTCGCGATG,0,1001865
ecnBp,0.5,1,1,CTGCACCGGACGTAAACTGG,0,992099
ecnBp,0.5,1,1,CTGATTGCATATTCTAGAAC,0,992737
ecnBp,0.5,1,1,CTGATGGGTGAGAAGGGCCA,0,1008898
ecnBp,0.5,1,1,CTGATATCCTCCGTCTCCCC,0,998398
ecnBp,0.5,1,1,CTGAGTGGATAGCGGTAGTA,0,989124
ecnBp,0.5,1,1,CTGAGCACGTAGCATCTTAT,0,1019899
ecnBp,0.5,1,1,CTGACTTTCAATTCGCATTG,0,1001971
ecnBp,0.5,1,1,CTGAATGTAGCCTAGGCTGT,0,1027953
ecnBp,0.5,1,1,CTCTTCGCAGGCCGCTCAAT,0,1012998
ecnBp,0.5,1,1,CTCTGGTAACTTTATCGGGG,0,976287
ecnBp,0.5,1,1,CTCTCCGTCTGATTCCTGAC,0,980424
ecnBp,0.5,1,1,CTCTATTCGCAAATGTGGGA,0,998933
ecnBp,0.5,1,1,CTCTATGTACATTAGATCGG,0,980565
ecnBp,0.5,1,1,CTCGTTTCAAGTAAACGGAT,0,993367
ecnBp,0.5,1,1,CTCGTTCAATACTGGCCGAA,0,999495
ecnBp,0.5,1,1,CTCGTACCGTACACATTCGC,0,993335
ecnBp,0.5,1,1,CTCGTAAGGACAGCTACGTC,0,995649
ecnBp,0.5,1,1,CTCGGCTCAGCGAACTATCG,0,1004629
ecnBp,0.5,1,1,CTCGCACTAGGCGCTACCCT,0,980557
ecnBp,0.5,1,1,CTCGCACGAAAGTTTGAGTT,0,982912
ecnBp,0.5,1,1,CTCGAACGGCCCACGCACTT,0,1001027
ecnBp,0.5,1,1,CTCCTCCCGAAAAGACAGTA,0,996405
ecnBp,0.5,1,1,CTCCCTCCAATGGCGCCACA,0,1009413
ecnBp,0.5,1,1,CTCCCGGACATCAATATTTT,0,1002465
ecnBp,0.5,1,1,CTCCACCCCGAAATCTCGGA,0,983956
ecnBp,0.5,1,1,CTCAGTGTTTGAAAGGCCCC,0,1014449
ecnBp,0.5,1,1,CTCAGGAATTTGGTTGAAGG,0,979405
ecnBp,0.5,1,1,CTCAGCGGTGGCAAAAGTTG,0,991316
ecnBp,0.5,1,1,CTCAACATGCATTAAAAATA,0,999341
ecnBp,0.5,1,1,CTATTTTGCAAACAAGGGGC,0,987118
ecnBp,0.5,1,1,CTATTCGCGAAATCCGTAAG,0,1004019
ecnBp,0.5,1,1,CTATTAATATCTGGCTCAGT,0,979440
ecnBp,0.5,1,1,CTATGCCCGAAAATGGGAAT,0,1005597
ecnBp,0.5,1,1,CTATCGTTGACTCCCGTTCT,0,994632
ecnBp,0.5,1,1,CTATCGTAGTTAGTTGACGC,0,979941
ecnBp,0.5,1,1,CTATCCCTTATTATAGGATG,0,1007822
ecnBp,0.5,1,1,CTAGGTTTTGCCAAGTATGC,0,986371
ecnBp,0.5,1,1,CTAGGGGACGGATCGGCATC,0,1011011
ecnBp,0.5,1,1,CTAGGCCAGGTATTTAGATC,0,994175
ecnBp,0.5,1,1,CTAGGCATAAGCCTACTTTG,0,996490
ecnBp,0.5,1,1,CTAGCGCGTTGTCCATATAA,0,990715
ecnBp,0.5,1,1,CTAGAGGTCTCACGCTATTG,0,977879
ecnBp,0.5,1,1,CTAGAGGGAATGAGTAAGTC,0,1024736
ecnBp,0.5,1,1,CTAGAGCATCGGCCAGAAAA,0,985762
ecnBp,0.5,1,1,CTACTGGTATAAATTCTGGT,0,984356
ecnBp,0.5,1,1,CTACCTTACGGTTCGGTCGT,0,974887
ecnBp,0.5,1,1,CTACCTCTCGAATGCATACG,0,1012074
ecnBp,0.5,1,1,CTACCTCCTCAGTGAGGCTG,0,984050
ecnBp,0.5,1,1,CTACATCATGTCCAACAAAG,0,975477
ecnBp,0.5,1,1,CTACATAACACGTCGGGCGA,0,997976
ecnBp,0.5,1,1,CTACACTGCCACACGGGTGT,0,1004890
ecnBp,0.5,1,1,CTAATTTGTTTCAACCAAAG,0,990873
ecnBp,0.5,1,1,CTAACACGTGTGTATATGGT,0,1003971
ecnBp,0.5,1,1,CTAAATCCTGCCGATTTATG,0,1019633
ecnBp,0.5,1,1,CTAAAGCTAACTCAACACTG,0,1002554
ecnBp,0.5,1,1,CGTTTTTATCTTTGGTAGAA,0,1005088
ecnBp,0.5,1,1,CGTTTGGGTCACAGGCGACT,0,1022522
ecnBp,0.5,1,1,CGTTTATTGCCATCAGGCGG,0,1024800
ecnBp,0.5,1,1,CGTTGTTCAGAGGGTACAAA,0,997205
ecnBp,0.5,1,1,CGTTGTGCCGCAATGGCTTG,0,1010401
ecnBp,0.5,1,1,CGTTGGTGCGTCCGTACGTC,0,1001848
ecnBp,0.5,1,1,CGTTGCGGGCGGACATCGAT,0,993327
ecnBp,0.5,1,1,CGTTGCGGACCCAGTCGGAG,0,996632
ecnBp,0.5,1,1,CGTTGCCTGTACTAAGGTCT,0,1000718
ecnBp,0.5,1,1,CGTTGCAGGGCACAGTGGGA,0,982814
ecnBp,0.5,1,1,CGTTCTAACGAATGCAGCAT,0,989251
ecnBp,0.5,1,1,CGTTCGTCATCTCGGACATG,0,984885
ecnBp,0.5,1,1,CGTTCGGGTATACACTCCTG,0,1013359
ecnBp,0.5,1,1,CGTTATTGTCTGATCATTGT,0,1021458
ecnBp,0.5,1,1,CGTGTCCCCGAGAGAGCCCA,0,1025588
ecnBp,0.5,1,1,CGTGGTCAACCATATCCGCC,0,1017767
ecnBp,0.5,1,1,CGTGGCGCGGGCTCATACAC,0,987771
ecnBp,0.5,1,1,CGTGGACGGCATTAACCTGA,0,981088
ecnBp,0.5,1,1,CGTGCGCTTATACAAATGGG,0,994462
ecnBp,0.5,1,1,CGTGCCCAAGTCGCTTGATG,0,1024951
ecnBp,0.5,1,1,CGTCTAGTTCAGGCAAGGAT,0,996695
ecnBp,0.5,1,1,CGTCCGCTACGAACGCACGT,0,979797
ecnBp,0.5,1,1,CGTCCAGTGCGCACACACTA,0,974951
ecnBp,0.5,1,1,CGTCAACCCAACCACACTGT,0,1022369
ecnBp,0.5,1,1,CGTATCAGCCACGAGCGGGA,0,1018068
ecnBp,0.5,1,1,CGTAGGTGTCATACATCAGG,0,972725
ecnBp,0.5,1,1,CGTAGGGTAAAGAAACAGGG,0,992964
ecnBp,0.5,1,1,CGTAGGGCCGTTAAGGTACA,0,972440
ecnBp,0.5,1,1,CGTAGCAACAAGATCCCTAT,0,987992
ecnBp,0.5,1,1,CGTACGAGAAAGTGTCATCA,0,990091
ecnBp,0.5,1,1,CGTAACGAGGTCTGCACTGT,0,981587
ecnBp,0.5,1,1,CGTAAACTGTGGAACCTTTT,0,1010205
ecnBp,0.5,1,1,CGGTTGCTAGGTTCCCGCGC,0,986614
ecnBp,0.5,1,1,CGGTTGCGGCTCTTCAGTCA,0,1014884
ecnBp,0.5,1,1,CGGTTCTCAGCAAATACAAC,0,1007566
ecnBp,0.5,1,1,CGGTTCGCTGGTTAAAAGGG,0,998779
ecnBp,0.5,1,1,CGGTGGCGACTCTCCCGACA,0,1019561
ecnBp,0.5,1,1,CGGTAGGCATAGCACTGCCA,0,982461
ecnBp,0.5,1,1,CGGGTTTACATAACCTAAAT,0,1017844
ecnBp,0.5,1,1,CGGGTGCGCTCGCTACGTTT,0,1016401
ecnBp,0.5,1,1,CGGGGAGGCTCTTACTCTCT,0,984122
ecnBp,0.5,1,1,CGGGCTGTGACCGCGCGGGA,0,983552
ecnBp,0.5,1,1,CGGGCTGCGTGGCGTCCCCC,0,1017078
ecnBp,0.5,1,1,CGGGCTAATATATCACACGG,0,979315
ecnBp,0.5,1,1,CGGGCAGGCACAATAGCGGG,0,972438
ecnBp,0.5,1,1,CGGGACTGACGGTTAGCCCT,0,983508
ecnBp,0.5,1,1,CGGCTTCTATAATGTGCATA,0,983839
ecnBp,0.5,1,1,CGGCTCGAAGGACAAGCACT,0,978174
ecnBp,0.5,1,1,CGGCTATTGTAGTGCCCCAC,0,1017734
ecnBp,0.5,1,1,CGGCTAAGGTAGTTTGAACT,0,1020455
ecnBp,0.5,1,1,CGGCGTACTGGTGAAGCGGA,0,994275
ecnBp,0.5,1,1,CGGCGCTTGAAGGACTGGGT,0,1024394
ecnBp,0.5,1,1,CGGCCGGTACCTCACCTTGG,0,1009867
ecnBp,0.5,1,1,CGGCCCTGTTGGTGGGGGCA,0,1002162
ecnBp,0.5,1,1,CGGCCAATTCCATCAGACTT,0,1021262
ecnBp,0.5,1,1,CGGCATTCCTGCCTAATGCA,0,1005601
ecnBp,0.5,1,1,CGGCAGTCAAGCGAGGGGCT,0,980802
ecnBp,0.5,1,1,CGGCAATAGTCGTCCCTGCA,0,986102
ecnBp,0.5,1,1,CGGCAAGATGGAGATCGGCT,0,1020159
ecnBp,0.5,1,1,CGGATGTCCGACGTTCGTTT,0,977639
ecnBp,0.5,1,1,CGGATGGTAATCGAATCGCA,0,1023861
ecnBp,0.5,1,1,CGGAGTACCATCATGCGAGC,0,1006308
ecnBp,0.5,1,1,CGGAACGCAGTAGGCTGTCC,0,974572
ecnBp,0.5,1,1,CGGAACAGCACTTGTCCACG,0,993464
ecnBp,0.5,1,1,CGCTTTTGTGTCTCTCATTG,0,1026512
ecnBp,0.5,1,1,CGCTTTCATCATCCGTCGGA,0,1015946
ecnBp,0.5,1,1,CGCTTCTGTCTGTGGATGGG,0,987222
ecnBp,0.5,1,1,CGCTGCGGTGCGCTTTCTAA,0,992622
ecnBp,0.5,1,1,CGCTGACATGCGTATACGGG,0,1004088
ecnBp,0.5,1,1,CGCTCTCCCCTGCTAGGTGA,0,1006068
ecnBp,0.5,1,1,CGCTAGAACTGGATTTTAGG,0,1013194
ecnBp,0.5,1,1,CGCTACTAACAGTGTTGGAG,0,1002334
ecnBp,0.5,1,1,CGCGTGATCGCAGGTTTGGT,0,1024817
ecnBp,0.5,1,1,CGCGCCCAGCTGAATTTTAG,0,1006734
ecnBp,0.5,1,1,CGCGAGTTCAGTATAAGCCC,0,1003892
ecnBp,0.5,1,1,CGCGAAGCATGAACTCAATT,0,1009128
ecnBp,0.5,1,1,CGCCTTTACACATAGGTACA,0,1018203
ecnBp,0.5,1,1,CGCCTTGTGGAGGTAGGGTA,0,983717
ecnBp,0.5,1,1,CGCCTTCTCGTATCTTCTCC,0,1004618
ecnBp,0.5,1,1,CGCCGTTTATTATACAGGGA,0,1001790
ecnBp,0.5,1,1,CGCCGGGGGACCGAGTGAGA,0,987023
ecnBp,0.5,1,1,CGCCGGACTCATCTTAAGTT,0,1014545
ecnBp,0.5,1,1,CGCCATCGTACAGTAGCGGC,0,976285
ecnBp,0.5,1,1,CGCATTAACCGGAATAACAT,0,1018111
ecnBp,0.5,1,1,CGCATGCCCAAACCGGTCTA,0,975173
ecnBp,0.5,1,1,CGCATACTTATCTAAAGGCT,0,1003294
ecnBp,0.5,1,1,CGCAGTACCTAACCGTTCAT,0,1024927
ecnBp,0.5,1,1,CGCAGATGAATCTGAGTGGG,0,994146
ecnBp,0.5,1,1,CGCACTAGAAACCACACGTA,0,985225
ecnBp,0.5,1,1,CGCACGCCCCTGGATTGCCA,0,1002075
ecnBp,0.5,1,1,CGCACCAGACCCAGGTGCCA,0,1003369
ecnBp,0.5,1,1,CGCAATCCGCCGAGGCCATG,0,973686
ecnBp,0.5,1,1,CGATTTTCGAACGCGCGAGA,0,997008
ecnBp,0.5,1,1,CGATTTATTCCTGCGGTCAG,0,1009642
ecnBp,0.5,1,1,CGATTCTGGCACTCCTGCAG,0,980274
ecnBp,0.5,1,1,CGATTAGATCCCGGACCCTA,0,1018069
ecnBp,0.5,1,1,CGATGTCTATTTAACCCTGA,0,990243
ecnBp,0.5,1,1,CGATGCGAGTGCTACCCGCA,0,1006161
ecnBp,0.5,1,1,CGATCGTTCCACTGTGCATT,0,989994
ecnBp,0.5,1,1,CGATCGTGGGGTGTAAGACG,0,998416
ecnBp,0.5,1,1,CGATCCCGTGTCGCTTAAGC,0,980302
ecnBp,0.5,1,1,CGATATGTCGAAGAGCTCAC,0,1027519
ecnBp,0.5,1,1,CGATATCTTTGAATTAAGAC,0,1021820
ecnBp,0.5,1,1,CGATACTACGTGCCGCGGAA,0,995192
ecnBp,0.5,1,1,CGAGTCTGATATGTCTGGCG,0,1011199
ecnBp,0.5,1,1,CGAGGTTATCGTAAATCTAT,0,1004354
ecnBp,0.5,1,1,CGAGGATGAGCCATAAGAAG,0,1019325
ecnBp,0.5,1,1,CGAGCCGAAGTGTAGAGCGA,0,1024801
ecnBp,0.5,1,1,CGAGCAACCTATAATAGTTG,0,982982
ecnBp,0.5,1,1,CGAGATCTGAACACTTAATC,0,997959
ecnBp,0.5,1,1,CGAGAATCGTTATAGTTTCG,0,1023177
ecnBp,0.5,1,1,CGACGTCTCCGTGTAGAGGA,0,1015697
ecnBp,0.5,1,1,CGACCGATAGCCCGTCGTGG,0,995465
ecnBp,0.5,1,1,CGACCAATGCCAAGAATGAA,0,1020959
ecnBp,0.5,1,1,CGACACGAGAAGTTCTTCAG,0,982087
ecnBp,0.5,1,1,CGACAACGTGTATGGCGAGA,0,993121
ecnBp,0.5,1,1,CGAATCGTGCTGTACACACG,0,1000907
ecnBp,0.5,1,1,CGAATCAAGCAATCTTCTTC,0,996797
ecnBp,0.5,1,1,CGAACCGCCGTTAGGCTTCA,0,1021433
ecnBp,0.5,1,1,CGAAACAAGTAATAGGGATA,0,1016997
ecnBp,0.5,1,1,CCTTGTGAAGGTAGCCGGGG,0,1003584
ecnBp,0.5,1,1,CCTTGTAGCATCTGTGTTTC,0,995795
ecnBp,0.5,1,1,CCTTGGTGGTCATTTACTAT,0,1007421
ecnBp,0.5,1,1,CCTTGCGTCCCTTTCTTATC,0,995840
ecnBp,0.5,1,1,CCTTGAGGTTTCGAGAGCAA,0,1000905
ecnBp,0.5,1,1,CCTTATGCATAAAGTCCGAT,0,979408
ecnBp,0.5,1,1,CCTTAGATCGGGGTGGCAAA,0,975511
ecnBp,0.5,1,1,CCTGTCATCGACTCGGTGTT,0,996630
ecnBp,0.5,1,1,CCTGTCATAGCTAGTAGGGT,0,1010618
ecnBp,0.5,1,1,CCTGGGTGGGGTAGGTTCGA,0,1009850
ecnBp,0.5,1,1,CCTGGGACACGCTGCTAGGG,0,989354
ecnBp,0.5,1,1,CCTGCTAGAACCCGTCATAT,0,972761
ecnBp,0.5,1,1,CCTGCCGGCGCGCAACAGAT,0,1024416
ecnBp,0.5,1,1,CCTGACGTGCTTACCCCACG,0,1006067
ecnBp,0.5,1,1,CCTCTACGTTGCTGGCTCTT,0,984581
ecnBp,0.5,1,1,CCTCCTGGATCTCAACCGGG,0,1005028
ecnBp,0.5,1,1,CCTCCCCAAATGACTCGTTA,0,1023681
ecnBp,0.5,1,1,CCTCATGTTAGTAGCACACC,0,990409
ecnBp,0.5,1,1,CCTCACTTCCACCTGAGTTG,0,1011778
ecnBp,0.5,1,1,CCTCAATTTAGCGTGTATAG,0,1014329
ecnBp,0.5,1,1,CCTCAATTGCGTAGCCACCA,0,1016453
ecnBp,0.5,1,1,CCTCAACAATTAAGTGTAAC,0,1014699
ecnBp,0.5,1,1,CCTACGTGACCTACGACAAT,0,1020688
ecnBp,0.5,1,1,CCTACACTACGCTTATGCTA,0,1012632
ecnBp,0.5,1,1,CCTAACTGTGTCACGTGTCC,0,984812
ecnBp,0.5,1,1,CCTAACATTCCGTATAGCGT,0,1000913
ecnBp,0.5,1,1,CCTAAATAAATTTTTAACGT,0,1018988
ecnBp,0.5,1,1,CCGTTTAACAACCTAGGTTA,0,996183
ecnBp,0.5,1,1,CCGTTCTCAGTCTCTAGAGC,0,1016770
ecnBp,0.5,1,1,CCGTTCACGCACCTTGGTAG,0,974397
ecnBp,0.5,1,1,CCGTTAATGCAGGGCACACT,0,1021070
ecnBp,0.5,1,1,CCGTCTGAATACCACATATA,0,1006742
ecnBp,0.5,1,1,CCGTCTATTGGGTGGACACC,0,985447
ecnBp,0.5,1,1,CCGTCATGGGATGACGACTT,0,1014655
ecnBp,0.5,1,1,CCGTACAATGACGCTACCCC,0,1007423
ecnBp,0.5,1,1,CCGGTTATACAAAAACCCGA,0,1017739
ecnBp,0.5,1,1,CCGGTATGGAATGCCCGCTG,0,984047
ecnBp,0.5,1,1,CCGGTAGGTCAAGTTATATC,0,1002191
ecnBp,0.5,1,1,CCGGTACAGGTGCGATATTG,0,998854
ecnBp,0.5,1,1,CCGGGTGAAGGACAATAGGA,0,999996
ecnBp,0.5,1,1,CCGGGCCACCATCGCTACCC,0,985209
ecnBp,0.5,1,1,CCGGGCAGGGCTAGATAATA,0,1010393
ecnBp,0.5,1,1,CCGGCTCTGTCAGTTCCTGG,0,990323
ecnBp,0.5,1,1,CCGGCGAACGGTTGAGAGGA,0,1021190
ecnBp,0.5,1,1,CCGGACTATCTTTGTTTCGA,0,1015321
ecnBp,0.5,1,1,CCGGACTAACTCTGGAACGT,0,1003216
ecnBp,0.5,1,1,CCGGACACCTCTGTATCTAG,0,989029
ecnBp,0.5,1,1,CCGCTTTCATAGTGCGCTGC,0,1000936
ecnBp,0.5,1,1,CCGCTTCTTAGATTCGGATG,0,1015199
ecnBp,0.5,1,1,CCGCGATGGGGCACGGTTAT,0,988702
ecnBp,0.5,1,1,CCGCGAGCGCTTTCGTATGA,0,992233
ecnBp,0.5,1,1,CCGCCGAGAAGTACATGGCC,0,1018263
ecnBp,0.5,1,1,CCGCCGACAGTGAGTGGTCA,0,995319
ecnBp,0.5,1,1,CCGCCGAATTCCGGACTCAG,0,981642
ecnBp,0.5,1,1,CCGCCATCTATACCCTTTAT,0,972442
ecnBp,0.5,1,1,CCGCCAATGCTTTCAGGCGA,0,972359
ecnBp,0.5,1,1,CCGCACTTATGCTCCGGTTC,0,993000
ecnBp,0.5,1,1,CCGCACAGAGCAGAAAGGCA,0,1026008
ecnBp,0.5,1,1,CCGCAAAGGCCCTATTTCCG,0,1012582
ecnBp,0.5,1,1,CCGATACGCTAGCCTTTTCG,0,1018954
ecnBp,0.5,1,1,CCGAGTCGCAAGCTTTAGAT,0,1008343
ecnBp,0.5,1,1,CCGAGGGTATGACTACCGTA,0,1001962
ecnBp,0.5,1,1,CCGAGCGCGGCGTGAGTAGT,0,991616
ecnBp,0.5,1,1,CCGAGATATTGACCAGCTCC,0,989086
ecnBp,0.5,1,1,CCGAATGAAGGTTCTGCATC,0,984776
ecnBp,0.5,1,1,CCCTTTTGGGGCATTAGTAC,0,997720
ecnBp,0.5,1,1,CCCTGGGCTTCAAGCGCGAG,0,1013273
ecnBp,0.5,1,1,CCCTGCTATGATGACTAAAT,0,1004632
ecnBp,0.5,1,1,CCCTCCGTTGCGGTAATACA,0,1015926
ecnBp,0.5,1,1,CCCTATGCCTTAGGGTTCAT,0,1007489
ecnBp,0.5,1,1,CCCTAATCCCATTCAGTTTC,0,1008104
ecnBp,0.5,1,1,CCCGTTGATCTGCTAACCCT,0,1008605
ecnBp,0.5,1,1,CCCGTGTGGTGCGGACTATG,0,988295
ecnBp,0.5,1,1,CCCGTGTAGGAAGACAGGAG,0,996582
ecnBp,0.5,1,1,CCCGTGTAAAGCAACGGGGT,0,1007886
ecnBp,0.5,1,1,CCCGGTCAGTGGCTAGCCAA,0,1027787
ecnBp,0.5,1,1,CCCGGTAGCTTTGCCTACCC,0,1007666
ecnBp,0.5,1,1,CCCGGGGGCGTGGATCCGTC,0,996729
ecnBp,0.5,1,1,CCCGGGCGGCCTACCCGGGT,0,996492
ecnBp,0.5,1,1,CCCGGGAAGCCTAAGACTTC,0,992286
ecnBp,0.5,1,1,CCCGGCTAAGAGATACGAGG,0,1025646
ecnBp,0.5,1,1,CCCGGAGCGGAGGGGTTGCT,0,987175
ecnBp,0.5,1,1,CCCGCCTAATTTAGAGCCGT,0,1016173
ecnBp,0.5,1,1,CCCGATGAGGTACCTGCTGA,0,987349
ecnBp,0.5,1,1,CCCGATACTTGAGTGCATAC,0,992207
ecnBp,0.5,1,1,CCCGAGTAATAGTCTGGGTA,0,1009573
ecnBp,0.5,1,1,CCCGACTAGACGGATTATGA,0,1016635
ecnBp,0.5,1,1,CCCCTTTCAGGATCATGGTT,0,1012584
ecnBp,0.5,1,1,CCCCTTACGGAGGGACTCAC,0,977242
ecnBp,0.5,1,1,CCCCGGAGGTTGTGCCGAGG,0,978606
ecnBp,0.5,1,1,CCCCGCGTGCGTAAACGACT,0,1020410
ecnBp,0.5,1,1,CCCCCTATCGCGTAAATAGT,0,994420
ecnBp,0.5,1,1,CCCATGCACACTCGCGGATG,0,1001475
ecnBp,0.5,1,1,CCCATAGGCCCGTCACTACC,0,1002204
ecnBp,0.5,1,1,CCCAGGAGATGAGGAGCAGC,0,1011812
ecnBp,0.5,1,1,CCCAATTTTGAGCCTTAGAG,0,1016909
ecnBp,0.5,1,1,CCATTAGGAGGAGCAGCGCC,0,1023942
ecnBp,0.5,1,1,CCATGGGTTAATGAGGTCGG,0,1021379
ecnBp,0.5,1,1,CCATCTGCAGGTATGAGTTT,0,996845
ecnBp,0.5,1,1,CCATATCATGGCTGTTTCAT,0,978026
ecnBp,0.5,1,1,CCATAATACCACTCCAGGCT,0,1026482
ecnBp,0.5,1,1,CCAGTCGTTCCTAGGTGGTT,0,990274
ecnBp,0.5,1,1,CCAGGGGTAAATGGGTAAAT,0,997858
ecnBp,0.5,1,1,CCAGGACGACCAGTACGAGC,0,1015388
ecnBp,0.5,1,1,CCAGGACCAGTCTCAAAATT,0,1019121
ecnBp,0.5,1,1,CCAGCGACATCTTTACGGAC,0,999187
ecnBp,0.5,1,1,CCAGCCGGGGAACTCACCTA,0,997482
ecnBp,0.5,1,1,CCAGCCCAGTCAATTTTTCT,0,1005702
ecnBp,0.5,1,1,CCAGACGACTGGTTACGTTT,0,977833
ecnBp,0.5,1,1,CCACGTGGTTGCCTGTAAAT,0,980478
ecnBp,0.5,1,1,CCACATTAACTGATGGATAA,0,1014316
ecnBp,0.5,1,1,CCAATCGCATTTCCTAACTT,0,1015683
ecnBp,0.5,1,1,CCAAGGCCAGCGCACGAGTT,0,996531
ecnBp,0.5,1,1,CCAAGACCGTGCCTTCATAA,0,996954
ecnBp,0.5,1,1,CCAACTCCATTTTCGGTGTA,0,982246
ecnBp,0.5,1,1,CCAAAGGGGCGACACACTGT,0,1025918
ecnBp,0.5,1,1,CCAAACTATGACTGTTCGCT,0,997454
ecnBp,0.5,1,1,CCAAAAAGGCGAAGACTGTT,0,999947
ecnBp,0.5,1,1,CATTAACTTAGGCCCCGGGG,0,1010699
ecnBp,0.5,1,1,CATGTGACTGCAAGCGAAAC,0,1013678
ecnBp,0.5,1,1,CATGTCCACTCGTGTCCGTT,0,973485
ecnBp,0.5,1,1,CATGGTAGACTGCCGTTTAC,0,1021427
ecnBp,0.5,1,1,CATGGCGGGGTCCCAGTTAA,0,998252
ecnBp,0.5,1,1,CATGGCATTTCCACGCTAAA,0,1008667
ecnBp,0.5,1,1,CATCTTCATTGGTGGTTGAA,0,985098
ecnBp,0.5,1,1,CATCTGGCCACGCCCATCGA,0,998485
ecnBp,0.5,1,1,CATCTGCCAGTGGCAGGACA,0,997681
ecnBp,0.5,1,1,CATCTCAATTCTTACGTAGA,0,1002690
ecnBp,0.5,1,1,CATCTATGCTACGTTGTAAT,0,987755
ecnBp,0.5,1,1,CATCGTGGAGACCCGCAGGT,0,1013775
ecnBp,0.5,1,1,CATCGCAAAGTACGTTCTTC,0,1002382
ecnBp,0.5,1,1,CATCGACATCTAAATAGTGT,0,1023772
ecnBp,0.5,1,1,CATCGAACGCGTGACTGTCT,0,988323
ecnBp,0.5,1,1,CATCCTTGTCCCTGTTACCC,0,993992
ecnBp,0.5,1,1,CATCCGGGACGGTTAGAGTA,0,1023173
ecnBp,0.5,1,1,CATCATGTCGAACCAACCAT,0,988600
ecnBp,0.5,1,1,CATCATGCAGAAACCAGCTG,0,997472
ecnBp,0.5,1,1,CATATTTTATACCCCATCGG,0,1005704
ecnBp,0.5,1,1,CATACATACCAGTTAGGGGG,0,1009482
ecnBp,0.5,1,1,CATAAGACCAGCGGGATACG,0,1026629
ecnBp,0.5,1,1,CATAAAGGGCACCGTCAATA,0,1024993
ecnBp,0.5,1,1,CATAAAATGCCGGCATTTCG,0,980348
ecnBp,0.5,1,1,CAGTTAAATGGTCCTCATAT,0,1013542
ecnBp,0.5,1,1,CAGTGAGAGACGTACGAAGT,0,1019847
ecnBp,0.5,1,1,CAGTCGGCAGCAACTAGCCA,0,1017431
ecnBp,0.5,1,1,CAGTCGCTACCACCTAGTCA,0,978358
ecnBp,0.5,1,1,CAGTCAAACTTAGCGCTGTA,0,995329
ecnBp,0.5,1,1,CAGTATGGGGCCGCGTCCGA,0,975452
ecnBp,0.5,1,1,CAGTATGGCACCTGAAACGT,0,987550
ecnBp,0.5,1,1,CAGTATGAAGGTAGCGCCCG,0,1006762
ecnBp,0.5,1,1,CAGTATAGATGCCTGTACCT,0,1014422
ecnBp,0.5,1,1,CAGTATAAGAAATAGCACGA,0,983384
ecnBp,0.5,1,1,CAGGTTGAGGACTGTACCTC,0,992278
ecnBp,0.5,1,1,CAGGGGCTGATTTCGAGTTG,0,998526
ecnBp,0.5,1,1,CAGGCGTACCAAAGCCTTTA,0,992911
ecnBp,0.5,1,1,CAGGCATAATAATTACTGTT,0,1017993
ecnBp,0.5,1,1,CAGGAGTCTCGTGGGTCGGA,0,1008810
ecnBp,0.5,1,1,CAGGAGGTCGTTCAACAATG,0,983036
ecnBp,0.5,1,1,CAGCTTCTGTTACTCAAGTG,0,1007616
ecnBp,0.5,1,1,CAGCTTAGTGGTATCACTTC,0,988913
ecnBp,0.5,1,1,CAGCGTTCTTATCGAATCAA,0,1012994
ecnBp,0.5,1,1,CAGCGCTGTCTGTCAAAGAG,0,989390
ecnBp,0.5,1,1,CAGCGCAATGGCAACAGGGT,0,992356
ecnBp,0.5,1,1,CAGCGAGACGTGCTTAGCCA,0,1024244
ecnBp,0.5,1,1,CAGCCTACAATGACTAGGTC,0,996975
ecnBp,0.5,1,1,CAGCCATCGCACATTGTTTC,0,1003710
ecnBp,0.5,1,1,CAGCCACTATTGACCGGGGG,0,1000018
ecnBp,0.5,1,1,CAGCATTGCACATTCCAGTC,0,1016154
ecnBp,0.5,1,1,CAGCAGTATTAGACAAATAG,0,1009818
ecnBp,0.5,1,1,CAGCAAACGGATTAGATGTG,0,985657
ecnBp,0.5,1,1,CAGATGGGAAACGATCGGAG,0,972365
ecnBp,0.5,1,1,CAGATGCTTCGGGTATCCAG,0,976186
ecnBp,0.5,1,1,CAGAGTGTAGGAGGCGACAC,0,1018809
ecnBp,0.5,1,1,CAGAGTCTAGTAGATTTGGA,0,1018573
ecnBp,0.5,1,1,CAGAGGCCTAGGTGTGCGGG,0,1008097
ecnBp,0.5,1,1,CAGACACCTCGGAACACCAA,0,984701
ecnBp,0.5,1,1,CAGACAACCCAAAGGAATGG,0,985963
ecnBp,0.5,1,1,CAGAATGGCTTGGATGCCCA,0,1004432
ecnBp,0.5,1,1,CAGAAGTATGGCTTTTGTTG,0,1012541
ecnBp,0.5,1,1,CAGAAGCCTCGGCAGTGGGT,0,984753
ecnBp,0.5,1,1,CAGAAACAACAACTTCCCAA,0,1010552
ecnBp,0.5,1,1,CACTTTGGATGCTCCGCCAT,0,1006864
ecnBp,0.5,1,1,CACTTTAACCCTGGTTTTCT,0,1027728
ecnBp,0.5,1,1,CACTGAGAGCGTTCAACCCT,0,973635
ecnBp,0.5,1,1,CACTCCGGAAGGTATTTCCC,0,988460
ecnBp,0.5,1,1,CACTCAACGCGTGGTTTATC,0,1024944
ecnBp,0.5,1,1,CACTACGGACTCTGTAAAGC,0,976665
ecnBp,0.5,1,1,CACGGTAACTGGGGTAAAGG,0,973723
ecnBp,0.5,1,1,CACGGGCATACAGGCCATAC,0,985365
ecnBp,0.5,1,1,CACGGCATTGCGGACACGGC,0,998604
ecnBp,0.5,1,1,CACGGACCCTAGAAACGCTC,0,972846
ecnBp,0.5,1,1,CACGCTGTGGCAAATCCATC,0,995946
ecnBp,0.5,1,1,CACGCACAGTTAACCTGACC,0,973528
ecnBp,0.5,1,1,CACGAGGGCGCACCCGCCAG,0,992943
ecnBp,0.5,1,1,CACGAAGATGAGCTAAGCAA,0,1022246
ecnBp,0.5,1,1,CACCTCGCATGTGGTTCCCA,0,992534
ecnBp,0.5,1,1,CACCTCAGCTTCGTTTCAGT,0,1022022
ecnBp,0.5,1,1,CACCATCACTCCCAAATTAA,0,1003368
ecnBp,0.5,1,1,CACCACCTATCAGGCCATGG,0,1019536
ecnBp,0.5,1,1,CACATACCAATCTATTTTGC,0,1015258
ecnBp,0.5,1,1,CACACCCTGTCCGCGTCTGA,0,1026122
ecnBp,0.5,1,1,CACAAGGCCTTGTGTAACCT,0,1001032
ecnBp,0.5,1,1,CAATGGATTCTGAAAATCTG,0,977781
ecnBp,0.5,1,1,CAATCGAAGACGTACATTAA,0,997161
ecnBp,0.5,1,1,CAATCACTGCGGCTAACTGA,0,994846
ecnBp,0.5,1,1,CAATATACGGGGCCGACGAC,0,1023592
ecnBp,0.5,1,1,CAATAGAGTGTACAACAAGG,0,1006549
ecnBp,0.5,1,1,CAAGTGGTAGGGTTCATTTT,0,1000528
ecnBp,0.5,1,1,CAAGGCTGTTGGTCTTGGCT,0,1019416
ecnBp,0.5,1,1,CAAGGACCAAAGTAGTGTAA,0,1021014
ecnBp,0.5,1,1,CAAGACAGCGATATCGTTTG,0,997200
ecnBp,0.5,1,1,CAAGAAGAGGGTGCCGATTA,0,991433
ecnBp,0.5,1,1,CAACTTCGGATGGGTAATGA,0,973154
ecnBp,0.5,1,1,CAACTTAACGGCTCATACAT,0,1005879
ecnBp,0.5,1,1,CAACGACGTGGTGTCAACGA,0,992032
ecnBp,0.5,1,1,CAACGAAGTTAGCAAGGGTG,0,1008345
ecnBp,0.5,1,1,CAACCACTTTGTGGCGGTTG,0,979172
ecnBp,0.5,1,1,CAACAGCGGCAACACAATTT,0,999086
ecnBp,0.5,1,1,CAACAAAGAATGGACCACCG,0,995733
ecnBp,0.5,1,1,CAAATGTCTGTAGGAGTTGC,0,979480
ecnBp,0.5,1,1,CAAATGGTCCTAAGGACCGG,0,975749
ecnBp,0.5,1,1,CAAATCGTATATAACGGACA,0,1021582
ecnBp,0.5,1,1,CAAATATGACAATGGTGTAC,0,972694
ecnBp,0.5,1,1,CAAATACGTAAAGGGACGTC,0,990411
ecnBp,0.5,1,1,CAAAGTGTCGTCATGCATAT,0,1010550
ecnBp,0.5,1,1,CAAAGGTCTCCTATAGTTGA,0,980924
ecnBp,0.5,1,1,CAAACTCCGATGTGTTACAT,0,1003156
ecnBp,0.5,1,1,CAAACTCACCCTTTTCTGGG,0,996653
ecnBp,0.5,1,1,CAAACCGAGAACTTGCAAGT,0,1021662
ecnBp,0.5,1,1,ATTTTAAGGGTTATCCTTTA,0,1004032
ecnBp,0.5,1,1,ATTTCTAGTTGCTGTCTGTA,0,974112
ecnBp,0.5,1,1,ATTTCCAAATAGGATGCCCC,0,1000006
ecnBp,0.5,1,1,ATTTCACTGGTTACTTTATC,0,993063
ecnBp,0.5,1,1,ATTTAGCCGATAGCACCAAA,0,1009615
ecnBp,0.5,1,1,ATTTAGATTTGAACTTTCGG,0,979767
ecnBp,0.5,1,1,ATTGGTGATCCAGCCTCTTG,0,1015131
ecnBp,0.5,1,1,ATTGGGCATAAGTTTTGAAT,0,1023807
ecnBp,0.5,1,1,ATTGGCAGTTCGCATGGATA,0,1002068
ecnBp,0.5,1,1,ATTGGATCAGGGAAGAACAC,0,981597
ecnBp,0.5,1,1,ATTGCTCGCGACTTACTGTG,0,973329
ecnBp,0.5,1,1,ATTGAGAGACTAACCATCAA,0,1022388
ecnBp,0.5,1,1,ATTGACATGGGCAGGGCACG,0,992044
ecnBp,0.5,1,1,ATTCTTTGACTGGCCTCAAA,0,974472
ecnBp,0.5,1,1,ATTCTGCGATTTTTATGCCC,0,1016002
ecnBp,0.5,1,1,ATTCGTGTTTGGAAGTTTAA,0,1020800
ecnBp,0.5,1,1,ATTCGGTATAGCCGGGTCCG,0,981616
ecnBp,0.5,1,1,ATTCGCCTTACCGAGAATGA,0,1009700
ecnBp,0.5,1,1,ATTCGCCCCCCAATAAACGC,0,1019130
ecnBp,0.5,1,1,ATTCGAACTCGCTACCGACA,0,995265
ecnBp,0.5,1,1,ATTCCGTTAGAGACAGCTTT,0,987961
ecnBp,0.5,1,1,ATTCACTAAACTGTCTGTCG,0,972898
ecnBp,0.5,1,1,ATTAGTAGTGGGCGAAACAC,0,998502
ecnBp,0.5,1,1,ATTAGAGCACGGTTTGTCGC,0,1022382
ecnBp,0.5,1,1,ATTACCACGGCCAATGTTGC,0,977531
ecnBp,0.5,1,1,ATTAATGACAGCTGACAACC,0,1019450
ecnBp,0.5,1,1,ATTAACTTCACCTAAGACCT,0,1007825
ecnBp,0.5,1,1,ATTAACGTTGGTTAGCCTTG,0,998973
ecnBp,0.5,1,1,ATGTGGATATCCCCGCATAA,0,978406
ecnBp,0.5,1,1,ATGTCATTGGAGCCGCAAGT,0,982109
ecnBp,0.5,1,1,ATGTACTGCCAGCTATATAG,0,974643
ecnBp,0.5,1,1,ATGTACGTTATGAGTCACAA,0,986330
ecnBp,0.5,1,1,ATGTACGTGCCGACGTCCGT,0,979442
ecnBp,0.5,1,1,ATGTAAATCCTCTCTTCGCT,0,1000286
ecnBp,0.5,1,1,ATGGTTGTGAACAAACTCCG,0,991179
ecnBp,0.5,1,1,ATGGTGATTTCAAAGTATAA,0,984242
ecnBp,0.5,1,1,ATGGTACAACCCAGGTCATG,0,997999
ecnBp,0.5,1,1,ATGGGTAAGGAATGGGGTGA,0,985222
ecnBp,0.5,1,1,ATGGCCATCGACGGGGCTAT,0,983642
ecnBp,0.5,1,1,ATGGAAAGGGGAGAATCACG,0,1020499
ecnBp,0.5,1,1,ATGCTTTAGACAGCCCCGAG,0,1002469
ecnBp,0.5,1,1,ATGCTTAATATTTCTCGATG,0,1022814
ecnBp,0.5,1,1,ATGCTGGCACGTGGCGCCTG,0,1017157
ecnBp,0.5,1,1,ATGCTCTGTCTGCGTGAGTT,0,999093
ecnBp,0.5,1,1,ATGCTATCCGACCCGTAGAT,0,991855
ecnBp,0.5,1,1,ATGCGGTGTGTTAGTTGCAA,0,1006934
ecnBp,0.5,1,1,ATGCGCTACAAGACCCGATT,0,1019921
ecnBp,0.5,1,1,ATGCCTCTATGGTGCCATTC,0,984485
ecnBp,0.5,1,1,ATGCCGGGATAATCAATAGT,0,983185
ecnBp,0.5,1,1,ATGCACTGCAGAACGCGGGG,0,979280
ecnBp,0.5,1,1,ATGCACTCCGCAGACCGTCT,0,987626
ecnBp,0.5,1,1,ATGATAACCTTGAACTTAGT,0,995068
ecnBp,0.5,1,1,ATGAGTGACACGGTACCGTA,0,1010754
ecnBp,0.5,1,1,ATGAGGGGGACTTTGACAAA,0,1000314
ecnBp,0.5,1,1,ATGAGCCTCTTTGCCTAAAA,0,989804
ecnBp,0.5,1,1,ATGAATACCTTTGACCTGTC,0,990136
ecnBp,0.5,1,1,ATCTTTTACGGGGCGTAGTC,0,987629
ecnBp,0.5,1,1,ATCTTCAGTGCGTAATTCGC,0,1013920
ecnBp,0.5,1,1,ATCTTAGCGTCGATGTGATC,0,972362
ecnBp,0.5,1,1,ATCTTAGCGTCATCCCCAAG,0,986239
ecnBp,0.5,1,1,ATCTTACATAGCTCTTTGAG,0,1004012
ecnBp,0.5,1,1,ATCTGTTTCAGTCCGAATAT,0,983823
ecnBp,0.5,1,1,ATCTCAGCAGGACCGTTACA,0,1003452
ecnBp,0.5,1,1,ATCTAGGAGGACGTATTTCA,0,972082
ecnBp,0.5,1,1,ATCGTCTCAGACGGAATGTA,0,984244
ecnBp,0.5,1,1,ATCGGTAGCGAACCTCCACT,0,1012985
ecnBp,0.5,1,1,ATCGCTATAGACGTAAAGCC,0,1004393
ecnBp,0.5,1,1,ATCGCTAGACTCCAGGGTAC,0,986423
ecnBp,0.5,1,1,ATCGCGTCATACGGGTCCCA,0,1001702
ecnBp,0.5,1,1,ATCGAAAGGTCAAGCGTTAC,0,990629
ecnBp,0.5,1,1,ATCCTCTTGCCCTGCGATGA,0,1005699
ecnBp,0.5,1,1,ATCCTAAGTTAACGCAGTGC,0,1006747
ecnBp,0.5,1,1,ATCCGTCGTGGGGTGAGATA,0,1007175
ecnBp,0.5,1,1,ATCCGGTCGAATGGCGATGT,0,1020915
ecnBp,0.5,1,1,ATCCGGGTTCGTAGGTTCTT,0,991745
ecnBp,0.5,1,1,ATCCGAGGGCTGCTAATCAT,0,990041
ecnBp,0.5,1,1,ATCCCTTATCCAACAGGCCA,0,990932
ecnBp,0.5,1,1,ATCCCGTCCGAAACAGACAG,0,1010455
ecnBp,0.5,1,1,ATCCATTAAATACCGCTGGT,0,976939
ecnBp,0.5,1,1,ATCCATGGTAGTGGATATCT,0,988033
ecnBp,0.5,1,1,ATCCAGTTGCTCAATCCCTT,0,997517
ecnBp,0.5,1,1,ATCCAGAGGCACACGGGTAG,0,984923
ecnBp,0.5,1,1,ATCATGTTTAGTTGAGCCCC,0,1008020
ecnBp,0.5,1,1,ATCAGCTCGCTTCGGACGTT,0,1019761
ecnBp,0.5,1,1,ATCACACGTGATTCTCGAAT,0,1019139
ecnBp,0.5,1,1,ATCAACTGACTCTCGGCGTT,0,984243
ecnBp,0.5,1,1,ATATGGTGGTCAGGAACTGA,0,993177
ecnBp,0.5,1,1,ATATGGGGGGTATATAATAA,0,1020354
ecnBp,0.5,1,1,ATATCGCCCCCGAGGGCATT,0,1000869
ecnBp,0.5,1,1,ATATCCCGCCGTGTCGGAGA,0,1004825
ecnBp,0.5,1,1,ATATATCAGTTCGGGTAAGA,0,982507
ecnBp,0.5,1,1,ATATATAGTTAAGGCAAAGA,0,990959
ecnBp,0.5,1,1,ATAGTTTCCTGCTCGAACCT,0,1007058
ecnBp,0.5,1,1,ATAGTGAGAACGGCACTTGC,0,1023039
ecnBp,0.5,1,1,ATAGTGACGAGCAAAACCAG,0,1008543
ecnBp,0.5,1,1,ATAGTACGCGATTCAAGCGA,0,1007633
ecnBp,0.5,1,1,ATAGGCTGCCACGAGGGCCA,0,1016189
ecnBp,0.5,1,1,ATAGGCCCGTATATTACGAT,0,972129
ecnBp,0.5,1,1,ATAGGATACCGTGCGGATAC,0,978777
ecnBp,0.5,1,1,ATAGGAGAGTTAAAGCTTGA,0,1023995
ecnBp,0.5,1,1,ATAGCCTGTGCTGGGGGGTG,0,988812
ecnBp,0.5,1,1,ATAGATCGTCTTATCGAGGA,0,978739
ecnBp,0.5,1,1,ATACGCGCGATTTCTTTTTA,0,973822
ecnBp,0.5,1,1,ATACCTCTTTGCACTGAACT,0,1025984
ecnBp,0.5,1,1,ATACCGCGATAGCGGTCGCA,0,1011592
ecnBp,0.5,1,1,ATACCCCCGGCTCAGATTAG,0,996779
ecnBp,0.5,1,1,ATAATTGGTGAACGAACTTA,0,986564
ecnBp,0.5,1,1,ATAATATATAATACGGTTGT,0,987708
ecnBp,0.5,1,1,ATAATAGTTCTTATAAGCTC,0,972139
ecnBp,0.5,1,1,ATAAGGGAGCATCCGGGGGA,0,1021842
ecnBp,0.5,1,1,ATAAACTTTTTCAAGGTGCT,0,997670
ecnBp,0.5,1,1,AGTTTCTCGGTCAAACCATT,0,1006163
ecnBp,0.5,1,1,AGTTTCTATAGACTTGCCCG,0,982495
ecnBp,0.5,1,1,AGTTGTTGAACTCGAATGTA,0,985211
ecnBp,0.5,1,1,AGTTGGTATCCCTGTCCGTG,0,1021681
ecnBp,0.5,1,1,AGTTGCCCAGGTCGATTCCG,0,992037
ecnBp,0.5,1,1,AGTTCTCTGCGACATAAAGG,0,1016159
ecnBp,0.5,1,1,AGTTCGGAGCCCGGGTTTTA,0,1010906
ecnBp,0.5,1,1,AGTTATGTTCTAGGCGTCGT,0,976731
ecnBp,0.5,1,1,AGTTAGGATGTATTTGATTG,0,1005438
ecnBp,0.5,1,1,AGTTACCAACTTTCAGGCGA,0,1007764
ecnBp,0.5,1,1,AGTGTCCGACCGGATCATCC,0,1024247
ecnBp,0.5,1,1,AGTGGAAATGAAATGTGTAG,0,1008823
ecnBp,0.5,1,1,AGTGCTGCCATCGCCGACCA,0,972003
ecnBp,0.5,1,1,AGTGATCGCCTCGACGATGA,0,988863
ecnBp,0.5,1,1,AGTCTGTCGCGGACAGAATG,0,1000730
ecnBp,0.5,1,1,AGTCTGCCACGCAAGGGATC,0,1017213
ecnBp,0.5,1,1,AGTCTGAAGGGGGGCATACG,0,973772
ecnBp,0.5,1,1,AGTCTCCTGGTTCAATGTTA,0,981362
ecnBp,0.5,1,1,AGTCGTCTCCAATTAGGGCG,0,1006427
ecnBp,0.5,1,1,AGTCGGCAAGTCTGACCCGA,0,990401
ecnBp,0.5,1,1,AGTCGGAATCAGGCTTCTAA,0,990970
ecnBp,0.5,1,1,AGTCGCGGCCGGGGGCCATC,0,993023
ecnBp,0.5,1,1,AGTCCTATAAAAAGTGTCGC,0,995839
ecnBp,0.5,1,1,AGTCCGGAGTCTAGGTAATC,0,1023548
ecnBp,0.5,1,1,AGTCATGTTAGCATCGCTTA,0,978891
ecnBp,0.5,1,1,AGTCAGGCAATACAAGGTGA,0,977931
ecnBp,0.5,1,1,AGTCAGCCTTAATCTTTAGA,0,999176
ecnBp,0.5,1,1,AGTCAATTCGTCAAGGATCA,0,978771
ecnBp,0.5,1,1,AGTATGTCAACGACGATTGC,0,1007098
ecnBp,0.5,1,1,AGTACATGGGTCTCGAATTC,0,996269
ecnBp,0.5,1,1,AGTACATATTTGGGAGGTTG,0,1019182
ecnBp,0.5,1,1,AGTAATACCGCAGCTCGCCC,0,985379
ecnBp,0.5,1,1,AGTAAGTTAATGAGATCTGA,0,1021782
ecnBp,0.5,1,1,AGTAAATTAGTTTTTATATC,0,1017666
ecnBp,0.5,1,1,AGGTGTGACCTGTTGAAGGA,0,998513
ecnBp,0.5,1,1,AGGTGTAGCCGCATTGGACA,0,1015783
ecnBp,0.5,1,1,AGGTGGGAGTTGGACTCCGT,0,1022370
ecnBp,0.5,1,1,AGGTGCCACACCTCGGGACT,0,983726
ecnBp,0.5,1,1,AGGTCTGTAATGCGTAAGAG,0,980841
ecnBp,0.5,1,1,AGGTCTGATACCAGTTCCAT,0,1008056
ecnBp,0.5,1,1,AGGTCTGAGGGGACGCACGG,0,975201
ecnBp,0.5,1,1,AGGTCTATTTAGTTGGATGC,0,1012540
ecnBp,0.5,1,1,AGGTCCACATACGGCGATAT,0,1026765
ecnBp,0.5,1,1,AGGTAGTTTTCTGTGAGCCA,0,987424
ecnBp,0.5,1,1,AGGTAGTGTATACGGCCTGG,0,1013748
ecnBp,0.5,1,1,AGGGTCAAGCTAACTCATAT,0,1013175
ecnBp,0.5,1,1,AGGGTACGAGTCGTGCGTAG,0,1002596
ecnBp,0.5,1,1,AGGGTAATCACACCATTTTA,0,1015755
ecnBp,0.5,1,1,AGGGGTCGGATATAAGCGTT,0,993231
ecnBp,0.5,1,1,AGGGGTCCATATAATTCACA,0,990652
ecnBp,0.5,1,1,AGGGGATGATCTGGCTCGGT,0,1015679
ecnBp,0.5,1,1,AGGGCTTGCAAAACGCAGGA,0,1002882
ecnBp,0.5,1,1,AGGGCCTGCAGCACCACCCC,0,981494
ecnBp,0.5,1,1,AGGGCATAGTGACTGTGGGT,0,995721
ecnBp,0.5,1,1,AGGGATGGGTGAGAACTATA,0,1006736
ecnBp,0.5,1,1,AGGGAGTAGTAATACTACTA,0,1003569
ecnBp,0.5,1,1,AGGCTCGAGCTACCCACGCA,0,992808
ecnBp,0.5,1,1,AGGCTAACCAGGATCTAGCG,0,1007984
ecnBp,0.5,1,1,AGGCAGGGTCCGTTGGAGAG,0,972732
ecnBp,0.5,1,1,AGGCAACATTACGATGCGAA,0,1004927
ecnBp,0.5,1,1,AGGATTAACGTATGTATCCG,0,995483
ecnBp,0.5,1,1,AGGATAGGGCAGGGTATCGT,0,1000323
ecnBp,0.5,1,1,AGGATACGTGCTCCCAGCGT,0,975550
ecnBp,0.5,1,1,AGGACTTGGCTGTCCGAAAT,0,992426
ecnBp,0.5,1,1,AGGACTACAGTGCCGCGCGA,0,1001941
ecnBp,0.5,1,1,AGGACATCAGATTGTCTTAC,0,991400
ecnBp,0.5,1,1,AGGAATTCCGCACCACCGTC,0,1006882
ecnBp,0.5,1,1,AGGAACAGCGTAGGGCCTAG,0,1015040
ecnBp,0.5,1,1,AGGAAAGTGTGGTTCTGAGG,0,1001030
ecnBp,0.5,1,1,AGCTTCTGGTGTTTAAACTA,0,974353
ecnBp,0.5,1,1,AGCTGGGAGCTCTGCCAATA,0,1001668
ecnBp,0.5,1,1,AGCTGACGATAAACATCCGG,0,992674
ecnBp,0.5,1,1,AGCTCCACTTACATGTGTAT,0,987766
ecnBp,0.5,1,1,AGCTAGCGTCGCAATCGACA,0,979068
ecnBp,0.5,1,1,AGCGTTTATATCCATCCCAG,0,998556
ecnBp,0.5,1,1,AGCGTGACAAGCAAAAAAAC,0,983961
ecnBp,0.5,1,1,AGCGGTGTCCTGTGGCATAT,0,974691
ecnBp,0.5,1,1,AGCGGCTCTGCTTTCCTTAT,0,993336
ecnBp,0.5,1,1,AGCGCTGCTATCTCTTGAGA,0,1012631
ecnBp,0.5,1,1,AGCGATTCTCAGAATTGAAC,0,1025830
ecnBp,0.5,1,1,AGCGAGTGCGGAGTTTACGG,0,1021136
ecnBp,0.5,1,1,AGCGACCACCGATTTAAAGT,0,987110
ecnBp,0.5,1,1,AGCCTTGCTCTCCAGGCGGG,0,996330
ecnBp,0.5,1,1,AGCCCGGTCTCTAACCCGAA,0,1004726
ecnBp,0.5,1,1,AGCCCCGTTGTAATGCCAGA,0,977630
ecnBp,0.5,1,1,AGCCAAATTTACATTATCAG,0,984731
ecnBp,0.5,1,1,AGCATATGGTCGAGGCTTAA,0,1014164
ecnBp,0.5,1,1,AGCAGCTTAAGCCATACATG,0,1001119
ecnBp,0.5,1,1,AGCAGCGCGGTCCGTTTCTC,0,1017001
ecnBp,0.5,1,1,AGCAGCCAGGTGTTTCTCTT,0,1013154
ecnBp,0.5,1,1,AGCAATGGCATGGGGTCAAA,0,982205
ecnBp,0.5,1,1,AGCAATGAGCGTCGGCGACT,0,994877
ecnBp,0.5,1,1,AGCAAGGTCGGTATGGCTGG,0,998682
ecnBp,0.5,1,1,AGCAAGCGTGTCGATGTGAT,0,999545
ecnBp,0.5,1,1,AGCAACTTCAAAGCGGTATT,0,1012501
ecnBp,0.5,1,1,AGATTGCGGATTGACACTCC,0,986356
ecnBp,0.5,1,1,AGATGGTCAAGCGCGCTCAT,0,1017986
ecnBp,0.5,1,1,AGATGGGCACAATACTGGAT,0,1002709
ecnBp,0.5,1,1,AGATGCTATGTACTCTCGCG,0,1014839
ecnBp,0.5,1,1,AGATGCCGGGGGTGCCACTT,0,1013935
ecnBp,0.5,1,1,AGATCCTAGGATCAATAAAG,0,975510
ecnBp,0.5,1,1,AGATATGGTGGACTTCTCGT,0,1002312
ecnBp,0.5,1,1,AGATAGTTAAGCGTAAGCTA,0,1004829
ecnBp,0.5,1,1,AGATAAAGGCCATGTCAAGC,0,1025840
ecnBp,0.5,1,1,AGAGTGTGCATCGGATTTTG,0,1004669
ecnBp,0.5,1,1,AGAGTACTGTGACACAGTAT,0,994611
ecnBp,0.5,1,1,AGAGGCGGTAGTAGGTGGGC,0,1013979
ecnBp,0.5,1,1,AGAGGACGGGGCATTATAAT,0,992162
ecnBp,0.5,1,1,AGAGCGCTTGAGCATGTCTT,0,1009811
ecnBp,0.5,1,1,AGAGCGCGCGATTGGCTTCG,0,979027
ecnBp,0.5,1,1,AGAGATCGGATGGAGCATCT,0,999344
ecnBp,0.5,1,1,AGAGACCGTGTGGTATCGGA,0,1020736
ecnBp,0.5,1,1,AGAGACCAAACCGCGTAATG,0,1013227
ecnBp,0.5,1,1,AGAGAAATTCGTGTGGGCGT,0,1018472
ecnBp,0.5,1,1,AGACTGCGCGGTGCGTTAGT,0,1014161
ecnBp,0.5,1,1,AGACTCATGTTCTAAAGCCT,0,980992
ecnBp,0.5,1,1,AGACTATGCACGAGGCTCGC,0,1007023
ecnBp,0.5,1,1,AGACGGGAGCGCGAATGCAC,0,1021048
ecnBp,0.5,1,1,AGACGGACGAATCGCAACGA,0,1017106
ecnBp,0.5,1,1,AGACGCGGCAGCTAAACTCG,0,1008485
ecnBp,0.5,1,1,AGACCCTGCATGAACATCTT,0,1013803
ecnBp,0.5,1,1,AGAATTGCCTGGTACCATAC,0,1014794
ecnBp,0.5,1,1,AGAATGCCACAAAAAGCGTC,0,979731
ecnBp,0.5,1,1,AGAAGGGGAGTAGACGTTGA,0,1027169
ecnBp,0.5,1,1,AGAAGGCACTCCCTTTACTA,0,984738
ecnBp,0.5,1,1,AGAAGAAGCGCAACACAGCC,0,1002058
ecnBp,0.5,1,1,AGAACGCCTGCTACGACGAC,0,974352
ecnBp,0.5,1,1,AGAAAGGCCGGTCACGGCAG,0,975639
ecnBp,0.5,1,1,AGAAAAAAGGATTAGCGGAA,0,1021315
ecnBp,0.5,1,1,ACTTTGCTGATACAAGACAA,0,974899
ecnBp,0.5,1,1,ACTTTAATAAGGATTGAGCC,0,985992
ecnBp,0.5,1,1,ACTTGGCTTCGTTAGATTCT,0,1009124
ecnBp,0.5,1,1,ACTTCTAGACTTTTGAGAAG,0,1000469
ecnBp,0.5,1,1,ACTTAATGTGCCCTAAAAAT,0,981260
ecnBp,0.5,1,1,ACTGTGTATGCCCGGTTTTA,0,1023971
ecnBp,0.5,1,1,ACTGTCTGCAATCTAGGTAA,0,1005095
ecnBp,0.5,1,1,ACTGTCATGCAGTGACAATT,0,1026608
ecnBp,0.5,1,1,ACTGGTTTAGAGACGGTCAC,0,1028056
ecnBp,0.5,1,1,ACTGGTGTTTTAATCCTCAG,0,1011751
ecnBp,0.5,1,1,ACTGGTCTGGGTCAATGTCT,0,1002993
ecnBp,0.5,1,1,ACTGGATACGGTCTCTTCAA,0,998907
ecnBp,0.5,1,1,ACTGCTGAGCGAAGTGACGT,0,985142
ecnBp,0.5,1,1,ACTGACCAACCATTTTCTAA,0,980527
ecnBp,0.5,1,1,ACTCTATACAAGCAAGGTAT,0,1004739
ecnBp,0.5,1,1,ACTCGTTAAGCTCCTGGCTC,0,1026319
ecnBp,0.5,1,1,ACTCCTTTGCGTGCCGGTCT,0,1011241
ecnBp,0.5,1,1,ACTCCGGTGTGTAATCGCGG,0,1005829
ecnBp,0.5,1,1,ACTCATTGGTGCTGGACGGC,0,981185
ecnBp,0.5,1,1,ACTCACATAAAGCCACGATT,0,973658
ecnBp,0.5,1,1,ACTATCATTCCCGGATCCCA,0,1011807
ecnBp,0.5,1,1,ACTATAACCGTCATAATGCA,0,1003918
ecnBp,0.5,1,1,ACTAATCGTCTCCGACCTAA,0,1006039
ecnBp,0.5,1,1,ACTAAGTCTCTACTATATTG,0,988862
ecnBp,0.5,1,1,ACGTTTGAGACGAGATTCAT,0,1014880
ecnBp,0.5,1,1,ACGTTGGGCTTTCATCGGGT,0,1008116
ecnBp,0.5,1,1,ACGTTCTTCAAACAGCTTTG,0,1001596
ecnBp,0.5,1,1,ACGTTAACGACCTGTATATC,0,1015751
ecnBp,0.5,1,1,ACGTGTTGACCAGGCTAACT,0,1024319
ecnBp,0.5,1,1,ACGTGGGGGATGACGAGAGT,0,976954
ecnBp,0.5,1,1,ACGTCCCAGTCCCCAATTGC,0,976047
ecnBp,0.5,1,1,ACGGTTGACAAATAGGTGCA,0,1017277
ecnBp,0.5,1,1,ACGGGCGAGAGTCCGTTGTA,0,983381
ecnBp,0.5,1,1,ACGGGCCTCTCAAACGCGGG,0,984302
ecnBp,0.5,1,1,ACGGCTTGGCCATGAGCGAT,0,978331
ecnBp,0.5,1,1,ACGGCAGGGTGCAATAAAAA,0,1007573
ecnBp,0.5,1,1,ACGGACCCTTACCGTGAGGC,0,996221
ecnBp,0.5,1,1,ACGGAATGTGCTCGGGGTTT,0,1004820
ecnBp,0.5,1,1,ACGGAAGCCGCCCATGAGTT,0,987425
ecnBp,0.5,1,1,ACGCTGTAAGTACTCCGGAT,0,1018698
ecnBp,0.5,1,1,ACGCTATCTCCACGACGTGT,0,981452
ecnBp,0.5,1,1,ACGCGTCCAGCCTGTTATAC,0,990175
ecnBp,0.5,1,1,ACGCGGGAAGTACAACCGGA,0,993189
ecnBp,0.5,1,1,ACGCCTCAAGTAGGAGCTGT,0,977962
ecnBp,0.5,1,1,ACGCCACCCGTGCGGTATTT,0,975870
ecnBp,0.5,1,1,ACGCAGTTGGATGCAACTAT,0,996153
ecnBp,0.5,1,1,ACGCACATACGGTCCTGCGA,0,985950
ecnBp,0.5,1,1,ACGAGTCCCCGGCATCTACG,0,1010446
ecnBp,0.5,1,1,ACGAGTCATAGTGCTTGTTG,0,975332
ecnBp,0.5,1,1,ACGACTGGACTCAGACGCGT,0,983583
ecnBp,0.5,1,1,ACGACGTAACGGGGTCAAAT,0,984328
ecnBp,0.5,1,1,ACGACCGCCGAGAGTGTTCA,0,1011165
ecnBp,0.5,1,1,ACGAAGTCTAGCCCGCTCTA,0,974079
ecnBp,0.5,1,1,ACGAAGACGGTTAGTGGTTA,0,994276
ecnBp,0.5,1,1,ACCTTTGGGTAAGCTAATCA,0,973304
ecnBp,0.5,1,1,ACCTCGTACAACAACGAGCT,0,1002142
ecnBp,0.5,1,1,ACCTCATAAACGGCCCGTTC,0,986935
ecnBp,0.5,1,1,ACCTATGGACACTTGGAAAA,0,989224
ecnBp,0.5,1,1,ACCTAAAGGTGCAGATCGGA,0,994914
ecnBp,0.5,1,1,ACCGTGTTATACTCCGGAAC,0,993366
ecnBp,0.5,1,1,ACCGGGGGCTCATGGTGCAA,0,1016738
ecnBp,0.5,1,1,ACCGGGCACAGCCCCATTTT,0,1000992
ecnBp,0.5,1,1,ACCGCTTAGAGTTTCACTCG,0,1019801
ecnBp,0.5,1,1,ACCGCCGCCCCATCCTGCGA,0,1011809
ecnBp,0.5,1,1,ACCGAGTCCGGAATACCGTA,0,997623
ecnBp,0.5,1,1,ACCGAACTGCGGGGGGTGTT,0,976488
ecnBp,0.5,1,1,ACCGAAACCGGTTTAAGGAA,0,997715
ecnBp,0.5,1,1,ACCCTGTTCGTTCTGCCCCT,0,1025254
ecnBp,0.5,1,1,ACCCGTCAGATTTTATCCGG,0,1000330
ecnBp,0.5,1,1,ACCCGCAGCTCATAGCGATT,0,980566
ecnBp,0.5,1,1,ACCCGCAAGCCAATAACGTC,0,979841
ecnBp,0.5,1,1,ACCCGACGTACTGGGTTTGC,0,1005176
ecnBp,0.5,1,1,ACCCGAATTAGGAGTGGCAT,0,1023632
ecnBp,0.5,1,1,ACCCCGGAGTACAGCGCCTG,0,982744
ecnBp,0.5,1,1,ACCCATCAATCAAGTCTGAC,0,1025450
ecnBp,0.5,1,1,ACCCAGTTCTGCCTCACTTG,0,988223
ecnBp,0.5,1,1,ACCCAACATACTCCTGATCA,0,1011239
ecnBp,0.5,1,1,ACCATGTCCAGTGGACGCGC,0,1022152
ecnBp,0.5,1,1,ACCAGATTGCTATCTGACCA,0,1026092
ecnBp,0.5,1,1,ACCACTTACCCGGTAGGGCA,0,1024132
ecnBp,0.5,1,1,ACCACTGTGACTTCGCCCTA,0,972409
ecnBp,0.5,1,1,ACCAATTTCCTCAAAACTAG,0,993328
ecnBp,0.5,1,1,ACCAATCCAACCATGCTTTC,0,996358
ecnBp,0.5,1,1,ACCAACAGGAAAGCATCATT,0,977706
ecnBp,0.5,1,1,ACATTGCTCCACCTATCCCG,0,982049
ecnBp,0.5,1,1,ACATTCCCGCCGTGGTACCA,0,985540
ecnBp,0.5,1,1,ACATGCTCGATTCCGCTTCA,0,978284
ecnBp,0.5,1,1,ACATCTGAAGGAAATAATTG,0,1023394
ecnBp,0.5,1,1,ACATCCGAGCATAGTCAGGT,0,1012252
ecnBp,0.5,1,1,ACATCAAGGACCCGCGAAAC,0,974636
ecnBp,0.5,1,1,ACATATTATGTCGTGACGTG,0,984628
ecnBp,0.5,1,1,ACATATCTTAGAGGTTACAT,0,976861
ecnBp,0.5,1,1,ACATAGATAAGATTATTCCA,0,973698
ecnBp,0.5,1,1,ACATAGACCATGCGGGGCAA,0,1000161
ecnBp,0.5,1,1,ACATAGAAGTCGACCGAAAA,0,1019034
ecnBp,0.5,1,1,ACAGTTAGTGAAATGCGCGG,0,1018160
ecnBp,0.5,1,1,ACAGTCTTACGGTTCTTTAT,0,972701
ecnBp,0.5,1,1,ACAGTATTAGCAGTTGTGCG,0,1012296
ecnBp,0.5,1,1,ACAGTAGATCTGAGCGCAAA,0,997243
ecnBp,0.5,1,1,ACAGGCTTGAACGGGACCTA,0,1005478
ecnBp,0.5,1,1,ACAGCTGTCCACCTCGTACC,0,1005053
ecnBp,0.5,1,1,ACAGCGTATTTACTGATCTC,0,978156
ecnBp,0.5,1,1,ACAGCGGGTATGTGTTAGGA,0,999959
ecnBp,0.5,1,1,ACAGCATTAATTCGTCTTTC,0,1013059
ecnBp,0.5,1,1,ACAGAATACCGCGTAGAAAT,0,972859
ecnBp,0.5,1,1,ACAGAAAGGGGATCATGTAT,0,989838
ecnBp,0.5,1,1,ACACTGAAAACCATGCAGGC,0,1012463
ecnBp,0.5,1,1,ACACGGCGGCAGCGTGCTTA,0,1001197
ecnBp,0.5,1,1,ACACGCCAAAGTACATGTAA,0,1011775
ecnBp,0.5,1,1,ACACCTCGTACTCGCATTAC,0,997491
ecnBp,0.5,1,1,ACACCCCTCGTGGGCGACTT,0,1018266
ecnBp,0.5,1,1,ACACCAAGAATCTCCGGACG,0,1023616
ecnBp,0.5,1,1,ACACATGAGTTCGGTTAGCT,0,973534
ecnBp,0.5,1,1,ACACATCCCACCGTATCGCA,0,974099
ecnBp,0.5,1,1,ACACAGCGTAAGCAAGGCAA,0,1001249
ecnBp,0.5,1,1,ACAATGGATCGAAGATATCA,0,1021893
ecnBp,0.5,1,1,ACAAGCGTCGGCGTGGATCG,0,1010015
ecnBp,0.5,1,1,ACAAGCCCACTTAGATCGGG,0,1027730
ecnBp,0.5,1,1,ACAACGATGGGATCGGCGCT,0,1022273
ecnBp,0.5,1,1,ACAAATATGTTAGGGCGGCT,0,998763
ecnBp,0.5,1,1,ACAAAGCACTTGTTAGGGTT,0,994812
ecnBp,0.5,1,1,ACAAAAATGGCGGCGAACAC,0,1006544
ecnBp,0.5,1,1,AATTTTGACCGCTGTAAATG,0,1013743
ecnBp,0.5,1,1,AATTGACTCTCTGATACATT,0,1009360
ecnBp,0.5,1,1,AATTCCCATCGGAGTGGGGC,0,998239
ecnBp,0.5,1,1,AATTCAGTGCTTCAGTATGT,0,1005869
ecnBp,0.5,1,1,AATTATCCAGGAGCTACGAA,0,972049
ecnBp,0.5,1,1,AATGTTAAAGAAGGCAAAGG,0,1005239
ecnBp,0.5,1,1,AATGTCTTGACGGTACCTCT,0,975514
ecnBp,0.5,1,1,AATGTCAGACCGGAGTGCAG,0,1021269
ecnBp,0.5,1,1,AATGGTGTTTCTGATTGGTG,0,1007590
ecnBp,0.5,1,1,AATGGCAGCATGCAAGAGCT,0,975995
ecnBp,0.5,1,1,AATGGATACTGGCTCAGTGT,0,1000411
ecnBp,0.5,1,1,AATGCCAGCCACTGATTAGA,0,1021987
ecnBp,0.5,1,1,AATGACCTGGCTAATAGATG,0,991328
ecnBp,0.5,1,1,AATGAATAGACACAGCCAAT,0,991078
ecnBp,0.5,1,1,AATGAACGACATTATCAATG,0,988546
ecnBp,0.5,1,1,AATGAAACCGCGATGGTGTC,0,975892
ecnBp,0.5,1,1,AATCGTAATGTGCACAGTTT,0,1006960
ecnBp,0.5,1,1,AATCGCCTCAGATGCCGGGT,0,1005385
ecnBp,0.5,1,1,AATCGCACACTGGAGAAGCT,0,1018950
ecnBp,0.5,1,1,AATCCTTAAGGGCGTAGGCA,0,975207
ecnBp,0.5,1,1,AATCCGCCCTTGCGATCACT,0,982286
ecnBp,0.5,1,1,AATCCGCCACGTGGACTCAG,0,1010953
ecnBp,0.5,1,1,AATCCCGACCGCAAAATCAG,0,1017137
ecnBp,0.5,1,1,AATCATTTTCAAGGAGAAGG,0,981967
ecnBp,0.5,1,1,AATATATTCTTCGCGCTGTT,0,994699
ecnBp,0.5,1,1,AATAGACCAGGTTCAAAGTA,0,1013196
ecnBp,0.5,1,1,AATACGGTAACAATTGAACT,0,1015523
ecnBp,0.5,1,1,AATAAGAATAGGAATGCATG,0,981711
ecnBp,0.5,1,1,AATAACACTATTCGGGGCAT,0,986667
ecnBp,0.5,1,1,AAGTGTGTGAGTCTACTCTA,0,1008180
ecnBp,0.5,1,1,AAGTGGTCTGCGACTAGGGG,0,1020496
ecnBp,0.5,1,1,AAGTGAACCCTAGGGCGAGA,0,994487
ecnBp,0.5,1,1,AAGTCCTCATGTAACTCGGA,0,976327
ecnBp,0.5,1,1,AAGTCATGTGCCCTGGTGGG,0,976974
ecnBp,0.5,1,1,AAGTATTGAATCGGTGGATT,0,997646
ecnBp,0.5,1,1,AAGTACGTCTGGAATCATGT,0,995231
ecnBp,0.5,1,1,AAGGTCTTATACGCACGTGA,0,984279
ecnBp,0.5,1,1,AAGGTATACGGGGGGCAAAT,0,1006432
ecnBp,0.5,1,1,AAGGGTTCCGCGTCCGCCGT,0,999568
ecnBp,0.5,1,1,AAGGGTGAGTGCCATCAGGA,0,1007401
ecnBp,0.5,1,1,AAGGGGGGTCGTCGATCGCG,0,978166
ecnBp,0.5,1,1,AAGGGGAAACTATTATCTCA,0,981672
ecnBp,0.5,1,1,AAGGGCTGTCTTCTAATGAG,0,1020118
ecnBp,0.5,1,1,AAGGGCCTCTAATTGTGCAT,0,1027417
ecnBp,0.5,1,1,AAGGCGAATTTAAGCTTGTC,0,1005221
ecnBp,0.5,1,1,AAGGCGAAAACAGAGCTCTC,0,1008453
ecnBp,0.5,1,1,AAGGCCATGTGGGAGGTATT,0,1013158
ecnBp,0.5,1,1,AAGGATCAGGTATAACAATG,0,989281
ecnBp,0.5,1,1,AAGCTTTACCGACCTCCTCC,0,996580
ecnBp,0.5,1,1,AAGCGTTGTAGGTGTTTATC,0,1026015
ecnBp,0.5,1,1,AAGCGGGTAAACTGCCAGCC,0,997747
ecnBp,0.5,1,1,AAGCGGCCGGCAGCGAGCCA,0,1011099
ecnBp,0.5,1,1,AAGCCTGCAACAACCGTCGT,0,988878
ecnBp,0.5,1,1,AAGCCTCGCTTCTTGGGGCA,0,975754
ecnBp,0.5,1,1,AAGCCCCTTCTCGACAAGCA,0,982399
ecnBp,0.5,1,1,AAGCCCACGCCACCGCATCC,0,973911
ecnBp,0.5,1,1,AAGCATTAGAGTACCGTTGA,0,1027819
ecnBp,0.5,1,1,AAGCAGTACTCGCGGCAACC,0,975408
ecnBp,0.5,1,1,AAGCAGGTCCCTACAGACAT,0,993874
ecnBp,0.5,1,1,AAGCAAAAGCTCTAAGGATA,0,1019090
ecnBp,0.5,1,1,AAGAGTCGGCGGCACGCATG,0,977946
ecnBp,0.5,1,1,AAGAGCGCGAATCCCAACGC,0,1002839
ecnBp,0.5,1,1,AAGACTTTTCCCGTCTCCAA,0,997682
ecnBp,0.5,1,1,AAGACCACGTATGGGTTAAA,0,991895
ecnBp,0.5,1,1,AAGAATATCGGCCGACGTTG,0,979978
ecnBp,0.5,1,1,AAGAACAGAACGAATTGCGC,0,1018449
ecnBp,0.5,1,1,AACTTGTGTCTGTCAAGTAT,0,1021455
ecnBp,0.5,1,1,AACTTATGGCCGACAAGGGT,0,978602
ecnBp,0.5,1,1,AACTGTCATTGAGTATCATG,0,1005922
ecnBp,0.5,1,1,AACTCTCGATCATCAGAGAA,0,1011571
ecnBp,0.5,1,1,AACTACCTGTTAGCACAAAA,0,975319
ecnBp,0.5,1,1,AACTAATCTAATTTTAAGTA,0,1005345
ecnBp,0.5,1,1,AACGTTTGGAAGGAAGTCTA,0,989908
ecnBp,0.5,1,1,AACGGGTTAATTAATGGTAA,0,996112
ecnBp,0.5,1,1,AACGGCGATGTTCCATTTTC,0,980716
ecnBp,0.5,1,1,AACGGAGCTAGGAAGCTTGA,0,999835
ecnBp,0.5,1,1,AACGCGTTGAACGACGGGAC,0,987179
ecnBp,0.5,1,1,AACGATGGCCGTTTACAATA,0,1003781
ecnBp,0.5,1,1,AACCGCAGTCTCCACTCCAT,0,988069
ecnBp,0.5,1,1,AACCGATTTCGCGACGACGC,0,1019659
ecnBp,0.5,1,1,AACCATCTGCTTGCCCAGCT,0,1009007
ecnBp,0.5,1,1,AACCAGTGCGGCCTAGGCTC,0,1015634
ecnBp,0.5,1,1,AACCAGCGCATACCTGTTCT,0,1010594
ecnBp,0.5,1,1,AACAGCGTATGGTACTAAAT,0,992807
ecnBp,0.5,1,1,AACAGCGCTGCGCCATGTGG,0,972997
ecnBp,0.5,1,1,AACAGAGTACGTTAGGACCT,0,983812
ecnBp,0.5,1,1,AACAGACGTACGATCCGTGT,0,1023960
ecnBp,0.5,1,1,AACACTACGCACTAAACTGA,0,1024249
ecnBp,0.5,1,1,AACACGCTGGTGGCGATGCA,0,1020588
ecnBp,0.5,1,1,AACACCCCCACTCGTCTTGC,0,1025883
ecnBp,0.5,1,1,AACACCAGTTACTTACCACG,0,1026071
ecnBp,0.5,1,1,AACAAGACCACAATATAATG,0,973453
ecnBp,0.5,1,1,AAATTTCCATAAGTACGTTT,0,981086
ecnBp,0.5,1,1,AAATGGAGTAGGGGCTGTGA,0,995603
ecnBp,0.5,1,1,AAATCCCGACCAGTTTTTTT,0,975960
ecnBp,0.5,1,1,AAATCACCCATCGAGGCTTT,0,1018817
ecnBp,0.5,1,1,AAATATAGATCTTTGTGATG,0,975911
ecnBp,0.5,1,1,AAATAGTATGGATCGCTAGA,0,1026154
ecnBp,0.5,1,1,AAATACTCCGTCCTGAAACC,0,1022529
ecnBp,0.5,1,1,AAAGTGTGCGTACTTTCTTC,0,994631
ecnBp,0.5,1,1,AAAGGGGGCTTGCGAATCGA,0,983502
ecnBp,0.5,1,1,AAAGGGGATGATCCATCGCA,0,994746
ecnBp,0.5,1,1,AAAGGCACTGTAAATGGAGC,0,977780
ecnBp,0.5,1,1,AAAGGCAAGATAGAACGATG,0,998903
ecnBp,0.5,1,1,AAAGCTTCCTGTGGAATCAT,0,983248
ecnBp,0.5,1,1,AAAGATCGGTGTTGCCCGTT,0,987088
ecnBp,0.5,1,1,AAACTGTCATGAGAATTCCA,0,975451
ecnBp,0.5,1,1,AAACTGTAACTTCAGGGATT,0,987367
ecnBp,0.5,1,1,AAACTACTTAATCCTACGCT,0,978829
ecnBp,0.5,1,1,AAACGGAGGCCGACGGTAGT,0,986297
ecnBp,0.5,1,1,AAACCCCGGGGAGTGTTGTA,0,987678
ecnBp,0.5,1,1,AAACCAGCTTGTCTACCCAT,0,997554
ecnBp,0.5,1,1,AAAATTTTCTACTCGCCTAA,0,1021495
ecnBp,0.5,1,1,AAAATCGGTGTACCGGCACC,0,1021733
ecnBp,0.5,1,1,AAAAGGATCTCGACAGGGAC,0,1021033
ecnBp,0.5,1,1,AAAACTATTCATATTTCTGG,0,988829
ecnBp,0.5,1,1,AAAAACCTAGTATCTACATG,0,983870
ecnBp,251.0,250,0,GATTTGCTTCGCCGACGGCC,250,1014581
ecnBp,229.0,228,0,GTATCAGATTGGTGGATCCT,228,990239
ecnBp,193.0,192,0,ACCCGGGAAGGCCGTGGGTA,192,985608
ecnBp,167.0,166,0,TAGAGCCACTATATTGTAGA,166,993820
ecnBp,156.0,155,0,GCTGCCCCGTTCACTACTCG,155,976010
ecnBp,151.0,150,0,TATACGTAAGTTGTTGTACC,150,975050
ecnBp,148.0,147,0,TTGAACTCGCCCATTTACCT,147,1022055
ecnBp,147.0,146,0,CCTCGCCTTGCGTCTTCGAA,146,998108
ecnBp,146.0,145,0,CCTCAATCCCGATACAATGT,145,977396
ecnBp,145.0,144,0,TACTTCTACCAAGTGCCAAT,144,993257
ecnBp,141.0,140,0,GTTGGTCAGAAACCATAGGG,140,985601
ecnBp,137.0,136,0,TAGGTGTTTCGTAGACGGCC,136,995141
ecnBp,136.0,135,0,TTTTATGACGTCCACCCGTA,135,1024487
ecnBp,133.0,132,0,CCGGTAGATTCTGCACTGGT,132,980179
ecnBp,129.0,128,0,GAGCGCGGGTATGAGTTGAA,128,1018602
ecnBp,129.0,128,0,CAAAATAGCCCCGGCTTCAA,128,981023
ecnBp,128.0,127,0,GTTGTGTGAAGATTTACGCT,127,1003423
ecnBp,128.0,127,0,CCATGGATGGCAATAATAGT,127,973827
ecnBp,127.0,126,0,TATTCGCCCCTTAAAAGCAT,126,997229
ecnBp,127.0,126,0,GGTATTTGTAGAAGCGCCAC,126,988948
ecnBp,127.0,126,0,GACTGTGCGAGAAGCATCCA,126,987599
ecnBp,125.0,124,0,TATTGCGTCTGGCATCCATG,124,986675
ecnBp,125.0,124,0,CCTACATGTGTGTATTTACC,124,1005386
ecnBp,123.0,122,0,TCCTATCTCTCTACGGCATA,122,1020265
ecnBp,121.0,120,0,CACAAAGGAAGAGAATTAAG,120,1020843
ecnBp,121.0,120,0,AAGATCATGTTAACCACTGA,120,1018578
ecnBp,120.0,119,0,ACTTGCCTTCAGCTCACACA,119,988958
ecnBp,118.0,117,0,AGAAATATGTGTCCTTGAGA,117,995142
ecnBp,117.0,116,0,TGGGTGGAATACCTCGGTCT,116,993194
ecnBp,115.0,114,0,GTGATCCTGTGGCTTGCGAT,114,1013436
ecnBp,113.0,112,0,TCTGCTCTTGCTATCCCTGT,112,985377
ecnBp,113.0,112,0,GTGGGCTCATCCGGGTAGCA,112,1018579
ecnBp,113.0,112,0,CCCGGTTATCGTGCGTCTTA,112,1018745
ecnBp,110.0,109,0,TACCGCATGGGCGGTACTCG,109,995901
ecnBp,108.0,107,0,ATGTCTACGAGTCACTGGTT,107,981203
ecnBp,107.0,106,0,ATCCCCAGTCGGGGCCTGCA,106,1008382
ecnBp,102.0,101,0,TGTCGTCTTTCGCCCACACT,101,1018961
ecnBp,102.0,101,0,TGGAAAGATGACCACTCCAT,101,1003943
ecnBp,101.0,100,0,TCCTGATGAGTCGCGCCACG,100,1027575
ecnBp,101.0,100,0,CACGGCGTGGTTTACTCGCA,100,1025024
ecnBp,100.0,99,0,TAAAAATATTGTGGCTCCTG,99,993266
ecnBp,100.0,99,0,CAGTAAGGCTACCTGATTCA,99,986803
ecnBp,99.0,98,0,TTCGAGTACTACTCCTTATT,98,1008945
ecnBp,99.0,98,0,GCCTACGTTTTAGTGCAAGG,98,975405
ecnBp,99.0,98,0,CTAATTCGCCGTTACAAACA,98,1019989
ecnBp,98.0,97,0,GTTCAAAGCCAACTGGGTCT,97,985602
ecnBp,98.0,97,0,CATGACCAGGATCAAAGCTC,97,1014957
ecnBp,96.0,95,0,AGAGACTTGTAGCAGCAGGT,95,988910
ecnBp,95.0,94,0,GGCCTAAAGTTTGGGAATAT,94,980503
ecnBp,94.0,93,0,TGAGTATGTGTGTCCCTCGG,93,975718
ecnBp,94.0,93,0,TACAGGAGCTTGCGTAGTTC,93,990674
ecnBp,93.0,92,0,CTCCTCGAACTGGGGCAGAT,92,980057
ecnBp,93.0,92,0,CCACTTCATTGGTGAAAGCT,92,998589
ecnBp,92.0,91,0,AAATAGCTCTGACCACCTAA,91,978097
ecnBp,91.0,90,0,TCCCAAAGTGGTGCCCATTT,90,1000695
ecnBp,91.0,90,0,GCTAAGGGGGGTGCTCTACA,90,1000267
ecnBp,90.0,89,0,TACTCCGATTTTCAAAGATC,89,1018571
ecnBp,90.0,89,0,ATAGCACTGGCCCATGGTGC,89,973820
ecnBp,90.0,89,0,AGTGGCAATATCATCGAACT,89,1006376
ecnBp,89.0,88,0,TTGCGGGTTCAGGTGTCGCG,88,991913
ecnBp,89.0,88,0,GCTTAGAGTTCCAGCCAGGT,88,1000363
ecnBp,89.0,88,0,AACCCAGTGACACCAAAAGC,88,983178
ecnBp,88.0,87,0,CTCCGCATTAGAGTGTGCCG,87,989141
ecnBp,88.0,87,0,CCGCTGCTCTTTATCACCAT,87,975183
ecnBp,87.0,86,0,GATTCTTGGGTAGGCAGGCT,86,1010318
ecnBp,87.0,86,0,GAGTTGAAATAGACCTCTAG,86,1023897
ecnBp,87.0,86,0,ATAAGTCTCTTTGCTATACT,86,1006640
ecnBp,87.0,86,0,ACGTTTCTATAAGACCCAGT,86,996414
ecnBp,86.0,85,0,CTTTCGTAGTGATCGGTATC,85,1006653
ecnBp,86.0,85,0,ACCGGTTCGTTCGTCAAACT,85,999840
ecnBp,85.0,84,0,CTCTCCCGCGATAGTAAACT,84,1024793
ecnBp,84.0,83,0,TTATGATAAGTTCTCTGGTG,83,978498
ecnBp,84.0,83,0,CGGAGAAAAACTCTGAGATG,83,1025362
ecnBp,84.0,83,0,ATTCACGCGTGAATTCTCTA,83,981055
ecnBp,84.0,83,0,AAAAGGGTGAGAGGCTCTGC,83,988875
ecnBp,83.0,82,0,CTAAATAGGAAGCTGGGGTA,82,1001884
ecnBp,83.0,82,0,CATTAACGGATATAGGACAT,82,977574
ecnBp,83.0,82,0,ATGCGCCAGAAACGTCCTTC,82,1014702
ecnBp,83.0,82,0,ACGCGTGAGTTTTCGGCTTC,82,999547
ecnBp,82.0,81,0,GTCACTTGTGTTGCCATGTC,81,1002476
ecnBp,82.0,81,0,GATTTGTTAATTGAGGGGCG,81,975051
ecnBp,82.0,81,0,CGTTATCTGCGCCGTACTGG,81,1010272
ecnBp,81.0,80,0,TTCGAATATAAACCAGTATA,80,974436
ecnBp,81.0,80,0,CACCGATCTGTCCGGTTTGA,80,999573
ecnBp,81.0,80,0,AGGCGACCTTCAACCGTTGG,80,1019122
ecnBp,80.0,79,0,TTTTTGTAAGAATTTCCAAT,79,1019142
ecnBp,80.0,79,0,AAAGCTTTGGCATGCTAATA,79,986850
ecnBp,79.0,78,0,ATCGCCCAAGGTGCTGACAT,78,1010961
ecnBp,78.0,77,0,TGCGCCCAGATAAAGTTTTT,77,1025134
ecnBp,78.0,77,0,ACCAATATTCTACTGAAACT,77,995326
ecnBp,78.0,77,0,ACAGCCTTCCTCCGTCGTTT,77,977878
ecnBp,77.0,76,0,GGCACTACGGTTGTGCTGTG,76,973845
ecnBp,77.0,76,0,CGGTTTTAATTCTATTAGCA,76,994778
ecnBp,77.0,76,0,CCAATCGGATCTCTAATGAG,76,1003365
ecnBp,76.0,75,0,GGCCGGAGGACGGATGCAGG,75,982055
ecnBp,76.0,75,0,CTACGATTTAAAGAATCTGT,75,1006912
ecnBp,76.0,75,0,ATTAAGTGCTCACTTGTAAG,75,1005756
ecnBp,76.0,75,0,AGTTCTCCATCAGGCCCTTA,75,1024023
ecnBp,75.0,74,0,TGCGTTCCAAAGTCCTCCTA,74,973810
ecnBp,75.0,74,0,CTACATCGGAGCCTCTAGTC,74,975443
ecnBp,74.0,73,0,TCGCTGTATTTGAAGAACTA,73,974489
ecnBp,74.0,73,0,GCCCTTCTCGTACTACCGGA,73,991149
ecnBp,74.0,73,0,CCCAAGGCTTTCTCTGCTAT,73,1019129
ecnBp,74.0,73,0,ACGCACCTCAGAGCAGCAGT,73,986845
ecnBp,73.0,72,0,GGATTCACCACACGCCGGTG,72,994625
ecnBp,73.0,72,0,GAACTTTCTCGAGTATCCCT,72,981909
ecnBp,73.0,72,0,CGGCGCCGACTTTAACTCGT,72,977567
ecnBp,73.0,72,0,AGCAACATTTCTATTTCGGT,72,995103
ecnBp,73.0,72,0,ACGAATAATGAAGCAGACAA,72,995932
ecnBp,72.0,71,0,TTCCGTAAGCGCTGACATGA,71,986663
ecnBp,72.0,71,0,TGTTCCGATTGTTATTGTCT,71,991431
ecnBp,72.0,71,0,GTGCTCCTATTTGGGAGTAT,71,987474
ecnBp,71.0,70,0,TACTTCGTGTATGACTTTTA,70,977784
ecnBp,71.0,70,0,GGGTGTGGAACCTCGGTCTA,70,1015607
ecnBp,71.0,70,0,GGACCCATTCGTTCGCAAAA,70,987082
ecnBp,70.0,69,0,TTTTTAGGCTAACCGTCACC,69,976031
ecnBp,70.0,69,0,GCAGATAAATTCCCACAAGA,69,1004617
ecnBp,70.0,69,0,CAGTATGCTGAGTCCACGTG,69,1022000
ecnBp,70.0,69,0,CACGTCTTGCTAAATAGAAG,69,995341
ecnBp,70.0,69,0,ACAGCGGTGCTTAGACGCCT,69,991820
ecnBp,70.0,69,0,ACAAGATCACATCTTGTGAT,69,1013082
ecnBp,70.0,69,0,AATGATGCATACGGCGTACG,69,986518
ecnBp,69.0,68,0,GGTTTTGGCTTGGCGACCGA,68,1018588
ecnBp,69.0,68,0,GGTCTATGCCATTCGCCTGC,68,980334
ecnBp,69.0,68,0,ATAACCCGGGCTTGGCTTGC,68,1002028
ecnBp,68.0,67,0,TCGTGTCAACATAGTGCGTT,67,980139
ecnBp,68.0,67,0,GGTCCTGTGATCGCAACGCG,67,1024271
ecnBp,68.0,67,0,ACAACGTCGGATCGGCAGAA,67,999785
ecnBp,67.0,66,0,TCCCACCATGGAGACATGGT,66,990767
ecnBp,67.0,66,0,GTTTGCACACCTGCCAACAT,66,995322
ecnBp,67.0,66,0,GTATCTTCGGATAGGGTTTT,66,1008732
ecnBp,67.0,66,0,GGGTTGACCGTCTATAAGTT,66,979843
ecnBp,67.0,66,0,CTCTGAACGCCATTGGACAA,66,985660
ecnBp,67.0,66,0,CGGGTTCGATCTAGTATCTG,66,986477
ecnBp,67.0,66,0,AGCATCTCCCAGATTCACAA,66,1024925
ecnBp,66.0,65,0,TATTTATGGGTCAAGGCTAA,65,982299
ecnBp,66.0,65,0,TACGTGACGGTGTCAGGGGA,65,1023863
ecnBp,66.0,65,0,TAATAGCCTGCGGCGCGGGG,65,992731
ecnBp,66.0,65,0,GCACTGTGAAAAACCAAGTA,65,1004797
ecnBp,66.0,65,0,GAGTGCGTTAAGGATATGCA,65,989974
ecnBp,66.0,65,0,CTTGTGTCACCGGGCTCTGA,65,994519
ecnBp,66.0,65,0,CGACTCGTGAAAAGTGTAGC,65,1016258
ecnBp,66.0,65,0,ATCCGACCGAGGGATTGGCT,65,1020961
ecnBp,66.0,65,0,AGTCATTTGCGGATCTAGTC,65,1019224
ecnBp,65.0,64,0,GTCGAGAGCCCACCGAAAGA,64,1015507
ecnBp,65.0,64,0,GATGAGCCTTGTCCTTAGAT,64,989582
ecnBp,65.0,64,0,CTGTGCCTACCTGTATATCC,64,982615
ecnBp,65.0,64,0,CCCAGTACTTCTAAGTTCCT,64,1001142
ecnBp,65.0,64,0,CAGATGTCATATTATATTCG,64,1017348
ecnBp,65.0,64,0,AAGGAAAATTTGCATCGACA,64,1017298
ecnBp,64.0,63,0,TTTCTTACCGGTCATAAACT,63,1004431
ecnBp,64.0,63,0,TGTCGTCGAGCGAATACGAG,63,975844
ecnBp,64.0,63,0,GCAGCGTATCAGGCCTCAGG,63,982398
ecnBp,64.0,63,0,CAGCTCTGAGCAATCGGGCG,63,982748
ecnBp,64.0,63,0,CACGTGCAATTTAAGACACA,63,1022361
ecnBp,64.0,63,0,ATTGTGAGGCGAGCGCGATC,63,1014531
ecnBp,64.0,63,0,ATAAAGACGATCTCTCGTCA,63,990902
ecnBp,64.0,63,0,AGCTCGCACTTCGAACCAAA,63,1022862
ecnBp,64.0,63,0,ACAGATGAGCCGCTATCCCC,63,1010834
ecnBp,63.0,62,0,TAGTCTACAGATTTAGGTAG,62,1020419
ecnBp,63.0,62,0,GGGCGAATGACAAAGCGATT,62,1003209
ecnBp,63.0,62,0,GCCAAAACGTAACATCGAGG,62,1018418
ecnBp,63.0,62,0,CGCCGTGGGTGAGCAGACCT,62,1011963
ecnBp,63.0,62,0,CCTAGATTACCCCCCTGCTT,62,1020312
ecnBp,63.0,62,0,CACTCGCAAAATATGTAGAT,62,1022377
ecnBp,63.0,62,0,AGGTGATACTCGGGCGTTCA,62,1014583
ecnBp,62.0,61,0,TATTTACTGTCGGGGCAGTC,61,1004353
ecnBp,62.0,61,0,CGCTGGTTGATTGGCGCGGT,61,999383
ecnBp,62.0,61,0,CCGGTGTGCAGATTCCCTGC,61,1008658
ecnBp,62.0,61,0,CAGTGTTCCCACCAGGTTGT,61,1012205
ecnBp,62.0,61,0,ACTGCCCATGCGATATTCCA,61,978610
ecnBp,62.0,61,0,ACTAATTAACATGCACAATG,61,973807
ecnBp,62.0,61,0,ACGTCATGCTCCCCCAATGG,61,1018891
ecnBp,62.0,61,0,AAGAAATCGGCCGACCCTCA,61,986782
ecnBp,61.0,60,0,TGGATGAATTAAGGTGGCCT,60,991699
ecnBp,61.0,60,0,TACGTTAGTAGCGCAATCGA,60,1010390
ecnBp,61.0,60,0,TAAGGATATGGGCAGAAGCT,60,1015085
ecnBp,61.0,60,0,GGGTCAGGCTGAGCAGGTCC,60,1007429
ecnBp,61.0,60,0,CGATTTTATTAACGGCAGCT,60,980423
ecnBp,60.0,59,0,TGCGCAGGCTAGTCCGAGAA,59,986998
ecnBp,60.0,59,0,TAGGCTTACTCGGCCGCCAC,59,1016993
ecnBp,60.0,59,0,GCTTGCGGGGGCAATGGAGT,59,977686
ecnBp,60.0,59,0,GAGTCCCGGCGCGAGTGATC,59,1005085
ecnBp,60.0,59,0,GAGCTGAAGACGCGAGACAG,59,990324
ecnBp,60.0,59,0,GAAGTGTTTTGTCTATATCT,59,984425
ecnBp,60.0,59,0,CTAGGCGCAACCGAGCAGAT,59,1000609
ecnBp,60.0,59,0,CGTTTCTGCTCTTAGCAACT,59,994340
ecnBp,60.0,59,0,CATCTAATAAAACATGGCTA,59,1023200
ecnBp,60.0,59,0,ATGCGGTTACACGCGATTCG,59,976121
ecnBp,60.0,59,0,ATGAGCCTGGAAGATTGAAT,59,981134
ecnBp,60.0,59,0,ACTTGAACCACATGTATTGA,59,992272
ecnBp,60.0,59,0,AAGCTTTGGGGCCTCGACAG,59,1005680
ecnBp,59.0,58,0,TGCCTATTGACATTGGCAAG,58,1000491
ecnBp,59.0,58,0,TCTACTCCGGCTTCCCCAGT,58,1027070
ecnBp,59.0,58,0,TCCTCTAGTCGGCATACACA,58,994418
ecnBp,59.0,58,0,TCCTCACGACTAGATACTTT,58,1010936
ecnBp,59.0,58,0,TAGCAAAAATTTGTGCACCA,58,987932
ecnBp,59.0,58,0,GTTAGTTTGCTCCCCGTCCA,58,1027115
ecnBp,59.0,58,0,GGAAGTGGATGACACTGATG,58,1018719
ecnBp,59.0,58,0,GCTTTCGGACGTGACTAATC,58,996022
ecnBp,59.0,58,0,GCCGGGACTATGAGGGACAC,58,1017275
ecnBp,59.0,58,0,CCTCATGGTGAGCCATCCGT,58,1018756
ecnBp,59.0,58,0,CACGTGTGACGATGCAACGA,58,989091
ecnBp,59.0,58,0,CAATAGCCGGTCATTCTCAC,58,1012917
ecnBp,59.0,58,0,ATTAACCATTGCTGGCCTTA,58,997457
ecnBp,59.0,58,0,ACAGTCCGCACTTGCATCGG,58,996495
ecnBp,59.0,58,0,AAGGTACATCGGCTGAGTGT,58,986632
ecnBp,59.0,58,0,AACAAATGCCTCATCAATTA,58,1020882
ecnBp,58.0,57,0,TGATGGGACTATGGTTAGCA,57,1019918
ecnBp,58.0,57,0,TCTGACCTGATAATGGTATA,57,1014107
ecnBp,58.0,57,0,TAAATCGCTATTGCCTAAGG,57,972937
ecnBp,58.0,57,0,GCGTCATCGTTTTGTTTCCT,57,990403
ecnBp,58.0,57,0,CGAATGACTCGCCGCATCAT,57,1015554
ecnBp,58.0,57,0,CCACAGACATACGTACGCAT,57,977209
ecnBp,58.0,57,0,CATGACTGGTGGTTGTCACT,57,994748
ecnBp,58.0,57,0,AGGGAGCAAAGACTATACAT,57,979703
ecnBp,58.0,57,0,ACCTGAGTATGATATAAAGT,57,1009825
ecnBp,58.0,57,0,ACAGCGTGGATACCATAGGC,57,981103
ecnBp,58.0,57,0,AATATTGACGATGAACCCTC,57,980678
ecnBp,57.0,56,0,TTGGCAAGGCTATTCTATGT,56,993537
ecnBp,57.0,56,0,TTCTACGCACTATTCCTTGT,56,1022105
ecnBp,57.0,56,0,TTCGTGTCATGGATGCCCGG,56,977541
ecnBp,57.0,56,0,TGACCGACCCAACCCTTACA,56,1009548
ecnBp,57.0,56,0,TACGGGCAACTGTCCTATCT,56,976358
ecnBp,57.0,56,0,GGTCCCTCGACAACTTGAGC,56,972517
ecnBp,57.0,56,0,GGCCGTCCGGAAGTGTGGGA,56,1011102
ecnBp,57.0,56,0,GGCAACCTCTATGCATGTCT,56,1009590
ecnBp,57.0,56,0,GGAGCCACTTGAGCTGCAGA,56,1027029
ecnBp,57.0,56,0,GCGGTCCATTATGTGTATGT,56,1002849
ecnBp,57.0,56,0,CTGAATGGCGGCCCCGCGCA,56,994185
ecnBp,57.0,56,0,CGCTGATGCATCAGAAGAAG,56,979371
ecnBp,57.0,56,0,CGCCACTGGCAGGTATATTG,56,985271
ecnBp,57.0,56,0,CCCGGTCTCATGAAACGATG,56,1007057
ecnBp,57.0,56,0,CATCTAACGTCCCGTTCGCT,56,1013873
ecnBp,57.0,56,0,ATCAAGCAACCGCTGCCATC,56,995381
ecnBp,56.0,55,0,TTTGCATTATGTCAGATCCA,55,973144
ecnBp,56.0,55,0,TTGGTTTGTTTGTGTGCTCC,55,972340
ecnBp,56.0,55,0,TGTGAGTCGGCGTGCACATC,55,1012905
ecnBp,56.0,55,0,TGTCCAGTCTTGAACGAATT,55,1005288
ecnBp,56.0,55,0,TCCCCGAAAATGCAGAACGT,55,1001921
ecnBp,56.0,55,0,GGTACATGGTTACTCTCACG,55,972620
ecnBp,56.0,55,0,GGGACGAGAAGCAACATATG,55,973408
ecnBp,56.0,55,0,GATACCGTGGGTGCCCACCG,55,1023214
ecnBp,56.0,55,0,CTGGCTATGCTGAGGACATA,55,1015590
ecnBp,56.0,55,0,CTGAATTCTCTCACGAAAAT,55,996044
ecnBp,56.0,55,0,CATACAGTTCTACGTCAACT,55,998905
ecnBp,56.0,55,0,ATTCATCGTAGGTCTTCCCC,55,1024297
ecnBp,56.0,55,0,ATCACAAGAAATTAGGTTAC,55,1007051
ecnBp,56.0,55,0,AGGTTTACAAAACCCATCTA,55,1005436
ecnBp,56.0,55,0,ACATTCAGAAATTTGCTTGG,55,983129
ecnBp,55.0,54,0,TGTCTTAGACTCGTCCTGAA,54,1018107
ecnBp,55.0,54,0,TGACAGTACGGCCCGGGTGA,54,1021604
ecnBp,55.0,54,0,TGAAGAGAATGGGGTCGGGA,54,1006616
ecnBp,55.0,54,0,TCGCGTTTGGTTCGTTAGTG,54,974487
ecnBp,55.0,54,0,TCCTGATTGGAGAATCCTTT,54,1007244
ecnBp,55.0,54,0,TCCCCTTAAATACAATACGT,54,982162
ecnBp,55.0,54,0,TCAAAAGACAAACCAATTGT,54,1002974
ecnBp,55.0,54,0,TACCCGACCACACCCGATTC,54,989192
ecnBp,55.0,54,0,GGCCTCCAGCAGTGGTTTCA,54,1024383
ecnBp,55.0,54,0,GCATTGAATGATGGGTATTG,54,1009742
ecnBp,55.0,54,0,CTGCGATGGCGTTCTTAAGG,54,1027741
ecnBp,55.0,54,0,CGCCGCTAGTCATATGATTG,54,1015937
ecnBp,55.0,54,0,CCCCAGTTCTGGCTGGATAA,54,978271
ecnBp,55.0,54,0,CATAGCATAGACTTGGTCAG,54,988946
ecnBp,55.0,54,0,ACGCGTTACGCGCATGATGG,54,972920
ecnBp,55.0,54,0,AAACGCTCGAGAAAGCGCGT,54,1021574
ecnBp,54.0,53,0,TTTCGTGAGGGTTTTGGCTC,53,1018574
ecnBp,54.0,53,0,TTGGAAACAGTCGGTGTTGA,53,1003733
ecnBp,54.0,53,0,TTCCTAAAAGAGAAGCCGGC,53,981025
ecnBp,54.0,53,0,TGTAGAGGGACGCTGGGAGT,53,1022340
ecnBp,54.0,53,0,TCACTTAGCTTCCTTCCTGA,53,1000761
ecnBp,54.0,53,0,GGTCGCGACTCTCGCTGTGG,53,1006483
ecnBp,54.0,53,0,GGTAAGTTCATGGATTGCTC,53,988356
ecnBp,54.0,53,0,GCTTGCCAATTCGTAAATCG,53,1015235
ecnBp,54.0,53,0,GAGAGGAGAGACGCGACCGG,53,1009009
ecnBp,54.0,53,0,GACACTGAAATAACCGACCT,53,1013640
ecnBp,54.0,53,0,CGCATATCCGATCAAACCAC,53,1001319
ecnBp,54.0,53,0,CGAAGGCGTGGAAGATTCAG,53,979613
ecnBp,54.0,53,0,ATTGGACGGTGGACACGCCT,53,1017311
ecnBp,54.0,53,0,ATACGAAAGGAGCAAAGCAA,53,981499
ecnBp,54.0,53,0,AGGTGACCGCTGTGTTCAAA,53,985809
ecnBp,54.0,53,0,AAGTGGACTGCACTTGCCAT,53,984571
ecnBp,54.0,53,0,AACGGACTGCTAACGTGATA,53,1008483
ecnBp,53.0,52,0,TTATACGCTTGGCGGGGTCC,52,982616
ecnBp,53.0,52,0,TGCGAGCGGTACATGTGTAA,52,1006694
ecnBp,53.0,52,0,TCTATAAACTAAGAGTTGCC,52,971989
ecnBp,53.0,52,0,TATATCCTGCCGAACTTTCC,52,1019639
ecnBp,53.0,52,0,TACAGGGGGGTGTAATGGAA,52,1015157
ecnBp,53.0,52,0,TAAGCTCAGTGCCAAAACGA,52,973655
ecnBp,53.0,52,0,GGAACACCCCTATACCAGCT,52,1018785
ecnBp,53.0,52,0,GCTCGCTACGAAGGGCCAAT,52,1025209
ecnBp,53.0,52,0,GACCTACATAGGAAAAAGGT,52,983912
ecnBp,53.0,52,0,GAATTAGCTGGGTGTAACTT,52,1002825
ecnBp,53.0,52,0,CTGTTCTATCCACGTTTCCG,52,1020622
ecnBp,53.0,52,0,CTCATTTCCGTCGTAGTTAA,52,1027920
ecnBp,53.0,52,0,CGGCTTTTCCCCAGTTCAGA,52,1006712
ecnBp,53.0,52,0,CCCTGGGTGACCCCTTACAT,52,1026480
ecnBp,53.0,52,0,CAGGATACAAATCGCGGCCA,52,988975
ecnBp,53.0,52,0,AGATATCTATATAAGCGCAG,52,1017668
ecnBp,53.0,52,0,ACTGCACAAGGATTAATGTT,52,999064
ecnBp,52.0,51,0,TTAGCTGAAAGCGCTTGTCT,51,1007627
ecnBp,52.0,51,0,TCTAAGTAATGCGGGAGTGT,51,989975
ecnBp,52.0,51,0,TAAGTGAAAAAAGGCAACCT,51,983433
ecnBp,52.0,51,0,TAAAAGGGTCTTTGATTTAA,51,982910
ecnBp,52.0,51,0,GTTCCCTTCTGTGTGTATTA,51,992531
ecnBp,52.0,51,0,GTGTGATACTTGATAGGCAG,51,1019846
ecnBp,52.0,51,0,GTAGAGCGTCTGGGGAGCGG,51,1012364
ecnBp,52.0,51,0,GGTGGCTTGTTAGGCGTAAT,51,986561
ecnBp,52.0,51,0,GGTAAACACGCACGCCCAGA,51,1015915
ecnBp,52.0,51,0,GGGTTGTACATTACTATTAC,51,1014278
ecnBp,52.0,51,0,GCATGGGGGGGTACTGTACT,51,998450
ecnBp,52.0,51,0,GAAGTATATGTTGGACGTAA,51,994278
ecnBp,52.0,51,0,CTCTTCCAGATGAAGTTAAT,51,973016
ecnBp,52.0,51,0,CTCAGGGGCTCGAGGGGCTC,51,1020589
ecnBp,52.0,51,0,CGCACTCCAGCCCCTGGACT,51,1018204
ecnBp,52.0,51,0,CGAAGCCATGGTGGTGGTCT,51,990724
ecnBp,52.0,51,0,CAGTGTACTCAGCCACCCAT,51,992933
ecnBp,52.0,51,0,CACCCGCATTCCTTAATACC,51,1018559
ecnBp,52.0,51,0,AGGGCACGGTGGACCTAGAC,51,1016780
ecnBp,52.0,51,0,AGCTTTGCGATTGCCCTTCC,51,1022858
ecnBp,52.0,51,0,AGCAACTGGGCTGCAGTACT,51,976266
ecnBp,52.0,51,0,AATGGCAGGTTTAAGTAACT,51,1008819
ecnBp,51.0,50,0,TTCAACGAGTTCGCCACACC,50,1002246
ecnBp,51.0,50,0,TTATATTCACCTGTTGTTTC,50,1008167
ecnBp,51.0,50,0,GTGGTATAAATGTGCTACGT,50,1010325
ecnBp,51.0,50,0,GTCAGAAAGCTTGACGCGTT,50,980164
ecnBp,51.0,50,0,GTATCTGTTCGGGGCACCAA,50,994122
ecnBp,51.0,50,0,GGGATTAACACTCGTATACG,50,998686
ecnBp,51.0,50,0,GGCTTCTGCATGCTAGGGGA,50,975142
ecnBp,51.0,50,0,GCTGTGCAAGCACACTTGAT,50,987740
ecnBp,51.0,50,0,GCCCATTCGGACCCCTCAAA,50,1007361
ecnBp,51.0,50,0,CTTGGTCCCGTATCTGACAA,50,1000532
ecnBp,51.0,50,0,CCTTAGGGATGCTCCGGGCA,50,984032
ecnBp,51.0,50,0,CCCTAAGGCTGGCTATTACG,50,1021104
ecnBp,51.0,50,0,CCCCCCGATTGGGGACATTT,50,997800
ecnBp,51.0,50,0,CCATTATGGTCCAATTCACT,50,1002242
ecnBp,51.0,50,0,CATCTGGAAGTTTCGATCAC,50,1023878
ecnBp,51.0,50,0,AGAGTGAAACGACAAGAATG,50,978415
ecnBp,51.0,50,0,AGACATCAAGCCGTTGGCCC,50,981314
ecnBp,51.0,50,0,ACTCCTAGGGGTTACATAAA,50,1015204
ecnBp,51.0,50,0,ACGTATTCGGTCCTGATTAC,50,988260
ecnBp,51.0,50,0,ACGAACTCGAATGCTTACGT,50,999676
ecnBp,50.0,49,0,TTCTCCGGGCTGTTATCAAT,49,1013929
ecnBp,50.0,49,0,TTAACCGCGTACCTAGAAAT,49,1017361
ecnBp,50.0,49,0,TGTACGGACTGCCGTATATG,49,1006842
ecnBp,50.0,49,0,TCGATCTATTGCGGAACAAG,49,999843
ecnBp,50.0,49,0,TCACGACGTACGCTCACAGC,49,972729
ecnBp,50.0,49,0,TAGCCAGAGGCGATGTCTTC,49,1009586
ecnBp,50.0,49,0,GTTATCCACTCCGCGGAGTA,49,974727
ecnBp,50.0,49,0,GTACTTAGGTCATCGACGAT,49,1015471
ecnBp,50.0,49,0,GGTAAGTAATTGACTGTGGA,49,982907
ecnBp,50.0,49,0,GAGGAGGGGAAGACCAGGAT,49,991830
ecnBp,50.0,49,0,GACCCGGTGGTGCTCTTTAA,49,988733
ecnBp,50.0,49,0,GAAGAACCCCCGTGGTTCGT,49,1013389
ecnBp,50.0,49,0,CTGCTATTCTTCAATATCGG,49,1006280
ecnBp,50.0,49,0,CTCACACCTGTCTTAGACCT,49,974762
ecnBp,50.0,49,0,CTAGTTGAGTAGTCCCTCAA,49,990922
ecnBp,50.0,49,0,CGGTCCACGGTCTATCTAAA,49,1008287
ecnBp,50.0,49,0,CGGGTTCCTGACATTCGATT,49,1004320
ecnBp,50.0,49,0,CCACTGCAGCGCCGCGTCGT,49,1005865
ecnBp,50.0,49,0,CATTTATCAAGCTCACACTT,49,983681
ecnBp,50.0,49,0,CATAAATCGCCGAGATCCCG,49,1008044
ecnBp,50.0,49,0,ATGATTAGAGCTAGCTGATA,49,1004838
ecnBp,50.0,49,0,AGTGACCAGCGTGGCAAGCA,49,976025
ecnBp,50.0,49,0,AGGCAAACCGAGCTCTACGT,49,988638
ecnBp,50.0,49,0,AGGAGGAAGGAAGACGAACA,49,986120
ecnBp,50.0,49,0,AGATGGGGATTCTCGCAGTC,49,992522
ecnBp,50.0,49,0,ACGGACGGATTCCCGCAGTG,49,976760
ecnBp,49.0,48,0,TGTTACGGCAGTTCTAGACT,48,994687
ecnBp,49.0,48,0,TCCACTAAGAACCCAGTCCA,48,977581
ecnBp,49.0,48,0,GTTACGTAACGTTTCCTTGC,48,1004397
ecnBp,49.0,48,0,GTGTTAGTGTTCCGGATGGT,48,1010670
ecnBp,49.0,48,0,GTGATCTTAAAAGAGTATAT,48,1023650
ecnBp,49.0,48,0,GGCTAGGTTGCGCTTTAGAT,48,1001264
ecnBp,49.0,48,0,GGAATCCGCCGGTCAATTGT,48,995905
ecnBp,49.0,48,0,GCCTGGCGTGGTACCCGAGA,48,1001180
ecnBp,49.0,48,0,GCCGGGGTTCATAACGTATA,48,995522
ecnBp,49.0,48,0,CTTTGAATAAAAAACCCAAA,48,974301
ecnBp,49.0,48,0,CTCAATCTATACGACCGTTA,48,1009179
ecnBp,49.0,48,0,CGCATCCCAAACGACATCAC,48,1002412
ecnBp,49.0,48,0,CATCTTGCTATCTCGATATC,48,979476
ecnBp,49.0,48,0,ATGTGAGTGACAACATGTAA,48,1011116
ecnBp,49.0,48,0,ATGATAATGGTGCCGCCTAA,48,1011865
ecnBp,48.0,47,0,TTACTGATTTGCAAGACTTA,47,1001034
ecnBp,48.0,47,0,TGGGTAACATGGATAATGAA,47,973511
ecnBp,48.0,47,0,TATTTCCGGATTATGTAGGA,47,992403
ecnBp,48.0,47,0,TAAGTGCTACATCTAAGTTG,47,982175
ecnBp,48.0,47,0,GTGTATCACAGGGCACGCAG,47,1000322
ecnBp,48.0,47,0,GTACACGCTTTGAAGTCTGT,47,1015939
ecnBp,48.0,47,0,GGCGCTGCATTGGCATACCA,47,974499
ecnBp,48.0,47,0,GGAGAACTTTAAGTAATCTT,47,1018775
ecnBp,48.0,47,0,GGAATAGGCGAGTCAAAGAT,47,986250
ecnBp,48.0,47,0,GGAACACACGAATAATCTTC,47,1007233
ecnBp,48.0,47,0,CGGAAGGTTTGAATTACAGA,47,1007242
ecnBp,48.0,47,0,CCTTTTCCGAACAGCGATGA,47,975505
ecnBp,48.0,47,0,CCACAAAGCGCGCCGATAGC,47,1020274
ecnBp,48.0,47,0,CATCCTGGGTTAAGATATAT,47,1014658
ecnBp,48.0,47,0,CACTGTCACGTTATGACGGC,47,1008829
ecnBp,48.0,47,0,CACACGAATTTATTCACTTC,47,973859
ecnBp,48.0,47,0,CAACTTGGTCAGCGGATGCG,47,995551
ecnBp,48.0,47,0,ATGTTTAGAGTAACCAGAGT,47,973831
ecnBp,48.0,47,0,ATGACTGTGAGGAGGTACAT,47,981015
ecnBp,48.0,47,0,AGCTATTGCAGCGTTTTTAG,47,1000950
ecnBp,48.0,47,0,ACGTGCGTATAGGTTGTGTC,47,985145
ecnBp,48.0,47,0,AAGAACTAAGTCTAGGGTGA,47,978468
ecnBp,47.0,46,0,TCTAGCTTAACATCTTAACA,46,991817
ecnBp,47.0,46,0,TCGTGCAATTGATATTGATA,46,1006630
ecnBp,47.0,46,0,TCCTCGACTGCTGTTACTGG,46,974579
ecnBp,47.0,46,0,TCAAACTATGTGCTGGTCGG,46,979487
ecnBp,47.0,46,0,TACAGTGGTAACGTGTGCGG,46,1005079
ecnBp,47.0,46,0,TAATATTGAAGGAGTGGTGT,46,987739
ecnBp,47.0,46,0,GTTTCTATCCCGCGGACACT,46,1003821
ecnBp,47.0,46,0,GTCCGGACGTTTAACGGGAA,46,997005
ecnBp,47.0,46,0,GTATGGTGGGGTCAGGAGTT,46,1011299
ecnBp,47.0,46,0,GGTTTTCGGCAAGAGCGTGA,46,999544
ecnBp,47.0,46,0,GGCCTCGGCGCTACACTGTG,46,1013835
ecnBp,47.0,46,0,GGAGTAGCGCGGAGAATTGA,46,1005691
ecnBp,47.0,46,0,GCTCCCCCGCCCACGCCAAG,46,987398
ecnBp,47.0,46,0,GCGCAACGTTGCAGATCGCA,46,1010595
ecnBp,47.0,46,0,GCGAAATGTGCCGTCGAAGC,46,1017045
ecnBp,47.0,46,0,GCATGCGATTCTTGCTGTTC,46,1011035
ecnBp,47.0,46,0,GCAACTGTGGACATTCACCC,46,1009632
ecnBp,47.0,46,0,GAGCCCAGCTCTGTGAATTC,46,998390
ecnBp,47.0,46,0,CTTTCTCCTTCCCGGCCTAT,46,986237
ecnBp,47.0,46,0,CTGTCTTATTGTGACTCGCC,46,1007505
ecnBp,47.0,46,0,CTCCATCTGGCTACACATCA,46,974767
ecnBp,47.0,46,0,CTAGTACCAGGTCCTAGTTG,46,991471
ecnBp,47.0,46,0,CGTCCTGAAGTTACGACGCT,46,995003
ecnBp,47.0,46,0,CGTAATAACGATCTCCTTAT,46,974608
ecnBp,47.0,46,0,CGGTGTGACATCTTTGGAGC,46,1012627
ecnBp,47.0,46,0,CGGCATTCGACCATAACTCT,46,991047
ecnBp,47.0,46,0,CGAGATGCCAAGGCAGTCAG,46,1007689
ecnBp,47.0,46,0,CAAGTGTTCGCAATCTTACA,46,1007336
ecnBp,47.0,46,0,ATCGAGGGAGTTCCTGTAAC,46,983222
ecnBp,47.0,46,0,ACGTCCGCTATGCATACGGA,46,995858
ecnBp,47.0,46,0,ACGGCTGTTGAACCCGATTG,46,1022724
ecnBp,47.0,46,0,ACAACCCTCGGACGTTTTCA,46,1005466
ecnBp,47.0,46,0,AAAGTGGATTCACATTGTGT,46,985692
ecnBp,46.0,45,0,TGGCAGGAGAGGCTTGGCAT,45,1002085
ecnBp,46.0,45,0,TCTGCTTGTCCCCTAACCCC,45,995961
ecnBp,46.0,45,0,TCCGCTGGTTAACGAGTCTC,45,1023683
ecnBp,46.0,45,0,TAATGTGACAACGACACTAG,45,1017792
ecnBp,46.0,45,0,GTATTACGCCATTGCTGCAT,45,995999
ecnBp,46.0,45,0,GGGGGAAGTTAAACACATGG,45,1017091
ecnBp,46.0,45,0,GGCGCAATAATGCCTTTGAC,45,1000199
ecnBp,46.0,45,0,GGCCTCCAAAAGATTTATGT,45,998617
ecnBp,46.0,45,0,GCAGACTTATAGAGTAGAGA,45,980097
ecnBp,46.0,45,0,CTTTCCTGACGGGCTTGAGC,45,1013449
ecnBp,46.0,45,0,CTTCAGAAGGCATGAGGGAC,45,1013405
ecnBp,46.0,45,0,CTCATAGAAGCGGTTGGATT,45,972089
ecnBp,46.0,45,0,CGTCTATTGTACGGAAACAC,45,1026772
ecnBp,46.0,45,0,CGTAGTACGCCTAGCTATAC,45,1017830
ecnBp,46.0,45,0,CGGCCATCCCGTATTACCAA,45,992609
ecnBp,46.0,45,0,CGCTAGGTAGTGCCGTTTCA,45,1015053
ecnBp,46.0,45,0,CCGGCGTCCCCAGTGCCCCC,45,1025388
ecnBp,46.0,45,0,CCCCCGAAGACGTCTCTCCA,45,1014945
ecnBp,46.0,45,0,ATATTTGTAGCATATCTGAC,45,1022220
ecnBp,46.0,45,0,ATATCACTACGATTCGCCCA,45,993731
ecnBp,46.0,45,0,ATAGGAGGGGTTCGCGGATT,45,1002862
ecnBp,46.0,45,0,AGGGTTGCGATCGGTGCCTA,45,1022425
ecnBp,46.0,45,0,AGCTACACATTCCCGTCTAC,45,1014865
ecnBp,46.0,45,0,AGACCTCCCCAGATAAGTAG,45,974841
ecnBp,46.0,45,0,AAGCTGGAGTCGTGCACACA,45,988807
ecnBp,45.0,44,0,TTGGATCAGCGTGTACTCCA,44,991434
ecnBp,45.0,44,0,TCTGCGCAACGGTTGCTGGC,44,989058
ecnBp,45.0,44,0,TCTGACACGACCGATGCCTA,44,1005904
ecnBp,45.0,44,0,TCTAGCCTCCGGATGTGTTC,44,1021116
ecnBp,45.0,44,0,TCTACGGTAATCTATACTCA,44,1008149
ecnBp,45.0,44,0,TCGAAGGTCCAGGGCACCGT,44,982499
ecnBp,45.0,44,0,TAACGGGAATAGATTTTGTA,44,1021919
ecnBp,45.0,44,0,GTTGCACAGGCATTACAAAG,44,997476
ecnBp,45.0,44,0,GTCGTAATGTTATGAAGTAG,44,973522
ecnBp,45.0,44,0,GGTTAGAGAGTGGATCAAGT,44,997861
ecnBp,45.0,44,0,GGGGGGTACGCCATCCAACA,44,1025243
ecnBp,45.0,44,0,GGGCGTCGCTAATCGACTAA,44,996561
ecnBp,45.0,44,0,GCACCACCTGCTTTCTAATT,44,986074
ecnBp,45.0,44,0,GAGATAGGATCGAGGGCGAC,44,976576
ecnBp,45.0,44,0,CTTCCGTTACGGGTTGCAGT,44,980944
ecnBp,45.0,44,0,CTAACGGTGAATGGGCCACA,44,975311
ecnBp,45.0,44,0,CGCAGGGGCTGTGATGCAGT,44,992178
ecnBp,45.0,44,0,CCTCCGGAGTTTTAGTTACA,44,1011459
ecnBp,45.0,44,0,CCGTCGGGAAATGCTTCAAT,44,1002622
ecnBp,45.0,44,0,CCGAGCACAAGCACTGTTAA,44,1003835
ecnBp,45.0,44,0,CCGAAAACTCAATCGAGCCA,44,1022150
ecnBp,45.0,44,0,CCCGAGCGTTGAGCCCTGCA,44,995471
ecnBp,45.0,44,0,CAGGAAAGGAATCGACCTTC,44,994996
ecnBp,45.0,44,0,ATGTGTCTGGGAAGCGGTCG,44,1013487
ecnBp,45.0,44,0,ATAGTTCACTCCAAGTTCAC,44,978229
ecnBp,45.0,44,0,ACCGTTCACTCATTCTCCTA,44,1024509
ecnBp,45.0,44,0,AAAGCAGAATCTCTAATGTC,44,1019487
ecnBp,44.0,43,0,TTTGTGTGTGCAAACCGCTA,43,991583
ecnBp,44.0,43,0,TTTGTCGCGCATCGCTTTTT,43,999245
ecnBp,44.0,43,0,TGGCTGAACGGACGGAGGTG,43,991115
ecnBp,44.0,43,0,TGCTCTCCCCTCTCCTCAGT,43,982376
ecnBp,44.0,43,0,TGCCCGTAACATTCTGCCGA,43,983441
ecnBp,44.0,43,0,TGAATTGGGATCTCCCGTTT,43,1000993
ecnBp,44.0,43,0,TCAGCGACACCCTTAAGAGG,43,1015107
ecnBp,44.0,43,0,TATGTGGGGCCGGTCTTCAT,43,1023601
ecnBp,44.0,43,0,GTTGGGCTGTCAGCATGTTC,43,1012922
ecnBp,44.0,43,0,GTGTGATCCGGTTAACGAGC,43,982022
ecnBp,44.0,43,0,GGGAGCCAGGAATTTCGTTC,43,992097
ecnBp,44.0,43,0,GCAAGCAATCACAGCCAGGG,43,1003782
ecnBp,44.0,43,0,GAGGGTTTCAAGAATGCATC,43,1006323
ecnBp,44.0,43,0,GAACACCGTTTAAGATCAGC,43,981989
ecnBp,44.0,43,0,CTTTAGAACAAGAATTCGTA,43,975218
ecnBp,44.0,43,0,CTGTGCTGGTTGGGGTACCC,43,1013814
ecnBp,44.0,43,0,CTACGAGTTAATTAGTCGGA,43,989584
ecnBp,44.0,43,0,CCGTCGAGTGACTAGGCGGA,43,1000412
ecnBp,44.0,43,0,CCGGTGGAGTGTTGAATGTG,43,1020255
ecnBp,44.0,43,0,CCGGGTTATAGTTGTAATCA,43,982970
ecnBp,44.0,43,0,CACTCTTTAGCAAAAATGTC,43,1012831
ecnBp,44.0,43,0,CACACTAGCCCGGCGATCCA,43,1006327
ecnBp,44.0,43,0,ATCAGTTCCTATCCACCAAA,43,1006545
ecnBp,44.0,43,0,ATAGCTAAGAAGGTGCTGAT,43,988401
ecnBp,44.0,43,0,AGGCATTCACCATGGATGCC,43,981061
ecnBp,44.0,43,0,ACGCATCGATTGGATACGCT,43,1005858
ecnBp,44.0,43,0,ACCTGAAGCTATGGCTCCCG,43,981617
ecnBp,44.0,43,0,ACAAGGCAAGTAACGACTAA,43,991523
ecnBp,44.0,43,0,ACAAAAATCCACAGCACGAT,43,1009125
ecnBp,44.0,43,0,AATGTGGGCGGCGTTTACAG,43,1002822
ecnBp,44.0,43,0,AACTCCTATCGCAAGTTGTC,43,987918
ecnBp,43.0,42,0,TTGTTAGCTCGGCGGCCGCA,42,988557
ecnBp,43.0,42,0,TTGGCCGTAGTCTCGCAAGA,42,997776
ecnBp,43.0,42,0,TTACAACAGGGTTCAGTGAC,42,979450
ecnBp,43.0,42,0,TGAGCATACACTCCACTTAC,42,1001352
ecnBp,43.0,42,0,TCTTGGAAAGGAGTCACATT,42,978096
ecnBp,43.0,42,0,TCTCGAGAGCGACCATTACT,42,984396
ecnBp,43.0,42,0,TCGGTAGCCATCGTCATAGC,42,994022
ecnBp,43.0,42,0,TCGACACAACGGAACTTTGT,42,1004137
ecnBp,43.0,42,0,TCCTGGTCATACCGCCCAAG,42,975210
ecnBp,43.0,42,0,TCCCCTATTATGTGAGTTCA,42,1017087
ecnBp,43.0,42,0,TCAACCTATGTGTCCTCCGA,42,1008908
ecnBp,43.0,42,0,TAATGACGCGCCAATTTTAT,42,1026381
ecnBp,43.0,42,0,GTTCGGATGATACACACGTT,42,1025414
ecnBp,43.0,42,0,GGTGGACCGAGAATAAGGTC,42,1006290
ecnBp,43.0,42,0,GGGTAGCCAAGGTTCCAGCT,42,1009289
ecnBp,43.0,42,0,GGACACCGAACTATTGCTGT,42,1023666
ecnBp,43.0,42,0,GCTCTTAACGAAAGTTGTGT,42,1011853
ecnBp,43.0,42,0,GATGGCCGTCCCTTGATTGT,42,1013643
ecnBp,43.0,42,0,GAAATGGTAGTCAACACGAT,42,1007194
ecnBp,43.0,42,0,CTCCCATTTTTAACATGGAC,42,1008728
ecnBp,43.0,42,0,CTAAAATCTCCCCCTCGCAA,42,1018831
ecnBp,43.0,42,0,CGTCCTAGCTATCTTTAAGT,42,980023
ecnBp,43.0,42,0,CGCTCACACCGACCGAGAGC,42,1018630
ecnBp,43.0,42,0,CACATATGAATCATCTGAAC,42,1006896
ecnBp,43.0,42,0,ATGCTGTCAGGGAGAAAGAT,42,1017845
ecnBp,43.0,42,0,AGCAAGATTCAAATTGTCGC,42,982573
ecnBp,43.0,42,0,ACGGTGCATTACCCTCGGAC,42,993510
ecnBp,43.0,42,0,ACGGCGATCCACGGAAACAA,42,1017824
ecnBp,43.0,42,0,ACCTGGGACCCCGAGGGTTA,42,991977
ecnBp,43.0,42,0,ACAAGCAGGGCATCTCTTAT,42,1002072
ecnBp,43.0,42,0,AATAGGCAAACCTATTAACC,42,977719
ecnBp,43.0,42,0,AATACGAAATCAGCAACCAT,42,989868
ecnBp,43.0,42,0,AAGAAGCTTTGCGGTCGGGA,42,1003790
ecnBp,43.0,42,0,AAAGCCGGGGCATCACCCTT,42,984708
ecnBp,42.0,41,0,TTAACCAATTAACCACCGAG,41,978770
ecnBp,42.0,41,0,TGTGCACAGCAGCTTAAGTT,41,985655
ecnBp,42.0,41,0,TGGTTACTGATTGCTGCGGT,41,1012553
ecnBp,42.0,41,0,TCTATAAATAGCTGGGTCAC,41,1002735
ecnBp,42.0,41,0,TAAGCGGTATTTGGTGAGTC,41,1001788
ecnBp,42.0,41,0,TAAGAGACGACTCCCAGGCC,41,974848
ecnBp,42.0,41,0,GTTCCCGTTTGTTTCTTACA,41,993005
ecnBp,42.0,41,0,GTGCTCGAGCCCGGATGACG,41,1017057
ecnBp,42.0,41,0,GGTCTTGGCCGAGATAATCT,41,1002927
ecnBp,42.0,41,0,GCACGAGGGGTTGGGTCGAT,41,1006171
ecnBp,42.0,41,0,GAATCCGTCGAATAAAGGAG,41,978218
ecnBp,42.0,41,0,CTTTCTTCTCAGACCGACGG,41,982339
ecnBp,42.0,41,0,CTTGACGTATAGTGAGAATT,41,977569
ecnBp,42.0,41,0,CTGGATCCGGTTAGTGGGCT,41,1022410
ecnBp,42.0,41,0,CGTCAGTTCGGGACGGTTTA,41,1018707
ecnBp,42.0,41,0,CGCTATGAGCAGAGCACCCT,41,975663
ecnBp,42.0,41,0,CCGGCGACCATATGATGCGT,41,982916
ecnBp,42.0,41,0,CCAGCTAAGACGGAACACGG,41,995660
ecnBp,42.0,41,0,CATGGTGAGTCGTTTGCCGT,41,1002576
ecnBp,42.0,41,0,CATGAAGCGGCATTGTTGCG,41,1012698
ecnBp,42.0,41,0,CATCGGTAAGTAAATTTGTT,41,1003840
ecnBp,42.0,41,0,CATCAACCTCCTGTTTTGAC,41,1007572
ecnBp,42.0,41,0,CAGGACTTGCCTGGGGTGAC,41,1016379
ecnBp,42.0,41,0,CAGCAATGATCACGTTTTGT,41,977282
ecnBp,42.0,41,0,CACCCCGCCGATACCACATC,41,997102
ecnBp,42.0,41,0,ATTGCGAAAGCTTACGAATT,41,1007715
ecnBp,42.0,41,0,ATGCCGTGTCGTGCACCGAT,41,1025862
ecnBp,42.0,41,0,ATGCCAGCCAACCCCGGGTC,41,985310
ecnBp,42.0,41,0,ATGCAGAGCAGGTGGGCTTA,41,988200
ecnBp,42.0,41,0,ATCATAGTGTTGTCCCTAAT,41,1026749
ecnBp,42.0,41,0,AGTTCTTTCAGACCAGCGAT,41,1000999
ecnBp,42.0,41,0,AGTACTCGACCAAGCTACGT,41,1017495
ecnBp,42.0,41,0,AGATCGTTGTTTACACAGTT,41,989174
ecnBp,42.0,41,0,AGATCAATATACCGGATCTT,41,1014792
ecnBp,42.0,41,0,ACTTCTGGATTTATAGTGCT,41,976616
ecnBp,42.0,41,0,ACTGGAAGTCGGCATAATTA,41,994781
ecnBp,42.0,41,0,ACCAGGCTCGTAAGACCCAT,41,1008761
ecnBp,42.0,41,0,ACATTGAGGTATATCGCGGA,41,979935
ecnBp,42.0,41,0,ACAGTTTTAGCGAGTTGTGG,41,1000162
ecnBp,42.0,41,0,AATATACACAGCTCCCCGAT,41,1022428
ecnBp,41.0,40,0,TTTAGACCATGCCAAACTCT,40,975246
ecnBp,41.0,40,0,TTGTCCTACGTTTTTTGTGA,40,981543
ecnBp,41.0,40,0,TTACCGTAGGAGTTCGGGCG,40,1023019
ecnBp,41.0,40,0,TGTGTCCCGATGTAAATACT,40,995994
ecnBp,41.0,40,0,TGTACAGCAGACGGAAACGG,40,972700
ecnBp,41.0,40,0,TGCTGAAGCTAGAACTCGAA,40,1007816
ecnBp,41.0,40,0,TGACCTAGAGCTGGAAAGAC,40,1021707
ecnBp,41.0,40,0,TCTCTGACAGGCTACTTTGC,40,1024090
ecnBp,41.0,40,0,TCGTTTTGAGGGCCGATTGG,40,987354
ecnBp,41.0,40,0,TACTTTTCAACCACGAGGAA,40,992020
ecnBp,41.0,40,0,TACTGTCTCGCGGGTGTGGA,40,1001267
ecnBp,41.0,40,0,TAAGAAAACAATGTTTTTTC,40,1007509
ecnBp,41.0,40,0,GTCTAGTCTCCGCACGCGTT,40,1008061
ecnBp,41.0,40,0,GGAGAACCCCCCCACCATAA,40,1015820
ecnBp,41.0,40,0,GAGCGATCATGTAGAATTTA,40,990665
ecnBp,41.0,40,0,GACTAGCAAGGATCGATCTT,40,1023764
ecnBp,41.0,40,0,GAAGTAATAGGGCTGAATTC,40,983556
ecnBp,41.0,40,0,GAAACCATTCAAGAGCATTT,40,992386
ecnBp,41.0,40,0,CTCCTCATGCCGTAGCTCCA,40,1001923
ecnBp,41.0,40,0,CTAGGATGCCACCGGCTGAA,40,989682
ecnBp,41.0,40,0,CCTTGACTCGGATTAGGGGA,40,1022728
ecnBp,41.0,40,0,CCGCCCGCTGTAGTCTTCAG,40,974501
ecnBp,41.0,40,0,CATACGCAATGACGAGGGCT,40,996443
ecnBp,41.0,40,0,CAGGGAAGTCTTAGGGCATC,40,995995
ecnBp,41.0,40,0,CAGGCCATTTTAACTGTAAC,40,983276
ecnBp,41.0,40,0,CAGAAAGCTGTCTACAAAAA,40,983638
ecnBp,41.0,40,0,CAATAAATTTCCCATGCGTC,40,982855
ecnBp,41.0,40,0,ATTGCTGGTCCTTAAAAGAG,40,972885
ecnBp,41.0,40,0,ATCTTGGGGCAGGTGAGTTC,40,975831
ecnBp,41.0,40,0,ATATGAAATTCTTCTGGTAA,40,982358
ecnBp,41.0,40,0,ATACAAATCCCGCTGTGTTT,40,1015046
ecnBp,41.0,40,0,AGGGCGTTTCAAACATATAT,40,975583
ecnBp,41.0,40,0,AGAACTTGACCCCTCTACAT,40,1019345
ecnBp,41.0,40,0,ACCCGGGTGAACGAGACCAC,40,997761
ecnBp,41.0,40,0,ACCAAGGGGGCTATAGAGGT,40,1014902
ecnBp,41.0,40,0,AAGTTTGCCTGTATATGTTG,40,1009477
ecnBp,41.0,40,0,AAAGTAGTCGGCATGGTAAA,40,972808
ecnBp,40.0,39,0,TTTATGCAGGCTGGATTACA,39,977412
ecnBp,40.0,39,0,TTGACGGTCAGTTTGTGTAC,39,1000398
ecnBp,40.0,39,0,TTCTGAAGACCAACTATCTG,39,1024119
ecnBp,40.0,39,0,TTCGTATACTATTAGGCGCA,39,1027442
ecnBp,40.0,39,0,TTCGGCCCGTGATAATGCCT,39,972198
ecnBp,40.0,39,0,TGTGATGTTCGTACAACTGT,39,973840
ecnBp,40.0,39,0,TGGGGAGACTCAATTTGGGT,39,1026698
ecnBp,40.0,39,0,TCTGCATTTGTCATAAGAGT,39,1018106
ecnBp,40.0,39,0,TCTCTGTTCGAGTCGTACTA,39,991257
ecnBp,40.0,39,0,TCGTACCAAACGACCAGGCC,39,1001625
ecnBp,40.0,39,0,TCGACCAAATACCATCAGGT,39,1013787
ecnBp,40.0,39,0,GATAGGTAATCACTGGGTCC,39,1005604
ecnBp,40.0,39,0,GACGCCCTACCGAATTGAAA,39,1004416
ecnBp,40.0,39,0,CTGTGAGTTCTTAAACTCTA,39,974212
ecnBp,40.0,39,0,CTCCTTAATGCAAAATACGT,39,998017
ecnBp,40.0,39,0,CGGACATGATATAGTTAGCT,39,985778
ecnBp,40.0,39,0,CGATTTAGCGGGGACTCTGT,39,981577
ecnBp,40.0,39,0,CGAGTTCCATAAACGCGGGA,39,1007385
ecnBp,40.0,39,0,CGAGGCACGCATTGAAATGT,39,999380
ecnBp,40.0,39,0,CGAATGACTGTAAGTTCGGT,39,1006680
ecnBp,40.0,39,0,CATATATTCAGAGGAGGCAA,39,1011642
ecnBp,40.0,39,0,CATAACCTACCTGTATGGAG,39,995409
ecnBp,40.0,39,0,CACGCTTGCAGGTCTAACAT,39,1024332
ecnBp,40.0,39,0,CACGCCTGACAAGCTTCAAT,39,1015550
ecnBp,40.0,39,0,ATTAACTTGCGTTTATACCC,39,978007
ecnBp,40.0,39,0,ATATGGACGTTCAAATTTAG,39,986524
ecnBp,40.0,39,0,ATATCTAATGGGTTAAGAGC,39,1009547
ecnBp,40.0,39,0,ATAGGTTTAAGCGCTTTGCA,39,1007308
ecnBp,40.0,39,0,AGGTTGTTTAACAGCATCGA,39,1000106
ecnBp,40.0,39,0,AGGGACTCTAGGGGTCATAA,39,1008972
ecnBp,40.0,39,0,AGCTACGGCGAGTCGTCCGG,39,1002023
ecnBp,40.0,39,0,ACTCACGTCAGTGTCAACAA,39,978172
ecnBp,40.0,39,0,AATACAAACGACTTAGGAGC,39,988607
ecnBp,40.0,39,0,AAGTTGGCGGACCGGGACGA,39,1015105
ecnBp,39.0,38,0,TGGTTTCTGTCAAATCTTTG,38,1014111
ecnBp,39.0,38,0,TGGACGTGCGGGTCTGGATT,38,1023892
ecnBp,39.0,38,0,TCGTTAAAGGGGTTCGTTAC,38,985606
ecnBp,39.0,38,0,TCAGTGATCTTAGAGTGCAA,38,989968
ecnBp,39.0,38,0,GTCGTAGGAGGCACGCTTAC,38,995903
ecnBp,39.0,38,0,GTATCCAAATGATTGGGTTG,38,995593
ecnBp,39.0,38,0,GGAACGGATGGTGCCATCGA,38,978217
ecnBp,39.0,38,0,GCTCATCATGATAGTCATGG,38,972137
ecnBp,39.0,38,0,GCCGCACGCCGGGTAGTCCA,38,981296
ecnBp,39.0,38,0,GACCTGGCAAAGCAAACCGA,38,1022170
ecnBp,39.0,38,0,CTGAGTTTCCTTCAACCTTT,38,1001986
ecnBp,39.0,38,0,CTAGCGGTCAACCTGGGAGC,38,986418
ecnBp,39.0,38,0,CTACCTGCACCAGGGGTCGG,38,986888
ecnBp,39.0,38,0,CGTATAGCCAGAATTGAGGT,38,1007717
ecnBp,39.0,38,0,CGCTAGCAAGCTAGATTCAT,38,1012566
ecnBp,39.0,38,0,CGCGCTATGGCTTCGATTCT,38,1027388
ecnBp,39.0,38,0,CGCCCATAGGCCTAGATGTG,38,1019103
ecnBp,39.0,38,0,CGACGACAATTGGGTTGTAA,38,989794
ecnBp,39.0,38,0,CCGTTGATTCCAGTGAATGG,38,1013121
ecnBp,39.0,38,0,CCCATCACGTCCCGGCATCC,38,991156
ecnBp,39.0,38,0,CCAGAGAACTCCTTAGAAAC,38,1005437
ecnBp,39.0,38,0,CATACGTAATAGAACTTATA,38,1022415
ecnBp,39.0,38,0,ATAACAAAGCTTATTTTCCC,38,977096
ecnBp,39.0,38,0,AGGTGCCCAGCTCTGTGCTA,38,1017554
ecnBp,39.0,38,0,AGGACGGGTTTAAGCCCGAT,38,978206
ecnBp,39.0,38,0,ACATTGGGGTTCGCGCACTT,38,990334
ecnBp,39.0,38,0,AAGGGCATAAACACCGCCCT,38,981243
ecnBp,39.0,38,0,AACGAATCGAGCGTATTACC,38,1001220
ecnBp,39.0,38,0,AACCTTGTGTGAGTACGCTA,38,988922
ecnBp,38.0,37,0,TTCTAAGCCATTGGAATTAA,37,993451
ecnBp,38.0,37,0,TGGGCACGCCTTGGAACAGA,37,974434
ecnBp,38.0,37,0,TGCGAACCGCTCTAAGAACT,37,986521
ecnBp,38.0,37,0,TGCATTCTCCTTAATAAATC,37,976904
ecnBp,38.0,37,0,TGATTGTCGATCCGCCGGAG,37,972488
ecnBp,38.0,37,0,TATCTGATGTGGCGCGGCCA,37,1004638
ecnBp,38.0,37,0,TAGACCAGTAATTTGACATT,37,1015088
ecnBp,38.0,37,0,GGGATTACCACCAAGGCGTT,37,1005760
ecnBp,38.0,37,0,GGCAAAGAGTCTCGCCGTTA,37,994308
ecnBp,38.0,37,0,GCCAGGCAGGTTCCCCGTCC,37,1000749
ecnBp,38.0,37,0,GAGGCGAAGTACGGGCTGGC,37,996313
ecnBp,38.0,37,0,CTTATTGACACGCAGAAGGC,37,993979
ecnBp,38.0,37,0,CTGGCTCATCCGCATGAGGA,37,1006811
ecnBp,38.0,37,0,CTCTCCACAGAGCCTATCGA,37,983924
ecnBp,38.0,37,0,CGAAGCGGGGGAAAATCGCG,37,1016650
ecnBp,38.0,37,0,CCTCAGTAATTTCCACACCT,37,1012665
ecnBp,38.0,37,0,CACGGCCAAGGTCCCATTCG,37,992743
ecnBp,38.0,37,0,CAAACGGTACTACCGTACTG,37,981588
ecnBp,38.0,37,0,ATGAGGTCCAACAAATAGCT,37,1011226
ecnBp,38.0,37,0,ATATGTCTACCACTAAGAGA,37,985151
ecnBp,38.0,37,0,AGGTAGACTCAACCCACAGA,37,973716
ecnBp,38.0,37,0,AGATGCAGCATTGGTGCGGC,37,978110
ecnBp,38.0,37,0,AGAATTCCGCAACCTAACAT,37,990672
ecnBp,38.0,37,0,ACATCCGTCGTACGCGAAGT,37,983686
ecnBp,38.0,37,0,AATGGACTTTTATCTGGGCG,37,999171
ecnBp,38.0,37,0,AATGCTCAGAAGACAGTGGG,37,985861
ecnBp,37.0,36,0,TTGGTGGCGTCATCTATCCT,36,984063
ecnBp,37.0,36,0,TGTGTAAAAGCACTCGGCTC,36,1005660
ecnBp,37.0,36,0,TGTCCACATTCCTTAGCCCG,36,992526
ecnBp,37.0,36,0,TGGGTCGCCCGATTTGGTGG,36,984816
ecnBp,37.0,36,0,TCTGCAGTCAGGATGCAAGA,36,988861
ecnBp,37.0,36,0,TCCCTCGATTAGTTCTATAA,36,1008791
ecnBp,37.0,36,0,TACAGAATTTCAAAGCGACC,36,1022216
ecnBp,37.0,36,0,GTGACTTTGACCTCCACACT,36,1007265
ecnBp,37.0,36,0,GTATCGATTACGCGGCCACG,36,1019734
ecnBp,37.0,36,0,GGCGCTCATAAGGGCAATGA,36,986248
ecnBp,37.0,36,0,GGCACTCCCTGAGCAGGTTG,36,976944
ecnBp,37.0,36,0,GGATGGGTCAGGCTTCGAAG,36,995228
ecnBp,37.0,36,0,GAGATTGTAGGCTAAGAAAC,36,996018
ecnBp,37.0,36,0,GAACATTCTAGCGAAGAAGT,36,986445
ecnBp,37.0,36,0,CTTGTCGAGGGGGTTGGAGC,36,980867
ecnBp,37.0,36,0,CTTATGCAATTGTTAAGGGA,36,1006749
ecnBp,37.0,36,0,CGTTTTCAAAAATTGAATAG,36,981632
ecnBp,37.0,36,0,CGTGCGATGTGTCCTCATTA,36,976196
ecnBp,37.0,36,0,CGGTACCGTTTAGCGACCAG,36,995751
ecnBp,37.0,36,0,CGGCCATGCATTACTGCACG,36,978304
ecnBp,37.0,36,0,CGCCTACACATGTCTACGAC,36,1019845
ecnBp,37.0,36,0,CGATACTGCGTCAGAGGGTC,36,999650
ecnBp,37.0,36,0,CCGCCTTCCCTCGAAATGCA,36,1016805
ecnBp,37.0,36,0,CCCTGCATACGATCTTTGAA,36,997961
ecnBp,37.0,36,0,CCAGTCCTTGGGCTTTCTTG,36,994998
ecnBp,37.0,36,0,CCAACGAAACTAGATAGGGG,36,985802
ecnBp,37.0,36,0,CAGGGTTAGGGCGTCAGCAA,36,1020903
ecnBp,37.0,36,0,CAACCCTCAATCGGCTCGCC,36,1007695
ecnBp,37.0,36,0,ATTTTCGCCAAGAATGACAC,36,1015818
ecnBp,37.0,36,0,ATGTTCGGATATACATTTTT,36,1021749
ecnBp,37.0,36,0,ATCACGTGACGATAAAAAGC,36,999057
ecnBp,37.0,36,0,ATACAAAGCCTGTATCGTTA,36,990673
ecnBp,37.0,36,0,AGTTTCAGTTTGCGGCATTA,36,983772
ecnBp,37.0,36,0,AGGTGGAGAGGAGATCGGTA,36,1013834
ecnBp,37.0,36,0,AGGGGTTAATTCCAGGAGTC,36,1006633
ecnBp,37.0,36,0,AGGATGAGGGAAGATATCAC,36,989648
ecnBp,37.0,36,0,ACTTCCCACCTCGCAATTCT,36,1008969
ecnBp,37.0,36,0,AATCTCTGCGCTCGCATTCG,36,1005215
ecnBp,37.0,36,0,AAACAGTGGCCGGATGCGAA,36,1022599
ecnBp,36.0,35,0,TGACGGTGAAGTCGCTACGT,35,1018584
ecnBp,36.0,35,0,TCTCTAGAAATGGGATACAC,35,1021066
ecnBp,36.0,35,0,TCGTCCATCCCTGCCTAGAA,35,973249
ecnBp,36.0,35,0,TCCTTCTCACCGAGAGGGAG,35,1005178
ecnBp,36.0,35,0,TCCTATTGGTAATCGTTAAG,35,1016771
ecnBp,36.0,35,0,TATCACTCTCCCCGCCACGC,35,993812
ecnBp,36.0,35,0,TACGAACCCGCTGGATCGTA,35,995183
ecnBp,36.0,35,0,GTCCGATTTTTCATCAATCT,35,999470
ecnBp,36.0,35,0,GGTTCAGGGATCAAAGGAAA,35,1022156
ecnBp,36.0,35,0,GGGAAAGGATTAGTATCTAA,35,984719
ecnBp,36.0,35,0,GGATACCTGTGATAAGGTGT,35,995726
ecnBp,36.0,35,0,GGACGGAAAGAATGTGCTCC,35,976696
ecnBp,36.0,35,0,GCGGACAGCTATATTCGATC,35,1023713
ecnBp,36.0,35,0,GCGCATATCCGCACTATAGG,35,1019925
ecnBp,36.0,35,0,GCCTAATACTCTACATACCA,35,1007686
ecnBp,36.0,35,0,GCCCAATTATGGGCTCCTGT,35,1003575
ecnBp,36.0,35,0,GATCGGATTCAACGTTAGGC,35,1019143
ecnBp,36.0,35,0,CGTGACTGCTTTTGGGCCGT,35,1015706
ecnBp,36.0,35,0,CGCATATTGTCGCAAATTAC,35,1018576
ecnBp,36.0,35,0,CCGCCAAGAGAGGTGACATT,35,1019534
ecnBp,36.0,35,0,CCGATCGCCTCATTCAACTG,35,991792
ecnBp,36.0,35,0,CCCCAGGTTTCCCTTCATTG,35,982248
ecnBp,36.0,35,0,CATGGAAGCCTTAAGTCTTA,35,974491
ecnBp,36.0,35,0,CACGGGGGGCTTTAGTGGCT,35,1026498
ecnBp,36.0,35,0,CACCCGATATTCCACGGGTC,35,980883
ecnBp,36.0,35,0,CAAGGATTTGGTCTAATGGG,35,992210
ecnBp,36.0,35,0,ATTGTCCAAGCACTTACCAT,35,991142
ecnBp,36.0,35,0,ATCATTGACTTAGAGCAAAA,35,988354
ecnBp,36.0,35,0,ACTGTGGACCCCTGTGGTCG,35,1012538
ecnBp,36.0,35,0,AAGAGCTCTTGGTTATAGGA,35,1013056
ecnBp,36.0,35,0,AACTGTTGTTACAATACTCA,35,1001482
ecnBp,36.0,35,0,AAAGGTCGCTAGATACCCAA,35,981012
ecnBp,35.0,34,0,TTTGCATGATATCGGTCGCA,34,1012294
ecnBp,35.0,34,0,TTACACTACCAGCGACCAGT,34,976803
ecnBp,35.0,34,0,TGTGAAGGGCGGGGAGACTC,34,1015467
ecnBp,35.0,34,0,TGCGTGGGCACCGACTGTCA,34,1021267
ecnBp,35.0,34,0,TGCACGAGTTTTAAAGTATC,34,1025679
ecnBp,35.0,34,0,TGAGATTACGCCTGCGCATT,34,999793
ecnBp,35.0,34,0,TGACAACCCTCACAGTATGA,34,975015
ecnBp,35.0,34,0,TCGAGGGGAGCGGCCCGAGT,34,985617
ecnBp,35.0,34,0,TCACTGAATTCCATCGAGGA,34,980619
ecnBp,35.0,34,0,GTGATACGGGTTGGCGACTT,34,988038
ecnBp,35.0,34,0,GTCCACAGAGAACTCCGTTA,34,983814
ecnBp,35.0,34,0,GGGCCACATGCCAGTCGAGC,34,998440
ecnBp,35.0,34,0,GGCGAGTGTCTCGTGCGGCT,34,999022
ecnBp,35.0,34,0,GCTTTGAAGCGCGACAGCGC,34,1000186
ecnBp,35.0,34,0,GATGCCCGTTTATGGGAAGT,34,972570
ecnBp,35.0,34,0,GATACAGTTAATTGTACAGT,34,1000499
ecnBp,35.0,34,0,GAAATTCAATTCCTATGTGT,34,973254
ecnBp,35.0,34,0,CGATTCCCGGATACTGTACG,34,1017605
ecnBp,35.0,34,0,CGATGTAGCTCGCCACAAAT,34,1003158
ecnBp,35.0,34,0,CCTAAAGTCAGGTTCGCAGG,34,974753
ecnBp,35.0,34,0,CCGTGCACAGACATGTGCAA,34,1000539
ecnBp,35.0,34,0,CCCTGCTGAGGACGCATATT,34,989218
ecnBp,35.0,34,0,CATTGACAGTACTTCCGTCC,34,993766
ecnBp,35.0,34,0,CAGGGGGTGCGGGCGGGGGG,34,1005998
ecnBp,35.0,34,0,CAGCAAAGGGGCATCCCGTA,34,994706
ecnBp,35.0,34,0,CACGCCGAGTTTAGATATAT,34,989102
ecnBp,35.0,34,0,CAAGGGTGCTATTTCCTGCG,34,1003970
ecnBp,35.0,34,0,CAACAAACCCATCAAAACAC,34,994377
ecnBp,35.0,34,0,ATTTTAGCGCCAAGACGAGG,34,997869
ecnBp,35.0,34,0,AGTCATCCACGGATAGTAGA,34,995338
ecnBp,35.0,34,0,AGTATTTCCGGGCGGTAGTT,34,994348
ecnBp,35.0,34,0,AGGCGTATCTAGTTGAACCG,34,997821
ecnBp,35.0,34,0,AGCGACGCTCACTCATGGAT,34,987062
ecnBp,35.0,34,0,AGATTACCATAGTTGTCAAA,34,1013970
ecnBp,35.0,34,0,AGAGGGCAGAGGCCAGCATC,34,1021108
ecnBp,35.0,34,0,ACGTGCTGGCAATGGAGTCC,34,1010823
ecnBp,35.0,34,0,ACATCTATTAAGGACCAGAA,34,1020091
ecnBp,35.0,34,0,AAGGAGCACCTGCCCGGTCA,34,1023760
ecnBp,34.0,33,0,TTGATATATCAGCGTTATAT,33,1000067
ecnBp,34.0,33,0,TGCAATGCGGGAATCACGAT,33,982880
ecnBp,34.0,33,0,TCTTGAGTGACGTTATTTTA,33,980779
ecnBp,34.0,33,0,TCCGGTGATGTGAGCTCATT,33,975832
ecnBp,34.0,33,0,TAGCGGACAGATATACTGGC,33,998615
ecnBp,34.0,33,0,GTGTTACTCGAATTCGTCTT,33,994747
ecnBp,34.0,33,0,GTCGCCTCCCCTATATGTCA,33,1015849
ecnBp,34.0,33,0,GTCGACCAAGTAGTGAGGGT,33,1007298
ecnBp,34.0,33,0,GTAGTTTCGAACCGTGATAC,33,982303
ecnBp,34.0,33,0,GGTGTTATGGGTACTAACAA,33,1025052
ecnBp,34.0,33,0,GGCAATGGCCCTTACGGCGA,33,977920
ecnBp,34.0,33,0,GCCCATATCTCGTAGGATGG,33,1025457
ecnBp,34.0,33,0,GATTTGAGCAGAACGCCTAT,33,979826
ecnBp,34.0,33,0,GATCATGATCTTACGATCTT,33,1004849
ecnBp,34.0,33,0,CGTAGACGGCTTTGGTTCGT,33,1027437
ecnBp,34.0,33,0,CGGATCAGTAAAAATCCACC,33,1017833
ecnBp,34.0,33,0,CCTGTGTCTTGGGCAACATA,33,997967
ecnBp,34.0,33,0,CCCGCGGTTCAGCGGTCAAA,33,984540
ecnBp,34.0,33,0,ATGTCCTACTGTAGTTCTAC,33,974224
ecnBp,34.0,33,0,AGTTAAGGCCCCACGCGTTA,33,988646
ecnBp,34.0,33,0,AGTATAATTGTAACGTGGTG,33,972294
ecnBp,34.0,33,0,ACTTATGACTTGGTACACTT,33,977572
ecnBp,33.0,32,0,TGTTTGGATGCTCCTGGCAA,32,995191
ecnBp,33.0,32,0,TGTCTGGCGGATCTACCGCC,32,1002655
ecnBp,33.0,32,0,TGTAGCGGATGCGCCCCAAC,32,1026933
ecnBp,33.0,32,0,TGGTGCGTTGCCAACCCCGC,32,1002755
ecnBp,33.0,32,0,TCATACCCATCGCATTTCTT,32,1019810
ecnBp,33.0,32,0,TCAGGCCTGATAGTGGTCCA,32,1000483
ecnBp,33.0,32,0,GTTTTTGCTTTCTCTTCTTA,32,1012326
ecnBp,33.0,32,0,GTTTAGTGATCGAATCCCCC,32,1007866
ecnBp,33.0,32,0,GGGGACACCCGACTTGAGAA,32,1000509
ecnBp,33.0,32,0,GGAGGACTAGATTCAAAGGT,32,979555
ecnBp,33.0,32,0,GCTGACGGAAACACGTTCAA,32,988376
ecnBp,33.0,32,0,GCATTCTCGGGGGGGTCAGA,32,1001984
ecnBp,33.0,32,0,GATCACACGAGCTTTACTAT,32,1019804
ecnBp,33.0,32,0,GACTGTAGCATGATTTGTAT,32,1020630
ecnBp,33.0,32,0,GACTCAGTAGGTATACATGC,32,1009325
ecnBp,33.0,32,0,GAATAATTCCAACAAAGGTT,32,1009622
ecnBp,33.0,32,0,GAACCGGGATCGTATAGCAT,32,1008159
ecnBp,33.0,32,0,GAAAATCAGGCGTCAGAAGC,32,1010182
ecnBp,33.0,32,0,CTTGGTTCCTCTGCCGACCT,32,1001050
ecnBp,33.0,32,0,CTATTGCTATGCTGCACCAA,32,974483
ecnBp,33.0,32,0,CTAATGCGACGCAGAGTCAT,32,980299
ecnBp,33.0,32,0,CGGTCGGCACCCAAGTGCGG,32,996281
ecnBp,33.0,32,0,CGGGAGCCGTCTGGGAGGGT,32,999516
ecnBp,33.0,32,0,CGAGGTTTATTATGGAGTGC,32,1005364
ecnBp,33.0,32,0,CCTGCCTTGCGCATACCTCC,32,997045
ecnBp,33.0,32,0,CCTCTACGGCAAGCGTTCCA,32,1006257
ecnBp,33.0,32,0,ATATCGACGCTGTCTCGGAT,32,987114
ecnBp,33.0,32,0,AGTTCCACAAACAACACGCG,32,1005878
ecnBp,33.0,32,0,AGTTCAGATAATTTTATCGT,32,996891
ecnBp,33.0,32,0,ACCCGGCGTGTATATAAGTG,32,1023999
ecnBp,33.0,32,0,AATTCCTTGCGTCAGCGCTA,32,1008079
ecnBp,33.0,32,0,AACCATTCAGATCCCAGAAC,32,991976
ecnBp,33.0,32,0,AACACTTCGCGAGGCGCGTT,32,1005388
ecnBp,32.0,31,0,TTCTAGGGCTTGAGAGTTCA,31,1005397
ecnBp,32.0,31,0,TGGCTAAAGCGCCCGTACAC,31,995938
ecnBp,32.0,31,0,TGGATCTCCGAGCCCCTTTC,31,1000873
ecnBp,32.0,31,0,TCCTAGAAGGGCTAGCATAC,31,980638
ecnBp,32.0,31,0,TAACCACGTGAGATGCGCTA,31,983058
ecnBp,32.0,31,0,GTTTATCTATTCTCCGTAAT,31,1000855
ecnBp,32.0,31,0,GTTCGAGTGCACCGGGCCAA,31,1007534
ecnBp,32.0,31,0,GTTCCTAGTACGGGTGTTCA,31,1022004
ecnBp,32.0,31,0,GTGTCATGACGACCCTCTAA,31,1009216
ecnBp,32.0,31,0,GTCTGAGATCCCACAGGTGC,31,991146
ecnBp,32.0,31,0,GGTGTATCGACCGGCTGCAT,31,1006080
ecnBp,32.0,31,0,GGTAATGGTTTAGGTCATCT,31,995220
ecnBp,32.0,31,0,GCTTTTTATAATATTCGATG,31,975017
ecnBp,32.0,31,0,GCCATGGGAAGAGGCTGAGG,31,991662
ecnBp,32.0,31,0,CTTTTAGTCTGGTGTCCACT,31,996691
ecnBp,32.0,31,0,CTCACGTGGGCAGCCGAACA,31,982344
ecnBp,32.0,31,0,CTCAAAAAGTGCGATGTAAG,31,985893
ecnBp,32.0,31,0,CTATGCCCTCTGGCTAGTAA,31,987922
ecnBp,32.0,31,0,CGTGGTAGTCAGGCGGTAGC,31,1016327
ecnBp,32.0,31,0,CGAACGGGAGTGTAAAGCTT,31,1005571
ecnBp,32.0,31,0,CCGAGGTCTGGAATTCATAA,31,977199
ecnBp,32.0,31,0,CATTTCACGACCGGAGTTAC,31,1023767
ecnBp,32.0,31,0,CATCAGTTTTATAAACTGTC,31,973299
ecnBp,32.0,31,0,ATGTTATGCCAATCATGTTC,31,1016694
ecnBp,32.0,31,0,ATGACGTACTAAAACGGGGA,31,996898
ecnBp,32.0,31,0,ATCAGTTTTGCCTTTTGTGG,31,998984
ecnBp,32.0,31,0,ATCAGCGTTGTTAAGGCAAT,31,999278
ecnBp,32.0,31,0,AGTTGTGTGTGGCCGGGGTA,31,1022383
ecnBp,32.0,31,0,AGTCTTCGCGAATTACATCC,31,996926
ecnBp,32.0,31,0,AGTCCGTTAGTCCACTCCGT,31,991404
ecnBp,32.0,31,0,AGCCGCGGCCCGATAATGGC,31,996451
ecnBp,32.0,31,0,ACTTCACGGTGCTAGGTTTC,31,984093
ecnBp,32.0,31,0,ACAAAGCGGCAGGCCGCTCT,31,1013977
ecnBp,32.0,31,0,AAGCTCTCACGGTACGGTAG,31,981593
ecnBp,32.0,31,0,AAATTGCCCCCAGATTCTGT,31,1019066
ecnBp,32.0,31,0,AAATTAAGTAAAAGGTCGAT,31,1000638
ecnBp,31.0,30,0,TTGGATCCCGGCACATCGAC,30,986714
ecnBp,31.0,30,0,TGTTAGGATCTAAATGAAGA,30,980132
ecnBp,31.0,30,0,TGTTACCTCGCCAGTTTGGT,30,1010698
ecnBp,31.0,30,0,TGAGGCTCAGCTCGATCCGC,30,1022214
ecnBp,31.0,30,0,TGAGATGGGCTTTGCAATGT,30,1027042
ecnBp,31.0,30,0,TCGCGTGAATAAGGACCTTA,30,989777
ecnBp,31.0,30,0,TACGCTATTTGTAAGTTTTG,30,1023282
ecnBp,31.0,30,0,TAAGTGTTCACGAATTCTTT,30,1007653
ecnBp,31.0,30,0,GTGGTGACAGTGGCAGTGAA,30,1020494
ecnBp,31.0,30,0,GGGATTATAGAGATAGCCTG,30,1021073
ecnBp,31.0,30,0,GCTTAATCGCTCTAGGAGGT,30,982708
ecnBp,31.0,30,0,GCTCGAGGAGAGTCTTCCAA,30,1014114
ecnBp,31.0,30,0,GCGTGATCATTTGAAAAAGT,30,1017032
ecnBp,31.0,30,0,GCGTCAATGCCTGGGGATTG,30,989062
ecnBp,31.0,30,0,GCGCCTACATAGTCCGTCTT,30,973685
ecnBp,31.0,30,0,GATCTAGACAACCTGTTAGA,30,1017124
ecnBp,31.0,30,0,GAATAAGACTACGTCGGGGG,30,998932
ecnBp,31.0,30,0,CTGGGCCGTCGTGAACTAAG,30,1003757
ecnBp,31.0,30,0,CTCTCGCCAATGTCGCTAAG,30,976571
ecnBp,31.0,30,0,CTCTAGACATGGGTACATCT,30,973767
ecnBp,31.0,30,0,CGTGGAACTGCAGACACGCG,30,982038
ecnBp,31.0,30,0,CCCGGGTGGGACAACCGACA,30,986364
ecnBp,31.0,30,0,CCCGAATCCGCGTTAGTGAT,30,986516
ecnBp,31.0,30,0,CATGTTGCGACGAAGTGGAT,30,983704
ecnBp,31.0,30,0,CAAGTTACGGCGTGAATCCA,30,989734
ecnBp,31.0,30,0,CAAAAGGCAGCTTGTTCTTG,30,999786
ecnBp,31.0,30,0,ATATCCCCCAGGGGTTCCCC,30,993716
ecnBp,31.0,30,0,AGTACATAGGCATACCAGGG,30,995383
ecnBp,31.0,30,0,AGACCGGTAACGTCATAGTA,30,986444
ecnBp,31.0,30,0,ACTTTGAAGTGCCTCGGTAC,30,982774
ecnBp,31.0,30,0,ACTTGGGGTATAGAGCATGG,30,978102
ecnBp,31.0,30,0,AATTTAATCGAATAGTCCCA,30,980223
ecnBp,31.0,30,0,AAGTTTCTCACGCCAGATTA,30,1027061
ecnBp,31.0,30,0,AAGATGCCATTCGACAAATT,30,1009892
ecnBp,31.0,30,0,AAGACAAAATAGGACGGAAC,30,974528
ecnBp,31.0,30,0,AACGCCCTAGGAATTGAGTT,30,975144
ecnBp,30.0,29,0,TTAATGGGCTACATCCAAAT,29,1018391
ecnBp,30.0,29,0,TGTGTCTGTACTTACGGACC,29,1015325
ecnBp,30.0,29,0,TGTGCGGAAACGTCTGAGAC,29,1007475
ecnBp,30.0,29,0,TGCCTACGAGCGACAAGCGA,29,978519
ecnBp,30.0,29,0,TCCTTGGTCTAGAGGTAAGT,29,976324
ecnBp,30.0,29,0,TCCTATATGAAGTGTAATTG,29,982816
ecnBp,30.0,29,0,TACATTCATTAGTTTGTACC,29,983808
ecnBp,30.0,29,0,TAACTGGGCAGCGCATAGTG,29,1025340
ecnBp,30.0,29,0,GTTTTGTTTCTTTAACGCCC,29,991290
ecnBp,30.0,29,0,GTTGAAGGCCGGATCTGCAA,29,977320
ecnBp,30.0,29,0,GTTCCAACATCCCTCAGGCA,29,986335
ecnBp,30.0,29,0,GTGGGTGCCCTCGGTAGCAG,29,986449
ecnBp,30.0,29,0,GGTCGGATCTACAGTCGGCA,29,976840
ecnBp,30.0,29,0,GGCAAAGTTATGCTTGATGC,29,1006571
ecnBp,30.0,29,0,GCTTCCAGAATCCAATAGAG,29,1025380
ecnBp,30.0,29,0,GATCAATAAGGTGAGCAACA,29,993747
ecnBp,30.0,29,0,GATAGTAGACTTGCGTGAAA,29,1008509
ecnBp,30.0,29,0,GAGAGCCCGTCTGATCCGGA,29,975134
ecnBp,30.0,29,0,CTTAGCATTACAACGGTAAG,29,1012290
ecnBp,30.0,29,0,CGCTACCGCCCTAAGGATTG,29,975918
ecnBp,30.0,29,0,CCTTTGTTCCCACTCTGCCC,29,997577
ecnBp,30.0,29,0,CCTTCACCGAGAGCTGTTGT,29,978525
ecnBp,30.0,29,0,CCAATTTGCTTTCACATCCC,29,999760
ecnBp,30.0,29,0,CATCTCATGGGTTTACGTAG,29,1005479
ecnBp,30.0,29,0,CACGGCGTCAAACAATTTCT,29,1004550
ecnBp,30.0,29,0,CAATCGCACCGTTGGAGGAG,29,996392
ecnBp,30.0,29,0,ATGCATCCTACAACACGTTA,29,987555
ecnBp,30.0,29,0,AGTACCCACACGCTAGGAGG,29,1006201
ecnBp,30.0,29,0,AGGGTTAGCTGCGCAATTAA,29,1016292
ecnBp,30.0,29,0,AGCCAGAGCCCTCTTCGTAA,29,1027227
ecnBp,30.0,29,0,ACTTCTGTTTGTGCTGACGA,29,978220
ecnBp,30.0,29,0,ACGACTAGAAGGTTGCCCCT,29,993452
ecnBp,29.0,28,0,TTTGATGGCGGTACGAGCAT,28,994924
ecnBp,29.0,28,0,TTGGTCATTCTCACCGGAGA,28,1027374
ecnBp,29.0,28,0,TTGCCCCGGGACTCTTTTTT,28,1020685
ecnBp,29.0,28,0,TTCACATTGGAGGGATTACT,28,974246
ecnBp,29.0,28,0,TGGGTCTTCGTCCTTGACTG,28,976392
ecnBp,29.0,28,0,TCCTGACATTAGGGGCGATC,28,1025430
ecnBp,29.0,28,0,TAGGCAATAGAGTTATTCAT,28,994117
ecnBp,29.0,28,0,TAATCGTTTCAGTCTTAGGC,28,1007263
ecnBp,29.0,28,0,TAAGTGCCCTAGGTATAGAA,28,1005404
ecnBp,29.0,28,0,GGGGGCCTTTTCACCTTCCG,28,1005638
ecnBp,29.0,28,0,GCGAATCTACGTCCACTACA,28,1025330
ecnBp,29.0,28,0,GCCCACCGTGGGCATGCAAA,28,1012110
ecnBp,29.0,28,0,GATTCACAACGAGCGGAGTA,28,973185
ecnBp,29.0,28,0,GATCGACAAATCTGCAAAAG,28,994345
ecnBp,29.0,28,0,GAATTGTGGCTGTTTGCTTA,28,1013382
ecnBp,29.0,28,0,CTGGGCGTCATATACGGGGA,28,977140
ecnBp,29.0,28,0,CTGGCGACATCCCAGAAGCC,28,1009493
ecnBp,29.0,28,0,CTATGCGGGCACATTAGATC,28,1005524
ecnBp,29.0,28,0,CGCCACCTTCTAGCATGTCT,28,1022089
ecnBp,29.0,28,0,CCCCTGCCAATACACCTTAT,28,989829
ecnBp,29.0,28,0,CACTCGGTGCCTTCAAACGG,28,1023455
ecnBp,29.0,28,0,CACTACAGGATTAAGGTCTG,28,999741
ecnBp,29.0,28,0,ATGTGCGTTTTTGCACGGGA,28,1026096
ecnBp,29.0,28,0,ATCAGGAACCAACAGTAATA,28,998627
ecnBp,29.0,28,0,AGTCGTTTACCTGAACAGCC,28,1013233
ecnBp,29.0,28,0,ACCCGCGTCTATCCTGTCCT,28,991340
ecnBp,29.0,28,0,ACATTCATATCCACTTGGGA,28,990335
ecnBp,29.0,28,0,ACATACTTGGACTAGCGTAA,28,980136
ecnBp,28.0,27,0,TGTTCCGAACGGCTTATTAC,27,1008902
ecnBp,28.0,27,0,TGAATCTACCTGCTGGTATG,27,1023354
ecnBp,28.0,27,0,TCGCGCCGGTTGTTCCCGAC,27,995328
ecnBp,28.0,27,0,TCCAGTCATTTGATTACCCT,27,976808
ecnBp,28.0,27,0,TCACGCGGAACGGGGTCATT,27,989619
ecnBp,28.0,27,0,TCACCGTCTCGGAGTTATAT,27,1012991
ecnBp,28.0,27,0,GTTTCACACAGATGACAAAA,27,979443
ecnBp,28.0,27,0,GTGTTAGGGGGTTCAACTAG,27,1007813
ecnBp,28.0,27,0,GTGAGAGACGGCACCCTATT,27,1019365
ecnBp,28.0,27,0,GTCCGCTGAGACCACATTTA,27,974223
ecnBp,28.0,27,0,GTCACACGTTTACACCTCCC,27,978327
ecnBp,28.0,27,0,GGGTTCGCACGGCCTATGGC,27,987684
ecnBp,28.0,27,0,GCTAAAAACCGGCCATCATA,27,987509
ecnBp,28.0,27,0,GCGGATACACATATAGCGTA,27,978562
ecnBp,28.0,27,0,CTCGTGAGCAACTTCCGCGG,27,1007735
ecnBp,28.0,27,0,CGTATTCGAAGAGGGTGGTT,27,1017883
ecnBp,28.0,27,0,CGTAACGGCTTGGTGACGGA,27,1011049
ecnBp,28.0,27,0,CCTTACGGCCGCTCAGTCTT,27,998765
ecnBp,28.0,27,0,CCCTGTATGTATTCCTAACG,27,996826
ecnBp,28.0,27,0,CCACGTTATTTCATATTCAC,27,1010895
ecnBp,28.0,27,0,CCACGGCTGGATTCGGACGC,27,977105
ecnBp,28.0,27,0,CATGTGTAGCGTGTTGGATT,27,993971
ecnBp,28.0,27,0,ATGCTAGCTCGGCGTGCAAA,27,1004392
ecnBp,28.0,27,0,ATATTGATACTGGGCCTAGG,27,991089
ecnBp,28.0,27,0,AGCAATAACGGTAGGGAATT,27,982016
ecnBp,28.0,27,0,AGCAAGCTGGAGTGCAAAGG,27,993373
ecnBp,28.0,27,0,ACCGCACAAGGGGATATAAG,27,1003726
ecnBp,28.0,27,0,ACCGATCGCGCCAAGATGGC,27,991533
ecnBp,27.0,26,0,TTCGGTGGTGTGAGTATCAA,26,1005125
ecnBp,27.0,26,0,TTATGGGATATAACCTACTT,26,983016
ecnBp,27.0,26,0,TTATAACTTCTCTATTTAAC,26,1006261
ecnBp,27.0,26,0,TGTGACTGCGAAGAAACTCC,26,1002280
ecnBp,27.0,26,0,TCTTCCCCGGAAATATACTT,26,1023828
ecnBp,27.0,26,0,TCGAAAATAGACGTAAACAT,26,986345
ecnBp,27.0,26,0,TCCCCTATTGCCCGACTGTT,26,973192
ecnBp,27.0,26,0,GTTCATCGCTTTACACATAC,26,1003917
ecnBp,27.0,26,0,GTTACCCTGGCAACTTTTTG,26,1000642
ecnBp,27.0,26,0,GTGTCCACATCCACTTTGGA,26,974600
ecnBp,27.0,26,0,GGCCCGCCGCGGTGGTTATA,26,1006119
ecnBp,27.0,26,0,GCCCTGAAACATACAGATGG,26,987426
ecnBp,27.0,26,0,GATAAGCCCTCAGCTAGTAG,26,974527
ecnBp,27.0,26,0,CTTAGTTCTGCGATATCTTA,26,977723
ecnBp,27.0,26,0,CTCAAATCTCGCAATTCAGT,26,1026630
ecnBp,27.0,26,0,CGTCGTAAGTGCTACAGGTC,26,1010695
ecnBp,27.0,26,0,CGTATCTAGTTGGCGATCGG,26,1022337
ecnBp,27.0,26,0,CCTCGAGGCCGGAAAACTCA,26,999141
ecnBp,27.0,26,0,CCGTTGCGACTTTTGCTGTT,26,1002247
ecnBp,27.0,26,0,CCGGGCTATCGTAGTCATCG,26,973679
ecnBp,27.0,26,0,CCGGCTTGGAATGGGGGATC,26,993525
ecnBp,27.0,26,0,CAATCGTAACTTGTTCGTCT,26,986528
ecnBp,27.0,26,0,ATGGCAACTATCACCGTGTT,26,985065
ecnBp,27.0,26,0,ATCTTTTTGCACTTCCGAAG,26,999317
ecnBp,27.0,26,0,ATCCTGGATAGTGAAAATCA,26,996900
ecnBp,27.0,26,0,ATACCTTGTTATGATATGAA,26,1018612
ecnBp,27.0,26,0,ACTGCCGTGCCCGGTCGGTT,26,973285
ecnBp,27.0,26,0,ACCACAGGGGCTTTAAGTAT,26,985075
ecnBp,27.0,26,0,AATACAAGCCGTGGCGTTTA,26,981315
ecnBp,26.0,25,0,TTTCTCCAACGTTATTGTCT,25,980009
ecnBp,26.0,25,0,TTGGTGTGCGACCGTCAGGA,25,973999
ecnBp,26.0,25,0,TTATTGTTCTACTTATGTGG,25,1019137
ecnBp,26.0,25,0,TTAAATGGCTATGCGTCCGA,25,974575
ecnBp,26.0,25,0,TGGTCACTTGGAAGGTTTGC,25,988944
ecnBp,26.0,25,0,TCCTGTAGCATTACCATCTC,25,1005025
ecnBp,26.0,25,0,TCCGTAATCACCGGGAGGCC,25,989681
ecnBp,26.0,25,0,TCAGATACCTTCTCCCTTAC,25,1024263
ecnBp,26.0,25,0,TCAACGCAAAGGGACTATGA,25,1004790
ecnBp,26.0,25,0,GTCTCTGCGAACGCTATAGT,25,984838
ecnBp,26.0,25,0,GGAAGATGCGAAGCGGGTCC,25,1026487
ecnBp,26.0,25,0,GCTAGCATGAGAGGTGCAAC,25,994744
ecnBp,26.0,25,0,GATCATGAAGCGCCTAAGTC,25,1011457
ecnBp,26.0,25,0,CTTAAAACTGATGCCTGTTA,25,1012120
ecnBp,26.0,25,0,CTGTTTCACGACCTGGGTCT,25,1021135
ecnBp,26.0,25,0,CGGGGCACTATCCAAGATTA,25,998975
ecnBp,26.0,25,0,CGGGGAGTTTGTAAACTGTT,25,977849
ecnBp,26.0,25,0,CGACAGTCACAGTTGTCTTT,25,1027144
ecnBp,26.0,25,0,CAAAGCTATATCCTTAGGTT,25,995293
ecnBp,26.0,25,0,AGCTTCACGCGTGCGCCGTG,25,973799
ecnBp,26.0,25,0,AATTTATTGACGGCGCCAGT,25,983754
ecnBp,26.0,25,0,AAGACAGGGCGCGGGTCATG,25,1024359
ecnBp,26.0,25,0,AAAGGCGTTACATTAAATGA,25,981550
ecnBp,26.0,25,0,AAAGAGGACGAGCGAGTCGA,25,1002371
ecnBp,25.0,24,0,TTACCGACTTCATTGAGAGG,24,985408
ecnBp,25.0,24,0,TGGACATACGGCAAATCGGA,24,1012640
ecnBp,25.0,24,0,TCCCGGTAACCTTTTCTCTC,24,1026204
ecnBp,25.0,24,0,TACTTAACGTCCAGCATCGA,24,1016210
ecnBp,25.0,24,0,GTGAGTAGTGCCAGATCAAG,24,1016217
ecnBp,25.0,24,0,GTCATAATGTTCGGGCTAAT,24,1024548
ecnBp,25.0,24,0,GGTGTATAGAAGGGTTACTC,24,974883
ecnBp,25.0,24,0,GGGTCTGTTGGAAGTCCAGA,24,1014003
ecnBp,25.0,24,0,GGCACAAGCCAATGTCCCCG,24,987598
ecnBp,25.0,24,0,CTACTATAGTGCTCTTGTCT,24,1009989
ecnBp,25.0,24,0,CGCAACATACATAGTCTCTC,24,1017581
ecnBp,25.0,24,0,CGACCGCATATGACCTTGTT,24,995321
ecnBp,25.0,24,0,ATAGCGGTCTGGTTTGGGCT,24,999614
ecnBp,24.0,23,0,TTCCCCATTGCACTGTTAAT,23,1007258
ecnBp,24.0,23,0,TGTTGTACAATTCCTGCGAG,23,974063
ecnBp,24.0,23,0,TGTTCGTGACGGTCCTACGA,23,997237
ecnBp,24.0,23,0,TGCCACAAGCGGTCTCTCAT,23,978559
ecnBp,24.0,23,0,TCTTTGACGTTCCTCGGGTG,23,1009249
ecnBp,24.0,23,0,TCTTCGTTGAACCAATATGA,23,995130
ecnBp,24.0,23,0,TCCGCGGGTCACGATTCCAG,23,974742
ecnBp,24.0,23,0,TATGCCAGATCATATGTACA,23,1017795
ecnBp,24.0,23,0,TATCGGCGGTAAGTACGGTT,23,980726
ecnBp,24.0,23,0,TAAGTACCAAGAACTTTGTA,23,992231
ecnBp,24.0,23,0,GTTCGCCCCGGCAGCAGGTA,23,974056
ecnBp,24.0,23,0,GTGTGGGGTTCAATCCACTT,23,980479
ecnBp,24.0,23,0,GTCGTGCATGTCAATTGCCC,23,988703
ecnBp,24.0,23,0,GTCATGTACGAACTCGCGAC,23,991099
ecnBp,24.0,23,0,GTAGGGGGACGAGTTGCACA,23,1001726
ecnBp,24.0,23,0,GTACACTCTCTATTTCCGTA,23,1024622
ecnBp,24.0,23,0,GGGCGCTGCAGAGGACGACA,23,976057
ecnBp,24.0,23,0,GCGTATCAAACTGGCTTCTC,23,1009914
ecnBp,24.0,23,0,GATCTATAGGCGAAAGTAGC,23,1013214
ecnBp,24.0,23,0,GACCGGTCCTACTACAACCT,23,988938
ecnBp,24.0,23,0,CTTCAATCTAAGATAACAAG,23,1012924
ecnBp,24.0,23,0,CGTTCTTTAGTCGCTAGGGT,23,1014056
ecnBp,24.0,23,0,CGTCAACTGGGGATTTCGAC,23,1024889
ecnBp,24.0,23,0,CGGTACATGCAACGTCGCAT,23,1023390
ecnBp,24.0,23,0,CGAGGCCTTGAAATCAGTGC,23,979472
ecnBp,24.0,23,0,CCTCGCGCGGTCGTTGGTAA,23,1014721
ecnBp,24.0,23,0,CCGACGTTGGTCGGAGGGCA,23,1021623
ecnBp,24.0,23,0,CCCCAGGTCCTGGACTGATG,23,1007105
ecnBp,24.0,23,0,CAAAATAGTCTGTTGTATCG,23,1018709
ecnBp,24.0,23,0,ATCACGTGTGAGGCCGCCCA,23,1006684
ecnBp,24.0,23,0,AGGGTCGTCGGTCATTAAAG,23,1008705
ecnBp,24.0,23,0,ACTGGGGCTCATCTTCGGCC,23,982794
ecnBp,24.0,23,0,ACTGATCAGGTTTAAGTGGA,23,992084
ecnBp,24.0,23,0,AAGCGCACTATTTGATCATG,23,975795
ecnBp,24.0,23,0,AAAAGTTGAAAACACATGAA,23,989913
ecnBp,23.0,22,0,TGCTTTTTCTGAGTTTTCCT,22,988818
ecnBp,23.0,22,0,TGATGGAGAACATGCTGAGT,22,984209
ecnBp,23.0,22,0,TCGTGGCAGCAATCTGATGC,22,990278
ecnBp,23.0,22,0,GGTCTCGTTGTCGTTAAGTC,22,993895
ecnBp,23.0,22,0,GGATTAGCGCAGTTCCTCGA,22,999569
ecnBp,23.0,22,0,GCTTTCTTTGGAGGGACAGC,22,1012332
ecnBp,23.0,22,0,CTTTATACAGGCAGATTGAA,22,991188
ecnBp,23.0,22,0,CTTCGACCGGGCGCTCAATC,22,986605
ecnBp,23.0,22,0,CTGAAGTGCGTGACTAGAAA,22,978623
ecnBp,23.0,22,0,CTCATAGATTTGACAGCCTT,22,978781
ecnBp,23.0,22,0,CGTCTCGGCCGGTCCTGGGG,22,1009184
ecnBp,23.0,22,0,CGGAGTAGGCTTTAAAACGA,22,988452
ecnBp,23.0,22,0,CGCACCTTATCACTATATAT,22,983682
ecnBp,23.0,22,0,CGACAGAATGCGATTTCCCC,22,995582
ecnBp,23.0,22,0,CCTTCGCTCGATTTTCAGTC,22,1008145
ecnBp,23.0,22,0,CCGTCAAATGGTTACAACAT,22,974601
ecnBp,23.0,22,0,CCGCTTCCGGACAACACATG,22,1003065
ecnBp,23.0,22,0,CCGCGCTAGGAGCGTGGATA,22,1022050
ecnBp,23.0,22,0,CCCGATAAGGCTAATTATAG,22,981178
ecnBp,23.0,22,0,CATCTGACGGTAATTCTTCT,22,1022973
ecnBp,23.0,22,0,CACCGTTATTCGCTGGAAGA,22,986527
ecnBp,23.0,22,0,CACCCCGTACGCGGCCAAGC,22,1026288
ecnBp,23.0,22,0,AGGACAGGTCATCGAATGCT,22,997421
ecnBp,23.0,22,0,ACGGCAGATCTGGCGTATTT,22,1015165
ecnBp,23.0,22,0,AACTCATCCAGGAGCGGGTA,22,977851
ecnBp,23.0,22,0,AAAAGCCCGTGAACGTTTAT,22,972606
ecnBp,22.0,21,0,TGACCGTATCCGAGGGTTTC,21,983183
ecnBp,22.0,21,0,TGAAAGTAGCGCGACAACGG,21,992345
ecnBp,22.0,21,0,TCGGCTAACGGATCTTAGTC,21,978167
ecnBp,22.0,21,0,TCCGGCTCGAGGTCGCAGCG,21,1020557
ecnBp,22.0,21,0,TCATAGGTCATATATATTCA,21,1010013
ecnBp,22.0,21,0,TCACTACCGGCATGGCTGTA,21,999950
ecnBp,22.0,21,0,TCAAGGAGGTGGATCGCAAA,21,1021504
ecnBp,22.0,21,0,TAAACGAGAGTGGTAGTAAC,21,993157
ecnBp,22.0,21,0,GTTCGTCGTCCCGGCCTTGA,21,987413
ecnBp,22.0,21,0,GCTGTGACCCGGGACGGTTC,21,980043
ecnBp,22.0,21,0,GCCTAGAGGCTTGCCCCGTT,21,1024166
ecnBp,22.0,21,0,GATATACTCTACTCGTCTCT,21,1013881
ecnBp,22.0,21,0,GAACGTCCAAACGAGTTCGC,21,1000498
ecnBp,22.0,21,0,CGTCTGTGTACGTACACGAA,21,1027141
ecnBp,22.0,21,0,CGCAGTGGGACGGTTTTGGG,21,1020418
ecnBp,22.0,21,0,CCCCATTTCCACTTGTTACA,21,993161
ecnBp,22.0,21,0,CCCAAGCTAGGTCTGTCTGA,21,1014533
ecnBp,22.0,21,0,CCATCGTGACTTGCTCACTA,21,1008973
ecnBp,22.0,21,0,CAAAAATTATAATCTTAGAA,21,1004361
ecnBp,22.0,21,0,AGGCCACCGTCGGATGCACT,21,978067
ecnBp,22.0,21,0,AGGAGGACACTCCGTGATAT,21,1026802
ecnBp,22.0,21,0,AGCCATCCTTCTCTTGCTTA,21,981643
ecnBp,22.0,21,0,ACGCTCGCACCCCTCTGAAG,21,1005290
ecnBp,22.0,21,0,ACGAAATTCCCGTATGACGA,21,980183
ecnBp,22.0,21,0,AATGGGTGGATACGCCGTGC,21,999249
ecnBp,21.0,20,0,TTCTTGTTAACAAGACAGCA,20,1023858
ecnBp,21.0,20,0,TCGACCATTGTCCCAGGATC,20,975209
ecnBp,21.0,20,0,TCCGATACATAGTGCGGTGG,20,1014144
ecnBp,21.0,20,0,TAGCGTTCTACCTTTGAGTT,20,991258
ecnBp,21.0,20,0,TAGCGACTATTGGGAGTGAG,20,1011967
ecnBp,21.0,20,0,GGCCGCCACCATGATCCTCC,20,976479
ecnBp,21.0,20,0,GCCCCGTGATATTATTGCTA,20,977945
ecnBp,21.0,20,0,GAACCATTCGCGTAATAGGC,20,992838
ecnBp,21.0,20,0,CTTTCAACAACTGTCAGCGA,20,1026120
ecnBp,21.0,20,0,CGTGTACGACGCGGACCTGC,20,978487
ecnBp,21.0,20,0,CGACTTGGGCTTCATGTCGC,20,1025472
ecnBp,21.0,20,0,CCGCGAGAAGAAAACTACTG,20,975713
ecnBp,21.0,20,0,CACTTGACTTGACAAAGGTT,20,997420
ecnBp,21.0,20,0,ATCGGCCGGTACGCCTGCAG,20,980641
ecnBp,21.0,20,0,AGCGGAGGTTCCGTCGTGGA,20,1027853
ecnBp,21.0,20,0,ACTCCAAAGTATGGGCCCTT,20,1022734
ecnBp,21.0,20,0,ACAAGCCGTTAAGGCATCAT,20,985808
ecnBp,20.0,19,0,TTCAGTAGATCCAGCGCAAA,19,978761
ecnBp,20.0,19,0,TTAACGCCGTTTCGGGTCTA,19,986238
ecnBp,20.0,19,0,TGTAGCGATGTCAGAGTTCT,19,1009981
ecnBp,20.0,19,0,TAAAGGTATCGCTATCCCTT,19,1010315
ecnBp,20.0,19,0,GTGGATAAAAGTAATGTAGA,19,1002413
ecnBp,20.0,19,0,GTCTTCGTTGTGGCCAGCTA,19,1000883
ecnBp,20.0,19,0,GGGTTTAAGCTCTCGTTTGA,19,1008975
ecnBp,20.0,19,0,GGGTCCCAGGATTCTAGACT,19,980298
ecnBp,20.0,19,0,GGACTGTTAGAAACCGAAAA,19,978330
ecnBp,20.0,19,0,GATATACTGGAATGTCAGGC,19,1015748
ecnBp,20.0,19,0,GAGGACGTGACGCCCTGTTC,19,1006031
ecnBp,20.0,19,0,CGTGCTCGCGAACCCAAGTT,19,979746
ecnBp,20.0,19,0,CGACTCCCCTGCTAGTAATA,19,996903
ecnBp,20.0,19,0,CAACCGAAGACAATCCACAG,19,993524
ecnBp,20.0,19,0,AAGTCTGCATACAACGAGGT,19,1001329
ecnBp,19.0,18,0,TTTAGGCGGTATGCTGGACA,18,1022691
ecnBp,19.0,18,0,TTTACGCGATGATGCTGCGA,18,999375
ecnBp,19.0,18,0,TTAGTCAAGATTAGTTGTGA,18,1022984
ecnBp,19.0,18,0,GTAAATCACGGCCATTTCGT,18,1027140
ecnBp,19.0,18,0,GGAAGCCCTATTCATGAATG,18,980415
ecnBp,19.0,18,0,GCTGTATCCTCCATATCGAT,18,1004719
ecnBp,19.0,18,0,GCACGCACACGGTGTTCCCC,18,1013484
ecnBp,19.0,18,0,GATCGGTATCTCGTGCCCAA,18,1022021
ecnBp,19.0,18,0,GATACTGGTTCAACAGGCTT,18,1013880
ecnBp,19.0,18,0,CTTTTACGACCATGTCAGCC,18,1008217
ecnBp,19.0,18,0,CGGACCTAGTCGCTCAATCT,18,1016386
ecnBp,19.0,18,0,CCTTTTGTATCGTTTGCGTC,18,1023895
ecnBp,19.0,18,0,CAGCACAGTTACGGTTCCCA,18,980558
ecnBp,19.0,18,0,AGGTGGGTATGTCTAGAGCC,18,987624
ecnBp,19.0,18,0,AGCACCCACGCAGTTATGTA,18,1024248
ecnBp,19.0,18,0,AGAATGCCTCAAACGGTAGC,18,981760
ecnBp,19.0,18,0,AACCTTGATGTTTGAATTTA,18,1001103
ecnBp,19.0,18,0,AAACGTTAACTCCCGTCAAT,18,972980
ecnBp,18.0,17,0,TTCACGGGTACAAACCACGC,17,1025516
ecnBp,18.0,17,0,TGCTCGATGGCATGGACCAC,17,990198
ecnBp,18.0,17,0,TCTCTCGACCTGGAGTGCGG,17,1006154
ecnBp,18.0,17,0,TCGTTGGCCCTCTCTCTTGA,17,990095
ecnBp,18.0,17,0,TCCATGAAGCGCGAAGGACA,17,995773
ecnBp,18.0,17,0,GTCTCTGCTGCATTACCCGC,17,978222
ecnBp,18.0,17,0,GTACCGTGGATACGTAACAA,17,986515
ecnBp,18.0,17,0,GGGGTAACATGCCGTTAGGG,17,974442
ecnBp,18.0,17,0,GCGTGACGGAGTAGCCAGAG,17,1013923
ecnBp,18.0,17,0,GCACTCCGCCGTCGTCATTT,17,1010730
ecnBp,18.0,17,0,GATGACGCATCTCACATTAC,17,1026182
ecnBp,18.0,17,0,CTTAGTATCACGCGAGGATT,17,990245
ecnBp,18.0,17,0,CCTACTCGATTATGCATTTG,17,1011397
ecnBp,18.0,17,0,CCGTTAGTATATCGTGGTGT,17,1018753
ecnBp,18.0,17,0,CCGGGGTAAACCGAGGGTGT,17,996507
ecnBp,18.0,17,0,CATGCGAATCCCTCATTTTC,17,1013451
ecnBp,18.0,17,0,ATCGCTTATCCCCTCCTAGG,17,1001290
ecnBp,18.0,17,0,AGAGCACACTCCCGTCAGCT,17,1004087
ecnBp,18.0,17,0,AATCGTCCGGTCCGCCAGTA,17,1007707
ecnBp,17.0,16,0,TTTCAGGAAAAGAGAGGACA,16,1001523
ecnBp,17.0,16,0,TGATCGTCCCTCCAGCTCGC,16,992747
ecnBp,17.0,16,0,TCGTCTGATTCGGCGTGCTT,16,975415
ecnBp,17.0,16,0,GGTCCCTGATTAGTATCGGT,16,1008640
ecnBp,17.0,16,0,GGGACAGCGACCCCACGACT,16,1010860
ecnBp,17.0,16,0,GGCTTGTGACTGCCTACGCT,16,1026205
ecnBp,17.0,16,0,GCGGTGTTAGTTTTCACTAA,16,1008954
ecnBp,17.0,16,0,GCGGGGAGCGAGGAAGGGCT,16,1001165
ecnBp,17.0,16,0,CTGCATAACATTATCTCCAG,16,972475
ecnBp,17.0,16,0,CGGGCTGGTGCCCTCCGGCC,16,1015851
ecnBp,17.0,16,0,CGCGCATACAGAAACGTCTA,16,972043
ecnBp,17.0,16,0,CGCATTCTCGCCACAGCTGC,16,1014948
ecnBp,17.0,16,0,CCTGTAATTCAAACAACAAA,16,1023223
ecnBp,17.0,16,0,CCGTCATACGCGACTACCTT,16,1003448
ecnBp,17.0,16,0,ATCATTGTCTGGGCCGTGAT,16,1020092
ecnBp,17.0,16,0,AGGTACTTTTCCAGAGCCCA,16,982963
ecnBp,17.0,16,0,AGCCCCTATACTGGCGACAG,16,1017220
ecnBp,17.0,16,0,ACAGTGAGGTCATGTCACCT,16,1018415
ecnBp,16.0,15,0,TTGTTCCAGATTTAATGTGA,15,974294
ecnBp,16.0,15,0,TTGATCCTGACGGTCACTTC,15,1015102
ecnBp,16.0,15,0,TGTGGCTCGCAGGTCGGAAT,15,1022859
ecnBp,16.0,15,0,TGTAACAGGGAGCAGGAGCT,15,1012483
ecnBp,16.0,15,0,TGGTTCTCTTCCCGATGAGA,15,973125
ecnBp,16.0,15,0,TGCCTTGCATACATATTTAA,15,981299
ecnBp,16.0,15,0,TGCATTTGAACATGTCATGT,15,995763
ecnBp,16.0,15,0,GTTCCTACGCATAAGTAGCG,15,974566
ecnBp,16.0,15,0,GTTATTGGAATGCCCGTGCT,15,986459
ecnBp,16.0,15,0,GCGTATTGAGTACAGTCCAT,15,999124
ecnBp,16.0,15,0,GCGCTAACCTCGGTCAATTC,15,993280
ecnBp,16.0,15,0,CTTGTAGGGCTTCGCTGTCA,15,1006173
ecnBp,16.0,15,0,CTCCGGTTCGACGATGAGCG,15,999580
ecnBp,16.0,15,0,CTCATTCGCGCTCTCGTCTG,15,986241
ecnBp,16.0,15,0,CGCGAGAGGAGTGGGTATTA,15,978275
ecnBp,16.0,15,0,CGAGCACAGGACTTGCGCTC,15,977352
ecnBp,16.0,15,0,ATTACGTCGCAGTAACGCCA,15,1025396
ecnBp,16.0,15,0,ATCAGTCGCATCCTCGCCAG,15,1022978
ecnBp,16.0,15,0,ATAGGCGCCTTTTCCTTCCC,15,984182
ecnBp,16.0,15,0,AGGCCGTGGGCTGCCATTGA,15,1014423
ecnBp,15.0,14,0,TGTCACATGTGAAAACTATG,14,1016847
ecnBp,15.0,14,0,TGTACCTTAAACAGCCCGTT,14,990509
ecnBp,15.0,14,0,TGCTTCGGGTAGGCTTCCAC,14,1015195
ecnBp,15.0,14,0,TGCGCCCGGCGCGCGGGATT,14,978998
ecnBp,15.0,14,0,TCTTAGTAACGTCGATCAAT,14,1012725
ecnBp,15.0,14,0,TAAATAAGTAGATGAACCCG,14,998687
ecnBp,15.0,14,0,GCGAAGTACTCGGCGTGACC,14,996181
ecnBp,15.0,14,0,GACCGTTCATACTAGCGTGG,14,1023172
ecnBp,15.0,14,0,CTAGGTCTCCGTTCATACCA,14,1009499
ecnBp,15.0,14,0,CGTGCGGCTAGACCAATCTG,14,989132
ecnBp,15.0,14,0,AGGTACTAACATAGTTCACC,14,1024422
ecnBp,15.0,14,0,AGGCGCGCTGTATGCTGCAA,14,974840
ecnBp,15.0,14,0,AATGGAGCCACCACTCCTCT,14,978514
ecnBp,14.0,13,0,GTGTTACTGTCGCGACTGTC,13,996694
ecnBp,14.0,13,0,GTGATTCTTGTTACGCGTGT,13,977484
ecnBp,14.0,13,0,GTAGAGTTTGTTCACTCGGC,13,1012293
ecnBp,14.0,13,0,GGGCCGGCGTCGGGCCGTGT,13,1004475
ecnBp,14.0,13,0,GCTCGGACGATCAGGCTGCT,13,1022306
ecnBp,14.0,13,0,GACTTGCTCCTAGCCGCGTT,13,979092
ecnBp,14.0,13,0,CGTATCCTTTAACGTCCGGA,13,1021270
ecnBp,14.0,13,0,CGGATGCTCGTAAGACACCC,13,1026962
ecnBp,14.0,13,0,CCCTTAGTTAGTTTAGCATA,13,989005
ecnBp,14.0,13,0,CACTATGAAAGGATTCTCTT,13,1011574
ecnBp,14.0,13,0,ACTGATGTGAGTGTATTAGT,13,1025931
ecnBp,14.0,13,0,AAACACATCACCCTTTATAG,13,979263
ecnBp,13.0,12,0,TTGCTTTGGGAATAAGAACA,12,1021362
ecnBp,13.0,12,0,TGTATCGCCATGTTGTTGCG,12,993744
ecnBp,13.0,12,0,TGTAGGGTCAGTCAGAAAAT,12,998728
ecnBp,13.0,12,0,TGGTTATTGGCTATTCACCT,12,1024282
ecnBp,13.0,12,0,GGTCGCTTAACGCATTTGGT,12,981862
ecnBp,13.0,12,0,GGCGGCTGACTTACCCAAGA,12,1024503
ecnBp,13.0,12,0,GGACATCAGACCGGGCCTAG,12,994032
ecnBp,13.0,12,0,GCCCTCTCACTCCAACTTTA,12,1004135
ecnBp,13.0,12,0,GCAAGATCGGTGCTTATCGC,12,1019367
ecnBp,13.0,12,0,GAGGTAAAAAAAGTATTACT,12,987183
ecnBp,13.0,12,0,GACCACCAGTGTAACCGGTG,12,993006
ecnBp,13.0,12,0,CGTCTCCACGGCGGTATACT,12,1027935
ecnBp,13.0,12,0,CCTGCGAGATACCGTGTTTC,12,999297
ecnBp,13.0,12,0,CATGAATAATGTGACCCTTT,12,1006966
ecnBp,13.0,12,0,CATCAACATATAAATGATGC,12,1013819
ecnBp,13.0,12,0,CAGCTCACATAAGACGAACC,12,985664
ecnBp,13.0,12,0,CACCCGCACGCGCTTGACGC,12,986054
ecnBp,13.0,12,0,ACGCCTGACTAGACAGGTGA,12,990787
ecnBp,13.0,12,0,ACCTTCGGAAACTCTAACTT,12,998780
ecnBp,13.0,12,0,ACCGTAGGTTGCAACTGGCA,12,1017481
ecnBp,13.0,12,0,AAGAGGGATTGGACAGCAGG,12,975260
ecnBp,12.0,11,0,TGTACACGATAAGACGTTCT,11,981848
ecnBp,12.0,11,0,GTGTAAAGCCCAATCTGGCA,11,997676
ecnBp,12.0,11,0,GTGCGCGATCTAGCCCAATC,11,1020088
ecnBp,12.0,11,0,GTCACGACTCATGCTTAATT,11,1013440
ecnBp,12.0,11,0,GCACAGGAAGAAGCAACTTA,11,987159
ecnBp,12.0,11,0,GCAACGCCCCTGTAGTGGGT,11,1013411
ecnBp,12.0,11,0,CTGCTTAAATCGTGAACACG,11,1015696
ecnBp,12.0,11,0,CCCACCCACGGTCCGACCAG,11,1018464
ecnBp,12.0,11,0,CAGTCACAATTGACGACGAC,11,990852
ecnBp,12.0,11,0,ATTCCCTGGGGCTACTACGT,11,1011061
ecnBp,12.0,11,0,AGCTAGACCTGGCGTTTCAG,11,1006387
ecnBp,12.0,11,0,ACCACTTCCGACTCTGTTCT,11,988000
ecnBp,12.0,11,0,AACATCCCTTCTGATAGGTT,11,998414
ecnBp,11.0,10,0,TGGTGGCCGCTTCCCTTACA,10,984634
ecnBp,11.0,10,0,GAGACTAGCCCGGTAACCCA,10,1018984
ecnBp,11.0,10,0,GAAATACACAAGGCGGTATG,10,1007179
ecnBp,11.0,10,0,CTCTTGTTTAAACGGGGACC,10,997168
ecnBp,11.0,10,0,CTCTAGATTCATGCACGGAC,10,1004083
ecnBp,11.0,10,0,CGGTGACAGATTTCCTGCCC,10,993640
ecnBp,11.0,10,0,AGGCTGCCTCTATAGGCTGT,10,995677
ecnBp,11.0,10,0,AACCAGTGGACGGCGTCTAA,10,1001842
ecnBp,10.0,9,0,TTTCAAAGTTATCCCAATTG,9,990339
ecnBp,10.0,9,0,TTTAACATCATTAAGCTGTT,9,1020299
ecnBp,10.0,9,0,TGGGGATCTCTTCCAAGCAT,9,999662
ecnBp,10.0,9,0,TGCTAAGCATATCTGCGACT,9,1015281
ecnBp,10.0,9,0,TGCGAAAACTGCCATATCTA,9,1003082
ecnBp,10.0,9,0,TACATCCCAATTGAAATTGT,9,1025298
ecnBp,10.0,9,0,GTTAGACTTGGGATATAGCT,9,996439
ecnBp,10.0,9,0,GCTTGACTTCCGACAGACGT,9,998901
ecnBp,10.0,9,0,GCTGAGGGCAGCTTTCTGTT,9,986829
ecnBp,10.0,9,0,GCTCGTGAATTCCTAATCTA,9,1025103
ecnBp,10.0,9,0,GAGCGGCCCTAGGAAAGGTA,9,1018529
ecnBp,10.0,9,0,CTCCGAAGTATGCTTCGATT,9,1008146
ecnBp,10.0,9,0,CTAGTCACAGATCATTCCAT,9,1006085
ecnBp,10.0,9,0,CGCAGCTCAGTTTATGGGGT,9,979445
ecnBp,10.0,9,0,CCGATTCCAGGGGTTCATAG,9,995266
ecnBp,10.0,9,0,ATAGTGAAGATTGCGGAAAA,9,1010524
ecnBp,10.0,9,0,AGGTAGTTCCGAAAAACCCG,9,998388
ecnBp,10.0,9,0,AGAGCGGCTCCCCCTGAAAT,9,1023487
ecnBp,10.0,9,0,AGACCACCGCTACATCGCTA,9,1006158
ecnBp,10.0,9,0,ACCGCTCATACGCCAGTACT,9,1004441
ecnBp,9.0,8,0,TTGATCGCTTCACCTCATAG,8,973842
ecnBp,9.0,8,0,TGCACTCATTCCCGTGCCCT,8,975879
ecnBp,9.0,8,0,GCGCTCCTTGACACCTCAGG,8,1023285
ecnBp,9.0,8,0,CTGGGGGCTTTCTCTCTTGC,8,999254
ecnBp,9.0,8,0,CCGTGGCTCTACTTCATTCT,8,998996
ecnBp,9.0,8,0,CATGTAACTGGAGTAATCCA,8,992212
ecnBp,9.0,8,0,AATGGCACCTCGAAGTACCT,8,1006612
ecnBp,9.0,8,0,AATAACGAGCACTGAGTAAT,8,981958
ecnBp,9.0,8,0,AAGTGGCTCCCCGAGGGTTG,8,1008772
ecnBp,8.0,7,0,TGTCCGATTTTTATATACTA,7,980085
ecnBp,8.0,7,0,TGAAACCGGAGCAATCCCCT,7,974580
ecnBp,8.0,7,0,TATCGTGGTTCATTCGAACA,7,999321
ecnBp,8.0,7,0,GTTGCCGGCAGCAGTCCTGA,7,1027693
ecnBp,8.0,7,0,GTAATCTATGCAAAGGGCAA,7,982193
ecnBp,8.0,7,0,GGTAATGAACGGTAGCGGAA,7,1009703
ecnBp,8.0,7,0,GACATAAGGATTTTCCACCC,7,1000160
ecnBp,8.0,7,0,CCGGTATTTGTATCATCCCT,7,999675
ecnBp,8.0,7,0,CAGGCAGAGTTGCGATAGTC,7,1025316
ecnBp,8.0,7,0,CACAACTGTTGGCTTCTCCT,7,1003984
ecnBp,8.0,7,0,ATGAAAGCATCTGACCATTA,7,1003324
ecnBp,8.0,7,0,ACTTTCTCCCTCATAGCCTA,7,1018475
ecnBp,8.0,7,0,ACCCAAACTCTAGCAAGAGA,7,1022302
ecnBp,8.0,7,0,AATTTCGGAGGAAGGATTAA,7,976023
ecnBp,7.0,6,0,TTGAGTGAGACCGGTGAAAT,6,1016947
ecnBp,7.0,6,0,TTATCTAATGGGAATGGGCA,6,1000542
ecnBp,7.0,6,0,TCTGTAGGACCATTCATAAC,6,985502
ecnBp,7.0,6,0,GTTTTTTGTGACAATGAATG,6,997357
ecnBp,7.0,6,0,GAGGCGGTAATAAACATCAA,6,1017395
ecnBp,7.0,6,0,CTGAATTAACAGAAGATAGT,6,1019324
ecnBp,7.0,6,0,CTATTACCGTGTCGTATGAT,6,978635
ecnBp,7.0,6,0,CGTGCTAAGCGTCCCTGGCT,6,972644
ecnBp,7.0,6,0,CCGCGACGCTACAGGTGGCC,6,1024777
ecnBp,7.0,6,0,CCGAGTCAGACGCTGCCGGA,6,977697
ecnBp,7.0,6,0,CAGTATACTGTGGGTCTCGT,6,1020687
ecnBp,7.0,6,0,AGGCACAGCATAATAAGAGT,6,1027392
ecnBp,7.0,6,0,ACATCGAAGAGGGAAAACTT,6,1009552
ecnBp,7.0,6,0,AACCTGCAGCGCTCATACGA,6,1012730
ecnBp,6.0,5,0,TGTAGCTATGGTACATATGA,5,1019491
ecnBp,6.0,5,0,TGGGCACATTATTACCAAAG,5,985412
ecnBp,6.0,5,0,TGGCCTAATCAAAGGTAAAG,5,975833
ecnBp,6.0,5,0,TGCCTCATTCAGCGCTACCA,5,1010674
ecnBp,6.0,5,0,TGAGCACACAAAAAGGGAGG,5,981405
ecnBp,6.0,5,0,TCGTGAGCGTCCCGCCAGGT,5,1020833
ecnBp,6.0,5,0,TCCGATTGAACGTAACGAAA,5,978532
ecnBp,6.0,5,0,TATCTTACGTTGGCTCTCCT,5,982815
ecnBp,6.0,5,0,GCACGGGGTAAAACTGGTTT,5,1026603
ecnBp,6.0,5,0,CGGTGGGGTGAGGTGCAAGC,5,990266
ecnBp,6.0,5,0,ACCACGGCAACGAAACAAGT,5,1014322
ecnBp,5.0,4,0,TTCACCCGTGCACACCGAAT,4,1010528
ecnBp,5.0,4,0,TCTTAATGGACCCACGGACT,4,973913
ecnBp,5.0,4,0,GTTTTTAGTAAGGCGCATCT,4,994070
ecnBp,5.0,4,0,GACGAAGGCATAATTCAGAA,4,1000963
ecnBp,5.0,4,0,GAATGCTTGAATAAACGAGG,4,1003716
ecnBp,5.0,4,0,CTCTAGAGGATAATCTACAA,4,1000001
ecnBp,5.0,4,0,CGTTGTTCACCCAGCGGGCC,4,980763
ecnBp,5.0,4,0,CAGTATGAAAATGTAGAGAA,4,1005334
ecnBp,5.0,4,0,CACGTAGTGTTAGTCGCCCA,4,994018
ecnBp,5.0,4,0,CACCGATTGGAAGATTGTGT,4,985359
ecnBp,5.0,4,0,AGTGCCGAGCCCTGGTTTTC,4,1004440
ecnBp,5.0,4,0,AGCAAATGTAACGTCAGTAG,4,1016214
ecnBp,5.0,4,0,ACGCATCAGCGGGGGGTTCG,4,972293
ecnBp,5.0,4,0,ACCAGGCCCCGTCTATCTAA,4,1025185
ecnBp,5.0,4,0,AACGTCAATCGGCATAGAGG,4,1017873
ecnBp,4.0,3,0,TTGGACAAAGCATCGCCACA,3,989835
ecnBp,4.0,3,0,TTATAAAAAAAACTCCCTAA,3,1005527
ecnBp,4.0,3,0,GTTCATAAGAGCGATTGACT,3,990482
ecnBp,4.0,3,0,GGTTCTATTAGTCAATGTGT,3,1026704
ecnBp,4.0,3,0,GGTACTTATTGGCATGCTCT,3,974582
ecnBp,4.0,3,0,GGCCTGATAACCGCAAAACT,3,1005331
ecnBp,4.0,3,0,GCTTCCCCAGCGTGTATACG,3,1005124
ecnBp,4.0,3,0,CTCCTGTGTATCGGACTGGA,3,1023857
ecnBp,4.0,3,0,CGATCCACGCGTTCGTAATG,3,1009978
ecnBp,4.0,3,0,CATTGCTTGGATAATTCGCC,3,994233
ecnBp,4.0,3,0,CAGCGGGCACTTGGTCTGTG,3,1012793
ecnBp,4.0,3,0,ATGCTAACCTGTCGCGTACT,3,1001704
ecnBp,4.0,3,0,ACCCGCCTTGTTAAGACCCT,3,993456
ecnBp,4.0,3,0,AATCTTACTAGCCACAACCG,3,993792
ecnBp,3.0,2,0,TTTGTCCGAACCTAGTCAGG,2,1002853
ecnBp,3.0,2,0,TTCTCTTTAGCCGACTAAGT,2,977377
ecnBp,3.0,2,0,TTCATTTCGAAACACAAGCG,2,978177
ecnBp,3.0,2,0,TTAGCTGCCTACTCAAAAAT,2,1003523
ecnBp,3.0,2,0,TGCATTCGCCGTCGCCCTGA,2,1003372
ecnBp,3.0,2,0,TCTCGTGATCGCTCCTGCAG,2,998814
ecnBp,3.0,2,0,TCACGGTAAGCGCATCACCT,2,1017241
ecnBp,3.0,2,0,TAGCTCAGCAGCGGAGGGTT,2,984487
ecnBp,3.0,2,0,GTTAGACATGACAGGGTTAA,2,978715
ecnBp,3.0,2,0,GTCATGTAGGAGCGTCCACC,2,1012701
ecnBp,3.0,2,0,GTAATGTATTCGTAGGTTCG,2,990795
ecnBp,3.0,2,0,GGGGTAGAAAGGGTTAAGAC,2,1018248
ecnBp,3.0,2,0,GGAGAAAGATGTGGGCGATC,2,993865
ecnBp,3.0,2,0,GCTTGACGCATGTTCGTCGT,2,1028018
ecnBp,3.0,2,0,GCGTTCAAACTTGTTCAGAT,2,1006254
ecnBp,3.0,2,0,GATTGAAACATGCTGCCTTG,2,977636
ecnBp,3.0,2,0,GAGATATAATTGACTAAGGT,2,1007354
ecnBp,3.0,2,0,GAAGACCGGTATCCCAGTTA,2,977119
ecnBp,3.0,2,0,CTGTCGAACTTTCGTAGTCA,2,1009598
ecnBp,3.0,2,0,CTGACCTGCAACGGCGTGAG,2,994488
ecnBp,3.0,2,0,CTCTATACACTATGCGATTG,2,991408
ecnBp,3.0,2,0,CTCGGGTTAATGGGAGAAAC,2,1001712
ecnBp,3.0,2,0,CGTGCCGGCGTGCCTTCTCT,2,1022684
ecnBp,3.0,2,0,CGGGTCAAAGTAGCAGCAGC,2,1022548
ecnBp,3.0,2,0,CGCTAGTCCATGTAAGAGTG,2,1007688
ecnBp,3.0,2,0,CGCATGTTACTAATTAAAGC,2,986658
ecnBp,3.0,2,0,CGCACACGATCAGGGCCGGA,2,998859
ecnBp,3.0,2,0,CCTTCGTGGCTGAAGGGTTT,2,987511
ecnBp,3.0,2,0,CCTCTTCCTAGCCGGTACGA,2,999173
ecnBp,3.0,2,0,CCTCAGCCGGTTAATCCTGA,2,980462
ecnBp,3.0,2,0,CCGGAGGCTCGCCCTCTGAC,2,986635
ecnBp,3.0,2,0,ATTCTCCGAGAGGATATAGT,2,1026972
ecnBp,3.0,2,0,ATTAGTTTGACACGTCCTTT,2,1019982
ecnBp,3.0,2,0,ATCGTGTAGCCGGCACATGT,2,985926
ecnBp,3.0,2,0,ATACCGAGTTTACGTGCACT,2,1013634
ecnBp,3.0,2,0,AGTGATGATGTCTTATGCTG,2,975227
ecnBp,3.0,2,0,AATATGCACATGTTATTTGA,2,998310
ecnBp,2.0,1,0,TTTTATGGCTGGACGATCAT,1,1010372
ecnBp,2.0,1,0,TTTGTGGGAGCTCTCGGGAT,1,1025953
ecnBp,2.0,1,0,TTTGACATGCCGTTTTAGGT,1,1004464
ecnBp,2.0,1,0,TTTCGAGAGCCGCTCATAGG,1,976481
ecnBp,2.0,1,0,TTTATCCCCTAAGACTTCGA,1,1005068
ecnBp,2.0,1,0,TTTAATCTGCCAGGGCATCA,1,979144
ecnBp,2.0,1,0,TTTAACCGTCCTACTTGCAG,1,1001696
ecnBp,2.0,1,0,TTGTGATAAATCCACACGGA,1,1024744
ecnBp,2.0,1,0,TTGGGACAAATCGGTGCATG,1,988636
ecnBp,2.0,1,0,TTGGCCGGGTGTCAGGACGG,1,997712
ecnBp,2.0,1,0,TTGCCGCTGCTGCGCGTCTT,1,1023347
ecnBp,2.0,1,0,TTGAGATTTTGCGGGTTTCG,1,1008526
ecnBp,2.0,1,0,TTCTGTGAAATTTCACAGCT,1,991370
ecnBp,2.0,1,0,TTCGTTAAGGTGGAGCATCT,1,994176
ecnBp,2.0,1,0,TTCGCCTACAAAGTTCGCTA,1,1015047
ecnBp,2.0,1,0,TTCGCAATGTACCCTTGTCA,1,1027266
ecnBp,2.0,1,0,TTCCGTGTCAGTCAGCTACA,1,989375
ecnBp,2.0,1,0,TTCCGCTGTCACTGGTTCTC,1,1023134
ecnBp,2.0,1,0,TTCCAAGCGACGTTCGATCG,1,1021294
ecnBp,2.0,1,0,TTCACACAATGCTCGACTTT,1,977995
ecnBp,2.0,1,0,TTAGTTAACAAATCGGATAT,1,1001246
ecnBp,2.0,1,0,TTAGTGCTGGGGAACGCAGC,1,978010
ecnBp,2.0,1,0,TTAGTAAAGCGAATCTGGAG,1,1007096
ecnBp,2.0,1,0,TTACTGATCCCCGCATCCAC,1,1012791
ecnBp,2.0,1,0,TTACGTGGTAGCATACGATT,1,975847
ecnBp,2.0,1,0,TTACGATGCAAGTGTCTGGG,1,986907
ecnBp,2.0,1,0,TTACATCAACCTCAAGCGTC,1,1025410
ecnBp,2.0,1,0,TTACAGTCTCAATTGTGGCA,1,1008731
ecnBp,2.0,1,0,TTAAGTTAGAGCATGATGTG,1,974578
ecnBp,2.0,1,0,TTAAGCCCATCGGCACACTC,1,1020397
ecnBp,2.0,1,0,TGTTTTTTGCCAGGGATTTA,1,973969
ecnBp,2.0,1,0,TGTTTTTGTCCAGTGGGGGA,1,1019360
ecnBp,2.0,1,0,TGTTAAGCGGCTTTAGGGAA,1,975141
ecnBp,2.0,1,0,TGTGGTGAAACGCTCCTGGT,1,985993
ecnBp,2.0,1,0,TGTAAAGTGGCCGTACATAA,1,998693
ecnBp,2.0,1,0,TGGTTTAGGGTGCCCGATTA,1,981393
ecnBp,2.0,1,0,TGGTCCACCCTAATCATTAG,1,1007716
ecnBp,2.0,1,0,TGGTACACCAACACGTATTG,1,1015990
ecnBp,2.0,1,0,TGGGACTGTTAACGGCTGTA,1,995676
ecnBp,2.0,1,0,TGGCTTACCCCGAAAATACT,1,983818
ecnBp,2.0,1,0,TGGCGTCCGATTGTTGTCGT,1,1014156
ecnBp,2.0,1,0,TGGCGAGACGCCAATGCATT,1,985513
ecnBp,2.0,1,0,TGGCCCTCAGGAAACCAAGA,1,1021694
ecnBp,2.0,1,0,TGGCAAGCCGCTGTCGTCGC,1,989201
ecnBp,2.0,1,0,TGGACTTAACGGATCCATAT,1,1017364
ecnBp,2.0,1,0,TGGAAACCTCAAGCCGCTAC,1,1002141
ecnBp,2.0,1,0,TGCTTTAGTCTTCGTCCGCT,1,1005460
ecnBp,2.0,1,0,TGCGTTTAAACGATGCAACA,1,1020034
ecnBp,2.0,1,0,TGCGGCGGGAAGGGCCAGCT,1,1020114
ecnBp,2.0,1,0,TGCCATTTCTCATAGGATCT,1,975004
ecnBp,2.0,1,0,TGCAGCTTTAACTACGCTTT,1,1025242
ecnBp,2.0,1,0,TGCAAGCGAGAAAACCGCGT,1,1010819
ecnBp,2.0,1,0,TGATGATATGGACGTCTGCA,1,983225
ecnBp,2.0,1,0,TGATCCGCAAGCCACTTGGC,1,1005636
ecnBp,2.0,1,0,TGAGTTGGTTCCTTGGCCCA,1,984022
ecnBp,2.0,1,0,TGAGGGACTCGGAACGCACT,1,976758
ecnBp,2.0,1,0,TGACGTCGTCCCCCCCTGTC,1,1015942
ecnBp,2.0,1,0,TGACCTCGGTCGGGGGGGAG,1,1002189
ecnBp,2.0,1,0,TGACAGGTCAATTGGTTTCT,1,1002490
ecnBp,2.0,1,0,TGACAGGATCCCGGGGGTTG,1,983989
ecnBp,2.0,1,0,TGAATGTTTCCGTTACTGTT,1,1011349
ecnBp,2.0,1,0,TGAATGTGTACCCTGAGCTG,1,981093
ecnBp,2.0,1,0,TGAAGTGCCAAACCCCAATT,1,1017837
ecnBp,2.0,1,0,TCTGGGATACATGCGATCGT,1,977902
ecnBp,2.0,1,0,TCTGAGTGAATACGGGAGAA,1,1015858
ecnBp,2.0,1,0,TCTCATGTCTGGTACCTTTA,1,977512
ecnBp,2.0,1,0,TCTACAGGATCACCAATAGT,1,983182
ecnBp,2.0,1,0,TCGTGTTGGACGCTACTATG,1,1006360
ecnBp,2.0,1,0,TCGGTGCGGCGGCCGTGGTT,1,1004439
ecnBp,2.0,1,0,TCGGAGTTTTTCCTGGAGAA,1,978228
ecnBp,2.0,1,0,TCGATCTGGACTCCAACTTA,1,976943
ecnBp,2.0,1,0,TCGAGCTTGTGTTTCTGCCC,1,998658
ecnBp,2.0,1,0,TCCTGCGGGAGTTACACGAG,1,976822
ecnBp,2.0,1,0,TCCTCTTATCCTGAAAGCTG,1,977127
ecnBp,2.0,1,0,TCCTATCCCTAACTGCATTA,1,1009560
ecnBp,2.0,1,0,TCCGGACGCAACCATCTAGG,1,1012460
ecnBp,2.0,1,0,TCCGGAAACGCCAGCGAAAA,1,1022247
ecnBp,2.0,1,0,TCCGAGGCATGTCAGTTCGT,1,1010843
ecnBp,2.0,1,0,TCCCCCACCCGGAAGCCCAC,1,1026884
ecnBp,2.0,1,0,TCCACTTGGTAACCATCCTT,1,990370
ecnBp,2.0,1,0,TCCACCATTGCATTTGCCTA,1,977455
ecnBp,2.0,1,0,TCATATCGTTTCTCAGGGTA,1,1019830
ecnBp,2.0,1,0,TCAGGCGGTGTGGACAGCAT,1,995215
ecnBp,2.0,1,0,TCAGCTCGCTTCTGGCGTTC,1,989752
ecnBp,2.0,1,0,TCACTCGTCCGGGTTCCGCC,1,979003
ecnBp,2.0,1,0,TCACTACTACGTGTAGCATG,1,1020042
ecnBp,2.0,1,0,TCACGAACACAGCATAGTAG,1,974048
ecnBp,2.0,1,0,TATCTGAACTGCGGTTACTC,1,1010704
ecnBp,2.0,1,0,TATCCAAGTTCGGTGGCACC,1,1000133
ecnBp,2.0,1,0,TATATTAGTACCGCGGGACG,1,1022498
ecnBp,2.0,1,0,TATACAGAAGAGATGTTGAA,1,979437
ecnBp,2.0,1,0,TAGTCGTGACCCGGATTTTG,1,984746
ecnBp,2.0,1,0,TAGGGGTCGTGCCTTCGGCA,1,1019532
ecnBp,2.0,1,0,TAGGGGACTAAGGTAGAATA,1,1014372
ecnBp,2.0,1,0,TAGGCCCCTCAATCTCTATA,1,1021382
ecnBp,2.0,1,0,TAGCCGGTGGACAGAAGCAA,1,1000739
ecnBp,2.0,1,0,TAGCCAGATCTGTTCAGACC,1,1016147
ecnBp,2.0,1,0,TAGATAAATTCTGTAGCCGT,1,982792
ecnBp,2.0,1,0,TACTATAGATTAACGCTTGT,1,1017314
ecnBp,2.0,1,0,TACGGGATACTGCGATGTAG,1,976286
ecnBp,2.0,1,0,TACGCCAAGTGCTCATCATG,1,1008427
ecnBp,2.0,1,0,TACGCATCTATGTATTCAGG,1,987790
ecnBp,2.0,1,0,TACGCAGAGATACCGCCCGG,1,982605
ecnBp,2.0,1,0,TACGCACATGGTAGGTCCAT,1,1010050
ecnBp,2.0,1,0,TACCAGATGACATAGTAGCT,1,998182
ecnBp,2.0,1,0,TAAGTGATGCATCCGCAGTT,1,989481
ecnBp,2.0,1,0,TAAGTACCGCCCAGCGGCTC,1,1009908
ecnBp,2.0,1,0,TAACTCACAGGTCGATGGAG,1,998456
ecnBp,2.0,1,0,TAACCCGGGGAACTATGTAT,1,975966
ecnBp,2.0,1,0,TAAACTCTAATTTTTGAGCC,1,982010
ecnBp,2.0,1,0,TAAACTCGCGGCCGAGAGGG,1,998407
ecnBp,2.0,1,0,TAAAAATCAGTAACATGACA,1,983270
ecnBp,2.0,1,0,GTTTCTTGGTCGTATTTAAT,1,973053
ecnBp,2.0,1,0,GTTGGCGCTTTATACAGGCA,1,992150
ecnBp,2.0,1,0,GTTCTCGCAGGTAACTGAGT,1,1004761
ecnBp,2.0,1,0,GTTCTAAGCCGGGTATTTTA,1,990068
ecnBp,2.0,1,0,GTTCGACTCATCGCGCCTGA,1,1020599
ecnBp,2.0,1,0,GTTCCGACGAACCTTGCATG,1,1001834
ecnBp,2.0,1,0,GTTCCATTGAAAGGGGGGGC,1,994283
ecnBp,2.0,1,0,GTTATCAGCGAGTGACGGTA,1,1019923
ecnBp,2.0,1,0,GTTAACTACAGTGTCTCAAC,1,981107
ecnBp,2.0,1,0,GTGTTATGCCTGTGAGCGTT,1,991357
ecnBp,2.0,1,0,GTGTGTCAACAAGCACGATC,1,1017720
ecnBp,2.0,1,0,GTGTCACATTATTTTCCTGA,1,975681
ecnBp,2.0,1,0,GTGGGTCGCGAGTCGGGCGT,1,995521
ecnBp,2.0,1,0,GTGCTCCCTTGGCATGTTTG,1,1020167
ecnBp,2.0,1,0,GTGCCGTTAGTAGGAGAGTG,1,987662
ecnBp,2.0,1,0,GTGCATCTCGGCTCGCTTGT,1,1020635
ecnBp,2.0,1,0,GTGATAAAGGCGCTCCACAT,1,994252
ecnBp,2.0,1,0,GTGAGGTACGAAATGGCCTA,1,1026093
ecnBp,2.0,1,0,GTGACGAGGAGCGAAATACC,1,973566
ecnBp,2.0,1,0,GTCTTAGAGCTATGCGGCAA,1,1027952
ecnBp,2.0,1,0,GTCTAAGTTGCGTTTAAATT,1,980764
ecnBp,2.0,1,0,GTCGTGGCGAAGTGTTGAGG,1,984359
ecnBp,2.0,1,0,GTCGCCCACCGCGGTTCGGT,1,979056
ecnBp,2.0,1,0,GTCCTCCTCGCAAAGAATCA,1,1003641
ecnBp,2.0,1,0,GTCAGCATGTTCGGTGGAAG,1,1013889
ecnBp,2.0,1,0,GTATGCGCGTTCGCCGGATC,1,980570
ecnBp,2.0,1,0,GTAGAAGCTTTGATGGGTTC,1,991640
ecnBp,2.0,1,0,GTACGTATTGAAAGGTTGAG,1,1001957
ecnBp,2.0,1,0,GTACGCTTAGTACCAACGGT,1,993669
ecnBp,2.0,1,0,GTACCTGCTGACCAGGATTA,1,1003389
ecnBp,2.0,1,0,GTACCAAATACAGGTGCTTT,1,992511
ecnBp,2.0,1,0,GTAATCTCTGACATAGTCAG,1,988517
ecnBp,2.0,1,0,GTAACACTTTTTTCATCGGT,1,998415
ecnBp,2.0,1,0,GGTTTCGGGTCAATCATTTT,1,1021809
ecnBp,2.0,1,0,GGTTGGCCAAATAACGCCAT,1,981417
ecnBp,2.0,1,0,GGTTCAAAGCGCTGGCGATC,1,990534
ecnBp,2.0,1,0,GGTTAGTCGTGGCTTCTGCG,1,1009111
ecnBp,2.0,1,0,GGTGGTATCGGGTTCGGCCG,1,1002308
ecnBp,2.0,1,0,GGTGGCGCCACTTGGTCCTA,1,1014177
ecnBp,2.0,1,0,GGTGGATGTGTGACAAGCCG,1,991981
ecnBp,2.0,1,0,GGTATGTTACAACTCTTCCA,1,1004692
ecnBp,2.0,1,0,GGGTCACATTCGATAAGCAG,1,1011363
ecnBp,2.0,1,0,GGGGTCGGATGACGACAGCA,1,1015608
ecnBp,2.0,1,0,GGGCATTGTCTTCTAACTCA,1,990789
ecnBp,2.0,1,0,GGCTTTCTTGGCCGGCAGAA,1,985700
ecnBp,2.0,1,0,GGCTATTGCTCTGGCTGAGC,1,976039
ecnBp,2.0,1,0,GGCCCATAAACCTCATGCCC,1,1003680
ecnBp,2.0,1,0,GGCCACGGAATGTTCCATTC,1,992809
ecnBp,2.0,1,0,GGCATCAGCCCGCGTTTTAA,1,1024752
ecnBp,2.0,1,0,GGCAAGGCTTAAAATATCGG,1,977883
ecnBp,2.0,1,0,GGATTAGTCATACTTGTATC,1,1019155
ecnBp,2.0,1,0,GGAGGTGAGAATGTGTGGTA,1,972608
ecnBp,2.0,1,0,GGAGGAATTTTCTCCTGGGA,1,985757
ecnBp,2.0,1,0,GGAGAATTGGACAACGGGCA,1,1015557
ecnBp,2.0,1,0,GGACTGGTACTACATCTAGG,1,979647
ecnBp,2.0,1,0,GGACATCGCATGGTAGACCT,1,972793
ecnBp,2.0,1,0,GGACAGACAACCACTTATTC,1,1023769
ecnBp,2.0,1,0,GGAATGGGAAAGGCTGACCA,1,983131
ecnBp,2.0,1,0,GGAATAGCGTAGGTGGGTAA,1,991702
ecnBp,2.0,1,0,GGAAACGGGAGCGCCTGCTT,1,986773
ecnBp,2.0,1,0,GCTTGTTATACGTGAATATA,1,1004352
ecnBp,2.0,1,0,GCTTCAGCGCAAAAACTAAC,1,983535
ecnBp,2.0,1,0,GCTGTGAGATGTTCAGCTGT,1,1006632
ecnBp,2.0,1,0,GCTCCTCTTTATCCGTGATG,1,1020089
ecnBp,2.0,1,0,GCTCAGTTCTAGTAAGAGGC,1,980396
ecnBp,2.0,1,0,GCTAGTTGTTTTCAAGCTGT,1,1025241
ecnBp,2.0,1,0,GCTAGGTGGCGACGGCTTAA,1,1005298
ecnBp,2.0,1,0,GCTACTACAGGTCATTATCT,1,981729
ecnBp,2.0,1,0,GCTAAGGATTGGGCCACAGC,1,1008788
ecnBp,2.0,1,0,GCGTTTAGTGACCTGGGGTT,1,980816
ecnBp,2.0,1,0,GCGTTCTCCGCCCATCTGCC,1,997231
ecnBp,2.0,1,0,GCGTGGTCTCAGTAAATCCA,1,1015909
ecnBp,2.0,1,0,GCGTGCCCTTCATTCAGTGG,1,1000612
ecnBp,2.0,1,0,GCGGCAGCCCCTACCTGATA,1,1026871
ecnBp,2.0,1,0,GCGCAGAAGGGGTGGCTGAT,1,1021507
ecnBp,2.0,1,0,GCGAGTCGCAAGCTCGGGGC,1,1019692
ecnBp,2.0,1,0,GCGAGTCACCGATCGGTTTT,1,1020572
ecnBp,2.0,1,0,GCGACCCACGACCCCGAATC,1,1025337
ecnBp,2.0,1,0,GCGAAAGAACGCGAGCACGG,1,981461
ecnBp,2.0,1,0,GCCGGGGCGCGGTGGTTGTT,1,979642
ecnBp,2.0,1,0,GCCGAGGTAAATGGGGATCA,1,985102
ecnBp,2.0,1,0,GCCCCCGTTGTTAGAATCTT,1,1021337
ecnBp,2.0,1,0,GCCACCTAGTAGAATTAATT,1,1024268
ecnBp,2.0,1,0,GCATTCCTGACAGGAACGAA,1,992745
ecnBp,2.0,1,0,GCAGGCCCGTCGTTGAGGCA,1,991865
ecnBp,2.0,1,0,GCAACGGAATCATGCTACTG,1,976227
ecnBp,2.0,1,0,GCAACGACGGGTACTTGGCC,1,1007621
ecnBp,2.0,1,0,GATTCCTGGTATTAGTTTAA,1,998053
ecnBp,2.0,1,0,GATGGTAGTGCATATGGGGT,1,1025081
ecnBp,2.0,1,0,GATGCTGGCCCAGCTTAAGT,1,1008720
ecnBp,2.0,1,0,GATCGGTTTGAGTACTCTTA,1,1017969
ecnBp,2.0,1,0,GATCCCAACAGCCGACCTTG,1,973241
ecnBp,2.0,1,0,GATCAAATGAATTCGAATAA,1,1016368
ecnBp,2.0,1,0,GATATATCACTGTGACGACA,1,993110
ecnBp,2.0,1,0,GATACATCCTATATACTGTG,1,972763
ecnBp,2.0,1,0,GATACAGCGCTAAAGCCCAT,1,1012945
ecnBp,2.0,1,0,GAGTTCATTCGCGTTCTTTT,1,1013824
ecnBp,2.0,1,0,GAGTGGATTCGACCACCTGG,1,1009894
ecnBp,2.0,1,0,GAGTGAGGCGCGTCAATCAT,1,1026297
ecnBp,2.0,1,0,GAGTAGCTGTTGTATAAGGA,1,1019742
ecnBp,2.0,1,0,GAGGGATTTGTGCGGGTATT,1,1008786
ecnBp,2.0,1,0,GAGGCACCGGTTACTAAAGA,1,973128
ecnBp,2.0,1,0,GAGCATTATCCATATATTTT,1,979750
ecnBp,2.0,1,0,GACTGGGATACCACCATCAT,1,1013117
ecnBp,2.0,1,0,GACGTGTTGCACCGACTTAT,1,1014816
ecnBp,2.0,1,0,GACGAGAGGGAAGTCTTAAA,1,984363
ecnBp,2.0,1,0,GACGAGAACTGGTTCACGGG,1,1018176
ecnBp,2.0,1,0,GACGAACTTTGCTTGTATGT,1,998394
ecnBp,2.0,1,0,GACCTAAATGTGTCCAAGAT,1,1025000
ecnBp,2.0,1,0,GACCGTGGTACTAGCCGATT,1,1009898
ecnBp,2.0,1,0,GACCGCAGTTGAGATCTGCA,1,978958
ecnBp,2.0,1,0,GACCCGATTTAGTACGATAT,1,1021602
ecnBp,2.0,1,0,GACACTCGATATTGGGAGAT,1,975794
ecnBp,2.0,1,0,GAACTAAATACTCACGCGGG,1,1000812
ecnBp,2.0,1,0,GAACCATCGATAGTGATTTT,1,979496
ecnBp,2.0,1,0,CTTTGGCAATGCCAGCTGCA,1,988964
ecnBp,2.0,1,0,CTTTCTGTCGCCCACAAAAT,1,984000
ecnBp,2.0,1,0,CTTTCTATGCCACTCTGCGG,1,1010532
ecnBp,2.0,1,0,CTTTCAAACTCACGTATAAA,1,1008484
ecnBp,2.0,1,0,CTTTAATCACGGCGGTGCAG,1,991215
ecnBp,2.0,1,0,CTTCAGGGCAGCATGATCCT,1,1018265
ecnBp,2.0,1,0,CTTAGGAGCCCGGTACTAAT,1,1025684
ecnBp,2.0,1,0,CTTACAATCTCTCGGGATTC,1,988458
ecnBp,2.0,1,0,CTGTTGTCGGTCAGTGGCAA,1,1019787
ecnBp,2.0,1,0,CTGTTGATTGATCAGAACGG,1,1008749
ecnBp,2.0,1,0,CTGTCTACAAGACAATCTGA,1,1003977
ecnBp,2.0,1,0,CTGGTCTCCAAGTATCAACA,1,993306
ecnBp,2.0,1,0,CTGGTCAGCATCGTTACCCA,1,1018773
ecnBp,2.0,1,0,CTGGCTTCTGCATCGGTGTC,1,1006508
ecnBp,2.0,1,0,CTGGCAAGCAACACTTGTGT,1,1005130
ecnBp,2.0,1,0,CTGCATCGACGCGATATTCT,1,1024204
ecnBp,2.0,1,0,CTGAGCATCTAAGACACAGG,1,1021252
ecnBp,2.0,1,0,CTCTGTCGGCAATTGAGCCA,1,978182
ecnBp,2.0,1,0,CTCTCCACTTTGTTATGGAA,1,976264
ecnBp,2.0,1,0,CTCGGGCCTATCACATGCCA,1,975868
ecnBp,2.0,1,0,CTCGGGAATACCATTCAGCA,1,1026695
ecnBp,2.0,1,0,CTCGGCAGACCGATCTAAAA,1,986257
ecnBp,2.0,1,0,CTCGCCCAGCAGGGTCATTC,1,1006832
ecnBp,2.0,1,0,CTCCTTAGTACCGCGAGTGA,1,982998
ecnBp,2.0,1,0,CTCCTGTACGGACCACTGCG,1,972501
ecnBp,2.0,1,0,CTCACCTCGTGTGAAACGCA,1,1017079
ecnBp,2.0,1,0,CTCAAGGCCCTGTGGAGACG,1,1023132
ecnBp,2.0,1,0,CTCAACCAGTCCCCAATTAT,1,977865
ecnBp,2.0,1,0,CTATCTGGTCGTCCGGGTAA,1,993909
ecnBp,2.0,1,0,CTATCATGTTGGCTGAGGTA,1,1004508
ecnBp,2.0,1,0,CTATATAACGGTTACAGATC,1,1019355
ecnBp,2.0,1,0,CTATAAGAGGGGCTAAGCAT,1,995842
ecnBp,2.0,1,0,CTACGGTACTGCAGAGATCT,1,977362
ecnBp,2.0,1,0,CTACAGTATTCCTTGTTCTC,1,985775
ecnBp,2.0,1,0,CGTTTAAATCTCTCTAAGGA,1,990900
ecnBp,2.0,1,0,CGTTAAGCTGGTATCCGAGA,1,992818
ecnBp,2.0,1,0,CGTGTGAAGGTTCTTAACTA,1,1014398
ecnBp,2.0,1,0,CGTCGGGATCGATCGTAGAA,1,973289
ecnBp,2.0,1,0,CGTATGGGAACACCTTCAGG,1,986079
ecnBp,2.0,1,0,CGTAGCAGGTGCGATTGCAG,1,981783
ecnBp,2.0,1,0,CGTACCGCGGGCAACCGAGG,1,973449
ecnBp,2.0,1,0,CGGTTACTATCGACTCTCAG,1,981928
ecnBp,2.0,1,0,CGGTCCTGACATGTGTAACG,1,1014344
ecnBp,2.0,1,0,CGGGGCAACGCGAGTCGCTG,1,1024232
ecnBp,2.0,1,0,CGGGCATTAATTACGGCTCC,1,1009891
ecnBp,2.0,1,0,CGGGACTGGGTACTAGCATG,1,997288
ecnBp,2.0,1,0,CGGCTCTACGACAATAGGTT,1,1006652
ecnBp,2.0,1,0,CGGCGTTTTCCATCCGACTT,1,1006038
ecnBp,2.0,1,0,CGGATGTAGTCTTCTTCTGA,1,972728
ecnBp,2.0,1,0,CGGAGCTGGTGTCCAGTCGC,1,972757
ecnBp,2.0,1,0,CGCTTGTGTGAGGGGTTCGG,1,1003474
ecnBp,2.0,1,0,CGCTACATTCGGCGATTTGG,1,999140
ecnBp,2.0,1,0,CGCGGGAGTTAACCCCGATT,1,1027257
ecnBp,2.0,1,0,CGCCTGACTACGTTGCGGCT,1,985485
ecnBp,2.0,1,0,CGCACGGAATCTGTCCAGCC,1,979678
ecnBp,2.0,1,0,CGCAAATGGCGTTATAGGCT,1,992314
ecnBp,2.0,1,0,CGATTTGCTGGTGCCACCAA,1,990115
ecnBp,2.0,1,0,CGATTGTACTGGGGTCTCTA,1,999870
ecnBp,2.0,1,0,CGATGTCCTATGCCGACTTT,1,979361
ecnBp,2.0,1,0,CGATCCTCCCCTCTTGGAAG,1,1001559
ecnBp,2.0,1,0,CGAGCAATTCTGGAAATGAT,1,999949
ecnBp,2.0,1,0,CGAAATTCCAAGGCTTTACT,1,1024364
ecnBp,2.0,1,0,CCTTGATTTGACGGATGCAA,1,1010944
ecnBp,2.0,1,0,CCTTCAGTTCTTATCGCGGA,1,1016836
ecnBp,2.0,1,0,CCTGGCCTGGACCTCAAGTC,1,974296
ecnBp,2.0,1,0,CCTCTTTGACACATCCGGAC,1,987788
ecnBp,2.0,1,0,CCTCTGCAAACTCGCGGTTT,1,1020840
ecnBp,2.0,1,0,CCTCAGTGTCTGGTAATATA,1,994172
ecnBp,2.0,1,0,CCTATGTGGCAGGATTAACC,1,995268
ecnBp,2.0,1,0,CCTAGGCGTATTGATACAAG,1,1018479
ecnBp,2.0,1,0,CCTACTGCCGAGTAGTCGTA,1,989732
ecnBp,2.0,1,0,CCTACGATCAGTCACATAAA,1,987825
ecnBp,2.0,1,0,CCTAATGGTAAGCTACCGTC,1,1021114
ecnBp,2.0,1,0,CCTAAACCGTATCTGTCAAG,1,1016627
ecnBp,2.0,1,0,CCGTTTGCGCAAATTCATGT,1,1018986
ecnBp,2.0,1,0,CCGGTCTTACTAGGTGTCAA,1,1013801
ecnBp,2.0,1,0,CCGGCAAAGAATGTAGTGGA,1,975878
ecnBp,2.0,1,0,CCGCCCGAAGGCTTACACAT,1,1026697
ecnBp,2.0,1,0,CCCTCGGATGTGTGTCCGGT,1,984048
ecnBp,2.0,1,0,CCCGTTACCCATTGACTTCG,1,1022041
ecnBp,2.0,1,0,CCCGCTCAAGATAGTTGATT,1,996620
ecnBp,2.0,1,0,CCCGAGTTTGGGAAGACACA,1,1012425
ecnBp,2.0,1,0,CCCATATGTTAGATCCGGGT,1,993803
ecnBp,2.0,1,0,CCCAAGTTTCTGCCTAACCA,1,1015695
ecnBp,2.0,1,0,CCATTTTGGGCTGTGTGTAA,1,1004985
ecnBp,2.0,1,0,CCAGAATGGGATGAAATGTT,1,983992
ecnBp,2.0,1,0,CCAAGTGGATTATGTCTTGA,1,984700
ecnBp,2.0,1,0,CCAAGCGATAAGTGGGGCTT,1,1008551
ecnBp,2.0,1,0,CATTGAATGAACGCTTCCCA,1,994674
ecnBp,2.0,1,0,CATGCTCGCGACAGAGGTGC,1,996064
ecnBp,2.0,1,0,CATCGAGCAAATGTAAAAGC,1,1025056
ecnBp,2.0,1,0,CATCACGTAGCCATAATCGT,1,1000443
ecnBp,2.0,1,0,CATATGGCTCTCCAATCAGG,1,1012799
ecnBp,2.0,1,0,CATAGGCACGTCTCTCCAAT,1,979605
ecnBp,2.0,1,0,CATACGTGTTGAATTAGTAT,1,1012138
ecnBp,2.0,1,0,CAGTTTGGTGGCCGTTTGGA,1,1013838
ecnBp,2.0,1,0,CAGGTAGTAACCTGAGCTCT,1,1027764
ecnBp,2.0,1,0,CAGGCTCCCTAAATAGGTAA,1,979937
ecnBp,2.0,1,0,CAGATGCCACGGATCTAACG,1,979457
ecnBp,2.0,1,0,CAGAGTTTGCGAGTACTGTA,1,1015335
ecnBp,2.0,1,0,CAGACAGGCGCGCAAATGCT,1,994950
ecnBp,2.0,1,0,CACGGGCACGTCTCAGTCCT,1,983532
ecnBp,2.0,1,0,CACCTTACTAGACGGGGGAC,1,992798
ecnBp,2.0,1,0,CACCAGGTAGACGTCGTAGC,1,998393
ecnBp,2.0,1,0,CACAGGTAGGGATATCTGTT,1,1016011
ecnBp,2.0,1,0,CAATTACGACAATTGCGCCC,1,993801
ecnBp,2.0,1,0,CAAGTGAACCCGGACTGTCG,1,998774
ecnBp,2.0,1,0,CAACTAGGGTTTTCAACCGC,1,1007090
ecnBp,2.0,1,0,CAACGTCATGGCATGGGTGA,1,983449
ecnBp,2.0,1,0,CAAATTCTTGCAGGTCTATA,1,979478
ecnBp,2.0,1,0,ATTTCCATTTGGTAGGCTGC,1,1015454
ecnBp,2.0,1,0,ATTTCACATACGTATCTGTC,1,1024909
ecnBp,2.0,1,0,ATTGGGTGTTGAACACGTCA,1,983401
ecnBp,2.0,1,0,ATTGCTCACTGGCGACAAGC,1,984815
ecnBp,2.0,1,0,ATTGCGTGTTGACGGCGTCT,1,972924
ecnBp,2.0,1,0,ATTGCGGCGTGTGAAAACCC,1,1010305
ecnBp,2.0,1,0,ATTGATACTGCACGTCGTCT,1,991327
ecnBp,2.0,1,0,ATTGATAAACAACATTATGG,1,994346
ecnBp,2.0,1,0,ATTCTGGCCGCCCTTGGATT,1,993109
ecnBp,2.0,1,0,ATTCCGGTACTCAGTAATAG,1,984230
ecnBp,2.0,1,0,ATTATTGAAACCGTATCGCA,1,979932
ecnBp,2.0,1,0,ATTACAGATGAAAGGAACGG,1,974786
ecnBp,2.0,1,0,ATGTTTCGAAACTCATGTCT,1,1009185
ecnBp,2.0,1,0,ATGGTTGGTTTAGTTCGTGG,1,990275
ecnBp,2.0,1,0,ATGGTACTCATCGACGAATT,1,996922
ecnBp,2.0,1,0,ATGCATTCACGAACAAAGAG,1,983062
ecnBp,2.0,1,0,ATGATGAGCCAGGTAAGTGG,1,1016374
ecnBp,2.0,1,0,ATGAGGCAAACGTTCTTTCG,1,976061
ecnBp,2.0,1,0,ATGAGCTCCAAGCTTGGCAT,1,986781
ecnBp,2.0,1,0,ATCTCTTGCCCCCGGTACAT,1,994007
ecnBp,2.0,1,0,ATCCCGGGTGCCAAGAGGGA,1,983173
ecnBp,2.0,1,0,ATCCCACCGACGGTAGTCCG,1,983423
ecnBp,2.0,1,0,ATCACTTTCCTATGGAAAAG,1,1017245
ecnBp,2.0,1,0,ATCACGGCGTAGGCCGAATA,1,1009921
ecnBp,2.0,1,0,ATCACCCCTAGGGGGTAAAG,1,1017434
ecnBp,2.0,1,0,ATATCTGCTCGGGGTAGGGA,1,985496
ecnBp,2.0,1,0,ATAGTTTACCGTACGCGCGA,1,1007035
ecnBp,2.0,1,0,ATAGTAACCTGATACTATAT,1,990495
ecnBp,2.0,1,0,ATACCTCGGTATCGTGCACA,1,982138
ecnBp,2.0,1,0,ATACATGGTGATCAGTAAAG,1,1019690
ecnBp,2.0,1,0,ATAATGTTGGCCCCAAGGTA,1,985023
ecnBp,2.0,1,0,ATAATCTGTGACTTTACGGT,1,1009581
ecnBp,2.0,1,0,ATAATCAAAATGAAGCAGAC,1,1020871
ecnBp,2.0,1,0,AGTTGTGCTAGTGTAGATTG,1,998311
ecnBp,2.0,1,0,AGTTCCGCTATCAGTGCAGC,1,995678
ecnBp,2.0,1,0,AGTTCCATCCCGGGCGGTGC,1,987271
ecnBp,2.0,1,0,AGTGTTCTAGATGAAGGAAC,1,985226
ecnBp,2.0,1,0,AGTGGATGCGTGTCTGGAAC,1,1005789
ecnBp,2.0,1,0,AGTCTAGCTGCTCTCAGCTG,1,979406
ecnBp,2.0,1,0,AGTCTACGTACAACAGTGTG,1,983911
ecnBp,2.0,1,0,AGTCGTGAGGCCCAACCACA,1,1021856
ecnBp,2.0,1,0,AGTCGGATTCGTTCTACCCA,1,1003767
ecnBp,2.0,1,0,AGTCGAGGCATATCCATCGA,1,983813
ecnBp,2.0,1,0,AGTCCGGGAATGACGAAACA,1,1020016
ecnBp,2.0,1,0,AGTCCCTCGGACGACAGGTA,1,975948
ecnBp,2.0,1,0,AGTAGAAGTTTCTTCAACCT,1,981168
ecnBp,2.0,1,0,AGTACGTCTCGCGTGCGAAC,1,983684
ecnBp,2.0,1,0,AGGTTGCGTACAAATATGGT,1,996023
ecnBp,2.0,1,0,AGGTCGGCTGACGATAACGA,1,983310
ecnBp,2.0,1,0,AGGTCATGGCAGAAGGGTAA,1,1010672
ecnBp,2.0,1,0,AGGGTAATGGGACTTAATGT,1,977720
ecnBp,2.0,1,0,AGGGGCAGGATGGTCCGTTC,1,1003220
ecnBp,2.0,1,0,AGGCTTGGTGTCCCCTGATG,1,1001193
ecnBp,2.0,1,0,AGGCGCTCTGGGTGGGAAAA,1,1007879
ecnBp,2.0,1,0,AGGCGAGGCCCTGCTTAACT,1,1005109
ecnBp,2.0,1,0,AGGATGGTCCTGTCAAATGA,1,993195
ecnBp,2.0,1,0,AGGAAATCCAGTTAGCCGTG,1,1002159
ecnBp,2.0,1,0,AGCTTTCTCTTATTCTTGAA,1,1022368
ecnBp,2.0,1,0,AGCTCTAATCACGGTTGGAC,1,1016831
ecnBp,2.0,1,0,AGCTCATACAATACCTCATG,1,986812
ecnBp,2.0,1,0,AGCGTTACGAGCTCATCAAC,1,978697
ecnBp,2.0,1,0,AGCGCAAAGAGTGTCATAAG,1,981699
ecnBp,2.0,1,0,AGCAGTGGAGCAAGGACTGA,1,977070
ecnBp,2.0,1,0,AGCAAATAAGCGAGAGCGCA,1,998202
ecnBp,2.0,1,0,AGATTGTCTAATTAGCACAC,1,985068
ecnBp,2.0,1,0,AGATACGCCCCAGTGTCAGG,1,1004552
ecnBp,2.0,1,0,AGACTTACGTGTTCAAACGT,1,1015210
ecnBp,2.0,1,0,AGACTACAACTCAGTGATAG,1,996293
ecnBp,2.0,1,0,AGAACGGGACAACCCGGTTT,1,972507
ecnBp,2.0,1,0,ACTTGCTGTTCTCAGCGCGA,1,993735
ecnBp,2.0,1,0,ACTTATAGTACCGTAACAGA,1,981155
ecnBp,2.0,1,0,ACTGGTTATAGTTCAGGTGC,1,980626
ecnBp,2.0,1,0,ACTGCGCTATTATATCATAT,1,1021529
ecnBp,2.0,1,0,ACTCGTGGTTTGCTGATATT,1,1003453
ecnBp,2.0,1,0,ACGTGGCTCTGCTGGCGCTC,1,974628
ecnBp,2.0,1,0,ACGGTTCTTCAGGCTTAAAC,1,984705
ecnBp,2.0,1,0,ACGGCTGGGCACAAAGCGCA,1,986855
ecnBp,2.0,1,0,ACGCTGTGCGACAAATAGAT,1,1008482
ecnBp,2.0,1,0,ACGAACGCGACCCACAACTA,1,997518
ecnBp,2.0,1,0,ACCTCATCCTGTAGATCCGA,1,999925
ecnBp,2.0,1,0,ACCCTGACCCTCAACTAGCC,1,983830
ecnBp,2.0,1,0,ACCAAAGTGGGATCAGAGTC,1,994532
ecnBp,2.0,1,0,ACATCAGTCAGTAACCGGGA,1,1005532
ecnBp,2.0,1,0,ACATACTTGTTGAGTATCGT,1,1003759
ecnBp,2.0,1,0,ACATACGCGACTCGAGGTAC,1,1018710
ecnBp,2.0,1,0,ACAGCGCTGAGGTCTTGTAT,1,982114
ecnBp,2.0,1,0,ACAGCCTCGTGTAATCGTCC,1,977624
ecnBp,2.0,1,0,ACACTCACCGTCTCAAATCT,1,986026
ecnBp,2.0,1,0,ACAACACTTCTTATCGGGAA,1,990038
ecnBp,2.0,1,0,ACAAAAAGCTTCGCCACTGA,1,988081
ecnBp,2.0,1,0,AATTTACGGAGCTAAAATCT,1,983491
ecnBp,2.0,1,0,AATGTTCAATGTCTACGGGG,1,1014197
ecnBp,2.0,1,0,AATGTAGATCCCGCGGCCGG,1,1024722
ecnBp,2.0,1,0,AATCCCCCAGTTCAACTGGG,1,998648
ecnBp,2.0,1,0,AAGGTGTGTATCTTAATTAC,1,1012833
ecnBp,2.0,1,0,AAGCCGGTCGTTTGTAGATG,1,991094
ecnBp,2.0,1,0,AAGCCCAGAGGATGCGAAGA,1,1000008
ecnBp,2.0,1,0,AAGCAAATATGGGTCGTGAC,1,1024879
ecnBp,2.0,1,0,AACGTTGTAGAGTCGGGCGC,1,975368
ecnBp,2.0,1,0,AACGCTGGGAACATAATGAC,1,1007474
ecnBp,2.0,1,0,AACCGGGTAATGCTTAGGTC,1,1018678
ecnBp,2.0,1,0,AACCGCCTGAGGTAATGCGT,1,1011667
ecnBp,2.0,1,0,AACCCCTGAAGTGCGGAGGA,1,993728
ecnBp,2.0,1,0,AACATTACTCCTCTATCATT,1,999377
ecnBp,2.0,1,0,AAATGTAGCGAGTCACGGAA,1,1025477
ecnBp,2.0,1,0,AAAGTGTTCAGCGGTGCTCT,1,991764
ecnBp,2.0,1,0,AAAGTGTGTAGTCAATTACG,1,997103
ecnBp,2.0,1,0,AAAGTCCAGACGAATGAACG,1,1018416
ecnBp,2.0,1,0,AAAGGGCAGCGTATCCCTAT,1,1025055
ecnBp,2.0,1,0,AAAGCCTTTTTCGGCTCGCC,1,1010715
ecnBp,2.0,1,0,AAAATCATGAACATAAAATA,1,1010763
ecnBp,2.0,1,0,AAAACTTGGGGTCAGTGTAA,1,1018167
