name,relative_counts,ct,ct_0,barcode,ct_1,barcode_ind
yadL_yadM_yadC_yadK_predicted,0.9047619047619048,78,41,CGCCAGGCTGATTAGTGTTC,37,4377484
yadL_yadM_yadC_yadK_predicted,1.0,36,18,GACAGAAACTACTTTGAGTA,18,4399664
yadL_yadM_yadC_yadK_predicted,3.5,61,13,GGCACCTTACAATGCTGCTT,48,4398927
yadL_yadM_yadC_yadK_predicted,1.25,25,11,CCGCATTTGAGCGTAAGTCC,14,4373491
yadL_yadM_yadC_yadK_predicted,0.8181818181818182,18,10,GTTGGTCGTAGCCCGCGCGA,8,4371238
yadL_yadM_yadC_yadK_predicted,1.3636363636363635,24,10,GTATGCAGAGCTAGCTTCAC,14,4389571
yadL_yadM_yadC_yadK_predicted,2.0,31,10,ATTGCGGTCGGTGGTAGGAC,21,4376266
yadL_yadM_yadC_yadK_predicted,1.1,19,9,CGAATATCAATCTTATGGGG,10,4377234
yadL_yadM_yadC_yadK_predicted,0.3333333333333333,10,8,GCTCCGACCTGAGTTCTATT,2,4384775
yadL_yadM_yadC_yadK_predicted,0.25,8,7,TGCCACAGATTCACAGCCGG,1,4371073
yadL_yadM_yadC_yadK_predicted,0.5,10,7,GTTGCCACTAGCCCGATAAT,3,4370442
yadL_yadM_yadC_yadK_predicted,2.0,22,7,GAAATGACCATGCAAAATAG,15,4375139
yadL_yadM_yadC_yadK_predicted,2.142857142857143,20,6,TTTATGTACTTAATGAGCGT,14,4370454
yadL_yadM_yadC_yadK_predicted,7.428571428571429,57,6,TGTAGCATGAAGCACCAACA,51,4376671
yadL_yadM_yadC_yadK_predicted,1.8571428571428572,18,6,CTTGTGCGGGGTTTGGTGAT,12,4370730
yadL_yadM_yadC_yadK_predicted,2.142857142857143,20,6,CGAGAAAGCCCCAGACGCGT,14,4382986
yadL_yadM_yadC_yadK_predicted,3.7142857142857144,31,6,AGGTGAATACGTGACACTTT,25,4370244
yadL_yadM_yadC_yadK_predicted,1.2857142857142858,14,6,AATAGTGGCAAGCAACTCGA,8,4370321
yadL_yadM_yadC_yadK_predicted,2.0,16,5,TCGTATTCCTGTCCAAGGAG,11,4378437
yadL_yadM_yadC_yadK_predicted,4.0,28,5,GAACCCATCCTATGAATGGC,23,4371888
yadL_yadM_yadC_yadK_predicted,5.166666666666667,35,5,CTTCAGTAGCGTCCTCAGAT,30,4376657
yadL_yadM_yadC_yadK_predicted,3.3333333333333335,24,5,CTCAGGTTCGGCCCAATGCT,19,4390359
yadL_yadM_yadC_yadK_predicted,6.166666666666667,41,5,CAGAATTGGCATACTCGAAA,36,4402470
yadL_yadM_yadC_yadK_predicted,1.5,13,5,ACAGACCATCAACTCACTGA,8,4372911
yadL_yadM_yadC_yadK_predicted,5.0,28,4,TGCAACACCGGCTTCGAGTC,24,4397778
yadL_yadM_yadC_yadK_predicted,7.2,39,4,TACGAAATCGGGGAACGAGG,35,4386835
yadL_yadM_yadC_yadK_predicted,3.6,21,4,GGCATACCGAATTCTGGTGC,17,4386184
yadL_yadM_yadC_yadK_predicted,5.4,30,4,GCTCGGACCCCTGCCCTTGA,26,4376540
yadL_yadM_yadC_yadK_predicted,2.8,17,4,GCGTTCAGGTTGTTACGCGA,13,4386867
yadL_yadM_yadC_yadK_predicted,2.2,14,4,GAGAATAGTAAGGGACACAG,10,4374404
yadL_yadM_yadC_yadK_predicted,8.8,47,4,CCATGTTGCGACACGGTGTT,43,4370684
yadL_yadM_yadC_yadK_predicted,0.4,5,4,CAGTCTGGGGTACCAAATGG,1,4375472
yadL_yadM_yadC_yadK_predicted,0.4,5,4,ATTCTTGAAATAGCTGCCGA,1,4390566
yadL_yadM_yadC_yadK_predicted,1.6,11,4,ATGCGATTCTATGCCAGAAA,7,4378212
yadL_yadM_yadC_yadK_predicted,4.4,25,4,AGTCCCTCCCCCTTGATGTT,21,4371499
yadL_yadM_yadC_yadK_predicted,3.8,22,4,AGGCTCCCGGTGGATAGGCG,18,4399241
yadL_yadM_yadC_yadK_predicted,2.2,14,4,AGGACATTTTCTTCGCCAAC,10,4383472
yadL_yadM_yadC_yadK_predicted,5.8,32,4,ACACGATCCTGCCATGGCTC,28,4377561
yadL_yadM_yadC_yadK_predicted,0.5,4,3,TTTTCTCCCAGACGTGTCCA,1,4371061
yadL_yadM_yadC_yadK_predicted,3.5,16,3,TTTGCGATTGCTTAGAATTT,13,4390934
yadL_yadM_yadC_yadK_predicted,10.0,42,3,TTGACGCCTGGGCTAGAGTG,39,4391142
yadL_yadM_yadC_yadK_predicted,7.75,33,3,TTCTTACACCAGCCTGTACA,30,4370708
yadL_yadM_yadC_yadK_predicted,2.75,13,3,TGTGTCTTATAAAAAAGGCT,10,4392619
yadL_yadM_yadC_yadK_predicted,2.5,12,3,TATCGGCACGCAGTCGCCTT,9,4399858
yadL_yadM_yadC_yadK_predicted,5.5,24,3,TAGCGGTCGAGTTCTTAAGT,21,4373073
yadL_yadM_yadC_yadK_predicted,5.0,22,3,TAATGTTCTGTGAGCCCTTC,19,4376564
yadL_yadM_yadC_yadK_predicted,2.75,13,3,GTGCCTGCCCTCACAAACGA,10,4386010
yadL_yadM_yadC_yadK_predicted,2.75,13,3,GTATTGTCTGCTTCGCCCGA,10,4375166
yadL_yadM_yadC_yadK_predicted,4.5,20,3,GGTATGCTAATAGTTAGTAT,17,4379247
yadL_yadM_yadC_yadK_predicted,1.25,7,3,GGGAGTAAACCCTGGGGGAA,4,4378049
yadL_yadM_yadC_yadK_predicted,0.5,4,3,GGGAACCGCAGGGCGCATGT,1,4380017
yadL_yadM_yadC_yadK_predicted,6.5,28,3,GCGACGGCGGCATTTGAAAG,25,4381893
yadL_yadM_yadC_yadK_predicted,0.5,4,3,GATTAAAAGTCCTTTGACAT,1,4397203
yadL_yadM_yadC_yadK_predicted,2.75,13,3,GACGCATACTCATACCGTAA,10,4387675
yadL_yadM_yadC_yadK_predicted,0.5,4,3,CTCTGTTTAAATTTGTGTAT,1,4398183
yadL_yadM_yadC_yadK_predicted,8.25,35,3,CGGGTAAGGCGATATCCTAC,32,4372314
yadL_yadM_yadC_yadK_predicted,6.0,26,3,CGACTGGCATTAAGGTATAG,23,4373209
yadL_yadM_yadC_yadK_predicted,1.0,6,3,CCTGGACTGTAAGGTGTCTC,3,4378997
yadL_yadM_yadC_yadK_predicted,3.5,16,3,CCTCGTCTTACACACTGAAG,13,4400854
yadL_yadM_yadC_yadK_predicted,3.5,16,3,CCTACGGCATAAACGATTAC,13,4375544
yadL_yadM_yadC_yadK_predicted,5.5,24,3,CCGAAGGGTATCATCGAGGA,21,4381081
yadL_yadM_yadC_yadK_predicted,0.5,4,3,ATTTGTCGGCATCCTACAAA,1,4396793
yadL_yadM_yadC_yadK_predicted,3.0,14,3,ATTGGGTGGTCATCCTGCAA,11,4398707
yadL_yadM_yadC_yadK_predicted,4.75,21,3,ATTGCGACTTCCTTCAGACG,18,4395867
yadL_yadM_yadC_yadK_predicted,5.75,25,3,ACTGCGGATTCTAATAAGCT,22,4372349
yadL_yadM_yadC_yadK_predicted,2.75,13,3,ACGGTGGGCAAGGCGAAACA,10,4376872
yadL_yadM_yadC_yadK_predicted,13.0,54,3,ACCATTCAGGCAGCGCCGTG,51,4393240
yadL_yadM_yadC_yadK_predicted,2.0,10,3,AAACCCACGGGCGCTCTGTA,7,4381766
yadL_yadM_yadC_yadK_predicted,0.5,4,3,AAACAGGCGAGATACTAACT,1,4370339
yadL_yadM_yadC_yadK_predicted,4.333333333333333,14,2,TTTCAGCCTCTGCCCAAGCA,12,4373416
yadL_yadM_yadC_yadK_predicted,4.0,13,2,TTTAAGAGCACTTAAGCCAA,11,4386871
yadL_yadM_yadC_yadK_predicted,5.0,16,2,TTGGATTACGGCCAGAAGCT,14,4390385
yadL_yadM_yadC_yadK_predicted,11.333333333333334,35,2,TTGCGAGGATTGATAATCCC,33,4370612
yadL_yadM_yadC_yadK_predicted,7.0,22,2,TTCCCCGGAAACCCACCTAG,20,4372322
yadL_yadM_yadC_yadK_predicted,8.0,25,2,TGGGGCATTCCTGATTTAAG,23,4374432
yadL_yadM_yadC_yadK_predicted,6.666666666666667,21,2,TGCGTAGCGTTGGTTATCTA,19,4391278
yadL_yadM_yadC_yadK_predicted,4.333333333333333,14,2,TCTTTCTGAGTGGTACGCTC,12,4377383
yadL_yadM_yadC_yadK_predicted,14.333333333333334,44,2,TCTGACGGGGTCAGTTGAGA,42,4398309
yadL_yadM_yadC_yadK_predicted,7.666666666666667,24,2,TCGGGGGCTCTACGCGATGC,22,4384717
yadL_yadM_yadC_yadK_predicted,0.6666666666666666,3,2,TCGCACATGGGCGTCGTAAT,1,4376288
yadL_yadM_yadC_yadK_predicted,2.0,7,2,TCCAAAGCCCGGGCGATCGA,5,4380977
yadL_yadM_yadC_yadK_predicted,7.0,22,2,TATGGTGTCGGAGTTCGATA,20,4375715
yadL_yadM_yadC_yadK_predicted,6.0,19,2,TATCAAGGGACGAATTACAA,17,4395847
yadL_yadM_yadC_yadK_predicted,2.3333333333333335,8,2,TATAGGATAATCCTGCTCCT,6,4392977
yadL_yadM_yadC_yadK_predicted,7.333333333333333,23,2,TAAGTGGTCTGTTTGACGTT,21,4376040
yadL_yadM_yadC_yadK_predicted,8.666666666666666,27,2,TAAGGGTAGCGCTTTCCGCT,25,4386355
yadL_yadM_yadC_yadK_predicted,8.0,25,2,GTTCAGCGCTGCCTCTGACG,23,4382074
yadL_yadM_yadC_yadK_predicted,6.666666666666667,21,2,GTTAGCGCTTCGTCCGACCT,19,4377122
yadL_yadM_yadC_yadK_predicted,3.3333333333333335,11,2,GTTAGCAGCGCAGCTTTTCT,9,4397893
yadL_yadM_yadC_yadK_predicted,8.666666666666666,27,2,GTGGCGGCCATAGGGAAGGA,25,4387657
yadL_yadM_yadC_yadK_predicted,4.0,13,2,GTGCGGCGTAAAAGGCGTGT,11,4384684
yadL_yadM_yadC_yadK_predicted,1.0,4,2,GTCGAAAGCTGCCTGTGGGA,2,4399671
yadL_yadM_yadC_yadK_predicted,1.0,4,2,GTATGGTGTATTTGCACCAA,2,4400426
yadL_yadM_yadC_yadK_predicted,1.3333333333333333,5,2,GTATCTCAAGGCCGATGTGC,3,4393673
yadL_yadM_yadC_yadK_predicted,0.6666666666666666,3,2,GTAGACCCCCGCTCCGTAGG,1,4389605
yadL_yadM_yadC_yadK_predicted,0.6666666666666666,3,2,GTAAGACCACAAGTCTGACA,1,4381999
yadL_yadM_yadC_yadK_predicted,2.0,7,2,GGTTTCTCCATCGAGCGTCT,5,4375619
yadL_yadM_yadC_yadK_predicted,10.333333333333334,32,2,GGTTGAAGTTGATGGTGGAA,30,4372282
yadL_yadM_yadC_yadK_predicted,5.666666666666667,18,2,GGTCGTCGAGTTGTGGTAAG,16,4373963
yadL_yadM_yadC_yadK_predicted,9.0,28,2,GGTCCCGAGCACGGCCTCGG,26,4400668
yadL_yadM_yadC_yadK_predicted,3.0,10,2,GGGTATGTAGAAGTTGTTAT,8,4393512
yadL_yadM_yadC_yadK_predicted,3.6666666666666665,12,2,GGGCCACCCTGGATAGGTGT,10,4388268
yadL_yadM_yadC_yadK_predicted,9.0,28,2,GGGATTGAGCACTGGTCCCA,26,4377731
yadL_yadM_yadC_yadK_predicted,4.0,13,2,GGCGTCTTATCGAGAATAAG,11,4374892
yadL_yadM_yadC_yadK_predicted,3.3333333333333335,11,2,GGCCGAATGCATGTTATGAC,9,4380545
yadL_yadM_yadC_yadK_predicted,7.0,22,2,GGCAAGGGCGGGGTACCAAA,20,4389443
yadL_yadM_yadC_yadK_predicted,6.0,19,2,GGAGAGTTTGCTCATCAGGA,17,4380122
yadL_yadM_yadC_yadK_predicted,5.333333333333333,17,2,GCTAGGGGCACTAGACCGCA,15,4398669
yadL_yadM_yadC_yadK_predicted,9.333333333333334,29,2,GCGCAGGCTTGGGTACGGTA,27,4374242
yadL_yadM_yadC_yadK_predicted,3.0,10,2,GCCTAGCTCAGGACGTTCCT,8,4383850
yadL_yadM_yadC_yadK_predicted,8.333333333333334,26,2,GCCTAGATGCGTCTCGGTCG,24,4389254
yadL_yadM_yadC_yadK_predicted,12.333333333333334,38,2,GCAGACAGCCAGCTGTCATC,36,4370893
yadL_yadM_yadC_yadK_predicted,5.0,16,2,GCAATCAATACTCTCCCTCT,14,4385521
yadL_yadM_yadC_yadK_predicted,9.0,28,2,GAGTATCGTAGGCATCTTCT,26,4381667
yadL_yadM_yadC_yadK_predicted,11.333333333333334,35,2,GAGGGTCTTATATGTCACGT,33,4382900
yadL_yadM_yadC_yadK_predicted,4.333333333333333,14,2,GACTTGTTATTAGCCCCCCA,12,4396788
yadL_yadM_yadC_yadK_predicted,3.6666666666666665,12,2,GACGTGACGGGCGAGTTCGA,10,4375051
yadL_yadM_yadC_yadK_predicted,6.666666666666667,21,2,GACCTCAAGGGAGATGGGCA,19,4391452
yadL_yadM_yadC_yadK_predicted,2.3333333333333335,8,2,GACCGTTGTGATTAGGACAA,6,4372822
yadL_yadM_yadC_yadK_predicted,1.0,4,2,GAAACGGCCTCGTCAAGCGA,2,4377960
yadL_yadM_yadC_yadK_predicted,5.333333333333333,17,2,CTTTTAAGGAATAGCGCTGT,15,4375021
yadL_yadM_yadC_yadK_predicted,8.333333333333334,26,2,CTTGGGCTGCCAATCGCGAA,24,4389077
yadL_yadM_yadC_yadK_predicted,5.333333333333333,17,2,CTTGCATACCGCGGTCATTG,15,4385171
yadL_yadM_yadC_yadK_predicted,3.3333333333333335,11,2,CTTCAGAGGATCTTCCCGAT,9,4396894
yadL_yadM_yadC_yadK_predicted,2.0,7,2,CTGCTCTCGACTGGGTCGGA,5,4386953
yadL_yadM_yadC_yadK_predicted,3.3333333333333335,11,2,CTCCGTTATGTCCGACCTTT,9,4374464
yadL_yadM_yadC_yadK_predicted,3.3333333333333335,11,2,CTAATGAAAGACCTGGACGT,9,4393831
yadL_yadM_yadC_yadK_predicted,6.0,19,2,CGTCAACGCGATTGTGTGTT,17,4372320
yadL_yadM_yadC_yadK_predicted,9.666666666666666,30,2,CGTATGGCAGGATTGGCCCT,28,4396160
yadL_yadM_yadC_yadK_predicted,2.6666666666666665,9,2,CGGCACCTATATGCACATAA,7,4388240
yadL_yadM_yadC_yadK_predicted,3.6666666666666665,12,2,CGCTCTGGGACCTACCGCGG,10,4370765
yadL_yadM_yadC_yadK_predicted,1.0,4,2,CCGTAACTGTGTGAAAAGAC,2,4382923
yadL_yadM_yadC_yadK_predicted,1.0,4,2,CCGGGGAGTAACTGCCATTT,2,4397996
yadL_yadM_yadC_yadK_predicted,3.3333333333333335,11,2,CCCAGGGCCGGACCTTACAT,9,4383285
yadL_yadM_yadC_yadK_predicted,4.333333333333333,14,2,CCAACCCTAAGAGAGCTGCG,12,4380425
yadL_yadM_yadC_yadK_predicted,10.333333333333334,32,2,CATGATCTTGCCCTTCAGAG,30,4376363
yadL_yadM_yadC_yadK_predicted,6.333333333333333,20,2,CAGTAGCTGGTGTACAACAG,18,4395597
yadL_yadM_yadC_yadK_predicted,9.666666666666666,30,2,CAGAGGCCGAGCGCTCTGAC,28,4401618
yadL_yadM_yadC_yadK_predicted,1.3333333333333333,5,2,CAGAATTTACGTTGGTGCGG,3,4377543
yadL_yadM_yadC_yadK_predicted,6.666666666666667,21,2,CACTGCTGCCTCTTTACGTG,19,4377845
yadL_yadM_yadC_yadK_predicted,6.0,19,2,CACCCAGACCGCATCGAGTC,17,4375908
yadL_yadM_yadC_yadK_predicted,12.333333333333334,38,2,CACAATGCCACTGTACAGCC,36,4371547
yadL_yadM_yadC_yadK_predicted,0.6666666666666666,3,2,CAATGGGTCCTAACGCGCCA,1,4395030
yadL_yadM_yadC_yadK_predicted,2.3333333333333335,8,2,CAATACTGTTCTACACATTA,6,4373482
yadL_yadM_yadC_yadK_predicted,3.0,10,2,ATGTTTCCGTCCAAGTGGTA,8,4392853
yadL_yadM_yadC_yadK_predicted,8.0,25,2,ATGGACCGTTCTACTCTAAA,23,4380909
yadL_yadM_yadC_yadK_predicted,4.666666666666667,15,2,ATGCCCTGGATGCCTATACG,13,4373307
yadL_yadM_yadC_yadK_predicted,7.666666666666667,24,2,ATATTGTCTGCTTCGATTGT,22,4375105
yadL_yadM_yadC_yadK_predicted,14.0,43,2,AGGTTCCAGTGCAAGCGTAA,41,4377943
yadL_yadM_yadC_yadK_predicted,5.0,16,2,AGGATCGGTGCCCAATTCAT,14,4383229
yadL_yadM_yadC_yadK_predicted,1.3333333333333333,5,2,AGGATCATCACTTTTGGTCG,3,4371550
yadL_yadM_yadC_yadK_predicted,8.0,25,2,AGGATATATTGCCTCCCGCG,23,4376365
yadL_yadM_yadC_yadK_predicted,3.0,10,2,ACTTGACGTTGTACGAGCCA,8,4393187
yadL_yadM_yadC_yadK_predicted,6.666666666666667,21,2,ACTCCTGGCATGTAATCCTA,19,4384993
yadL_yadM_yadC_yadK_predicted,5.666666666666667,18,2,ACGGTGGGGTCCCAGGACAC,16,4385249
yadL_yadM_yadC_yadK_predicted,6.666666666666667,21,2,ACGCTATTCACTCACCGCAT,19,4381128
yadL_yadM_yadC_yadK_predicted,2.3333333333333335,8,2,ACCCTGAACTTCTCAGTCTT,6,4386709
yadL_yadM_yadC_yadK_predicted,4.333333333333333,14,2,ACATCTAGACCTGATCAGGT,12,4377356
yadL_yadM_yadC_yadK_predicted,2.0,7,2,ACAGTTCCCGCAGCGTGGCA,5,4394292
yadL_yadM_yadC_yadK_predicted,7.666666666666667,24,2,AATCGATTGCTCCTGGCGTT,22,4377455
yadL_yadM_yadC_yadK_predicted,3.3333333333333335,11,2,AACCGACGCGCGAATGCAGA,9,4375958
yadL_yadM_yadC_yadK_predicted,6.666666666666667,21,2,AACAGTAATGCAGGCCATCT,19,4381127
yadL_yadM_yadC_yadK_predicted,2.3333333333333335,8,2,AACAATCAGATAATGAATGT,6,4384756
yadL_yadM_yadC_yadK_predicted,7.0,22,2,AAACCCGGAAGGGTTGCCAG,20,4382315
yadL_yadM_yadC_yadK_predicted,7.0,14,1,TTTGCTTGTTAGTTGAACCT,13,4373540
yadL_yadM_yadC_yadK_predicted,11.0,22,1,TTTGCATGCCTGATGGGCGT,21,4390009
yadL_yadM_yadC_yadK_predicted,4.0,8,1,TTTCGGGTCCGGGTGAAGCA,7,4370884
yadL_yadM_yadC_yadK_predicted,6.5,13,1,TTGGTGTATCGTATCTCTTA,12,4375384
yadL_yadM_yadC_yadK_predicted,2.5,5,1,TTGGACCGAATAATCAAGAT,4,4396983
yadL_yadM_yadC_yadK_predicted,7.0,14,1,TTGAGAAGGGCTTAAACGCT,13,4378172
yadL_yadM_yadC_yadK_predicted,7.0,14,1,TTGAAAGGGGCGCCGGTTGG,13,4399207
yadL_yadM_yadC_yadK_predicted,7.5,15,1,TTCGAACATAAGGCGCTCAT,14,4371278
yadL_yadM_yadC_yadK_predicted,7.5,15,1,TTCCGTGTCAGATAGTCGAG,14,4377243
yadL_yadM_yadC_yadK_predicted,11.5,23,1,TTCCCGGCGGATTGCCTTAC,22,4376116
yadL_yadM_yadC_yadK_predicted,1.0,2,1,TTCCCATACTATACCCCCCT,1,4390069
yadL_yadM_yadC_yadK_predicted,2.5,5,1,TTCCAGTTACACTATCAAGG,4,4388229
yadL_yadM_yadC_yadK_predicted,13.0,26,1,TTAGTTCCCGGTGTGCCGAC,25,4395510
yadL_yadM_yadC_yadK_predicted,2.0,4,1,TTAGCCCTTTCGAGCTCAGG,3,4390414
yadL_yadM_yadC_yadK_predicted,12.0,24,1,TGTTGGTGGAGAAGTGGGCT,23,4397016
yadL_yadM_yadC_yadK_predicted,8.0,16,1,TGTTCGGTACGGGTTGGGCA,15,4372553
yadL_yadM_yadC_yadK_predicted,6.0,12,1,TGTGAGCCTTCGCGGGTTTC,11,4381743
yadL_yadM_yadC_yadK_predicted,4.5,9,1,TGTCGAGCCACGCAGAAATG,8,4398278
yadL_yadM_yadC_yadK_predicted,1.0,2,1,TGTAGTTGTCTAAGATGTGC,1,4375183
yadL_yadM_yadC_yadK_predicted,7.0,14,1,TGGTTCTGGCACGTTGCTAA,13,4386282
yadL_yadM_yadC_yadK_predicted,15.0,30,1,TGGTGAAATGTCAAGGCATG,29,4370460
yadL_yadM_yadC_yadK_predicted,13.5,27,1,TGGTACTTTCCGAGCGCACA,26,4384399
yadL_yadM_yadC_yadK_predicted,2.5,5,1,TGGCGGGTTCTGGACCCGGC,4,4389300
yadL_yadM_yadC_yadK_predicted,7.0,14,1,TGCGGCTACACTCCTGATAT,13,4379675
yadL_yadM_yadC_yadK_predicted,12.5,25,1,TGATTGGCATTTAACGCGGT,24,4370845
yadL_yadM_yadC_yadK_predicted,12.5,25,1,TGATCACCTGCATTCTCATC,24,4371670
yadL_yadM_yadC_yadK_predicted,5.5,11,1,TGAAAACGCAGAGACACGCT,10,4386424
yadL_yadM_yadC_yadK_predicted,4.5,9,1,TCTGGATTCTATCGTCGGGT,8,4387550
yadL_yadM_yadC_yadK_predicted,7.0,14,1,TCTCACCCGTTTTCCGCACC,13,4391757
yadL_yadM_yadC_yadK_predicted,10.0,20,1,TCGTCTGGGTCACTCGGGGA,19,4394370
yadL_yadM_yadC_yadK_predicted,13.0,26,1,TCGCCCCATATTCGGGACAT,25,4370327
yadL_yadM_yadC_yadK_predicted,1.0,2,1,TCCTTCGCTCGGCTTTTAAA,1,4392212
yadL_yadM_yadC_yadK_predicted,7.5,15,1,TCCTAGGTGACAATAAGTGT,14,4400720
yadL_yadM_yadC_yadK_predicted,12.5,25,1,TCCAAAACTCGGGTTTTCAC,24,4393329
yadL_yadM_yadC_yadK_predicted,14.5,29,1,TCAAAAAGTGACCAGTTCAC,28,4376658
yadL_yadM_yadC_yadK_predicted,2.5,5,1,TATGCGTGATGTTTAAGGTT,4,4380231
yadL_yadM_yadC_yadK_predicted,9.0,18,1,TATGAATGGCGGGTCGCGCC,17,4374458
yadL_yadM_yadC_yadK_predicted,6.5,13,1,TATAGAGACTAGGGTGCGAC,12,4394448
yadL_yadM_yadC_yadK_predicted,7.0,14,1,TAGCGCCTGATACCGACCAT,13,4374977
yadL_yadM_yadC_yadK_predicted,2.5,5,1,TACTGCTAGGACTTGACTAG,4,4394026
yadL_yadM_yadC_yadK_predicted,1.0,2,1,TACCGTCGGGCTGTTGTTGC,1,4397725
yadL_yadM_yadC_yadK_predicted,10.5,21,1,TACCGAAGGTAGAATCGGAG,20,4370207
yadL_yadM_yadC_yadK_predicted,8.5,17,1,TACAGACGGCCTTTCTCGGA,16,4397343
yadL_yadM_yadC_yadK_predicted,5.0,10,1,TACACGGTATTGAATTAAAA,9,4380610
yadL_yadM_yadC_yadK_predicted,7.0,14,1,TAAGTTTGCTTTTTCTCATT,13,4397018
yadL_yadM_yadC_yadK_predicted,9.0,18,1,GTTTTATCTACCGCTGACAT,17,4393889
yadL_yadM_yadC_yadK_predicted,9.0,18,1,GTTGACTAAACTTGGTGATA,17,4393782
yadL_yadM_yadC_yadK_predicted,12.5,25,1,GTTAGAACATCGGGGCCAAA,24,4393154
yadL_yadM_yadC_yadK_predicted,11.0,22,1,GTGTTACGTTCAGTAGCTGA,21,4396291
yadL_yadM_yadC_yadK_predicted,4.5,9,1,GTGTGTTTATGCCCGTGAGA,8,4390322
yadL_yadM_yadC_yadK_predicted,2.0,4,1,GTGCTTCCGTGTGTCCAGAC,3,4370114
yadL_yadM_yadC_yadK_predicted,1.0,2,1,GTGATGGAAGAATTCGGAGC,1,4383707
yadL_yadM_yadC_yadK_predicted,1.0,2,1,GTCTCGGGCTCCATCCCCAC,1,4376231
yadL_yadM_yadC_yadK_predicted,15.0,30,1,GTCAATAATCTATTTACTTG,29,4379044
yadL_yadM_yadC_yadK_predicted,2.0,4,1,GTAGGGGAGTGCAAAGCTCA,3,4371548
yadL_yadM_yadC_yadK_predicted,5.0,10,1,GTAGGCTATGCGGGTTCTAA,9,4372274
yadL_yadM_yadC_yadK_predicted,10.5,21,1,GGTCTTAAACTCGACACGCA,20,4400318
yadL_yadM_yadC_yadK_predicted,12.5,25,1,GGTCAAAAGATGACCGATAT,24,4389959
yadL_yadM_yadC_yadK_predicted,15.5,31,1,GGGTGTCGTCAAGCCGCAGA,30,4394070
yadL_yadM_yadC_yadK_predicted,9.0,18,1,GGGTCCAATCGGGTTTTCAT,17,4373263
yadL_yadM_yadC_yadK_predicted,2.5,5,1,GGGGTTCAAGCATCGTCCTC,4,4394027
yadL_yadM_yadC_yadK_predicted,8.0,16,1,GGGGTCCTGTAGGCAATCTT,15,4399265
yadL_yadM_yadC_yadK_predicted,11.0,22,1,GGGCATTCCTACTGTTTGAT,21,4402147
yadL_yadM_yadC_yadK_predicted,4.0,8,1,GGCTTGCAATTGTGGACAAA,7,4378805
yadL_yadM_yadC_yadK_predicted,9.0,18,1,GGCTCTCTTGGAGACGCGAC,17,4374234
yadL_yadM_yadC_yadK_predicted,6.0,12,1,GGCTATGTTTTATTTCGATG,11,4390435
yadL_yadM_yadC_yadK_predicted,8.5,17,1,GGCGGTGGAACGTCCAACGT,16,4378029
yadL_yadM_yadC_yadK_predicted,1.5,3,1,GGCGGCCCAAGAACACCGGG,2,4384386
yadL_yadM_yadC_yadK_predicted,13.0,26,1,GGCCCAGAGGTGAAGTATTA,25,4401175
yadL_yadM_yadC_yadK_predicted,1.0,2,1,GGCCAGCGTAAAGACTCCCA,1,4372462
yadL_yadM_yadC_yadK_predicted,6.5,13,1,GGCATCGCGGCAGTCTCGAA,12,4389001
yadL_yadM_yadC_yadK_predicted,5.5,11,1,GGATACTATGAGTGTATCGT,10,4395890
yadL_yadM_yadC_yadK_predicted,5.5,11,1,GGAAGCGCGTTCCAATCAGC,10,4392622
yadL_yadM_yadC_yadK_predicted,16.0,32,1,GCTGGTTCAAACGCTGGGCA,31,4382178
yadL_yadM_yadC_yadK_predicted,11.5,23,1,GCTATCATCATGCGCAGCAT,22,4400418
yadL_yadM_yadC_yadK_predicted,3.0,6,1,GCTAGTTGTTATTTTGCAAC,5,4386477
yadL_yadM_yadC_yadK_predicted,6.5,13,1,GCTAGCCTGGACCGGCGCTA,12,4386135
yadL_yadM_yadC_yadK_predicted,18.0,36,1,GCGGATCACTGTGCCAATTG,35,4381003
yadL_yadM_yadC_yadK_predicted,12.0,24,1,GCCTCAGGTATACCGCGTTT,23,4383746
yadL_yadM_yadC_yadK_predicted,3.5,7,1,GCCGTGTCCGGATCCGGGCT,6,4371522
yadL_yadM_yadC_yadK_predicted,12.0,24,1,GCCACGGCAACTCTCCACAG,23,4396000
yadL_yadM_yadC_yadK_predicted,10.0,20,1,GCATGGTCTTAGGCGATGAA,19,4380709
yadL_yadM_yadC_yadK_predicted,2.5,5,1,GCAATGTTCCTTTAACCGGC,4,4396163
yadL_yadM_yadC_yadK_predicted,1.5,3,1,GATTTCAATCGGTGGCGATC,2,4381095
yadL_yadM_yadC_yadK_predicted,7.5,15,1,GATTTAACGTAAGATCATAC,14,4387615
yadL_yadM_yadC_yadK_predicted,6.5,13,1,GATTGGCGCCTGGCTTATAT,12,4372321
yadL_yadM_yadC_yadK_predicted,1.5,3,1,GATGGTGTAGGGGCGGTGTA,2,4374238
yadL_yadM_yadC_yadK_predicted,1.0,2,1,GAGCACTGATCTCTGCCTTA,1,4387483
yadL_yadM_yadC_yadK_predicted,1.5,3,1,GACTGGACAGCTACAGGCCC,2,4399951
yadL_yadM_yadC_yadK_predicted,6.0,12,1,GACCGGACCATGCCGTCGAA,11,4391401
yadL_yadM_yadC_yadK_predicted,1.0,2,1,GACACACGGTCCACCACCCA,1,4372845
yadL_yadM_yadC_yadK_predicted,1.0,2,1,GAATACTTCTTGGTTCGTTT,1,4392189
yadL_yadM_yadC_yadK_predicted,2.5,5,1,GAAATCTTAGCCAAGCGCTG,4,4374149
yadL_yadM_yadC_yadK_predicted,2.5,5,1,GAAAGCTCTTCCGCCTTGCA,4,4387716
yadL_yadM_yadC_yadK_predicted,1.0,2,1,GAAAACTATACGTCGCGCCA,1,4379894
yadL_yadM_yadC_yadK_predicted,1.5,3,1,CTTGTGGCTATTGCAACGGA,2,4400709
yadL_yadM_yadC_yadK_predicted,1.0,2,1,CTTGTATCCGCTGTTGCCCG,1,4371599
yadL_yadM_yadC_yadK_predicted,6.0,12,1,CTTGGAATTAGCGTGTCATC,11,4394538
yadL_yadM_yadC_yadK_predicted,6.5,13,1,CTTCGAAGCTGTTAAATCGA,12,4383386
yadL_yadM_yadC_yadK_predicted,10.5,21,1,CTTAGTCAGAGCTCGATCAA,20,4376760
yadL_yadM_yadC_yadK_predicted,1.0,2,1,CTGGCGGTCCTGACACCACT,1,4391943
yadL_yadM_yadC_yadK_predicted,5.5,11,1,CTGAGCTTTAGCTACTGACT,10,4374868
yadL_yadM_yadC_yadK_predicted,2.0,4,1,CTCCTATTGGAGTTATGTAG,3,4384802
yadL_yadM_yadC_yadK_predicted,7.0,14,1,CTCCACCGCCCCAGTCCTCT,13,4388937
yadL_yadM_yadC_yadK_predicted,8.0,16,1,CTATTCTAATTATTGACGTA,15,4397854
yadL_yadM_yadC_yadK_predicted,10.0,20,1,CTATCGTTTGTTACCATTCA,19,4392377
yadL_yadM_yadC_yadK_predicted,1.0,2,1,CTATACAGCTAAATCAGGTA,1,4398232
yadL_yadM_yadC_yadK_predicted,5.5,11,1,CTACGTCGCTACGGAAATTC,10,4397150
yadL_yadM_yadC_yadK_predicted,8.0,16,1,CTAAGGTTGCACACGTAATG,15,4378192
yadL_yadM_yadC_yadK_predicted,9.5,19,1,CTAAGCTTCAAACCGTGCTG,18,4385434
yadL_yadM_yadC_yadK_predicted,6.5,13,1,CTAAGACTTTCGCCATGGGA,12,4387564
yadL_yadM_yadC_yadK_predicted,10.0,20,1,CGTGCTACTTTGGTCACCCT,19,4401977
yadL_yadM_yadC_yadK_predicted,1.0,2,1,CGGCATTAAACGGCACACTG,1,4393057
yadL_yadM_yadC_yadK_predicted,5.0,10,1,CGGAGGTTAGTCCGATCCAC,9,4378044
yadL_yadM_yadC_yadK_predicted,6.5,13,1,CGCGGCTTGCTTGAATCCTA,12,4378385
yadL_yadM_yadC_yadK_predicted,23.0,46,1,CGCGACCGTGTCCGCCTTTT,45,4399714
yadL_yadM_yadC_yadK_predicted,4.5,9,1,CGCATTACTGGTTGGTGTGT,8,4397329
yadL_yadM_yadC_yadK_predicted,11.5,23,1,CGACGGCGCTTAAGTTTACT,22,4402293
yadL_yadM_yadC_yadK_predicted,1.5,3,1,CGACCGAAACTCTCTACCTG,2,4381876
yadL_yadM_yadC_yadK_predicted,5.5,11,1,CGAACCTCACCTTGACCTCC,10,4400199
yadL_yadM_yadC_yadK_predicted,21.0,42,1,CCTTACACGGTTAGATAGAA,41,4384545
yadL_yadM_yadC_yadK_predicted,12.5,25,1,CCTGGTAGACACCAGTTAAT,24,4388461
yadL_yadM_yadC_yadK_predicted,3.0,6,1,CCTGAGGTACTGGTAACATG,5,4388718
yadL_yadM_yadC_yadK_predicted,15.5,31,1,CCGGGATGGGGACGATTGCC,30,4385684
yadL_yadM_yadC_yadK_predicted,3.5,7,1,CCGGACGGTCGCTACCGCGT,6,4381276
yadL_yadM_yadC_yadK_predicted,5.0,10,1,CCGAGTCACCTCTACGGTGC,9,4395922
yadL_yadM_yadC_yadK_predicted,6.0,12,1,CCCGTGATCGTTAGGTCAGA,11,4397345
yadL_yadM_yadC_yadK_predicted,1.0,2,1,CCCGTACTAGGGTCCAAGCA,1,4370685
yadL_yadM_yadC_yadK_predicted,11.0,22,1,CCCGGCAGCAGCGCACCGTA,21,4395889
yadL_yadM_yadC_yadK_predicted,25.0,50,1,CCATGCTGAAACGGCGATGT,49,4388770
yadL_yadM_yadC_yadK_predicted,6.5,13,1,CATGGTGTCCTAAGCATACT,12,4383433
yadL_yadM_yadC_yadK_predicted,8.0,16,1,CATAGCGTCGAACCGGCTGT,15,4388694
yadL_yadM_yadC_yadK_predicted,1.0,2,1,CATAACCGGTATTCTCTACT,1,4373617
yadL_yadM_yadC_yadK_predicted,3.5,7,1,CACGGCATTTGCGGACTGCG,6,4378871
yadL_yadM_yadC_yadK_predicted,16.5,33,1,CACGAGTTCAGGGGCAGTAT,32,4372384
yadL_yadM_yadC_yadK_predicted,3.5,7,1,CACCCCAACAAACGGGTGGA,6,4390635
yadL_yadM_yadC_yadK_predicted,3.0,6,1,CACCATCCCTCAGGGGAGAT,5,4380611
yadL_yadM_yadC_yadK_predicted,10.5,21,1,CACAGGCAAGGGTTCCATAT,20,4394541
yadL_yadM_yadC_yadK_predicted,2.5,5,1,CAAGCGTGCGTGCACTTCAG,4,4381014
yadL_yadM_yadC_yadK_predicted,12.5,25,1,CAAGAGATCAAAGGGATAGT,24,4388809
yadL_yadM_yadC_yadK_predicted,7.0,14,1,CAAGAAAATTCAACAAGTCT,13,4374431
yadL_yadM_yadC_yadK_predicted,12.5,25,1,CAACTTTCTCAATCTTTTTG,24,4394316
yadL_yadM_yadC_yadK_predicted,1.0,2,1,CAACTTATTCGGCTTTGCGA,1,4399189
yadL_yadM_yadC_yadK_predicted,9.5,19,1,CAAACAGTTAGCATGTTAGT,18,4397196
yadL_yadM_yadC_yadK_predicted,9.5,19,1,CAAAACCCGCAGCCTGTCTC,18,4394648
yadL_yadM_yadC_yadK_predicted,21.5,43,1,ATTGTGGACTATATTTCCAT,42,4374312
yadL_yadM_yadC_yadK_predicted,10.0,20,1,ATTATCCATATGATGGGGAG,19,4392253
yadL_yadM_yadC_yadK_predicted,1.5,3,1,ATGGGACACGGGAGTAGGTG,2,4385615
yadL_yadM_yadC_yadK_predicted,2.0,4,1,ATGAATTTGAGTGGGTTGTA,3,4396520
yadL_yadM_yadC_yadK_predicted,15.0,30,1,ATCTAGGTTCGTCATTTATG,29,4391987
yadL_yadM_yadC_yadK_predicted,8.0,16,1,ATAGACGGGACCTGCGAAGA,15,4384415
yadL_yadM_yadC_yadK_predicted,3.0,6,1,AGTTGAATTGCCAGCCGGAA,5,4383901
yadL_yadM_yadC_yadK_predicted,3.5,7,1,AGTGTTCCATGAGAGGGGAT,6,4399859
yadL_yadM_yadC_yadK_predicted,1.0,2,1,AGTCTGAAATCCAATTGAAT,1,4376082
yadL_yadM_yadC_yadK_predicted,23.0,46,1,AGTCCCAGGGCAGTGTCGAA,45,4389007
yadL_yadM_yadC_yadK_predicted,10.0,20,1,AGTCATCACGCTCCCGTCCT,19,4382457
yadL_yadM_yadC_yadK_predicted,1.5,3,1,AGTATTGGTGGAAGAGTGAA,2,4374777
yadL_yadM_yadC_yadK_predicted,14.0,28,1,AGGTACTCACGAAATTCGGC,27,4373718
yadL_yadM_yadC_yadK_predicted,5.5,11,1,AGGCGGACCGCGGTTCCCAC,10,4378351
yadL_yadM_yadC_yadK_predicted,3.5,7,1,AGGACCCGGAATCGCTACAG,6,4385703
yadL_yadM_yadC_yadK_predicted,2.5,5,1,AGCTCTAAAAACCCGATTTC,4,4399514
yadL_yadM_yadC_yadK_predicted,11.5,23,1,AGCGCATGTCTCGCTTCCAG,22,4386390
yadL_yadM_yadC_yadK_predicted,2.0,4,1,AGCCAAGAGTCTTTAGGACC,3,4386153
yadL_yadM_yadC_yadK_predicted,6.5,13,1,AGACTGTTTACATGTCACCT,12,4381280
yadL_yadM_yadC_yadK_predicted,1.0,2,1,ACTCATTAACGAGTCGTCCA,1,4387584
yadL_yadM_yadC_yadK_predicted,1.5,3,1,ACGGTCAGTGTATGTAGTCT,2,4388544
yadL_yadM_yadC_yadK_predicted,9.0,18,1,ACGGGATTGGTTCGGGTTAA,17,4387180
yadL_yadM_yadC_yadK_predicted,3.5,7,1,ACCGGACAGGGGCACAAGAT,6,4380891
yadL_yadM_yadC_yadK_predicted,8.5,17,1,ACCCCTGTGCCAATAATTCT,16,4401630
yadL_yadM_yadC_yadK_predicted,2.0,4,1,ACCACAAAAATGCGGTTTTT,3,4376905
yadL_yadM_yadC_yadK_predicted,1.0,2,1,ACATCTTTATGCCCGCGGAC,1,4377388
yadL_yadM_yadC_yadK_predicted,1.0,2,1,ACAAAGTGGCCTACAATGCA,1,4384794
yadL_yadM_yadC_yadK_predicted,2.5,5,1,ACAAAATAAGAGTGTCACGT,4,4389721
yadL_yadM_yadC_yadK_predicted,9.0,18,1,AATATTCCCGCTTTCAGAAA,17,4392194
yadL_yadM_yadC_yadK_predicted,22.5,45,1,AATACGACTCATGCTCGATA,44,4373690
yadL_yadM_yadC_yadK_predicted,27.0,54,1,AAGAGATTTTACTAGAGTAC,53,4397235
yadL_yadM_yadC_yadK_predicted,3.0,6,1,AACGCGCTAGCCTTCAGTAA,5,4390732
yadL_yadM_yadC_yadK_predicted,2.5,5,1,AACGATTGCTGAGGCGCATT,4,4386155
yadL_yadM_yadC_yadK_predicted,3.0,6,1,AACATGTTGCCATAAGTCTC,5,4385489
yadL_yadM_yadC_yadK_predicted,1.0,2,1,AAATACAACGGAGACCTGCA,1,4381278
yadL_yadM_yadC_yadK_predicted,1.0,2,1,AAAAGGCATATTCCACAGTA,1,4375109
yadL_yadM_yadC_yadK_predicted,0.038461538461538464,25,25,GTTCTGGACTATCCGAACAA,0,4379114
yadL_yadM_yadC_yadK_predicted,0.1,9,9,TCTTGAGGAGAACGCCCAGA,0,4390982
yadL_yadM_yadC_yadK_predicted,0.1,9,9,GGTGGGAAGGAGTCTCGTGG,0,4382445
yadL_yadM_yadC_yadK_predicted,0.1,9,9,AGGCCTAATTAGTCTGCCGA,0,4370225
yadL_yadM_yadC_yadK_predicted,0.1,9,9,ACTGCGGTCCTCGAGACGAC,0,4375635
yadL_yadM_yadC_yadK_predicted,0.1111111111111111,8,8,GTTATTGGGCCATGGAGTGT,0,4371549
yadL_yadM_yadC_yadK_predicted,0.125,7,7,GCTATTAACGAGAATTCTAG,0,4387694
yadL_yadM_yadC_yadK_predicted,0.125,7,7,CGAAGGGGTTGATAGGGGAT,0,4395096
yadL_yadM_yadC_yadK_predicted,0.125,7,7,CATTTCGCCAAAGAACGTGT,0,4374298
yadL_yadM_yadC_yadK_predicted,0.125,7,7,ACTAGCCGAGGCGACAAGGT,0,4378492
yadL_yadM_yadC_yadK_predicted,0.14285714285714285,6,6,TTTATGGTACCAAGTATAAC,0,4375658
yadL_yadM_yadC_yadK_predicted,0.14285714285714285,6,6,TATGTTGCAGTTGATCGTTG,0,4394902
yadL_yadM_yadC_yadK_predicted,0.14285714285714285,6,6,TAATCTCACTTTGCGAACGC,0,4382416
yadL_yadM_yadC_yadK_predicted,0.14285714285714285,6,6,GTATTGCTCCCGCGAACTGG,0,4383705
yadL_yadM_yadC_yadK_predicted,0.14285714285714285,6,6,GGGGAGATGACAACCCGCGA,0,4393427
yadL_yadM_yadC_yadK_predicted,0.14285714285714285,6,6,GGCAGCTAGGCCGGCTTCCA,0,4385614
yadL_yadM_yadC_yadK_predicted,0.14285714285714285,6,6,GCTAGCGACAGCATTTCCTT,0,4375122
yadL_yadM_yadC_yadK_predicted,0.14285714285714285,6,6,CTATTGGACCTCGCCTTTAC,0,4385859
yadL_yadM_yadC_yadK_predicted,0.14285714285714285,6,6,CTAGTCTGTCGTCCCTCAAG,0,4379065
yadL_yadM_yadC_yadK_predicted,0.14285714285714285,6,6,CCCCCGAGCAGCTTATTTCA,0,4374181
yadL_yadM_yadC_yadK_predicted,0.14285714285714285,6,6,ACCTTTGGTTCCAACCACCA,0,4375210
yadL_yadM_yadC_yadK_predicted,0.14285714285714285,6,6,ACAGTAGGATTGCCTATACA,0,4376452
yadL_yadM_yadC_yadK_predicted,0.14285714285714285,6,6,AACTTATCGTGGAGTTGGCG,0,4381434
yadL_yadM_yadC_yadK_predicted,0.14285714285714285,6,6,AAATCGGGTTGCACCGTTAG,0,4378930
yadL_yadM_yadC_yadK_predicted,0.14285714285714285,6,6,AAAACCAACTTTTACTAGAT,0,4370397
yadL_yadM_yadC_yadK_predicted,0.16666666666666666,5,5,TTGTTTGGGGCGTGGCACGA,0,4392818
yadL_yadM_yadC_yadK_predicted,0.16666666666666666,5,5,TTGCTCTAGGATTAAGACGG,0,4396005
yadL_yadM_yadC_yadK_predicted,0.16666666666666666,5,5,TTCTGTGACGCGGAATACGA,0,4375957
yadL_yadM_yadC_yadK_predicted,0.16666666666666666,5,5,TGTTCTCACTCGTAAAGCCC,0,4382606
yadL_yadM_yadC_yadK_predicted,0.16666666666666666,5,5,TCGTGCGCTGCCAACCTTCT,0,4391679
yadL_yadM_yadC_yadK_predicted,0.16666666666666666,5,5,TAGGTTCAACGACCCCAGAT,0,4385262
yadL_yadM_yadC_yadK_predicted,0.16666666666666666,5,5,GTTTAACTGTTAGCACTACA,0,4393670
yadL_yadM_yadC_yadK_predicted,0.16666666666666666,5,5,GTACCAGCAAGATCTTTGAC,0,4380465
yadL_yadM_yadC_yadK_predicted,0.16666666666666666,5,5,GGTTAGGTTCACATAAAGAT,0,4398997
yadL_yadM_yadC_yadK_predicted,0.16666666666666666,5,5,GGTCTTCAAATGGAAATGGT,0,4390646
yadL_yadM_yadC_yadK_predicted,0.16666666666666666,5,5,GGGTAGTGGACCGGTGCAAT,0,4376370
yadL_yadM_yadC_yadK_predicted,0.16666666666666666,5,5,GGCTAGATAGAAAATACGCA,0,4394969
yadL_yadM_yadC_yadK_predicted,0.16666666666666666,5,5,GCTGGGAAAGGGTGACAGGT,0,4380475
yadL_yadM_yadC_yadK_predicted,0.16666666666666666,5,5,GCTGGCCACGCGTTATCTCT,0,4389939
yadL_yadM_yadC_yadK_predicted,0.16666666666666666,5,5,GCGATGGGAGTATGCACCCC,0,4376015
yadL_yadM_yadC_yadK_predicted,0.16666666666666666,5,5,GACATAGGTTGCATCAAGCA,0,4375104
yadL_yadM_yadC_yadK_predicted,0.16666666666666666,5,5,GACAGGAAGAATCCACGTAG,0,4389622
yadL_yadM_yadC_yadK_predicted,0.16666666666666666,5,5,GACACCTCCGTCCTTCGCCT,0,4392031
yadL_yadM_yadC_yadK_predicted,0.16666666666666666,5,5,CTTACGTTTCACTTGGAATG,0,4385857
yadL_yadM_yadC_yadK_predicted,0.16666666666666666,5,5,CTAGACACCCGTCCCTGGAC,0,4389556
yadL_yadM_yadC_yadK_predicted,0.16666666666666666,5,5,CTAGAATCCATGGCACTTTG,0,4375885
yadL_yadM_yadC_yadK_predicted,0.16666666666666666,5,5,CAGATAAGGGGCATACGACT,0,4372649
yadL_yadM_yadC_yadK_predicted,0.16666666666666666,5,5,ATTCCGTAGGTTCTACTGTG,0,4386697
yadL_yadM_yadC_yadK_predicted,0.16666666666666666,5,5,ATCCTCTAGGAAATGAGAGC,0,4372428
yadL_yadM_yadC_yadK_predicted,0.16666666666666666,5,5,ATATGTGCAATCGAATTTAC,0,4385600
yadL_yadM_yadC_yadK_predicted,0.16666666666666666,5,5,ATATATTGTGGCTAGGCGCA,0,4384759
yadL_yadM_yadC_yadK_predicted,0.16666666666666666,5,5,ATAGACCCCAGGTCTATGAT,0,4381523
yadL_yadM_yadC_yadK_predicted,0.16666666666666666,5,5,AGGGGATGAAGGTAGATTCG,0,4374511
yadL_yadM_yadC_yadK_predicted,0.16666666666666666,5,5,AGATGACCGCCTCGGTCAGG,0,4400080
yadL_yadM_yadC_yadK_predicted,0.16666666666666666,5,5,ACTCACCGCTAGACAAGTAA,0,4379627
yadL_yadM_yadC_yadK_predicted,0.16666666666666666,5,5,ACCCATTTGGAGTTGCCTAA,0,4395063
yadL_yadM_yadC_yadK_predicted,0.16666666666666666,5,5,ACAAGGGTAGAGGTAGTGTT,0,4382593
yadL_yadM_yadC_yadK_predicted,0.16666666666666666,5,5,AAGCGAGTGGTTCCTCAGAT,0,4375328
yadL_yadM_yadC_yadK_predicted,0.2,4,4,TTTGTATTTGTGTTGCATTG,0,4383619
yadL_yadM_yadC_yadK_predicted,0.2,4,4,TTTCTTTGCGGTGGACGAAT,0,4390688
yadL_yadM_yadC_yadK_predicted,0.2,4,4,TTTACCTAAATCCGTCCAGA,0,4392894
yadL_yadM_yadC_yadK_predicted,0.2,4,4,TTGCCCATGAAACCTAAACT,0,4386836
yadL_yadM_yadC_yadK_predicted,0.2,4,4,TTCTGGGATTGACGGGACTC,0,4373532
yadL_yadM_yadC_yadK_predicted,0.2,4,4,TTCTCGAACAGTGAGTGCCA,0,4371600
yadL_yadM_yadC_yadK_predicted,0.2,4,4,TGTCCTTATAGGTGGCCTGA,0,4370230
yadL_yadM_yadC_yadK_predicted,0.2,4,4,TGGGGAAGTGGGCGACAGAA,0,4380115
yadL_yadM_yadC_yadK_predicted,0.2,4,4,TGGCGAGGGTCTGGGGTCTG,0,4396731
yadL_yadM_yadC_yadK_predicted,0.2,4,4,TGGAATAGTGTGGAAGACTA,0,4386229
yadL_yadM_yadC_yadK_predicted,0.2,4,4,TGAAAATCTGGTATTGGTAT,0,4382421
yadL_yadM_yadC_yadK_predicted,0.2,4,4,TCAACTCCTCTCGATAAGGG,0,4373182
yadL_yadM_yadC_yadK_predicted,0.2,4,4,GTACCCTAACTGAAGTCACC,0,4395497
yadL_yadM_yadC_yadK_predicted,0.2,4,4,GGCGACTATTAATCCCGAAG,0,4392804
yadL_yadM_yadC_yadK_predicted,0.2,4,4,GGCAGTTGAGTTAGCGTAGT,0,4371457
yadL_yadM_yadC_yadK_predicted,0.2,4,4,GCTGTTTTTCCGGTGCCCGT,0,4397815
yadL_yadM_yadC_yadK_predicted,0.2,4,4,GCGTGTTACGGCTACTACCA,0,4375638
yadL_yadM_yadC_yadK_predicted,0.2,4,4,GCGCATGTCTACGATCGCAA,0,4375879
yadL_yadM_yadC_yadK_predicted,0.2,4,4,GCCATTAGTTTCAATCACAA,0,4387063
yadL_yadM_yadC_yadK_predicted,0.2,4,4,GATGGGACTTGGCGCACGTA,0,4373040
yadL_yadM_yadC_yadK_predicted,0.2,4,4,GAGTTCAAACGCGGAGTTAA,0,4401535
yadL_yadM_yadC_yadK_predicted,0.2,4,4,GAGAATTCGAATTGAATAGC,0,4383868
yadL_yadM_yadC_yadK_predicted,0.2,4,4,GACCAGGAGATCCGCTCGTA,0,4388425
yadL_yadM_yadC_yadK_predicted,0.2,4,4,GACACTTGTGACGGCTTAGA,0,4394436
yadL_yadM_yadC_yadK_predicted,0.2,4,4,GAATAAAGGCGCCACCTGGA,0,4391811
yadL_yadM_yadC_yadK_predicted,0.2,4,4,CTTGCTGACGTAGATGAAGT,0,4388712
yadL_yadM_yadC_yadK_predicted,0.2,4,4,CTTCCACACCGGTCATACAT,0,4377701
yadL_yadM_yadC_yadK_predicted,0.2,4,4,CTGTAAGAAATCCACTTAGA,0,4386822
yadL_yadM_yadC_yadK_predicted,0.2,4,4,CTGGGAATGTGACTATTGTA,0,4380424
yadL_yadM_yadC_yadK_predicted,0.2,4,4,CTGGCGATGGCCCAAGTGTT,0,4400762
yadL_yadM_yadC_yadK_predicted,0.2,4,4,CTGCCTGCCAGCATTCCTGT,0,4380887
yadL_yadM_yadC_yadK_predicted,0.2,4,4,CTCTCCAATTGCCTAGTGAT,0,4372294
yadL_yadM_yadC_yadK_predicted,0.2,4,4,CTCATCGGGCGAGTGTTAAA,0,4380045
yadL_yadM_yadC_yadK_predicted,0.2,4,4,CGTGTCGCCCGTGTAACAAT,0,4389117
yadL_yadM_yadC_yadK_predicted,0.2,4,4,CGTGGTTTTTGCAGCAGTCT,0,4395962
yadL_yadM_yadC_yadK_predicted,0.2,4,4,CGTGGGATAAGTCGGTACTA,0,4377633
yadL_yadM_yadC_yadK_predicted,0.2,4,4,CGTGCGCCTGTGAGGATTAG,0,4391388
yadL_yadM_yadC_yadK_predicted,0.2,4,4,CGTCCGCGTGCACTTTGGTT,0,4379312
yadL_yadM_yadC_yadK_predicted,0.2,4,4,CGTATTTTCCCTTCAATTGT,0,4376307
yadL_yadM_yadC_yadK_predicted,0.2,4,4,CGGGATGGTACAATGTTCAT,0,4377734
yadL_yadM_yadC_yadK_predicted,0.2,4,4,CGGGACCCCGGCAGAGACTT,0,4379321
yadL_yadM_yadC_yadK_predicted,0.2,4,4,CGGACCCGTAGGGCTATGCA,0,4373151
yadL_yadM_yadC_yadK_predicted,0.2,4,4,CGCTTAGCGACAAACTGCAA,0,4372568
yadL_yadM_yadC_yadK_predicted,0.2,4,4,CGCTGGCTCAATCGGCTTAG,0,4370964
yadL_yadM_yadC_yadK_predicted,0.2,4,4,CGCGGGCTTGAGCGCCCGTC,0,4389352
yadL_yadM_yadC_yadK_predicted,0.2,4,4,CCTGCGGTGAATAGTGGCTA,0,4381860
yadL_yadM_yadC_yadK_predicted,0.2,4,4,CCGTGATATCCATCGGTGAA,0,4392633
yadL_yadM_yadC_yadK_predicted,0.2,4,4,CCGGTTGATCAGCACTATCA,0,4390330
yadL_yadM_yadC_yadK_predicted,0.2,4,4,CCGGCATTTTCCGGCACTAT,0,4373553
yadL_yadM_yadC_yadK_predicted,0.2,4,4,CCGCCTGACGAGTGGCGCTA,0,4401461
yadL_yadM_yadC_yadK_predicted,0.2,4,4,CCCTGTCTTTTGTACAGGAA,0,4376098
yadL_yadM_yadC_yadK_predicted,0.2,4,4,CATTTTTGCACCAGTTGCGA,0,4379318
yadL_yadM_yadC_yadK_predicted,0.2,4,4,CATGTCCAATCCTTATACAT,0,4381895
yadL_yadM_yadC_yadK_predicted,0.2,4,4,CAGTGCGGCTTTGGTTCACT,0,4379755
yadL_yadM_yadC_yadK_predicted,0.2,4,4,CAGTATAACCGGTTTCCCGT,0,4374408
yadL_yadM_yadC_yadK_predicted,0.2,4,4,CAGATTGGGGATCGTCGCGT,0,4383393
yadL_yadM_yadC_yadK_predicted,0.2,4,4,CACTTATCTTGCCGATCTGA,0,4391922
yadL_yadM_yadC_yadK_predicted,0.2,4,4,CACGTGGGTTCTCCTCTTCA,0,4393678
yadL_yadM_yadC_yadK_predicted,0.2,4,4,CACACGATCGGGGTTTTACA,0,4388711
yadL_yadM_yadC_yadK_predicted,0.2,4,4,CAATAGGATGTCGATTTTAC,0,4390221
yadL_yadM_yadC_yadK_predicted,0.2,4,4,CAAGGCGAATCCCGTGTGGC,0,4370892
yadL_yadM_yadC_yadK_predicted,0.2,4,4,CAACATCTAGGCAGAGTCTG,0,4393007
yadL_yadM_yadC_yadK_predicted,0.2,4,4,CAAATCAATAATTGTCGGTC,0,4384758
yadL_yadM_yadC_yadK_predicted,0.2,4,4,ATTGGTAGCGTTCGAGCTTA,0,4371143
yadL_yadM_yadC_yadK_predicted,0.2,4,4,ATTCGGGAGACGCCCCTCAA,0,4398479
yadL_yadM_yadC_yadK_predicted,0.2,4,4,ATTATCCATAGGATGGCAAA,0,4389737
yadL_yadM_yadC_yadK_predicted,0.2,4,4,ATCTAACAGTAGCCTTACTT,0,4371858
yadL_yadM_yadC_yadK_predicted,0.2,4,4,AGTCTACTCTAGGCGTGTTT,0,4370401
yadL_yadM_yadC_yadK_predicted,0.2,4,4,AGTCAGGCGCGATTGAAATA,0,4372693
yadL_yadM_yadC_yadK_predicted,0.2,4,4,AGGTGGCCCCCTCTGGGGTG,0,4384939
yadL_yadM_yadC_yadK_predicted,0.2,4,4,AGGCTTAGCTCTCACCCGTG,0,4384235
yadL_yadM_yadC_yadK_predicted,0.2,4,4,AGGCGCCAGGGGCTGTTAGA,0,4389074
yadL_yadM_yadC_yadK_predicted,0.2,4,4,AGGCCCAACTCTACTGAATA,0,4396207
yadL_yadM_yadC_yadK_predicted,0.2,4,4,AGCTAGAATCTAAGACAGGG,0,4378554
yadL_yadM_yadC_yadK_predicted,0.2,4,4,AGCATCTACCCGACACCGTG,0,4390977
yadL_yadM_yadC_yadK_predicted,0.2,4,4,AGAGCTTCGTGCGTTTCCAA,0,4371015
yadL_yadM_yadC_yadK_predicted,0.2,4,4,AGAATTTATGCGGGTTGCCC,0,4375287
yadL_yadM_yadC_yadK_predicted,0.2,4,4,AGAATGAAGCCCGCTACGAA,0,4385989
yadL_yadM_yadC_yadK_predicted,0.2,4,4,ACAATAATGCCAGCGCTTGT,0,4371900
yadL_yadM_yadC_yadK_predicted,0.2,4,4,AAGGACAGTCAGGTCAAAAT,0,4389269
yadL_yadM_yadC_yadK_predicted,0.2,4,4,AAGCCAATCGTTGGCATAGT,0,4386483
yadL_yadM_yadC_yadK_predicted,0.2,4,4,AACGATTTCTGTCTGCCCTG,0,4387980
yadL_yadM_yadC_yadK_predicted,0.2,4,4,AAATCGAATTAAGGTAAGGT,0,4389658
yadL_yadM_yadC_yadK_predicted,0.2,4,4,AAAAGGGGGCGAGGTTGTTA,0,4392295
yadL_yadM_yadC_yadK_predicted,0.25,3,3,TTTTTGGTTCAATGACCTTC,0,4378069
yadL_yadM_yadC_yadK_predicted,0.25,3,3,TTTGGTTAATACGCGCGTAG,0,4379236
yadL_yadM_yadC_yadK_predicted,0.25,3,3,TTTGGTGGGGACATCTCAAT,0,4372893
yadL_yadM_yadC_yadK_predicted,0.25,3,3,TTTGGGAACGTGCTCATCGT,0,4388303
yadL_yadM_yadC_yadK_predicted,0.25,3,3,TTTCGAGCCTTGTTTGAGAA,0,4374357
yadL_yadM_yadC_yadK_predicted,0.25,3,3,TTGCCGGGATATGGTTATCA,0,4395526
yadL_yadM_yadC_yadK_predicted,0.25,3,3,TTGAACATCTAGAGAGTCGG,0,4376748
yadL_yadM_yadC_yadK_predicted,0.25,3,3,TTGAAAGTGCGACCACCTAC,0,4379912
yadL_yadM_yadC_yadK_predicted,0.25,3,3,TTCTTGCCGGTAATTGCACT,0,4400009
yadL_yadM_yadC_yadK_predicted,0.25,3,3,TTCGTAGCGAGAATAAGGCC,0,4396629
yadL_yadM_yadC_yadK_predicted,0.25,3,3,TTCCGGGCGTGGCGCCTATT,0,4374580
yadL_yadM_yadC_yadK_predicted,0.25,3,3,TTCCAAAGAGATACCCGATA,0,4374307
yadL_yadM_yadC_yadK_predicted,0.25,3,3,TTACTGTACTGCTTCTTGCT,0,4400345
yadL_yadM_yadC_yadK_predicted,0.25,3,3,TTACTACACGCTTCTAATTC,0,4372155
yadL_yadM_yadC_yadK_predicted,0.25,3,3,TTACACCCGTCCTGTGATTT,0,4381976
yadL_yadM_yadC_yadK_predicted,0.25,3,3,TTAATTACTCGTACTCCTTA,0,4370655
yadL_yadM_yadC_yadK_predicted,0.25,3,3,TGTTACAGAGCAGCATTTCC,0,4396492
yadL_yadM_yadC_yadK_predicted,0.25,3,3,TGTGCGTGCCTGCAATGGAG,0,4372302
yadL_yadM_yadC_yadK_predicted,0.25,3,3,TGTCGTCCCTGTCAGCGGGA,0,4379450
yadL_yadM_yadC_yadK_predicted,0.25,3,3,TGTCCGGTTAGGCCCGTCTA,0,4380322
yadL_yadM_yadC_yadK_predicted,0.25,3,3,TGTAGTCCTGAGCAGAAGCT,0,4375912
yadL_yadM_yadC_yadK_predicted,0.25,3,3,TGGTTGTAATTACCAACGGC,0,4378238
yadL_yadM_yadC_yadK_predicted,0.25,3,3,TGGGGGTTACTGGGTAACGG,0,4390527
yadL_yadM_yadC_yadK_predicted,0.25,3,3,TGGGCATGTGCTCCCGCTTT,0,4392120
yadL_yadM_yadC_yadK_predicted,0.25,3,3,TGGCCGTTTTTCGAACCGGA,0,4396657
yadL_yadM_yadC_yadK_predicted,0.25,3,3,TGGCAAGTATTATGGGAATG,0,4387506
yadL_yadM_yadC_yadK_predicted,0.25,3,3,TGGAGGCTGAGCATCCCTCC,0,4379946
yadL_yadM_yadC_yadK_predicted,0.25,3,3,TGGACTGACGCGGACAGATA,0,4375622
yadL_yadM_yadC_yadK_predicted,0.25,3,3,TGGAATACACCTCGTCTGTA,0,4373481
yadL_yadM_yadC_yadK_predicted,0.25,3,3,TGCTGTGACTCTTCTAGCGT,0,4386182
yadL_yadM_yadC_yadK_predicted,0.25,3,3,TGCGTCGAGTGTCGCAAAAT,0,4390010
yadL_yadM_yadC_yadK_predicted,0.25,3,3,TGCCTTCCCTGGGACTACTT,0,4370561
yadL_yadM_yadC_yadK_predicted,0.25,3,3,TGCAAACCTTCATCAGGTAC,0,4371869
yadL_yadM_yadC_yadK_predicted,0.25,3,3,TGATTACTATTACCATAGTC,0,4375121
yadL_yadM_yadC_yadK_predicted,0.25,3,3,TGAGACCGCTGAGTACGACA,0,4386038
yadL_yadM_yadC_yadK_predicted,0.25,3,3,TGACTGCATTTGTTACCATC,0,4391273
yadL_yadM_yadC_yadK_predicted,0.25,3,3,TGACAGTTTAAATAGGACCC,0,4390278
yadL_yadM_yadC_yadK_predicted,0.25,3,3,TCTTTCAATGCCTGGTTAGT,0,4372804
yadL_yadM_yadC_yadK_predicted,0.25,3,3,TCTCGGTTCCAATACTAAAG,0,4373262
yadL_yadM_yadC_yadK_predicted,0.25,3,3,TCGGCTAGTCACATGTTTGA,0,4375743
yadL_yadM_yadC_yadK_predicted,0.25,3,3,TCGCGTACTTCTGTGGCAGA,0,4371430
yadL_yadM_yadC_yadK_predicted,0.25,3,3,TCGACTCCCGGAACTATTTC,0,4373961
yadL_yadM_yadC_yadK_predicted,0.25,3,3,TCCTGACTCGATGTCAGGGC,0,4371859
yadL_yadM_yadC_yadK_predicted,0.25,3,3,TCCTCCAAATCCGTTTATAG,0,4391834
yadL_yadM_yadC_yadK_predicted,0.25,3,3,TCCTAGCCGATTACAAAAGA,0,4401727
yadL_yadM_yadC_yadK_predicted,0.25,3,3,TCCAGTCAATCTCAGATCAG,0,4393222
yadL_yadM_yadC_yadK_predicted,0.25,3,3,TCATAGCATGACCCCTCACT,0,4399672
yadL_yadM_yadC_yadK_predicted,0.25,3,3,TCAGTTGTGTTGGACGCGCA,0,4387307
yadL_yadM_yadC_yadK_predicted,0.25,3,3,TCAGCCTTTGGGTCGGGCAG,0,4377479
yadL_yadM_yadC_yadK_predicted,0.25,3,3,TCAATATTCTGGCAGCCTCT,0,4387948
yadL_yadM_yadC_yadK_predicted,0.25,3,3,TCAACCCGTGTGCACACCGC,0,4373086
yadL_yadM_yadC_yadK_predicted,0.25,3,3,TATTAACGGTACCGCGGCAA,0,4394028
yadL_yadM_yadC_yadK_predicted,0.25,3,3,TATGTGTGTCGAAATGACTG,0,4380464
yadL_yadM_yadC_yadK_predicted,0.25,3,3,TATAATTGCTGCTAGGATAG,0,4399803
yadL_yadM_yadC_yadK_predicted,0.25,3,3,TAGGTCGGTTTCTGGAGTCA,0,4374079
yadL_yadM_yadC_yadK_predicted,0.25,3,3,TAGGGTGGATCGGATGTTGC,0,4400258
yadL_yadM_yadC_yadK_predicted,0.25,3,3,TAGGGGGGCCGGCAATGAGA,0,4385306
yadL_yadM_yadC_yadK_predicted,0.25,3,3,TAGACGTCTTTAACGCGTAC,0,4374020
yadL_yadM_yadC_yadK_predicted,0.25,3,3,TACTCCTTACCGTCACCGGT,0,4388192
yadL_yadM_yadC_yadK_predicted,0.25,3,3,TACTCATCCTTGAAGTCGCT,0,4371028
yadL_yadM_yadC_yadK_predicted,0.25,3,3,TACGCCAAAGGGACCCGGTT,0,4370324
yadL_yadM_yadC_yadK_predicted,0.25,3,3,TAAGGTGGTAGTGTGTCTCA,0,4380146
yadL_yadM_yadC_yadK_predicted,0.25,3,3,TAACCATTAGTCACCGATTA,0,4378477
yadL_yadM_yadC_yadK_predicted,0.25,3,3,GTTAGCAGCATTATCACCCA,0,4397585
yadL_yadM_yadC_yadK_predicted,0.25,3,3,GTGTGTTTACGTGCTGGTAT,0,4383473
yadL_yadM_yadC_yadK_predicted,0.25,3,3,GTGTGTAAACACGACAGAAC,0,4373502
yadL_yadM_yadC_yadK_predicted,0.25,3,3,GTGGATCATAGTTTCTAGAG,0,4374465
yadL_yadM_yadC_yadK_predicted,0.25,3,3,GTGCTTTTGTAAGGGCGAAG,0,4372027
yadL_yadM_yadC_yadK_predicted,0.25,3,3,GTGAGTCATACTGTCGTTTG,0,4401192
yadL_yadM_yadC_yadK_predicted,0.25,3,3,GTGACATACAGTTGATGCAG,0,4370839
yadL_yadM_yadC_yadK_predicted,0.25,3,3,GTCTGACGAATCTGAGGTCC,0,4379660
yadL_yadM_yadC_yadK_predicted,0.25,3,3,GTCTCGCCAGTGGAAACCAG,0,4386266
yadL_yadM_yadC_yadK_predicted,0.25,3,3,GTCGTAAAGAGGACAAATGT,0,4397008
yadL_yadM_yadC_yadK_predicted,0.25,3,3,GTCAACCCGTGCAACTTAAA,0,4399122
yadL_yadM_yadC_yadK_predicted,0.25,3,3,GTCAACCCAGGTCACAGCAA,0,4383909
yadL_yadM_yadC_yadK_predicted,0.25,3,3,GTATGGCTCGGTTTACTTGC,0,4376140
yadL_yadM_yadC_yadK_predicted,0.25,3,3,GTACCGCAGACCGGGACATG,0,4401235
yadL_yadM_yadC_yadK_predicted,0.25,3,3,GGTTTCATGCGATAGAAATT,0,4371506
yadL_yadM_yadC_yadK_predicted,0.25,3,3,GGTCGCCAGACGAGGTCACG,0,4386218
yadL_yadM_yadC_yadK_predicted,0.25,3,3,GGTCCTAGACCGAAAACTCG,0,4375245
yadL_yadM_yadC_yadK_predicted,0.25,3,3,GGTCCAGCCTTGTATGTCGC,0,4397223
yadL_yadM_yadC_yadK_predicted,0.25,3,3,GGTACGTCCGGTCTGTATTA,0,4373418
yadL_yadM_yadC_yadK_predicted,0.25,3,3,GGGGCGTGTTGGAGATATGA,0,4389311
yadL_yadM_yadC_yadK_predicted,0.25,3,3,GGCGCCCCCGTCTGTGGGGT,0,4397165
yadL_yadM_yadC_yadK_predicted,0.25,3,3,GGCGAGGCGGAAGAAGGGGT,0,4374808
yadL_yadM_yadC_yadK_predicted,0.25,3,3,GGCCCGGACATGTATGGATC,0,4399213
yadL_yadM_yadC_yadK_predicted,0.25,3,3,GGCACGTAGGAGTGGCGCAA,0,4372154
yadL_yadM_yadC_yadK_predicted,0.25,3,3,GGCACAATTCTGATCTGGGT,0,4371464
yadL_yadM_yadC_yadK_predicted,0.25,3,3,GGCAATGCTTAGAGCCCGTA,0,4392206
yadL_yadM_yadC_yadK_predicted,0.25,3,3,GGATGCAGCAAGAACCGTCA,0,4377541
yadL_yadM_yadC_yadK_predicted,0.25,3,3,GGATGATGTGTGGATCATAA,0,4378129
yadL_yadM_yadC_yadK_predicted,0.25,3,3,GGAGTCTTTACATAATTGTT,0,4398750
yadL_yadM_yadC_yadK_predicted,0.25,3,3,GGAGTCAAGGAAGAGAAAGG,0,4372590
yadL_yadM_yadC_yadK_predicted,0.25,3,3,GGAGGTAGTTTGAGATTATC,0,4379628
yadL_yadM_yadC_yadK_predicted,0.25,3,3,GGAGAGAGGGCTCTTCGCCA,0,4393477
yadL_yadM_yadC_yadK_predicted,0.25,3,3,GGACCTATACAAGAGAACCT,0,4370661
yadL_yadM_yadC_yadK_predicted,0.25,3,3,GGAACCAAAAACGTGCGGTA,0,4397254
yadL_yadM_yadC_yadK_predicted,0.25,3,3,GCTGGTTAGATTTGGCGAGA,0,4390502
yadL_yadM_yadC_yadK_predicted,0.25,3,3,GCTGACCAGGGTGGATGGGT,0,4393412
yadL_yadM_yadC_yadK_predicted,0.25,3,3,GCTACCCCGTAGGCACTTTT,0,4392060
yadL_yadM_yadC_yadK_predicted,0.25,3,3,GCTAATAACTTGCGTCGTCA,0,4372617
yadL_yadM_yadC_yadK_predicted,0.25,3,3,GCGTAGGGGCGTAGCTAGGG,0,4378025
yadL_yadM_yadC_yadK_predicted,0.25,3,3,GCGCGATAGCATTGCTGATT,0,4383488
yadL_yadM_yadC_yadK_predicted,0.25,3,3,GCGCGAAATGCCTGCTGCCC,0,4382294
yadL_yadM_yadC_yadK_predicted,0.25,3,3,GCCTGAACAGAACCCAGAAC,0,4371777
yadL_yadM_yadC_yadK_predicted,0.25,3,3,GCCGAAAACAAACCGCTACG,0,4383337
yadL_yadM_yadC_yadK_predicted,0.25,3,3,GCCCGCGTCGTGACCTCTTT,0,4380267
yadL_yadM_yadC_yadK_predicted,0.25,3,3,GCCCATGAGACGTCCGGGTC,0,4378037
yadL_yadM_yadC_yadK_predicted,0.25,3,3,GCAGTGCCGTGTACGATGTT,0,4376659
yadL_yadM_yadC_yadK_predicted,0.25,3,3,GCACTTGGGAGGTGTCAGAC,0,4382780
yadL_yadM_yadC_yadK_predicted,0.25,3,3,GATTGTATCTGAAGTTTTAA,0,4394032
yadL_yadM_yadC_yadK_predicted,0.25,3,3,GATTAAGTGACTATACAAAA,0,4381411
yadL_yadM_yadC_yadK_predicted,0.25,3,3,GAGTTAGGGACTGATACAAG,0,4397689
yadL_yadM_yadC_yadK_predicted,0.25,3,3,GAGGACCGATCTGCTTGCCA,0,4372812
yadL_yadM_yadC_yadK_predicted,0.25,3,3,GAGATTGAAGTAATAGGGTC,0,4383775
yadL_yadM_yadC_yadK_predicted,0.25,3,3,GACTTCAGCTAGCGCCGCTG,0,4375068
yadL_yadM_yadC_yadK_predicted,0.25,3,3,GACGTGAATAGTCATGGTTT,0,4399971
yadL_yadM_yadC_yadK_predicted,0.25,3,3,GACGATCTTATAGGTTCAAT,0,4397865
yadL_yadM_yadC_yadK_predicted,0.25,3,3,GACGATCTGTTACGGCTAGA,0,4400993
yadL_yadM_yadC_yadK_predicted,0.25,3,3,GACCGTATCGTCGGTTAGAG,0,4376661
yadL_yadM_yadC_yadK_predicted,0.25,3,3,GACCCATCCTGCCGCCACCT,0,4385358
yadL_yadM_yadC_yadK_predicted,0.25,3,3,GAATTCGAGAGCAGTACTGA,0,4398813
yadL_yadM_yadC_yadK_predicted,0.25,3,3,GAAGAGGTTACTGCGGGAGT,0,4374560
yadL_yadM_yadC_yadK_predicted,0.25,3,3,GAAGAAGAGTTAACTGGCTC,0,4370563
yadL_yadM_yadC_yadK_predicted,0.25,3,3,GAAATCCACAACTTTGTTTG,0,4384891
yadL_yadM_yadC_yadK_predicted,0.25,3,3,CTTTCGTGAGTAACGTGTGT,0,4381131
yadL_yadM_yadC_yadK_predicted,0.25,3,3,CTTAACTCACACAAACGCCT,0,4381974
yadL_yadM_yadC_yadK_predicted,0.25,3,3,CTGGATTCCTAGATAGACGA,0,4396080
yadL_yadM_yadC_yadK_predicted,0.25,3,3,CTGCCGATTTGTGCTTAAAG,0,4376780
yadL_yadM_yadC_yadK_predicted,0.25,3,3,CTGACTTGAAGCTTTGTGTA,0,4389092
yadL_yadM_yadC_yadK_predicted,0.25,3,3,CTCTTCTGCATTCTTCGTTG,0,4395564
yadL_yadM_yadC_yadK_predicted,0.25,3,3,CTATCCCTGCAACACTAGGT,0,4379910
yadL_yadM_yadC_yadK_predicted,0.25,3,3,CTATAACCGTCTTGCTCGCA,0,4386281
yadL_yadM_yadC_yadK_predicted,0.25,3,3,CTACAACCGATAAATTTAAT,0,4393938
yadL_yadM_yadC_yadK_predicted,0.25,3,3,CTAATACCTTTAGGTGACAT,0,4391730
yadL_yadM_yadC_yadK_predicted,0.25,3,3,CGTTTGCGGCCACAATTGAC,0,4373968
yadL_yadM_yadC_yadK_predicted,0.25,3,3,CGTTCGCTGCACTTGGCTAG,0,4386243
yadL_yadM_yadC_yadK_predicted,0.25,3,3,CGTGTGCATCATCTTGCCAC,0,4376937
yadL_yadM_yadC_yadK_predicted,0.25,3,3,CGTGTAGCCTGTTTGGCCAC,0,4386673
yadL_yadM_yadC_yadK_predicted,0.25,3,3,CGTGCAGACTGTCCGATTTT,0,4392448
yadL_yadM_yadC_yadK_predicted,0.25,3,3,CGTCGCTAGGTGGTCTGGCG,0,4394199
yadL_yadM_yadC_yadK_predicted,0.25,3,3,CGTATTGCCGTGTGTAAGAA,0,4401092
yadL_yadM_yadC_yadK_predicted,0.25,3,3,CGGTATGGGCTCGAACGATC,0,4390031
yadL_yadM_yadC_yadK_predicted,0.25,3,3,CGGGCGTCTCAGGTGCCAAA,0,4379023
yadL_yadM_yadC_yadK_predicted,0.25,3,3,CGGGCGGGGGATTACATTAA,0,4375560
yadL_yadM_yadC_yadK_predicted,0.25,3,3,CGGGCCGGTCAGTGACGGTT,0,4377973
yadL_yadM_yadC_yadK_predicted,0.25,3,3,CGGAGTGGTTCAGTCAGGCT,0,4370683
yadL_yadM_yadC_yadK_predicted,0.25,3,3,CGGAGGTCGAGCCAATCGTT,0,4382233
yadL_yadM_yadC_yadK_predicted,0.25,3,3,CGCTTTATTGTACCTGGCTA,0,4374722
yadL_yadM_yadC_yadK_predicted,0.25,3,3,CGCTAAGCCGTCTAGTAGTA,0,4393638
yadL_yadM_yadC_yadK_predicted,0.25,3,3,CGCTAAGAGGCCTAAAGTGT,0,4396651
yadL_yadM_yadC_yadK_predicted,0.25,3,3,CGCGGGTCGTAGGCCTGGCA,0,4386915
yadL_yadM_yadC_yadK_predicted,0.25,3,3,CGCCCCGCAAGAAATTACTT,0,4386665
yadL_yadM_yadC_yadK_predicted,0.25,3,3,CGCAGCGGCGCGACATCGAT,0,4371240
yadL_yadM_yadC_yadK_predicted,0.25,3,3,CGATGGCGAAGTGCTTCTGT,0,4385211
yadL_yadM_yadC_yadK_predicted,0.25,3,3,CGATCCTATTGTAGAGACGA,0,4385617
yadL_yadM_yadC_yadK_predicted,0.25,3,3,CGATACAGGGGGTACGTTCA,0,4397961
yadL_yadM_yadC_yadK_predicted,0.25,3,3,CGAGTTGCGCGAATTACTCT,0,4386624
yadL_yadM_yadC_yadK_predicted,0.25,3,3,CGAAGAACAGCTTTACTAAA,0,4381524
yadL_yadM_yadC_yadK_predicted,0.25,3,3,CCTTGGTATATTCATTTAAA,0,4378565
yadL_yadM_yadC_yadK_predicted,0.25,3,3,CCGTATGCTTGTTTCACCCG,0,4384698
yadL_yadM_yadC_yadK_predicted,0.25,3,3,CCGGTCGTATCCTAATGGCG,0,4384476
yadL_yadM_yadC_yadK_predicted,0.25,3,3,CCGGGGTCTGTTGTAAAAAG,0,4398857
yadL_yadM_yadC_yadK_predicted,0.25,3,3,CCGGCTGATCAAACCCATTA,0,4396532
yadL_yadM_yadC_yadK_predicted,0.25,3,3,CCGCGGGAGTATAATTTGTC,0,4381817
yadL_yadM_yadC_yadK_predicted,0.25,3,3,CCGCATATGCCAGCCTACGC,0,4378352
yadL_yadM_yadC_yadK_predicted,0.25,3,3,CCGAGGAAAGACTAAACGGT,0,4382742
yadL_yadM_yadC_yadK_predicted,0.25,3,3,CCCTTTCCTGCGCCGTCGCA,0,4374900
yadL_yadM_yadC_yadK_predicted,0.25,3,3,CCCTTCTCGGATAGGCTTTC,0,4376247
yadL_yadM_yadC_yadK_predicted,0.25,3,3,CCCGTGGGGTTGATTAAGCA,0,4400860
yadL_yadM_yadC_yadK_predicted,0.25,3,3,CCAGGATGCTCAAGCGCCCA,0,4378992
yadL_yadM_yadC_yadK_predicted,0.25,3,3,CCAGATTATTTATGTAGGCC,0,4377430
yadL_yadM_yadC_yadK_predicted,0.25,3,3,CCACGGGCGTAATACGACAG,0,4382769
yadL_yadM_yadC_yadK_predicted,0.25,3,3,CCACGCTCTCCAGATTCGGG,0,4376499
yadL_yadM_yadC_yadK_predicted,0.25,3,3,CCACCTGAGAGGTCGTGATC,0,4373489
yadL_yadM_yadC_yadK_predicted,0.25,3,3,CCAAGAAGGTATCTAGTCGG,0,4391146
yadL_yadM_yadC_yadK_predicted,0.25,3,3,CATTCTCCGGGTGCCCCTCT,0,4377252
yadL_yadM_yadC_yadK_predicted,0.25,3,3,CATATGCCTAAAGGACCAAT,0,4373161
yadL_yadM_yadC_yadK_predicted,0.25,3,3,CATACTTTTTTTCGCTATAA,0,4392252
yadL_yadM_yadC_yadK_predicted,0.25,3,3,CAGAGTTCTTAGAACTTGTA,0,4375681
yadL_yadM_yadC_yadK_predicted,0.25,3,3,CAGAGAAGGGGCATCCGGGT,0,4396050
yadL_yadM_yadC_yadK_predicted,0.25,3,3,CAGAACTGCTTTCCACCCTT,0,4374701
yadL_yadM_yadC_yadK_predicted,0.25,3,3,CACTAGAGTCCTTGGTGATC,0,4393402
yadL_yadM_yadC_yadK_predicted,0.25,3,3,CACCAAGGGAGTAGGCTGCT,0,4379871
yadL_yadM_yadC_yadK_predicted,0.25,3,3,CACATACGTTCGTCGTCAGT,0,4373110
yadL_yadM_yadC_yadK_predicted,0.25,3,3,CAATCCCACTTCGGCTGGCA,0,4372894
yadL_yadM_yadC_yadK_predicted,0.25,3,3,CAATCATAGAGCAGACTATC,0,4379839
yadL_yadM_yadC_yadK_predicted,0.25,3,3,CAAGGTCAACCCCCGGTGCA,0,4398351
yadL_yadM_yadC_yadK_predicted,0.25,3,3,CAAGGATAAGATTCAATGAA,0,4373904
yadL_yadM_yadC_yadK_predicted,0.25,3,3,CAAGCGGGTAGAGCCAATGT,0,4374031
yadL_yadM_yadC_yadK_predicted,0.25,3,3,CAAGCCTGTTTACATCTTAA,0,4371765
yadL_yadM_yadC_yadK_predicted,0.25,3,3,CAACTTAATGGGTCTCATTA,0,4388934
yadL_yadM_yadC_yadK_predicted,0.25,3,3,CAAACACGTCCAAGAGGAAA,0,4383351
yadL_yadM_yadC_yadK_predicted,0.25,3,3,CAAAATGTGGAATAAGTAGA,0,4372739
yadL_yadM_yadC_yadK_predicted,0.25,3,3,ATTTCAATCGTAACTTGGTC,0,4375059
yadL_yadM_yadC_yadK_predicted,0.25,3,3,ATTAAATACAAAGCCCGGAA,0,4387426
yadL_yadM_yadC_yadK_predicted,0.25,3,3,ATGGGGCTTATCGCTGACGC,0,4398331
yadL_yadM_yadC_yadK_predicted,0.25,3,3,ATGCCGCTAGTAATGAGGAG,0,4380633
yadL_yadM_yadC_yadK_predicted,0.25,3,3,ATGCCATCCGACATAGCCCT,0,4385175
yadL_yadM_yadC_yadK_predicted,0.25,3,3,ATCGGGCAAATTATAAACGA,0,4385869
yadL_yadM_yadC_yadK_predicted,0.25,3,3,ATCCACGCCGGGATATCGGT,0,4379072
yadL_yadM_yadC_yadK_predicted,0.25,3,3,ATCAGGACTCAAAACACAGT,0,4389235
yadL_yadM_yadC_yadK_predicted,0.25,3,3,ATATCCTAAAAGGTTTGGTT,0,4392814
yadL_yadM_yadC_yadK_predicted,0.25,3,3,ATAGTTCGAAGAATGGTCAC,0,4389243
yadL_yadM_yadC_yadK_predicted,0.25,3,3,ATAATGTGTTATTTGCTATA,0,4396516
yadL_yadM_yadC_yadK_predicted,0.25,3,3,ATAAATAGAAAGGGGTCCAA,0,4392879
yadL_yadM_yadC_yadK_predicted,0.25,3,3,AGTTTTCTGTCCGTGTGTCA,0,4395905
yadL_yadM_yadC_yadK_predicted,0.25,3,3,AGTGGCCGGTCATCGCCGCT,0,4395350
yadL_yadM_yadC_yadK_predicted,0.25,3,3,AGTACTTGACATGATTCTAG,0,4372775
yadL_yadM_yadC_yadK_predicted,0.25,3,3,AGGTGTAGCCAGTGTAAAGC,0,4390226
yadL_yadM_yadC_yadK_predicted,0.25,3,3,AGGTAACGGAAAATTCTTGG,0,4373451
yadL_yadM_yadC_yadK_predicted,0.25,3,3,AGGCCACTAAAACGTAGTAA,0,4372263
yadL_yadM_yadC_yadK_predicted,0.25,3,3,AGGATTAGGCCCGGTCGGTA,0,4372618
yadL_yadM_yadC_yadK_predicted,0.25,3,3,AGCGTTCCTTCAAACCATAA,0,4384312
yadL_yadM_yadC_yadK_predicted,0.25,3,3,AGCGTCAAGTAAGATCCGCT,0,4374385
yadL_yadM_yadC_yadK_predicted,0.25,3,3,AGCCTGAAACGCTGTCTAGT,0,4389458
yadL_yadM_yadC_yadK_predicted,0.25,3,3,AGCCCGCAAAAGCGCGCCGT,0,4387728
yadL_yadM_yadC_yadK_predicted,0.25,3,3,AGATGTCTGGATTACGGGTA,0,4389071
yadL_yadM_yadC_yadK_predicted,0.25,3,3,AGAATTCTGGAGCACAGTTC,0,4374360
yadL_yadM_yadC_yadK_predicted,0.25,3,3,AGAAGGGGGGCAGTTAGTCG,0,4371999
yadL_yadM_yadC_yadK_predicted,0.25,3,3,ACTTTATAGAATGTAGAAGT,0,4391250
yadL_yadM_yadC_yadK_predicted,0.25,3,3,ACTGTGGATTGCGGCGTCAT,0,4401399
yadL_yadM_yadC_yadK_predicted,0.25,3,3,ACTAAATTCTGTATCCCGTG,0,4370245
yadL_yadM_yadC_yadK_predicted,0.25,3,3,ACGTACCCATGGAAAAAAGG,0,4380703
yadL_yadM_yadC_yadK_predicted,0.25,3,3,ACGCTTGTGTGGCAATGTTA,0,4375268
yadL_yadM_yadC_yadK_predicted,0.25,3,3,ACCTATGGGTCTAGACCAAG,0,4394580
yadL_yadM_yadC_yadK_predicted,0.25,3,3,ACCCGAGCACCGCTTTTTAA,0,4381479
yadL_yadM_yadC_yadK_predicted,0.25,3,3,ACCATGTCCACTGACTAGCA,0,4372988
yadL_yadM_yadC_yadK_predicted,0.25,3,3,ACACTTCAAAGGTTCCAAGG,0,4384228
yadL_yadM_yadC_yadK_predicted,0.25,3,3,ACAATATACGACGGTACGGC,0,4375714
yadL_yadM_yadC_yadK_predicted,0.25,3,3,AATTGGGAGCTGTGACGCAT,0,4385373
yadL_yadM_yadC_yadK_predicted,0.25,3,3,AATGCCGTTGAAGGCCTTCT,0,4377832
yadL_yadM_yadC_yadK_predicted,0.25,3,3,AATCACCCTTATCGCGTCTT,0,4383751
yadL_yadM_yadC_yadK_predicted,0.25,3,3,AATATGCTTCACGGGTGGCA,0,4373304
yadL_yadM_yadC_yadK_predicted,0.25,3,3,AATACATCCATCCTGCTCAT,0,4390501
yadL_yadM_yadC_yadK_predicted,0.25,3,3,AAGTCGGATAAACTCCTTCT,0,4381223
yadL_yadM_yadC_yadK_predicted,0.25,3,3,AAGGTTGCAATCACCGAATA,0,4400221
yadL_yadM_yadC_yadK_predicted,0.25,3,3,AAGGTGCAAAGGTCAAATAG,0,4382475
yadL_yadM_yadC_yadK_predicted,0.25,3,3,AAGCACTGCAATCTGCGCGG,0,4384904
yadL_yadM_yadC_yadK_predicted,0.25,3,3,AAGAACAAATGTATTATTAT,0,4376411
yadL_yadM_yadC_yadK_predicted,0.25,3,3,AACTAATGGGGACTAGCATT,0,4376309
yadL_yadM_yadC_yadK_predicted,0.25,3,3,AACGTTGTTCCAGGCATATC,0,4398114
yadL_yadM_yadC_yadK_predicted,0.25,3,3,AACCTGTCTTCTACTAGCAA,0,4371845
yadL_yadM_yadC_yadK_predicted,0.25,3,3,AAACATGAAGACGACAAGTT,0,4391635
yadL_yadM_yadC_yadK_predicted,0.25,3,3,AAACACCAGACATAAGTGTA,0,4374851
yadL_yadM_yadC_yadK_predicted,0.3333333333333333,2,2,TTTTGTCCCTGAGGAGGCGT,0,4376833
yadL_yadM_yadC_yadK_predicted,0.3333333333333333,2,2,TTTTGAGTACTCATAGGGTG,0,4399169
yadL_yadM_yadC_yadK_predicted,0.3333333333333333,2,2,TTTTCACGTCCGCGTTTATG,0,4373821
yadL_yadM_yadC_yadK_predicted,0.3333333333333333,2,2,TTTGCCAGATGTTAACGATA,0,4370444
yadL_yadM_yadC_yadK_predicted,0.3333333333333333,2,2,TTTGAGCTGCTAAAGTGTGA,0,4382499
yadL_yadM_yadC_yadK_predicted,0.3333333333333333,2,2,TTTGACGCAGACAACTGCTA,0,4398871
yadL_yadM_yadC_yadK_predicted,0.3333333333333333,2,2,TTTCCTTTGTTCTGACTAGC,0,4382228
yadL_yadM_yadC_yadK_predicted,0.3333333333333333,2,2,TTTCACAGGTATAGCACTTC,0,4379822
yadL_yadM_yadC_yadK_predicted,0.3333333333333333,2,2,TTTATGTATTCCGGCTAGAG,0,4383034
yadL_yadM_yadC_yadK_predicted,0.3333333333333333,2,2,TTTAGTGTCTTTAATTATCA,0,4391588
yadL_yadM_yadC_yadK_predicted,0.3333333333333333,2,2,TTTAGGTTACCGGCCAGTGT,0,4390080
yadL_yadM_yadC_yadK_predicted,0.3333333333333333,2,2,TTTAGAGGATCGCTAATGCG,0,4380088
yadL_yadM_yadC_yadK_predicted,0.3333333333333333,2,2,TTTAGAATTACGTGGGATGA,0,4386270
yadL_yadM_yadC_yadK_predicted,0.3333333333333333,2,2,TTTACCTCAGGCCGGTCGGA,0,4378031
yadL_yadM_yadC_yadK_predicted,0.3333333333333333,2,2,TTTACATTGATTGCCTGTTT,0,4371252
yadL_yadM_yadC_yadK_predicted,0.3333333333333333,2,2,TTTACATTCTGATCTGCGGT,0,4377456
yadL_yadM_yadC_yadK_predicted,0.3333333333333333,2,2,TTGTTCGTGACGGGAGTATA,0,4372261
yadL_yadM_yadC_yadK_predicted,0.3333333333333333,2,2,TTGTGGGGAATTCTTTTCGA,0,4386905
yadL_yadM_yadC_yadK_predicted,0.3333333333333333,2,2,TTGTAGCCCAGCGTTCTCCA,0,4375518
yadL_yadM_yadC_yadK_predicted,0.3333333333333333,2,2,TTGGTTGCGATTGGATCCGT,0,4400761
yadL_yadM_yadC_yadK_predicted,0.3333333333333333,2,2,TTGGCATAAGATGCCGCAAT,0,4397172
yadL_yadM_yadC_yadK_predicted,0.3333333333333333,2,2,TTGGATGGTTGTCCTGTAAA,0,4387309
yadL_yadM_yadC_yadK_predicted,0.3333333333333333,2,2,TTGCTCTTTTTGACCTGGTC,0,4370480
yadL_yadM_yadC_yadK_predicted,0.3333333333333333,2,2,TTGCGACGTTATGCTGTTCA,0,4372055
yadL_yadM_yadC_yadK_predicted,0.3333333333333333,2,2,TTGATGCATTCGCCTTTATC,0,4372593
yadL_yadM_yadC_yadK_predicted,0.3333333333333333,2,2,TTGAGGCAATAAAGTGAAAG,0,4372438
yadL_yadM_yadC_yadK_predicted,0.3333333333333333,2,2,TTGAGATCTTTGTTATGGCT,0,4397132
yadL_yadM_yadC_yadK_predicted,0.3333333333333333,2,2,TTGACCTAATGCACAACAAA,0,4379581
yadL_yadM_yadC_yadK_predicted,0.3333333333333333,2,2,TTCTTACGCGTCATTTCTGC,0,4378304
yadL_yadM_yadC_yadK_predicted,0.3333333333333333,2,2,TTCTTAATTGCCCAAGTAGC,0,4377944
yadL_yadM_yadC_yadK_predicted,0.3333333333333333,2,2,TTCTCTCATCCTAGGGAGCT,0,4393665
yadL_yadM_yadC_yadK_predicted,0.3333333333333333,2,2,TTCTACCGCTGTGAGTCTCC,0,4377517
yadL_yadM_yadC_yadK_predicted,0.3333333333333333,2,2,TTCGTTATGAGTTGGACATC,0,4375516
yadL_yadM_yadC_yadK_predicted,0.3333333333333333,2,2,TTCGTGTTAAGCGTGCGGGA,0,4375926
yadL_yadM_yadC_yadK_predicted,0.3333333333333333,2,2,TTCGGCGCAACCAATTACCA,0,4382132
yadL_yadM_yadC_yadK_predicted,0.3333333333333333,2,2,TTCCGATATGCGGGAAGAGG,0,4382002
yadL_yadM_yadC_yadK_predicted,0.3333333333333333,2,2,TTCCCGAGAGCATTATATTT,0,4375797
yadL_yadM_yadC_yadK_predicted,0.3333333333333333,2,2,TTCCCAGTTCTTATAAAAAA,0,4380967
yadL_yadM_yadC_yadK_predicted,0.3333333333333333,2,2,TTCATGTATCCTCTGACGTA,0,4377260
yadL_yadM_yadC_yadK_predicted,0.3333333333333333,2,2,TTCATGGACGACCCTAAGGC,0,4371337
yadL_yadM_yadC_yadK_predicted,0.3333333333333333,2,2,TTCAGCTGTCCGGAACAGAG,0,4375746
yadL_yadM_yadC_yadK_predicted,0.3333333333333333,2,2,TTCAAACACGTCAGTTCTTA,0,4390241
yadL_yadM_yadC_yadK_predicted,0.3333333333333333,2,2,TTATTAACATTTAGCTTGGT,0,4393856
yadL_yadM_yadC_yadK_predicted,0.3333333333333333,2,2,TTATCGTACACGACTAGCGG,0,4372488
yadL_yadM_yadC_yadK_predicted,0.3333333333333333,2,2,TTATCACAGGCGGGATACAT,0,4400089
yadL_yadM_yadC_yadK_predicted,0.3333333333333333,2,2,TTATAGCGAAGGTCCATACA,0,4377737
yadL_yadM_yadC_yadK_predicted,0.3333333333333333,2,2,TTATAGATGTCCGATTGTGG,0,4374944
yadL_yadM_yadC_yadK_predicted,0.3333333333333333,2,2,TTAGAAGCCGCCCACTTTTC,0,4377903
yadL_yadM_yadC_yadK_predicted,0.3333333333333333,2,2,TTACGTTCCGTCAGGTTGTT,0,4383081
yadL_yadM_yadC_yadK_predicted,0.3333333333333333,2,2,TTACGCCAGCATTACAATAC,0,4381161
yadL_yadM_yadC_yadK_predicted,0.3333333333333333,2,2,TTACAGTATGCAAAGCCGGA,0,4384493
yadL_yadM_yadC_yadK_predicted,0.3333333333333333,2,2,TTAATGAAGATCGGATTCTG,0,4384042
yadL_yadM_yadC_yadK_predicted,0.3333333333333333,2,2,TTAAAGCCCAAAGAAGTTGT,0,4376784
yadL_yadM_yadC_yadK_predicted,0.3333333333333333,2,2,TGTTTGGATGAATCATGCGC,0,4377702
yadL_yadM_yadC_yadK_predicted,0.3333333333333333,2,2,TGTTCTCACGCTTGGGTTAT,0,4391560
yadL_yadM_yadC_yadK_predicted,0.3333333333333333,2,2,TGTTACAGTTACAGGAGATT,0,4390825
yadL_yadM_yadC_yadK_predicted,0.3333333333333333,2,2,TGTTAATGGAGGCCAGCTAA,0,4373864
yadL_yadM_yadC_yadK_predicted,0.3333333333333333,2,2,TGTGGTCTACAAATCATTCG,0,4371207
yadL_yadM_yadC_yadK_predicted,0.3333333333333333,2,2,TGTGGAGTAAACTATTTTCC,0,4379184
yadL_yadM_yadC_yadK_predicted,0.3333333333333333,2,2,TGTGCTACGGCATTATTAAT,0,4394322
yadL_yadM_yadC_yadK_predicted,0.3333333333333333,2,2,TGTCTTGAAGCAGCAAATCC,0,4381009
yadL_yadM_yadC_yadK_predicted,0.3333333333333333,2,2,TGTCCTCTTGATCGCGCTAA,0,4389827
yadL_yadM_yadC_yadK_predicted,0.3333333333333333,2,2,TGTCCTCGTGCCGAGTAAAT,0,4379497
yadL_yadM_yadC_yadK_predicted,0.3333333333333333,2,2,TGTCAGACCACAAGCGTGCA,0,4390980
yadL_yadM_yadC_yadK_predicted,0.3333333333333333,2,2,TGTATTGAGGCAGCATTCAT,0,4376127
yadL_yadM_yadC_yadK_predicted,0.3333333333333333,2,2,TGTACTAGCTGAGTTTGCTA,0,4392825
yadL_yadM_yadC_yadK_predicted,0.3333333333333333,2,2,TGTACACGACTACCGCTCGT,0,4393221
yadL_yadM_yadC_yadK_predicted,0.3333333333333333,2,2,TGGTCCGCGGGGGCCGTATA,0,4393879
yadL_yadM_yadC_yadK_predicted,0.3333333333333333,2,2,TGGTCATGGGATATCGACGA,0,4401196
yadL_yadM_yadC_yadK_predicted,0.3333333333333333,2,2,TGGGGACGCGGCGTAAGAAT,0,4371138
yadL_yadM_yadC_yadK_predicted,0.3333333333333333,2,2,TGGGATTGTTAGGGTTTGGA,0,4380772
yadL_yadM_yadC_yadK_predicted,0.3333333333333333,2,2,TGGCTACATATCTGGTGCGG,0,4392498
yadL_yadM_yadC_yadK_predicted,0.3333333333333333,2,2,TGGCGAAGGGGCCATGGCAT,0,4383971
yadL_yadM_yadC_yadK_predicted,0.3333333333333333,2,2,TGGATTGCACGACGCTACTT,0,4376195
yadL_yadM_yadC_yadK_predicted,0.3333333333333333,2,2,TGGAGCAATAATATGTCTTT,0,4370711
yadL_yadM_yadC_yadK_predicted,0.3333333333333333,2,2,TGGACGATTCGGAATAGCGA,0,4396697
yadL_yadM_yadC_yadK_predicted,0.3333333333333333,2,2,TGGACCGGTGAAAGCAGGGG,0,4399095
yadL_yadM_yadC_yadK_predicted,0.3333333333333333,2,2,TGCTCGTGTCAAATTCGACC,0,4387365
yadL_yadM_yadC_yadK_predicted,0.3333333333333333,2,2,TGCTACTAGGTTGCTAATAA,0,4390590
yadL_yadM_yadC_yadK_predicted,0.3333333333333333,2,2,TGCGGTCCTGGTCATTGACT,0,4391878
yadL_yadM_yadC_yadK_predicted,0.3333333333333333,2,2,TGCGCGATAAAGCGTAGACA,0,4392190
yadL_yadM_yadC_yadK_predicted,0.3333333333333333,2,2,TGCGCAAGCGCTCGGGCCGA,0,4388810
yadL_yadM_yadC_yadK_predicted,0.3333333333333333,2,2,TGCCTCGTCTAAGTATTTAA,0,4390827
yadL_yadM_yadC_yadK_predicted,0.3333333333333333,2,2,TGCCGTCTCTATAAAAATAC,0,4400154
yadL_yadM_yadC_yadK_predicted,0.3333333333333333,2,2,TGCCGGGAAGCCTACGATTA,0,4390074
yadL_yadM_yadC_yadK_predicted,0.3333333333333333,2,2,TGCATTCAAAGTATGGCCGG,0,4376343
yadL_yadM_yadC_yadK_predicted,0.3333333333333333,2,2,TGCATCAAGACATGTCAACG,0,4395014
yadL_yadM_yadC_yadK_predicted,0.3333333333333333,2,2,TGCATACCCGCGGTACCATG,0,4395175
yadL_yadM_yadC_yadK_predicted,0.3333333333333333,2,2,TGCATAAGTGGGAGGACGTA,0,4378558
yadL_yadM_yadC_yadK_predicted,0.3333333333333333,2,2,TGCAAGAGATTGCTGCCGTG,0,4384409
yadL_yadM_yadC_yadK_predicted,0.3333333333333333,2,2,TGCAACGAATAGCTTCCGGA,0,4391960
yadL_yadM_yadC_yadK_predicted,0.3333333333333333,2,2,TGAGTCACTAAAACCGGGTT,0,4383485
yadL_yadM_yadC_yadK_predicted,0.3333333333333333,2,2,TGAGGTACCGTTCTCAACGG,0,4377301
yadL_yadM_yadC_yadK_predicted,0.3333333333333333,2,2,TGACTTACGCAACCTAGGAT,0,4383823
yadL_yadM_yadC_yadK_predicted,0.3333333333333333,2,2,TGACGACCCGTCCGATATCC,0,4377016
yadL_yadM_yadC_yadK_predicted,0.3333333333333333,2,2,TGAATGGGTCGCACACGGCA,0,4378334
yadL_yadM_yadC_yadK_predicted,0.3333333333333333,2,2,TGAAGGTTGATAGATCTGTT,0,4371367
yadL_yadM_yadC_yadK_predicted,0.3333333333333333,2,2,TGAACTGTAGAAAAAAATGG,0,4386704
yadL_yadM_yadC_yadK_predicted,0.3333333333333333,2,2,TGAAAGCCCTCTGTAATGAT,0,4397653
yadL_yadM_yadC_yadK_predicted,0.3333333333333333,2,2,TCTTTTCGGTTCCTATCCAA,0,4398824
yadL_yadM_yadC_yadK_predicted,0.3333333333333333,2,2,TCTTTAGTGACTCCCACTTT,0,4379293
yadL_yadM_yadC_yadK_predicted,0.3333333333333333,2,2,TCTTATCCCCGATAAGCCAG,0,4402447
yadL_yadM_yadC_yadK_predicted,0.3333333333333333,2,2,TCTGTTTTAAGCCAATATGG,0,4370529
yadL_yadM_yadC_yadK_predicted,0.3333333333333333,2,2,TCTGTGACATGTGATTCCGA,0,4388233
yadL_yadM_yadC_yadK_predicted,0.3333333333333333,2,2,TCTGCCCCAATAGAAAAGAT,0,4402213
yadL_yadM_yadC_yadK_predicted,0.3333333333333333,2,2,TCTGAATCGCATGTGTTCTC,0,4391705
yadL_yadM_yadC_yadK_predicted,0.3333333333333333,2,2,TCTCTTTTCGCTGACAGTGG,0,4384630
yadL_yadM_yadC_yadK_predicted,0.3333333333333333,2,2,TCTCCGGTAAGACTGGATCG,0,4384027
yadL_yadM_yadC_yadK_predicted,0.3333333333333333,2,2,TCTCCCTGCGCGCTGACTAG,0,4374474
yadL_yadM_yadC_yadK_predicted,0.3333333333333333,2,2,TCTAGCGCTTTTTAAACCAT,0,4377186
yadL_yadM_yadC_yadK_predicted,0.3333333333333333,2,2,TCTACGCTGTCCGTACTATA,0,4382182
yadL_yadM_yadC_yadK_predicted,0.3333333333333333,2,2,TCTAATCTGTCGCAAACTAA,0,4372747
yadL_yadM_yadC_yadK_predicted,0.3333333333333333,2,2,TCTAATCTGACTTCCCCGCA,0,4389457
yadL_yadM_yadC_yadK_predicted,0.3333333333333333,2,2,TCGTTTACATTTATGTAAAC,0,4377999
yadL_yadM_yadC_yadK_predicted,0.3333333333333333,2,2,TCGTGTGCCCCAGTACGACG,0,4377481
yadL_yadM_yadC_yadK_predicted,0.3333333333333333,2,2,TCGTAGCTCGGTCTTCTCAA,0,4380153
yadL_yadM_yadC_yadK_predicted,0.3333333333333333,2,2,TCGGTCCAATGGCAACCACA,0,4391407
yadL_yadM_yadC_yadK_predicted,0.3333333333333333,2,2,TCGGTAGGCTCGAGCGATAC,0,4399052
yadL_yadM_yadC_yadK_predicted,0.3333333333333333,2,2,TCGGTACGTGATTCCGAGGA,0,4383973
yadL_yadM_yadC_yadK_predicted,0.3333333333333333,2,2,TCGGGGCATCGTGTGGGGTA,0,4378411
yadL_yadM_yadC_yadK_predicted,0.3333333333333333,2,2,TCGGACAACGGCGAACTTGC,0,4388097
yadL_yadM_yadC_yadK_predicted,0.3333333333333333,2,2,TCGCTCTTGGGTCCTACAGA,0,4399105
yadL_yadM_yadC_yadK_predicted,0.3333333333333333,2,2,TCGCAGAGGACTGCGATAAT,0,4390052
yadL_yadM_yadC_yadK_predicted,0.3333333333333333,2,2,TCGCACGGCAGCTACGGCAT,0,4390240
yadL_yadM_yadC_yadK_predicted,0.3333333333333333,2,2,TCGATTTGTGAGCATTTCTC,0,4374010
yadL_yadM_yadC_yadK_predicted,0.3333333333333333,2,2,TCGAACGATAAACGTGCTCT,0,4384792
yadL_yadM_yadC_yadK_predicted,0.3333333333333333,2,2,TCCTTTCTTTTTGAATATCT,0,4388869
yadL_yadM_yadC_yadK_predicted,0.3333333333333333,2,2,TCCTCGAGACATGCTGGATT,0,4380074
yadL_yadM_yadC_yadK_predicted,0.3333333333333333,2,2,TCCTCAAATCGCGCAGTTGT,0,4376751
yadL_yadM_yadC_yadK_predicted,0.3333333333333333,2,2,TCCGTAGGTGTGGCAACAGT,0,4374712
yadL_yadM_yadC_yadK_predicted,0.3333333333333333,2,2,TCCATCTCCACTACCTTCTC,0,4384017
yadL_yadM_yadC_yadK_predicted,0.3333333333333333,2,2,TCCAGGATAGCGGATTGGTC,0,4400982
yadL_yadM_yadC_yadK_predicted,0.3333333333333333,2,2,TCCACTTAGGAACTAAGCCA,0,4400785
yadL_yadM_yadC_yadK_predicted,0.3333333333333333,2,2,TCATTGTCGAAGGAGTGGTT,0,4385359
yadL_yadM_yadC_yadK_predicted,0.3333333333333333,2,2,TCATTCTTCCACCGCATGGC,0,4401486
yadL_yadM_yadC_yadK_predicted,0.3333333333333333,2,2,TCATTCAGCTGGCAGCCGCT,0,4389054
yadL_yadM_yadC_yadK_predicted,0.3333333333333333,2,2,TCATGGTCATAAAGCGGCCA,0,4376306
yadL_yadM_yadC_yadK_predicted,0.3333333333333333,2,2,TCATAACTCCTATCAGTGTC,0,4390810
yadL_yadM_yadC_yadK_predicted,0.3333333333333333,2,2,TCAGTGCTGGCGATGGCCGG,0,4401868
yadL_yadM_yadC_yadK_predicted,0.3333333333333333,2,2,TCAGTGATGACCCCGTAGCT,0,4391672
yadL_yadM_yadC_yadK_predicted,0.3333333333333333,2,2,TCAGGTGTTGGGGGAGTCGT,0,4383340
yadL_yadM_yadC_yadK_predicted,0.3333333333333333,2,2,TCAGGAGTTGCATAAGTAGG,0,4397494
yadL_yadM_yadC_yadK_predicted,0.3333333333333333,2,2,TCACAATCGTCACATATCAT,0,4383618
yadL_yadM_yadC_yadK_predicted,0.3333333333333333,2,2,TCACAAAGACGGACGACGAC,0,4375495
yadL_yadM_yadC_yadK_predicted,0.3333333333333333,2,2,TCAATTTGAGGAGGCCTTTT,0,4388451
yadL_yadM_yadC_yadK_predicted,0.3333333333333333,2,2,TCAAATCGTTATCGTATCCA,0,4396484
yadL_yadM_yadC_yadK_predicted,0.3333333333333333,2,2,TCAAAGTGTTTACCATACGT,0,4382939
yadL_yadM_yadC_yadK_predicted,0.3333333333333333,2,2,TCAAAAGAGCCCGGGCTATG,0,4377656
yadL_yadM_yadC_yadK_predicted,0.3333333333333333,2,2,TATTTCGGTCAGTGCAGCAA,0,4383968
yadL_yadM_yadC_yadK_predicted,0.3333333333333333,2,2,TATTGGTTCAGCGGACGCGT,0,4370963
yadL_yadM_yadC_yadK_predicted,0.3333333333333333,2,2,TATTGGTCTTTACCGATGGA,0,4382165
yadL_yadM_yadC_yadK_predicted,0.3333333333333333,2,2,TATTGAGAGGGTCTGTATGT,0,4390758
yadL_yadM_yadC_yadK_predicted,0.3333333333333333,2,2,TATTCTACTAGCAACATACA,0,4396441
yadL_yadM_yadC_yadK_predicted,0.3333333333333333,2,2,TATGCCACCACCGGATTAGA,0,4389385
yadL_yadM_yadC_yadK_predicted,0.3333333333333333,2,2,TATGAACGGGCGGAATACGG,0,4381097
yadL_yadM_yadC_yadK_predicted,0.3333333333333333,2,2,TATATTTTTGATAAACGATG,0,4395776
yadL_yadM_yadC_yadK_predicted,0.3333333333333333,2,2,TATAGCTGGCTAAGTTGGTT,0,4393264
yadL_yadM_yadC_yadK_predicted,0.3333333333333333,2,2,TATACTGGCTTCCGCAGACT,0,4399030
yadL_yadM_yadC_yadK_predicted,0.3333333333333333,2,2,TATACCAAGATAAGCTCAAA,0,4375043
yadL_yadM_yadC_yadK_predicted,0.3333333333333333,2,2,TAGGTGTAACAATACCAGTC,0,4378945
yadL_yadM_yadC_yadK_predicted,0.3333333333333333,2,2,TAGGTGCTACGCTAGTGCTA,0,4379246
yadL_yadM_yadC_yadK_predicted,0.3333333333333333,2,2,TAGGTCTGACTGTTTTCTGT,0,4387926
yadL_yadM_yadC_yadK_predicted,0.3333333333333333,2,2,TAGGATATTACCTAATAATC,0,4377581
yadL_yadM_yadC_yadK_predicted,0.3333333333333333,2,2,TAGCAGTGCTACCGCATCTT,0,4386695
yadL_yadM_yadC_yadK_predicted,0.3333333333333333,2,2,TAGCAGCTAACTAAACAACA,0,4370719
yadL_yadM_yadC_yadK_predicted,0.3333333333333333,2,2,TAGATTCGGGTACACATCAA,0,4375239
yadL_yadM_yadC_yadK_predicted,0.3333333333333333,2,2,TAGAAATCTGTAAAGCTTAT,0,4383495
yadL_yadM_yadC_yadK_predicted,0.3333333333333333,2,2,TACTGGGCGGACGGTGGGCA,0,4390545
yadL_yadM_yadC_yadK_predicted,0.3333333333333333,2,2,TACTCACTGTAGGAATGCGG,0,4380634
yadL_yadM_yadC_yadK_predicted,0.3333333333333333,2,2,TACGGCCCCGATTGTGTAGG,0,4381610
yadL_yadM_yadC_yadK_predicted,0.3333333333333333,2,2,TACCCCGGGGTGAAATAGTC,0,4396101
yadL_yadM_yadC_yadK_predicted,0.3333333333333333,2,2,TACCATCCGCGGTCTACATA,0,4373150
yadL_yadM_yadC_yadK_predicted,0.3333333333333333,2,2,TACCATAGGCGGACGTGATG,0,4388865
yadL_yadM_yadC_yadK_predicted,0.3333333333333333,2,2,TACAGGGCGGGGTAATCCAA,0,4376449
yadL_yadM_yadC_yadK_predicted,0.3333333333333333,2,2,TAATGAGAACCAAGGGATGT,0,4372776
yadL_yadM_yadC_yadK_predicted,0.3333333333333333,2,2,TAATACATCACCGGCCGCAA,0,4388282
yadL_yadM_yadC_yadK_predicted,0.3333333333333333,2,2,TAATAAGTAGTCTCGTTCAT,0,4401099
yadL_yadM_yadC_yadK_predicted,0.3333333333333333,2,2,TAAGCTATAATCCGCTCGAT,0,4379049
yadL_yadM_yadC_yadK_predicted,0.3333333333333333,2,2,TAAGCGGTCTACCCCCACTA,0,4393984
yadL_yadM_yadC_yadK_predicted,0.3333333333333333,2,2,TAAGCCCGGTTCGTATCGAA,0,4391991
yadL_yadM_yadC_yadK_predicted,0.3333333333333333,2,2,TAAGCAAGAAGATCGCCCAC,0,4381439
yadL_yadM_yadC_yadK_predicted,0.3333333333333333,2,2,TAACGCCTAGTGCTCCGGCA,0,4375905
yadL_yadM_yadC_yadK_predicted,0.3333333333333333,2,2,TAACGAGATCTACTTGTTGA,0,4388189
yadL_yadM_yadC_yadK_predicted,0.3333333333333333,2,2,TAAATGCTCTCTGTGAGCTG,0,4394700
yadL_yadM_yadC_yadK_predicted,0.3333333333333333,2,2,TAAAGGATGCAAGCGCATAC,0,4381807
yadL_yadM_yadC_yadK_predicted,0.3333333333333333,2,2,TAAAATTCCGTATCGGTGAA,0,4377123
yadL_yadM_yadC_yadK_predicted,0.3333333333333333,2,2,TAAAACGTCCGCCGACCCCA,0,4397490
yadL_yadM_yadC_yadK_predicted,0.3333333333333333,2,2,GTTTTAATTTTGGATGGGTA,0,4376230
yadL_yadM_yadC_yadK_predicted,0.3333333333333333,2,2,GTTTGGAAGTGTGCCCCCTG,0,4378151
yadL_yadM_yadC_yadK_predicted,0.3333333333333333,2,2,GTTTCGCGCTAAGGTCCGGT,0,4373602
yadL_yadM_yadC_yadK_predicted,0.3333333333333333,2,2,GTTTCATGACATGGACGTAG,0,4373994
yadL_yadM_yadC_yadK_predicted,0.3333333333333333,2,2,GTTGCTCTAGGCTTGGAAAT,0,4382807
yadL_yadM_yadC_yadK_predicted,0.3333333333333333,2,2,GTTGCGGTCATTTTGGGGGT,0,4383062
yadL_yadM_yadC_yadK_predicted,0.3333333333333333,2,2,GTTGCCGTATTCGGACCTCT,0,4379360
yadL_yadM_yadC_yadK_predicted,0.3333333333333333,2,2,GTTGCAACATGCAAAAAATA,0,4391027
yadL_yadM_yadC_yadK_predicted,0.3333333333333333,2,2,GTTACGGCGCTGATTAGCCC,0,4399554
yadL_yadM_yadC_yadK_predicted,0.3333333333333333,2,2,GTTACGAGCAAATAGGCGAG,0,4384345
yadL_yadM_yadC_yadK_predicted,0.3333333333333333,2,2,GTTAAGGATAGCCGGGTGCA,0,4388181
yadL_yadM_yadC_yadK_predicted,0.3333333333333333,2,2,GTGTATTATTCGTGGGCTTA,0,4392499
yadL_yadM_yadC_yadK_predicted,0.3333333333333333,2,2,GTGTACTCGTTTTTGACACG,0,4376854
yadL_yadM_yadC_yadK_predicted,0.3333333333333333,2,2,GTGGCGAATCTAAGCTTTTT,0,4379579
yadL_yadM_yadC_yadK_predicted,0.3333333333333333,2,2,GTGCTAGGCGAGATCCATAT,0,4402104
yadL_yadM_yadC_yadK_predicted,0.3333333333333333,2,2,GTGCGTGACCACACGGTCCG,0,4378332
yadL_yadM_yadC_yadK_predicted,0.3333333333333333,2,2,GTGCGAAATCATGTACTCGA,0,4386589
yadL_yadM_yadC_yadK_predicted,0.3333333333333333,2,2,GTGCCGCATCACATAGGGAC,0,4400163
yadL_yadM_yadC_yadK_predicted,0.3333333333333333,2,2,GTGCATATACATGGGCCACG,0,4370981
yadL_yadM_yadC_yadK_predicted,0.3333333333333333,2,2,GTGCAACTATGCTTCACCGT,0,4391846
yadL_yadM_yadC_yadK_predicted,0.3333333333333333,2,2,GTGCAACATTATTCCCTTTC,0,4380491
yadL_yadM_yadC_yadK_predicted,0.3333333333333333,2,2,GTGAGACGGCTTTAACAGCG,0,4388876
yadL_yadM_yadC_yadK_predicted,0.3333333333333333,2,2,GTCTTTTCAGCGGCATACTA,0,4376875
yadL_yadM_yadC_yadK_predicted,0.3333333333333333,2,2,GTCTTATTTTTGAAGCCCTT,0,4401096
yadL_yadM_yadC_yadK_predicted,0.3333333333333333,2,2,GTCTCGGCGTCGAGTAGAAG,0,4375819
yadL_yadM_yadC_yadK_predicted,0.3333333333333333,2,2,GTCGTCACCCTGTGTGCCTC,0,4391486
yadL_yadM_yadC_yadK_predicted,0.3333333333333333,2,2,GTCGGGCAACTGGTTTGGAC,0,4395982
yadL_yadM_yadC_yadK_predicted,0.3333333333333333,2,2,GTCGGAGTATGGCAGCGGGG,0,4383397
yadL_yadM_yadC_yadK_predicted,0.3333333333333333,2,2,GTCGCACATTGTACCTTGGC,0,4372215
yadL_yadM_yadC_yadK_predicted,0.3333333333333333,2,2,GTCGAGGGTCTCGCGGTCGC,0,4370916
yadL_yadM_yadC_yadK_predicted,0.3333333333333333,2,2,GTCGAAAATTTGTCCAAATT,0,4388265
yadL_yadM_yadC_yadK_predicted,0.3333333333333333,2,2,GTCCGCCGTGCCACCTGACT,0,4373156
yadL_yadM_yadC_yadK_predicted,0.3333333333333333,2,2,GTCCCGTCACGTACACCAAC,0,4380500
yadL_yadM_yadC_yadK_predicted,0.3333333333333333,2,2,GTCATGTTGCAAGGTTCAGG,0,4370296
yadL_yadM_yadC_yadK_predicted,0.3333333333333333,2,2,GTCAGTTTTTCGCTATTACA,0,4388362
yadL_yadM_yadC_yadK_predicted,0.3333333333333333,2,2,GTATGCGAGGAGTGTTTCGT,0,4392970
yadL_yadM_yadC_yadK_predicted,0.3333333333333333,2,2,GTATGCGAAGGAACGTGAAC,0,4398579
yadL_yadM_yadC_yadK_predicted,0.3333333333333333,2,2,GTATACTCTAGAGGACATGA,0,4371396
yadL_yadM_yadC_yadK_predicted,0.3333333333333333,2,2,GTAGTCTAGCCAAAGACCTT,0,4393696
yadL_yadM_yadC_yadK_predicted,0.3333333333333333,2,2,GTAGCAGGGTGCGGGGCGGC,0,4379551
yadL_yadM_yadC_yadK_predicted,0.3333333333333333,2,2,GTAGATCTTCGCTGTACCTA,0,4381932
yadL_yadM_yadC_yadK_predicted,0.3333333333333333,2,2,GTAGACGAGTGGGTCTTCCA,0,4371001
yadL_yadM_yadC_yadK_predicted,0.3333333333333333,2,2,GTACCGCGATGATCATCATA,0,4394015
yadL_yadM_yadC_yadK_predicted,0.3333333333333333,2,2,GTACCCTCCGGGCCTCAGGC,0,4377739
yadL_yadM_yadC_yadK_predicted,0.3333333333333333,2,2,GTACATGTAGCGTTCTAGGT,0,4392305
yadL_yadM_yadC_yadK_predicted,0.3333333333333333,2,2,GTAATGCTCCGCGGTTCCAG,0,4377005
yadL_yadM_yadC_yadK_predicted,0.3333333333333333,2,2,GTAATCTCTGACCAGGGTTC,0,4375716
yadL_yadM_yadC_yadK_predicted,0.3333333333333333,2,2,GGTTAGTCCTAGTCCGGGAT,0,4373734
yadL_yadM_yadC_yadK_predicted,0.3333333333333333,2,2,GGTGTAGCAGAAGCATACCT,0,4385271
yadL_yadM_yadC_yadK_predicted,0.3333333333333333,2,2,GGTGCCGGAGATCGTGGATG,0,4388296
yadL_yadM_yadC_yadK_predicted,0.3333333333333333,2,2,GGTGAGAGTATGGGTCGTGA,0,4384401
yadL_yadM_yadC_yadK_predicted,0.3333333333333333,2,2,GGTGAAGACGCAGACCTAAA,0,4372170
yadL_yadM_yadC_yadK_predicted,0.3333333333333333,2,2,GGTCTGGGTCCTGTGTGCGC,0,4395904
yadL_yadM_yadC_yadK_predicted,0.3333333333333333,2,2,GGTCTGGGCGTTAACCTCCA,0,4382743
yadL_yadM_yadC_yadK_predicted,0.3333333333333333,2,2,GGTCTGATGATATTATGAGT,0,4391850
yadL_yadM_yadC_yadK_predicted,0.3333333333333333,2,2,GGTCGGTAGTTCACTCAGAC,0,4398303
yadL_yadM_yadC_yadK_predicted,0.3333333333333333,2,2,GGTCGCCCAAAAGTGTTCGA,0,4399031
yadL_yadM_yadC_yadK_predicted,0.3333333333333333,2,2,GGTCAATATCTTGTTGGGTC,0,4371376
yadL_yadM_yadC_yadK_predicted,0.3333333333333333,2,2,GGTCAACCGGTTTGGGAGCA,0,4380207
yadL_yadM_yadC_yadK_predicted,0.3333333333333333,2,2,GGTATTTTCACCTGTAAATG,0,4401218
yadL_yadM_yadC_yadK_predicted,0.3333333333333333,2,2,GGTATAAGTTGCGGTTTTTC,0,4373790
yadL_yadM_yadC_yadK_predicted,0.3333333333333333,2,2,GGTAGATTTACGTACCTCTC,0,4388400
yadL_yadM_yadC_yadK_predicted,0.3333333333333333,2,2,GGTAATAAATGTGGGTACTA,0,4390242
yadL_yadM_yadC_yadK_predicted,0.3333333333333333,2,2,GGGTGGGGAGCGCTGATTTC,0,4373485
yadL_yadM_yadC_yadK_predicted,0.3333333333333333,2,2,GGGTGGGACCTCTGTTAATA,0,4385197
yadL_yadM_yadC_yadK_predicted,0.3333333333333333,2,2,GGGTCCCAAAAGTGACGTTC,0,4398411
yadL_yadM_yadC_yadK_predicted,0.3333333333333333,2,2,GGGGTAATTTAAATCGTGAC,0,4392534
yadL_yadM_yadC_yadK_predicted,0.3333333333333333,2,2,GGGGGATCCATACTAGGTGT,0,4401749
yadL_yadM_yadC_yadK_predicted,0.3333333333333333,2,2,GGGCTTTTACTTTTGTAAGC,0,4372534
yadL_yadM_yadC_yadK_predicted,0.3333333333333333,2,2,GGGCTAAATCCACGATGGAT,0,4385368
yadL_yadM_yadC_yadK_predicted,0.3333333333333333,2,2,GGGCGGAATGAATTTTCAAG,0,4387327
yadL_yadM_yadC_yadK_predicted,0.3333333333333333,2,2,GGGCCACGTGCTTTCCCGAA,0,4380869
yadL_yadM_yadC_yadK_predicted,0.3333333333333333,2,2,GGGATGTAGCTTTATGCTTT,0,4372860
yadL_yadM_yadC_yadK_predicted,0.3333333333333333,2,2,GGGATGCACGAGTGCAGAAT,0,4400558
yadL_yadM_yadC_yadK_predicted,0.3333333333333333,2,2,GGGAGTAAGTCAACCGTCAT,0,4373820
yadL_yadM_yadC_yadK_predicted,0.3333333333333333,2,2,GGGAATCATTCCCATGTGCA,0,4376044
yadL_yadM_yadC_yadK_predicted,0.3333333333333333,2,2,GGCTGTTCGTATCACAAGGA,0,4387567
yadL_yadM_yadC_yadK_predicted,0.3333333333333333,2,2,GGCGTTGAATATAACGTTGC,0,4389076
yadL_yadM_yadC_yadK_predicted,0.3333333333333333,2,2,GGCGTCACCTGTTGCAAGCT,0,4380059
yadL_yadM_yadC_yadK_predicted,0.3333333333333333,2,2,GGCGTAGTATAGCGACTATG,0,4399781
yadL_yadM_yadC_yadK_predicted,0.3333333333333333,2,2,GGCGGCCGGTTACTTTATCT,0,4398726
yadL_yadM_yadC_yadK_predicted,0.3333333333333333,2,2,GGCGATCGGATCATCAGCGT,0,4399216
yadL_yadM_yadC_yadK_predicted,0.3333333333333333,2,2,GGCCTCCATGGTACCAGCAT,0,4376876
yadL_yadM_yadC_yadK_predicted,0.3333333333333333,2,2,GGCCACCATGGTCAGAGCCT,0,4395466
yadL_yadM_yadC_yadK_predicted,0.3333333333333333,2,2,GGCATCGCCATCACTTCGAT,0,4392332
yadL_yadM_yadC_yadK_predicted,0.3333333333333333,2,2,GGCATATTACTCAACGCTTA,0,4399586
yadL_yadM_yadC_yadK_predicted,0.3333333333333333,2,2,GGCAGTGGACTCCCTGTGGA,0,4394844
yadL_yadM_yadC_yadK_predicted,0.3333333333333333,2,2,GGCACTAACTTAGTCCAGGA,0,4372514
yadL_yadM_yadC_yadK_predicted,0.3333333333333333,2,2,GGCAATTTGTTTCTTCAAGC,0,4388567
yadL_yadM_yadC_yadK_predicted,0.3333333333333333,2,2,GGCAAGTTGAGTAAGCCGAG,0,4379794
yadL_yadM_yadC_yadK_predicted,0.3333333333333333,2,2,GGCAAGCATGCGTTATGCTG,0,4371007
yadL_yadM_yadC_yadK_predicted,0.3333333333333333,2,2,GGATTGTACTCTCTTATGGC,0,4392967
yadL_yadM_yadC_yadK_predicted,0.3333333333333333,2,2,GGATTCGGTTTCAGTCGATA,0,4401586
yadL_yadM_yadC_yadK_predicted,0.3333333333333333,2,2,GGATTAGAGCCGCACGCGGA,0,4381768
yadL_yadM_yadC_yadK_predicted,0.3333333333333333,2,2,GGATGGGTTTGATGGAATAG,0,4391867
yadL_yadM_yadC_yadK_predicted,0.3333333333333333,2,2,GGATACTCCTTTCACTTCGT,0,4399012
yadL_yadM_yadC_yadK_predicted,0.3333333333333333,2,2,GGAGCCTCCTTGCAAGCTAC,0,4371746
yadL_yadM_yadC_yadK_predicted,0.3333333333333333,2,2,GGAGCACCCAATCCGTGCGC,0,4377104
yadL_yadM_yadC_yadK_predicted,0.3333333333333333,2,2,GGACCCGCGTGTCTTGCCCT,0,4371622
yadL_yadM_yadC_yadK_predicted,0.3333333333333333,2,2,GGAATCACTCCGCTGCACAT,0,4379420
yadL_yadM_yadC_yadK_predicted,0.3333333333333333,2,2,GGAATATGGCATGGACATAT,0,4395260
yadL_yadM_yadC_yadK_predicted,0.3333333333333333,2,2,GGAAGTTTGTACCTCAATAT,0,4373093
yadL_yadM_yadC_yadK_predicted,0.3333333333333333,2,2,GGAAGCTGGGCTGGCTGCCA,0,4383553
yadL_yadM_yadC_yadK_predicted,0.3333333333333333,2,2,GGAAGCTATACTAATTCTCC,0,4375380
yadL_yadM_yadC_yadK_predicted,0.3333333333333333,2,2,GCTTTTTTGTGAACTCGGCC,0,4377077
yadL_yadM_yadC_yadK_predicted,0.3333333333333333,2,2,GCTTTCCTTAGCTCCGCGAA,0,4376042
yadL_yadM_yadC_yadK_predicted,0.3333333333333333,2,2,GCTTGCGAATGCATGTCCCC,0,4376920
yadL_yadM_yadC_yadK_predicted,0.3333333333333333,2,2,GCTGTCTCTTATCGTTTCTA,0,4374300
yadL_yadM_yadC_yadK_predicted,0.3333333333333333,2,2,GCTGGCAGGGCCGTTCGAGA,0,4378857
yadL_yadM_yadC_yadK_predicted,0.3333333333333333,2,2,GCTCGTCAAGTCCTTACGAC,0,4399156
yadL_yadM_yadC_yadK_predicted,0.3333333333333333,2,2,GCTCAAGCATAGCCATGACC,0,4370122
yadL_yadM_yadC_yadK_predicted,0.3333333333333333,2,2,GCTATCGTCTGCACCTCTGT,0,4379014
yadL_yadM_yadC_yadK_predicted,0.3333333333333333,2,2,GCTAATGCGTTGCGGCCTCC,0,4381414
yadL_yadM_yadC_yadK_predicted,0.3333333333333333,2,2,GCTAAGTCAGCTAGGTTGAG,0,4384679
yadL_yadM_yadC_yadK_predicted,0.3333333333333333,2,2,GCTAACGAATGCCCAATAGG,0,4371024
yadL_yadM_yadC_yadK_predicted,0.3333333333333333,2,2,GCGTTCGCCACCGTGAGAAT,0,4382876
yadL_yadM_yadC_yadK_predicted,0.3333333333333333,2,2,GCGTGCGGCACGGACGCCAT,0,4385005
yadL_yadM_yadC_yadK_predicted,0.3333333333333333,2,2,GCGTGCGATATTCACCAGTG,0,4393068
yadL_yadM_yadC_yadK_predicted,0.3333333333333333,2,2,GCGTCTTTAGTAATCATAAG,0,4398499
yadL_yadM_yadC_yadK_predicted,0.3333333333333333,2,2,GCGTCGTGAGAAAGAATGGC,0,4394398
yadL_yadM_yadC_yadK_predicted,0.3333333333333333,2,2,GCGGGACATTATTAGACTGT,0,4379007
yadL_yadM_yadC_yadK_predicted,0.3333333333333333,2,2,GCGGCCTGTGTGACAACTTT,0,4392583
yadL_yadM_yadC_yadK_predicted,0.3333333333333333,2,2,GCGGATGTAACAATATGGTC,0,4375248
yadL_yadM_yadC_yadK_predicted,0.3333333333333333,2,2,GCGGACTCAAGGACTTCAAG,0,4382663
yadL_yadM_yadC_yadK_predicted,0.3333333333333333,2,2,GCGGAAGCTGGGCTGGTCTT,0,4375645
yadL_yadM_yadC_yadK_predicted,0.3333333333333333,2,2,GCGCTTCTGAACCCGCGCAT,0,4392577
yadL_yadM_yadC_yadK_predicted,0.3333333333333333,2,2,GCGCTCGCCTAGGAGCTGAT,0,4370294
yadL_yadM_yadC_yadK_predicted,0.3333333333333333,2,2,GCGCGCAAACGCCAGGAAGC,0,4379784
yadL_yadM_yadC_yadK_predicted,0.3333333333333333,2,2,GCGCAGTGCGGCATACATAA,0,4378128
yadL_yadM_yadC_yadK_predicted,0.3333333333333333,2,2,GCGATAGGGGGGACGTGTGC,0,4370619
yadL_yadM_yadC_yadK_predicted,0.3333333333333333,2,2,GCGACTTTTATTTTGAGCAG,0,4399988
yadL_yadM_yadC_yadK_predicted,0.3333333333333333,2,2,GCGACTGGTCTAGTAACAAG,0,4377810
yadL_yadM_yadC_yadK_predicted,0.3333333333333333,2,2,GCGACAGATCTTTCTCGGTT,0,4385357
yadL_yadM_yadC_yadK_predicted,0.3333333333333333,2,2,GCGAAATAACATGGCTCGGG,0,4392185
yadL_yadM_yadC_yadK_predicted,0.3333333333333333,2,2,GCCTGGCAACCACTCGGGTT,0,4372446
yadL_yadM_yadC_yadK_predicted,0.3333333333333333,2,2,GCCTCTGAGAATCGGCCCAG,0,4401098
yadL_yadM_yadC_yadK_predicted,0.3333333333333333,2,2,GCCTCTCGGGCTACTCTCAG,0,4393772
yadL_yadM_yadC_yadK_predicted,0.3333333333333333,2,2,GCCTCGGGGATCTATGAAAC,0,4375595
yadL_yadM_yadC_yadK_predicted,0.3333333333333333,2,2,GCCTACGGGGCGTGACATTC,0,4401246
yadL_yadM_yadC_yadK_predicted,0.3333333333333333,2,2,GCCGGACTAGCCCGTGCAAG,0,4380726
yadL_yadM_yadC_yadK_predicted,0.3333333333333333,2,2,GCCCGTGGCAGAGGTACGCA,0,4387611
yadL_yadM_yadC_yadK_predicted,0.3333333333333333,2,2,GCCCACTCCCAGAAACGGCC,0,4377322
yadL_yadM_yadC_yadK_predicted,0.3333333333333333,2,2,GCCATGTGGTTCGCCGATAG,0,4390247
yadL_yadM_yadC_yadK_predicted,0.3333333333333333,2,2,GCCAGTTGATCTTTTTTGGA,0,4393886
yadL_yadM_yadC_yadK_predicted,0.3333333333333333,2,2,GCCAGCTTGGGCACCACGAT,0,4387012
yadL_yadM_yadC_yadK_predicted,0.3333333333333333,2,2,GCCAGATCTCATCCAAGTTG,0,4395300
yadL_yadM_yadC_yadK_predicted,0.3333333333333333,2,2,GCCACCCCCGCGAAGGATCC,0,4378855
yadL_yadM_yadC_yadK_predicted,0.3333333333333333,2,2,GCCACAACTCGGACGAGCAG,0,4387448
yadL_yadM_yadC_yadK_predicted,0.3333333333333333,2,2,GCATTGAAGTTAGTGATCGC,0,4391361
yadL_yadM_yadC_yadK_predicted,0.3333333333333333,2,2,GCATTCTCGAACTGTTATGC,0,4399965
yadL_yadM_yadC_yadK_predicted,0.3333333333333333,2,2,GCATGTAGCTCATAGCGGAT,0,4370930
yadL_yadM_yadC_yadK_predicted,0.3333333333333333,2,2,GCATCCTGGGTGGTTAAACG,0,4380561
yadL_yadM_yadC_yadK_predicted,0.3333333333333333,2,2,GCATCCAGGCATAATCTGTT,0,4385562
yadL_yadM_yadC_yadK_predicted,0.3333333333333333,2,2,GCATAGGAAATATAGCAGTT,0,4399292
yadL_yadM_yadC_yadK_predicted,0.3333333333333333,2,2,GCAGTCCTATATTTTTCGTC,0,4396591
yadL_yadM_yadC_yadK_predicted,0.3333333333333333,2,2,GCAGGGAGTGTCTTTCGAAA,0,4390924
yadL_yadM_yadC_yadK_predicted,0.3333333333333333,2,2,GCAGATCCCGCATCGGCCGT,0,4393056
yadL_yadM_yadC_yadK_predicted,0.3333333333333333,2,2,GCACCTCAACAAGCTTCACC,0,4378677
yadL_yadM_yadC_yadK_predicted,0.3333333333333333,2,2,GCACAGGATCTATAGACACT,0,4396517
yadL_yadM_yadC_yadK_predicted,0.3333333333333333,2,2,GCACAATACACGGGAGATGC,0,4382636
yadL_yadM_yadC_yadK_predicted,0.3333333333333333,2,2,GCAAGCGTTAATACGGGAAG,0,4389108
yadL_yadM_yadC_yadK_predicted,0.3333333333333333,2,2,GCAACGTTGGGGACTTAAGA,0,4393066
yadL_yadM_yadC_yadK_predicted,0.3333333333333333,2,2,GATTGGAGTTGCTCTACGAA,0,4384214
yadL_yadM_yadC_yadK_predicted,0.3333333333333333,2,2,GATTGAATGTGGGGCGGAAA,0,4382551
yadL_yadM_yadC_yadK_predicted,0.3333333333333333,2,2,GATTGAAGCTCGGATCCGAT,0,4376274
yadL_yadM_yadC_yadK_predicted,0.3333333333333333,2,2,GATGGTTGTTCCAAGATCGA,0,4391997
yadL_yadM_yadC_yadK_predicted,0.3333333333333333,2,2,GATGGCGTCATCGGCCCAAG,0,4381857
yadL_yadM_yadC_yadK_predicted,0.3333333333333333,2,2,GATGCGTCAGTAAGTGCATA,0,4390666
yadL_yadM_yadC_yadK_predicted,0.3333333333333333,2,2,GATGAATGTCCTGGAACGCT,0,4383336
yadL_yadM_yadC_yadK_predicted,0.3333333333333333,2,2,GATCTGCTGCCTCCTGAACA,0,4373023
yadL_yadM_yadC_yadK_predicted,0.3333333333333333,2,2,GATCTGATGTAAGAGCTGGC,0,4386796
yadL_yadM_yadC_yadK_predicted,0.3333333333333333,2,2,GATCTCGCTTCTTCCTGCTA,0,4380863
yadL_yadM_yadC_yadK_predicted,0.3333333333333333,2,2,GATCTCAACCAGGGATGTCT,0,4385860
yadL_yadM_yadC_yadK_predicted,0.3333333333333333,2,2,GATCTAGTACAGGAGTTTTC,0,4373521
yadL_yadM_yadC_yadK_predicted,0.3333333333333333,2,2,GATACAAACAGCCAAAGTCT,0,4392351
yadL_yadM_yadC_yadK_predicted,0.3333333333333333,2,2,GAGTTGACGATAGCATAGAT,0,4372940
yadL_yadM_yadC_yadK_predicted,0.3333333333333333,2,2,GAGTTCCTGAGGGTTTAGTG,0,4395447
yadL_yadM_yadC_yadK_predicted,0.3333333333333333,2,2,GAGTGTTATCGGCATTCCTG,0,4374269
yadL_yadM_yadC_yadK_predicted,0.3333333333333333,2,2,GAGTGGCTGCCAGCGGGTGA,0,4387428
yadL_yadM_yadC_yadK_predicted,0.3333333333333333,2,2,GAGTGCTGGGGGGCCTGAAA,0,4386186
yadL_yadM_yadC_yadK_predicted,0.3333333333333333,2,2,GAGTAGCGACTTGCATTATT,0,4401732
yadL_yadM_yadC_yadK_predicted,0.3333333333333333,2,2,GAGGGGATCACCAGGAGAGT,0,4381939
yadL_yadM_yadC_yadK_predicted,0.3333333333333333,2,2,GAGGCTTTGGTACTGAACAG,0,4385198
yadL_yadM_yadC_yadK_predicted,0.3333333333333333,2,2,GAGCGAGTACCAATTGTCTG,0,4390608
yadL_yadM_yadC_yadK_predicted,0.3333333333333333,2,2,GAGCGAGCAGTCAAAAAAAC,0,4385174
yadL_yadM_yadC_yadK_predicted,0.3333333333333333,2,2,GAGCATCGACATTCCTCAGT,0,4377828
yadL_yadM_yadC_yadK_predicted,0.3333333333333333,2,2,GAGAACTCAGGGTAATGGGT,0,4390965
yadL_yadM_yadC_yadK_predicted,0.3333333333333333,2,2,GACTCCGCTCTGATGCCAGC,0,4376160
yadL_yadM_yadC_yadK_predicted,0.3333333333333333,2,2,GACTAAACTGCTACTAGAAA,0,4390324
yadL_yadM_yadC_yadK_predicted,0.3333333333333333,2,2,GACGGTTTTCTATACTATAT,0,4390407
yadL_yadM_yadC_yadK_predicted,0.3333333333333333,2,2,GACGACCAAAGCGAATTCCT,0,4397763
yadL_yadM_yadC_yadK_predicted,0.3333333333333333,2,2,GACCGTGCTGGAACGGTAGA,0,4395017
yadL_yadM_yadC_yadK_predicted,0.3333333333333333,2,2,GACCGACCCCATACCTCATA,0,4390118
yadL_yadM_yadC_yadK_predicted,0.3333333333333333,2,2,GACCCCTGCAACTACCCATA,0,4375752
yadL_yadM_yadC_yadK_predicted,0.3333333333333333,2,2,GACAGCCCTAGTAGATACTA,0,4389215
yadL_yadM_yadC_yadK_predicted,0.3333333333333333,2,2,GACACCTAGCTAGTAGTTTT,0,4399692
yadL_yadM_yadC_yadK_predicted,0.3333333333333333,2,2,GAATTTATGAAGCGGAGTGG,0,4370518
yadL_yadM_yadC_yadK_predicted,0.3333333333333333,2,2,GAAGTAAGTAAGATGTCAGT,0,4397047
yadL_yadM_yadC_yadK_predicted,0.3333333333333333,2,2,GAAGATCCTTTAATTTAAAT,0,4373787
yadL_yadM_yadC_yadK_predicted,0.3333333333333333,2,2,CTTTGCACGCGATCCGGGCT,0,4399310
yadL_yadM_yadC_yadK_predicted,0.3333333333333333,2,2,CTTTAAAATCCCCGTCTAGG,0,4397335
yadL_yadM_yadC_yadK_predicted,0.3333333333333333,2,2,CTTGGGCGATCTATTGCTTA,0,4372308
yadL_yadM_yadC_yadK_predicted,0.3333333333333333,2,2,CTTGGCTCCTAAAGGGTGCT,0,4390333
yadL_yadM_yadC_yadK_predicted,0.3333333333333333,2,2,CTTGCGCACCCTTAGCAGAG,0,4386772
yadL_yadM_yadC_yadK_predicted,0.3333333333333333,2,2,CTTCGGGACGGCATCATATA,0,4383949
yadL_yadM_yadC_yadK_predicted,0.3333333333333333,2,2,CTTCGATAGGCCCCATCCTT,0,4372970
yadL_yadM_yadC_yadK_predicted,0.3333333333333333,2,2,CTTAGACTGGGACGACAGGC,0,4375661
yadL_yadM_yadC_yadK_predicted,0.3333333333333333,2,2,CTTAGACTCAAGGGGAGTAG,0,4390577
yadL_yadM_yadC_yadK_predicted,0.3333333333333333,2,2,CTTACTGGCATAGGCCCCCT,0,4373005
yadL_yadM_yadC_yadK_predicted,0.3333333333333333,2,2,CTTAAAGAGTAGCCTTCTGC,0,4396286
yadL_yadM_yadC_yadK_predicted,0.3333333333333333,2,2,CTGTTTAGCAGGATCTACCT,0,4386997
yadL_yadM_yadC_yadK_predicted,0.3333333333333333,2,2,CTGTTGGCATTGCCGCTATT,0,4380890
yadL_yadM_yadC_yadK_predicted,0.3333333333333333,2,2,CTGTGTGAACAGACCTGGCA,0,4370093
yadL_yadM_yadC_yadK_predicted,0.3333333333333333,2,2,CTGTAGCCAGACCCAGTGAG,0,4391011
yadL_yadM_yadC_yadK_predicted,0.3333333333333333,2,2,CTGTAGAAATGGGTGGTCAG,0,4377954
yadL_yadM_yadC_yadK_predicted,0.3333333333333333,2,2,CTGGCGAGAGCAGAATGAAC,0,4399016
yadL_yadM_yadC_yadK_predicted,0.3333333333333333,2,2,CTGGCGAACGAGGTCTTGTG,0,4398666
yadL_yadM_yadC_yadK_predicted,0.3333333333333333,2,2,CTGGCCAGCCTTTATAAGCA,0,4387514
yadL_yadM_yadC_yadK_predicted,0.3333333333333333,2,2,CTGCTAGGTGATGTGCCGAT,0,4394981
yadL_yadM_yadC_yadK_predicted,0.3333333333333333,2,2,CTGCCCTTGTATGGCGCGTG,0,4377088
yadL_yadM_yadC_yadK_predicted,0.3333333333333333,2,2,CTGATCCTTAGTCGAATTAT,0,4400511
yadL_yadM_yadC_yadK_predicted,0.3333333333333333,2,2,CTGATCAGATGAGATCTAGA,0,4373354
yadL_yadM_yadC_yadK_predicted,0.3333333333333333,2,2,CTGATAGGTGGGCCACCTTT,0,4371719
yadL_yadM_yadC_yadK_predicted,0.3333333333333333,2,2,CTGACTTCCGCGGCCTTATC,0,4374546
yadL_yadM_yadC_yadK_predicted,0.3333333333333333,2,2,CTCTAGTAGTACAGCTATTC,0,4396649
yadL_yadM_yadC_yadK_predicted,0.3333333333333333,2,2,CTCTAACTTCGATGACTTCA,0,4386356
yadL_yadM_yadC_yadK_predicted,0.3333333333333333,2,2,CTCGTGTTCAGAGAACTCCC,0,4382458
yadL_yadM_yadC_yadK_predicted,0.3333333333333333,2,2,CTCGTATTCGCCCGTTCGGA,0,4376033
yadL_yadM_yadC_yadK_predicted,0.3333333333333333,2,2,CTCGTACGCACTCAATGTTT,0,4391137
yadL_yadM_yadC_yadK_predicted,0.3333333333333333,2,2,CTCGGGCCGGTGTACCCTAT,0,4392306
yadL_yadM_yadC_yadK_predicted,0.3333333333333333,2,2,CTCGGCCTCCTTAGGGCACA,0,4370729
yadL_yadM_yadC_yadK_predicted,0.3333333333333333,2,2,CTCGCGCTGGCGTGGGTTAG,0,4383872
yadL_yadM_yadC_yadK_predicted,0.3333333333333333,2,2,CTCGAACACCGCAACAGGGT,0,4396310
yadL_yadM_yadC_yadK_predicted,0.3333333333333333,2,2,CTCCGTCGGTATAATTATGT,0,4378592
yadL_yadM_yadC_yadK_predicted,0.3333333333333333,2,2,CTCCGCTAGTTAGTTCACAA,0,4378124
yadL_yadM_yadC_yadK_predicted,0.3333333333333333,2,2,CTCCCTGTTCCGACTTACAC,0,4402476
yadL_yadM_yadC_yadK_predicted,0.3333333333333333,2,2,CTCCCAGGACTGCCCACCGA,0,4402289
yadL_yadM_yadC_yadK_predicted,0.3333333333333333,2,2,CTCATTCAGGATACACAGGT,0,4381620
yadL_yadM_yadC_yadK_predicted,0.3333333333333333,2,2,CTCAGTCGTATGCCAGAGGG,0,4377176
yadL_yadM_yadC_yadK_predicted,0.3333333333333333,2,2,CTCAGGTTAGCCGCGCGGTG,0,4385908
yadL_yadM_yadC_yadK_predicted,0.3333333333333333,2,2,CTCAGCCCGTTGCGCACACC,0,4376541
yadL_yadM_yadC_yadK_predicted,0.3333333333333333,2,2,CTCACCCCACATCGCCTATA,0,4385423
yadL_yadM_yadC_yadK_predicted,0.3333333333333333,2,2,CTCAATGGTACCGAAACGGA,0,4383380
yadL_yadM_yadC_yadK_predicted,0.3333333333333333,2,2,CTCAAATTTTGACAATCTAA,0,4396454
yadL_yadM_yadC_yadK_predicted,0.3333333333333333,2,2,CTATTTTAGAGGTTCGGTAC,0,4379524
yadL_yadM_yadC_yadK_predicted,0.3333333333333333,2,2,CTATTCACCGGCGGCTAAAG,0,4379545
yadL_yadM_yadC_yadK_predicted,0.3333333333333333,2,2,CTATCGGGCTAAAAGACGGC,0,4393124
yadL_yadM_yadC_yadK_predicted,0.3333333333333333,2,2,CTAGTGCATACAGATTGGGT,0,4402275
yadL_yadM_yadC_yadK_predicted,0.3333333333333333,2,2,CTACCTGTCGGGAGTCAACA,0,4388368
yadL_yadM_yadC_yadK_predicted,0.3333333333333333,2,2,CTACCCAACGGTATAATAGC,0,4396304
yadL_yadM_yadC_yadK_predicted,0.3333333333333333,2,2,CTAATTGCTGCTAGGCCATC,0,4370517
yadL_yadM_yadC_yadK_predicted,0.3333333333333333,2,2,CTAATGCGCCGGCACGGGTG,0,4395566
yadL_yadM_yadC_yadK_predicted,0.3333333333333333,2,2,CTAATAGGTTATCCCGGTGA,0,4390145
yadL_yadM_yadC_yadK_predicted,0.3333333333333333,2,2,CTAAGAGTGTAACGTGTATT,0,4371294
yadL_yadM_yadC_yadK_predicted,0.3333333333333333,2,2,CGTTTCTCTCAAGTCTTAAC,0,4393530
yadL_yadM_yadC_yadK_predicted,0.3333333333333333,2,2,CGTTGACTTCGCATTGCCCT,0,4382989
yadL_yadM_yadC_yadK_predicted,0.3333333333333333,2,2,CGTGGGTTGCGGGGCACGCC,0,4376549
yadL_yadM_yadC_yadK_predicted,0.3333333333333333,2,2,CGTGGAAGCGGCACAACTTG,0,4376414
yadL_yadM_yadC_yadK_predicted,0.3333333333333333,2,2,CGTGAGGGGATGACCGGTCT,0,4375821
yadL_yadM_yadC_yadK_predicted,0.3333333333333333,2,2,CGTCCGCTGAATTCCTTAAA,0,4371176
yadL_yadM_yadC_yadK_predicted,0.3333333333333333,2,2,CGTATGTAACTGGAGCCATG,0,4372588
yadL_yadM_yadC_yadK_predicted,0.3333333333333333,2,2,CGTAGGGAGGGCTCAGCACC,0,4402061
yadL_yadM_yadC_yadK_predicted,0.3333333333333333,2,2,CGTACCCGTTTTCGAGTGCG,0,4379626
yadL_yadM_yadC_yadK_predicted,0.3333333333333333,2,2,CGGTTGGTTATCCCTGGTGG,0,4379704
yadL_yadM_yadC_yadK_predicted,0.3333333333333333,2,2,CGGTGGTCACATAGGTGAAT,0,4377268
yadL_yadM_yadC_yadK_predicted,0.3333333333333333,2,2,CGGTGGCCTGGCCCCGCCTC,0,4384522
yadL_yadM_yadC_yadK_predicted,0.3333333333333333,2,2,CGGTCCGACAGTATGGTGCT,0,4378894
yadL_yadM_yadC_yadK_predicted,0.3333333333333333,2,2,CGGGTTCCGAACACAACGTT,0,4401482
yadL_yadM_yadC_yadK_predicted,0.3333333333333333,2,2,CGGGTATTTCACAACTTTTG,0,4378972
yadL_yadM_yadC_yadK_predicted,0.3333333333333333,2,2,CGGGTAAGAGCCCTGCGGGG,0,4386532
yadL_yadM_yadC_yadK_predicted,0.3333333333333333,2,2,CGGGGAAAGCACTCGGCTAA,0,4376697
yadL_yadM_yadC_yadK_predicted,0.3333333333333333,2,2,CGGGAGGCTGTCATTTGGGT,0,4400355
yadL_yadM_yadC_yadK_predicted,0.3333333333333333,2,2,CGGCTCCGTTTCCAGGTGAG,0,4389655
yadL_yadM_yadC_yadK_predicted,0.3333333333333333,2,2,CGGCGTGAAGATTTAGCGTA,0,4396157
yadL_yadM_yadC_yadK_predicted,0.3333333333333333,2,2,CGGCGGTAGGATATCCGATC,0,4378127
yadL_yadM_yadC_yadK_predicted,0.3333333333333333,2,2,CGGCCGGTGGCGGTATCATC,0,4401738
yadL_yadM_yadC_yadK_predicted,0.3333333333333333,2,2,CGGCCCAATGTGCTGTCACT,0,4388377
yadL_yadM_yadC_yadK_predicted,0.3333333333333333,2,2,CGGCCAAACCACAGCGTCAA,0,4397995
yadL_yadM_yadC_yadK_predicted,0.3333333333333333,2,2,CGGCAATAAGATATGTGAAG,0,4372777
yadL_yadM_yadC_yadK_predicted,0.3333333333333333,2,2,CGGATTTGACGCCTGGTATA,0,4378028
yadL_yadM_yadC_yadK_predicted,0.3333333333333333,2,2,CGGATATATTCCAATTTCAG,0,4383028
yadL_yadM_yadC_yadK_predicted,0.3333333333333333,2,2,CGGAGCCTACTTCAACCGTA,0,4394143
yadL_yadM_yadC_yadK_predicted,0.3333333333333333,2,2,CGGAAGCCGAGGTCATTTGT,0,4372128
yadL_yadM_yadC_yadK_predicted,0.3333333333333333,2,2,CGGAAAACTCAACCTTTATG,0,4388062
yadL_yadM_yadC_yadK_predicted,0.3333333333333333,2,2,CGCTGTCCATCCCCTCTCTC,0,4372697
yadL_yadM_yadC_yadK_predicted,0.3333333333333333,2,2,CGCTGCATCGACACGTGGGG,0,4391352
yadL_yadM_yadC_yadK_predicted,0.3333333333333333,2,2,CGCGATGCCTTAAAAAGCGA,0,4374528
yadL_yadM_yadC_yadK_predicted,0.3333333333333333,2,2,CGCGAGATTGCTCCTTGATC,0,4395223
yadL_yadM_yadC_yadK_predicted,0.3333333333333333,2,2,CGCCTTCTTGCAGCCGGCGG,0,4378150
yadL_yadM_yadC_yadK_predicted,0.3333333333333333,2,2,CGCCGGTTATTTCCTCGGTC,0,4379202
yadL_yadM_yadC_yadK_predicted,0.3333333333333333,2,2,CGCCCTCTTACATGAGGGAA,0,4373467
yadL_yadM_yadC_yadK_predicted,0.3333333333333333,2,2,CGCATACGACGAGACAAATA,0,4388913
yadL_yadM_yadC_yadK_predicted,0.3333333333333333,2,2,CGCAGCAGGGCTCCGAAGAA,0,4379392
yadL_yadM_yadC_yadK_predicted,0.3333333333333333,2,2,CGCAAGTTTCAAAAGGGTGG,0,4388156
yadL_yadM_yadC_yadK_predicted,0.3333333333333333,2,2,CGATGCACATATTCGACGGT,0,4377392
yadL_yadM_yadC_yadK_predicted,0.3333333333333333,2,2,CGATAGAGAGTAGAATCGGC,0,4391002
yadL_yadM_yadC_yadK_predicted,0.3333333333333333,2,2,CGATAACAAGGCCCGGGGCT,0,4388954
yadL_yadM_yadC_yadK_predicted,0.3333333333333333,2,2,CGAGGTTGCAGCAACAAATC,0,4370933
yadL_yadM_yadC_yadK_predicted,0.3333333333333333,2,2,CGAATTCCACTTAATCAACA,0,4400793
yadL_yadM_yadC_yadK_predicted,0.3333333333333333,2,2,CGAAGTGTGGTTAAAAAACT,0,4375745
yadL_yadM_yadC_yadK_predicted,0.3333333333333333,2,2,CGAACTATGTTGAAGTAAAA,0,4394415
yadL_yadM_yadC_yadK_predicted,0.3333333333333333,2,2,CGAAATTCATGAGACGTAAG,0,4395520
yadL_yadM_yadC_yadK_predicted,0.3333333333333333,2,2,CCTTTTAGACGAATAGTTAC,0,4370113
yadL_yadM_yadC_yadK_predicted,0.3333333333333333,2,2,CCTTGCCGGCCTCAGTCGTT,0,4382951
yadL_yadM_yadC_yadK_predicted,0.3333333333333333,2,2,CCTTCTAACAACTAGGGCTA,0,4397049
yadL_yadM_yadC_yadK_predicted,0.3333333333333333,2,2,CCTTCCTAGGGCTGTTTACT,0,4391194
yadL_yadM_yadC_yadK_predicted,0.3333333333333333,2,2,CCTGTGATTATAGAGAACAG,0,4401176
yadL_yadM_yadC_yadK_predicted,0.3333333333333333,2,2,CCTCACACGGTAGAGAACTT,0,4395168
yadL_yadM_yadC_yadK_predicted,0.3333333333333333,2,2,CCTAGCCATAAGCTTCGGAT,0,4378807
yadL_yadM_yadC_yadK_predicted,0.3333333333333333,2,2,CCGTTGCTCAAACCAAGAAC,0,4379018
yadL_yadM_yadC_yadK_predicted,0.3333333333333333,2,2,CCGTAACTTAAAGTTGCCAA,0,4375200
yadL_yadM_yadC_yadK_predicted,0.3333333333333333,2,2,CCGGGCTACTAGGGAAAAAT,0,4394241
yadL_yadM_yadC_yadK_predicted,0.3333333333333333,2,2,CCGGAGCAGTATTAACGCCT,0,4384909
yadL_yadM_yadC_yadK_predicted,0.3333333333333333,2,2,CCGGAATTACCAAGGGCTTC,0,4382747
yadL_yadM_yadC_yadK_predicted,0.3333333333333333,2,2,CCGCACTGTTGGAGTTGCAT,0,4386334
yadL_yadM_yadC_yadK_predicted,0.3333333333333333,2,2,CCGCACTCGCGGGTCGGGAT,0,4385890
yadL_yadM_yadC_yadK_predicted,0.3333333333333333,2,2,CCGAGTAATGGAGCCAAGTG,0,4380788
yadL_yadM_yadC_yadK_predicted,0.3333333333333333,2,2,CCCTTGTAACGCCGTCCGCA,0,4395681
yadL_yadM_yadC_yadK_predicted,0.3333333333333333,2,2,CCCTGATAGTAAACCAAATT,0,4389515
yadL_yadM_yadC_yadK_predicted,0.3333333333333333,2,2,CCCTAAGTACCAGTGGAGGA,0,4371046
yadL_yadM_yadC_yadK_predicted,0.3333333333333333,2,2,CCCGTGTAGTGTGTCGTAAA,0,4381045
yadL_yadM_yadC_yadK_predicted,0.3333333333333333,2,2,CCCGGGGCCGATTATTCTGA,0,4371062
yadL_yadM_yadC_yadK_predicted,0.3333333333333333,2,2,CCCGGAAATAACGTGATCGC,0,4393161
yadL_yadM_yadC_yadK_predicted,0.3333333333333333,2,2,CCCGCAAGTGATGACGCTGG,0,4374139
yadL_yadM_yadC_yadK_predicted,0.3333333333333333,2,2,CCCCGGTGGAACAGTACCTA,0,4387165
yadL_yadM_yadC_yadK_predicted,0.3333333333333333,2,2,CCCCGGTCTAACTGTTACTG,0,4376752
yadL_yadM_yadC_yadK_predicted,0.3333333333333333,2,2,CCCCAACTGCAAATTAGCTA,0,4378777
yadL_yadM_yadC_yadK_predicted,0.3333333333333333,2,2,CCCAGGACTTCGGGGATATC,0,4401910
yadL_yadM_yadC_yadK_predicted,0.3333333333333333,2,2,CCCAATTAGGGCGATGCGCA,0,4376295
yadL_yadM_yadC_yadK_predicted,0.3333333333333333,2,2,CCCAATGCGACTACAATGCT,0,4371152
yadL_yadM_yadC_yadK_predicted,0.3333333333333333,2,2,CCATCGAAACAAGCGACCAT,0,4389889
yadL_yadM_yadC_yadK_predicted,0.3333333333333333,2,2,CCATCAACTGAAGTCGATCA,0,4382089
yadL_yadM_yadC_yadK_predicted,0.3333333333333333,2,2,CCAGTAGACTCGGACATGCG,0,4372118
yadL_yadM_yadC_yadK_predicted,0.3333333333333333,2,2,CCAGTACGCCGACTGCTCAC,0,4400354
yadL_yadM_yadC_yadK_predicted,0.3333333333333333,2,2,CCAGCGGAAGCTGCGCACAA,0,4385414
yadL_yadM_yadC_yadK_predicted,0.3333333333333333,2,2,CCAGCATTAACAATCCTATC,0,4381325
yadL_yadM_yadC_yadK_predicted,0.3333333333333333,2,2,CCACTAGGCTCAGGCATACA,0,4389823
yadL_yadM_yadC_yadK_predicted,0.3333333333333333,2,2,CCACGCGGAAGGGTCCGCAA,0,4380383
yadL_yadM_yadC_yadK_predicted,0.3333333333333333,2,2,CCACCGGTTATGCCTGGGTG,0,4401931
yadL_yadM_yadC_yadK_predicted,0.3333333333333333,2,2,CCACACGAGATCGCAATGTT,0,4397722
yadL_yadM_yadC_yadK_predicted,0.3333333333333333,2,2,CCAAGTCAGTGGGACTGTAT,0,4381909
yadL_yadM_yadC_yadK_predicted,0.3333333333333333,2,2,CCAAGCTCAATTGCACGATC,0,4381629
yadL_yadM_yadC_yadK_predicted,0.3333333333333333,2,2,CCAAAGAAGGGTCGGTTTAC,0,4392256
yadL_yadM_yadC_yadK_predicted,0.3333333333333333,2,2,CATGTGCCCCACCCGTTCAC,0,4378506
yadL_yadM_yadC_yadK_predicted,0.3333333333333333,2,2,CATGCCACACTGTCTAGGTA,0,4370617
yadL_yadM_yadC_yadK_predicted,0.3333333333333333,2,2,CATGACTAAAACTGCACGAG,0,4390962
yadL_yadM_yadC_yadK_predicted,0.3333333333333333,2,2,CATCTACAGATCATAGCTTC,0,4375798
yadL_yadM_yadC_yadK_predicted,0.3333333333333333,2,2,CATCGGCTCATGTCACGGGT,0,4379542
yadL_yadM_yadC_yadK_predicted,0.3333333333333333,2,2,CATCGCCTGCCATGTCCTGG,0,4397251
yadL_yadM_yadC_yadK_predicted,0.3333333333333333,2,2,CATCCGGTGGGTTGCGGCCC,0,4397432
yadL_yadM_yadC_yadK_predicted,0.3333333333333333,2,2,CATCCAGGAGCGGGTTCTGG,0,4385909
yadL_yadM_yadC_yadK_predicted,0.3333333333333333,2,2,CATCAGTCGTACACGCTCGT,0,4382384
yadL_yadM_yadC_yadK_predicted,0.3333333333333333,2,2,CATATCCTTTCTGGAGACCC,0,4389056
yadL_yadM_yadC_yadK_predicted,0.3333333333333333,2,2,CATAGCGGTTGGATATAAAG,0,4378715
yadL_yadM_yadC_yadK_predicted,0.3333333333333333,2,2,CATACCGGCTTCTAGTACAG,0,4392859
yadL_yadM_yadC_yadK_predicted,0.3333333333333333,2,2,CATACCCGCGAGCTCGCTTT,0,4375742
yadL_yadM_yadC_yadK_predicted,0.3333333333333333,2,2,CAGTTTCCAGTGGTGTGCTA,0,4392676
yadL_yadM_yadC_yadK_predicted,0.3333333333333333,2,2,CAGTGGGTTCGCCTGCGGTT,0,4377025
yadL_yadM_yadC_yadK_predicted,0.3333333333333333,2,2,CAGTCGGGAGTTATAAGGGT,0,4381398
yadL_yadM_yadC_yadK_predicted,0.3333333333333333,2,2,CAGGTCGAGTTTATCTTAAG,0,4372504
yadL_yadM_yadC_yadK_predicted,0.3333333333333333,2,2,CAGGCCAGGACGGGCCGGAA,0,4374913
yadL_yadM_yadC_yadK_predicted,0.3333333333333333,2,2,CAGGCATCTTACCCCGCATT,0,4376245
yadL_yadM_yadC_yadK_predicted,0.3333333333333333,2,2,CAGGCACGCTCGGCTCTGCA,0,4375883
yadL_yadM_yadC_yadK_predicted,0.3333333333333333,2,2,CAGGATAGACGCTAGCAGAA,0,4373567
yadL_yadM_yadC_yadK_predicted,0.3333333333333333,2,2,CAGCGTAACCAAAAGAAAAG,0,4375031
yadL_yadM_yadC_yadK_predicted,0.3333333333333333,2,2,CAGCGATGTCTCATCATATT,0,4388648
yadL_yadM_yadC_yadK_predicted,0.3333333333333333,2,2,CAGCAGGCTAAGCGCTTCTT,0,4400810
yadL_yadM_yadC_yadK_predicted,0.3333333333333333,2,2,CAGAGTTACGCCGGGAAAAA,0,4381190
yadL_yadM_yadC_yadK_predicted,0.3333333333333333,2,2,CACTTTGAACCATAGAGGGA,0,4380544
yadL_yadM_yadC_yadK_predicted,0.3333333333333333,2,2,CACTTGCAACGTCAACGGGC,0,4370705
yadL_yadM_yadC_yadK_predicted,0.3333333333333333,2,2,CACTTCCCGATCCAAGCACC,0,4371348
yadL_yadM_yadC_yadK_predicted,0.3333333333333333,2,2,CACTGTGGGTAAGAGAAATA,0,4388427
yadL_yadM_yadC_yadK_predicted,0.3333333333333333,2,2,CACTGCCAACTACGTCAGGA,0,4390649
yadL_yadM_yadC_yadK_predicted,0.3333333333333333,2,2,CACTCCGCCGCGACTTCTAC,0,4397468
yadL_yadM_yadC_yadK_predicted,0.3333333333333333,2,2,CACGTGTGGACCGGTTGTTA,0,4371744
yadL_yadM_yadC_yadK_predicted,0.3333333333333333,2,2,CACGGTCCGGCGTGGCCGAA,0,4394283
yadL_yadM_yadC_yadK_predicted,0.3333333333333333,2,2,CACGCGCAGTCTCCAGTAGC,0,4381820
yadL_yadM_yadC_yadK_predicted,0.3333333333333333,2,2,CACGATCCAACTTCAGCTAC,0,4396489
yadL_yadM_yadC_yadK_predicted,0.3333333333333333,2,2,CACCGGCGTCGTTTTAACCA,0,4371629
yadL_yadM_yadC_yadK_predicted,0.3333333333333333,2,2,CACCCGTCACGCCAGGCAGC,0,4399744
yadL_yadM_yadC_yadK_predicted,0.3333333333333333,2,2,CACCCGGGCTGGGCCAGCCA,0,4374628
yadL_yadM_yadC_yadK_predicted,0.3333333333333333,2,2,CACCCCGGTCAATGGAACGC,0,4373238
yadL_yadM_yadC_yadK_predicted,0.3333333333333333,2,2,CACATAGGCCTATGGGGATT,0,4392871
yadL_yadM_yadC_yadK_predicted,0.3333333333333333,2,2,CACAGAATCGAACCGTCGAA,0,4387922
yadL_yadM_yadC_yadK_predicted,0.3333333333333333,2,2,CACAAAAAGAAGGGCATGCA,0,4399097
yadL_yadM_yadC_yadK_predicted,0.3333333333333333,2,2,CAATTAGCTTTAGCTGCGGA,0,4379712
yadL_yadM_yadC_yadK_predicted,0.3333333333333333,2,2,CAATTACATACCATTCGTGT,0,4394082
yadL_yadM_yadC_yadK_predicted,0.3333333333333333,2,2,CAATGAGTAAACAATATGAA,0,4391389
yadL_yadM_yadC_yadK_predicted,0.3333333333333333,2,2,CAATACGGATCTGATTCCAA,0,4394810
yadL_yadM_yadC_yadK_predicted,0.3333333333333333,2,2,CAATACCCCGGGTACCGGAC,0,4370874
yadL_yadM_yadC_yadK_predicted,0.3333333333333333,2,2,CAAGGCCAATCGCCCTAGGC,0,4378114
yadL_yadM_yadC_yadK_predicted,0.3333333333333333,2,2,CAAGCGCTAACCCCTATGAT,0,4383624
yadL_yadM_yadC_yadK_predicted,0.3333333333333333,2,2,CAAGAACTCATTGGTAGCAT,0,4372167
yadL_yadM_yadC_yadK_predicted,0.3333333333333333,2,2,CAACTCGGGGTTTATTGGAC,0,4381112
yadL_yadM_yadC_yadK_predicted,0.3333333333333333,2,2,CAACGGCACCATACTTTCCC,0,4379758
yadL_yadM_yadC_yadK_predicted,0.3333333333333333,2,2,CAACACCACGAGTTATATAT,0,4382984
yadL_yadM_yadC_yadK_predicted,0.3333333333333333,2,2,ATTTCATCTGATCTAGCTCA,0,4385486
yadL_yadM_yadC_yadK_predicted,0.3333333333333333,2,2,ATTTAAGCATCCGGAATAAT,0,4388026
yadL_yadM_yadC_yadK_predicted,0.3333333333333333,2,2,ATTGTCAGACAAGCAATCAG,0,4384959
yadL_yadM_yadC_yadK_predicted,0.3333333333333333,2,2,ATTGAGTCTCCCTCGAACTT,0,4391697
yadL_yadM_yadC_yadK_predicted,0.3333333333333333,2,2,ATTGACTCTCACGTTTCTCT,0,4375636
yadL_yadM_yadC_yadK_predicted,0.3333333333333333,2,2,ATTCTCGAGTGGTTTTTTAC,0,4392816
yadL_yadM_yadC_yadK_predicted,0.3333333333333333,2,2,ATTCTCCTATCTGAGAGCAA,0,4388877
yadL_yadM_yadC_yadK_predicted,0.3333333333333333,2,2,ATTCGGGTATTTTTTAGATT,0,4378097
yadL_yadM_yadC_yadK_predicted,0.3333333333333333,2,2,ATTCCTGTTTCTGACAATAT,0,4376027
yadL_yadM_yadC_yadK_predicted,0.3333333333333333,2,2,ATTCCGCCCTGAGCCTGTAT,0,4371597
yadL_yadM_yadC_yadK_predicted,0.3333333333333333,2,2,ATTCCGACTGGCATACCGAG,0,4371239
yadL_yadM_yadC_yadK_predicted,0.3333333333333333,2,2,ATTAGCGAGCGTCTTCCCGC,0,4399457
yadL_yadM_yadC_yadK_predicted,0.3333333333333333,2,2,ATTAGCCCGCGTCTAACTGT,0,4391544
yadL_yadM_yadC_yadK_predicted,0.3333333333333333,2,2,ATTAGCAGGTTAGAACTTTA,0,4386416
yadL_yadM_yadC_yadK_predicted,0.3333333333333333,2,2,ATTAAGCCTGTACATAATGA,0,4387283
yadL_yadM_yadC_yadK_predicted,0.3333333333333333,2,2,ATGTTTGATTATATATGAAG,0,4373074
yadL_yadM_yadC_yadK_predicted,0.3333333333333333,2,2,ATGTTGGTGTCGCCCCGTCA,0,4398872
yadL_yadM_yadC_yadK_predicted,0.3333333333333333,2,2,ATGTCTCGCACACCATGATT,0,4382616
yadL_yadM_yadC_yadK_predicted,0.3333333333333333,2,2,ATGTCCACTCCACGTTCTGA,0,4386600
yadL_yadM_yadC_yadK_predicted,0.3333333333333333,2,2,ATGGTGGAGCTTCAATGTCT,0,4381900
yadL_yadM_yadC_yadK_predicted,0.3333333333333333,2,2,ATGGGGATACACTCATTACT,0,4370594
yadL_yadM_yadC_yadK_predicted,0.3333333333333333,2,2,ATGGGGAACCGCTTGAAGTC,0,4392792
yadL_yadM_yadC_yadK_predicted,0.3333333333333333,2,2,ATGCTGGTTTCCCCCTGTGC,0,4386072
yadL_yadM_yadC_yadK_predicted,0.3333333333333333,2,2,ATGCTGCGCTGGATCAGACT,0,4386773
yadL_yadM_yadC_yadK_predicted,0.3333333333333333,2,2,ATGCTGACTAGACAAAAATC,0,4379363
yadL_yadM_yadC_yadK_predicted,0.3333333333333333,2,2,ATGCGCGGGCTGGTGCCGTG,0,4399536
yadL_yadM_yadC_yadK_predicted,0.3333333333333333,2,2,ATGCGACGATGGGCGCTGGA,0,4378544
yadL_yadM_yadC_yadK_predicted,0.3333333333333333,2,2,ATGCCTTGCGTGCAAAAAAA,0,4375498
yadL_yadM_yadC_yadK_predicted,0.3333333333333333,2,2,ATGCCTAGCGAGTTGCACGC,0,4378908
yadL_yadM_yadC_yadK_predicted,0.3333333333333333,2,2,ATGCCAGTACGTACTTGATA,0,4396822
yadL_yadM_yadC_yadK_predicted,0.3333333333333333,2,2,ATGCCACGTAACTCGTTCCT,0,4385752
yadL_yadM_yadC_yadK_predicted,0.3333333333333333,2,2,ATGCAAGGGGAGTACGTCAT,0,4401562
yadL_yadM_yadC_yadK_predicted,0.3333333333333333,2,2,ATGATAGGTATGTTCTCTTT,0,4387040
yadL_yadM_yadC_yadK_predicted,0.3333333333333333,2,2,ATGAAAGGAGCAACAGATGA,0,4374392
yadL_yadM_yadC_yadK_predicted,0.3333333333333333,2,2,ATCTCCCACCTGCCCTTTCA,0,4371505
yadL_yadM_yadC_yadK_predicted,0.3333333333333333,2,2,ATCGTTCTCGTAGCATACGT,0,4374667
yadL_yadM_yadC_yadK_predicted,0.3333333333333333,2,2,ATCGTGAGGGACGCAAGAAT,0,4386183
yadL_yadM_yadC_yadK_predicted,0.3333333333333333,2,2,ATCGGTCCTTGTCAGTAAAA,0,4386866
yadL_yadM_yadC_yadK_predicted,0.3333333333333333,2,2,ATCGGCGTAGATTTGTCGCA,0,4387151
yadL_yadM_yadC_yadK_predicted,0.3333333333333333,2,2,ATCGATTGTATGGCCCTGTT,0,4389486
yadL_yadM_yadC_yadK_predicted,0.3333333333333333,2,2,ATCGAGCCTAGAGAAAATCC,0,4371136
yadL_yadM_yadC_yadK_predicted,0.3333333333333333,2,2,ATCCTTATTGCTCGAAGGCA,0,4386879
yadL_yadM_yadC_yadK_predicted,0.3333333333333333,2,2,ATCCCATCTCTGCAACTGGG,0,4370248
yadL_yadM_yadC_yadK_predicted,0.3333333333333333,2,2,ATCCCAGTGCGCAAGCGTAG,0,4375089
yadL_yadM_yadC_yadK_predicted,0.3333333333333333,2,2,ATCCACACAATTTCATCTCC,0,4400143
yadL_yadM_yadC_yadK_predicted,0.3333333333333333,2,2,ATCACGGCCGGGTCATTCAG,0,4393830
yadL_yadM_yadC_yadK_predicted,0.3333333333333333,2,2,ATCAATTCGGAACTTTGCGA,0,4381054
yadL_yadM_yadC_yadK_predicted,0.3333333333333333,2,2,ATCAAGCGAGTAAATGGGGT,0,4381649
yadL_yadM_yadC_yadK_predicted,0.3333333333333333,2,2,ATCAACTACGGTACCCGATG,0,4374345
yadL_yadM_yadC_yadK_predicted,0.3333333333333333,2,2,ATATTCCCGCAGGAAGGTAA,0,4396491
yadL_yadM_yadC_yadK_predicted,0.3333333333333333,2,2,ATATGTATCCACCGGGAATG,0,4393895
yadL_yadM_yadC_yadK_predicted,0.3333333333333333,2,2,ATATGCATCAGTGCACGTGA,0,4381902
yadL_yadM_yadC_yadK_predicted,0.3333333333333333,2,2,ATAGTCCACACTGTATGACA,0,4395886
yadL_yadM_yadC_yadK_predicted,0.3333333333333333,2,2,ATAGGTGCGCAGGCTATGAC,0,4384397
yadL_yadM_yadC_yadK_predicted,0.3333333333333333,2,2,ATACGACACTTCGGAGAGGA,0,4390504
yadL_yadM_yadC_yadK_predicted,0.3333333333333333,2,2,ATACCTGGCGAGGAGGCGAA,0,4376345
yadL_yadM_yadC_yadK_predicted,0.3333333333333333,2,2,ATACACACGAGAGTATCTCA,0,4377154
yadL_yadM_yadC_yadK_predicted,0.3333333333333333,2,2,AGTTTGGGTCCAAGGTACGC,0,4379549
yadL_yadM_yadC_yadK_predicted,0.3333333333333333,2,2,AGTTGGTAAATACTCCCACT,0,4372130
yadL_yadM_yadC_yadK_predicted,0.3333333333333333,2,2,AGTTCCGGAGGGTTCTGTGC,0,4380959
yadL_yadM_yadC_yadK_predicted,0.3333333333333333,2,2,AGTTCCCGTTTCATAAATCT,0,4381153
yadL_yadM_yadC_yadK_predicted,0.3333333333333333,2,2,AGTTACAGAAGTTGTGTTAT,0,4378313
yadL_yadM_yadC_yadK_predicted,0.3333333333333333,2,2,AGTCTCGTGTTTCTGGTTGC,0,4370456
yadL_yadM_yadC_yadK_predicted,0.3333333333333333,2,2,AGTCCTGGGCCGGTGGGCTC,0,4386996
yadL_yadM_yadC_yadK_predicted,0.3333333333333333,2,2,AGTCAGATGTGCCCGCATTA,0,4392993
yadL_yadM_yadC_yadK_predicted,0.3333333333333333,2,2,AGTATTACGGTCTGTGCTAT,0,4389822
yadL_yadM_yadC_yadK_predicted,0.3333333333333333,2,2,AGTAGTGATAGATAGTCAAA,0,4382285
yadL_yadM_yadC_yadK_predicted,0.3333333333333333,2,2,AGTAGGTTGCCTCAATTGGT,0,4394191
yadL_yadM_yadC_yadK_predicted,0.3333333333333333,2,2,AGTACTTCAGAGTTGGACAT,0,4384269
yadL_yadM_yadC_yadK_predicted,0.3333333333333333,2,2,AGTACCAGCCTCCAGTGGTT,0,4397519
yadL_yadM_yadC_yadK_predicted,0.3333333333333333,2,2,AGGTGCTCTGCGAGCTGATG,0,4394597
yadL_yadM_yadC_yadK_predicted,0.3333333333333333,2,2,AGGGTCCACTTAGTGGGACC,0,4376151
yadL_yadM_yadC_yadK_predicted,0.3333333333333333,2,2,AGGGCCGGTTCTCAAGTCCT,0,4381048
yadL_yadM_yadC_yadK_predicted,0.3333333333333333,2,2,AGGGATCCGTAAATACTGAG,0,4381572
yadL_yadM_yadC_yadK_predicted,0.3333333333333333,2,2,AGGCTCGCCGGACCAGAATC,0,4402230
yadL_yadM_yadC_yadK_predicted,0.3333333333333333,2,2,AGGCAGAGGTCCGGCGGTAA,0,4377829
yadL_yadM_yadC_yadK_predicted,0.3333333333333333,2,2,AGGATGGGTCCTGTGCCTTT,0,4372589
yadL_yadM_yadC_yadK_predicted,0.3333333333333333,2,2,AGGATAAGTTAGACGTGGCT,0,4392301
yadL_yadM_yadC_yadK_predicted,0.3333333333333333,2,2,AGGAGTGCAATGGCACCACC,0,4395590
yadL_yadM_yadC_yadK_predicted,0.3333333333333333,2,2,AGGACTTTATTTTTATCGAA,0,4396279
yadL_yadM_yadC_yadK_predicted,0.3333333333333333,2,2,AGGAATCGTCTACGAGTCAG,0,4394649
yadL_yadM_yadC_yadK_predicted,0.3333333333333333,2,2,AGGAACAGTTCGAGACTCCG,0,4379311
yadL_yadM_yadC_yadK_predicted,0.3333333333333333,2,2,AGCTCCTCTAGACGGCAATT,0,4371153
yadL_yadM_yadC_yadK_predicted,0.3333333333333333,2,2,AGCTACGGCCTTTTGTTGTT,0,4392861
yadL_yadM_yadC_yadK_predicted,0.3333333333333333,2,2,AGCGATGGTAGAGCAGGGTT,0,4378010
yadL_yadM_yadC_yadK_predicted,0.3333333333333333,2,2,AGCCAGGTGTATAAGTGGTG,0,4372570
yadL_yadM_yadC_yadK_predicted,0.3333333333333333,2,2,AGCATTAACATGATTATAAG,0,4384313
yadL_yadM_yadC_yadK_predicted,0.3333333333333333,2,2,AGCAACCCTCGCTCACCGCG,0,4374893
yadL_yadM_yadC_yadK_predicted,0.3333333333333333,2,2,AGATTTGGTCGGCTTCCTTA,0,4398894
yadL_yadM_yadC_yadK_predicted,0.3333333333333333,2,2,AGATCATCAGGACAGTTCCT,0,4389363
yadL_yadM_yadC_yadK_predicted,0.3333333333333333,2,2,AGATATTGGCCGGAGGTCGC,0,4397413
yadL_yadM_yadC_yadK_predicted,0.3333333333333333,2,2,AGAGGTGTGATCATGTAATG,0,4379849
yadL_yadM_yadC_yadK_predicted,0.3333333333333333,2,2,AGAGCCTTAGGTCGCAGTTT,0,4375075
yadL_yadM_yadC_yadK_predicted,0.3333333333333333,2,2,AGAGAGCATGTAAGTGGCAG,0,4381170
yadL_yadM_yadC_yadK_predicted,0.3333333333333333,2,2,AGACTCACTGGACTGAGACG,0,4381231
yadL_yadM_yadC_yadK_predicted,0.3333333333333333,2,2,AGACGCGCTTGGAAGAAGTG,0,4376361
yadL_yadM_yadC_yadK_predicted,0.3333333333333333,2,2,AGACCGGTTAGGCGGTCGAT,0,4392485
yadL_yadM_yadC_yadK_predicted,0.3333333333333333,2,2,AGACCACATTTCGGAAGATC,0,4371241
yadL_yadM_yadC_yadK_predicted,0.3333333333333333,2,2,AGACACCCCATGCAGTGACG,0,4395549
yadL_yadM_yadC_yadK_predicted,0.3333333333333333,2,2,AGAATTTGCAACTATAAAGA,0,4376857
yadL_yadM_yadC_yadK_predicted,0.3333333333333333,2,2,AGAATGAAAATGGTCGTGGT,0,4374779
yadL_yadM_yadC_yadK_predicted,0.3333333333333333,2,2,AGAAGAGTAGACAAGGTTTG,0,4381647
yadL_yadM_yadC_yadK_predicted,0.3333333333333333,2,2,AGAACGGCTCCGCAATCAGT,0,4392119
yadL_yadM_yadC_yadK_predicted,0.3333333333333333,2,2,AGAAACATATTACTCACCGA,0,4384365
yadL_yadM_yadC_yadK_predicted,0.3333333333333333,2,2,ACTTTTTACGTAAAGGAATC,0,4397403
yadL_yadM_yadC_yadK_predicted,0.3333333333333333,2,2,ACTTTCAGGGGGTCCGAATA,0,4397846
yadL_yadM_yadC_yadK_predicted,0.3333333333333333,2,2,ACTTTAACGGCGGCAGCCTG,0,4394739
yadL_yadM_yadC_yadK_predicted,0.3333333333333333,2,2,ACTTGTTCGTCCTACCAGCC,0,4402057
yadL_yadM_yadC_yadK_predicted,0.3333333333333333,2,2,ACTTCCTGTGGTTTCGAGAT,0,4376424
yadL_yadM_yadC_yadK_predicted,0.3333333333333333,2,2,ACTTATACGCAGGCTAGGGT,0,4398708
yadL_yadM_yadC_yadK_predicted,0.3333333333333333,2,2,ACTTAGAGCTAATCCCTTAG,0,4390078
yadL_yadM_yadC_yadK_predicted,0.3333333333333333,2,2,ACTTACTGGGTAATAGAAGG,0,4385906
yadL_yadM_yadC_yadK_predicted,0.3333333333333333,2,2,ACTTACATTACCTGTTCTGG,0,4373122
yadL_yadM_yadC_yadK_predicted,0.3333333333333333,2,2,ACTGGACGGGGATCGAGGCA,0,4386214
yadL_yadM_yadC_yadK_predicted,0.3333333333333333,2,2,ACTGCGCGGCTTTCCTGTCA,0,4381949
yadL_yadM_yadC_yadK_predicted,0.3333333333333333,2,2,ACTGCCCATATGGGATATTA,0,4381484
yadL_yadM_yadC_yadK_predicted,0.3333333333333333,2,2,ACTGCACGATGAGCCTATCC,0,4381740
yadL_yadM_yadC_yadK_predicted,0.3333333333333333,2,2,ACTCTCACAGCCGGCGGCAT,0,4393577
yadL_yadM_yadC_yadK_predicted,0.3333333333333333,2,2,ACTATGCCGCGGATGTAATT,0,4384115
yadL_yadM_yadC_yadK_predicted,0.3333333333333333,2,2,ACTAGGAGGGTCTCTGAAGA,0,4375550
yadL_yadM_yadC_yadK_predicted,0.3333333333333333,2,2,ACGTGGACTTTTTGTTTTGT,0,4391229
yadL_yadM_yadC_yadK_predicted,0.3333333333333333,2,2,ACGTCCGGTGCAGATACATT,0,4375310
yadL_yadM_yadC_yadK_predicted,0.3333333333333333,2,2,ACGGTTCTGGGTTGCAAGAA,0,4385940
yadL_yadM_yadC_yadK_predicted,0.3333333333333333,2,2,ACGGTTAGTCATAGTACCAC,0,4382985
yadL_yadM_yadC_yadK_predicted,0.3333333333333333,2,2,ACGCGGCTCTGGGGACACGA,0,4378227
yadL_yadM_yadC_yadK_predicted,0.3333333333333333,2,2,ACGAGGAAAGGGAAACACGT,0,4380391
yadL_yadM_yadC_yadK_predicted,0.3333333333333333,2,2,ACCGTCTAATTAACGAAAAA,0,4374409
yadL_yadM_yadC_yadK_predicted,0.3333333333333333,2,2,ACCGCAGTTTTGGACATCGC,0,4393906
yadL_yadM_yadC_yadK_predicted,0.3333333333333333,2,2,ACCGCAGCTCATTCTCCGTA,0,4383934
yadL_yadM_yadC_yadK_predicted,0.3333333333333333,2,2,ACCGACGTGGGGTCCTCATG,0,4382414
yadL_yadM_yadC_yadK_predicted,0.3333333333333333,2,2,ACCCTCTGAGGTGATCGGTA,0,4387811
yadL_yadM_yadC_yadK_predicted,0.3333333333333333,2,2,ACCCGTTAACAATTGTGGGA,0,4370745
yadL_yadM_yadC_yadK_predicted,0.3333333333333333,2,2,ACCCATCCTCGGTCACCTTG,0,4396124
yadL_yadM_yadC_yadK_predicted,0.3333333333333333,2,2,ACATTCAACAACATGGTCAA,0,4385517
yadL_yadM_yadC_yadK_predicted,0.3333333333333333,2,2,ACATGTAAAGGAGGTATACT,0,4396866
yadL_yadM_yadC_yadK_predicted,0.3333333333333333,2,2,ACATGAAGAGGTCAATCCCG,0,4371553
yadL_yadM_yadC_yadK_predicted,0.3333333333333333,2,2,ACATCGGTCGATCGGCGTTT,0,4373796
yadL_yadM_yadC_yadK_predicted,0.3333333333333333,2,2,ACATCGGTCCTTTTTGTCTG,0,4394765
yadL_yadM_yadC_yadK_predicted,0.3333333333333333,2,2,ACATCGAGACGGTATCTAGC,0,4389460
yadL_yadM_yadC_yadK_predicted,0.3333333333333333,2,2,ACATAGGTACACTCGACATC,0,4377736
yadL_yadM_yadC_yadK_predicted,0.3333333333333333,2,2,ACACTATGGACTTGGTAGTA,0,4380864
yadL_yadM_yadC_yadK_predicted,0.3333333333333333,2,2,ACACGACAATAGTAACGGGT,0,4395011
yadL_yadM_yadC_yadK_predicted,0.3333333333333333,2,2,ACACCGCGCAAAAGCTTGCT,0,4383344
yadL_yadM_yadC_yadK_predicted,0.3333333333333333,2,2,ACAAGATTCGTTGTCTATTA,0,4386565
yadL_yadM_yadC_yadK_predicted,0.3333333333333333,2,2,ACAACGTGGATTGACTGTCT,0,4384542
yadL_yadM_yadC_yadK_predicted,0.3333333333333333,2,2,ACAAAGCAGATAGCCATCAA,0,4373826
yadL_yadM_yadC_yadK_predicted,0.3333333333333333,2,2,AATTTTCGTCAGGCTCCTTG,0,4385918
yadL_yadM_yadC_yadK_predicted,0.3333333333333333,2,2,AATGCTTCTGACCCGTATGG,0,4382748
yadL_yadM_yadC_yadK_predicted,0.3333333333333333,2,2,AATGATAGTTCGTTCTTCTT,0,4371546
yadL_yadM_yadC_yadK_predicted,0.3333333333333333,2,2,AATCTTTGTTCTAGGGTGTG,0,4389787
yadL_yadM_yadC_yadK_predicted,0.3333333333333333,2,2,AATCTTGGCACTTGCACTGG,0,4387478
yadL_yadM_yadC_yadK_predicted,0.3333333333333333,2,2,AATCGAAGTTGACTGCGCAT,0,4383082
yadL_yadM_yadC_yadK_predicted,0.3333333333333333,2,2,AATATGCATCCGGTGCACAA,0,4394271
yadL_yadM_yadC_yadK_predicted,0.3333333333333333,2,2,AATATATAGCTTCCTCATAA,0,4380963
yadL_yadM_yadC_yadK_predicted,0.3333333333333333,2,2,AAGTTCAGCTCTCGCGTGGG,0,4373303
yadL_yadM_yadC_yadK_predicted,0.3333333333333333,2,2,AAGTGGGCGGTGGCTACCAC,0,4393325
yadL_yadM_yadC_yadK_predicted,0.3333333333333333,2,2,AAGTGAACTTATACGAAAGG,0,4390570
yadL_yadM_yadC_yadK_predicted,0.3333333333333333,2,2,AAGTACGGACGTCCTAAGAC,0,4373383
yadL_yadM_yadC_yadK_predicted,0.3333333333333333,2,2,AAGGCGGGGAGATTTTGACC,0,4392582
yadL_yadM_yadC_yadK_predicted,0.3333333333333333,2,2,AAGGATAGTATTTTTAGCAT,0,4399967
yadL_yadM_yadC_yadK_predicted,0.3333333333333333,2,2,AAGGAATTTTGGTCTGTTGC,0,4378103
yadL_yadM_yadC_yadK_predicted,0.3333333333333333,2,2,AAGCTGAGGGTTCTCAGACC,0,4393203
yadL_yadM_yadC_yadK_predicted,0.3333333333333333,2,2,AAGCCACATGGGAATTGCCC,0,4383996
yadL_yadM_yadC_yadK_predicted,0.3333333333333333,2,2,AAGCAAGTCCGACGGGTACG,0,4398788
yadL_yadM_yadC_yadK_predicted,0.3333333333333333,2,2,AAGAGGGAACCCGTGATGGT,0,4382460
yadL_yadM_yadC_yadK_predicted,0.3333333333333333,2,2,AAGACTGATACCTTGTAAGT,0,4398191
yadL_yadM_yadC_yadK_predicted,0.3333333333333333,2,2,AAGAAGTGCCTATACACTTG,0,4376969
yadL_yadM_yadC_yadK_predicted,0.3333333333333333,2,2,AACTTTACCGGCCAGAAACT,0,4389869
yadL_yadM_yadC_yadK_predicted,0.3333333333333333,2,2,AACTTGTATGTCTTTTGATT,0,4380892
yadL_yadM_yadC_yadK_predicted,0.3333333333333333,2,2,AACTACCGGCTTGTTCCCCC,0,4393986
yadL_yadM_yadC_yadK_predicted,0.3333333333333333,2,2,AACGTAACAGTTGCCTCCTC,0,4370239
yadL_yadM_yadC_yadK_predicted,0.3333333333333333,2,2,AACGGCCTCACGCCACTCCA,0,4386546
yadL_yadM_yadC_yadK_predicted,0.3333333333333333,2,2,AACGAGACCAAACAAGCAGT,0,4374745
yadL_yadM_yadC_yadK_predicted,0.3333333333333333,2,2,AACCTCGCCCTCCGCTAAAT,0,4401604
yadL_yadM_yadC_yadK_predicted,0.3333333333333333,2,2,AACCTCCGTGCAATGCAGAA,0,4402492
yadL_yadM_yadC_yadK_predicted,0.3333333333333333,2,2,AACCTAATCAGCGACATCCA,0,4391072
yadL_yadM_yadC_yadK_predicted,0.3333333333333333,2,2,AACCAAGTTCGAAGCCATCT,0,4386950
yadL_yadM_yadC_yadK_predicted,0.3333333333333333,2,2,AACACGATGGGGCCTATGCG,0,4394684
yadL_yadM_yadC_yadK_predicted,0.3333333333333333,2,2,AACACGATAACCGGCAAATG,0,4389242
yadL_yadM_yadC_yadK_predicted,0.3333333333333333,2,2,AAATTAGCGGCATAAAGACC,0,4371313
yadL_yadM_yadC_yadK_predicted,0.3333333333333333,2,2,AAATCGAACGAGCGTCAGCA,0,4397246
yadL_yadM_yadC_yadK_predicted,0.3333333333333333,2,2,AAAGGTACAGGTGCGAGAGT,0,4371740
yadL_yadM_yadC_yadK_predicted,0.3333333333333333,2,2,AAAGGGTGGGTCTGGATACT,0,4379993
yadL_yadM_yadC_yadK_predicted,0.3333333333333333,2,2,AAACTCCTCTAATTTCGGCA,0,4385415
yadL_yadM_yadC_yadK_predicted,0.3333333333333333,2,2,AAACTATTACCTGTTTGTTT,0,4374622
yadL_yadM_yadC_yadK_predicted,0.3333333333333333,2,2,AAACGTGCGCACCCTAAAAT,0,4392456
yadL_yadM_yadC_yadK_predicted,0.3333333333333333,2,2,AAACGTAACAGGTCGCGTGG,0,4387129
yadL_yadM_yadC_yadK_predicted,0.3333333333333333,2,2,AAACCCCAAAGTCGTAAGGA,0,4384281
yadL_yadM_yadC_yadK_predicted,0.3333333333333333,2,2,AAAATCGTCCGCAGACAATA,0,4389697
yadL_yadM_yadC_yadK_predicted,0.3333333333333333,2,2,AAAATAACGATTAAACGTTT,0,4378505
yadL_yadM_yadC_yadK_predicted,0.3333333333333333,2,2,AAAAGGGGGTAAACTGTAGT,0,4394273
yadL_yadM_yadC_yadK_predicted,0.5,1,1,TTTTTGTTTAGGCCAACTCA,0,4387573
yadL_yadM_yadC_yadK_predicted,0.5,1,1,TTTTGTCGTGAGCTCGACTT,0,4375002
yadL_yadM_yadC_yadK_predicted,0.5,1,1,TTTTGGAGTGTACCTGTTCT,0,4398517
yadL_yadM_yadC_yadK_predicted,0.5,1,1,TTTTCCCGCGGAACTACACG,0,4371500
yadL_yadM_yadC_yadK_predicted,0.5,1,1,TTTTCATCGCTCGGGGCGAA,0,4373455
yadL_yadM_yadC_yadK_predicted,0.5,1,1,TTTTCAGACCACCCTAGTGC,0,4388280
yadL_yadM_yadC_yadK_predicted,0.5,1,1,TTTTATACGTGATTCTGGGT,0,4394042
yadL_yadM_yadC_yadK_predicted,0.5,1,1,TTTTAGTAGAGAAGCCTACT,0,4378541
yadL_yadM_yadC_yadK_predicted,0.5,1,1,TTTGTGTGTTGCACCCCAGG,0,4372491
yadL_yadM_yadC_yadK_predicted,0.5,1,1,TTTGTGCAGACATCCGCTCA,0,4377478
yadL_yadM_yadC_yadK_predicted,0.5,1,1,TTTGGTGTGTTACTTACGTT,0,4372727
yadL_yadM_yadC_yadK_predicted,0.5,1,1,TTTGGTCGGAGCTTCAGAGA,0,4387825
yadL_yadM_yadC_yadK_predicted,0.5,1,1,TTTGGGGGTGCAAGCTGCCC,0,4376616
yadL_yadM_yadC_yadK_predicted,0.5,1,1,TTTGGCAATGTGTTCAGATG,0,4377183
yadL_yadM_yadC_yadK_predicted,0.5,1,1,TTTGCTCACCGCCAACCCAA,0,4390936
yadL_yadM_yadC_yadK_predicted,0.5,1,1,TTTGCGGTTCTTGCTCAAGA,0,4394459
yadL_yadM_yadC_yadK_predicted,0.5,1,1,TTTGCACATCGGCAGGTGGT,0,4381659
yadL_yadM_yadC_yadK_predicted,0.5,1,1,TTTGAGGGCGCTTCGGTGAA,0,4375999
yadL_yadM_yadC_yadK_predicted,0.5,1,1,TTTGAGGCATTACGTCGAAC,0,4389559
yadL_yadM_yadC_yadK_predicted,0.5,1,1,TTTGACCAGCAACCGGCTCC,0,4391782
yadL_yadM_yadC_yadK_predicted,0.5,1,1,TTTGAATATATATTCGATAG,0,4386827
yadL_yadM_yadC_yadK_predicted,0.5,1,1,TTTCTTTATGCTCCACGTCA,0,4376738
yadL_yadM_yadC_yadK_predicted,0.5,1,1,TTTCTGGTGTAGGCTCGACG,0,4401159
yadL_yadM_yadC_yadK_predicted,0.5,1,1,TTTCTCGCGAACTTGTTGAT,0,4373740
yadL_yadM_yadC_yadK_predicted,0.5,1,1,TTTCGTTCTAACTGAAAGAG,0,4370599
yadL_yadM_yadC_yadK_predicted,0.5,1,1,TTTCGTCAGTACTCTGAGAC,0,4380381
yadL_yadM_yadC_yadK_predicted,0.5,1,1,TTTCGGTGCACTCGTGGGTT,0,4370204
yadL_yadM_yadC_yadK_predicted,0.5,1,1,TTTCGGCGTGGCCCAGTCTA,0,4394301
yadL_yadM_yadC_yadK_predicted,0.5,1,1,TTTCGCTTTACCCCAAGGAT,0,4394908
yadL_yadM_yadC_yadK_predicted,0.5,1,1,TTTCCGCTCGACCGAATAGA,0,4402497
yadL_yadM_yadC_yadK_predicted,0.5,1,1,TTTCCATTCCCCGGCCTGGG,0,4385715
yadL_yadM_yadC_yadK_predicted,0.5,1,1,TTTCCAAAGCATGCTGATTA,0,4372855
yadL_yadM_yadC_yadK_predicted,0.5,1,1,TTTATTGAGAGGAACCACAG,0,4391807
yadL_yadM_yadC_yadK_predicted,0.5,1,1,TTTATTCACACGGTTTTACA,0,4387520
yadL_yadM_yadC_yadK_predicted,0.5,1,1,TTTATCTTACACAACGACAG,0,4397159
yadL_yadM_yadC_yadK_predicted,0.5,1,1,TTTATATTTTTAGCTCTCGG,0,4398864
yadL_yadM_yadC_yadK_predicted,0.5,1,1,TTTATATCGTTGGCATTAAA,0,4371819
yadL_yadM_yadC_yadK_predicted,0.5,1,1,TTTATAAAGCGAGGCATTTA,0,4385926
yadL_yadM_yadC_yadK_predicted,0.5,1,1,TTTAGCAGGAAGCGATCGTG,0,4378801
yadL_yadM_yadC_yadK_predicted,0.5,1,1,TTTACTGGAAGGTCCACGGT,0,4370595
yadL_yadM_yadC_yadK_predicted,0.5,1,1,TTTACCACAGCATGGCGGTA,0,4384497
yadL_yadM_yadC_yadK_predicted,0.5,1,1,TTTACACTGAAGGGGGGGAC,0,4380196
yadL_yadM_yadC_yadK_predicted,0.5,1,1,TTTAATTAGGAACATCTAAT,0,4380440
yadL_yadM_yadC_yadK_predicted,0.5,1,1,TTTAATAGGCCCGGAACTGT,0,4383173
yadL_yadM_yadC_yadK_predicted,0.5,1,1,TTTAAGTCCGGCAAAGGCCT,0,4381310
yadL_yadM_yadC_yadK_predicted,0.5,1,1,TTTAAGCTGCGAAGTAAACG,0,4380080
yadL_yadM_yadC_yadK_predicted,0.5,1,1,TTTAACCCGTCCTACGCTCC,0,4380794
yadL_yadM_yadC_yadK_predicted,0.5,1,1,TTGTTTGCTTAAACGATGAC,0,4401266
yadL_yadM_yadC_yadK_predicted,0.5,1,1,TTGTTGCTAAGACTCCTTTC,0,4370268
yadL_yadM_yadC_yadK_predicted,0.5,1,1,TTGTTCTTTTTGGAGGTTAT,0,4397719
yadL_yadM_yadC_yadK_predicted,0.5,1,1,TTGTGCCGATGTCGTCTCCC,0,4381162
yadL_yadM_yadC_yadK_predicted,0.5,1,1,TTGTGACCAACATGTTGGGG,0,4401424
yadL_yadM_yadC_yadK_predicted,0.5,1,1,TTGTATACGGCCTGGGAAAA,0,4383352
yadL_yadM_yadC_yadK_predicted,0.5,1,1,TTGTAGTGCTAGCCGACGAC,0,4376488
yadL_yadM_yadC_yadK_predicted,0.5,1,1,TTGTAGCGTGTCAAGTGCCT,0,4402300
yadL_yadM_yadC_yadK_predicted,0.5,1,1,TTGGTTATCCAGCTCTGTAT,0,4383301
yadL_yadM_yadC_yadK_predicted,0.5,1,1,TTGGTGTGTACATAGCACTG,0,4395763
yadL_yadM_yadC_yadK_predicted,0.5,1,1,TTGGTGCGGAAGTCCTACGT,0,4388730
yadL_yadM_yadC_yadK_predicted,0.5,1,1,TTGGTCAGCGTACTCACATC,0,4399534
yadL_yadM_yadC_yadK_predicted,0.5,1,1,TTGGGTCCAACCTCCCCGCA,0,4374266
yadL_yadM_yadC_yadK_predicted,0.5,1,1,TTGGGGGCATAGTTCTGACC,0,4398727
yadL_yadM_yadC_yadK_predicted,0.5,1,1,TTGGGCAAAATTCTGCAGTT,0,4378325
yadL_yadM_yadC_yadK_predicted,0.5,1,1,TTGGCGCTAAAATATCAAAC,0,4384013
yadL_yadM_yadC_yadK_predicted,0.5,1,1,TTGGCCTCGGTGCGCGTAGT,0,4374972
yadL_yadM_yadC_yadK_predicted,0.5,1,1,TTGGCCGGGTGAGAGTGATT,0,4390028
yadL_yadM_yadC_yadK_predicted,0.5,1,1,TTGGCCCTAATTCGGATCCA,0,4398496
yadL_yadM_yadC_yadK_predicted,0.5,1,1,TTGGCCCGGCCGCTTGCATC,0,4395843
yadL_yadM_yadC_yadK_predicted,0.5,1,1,TTGGCCAGTGTACAGTATGG,0,4398126
yadL_yadM_yadC_yadK_predicted,0.5,1,1,TTGGATCAACAAAGAGCACG,0,4373306
yadL_yadM_yadC_yadK_predicted,0.5,1,1,TTGGAAGTATCATTCGGCCC,0,4373210
yadL_yadM_yadC_yadK_predicted,0.5,1,1,TTGCTCGGGTGGCATAGGGA,0,4393910
yadL_yadM_yadC_yadK_predicted,0.5,1,1,TTGCGTTATGCGGGGCACGC,0,4373317
yadL_yadM_yadC_yadK_predicted,0.5,1,1,TTGCGTCAACCAAGTTTTGT,0,4380400
yadL_yadM_yadC_yadK_predicted,0.5,1,1,TTGCGGTAGCTGACAGTCTC,0,4393268
yadL_yadM_yadC_yadK_predicted,0.5,1,1,TTGCGGACTCCGAAACACAG,0,4394903
yadL_yadM_yadC_yadK_predicted,0.5,1,1,TTGCGCGTATGGACTACAAG,0,4398973
yadL_yadM_yadC_yadK_predicted,0.5,1,1,TTGCCTCATCGGAAGGTATC,0,4385463
yadL_yadM_yadC_yadK_predicted,0.5,1,1,TTGCCGACACGTCGCTGGGA,0,4382723
yadL_yadM_yadC_yadK_predicted,0.5,1,1,TTGCCCCGCCACTTTCCACT,0,4381664
yadL_yadM_yadC_yadK_predicted,0.5,1,1,TTGCAGCTCTATTATGCGCA,0,4383596
yadL_yadM_yadC_yadK_predicted,0.5,1,1,TTGATTGTGACTGTCCCGTA,0,4400400
yadL_yadM_yadC_yadK_predicted,0.5,1,1,TTGATTATCGGGGCGCATGT,0,4377207
yadL_yadM_yadC_yadK_predicted,0.5,1,1,TTGATGGTACAGTCTAAGCT,0,4384811
yadL_yadM_yadC_yadK_predicted,0.5,1,1,TTGATGAAATTGGCACAAGA,0,4386846
yadL_yadM_yadC_yadK_predicted,0.5,1,1,TTGATCAGTCAATCACGGAC,0,4392039
yadL_yadM_yadC_yadK_predicted,0.5,1,1,TTGATATCTTGTCGTGCCGT,0,4388775
yadL_yadM_yadC_yadK_predicted,0.5,1,1,TTGAGTTTTATGAGGCACGA,0,4401711
yadL_yadM_yadC_yadK_predicted,0.5,1,1,TTGAGTTTGTACTATATAGG,0,4380090
yadL_yadM_yadC_yadK_predicted,0.5,1,1,TTGAGTCGTAATGCAACACT,0,4384997
yadL_yadM_yadC_yadK_predicted,0.5,1,1,TTGAGGTTGCTTCTTGTTCT,0,4373788
yadL_yadM_yadC_yadK_predicted,0.5,1,1,TTGACTGCCAATGGTCGATC,0,4379995
yadL_yadM_yadC_yadK_predicted,0.5,1,1,TTGACAGGCTCCATGGCGTA,0,4371813
yadL_yadM_yadC_yadK_predicted,0.5,1,1,TTGACAACATGGTATAGTCC,0,4381782
yadL_yadM_yadC_yadK_predicted,0.5,1,1,TTGAAGCATTCCGGGAGGAC,0,4370229
yadL_yadM_yadC_yadK_predicted,0.5,1,1,TTCTTGCCCGTTAGGGCATA,0,4392764
yadL_yadM_yadC_yadK_predicted,0.5,1,1,TTCTGTTACTCCCCCATATT,0,4375237
yadL_yadM_yadC_yadK_predicted,0.5,1,1,TTCTGTTAACTGGAATAGTT,0,4399949
yadL_yadM_yadC_yadK_predicted,0.5,1,1,TTCTGTATACAGTTTACAAA,0,4393519
yadL_yadM_yadC_yadK_predicted,0.5,1,1,TTCTGGCCGAACGTGCAAGA,0,4377270
yadL_yadM_yadC_yadK_predicted,0.5,1,1,TTCTCTCGAACATCACTCCA,0,4383085
yadL_yadM_yadC_yadK_predicted,0.5,1,1,TTCTCCTAATGCTGTCAATT,0,4396466
yadL_yadM_yadC_yadK_predicted,0.5,1,1,TTCTCATGGAGCTACAGTAC,0,4399118
yadL_yadM_yadC_yadK_predicted,0.5,1,1,TTCTCACATGCACAGGGTGT,0,4375329
yadL_yadM_yadC_yadK_predicted,0.5,1,1,TTCTAGTAAGATTACAGTCC,0,4390935
yadL_yadM_yadC_yadK_predicted,0.5,1,1,TTCTAGCACCGGATCTCCTG,0,4391988
yadL_yadM_yadC_yadK_predicted,0.5,1,1,TTCTAGATATTGCGTCAGGT,0,4387863
yadL_yadM_yadC_yadK_predicted,0.5,1,1,TTCTACTGAAGGCAGTGCAT,0,4386035
yadL_yadM_yadC_yadK_predicted,0.5,1,1,TTCTAAGCCCTCCTGAATTC,0,4390059
yadL_yadM_yadC_yadK_predicted,0.5,1,1,TTCGTGGATGGAAGCTGTAG,0,4392693
yadL_yadM_yadC_yadK_predicted,0.5,1,1,TTCGTACCCCTATGTGTAAC,0,4384110
yadL_yadM_yadC_yadK_predicted,0.5,1,1,TTCGGACTACGGCTCTCAGT,0,4392131
yadL_yadM_yadC_yadK_predicted,0.5,1,1,TTCGATGACCGACTAGAGCT,0,4371154
yadL_yadM_yadC_yadK_predicted,0.5,1,1,TTCGAAATTAGTTCATGGGC,0,4397391
yadL_yadM_yadC_yadK_predicted,0.5,1,1,TTCCTCGGGAAACCAGATAT,0,4370896
yadL_yadM_yadC_yadK_predicted,0.5,1,1,TTCCGCTTATAAATCCGAGA,0,4383811
yadL_yadM_yadC_yadK_predicted,0.5,1,1,TTCCCGTCTTCATCACACAC,0,4372896
yadL_yadM_yadC_yadK_predicted,0.5,1,1,TTCCCGTACGAGTTAGGTCG,0,4370367
yadL_yadM_yadC_yadK_predicted,0.5,1,1,TTCCATATAGCGCCCCCTTG,0,4390466
yadL_yadM_yadC_yadK_predicted,0.5,1,1,TTCCACGCCCGACTATAGCT,0,4386820
yadL_yadM_yadC_yadK_predicted,0.5,1,1,TTCCACAACCGAACCGACAT,0,4379358
yadL_yadM_yadC_yadK_predicted,0.5,1,1,TTCATTCTAGGATGCGGTTA,0,4377677
yadL_yadM_yadC_yadK_predicted,0.5,1,1,TTCATTAAGGGCTTGGGGAT,0,4397414
yadL_yadM_yadC_yadK_predicted,0.5,1,1,TTCATGTAGGCACTAGACTA,0,4372158
yadL_yadM_yadC_yadK_predicted,0.5,1,1,TTCAGTGACGGCGAGTAAGC,0,4377917
yadL_yadM_yadC_yadK_predicted,0.5,1,1,TTCAGGTCTTACATCCAGAA,0,4378802
yadL_yadM_yadC_yadK_predicted,0.5,1,1,TTCAGGCCTCTGGATGTATA,0,4395445
yadL_yadM_yadC_yadK_predicted,0.5,1,1,TTCAGGCCGAGCTCGGGTAG,0,4376039
yadL_yadM_yadC_yadK_predicted,0.5,1,1,TTCAGCAGTTATTAGAAGAT,0,4384569
yadL_yadM_yadC_yadK_predicted,0.5,1,1,TTCAGAGAAGTCCGCCGAAT,0,4378328
yadL_yadM_yadC_yadK_predicted,0.5,1,1,TTCACGAGATGTCTGTTGAT,0,4398276
yadL_yadM_yadC_yadK_predicted,0.5,1,1,TTCAATCATTAGGCGTTCGA,0,4387717
yadL_yadM_yadC_yadK_predicted,0.5,1,1,TTCAAGCTTAGGATAGAGAG,0,4382472
yadL_yadM_yadC_yadK_predicted,0.5,1,1,TTCAAGCGCACGCCACTAAA,0,4393331
yadL_yadM_yadC_yadK_predicted,0.5,1,1,TTCAAACGGTGTGAGGCATA,0,4380935
yadL_yadM_yadC_yadK_predicted,0.5,1,1,TTATTGCTGGCGCACGGAAG,0,4381361
yadL_yadM_yadC_yadK_predicted,0.5,1,1,TTATGGCCCTGTGCGTAGAC,0,4383421
yadL_yadM_yadC_yadK_predicted,0.5,1,1,TTATCGAAGATCGATGTGGT,0,4372472
yadL_yadM_yadC_yadK_predicted,0.5,1,1,TTATAGCATGCGTGGAAAAC,0,4397289
yadL_yadM_yadC_yadK_predicted,0.5,1,1,TTATAATGCGACGGACCGTA,0,4391177
yadL_yadM_yadC_yadK_predicted,0.5,1,1,TTAGTTACTCACTTTAAAGT,0,4399764
yadL_yadM_yadC_yadK_predicted,0.5,1,1,TTAGTCGTCCGTTGTCCCTG,0,4397380
yadL_yadM_yadC_yadK_predicted,0.5,1,1,TTAGGCGTTGAGTTATACGG,0,4374182
yadL_yadM_yadC_yadK_predicted,0.5,1,1,TTAGCTAACCGCTCTACATG,0,4384095
yadL_yadM_yadC_yadK_predicted,0.5,1,1,TTAGCAGTAGCACGTACGGT,0,4370411
yadL_yadM_yadC_yadK_predicted,0.5,1,1,TTACTTTGGTGCGTACCTCA,0,4370377
yadL_yadM_yadC_yadK_predicted,0.5,1,1,TTACTCTCCGGTGTGCTGCC,0,4380384
yadL_yadM_yadC_yadK_predicted,0.5,1,1,TTACTCTACCAATCTCCGTG,0,4387823
yadL_yadM_yadC_yadK_predicted,0.5,1,1,TTACGTCCACTTGAACCCAG,0,4378048
yadL_yadM_yadC_yadK_predicted,0.5,1,1,TTACGGCAGCGAGGATCGCA,0,4378521
yadL_yadM_yadC_yadK_predicted,0.5,1,1,TTACGCTTAGGCACAGATCG,0,4389867
yadL_yadM_yadC_yadK_predicted,0.5,1,1,TTACCTCCAGTGAGCGACTG,0,4382854
yadL_yadM_yadC_yadK_predicted,0.5,1,1,TTACAGAACAATGCAAAGTG,0,4373849
yadL_yadM_yadC_yadK_predicted,0.5,1,1,TTAATTCTCAGCATCGGAGC,0,4373008
yadL_yadM_yadC_yadK_predicted,0.5,1,1,TTAATACAATTAATTGTAAG,0,4400043
yadL_yadM_yadC_yadK_predicted,0.5,1,1,TTAAGGTTGGTGTAGAGTGT,0,4391547
yadL_yadM_yadC_yadK_predicted,0.5,1,1,TTAAGACTGTCAGTCAATTT,0,4395728
yadL_yadM_yadC_yadK_predicted,0.5,1,1,TTAAGACATTACACAATGGA,0,4384388
yadL_yadM_yadC_yadK_predicted,0.5,1,1,TTAAGAAACAAACAGAGCTA,0,4377434
yadL_yadM_yadC_yadK_predicted,0.5,1,1,TTAAATAGTTTCGGGTTTTT,0,4383188
yadL_yadM_yadC_yadK_predicted,0.5,1,1,TTAAAGAGAACATTATGATG,0,4383819
yadL_yadM_yadC_yadK_predicted,0.5,1,1,TTAAACGCCACATGAACGAA,0,4402025
yadL_yadM_yadC_yadK_predicted,0.5,1,1,TTAAACGAAAGGATCCCACC,0,4388866
yadL_yadM_yadC_yadK_predicted,0.5,1,1,TGTTGTTTGACTTTCAGGAG,0,4378171
yadL_yadM_yadC_yadK_predicted,0.5,1,1,TGTTGACGTTTAGTTGGATA,0,4379525
yadL_yadM_yadC_yadK_predicted,0.5,1,1,TGTTCCTCCGAAGCTTTGAT,0,4395774
yadL_yadM_yadC_yadK_predicted,0.5,1,1,TGTTCATACGCTTCTTCAAG,0,4375044
yadL_yadM_yadC_yadK_predicted,0.5,1,1,TGTTCAGCACGGGATGTCAA,0,4393266
yadL_yadM_yadC_yadK_predicted,0.5,1,1,TGTTCACCACCAGATCCCAT,0,4386457
yadL_yadM_yadC_yadK_predicted,0.5,1,1,TGTTATTATTTAATGTGCAA,0,4387937
yadL_yadM_yadC_yadK_predicted,0.5,1,1,TGTTACTAGGTCTATTCATG,0,4372121
yadL_yadM_yadC_yadK_predicted,0.5,1,1,TGTTACTAGCCGCCACGCTC,0,4380912
yadL_yadM_yadC_yadK_predicted,0.5,1,1,TGTTAATCATTTACGTACAG,0,4395104
yadL_yadM_yadC_yadK_predicted,0.5,1,1,TGTTAAGCGGCCGGCACGAC,0,4374850
yadL_yadM_yadC_yadK_predicted,0.5,1,1,TGTGTAGGGGACGCTAAACG,0,4393746
yadL_yadM_yadC_yadK_predicted,0.5,1,1,TGTGCTTAAGGTTCAGCAGA,0,4371221
yadL_yadM_yadC_yadK_predicted,0.5,1,1,TGTGCTAACAAGAAGTCCGA,0,4384157
yadL_yadM_yadC_yadK_predicted,0.5,1,1,TGTGCGTTGGAGAGAAGATT,0,4391176
yadL_yadM_yadC_yadK_predicted,0.5,1,1,TGTGCCGTCTAATATACCCT,0,4391480
yadL_yadM_yadC_yadK_predicted,0.5,1,1,TGTCTTAGGTTATCAATAAC,0,4384033
yadL_yadM_yadC_yadK_predicted,0.5,1,1,TGTCTAGCGGCTGCATGCCG,0,4386022
yadL_yadM_yadC_yadK_predicted,0.5,1,1,TGTCGTTACAACAGAGGGCT,0,4380547
yadL_yadM_yadC_yadK_predicted,0.5,1,1,TGTCGTCGATGGCCCGACAG,0,4370361
yadL_yadM_yadC_yadK_predicted,0.5,1,1,TGTCGGACGGAGACGGCGTC,0,4377012
yadL_yadM_yadC_yadK_predicted,0.5,1,1,TGTCGGAAATTCTCTAGAAT,0,4374529
yadL_yadM_yadC_yadK_predicted,0.5,1,1,TGTCGAGGCCTCGGAACTCA,0,4391621
yadL_yadM_yadC_yadK_predicted,0.5,1,1,TGTCCTCTCTAGACGACAAG,0,4389677
yadL_yadM_yadC_yadK_predicted,0.5,1,1,TGTCCAGCTCGGGGTATAGG,0,4397654
yadL_yadM_yadC_yadK_predicted,0.5,1,1,TGTCATAATAGCTAGTTTCG,0,4394466
yadL_yadM_yadC_yadK_predicted,0.5,1,1,TGTATAGGGTGTCTCTAGCT,0,4400532
yadL_yadM_yadC_yadK_predicted,0.5,1,1,TGTAGTTTCGGCGTTGGGTT,0,4395643
yadL_yadM_yadC_yadK_predicted,0.5,1,1,TGTAGTCCGCGTCATCGCGA,0,4384665
yadL_yadM_yadC_yadK_predicted,0.5,1,1,TGTAGGGATCCAGACGAACA,0,4393196
yadL_yadM_yadC_yadK_predicted,0.5,1,1,TGTAGAGCTAAGGTGTGATC,0,4396500
yadL_yadM_yadC_yadK_predicted,0.5,1,1,TGTACTTAGCTGTATGTAAT,0,4374264
yadL_yadM_yadC_yadK_predicted,0.5,1,1,TGTACGAGAACGTAGTTTCC,0,4386168
yadL_yadM_yadC_yadK_predicted,0.5,1,1,TGTACCCTTCACGGCGCGAG,0,4391749
yadL_yadM_yadC_yadK_predicted,0.5,1,1,TGTACAGTAGCTACCTATGG,0,4375379
yadL_yadM_yadC_yadK_predicted,0.5,1,1,TGTACAAAATCATCTGCGTT,0,4379967
yadL_yadM_yadC_yadK_predicted,0.5,1,1,TGTAATGGAGTATCTGGCCC,0,4374822
yadL_yadM_yadC_yadK_predicted,0.5,1,1,TGGTTCATGGCCAGGGCCCC,0,4385807
yadL_yadM_yadC_yadK_predicted,0.5,1,1,TGGTTAATTTGCATCGGGTC,0,4385044
yadL_yadM_yadC_yadK_predicted,0.5,1,1,TGGTGTTACCTATATAACGT,0,4371384
yadL_yadM_yadC_yadK_predicted,0.5,1,1,TGGTGTAACCTAGATCAGCT,0,4395389
yadL_yadM_yadC_yadK_predicted,0.5,1,1,TGGTGACTTCCCTACCGGAC,0,4396404
yadL_yadM_yadC_yadK_predicted,0.5,1,1,TGGTCCCGCAGGGACGGGCA,0,4376759
yadL_yadM_yadC_yadK_predicted,0.5,1,1,TGGTCATTTAAGGAAAATAT,0,4376284
yadL_yadM_yadC_yadK_predicted,0.5,1,1,TGGTCAGACAGTCCTGAGGC,0,4386092
yadL_yadM_yadC_yadK_predicted,0.5,1,1,TGGTATCCTTGTGGGTAGCT,0,4379706
yadL_yadM_yadC_yadK_predicted,0.5,1,1,TGGTAGAAGGCGCACCCCCT,0,4385548
yadL_yadM_yadC_yadK_predicted,0.5,1,1,TGGTAACCTCGCGGAGCTTG,0,4393824
yadL_yadM_yadC_yadK_predicted,0.5,1,1,TGGTAAAGACTTCACTAGCA,0,4396535
yadL_yadM_yadC_yadK_predicted,0.5,1,1,TGGGTTCACTTCAAGTAGGT,0,4381604
yadL_yadM_yadC_yadK_predicted,0.5,1,1,TGGGGATGACCATATTGCCG,0,4398591
yadL_yadM_yadC_yadK_predicted,0.5,1,1,TGGGGATAAGACCCGTGGGT,0,4380198
yadL_yadM_yadC_yadK_predicted,0.5,1,1,TGGGGAGAGTCGGTTAACCT,0,4391698
yadL_yadM_yadC_yadK_predicted,0.5,1,1,TGGGGACTCCTATAGTAGAT,0,4398960
yadL_yadM_yadC_yadK_predicted,0.5,1,1,TGGGGAACATGTCTGCGTCT,0,4398136
yadL_yadM_yadC_yadK_predicted,0.5,1,1,TGGGCGGTAGCTGAATTAAT,0,4394894
yadL_yadM_yadC_yadK_predicted,0.5,1,1,TGGGCGCGCCTATACAAAAA,0,4386803
yadL_yadM_yadC_yadK_predicted,0.5,1,1,TGGGCCTTTGACCGTAAGAT,0,4392802
yadL_yadM_yadC_yadK_predicted,0.5,1,1,TGGGCCATTCCAGTTGTTTG,0,4400924
yadL_yadM_yadC_yadK_predicted,0.5,1,1,TGGGAGCAGTACATTTTGAA,0,4400272
yadL_yadM_yadC_yadK_predicted,0.5,1,1,TGGCTAGCCGTGCCAACTAA,0,4377901
yadL_yadM_yadC_yadK_predicted,0.5,1,1,TGGCTAAAAAGTGGATCGCT,0,4381587
yadL_yadM_yadC_yadK_predicted,0.5,1,1,TGGCGGTGTTTTGTGCTGCT,0,4378515
yadL_yadM_yadC_yadK_predicted,0.5,1,1,TGGCGCGTTTTCAGATTCAG,0,4379558
yadL_yadM_yadC_yadK_predicted,0.5,1,1,TGGCGCATGAGCTGAATCCT,0,4381723
yadL_yadM_yadC_yadK_predicted,0.5,1,1,TGGCGAATATAATGAAACAC,0,4402260
yadL_yadM_yadC_yadK_predicted,0.5,1,1,TGGCCGGGTCATAATTTCAA,0,4401495
yadL_yadM_yadC_yadK_predicted,0.5,1,1,TGGCCAGCTTGTGAGTACTT,0,4374066
yadL_yadM_yadC_yadK_predicted,0.5,1,1,TGGCCACGACTCGACGCGAA,0,4395395
yadL_yadM_yadC_yadK_predicted,0.5,1,1,TGGCCACAAACATAATACGC,0,4392376
yadL_yadM_yadC_yadK_predicted,0.5,1,1,TGGATTGATTCCCGGTGTAT,0,4398860
yadL_yadM_yadC_yadK_predicted,0.5,1,1,TGGATGAATTTATGGGTAAG,0,4372628
yadL_yadM_yadC_yadK_predicted,0.5,1,1,TGGATCGCGAAGTAACGTGT,0,4388308
yadL_yadM_yadC_yadK_predicted,0.5,1,1,TGGATCCGGTAAAAACCCGC,0,4402309
yadL_yadM_yadC_yadK_predicted,0.5,1,1,TGGAGTTGTCAATTCTCCGG,0,4380318
yadL_yadM_yadC_yadK_predicted,0.5,1,1,TGGAGCGGATAAATGAGCTC,0,4372392
yadL_yadM_yadC_yadK_predicted,0.5,1,1,TGGAGCAAGGTTTTGTATCC,0,4385862
yadL_yadM_yadC_yadK_predicted,0.5,1,1,TGGAGAGCCGGACAACTGGG,0,4394064
yadL_yadM_yadC_yadK_predicted,0.5,1,1,TGGAGAATAACTATGTGTCT,0,4370747
yadL_yadM_yadC_yadK_predicted,0.5,1,1,TGGACGGCAGCCAATGTGAC,0,4399934
yadL_yadM_yadC_yadK_predicted,0.5,1,1,TGGAAACCGTTGGTATCAAC,0,4390908
yadL_yadM_yadC_yadK_predicted,0.5,1,1,TGCTGTGCTGGTGTGTTAAT,0,4380585
yadL_yadM_yadC_yadK_predicted,0.5,1,1,TGCTGTCCCGCGTTTGCGAG,0,4402382
yadL_yadM_yadC_yadK_predicted,0.5,1,1,TGCTGGGACCTGGGTGCACC,0,4384105
yadL_yadM_yadC_yadK_predicted,0.5,1,1,TGCTGGACTTTTTATGTCTT,0,4373964
yadL_yadM_yadC_yadK_predicted,0.5,1,1,TGCTCGGCAAATGCGCTGAT,0,4393597
yadL_yadM_yadC_yadK_predicted,0.5,1,1,TGCTATTACCCTTAACTCTG,0,4392349
yadL_yadM_yadC_yadK_predicted,0.5,1,1,TGCGTGTTCTGCGGTGAAAG,0,4380837
yadL_yadM_yadC_yadK_predicted,0.5,1,1,TGCGTGGTGGTGTTCACAAA,0,4383299
yadL_yadM_yadC_yadK_predicted,0.5,1,1,TGCGTCCGCATCATTAGACG,0,4381651
yadL_yadM_yadC_yadK_predicted,0.5,1,1,TGCGGTCCCCCGGGGGGTTG,0,4374433
yadL_yadM_yadC_yadK_predicted,0.5,1,1,TGCGGGTACCGTGCTCGAGG,0,4397221
yadL_yadM_yadC_yadK_predicted,0.5,1,1,TGCGGGCAGAGGTGATGATT,0,4377473
yadL_yadM_yadC_yadK_predicted,0.5,1,1,TGCGGCGGATTTAAAGTAGC,0,4381517
yadL_yadM_yadC_yadK_predicted,0.5,1,1,TGCGCTAGGGATGGAAACCT,0,4379731
yadL_yadM_yadC_yadK_predicted,0.5,1,1,TGCGCGCGCATGTGTTCTAG,0,4390391
yadL_yadM_yadC_yadK_predicted,0.5,1,1,TGCGCCGGGCAGCCTCCCAG,0,4397109
yadL_yadM_yadC_yadK_predicted,0.5,1,1,TGCGCCCCGGGAAAAAGTGT,0,4390850
yadL_yadM_yadC_yadK_predicted,0.5,1,1,TGCGAATCGCCATTCTGTAG,0,4393395
yadL_yadM_yadC_yadK_predicted,0.5,1,1,TGCGAAGCAAGTCAACAAAT,0,4389160
yadL_yadM_yadC_yadK_predicted,0.5,1,1,TGCGAAAGCTTCTATAACGT,0,4384570
yadL_yadM_yadC_yadK_predicted,0.5,1,1,TGCCTCTTCCCTACACCAGG,0,4390383
yadL_yadM_yadC_yadK_predicted,0.5,1,1,TGCCTCGCAGGGTACTGGAA,0,4382283
yadL_yadM_yadC_yadK_predicted,0.5,1,1,TGCCGCAACTCCTGTGAAGG,0,4388650
yadL_yadM_yadC_yadK_predicted,0.5,1,1,TGCCCGACAGCTCGACCACC,0,4387471
yadL_yadM_yadC_yadK_predicted,0.5,1,1,TGCCCATGGTGATTGACGTG,0,4377611
yadL_yadM_yadC_yadK_predicted,0.5,1,1,TGCCAACGAACCAAGGACTC,0,4395985
yadL_yadM_yadC_yadK_predicted,0.5,1,1,TGCATCTGCCCCAATCCAAA,0,4370094
yadL_yadM_yadC_yadK_predicted,0.5,1,1,TGCATAGTAATCACGTATCG,0,4400164
yadL_yadM_yadC_yadK_predicted,0.5,1,1,TGCAGGCTTGCTTGTACTGC,0,4391731
yadL_yadM_yadC_yadK_predicted,0.5,1,1,TGCAGCAGACACAGCCAAAT,0,4372267
yadL_yadM_yadC_yadK_predicted,0.5,1,1,TGCAGCACCCGCATCCAAGG,0,4401561
yadL_yadM_yadC_yadK_predicted,0.5,1,1,TGCAGATGGTTATCTCCGGC,0,4402412
yadL_yadM_yadC_yadK_predicted,0.5,1,1,TGCACGATGGTCACTTTAGA,0,4386601
yadL_yadM_yadC_yadK_predicted,0.5,1,1,TGCACATCCAAGAGCACCTG,0,4379319
yadL_yadM_yadC_yadK_predicted,0.5,1,1,TGCACAAGTACCTACTTTGT,0,4375420
yadL_yadM_yadC_yadK_predicted,0.5,1,1,TGCAATGTAGTCGGGCTTTG,0,4381906
yadL_yadM_yadC_yadK_predicted,0.5,1,1,TGCAATCCGTTTAGATGAGT,0,4379309
yadL_yadM_yadC_yadK_predicted,0.5,1,1,TGCAATCCGGGTCAGCCCAA,0,4378722
yadL_yadM_yadC_yadK_predicted,0.5,1,1,TGCAAGACTTGGGAGGTACA,0,4374814
yadL_yadM_yadC_yadK_predicted,0.5,1,1,TGCAACGCACAGTTTCAACT,0,4399881
yadL_yadM_yadC_yadK_predicted,0.5,1,1,TGATTGCTCGAACGCTGTTG,0,4381652
yadL_yadM_yadC_yadK_predicted,0.5,1,1,TGATTGCGGCACAGGTGAGA,0,4393092
yadL_yadM_yadC_yadK_predicted,0.5,1,1,TGATTCGGCGTGATAAGATA,0,4396495
yadL_yadM_yadC_yadK_predicted,0.5,1,1,TGATTAGGACCAAAGTCATC,0,4377914
yadL_yadM_yadC_yadK_predicted,0.5,1,1,TGATGTCACCCAAACAGAGA,0,4398901
yadL_yadM_yadC_yadK_predicted,0.5,1,1,TGATGGCTTCATTATACTTA,0,4384257
yadL_yadM_yadC_yadK_predicted,0.5,1,1,TGATGCATGAGAATTCCTCC,0,4371967
yadL_yadM_yadC_yadK_predicted,0.5,1,1,TGATGAACAATAATGCACCT,0,4391558
yadL_yadM_yadC_yadK_predicted,0.5,1,1,TGATCGGTAACTCATTAGAC,0,4378954
yadL_yadM_yadC_yadK_predicted,0.5,1,1,TGATCGCAAAGGCTCAGAAC,0,4379386
yadL_yadM_yadC_yadK_predicted,0.5,1,1,TGATATAGCCGCCGTGAGGA,0,4383202
yadL_yadM_yadC_yadK_predicted,0.5,1,1,TGATAACTTTAGTTAACATG,0,4398282
yadL_yadM_yadC_yadK_predicted,0.5,1,1,TGAGTCGCTTCGTCAGTGCT,0,4385056
yadL_yadM_yadC_yadK_predicted,0.5,1,1,TGAGTCCTGCAACCGCATCT,0,4373791
yadL_yadM_yadC_yadK_predicted,0.5,1,1,TGAGCTGCATGCTACAAGGA,0,4381415
yadL_yadM_yadC_yadK_predicted,0.5,1,1,TGAGCTAGCTGAATTGAAAA,0,4397487
yadL_yadM_yadC_yadK_predicted,0.5,1,1,TGAGCCGAGTCATATAAAAT,0,4397589
yadL_yadM_yadC_yadK_predicted,0.5,1,1,TGACTCGGATTGGGCTTACT,0,4398724
yadL_yadM_yadC_yadK_predicted,0.5,1,1,TGACTCGCTAATCCTAGCCG,0,4372307
yadL_yadM_yadC_yadK_predicted,0.5,1,1,TGACTACGTTCGGTGAAATC,0,4399251
yadL_yadM_yadC_yadK_predicted,0.5,1,1,TGACGGGGTCACCGTACAAT,0,4394518
yadL_yadM_yadC_yadK_predicted,0.5,1,1,TGACGGGGTAGCAAGGCATG,0,4393601
yadL_yadM_yadC_yadK_predicted,0.5,1,1,TGACCTATTCCGCGCCCCGG,0,4390339
yadL_yadM_yadC_yadK_predicted,0.5,1,1,TGACCCGTAAGAGCTGATTT,0,4394872
yadL_yadM_yadC_yadK_predicted,0.5,1,1,TGACCATTACCGTTACGATT,0,4388875
yadL_yadM_yadC_yadK_predicted,0.5,1,1,TGACATGACTTTACGGCTAA,0,4396841
yadL_yadM_yadC_yadK_predicted,0.5,1,1,TGACATGAACCATTAGCCGT,0,4390616
yadL_yadM_yadC_yadK_predicted,0.5,1,1,TGAATTCCGCTTGCTATCGT,0,4378494
yadL_yadM_yadC_yadK_predicted,0.5,1,1,TGAATTCCACCATTCTTTAG,0,4396367
yadL_yadM_yadC_yadK_predicted,0.5,1,1,TGAATGTAAGATTCCGGTAA,0,4387402
yadL_yadM_yadC_yadK_predicted,0.5,1,1,TGAATCTAGATGTCCCGATC,0,4375519
yadL_yadM_yadC_yadK_predicted,0.5,1,1,TGAATATTTTATAGGGACCG,0,4374744
yadL_yadM_yadC_yadK_predicted,0.5,1,1,TGAATAATAACGGAAAAAGT,0,4380603
yadL_yadM_yadC_yadK_predicted,0.5,1,1,TGAATAAGGTTTGTTTTCAA,0,4378397
yadL_yadM_yadC_yadK_predicted,0.5,1,1,TGAAGTCATGGAAGCTAGTT,0,4372992
yadL_yadM_yadC_yadK_predicted,0.5,1,1,TGAAGCATTTTCATTGTAAG,0,4389696
yadL_yadM_yadC_yadK_predicted,0.5,1,1,TGAACTGCGTGGGTTACTTC,0,4375698
yadL_yadM_yadC_yadK_predicted,0.5,1,1,TGAACTGAAGGACGTGTGTC,0,4380057
yadL_yadM_yadC_yadK_predicted,0.5,1,1,TGAACGGTCCCTGTTTCTTG,0,4389353
yadL_yadM_yadC_yadK_predicted,0.5,1,1,TGAACCAGTCCAGAGGGGTT,0,4383733
yadL_yadM_yadC_yadK_predicted,0.5,1,1,TGAACAGTTCTGGTCTTCCG,0,4385835
yadL_yadM_yadC_yadK_predicted,0.5,1,1,TCTTTGCCCCGTCGGGGTGA,0,4385581
yadL_yadM_yadC_yadK_predicted,0.5,1,1,TCTTTATATGCTTGAAGTTG,0,4389717
yadL_yadM_yadC_yadK_predicted,0.5,1,1,TCTTTAGTTTAGAAACAACG,0,4392745
yadL_yadM_yadC_yadK_predicted,0.5,1,1,TCTTTAGCTATCCCGCTTGT,0,4375293
yadL_yadM_yadC_yadK_predicted,0.5,1,1,TCTTGAAAGTGGTCAGTTCG,0,4384822
yadL_yadM_yadC_yadK_predicted,0.5,1,1,TCTTATTTGAGAGCAGGTTA,0,4398484
yadL_yadM_yadC_yadK_predicted,0.5,1,1,TCTGTTGCGTTATCTAATTC,0,4389527
yadL_yadM_yadC_yadK_predicted,0.5,1,1,TCTGTTAGTACTAACTTGAA,0,4376269
yadL_yadM_yadC_yadK_predicted,0.5,1,1,TCTGTCGCCGGATAGTATAC,0,4401292
yadL_yadM_yadC_yadK_predicted,0.5,1,1,TCTGTATGGGCGGGCTTAAG,0,4396538
yadL_yadM_yadC_yadK_predicted,0.5,1,1,TCTGTAGTGACGTAGGGCTA,0,4379238
yadL_yadM_yadC_yadK_predicted,0.5,1,1,TCTGGTTGTCCGCGGACCAG,0,4390834
yadL_yadM_yadC_yadK_predicted,0.5,1,1,TCTGGCGCGCCACACTAACT,0,4397902
yadL_yadM_yadC_yadK_predicted,0.5,1,1,TCTGGAACCTTTCAGGGCAG,0,4376547
yadL_yadM_yadC_yadK_predicted,0.5,1,1,TCTGCGCCAAGACAAAAGTC,0,4398524
yadL_yadM_yadC_yadK_predicted,0.5,1,1,TCTGCAGGAAGTTGGCTTGA,0,4380654
yadL_yadM_yadC_yadK_predicted,0.5,1,1,TCTCTGTAGTTACTTCTTAG,0,4390308
yadL_yadM_yadC_yadK_predicted,0.5,1,1,TCTCGTCCTTGGGCGATAGC,0,4387534
yadL_yadM_yadC_yadK_predicted,0.5,1,1,TCTCGTATTTTAGTTGCTTT,0,4374387
yadL_yadM_yadC_yadK_predicted,0.5,1,1,TCTCGGGGCTATACTGTGAA,0,4393223
yadL_yadM_yadC_yadK_predicted,0.5,1,1,TCTCGAGGGATCCTCCCTGA,0,4387519
yadL_yadM_yadC_yadK_predicted,0.5,1,1,TCTCGAGGGAGCACATGGTG,0,4385257
yadL_yadM_yadC_yadK_predicted,0.5,1,1,TCTCCCACATACAGACTTAA,0,4372575
yadL_yadM_yadC_yadK_predicted,0.5,1,1,TCTCCACCGAGAAATAGGGC,0,4380242
yadL_yadM_yadC_yadK_predicted,0.5,1,1,TCTCCACCACACATCCGTCA,0,4392117
yadL_yadM_yadC_yadK_predicted,0.5,1,1,TCTCCAAAACCCGGGGTCAA,0,4391135
yadL_yadM_yadC_yadK_predicted,0.5,1,1,TCTCATTGTGCTCAAGGGGA,0,4398458
yadL_yadM_yadC_yadK_predicted,0.5,1,1,TCTCAGCAAATGACATCGAT,0,4380166
yadL_yadM_yadC_yadK_predicted,0.5,1,1,TCTATACCTATCCGTTGCAG,0,4382015
yadL_yadM_yadC_yadK_predicted,0.5,1,1,TCTAGTAGCATCAGATTGCG,0,4395059
yadL_yadM_yadC_yadK_predicted,0.5,1,1,TCTAGGGAACAACTGCAAGT,0,4379093
yadL_yadM_yadC_yadK_predicted,0.5,1,1,TCTAGCTGGTCCTTCAATAT,0,4374602
yadL_yadM_yadC_yadK_predicted,0.5,1,1,TCTAGACACAAGAAACCGGA,0,4378650
yadL_yadM_yadC_yadK_predicted,0.5,1,1,TCTACAGCCGGCAAGGCGTA,0,4386746
yadL_yadM_yadC_yadK_predicted,0.5,1,1,TCTAATCCTATTATGGTAAT,0,4386596
yadL_yadM_yadC_yadK_predicted,0.5,1,1,TCTAATCCCAAAGGCCACAC,0,4378567
yadL_yadM_yadC_yadK_predicted,0.5,1,1,TCGTTTATATACACTTCAGA,0,4402070
yadL_yadM_yadC_yadK_predicted,0.5,1,1,TCGTTGTTGGACGGGCGGGT,0,4371504
yadL_yadM_yadC_yadK_predicted,0.5,1,1,TCGTTCCAATTCATCGTGTT,0,4389674
yadL_yadM_yadC_yadK_predicted,0.5,1,1,TCGTTATCGGTGCTTTGCCG,0,4389961
yadL_yadM_yadC_yadK_predicted,0.5,1,1,TCGTGTGTAAGATCAGTATC,0,4379053
yadL_yadM_yadC_yadK_predicted,0.5,1,1,TCGTGTAGGATCCGTGTGCA,0,4401821
yadL_yadM_yadC_yadK_predicted,0.5,1,1,TCGTCTTGTCGGACAGTTTC,0,4374221
yadL_yadM_yadC_yadK_predicted,0.5,1,1,TCGTCTCGAAGCATTGGTTT,0,4391905
yadL_yadM_yadC_yadK_predicted,0.5,1,1,TCGTCGCTATATAACTCTGA,0,4397267
yadL_yadM_yadC_yadK_predicted,0.5,1,1,TCGTCAAAGGGCACTCGAAA,0,4387638
yadL_yadM_yadC_yadK_predicted,0.5,1,1,TCGTATTACATGGACGGATC,0,4384456
yadL_yadM_yadC_yadK_predicted,0.5,1,1,TCGTATATCGACGTACAGTA,0,4385157
yadL_yadM_yadC_yadK_predicted,0.5,1,1,TCGGTGCTCGCACGGCGGCT,0,4390244
yadL_yadM_yadC_yadK_predicted,0.5,1,1,TCGGTCCACATCTCCAGGCA,0,4383036
yadL_yadM_yadC_yadK_predicted,0.5,1,1,TCGGGCATGGCCGGACGTTC,0,4389935
yadL_yadM_yadC_yadK_predicted,0.5,1,1,TCGGAGAGGCTGTGATGAGT,0,4397835
yadL_yadM_yadC_yadK_predicted,0.5,1,1,TCGGACATTCAAGAATCTAG,0,4372619
yadL_yadM_yadC_yadK_predicted,0.5,1,1,TCGCTTTTTCTAGGGGGCAA,0,4384809
yadL_yadM_yadC_yadK_predicted,0.5,1,1,TCGCTGAGGATCCTGGTGCC,0,4393450
yadL_yadM_yadC_yadK_predicted,0.5,1,1,TCGCTATGTCCTTCGATTCG,0,4371824
yadL_yadM_yadC_yadK_predicted,0.5,1,1,TCGCTACGTTTATAGGCCGC,0,4390353
yadL_yadM_yadC_yadK_predicted,0.5,1,1,TCGCGGTGTATAGGGGGTTC,0,4390438
yadL_yadM_yadC_yadK_predicted,0.5,1,1,TCGCCGGTCGGCTGCCTTGC,0,4384550
yadL_yadM_yadC_yadK_predicted,0.5,1,1,TCGCATTAGCGATTATTACG,0,4386641
yadL_yadM_yadC_yadK_predicted,0.5,1,1,TCGCAGTGAAAATCTGGGCG,0,4381029
yadL_yadM_yadC_yadK_predicted,0.5,1,1,TCGAGTGTGCTGTATTTTCG,0,4376043
yadL_yadM_yadC_yadK_predicted,0.5,1,1,TCGAGCTCGCCCGCTAGATT,0,4371377
yadL_yadM_yadC_yadK_predicted,0.5,1,1,TCGAGCACCATAGAGTCCCG,0,4385221
yadL_yadM_yadC_yadK_predicted,0.5,1,1,TCGAGAGGTGCTGTCCGGAA,0,4398999
yadL_yadM_yadC_yadK_predicted,0.5,1,1,TCGAACGACATAAGTAGAAT,0,4393052
yadL_yadM_yadC_yadK_predicted,0.5,1,1,TCGAAACTCTGTTCTTGAGG,0,4393448
yadL_yadM_yadC_yadK_predicted,0.5,1,1,TCCTTTTGTGCTGAAGGCAG,0,4401965
yadL_yadM_yadC_yadK_predicted,0.5,1,1,TCCTTTCGATGCTGATAGTA,0,4392635
yadL_yadM_yadC_yadK_predicted,0.5,1,1,TCCTTAGACTTCACGCTACA,0,4382271
yadL_yadM_yadC_yadK_predicted,0.5,1,1,TCCTTAAATGGTCGCAGTCC,0,4373887
yadL_yadM_yadC_yadK_predicted,0.5,1,1,TCCTGTTATCGAAGTGCGAC,0,4401153
yadL_yadM_yadC_yadK_predicted,0.5,1,1,TCCTCAGAGATCCCTGAAAT,0,4389091
yadL_yadM_yadC_yadK_predicted,0.5,1,1,TCCTAGGGCGAGTGAGTTGT,0,4399076
yadL_yadM_yadC_yadK_predicted,0.5,1,1,TCCTAATCCGTTCCCTTTCT,0,4398839
yadL_yadM_yadC_yadK_predicted,0.5,1,1,TCCTAAGAGCCCGAACGGCC,0,4401177
yadL_yadM_yadC_yadK_predicted,0.5,1,1,TCCGTTACGTCCCTCTAGGT,0,4397813
yadL_yadM_yadC_yadK_predicted,0.5,1,1,TCCGTGGAACCACAACGGGA,0,4370935
yadL_yadM_yadC_yadK_predicted,0.5,1,1,TCCGTCATCTTAATGGCAGT,0,4385677
yadL_yadM_yadC_yadK_predicted,0.5,1,1,TCCGTCACTTGCCACAGACA,0,4373348
yadL_yadM_yadC_yadK_predicted,0.5,1,1,TCCGGTTGGCTAGGGTCACA,0,4374681
yadL_yadM_yadC_yadK_predicted,0.5,1,1,TCCGGCCATCTTACCTTGGC,0,4389795
yadL_yadM_yadC_yadK_predicted,0.5,1,1,TCCGCGAGTATTTCTTGATC,0,4400916
yadL_yadM_yadC_yadK_predicted,0.5,1,1,TCCGCATCGGATATGAGTCT,0,4388041
yadL_yadM_yadC_yadK_predicted,0.5,1,1,TCCCTGCAAATTCATCAAAA,0,4383984
yadL_yadM_yadC_yadK_predicted,0.5,1,1,TCCCTCCCGGAGGTCATTAA,0,4400003
yadL_yadM_yadC_yadK_predicted,0.5,1,1,TCCCGCCTACTTGTGCCGCG,0,4372495
yadL_yadM_yadC_yadK_predicted,0.5,1,1,TCCCGAGAGGGATAGGACCT,0,4374186
yadL_yadM_yadC_yadK_predicted,0.5,1,1,TCCCGACTAGCCGATGCGGT,0,4385063
yadL_yadM_yadC_yadK_predicted,0.5,1,1,TCCCCCGGAACGCTTCTAGA,0,4375691
yadL_yadM_yadC_yadK_predicted,0.5,1,1,TCCCATCTCGCTTTCGGGCG,0,4372087
yadL_yadM_yadC_yadK_predicted,0.5,1,1,TCCCAGTTAATTCGGTGTCG,0,4400455
yadL_yadM_yadC_yadK_predicted,0.5,1,1,TCCAGGGGGGCGTAAGTCGC,0,4381785
yadL_yadM_yadC_yadK_predicted,0.5,1,1,TCCACTGACAGTTGGTGCGC,0,4388787
yadL_yadM_yadC_yadK_predicted,0.5,1,1,TCCACACAAGTTTAGAGTGG,0,4376590
yadL_yadM_yadC_yadK_predicted,0.5,1,1,TCCAATGTCCGTCCTCATAA,0,4379405
yadL_yadM_yadC_yadK_predicted,0.5,1,1,TCCAATAAATTCAGCTGCAG,0,4381447
yadL_yadM_yadC_yadK_predicted,0.5,1,1,TCCAAAGGACACATCAGGTA,0,4392298
yadL_yadM_yadC_yadK_predicted,0.5,1,1,TCATTGTAGGTCAGTCTCGT,0,4378053
yadL_yadM_yadC_yadK_predicted,0.5,1,1,TCATTAAGCCGTCGCTCCAG,0,4370461
yadL_yadM_yadC_yadK_predicted,0.5,1,1,TCATGGCTAGCGGCCCACTG,0,4383711
yadL_yadM_yadC_yadK_predicted,0.5,1,1,TCATGAAACAATGGGCTGGT,0,4378065
yadL_yadM_yadC_yadK_predicted,0.5,1,1,TCATAGGTAACTCTTTGAGC,0,4395594
yadL_yadM_yadC_yadK_predicted,0.5,1,1,TCATAGATATTCCAGAAATT,0,4384285
yadL_yadM_yadC_yadK_predicted,0.5,1,1,TCAGTGATGAACGGGCCAGC,0,4385554
yadL_yadM_yadC_yadK_predicted,0.5,1,1,TCAGTCCACACGTTTCATGG,0,4371282
yadL_yadM_yadC_yadK_predicted,0.5,1,1,TCAGGCCACTTTATTCCTGT,0,4389083
yadL_yadM_yadC_yadK_predicted,0.5,1,1,TCAGGAGTTCAACCAGTCCT,0,4370524
yadL_yadM_yadC_yadK_predicted,0.5,1,1,TCAGGAAGGGATTGAATCTC,0,4391062
yadL_yadM_yadC_yadK_predicted,0.5,1,1,TCAGCTTTACGAGTGCGAAC,0,4374122
yadL_yadM_yadC_yadK_predicted,0.5,1,1,TCAGCGCTAATTTTTAGTCT,0,4393653
yadL_yadM_yadC_yadK_predicted,0.5,1,1,TCAGCCTAGAACCTAGAGTG,0,4379182
yadL_yadM_yadC_yadK_predicted,0.5,1,1,TCAGATTGACGGGGAAAAGC,0,4399210
yadL_yadM_yadC_yadK_predicted,0.5,1,1,TCAGAGTTCGGTATCTGATC,0,4377505
yadL_yadM_yadC_yadK_predicted,0.5,1,1,TCACTGGGCCAGTTATCATG,0,4401540
yadL_yadM_yadC_yadK_predicted,0.5,1,1,TCACTGACGGTAGGTTGCTT,0,4377394
yadL_yadM_yadC_yadK_predicted,0.5,1,1,TCACTATACCGTAGCCGTGT,0,4390436
yadL_yadM_yadC_yadK_predicted,0.5,1,1,TCACTAATATCCAAGAAGTT,0,4387052
yadL_yadM_yadC_yadK_predicted,0.5,1,1,TCACACGTGCAAGTGTTTTA,0,4395539
yadL_yadM_yadC_yadK_predicted,0.5,1,1,TCAAGTCCGATTGGGACTGT,0,4386119
yadL_yadM_yadC_yadK_predicted,0.5,1,1,TCAAGTAACGTTAATGAGGG,0,4388941
yadL_yadM_yadC_yadK_predicted,0.5,1,1,TCAACGGCGCGCTCGCCCTG,0,4391169
yadL_yadM_yadC_yadK_predicted,0.5,1,1,TCAACGGCAGGATGGACATT,0,4400468
yadL_yadM_yadC_yadK_predicted,0.5,1,1,TCAACGCGGATGCCCAAGCT,0,4381308
yadL_yadM_yadC_yadK_predicted,0.5,1,1,TCAACGAGATCACGACAACT,0,4380126
yadL_yadM_yadC_yadK_predicted,0.5,1,1,TCAACATGAGGAAACAGGTC,0,4380214
yadL_yadM_yadC_yadK_predicted,0.5,1,1,TCAAATAGCCTTGTGAAATG,0,4381544
yadL_yadM_yadC_yadK_predicted,0.5,1,1,TCAAACGGGCACCTGGCAGC,0,4399703
yadL_yadM_yadC_yadK_predicted,0.5,1,1,TCAAAAGTAAGGCTATGTTT,0,4388204
yadL_yadM_yadC_yadK_predicted,0.5,1,1,TATTTTTAACCGTCTTCACA,0,4386700
yadL_yadM_yadC_yadK_predicted,0.5,1,1,TATTTCGTTAATTGATGGGG,0,4376395
yadL_yadM_yadC_yadK_predicted,0.5,1,1,TATTTAGTAGGACTTGACCA,0,4396271
yadL_yadM_yadC_yadK_predicted,0.5,1,1,TATTGTTTTCTCAGAGCTTC,0,4377400
yadL_yadM_yadC_yadK_predicted,0.5,1,1,TATTAAATCTGCCGAAACTG,0,4373457
yadL_yadM_yadC_yadK_predicted,0.5,1,1,TATGTTGTCTAATGAGCTGC,0,4390229
yadL_yadM_yadC_yadK_predicted,0.5,1,1,TATGTATGCCGGCGTAACGA,0,4378052
yadL_yadM_yadC_yadK_predicted,0.5,1,1,TATGTACAGATATATATCAA,0,4397326
yadL_yadM_yadC_yadK_predicted,0.5,1,1,TATGTACAAGCCTTTGCTTA,0,4388440
yadL_yadM_yadC_yadK_predicted,0.5,1,1,TATGGTTACATTGGCTCACT,0,4393880
yadL_yadM_yadC_yadK_predicted,0.5,1,1,TATGCCTATCGTGTGATACA,0,4396932
yadL_yadM_yadC_yadK_predicted,0.5,1,1,TATGCCGTAGTCCTTAACAA,0,4392723
yadL_yadM_yadC_yadK_predicted,0.5,1,1,TATGCCGCCAGCACCTTATT,0,4389057
yadL_yadM_yadC_yadK_predicted,0.5,1,1,TATGATTAAGTGAGGACTCT,0,4396178
yadL_yadM_yadC_yadK_predicted,0.5,1,1,TATGACGCCCACGTATGCCA,0,4384381
yadL_yadM_yadC_yadK_predicted,0.5,1,1,TATGACGATACGGGAACATT,0,4396864
yadL_yadM_yadC_yadK_predicted,0.5,1,1,TATGAAGAGTAATTTGGGTG,0,4395812
yadL_yadM_yadC_yadK_predicted,0.5,1,1,TATCTGAGATATGCTTATCG,0,4389510
yadL_yadM_yadC_yadK_predicted,0.5,1,1,TATCTCATACCGGCGTAAAT,0,4401843
yadL_yadM_yadC_yadK_predicted,0.5,1,1,TATCGCAATGACTTTATTCG,0,4371177
yadL_yadM_yadC_yadK_predicted,0.5,1,1,TATCCGCAGATTACTTTTTA,0,4386567
yadL_yadM_yadC_yadK_predicted,0.5,1,1,TATCCACTGGCTAAGCATCT,0,4372463
yadL_yadM_yadC_yadK_predicted,0.5,1,1,TATCATCGGCGTTGGAACGA,0,4392800
yadL_yadM_yadC_yadK_predicted,0.5,1,1,TATCATAGAGACCTAAATAG,0,4396285
yadL_yadM_yadC_yadK_predicted,0.5,1,1,TATATTTATAAAAGGGGGGA,0,4388863
yadL_yadM_yadC_yadK_predicted,0.5,1,1,TATATTGATATGACACAAAC,0,4379523
yadL_yadM_yadC_yadK_predicted,0.5,1,1,TATATCGGTACTATAGCGAG,0,4395143
yadL_yadM_yadC_yadK_predicted,0.5,1,1,TATAGTGTAGAGAAGCAGGT,0,4382987
yadL_yadM_yadC_yadK_predicted,0.5,1,1,TATAGTCTGTGACACACCCT,0,4389554
yadL_yadM_yadC_yadK_predicted,0.5,1,1,TATACCTTAGCCTCTTAGCG,0,4374982
yadL_yadM_yadC_yadK_predicted,0.5,1,1,TATACAAGTGATTTTACCTA,0,4391299
yadL_yadM_yadC_yadK_predicted,0.5,1,1,TATAATGTGTATCACACGAT,0,4389757
yadL_yadM_yadC_yadK_predicted,0.5,1,1,TATAAGTGTACGATTAGCAA,0,4384820
yadL_yadM_yadC_yadK_predicted,0.5,1,1,TATAAGGGACAGAAGCCCTT,0,4386151
yadL_yadM_yadC_yadK_predicted,0.5,1,1,TATAAGCTGTTACGAGGGGA,0,4391806
yadL_yadM_yadC_yadK_predicted,0.5,1,1,TATAAACAGGCAAGAAACGT,0,4398397
yadL_yadM_yadC_yadK_predicted,0.5,1,1,TAGGTCACCGCCAGAGAATT,0,4382990
yadL_yadM_yadC_yadK_predicted,0.5,1,1,TAGGTACCGCAGACGTCGAA,0,4391305
yadL_yadM_yadC_yadK_predicted,0.5,1,1,TAGGGTACTACCGGTGGACT,0,4393441
yadL_yadM_yadC_yadK_predicted,0.5,1,1,TAGGGGAACACTACTCTCTA,0,4381267
yadL_yadM_yadC_yadK_predicted,0.5,1,1,TAGGCATGACCGCTTACTAC,0,4382085
yadL_yadM_yadC_yadK_predicted,0.5,1,1,TAGGCATGAATGGGGAAGTG,0,4386476
yadL_yadM_yadC_yadK_predicted,0.5,1,1,TAGGCAGACCCTGCTTGTCT,0,4371398
yadL_yadM_yadC_yadK_predicted,0.5,1,1,TAGGCACGCCAAGTCCGTGA,0,4388039
yadL_yadM_yadC_yadK_predicted,0.5,1,1,TAGGCAAGATGTGATCACGT,0,4386592
yadL_yadM_yadC_yadK_predicted,0.5,1,1,TAGGATTAGACTACGGTGCT,0,4392346
yadL_yadM_yadC_yadK_predicted,0.5,1,1,TAGGAGTCTACGACCCTGCC,0,4382881
yadL_yadM_yadC_yadK_predicted,0.5,1,1,TAGGAGATTTAACGGTAGTG,0,4390683
yadL_yadM_yadC_yadK_predicted,0.5,1,1,TAGGACACGAGGGTCCCGAG,0,4377352
yadL_yadM_yadC_yadK_predicted,0.5,1,1,TAGCTTCAAGCCTTGTTTCC,0,4389609
yadL_yadM_yadC_yadK_predicted,0.5,1,1,TAGCTCCCCGCATTCCTTGC,0,4370618
yadL_yadM_yadC_yadK_predicted,0.5,1,1,TAGCTCAGCAAAGCCAATAT,0,4389558
yadL_yadM_yadC_yadK_predicted,0.5,1,1,TAGCGTAATGAACCAGACTG,0,4375274
yadL_yadM_yadC_yadK_predicted,0.5,1,1,TAGCGCCTACCGGTGCAGCG,0,4398304
yadL_yadM_yadC_yadK_predicted,0.5,1,1,TAGCGACGGGTGAGCATCCT,0,4393312
yadL_yadM_yadC_yadK_predicted,0.5,1,1,TAGCCTCGCCGCACATCGAG,0,4370334
yadL_yadM_yadC_yadK_predicted,0.5,1,1,TAGCCGGGGAACCCAGAGTT,0,4379855
yadL_yadM_yadC_yadK_predicted,0.5,1,1,TAGCCGGGCGTGCGTGGCCA,0,4371800
yadL_yadM_yadC_yadK_predicted,0.5,1,1,TAGCATCTTCAATGTCCCGA,0,4377379
yadL_yadM_yadC_yadK_predicted,0.5,1,1,TAGCACTACCCAACAGACTG,0,4381690
yadL_yadM_yadC_yadK_predicted,0.5,1,1,TAGATGGCCGGACTTGATAG,0,4380139
yadL_yadM_yadC_yadK_predicted,0.5,1,1,TAGATCTAACACATAAGAGC,0,4383636
yadL_yadM_yadC_yadK_predicted,0.5,1,1,TAGATACAGAACGTCCATGG,0,4373065
yadL_yadM_yadC_yadK_predicted,0.5,1,1,TAGAGAGGTGGTCTGTAGTA,0,4399882
yadL_yadM_yadC_yadK_predicted,0.5,1,1,TAGACAAAGGAGGGCAGTTC,0,4377671
yadL_yadM_yadC_yadK_predicted,0.5,1,1,TAGAAGTACTGTCACTTGTG,0,4371805
yadL_yadM_yadC_yadK_predicted,0.5,1,1,TAGAAGGTTAGACAACGCAA,0,4376956
yadL_yadM_yadC_yadK_predicted,0.5,1,1,TAGAAGCCTGTATCACCGTT,0,4387928
yadL_yadM_yadC_yadK_predicted,0.5,1,1,TAGAAATCCATCGAACGGGA,0,4378348
yadL_yadM_yadC_yadK_predicted,0.5,1,1,TACTTTATAATTTCTCCGCG,0,4375657
yadL_yadM_yadC_yadK_predicted,0.5,1,1,TACTTTACTGATTTGAGACG,0,4389646
yadL_yadM_yadC_yadK_predicted,0.5,1,1,TACTTAGGCCGGGAATGTTA,0,4395102
yadL_yadM_yadC_yadK_predicted,0.5,1,1,TACTTAGCTTTTACCGGCAT,0,4388439
yadL_yadM_yadC_yadK_predicted,0.5,1,1,TACTGTCCCTGACATCAAAA,0,4377919
yadL_yadM_yadC_yadK_predicted,0.5,1,1,TACTGTAGCATGGGCAACCC,0,4383932
yadL_yadM_yadC_yadK_predicted,0.5,1,1,TACTGATGACGTCCAGGTCA,0,4379892
yadL_yadM_yadC_yadK_predicted,0.5,1,1,TACTAGCAGGTCGGGGAGGG,0,4389529
yadL_yadM_yadC_yadK_predicted,0.5,1,1,TACTAATGCGTCCTAATGCC,0,4394993
yadL_yadM_yadC_yadK_predicted,0.5,1,1,TACGTGAAGGTCCTAAAATT,0,4395144
yadL_yadM_yadC_yadK_predicted,0.5,1,1,TACGTCTGGATTAAGGGCTG,0,4383536
yadL_yadM_yadC_yadK_predicted,0.5,1,1,TACGTACGACACTGGTCGAA,0,4376308
yadL_yadM_yadC_yadK_predicted,0.5,1,1,TACGGTGTGCAGGCAAATGC,0,4402333
yadL_yadM_yadC_yadK_predicted,0.5,1,1,TACGGGCCATACGCATCCGG,0,4394504
yadL_yadM_yadC_yadK_predicted,0.5,1,1,TACGGGAAATTCCGGTGAAC,0,4400680
yadL_yadM_yadC_yadK_predicted,0.5,1,1,TACGGCTCCTTAGTTCATGT,0,4378663
yadL_yadM_yadC_yadK_predicted,0.5,1,1,TACGGCTCCATGGAATATCA,0,4388737
yadL_yadM_yadC_yadK_predicted,0.5,1,1,TACGGCAAGACGTCACTTTT,0,4382169
yadL_yadM_yadC_yadK_predicted,0.5,1,1,TACGCTCGAAGGTTGTTCAT,0,4400696
yadL_yadM_yadC_yadK_predicted,0.5,1,1,TACGCGTTGATCATTTTTCT,0,4392411
yadL_yadM_yadC_yadK_predicted,0.5,1,1,TACGCCAGCGTGAGACGCAT,0,4375189
yadL_yadM_yadC_yadK_predicted,0.5,1,1,TACGCATCTATGTGCAGGCC,0,4372602
yadL_yadM_yadC_yadK_predicted,0.5,1,1,TACGAAGTGGTTCGGGACTT,0,4373537
yadL_yadM_yadC_yadK_predicted,0.5,1,1,TACCTGGACTTTTGGGCCTT,0,4372474
yadL_yadM_yadC_yadK_predicted,0.5,1,1,TACCTCTGCCGCCTTTGAGG,0,4377162
yadL_yadM_yadC_yadK_predicted,0.5,1,1,TACCGACAGTCAAGCACAGA,0,4383669
yadL_yadM_yadC_yadK_predicted,0.5,1,1,TACCCCTCTTTGCGCAGCCA,0,4392266
yadL_yadM_yadC_yadK_predicted,0.5,1,1,TACATACCAAATTAGAAGGG,0,4387150
yadL_yadM_yadC_yadK_predicted,0.5,1,1,TACATAACGCGTCTTGGATA,0,4387614
yadL_yadM_yadC_yadK_predicted,0.5,1,1,TACAGGTAAAGAGTGCGTAG,0,4390060
yadL_yadM_yadC_yadK_predicted,0.5,1,1,TACACTGTTACAGCCCGCTG,0,4379869
yadL_yadM_yadC_yadK_predicted,0.5,1,1,TACACGGGAGAAACCGTATT,0,4391296
yadL_yadM_yadC_yadK_predicted,0.5,1,1,TACAACCCCATACGCTAAGT,0,4373863
yadL_yadM_yadC_yadK_predicted,0.5,1,1,TACAAACTCAAGGTTTTCAT,0,4391048
yadL_yadM_yadC_yadK_predicted,0.5,1,1,TAATTCCTAAGCAATGGCAG,0,4378662
yadL_yadM_yadC_yadK_predicted,0.5,1,1,TAATGGTTGATTGCGTCAGC,0,4375250
yadL_yadM_yadC_yadK_predicted,0.5,1,1,TAATGCTTTTCATAGATTCG,0,4374339
yadL_yadM_yadC_yadK_predicted,0.5,1,1,TAATCTACAGTTTCAGCGCG,0,4378096
yadL_yadM_yadC_yadK_predicted,0.5,1,1,TAATCAGCACGCTACAGCGT,0,4377574
yadL_yadM_yadC_yadK_predicted,0.5,1,1,TAATATGTCAGCCCTTGGGA,0,4388117
yadL_yadM_yadC_yadK_predicted,0.5,1,1,TAATATGCGAAAATGAGTCT,0,4381349
yadL_yadM_yadC_yadK_predicted,0.5,1,1,TAATACTAGAACTATGGATT,0,4381540
yadL_yadM_yadC_yadK_predicted,0.5,1,1,TAATAAGTATCAAGTGGACT,0,4379091
yadL_yadM_yadC_yadK_predicted,0.5,1,1,TAAGTGCCGTTGGACCTCTC,0,4387637
yadL_yadM_yadC_yadK_predicted,0.5,1,1,TAAGTCTTACGATGTCGTAG,0,4392765
yadL_yadM_yadC_yadK_predicted,0.5,1,1,TAAGGTTTACGTCGCTCTTA,0,4385048
yadL_yadM_yadC_yadK_predicted,0.5,1,1,TAAGCGAGCGCTGGACATGA,0,4375750
yadL_yadM_yadC_yadK_predicted,0.5,1,1,TAAGCCGGGTGTCACGAGGA,0,4386415
yadL_yadM_yadC_yadK_predicted,0.5,1,1,TAAGCAACTTGCTCAGGAAG,0,4377846
yadL_yadM_yadC_yadK_predicted,0.5,1,1,TAAGAGCTTCACATAATCCC,0,4371552
yadL_yadM_yadC_yadK_predicted,0.5,1,1,TAAGAGCGCGGAGCTCAATG,0,4378517
yadL_yadM_yadC_yadK_predicted,0.5,1,1,TAAGACGCTTATGTTGCATT,0,4385108
yadL_yadM_yadC_yadK_predicted,0.5,1,1,TAACTGTTTTACCTTGGAAG,0,4389634
yadL_yadM_yadC_yadK_predicted,0.5,1,1,TAACTGAATCTGTTCATGAT,0,4383526
yadL_yadM_yadC_yadK_predicted,0.5,1,1,TAACTCTCATGATTGATTGC,0,4370808
yadL_yadM_yadC_yadK_predicted,0.5,1,1,TAACTATTGTATGCGACAAT,0,4386430
yadL_yadM_yadC_yadK_predicted,0.5,1,1,TAACGGGTGTCAAAGCGCAA,0,4401620
yadL_yadM_yadC_yadK_predicted,0.5,1,1,TAACGGGGCGCCGGACCCGT,0,4387885
yadL_yadM_yadC_yadK_predicted,0.5,1,1,TAACGGCGACTTTACTAAGT,0,4387044
yadL_yadM_yadC_yadK_predicted,0.5,1,1,TAACGACCAACGGCACCAAC,0,4390576
yadL_yadM_yadC_yadK_predicted,0.5,1,1,TAACCGGACCACGGTGCATC,0,4372650
yadL_yadM_yadC_yadK_predicted,0.5,1,1,TAACACCTGTGTGGGCTAGT,0,4397106
yadL_yadM_yadC_yadK_predicted,0.5,1,1,TAAATTTATGGGCAACGCCG,0,4396933
yadL_yadM_yadC_yadK_predicted,0.5,1,1,TAAATGTGATCATCAGAGGG,0,4392670
yadL_yadM_yadC_yadK_predicted,0.5,1,1,TAAATCTGCCGCGTCAATTA,0,4392381
yadL_yadM_yadC_yadK_predicted,0.5,1,1,TAAAGCGCGAACAGTTTAGT,0,4382904
yadL_yadM_yadC_yadK_predicted,0.5,1,1,TAAAGCCGTGTTCGCTGAAC,0,4384780
yadL_yadM_yadC_yadK_predicted,0.5,1,1,TAAAATCAGTGACGTTGATC,0,4381351
yadL_yadM_yadC_yadK_predicted,0.5,1,1,TAAAAGGAATCAAATAACGC,0,4381137
yadL_yadM_yadC_yadK_predicted,0.5,1,1,TAAAAATAGGTGCGTTCCAT,0,4387856
yadL_yadM_yadC_yadK_predicted,0.5,1,1,TAAAAAGGTTTGAGGGGGAA,0,4387485
yadL_yadM_yadC_yadK_predicted,0.5,1,1,GTTTTGTTTCAACTACATAG,0,4388789
yadL_yadM_yadC_yadK_predicted,0.5,1,1,GTTTTGCATCCAGAACAGGT,0,4397349
yadL_yadM_yadC_yadK_predicted,0.5,1,1,GTTTTGATAGTAATAAACCA,0,4393803
yadL_yadM_yadC_yadK_predicted,0.5,1,1,GTTTTCGCAATGGAATCAAC,0,4372738
yadL_yadM_yadC_yadK_predicted,0.5,1,1,GTTTGTTCCCGACGTGGGGG,0,4382523
yadL_yadM_yadC_yadK_predicted,0.5,1,1,GTTTGTCGGTTGTACCTCGT,0,4397447
yadL_yadM_yadC_yadK_predicted,0.5,1,1,GTTTGGGTAGAAGAGCCATT,0,4393882
yadL_yadM_yadC_yadK_predicted,0.5,1,1,GTTTGACGGTTTATGTTTGA,0,4392155
yadL_yadM_yadC_yadK_predicted,0.5,1,1,GTTTCTGAGGCGGCCCGGCG,0,4390417
yadL_yadM_yadC_yadK_predicted,0.5,1,1,GTTTCCTACTCGTGAAGGGG,0,4400234
yadL_yadM_yadC_yadK_predicted,0.5,1,1,GTTTCCCCCTACTCGGATGA,0,4386509
yadL_yadM_yadC_yadK_predicted,0.5,1,1,GTTTACCTAGTAGTGCAGGC,0,4385839
yadL_yadM_yadC_yadK_predicted,0.5,1,1,GTTGTACGAGCTCATGAATT,0,4393956
yadL_yadM_yadC_yadK_predicted,0.5,1,1,GTTGGGCAGTTATACCAGCC,0,4394682
yadL_yadM_yadC_yadK_predicted,0.5,1,1,GTTGGCTATGACTTTACTGG,0,4400142
yadL_yadM_yadC_yadK_predicted,0.5,1,1,GTTGGCGGTAAGTTGTTGTA,0,4375265
yadL_yadM_yadC_yadK_predicted,0.5,1,1,GTTGCATATGGACCGTCCCA,0,4373155
yadL_yadM_yadC_yadK_predicted,0.5,1,1,GTTGAGGATGTCGGGCTGTC,0,4389288
yadL_yadM_yadC_yadK_predicted,0.5,1,1,GTTGAACCCTAGCCGTTTCC,0,4374359
yadL_yadM_yadC_yadK_predicted,0.5,1,1,GTTCTTCTAACCATGGAATT,0,4401590
yadL_yadM_yadC_yadK_predicted,0.5,1,1,GTTCTACCGTCTAGAGTCAC,0,4400892
yadL_yadM_yadC_yadK_predicted,0.5,1,1,GTTCGGATTAGGACAGTAGT,0,4381438
yadL_yadM_yadC_yadK_predicted,0.5,1,1,GTTCGCGCAACCAACCGAGG,0,4383320
yadL_yadM_yadC_yadK_predicted,0.5,1,1,GTTCAAACCGTTCAGGAGTC,0,4374425
yadL_yadM_yadC_yadK_predicted,0.5,1,1,GTTATTAAGTGTTTCTGTAC,0,4375579
yadL_yadM_yadC_yadK_predicted,0.5,1,1,GTTATGCATGTGCTAAGTAA,0,4382830
yadL_yadM_yadC_yadK_predicted,0.5,1,1,GTTATGATTCCACCCCTCAC,0,4375299
yadL_yadM_yadC_yadK_predicted,0.5,1,1,GTTATCATTCATTAAGATCC,0,4383855
yadL_yadM_yadC_yadK_predicted,0.5,1,1,GTTATAGACCTCCGCGTATT,0,4374255
yadL_yadM_yadC_yadK_predicted,0.5,1,1,GTTAGTCGTTATCACAGTCT,0,4392347
yadL_yadM_yadC_yadK_predicted,0.5,1,1,GTTAGTAGCTCGGAACAGTC,0,4378676
yadL_yadM_yadC_yadK_predicted,0.5,1,1,GTTAGCGCTCCATGGTGCTA,0,4385808
yadL_yadM_yadC_yadK_predicted,0.5,1,1,GTTACGGGTACTCCCTCTCT,0,4398709
yadL_yadM_yadC_yadK_predicted,0.5,1,1,GTTACGGCCTAAGCGGCCCG,0,4398991
yadL_yadM_yadC_yadK_predicted,0.5,1,1,GTTACCAGTTCCATACCGGA,0,4375311
yadL_yadM_yadC_yadK_predicted,0.5,1,1,GTTACAGTGGGTTTTTCGGG,0,4372175
yadL_yadM_yadC_yadK_predicted,0.5,1,1,GTTAATCAGCTTAATTCTGT,0,4381864
yadL_yadM_yadC_yadK_predicted,0.5,1,1,GTTAAGCGTCCGCTAGGTGT,0,4383946
yadL_yadM_yadC_yadK_predicted,0.5,1,1,GTTAACTATGCCAGGAATTC,0,4376931
yadL_yadM_yadC_yadK_predicted,0.5,1,1,GTTAACCCAGCATGGAACAT,0,4372872
yadL_yadM_yadC_yadK_predicted,0.5,1,1,GTTAACACGAGAACTTGTTC,0,4385335
yadL_yadM_yadC_yadK_predicted,0.5,1,1,GTTAAAGTACCTGTATCGCA,0,4391815
yadL_yadM_yadC_yadK_predicted,0.5,1,1,GTTAAACCGGCGCCAGCTCA,0,4397834
yadL_yadM_yadC_yadK_predicted,0.5,1,1,GTGTTGTCGCAGGTAGGAAT,0,4394982
yadL_yadM_yadC_yadK_predicted,0.5,1,1,GTGTTCGTTTAATGTTGACC,0,4375904
yadL_yadM_yadC_yadK_predicted,0.5,1,1,GTGTGGTTTGGGAGGCCACC,0,4375331
yadL_yadM_yadC_yadK_predicted,0.5,1,1,GTGTCAGTTTCCTATTGTGA,0,4399666
yadL_yadM_yadC_yadK_predicted,0.5,1,1,GTGTAGTTGATATCCGGGGA,0,4379756
yadL_yadM_yadC_yadK_predicted,0.5,1,1,GTGTACTTTGGCTAGGTTGC,0,4395600
yadL_yadM_yadC_yadK_predicted,0.5,1,1,GTGGTATCGGCGAATGGTTA,0,4392153
yadL_yadM_yadC_yadK_predicted,0.5,1,1,GTGGGGTATAGCTAAAACTC,0,4383231
yadL_yadM_yadC_yadK_predicted,0.5,1,1,GTGGGCTCAGGTAGTCATGA,0,4390275
yadL_yadM_yadC_yadK_predicted,0.5,1,1,GTGGCCCTGTAAGGGGAATC,0,4398370
yadL_yadM_yadC_yadK_predicted,0.5,1,1,GTGGCAGTCCAAAATTCAGT,0,4372318
yadL_yadM_yadC_yadK_predicted,0.5,1,1,GTGGCAGACCTGTAAAGTGA,0,4385460
yadL_yadM_yadC_yadK_predicted,0.5,1,1,GTGGAAAAGTTGCCATCTGC,0,4398264
yadL_yadM_yadC_yadK_predicted,0.5,1,1,GTGCTTTCTCAGTTGATGAG,0,4388187
yadL_yadM_yadC_yadK_predicted,0.5,1,1,GTGCTCCTACGGACGATCAC,0,4372386
yadL_yadM_yadC_yadK_predicted,0.5,1,1,GTGCCCATAGACGTAGTTCA,0,4399654
yadL_yadM_yadC_yadK_predicted,0.5,1,1,GTGCACCGTCGTCATGATCC,0,4398330
yadL_yadM_yadC_yadK_predicted,0.5,1,1,GTGATTGAGCACCGCACAGG,0,4378416
yadL_yadM_yadC_yadK_predicted,0.5,1,1,GTGATCGTTACAAACCAGAT,0,4390757
yadL_yadM_yadC_yadK_predicted,0.5,1,1,GTGAGTTAGGCTCACTATTA,0,4397256
yadL_yadM_yadC_yadK_predicted,0.5,1,1,GTGAGTGCGTGCAGGGGAAG,0,4374213
yadL_yadM_yadC_yadK_predicted,0.5,1,1,GTGAGAGTGGCCCACGCCCT,0,4379228
yadL_yadM_yadC_yadK_predicted,0.5,1,1,GTGAATCGCGCCATCCGGCA,0,4384469
yadL_yadM_yadC_yadK_predicted,0.5,1,1,GTGAAAGTTTGCTGGCATAA,0,4383244
yadL_yadM_yadC_yadK_predicted,0.5,1,1,GTCTTATTTAACGCTCCTTT,0,4374784
yadL_yadM_yadC_yadK_predicted,0.5,1,1,GTCTTAAAATACGTGCGGTT,0,4392951
yadL_yadM_yadC_yadK_predicted,0.5,1,1,GTCTGTGTTATTTACCGTGG,0,4374864
yadL_yadM_yadC_yadK_predicted,0.5,1,1,GTCTGGGCCACAATGGCAGA,0,4393954
yadL_yadM_yadC_yadK_predicted,0.5,1,1,GTCTGATAGGCAGCAGTCCA,0,4394173
yadL_yadM_yadC_yadK_predicted,0.5,1,1,GTCTATGGTTCGTTTTCCAG,0,4400978
yadL_yadM_yadC_yadK_predicted,0.5,1,1,GTCTACTACCAACGAACCCT,0,4387427
yadL_yadM_yadC_yadK_predicted,0.5,1,1,GTCTACCGCGCACCAAATTA,0,4385026
yadL_yadM_yadC_yadK_predicted,0.5,1,1,GTCTACCGCCCAACTTCGAC,0,4396794
yadL_yadM_yadC_yadK_predicted,0.5,1,1,GTCGTTTATTCTTCACAAGT,0,4397561
yadL_yadM_yadC_yadK_predicted,0.5,1,1,GTCGGCGGTTTACCGTTAAG,0,4376453
yadL_yadM_yadC_yadK_predicted,0.5,1,1,GTCGCGTAATAAGGTATGAG,0,4388556
yadL_yadM_yadC_yadK_predicted,0.5,1,1,GTCGCGGCGATACCTAGTGG,0,4380047
yadL_yadM_yadC_yadK_predicted,0.5,1,1,GTCGCAAGGCCCCTTACGTC,0,4386703
yadL_yadM_yadC_yadK_predicted,0.5,1,1,GTCCGCCCTGGGGTGTCCTC,0,4388252
yadL_yadM_yadC_yadK_predicted,0.5,1,1,GTCCGCCAACGAATACACGA,0,4381837
yadL_yadM_yadC_yadK_predicted,0.5,1,1,GTCCCCCCTTTGAAGTTCTG,0,4385385
yadL_yadM_yadC_yadK_predicted,0.5,1,1,GTCCCCCAGAGCACCCTTCT,0,4370882
yadL_yadM_yadC_yadK_predicted,0.5,1,1,GTCCAGTCATAAACTAATGA,0,4382009
yadL_yadM_yadC_yadK_predicted,0.5,1,1,GTCCAGAATCAGAGAATCTA,0,4374292
yadL_yadM_yadC_yadK_predicted,0.5,1,1,GTCATTTCGGTAGGTCCGGC,0,4400669
yadL_yadM_yadC_yadK_predicted,0.5,1,1,GTCAGTTCGAGTGAACGCTT,0,4381997
yadL_yadM_yadC_yadK_predicted,0.5,1,1,GTCAGCGATATGGGCGTCTG,0,4376941
yadL_yadM_yadC_yadK_predicted,0.5,1,1,GTCAGCAGATTAACGTGAAC,0,4371368
yadL_yadM_yadC_yadK_predicted,0.5,1,1,GTCAGACTTTCAACGCTTCT,0,4392682
yadL_yadM_yadC_yadK_predicted,0.5,1,1,GTCACTTTTGGTCGGAACAT,0,4378388
yadL_yadM_yadC_yadK_predicted,0.5,1,1,GTCACGCCCGCGGGTCACAT,0,4378001
yadL_yadM_yadC_yadK_predicted,0.5,1,1,GTCACGAGGGGTTCTTGACG,0,4377351
yadL_yadM_yadC_yadK_predicted,0.5,1,1,GTCACCAGAGCCGGAGCTAT,0,4381109
yadL_yadM_yadC_yadK_predicted,0.5,1,1,GTCAATCGTTACGCGTACCC,0,4379426
yadL_yadM_yadC_yadK_predicted,0.5,1,1,GTATTTCCTGGAGCGCCAAG,0,4372316
yadL_yadM_yadC_yadK_predicted,0.5,1,1,GTATTCGGGATTAAGCGTTG,0,4380124
yadL_yadM_yadC_yadK_predicted,0.5,1,1,GTATTAGCATCTCTCGCTCT,0,4401510
yadL_yadM_yadC_yadK_predicted,0.5,1,1,GTATGTATTCAATTAGCGGT,0,4391770
yadL_yadM_yadC_yadK_predicted,0.5,1,1,GTATGGGACATAATCGGGAA,0,4372328
yadL_yadM_yadC_yadK_predicted,0.5,1,1,GTATGCCCGGCAGATCTCAT,0,4376406
yadL_yadM_yadC_yadK_predicted,0.5,1,1,GTATCTGCGGGCAACCTTTC,0,4402329
yadL_yadM_yadC_yadK_predicted,0.5,1,1,GTATATTATCTCCTATTCTG,0,4388249
yadL_yadM_yadC_yadK_predicted,0.5,1,1,GTATATGTGAAACTCCGGCC,0,4376761
yadL_yadM_yadC_yadK_predicted,0.5,1,1,GTATAGCTTCACTAATAGAT,0,4384293
yadL_yadM_yadC_yadK_predicted,0.5,1,1,GTATACTCGTATACCGAGAG,0,4380200
yadL_yadM_yadC_yadK_predicted,0.5,1,1,GTATACCTGCCACCACCATT,0,4375577
yadL_yadM_yadC_yadK_predicted,0.5,1,1,GTATAAAGCAGGTAATAGCT,0,4382611
yadL_yadM_yadC_yadK_predicted,0.5,1,1,GTAGTGTTCCCCGGGAGTGT,0,4393510
yadL_yadM_yadC_yadK_predicted,0.5,1,1,GTAGGGTTAAAGACCACATT,0,4392807
yadL_yadM_yadC_yadK_predicted,0.5,1,1,GTAGGGGCTGACGGTTAGGA,0,4374303
yadL_yadM_yadC_yadK_predicted,0.5,1,1,GTAGGACGTCTTCAACAAGC,0,4380112
yadL_yadM_yadC_yadK_predicted,0.5,1,1,GTAGGACGTAGCCCTAACAT,0,4390500
yadL_yadM_yadC_yadK_predicted,0.5,1,1,GTAGAGCGTATGGTGAAGAC,0,4379021
yadL_yadM_yadC_yadK_predicted,0.5,1,1,GTACTGTCCGCACCAGACGA,0,4384672
yadL_yadM_yadC_yadK_predicted,0.5,1,1,GTACTCATCAAATGGCGAGA,0,4393617
yadL_yadM_yadC_yadK_predicted,0.5,1,1,GTACGGGCTCCAAACAAGGA,0,4370975
yadL_yadM_yadC_yadK_predicted,0.5,1,1,GTACCCCAGCGTTGATATTG,0,4376294
yadL_yadM_yadC_yadK_predicted,0.5,1,1,GTACCACAAATAACTCTGTA,0,4402227
yadL_yadM_yadC_yadK_predicted,0.5,1,1,GTACATCGACTAAAATGGAT,0,4374049
yadL_yadM_yadC_yadK_predicted,0.5,1,1,GTACAATGAAATAGAGTTTA,0,4391673
yadL_yadM_yadC_yadK_predicted,0.5,1,1,GTAATTTGAACGGTTCACTT,0,4383945
yadL_yadM_yadC_yadK_predicted,0.5,1,1,GTAATTAACTAGAGGGGAAT,0,4377774
yadL_yadM_yadC_yadK_predicted,0.5,1,1,GTAATGGACTACATATCGAT,0,4386130
yadL_yadM_yadC_yadK_predicted,0.5,1,1,GTAAGGTATGCGTAACGCAT,0,4375069
yadL_yadM_yadC_yadK_predicted,0.5,1,1,GTAACCTTAGGGTGAATGGC,0,4372965
yadL_yadM_yadC_yadK_predicted,0.5,1,1,GTAACATCCAGTTCCCGGTA,0,4402327
yadL_yadM_yadC_yadK_predicted,0.5,1,1,GTAAAATCTTTACCCTTGGT,0,4392529
yadL_yadM_yadC_yadK_predicted,0.5,1,1,GGTTTTGCAGGACTCTGTTG,0,4380707
yadL_yadM_yadC_yadK_predicted,0.5,1,1,GGTTTCAGGCACTGAACTCA,0,4376951
yadL_yadM_yadC_yadK_predicted,0.5,1,1,GGTTGTCGTCCCCAGTATCT,0,4398566
yadL_yadM_yadC_yadK_predicted,0.5,1,1,GGTTGGCTCCGTCCGCACAG,0,4376376
yadL_yadM_yadC_yadK_predicted,0.5,1,1,GGTTCTATGCAGCTCTTAAA,0,4389125
yadL_yadM_yadC_yadK_predicted,0.5,1,1,GGTTAGTCCAATGGTCAACT,0,4391643
yadL_yadM_yadC_yadK_predicted,0.5,1,1,GGTTAGGCGGAGTACATTTT,0,4376094
yadL_yadM_yadC_yadK_predicted,0.5,1,1,GGTTAGCTGGGTGTTGCGGC,0,4377127
yadL_yadM_yadC_yadK_predicted,0.5,1,1,GGTTAGATTTAATACAGATG,0,4395406
yadL_yadM_yadC_yadK_predicted,0.5,1,1,GGTGGTTAGATTGCGTTCCA,0,4393224
yadL_yadM_yadC_yadK_predicted,0.5,1,1,GGTGGGACCACAGGCCGAAT,0,4381962
yadL_yadM_yadC_yadK_predicted,0.5,1,1,GGTGGCATACAAAGAGTTAA,0,4401888
yadL_yadM_yadC_yadK_predicted,0.5,1,1,GGTGGCACATTCACTCACAT,0,4400880
yadL_yadM_yadC_yadK_predicted,0.5,1,1,GGTGCTGCAGCGGGTAGCAA,0,4384689
yadL_yadM_yadC_yadK_predicted,0.5,1,1,GGTGCGTACTTACGGACGCC,0,4387098
yadL_yadM_yadC_yadK_predicted,0.5,1,1,GGTGCGCGGTCGAATTTACA,0,4387000
yadL_yadM_yadC_yadK_predicted,0.5,1,1,GGTGCCTGCACTATCGCACG,0,4391700
yadL_yadM_yadC_yadK_predicted,0.5,1,1,GGTGATAGGGTTACCGGTTT,0,4401016
yadL_yadM_yadC_yadK_predicted,0.5,1,1,GGTGACCCCGGGGGATAAGT,0,4395708
yadL_yadM_yadC_yadK_predicted,0.5,1,1,GGTGAAGGTACGTATTTATC,0,4387302
yadL_yadM_yadC_yadK_predicted,0.5,1,1,GGTGAAGAACTGATTGCCGC,0,4385300
yadL_yadM_yadC_yadK_predicted,0.5,1,1,GGTCTTTGCCCTCCACGGCG,0,4397661
yadL_yadM_yadC_yadK_predicted,0.5,1,1,GGTCTCATTATATTTCGGGT,0,4388284
yadL_yadM_yadC_yadK_predicted,0.5,1,1,GGTCGCGGGAGTCACGCGCC,0,4391917
yadL_yadM_yadC_yadK_predicted,0.5,1,1,GGTCGCATATTTGTTATTGA,0,4375976
yadL_yadM_yadC_yadK_predicted,0.5,1,1,GGTCCCCCGTTACTTACTGA,0,4392941
yadL_yadM_yadC_yadK_predicted,0.5,1,1,GGTCCCAAATGCAGGAACGC,0,4387826
yadL_yadM_yadC_yadK_predicted,0.5,1,1,GGTCAGTGAGCCGCCAATTT,0,4377458
yadL_yadM_yadC_yadK_predicted,0.5,1,1,GGTCAGAATCTGCAAGGATC,0,4381635
yadL_yadM_yadC_yadK_predicted,0.5,1,1,GGTCAATCACTTCAGAAACG,0,4390452
yadL_yadM_yadC_yadK_predicted,0.5,1,1,GGTCAACAAGTATAGCTCTT,0,4385276
yadL_yadM_yadC_yadK_predicted,0.5,1,1,GGTATTTGGAATGCGCCTTA,0,4396895
yadL_yadM_yadC_yadK_predicted,0.5,1,1,GGTATCGCCGGTCACCGGTT,0,4391465
yadL_yadM_yadC_yadK_predicted,0.5,1,1,GGTATATACTTGAGAATCAG,0,4372260
yadL_yadM_yadC_yadK_predicted,0.5,1,1,GGTAGTGATCTTCGACGTCT,0,4396352
yadL_yadM_yadC_yadK_predicted,0.5,1,1,GGTAGGTGTGAGACACTAGA,0,4371528
yadL_yadM_yadC_yadK_predicted,0.5,1,1,GGTACAGACTCAGCATCGGT,0,4385362
yadL_yadM_yadC_yadK_predicted,0.5,1,1,GGTACAAAGTCTCGCTCCAA,0,4384720
yadL_yadM_yadC_yadK_predicted,0.5,1,1,GGTAACTAGGTCCGCGTACA,0,4397833
yadL_yadM_yadC_yadK_predicted,0.5,1,1,GGGTTGGTGTTATAGAAGTC,0,4380075
yadL_yadM_yadC_yadK_predicted,0.5,1,1,GGGTTCCAGTCAAGTTCATA,0,4373662
yadL_yadM_yadC_yadK_predicted,0.5,1,1,GGGTTATTGGGTCACCCATA,0,4398093
yadL_yadM_yadC_yadK_predicted,0.5,1,1,GGGTTATTCATCCAGTCTTT,0,4388944
yadL_yadM_yadC_yadK_predicted,0.5,1,1,GGGTTATTAATTGCGCACTC,0,4376660
yadL_yadM_yadC_yadK_predicted,0.5,1,1,GGGTTACATTCTACTTATAT,0,4399608
yadL_yadM_yadC_yadK_predicted,0.5,1,1,GGGTTAAAGGGGGATTACAA,0,4389153
yadL_yadM_yadC_yadK_predicted,0.5,1,1,GGGTGGGCCGTGACTGCTCC,0,4375213
yadL_yadM_yadC_yadK_predicted,0.5,1,1,GGGTCCCAAATGTTATGGGG,0,4395651
yadL_yadM_yadC_yadK_predicted,0.5,1,1,GGGTATCGCTGCATTAACCC,0,4394547
yadL_yadM_yadC_yadK_predicted,0.5,1,1,GGGTAACACTGTACGGCTAG,0,4377233
yadL_yadM_yadC_yadK_predicted,0.5,1,1,GGGGTTCCGATCATCAGGGG,0,4390746
yadL_yadM_yadC_yadK_predicted,0.5,1,1,GGGGTGCGTGCAGGGACTCA,0,4385718
yadL_yadM_yadC_yadK_predicted,0.5,1,1,GGGGTGCATCGCAGTGGGGG,0,4384373
yadL_yadM_yadC_yadK_predicted,0.5,1,1,GGGGTCGGATGCCGGCACTA,0,4387754
yadL_yadM_yadC_yadK_predicted,0.5,1,1,GGGGTAGTCAAGGCGGGCCA,0,4381224
yadL_yadM_yadC_yadK_predicted,0.5,1,1,GGGGGTGGTCATTGAGTGCT,0,4401849
yadL_yadM_yadC_yadK_predicted,0.5,1,1,GGGGGGTCCCGCCCCAACAT,0,4379275
yadL_yadM_yadC_yadK_predicted,0.5,1,1,GGGGGGACAAAGGACTGGCT,0,4400896
yadL_yadM_yadC_yadK_predicted,0.5,1,1,GGGGGCTGTACGTGCCTTGA,0,4382149
yadL_yadM_yadC_yadK_predicted,0.5,1,1,GGGGGCGGTGATAAATGTAA,0,4394386
yadL_yadM_yadC_yadK_predicted,0.5,1,1,GGGGGAACTATGCACGAGGG,0,4384690
yadL_yadM_yadC_yadK_predicted,0.5,1,1,GGGGCAGAGAAAGTGGGGGG,0,4379252
yadL_yadM_yadC_yadK_predicted,0.5,1,1,GGGGAGGCCACAAATCCCCT,0,4376922
yadL_yadM_yadC_yadK_predicted,0.5,1,1,GGGCTTCTACGGTACCTCGA,0,4376121
yadL_yadM_yadC_yadK_predicted,0.5,1,1,GGGCGTGCGGGTTTTAGCTG,0,4393976
yadL_yadM_yadC_yadK_predicted,0.5,1,1,GGGCGGACCAGGATCATGGC,0,4376202
yadL_yadM_yadC_yadK_predicted,0.5,1,1,GGGCGCTTTGGTTAATCAAA,0,4391785
yadL_yadM_yadC_yadK_predicted,0.5,1,1,GGGCGCTACTGTGACGTGGT,0,4372964
yadL_yadM_yadC_yadK_predicted,0.5,1,1,GGGCGCCACTCGCCGGGGCT,0,4383012
yadL_yadM_yadC_yadK_predicted,0.5,1,1,GGGCGATTCTGCACGGCCTA,0,4374710
yadL_yadM_yadC_yadK_predicted,0.5,1,1,GGGCCTTTCACAATTCCTTA,0,4389963
yadL_yadM_yadC_yadK_predicted,0.5,1,1,GGGCCTGGACTAGCTTAGCG,0,4380040
yadL_yadM_yadC_yadK_predicted,0.5,1,1,GGGCCGACCAGCCTGGGGTT,0,4402116
yadL_yadM_yadC_yadK_predicted,0.5,1,1,GGGATTTGAGAAGGTCATTG,0,4399180
yadL_yadM_yadC_yadK_predicted,0.5,1,1,GGGAGTCGGAGGGTGAACGG,0,4374813
yadL_yadM_yadC_yadK_predicted,0.5,1,1,GGGAGGCAGCACGGCTACCC,0,4375713
yadL_yadM_yadC_yadK_predicted,0.5,1,1,GGGAGCCAGTATTTCTGACT,0,4400396
yadL_yadM_yadC_yadK_predicted,0.5,1,1,GGGACTTAGTTTACACATGA,0,4386209
yadL_yadM_yadC_yadK_predicted,0.5,1,1,GGGAAGAATATTAATCGGAT,0,4388966
yadL_yadM_yadC_yadK_predicted,0.5,1,1,GGGAACGGTAGATAAAACTG,0,4396846
yadL_yadM_yadC_yadK_predicted,0.5,1,1,GGGAAACATCTACCGCATAA,0,4374720
yadL_yadM_yadC_yadK_predicted,0.5,1,1,GGCTTTTGGTGTCGTCGATT,0,4385286
yadL_yadM_yadC_yadK_predicted,0.5,1,1,GGCTTTTCCGGCCGAGATCA,0,4386011
yadL_yadM_yadC_yadK_predicted,0.5,1,1,GGCTTTCGCTGTATTACTCG,0,4395909
yadL_yadM_yadC_yadK_predicted,0.5,1,1,GGCTTTATAGTTGCGGACAG,0,4373661
yadL_yadM_yadC_yadK_predicted,0.5,1,1,GGCTTGTATGTTCAAAACGC,0,4396332
yadL_yadM_yadC_yadK_predicted,0.5,1,1,GGCTTGACGAGACGTGAAGT,0,4376019
yadL_yadM_yadC_yadK_predicted,0.5,1,1,GGCTTCCCGGTCCCCGTGGG,0,4385616
yadL_yadM_yadC_yadK_predicted,0.5,1,1,GGCTTCAACAGAGTTCACGT,0,4401854
yadL_yadM_yadC_yadK_predicted,0.5,1,1,GGCTTAGGAACCGTGCGAGT,0,4381598
yadL_yadM_yadC_yadK_predicted,0.5,1,1,GGCTTACGCCCACCGTGCGG,0,4375182
yadL_yadM_yadC_yadK_predicted,0.5,1,1,GGCTGCGGCGTGAGTGGCTG,0,4401372
yadL_yadM_yadC_yadK_predicted,0.5,1,1,GGCTGATCCTCGAATAGAAT,0,4396191
yadL_yadM_yadC_yadK_predicted,0.5,1,1,GGCTCTATTTAATGCTCGGG,0,4385547
yadL_yadM_yadC_yadK_predicted,0.5,1,1,GGCTCTACTCCAATATTAAT,0,4380373
yadL_yadM_yadC_yadK_predicted,0.5,1,1,GGCTCGAGATCCGATATAGT,0,4400359
yadL_yadM_yadC_yadK_predicted,0.5,1,1,GGCTAAACTGGTCAAGCCCA,0,4386844
yadL_yadM_yadC_yadK_predicted,0.5,1,1,GGCGTGTTCCTTCAATCGAA,0,4383013
yadL_yadM_yadC_yadK_predicted,0.5,1,1,GGCGTACTCTAGGTTATATG,0,4370980
yadL_yadM_yadC_yadK_predicted,0.5,1,1,GGCGGTTACGTAGCACGCAT,0,4376169
yadL_yadM_yadC_yadK_predicted,0.5,1,1,GGCGGTGCGGCGCACAAGAG,0,4396315
yadL_yadM_yadC_yadK_predicted,0.5,1,1,GGCGGGCCAGTGACTGACCA,0,4380496
yadL_yadM_yadC_yadK_predicted,0.5,1,1,GGCGGCCCCGGAAGGCACGT,0,4384387
yadL_yadM_yadC_yadK_predicted,0.5,1,1,GGCGGAGTTAGTTTCATAGC,0,4375292
yadL_yadM_yadC_yadK_predicted,0.5,1,1,GGCGGAGTACAGTCCTTGGC,0,4380984
yadL_yadM_yadC_yadK_predicted,0.5,1,1,GGCGGAATGCTAGCCTGGAA,0,4377179
yadL_yadM_yadC_yadK_predicted,0.5,1,1,GGCGCGTACAAGCAGCGCGG,0,4371038
yadL_yadM_yadC_yadK_predicted,0.5,1,1,GGCGCCGATGACGCGGGCTG,0,4386920
yadL_yadM_yadC_yadK_predicted,0.5,1,1,GGCGCCATGATCAGCTTTCC,0,4379216
yadL_yadM_yadC_yadK_predicted,0.5,1,1,GGCGCATCAGCAATGTCGCG,0,4379239
yadL_yadM_yadC_yadK_predicted,0.5,1,1,GGCGATGGAGACGATCCACG,0,4379732
yadL_yadM_yadC_yadK_predicted,0.5,1,1,GGCGATCGGTTACGACGTTA,0,4380289
yadL_yadM_yadC_yadK_predicted,0.5,1,1,GGCCTACCGTAGAAAGTCAA,0,4379736
yadL_yadM_yadC_yadK_predicted,0.5,1,1,GGCCCGTTTACACTTTGATC,0,4371477
yadL_yadM_yadC_yadK_predicted,0.5,1,1,GGCCCAGGTGTTTCAATAAC,0,4381596
yadL_yadM_yadC_yadK_predicted,0.5,1,1,GGCCAGCGCGGTAGTGAGGA,0,4384201
yadL_yadM_yadC_yadK_predicted,0.5,1,1,GGCCAGACAAGTAACAAGCG,0,4384692
yadL_yadM_yadC_yadK_predicted,0.5,1,1,GGCCACGGCTCATACGCACG,0,4384286
yadL_yadM_yadC_yadK_predicted,0.5,1,1,GGCCACAAGCCAGTGATTTT,0,4397522
yadL_yadM_yadC_yadK_predicted,0.5,1,1,GGCATTAGTAGGCTCGCTGA,0,4375432
yadL_yadM_yadC_yadK_predicted,0.5,1,1,GGCATGAGAATGCCGTTTTG,0,4396461
yadL_yadM_yadC_yadK_predicted,0.5,1,1,GGCAGAATCGGGTAGGTTGA,0,4374046
yadL_yadM_yadC_yadK_predicted,0.5,1,1,GGCACGTTGTGTACGTTGCA,0,4375662
yadL_yadM_yadC_yadK_predicted,0.5,1,1,GGCACCGAGTTAAGGGTTGT,0,4390828
yadL_yadM_yadC_yadK_predicted,0.5,1,1,GGATTGTTCGGGGCGAAGGT,0,4378754
yadL_yadM_yadC_yadK_predicted,0.5,1,1,GGATTAGACGACAAAGACGT,0,4390835
yadL_yadM_yadC_yadK_predicted,0.5,1,1,GGATGGGATTGTATCAACTG,0,4386331
yadL_yadM_yadC_yadK_predicted,0.5,1,1,GGATGGACATACCACACAGT,0,4396444
yadL_yadM_yadC_yadK_predicted,0.5,1,1,GGATGATAATATCACGAGTC,0,4394101
yadL_yadM_yadC_yadK_predicted,0.5,1,1,GGATCGGGGCTAGAACGTGG,0,4383591
yadL_yadM_yadC_yadK_predicted,0.5,1,1,GGATCCTACATAACCCCTAC,0,4372205
yadL_yadM_yadC_yadK_predicted,0.5,1,1,GGATATCGCAGACGCCGTTT,0,4390294
yadL_yadM_yadC_yadK_predicted,0.5,1,1,GGATAGGACGCGCACCCCTT,0,4387161
yadL_yadM_yadC_yadK_predicted,0.5,1,1,GGATAAGGCTAGAATGTTTA,0,4384917
yadL_yadM_yadC_yadK_predicted,0.5,1,1,GGAGTTCTTCAAATGTGCCG,0,4382929
yadL_yadM_yadC_yadK_predicted,0.5,1,1,GGAGTATAGTGAACCTACCG,0,4388342
yadL_yadM_yadC_yadK_predicted,0.5,1,1,GGAGTATAGCTTGCGTTAGA,0,4387857
yadL_yadM_yadC_yadK_predicted,0.5,1,1,GGAGGTACTGCTAACAACTC,0,4379045
yadL_yadM_yadC_yadK_predicted,0.5,1,1,GGAGGCGCACTTGCAAACAA,0,4380336
yadL_yadM_yadC_yadK_predicted,0.5,1,1,GGAGCGGAGCCCAGCGGACC,0,4384905
yadL_yadM_yadC_yadK_predicted,0.5,1,1,GGAGCGCTCTGGTAAACGGA,0,4370134
yadL_yadM_yadC_yadK_predicted,0.5,1,1,GGAGCGCGCCGTTGAAATTA,0,4401047
yadL_yadM_yadC_yadK_predicted,0.5,1,1,GGACTCGAGGTATAAGTCGC,0,4381164
yadL_yadM_yadC_yadK_predicted,0.5,1,1,GGACTCCGACATCAGATGTC,0,4400380
yadL_yadM_yadC_yadK_predicted,0.5,1,1,GGACTCATGGGTTGATGGAT,0,4397595
yadL_yadM_yadC_yadK_predicted,0.5,1,1,GGACTAGGGCCAGGCGTATC,0,4377052
yadL_yadM_yadC_yadK_predicted,0.5,1,1,GGACGGTTGCGAACTGGGTC,0,4385254
yadL_yadM_yadC_yadK_predicted,0.5,1,1,GGACCTGGATGTTGCGTCAT,0,4385203
yadL_yadM_yadC_yadK_predicted,0.5,1,1,GGACCTACTCACCGGAATCC,0,4394683
yadL_yadM_yadC_yadK_predicted,0.5,1,1,GGACCGTATATGTGCTGAAT,0,4374903
yadL_yadM_yadC_yadK_predicted,0.5,1,1,GGACAACTTGGCCGAACCCT,0,4375911
yadL_yadM_yadC_yadK_predicted,0.5,1,1,GGAATCGGGGAGGAGCATCA,0,4376674
yadL_yadM_yadC_yadK_predicted,0.5,1,1,GGAAGGCTTAGAATCCGCTG,0,4389127
yadL_yadM_yadC_yadK_predicted,0.5,1,1,GGAAACCGTAGTGATGCTAA,0,4381816
yadL_yadM_yadC_yadK_predicted,0.5,1,1,GCTTTTTTAAGTTGTATCAC,0,4396437
yadL_yadM_yadC_yadK_predicted,0.5,1,1,GCTTTGTTTCCAGACTGGCG,0,4383309
yadL_yadM_yadC_yadK_predicted,0.5,1,1,GCTTGTAAATTTTTATGGGA,0,4384648
yadL_yadM_yadC_yadK_predicted,0.5,1,1,GCTTGGACCCCAGTTCCAGC,0,4374916
yadL_yadM_yadC_yadK_predicted,0.5,1,1,GCTTGCTTCAGGCGATGGAC,0,4385364
yadL_yadM_yadC_yadK_predicted,0.5,1,1,GCTTGCAGAACCCATGCAAA,0,4393232
yadL_yadM_yadC_yadK_predicted,0.5,1,1,GCTTCTTGTCGTTGCAGTGG,0,4375316
yadL_yadM_yadC_yadK_predicted,0.5,1,1,GCTTCTCACTTACCGGCAAA,0,4381182
yadL_yadM_yadC_yadK_predicted,0.5,1,1,GCTTCTAAGGACGGTGTAAT,0,4394994
yadL_yadM_yadC_yadK_predicted,0.5,1,1,GCTTCGGGAAATGCTGGCAG,0,4393071
yadL_yadM_yadC_yadK_predicted,0.5,1,1,GCTTCCAGACCTTAAGGGGA,0,4371272
yadL_yadM_yadC_yadK_predicted,0.5,1,1,GCTTCACGGTTTAAGTCTAC,0,4399630
yadL_yadM_yadC_yadK_predicted,0.5,1,1,GCTGTTCCTGCTCTGGCCTT,0,4371090
yadL_yadM_yadC_yadK_predicted,0.5,1,1,GCTGGTTTACAAATAAGGTA,0,4396058
yadL_yadM_yadC_yadK_predicted,0.5,1,1,GCTGGCTCATAAGCGAGCGT,0,4376250
yadL_yadM_yadC_yadK_predicted,0.5,1,1,GCTGGACTTATGAGTGACAA,0,4375269
yadL_yadM_yadC_yadK_predicted,0.5,1,1,GCTGCTTCCTAAAAGCCCAA,0,4375143
yadL_yadM_yadC_yadK_predicted,0.5,1,1,GCTGCTATCTGGACGGGTCG,0,4401481
yadL_yadM_yadC_yadK_predicted,0.5,1,1,GCTGCGTAGTATATTTTTGA,0,4394874
yadL_yadM_yadC_yadK_predicted,0.5,1,1,GCTGCCATTGCCCGTGTTGT,0,4389733
yadL_yadM_yadC_yadK_predicted,0.5,1,1,GCTGATGACCATTAAACTAA,0,4379317
yadL_yadM_yadC_yadK_predicted,0.5,1,1,GCTCTTGGAGACGCATTCTT,0,4393179
yadL_yadM_yadC_yadK_predicted,0.5,1,1,GCTCGTGATAGCGTTTCGGT,0,4383744
yadL_yadM_yadC_yadK_predicted,0.5,1,1,GCTCGGTAGCTGAATAGCGG,0,4387453
yadL_yadM_yadC_yadK_predicted,0.5,1,1,GCTCGGGACGAAGCGACGGC,0,4392855
yadL_yadM_yadC_yadK_predicted,0.5,1,1,GCTCGGACCCGAAGTTTAGC,0,4372168
yadL_yadM_yadC_yadK_predicted,0.5,1,1,GCTCGGACCCCCTACCCACC,0,4397133
yadL_yadM_yadC_yadK_predicted,0.5,1,1,GCTCGGACACGAGTGGATTC,0,4371162
yadL_yadM_yadC_yadK_predicted,0.5,1,1,GCTCGGAAGGCATACGGACA,0,4375124
yadL_yadM_yadC_yadK_predicted,0.5,1,1,GCTCGCGTCTCATAGGTTGA,0,4377870
yadL_yadM_yadC_yadK_predicted,0.5,1,1,GCTCGATAAATAGGCTGTTT,0,4380358
yadL_yadM_yadC_yadK_predicted,0.5,1,1,GCTCGAACCAGGTGTATCAG,0,4376461
yadL_yadM_yadC_yadK_predicted,0.5,1,1,GCTCCAATGATATCACAAAG,0,4370323
yadL_yadM_yadC_yadK_predicted,0.5,1,1,GCTCATGAATACGGCTTGGG,0,4393659
yadL_yadM_yadC_yadK_predicted,0.5,1,1,GCTCAGCCTTGAGTACTGTC,0,4384583
yadL_yadM_yadC_yadK_predicted,0.5,1,1,GCTCACGGCATACATTTATT,0,4381353
yadL_yadM_yadC_yadK_predicted,0.5,1,1,GCTATCGGATCTTTTGACCA,0,4373267
yadL_yadM_yadC_yadK_predicted,0.5,1,1,GCTAGTCTGTGGCTGGTGAG,0,4395680
yadL_yadM_yadC_yadK_predicted,0.5,1,1,GCTAATTGTTTTTCATATGT,0,4378367
yadL_yadM_yadC_yadK_predicted,0.5,1,1,GCTAATGAACAACGTGTAAG,0,4382119
yadL_yadM_yadC_yadK_predicted,0.5,1,1,GCTAAGGTTTACGCAAAGGT,0,4393888
yadL_yadM_yadC_yadK_predicted,0.5,1,1,GCTAAATAAAGACTCTCATA,0,4370868
yadL_yadM_yadC_yadK_predicted,0.5,1,1,GCGTTGTCGCAGACACGATA,0,4399750
yadL_yadM_yadC_yadK_predicted,0.5,1,1,GCGTTGGGTAGTCTTAGCGC,0,4372624
yadL_yadM_yadC_yadK_predicted,0.5,1,1,GCGTTCTCAAGGACTGGTCA,0,4373344
yadL_yadM_yadC_yadK_predicted,0.5,1,1,GCGTTCGCATGCATCACAAA,0,4393299
yadL_yadM_yadC_yadK_predicted,0.5,1,1,GCGTTAATATATAGCACTCG,0,4371498
yadL_yadM_yadC_yadK_predicted,0.5,1,1,GCGTGGTTAGGTAATCGTAG,0,4386935
yadL_yadM_yadC_yadK_predicted,0.5,1,1,GCGTCTGGGGTTGCGTCTGT,0,4370420
yadL_yadM_yadC_yadK_predicted,0.5,1,1,GCGTCCCTAACCGAAGGAGT,0,4379930
yadL_yadM_yadC_yadK_predicted,0.5,1,1,GCGTCCACGTCGAAGCCTCA,0,4372743
yadL_yadM_yadC_yadK_predicted,0.5,1,1,GCGTACTACGATCCCTGTGT,0,4394578
yadL_yadM_yadC_yadK_predicted,0.5,1,1,GCGTAAGCAGCAATCGCCGA,0,4373119
yadL_yadM_yadC_yadK_predicted,0.5,1,1,GCGGTCTAGTCCTGTGCGAT,0,4372917
yadL_yadM_yadC_yadK_predicted,0.5,1,1,GCGGTCCGTGGACAACGAAT,0,4375060
yadL_yadM_yadC_yadK_predicted,0.5,1,1,GCGGTATCGGGGCACTGGAT,0,4385366
yadL_yadM_yadC_yadK_predicted,0.5,1,1,GCGGTACCGAGAACAAAGGT,0,4402047
yadL_yadM_yadC_yadK_predicted,0.5,1,1,GCGGGATGTCGCTAGAAATT,0,4393704
yadL_yadM_yadC_yadK_predicted,0.5,1,1,GCGGCTCGGGACCGGGTTAA,0,4382049
yadL_yadM_yadC_yadK_predicted,0.5,1,1,GCGCTGGTTCAGTAAATGGC,0,4379692
yadL_yadM_yadC_yadK_predicted,0.5,1,1,GCGCTAAAGAGTGCAAATGA,0,4382156
yadL_yadM_yadC_yadK_predicted,0.5,1,1,GCGCGTCCCTTGGATGGGTT,0,4395127
yadL_yadM_yadC_yadK_predicted,0.5,1,1,GCGCGGATACATATACATGT,0,4399421
yadL_yadM_yadC_yadK_predicted,0.5,1,1,GCGCATGGCCAAGTATCCAC,0,4388647
yadL_yadM_yadC_yadK_predicted,0.5,1,1,GCGCACTCGTGCTCGTATCA,0,4392191
yadL_yadM_yadC_yadK_predicted,0.5,1,1,GCGCAAGGGGGTCCGATTGT,0,4385356
yadL_yadM_yadC_yadK_predicted,0.5,1,1,GCGCAACCCCGGTCTATTCG,0,4391455
yadL_yadM_yadC_yadK_predicted,0.5,1,1,GCGAGTATCGTTGGAGCTAG,0,4390573
yadL_yadM_yadC_yadK_predicted,0.5,1,1,GCGAGCATGCCTACTCGCCC,0,4379310
yadL_yadM_yadC_yadK_predicted,0.5,1,1,GCGAGAGATCGCGCGCGATG,0,4373967
yadL_yadM_yadC_yadK_predicted,0.5,1,1,GCGACGGAGTAGTTAGCATG,0,4377300
yadL_yadM_yadC_yadK_predicted,0.5,1,1,GCGAAAGCATGCCTCGACGG,0,4377435
yadL_yadM_yadC_yadK_predicted,0.5,1,1,GCCTTTTGGCCTTTACAGAC,0,4395347
yadL_yadM_yadC_yadK_predicted,0.5,1,1,GCCTTGCGTGTCAACGCCAC,0,4371088
yadL_yadM_yadC_yadK_predicted,0.5,1,1,GCCTTGAGGCTCGCGCATGC,0,4377839
yadL_yadM_yadC_yadK_predicted,0.5,1,1,GCCTTGAGGCGCGCGAGGGT,0,4382337
yadL_yadM_yadC_yadK_predicted,0.5,1,1,GCCTTCGTGGCAACAGTCAT,0,4383573
yadL_yadM_yadC_yadK_predicted,0.5,1,1,GCCTGTAAGTAATGTCAGGG,0,4396897
yadL_yadM_yadC_yadK_predicted,0.5,1,1,GCCTGGGAAGTACGCCAGGC,0,4394471
yadL_yadM_yadC_yadK_predicted,0.5,1,1,GCCTGCAAATTAGATGTGAT,0,4384155
yadL_yadM_yadC_yadK_predicted,0.5,1,1,GCCTGAGTCCGGCACCGTAC,0,4376468
yadL_yadM_yadC_yadK_predicted,0.5,1,1,GCCTGACGCTGCCTCTGTGG,0,4399073
yadL_yadM_yadC_yadK_predicted,0.5,1,1,GCCTGAACCGGACAAACAAA,0,4376338
yadL_yadM_yadC_yadK_predicted,0.5,1,1,GCCTCGCATTAATAATAAAT,0,4383172
yadL_yadM_yadC_yadK_predicted,0.5,1,1,GCCGGGTTAAAATCTGCAGT,0,4384749
yadL_yadM_yadC_yadK_predicted,0.5,1,1,GCCGGGAGGTCTGGCGTACC,0,4376694
yadL_yadM_yadC_yadK_predicted,0.5,1,1,GCCGGAATACCACATTAGCT,0,4381660
yadL_yadM_yadC_yadK_predicted,0.5,1,1,GCCGGAACTGATAATGCGGC,0,4379174
yadL_yadM_yadC_yadK_predicted,0.5,1,1,GCCGCCGGCCTCGATCTTGA,0,4385652
yadL_yadM_yadC_yadK_predicted,0.5,1,1,GCCGAGGTATGTCTGATAGG,0,4393364
yadL_yadM_yadC_yadK_predicted,0.5,1,1,GCCGACTGTGTATAGGCTAT,0,4377547
yadL_yadM_yadC_yadK_predicted,0.5,1,1,GCCGAAGATATTAATCCTCC,0,4370531
yadL_yadM_yadC_yadK_predicted,0.5,1,1,GCCCTATTTCATTAAAGACC,0,4396029
yadL_yadM_yadC_yadK_predicted,0.5,1,1,GCCCCTCTGCGGCGTACAAG,0,4373940
yadL_yadM_yadC_yadK_predicted,0.5,1,1,GCCCCATGTATGTCATTTAA,0,4386121
yadL_yadM_yadC_yadK_predicted,0.5,1,1,GCCCCACGCTGCAGCCCGCG,0,4374854
yadL_yadM_yadC_yadK_predicted,0.5,1,1,GCCCATCGTGGGGGCGAAAA,0,4378510
yadL_yadM_yadC_yadK_predicted,0.5,1,1,GCCCACTGTGTGGATTAAGC,0,4398355
yadL_yadM_yadC_yadK_predicted,0.5,1,1,GCCATCACGGAAGCAGAGCC,0,4399154
yadL_yadM_yadC_yadK_predicted,0.5,1,1,GCCAGGATGTCACTACGGTA,0,4375358
yadL_yadM_yadC_yadK_predicted,0.5,1,1,GCCAGCTGAAAGGATGGGTA,0,4398995
yadL_yadM_yadC_yadK_predicted,0.5,1,1,GCCACTATATGCTAGTGACT,0,4387858
yadL_yadM_yadC_yadK_predicted,0.5,1,1,GCCACGGTACTCGCGATCGC,0,4372780
yadL_yadM_yadC_yadK_predicted,0.5,1,1,GCCACGCGCGCCCATCGTTA,0,4392935
yadL_yadM_yadC_yadK_predicted,0.5,1,1,GCCACCGAAAAAGGATAGTT,0,4387073
yadL_yadM_yadC_yadK_predicted,0.5,1,1,GCCACAAAAGGGTAATGTAA,0,4393611
yadL_yadM_yadC_yadK_predicted,0.5,1,1,GCCAATTTTGCAGCAGTTCA,0,4382138
yadL_yadM_yadC_yadK_predicted,0.5,1,1,GCCAAGCGTCATGAGCAGCT,0,4393558
yadL_yadM_yadC_yadK_predicted,0.5,1,1,GCCAACGGGCTCATGAGCTT,0,4401999
yadL_yadM_yadC_yadK_predicted,0.5,1,1,GCATTTTTAAGGAATGGCAT,0,4390415
yadL_yadM_yadC_yadK_predicted,0.5,1,1,GCATTGACTTCTAAATCAGA,0,4399880
yadL_yadM_yadC_yadK_predicted,0.5,1,1,GCATTCGAGTCGCCGGGCAA,0,4400713
yadL_yadM_yadC_yadK_predicted,0.5,1,1,GCATTCCGACCACGTACGGG,0,4383360
yadL_yadM_yadC_yadK_predicted,0.5,1,1,GCATTATCGAGTTGGCCGGA,0,4400336
yadL_yadM_yadC_yadK_predicted,0.5,1,1,GCATGGAACTGCGAGGGATC,0,4375781
yadL_yadM_yadC_yadK_predicted,0.5,1,1,GCATATTATAATTCTCGGTA,0,4375916
yadL_yadM_yadC_yadK_predicted,0.5,1,1,GCATATCGCCGGCTCATTTG,0,4372510
yadL_yadM_yadC_yadK_predicted,0.5,1,1,GCATACGGGTCTCTTACGAT,0,4392051
yadL_yadM_yadC_yadK_predicted,0.5,1,1,GCATAATTTTCCGATAGAAA,0,4381270
yadL_yadM_yadC_yadK_predicted,0.5,1,1,GCAGTTTCTCCATGCGTTGT,0,4376125
yadL_yadM_yadC_yadK_predicted,0.5,1,1,GCAGTGGTGCAGGTCAAAAT,0,4388796
yadL_yadM_yadC_yadK_predicted,0.5,1,1,GCAGTCCGAAGAACTAAACT,0,4396376
yadL_yadM_yadC_yadK_predicted,0.5,1,1,GCAGTCATTGTGCCTTAGTA,0,4399017
yadL_yadM_yadC_yadK_predicted,0.5,1,1,GCAGGGCATTTTCGTGAGCG,0,4395933
yadL_yadM_yadC_yadK_predicted,0.5,1,1,GCAGCTTATGCGGGTCCCAC,0,4375479
yadL_yadM_yadC_yadK_predicted,0.5,1,1,GCACAACCCGTTACCTGGCA,0,4390534
yadL_yadM_yadC_yadK_predicted,0.5,1,1,GCAATACTCGGAGGGGCGAG,0,4386663
yadL_yadM_yadC_yadK_predicted,0.5,1,1,GCAAGATTCCAGGTATTTAT,0,4380044
yadL_yadM_yadC_yadK_predicted,0.5,1,1,GCAACTACAGTAAGGTTTGG,0,4386569
yadL_yadM_yadC_yadK_predicted,0.5,1,1,GCAACGAATTATCAGACATA,0,4389911
yadL_yadM_yadC_yadK_predicted,0.5,1,1,GCAACCTTGCGCGTTCCATC,0,4397800
yadL_yadM_yadC_yadK_predicted,0.5,1,1,GCAAATGGTGGTCGCTTCAC,0,4383520
yadL_yadM_yadC_yadK_predicted,0.5,1,1,GCAAATAGATGGTGAGTGGT,0,4400109
yadL_yadM_yadC_yadK_predicted,0.5,1,1,GCAAAATCACAACCGGCGAA,0,4382364
yadL_yadM_yadC_yadK_predicted,0.5,1,1,GCAAAATACTACTGGGCTCG,0,4370754
yadL_yadM_yadC_yadK_predicted,0.5,1,1,GATTGTGCATAGATGTTGTA,0,4385207
yadL_yadM_yadC_yadK_predicted,0.5,1,1,GATTGAAGCATTCTGGTACA,0,4393578
yadL_yadM_yadC_yadK_predicted,0.5,1,1,GATTCACAAGCTAGTGTCTC,0,4393628
yadL_yadM_yadC_yadK_predicted,0.5,1,1,GATGTGACTGGGTGGAGTCG,0,4386468
yadL_yadM_yadC_yadK_predicted,0.5,1,1,GATGTCTTTTACTACTGGTC,0,4372350
yadL_yadM_yadC_yadK_predicted,0.5,1,1,GATGGCAGACGCTCTAGACC,0,4378149
yadL_yadM_yadC_yadK_predicted,0.5,1,1,GATGGAAGTACTGAGTAAAT,0,4391325
yadL_yadM_yadC_yadK_predicted,0.5,1,1,GATGCGCACGCGAAAGCATA,0,4399281
yadL_yadM_yadC_yadK_predicted,0.5,1,1,GATGCGAGGTAGTCGAAGGT,0,4376666
yadL_yadM_yadC_yadK_predicted,0.5,1,1,GATGATGATAATAATCTCTC,0,4402005
yadL_yadM_yadC_yadK_predicted,0.5,1,1,GATCTCGACATCGTTTTATA,0,4393475
yadL_yadM_yadC_yadK_predicted,0.5,1,1,GATCGGCACTTTCAGTTTAT,0,4377542
yadL_yadM_yadC_yadK_predicted,0.5,1,1,GATCGATTGCAAGTTACTCG,0,4381378
yadL_yadM_yadC_yadK_predicted,0.5,1,1,GATCGAAGAGAGGCACACCT,0,4396130
yadL_yadM_yadC_yadK_predicted,0.5,1,1,GATCCTATGCTCAGGAACAT,0,4396947
yadL_yadM_yadC_yadK_predicted,0.5,1,1,GATCCGAGCCGAAACAAGGG,0,4393540
yadL_yadM_yadC_yadK_predicted,0.5,1,1,GATCAGCTAAGTTTGTCATG,0,4398668
yadL_yadM_yadC_yadK_predicted,0.5,1,1,GATCACAAAGACATATCAAG,0,4385298
yadL_yadM_yadC_yadK_predicted,0.5,1,1,GATCAAATGGTAAACTCCCC,0,4371922
yadL_yadM_yadC_yadK_predicted,0.5,1,1,GATATGATCGCGCGTTTTCT,0,4376155
yadL_yadM_yadC_yadK_predicted,0.5,1,1,GATATACCACTCCTCTGACA,0,4387450
yadL_yadM_yadC_yadK_predicted,0.5,1,1,GATAGCAGAATTGTGGAATA,0,4374102
yadL_yadM_yadC_yadK_predicted,0.5,1,1,GATACAGTTTTATTCCAAGG,0,4382320
yadL_yadM_yadC_yadK_predicted,0.5,1,1,GATAAGTTGGGAATAATTTA,0,4376014
yadL_yadM_yadC_yadK_predicted,0.5,1,1,GATAAGTACTGTCGCAAATT,0,4400806
yadL_yadM_yadC_yadK_predicted,0.5,1,1,GATAAGGGTAAAGCACTTCC,0,4382112
yadL_yadM_yadC_yadK_predicted,0.5,1,1,GATAAAAGCTTGCCCGAGTC,0,4391605
yadL_yadM_yadC_yadK_predicted,0.5,1,1,GAGTATGCCAATTATTAATT,0,4377423
yadL_yadM_yadC_yadK_predicted,0.5,1,1,GAGTAAGAGCATTTTAGCGC,0,4371984
yadL_yadM_yadC_yadK_predicted,0.5,1,1,GAGGTCTTTATTGGTGTATC,0,4384470
yadL_yadM_yadC_yadK_predicted,0.5,1,1,GAGGTCCACAGGACAATGTT,0,4391426
yadL_yadM_yadC_yadK_predicted,0.5,1,1,GAGGGGTTAAGATCGCGTTT,0,4392903
yadL_yadM_yadC_yadK_predicted,0.5,1,1,GAGGGGTCAAAAATGTGGCA,0,4370215
yadL_yadM_yadC_yadK_predicted,0.5,1,1,GAGGGGACCTGATGTGCGTC,0,4376990
yadL_yadM_yadC_yadK_predicted,0.5,1,1,GAGGGCTATAGACTAATCGG,0,4393750
yadL_yadM_yadC_yadK_predicted,0.5,1,1,GAGGGACTCGTGTCTACCAA,0,4382142
yadL_yadM_yadC_yadK_predicted,0.5,1,1,GAGGGAAAAAAGAACGCGGT,0,4395754
yadL_yadM_yadC_yadK_predicted,0.5,1,1,GAGGCGGACTCCCATCGTAC,0,4376626
yadL_yadM_yadC_yadK_predicted,0.5,1,1,GAGGCGCATTGTCAGGCATG,0,4387452
yadL_yadM_yadC_yadK_predicted,0.5,1,1,GAGGCAATTCACCAGACCAA,0,4397723
yadL_yadM_yadC_yadK_predicted,0.5,1,1,GAGCGGCAATGCACCCACCC,0,4371966
yadL_yadM_yadC_yadK_predicted,0.5,1,1,GAGCGCGGTCGGTTTTTGTA,0,4391359
yadL_yadM_yadC_yadK_predicted,0.5,1,1,GAGCGCGCCGTTCAAACACA,0,4389794
yadL_yadM_yadC_yadK_predicted,0.5,1,1,GAGCGCCCGCCGCAGCTCAT,0,4402460
yadL_yadM_yadC_yadK_predicted,0.5,1,1,GAGCATCTAGTCCGAGACAG,0,4376331
yadL_yadM_yadC_yadK_predicted,0.5,1,1,GAGCATCGCCTGCCCGGGGT,0,4389466
yadL_yadM_yadC_yadK_predicted,0.5,1,1,GAGCAGGCAACTGGGGCCAA,0,4398410
yadL_yadM_yadC_yadK_predicted,0.5,1,1,GAGCACCCTGTATCATTTAT,0,4393845
yadL_yadM_yadC_yadK_predicted,0.5,1,1,GAGATGCCCGCGAACAAAAA,0,4379108
yadL_yadM_yadC_yadK_predicted,0.5,1,1,GAGATCACTCGGTGTACCAT,0,4398646
yadL_yadM_yadC_yadK_predicted,0.5,1,1,GAGAGTGGGTGCCGCCTCCT,0,4375862
yadL_yadM_yadC_yadK_predicted,0.5,1,1,GAGAGTGCAAGCACGTACAA,0,4374583
yadL_yadM_yadC_yadK_predicted,0.5,1,1,GAGAGCAGGTCTACCTTCCC,0,4377147
yadL_yadM_yadC_yadK_predicted,0.5,1,1,GAGAGACCACCCGTCTCGAC,0,4389065
yadL_yadM_yadC_yadK_predicted,0.5,1,1,GAGACACGTCCTGTGCGAAA,0,4384232
yadL_yadM_yadC_yadK_predicted,0.5,1,1,GAGAATTCCAGATGTTTAGT,0,4395668
yadL_yadM_yadC_yadK_predicted,0.5,1,1,GAGAAGACGCTTCCAACTGG,0,4386222
yadL_yadM_yadC_yadK_predicted,0.5,1,1,GAGAAGACATCAGCATGTAA,0,4383195
yadL_yadM_yadC_yadK_predicted,0.5,1,1,GAGAACTCGCCTGGGTATGT,0,4374627
yadL_yadM_yadC_yadK_predicted,0.5,1,1,GAGAACACTTAGGGCGGAGT,0,4374945
yadL_yadM_yadC_yadK_predicted,0.5,1,1,GAGAACAACGCCGGTTTATA,0,4372903
yadL_yadM_yadC_yadK_predicted,0.5,1,1,GACTTCTCGTTGGGCTCAAA,0,4386664
yadL_yadM_yadC_yadK_predicted,0.5,1,1,GACTTAGAGAGGCGGCACCT,0,4396955
yadL_yadM_yadC_yadK_predicted,0.5,1,1,GACTGGTGCGCGGATACTGC,0,4395107
yadL_yadM_yadC_yadK_predicted,0.5,1,1,GACTCGTGAGTGCGATAGTC,0,4383600
yadL_yadM_yadC_yadK_predicted,0.5,1,1,GACTCGGCCACTACGTCCCA,0,4381801
yadL_yadM_yadC_yadK_predicted,0.5,1,1,GACTCGAGAAACCTCCCTCA,0,4372962
yadL_yadM_yadC_yadK_predicted,0.5,1,1,GACTCAAAAAAAGGGGGGTT,0,4395022
yadL_yadM_yadC_yadK_predicted,0.5,1,1,GACTATCGCTTTAAGCCTAT,0,4392118
yadL_yadM_yadC_yadK_predicted,0.5,1,1,GACGTTAGGAGAACATTAGT,0,4394170
yadL_yadM_yadC_yadK_predicted,0.5,1,1,GACGTTACATTGCGAAATAA,0,4383682
yadL_yadM_yadC_yadK_predicted,0.5,1,1,GACGTCACACAGTTACCATT,0,4374981
yadL_yadM_yadC_yadK_predicted,0.5,1,1,GACGAGAAGACGGTTATAGT,0,4373072
yadL_yadM_yadC_yadK_predicted,0.5,1,1,GACGACAACCTCGCCAGGTT,0,4378186
yadL_yadM_yadC_yadK_predicted,0.5,1,1,GACGAAATGCAGTGTTGGTC,0,4393600
yadL_yadM_yadC_yadK_predicted,0.5,1,1,GACCTAGACTGGAGAACGCT,0,4371075
yadL_yadM_yadC_yadK_predicted,0.5,1,1,GACCGCACCTGGCCGTCGCT,0,4390619
yadL_yadM_yadC_yadK_predicted,0.5,1,1,GACCCGTTTCAGGTGTGAGA,0,4389590
yadL_yadM_yadC_yadK_predicted,0.5,1,1,GACCCGCAAAGATCAGGGTT,0,4373808
yadL_yadM_yadC_yadK_predicted,0.5,1,1,GACATTTTCATGGAACGCAA,0,4372271
yadL_yadM_yadC_yadK_predicted,0.5,1,1,GACAGTGGAGACAGGTACTA,0,4396180
yadL_yadM_yadC_yadK_predicted,0.5,1,1,GACACTCACGAAAGTCTATG,0,4391143
yadL_yadM_yadC_yadK_predicted,0.5,1,1,GACAAGAAACAAGTGATACT,0,4396679
yadL_yadM_yadC_yadK_predicted,0.5,1,1,GACAACACAATACGTTAGAC,0,4380986
yadL_yadM_yadC_yadK_predicted,0.5,1,1,GACAAAGTTCGTGTTGGAAG,0,4375049
yadL_yadM_yadC_yadK_predicted,0.5,1,1,GAATGTAGTGAACATTGATA,0,4396528
yadL_yadM_yadC_yadK_predicted,0.5,1,1,GAATGTACCCTCGTGATAGG,0,4388115
yadL_yadM_yadC_yadK_predicted,0.5,1,1,GAATGGTTGTTTCACAGAGC,0,4395128
yadL_yadM_yadC_yadK_predicted,0.5,1,1,GAATGCGGCCATGGCACGAG,0,4374411
yadL_yadM_yadC_yadK_predicted,0.5,1,1,GAATGCCTGGTTCAATCCTT,0,4382381
yadL_yadM_yadC_yadK_predicted,0.5,1,1,GAATCGTTACTTGTCGTCTC,0,4378957
yadL_yadM_yadC_yadK_predicted,0.5,1,1,GAATCCGTTGTATAACTGCC,0,4394146
yadL_yadM_yadC_yadK_predicted,0.5,1,1,GAATATGGAGCTTGCTAGCA,0,4370869
yadL_yadM_yadC_yadK_predicted,0.5,1,1,GAATAAGCGAAATTTCTAGT,0,4371926
yadL_yadM_yadC_yadK_predicted,0.5,1,1,GAAGTAGCGTATAGTACCCA,0,4396814
yadL_yadM_yadC_yadK_predicted,0.5,1,1,GAAGTAACGATAATGCACAG,0,4399398
yadL_yadM_yadC_yadK_predicted,0.5,1,1,GAAGGTTCGGCTACGTATCG,0,4395240
yadL_yadM_yadC_yadK_predicted,0.5,1,1,GAAGGATTGAATGGCGAAGA,0,4390899
yadL_yadM_yadC_yadK_predicted,0.5,1,1,GAAGGATCAGACGGCACTCA,0,4385098
yadL_yadM_yadC_yadK_predicted,0.5,1,1,GAAGAGCGGAAGCCACCGAT,0,4396488
yadL_yadM_yadC_yadK_predicted,0.5,1,1,GAAGAAGAAGATAGGCTCAT,0,4372233
yadL_yadM_yadC_yadK_predicted,0.5,1,1,GAAGAACCTACCAGGGGCTA,0,4371208
yadL_yadM_yadC_yadK_predicted,0.5,1,1,GAAGAAATGGATTATACTTT,0,4380208
yadL_yadM_yadC_yadK_predicted,0.5,1,1,GAACTGGCTTTGGCCATTTG,0,4376873
yadL_yadM_yadC_yadK_predicted,0.5,1,1,GAACTGCCTTTAGGCAAGGT,0,4383862
yadL_yadM_yadC_yadK_predicted,0.5,1,1,GAACTGATTGAGGGCCTGGA,0,4371100
yadL_yadM_yadC_yadK_predicted,0.5,1,1,GAACGTAAATGCGACATAGA,0,4379588
yadL_yadM_yadC_yadK_predicted,0.5,1,1,GAACGGGGACGAAATTAGAA,0,4373362
yadL_yadM_yadC_yadK_predicted,0.5,1,1,GAACGAATATGTAAAGCAGG,0,4400672
yadL_yadM_yadC_yadK_predicted,0.5,1,1,GAACAACAACGTGGCGGAAT,0,4383415
yadL_yadM_yadC_yadK_predicted,0.5,1,1,GAAATTCAAGGCCACTCTTC,0,4373654
yadL_yadM_yadC_yadK_predicted,0.5,1,1,GAAATCTGATTTATTCCTCC,0,4392530
yadL_yadM_yadC_yadK_predicted,0.5,1,1,GAAAGTGGCACCAATGCGTG,0,4393295
yadL_yadM_yadC_yadK_predicted,0.5,1,1,GAAAGCTGAAACCGTTGGAA,0,4396915
yadL_yadM_yadC_yadK_predicted,0.5,1,1,GAAAGCAAGTGATAAAGCCT,0,4379401
yadL_yadM_yadC_yadK_predicted,0.5,1,1,GAAACTGCAAGGGGGAGGTG,0,4392910
yadL_yadM_yadC_yadK_predicted,0.5,1,1,GAAACTATGTGGCTGGAAGG,0,4392334
yadL_yadM_yadC_yadK_predicted,0.5,1,1,GAAACAATAACCACATTACA,0,4374571
yadL_yadM_yadC_yadK_predicted,0.5,1,1,GAAAACCGTGTAGGGAAGTG,0,4379077
yadL_yadM_yadC_yadK_predicted,0.5,1,1,GAAAAATCCATTTGACGGTC,0,4390847
yadL_yadM_yadC_yadK_predicted,0.5,1,1,GAAAAAAAGCACACGCACAA,0,4386123
yadL_yadM_yadC_yadK_predicted,0.5,1,1,CTTTTCACACAATGCTACTC,0,4384034
yadL_yadM_yadC_yadK_predicted,0.5,1,1,CTTTGTTAACTCTTGAATCT,0,4374774
yadL_yadM_yadC_yadK_predicted,0.5,1,1,CTTTGCGAACTTTGGCCAAT,0,4390408
yadL_yadM_yadC_yadK_predicted,0.5,1,1,CTTTGACCGTGCGTATCAAG,0,4390159
yadL_yadM_yadC_yadK_predicted,0.5,1,1,CTTTCTGATATCGCTTACGA,0,4401933
yadL_yadM_yadC_yadK_predicted,0.5,1,1,CTTTCCTGTTTACCATGATT,0,4396209
yadL_yadM_yadC_yadK_predicted,0.5,1,1,CTTTCCGTACCACGGCTGTA,0,4395364
yadL_yadM_yadC_yadK_predicted,0.5,1,1,CTTTATGCGAGTACTGTCTA,0,4387968
yadL_yadM_yadC_yadK_predicted,0.5,1,1,CTTTATGAGGAACCTCAGCC,0,4375388
yadL_yadM_yadC_yadK_predicted,0.5,1,1,CTTTACTCGGCTTAGTCCAG,0,4386111
yadL_yadM_yadC_yadK_predicted,0.5,1,1,CTTGTGGACGTGTCTTGAAC,0,4385310
yadL_yadM_yadC_yadK_predicted,0.5,1,1,CTTGTGAGGCCATGCATTAC,0,4374555
yadL_yadM_yadC_yadK_predicted,0.5,1,1,CTTGGCCCAAAATATATGGA,0,4398621
yadL_yadM_yadC_yadK_predicted,0.5,1,1,CTTGGCACAGGGTTTTCATG,0,4399798
yadL_yadM_yadC_yadK_predicted,0.5,1,1,CTTGCCCGCATCAATTATAC,0,4397497
yadL_yadM_yadC_yadK_predicted,0.5,1,1,CTTGCAGGTCATGCCAAAAC,0,4389195
yadL_yadM_yadC_yadK_predicted,0.5,1,1,CTTGATACCGATTTATTCGC,0,4375496
yadL_yadM_yadC_yadK_predicted,0.5,1,1,CTTGACTGTAGACAGTGTCA,0,4390715
yadL_yadM_yadC_yadK_predicted,0.5,1,1,CTTGACGCAAAAAACCAGAT,0,4396919
yadL_yadM_yadC_yadK_predicted,0.5,1,1,CTTGAAATAGCAGGGTACCC,0,4399548
yadL_yadM_yadC_yadK_predicted,0.5,1,1,CTTCTTTCACCCGACGAATA,0,4386754
yadL_yadM_yadC_yadK_predicted,0.5,1,1,CTTCTCCTCCATAGCGTTAG,0,4400454
yadL_yadM_yadC_yadK_predicted,0.5,1,1,CTTCGGGGAATCTAATACTA,0,4386574
yadL_yadM_yadC_yadK_predicted,0.5,1,1,CTTCGCACGGGTGTCCCTTG,0,4387888
yadL_yadM_yadC_yadK_predicted,0.5,1,1,CTTCGAAGAGGACAGTCCTG,0,4371774
yadL_yadM_yadC_yadK_predicted,0.5,1,1,CTTCGAAGACGGCTCCTCGG,0,4382044
yadL_yadM_yadC_yadK_predicted,0.5,1,1,CTTCCTGACTTTACTGCATC,0,4377565
yadL_yadM_yadC_yadK_predicted,0.5,1,1,CTTCCCTTTAAGTCGCAACC,0,4397184
yadL_yadM_yadC_yadK_predicted,0.5,1,1,CTTACCAGCGCGCTGATTGG,0,4396986
yadL_yadM_yadC_yadK_predicted,0.5,1,1,CTGTTTCAATCATTTACTAT,0,4381165
yadL_yadM_yadC_yadK_predicted,0.5,1,1,CTGTTGCCCCAAAGAGAGAG,0,4376183
yadL_yadM_yadC_yadK_predicted,0.5,1,1,CTGTTGCACTGAAATCCACG,0,4371627
yadL_yadM_yadC_yadK_predicted,0.5,1,1,CTGTGGATCAAAGAGGCCAG,0,4387643
yadL_yadM_yadC_yadK_predicted,0.5,1,1,CTGTGCTCTCTACGTCACGC,0,4373014
yadL_yadM_yadC_yadK_predicted,0.5,1,1,CTGTGAGTACAATCCAGTGT,0,4373522
yadL_yadM_yadC_yadK_predicted,0.5,1,1,CTGTGACAAGCTGTGAGAGT,0,4377544
yadL_yadM_yadC_yadK_predicted,0.5,1,1,CTGTCCTAATTCAGCGGGGC,0,4381571
yadL_yadM_yadC_yadK_predicted,0.5,1,1,CTGTCATTTAGGCATAGTGT,0,4370580
yadL_yadM_yadC_yadK_predicted,0.5,1,1,CTGTCAGAAGTTATTCCCTT,0,4388695
yadL_yadM_yadC_yadK_predicted,0.5,1,1,CTGTCACCATGCTCTATTTA,0,4386534
yadL_yadM_yadC_yadK_predicted,0.5,1,1,CTGTATTTTTTATACCGGGT,0,4394737
yadL_yadM_yadC_yadK_predicted,0.5,1,1,CTGGTGTCTAGATTGCCTCG,0,4385817
yadL_yadM_yadC_yadK_predicted,0.5,1,1,CTGGTGCAAGAGGACTCTCA,0,4395550
yadL_yadM_yadC_yadK_predicted,0.5,1,1,CTGGTCGGATGGACACCTTA,0,4391509
yadL_yadM_yadC_yadK_predicted,0.5,1,1,CTGGTCAATTCCTGCCCAGG,0,4374301
yadL_yadM_yadC_yadK_predicted,0.5,1,1,CTGGTACGCCAAAGTTGATG,0,4393042
yadL_yadM_yadC_yadK_predicted,0.5,1,1,CTGGGTGATATCCCCGGGAA,0,4394750
yadL_yadM_yadC_yadK_predicted,0.5,1,1,CTGGGGCGTTATATTCCGTT,0,4386362
yadL_yadM_yadC_yadK_predicted,0.5,1,1,CTGGGGAGCCGAAGAGCGGG,0,4383057
yadL_yadM_yadC_yadK_predicted,0.5,1,1,CTGGCTTCGGCCACTTTCTT,0,4391855
yadL_yadM_yadC_yadK_predicted,0.5,1,1,CTGGCGTCACTATTTTTAGG,0,4400640
yadL_yadM_yadC_yadK_predicted,0.5,1,1,CTGGACGGACGTTATGGGTT,0,4399376
yadL_yadM_yadC_yadK_predicted,0.5,1,1,CTGCGGGGGGTCTTCTCATC,0,4392508
yadL_yadM_yadC_yadK_predicted,0.5,1,1,CTGCGGGCGAGATTGAGACC,0,4393258
yadL_yadM_yadC_yadK_predicted,0.5,1,1,CTGCGCCCCCCGCTTGGACC,0,4378107
yadL_yadM_yadC_yadK_predicted,0.5,1,1,CTGCCATCCATGGGGTACTG,0,4388563
yadL_yadM_yadC_yadK_predicted,0.5,1,1,CTGCCATACAGCTACGTGAC,0,4371822
yadL_yadM_yadC_yadK_predicted,0.5,1,1,CTGCATTTTATTCTTGGAGT,0,4397427
yadL_yadM_yadC_yadK_predicted,0.5,1,1,CTGCATTTCCGGCTCACGAA,0,4376368
yadL_yadM_yadC_yadK_predicted,0.5,1,1,CTGCATAAGACGCCTATTAG,0,4389645
yadL_yadM_yadC_yadK_predicted,0.5,1,1,CTGCACTGCCTTGTCACTCA,0,4391454
yadL_yadM_yadC_yadK_predicted,0.5,1,1,CTGATCTCTTGCGGCAATCT,0,4389906
yadL_yadM_yadC_yadK_predicted,0.5,1,1,CTGAGTCCCGCGTCCGCTCT,0,4375741
yadL_yadM_yadC_yadK_predicted,0.5,1,1,CTGAGCTCAACAAATGAGAA,0,4392934
yadL_yadM_yadC_yadK_predicted,0.5,1,1,CTGAATCGAACGAATCCTAG,0,4385915
yadL_yadM_yadC_yadK_predicted,0.5,1,1,CTGAATACGTCTCAAAAGCT,0,4395919
yadL_yadM_yadC_yadK_predicted,0.5,1,1,CTCTTTGCTGTGACGGTGAT,0,4382650
yadL_yadM_yadC_yadK_predicted,0.5,1,1,CTCTTGTTTTCGTTCGAATT,0,4390253
yadL_yadM_yadC_yadK_predicted,0.5,1,1,CTCTTCGACTCTACCTCTTA,0,4384226
yadL_yadM_yadC_yadK_predicted,0.5,1,1,CTCTTCACATTGGTCGCCAT,0,4377105
yadL_yadM_yadC_yadK_predicted,0.5,1,1,CTCTGTTTCTTCATATGGGA,0,4387252
yadL_yadM_yadC_yadK_predicted,0.5,1,1,CTCTGTCCGAACGGAGTGAA,0,4380433
yadL_yadM_yadC_yadK_predicted,0.5,1,1,CTCTGGGGCGACCTAGCGCT,0,4390735
yadL_yadM_yadC_yadK_predicted,0.5,1,1,CTCTGCACAATCAGGATTGC,0,4400910
yadL_yadM_yadC_yadK_predicted,0.5,1,1,CTCTCAGGACAAGGATTTCA,0,4381436
yadL_yadM_yadC_yadK_predicted,0.5,1,1,CTCGTGTCCAGGGGAGTAGT,0,4379656
yadL_yadM_yadC_yadK_predicted,0.5,1,1,CTCGTCTGGGATGCCACTAA,0,4370550
yadL_yadM_yadC_yadK_predicted,0.5,1,1,CTCGGGTGGAAGTCAGATCA,0,4395065
yadL_yadM_yadC_yadK_predicted,0.5,1,1,CTCGGCAGAAAAAGTCGGTG,0,4390375
yadL_yadM_yadC_yadK_predicted,0.5,1,1,CTCGGATTACTCGTTGTGAA,0,4390289
yadL_yadM_yadC_yadK_predicted,0.5,1,1,CTCGGAGGCACATGAATTAT,0,4398812
yadL_yadM_yadC_yadK_predicted,0.5,1,1,CTCGGAAGCGGCAATATTTT,0,4384603
yadL_yadM_yadC_yadK_predicted,0.5,1,1,CTCGCGACCCCTGCCTACAG,0,4372685
yadL_yadM_yadC_yadK_predicted,0.5,1,1,CTCGACATTGATCCTAACGT,0,4395570
yadL_yadM_yadC_yadK_predicted,0.5,1,1,CTCGAAGGTTTAAAGAGTAA,0,4390434
yadL_yadM_yadC_yadK_predicted,0.5,1,1,CTCGAAACCCTGTAAACCTA,0,4399948
yadL_yadM_yadC_yadK_predicted,0.5,1,1,CTCGAAAAGCCGAATCTAGA,0,4383447
yadL_yadM_yadC_yadK_predicted,0.5,1,1,CTCCTGCTTGAGGGGTGGAG,0,4383162
yadL_yadM_yadC_yadK_predicted,0.5,1,1,CTCCGGCGGGCGATGTCTTT,0,4378443
yadL_yadM_yadC_yadK_predicted,0.5,1,1,CTCCGGCGATGTAGATTGGT,0,4400219
yadL_yadM_yadC_yadK_predicted,0.5,1,1,CTCCCCTATAAGACATCGGT,0,4383902
yadL_yadM_yadC_yadK_predicted,0.5,1,1,CTCCCCGTTGACGTACAGTA,0,4394839
yadL_yadM_yadC_yadK_predicted,0.5,1,1,CTCCCCACGGGCGGGAAGGG,0,4376199
yadL_yadM_yadC_yadK_predicted,0.5,1,1,CTCCACTTTAGCTAGTGTGC,0,4389321
yadL_yadM_yadC_yadK_predicted,0.5,1,1,CTCATTAAAGTGAGCTAGGA,0,4373011
yadL_yadM_yadC_yadK_predicted,0.5,1,1,CTCATCTAAATCGAGCTAAC,0,4378976
yadL_yadM_yadC_yadK_predicted,0.5,1,1,CTCAGGCTCATGTCACTAAG,0,4395991
yadL_yadM_yadC_yadK_predicted,0.5,1,1,CTCAGCCTAATACTCAGCGA,0,4376280
yadL_yadM_yadC_yadK_predicted,0.5,1,1,CTCAGCCCAAGCTCCGGGTC,0,4397962
yadL_yadM_yadC_yadK_predicted,0.5,1,1,CTCAGCATTATTGCGTAAAT,0,4379875
yadL_yadM_yadC_yadK_predicted,0.5,1,1,CTCAGCACAGGACTGTGTCG,0,4379403
yadL_yadM_yadC_yadK_predicted,0.5,1,1,CTCACCCTGAAGGCCAGTGG,0,4374467
yadL_yadM_yadC_yadK_predicted,0.5,1,1,CTCACATGCTACTGCGGCAC,0,4381532
yadL_yadM_yadC_yadK_predicted,0.5,1,1,CTCACAGTTACACTGCCGTA,0,4383494
yadL_yadM_yadC_yadK_predicted,0.5,1,1,CTCACACTATATGGCAGGGC,0,4375556
yadL_yadM_yadC_yadK_predicted,0.5,1,1,CTCAATCCCTGGAACGCTGT,0,4372125
yadL_yadM_yadC_yadK_predicted,0.5,1,1,CTCAAGAAGCGCAATAATGT,0,4372387
yadL_yadM_yadC_yadK_predicted,0.5,1,1,CTCAACTGGGAGCATGCTTC,0,4389523
yadL_yadM_yadC_yadK_predicted,0.5,1,1,CTCAAATAAACACAAAGGTA,0,4371312
yadL_yadM_yadC_yadK_predicted,0.5,1,1,CTATTTTTCGTGGGTTCCTT,0,4382486
yadL_yadM_yadC_yadK_predicted,0.5,1,1,CTATTTCGGCTTGAGGCTTC,0,4387832
yadL_yadM_yadC_yadK_predicted,0.5,1,1,CTATTACTTGCAAGGGACAT,0,4381795
yadL_yadM_yadC_yadK_predicted,0.5,1,1,CTATCCCTTTAACAACTAAA,0,4387305
yadL_yadM_yadC_yadK_predicted,0.5,1,1,CTATCAGTGCATGATAGGCT,0,4376123
yadL_yadM_yadC_yadK_predicted,0.5,1,1,CTATATCGAAGATGGTCCAG,0,4384424
yadL_yadM_yadC_yadK_predicted,0.5,1,1,CTAGTTGGGTTACGCAGTGT,0,4377163
yadL_yadM_yadC_yadK_predicted,0.5,1,1,CTAGTCGGTTCTGCCTCTAG,0,4399479
yadL_yadM_yadC_yadK_predicted,0.5,1,1,CTAGTCAGGACGATACACTC,0,4372913
yadL_yadM_yadC_yadK_predicted,0.5,1,1,CTAGGGACTAGATGGCTCTC,0,4383522
yadL_yadM_yadC_yadK_predicted,0.5,1,1,CTAGGCTCTCGACGTAGAGA,0,4376397
yadL_yadM_yadC_yadK_predicted,0.5,1,1,CTAGGCAGTGTACACCTAAT,0,4374941
yadL_yadM_yadC_yadK_predicted,0.5,1,1,CTAGGATGAATTAGAATGGT,0,4393936
yadL_yadM_yadC_yadK_predicted,0.5,1,1,CTAGCTCCCTATTCCCGTTT,0,4402425
yadL_yadM_yadC_yadK_predicted,0.5,1,1,CTAGATTTAACTTGGTTAAA,0,4393496
yadL_yadM_yadC_yadK_predicted,0.5,1,1,CTAGATGAGAATTCTTGAGA,0,4374601
yadL_yadM_yadC_yadK_predicted,0.5,1,1,CTAGAGACGCCGTCTGATTA,0,4395309
yadL_yadM_yadC_yadK_predicted,0.5,1,1,CTACGAGTATATGGAATGCT,0,4386462
yadL_yadM_yadC_yadK_predicted,0.5,1,1,CTACCGCTAAGCGCATCGTA,0,4378624
yadL_yadM_yadC_yadK_predicted,0.5,1,1,CTACACCGACCTCTTGTCAT,0,4396692
yadL_yadM_yadC_yadK_predicted,0.5,1,1,CTACAAGGCAAGTAAAGTTA,0,4384454
yadL_yadM_yadC_yadK_predicted,0.5,1,1,CTAATCGGATTAGAACGCCC,0,4387037
yadL_yadM_yadC_yadK_predicted,0.5,1,1,CTAATCCAAGCGCCTCGGAT,0,4370384
yadL_yadM_yadC_yadK_predicted,0.5,1,1,CTAATATCAATTCTAATAGT,0,4384311
yadL_yadM_yadC_yadK_predicted,0.5,1,1,CTAAGCAGATCTCCTCACAC,0,4381495
yadL_yadM_yadC_yadK_predicted,0.5,1,1,CTAACTTAGAATTCACGGCT,0,4378776
yadL_yadM_yadC_yadK_predicted,0.5,1,1,CTAAATCGCATGCCGCGAAT,0,4379729
yadL_yadM_yadC_yadK_predicted,0.5,1,1,CGTTTTTGTCAATCCGATCG,0,4393579
yadL_yadM_yadC_yadK_predicted,0.5,1,1,CGTTGATGCGGGCGCATAAA,0,4392909
yadL_yadM_yadC_yadK_predicted,0.5,1,1,CGTTCGAAGGCATCGTCCCT,0,4389563
yadL_yadM_yadC_yadK_predicted,0.5,1,1,CGTTATAGGCATCTAGTAAT,0,4383087
yadL_yadM_yadC_yadK_predicted,0.5,1,1,CGTTATAACGAATCTCGGAG,0,4379631
yadL_yadM_yadC_yadK_predicted,0.5,1,1,CGTGTGTTGTCAAGCCTGGT,0,4397698
yadL_yadM_yadC_yadK_predicted,0.5,1,1,CGTGTGGGGCGCTCTTCTTT,0,4398715
yadL_yadM_yadC_yadK_predicted,0.5,1,1,CGTGTGGCCATACGTCTAAA,0,4372651
yadL_yadM_yadC_yadK_predicted,0.5,1,1,CGTGTATCCGTAGTCGGTGA,0,4385750
yadL_yadM_yadC_yadK_predicted,0.5,1,1,CGTGGACCGCACGCCAGTGG,0,4378200
yadL_yadM_yadC_yadK_predicted,0.5,1,1,CGTGCCCTACTTGACATCTG,0,4379155
yadL_yadM_yadC_yadK_predicted,0.5,1,1,CGTGCACCCAAGACCGATAT,0,4372807
yadL_yadM_yadC_yadK_predicted,0.5,1,1,CGTGAGATCGACGTGGAACT,0,4388438
yadL_yadM_yadC_yadK_predicted,0.5,1,1,CGTCTCACCGCATCGGACAA,0,4385843
yadL_yadM_yadC_yadK_predicted,0.5,1,1,CGTCTATCGTGGGTCAGTGT,0,4402255
yadL_yadM_yadC_yadK_predicted,0.5,1,1,CGTCTAACGGCCGCCGCTTT,0,4381367
yadL_yadM_yadC_yadK_predicted,0.5,1,1,CGTCGTAGCCCAAGCCTAAG,0,4376846
yadL_yadM_yadC_yadK_predicted,0.5,1,1,CGTCGGGCTCACAAATATCC,0,4386132
yadL_yadM_yadC_yadK_predicted,0.5,1,1,CGTCGGGACTGGCCAGATAG,0,4370133
yadL_yadM_yadC_yadK_predicted,0.5,1,1,CGTCCTCCGATCCGAGATAT,0,4397290
yadL_yadM_yadC_yadK_predicted,0.5,1,1,CGTCCCCAGTCGAGTCTATG,0,4383685
yadL_yadM_yadC_yadK_predicted,0.5,1,1,CGTCCCCACCTGTAATTCCA,0,4384267
yadL_yadM_yadC_yadK_predicted,0.5,1,1,CGTCATTAGGGCCTGAAAGC,0,4395298
yadL_yadM_yadC_yadK_predicted,0.5,1,1,CGTCATCGAGCCCGATAGTG,0,4398335
yadL_yadM_yadC_yadK_predicted,0.5,1,1,CGTCAGTGCCTGTCCCTTAA,0,4385514
yadL_yadM_yadC_yadK_predicted,0.5,1,1,CGTCAGGTCAGGTGTTGACA,0,4380617
yadL_yadM_yadC_yadK_predicted,0.5,1,1,CGTATTGGGCTTAATTCTTG,0,4398398
yadL_yadM_yadC_yadK_predicted,0.5,1,1,CGTATCCGCGAACGGTCGTT,0,4397119
yadL_yadM_yadC_yadK_predicted,0.5,1,1,CGTAGTTCTTATTCCCGCCA,0,4381694
yadL_yadM_yadC_yadK_predicted,0.5,1,1,CGTAGGGTTCCTGACATCAA,0,4384204
yadL_yadM_yadC_yadK_predicted,0.5,1,1,CGTACCTGTCATGCGGGTAT,0,4394393
yadL_yadM_yadC_yadK_predicted,0.5,1,1,CGTACACCCCAAGCGGCCGG,0,4395918
yadL_yadM_yadC_yadK_predicted,0.5,1,1,CGTAACGTCTTCATCGCGGT,0,4394898
yadL_yadM_yadC_yadK_predicted,0.5,1,1,CGGTTTCTTCTGATCGCACA,0,4381809
yadL_yadM_yadC_yadK_predicted,0.5,1,1,CGGTTATCTTCGTATCAATC,0,4398333
yadL_yadM_yadC_yadK_predicted,0.5,1,1,CGGTTAGACTATGTGGCCCA,0,4372194
yadL_yadM_yadC_yadK_predicted,0.5,1,1,CGGTTACGCCCCGGCTACAG,0,4379759
yadL_yadM_yadC_yadK_predicted,0.5,1,1,CGGTGGGTGAGGCTAAGTAG,0,4398802
yadL_yadM_yadC_yadK_predicted,0.5,1,1,CGGTCTACACGCCACGTGTG,0,4380476
yadL_yadM_yadC_yadK_predicted,0.5,1,1,CGGTCCGGATTTTGACACAG,0,4373570
yadL_yadM_yadC_yadK_predicted,0.5,1,1,CGGTATTCTCGTCGAGACAG,0,4379745
yadL_yadM_yadC_yadK_predicted,0.5,1,1,CGGTAGGAGTAAGATCTCTT,0,4397198
yadL_yadM_yadC_yadK_predicted,0.5,1,1,CGGTAGCCTCTTTCCGGTGT,0,4395424
yadL_yadM_yadC_yadK_predicted,0.5,1,1,CGGGTGGACCGGGTCGGGGG,0,4383517
yadL_yadM_yadC_yadK_predicted,0.5,1,1,CGGGTGACGCGAAGAAACCT,0,4399443
yadL_yadM_yadC_yadK_predicted,0.5,1,1,CGGGGTAATAGGTGCTCTCT,0,4389654
yadL_yadM_yadC_yadK_predicted,0.5,1,1,CGGGGCGTACCTCCACATCA,0,4377081
yadL_yadM_yadC_yadK_predicted,0.5,1,1,CGGGGACAAAATTTCGGCGT,0,4370325
yadL_yadM_yadC_yadK_predicted,0.5,1,1,CGGGCTGGCTAGTGTCCTCA,0,4380888
yadL_yadM_yadC_yadK_predicted,0.5,1,1,CGGGCGTACGCCTAGGCGAA,0,4389391
yadL_yadM_yadC_yadK_predicted,0.5,1,1,CGGGCCTGTATTGTTTGAAC,0,4371150
yadL_yadM_yadC_yadK_predicted,0.5,1,1,CGGGCCTGATCTTAATCGCC,0,4375345
yadL_yadM_yadC_yadK_predicted,0.5,1,1,CGGGATCCTCAAGGCCATGT,0,4371700
yadL_yadM_yadC_yadK_predicted,0.5,1,1,CGGGAGTGCGCGATGCTTGT,0,4381188
yadL_yadM_yadC_yadK_predicted,0.5,1,1,CGGGAGGGGGGCGACGAACA,0,4396737
yadL_yadM_yadC_yadK_predicted,0.5,1,1,CGGGAACACGGCTCGCTGGC,0,4392949
yadL_yadM_yadC_yadK_predicted,0.5,1,1,CGGCTTCGCATTACCTTATC,0,4382526
yadL_yadM_yadC_yadK_predicted,0.5,1,1,CGGCTGGAGACCCAGTCAAC,0,4370455
yadL_yadM_yadC_yadK_predicted,0.5,1,1,CGGCTCTCCGGCCGTTTATG,0,4383668
yadL_yadM_yadC_yadK_predicted,0.5,1,1,CGGCGTGTCACGAGTCTTAG,0,4386520
yadL_yadM_yadC_yadK_predicted,0.5,1,1,CGGCGTATTATGCTGAGCCT,0,4400877
yadL_yadM_yadC_yadK_predicted,0.5,1,1,CGGCGATCATAAAACTTCTG,0,4375774
yadL_yadM_yadC_yadK_predicted,0.5,1,1,CGGCCTTCCTTCACAATTTC,0,4375144
yadL_yadM_yadC_yadK_predicted,0.5,1,1,CGGCAGTCTCCGGGGATTTA,0,4382420
yadL_yadM_yadC_yadK_predicted,0.5,1,1,CGGATGAGTCGCGACCACAG,0,4385483
yadL_yadM_yadC_yadK_predicted,0.5,1,1,CGGAGTGGCTCTCACATCGA,0,4376828
yadL_yadM_yadC_yadK_predicted,0.5,1,1,CGGAGGTGAAACTTAATCTC,0,4382133
yadL_yadM_yadC_yadK_predicted,0.5,1,1,CGGAGCACACGACGTCTAAG,0,4373573
yadL_yadM_yadC_yadK_predicted,0.5,1,1,CGGAGAGGAGTTACGCCGTG,0,4399304
yadL_yadM_yadC_yadK_predicted,0.5,1,1,CGGACCTAATTTTTGGGTAA,0,4386098
yadL_yadM_yadC_yadK_predicted,0.5,1,1,CGGACCCCCGGGCAGAACCT,0,4392801
yadL_yadM_yadC_yadK_predicted,0.5,1,1,CGGACAAGGGGGTTTTCCGA,0,4392050
yadL_yadM_yadC_yadK_predicted,0.5,1,1,CGGAATTGCCGCGCAAACTG,0,4376281
yadL_yadM_yadC_yadK_predicted,0.5,1,1,CGGAAGCTTCATAACTGGAC,0,4383969
yadL_yadM_yadC_yadK_predicted,0.5,1,1,CGGAACCATGTGCGCAGGTG,0,4379105
yadL_yadM_yadC_yadK_predicted,0.5,1,1,CGGAAAGCGTACAAAGGTAC,0,4387128
yadL_yadM_yadC_yadK_predicted,0.5,1,1,CGCTTCGAGCTGTTTTGTTT,0,4388667
yadL_yadM_yadC_yadK_predicted,0.5,1,1,CGCTGGCTGATGACGGGTAC,0,4370371
yadL_yadM_yadC_yadK_predicted,0.5,1,1,CGCTGCGGTTAGCTTTTGGT,0,4384601
yadL_yadM_yadC_yadK_predicted,0.5,1,1,CGCTGCCCAAGCATTACCTT,0,4383060
yadL_yadM_yadC_yadK_predicted,0.5,1,1,CGCTACGAAGCCCAGTAACG,0,4393063
yadL_yadM_yadC_yadK_predicted,0.5,1,1,CGCTACCCAGGGGTCTAGAA,0,4396824
yadL_yadM_yadC_yadK_predicted,0.5,1,1,CGCGTTTACGTAACAATTGT,0,4372435
yadL_yadM_yadC_yadK_predicted,0.5,1,1,CGCGTAAGAGGTACGGAATG,0,4381350
yadL_yadM_yadC_yadK_predicted,0.5,1,1,CGCGGGGATTTCGTACAGAT,0,4388480
yadL_yadM_yadC_yadK_predicted,0.5,1,1,CGCGGAGACTATGGAGTGGT,0,4396901
yadL_yadM_yadC_yadK_predicted,0.5,1,1,CGCGCTGAGCACCGAGAAAA,0,4394736
yadL_yadM_yadC_yadK_predicted,0.5,1,1,CGCGCTACCCGATGGTCGGT,0,4387877
yadL_yadM_yadC_yadK_predicted,0.5,1,1,CGCGCCGGGATAAGTTGCGA,0,4389836
yadL_yadM_yadC_yadK_predicted,0.5,1,1,CGCGCATGTCACTCCGGGGT,0,4397527
yadL_yadM_yadC_yadK_predicted,0.5,1,1,CGCGCAATAGTTCCCGTGAG,0,4399337
yadL_yadM_yadC_yadK_predicted,0.5,1,1,CGCGCAAGTTGTAGCAAGGT,0,4377390
yadL_yadM_yadC_yadK_predicted,0.5,1,1,CGCGAATAGGGCGTCATGAG,0,4395503
yadL_yadM_yadC_yadK_predicted,0.5,1,1,CGCCTGCTGCGTACAAGGTC,0,4393229
yadL_yadM_yadC_yadK_predicted,0.5,1,1,CGCCTATTCTCCTAGAATGG,0,4395854
yadL_yadM_yadC_yadK_predicted,0.5,1,1,CGCCGAGGAGTATGTGGAGC,0,4386455
yadL_yadM_yadC_yadK_predicted,0.5,1,1,CGCCCCCAAACAAGCCGAAG,0,4370596
yadL_yadM_yadC_yadK_predicted,0.5,1,1,CGCCCATACCCTTGCGTGCA,0,4393784
yadL_yadM_yadC_yadK_predicted,0.5,1,1,CGCCAGCTGGGATTAGAATA,0,4389694
yadL_yadM_yadC_yadK_predicted,0.5,1,1,CGCATTCTTCGCGGCCGCAA,0,4400541
yadL_yadM_yadC_yadK_predicted,0.5,1,1,CGCATGTTTCGGGGAGTCAA,0,4388017
yadL_yadM_yadC_yadK_predicted,0.5,1,1,CGCATCGTTTTATTGTGCCG,0,4391884
yadL_yadM_yadC_yadK_predicted,0.5,1,1,CGCATATCTAGACGATTCAG,0,4394905
yadL_yadM_yadC_yadK_predicted,0.5,1,1,CGCATATAATGGATATAGCT,0,4380205
yadL_yadM_yadC_yadK_predicted,0.5,1,1,CGCATAGCAGGCCGTAAGCC,0,4373259
yadL_yadM_yadC_yadK_predicted,0.5,1,1,CGCAGTCGAATTCCCATTAA,0,4379245
yadL_yadM_yadC_yadK_predicted,0.5,1,1,CGCAGGCTATCAGGCGCGCA,0,4376994
yadL_yadM_yadC_yadK_predicted,0.5,1,1,CGCAGAATGCCTCGAGCTGT,0,4373614
yadL_yadM_yadC_yadK_predicted,0.5,1,1,CGCACGTAAAGAGCACTTCG,0,4376596
yadL_yadM_yadC_yadK_predicted,0.5,1,1,CGCACCTAGCATGATGGTTC,0,4399585
yadL_yadM_yadC_yadK_predicted,0.5,1,1,CGCACATTGCTCATTTCAGG,0,4392136
yadL_yadM_yadC_yadK_predicted,0.5,1,1,CGCACATACACACATAGTTT,0,4376812
yadL_yadM_yadC_yadK_predicted,0.5,1,1,CGCAATCTCAAACTTACGCA,0,4400393
yadL_yadM_yadC_yadK_predicted,0.5,1,1,CGCAATCATAGCACATGAAT,0,4388976
yadL_yadM_yadC_yadK_predicted,0.5,1,1,CGCAATAGGCCCTTACACGC,0,4382722
yadL_yadM_yadC_yadK_predicted,0.5,1,1,CGCAACAAGGCGCAGCAGTA,0,4387548
yadL_yadM_yadC_yadK_predicted,0.5,1,1,CGATTCGCAAGGGATGATGT,0,4387329
yadL_yadM_yadC_yadK_predicted,0.5,1,1,CGATTAGTTGATCTAACAAC,0,4383638
yadL_yadM_yadC_yadK_predicted,0.5,1,1,CGATGCAAGATCAGATGTGG,0,4391596
yadL_yadM_yadC_yadK_predicted,0.5,1,1,CGATGAAGATAACAACTGCG,0,4397894
yadL_yadM_yadC_yadK_predicted,0.5,1,1,CGATCTTACTATGCGCCCCT,0,4387529
yadL_yadM_yadC_yadK_predicted,0.5,1,1,CGATCGGCTATGCACACATT,0,4372057
yadL_yadM_yadC_yadK_predicted,0.5,1,1,CGATCCCTGGGAATTATAAA,0,4392819
yadL_yadM_yadC_yadK_predicted,0.5,1,1,CGATCAATTCTGTCTTAAGA,0,4371718
yadL_yadM_yadC_yadK_predicted,0.5,1,1,CGATATACGGTCCTCAAGAG,0,4374148
yadL_yadM_yadC_yadK_predicted,0.5,1,1,CGATATAAGGTCGGAGTCGC,0,4372573
yadL_yadM_yadC_yadK_predicted,0.5,1,1,CGATAGCGTGCACCGTTGTA,0,4398142
yadL_yadM_yadC_yadK_predicted,0.5,1,1,CGATACTCGAATACAGTTCA,0,4392293
yadL_yadM_yadC_yadK_predicted,0.5,1,1,CGAGTTTGATACGAGCTTCC,0,4370400
yadL_yadM_yadC_yadK_predicted,0.5,1,1,CGAGTTAAAAAGGGGCCAAG,0,4382370
yadL_yadM_yadC_yadK_predicted,0.5,1,1,CGAGTGTACGGTGAGCAACT,0,4393613
yadL_yadM_yadC_yadK_predicted,0.5,1,1,CGAGTCCGCTGTCAAGTATG,0,4390686
yadL_yadM_yadC_yadK_predicted,0.5,1,1,CGAGGGGTCTTGCGGGAGTT,0,4382159
yadL_yadM_yadC_yadK_predicted,0.5,1,1,CGAGGAGTGCGTTATACGTT,0,4400670
yadL_yadM_yadC_yadK_predicted,0.5,1,1,CGAGCCCACGTCAACTCTAA,0,4400548
yadL_yadM_yadC_yadK_predicted,0.5,1,1,CGAGATCTTGCTCTAAATCA,0,4402149
yadL_yadM_yadC_yadK_predicted,0.5,1,1,CGAGAATGCCGAGCCTCGTT,0,4397307
yadL_yadM_yadC_yadK_predicted,0.5,1,1,CGAGAAATGGTCTGAGCGCA,0,4384030
yadL_yadM_yadC_yadK_predicted,0.5,1,1,CGACTTGTGTTGTTCAGATT,0,4372335
yadL_yadM_yadC_yadK_predicted,0.5,1,1,CGACTGGCGAAGAGGCCGCG,0,4387455
yadL_yadM_yadC_yadK_predicted,0.5,1,1,CGACTGCCTACGAGCGACCA,0,4389110
yadL_yadM_yadC_yadK_predicted,0.5,1,1,CGACTCCAGTGGACGAGCTT,0,4371525
yadL_yadM_yadC_yadK_predicted,0.5,1,1,CGACGAGACCAGCCACAAAA,0,4398898
yadL_yadM_yadC_yadK_predicted,0.5,1,1,CGACCCTAATCGCTTCCGGT,0,4371579
yadL_yadM_yadC_yadK_predicted,0.5,1,1,CGACATACGTCTCATATGCA,0,4384492
yadL_yadM_yadC_yadK_predicted,0.5,1,1,CGACACTCACGAGCACATAC,0,4384645
yadL_yadM_yadC_yadK_predicted,0.5,1,1,CGACAACGGGGATTCTCTGC,0,4394140
yadL_yadM_yadC_yadK_predicted,0.5,1,1,CGAATGCTAGACCTGACCGA,0,4380972
yadL_yadM_yadC_yadK_predicted,0.5,1,1,CGAATGCAGACCTCGTGGTG,0,4402516
yadL_yadM_yadC_yadK_predicted,0.5,1,1,CGAAGTTTCAAGCCAGTCAG,0,4392522
yadL_yadM_yadC_yadK_predicted,0.5,1,1,CGAACCTTCACGCGGTCCCA,0,4401378
yadL_yadM_yadC_yadK_predicted,0.5,1,1,CGAAAGGTCTCGGTACTATC,0,4386958
yadL_yadM_yadC_yadK_predicted,0.5,1,1,CGAAACCAGACGAGCCTTCT,0,4391024
yadL_yadM_yadC_yadK_predicted,0.5,1,1,CGAAAAGTACACCCGGTAAA,0,4379126
yadL_yadM_yadC_yadK_predicted,0.5,1,1,CCTTTGGCTGCCAAAGAGCA,0,4389657
yadL_yadM_yadC_yadK_predicted,0.5,1,1,CCTTTCTAACTAGTCGGTTT,0,4372604
yadL_yadM_yadC_yadK_predicted,0.5,1,1,CCTTTAAAGTACACATCTAG,0,4376708
yadL_yadM_yadC_yadK_predicted,0.5,1,1,CCTTGTAGAGCGATAAAGGA,0,4377361
yadL_yadM_yadC_yadK_predicted,0.5,1,1,CCTTGACGGATTAGCACGGA,0,4390146
yadL_yadM_yadC_yadK_predicted,0.5,1,1,CCTTCCTGCCAGAGCTAGCA,0,4375887
yadL_yadM_yadC_yadK_predicted,0.5,1,1,CCTTCATGTGCGTGCTTCTT,0,4392037
yadL_yadM_yadC_yadK_predicted,0.5,1,1,CCTTATGAAATGGTCCCTGA,0,4390941
yadL_yadM_yadC_yadK_predicted,0.5,1,1,CCTTAATTGTAGCGGCGGCC,0,4394330
yadL_yadM_yadC_yadK_predicted,0.5,1,1,CCTTAAGGGCCGACGGCCCA,0,4373969
yadL_yadM_yadC_yadK_predicted,0.5,1,1,CCTTAAGATCCGGGGATGTG,0,4379761
yadL_yadM_yadC_yadK_predicted,0.5,1,1,CCTGGGTCATATCTAATGCG,0,4401730
yadL_yadM_yadC_yadK_predicted,0.5,1,1,CCTGGGCCGTGCAATGAATT,0,4381042
yadL_yadM_yadC_yadK_predicted,0.5,1,1,CCTGGCTGCAACGTCTTGTG,0,4402021
yadL_yadM_yadC_yadK_predicted,0.5,1,1,CCTGGCAGGGGTCTTATGCG,0,4390225
yadL_yadM_yadC_yadK_predicted,0.5,1,1,CCTGGAGGGGATCACCCCCA,0,4385112
yadL_yadM_yadC_yadK_predicted,0.5,1,1,CCTGGAACAGGTATATTCGT,0,4393108
yadL_yadM_yadC_yadK_predicted,0.5,1,1,CCTGATGCGTTACGTCCCAC,0,4395986
yadL_yadM_yadC_yadK_predicted,0.5,1,1,CCTCTTCTGGCAATCTTTAA,0,4375578
yadL_yadM_yadC_yadK_predicted,0.5,1,1,CCTCTGTACGCGGATCGCGG,0,4401869
yadL_yadM_yadC_yadK_predicted,0.5,1,1,CCTCTATAAGGGCTAGGCAT,0,4376786
yadL_yadM_yadC_yadK_predicted,0.5,1,1,CCTCGTGGCTCAGTGAAGGG,0,4375844
yadL_yadM_yadC_yadK_predicted,0.5,1,1,CCTCGTCATCTTTTCAACAG,0,4397200
yadL_yadM_yadC_yadK_predicted,0.5,1,1,CCTCCTACGGCATGTCAGAT,0,4379850
yadL_yadM_yadC_yadK_predicted,0.5,1,1,CCTCCAATTAGCAACCCTCG,0,4382391
yadL_yadM_yadC_yadK_predicted,0.5,1,1,CCTCAGCGCGGCATCAATGC,0,4392777
yadL_yadM_yadC_yadK_predicted,0.5,1,1,CCTATGTGGAAGCTTGAGCA,0,4378095
yadL_yadM_yadC_yadK_predicted,0.5,1,1,CCTAGGTTAGACAACTACAA,0,4379495
yadL_yadM_yadC_yadK_predicted,0.5,1,1,CCTAGGTGGCACTAGAAGTC,0,4390439
yadL_yadM_yadC_yadK_predicted,0.5,1,1,CCTAGGGGTTTAACGAGGCC,0,4370210
yadL_yadM_yadC_yadK_predicted,0.5,1,1,CCTAGGACCAAGTTCCTGGG,0,4390388
yadL_yadM_yadC_yadK_predicted,0.5,1,1,CCTAGATGACGTAATGCTCT,0,4394507
yadL_yadM_yadC_yadK_predicted,0.5,1,1,CCTACGGCGTGGTTCGGCAA,0,4381346
yadL_yadM_yadC_yadK_predicted,0.5,1,1,CCTAATTTCGGGACGTCACT,0,4381622
yadL_yadM_yadC_yadK_predicted,0.5,1,1,CCGTTTTCTTTCGGATCGTG,0,4370364
yadL_yadM_yadC_yadK_predicted,0.5,1,1,CCGTTAGGGCCGTGCAGGCC,0,4400778
yadL_yadM_yadC_yadK_predicted,0.5,1,1,CCGTTAAAGCAACGTCCTAG,0,4375822
yadL_yadM_yadC_yadK_predicted,0.5,1,1,CCGTGATAATACCCTTCAGC,0,4402092
yadL_yadM_yadC_yadK_predicted,0.5,1,1,CCGTGAAACGGGGAACCGTT,0,4373566
yadL_yadM_yadC_yadK_predicted,0.5,1,1,CCGTCTTTGGGTTCCAGTCG,0,4386638
yadL_yadM_yadC_yadK_predicted,0.5,1,1,CCGTCTTACCCATGGGCTCG,0,4385035
yadL_yadM_yadC_yadK_predicted,0.5,1,1,CCGTCTCTTCTAATGCACAG,0,4396233
yadL_yadM_yadC_yadK_predicted,0.5,1,1,CCGTCGCAAAACATGAGCTG,0,4398786
yadL_yadM_yadC_yadK_predicted,0.5,1,1,CCGTCCATATTCGATCATGT,0,4386118
yadL_yadM_yadC_yadK_predicted,0.5,1,1,CCGTAACTAGCCTAAGGTTG,0,4397428
yadL_yadM_yadC_yadK_predicted,0.5,1,1,CCGGTCGGCTACCGTCGAGC,0,4376682
yadL_yadM_yadC_yadK_predicted,0.5,1,1,CCGGTCAAGTCGTGCAATGT,0,4386234
yadL_yadM_yadC_yadK_predicted,0.5,1,1,CCGGGTGTGGATCTATGTCG,0,4387193
yadL_yadM_yadC_yadK_predicted,0.5,1,1,CCGGGCCTCTAGCAACGTCT,0,4385069
yadL_yadM_yadC_yadK_predicted,0.5,1,1,CCGGGCACGTGGAGACTTGT,0,4381133
yadL_yadM_yadC_yadK_predicted,0.5,1,1,CCGGGATTGTTGTGTCAGTT,0,4384572
yadL_yadM_yadC_yadK_predicted,0.5,1,1,CCGGGACCCAGGAACCTGTA,0,4386094
yadL_yadM_yadC_yadK_predicted,0.5,1,1,CCGGCTTAGGGGTACGCTCG,0,4389162
yadL_yadM_yadC_yadK_predicted,0.5,1,1,CCGGCGGCCCATTTCGCATA,0,4380052
yadL_yadM_yadC_yadK_predicted,0.5,1,1,CCGGCGCGATACATGACGGT,0,4381826
yadL_yadM_yadC_yadK_predicted,0.5,1,1,CCGGCCTTACGTTGGATTTC,0,4393366
yadL_yadM_yadC_yadK_predicted,0.5,1,1,CCGGCCATTGAGGTAGTTCT,0,4381388
yadL_yadM_yadC_yadK_predicted,0.5,1,1,CCGGAGTATCTAGTAAGGTT,0,4391187
yadL_yadM_yadC_yadK_predicted,0.5,1,1,CCGGAGCTTCTCGTACGCCC,0,4383568
yadL_yadM_yadC_yadK_predicted,0.5,1,1,CCGCTCGTAGACGTAATTTT,0,4378744
yadL_yadM_yadC_yadK_predicted,0.5,1,1,CCGCTACACACGTCCGTCAA,0,4370423
yadL_yadM_yadC_yadK_predicted,0.5,1,1,CCGCGTTGACAAACAGGCGC,0,4384695
yadL_yadM_yadC_yadK_predicted,0.5,1,1,CCGCGTTATTGACCATTTGG,0,4396314
yadL_yadM_yadC_yadK_predicted,0.5,1,1,CCGCGGGGAAGGTGTAGCAT,0,4397775
yadL_yadM_yadC_yadK_predicted,0.5,1,1,CCGCCCATGGTACTGCCTAG,0,4388459
yadL_yadM_yadC_yadK_predicted,0.5,1,1,CCGCCAGGCCTCCTTCGGGT,0,4380113
yadL_yadM_yadC_yadK_predicted,0.5,1,1,CCGCAGATGAGCTGCGCGCG,0,4372133
yadL_yadM_yadC_yadK_predicted,0.5,1,1,CCGCACGTATCCGGTACGTT,0,4375481
yadL_yadM_yadC_yadK_predicted,0.5,1,1,CCGAGTGGAAGTGTTTTTCT,0,4395003
yadL_yadM_yadC_yadK_predicted,0.5,1,1,CCGACTGATGGAAAATGCCG,0,4401658
yadL_yadM_yadC_yadK_predicted,0.5,1,1,CCGACTACCTAATTCTGATA,0,4392710
yadL_yadM_yadC_yadK_predicted,0.5,1,1,CCGACAGTCATAGTGCTTCT,0,4373187
yadL_yadM_yadC_yadK_predicted,0.5,1,1,CCGAATCGAATAGCGGTTTA,0,4387477
yadL_yadM_yadC_yadK_predicted,0.5,1,1,CCGAAAATTACTGTGGGGTA,0,4373855
yadL_yadM_yadC_yadK_predicted,0.5,1,1,CCCTTCGGTATGTTATCCTG,0,4391953
yadL_yadM_yadC_yadK_predicted,0.5,1,1,CCCTGTGTTTTCGCGATCAC,0,4378669
yadL_yadM_yadC_yadK_predicted,0.5,1,1,CCCTGTCGTTCCGTCTGTTC,0,4387934
yadL_yadM_yadC_yadK_predicted,0.5,1,1,CCCTGGGTTGTACGGGGCTG,0,4400324
yadL_yadM_yadC_yadK_predicted,0.5,1,1,CCCTGGATGATTTGATAGGT,0,4373386
yadL_yadM_yadC_yadK_predicted,0.5,1,1,CCCTGATGGCCCTTGATTAG,0,4388956
yadL_yadM_yadC_yadK_predicted,0.5,1,1,CCCTGAAATGGGCCGCATGA,0,4394304
yadL_yadM_yadC_yadK_predicted,0.5,1,1,CCCTCTATTACTGCACTATC,0,4389509
yadL_yadM_yadC_yadK_predicted,0.5,1,1,CCCTCGCTGGCTGCTCGTCC,0,4396216
yadL_yadM_yadC_yadK_predicted,0.5,1,1,CCCTAGGCTCGAGGACGGAA,0,4379723
yadL_yadM_yadC_yadK_predicted,0.5,1,1,CCCTACTATGTGGGAATATC,0,4375243
yadL_yadM_yadC_yadK_predicted,0.5,1,1,CCCTACGTGTACAGGTATAT,0,4396534
yadL_yadM_yadC_yadK_predicted,0.5,1,1,CCCGTGGTACCGGACCGAGG,0,4399317
yadL_yadM_yadC_yadK_predicted,0.5,1,1,CCCGGGAGGACACAGGTATG,0,4400766
yadL_yadM_yadC_yadK_predicted,0.5,1,1,CCCGGCCTTTCGTTTTGTTA,0,4383140
yadL_yadM_yadC_yadK_predicted,0.5,1,1,CCCGCATAAAGACTTTATGA,0,4379763
yadL_yadM_yadC_yadK_predicted,0.5,1,1,CCCCTTGTTCACATACTGGA,0,4400897
yadL_yadM_yadC_yadK_predicted,0.5,1,1,CCCCTGCTACTTATTCAATC,0,4382906
yadL_yadM_yadC_yadK_predicted,0.5,1,1,CCCCTCACTTTCGAATGCAG,0,4396813
yadL_yadM_yadC_yadK_predicted,0.5,1,1,CCCCGCGTCTATCTCGTCAA,0,4375312
yadL_yadM_yadC_yadK_predicted,0.5,1,1,CCCCGCGGTCGATCCGGGCG,0,4374093
yadL_yadM_yadC_yadK_predicted,0.5,1,1,CCCCGAAGTGGTCTGACGAG,0,4379445
yadL_yadM_yadC_yadK_predicted,0.5,1,1,CCCCCTAGCCTACTCGATGT,0,4383976
yadL_yadM_yadC_yadK_predicted,0.5,1,1,CCCCCGGACCCTGCACACCC,0,4388545
yadL_yadM_yadC_yadK_predicted,0.5,1,1,CCCCCCTCATACGCGAACTA,0,4398544
yadL_yadM_yadC_yadK_predicted,0.5,1,1,CCCCACGGTACATCAATATG,0,4370648
yadL_yadM_yadC_yadK_predicted,0.5,1,1,CCCATGTCCCGCGATTCGGT,0,4377728
yadL_yadM_yadC_yadK_predicted,0.5,1,1,CCCATAGCCGATCACGTGGG,0,4396330
yadL_yadM_yadC_yadK_predicted,0.5,1,1,CCCACGCCTGTGTGGCCCTA,0,4377639
yadL_yadM_yadC_yadK_predicted,0.5,1,1,CCCAATGTTTTCCAGCTCAG,0,4378900
yadL_yadM_yadC_yadK_predicted,0.5,1,1,CCCAACAGTAGAGCCACCAC,0,4392158
yadL_yadM_yadC_yadK_predicted,0.5,1,1,CCCAAAGTAATGCAGTGTGT,0,4400820
yadL_yadM_yadC_yadK_predicted,0.5,1,1,CCATTGGAGACATCAGTGCT,0,4381595
yadL_yadM_yadC_yadK_predicted,0.5,1,1,CCATTCCCGGTAATACATCG,0,4382365
yadL_yadM_yadC_yadK_predicted,0.5,1,1,CCATGTTTATGGGTGGCCAT,0,4399895
yadL_yadM_yadC_yadK_predicted,0.5,1,1,CCATGCGGTTATCGCGCAGT,0,4382340
yadL_yadM_yadC_yadK_predicted,0.5,1,1,CCATGCCAAGCACGGTGCAA,0,4380084
yadL_yadM_yadC_yadK_predicted,0.5,1,1,CCATCTCGTACTTCAACTTT,0,4391522
yadL_yadM_yadC_yadK_predicted,0.5,1,1,CCATCTACTTGCAAAAACAC,0,4391961
yadL_yadM_yadC_yadK_predicted,0.5,1,1,CCATCGTTGCACGGAGACAA,0,4380670
yadL_yadM_yadC_yadK_predicted,0.5,1,1,CCATCATGGTCCTGGCCCGT,0,4378988
yadL_yadM_yadC_yadK_predicted,0.5,1,1,CCATATATTTTAATTCACCT,0,4380649
yadL_yadM_yadC_yadK_predicted,0.5,1,1,CCATACGCGTCTCGAGATGC,0,4380896
yadL_yadM_yadC_yadK_predicted,0.5,1,1,CCATAAACGTTGGTCGCGGC,0,4395464
yadL_yadM_yadC_yadK_predicted,0.5,1,1,CCAGTTCGCGCACACATAAG,0,4373088
yadL_yadM_yadC_yadK_predicted,0.5,1,1,CCAGTAAGGGTAGGCCTTAA,0,4391029
yadL_yadM_yadC_yadK_predicted,0.5,1,1,CCAGCAGAAGAATTAGCGAT,0,4397135
yadL_yadM_yadC_yadK_predicted,0.5,1,1,CCAGCACCAGACATATTGGT,0,4388911
yadL_yadM_yadC_yadK_predicted,0.5,1,1,CCAGATGTGAAGTTATTTGT,0,4376463
yadL_yadM_yadC_yadK_predicted,0.5,1,1,CCACTCTAACCGCATTCGAG,0,4399476
yadL_yadM_yadC_yadK_predicted,0.5,1,1,CCACGCTTATGGGTTACTGA,0,4386677
yadL_yadM_yadC_yadK_predicted,0.5,1,1,CCACCTCAGACCGTCCCGGT,0,4390175
yadL_yadM_yadC_yadK_predicted,0.5,1,1,CCACCCGATTCAAATTTCAT,0,4392625
yadL_yadM_yadC_yadK_predicted,0.5,1,1,CCACATGAGACATAACGGTT,0,4380206
yadL_yadM_yadC_yadK_predicted,0.5,1,1,CCACATCTGGTCGTGGAATG,0,4384837
yadL_yadM_yadC_yadK_predicted,0.5,1,1,CCACAACGACCGTTAACGTC,0,4396443
yadL_yadM_yadC_yadK_predicted,0.5,1,1,CCAATTCCGAAGGACATGGA,0,4378034
yadL_yadM_yadC_yadK_predicted,0.5,1,1,CCAATAGTAATGAAGCAGAT,0,4391563
yadL_yadM_yadC_yadK_predicted,0.5,1,1,CCAAGGTAACTAATTCCTAT,0,4388207
yadL_yadM_yadC_yadK_predicted,0.5,1,1,CCAAGCAGTACCTAGGTCTT,0,4380064
yadL_yadM_yadC_yadK_predicted,0.5,1,1,CCAAGATTGCATTCTAGGAT,0,4388765
yadL_yadM_yadC_yadK_predicted,0.5,1,1,CCAAATAGTTGTGATATCGG,0,4377205
yadL_yadM_yadC_yadK_predicted,0.5,1,1,CCAAAACGAGATAATATCGT,0,4372443
yadL_yadM_yadC_yadK_predicted,0.5,1,1,CCAAAACCCTGACACTTCAT,0,4387729
yadL_yadM_yadC_yadK_predicted,0.5,1,1,CATTTGCTAATGCAGCTTGT,0,4388209
yadL_yadM_yadC_yadK_predicted,0.5,1,1,CATTGGCCACAGGCTGCGCT,0,4378542
yadL_yadM_yadC_yadK_predicted,0.5,1,1,CATTGCCAAAAGACGTTGTT,0,4390384
yadL_yadM_yadC_yadK_predicted,0.5,1,1,CATTCTCGAGAATACTAGAA,0,4402100
yadL_yadM_yadC_yadK_predicted,0.5,1,1,CATTCTACCCTTTTCTCCAT,0,4383570
yadL_yadM_yadC_yadK_predicted,0.5,1,1,CATTCTAATTGCTAACCGAA,0,4400179
yadL_yadM_yadC_yadK_predicted,0.5,1,1,CATTCGACAAGCATCAGCCG,0,4379361
yadL_yadM_yadC_yadK_predicted,0.5,1,1,CATTCCCCATCTCTCGGCGA,0,4397999
yadL_yadM_yadC_yadK_predicted,0.5,1,1,CATTCATGAGATCATAACAC,0,4400912
yadL_yadM_yadC_yadK_predicted,0.5,1,1,CATTAGCGAACTATCCGACA,0,4382086
yadL_yadM_yadC_yadK_predicted,0.5,1,1,CATTAACAGGTAGGCCTCGT,0,4385992
yadL_yadM_yadC_yadK_predicted,0.5,1,1,CATGTGCAACGACACGCATC,0,4392911
yadL_yadM_yadC_yadK_predicted,0.5,1,1,CATGTCAGGCCAAGGCTCCT,0,4400809
yadL_yadM_yadC_yadK_predicted,0.5,1,1,CATGTACAGTTTCGTTCCTA,0,4379522
yadL_yadM_yadC_yadK_predicted,0.5,1,1,CATGGGCATGTTGCCACGTG,0,4390948
yadL_yadM_yadC_yadK_predicted,0.5,1,1,CATGGCATCAGCGTTCGTTA,0,4400996
yadL_yadM_yadC_yadK_predicted,0.5,1,1,CATGAGCCCCTATTACCTGT,0,4401334
yadL_yadM_yadC_yadK_predicted,0.5,1,1,CATGAATACCCGAGGCCTTT,0,4386342
yadL_yadM_yadC_yadK_predicted,0.5,1,1,CATGAAGGCGTTACTTGCTG,0,4380771
yadL_yadM_yadC_yadK_predicted,0.5,1,1,CATGAACTCAGACGTCCGCA,0,4383286
yadL_yadM_yadC_yadK_predicted,0.5,1,1,CATCTTGCCCTCAGTTCAGA,0,4400652
yadL_yadM_yadC_yadK_predicted,0.5,1,1,CATCTCCCCTTCGCACCACC,0,4374980
yadL_yadM_yadC_yadK_predicted,0.5,1,1,CATCTCAAACCTTCACATTA,0,4388014
yadL_yadM_yadC_yadK_predicted,0.5,1,1,CATCGTTGCAGATCCCACCA,0,4379446
yadL_yadM_yadC_yadK_predicted,0.5,1,1,CATCGTAAAACACATTTTTT,0,4396733
yadL_yadM_yadC_yadK_predicted,0.5,1,1,CATCGGCTTTATAGGAAACT,0,4378714
yadL_yadM_yadC_yadK_predicted,0.5,1,1,CATCGGATTGAATGCTACGA,0,4396493
yadL_yadM_yadC_yadK_predicted,0.5,1,1,CATCCGGCCCGTATCGCCAT,0,4386081
yadL_yadM_yadC_yadK_predicted,0.5,1,1,CATCATTGACTTTTGCAGTG,0,4386636
yadL_yadM_yadC_yadK_predicted,0.5,1,1,CATCAGTCGTCTAACAAACG,0,4374261
yadL_yadM_yadC_yadK_predicted,0.5,1,1,CATCAAGCAAACTACGACTC,0,4388672
yadL_yadM_yadC_yadK_predicted,0.5,1,1,CATATTCGTCTACAAATGGA,0,4390620
yadL_yadM_yadC_yadK_predicted,0.5,1,1,CATATTACGTTGCGTAACGT,0,4381437
yadL_yadM_yadC_yadK_predicted,0.5,1,1,CATATACAGCTTACTGCCAG,0,4383113
yadL_yadM_yadC_yadK_predicted,0.5,1,1,CATATAATTCACACTGGCCA,0,4393242
yadL_yadM_yadC_yadK_predicted,0.5,1,1,CATAGTCCACAACCTAGACA,0,4382919
yadL_yadM_yadC_yadK_predicted,0.5,1,1,CATAGGAATTATGCCCAATC,0,4385840
yadL_yadM_yadC_yadK_predicted,0.5,1,1,CATAGCAGGGTGGAGATGGC,0,4388684
yadL_yadM_yadC_yadK_predicted,0.5,1,1,CATAGACATCCTTGCGTCAT,0,4394716
yadL_yadM_yadC_yadK_predicted,0.5,1,1,CATACTGGTTTGGTGCGGCA,0,4386230
yadL_yadM_yadC_yadK_predicted,0.5,1,1,CATACGTGATGATACGCGAG,0,4394962
yadL_yadM_yadC_yadK_predicted,0.5,1,1,CATACACAAGTTGCGGACCA,0,4382524
yadL_yadM_yadC_yadK_predicted,0.5,1,1,CATAATCTGGTACGGGTGCT,0,4395969
yadL_yadM_yadC_yadK_predicted,0.5,1,1,CATAAGGCATTGTAACTGGG,0,4398617
yadL_yadM_yadC_yadK_predicted,0.5,1,1,CATAAGGCACTCGGTGGGAC,0,4401726
yadL_yadM_yadC_yadK_predicted,0.5,1,1,CATAAATCAGTCACTCCCCC,0,4379999
yadL_yadM_yadC_yadK_predicted,0.5,1,1,CATAAACGCCGAGGCCACTG,0,4390107
yadL_yadM_yadC_yadK_predicted,0.5,1,1,CAGTTGCGATGCAGAAATGA,0,4383712
yadL_yadM_yadC_yadK_predicted,0.5,1,1,CAGTTCTGGTAAGGGTTCCG,0,4373843
yadL_yadM_yadC_yadK_predicted,0.5,1,1,CAGTTATTTGATTGCGAGGT,0,4391836
yadL_yadM_yadC_yadK_predicted,0.5,1,1,CAGTTATCCTTACGCGCATG,0,4390692
yadL_yadM_yadC_yadK_predicted,0.5,1,1,CAGTGGTTTACTGAGCACAT,0,4387081
yadL_yadM_yadC_yadK_predicted,0.5,1,1,CAGTGGGAAATTGAGTATGT,0,4389359
yadL_yadM_yadC_yadK_predicted,0.5,1,1,CAGTCATCTCCTCAGATCTG,0,4374262
yadL_yadM_yadC_yadK_predicted,0.5,1,1,CAGTCAGGTGTATGGTTCAG,0,4390430
yadL_yadM_yadC_yadK_predicted,0.5,1,1,CAGTAGATGTCCAAAATATC,0,4385119
yadL_yadM_yadC_yadK_predicted,0.5,1,1,CAGTAAATGTCACTGAAATT,0,4394069
yadL_yadM_yadC_yadK_predicted,0.5,1,1,CAGGTTGTTCACTCTCAGGG,0,4378617
yadL_yadM_yadC_yadK_predicted,0.5,1,1,CAGGTTGAGCACGACGTTTT,0,4393390
yadL_yadM_yadC_yadK_predicted,0.5,1,1,CAGGTGTGCAGGTCTCTGTA,0,4375004
yadL_yadM_yadC_yadK_predicted,0.5,1,1,CAGGTCTTCCGACTAGGACT,0,4399991
yadL_yadM_yadC_yadK_predicted,0.5,1,1,CAGGTCCGCCTAGGAAGAAT,0,4385806
yadL_yadM_yadC_yadK_predicted,0.5,1,1,CAGGTCCCTATCCTTCTCTG,0,4385394
yadL_yadM_yadC_yadK_predicted,0.5,1,1,CAGGGTCATGCGTCCCGATG,0,4372723
yadL_yadM_yadC_yadK_predicted,0.5,1,1,CAGGGGACAACGGGGGCGAA,0,4400618
yadL_yadM_yadC_yadK_predicted,0.5,1,1,CAGGCCGTATCTACACCACA,0,4393263
yadL_yadM_yadC_yadK_predicted,0.5,1,1,CAGGATATCAATTTTCACGT,0,4400674
yadL_yadM_yadC_yadK_predicted,0.5,1,1,CAGGACTGGGTTTCAGACAT,0,4373375
yadL_yadM_yadC_yadK_predicted,0.5,1,1,CAGGACCAACCAAGGGTTTA,0,4400196
yadL_yadM_yadC_yadK_predicted,0.5,1,1,CAGCTTATTGACATCAATTC,0,4371855
yadL_yadM_yadC_yadK_predicted,0.5,1,1,CAGCTCTGAGCAATATCCGA,0,4381206
yadL_yadM_yadC_yadK_predicted,0.5,1,1,CAGCTAGAAATTTAAAAATT,0,4387660
yadL_yadM_yadC_yadK_predicted,0.5,1,1,CAGCTACTCATGCGGTCAGA,0,4376795
yadL_yadM_yadC_yadK_predicted,0.5,1,1,CAGCGGTAGGAGCGATGGAT,0,4398548
yadL_yadM_yadC_yadK_predicted,0.5,1,1,CAGCGAGCTGCTGGCCGGTG,0,4391989
yadL_yadM_yadC_yadK_predicted,0.5,1,1,CAGCGACAGCACCTTCGTAT,0,4377358
yadL_yadM_yadC_yadK_predicted,0.5,1,1,CAGCCTTGGTGCCGTGTGGA,0,4374625
yadL_yadM_yadC_yadK_predicted,0.5,1,1,CAGCCCGGGTGGCCATTCTG,0,4370630
yadL_yadM_yadC_yadK_predicted,0.5,1,1,CAGCCCATTTTTGGTAACCG,0,4395851
yadL_yadM_yadC_yadK_predicted,0.5,1,1,CAGCAGTGCATTCTAAGACA,0,4392857
yadL_yadM_yadC_yadK_predicted,0.5,1,1,CAGATTATAGGACTACATTG,0,4379997
yadL_yadM_yadC_yadK_predicted,0.5,1,1,CAGATGGCCGTTGGTAACCT,0,4379873
yadL_yadM_yadC_yadK_predicted,0.5,1,1,CAGATCGCAACTATACGCCC,0,4381601
yadL_yadM_yadC_yadK_predicted,0.5,1,1,CAGATAGGACAAAATTGTGT,0,4373202
yadL_yadM_yadC_yadK_predicted,0.5,1,1,CAGAGGTACTGACGAAGCTA,0,4396880
yadL_yadM_yadC_yadK_predicted,0.5,1,1,CAGAGCTAGAGAAATCAGAT,0,4392172
yadL_yadM_yadC_yadK_predicted,0.5,1,1,CAGAGCACCAGATCAGTCAC,0,4383281
yadL_yadM_yadC_yadK_predicted,0.5,1,1,CAGAGCACAGGTTCCTACGT,0,4400911
yadL_yadM_yadC_yadK_predicted,0.5,1,1,CAGAGACGATGATAAACGCC,0,4388912
yadL_yadM_yadC_yadK_predicted,0.5,1,1,CAGAAAATAGCCGCATATGA,0,4379821
yadL_yadM_yadC_yadK_predicted,0.5,1,1,CACTTAGGTCGGTTAATAGC,0,4399406
yadL_yadM_yadC_yadK_predicted,0.5,1,1,CACTGTAGTACCTGTAACCT,0,4383037
yadL_yadM_yadC_yadK_predicted,0.5,1,1,CACTGGACTCCTTCTCTTGT,0,4371640
yadL_yadM_yadC_yadK_predicted,0.5,1,1,CACTGAACACATGGTTGACG,0,4386648
yadL_yadM_yadC_yadK_predicted,0.5,1,1,CACTATTCTTCCTCCTGTGA,0,4371936
yadL_yadM_yadC_yadK_predicted,0.5,1,1,CACTATGAGCCACCTAAAGG,0,4402290
yadL_yadM_yadC_yadK_predicted,0.5,1,1,CACGTCGGTCCTCATTCTCG,0,4383523
yadL_yadM_yadC_yadK_predicted,0.5,1,1,CACGGGCTTGGTTTAGCCAT,0,4391604
yadL_yadM_yadC_yadK_predicted,0.5,1,1,CACGGGCTGTGGCCCTAGCT,0,4390251
yadL_yadM_yadC_yadK_predicted,0.5,1,1,CACGCTCCGTTGGCACCGGT,0,4379552
yadL_yadM_yadC_yadK_predicted,0.5,1,1,CACGCGCGGACCGTGGAGGG,0,4376051
yadL_yadM_yadC_yadK_predicted,0.5,1,1,CACGCAATTCTTGCAATAAA,0,4389310
yadL_yadM_yadC_yadK_predicted,0.5,1,1,CACGACGAGTGGCTAAGAAA,0,4381947
yadL_yadM_yadC_yadK_predicted,0.5,1,1,CACGAACCCGGAGTAAAAAC,0,4393098
yadL_yadM_yadC_yadK_predicted,0.5,1,1,CACCTGGTTATGACGCCAGT,0,4373417
yadL_yadM_yadC_yadK_predicted,0.5,1,1,CACCTCCTCGCGAGGCACTG,0,4389828
yadL_yadM_yadC_yadK_predicted,0.5,1,1,CACCGGTTAAAGGTCTATGT,0,4384618
yadL_yadM_yadC_yadK_predicted,0.5,1,1,CACCGCAATGCGGATTTTAA,0,4380992
yadL_yadM_yadC_yadK_predicted,0.5,1,1,CACCCTTACAGCAGAGATGA,0,4385700
yadL_yadM_yadC_yadK_predicted,0.5,1,1,CACCCTCGAACTTATTCTGA,0,4399018
yadL_yadM_yadC_yadK_predicted,0.5,1,1,CACCCTCACGACCTAATTTT,0,4391136
yadL_yadM_yadC_yadK_predicted,0.5,1,1,CACCAGGCAATCGAAACTTT,0,4378305
yadL_yadM_yadC_yadK_predicted,0.5,1,1,CACCAGCCACAAAGGTCCTC,0,4398578
yadL_yadM_yadC_yadK_predicted,0.5,1,1,CACCAGATCGCTAGCAGCAG,0,4383825
yadL_yadM_yadC_yadK_predicted,0.5,1,1,CACCACATTACCTTAAACAG,0,4384265
yadL_yadM_yadC_yadK_predicted,0.5,1,1,CACATTGAGTATTGACGAGT,0,4390015
yadL_yadM_yadC_yadK_predicted,0.5,1,1,CACAGGGGTGCCGTGGAAGC,0,4394582
yadL_yadM_yadC_yadK_predicted,0.5,1,1,CACAGGCGACGGGAGAATTT,0,4376405
yadL_yadM_yadC_yadK_predicted,0.5,1,1,CACAGCTTTGTGTGTGAGTT,0,4398145
yadL_yadM_yadC_yadK_predicted,0.5,1,1,CACAGCGGAACAGTTCCTAA,0,4377749
yadL_yadM_yadC_yadK_predicted,0.5,1,1,CACACTTTATCCAAGCTTGC,0,4395819
yadL_yadM_yadC_yadK_predicted,0.5,1,1,CACACTGTGAGTTCGGAATT,0,4377678
yadL_yadM_yadC_yadK_predicted,0.5,1,1,CACACGGACATTAGGACATG,0,4382926
yadL_yadM_yadC_yadK_predicted,0.5,1,1,CACACCTCTCAAGGGCCAAG,0,4375336
yadL_yadM_yadC_yadK_predicted,0.5,1,1,CACACATTAGGCCGGGTCGT,0,4380966
yadL_yadM_yadC_yadK_predicted,0.5,1,1,CACACAGTATCGTTTCAAAA,0,4392193
yadL_yadM_yadC_yadK_predicted,0.5,1,1,CACAAGTAGTTGCGGTCATT,0,4377269
yadL_yadM_yadC_yadK_predicted,0.5,1,1,CAATTGAATTTACCCAAGAC,0,4379433
yadL_yadM_yadC_yadK_predicted,0.5,1,1,CAATGGACGAGCCACATCTT,0,4371964
yadL_yadM_yadC_yadK_predicted,0.5,1,1,CAATGCATGTGCATGCAGAT,0,4379636
yadL_yadM_yadC_yadK_predicted,0.5,1,1,CAATCGTGACCCGATAGGAA,0,4383119
yadL_yadM_yadC_yadK_predicted,0.5,1,1,CAAGTGGTGCCATCAACGAT,0,4402405
yadL_yadM_yadC_yadK_predicted,0.5,1,1,CAAGTCGTAGGTCCTAGAAG,0,4379829
yadL_yadM_yadC_yadK_predicted,0.5,1,1,CAAGTCCGGGCGTTCTTTCC,0,4391075
yadL_yadM_yadC_yadK_predicted,0.5,1,1,CAAGTACACCCGGGTCCCGC,0,4378164
yadL_yadM_yadC_yadK_predicted,0.5,1,1,CAAGGCTTCGTTCTAGTAAA,0,4372430
yadL_yadM_yadC_yadK_predicted,0.5,1,1,CAAGGCAACGAAGTCACGAA,0,4399183
yadL_yadM_yadC_yadK_predicted,0.5,1,1,CAAGCTTAATCGGCGGAAAT,0,4385420
yadL_yadM_yadC_yadK_predicted,0.5,1,1,CAAGCGCCTGTCCAGCCATT,0,4390120
yadL_yadM_yadC_yadK_predicted,0.5,1,1,CAAGCACTGAGTGTCGAGTT,0,4370283
yadL_yadM_yadC_yadK_predicted,0.5,1,1,CAAGATTCCAACTCCTGGCT,0,4378766
yadL_yadM_yadC_yadK_predicted,0.5,1,1,CAAGAGGATTGATGCTCCGT,0,4389006
yadL_yadM_yadC_yadK_predicted,0.5,1,1,CAAGAGCAAAAAGCGTGGCT,0,4392883
yadL_yadM_yadC_yadK_predicted,0.5,1,1,CAACTGAACGAATTGACGAT,0,4385702
yadL_yadM_yadC_yadK_predicted,0.5,1,1,CAACGGTAGTCCGATGGATT,0,4382073
yadL_yadM_yadC_yadK_predicted,0.5,1,1,CAACAGGTAACATCCCGCCT,0,4395892
yadL_yadM_yadC_yadK_predicted,0.5,1,1,CAACAGGGGGTTTCAAGCAA,0,4398167
yadL_yadM_yadC_yadK_predicted,0.5,1,1,CAACAGGGCAACATAAGGGA,0,4382078
yadL_yadM_yadC_yadK_predicted,0.5,1,1,CAAATTACGATGTGAGGACT,0,4379237
yadL_yadM_yadC_yadK_predicted,0.5,1,1,CAAATGCAGGCAGCTCAGCA,0,4396079
yadL_yadM_yadC_yadK_predicted,0.5,1,1,CAAATGAAGTTCTTGAAGGT,0,4393035
yadL_yadM_yadC_yadK_predicted,0.5,1,1,CAAAGGTTAAGATGAGTACT,0,4376268
yadL_yadM_yadC_yadK_predicted,0.5,1,1,CAAAGGTATGTCTTTCTTCG,0,4394125
yadL_yadM_yadC_yadK_predicted,0.5,1,1,CAAAGGACCAGTTGTTAAAG,0,4388791
yadL_yadM_yadC_yadK_predicted,0.5,1,1,CAAAGCGGAACAAATACGTA,0,4375114
yadL_yadM_yadC_yadK_predicted,0.5,1,1,CAAAGCAACCTTGCCTACGA,0,4402246
yadL_yadM_yadC_yadK_predicted,0.5,1,1,CAAACGCGTTGGGTTAGCTC,0,4378698
yadL_yadM_yadC_yadK_predicted,0.5,1,1,CAAACCTGAGAATTTTGGAC,0,4394003
yadL_yadM_yadC_yadK_predicted,0.5,1,1,CAAACCGCGATCCTTCTGTT,0,4387865
yadL_yadM_yadC_yadK_predicted,0.5,1,1,CAAACCAGCATAGCAGAGAG,0,4398498
yadL_yadM_yadC_yadK_predicted,0.5,1,1,CAAACACCCGGTGGGAAATC,0,4402150
yadL_yadM_yadC_yadK_predicted,0.5,1,1,CAAAACCGTAAGCGCCGGGA,0,4380792
yadL_yadM_yadC_yadK_predicted,0.5,1,1,CAAAACAATCAGCAATAATT,0,4386033
yadL_yadM_yadC_yadK_predicted,0.5,1,1,ATTTTCGTAAAAACCACTAT,0,4383994
yadL_yadM_yadC_yadK_predicted,0.5,1,1,ATTTTCCGTACCAGGATAGT,0,4394029
yadL_yadM_yadC_yadK_predicted,0.5,1,1,ATTTTAGCGCCGGCCGAGTA,0,4377902
yadL_yadM_yadC_yadK_predicted,0.5,1,1,ATTTCGACATGCCATATCAG,0,4388253
yadL_yadM_yadC_yadK_predicted,0.5,1,1,ATTTCATAGGGATTGACAAG,0,4395894
yadL_yadM_yadC_yadK_predicted,0.5,1,1,ATTTCACTTTGCTATAACGG,0,4402016
yadL_yadM_yadC_yadK_predicted,0.5,1,1,ATTTATGACGTGCTGTTGAG,0,4390966
yadL_yadM_yadC_yadK_predicted,0.5,1,1,ATTTACCTGTGCACCATATT,0,4388141
yadL_yadM_yadC_yadK_predicted,0.5,1,1,ATTTACATCGTATAGTTCCT,0,4377084
yadL_yadM_yadC_yadK_predicted,0.5,1,1,ATTGTTCAAAAGTCGCTTAA,0,4396938
yadL_yadM_yadC_yadK_predicted,0.5,1,1,ATTGGTTTCTGCTCAGCGTC,0,4392475
yadL_yadM_yadC_yadK_predicted,0.5,1,1,ATTGGTTCTTCAAGCAGCAT,0,4393781
yadL_yadM_yadC_yadK_predicted,0.5,1,1,ATTGGGTACACTTGATCTAG,0,4391772
yadL_yadM_yadC_yadK_predicted,0.5,1,1,ATTGCTGGCTGTAAGGGGAG,0,4393373
yadL_yadM_yadC_yadK_predicted,0.5,1,1,ATTGCGCACTAGGGAGGTCG,0,4373555
yadL_yadM_yadC_yadK_predicted,0.5,1,1,ATTGCCTAGTTTACCCATAA,0,4378810
yadL_yadM_yadC_yadK_predicted,0.5,1,1,ATTGCACAAATTCGCGGCTC,0,4386775
yadL_yadM_yadC_yadK_predicted,0.5,1,1,ATTGATTATCAGTACAAACA,0,4390222
yadL_yadM_yadC_yadK_predicted,0.5,1,1,ATTGATGTAAATCATATCAA,0,4401580
yadL_yadM_yadC_yadK_predicted,0.5,1,1,ATTGAGCGGTACTGGACTCA,0,4375689
yadL_yadM_yadC_yadK_predicted,0.5,1,1,ATTGACGGATTCCGATTTGA,0,4390176
yadL_yadM_yadC_yadK_predicted,0.5,1,1,ATTCGAGGATCGGTATCGCG,0,4387133
yadL_yadM_yadC_yadK_predicted,0.5,1,1,ATTCACGCGCAGGGCTGAAC,0,4375721
yadL_yadM_yadC_yadK_predicted,0.5,1,1,ATTCAATCGTGAATAAAACG,0,4374466
yadL_yadM_yadC_yadK_predicted,0.5,1,1,ATTCAATCCGGTGCCGATTT,0,4400573
yadL_yadM_yadC_yadK_predicted,0.5,1,1,ATTCAAGGAATAACTTTATG,0,4371228
yadL_yadM_yadC_yadK_predicted,0.5,1,1,ATTCAAAGCGTCCTAAAAAA,0,4383569
yadL_yadM_yadC_yadK_predicted,0.5,1,1,ATTATGTTGTACTGCGAGTA,0,4377095
yadL_yadM_yadC_yadK_predicted,0.5,1,1,ATTATAGCTATAGGGTTCTC,0,4392137
yadL_yadM_yadC_yadK_predicted,0.5,1,1,ATTAGGAGGAACATAAGGCT,0,4387490
yadL_yadM_yadC_yadK_predicted,0.5,1,1,ATTAGCCGAAGGAAGGTATG,0,4371245
yadL_yadM_yadC_yadK_predicted,0.5,1,1,ATTAGAGCGAGACACAAGTC,0,4388310
yadL_yadM_yadC_yadK_predicted,0.5,1,1,ATTACAGTGGAGTCGTTAAT,0,4370688
yadL_yadM_yadC_yadK_predicted,0.5,1,1,ATTAATTTGAATGGTATGCC,0,4398656
yadL_yadM_yadC_yadK_predicted,0.5,1,1,ATTAATTAGTGCACAAGGTC,0,4376316
yadL_yadM_yadC_yadK_predicted,0.5,1,1,ATTAATCTACGTCGGAGGGT,0,4370944
yadL_yadM_yadC_yadK_predicted,0.5,1,1,ATGTTTGTTGAGTGGAGCCA,0,4385204
yadL_yadM_yadC_yadK_predicted,0.5,1,1,ATGTTTAAGAAATTGATGAT,0,4390621
yadL_yadM_yadC_yadK_predicted,0.5,1,1,ATGTTTAAAGGCGCCTAGGG,0,4386059
yadL_yadM_yadC_yadK_predicted,0.5,1,1,ATGTGTTCGGGTAAGCAGGT,0,4389272
yadL_yadM_yadC_yadK_predicted,0.5,1,1,ATGTGCCATCGGGTCCGCCT,0,4395274
yadL_yadM_yadC_yadK_predicted,0.5,1,1,ATGTGATCGCAGTGGTGCAA,0,4389474
yadL_yadM_yadC_yadK_predicted,0.5,1,1,ATGTGATAACGACAAATATA,0,4401872
yadL_yadM_yadC_yadK_predicted,0.5,1,1,ATGTCTCTTTTTATAATGGT,0,4399131
yadL_yadM_yadC_yadK_predicted,0.5,1,1,ATGTCTCTCATTTCCTTCAG,0,4373905
yadL_yadM_yadC_yadK_predicted,0.5,1,1,ATGTCGCTCCGTAGTTAGAA,0,4402209
yadL_yadM_yadC_yadK_predicted,0.5,1,1,ATGTCGAGTCTTCAGCCATT,0,4379580
yadL_yadM_yadC_yadK_predicted,0.5,1,1,ATGTCCCGCAATTTTTGCAT,0,4389899
yadL_yadM_yadC_yadK_predicted,0.5,1,1,ATGTATTCTTTTCAAGGCGG,0,4381606
yadL_yadM_yadC_yadK_predicted,0.5,1,1,ATGTATAGTTTGCTGGACGC,0,4380989
yadL_yadM_yadC_yadK_predicted,0.5,1,1,ATGTAGTTGGCGCGTCTTTC,0,4375660
yadL_yadM_yadC_yadK_predicted,0.5,1,1,ATGTAGTGGCCTCTATGCGT,0,4382608
yadL_yadM_yadC_yadK_predicted,0.5,1,1,ATGTAGGTTTAGTTGCTTTA,0,4385011
yadL_yadM_yadC_yadK_predicted,0.5,1,1,ATGTAATCTCGCTTCCGTGT,0,4373364
yadL_yadM_yadC_yadK_predicted,0.5,1,1,ATGTAACACCATTTGGATGA,0,4385201
yadL_yadM_yadC_yadK_predicted,0.5,1,1,ATGTAAAATGCGCTGACGCT,0,4395440
yadL_yadM_yadC_yadK_predicted,0.5,1,1,ATGGCTGCCTGTGCACCATG,0,4392732
yadL_yadM_yadC_yadK_predicted,0.5,1,1,ATGGCGGGATTGCTAGTATG,0,4370399
yadL_yadM_yadC_yadK_predicted,0.5,1,1,ATGGCATTTTTCGTTCACCC,0,4379051
yadL_yadM_yadC_yadK_predicted,0.5,1,1,ATGGATATTTCTAGTATCCA,0,4385894
yadL_yadM_yadC_yadK_predicted,0.5,1,1,ATGGACCACGGTATAGCCGG,0,4371433
yadL_yadM_yadC_yadK_predicted,0.5,1,1,ATGCTTCATGTAGGTGGGTG,0,4393469
yadL_yadM_yadC_yadK_predicted,0.5,1,1,ATGCTTACAGTGTCGCAGTA,0,4379595
yadL_yadM_yadC_yadK_predicted,0.5,1,1,ATGCGGTGATTGATGTATGC,0,4376950
yadL_yadM_yadC_yadK_predicted,0.5,1,1,ATGCGAACGGCCCGCATCGC,0,4388157
yadL_yadM_yadC_yadK_predicted,0.5,1,1,ATGCGAACAAAGTACGCTCA,0,4374319
yadL_yadM_yadC_yadK_predicted,0.5,1,1,ATGCCTCCAGGTCACGCTAT,0,4396432
yadL_yadM_yadC_yadK_predicted,0.5,1,1,ATGCCTAGTTACGACGCTGT,0,4373111
yadL_yadM_yadC_yadK_predicted,0.5,1,1,ATGCCCTTAGGACCTCGAAG,0,4379481
yadL_yadM_yadC_yadK_predicted,0.5,1,1,ATGCCCACCGAGAGAGAGCT,0,4377267
yadL_yadM_yadC_yadK_predicted,0.5,1,1,ATGCCCACAACGGCATGAAG,0,4393303
yadL_yadM_yadC_yadK_predicted,0.5,1,1,ATGCATGTGCAGGGGCCTAA,0,4400722
yadL_yadM_yadC_yadK_predicted,0.5,1,1,ATGCAGTAACCTCGCTTGGG,0,4389912
yadL_yadM_yadC_yadK_predicted,0.5,1,1,ATGCAGGAGTCACAAAATAT,0,4402118
yadL_yadM_yadC_yadK_predicted,0.5,1,1,ATGCACGGTATTTTATGACA,0,4377987
yadL_yadM_yadC_yadK_predicted,0.5,1,1,ATGCACATAAGGACATGCGA,0,4387057
yadL_yadM_yadC_yadK_predicted,0.5,1,1,ATGATTCGTTCATGGTAACA,0,4374935
yadL_yadM_yadC_yadK_predicted,0.5,1,1,ATGATGTCCCCATCCACTTT,0,4392520
yadL_yadM_yadC_yadK_predicted,0.5,1,1,ATGAGTTCAGAACGGCACGC,0,4378704
yadL_yadM_yadC_yadK_predicted,0.5,1,1,ATGAGCAGCATCAGCTATGA,0,4385187
yadL_yadM_yadC_yadK_predicted,0.5,1,1,ATGAGATAGTTAATTCCAAA,0,4383956
yadL_yadM_yadC_yadK_predicted,0.5,1,1,ATGACTTCATTCCACCTTTC,0,4376265
yadL_yadM_yadC_yadK_predicted,0.5,1,1,ATGACCCTAGCCCAGGCGTG,0,4396590
yadL_yadM_yadC_yadK_predicted,0.5,1,1,ATGAATTGCGGTAATGGCTT,0,4400540
yadL_yadM_yadC_yadK_predicted,0.5,1,1,ATGAAGTTATAGTACTTTAC,0,4394953
yadL_yadM_yadC_yadK_predicted,0.5,1,1,ATGAAAGACTGAGATAGGCG,0,4396194
yadL_yadM_yadC_yadK_predicted,0.5,1,1,ATCTTGATGTCTTATTTGTT,0,4390890
yadL_yadM_yadC_yadK_predicted,0.5,1,1,ATCTTCTCGTCGCCTATTAC,0,4395136
yadL_yadM_yadC_yadK_predicted,0.5,1,1,ATCTTCGTTAACTGCGATGG,0,4395230
yadL_yadM_yadC_yadK_predicted,0.5,1,1,ATCTTATCACGGTGCTCAAT,0,4387458
yadL_yadM_yadC_yadK_predicted,0.5,1,1,ATCTGTGTGCGATCGGTGTG,0,4398134
yadL_yadM_yadC_yadK_predicted,0.5,1,1,ATCTGCTCGTTGCACAACAA,0,4381510
yadL_yadM_yadC_yadK_predicted,0.5,1,1,ATCTCTCGGTTCGTTTCTAG,0,4377707
yadL_yadM_yadC_yadK_predicted,0.5,1,1,ATCTATAGGTTCGCCGATAT,0,4399399
yadL_yadM_yadC_yadK_predicted,0.5,1,1,ATCTACCGGTGTGAACACGG,0,4390955
yadL_yadM_yadC_yadK_predicted,0.5,1,1,ATCGTTCCTTGGTTAACAGA,0,4379637
yadL_yadM_yadC_yadK_predicted,0.5,1,1,ATCGTTAGCCCGATACAACA,0,4385458
yadL_yadM_yadC_yadK_predicted,0.5,1,1,ATCGTGGCTATAACGGAAAC,0,4385308
yadL_yadM_yadC_yadK_predicted,0.5,1,1,ATCGGATGTACAACAGGGCA,0,4383341
yadL_yadM_yadC_yadK_predicted,0.5,1,1,ATCGGACTTGGGGCCTGGCG,0,4381692
yadL_yadM_yadC_yadK_predicted,0.5,1,1,ATCGGACGCATAACGCTGAG,0,4379911
yadL_yadM_yadC_yadK_predicted,0.5,1,1,ATCGGAAAGGGTTCAAAGGC,0,4374254
yadL_yadM_yadC_yadK_predicted,0.5,1,1,ATCGCTGGCCCGTTCTGGGT,0,4396007
yadL_yadM_yadC_yadK_predicted,0.5,1,1,ATCGATTCCCTATTAGAGGC,0,4373486
yadL_yadM_yadC_yadK_predicted,0.5,1,1,ATCGATGCGCGTCAGTCGGT,0,4398968
yadL_yadM_yadC_yadK_predicted,0.5,1,1,ATCGATACCTTAAATGTAAC,0,4396008
yadL_yadM_yadC_yadK_predicted,0.5,1,1,ATCGAGGCTGGCCGAGGTCG,0,4384086
yadL_yadM_yadC_yadK_predicted,0.5,1,1,ATCGACGGCATCTACGGTGT,0,4373447
yadL_yadM_yadC_yadK_predicted,0.5,1,1,ATCGACCGTCCAGGATCCCC,0,4401966
yadL_yadM_yadC_yadK_predicted,0.5,1,1,ATCCTGTTCGGCCGGTAGCT,0,4391500
yadL_yadM_yadC_yadK_predicted,0.5,1,1,ATCCGTAAATGTAATTCCCT,0,4382056
yadL_yadM_yadC_yadK_predicted,0.5,1,1,ATCCGCTACCTCAGCGGCTA,0,4386712
yadL_yadM_yadC_yadK_predicted,0.5,1,1,ATCCGCATTTTCGGTTGGTT,0,4372862
yadL_yadM_yadC_yadK_predicted,0.5,1,1,ATCCCTTACGAAAGGTCCTG,0,4386825
yadL_yadM_yadC_yadK_predicted,0.5,1,1,ATCCATTATTTTAAGAGCGG,0,4401328
yadL_yadM_yadC_yadK_predicted,0.5,1,1,ATCCAACTTGCTCCCGGTTT,0,4394428
yadL_yadM_yadC_yadK_predicted,0.5,1,1,ATCATTGCAACCCCATTGCT,0,4371557
yadL_yadM_yadC_yadK_predicted,0.5,1,1,ATCATTAATTGTAATAAAAG,0,4380861
yadL_yadM_yadC_yadK_predicted,0.5,1,1,ATCAGAATTAATGCTATGTT,0,4400879
yadL_yadM_yadC_yadK_predicted,0.5,1,1,ATCACGAGGAATTTAGAGCA,0,4377786
yadL_yadM_yadC_yadK_predicted,0.5,1,1,ATCACCGTAGTACTGGTCGG,0,4378454
yadL_yadM_yadC_yadK_predicted,0.5,1,1,ATCACACAGAAGTAGCTCTG,0,4387422
yadL_yadM_yadC_yadK_predicted,0.5,1,1,ATCAACTTTTCAGAATCGCG,0,4386393
yadL_yadM_yadC_yadK_predicted,0.5,1,1,ATCAAAGTAAGACGAGTGCA,0,4370783
yadL_yadM_yadC_yadK_predicted,0.5,1,1,ATATTTGCGTGTGTACAGCA,0,4400264
yadL_yadM_yadC_yadK_predicted,0.5,1,1,ATATTTAACCCCTCCACGGA,0,4376134
yadL_yadM_yadC_yadK_predicted,0.5,1,1,ATATTCTAAGTCTTCTGAGC,0,4374849
yadL_yadM_yadC_yadK_predicted,0.5,1,1,ATATGGTGTATTATTTTAAT,0,4385892
yadL_yadM_yadC_yadK_predicted,0.5,1,1,ATATGGAGCCGGGATATGGC,0,4384494
yadL_yadM_yadC_yadK_predicted,0.5,1,1,ATATCCGGTCTCCGGAATCT,0,4383550
yadL_yadM_yadC_yadK_predicted,0.5,1,1,ATATACCGATGGTAGAGTTA,0,4390523
yadL_yadM_yadC_yadK_predicted,0.5,1,1,ATAGGTTGCAGTGGAGCGCT,0,4383265
yadL_yadM_yadC_yadK_predicted,0.5,1,1,ATAGGTTAACGGTCTCTGCA,0,4370714
yadL_yadM_yadC_yadK_predicted,0.5,1,1,ATAGGTCTGACAGTCGAAAT,0,4380651
yadL_yadM_yadC_yadK_predicted,0.5,1,1,ATAGGTCTATCCCGCATTAA,0,4392772
yadL_yadM_yadC_yadK_predicted,0.5,1,1,ATAGGCAGCACGCTCGGGGA,0,4399367
yadL_yadM_yadC_yadK_predicted,0.5,1,1,ATAGGATTAAACTGCCAGTA,0,4372364
yadL_yadM_yadC_yadK_predicted,0.5,1,1,ATAGCGGTCGTCAAAATTGA,0,4382696
yadL_yadM_yadC_yadK_predicted,0.5,1,1,ATAGCCTGATGCAGCCATGC,0,4398096
yadL_yadM_yadC_yadK_predicted,0.5,1,1,ATAGCCGGGTGCTTACATTA,0,4376737
yadL_yadM_yadC_yadK_predicted,0.5,1,1,ATAGATGCAGTAGGCTGATG,0,4381432
yadL_yadM_yadC_yadK_predicted,0.5,1,1,ATAGACAGTTTCAAGGTGAA,0,4373424
yadL_yadM_yadC_yadK_predicted,0.5,1,1,ATACTAAGGTTTGCCCCCGC,0,4375517
yadL_yadM_yadC_yadK_predicted,0.5,1,1,ATACGTGGCAGGGGAAGCGC,0,4376021
yadL_yadM_yadC_yadK_predicted,0.5,1,1,ATACGGACCCACGGTGCCAT,0,4391408
yadL_yadM_yadC_yadK_predicted,0.5,1,1,ATACCTGCCGCCATAATCCC,0,4396748
yadL_yadM_yadC_yadK_predicted,0.5,1,1,ATACCTAAGAATCGAGACAA,0,4387796
yadL_yadM_yadC_yadK_predicted,0.5,1,1,ATACCGTAGGCCGTACCCGT,0,4399223
yadL_yadM_yadC_yadK_predicted,0.5,1,1,ATACACTGTTTACCATCGAA,0,4373664
yadL_yadM_yadC_yadK_predicted,0.5,1,1,ATACACTGTAACCGAGTCAA,0,4383141
yadL_yadM_yadC_yadK_predicted,0.5,1,1,ATACAATTGAATGATCAAGC,0,4401780
yadL_yadM_yadC_yadK_predicted,0.5,1,1,ATACAATTCATGGGGGCTCG,0,4386639
yadL_yadM_yadC_yadK_predicted,0.5,1,1,ATACAAATAGCGGCCAGGTT,0,4391862
yadL_yadM_yadC_yadK_predicted,0.5,1,1,ATAATTACAGTAATCGCGTG,0,4396292
yadL_yadM_yadC_yadK_predicted,0.5,1,1,ATAATGATCAAGGTTTTCAA,0,4382875
yadL_yadM_yadC_yadK_predicted,0.5,1,1,ATAATCGTGAATTAGTTGCT,0,4393468
yadL_yadM_yadC_yadK_predicted,0.5,1,1,ATAAGGCTGGGTAGCTGACG,0,4372193
yadL_yadM_yadC_yadK_predicted,0.5,1,1,ATAAGCTAAATTGTGAAGAG,0,4379442
yadL_yadM_yadC_yadK_predicted,0.5,1,1,ATAAGACTCCTCTACATAGT,0,4376817
yadL_yadM_yadC_yadK_predicted,0.5,1,1,ATAACTATGTATTAGGTCAT,0,4391541
yadL_yadM_yadC_yadK_predicted,0.5,1,1,ATAACAAGAACTGTGTTGCA,0,4394062
yadL_yadM_yadC_yadK_predicted,0.5,1,1,ATAACAAATAGGCCCTCTGA,0,4397166
yadL_yadM_yadC_yadK_predicted,0.5,1,1,ATAAAGTAGGTCTCTATTGT,0,4392502
yadL_yadM_yadC_yadK_predicted,0.5,1,1,AGTTTTCGTTACCGTAGTCG,0,4384808
yadL_yadM_yadC_yadK_predicted,0.5,1,1,AGTTTGAATGGGCTCGGGGG,0,4393602
yadL_yadM_yadC_yadK_predicted,0.5,1,1,AGTTTCTTACGCTCGAGGTC,0,4398574
yadL_yadM_yadC_yadK_predicted,0.5,1,1,AGTTGTCAACGATCAGTATT,0,4389290
yadL_yadM_yadC_yadK_predicted,0.5,1,1,AGTTGATTAAATCCGGTGTT,0,4389437
yadL_yadM_yadC_yadK_predicted,0.5,1,1,AGTTCGCGTAGGGGTTAGTT,0,4383374
yadL_yadM_yadC_yadK_predicted,0.5,1,1,AGTTAAGGTCTGCCATATTT,0,4372486
yadL_yadM_yadC_yadK_predicted,0.5,1,1,AGTGTTTCATGGGTATGGTT,0,4378036
yadL_yadM_yadC_yadK_predicted,0.5,1,1,AGTGGCAATATTGTGGTGAA,0,4380678
yadL_yadM_yadC_yadK_predicted,0.5,1,1,AGTGCGCGGCAGTTAACTGC,0,4392299
yadL_yadM_yadC_yadK_predicted,0.5,1,1,AGTGCCTTCTGCGGCATTTT,0,4399850
yadL_yadM_yadC_yadK_predicted,0.5,1,1,AGTGAGGTGGAATTTTGGAC,0,4388146
yadL_yadM_yadC_yadK_predicted,0.5,1,1,AGTGAGAGGTGCGTCATCAT,0,4378909
yadL_yadM_yadC_yadK_predicted,0.5,1,1,AGTGACTTGGTTGTGCTAAC,0,4397898
yadL_yadM_yadC_yadK_predicted,0.5,1,1,AGTGAAGCATGGCATCCCTC,0,4393667
yadL_yadM_yadC_yadK_predicted,0.5,1,1,AGTGAAAAAAATCCAAGAAT,0,4379956
yadL_yadM_yadC_yadK_predicted,0.5,1,1,AGTCTTCGAGGGAGAATCAT,0,4402299
yadL_yadM_yadC_yadK_predicted,0.5,1,1,AGTCTGCAAGTTTCGCGTTT,0,4387965
yadL_yadM_yadC_yadK_predicted,0.5,1,1,AGTCTGAACCGCACGTCAAA,0,4399461
yadL_yadM_yadC_yadK_predicted,0.5,1,1,AGTCTAATTTTGATTTAGAC,0,4395592
yadL_yadM_yadC_yadK_predicted,0.5,1,1,AGTCGTCCTACTACCGGGAG,0,4388285
yadL_yadM_yadC_yadK_predicted,0.5,1,1,AGTCGTATCTCCATCTACGT,0,4371194
yadL_yadM_yadC_yadK_predicted,0.5,1,1,AGTCGCGCCTTGCTTTCGCA,0,4392983
yadL_yadM_yadC_yadK_predicted,0.5,1,1,AGTCACTTTGCCAAATGAGC,0,4380334
yadL_yadM_yadC_yadK_predicted,0.5,1,1,AGTCACCTTGTGATAATCCT,0,4395050
yadL_yadM_yadC_yadK_predicted,0.5,1,1,AGTATGGGGGGACAGGTAGA,0,4373163
yadL_yadM_yadC_yadK_predicted,0.5,1,1,AGTAGGATCTAGCCTTCTCC,0,4381793
yadL_yadM_yadC_yadK_predicted,0.5,1,1,AGTAGCTTGTCTTAGTCACA,0,4387859
yadL_yadM_yadC_yadK_predicted,0.5,1,1,AGTAGCTTCGAAAACGTTTC,0,4395845
yadL_yadM_yadC_yadK_predicted,0.5,1,1,AGTAGATTCTTGACTTTCGG,0,4395405
yadL_yadM_yadC_yadK_predicted,0.5,1,1,AGTACTGGAGCCGTCACAGG,0,4380441
yadL_yadM_yadC_yadK_predicted,0.5,1,1,AGTACTGAGGCGGTCGAGAA,0,4387736
yadL_yadM_yadC_yadK_predicted,0.5,1,1,AGTACTGACCACGCGTATGA,0,4377928
yadL_yadM_yadC_yadK_predicted,0.5,1,1,AGTACGGAGAAGTAGGCGAT,0,4385278
yadL_yadM_yadC_yadK_predicted,0.5,1,1,AGTACCCGGGAAATGAGATG,0,4398210
yadL_yadM_yadC_yadK_predicted,0.5,1,1,AGTACCCGCGGCATTTGTTT,0,4401585
yadL_yadM_yadC_yadK_predicted,0.5,1,1,AGTAATAGCCATGTACACAG,0,4371049
yadL_yadM_yadC_yadK_predicted,0.5,1,1,AGTAAGGGTGCTCGCCCACA,0,4396885
yadL_yadM_yadC_yadK_predicted,0.5,1,1,AGTAAGCTTGGGCTCACGTT,0,4394083
yadL_yadM_yadC_yadK_predicted,0.5,1,1,AGTAAAATCATGACTGTTCT,0,4380316
yadL_yadM_yadC_yadK_predicted,0.5,1,1,AGGTTAGTGCGGACCAGGCT,0,4388369
yadL_yadM_yadC_yadK_predicted,0.5,1,1,AGGTTAAGAGTCGCGCCTAC,0,4395756
yadL_yadM_yadC_yadK_predicted,0.5,1,1,AGGTGGCCAAACGGATCATG,0,4371031
yadL_yadM_yadC_yadK_predicted,0.5,1,1,AGGTGCTCGAAAAATGTCTA,0,4372359
yadL_yadM_yadC_yadK_predicted,0.5,1,1,AGGTGCTAAGTGTCTTCCGA,0,4385694
yadL_yadM_yadC_yadK_predicted,0.5,1,1,AGGTCTTGACGTACTAGACT,0,4370781
yadL_yadM_yadC_yadK_predicted,0.5,1,1,AGGTCTTAACTTCGAGCTTA,0,4371276
yadL_yadM_yadC_yadK_predicted,0.5,1,1,AGGTCTCCTGGAGTACGGGG,0,4385065
yadL_yadM_yadC_yadK_predicted,0.5,1,1,AGGTCCCCGATGTTACTTGA,0,4396586
yadL_yadM_yadC_yadK_predicted,0.5,1,1,AGGTCCACTAATCAGGCGAG,0,4384580
yadL_yadM_yadC_yadK_predicted,0.5,1,1,AGGTACCCCGCAACTCGGCA,0,4374389
yadL_yadM_yadC_yadK_predicted,0.5,1,1,AGGGGTTGCACAGTCTCGGA,0,4372214
yadL_yadM_yadC_yadK_predicted,0.5,1,1,AGGGGGTCCAAATTTCAAAT,0,4372720
yadL_yadM_yadC_yadK_predicted,0.5,1,1,AGGGGCGCGGAGGAAATTTA,0,4372038
yadL_yadM_yadC_yadK_predicted,0.5,1,1,AGGGGACTTCTCGCTATCCC,0,4372393
yadL_yadM_yadC_yadK_predicted,0.5,1,1,AGGGCGTTTCCTCCTGGAGA,0,4384018
yadL_yadM_yadC_yadK_predicted,0.5,1,1,AGGGCCGGTTCAGTCGGAGT,0,4401409
yadL_yadM_yadC_yadK_predicted,0.5,1,1,AGGGACCTTCATTCTAAGAA,0,4379025
yadL_yadM_yadC_yadK_predicted,0.5,1,1,AGGGACATCCGGCTGGTGGT,0,4386269
yadL_yadM_yadC_yadK_predicted,0.5,1,1,AGGGAAGTCATGTATAAGGA,0,4388325
yadL_yadM_yadC_yadK_predicted,0.5,1,1,AGGCTTTACTGATTACGGCG,0,4396202
yadL_yadM_yadC_yadK_predicted,0.5,1,1,AGGCTGTAGCAGATGCATTA,0,4380554
yadL_yadM_yadC_yadK_predicted,0.5,1,1,AGGCTGGCCGGCACACACAG,0,4390022
yadL_yadM_yadC_yadK_predicted,0.5,1,1,AGGCTAGGTAAAGACCTTTG,0,4376949
yadL_yadM_yadC_yadK_predicted,0.5,1,1,AGGCGTGGGATCACGAAAGA,0,4400646
yadL_yadM_yadC_yadK_predicted,0.5,1,1,AGGCGTATGGGGTAAGAGGA,0,4395897
yadL_yadM_yadC_yadK_predicted,0.5,1,1,AGGCGCACTGAGGCTTCAGG,0,4397679
yadL_yadM_yadC_yadK_predicted,0.5,1,1,AGGCCGCCGCCATTGCGTAT,0,4387898
yadL_yadM_yadC_yadK_predicted,0.5,1,1,AGGCCCGGAGCTTAAATACA,0,4393844
yadL_yadM_yadC_yadK_predicted,0.5,1,1,AGGCAGATGTTTACCCACCT,0,4399003
yadL_yadM_yadC_yadK_predicted,0.5,1,1,AGGCACGCAGAGCAACTTGG,0,4387890
yadL_yadM_yadC_yadK_predicted,0.5,1,1,AGGATGCCAACAATTGCCAT,0,4375932
yadL_yadM_yadC_yadK_predicted,0.5,1,1,AGGAGGCCGCTTGTTTGGAA,0,4375499
yadL_yadM_yadC_yadK_predicted,0.5,1,1,AGGAGGACGGGTTAATTGAT,0,4397604
yadL_yadM_yadC_yadK_predicted,0.5,1,1,AGGAGCCTAGTCTACTGGCT,0,4399315
yadL_yadM_yadC_yadK_predicted,0.5,1,1,AGGACTCTCAGGACCAGTTT,0,4388484
yadL_yadM_yadC_yadK_predicted,0.5,1,1,AGGACGGGGGAATCTCACAA,0,4393561
yadL_yadM_yadC_yadK_predicted,0.5,1,1,AGGACCTGAGTGACTAGGGG,0,4392655
yadL_yadM_yadC_yadK_predicted,0.5,1,1,AGGACCTCGCGAGGACACGA,0,4382597
yadL_yadM_yadC_yadK_predicted,0.5,1,1,AGGACATGTTGACAATCGCT,0,4395444
yadL_yadM_yadC_yadK_predicted,0.5,1,1,AGCTTCGGTTAAAGTCTGCC,0,4388316
yadL_yadM_yadC_yadK_predicted,0.5,1,1,AGCTTAATACCCCATCCGGT,0,4380333
yadL_yadM_yadC_yadK_predicted,0.5,1,1,AGCTGATCCGTCCTTGGGTA,0,4389692
yadL_yadM_yadC_yadK_predicted,0.5,1,1,AGCTCTGTCTCGATCGACGC,0,4384702
yadL_yadM_yadC_yadK_predicted,0.5,1,1,AGCTCTATATCGGTGGTACC,0,4378301
yadL_yadM_yadC_yadK_predicted,0.5,1,1,AGCTCAGGACGATTAAGTAT,0,4401600
yadL_yadM_yadC_yadK_predicted,0.5,1,1,AGCTACTAAACCGTCTTCCC,0,4388772
yadL_yadM_yadC_yadK_predicted,0.5,1,1,AGCGTTACCGGGCATGAGTG,0,4389439
yadL_yadM_yadC_yadK_predicted,0.5,1,1,AGCGTGTAAACGTCTAGGTT,0,4378569
yadL_yadM_yadC_yadK_predicted,0.5,1,1,AGCGTCATTGTCCGATAGCT,0,4378417
yadL_yadM_yadC_yadK_predicted,0.5,1,1,AGCGGGGGAACATCGCCATA,0,4380114
yadL_yadM_yadC_yadK_predicted,0.5,1,1,AGCGGATCTGCACAATTCCA,0,4402201
yadL_yadM_yadC_yadK_predicted,0.5,1,1,AGCGGACGACTGTATAGCAG,0,4389768
yadL_yadM_yadC_yadK_predicted,0.5,1,1,AGCGCAATAGTTTCCCGGCA,0,4394583
yadL_yadM_yadC_yadK_predicted,0.5,1,1,AGCGAGTCAAATTGACCCTC,0,4390016
yadL_yadM_yadC_yadK_predicted,0.5,1,1,AGCGAGAGGGACGGGTTATG,0,4397499
yadL_yadM_yadC_yadK_predicted,0.5,1,1,AGCGAGACGCACCGTAAGAT,0,4396295
yadL_yadM_yadC_yadK_predicted,0.5,1,1,AGCCTCTCCCCTCCTAAACA,0,4384657
yadL_yadM_yadC_yadK_predicted,0.5,1,1,AGCCTCGCAGGGAAGCTGGG,0,4374867
yadL_yadM_yadC_yadK_predicted,0.5,1,1,AGCCTCATGCTAGAAATTTT,0,4378196
yadL_yadM_yadC_yadK_predicted,0.5,1,1,AGCCGTTACAATCATCGTGT,0,4375524
yadL_yadM_yadC_yadK_predicted,0.5,1,1,AGCCGCCCTAAAGGACAGTA,0,4385013
yadL_yadM_yadC_yadK_predicted,0.5,1,1,AGCCCGGTGGCACACGTTTG,0,4370320
yadL_yadM_yadC_yadK_predicted,0.5,1,1,AGCCCGGGACTGGAGTCACG,0,4388238
yadL_yadM_yadC_yadK_predicted,0.5,1,1,AGCCCGCGTCCGTAACGGGC,0,4372197
yadL_yadM_yadC_yadK_predicted,0.5,1,1,AGCCCATGCTACCTGACGTG,0,4379933
yadL_yadM_yadC_yadK_predicted,0.5,1,1,AGCCCAGGAATCATCTGCGC,0,4397153
yadL_yadM_yadC_yadK_predicted,0.5,1,1,AGCCAGTGACAACCGAGCAT,0,4376454
yadL_yadM_yadC_yadK_predicted,0.5,1,1,AGCATTCTTGTCCGTGAGTG,0,4387930
yadL_yadM_yadC_yadK_predicted,0.5,1,1,AGCATGGTGTGAACCCGTGA,0,4378938
yadL_yadM_yadC_yadK_predicted,0.5,1,1,AGCATGGCCGCGACGGACGT,0,4386594
yadL_yadM_yadC_yadK_predicted,0.5,1,1,AGCATGCTCTAGCATTTGGA,0,4393507
yadL_yadM_yadC_yadK_predicted,0.5,1,1,AGCATAGTTACTGAGGGAGT,0,4399275
yadL_yadM_yadC_yadK_predicted,0.5,1,1,AGCAGTTGGATAGGTGACTA,0,4394830
yadL_yadM_yadC_yadK_predicted,0.5,1,1,AGCAGTTCGCATAAACCTCT,0,4393026
yadL_yadM_yadC_yadK_predicted,0.5,1,1,AGCAGCGTGTACGTAGGGCA,0,4389410
yadL_yadM_yadC_yadK_predicted,0.5,1,1,AGCACTCTGCACTGAAGCAT,0,4396980
yadL_yadM_yadC_yadK_predicted,0.5,1,1,AGCACACAACGGGCTACACT,0,4380202
yadL_yadM_yadC_yadK_predicted,0.5,1,1,AGCAATTCTGGACGGACCAG,0,4397967
yadL_yadM_yadC_yadK_predicted,0.5,1,1,AGCAAAGAGGGTTAGTTAAA,0,4395937
yadL_yadM_yadC_yadK_predicted,0.5,1,1,AGATTTCTGTGATCCCAGAC,0,4385453
yadL_yadM_yadC_yadK_predicted,0.5,1,1,AGATTGGTCGCGCAAACTTG,0,4386974
yadL_yadM_yadC_yadK_predicted,0.5,1,1,AGATTCGCCAGATGAGGAAA,0,4376995
yadL_yadM_yadC_yadK_predicted,0.5,1,1,AGATTACCGGATTTCGAGGC,0,4390368
yadL_yadM_yadC_yadK_predicted,0.5,1,1,AGATGGTTAGCGCGCGTTGC,0,4374201
yadL_yadM_yadC_yadK_predicted,0.5,1,1,AGATGATCGAGTTTGACAGA,0,4377757
yadL_yadM_yadC_yadK_predicted,0.5,1,1,AGATCGTAAGGTTACTTGAT,0,4384291
yadL_yadM_yadC_yadK_predicted,0.5,1,1,AGATCATTGGTCGGAAAGAA,0,4392548
yadL_yadM_yadC_yadK_predicted,0.5,1,1,AGATATGGCTTGGACGCCGT,0,4370153
yadL_yadM_yadC_yadK_predicted,0.5,1,1,AGATAGGTGAGTGCATCCTA,0,4399708
yadL_yadM_yadC_yadK_predicted,0.5,1,1,AGATAAGGGTATGGGCTATA,0,4384167
yadL_yadM_yadC_yadK_predicted,0.5,1,1,AGAGTCCTCTAGCTCTACGT,0,4394895
yadL_yadM_yadC_yadK_predicted,0.5,1,1,AGAGGTCGGGACGAAGCCGA,0,4397891
yadL_yadM_yadC_yadK_predicted,0.5,1,1,AGAGGGGGCAATCGGACTAC,0,4395642
yadL_yadM_yadC_yadK_predicted,0.5,1,1,AGAGGGACGGAAGCACAGAC,0,4372620
yadL_yadM_yadC_yadK_predicted,0.5,1,1,AGAGGCCAGAACCGTCCTGA,0,4394781
yadL_yadM_yadC_yadK_predicted,0.5,1,1,AGAGGCAGCAGAGCTCCGTA,0,4393151
yadL_yadM_yadC_yadK_predicted,0.5,1,1,AGAGGATCCCTGTCCGGTTT,0,4371551
yadL_yadM_yadC_yadK_predicted,0.5,1,1,AGAGCTTCGCGCGTCAACTG,0,4393641
yadL_yadM_yadC_yadK_predicted,0.5,1,1,AGAGCATTCTATTCCCATTC,0,4386064
yadL_yadM_yadC_yadK_predicted,0.5,1,1,AGACTTGGAGACGGTTTCGG,0,4378209
yadL_yadM_yadC_yadK_predicted,0.5,1,1,AGACTACGGCATTAAGTCTG,0,4389675
yadL_yadM_yadC_yadK_predicted,0.5,1,1,AGACGGCTAACTACCGCCGT,0,4381098
yadL_yadM_yadC_yadK_predicted,0.5,1,1,AGACAATGGGAGCTTGTGAA,0,4372051
yadL_yadM_yadC_yadK_predicted,0.5,1,1,AGAATTGGACGGAGGCGTAG,0,4376551
yadL_yadM_yadC_yadK_predicted,0.5,1,1,AGAATGTATAATCTCTGTAT,0,4401076
yadL_yadM_yadC_yadK_predicted,0.5,1,1,AGAATATCGCCTGGTCGTCA,0,4377871
yadL_yadM_yadC_yadK_predicted,0.5,1,1,AGAAGTGACACAGTCCAGCA,0,4389606
yadL_yadM_yadC_yadK_predicted,0.5,1,1,AGAAGTATCACGTAGTCCAT,0,4385388
yadL_yadM_yadC_yadK_predicted,0.5,1,1,AGAAGCTGATTGGCAATATA,0,4370813
yadL_yadM_yadC_yadK_predicted,0.5,1,1,AGAACCATGTCACCTGGGAG,0,4374530
yadL_yadM_yadC_yadK_predicted,0.5,1,1,AGAAATGGCTTGGGCAAAAG,0,4390053
yadL_yadM_yadC_yadK_predicted,0.5,1,1,AGAAATCAACACTAGAATCT,0,4397989
yadL_yadM_yadC_yadK_predicted,0.5,1,1,AGAAACATCATCAAGTGACA,0,4387760
yadL_yadM_yadC_yadK_predicted,0.5,1,1,AGAAAAGCCGAGCGGAAGCG,0,4386675
yadL_yadM_yadC_yadK_predicted,0.5,1,1,ACTTTCAATGTTGTCATACG,0,4374302
yadL_yadM_yadC_yadK_predicted,0.5,1,1,ACTTTACGCCGCATTCGCGA,0,4390186
yadL_yadM_yadC_yadK_predicted,0.5,1,1,ACTTGTTGTGGGTCGAGTCA,0,4397105
yadL_yadM_yadC_yadK_predicted,0.5,1,1,ACTTGTCTTTTACTCCATTT,0,4394166
yadL_yadM_yadC_yadK_predicted,0.5,1,1,ACTTGGTACGGTGGAGGGAT,0,4384547
yadL_yadM_yadC_yadK_predicted,0.5,1,1,ACTTATTAGCCCCCAATATT,0,4396446
yadL_yadM_yadC_yadK_predicted,0.5,1,1,ACTTATATATATCTAATGAC,0,4399464
yadL_yadM_yadC_yadK_predicted,0.5,1,1,ACTTAGTCTCCTGCATACAC,0,4374403
yadL_yadM_yadC_yadK_predicted,0.5,1,1,ACTTAGGTTCGTTATCATTG,0,4376427
yadL_yadM_yadC_yadK_predicted,0.5,1,1,ACTTACAAGTGTAGTGTCTT,0,4384087
yadL_yadM_yadC_yadK_predicted,0.5,1,1,ACTGTTGAAAGGTCCTATTC,0,4387945
yadL_yadM_yadC_yadK_predicted,0.5,1,1,ACTGTTATGAGCAATGTCGC,0,4393490
yadL_yadM_yadC_yadK_predicted,0.5,1,1,ACTGTGTAGAGATTCTTATG,0,4391847
yadL_yadM_yadC_yadK_predicted,0.5,1,1,ACTGTCCATATACGCAAGAT,0,4370654
yadL_yadM_yadC_yadK_predicted,0.5,1,1,ACTGTACACGAGTCTTAAAG,0,4374160
yadL_yadM_yadC_yadK_predicted,0.5,1,1,ACTGGTTCTGATGGCCACTA,0,4388254
yadL_yadM_yadC_yadK_predicted,0.5,1,1,ACTGGTGCCCCGGAGTAACG,0,4386329
yadL_yadM_yadC_yadK_predicted,0.5,1,1,ACTGGGTCAACATGTGAACC,0,4379998
yadL_yadM_yadC_yadK_predicted,0.5,1,1,ACTGGGGTAGTAACAGCCGG,0,4374682
yadL_yadM_yadC_yadK_predicted,0.5,1,1,ACTGCTAGTGTAAGGCGTAT,0,4391030
yadL_yadM_yadC_yadK_predicted,0.5,1,1,ACTGCGGCCTCGTGATCTGA,0,4389623
yadL_yadM_yadC_yadK_predicted,0.5,1,1,ACTGCGCCTACAGGGTCAGG,0,4394452
yadL_yadM_yadC_yadK_predicted,0.5,1,1,ACTGCCTCAGGTGCCGACAA,0,4378678
yadL_yadM_yadC_yadK_predicted,0.5,1,1,ACTGCCGGTATTCCCAGGGT,0,4390963
yadL_yadM_yadC_yadK_predicted,0.5,1,1,ACTGAGTATAATAGCGTGGG,0,4376977
yadL_yadM_yadC_yadK_predicted,0.5,1,1,ACTGAGCTATAGCAGCTCAG,0,4392821
yadL_yadM_yadC_yadK_predicted,0.5,1,1,ACTGACAAACATCCACGGAC,0,4378493
yadL_yadM_yadC_yadK_predicted,0.5,1,1,ACTGAAGCCTCATGCCGCAG,0,4393554
yadL_yadM_yadC_yadK_predicted,0.5,1,1,ACTCTTATGGTCTTTATCTA,0,4379243
yadL_yadM_yadC_yadK_predicted,0.5,1,1,ACTCTGTATGATTCTAGCGG,0,4384316
yadL_yadM_yadC_yadK_predicted,0.5,1,1,ACTCTGGCATTAGCGGTCAC,0,4391066
yadL_yadM_yadC_yadK_predicted,0.5,1,1,ACTCTCACAGGTTGAAAAAC,0,4393461
yadL_yadM_yadC_yadK_predicted,0.5,1,1,ACTCTACATTGATGCGGTTT,0,4394368
yadL_yadM_yadC_yadK_predicted,0.5,1,1,ACTCTACATGTCCGCCAGTG,0,4394947
yadL_yadM_yadC_yadK_predicted,0.5,1,1,ACTCTACACGTCCTCTTGGG,0,4397549
yadL_yadM_yadC_yadK_predicted,0.5,1,1,ACTCGTTGGGTTGCGCACTG,0,4390594
yadL_yadM_yadC_yadK_predicted,0.5,1,1,ACTCGGGCTCAAGCCAACGT,0,4385227
yadL_yadM_yadC_yadK_predicted,0.5,1,1,ACTCCTGGCGTCGGTCCACT,0,4381493
yadL_yadM_yadC_yadK_predicted,0.5,1,1,ACTCCGGTGAACAGCACATC,0,4389704
yadL_yadM_yadC_yadK_predicted,0.5,1,1,ACTCCCGTCACTTGACCCAT,0,4396935
yadL_yadM_yadC_yadK_predicted,0.5,1,1,ACTCCACCGGATTTTGTACG,0,4374219
yadL_yadM_yadC_yadK_predicted,0.5,1,1,ACTCATAGTTTGTCCTTGGG,0,4383076
yadL_yadM_yadC_yadK_predicted,0.5,1,1,ACTATGTTAGCGGTGCGTAT,0,4402138
yadL_yadM_yadC_yadK_predicted,0.5,1,1,ACTAGAGACCATTGACAGCT,0,4376253
yadL_yadM_yadC_yadK_predicted,0.5,1,1,ACTACTTGTATCGTACGACC,0,4389608
yadL_yadM_yadC_yadK_predicted,0.5,1,1,ACTACTTCAGTTAGGTCAAA,0,4379098
yadL_yadM_yadC_yadK_predicted,0.5,1,1,ACTACAGTGTGGATACGTCG,0,4391364
yadL_yadM_yadC_yadK_predicted,0.5,1,1,ACGTTAACTACCCGGGCACA,0,4387905
yadL_yadM_yadC_yadK_predicted,0.5,1,1,ACGTGTTAGGTTGAGCCGGA,0,4376139
yadL_yadM_yadC_yadK_predicted,0.5,1,1,ACGTGCAGCCTATATGTTAC,0,4389432
yadL_yadM_yadC_yadK_predicted,0.5,1,1,ACGTCACTGGAACCCGGACT,0,4374272
yadL_yadM_yadC_yadK_predicted,0.5,1,1,ACGTACCCCGTCTACTGGTT,0,4391271
yadL_yadM_yadC_yadK_predicted,0.5,1,1,ACGGTGGACCAAGGGATTTA,0,4383167
yadL_yadM_yadC_yadK_predicted,0.5,1,1,ACGGTCCCCGTCGTGGGTGA,0,4380150
yadL_yadM_yadC_yadK_predicted,0.5,1,1,ACGGTAGGCGTACAGCCATA,0,4375677
yadL_yadM_yadC_yadK_predicted,0.5,1,1,ACGGGTGGCCATCCTGTGCT,0,4398822
yadL_yadM_yadC_yadK_predicted,0.5,1,1,ACGGGTCTGTAATCGGCCAG,0,4377681
yadL_yadM_yadC_yadK_predicted,0.5,1,1,ACGGGGCGATCGGCCCTTCA,0,4374444
yadL_yadM_yadC_yadK_predicted,0.5,1,1,ACGGGCAGACGGGGCAACTG,0,4381232
yadL_yadM_yadC_yadK_predicted,0.5,1,1,ACGGGAAACACGAATTTCTG,0,4399841
yadL_yadM_yadC_yadK_predicted,0.5,1,1,ACGGCTAGACAGCTACTCAT,0,4386616
yadL_yadM_yadC_yadK_predicted,0.5,1,1,ACGGCTAGAAAACATCGTAA,0,4383456
yadL_yadM_yadC_yadK_predicted,0.5,1,1,ACGGCTACCTACACCGGAGG,0,4374702
yadL_yadM_yadC_yadK_predicted,0.5,1,1,ACGGCGCGTCCATAGACAAT,0,4398842
yadL_yadM_yadC_yadK_predicted,0.5,1,1,ACGGCACTATAACCAGGTAA,0,4376315
yadL_yadM_yadC_yadK_predicted,0.5,1,1,ACGGAGTATAAACATTGCTG,0,4395322
yadL_yadM_yadC_yadK_predicted,0.5,1,1,ACGCTTGGCCGGGGTAACCA,0,4389650
yadL_yadM_yadC_yadK_predicted,0.5,1,1,ACGCTTCTTTACAAACTGTG,0,4374335
yadL_yadM_yadC_yadK_predicted,0.5,1,1,ACGCTGTCGTATATGTTATC,0,4396631
yadL_yadM_yadC_yadK_predicted,0.5,1,1,ACGCTGACATAACCAGTGAG,0,4378895
yadL_yadM_yadC_yadK_predicted,0.5,1,1,ACGCGTGTCTAACAGCGTCG,0,4393860
yadL_yadM_yadC_yadK_predicted,0.5,1,1,ACGCGTCGTTCAACTTAAGT,0,4370628
yadL_yadM_yadC_yadK_predicted,0.5,1,1,ACGCGGTTGGAATTATGCCA,0,4373240
yadL_yadM_yadC_yadK_predicted,0.5,1,1,ACGCGGTATTTGGGGACTTG,0,4402088
yadL_yadM_yadC_yadK_predicted,0.5,1,1,ACGCCGACTCACAGAAGCAG,0,4388311
yadL_yadM_yadC_yadK_predicted,0.5,1,1,ACGCCATCACGCCGTGTGAA,0,4396883
yadL_yadM_yadC_yadK_predicted,0.5,1,1,ACGCCAAGCAGTTTGGTAGA,0,4379820
yadL_yadM_yadC_yadK_predicted,0.5,1,1,ACGCAACTTAGAGGCTCGAA,0,4386605
yadL_yadM_yadC_yadK_predicted,0.5,1,1,ACGAGCTAGTTCAGGGAGCA,0,4391013
yadL_yadM_yadC_yadK_predicted,0.5,1,1,ACGACTGCGCGGCCTCGATG,0,4370329
yadL_yadM_yadC_yadK_predicted,0.5,1,1,ACGACGTCCCTGTTTCTCGT,0,4379148
yadL_yadM_yadC_yadK_predicted,0.5,1,1,ACGAAGCGCGTGACCGACAT,0,4391351
yadL_yadM_yadC_yadK_predicted,0.5,1,1,ACGAACTTTTCTTTATAGGA,0,4387421
yadL_yadM_yadC_yadK_predicted,0.5,1,1,ACGAACGGGACGGTTGTGTC,0,4383334
yadL_yadM_yadC_yadK_predicted,0.5,1,1,ACGAAATGACTACGGCGCTC,0,4398922
yadL_yadM_yadC_yadK_predicted,0.5,1,1,ACCTTTATTCTCGCGCCAGG,0,4394318
yadL_yadM_yadC_yadK_predicted,0.5,1,1,ACCTTATTACACCGACCGGT,0,4386948
yadL_yadM_yadC_yadK_predicted,0.5,1,1,ACCTTAGGTTCATAATGTTT,0,4384340
yadL_yadM_yadC_yadK_predicted,0.5,1,1,ACCTTAGGATCCTGGTACGC,0,4384812
yadL_yadM_yadC_yadK_predicted,0.5,1,1,ACCTGGGTGGGCCGAAGCGT,0,4377703
yadL_yadM_yadC_yadK_predicted,0.5,1,1,ACCTGCTTAGGTTTTCATAC,0,4381359
yadL_yadM_yadC_yadK_predicted,0.5,1,1,ACCTGCCGTTCGTCCAAGTG,0,4377930
yadL_yadM_yadC_yadK_predicted,0.5,1,1,ACCTGACGGAAACATTCGGG,0,4400220
yadL_yadM_yadC_yadK_predicted,0.5,1,1,ACCTCCGATCCAACTGGTCG,0,4399529
yadL_yadM_yadC_yadK_predicted,0.5,1,1,ACCTCATAATATCCCATGAG,0,4400772
yadL_yadM_yadC_yadK_predicted,0.5,1,1,ACCTACGAGGGTCGCTTAGG,0,4393766
yadL_yadM_yadC_yadK_predicted,0.5,1,1,ACCTACCCGAGTAGCACGAC,0,4388196
yadL_yadM_yadC_yadK_predicted,0.5,1,1,ACCGTCCGGTCGAGCCCCTT,0,4377782
yadL_yadM_yadC_yadK_predicted,0.5,1,1,ACCGTCAAGGCAATTGGGAA,0,4395771
yadL_yadM_yadC_yadK_predicted,0.5,1,1,ACCGCGTGAAGGCCCGTTCA,0,4393047
yadL_yadM_yadC_yadK_predicted,0.5,1,1,ACCGATTTGCATTATCGATG,0,4374686
yadL_yadM_yadC_yadK_predicted,0.5,1,1,ACCGATAGCCATAATTACGC,0,4376993
yadL_yadM_yadC_yadK_predicted,0.5,1,1,ACCGAGTCCTTTCGACCATG,0,4398895
yadL_yadM_yadC_yadK_predicted,0.5,1,1,ACCGAGGTATGATGTGTCAA,0,4378973
yadL_yadM_yadC_yadK_predicted,0.5,1,1,ACCGAGATATTTAACGGCCA,0,4399594
yadL_yadM_yadC_yadK_predicted,0.5,1,1,ACCGACGGGTTCTGTCCGTC,0,4389620
yadL_yadM_yadC_yadK_predicted,0.5,1,1,ACCGACCGGTACAGGAGACT,0,4402305
yadL_yadM_yadC_yadK_predicted,0.5,1,1,ACCGACACACGCTGATACTC,0,4402060
yadL_yadM_yadC_yadK_predicted,0.5,1,1,ACCGAATAGCTCCATTCTAG,0,4372249
yadL_yadM_yadC_yadK_predicted,0.5,1,1,ACCGAAGGACCTTAATGGTC,0,4384169
yadL_yadM_yadC_yadK_predicted,0.5,1,1,ACCCTGCCTATTAGATTCGG,0,4372916
yadL_yadM_yadC_yadK_predicted,0.5,1,1,ACCCGACTGATTTTGATCCG,0,4383483
yadL_yadM_yadC_yadK_predicted,0.5,1,1,ACCCGAAGAGATACCCCGGC,0,4392902
yadL_yadM_yadC_yadK_predicted,0.5,1,1,ACCCAAGGAGGAACGCGCTC,0,4370638
yadL_yadM_yadC_yadK_predicted,0.5,1,1,ACCATTGGAATGCGGGGACT,0,4378438
yadL_yadM_yadC_yadK_predicted,0.5,1,1,ACCATGTCAGGATCCAGCGA,0,4396865
yadL_yadM_yadC_yadK_predicted,0.5,1,1,ACCATGCGTTGGAGTCTGAT,0,4376528
yadL_yadM_yadC_yadK_predicted,0.5,1,1,ACCATCGGTTTAAATGGGGG,0,4382819
yadL_yadM_yadC_yadK_predicted,0.5,1,1,ACCATATCGTTGTCATAGCG,0,4390200
yadL_yadM_yadC_yadK_predicted,0.5,1,1,ACCAGTGATCGCGAAGAGAT,0,4370837
yadL_yadM_yadC_yadK_predicted,0.5,1,1,ACCAGGGTCGCTCGGAACTG,0,4373639
yadL_yadM_yadC_yadK_predicted,0.5,1,1,ACCAGGACATAAACCGACAA,0,4386023
yadL_yadM_yadC_yadK_predicted,0.5,1,1,ACCAGCAGGACCCGGACCCT,0,4371469
yadL_yadM_yadC_yadK_predicted,0.5,1,1,ACCAGCACTGGTGTCGCAGG,0,4384081
yadL_yadM_yadC_yadK_predicted,0.5,1,1,ACCAATGTACGGCGGCAGGT,0,4380448
yadL_yadM_yadC_yadK_predicted,0.5,1,1,ACCAAGCGTGAAAATCATGT,0,4384795
yadL_yadM_yadC_yadK_predicted,0.5,1,1,ACCAAACTAAGAGGGGTCCA,0,4370931
yadL_yadM_yadC_yadK_predicted,0.5,1,1,ACATTGTCCGTCTCTATGCC,0,4392237
yadL_yadM_yadC_yadK_predicted,0.5,1,1,ACATTCCGATCTGGGTTGTA,0,4375218
yadL_yadM_yadC_yadK_predicted,0.5,1,1,ACATTCCATGGGTGTCTTGA,0,4398983
yadL_yadM_yadC_yadK_predicted,0.5,1,1,ACATTCACTGTCAAGGTGTA,0,4373162
yadL_yadM_yadC_yadK_predicted,0.5,1,1,ACATTCAACCACTAAATTCA,0,4386417
yadL_yadM_yadC_yadK_predicted,0.5,1,1,ACATGGCACCGGCACGTGGA,0,4393357
yadL_yadM_yadC_yadK_predicted,0.5,1,1,ACATGATGGTAAGAGGTGCC,0,4383997
yadL_yadM_yadC_yadK_predicted,0.5,1,1,ACATCACTTACGCTGTCATT,0,4402207
yadL_yadM_yadC_yadK_predicted,0.5,1,1,ACATATAGGGTGTTCTTTGA,0,4370226
yadL_yadM_yadC_yadK_predicted,0.5,1,1,ACATAGAAAATTCCTTTTTT,0,4374624
yadL_yadM_yadC_yadK_predicted,0.5,1,1,ACATAACTTCAGATTAAGCG,0,4395450
yadL_yadM_yadC_yadK_predicted,0.5,1,1,ACAGTTGAATTAATCAATGC,0,4383754
yadL_yadM_yadC_yadK_predicted,0.5,1,1,ACAGGTTATGCATGCTGAAA,0,4383724
yadL_yadM_yadC_yadK_predicted,0.5,1,1,ACAGGTCTCAGAATCTGAAC,0,4397197
yadL_yadM_yadC_yadK_predicted,0.5,1,1,ACAGGGTTGTCGTTGGTTGA,0,4371458
yadL_yadM_yadC_yadK_predicted,0.5,1,1,ACAGGCGTCTAGGCTATCCG,0,4383714
yadL_yadM_yadC_yadK_predicted,0.5,1,1,ACAGGATGTGCATCGGCTAT,0,4383622
yadL_yadM_yadC_yadK_predicted,0.5,1,1,ACAGCTATCAGCCCGGATCA,0,4380614
yadL_yadM_yadC_yadK_predicted,0.5,1,1,ACAGCGTATGGGGTTCACGT,0,4384793
yadL_yadM_yadC_yadK_predicted,0.5,1,1,ACAGCCTTTGTCCCGTACAC,0,4378090
yadL_yadM_yadC_yadK_predicted,0.5,1,1,ACAGCAGGAACTCTGGTACT,0,4385578
yadL_yadM_yadC_yadK_predicted,0.5,1,1,ACAGCACTCGCTTAGTTTTG,0,4392259
yadL_yadM_yadC_yadK_predicted,0.5,1,1,ACAGAGCATATAAGTATTGC,0,4399424
yadL_yadM_yadC_yadK_predicted,0.5,1,1,ACAGAGATTTGGCACCCCTC,0,4374545
yadL_yadM_yadC_yadK_predicted,0.5,1,1,ACACTTTCCAAAGTCAAGTC,0,4392500
yadL_yadM_yadC_yadK_predicted,0.5,1,1,ACACTGCTTCCCGTGGATTT,0,4388153
yadL_yadM_yadC_yadK_predicted,0.5,1,1,ACACTATTGAAGTTCGTGTT,0,4378591
yadL_yadM_yadC_yadK_predicted,0.5,1,1,ACACGCTCAGGAGTGTTACA,0,4387056
yadL_yadM_yadC_yadK_predicted,0.5,1,1,ACACCGATACTCACTTATGA,0,4394577
yadL_yadM_yadC_yadK_predicted,0.5,1,1,ACACCCCGCACCTTGTTGGA,0,4372673
yadL_yadM_yadC_yadK_predicted,0.5,1,1,ACACCAAGACATGCATAGGC,0,4383420
yadL_yadM_yadC_yadK_predicted,0.5,1,1,ACACATATGCTGAACTAGAC,0,4371737
yadL_yadM_yadC_yadK_predicted,0.5,1,1,ACACACCGAGCGAAAAGCAA,0,4372533
yadL_yadM_yadC_yadK_predicted,0.5,1,1,ACACAATGAAACAGACCCTT,0,4382966
yadL_yadM_yadC_yadK_predicted,0.5,1,1,ACAATCTAATTGGGGTTAGA,0,4383375
yadL_yadM_yadC_yadK_predicted,0.5,1,1,ACAAGGCATAACCTTTTCCC,0,4399986
yadL_yadM_yadC_yadK_predicted,0.5,1,1,ACAACAGACCTTTTCGGAGT,0,4372653
yadL_yadM_yadC_yadK_predicted,0.5,1,1,ACAAAGGCCGCCACATGCGA,0,4381781
yadL_yadM_yadC_yadK_predicted,0.5,1,1,ACAAAGCGAAATCCTGTTTT,0,4372600
yadL_yadM_yadC_yadK_predicted,0.5,1,1,ACAAACGCACCGTTGACGAT,0,4370620
yadL_yadM_yadC_yadK_predicted,0.5,1,1,ACAAACGCAAACGTTCACAC,0,4376847
yadL_yadM_yadC_yadK_predicted,0.5,1,1,ACAAAAACTAACGGAGAGTC,0,4393360
yadL_yadM_yadC_yadK_predicted,0.5,1,1,ACAAAAAAGAAGCTTGCGTC,0,4394061
yadL_yadM_yadC_yadK_predicted,0.5,1,1,AATTTAGTTTAGGTAGCAGG,0,4379090
yadL_yadM_yadC_yadK_predicted,0.5,1,1,AATTTAGCCCACGCTTCGCA,0,4378106
yadL_yadM_yadC_yadK_predicted,0.5,1,1,AATTGCTGAAGGGCTCCCCG,0,4382121
yadL_yadM_yadC_yadK_predicted,0.5,1,1,AATTGCGGTCACCATCACAT,0,4380303
yadL_yadM_yadC_yadK_predicted,0.5,1,1,AATTATGGCAATTTGTATAC,0,4395390
yadL_yadM_yadC_yadK_predicted,0.5,1,1,AATTACATGTAAGGTGACTG,0,4388045
yadL_yadM_yadC_yadK_predicted,0.5,1,1,AATGTGAGGCATCACCGGTA,0,4390849
yadL_yadM_yadC_yadK_predicted,0.5,1,1,AATGTGAGATTGAGTTTGCT,0,4375637
yadL_yadM_yadC_yadK_predicted,0.5,1,1,AATGGGTCGAAGGCAAGATC,0,4389306
yadL_yadM_yadC_yadK_predicted,0.5,1,1,AATGGGATCACTAGCAAGCA,0,4374901
yadL_yadM_yadC_yadK_predicted,0.5,1,1,AATGGCGTGACAGTGCTCAC,0,4371502
yadL_yadM_yadC_yadK_predicted,0.5,1,1,AATGGAGCTGCATGCCAACA,0,4393762
yadL_yadM_yadC_yadK_predicted,0.5,1,1,AATGCCTTAGCCGTCACCGT,0,4381194
yadL_yadM_yadC_yadK_predicted,0.5,1,1,AATGCCTGGAAGATATGGGG,0,4371085
yadL_yadM_yadC_yadK_predicted,0.5,1,1,AATGAGTCCGACGTTCGTTT,0,4377670
yadL_yadM_yadC_yadK_predicted,0.5,1,1,AATGAATAGTTCTGGTTGAC,0,4396156
yadL_yadM_yadC_yadK_predicted,0.5,1,1,AATCTTTCTCCCAGCGACGT,0,4379932
yadL_yadM_yadC_yadK_predicted,0.5,1,1,AATCTAGGTCAGATGGTGTC,0,4392521
yadL_yadM_yadC_yadK_predicted,0.5,1,1,AATCTACGGGAGTGAGGAGT,0,4393959
yadL_yadM_yadC_yadK_predicted,0.5,1,1,AATCCTTACTCGATGATTCA,0,4385031
yadL_yadM_yadC_yadK_predicted,0.5,1,1,AATCCTGGAACCCTCCCTTT,0,4378479
yadL_yadM_yadC_yadK_predicted,0.5,1,1,AATCAGGTCAACTCGGAGGT,0,4371037
yadL_yadM_yadC_yadK_predicted,0.5,1,1,AATCACGGCCGATATCCCGT,0,4392779
yadL_yadM_yadC_yadK_predicted,0.5,1,1,AATCACATGTTCATGCGGCA,0,4370897
yadL_yadM_yadC_yadK_predicted,0.5,1,1,AATATGCCGTCAACTTTTGC,0,4377169
yadL_yadM_yadC_yadK_predicted,0.5,1,1,AATATCGGCCACACCTTGAT,0,4374914
yadL_yadM_yadC_yadK_predicted,0.5,1,1,AATAGTTTGCACTGAGCCTC,0,4396359
yadL_yadM_yadC_yadK_predicted,0.5,1,1,AATAGTGGGCGGCCTGAGCA,0,4382363
yadL_yadM_yadC_yadK_predicted,0.5,1,1,AATAGCCGTCCGCTGGGTTA,0,4383659
yadL_yadM_yadC_yadK_predicted,0.5,1,1,AATAATTTAGCAAAGGATAA,0,4377912
yadL_yadM_yadC_yadK_predicted,0.5,1,1,AATAATAAGGGGGCGCAAGT,0,4382910
yadL_yadM_yadC_yadK_predicted,0.5,1,1,AATAACCGCACGCCAGCCCG,0,4387407
yadL_yadM_yadC_yadK_predicted,0.5,1,1,AATAAAGCTGGCTACGTTCG,0,4399809
yadL_yadM_yadC_yadK_predicted,0.5,1,1,AATAAACACGATACCTCGTT,0,4371118
yadL_yadM_yadC_yadK_predicted,0.5,1,1,AAGTTTGGGGACCTATCATG,0,4390711
yadL_yadM_yadC_yadK_predicted,0.5,1,1,AAGTTGGGAACCAGTCTGAC,0,4383871
yadL_yadM_yadC_yadK_predicted,0.5,1,1,AAGTGTTCGAGTAGGTTTCA,0,4390144
yadL_yadM_yadC_yadK_predicted,0.5,1,1,AAGTGTCTCATGCGTTGTAT,0,4373695
yadL_yadM_yadC_yadK_predicted,0.5,1,1,AAGTGATGACCATTACTAAT,0,4371148
yadL_yadM_yadC_yadK_predicted,0.5,1,1,AAGTGACGACTGGTGCGACA,0,4390708
yadL_yadM_yadC_yadK_predicted,0.5,1,1,AAGTCTGTCACTTGAAGGAA,0,4399728
yadL_yadM_yadC_yadK_predicted,0.5,1,1,AAGTCGGTGGAGAACGGAGC,0,4372166
yadL_yadM_yadC_yadK_predicted,0.5,1,1,AAGTCCACCTCGGCAACCAA,0,4372531
yadL_yadM_yadC_yadK_predicted,0.5,1,1,AAGTCAGGCTTGTTCCACTT,0,4384814
yadL_yadM_yadC_yadK_predicted,0.5,1,1,AAGTATGTCCGTTCGATCAA,0,4401207
yadL_yadM_yadC_yadK_predicted,0.5,1,1,AAGTAAAGATAAGGGAGGCG,0,4395709
yadL_yadM_yadC_yadK_predicted,0.5,1,1,AAGGTGCTAGTGCATCCCCA,0,4381330
yadL_yadM_yadC_yadK_predicted,0.5,1,1,AAGGTAGTAGCAAGCTTCGA,0,4389267
yadL_yadM_yadC_yadK_predicted,0.5,1,1,AAGGGCAGGCAGAAGGCCAC,0,4389322
yadL_yadM_yadC_yadK_predicted,0.5,1,1,AAGGCGTTTCTGTTAAAAAT,0,4380762
yadL_yadM_yadC_yadK_predicted,0.5,1,1,AAGGCGTCTAAGCCGGTGGA,0,4380968
yadL_yadM_yadC_yadK_predicted,0.5,1,1,AAGGCGAACATGGTAGAAGC,0,4371248
yadL_yadM_yadC_yadK_predicted,0.5,1,1,AAGGCCCGGCTGCACCACCC,0,4371621
yadL_yadM_yadC_yadK_predicted,0.5,1,1,AAGGAGAATAGCTCATCCAT,0,4386267
yadL_yadM_yadC_yadK_predicted,0.5,1,1,AAGGACTAAGCTATGTGCTA,0,4385853
yadL_yadM_yadC_yadK_predicted,0.5,1,1,AAGCTCTGCGTAGATCAGCG,0,4377089
yadL_yadM_yadC_yadK_predicted,0.5,1,1,AAGCTCGGATTCTCTTAGAT,0,4386516
yadL_yadM_yadC_yadK_predicted,0.5,1,1,AAGCGCTTTCAAGGGGAGTC,0,4379853
yadL_yadM_yadC_yadK_predicted,0.5,1,1,AAGCACTGTTGATCCTACTT,0,4394065
yadL_yadM_yadC_yadK_predicted,0.5,1,1,AAGCACGATGCCTGAAGGTA,0,4392313
yadL_yadM_yadC_yadK_predicted,0.5,1,1,AAGCACCCACAAGGAGCTCT,0,4375548
yadL_yadM_yadC_yadK_predicted,0.5,1,1,AAGATTCACGGTTGTAACTA,0,4385682
yadL_yadM_yadC_yadK_predicted,0.5,1,1,AAGATTAGGTGGCTACGTAA,0,4388558
yadL_yadM_yadC_yadK_predicted,0.5,1,1,AAGATGCGGAGAATGTATGA,0,4372156
yadL_yadM_yadC_yadK_predicted,0.5,1,1,AAGATCTCAACGACACTTTC,0,4381691
yadL_yadM_yadC_yadK_predicted,0.5,1,1,AAGATAGTGATACGCGCGAT,0,4382422
yadL_yadM_yadC_yadK_predicted,0.5,1,1,AAGATAGACGGTCAGTCCGA,0,4379668
yadL_yadM_yadC_yadK_predicted,0.5,1,1,AAGAGTTTCATAGCAGAGTC,0,4370269
yadL_yadM_yadC_yadK_predicted,0.5,1,1,AAGAGTGCCAACCCAGTTCT,0,4399383
yadL_yadM_yadC_yadK_predicted,0.5,1,1,AAGAGTAGTATCCCGAAGTA,0,4381830
yadL_yadM_yadC_yadK_predicted,0.5,1,1,AAGAGGCGAGGGCCTCCGGG,0,4382936
yadL_yadM_yadC_yadK_predicted,0.5,1,1,AAGACGGGCCATATTCTTCA,0,4386467
yadL_yadM_yadC_yadK_predicted,0.5,1,1,AAGACATCTTCCGCACGCGC,0,4382328
yadL_yadM_yadC_yadK_predicted,0.5,1,1,AAGAATTATCTTAGAGACAA,0,4394545
yadL_yadM_yadC_yadK_predicted,0.5,1,1,AAGAAGTAAACCCAAGTAGT,0,4381516
yadL_yadM_yadC_yadK_predicted,0.5,1,1,AAGAAGCGTAGCGTGATGTA,0,4390641
yadL_yadM_yadC_yadK_predicted,0.5,1,1,AAGAAATTGAGCCAGATCCC,0,4400128
yadL_yadM_yadC_yadK_predicted,0.5,1,1,AACTTTGCCAGTAAACCTGT,0,4391241
yadL_yadM_yadC_yadK_predicted,0.5,1,1,AACTTATCGCGATCGGTAGG,0,4394384
yadL_yadM_yadC_yadK_predicted,0.5,1,1,AACTGCGCACTCTCGACCCG,0,4394392
yadL_yadM_yadC_yadK_predicted,0.5,1,1,AACTGACATAGCCCGAAATA,0,4394932
yadL_yadM_yadC_yadK_predicted,0.5,1,1,AACTCTTGTATATGGTCAAA,0,4393164
yadL_yadM_yadC_yadK_predicted,0.5,1,1,AACTACGACGGGTTTTGCTC,0,4387645
yadL_yadM_yadC_yadK_predicted,0.5,1,1,AACGTCCCGTGTGGGGGATT,0,4397107
yadL_yadM_yadC_yadK_predicted,0.5,1,1,AACGTAAGCTGCGAATAAAG,0,4391729
yadL_yadM_yadC_yadK_predicted,0.5,1,1,AACGGAGTTGCAATTCATCA,0,4382843
yadL_yadM_yadC_yadK_predicted,0.5,1,1,AACGCTTAGGGACGACTCCT,0,4402320
yadL_yadM_yadC_yadK_predicted,0.5,1,1,AACGCAACTGCATGAAACTA,0,4383347
yadL_yadM_yadC_yadK_predicted,0.5,1,1,AACGATGCGACCATGTTGGA,0,4392929
yadL_yadM_yadC_yadK_predicted,0.5,1,1,AACGAATGCGATGGATTTGA,0,4394543
yadL_yadM_yadC_yadK_predicted,0.5,1,1,AACGAAAGTGGCGGAACGCA,0,4371211
yadL_yadM_yadC_yadK_predicted,0.5,1,1,AACCTTAAGACGCAACCGGA,0,4370633
yadL_yadM_yadC_yadK_predicted,0.5,1,1,AACCTATGGAGTTCGGTTAA,0,4389174
yadL_yadM_yadC_yadK_predicted,0.5,1,1,AACCTACGAGCGAATGGGGA,0,4382833
yadL_yadM_yadC_yadK_predicted,0.5,1,1,AACCGTCGTAAAAGGTATGA,0,4384534
yadL_yadM_yadC_yadK_predicted,0.5,1,1,AACCGGATGTATAACCAGAG,0,4380246
yadL_yadM_yadC_yadK_predicted,0.5,1,1,AACCGGAACAGTGTGGTCCC,0,4382575
yadL_yadM_yadC_yadK_predicted,0.5,1,1,AACCGCATTTACGCGTGGAA,0,4382250
yadL_yadM_yadC_yadK_predicted,0.5,1,1,AACCGCATCTCCAGGCGATT,0,4383809
yadL_yadM_yadC_yadK_predicted,0.5,1,1,AACCGCAGAAAAGTACTAAT,0,4375643
yadL_yadM_yadC_yadK_predicted,0.5,1,1,AACCCGGTATGGACTCCAGT,0,4382249
yadL_yadM_yadC_yadK_predicted,0.5,1,1,AACCCCATTCATCGGCCGCA,0,4402481
yadL_yadM_yadC_yadK_predicted,0.5,1,1,AACCATGCGCTACGTACAGT,0,4374872
yadL_yadM_yadC_yadK_predicted,0.5,1,1,AACATAGTAGATAAACTCCA,0,4371827
yadL_yadM_yadC_yadK_predicted,0.5,1,1,AACATAGGCACGATTGCCGC,0,4390395
yadL_yadM_yadC_yadK_predicted,0.5,1,1,AACAGCGTGCAACCCAGTTG,0,4387303
yadL_yadM_yadC_yadK_predicted,0.5,1,1,AACAGAGTACGCCTAAAGCA,0,4374671
yadL_yadM_yadC_yadK_predicted,0.5,1,1,AACACTCCTTTGTTACCGCG,0,4396579
yadL_yadM_yadC_yadK_predicted,0.5,1,1,AACACACCATGACGATTTGT,0,4400175
yadL_yadM_yadC_yadK_predicted,0.5,1,1,AACAACTCAGCGCGTCCTGA,0,4381225
yadL_yadM_yadC_yadK_predicted,0.5,1,1,AACAACCGGTAGCTCGCTCA,0,4393608
yadL_yadM_yadC_yadK_predicted,0.5,1,1,AAATTATGTCGGTTAATGTC,0,4378585
yadL_yadM_yadC_yadK_predicted,0.5,1,1,AAATTAGTATTTTCGACAGG,0,4380877
yadL_yadM_yadC_yadK_predicted,0.5,1,1,AAATGTAAAAAGCGGATTCC,0,4381332
yadL_yadM_yadC_yadK_predicted,0.5,1,1,AAATGATAGTAAAGGGTGGG,0,4385716
yadL_yadM_yadC_yadK_predicted,0.5,1,1,AAATGAAGGGTTACCGGACA,0,4382903
yadL_yadM_yadC_yadK_predicted,0.5,1,1,AAATCCAGCTAAGCTCTATT,0,4374898
yadL_yadM_yadC_yadK_predicted,0.5,1,1,AAATCAGTCAAAATCTCGGA,0,4371455
yadL_yadM_yadC_yadK_predicted,0.5,1,1,AAATAACAGTCACCTTATGA,0,4386361
yadL_yadM_yadC_yadK_predicted,0.5,1,1,AAATAAAATTCTGTAACGCA,0,4392303
yadL_yadM_yadC_yadK_predicted,0.5,1,1,AAAGTTGCCACGGCGGCGGT,0,4370850
yadL_yadM_yadC_yadK_predicted,0.5,1,1,AAAGTTAGAGCTGTGTCACA,0,4371603
yadL_yadM_yadC_yadK_predicted,0.5,1,1,AAAGTGCCCGGGCTAGATGG,0,4381871
yadL_yadM_yadC_yadK_predicted,0.5,1,1,AAAGTCGCGTGCGGAAGAAA,0,4381370
yadL_yadM_yadC_yadK_predicted,0.5,1,1,AAAGTATGATAGCAATTAAG,0,4398670
yadL_yadM_yadC_yadK_predicted,0.5,1,1,AAAGCATCGGCGGATAGCTG,0,4401494
yadL_yadM_yadC_yadK_predicted,0.5,1,1,AAAGATTGTGATAAGTCAAT,0,4391916
yadL_yadM_yadC_yadK_predicted,0.5,1,1,AAAGATATTTTGCGTGCGCG,0,4385935
yadL_yadM_yadC_yadK_predicted,0.5,1,1,AAAGAGTGGGTCGCAGCTAG,0,4401102
yadL_yadM_yadC_yadK_predicted,0.5,1,1,AAAGAAGGGCTCATAGTATG,0,4386014
yadL_yadM_yadC_yadK_predicted,0.5,1,1,AAAGAAGGGCAGTAGCTCCG,0,4380438
yadL_yadM_yadC_yadK_predicted,0.5,1,1,AAAGAACTGCTGTCTAATTC,0,4373033
yadL_yadM_yadC_yadK_predicted,0.5,1,1,AAAGAACCGAGTTTTCATTT,0,4375418
yadL_yadM_yadC_yadK_predicted,0.5,1,1,AAACTGTATCAACAGTTCAG,0,4393394
yadL_yadM_yadC_yadK_predicted,0.5,1,1,AAACTGGGTGAGCGGGCTTA,0,4384207
yadL_yadM_yadC_yadK_predicted,0.5,1,1,AAACTGCGCTCCTAGATGAG,0,4398899
yadL_yadM_yadC_yadK_predicted,0.5,1,1,AAACTCCTTTTCGTTCATCG,0,4378357
yadL_yadM_yadC_yadK_predicted,0.5,1,1,AAACTATCGTGCGGATCTCG,0,4400214
yadL_yadM_yadC_yadK_predicted,0.5,1,1,AAACTACTCCAAATGGTATA,0,4396696
yadL_yadM_yadC_yadK_predicted,0.5,1,1,AAACTACAATCAGGCTTACA,0,4400476
yadL_yadM_yadC_yadK_predicted,0.5,1,1,AAACGGTTTTGCTTATCCGC,0,4385360
yadL_yadM_yadC_yadK_predicted,0.5,1,1,AAACCCGATGCTGGTTCAAA,0,4385813
yadL_yadM_yadC_yadK_predicted,0.5,1,1,AAACATTTTCCTGGTAGCGG,0,4400471
yadL_yadM_yadC_yadK_predicted,0.5,1,1,AAACAGTGAGCGACCCGAAC,0,4398638
yadL_yadM_yadC_yadK_predicted,0.5,1,1,AAACAGGTGTAGGAATCCGC,0,4389831
yadL_yadM_yadC_yadK_predicted,0.5,1,1,AAAATTATTTCAGTTTAATC,0,4378154
yadL_yadM_yadC_yadK_predicted,0.5,1,1,AAAATCCATGATACCCACTC,0,4387952
yadL_yadM_yadC_yadK_predicted,0.5,1,1,AAAATCAAGGAATGCGTCTC,0,4379089
yadL_yadM_yadC_yadK_predicted,0.5,1,1,AAAATACGATACGGACTTTG,0,4388188
yadL_yadM_yadC_yadK_predicted,0.5,1,1,AAAAGGCCGCTAACCGATCG,0,4381988
yadL_yadM_yadC_yadK_predicted,0.5,1,1,AAAAGCATCGTCCATGATAG,0,4397544
yadL_yadM_yadC_yadK_predicted,0.5,1,1,AAAACGTCCGGTGAGTACAT,0,4385932
yadL_yadM_yadC_yadK_predicted,0.5,1,1,AAAACGCGTTATTGTAAGTA,0,4395216
yadL_yadM_yadC_yadK_predicted,0.5,1,1,AAAAACACTATATCCTCTCA,0,4395427
yadL_yadM_yadC_yadK_predicted,64.0,63,0,GAATGTTAGGCCATGATTGT,63,4379670
yadL_yadM_yadC_yadK_predicted,45.0,44,0,CGCCAATCTACATAATACCT,44,4378701
yadL_yadM_yadC_yadK_predicted,43.0,42,0,CGATCCTCCTCATGCAACCT,42,4381733
yadL_yadM_yadC_yadK_predicted,36.0,35,0,GCAACTCATGTTCAATTACA,35,4372037
yadL_yadM_yadC_yadK_predicted,36.0,35,0,ACAGCTATAGCCCGATCTGC,35,4391314
yadL_yadM_yadC_yadK_predicted,34.0,33,0,GCAGCGGTCCTTAAAAGGGG,33,4392017
yadL_yadM_yadC_yadK_predicted,34.0,33,0,CTATCAATTGAGCTCCGTGA,33,4373802
yadL_yadM_yadC_yadK_predicted,34.0,33,0,CACTCCCCACGTTCTTCACG,33,4383908
yadL_yadM_yadC_yadK_predicted,32.0,31,0,TTGAGAATTGTCAAATAATC,31,4386077
yadL_yadM_yadC_yadK_predicted,32.0,31,0,CATTCTGCACGTTTAGGGAT,31,4388206
yadL_yadM_yadC_yadK_predicted,32.0,31,0,CATGTGCCCAATCCGCACCT,31,4395762
yadL_yadM_yadC_yadK_predicted,31.0,30,0,GGGGTCTGCTAAATCAATTT,30,4381746
yadL_yadM_yadC_yadK_predicted,30.0,29,0,AAGGGACGCCATGTACGGAG,29,4380429
yadL_yadM_yadC_yadK_predicted,29.0,28,0,TAAGAGAACAGCGTTGCAGG,28,4396617
yadL_yadM_yadC_yadK_predicted,29.0,28,0,GTTTTGGTAACCTCCTCATC,28,4395012
yadL_yadM_yadC_yadK_predicted,29.0,28,0,CTTCAATTTAGATTACAGGC,28,4384737
yadL_yadM_yadC_yadK_predicted,29.0,28,0,AGAAAACTTATCTAATCCAC,28,4399727
yadL_yadM_yadC_yadK_predicted,28.0,27,0,TAACGGACTTACGGTAACAT,27,4376914
yadL_yadM_yadC_yadK_predicted,28.0,27,0,GCTCGGTTGTACGTCGTTAC,27,4374645
yadL_yadM_yadC_yadK_predicted,28.0,27,0,CTGTGCATAGTGACGTATTT,27,4380096
yadL_yadM_yadC_yadK_predicted,28.0,27,0,CTATTCCAGGGGGCGCTACT,27,4378903
yadL_yadM_yadC_yadK_predicted,28.0,27,0,AGCACTGCACATTCCCTTTA,27,4392984
yadL_yadM_yadC_yadK_predicted,27.0,26,0,CCCGCCGGAATTGTTCTACC,26,4376988
yadL_yadM_yadC_yadK_predicted,27.0,26,0,CAGTCCCTGTGCGATATCTT,26,4371598
yadL_yadM_yadC_yadK_predicted,26.0,25,0,GACTGCTCGCGGGGGCCGTT,25,4383594
yadL_yadM_yadC_yadK_predicted,26.0,25,0,CAAAATCTCATTCATCGGAC,25,4379727
yadL_yadM_yadC_yadK_predicted,26.0,25,0,AGAAATCATATACTGGTTAT,25,4396859
yadL_yadM_yadC_yadK_predicted,25.0,24,0,GGCTGACTTATGGGAATTCA,24,4397014
yadL_yadM_yadC_yadK_predicted,25.0,24,0,GCTACATAAATATGATCCAT,24,4396972
yadL_yadM_yadC_yadK_predicted,25.0,24,0,GACTAGGTGCTATAGCAATA,24,4380071
yadL_yadM_yadC_yadK_predicted,25.0,24,0,CTAGGTCGCTCAAATGAATT,24,4381044
yadL_yadM_yadC_yadK_predicted,25.0,24,0,ATGTCGATTCAATAAGACCC,24,4380199
yadL_yadM_yadC_yadK_predicted,25.0,24,0,AGACCGAGATCGTGTCATTC,24,4396602
yadL_yadM_yadC_yadK_predicted,25.0,24,0,ACACGTATGCATATACTGTG,24,4370860
yadL_yadM_yadC_yadK_predicted,24.0,23,0,GTCGGATTGAGCTATTGGTC,23,4391189
yadL_yadM_yadC_yadK_predicted,24.0,23,0,GGAAGTTTTCACAGTTTCAG,23,4397762
yadL_yadM_yadC_yadK_predicted,24.0,23,0,CTCCATTGACTGGTAGCGCA,23,4382664
yadL_yadM_yadC_yadK_predicted,24.0,23,0,CAGGTGGCATTGAGTCTCGG,23,4395031
yadL_yadM_yadC_yadK_predicted,23.0,22,0,TCGAGTTGGAGAGCGTGCAA,22,4380222
yadL_yadM_yadC_yadK_predicted,23.0,22,0,TCCAGAATGTATGTAAAAAT,22,4374285
yadL_yadM_yadC_yadK_predicted,23.0,22,0,GTGCAATGGAGTGTCCTGTG,22,4395795
yadL_yadM_yadC_yadK_predicted,23.0,22,0,GGGGTCTGGAACTGTCTCAT,22,4395061
yadL_yadM_yadC_yadK_predicted,23.0,22,0,GAATCATGGGCCGTATGTCT,22,4374718
yadL_yadM_yadC_yadK_predicted,23.0,22,0,CTCCGATTAGAAGCTGATAC,22,4400240
yadL_yadM_yadC_yadK_predicted,23.0,22,0,CGTGGGTTGTTACCAGATAC,22,4382802
yadL_yadM_yadC_yadK_predicted,23.0,22,0,CGGGCCACAGTCTAGACGAT,22,4388696
yadL_yadM_yadC_yadK_predicted,23.0,22,0,ACTCGAACGTGGGTGCTTGT,22,4372029
yadL_yadM_yadC_yadK_predicted,23.0,22,0,AACCATACATGTTGGTCCCG,22,4400689
yadL_yadM_yadC_yadK_predicted,22.0,21,0,TTGGATGGATACAGAACAGG,21,4401284
yadL_yadM_yadC_yadK_predicted,22.0,21,0,TTCAGATGTATGTTCTTATG,21,4371671
yadL_yadM_yadC_yadK_predicted,22.0,21,0,TCTCCGCAGGTTTTCTCACC,21,4371623
yadL_yadM_yadC_yadK_predicted,22.0,21,0,TCATTCTGCGGGGCAAGGGA,21,4391733
yadL_yadM_yadC_yadK_predicted,22.0,21,0,TATAAGCGAGGCGCTGAGGT,21,4378045
yadL_yadM_yadC_yadK_predicted,22.0,21,0,GCTGTCTATTAGAACACGCT,21,4388138
yadL_yadM_yadC_yadK_predicted,22.0,21,0,CCTGTCTCAACCAATTTCCT,21,4400827
yadL_yadM_yadC_yadK_predicted,22.0,21,0,CCGGATCGATCTTCGCTAAA,21,4395595
yadL_yadM_yadC_yadK_predicted,22.0,21,0,ATGTGAATCTGATCTACCTC,21,4397015
yadL_yadM_yadC_yadK_predicted,22.0,21,0,AGGTACGTAAGTAGAAAAAA,21,4388767
yadL_yadM_yadC_yadK_predicted,22.0,21,0,ACATATTGTGGGATACGCTG,21,4384551
yadL_yadM_yadC_yadK_predicted,22.0,21,0,AAAGAAATTTCTATTCTAAG,21,4372715
yadL_yadM_yadC_yadK_predicted,21.0,20,0,TTAAACGACAGGGAATCATC,20,4389516
yadL_yadM_yadC_yadK_predicted,21.0,20,0,TCTATTGCGTTGAGTGTGAA,20,4370785
yadL_yadM_yadC_yadK_predicted,21.0,20,0,CTATGTATAATATCATCAAT,20,4395770
yadL_yadM_yadC_yadK_predicted,20.0,19,0,TCAGCTGTTCGTGGCGGTGG,19,4375776
yadL_yadM_yadC_yadK_predicted,20.0,19,0,TAATATTTCCACAAAAACCG,19,4371008
yadL_yadM_yadC_yadK_predicted,20.0,19,0,GTACGCACGGTGATAACGTC,19,4395056
yadL_yadM_yadC_yadK_predicted,20.0,19,0,GGTACTCACCGGATTGAACG,19,4373618
yadL_yadM_yadC_yadK_predicted,20.0,19,0,GATATAGCTGATAATAAGGC,19,4371341
yadL_yadM_yadC_yadK_predicted,20.0,19,0,GAGTGTCTTCTAGATCCGGT,19,4401893
yadL_yadM_yadC_yadK_predicted,20.0,19,0,ACGGCCGCTAATCTGTTGTC,19,4374665
yadL_yadM_yadC_yadK_predicted,20.0,19,0,ACGATGAGTGGTATCCCGCA,19,4371620
yadL_yadM_yadC_yadK_predicted,19.0,18,0,TCAGCTGCTCGGGCTAGATC,18,4373536
yadL_yadM_yadC_yadK_predicted,19.0,18,0,GTAATAAGCCAGTAGAGCTG,18,4379451
yadL_yadM_yadC_yadK_predicted,19.0,18,0,CTCGACAGCGTGAACATGAG,18,4396969
yadL_yadM_yadC_yadK_predicted,19.0,18,0,CCCCGTGTACTTCTCCGTCT,18,4398683
yadL_yadM_yadC_yadK_predicted,19.0,18,0,CAAGGGAATTAAGGATCGAT,18,4379258
yadL_yadM_yadC_yadK_predicted,19.0,18,0,ATTATCCGGGCTTCGACTCA,18,4399334
yadL_yadM_yadC_yadK_predicted,19.0,18,0,ACGTGAGATAGGGCGGAGAT,18,4383687
yadL_yadM_yadC_yadK_predicted,18.0,17,0,TAGCTCACTTAATTTGCCGC,17,4397657
yadL_yadM_yadC_yadK_predicted,18.0,17,0,GAGAACCTTGCTATACTTCA,17,4385363
yadL_yadM_yadC_yadK_predicted,18.0,17,0,GAAGGTATTCTCTGCTTAGT,17,4384824
yadL_yadM_yadC_yadK_predicted,18.0,17,0,CTGGCCAGTCTTGGCAGGTG,17,4371721
yadL_yadM_yadC_yadK_predicted,18.0,17,0,CGGGAAGATTAATTTACCGA,17,4400352
yadL_yadM_yadC_yadK_predicted,18.0,17,0,CAGAACTCTTCTTGGACTTC,17,4392638
yadL_yadM_yadC_yadK_predicted,18.0,17,0,AGATGGCAAGAGGCTATATC,17,4393464
yadL_yadM_yadC_yadK_predicted,18.0,17,0,AACCCGTGCGTTCCAAGCCC,17,4390077
yadL_yadM_yadC_yadK_predicted,17.0,16,0,TCGTAGCGAAACTGAGGTTG,16,4394137
yadL_yadM_yadC_yadK_predicted,17.0,16,0,TCGAGTGGGCTTATTTATCC,16,4385810
yadL_yadM_yadC_yadK_predicted,17.0,16,0,TACAAGCTTTGTGACACTCG,16,4384840
yadL_yadM_yadC_yadK_predicted,17.0,16,0,CTAGATACAGATGAGCATCG,16,4374937
yadL_yadM_yadC_yadK_predicted,17.0,16,0,CCGGCGTGTCCTGTGCCAGA,16,4388211
yadL_yadM_yadC_yadK_predicted,17.0,16,0,ACTTCTATTTGCGTTAAGAC,16,4379101
yadL_yadM_yadC_yadK_predicted,17.0,16,0,ACGGTTTATCGCCATGAATT,16,4382965
yadL_yadM_yadC_yadK_predicted,17.0,16,0,ACACGTATTGTGTTAATCAG,16,4376563
yadL_yadM_yadC_yadK_predicted,17.0,16,0,AAGTCAAAGAATTCTTCCCT,16,4381855
yadL_yadM_yadC_yadK_predicted,16.0,15,0,TGACAGCCTCCCCTGTAGTG,15,4387636
yadL_yadM_yadC_yadK_predicted,16.0,15,0,TCCGGTCGCTCTACCCCGTA,15,4379982
yadL_yadM_yadC_yadK_predicted,16.0,15,0,TAACACGAGTGAACATTCCT,15,4391748
yadL_yadM_yadC_yadK_predicted,16.0,15,0,CGCCGGCGCCAAGTCTAAAA,15,4397429
yadL_yadM_yadC_yadK_predicted,16.0,15,0,ATCCGCCTTTGAAATGCACC,15,4379284
yadL_yadM_yadC_yadK_predicted,16.0,15,0,ACGACGCATAGTTGTTGATC,15,4390979
yadL_yadM_yadC_yadK_predicted,15.0,14,0,TGTCCAGGAGTCGTGGATAT,14,4395392
yadL_yadM_yadC_yadK_predicted,15.0,14,0,TGCATGACTCCGATATCCGA,14,4388305
yadL_yadM_yadC_yadK_predicted,15.0,14,0,TCCCTCGACCTTACATCGAC,14,4398672
yadL_yadM_yadC_yadK_predicted,15.0,14,0,GGGCAGGCATGTATTCTGGA,14,4383098
yadL_yadM_yadC_yadK_predicted,15.0,14,0,CGGCTGAACACGCTTTCAGT,14,4392636
yadL_yadM_yadC_yadK_predicted,15.0,14,0,CCCCAGTTACTTTAAGAGTT,14,4388018
yadL_yadM_yadC_yadK_predicted,15.0,14,0,CATTCAGTAACGCCATACGC,14,4379917
yadL_yadM_yadC_yadK_predicted,15.0,14,0,ATGGATGGTCTGACGACCGA,14,4397825
yadL_yadM_yadC_yadK_predicted,15.0,14,0,ATAGTTCTCCGGGATCTCTT,14,4392262
yadL_yadM_yadC_yadK_predicted,14.0,13,0,TTTTGGCGGGAAACCCTTAT,13,4383394
yadL_yadM_yadC_yadK_predicted,14.0,13,0,TTTTCTTTCAAACCAGGCAT,13,4402199
yadL_yadM_yadC_yadK_predicted,14.0,13,0,TTTGTTTCGAAGAGCGGTTT,13,4389583
yadL_yadM_yadC_yadK_predicted,14.0,13,0,TCCGCTTCTCAAGCGAGCCA,13,4387541
yadL_yadM_yadC_yadK_predicted,14.0,13,0,GTGGAGGCGGCAAGATTGAT,13,4378981
yadL_yadM_yadC_yadK_predicted,14.0,13,0,GGAGAAGGAAGGACGCTTAC,13,4386720
yadL_yadM_yadC_yadK_predicted,14.0,13,0,GCGCGAAACGTCTGTATTAG,13,4400934
yadL_yadM_yadC_yadK_predicted,14.0,13,0,CGGCGATTTTTCAGTAACAC,13,4391549
yadL_yadM_yadC_yadK_predicted,14.0,13,0,CCTGTACATCGAGGAGTTTA,13,4381724
yadL_yadM_yadC_yadK_predicted,14.0,13,0,CCGTCGCTCTGCATCGCCGA,13,4398865
yadL_yadM_yadC_yadK_predicted,14.0,13,0,ATTGTCGTATCGGAGTCAAT,13,4384908
yadL_yadM_yadC_yadK_predicted,14.0,13,0,AGGTCCCTTAACTATAGATG,13,4392585
yadL_yadM_yadC_yadK_predicted,14.0,13,0,AGCGCTTCACAACTCTTATT,13,4395814
yadL_yadM_yadC_yadK_predicted,14.0,13,0,AGCGCTGTGGCGCGGTTCGT,13,4374422
yadL_yadM_yadC_yadK_predicted,14.0,13,0,ACACTGCATCAACAGTCAGC,13,4375111
yadL_yadM_yadC_yadK_predicted,14.0,13,0,AAGGATACGCCGCGAAAAGG,13,4391498
yadL_yadM_yadC_yadK_predicted,13.0,12,0,TTCAAAAGAGTCTCGCATCA,12,4389201
yadL_yadM_yadC_yadK_predicted,13.0,12,0,TTATATGTTCATACACTATT,12,4375847
yadL_yadM_yadC_yadK_predicted,13.0,12,0,TCCCCTCTCGGTTACTCAGC,12,4389421
yadL_yadM_yadC_yadK_predicted,13.0,12,0,GTGCCACGCTCACGACTCCA,12,4377706
yadL_yadM_yadC_yadK_predicted,13.0,12,0,GGTTCGCGCGTGAACGCTGA,12,4398300
yadL_yadM_yadC_yadK_predicted,13.0,12,0,GGTCCGGGTCGTTCGGGTGA,12,4391175
yadL_yadM_yadC_yadK_predicted,13.0,12,0,GGTCAGAACGCGCCCCTTTG,12,4375428
yadL_yadM_yadC_yadK_predicted,13.0,12,0,CTTGGCAGACACCGCCTTGG,12,4390488
yadL_yadM_yadC_yadK_predicted,13.0,12,0,CTTGCATTGTATTTCGCCCA,12,4388481
yadL_yadM_yadC_yadK_predicted,13.0,12,0,CTGTGAACTGGGTCAATGTC,12,4395015
yadL_yadM_yadC_yadK_predicted,13.0,12,0,CAACCTAGTACCATAAGACC,12,4399072
yadL_yadM_yadC_yadK_predicted,13.0,12,0,ATACGTGCTCAGCTGGCTCT,12,4381996
yadL_yadM_yadC_yadK_predicted,13.0,12,0,AGTTAAGTGCTGGGACTCGG,12,4380421
yadL_yadM_yadC_yadK_predicted,13.0,12,0,AAAGGCGAGAGGCATATGTC,12,4376396
yadL_yadM_yadC_yadK_predicted,12.0,11,0,TCTGTCCACGTCACTCCAAT,11,4393049
yadL_yadM_yadC_yadK_predicted,12.0,11,0,TCGCATATATCACCGTAGTA,11,4371674
yadL_yadM_yadC_yadK_predicted,12.0,11,0,TAATCACGTGTGCTCAGTCT,11,4402328
yadL_yadM_yadC_yadK_predicted,12.0,11,0,GTTCCTCTGTTACTACACCG,11,4372213
yadL_yadM_yadC_yadK_predicted,12.0,11,0,GTACGGGCGCTTTACACTGG,11,4391886
yadL_yadM_yadC_yadK_predicted,12.0,11,0,GGATTCCATATACTGCTTAA,11,4370137
yadL_yadM_yadC_yadK_predicted,12.0,11,0,ATCATTTCCAGCTGTTATTA,11,4387236
yadL_yadM_yadC_yadK_predicted,12.0,11,0,ACCGGCGGCGTAATTGCTCT,11,4390496
yadL_yadM_yadC_yadK_predicted,12.0,11,0,AACTGTACAACGGTCACGAT,11,4380471
yadL_yadM_yadC_yadK_predicted,12.0,11,0,AAACCAAATCATCCAAGTGA,11,4389161
yadL_yadM_yadC_yadK_predicted,11.0,10,0,TTGATATAGGGCGGGAGTTC,10,4378762
yadL_yadM_yadC_yadK_predicted,11.0,10,0,TGGTCAGGTCCCATCGGTAT,10,4388776
yadL_yadM_yadC_yadK_predicted,11.0,10,0,GTTTTGCCTCGCCACCGAAG,10,4388998
yadL_yadM_yadC_yadK_predicted,11.0,10,0,GTAAAAGATCTCCTCCTTGG,10,4377317
yadL_yadM_yadC_yadK_predicted,11.0,10,0,GGTGCCGCGCGTGCTACAAG,10,4399288
yadL_yadM_yadC_yadK_predicted,11.0,10,0,GGGGTCCGCCGCTCCCATCT,10,4395016
yadL_yadM_yadC_yadK_predicted,11.0,10,0,GCGGTTCCGCTAGCGACGCT,10,4391451
yadL_yadM_yadC_yadK_predicted,11.0,10,0,GATTCCGTACGTAAAGTAAG,10,4380368
yadL_yadM_yadC_yadK_predicted,11.0,10,0,GATCACTCCCTTTCATCCTG,10,4380915
yadL_yadM_yadC_yadK_predicted,11.0,10,0,CGCTCCTTGGATGGTACGAT,10,4378480
yadL_yadM_yadC_yadK_predicted,11.0,10,0,CCTCTTCAAAGTCGTTCTAA,10,4400110
yadL_yadM_yadC_yadK_predicted,11.0,10,0,CCAGAGATGTAAGCCGGTCT,10,4392482
yadL_yadM_yadC_yadK_predicted,11.0,10,0,CATACCTAGTTTCAGGGTTC,10,4382796
yadL_yadM_yadC_yadK_predicted,11.0,10,0,ATTCGCTACACTCCTGGGCT,10,4387593
yadL_yadM_yadC_yadK_predicted,11.0,10,0,ATCCCTACCTTTTCGCGACG,10,4395242
yadL_yadM_yadC_yadK_predicted,11.0,10,0,ATCACGATACGTGCGCCGAG,10,4393592
yadL_yadM_yadC_yadK_predicted,11.0,10,0,ACAGAATTGAGCGGTGCGAT,10,4399719
yadL_yadM_yadC_yadK_predicted,10.0,9,0,TCTCCTCAGTGAGTCGCGCT,9,4374592
yadL_yadM_yadC_yadK_predicted,10.0,9,0,TATTGCCCATCCAAGCAAGG,9,4377612
yadL_yadM_yadC_yadK_predicted,10.0,9,0,GTCGGGGTATATAACATCGG,9,4377961
yadL_yadM_yadC_yadK_predicted,10.0,9,0,GGGCAGTAAGCGTGTCGCTC,9,4374831
yadL_yadM_yadC_yadK_predicted,10.0,9,0,GCAATCGATAGTAAGGGAAC,9,4381268
yadL_yadM_yadC_yadK_predicted,10.0,9,0,CTTGGCGTATGGTTGGGGCT,9,4382124
yadL_yadM_yadC_yadK_predicted,10.0,9,0,CTTCTTACGATAACCGAAGT,9,4380402
yadL_yadM_yadC_yadK_predicted,10.0,9,0,CGATCCTTGGAGGGACCCAC,9,4401626
yadL_yadM_yadC_yadK_predicted,10.0,9,0,CCTACGTCATCACTGCCAAC,9,4388165
yadL_yadM_yadC_yadK_predicted,10.0,9,0,CCGGGTCGCGACACTTTACG,9,4374652
yadL_yadM_yadC_yadK_predicted,10.0,9,0,AGCATAGATACCAAACAGAA,9,4396224
yadL_yadM_yadC_yadK_predicted,9.0,8,0,TGCGAAGTGACACGAAATAC,8,4371244
yadL_yadM_yadC_yadK_predicted,9.0,8,0,GTCCAACTAAATGGCGTCTC,8,4389607
yadL_yadM_yadC_yadK_predicted,9.0,8,0,GGGAGATGGGCGACCGAGGC,8,4385090
yadL_yadM_yadC_yadK_predicted,9.0,8,0,GACTCTCTTACACGCGGAAG,8,4372062
yadL_yadM_yadC_yadK_predicted,9.0,8,0,CTGGTATCCTGCGGTTAATC,8,4387841
yadL_yadM_yadC_yadK_predicted,9.0,8,0,CTCTAATTGCAAGGTCATGA,8,4389685
yadL_yadM_yadC_yadK_predicted,9.0,8,0,CACCTAGTCAGCTGTTCCTG,8,4382762
yadL_yadM_yadC_yadK_predicted,9.0,8,0,CAAATGCTCACGAGTTGCTT,8,4387314
yadL_yadM_yadC_yadK_predicted,9.0,8,0,ATACTTCTTCCGTGAGTATA,8,4392121
yadL_yadM_yadC_yadK_predicted,9.0,8,0,AGTAGACGGGTCGAGCACCT,8,4389779
yadL_yadM_yadC_yadK_predicted,9.0,8,0,ACATGAAGCCTAAAAAGCCT,8,4396533
yadL_yadM_yadC_yadK_predicted,8.0,7,0,TGCTGGTCCCTCACAGTCAT,7,4398713
yadL_yadM_yadC_yadK_predicted,8.0,7,0,TATCTAAGGCTGGAGTTTGC,7,4379673
yadL_yadM_yadC_yadK_predicted,8.0,7,0,TACTGGAGCGCGATTATTGT,7,4399133
yadL_yadM_yadC_yadK_predicted,8.0,7,0,GTGTATAGACACGCTCAGGA,7,4382111
yadL_yadM_yadC_yadK_predicted,8.0,7,0,GACTCGACGCTTGTTCAGGT,7,4386414
yadL_yadM_yadC_yadK_predicted,8.0,7,0,CGTAACCTGTGTACTTATGG,7,4398415
yadL_yadM_yadC_yadK_predicted,8.0,7,0,CAGGGCCAATGTGTTTCGTT,7,4393506
yadL_yadM_yadC_yadK_predicted,8.0,7,0,ATTCCTGGGGGGTCTGATTA,7,4374305
yadL_yadM_yadC_yadK_predicted,8.0,7,0,ATAAGGGTCCGTTAAATGTT,7,4400736
yadL_yadM_yadC_yadK_predicted,8.0,7,0,AGAGCATTGATGGAAATCAA,7,4379443
yadL_yadM_yadC_yadK_predicted,8.0,7,0,ACAACGCTAAGTTCAGCATA,7,4370937
yadL_yadM_yadC_yadK_predicted,7.0,6,0,TGGACTCGGGTGTAGTGATT,6,4379632
yadL_yadM_yadC_yadK_predicted,7.0,6,0,TGCTCCGTTTCAGTCTTGAA,6,4397695
yadL_yadM_yadC_yadK_predicted,7.0,6,0,TCTTGTATACGCATGTGATA,6,4371691
yadL_yadM_yadC_yadK_predicted,7.0,6,0,GTCGGTATTTGTCAGGTACA,6,4389283
yadL_yadM_yadC_yadK_predicted,7.0,6,0,GGAGGATGGCATAATATTAC,6,4389627
yadL_yadM_yadC_yadK_predicted,7.0,6,0,CGAGTGTAGAACTAATCATG,6,4374332
yadL_yadM_yadC_yadK_predicted,7.0,6,0,CCAGTCGTACATTTAAGAGG,6,4379421
yadL_yadM_yadC_yadK_predicted,7.0,6,0,ATTTCCGTAACCGGTGGGAG,6,4381440
yadL_yadM_yadC_yadK_predicted,7.0,6,0,ACCCGCCGGTAGGAGCAGCA,6,4394604
yadL_yadM_yadC_yadK_predicted,7.0,6,0,ACACAATCTGGCTGTTCAGG,6,4378421
yadL_yadM_yadC_yadK_predicted,6.0,5,0,TTGCCCCTTGAGAAGGACAA,5,4379179
yadL_yadM_yadC_yadK_predicted,6.0,5,0,TTCATCATTCATCAGTAAAA,5,4381661
yadL_yadM_yadC_yadK_predicted,6.0,5,0,TCGGAGTTCTACGCCCTGCA,5,4393430
yadL_yadM_yadC_yadK_predicted,6.0,5,0,TCATAGAATGCCGCGGGATT,5,4371305
yadL_yadM_yadC_yadK_predicted,6.0,5,0,GCTAATTTATCGACACAGTG,5,4381289
yadL_yadM_yadC_yadK_predicted,6.0,5,0,CTCGTCTATCTTTTAAAAGC,5,4398562
yadL_yadM_yadC_yadK_predicted,6.0,5,0,CGTTCTGCTTTGAAAGCTCT,5,4376371
yadL_yadM_yadC_yadK_predicted,6.0,5,0,CGTGATGGATCCTTGCGGTG,5,4377454
yadL_yadM_yadC_yadK_predicted,6.0,5,0,CGGAGAGGGATGTATGGTCG,5,4397663
yadL_yadM_yadC_yadK_predicted,6.0,5,0,CCCGCCTCTAATTATTGGAG,5,4384402
yadL_yadM_yadC_yadK_predicted,6.0,5,0,CAGGTTACGTGAGGTCTCTG,5,4377634
yadL_yadM_yadC_yadK_predicted,6.0,5,0,ATTGGATCCGTACGTCCCAG,5,4374032
yadL_yadM_yadC_yadK_predicted,6.0,5,0,ATTCGGTGGCCGTCAGTCCG,5,4401792
yadL_yadM_yadC_yadK_predicted,6.0,5,0,ATCCGCACGCTCTGCCTGAT,5,4378774
yadL_yadM_yadC_yadK_predicted,6.0,5,0,ATATACACTAATAAATCTCT,5,4388346
yadL_yadM_yadC_yadK_predicted,6.0,5,0,ACCTACAGACCAAGGTCAGC,5,4378086
yadL_yadM_yadC_yadK_predicted,6.0,5,0,AATGGGCATGGTTTGATCGG,5,4387115
yadL_yadM_yadC_yadK_predicted,5.0,4,0,TGTTCACTACTGTGATCGCA,4,4384046
yadL_yadM_yadC_yadK_predicted,5.0,4,0,TACGCAGGCGCCCTTATTTA,4,4391875
yadL_yadM_yadC_yadK_predicted,5.0,4,0,GTTCCCTGGAGCTTTGAGAC,4,4390883
yadL_yadM_yadC_yadK_predicted,5.0,4,0,GTGCATATTTAATTGCTATT,4,4391441
yadL_yadM_yadC_yadK_predicted,5.0,4,0,GTCACGGACCTTGAGCGCTT,4,4372315
yadL_yadM_yadC_yadK_predicted,5.0,4,0,GGACGAAACGCCATATTTTG,4,4395815
yadL_yadM_yadC_yadK_predicted,5.0,4,0,CTGCCAAGAATAGTGATCAT,4,4379323
yadL_yadM_yadC_yadK_predicted,5.0,4,0,CGATCTTGTAGTGCAACATA,4,4399478
yadL_yadM_yadC_yadK_predicted,5.0,4,0,CGACCCAGACCGTTTTACGG,4,4386590
yadL_yadM_yadC_yadK_predicted,5.0,4,0,CCTATCTCTTCTCGGGAGTG,4,4381314
yadL_yadM_yadC_yadK_predicted,5.0,4,0,CAACGGGTCGTAATGCAGTC,4,4385017
yadL_yadM_yadC_yadK_predicted,5.0,4,0,ATCGATCCTGCACCCCCGTA,4,4393180
yadL_yadM_yadC_yadK_predicted,5.0,4,0,ATAATGTCCCAGGGTTCGTG,4,4373264
yadL_yadM_yadC_yadK_predicted,5.0,4,0,AGGTATATGATTGGTCGCTG,4,4376119
yadL_yadM_yadC_yadK_predicted,5.0,4,0,AGACTCCTAGACCTCAGTGA,4,4388315
yadL_yadM_yadC_yadK_predicted,5.0,4,0,AACGCGGCCAAGCCAAGCTA,4,4394647
yadL_yadM_yadC_yadK_predicted,4.0,3,0,TCCCCATGTCAGCAGGCGAC,3,4376246
yadL_yadM_yadC_yadK_predicted,4.0,3,0,TATTACAAACTGGTAAACCC,3,4398023
yadL_yadM_yadC_yadK_predicted,4.0,3,0,TACCCTTGATAACACAGTTT,3,4373561
yadL_yadM_yadC_yadK_predicted,4.0,3,0,CGGATAAATATCAAGTATGC,3,4399706
yadL_yadM_yadC_yadK_predicted,4.0,3,0,ATGGTTGGCACCCCTAAACA,3,4380388
yadL_yadM_yadC_yadK_predicted,4.0,3,0,ATGGACTCTCAGTGGGCCGG,3,4375672
yadL_yadM_yadC_yadK_predicted,4.0,3,0,AGTCTTCGGCGCCCGGCGGA,3,4380284
yadL_yadM_yadC_yadK_predicted,4.0,3,0,ACGTTGGCCTCGGCAATGGT,3,4394665
yadL_yadM_yadC_yadK_predicted,4.0,3,0,ACAAAATCGGGGCTGCCTGG,3,4394396
yadL_yadM_yadC_yadK_predicted,4.0,3,0,AAATCATTAGGGACCGCTTT,3,4391483
yadL_yadM_yadC_yadK_predicted,3.0,2,0,TTGGGCCGGCGGGTAGGCCC,2,4400619
yadL_yadM_yadC_yadK_predicted,3.0,2,0,TCTCTCATAGTAGTTACACT,2,4389803
yadL_yadM_yadC_yadK_predicted,3.0,2,0,GGAGTTGTGGACAACGAATT,2,4396469
yadL_yadM_yadC_yadK_predicted,3.0,2,0,GCGCAGTTTGGACTTTATGC,2,4373333
yadL_yadM_yadC_yadK_predicted,3.0,2,0,GAGCGCCGGGGAGGCTAAGC,2,4385480
yadL_yadM_yadC_yadK_predicted,3.0,2,0,GACTACCGGGGCACAGGGTC,2,4378756
yadL_yadM_yadC_yadK_predicted,3.0,2,0,CGTTGTAACCCCCTCGACAG,2,4376060
yadL_yadM_yadC_yadK_predicted,3.0,2,0,CGCCATCATGCCACGACATG,2,4373738
yadL_yadM_yadC_yadK_predicted,3.0,2,0,CGAACCGACCGGAACCTCGT,2,4387200
yadL_yadM_yadC_yadK_predicted,3.0,2,0,CCGGAAATCCGCCTTCCGTC,2,4372313
yadL_yadM_yadC_yadK_predicted,3.0,2,0,ACCCGTAAGAATCACAATGA,2,4395783
yadL_yadM_yadC_yadK_predicted,3.0,2,0,AAAATCGAGACCGTCGTAAC,2,4395001
yadL_yadM_yadC_yadK_predicted,2.0,1,0,TTTACATTAGGGCCGGAACC,1,4370463
yadL_yadM_yadC_yadK_predicted,2.0,1,0,TTCGTTTCGAACTGCCAGGT,1,4396620
yadL_yadM_yadC_yadK_predicted,2.0,1,0,TCCTCCTCTAAACCGTATCC,1,4375805
yadL_yadM_yadC_yadK_predicted,2.0,1,0,GTACGGTACAATTCCTCCTA,1,4395512
yadL_yadM_yadC_yadK_predicted,2.0,1,0,GTACCCGACTCTTTTTGGAC,1,4384467
yadL_yadM_yadC_yadK_predicted,2.0,1,0,GCAAAAATGAGATAAACGCA,1,4373108
yadL_yadM_yadC_yadK_predicted,2.0,1,0,CTTTTAGCTGTTGTAGACGG,1,4380551
yadL_yadM_yadC_yadK_predicted,2.0,1,0,CTCCGGCACGTTCTCGTCCA,1,4388037
yadL_yadM_yadC_yadK_predicted,2.0,1,0,CTATGCAACGAATTTCCGGA,1,4397199
yadL_yadM_yadC_yadK_predicted,2.0,1,0,CTACAGGCTGGATGCATCGT,1,4378442
yadL_yadM_yadC_yadK_predicted,2.0,1,0,CGCTATACGCTAGCCGGACG,1,4388173
yadL_yadM_yadC_yadK_predicted,2.0,1,0,CCTGAGGCGATGTGAGCGCG,1,4383556
yadL_yadM_yadC_yadK_predicted,2.0,1,0,CCGCAGAACCATTTGGAAAG,1,4376312
yadL_yadM_yadC_yadK_predicted,2.0,1,0,CCACCACTATACTCCATTGG,1,4393118
yadL_yadM_yadC_yadK_predicted,2.0,1,0,CATGAATGATACGCTGATTT,1,4381196
yadL_yadM_yadC_yadK_predicted,2.0,1,0,CATATGGTTTATGGAACGTA,1,4377038
yadL_yadM_yadC_yadK_predicted,2.0,1,0,CACTGGTTAGCTCTACATTT,1,4388620
yadL_yadM_yadC_yadK_predicted,2.0,1,0,ATTCCGCCTGCCCCTGCGCT,1,4400972
yadL_yadM_yadC_yadK_predicted,2.0,1,0,ATGAGGGATACCTAGGACGT,1,4394720
yadL_yadM_yadC_yadK_predicted,2.0,1,0,ATCCGCTAGGAACTACTTCT,1,4383218
yadL_yadM_yadC_yadK_predicted,2.0,1,0,ATAGACATTTGCATGAACTA,1,4380776
yadL_yadM_yadC_yadK_predicted,2.0,1,0,AGTAAAGGTGCGGGAACTCT,1,4376005
yadL_yadM_yadC_yadK_predicted,2.0,1,0,AGGGTGACGATGCCTTAAAA,1,4391885
yadL_yadM_yadC_yadK_predicted,2.0,1,0,AGCTCCCAAGTTTCGTACTC,1,4380667
yadL_yadM_yadC_yadK_predicted,2.0,1,0,AGACGCTATGGTGCATAGCT,1,4374216
yadL_yadM_yadC_yadK_predicted,2.0,1,0,ACGATAATAAGCGAGATTTA,1,4387544
yadL_yadM_yadC_yadK_predicted,2.0,1,0,AACCTAGGTCCCCATTATAA,1,4372895
yadL_yadM_yadC_yadK_predicted,2.0,1,0,AACAGTATTACACATCAAGT,1,4377985
