name,relative_counts,ct,ct_0,barcode,ct_1,barcode_ind
TSS_4654_wanner_regulondb,0.6785714285714286,139,83,GGCACGAGGTGCGGCCCACA,56,128391
TSS_4654_wanner_regulondb,2.1578947368421053,58,18,CCCTCTTACCTGATCGAACT,40,152711
TSS_4654_wanner_regulondb,0.4375,21,15,CCACGTGACGCCCGTCCTGA,6,126996
TSS_4654_wanner_regulondb,0.75,26,15,CACAGCTGCCCCGCGGTGGG,11,144552
TSS_4654_wanner_regulondb,0.9230769230769231,23,12,CCTGGCTGAGGCACGGGAGG,11,154470
TSS_4654_wanner_regulondb,2.4545454545454546,36,10,CGCGGGAACTCTGCAGTTAG,26,133796
TSS_4654_wanner_regulondb,1.1,19,9,CAGTGCTTGAAGCGGGCCTG,10,142306
TSS_4654_wanner_regulondb,1.4444444444444444,20,8,TTCCCTTCGCTGCAGACAGG,12,139411
TSS_4654_wanner_regulondb,4.555555555555555,48,8,TGGCCAACGGATGACAGTGT,40,158155
TSS_4654_wanner_regulondb,3.375,33,7,TGATTCCAATTAATCGCTGA,26,135338
TSS_4654_wanner_regulondb,2.142857142857143,20,6,TTGTGGACACATTAAGCGGT,14,126305
TSS_4654_wanner_regulondb,0.2857142857142857,7,6,TTACGCGCCGCGACGATTCA,1,131951
TSS_4654_wanner_regulondb,1.8571428571428572,18,6,TCTATGTTACTGTAAGGACG,12,136072
TSS_4654_wanner_regulondb,0.8571428571428571,11,6,GTGTATATGGAAGCATCTAT,5,157464
TSS_4654_wanner_regulondb,0.42857142857142855,8,6,GCACAGGTGTAGTCCTGGGT,2,151567
TSS_4654_wanner_regulondb,2.0,16,5,TTGGCGGCAATGGGACGGGA,11,138951
TSS_4654_wanner_regulondb,1.1666666666666667,11,5,TCCATATGTTACTAGGTACT,6,164940
TSS_4654_wanner_regulondb,1.5,13,5,GATGAGAGGTAACCTCAGCC,8,129379
TSS_4654_wanner_regulondb,4.0,28,5,GACCTAGGACTAGAGGTACT,23,152938
TSS_4654_wanner_regulondb,1.5,13,5,CTGTGGTGCCGCACTCGCAT,8,139951
TSS_4654_wanner_regulondb,3.5,25,5,AGCTGGGTTCGCGGGTTAGA,20,146925
TSS_4654_wanner_regulondb,0.8333333333333334,9,5,AGAGAAATGCCTCCCTACTC,4,138421
TSS_4654_wanner_regulondb,2.3333333333333335,18,5,AAAACCTATTGCGGGCAGTA,13,138731
TSS_4654_wanner_regulondb,6.6,36,4,TACTCTCACTGATCTAACGT,32,138587
TSS_4654_wanner_regulondb,2.4,15,4,TAAAGCGTCTAGCACCAACT,11,134027
TSS_4654_wanner_regulondb,3.8,22,4,GGCGCATGGAGCCGATCTAT,18,166995
TSS_4654_wanner_regulondb,1.8,12,4,GCTTGGTTCATACGGAGATG,8,140925
TSS_4654_wanner_regulondb,2.0,13,4,GCCCCAGAAATGGTCATACT,9,172952
TSS_4654_wanner_regulondb,1.2,9,4,CTTTAAAGACTCTATAGCGA,5,134096
TSS_4654_wanner_regulondb,1.2,9,4,CTCTTTTACCTGTCCTCAAA,5,141646
TSS_4654_wanner_regulondb,4.6,26,4,CTATATGGATCTACCGTGAT,22,147215
TSS_4654_wanner_regulondb,0.4,5,4,CCTCTGGCGAAGGCGTGCAA,1,154105
TSS_4654_wanner_regulondb,2.4,15,4,CCTACGGGATCACCTCGCAG,11,126570
TSS_4654_wanner_regulondb,3.2,19,4,AGGGATAACTCATACTGTCT,15,126690
TSS_4654_wanner_regulondb,3.0,18,4,AATACGACTCGATTCAAGTG,14,149479
TSS_4654_wanner_regulondb,2.0,10,3,TGTGGAGAGACCTGGTCAGC,7,174812
TSS_4654_wanner_regulondb,14.5,60,3,TGCTTATGGAGGTCCTCCGC,57,129526
TSS_4654_wanner_regulondb,6.75,29,3,TCGACTCTTCGTCTCCATGT,26,138898
TSS_4654_wanner_regulondb,3.25,15,3,TACTATAAGACGGTTTGCCT,12,161031
TSS_4654_wanner_regulondb,4.0,18,3,TACAAAGTGCTCATCTGTAG,15,141048
TSS_4654_wanner_regulondb,3.75,17,3,GTGGGGGAAGGCTTGCTCTA,14,125821
TSS_4654_wanner_regulondb,1.75,9,3,GTCCGTTGATGCGGCTCTTA,6,127881
TSS_4654_wanner_regulondb,6.0,26,3,GTCCGCATCTCAGATCATCT,23,127987
TSS_4654_wanner_regulondb,5.5,24,3,GGGGCATTGAGTACTAGAAC,21,128615
TSS_4654_wanner_regulondb,9.25,39,3,GGCTAAGAGTGCGAAAAAAC,36,141566
TSS_4654_wanner_regulondb,2.0,10,3,GGCGACATCACTAGCACGCA,7,161766
TSS_4654_wanner_regulondb,4.5,20,3,GGAAGTGGTAGCGCGACCTA,17,154948
TSS_4654_wanner_regulondb,4.5,20,3,GCTTGAGATGTATGATTTTT,17,130646
TSS_4654_wanner_regulondb,4.5,20,3,GCTTCATCCTTGGGCGTGTA,17,157536
TSS_4654_wanner_regulondb,6.75,29,3,GCGACAATGGCGTAACCCTG,26,146301
TSS_4654_wanner_regulondb,1.5,8,3,GCCGTGTCACCAGCCCGTAG,5,135677
TSS_4654_wanner_regulondb,6.25,27,3,GCCAGGTGTATGAGAAATAT,24,127176
TSS_4654_wanner_regulondb,6.75,29,3,GATTAACTAACCATGGTATC,26,155964
TSS_4654_wanner_regulondb,2.0,10,3,GATCCCGTTGTTGCAGCCAT,7,139167
TSS_4654_wanner_regulondb,5.75,25,3,GACTTATGTAAGTCGGCACA,22,133464
TSS_4654_wanner_regulondb,3.25,15,3,CTTGCCTAGATTAAGGGAAC,12,129585
TSS_4654_wanner_regulondb,4.25,19,3,CTTCAATACTAGCGCGGTAA,16,155063
TSS_4654_wanner_regulondb,4.5,20,3,CTCTGATAAGGCTACCTCTA,17,153953
TSS_4654_wanner_regulondb,2.5,12,3,CTAAGCTTGTCCGTCACGGA,9,155276
TSS_4654_wanner_regulondb,0.5,4,3,CGTCGCTACGGACTCGCGAA,1,147689
TSS_4654_wanner_regulondb,5.25,23,3,CCTGACCCTCCCTCACGAAC,20,148012
TSS_4654_wanner_regulondb,3.25,15,3,CCTCCGTAAGTATTGAGACA,12,164000
TSS_4654_wanner_regulondb,4.75,21,3,CCTAGCGATTAATCTCTCAT,18,156300
TSS_4654_wanner_regulondb,6.25,27,3,CATCGGAAGACCCAATTTGC,24,158251
TSS_4654_wanner_regulondb,0.75,5,3,CAATATGTGGTATATGGGAA,2,152421
TSS_4654_wanner_regulondb,2.5,12,3,CAACGCTTCTGTAGCGCCCA,9,161071
TSS_4654_wanner_regulondb,7.25,31,3,ATGCGATATGAGAAAATCAA,28,134095
TSS_4654_wanner_regulondb,6.25,27,3,ATCTAAGCCACGACATACAT,24,141795
TSS_4654_wanner_regulondb,0.5,4,3,AGTGTGGCTCTGGTGAGCCA,1,138217
TSS_4654_wanner_regulondb,5.25,23,3,AGTGATTTAGCAGGATTCTC,20,128891
TSS_4654_wanner_regulondb,2.25,11,3,AGCTTTAGGTTGAGGCAGTG,8,155927
TSS_4654_wanner_regulondb,3.0,14,3,AGACGCCACGGTCGGAGGTA,11,161378
TSS_4654_wanner_regulondb,7.5,32,3,ACTATTTCTCATTCTGCATA,29,132971
TSS_4654_wanner_regulondb,5.25,23,3,ACGGCCCAGTGCCCGAGGGA,20,146304
TSS_4654_wanner_regulondb,3.0,14,3,ACGGACGCATGAGCCACGTC,11,164750
TSS_4654_wanner_regulondb,2.25,11,3,ACGCCTACTGTAGTTGAGCT,8,130116
TSS_4654_wanner_regulondb,5.0,22,3,AAGAACAGCACAGACTTCCA,19,136672
TSS_4654_wanner_regulondb,1.0,4,2,TTGTTCGCCATTGAGTGCCA,2,147686
TSS_4654_wanner_regulondb,2.3333333333333335,8,2,TTGCGGACACCTGATTGGGA,6,161284
TSS_4654_wanner_regulondb,5.333333333333333,17,2,TTCAGGGTGAGGTTTATCAA,15,158018
TSS_4654_wanner_regulondb,0.6666666666666666,3,2,TTATTAAAGATCCCCCCCCT,1,170978
TSS_4654_wanner_regulondb,7.666666666666667,24,2,TTAAGCCGCTTCGACGTATG,22,136075
TSS_4654_wanner_regulondb,1.3333333333333333,5,2,TGTAATCCAAGGCATTTTTT,3,167600
TSS_4654_wanner_regulondb,1.6666666666666667,6,2,TCTGGCCGGAGCGGACCCAA,4,127250
TSS_4654_wanner_regulondb,6.0,19,2,TCTGCACGGGTAAATTCTGA,17,140767
TSS_4654_wanner_regulondb,4.333333333333333,14,2,TCTATACGGAGAGGCGCCAG,12,143894
TSS_4654_wanner_regulondb,4.0,13,2,TCGCAATTTAACGTATCACT,11,130904
TSS_4654_wanner_regulondb,6.666666666666667,21,2,TCCCCCTGGCAACGTGAGAT,19,151126
TSS_4654_wanner_regulondb,6.666666666666667,21,2,TCAGGTGTACGGCGCGCAGG,19,129577
TSS_4654_wanner_regulondb,0.6666666666666666,3,2,TATCCCCCTAATATAGATTC,1,140282
TSS_4654_wanner_regulondb,3.0,10,2,TACGGGTCGGCAAATTCCCT,8,145032
TSS_4654_wanner_regulondb,3.6666666666666665,12,2,TACAAACCGGAGGCACTAAA,10,131785
TSS_4654_wanner_regulondb,1.6666666666666667,6,2,TAAGGTCATACTAAAGTCGT,4,125283
TSS_4654_wanner_regulondb,7.0,22,2,GTTGTACGTTCCCAGTTCCT,20,133305
TSS_4654_wanner_regulondb,4.333333333333333,14,2,GTCCGTTCCTATGTAATTCT,12,165632
TSS_4654_wanner_regulondb,2.0,7,2,GGTTAAACATGTTCACACAT,5,145264
TSS_4654_wanner_regulondb,1.3333333333333333,5,2,GGTGGTCGCCTTTGAATACG,3,170852
TSS_4654_wanner_regulondb,1.0,4,2,GGGTACGGAGTAGTGTGCTG,2,153220
TSS_4654_wanner_regulondb,4.333333333333333,14,2,GCTCGCGTTTTCACATCGTA,12,170586
TSS_4654_wanner_regulondb,8.666666666666666,27,2,GCTCGATAAGCACAGTTAAT,25,135195
TSS_4654_wanner_regulondb,1.3333333333333333,5,2,GCGTGGCTTAATCGGGTGGC,3,155256
TSS_4654_wanner_regulondb,1.3333333333333333,5,2,GCGATTGAAACTTACTGGTT,3,155325
TSS_4654_wanner_regulondb,6.0,19,2,GCCTTTATCTCGATCGACGA,17,141329
TSS_4654_wanner_regulondb,1.3333333333333333,5,2,GCCACACGCAATCGATCAGT,3,140447
TSS_4654_wanner_regulondb,6.333333333333333,20,2,GCAGGCCGACAGTATGGTAA,18,137536
TSS_4654_wanner_regulondb,7.0,22,2,GATTTGACTCTCGACGTCTA,20,128776
TSS_4654_wanner_regulondb,8.0,25,2,GATTAAAAGGGGACACACAC,23,150487
TSS_4654_wanner_regulondb,2.0,7,2,GACTCGTAGGTGTCTATCAA,5,141034
TSS_4654_wanner_regulondb,1.3333333333333333,5,2,GACCGGTTGGATCATTCAGT,3,168183
TSS_4654_wanner_regulondb,4.333333333333333,14,2,CTGTCGGTGAAGTGGGGTGG,12,154918
TSS_4654_wanner_regulondb,2.6666666666666665,9,2,CTGGATACGTCTAACTCACA,7,130538
TSS_4654_wanner_regulondb,6.666666666666667,21,2,CTGGAAGCGGTCATGTGCGG,19,173476
TSS_4654_wanner_regulondb,9.666666666666666,30,2,CTGAGGTACTGCTTAGGTGA,28,160999
TSS_4654_wanner_regulondb,3.0,10,2,CGTTATGGATCGCCACCAAT,8,138905
TSS_4654_wanner_regulondb,8.666666666666666,27,2,CGTCAGCTTCCCATTTAGAC,25,149906
TSS_4654_wanner_regulondb,4.666666666666667,15,2,CGGTGATCCTTAGCAGAGGT,13,170450
TSS_4654_wanner_regulondb,4.666666666666667,15,2,CGGCCTTACGGAGCTCGAAC,13,153082
TSS_4654_wanner_regulondb,3.0,10,2,CGCCGCCGTCGAGAAAGCTC,8,140979
TSS_4654_wanner_regulondb,6.666666666666667,21,2,CGATAGTTGATTCTACGGCC,19,133924
TSS_4654_wanner_regulondb,3.3333333333333335,11,2,CCTTCGAATCGTGCCGGCTA,9,139242
TSS_4654_wanner_regulondb,1.6666666666666667,6,2,CCTGGATGGTGAGACAAGAT,4,160097
TSS_4654_wanner_regulondb,10.333333333333334,32,2,CCTACTACACTCAGCCAACT,30,126085
TSS_4654_wanner_regulondb,2.0,7,2,CCGGCGTGCCCAAGGCAGAA,5,165040
TSS_4654_wanner_regulondb,9.0,28,2,CCGCGCATCTAAAGACATTA,26,125797
TSS_4654_wanner_regulondb,3.3333333333333335,11,2,CCCAGTCTGGAAACGTCGGG,9,153667
TSS_4654_wanner_regulondb,2.3333333333333335,8,2,CATTAGACGCACTTGAATTG,6,162726
TSS_4654_wanner_regulondb,3.0,10,2,CATGGATCCGATAGTGGACA,8,133736
TSS_4654_wanner_regulondb,0.6666666666666666,3,2,CAGTTATCGGCTGGTAACGG,1,124953
TSS_4654_wanner_regulondb,5.666666666666667,18,2,CAGTGTGACTAATGGTTATG,16,137717
TSS_4654_wanner_regulondb,8.333333333333334,26,2,CAATATGGAGCAATCAGGAA,24,144305
TSS_4654_wanner_regulondb,4.333333333333333,14,2,ATTGCCGTCACTGAGCGGCT,12,126137
TSS_4654_wanner_regulondb,9.666666666666666,30,2,ATTAGTCATGGTCCGACTCA,28,146067
TSS_4654_wanner_regulondb,7.333333333333333,23,2,ATGGCCCAATTGCGATTATG,21,143790
TSS_4654_wanner_regulondb,7.333333333333333,23,2,ATGAGGGCTAAATTGTGGCT,21,126322
TSS_4654_wanner_regulondb,5.333333333333333,17,2,ATCGTTTCATTACAACTGAC,15,126084
TSS_4654_wanner_regulondb,1.6666666666666667,6,2,ATAATGCATTGTATCGATTA,4,127722
TSS_4654_wanner_regulondb,2.0,7,2,ATAACGTACCTCTCAGACCG,5,162818
TSS_4654_wanner_regulondb,0.6666666666666666,3,2,AGTGAGACAGGTTTGCCATT,1,136069
TSS_4654_wanner_regulondb,4.666666666666667,15,2,AGGGGACAGCTCCCAGAGTG,13,170810
TSS_4654_wanner_regulondb,6.666666666666667,21,2,AGGCGAAGCTTCGTAAGCTT,19,159177
TSS_4654_wanner_regulondb,6.0,19,2,AGGACACTTCGGCGACCGTT,17,165360
TSS_4654_wanner_regulondb,3.6666666666666665,12,2,AGCAAGGTACTGCGCATAGA,10,125327
TSS_4654_wanner_regulondb,0.6666666666666666,3,2,AGACGAGCATGCGTAGAGGT,1,129680
TSS_4654_wanner_regulondb,5.0,16,2,AGAAGCGCCTCGGAGGTCGT,14,161826
TSS_4654_wanner_regulondb,1.3333333333333333,5,2,ACTAAGGCCCTGTTATTATA,3,155962
TSS_4654_wanner_regulondb,5.333333333333333,17,2,ACGTATGGTACCAAGCATAA,15,154031
TSS_4654_wanner_regulondb,1.0,4,2,ACGGAAAATTTCATGAGTAT,2,164064
TSS_4654_wanner_regulondb,4.666666666666667,15,2,ACATTTTTGTGTTCTCCCTA,13,145347
TSS_4654_wanner_regulondb,3.0,10,2,AAGTTGCAACAACGCCAATT,8,143448
TSS_4654_wanner_regulondb,3.6666666666666665,12,2,AAGGGGGCAACCAAGGGACA,10,137174
TSS_4654_wanner_regulondb,5.0,16,2,AAGAGTCTATGAACGGGTGA,14,145712
TSS_4654_wanner_regulondb,3.0,10,2,AAGAATACGAGAGGGACAGC,8,158365
TSS_4654_wanner_regulondb,6.0,19,2,AACGGCAGTCTGCGTAGCGT,17,170558
TSS_4654_wanner_regulondb,4.666666666666667,15,2,AAATGCAGTTAGTGTTCTAT,13,129723
TSS_4654_wanner_regulondb,5.0,10,1,TTTTGCCAAAGTCACGGGAA,9,166889
TSS_4654_wanner_regulondb,7.0,14,1,TTTTAGTGTGACCAAGTCTA,13,169929
TSS_4654_wanner_regulondb,11.0,22,1,TTTAGATACACTCGTACTGT,21,169736
TSS_4654_wanner_regulondb,1.5,3,1,TTGAGTGGAATAAGACCGAG,2,137739
TSS_4654_wanner_regulondb,8.0,16,1,TTGAAAGTCCTGGTACTAAG,15,133998
TSS_4654_wanner_regulondb,5.0,10,1,TTCTGAGAAATCCAGGGCGA,9,169870
TSS_4654_wanner_regulondb,3.5,7,1,TTCAGACTTGGCGTAAAAGC,6,138077
TSS_4654_wanner_regulondb,11.0,22,1,TTATACTCCGTCGGTATACT,21,157289
TSS_4654_wanner_regulondb,8.0,16,1,TTACGACGTAACTGGTTAGG,15,132374
TSS_4654_wanner_regulondb,8.0,16,1,TTAAGCGGAACATTAGTGCC,15,125704
TSS_4654_wanner_regulondb,2.0,4,1,TTAACCTACCTCGTCTCCTG,3,128525
TSS_4654_wanner_regulondb,7.5,15,1,TGTGGGTTATGGCAACACCC,14,141352
TSS_4654_wanner_regulondb,2.0,4,1,TGTGCTATGAATGCGCAGTA,3,168918
TSS_4654_wanner_regulondb,4.5,9,1,TGTCGGGTATAGTCAGCCTT,8,170315
TSS_4654_wanner_regulondb,6.0,12,1,TGGTTAATTAGTAACTCAGA,11,126040
TSS_4654_wanner_regulondb,12.5,25,1,TGGGTCATTACCCGTGTAGT,24,150314
TSS_4654_wanner_regulondb,5.5,11,1,TGGCGTCGAAGGGGAAGTAT,10,139698
TSS_4654_wanner_regulondb,8.5,17,1,TGGCCTTTTCAAGGTGGAGA,16,139974
TSS_4654_wanner_regulondb,13.0,26,1,TGCGCGATCGGCTAGAACGT,25,130210
TSS_4654_wanner_regulondb,4.5,9,1,TGCGAGATTAGGGCGCGTAA,8,157208
TSS_4654_wanner_regulondb,1.0,2,1,TGCAGTGTGCGCTAGGAGCT,1,157518
TSS_4654_wanner_regulondb,13.0,26,1,TGAGCAGCAGGGCTTATGCG,25,132725
TSS_4654_wanner_regulondb,4.0,8,1,TCTCGCGTGGCCAATAATGA,7,172157
TSS_4654_wanner_regulondb,12.5,25,1,TCTATAAGTCAAGCGTCCAC,24,129104
TSS_4654_wanner_regulondb,11.0,22,1,TCTAAATTCGCATCTGTCTA,21,164980
TSS_4654_wanner_regulondb,2.0,4,1,TCGAGTAAGGAAAATCGGGC,3,157640
TSS_4654_wanner_regulondb,5.5,11,1,TCCGGTAAGGTGTTATCAGA,10,161696
TSS_4654_wanner_regulondb,8.0,16,1,TCCGGATCAAGTGGATTCCA,15,132140
TSS_4654_wanner_regulondb,8.5,17,1,TCCGCGCTGGGCTTATCCAA,16,154200
TSS_4654_wanner_regulondb,3.5,7,1,TCCCGTCCGTTCGAGAGGAA,6,161129
TSS_4654_wanner_regulondb,5.0,10,1,TCACTAGGCATGTAGTGGAG,9,136035
TSS_4654_wanner_regulondb,2.0,4,1,TCACAGGTACACGGCCAACA,3,160838
TSS_4654_wanner_regulondb,1.0,2,1,TATTGCATAAATGGATATAT,1,137431
TSS_4654_wanner_regulondb,5.0,10,1,TATGTAGTTAATGGTTTTAC,9,141903
TSS_4654_wanner_regulondb,2.5,5,1,TATCAGGACAACGGAGCGAA,4,159569
TSS_4654_wanner_regulondb,2.5,5,1,TAGCGGCCTCCCCTTGACTC,4,125512
TSS_4654_wanner_regulondb,12.0,24,1,TACGGCGGCCGGGCATTCCC,23,151290
TSS_4654_wanner_regulondb,13.5,27,1,TACCAATATTTGAAAGTAAA,26,136062
TSS_4654_wanner_regulondb,1.0,2,1,TAACACCGGAGTCCTCCTCT,1,135312
TSS_4654_wanner_regulondb,5.0,10,1,TAAATTAGAAAACATGCTGT,9,171931
TSS_4654_wanner_regulondb,11.0,22,1,TAAACTACTTTCGCACGGGT,21,161958
TSS_4654_wanner_regulondb,3.5,7,1,GTTGACCGCTGTACTATGGT,6,132407
TSS_4654_wanner_regulondb,4.5,9,1,GTTCACTATCCATTCAAGAA,8,140626
TSS_4654_wanner_regulondb,3.5,7,1,GTTAATCGTAATACTATCGC,6,159320
TSS_4654_wanner_regulondb,7.0,14,1,GTGCTCCCATTAACATTTTT,13,126591
TSS_4654_wanner_regulondb,1.0,2,1,GTCTGCCTGTTTCAAGACAA,1,152253
TSS_4654_wanner_regulondb,8.0,16,1,GTCCGCCTCCCGCATCTCTC,15,153371
TSS_4654_wanner_regulondb,12.0,24,1,GTCCGAACTTAGGGTTACTG,23,129177
TSS_4654_wanner_regulondb,1.0,2,1,GTCCCGGCCAGTCGGCACAT,1,136019
TSS_4654_wanner_regulondb,6.0,12,1,GTAGGGATCGCACAAATTAA,11,149500
TSS_4654_wanner_regulondb,11.5,23,1,GGTAGGCGGGGACCGCAGAG,22,127032
TSS_4654_wanner_regulondb,3.5,7,1,GGTACCAACGGTAAGTTCCT,6,164382
TSS_4654_wanner_regulondb,13.5,27,1,GGGTTGCTCAGATTTATACT,26,150275
TSS_4654_wanner_regulondb,5.5,11,1,GGGTGGTTCGTGGAGGCACA,10,160035
TSS_4654_wanner_regulondb,12.5,25,1,GGCCCTCCTAAATATTAGAA,24,135907
TSS_4654_wanner_regulondb,10.5,21,1,GGCCAGACAACGGATAGCAG,20,139779
TSS_4654_wanner_regulondb,4.5,9,1,GGCAGTTTAGGGGTTCTAAC,8,169314
TSS_4654_wanner_regulondb,10.0,20,1,GGAGCGGACGGAAAGTGGTG,19,173523
TSS_4654_wanner_regulondb,6.0,12,1,GCTCCGCTTGATAATTTGAA,11,136909
TSS_4654_wanner_regulondb,15.5,31,1,GCCGCGCCCTGGAAGGAGTT,30,170086
TSS_4654_wanner_regulondb,7.0,14,1,GCACAAGCCTAGTCAATCCT,13,151124
TSS_4654_wanner_regulondb,9.5,19,1,GCAAATTGGAGTAGGTCAAC,18,165092
TSS_4654_wanner_regulondb,8.0,16,1,GAGTCAGGCTGCTCCCAGGT,15,133180
TSS_4654_wanner_regulondb,6.0,12,1,GAGGGAAATCGGCGGAAGTG,11,144449
TSS_4654_wanner_regulondb,1.0,2,1,GAGCGTGGCTTGTTGCCCAG,1,128115
TSS_4654_wanner_regulondb,1.5,3,1,GACCGGTTACCTGGCGGATC,2,172525
TSS_4654_wanner_regulondb,11.5,23,1,GAAGTGGCGATTGGCTATGT,22,149424
TSS_4654_wanner_regulondb,3.0,6,1,GAAGCAACTCTATGCAGATT,5,133602
TSS_4654_wanner_regulondb,5.0,10,1,GAAAAAGAGTAACAAGCTAG,9,127077
TSS_4654_wanner_regulondb,5.0,10,1,CTTCGCACAAAAAGCCGATT,9,152526
TSS_4654_wanner_regulondb,6.0,12,1,CTTACACTCATCGGACAGAC,11,140949
TSS_4654_wanner_regulondb,11.5,23,1,CTGTGGGAGGTCAATAAGTT,22,149779
TSS_4654_wanner_regulondb,2.0,4,1,CTGGCAGAAATCCGGACCAC,3,163141
TSS_4654_wanner_regulondb,10.0,20,1,CTGACCTAACCGAAAGCGCA,19,133993
TSS_4654_wanner_regulondb,1.0,2,1,CTCTGGTTCATCTTTTGCCT,1,137261
TSS_4654_wanner_regulondb,8.5,17,1,CTCGTCCACCTCGATGTATT,16,134215
TSS_4654_wanner_regulondb,1.0,2,1,CTCGGCAGACCCAGAAGGGT,1,127133
TSS_4654_wanner_regulondb,7.5,15,1,CTAGCGTATGTCGCACCACA,14,131061
TSS_4654_wanner_regulondb,1.5,3,1,CTAAGTCGAGTAACGAAGCT,2,125762
TSS_4654_wanner_regulondb,15.0,30,1,CTAAGAAGTCAGTGCGTCAC,29,171054
TSS_4654_wanner_regulondb,12.5,25,1,CGTTCACACGTTGGGATCTT,24,132468
TSS_4654_wanner_regulondb,1.0,2,1,CGGTGAAGGGATGTGTATCC,1,148661
TSS_4654_wanner_regulondb,5.0,10,1,CGGTCGTGAGGTTTTCAGTA,9,172135
TSS_4654_wanner_regulondb,9.5,19,1,CGGTCAATGCTGGTCCACGT,18,162663
TSS_4654_wanner_regulondb,5.5,11,1,CGGGGTAAGCTGAGTTCCCT,10,141515
TSS_4654_wanner_regulondb,6.0,12,1,CGGGCTCGCCCGCCCCGCCG,11,145363
TSS_4654_wanner_regulondb,1.0,2,1,CGCGTTTCCGCCGCACGAAC,1,142611
TSS_4654_wanner_regulondb,1.0,2,1,CGCCCGCAGGGTGGCTTCAG,1,153115
TSS_4654_wanner_regulondb,10.5,21,1,CGACTTTATGTGTCGGCATG,20,159662
TSS_4654_wanner_regulondb,9.0,18,1,CGACATTGGATACACCACGG,17,166223
TSS_4654_wanner_regulondb,14.0,28,1,CGAACCGTCCATACGCCCAT,27,125165
TSS_4654_wanner_regulondb,4.0,8,1,CCTGGGGCGGCGTGCTGCCA,7,140674
TSS_4654_wanner_regulondb,10.5,21,1,CCTGCTAAGCAGCATGAGTA,20,124925
TSS_4654_wanner_regulondb,5.5,11,1,CCTCGACCCTAACCCACCTA,10,138245
TSS_4654_wanner_regulondb,1.0,2,1,CCGCGACGGGATAGGCCGTA,1,153752
TSS_4654_wanner_regulondb,7.5,15,1,CCGAGCCACTTGTTAAAGCC,14,164340
TSS_4654_wanner_regulondb,5.5,11,1,CCCCTTAGGCGCCGCGTACG,10,128020
TSS_4654_wanner_regulondb,3.5,7,1,CCCCTCTGGCCGCTTCACCC,6,158716
TSS_4654_wanner_regulondb,13.5,27,1,CCCCCTGGCCTCGGCCGTGA,26,155354
TSS_4654_wanner_regulondb,4.5,9,1,CCCCACCTCCATTCAGAGGT,8,135636
TSS_4654_wanner_regulondb,6.0,12,1,CCCACTTCGAAACACGTCCT,11,174679
TSS_4654_wanner_regulondb,12.0,24,1,CCATACGCTATTCGCGGCAT,23,172843
TSS_4654_wanner_regulondb,4.5,9,1,CCAGCGTAGCTAATTAAGCT,8,171643
TSS_4654_wanner_regulondb,6.0,12,1,CCACGGTCGCCGCGTGAGTG,11,159438
TSS_4654_wanner_regulondb,3.5,7,1,CCACAGTCGCCTATCATATT,6,134658
TSS_4654_wanner_regulondb,14.0,28,1,CATTCCACAATCTTGATCCA,27,155447
TSS_4654_wanner_regulondb,10.0,20,1,CATGTCTAAGTGGAATTTTC,19,162237
TSS_4654_wanner_regulondb,10.5,21,1,CATCATAACTTCTCCACATG,20,130115
TSS_4654_wanner_regulondb,10.5,21,1,CATACTAGCGCATCCGTGTA,20,169400
TSS_4654_wanner_regulondb,4.5,9,1,CAGCTAATTAAAGCAGACGA,8,173913
TSS_4654_wanner_regulondb,6.0,12,1,CAGCCTATCCCGCATATGTC,11,148659
TSS_4654_wanner_regulondb,3.0,6,1,CACTTGAACAGTTTGATATT,5,168403
TSS_4654_wanner_regulondb,1.5,3,1,CACTCTTATTTCAGTTACAT,2,158768
TSS_4654_wanner_regulondb,11.0,22,1,CACAAGTGCAGGCCTAGGTA,21,162623
TSS_4654_wanner_regulondb,4.5,9,1,CAATGACGAGGATCGTTTAG,8,155523
TSS_4654_wanner_regulondb,7.0,14,1,CAATCGTCCAAGATCGCCTA,13,125957
TSS_4654_wanner_regulondb,1.0,2,1,CAAGTGCGGGGTAGATCCAG,1,136513
TSS_4654_wanner_regulondb,6.5,13,1,CAAAGGGAAGGCCCTATACC,12,135193
TSS_4654_wanner_regulondb,7.0,14,1,ATTTTGCGCACTTTCATGAT,13,132443
TSS_4654_wanner_regulondb,2.5,5,1,ATTTCAATACTTTTTCAATC,4,142889
TSS_4654_wanner_regulondb,11.0,22,1,ATTGGAACTATGTTCAAACT,21,130386
TSS_4654_wanner_regulondb,7.5,15,1,ATTGAGCTGTAGCAGAGCAT,14,147632
TSS_4654_wanner_regulondb,12.0,24,1,ATTCCAGCGCCGGGGGCCGT,23,125774
TSS_4654_wanner_regulondb,1.5,3,1,ATGTGCGGAAGGTTCCTGCA,2,139146
TSS_4654_wanner_regulondb,3.5,7,1,ATGTACTGACGGGATCGCTA,6,133382
TSS_4654_wanner_regulondb,14.5,29,1,ATGCGTGCATGAGTCTTTGT,28,146349
TSS_4654_wanner_regulondb,4.5,9,1,ATGCCCGAGATCGAACCATT,8,150274
TSS_4654_wanner_regulondb,8.0,16,1,ATGCCACGCGCCTTGAACCA,15,150767
TSS_4654_wanner_regulondb,12.5,25,1,ATGCCAACGGATACCGAGGC,24,127336
TSS_4654_wanner_regulondb,7.0,14,1,ATCGAGGGCCTCGCGGCTTT,13,157586
TSS_4654_wanner_regulondb,1.0,2,1,ATCAGGGGCTGCTAAAAAAT,1,158530
TSS_4654_wanner_regulondb,5.0,10,1,ATATTCGAACACTGTGGTTG,9,144224
TSS_4654_wanner_regulondb,6.0,12,1,ATAGCAGTACGGGCGAGAGG,11,166027
TSS_4654_wanner_regulondb,12.5,25,1,ATACGTCACCTCCGCGTCTA,24,141377
TSS_4654_wanner_regulondb,1.0,2,1,ATACCTCCGTCCAAGTTAGT,1,126466
TSS_4654_wanner_regulondb,3.0,6,1,ATAATCGTGTATCTCAGTGT,5,129761
TSS_4654_wanner_regulondb,2.0,4,1,AGGTTTAATCATGTCGCTAA,3,174634
TSS_4654_wanner_regulondb,1.0,2,1,AGGTACGTACTGTCCTGGTA,1,143755
TSS_4654_wanner_regulondb,1.0,2,1,AGGCTCGGATAATGCGGTAC,1,159504
TSS_4654_wanner_regulondb,2.5,5,1,AGACGGGGGTAGCACCGTGA,4,157984
TSS_4654_wanner_regulondb,1.5,3,1,ACTGTAGTACGTTTACGTGT,2,155628
TSS_4654_wanner_regulondb,10.5,21,1,ACTGCTAGCTTGATAGAATC,20,136756
TSS_4654_wanner_regulondb,3.5,7,1,ACTGACTGCGATTGTCTTAT,6,174120
TSS_4654_wanner_regulondb,8.5,17,1,ACTGACTCGGACCCCGAATG,16,156190
TSS_4654_wanner_regulondb,6.5,13,1,ACTACATGGAAGTCATATTC,12,155288
TSS_4654_wanner_regulondb,4.0,8,1,ACGCGCATGGAATGACGGCA,7,131914
TSS_4654_wanner_regulondb,1.5,3,1,ACGATGGTATGGTGTTGGGG,2,153444
TSS_4654_wanner_regulondb,7.0,14,1,ACGAGTAGGTAGGCTATTCG,13,159652
TSS_4654_wanner_regulondb,10.5,21,1,ACCTATGGTTATAGGCAAGC,20,163150
TSS_4654_wanner_regulondb,11.5,23,1,ACCCGGTTGAAGACAGGTCT,22,166397
TSS_4654_wanner_regulondb,9.0,18,1,ACCCCGCCCGGGCTAGAATG,17,142830
TSS_4654_wanner_regulondb,5.5,11,1,ACATCCTATGCGCTTGTTCT,10,144529
TSS_4654_wanner_regulondb,6.5,13,1,ACAGGTTAACTATTCGGCAT,12,138427
TSS_4654_wanner_regulondb,6.5,13,1,ACACGCAGTTGATAGATCTG,12,130590
TSS_4654_wanner_regulondb,10.0,20,1,AATCGTCTGGTCGTGACATT,19,135127
TSS_4654_wanner_regulondb,4.0,8,1,AATCCTGAGTAATAAGTCCA,7,156043
TSS_4654_wanner_regulondb,4.0,8,1,AAGTACGCTACTCCACAGGG,7,125872
TSS_4654_wanner_regulondb,12.5,25,1,AAGGCTACTGAATCCGCAGA,24,168098
TSS_4654_wanner_regulondb,2.0,4,1,AACTTATGCCTCGTAATAAG,3,129257
TSS_4654_wanner_regulondb,7.5,15,1,AACCAGGATCTGGACGAGAG,14,139474
TSS_4654_wanner_regulondb,1.0,2,1,AAATGGTACGAAATTTAGTT,1,172690
TSS_4654_wanner_regulondb,10.0,20,1,AAAGCAACTAATGGTGGCCT,19,149713
TSS_4654_wanner_regulondb,6.0,12,1,AAAATTAGCAATCACGCAAG,11,142059
TSS_4654_wanner_regulondb,0.08333333333333333,11,11,CGACGTTGAGTGGGCATCAG,0,129814
TSS_4654_wanner_regulondb,0.09090909090909091,10,10,GATGATGGGCGCACAGTCAT,0,130780
TSS_4654_wanner_regulondb,0.1,9,9,GGGCTGAACGGAGGGGAGGA,0,125956
TSS_4654_wanner_regulondb,0.1,9,9,GGATCACAGTGCACCAACAG,0,133759
TSS_4654_wanner_regulondb,0.1111111111111111,8,8,GCTTCCGCGGGACGTCAAGT,0,174472
TSS_4654_wanner_regulondb,0.1111111111111111,8,8,GCCTCTCGACCGGCGTCCGG,0,133732
TSS_4654_wanner_regulondb,0.1111111111111111,8,8,GAACCTGCCACAATATATTC,0,170277
TSS_4654_wanner_regulondb,0.1111111111111111,8,8,CTCAGTCTGAGGTCGTACTT,0,133212
TSS_4654_wanner_regulondb,0.1111111111111111,8,8,CCACTGGGTTGGAATGCATA,0,131155
TSS_4654_wanner_regulondb,0.1111111111111111,8,8,AGGTTCATTATCCCCGTGAG,0,127723
TSS_4654_wanner_regulondb,0.125,7,7,TTAATGTGGTGTGGGAGTAG,0,149941
TSS_4654_wanner_regulondb,0.125,7,7,TGAAACCAGAACTGGAAATC,0,159685
TSS_4654_wanner_regulondb,0.125,7,7,TCTGAGGAAAACACTCGGGT,0,143835
TSS_4654_wanner_regulondb,0.125,7,7,CCTCACGGATCTATGAGTAT,0,162359
TSS_4654_wanner_regulondb,0.125,7,7,ATTAGTTCCGAGCAATTGAA,0,154116
TSS_4654_wanner_regulondb,0.125,7,7,AACCCGATCGGTGCCCTGGA,0,138652
TSS_4654_wanner_regulondb,0.14285714285714285,6,6,TCTATAGGTCATCCATGACA,0,146221
TSS_4654_wanner_regulondb,0.14285714285714285,6,6,TCGTCGGAACAGTCGGACCA,0,157855
TSS_4654_wanner_regulondb,0.14285714285714285,6,6,TATGTCGAATGGGTATGTAC,0,130782
TSS_4654_wanner_regulondb,0.14285714285714285,6,6,GTTTACACCAGTGCGTGGTG,0,128367
TSS_4654_wanner_regulondb,0.14285714285714285,6,6,GTCATAAACCTCTCTGGATG,0,153979
TSS_4654_wanner_regulondb,0.14285714285714285,6,6,GCTTCCCGAGTATGAGCGTA,0,139447
TSS_4654_wanner_regulondb,0.14285714285714285,6,6,GCTTAGACGCGCCAATTGTA,0,160309
TSS_4654_wanner_regulondb,0.14285714285714285,6,6,CTTTGAGATCGAAGGAATGT,0,129947
TSS_4654_wanner_regulondb,0.14285714285714285,6,6,CCTCGCTTGTCTGGGGACAG,0,139724
TSS_4654_wanner_regulondb,0.14285714285714285,6,6,CCAAATGGTTCCGACGCTGC,0,148515
TSS_4654_wanner_regulondb,0.14285714285714285,6,6,CAGGTACGAAGGCTGTTCAT,0,127688
TSS_4654_wanner_regulondb,0.14285714285714285,6,6,CACTTGCCCATATTGCACCA,0,162454
TSS_4654_wanner_regulondb,0.14285714285714285,6,6,CACTACAAGGTTAACTTCCC,0,136292
TSS_4654_wanner_regulondb,0.14285714285714285,6,6,ATCAAGGATTTACCTAGTAC,0,167801
TSS_4654_wanner_regulondb,0.14285714285714285,6,6,AGTCACACTTGTCCGGGGCA,0,135949
TSS_4654_wanner_regulondb,0.14285714285714285,6,6,ACTTGCACGAAGTAATTAAA,0,137336
TSS_4654_wanner_regulondb,0.14285714285714285,6,6,ACTTCTTCACTAACGAGATG,0,147223
TSS_4654_wanner_regulondb,0.14285714285714285,6,6,AAGTCAATATATGCACGCCA,0,142539
TSS_4654_wanner_regulondb,0.16666666666666666,5,5,TTGTCGTTGGGAACATGGGT,0,153633
TSS_4654_wanner_regulondb,0.16666666666666666,5,5,TGTACACTCGACATCATTTG,0,134098
TSS_4654_wanner_regulondb,0.16666666666666666,5,5,TGCTCCGTACTTGCAGCCCA,0,139721
TSS_4654_wanner_regulondb,0.16666666666666666,5,5,TGCAGGCCTCGCAGTGGCTA,0,124915
TSS_4654_wanner_regulondb,0.16666666666666666,5,5,TGACCCCGGTTCTCAAAGCA,0,158418
TSS_4654_wanner_regulondb,0.16666666666666666,5,5,TCGTAGTCCCCAATGCTTGC,0,131377
TSS_4654_wanner_regulondb,0.16666666666666666,5,5,TCGTAACCTGAGCACAGAAC,0,170958
TSS_4654_wanner_regulondb,0.16666666666666666,5,5,TCGGTTACGGCATACCGGGT,0,148163
TSS_4654_wanner_regulondb,0.16666666666666666,5,5,TCAGCGCGATTTGACGGTTC,0,152547
TSS_4654_wanner_regulondb,0.16666666666666666,5,5,TAAATGCGACATTATCCCAA,0,165625
TSS_4654_wanner_regulondb,0.16666666666666666,5,5,GGATAGATTATTCAAACTTG,0,146725
TSS_4654_wanner_regulondb,0.16666666666666666,5,5,GCTGGCGACGTACGCATGGG,0,128368
TSS_4654_wanner_regulondb,0.16666666666666666,5,5,GCTCGAGAATAAATAGGGCT,0,150445
TSS_4654_wanner_regulondb,0.16666666666666666,5,5,GCGTGATCTGCAAAGTAGTG,0,148303
TSS_4654_wanner_regulondb,0.16666666666666666,5,5,GCGCTGACTAACTCGCTATG,0,144403
TSS_4654_wanner_regulondb,0.16666666666666666,5,5,GCAATTGGTCATGTGCGGTT,0,153152
TSS_4654_wanner_regulondb,0.16666666666666666,5,5,GAGGTGACTGCGAATTAGTT,0,160645
TSS_4654_wanner_regulondb,0.16666666666666666,5,5,GAGCATATACGCTTCTAAAT,0,159691
TSS_4654_wanner_regulondb,0.16666666666666666,5,5,CTTACCAATTGACAAGGCGT,0,172134
TSS_4654_wanner_regulondb,0.16666666666666666,5,5,CGCGGGTTGGACTTCTTATT,0,139606
TSS_4654_wanner_regulondb,0.16666666666666666,5,5,CGCCCACCATAAGCTACGGG,0,169039
TSS_4654_wanner_regulondb,0.16666666666666666,5,5,CGCCAGGCTTTGAGATACGA,0,141820
TSS_4654_wanner_regulondb,0.16666666666666666,5,5,CGAATACTAACCATCATCTC,0,125124
TSS_4654_wanner_regulondb,0.16666666666666666,5,5,CCTCTCACGTCTCGTCCAGG,0,170403
TSS_4654_wanner_regulondb,0.16666666666666666,5,5,CCATTAAATTGGCACGAGAA,0,154194
TSS_4654_wanner_regulondb,0.16666666666666666,5,5,CCAATGTGCCGAACTTCGTG,0,157162
TSS_4654_wanner_regulondb,0.16666666666666666,5,5,CATTCCGCATTTATACGCCT,0,163739
TSS_4654_wanner_regulondb,0.16666666666666666,5,5,CATGAAAGATGCCCTAAGGT,0,149299
TSS_4654_wanner_regulondb,0.16666666666666666,5,5,CACCTGGTAATGCGACAAGG,0,127529
TSS_4654_wanner_regulondb,0.16666666666666666,5,5,CACATTAGTTTGACTGGATA,0,174728
TSS_4654_wanner_regulondb,0.16666666666666666,5,5,ATCGCGGCGATACTCGCGAT,0,165389
TSS_4654_wanner_regulondb,0.16666666666666666,5,5,ATCGAAAGCGGACTCTGGCA,0,139019
TSS_4654_wanner_regulondb,0.16666666666666666,5,5,ATCCTGGGAATAAGTAGGTT,0,143597
TSS_4654_wanner_regulondb,0.16666666666666666,5,5,ATCCTCAATTAAACGGTAAG,0,168917
TSS_4654_wanner_regulondb,0.16666666666666666,5,5,ATCAACGCTGGCTACCCTAG,0,157525
TSS_4654_wanner_regulondb,0.16666666666666666,5,5,ATACTTCGGATCGCTTGCCT,0,155730
TSS_4654_wanner_regulondb,0.16666666666666666,5,5,AGTTGAACCTTAGAGTGATG,0,139175
TSS_4654_wanner_regulondb,0.16666666666666666,5,5,AGGAATTAAGTACGACTAGG,0,131856
TSS_4654_wanner_regulondb,0.16666666666666666,5,5,AGCTTCGCAACAGCTGCTGC,0,139015
TSS_4654_wanner_regulondb,0.16666666666666666,5,5,AGCTACACATGGCGCTCGGT,0,130475
TSS_4654_wanner_regulondb,0.16666666666666666,5,5,AGCGTGGGTCCGACACGCTA,0,144570
TSS_4654_wanner_regulondb,0.16666666666666666,5,5,ACGAATCTTCATGGCATTGT,0,139357
TSS_4654_wanner_regulondb,0.16666666666666666,5,5,ACCCTAAGGTGTAGTGGATA,0,143641
TSS_4654_wanner_regulondb,0.16666666666666666,5,5,AAGGACATACAGGATGCGAA,0,150924
TSS_4654_wanner_regulondb,0.16666666666666666,5,5,AACGCTACCAATCAAACATT,0,131639
TSS_4654_wanner_regulondb,0.16666666666666666,5,5,AACGCCGATGTTTTGGCTCT,0,137206
TSS_4654_wanner_regulondb,0.2,4,4,TTTGGATGAGTGAGGTAGAT,0,140723
TSS_4654_wanner_regulondb,0.2,4,4,TTGTAAACGGCCACACTCCA,0,170784
TSS_4654_wanner_regulondb,0.2,4,4,TTGGCTCCACTGCAAGGATT,0,127613
TSS_4654_wanner_regulondb,0.2,4,4,TTGGCCTGGTATGAAAGTAT,0,126590
TSS_4654_wanner_regulondb,0.2,4,4,TTGATGGCTGGCGTAGTGGT,0,148286
TSS_4654_wanner_regulondb,0.2,4,4,TTGAGGCCATTCCTGCACAT,0,154655
TSS_4654_wanner_regulondb,0.2,4,4,TTCCATTTTTGCGGCACTTC,0,156646
TSS_4654_wanner_regulondb,0.2,4,4,TTCCAACGCCCTCAGTTGTA,0,166994
TSS_4654_wanner_regulondb,0.2,4,4,TTACTGAGCGCAGAGATTAA,0,159759
TSS_4654_wanner_regulondb,0.2,4,4,TTACGGGAATAGTGTCAGGA,0,128747
TSS_4654_wanner_regulondb,0.2,4,4,TTAAGGGGAACAGCACTGCA,0,128344
TSS_4654_wanner_regulondb,0.2,4,4,TGTCAAAAAAACAATGTAGA,0,146276
TSS_4654_wanner_regulondb,0.2,4,4,TGTACGGTATAGATACAATG,0,160718
TSS_4654_wanner_regulondb,0.2,4,4,TGGTCCGGCCTGGTCCCGCG,0,138097
TSS_4654_wanner_regulondb,0.2,4,4,TGGGGGTCAGTTGGCCCGGA,0,151260
TSS_4654_wanner_regulondb,0.2,4,4,TGACTTAAAAAGCTCAGAGG,0,132466
TSS_4654_wanner_regulondb,0.2,4,4,TCTCTCAATCAAGCTATTGA,0,144359
TSS_4654_wanner_regulondb,0.2,4,4,TCTCCCTCGGGTTTTCAGAC,0,134674
TSS_4654_wanner_regulondb,0.2,4,4,TCGAGGGTTGTTCGTCGAGA,0,148216
TSS_4654_wanner_regulondb,0.2,4,4,TCCTGTGTTTTACACGCGAT,0,154666
TSS_4654_wanner_regulondb,0.2,4,4,TCCGTCGCAGGACGTCAAAA,0,136199
TSS_4654_wanner_regulondb,0.2,4,4,TCAGGGTAAGAGAAAAGGTT,0,125159
TSS_4654_wanner_regulondb,0.2,4,4,TCAGGGCCATTGAAGAAAAG,0,155136
TSS_4654_wanner_regulondb,0.2,4,4,TATGGGTAAGCTGTTCGTGT,0,174231
TSS_4654_wanner_regulondb,0.2,4,4,TAGGACCATCCAGTGGCGGC,0,126504
TSS_4654_wanner_regulondb,0.2,4,4,TACCCGTCCTGTGACCGTAG,0,157059
TSS_4654_wanner_regulondb,0.2,4,4,TACAGCCAACCCTGTCCCTA,0,142094
TSS_4654_wanner_regulondb,0.2,4,4,GTTTGGGGCAGTCCTACTGG,0,143152
TSS_4654_wanner_regulondb,0.2,4,4,GTTGTCCTCTTACGACTTAA,0,138157
TSS_4654_wanner_regulondb,0.2,4,4,GTTCCGTTAGAAGCTTCTTG,0,124958
TSS_4654_wanner_regulondb,0.2,4,4,GTGTTGCGAAGTTGCGTCTA,0,167634
TSS_4654_wanner_regulondb,0.2,4,4,GTGCTCATTCGGGCCTTTCA,0,132058
TSS_4654_wanner_regulondb,0.2,4,4,GTCGCTTCTAGACGATTACT,0,128777
TSS_4654_wanner_regulondb,0.2,4,4,GTCAATCGGTCAGCGGTGAA,0,162571
TSS_4654_wanner_regulondb,0.2,4,4,GTAACCCACGAACGTGTGGC,0,144601
TSS_4654_wanner_regulondb,0.2,4,4,GGTTTATTCTCGCTCGGCCA,0,128986
TSS_4654_wanner_regulondb,0.2,4,4,GGTTGTCCGAGCACAGATAA,0,143857
TSS_4654_wanner_regulondb,0.2,4,4,GGTCGTTATTTGAGAGGCTA,0,144838
TSS_4654_wanner_regulondb,0.2,4,4,GGTCGTCAAGGTCTAGGCTA,0,158997
TSS_4654_wanner_regulondb,0.2,4,4,GGCGAGGTGACGCATAGCGA,0,137922
TSS_4654_wanner_regulondb,0.2,4,4,GGATCATCTCGTAGCTGACA,0,136704
TSS_4654_wanner_regulondb,0.2,4,4,GGATAAGGGTCAATTGCGGT,0,137060
TSS_4654_wanner_regulondb,0.2,4,4,GGAATAAGCTGTAGTGCGGT,0,146005
TSS_4654_wanner_regulondb,0.2,4,4,GCTTCGGTTAGCCCATAAAA,0,125465
TSS_4654_wanner_regulondb,0.2,4,4,GCTTCAACATGGGCCGCGCC,0,138188
TSS_4654_wanner_regulondb,0.2,4,4,GCTAGAATCGTTTGCTACCT,0,145895
TSS_4654_wanner_regulondb,0.2,4,4,GCGTGCTGATTGTCCGGGGA,0,126779
TSS_4654_wanner_regulondb,0.2,4,4,GCGCGAGTAGGGTTTTAACC,0,173463
TSS_4654_wanner_regulondb,0.2,4,4,GCGCCTTTCGACTGCAGGAG,0,153496
TSS_4654_wanner_regulondb,0.2,4,4,GCCGAGGTACATGAGCCAGA,0,143296
TSS_4654_wanner_regulondb,0.2,4,4,GCCAACCGATGGGATTCAAT,0,140580
TSS_4654_wanner_regulondb,0.2,4,4,GATTCTTAAGCCTGCGGCGG,0,173531
TSS_4654_wanner_regulondb,0.2,4,4,GATATGTCTCTGACTTATAA,0,147027
TSS_4654_wanner_regulondb,0.2,4,4,GATAGTCCATAAGTCTTGCT,0,169096
TSS_4654_wanner_regulondb,0.2,4,4,GAGTTTTAGCCCCCTATCAC,0,138511
TSS_4654_wanner_regulondb,0.2,4,4,GAGCCTTATAATTCTGGTAG,0,130038
TSS_4654_wanner_regulondb,0.2,4,4,GACGACGAGGTTTTGTTTAG,0,170748
TSS_4654_wanner_regulondb,0.2,4,4,GACACTCTGAACTTGAAAAG,0,124924
TSS_4654_wanner_regulondb,0.2,4,4,GACACCGGAAGTCTGAAGGT,0,125425
TSS_4654_wanner_regulondb,0.2,4,4,GAATCTCGGTCTATCGAGGT,0,154366
TSS_4654_wanner_regulondb,0.2,4,4,GAAGAGGTATCATGCGTCCA,0,164426
TSS_4654_wanner_regulondb,0.2,4,4,GAAAAACATGGCAGTATTGT,0,143252
TSS_4654_wanner_regulondb,0.2,4,4,CTTGTAAGGATCAAACGCAT,0,144104
TSS_4654_wanner_regulondb,0.2,4,4,CTTGCCGGCCGAGCCGCCTA,0,138567
TSS_4654_wanner_regulondb,0.2,4,4,CTTCGAACGACTTCTGGTAT,0,166482
TSS_4654_wanner_regulondb,0.2,4,4,CTACCCTGGATGGATGTGGC,0,169540
TSS_4654_wanner_regulondb,0.2,4,4,CGTGTACGCAGTCTTAGTTT,0,145196
TSS_4654_wanner_regulondb,0.2,4,4,CGTGCACACATGCGTAATAT,0,125843
TSS_4654_wanner_regulondb,0.2,4,4,CGTGATATTCGAGTAGGGGT,0,143794
TSS_4654_wanner_regulondb,0.2,4,4,CGGTCCTGTGTTACATGGAT,0,147186
TSS_4654_wanner_regulondb,0.2,4,4,CGGTAAAGGCAGCCTTATAA,0,168343
TSS_4654_wanner_regulondb,0.2,4,4,CGGGTTCTGGACACCCACCG,0,137444
TSS_4654_wanner_regulondb,0.2,4,4,CGCGGACCCGAAAGCACCGG,0,128765
TSS_4654_wanner_regulondb,0.2,4,4,CGAGATGTAGAACTTAGAAT,0,150515
TSS_4654_wanner_regulondb,0.2,4,4,CGACTGATCACCTTGCTGTA,0,128738
TSS_4654_wanner_regulondb,0.2,4,4,CCTGGGCAAATTATTCGGTA,0,125554
TSS_4654_wanner_regulondb,0.2,4,4,CCTACCTAACAAAAGATACG,0,146214
TSS_4654_wanner_regulondb,0.2,4,4,CCCGGAAAGTAATCGTCGGT,0,128295
TSS_4654_wanner_regulondb,0.2,4,4,CCAAGGCGGTTTTTCCGGCC,0,166101
TSS_4654_wanner_regulondb,0.2,4,4,CCAAAGCTGCTCGCTTGCTA,0,138586
TSS_4654_wanner_regulondb,0.2,4,4,CATTACTCTGGCTCATCCCC,0,126090
TSS_4654_wanner_regulondb,0.2,4,4,CATAATGGTGAACCGAGGGA,0,168193
TSS_4654_wanner_regulondb,0.2,4,4,CACTTAATTCCGGGTGTGGA,0,140017
TSS_4654_wanner_regulondb,0.2,4,4,CACGTCTTCGTTAAGACGCA,0,152776
TSS_4654_wanner_regulondb,0.2,4,4,CACAGTTTTCGGGAAGCTTG,0,158621
TSS_4654_wanner_regulondb,0.2,4,4,CAAGGTGGGCAAACGCATGT,0,128753
TSS_4654_wanner_regulondb,0.2,4,4,ATTTCGGCCCGATGGCGCCT,0,147365
TSS_4654_wanner_regulondb,0.2,4,4,ATTGATTGGGCGCAGCACCT,0,142253
TSS_4654_wanner_regulondb,0.2,4,4,ATGCTACGACTCTCTGTGTT,0,165724
TSS_4654_wanner_regulondb,0.2,4,4,ATGATGAAAGGGCATAGAAA,0,162766
TSS_4654_wanner_regulondb,0.2,4,4,ATGAGACTCCCCGTGCCTGA,0,124985
TSS_4654_wanner_regulondb,0.2,4,4,ATGAATAGTGGCGCACGTCT,0,148744
TSS_4654_wanner_regulondb,0.2,4,4,ATATGGTCAACCTTGAGATA,0,161065
TSS_4654_wanner_regulondb,0.2,4,4,ATAGAGGCCGTTCGTACGAG,0,156147
TSS_4654_wanner_regulondb,0.2,4,4,AGTGTGGGTGGCAGGTTCAG,0,172762
TSS_4654_wanner_regulondb,0.2,4,4,AGTCGTTGTCAACTACATAT,0,126813
TSS_4654_wanner_regulondb,0.2,4,4,AGTAAATTGGCTGCGAAATC,0,127837
TSS_4654_wanner_regulondb,0.2,4,4,AGAACCTTGCCAACCATTCA,0,146234
TSS_4654_wanner_regulondb,0.2,4,4,ACTTGTCTCTATAGCCAGCT,0,128252
TSS_4654_wanner_regulondb,0.2,4,4,ACGGTGCAGCAACTTGTTTC,0,162081
TSS_4654_wanner_regulondb,0.2,4,4,ACCTTTCAGGAAGAGGTGTG,0,158927
TSS_4654_wanner_regulondb,0.2,4,4,ACCTGTACGTTGGTGGATGT,0,136691
TSS_4654_wanner_regulondb,0.2,4,4,ACCTCCTTAAATTGTGCGGT,0,160983
TSS_4654_wanner_regulondb,0.2,4,4,ACCGTAAAACGACATATACA,0,164096
TSS_4654_wanner_regulondb,0.2,4,4,ACCGCTAACAGTAGTAGTTG,0,140952
TSS_4654_wanner_regulondb,0.2,4,4,ACAAGGGCGTACTTTCCTAA,0,140479
TSS_4654_wanner_regulondb,0.2,4,4,AATGCGCTGTCGAAATAATA,0,138456
TSS_4654_wanner_regulondb,0.2,4,4,AATCATCGCGTACTCATGTT,0,165392
TSS_4654_wanner_regulondb,0.2,4,4,AATCAGTGCCGGCATATCAT,0,127868
TSS_4654_wanner_regulondb,0.2,4,4,AAGTTTTTGGGACCTCGCTA,0,138897
TSS_4654_wanner_regulondb,0.2,4,4,AAGTTTACGTTTCCGCGGAG,0,140593
TSS_4654_wanner_regulondb,0.2,4,4,AAGGACACCTCGCGGGATAA,0,173798
TSS_4654_wanner_regulondb,0.2,4,4,AACTTTTTCACTTTGAGAGG,0,128073
TSS_4654_wanner_regulondb,0.2,4,4,AACTCTCACTAAAACGGGAT,0,152836
TSS_4654_wanner_regulondb,0.2,4,4,AACGGTATGAGAACATAATA,0,166031
TSS_4654_wanner_regulondb,0.2,4,4,AACGAGCACCCTTCATAGGT,0,131647
TSS_4654_wanner_regulondb,0.2,4,4,AACCGAGTTGGGTATAGATC,0,133888
TSS_4654_wanner_regulondb,0.2,4,4,AACCATCGGCAATCGGTGAA,0,156412
TSS_4654_wanner_regulondb,0.2,4,4,AAATGAGACTGCTATGGGAC,0,133917
TSS_4654_wanner_regulondb,0.2,4,4,AAAAGCGATTTACACGGACC,0,130119
TSS_4654_wanner_regulondb,0.25,3,3,TTTGATCAGCAGTACCGAAG,0,171437
TSS_4654_wanner_regulondb,0.25,3,3,TTTCTGTCTCGGTTCAAGGC,0,169253
TSS_4654_wanner_regulondb,0.25,3,3,TTTCGCGATCGTTTCGTGGG,0,128739
TSS_4654_wanner_regulondb,0.25,3,3,TTTACTGATGAAATGTAATA,0,144954
TSS_4654_wanner_regulondb,0.25,3,3,TTGTTTCCTACCAGCATCGT,0,160864
TSS_4654_wanner_regulondb,0.25,3,3,TTGGAAACTCAATGTTTTTT,0,141208
TSS_4654_wanner_regulondb,0.25,3,3,TTGGAAAATCAATTGGATGT,0,144176
TSS_4654_wanner_regulondb,0.25,3,3,TTGCTTAAACTTTTCCTTGA,0,141575
TSS_4654_wanner_regulondb,0.25,3,3,TTCTGCAAAGACGGCGTTTT,0,128493
TSS_4654_wanner_regulondb,0.25,3,3,TTCTCGAATGTTCTCACAGG,0,160876
TSS_4654_wanner_regulondb,0.25,3,3,TTCGGGGTATCCCCACATAA,0,128270
TSS_4654_wanner_regulondb,0.25,3,3,TTCCGAAACAATCCCGGGTT,0,138669
TSS_4654_wanner_regulondb,0.25,3,3,TTATTGAAGGCGACTCAACC,0,168649
TSS_4654_wanner_regulondb,0.25,3,3,TTATTCAGCGATATCCCCCA,0,137210
TSS_4654_wanner_regulondb,0.25,3,3,TTATGTACTTATAGCAAAGC,0,129983
TSS_4654_wanner_regulondb,0.25,3,3,TTAGGCCCACGGCTTTATCT,0,126123
TSS_4654_wanner_regulondb,0.25,3,3,TTAGCTAGGAATCATGTGTC,0,137207
TSS_4654_wanner_regulondb,0.25,3,3,TTACCAGAGTTAGTGATCTG,0,136882
TSS_4654_wanner_regulondb,0.25,3,3,TTAAGTCAGTACGTACACGT,0,147063
TSS_4654_wanner_regulondb,0.25,3,3,TGTCATATCTGGTTAACCCT,0,173138
TSS_4654_wanner_regulondb,0.25,3,3,TGTAACCGGGTCAATCTTTA,0,128306
TSS_4654_wanner_regulondb,0.25,3,3,TGGGATATACACCCCTCGCA,0,150241
TSS_4654_wanner_regulondb,0.25,3,3,TGGCGATACTGGCGGCGGCA,0,160528
TSS_4654_wanner_regulondb,0.25,3,3,TGGACGAGCCAGACTTACCG,0,156352
TSS_4654_wanner_regulondb,0.25,3,3,TGCCCGAAGTATTCCAGAGT,0,140985
TSS_4654_wanner_regulondb,0.25,3,3,TGCCAGTGGTTGGCTACTGT,0,170601
TSS_4654_wanner_regulondb,0.25,3,3,TGCAGGACGCCATCCTCCCT,0,150510
TSS_4654_wanner_regulondb,0.25,3,3,TGCAATCCATAGAGGATCCG,0,130471
TSS_4654_wanner_regulondb,0.25,3,3,TGATCATGGTTTCCGGTCCA,0,130540
TSS_4654_wanner_regulondb,0.25,3,3,TGATATAGGCTTTCTAGCCT,0,164544
TSS_4654_wanner_regulondb,0.25,3,3,TGAGGTTTATGATGACGTCA,0,162880
TSS_4654_wanner_regulondb,0.25,3,3,TGAGCGGAGCAACCGAACTT,0,148738
TSS_4654_wanner_regulondb,0.25,3,3,TGAGATGCAGTCAACACGCA,0,148841
TSS_4654_wanner_regulondb,0.25,3,3,TGACAAGAGCGAGCGTATCT,0,125109
TSS_4654_wanner_regulondb,0.25,3,3,TGAATCTAACGGTGCTAGAA,0,148663
TSS_4654_wanner_regulondb,0.25,3,3,TCTTTGATGCCCCACCTATT,0,127870
TSS_4654_wanner_regulondb,0.25,3,3,TCTGCTGCGGCCACGGGTCG,0,154571
TSS_4654_wanner_regulondb,0.25,3,3,TCTGACATGTAACACAGTGT,0,146930
TSS_4654_wanner_regulondb,0.25,3,3,TCTCTTACGAAATCTGCTGG,0,129919
TSS_4654_wanner_regulondb,0.25,3,3,TCTCGCGCAACGCAACCGAA,0,137115
TSS_4654_wanner_regulondb,0.25,3,3,TCTCAAATAGCTCGTCCATG,0,167195
TSS_4654_wanner_regulondb,0.25,3,3,TCTATCCGTTCGCTACCTCG,0,142051
TSS_4654_wanner_regulondb,0.25,3,3,TCTAGGTCGGGCGTATAATA,0,141433
TSS_4654_wanner_regulondb,0.25,3,3,TCGTCAAGGTCCCCTACTTA,0,135441
TSS_4654_wanner_regulondb,0.25,3,3,TCGGCCATGCTAAGCCTCCA,0,140657
TSS_4654_wanner_regulondb,0.25,3,3,TCGCAATATCAGTGCACATG,0,166714
TSS_4654_wanner_regulondb,0.25,3,3,TCGAGGCACCTGGATCAGTC,0,125073
TSS_4654_wanner_regulondb,0.25,3,3,TCGAATACTGATCAGAAATT,0,130644
TSS_4654_wanner_regulondb,0.25,3,3,TCCTATCGGATTGCGTAGGT,0,165556
TSS_4654_wanner_regulondb,0.25,3,3,TCCTAGGACAAGGGTCTTAG,0,163921
TSS_4654_wanner_regulondb,0.25,3,3,TCCTACCGTCAGGTTAAACA,0,162376
TSS_4654_wanner_regulondb,0.25,3,3,TCCTACACAAAACGTACCAA,0,174627
TSS_4654_wanner_regulondb,0.25,3,3,TCCGTCAATATGTTTTTATA,0,126991
TSS_4654_wanner_regulondb,0.25,3,3,TCCGGGCTATTCGTATAATG,0,129219
TSS_4654_wanner_regulondb,0.25,3,3,TCCACGCGTAAGGATCGCTT,0,157680
TSS_4654_wanner_regulondb,0.25,3,3,TCCAAGTGAAGGAGGATAAT,0,144798
TSS_4654_wanner_regulondb,0.25,3,3,TCATTAGGCTTTCGTGTCAG,0,173703
TSS_4654_wanner_regulondb,0.25,3,3,TCAGTGTTACCCCCTTGGTG,0,152692
TSS_4654_wanner_regulondb,0.25,3,3,TCAGCAGAGGATCATGTCCT,0,148352
TSS_4654_wanner_regulondb,0.25,3,3,TCAAGTGGGCTTAACAGTAG,0,137131
TSS_4654_wanner_regulondb,0.25,3,3,TCAAGCACTTTACTTCTACA,0,148323
TSS_4654_wanner_regulondb,0.25,3,3,TATGCGTAAGTCAATACACT,0,158269
TSS_4654_wanner_regulondb,0.25,3,3,TATCAGTTCCCCAGTTCTTG,0,140087
TSS_4654_wanner_regulondb,0.25,3,3,TATATCTGCGTCCGGCCTCA,0,156204
TSS_4654_wanner_regulondb,0.25,3,3,TATAATTACTTAGGAGCTCT,0,128487
TSS_4654_wanner_regulondb,0.25,3,3,TAGGCTGACCGCTGACCGAA,0,151148
TSS_4654_wanner_regulondb,0.25,3,3,TAGGCGTGCTAACGATGACT,0,146457
TSS_4654_wanner_regulondb,0.25,3,3,TAGGATTCGGGTGATGCTTG,0,148030
TSS_4654_wanner_regulondb,0.25,3,3,TAGCCAGCGAAGTATCGTAG,0,140710
TSS_4654_wanner_regulondb,0.25,3,3,TAGCACGCCTAGAGTATGGT,0,137498
TSS_4654_wanner_regulondb,0.25,3,3,TACATGTGTGATGTCTTGAG,0,135156
TSS_4654_wanner_regulondb,0.25,3,3,TACACGTTGTCATATGTTGG,0,134249
TSS_4654_wanner_regulondb,0.25,3,3,TACACCCGAATAGCTTTTCT,0,167747
TSS_4654_wanner_regulondb,0.25,3,3,TAATCCGAAATAAAGCCAGA,0,136237
TSS_4654_wanner_regulondb,0.25,3,3,TAATCAAACCCGATTTAGGG,0,162035
TSS_4654_wanner_regulondb,0.25,3,3,TAACGTGGATAAATTAGCAT,0,155866
TSS_4654_wanner_regulondb,0.25,3,3,TAACGCCATGTTGAAGGCAT,0,126593
TSS_4654_wanner_regulondb,0.25,3,3,TAACCTATGACTCCTGCATA,0,161183
TSS_4654_wanner_regulondb,0.25,3,3,TAAACTGCGACAATATAGGC,0,126911
TSS_4654_wanner_regulondb,0.25,3,3,GTTTGTGTCGCGGGTCGGGG,0,151251
TSS_4654_wanner_regulondb,0.25,3,3,GTTTCAAATGGAATCAAGGG,0,125868
TSS_4654_wanner_regulondb,0.25,3,3,GTTGTCGGGGTGACGTTTCA,0,167840
TSS_4654_wanner_regulondb,0.25,3,3,GTTCCCCTTGCTGCCTTGTG,0,135091
TSS_4654_wanner_regulondb,0.25,3,3,GTTACATTTAACGATCTTTT,0,137588
TSS_4654_wanner_regulondb,0.25,3,3,GTGCACTCGATCGGACAGAT,0,154473
TSS_4654_wanner_regulondb,0.25,3,3,GTGATGGGGATAGTACTCGA,0,156033
TSS_4654_wanner_regulondb,0.25,3,3,GTGAGATGCGATTGCGATGA,0,163873
TSS_4654_wanner_regulondb,0.25,3,3,GTCTCTATTAAGGAGGAGAA,0,143636
TSS_4654_wanner_regulondb,0.25,3,3,GTCGCAAAGCCTCAGACTCT,0,141905
TSS_4654_wanner_regulondb,0.25,3,3,GTCATTGCAACGTTTAACTT,0,154149
TSS_4654_wanner_regulondb,0.25,3,3,GTCAACGGTGTCGGGCTTTT,0,160790
TSS_4654_wanner_regulondb,0.25,3,3,GTAGAACAGTTCCTTCACAT,0,126930
TSS_4654_wanner_regulondb,0.25,3,3,GTACACTCACCGTGCCTTCG,0,135066
TSS_4654_wanner_regulondb,0.25,3,3,GTACAAACGGGTTTGTACCC,0,138798
TSS_4654_wanner_regulondb,0.25,3,3,GGTTTTTCTACCACTCGATG,0,126425
TSS_4654_wanner_regulondb,0.25,3,3,GGTGGACCGATCTTGAGCCA,0,160191
TSS_4654_wanner_regulondb,0.25,3,3,GGTAGAAACCAGGATTAAAC,0,138528
TSS_4654_wanner_regulondb,0.25,3,3,GGTACCCACGCAGAGCCATT,0,162042
TSS_4654_wanner_regulondb,0.25,3,3,GGGTGGTAGGCAATGGTGCA,0,164307
TSS_4654_wanner_regulondb,0.25,3,3,GGGGTGGACTAGCAGCGGCC,0,149762
TSS_4654_wanner_regulondb,0.25,3,3,GGGGTAAGGCGGTGCGAGAA,0,127850
TSS_4654_wanner_regulondb,0.25,3,3,GGGGCGAGAACTAATCAGAC,0,172324
TSS_4654_wanner_regulondb,0.25,3,3,GGGGACACCTCTTTCAACTA,0,159383
TSS_4654_wanner_regulondb,0.25,3,3,GGGCTCAGTGTTTCCATAGT,0,170042
TSS_4654_wanner_regulondb,0.25,3,3,GGGATGAAACTCCATCGTGT,0,150280
TSS_4654_wanner_regulondb,0.25,3,3,GGGATCCGATCAAGTCGCCA,0,138968
TSS_4654_wanner_regulondb,0.25,3,3,GGCGTTAAGGCCGTGGCGGT,0,136630
TSS_4654_wanner_regulondb,0.25,3,3,GGCATCATCACCCCCCACCT,0,166177
TSS_4654_wanner_regulondb,0.25,3,3,GGAGGGTTACTTCAGACAAT,0,144205
TSS_4654_wanner_regulondb,0.25,3,3,GGACTTAACTCGCATGCTCA,0,127380
TSS_4654_wanner_regulondb,0.25,3,3,GGACGTCCGGGCTCAAGGGT,0,134532
TSS_4654_wanner_regulondb,0.25,3,3,GGAATGATCCAGTGACGTAC,0,169682
TSS_4654_wanner_regulondb,0.25,3,3,GGAACTTGCCTACAGCCATA,0,147720
TSS_4654_wanner_regulondb,0.25,3,3,GGAACGGAGCTGGTATTCTA,0,137556
TSS_4654_wanner_regulondb,0.25,3,3,GCTGTGGGTCTCTAGATATA,0,135722
TSS_4654_wanner_regulondb,0.25,3,3,GCTGAGTCGCTGCGGAATGT,0,170367
TSS_4654_wanner_regulondb,0.25,3,3,GCTACGCTTAACCTCAGATA,0,148271
TSS_4654_wanner_regulondb,0.25,3,3,GCTAACGCAATGACTTGAAT,0,138041
TSS_4654_wanner_regulondb,0.25,3,3,GCGTCAGAACAATTTACGGG,0,150799
TSS_4654_wanner_regulondb,0.25,3,3,GCGGGGTGCTAATGCTCATA,0,161030
TSS_4654_wanner_regulondb,0.25,3,3,GCGCACTGTGTGTAACATAT,0,158381
TSS_4654_wanner_regulondb,0.25,3,3,GCGAATGCGTCGGAGTTCGT,0,147126
TSS_4654_wanner_regulondb,0.25,3,3,GCGAAGACTAGAGGTAATAA,0,136492
TSS_4654_wanner_regulondb,0.25,3,3,GCCTTAGACGAAGCAGTTAG,0,139310
TSS_4654_wanner_regulondb,0.25,3,3,GCATCCGAACTGCTTTCACG,0,169532
TSS_4654_wanner_regulondb,0.25,3,3,GCAGTCGCTATTGATCACCA,0,155790
TSS_4654_wanner_regulondb,0.25,3,3,GCAGTAAGAGGCAGTCATCT,0,151159
TSS_4654_wanner_regulondb,0.25,3,3,GCAAGTGTTGTTACTGGGAA,0,152467
TSS_4654_wanner_regulondb,0.25,3,3,GCAACAAGAAAGGCTGTTAT,0,130279
TSS_4654_wanner_regulondb,0.25,3,3,GATTTAATGAATATGTGCTT,0,164365
TSS_4654_wanner_regulondb,0.25,3,3,GATACATCTTTTTCAACATT,0,161377
TSS_4654_wanner_regulondb,0.25,3,3,GATACACAATCAATGACCCG,0,133349
TSS_4654_wanner_regulondb,0.25,3,3,GATAATCGGCCCGACGTTCG,0,150125
TSS_4654_wanner_regulondb,0.25,3,3,GAGTGGGGTCTCTTATCGTT,0,152978
TSS_4654_wanner_regulondb,0.25,3,3,GAGCCCGGATAGGATGTTTA,0,153834
TSS_4654_wanner_regulondb,0.25,3,3,GACTGTCATTTAACGAACAA,0,125146
TSS_4654_wanner_regulondb,0.25,3,3,GACGTCTATAATAGGAACGT,0,138426
TSS_4654_wanner_regulondb,0.25,3,3,GACGGGCGCCGTTCATTCCT,0,148569
TSS_4654_wanner_regulondb,0.25,3,3,GACGGATTCGTTGATGGACC,0,155123
TSS_4654_wanner_regulondb,0.25,3,3,GACGCTTAACAATATATCGT,0,162377
TSS_4654_wanner_regulondb,0.25,3,3,GACGAGCAGGGGGCGTTTGG,0,160733
TSS_4654_wanner_regulondb,0.25,3,3,GACCGAGTCGGTCCTGATCA,0,162661
TSS_4654_wanner_regulondb,0.25,3,3,GACATAACCACGACCCTGGA,0,136432
TSS_4654_wanner_regulondb,0.25,3,3,GAAAGCCCACGCGACAATAT,0,144177
TSS_4654_wanner_regulondb,0.25,3,3,CTTTAGGCCACGACCACGTT,0,155099
TSS_4654_wanner_regulondb,0.25,3,3,CTTCTCACACAGAATCTAGA,0,141298
TSS_4654_wanner_regulondb,0.25,3,3,CTTCGCGTGAAAGGCTGCAG,0,143936
TSS_4654_wanner_regulondb,0.25,3,3,CTTCCCGAGGTCCTTTAGAT,0,158278
TSS_4654_wanner_regulondb,0.25,3,3,CTGTTAGGTATGTATCACTG,0,128152
TSS_4654_wanner_regulondb,0.25,3,3,CTGTGGAGTGCACGGTGATA,0,147514
TSS_4654_wanner_regulondb,0.25,3,3,CTGTGGAGCATTGTCCTTAT,0,136915
TSS_4654_wanner_regulondb,0.25,3,3,CTGGCCTACCACGACACAGC,0,169012
TSS_4654_wanner_regulondb,0.25,3,3,CTGGATCCGCCACTTCGAGT,0,141330
TSS_4654_wanner_regulondb,0.25,3,3,CTGCTTAGCACATTTGCAGA,0,160899
TSS_4654_wanner_regulondb,0.25,3,3,CTGAAAAAATGCGTGGAGCA,0,165173
TSS_4654_wanner_regulondb,0.25,3,3,CTCCTTGTACAGAGTACTGG,0,131577
TSS_4654_wanner_regulondb,0.25,3,3,CTCCCGTCCGTAAGTCGTAG,0,159003
TSS_4654_wanner_regulondb,0.25,3,3,CTCAAAGCTTACCGTTAGTT,0,142708
TSS_4654_wanner_regulondb,0.25,3,3,CTAGTGCGCTGACTACCTTT,0,136455
TSS_4654_wanner_regulondb,0.25,3,3,CTAGTATGGTCATGATACGT,0,129179
TSS_4654_wanner_regulondb,0.25,3,3,CTAGAGTGGGCGGGTGGGCA,0,137585
TSS_4654_wanner_regulondb,0.25,3,3,CTACCCATCTGCGCGGAGGA,0,132469
TSS_4654_wanner_regulondb,0.25,3,3,CTAAAACTGCTTCACCTACG,0,152921
TSS_4654_wanner_regulondb,0.25,3,3,CGTTAAAGACGCCTGCCGGA,0,169650
TSS_4654_wanner_regulondb,0.25,3,3,CGTGGTGGGCCATTAGCGTA,0,166437
TSS_4654_wanner_regulondb,0.25,3,3,CGTGCAGGACTTGCGAAATA,0,162907
TSS_4654_wanner_regulondb,0.25,3,3,CGTCCCGGGACTCACAAGGT,0,136625
TSS_4654_wanner_regulondb,0.25,3,3,CGTATCAACTTGCACCATGT,0,130037
TSS_4654_wanner_regulondb,0.25,3,3,CGTACGAACTACTACGGCTA,0,140788
TSS_4654_wanner_regulondb,0.25,3,3,CGGTTATCTTAAACGCTTTA,0,159535
TSS_4654_wanner_regulondb,0.25,3,3,CGGAGTTTGCTCATCTGAAC,0,164975
TSS_4654_wanner_regulondb,0.25,3,3,CGCTTAAAGCTAATTACGCA,0,142692
TSS_4654_wanner_regulondb,0.25,3,3,CGCCTGAAACAAAATCTATG,0,167358
TSS_4654_wanner_regulondb,0.25,3,3,CGCCGAAGCGATGTCAGGCA,0,136738
TSS_4654_wanner_regulondb,0.25,3,3,CGCATGATGGTATCTTTCTA,0,124954
TSS_4654_wanner_regulondb,0.25,3,3,CGCAAGGATCGATATTTTTT,0,150181
TSS_4654_wanner_regulondb,0.25,3,3,CGAGATCGCGACCCATCCTA,0,158019
TSS_4654_wanner_regulondb,0.25,3,3,CGACAAATGCCGCGTATCTC,0,158384
TSS_4654_wanner_regulondb,0.25,3,3,CCTTGCTACAGGTCTAGTCA,0,142718
TSS_4654_wanner_regulondb,0.25,3,3,CCTGGATTGGAGCCATCCAG,0,166963
TSS_4654_wanner_regulondb,0.25,3,3,CCTGATTAGCTGCTAAAGGT,0,134252
TSS_4654_wanner_regulondb,0.25,3,3,CCTCGGTGGTAGCCTTATCA,0,155971
TSS_4654_wanner_regulondb,0.25,3,3,CCTCGAATTGTAAAAGTCAA,0,152817
TSS_4654_wanner_regulondb,0.25,3,3,CCTCCAAACGTTTAAGCGTG,0,127875
TSS_4654_wanner_regulondb,0.25,3,3,CCTAGATCGACTATCCCACG,0,136698
TSS_4654_wanner_regulondb,0.25,3,3,CCGGGAGAAGCTTTAAACGA,0,135980
TSS_4654_wanner_regulondb,0.25,3,3,CCGCTTTTGGAAAATTTATG,0,131287
TSS_4654_wanner_regulondb,0.25,3,3,CCGATTGCCTCCTTGCTTGC,0,172484
TSS_4654_wanner_regulondb,0.25,3,3,CCGAGTCGAGGGACAATCTG,0,143112
TSS_4654_wanner_regulondb,0.25,3,3,CCCTGTCTCCGTCGCCAAAG,0,127042
TSS_4654_wanner_regulondb,0.25,3,3,CCCTCCATGGGCATTGGATT,0,148077
TSS_4654_wanner_regulondb,0.25,3,3,CCCTAGATTGCACACAAGCG,0,134495
TSS_4654_wanner_regulondb,0.25,3,3,CCCCAGCGTCGCAATGACGA,0,125195
TSS_4654_wanner_regulondb,0.25,3,3,CCCACGACGAGAAACGGTAA,0,154406
TSS_4654_wanner_regulondb,0.25,3,3,CCATTCTGGTGCTCCCTATA,0,172449
TSS_4654_wanner_regulondb,0.25,3,3,CATTTCCGCACTGGACACTG,0,164712
TSS_4654_wanner_regulondb,0.25,3,3,CATCAGGAGCTTGGACACAA,0,166256
TSS_4654_wanner_regulondb,0.25,3,3,CATATGTCGGGACCCACAGA,0,160087
TSS_4654_wanner_regulondb,0.25,3,3,CATACGACGTAGATGTCATA,0,151956
TSS_4654_wanner_regulondb,0.25,3,3,CATAAGTTTCGGCGGGGGAC,0,132513
TSS_4654_wanner_regulondb,0.25,3,3,CAGACGCACCTTTTTCAATT,0,145415
TSS_4654_wanner_regulondb,0.25,3,3,CACTTACTCCGCTAGACTCC,0,173248
TSS_4654_wanner_regulondb,0.25,3,3,CACTCCCACACGTTATCGGT,0,155965
TSS_4654_wanner_regulondb,0.25,3,3,CACATACCTGTGGGGTGGAC,0,129963
TSS_4654_wanner_regulondb,0.25,3,3,CAATACGACGCCATTTTATT,0,164425
TSS_4654_wanner_regulondb,0.25,3,3,CAACTGAGGGTATAAAGTGG,0,135395
TSS_4654_wanner_regulondb,0.25,3,3,CAACGGCGTTCCTCGCAAGA,0,155502
TSS_4654_wanner_regulondb,0.25,3,3,CAACCTACATCATCGGGAAG,0,129786
TSS_4654_wanner_regulondb,0.25,3,3,CAAATTGCTGACCTAGTTTA,0,145376
TSS_4654_wanner_regulondb,0.25,3,3,CAAAGGTAAGTCTCTCAACT,0,160581
TSS_4654_wanner_regulondb,0.25,3,3,CAAAGGGTTACCGGGGGGTA,0,154843
TSS_4654_wanner_regulondb,0.25,3,3,CAAACTAGCGATTGCAGTCT,0,136293
TSS_4654_wanner_regulondb,0.25,3,3,ATTTTTTAGACTTCGGGCGA,0,136611
TSS_4654_wanner_regulondb,0.25,3,3,ATTTAATCTATCTAGCGATT,0,152685
TSS_4654_wanner_regulondb,0.25,3,3,ATTGGCGACTATTTGGGGGG,0,135549
TSS_4654_wanner_regulondb,0.25,3,3,ATTGCGTGGACGCATGCGCA,0,130123
TSS_4654_wanner_regulondb,0.25,3,3,ATTGCCCCGGGAACCCGAGC,0,150832
TSS_4654_wanner_regulondb,0.25,3,3,ATTCTCGGTAGGGTGCCATT,0,143839
TSS_4654_wanner_regulondb,0.25,3,3,ATTCGAGACGGTGCTCGCGA,0,128589
TSS_4654_wanner_regulondb,0.25,3,3,ATTCAGGGCCTAAGATATTT,0,169351
TSS_4654_wanner_regulondb,0.25,3,3,ATTAGAGACTGCGCTTATTG,0,158797
TSS_4654_wanner_regulondb,0.25,3,3,ATGTTTTAAATACACACCTG,0,172607
TSS_4654_wanner_regulondb,0.25,3,3,ATGTGCATTGCACTCGGGTA,0,158952
TSS_4654_wanner_regulondb,0.25,3,3,ATGGGGCTCATATTGGAAAT,0,136229
TSS_4654_wanner_regulondb,0.25,3,3,ATGGGGAAACTAAACATGTG,0,162123
TSS_4654_wanner_regulondb,0.25,3,3,ATGGCTCCGTTCGACAGGTA,0,151486
TSS_4654_wanner_regulondb,0.25,3,3,ATGCTTCCAGATCTTCAGAC,0,169077
TSS_4654_wanner_regulondb,0.25,3,3,ATGATGGTTAGGAAAACATG,0,139679
TSS_4654_wanner_regulondb,0.25,3,3,ATGAATTATGGCCTGTGGTA,0,155989
TSS_4654_wanner_regulondb,0.25,3,3,ATCGTTCTTATGACAGTAAC,0,155068
TSS_4654_wanner_regulondb,0.25,3,3,ATCGAGGAGGCGGCTGTTAA,0,168707
TSS_4654_wanner_regulondb,0.25,3,3,ATCGAGCTAAAAACTGTTGG,0,149580
TSS_4654_wanner_regulondb,0.25,3,3,ATCCACAATAAGATACCGTA,0,148287
TSS_4654_wanner_regulondb,0.25,3,3,ATCAGTCATCTATATGCCAG,0,130821
TSS_4654_wanner_regulondb,0.25,3,3,ATCAACGCAGTCGGCAAAAT,0,155815
TSS_4654_wanner_regulondb,0.25,3,3,ATATGCTTTTCGAATTACAA,0,129993
TSS_4654_wanner_regulondb,0.25,3,3,ATAGGTAGAGGTGGATTGTA,0,140619
TSS_4654_wanner_regulondb,0.25,3,3,ATACATGCGCATGGTGGCGG,0,148189
TSS_4654_wanner_regulondb,0.25,3,3,AGTTCGCCCCAAGCTGCATC,0,131700
TSS_4654_wanner_regulondb,0.25,3,3,AGTTATAATACGGGGACGAT,0,150625
TSS_4654_wanner_regulondb,0.25,3,3,AGTGGACGCAATGAGTCTTC,0,173714
TSS_4654_wanner_regulondb,0.25,3,3,AGGTGGTCGGACACGTCCAA,0,125502
TSS_4654_wanner_regulondb,0.25,3,3,AGGGTCACAACCCCTATAAG,0,133701
TSS_4654_wanner_regulondb,0.25,3,3,AGGATGACCGGAACCTCCGC,0,149793
TSS_4654_wanner_regulondb,0.25,3,3,AGGACTGGTATACAGGTGCG,0,139301
TSS_4654_wanner_regulondb,0.25,3,3,AGGAACGCTAGCCAGGTAAG,0,142689
TSS_4654_wanner_regulondb,0.25,3,3,AGCGCCAATACTGAGTCGGC,0,171495
TSS_4654_wanner_regulondb,0.25,3,3,AGCCGCTTCTCTCAGAGCAT,0,126575
TSS_4654_wanner_regulondb,0.25,3,3,AGCCGATGCGGTATACCCAA,0,126992
TSS_4654_wanner_regulondb,0.25,3,3,AGCATCAAGGGCTGTTCATG,0,161335
TSS_4654_wanner_regulondb,0.25,3,3,AGAGCCTCAAGATCTCCATA,0,149581
TSS_4654_wanner_regulondb,0.25,3,3,AGACCTACCTGTACGCTGAT,0,126382
TSS_4654_wanner_regulondb,0.25,3,3,ACTGGATCTTTCTCGTCTTC,0,144214
TSS_4654_wanner_regulondb,0.25,3,3,ACGTTACCATGCACCCCAGA,0,168257
TSS_4654_wanner_regulondb,0.25,3,3,ACGGTGAACATAACAACAAC,0,143730
TSS_4654_wanner_regulondb,0.25,3,3,ACGGTCCCAGTATGAGTAAA,0,131372
TSS_4654_wanner_regulondb,0.25,3,3,ACGGGCGAGGGGGTTATGCT,0,146787
TSS_4654_wanner_regulondb,0.25,3,3,ACGCCGCTCGCCTGACTTAC,0,130435
TSS_4654_wanner_regulondb,0.25,3,3,ACCTGCAGTTGTGCGGAGGG,0,138857
TSS_4654_wanner_regulondb,0.25,3,3,ACCGTTTTGCTCCAGAACGT,0,139193
TSS_4654_wanner_regulondb,0.25,3,3,ACCGTACTCTGTATGTCGCT,0,139332
TSS_4654_wanner_regulondb,0.25,3,3,ACCGGCCGAAACTCGGGCGA,0,153008
TSS_4654_wanner_regulondb,0.25,3,3,ACCCGTCGGGAAAACTGCTT,0,155295
TSS_4654_wanner_regulondb,0.25,3,3,ACCATGGAATTGTGGCCCCC,0,165334
TSS_4654_wanner_regulondb,0.25,3,3,ACATACCGGTTTAGCAGCTC,0,155078
TSS_4654_wanner_regulondb,0.25,3,3,ACAGGGCTGCAGTACTAGAA,0,139915
TSS_4654_wanner_regulondb,0.25,3,3,ACAGCTAACAGACAGATAAA,0,153409
TSS_4654_wanner_regulondb,0.25,3,3,ACAGCCGTTGGTCGGCTTCA,0,139975
TSS_4654_wanner_regulondb,0.25,3,3,ACAGCATTATCGAATTGACA,0,131293
TSS_4654_wanner_regulondb,0.25,3,3,ACACTTGAGGCGAACCCGAA,0,157216
TSS_4654_wanner_regulondb,0.25,3,3,ACACAGAAAGAAGTCCAGTC,0,134269
TSS_4654_wanner_regulondb,0.25,3,3,ACACAATGGTCGGTGCGCGA,0,169046
TSS_4654_wanner_regulondb,0.25,3,3,ACAAGGGCAGACCTCTGCAT,0,174185
TSS_4654_wanner_regulondb,0.25,3,3,ACAAGACAAAGGGTGAGTTC,0,154851
TSS_4654_wanner_regulondb,0.25,3,3,AATTCGACTGCCCGGAGGCT,0,165303
TSS_4654_wanner_regulondb,0.25,3,3,AATTAGAACACGAAAGTTGT,0,173294
TSS_4654_wanner_regulondb,0.25,3,3,AATGCTTGCCAAAGGGATTA,0,137770
TSS_4654_wanner_regulondb,0.25,3,3,AATATCAACGATGCGTAGCT,0,128845
TSS_4654_wanner_regulondb,0.25,3,3,AATATAAATAGTCCGGAATG,0,143258
TSS_4654_wanner_regulondb,0.25,3,3,AAGTCATACATCTTTACCGT,0,132059
TSS_4654_wanner_regulondb,0.25,3,3,AAGGGCACTTTGCTCGCAAG,0,162933
TSS_4654_wanner_regulondb,0.25,3,3,AAGGCTACCGGGCATAGGTT,0,148409
TSS_4654_wanner_regulondb,0.25,3,3,AAGGCAGCATTGTGTGTCTC,0,166495
TSS_4654_wanner_regulondb,0.25,3,3,AAGATTCTAACCGCTTGGTT,0,161359
TSS_4654_wanner_regulondb,0.25,3,3,AACTTCATGCGAAAGAGCAA,0,128331
TSS_4654_wanner_regulondb,0.25,3,3,AACTGCTGCCGATACACCAA,0,135063
TSS_4654_wanner_regulondb,0.25,3,3,AACTATACTATGGCAGGCTT,0,165456
TSS_4654_wanner_regulondb,0.25,3,3,AACGATCACGCGTATCCATT,0,133415
TSS_4654_wanner_regulondb,0.25,3,3,AACCTGCAATCCGCACATCG,0,151218
TSS_4654_wanner_regulondb,0.25,3,3,AACCTCTCTAGCTCTACTGA,0,148294
TSS_4654_wanner_regulondb,0.25,3,3,AACAGCGACCCTGTCCCAGT,0,163076
TSS_4654_wanner_regulondb,0.25,3,3,AACACTGGACTGGAGAACAT,0,156059
TSS_4654_wanner_regulondb,0.25,3,3,AAATCTGGTAGCTTCATACG,0,137715
TSS_4654_wanner_regulondb,0.25,3,3,AAAGCGCAGGGGGTCGGGCA,0,170111
TSS_4654_wanner_regulondb,0.25,3,3,AAACGGGTGCCAAAGACCTT,0,158659
TSS_4654_wanner_regulondb,0.25,3,3,AAACGGAACGTAGGCGGTAT,0,157581
TSS_4654_wanner_regulondb,0.25,3,3,AAACGAAAAGTGTAGGTTTG,0,169878
TSS_4654_wanner_regulondb,0.25,3,3,AAAATATACACGGATTTTCG,0,141047
TSS_4654_wanner_regulondb,0.3333333333333333,2,2,TTTTTTCGTCGGTATTACCA,0,162695
TSS_4654_wanner_regulondb,0.3333333333333333,2,2,TTTTTGAGGCGACATCGTTT,0,143330
TSS_4654_wanner_regulondb,0.3333333333333333,2,2,TTTTCTCCATGGATTAATTC,0,156211
TSS_4654_wanner_regulondb,0.3333333333333333,2,2,TTTTCTAGTAGGCGTTTAGT,0,137089
TSS_4654_wanner_regulondb,0.3333333333333333,2,2,TTTTCGTTGCTGGTAGTCTA,0,161692
TSS_4654_wanner_regulondb,0.3333333333333333,2,2,TTTTCCTTATAACGGAGCCC,0,166326
TSS_4654_wanner_regulondb,0.3333333333333333,2,2,TTTTATGGGGTTTCTGTGTA,0,146233
TSS_4654_wanner_regulondb,0.3333333333333333,2,2,TTTTATGGCCACACCCACGG,0,139991
TSS_4654_wanner_regulondb,0.3333333333333333,2,2,TTTGGCGAATACTGCATATC,0,165559
TSS_4654_wanner_regulondb,0.3333333333333333,2,2,TTTGGCCAGATGTTTACTAT,0,169075
TSS_4654_wanner_regulondb,0.3333333333333333,2,2,TTTGCGATAGTTATGGTTTG,0,167902
TSS_4654_wanner_regulondb,0.3333333333333333,2,2,TTTGCGAATATCCGTCCCAG,0,142169
TSS_4654_wanner_regulondb,0.3333333333333333,2,2,TTTCCTTAGGCCTGCCACTG,0,136296
TSS_4654_wanner_regulondb,0.3333333333333333,2,2,TTTCCACATGCCGTATAATC,0,127946
TSS_4654_wanner_regulondb,0.3333333333333333,2,2,TTTCATAAGTGGAGGAAATG,0,165525
TSS_4654_wanner_regulondb,0.3333333333333333,2,2,TTTCAAATGTACTGCTGCAG,0,147843
TSS_4654_wanner_regulondb,0.3333333333333333,2,2,TTTATGCAATCAATCCCATT,0,134860
TSS_4654_wanner_regulondb,0.3333333333333333,2,2,TTTAGTTGGGCGCCCACATA,0,140875
TSS_4654_wanner_regulondb,0.3333333333333333,2,2,TTTAGACTCGCATCAGGTGA,0,129734
TSS_4654_wanner_regulondb,0.3333333333333333,2,2,TTTAATACATCTCAGGACCA,0,162020
TSS_4654_wanner_regulondb,0.3333333333333333,2,2,TTGTATTTAGGCGTCGAGCA,0,134317
TSS_4654_wanner_regulondb,0.3333333333333333,2,2,TTGGTCTGGAGGTCAGTGGT,0,129737
TSS_4654_wanner_regulondb,0.3333333333333333,2,2,TTGGGGACGCCGCGTTTTAA,0,160732
TSS_4654_wanner_regulondb,0.3333333333333333,2,2,TTGGGATTGCGAGATAACAA,0,148619
TSS_4654_wanner_regulondb,0.3333333333333333,2,2,TTGGGAGTCCGCAAATATAA,0,173630
TSS_4654_wanner_regulondb,0.3333333333333333,2,2,TTGGCAAGGCCAATTAGCGG,0,170751
TSS_4654_wanner_regulondb,0.3333333333333333,2,2,TTGGAGGTCGTCTTTAAGAG,0,161894
TSS_4654_wanner_regulondb,0.3333333333333333,2,2,TTGCGATGGATCCATCCGGG,0,139948
TSS_4654_wanner_regulondb,0.3333333333333333,2,2,TTGCCCTTGGCTAGGGGCAG,0,154887
TSS_4654_wanner_regulondb,0.3333333333333333,2,2,TTGCATATGGTTGTTGAGTG,0,174118
TSS_4654_wanner_regulondb,0.3333333333333333,2,2,TTGCAACCAGTGGGATACGG,0,141302
TSS_4654_wanner_regulondb,0.3333333333333333,2,2,TTGATGACGATCTACTCTGG,0,146008
TSS_4654_wanner_regulondb,0.3333333333333333,2,2,TTGAGTTCGGGATCTGAAGA,0,171797
TSS_4654_wanner_regulondb,0.3333333333333333,2,2,TTGAGGAGCTGGCACCGGTG,0,126332
TSS_4654_wanner_regulondb,0.3333333333333333,2,2,TTGAGCTGTGCGGCACTCGG,0,150849
TSS_4654_wanner_regulondb,0.3333333333333333,2,2,TTCTGTTCCTGCTCACGACT,0,138321
TSS_4654_wanner_regulondb,0.3333333333333333,2,2,TTCTGGGATGTGGGGACATG,0,132391
TSS_4654_wanner_regulondb,0.3333333333333333,2,2,TTCTGCCAACGTAGCCGGAA,0,164723
TSS_4654_wanner_regulondb,0.3333333333333333,2,2,TTCTCACTCCTTCCCTCGTA,0,136841
TSS_4654_wanner_regulondb,0.3333333333333333,2,2,TTCGGGAAGTAGTGTGAGGG,0,147306
TSS_4654_wanner_regulondb,0.3333333333333333,2,2,TTCGGAGACCATCACCTCCA,0,158534
TSS_4654_wanner_regulondb,0.3333333333333333,2,2,TTCCTAGTCTCCAAACAGCA,0,170331
TSS_4654_wanner_regulondb,0.3333333333333333,2,2,TTCCCTATTGATGCTTCGAG,0,157575
TSS_4654_wanner_regulondb,0.3333333333333333,2,2,TTCCAGTAAAGTAGCGGATG,0,149979
TSS_4654_wanner_regulondb,0.3333333333333333,2,2,TTCCAACCGCTACCTTAGTG,0,143538
TSS_4654_wanner_regulondb,0.3333333333333333,2,2,TTCATACGCCTAAGTCTGAT,0,135726
TSS_4654_wanner_regulondb,0.3333333333333333,2,2,TTCATAATATATCGAAATAT,0,142824
TSS_4654_wanner_regulondb,0.3333333333333333,2,2,TTCACATTGCACCGGTATCG,0,131401
TSS_4654_wanner_regulondb,0.3333333333333333,2,2,TTATTAAGAGGTGACGCTGC,0,127960
TSS_4654_wanner_regulondb,0.3333333333333333,2,2,TTATGGTAAACGTACTCGTA,0,163810
TSS_4654_wanner_regulondb,0.3333333333333333,2,2,TTATGGCTAATCGAGTTGGA,0,154278
TSS_4654_wanner_regulondb,0.3333333333333333,2,2,TTATCGTAAACGTCCGAAAG,0,135274
TSS_4654_wanner_regulondb,0.3333333333333333,2,2,TTATCGCTAAGGTAGGCAGT,0,135958
TSS_4654_wanner_regulondb,0.3333333333333333,2,2,TTATCAAACACTTGCCACCC,0,131445
TSS_4654_wanner_regulondb,0.3333333333333333,2,2,TTATACTCAGGCACTAAAAT,0,160827
TSS_4654_wanner_regulondb,0.3333333333333333,2,2,TTATACCCCGCAAACATATG,0,171292
TSS_4654_wanner_regulondb,0.3333333333333333,2,2,TTAGGTGATCGAGGCCCGGG,0,150842
TSS_4654_wanner_regulondb,0.3333333333333333,2,2,TTAGGACAAGGGGGCTACCA,0,126837
TSS_4654_wanner_regulondb,0.3333333333333333,2,2,TTAGATAGTCGATGTGTTAC,0,156167
TSS_4654_wanner_regulondb,0.3333333333333333,2,2,TTAGACGGTTGTACGCGCCT,0,144845
TSS_4654_wanner_regulondb,0.3333333333333333,2,2,TTACGTTAAGCAAGGCATTC,0,149857
TSS_4654_wanner_regulondb,0.3333333333333333,2,2,TTACGTGGTTAGTCGTTCCA,0,128074
TSS_4654_wanner_regulondb,0.3333333333333333,2,2,TTACGACTGCACATCAGACG,0,125671
TSS_4654_wanner_regulondb,0.3333333333333333,2,2,TTACCTGGCTACCAGTCCTT,0,158790
TSS_4654_wanner_regulondb,0.3333333333333333,2,2,TTAAGCGAGTCGTCTGATAG,0,129633
TSS_4654_wanner_regulondb,0.3333333333333333,2,2,TTAACGGTCAGAAGGTGCGA,0,128530
TSS_4654_wanner_regulondb,0.3333333333333333,2,2,TTAACCTTTTTAAGGATCAT,0,141138
TSS_4654_wanner_regulondb,0.3333333333333333,2,2,TTAACCGTCAAAAGGGCGAT,0,151386
TSS_4654_wanner_regulondb,0.3333333333333333,2,2,TTAAAACGAGAATAGAGGTG,0,169136
TSS_4654_wanner_regulondb,0.3333333333333333,2,2,TGTTTACCTACTAACCCTGT,0,157592
TSS_4654_wanner_regulondb,0.3333333333333333,2,2,TGTTGAGTTGTACGAAGGTT,0,127536
TSS_4654_wanner_regulondb,0.3333333333333333,2,2,TGTTCAAAATCTCTATATGT,0,138190
TSS_4654_wanner_regulondb,0.3333333333333333,2,2,TGTGTAATACAGGTCCTCGA,0,173025
TSS_4654_wanner_regulondb,0.3333333333333333,2,2,TGTGCTTCAGACCTGGCCCA,0,165245
TSS_4654_wanner_regulondb,0.3333333333333333,2,2,TGTGACCAGTAGGCGTTAGT,0,140585
TSS_4654_wanner_regulondb,0.3333333333333333,2,2,TGTCTTATCGTCTGATGAGA,0,162159
TSS_4654_wanner_regulondb,0.3333333333333333,2,2,TGTCTGGCCTTGCACTAAAA,0,126875
TSS_4654_wanner_regulondb,0.3333333333333333,2,2,TGTCTGCTATCCCCTGAGTA,0,154421
TSS_4654_wanner_regulondb,0.3333333333333333,2,2,TGTCTCCGAGCTCCTCGTCG,0,134892
TSS_4654_wanner_regulondb,0.3333333333333333,2,2,TGTCACAATGAGAACTCCAG,0,142581
TSS_4654_wanner_regulondb,0.3333333333333333,2,2,TGTAGCCATGAATAGGTATT,0,161994
TSS_4654_wanner_regulondb,0.3333333333333333,2,2,TGTACGCAGCTACCGTTTGT,0,161947
TSS_4654_wanner_regulondb,0.3333333333333333,2,2,TGTAATATATGACTCAGCAT,0,163923
TSS_4654_wanner_regulondb,0.3333333333333333,2,2,TGTAATAACTACACCAAATC,0,139058
TSS_4654_wanner_regulondb,0.3333333333333333,2,2,TGTAAAGCACCCAAATTCGG,0,146427
TSS_4654_wanner_regulondb,0.3333333333333333,2,2,TGGTTCAGGGCTCGGCACGG,0,139016
TSS_4654_wanner_regulondb,0.3333333333333333,2,2,TGGTCTTTACAAGTTCGGGG,0,149724
TSS_4654_wanner_regulondb,0.3333333333333333,2,2,TGGGTGTGTGTGTGCCTGTG,0,130200
TSS_4654_wanner_regulondb,0.3333333333333333,2,2,TGGGTCTACCCGCGCCAATG,0,158733
TSS_4654_wanner_regulondb,0.3333333333333333,2,2,TGGGTCACACTAGGACGGCT,0,165994
TSS_4654_wanner_regulondb,0.3333333333333333,2,2,TGGGGGTAGATCAAGCTAAC,0,134187
TSS_4654_wanner_regulondb,0.3333333333333333,2,2,TGGGGACGAATCCTTGGTCC,0,129078
TSS_4654_wanner_regulondb,0.3333333333333333,2,2,TGGGCTCTGGGCAACTCCTA,0,153799
TSS_4654_wanner_regulondb,0.3333333333333333,2,2,TGGGCGGCTTGGGAGGAGTT,0,134228
TSS_4654_wanner_regulondb,0.3333333333333333,2,2,TGGGACTGTGGTGCCAGTGT,0,147722
TSS_4654_wanner_regulondb,0.3333333333333333,2,2,TGGGAAGAGGTGTATCGAAC,0,145148
TSS_4654_wanner_regulondb,0.3333333333333333,2,2,TGGCGCGCCACAGATATACA,0,174902
TSS_4654_wanner_regulondb,0.3333333333333333,2,2,TGGCAGACTTCCCATGACGT,0,136272
TSS_4654_wanner_regulondb,0.3333333333333333,2,2,TGGATTCTCTCGAGTGCTCA,0,155244
TSS_4654_wanner_regulondb,0.3333333333333333,2,2,TGGATAACCTACGGGTACCA,0,128725
TSS_4654_wanner_regulondb,0.3333333333333333,2,2,TGCTTCTTTGTCGCAGATAC,0,134276
TSS_4654_wanner_regulondb,0.3333333333333333,2,2,TGCGTGTATTCCGCAGAAAT,0,130986
TSS_4654_wanner_regulondb,0.3333333333333333,2,2,TGCGGTTTCTTCCTAGGATA,0,138430
TSS_4654_wanner_regulondb,0.3333333333333333,2,2,TGCGCACTATCGGAAGGACG,0,154966
TSS_4654_wanner_regulondb,0.3333333333333333,2,2,TGCCTGCCGATGTACCTATA,0,146279
TSS_4654_wanner_regulondb,0.3333333333333333,2,2,TGCCCGACAACCTCCCACCT,0,166527
TSS_4654_wanner_regulondb,0.3333333333333333,2,2,TGCCCCTCCAGCCGCGATAG,0,162260
TSS_4654_wanner_regulondb,0.3333333333333333,2,2,TGCCATGCTCATCTTGATTA,0,158629
TSS_4654_wanner_regulondb,0.3333333333333333,2,2,TGCCAGAAGAATGGCTTGCT,0,152445
TSS_4654_wanner_regulondb,0.3333333333333333,2,2,TGCCAACCGGTTCTCCTTCA,0,173068
TSS_4654_wanner_regulondb,0.3333333333333333,2,2,TGCATGTACTGTCTTGAGGA,0,159378
TSS_4654_wanner_regulondb,0.3333333333333333,2,2,TGCATGAGTGGGGGTCTTCG,0,146307
TSS_4654_wanner_regulondb,0.3333333333333333,2,2,TGCATCACTGGAAAGTGGGA,0,146898
TSS_4654_wanner_regulondb,0.3333333333333333,2,2,TGCACTTGCGTTCGCAGCGA,0,164145
TSS_4654_wanner_regulondb,0.3333333333333333,2,2,TGCACCAACCTTAAGCTATC,0,128409
TSS_4654_wanner_regulondb,0.3333333333333333,2,2,TGCAAGACCATGGTTGTGAA,0,150251
TSS_4654_wanner_regulondb,0.3333333333333333,2,2,TGATGAGCCGGTTCTGGCTT,0,174527
TSS_4654_wanner_regulondb,0.3333333333333333,2,2,TGATGACACTGACGGAGATT,0,152168
TSS_4654_wanner_regulondb,0.3333333333333333,2,2,TGATCGTTGACCAGTTGGAA,0,171836
TSS_4654_wanner_regulondb,0.3333333333333333,2,2,TGAGTATGCGGTAAATCATA,0,150698
TSS_4654_wanner_regulondb,0.3333333333333333,2,2,TGAGTATGAGACGCATCTCT,0,173511
TSS_4654_wanner_regulondb,0.3333333333333333,2,2,TGAGGTCATGACGGGTTTAT,0,164367
TSS_4654_wanner_regulondb,0.3333333333333333,2,2,TGAGCTTGTAAAAGCGCGAC,0,152314
TSS_4654_wanner_regulondb,0.3333333333333333,2,2,TGAGAGCTGCTAACTATTCA,0,133588
TSS_4654_wanner_regulondb,0.3333333333333333,2,2,TGACTCTTCACAGGGCTGAT,0,162085
TSS_4654_wanner_regulondb,0.3333333333333333,2,2,TGACTAGCAAGGGTCTGGTA,0,162019
TSS_4654_wanner_regulondb,0.3333333333333333,2,2,TGACGGTGCGGGCGTGTGAG,0,169401
TSS_4654_wanner_regulondb,0.3333333333333333,2,2,TGACGCCGCGATGCTCCGAT,0,133994
TSS_4654_wanner_regulondb,0.3333333333333333,2,2,TGACCGGCCCAAATGTCGCA,0,132694
TSS_4654_wanner_regulondb,0.3333333333333333,2,2,TGACCCACGCTGAGTGTTAA,0,126639
TSS_4654_wanner_regulondb,0.3333333333333333,2,2,TGAATTGGTAACTCTTACTG,0,169201
TSS_4654_wanner_regulondb,0.3333333333333333,2,2,TGAATGAGGTTTAACGGCAA,0,160109
TSS_4654_wanner_regulondb,0.3333333333333333,2,2,TGAAGTCTGGTCCGAAATTC,0,135337
TSS_4654_wanner_regulondb,0.3333333333333333,2,2,TCTTTTGTGATCCTACTCAG,0,130269
TSS_4654_wanner_regulondb,0.3333333333333333,2,2,TCTTGTGTGGCCATGGAGTA,0,157244
TSS_4654_wanner_regulondb,0.3333333333333333,2,2,TCTTGATCCTGTGAATACAA,0,144410
TSS_4654_wanner_regulondb,0.3333333333333333,2,2,TCTGGCTCCTTGAGGCGGCA,0,160987
TSS_4654_wanner_regulondb,0.3333333333333333,2,2,TCTGAAAGCATTCGTGCATG,0,165489
TSS_4654_wanner_regulondb,0.3333333333333333,2,2,TCTCTGCAAGATCTGTAGGG,0,158750
TSS_4654_wanner_regulondb,0.3333333333333333,2,2,TCTCTAGTGACGTACAGGCT,0,128384
TSS_4654_wanner_regulondb,0.3333333333333333,2,2,TCTCTAGGCCTCCCGGTTCA,0,128332
TSS_4654_wanner_regulondb,0.3333333333333333,2,2,TCTCCACTCGTGTGTCCGCT,0,127947
TSS_4654_wanner_regulondb,0.3333333333333333,2,2,TCGTTTTCATCGGCGGCGAG,0,165731
TSS_4654_wanner_regulondb,0.3333333333333333,2,2,TCGTGTAAGACCGTCCCAGG,0,174727
TSS_4654_wanner_regulondb,0.3333333333333333,2,2,TCGTGACCGTCGTAGAGTCC,0,167232
TSS_4654_wanner_regulondb,0.3333333333333333,2,2,TCGTCGCCAGGCCGCCAGGA,0,166206
TSS_4654_wanner_regulondb,0.3333333333333333,2,2,TCGGTCTCCAAAAGCGATGT,0,173836
TSS_4654_wanner_regulondb,0.3333333333333333,2,2,TCGGTAATGGATCTGATCCA,0,139031
TSS_4654_wanner_regulondb,0.3333333333333333,2,2,TCGGGTGTACAAGTTACCGG,0,164904
TSS_4654_wanner_regulondb,0.3333333333333333,2,2,TCGGCTACGACCCTGGGAAA,0,169378
TSS_4654_wanner_regulondb,0.3333333333333333,2,2,TCGGCCCGCAATCATTGGGT,0,143205
TSS_4654_wanner_regulondb,0.3333333333333333,2,2,TCGGATTCCCTCTCTCTATG,0,155889
TSS_4654_wanner_regulondb,0.3333333333333333,2,2,TCGGAGATCTCTCACGCGTT,0,159027
TSS_4654_wanner_regulondb,0.3333333333333333,2,2,TCGGAACGCAGATGGAGCCT,0,166532
TSS_4654_wanner_regulondb,0.3333333333333333,2,2,TCGCGTACTGTGAGACGAAA,0,128807
TSS_4654_wanner_regulondb,0.3333333333333333,2,2,TCGCGGCTGCACGAGCGCTG,0,153518
TSS_4654_wanner_regulondb,0.3333333333333333,2,2,TCGCCCCCACGCACAGGTTG,0,162384
TSS_4654_wanner_regulondb,0.3333333333333333,2,2,TCGCCAGGTGGGCCAAGCGG,0,152174
TSS_4654_wanner_regulondb,0.3333333333333333,2,2,TCGATCCATTTAGACGGCGA,0,135938
TSS_4654_wanner_regulondb,0.3333333333333333,2,2,TCGAAACTAAGGATTACGTA,0,130128
TSS_4654_wanner_regulondb,0.3333333333333333,2,2,TCCTTTAGGTTGATTGATTG,0,128853
TSS_4654_wanner_regulondb,0.3333333333333333,2,2,TCCTTGGGCCTTGCCTTCCG,0,159446
TSS_4654_wanner_regulondb,0.3333333333333333,2,2,TCCTCTCCCCGTGGCCTTCA,0,157858
TSS_4654_wanner_regulondb,0.3333333333333333,2,2,TCCTCAGCACTGCCAGGCTA,0,128886
TSS_4654_wanner_regulondb,0.3333333333333333,2,2,TCCTAACAGGTAATTTCGAA,0,162947
TSS_4654_wanner_regulondb,0.3333333333333333,2,2,TCCGTGACACGTACATAGGT,0,132690
TSS_4654_wanner_regulondb,0.3333333333333333,2,2,TCCGTCTGAAACTAGGATGA,0,160001
TSS_4654_wanner_regulondb,0.3333333333333333,2,2,TCCCGCGTGGTATATCATTA,0,135705
TSS_4654_wanner_regulondb,0.3333333333333333,2,2,TCCCGAGACGTCATCGAAGG,0,129724
TSS_4654_wanner_regulondb,0.3333333333333333,2,2,TCATTGTGCAATGTGCGTGA,0,164212
TSS_4654_wanner_regulondb,0.3333333333333333,2,2,TCATCACAAGCGTCCGCTCA,0,163362
TSS_4654_wanner_regulondb,0.3333333333333333,2,2,TCATACGCATTCGTGTTTTC,0,173641
TSS_4654_wanner_regulondb,0.3333333333333333,2,2,TCACCCCGCCACGCAGAAAT,0,139176
TSS_4654_wanner_regulondb,0.3333333333333333,2,2,TCACCATGCGATACAGTTCA,0,126502
TSS_4654_wanner_regulondb,0.3333333333333333,2,2,TCACACCGCGGGGAAGAACC,0,142578
TSS_4654_wanner_regulondb,0.3333333333333333,2,2,TCAATGGGACGACTCCAGTC,0,171513
TSS_4654_wanner_regulondb,0.3333333333333333,2,2,TCAAGCCCAGCGGCGTCTCG,0,146515
TSS_4654_wanner_regulondb,0.3333333333333333,2,2,TCAAGATATGCCGGAATGGG,0,149239
TSS_4654_wanner_regulondb,0.3333333333333333,2,2,TATTTTCTGTCAAAAACATC,0,131096
TSS_4654_wanner_regulondb,0.3333333333333333,2,2,TATTTCGTTTACAAGGGTAG,0,129539
TSS_4654_wanner_regulondb,0.3333333333333333,2,2,TATTTCCCGCATTTCAGGAA,0,128087
TSS_4654_wanner_regulondb,0.3333333333333333,2,2,TATTCGACTCGCGGAATTAT,0,132868
TSS_4654_wanner_regulondb,0.3333333333333333,2,2,TATTAGCGGACCACAATTCT,0,147440
TSS_4654_wanner_regulondb,0.3333333333333333,2,2,TATGTGGGATTCGTTTTTTA,0,147392
TSS_4654_wanner_regulondb,0.3333333333333333,2,2,TATGGTTTATCAACGACAGG,0,127858
TSS_4654_wanner_regulondb,0.3333333333333333,2,2,TATGACTTTCATCGGCGCGA,0,155359
TSS_4654_wanner_regulondb,0.3333333333333333,2,2,TATCTTCGAATGACGAATGA,0,127478
TSS_4654_wanner_regulondb,0.3333333333333333,2,2,TATCTTAGACCCGACTTGTA,0,130202
TSS_4654_wanner_regulondb,0.3333333333333333,2,2,TATCAGAGAGAGGTTTCCTA,0,147376
TSS_4654_wanner_regulondb,0.3333333333333333,2,2,TATATTGCGTCCTGGTCTAA,0,134770
TSS_4654_wanner_regulondb,0.3333333333333333,2,2,TATAGTATCAATTCTACAAA,0,133862
TSS_4654_wanner_regulondb,0.3333333333333333,2,2,TAGTGCTAAGTTCCACGTTA,0,166553
TSS_4654_wanner_regulondb,0.3333333333333333,2,2,TAGTCCCTCTTGTGAAAGTG,0,149575
TSS_4654_wanner_regulondb,0.3333333333333333,2,2,TAGGGTCGGGACGGACTGCT,0,149185
TSS_4654_wanner_regulondb,0.3333333333333333,2,2,TAGGAGAGACTTCGAGCAAG,0,152870
TSS_4654_wanner_regulondb,0.3333333333333333,2,2,TAGCTTGGCGTTGTTAAGGC,0,168729
TSS_4654_wanner_regulondb,0.3333333333333333,2,2,TAGCTATTCGGGGTAAAATT,0,160778
TSS_4654_wanner_regulondb,0.3333333333333333,2,2,TAGCCGTAAGGGTATTTGAG,0,126895
TSS_4654_wanner_regulondb,0.3333333333333333,2,2,TAGACACCAAACCGTTAGTG,0,127091
TSS_4654_wanner_regulondb,0.3333333333333333,2,2,TACTAACTGGCCACCACGAG,0,126468
TSS_4654_wanner_regulondb,0.3333333333333333,2,2,TACGCAAGCGTCGGTCACAC,0,144143
TSS_4654_wanner_regulondb,0.3333333333333333,2,2,TACCTACCCTATTCCTACAA,0,160977
TSS_4654_wanner_regulondb,0.3333333333333333,2,2,TACCGGATAAGCCACGGCAA,0,129271
TSS_4654_wanner_regulondb,0.3333333333333333,2,2,TACAGGTCCCCTGGTTGAAT,0,171268
TSS_4654_wanner_regulondb,0.3333333333333333,2,2,TACAGGCCGAAGGTTTACTC,0,171793
TSS_4654_wanner_regulondb,0.3333333333333333,2,2,TACAGACTCATGTCTTAGAC,0,131168
TSS_4654_wanner_regulondb,0.3333333333333333,2,2,TACAATGGTGTCTTTGCTGG,0,133832
TSS_4654_wanner_regulondb,0.3333333333333333,2,2,TACAAGGCTAAGCTAGATGA,0,129661
TSS_4654_wanner_regulondb,0.3333333333333333,2,2,TAATGTTATGTCGATACATC,0,173767
TSS_4654_wanner_regulondb,0.3333333333333333,2,2,TAATCTTCTCACCTTTTGCA,0,166112
TSS_4654_wanner_regulondb,0.3333333333333333,2,2,TAATCGTTCCTGTCGCAGGC,0,148760
TSS_4654_wanner_regulondb,0.3333333333333333,2,2,TAATCCAGTCGCTCAACTTA,0,169459
TSS_4654_wanner_regulondb,0.3333333333333333,2,2,TAATCATTGCCCTTGCGACC,0,130180
TSS_4654_wanner_regulondb,0.3333333333333333,2,2,TAAGTGTCACGGTTGCCACG,0,156233
TSS_4654_wanner_regulondb,0.3333333333333333,2,2,TAAGTACGTGGTAGGTGTTC,0,159682
TSS_4654_wanner_regulondb,0.3333333333333333,2,2,TAAGGGACCCGAGGTCTATT,0,165863
TSS_4654_wanner_regulondb,0.3333333333333333,2,2,TAAGCGTCCGTAACCTCCGG,0,155040
TSS_4654_wanner_regulondb,0.3333333333333333,2,2,TAAGATTTACAAAATGTCTG,0,160208
TSS_4654_wanner_regulondb,0.3333333333333333,2,2,TAAGATGTTTGAGGATCTGG,0,155178
TSS_4654_wanner_regulondb,0.3333333333333333,2,2,TAACGCACCAAGTAACTCAT,0,127253
TSS_4654_wanner_regulondb,0.3333333333333333,2,2,TAACCTGGACTTGCACCATC,0,133467
TSS_4654_wanner_regulondb,0.3333333333333333,2,2,TAACCGTCATACGGCGGCAT,0,130031
TSS_4654_wanner_regulondb,0.3333333333333333,2,2,TAACAATTAAAAGTGTCCTC,0,167030
TSS_4654_wanner_regulondb,0.3333333333333333,2,2,TAAATTGCATACAAAAGCAT,0,170565
TSS_4654_wanner_regulondb,0.3333333333333333,2,2,TAAAGTCACTCCATCAATGT,0,125699
TSS_4654_wanner_regulondb,0.3333333333333333,2,2,TAAAGATAAGCACTAATAAA,0,144802
TSS_4654_wanner_regulondb,0.3333333333333333,2,2,TAAACATCGAATAAGCGCGC,0,160188
TSS_4654_wanner_regulondb,0.3333333333333333,2,2,GTTTTGGGTTTAAGCATTCC,0,127486
TSS_4654_wanner_regulondb,0.3333333333333333,2,2,GTTTTAAATAAATCCACAGC,0,147128
TSS_4654_wanner_regulondb,0.3333333333333333,2,2,GTTTGAATAAAACCCCCATT,0,141920
TSS_4654_wanner_regulondb,0.3333333333333333,2,2,GTTTGAAGAGCCGCGGCTCA,0,139870
TSS_4654_wanner_regulondb,0.3333333333333333,2,2,GTTTCTATAGTGGTCTAAGA,0,138588
TSS_4654_wanner_regulondb,0.3333333333333333,2,2,GTTTAACACGTTGTAGCAAC,0,168725
TSS_4654_wanner_regulondb,0.3333333333333333,2,2,GTTGTGCGTCGAATCATAAA,0,159407
TSS_4654_wanner_regulondb,0.3333333333333333,2,2,GTTGTGATAAAGACGGCCGG,0,128974
TSS_4654_wanner_regulondb,0.3333333333333333,2,2,GTTGGGGGTTCCATTCCTTA,0,137423
TSS_4654_wanner_regulondb,0.3333333333333333,2,2,GTTGGAAGAGTAATTTGGGG,0,158641
TSS_4654_wanner_regulondb,0.3333333333333333,2,2,GTTCTGCAAAGATACCGTGT,0,170276
TSS_4654_wanner_regulondb,0.3333333333333333,2,2,GTTCGTGACAAGCCATGTCG,0,150538
TSS_4654_wanner_regulondb,0.3333333333333333,2,2,GTTCGGGCTAGCGTATAGAA,0,131911
TSS_4654_wanner_regulondb,0.3333333333333333,2,2,GTTCCATCCGCGCACGGTGC,0,153045
TSS_4654_wanner_regulondb,0.3333333333333333,2,2,GTTCAGCATACCGACTGTAA,0,152673
TSS_4654_wanner_regulondb,0.3333333333333333,2,2,GTTATGACTTGAAATCAGTG,0,131946
TSS_4654_wanner_regulondb,0.3333333333333333,2,2,GTTATAGCCACAGTGTCGTT,0,127558
TSS_4654_wanner_regulondb,0.3333333333333333,2,2,GTTAAAGCCCACCCATCTCG,0,156828
TSS_4654_wanner_regulondb,0.3333333333333333,2,2,GTGTGCAAGCCTTCCTTTAA,0,146012
TSS_4654_wanner_regulondb,0.3333333333333333,2,2,GTGTCTCTAGGCCTCGTACC,0,155606
TSS_4654_wanner_regulondb,0.3333333333333333,2,2,GTGGTTCTGTTCGATCAAAA,0,149405
TSS_4654_wanner_regulondb,0.3333333333333333,2,2,GTGGTGAGGAATCCATTATC,0,168587
TSS_4654_wanner_regulondb,0.3333333333333333,2,2,GTGGGTAAGCATTTCTAAAG,0,141205
TSS_4654_wanner_regulondb,0.3333333333333333,2,2,GTGGACCGGTTGCCGGCGCG,0,168828
TSS_4654_wanner_regulondb,0.3333333333333333,2,2,GTGCGGCCTGGGCGCCCAAT,0,170294
TSS_4654_wanner_regulondb,0.3333333333333333,2,2,GTGCCAATCGGACCTCCCAT,0,128736
TSS_4654_wanner_regulondb,0.3333333333333333,2,2,GTGCAGCCTTGAAATCAAGT,0,148617
TSS_4654_wanner_regulondb,0.3333333333333333,2,2,GTGCACACAAGTACGGGTGT,0,159842
TSS_4654_wanner_regulondb,0.3333333333333333,2,2,GTGATCCGATTTCTGTGGAT,0,163809
TSS_4654_wanner_regulondb,0.3333333333333333,2,2,GTGATAAATTCACCACACGC,0,145902
TSS_4654_wanner_regulondb,0.3333333333333333,2,2,GTGAGTTGGGTAGAGGCTCA,0,143899
TSS_4654_wanner_regulondb,0.3333333333333333,2,2,GTGACAATTGGTGGCGAAAA,0,137769
TSS_4654_wanner_regulondb,0.3333333333333333,2,2,GTGAAGGTGAGAGGTCTGCC,0,171705
TSS_4654_wanner_regulondb,0.3333333333333333,2,2,GTCGTACTGTTGGCCCTCAT,0,148725
TSS_4654_wanner_regulondb,0.3333333333333333,2,2,GTCGTACTACTCGCGACGTG,0,142255
TSS_4654_wanner_regulondb,0.3333333333333333,2,2,GTCGCTACGGGGCGTTACGT,0,161318
TSS_4654_wanner_regulondb,0.3333333333333333,2,2,GTCGCGGGCGTCTCACTATG,0,157710
TSS_4654_wanner_regulondb,0.3333333333333333,2,2,GTCCGGGCTGGGAGGGGCGT,0,132569
TSS_4654_wanner_regulondb,0.3333333333333333,2,2,GTCAGTCTTGACGTAGATAT,0,163413
TSS_4654_wanner_regulondb,0.3333333333333333,2,2,GTCACCCGCATTATTCCTGA,0,128780
TSS_4654_wanner_regulondb,0.3333333333333333,2,2,GTATTGCGGAAATTAAAGGT,0,169776
TSS_4654_wanner_regulondb,0.3333333333333333,2,2,GTATGTGGGCCGGATGATCT,0,135756
TSS_4654_wanner_regulondb,0.3333333333333333,2,2,GTATGGTAGGCAGGACGAAG,0,141782
TSS_4654_wanner_regulondb,0.3333333333333333,2,2,GTATGCGGATGGAAATATGT,0,126401
TSS_4654_wanner_regulondb,0.3333333333333333,2,2,GTATCATGTCTTAGGAAGTT,0,171507
TSS_4654_wanner_regulondb,0.3333333333333333,2,2,GTATAGTACAGAAAGTTCCT,0,134780
TSS_4654_wanner_regulondb,0.3333333333333333,2,2,GTATAAGTACAGGGTGGTCG,0,138192
TSS_4654_wanner_regulondb,0.3333333333333333,2,2,GTATAAAGTCGAGCTCGATT,0,149768
TSS_4654_wanner_regulondb,0.3333333333333333,2,2,GTAGGTGGGTATCTTATAAT,0,128267
TSS_4654_wanner_regulondb,0.3333333333333333,2,2,GTAGGCTCACCCGTACGGCA,0,131640
TSS_4654_wanner_regulondb,0.3333333333333333,2,2,GTAGGCCCATTGTGACTGAT,0,155657
TSS_4654_wanner_regulondb,0.3333333333333333,2,2,GTAGGCAAGGGTCCGTCATA,0,126894
TSS_4654_wanner_regulondb,0.3333333333333333,2,2,GTAGCAGAGCACCAGCCTAT,0,135892
TSS_4654_wanner_regulondb,0.3333333333333333,2,2,GTACGCCCACTTCGAATACA,0,171857
TSS_4654_wanner_regulondb,0.3333333333333333,2,2,GTACGCAGCAGTCGATACCA,0,156932
TSS_4654_wanner_regulondb,0.3333333333333333,2,2,GTACGAGTTTTTGTAGCCTA,0,138972
TSS_4654_wanner_regulondb,0.3333333333333333,2,2,GTAATCACTTTGGTATGAAT,0,161959
TSS_4654_wanner_regulondb,0.3333333333333333,2,2,GTAAGCACCTGATATTACGG,0,151387
TSS_4654_wanner_regulondb,0.3333333333333333,2,2,GTAACTACGGAAAGCAGAAT,0,168101
TSS_4654_wanner_regulondb,0.3333333333333333,2,2,GTAACACGACAGTCGATTTG,0,170691
TSS_4654_wanner_regulondb,0.3333333333333333,2,2,GTAAACCTCCTCAAGCTCGG,0,165383
TSS_4654_wanner_regulondb,0.3333333333333333,2,2,GGTGTAGCGTCAATTATATA,0,145289
TSS_4654_wanner_regulondb,0.3333333333333333,2,2,GGTGTACTGGTCCGGACGAA,0,141570
TSS_4654_wanner_regulondb,0.3333333333333333,2,2,GGTGGGTTGTGGAAAGTCGC,0,149112
TSS_4654_wanner_regulondb,0.3333333333333333,2,2,GGTGGGCTCACAGGTAGACA,0,168610
TSS_4654_wanner_regulondb,0.3333333333333333,2,2,GGTGCTTGGGAATATGAACA,0,137995
TSS_4654_wanner_regulondb,0.3333333333333333,2,2,GGTGAGACCACCAAGGCTCG,0,171702
TSS_4654_wanner_regulondb,0.3333333333333333,2,2,GGTGACTGTGCGGCACCCCA,0,129946
TSS_4654_wanner_regulondb,0.3333333333333333,2,2,GGTGAATTATGTGGTAATTA,0,173366
TSS_4654_wanner_regulondb,0.3333333333333333,2,2,GGTCTGTAGCCGGATCGCAG,0,143316
TSS_4654_wanner_regulondb,0.3333333333333333,2,2,GGTCCACCTGTGAGTATCGC,0,154711
TSS_4654_wanner_regulondb,0.3333333333333333,2,2,GGTCAAACGATGGGCGACTC,0,156620
TSS_4654_wanner_regulondb,0.3333333333333333,2,2,GGTCAAAACCGTTAGAGTTC,0,156339
TSS_4654_wanner_regulondb,0.3333333333333333,2,2,GGTAGCCTACCGCAGTTCCT,0,159118
TSS_4654_wanner_regulondb,0.3333333333333333,2,2,GGTAGATTTTCGTGCAATCT,0,167039
TSS_4654_wanner_regulondb,0.3333333333333333,2,2,GGTACTTTGACAGCGAGTCG,0,149097
TSS_4654_wanner_regulondb,0.3333333333333333,2,2,GGTACCACCTTCGCAGAAGT,0,152787
TSS_4654_wanner_regulondb,0.3333333333333333,2,2,GGTAATTTAGACCCTGGAAG,0,165996
TSS_4654_wanner_regulondb,0.3333333333333333,2,2,GGTAATAACACGTTATTCTA,0,125448
TSS_4654_wanner_regulondb,0.3333333333333333,2,2,GGGTTCTTTGCACTCCGATA,0,169235
TSS_4654_wanner_regulondb,0.3333333333333333,2,2,GGGTCTCTGCAAGACCCATC,0,169907
TSS_4654_wanner_regulondb,0.3333333333333333,2,2,GGGTCCGGGAGAACCTGTTT,0,134560
TSS_4654_wanner_regulondb,0.3333333333333333,2,2,GGGTCCCACACCATTGCACA,0,170812
TSS_4654_wanner_regulondb,0.3333333333333333,2,2,GGGTACGGTGACGCGAGCGA,0,143933
TSS_4654_wanner_regulondb,0.3333333333333333,2,2,GGGTAAGAGAGCTCAGCTAT,0,149647
TSS_4654_wanner_regulondb,0.3333333333333333,2,2,GGGGGTCTGAAATATCTTCA,0,130835
TSS_4654_wanner_regulondb,0.3333333333333333,2,2,GGGGGGGAGAGATAATGGAT,0,137501
TSS_4654_wanner_regulondb,0.3333333333333333,2,2,GGGGCTGACGAAAACATGGT,0,130040
TSS_4654_wanner_regulondb,0.3333333333333333,2,2,GGGGCGGAGGTAGCAGCATG,0,142621
TSS_4654_wanner_regulondb,0.3333333333333333,2,2,GGGGCGAGATACCATGCATA,0,147049
TSS_4654_wanner_regulondb,0.3333333333333333,2,2,GGGGACAGCTAGTTTCAGCG,0,146411
TSS_4654_wanner_regulondb,0.3333333333333333,2,2,GGGCGTGCATACGGCAGGTG,0,144155
TSS_4654_wanner_regulondb,0.3333333333333333,2,2,GGGCGCGGCGGGCCGTTCGT,0,125616
TSS_4654_wanner_regulondb,0.3333333333333333,2,2,GGGCCTCCATATCTAACGAT,0,152337
TSS_4654_wanner_regulondb,0.3333333333333333,2,2,GGGCCGGGGAGAAAGAGTTA,0,169482
TSS_4654_wanner_regulondb,0.3333333333333333,2,2,GGGCCACGGATTCCCAGGAT,0,137441
TSS_4654_wanner_regulondb,0.3333333333333333,2,2,GGGCAGAAGATGTCACAAAA,0,133918
TSS_4654_wanner_regulondb,0.3333333333333333,2,2,GGGATGCAGTAATGGTGACG,0,125169
TSS_4654_wanner_regulondb,0.3333333333333333,2,2,GGGACATTTCCCTGAGACTA,0,169531
TSS_4654_wanner_regulondb,0.3333333333333333,2,2,GGCTTACCATAGCTTGTAGA,0,157856
TSS_4654_wanner_regulondb,0.3333333333333333,2,2,GGCTTAAAGCGTCGCTATGC,0,129840
TSS_4654_wanner_regulondb,0.3333333333333333,2,2,GGCTGTCTGATTTTTCACCA,0,141841
TSS_4654_wanner_regulondb,0.3333333333333333,2,2,GGCTATTGCGCCGAATCACA,0,140059
TSS_4654_wanner_regulondb,0.3333333333333333,2,2,GGCTAGTTCGGCTTTTATTA,0,160665
TSS_4654_wanner_regulondb,0.3333333333333333,2,2,GGCTAGGACAACCTTCAGGG,0,168611
TSS_4654_wanner_regulondb,0.3333333333333333,2,2,GGCGTCAGGATGTGGCATGT,0,136939
TSS_4654_wanner_regulondb,0.3333333333333333,2,2,GGCGCTGGAATTGAGGGTCG,0,148849
TSS_4654_wanner_regulondb,0.3333333333333333,2,2,GGCGCGGAGGTATATTGGTC,0,133185
TSS_4654_wanner_regulondb,0.3333333333333333,2,2,GGCGCATTACCCGGGCTGGA,0,125467
TSS_4654_wanner_regulondb,0.3333333333333333,2,2,GGCCGCCGACGCGTGATTTG,0,155457
TSS_4654_wanner_regulondb,0.3333333333333333,2,2,GGCCGCACGAAGTGCGCGTA,0,149526
TSS_4654_wanner_regulondb,0.3333333333333333,2,2,GGCCCGCTCATAACTCTTAC,0,125972
TSS_4654_wanner_regulondb,0.3333333333333333,2,2,GGCCAGATCAGCAGTCGGGC,0,125247
TSS_4654_wanner_regulondb,0.3333333333333333,2,2,GGCAAATGATTCGTAATATG,0,157947
TSS_4654_wanner_regulondb,0.3333333333333333,2,2,GGCAAAGGGGTTCAACTCAT,0,159068
TSS_4654_wanner_regulondb,0.3333333333333333,2,2,GGATTAATATTTGTCACATA,0,129948
TSS_4654_wanner_regulondb,0.3333333333333333,2,2,GGATGGTCGTACGCCTGTGC,0,168251
TSS_4654_wanner_regulondb,0.3333333333333333,2,2,GGATCGCGGGTGGTAAGGCG,0,152829
TSS_4654_wanner_regulondb,0.3333333333333333,2,2,GGATATTAGTGCCATGAGGA,0,142307
TSS_4654_wanner_regulondb,0.3333333333333333,2,2,GGAGTCCATCGAACCGCTAA,0,171509
TSS_4654_wanner_regulondb,0.3333333333333333,2,2,GGAGCACCTACGAAGAGGTC,0,152906
TSS_4654_wanner_regulondb,0.3333333333333333,2,2,GGACTACGACCAGACGAAGA,0,171115
TSS_4654_wanner_regulondb,0.3333333333333333,2,2,GGACAGGCCTGGGTAACTGC,0,167860
TSS_4654_wanner_regulondb,0.3333333333333333,2,2,GGACACTTCCTCGCGCATTA,0,127806
TSS_4654_wanner_regulondb,0.3333333333333333,2,2,GGAATCGATGTGTTTGACAG,0,154822
TSS_4654_wanner_regulondb,0.3333333333333333,2,2,GGAACGATTATAAAGTTCGG,0,143574
TSS_4654_wanner_regulondb,0.3333333333333333,2,2,GGAAAATGGATTGCCGTCAC,0,166925
TSS_4654_wanner_regulondb,0.3333333333333333,2,2,GCTTTCCGTTGCAACTGTGA,0,137109
TSS_4654_wanner_regulondb,0.3333333333333333,2,2,GCTTGGCCTCACAGGCTTTC,0,149020
TSS_4654_wanner_regulondb,0.3333333333333333,2,2,GCTTCCTCAGGAATGGTATA,0,159276
TSS_4654_wanner_regulondb,0.3333333333333333,2,2,GCTGTTTGGCGAACATTCCC,0,133170
TSS_4654_wanner_regulondb,0.3333333333333333,2,2,GCTGAGGAACGCGGTACAGG,0,159958
TSS_4654_wanner_regulondb,0.3333333333333333,2,2,GCTGAGCTTTAAGCCTCGAT,0,135507
TSS_4654_wanner_regulondb,0.3333333333333333,2,2,GCTGACCTGACGTCAAGTCA,0,132467
TSS_4654_wanner_regulondb,0.3333333333333333,2,2,GCTATGTATGGGGAACCTGG,0,129223
TSS_4654_wanner_regulondb,0.3333333333333333,2,2,GCTATGGCAGCGGTTAGATT,0,128812
TSS_4654_wanner_regulondb,0.3333333333333333,2,2,GCTATAAGAAGTCACGGGTT,0,159425
TSS_4654_wanner_regulondb,0.3333333333333333,2,2,GCTACGCCAGTGAGCTGCTT,0,173961
TSS_4654_wanner_regulondb,0.3333333333333333,2,2,GCGTTGAGGAGCGGGAATAC,0,131750
TSS_4654_wanner_regulondb,0.3333333333333333,2,2,GCGTGTGACACGGAAGAAAG,0,136558
TSS_4654_wanner_regulondb,0.3333333333333333,2,2,GCGTCGCATGTTTACATAAT,0,142276
TSS_4654_wanner_regulondb,0.3333333333333333,2,2,GCGTCCAAAATAGTTGCCGT,0,136435
TSS_4654_wanner_regulondb,0.3333333333333333,2,2,GCGTATGCACGTTAACGGAT,0,170774
TSS_4654_wanner_regulondb,0.3333333333333333,2,2,GCGGTGGGATACTGCTCATA,0,161167
TSS_4654_wanner_regulondb,0.3333333333333333,2,2,GCGGGCAGAGTCCCCGACGT,0,151288
TSS_4654_wanner_regulondb,0.3333333333333333,2,2,GCGGGCACTCACCTAAATTG,0,167311
TSS_4654_wanner_regulondb,0.3333333333333333,2,2,GCGGCTAAGGTGCCTAGGAT,0,167562
TSS_4654_wanner_regulondb,0.3333333333333333,2,2,GCGGCCCCGCTGGGACCCCT,0,135144
TSS_4654_wanner_regulondb,0.3333333333333333,2,2,GCGGATAAAAGGTACCCAAA,0,156864
TSS_4654_wanner_regulondb,0.3333333333333333,2,2,GCGGAGAAACAGTTATTAAA,0,159937
TSS_4654_wanner_regulondb,0.3333333333333333,2,2,GCGGAACGTACTCCCAAAAG,0,167125
TSS_4654_wanner_regulondb,0.3333333333333333,2,2,GCGCTTGCTTGGGTAAGAGT,0,133559
TSS_4654_wanner_regulondb,0.3333333333333333,2,2,GCGCTCATTTGACCCCACCA,0,160770
TSS_4654_wanner_regulondb,0.3333333333333333,2,2,GCGCGTTACTTATGTGGTGT,0,124955
TSS_4654_wanner_regulondb,0.3333333333333333,2,2,GCGCAAACCTGAAGCAGCGT,0,160388
TSS_4654_wanner_regulondb,0.3333333333333333,2,2,GCGATTCAGTGACTGGGATG,0,164766
TSS_4654_wanner_regulondb,0.3333333333333333,2,2,GCGATGTCCCGGGAGTCTGT,0,172630
TSS_4654_wanner_regulondb,0.3333333333333333,2,2,GCGAGTTAATAATCGGTCGG,0,162619
TSS_4654_wanner_regulondb,0.3333333333333333,2,2,GCGAAGCGTTGTTTGTCAGC,0,172364
TSS_4654_wanner_regulondb,0.3333333333333333,2,2,GCCTTAAATACTCGGCAGGT,0,137413
TSS_4654_wanner_regulondb,0.3333333333333333,2,2,GCCTGTCAGAGCCAGGTTGT,0,156549
TSS_4654_wanner_regulondb,0.3333333333333333,2,2,GCCGGTAGAGTGCAACATTT,0,170603
TSS_4654_wanner_regulondb,0.3333333333333333,2,2,GCCGGCGTAGATAGGGGCGT,0,135977
TSS_4654_wanner_regulondb,0.3333333333333333,2,2,GCCGGCGAACGGTGGTCTAC,0,156971
TSS_4654_wanner_regulondb,0.3333333333333333,2,2,GCCCTGCGAGGTATGTAGTA,0,144720
TSS_4654_wanner_regulondb,0.3333333333333333,2,2,GCCCTCGGGCGACTGTCTGG,0,173193
TSS_4654_wanner_regulondb,0.3333333333333333,2,2,GCCCGGAATATTTCGATACC,0,132272
TSS_4654_wanner_regulondb,0.3333333333333333,2,2,GCCATACTTACCAGTTCCAA,0,158583
TSS_4654_wanner_regulondb,0.3333333333333333,2,2,GCCAGTTGGACCAGGTTTGG,0,148226
TSS_4654_wanner_regulondb,0.3333333333333333,2,2,GCCAGCCTATTGATAGGCAT,0,152582
TSS_4654_wanner_regulondb,0.3333333333333333,2,2,GCCAGATTTATGTGCGAGTT,0,171007
TSS_4654_wanner_regulondb,0.3333333333333333,2,2,GCCACCTTGGAGTTTCGTGT,0,127066
TSS_4654_wanner_regulondb,0.3333333333333333,2,2,GCCAAGAAAAGCCCAGGCGG,0,155612
TSS_4654_wanner_regulondb,0.3333333333333333,2,2,GCATCCCTCAGCCTTGTGGT,0,170114
TSS_4654_wanner_regulondb,0.3333333333333333,2,2,GCAGCTTCGTCCCCGCTTCG,0,155038
TSS_4654_wanner_regulondb,0.3333333333333333,2,2,GCAGAGAAAAACTCGAATCA,0,169297
TSS_4654_wanner_regulondb,0.3333333333333333,2,2,GCAGAATGTTCCCACATGGA,0,126923
TSS_4654_wanner_regulondb,0.3333333333333333,2,2,GCACTCCGTGGAGCAACGGG,0,167304
TSS_4654_wanner_regulondb,0.3333333333333333,2,2,GCACTCAGACAGGTTCGCAT,0,131922
TSS_4654_wanner_regulondb,0.3333333333333333,2,2,GCACCTATGTCTAACTGATC,0,157666
TSS_4654_wanner_regulondb,0.3333333333333333,2,2,GCACAGTAGCCACGAATCTT,0,126374
TSS_4654_wanner_regulondb,0.3333333333333333,2,2,GCAAATGAGTGTGGCTTGCG,0,125609
TSS_4654_wanner_regulondb,0.3333333333333333,2,2,GATTGCCTTAAAATCGGCCA,0,144812
TSS_4654_wanner_regulondb,0.3333333333333333,2,2,GATTCCGAAACGAGCCTTGG,0,137737
TSS_4654_wanner_regulondb,0.3333333333333333,2,2,GATTATAATCCAGACGTTTA,0,156737
TSS_4654_wanner_regulondb,0.3333333333333333,2,2,GATGGGTACGGTGTGGAGCA,0,160083
TSS_4654_wanner_regulondb,0.3333333333333333,2,2,GATCGGCCGACTTAAACTTA,0,168958
TSS_4654_wanner_regulondb,0.3333333333333333,2,2,GATCCACTCACTGATTGGAT,0,136190
TSS_4654_wanner_regulondb,0.3333333333333333,2,2,GATATCTTGATTGGCTGATC,0,153250
TSS_4654_wanner_regulondb,0.3333333333333333,2,2,GATATCTGATTCACGCCTTT,0,162278
TSS_4654_wanner_regulondb,0.3333333333333333,2,2,GATATACAACAGGCGAACTC,0,138455
TSS_4654_wanner_regulondb,0.3333333333333333,2,2,GATAGTCTTTTGACTATTTT,0,165174
TSS_4654_wanner_regulondb,0.3333333333333333,2,2,GATAGGTCAGAACACGTGTG,0,132131
TSS_4654_wanner_regulondb,0.3333333333333333,2,2,GATAGACTTCGGCGAGCTAT,0,159649
TSS_4654_wanner_regulondb,0.3333333333333333,2,2,GAGTCTGTAATTGCGGTGAA,0,143259
TSS_4654_wanner_regulondb,0.3333333333333333,2,2,GAGTCCCCCGCAGACACATC,0,172161
TSS_4654_wanner_regulondb,0.3333333333333333,2,2,GAGGTCCAAAACCACCGGTT,0,131933
TSS_4654_wanner_regulondb,0.3333333333333333,2,2,GAGGCGTGCTAGTGTATGAA,0,147025
TSS_4654_wanner_regulondb,0.3333333333333333,2,2,GAGCCTGCGGAGTAGGACAC,0,171767
TSS_4654_wanner_regulondb,0.3333333333333333,2,2,GAGCACGTAAGCAACCGAAC,0,137987
TSS_4654_wanner_regulondb,0.3333333333333333,2,2,GAGATGCGTGGGGACCTACA,0,172592
TSS_4654_wanner_regulondb,0.3333333333333333,2,2,GAGAGTTCCGGTCTCGTTGT,0,166623
TSS_4654_wanner_regulondb,0.3333333333333333,2,2,GAGAGTAATGGAGTAGCCAA,0,165682
TSS_4654_wanner_regulondb,0.3333333333333333,2,2,GAGACATTTCAAGCACGTTT,0,159646
TSS_4654_wanner_regulondb,0.3333333333333333,2,2,GAGAAAGGCTCTGGGAGTGA,0,139309
TSS_4654_wanner_regulondb,0.3333333333333333,2,2,GACTGACTTCTTGGGCCGGA,0,166036
TSS_4654_wanner_regulondb,0.3333333333333333,2,2,GACTGAACTGGCTGGGCCGT,0,159741
TSS_4654_wanner_regulondb,0.3333333333333333,2,2,GACTCGCTGCACGTGGCACA,0,150891
TSS_4654_wanner_regulondb,0.3333333333333333,2,2,GACTATAGTGTTATGCGTAT,0,161214
TSS_4654_wanner_regulondb,0.3333333333333333,2,2,GACTACACCGCAAGTTTTGG,0,131657
TSS_4654_wanner_regulondb,0.3333333333333333,2,2,GACGTAAAGCCGGGGACCGG,0,156702
TSS_4654_wanner_regulondb,0.3333333333333333,2,2,GACGACCCGTCAGGGAGGCA,0,150437
TSS_4654_wanner_regulondb,0.3333333333333333,2,2,GACCGTGAGTGCGAACAGTA,0,131555
TSS_4654_wanner_regulondb,0.3333333333333333,2,2,GACCCAGCGTGGGGTAACTT,0,158511
TSS_4654_wanner_regulondb,0.3333333333333333,2,2,GACCAGGTCTACCATGAAGA,0,127759
TSS_4654_wanner_regulondb,0.3333333333333333,2,2,GACATACGGCATTCATAAAA,0,149369
TSS_4654_wanner_regulondb,0.3333333333333333,2,2,GACAAAATGGCCCCTTCCAA,0,160865
TSS_4654_wanner_regulondb,0.3333333333333333,2,2,GAATTAAAGGTGCTGTCAGA,0,157051
TSS_4654_wanner_regulondb,0.3333333333333333,2,2,GAATGTATGCGGCGCCGGTA,0,139240
TSS_4654_wanner_regulondb,0.3333333333333333,2,2,GAATGGGATAACACCGCCTT,0,132972
TSS_4654_wanner_regulondb,0.3333333333333333,2,2,GAATCAGTAAGACTGCGTGC,0,156322
TSS_4654_wanner_regulondb,0.3333333333333333,2,2,GAATATGCCTCAGGGCAAGT,0,126957
TSS_4654_wanner_regulondb,0.3333333333333333,2,2,GAATAGTTTGAGCTTAAATT,0,149306
TSS_4654_wanner_regulondb,0.3333333333333333,2,2,GAAGTGATGAGGCAATCGTG,0,157049
TSS_4654_wanner_regulondb,0.3333333333333333,2,2,GAAGTCTGCGTCTGAAGATA,0,150703
TSS_4654_wanner_regulondb,0.3333333333333333,2,2,GAAGGGCGGGTCATAACTGG,0,129483
TSS_4654_wanner_regulondb,0.3333333333333333,2,2,GAACCTGTTGAAGCCTTAAC,0,132227
TSS_4654_wanner_regulondb,0.3333333333333333,2,2,GAACCTATCGCAATTCGAAC,0,157954
TSS_4654_wanner_regulondb,0.3333333333333333,2,2,GAACATTGGCACTTCGCGTC,0,128242
TSS_4654_wanner_regulondb,0.3333333333333333,2,2,GAACAGCTCGGGCTCACGTC,0,139148
TSS_4654_wanner_regulondb,0.3333333333333333,2,2,GAAATGTTCGCTCTAAGTTT,0,172021
TSS_4654_wanner_regulondb,0.3333333333333333,2,2,GAAATGTATCTCAGAACCTC,0,166335
TSS_4654_wanner_regulondb,0.3333333333333333,2,2,GAAACAAGGTTGGTTTTTCT,0,159851
TSS_4654_wanner_regulondb,0.3333333333333333,2,2,GAAAATCGGCAGTACATCTT,0,143833
TSS_4654_wanner_regulondb,0.3333333333333333,2,2,CTTTTGCTTTGCGGAGGCCT,0,159742
TSS_4654_wanner_regulondb,0.3333333333333333,2,2,CTTTAGTGTTACCTTGGGCT,0,164551
TSS_4654_wanner_regulondb,0.3333333333333333,2,2,CTTTAGCCCTTAGTAGACCA,0,146823
TSS_4654_wanner_regulondb,0.3333333333333333,2,2,CTTGGAATGTGGTGGGGATG,0,144145
TSS_4654_wanner_regulondb,0.3333333333333333,2,2,CTTGCTGGAAAAACCCCCTT,0,140581
TSS_4654_wanner_regulondb,0.3333333333333333,2,2,CTTCGCTGGTTTAGAGAGTT,0,145453
TSS_4654_wanner_regulondb,0.3333333333333333,2,2,CTTCGCAAGTTTGGCCACCA,0,136254
TSS_4654_wanner_regulondb,0.3333333333333333,2,2,CTTCCAACCGTCCCTCACAA,0,147287
TSS_4654_wanner_regulondb,0.3333333333333333,2,2,CTTCATAGATGCATAGCGGC,0,169407
TSS_4654_wanner_regulondb,0.3333333333333333,2,2,CTTCAAATTCATTACTGTCG,0,150834
TSS_4654_wanner_regulondb,0.3333333333333333,2,2,CTTACATCGCATGTGAGAAG,0,127092
TSS_4654_wanner_regulondb,0.3333333333333333,2,2,CTTAACAGCGACGCACGTCA,0,159922
TSS_4654_wanner_regulondb,0.3333333333333333,2,2,CTTAAATAAGCATTGGGAAC,0,171978
TSS_4654_wanner_regulondb,0.3333333333333333,2,2,CTGTTCATAAAACGGTGAGC,0,137133
TSS_4654_wanner_regulondb,0.3333333333333333,2,2,CTGTGGACATTTTCGCCGCG,0,164942
TSS_4654_wanner_regulondb,0.3333333333333333,2,2,CTGTCTGACTGCTTTAGTCA,0,136456
TSS_4654_wanner_regulondb,0.3333333333333333,2,2,CTGTCCGGAGCAAAACAATC,0,135589
TSS_4654_wanner_regulondb,0.3333333333333333,2,2,CTGTATACTAACCGGGCAAA,0,146982
TSS_4654_wanner_regulondb,0.3333333333333333,2,2,CTGTAATTACATGTTCGACT,0,132767
TSS_4654_wanner_regulondb,0.3333333333333333,2,2,CTGGGTTGTCTGTTTTTGAT,0,148881
TSS_4654_wanner_regulondb,0.3333333333333333,2,2,CTGGGTTCGAGTTGACTCTA,0,153585
TSS_4654_wanner_regulondb,0.3333333333333333,2,2,CTGGAATAGCGACCGACGCT,0,173624
TSS_4654_wanner_regulondb,0.3333333333333333,2,2,CTGCTTGGCCACACCCGGTA,0,146111
TSS_4654_wanner_regulondb,0.3333333333333333,2,2,CTGCTTCTAGATCACGTCGA,0,138178
TSS_4654_wanner_regulondb,0.3333333333333333,2,2,CTGCTGGTCTGGCAGATCGC,0,130718
TSS_4654_wanner_regulondb,0.3333333333333333,2,2,CTGCTGCCAAAAGAAGATTG,0,127093
TSS_4654_wanner_regulondb,0.3333333333333333,2,2,CTGCGCATCGGAGCTAGATA,0,135310
TSS_4654_wanner_regulondb,0.3333333333333333,2,2,CTGCGAGACCTGTCGCGCGG,0,129217
TSS_4654_wanner_regulondb,0.3333333333333333,2,2,CTGAAGAGCCAATCCTTGCT,0,147604
TSS_4654_wanner_regulondb,0.3333333333333333,2,2,CTCTCCAATACAATCACCGT,0,169484
TSS_4654_wanner_regulondb,0.3333333333333333,2,2,CTCGGACGCCAAACCCTGAT,0,135587
TSS_4654_wanner_regulondb,0.3333333333333333,2,2,CTCGCCATGCACACTACTTT,0,147257
TSS_4654_wanner_regulondb,0.3333333333333333,2,2,CTCGACAGCATTCGGGAGGG,0,134308
TSS_4654_wanner_regulondb,0.3333333333333333,2,2,CTCCTGATAGTTTTATATAG,0,154207
TSS_4654_wanner_regulondb,0.3333333333333333,2,2,CTCCGGTTTCAAGAATCACC,0,166135
TSS_4654_wanner_regulondb,0.3333333333333333,2,2,CTCCGGGCGAGCACAGACGA,0,141577
TSS_4654_wanner_regulondb,0.3333333333333333,2,2,CTCAGCCCAATATAGGCTGT,0,158154
TSS_4654_wanner_regulondb,0.3333333333333333,2,2,CTCAACGGAGGGTCTAACGG,0,172375
TSS_4654_wanner_regulondb,0.3333333333333333,2,2,CTATGTCCTATAAGGGGTGT,0,148733
TSS_4654_wanner_regulondb,0.3333333333333333,2,2,CTATGCCTTAAGCATCGCCT,0,167126
TSS_4654_wanner_regulondb,0.3333333333333333,2,2,CTATCGTCGCTCTAGCAGGT,0,156495
TSS_4654_wanner_regulondb,0.3333333333333333,2,2,CTATCCCGCTCTCTCACAGT,0,158917
TSS_4654_wanner_regulondb,0.3333333333333333,2,2,CTATCAGGTTAGCACCCTAC,0,154163
TSS_4654_wanner_regulondb,0.3333333333333333,2,2,CTATAAGTATGTGATCGTAT,0,144742
TSS_4654_wanner_regulondb,0.3333333333333333,2,2,CTAGTGCCACGTTAGTAGGT,0,149542
TSS_4654_wanner_regulondb,0.3333333333333333,2,2,CTAGTCATTCGATTAAAACC,0,126865
TSS_4654_wanner_regulondb,0.3333333333333333,2,2,CTAGGCTCCCATCTGCAGAA,0,139205
TSS_4654_wanner_regulondb,0.3333333333333333,2,2,CTAGCTTTCCGGCCGTTCAC,0,159766
TSS_4654_wanner_regulondb,0.3333333333333333,2,2,CTAGCCAGTCCTAAAAGGAT,0,132142
TSS_4654_wanner_regulondb,0.3333333333333333,2,2,CTACTTTACTATTCTATTAC,0,148017
TSS_4654_wanner_regulondb,0.3333333333333333,2,2,CTACTTGGAGACACAAGTGC,0,165835
TSS_4654_wanner_regulondb,0.3333333333333333,2,2,CTACGCGTATAATTGTGTGG,0,128083
TSS_4654_wanner_regulondb,0.3333333333333333,2,2,CTACAGGGGGCCGCCAGGCA,0,167564
TSS_4654_wanner_regulondb,0.3333333333333333,2,2,CTACAGAGTACGCTTCTCTT,0,136954
TSS_4654_wanner_regulondb,0.3333333333333333,2,2,CTACACGACCGTTGACTCCA,0,124916
TSS_4654_wanner_regulondb,0.3333333333333333,2,2,CTAATCACGCTGTACCCGGA,0,145631
TSS_4654_wanner_regulondb,0.3333333333333333,2,2,CTAATATTGCTACGGCCAGA,0,157185
TSS_4654_wanner_regulondb,0.3333333333333333,2,2,CTAAACGGACTTAGGCGTCG,0,165840
TSS_4654_wanner_regulondb,0.3333333333333333,2,2,CGTTGCGGTCATAATGAAGA,0,148953
TSS_4654_wanner_regulondb,0.3333333333333333,2,2,CGTGTCACCAGGTGCACCAC,0,170090
TSS_4654_wanner_regulondb,0.3333333333333333,2,2,CGTGGATCTCTTTCCGGCTA,0,135754
TSS_4654_wanner_regulondb,0.3333333333333333,2,2,CGTCGTAGCCTACTTGCTCG,0,149051
TSS_4654_wanner_regulondb,0.3333333333333333,2,2,CGTCCGCTCAAGCCTTCAAC,0,138075
TSS_4654_wanner_regulondb,0.3333333333333333,2,2,CGTCACATAATTGATGTATG,0,147827
TSS_4654_wanner_regulondb,0.3333333333333333,2,2,CGTCAAGCGTTTAGTGAGTA,0,145421
TSS_4654_wanner_regulondb,0.3333333333333333,2,2,CGTATTCAGTCAAAAGAGTG,0,157133
TSS_4654_wanner_regulondb,0.3333333333333333,2,2,CGTACTAAGCTCTGAATTAT,0,161387
TSS_4654_wanner_regulondb,0.3333333333333333,2,2,CGTACGGCTTCATTACGGGG,0,165508
TSS_4654_wanner_regulondb,0.3333333333333333,2,2,CGTACAGCACCATCCGACGA,0,130160
TSS_4654_wanner_regulondb,0.3333333333333333,2,2,CGGTTGCATTCAAGGAGGTA,0,126071
TSS_4654_wanner_regulondb,0.3333333333333333,2,2,CGGTTCGGGAGATTCTGAAT,0,172363
TSS_4654_wanner_regulondb,0.3333333333333333,2,2,CGGTCGTTTTGTGGAGCACT,0,164974
TSS_4654_wanner_regulondb,0.3333333333333333,2,2,CGGTCCACTCCCGAATATAT,0,156507
TSS_4654_wanner_regulondb,0.3333333333333333,2,2,CGGTAGGTCTGCCGGTTCGT,0,148139
TSS_4654_wanner_regulondb,0.3333333333333333,2,2,CGGGTTATGATATTGTTTTT,0,165002
TSS_4654_wanner_regulondb,0.3333333333333333,2,2,CGGGTAAAAGCTGCTCAAAA,0,138257
TSS_4654_wanner_regulondb,0.3333333333333333,2,2,CGGGGTTATTGATTGCGCAG,0,132514
TSS_4654_wanner_regulondb,0.3333333333333333,2,2,CGGGCCAAGCGGAGGCGCCC,0,139463
TSS_4654_wanner_regulondb,0.3333333333333333,2,2,CGGGAGGTGCACGTCATATG,0,153272
TSS_4654_wanner_regulondb,0.3333333333333333,2,2,CGGGACCTTCTCGGCGCGCA,0,151907
TSS_4654_wanner_regulondb,0.3333333333333333,2,2,CGGCTTTATCCTCCAGCAAA,0,150071
TSS_4654_wanner_regulondb,0.3333333333333333,2,2,CGGCTTCCACTTCCAACTCT,0,153811
TSS_4654_wanner_regulondb,0.3333333333333333,2,2,CGGCTGGGTAGATCGACCCA,0,146220
TSS_4654_wanner_regulondb,0.3333333333333333,2,2,CGGCTCCTGACGATAGATCG,0,165687
TSS_4654_wanner_regulondb,0.3333333333333333,2,2,CGGCGAAGACCTGGCAACAA,0,172620
TSS_4654_wanner_regulondb,0.3333333333333333,2,2,CGGCCTTCTTACGTGCTAAA,0,125613
TSS_4654_wanner_regulondb,0.3333333333333333,2,2,CGGCATGTACAGGAATCGCA,0,148928
TSS_4654_wanner_regulondb,0.3333333333333333,2,2,CGGCATACGGAATATCCGTG,0,162109
TSS_4654_wanner_regulondb,0.3333333333333333,2,2,CGGATTCGTTATGCCAGACT,0,138223
TSS_4654_wanner_regulondb,0.3333333333333333,2,2,CGGACTTTCGCCAGCTCTAG,0,125258
TSS_4654_wanner_regulondb,0.3333333333333333,2,2,CGGAAGGGCAAACTCGGAAG,0,130272
TSS_4654_wanner_regulondb,0.3333333333333333,2,2,CGGAAAAGTAGAGGCGCCGA,0,151024
TSS_4654_wanner_regulondb,0.3333333333333333,2,2,CGCTTAGGTGCGCAGGGTTG,0,155231
TSS_4654_wanner_regulondb,0.3333333333333333,2,2,CGCTCGAGAAGGTCGCTCTA,0,134425
TSS_4654_wanner_regulondb,0.3333333333333333,2,2,CGCGTTTGAATTTGCAACTG,0,144656
TSS_4654_wanner_regulondb,0.3333333333333333,2,2,CGCGTCTTGCTTCATGTTCT,0,149680
TSS_4654_wanner_regulondb,0.3333333333333333,2,2,CGCGGAGTGAATCTTGCGTA,0,145558
TSS_4654_wanner_regulondb,0.3333333333333333,2,2,CGCGCGCGGGAATCCGTAAC,0,170590
TSS_4654_wanner_regulondb,0.3333333333333333,2,2,CGCGATATTCGCGCTGTACT,0,124989
TSS_4654_wanner_regulondb,0.3333333333333333,2,2,CGCGAGATGTGGGAAGCCAT,0,129267
TSS_4654_wanner_regulondb,0.3333333333333333,2,2,CGCCTGTATCATGGTTCGAT,0,128616
TSS_4654_wanner_regulondb,0.3333333333333333,2,2,CGCCGTAGGGGGTCTCACAG,0,127620
TSS_4654_wanner_regulondb,0.3333333333333333,2,2,CGCCGAACGGTCTTCGGTCT,0,145390
TSS_4654_wanner_regulondb,0.3333333333333333,2,2,CGCCCCCGGAACACAAGTAC,0,165595
TSS_4654_wanner_regulondb,0.3333333333333333,2,2,CGCATATATGCGCATAAAAA,0,143990
TSS_4654_wanner_regulondb,0.3333333333333333,2,2,CGCAGCCGCGACCAGCCACA,0,138442
TSS_4654_wanner_regulondb,0.3333333333333333,2,2,CGCACGTCCTCCAGTCAGTG,0,163491
TSS_4654_wanner_regulondb,0.3333333333333333,2,2,CGCACATCATACAACTCTAT,0,164483
TSS_4654_wanner_regulondb,0.3333333333333333,2,2,CGCAAACATCTGTGGAGACT,0,160793
TSS_4654_wanner_regulondb,0.3333333333333333,2,2,CGATTTTCATAATGCCAGGC,0,132802
TSS_4654_wanner_regulondb,0.3333333333333333,2,2,CGATGGGCGTCTCTCTTTTT,0,152683
TSS_4654_wanner_regulondb,0.3333333333333333,2,2,CGATGCGTGCCCGCTACCAT,0,166508
TSS_4654_wanner_regulondb,0.3333333333333333,2,2,CGATATAAAAGCGGATCGAA,0,135429
TSS_4654_wanner_regulondb,0.3333333333333333,2,2,CGAGCGCAAGAAGGTATGTC,0,134188
TSS_4654_wanner_regulondb,0.3333333333333333,2,2,CGACGAACACTGCGCTTCAT,0,155656
TSS_4654_wanner_regulondb,0.3333333333333333,2,2,CGAAGCTTTTAAGAGGACGA,0,147010
TSS_4654_wanner_regulondb,0.3333333333333333,2,2,CGAAGCTTCGGAGCTAAAGA,0,156186
TSS_4654_wanner_regulondb,0.3333333333333333,2,2,CCTTTTTCGGTGTCCAGGTG,0,138458
TSS_4654_wanner_regulondb,0.3333333333333333,2,2,CCTTTCGGTCTAGAGGGTTA,0,150277
TSS_4654_wanner_regulondb,0.3333333333333333,2,2,CCTTGCGGTCCATCTCGGAG,0,133543
TSS_4654_wanner_regulondb,0.3333333333333333,2,2,CCTTCCGGTTATGCAGAGAG,0,146580
TSS_4654_wanner_regulondb,0.3333333333333333,2,2,CCTTCATCTGATGGCTACAA,0,156310
TSS_4654_wanner_regulondb,0.3333333333333333,2,2,CCTGTGCGGGGGAATGTCCC,0,148633
TSS_4654_wanner_regulondb,0.3333333333333333,2,2,CCTGGCTGGACAGGTTGTCG,0,126815
TSS_4654_wanner_regulondb,0.3333333333333333,2,2,CCTGATATTCACTGCTCAGA,0,165736
TSS_4654_wanner_regulondb,0.3333333333333333,2,2,CCTGACACTTTAGGTGGATT,0,147191
TSS_4654_wanner_regulondb,0.3333333333333333,2,2,CCTGAAGCTTCGGTCGTTGC,0,157102
TSS_4654_wanner_regulondb,0.3333333333333333,2,2,CCTGAACGCCCATTATTTAA,0,138602
TSS_4654_wanner_regulondb,0.3333333333333333,2,2,CCTCATGAAGTAAGGGGTAC,0,158222
TSS_4654_wanner_regulondb,0.3333333333333333,2,2,CCTCAGTCGAGCCCGATTAG,0,131549
TSS_4654_wanner_regulondb,0.3333333333333333,2,2,CCTCAATCGACTGCATTTAT,0,150825
TSS_4654_wanner_regulondb,0.3333333333333333,2,2,CCTAGCACTAGACACCCCCA,0,152652
TSS_4654_wanner_regulondb,0.3333333333333333,2,2,CCTAGACGTGTCACTGTCCC,0,134113
TSS_4654_wanner_regulondb,0.3333333333333333,2,2,CCTAGAACTGGACTGGCATT,0,171232
TSS_4654_wanner_regulondb,0.3333333333333333,2,2,CCTACTCATGGGCTGGCTTT,0,147262
TSS_4654_wanner_regulondb,0.3333333333333333,2,2,CCTACGACAACTCCTTTGAC,0,128563
TSS_4654_wanner_regulondb,0.3333333333333333,2,2,CCGTTTCCGAGCGGCCCTAA,0,129801
TSS_4654_wanner_regulondb,0.3333333333333333,2,2,CCGTCAATAGAGGTGGCATG,0,169624
TSS_4654_wanner_regulondb,0.3333333333333333,2,2,CCGTCAAGGGCAAGTCCTAA,0,153934
TSS_4654_wanner_regulondb,0.3333333333333333,2,2,CCGTATTAGTGATATGGCTC,0,138160
TSS_4654_wanner_regulondb,0.3333333333333333,2,2,CCGTACGGAGAGAGTGCACT,0,131786
TSS_4654_wanner_regulondb,0.3333333333333333,2,2,CCGTAACTGGCGGTTTACTT,0,170371
TSS_4654_wanner_regulondb,0.3333333333333333,2,2,CCGGGTCCTGTCGTAACGAC,0,152042
TSS_4654_wanner_regulondb,0.3333333333333333,2,2,CCGGGATTTGATGGTCGAAG,0,171909
TSS_4654_wanner_regulondb,0.3333333333333333,2,2,CCGGATTTAAAATGGTTTTT,0,161003
TSS_4654_wanner_regulondb,0.3333333333333333,2,2,CCGGACCGTTTGCCGGTACA,0,167814
TSS_4654_wanner_regulondb,0.3333333333333333,2,2,CCGCGTTGTATCAAACGAAA,0,128830
TSS_4654_wanner_regulondb,0.3333333333333333,2,2,CCGCGCCTCCCCTGAGATGA,0,163595
TSS_4654_wanner_regulondb,0.3333333333333333,2,2,CCGCCGGGTCCGGCTAGAGA,0,139772
TSS_4654_wanner_regulondb,0.3333333333333333,2,2,CCGCATGTAGACAAATGTGC,0,151822
TSS_4654_wanner_regulondb,0.3333333333333333,2,2,CCGATCCCTCATGAGGGATT,0,140554
TSS_4654_wanner_regulondb,0.3333333333333333,2,2,CCGAGCTAGTCGGCTTCCAG,0,132031
TSS_4654_wanner_regulondb,0.3333333333333333,2,2,CCGACATATCCGCGAAAAAG,0,135194
TSS_4654_wanner_regulondb,0.3333333333333333,2,2,CCGAAGGGATAATACGGTGG,0,146273
TSS_4654_wanner_regulondb,0.3333333333333333,2,2,CCCTGTCTGCAGCCAACTTT,0,141365
TSS_4654_wanner_regulondb,0.3333333333333333,2,2,CCCTGTCATTAATGTACCCT,0,144112
TSS_4654_wanner_regulondb,0.3333333333333333,2,2,CCCTGCTATATAATGGTGGA,0,128177
TSS_4654_wanner_regulondb,0.3333333333333333,2,2,CCCTCTAGCGACACGTCAGT,0,154808
TSS_4654_wanner_regulondb,0.3333333333333333,2,2,CCCGTTAAGGGGATCCAACG,0,172461
TSS_4654_wanner_regulondb,0.3333333333333333,2,2,CCCGTCTCGCCACTTGAGAT,0,166684
TSS_4654_wanner_regulondb,0.3333333333333333,2,2,CCCGTCGTGGGCTTAGATCT,0,128238
TSS_4654_wanner_regulondb,0.3333333333333333,2,2,CCCGGCTACTACCAGGCTCT,0,137139
TSS_4654_wanner_regulondb,0.3333333333333333,2,2,CCCGATGCGTCTCGTCAATG,0,137533
TSS_4654_wanner_regulondb,0.3333333333333333,2,2,CCCGATCTGTGCCCATGTTG,0,161626
TSS_4654_wanner_regulondb,0.3333333333333333,2,2,CCCCTCACTCATTGAGGGTG,0,127554
TSS_4654_wanner_regulondb,0.3333333333333333,2,2,CCCCGGCCAATGGAGCTTGG,0,133171
TSS_4654_wanner_regulondb,0.3333333333333333,2,2,CCCATCAACCGGGCAGGAGT,0,144387
TSS_4654_wanner_regulondb,0.3333333333333333,2,2,CCCAGTGAAGGCTACCGGGA,0,173911
TSS_4654_wanner_regulondb,0.3333333333333333,2,2,CCCAGGGGTCCGTTACGGTA,0,138841
TSS_4654_wanner_regulondb,0.3333333333333333,2,2,CCCAGCTAATGAGTAAATAG,0,143179
TSS_4654_wanner_regulondb,0.3333333333333333,2,2,CCCACTAGGCCCTACGGTCA,0,158202
TSS_4654_wanner_regulondb,0.3333333333333333,2,2,CCCAAATCTCCTTTGCCCTC,0,126644
TSS_4654_wanner_regulondb,0.3333333333333333,2,2,CCATGATTTGCTTAATTATG,0,141443
TSS_4654_wanner_regulondb,0.3333333333333333,2,2,CCATAGCAGTGTTGTAGACA,0,144443
TSS_4654_wanner_regulondb,0.3333333333333333,2,2,CCATAACCCTACTATTCGTA,0,138198
TSS_4654_wanner_regulondb,0.3333333333333333,2,2,CCAGGCGAGCTCCGCGCCGT,0,151491
TSS_4654_wanner_regulondb,0.3333333333333333,2,2,CCAGGAACCCGGGTCTACCT,0,143802
TSS_4654_wanner_regulondb,0.3333333333333333,2,2,CCAGCGCTGACTGACCTTAA,0,140519
TSS_4654_wanner_regulondb,0.3333333333333333,2,2,CCAGCATTACTCTGTAACAC,0,130800
TSS_4654_wanner_regulondb,0.3333333333333333,2,2,CCAGAAGTAGAGCATTACTT,0,126511
TSS_4654_wanner_regulondb,0.3333333333333333,2,2,CCAGAACATAAGGTCGGGTC,0,133676
TSS_4654_wanner_regulondb,0.3333333333333333,2,2,CCAGAAACAGGACACTTACC,0,158345
TSS_4654_wanner_regulondb,0.3333333333333333,2,2,CCACTCTCGATAGAGAGTAG,0,173470
TSS_4654_wanner_regulondb,0.3333333333333333,2,2,CCACTCAACACCTCTCACGT,0,139353
TSS_4654_wanner_regulondb,0.3333333333333333,2,2,CCACGATAGAACACCCGGTT,0,130721
TSS_4654_wanner_regulondb,0.3333333333333333,2,2,CCACGAACGCAAACGTTCCT,0,153912
TSS_4654_wanner_regulondb,0.3333333333333333,2,2,CCACATACGGGTGCAGAGTA,0,156148
TSS_4654_wanner_regulondb,0.3333333333333333,2,2,CCAAGTGGCACTGCACGCGG,0,145576
TSS_4654_wanner_regulondb,0.3333333333333333,2,2,CCAACGTGGGAATGCCCAAC,0,134101
TSS_4654_wanner_regulondb,0.3333333333333333,2,2,CCAACAATCACGGATCGTAA,0,154545
TSS_4654_wanner_regulondb,0.3333333333333333,2,2,CATTTCTACACTCGTGTCTT,0,142454
TSS_4654_wanner_regulondb,0.3333333333333333,2,2,CATTGATGATCCATGTAATG,0,155253
TSS_4654_wanner_regulondb,0.3333333333333333,2,2,CATTAGATGCCGATATTCAT,0,166635
TSS_4654_wanner_regulondb,0.3333333333333333,2,2,CATTAAAGGTCCTTTCACGT,0,126600
TSS_4654_wanner_regulondb,0.3333333333333333,2,2,CATGTCTCACAAAGTAAGTG,0,147106
TSS_4654_wanner_regulondb,0.3333333333333333,2,2,CATGGAGCAACACTCTAAGC,0,140882
TSS_4654_wanner_regulondb,0.3333333333333333,2,2,CATGCCAGCAGGACTTATGA,0,163874
TSS_4654_wanner_regulondb,0.3333333333333333,2,2,CATGAACTGCAATCGCCTAT,0,125469
TSS_4654_wanner_regulondb,0.3333333333333333,2,2,CATCGGTTACCTAATTGGCA,0,128628
TSS_4654_wanner_regulondb,0.3333333333333333,2,2,CATCGGTATTTGGGTCTTAG,0,135445
TSS_4654_wanner_regulondb,0.3333333333333333,2,2,CATCGGCAGTCAGTCGGCGT,0,145067
TSS_4654_wanner_regulondb,0.3333333333333333,2,2,CATCAACGTCCGCTACAAGG,0,164513
TSS_4654_wanner_regulondb,0.3333333333333333,2,2,CATATGCATGACAAGCTCAC,0,166972
TSS_4654_wanner_regulondb,0.3333333333333333,2,2,CATAGCCAGGCTAGATACTA,0,125651
TSS_4654_wanner_regulondb,0.3333333333333333,2,2,CATAAGAGGCAGCGGAAGGT,0,163579
TSS_4654_wanner_regulondb,0.3333333333333333,2,2,CAGTTTATCTCGGCCCGCGA,0,158911
TSS_4654_wanner_regulondb,0.3333333333333333,2,2,CAGTGAAAGACTATAAGAAT,0,125676
TSS_4654_wanner_regulondb,0.3333333333333333,2,2,CAGTCGCGTAATCTGTTTGC,0,126265
TSS_4654_wanner_regulondb,0.3333333333333333,2,2,CAGTAACTCCGTACAGAGCG,0,154249
TSS_4654_wanner_regulondb,0.3333333333333333,2,2,CAGGTGACATAGCAGACTCG,0,136079
TSS_4654_wanner_regulondb,0.3333333333333333,2,2,CAGGTAGTGTTCTTTTACTA,0,159374
TSS_4654_wanner_regulondb,0.3333333333333333,2,2,CAGGTAGAGTTTGCTAAGAT,0,144341
TSS_4654_wanner_regulondb,0.3333333333333333,2,2,CAGGGTTCACTGTGTTTTTG,0,137059
TSS_4654_wanner_regulondb,0.3333333333333333,2,2,CAGGCAATCTAGTTGTCCGT,0,152738
TSS_4654_wanner_regulondb,0.3333333333333333,2,2,CAGCGGTCCCACACAATTCA,0,137974
TSS_4654_wanner_regulondb,0.3333333333333333,2,2,CAGCCCCACAGCCATCCGTA,0,136921
TSS_4654_wanner_regulondb,0.3333333333333333,2,2,CAGCATCAAACGGGCATCTA,0,149876
TSS_4654_wanner_regulondb,0.3333333333333333,2,2,CAGATCGGTCCTTCCTAAGC,0,160544
TSS_4654_wanner_regulondb,0.3333333333333333,2,2,CACTTGTTATGAATAGGTCC,0,130257
TSS_4654_wanner_regulondb,0.3333333333333333,2,2,CACTTGTGAGCTCCGGTGTA,0,146428
TSS_4654_wanner_regulondb,0.3333333333333333,2,2,CACTTGGATGACTGCGTCGT,0,146283
TSS_4654_wanner_regulondb,0.3333333333333333,2,2,CACTCCATGCTCAGCCCCCC,0,132678
TSS_4654_wanner_regulondb,0.3333333333333333,2,2,CACTATTAGGAACCTAAGGA,0,170453
TSS_4654_wanner_regulondb,0.3333333333333333,2,2,CACGTCAGAGGGTCGATCGA,0,141368
TSS_4654_wanner_regulondb,0.3333333333333333,2,2,CACGCGTCTGCCACCCCTTG,0,145377
TSS_4654_wanner_regulondb,0.3333333333333333,2,2,CACGATATGCTAGGTTTGCA,0,162976
TSS_4654_wanner_regulondb,0.3333333333333333,2,2,CACCGTAGACTCCCTGCCGA,0,157175
TSS_4654_wanner_regulondb,0.3333333333333333,2,2,CACCATACTGTTTCACAGGG,0,143599
TSS_4654_wanner_regulondb,0.3333333333333333,2,2,CACATCAGGAGCTCTTCTGT,0,162227
TSS_4654_wanner_regulondb,0.3333333333333333,2,2,CACATCACGGCGATGGTCAC,0,148824
TSS_4654_wanner_regulondb,0.3333333333333333,2,2,CACATCACCGATCGGGCAGG,0,166555
TSS_4654_wanner_regulondb,0.3333333333333333,2,2,CACAGCAATCGGGAAAGAAA,0,129171
TSS_4654_wanner_regulondb,0.3333333333333333,2,2,CACAACATCTAGTGCACAGT,0,146378
TSS_4654_wanner_regulondb,0.3333333333333333,2,2,CAATGAAACCCATGGCCACA,0,165965
TSS_4654_wanner_regulondb,0.3333333333333333,2,2,CAATCTGTCTCAAAAGGGTG,0,160543
TSS_4654_wanner_regulondb,0.3333333333333333,2,2,CAATCGCCCTAGTCCCCTTC,0,169602
TSS_4654_wanner_regulondb,0.3333333333333333,2,2,CAAGTTTTACCTGTAGGTGC,0,171431
TSS_4654_wanner_regulondb,0.3333333333333333,2,2,CAAGGACCTGCGTGAGATCA,0,151566
TSS_4654_wanner_regulondb,0.3333333333333333,2,2,CAACGCAACCCGTCGGGATG,0,143752
TSS_4654_wanner_regulondb,0.3333333333333333,2,2,CAACATGACTCCGAGCTAGA,0,130423
TSS_4654_wanner_regulondb,0.3333333333333333,2,2,CAAATCTTAACCAAAATTAG,0,125343
TSS_4654_wanner_regulondb,0.3333333333333333,2,2,CAAAGTTACGTATAGTGTAA,0,143004
TSS_4654_wanner_regulondb,0.3333333333333333,2,2,CAAACAGAGCTCAGAGGTCT,0,127335
TSS_4654_wanner_regulondb,0.3333333333333333,2,2,CAAAACGGAGAGTTTTAAGC,0,161436
TSS_4654_wanner_regulondb,0.3333333333333333,2,2,CAAAAAATGTCACCTTATAT,0,139950
TSS_4654_wanner_regulondb,0.3333333333333333,2,2,ATTTTAGGAGATGTCGCTTT,0,127477
TSS_4654_wanner_regulondb,0.3333333333333333,2,2,ATTTTAATATCATTTAGTAA,0,149194
TSS_4654_wanner_regulondb,0.3333333333333333,2,2,ATTGGCTCCTGCGTGATGCA,0,173027
TSS_4654_wanner_regulondb,0.3333333333333333,2,2,ATTGCACGATATCCATCTGA,0,165073
TSS_4654_wanner_regulondb,0.3333333333333333,2,2,ATTCTGCCCCGTTCTGGACA,0,156492
TSS_4654_wanner_regulondb,0.3333333333333333,2,2,ATTCTACCATCTGAAGAATA,0,142398
TSS_4654_wanner_regulondb,0.3333333333333333,2,2,ATTCGATACGGTCTGTCTCA,0,163588
TSS_4654_wanner_regulondb,0.3333333333333333,2,2,ATTCCCGTAATTGCATTCGT,0,148359
TSS_4654_wanner_regulondb,0.3333333333333333,2,2,ATTCAGGTTCGAATGCACCT,0,164999
TSS_4654_wanner_regulondb,0.3333333333333333,2,2,ATTCAGGCCCGTTGCCAATG,0,139590
TSS_4654_wanner_regulondb,0.3333333333333333,2,2,ATTCACCACGCAATAAGTTG,0,128305
TSS_4654_wanner_regulondb,0.3333333333333333,2,2,ATTAGTGCACGTAATGCTCG,0,165488
TSS_4654_wanner_regulondb,0.3333333333333333,2,2,ATTACGTGCGTTGAATAGTC,0,138113
TSS_4654_wanner_regulondb,0.3333333333333333,2,2,ATTAAGGCGCAGTGCTAATG,0,163430
TSS_4654_wanner_regulondb,0.3333333333333333,2,2,ATTAAGGAGCTTAAACGCTT,0,163095
TSS_4654_wanner_regulondb,0.3333333333333333,2,2,ATTAAGGAGCATTGGTATAT,0,129525
TSS_4654_wanner_regulondb,0.3333333333333333,2,2,ATGTTTTGGATGGCACGACA,0,145814
TSS_4654_wanner_regulondb,0.3333333333333333,2,2,ATGTGTGCAAGCTCTTGTCG,0,163007
TSS_4654_wanner_regulondb,0.3333333333333333,2,2,ATGTGATCATGATCCCTCGC,0,150316
TSS_4654_wanner_regulondb,0.3333333333333333,2,2,ATGTCGTTTTCAAGCGGAAT,0,149606
TSS_4654_wanner_regulondb,0.3333333333333333,2,2,ATGTATTGCGGATACTGAAA,0,132389
TSS_4654_wanner_regulondb,0.3333333333333333,2,2,ATGTATTCAGGGCTTTGACA,0,149943
TSS_4654_wanner_regulondb,0.3333333333333333,2,2,ATGTAAGGCGTTCTTCGCTA,0,129527
TSS_4654_wanner_regulondb,0.3333333333333333,2,2,ATGGGGCGTTTCTACATGTA,0,147470
TSS_4654_wanner_regulondb,0.3333333333333333,2,2,ATGGCACGGGAATTCGGCTT,0,157672
TSS_4654_wanner_regulondb,0.3333333333333333,2,2,ATGCTTACGATAAATTTCGT,0,141829
TSS_4654_wanner_regulondb,0.3333333333333333,2,2,ATGCTGACTCTACCGCCGTG,0,128960
TSS_4654_wanner_regulondb,0.3333333333333333,2,2,ATGCTATCGTATTCTGCGCA,0,159463
TSS_4654_wanner_regulondb,0.3333333333333333,2,2,ATGCCCTGCGGGATGTAATT,0,163830
TSS_4654_wanner_regulondb,0.3333333333333333,2,2,ATGCAGCCGTACTACCTATA,0,170075
TSS_4654_wanner_regulondb,0.3333333333333333,2,2,ATGCAAGGGGCACCTGGCAG,0,136574
TSS_4654_wanner_regulondb,0.3333333333333333,2,2,ATGCAAGATGTATGATGCGT,0,171453
TSS_4654_wanner_regulondb,0.3333333333333333,2,2,ATCTGCGACCGACATCGACA,0,124920
TSS_4654_wanner_regulondb,0.3333333333333333,2,2,ATCTAATCTGCTGAACCCAT,0,148703
TSS_4654_wanner_regulondb,0.3333333333333333,2,2,ATCGTGTTCAGATTCGCGCA,0,150139
TSS_4654_wanner_regulondb,0.3333333333333333,2,2,ATCGTAACGGTTTGTACGCA,0,139124
TSS_4654_wanner_regulondb,0.3333333333333333,2,2,ATCGCCTGAGGCAGTGTGAA,0,161457
TSS_4654_wanner_regulondb,0.3333333333333333,2,2,ATCGCCAAATGTTGTAAGAC,0,165382
TSS_4654_wanner_regulondb,0.3333333333333333,2,2,ATCGAATAAGCCGCCTGGAT,0,172344
TSS_4654_wanner_regulondb,0.3333333333333333,2,2,ATCCTCGAATCTAGAAAGCA,0,127651
TSS_4654_wanner_regulondb,0.3333333333333333,2,2,ATCCTACCACGATCCATACA,0,155083
TSS_4654_wanner_regulondb,0.3333333333333333,2,2,ATCCGAGCGTTACGCCTTGT,0,172816
TSS_4654_wanner_regulondb,0.3333333333333333,2,2,ATCCCTGCCCCAGTGCTCTT,0,150325
TSS_4654_wanner_regulondb,0.3333333333333333,2,2,ATCCCTCAAACGTTCTTAGC,0,140928
TSS_4654_wanner_regulondb,0.3333333333333333,2,2,ATCCAGCTTTAGGCTACGCC,0,129684
TSS_4654_wanner_regulondb,0.3333333333333333,2,2,ATCCAAAAGAGTCGGAAAGG,0,163710
TSS_4654_wanner_regulondb,0.3333333333333333,2,2,ATCATGTAAACCATATGGCT,0,132429
TSS_4654_wanner_regulondb,0.3333333333333333,2,2,ATCATCCGTGGAGATTACTT,0,127965
TSS_4654_wanner_regulondb,0.3333333333333333,2,2,ATCACGTAGCGATGCAGTAG,0,124959
TSS_4654_wanner_regulondb,0.3333333333333333,2,2,ATATCGTTGCAGGAATCGGC,0,138363
TSS_4654_wanner_regulondb,0.3333333333333333,2,2,ATATCACCTTGAGTTAACGG,0,161002
TSS_4654_wanner_regulondb,0.3333333333333333,2,2,ATAGATGGCCTGAGCGGCCT,0,142671
TSS_4654_wanner_regulondb,0.3333333333333333,2,2,ATAGAGCTCGCGAACTTTCG,0,145331
TSS_4654_wanner_regulondb,0.3333333333333333,2,2,ATAGACAGCCGTCGTAACGG,0,141369
TSS_4654_wanner_regulondb,0.3333333333333333,2,2,ATACGGGTTCGCTTCACTAC,0,134769
TSS_4654_wanner_regulondb,0.3333333333333333,2,2,ATACAGTCAATAGATTGAAA,0,170384
TSS_4654_wanner_regulondb,0.3333333333333333,2,2,ATAATACAGCATTTCTAGTT,0,156231
TSS_4654_wanner_regulondb,0.3333333333333333,2,2,ATAAGCAGCCGATGACGTGA,0,153549
TSS_4654_wanner_regulondb,0.3333333333333333,2,2,ATAAGACGGCGTATGGAAAT,0,144462
TSS_4654_wanner_regulondb,0.3333333333333333,2,2,AGTTCGTTCCATAGGTCAGT,0,159181
TSS_4654_wanner_regulondb,0.3333333333333333,2,2,AGTTAACCAGGTGATGTCCC,0,169045
TSS_4654_wanner_regulondb,0.3333333333333333,2,2,AGTGTCGGAAACGGCTTACG,0,159934
TSS_4654_wanner_regulondb,0.3333333333333333,2,2,AGTGGGTGGACCACCTTTAG,0,173968
TSS_4654_wanner_regulondb,0.3333333333333333,2,2,AGTGGGGAAAGTCCGCACGC,0,142110
TSS_4654_wanner_regulondb,0.3333333333333333,2,2,AGTGCGTCGTAGGCGGCATA,0,131398
TSS_4654_wanner_regulondb,0.3333333333333333,2,2,AGTGCCCAGATCGTTACGGA,0,147798
TSS_4654_wanner_regulondb,0.3333333333333333,2,2,AGTGAACATAATCTTAGCCC,0,168866
TSS_4654_wanner_regulondb,0.3333333333333333,2,2,AGTCGGTTCGAGAGCGGATC,0,155369
TSS_4654_wanner_regulondb,0.3333333333333333,2,2,AGTCGCTGGCCTGTCTCTAC,0,143418
TSS_4654_wanner_regulondb,0.3333333333333333,2,2,AGTCATTAAAGGCCGGGTGT,0,127361
TSS_4654_wanner_regulondb,0.3333333333333333,2,2,AGTCAATGCGGTCACAGCAG,0,129108
TSS_4654_wanner_regulondb,0.3333333333333333,2,2,AGTCAATAAAGCCTGGCCCA,0,141925
TSS_4654_wanner_regulondb,0.3333333333333333,2,2,AGTCAAAGAGATCGGCCACA,0,153161
TSS_4654_wanner_regulondb,0.3333333333333333,2,2,AGTATGCCAGCCCCAGGCCT,0,149537
TSS_4654_wanner_regulondb,0.3333333333333333,2,2,AGTAGGTAGCTAAGGCGAGT,0,127334
TSS_4654_wanner_regulondb,0.3333333333333333,2,2,AGGTTTACCAAGAGGAATAG,0,167694
TSS_4654_wanner_regulondb,0.3333333333333333,2,2,AGGTTAAAATGTAGATTGTT,0,149708
TSS_4654_wanner_regulondb,0.3333333333333333,2,2,AGGGGTACCCTATAGGATCG,0,135464
TSS_4654_wanner_regulondb,0.3333333333333333,2,2,AGGGACTCAACTGTAAAGGA,0,128255
TSS_4654_wanner_regulondb,0.3333333333333333,2,2,AGGGACCGTGCTGTCCGGCT,0,133659
TSS_4654_wanner_regulondb,0.3333333333333333,2,2,AGGGAAGACAGGTAAAGAAA,0,142794
TSS_4654_wanner_regulondb,0.3333333333333333,2,2,AGGGAAATTAAGCGGCTTGA,0,135092
TSS_4654_wanner_regulondb,0.3333333333333333,2,2,AGGCCTATATTCAACTCTCT,0,171750
TSS_4654_wanner_regulondb,0.3333333333333333,2,2,AGGCCCCGAGAATAGCTATC,0,146446
TSS_4654_wanner_regulondb,0.3333333333333333,2,2,AGGCCCCATGGGCGTCGGCG,0,161178
TSS_4654_wanner_regulondb,0.3333333333333333,2,2,AGGCAACCTTACCGGCACAC,0,172866
TSS_4654_wanner_regulondb,0.3333333333333333,2,2,AGGATGTACAAATCATGTAA,0,152133
TSS_4654_wanner_regulondb,0.3333333333333333,2,2,AGGATATTAGTAAAGGCCAG,0,169000
TSS_4654_wanner_regulondb,0.3333333333333333,2,2,AGGACCATGCCGCAGAGGAA,0,140324
TSS_4654_wanner_regulondb,0.3333333333333333,2,2,AGGAAATTAACGCATGAGTA,0,131565
TSS_4654_wanner_regulondb,0.3333333333333333,2,2,AGCTTAAGATGCGAGAGGAT,0,131526
TSS_4654_wanner_regulondb,0.3333333333333333,2,2,AGCTCTACTCTACCCCCTAA,0,141118
TSS_4654_wanner_regulondb,0.3333333333333333,2,2,AGCTCGCTGGCCGCCCCGAT,0,147621
TSS_4654_wanner_regulondb,0.3333333333333333,2,2,AGCGGCGTGCAGTGGACTCC,0,138520
TSS_4654_wanner_regulondb,0.3333333333333333,2,2,AGCGCTGTGTGCAGACCGGA,0,138735
TSS_4654_wanner_regulondb,0.3333333333333333,2,2,AGCGCCCGCCGAAGGAGATT,0,164519
TSS_4654_wanner_regulondb,0.3333333333333333,2,2,AGCGAGATCCTCTTACCCCG,0,174873
TSS_4654_wanner_regulondb,0.3333333333333333,2,2,AGCGACAGGAGACCCCCGTG,0,130127
TSS_4654_wanner_regulondb,0.3333333333333333,2,2,AGCCTTTGTTCCTATTGTTG,0,136253
TSS_4654_wanner_regulondb,0.3333333333333333,2,2,AGCCCGGATCCGCGCGCTCT,0,137436
TSS_4654_wanner_regulondb,0.3333333333333333,2,2,AGCCAGCTTGTCATAACCTA,0,146373
TSS_4654_wanner_regulondb,0.3333333333333333,2,2,AGCATGTTAACTTGTAAGGT,0,140192
TSS_4654_wanner_regulondb,0.3333333333333333,2,2,AGCATGGAGAGTAGTTGGGG,0,168576
TSS_4654_wanner_regulondb,0.3333333333333333,2,2,AGCAGCCATTTTAGACAAAT,0,129266
TSS_4654_wanner_regulondb,0.3333333333333333,2,2,AGAGTTCATGCCCCGCAAAG,0,172652
TSS_4654_wanner_regulondb,0.3333333333333333,2,2,AGAGTGTGACCAGTTTATCT,0,155928
TSS_4654_wanner_regulondb,0.3333333333333333,2,2,AGAGTCATTCCGTTCTCCGA,0,143571
TSS_4654_wanner_regulondb,0.3333333333333333,2,2,AGAGGCTATGGATGAGAACC,0,162870
TSS_4654_wanner_regulondb,0.3333333333333333,2,2,AGACGTTGTAAGACGGTCAA,0,142834
TSS_4654_wanner_regulondb,0.3333333333333333,2,2,AGACGAGCCTGACCGCGTAA,0,130592
TSS_4654_wanner_regulondb,0.3333333333333333,2,2,AGAAGTGGCATGCAACTCTA,0,158873
TSS_4654_wanner_regulondb,0.3333333333333333,2,2,AGAAGCGTAGGGCCGCTCCA,0,138563
TSS_4654_wanner_regulondb,0.3333333333333333,2,2,AGAAGCACATCGTATTCGTC,0,151986
TSS_4654_wanner_regulondb,0.3333333333333333,2,2,AGAACTTATCAGGCGACGCA,0,136923
TSS_4654_wanner_regulondb,0.3333333333333333,2,2,AGAACAACGTCTAGCTGAGA,0,136783
TSS_4654_wanner_regulondb,0.3333333333333333,2,2,ACTTTTCGTAATTGTTTATC,0,139825
TSS_4654_wanner_regulondb,0.3333333333333333,2,2,ACTTGTGTAGGCGTGTGGTT,0,157248
TSS_4654_wanner_regulondb,0.3333333333333333,2,2,ACTTGTACTTGATGCGTGTA,0,163130
TSS_4654_wanner_regulondb,0.3333333333333333,2,2,ACTTGATCTCTCAGCACGGA,0,145595
TSS_4654_wanner_regulondb,0.3333333333333333,2,2,ACTTCTCCGAAAGCGCGGAC,0,170881
TSS_4654_wanner_regulondb,0.3333333333333333,2,2,ACTGTCAGTCCTAAACTACA,0,130687
TSS_4654_wanner_regulondb,0.3333333333333333,2,2,ACTGTAAGGGTCGCGTTTCC,0,148823
TSS_4654_wanner_regulondb,0.3333333333333333,2,2,ACTGGCTTTGTGTGCGCACA,0,136004
TSS_4654_wanner_regulondb,0.3333333333333333,2,2,ACTGGCCGTACAGTAAAGGT,0,160576
TSS_4654_wanner_regulondb,0.3333333333333333,2,2,ACTGCTATACTGTCTCCAGA,0,127304
TSS_4654_wanner_regulondb,0.3333333333333333,2,2,ACTGCGGGGGTACAGTTGCA,0,165147
TSS_4654_wanner_regulondb,0.3333333333333333,2,2,ACTGCGCCGAGCTCACAGCC,0,126829
TSS_4654_wanner_regulondb,0.3333333333333333,2,2,ACTCTGGTAGAGGTCGTCAA,0,158726
TSS_4654_wanner_regulondb,0.3333333333333333,2,2,ACTCGGGACTCTGTTTCATG,0,144209
TSS_4654_wanner_regulondb,0.3333333333333333,2,2,ACTCCCCTTTTAAGAGAAAC,0,150244
TSS_4654_wanner_regulondb,0.3333333333333333,2,2,ACTCCATGTAGCCCCTCCAA,0,163286
TSS_4654_wanner_regulondb,0.3333333333333333,2,2,ACTCCAACCTAATCTCCCCA,0,161851
TSS_4654_wanner_regulondb,0.3333333333333333,2,2,ACTATATAGGACAGTCACCA,0,135339
TSS_4654_wanner_regulondb,0.3333333333333333,2,2,ACTACCCAGTGGACAAAACT,0,150965
TSS_4654_wanner_regulondb,0.3333333333333333,2,2,ACTAACAGCACTATTGACTA,0,155675
TSS_4654_wanner_regulondb,0.3333333333333333,2,2,ACGTTAGATCGTTGTACAGG,0,152543
TSS_4654_wanner_regulondb,0.3333333333333333,2,2,ACGTGACAAGCAGTAGTCTG,0,141899
TSS_4654_wanner_regulondb,0.3333333333333333,2,2,ACGTGAAAATGCTGTAACGT,0,147650
TSS_4654_wanner_regulondb,0.3333333333333333,2,2,ACGTCAGCTCACGTCGCAAG,0,128558
TSS_4654_wanner_regulondb,0.3333333333333333,2,2,ACGTCAAGACGTGCGTGGTA,0,140871
TSS_4654_wanner_regulondb,0.3333333333333333,2,2,ACGGTTTGAGAGCCAAGGAA,0,149538
TSS_4654_wanner_regulondb,0.3333333333333333,2,2,ACGGAAACTAATCTTTAGGG,0,139324
TSS_4654_wanner_regulondb,0.3333333333333333,2,2,ACGCGTCCCCTGGGACACTT,0,161722
TSS_4654_wanner_regulondb,0.3333333333333333,2,2,ACGCGGTTACCATTCGGTCC,0,157527
TSS_4654_wanner_regulondb,0.3333333333333333,2,2,ACGCAATATGTAAGCGAAAA,0,127653
TSS_4654_wanner_regulondb,0.3333333333333333,2,2,ACGATTATTAACAAATATGT,0,156349
TSS_4654_wanner_regulondb,0.3333333333333333,2,2,ACCTGGTCAGCCCTCAAGTG,0,156215
TSS_4654_wanner_regulondb,0.3333333333333333,2,2,ACCTGGCGCTTATTACACTG,0,138553
TSS_4654_wanner_regulondb,0.3333333333333333,2,2,ACCTACCCAGGTTAAAGTAG,0,147216
TSS_4654_wanner_regulondb,0.3333333333333333,2,2,ACCGGGGACATTCGTCAGGC,0,150689
TSS_4654_wanner_regulondb,0.3333333333333333,2,2,ACCGGGGAAATCGAAGGGCT,0,135986
TSS_4654_wanner_regulondb,0.3333333333333333,2,2,ACCGCCGAGGCCATCTCGCA,0,136226
TSS_4654_wanner_regulondb,0.3333333333333333,2,2,ACCGAACATGATGCCTAGTT,0,153248
TSS_4654_wanner_regulondb,0.3333333333333333,2,2,ACCCGTGCAACATGCCGACC,0,146694
TSS_4654_wanner_regulondb,0.3333333333333333,2,2,ACCCCTTCTGACGGGTAGCG,0,146867
TSS_4654_wanner_regulondb,0.3333333333333333,2,2,ACCATTATCGAGCGATCCCA,0,168721
TSS_4654_wanner_regulondb,0.3333333333333333,2,2,ACCATCGTCTTAAAGAGACT,0,144625
TSS_4654_wanner_regulondb,0.3333333333333333,2,2,ACCACCGGCGACTGCAGTGT,0,150690
TSS_4654_wanner_regulondb,0.3333333333333333,2,2,ACATGCAAAGACCTCCCGAT,0,149025
TSS_4654_wanner_regulondb,0.3333333333333333,2,2,ACATGATGAAGCTGTGCGCG,0,149951
TSS_4654_wanner_regulondb,0.3333333333333333,2,2,ACATAGGCATCTAATGACAG,0,153497
TSS_4654_wanner_regulondb,0.3333333333333333,2,2,ACATACTTGTCAGCCCGATA,0,161720
TSS_4654_wanner_regulondb,0.3333333333333333,2,2,ACAGTTTTCGAGGGCTTAGA,0,145036
TSS_4654_wanner_regulondb,0.3333333333333333,2,2,ACAGCTAACGAGAAGGGTGC,0,133087
TSS_4654_wanner_regulondb,0.3333333333333333,2,2,ACAGCAGTCACGGTTTCGAT,0,150985
TSS_4654_wanner_regulondb,0.3333333333333333,2,2,ACACCAACGTCCAATGTGCC,0,141764
TSS_4654_wanner_regulondb,0.3333333333333333,2,2,ACACACAGGGAGCACGGGAA,0,152046
TSS_4654_wanner_regulondb,0.3333333333333333,2,2,ACAATGCATGCTGGCAAGTA,0,152348
TSS_4654_wanner_regulondb,0.3333333333333333,2,2,ACAAATCAACCATGCGCTTT,0,125614
TSS_4654_wanner_regulondb,0.3333333333333333,2,2,ACAAACTTGCTATGCAGGGT,0,146031
TSS_4654_wanner_regulondb,0.3333333333333333,2,2,AATTTCGATGTAAGACTGAT,0,146497
TSS_4654_wanner_regulondb,0.3333333333333333,2,2,AATTGCCGATTTAAGGCATT,0,141033
TSS_4654_wanner_regulondb,0.3333333333333333,2,2,AATTCCGGTTAGATCTATCG,0,134910
TSS_4654_wanner_regulondb,0.3333333333333333,2,2,AATTACGTCCCACAGACATA,0,125161
TSS_4654_wanner_regulondb,0.3333333333333333,2,2,AATGTTTTGCCATCGTGAAT,0,158508
TSS_4654_wanner_regulondb,0.3333333333333333,2,2,AATGTTGGTGATATCAAAGA,0,138594
TSS_4654_wanner_regulondb,0.3333333333333333,2,2,AATGGGGCTCCATCGTTCAC,0,157774
TSS_4654_wanner_regulondb,0.3333333333333333,2,2,AATGGGCGATTTCGAGGGGA,0,165963
TSS_4654_wanner_regulondb,0.3333333333333333,2,2,AATGGCGGCCGACTCCACAA,0,164151
TSS_4654_wanner_regulondb,0.3333333333333333,2,2,AATGCCAATAAGATCTGAAA,0,134257
TSS_4654_wanner_regulondb,0.3333333333333333,2,2,AATCGCACAAGGATCATACT,0,145480
TSS_4654_wanner_regulondb,0.3333333333333333,2,2,AATCATGGCCCGGGGCCTAG,0,172180
TSS_4654_wanner_regulondb,0.3333333333333333,2,2,AATAGCTACTTTCCCAGACG,0,171363
TSS_4654_wanner_regulondb,0.3333333333333333,2,2,AAGTTCAACAAGCCAAAAAA,0,160737
TSS_4654_wanner_regulondb,0.3333333333333333,2,2,AAGTCCTCCGAGGGCGGCTC,0,163695
TSS_4654_wanner_regulondb,0.3333333333333333,2,2,AAGTCAAGACTGATTGTACG,0,153213
TSS_4654_wanner_regulondb,0.3333333333333333,2,2,AAGTACGGGGATCTAGAGAA,0,168998
TSS_4654_wanner_regulondb,0.3333333333333333,2,2,AAGTAATCCCGAGTCTAAAT,0,127808
TSS_4654_wanner_regulondb,0.3333333333333333,2,2,AAGGTTCCATCACGCATAAT,0,169858
TSS_4654_wanner_regulondb,0.3333333333333333,2,2,AAGGTGGAGCCACTGAGACG,0,150936
TSS_4654_wanner_regulondb,0.3333333333333333,2,2,AAGGTAGGTCGGAAATAGCA,0,153486
TSS_4654_wanner_regulondb,0.3333333333333333,2,2,AAGGGACCGGCGCAAAGCAT,0,140111
TSS_4654_wanner_regulondb,0.3333333333333333,2,2,AAGGCTCTAACTCGTTTCCC,0,129265
TSS_4654_wanner_regulondb,0.3333333333333333,2,2,AAGGCAGTTACGGACGTGTC,0,166000
TSS_4654_wanner_regulondb,0.3333333333333333,2,2,AAGGATCTGGGGCATGCTGA,0,161925
TSS_4654_wanner_regulondb,0.3333333333333333,2,2,AAGCTCATAGACGTAAGGTC,0,156226
TSS_4654_wanner_regulondb,0.3333333333333333,2,2,AAGCGTCACCTGTTCATTGA,0,140333
TSS_4654_wanner_regulondb,0.3333333333333333,2,2,AAGCGGGAAAGAGTTTGTTC,0,125349
TSS_4654_wanner_regulondb,0.3333333333333333,2,2,AAGCGAGGGGGAATGGCAAA,0,150076
TSS_4654_wanner_regulondb,0.3333333333333333,2,2,AAGCATTACGCTCTGCTAAT,0,163790
TSS_4654_wanner_regulondb,0.3333333333333333,2,2,AAGATAATTCTCTGACGCTA,0,166168
TSS_4654_wanner_regulondb,0.3333333333333333,2,2,AAGAGTCAGGTTCTGTGAGG,0,164738
TSS_4654_wanner_regulondb,0.3333333333333333,2,2,AAGAGGGCCACACTGACTCT,0,172923
TSS_4654_wanner_regulondb,0.3333333333333333,2,2,AAGAGCTCTTTTATCTTACA,0,157568
TSS_4654_wanner_regulondb,0.3333333333333333,2,2,AAGACTAGCTTCCGGTGGTA,0,151617
TSS_4654_wanner_regulondb,0.3333333333333333,2,2,AAGACCCATGCGGGTTTCGC,0,143662
TSS_4654_wanner_regulondb,0.3333333333333333,2,2,AAGAACCAACTGCCACGCTC,0,136677
TSS_4654_wanner_regulondb,0.3333333333333333,2,2,AAGAAACGTTTGCGACTCAG,0,148559
TSS_4654_wanner_regulondb,0.3333333333333333,2,2,AACTTTCAAATGCTGAGTTT,0,158126
TSS_4654_wanner_regulondb,0.3333333333333333,2,2,AACTTGATAACGAGTCCAGA,0,156893
TSS_4654_wanner_regulondb,0.3333333333333333,2,2,AACTTCTGGCGGTCCCCGGA,0,127617
TSS_4654_wanner_regulondb,0.3333333333333333,2,2,AACTGTAGATCAGTGGATTG,0,138252
TSS_4654_wanner_regulondb,0.3333333333333333,2,2,AACTGGCGCGCGTTACGCGA,0,158812
TSS_4654_wanner_regulondb,0.3333333333333333,2,2,AACTGAATCTGTAACCCAAT,0,151871
TSS_4654_wanner_regulondb,0.3333333333333333,2,2,AACTAGGCTTTCCGAACTAG,0,142724
TSS_4654_wanner_regulondb,0.3333333333333333,2,2,AACTAAGAAGGCTGTACTCC,0,139117
TSS_4654_wanner_regulondb,0.3333333333333333,2,2,AACGGTGGTAAGTTGGTCTT,0,142397
TSS_4654_wanner_regulondb,0.3333333333333333,2,2,AACGGTCACAGTTAAATAGA,0,135455
TSS_4654_wanner_regulondb,0.3333333333333333,2,2,AACGGGGAGAGTACCCATCC,0,125876
TSS_4654_wanner_regulondb,0.3333333333333333,2,2,AACGGGGAATGTGACCGATC,0,127958
TSS_4654_wanner_regulondb,0.3333333333333333,2,2,AACGCCCGAAGGCACCATAG,0,139012
TSS_4654_wanner_regulondb,0.3333333333333333,2,2,AACGCAGCCGCTCGTGTCCC,0,134186
TSS_4654_wanner_regulondb,0.3333333333333333,2,2,AACCGGTTCTGCAGAATTTC,0,129909
TSS_4654_wanner_regulondb,0.3333333333333333,2,2,AACCCCCGGGGTTAAACTGG,0,125256
TSS_4654_wanner_regulondb,0.3333333333333333,2,2,AACCCCACTCGGTACGACAT,0,147913
TSS_4654_wanner_regulondb,0.3333333333333333,2,2,AACCAAGCTATAGTGTTGGC,0,138042
TSS_4654_wanner_regulondb,0.3333333333333333,2,2,AACATTCGTGCGTTGGTCAC,0,153121
TSS_4654_wanner_regulondb,0.3333333333333333,2,2,AACAGAGTTGTGGTGGATGA,0,133730
TSS_4654_wanner_regulondb,0.3333333333333333,2,2,AACACTTGGTTTTGATATAG,0,155820
TSS_4654_wanner_regulondb,0.3333333333333333,2,2,AACACAACGGGAAGGTACAG,0,147417
TSS_4654_wanner_regulondb,0.3333333333333333,2,2,AACAACACTAACCTTCAGGG,0,130565
TSS_4654_wanner_regulondb,0.3333333333333333,2,2,AAATGTTTTTTCACACAACG,0,133470
TSS_4654_wanner_regulondb,0.3333333333333333,2,2,AAATCCGTTAGCATACCCTA,0,158910
TSS_4654_wanner_regulondb,0.3333333333333333,2,2,AAATCAGCTGGATACTTGGA,0,145110
TSS_4654_wanner_regulondb,0.3333333333333333,2,2,AAATAATGCCACCCCCCGGT,0,152529
TSS_4654_wanner_regulondb,0.3333333333333333,2,2,AAAGTGCTTTCTTGGAAATA,0,172453
TSS_4654_wanner_regulondb,0.3333333333333333,2,2,AAAGTGCTAAGACTTGCTCA,0,136994
TSS_4654_wanner_regulondb,0.3333333333333333,2,2,AAAGGCATATTCCTAAGGCA,0,169850
TSS_4654_wanner_regulondb,0.3333333333333333,2,2,AAAGATGCTAGGACTTGACG,0,170654
TSS_4654_wanner_regulondb,0.3333333333333333,2,2,AAACTTCGGGCAACTGAGTA,0,161470
TSS_4654_wanner_regulondb,0.3333333333333333,2,2,AAACGTGGCGACAGAGACGT,0,154342
TSS_4654_wanner_regulondb,0.3333333333333333,2,2,AAACGAATGGAAAAGATGCT,0,172892
TSS_4654_wanner_regulondb,0.3333333333333333,2,2,AAACGAACGCTGGCCGAGTA,0,152731
TSS_4654_wanner_regulondb,0.3333333333333333,2,2,AAACCGGGACATACAGCGTA,0,135627
TSS_4654_wanner_regulondb,0.3333333333333333,2,2,AAACACCGCACTCGGCTAAC,0,138879
TSS_4654_wanner_regulondb,0.3333333333333333,2,2,AAAATTCGCTTCGGTTAGTC,0,142221
TSS_4654_wanner_regulondb,0.3333333333333333,2,2,AAAATGCCCTGACAAGCGTT,0,166737
TSS_4654_wanner_regulondb,0.3333333333333333,2,2,AAAAGTCCGGCTCAAAAAGT,0,169316
TSS_4654_wanner_regulondb,0.3333333333333333,2,2,AAAAACCATCAATACTGGCA,0,152117
TSS_4654_wanner_regulondb,0.5,1,1,TTTTTTGTAGTTCCATAAGC,0,172799
TSS_4654_wanner_regulondb,0.5,1,1,TTTTTGCAAGTTTTATGGAT,0,130399
TSS_4654_wanner_regulondb,0.5,1,1,TTTTTGATCTATCAATGCAA,0,146607
TSS_4654_wanner_regulondb,0.5,1,1,TTTTTCGTAGAAACAGGTCA,0,129261
TSS_4654_wanner_regulondb,0.5,1,1,TTTTTCGAAGTTCAAAAAAT,0,135286
TSS_4654_wanner_regulondb,0.5,1,1,TTTTTCCAAACAGAAAGGAG,0,135086
TSS_4654_wanner_regulondb,0.5,1,1,TTTTTCAAGAAGCATCCCTG,0,166325
TSS_4654_wanner_regulondb,0.5,1,1,TTTTGCCGGCCCTCCAACGC,0,145380
TSS_4654_wanner_regulondb,0.5,1,1,TTTTGCATTATAGATTTACA,0,167014
TSS_4654_wanner_regulondb,0.5,1,1,TTTTGATCCCGATTGACCAT,0,168614
TSS_4654_wanner_regulondb,0.5,1,1,TTTTGAATTGATGTAAGACG,0,160482
TSS_4654_wanner_regulondb,0.5,1,1,TTTTGAAGAGTAGAACGGTT,0,157622
TSS_4654_wanner_regulondb,0.5,1,1,TTTTCTCGAAAACAGGCAGA,0,158163
TSS_4654_wanner_regulondb,0.5,1,1,TTTTCCAAGTTGACGAACCT,0,127045
TSS_4654_wanner_regulondb,0.5,1,1,TTTTCAGCGATAATAAGGCA,0,127104
TSS_4654_wanner_regulondb,0.5,1,1,TTTTAGTTATCTACGAGCGT,0,145482
TSS_4654_wanner_regulondb,0.5,1,1,TTTTACTCAGCCGGGTAGGT,0,159235
TSS_4654_wanner_regulondb,0.5,1,1,TTTTAATTAATTGCGAGTGG,0,149705
TSS_4654_wanner_regulondb,0.5,1,1,TTTTAATCGGGAGTGCGGCA,0,162938
TSS_4654_wanner_regulondb,0.5,1,1,TTTGTTTAATTCGATTGTTT,0,155987
TSS_4654_wanner_regulondb,0.5,1,1,TTTGTTTAATTACTACTAAC,0,137952
TSS_4654_wanner_regulondb,0.5,1,1,TTTGTTCAGTCCAATAGTGC,0,125706
TSS_4654_wanner_regulondb,0.5,1,1,TTTGTGAATTGCATGGTACA,0,162852
TSS_4654_wanner_regulondb,0.5,1,1,TTTGTCGGCGTCCAATGGCT,0,159913
TSS_4654_wanner_regulondb,0.5,1,1,TTTGGTCAAAATTCGTGTTC,0,151534
TSS_4654_wanner_regulondb,0.5,1,1,TTTGGCAAAGGGACCAGTCC,0,137147
TSS_4654_wanner_regulondb,0.5,1,1,TTTGCTCAATGACGGCACGT,0,155173
TSS_4654_wanner_regulondb,0.5,1,1,TTTGCGCTGGACGACCGCTT,0,134232
TSS_4654_wanner_regulondb,0.5,1,1,TTTGCAGCACTCACCGAGCA,0,163251
TSS_4654_wanner_regulondb,0.5,1,1,TTTGATTAGCCGGTCTATAG,0,151821
TSS_4654_wanner_regulondb,0.5,1,1,TTTGAATTCGATTCTGAGCA,0,133364
TSS_4654_wanner_regulondb,0.5,1,1,TTTGAATTAGACCGGTGAGA,0,143494
TSS_4654_wanner_regulondb,0.5,1,1,TTTGAACTGATACCCTCGTT,0,158865
TSS_4654_wanner_regulondb,0.5,1,1,TTTCTTGGACACGCAGTATT,0,154888
TSS_4654_wanner_regulondb,0.5,1,1,TTTCTTCCGATGCAATAGAT,0,151199
TSS_4654_wanner_regulondb,0.5,1,1,TTTCTGCTAAACAAATTCTG,0,173712
TSS_4654_wanner_regulondb,0.5,1,1,TTTCTGCCGGAATGCCCCGA,0,166631
TSS_4654_wanner_regulondb,0.5,1,1,TTTCTACCTGCGTGCATAGA,0,131617
TSS_4654_wanner_regulondb,0.5,1,1,TTTCTACCACAGGTCCTTTA,0,146757
TSS_4654_wanner_regulondb,0.5,1,1,TTTCGTGTCTTGACGGGTTC,0,167563
TSS_4654_wanner_regulondb,0.5,1,1,TTTCGGTCAGACGGAGTTGG,0,137827
TSS_4654_wanner_regulondb,0.5,1,1,TTTCGCATTGCCATGAAGTT,0,144844
TSS_4654_wanner_regulondb,0.5,1,1,TTTCCTGCCACCTGCCGCTT,0,148911
TSS_4654_wanner_regulondb,0.5,1,1,TTTCCCTATCCACAAGGGTT,0,167568
TSS_4654_wanner_regulondb,0.5,1,1,TTTCCAACTCGATCGGACTT,0,150948
TSS_4654_wanner_regulondb,0.5,1,1,TTTCATGTCATTGAGTGCTT,0,164442
TSS_4654_wanner_regulondb,0.5,1,1,TTTCAGGCCCCAGAGTGGGG,0,129951
TSS_4654_wanner_regulondb,0.5,1,1,TTTATTGTAGATCCCGCCCG,0,151510
TSS_4654_wanner_regulondb,0.5,1,1,TTTATTCCACTGCTGACTAC,0,168561
TSS_4654_wanner_regulondb,0.5,1,1,TTTATGTACTGACTCTCCTT,0,125928
TSS_4654_wanner_regulondb,0.5,1,1,TTTATGCCCATACAATTGTC,0,161622
TSS_4654_wanner_regulondb,0.5,1,1,TTTATCGTTAGTTTGTGGCT,0,155409
TSS_4654_wanner_regulondb,0.5,1,1,TTTAGGGGATGTGTAGAACG,0,129486
TSS_4654_wanner_regulondb,0.5,1,1,TTTAGGGATCGGGCTATCTT,0,151329
TSS_4654_wanner_regulondb,0.5,1,1,TTTAGGGAAGTTGGGGGTTT,0,154259
TSS_4654_wanner_regulondb,0.5,1,1,TTTAGCTCTGCCCTGTCCTG,0,168596
TSS_4654_wanner_regulondb,0.5,1,1,TTTAGCGTACCGGGTATTGG,0,140281
TSS_4654_wanner_regulondb,0.5,1,1,TTTAGACCGTACGAACTAAC,0,141003
TSS_4654_wanner_regulondb,0.5,1,1,TTTACTTCTGTACTTGCAAG,0,167089
TSS_4654_wanner_regulondb,0.5,1,1,TTTACGAATTTTCGCATATC,0,129018
TSS_4654_wanner_regulondb,0.5,1,1,TTTACCGTTGCGTCAAAAGC,0,136622
TSS_4654_wanner_regulondb,0.5,1,1,TTTACCGGGCCAAACGGAGT,0,169873
TSS_4654_wanner_regulondb,0.5,1,1,TTTACCCTTTACCATGACGA,0,169241
TSS_4654_wanner_regulondb,0.5,1,1,TTTACAGTGCAAGGCGCAAT,0,154535
TSS_4654_wanner_regulondb,0.5,1,1,TTTAACTGGCGACGGCAGGG,0,150200
TSS_4654_wanner_regulondb,0.5,1,1,TTTAACTATCAGGTTTGGTC,0,161181
TSS_4654_wanner_regulondb,0.5,1,1,TTTAACCGCAGATTTTCTAA,0,132869
TSS_4654_wanner_regulondb,0.5,1,1,TTGTTTATAGGGAAGTGGAT,0,139046
TSS_4654_wanner_regulondb,0.5,1,1,TTGTTTACATGCGGAAGCGG,0,138001
TSS_4654_wanner_regulondb,0.5,1,1,TTGTTGGTTCGGGCCTGTTT,0,167832
TSS_4654_wanner_regulondb,0.5,1,1,TTGTGTACGTGCTACAACTT,0,160585
TSS_4654_wanner_regulondb,0.5,1,1,TTGTGGTTTCCAGTTGCCAC,0,163298
TSS_4654_wanner_regulondb,0.5,1,1,TTGTGGTTCTATGGACTCGA,0,140914
TSS_4654_wanner_regulondb,0.5,1,1,TTGTGGGGATAGTGTTGGGA,0,130071
TSS_4654_wanner_regulondb,0.5,1,1,TTGTGCTCCACAAGGGTACC,0,130803
TSS_4654_wanner_regulondb,0.5,1,1,TTGTGCGTCTTGGTTGCGCT,0,155834
TSS_4654_wanner_regulondb,0.5,1,1,TTGTGCGCTTTGGGGATTTT,0,138877
TSS_4654_wanner_regulondb,0.5,1,1,TTGTGCATCAATGCCACAAT,0,156293
TSS_4654_wanner_regulondb,0.5,1,1,TTGTGCAGGGGCCGCAGTTC,0,167588
TSS_4654_wanner_regulondb,0.5,1,1,TTGTGACGTAATCGGCCGTA,0,160449
TSS_4654_wanner_regulondb,0.5,1,1,TTGTCAGCGTTGGGAAGGAA,0,142232
TSS_4654_wanner_regulondb,0.5,1,1,TTGTATGTGCGTGCACGATT,0,130214
TSS_4654_wanner_regulondb,0.5,1,1,TTGTAGCGTAGGAGCTTCCA,0,136966
TSS_4654_wanner_regulondb,0.5,1,1,TTGTACGAGGACCTGTGGAA,0,136447
TSS_4654_wanner_regulondb,0.5,1,1,TTGGTTCGGCTGGAAAATCT,0,172741
TSS_4654_wanner_regulondb,0.5,1,1,TTGGTCGCATAAGTGTGGCC,0,164317
TSS_4654_wanner_regulondb,0.5,1,1,TTGGTCCCCAATAGACTTGC,0,136144
TSS_4654_wanner_regulondb,0.5,1,1,TTGGTAGAACTCATCTGGCC,0,155548
TSS_4654_wanner_regulondb,0.5,1,1,TTGGGTGACCGCTCCGATAT,0,161930
TSS_4654_wanner_regulondb,0.5,1,1,TTGGGTCTCACTCAATTTTA,0,146362
TSS_4654_wanner_regulondb,0.5,1,1,TTGGGCGTCGCGATGGAGTA,0,145450
TSS_4654_wanner_regulondb,0.5,1,1,TTGGGCGTCATAATCCCGTT,0,147854
TSS_4654_wanner_regulondb,0.5,1,1,TTGGCTATTACCTCTCCTGT,0,146568
TSS_4654_wanner_regulondb,0.5,1,1,TTGGCTACGAAGACTAACCC,0,148929
TSS_4654_wanner_regulondb,0.5,1,1,TTGGCGAGGACAGTCTCCAC,0,171338
TSS_4654_wanner_regulondb,0.5,1,1,TTGGCCCGATTTTCGCTCCA,0,172268
TSS_4654_wanner_regulondb,0.5,1,1,TTGGCACCGGGTCAGGATAT,0,145109
TSS_4654_wanner_regulondb,0.5,1,1,TTGGATGCGTCAGCGGTTCC,0,138714
TSS_4654_wanner_regulondb,0.5,1,1,TTGCTTTTGTCTCTTGATCG,0,162157
TSS_4654_wanner_regulondb,0.5,1,1,TTGCTGTTGGGGCCGTATAT,0,163812
TSS_4654_wanner_regulondb,0.5,1,1,TTGCTCGACTATGCTTTCAG,0,165079
TSS_4654_wanner_regulondb,0.5,1,1,TTGCTAACGACCGTATGCAT,0,129216
TSS_4654_wanner_regulondb,0.5,1,1,TTGCGGCTAGCTTTAACTGA,0,170511
TSS_4654_wanner_regulondb,0.5,1,1,TTGCCTCACCGTCTTCGGTA,0,129103
TSS_4654_wanner_regulondb,0.5,1,1,TTGCCGGAGCCGCGACGAAT,0,169210
TSS_4654_wanner_regulondb,0.5,1,1,TTGCCAAGCGACCGTTTCTA,0,162830
TSS_4654_wanner_regulondb,0.5,1,1,TTGCAGTCTTGCGAACGCCG,0,145333
TSS_4654_wanner_regulondb,0.5,1,1,TTGATACCCCGAATGTATTT,0,158800
TSS_4654_wanner_regulondb,0.5,1,1,TTGAGTATGCCCTTGCCTAG,0,126202
TSS_4654_wanner_regulondb,0.5,1,1,TTGAGGAAAGCGATAGCTTC,0,148419
TSS_4654_wanner_regulondb,0.5,1,1,TTGACGCGCACGCGGTGTAC,0,129554
TSS_4654_wanner_regulondb,0.5,1,1,TTCTTGTAGGTTTTCTATGG,0,173396
TSS_4654_wanner_regulondb,0.5,1,1,TTCTTCAGGCGTGGGACTAG,0,152010
TSS_4654_wanner_regulondb,0.5,1,1,TTCTTATTCGGACCTTCACG,0,154190
TSS_4654_wanner_regulondb,0.5,1,1,TTCTGTGTTCTTAAACATTC,0,171843
TSS_4654_wanner_regulondb,0.5,1,1,TTCTGCTAACGGGTAGATCT,0,131797
TSS_4654_wanner_regulondb,0.5,1,1,TTCTGACTCAACCCAATTTA,0,171313
TSS_4654_wanner_regulondb,0.5,1,1,TTCTCTGGGGTTGAGTACAG,0,133808
TSS_4654_wanner_regulondb,0.5,1,1,TTCTCGGGTCCATGTGTCAT,0,154169
TSS_4654_wanner_regulondb,0.5,1,1,TTCTCGCGCCTGAAATGTCA,0,152067
TSS_4654_wanner_regulondb,0.5,1,1,TTCTCCAGACTACCCGACCT,0,130051
TSS_4654_wanner_regulondb,0.5,1,1,TTCTATTGGCCGGCTGTCGT,0,132884
TSS_4654_wanner_regulondb,0.5,1,1,TTCTACTTGGGAGGATGGAA,0,125884
TSS_4654_wanner_regulondb,0.5,1,1,TTCTAATTTGGAATGACTCT,0,167541
TSS_4654_wanner_regulondb,0.5,1,1,TTCTAAGTAGGGGACGGATG,0,173436
TSS_4654_wanner_regulondb,0.5,1,1,TTCTAAGCTGGCTGACTCGG,0,158579
TSS_4654_wanner_regulondb,0.5,1,1,TTCGTTTGCCTACCCTGTCA,0,137729
TSS_4654_wanner_regulondb,0.5,1,1,TTCGTTAAGCAGGCGACCGA,0,144419
TSS_4654_wanner_regulondb,0.5,1,1,TTCGTGTGGGGATGTGGCAA,0,169413
TSS_4654_wanner_regulondb,0.5,1,1,TTCGTGGACATGATCAGTAG,0,166525
TSS_4654_wanner_regulondb,0.5,1,1,TTCGTGAAAGGTACTAGCTC,0,163962
TSS_4654_wanner_regulondb,0.5,1,1,TTCGTAAGACAAAGTCGGTC,0,168410
TSS_4654_wanner_regulondb,0.5,1,1,TTCGGGTAGGCCCAAATCCT,0,154501
TSS_4654_wanner_regulondb,0.5,1,1,TTCGGGAAGACCAAATCTGT,0,140257
TSS_4654_wanner_regulondb,0.5,1,1,TTCGGACGTTTTCTCCCTCA,0,158987
TSS_4654_wanner_regulondb,0.5,1,1,TTCGCGTGTGGGGGGCTCTG,0,150084
TSS_4654_wanner_regulondb,0.5,1,1,TTCGCCTGGAGCAGCTCGGT,0,127567
TSS_4654_wanner_regulondb,0.5,1,1,TTCGCATGGACCCCCTCATT,0,132902
TSS_4654_wanner_regulondb,0.5,1,1,TTCGATGAACGAACGTGACG,0,141269
TSS_4654_wanner_regulondb,0.5,1,1,TTCGACGCTGGTGAGCTGAG,0,143496
TSS_4654_wanner_regulondb,0.5,1,1,TTCGACAGTAGTAGATTATA,0,152462
TSS_4654_wanner_regulondb,0.5,1,1,TTCCTTCTATACGTGGCCAG,0,128513
TSS_4654_wanner_regulondb,0.5,1,1,TTCCTATTTTCGCACCACAG,0,170137
TSS_4654_wanner_regulondb,0.5,1,1,TTCCGGGTTTAGTATGGTTT,0,126598
TSS_4654_wanner_regulondb,0.5,1,1,TTCCCGACCTCTATGATGCT,0,163080
TSS_4654_wanner_regulondb,0.5,1,1,TTCCCCGTGTGAGGGCCGTT,0,129279
TSS_4654_wanner_regulondb,0.5,1,1,TTCCATACCCCAAGGTGCGA,0,144267
TSS_4654_wanner_regulondb,0.5,1,1,TTCCAGATCTGGGGAGCTTA,0,151796
TSS_4654_wanner_regulondb,0.5,1,1,TTCCACGTCCACCGTGGGTG,0,137692
TSS_4654_wanner_regulondb,0.5,1,1,TTCCACCTCTTATGGACGCA,0,152088
TSS_4654_wanner_regulondb,0.5,1,1,TTCATTGGTGACTCCATCAT,0,149031
TSS_4654_wanner_regulondb,0.5,1,1,TTCAGTCACGGATCGAAGAA,0,136820
TSS_4654_wanner_regulondb,0.5,1,1,TTCAGGTCCCGACCCTGTGC,0,172459
TSS_4654_wanner_regulondb,0.5,1,1,TTCAGCTGGTCTAATCGCAA,0,146746
TSS_4654_wanner_regulondb,0.5,1,1,TTCAGAGGCGAAGCATAGCG,0,134053
TSS_4654_wanner_regulondb,0.5,1,1,TTCACTCTCGTCGTCTATTG,0,136603
TSS_4654_wanner_regulondb,0.5,1,1,TTCACGTGCATATATTACTC,0,149162
TSS_4654_wanner_regulondb,0.5,1,1,TTCACCACTCGTTTCTTATA,0,145153
TSS_4654_wanner_regulondb,0.5,1,1,TTCAATTATGGGGCTCACCG,0,145108
TSS_4654_wanner_regulondb,0.5,1,1,TTCAATTAATTGGAAATATT,0,147227
TSS_4654_wanner_regulondb,0.5,1,1,TTCAATCCGCAAGCTGGGTT,0,132790
TSS_4654_wanner_regulondb,0.5,1,1,TTCAAGGCTTGGGGTCTTAT,0,164692
TSS_4654_wanner_regulondb,0.5,1,1,TTCAAGAACATTTCCTCCCT,0,166785
TSS_4654_wanner_regulondb,0.5,1,1,TTCAACCGATGTATGAGATA,0,139592
TSS_4654_wanner_regulondb,0.5,1,1,TTCAACCATTCTCATGGTAG,0,144893
TSS_4654_wanner_regulondb,0.5,1,1,TTATTGGATCCGACGGTGGG,0,145113
TSS_4654_wanner_regulondb,0.5,1,1,TTATGGTGATATTATTAGGG,0,159405
TSS_4654_wanner_regulondb,0.5,1,1,TTATGGTCCGGGCTTTATTG,0,153973
TSS_4654_wanner_regulondb,0.5,1,1,TTATGGACGAATGTGCTTAG,0,135340
TSS_4654_wanner_regulondb,0.5,1,1,TTATGCCGGTTTATTGTCCC,0,133828
TSS_4654_wanner_regulondb,0.5,1,1,TTATGCACGGAAGTCAAAGA,0,150798
TSS_4654_wanner_regulondb,0.5,1,1,TTATGCACAACGTACTGGAC,0,162318
TSS_4654_wanner_regulondb,0.5,1,1,TTATGATTCTAAGGTTGGGT,0,125882
TSS_4654_wanner_regulondb,0.5,1,1,TTATGAAAGGGGAGGAGCGT,0,147664
TSS_4654_wanner_regulondb,0.5,1,1,TTATAGCCCCCCTATAAGTG,0,125410
TSS_4654_wanner_regulondb,0.5,1,1,TTATAAGTACCACTCACTGT,0,150330
TSS_4654_wanner_regulondb,0.5,1,1,TTATAAGAGAGATGGTGCTG,0,166745
TSS_4654_wanner_regulondb,0.5,1,1,TTAGTGTAGGCGGAAACTAG,0,154879
TSS_4654_wanner_regulondb,0.5,1,1,TTAGTGCGTTATACGGCGAA,0,166446
TSS_4654_wanner_regulondb,0.5,1,1,TTAGTCGCGCCACCAATAGA,0,145648
TSS_4654_wanner_regulondb,0.5,1,1,TTAGGTAGGAATGTCGATGG,0,169727
TSS_4654_wanner_regulondb,0.5,1,1,TTAGGGCGCGCCCAACCTGT,0,147670
TSS_4654_wanner_regulondb,0.5,1,1,TTAGGCTACCGGAGAAGCCT,0,128913
TSS_4654_wanner_regulondb,0.5,1,1,TTAGGCCACGATGATTTGCG,0,154230
TSS_4654_wanner_regulondb,0.5,1,1,TTAGGACTAAGGCGCTACAG,0,170656
TSS_4654_wanner_regulondb,0.5,1,1,TTAGCGAGGGAACAATTCGA,0,153298
TSS_4654_wanner_regulondb,0.5,1,1,TTAGCCTTGTCGCCCCGGAA,0,126023
TSS_4654_wanner_regulondb,0.5,1,1,TTAGCCCGCGCTCGGTATAA,0,140972
TSS_4654_wanner_regulondb,0.5,1,1,TTAGCCCGACCGCCACATGG,0,150735
TSS_4654_wanner_regulondb,0.5,1,1,TTAGCAAAGGGAACGATCAT,0,158730
TSS_4654_wanner_regulondb,0.5,1,1,TTAGAGTACAGGGAGCTAAC,0,129843
TSS_4654_wanner_regulondb,0.5,1,1,TTAGACCAATGATTCTGTGT,0,170813
TSS_4654_wanner_regulondb,0.5,1,1,TTAGAATGTCGGCCAGTGAA,0,158798
TSS_4654_wanner_regulondb,0.5,1,1,TTAGAAGAAAGACAGTAACG,0,166085
TSS_4654_wanner_regulondb,0.5,1,1,TTACTTTTCGGCTTACCCAA,0,129112
TSS_4654_wanner_regulondb,0.5,1,1,TTACTTGGATAGAAGGGTTG,0,136737
TSS_4654_wanner_regulondb,0.5,1,1,TTACCTAAACACTTGACGAA,0,130972
TSS_4654_wanner_regulondb,0.5,1,1,TTACCCAGCTGATGGGGTAT,0,156744
TSS_4654_wanner_regulondb,0.5,1,1,TTACAGAAACTTTCGGGCCT,0,143148
TSS_4654_wanner_regulondb,0.5,1,1,TTACACTATAGACGATGACA,0,154635
TSS_4654_wanner_regulondb,0.5,1,1,TTACACAACTCTAGTTGTGC,0,144505
TSS_4654_wanner_regulondb,0.5,1,1,TTACAAATTACATTTTAGCA,0,148188
TSS_4654_wanner_regulondb,0.5,1,1,TTAATTTGAAGCGTTTATCA,0,145120
TSS_4654_wanner_regulondb,0.5,1,1,TTAATGTTCCAGTTTAGGCC,0,154253
TSS_4654_wanner_regulondb,0.5,1,1,TTAATCGTCCGGTAGGTTAT,0,134221
TSS_4654_wanner_regulondb,0.5,1,1,TTAATATATTTCTCACTACT,0,128297
TSS_4654_wanner_regulondb,0.5,1,1,TTAAGAAGACCTCGTCACCC,0,163211
TSS_4654_wanner_regulondb,0.5,1,1,TTAACTTGCACTAAGATTAT,0,162395
TSS_4654_wanner_regulondb,0.5,1,1,TTAACTTACGCAGCTTGATT,0,129466
TSS_4654_wanner_regulondb,0.5,1,1,TTAACGGGGCACAGCAGACA,0,139139
TSS_4654_wanner_regulondb,0.5,1,1,TTAACCTCGGGTAGGTTAGA,0,159973
TSS_4654_wanner_regulondb,0.5,1,1,TTAACAGAAACCAATGGCGA,0,125983
TSS_4654_wanner_regulondb,0.5,1,1,TTAAACTCTTACAGACTTGT,0,126790
TSS_4654_wanner_regulondb,0.5,1,1,TTAAACGTTAGCGCCCTAAC,0,148105
TSS_4654_wanner_regulondb,0.5,1,1,TGTTTTGACTTAGATGTTTG,0,152605
TSS_4654_wanner_regulondb,0.5,1,1,TGTTTTATGAAGGAGATCCC,0,149628
TSS_4654_wanner_regulondb,0.5,1,1,TGTTTGGGGCTTCGTTAGTG,0,162812
TSS_4654_wanner_regulondb,0.5,1,1,TGTTTCAGCTGTTCCGCCAG,0,129681
TSS_4654_wanner_regulondb,0.5,1,1,TGTTTAAGGCCGCAGAGAGT,0,134523
TSS_4654_wanner_regulondb,0.5,1,1,TGTTGTGGTCACAGGCCTGA,0,141509
TSS_4654_wanner_regulondb,0.5,1,1,TGTTGTCGGGGCGGCTAGCT,0,154188
TSS_4654_wanner_regulondb,0.5,1,1,TGTTGCTACGTAAACAGGAA,0,151669
TSS_4654_wanner_regulondb,0.5,1,1,TGTTGACTTCTAACATGCGC,0,174780
TSS_4654_wanner_regulondb,0.5,1,1,TGTTGAATTAAGGTTCGTAA,0,167032
TSS_4654_wanner_regulondb,0.5,1,1,TGTTGAAAGTATTCTTGTTA,0,153581
TSS_4654_wanner_regulondb,0.5,1,1,TGTTCAGTGGGGGCCGGAAC,0,145041
TSS_4654_wanner_regulondb,0.5,1,1,TGTTCAGGGGGGTCTTCTTA,0,171235
TSS_4654_wanner_regulondb,0.5,1,1,TGTTCAGCCAACACGGCGAT,0,132795
TSS_4654_wanner_regulondb,0.5,1,1,TGTTCACCTACGGCTTGGTT,0,162432
TSS_4654_wanner_regulondb,0.5,1,1,TGTTATCGGACGTCAGAGTC,0,129503
TSS_4654_wanner_regulondb,0.5,1,1,TGTTAAGACCTAGGCGCATG,0,163781
TSS_4654_wanner_regulondb,0.5,1,1,TGTTAACGATTTGGAGGAGT,0,130292
TSS_4654_wanner_regulondb,0.5,1,1,TGTGTCTGTTGTTGGGGTGT,0,125652
TSS_4654_wanner_regulondb,0.5,1,1,TGTGGTGTATAGATGCGATG,0,138953
TSS_4654_wanner_regulondb,0.5,1,1,TGTGGTGCCGAACCCTCGTC,0,171827
TSS_4654_wanner_regulondb,0.5,1,1,TGTGGTGATGGCGAGGTTCT,0,143174
TSS_4654_wanner_regulondb,0.5,1,1,TGTGGCGACTTCGAGGCCGT,0,143353
TSS_4654_wanner_regulondb,0.5,1,1,TGTGGCATTTGAGCATTACA,0,156182
TSS_4654_wanner_regulondb,0.5,1,1,TGTGGCACGCCGAGTGTGCA,0,133735
TSS_4654_wanner_regulondb,0.5,1,1,TGTGGAGCCGTATCAATGCT,0,166483
TSS_4654_wanner_regulondb,0.5,1,1,TGTGCGAAGACTACGGCCTT,0,133308
TSS_4654_wanner_regulondb,0.5,1,1,TGTGCCCGTAGAGGCATGCC,0,144463
TSS_4654_wanner_regulondb,0.5,1,1,TGTGATGGCGGCAAATGCGA,0,152980
TSS_4654_wanner_regulondb,0.5,1,1,TGTGATCCAGGCGCGCCAGT,0,170711
TSS_4654_wanner_regulondb,0.5,1,1,TGTGATAAGGGTATTTAAGC,0,127556
TSS_4654_wanner_regulondb,0.5,1,1,TGTGACGCAGCTGAGCCGAT,0,158321
TSS_4654_wanner_regulondb,0.5,1,1,TGTGACAGTATCCTAAAGAG,0,140930
TSS_4654_wanner_regulondb,0.5,1,1,TGTGAAGCGATTCAAGGGTC,0,139300
TSS_4654_wanner_regulondb,0.5,1,1,TGTCTTGCCTCCGGGATAAG,0,168781
TSS_4654_wanner_regulondb,0.5,1,1,TGTCTTCGCTGCAGAATGTA,0,129895
TSS_4654_wanner_regulondb,0.5,1,1,TGTCTCTCAGTTAGATAGTG,0,172557
TSS_4654_wanner_regulondb,0.5,1,1,TGTCGTGGTACAAGCAGAGA,0,156440
TSS_4654_wanner_regulondb,0.5,1,1,TGTCGTATGCCCTATTGGCT,0,169515
TSS_4654_wanner_regulondb,0.5,1,1,TGTCCTACTGACTGTTACCA,0,152012
TSS_4654_wanner_regulondb,0.5,1,1,TGTCCCCGCGGAAGGGCCAG,0,153134
TSS_4654_wanner_regulondb,0.5,1,1,TGTCATTAGGATTCCTAAGA,0,143902
TSS_4654_wanner_regulondb,0.5,1,1,TGTCAGCGTCGATTCCGCTA,0,143492
TSS_4654_wanner_regulondb,0.5,1,1,TGTCACCCACGTCGGCAGTG,0,131597
TSS_4654_wanner_regulondb,0.5,1,1,TGTCAACCCAGGGACCATCG,0,172061
TSS_4654_wanner_regulondb,0.5,1,1,TGTCAAACTAGCCCAGTTAT,0,125923
TSS_4654_wanner_regulondb,0.5,1,1,TGTATTCTACACTTCGTGGA,0,133368
TSS_4654_wanner_regulondb,0.5,1,1,TGTATGGTTGAGATTAAAAC,0,136005
TSS_4654_wanner_regulondb,0.5,1,1,TGTATGATGGCCGTACCTCG,0,155110
TSS_4654_wanner_regulondb,0.5,1,1,TGTATCTGCAGCTTTCTTGA,0,133850
TSS_4654_wanner_regulondb,0.5,1,1,TGTATCCTGATTTAAACTAT,0,163439
TSS_4654_wanner_regulondb,0.5,1,1,TGTATCCTCCAACTAGATTT,0,134423
TSS_4654_wanner_regulondb,0.5,1,1,TGTAGTTCATTGCATCGCCT,0,137577
TSS_4654_wanner_regulondb,0.5,1,1,TGTAGTGACTGGCAGGTAGT,0,141127
TSS_4654_wanner_regulondb,0.5,1,1,TGTAGTCCGGCCCGTGATTA,0,170802
TSS_4654_wanner_regulondb,0.5,1,1,TGTAGGCTACCACACCGAAT,0,171644
TSS_4654_wanner_regulondb,0.5,1,1,TGTAGGATCGCGAAATACTA,0,173253
TSS_4654_wanner_regulondb,0.5,1,1,TGTACCGAGCCGAACGGGAT,0,148827
TSS_4654_wanner_regulondb,0.5,1,1,TGTAATCGGAAATTGGGAAG,0,170979
TSS_4654_wanner_regulondb,0.5,1,1,TGTAATAGGGCGGGGAACAG,0,131376
TSS_4654_wanner_regulondb,0.5,1,1,TGTAACTGGGAATATGTAAC,0,129817
TSS_4654_wanner_regulondb,0.5,1,1,TGTAACTAGGACTCGAAACA,0,160450
TSS_4654_wanner_regulondb,0.5,1,1,TGGTTTGCCCCCATTGCAAA,0,171117
TSS_4654_wanner_regulondb,0.5,1,1,TGGTTTGCCATTGTTTTAGG,0,151569
TSS_4654_wanner_regulondb,0.5,1,1,TGGTTGGATTCTAGTCCGTG,0,161360
TSS_4654_wanner_regulondb,0.5,1,1,TGGTTGACGACCTCGGCACA,0,170714
TSS_4654_wanner_regulondb,0.5,1,1,TGGTTAAGTTTCGTTCGACT,0,144934
TSS_4654_wanner_regulondb,0.5,1,1,TGGTTAAGACATGGGAATCC,0,155988
TSS_4654_wanner_regulondb,0.5,1,1,TGGTGGATCTGCGACGCAAT,0,138762
TSS_4654_wanner_regulondb,0.5,1,1,TGGTGGACCATTAAGCACAG,0,154936
TSS_4654_wanner_regulondb,0.5,1,1,TGGTCTGCGCAGCCTATGTC,0,152131
TSS_4654_wanner_regulondb,0.5,1,1,TGGTCATCCATTCAATATTT,0,132301
TSS_4654_wanner_regulondb,0.5,1,1,TGGTATGAATAACGGCTCGG,0,142488
TSS_4654_wanner_regulondb,0.5,1,1,TGGTACCCAGTGGCATCCCT,0,151198
TSS_4654_wanner_regulondb,0.5,1,1,TGGGTCTGGGAGACTTCTAA,0,173700
TSS_4654_wanner_regulondb,0.5,1,1,TGGGTCTGAGTTGGGAGCTC,0,133429
TSS_4654_wanner_regulondb,0.5,1,1,TGGGTCAGCCTTGTCACATA,0,153559
TSS_4654_wanner_regulondb,0.5,1,1,TGGGTAGGTGGAGATACGCT,0,148539
TSS_4654_wanner_regulondb,0.5,1,1,TGGGGTACCATGAAAATCAG,0,144846
TSS_4654_wanner_regulondb,0.5,1,1,TGGGGCCGGTATTAACCCCT,0,157354
TSS_4654_wanner_regulondb,0.5,1,1,TGGGGATCGAGGAGCGGCTA,0,149277
TSS_4654_wanner_regulondb,0.5,1,1,TGGGGAATAAAAGATTGACA,0,134796
TSS_4654_wanner_regulondb,0.5,1,1,TGGGCCTCCCACACGGGCGA,0,145066
TSS_4654_wanner_regulondb,0.5,1,1,TGGGCCACGTGCGCCGAAAC,0,143745
TSS_4654_wanner_regulondb,0.5,1,1,TGGGCATCTGTCGGTAGCCA,0,138985
TSS_4654_wanner_regulondb,0.5,1,1,TGGGCAATTCATCAGCGCCA,0,135237
TSS_4654_wanner_regulondb,0.5,1,1,TGGGATCCATTTTGAGGAGT,0,136726
TSS_4654_wanner_regulondb,0.5,1,1,TGGGATCATATTATGAACGT,0,126269
TSS_4654_wanner_regulondb,0.5,1,1,TGGGATATCGGTGGCCTTCA,0,164001
TSS_4654_wanner_regulondb,0.5,1,1,TGGGAGTGCACTAAATAAAT,0,141459
TSS_4654_wanner_regulondb,0.5,1,1,TGGGAGTGAGGTCGCCAAGG,0,136066
TSS_4654_wanner_regulondb,0.5,1,1,TGGGAGCAGCCCGCCTGGGG,0,135715
TSS_4654_wanner_regulondb,0.5,1,1,TGGGAATTCACTAATAGGGG,0,151776
TSS_4654_wanner_regulondb,0.5,1,1,TGGCTGTCCCACAGTCCTCA,0,164154
TSS_4654_wanner_regulondb,0.5,1,1,TGGCTGGCGAGTCCCGAACG,0,170334
TSS_4654_wanner_regulondb,0.5,1,1,TGGCTCGAGTAAGTGTCCTC,0,127349
TSS_4654_wanner_regulondb,0.5,1,1,TGGCTAGGTTTCCGGTTCCA,0,156534
TSS_4654_wanner_regulondb,0.5,1,1,TGGCGGCTGACTGGGTATCA,0,132974
TSS_4654_wanner_regulondb,0.5,1,1,TGGCGCCACGAACGCTTCTG,0,154032
TSS_4654_wanner_regulondb,0.5,1,1,TGGCCGTGTATATGACTTGT,0,172820
TSS_4654_wanner_regulondb,0.5,1,1,TGGCCACCTATTAAGTAAGC,0,149414
TSS_4654_wanner_regulondb,0.5,1,1,TGGCAATTCGCGGCAACCGC,0,140833
TSS_4654_wanner_regulondb,0.5,1,1,TGGCAAGATGGGTATGAGCT,0,128948
TSS_4654_wanner_regulondb,0.5,1,1,TGGCAACTGGTCCAGTCGGT,0,155000
TSS_4654_wanner_regulondb,0.5,1,1,TGGATCTGATTATTGGCCCT,0,150370
TSS_4654_wanner_regulondb,0.5,1,1,TGGATCATCACTAATTAATC,0,137868
TSS_4654_wanner_regulondb,0.5,1,1,TGGAGGATTACTGCAGTTCT,0,144936
TSS_4654_wanner_regulondb,0.5,1,1,TGGAGCGCTTGTTCAGGGTA,0,125009
TSS_4654_wanner_regulondb,0.5,1,1,TGGAGCGACCTAGCCCAATA,0,166653
TSS_4654_wanner_regulondb,0.5,1,1,TGGAGCCCGAGGTTGCGGAT,0,162365
TSS_4654_wanner_regulondb,0.5,1,1,TGGAGACCTTGTCGGTGTGC,0,151137
TSS_4654_wanner_regulondb,0.5,1,1,TGGACCTAGTATGATTCGCT,0,147097
TSS_4654_wanner_regulondb,0.5,1,1,TGGACAGGCTTGGCGATAGT,0,153202
TSS_4654_wanner_regulondb,0.5,1,1,TGGAATTGACCAAGAGGTTC,0,125160
TSS_4654_wanner_regulondb,0.5,1,1,TGGAATGATTTGTTCTGGTG,0,145913
TSS_4654_wanner_regulondb,0.5,1,1,TGGAATCACCCTCGATGAGG,0,160657
TSS_4654_wanner_regulondb,0.5,1,1,TGGAAGGCCAGGTGTAAGCA,0,158867
TSS_4654_wanner_regulondb,0.5,1,1,TGGAACCGACGGGTGTTAGG,0,155410
TSS_4654_wanner_regulondb,0.5,1,1,TGCTGGCTCTGGATAAGTCA,0,127561
TSS_4654_wanner_regulondb,0.5,1,1,TGCTGCTCAAGTGCTGTTCA,0,131338
TSS_4654_wanner_regulondb,0.5,1,1,TGCTCTCGTGCGTGGTCTCG,0,154719
TSS_4654_wanner_regulondb,0.5,1,1,TGCTCGGTTAACATTTGCGG,0,148955
TSS_4654_wanner_regulondb,0.5,1,1,TGCTCCAGGGGTGATCGGAC,0,155252
TSS_4654_wanner_regulondb,0.5,1,1,TGCTCAAATATCATAGTAGG,0,145927
TSS_4654_wanner_regulondb,0.5,1,1,TGCTAGTAAAGCTGTTCCTG,0,152157
TSS_4654_wanner_regulondb,0.5,1,1,TGCTACGCGCCTATGGCTTC,0,135607
TSS_4654_wanner_regulondb,0.5,1,1,TGCTAAGTCGGTTGCACTCA,0,131176
TSS_4654_wanner_regulondb,0.5,1,1,TGCGTTTTTACCGATCAGGT,0,150474
TSS_4654_wanner_regulondb,0.5,1,1,TGCGTTCCCAGACGCCCTAC,0,162044
TSS_4654_wanner_regulondb,0.5,1,1,TGCGTGGTCAGCTGATTTCG,0,163525
TSS_4654_wanner_regulondb,0.5,1,1,TGCGTCTTCAAAGGACGCGT,0,162617
TSS_4654_wanner_regulondb,0.5,1,1,TGCGTAGCTCTGAAATTGTA,0,157230
TSS_4654_wanner_regulondb,0.5,1,1,TGCGCTTGGCACTCGGATGA,0,166883
TSS_4654_wanner_regulondb,0.5,1,1,TGCGCGTTGCAGGAATTCAG,0,136955
TSS_4654_wanner_regulondb,0.5,1,1,TGCGCGCACAGATCTGGTGC,0,142343
TSS_4654_wanner_regulondb,0.5,1,1,TGCGCCCTGTGAGCTACTCG,0,139491
TSS_4654_wanner_regulondb,0.5,1,1,TGCGCAGGCAGAAATCCACA,0,168404
TSS_4654_wanner_regulondb,0.5,1,1,TGCGACGCGGACAGATGTAG,0,152718
TSS_4654_wanner_regulondb,0.5,1,1,TGCGAACAGCGTGTTATGTA,0,173635
TSS_4654_wanner_regulondb,0.5,1,1,TGCCTTGTCGGCTCTGTTAA,0,125350
TSS_4654_wanner_regulondb,0.5,1,1,TGCCTGTTTGTTGGTCCCAA,0,140919
TSS_4654_wanner_regulondb,0.5,1,1,TGCCTGCTGCAACCTCCACA,0,139110
TSS_4654_wanner_regulondb,0.5,1,1,TGCCTATAGTGAATGGTCAC,0,152641
TSS_4654_wanner_regulondb,0.5,1,1,TGCCGAAACTCCTCGGACGA,0,142456
TSS_4654_wanner_regulondb,0.5,1,1,TGCCCGGTTATTAGCGCTCC,0,126712
TSS_4654_wanner_regulondb,0.5,1,1,TGCCCCTCATAAGGCGATAG,0,143254
TSS_4654_wanner_regulondb,0.5,1,1,TGCCAGCCGTCCAATCGTTT,0,144086
TSS_4654_wanner_regulondb,0.5,1,1,TGCCAGCACCTTTGCAATAT,0,126389
TSS_4654_wanner_regulondb,0.5,1,1,TGCCAGAGTTCGGGAAATCA,0,150674
TSS_4654_wanner_regulondb,0.5,1,1,TGCATCTCGGCGTAGCACTG,0,133030
TSS_4654_wanner_regulondb,0.5,1,1,TGCAGGCCAAGAGTTACTAG,0,161836
TSS_4654_wanner_regulondb,0.5,1,1,TGCAGCTCCCTCGCCCCGCG,0,131888
TSS_4654_wanner_regulondb,0.5,1,1,TGCACTGTCGGCACACCGAC,0,161628
TSS_4654_wanner_regulondb,0.5,1,1,TGCACGGGTTCCCAGTAAAT,0,154489
TSS_4654_wanner_regulondb,0.5,1,1,TGCACCTAACTAGACTCAGC,0,153442
TSS_4654_wanner_regulondb,0.5,1,1,TGCACCAAGCGGTAGGCCTC,0,171824
TSS_4654_wanner_regulondb,0.5,1,1,TGCAATAGTGCGTCCTCAGC,0,134097
TSS_4654_wanner_regulondb,0.5,1,1,TGCAAGGTTCTCTACCAGGT,0,163310
TSS_4654_wanner_regulondb,0.5,1,1,TGCAACGTTTGACTTACCAA,0,145832
TSS_4654_wanner_regulondb,0.5,1,1,TGCAACGGGTAATAGGCTTT,0,128884
TSS_4654_wanner_regulondb,0.5,1,1,TGCAACGCTAATGTTCGACA,0,167644
TSS_4654_wanner_regulondb,0.5,1,1,TGCAAAAAGACCGTACAGAT,0,138330
TSS_4654_wanner_regulondb,0.5,1,1,TGATTTATTCACGGTACCAT,0,155035
TSS_4654_wanner_regulondb,0.5,1,1,TGATGTGCAACGATTCGATC,0,172978
TSS_4654_wanner_regulondb,0.5,1,1,TGATGGTATCCGTGCATCAA,0,156457
TSS_4654_wanner_regulondb,0.5,1,1,TGATGAACAATTGCCGCCAG,0,132568
TSS_4654_wanner_regulondb,0.5,1,1,TGATCGCAGTTCCAGCTTGC,0,162642
TSS_4654_wanner_regulondb,0.5,1,1,TGATCAAGTCTAGAGAAATA,0,135567
TSS_4654_wanner_regulondb,0.5,1,1,TGATAACTATGGCTTGGGTT,0,164498
TSS_4654_wanner_regulondb,0.5,1,1,TGATAAACGCGTATTACATA,0,133640
TSS_4654_wanner_regulondb,0.5,1,1,TGAGTGGGTGACAGCTTTGT,0,157764
TSS_4654_wanner_regulondb,0.5,1,1,TGAGTGGGCTCGTCGGTCTC,0,158855
TSS_4654_wanner_regulondb,0.5,1,1,TGAGTAGCCGTGGTTAATAT,0,163292
TSS_4654_wanner_regulondb,0.5,1,1,TGAGGGTAGTGGGCAATTCA,0,168968
TSS_4654_wanner_regulondb,0.5,1,1,TGAGGAAGGGACAAAACCGC,0,163773
TSS_4654_wanner_regulondb,0.5,1,1,TGAGGAAAATGCGTTCAACC,0,145676
TSS_4654_wanner_regulondb,0.5,1,1,TGAGCTTTGCGTTCGTCGTG,0,157524
TSS_4654_wanner_regulondb,0.5,1,1,TGAGCTGATGGCTATTGCGA,0,172980
TSS_4654_wanner_regulondb,0.5,1,1,TGAGCGAAAACTCGGACTAT,0,142075
TSS_4654_wanner_regulondb,0.5,1,1,TGACTGTATGTCACCGATTC,0,140600
TSS_4654_wanner_regulondb,0.5,1,1,TGACTAGAAGACATCTGCCA,0,173522
TSS_4654_wanner_regulondb,0.5,1,1,TGACGTGCGCTGGTGACTGG,0,141541
TSS_4654_wanner_regulondb,0.5,1,1,TGACGCAGTCTAAACTCACC,0,137893
TSS_4654_wanner_regulondb,0.5,1,1,TGACGATGTTCCGCCAGGTA,0,143938
TSS_4654_wanner_regulondb,0.5,1,1,TGACATACGTACCCGGTAGT,0,154307
TSS_4654_wanner_regulondb,0.5,1,1,TGACAGGCGTTGTCTGAGAG,0,145197
TSS_4654_wanner_regulondb,0.5,1,1,TGAATCTCGCGCACGCTCTC,0,156760
TSS_4654_wanner_regulondb,0.5,1,1,TGAATAGACAGCAGGCGCAG,0,142016
TSS_4654_wanner_regulondb,0.5,1,1,TGAAGGGTTGTTTATATTGG,0,158007
TSS_4654_wanner_regulondb,0.5,1,1,TGAAGGGGAATCGAATGTCT,0,129647
TSS_4654_wanner_regulondb,0.5,1,1,TGAACTTAATACACTGGAAG,0,135437
TSS_4654_wanner_regulondb,0.5,1,1,TGAACGTGCGTCCAAACAGC,0,149907
TSS_4654_wanner_regulondb,0.5,1,1,TGAACCAACGTTAAGATAAG,0,160496
TSS_4654_wanner_regulondb,0.5,1,1,TGAAATCGTAGCACCGAGAA,0,173786
TSS_4654_wanner_regulondb,0.5,1,1,TGAAACCATGTTATGTGGCC,0,146717
TSS_4654_wanner_regulondb,0.5,1,1,TGAAAAACGTTTGTTATTAT,0,157701
TSS_4654_wanner_regulondb,0.5,1,1,TCTTTTTCATCGGAGCGTCC,0,164727
TSS_4654_wanner_regulondb,0.5,1,1,TCTTTTCCGGAAACACTAAC,0,130165
TSS_4654_wanner_regulondb,0.5,1,1,TCTTTTCAATCCGCACTACC,0,146647
TSS_4654_wanner_regulondb,0.5,1,1,TCTTTGTCTGGTTTGGCAAG,0,163746
TSS_4654_wanner_regulondb,0.5,1,1,TCTTTCGAAGGTTTGATAGA,0,157889
TSS_4654_wanner_regulondb,0.5,1,1,TCTTTCCTCAATAAGCCACA,0,145972
TSS_4654_wanner_regulondb,0.5,1,1,TCTTTACGACACAGCGGTGA,0,138576
TSS_4654_wanner_regulondb,0.5,1,1,TCTTGGTATTCGTTGCGAAG,0,137780
TSS_4654_wanner_regulondb,0.5,1,1,TCTTGCCCCGGAAAGGACGA,0,150758
TSS_4654_wanner_regulondb,0.5,1,1,TCTTGACCACTGGTGCGGTT,0,150064
TSS_4654_wanner_regulondb,0.5,1,1,TCTTGAAACTCCTAGTAGCA,0,142359
TSS_4654_wanner_regulondb,0.5,1,1,TCTTCCAATCAATCTATCCA,0,140654
TSS_4654_wanner_regulondb,0.5,1,1,TCTTCATGGCACGAGAAATT,0,142167
TSS_4654_wanner_regulondb,0.5,1,1,TCTTCAAAGTATCCTCTGTA,0,125510
TSS_4654_wanner_regulondb,0.5,1,1,TCTTATCTCGCGCGACGAAA,0,126983
TSS_4654_wanner_regulondb,0.5,1,1,TCTTAGCAACGCCGTTTGGG,0,145521
TSS_4654_wanner_regulondb,0.5,1,1,TCTTAGAACTATCCTTTACG,0,169454
TSS_4654_wanner_regulondb,0.5,1,1,TCTTAAAGAAAGAAAACACA,0,127346
TSS_4654_wanner_regulondb,0.5,1,1,TCTGTCGAAGGCCAAATATG,0,158300
TSS_4654_wanner_regulondb,0.5,1,1,TCTGGTTTTAAACTCCACCG,0,137301
TSS_4654_wanner_regulondb,0.5,1,1,TCTGGTTGATGGTCACGACC,0,135273
TSS_4654_wanner_regulondb,0.5,1,1,TCTGGTTCTGCTTATGGGCG,0,141869
TSS_4654_wanner_regulondb,0.5,1,1,TCTGGTTAAGCGTGTACTGA,0,157243
TSS_4654_wanner_regulondb,0.5,1,1,TCTGGGGTGAGTGCGAGACA,0,141596
TSS_4654_wanner_regulondb,0.5,1,1,TCTGGACCAATTAGACGGGT,0,141212
TSS_4654_wanner_regulondb,0.5,1,1,TCTGCTGTCAGGGAACGGAG,0,136551
TSS_4654_wanner_regulondb,0.5,1,1,TCTGCTGGTGCCACCACTCC,0,138380
TSS_4654_wanner_regulondb,0.5,1,1,TCTGCGTAGAATGACGCGAA,0,133421
TSS_4654_wanner_regulondb,0.5,1,1,TCTGCCGGCATCGGATATGT,0,136739
TSS_4654_wanner_regulondb,0.5,1,1,TCTGCACCCCGCTGCGTGGA,0,149044
TSS_4654_wanner_regulondb,0.5,1,1,TCTGATAGAAGCGAGGATAC,0,153254
TSS_4654_wanner_regulondb,0.5,1,1,TCTGAGTCTGGAAGAATTAT,0,137675
TSS_4654_wanner_regulondb,0.5,1,1,TCTGAGGAAAAGGGAGAGAG,0,154453
TSS_4654_wanner_regulondb,0.5,1,1,TCTGACGCAAACCACTGTTG,0,134896
TSS_4654_wanner_regulondb,0.5,1,1,TCTGAAGCTGCCTGAAAAGG,0,141252
TSS_4654_wanner_regulondb,0.5,1,1,TCTGAACGGGATCGCCTCCC,0,128006
TSS_4654_wanner_regulondb,0.5,1,1,TCTCTATAGGCCACAGACAC,0,134963
TSS_4654_wanner_regulondb,0.5,1,1,TCTCTAGGTAGAGCTAAAAC,0,172464
TSS_4654_wanner_regulondb,0.5,1,1,TCTCGCAAGATATTGGATTT,0,162503
TSS_4654_wanner_regulondb,0.5,1,1,TCTCCGATCCGATATTTCTG,0,130275
TSS_4654_wanner_regulondb,0.5,1,1,TCTCCCGTTTCCGTCGAACT,0,132579
TSS_4654_wanner_regulondb,0.5,1,1,TCTCATGAACGTTAAAGTGT,0,127802
TSS_4654_wanner_regulondb,0.5,1,1,TCTCAACTTAGACGCGCATT,0,161572
TSS_4654_wanner_regulondb,0.5,1,1,TCTATTCCTATGCAAATTGG,0,131340
TSS_4654_wanner_regulondb,0.5,1,1,TCTATCGAGGAGTAGGCCTG,0,135262
TSS_4654_wanner_regulondb,0.5,1,1,TCTATCCTACTCTCGTGAGT,0,138802
TSS_4654_wanner_regulondb,0.5,1,1,TCTAGTTAAGAGTTTGACTC,0,129172
TSS_4654_wanner_regulondb,0.5,1,1,TCTAGCGGAACAGTCATTTA,0,126148
TSS_4654_wanner_regulondb,0.5,1,1,TCTACAGTCCTGGAAATCTG,0,150905
TSS_4654_wanner_regulondb,0.5,1,1,TCTAATAAAGGCAGTCTATG,0,162484
TSS_4654_wanner_regulondb,0.5,1,1,TCTAACATGTGCCTTGGAGA,0,125285
TSS_4654_wanner_regulondb,0.5,1,1,TCTAAAATTGGCCTATGTGT,0,165335
TSS_4654_wanner_regulondb,0.5,1,1,TCTAAAAGGATCGACATCTG,0,162773
TSS_4654_wanner_regulondb,0.5,1,1,TCGTTCTTGCATATTAGTTA,0,151487
TSS_4654_wanner_regulondb,0.5,1,1,TCGTGGATATAGGGGTGCTG,0,159029
TSS_4654_wanner_regulondb,0.5,1,1,TCGTGAATAGTTTCGAGATA,0,163336
TSS_4654_wanner_regulondb,0.5,1,1,TCGTCTGCGGCAGTATTTTA,0,156171
TSS_4654_wanner_regulondb,0.5,1,1,TCGTCGCTGACGGTATTCGG,0,144892
TSS_4654_wanner_regulondb,0.5,1,1,TCGTATTGTACGCTTGCAGG,0,144725
TSS_4654_wanner_regulondb,0.5,1,1,TCGGTATGGTTGTCCTAACG,0,163564
TSS_4654_wanner_regulondb,0.5,1,1,TCGGTACTAAGCATCACGAC,0,160631
TSS_4654_wanner_regulondb,0.5,1,1,TCGGCCCAATGGATCGAGCC,0,169742
TSS_4654_wanner_regulondb,0.5,1,1,TCGGCAGGGACGGTCCCCAT,0,133331
TSS_4654_wanner_regulondb,0.5,1,1,TCGGATAGAGGCGAGGAAAA,0,139488
TSS_4654_wanner_regulondb,0.5,1,1,TCGGACGCTAAAATAATGCC,0,154294
TSS_4654_wanner_regulondb,0.5,1,1,TCGCTAGCCCCAGCGATCTC,0,166306
TSS_4654_wanner_regulondb,0.5,1,1,TCGCGTCTACTGTAATAAAC,0,172962
TSS_4654_wanner_regulondb,0.5,1,1,TCGCGGTGCAAGCTTCAGAA,0,171924
TSS_4654_wanner_regulondb,0.5,1,1,TCGCGGGATTTTTTCGTACA,0,148901
TSS_4654_wanner_regulondb,0.5,1,1,TCGCGGCTCCAGCCCCAGCA,0,136312
TSS_4654_wanner_regulondb,0.5,1,1,TCGCGACCCTCATTGGAATC,0,162921
TSS_4654_wanner_regulondb,0.5,1,1,TCGCCTATCTCATACGATGC,0,139280
TSS_4654_wanner_regulondb,0.5,1,1,TCGCCGGGCAGTCCACTACA,0,144054
TSS_4654_wanner_regulondb,0.5,1,1,TCGCCCGATGTCGCCGGGAG,0,168215
TSS_4654_wanner_regulondb,0.5,1,1,TCGCCCCATCCCTGACCAGT,0,154829
TSS_4654_wanner_regulondb,0.5,1,1,TCGCCAGTCTCGGTGCGTGA,0,125875
TSS_4654_wanner_regulondb,0.5,1,1,TCGCATTACGAATCCTAAGG,0,142775
TSS_4654_wanner_regulondb,0.5,1,1,TCGCACCGTATGATGGGCGT,0,151097
TSS_4654_wanner_regulondb,0.5,1,1,TCGCAAGGCGTCAGATGCGT,0,167063
TSS_4654_wanner_regulondb,0.5,1,1,TCGATTACTCAACTTGGCGT,0,137636
TSS_4654_wanner_regulondb,0.5,1,1,TCGATGGTATTCATACGTCC,0,166992
TSS_4654_wanner_regulondb,0.5,1,1,TCGATGGATTCACACGCGGA,0,155102
TSS_4654_wanner_regulondb,0.5,1,1,TCGATCATTTTGATACAAGT,0,158198
TSS_4654_wanner_regulondb,0.5,1,1,TCGAGTTCATTCCTGAGACG,0,126134
TSS_4654_wanner_regulondb,0.5,1,1,TCGAGTGACGATCACGTACT,0,168833
TSS_4654_wanner_regulondb,0.5,1,1,TCGAGAAGACGAAGTCGGAG,0,170181
TSS_4654_wanner_regulondb,0.5,1,1,TCGACCCAGCAGTCCGGCCA,0,149047
TSS_4654_wanner_regulondb,0.5,1,1,TCGACCAAGAGGACGCACTA,0,131355
TSS_4654_wanner_regulondb,0.5,1,1,TCGACAGATTCCACTTAATA,0,125707
TSS_4654_wanner_regulondb,0.5,1,1,TCGAATGTAACACCCGTCCC,0,131548
TSS_4654_wanner_regulondb,0.5,1,1,TCGAACAGTTAGGGTGGGGC,0,146063
TSS_4654_wanner_regulondb,0.5,1,1,TCCTTTATAGATCTGTCGAG,0,137425
TSS_4654_wanner_regulondb,0.5,1,1,TCCTTACCTTGCAGCACACG,0,174355
TSS_4654_wanner_regulondb,0.5,1,1,TCCTTAACGGCCCGATGCGG,0,161182
TSS_4654_wanner_regulondb,0.5,1,1,TCCTGCGCACGCACGTGTAA,0,146981
TSS_4654_wanner_regulondb,0.5,1,1,TCCTGAATATACGGCACTTC,0,151154
TSS_4654_wanner_regulondb,0.5,1,1,TCCTCTATGATACGAATAAT,0,171630
TSS_4654_wanner_regulondb,0.5,1,1,TCCTCCAGCTCTTTGTGCGT,0,132211
TSS_4654_wanner_regulondb,0.5,1,1,TCCTATTAAGGTCATCAACA,0,139069
TSS_4654_wanner_regulondb,0.5,1,1,TCCTAGGAAGGTAAGGGAGA,0,129148
TSS_4654_wanner_regulondb,0.5,1,1,TCCTACTCTGGTAATACCTT,0,161036
TSS_4654_wanner_regulondb,0.5,1,1,TCCGTGGCGACGTGACAATA,0,127221
TSS_4654_wanner_regulondb,0.5,1,1,TCCGGCTATAAGCCCTCGGT,0,127576
TSS_4654_wanner_regulondb,0.5,1,1,TCCGCTATACGTAAGGTTGG,0,137720
TSS_4654_wanner_regulondb,0.5,1,1,TCCGCGAATTTCTGTGATCA,0,146933
TSS_4654_wanner_regulondb,0.5,1,1,TCCGCATCAGAGCGTTATTG,0,126522
TSS_4654_wanner_regulondb,0.5,1,1,TCCGATCACCCACATAGGAT,0,166029
TSS_4654_wanner_regulondb,0.5,1,1,TCCGAGAACAATGAGCTCAT,0,127950
TSS_4654_wanner_regulondb,0.5,1,1,TCCGACCCACTATCTGCCGC,0,141436
TSS_4654_wanner_regulondb,0.5,1,1,TCCGAAGATTCCGACACTTG,0,135090
TSS_4654_wanner_regulondb,0.5,1,1,TCCCTTTCCCGACGTTATTG,0,145652
TSS_4654_wanner_regulondb,0.5,1,1,TCCCTTATGCACCTACTGGT,0,162785
TSS_4654_wanner_regulondb,0.5,1,1,TCCCTGTTGGGGAAAACCAT,0,150089
TSS_4654_wanner_regulondb,0.5,1,1,TCCCTCGGCCCCGTTAGCGA,0,131702
TSS_4654_wanner_regulondb,0.5,1,1,TCCCGTGGCTCGAATTACAA,0,136108
TSS_4654_wanner_regulondb,0.5,1,1,TCCCGTCACTCCCTGCAGCT,0,155150
TSS_4654_wanner_regulondb,0.5,1,1,TCCCGTAGAGGTTAAGAACT,0,126432
TSS_4654_wanner_regulondb,0.5,1,1,TCCCGGTAACGGGCGACTTT,0,125967
TSS_4654_wanner_regulondb,0.5,1,1,TCCCGGGTAAAGACTGTCTA,0,157344
TSS_4654_wanner_regulondb,0.5,1,1,TCCCGCTGCCAAGGGAGCCA,0,149981
TSS_4654_wanner_regulondb,0.5,1,1,TCCCGCGCCACTGCAGACTC,0,125352
TSS_4654_wanner_regulondb,0.5,1,1,TCCCCGCGTCCGCGACTGAA,0,154456
TSS_4654_wanner_regulondb,0.5,1,1,TCCCATAGAGTTGACCAGGC,0,155829
TSS_4654_wanner_regulondb,0.5,1,1,TCCCAGTTTGCCGCAGGGTG,0,156342
TSS_4654_wanner_regulondb,0.5,1,1,TCCCACACTATCCTGCCACA,0,138613
TSS_4654_wanner_regulondb,0.5,1,1,TCCAGTTACTTCCGCGCCCT,0,132501
TSS_4654_wanner_regulondb,0.5,1,1,TCCAGTAGGTTTGCATGATC,0,147073
TSS_4654_wanner_regulondb,0.5,1,1,TCCAGGAGCACCGGAATTTC,0,138952
TSS_4654_wanner_regulondb,0.5,1,1,TCCACGCTGTACCCCGGAAC,0,134038
TSS_4654_wanner_regulondb,0.5,1,1,TCCACCTGCGTGTACGACCA,0,160826
TSS_4654_wanner_regulondb,0.5,1,1,TCCAAGGTAACAGTGCTTTA,0,140806
TSS_4654_wanner_regulondb,0.5,1,1,TCCAACACCATAGAGGGCAA,0,127187
TSS_4654_wanner_regulondb,0.5,1,1,TCATTCGAAACCTATCGGGT,0,147757
TSS_4654_wanner_regulondb,0.5,1,1,TCATTAAGCGAACAGGTAGC,0,126723
TSS_4654_wanner_regulondb,0.5,1,1,TCATGGTGAATCCGAAGTGC,0,127552
TSS_4654_wanner_regulondb,0.5,1,1,TCATGGCTCATCCGTGCATT,0,156909
TSS_4654_wanner_regulondb,0.5,1,1,TCATGCCCGGTTATCGAGGC,0,156198
TSS_4654_wanner_regulondb,0.5,1,1,TCATGCATTTTGTGCCTGCA,0,170637
TSS_4654_wanner_regulondb,0.5,1,1,TCATGATAGGAGGCATCCCT,0,148788
TSS_4654_wanner_regulondb,0.5,1,1,TCATGAGCACCAGGACACTG,0,172632
TSS_4654_wanner_regulondb,0.5,1,1,TCATCTCGTGAACCTTTCCC,0,168256
TSS_4654_wanner_regulondb,0.5,1,1,TCATCGGCGATGAGACGCGA,0,161929
TSS_4654_wanner_regulondb,0.5,1,1,TCATCGCGATATGGACGAGT,0,147585
TSS_4654_wanner_regulondb,0.5,1,1,TCATCCTTGGAACCTAGGTT,0,156012
TSS_4654_wanner_regulondb,0.5,1,1,TCATCATTGAATCCTGGCCA,0,170424
TSS_4654_wanner_regulondb,0.5,1,1,TCATCAATCCCCCGGTGGCG,0,131547
TSS_4654_wanner_regulondb,0.5,1,1,TCATATCTGCGAATCGCACG,0,128761
TSS_4654_wanner_regulondb,0.5,1,1,TCATATCACTTGTGGTGAGA,0,151348
TSS_4654_wanner_regulondb,0.5,1,1,TCATAGTACATTAAGACAAA,0,149541
TSS_4654_wanner_regulondb,0.5,1,1,TCATAGGCGCCGGACCTAGG,0,131861
TSS_4654_wanner_regulondb,0.5,1,1,TCATAGACTAGCTCGGTGGA,0,152167
TSS_4654_wanner_regulondb,0.5,1,1,TCATACAGACCTATCCCTGC,0,138562
TSS_4654_wanner_regulondb,0.5,1,1,TCATACACTCTCTTTGATAC,0,155406
TSS_4654_wanner_regulondb,0.5,1,1,TCATAATGGTTGTCCTACAA,0,126839
TSS_4654_wanner_regulondb,0.5,1,1,TCATAATCCCGAGCCCACCT,0,125322
TSS_4654_wanner_regulondb,0.5,1,1,TCATAACTGGCCGATCATCA,0,146112
TSS_4654_wanner_regulondb,0.5,1,1,TCAGTCACATCAGCTTATCG,0,149110
TSS_4654_wanner_regulondb,0.5,1,1,TCAGTATCACAAGCTGAGAT,0,127761
TSS_4654_wanner_regulondb,0.5,1,1,TCAGTAGGAGTGTAGAACCC,0,137392
TSS_4654_wanner_regulondb,0.5,1,1,TCAGGGTTAGTGGAGGCAGA,0,153311
TSS_4654_wanner_regulondb,0.5,1,1,TCAGGGTCGCGGAGCTCGGA,0,169411
TSS_4654_wanner_regulondb,0.5,1,1,TCAGGGGCTCGCCAATTACG,0,128897
TSS_4654_wanner_regulondb,0.5,1,1,TCAGGCTTCCGTCGCTACAT,0,168209
TSS_4654_wanner_regulondb,0.5,1,1,TCAGGCGCTTTGTTCAAATT,0,151609
TSS_4654_wanner_regulondb,0.5,1,1,TCAGGAGTGCTTATCCGACA,0,141567
TSS_4654_wanner_regulondb,0.5,1,1,TCAGCCTGCGGCATTTAGAG,0,126935
TSS_4654_wanner_regulondb,0.5,1,1,TCAGCAGGCTTGCAGGGCAG,0,166428
TSS_4654_wanner_regulondb,0.5,1,1,TCAGATTCCCAATGGTGGCC,0,136533
TSS_4654_wanner_regulondb,0.5,1,1,TCAGAGTTTGGACAGTGGCT,0,129488
TSS_4654_wanner_regulondb,0.5,1,1,TCAGAGCGGTTTGTAGTCTA,0,152329
TSS_4654_wanner_regulondb,0.5,1,1,TCACGTGCGTTTATCCCGTC,0,137519
TSS_4654_wanner_regulondb,0.5,1,1,TCACGTCTACCTCCCGGTAC,0,166493
TSS_4654_wanner_regulondb,0.5,1,1,TCACGGGCTCAATAGGTGGC,0,130626
TSS_4654_wanner_regulondb,0.5,1,1,TCACGAGCTTCTGCATTAGA,0,156696
TSS_4654_wanner_regulondb,0.5,1,1,TCACATTTTTGATCCGATAA,0,127195
TSS_4654_wanner_regulondb,0.5,1,1,TCACACTAAATGCTGAGGTC,0,150870
TSS_4654_wanner_regulondb,0.5,1,1,TCACAAAAATAACGGTGGAA,0,137474
TSS_4654_wanner_regulondb,0.5,1,1,TCAATGTGGGCAAAGAATTA,0,160152
TSS_4654_wanner_regulondb,0.5,1,1,TCAATGGATTATCGGCGCGC,0,129031
TSS_4654_wanner_regulondb,0.5,1,1,TCAATGAAGGACGTGAATAG,0,141969
TSS_4654_wanner_regulondb,0.5,1,1,TCAATCTTTAGCGGCAAAGG,0,153738
TSS_4654_wanner_regulondb,0.5,1,1,TCAATCAGGAATCTCAGAAA,0,136911
TSS_4654_wanner_regulondb,0.5,1,1,TCAAGTGGTCAATGTGAGGG,0,137766
TSS_4654_wanner_regulondb,0.5,1,1,TCAAGTGGAAGTAATCTGGA,0,143077
TSS_4654_wanner_regulondb,0.5,1,1,TCAAGGTTTTCATACTTCAT,0,134327
TSS_4654_wanner_regulondb,0.5,1,1,TCAAGAACGGGAGGCTTCTG,0,142125
TSS_4654_wanner_regulondb,0.5,1,1,TCAACAATTTGAGTCTCCAT,0,164328
TSS_4654_wanner_regulondb,0.5,1,1,TCAAATTCGATTCAGACAAT,0,130427
TSS_4654_wanner_regulondb,0.5,1,1,TCAAACGCCTCTTCAGGATG,0,145381
TSS_4654_wanner_regulondb,0.5,1,1,TCAAAACACCAATCTTAAAC,0,157633
TSS_4654_wanner_regulondb,0.5,1,1,TATTTTCGTCGAATCCAGTA,0,169481
TSS_4654_wanner_regulondb,0.5,1,1,TATTTGGATCTTCGGTCTCT,0,150270
TSS_4654_wanner_regulondb,0.5,1,1,TATTTGGATCCGTAGCCGTG,0,137637
TSS_4654_wanner_regulondb,0.5,1,1,TATTTGGAATACTATCGGGA,0,170539
TSS_4654_wanner_regulondb,0.5,1,1,TATTGTGGGCTCTACAGCAC,0,136141
TSS_4654_wanner_regulondb,0.5,1,1,TATTGTAGTAGACGTGTTAT,0,145932
TSS_4654_wanner_regulondb,0.5,1,1,TATTGGCCTATTGCGAGGCG,0,134862
TSS_4654_wanner_regulondb,0.5,1,1,TATTGCCCGTTCGCTTTCTG,0,172682
TSS_4654_wanner_regulondb,0.5,1,1,TATTCTCGGAATTCATCTCG,0,142726
TSS_4654_wanner_regulondb,0.5,1,1,TATTCTCGAAGCGCGCACAA,0,134201
TSS_4654_wanner_regulondb,0.5,1,1,TATTCCGTCTGTGGATCAAA,0,166219
TSS_4654_wanner_regulondb,0.5,1,1,TATTCCAATCTAAGTGGTTT,0,125458
TSS_4654_wanner_regulondb,0.5,1,1,TATTCAGAGGTTGGCGAAAT,0,141889
TSS_4654_wanner_regulondb,0.5,1,1,TATTATAATCACGGTCCGTG,0,133271
TSS_4654_wanner_regulondb,0.5,1,1,TATTAGGTACCCAGCGAACT,0,132965
TSS_4654_wanner_regulondb,0.5,1,1,TATTACTGCACCTCGAACGT,0,133332
TSS_4654_wanner_regulondb,0.5,1,1,TATTACATAGTGGGAGACCC,0,153005
TSS_4654_wanner_regulondb,0.5,1,1,TATGTTTTCCTAAGGAGGTA,0,126494
TSS_4654_wanner_regulondb,0.5,1,1,TATGTTGTATACGCCCTGCA,0,160339
TSS_4654_wanner_regulondb,0.5,1,1,TATGTATGCTGATGCTTGGA,0,130134
TSS_4654_wanner_regulondb,0.5,1,1,TATGTAAAGCAAATCCTCGT,0,157897
TSS_4654_wanner_regulondb,0.5,1,1,TATGGTAGGTTACCAGGATC,0,145189
TSS_4654_wanner_regulondb,0.5,1,1,TATGGGAGGCAGGAGGTCTA,0,128973
TSS_4654_wanner_regulondb,0.5,1,1,TATGGCAGTGCCTCTAAATA,0,166926
TSS_4654_wanner_regulondb,0.5,1,1,TATGGACGGTTACTACAGGG,0,131335
TSS_4654_wanner_regulondb,0.5,1,1,TATGCACGTTACGGCGCCTT,0,125806
TSS_4654_wanner_regulondb,0.5,1,1,TATGATGATAGTTGGGTGAA,0,143358
TSS_4654_wanner_regulondb,0.5,1,1,TATGAATTTAGCCGTTTTCG,0,161676
TSS_4654_wanner_regulondb,0.5,1,1,TATCTTATTAAGAGGAGCAA,0,169732
TSS_4654_wanner_regulondb,0.5,1,1,TATCTAGCACGGAGTTGAAA,0,129997
TSS_4654_wanner_regulondb,0.5,1,1,TATCCGGCCCCCTTCCGACC,0,152309
TSS_4654_wanner_regulondb,0.5,1,1,TATCATTGGGCATACGTCTG,0,139730
TSS_4654_wanner_regulondb,0.5,1,1,TATCACCCGATGCACCACTG,0,172096
TSS_4654_wanner_regulondb,0.5,1,1,TATCACAGGTGGTCCAAATC,0,146053
TSS_4654_wanner_regulondb,0.5,1,1,TATCAAGCTGCCCAACAAGG,0,172317
TSS_4654_wanner_regulondb,0.5,1,1,TATATGATGCGTTTCGCAAC,0,142408
TSS_4654_wanner_regulondb,0.5,1,1,TATAGGTTATGCCCCTTGTG,0,144530
TSS_4654_wanner_regulondb,0.5,1,1,TATAGGGTGTCGGAGCCTGA,0,153926
TSS_4654_wanner_regulondb,0.5,1,1,TATAGGGCTGCTGGACCTTG,0,157660
TSS_4654_wanner_regulondb,0.5,1,1,TATAGGACTGTGATACAACT,0,132197
TSS_4654_wanner_regulondb,0.5,1,1,TATAGAAAGGTAACAAGTAG,0,153632
TSS_4654_wanner_regulondb,0.5,1,1,TATACTGGTGCGCCAAATGC,0,145646
TSS_4654_wanner_regulondb,0.5,1,1,TATACAGGTAACCTCAATGC,0,153118
TSS_4654_wanner_regulondb,0.5,1,1,TATAATTTTACACACCGCGA,0,134508
TSS_4654_wanner_regulondb,0.5,1,1,TATAACTCCCTAAGGTTTTG,0,152405
TSS_4654_wanner_regulondb,0.5,1,1,TATAACGGGTCTGCATTGGG,0,146841
TSS_4654_wanner_regulondb,0.5,1,1,TATAAATAGCTCGGGGTCTT,0,153948
TSS_4654_wanner_regulondb,0.5,1,1,TATAAACTCTTAACTTGGTA,0,158639
TSS_4654_wanner_regulondb,0.5,1,1,TAGTTAGAATTTGCCTTCAG,0,128732
TSS_4654_wanner_regulondb,0.5,1,1,TAGTCGTTTGGTCGCATGCA,0,162183
TSS_4654_wanner_regulondb,0.5,1,1,TAGGTTGACCGGTAATCGAC,0,165462
TSS_4654_wanner_regulondb,0.5,1,1,TAGGTGCATACGGGATTGAA,0,142220
TSS_4654_wanner_regulondb,0.5,1,1,TAGGGTTCGGACACCCTCTA,0,168875
TSS_4654_wanner_regulondb,0.5,1,1,TAGGGTGTGTGTGTCAGCGA,0,125095
TSS_4654_wanner_regulondb,0.5,1,1,TAGGGGGGCGCAGTCTGAAT,0,157998
TSS_4654_wanner_regulondb,0.5,1,1,TAGGGGCGGATAATAGCTCA,0,135018
TSS_4654_wanner_regulondb,0.5,1,1,TAGGGCAGTGCATCGATCAA,0,156071
TSS_4654_wanner_regulondb,0.5,1,1,TAGGGAGTAAGGTCGGCTGT,0,134251
TSS_4654_wanner_regulondb,0.5,1,1,TAGGGAACTTCGACCCCCGG,0,133228
TSS_4654_wanner_regulondb,0.5,1,1,TAGGCCATATGGCACCTCTC,0,147391
TSS_4654_wanner_regulondb,0.5,1,1,TAGGCAGCGTGCTGAGAGGT,0,137963
TSS_4654_wanner_regulondb,0.5,1,1,TAGGCACCAATCGAATCATG,0,169073
TSS_4654_wanner_regulondb,0.5,1,1,TAGGATGCATAGCTAGCAGA,0,143236
TSS_4654_wanner_regulondb,0.5,1,1,TAGGATGAAGACTTCCAAGA,0,130667
TSS_4654_wanner_regulondb,0.5,1,1,TAGGAGTGGCAGCAATTCGA,0,138079
TSS_4654_wanner_regulondb,0.5,1,1,TAGGAATTGCTGGTTAACAA,0,166784
TSS_4654_wanner_regulondb,0.5,1,1,TAGGAAGCGCTTAGACCCAT,0,142186
TSS_4654_wanner_regulondb,0.5,1,1,TAGCTTGGGGTAAGGCTACT,0,144044
TSS_4654_wanner_regulondb,0.5,1,1,TAGCTGAGTTCGGACGAGGA,0,163451
TSS_4654_wanner_regulondb,0.5,1,1,TAGCTCATCCCATATAGGCT,0,130173
TSS_4654_wanner_regulondb,0.5,1,1,TAGCTACCGGGTTCTGCAAA,0,164480
TSS_4654_wanner_regulondb,0.5,1,1,TAGCGGCCCGAGTGAGGCAG,0,145937
TSS_4654_wanner_regulondb,0.5,1,1,TAGCGCGAAGCCTGACTCTG,0,155899
TSS_4654_wanner_regulondb,0.5,1,1,TAGCCGTACCTCTCTGGGGA,0,156897
TSS_4654_wanner_regulondb,0.5,1,1,TAGCCGGCGAATTTCAGTGT,0,130967
TSS_4654_wanner_regulondb,0.5,1,1,TAGCCCTTAGGACGGATGGA,0,145969
TSS_4654_wanner_regulondb,0.5,1,1,TAGCCAGTTCTCTATACCCG,0,131827
TSS_4654_wanner_regulondb,0.5,1,1,TAGCCACCCGTTAGCAGACT,0,146147
TSS_4654_wanner_regulondb,0.5,1,1,TAGCCAATAAGATGCACGAC,0,133995
TSS_4654_wanner_regulondb,0.5,1,1,TAGCAGTCATATAGAGTATT,0,156830
TSS_4654_wanner_regulondb,0.5,1,1,TAGCAGGAACAAACTAGAGC,0,160998
TSS_4654_wanner_regulondb,0.5,1,1,TAGCAACCCATGAAAACCCT,0,150011
TSS_4654_wanner_regulondb,0.5,1,1,TAGATTAAATTAGTTTAGCA,0,144479
TSS_4654_wanner_regulondb,0.5,1,1,TAGATATACCACTGGACCCT,0,151620
TSS_4654_wanner_regulondb,0.5,1,1,TAGAGTTGGAACTCTAATGA,0,150688
TSS_4654_wanner_regulondb,0.5,1,1,TAGAGTTAATCGGGTCCGGA,0,150895
TSS_4654_wanner_regulondb,0.5,1,1,TAGACGTCCATCCCGTAAGT,0,154218
TSS_4654_wanner_regulondb,0.5,1,1,TAGACGCCCGACACTCTGAC,0,156513
TSS_4654_wanner_regulondb,0.5,1,1,TAGACCGTTGCATCGCGTCG,0,154818
TSS_4654_wanner_regulondb,0.5,1,1,TAGAATCACGTGATTTCGCT,0,167963
TSS_4654_wanner_regulondb,0.5,1,1,TAGAATATATACTAAGTGGT,0,173589
TSS_4654_wanner_regulondb,0.5,1,1,TAGAAGCATAGTAGTCGTAT,0,142399
TSS_4654_wanner_regulondb,0.5,1,1,TACTTTCGAAAGGGCCGCCG,0,126321
TSS_4654_wanner_regulondb,0.5,1,1,TACTTTAAACAGTCGCCAGA,0,148958
TSS_4654_wanner_regulondb,0.5,1,1,TACTGGTTCAATGAAATACA,0,149048
TSS_4654_wanner_regulondb,0.5,1,1,TACTGGTATCAACGACTCTT,0,152470
TSS_4654_wanner_regulondb,0.5,1,1,TACTGAGAATGACCGCGCGC,0,135736
TSS_4654_wanner_regulondb,0.5,1,1,TACTGACTACCGTCGGTGGT,0,150078
TSS_4654_wanner_regulondb,0.5,1,1,TACTCTACACTTGTTGGCCT,0,160891
TSS_4654_wanner_regulondb,0.5,1,1,TACTCCTGAAAAAGATGTAT,0,129691
TSS_4654_wanner_regulondb,0.5,1,1,TACTCCTAACGATGTTCTCC,0,154434
TSS_4654_wanner_regulondb,0.5,1,1,TACTATATTCGGAGCACCTT,0,133932
TSS_4654_wanner_regulondb,0.5,1,1,TACTACGGTCCTTAGCATTA,0,164007
TSS_4654_wanner_regulondb,0.5,1,1,TACTAAGGCGTTGCTTGGGT,0,146480
TSS_4654_wanner_regulondb,0.5,1,1,TACGTCTCCCCAGACTAGCC,0,169920
TSS_4654_wanner_regulondb,0.5,1,1,TACGGTCGGGACTCGATTCT,0,160197
TSS_4654_wanner_regulondb,0.5,1,1,TACGGGTAAAGTCCAGATCC,0,157594
TSS_4654_wanner_regulondb,0.5,1,1,TACGGGGCAAGCGTCGTTCG,0,173998
TSS_4654_wanner_regulondb,0.5,1,1,TACGCATCCAATTAGAGCCA,0,156728
TSS_4654_wanner_regulondb,0.5,1,1,TACGAGGGTGTGCGACCACA,0,157890
TSS_4654_wanner_regulondb,0.5,1,1,TACCTCGTTTAAGTCGGTGC,0,163871
TSS_4654_wanner_regulondb,0.5,1,1,TACCGTGGGCCTGACCGAGA,0,145451
TSS_4654_wanner_regulondb,0.5,1,1,TACCGTCGCTCAAGTTTTAC,0,156491
TSS_4654_wanner_regulondb,0.5,1,1,TACCGTACCACCCAGTGGAA,0,169576
TSS_4654_wanner_regulondb,0.5,1,1,TACCGGATCTTAACCACTTT,0,125128
TSS_4654_wanner_regulondb,0.5,1,1,TACCGCGCTGGGGCGACGGT,0,143156
TSS_4654_wanner_regulondb,0.5,1,1,TACCGAGATCCTAGGTACTC,0,143359
TSS_4654_wanner_regulondb,0.5,1,1,TACCCCGCTTATTATCGGTC,0,158587
TSS_4654_wanner_regulondb,0.5,1,1,TACCCAAGCACACGCTCGCA,0,158759
TSS_4654_wanner_regulondb,0.5,1,1,TACCATGAAAGGCAGACTCC,0,143971
TSS_4654_wanner_regulondb,0.5,1,1,TACCAGCCATAAGGGGCCTA,0,141908
TSS_4654_wanner_regulondb,0.5,1,1,TACCAGACAAACGCGTCCTT,0,129032
TSS_4654_wanner_regulondb,0.5,1,1,TACATTACGAGGTCTCACAG,0,153532
TSS_4654_wanner_regulondb,0.5,1,1,TACACGAGGGGATTTGGAGG,0,170139
TSS_4654_wanner_regulondb,0.5,1,1,TACACCGATGTGCAGTGTGT,0,150573
TSS_4654_wanner_regulondb,0.5,1,1,TACACACGTGCGAGCGCGTC,0,137824
TSS_4654_wanner_regulondb,0.5,1,1,TACAATTAGGAAACCTGGCA,0,147132
TSS_4654_wanner_regulondb,0.5,1,1,TACAATCGCACTTGTGGACA,0,137068
TSS_4654_wanner_regulondb,0.5,1,1,TACAACGAGAGGCTTCACGC,0,172467
TSS_4654_wanner_regulondb,0.5,1,1,TACAAAGGGTACCGCCCTTC,0,149623
TSS_4654_wanner_regulondb,0.5,1,1,TAATTTTCGGTCTCTTACCC,0,146072
TSS_4654_wanner_regulondb,0.5,1,1,TAATTTGGAGGCCCTTCCCT,0,149353
TSS_4654_wanner_regulondb,0.5,1,1,TAATTGGCTGCCACCACATT,0,136294
TSS_4654_wanner_regulondb,0.5,1,1,TAATTGGACGTCATAAAACC,0,163103
TSS_4654_wanner_regulondb,0.5,1,1,TAATTAAAAATGCGGCCGAG,0,133922
TSS_4654_wanner_regulondb,0.5,1,1,TAATGTTTTGGCAGGGCCTC,0,139138
TSS_4654_wanner_regulondb,0.5,1,1,TAATGTCCTGACGGCCACAG,0,174435
TSS_4654_wanner_regulondb,0.5,1,1,TAATGTCATTTGTTTTGAAG,0,165171
TSS_4654_wanner_regulondb,0.5,1,1,TAATGGGTCCCGTTCGCGCG,0,155385
TSS_4654_wanner_regulondb,0.5,1,1,TAATGCTCCTTTATTAGCAG,0,133031
TSS_4654_wanner_regulondb,0.5,1,1,TAATCAGTGAATCTCCGGAA,0,151668
TSS_4654_wanner_regulondb,0.5,1,1,TAATAAGGTTCCTGTCAGAT,0,147217
TSS_4654_wanner_regulondb,0.5,1,1,TAAGTGTGAATTTCTTACCT,0,154884
TSS_4654_wanner_regulondb,0.5,1,1,TAAGTCTGTAGAGCAGTGAG,0,140795
TSS_4654_wanner_regulondb,0.5,1,1,TAAGTATTGCAAGGGAGATC,0,167677
TSS_4654_wanner_regulondb,0.5,1,1,TAAGTAGGTCGGGTTTGATG,0,125197
TSS_4654_wanner_regulondb,0.5,1,1,TAAGTAAATGCCGGAGGCTT,0,125556
TSS_4654_wanner_regulondb,0.5,1,1,TAAGGTCTGCGCTCATCATC,0,124993
TSS_4654_wanner_regulondb,0.5,1,1,TAAGGGACCGCTTCAATCTA,0,169080
TSS_4654_wanner_regulondb,0.5,1,1,TAAGGACGCTCGAATTAGCG,0,142706
TSS_4654_wanner_regulondb,0.5,1,1,TAAGCTCACGTAGGGTTTAC,0,128138
TSS_4654_wanner_regulondb,0.5,1,1,TAAGCCATAATTGTCCCGGA,0,162360
TSS_4654_wanner_regulondb,0.5,1,1,TAAGACGAGCATGGTAATTC,0,154574
TSS_4654_wanner_regulondb,0.5,1,1,TAAGACCCTATGGTGGCGTA,0,149640
TSS_4654_wanner_regulondb,0.5,1,1,TAAGACATCGTGTGTGAGAT,0,166409
TSS_4654_wanner_regulondb,0.5,1,1,TAACTTATATGATTTAAATC,0,131104
TSS_4654_wanner_regulondb,0.5,1,1,TAACTGTGGATCAGACTGTA,0,139094
TSS_4654_wanner_regulondb,0.5,1,1,TAACTGCGTGAAGAACCTGA,0,154775
TSS_4654_wanner_regulondb,0.5,1,1,TAACTCCTGGTAATACGAAA,0,155935
TSS_4654_wanner_regulondb,0.5,1,1,TAACGTGCCATAGGATTATA,0,155824
TSS_4654_wanner_regulondb,0.5,1,1,TAACGACGATTTCGTTTAGA,0,172852
TSS_4654_wanner_regulondb,0.5,1,1,TAACCGATCTAACATTCAGG,0,161957
TSS_4654_wanner_regulondb,0.5,1,1,TAACCATAAGCGCCAAAGTT,0,158688
TSS_4654_wanner_regulondb,0.5,1,1,TAACATTCAAGCGGATGTAA,0,158588
TSS_4654_wanner_regulondb,0.5,1,1,TAACACGATTGCACAACCCG,0,138585
TSS_4654_wanner_regulondb,0.5,1,1,TAACAACGTTTCATTGGAGA,0,141144
TSS_4654_wanner_regulondb,0.5,1,1,TAAATACCATTTTCCAGTAT,0,172271
TSS_4654_wanner_regulondb,0.5,1,1,TAAATAAGCATTGTTAGAGT,0,128213
TSS_4654_wanner_regulondb,0.5,1,1,TAAAGTAGGTATTTATAGTA,0,162612
TSS_4654_wanner_regulondb,0.5,1,1,TAAACGGTAACCGTATATAA,0,159299
TSS_4654_wanner_regulondb,0.5,1,1,TAAACGGTAACAAATGTACA,0,155791
TSS_4654_wanner_regulondb,0.5,1,1,TAAACGATACAACGCGCAGT,0,150582
TSS_4654_wanner_regulondb,0.5,1,1,TAAAATTGTAATCTAAAAGT,0,166756
TSS_4654_wanner_regulondb,0.5,1,1,TAAAATCATGATCCTGACCT,0,160646
TSS_4654_wanner_regulondb,0.5,1,1,TAAAAGCTATCGTACCTTCA,0,147511
TSS_4654_wanner_regulondb,0.5,1,1,TAAAAGAGCATGGTCACACA,0,157420
TSS_4654_wanner_regulondb,0.5,1,1,GTTTTTGGAACCCAGTTCCT,0,141919
TSS_4654_wanner_regulondb,0.5,1,1,GTTTTCTTGTTAAAGCAAAA,0,133266
TSS_4654_wanner_regulondb,0.5,1,1,GTTTGTTCGTGGCTTCGCGT,0,147782
TSS_4654_wanner_regulondb,0.5,1,1,GTTTGATTCGGACCCCTATA,0,146784
TSS_4654_wanner_regulondb,0.5,1,1,GTTTGAATGGATGGAGGTAT,0,125602
TSS_4654_wanner_regulondb,0.5,1,1,GTTTCTCTAAATACGCTGAT,0,126836
TSS_4654_wanner_regulondb,0.5,1,1,GTTTCACCACCACGAGAACG,0,152688
TSS_4654_wanner_regulondb,0.5,1,1,GTTTAGTGATTATAGTATGA,0,132923
TSS_4654_wanner_regulondb,0.5,1,1,GTTTACCCTGTGCTTTCGGA,0,161435
TSS_4654_wanner_regulondb,0.5,1,1,GTTTAATTTCATACGCTCCA,0,139912
TSS_4654_wanner_regulondb,0.5,1,1,GTTGTGTGCACAACTGCGGT,0,137276
TSS_4654_wanner_regulondb,0.5,1,1,GTTGGTTTCTAATGTCGGCT,0,133757
TSS_4654_wanner_regulondb,0.5,1,1,GTTGGGAGGCGGCTTACACG,0,129102
TSS_4654_wanner_regulondb,0.5,1,1,GTTGGAGTTGTAGGATATGA,0,164996
TSS_4654_wanner_regulondb,0.5,1,1,GTTGCTTCTTGCTAATCCGG,0,155106
TSS_4654_wanner_regulondb,0.5,1,1,GTTGCTCCGGCTAGGCCAAT,0,143020
TSS_4654_wanner_regulondb,0.5,1,1,GTTGCGTGACTAAATTCTAT,0,130647
TSS_4654_wanner_regulondb,0.5,1,1,GTTGCACGTCTCACCGGCAA,0,152403
TSS_4654_wanner_regulondb,0.5,1,1,GTTGATCGCTCCTCGGGGCT,0,156874
TSS_4654_wanner_regulondb,0.5,1,1,GTTGATATCTTCTTGCGGCT,0,132549
TSS_4654_wanner_regulondb,0.5,1,1,GTTGATACTAAGAGACGAGT,0,157459
TSS_4654_wanner_regulondb,0.5,1,1,GTTGAGATAGCTGTTAGAGT,0,144461
TSS_4654_wanner_regulondb,0.5,1,1,GTTGACCCTTACAGCCATCC,0,159462
TSS_4654_wanner_regulondb,0.5,1,1,GTTCTGCTGAAAGCCTTGGT,0,142617
TSS_4654_wanner_regulondb,0.5,1,1,GTTCTGAGCCGCGGTGTCCG,0,159848
TSS_4654_wanner_regulondb,0.5,1,1,GTTCTATTAAAAGACCGGCG,0,138512
TSS_4654_wanner_regulondb,0.5,1,1,GTTCTAGAATATGAGTTGTG,0,155960
TSS_4654_wanner_regulondb,0.5,1,1,GTTCGTACCTTATCTTCGCT,0,127072
TSS_4654_wanner_regulondb,0.5,1,1,GTTCGCGCTGACTATCCTTA,0,163723
TSS_4654_wanner_regulondb,0.5,1,1,GTTCGCAATTGCCCGTTCTT,0,145299
TSS_4654_wanner_regulondb,0.5,1,1,GTTCGATGGGAAGCATGACA,0,131542
TSS_4654_wanner_regulondb,0.5,1,1,GTTCGAAACGGGAATCAGTG,0,140715
TSS_4654_wanner_regulondb,0.5,1,1,GTTCCTTCTCGAATAGCCTT,0,144322
TSS_4654_wanner_regulondb,0.5,1,1,GTTCCGGGCGACGAATATAC,0,135145
TSS_4654_wanner_regulondb,0.5,1,1,GTTCCATGTGAGATGCTAGA,0,140190
TSS_4654_wanner_regulondb,0.5,1,1,GTTCCAATGGTGATGGCCAT,0,167778
TSS_4654_wanner_regulondb,0.5,1,1,GTTCATGCTAGGTACGCTCA,0,161235
TSS_4654_wanner_regulondb,0.5,1,1,GTTCAGGAGAGAGGACCTTC,0,145928
TSS_4654_wanner_regulondb,0.5,1,1,GTTCAACGATTGGTAGGAAG,0,130217
TSS_4654_wanner_regulondb,0.5,1,1,GTTCAAAACGATGCGGGTGA,0,142931
TSS_4654_wanner_regulondb,0.5,1,1,GTTATTGTTTACTTCACCAG,0,172759
TSS_4654_wanner_regulondb,0.5,1,1,GTTATTGCGTACACCCACAT,0,171880
TSS_4654_wanner_regulondb,0.5,1,1,GTTATGTGTCCGTAAACTTT,0,157137
TSS_4654_wanner_regulondb,0.5,1,1,GTTAGGTGCTAGGATGCGAT,0,139445
TSS_4654_wanner_regulondb,0.5,1,1,GTTAGGGGTTACGGCAGAGA,0,128291
TSS_4654_wanner_regulondb,0.5,1,1,GTTAGGCACCAGCCCTGCGA,0,164695
TSS_4654_wanner_regulondb,0.5,1,1,GTTAGAGGACAGTTGGCGTT,0,126698
TSS_4654_wanner_regulondb,0.5,1,1,GTTAGAGACACGTCAAAGTG,0,127262
TSS_4654_wanner_regulondb,0.5,1,1,GTTACTGACCGCCAGATTCA,0,134588
TSS_4654_wanner_regulondb,0.5,1,1,GTTACGTGTGAAGATGGAGA,0,163613
TSS_4654_wanner_regulondb,0.5,1,1,GTTACGGGAATGGACGTATT,0,136989
TSS_4654_wanner_regulondb,0.5,1,1,GTTACCCAAGGGCCAATAGT,0,141115
TSS_4654_wanner_regulondb,0.5,1,1,GTTACAGAACTCTTTTCTAC,0,166882
TSS_4654_wanner_regulondb,0.5,1,1,GTTAACCACTTCGTACGGTG,0,132732
TSS_4654_wanner_regulondb,0.5,1,1,GTGTTGTTGCCAGATGGCTT,0,128784
TSS_4654_wanner_regulondb,0.5,1,1,GTGTTGGTTATAGAACGCGC,0,145305
TSS_4654_wanner_regulondb,0.5,1,1,GTGTTGGGCGAGTTTCGTGT,0,161086
TSS_4654_wanner_regulondb,0.5,1,1,GTGTGGTTACTGACAGTATC,0,134529
TSS_4654_wanner_regulondb,0.5,1,1,GTGTGGCATATGATGCCCTC,0,135593
TSS_4654_wanner_regulondb,0.5,1,1,GTGTGGACTCAAAAGGCTGA,0,135505
TSS_4654_wanner_regulondb,0.5,1,1,GTGTGCACATCCAGAGATTT,0,128296
TSS_4654_wanner_regulondb,0.5,1,1,GTGTGACTGAGATCGTGGGT,0,145501
TSS_4654_wanner_regulondb,0.5,1,1,GTGTGACATAGAAGATCGGA,0,157015
TSS_4654_wanner_regulondb,0.5,1,1,GTGTCGAAAGGCCCTCTCCT,0,154388
TSS_4654_wanner_regulondb,0.5,1,1,GTGTCCAGGCTAGACGATTC,0,148630
TSS_4654_wanner_regulondb,0.5,1,1,GTGTATTGCGGAGGCTATGG,0,151220
TSS_4654_wanner_regulondb,0.5,1,1,GTGTACTGGACTACAATAAA,0,146957
TSS_4654_wanner_regulondb,0.5,1,1,GTGTAATATGCAGTGTACGT,0,152579
TSS_4654_wanner_regulondb,0.5,1,1,GTGTAAGAGCGAGTCTATTA,0,131170
TSS_4654_wanner_regulondb,0.5,1,1,GTGTAACCGCAGGCAACGGG,0,158536
TSS_4654_wanner_regulondb,0.5,1,1,GTGGTGGTAGAGCACGTTTC,0,149940
TSS_4654_wanner_regulondb,0.5,1,1,GTGGGTTCTCCTGACTAGGG,0,154747
TSS_4654_wanner_regulondb,0.5,1,1,GTGGGGCACTATGTGGTAGA,0,131837
TSS_4654_wanner_regulondb,0.5,1,1,GTGGGCTTTCACACAACACG,0,151701
TSS_4654_wanner_regulondb,0.5,1,1,GTGGGCTAGAGAAGTCGTTT,0,146348
TSS_4654_wanner_regulondb,0.5,1,1,GTGGCGAGGCCTCTTTACTT,0,151249
TSS_4654_wanner_regulondb,0.5,1,1,GTGGCCTTATAGTGTTGGGA,0,124988
TSS_4654_wanner_regulondb,0.5,1,1,GTGGCCCTTCCTTGATGCCG,0,159464
TSS_4654_wanner_regulondb,0.5,1,1,GTGGCCACGCGCTGCTTCTT,0,153141
TSS_4654_wanner_regulondb,0.5,1,1,GTGGCATTCCACAGCTGAAT,0,141896
TSS_4654_wanner_regulondb,0.5,1,1,GTGGCATTATCACAATACGG,0,146516
TSS_4654_wanner_regulondb,0.5,1,1,GTGGCACCAAGCTTCATTCA,0,138284
TSS_4654_wanner_regulondb,0.5,1,1,GTGGATTATCTCATAGGAAA,0,154690
TSS_4654_wanner_regulondb,0.5,1,1,GTGGAAATTGAAATTTATAT,0,169684
TSS_4654_wanner_regulondb,0.5,1,1,GTGCTTGGGCTCCCTCGTGT,0,159386
TSS_4654_wanner_regulondb,0.5,1,1,GTGCTATAGGAGACGATCCT,0,170631
TSS_4654_wanner_regulondb,0.5,1,1,GTGCGTGAGACAATTTCGAG,0,126547
TSS_4654_wanner_regulondb,0.5,1,1,GTGCGTCCAATACGGGCAAT,0,138114
TSS_4654_wanner_regulondb,0.5,1,1,GTGCGTAGACTTCACAGTGT,0,147826
TSS_4654_wanner_regulondb,0.5,1,1,GTGCGGCCGAGTCTGAGAAT,0,143683
TSS_4654_wanner_regulondb,0.5,1,1,GTGCGAGGAATGTAGGCCCT,0,153010
TSS_4654_wanner_regulondb,0.5,1,1,GTGCCTGGCCGCCTCCCCAT,0,138405
TSS_4654_wanner_regulondb,0.5,1,1,GTGCCGGTTATCCGGGATAG,0,148830
TSS_4654_wanner_regulondb,0.5,1,1,GTGCCGAGGGCTTGGACTAT,0,153988
TSS_4654_wanner_regulondb,0.5,1,1,GTGCCGACCGTAAGATGCTG,0,145721
TSS_4654_wanner_regulondb,0.5,1,1,GTGCCCCGCAAGCGCAGGAA,0,141821
TSS_4654_wanner_regulondb,0.5,1,1,GTGCAGTAACTTAGTGTAGG,0,153012
TSS_4654_wanner_regulondb,0.5,1,1,GTGCAATGCGAATTGGCTAC,0,133953
TSS_4654_wanner_regulondb,0.5,1,1,GTGCAATCCGGGACAGCCAG,0,150867
TSS_4654_wanner_regulondb,0.5,1,1,GTGATTTTCTTGTTGGAGTG,0,172198
TSS_4654_wanner_regulondb,0.5,1,1,GTGATTGTATTGTGGCTACT,0,171971
TSS_4654_wanner_regulondb,0.5,1,1,GTGATAGCAAGCTTTACTAC,0,144968
TSS_4654_wanner_regulondb,0.5,1,1,GTGAGCCCTTCCAGATCGCA,0,132723
TSS_4654_wanner_regulondb,0.5,1,1,GTGAGAGAGGGCTGCTGCGC,0,148365
TSS_4654_wanner_regulondb,0.5,1,1,GTGAGAAGAGTCTATGTTGT,0,166394
TSS_4654_wanner_regulondb,0.5,1,1,GTGACATCGCATATGCTTAG,0,164906
TSS_4654_wanner_regulondb,0.5,1,1,GTGAATTTTGCCAGAAGGCG,0,143643
TSS_4654_wanner_regulondb,0.5,1,1,GTGAAACATCTTACTAAGCG,0,134254
TSS_4654_wanner_regulondb,0.5,1,1,GTCTTTGTTAGAATCGGCCT,0,131877
TSS_4654_wanner_regulondb,0.5,1,1,GTCTTGTGTCGAACTCTTGT,0,138164
TSS_4654_wanner_regulondb,0.5,1,1,GTCTTGGAATTGCCGCATAC,0,135146
TSS_4654_wanner_regulondb,0.5,1,1,GTCTGTATTGGTGCAAGATA,0,129050
TSS_4654_wanner_regulondb,0.5,1,1,GTCTGTAATCTATTTATCTT,0,173704
TSS_4654_wanner_regulondb,0.5,1,1,GTCTGGTCTATCCTTGCCCG,0,129020
TSS_4654_wanner_regulondb,0.5,1,1,GTCTGGTCACGAGGTGGTAT,0,130208
TSS_4654_wanner_regulondb,0.5,1,1,GTCTGCTTTTATAGCGATCC,0,154475
TSS_4654_wanner_regulondb,0.5,1,1,GTCTCTGATGCACAGGGTAA,0,125198
TSS_4654_wanner_regulondb,0.5,1,1,GTCTAGGATTGTCTAGTACG,0,157001
TSS_4654_wanner_regulondb,0.5,1,1,GTCTAGGAACTAACGGGCCG,0,128657
TSS_4654_wanner_regulondb,0.5,1,1,GTCGTAGGAACCTGTGTGGG,0,144513
TSS_4654_wanner_regulondb,0.5,1,1,GTCGCGGAAGTCTCCGGAAG,0,164696
TSS_4654_wanner_regulondb,0.5,1,1,GTCGCCCTTCGCGAGAAACT,0,169881
TSS_4654_wanner_regulondb,0.5,1,1,GTCGAGAGTTTTTAGTCCAT,0,134094
TSS_4654_wanner_regulondb,0.5,1,1,GTCCTGTCATCATCTATCTG,0,133772
TSS_4654_wanner_regulondb,0.5,1,1,GTCCTGTAAAACGCCCTTCT,0,128150
TSS_4654_wanner_regulondb,0.5,1,1,GTCCTGCGCAAAACGACATC,0,128664
TSS_4654_wanner_regulondb,0.5,1,1,GTCCGTGTCTCGACGGCCCT,0,135364
TSS_4654_wanner_regulondb,0.5,1,1,GTCCGTAGGACCCTATAAGA,0,167130
TSS_4654_wanner_regulondb,0.5,1,1,GTCCGCCGTGCGTTAGTCAC,0,171367
TSS_4654_wanner_regulondb,0.5,1,1,GTCCGCCCTTGGTGATTAGT,0,144794
TSS_4654_wanner_regulondb,0.5,1,1,GTCCGCAACTCACATCATCG,0,128396
TSS_4654_wanner_regulondb,0.5,1,1,GTCCCTTTTGGTGGGAACTC,0,125657
TSS_4654_wanner_regulondb,0.5,1,1,GTCCCTCTCGCTGTCACTTG,0,146131
TSS_4654_wanner_regulondb,0.5,1,1,GTCCCGACAAACACGGTGGA,0,134564
TSS_4654_wanner_regulondb,0.5,1,1,GTCCCAAGTAGCGTCGGTAC,0,150168
TSS_4654_wanner_regulondb,0.5,1,1,GTCCAGCAGGGCCGTAAGTT,0,156997
TSS_4654_wanner_regulondb,0.5,1,1,GTCCAATCATTAGGCGAATT,0,128552
TSS_4654_wanner_regulondb,0.5,1,1,GTCATGCGGTGTTCAATTTT,0,159713
TSS_4654_wanner_regulondb,0.5,1,1,GTCATAACCGATCCTGAGAT,0,148100
TSS_4654_wanner_regulondb,0.5,1,1,GTCAGGTTACTATGCATGGT,0,171636
TSS_4654_wanner_regulondb,0.5,1,1,GTCAGGGCGCTTGTTTGATA,0,128148
TSS_4654_wanner_regulondb,0.5,1,1,GTCAGGCCGCACACGGGTCT,0,158276
TSS_4654_wanner_regulondb,0.5,1,1,GTCAGCGTAGTGTGTTGAAC,0,126818
TSS_4654_wanner_regulondb,0.5,1,1,GTCACTTAAATAGGTATGCA,0,166733
TSS_4654_wanner_regulondb,0.5,1,1,GTCACGGCCTAGACGTGTGT,0,135968
TSS_4654_wanner_regulondb,0.5,1,1,GTCAATTGGACTCCTGAATA,0,175005
TSS_4654_wanner_regulondb,0.5,1,1,GTCAAGCGCTCCGGGGAGTA,0,131663
TSS_4654_wanner_regulondb,0.5,1,1,GTCAACTGGGTACCCACGAA,0,133028
TSS_4654_wanner_regulondb,0.5,1,1,GTATTGCCCGGGAAGCACAA,0,168584
TSS_4654_wanner_regulondb,0.5,1,1,GTATTGCAATCCGGTGATGC,0,136782
TSS_4654_wanner_regulondb,0.5,1,1,GTATTCCTGCGGGGAACATC,0,133851
TSS_4654_wanner_regulondb,0.5,1,1,GTATTCCGACCACATTATTG,0,166969
TSS_4654_wanner_regulondb,0.5,1,1,GTATTCAACTCATTATGAAC,0,142615
TSS_4654_wanner_regulondb,0.5,1,1,GTATGTCATACTAAGGCGAT,0,139088
TSS_4654_wanner_regulondb,0.5,1,1,GTATCTAGGACCCTATGGTA,0,133503
TSS_4654_wanner_regulondb,0.5,1,1,GTATCACGAAACCGAGCTGG,0,173320
TSS_4654_wanner_regulondb,0.5,1,1,GTATATGCACGGCGAGGACG,0,128239
TSS_4654_wanner_regulondb,0.5,1,1,GTATAGCTCTGACGGGAGTC,0,160521
TSS_4654_wanner_regulondb,0.5,1,1,GTATAATTTTTGGGATTGTT,0,135108
TSS_4654_wanner_regulondb,0.5,1,1,GTATAACATGCTGAAAAGGT,0,145485
TSS_4654_wanner_regulondb,0.5,1,1,GTAGTTTCCCAATATAAGTG,0,131908
TSS_4654_wanner_regulondb,0.5,1,1,GTAGTTCGCGTAAAGTATTT,0,151250
TSS_4654_wanner_regulondb,0.5,1,1,GTAGTCCACCAAGGGGAGCC,0,169961
TSS_4654_wanner_regulondb,0.5,1,1,GTAGTCCAACAAGTACAGTA,0,133877
TSS_4654_wanner_regulondb,0.5,1,1,GTAGTAGCGGATAGTGTCTC,0,150242
TSS_4654_wanner_regulondb,0.5,1,1,GTAGTAGAGCTCAGTGGTGC,0,148609
TSS_4654_wanner_regulondb,0.5,1,1,GTAGTAATTGCGTGTCACGA,0,145967
TSS_4654_wanner_regulondb,0.5,1,1,GTAGGGATTAAGCCTAAGTT,0,149109
TSS_4654_wanner_regulondb,0.5,1,1,GTAGGCGTTATATTTCCAAT,0,168796
TSS_4654_wanner_regulondb,0.5,1,1,GTAGGATTGTGGTTCAAGAG,0,138622
TSS_4654_wanner_regulondb,0.5,1,1,GTAGCCTGAGCTCTGGAAGA,0,124970
TSS_4654_wanner_regulondb,0.5,1,1,GTAGCCAACGGGGCACCCGT,0,137402
TSS_4654_wanner_regulondb,0.5,1,1,GTAGAGCTAGGTCTGGTGGC,0,155607
TSS_4654_wanner_regulondb,0.5,1,1,GTAGACGCGATGTCGGGTAC,0,156213
TSS_4654_wanner_regulondb,0.5,1,1,GTACTGCGTGATTAGAGTAT,0,137227
TSS_4654_wanner_regulondb,0.5,1,1,GTACGTGTTAGGATGATTGC,0,165475
TSS_4654_wanner_regulondb,0.5,1,1,GTACGTAAGATAGTGGCGTA,0,147906
TSS_4654_wanner_regulondb,0.5,1,1,GTACGGTTCAATAGATAATT,0,146350
TSS_4654_wanner_regulondb,0.5,1,1,GTACGGGACCAGTCACAGGT,0,134065
TSS_4654_wanner_regulondb,0.5,1,1,GTACGGCTCGGTCCGTCGGG,0,158540
TSS_4654_wanner_regulondb,0.5,1,1,GTACGGCCATGCATAGCGCC,0,150888
TSS_4654_wanner_regulondb,0.5,1,1,GTACGCACTTGGGCGCTTCC,0,162374
TSS_4654_wanner_regulondb,0.5,1,1,GTACCTAACGTTTAATAATA,0,162768
TSS_4654_wanner_regulondb,0.5,1,1,GTACCGGGAGGTTTGGGCGT,0,146043
TSS_4654_wanner_regulondb,0.5,1,1,GTACCGGCAGCTACAATGAT,0,164377
TSS_4654_wanner_regulondb,0.5,1,1,GTACCAGCCGCGGCCCCAGG,0,142624
TSS_4654_wanner_regulondb,0.5,1,1,GTACCACGCTTGACTGCTCA,0,170141
TSS_4654_wanner_regulondb,0.5,1,1,GTACATAGCCAGGGAATGAA,0,136914
TSS_4654_wanner_regulondb,0.5,1,1,GTACAGACCTCAGATAAATC,0,134598
TSS_4654_wanner_regulondb,0.5,1,1,GTACACTAAAAAACCGTTGT,0,156572
TSS_4654_wanner_regulondb,0.5,1,1,GTACACGGTTAAGTGCAGTG,0,169837
TSS_4654_wanner_regulondb,0.5,1,1,GTAATTTTGTGTTGAGCACC,0,162761
TSS_4654_wanner_regulondb,0.5,1,1,GTAATCTACGTAACCATCAT,0,133641
TSS_4654_wanner_regulondb,0.5,1,1,GTAATATTGCAAGCGCCTCT,0,152879
TSS_4654_wanner_regulondb,0.5,1,1,GTAATAATCCTTAGTAATCA,0,170065
TSS_4654_wanner_regulondb,0.5,1,1,GTAAGGAAGATCGAAAGCTT,0,161747
TSS_4654_wanner_regulondb,0.5,1,1,GTAACTATCTATTATTTTTG,0,151622
TSS_4654_wanner_regulondb,0.5,1,1,GTAACCGCTTGTGCCCATTA,0,143982
TSS_4654_wanner_regulondb,0.5,1,1,GTAACCGCGGCGGGGCGCCA,0,173235
TSS_4654_wanner_regulondb,0.5,1,1,GTAACCACCCGTATAATGTA,0,132542
TSS_4654_wanner_regulondb,0.5,1,1,GTAAAGTTGGATACACAAGG,0,168727
TSS_4654_wanner_regulondb,0.5,1,1,GTAAACAACAGTTCACGCCA,0,149345
TSS_4654_wanner_regulondb,0.5,1,1,GGTTTTGGCTCCCCAGATCA,0,142498
TSS_4654_wanner_regulondb,0.5,1,1,GGTTTTACGGGGAATCCATG,0,131387
TSS_4654_wanner_regulondb,0.5,1,1,GGTTTGGTGACTATTTATCG,0,142693
TSS_4654_wanner_regulondb,0.5,1,1,GGTTGGGGTTAACTGGTACA,0,133083
TSS_4654_wanner_regulondb,0.5,1,1,GGTTGCGCACGTCTAAAAGG,0,160491
TSS_4654_wanner_regulondb,0.5,1,1,GGTTCCCTGTCTCCCACGGA,0,153725
TSS_4654_wanner_regulondb,0.5,1,1,GGTTAATTGGTAGCGGGTGA,0,126760
TSS_4654_wanner_regulondb,0.5,1,1,GGTTAAAATACCACATTTCT,0,153094
TSS_4654_wanner_regulondb,0.5,1,1,GGTTAAAACCGCCGATTTGA,0,173446
TSS_4654_wanner_regulondb,0.5,1,1,GGTGTTTATTTTCGCTGTTT,0,145939
TSS_4654_wanner_regulondb,0.5,1,1,GGTGTCCCTGGGGAGGCAAG,0,152416
TSS_4654_wanner_regulondb,0.5,1,1,GGTGTCATACAGCCAAGCGA,0,170185
TSS_4654_wanner_regulondb,0.5,1,1,GGTGTATTGGACTCGACCAT,0,149642
TSS_4654_wanner_regulondb,0.5,1,1,GGTGTACTCGGCTTTATTGC,0,128740
TSS_4654_wanner_regulondb,0.5,1,1,GGTGTAACGAAAAACGGACA,0,126271
TSS_4654_wanner_regulondb,0.5,1,1,GGTGGTGAGGCACGCCGGTT,0,134297
TSS_4654_wanner_regulondb,0.5,1,1,GGTGGTATGGTCCAGGTCTA,0,127562
TSS_4654_wanner_regulondb,0.5,1,1,GGTGGTAGACATCCGGCAAC,0,155664
TSS_4654_wanner_regulondb,0.5,1,1,GGTGGGTCACGCTTTCTCCT,0,130704
TSS_4654_wanner_regulondb,0.5,1,1,GGTGCTGTCAGTTCTATGGT,0,159190
TSS_4654_wanner_regulondb,0.5,1,1,GGTGCTAGACAACCTCGTTG,0,159999
TSS_4654_wanner_regulondb,0.5,1,1,GGTGCGACGAGCTGGTCACC,0,159763
TSS_4654_wanner_regulondb,0.5,1,1,GGTGCGAACATGGCATTCGG,0,154153
TSS_4654_wanner_regulondb,0.5,1,1,GGTGCCACTCAGGCAATCAA,0,160131
TSS_4654_wanner_regulondb,0.5,1,1,GGTCTTTTTTCACTGATTTA,0,143110
TSS_4654_wanner_regulondb,0.5,1,1,GGTCTGCTTGGTCAACGATT,0,151234
TSS_4654_wanner_regulondb,0.5,1,1,GGTCTCTAGGTCGGTTCATG,0,145855
TSS_4654_wanner_regulondb,0.5,1,1,GGTCGTACTGAATAAGTACT,0,129642
TSS_4654_wanner_regulondb,0.5,1,1,GGTCGTAAATCCTTCGCCAG,0,146070
TSS_4654_wanner_regulondb,0.5,1,1,GGTCGGTGACTTACCTGAAA,0,165727
TSS_4654_wanner_regulondb,0.5,1,1,GGTCGCCTGGGGCAACCCGA,0,164158
TSS_4654_wanner_regulondb,0.5,1,1,GGTCGAATGAATCTGCCCGT,0,133103
TSS_4654_wanner_regulondb,0.5,1,1,GGTCCTCCAGGTTCGGCATA,0,158121
TSS_4654_wanner_regulondb,0.5,1,1,GGTCCTAAGATTTCCGGGGT,0,138073
TSS_4654_wanner_regulondb,0.5,1,1,GGTCCGCAGCTGCTGCCCTG,0,154256
TSS_4654_wanner_regulondb,0.5,1,1,GGTCCGACTGAAAGTATTTG,0,128370
TSS_4654_wanner_regulondb,0.5,1,1,GGTCCCGGGTACCGTCCGAT,0,156377
TSS_4654_wanner_regulondb,0.5,1,1,GGTCCCGATAGAGACGGGGT,0,136887
TSS_4654_wanner_regulondb,0.5,1,1,GGTCCACCTGGTAGTTCTGA,0,144653
TSS_4654_wanner_regulondb,0.5,1,1,GGTCATCCTGACCTCGGTTT,0,161537
TSS_4654_wanner_regulondb,0.5,1,1,GGTCATATGGATCTTAAAGA,0,140060
TSS_4654_wanner_regulondb,0.5,1,1,GGTCATACTCATTTTTAAAC,0,152357
TSS_4654_wanner_regulondb,0.5,1,1,GGTCAGGACATCAGCGGGGA,0,146397
TSS_4654_wanner_regulondb,0.5,1,1,GGTCACGGCGTAAGGCGAAC,0,164224
TSS_4654_wanner_regulondb,0.5,1,1,GGTCACGACGTTAGGTGACT,0,143109
TSS_4654_wanner_regulondb,0.5,1,1,GGTCAATACTAGCTCCTAAA,0,157090
TSS_4654_wanner_regulondb,0.5,1,1,GGTCAAGTGTTCGCACCCGG,0,126201
TSS_4654_wanner_regulondb,0.5,1,1,GGTCAAATCAGTCAACCGGT,0,163206
TSS_4654_wanner_regulondb,0.5,1,1,GGTATTTGATCTAGGCCTCA,0,155184
TSS_4654_wanner_regulondb,0.5,1,1,GGTATTTAATCCTTTATGTG,0,130954
TSS_4654_wanner_regulondb,0.5,1,1,GGTATGCTGAGCTCCCCTGC,0,139199
TSS_4654_wanner_regulondb,0.5,1,1,GGTATCAATCCGTCAGGCTT,0,139736
TSS_4654_wanner_regulondb,0.5,1,1,GGTATAAGCTGTCAGGGAAT,0,151258
TSS_4654_wanner_regulondb,0.5,1,1,GGTAGGCAGTCGGTGGTGTA,0,169098
TSS_4654_wanner_regulondb,0.5,1,1,GGTAGCTGTTATCTGACATG,0,141190
TSS_4654_wanner_regulondb,0.5,1,1,GGTAGCATAGGACACATGCC,0,151716
TSS_4654_wanner_regulondb,0.5,1,1,GGTAGATCGGCGGAAATTTC,0,126643
TSS_4654_wanner_regulondb,0.5,1,1,GGTACCTGGGATGCCATGTA,0,132207
TSS_4654_wanner_regulondb,0.5,1,1,GGTAATGTCGAAAGGAAAAG,0,153270
TSS_4654_wanner_regulondb,0.5,1,1,GGTAATGCTACTACATGCAT,0,173659
TSS_4654_wanner_regulondb,0.5,1,1,GGTAATCCGGCCCACGGGTC,0,142506
TSS_4654_wanner_regulondb,0.5,1,1,GGTAAGCGATACGGTTGCTT,0,159622
TSS_4654_wanner_regulondb,0.5,1,1,GGTAAAGGACCCAGATCGGA,0,167137
TSS_4654_wanner_regulondb,0.5,1,1,GGTAAACATAGGGTATATCC,0,161066
TSS_4654_wanner_regulondb,0.5,1,1,GGTAAAACGTAGGCGTTCGA,0,150887
TSS_4654_wanner_regulondb,0.5,1,1,GGGTTGTCCCTGGCGAACCA,0,152262
TSS_4654_wanner_regulondb,0.5,1,1,GGGTTCGATTTTTTTTCATA,0,174828
TSS_4654_wanner_regulondb,0.5,1,1,GGGTGTGAGGGGCGCGTACA,0,125306
TSS_4654_wanner_regulondb,0.5,1,1,GGGTCGTCGCAGAGAGCAGA,0,151825
TSS_4654_wanner_regulondb,0.5,1,1,GGGTCGTAGAACGTGCAGGG,0,158210
TSS_4654_wanner_regulondb,0.5,1,1,GGGTCGAGCAGACCATCGCT,0,141327
TSS_4654_wanner_regulondb,0.5,1,1,GGGTCCCCGATGCATTAATA,0,153061
TSS_4654_wanner_regulondb,0.5,1,1,GGGTCCAAACTGTGCTTCAT,0,146148
TSS_4654_wanner_regulondb,0.5,1,1,GGGTACACCAGTATGCTGCG,0,134793
TSS_4654_wanner_regulondb,0.5,1,1,GGGTACAATATAAACGTATA,0,134061
TSS_4654_wanner_regulondb,0.5,1,1,GGGTAATGCAGTAATGGGGA,0,165021
TSS_4654_wanner_regulondb,0.5,1,1,GGGTAAGCCGGAAGGGTACA,0,171938
TSS_4654_wanner_regulondb,0.5,1,1,GGGTAACCAAGTAACGCGTA,0,158301
TSS_4654_wanner_regulondb,0.5,1,1,GGGGTGGTGTCAACATCATC,0,148582
TSS_4654_wanner_regulondb,0.5,1,1,GGGGTCTTGGTGTGTGGGTA,0,133714
TSS_4654_wanner_regulondb,0.5,1,1,GGGGTCGAGTTTACTCTCAA,0,140834
TSS_4654_wanner_regulondb,0.5,1,1,GGGGTAAGGGGTAAGCGAAA,0,148965
TSS_4654_wanner_regulondb,0.5,1,1,GGGGGCTTCGGTGAAGGTCG,0,146216
TSS_4654_wanner_regulondb,0.5,1,1,GGGGGCGGCCTGAGAAGCCT,0,132020
TSS_4654_wanner_regulondb,0.5,1,1,GGGGCAGCGCATCGTTCAAC,0,140321
TSS_4654_wanner_regulondb,0.5,1,1,GGGGCACGTTACTCACTCGA,0,137652
TSS_4654_wanner_regulondb,0.5,1,1,GGGGCACCATGGGTAAATTG,0,163958
TSS_4654_wanner_regulondb,0.5,1,1,GGGGATGCAGCGGTCTCTTA,0,137919
TSS_4654_wanner_regulondb,0.5,1,1,GGGGATGCACGAAGCAGTCC,0,139525
TSS_4654_wanner_regulondb,0.5,1,1,GGGGAGTCTATGCTGGTTTT,0,156368
TSS_4654_wanner_regulondb,0.5,1,1,GGGGACTCAAAGTGGGAGAC,0,134198
TSS_4654_wanner_regulondb,0.5,1,1,GGGGAATTCGTTCCTGTGTC,0,141985
TSS_4654_wanner_regulondb,0.5,1,1,GGGGAACTTGAACCGAGTAG,0,150614
TSS_4654_wanner_regulondb,0.5,1,1,GGGCTGCAGGCCACGGCCTT,0,173158
TSS_4654_wanner_regulondb,0.5,1,1,GGGCTCCGTTGTGGTTATCA,0,128210
TSS_4654_wanner_regulondb,0.5,1,1,GGGCGCTTACGTGCCACAAA,0,172591
TSS_4654_wanner_regulondb,0.5,1,1,GGGCGCGAGGATTATCTGGC,0,132324
TSS_4654_wanner_regulondb,0.5,1,1,GGGCCTATGTGCCAACTTGC,0,160677
TSS_4654_wanner_regulondb,0.5,1,1,GGGCCGAGCTGCGTAAGTGC,0,130205
TSS_4654_wanner_regulondb,0.5,1,1,GGGCCAGCGGAGAGATCACC,0,137714
TSS_4654_wanner_regulondb,0.5,1,1,GGGCAGTATTGCGGCGTCGC,0,127102
TSS_4654_wanner_regulondb,0.5,1,1,GGGCAGCTTTCCACCGAAGT,0,152880
TSS_4654_wanner_regulondb,0.5,1,1,GGGCACGGTCCGTCCGAAGT,0,156574
TSS_4654_wanner_regulondb,0.5,1,1,GGGCAAAATCGGTTTTGCGT,0,163355
TSS_4654_wanner_regulondb,0.5,1,1,GGGATTTTGCGTTCTAGTTA,0,136461
TSS_4654_wanner_regulondb,0.5,1,1,GGGATATCTAATTCTAGCGG,0,167835
TSS_4654_wanner_regulondb,0.5,1,1,GGGATAGGTTCTCATACGCG,0,171327
TSS_4654_wanner_regulondb,0.5,1,1,GGGATAGATACCACTCGATA,0,158762
TSS_4654_wanner_regulondb,0.5,1,1,GGGAGTTGGAAACGGTGGCT,0,156938
TSS_4654_wanner_regulondb,0.5,1,1,GGGAGGCCTGATGTTTGATA,0,133414
TSS_4654_wanner_regulondb,0.5,1,1,GGGAGCTCGGGGCTTCTGCA,0,135067
TSS_4654_wanner_regulondb,0.5,1,1,GGGAGCTACACTTGAGCGCG,0,155147
TSS_4654_wanner_regulondb,0.5,1,1,GGGAGACGTCGGAATGGGAA,0,163472
TSS_4654_wanner_regulondb,0.5,1,1,GGGACTGTAAGTATTGTTGC,0,137669
TSS_4654_wanner_regulondb,0.5,1,1,GGGACGACCTCTCTTTGCAA,0,132815
TSS_4654_wanner_regulondb,0.5,1,1,GGGACATCGAACGGTTCTTA,0,156451
TSS_4654_wanner_regulondb,0.5,1,1,GGGAATATGTCGATAGTTGG,0,129671
TSS_4654_wanner_regulondb,0.5,1,1,GGGAAGTTACGTGACATACT,0,126512
TSS_4654_wanner_regulondb,0.5,1,1,GGCTTTGAAAGCTTCTTGGG,0,143744
TSS_4654_wanner_regulondb,0.5,1,1,GGCTTTAGCAATAGCAGAAA,0,133386
TSS_4654_wanner_regulondb,0.5,1,1,GGCTTGAAAGATGCTCGGAT,0,130950
TSS_4654_wanner_regulondb,0.5,1,1,GGCTTCGAAACTACACTTTA,0,137082
TSS_4654_wanner_regulondb,0.5,1,1,GGCTTAGTTACGGCTTAGGC,0,139545
TSS_4654_wanner_regulondb,0.5,1,1,GGCTTACTTACTAATTGATA,0,136335
TSS_4654_wanner_regulondb,0.5,1,1,GGCTGTATCGTTGACATTTT,0,129533
TSS_4654_wanner_regulondb,0.5,1,1,GGCTGGTGGGGGTCTCATGT,0,136919
TSS_4654_wanner_regulondb,0.5,1,1,GGCTCTTGGAAATTACAGGG,0,169359
TSS_4654_wanner_regulondb,0.5,1,1,GGCTCCGCGGCTCTCGTAAA,0,155898
TSS_4654_wanner_regulondb,0.5,1,1,GGCTCCCATTGGTGATCTCT,0,159550
TSS_4654_wanner_regulondb,0.5,1,1,GGCTATCCAGTATTCTATGA,0,163120
TSS_4654_wanner_regulondb,0.5,1,1,GGCTAATTATATTGTCCGAC,0,158433
TSS_4654_wanner_regulondb,0.5,1,1,GGCTAAATCAAAACAGCATG,0,144110
TSS_4654_wanner_regulondb,0.5,1,1,GGCTAAAGCGGACGAGTTAT,0,143707
TSS_4654_wanner_regulondb,0.5,1,1,GGCTAAAACTATTTTCGTAA,0,143695
TSS_4654_wanner_regulondb,0.5,1,1,GGCGTTCGTAGCTGTATCAA,0,159307
TSS_4654_wanner_regulondb,0.5,1,1,GGCGTCTTGATTGGCGGTGT,0,170098
TSS_4654_wanner_regulondb,0.5,1,1,GGCGGTGCCACCGTCCGTCT,0,164170
TSS_4654_wanner_regulondb,0.5,1,1,GGCGCGGCTAGGGAGAAACC,0,157462
TSS_4654_wanner_regulondb,0.5,1,1,GGCGCCTTCCCTTAAATTTA,0,155648
TSS_4654_wanner_regulondb,0.5,1,1,GGCGCATTAGACGTCCAGCG,0,134972
TSS_4654_wanner_regulondb,0.5,1,1,GGCGAGTGAGGCAACATCCT,0,147187
TSS_4654_wanner_regulondb,0.5,1,1,GGCGAGGAAAACGTTGTACC,0,152760
TSS_4654_wanner_regulondb,0.5,1,1,GGCGAAATTGGTCAGTCACA,0,174440
TSS_4654_wanner_regulondb,0.5,1,1,GGCCTCTCCTCTACCACGCA,0,128859
TSS_4654_wanner_regulondb,0.5,1,1,GGCCTCAGTCGGGTTGCTAG,0,144350
TSS_4654_wanner_regulondb,0.5,1,1,GGCCGTCGGGACCTGTTGTA,0,137934
TSS_4654_wanner_regulondb,0.5,1,1,GGCCCGGGCATTGAGACAGT,0,138846
TSS_4654_wanner_regulondb,0.5,1,1,GGCCCGAACTGCACATCGAA,0,141658
TSS_4654_wanner_regulondb,0.5,1,1,GGCCATTTCCGGTAATTTAA,0,152742
TSS_4654_wanner_regulondb,0.5,1,1,GGCCATTCCTCTCATGGCAT,0,132805
TSS_4654_wanner_regulondb,0.5,1,1,GGCCATCTGGGCGCCATGAG,0,151948
TSS_4654_wanner_regulondb,0.5,1,1,GGCCACTCAGCCTACCGGGA,0,153376
TSS_4654_wanner_regulondb,0.5,1,1,GGCCACCTGCTCATTGGGTG,0,173183
TSS_4654_wanner_regulondb,0.5,1,1,GGCCAAAGCTGCCGTGACTC,0,150368
TSS_4654_wanner_regulondb,0.5,1,1,GGCCAAACGGCCCGTAACAA,0,156576
TSS_4654_wanner_regulondb,0.5,1,1,GGCATGTCAATTACGGAGGT,0,165101
TSS_4654_wanner_regulondb,0.5,1,1,GGCATGCAATTTAGATGGAA,0,132230
TSS_4654_wanner_regulondb,0.5,1,1,GGCATGACTAATTAAAGGCC,0,136350
TSS_4654_wanner_regulondb,0.5,1,1,GGCATCAGCCTCTACAGCGG,0,150926
TSS_4654_wanner_regulondb,0.5,1,1,GGCATAACGGGGCGCCACCA,0,141126
TSS_4654_wanner_regulondb,0.5,1,1,GGCAGGGGTGAATCGGCCAT,0,146249
TSS_4654_wanner_regulondb,0.5,1,1,GGCAGGGACCTTTTTACGCA,0,137872
TSS_4654_wanner_regulondb,0.5,1,1,GGCAGGCTTTGATGTCATGT,0,164349
TSS_4654_wanner_regulondb,0.5,1,1,GGCAGCGCTTCAGACGCTTA,0,139828
TSS_4654_wanner_regulondb,0.5,1,1,GGCAGCGCTACCCACGATAT,0,133748
TSS_4654_wanner_regulondb,0.5,1,1,GGCACCTTACTTTAAGACGT,0,169485
TSS_4654_wanner_regulondb,0.5,1,1,GGCACCGGAACAAAAGAATG,0,142492
TSS_4654_wanner_regulondb,0.5,1,1,GGCAATACATTCGAGTAGGG,0,127580
TSS_4654_wanner_regulondb,0.5,1,1,GGCAACACGCTATACTTGGA,0,158545
TSS_4654_wanner_regulondb,0.5,1,1,GGCAAATCTCGGGCCACGCT,0,163112
TSS_4654_wanner_regulondb,0.5,1,1,GGCAAACCCGTTGTCCTATT,0,126695
TSS_4654_wanner_regulondb,0.5,1,1,GGATTTTTCGGCTGAAGTGT,0,164219
TSS_4654_wanner_regulondb,0.5,1,1,GGATTTAAATGACACTCCAT,0,146690
TSS_4654_wanner_regulondb,0.5,1,1,GGATTATTTGGTCTTCTTAT,0,160708
TSS_4654_wanner_regulondb,0.5,1,1,GGATTACGGCTTAAATGATA,0,167922
TSS_4654_wanner_regulondb,0.5,1,1,GGATTAAATTGCATAACGTG,0,164369
TSS_4654_wanner_regulondb,0.5,1,1,GGATGTTTCTAACAGACGAG,0,152826
TSS_4654_wanner_regulondb,0.5,1,1,GGATGTTCAAGAGGACGTGT,0,140861
TSS_4654_wanner_regulondb,0.5,1,1,GGATGGCGCCACCTGCACAA,0,168640
TSS_4654_wanner_regulondb,0.5,1,1,GGATGCCGAAGTCTGATCCA,0,157705
TSS_4654_wanner_regulondb,0.5,1,1,GGATGAGTTGTCCGGCGCTT,0,126058
TSS_4654_wanner_regulondb,0.5,1,1,GGATGAACGCGGGTAAATCT,0,166844
TSS_4654_wanner_regulondb,0.5,1,1,GGATCGGGCTAACGAGCGGC,0,161510
TSS_4654_wanner_regulondb,0.5,1,1,GGATCCTTAATCAGATCTGT,0,145545
TSS_4654_wanner_regulondb,0.5,1,1,GGATCCGCCCGTAGTGTTGC,0,146228
TSS_4654_wanner_regulondb,0.5,1,1,GGATATGCATACAAGTGCAT,0,127146
TSS_4654_wanner_regulondb,0.5,1,1,GGATATAGGGGCGGTCCCTT,0,157544
TSS_4654_wanner_regulondb,0.5,1,1,GGATAGAAGATTCCGCAGTG,0,129346
TSS_4654_wanner_regulondb,0.5,1,1,GGATACATAACACAATATAG,0,153363
TSS_4654_wanner_regulondb,0.5,1,1,GGAGTGGAACGTCGGCAACC,0,133651
TSS_4654_wanner_regulondb,0.5,1,1,GGAGTCGATGGGCTCGATCT,0,158959
TSS_4654_wanner_regulondb,0.5,1,1,GGAGTATGAATGGTTATCCT,0,144890
TSS_4654_wanner_regulondb,0.5,1,1,GGAGTATATTTTTTTAATCC,0,152670
TSS_4654_wanner_regulondb,0.5,1,1,GGAGTACGGAAGTTATACGA,0,132228
TSS_4654_wanner_regulondb,0.5,1,1,GGAGTACAATGCTCCCCCAC,0,141334
TSS_4654_wanner_regulondb,0.5,1,1,GGAGGGTTAGTGACATGTCT,0,126926
TSS_4654_wanner_regulondb,0.5,1,1,GGAGGGAGAATAGTAGCGTA,0,157584
TSS_4654_wanner_regulondb,0.5,1,1,GGAGGATACTCCAGGCAACT,0,153849
TSS_4654_wanner_regulondb,0.5,1,1,GGAGCGGGGCAAGGACACGG,0,152493
TSS_4654_wanner_regulondb,0.5,1,1,GGAGCGACTTTCGAGTACCG,0,134267
TSS_4654_wanner_regulondb,0.5,1,1,GGAGATAATTTCTTTGAGTC,0,135460
TSS_4654_wanner_regulondb,0.5,1,1,GGAGAGTTCCGCCTCTAGGA,0,125375
TSS_4654_wanner_regulondb,0.5,1,1,GGAGAGGGTAATTGCAGCCA,0,167883
TSS_4654_wanner_regulondb,0.5,1,1,GGAGAGCAAGCGCCCGAAGA,0,130230
TSS_4654_wanner_regulondb,0.5,1,1,GGAGACACGAGCGAGTCTCA,0,148660
TSS_4654_wanner_regulondb,0.5,1,1,GGACTGGTGAGGGACTAGGA,0,132242
TSS_4654_wanner_regulondb,0.5,1,1,GGACTGGACTTTCCGCTGAA,0,141576
TSS_4654_wanner_regulondb,0.5,1,1,GGACTGAGGACACTAAATGT,0,137527
TSS_4654_wanner_regulondb,0.5,1,1,GGACGTACATCACGGCATAT,0,165854
TSS_4654_wanner_regulondb,0.5,1,1,GGACGTAATGGGCGAAAGCA,0,146929
TSS_4654_wanner_regulondb,0.5,1,1,GGACGGTAATATAGAGACTT,0,153246
TSS_4654_wanner_regulondb,0.5,1,1,GGACCTCCTGGACGTCGTTT,0,167613
TSS_4654_wanner_regulondb,0.5,1,1,GGACCCTTTACCAAATTCCA,0,148942
TSS_4654_wanner_regulondb,0.5,1,1,GGACATTGTGTAGGTTCCTG,0,154333
TSS_4654_wanner_regulondb,0.5,1,1,GGACAGTTTGTCGGGCGGCT,0,153551
TSS_4654_wanner_regulondb,0.5,1,1,GGACAACGGTGCAAATAGAA,0,142057
TSS_4654_wanner_regulondb,0.5,1,1,GGAATCCAGCGAGCGGTTCT,0,170707
TSS_4654_wanner_regulondb,0.5,1,1,GGAATCCAGAGCCTAGAGAC,0,166627
TSS_4654_wanner_regulondb,0.5,1,1,GGAAGGGTAGACATCCCAAT,0,145513
TSS_4654_wanner_regulondb,0.5,1,1,GGAAGCTCTCCAGGGTTGCT,0,158205
TSS_4654_wanner_regulondb,0.5,1,1,GGAAGATAACTTTGCCATAA,0,152400
TSS_4654_wanner_regulondb,0.5,1,1,GGAACTTTATTATTTCATAC,0,135588
TSS_4654_wanner_regulondb,0.5,1,1,GGAACGTTCGCGTTTAATAA,0,145064
TSS_4654_wanner_regulondb,0.5,1,1,GGAACGCATTGCGTGCCATA,0,161529
TSS_4654_wanner_regulondb,0.5,1,1,GGAACACATGGAAGTCGTCT,0,173023
TSS_4654_wanner_regulondb,0.5,1,1,GGAAATTATAATTATGCATT,0,126326
TSS_4654_wanner_regulondb,0.5,1,1,GGAAACTGCGTTAATAGTCA,0,144799
TSS_4654_wanner_regulondb,0.5,1,1,GGAAACGAGCTCGGCATGTA,0,129787
TSS_4654_wanner_regulondb,0.5,1,1,GGAAACACTGATACTAAGGA,0,138917
TSS_4654_wanner_regulondb,0.5,1,1,GCTTTCTGACTAAGCGCGGC,0,144272
TSS_4654_wanner_regulondb,0.5,1,1,GCTTTAACATTGCGTAGCGC,0,127002
TSS_4654_wanner_regulondb,0.5,1,1,GCTTGTTCGATCCGATCATT,0,146830
TSS_4654_wanner_regulondb,0.5,1,1,GCTTGTCTACGGAGGGTTGT,0,128665
TSS_4654_wanner_regulondb,0.5,1,1,GCTTGGTTACTTCAAGTCTC,0,147969
TSS_4654_wanner_regulondb,0.5,1,1,GCTTGGCATGTGCGGAGTGT,0,153230
TSS_4654_wanner_regulondb,0.5,1,1,GCTTGGAGGCATTGATCAGT,0,158868
TSS_4654_wanner_regulondb,0.5,1,1,GCTTGCTTCTGCTATTACTG,0,142116
TSS_4654_wanner_regulondb,0.5,1,1,GCTTGCTTACCTAGGGTACT,0,127871
TSS_4654_wanner_regulondb,0.5,1,1,GCTTGAACCACACTAGTGGG,0,137635
TSS_4654_wanner_regulondb,0.5,1,1,GCTTCCGGAATCCGCGGTGC,0,152078
TSS_4654_wanner_regulondb,0.5,1,1,GCTTAGAGGCCGTTGCGCGA,0,164939
TSS_4654_wanner_regulondb,0.5,1,1,GCTTAGAGCACTGAGGCTCA,0,157702
TSS_4654_wanner_regulondb,0.5,1,1,GCTTACAGATCTCCGCTAGA,0,155101
TSS_4654_wanner_regulondb,0.5,1,1,GCTGTTAATGAGCATTTTAG,0,147530
TSS_4654_wanner_regulondb,0.5,1,1,GCTGTGAGGAGTGCTATGGC,0,137426
TSS_4654_wanner_regulondb,0.5,1,1,GCTGGGTTATATTTGATCTG,0,129932
TSS_4654_wanner_regulondb,0.5,1,1,GCTGGCTTTATCACAGGGAC,0,134801
TSS_4654_wanner_regulondb,0.5,1,1,GCTGGCCGTTGCCTGTCAGT,0,165927
TSS_4654_wanner_regulondb,0.5,1,1,GCTGCTGGCTCGTTAAGCTA,0,152976
TSS_4654_wanner_regulondb,0.5,1,1,GCTGCTGCTGGGGTTCGATA,0,136710
TSS_4654_wanner_regulondb,0.5,1,1,GCTGACTGTCCGGCTTGCGT,0,125266
TSS_4654_wanner_regulondb,0.5,1,1,GCTCTGGAGTGGCGCGAATA,0,157426
TSS_4654_wanner_regulondb,0.5,1,1,GCTCCTTGCCTCCTATCAGC,0,154310
TSS_4654_wanner_regulondb,0.5,1,1,GCTCCTATGCTGGACCGAAT,0,156413
TSS_4654_wanner_regulondb,0.5,1,1,GCTCCCACATAGCGCAAGAG,0,135100
TSS_4654_wanner_regulondb,0.5,1,1,GCTCATACAGGCGTAGTTTA,0,140181
TSS_4654_wanner_regulondb,0.5,1,1,GCTCAGTATATTGCGTTCTT,0,127984
TSS_4654_wanner_regulondb,0.5,1,1,GCTAGGAGGACGCCTGAAAG,0,125329
TSS_4654_wanner_regulondb,0.5,1,1,GCTAGCGTTATGTAAACCCT,0,148613
TSS_4654_wanner_regulondb,0.5,1,1,GCTAGAGGGCGTCAGCACAG,0,159964
TSS_4654_wanner_regulondb,0.5,1,1,GCTACTCTGGGCCACGGATA,0,174122
TSS_4654_wanner_regulondb,0.5,1,1,GCTAAGTCCGTACAACCAAA,0,170010
TSS_4654_wanner_regulondb,0.5,1,1,GCTAAGTAATCGTGGGGCAT,0,139368
TSS_4654_wanner_regulondb,0.5,1,1,GCTAACATCACCTAAGAGTG,0,144032
TSS_4654_wanner_regulondb,0.5,1,1,GCGTTTTTTCGAATGTGGGT,0,166472
TSS_4654_wanner_regulondb,0.5,1,1,GCGTTCGAAGCTTGTTACGG,0,157149
TSS_4654_wanner_regulondb,0.5,1,1,GCGTTAGTTGGACAGCATGT,0,142258
TSS_4654_wanner_regulondb,0.5,1,1,GCGTGGTCCCGGAGGGAGGA,0,155458
TSS_4654_wanner_regulondb,0.5,1,1,GCGTGACATGTCCGTGCTGA,0,172060
TSS_4654_wanner_regulondb,0.5,1,1,GCGTATATTATGGAAGACGT,0,129312
TSS_4654_wanner_regulondb,0.5,1,1,GCGTAGTGTAGCCGTGTAGG,0,139377
TSS_4654_wanner_regulondb,0.5,1,1,GCGTAGACGTAATCACGAGC,0,160310
TSS_4654_wanner_regulondb,0.5,1,1,GCGTACAGGGTCCACTAAGC,0,151801
TSS_4654_wanner_regulondb,0.5,1,1,GCGGTTTTGTATCTGTTCGA,0,161777
TSS_4654_wanner_regulondb,0.5,1,1,GCGGTGCAGCCGGCGAGTAC,0,138110
TSS_4654_wanner_regulondb,0.5,1,1,GCGGTCAGCGCTCCTAGATC,0,136380
TSS_4654_wanner_regulondb,0.5,1,1,GCGGGTGTAATACCCAGTAC,0,150209
TSS_4654_wanner_regulondb,0.5,1,1,GCGGGGTTAGCGGGGGGAAG,0,164155
TSS_4654_wanner_regulondb,0.5,1,1,GCGGGATCGTCACCCCATGC,0,129710
TSS_4654_wanner_regulondb,0.5,1,1,GCGGGATCCGGAAATGGCGC,0,167429
TSS_4654_wanner_regulondb,0.5,1,1,GCGGGACGGGATAGATCGTG,0,139655
TSS_4654_wanner_regulondb,0.5,1,1,GCGGCTGGCTTTGGCGATTT,0,137297
TSS_4654_wanner_regulondb,0.5,1,1,GCGGAGTCGCTGCTGATGAA,0,127308
TSS_4654_wanner_regulondb,0.5,1,1,GCGGAGCGCCTAAGACGTCG,0,148966
TSS_4654_wanner_regulondb,0.5,1,1,GCGCTCTGGAGCCACGCGTG,0,125881
TSS_4654_wanner_regulondb,0.5,1,1,GCGCTCGTATGGGCCTGTAG,0,161795
TSS_4654_wanner_regulondb,0.5,1,1,GCGCGTCTGAGGGGTCTTTA,0,142685
TSS_4654_wanner_regulondb,0.5,1,1,GCGCGGCGGTCATGGTTGAG,0,156386
TSS_4654_wanner_regulondb,0.5,1,1,GCGCGGATATCCAATTAGGG,0,136022
TSS_4654_wanner_regulondb,0.5,1,1,GCGCGGATAGGGAGTCCGTA,0,140707
TSS_4654_wanner_regulondb,0.5,1,1,GCGCGATACACTACCCAACT,0,144849
TSS_4654_wanner_regulondb,0.5,1,1,GCGCCTGGTGCTCACTTCTA,0,169123
TSS_4654_wanner_regulondb,0.5,1,1,GCGCCTCTAATACGTATCTT,0,126909
TSS_4654_wanner_regulondb,0.5,1,1,GCGCCGCTCGTCACTGTTGT,0,167455
TSS_4654_wanner_regulondb,0.5,1,1,GCGCCCCACAAGACAGCCCA,0,141434
TSS_4654_wanner_regulondb,0.5,1,1,GCGCCACGCCTTCTGAACAC,0,166876
TSS_4654_wanner_regulondb,0.5,1,1,GCGCCACAGACTCGCATCAT,0,145903
TSS_4654_wanner_regulondb,0.5,1,1,GCGCATGGGGTCCTGATACA,0,126939
TSS_4654_wanner_regulondb,0.5,1,1,GCGCAGAGCCATTCTTAGAA,0,134705
TSS_4654_wanner_regulondb,0.5,1,1,GCGCAAGCCTAATTAGGATA,0,140120
TSS_4654_wanner_regulondb,0.5,1,1,GCGCAAAGCGGACCTCGACT,0,170118
TSS_4654_wanner_regulondb,0.5,1,1,GCGATTGGAGGCTCAATTCA,0,169244
TSS_4654_wanner_regulondb,0.5,1,1,GCGATTGACTTTGTCTTCAT,0,170607
TSS_4654_wanner_regulondb,0.5,1,1,GCGATTCGTCTAGCCTAAAG,0,143587
TSS_4654_wanner_regulondb,0.5,1,1,GCGATTCGGTGGTTGGCATC,0,149195
TSS_4654_wanner_regulondb,0.5,1,1,GCGATGGCGGGTTAAAGGCG,0,159799
TSS_4654_wanner_regulondb,0.5,1,1,GCGATGATCATAATACCGGC,0,156796
TSS_4654_wanner_regulondb,0.5,1,1,GCGATCTGACTGAGGGGATA,0,174068
TSS_4654_wanner_regulondb,0.5,1,1,GCGATAGTTTAGTAAGGTTA,0,158460
TSS_4654_wanner_regulondb,0.5,1,1,GCGATACGGCTTCTTTACAC,0,154955
TSS_4654_wanner_regulondb,0.5,1,1,GCGAGTGAGGTCGGGCGCAG,0,144363
TSS_4654_wanner_regulondb,0.5,1,1,GCGAGTCCAATAAAATACAT,0,148245
TSS_4654_wanner_regulondb,0.5,1,1,GCGAGAGTTGCTGGGAATAA,0,140279
TSS_4654_wanner_regulondb,0.5,1,1,GCGACGACTGCTGGGTTGGG,0,154880
TSS_4654_wanner_regulondb,0.5,1,1,GCGACCGGCTCATCCCGGAA,0,173258
TSS_4654_wanner_regulondb,0.5,1,1,GCGAATGACAGCCGCGGGGG,0,130663
TSS_4654_wanner_regulondb,0.5,1,1,GCGAAACGACGCCATGAGGC,0,170398
TSS_4654_wanner_regulondb,0.5,1,1,GCCTGTCAACGTTTGTTCCT,0,156894
TSS_4654_wanner_regulondb,0.5,1,1,GCCTGGGGCCGGACCCTGAA,0,167138
TSS_4654_wanner_regulondb,0.5,1,1,GCCTGGCCGATCGTGCCAGC,0,147754
TSS_4654_wanner_regulondb,0.5,1,1,GCCTGAAATGGAAGCCTTTG,0,161411
TSS_4654_wanner_regulondb,0.5,1,1,GCCTCTGCAATATGGACCAA,0,138551
TSS_4654_wanner_regulondb,0.5,1,1,GCCTCGTCTTACGAGAGTTT,0,153342
TSS_4654_wanner_regulondb,0.5,1,1,GCCTCCGGTCTAACTTCCGA,0,174735
TSS_4654_wanner_regulondb,0.5,1,1,GCCTCCCACCCCGCAACCTT,0,174390
TSS_4654_wanner_regulondb,0.5,1,1,GCCTCATTGTGCCGCTTAGG,0,139489
TSS_4654_wanner_regulondb,0.5,1,1,GCCTATAATTGACGGCCATA,0,158993
TSS_4654_wanner_regulondb,0.5,1,1,GCCTAGTGGCTTAGAAGGGA,0,166906
TSS_4654_wanner_regulondb,0.5,1,1,GCCTAGCGTTGTCTTCACCG,0,149377
TSS_4654_wanner_regulondb,0.5,1,1,GCCTACACGCAGCAGTTATC,0,130224
TSS_4654_wanner_regulondb,0.5,1,1,GCCGTTTACTCGAACTTGAC,0,155499
TSS_4654_wanner_regulondb,0.5,1,1,GCCGTCGGACTAACGTTGTA,0,149154
TSS_4654_wanner_regulondb,0.5,1,1,GCCGGCGCAGTCGATCATTC,0,148912
TSS_4654_wanner_regulondb,0.5,1,1,GCCGCTAATCTCAGCCTCTG,0,164943
TSS_4654_wanner_regulondb,0.5,1,1,GCCGCCGTGATTTTAAAGAA,0,144067
TSS_4654_wanner_regulondb,0.5,1,1,GCCGCCCCCTTTCTGCAGAT,0,156709
TSS_4654_wanner_regulondb,0.5,1,1,GCCGAGACATTATACTCTTT,0,137803
TSS_4654_wanner_regulondb,0.5,1,1,GCCCTTAGACAAATGCTTCA,0,131166
TSS_4654_wanner_regulondb,0.5,1,1,GCCCTGATGCGGTCGGTTCT,0,137211
TSS_4654_wanner_regulondb,0.5,1,1,GCCCGCGAGCTTAGTCTCGT,0,150017
TSS_4654_wanner_regulondb,0.5,1,1,GCCCGAGCACAAGTGACGTG,0,153807
TSS_4654_wanner_regulondb,0.5,1,1,GCCCCTTGCGCCTAGCGACA,0,146924
TSS_4654_wanner_regulondb,0.5,1,1,GCCCATGGCTTACATCAGCA,0,149681
TSS_4654_wanner_regulondb,0.5,1,1,GCCCAGCTCACCTCTTAATT,0,143506
TSS_4654_wanner_regulondb,0.5,1,1,GCCCAGAAACTTTACAACGT,0,137870
TSS_4654_wanner_regulondb,0.5,1,1,GCCATCTTTTCGGATCGGGG,0,137065
TSS_4654_wanner_regulondb,0.5,1,1,GCCATCAAGCCGTGATGCGA,0,171968
TSS_4654_wanner_regulondb,0.5,1,1,GCCATACGGCACATACTTAA,0,134264
TSS_4654_wanner_regulondb,0.5,1,1,GCCAGTGCTTAATGGTTTTC,0,139140
TSS_4654_wanner_regulondb,0.5,1,1,GCCAGTCATGTCTGTCATGT,0,126331
TSS_4654_wanner_regulondb,0.5,1,1,GCCAGCAGACTTTGGGACCT,0,141775
TSS_4654_wanner_regulondb,0.5,1,1,GCCACCTCCACATTTTTCGG,0,161473
TSS_4654_wanner_regulondb,0.5,1,1,GCCACCACTGGACCTCGACG,0,167722
TSS_4654_wanner_regulondb,0.5,1,1,GCCACACTTCGACAGCCTTT,0,126342
TSS_4654_wanner_regulondb,0.5,1,1,GCCAAGGATCTCAAATAATC,0,172300
TSS_4654_wanner_regulondb,0.5,1,1,GCATTTTCGGTCTTAAGCAT,0,143764
TSS_4654_wanner_regulondb,0.5,1,1,GCATTTGTGGGCTTCGGGGA,0,152051
TSS_4654_wanner_regulondb,0.5,1,1,GCATTTCAAAAATTGTGTGG,0,153131
TSS_4654_wanner_regulondb,0.5,1,1,GCATTAGGAATCGCCCATCT,0,151685
TSS_4654_wanner_regulondb,0.5,1,1,GCATGTGGACTGTATAAGCT,0,134001
TSS_4654_wanner_regulondb,0.5,1,1,GCATGGACTTTTGCAAGGAG,0,138660
TSS_4654_wanner_regulondb,0.5,1,1,GCATGCTAGCGGGCGCTCTT,0,139196
TSS_4654_wanner_regulondb,0.5,1,1,GCATCTTAACGATGGAACCA,0,145267
TSS_4654_wanner_regulondb,0.5,1,1,GCATCTCAAGCAATGGAAGG,0,148754
TSS_4654_wanner_regulondb,0.5,1,1,GCATCTAATGGCTGGAACTT,0,146934
TSS_4654_wanner_regulondb,0.5,1,1,GCATCGTTCTGTCGTTCGGG,0,164362
TSS_4654_wanner_regulondb,0.5,1,1,GCATCGTGTCAGCACGCGTA,0,170486
TSS_4654_wanner_regulondb,0.5,1,1,GCATCGACAAAACCAAGAGC,0,136772
TSS_4654_wanner_regulondb,0.5,1,1,GCATCCTCAGAAAAGGCTTA,0,167621
TSS_4654_wanner_regulondb,0.5,1,1,GCATCAGCCGGCCAGGTACT,0,130121
TSS_4654_wanner_regulondb,0.5,1,1,GCATCAATAACGGGGACTTT,0,132608
TSS_4654_wanner_regulondb,0.5,1,1,GCATCAACCCACCCGGAGGA,0,127491
TSS_4654_wanner_regulondb,0.5,1,1,GCATAATATCTGGCTCCGTG,0,146425
TSS_4654_wanner_regulondb,0.5,1,1,GCAGTCTCGCTGGGTTGTTG,0,135830
TSS_4654_wanner_regulondb,0.5,1,1,GCAGTCGCTTTGAGAACCTA,0,147104
TSS_4654_wanner_regulondb,0.5,1,1,GCAGGGGGGAGGGTTTGCAT,0,138133
TSS_4654_wanner_regulondb,0.5,1,1,GCAGCTAGGTGATACGTTCA,0,154143
TSS_4654_wanner_regulondb,0.5,1,1,GCAGCATACACTCCATACGG,0,132342
TSS_4654_wanner_regulondb,0.5,1,1,GCACTGACCTCCCTCGACCT,0,150759
TSS_4654_wanner_regulondb,0.5,1,1,GCACTCGATGTTCAGATAGT,0,134013
TSS_4654_wanner_regulondb,0.5,1,1,GCACTATCTGAACCCCTAAC,0,137810
TSS_4654_wanner_regulondb,0.5,1,1,GCACGTGCGGATGTAGTAAG,0,166861
TSS_4654_wanner_regulondb,0.5,1,1,GCACGGGTTCATTCGTGTGA,0,126376
TSS_4654_wanner_regulondb,0.5,1,1,GCACGGGCTGGTGCACGTGG,0,133341
TSS_4654_wanner_regulondb,0.5,1,1,GCACGGACAGCTGGGGCCAA,0,147491
TSS_4654_wanner_regulondb,0.5,1,1,GCACCTCGTGCGTTGGCAGG,0,152861
TSS_4654_wanner_regulondb,0.5,1,1,GCACCGTCTCAGGGCGCTGA,0,146184
TSS_4654_wanner_regulondb,0.5,1,1,GCACCGAGCCCACTACCAGT,0,140514
TSS_4654_wanner_regulondb,0.5,1,1,GCACCACCGATCACGTCAAT,0,140326
TSS_4654_wanner_regulondb,0.5,1,1,GCACCAAGTGTTCACAAGCA,0,162122
TSS_4654_wanner_regulondb,0.5,1,1,GCAATGAACGGGACTGCGTA,0,160900
TSS_4654_wanner_regulondb,0.5,1,1,GCAATCTGCCGTAGTGGAAA,0,172182
TSS_4654_wanner_regulondb,0.5,1,1,GCAATCCTGGGGGGGACCAT,0,138911
TSS_4654_wanner_regulondb,0.5,1,1,GCAATCCGCCGACAACATCA,0,149584
TSS_4654_wanner_regulondb,0.5,1,1,GCAAGCGAGTTTAGATCCGC,0,146352
TSS_4654_wanner_regulondb,0.5,1,1,GCAAGAGGTTGAAGCAGGCG,0,146614
TSS_4654_wanner_regulondb,0.5,1,1,GCAACTGAGCCTTTTGTAAT,0,163768
TSS_4654_wanner_regulondb,0.5,1,1,GCAACCTCGGCGGTTGCAAT,0,152128
TSS_4654_wanner_regulondb,0.5,1,1,GCAACCGCTAAAGGAAAAGA,0,139004
TSS_4654_wanner_regulondb,0.5,1,1,GCAAAGAAATTGAGAAAAGT,0,167948
TSS_4654_wanner_regulondb,0.5,1,1,GCAAACGAGTAGAACCTATG,0,155129
TSS_4654_wanner_regulondb,0.5,1,1,GATTTTGCTTCGGTCGTTAC,0,146275
TSS_4654_wanner_regulondb,0.5,1,1,GATTTCGCAGTGCCTGCGCG,0,147082
TSS_4654_wanner_regulondb,0.5,1,1,GATTCTCGCTATGTGGATGA,0,148113
TSS_4654_wanner_regulondb,0.5,1,1,GATTCACCATCACACTCGGA,0,138362
TSS_4654_wanner_regulondb,0.5,1,1,GATTATTCTCTATTATAGCA,0,161649
TSS_4654_wanner_regulondb,0.5,1,1,GATTACCTGATCGGGATCAC,0,161650
TSS_4654_wanner_regulondb,0.5,1,1,GATTAAAGATCGTTATTAAA,0,165717
TSS_4654_wanner_regulondb,0.5,1,1,GATTAAACGGATGGGGGGTT,0,125894
TSS_4654_wanner_regulondb,0.5,1,1,GATGTTACGCGGGAGTGGAA,0,152995
TSS_4654_wanner_regulondb,0.5,1,1,GATGTGATGGTCGGTTTTGT,0,131159
TSS_4654_wanner_regulondb,0.5,1,1,GATGTCTTTTTATATGGTCA,0,171989
TSS_4654_wanner_regulondb,0.5,1,1,GATGTCCCTCGACTTGCGAA,0,136261
TSS_4654_wanner_regulondb,0.5,1,1,GATGGGGCATACGCACCCCA,0,132430
TSS_4654_wanner_regulondb,0.5,1,1,GATGGGCGCTCCGGGGAAGA,0,130425
TSS_4654_wanner_regulondb,0.5,1,1,GATGCACACCGTTGTGAGGA,0,173308
TSS_4654_wanner_regulondb,0.5,1,1,GATGATGATTACACACTGTC,0,165358
TSS_4654_wanner_regulondb,0.5,1,1,GATCTCCGCGTTGTCTTCTT,0,165142
TSS_4654_wanner_regulondb,0.5,1,1,GATCGTGTCAGAACGTGGTG,0,149607
TSS_4654_wanner_regulondb,0.5,1,1,GATCGGTCTCTTCTGTCAGG,0,153839
TSS_4654_wanner_regulondb,0.5,1,1,GATCCTCTACTCGCAGTCTA,0,162455
TSS_4654_wanner_regulondb,0.5,1,1,GATCCGGAAACGGGTTTCAC,0,174341
TSS_4654_wanner_regulondb,0.5,1,1,GATCCACGATGCTTAGAGAA,0,149489
TSS_4654_wanner_regulondb,0.5,1,1,GATCATTCGGTGCACAGCAG,0,159714
TSS_4654_wanner_regulondb,0.5,1,1,GATATGGGTTCTGAGGCGGG,0,137278
TSS_4654_wanner_regulondb,0.5,1,1,GATAGGCCCATGGTCTGAGA,0,127952
TSS_4654_wanner_regulondb,0.5,1,1,GATAATGTAAACCGCGCACC,0,156863
TSS_4654_wanner_regulondb,0.5,1,1,GATAATGCGAGAGCAGGATA,0,173480
TSS_4654_wanner_regulondb,0.5,1,1,GATAAGCGTGTCTATTATGT,0,160837
TSS_4654_wanner_regulondb,0.5,1,1,GATAAGATCAGCATCACACC,0,131393
TSS_4654_wanner_regulondb,0.5,1,1,GATAACGCCGACCATTACTT,0,140977
TSS_4654_wanner_regulondb,0.5,1,1,GAGTTGGTTCCGGGCGTTGA,0,156010
TSS_4654_wanner_regulondb,0.5,1,1,GAGTTGAAACTACCTCTGAT,0,158425
TSS_4654_wanner_regulondb,0.5,1,1,GAGTTCTTGGGCGAACCCTT,0,144003
TSS_4654_wanner_regulondb,0.5,1,1,GAGTGTGCGTGATATTGGGT,0,127673
TSS_4654_wanner_regulondb,0.5,1,1,GAGTGTGCCCAGGAGCCAAC,0,140776
TSS_4654_wanner_regulondb,0.5,1,1,GAGTGTCCCAGGGTGAGCCT,0,143033
TSS_4654_wanner_regulondb,0.5,1,1,GAGTGGGGCCATGGGCGCGC,0,139573
TSS_4654_wanner_regulondb,0.5,1,1,GAGTGGGCGGTATGACAGAT,0,134439
TSS_4654_wanner_regulondb,0.5,1,1,GAGTGCTCTTGGCTCCTCAT,0,136259
TSS_4654_wanner_regulondb,0.5,1,1,GAGTGCCATGGTCTGGACGA,0,163882
TSS_4654_wanner_regulondb,0.5,1,1,GAGTGATCGGACTCACCACA,0,150152
TSS_4654_wanner_regulondb,0.5,1,1,GAGTGAGTGGTCTAGGCAAA,0,138127
TSS_4654_wanner_regulondb,0.5,1,1,GAGTCTGGTCTTGTATGCAT,0,161332
TSS_4654_wanner_regulondb,0.5,1,1,GAGTCGGACTTGTATACTAA,0,135074
TSS_4654_wanner_regulondb,0.5,1,1,GAGTCCGGCCATATGGTGCA,0,169004
TSS_4654_wanner_regulondb,0.5,1,1,GAGTATGTGATGCTGCCGGA,0,147411
TSS_4654_wanner_regulondb,0.5,1,1,GAGTATACTTCGACGGGAAG,0,147125
TSS_4654_wanner_regulondb,0.5,1,1,GAGTAGACTCTATGGTCATA,0,130630
TSS_4654_wanner_regulondb,0.5,1,1,GAGTAGACAGGTGGGTTTCG,0,147256
TSS_4654_wanner_regulondb,0.5,1,1,GAGTACGGGCGGCAGGTTCA,0,136967
TSS_4654_wanner_regulondb,0.5,1,1,GAGTACCCTTCACCTCTCGA,0,135457
TSS_4654_wanner_regulondb,0.5,1,1,GAGGTCAGCGAAAATGCGGC,0,128110
TSS_4654_wanner_regulondb,0.5,1,1,GAGGTACACACTGAAGCCAT,0,164905
TSS_4654_wanner_regulondb,0.5,1,1,GAGGGTCCCCATGCTCCCAG,0,158307
TSS_4654_wanner_regulondb,0.5,1,1,GAGGCTCTTCATATTACATT,0,136929
TSS_4654_wanner_regulondb,0.5,1,1,GAGGCTCCTTTTCTACCACG,0,149111
TSS_4654_wanner_regulondb,0.5,1,1,GAGGCGATGGTGTTGACCTG,0,131763
TSS_4654_wanner_regulondb,0.5,1,1,GAGGCGAATGTAGGGTGCCC,0,150073
TSS_4654_wanner_regulondb,0.5,1,1,GAGGCCTCCAGTAATCGACA,0,133302
TSS_4654_wanner_regulondb,0.5,1,1,GAGGCCCCATCGGGCTACAT,0,149983
TSS_4654_wanner_regulondb,0.5,1,1,GAGGCAGCTTAGGCACTCCA,0,128637
TSS_4654_wanner_regulondb,0.5,1,1,GAGGATCATCCAGGTACGGA,0,147937
TSS_4654_wanner_regulondb,0.5,1,1,GAGGAGTGATGTGACAAGTG,0,144215
TSS_4654_wanner_regulondb,0.5,1,1,GAGCTTTCTGGAAGTCTGTG,0,153283
TSS_4654_wanner_regulondb,0.5,1,1,GAGCGGGAGGTCGGTCCAGC,0,170568
TSS_4654_wanner_regulondb,0.5,1,1,GAGCGCCCACAGTGGCTAAT,0,127090
TSS_4654_wanner_regulondb,0.5,1,1,GAGCGACGACACACCACCCA,0,153886
TSS_4654_wanner_regulondb,0.5,1,1,GAGCCTTCGAGTGCACAAGG,0,164331
TSS_4654_wanner_regulondb,0.5,1,1,GAGCCGAGGGTCAGTCAGCC,0,139170
TSS_4654_wanner_regulondb,0.5,1,1,GAGCCGACCGGTTAGTTAGC,0,172045
TSS_4654_wanner_regulondb,0.5,1,1,GAGCCAAAGAGGGGTTGATC,0,163409
TSS_4654_wanner_regulondb,0.5,1,1,GAGCATAAAATTTGCCTGCT,0,131288
TSS_4654_wanner_regulondb,0.5,1,1,GAGCAATAGCAGATAGAGTC,0,125524
TSS_4654_wanner_regulondb,0.5,1,1,GAGACTCAGAGGATCCTGCA,0,131183
TSS_4654_wanner_regulondb,0.5,1,1,GAGAAGCTTGATTATTCAGA,0,143122
TSS_4654_wanner_regulondb,0.5,1,1,GAGAAGATTACTCTATAGCA,0,163814
TSS_4654_wanner_regulondb,0.5,1,1,GAGAAGACCCGAAAACGGCC,0,133038
TSS_4654_wanner_regulondb,0.5,1,1,GAGAAACCTTCATCAGGCAG,0,150127
TSS_4654_wanner_regulondb,0.5,1,1,GACTTGATGAGACCTGAATT,0,147898
TSS_4654_wanner_regulondb,0.5,1,1,GACTGGTACGCACTCGGAGT,0,136735
TSS_4654_wanner_regulondb,0.5,1,1,GACTGATATGGCCCAATGCT,0,147927
TSS_4654_wanner_regulondb,0.5,1,1,GACTCGTCAATACAAGCACA,0,151824
TSS_4654_wanner_regulondb,0.5,1,1,GACTCCGTTATTACAGACGT,0,157706
TSS_4654_wanner_regulondb,0.5,1,1,GACTCCACGGAGATCGCTGA,0,168340
TSS_4654_wanner_regulondb,0.5,1,1,GACTCAATTAATGTTCATAC,0,158319
TSS_4654_wanner_regulondb,0.5,1,1,GACTAGGTTAGCAATCAATG,0,156066
TSS_4654_wanner_regulondb,0.5,1,1,GACTAGGCCGACACGGCCTT,0,140074
TSS_4654_wanner_regulondb,0.5,1,1,GACGTTCAAGGTTGATTCCA,0,145269
TSS_4654_wanner_regulondb,0.5,1,1,GACGTGACATGGTGGGTACG,0,131515
TSS_4654_wanner_regulondb,0.5,1,1,GACGTATACGTTGGTCTGAA,0,127668
TSS_4654_wanner_regulondb,0.5,1,1,GACGGTTTCCCAGCCTTTTG,0,144721
TSS_4654_wanner_regulondb,0.5,1,1,GACGGGCTCTAGCCGGGGTC,0,155003
TSS_4654_wanner_regulondb,0.5,1,1,GACGGATAAGCTGATTCGAA,0,150655
TSS_4654_wanner_regulondb,0.5,1,1,GACGGAGGTTAAGGCAGACG,0,172524
TSS_4654_wanner_regulondb,0.5,1,1,GACGGAGAGACAGTGTAGAA,0,148228
TSS_4654_wanner_regulondb,0.5,1,1,GACGCTAGTGCGGTACGGAC,0,164341
TSS_4654_wanner_regulondb,0.5,1,1,GACGCGTCCCAATATCAGAT,0,137343
TSS_4654_wanner_regulondb,0.5,1,1,GACGCGAAAAGTAATTATTA,0,129135
TSS_4654_wanner_regulondb,0.5,1,1,GACGCCTATTCCGCGGACTT,0,154626
TSS_4654_wanner_regulondb,0.5,1,1,GACGCCAACGTATGACGGAC,0,155967
TSS_4654_wanner_regulondb,0.5,1,1,GACGCATAATTGTCCCCGGT,0,156896
TSS_4654_wanner_regulondb,0.5,1,1,GACGAGGCCCACATGAACGA,0,168609
TSS_4654_wanner_regulondb,0.5,1,1,GACGAGCCGGGGCTCCCTCT,0,166074
TSS_4654_wanner_regulondb,0.5,1,1,GACGACATGGCCACATCGAG,0,164749
TSS_4654_wanner_regulondb,0.5,1,1,GACGAAGAATTGGAACAGTT,0,137257
TSS_4654_wanner_regulondb,0.5,1,1,GACCTTGGATGCAATCTCCT,0,153275
TSS_4654_wanner_regulondb,0.5,1,1,GACCTTAGCATCGGCGTAAG,0,132300
TSS_4654_wanner_regulondb,0.5,1,1,GACCTTACAAGATCTCTGGA,0,167117
TSS_4654_wanner_regulondb,0.5,1,1,GACCTCTAGACTGACCTGCA,0,136843
TSS_4654_wanner_regulondb,0.5,1,1,GACCTCGCTTTAACACTGAT,0,126506
TSS_4654_wanner_regulondb,0.5,1,1,GACCTACATCCGGAGCCTGA,0,161566
TSS_4654_wanner_regulondb,0.5,1,1,GACCGTCAGGGGCAAACGGA,0,168449
TSS_4654_wanner_regulondb,0.5,1,1,GACCGGTGACAAAACGTTCA,0,171805
TSS_4654_wanner_regulondb,0.5,1,1,GACCGGAACCATCGTGATAA,0,138739
TSS_4654_wanner_regulondb,0.5,1,1,GACCGCGGTAAGGTTACGGT,0,132194
TSS_4654_wanner_regulondb,0.5,1,1,GACCGCCTTCAGAACGCTTT,0,153093
TSS_4654_wanner_regulondb,0.5,1,1,GACCGCACAGGAAAAAGGGA,0,131519
TSS_4654_wanner_regulondb,0.5,1,1,GACCGACTTAAACCATTGCC,0,167633
TSS_4654_wanner_regulondb,0.5,1,1,GACCCTCTTTACAGGACGCA,0,148234
TSS_4654_wanner_regulondb,0.5,1,1,GACCCTCAGGAAGGAAGGCG,0,172056
TSS_4654_wanner_regulondb,0.5,1,1,GACCCCAGCGAGTCAGGGCA,0,157793
TSS_4654_wanner_regulondb,0.5,1,1,GACCCCAAAGGCGAAGCTCA,0,136860
TSS_4654_wanner_regulondb,0.5,1,1,GACCATGACTGCCTCGCGGG,0,165225
TSS_4654_wanner_regulondb,0.5,1,1,GACCATAACTCGCCACGCGA,0,148699
TSS_4654_wanner_regulondb,0.5,1,1,GACCACGTGTAGGCAATCAT,0,126025
TSS_4654_wanner_regulondb,0.5,1,1,GACATCTCATCTCCGTTTAG,0,161790
TSS_4654_wanner_regulondb,0.5,1,1,GACAGTAAGCAGGTCCCATC,0,169677
TSS_4654_wanner_regulondb,0.5,1,1,GACAGGTCACCCAGATGTAC,0,127614
TSS_4654_wanner_regulondb,0.5,1,1,GACAGCTTAATATCTGCGAC,0,140219
TSS_4654_wanner_regulondb,0.5,1,1,GACACTCTAGTTCCCGTGCA,0,166494
TSS_4654_wanner_regulondb,0.5,1,1,GACACGTGTACGGCACAATA,0,157164
TSS_4654_wanner_regulondb,0.5,1,1,GACACAGTGATGCGCTTAAT,0,150726
TSS_4654_wanner_regulondb,0.5,1,1,GACACACAGACGGGCGTAGA,0,166212
TSS_4654_wanner_regulondb,0.5,1,1,GACACAACTGGCTGGAAATC,0,162087
TSS_4654_wanner_regulondb,0.5,1,1,GACACAACCTTGGTGCGGGG,0,158403
TSS_4654_wanner_regulondb,0.5,1,1,GACAACTACTGGGCTATATT,0,171340
TSS_4654_wanner_regulondb,0.5,1,1,GAATTTTGCCGACCCCTCTG,0,146946
TSS_4654_wanner_regulondb,0.5,1,1,GAATTTTAAGGGTAGGCTTG,0,147524
TSS_4654_wanner_regulondb,0.5,1,1,GAATTTAGTTGCTTATTTAA,0,167306
TSS_4654_wanner_regulondb,0.5,1,1,GAATCTAGAATTATGGGTCC,0,146547
TSS_4654_wanner_regulondb,0.5,1,1,GAATCCCATGAAATCTGCTG,0,156478
TSS_4654_wanner_regulondb,0.5,1,1,GAATCCACGAATGGCACCTT,0,165619
TSS_4654_wanner_regulondb,0.5,1,1,GAATCAGTCTAAACACCTAA,0,143223
TSS_4654_wanner_regulondb,0.5,1,1,GAATCAGCAGCCCTGTGGGA,0,130952
TSS_4654_wanner_regulondb,0.5,1,1,GAATATCTAGCCCTTAGTTG,0,157664
TSS_4654_wanner_regulondb,0.5,1,1,GAATAGTCACAGCACCGTGT,0,168290
TSS_4654_wanner_regulondb,0.5,1,1,GAATAGCACGGCGCCGTAAG,0,140415
TSS_4654_wanner_regulondb,0.5,1,1,GAATAAACTGCTTCCGGCGA,0,157598
TSS_4654_wanner_regulondb,0.5,1,1,GAAGTTACGCGCTCCGACAT,0,126805
TSS_4654_wanner_regulondb,0.5,1,1,GAAGTCTTTTTCACCCGGGT,0,132471
TSS_4654_wanner_regulondb,0.5,1,1,GAAGTCTACCCAATACAAAG,0,147361
TSS_4654_wanner_regulondb,0.5,1,1,GAAGTCGTTGATAGGGGGGC,0,167792
TSS_4654_wanner_regulondb,0.5,1,1,GAAGGGTAAACAATGGCCTT,0,124956
TSS_4654_wanner_regulondb,0.5,1,1,GAAGGCATAGGACATACCAT,0,157928
TSS_4654_wanner_regulondb,0.5,1,1,GAAGGAAGTAATACTTGCCA,0,134402
TSS_4654_wanner_regulondb,0.5,1,1,GAAGCTGGATCGCATCCGCT,0,127825
TSS_4654_wanner_regulondb,0.5,1,1,GAAGAGTTTGCATGGATTTT,0,167839
TSS_4654_wanner_regulondb,0.5,1,1,GAAGAGTGTCCACCAAGTTT,0,154093
TSS_4654_wanner_regulondb,0.5,1,1,GAACTCAGGTTGGTACGACC,0,137590
TSS_4654_wanner_regulondb,0.5,1,1,GAACTCAGAACTAGACGTAG,0,152225
TSS_4654_wanner_regulondb,0.5,1,1,GAACTATTTTCATCTCAGGG,0,161667
TSS_4654_wanner_regulondb,0.5,1,1,GAACTACGGTATAAAGAACA,0,149168
TSS_4654_wanner_regulondb,0.5,1,1,GAACGCGTGTTTTCTATCCC,0,135515
TSS_4654_wanner_regulondb,0.5,1,1,GAACGATGACAACCCCGGAA,0,131142
TSS_4654_wanner_regulondb,0.5,1,1,GAACCGGCGGAGCATGGACC,0,154964
TSS_4654_wanner_regulondb,0.5,1,1,GAAATTCTCTGATAAGAACG,0,147874
TSS_4654_wanner_regulondb,0.5,1,1,GAAATTCAGCGCGTGCTACT,0,157721
TSS_4654_wanner_regulondb,0.5,1,1,GAAATTCAAACTGCCCGTGT,0,135019
TSS_4654_wanner_regulondb,0.5,1,1,GAAATGAATTATGGGCCACC,0,158085
TSS_4654_wanner_regulondb,0.5,1,1,GAAATCACTAAAATGCCAGT,0,127569
TSS_4654_wanner_regulondb,0.5,1,1,GAAAGCGGAGGGCCATCATT,0,139461
TSS_4654_wanner_regulondb,0.5,1,1,GAAAGCAATAGAATTTCCTC,0,172729
TSS_4654_wanner_regulondb,0.5,1,1,GAAAGATGGAGATTGCATCC,0,136511
TSS_4654_wanner_regulondb,0.5,1,1,GAAACTCGGGTTTTAAGGAA,0,146939
TSS_4654_wanner_regulondb,0.5,1,1,GAAAATAGCACGAGTCACCT,0,137205
TSS_4654_wanner_regulondb,0.5,1,1,GAAAAGTAGTGAAAAACGCG,0,131680
TSS_4654_wanner_regulondb,0.5,1,1,GAAAACTACTATGATTTTCA,0,160216
TSS_4654_wanner_regulondb,0.5,1,1,GAAAAATTTTCCAAGACATC,0,153041
TSS_4654_wanner_regulondb,0.5,1,1,CTTTTGGTCCCCTCGAGGGC,0,164970
TSS_4654_wanner_regulondb,0.5,1,1,CTTTTCCTGTTGTCGGTTTA,0,173290
TSS_4654_wanner_regulondb,0.5,1,1,CTTTTCCATAAGCCAGATAT,0,134307
TSS_4654_wanner_regulondb,0.5,1,1,CTTTTATCCCTTTTTTTTAA,0,159648
TSS_4654_wanner_regulondb,0.5,1,1,CTTTGGCGTTTTGGTTGCAA,0,171570
TSS_4654_wanner_regulondb,0.5,1,1,CTTTGCGCGTTGCCCGGTTT,0,174132
TSS_4654_wanner_regulondb,0.5,1,1,CTTTGCACATGCGTAGCTTA,0,167174
TSS_4654_wanner_regulondb,0.5,1,1,CTTTGAAAGTGACGGTAAAA,0,174027
TSS_4654_wanner_regulondb,0.5,1,1,CTTTCCTCGAACATTAGTTC,0,138244
TSS_4654_wanner_regulondb,0.5,1,1,CTTTCCGTCGGCGAAATTTG,0,128369
TSS_4654_wanner_regulondb,0.5,1,1,CTTTCCGTCATTTACTACCA,0,146305
TSS_4654_wanner_regulondb,0.5,1,1,CTTTCATATATTTTGGGGGT,0,145993
TSS_4654_wanner_regulondb,0.5,1,1,CTTTCAAGCGCGTATTAAGC,0,144538
TSS_4654_wanner_regulondb,0.5,1,1,CTTTATAGAATAATCGATGC,0,174487
TSS_4654_wanner_regulondb,0.5,1,1,CTTTAGTGGTTACAGGTTTC,0,143182
TSS_4654_wanner_regulondb,0.5,1,1,CTTGTTTTCCGATACAATAG,0,149104
TSS_4654_wanner_regulondb,0.5,1,1,CTTGTTATTAGAAAACGGCT,0,166523
TSS_4654_wanner_regulondb,0.5,1,1,CTTGTGTGATGGTGCGACCC,0,129985
TSS_4654_wanner_regulondb,0.5,1,1,CTTGGGTGGATCTAGTGTCC,0,146423
TSS_4654_wanner_regulondb,0.5,1,1,CTTGGGCAATGATGGGAATA,0,168971
TSS_4654_wanner_regulondb,0.5,1,1,CTTGGCGAGCCATGTGGGAG,0,140327
TSS_4654_wanner_regulondb,0.5,1,1,CTTGGAGCTATGGCGAAGCT,0,159498
TSS_4654_wanner_regulondb,0.5,1,1,CTTGCTTTTCACGAGCTAAT,0,155290
TSS_4654_wanner_regulondb,0.5,1,1,CTTGCTTGGTCCCGTTCAAG,0,173254
TSS_4654_wanner_regulondb,0.5,1,1,CTTGCTGAATGGGCACTTGT,0,140847
TSS_4654_wanner_regulondb,0.5,1,1,CTTGCGCGTATCGTGCGGAC,0,135034
TSS_4654_wanner_regulondb,0.5,1,1,CTTGCCCGTACAATTGCCCA,0,139136
TSS_4654_wanner_regulondb,0.5,1,1,CTTGCCCCTGTACGCGCGGC,0,134724
TSS_4654_wanner_regulondb,0.5,1,1,CTTCTGTTTTGTAGGGGCTA,0,145012
TSS_4654_wanner_regulondb,0.5,1,1,CTTCTCTGGGATACCGTAAA,0,137651
TSS_4654_wanner_regulondb,0.5,1,1,CTTCCTTTGGGGAAACCAGA,0,133360
TSS_4654_wanner_regulondb,0.5,1,1,CTTCCGTCCTGGACCTTCGG,0,169811
TSS_4654_wanner_regulondb,0.5,1,1,CTTCCCTGGGGCGTAAGCCT,0,128131
TSS_4654_wanner_regulondb,0.5,1,1,CTTCCCACTCGCTGGGTGCA,0,139906
TSS_4654_wanner_regulondb,0.5,1,1,CTTCAGACGGTCGCTTGGCC,0,163134
TSS_4654_wanner_regulondb,0.5,1,1,CTTCACAAATGAAACGAAAC,0,169388
TSS_4654_wanner_regulondb,0.5,1,1,CTTATTCGGAGCGCTTTTTG,0,174256
TSS_4654_wanner_regulondb,0.5,1,1,CTTATGTACACCACTCCCTG,0,126568
TSS_4654_wanner_regulondb,0.5,1,1,CTTATGGTCGTCTATCAATC,0,149731
TSS_4654_wanner_regulondb,0.5,1,1,CTTATGACGTCAGGGGATTT,0,125873
TSS_4654_wanner_regulondb,0.5,1,1,CTTATATGGGAGCCTGTGAG,0,170304
TSS_4654_wanner_regulondb,0.5,1,1,CTTATAGAGGACTCGGTAAA,0,154393
TSS_4654_wanner_regulondb,0.5,1,1,CTTAGTCGATTGAGCCATTT,0,172720
TSS_4654_wanner_regulondb,0.5,1,1,CTTAGTCCGTATCAGTTGTC,0,167518
TSS_4654_wanner_regulondb,0.5,1,1,CTTAGCTCTGTAAGATCTGT,0,139613
TSS_4654_wanner_regulondb,0.5,1,1,CTTAGAAACGGTTAGAGAGT,0,154370
TSS_4654_wanner_regulondb,0.5,1,1,CTTACTAAGTCGATCTAGAC,0,158144
TSS_4654_wanner_regulondb,0.5,1,1,CTTACTAACGGTCTTCCTCA,0,158174
TSS_4654_wanner_regulondb,0.5,1,1,CTTACGGATTATATACCCGG,0,172408
TSS_4654_wanner_regulondb,0.5,1,1,CTTACCTAAAGGCCATTGGT,0,145860
TSS_4654_wanner_regulondb,0.5,1,1,CTTACCCCATGCAGGGAGGA,0,130627
TSS_4654_wanner_regulondb,0.5,1,1,CTTAATTGTTACCAGCAGGA,0,140007
TSS_4654_wanner_regulondb,0.5,1,1,CTTAATAGTGTGAAACGCAC,0,139020
TSS_4654_wanner_regulondb,0.5,1,1,CTTAATAGAAACAACTTGCA,0,131689
TSS_4654_wanner_regulondb,0.5,1,1,CTGTTTTTGCAATAGATATG,0,159282
TSS_4654_wanner_regulondb,0.5,1,1,CTGTTTTGAGATCTTGAAGC,0,156990
TSS_4654_wanner_regulondb,0.5,1,1,CTGTTCACCTGTTGGGATTT,0,163435
TSS_4654_wanner_regulondb,0.5,1,1,CTGTGGGTAATCAAAGCATG,0,170770
TSS_4654_wanner_regulondb,0.5,1,1,CTGTGGCGTCAGCCAAGTGC,0,152957
TSS_4654_wanner_regulondb,0.5,1,1,CTGTCTCATCGCACCCTAGA,0,139071
TSS_4654_wanner_regulondb,0.5,1,1,CTGTATGGTTTGCGCTGAAG,0,144349
TSS_4654_wanner_regulondb,0.5,1,1,CTGTAGGCAGGGCGAAAAAC,0,143798
TSS_4654_wanner_regulondb,0.5,1,1,CTGTAGAAGCAAGGCATATA,0,153977
TSS_4654_wanner_regulondb,0.5,1,1,CTGTACAGACAAAGGCGATT,0,161222
TSS_4654_wanner_regulondb,0.5,1,1,CTGGTGTGCTTCAACAGTTT,0,129443
TSS_4654_wanner_regulondb,0.5,1,1,CTGGTGGGGGGTAGCGTGTC,0,126573
TSS_4654_wanner_regulondb,0.5,1,1,CTGGTAGCAACCTTGAGACA,0,168224
TSS_4654_wanner_regulondb,0.5,1,1,CTGGGTCCCCACAGGATTCC,0,125054
TSS_4654_wanner_regulondb,0.5,1,1,CTGGGAGCCCCGACTAATCA,0,125942
TSS_4654_wanner_regulondb,0.5,1,1,CTGGATCCTCGCTTCCCGAA,0,134638
TSS_4654_wanner_regulondb,0.5,1,1,CTGGAAAGGGCTCCACTTTC,0,161200
TSS_4654_wanner_regulondb,0.5,1,1,CTGGAAAGCTCACCGTACTA,0,166235
TSS_4654_wanner_regulondb,0.5,1,1,CTGCTTTTACGCGGCTCGCT,0,165853
TSS_4654_wanner_regulondb,0.5,1,1,CTGCTCAGATGCACGATAAG,0,167000
TSS_4654_wanner_regulondb,0.5,1,1,CTGCGGAACCGTGCTAGGAT,0,157334
TSS_4654_wanner_regulondb,0.5,1,1,CTGCGCGCAGGTTGCTAGAA,0,160816
TSS_4654_wanner_regulondb,0.5,1,1,CTGCGAGTGTAAAACATTAA,0,134055
TSS_4654_wanner_regulondb,0.5,1,1,CTGCCGGGGCTGGGTGCCCA,0,131740
TSS_4654_wanner_regulondb,0.5,1,1,CTGCCCTTGAAAGCCTATTA,0,129260
TSS_4654_wanner_regulondb,0.5,1,1,CTGCAGCCAAATGGAGATTA,0,150121
TSS_4654_wanner_regulondb,0.5,1,1,CTGCAGAATTTCTAAGCCTA,0,152086
TSS_4654_wanner_regulondb,0.5,1,1,CTGATTTGTTCTGGTCCCGT,0,161798
TSS_4654_wanner_regulondb,0.5,1,1,CTGATGCATCCGGCAGTTCC,0,146546
TSS_4654_wanner_regulondb,0.5,1,1,CTGATCAGGCTGCACCCCAG,0,148039
TSS_4654_wanner_regulondb,0.5,1,1,CTGATATTTTCTCTTTGTGT,0,167325
TSS_4654_wanner_regulondb,0.5,1,1,CTGAGGGTGTAGCCCACGTT,0,159399
TSS_4654_wanner_regulondb,0.5,1,1,CTGAGGGGCACCGTTGCCTT,0,140872
TSS_4654_wanner_regulondb,0.5,1,1,CTGAGGCTTACTTAGAGAGG,0,130828
TSS_4654_wanner_regulondb,0.5,1,1,CTGAGGAGGATTCTATGCGG,0,153439
TSS_4654_wanner_regulondb,0.5,1,1,CTGAGCCCCTGATGCCCGGC,0,156335
TSS_4654_wanner_regulondb,0.5,1,1,CTGAGCATTTACGTGGAGGA,0,149411
TSS_4654_wanner_regulondb,0.5,1,1,CTGACTCGATGAAATCATCG,0,135107
TSS_4654_wanner_regulondb,0.5,1,1,CTGACCGGGGGAAACGGACT,0,126053
TSS_4654_wanner_regulondb,0.5,1,1,CTGAATAGGAAGTGTGCGGT,0,158772
TSS_4654_wanner_regulondb,0.5,1,1,CTGAAGACCAGATACCTTAT,0,152374
TSS_4654_wanner_regulondb,0.5,1,1,CTGAACTTTGCCGTCAGTTT,0,133609
TSS_4654_wanner_regulondb,0.5,1,1,CTGAACACAACGTACTGCGG,0,131693
TSS_4654_wanner_regulondb,0.5,1,1,CTCTTACCAGGGGCGTCGAG,0,151980
TSS_4654_wanner_regulondb,0.5,1,1,CTCTGTTTATGGTTTGAACT,0,139964
TSS_4654_wanner_regulondb,0.5,1,1,CTCTGTACAGGAGCACAGGT,0,168726
TSS_4654_wanner_regulondb,0.5,1,1,CTCTGGTTCCAGGCGTTCGT,0,157327
TSS_4654_wanner_regulondb,0.5,1,1,CTCTGGCTGTGTAGCACTAG,0,130078
TSS_4654_wanner_regulondb,0.5,1,1,CTCTGCACCGACCATTTGTG,0,140213
TSS_4654_wanner_regulondb,0.5,1,1,CTCTCTCTAACTTCCGGCAG,0,138600
TSS_4654_wanner_regulondb,0.5,1,1,CTCTCCCGATAAGTTCAATA,0,153447
TSS_4654_wanner_regulondb,0.5,1,1,CTCTCATATAGACGTTTCCA,0,154514
TSS_4654_wanner_regulondb,0.5,1,1,CTCTCAAGAGCTGTTATAGA,0,150554
TSS_4654_wanner_regulondb,0.5,1,1,CTCTCAACCCATTTAAGATG,0,132146
TSS_4654_wanner_regulondb,0.5,1,1,CTCTATACTGCATGTATGTA,0,141297
TSS_4654_wanner_regulondb,0.5,1,1,CTCGTGACGGTCTAAACAAC,0,162987
TSS_4654_wanner_regulondb,0.5,1,1,CTCGGTTCTGCCGCACCATG,0,124937
TSS_4654_wanner_regulondb,0.5,1,1,CTCGGCGCGACCTGAGAGTC,0,164288
TSS_4654_wanner_regulondb,0.5,1,1,CTCGGACCAGCCAAACAGCT,0,133154
TSS_4654_wanner_regulondb,0.5,1,1,CTCGCGGGTGGTAACTCGTG,0,152827
TSS_4654_wanner_regulondb,0.5,1,1,CTCGCCGACACTTACCTCGG,0,170491
TSS_4654_wanner_regulondb,0.5,1,1,CTCGCCCCTTGTTATATCTC,0,137634
TSS_4654_wanner_regulondb,0.5,1,1,CTCGCCAGTTAAACGATCCC,0,135236
TSS_4654_wanner_regulondb,0.5,1,1,CTCGCATTGTGCCAAGCATG,0,149045
TSS_4654_wanner_regulondb,0.5,1,1,CTCGATGAATACCGAGGGCA,0,164653
TSS_4654_wanner_regulondb,0.5,1,1,CTCGAGTCGAGCAGTCAAGG,0,144864
TSS_4654_wanner_regulondb,0.5,1,1,CTCGAGCTTCATGCTTTACG,0,141255
TSS_4654_wanner_regulondb,0.5,1,1,CTCCGTACGGTCCCGCGCCC,0,158903
TSS_4654_wanner_regulondb,0.5,1,1,CTCCGGTCCGGGTGGAGCGT,0,130167
TSS_4654_wanner_regulondb,0.5,1,1,CTCCCCTTCTACGAAAGTAC,0,155890
TSS_4654_wanner_regulondb,0.5,1,1,CTCCCCCTGGTAGTGTGTAC,0,165046
TSS_4654_wanner_regulondb,0.5,1,1,CTCCCATCCCCGTTTGACTG,0,128551
TSS_4654_wanner_regulondb,0.5,1,1,CTCATGCGATGGAGTACAGG,0,145900
TSS_4654_wanner_regulondb,0.5,1,1,CTCATGCACGTGAACGTGAT,0,129907
TSS_4654_wanner_regulondb,0.5,1,1,CTCATACGTTCGACTGTTGC,0,125200
TSS_4654_wanner_regulondb,0.5,1,1,CTCAGTGGGGTTTGCAATGC,0,145391
TSS_4654_wanner_regulondb,0.5,1,1,CTCAGCTAAATGTTCAAATG,0,158971
TSS_4654_wanner_regulondb,0.5,1,1,CTCAGCAGGCACGACCCCGG,0,145240
TSS_4654_wanner_regulondb,0.5,1,1,CTCACTTGCAACGTACTGAT,0,162452
TSS_4654_wanner_regulondb,0.5,1,1,CTCAAGGGCCATCATGGCAG,0,134154
TSS_4654_wanner_regulondb,0.5,1,1,CTCAAAGCGATTCAGATCTA,0,156622
TSS_4654_wanner_regulondb,0.5,1,1,CTCAAAAGTAACAATGGGGA,0,132716
TSS_4654_wanner_regulondb,0.5,1,1,CTATTCGTCTGGTTAAGGAT,0,172958
TSS_4654_wanner_regulondb,0.5,1,1,CTATGTTTGTGTAGGGGTCA,0,150592
TSS_4654_wanner_regulondb,0.5,1,1,CTATGTGTGTACAGACCGGG,0,125562
TSS_4654_wanner_regulondb,0.5,1,1,CTATGGTTCGGGTTGTTTAT,0,133594
TSS_4654_wanner_regulondb,0.5,1,1,CTATGACTGCTCGGGATAAT,0,159919
TSS_4654_wanner_regulondb,0.5,1,1,CTATCGCTGGCCTAGGTCAA,0,168375
TSS_4654_wanner_regulondb,0.5,1,1,CTATCGAGATAGCACACATG,0,134706
TSS_4654_wanner_regulondb,0.5,1,1,CTATCCAAGCGGTAAAAGTT,0,160048
TSS_4654_wanner_regulondb,0.5,1,1,CTATATCGGGTACGTCGGTT,0,135148
TSS_4654_wanner_regulondb,0.5,1,1,CTATAGACGAGACGGTATGA,0,135341
TSS_4654_wanner_regulondb,0.5,1,1,CTATAAGACACCACAATGGT,0,152950
TSS_4654_wanner_regulondb,0.5,1,1,CTATAACCCTGCGTTAAACT,0,143939
TSS_4654_wanner_regulondb,0.5,1,1,CTAGTGAAGTCCGTAACGTA,0,150720
TSS_4654_wanner_regulondb,0.5,1,1,CTAGTAATAATTTCGGTAAG,0,141367
TSS_4654_wanner_regulondb,0.5,1,1,CTAGGTTCATTAGAACTGTT,0,164728
TSS_4654_wanner_regulondb,0.5,1,1,CTAGGTTATGCTTAATTTAT,0,157473
TSS_4654_wanner_regulondb,0.5,1,1,CTAGGTCCCCGGATCTAAGG,0,127777
TSS_4654_wanner_regulondb,0.5,1,1,CTAGGGCGGAGGAGTCCCGA,0,168784
TSS_4654_wanner_regulondb,0.5,1,1,CTAGGAAATCTGTGTTGGCA,0,172890
TSS_4654_wanner_regulondb,0.5,1,1,CTAGCTGTCATGGCGCCTTG,0,134771
TSS_4654_wanner_regulondb,0.5,1,1,CTAGCTAAGTCTTGGCCCAT,0,133754
TSS_4654_wanner_regulondb,0.5,1,1,CTAGCACCTTAATTCTGTCA,0,140354
TSS_4654_wanner_regulondb,0.5,1,1,CTAGCAACAGGGGTCATAGA,0,130226
TSS_4654_wanner_regulondb,0.5,1,1,CTAGAGTGAGAGGAAGCACG,0,143750
TSS_4654_wanner_regulondb,0.5,1,1,CTAGACCAATGGACTTAGCC,0,170223
TSS_4654_wanner_regulondb,0.5,1,1,CTACTGTCACAGGGAGGCCA,0,144005
TSS_4654_wanner_regulondb,0.5,1,1,CTACTCGCGGTGTAACATTA,0,162508
TSS_4654_wanner_regulondb,0.5,1,1,CTACGGCACAATATTCGCCA,0,130024
TSS_4654_wanner_regulondb,0.5,1,1,CTACGCATACCGAACGGTTA,0,127481
TSS_4654_wanner_regulondb,0.5,1,1,CTACGACTCGGTTGAGTCAT,0,159474
TSS_4654_wanner_regulondb,0.5,1,1,CTACCTGTAGCGTCTCGATA,0,150929
TSS_4654_wanner_regulondb,0.5,1,1,CTACCGTTGTATATGCCACG,0,146433
TSS_4654_wanner_regulondb,0.5,1,1,CTACCCTGAAGACGATGGAT,0,161595
TSS_4654_wanner_regulondb,0.5,1,1,CTACCCCGTAGTCGTAGAAG,0,172567
TSS_4654_wanner_regulondb,0.5,1,1,CTACCAGTTACAACGCACTA,0,134192
TSS_4654_wanner_regulondb,0.5,1,1,CTACACTTAAAAGTCGGTGT,0,144078
TSS_4654_wanner_regulondb,0.5,1,1,CTAATTGATTTTGTTGCTGA,0,151514
TSS_4654_wanner_regulondb,0.5,1,1,CTAATTCCGTTCCTTGCGGC,0,150333
TSS_4654_wanner_regulondb,0.5,1,1,CTAATGCTGTCAGCTCAGCC,0,152260
TSS_4654_wanner_regulondb,0.5,1,1,CTAATACTGTAAGTCATCCT,0,165602
TSS_4654_wanner_regulondb,0.5,1,1,CTAATACGTTTGACTCCACA,0,156731
TSS_4654_wanner_regulondb,0.5,1,1,CTAAGCGTTCAATTTTCAGA,0,162845
TSS_4654_wanner_regulondb,0.5,1,1,CTAAGCATACGACGGACTTC,0,135951
TSS_4654_wanner_regulondb,0.5,1,1,CTAACCTCACAGCTAACGAA,0,140416
TSS_4654_wanner_regulondb,0.5,1,1,CTAACCGTGGCGTTGAGTGA,0,165623
TSS_4654_wanner_regulondb,0.5,1,1,CTAACCGTCGGCATTGGGTA,0,161112
TSS_4654_wanner_regulondb,0.5,1,1,CGTTTGCGGGCTCCCAGAGT,0,160870
TSS_4654_wanner_regulondb,0.5,1,1,CGTTTATCTCAAGCACCCTT,0,145068
TSS_4654_wanner_regulondb,0.5,1,1,CGTTGGGCCTCACCACGCCC,0,174441
TSS_4654_wanner_regulondb,0.5,1,1,CGTTGGGAAATCGGACGCAC,0,148894
TSS_4654_wanner_regulondb,0.5,1,1,CGTTGGCTTGCCCGTAAATC,0,146600
TSS_4654_wanner_regulondb,0.5,1,1,CGTTGCTGTCACACCTTTGT,0,173331
TSS_4654_wanner_regulondb,0.5,1,1,CGTTGCCTGGCATATCGTAG,0,138402
TSS_4654_wanner_regulondb,0.5,1,1,CGTTGCCCGGTTGCGCATAT,0,144600
TSS_4654_wanner_regulondb,0.5,1,1,CGTTCGCCCGTTCCCCAGAC,0,163686
TSS_4654_wanner_regulondb,0.5,1,1,CGTTCGCCCCTGCCGGTGTT,0,147054
TSS_4654_wanner_regulondb,0.5,1,1,CGTTCCTACGCTAAATCCAC,0,148957
TSS_4654_wanner_regulondb,0.5,1,1,CGTTCCGCGACTTCGTTGTA,0,145190
TSS_4654_wanner_regulondb,0.5,1,1,CGTTATAACTCGCTCTCGCT,0,154627
TSS_4654_wanner_regulondb,0.5,1,1,CGTTAGTGCAGGCATCTTCA,0,163342
TSS_4654_wanner_regulondb,0.5,1,1,CGTGTTCGACTACGCGTTTA,0,136142
TSS_4654_wanner_regulondb,0.5,1,1,CGTGTGTGCATATCTAGTGG,0,135759
TSS_4654_wanner_regulondb,0.5,1,1,CGTGTAGCCGGAAGGACCCA,0,141711
TSS_4654_wanner_regulondb,0.5,1,1,CGTGGAGTCATGCAGCGGAG,0,172509
TSS_4654_wanner_regulondb,0.5,1,1,CGTGGACCTGCACAGGACAC,0,126441
TSS_4654_wanner_regulondb,0.5,1,1,CGTGCTCATCCACGAGAAAT,0,153303
TSS_4654_wanner_regulondb,0.5,1,1,CGTGCGGCACTCACTGAGTA,0,130021
TSS_4654_wanner_regulondb,0.5,1,1,CGTGCCTGTCGAATCGATCA,0,139945
TSS_4654_wanner_regulondb,0.5,1,1,CGTGCATTTGTTCCGCGAAA,0,155786
TSS_4654_wanner_regulondb,0.5,1,1,CGTGCACGGTAAGGGACAGC,0,147602
TSS_4654_wanner_regulondb,0.5,1,1,CGTGATGCAGTGTCTTAGCA,0,155234
TSS_4654_wanner_regulondb,0.5,1,1,CGTGACATTACCGTCACGTA,0,159611
TSS_4654_wanner_regulondb,0.5,1,1,CGTGAACGTACTTGTTCGAG,0,145073
TSS_4654_wanner_regulondb,0.5,1,1,CGTCTTTAGATGCTTGTTGT,0,125094
TSS_4654_wanner_regulondb,0.5,1,1,CGTCTTAACGGCACCTGATC,0,174190
TSS_4654_wanner_regulondb,0.5,1,1,CGTCTGAATCCTGCAGCTGG,0,132433
TSS_4654_wanner_regulondb,0.5,1,1,CGTCTCGCGCCGTCGGTCAC,0,143842
TSS_4654_wanner_regulondb,0.5,1,1,CGTCGTAAGGACCAGCGATT,0,125763
TSS_4654_wanner_regulondb,0.5,1,1,CGTCGGTACGCTTGGAATAA,0,125874
TSS_4654_wanner_regulondb,0.5,1,1,CGTCGGCGGCAAATCGGCGT,0,133304
TSS_4654_wanner_regulondb,0.5,1,1,CGTCGCGCGCCGCCCGCCAA,0,141257
TSS_4654_wanner_regulondb,0.5,1,1,CGTCGCCGCAGTGTATGATG,0,158389
TSS_4654_wanner_regulondb,0.5,1,1,CGTCCGGTCAAAGGAAAGAC,0,162708
TSS_4654_wanner_regulondb,0.5,1,1,CGTCCCGGAAGCATTCTTAT,0,171368
TSS_4654_wanner_regulondb,0.5,1,1,CGTCCATTACGGCAAATAAA,0,129441
TSS_4654_wanner_regulondb,0.5,1,1,CGTCATCGGCCGTCGTGTGA,0,159959
TSS_4654_wanner_regulondb,0.5,1,1,CGTCAGGCTCGACAGTCTGT,0,140108
TSS_4654_wanner_regulondb,0.5,1,1,CGTATTAAGAAGACCCCGGA,0,171063
TSS_4654_wanner_regulondb,0.5,1,1,CGTATGGTCCATATGGGACT,0,160334
TSS_4654_wanner_regulondb,0.5,1,1,CGTATGGGGTCTACAGAGAT,0,150287
TSS_4654_wanner_regulondb,0.5,1,1,CGTAGTGCCTAGATATCAAT,0,152232
TSS_4654_wanner_regulondb,0.5,1,1,CGTAGTCCGACTCCGTAGAC,0,126017
TSS_4654_wanner_regulondb,0.5,1,1,CGTAGTACCGGTGCATTAGA,0,157798
TSS_4654_wanner_regulondb,0.5,1,1,CGTAGGTGATGAGGTTTGTA,0,169076
TSS_4654_wanner_regulondb,0.5,1,1,CGTAGCTCACCTGAGTGAAT,0,155042
TSS_4654_wanner_regulondb,0.5,1,1,CGTAGCGGTCAGTTTCGTTC,0,157050
TSS_4654_wanner_regulondb,0.5,1,1,CGTAGACTCGACCGTGTCAT,0,160650
TSS_4654_wanner_regulondb,0.5,1,1,CGTAGAATAAATCTTTTCCT,0,137632
TSS_4654_wanner_regulondb,0.5,1,1,CGTACTGCCGGCTACCAATT,0,152831
TSS_4654_wanner_regulondb,0.5,1,1,CGTACCAACCACCATAGTTA,0,153743
TSS_4654_wanner_regulondb,0.5,1,1,CGTAACAGGTCCTCCGTAAC,0,162954
TSS_4654_wanner_regulondb,0.5,1,1,CGGTTGTGGGTGTGAGCATG,0,148817
TSS_4654_wanner_regulondb,0.5,1,1,CGGTTGCCTCTCCAATTACG,0,138437
TSS_4654_wanner_regulondb,0.5,1,1,CGGTTCAATATAAATACGAA,0,129351
TSS_4654_wanner_regulondb,0.5,1,1,CGGTTCAACAATGTCAGGTA,0,133220
TSS_4654_wanner_regulondb,0.5,1,1,CGGTTACTACATGACTCGTG,0,125825
TSS_4654_wanner_regulondb,0.5,1,1,CGGTGTAGACCTAAATGATA,0,153406
TSS_4654_wanner_regulondb,0.5,1,1,CGGTGGCCATTACAACGCAA,0,158047
TSS_4654_wanner_regulondb,0.5,1,1,CGGTGGCAGTCAAAGACTCA,0,162739
TSS_4654_wanner_regulondb,0.5,1,1,CGGTGGAGCTCGTACATTTG,0,138418
TSS_4654_wanner_regulondb,0.5,1,1,CGGTGCTGTTCTGAGGGGGG,0,159661
TSS_4654_wanner_regulondb,0.5,1,1,CGGTCCGGACTCGTTAAAAC,0,129286
TSS_4654_wanner_regulondb,0.5,1,1,CGGTCATCCCTCTGGACGGA,0,152746
TSS_4654_wanner_regulondb,0.5,1,1,CGGTCATCAGATTCTGGAGG,0,148758
TSS_4654_wanner_regulondb,0.5,1,1,CGGTATAGGCACGAGTGGCC,0,141254
TSS_4654_wanner_regulondb,0.5,1,1,CGGTAGGGAGTCCAGTTTTG,0,157390
TSS_4654_wanner_regulondb,0.5,1,1,CGGTACGCTATAAACTTCAC,0,139085
TSS_4654_wanner_regulondb,0.5,1,1,CGGTACACTGGCTTCTACAC,0,130162
TSS_4654_wanner_regulondb,0.5,1,1,CGGGTGAAGAGAGCTAAGTG,0,150464
TSS_4654_wanner_regulondb,0.5,1,1,CGGGTCTGGGCTGATATCAG,0,131802
TSS_4654_wanner_regulondb,0.5,1,1,CGGGTCTGGCGAGGCAACCA,0,151289
TSS_4654_wanner_regulondb,0.5,1,1,CGGGTCCCCATTGCTCCAAG,0,138278
TSS_4654_wanner_regulondb,0.5,1,1,CGGGTCCATTCTAGGCGTTA,0,169534
TSS_4654_wanner_regulondb,0.5,1,1,CGGGTATGACTTTCTCGCTC,0,139355
TSS_4654_wanner_regulondb,0.5,1,1,CGGGTAGTACTGCGGGTCTG,0,131075
TSS_4654_wanner_regulondb,0.5,1,1,CGGGGTAGGCCGTTGTTAAT,0,159249
TSS_4654_wanner_regulondb,0.5,1,1,CGGGGCTTATCTCTGCCGGT,0,172443
TSS_4654_wanner_regulondb,0.5,1,1,CGGGGCACAGCTTCAGTCCA,0,153983
TSS_4654_wanner_regulondb,0.5,1,1,CGGGGATAATCTGTTATACA,0,138702
TSS_4654_wanner_regulondb,0.5,1,1,CGGGCTCGGAGGTTTTCACT,0,166509
TSS_4654_wanner_regulondb,0.5,1,1,CGGGCTAGGTGGACTTATGA,0,150644
TSS_4654_wanner_regulondb,0.5,1,1,CGGGCGTACGTCGAAATACA,0,172142
TSS_4654_wanner_regulondb,0.5,1,1,CGGGAGTTCAGGATGCGACC,0,140711
TSS_4654_wanner_regulondb,0.5,1,1,CGGCTTGTGAATTATTACTA,0,167482
TSS_4654_wanner_regulondb,0.5,1,1,CGGCGTAACTAGAGCCTAGT,0,133262
TSS_4654_wanner_regulondb,0.5,1,1,CGGCGCGAACTACTCGGTAC,0,151403
TSS_4654_wanner_regulondb,0.5,1,1,CGGCGCAGAGCCGTTCGTCC,0,151625
TSS_4654_wanner_regulondb,0.5,1,1,CGGCGACACGCGCTACCGAG,0,131413
TSS_4654_wanner_regulondb,0.5,1,1,CGGCGAATATCGGAGGATAC,0,143298
TSS_4654_wanner_regulondb,0.5,1,1,CGGCCCTCGATACGGTGCGT,0,164427
TSS_4654_wanner_regulondb,0.5,1,1,CGGCATGGACTTTGAAACGG,0,171395
TSS_4654_wanner_regulondb,0.5,1,1,CGGCAGGAGAACACGGAGTA,0,157482
TSS_4654_wanner_regulondb,0.5,1,1,CGGCACGAGATCAGGCAGGC,0,141171
TSS_4654_wanner_regulondb,0.5,1,1,CGGCAAGGACGCGTAGTTGA,0,131302
TSS_4654_wanner_regulondb,0.5,1,1,CGGCAAATAGAGCGGCACAC,0,142396
TSS_4654_wanner_regulondb,0.5,1,1,CGGATGAAGCCCCCGCGAGT,0,166524
TSS_4654_wanner_regulondb,0.5,1,1,CGGATAGACACACGTGGTCT,0,128976
TSS_4654_wanner_regulondb,0.5,1,1,CGGAGTCCCCTTCGATAGGA,0,152642
TSS_4654_wanner_regulondb,0.5,1,1,CGGAGGCTTCAGGACCCAAG,0,141981
TSS_4654_wanner_regulondb,0.5,1,1,CGGAGGAACTGCTCAACCGC,0,148236
TSS_4654_wanner_regulondb,0.5,1,1,CGGAGCTAGAATCGCAACTT,0,171253
TSS_4654_wanner_regulondb,0.5,1,1,CGGAGCCTTAGGCTTTTATC,0,153911
TSS_4654_wanner_regulondb,0.5,1,1,CGGAGAGGACAAATTACGTT,0,126320
TSS_4654_wanner_regulondb,0.5,1,1,CGGAGACTATTCCCCCGGTT,0,146832
TSS_4654_wanner_regulondb,0.5,1,1,CGGAGACGAGAACTAAGCGC,0,148040
TSS_4654_wanner_regulondb,0.5,1,1,CGGACGAGCTGTTTAACAGG,0,161837
TSS_4654_wanner_regulondb,0.5,1,1,CGGACCGGACTGGTCAGTAG,0,159935
TSS_4654_wanner_regulondb,0.5,1,1,CGGACCCCGTATAGGCCCTG,0,146671
TSS_4654_wanner_regulondb,0.5,1,1,CGGAATCGGGTTTTAACAGA,0,138289
TSS_4654_wanner_regulondb,0.5,1,1,CGGAATCGCGTGCGGAAGAC,0,148285
TSS_4654_wanner_regulondb,0.5,1,1,CGGAAATGGCAACACGGTTA,0,158851
TSS_4654_wanner_regulondb,0.5,1,1,CGGAAAGCCGAATCAGAGTC,0,137268
TSS_4654_wanner_regulondb,0.5,1,1,CGGAAAGCCCAATATCGGAG,0,139831
TSS_4654_wanner_regulondb,0.5,1,1,CGCTTGGTGCTACATACTAA,0,127849
TSS_4654_wanner_regulondb,0.5,1,1,CGCTTATAAGTAGTAGACCT,0,146696
TSS_4654_wanner_regulondb,0.5,1,1,CGCTTAGGCAGTCTTAGATA,0,156208
TSS_4654_wanner_regulondb,0.5,1,1,CGCTTACTCTGGTCCATTGT,0,160834
TSS_4654_wanner_regulondb,0.5,1,1,CGCTGTTGTGCGTAAATGTG,0,168733
TSS_4654_wanner_regulondb,0.5,1,1,CGCTCTTAGCTGCGTGCTTT,0,145206
TSS_4654_wanner_regulondb,0.5,1,1,CGCTCCATTTTGAACTGTCA,0,125220
TSS_4654_wanner_regulondb,0.5,1,1,CGCTCAGTTATTTTCCCCAG,0,157657
TSS_4654_wanner_regulondb,0.5,1,1,CGCTCAGCCGCGTGAATTGA,0,124999
TSS_4654_wanner_regulondb,0.5,1,1,CGCTCAGATGGTGATGGTTG,0,155143
TSS_4654_wanner_regulondb,0.5,1,1,CGCTATGGGTTTGGGGCGGT,0,144212
TSS_4654_wanner_regulondb,0.5,1,1,CGCTAGCTAATGGGACTGAG,0,171826
TSS_4654_wanner_regulondb,0.5,1,1,CGCGTGTGGTCTGACGACCC,0,151892
TSS_4654_wanner_regulondb,0.5,1,1,CGCGTCTCCAGAATAAGGTA,0,128241
TSS_4654_wanner_regulondb,0.5,1,1,CGCGTCTCATATCCACGTTC,0,135309
TSS_4654_wanner_regulondb,0.5,1,1,CGCGTCGCATGAGGTAGTTG,0,160478
TSS_4654_wanner_regulondb,0.5,1,1,CGCGTACCACGAAGAAAGTA,0,166877
TSS_4654_wanner_regulondb,0.5,1,1,CGCGGGACCCGAGTCAGTGG,0,157941
TSS_4654_wanner_regulondb,0.5,1,1,CGCGGCTGGCGTTGCTGAGA,0,154424
TSS_4654_wanner_regulondb,0.5,1,1,CGCGGATAGGAGTATGGCAT,0,162165
TSS_4654_wanner_regulondb,0.5,1,1,CGCGCTCCTATAGGTGAAAT,0,158578
TSS_4654_wanner_regulondb,0.5,1,1,CGCGCCGATAGAACCCCTAC,0,127585
TSS_4654_wanner_regulondb,0.5,1,1,CGCGCCCGGCCCTATATTTG,0,142723
TSS_4654_wanner_regulondb,0.5,1,1,CGCGCACCTACCTCGCACTC,0,139204
TSS_4654_wanner_regulondb,0.5,1,1,CGCGAGCTTCGCAGGCGGGA,0,144448
TSS_4654_wanner_regulondb,0.5,1,1,CGCGACCAGCGGGTATCCCA,0,128977
TSS_4654_wanner_regulondb,0.5,1,1,CGCGAACTTAAGGTAAATAG,0,173982
TSS_4654_wanner_regulondb,0.5,1,1,CGCCTCCCACGGCAATGTAT,0,174028
TSS_4654_wanner_regulondb,0.5,1,1,CGCCTAGTCATATAGCGTGT,0,148029
TSS_4654_wanner_regulondb,0.5,1,1,CGCCTAAAATCAAAACGTCT,0,171070
TSS_4654_wanner_regulondb,0.5,1,1,CGCCGCAGACAATTTTCGAC,0,155643
TSS_4654_wanner_regulondb,0.5,1,1,CGCCGATTTCATTCTCACTT,0,125290
TSS_4654_wanner_regulondb,0.5,1,1,CGCCGACGGAGGGGTTAAAG,0,153782
TSS_4654_wanner_regulondb,0.5,1,1,CGCCGAATCTTAACGCAGGC,0,145107
TSS_4654_wanner_regulondb,0.5,1,1,CGCCCTTTTACTGTCAAGAG,0,145647
TSS_4654_wanner_regulondb,0.5,1,1,CGCCCTCCTATGCGCTGGCC,0,151471
TSS_4654_wanner_regulondb,0.5,1,1,CGCCCGTCCATGCCCTATCA,0,133942
TSS_4654_wanner_regulondb,0.5,1,1,CGCCATCAACCGAGGTAGAT,0,166860
TSS_4654_wanner_regulondb,0.5,1,1,CGCATGCTCGACTACAATTA,0,149304
TSS_4654_wanner_regulondb,0.5,1,1,CGCAGGTAGTGTGATCTAGG,0,139013
TSS_4654_wanner_regulondb,0.5,1,1,CGCAGGGTCGGCCTAGAGAT,0,166528
TSS_4654_wanner_regulondb,0.5,1,1,CGCAGGCAAGGTACAAAGAA,0,154778
TSS_4654_wanner_regulondb,0.5,1,1,CGCAGAAGGAGCACGCGAAA,0,154148
TSS_4654_wanner_regulondb,0.5,1,1,CGCACTGGCAACGGTTTTGT,0,125080
TSS_4654_wanner_regulondb,0.5,1,1,CGCACTAGGAGAGCCACAGT,0,167103
TSS_4654_wanner_regulondb,0.5,1,1,CGCACGGTCTTCCTTTAACG,0,126946
TSS_4654_wanner_regulondb,0.5,1,1,CGCACGATAGACCCTTGATC,0,139529
TSS_4654_wanner_regulondb,0.5,1,1,CGCACGACTCGTTTTCTAAA,0,136784
TSS_4654_wanner_regulondb,0.5,1,1,CGCACCATACTTATATTTGC,0,127179
TSS_4654_wanner_regulondb,0.5,1,1,CGCACCAATATTCTCACCCA,0,127629
TSS_4654_wanner_regulondb,0.5,1,1,CGCACATCGGCCGCCCCGTA,0,172552
TSS_4654_wanner_regulondb,0.5,1,1,CGCAATTTATTCATGCCTTC,0,156891
TSS_4654_wanner_regulondb,0.5,1,1,CGCAATTGCTCGAATAGCGA,0,152283
TSS_4654_wanner_regulondb,0.5,1,1,CGCAAGTCTTCGAGTAACGT,0,137004
TSS_4654_wanner_regulondb,0.5,1,1,CGCAACTCTAACAGGATGGG,0,139036
TSS_4654_wanner_regulondb,0.5,1,1,CGCAACTCACCTCGGGACTT,0,149338
TSS_4654_wanner_regulondb,0.5,1,1,CGCAACGACCTGACGCGCTG,0,136385
TSS_4654_wanner_regulondb,0.5,1,1,CGATTTCATGCCCTACGTTG,0,137654
TSS_4654_wanner_regulondb,0.5,1,1,CGATTGATCTCCTCAAGAGT,0,125472
TSS_4654_wanner_regulondb,0.5,1,1,CGATGCGCTCACTCACCTGT,0,127961
TSS_4654_wanner_regulondb,0.5,1,1,CGATCGGGAGATATTTTCGT,0,146289
TSS_4654_wanner_regulondb,0.5,1,1,CGATCGGGACTCGCTCTAAA,0,166133
TSS_4654_wanner_regulondb,0.5,1,1,CGATCGACTCGGACGTACAC,0,133069
TSS_4654_wanner_regulondb,0.5,1,1,CGATCCTGGCTGAGCGCAAC,0,170998
TSS_4654_wanner_regulondb,0.5,1,1,CGATCACAAAGTGTCATGTC,0,161511
TSS_4654_wanner_regulondb,0.5,1,1,CGATATTCAGAGGATTCTGG,0,161362
TSS_4654_wanner_regulondb,0.5,1,1,CGATATACCATGAGACTTTA,0,167292
TSS_4654_wanner_regulondb,0.5,1,1,CGATACTTAGGTATGTCGTC,0,136605
TSS_4654_wanner_regulondb,0.5,1,1,CGATACTAAAGATTACGGGA,0,149911
TSS_4654_wanner_regulondb,0.5,1,1,CGATAAGTGCTCGACTTAGA,0,154542
TSS_4654_wanner_regulondb,0.5,1,1,CGAGTTGGATTATCCGGTGC,0,153088
TSS_4654_wanner_regulondb,0.5,1,1,CGAGTATGTGGATATTGAGA,0,133731
TSS_4654_wanner_regulondb,0.5,1,1,CGAGGTTCCTTTAGACTTCA,0,135402
TSS_4654_wanner_regulondb,0.5,1,1,CGAGGGACTCTCGTAGGGAC,0,136010
TSS_4654_wanner_regulondb,0.5,1,1,CGAGGCAACAATACGGTCTA,0,166127
TSS_4654_wanner_regulondb,0.5,1,1,CGAGCATGGGCTTCGGGCCT,0,167454
TSS_4654_wanner_regulondb,0.5,1,1,CGAGCAAACCTGCGAGCACA,0,149054
TSS_4654_wanner_regulondb,0.5,1,1,CGAGATTCAACAACTAGCAG,0,152207
TSS_4654_wanner_regulondb,0.5,1,1,CGAGAGTAGTCTACGAGGGA,0,132360
TSS_4654_wanner_regulondb,0.5,1,1,CGAGAGCTGATTTAACTAAT,0,150473
TSS_4654_wanner_regulondb,0.5,1,1,CGACTTTGACTAGAAATTGT,0,153894
TSS_4654_wanner_regulondb,0.5,1,1,CGACTTATGGGCTTCCGCAA,0,154196
TSS_4654_wanner_regulondb,0.5,1,1,CGACTGCTTGGGCGGTGAAG,0,142535
TSS_4654_wanner_regulondb,0.5,1,1,CGACTGCGTTGAATCATTCA,0,149484
TSS_4654_wanner_regulondb,0.5,1,1,CGACTCGCGAGATCTGGCTC,0,159692
TSS_4654_wanner_regulondb,0.5,1,1,CGACATGACGCTGATGATAA,0,127876
TSS_4654_wanner_regulondb,0.5,1,1,CGACATATGATTGGGGCTGC,0,129392
TSS_4654_wanner_regulondb,0.5,1,1,CGACAGGCTGCGTTGATACC,0,148825
TSS_4654_wanner_regulondb,0.5,1,1,CGACACCGAACAGTCGGGTA,0,161115
TSS_4654_wanner_regulondb,0.5,1,1,CGACAACTGGGGAAGATATA,0,154474
TSS_4654_wanner_regulondb,0.5,1,1,CGAATTTATGAGTTCCGGTG,0,150966
TSS_4654_wanner_regulondb,0.5,1,1,CGAATGTGCGGGAGCGCTAG,0,167349
TSS_4654_wanner_regulondb,0.5,1,1,CGAATCGATACATTGGATCG,0,165273
TSS_4654_wanner_regulondb,0.5,1,1,CGAATATGTAAGAAGACGAA,0,146864
TSS_4654_wanner_regulondb,0.5,1,1,CGAAGTGGGCTGTGTCGGTA,0,161608
TSS_4654_wanner_regulondb,0.5,1,1,CGAAGACCATATCAGTCATG,0,151132
TSS_4654_wanner_regulondb,0.5,1,1,CGAACGTTTTCGCGTAGATG,0,124960
TSS_4654_wanner_regulondb,0.5,1,1,CGAACGTATGGCTGTATGGG,0,138334
TSS_4654_wanner_regulondb,0.5,1,1,CGAACCCGTAATGGAAAGAT,0,133350
TSS_4654_wanner_regulondb,0.5,1,1,CGAAACGGAAATCTTTACTT,0,151383
TSS_4654_wanner_regulondb,0.5,1,1,CCTTTCCATTTATGTTCTTA,0,141953
TSS_4654_wanner_regulondb,0.5,1,1,CCTTGCGCGGACGCACCGAT,0,156542
TSS_4654_wanner_regulondb,0.5,1,1,CCTTGCCGGGCAGGCGTAAT,0,137434
TSS_4654_wanner_regulondb,0.5,1,1,CCTTGATACTTCGGTGACGC,0,137437
TSS_4654_wanner_regulondb,0.5,1,1,CCTTGACACCGTGTCTCAAA,0,132546
TSS_4654_wanner_regulondb,0.5,1,1,CCTTCGACCTCCACTCCTGA,0,160457
TSS_4654_wanner_regulondb,0.5,1,1,CCTTATTCACGAGCGGAGCT,0,172311
TSS_4654_wanner_regulondb,0.5,1,1,CCTTAACACGAGCAACTACA,0,151485
TSS_4654_wanner_regulondb,0.5,1,1,CCTTAAATGATGGCGCTTTA,0,139574
TSS_4654_wanner_regulondb,0.5,1,1,CCTGTCAAAGTGGCTCATCA,0,162749
TSS_4654_wanner_regulondb,0.5,1,1,CCTGGTGGGGAAAGTCACAC,0,141073
TSS_4654_wanner_regulondb,0.5,1,1,CCTGGCCTTTAAGAGTGATA,0,159034
TSS_4654_wanner_regulondb,0.5,1,1,CCTGGCAAAACTACTCCAGT,0,162955
TSS_4654_wanner_regulondb,0.5,1,1,CCTGCTTCAAAGGGAGCCCA,0,135667
TSS_4654_wanner_regulondb,0.5,1,1,CCTGCATTGCCGGGGGGTTA,0,128313
TSS_4654_wanner_regulondb,0.5,1,1,CCTGCAACGCCACCGATCGC,0,125259
TSS_4654_wanner_regulondb,0.5,1,1,CCTGATGTACGTTTAGTTGA,0,153364
TSS_4654_wanner_regulondb,0.5,1,1,CCTGATGGTCCAATGGGGAA,0,171825
TSS_4654_wanner_regulondb,0.5,1,1,CCTGAGGAGCAAAAAGTTCC,0,158348
TSS_4654_wanner_regulondb,0.5,1,1,CCTGAGCATTATTCAATTTT,0,151200
TSS_4654_wanner_regulondb,0.5,1,1,CCTCTTGGGTAGAAGTGAGT,0,141597
TSS_4654_wanner_regulondb,0.5,1,1,CCTCGCGTTGTTGTCCGCTT,0,140842
TSS_4654_wanner_regulondb,0.5,1,1,CCTCGAATCCTCTAGGATTC,0,138331
TSS_4654_wanner_regulondb,0.5,1,1,CCTCCGACTAGAGTTTGCCA,0,160419
TSS_4654_wanner_regulondb,0.5,1,1,CCTCCCTAGCCACATGTGCG,0,143562
TSS_4654_wanner_regulondb,0.5,1,1,CCTCATTCGCACAACGCTAC,0,145346
TSS_4654_wanner_regulondb,0.5,1,1,CCTCATAGAGGGGCACTCTC,0,126741
TSS_4654_wanner_regulondb,0.5,1,1,CCTCAGTGTTCTGATATACG,0,168812
TSS_4654_wanner_regulondb,0.5,1,1,CCTCAGAGTAAGTCGCATTG,0,143874
TSS_4654_wanner_regulondb,0.5,1,1,CCTCACCGAACGGGTGTTGT,0,162132
TSS_4654_wanner_regulondb,0.5,1,1,CCTCAACAAAGCGGCTGCGT,0,148306
TSS_4654_wanner_regulondb,0.5,1,1,CCTATTCCCTACGCCTCTGT,0,125966
TSS_4654_wanner_regulondb,0.5,1,1,CCTATATGCAGGACCAAAGC,0,163585
TSS_4654_wanner_regulondb,0.5,1,1,CCTAGGGGGGTGCCTACCGA,0,148756
TSS_4654_wanner_regulondb,0.5,1,1,CCTAGGAATTTACGTTCGCT,0,142447
TSS_4654_wanner_regulondb,0.5,1,1,CCTACGTGGCCCGACATCGT,0,152380
TSS_4654_wanner_regulondb,0.5,1,1,CCTACGGTTTATTAGATGTA,0,167477
TSS_4654_wanner_regulondb,0.5,1,1,CCTAATCATAGATTCTGTCT,0,125474
TSS_4654_wanner_regulondb,0.5,1,1,CCTAAGGCTGACACCTATGA,0,141037
TSS_4654_wanner_regulondb,0.5,1,1,CCTAAGCATGCATCGGGAAT,0,145786
TSS_4654_wanner_regulondb,0.5,1,1,CCTAAGATCGCCTGATACAG,0,173076
TSS_4654_wanner_regulondb,0.5,1,1,CCGTTTTGGTATTGTAGGGT,0,137374
TSS_4654_wanner_regulondb,0.5,1,1,CCGTTTCAAGCAGGGACCTC,0,135629
TSS_4654_wanner_regulondb,0.5,1,1,CCGTTCAATGCTTTCAAAAG,0,156577
TSS_4654_wanner_regulondb,0.5,1,1,CCGTGTGGATCCCGCGAACC,0,127463
TSS_4654_wanner_regulondb,0.5,1,1,CCGTGTATGGATCCCAACGG,0,130733
TSS_4654_wanner_regulondb,0.5,1,1,CCGTGGCGGATTAGGTTGAA,0,138342
TSS_4654_wanner_regulondb,0.5,1,1,CCGTGGCCACAAAGGTGCCC,0,171796
TSS_4654_wanner_regulondb,0.5,1,1,CCGTGGATTGCCGGAGACGT,0,173015
TSS_4654_wanner_regulondb,0.5,1,1,CCGTGAACACAATTATCACT,0,161069
TSS_4654_wanner_regulondb,0.5,1,1,CCGTCTCCGTTGCAGTTTCT,0,161383
TSS_4654_wanner_regulondb,0.5,1,1,CCGTCAACCGCATCACTTAA,0,173264
TSS_4654_wanner_regulondb,0.5,1,1,CCGTATACCCGCGTCGAGAA,0,132497
TSS_4654_wanner_regulondb,0.5,1,1,CCGTAGGGTTCCGGCCGAAA,0,161462
TSS_4654_wanner_regulondb,0.5,1,1,CCGTACTTCGCGGCAGGTAG,0,127192
TSS_4654_wanner_regulondb,0.5,1,1,CCGTACCTGAAGCTCTGAAA,0,156476
TSS_4654_wanner_regulondb,0.5,1,1,CCGTAATGTTTGACGGAACT,0,145477
TSS_4654_wanner_regulondb,0.5,1,1,CCGTAAGTGTGTAGGTGATA,0,132385
TSS_4654_wanner_regulondb,0.5,1,1,CCGGTTCACTCTACTCGTCA,0,130737
TSS_4654_wanner_regulondb,0.5,1,1,CCGGTCACATAATAGATTCT,0,133477
TSS_4654_wanner_regulondb,0.5,1,1,CCGGGTGTTCAGAGTCTGAA,0,160560
TSS_4654_wanner_regulondb,0.5,1,1,CCGGGTGTACCTTTCAAGGG,0,142579
TSS_4654_wanner_regulondb,0.5,1,1,CCGGGTCTTTATGTCATTGC,0,171042
TSS_4654_wanner_regulondb,0.5,1,1,CCGGGGTAAGCATGGTAGAT,0,164343
TSS_4654_wanner_regulondb,0.5,1,1,CCGGGCGGCCCATTTGCGAC,0,161279
TSS_4654_wanner_regulondb,0.5,1,1,CCGGCTGGAGACCCCCCACA,0,172528
TSS_4654_wanner_regulondb,0.5,1,1,CCGGCTAGCCCTGTCCGCGA,0,166966
TSS_4654_wanner_regulondb,0.5,1,1,CCGGCACTTGCCCAAGGTAG,0,148146
TSS_4654_wanner_regulondb,0.5,1,1,CCGGATGAACGGCATGAGCC,0,138366
TSS_4654_wanner_regulondb,0.5,1,1,CCGGAGAGACCCCCAATCCG,0,127762
TSS_4654_wanner_regulondb,0.5,1,1,CCGGAAGTTTCCCTGACGAA,0,165373
TSS_4654_wanner_regulondb,0.5,1,1,CCGGAAATGGAGTACAACTA,0,131704
TSS_4654_wanner_regulondb,0.5,1,1,CCGCTGGTCCTAGCAGGCGA,0,166629
TSS_4654_wanner_regulondb,0.5,1,1,CCGCTGAGGACTGCAGATTA,0,136034
TSS_4654_wanner_regulondb,0.5,1,1,CCGCTCATCCTGCACGAGTA,0,127571
TSS_4654_wanner_regulondb,0.5,1,1,CCGCTAAGCGTAAAACAAGT,0,166385
TSS_4654_wanner_regulondb,0.5,1,1,CCGCGTATTGCTTCGTACCC,0,141528
TSS_4654_wanner_regulondb,0.5,1,1,CCGCGGGTTAATCTCAGGTT,0,160505
TSS_4654_wanner_regulondb,0.5,1,1,CCGCGCTTGTTGCTTAACCG,0,156930
TSS_4654_wanner_regulondb,0.5,1,1,CCGCGAGCAGCCCTCTTCTG,0,141951
TSS_4654_wanner_regulondb,0.5,1,1,CCGCGAGATAGTGAATCCAA,0,140701
TSS_4654_wanner_regulondb,0.5,1,1,CCGCGAAACCGTGTAAAAGC,0,154215
TSS_4654_wanner_regulondb,0.5,1,1,CCGCCTCGTCATGATCCTAT,0,162112
TSS_4654_wanner_regulondb,0.5,1,1,CCGCCACCCGAAATACCTGA,0,145011
TSS_4654_wanner_regulondb,0.5,1,1,CCGCCACCCCATTCCATAAA,0,159403
TSS_4654_wanner_regulondb,0.5,1,1,CCGCCAAGTATGACGGCGAG,0,147542
TSS_4654_wanner_regulondb,0.5,1,1,CCGCAGTATATGCTTACACA,0,129380
TSS_4654_wanner_regulondb,0.5,1,1,CCGCACGGCGACCCGTTCAA,0,127152
TSS_4654_wanner_regulondb,0.5,1,1,CCGCACGCGCCTGCTCACAG,0,125798
TSS_4654_wanner_regulondb,0.5,1,1,CCGCAATTCAGAAGTCTAAA,0,156103
TSS_4654_wanner_regulondb,0.5,1,1,CCGCAAGACTCAACGCGCAC,0,171136
TSS_4654_wanner_regulondb,0.5,1,1,CCGATGATACTCAGGGCCAC,0,152942
TSS_4654_wanner_regulondb,0.5,1,1,CCGATAGTCTGTTGGGTGCA,0,134266
TSS_4654_wanner_regulondb,0.5,1,1,CCGAGTTAGCCCCTTCGAAG,0,155555
TSS_4654_wanner_regulondb,0.5,1,1,CCGAGGCAGCCGTTGAACGA,0,169859
TSS_4654_wanner_regulondb,0.5,1,1,CCGACTCGGTTCTTTTCTTC,0,149028
TSS_4654_wanner_regulondb,0.5,1,1,CCGACGAGCGCAATACCGGG,0,148354
TSS_4654_wanner_regulondb,0.5,1,1,CCGAAGATGGAAGTTCATAA,0,149547
TSS_4654_wanner_regulondb,0.5,1,1,CCCTTCTTAGGGTACTCCGG,0,168767
TSS_4654_wanner_regulondb,0.5,1,1,CCCTGGAGGTGCTACGCCCA,0,132231
TSS_4654_wanner_regulondb,0.5,1,1,CCCTGCACAGTTAAAAGCAG,0,157736
TSS_4654_wanner_regulondb,0.5,1,1,CCCTCACTGACAGTGAGCCA,0,152751
TSS_4654_wanner_regulondb,0.5,1,1,CCCTAAATCCCGGCAAACTG,0,133032
TSS_4654_wanner_regulondb,0.5,1,1,CCCGGTTGGAGAAAGGCTCG,0,161385
TSS_4654_wanner_regulondb,0.5,1,1,CCCGGTATAGAGCGGTTGCA,0,149403
TSS_4654_wanner_regulondb,0.5,1,1,CCCGCTTCATCCGCATGCCA,0,127677
TSS_4654_wanner_regulondb,0.5,1,1,CCCGCCCAGGGGAGTTGGTG,0,142111
TSS_4654_wanner_regulondb,0.5,1,1,CCCGATTACACTAACTCCGG,0,139063
TSS_4654_wanner_regulondb,0.5,1,1,CCCGATGTATACCCCTGTTT,0,129107
TSS_4654_wanner_regulondb,0.5,1,1,CCCGAGAATATCGCTCAACT,0,149949
TSS_4654_wanner_regulondb,0.5,1,1,CCCGACTGCGCTGCCGGTGT,0,151255
TSS_4654_wanner_regulondb,0.5,1,1,CCCGAAGCTGACAACAATCT,0,134510
TSS_4654_wanner_regulondb,0.5,1,1,CCCCTTTTCCTAGACGTGGC,0,166747
TSS_4654_wanner_regulondb,0.5,1,1,CCCCTTCGTGTATCAAAGAC,0,153368
TSS_4654_wanner_regulondb,0.5,1,1,CCCCGCCCGCCTTGCATTCA,0,135827
TSS_4654_wanner_regulondb,0.5,1,1,CCCCGCAAAATGGAGACCGA,0,151384
TSS_4654_wanner_regulondb,0.5,1,1,CCCCATGGATGATCTTACGT,0,165166
TSS_4654_wanner_regulondb,0.5,1,1,CCCCAGATATGCGCCGCCCA,0,132545
TSS_4654_wanner_regulondb,0.5,1,1,CCCCAGATAAGCCCATCGCA,0,128490
TSS_4654_wanner_regulondb,0.5,1,1,CCCCAGAGGGTGATATAACA,0,160873
TSS_4654_wanner_regulondb,0.5,1,1,CCCCAACACCGGGGCGGCCT,0,141260
TSS_4654_wanner_regulondb,0.5,1,1,CCCATGTGCGTGTGGTTAAC,0,139674
TSS_4654_wanner_regulondb,0.5,1,1,CCCATCTGCCGTACCACAGG,0,146817
TSS_4654_wanner_regulondb,0.5,1,1,CCCAGTAGTTACCGGATCAC,0,146032
TSS_4654_wanner_regulondb,0.5,1,1,CCCAGGCATGTGGTTATTGA,0,155845
TSS_4654_wanner_regulondb,0.5,1,1,CCCAGCCGCTCTTTCACGCG,0,168128
TSS_4654_wanner_regulondb,0.5,1,1,CCCAGCCCAATCTTGGGAAA,0,142776
TSS_4654_wanner_regulondb,0.5,1,1,CCCAGCAATTAGGTACGTGG,0,160373
TSS_4654_wanner_regulondb,0.5,1,1,CCCACCTTGTCGATTATTGT,0,173153
TSS_4654_wanner_regulondb,0.5,1,1,CCCACCCGACCGTCGTCCAG,0,133599
TSS_4654_wanner_regulondb,0.5,1,1,CCCAATCGATCATGCCTATT,0,137959
TSS_4654_wanner_regulondb,0.5,1,1,CCCAATAGTTTCTCATTTCA,0,132141
TSS_4654_wanner_regulondb,0.5,1,1,CCCAAGGGCTCGTCAAATTA,0,138518
TSS_4654_wanner_regulondb,0.5,1,1,CCCAACATGGAGCCGCAGCA,0,126118
TSS_4654_wanner_regulondb,0.5,1,1,CCCAAAACACAGGGAATGAG,0,159285
TSS_4654_wanner_regulondb,0.5,1,1,CCATTTTGAGGGCAGAGACG,0,140221
TSS_4654_wanner_regulondb,0.5,1,1,CCATTTGTTGTGAGGTCCCT,0,174602
TSS_4654_wanner_regulondb,0.5,1,1,CCATTGACCGAAGCTACGAG,0,138628
TSS_4654_wanner_regulondb,0.5,1,1,CCATTCAGGTTACCTGATGG,0,138329
TSS_4654_wanner_regulondb,0.5,1,1,CCATTATATGAAGCTCATGA,0,150730
TSS_4654_wanner_regulondb,0.5,1,1,CCATTACCGGAGCAGCTAAA,0,158612
TSS_4654_wanner_regulondb,0.5,1,1,CCATTAAAAAAGTTGGGCCT,0,153197
TSS_4654_wanner_regulondb,0.5,1,1,CCATGGTAAGTGAACATGCG,0,156837
TSS_4654_wanner_regulondb,0.5,1,1,CCATCCGTCCTCCCTTTGCT,0,159250
TSS_4654_wanner_regulondb,0.5,1,1,CCATCCGCGGCTCTGCCGCC,0,130966
TSS_4654_wanner_regulondb,0.5,1,1,CCATCAGTCAGCCAGGACCA,0,134282
TSS_4654_wanner_regulondb,0.5,1,1,CCATATTATAGTCGGTCTCT,0,155512
TSS_4654_wanner_regulondb,0.5,1,1,CCATACTCGTACGTGATTCG,0,149706
TSS_4654_wanner_regulondb,0.5,1,1,CCAGTTCTAACCGTTGTCTA,0,136875
TSS_4654_wanner_regulondb,0.5,1,1,CCAGTATGATCTGTCGAGAT,0,125919
TSS_4654_wanner_regulondb,0.5,1,1,CCAGGGAACGTTTAACACGG,0,156039
TSS_4654_wanner_regulondb,0.5,1,1,CCAGGCCCGCAGGAGCAGTC,0,163499
TSS_4654_wanner_regulondb,0.5,1,1,CCAGGCAATCGCTCCTTTCT,0,153679
TSS_4654_wanner_regulondb,0.5,1,1,CCAGGATGCGTTGACATATG,0,174708
TSS_4654_wanner_regulondb,0.5,1,1,CCAGGAGGAGCCCATATATC,0,129297
TSS_4654_wanner_regulondb,0.5,1,1,CCAGGAAATTCAGCATGGTG,0,150404
TSS_4654_wanner_regulondb,0.5,1,1,CCAGGAAATTCAGCATGGTC,0,150414
TSS_4654_wanner_regulondb,0.5,1,1,CCAGCTTTGTTTTGGTGGGT,0,150545
TSS_4654_wanner_regulondb,0.5,1,1,CCAGCGCGCTGGAGCCTCAA,0,152291
TSS_4654_wanner_regulondb,0.5,1,1,CCAGCCCCAGTGGGTACGAA,0,157396
TSS_4654_wanner_regulondb,0.5,1,1,CCAGACTAAGACACTTTCTC,0,164902
TSS_4654_wanner_regulondb,0.5,1,1,CCAGACCCATACAATAAGTC,0,147870
TSS_4654_wanner_regulondb,0.5,1,1,CCAGACAAGTGTCCGGAATG,0,144511
TSS_4654_wanner_regulondb,0.5,1,1,CCAGAATAGACCAGCATATC,0,139778
TSS_4654_wanner_regulondb,0.5,1,1,CCACTCGGTCGGTGTCCTAG,0,163821
TSS_4654_wanner_regulondb,0.5,1,1,CCACTACCTAGAGCTTCAAA,0,165718
TSS_4654_wanner_regulondb,0.5,1,1,CCACTACCCATGCTATAACC,0,149946
TSS_4654_wanner_regulondb,0.5,1,1,CCACGGCCCTTCACAGAGAA,0,129079
TSS_4654_wanner_regulondb,0.5,1,1,CCACGGCAAACGAGTTCAAT,0,164032
TSS_4654_wanner_regulondb,0.5,1,1,CCACGCGGTTCTATCCAAAC,0,126195
TSS_4654_wanner_regulondb,0.5,1,1,CCACGCCGGGCTGTTGAATG,0,128855
TSS_4654_wanner_regulondb,0.5,1,1,CCACCCGTCGCATGCGGCTG,0,158538
TSS_4654_wanner_regulondb,0.5,1,1,CCACACTGGTTCCATTATAT,0,129201
TSS_4654_wanner_regulondb,0.5,1,1,CCACAACATGAGACGGGCCT,0,158624
TSS_4654_wanner_regulondb,0.5,1,1,CCAATGCGGTTTTTCTATTT,0,143276
TSS_4654_wanner_regulondb,0.5,1,1,CCAATGAAGGCCCCTTCTAC,0,158654
TSS_4654_wanner_regulondb,0.5,1,1,CCAATCGACGTGGGGAAGAG,0,150782
TSS_4654_wanner_regulondb,0.5,1,1,CCAATCCATCGCGGGGCCGG,0,127656
TSS_4654_wanner_regulondb,0.5,1,1,CCAATCACCTCGAAGGCATG,0,172272
TSS_4654_wanner_regulondb,0.5,1,1,CCAAGTTTTATCTTGGTAAG,0,133887
TSS_4654_wanner_regulondb,0.5,1,1,CCAAGTAAACCTCATAGATA,0,155636
TSS_4654_wanner_regulondb,0.5,1,1,CCAAGTAAAAGGTGATCCGA,0,149057
TSS_4654_wanner_regulondb,0.5,1,1,CCAAGGTTCAACGCCACTCG,0,162391
TSS_4654_wanner_regulondb,0.5,1,1,CCAACTGAGATAAAAGAATT,0,139840
TSS_4654_wanner_regulondb,0.5,1,1,CCAACGTTCCGAATACACCT,0,162557
TSS_4654_wanner_regulondb,0.5,1,1,CCAACGGCCTGTATTTTGAT,0,132152
TSS_4654_wanner_regulondb,0.5,1,1,CCAACCGACCGAAACGAAGC,0,149774
TSS_4654_wanner_regulondb,0.5,1,1,CCAACCCGAAAGATAAAGAA,0,135913
TSS_4654_wanner_regulondb,0.5,1,1,CCAACAGCATTGGCATGTAT,0,172617
TSS_4654_wanner_regulondb,0.5,1,1,CCAAAGGTTTCAGCTTGCCT,0,126517
TSS_4654_wanner_regulondb,0.5,1,1,CCAAACTGCGGCAGTGACAG,0,137682
TSS_4654_wanner_regulondb,0.5,1,1,CATTTCCAAGGGAAGGTGTT,0,167981
TSS_4654_wanner_regulondb,0.5,1,1,CATTTCACTCTAGAGGGAGT,0,148772
TSS_4654_wanner_regulondb,0.5,1,1,CATTGTGCCCTACACCTTAC,0,135412
TSS_4654_wanner_regulondb,0.5,1,1,CATTGGCCACCTGGTGGCGT,0,167833
TSS_4654_wanner_regulondb,0.5,1,1,CATTGGAATCACGGTGAAGA,0,171088
TSS_4654_wanner_regulondb,0.5,1,1,CATTGAGCATTCAGTTACTC,0,137571
TSS_4654_wanner_regulondb,0.5,1,1,CATTCTACGACGAGCAAGTT,0,142779
TSS_4654_wanner_regulondb,0.5,1,1,CATTCAGCCTTTCTACATTA,0,147973
TSS_4654_wanner_regulondb,0.5,1,1,CATTATGATTTGCCCTAAAT,0,160481
TSS_4654_wanner_regulondb,0.5,1,1,CATTATCACGCGAGGCTCGT,0,168580
TSS_4654_wanner_regulondb,0.5,1,1,CATGTAAATCGTCGAAGAGT,0,166039
TSS_4654_wanner_regulondb,0.5,1,1,CATGGTTACAAGGATCCGAT,0,162843
TSS_4654_wanner_regulondb,0.5,1,1,CATGGCCTGCAAAATCCCCA,0,136067
TSS_4654_wanner_regulondb,0.5,1,1,CATGCACGTTGACAGTATAT,0,144468
TSS_4654_wanner_regulondb,0.5,1,1,CATGCAAGCGTTTAGGGAGG,0,154369
TSS_4654_wanner_regulondb,0.5,1,1,CATGAACGAGCTACCGGTTT,0,159530
TSS_4654_wanner_regulondb,0.5,1,1,CATCTCGGGGCACTTGTTCG,0,146074
TSS_4654_wanner_regulondb,0.5,1,1,CATCTCAGGCGAGTCAGTGA,0,150762
TSS_4654_wanner_regulondb,0.5,1,1,CATCGTTATAGTCCGACAAA,0,170771
TSS_4654_wanner_regulondb,0.5,1,1,CATCCAGTGCGTAACGAGAT,0,139541
TSS_4654_wanner_regulondb,0.5,1,1,CATCCAGCTTTGTCAAACGT,0,160416
TSS_4654_wanner_regulondb,0.5,1,1,CATCAGCACCCCTATCGTTG,0,137633
TSS_4654_wanner_regulondb,0.5,1,1,CATCACTACAGGACGATTCA,0,157741
TSS_4654_wanner_regulondb,0.5,1,1,CATATGGTAGTACAGTAAGC,0,165246
TSS_4654_wanner_regulondb,0.5,1,1,CATATCTGCGATACACTTCG,0,136454
TSS_4654_wanner_regulondb,0.5,1,1,CATATATTGGGATTAGGGCT,0,126596
TSS_4654_wanner_regulondb,0.5,1,1,CATATAGTAGTTCACAACTA,0,132693
TSS_4654_wanner_regulondb,0.5,1,1,CATAGTCTGGTCATTCGGCT,0,140683
TSS_4654_wanner_regulondb,0.5,1,1,CATAGGTATGTCCATGGACG,0,157163
TSS_4654_wanner_regulondb,0.5,1,1,CATAGGAAGGGAGCCCACTG,0,167116
TSS_4654_wanner_regulondb,0.5,1,1,CATACCGACAGCTTCGTCGG,0,157561
TSS_4654_wanner_regulondb,0.5,1,1,CATAATCAGGCGGAGTAGGT,0,149366
TSS_4654_wanner_regulondb,0.5,1,1,CATAATCAGACTCGCTATCT,0,144674
TSS_4654_wanner_regulondb,0.5,1,1,CAGTTGTTATGTTACAAACG,0,171428
TSS_4654_wanner_regulondb,0.5,1,1,CAGTTGTTATGGTATTGCGC,0,153221
TSS_4654_wanner_regulondb,0.5,1,1,CAGTGTTAAACTGTTACTTT,0,136725
TSS_4654_wanner_regulondb,0.5,1,1,CAGTGTGGCGATGGACTATC,0,149842
TSS_4654_wanner_regulondb,0.5,1,1,CAGTGTAGCAAGCGAATAGA,0,152469
TSS_4654_wanner_regulondb,0.5,1,1,CAGTCTTACCTTAATAAGCT,0,160063
TSS_4654_wanner_regulondb,0.5,1,1,CAGTCTTAATGCCGGTTGTT,0,154136
TSS_4654_wanner_regulondb,0.5,1,1,CAGTCTGGTGTACTTCGTAT,0,173001
TSS_4654_wanner_regulondb,0.5,1,1,CAGTAATTACGAGAAATGCG,0,133950
TSS_4654_wanner_regulondb,0.5,1,1,CAGGTTTTCGTGCATTGAGT,0,172568
TSS_4654_wanner_regulondb,0.5,1,1,CAGGTGGACCTGCCGAAGTA,0,139771
TSS_4654_wanner_regulondb,0.5,1,1,CAGGTGATAGCCAGTGGGTT,0,139305
TSS_4654_wanner_regulondb,0.5,1,1,CAGGTGAACCGCTCACGACT,0,158644
TSS_4654_wanner_regulondb,0.5,1,1,CAGGTCTCTTATGACAACGG,0,150692
TSS_4654_wanner_regulondb,0.5,1,1,CAGGTCATTCTAAGAAGTCC,0,125585
TSS_4654_wanner_regulondb,0.5,1,1,CAGGGGGCCTATATGCAGAA,0,143235
TSS_4654_wanner_regulondb,0.5,1,1,CAGGGGCTAGTTCAAGGCGT,0,154376
TSS_4654_wanner_regulondb,0.5,1,1,CAGGGAGGCTAGGGATTGTC,0,143221
TSS_4654_wanner_regulondb,0.5,1,1,CAGGCTGAATGAGCTCGGGC,0,155405
TSS_4654_wanner_regulondb,0.5,1,1,CAGCGTGTGACGATGACTGG,0,162923
TSS_4654_wanner_regulondb,0.5,1,1,CAGCGGCTAAGGATAATGGA,0,157605
TSS_4654_wanner_regulondb,0.5,1,1,CAGCCTGGGCTAATCATATA,0,159023
TSS_4654_wanner_regulondb,0.5,1,1,CAGCCCACTGTAGCGCCCGC,0,165255
TSS_4654_wanner_regulondb,0.5,1,1,CAGCCACCTTGACATTAAGA,0,150433
TSS_4654_wanner_regulondb,0.5,1,1,CAGCAGTTTATACAACACAA,0,147724
TSS_4654_wanner_regulondb,0.5,1,1,CAGCAGCAGAGCAGTTGAAG,0,146114
TSS_4654_wanner_regulondb,0.5,1,1,CAGCACGTTGACGGCGCATC,0,136993
TSS_4654_wanner_regulondb,0.5,1,1,CAGCACGGGGGCGGCTTTGG,0,140725
TSS_4654_wanner_regulondb,0.5,1,1,CAGCACCAGTAGGTCGAAGC,0,151621
TSS_4654_wanner_regulondb,0.5,1,1,CAGATCTCGACGCCGGCGGG,0,138838
TSS_4654_wanner_regulondb,0.5,1,1,CAGATCCGCTTGCCCACGCC,0,142301
TSS_4654_wanner_regulondb,0.5,1,1,CAGATACGGCATTAACGTGT,0,145340
TSS_4654_wanner_regulondb,0.5,1,1,CAGAGTTTTGGATGTGCGGG,0,140744
TSS_4654_wanner_regulondb,0.5,1,1,CAGAGTTCGTGGATGTGCTC,0,166209
TSS_4654_wanner_regulondb,0.5,1,1,CAGAGTGTGGAATTTAGAGC,0,128588
TSS_4654_wanner_regulondb,0.5,1,1,CAGAGTGACAATGGGTCGCT,0,130384
TSS_4654_wanner_regulondb,0.5,1,1,CAGAGGCTCAGCGTCTTTAT,0,142120
TSS_4654_wanner_regulondb,0.5,1,1,CAGAGGCAAGTGTTACACGA,0,127137
TSS_4654_wanner_regulondb,0.5,1,1,CAGAGGACATTAGCCTAATT,0,152290
TSS_4654_wanner_regulondb,0.5,1,1,CAGAGCTGGATGGAATACAT,0,152256
TSS_4654_wanner_regulondb,0.5,1,1,CAGAGCGGGTCTGTATAGGT,0,143011
TSS_4654_wanner_regulondb,0.5,1,1,CAGAGCGACTCCCATCCGAC,0,127448
TSS_4654_wanner_regulondb,0.5,1,1,CAGAGCCCGCGTGCAAATAC,0,161211
TSS_4654_wanner_regulondb,0.5,1,1,CAGAGCAGCTTCTTTGGGAA,0,146036
TSS_4654_wanner_regulondb,0.5,1,1,CAGACTGTTTCAGCAATATA,0,151923
TSS_4654_wanner_regulondb,0.5,1,1,CAGACCGATCGCGGCAGAAA,0,159536
TSS_4654_wanner_regulondb,0.5,1,1,CAGACAGTGCCTCTCAGCAA,0,168211
TSS_4654_wanner_regulondb,0.5,1,1,CAGACACCTTAAGGCCTAAT,0,146399
TSS_4654_wanner_regulondb,0.5,1,1,CAGAAGTCATGGTGCTCATA,0,146118
TSS_4654_wanner_regulondb,0.5,1,1,CAGAACGCTCTCTGCCGGGG,0,130599
TSS_4654_wanner_regulondb,0.5,1,1,CAGAAATTCCGCGAACGAAA,0,136494
TSS_4654_wanner_regulondb,0.5,1,1,CACTTTGTGTCGAGGAGCTC,0,164305
TSS_4654_wanner_regulondb,0.5,1,1,CACTTTACACCATTAAAGCG,0,162674
TSS_4654_wanner_regulondb,0.5,1,1,CACTTGGGGAGATCAATTTT,0,149303
TSS_4654_wanner_regulondb,0.5,1,1,CACTTATTGTTTCTGGTTCT,0,145859
TSS_4654_wanner_regulondb,0.5,1,1,CACTTATGCCTATTACAAGT,0,133591
TSS_4654_wanner_regulondb,0.5,1,1,CACTTAGACGTTGGTCGCTG,0,135828
TSS_4654_wanner_regulondb,0.5,1,1,CACTTAAGACGCTGATTGCG,0,147931
TSS_4654_wanner_regulondb,0.5,1,1,CACTGGTCTTTCGTAATCGG,0,170280
TSS_4654_wanner_regulondb,0.5,1,1,CACTGCGGATACCGAATGTT,0,163619
TSS_4654_wanner_regulondb,0.5,1,1,CACTGACACCGATAAATCAC,0,126472
TSS_4654_wanner_regulondb,0.5,1,1,CACTCTTTAGGACATTCCAC,0,151333
TSS_4654_wanner_regulondb,0.5,1,1,CACTCTCGCTCTGCAACAAT,0,150757
TSS_4654_wanner_regulondb,0.5,1,1,CACTCGGCTGCTGTGCACGC,0,135789
TSS_4654_wanner_regulondb,0.5,1,1,CACTCGACTGCACAAGGAGG,0,166752
TSS_4654_wanner_regulondb,0.5,1,1,CACTATCACACATGCGTCTA,0,149341
TSS_4654_wanner_regulondb,0.5,1,1,CACTACTGTCCCTCGACCGG,0,150559
TSS_4654_wanner_regulondb,0.5,1,1,CACGTTCGTCGTGCACGGGA,0,150193
TSS_4654_wanner_regulondb,0.5,1,1,CACGTATCACCGGCTGCAAC,0,148542
TSS_4654_wanner_regulondb,0.5,1,1,CACGTAGGGGTGTACACTCT,0,146678
TSS_4654_wanner_regulondb,0.5,1,1,CACGTAAGCGTATAATTCAA,0,174545
TSS_4654_wanner_regulondb,0.5,1,1,CACGGTTGGACATTGCAGGA,0,168819
TSS_4654_wanner_regulondb,0.5,1,1,CACGGTCGCAGACCTTAATT,0,146227
TSS_4654_wanner_regulondb,0.5,1,1,CACGGCTTGATTTGGCTGCA,0,139646
TSS_4654_wanner_regulondb,0.5,1,1,CACGCTGGTTCTCGAAGCAA,0,139317
TSS_4654_wanner_regulondb,0.5,1,1,CACGCTCATGAAATCAAATT,0,158378
TSS_4654_wanner_regulondb,0.5,1,1,CACGCTAATAAACCTTGCTA,0,125263
TSS_4654_wanner_regulondb,0.5,1,1,CACGCAGTCAGGGTTTGTAA,0,131572
TSS_4654_wanner_regulondb,0.5,1,1,CACGCACGCTATCCCCCGGA,0,166402
TSS_4654_wanner_regulondb,0.5,1,1,CACGAGGGCTTGAGGATGCA,0,130282
TSS_4654_wanner_regulondb,0.5,1,1,CACGACTTTAGTAGATCTGC,0,172181
TSS_4654_wanner_regulondb,0.5,1,1,CACGAAGATGACTTAACGTG,0,171332
TSS_4654_wanner_regulondb,0.5,1,1,CACGAAGAGGGTTGGCGAGT,0,167322
TSS_4654_wanner_regulondb,0.5,1,1,CACCTTGTGTCACCTTGAAC,0,159494
TSS_4654_wanner_regulondb,0.5,1,1,CACCTGGCCGTCGAAAAGCA,0,162302
TSS_4654_wanner_regulondb,0.5,1,1,CACCTAACACTATTACAAAA,0,130528
TSS_4654_wanner_regulondb,0.5,1,1,CACCTAAAGCATTCACTATG,0,129781
TSS_4654_wanner_regulondb,0.5,1,1,CACCGGATTTACCAAGTCTC,0,139119
TSS_4654_wanner_regulondb,0.5,1,1,CACCGCGTAACTGGGATAGT,0,132264
TSS_4654_wanner_regulondb,0.5,1,1,CACCGCGCTGCTTATTCCGG,0,155949
TSS_4654_wanner_regulondb,0.5,1,1,CACCGATTTTAAGGTCGCCT,0,132353
TSS_4654_wanner_regulondb,0.5,1,1,CACCATTGGACAAAAGCATC,0,131636
TSS_4654_wanner_regulondb,0.5,1,1,CACCATTAAGACCGTGAGTC,0,152008
TSS_4654_wanner_regulondb,0.5,1,1,CACCAATCGCCATGCCACGT,0,144026
TSS_4654_wanner_regulondb,0.5,1,1,CACCAAGTTCGACAGTAATG,0,140381
TSS_4654_wanner_regulondb,0.5,1,1,CACCAAGGTTACTAAGAGCG,0,166439
TSS_4654_wanner_regulondb,0.5,1,1,CACCAAATGCTGCGCAGCCC,0,129578
TSS_4654_wanner_regulondb,0.5,1,1,CACATGCCCGCTCTCTCGTA,0,137424
TSS_4654_wanner_regulondb,0.5,1,1,CACATCAGGCGGTATGAGTT,0,160376
TSS_4654_wanner_regulondb,0.5,1,1,CACAGGTACGCTTACGGGAC,0,126007
TSS_4654_wanner_regulondb,0.5,1,1,CACAGGAGTTATCAAAGGGG,0,146016
TSS_4654_wanner_regulondb,0.5,1,1,CACAGAACGTGTTTTGATTT,0,157674
TSS_4654_wanner_regulondb,0.5,1,1,CACACGTCATCGATAGCTCT,0,140721
TSS_4654_wanner_regulondb,0.5,1,1,CACACACGGATGATCAGGCA,0,142905
TSS_4654_wanner_regulondb,0.5,1,1,CACAATGCAGAAAACCCAGC,0,151848
TSS_4654_wanner_regulondb,0.5,1,1,CACAACGTCCGGACTGACAA,0,138842
TSS_4654_wanner_regulondb,0.5,1,1,CACAAATGACCCGCGGGAGA,0,132263
TSS_4654_wanner_regulondb,0.5,1,1,CACAAAAATGCTCTAAAAAG,0,151021
TSS_4654_wanner_regulondb,0.5,1,1,CAATTTGAGTTGAGGTCTTA,0,150298
TSS_4654_wanner_regulondb,0.5,1,1,CAATTGTTAGACTTCACCGA,0,133855
TSS_4654_wanner_regulondb,0.5,1,1,CAATTCTTTGAATTCGAACT,0,132779
TSS_4654_wanner_regulondb,0.5,1,1,CAATTCATTTAGAGATCACT,0,140621
TSS_4654_wanner_regulondb,0.5,1,1,CAATTACGCCAATACGTTCT,0,130133
TSS_4654_wanner_regulondb,0.5,1,1,CAATGTTTTCATTAGAATGT,0,141081
TSS_4654_wanner_regulondb,0.5,1,1,CAATGATCAGAAATTTGAAA,0,169577
TSS_4654_wanner_regulondb,0.5,1,1,CAATCGGGTTGATATGCGAC,0,169402
TSS_4654_wanner_regulondb,0.5,1,1,CAATCCTATTTCAATAACCA,0,136193
TSS_4654_wanner_regulondb,0.5,1,1,CAATCCGAATAAGCTTAGTG,0,144459
TSS_4654_wanner_regulondb,0.5,1,1,CAATCAATTGTACTTACTTA,0,155804
TSS_4654_wanner_regulondb,0.5,1,1,CAATATGGATTAGAGTCTCT,0,130273
TSS_4654_wanner_regulondb,0.5,1,1,CAATATGAGCGGGTTGTATA,0,154471
TSS_4654_wanner_regulondb,0.5,1,1,CAATATCAGGGTCGAGTCTT,0,149043
TSS_4654_wanner_regulondb,0.5,1,1,CAATATCAAAAACGAGAGCT,0,152031
TSS_4654_wanner_regulondb,0.5,1,1,CAATAGTAAACGTTACATCT,0,156104
TSS_4654_wanner_regulondb,0.5,1,1,CAATACAGACTGTACACAAA,0,172846
TSS_4654_wanner_regulondb,0.5,1,1,CAATAAATTTCTACCCGTCG,0,141650
TSS_4654_wanner_regulondb,0.5,1,1,CAAGTTTGCGATGTAGACCC,0,141455
TSS_4654_wanner_regulondb,0.5,1,1,CAAGGTTTGTTTTTTCGGGT,0,146149
TSS_4654_wanner_regulondb,0.5,1,1,CAAGGTTCCATCTGAGCCTG,0,143188
TSS_4654_wanner_regulondb,0.5,1,1,CAAGGCACGGGGATGAGTGA,0,153791
TSS_4654_wanner_regulondb,0.5,1,1,CAAGGATGCTCGCGCTGTTT,0,140799
TSS_4654_wanner_regulondb,0.5,1,1,CAAGCTGCTCGCAAAAGTGT,0,161586
TSS_4654_wanner_regulondb,0.5,1,1,CAAGCGCCCATGTGATTCCT,0,157831
TSS_4654_wanner_regulondb,0.5,1,1,CAAGCCCGGTTGCTCTACAT,0,161509
TSS_4654_wanner_regulondb,0.5,1,1,CAAGAGAATGACCTGAAGAG,0,140631
TSS_4654_wanner_regulondb,0.5,1,1,CAAGAATTGGAGTCCTCCAG,0,160085
TSS_4654_wanner_regulondb,0.5,1,1,CAAGAACCGGCCCCAGACGT,0,128339
TSS_4654_wanner_regulondb,0.5,1,1,CAAGAACAAGTGCCAAGCTT,0,133176
TSS_4654_wanner_regulondb,0.5,1,1,CAACTTTCAAGGACCGGGCC,0,133920
TSS_4654_wanner_regulondb,0.5,1,1,CAACTGCTAGGGTTGCAAGG,0,147522
TSS_4654_wanner_regulondb,0.5,1,1,CAACTAGAACATCTTCCGTA,0,149486
TSS_4654_wanner_regulondb,0.5,1,1,CAACGTGTGAAGGAACGGGT,0,131193
TSS_4654_wanner_regulondb,0.5,1,1,CAACGCTTCTCTGGAGGCTG,0,146247
TSS_4654_wanner_regulondb,0.5,1,1,CAACGCGACGAGATCAACTT,0,150897
TSS_4654_wanner_regulondb,0.5,1,1,CAACGAGGTGTTATTTTTTT,0,155930
TSS_4654_wanner_regulondb,0.5,1,1,CAACCGGACCAGGGTTTCCT,0,136225
TSS_4654_wanner_regulondb,0.5,1,1,CAACCCGGGATTTTCACGAC,0,171594
TSS_4654_wanner_regulondb,0.5,1,1,CAACCCATCCGCACAGGGTT,0,134888
TSS_4654_wanner_regulondb,0.5,1,1,CAACCAGGGAGATGGCGGCT,0,137140
TSS_4654_wanner_regulondb,0.5,1,1,CAACATCGGGGGAATGGGTA,0,139389
TSS_4654_wanner_regulondb,0.5,1,1,CAACACGTTGATGACGGTAG,0,160601
TSS_4654_wanner_regulondb,0.5,1,1,CAAATGGGATAACCGACATG,0,126993
TSS_4654_wanner_regulondb,0.5,1,1,CAAATCCCGGGGTATATCGA,0,165967
TSS_4654_wanner_regulondb,0.5,1,1,CAAAGTTGACTACCGAGTTG,0,162936
TSS_4654_wanner_regulondb,0.5,1,1,CAAAGGAACCTTGCTACTAA,0,140975
TSS_4654_wanner_regulondb,0.5,1,1,CAAAGCGTGGTTAAAAAAAC,0,142939
TSS_4654_wanner_regulondb,0.5,1,1,CAAACGAGGCCGGGTGTGGT,0,152786
TSS_4654_wanner_regulondb,0.5,1,1,CAAACAATGCGTAGATAGTG,0,130482
TSS_4654_wanner_regulondb,0.5,1,1,CAAAATGGGGCACCCCGGAT,0,145809
TSS_4654_wanner_regulondb,0.5,1,1,CAAAAGGGGTGGAGGCTATG,0,157820
TSS_4654_wanner_regulondb,0.5,1,1,CAAAAAAGAGTTCAGTTGAA,0,146054
TSS_4654_wanner_regulondb,0.5,1,1,ATTTTTTAGTCCAGATTCAT,0,160104
TSS_4654_wanner_regulondb,0.5,1,1,ATTTTCCGCTTTGTAAATTA,0,141282
TSS_4654_wanner_regulondb,0.5,1,1,ATTTTAACAACTGGTTCCGT,0,149406
TSS_4654_wanner_regulondb,0.5,1,1,ATTTGTAGCACATTCATGCT,0,148129
TSS_4654_wanner_regulondb,0.5,1,1,ATTTGTAGCACATCCATACT,0,147410
TSS_4654_wanner_regulondb,0.5,1,1,ATTTGGCAAAATCGATTTTG,0,136476
TSS_4654_wanner_regulondb,0.5,1,1,ATTTGGACCGAAAATGATTC,0,160394
TSS_4654_wanner_regulondb,0.5,1,1,ATTTCGTGGTCCATTTCTTT,0,139521
TSS_4654_wanner_regulondb,0.5,1,1,ATTTCGGCCCGGATTCGAAA,0,149371
TSS_4654_wanner_regulondb,0.5,1,1,ATTTCGGAAAAGTGACTCGT,0,138705
TSS_4654_wanner_regulondb,0.5,1,1,ATTTATTTTCATGAGGATGT,0,166678
TSS_4654_wanner_regulondb,0.5,1,1,ATTTATGTAGGCACTGATCA,0,157726
TSS_4654_wanner_regulondb,0.5,1,1,ATTTATGCAAATTGTCTAGT,0,144840
TSS_4654_wanner_regulondb,0.5,1,1,ATTTATCTCGGTCTTTTGGT,0,144066
TSS_4654_wanner_regulondb,0.5,1,1,ATTTATATGAGCACTCTGAG,0,143451
TSS_4654_wanner_regulondb,0.5,1,1,ATTTAGAAGAGAAGCTACTT,0,155907
TSS_4654_wanner_regulondb,0.5,1,1,ATTTACTGAAGGGGCTTACT,0,126937
TSS_4654_wanner_regulondb,0.5,1,1,ATTTAATCAGAACTGTTTCA,0,164004
TSS_4654_wanner_regulondb,0.5,1,1,ATTTAAGCATGTAGACCAAA,0,166500
TSS_4654_wanner_regulondb,0.5,1,1,ATTTAAAATGCTCCCCCATG,0,167605
TSS_4654_wanner_regulondb,0.5,1,1,ATTGTGATATTCTCTTTTTC,0,156711
TSS_4654_wanner_regulondb,0.5,1,1,ATTGTATGAAACTATCTGAC,0,162088
TSS_4654_wanner_regulondb,0.5,1,1,ATTGTACTTCGTTATCGGCC,0,139888
TSS_4654_wanner_regulondb,0.5,1,1,ATTGTACTGATTACTCTTGT,0,136443
TSS_4654_wanner_regulondb,0.5,1,1,ATTGGGTTTCAAGATTCGTT,0,165043
TSS_4654_wanner_regulondb,0.5,1,1,ATTGGGCTCTTTTATGATCA,0,140984
TSS_4654_wanner_regulondb,0.5,1,1,ATTGGGCAGTATCCTTAAGT,0,157178
TSS_4654_wanner_regulondb,0.5,1,1,ATTGGCAATCCCACCCATAT,0,152699
TSS_4654_wanner_regulondb,0.5,1,1,ATTGCGCCCGTCTCGAGCTT,0,132576
TSS_4654_wanner_regulondb,0.5,1,1,ATTGCCGCTTATTGTTAATC,0,150057
TSS_4654_wanner_regulondb,0.5,1,1,ATTGCCCCACGTGCGCGATA,0,133279
TSS_4654_wanner_regulondb,0.5,1,1,ATTGCAGAATCTGTGCAAAA,0,160789
TSS_4654_wanner_regulondb,0.5,1,1,ATTGAGTGCGAATAGTTATT,0,135672
TSS_4654_wanner_regulondb,0.5,1,1,ATTGAGGTTGCTAACAGTAA,0,171186
TSS_4654_wanner_regulondb,0.5,1,1,ATTGACTCCCCTGGACATAG,0,137954
TSS_4654_wanner_regulondb,0.5,1,1,ATTGACGTGTTATACTTCGG,0,145379
TSS_4654_wanner_regulondb,0.5,1,1,ATTGACGACCACAGCCCATT,0,142150
TSS_4654_wanner_regulondb,0.5,1,1,ATTCTTTTTGGTAGGAGTAA,0,166207
TSS_4654_wanner_regulondb,0.5,1,1,ATTCTTTGGACTAGACATTA,0,144751
TSS_4654_wanner_regulondb,0.5,1,1,ATTCTCAGCTTTGAATACCC,0,126933
TSS_4654_wanner_regulondb,0.5,1,1,ATTCTAACAATATCATGATA,0,170624
TSS_4654_wanner_regulondb,0.5,1,1,ATTCGACAGGTCAGCGATTA,0,141865
TSS_4654_wanner_regulondb,0.5,1,1,ATTCGAAAGGTTAAGCCCAA,0,153870
TSS_4654_wanner_regulondb,0.5,1,1,ATTCCTACACCATAAACTTT,0,139722
TSS_4654_wanner_regulondb,0.5,1,1,ATTCCGCAGACATACGAGAT,0,125848
TSS_4654_wanner_regulondb,0.5,1,1,ATTCAATGAGTCGGGACAAG,0,129438
TSS_4654_wanner_regulondb,0.5,1,1,ATTCAAGGTCGTCTAGGACG,0,168461
TSS_4654_wanner_regulondb,0.5,1,1,ATTATTGGTGAGGTTTGTGG,0,166630
TSS_4654_wanner_regulondb,0.5,1,1,ATTATTGCCATTTCTAGAAG,0,166529
TSS_4654_wanner_regulondb,0.5,1,1,ATTAGGGAATCTCATTCTCC,0,148498
TSS_4654_wanner_regulondb,0.5,1,1,ATTAGATGATCCCAAATCCA,0,130912
TSS_4654_wanner_regulondb,0.5,1,1,ATTACGGGGGCAAGCAGAGG,0,148046
TSS_4654_wanner_regulondb,0.5,1,1,ATTACCGCTGTGCGCTTTTA,0,130911
TSS_4654_wanner_regulondb,0.5,1,1,ATTACAACTCACTTGTAGGC,0,164200
TSS_4654_wanner_regulondb,0.5,1,1,ATGTTTTCTTACAAGCCGCT,0,142854
TSS_4654_wanner_regulondb,0.5,1,1,ATGTTTTAAGTAGGATTTGA,0,160175
TSS_4654_wanner_regulondb,0.5,1,1,ATGTGTGCAAATAATAGTTT,0,153731
TSS_4654_wanner_regulondb,0.5,1,1,ATGTGTAGACGCGTTGACGG,0,157256
TSS_4654_wanner_regulondb,0.5,1,1,ATGTGTACTTAATCCGCACA,0,151886
TSS_4654_wanner_regulondb,0.5,1,1,ATGTGGTGTGTTCCGTCTAA,0,149764
TSS_4654_wanner_regulondb,0.5,1,1,ATGTGAGGTCTTAGTGTGAT,0,153154
TSS_4654_wanner_regulondb,0.5,1,1,ATGTGACTGTCCGGTCTAAT,0,142788
TSS_4654_wanner_regulondb,0.5,1,1,ATGTCTGGATGACGGTATGT,0,159996
TSS_4654_wanner_regulondb,0.5,1,1,ATGTCCGAGTATGGCCCAAA,0,137314
TSS_4654_wanner_regulondb,0.5,1,1,ATGTACGTGTAAGGGACTGC,0,137438
TSS_4654_wanner_regulondb,0.5,1,1,ATGTACAGGTGTGCCCGTGG,0,128950
TSS_4654_wanner_regulondb,0.5,1,1,ATGTAATGTTTATAATGCGA,0,140322
TSS_4654_wanner_regulondb,0.5,1,1,ATGTAACGAAATGGTGGCTG,0,167599
TSS_4654_wanner_regulondb,0.5,1,1,ATGTAAAAAGCGTGAAACCA,0,156115
TSS_4654_wanner_regulondb,0.5,1,1,ATGGTTTTCTTTACATCTAA,0,145729
TSS_4654_wanner_regulondb,0.5,1,1,ATGGTTCCATTCTAAGGTGG,0,139822
TSS_4654_wanner_regulondb,0.5,1,1,ATGGTGAGGCGTTCCGAATG,0,164005
TSS_4654_wanner_regulondb,0.5,1,1,ATGGTCGCATGGTTTATCCC,0,169452
TSS_4654_wanner_regulondb,0.5,1,1,ATGGTCACTGGTCTTCTGGA,0,169204
TSS_4654_wanner_regulondb,0.5,1,1,ATGGTAACAGGAACTGCCTA,0,130469
TSS_4654_wanner_regulondb,0.5,1,1,ATGGGTTGTGCCGAGTTCAA,0,174145
TSS_4654_wanner_regulondb,0.5,1,1,ATGGGTTCATCAGTCAAACT,0,143026
TSS_4654_wanner_regulondb,0.5,1,1,ATGGGTGTCTATAAGCATTG,0,135196
TSS_4654_wanner_regulondb,0.5,1,1,ATGGGTGCCCGTTTCCAAGG,0,126736
TSS_4654_wanner_regulondb,0.5,1,1,ATGGGGTTCGGGGTGATTAG,0,159860
TSS_4654_wanner_regulondb,0.5,1,1,ATGGGCGCCATCAATGTTGT,0,166093
TSS_4654_wanner_regulondb,0.5,1,1,ATGGCTGCTAACACGGCCAA,0,141699
TSS_4654_wanner_regulondb,0.5,1,1,ATGGCTCGTACTTTTTGACC,0,137918
TSS_4654_wanner_regulondb,0.5,1,1,ATGGCGGTTCACCGAGCTAC,0,160848
TSS_4654_wanner_regulondb,0.5,1,1,ATGCTTTCTTTGTATAATTT,0,150653
TSS_4654_wanner_regulondb,0.5,1,1,ATGCTTCAGCTACTTGGTGT,0,159534
TSS_4654_wanner_regulondb,0.5,1,1,ATGCTCCATGCCGCGGAACC,0,167874
TSS_4654_wanner_regulondb,0.5,1,1,ATGCTCCACTACATAATACG,0,136576
TSS_4654_wanner_regulondb,0.5,1,1,ATGCTCAGTGTGTGAAAGCG,0,142619
TSS_4654_wanner_regulondb,0.5,1,1,ATGCGTGCAAATTTTAATAT,0,141655
TSS_4654_wanner_regulondb,0.5,1,1,ATGCGGACGGCTTATCATCA,0,144144
TSS_4654_wanner_regulondb,0.5,1,1,ATGCGATGTTCACCTCTCCA,0,127034
TSS_4654_wanner_regulondb,0.5,1,1,ATGCCCGTCAGCGGACTCGG,0,161380
TSS_4654_wanner_regulondb,0.5,1,1,ATGCCCGGATTGCTGTGCAT,0,146730
TSS_4654_wanner_regulondb,0.5,1,1,ATGCCCGAGCCGGATAAAAA,0,143522
TSS_4654_wanner_regulondb,0.5,1,1,ATGCCCCCTCCAGAGAGGTT,0,132709
TSS_4654_wanner_regulondb,0.5,1,1,ATGCCCAGTTTTTAGCCGCA,0,144717
TSS_4654_wanner_regulondb,0.5,1,1,ATGCCATCCATAGGTAGTCA,0,132538
TSS_4654_wanner_regulondb,0.5,1,1,ATGCCACGATATGCCACTCT,0,130854
TSS_4654_wanner_regulondb,0.5,1,1,ATGCATGAGGGACTGCCGCT,0,152507
TSS_4654_wanner_regulondb,0.5,1,1,ATGCATAAGGGTGCAGAATG,0,150884
TSS_4654_wanner_regulondb,0.5,1,1,ATGCAGTAATCGTTTGGCCC,0,138422
TSS_4654_wanner_regulondb,0.5,1,1,ATGCAATGCAGACTTAGTGT,0,133024
TSS_4654_wanner_regulondb,0.5,1,1,ATGATGTGCTTCTTTTAAGA,0,150015
TSS_4654_wanner_regulondb,0.5,1,1,ATGATCGCATCTGGTAGCGA,0,131909
TSS_4654_wanner_regulondb,0.5,1,1,ATGATCGACAAAGGATAGAC,0,126471
TSS_4654_wanner_regulondb,0.5,1,1,ATGATATTCTGGTTCCCGGA,0,156111
TSS_4654_wanner_regulondb,0.5,1,1,ATGATAGGACGATGACCAGT,0,138625
TSS_4654_wanner_regulondb,0.5,1,1,ATGATAGACTTGATCGGCCG,0,159281
TSS_4654_wanner_regulondb,0.5,1,1,ATGAGGTCGTATAGTTGCAT,0,129767
TSS_4654_wanner_regulondb,0.5,1,1,ATGAGGCTTTAGCTGCACCG,0,126586
TSS_4654_wanner_regulondb,0.5,1,1,ATGACTATCAACGTCCAGGC,0,151092
TSS_4654_wanner_regulondb,0.5,1,1,ATGACGTGACCTGGGTCATG,0,143309
TSS_4654_wanner_regulondb,0.5,1,1,ATGACGTAACTTAGCATAAT,0,147916
TSS_4654_wanner_regulondb,0.5,1,1,ATGACATGTCAAGACACATG,0,146714
TSS_4654_wanner_regulondb,0.5,1,1,ATGAATGACAGCGAACCTGT,0,152741
TSS_4654_wanner_regulondb,0.5,1,1,ATGAATCGATCTCGAGGCCA,0,171546
TSS_4654_wanner_regulondb,0.5,1,1,ATGAATCAGACCGTCCCCGG,0,162108
TSS_4654_wanner_regulondb,0.5,1,1,ATGAAGGTAAAGCGGGCTCA,0,148132
TSS_4654_wanner_regulondb,0.5,1,1,ATGAAGATTTTCTTACCATT,0,126492
TSS_4654_wanner_regulondb,0.5,1,1,ATGAAGACGAGTTAGGTCAC,0,163926
TSS_4654_wanner_regulondb,0.5,1,1,ATGAAAGGTGTTTGCTCCGC,0,157251
TSS_4654_wanner_regulondb,0.5,1,1,ATGAAACCACGCGTAGTCGT,0,129316
TSS_4654_wanner_regulondb,0.5,1,1,ATCTTGACCCGTTCCGATGG,0,139462
TSS_4654_wanner_regulondb,0.5,1,1,ATCTTCTCGATAAGTCTTTT,0,128681
TSS_4654_wanner_regulondb,0.5,1,1,ATCTTAGCTGGTCGGGACTT,0,157438
TSS_4654_wanner_regulondb,0.5,1,1,ATCTGTGGTGACTCATCGGG,0,154604
TSS_4654_wanner_regulondb,0.5,1,1,ATCTGTAGGTCTACGCGCAT,0,133317
TSS_4654_wanner_regulondb,0.5,1,1,ATCTGGAGGGGTGCTACACT,0,125827
TSS_4654_wanner_regulondb,0.5,1,1,ATCTGACCAGGCTATGTTAT,0,172715
TSS_4654_wanner_regulondb,0.5,1,1,ATCTCTAAACCCCAATATTT,0,126474
TSS_4654_wanner_regulondb,0.5,1,1,ATCTCGTGTCCTCCTCGCAT,0,172145
TSS_4654_wanner_regulondb,0.5,1,1,ATCTCGGCATCCCGACTTTT,0,173970
TSS_4654_wanner_regulondb,0.5,1,1,ATCTCCCCTCCTAATGACTA,0,132064
TSS_4654_wanner_regulondb,0.5,1,1,ATCTCCACCTTTCGGTCTCA,0,147189
TSS_4654_wanner_regulondb,0.5,1,1,ATCTCATCTATGAAACTGGT,0,155087
TSS_4654_wanner_regulondb,0.5,1,1,ATCTCAAGCTGGTTCCGTTA,0,169202
TSS_4654_wanner_regulondb,0.5,1,1,ATCTCAAGCCGTATTTCCGT,0,173019
TSS_4654_wanner_regulondb,0.5,1,1,ATCTATAGGCTTAGATTCAC,0,138933
TSS_4654_wanner_regulondb,0.5,1,1,ATCTACGTGGGTGGTTGGGG,0,167265
TSS_4654_wanner_regulondb,0.5,1,1,ATCTACGCAAATCCAGGGCG,0,127439
TSS_4654_wanner_regulondb,0.5,1,1,ATCGTGTAGCTGTCTTCTGA,0,145867
TSS_4654_wanner_regulondb,0.5,1,1,ATCGTGGACTCCACCCAGTC,0,173987
TSS_4654_wanner_regulondb,0.5,1,1,ATCGGTATTGGTCCAAGGTA,0,143108
TSS_4654_wanner_regulondb,0.5,1,1,ATCGGCGGCAGCTAATTCGC,0,141717
TSS_4654_wanner_regulondb,0.5,1,1,ATCGGCGCCTCGGTGGAGCG,0,142833
TSS_4654_wanner_regulondb,0.5,1,1,ATCGGATGTAGGTGAGCAAG,0,171188
TSS_4654_wanner_regulondb,0.5,1,1,ATCGCTTACGTTAATCTACA,0,167662
TSS_4654_wanner_regulondb,0.5,1,1,ATCGCGGAGGGGTCCTTTGG,0,138288
TSS_4654_wanner_regulondb,0.5,1,1,ATCGCGCATAAGTGGCTAGA,0,151945
TSS_4654_wanner_regulondb,0.5,1,1,ATCGCCTATTGCCGTCCGGA,0,135878
TSS_4654_wanner_regulondb,0.5,1,1,ATCGCCGGCGTTCGCATCGA,0,155232
TSS_4654_wanner_regulondb,0.5,1,1,ATCGCAATAACATGTGCTAT,0,130917
TSS_4654_wanner_regulondb,0.5,1,1,ATCGATTACACGGGATAGGG,0,127758
TSS_4654_wanner_regulondb,0.5,1,1,ATCGATCACATTGTGCTATT,0,142809
TSS_4654_wanner_regulondb,0.5,1,1,ATCGAATTTCAGGCTCATCC,0,152794
TSS_4654_wanner_regulondb,0.5,1,1,ATCGAACGGTGTTGGACAAT,0,173490
TSS_4654_wanner_regulondb,0.5,1,1,ATCCCGAAAGCGCCGCTCGT,0,150856
TSS_4654_wanner_regulondb,0.5,1,1,ATCCCCTGGCTTCGCGAATG,0,148264
TSS_4654_wanner_regulondb,0.5,1,1,ATCCAGCCAACCGATTGATT,0,128505
TSS_4654_wanner_regulondb,0.5,1,1,ATCCACTAACTAACCCCAGT,0,137880
TSS_4654_wanner_regulondb,0.5,1,1,ATCCACGATCCTTGAGGAAC,0,159028
TSS_4654_wanner_regulondb,0.5,1,1,ATCCAACGGATCCGCCCGCT,0,128779
TSS_4654_wanner_regulondb,0.5,1,1,ATCATTCTTCCAGGGTATTG,0,141439
TSS_4654_wanner_regulondb,0.5,1,1,ATCATTACTTGTTTCGGTCC,0,164428
TSS_4654_wanner_regulondb,0.5,1,1,ATCATGGGCCGCCCGCCGGA,0,155805
TSS_4654_wanner_regulondb,0.5,1,1,ATCATGCGCTTATAGAATTA,0,153204
TSS_4654_wanner_regulondb,0.5,1,1,ATCATCACCTTTGCATTATC,0,149337
TSS_4654_wanner_regulondb,0.5,1,1,ATCAGTGCAGCGAATGACGT,0,153688
TSS_4654_wanner_regulondb,0.5,1,1,ATCAGGGGATCGATTGAATG,0,140934
TSS_4654_wanner_regulondb,0.5,1,1,ATCAGCCAGATAGCGAATTT,0,132688
TSS_4654_wanner_regulondb,0.5,1,1,ATCACTGGAGTAAATCGGCT,0,134090
TSS_4654_wanner_regulondb,0.5,1,1,ATCACCCTTCACGACTTAAC,0,168104
TSS_4654_wanner_regulondb,0.5,1,1,ATCAAGGAAGCTCGGGTTCT,0,154787
TSS_4654_wanner_regulondb,0.5,1,1,ATCAAGCGACAGACGGGTTA,0,144878
TSS_4654_wanner_regulondb,0.5,1,1,ATCAACTTTGAGCAGTATAA,0,172003
TSS_4654_wanner_regulondb,0.5,1,1,ATCAAAGTTGATCGCATCTA,0,141749
TSS_4654_wanner_regulondb,0.5,1,1,ATATTTTGGGCATGTGATCC,0,140348
TSS_4654_wanner_regulondb,0.5,1,1,ATATTCTTGGAAAATTCTTG,0,142054
TSS_4654_wanner_regulondb,0.5,1,1,ATATTATCTGGCAAAATTTA,0,134885
TSS_4654_wanner_regulondb,0.5,1,1,ATATGGTGTGCGGTCTTAAA,0,173152
TSS_4654_wanner_regulondb,0.5,1,1,ATATGCAGGGCCATAGGGAT,0,138080
TSS_4654_wanner_regulondb,0.5,1,1,ATATCGTTTTTCTCTCGTCC,0,125715
TSS_4654_wanner_regulondb,0.5,1,1,ATATCGAGGAAATGTTTGTC,0,145201
TSS_4654_wanner_regulondb,0.5,1,1,ATATATTCGGTGCGGCGACC,0,137187
TSS_4654_wanner_regulondb,0.5,1,1,ATATACAAGCCTTGTGCCTT,0,168060
TSS_4654_wanner_regulondb,0.5,1,1,ATATAAGTAATTGATCGCGA,0,162855
TSS_4654_wanner_regulondb,0.5,1,1,ATATAACGGGAACCGTATGA,0,137530
TSS_4654_wanner_regulondb,0.5,1,1,ATAGTTTAAGCATACCACGA,0,170247
TSS_4654_wanner_regulondb,0.5,1,1,ATAGTTCAGACGGTGTTACA,0,135434
TSS_4654_wanner_regulondb,0.5,1,1,ATAGTGGAGTGGAATAGTTT,0,137433
TSS_4654_wanner_regulondb,0.5,1,1,ATAGTACGGCCACATAACTT,0,166190
TSS_4654_wanner_regulondb,0.5,1,1,ATAGTAAGCTACCACTTCTG,0,124990
TSS_4654_wanner_regulondb,0.5,1,1,ATAGGGTAAAGCTCGTGCTA,0,128120
TSS_4654_wanner_regulondb,0.5,1,1,ATAGGGATCTTGATTTGGAG,0,147254
TSS_4654_wanner_regulondb,0.5,1,1,ATAGGATATCGAATCCTGGG,0,126558
TSS_4654_wanner_regulondb,0.5,1,1,ATAGCTTCATAGCAATATAT,0,170777
TSS_4654_wanner_regulondb,0.5,1,1,ATAGCGTCCTCGCTCTCTTG,0,169587
TSS_4654_wanner_regulondb,0.5,1,1,ATAGCCTCGATCAATTATGA,0,143786
TSS_4654_wanner_regulondb,0.5,1,1,ATAGATTCCGTATTCATAGA,0,139893
TSS_4654_wanner_regulondb,0.5,1,1,ATAGATACTTCCCAATTTGT,0,159191
TSS_4654_wanner_regulondb,0.5,1,1,ATAGAGTATAAAATGAGGTC,0,150506
TSS_4654_wanner_regulondb,0.5,1,1,ATAGAGCTGACCGATAGAAG,0,142538
TSS_4654_wanner_regulondb,0.5,1,1,ATAGAACCAACCATAGTAGT,0,135511
TSS_4654_wanner_regulondb,0.5,1,1,ATACTGCGGATGGCGTACAG,0,148448
TSS_4654_wanner_regulondb,0.5,1,1,ATACTAGCCGCGCTCTGACG,0,145456
TSS_4654_wanner_regulondb,0.5,1,1,ATACGTCGGGCTAGAGCCGG,0,152161
TSS_4654_wanner_regulondb,0.5,1,1,ATACCTGGTCCTTCAACCCA,0,146062
TSS_4654_wanner_regulondb,0.5,1,1,ATACCCGTTCTCATCCAGCA,0,159701
TSS_4654_wanner_regulondb,0.5,1,1,ATACCCGACAACTGTCTCAT,0,133844
TSS_4654_wanner_regulondb,0.5,1,1,ATACCAAGCATCGTGTTGCA,0,147756
TSS_4654_wanner_regulondb,0.5,1,1,ATACATCCGGCTTCGACAGG,0,136233
TSS_4654_wanner_regulondb,0.5,1,1,ATACAGGCAATCAAATGCCT,0,170633
TSS_4654_wanner_regulondb,0.5,1,1,ATACAGAGCCCTTCGGTCAC,0,167567
TSS_4654_wanner_regulondb,0.5,1,1,ATACACTTTATTGTCAGGTG,0,134496
TSS_4654_wanner_regulondb,0.5,1,1,ATACACAGGCCAGCTCTGGT,0,141659
TSS_4654_wanner_regulondb,0.5,1,1,ATAATTTCACCCGACTTGAC,0,165522
TSS_4654_wanner_regulondb,0.5,1,1,ATAATGCCCGAGAGGGTTGT,0,128072
TSS_4654_wanner_regulondb,0.5,1,1,ATAATCTCCATAGCTTCATG,0,167603
TSS_4654_wanner_regulondb,0.5,1,1,ATAATCACACTGATGCATTG,0,167444
TSS_4654_wanner_regulondb,0.5,1,1,ATAATATTGGACAACTTTAA,0,150366
TSS_4654_wanner_regulondb,0.5,1,1,ATAATACCCTCCGCAAATCC,0,128798
TSS_4654_wanner_regulondb,0.5,1,1,ATAAGTGCGTTTAGGCGTAT,0,142583
TSS_4654_wanner_regulondb,0.5,1,1,ATAAGCGTTCCCAGCCCTAT,0,168099
TSS_4654_wanner_regulondb,0.5,1,1,ATAACTATCGACCTTGTAAA,0,149193
TSS_4654_wanner_regulondb,0.5,1,1,ATAACTAGGTAAGCGAAAGA,0,170749
TSS_4654_wanner_regulondb,0.5,1,1,ATAACGAGTGGACAAATTCT,0,130779
TSS_4654_wanner_regulondb,0.5,1,1,ATAACAGGAGTTGCGACGCC,0,171834
TSS_4654_wanner_regulondb,0.5,1,1,ATAACACTTCAGCTGTTAAG,0,162787
TSS_4654_wanner_regulondb,0.5,1,1,ATAAATATAAGTGATTCAGA,0,125282
TSS_4654_wanner_regulondb,0.5,1,1,ATAAAGCTAGTGAGATTTGG,0,127755
TSS_4654_wanner_regulondb,0.5,1,1,ATAAAAGGGTGGGTCGCTCT,0,146676
TSS_4654_wanner_regulondb,0.5,1,1,AGTTTGTCGGCTGATAGAAA,0,170815
TSS_4654_wanner_regulondb,0.5,1,1,AGTTTGGTGGCAACTTCTCT,0,134216
TSS_4654_wanner_regulondb,0.5,1,1,AGTTTGCTGGAGCATCATAG,0,146416
TSS_4654_wanner_regulondb,0.5,1,1,AGTTTAGACAAGGCCTCTAA,0,158507
TSS_4654_wanner_regulondb,0.5,1,1,AGTTGGTACGCGTAAGGTAA,0,163582
TSS_4654_wanner_regulondb,0.5,1,1,AGTTGGGGTCCAACATTCTG,0,170081
TSS_4654_wanner_regulondb,0.5,1,1,AGTTGGCAATCTCCCACGCT,0,165465
TSS_4654_wanner_regulondb,0.5,1,1,AGTTGCTCCAGTTGAACACA,0,126100
TSS_4654_wanner_regulondb,0.5,1,1,AGTTGCACGAGCTGAGGAAA,0,153438
TSS_4654_wanner_regulondb,0.5,1,1,AGTTGAGTTTGCCAACGGAT,0,171556
TSS_4654_wanner_regulondb,0.5,1,1,AGTTCGGCAAAACAATAAGA,0,134503
TSS_4654_wanner_regulondb,0.5,1,1,AGTTCGCACAACGTATTGAT,0,135487
TSS_4654_wanner_regulondb,0.5,1,1,AGTTCATAATGCTATGGCGA,0,135508
TSS_4654_wanner_regulondb,0.5,1,1,AGTTATTCAATGCAGGGCAT,0,149340
TSS_4654_wanner_regulondb,0.5,1,1,AGTTATAAGGTGTCCTAGCA,0,136496
TSS_4654_wanner_regulondb,0.5,1,1,AGTTAGTCACCCGATCACCG,0,155309
TSS_4654_wanner_regulondb,0.5,1,1,AGTTAAGAGCGAGAAGGTAC,0,172396
TSS_4654_wanner_regulondb,0.5,1,1,AGTGTTGCGTATTCCCATCT,0,165362
TSS_4654_wanner_regulondb,0.5,1,1,AGTGTGGCCTTATAAACAAC,0,154247
TSS_4654_wanner_regulondb,0.5,1,1,AGTGTGGAGAAACAAGAAGG,0,139720
TSS_4654_wanner_regulondb,0.5,1,1,AGTGTGCAGCATGCAAGCCC,0,149189
TSS_4654_wanner_regulondb,0.5,1,1,AGTGTCTAAAATCTAAGACT,0,154365
TSS_4654_wanner_regulondb,0.5,1,1,AGTGTCCATCATCAGGAAGT,0,152759
TSS_4654_wanner_regulondb,0.5,1,1,AGTGCTTGTCCGGTAAATAA,0,125730
TSS_4654_wanner_regulondb,0.5,1,1,AGTGCTCCATCTGACACGGA,0,173962
TSS_4654_wanner_regulondb,0.5,1,1,AGTGCGTGTATCATATGTTC,0,145888
TSS_4654_wanner_regulondb,0.5,1,1,AGTGATCCAAACCGGAAAGG,0,144303
TSS_4654_wanner_regulondb,0.5,1,1,AGTGAGCCTCTAAACGCTTT,0,138782
TSS_4654_wanner_regulondb,0.5,1,1,AGTGACTTGTCGCGCCACTT,0,152624
TSS_4654_wanner_regulondb,0.5,1,1,AGTGACGGGGCGCGGGTTTC,0,149982
TSS_4654_wanner_regulondb,0.5,1,1,AGTGACAAGCGAGGTCAGAA,0,134775
TSS_4654_wanner_regulondb,0.5,1,1,AGTGAACCGCGGGATGACAC,0,150565
TSS_4654_wanner_regulondb,0.5,1,1,AGTGAAAGGGACATCGCTCG,0,150723
TSS_4654_wanner_regulondb,0.5,1,1,AGTCTCGGGAGTTGTATGGA,0,129905
TSS_4654_wanner_regulondb,0.5,1,1,AGTCGCATGGGTCATGCTGC,0,156538
TSS_4654_wanner_regulondb,0.5,1,1,AGTCGCACCCTGTGTGAGGT,0,142848
TSS_4654_wanner_regulondb,0.5,1,1,AGTCCTATGGCGGAGACGGA,0,128723
TSS_4654_wanner_regulondb,0.5,1,1,AGTCCAGAAATCGTGATTGA,0,154485
TSS_4654_wanner_regulondb,0.5,1,1,AGTCATGTACTCAGGGCGGT,0,154860
TSS_4654_wanner_regulondb,0.5,1,1,AGTCACTGATTGCTCATGTA,0,144393
TSS_4654_wanner_regulondb,0.5,1,1,AGTCACCAGACTTGAAATGT,0,169095
TSS_4654_wanner_regulondb,0.5,1,1,AGTCACATCCTGAAGGTATC,0,162371
TSS_4654_wanner_regulondb,0.5,1,1,AGTCAATCCTGTCTCTGTTG,0,159194
TSS_4654_wanner_regulondb,0.5,1,1,AGTCAACGCCTTTACAAGGT,0,135031
TSS_4654_wanner_regulondb,0.5,1,1,AGTATTTTGGTCCGCTTCCT,0,174199
TSS_4654_wanner_regulondb,0.5,1,1,AGTATGGTCTTATGTATCCT,0,165127
TSS_4654_wanner_regulondb,0.5,1,1,AGTAGTCGTCTTACGTTTCG,0,165375
TSS_4654_wanner_regulondb,0.5,1,1,AGTAGAGTCTCCCCGGCCAC,0,157655
TSS_4654_wanner_regulondb,0.5,1,1,AGTAGACCAGTTCATAGCTC,0,156116
TSS_4654_wanner_regulondb,0.5,1,1,AGTACGTACTGCCTTGACGG,0,146865
TSS_4654_wanner_regulondb,0.5,1,1,AGTACAATGATCTTAGAACC,0,159669
TSS_4654_wanner_regulondb,0.5,1,1,AGTAACAGGCATTGTAATTT,0,151597
TSS_4654_wanner_regulondb,0.5,1,1,AGGTTGCAGTTGATTCCGGA,0,148133
TSS_4654_wanner_regulondb,0.5,1,1,AGGTTCGCCCGAGGTTGCAT,0,155239
TSS_4654_wanner_regulondb,0.5,1,1,AGGTTCCTGTTCGAGACGTT,0,159300
TSS_4654_wanner_regulondb,0.5,1,1,AGGTTCAGTGGCCCGCAGTA,0,159064
TSS_4654_wanner_regulondb,0.5,1,1,AGGTTATGGGGGGGCAATTT,0,151849
TSS_4654_wanner_regulondb,0.5,1,1,AGGTTAAAGGATCCGGTCGC,0,156988
TSS_4654_wanner_regulondb,0.5,1,1,AGGTGGCGTAGTGCCCAAAA,0,171240
TSS_4654_wanner_regulondb,0.5,1,1,AGGTCTGCCGCACTGGTTAA,0,166449
TSS_4654_wanner_regulondb,0.5,1,1,AGGTCGCCAGCTGTTTGAAA,0,141446
TSS_4654_wanner_regulondb,0.5,1,1,AGGTCACGCGTACGAGGGTG,0,142828
TSS_4654_wanner_regulondb,0.5,1,1,AGGTAGCCCCGTCACGAGCG,0,160707
TSS_4654_wanner_regulondb,0.5,1,1,AGGTACCAATGGCATAATAG,0,129729
TSS_4654_wanner_regulondb,0.5,1,1,AGGTACACGTATTCCAAGAT,0,139800
TSS_4654_wanner_regulondb,0.5,1,1,AGGTAATATAAGCAATCCAG,0,145857
TSS_4654_wanner_regulondb,0.5,1,1,AGGTAAGGGGAACCCTTTAT,0,154677
TSS_4654_wanner_regulondb,0.5,1,1,AGGGTGTATGTGTTATTTCA,0,164867
TSS_4654_wanner_regulondb,0.5,1,1,AGGGTAGTATAACCAGGTAT,0,149871
TSS_4654_wanner_regulondb,0.5,1,1,AGGGGTTCAGGTCTCGTTCG,0,161286
TSS_4654_wanner_regulondb,0.5,1,1,AGGGGTCAAAGGCATGTTGC,0,173418
TSS_4654_wanner_regulondb,0.5,1,1,AGGGGGGGGATGATCCTTGA,0,140328
TSS_4654_wanner_regulondb,0.5,1,1,AGGGGCACATGTCCGCCGGG,0,155822
TSS_4654_wanner_regulondb,0.5,1,1,AGGGCGCCGTACGTTTTATT,0,135318
TSS_4654_wanner_regulondb,0.5,1,1,AGGGCCTTAACGCAATGCGA,0,171190
TSS_4654_wanner_regulondb,0.5,1,1,AGGGCCGTTACAAGTTGTCT,0,134430
TSS_4654_wanner_regulondb,0.5,1,1,AGGGATTCAAGGTGTACTAA,0,159620
TSS_4654_wanner_regulondb,0.5,1,1,AGGGATCGACCCTCGCTCCG,0,151004
TSS_4654_wanner_regulondb,0.5,1,1,AGGGAGAGGCGAGTACGGCA,0,160594
TSS_4654_wanner_regulondb,0.5,1,1,AGGGACTACTCCACATTGAT,0,160447
TSS_4654_wanner_regulondb,0.5,1,1,AGGGAAGGTCAGAAAAGGCA,0,149042
TSS_4654_wanner_regulondb,0.5,1,1,AGGCTTCCACAATTGCTGTT,0,159969
TSS_4654_wanner_regulondb,0.5,1,1,AGGCTTACACAGAGGACAAA,0,143469
TSS_4654_wanner_regulondb,0.5,1,1,AGGCTGACGATATTCGGATC,0,136043
TSS_4654_wanner_regulondb,0.5,1,1,AGGCTCAGTGGAGGAGCACT,0,133272
TSS_4654_wanner_regulondb,0.5,1,1,AGGCTAATTGGCTCTCTCTA,0,147124
TSS_4654_wanner_regulondb,0.5,1,1,AGGCGTTTGCTCCTAAACGA,0,165267
TSS_4654_wanner_regulondb,0.5,1,1,AGGCGTCCCACCACGTCTGA,0,157716
TSS_4654_wanner_regulondb,0.5,1,1,AGGCGGAGAATGTTGAGGCT,0,134089
TSS_4654_wanner_regulondb,0.5,1,1,AGGCCGACAAAGTGCCACGA,0,145588
TSS_4654_wanner_regulondb,0.5,1,1,AGGCACCAGACTTTCCGAGT,0,156414
TSS_4654_wanner_regulondb,0.5,1,1,AGGCACATTGCCCGACGATT,0,157165
TSS_4654_wanner_regulondb,0.5,1,1,AGGATTCTAACCACGGAATT,0,143406
TSS_4654_wanner_regulondb,0.5,1,1,AGGATGGAACACCCCGGCGG,0,127781
TSS_4654_wanner_regulondb,0.5,1,1,AGGAGTTTGGGACGGGTGAA,0,133675
TSS_4654_wanner_regulondb,0.5,1,1,AGGAGTCGGAGCTCGGTGTG,0,169802
TSS_4654_wanner_regulondb,0.5,1,1,AGGAGCAGGGAAAATTTGTG,0,154649
TSS_4654_wanner_regulondb,0.5,1,1,AGGACGATTATCCAGACCAG,0,146936
TSS_4654_wanner_regulondb,0.5,1,1,AGGAAGTCCCAACCTTGTCA,0,148516
TSS_4654_wanner_regulondb,0.5,1,1,AGGAACGGACTAGACCCCGT,0,130385
TSS_4654_wanner_regulondb,0.5,1,1,AGGAAATCAGCTTCAGCCGA,0,140670
TSS_4654_wanner_regulondb,0.5,1,1,AGCTTTTAGTAGAAATTGCA,0,131342
TSS_4654_wanner_regulondb,0.5,1,1,AGCTTGTAGTGCGATACCAT,0,143565
TSS_4654_wanner_regulondb,0.5,1,1,AGCTTCTCAATGGATCTACA,0,142627
TSS_4654_wanner_regulondb,0.5,1,1,AGCTTCTACGGATGAGGCAA,0,128346
TSS_4654_wanner_regulondb,0.5,1,1,AGCTTACTTCAGAGTGAGTG,0,133923
TSS_4654_wanner_regulondb,0.5,1,1,AGCTGTTACTAGGTAGTGTC,0,129043
TSS_4654_wanner_regulondb,0.5,1,1,AGCTGGGTCTTGTACTATAT,0,130238
TSS_4654_wanner_regulondb,0.5,1,1,AGCTGAGGTACAACAAACTA,0,156763
TSS_4654_wanner_regulondb,0.5,1,1,AGCTCGTGGCCGGGGATCCA,0,127198
TSS_4654_wanner_regulondb,0.5,1,1,AGCTCGCAAGTCCTTATGGT,0,145177
TSS_4654_wanner_regulondb,0.5,1,1,AGCTACACCGGCTTGATCAG,0,161964
TSS_4654_wanner_regulondb,0.5,1,1,AGCGGTAGTCACAGTAAGCG,0,134531
TSS_4654_wanner_regulondb,0.5,1,1,AGCGGGCCAGTCATAAGGTC,0,149050
TSS_4654_wanner_regulondb,0.5,1,1,AGCGGGAGTGGTGATGAAGG,0,169320
TSS_4654_wanner_regulondb,0.5,1,1,AGCGGCAACTATCAACACAG,0,139565
TSS_4654_wanner_regulondb,0.5,1,1,AGCGGAACAAGGTCGTATCT,0,140240
TSS_4654_wanner_regulondb,0.5,1,1,AGCGGAAAAGGCAATAGGCA,0,132649
TSS_4654_wanner_regulondb,0.5,1,1,AGCGCTGGTCTGCCTGTTCT,0,137912
TSS_4654_wanner_regulondb,0.5,1,1,AGCGCTCTGCAAATGAATGC,0,139591
TSS_4654_wanner_regulondb,0.5,1,1,AGCGCTCTCGCAGGATGATA,0,153775
TSS_4654_wanner_regulondb,0.5,1,1,AGCGATGGGCGGTCCAACAA,0,154660
TSS_4654_wanner_regulondb,0.5,1,1,AGCGATCGGGTGCCTCTAAT,0,157280
TSS_4654_wanner_regulondb,0.5,1,1,AGCCTAGAAATATGGGGTGT,0,162156
TSS_4654_wanner_regulondb,0.5,1,1,AGCCGTCCTGATGCTCATTC,0,168735
TSS_4654_wanner_regulondb,0.5,1,1,AGCCGTATGCTAGTCGAGGT,0,165091
TSS_4654_wanner_regulondb,0.5,1,1,AGCCGCCGCTTGTAGAGATT,0,132351
TSS_4654_wanner_regulondb,0.5,1,1,AGCCCTTACCCGCCATAGTG,0,142896
TSS_4654_wanner_regulondb,0.5,1,1,AGCCAAGGCTTTGAGTAGCC,0,145980
TSS_4654_wanner_regulondb,0.5,1,1,AGCCAAATGTGAGGGCGTAT,0,136634
TSS_4654_wanner_regulondb,0.5,1,1,AGCCAAAATGGGCGTGTCAT,0,125331
TSS_4654_wanner_regulondb,0.5,1,1,AGCATTGATCGGTAACAGGA,0,146075
TSS_4654_wanner_regulondb,0.5,1,1,AGCATCGTACTGTTCGGCAT,0,152160
TSS_4654_wanner_regulondb,0.5,1,1,AGCAGGGCAAGGTCACGGCA,0,170288
TSS_4654_wanner_regulondb,0.5,1,1,AGCACGAAAATAGACACCTT,0,125724
TSS_4654_wanner_regulondb,0.5,1,1,AGCACCTGAGCGATGCGACT,0,160935
TSS_4654_wanner_regulondb,0.5,1,1,AGCAATATGCTAGCAATCGA,0,174963
TSS_4654_wanner_regulondb,0.5,1,1,AGCAAGTGCACGGCTCTCTA,0,129950
TSS_4654_wanner_regulondb,0.5,1,1,AGCAAAACCTACGGTCACTG,0,125473
TSS_4654_wanner_regulondb,0.5,1,1,AGATTTTAGGGGACAGCGAG,0,133480
TSS_4654_wanner_regulondb,0.5,1,1,AGATTTCAGGCCATCTCTAA,0,153689
TSS_4654_wanner_regulondb,0.5,1,1,AGATGTGGGGTGTGGTTGAG,0,148578
TSS_4654_wanner_regulondb,0.5,1,1,AGATGGTTCGGTTGGTCCGT,0,156292
TSS_4654_wanner_regulondb,0.5,1,1,AGATGGAGGCTGGCAGGTGA,0,149248
TSS_4654_wanner_regulondb,0.5,1,1,AGATGCAACTTCTGTGAGAC,0,129447
TSS_4654_wanner_regulondb,0.5,1,1,AGATGAAGCCGGGGCTAGTA,0,142690
TSS_4654_wanner_regulondb,0.5,1,1,AGATGAAAACCTAAATTGTG,0,162442
TSS_4654_wanner_regulondb,0.5,1,1,AGATCTATATAACCGGATCA,0,133238
TSS_4654_wanner_regulondb,0.5,1,1,AGATCTAACACCGGCTGCAA,0,168418
TSS_4654_wanner_regulondb,0.5,1,1,AGATCGTGTTGATACCCTAT,0,137076
TSS_4654_wanner_regulondb,0.5,1,1,AGATCATTCAAATAAGGGCA,0,159042
TSS_4654_wanner_regulondb,0.5,1,1,AGATACAGATTTGCAGCCCG,0,132878
TSS_4654_wanner_regulondb,0.5,1,1,AGATAAGCGCCCGAAATCGG,0,158589
TSS_4654_wanner_regulondb,0.5,1,1,AGAGTTGCTGTCGTTCGTCA,0,153458
TSS_4654_wanner_regulondb,0.5,1,1,AGAGTTAAACAGCATCAGGG,0,174469
TSS_4654_wanner_regulondb,0.5,1,1,AGAGTGCCCAGTACGCGTTC,0,129048
TSS_4654_wanner_regulondb,0.5,1,1,AGAGTCTGACAGATAGTTCC,0,162054
TSS_4654_wanner_regulondb,0.5,1,1,AGAGTATAACCCTATTGTTG,0,144735
TSS_4654_wanner_regulondb,0.5,1,1,AGAGGTCTATGGTCTGTACA,0,141232
TSS_4654_wanner_regulondb,0.5,1,1,AGAGGTACGGCCAGGACTCA,0,163299
TSS_4654_wanner_regulondb,0.5,1,1,AGAGGGGCTCAAGGCATATC,0,156886
TSS_4654_wanner_regulondb,0.5,1,1,AGAGGGAGAGGGTATATACC,0,144240
TSS_4654_wanner_regulondb,0.5,1,1,AGAGGATACAGTGGACGTTG,0,146359
TSS_4654_wanner_regulondb,0.5,1,1,AGAGCTATGTGCAATATTCG,0,149401
TSS_4654_wanner_regulondb,0.5,1,1,AGAGCGGCAGGTCGTTCTCC,0,143091
TSS_4654_wanner_regulondb,0.5,1,1,AGAGCAGCTCGAGTAGTACT,0,171701
TSS_4654_wanner_regulondb,0.5,1,1,AGAGATGTGAGAGCGACATA,0,136707
TSS_4654_wanner_regulondb,0.5,1,1,AGAGATACGGAGCGCATTCT,0,164399
TSS_4654_wanner_regulondb,0.5,1,1,AGACTTCGTATTTTTTTCTT,0,158197
TSS_4654_wanner_regulondb,0.5,1,1,AGACTGTTGTTAGAGAGTAA,0,128587
TSS_4654_wanner_regulondb,0.5,1,1,AGACTCGGTTAATACTACCT,0,130431
TSS_4654_wanner_regulondb,0.5,1,1,AGACTAGAGAAAAATCCAAG,0,129417
TSS_4654_wanner_regulondb,0.5,1,1,AGACGCTTAGCCTGAGCGCC,0,163596
TSS_4654_wanner_regulondb,0.5,1,1,AGACGAAGGTCTGGCACTAT,0,167503
TSS_4654_wanner_regulondb,0.5,1,1,AGACCGTCCACATTCTGATG,0,151795
TSS_4654_wanner_regulondb,0.5,1,1,AGACCCCCATGAAAAGCGCC,0,128244
TSS_4654_wanner_regulondb,0.5,1,1,AGACATGAGCAGGTGTCAGA,0,132392
TSS_4654_wanner_regulondb,0.5,1,1,AGACATCGAGCGATAAAGAT,0,147515
TSS_4654_wanner_regulondb,0.5,1,1,AGACAGTACACGGCGGCTGA,0,126402
TSS_4654_wanner_regulondb,0.5,1,1,AGACACTGAGGATCCTTATC,0,133457
TSS_4654_wanner_regulondb,0.5,1,1,AGACAATGAATTATGATCCC,0,150401
TSS_4654_wanner_regulondb,0.5,1,1,AGAATGGGGTCACGCTGCTA,0,142330
TSS_4654_wanner_regulondb,0.5,1,1,AGAATGGGACTTATGTAAAT,0,129788
TSS_4654_wanner_regulondb,0.5,1,1,AGAATATATCTGTCTAGCCT,0,166702
TSS_4654_wanner_regulondb,0.5,1,1,AGAATACATGACTTTGGGGG,0,128340
TSS_4654_wanner_regulondb,0.5,1,1,AGAAGGGCGCCAATACAGAC,0,150466
TSS_4654_wanner_regulondb,0.5,1,1,AGAAGCCTACCGCGTCGCCT,0,129835
TSS_4654_wanner_regulondb,0.5,1,1,AGAACGCACTAGGCCCTCAC,0,143444
TSS_4654_wanner_regulondb,0.5,1,1,AGAACCAGCGCCCACTATTG,0,129274
TSS_4654_wanner_regulondb,0.5,1,1,AGAACACTCATAGGTTCGCG,0,170795
TSS_4654_wanner_regulondb,0.5,1,1,AGAACAACGAAGGCAAGTTA,0,159006
TSS_4654_wanner_regulondb,0.5,1,1,AGAAAGAGATAGCAATTCTC,0,163267
TSS_4654_wanner_regulondb,0.5,1,1,ACTTTTTTTGTGGCGTACAC,0,160670
TSS_4654_wanner_regulondb,0.5,1,1,ACTTTTTGATCGTGCTATGT,0,142395
TSS_4654_wanner_regulondb,0.5,1,1,ACTTTTGAGGGGAAGCCCGT,0,134268
TSS_4654_wanner_regulondb,0.5,1,1,ACTTTGTTCATAACTAAACT,0,144055
TSS_4654_wanner_regulondb,0.5,1,1,ACTTTGTCGGAAAAAAGAAG,0,126255
TSS_4654_wanner_regulondb,0.5,1,1,ACTTTCTAACGGTTACAACT,0,129487
TSS_4654_wanner_regulondb,0.5,1,1,ACTTGAGGGCGTGGTGCTTT,0,130913
TSS_4654_wanner_regulondb,0.5,1,1,ACTTCTTAACAGTCTGTTGC,0,154809
TSS_4654_wanner_regulondb,0.5,1,1,ACTTCTGTTGCAGTCCACGA,0,150285
TSS_4654_wanner_regulondb,0.5,1,1,ACTTCTATCAAGGTTGACAC,0,162057
TSS_4654_wanner_regulondb,0.5,1,1,ACTTCATGCGCTAGGTTGTT,0,141336
TSS_4654_wanner_regulondb,0.5,1,1,ACTTAGGCATGCCCTTATGT,0,129636
TSS_4654_wanner_regulondb,0.5,1,1,ACTTAAAATGTGCCGGGGAC,0,143621
TSS_4654_wanner_regulondb,0.5,1,1,ACTGTTTAACGGTATGTACC,0,131158
TSS_4654_wanner_regulondb,0.5,1,1,ACTGTGATACCAACCGGAAG,0,166601
TSS_4654_wanner_regulondb,0.5,1,1,ACTGGGATTGTTGCAGACTA,0,139763
TSS_4654_wanner_regulondb,0.5,1,1,ACTGGCGCTACCATTTACGC,0,139497
TSS_4654_wanner_regulondb,0.5,1,1,ACTGCTACGGCCGAGAAAGT,0,163617
TSS_4654_wanner_regulondb,0.5,1,1,ACTGCACCGGATCTCACCAG,0,147977
TSS_4654_wanner_regulondb,0.5,1,1,ACTGCAAGCGCGTCGGTACG,0,166833
TSS_4654_wanner_regulondb,0.5,1,1,ACTGAGAAGCGCACTCCCCA,0,151533
TSS_4654_wanner_regulondb,0.5,1,1,ACTGACAAGCAAACTGACCG,0,130388
TSS_4654_wanner_regulondb,0.5,1,1,ACTGAATGCTCACCGAGGAC,0,136762
TSS_4654_wanner_regulondb,0.5,1,1,ACTCTGGGTTTTAAGGGGAA,0,152077
TSS_4654_wanner_regulondb,0.5,1,1,ACTCTGGGTCTCCAATTAGC,0,144888
TSS_4654_wanner_regulondb,0.5,1,1,ACTCGTGACGTCGGAGTGTT,0,126447
TSS_4654_wanner_regulondb,0.5,1,1,ACTCGGGGCAAAGACGAGCT,0,159389
TSS_4654_wanner_regulondb,0.5,1,1,ACTCGAGAGAAGTTGTATTT,0,162792
TSS_4654_wanner_regulondb,0.5,1,1,ACTCGACTCCGCGTATCTAA,0,168214
TSS_4654_wanner_regulondb,0.5,1,1,ACTCCAGGAATAACGGTTCA,0,155293
TSS_4654_wanner_regulondb,0.5,1,1,ACTCATAGGCCGTGGGTACA,0,169475
TSS_4654_wanner_regulondb,0.5,1,1,ACTCAGGACAGAGCTACCTA,0,129689
TSS_4654_wanner_regulondb,0.5,1,1,ACTATCATTGGTGTCGGATA,0,167450
TSS_4654_wanner_regulondb,0.5,1,1,ACTATAATGAGCGGTCGTCT,0,143442
TSS_4654_wanner_regulondb,0.5,1,1,ACTAGCCATGGAACTATCCG,0,155526
TSS_4654_wanner_regulondb,0.5,1,1,ACTAGATGCGGCGTTCGGTA,0,134059
TSS_4654_wanner_regulondb,0.5,1,1,ACTACTGCCCGGGGATGGAG,0,167231
TSS_4654_wanner_regulondb,0.5,1,1,ACTACGACGTACGGTGGAGA,0,171293
TSS_4654_wanner_regulondb,0.5,1,1,ACTACACTGGTTGATCTATG,0,171543
TSS_4654_wanner_regulondb,0.5,1,1,ACTAATCCCCTCGCGATGAA,0,129384
TSS_4654_wanner_regulondb,0.5,1,1,ACTAAGACATCGTCACACTT,0,169015
TSS_4654_wanner_regulondb,0.5,1,1,ACGTTCTTGCGTTATCAGGG,0,131950
TSS_4654_wanner_regulondb,0.5,1,1,ACGTTCGGTAAAGGGGCATG,0,133260
TSS_4654_wanner_regulondb,0.5,1,1,ACGTTCGAACTAGAGGGGAT,0,137606
TSS_4654_wanner_regulondb,0.5,1,1,ACGTGGCGTTCGCGTAATTA,0,129313
TSS_4654_wanner_regulondb,0.5,1,1,ACGTGGCCTGGATGAGTTGC,0,150931
TSS_4654_wanner_regulondb,0.5,1,1,ACGTCTGGTCAAGGTTACGA,0,126097
TSS_4654_wanner_regulondb,0.5,1,1,ACGTCGTTCCGAAGTTTGTA,0,172610
TSS_4654_wanner_regulondb,0.5,1,1,ACGTCGCTCGGCCTCGGACA,0,167668
TSS_4654_wanner_regulondb,0.5,1,1,ACGTCGCAAAGTTGGCTGTG,0,158788
TSS_4654_wanner_regulondb,0.5,1,1,ACGTCGAACCAGTGTGTCGT,0,153372
TSS_4654_wanner_regulondb,0.5,1,1,ACGTCACCGAGGTGTTACGT,0,139589
TSS_4654_wanner_regulondb,0.5,1,1,ACGTATTGAATGTGTGGTGC,0,140829
TSS_4654_wanner_regulondb,0.5,1,1,ACGTATAACGTCGCGAGGTC,0,160353
TSS_4654_wanner_regulondb,0.5,1,1,ACGTAAGACTCAGCCAGAGT,0,150148
TSS_4654_wanner_regulondb,0.5,1,1,ACGGTTTACTTGTACTACTA,0,154125
TSS_4654_wanner_regulondb,0.5,1,1,ACGGTGTTTGCCTCGTGCTA,0,150147
TSS_4654_wanner_regulondb,0.5,1,1,ACGGTGGTTCAAGCCATCTA,0,129582
TSS_4654_wanner_regulondb,0.5,1,1,ACGGTGCGAATCACAGCGCT,0,142494
TSS_4654_wanner_regulondb,0.5,1,1,ACGGTACTGTACAAATGCGC,0,164994
TSS_4654_wanner_regulondb,0.5,1,1,ACGGGTTGCTACAACGGTAC,0,128833
TSS_4654_wanner_regulondb,0.5,1,1,ACGGGGGAATCAAACAGCGC,0,169425
TSS_4654_wanner_regulondb,0.5,1,1,ACGGGCGATGCTTGTCCTGA,0,154220
TSS_4654_wanner_regulondb,0.5,1,1,ACGGGAGTTCCATTAGTCCT,0,143273
TSS_4654_wanner_regulondb,0.5,1,1,ACGGGACACCGCCGAAAAGA,0,148047
TSS_4654_wanner_regulondb,0.5,1,1,ACGGGAACTGTAGCAACGGG,0,141942
TSS_4654_wanner_regulondb,0.5,1,1,ACGGCTTTTAAGTCGTGGCA,0,132679
TSS_4654_wanner_regulondb,0.5,1,1,ACGGCGGCGAGCATTACATC,0,146559
TSS_4654_wanner_regulondb,0.5,1,1,ACGGCAATAACGTGTTCCCA,0,161725
TSS_4654_wanner_regulondb,0.5,1,1,ACGGCAAGACTTTTGTGATC,0,150942
TSS_4654_wanner_regulondb,0.5,1,1,ACGGAGAAGAGGTTGAGTGA,0,151101
TSS_4654_wanner_regulondb,0.5,1,1,ACGGAATATGGCAGCTCCAC,0,150797
TSS_4654_wanner_regulondb,0.5,1,1,ACGCTTATATCAGCTTGTAG,0,127268
TSS_4654_wanner_regulondb,0.5,1,1,ACGCTGGCATGATACAGTGT,0,139728
TSS_4654_wanner_regulondb,0.5,1,1,ACGCTAGTGAGGTGAAAAGG,0,136701
TSS_4654_wanner_regulondb,0.5,1,1,ACGCGTCAGGCCTCATGTCC,0,139826
TSS_4654_wanner_regulondb,0.5,1,1,ACGCGTATGGTTGAATGGTT,0,157439
TSS_4654_wanner_regulondb,0.5,1,1,ACGCGGAAGGGATGGTGCAG,0,127763
TSS_4654_wanner_regulondb,0.5,1,1,ACGCGCTGTACGGGCTTCGG,0,153452
TSS_4654_wanner_regulondb,0.5,1,1,ACGCCTACACGGATGGTCCG,0,149103
TSS_4654_wanner_regulondb,0.5,1,1,ACGCCGGGGTACCTTATCTC,0,163019
TSS_4654_wanner_regulondb,0.5,1,1,ACGCCATTAAGTTTATGGAC,0,164938
TSS_4654_wanner_regulondb,0.5,1,1,ACGCATATAAGGATGCTATT,0,139983
TSS_4654_wanner_regulondb,0.5,1,1,ACGATTTCCACACGACATCT,0,155604
TSS_4654_wanner_regulondb,0.5,1,1,ACGATTGCTATTGCCCAACG,0,129359
TSS_4654_wanner_regulondb,0.5,1,1,ACGAGGTGTCACCGCAAAAT,0,153778
TSS_4654_wanner_regulondb,0.5,1,1,ACGAGGGAGCCGCCTTCAGA,0,173233
TSS_4654_wanner_regulondb,0.5,1,1,ACGAGGATGCAGGTTAAACC,0,130948
TSS_4654_wanner_regulondb,0.5,1,1,ACGACGACTCGGGAGGCAAC,0,152022
TSS_4654_wanner_regulondb,0.5,1,1,ACGACCTTACAAAGTACCAC,0,174608
TSS_4654_wanner_regulondb,0.5,1,1,ACGACCCCACCTACTGCCCC,0,146458
TSS_4654_wanner_regulondb,0.5,1,1,ACGACATGCTCAACAGAAGT,0,169757
TSS_4654_wanner_regulondb,0.5,1,1,ACGAATCGGGCGGCTCACTG,0,161288
TSS_4654_wanner_regulondb,0.5,1,1,ACGAAGCGGCTTCTAGGCTT,0,169640
TSS_4654_wanner_regulondb,0.5,1,1,ACGAAAGCTGTGGAACGATG,0,171432
TSS_4654_wanner_regulondb,0.5,1,1,ACGAAAGCGCCTAAATATGC,0,163177
TSS_4654_wanner_regulondb,0.5,1,1,ACCTTTCGACATCGTCGATG,0,131947
TSS_4654_wanner_regulondb,0.5,1,1,ACCTTGGGTTAGCGGTGCGC,0,151239
TSS_4654_wanner_regulondb,0.5,1,1,ACCTTCTGGGGATGAGCAGT,0,174130
TSS_4654_wanner_regulondb,0.5,1,1,ACCTTACAAGTAAGCCTCTG,0,153526
TSS_4654_wanner_regulondb,0.5,1,1,ACCTCGGGGCACTTGGTTTC,0,169463
TSS_4654_wanner_regulondb,0.5,1,1,ACCTCCACTTTTTGGTCTAA,0,167448
TSS_4654_wanner_regulondb,0.5,1,1,ACCTCAGAGTTTCAGAATAA,0,150149
TSS_4654_wanner_regulondb,0.5,1,1,ACCTACATCCACGCGAGGTG,0,161634
TSS_4654_wanner_regulondb,0.5,1,1,ACCGTTGCAACATTCCTATC,0,159862
TSS_4654_wanner_regulondb,0.5,1,1,ACCGGTGAGCGGTAGGCGGT,0,148362
TSS_4654_wanner_regulondb,0.5,1,1,ACCGGGTTCGGGAGGAGAAA,0,127213
TSS_4654_wanner_regulondb,0.5,1,1,ACCGGGCGAAAGTCTCGTAT,0,138368
TSS_4654_wanner_regulondb,0.5,1,1,ACCGGGCCAGCTCCTATAGA,0,140628
TSS_4654_wanner_regulondb,0.5,1,1,ACCGCTGTGTGAATTCAGGG,0,156614
TSS_4654_wanner_regulondb,0.5,1,1,ACCGCTGGTAAGAGTTACTA,0,129284
TSS_4654_wanner_regulondb,0.5,1,1,ACCGCCGTTCCGGTGTGCAG,0,131200
TSS_4654_wanner_regulondb,0.5,1,1,ACCGATTTGCTGCGGAGGGT,0,159071
TSS_4654_wanner_regulondb,0.5,1,1,ACCGATCAAGCGGGCTTTTA,0,141435
TSS_4654_wanner_regulondb,0.5,1,1,ACCGACGACAAAGCTTGCAA,0,134580
TSS_4654_wanner_regulondb,0.5,1,1,ACCGAATCCGCAAGGGGATG,0,169422
TSS_4654_wanner_regulondb,0.5,1,1,ACCCGTTGACACTACTCCAC,0,164178
TSS_4654_wanner_regulondb,0.5,1,1,ACCCGGTTCTCGCTCGGGTG,0,145293
TSS_4654_wanner_regulondb,0.5,1,1,ACCCGAAATCATGGCTGTAA,0,161025
TSS_4654_wanner_regulondb,0.5,1,1,ACCCCTCAAGAACGTCCAAG,0,153546
TSS_4654_wanner_regulondb,0.5,1,1,ACCCCCGTGTTCGCGCGAGG,0,173841
TSS_4654_wanner_regulondb,0.5,1,1,ACCCATGACGTACCCGCAAG,0,150310
TSS_4654_wanner_regulondb,0.5,1,1,ACCCATCTTCGCCACAGGAA,0,145261
TSS_4654_wanner_regulondb,0.5,1,1,ACCATTGTAGCACACCAAAC,0,153058
TSS_4654_wanner_regulondb,0.5,1,1,ACCAGGTGTCTAATCCGGCG,0,153262
TSS_4654_wanner_regulondb,0.5,1,1,ACCAGCCCTCAGATGTAGCT,0,131934
TSS_4654_wanner_regulondb,0.5,1,1,ACCACTCACCGGTTCCGCGT,0,157213
TSS_4654_wanner_regulondb,0.5,1,1,ACCACGACAATTCGTCCAGA,0,137915
TSS_4654_wanner_regulondb,0.5,1,1,ACCACCCCGCAGATCACTAA,0,130512
TSS_4654_wanner_regulondb,0.5,1,1,ACCACAAGTGTCCGGCCTCT,0,155414
TSS_4654_wanner_regulondb,0.5,1,1,ACCAATTCAGGACACCCTTT,0,148048
TSS_4654_wanner_regulondb,0.5,1,1,ACCAATCCTAAGTACGATAA,0,156181
TSS_4654_wanner_regulondb,0.5,1,1,ACATTTGTGGTGCTGTAGAA,0,161778
TSS_4654_wanner_regulondb,0.5,1,1,ACATTGCTCCAAAATGCCTT,0,148107
TSS_4654_wanner_regulondb,0.5,1,1,ACATGTCAACTCCCTTATAT,0,158180
TSS_4654_wanner_regulondb,0.5,1,1,ACATGCTGTCTGTATGCCAC,0,143932
TSS_4654_wanner_regulondb,0.5,1,1,ACATCTCAGTTAGATGTAGC,0,155908
TSS_4654_wanner_regulondb,0.5,1,1,ACATCTAATCGAGCTGTAGC,0,161028
TSS_4654_wanner_regulondb,0.5,1,1,ACATCGCTGAATTGGAGCGG,0,142793
TSS_4654_wanner_regulondb,0.5,1,1,ACATCCTGCCACCCCCGGAG,0,142048
TSS_4654_wanner_regulondb,0.5,1,1,ACATCCGGTCACTCTTGGCC,0,163811
TSS_4654_wanner_regulondb,0.5,1,1,ACATCCCGATCCTGTAGAAA,0,134856
TSS_4654_wanner_regulondb,0.5,1,1,ACATAGTCATGGACGCTGTC,0,132419
TSS_4654_wanner_regulondb,0.5,1,1,ACAGTTAGTCTCTTAACCGA,0,152455
TSS_4654_wanner_regulondb,0.5,1,1,ACAGTGTTTATGCATTGCGC,0,129995
TSS_4654_wanner_regulondb,0.5,1,1,ACAGTGAATGCTCGTCGTTT,0,136703
TSS_4654_wanner_regulondb,0.5,1,1,ACAGTCCGGCTCGGACAAGT,0,146132
TSS_4654_wanner_regulondb,0.5,1,1,ACAGTATTAATGGTGGGGTA,0,136708
TSS_4654_wanner_regulondb,0.5,1,1,ACAGGTTCGCAAATGATCGT,0,141551
TSS_4654_wanner_regulondb,0.5,1,1,ACAGCTGCTCGGAGGTGTCA,0,139680
TSS_4654_wanner_regulondb,0.5,1,1,ACAGCTGCCCAACGTCGCGA,0,163340
TSS_4654_wanner_regulondb,0.5,1,1,ACAGCGGAAAACCGGTCTAT,0,140667
TSS_4654_wanner_regulondb,0.5,1,1,ACAGCCCCAGAATTCGGCCC,0,144700
TSS_4654_wanner_regulondb,0.5,1,1,ACAGCCACGGGTCCCAGGCT,0,129053
TSS_4654_wanner_regulondb,0.5,1,1,ACAGCATCCAGAAAATCCCA,0,141600
TSS_4654_wanner_regulondb,0.5,1,1,ACAGCAGGTGTAGCCGTCAC,0,147889
TSS_4654_wanner_regulondb,0.5,1,1,ACAGCAGATACCATTCCCCA,0,158535
TSS_4654_wanner_regulondb,0.5,1,1,ACAGCAGAATAGAGTTCACG,0,164421
TSS_4654_wanner_regulondb,0.5,1,1,ACACTCGGTCTAGCAATTTC,0,140869
TSS_4654_wanner_regulondb,0.5,1,1,ACACTACCTACTGAAGAGTA,0,163852
TSS_4654_wanner_regulondb,0.5,1,1,ACACTAAAAAAGCTGAGTTT,0,134431
TSS_4654_wanner_regulondb,0.5,1,1,ACACGGTCGCTGCCTATCAT,0,126327
TSS_4654_wanner_regulondb,0.5,1,1,ACACGCTAATATTTAGACAT,0,140013
TSS_4654_wanner_regulondb,0.5,1,1,ACACGATACGAGTTTATTCG,0,138497
TSS_4654_wanner_regulondb,0.5,1,1,ACACGAAATCCTCTTACTAA,0,128826
TSS_4654_wanner_regulondb,0.5,1,1,ACACCTTATTGGGGTCCCTA,0,148125
TSS_4654_wanner_regulondb,0.5,1,1,ACAATTTTTAAGCTAATAAC,0,141647
TSS_4654_wanner_regulondb,0.5,1,1,ACAATGCGCGACTAACCTTA,0,148312
TSS_4654_wanner_regulondb,0.5,1,1,ACAATCTCTTTTATTGATGA,0,128983
TSS_4654_wanner_regulondb,0.5,1,1,ACAATATCGAATCGGTGAGT,0,167771
TSS_4654_wanner_regulondb,0.5,1,1,ACAAGTGTGCTACCTTCTTG,0,143147
TSS_4654_wanner_regulondb,0.5,1,1,ACAAGTGCCCACGGACACGT,0,150165
TSS_4654_wanner_regulondb,0.5,1,1,ACAACTGGGTCAGGAGGCAA,0,125778
TSS_4654_wanner_regulondb,0.5,1,1,ACAACCGATATTAATTACTA,0,126744
TSS_4654_wanner_regulondb,0.5,1,1,ACAACCGAAGCGCTTGCATG,0,168872
TSS_4654_wanner_regulondb,0.5,1,1,ACAACCCCCGCCAAAGGCGC,0,129745
TSS_4654_wanner_regulondb,0.5,1,1,ACAAATGCGGTCCCCGTATT,0,126730
TSS_4654_wanner_regulondb,0.5,1,1,ACAAACAATTAGTTCTATCC,0,165081
TSS_4654_wanner_regulondb,0.5,1,1,ACAAAAACATTGCGACGACA,0,134498
TSS_4654_wanner_regulondb,0.5,1,1,AATTTGCAGGTAAACCTTAT,0,132547
TSS_4654_wanner_regulondb,0.5,1,1,AATTTGATTGCACCCCATTC,0,170077
TSS_4654_wanner_regulondb,0.5,1,1,AATTGGGATCCGGACTGAGC,0,173188
TSS_4654_wanner_regulondb,0.5,1,1,AATTGCAGGGGTTGATAGGA,0,150860
TSS_4654_wanner_regulondb,0.5,1,1,AATTCTGGCGGCTGTTCGAC,0,149579
TSS_4654_wanner_regulondb,0.5,1,1,AATTCTCATGAACATAAGTC,0,129462
TSS_4654_wanner_regulondb,0.5,1,1,AATTCCAGACGCTATAGAGA,0,137209
TSS_4654_wanner_regulondb,0.5,1,1,AATTCAAGTATAAATCGGGT,0,140224
TSS_4654_wanner_regulondb,0.5,1,1,AATTAGTGGCAGGGGGACCT,0,133029
TSS_4654_wanner_regulondb,0.5,1,1,AATTAAGGACTCCCGGTCCT,0,133891
TSS_4654_wanner_regulondb,0.5,1,1,AATGTATGTTCCCAATCTCA,0,160012
TSS_4654_wanner_regulondb,0.5,1,1,AATGTATGACATCAGTGATC,0,163316
TSS_4654_wanner_regulondb,0.5,1,1,AATGGGTCATGATGTCACAG,0,127805
TSS_4654_wanner_regulondb,0.5,1,1,AATGGGCTGGTATCTGATAT,0,130960
TSS_4654_wanner_regulondb,0.5,1,1,AATGGCTGCCAGGCATCATC,0,148080
TSS_4654_wanner_regulondb,0.5,1,1,AATGCAGCGCTCTTGTTCAG,0,127098
TSS_4654_wanner_regulondb,0.5,1,1,AATGCACTCTGCTGGGTGCC,0,171987
TSS_4654_wanner_regulondb,0.5,1,1,AATGCACCGCTTCCAGCCAT,0,127725
TSS_4654_wanner_regulondb,0.5,1,1,AATGACGGGGCACAGGATTT,0,153078
TSS_4654_wanner_regulondb,0.5,1,1,AATCTCGGGTTTCTAGAGAT,0,159121
TSS_4654_wanner_regulondb,0.5,1,1,AATCTACCTGTAGCATAAAA,0,141046
TSS_4654_wanner_regulondb,0.5,1,1,AATCTAAAAGCCAAGCCACT,0,151798
TSS_4654_wanner_regulondb,0.5,1,1,AATCCTAGCGTGGGGCTTTA,0,131646
TSS_4654_wanner_regulondb,0.5,1,1,AATCCCTTACCGAAACTGGT,0,174000
TSS_4654_wanner_regulondb,0.5,1,1,AATCAGTACGACAGAGTCAA,0,127451
TSS_4654_wanner_regulondb,0.5,1,1,AATCACGGGAACTATCTGTT,0,153459
TSS_4654_wanner_regulondb,0.5,1,1,AATCAATCGATCCCAGGATA,0,159342
TSS_4654_wanner_regulondb,0.5,1,1,AATATTCTTTCATAAATCAG,0,169263
TSS_4654_wanner_regulondb,0.5,1,1,AATATCTATTAACTTGATTG,0,151088
TSS_4654_wanner_regulondb,0.5,1,1,AATATCGTTGCCAAGATAAT,0,167159
TSS_4654_wanner_regulondb,0.5,1,1,AATATCCCTGAGGGAGCAGG,0,140477
TSS_4654_wanner_regulondb,0.5,1,1,AATAGCGACCCTTTCATAGA,0,144626
TSS_4654_wanner_regulondb,0.5,1,1,AATAGAGCAGCGTAAGAGAA,0,128424
TSS_4654_wanner_regulondb,0.5,1,1,AATAGACGTACCACATCTCG,0,145244
TSS_4654_wanner_regulondb,0.5,1,1,AATACGCCTAGAATACCTGC,0,142819
TSS_4654_wanner_regulondb,0.5,1,1,AATACATTGAGGCCTGGATA,0,145114
TSS_4654_wanner_regulondb,0.5,1,1,AATACAAGCGTGCGAGGCCC,0,169807
TSS_4654_wanner_regulondb,0.5,1,1,AATAAGGTGAAGCGGTTCTC,0,145976
TSS_4654_wanner_regulondb,0.5,1,1,AATAAGACTATGTCTAGCTA,0,155755
TSS_4654_wanner_regulondb,0.5,1,1,AATAAATGTTCGGGGCCTGC,0,172295
TSS_4654_wanner_regulondb,0.5,1,1,AAGTTGGAGTACCGTGAATT,0,129323
TSS_4654_wanner_regulondb,0.5,1,1,AAGTTGAGCTACTACCCGTC,0,173785
TSS_4654_wanner_regulondb,0.5,1,1,AAGTTCGCGCCAGTATGGTA,0,153166
TSS_4654_wanner_regulondb,0.5,1,1,AAGTTCCGAGTGTGAACCTC,0,127257
TSS_4654_wanner_regulondb,0.5,1,1,AAGTTATAATGGTAGGTTAC,0,130063
TSS_4654_wanner_regulondb,0.5,1,1,AAGTGGCCGATGACTGGTTC,0,154077
TSS_4654_wanner_regulondb,0.5,1,1,AAGTGCTCCGACAACCACGG,0,174775
TSS_4654_wanner_regulondb,0.5,1,1,AAGTGAATCATTTCCTTACC,0,159310
TSS_4654_wanner_regulondb,0.5,1,1,AAGTCTCTCTCGGACTTACG,0,145622
TSS_4654_wanner_regulondb,0.5,1,1,AAGTCCGTTAAGTTCGGGGA,0,152587
TSS_4654_wanner_regulondb,0.5,1,1,AAGTCCGAGGGGAAAAAATT,0,167057
TSS_4654_wanner_regulondb,0.5,1,1,AAGTCCCTACCATATGCCCC,0,147092
TSS_4654_wanner_regulondb,0.5,1,1,AAGTCCAGCGGTTATGGTAC,0,173356
TSS_4654_wanner_regulondb,0.5,1,1,AAGTCATGGATTTTCTACAC,0,153599
TSS_4654_wanner_regulondb,0.5,1,1,AAGTCAAGGGGGAAGCCCTG,0,159757
TSS_4654_wanner_regulondb,0.5,1,1,AAGTCAAATGATCATAGTGA,0,158340
TSS_4654_wanner_regulondb,0.5,1,1,AAGTATCCTAGAGAGGAGCA,0,146464
TSS_4654_wanner_regulondb,0.5,1,1,AAGTAGGCGGATCATTGGGA,0,138484
TSS_4654_wanner_regulondb,0.5,1,1,AAGGTTTTTTTGGCGACCAT,0,168138
TSS_4654_wanner_regulondb,0.5,1,1,AAGGGTAAGGTTCTTGACCG,0,137143
TSS_4654_wanner_regulondb,0.5,1,1,AAGGGTAACGCCTCGCACAC,0,141009
TSS_4654_wanner_regulondb,0.5,1,1,AAGGATCCACTCGTTTGAGC,0,172819
TSS_4654_wanner_regulondb,0.5,1,1,AAGGATAGATTGTTGTAGCT,0,155411
TSS_4654_wanner_regulondb,0.5,1,1,AAGGAGGTACCTGGTGGTGA,0,157161
TSS_4654_wanner_regulondb,0.5,1,1,AAGGAGAGAATCTTGTATTG,0,125523
TSS_4654_wanner_regulondb,0.5,1,1,AAGGACGTGCATCGAATAGG,0,139689
TSS_4654_wanner_regulondb,0.5,1,1,AAGGACGAATCCGGTAGCCT,0,160211
TSS_4654_wanner_regulondb,0.5,1,1,AAGGAACACACAAATTAACT,0,134424
TSS_4654_wanner_regulondb,0.5,1,1,AAGCTTGTAGCTTAACGATA,0,163698
TSS_4654_wanner_regulondb,0.5,1,1,AAGCGTGCGCGGGTCACAAG,0,135359
TSS_4654_wanner_regulondb,0.5,1,1,AAGCGCTACGTACATACTAG,0,139047
TSS_4654_wanner_regulondb,0.5,1,1,AAGCGCGGCACGGACAGCGC,0,160830
TSS_4654_wanner_regulondb,0.5,1,1,AAGCGCCGCTTACTCATGCT,0,139534
TSS_4654_wanner_regulondb,0.5,1,1,AAGCGAAGCGCAAATTGCTG,0,146460
TSS_4654_wanner_regulondb,0.5,1,1,AAGCCGATCGTTATACTTTT,0,160937
TSS_4654_wanner_regulondb,0.5,1,1,AAGCCGACCGTCAGATACCC,0,130246
TSS_4654_wanner_regulondb,0.5,1,1,AAGCCCTAAATCTACGCCAG,0,157172
TSS_4654_wanner_regulondb,0.5,1,1,AAGCCCCCGTAGCCCGATCA,0,142584
TSS_4654_wanner_regulondb,0.5,1,1,AAGCCATTAATCCAACTTGG,0,153185
TSS_4654_wanner_regulondb,0.5,1,1,AAGCAGGTCGTTCGTGATTG,0,138471
TSS_4654_wanner_regulondb,0.5,1,1,AAGCACGTGGCTTATAGGAG,0,165421
TSS_4654_wanner_regulondb,0.5,1,1,AAGATTAGAGTAAGGAAGAC,0,134964
TSS_4654_wanner_regulondb,0.5,1,1,AAGATGTAACAATCACGACT,0,126060
TSS_4654_wanner_regulondb,0.5,1,1,AAGATATGTCCTGCATAGAT,0,174232
TSS_4654_wanner_regulondb,0.5,1,1,AAGATAACTACCTTTCGGTT,0,163966
TSS_4654_wanner_regulondb,0.5,1,1,AAGAGGTGGAAATGAGCGCA,0,163528
TSS_4654_wanner_regulondb,0.5,1,1,AAGAGACCAGCGTTGCTGTG,0,139308
TSS_4654_wanner_regulondb,0.5,1,1,AAGACCCTGCCTCAGTTACG,0,154117
TSS_4654_wanner_regulondb,0.5,1,1,AAGACCAAATTTGTCAAGTC,0,140660
TSS_4654_wanner_regulondb,0.5,1,1,AAGAACTAAGGGGGTTTTCA,0,144238
TSS_4654_wanner_regulondb,0.5,1,1,AACTTTGATGGGTCGGTATT,0,171771
TSS_4654_wanner_regulondb,0.5,1,1,AACTTTCTGCAAGCACGTAG,0,138059
TSS_4654_wanner_regulondb,0.5,1,1,AACTTTATGCGATACTCTTA,0,136660
TSS_4654_wanner_regulondb,0.5,1,1,AACTTACATAACGGCAATCA,0,143838
TSS_4654_wanner_regulondb,0.5,1,1,AACTGTTGGGGTATGGCCCG,0,141062
TSS_4654_wanner_regulondb,0.5,1,1,AACTGGGAAAACATTATATT,0,165387
TSS_4654_wanner_regulondb,0.5,1,1,AACTGCACGAGTTTGGATTC,0,134337
TSS_4654_wanner_regulondb,0.5,1,1,AACTAAAATTGTCTTCATCA,0,154904
TSS_4654_wanner_regulondb,0.5,1,1,AACGTTTGACGGACGTAACC,0,133384
TSS_4654_wanner_regulondb,0.5,1,1,AACGTTCCAGCAATGAGTGC,0,130735
TSS_4654_wanner_regulondb,0.5,1,1,AACGGTAGGGATAATGTAGT,0,171901
TSS_4654_wanner_regulondb,0.5,1,1,AACGGCTGATGCGTGTATGT,0,151906
TSS_4654_wanner_regulondb,0.5,1,1,AACGGCATAACCAATGGGTA,0,134575
TSS_4654_wanner_regulondb,0.5,1,1,AACGCTATTAACCGACGTAC,0,165961
TSS_4654_wanner_regulondb,0.5,1,1,AACGCGGTGGAGTGATGGAT,0,168618
TSS_4654_wanner_regulondb,0.5,1,1,AACGATGCCGGCCGAATTAA,0,160615
TSS_4654_wanner_regulondb,0.5,1,1,AACGAGCCTGCGCACGCCAG,0,131859
TSS_4654_wanner_regulondb,0.5,1,1,AACGACGTTTAGTTCGCCCA,0,161419
TSS_4654_wanner_regulondb,0.5,1,1,AACCTTGGGCGGAGTAAATC,0,150541
TSS_4654_wanner_regulondb,0.5,1,1,AACCTGCGACTACGAGTTGT,0,174565
TSS_4654_wanner_regulondb,0.5,1,1,AACCGGTCTGTAAACAGATT,0,146014
TSS_4654_wanner_regulondb,0.5,1,1,AACCGGGGTCAGGGCATCCT,0,169741
TSS_4654_wanner_regulondb,0.5,1,1,AACCGATCCGCGCCGTCCTC,0,142867
TSS_4654_wanner_regulondb,0.5,1,1,AACCCCGGCTTTCCATGAGG,0,157837
TSS_4654_wanner_regulondb,0.5,1,1,AACCACTCATTTGAAAGCTT,0,129314
TSS_4654_wanner_regulondb,0.5,1,1,AACCAACTCATTCTCTTACA,0,143186
TSS_4654_wanner_regulondb,0.5,1,1,AACATGCTTAGGAGAGTAGG,0,163939
TSS_4654_wanner_regulondb,0.5,1,1,AACAGTCCTCTGCGGTAGAT,0,163287
TSS_4654_wanner_regulondb,0.5,1,1,AACAGTACCTTTCTCAGGGT,0,140123
TSS_4654_wanner_regulondb,0.5,1,1,AACAGGGTACGTGCTGGTCG,0,144501
TSS_4654_wanner_regulondb,0.5,1,1,AACAGGAGCACTAAGCGCAT,0,149244
TSS_4654_wanner_regulondb,0.5,1,1,AACAGCTCCAGCGGACCTTC,0,143533
TSS_4654_wanner_regulondb,0.5,1,1,AACAGCTCAGTTGGCTCCCC,0,135723
TSS_4654_wanner_regulondb,0.5,1,1,AACAGCGGAATCTTCAACGG,0,141332
TSS_4654_wanner_regulondb,0.5,1,1,AACAGCATGCTAGAGCGGGT,0,166109
TSS_4654_wanner_regulondb,0.5,1,1,AACAGATTCGTCTGGACTCT,0,148705
TSS_4654_wanner_regulondb,0.5,1,1,AACACCCTCGTCCAGAGAGT,0,140473
TSS_4654_wanner_regulondb,0.5,1,1,AACACACGGGTTTATTAGTT,0,156245
TSS_4654_wanner_regulondb,0.5,1,1,AACAATTTATGTGGATGGAC,0,129003
TSS_4654_wanner_regulondb,0.5,1,1,AACAACACGCTCGTTACATA,0,169357
TSS_4654_wanner_regulondb,0.5,1,1,AAATTGATCTGACGACAAAG,0,131154
TSS_4654_wanner_regulondb,0.5,1,1,AAATTGAACATGACGTATTA,0,169139
TSS_4654_wanner_regulondb,0.5,1,1,AAATTCAAGTATGGTTGATG,0,173388
TSS_4654_wanner_regulondb,0.5,1,1,AAATGGACTGGAAAAAGAGG,0,136224
TSS_4654_wanner_regulondb,0.5,1,1,AAATGCTTAGTATTGGCTTA,0,151590
TSS_4654_wanner_regulondb,0.5,1,1,AAATGAGTAGAACGCAGGTG,0,155139
TSS_4654_wanner_regulondb,0.5,1,1,AAATCTGTAAGCGACCGAGT,0,174249
TSS_4654_wanner_regulondb,0.5,1,1,AAATCCCCTGGATTTTCGAT,0,165305
TSS_4654_wanner_regulondb,0.5,1,1,AAATATGGGTTGCCTCGTTC,0,154405
TSS_4654_wanner_regulondb,0.5,1,1,AAATAGCTTCAATAAGAGTC,0,139299
TSS_4654_wanner_regulondb,0.5,1,1,AAATACGTACTACCTGGGCA,0,143269
TSS_4654_wanner_regulondb,0.5,1,1,AAATAAAGGAACTGTAGGGA,0,151511
TSS_4654_wanner_regulondb,0.5,1,1,AAATAAACGGTTCCGTAGAA,0,159806
TSS_4654_wanner_regulondb,0.5,1,1,AAAGTTCGTATGCATCATAA,0,154945
TSS_4654_wanner_regulondb,0.5,1,1,AAAGTCCCGCTTAGGACTAA,0,167338
TSS_4654_wanner_regulondb,0.5,1,1,AAAGGATCCAACTCTAGCTT,0,153075
TSS_4654_wanner_regulondb,0.5,1,1,AAAGGAATGCTCAGACTAGC,0,137369
TSS_4654_wanner_regulondb,0.5,1,1,AAAGCGGCAGAGGCTTATTA,0,152407
TSS_4654_wanner_regulondb,0.5,1,1,AAAGCGCATTTATCGTTGCC,0,125076
TSS_4654_wanner_regulondb,0.5,1,1,AAAGCCATGGGTTTTATTCC,0,136534
TSS_4654_wanner_regulondb,0.5,1,1,AAAGCACTTCACACAAGAGC,0,125305
TSS_4654_wanner_regulondb,0.5,1,1,AAAGATACGAGTCTCGACTG,0,141188
TSS_4654_wanner_regulondb,0.5,1,1,AAAGAGGTCTATCTGATAGT,0,168363
TSS_4654_wanner_regulondb,0.5,1,1,AAACTCGAGCTCACCCTGGA,0,157661
TSS_4654_wanner_regulondb,0.5,1,1,AAACTCATTTAATCGCTCTC,0,174787
TSS_4654_wanner_regulondb,0.5,1,1,AAACGGGTGACCCCCTGAGC,0,154825
TSS_4654_wanner_regulondb,0.5,1,1,AAACGACCGTGGCATTTCTG,0,132704
TSS_4654_wanner_regulondb,0.5,1,1,AAACGAAGACCTGCTGGATC,0,141603
TSS_4654_wanner_regulondb,0.5,1,1,AAACCGGGTAGCGGGGCCAT,0,159758
TSS_4654_wanner_regulondb,0.5,1,1,AAACCGCGTAGCGACGCCGA,0,148795
TSS_4654_wanner_regulondb,0.5,1,1,AAACCACGCTTCGCACTTTT,0,166303
TSS_4654_wanner_regulondb,0.5,1,1,AAACATTACCCGTTGCGTTC,0,133097
TSS_4654_wanner_regulondb,0.5,1,1,AAACAGCGAGCGACTAAGCC,0,157286
TSS_4654_wanner_regulondb,0.5,1,1,AAAATCTAGTTAGCCGGCCA,0,157880
TSS_4654_wanner_regulondb,0.5,1,1,AAAAGGACACTTCAGGGCCA,0,155723
TSS_4654_wanner_regulondb,0.5,1,1,AAAAGCGTAAGGATCATTTG,0,141550
TSS_4654_wanner_regulondb,0.5,1,1,AAAAGCGACCGTAAGGCCGA,0,145799
TSS_4654_wanner_regulondb,0.5,1,1,AAAAATCGGGGCCTACATGA,0,140323
TSS_4654_wanner_regulondb,0.5,1,1,AAAAAGTCGTGGCTTCAGGT,0,129416
TSS_4654_wanner_regulondb,0.5,1,1,AAAAAGCTCAGGAAGCCGTA,0,160058
TSS_4654_wanner_regulondb,0.5,1,1,AAAAAATAACGAGAGTAGAA,0,148520
TSS_4654_wanner_regulondb,59.0,58,0,AATAACGTTTAAGAGCTGAT,58,160945
TSS_4654_wanner_regulondb,50.0,49,0,GATTCACTCACAGGTGGTCA,49,170337
TSS_4654_wanner_regulondb,45.0,44,0,ACATAAGAGCGTCATAGGAC,44,144718
TSS_4654_wanner_regulondb,44.0,43,0,TAATTAGGTATTTGCTCCCT,43,140385
TSS_4654_wanner_regulondb,44.0,43,0,ATCGGCGAGTGGGCGTAACC,43,148535
TSS_4654_wanner_regulondb,36.0,35,0,GGTAAGATGTTGAACCCTCC,35,130464
TSS_4654_wanner_regulondb,34.0,33,0,CTATACCCTTCTCCGAAGGA,33,158973
TSS_4654_wanner_regulondb,33.0,32,0,TCTACGTCAGCTCACCATTT,32,165567
TSS_4654_wanner_regulondb,33.0,32,0,AATCCTGGATGCATCTAGAA,32,136832
TSS_4654_wanner_regulondb,32.0,31,0,TACTACGTCACGGTAAGCCT,31,129258
TSS_4654_wanner_regulondb,31.0,30,0,TTGGTGGGTGCAATGTGAGA,30,142074
TSS_4654_wanner_regulondb,31.0,30,0,TAGAGTCATCGGAGTCTAAC,30,147493
TSS_4654_wanner_regulondb,31.0,30,0,TACGCTGCCTGGCAGTCGGT,30,161687
TSS_4654_wanner_regulondb,31.0,30,0,GTATTGAATTCCTCAGGTTT,30,148201
TSS_4654_wanner_regulondb,31.0,30,0,CAATTTGTCGAGCGATGCTT,30,141720
TSS_4654_wanner_regulondb,30.0,29,0,CGGCTATCAACGGACTCTAA,29,150293
TSS_4654_wanner_regulondb,29.0,28,0,CCGTCGATAAATAAGTTCCC,28,126297
TSS_4654_wanner_regulondb,28.0,27,0,TTTGGTCGTTCGATGTTTAA,27,158531
TSS_4654_wanner_regulondb,28.0,27,0,GCAATCGAGAACGATTTAGT,27,132243
TSS_4654_wanner_regulondb,28.0,27,0,GATTCCATCGGGCTAAAATG,27,153980
TSS_4654_wanner_regulondb,28.0,27,0,ATGGAGCGAGGGGTACCACT,27,148755
TSS_4654_wanner_regulondb,27.0,26,0,TTCATAGTCTCGGTCACGAA,26,135560
TSS_4654_wanner_regulondb,27.0,26,0,TCGTTCAATTGGCTTATAGG,26,136585
TSS_4654_wanner_regulondb,27.0,26,0,TATAGGTCCGACTGGCTGAG,26,164167
TSS_4654_wanner_regulondb,27.0,26,0,GCACGCAATCTCGCGCTTAC,26,126706
TSS_4654_wanner_regulondb,27.0,26,0,ATTCACTCCTATCCATCTGG,26,131427
TSS_4654_wanner_regulondb,27.0,26,0,AGGGATTAGAGGGCTTGTTC,26,168613
TSS_4654_wanner_regulondb,26.0,25,0,TTACGTCCCGAGGTCATGCT,25,136033
TSS_4654_wanner_regulondb,26.0,25,0,TCGTCCGAGTGGTTCGGATA,25,161632
TSS_4654_wanner_regulondb,26.0,25,0,GGTCTGGATACCAATCGCTC,25,137685
TSS_4654_wanner_regulondb,26.0,25,0,GCGACAGTGTCTGGGACTCG,25,159609
TSS_4654_wanner_regulondb,26.0,25,0,CGCATCGCGAATTTACTTGA,25,125274
TSS_4654_wanner_regulondb,26.0,25,0,AACAAACTGTCCGCCCGTCT,25,126743
TSS_4654_wanner_regulondb,25.0,24,0,GAGCTCCGTGAACGGGGCCT,24,147397
TSS_4654_wanner_regulondb,25.0,24,0,ATTAAACGGGACGGCCCGGC,24,154848
TSS_4654_wanner_regulondb,24.0,23,0,TTAAGATAGCTAGTCCCCCA,23,167024
TSS_4654_wanner_regulondb,24.0,23,0,TCAAAAATTCTGTGAGTCCT,23,142602
TSS_4654_wanner_regulondb,24.0,23,0,GTTCCGTCGCGCTTTGTATT,23,165183
TSS_4654_wanner_regulondb,24.0,23,0,GGACTTTAGGACAGTATTGT,23,134566
TSS_4654_wanner_regulondb,24.0,23,0,CATACACAGCTTAGTTTTCA,23,145072
TSS_4654_wanner_regulondb,24.0,23,0,CAAGGGTCACCCTGTTATTC,23,148275
TSS_4654_wanner_regulondb,24.0,23,0,AGCAACAAGCGTGGTTGGGG,23,155191
TSS_4654_wanner_regulondb,24.0,23,0,ACACTTTTTACAAAATAAAG,23,160050
TSS_4654_wanner_regulondb,23.0,22,0,CTCTTTTACGGTGGTCGCGT,22,142400
TSS_4654_wanner_regulondb,23.0,22,0,CTCTGGAAACGGATAGGTCG,22,125635
TSS_4654_wanner_regulondb,23.0,22,0,CGCATTTTGGGACCGTGGAT,22,144594
TSS_4654_wanner_regulondb,23.0,22,0,CCTCTTCCCAACCATGTACT,22,136926
TSS_4654_wanner_regulondb,23.0,22,0,ATAAGTTTAACATGTGCTCC,22,149740
TSS_4654_wanner_regulondb,23.0,22,0,AGGTGGTGGACATGTAGACT,22,154035
TSS_4654_wanner_regulondb,22.0,21,0,GGGCTCTGTGTTTTTTCACT,21,148043
TSS_4654_wanner_regulondb,22.0,21,0,GGCAGCGGAGTTAACATATG,21,136662
TSS_4654_wanner_regulondb,22.0,21,0,CCGTTCCCTTGCATATCTTC,21,174561
TSS_4654_wanner_regulondb,22.0,21,0,CCCAATGGACGTCCCTCGTA,21,157487
TSS_4654_wanner_regulondb,22.0,21,0,AGTACAAGGTAATTCTACTA,21,133810
TSS_4654_wanner_regulondb,22.0,21,0,AAACATATTATGTGTTCCCT,21,135881
TSS_4654_wanner_regulondb,21.0,20,0,GATATGTAACAAGGCCCCCT,20,136712
TSS_4654_wanner_regulondb,21.0,20,0,GAGCCGAGGTAATCACGCGG,20,170351
TSS_4654_wanner_regulondb,21.0,20,0,CATGGAAACTGTTCGCTAGT,20,147454
TSS_4654_wanner_regulondb,21.0,20,0,AGATAAGGTTATGAATCGCT,20,134284
TSS_4654_wanner_regulondb,21.0,20,0,ACACGATCCTTTCATCCCCC,20,141137
TSS_4654_wanner_regulondb,20.0,19,0,TTTTCAACCCGCCCACCATT,19,169835
TSS_4654_wanner_regulondb,20.0,19,0,GTAAGCACGCTTGCTTATAA,19,151949
TSS_4654_wanner_regulondb,20.0,19,0,GGCCTACGTGAGATGAGCCG,19,141902
TSS_4654_wanner_regulondb,20.0,19,0,GGCATCGCGCTCCGAGAATG,19,152361
TSS_4654_wanner_regulondb,20.0,19,0,GGCAACCACATGGTTAGAAT,19,145494
TSS_4654_wanner_regulondb,20.0,19,0,CGGTTAACGCTGGAGTTGAT,19,149540
TSS_4654_wanner_regulondb,20.0,19,0,CGGAATGACCCCGATGGGCA,19,126733
TSS_4654_wanner_regulondb,20.0,19,0,ATACCCTAATATTAGCACAA,19,154121
TSS_4654_wanner_regulondb,20.0,19,0,AGGGTCCCTGAACGTGCGCG,19,171447
TSS_4654_wanner_regulondb,19.0,18,0,TCTCACGGACCCTTGGTAGA,18,163333
TSS_4654_wanner_regulondb,19.0,18,0,CGGCTGCTCTGTAAAGATTA,18,143297
TSS_4654_wanner_regulondb,19.0,18,0,CGAAATCTCTTGTGTTTCAT,18,157209
TSS_4654_wanner_regulondb,19.0,18,0,CAGAGTAGTTCCGTACGACA,18,163214
TSS_4654_wanner_regulondb,19.0,18,0,ATGGTTTTTGGAGTGGAGAA,18,137531
TSS_4654_wanner_regulondb,19.0,18,0,ATGGCTAACTGTGACGAGCC,18,153805
TSS_4654_wanner_regulondb,19.0,18,0,ATCATATAAGATAAGTTCAA,18,129952
TSS_4654_wanner_regulondb,19.0,18,0,AGGCACTTCCTCACTGGGCT,18,143749
TSS_4654_wanner_regulondb,19.0,18,0,ACAATCTGACTGAGCGCAGG,18,160151
TSS_4654_wanner_regulondb,19.0,18,0,AAATGACACAGTAGCACTAA,18,133820
TSS_4654_wanner_regulondb,18.0,17,0,TTTATGATTATGCTTTCATC,17,154517
TSS_4654_wanner_regulondb,18.0,17,0,TTCACGTTCCGTAGGGGTCT,17,167320
TSS_4654_wanner_regulondb,18.0,17,0,TGGTCCACCTAAGGCCCGGG,17,159382
TSS_4654_wanner_regulondb,18.0,17,0,TCAGATCTATTTGTCAGTAC,17,134259
TSS_4654_wanner_regulondb,18.0,17,0,GGGTTGCGCAATAATGGGCG,17,152869
TSS_4654_wanner_regulondb,18.0,17,0,GCCCCTGACCTATTTGGCCA,17,170892
TSS_4654_wanner_regulondb,18.0,17,0,CTGGCATAGTTAGTTGAGGG,17,155297
TSS_4654_wanner_regulondb,18.0,17,0,CAGCGGAACCGTACAATATA,17,168388
TSS_4654_wanner_regulondb,18.0,17,0,AAGTTTCGGCAAGAGCGCAT,17,149402
TSS_4654_wanner_regulondb,18.0,17,0,AAGAGATCTCCGCACACTAT,17,167637
TSS_4654_wanner_regulondb,17.0,16,0,TCGTGAACTGCTCGATAAAG,16,125621
TSS_4654_wanner_regulondb,17.0,16,0,GTCTGATCCCTTTAGCTGCA,16,139797
TSS_4654_wanner_regulondb,17.0,16,0,CTTTAATCAGCAAGGGGCTA,16,166531
TSS_4654_wanner_regulondb,17.0,16,0,CGTAAAGAACCCGGGATCCT,16,151389
TSS_4654_wanner_regulondb,16.0,15,0,TTGCCCGGGTAGGTACCCGC,15,131948
TSS_4654_wanner_regulondb,16.0,15,0,TGCCGGTTATTTCAAAAATG,15,156539
TSS_4654_wanner_regulondb,16.0,15,0,TCAAGACGCTCCCGTCAGAC,15,141448
TSS_4654_wanner_regulondb,16.0,15,0,TATCTCTTAGTCTCTTCCAC,15,172490
TSS_4654_wanner_regulondb,16.0,15,0,GTTTTTTTACTGTCACAGGG,15,154269
TSS_4654_wanner_regulondb,16.0,15,0,GTGTCCGGCATGCCCTTAGA,15,133205
TSS_4654_wanner_regulondb,16.0,15,0,GGGCTAGAGATTAGTGAACA,15,136007
TSS_4654_wanner_regulondb,16.0,15,0,CACGCACGTATGGGACATTA,15,171309
TSS_4654_wanner_regulondb,16.0,15,0,AGGGCTTTTCATCAAGACTG,15,150977
TSS_4654_wanner_regulondb,16.0,15,0,AATAATCCATCGTGCACATT,15,132866
TSS_4654_wanner_regulondb,15.0,14,0,TTCCTATCGACTAATATTCG,14,174646
TSS_4654_wanner_regulondb,15.0,14,0,AGACTCTGCTCATATAACGA,14,172783
TSS_4654_wanner_regulondb,15.0,14,0,ACCGTCAACTGCGGCGGTCA,14,149334
TSS_4654_wanner_regulondb,14.0,13,0,TTATCCAACCGACAGGCGGA,13,155788
TSS_4654_wanner_regulondb,14.0,13,0,TGCCGTAATGAATTGCGCGC,13,133259
TSS_4654_wanner_regulondb,14.0,13,0,TCGGATAGTGAACGCTTGTG,13,168188
TSS_4654_wanner_regulondb,14.0,13,0,TCAGACTGGAGGGAAAAACG,13,168401
TSS_4654_wanner_regulondb,14.0,13,0,GGGCGGTTAGCGGGCAACAG,13,154296
TSS_4654_wanner_regulondb,14.0,13,0,GAGTTCTATAGCATCGAACT,13,154255
TSS_4654_wanner_regulondb,14.0,13,0,CTCTCTGGAGTTCTTGCGGA,13,152926
TSS_4654_wanner_regulondb,14.0,13,0,CTACAACCAGCACGACTTCC,13,164648
TSS_4654_wanner_regulondb,14.0,13,0,CGGAAACATAGTTAACGGCT,13,155076
TSS_4654_wanner_regulondb,14.0,13,0,CCAGTCACATGGTGTAGTAC,13,165015
TSS_4654_wanner_regulondb,14.0,13,0,ATGTCTCGGGGGACAATCGG,13,154251
TSS_4654_wanner_regulondb,14.0,13,0,ATCACTAGGTTGGCGGTCTG,13,167873
TSS_4654_wanner_regulondb,14.0,13,0,ACTCGGAGACCCCACAGTGG,13,132990
TSS_4654_wanner_regulondb,14.0,13,0,AAGGGTTAGCGTTATTGTCT,13,157688
TSS_4654_wanner_regulondb,13.0,12,0,TCCCGGCTTCGTACGACGAC,12,147512
TSS_4654_wanner_regulondb,13.0,12,0,GTGTGTCCAAGTTTAAGAGC,12,132314
TSS_4654_wanner_regulondb,13.0,12,0,CCTGTTAAGGCGTCCCGTAG,12,144665
TSS_4654_wanner_regulondb,13.0,12,0,CCTCCAGTTCCCAGGAGTCG,12,150520
TSS_4654_wanner_regulondb,13.0,12,0,ATTCCTTGTGGAGGTCTGGC,12,142353
TSS_4654_wanner_regulondb,13.0,12,0,ATATAACAAGCATACGCTGA,12,128546
TSS_4654_wanner_regulondb,13.0,12,0,AGGGTCGTGGCATCAGTAAA,12,166350
TSS_4654_wanner_regulondb,13.0,12,0,AGGGACGGTCGGGAGCTCCT,12,145645
TSS_4654_wanner_regulondb,13.0,12,0,ACGTCACCTGGACATGTTTA,12,163136
TSS_4654_wanner_regulondb,12.0,11,0,TTGGTGGTCAGCTCATACAT,11,135678
TSS_4654_wanner_regulondb,12.0,11,0,TTATGTATGATAGCACGCAT,11,174770
TSS_4654_wanner_regulondb,12.0,11,0,TGGTGTTCATTGTGTCCACC,11,159841
TSS_4654_wanner_regulondb,12.0,11,0,TGGCTTGGGGGTTTATGCGA,11,168559
TSS_4654_wanner_regulondb,12.0,11,0,TGAGAGCTACGCCAAAAACA,11,155389
TSS_4654_wanner_regulondb,12.0,11,0,TCTAAGACATATACAGAACC,11,164082
TSS_4654_wanner_regulondb,12.0,11,0,GCCACTGGGAAGGCCTCTTC,11,144948
TSS_4654_wanner_regulondb,12.0,11,0,GCAATTCAGCATTTCAGCGT,11,171008
TSS_4654_wanner_regulondb,12.0,11,0,CTTAGGACAGGGGTCTTCCA,11,163037
TSS_4654_wanner_regulondb,12.0,11,0,ACGTCGGGTAGGTCACACGT,11,131291
TSS_4654_wanner_regulondb,12.0,11,0,AAATTTTCGTGAACAAGGAT,11,130507
TSS_4654_wanner_regulondb,12.0,11,0,AAAGACCATAATACCCTACT,11,174976
TSS_4654_wanner_regulondb,11.0,10,0,TCGGCTTACCCACTTACAAC,10,131792
TSS_4654_wanner_regulondb,11.0,10,0,TCGACCTCCGGCAACGCAAG,10,142841
TSS_4654_wanner_regulondb,11.0,10,0,GCTAGTCCTGCATCGCAGCC,10,174430
TSS_4654_wanner_regulondb,11.0,10,0,GCGGATTATGTTTATATCCA,10,129388
TSS_4654_wanner_regulondb,11.0,10,0,CTGATCCCCCTACCGTAACC,10,149508
TSS_4654_wanner_regulondb,11.0,10,0,CCCCGCCTCCGAGCAGACTA,10,135017
TSS_4654_wanner_regulondb,11.0,10,0,CATCTGTGCTCACAAATGTG,10,161541
TSS_4654_wanner_regulondb,10.0,9,0,TTGCCTCTCCACAGAGGGTC,9,132410
TSS_4654_wanner_regulondb,10.0,9,0,TTAACGTGTAAATGGGGTTT,9,165254
TSS_4654_wanner_regulondb,10.0,9,0,TGCTCACAACGGCGGCATGC,9,155332
TSS_4654_wanner_regulondb,10.0,9,0,TGATCAATAATTGGACACTA,9,148620
TSS_4654_wanner_regulondb,10.0,9,0,GCGGCTCAGGGGTCGCTCGT,9,145435
TSS_4654_wanner_regulondb,10.0,9,0,CCGAGCTCTTATATGTTCTT,9,152488
TSS_4654_wanner_regulondb,10.0,9,0,CATAACCGTTCGATGACCGT,9,166974
TSS_4654_wanner_regulondb,10.0,9,0,ATGCATCCTTTGGCGAGTCG,9,156521
TSS_4654_wanner_regulondb,10.0,9,0,ATAAAGGAGGTGGCGCCGCA,9,165669
TSS_4654_wanner_regulondb,10.0,9,0,AGAGTCTGTTAGTGGGTCCA,9,151709
TSS_4654_wanner_regulondb,10.0,9,0,AACTCATGAGGCGCTAGAGG,9,130042
TSS_4654_wanner_regulondb,10.0,9,0,AAACCAGATCGTTATGCGCA,9,173454
TSS_4654_wanner_regulondb,9.0,8,0,TGAATCATCAAACTCCTTCT,8,132138
TSS_4654_wanner_regulondb,9.0,8,0,TCGTTCTAATACCATCACAC,8,131059
TSS_4654_wanner_regulondb,9.0,8,0,GGCCCTGTATACAGTGACAG,8,142112
TSS_4654_wanner_regulondb,9.0,8,0,GATAAACAAAATCATGCTGA,8,144935
TSS_4654_wanner_regulondb,9.0,8,0,GAGGTTACCGTCATTAAGTG,8,156425
TSS_4654_wanner_regulondb,9.0,8,0,GAGGCACTCGGGGCGTTAAT,8,173649
TSS_4654_wanner_regulondb,9.0,8,0,CGATGTCTTTACAGAATCCA,8,161522
TSS_4654_wanner_regulondb,9.0,8,0,ACTTCCCATAGTCTGTCCTA,8,164174
TSS_4654_wanner_regulondb,9.0,8,0,ACGTACGCTGTTGACCGGCA,8,165946
TSS_4654_wanner_regulondb,8.0,7,0,TCATCGCAATGAGTACCTGT,7,151257
TSS_4654_wanner_regulondb,8.0,7,0,GGAGTAAGTGCAAGGTCGAT,7,138466
TSS_4654_wanner_regulondb,8.0,7,0,GCCATACCGGTGGAAAGTAG,7,170333
TSS_4654_wanner_regulondb,8.0,7,0,GCCAAGGAGATGTGTAATAG,7,134275
TSS_4654_wanner_regulondb,8.0,7,0,CTCACCAAGGAATATCTTTG,7,124962
TSS_4654_wanner_regulondb,8.0,7,0,AATAATGAGAAATGTCTTTC,7,161013
TSS_4654_wanner_regulondb,7.0,6,0,TAAGAATCCCTGCACGTTAG,6,140191
TSS_4654_wanner_regulondb,7.0,6,0,GTCCAAATCGGGGGGTGTGC,6,152254
TSS_4654_wanner_regulondb,7.0,6,0,GAGAACAAACTCTACCGTGG,6,132196
TSS_4654_wanner_regulondb,7.0,6,0,GACTCGAATAAGGGTACTAT,6,155577
TSS_4654_wanner_regulondb,7.0,6,0,CTAGTTGGGGTCCCACACAG,6,154812
TSS_4654_wanner_regulondb,7.0,6,0,CGTGGTAGAGACCAGGAGAA,6,164720
TSS_4654_wanner_regulondb,7.0,6,0,CAAGGTATGCGTAGGTTAAC,6,145710
TSS_4654_wanner_regulondb,7.0,6,0,ATCACAATCTGACGACTGGT,6,147293
TSS_4654_wanner_regulondb,7.0,6,0,AATAATCAAGGGCCAATGCC,6,137528
TSS_4654_wanner_regulondb,6.0,5,0,TATTATTATAACTATATTAC,5,153215
TSS_4654_wanner_regulondb,6.0,5,0,TACTGCGAGAAAGTGAACAT,5,156740
TSS_4654_wanner_regulondb,6.0,5,0,GCTTATTTTCGCGCCGGTTA,5,128778
TSS_4654_wanner_regulondb,6.0,5,0,GCTAGATAGCTCTGCCGCGG,5,155363
TSS_4654_wanner_regulondb,6.0,5,0,GCGATTAGGAAAGGCGCTGT,5,152866
TSS_4654_wanner_regulondb,6.0,5,0,CGGTCCCCCCGGCTAGAAAT,5,150430
TSS_4654_wanner_regulondb,6.0,5,0,CCTAGCCTGCCAGTCATCTA,5,136014
TSS_4654_wanner_regulondb,6.0,5,0,CCGAATCTTGCTGTTGCAAA,5,151954
TSS_4654_wanner_regulondb,6.0,5,0,CAAGCGAGGAATTTAGTGTC,5,127814
TSS_4654_wanner_regulondb,6.0,5,0,AGAACATCGAGAACTGACAA,5,137749
TSS_4654_wanner_regulondb,6.0,5,0,ACCTGATAACTAATAGTGGA,5,173963
TSS_4654_wanner_regulondb,6.0,5,0,AAGTCCTGTAGTTTGCGGAA,5,161550
TSS_4654_wanner_regulondb,6.0,5,0,AAAGGGCCACCTTACAAGGC,5,138517
TSS_4654_wanner_regulondb,5.0,4,0,TTGGGACACGTCTCGAACAT,4,127030
TSS_4654_wanner_regulondb,5.0,4,0,TGAAGATGAAATGCCCCGGA,4,173629
TSS_4654_wanner_regulondb,5.0,4,0,GTCGGAAGGAAAGGTGAAGC,4,167767
TSS_4654_wanner_regulondb,5.0,4,0,GCTCACTAATCGCGGGGTGG,4,160776
TSS_4654_wanner_regulondb,5.0,4,0,GACATGTTTGGCACCCATCG,4,166363
TSS_4654_wanner_regulondb,5.0,4,0,CTTATGCGTTAATTGTTCGT,4,133336
TSS_4654_wanner_regulondb,5.0,4,0,CGTATACGTCAAAGGATGTT,4,163655
TSS_4654_wanner_regulondb,5.0,4,0,CCTGGACCGGTGTGCTGGTA,4,134684
TSS_4654_wanner_regulondb,5.0,4,0,CCACGAGCCGCAGTTTCAAT,4,168206
TSS_4654_wanner_regulondb,5.0,4,0,CAGTTTTAAAGAAGGATCCT,4,162263
TSS_4654_wanner_regulondb,5.0,4,0,CAAGTGTTCTCGAAACATGG,4,130909
TSS_4654_wanner_regulondb,5.0,4,0,ATTAGCATTGGTGCTGCAAT,4,142444
TSS_4654_wanner_regulondb,5.0,4,0,ACAGTTTAGTAGAGTTAATC,4,130022
TSS_4654_wanner_regulondb,4.0,3,0,GTGCTTCCAATCAATTGTTA,3,155037
TSS_4654_wanner_regulondb,4.0,3,0,GTAAGCTTCAAACGATTTAT,3,142945
TSS_4654_wanner_regulondb,4.0,3,0,GGCATATGTATTGTGTTCCG,3,146355
TSS_4654_wanner_regulondb,4.0,3,0,GATCGTATGGGCACGTTGTC,3,162814
TSS_4654_wanner_regulondb,4.0,3,0,CGACTGATCGTTGATGGGGT,3,142594
TSS_4654_wanner_regulondb,4.0,3,0,CCCTGTTGTGCCTGTGTATC,3,149242
TSS_4654_wanner_regulondb,4.0,3,0,CCAGAACTTGTTAATTAATT,3,174443
TSS_4654_wanner_regulondb,4.0,3,0,CATGATATCTTGCATATGGA,3,165594
TSS_4654_wanner_regulondb,4.0,3,0,CAGTTTGTGAAAGAGGATAA,3,171645
TSS_4654_wanner_regulondb,4.0,3,0,CAAAGCGCGTCCTGTCAAAC,3,167260
TSS_4654_wanner_regulondb,4.0,3,0,ATGGTGTACATAGATTATAA,3,173580
TSS_4654_wanner_regulondb,4.0,3,0,ATACATGGCAGGGACCCTAT,3,166065
TSS_4654_wanner_regulondb,4.0,3,0,AGATCAATTGGATTCTGAAA,3,137256
TSS_4654_wanner_regulondb,4.0,3,0,ACGTACAGCGCGAACGAATG,3,137105
TSS_4654_wanner_regulondb,4.0,3,0,AAGTTGGACGCATCGTTAAT,3,142291
TSS_4654_wanner_regulondb,3.0,2,0,TTAGCCTTGCCGAGTTATCT,2,164368
TSS_4654_wanner_regulondb,3.0,2,0,TGGGGTGGGGAGAGCAGGGC,2,150763
TSS_4654_wanner_regulondb,3.0,2,0,TCGGTGCCGGCCATCATGAA,2,126952
TSS_4654_wanner_regulondb,3.0,2,0,TATGGTGCGCGGCGAGTTTA,2,145894
TSS_4654_wanner_regulondb,3.0,2,0,GAATGGATACGCTAACACGC,2,145194
TSS_4654_wanner_regulondb,3.0,2,0,CGGAGGGGACCTCCCTTTCC,2,128943
TSS_4654_wanner_regulondb,3.0,2,0,CCTTTTTGGTCCCGAGTCCT,2,169382
TSS_4654_wanner_regulondb,3.0,2,0,ATGTATTGCGGTGTTCTGGG,2,171234
TSS_4654_wanner_regulondb,3.0,2,0,AATGAGAAAGCACAGTAACT,2,160306
TSS_4654_wanner_regulondb,2.0,1,0,TTTCGGCCGACTGATCAACT,1,158336
TSS_4654_wanner_regulondb,2.0,1,0,TGGAACTGTGACAATCTTGG,1,140900
TSS_4654_wanner_regulondb,2.0,1,0,TGCATAGTATCCTGGCGGCA,1,173793
TSS_4654_wanner_regulondb,2.0,1,0,TCGGCCACATATAACGGGGT,1,140973
TSS_4654_wanner_regulondb,2.0,1,0,TCCTCGCAGCAATGGATAAA,1,157590
TSS_4654_wanner_regulondb,2.0,1,0,TCATAAAGGCAAGACCGGCC,1,157399
TSS_4654_wanner_regulondb,2.0,1,0,TATGTCTCTATAACTCCCAT,1,129594
TSS_4654_wanner_regulondb,2.0,1,0,TATACGAGAGGCGTCGGGTA,1,156537
TSS_4654_wanner_regulondb,2.0,1,0,TAGATCTGTCTATAAAGCTC,1,168921
TSS_4654_wanner_regulondb,2.0,1,0,TAAGGCCGGGTTCTGATGAC,1,169349
TSS_4654_wanner_regulondb,2.0,1,0,GTCAATCGTGCGGGTTGGTT,1,171614
TSS_4654_wanner_regulondb,2.0,1,0,GTACTTGATTTCTGCCGGTG,1,125466
TSS_4654_wanner_regulondb,2.0,1,0,GCTCTTGCGTTTAGGTTCAC,1,152588
TSS_4654_wanner_regulondb,2.0,1,0,GCGTTTGGCCTCCTGAACTA,1,156872
TSS_4654_wanner_regulondb,2.0,1,0,GAGATGAGAAAATTCCAAAA,1,143399
TSS_4654_wanner_regulondb,2.0,1,0,CTTATCATATAAAAGGTCGG,1,169483
TSS_4654_wanner_regulondb,2.0,1,0,CGGATTCTAAGTCACTGGCT,1,153358
TSS_4654_wanner_regulondb,2.0,1,0,CGGACCAAACGGGTGGTCTC,1,135909
TSS_4654_wanner_regulondb,2.0,1,0,CCGCGGATGAGATATATCTG,1,162533
TSS_4654_wanner_regulondb,2.0,1,0,CCCCGCACTGTTTAAATCGA,1,167288
TSS_4654_wanner_regulondb,2.0,1,0,CATGAGTAGAATAACGTGCG,1,147788
TSS_4654_wanner_regulondb,2.0,1,0,CACTCGACGACAGCTGGTAT,1,158429
TSS_4654_wanner_regulondb,2.0,1,0,CACGGTAAACCGACCCTTAG,1,150854
TSS_4654_wanner_regulondb,2.0,1,0,ATTCAGCCACGAGTGGCGAC,1,167407
TSS_4654_wanner_regulondb,2.0,1,0,ATGTCTCCGAAGCTGCGTCT,1,153929
TSS_4654_wanner_regulondb,2.0,1,0,ATCGTTTGCGAGGAATTGGA,1,172211
TSS_4654_wanner_regulondb,2.0,1,0,ATATCATTGTACCCCGGTCA,1,170124
TSS_4654_wanner_regulondb,2.0,1,0,AGGCCCAAGGTACCGGTTCA,1,160635
TSS_4654_wanner_regulondb,2.0,1,0,AGATTTTCGTTGAGTGCCTA,1,141995
TSS_4654_wanner_regulondb,2.0,1,0,AATGTGGATCTTGAAGGCTT,1,159218
TSS_4654_wanner_regulondb,2.0,1,0,AACTGTCCGCAGAATTGACT,1,163748
