name,relative_counts,ct,ct_0,barcode,ct_1,barcode_ind
gyrAp,8.285714285714286,128,13,ATTGGCTCAGACTTCATGTT,115,1755461
gyrAp,1.3333333333333333,19,8,GATAGCGGCAGCGACTCGTT,11,1750110
gyrAp,4.777777777777778,50,8,CCCTCAACTCGGCCGGACTA,42,1753501
gyrAp,4.888888888888889,51,8,AATCACGATTGTCTGAGACA,43,1763000
gyrAp,2.875,29,7,TTCACGCCCCCCACTAGATG,22,1749702
gyrAp,0.75,12,7,GTTTTGCTCCAGCCGGAGGC,5,1746050
gyrAp,0.25,8,7,GTAGGGCGAGACTGCGATGT,1,1750472
gyrAp,1.25,16,7,GCCTCCCCCGGGCGCTATAC,9,1757966
gyrAp,2.142857142857143,20,6,TGCTGCCGAAGTTCGCGTAT,14,1741819
gyrAp,3.142857142857143,27,6,TATGTACGATTTTCGGGGAT,21,1745351
gyrAp,4.142857142857143,34,6,TACTCGAGAGTGACCACCCT,28,1742798
gyrAp,8.714285714285714,66,6,TAAGTTTTACTCCGAGGTAC,60,1745512
gyrAp,0.42857142857142855,8,6,GTTTCAGGGCAGGAGCTACT,2,1751054
gyrAp,2.142857142857143,20,6,CACACGTCAGTGTCACTCTA,14,1741535
gyrAp,0.7142857142857143,10,6,ACGGAGGTTCTTATAGATCA,4,1753156
gyrAp,2.0,16,5,TGCGTAGGCAGAATTTTTTA,11,1757738
gyrAp,5.0,34,5,TAAAGAAGGATTAAGTACCG,29,1753955
gyrAp,2.5,19,5,GGACTTTGGGTAGATCCTAT,14,1749601
gyrAp,14.833333333333334,93,5,ACCGTAGGGTACAATATAGA,88,1746808
gyrAp,2.2,14,4,TTTATGTCATTCTTCTGGAT,10,1752205
gyrAp,7.0,38,4,TTGAGTGTAGTAATGGGCGT,34,1764423
gyrAp,3.6,21,4,TTCCCCGGGTCGCGTTCCGG,17,1761819
gyrAp,2.4,15,4,GCGCACAATCGCGCCAAGCC,11,1742868
gyrAp,12.8,67,4,CTTATGCAACGGTGGGTATA,63,1754683
gyrAp,3.2,19,4,CTCAACATTACTGGGAGTCG,15,1741913
gyrAp,2.2,14,4,CGCTTAGATCAGGACGTGAC,10,1742977
gyrAp,3.8,22,4,CCGAGTTTGTGGCACAAGCA,18,1749131
gyrAp,1.8,12,4,CCCAAGTGCTTAGGGCAAGA,8,1741579
gyrAp,0.8,7,4,CACCAGGTGTGTAGATTCAT,3,1749627
gyrAp,2.6,16,4,ATTCATCTTTATTACCTATA,12,1747677
gyrAp,5.2,29,4,ATTATACTCTGCGCCGCGAT,25,1747654
gyrAp,3.2,19,4,AGCATCTCAGTAAAGCAGTA,15,1764773
gyrAp,4.4,25,4,AGACAAAACTCGTCAGTCAC,21,1743702
gyrAp,1.4,10,4,AAGACCACATTCGCCCGATA,6,1754800
gyrAp,5.0,22,3,TTTATACGTCACAACACCTT,19,1743466
gyrAp,1.5,8,3,TTCTTTTGGTTTAGGCGGCA,5,1768499
gyrAp,5.0,22,3,TGTGCGTTCGGGCACTCTTC,19,1751517
gyrAp,4.25,19,3,TGGTTCCCAATTTTTGAGGA,16,1769354
gyrAp,1.75,9,3,TGGATGGGAAACGTTTGGGA,6,1752033
gyrAp,2.75,13,3,TGCTCGTATGCAGGATGGTT,10,1769731
gyrAp,6.5,28,3,TATTCTGGGATTCGTAAGCT,25,1754619
gyrAp,5.75,25,3,GTTAAGCCTGAGGAAAGAGT,22,1745092
gyrAp,10.5,44,3,GTGGCAGCATGCATGGATAA,41,1758254
gyrAp,2.75,13,3,GTACCCCTCATGCCTTTCTT,10,1766262
gyrAp,6.0,26,3,GGAATCAAAGCTGCGATCGA,23,1745278
gyrAp,1.5,8,3,GCGACAGGGCGCTGGACTAA,5,1766210
gyrAp,2.25,11,3,GAAGTCCGCAGTGTTACCTT,8,1761953
gyrAp,3.0,14,3,CTGTCCTCGATTTCGGGAAA,11,1748951
gyrAp,4.0,18,3,CTAAGCACCTCGTTAGGGAT,15,1762930
gyrAp,2.0,10,3,CGTCAGCTGTAGACTCGCTA,7,1749793
gyrAp,3.0,14,3,CGTATACCCAAAGGACTCGA,11,1744576
gyrAp,8.5,36,3,CGCTGTTGGCTGCAGTTACT,33,1764973
gyrAp,0.5,4,3,CGATTTAGTCTCACCCAAGT,1,1745826
gyrAp,3.25,15,3,CGAGCTCTGGTTCATAGGCT,12,1746528
gyrAp,5.25,23,3,CCGTGTACACTTTGTGAGTT,20,1758086
gyrAp,6.25,27,3,CCCGTCAGGTCCACATTGAA,24,1759707
gyrAp,6.75,29,3,CCACTCAAGCGGATCAGCTA,26,1745642
gyrAp,1.0,6,3,CATGTCTTATGTAAGCATTA,3,1759099
gyrAp,1.0,6,3,CATGGTTCCATGGGCCTCTA,3,1763825
gyrAp,4.5,20,3,CAAGGGCAACCATGTGGGTC,17,1742397
gyrAp,9.25,39,3,ATATATACCTAATGCTCTTT,36,1748686
gyrAp,6.75,29,3,AGTGATTAGCGCCCTGGAGC,26,1747023
gyrAp,3.75,17,3,AGGGACATGCGAAGGCCGTC,14,1767301
gyrAp,0.5,4,3,AGCCTCCGCAGGTAATGAGT,1,1744071
gyrAp,2.0,10,3,AGCCTATAAGGCACGCTGGG,7,1754820
gyrAp,4.5,20,3,AATGGCTGTATTAAATGTGC,17,1750401
gyrAp,5.666666666666667,18,2,TTTTAAATGTTCAAATCTTA,16,1741624
gyrAp,3.3333333333333335,11,2,TTGGTGTACAATAGCACTTA,9,1765385
gyrAp,5.333333333333333,17,2,TTCTCTCGTGAACCATTCAG,15,1765695
gyrAp,5.333333333333333,17,2,TTAGCTTTCCGTCGCAGTAT,15,1768281
gyrAp,3.6666666666666665,12,2,TGAGTTGAACGACACATGAA,10,1769299
gyrAp,5.333333333333333,17,2,TCGTAATACGCATGCTTTGT,15,1742799
gyrAp,5.666666666666667,18,2,TCGATACGCGTGGATTTCCC,16,1744149
gyrAp,1.0,4,2,TAGGGACCCTTATTGGACAC,2,1756417
gyrAp,1.3333333333333333,5,2,TAGCTGTAGGCTGCACCATG,3,1765202
gyrAp,2.0,7,2,TACTGCCGGCCAACCGCTCT,5,1769724
gyrAp,13.333333333333334,41,2,TACGTCGGTCAGGAATGTTA,39,1747991
gyrAp,1.6666666666666667,6,2,GTTAACAGATGCGTTAACAA,4,1752071
gyrAp,7.0,22,2,GTGTGGCACCGACCATTGAG,20,1765508
gyrAp,0.6666666666666666,3,2,GTCGTAGTTCGGGTGTACGA,1,1749178
gyrAp,2.6666666666666665,9,2,GTAGGCATCCCGTTTGGAAT,7,1759612
gyrAp,2.0,7,2,GGGACTACGGCGCGCGTCTC,5,1746776
gyrAp,4.666666666666667,15,2,GGCTCCGCTTACCGCGTCAT,13,1767966
gyrAp,0.6666666666666666,3,2,GCTGGGGCCAGGTTGTGGAC,1,1742233
gyrAp,5.666666666666667,18,2,GCTCGTGAAGTTCACAATTG,16,1759247
gyrAp,17.333333333333332,53,2,GCGCCGGGCAGAGGTGAGAC,51,1744720
gyrAp,10.666666666666666,33,2,GCGAACGTGGCCTGCTTATG,31,1762749
gyrAp,6.0,19,2,GCCCCCATTCTGAGGTCGGA,17,1743780
gyrAp,6.666666666666667,21,2,GACCTGTTGTTAGGCAGGTG,19,1765105
gyrAp,6.333333333333333,20,2,GAAATTGGTCGTCGGACCTT,18,1761499
gyrAp,2.0,7,2,GAAATGTTATTTCGGCTTCT,5,1743642
gyrAp,3.6666666666666665,12,2,CTGTTGGTCGAGCCCATGCA,10,1745607
gyrAp,4.666666666666667,15,2,CTGCATGCGGATAAGGCCTG,13,1762583
gyrAp,2.6666666666666665,9,2,CTCAAGACTACACCAGGTAG,7,1762970
gyrAp,5.333333333333333,17,2,CTATTATACAGTTCGTACCT,15,1757218
gyrAp,9.0,28,2,CGTGTATCGTCGTGATACTA,26,1753375
gyrAp,1.3333333333333333,5,2,CGTGACAGATTCGCCTGCCA,3,1753568
gyrAp,10.0,31,2,CGGTGTCTGGTTCTTAGGGT,29,1768158
gyrAp,7.0,22,2,CGCTCCACAAAACTGCCCAA,20,1768239
gyrAp,0.6666666666666666,3,2,CGAGCACATTTTGTGCGGAC,1,1766812
gyrAp,0.6666666666666666,3,2,CATTCGTCTAGCGCGTTAAT,1,1768376
gyrAp,0.6666666666666666,3,2,CATACTCTGAAGGATTAACT,1,1764959
gyrAp,2.0,7,2,CATAACCCTTGAGATCCCAT,5,1745280
gyrAp,2.6666666666666665,9,2,CAGGGTCTATCCAATCGTGT,7,1768920
gyrAp,4.333333333333333,14,2,CAGGGATATTGTGTTACAAA,12,1755206
gyrAp,1.0,4,2,CACACCCGGTCAACACCAGC,2,1770375
gyrAp,3.6666666666666665,12,2,CAAGCATTTGTTTGAAGGGA,10,1765274
gyrAp,3.0,10,2,CAACGTTCTTTGCCCAGTAC,8,1755530
gyrAp,10.0,31,2,CAACCGAGGAATGTGTAGAT,29,1743251
gyrAp,11.0,34,2,ATTTTGATTGGGAATGGCAA,32,1752599
gyrAp,0.6666666666666666,3,2,ATTCGGGTGATGGTAGAGAT,1,1753833
gyrAp,5.333333333333333,17,2,ATGGGTTACTAATAGTATCT,15,1758784
gyrAp,6.333333333333333,20,2,ATCATCCGCCAACCTCGTGT,18,1764428
gyrAp,3.3333333333333335,11,2,AGTCCGGCGTCGATGTCACC,9,1748138
gyrAp,4.0,13,2,AGAGTGGACACCAGTACCCC,11,1748596
gyrAp,10.0,31,2,ACGGTAGGGGACCTCGCAGC,29,1766855
gyrAp,2.0,7,2,ACACATCGGAAACTCACTAC,5,1758623
gyrAp,7.666666666666667,24,2,AATGATAAACTTCAATCTCT,22,1760354
gyrAp,9.0,28,2,AACGAGCTCCGTTCGTCCTA,26,1754530
gyrAp,14.333333333333334,44,2,AAACACTGATACTTCCCTCT,42,1761439
gyrAp,12.0,24,1,TTTTCACTATGTAAGAGCAT,23,1747079
gyrAp,2.0,4,1,TTTCAACATTTTGGTTAGGA,3,1761061
gyrAp,18.5,37,1,TTTATTGGGTCAGCGAGGAC,36,1763181
gyrAp,8.5,17,1,TTGGATCTTCTGTTTAGGAC,16,1760585
gyrAp,2.0,4,1,TTCTTATCGTCTATCCGATG,3,1763947
gyrAp,6.5,13,1,TTCTAGCATACAGCAAGTAT,12,1755647
gyrAp,8.0,16,1,TTCGGTGTCGCTCCGGAAGT,15,1752261
gyrAp,14.0,28,1,TTCCACAGTGGTTCCTGCCC,27,1742601
gyrAp,8.5,17,1,TTATTTCCACCGAGTAACGG,16,1750741
gyrAp,6.0,12,1,TTATGTCGTGTGCAACGTGC,11,1750221
gyrAp,9.0,18,1,TTACCACTTTAATAGCGAAC,17,1769836
gyrAp,7.5,15,1,TTAATCAAAGGGCCGAAATT,14,1749559
gyrAp,3.5,7,1,TTAACTAAGGGTCGAGCGCA,6,1758273
gyrAp,8.0,16,1,TTAAACCCCTTTTCAGACTT,15,1757423
gyrAp,3.5,7,1,TGTTACGGCAGTCCAGACAG,6,1748465
gyrAp,3.0,6,1,TGTTAAGCCGACCGTAGGTT,5,1758284
gyrAp,4.0,8,1,TGTCGGAAGGCTTCAGAGGC,7,1742273
gyrAp,15.0,30,1,TGTACGATGATTGGCCAGCA,29,1743266
gyrAp,8.5,17,1,TGGGCCGACCCGACTTGACT,16,1746062
gyrAp,5.5,11,1,TGGCGCATACGTGTATCTCG,10,1762957
gyrAp,3.0,6,1,TGGAAATATCCAACGCTTAT,5,1750448
gyrAp,2.0,4,1,TGCCTGCCAAGTCCAAGCCC,3,1752925
gyrAp,1.0,2,1,TGACTTCCCGTTGCGGCTAC,1,1752803
gyrAp,11.0,22,1,TGAAGTTTCTCCCATTAGTG,21,1769678
gyrAp,6.0,12,1,TCTGGTGTCGCGAAACGTCG,11,1760846
gyrAp,6.5,13,1,TCTGAAGGTCGTTTATAGAA,12,1768497
gyrAp,2.5,5,1,TCGTCCTACAAATGCTTGTA,4,1744348
gyrAp,9.5,19,1,TCGAGGGTTGTCTGCTGACA,18,1759027
gyrAp,3.0,6,1,TCAGTTCAGGTCGCGGGCGT,5,1762471
gyrAp,8.5,17,1,TCACGCAAGACATGGTAACT,16,1752018
gyrAp,3.0,6,1,TATATTGGTCCCTCTCTAGA,5,1769237
gyrAp,1.0,2,1,TAAGGTACAATCGAACGCTG,1,1760618
gyrAp,1.0,2,1,TAAAAAGGCTCTCAGATCAA,1,1765324
gyrAp,10.5,21,1,GTTTTTCGAGAGCATCTCAA,20,1745641
gyrAp,7.5,15,1,GTTTTACGCAAGCGATCCCC,14,1758493
gyrAp,12.5,25,1,GTTGCTATGCATGCGCACGG,24,1746465
gyrAp,1.0,2,1,GTTATCGGACATGGAATCTG,1,1743899
gyrAp,9.0,18,1,GTGGGTATCGCCTTGTCGGT,17,1767029
gyrAp,15.5,31,1,GTCTAACTGATCGGATGACA,30,1767658
gyrAp,14.0,28,1,GTAAATTGAAGAACGAGCCT,27,1749990
gyrAp,7.0,14,1,GGTACGTAAGGGACCATGGA,13,1768483
gyrAp,6.0,12,1,GGTACATATGTGCATTTTTA,11,1761342
gyrAp,4.5,9,1,GGGTAGCAGATTTAGTTCAA,8,1751822
gyrAp,2.5,5,1,GGGGCCTAAGGTAAGAAGAA,4,1758213
gyrAp,8.0,16,1,GGCGCAAGATGGAGTGAGTG,15,1746063
gyrAp,1.5,3,1,GGCACCGAATGGGCTGGGTG,2,1744946
gyrAp,13.0,26,1,GGATCACGGCTCCAATGACT,25,1746614
gyrAp,7.5,15,1,GGAGTAACTGGGCCTGGGAT,14,1747999
gyrAp,10.5,21,1,GGAGCGTCCACTCACTTTGG,20,1768061
gyrAp,37.5,75,1,GCTCTGAGGCCGGGAACGAT,74,1762914
gyrAp,2.0,4,1,GCTCGAGCTCTTATGAAAAG,3,1755865
gyrAp,14.5,29,1,GCGTGCCTGCCAACGCACAC,28,1755780
gyrAp,9.0,18,1,GCCTCACAAGTTACGGGCAG,17,1743693
gyrAp,1.5,3,1,GCCGATGTGCAAGCCCGGGA,2,1763469
gyrAp,11.5,23,1,GCCGAATACCTGCGGCGGAG,22,1754634
gyrAp,2.0,4,1,GCCCTGGTTCATCGATCATC,3,1752151
gyrAp,5.0,10,1,GCAAATTCAGCTGAGCTAGG,9,1767353
gyrAp,5.0,10,1,GATTGCCAATGATCAACTTA,9,1745910
gyrAp,4.5,9,1,GATGACTGACGCAGCGGTGT,8,1743310
gyrAp,6.0,12,1,GATCATAGCAACTCCTGTAG,11,1749629
gyrAp,8.0,16,1,GAGGTTGGACAATCTACCAA,15,1757399
gyrAp,9.0,18,1,GAGGCCACCCAAGCAGACAA,17,1745715
gyrAp,7.5,15,1,GAGCAGCCAAGATAAAATGT,14,1745052
gyrAp,10.0,20,1,GACTGGTCCCCAGCACCGTT,19,1762056
gyrAp,22.0,44,1,GACTGGGCCATGAGGGCATA,43,1754996
gyrAp,1.0,2,1,GACGCTAGTTTTCGGCTATA,1,1767948
gyrAp,10.5,21,1,GAAGTGTTTGCAGCCGGGCA,20,1759030
gyrAp,2.0,4,1,CTTATTCCGGAAAGAGAGAA,3,1743377
gyrAp,1.0,2,1,CTGTTAAAAGTTAGTCTTCG,1,1759198
gyrAp,8.5,17,1,CTGCTTTGCGTCCCCCTTTG,16,1754588
gyrAp,11.5,23,1,CTGATTATTTATCCATGGGT,22,1752341
gyrAp,1.0,2,1,CTATACCTCCACAGACCGCT,1,1767578
gyrAp,5.5,11,1,CTAGGTTAGCGTGAATCTCT,10,1751817
gyrAp,9.5,19,1,CGTTCACAACCGTTTCTGCA,18,1742106
gyrAp,8.0,16,1,CGTGACTCCCCGCAACTTTA,15,1768719
gyrAp,10.5,21,1,CGTCCGGGAGCTGTATCCAT,20,1758525
gyrAp,7.5,15,1,CGTATGCCTTCCCCAGAGAT,14,1750909
gyrAp,6.5,13,1,CGGTTCCGATCCAAGAACTT,12,1754651
gyrAp,6.5,13,1,CGGGGAAGTTATAACAAACC,12,1743763
gyrAp,1.0,2,1,CGCTTGAGGGAAGAGTGGTT,1,1745701
gyrAp,10.0,20,1,CGCTACTCTGGCCAACCAGT,19,1770432
gyrAp,4.0,8,1,CGCGTCAAATATCAGACTTA,7,1746781
gyrAp,7.0,14,1,CGCGGATCTGAGCAAAGCGC,13,1748486
gyrAp,6.5,13,1,CGCCCCGTTGGGACGTGTAA,12,1742682
gyrAp,9.5,19,1,CGCCAGTGGTCATAGGACAG,18,1746633
gyrAp,1.5,3,1,CGAAGAAGAGGGCTGTCGGA,2,1757843
gyrAp,9.5,19,1,CCGCGACTGTCCTTGTACCA,18,1744147
gyrAp,3.5,7,1,CCCGGACATGGTTTCGGTGT,6,1747000
gyrAp,8.0,16,1,CATGAGCCCGGAAAGCGCTA,15,1762396
gyrAp,2.0,4,1,CATCTTAAGTATCCAGGCAT,3,1765412
gyrAp,12.5,25,1,CACCTACCATAAGGTCTTAG,24,1755364
gyrAp,11.5,23,1,CACCATCTGCTTACGGCGCG,22,1765947
gyrAp,4.5,9,1,CAACTAGCAAATGCCGACCC,8,1763355
gyrAp,8.5,17,1,CAACGCGGTACTTGGGCTGG,16,1741673
gyrAp,10.5,21,1,CAACCAAGCACTTGCTGTTG,20,1760903
gyrAp,11.5,23,1,ATTTGTGAATTCGAATAGGT,22,1764390
gyrAp,5.0,10,1,ATTTCGGCCCTTTAGAGTTT,9,1758699
gyrAp,9.5,19,1,ATTACCGCGCTGAAACGTGA,18,1756725
gyrAp,2.0,4,1,ATGGGACGCTTAGGGAGGTG,3,1743765
gyrAp,1.0,2,1,ATGCTTACGGTCAGTGTTGC,1,1748161
gyrAp,7.0,14,1,ATGCATGGGACGACTCCTGC,13,1752678
gyrAp,6.5,13,1,ATGATCATGAAATTCACTAC,12,1764168
gyrAp,10.0,20,1,ATCGTCTCAGAATAAGATAT,19,1760760
gyrAp,17.0,34,1,ATCCTCTTAAATGTTCTGGT,33,1746789
gyrAp,10.0,20,1,ATCCGGGACCAAATGATCAC,19,1747049
gyrAp,5.5,11,1,ATAGTCCCATTCAGAGTCCT,10,1756626
gyrAp,1.0,2,1,ATAACTTCCGATGATGGAAT,1,1750681
gyrAp,2.0,4,1,AGTGATGCCGGGCAGCCAGG,3,1762184
gyrAp,13.0,26,1,AGGCCGAAGACCCGGCGTTT,25,1746617
gyrAp,8.5,17,1,AGGATAAGGCGTAAATCTTG,16,1751979
gyrAp,7.0,14,1,AGCTAGAAGTTTATAAGAAA,13,1748343
gyrAp,1.0,2,1,AGCAGCCGCTGACTTTGAAC,1,1749185
gyrAp,10.5,21,1,AGACGGATCCGGGTGAGCTG,20,1755912
gyrAp,3.5,7,1,ACGTGTACCGGACAAGGAAG,6,1756646
gyrAp,4.0,8,1,ACGGTAGACGATCGATATAC,7,1753573
gyrAp,16.0,32,1,ACCTGCCTATCGTCCACGCC,31,1763035
gyrAp,14.0,28,1,AATAAAAGGGAACCGGGTAT,27,1749136
gyrAp,1.0,2,1,AACTGAAAATCCCCACCCTC,1,1766773
gyrAp,1.0,2,1,AACACACCGAAAGCGTATCT,1,1750967
gyrAp,8.5,17,1,AAATGTTGCATACCTTGAAT,16,1751283
gyrAp,7.5,15,1,AAACTGTTGCTAAGGTTTAC,14,1749268
gyrAp,15.5,31,1,AAACTACGGAGAACAGACGG,30,1749812
gyrAp,0.1,9,9,ACAATCTGGAGGCACATCTT,0,1742232
gyrAp,0.1111111111111111,8,8,GGCCTCCTTCGACATACTTA,0,1751124
gyrAp,0.1111111111111111,8,8,GCATTGTGCCACATAGAGTG,0,1743293
gyrAp,0.1111111111111111,8,8,CGCGCAAATAGCCCTTCTGA,0,1763510
gyrAp,0.125,7,7,TTGGGACACAGCAGCCACTA,0,1765012
gyrAp,0.125,7,7,TTGGACTCTGAGGACGAACA,0,1764275
gyrAp,0.125,7,7,TGAATAATGCCCCCAAGAAG,0,1746978
gyrAp,0.125,7,7,GGTCCTGTGAAGACTAACGA,0,1764737
gyrAp,0.125,7,7,CAGGAGGTAAACCAAGATTA,0,1753337
gyrAp,0.125,7,7,CACGATCAATAGAGTCGTAT,0,1744324
gyrAp,0.125,7,7,ATTGAAGGTAATGGTAAAAC,0,1750495
gyrAp,0.125,7,7,AAAGAGCTGTGTATCAACGC,0,1765668
gyrAp,0.14285714285714285,6,6,GTCTGCATCCGTTAGAGGTA,0,1751775
gyrAp,0.14285714285714285,6,6,GGATGAGTTAGCAGCGGAGG,0,1743358
gyrAp,0.14285714285714285,6,6,CCGGGATTTTATCGGTGTGA,0,1747192
gyrAp,0.14285714285714285,6,6,ACCGTCTTCGCCTTCAACCC,0,1742382
gyrAp,0.14285714285714285,6,6,AAGGCCTCGGCCGCTTTGGT,0,1746579
gyrAp,0.16666666666666666,5,5,TGGCACCGTCTATCGTATAA,0,1750611
gyrAp,0.16666666666666666,5,5,TGCTAGTACGTTAGCCTGAT,0,1753283
gyrAp,0.16666666666666666,5,5,TGCTAGGGGACTCCCATCAG,0,1746002
gyrAp,0.16666666666666666,5,5,TGAGTAATGTCCTCGCGTAA,0,1748262
gyrAp,0.16666666666666666,5,5,TCGAAGGACTGGCAGAGTAC,0,1742819
gyrAp,0.16666666666666666,5,5,TATGGTTTGCCCTTAACTTT,0,1768675
gyrAp,0.16666666666666666,5,5,TAAGCTTCATCCGAGTAATA,0,1757414
gyrAp,0.16666666666666666,5,5,GTCTTGGGAGGACCAAACCC,0,1763629
gyrAp,0.16666666666666666,5,5,GTAAAGAATAAGCTATGCTT,0,1751516
gyrAp,0.16666666666666666,5,5,GCTCCTTCTAATATGGTTTC,0,1747725
gyrAp,0.16666666666666666,5,5,GCGTCCCATTCAAGTCGTCA,0,1754753
gyrAp,0.16666666666666666,5,5,GCGCGGAGGGACCTAATTGG,0,1765603
gyrAp,0.16666666666666666,5,5,GATGTATTCTGCAATCATGT,0,1746069
gyrAp,0.16666666666666666,5,5,GATATGGTTTCCGACTGTTT,0,1746998
gyrAp,0.16666666666666666,5,5,CTAGGAAGCTATCCCCCCGA,0,1742680
gyrAp,0.16666666666666666,5,5,CCGGTGCCCGGACTTGGGTA,0,1754935
gyrAp,0.16666666666666666,5,5,CCCTATAAAAGGCAGCAAAA,0,1759046
gyrAp,0.16666666666666666,5,5,CCACTGCGACTGGACGGAGT,0,1741478
gyrAp,0.16666666666666666,5,5,CAGCTATAAGGGAGGCCTAA,0,1769222
gyrAp,0.16666666666666666,5,5,ATCCGATATGCATAGCGGTA,0,1747026
gyrAp,0.16666666666666666,5,5,AGAACCGCTAAGCAATTGAT,0,1767288
gyrAp,0.16666666666666666,5,5,ACTATCTTACTCCGGGCGTT,0,1755888
gyrAp,0.16666666666666666,5,5,ACGGAGGAAGCCGATTCGCT,0,1752362
gyrAp,0.16666666666666666,5,5,ACCTACTAAGGTGTCATCAT,0,1752320
gyrAp,0.16666666666666666,5,5,AATGGCGGACCGATCATCTA,0,1750147
gyrAp,0.16666666666666666,5,5,AAGCGCAGGGGCGGAATGAA,0,1746271
gyrAp,0.16666666666666666,5,5,AACCAGTCACTGCATATGTA,0,1764391
gyrAp,0.2,4,4,TTTCCGATTATCTCACTCTG,0,1758929
gyrAp,0.2,4,4,TTGGTCGGCACAAGCCACCG,0,1765677
gyrAp,0.2,4,4,TTGAGGAAAGTACATCCCTG,0,1746286
gyrAp,0.2,4,4,TTAACGCGGAGGACATCCAA,0,1742605
gyrAp,0.2,4,4,TGTTCGAGGGTGACGTTTTG,0,1744492
gyrAp,0.2,4,4,TGTGCATCAACAAGGTCGCT,0,1748727
gyrAp,0.2,4,4,TGTGACATATATGCATGGAA,0,1766242
gyrAp,0.2,4,4,TGAGGGCCTTTCCATCGAGG,0,1757644
gyrAp,0.2,4,4,TCTTGCAGGTCGCGCGGACA,0,1744112
gyrAp,0.2,4,4,TCTGCCCGTCTTTTTATCTA,0,1757862
gyrAp,0.2,4,4,TCTGCAGCCGTGGCCACGAT,0,1763160
gyrAp,0.2,4,4,TCGGTGCGCCACGGCTGGCT,0,1760969
gyrAp,0.2,4,4,TCGCGTGGGGGTATGGCCCC,0,1746184
gyrAp,0.2,4,4,TCCGCAAGATCCCCGGCACA,0,1743418
gyrAp,0.2,4,4,TCAACACATCAGGGCATCTT,0,1751126
gyrAp,0.2,4,4,TAGCATAAGCTTCTTTTCGT,0,1758596
gyrAp,0.2,4,4,TACTGCGCATGTGCGTGAAA,0,1770706
gyrAp,0.2,4,4,TACGGAACTAGCAACTCTGG,0,1742969
gyrAp,0.2,4,4,TACAACGACTGATCACATGG,0,1764551
gyrAp,0.2,4,4,GTCTAGAAGTTACTTCTCGA,0,1761795
gyrAp,0.2,4,4,GTCGGTAGGGCGGAGAAAAG,0,1768013
gyrAp,0.2,4,4,GGTACCGTCCATAAGTTATT,0,1745030
gyrAp,0.2,4,4,GGGTTCCTCGAGGGTCCCCC,0,1743487
gyrAp,0.2,4,4,GGAGTGGCACCAGGGCCTCA,0,1745775
gyrAp,0.2,4,4,GCGTGTCAAGCATCCCTAAG,0,1755749
gyrAp,0.2,4,4,GCGATTCACTGCTGCAGAAA,0,1766403
gyrAp,0.2,4,4,GCAACTTTGCCTCGGGAATC,0,1770142
gyrAp,0.2,4,4,CTGATCCGGCATTTCAATGT,0,1745458
gyrAp,0.2,4,4,CTCGCGCCTCGAATATATTG,0,1741626
gyrAp,0.2,4,4,CTAATATTGCAAGATGGTAG,0,1742347
gyrAp,0.2,4,4,CGCGGCCAAAATGCGCCTTT,0,1748890
gyrAp,0.2,4,4,CCGTGGTCTGCGCGTATGAT,0,1754325
gyrAp,0.2,4,4,CCACAACGTGTGCTTGAGAT,0,1767886
gyrAp,0.2,4,4,CATTCAACTTCTAAATATAT,0,1742330
gyrAp,0.2,4,4,CAGTCTGGGGAGGTGATAGT,0,1753427
gyrAp,0.2,4,4,CACTCCTAAAGAGCGGCTTG,0,1752041
gyrAp,0.2,4,4,ATTGGGCTGCCATTCCGCAA,0,1754653
gyrAp,0.2,4,4,ATTCTCCCTGCGGCTTCTCA,0,1744636
gyrAp,0.2,4,4,ATGAGTCCAGCCTGCTACGT,0,1766357
gyrAp,0.2,4,4,AGGGCTGATCGCTAGTCGTG,0,1742008
gyrAp,0.2,4,4,AGATTTCACGGAGTCGTACA,0,1742155
gyrAp,0.2,4,4,ACTATTAGGAGATGACAGTT,0,1756679
gyrAp,0.2,4,4,ACCGCTCAGTTAAGTTAAAT,0,1742345
gyrAp,0.2,4,4,ACATGCCAACGAACAATCGT,0,1759270
gyrAp,0.2,4,4,AATTCGTAAAGGTAAGACAG,0,1742524
gyrAp,0.2,4,4,AATAAACACAAGAGCACACA,0,1763808
gyrAp,0.2,4,4,AAGGGAGCTTCATTCCGGTA,0,1746980
gyrAp,0.2,4,4,AACCTAGGTTTGAGGGCTCA,0,1741685
gyrAp,0.2,4,4,AACCGGCTCATGCGCTTCTG,0,1759199
gyrAp,0.2,4,4,AACCACCTCGATAGCAAGCG,0,1752357
gyrAp,0.2,4,4,AAACTTTGGTGATCTCGAGA,0,1745296
gyrAp,0.2,4,4,AAACCCCAGTAATGTACAAA,0,1758183
gyrAp,0.25,3,3,TTTTGCAGTTTTTGCGACAT,0,1751633
gyrAp,0.25,3,3,TTTTGACAGACTTAGGATCA,0,1762290
gyrAp,0.25,3,3,TTTTCATTCCGAGTCAGACC,0,1743757
gyrAp,0.25,3,3,TTTGCGCCCCACGGGTCGTT,0,1746438
gyrAp,0.25,3,3,TTTCGACTAGCAGATAAGAA,0,1765654
gyrAp,0.25,3,3,TTGTACGCGGCCTTGACCCG,0,1747191
gyrAp,0.25,3,3,TTGCTTTCGCTTGTGAGGCG,0,1746711
gyrAp,0.25,3,3,TTCGCACGATGAGTACTGGC,0,1749144
gyrAp,0.25,3,3,TTCGAGCTCTGAAGTTTAGG,0,1754518
gyrAp,0.25,3,3,TTCCTTATTAGACGCTACGA,0,1755079
gyrAp,0.25,3,3,TTCATTTGCAGGAGAGGCGA,0,1755544
gyrAp,0.25,3,3,TTATCTTATTTGGACCCCGT,0,1753000
gyrAp,0.25,3,3,TTATACCTGTTGCCAAGGAC,0,1757911
gyrAp,0.25,3,3,TTAATCCGAAGGGCGATTCT,0,1747737
gyrAp,0.25,3,3,TGTGATTCATCTAGATGTCC,0,1742918
gyrAp,0.25,3,3,TGGCGGTTCGTTTATTCCAC,0,1770692
gyrAp,0.25,3,3,TGGAAACTGGTCTAGTCCTG,0,1754338
gyrAp,0.25,3,3,TCTTTCGCAGCATGAATGCA,0,1746222
gyrAp,0.25,3,3,TCTATAGACTGGCACTGCGT,0,1759244
gyrAp,0.25,3,3,TCGGGTCGTCGGTCGAATGC,0,1764394
gyrAp,0.25,3,3,TCGCCACGCCTTGGAAGTTA,0,1746117
gyrAp,0.25,3,3,TCGATCCGTTTCGGTGTCCA,0,1765843
gyrAp,0.25,3,3,TCCCCTAAGGATCACCCAAT,0,1761082
gyrAp,0.25,3,3,TCCAGATATACAAATGCCGT,0,1762341
gyrAp,0.25,3,3,TCATTCGCCAATTATCTTGT,0,1741564
gyrAp,0.25,3,3,TCATAAGCATTTTTTCCATA,0,1762418
gyrAp,0.25,3,3,TCACTAGATCAGTTTTTGCA,0,1746419
gyrAp,0.25,3,3,TCACCGGCAAGGCGTGAAGG,0,1742702
gyrAp,0.25,3,3,TCACACATCCTGCTGTGATA,0,1741946
gyrAp,0.25,3,3,TATTATTCCGCCCTATTCGA,0,1743881
gyrAp,0.25,3,3,TATGTAACTCCGGTTATAGA,0,1747992
gyrAp,0.25,3,3,TATCCAGGGTACTACAGACC,0,1760220
gyrAp,0.25,3,3,TATATACACGCATACTCAAA,0,1754689
gyrAp,0.25,3,3,TATACTGGGGTGGTGAGGCT,0,1742663
gyrAp,0.25,3,3,TACGTAACTTCAGCAGTTAG,0,1753683
gyrAp,0.25,3,3,TACCGCGTATCCGTTGACGA,0,1750413
gyrAp,0.25,3,3,TAATTGGATCCTAAACAGCG,0,1749816
gyrAp,0.25,3,3,TAATGGGAGCAGAGCATTAT,0,1753258
gyrAp,0.25,3,3,TAAGTACGTTGTGGTATTTG,0,1765272
gyrAp,0.25,3,3,TAAATGCCAGTCATAATTTC,0,1748529
gyrAp,0.25,3,3,GTTTGGCACCACAAGTGTAT,0,1769812
gyrAp,0.25,3,3,GTTAGGCATGTGAGGGCACG,0,1741660
gyrAp,0.25,3,3,GTTAGCTCCTCGATAAGTGT,0,1752185
gyrAp,0.25,3,3,GTTAACACTTGAATCCTCGT,0,1748652
gyrAp,0.25,3,3,GTTAACACGCACTTTAGTTG,0,1756003
gyrAp,0.25,3,3,GTGTGACGGCGCATCAATGC,0,1766879
gyrAp,0.25,3,3,GTGGCCACACTCTTTAGTTC,0,1749140
gyrAp,0.25,3,3,GTGACCTCTGGTATAAAACA,0,1753073
gyrAp,0.25,3,3,GTCGGGCCTCATGTGACAAC,0,1750683
gyrAp,0.25,3,3,GGTTAGAGAGTACGTCGCCA,0,1763692
gyrAp,0.25,3,3,GGTCCTCACAAATGTCAACT,0,1752308
gyrAp,0.25,3,3,GGTCACCAAACTGGATGCCA,0,1747133
gyrAp,0.25,3,3,GGGTTACTAGGGTCCCGTAC,0,1748948
gyrAp,0.25,3,3,GGGTGTAAGGCGAAGCGATG,0,1748709
gyrAp,0.25,3,3,GGGTGCATCCCTTTATGAAT,0,1768138
gyrAp,0.25,3,3,GGGTAGAGATAATGAGGCAT,0,1750077
gyrAp,0.25,3,3,GGGGTAGTTCACGTGGCTGC,0,1762449
gyrAp,0.25,3,3,GGCGCTGTCATGACCTGCGT,0,1746860
gyrAp,0.25,3,3,GGATGCATCCGGCAAAAATA,0,1753893
gyrAp,0.25,3,3,GCTTCGTTAACGTCGAGTCG,0,1749059
gyrAp,0.25,3,3,GCTTCCTAGGGTAAGTGGGG,0,1742993
gyrAp,0.25,3,3,GCTGCTGCGGCTGATCATCG,0,1760131
gyrAp,0.25,3,3,GCTATTACTGATCGCTTATG,0,1744588
gyrAp,0.25,3,3,GCGTACAAGGTAGCTTTCTC,0,1770011
gyrAp,0.25,3,3,GCGCTGGTCAGGATGTACGG,0,1745465
gyrAp,0.25,3,3,GCGAGCGGGAAGATGGGGGA,0,1752370
gyrAp,0.25,3,3,GCCTTCTGTGTCCAAGGGTC,0,1762491
gyrAp,0.25,3,3,GCAGTCAGCCGTACGCAGGT,0,1759993
gyrAp,0.25,3,3,GCACTAACAGCGTTGTGATC,0,1741763
gyrAp,0.25,3,3,GATTTTCCCTTGATTCCACA,0,1767713
gyrAp,0.25,3,3,GATTTATTAGGTAGTGGTCC,0,1766482
gyrAp,0.25,3,3,GATTCGAAGCAATCCATTCG,0,1742931
gyrAp,0.25,3,3,GATGCGCTCTACACTTGTGC,0,1741791
gyrAp,0.25,3,3,GATAGGTGCTCAATTGAAGT,0,1748451
gyrAp,0.25,3,3,GAGCCTGTTGAGTTAAGCTC,0,1766069
gyrAp,0.25,3,3,GACTCTCGAGAAAGCATAAG,0,1760940
gyrAp,0.25,3,3,GACAGCTCCGTTGGATGGAT,0,1763506
gyrAp,0.25,3,3,GACACGTGATCTTTAATCAG,0,1766008
gyrAp,0.25,3,3,GAATTGCTAGGTTAAGGTGT,0,1742962
gyrAp,0.25,3,3,GAAGGGCAATCACGGTGTTG,0,1755697
gyrAp,0.25,3,3,GAACTGGTGCCGACTGGGTA,0,1757277
gyrAp,0.25,3,3,GAAAACTACCATGCCCTCCG,0,1751831
gyrAp,0.25,3,3,CTTGCGGGGGCTATGCAGAT,0,1762589
gyrAp,0.25,3,3,CTTCCCGCGCGCACATACTA,0,1762760
gyrAp,0.25,3,3,CTTCAGAGATACTGGTCGCG,0,1756903
gyrAp,0.25,3,3,CTGTCTACCGGAGATACAGT,0,1742728
gyrAp,0.25,3,3,CTGCCACGGCTCCGATATGT,0,1762778
gyrAp,0.25,3,3,CTCTGGCTTGGTGTCCCGAT,0,1749974
gyrAp,0.25,3,3,CTCGCTCGAGATCGGAACAA,0,1748073
gyrAp,0.25,3,3,CTCGCTAGCAAGCGAATTCT,0,1760714
gyrAp,0.25,3,3,CTCCGGGAAAGTCTGCTGTC,0,1756830
gyrAp,0.25,3,3,CTCCAAGAGGAACCGCGCGG,0,1743584
gyrAp,0.25,3,3,CTCATTTGATGGCATTAGTG,0,1756028
gyrAp,0.25,3,3,CTCATGACTGCAGTGATTTT,0,1745673
gyrAp,0.25,3,3,CTATCCGCTAAAGAGTACCG,0,1742607
gyrAp,0.25,3,3,CTAAATCAATTTACGGGCTA,0,1744458
gyrAp,0.25,3,3,CGTGGGAGCGATATTACTAT,0,1752587
gyrAp,0.25,3,3,CGGTGGTAAGGGTTCGCCTC,0,1761481
gyrAp,0.25,3,3,CGGTCAGACTTGGATTCTGG,0,1754890
gyrAp,0.25,3,3,CGGTAACGTGGACAGACGTT,0,1765933
gyrAp,0.25,3,3,CGCTGCCAGTAATGTTCCAC,0,1763073
gyrAp,0.25,3,3,CGATGTGTTTGGACGTGATA,0,1754220
gyrAp,0.25,3,3,CGATCAGGGTTGACAGCGTA,0,1761409
gyrAp,0.25,3,3,CCTGTAACGCCAGGAGGTTG,0,1747515
gyrAp,0.25,3,3,CCCGACTCGCTGCGTCTTGG,0,1749289
gyrAp,0.25,3,3,CATTTTCGGTTGAATGGTTG,0,1757190
gyrAp,0.25,3,3,CATTGTGACAGAGGGACTAT,0,1749710
gyrAp,0.25,3,3,CATTCGCTTAATCGAGTAAC,0,1764387
gyrAp,0.25,3,3,CAGCGCGAGGTTAAATTCTA,0,1743102
gyrAp,0.25,3,3,CAGAGAGTAGGAATGAGGTT,0,1741939
gyrAp,0.25,3,3,CAATTCGCTGTCGTCTCAGG,0,1741893
gyrAp,0.25,3,3,CAAGACTTTGGGTCACCCAA,0,1746999
gyrAp,0.25,3,3,CAACCGAACGGCTTCCGTAA,0,1768778
gyrAp,0.25,3,3,ATTTTGGTGGTTTTCAGCCT,0,1742967
gyrAp,0.25,3,3,ATTGTAATGGATCTCAACTC,0,1762450
gyrAp,0.25,3,3,ATTAGAGCCCCTGCAATTCT,0,1743333
gyrAp,0.25,3,3,ATGGCCGACGTTCCATTGGC,0,1742851
gyrAp,0.25,3,3,ATGCTGTCCGTTCGAGCAAG,0,1742774
gyrAp,0.25,3,3,ATGACAATGGTTCAAACAGT,0,1741511
gyrAp,0.25,3,3,ATGAATGGTCTATCCAGTCA,0,1742888
gyrAp,0.25,3,3,ATCGGTAATCGGTGCTAGTT,0,1750940
gyrAp,0.25,3,3,ATCCAAGCTAGGTGTTGAGC,0,1757813
gyrAp,0.25,3,3,ATACTTTTCCGAGGACAATC,0,1746146
gyrAp,0.25,3,3,AGTTTATATCAAGGTATATT,0,1754243
gyrAp,0.25,3,3,AGTGGAGATAGTCCGGCATT,0,1768883
gyrAp,0.25,3,3,AGGTGAGTACTCTCCTTGGT,0,1746251
gyrAp,0.25,3,3,AGGCCTCGGTCGGGTGATAT,0,1752864
gyrAp,0.25,3,3,AGGAATTCCGCGTTCGCTGT,0,1764120
gyrAp,0.25,3,3,AGCTCCTTAGTTTCGCTTCT,0,1743058
gyrAp,0.25,3,3,AGCATATGAGCGTTCAACTG,0,1741820
gyrAp,0.25,3,3,AGATCAGCTGTCAGGGTTAA,0,1755541
gyrAp,0.25,3,3,AGAGTCCGCCAAGCGTGTCA,0,1765923
gyrAp,0.25,3,3,AGAATAAAATAAATATTTTC,0,1746914
gyrAp,0.25,3,3,ACTCGCTAGAGCGAGTGCTG,0,1743959
gyrAp,0.25,3,3,ACTCCATTGCTTCTTGTCTC,0,1753333
gyrAp,0.25,3,3,ACGGTGGTATCACGGCGTCA,0,1770300
gyrAp,0.25,3,3,ACGCCGCAGTCTATAGGTAA,0,1748552
gyrAp,0.25,3,3,ACCTTTTTGATAGCGTCGTT,0,1755185
gyrAp,0.25,3,3,ACAGACCTTCCAATAGTTAG,0,1744020
gyrAp,0.25,3,3,ACAAGTCCCTTCTGACCATA,0,1741810
gyrAp,0.25,3,3,AATTCTGTCATACAAGGCGG,0,1741794
gyrAp,0.25,3,3,AATTCGAGTGTCCCTAATAG,0,1743497
gyrAp,0.25,3,3,AATGCAATCTTCGGGACTCA,0,1742729
gyrAp,0.25,3,3,AATCGGCGCTTCAGTGAGAA,0,1743072
gyrAp,0.25,3,3,AAGGCCGGTGACGTTATCTC,0,1743428
gyrAp,0.25,3,3,AAGCAAGGGGGGGGGGGACG,0,1750203
gyrAp,0.25,3,3,AACTGATATTATGATAGGAA,0,1747795
gyrAp,0.25,3,3,AACTAAAGGAACTAGTTAAT,0,1757413
gyrAp,0.25,3,3,AACGGATTGGAATGATAAGT,0,1750021
gyrAp,0.25,3,3,AACCGGATTGAGTCTAGGTG,0,1754854
gyrAp,0.25,3,3,AAAGGCCCACACTTTAAAGT,0,1748813
gyrAp,0.25,3,3,AAACCCCCGGAGAGATATGC,0,1754853
gyrAp,0.3333333333333333,2,2,TTTTGAGGGTTTGTTGTCAA,0,1763956
gyrAp,0.3333333333333333,2,2,TTTTCTAAGCGTCACCGTGC,0,1743791
gyrAp,0.3333333333333333,2,2,TTTATCGGGATATCGCACGT,0,1766225
gyrAp,0.3333333333333333,2,2,TTTACTATACGACCTTCCAC,0,1756709
gyrAp,0.3333333333333333,2,2,TTTAATCGCGTCTATGCTGA,0,1754218
gyrAp,0.3333333333333333,2,2,TTGTCCAAGCCAAGCAAGGT,0,1764636
gyrAp,0.3333333333333333,2,2,TTGTATAGGAAAGTCTTTGT,0,1767235
gyrAp,0.3333333333333333,2,2,TTGCCGTCGGGAAGTTCCAA,0,1765510
gyrAp,0.3333333333333333,2,2,TTGAGCATAGGCAAGTCGAT,0,1746712
gyrAp,0.3333333333333333,2,2,TTCTTATAAGTTTATGAGGA,0,1769414
gyrAp,0.3333333333333333,2,2,TTCGTCCCCCTAGAACGGAT,0,1741821
gyrAp,0.3333333333333333,2,2,TTCGGAGAGGGTGTTACTTA,0,1769407
gyrAp,0.3333333333333333,2,2,TTCGCACCCCTAGTGAAAGA,0,1747951
gyrAp,0.3333333333333333,2,2,TTCCTGAGCTATTCCATATC,0,1759186
gyrAp,0.3333333333333333,2,2,TTCCGTACCCGGAGGACTCA,0,1746331
gyrAp,0.3333333333333333,2,2,TTCATGTGCCGTAACGTCTA,0,1762270
gyrAp,0.3333333333333333,2,2,TTCAGTCTACTATGGACATC,0,1745625
gyrAp,0.3333333333333333,2,2,TTCAGGAACTCTCTACTCGT,0,1749890
gyrAp,0.3333333333333333,2,2,TTATTCCCGCAGCGACGTAA,0,1750957
gyrAp,0.3333333333333333,2,2,TTATCTGTTGGCATTTAAAC,0,1749132
gyrAp,0.3333333333333333,2,2,TTATACAAGATCGGCAGTCT,0,1742236
gyrAp,0.3333333333333333,2,2,TTATAAATCTATACTCGAGT,0,1744688
gyrAp,0.3333333333333333,2,2,TTAGACGCTTTAGCGAAGGT,0,1752397
gyrAp,0.3333333333333333,2,2,TTACCAAGAAATAAGAGCAT,0,1742303
gyrAp,0.3333333333333333,2,2,TGTTTCTGCTGGGTCAGTTC,0,1751433
gyrAp,0.3333333333333333,2,2,TGTTGGGGCATTTTTAGCCC,0,1769590
gyrAp,0.3333333333333333,2,2,TGTTCTTAACTACGTAAGCT,0,1756773
gyrAp,0.3333333333333333,2,2,TGTCCGCCCTAAATATACAG,0,1761860
gyrAp,0.3333333333333333,2,2,TGGTGATCCGCATTCATTAT,0,1759385
gyrAp,0.3333333333333333,2,2,TGGGTCACGTATTGCGTGAC,0,1741693
gyrAp,0.3333333333333333,2,2,TGGGTAAGGAGGGTTCCCAT,0,1759204
gyrAp,0.3333333333333333,2,2,TGGGCTGCGAATAGAGCACG,0,1760833
gyrAp,0.3333333333333333,2,2,TGGATCGCAGTAGACAGGGT,0,1767032
gyrAp,0.3333333333333333,2,2,TGGATAGCCTCAATTTAACT,0,1755929
gyrAp,0.3333333333333333,2,2,TGGACGTAGGGATATCGAGG,0,1750245
gyrAp,0.3333333333333333,2,2,TGCCGTTTTCAAGGTATAGT,0,1761876
gyrAp,0.3333333333333333,2,2,TGCACGAAGCCCTCATTCCA,0,1744055
gyrAp,0.3333333333333333,2,2,TGCACACAGGTTACGGCGAG,0,1762399
gyrAp,0.3333333333333333,2,2,TGATTCACGCAGTTTCGTTG,0,1762079
gyrAp,0.3333333333333333,2,2,TGACCCTGGATTCGCGACAA,0,1748012
gyrAp,0.3333333333333333,2,2,TGAACTGCTTCTATGACCCG,0,1746598
gyrAp,0.3333333333333333,2,2,TGAAAGCTCTCGCTCTTTCT,0,1751184
gyrAp,0.3333333333333333,2,2,TCTGGTCTAGCTAGCCGATC,0,1743171
gyrAp,0.3333333333333333,2,2,TCGTTCTTAGTATGTGCTAA,0,1741993
gyrAp,0.3333333333333333,2,2,TCGTAAATCCTGTACACGGT,0,1744993
gyrAp,0.3333333333333333,2,2,TCGCCCCCCCGTTTCATAAC,0,1742942
gyrAp,0.3333333333333333,2,2,TCGATATGGGTCTCAGTCTG,0,1749911
gyrAp,0.3333333333333333,2,2,TCGACGTTAAGGCATGGCGT,0,1755272
gyrAp,0.3333333333333333,2,2,TCCTGCGAGTGATTCGGAAG,0,1747435
gyrAp,0.3333333333333333,2,2,TCCTAACGTTTCATCCTTAC,0,1745133
gyrAp,0.3333333333333333,2,2,TCCGGCATCAGCCGAGCAGT,0,1753767
gyrAp,0.3333333333333333,2,2,TCCCTTCTCATCATCAAACA,0,1747001
gyrAp,0.3333333333333333,2,2,TCCCTGCCGTTAGGGCGGAG,0,1748494
gyrAp,0.3333333333333333,2,2,TCCCAAGTCGCACACAGTAA,0,1751818
gyrAp,0.3333333333333333,2,2,TCAGGGCCTTTTTGTTTTTT,0,1754640
gyrAp,0.3333333333333333,2,2,TCAGGGCCAAACTACAGGAT,0,1764132
gyrAp,0.3333333333333333,2,2,TCAGAACTTCGCTAGACTGA,0,1750612
gyrAp,0.3333333333333333,2,2,TCAAGCTTTGGAAATGGCCT,0,1743101
gyrAp,0.3333333333333333,2,2,TCAAACTTTTAAGGCGAAAT,0,1768683
gyrAp,0.3333333333333333,2,2,TCAAAAGTAACCGTTGTTCA,0,1766735
gyrAp,0.3333333333333333,2,2,TATTTATGTGATGACGGTTG,0,1754081
gyrAp,0.3333333333333333,2,2,TATTGTCGGGCGGTGCACAT,0,1745519
gyrAp,0.3333333333333333,2,2,TATTGCTAGTCTAGTAAGGG,0,1741792
gyrAp,0.3333333333333333,2,2,TATGACACGGTCACTGCTCA,0,1743384
gyrAp,0.3333333333333333,2,2,TATGAATACATCGACGGTAT,0,1748083
gyrAp,0.3333333333333333,2,2,TATAACCTCAAACAGTGGAC,0,1742436
gyrAp,0.3333333333333333,2,2,TAGGGGCGGCATTCGGTTGG,0,1754701
gyrAp,0.3333333333333333,2,2,TAGCTAGGAATACTGAGCCT,0,1761572
gyrAp,0.3333333333333333,2,2,TAGCGCCTCAGGCGATTTGG,0,1752191
gyrAp,0.3333333333333333,2,2,TAGAAGTTCCAGTGTCTCGC,0,1769882
gyrAp,0.3333333333333333,2,2,TAGAAGGAGGCAACCTCTGG,0,1758412
gyrAp,0.3333333333333333,2,2,TAGAACCGGACTTTTTTCGC,0,1766174
gyrAp,0.3333333333333333,2,2,TACCTTTTATTCGGATGCAG,0,1762026
gyrAp,0.3333333333333333,2,2,TACCAAAACTACACATGTAG,0,1747632
gyrAp,0.3333333333333333,2,2,TAATGATGAACTGGACATAG,0,1747534
gyrAp,0.3333333333333333,2,2,TAATCGCCTGTGGATCAAGC,0,1753300
gyrAp,0.3333333333333333,2,2,TAAGGGGGATACACACGAGC,0,1766644
gyrAp,0.3333333333333333,2,2,TAACTTTTTAGAGCTGACTG,0,1755428
gyrAp,0.3333333333333333,2,2,TAACTGGCCAGGTTGTACAT,0,1748422
gyrAp,0.3333333333333333,2,2,TAACATGCACCTAAGTAAGC,0,1747499
gyrAp,0.3333333333333333,2,2,TAAATATACTCGACTACCTC,0,1743453
gyrAp,0.3333333333333333,2,2,TAAAGTCGCTGTCCAGATTT,0,1767692
gyrAp,0.3333333333333333,2,2,TAAACGCGGCCTACCGGTTA,0,1751924
gyrAp,0.3333333333333333,2,2,TAAAAAGTTTTACAGGCTCT,0,1769532
gyrAp,0.3333333333333333,2,2,GTTTTTCAGTCTGGGTGGCG,0,1756711
gyrAp,0.3333333333333333,2,2,GTTTTCAAACTCACAACGAT,0,1744101
gyrAp,0.3333333333333333,2,2,GTTTCAATACCGTGTAAGTG,0,1746177
gyrAp,0.3333333333333333,2,2,GTTGCTAGGCCTCTCGCATA,0,1756343
gyrAp,0.3333333333333333,2,2,GTTCTGTGAGCAAACAGGAA,0,1769143
gyrAp,0.3333333333333333,2,2,GTTCGCGTATTCACACTGGG,0,1753728
gyrAp,0.3333333333333333,2,2,GTTAGCCGTTTCATAATATA,0,1747799
gyrAp,0.3333333333333333,2,2,GTGTTCGTGTCCGTTAATGA,0,1752900
gyrAp,0.3333333333333333,2,2,GTGTGCAGACGGTGAGATAA,0,1741950
gyrAp,0.3333333333333333,2,2,GTGTCAGGCCGTTTCGTACA,0,1745643
gyrAp,0.3333333333333333,2,2,GTGGTTATGTTGGCATATTC,0,1745327
gyrAp,0.3333333333333333,2,2,GTGCGTCCGGTAGGAATTAA,0,1742171
gyrAp,0.3333333333333333,2,2,GTGCCATTCCGTGGGTGGAC,0,1756839
gyrAp,0.3333333333333333,2,2,GTGCACCGACAAGACTGGTG,0,1766504
gyrAp,0.3333333333333333,2,2,GTGATATCACGTTCGCCAGG,0,1758978
gyrAp,0.3333333333333333,2,2,GTGAGGTCGGTCACACAGAT,0,1766613
gyrAp,0.3333333333333333,2,2,GTGACAATATAGCGCATTGG,0,1766011
gyrAp,0.3333333333333333,2,2,GTCTGTTTTTTGCGTACTCC,0,1765203
gyrAp,0.3333333333333333,2,2,GTCTAGGAAGATTTTGGTAC,0,1750994
gyrAp,0.3333333333333333,2,2,GTCGTCGGTAAACAGGGGTG,0,1743500
gyrAp,0.3333333333333333,2,2,GTCGGACCCGGTATCAACTG,0,1763927
gyrAp,0.3333333333333333,2,2,GTCGCCCACAGTCTATTTAT,0,1761086
gyrAp,0.3333333333333333,2,2,GTCGAACAATCTCCGCCCTT,0,1755473
gyrAp,0.3333333333333333,2,2,GTCAAGTTACGTGTTGGGAA,0,1756447
gyrAp,0.3333333333333333,2,2,GTCAAGGACATGGGCTGGTG,0,1760971
gyrAp,0.3333333333333333,2,2,GTAGTGGACGTTCAATCAAA,0,1744122
gyrAp,0.3333333333333333,2,2,GTAGCTTTAGGCGCCTCCCG,0,1770529
gyrAp,0.3333333333333333,2,2,GTAGCTTACGCCGAATTGAC,0,1754087
gyrAp,0.3333333333333333,2,2,GTAGCTCTTAATTGACGGGA,0,1764116
gyrAp,0.3333333333333333,2,2,GTAGCCATTCACAAATTAGA,0,1766498
gyrAp,0.3333333333333333,2,2,GTAGACCTCGAGTTGGTCTT,0,1751064
gyrAp,0.3333333333333333,2,2,GTACGCCCCGGATAATTTGG,0,1757345
gyrAp,0.3333333333333333,2,2,GTACCTTAATTGACTTTCTA,0,1757461
gyrAp,0.3333333333333333,2,2,GTACCGTGACAAGGCCTGTC,0,1759544
gyrAp,0.3333333333333333,2,2,GTACCGGGCAGGTCCTTTCA,0,1766340
gyrAp,0.3333333333333333,2,2,GGTTGATAGTTCAAGGTGCA,0,1765224
gyrAp,0.3333333333333333,2,2,GGTTCCTGCCCTTTTACCGT,0,1742853
gyrAp,0.3333333333333333,2,2,GGTTACTCGCGGAGTTACTT,0,1749526
gyrAp,0.3333333333333333,2,2,GGTGGCAAGGTGGGTAGGGG,0,1761598
gyrAp,0.3333333333333333,2,2,GGTGCTCCGGTTAGTGAGCC,0,1759487
gyrAp,0.3333333333333333,2,2,GGTGAGACTAGACGTCGATC,0,1751396
gyrAp,0.3333333333333333,2,2,GGTCGTTCCCGTAGTGCAAG,0,1758716
gyrAp,0.3333333333333333,2,2,GGTCGCGGGTTGCCTAGATT,0,1769808
gyrAp,0.3333333333333333,2,2,GGTCATCTGCATTTGGCGGT,0,1749748
gyrAp,0.3333333333333333,2,2,GGTATCTCCAGGGCGGTTCA,0,1759122
gyrAp,0.3333333333333333,2,2,GGTAGAGAAGAGAGAGGGTT,0,1759708
gyrAp,0.3333333333333333,2,2,GGTAAGCGTGATCCTTAGTT,0,1744783
gyrAp,0.3333333333333333,2,2,GGGGGTCGGAAACACAAAGG,0,1743386
gyrAp,0.3333333333333333,2,2,GGGGCTTAGGACGGAGATCA,0,1748274
gyrAp,0.3333333333333333,2,2,GGGCATTGTGGTCACAAGAC,0,1756783
gyrAp,0.3333333333333333,2,2,GGGACACACATCCTGCCTCA,0,1749206
gyrAp,0.3333333333333333,2,2,GGCTGGCTAGAGAATTCTCA,0,1761451
gyrAp,0.3333333333333333,2,2,GGCTGCACTTTAAATTTTCA,0,1763121
gyrAp,0.3333333333333333,2,2,GGCTCGAGAGTGCACTTCAA,0,1761498
gyrAp,0.3333333333333333,2,2,GGCGTCCCCCCGAAGCTTTA,0,1751361
gyrAp,0.3333333333333333,2,2,GGCCTATTATCACAAACTTC,0,1741587
gyrAp,0.3333333333333333,2,2,GGATCGCGCACCATTCCCGC,0,1742705
gyrAp,0.3333333333333333,2,2,GGATAACATTTCTGTCGGTC,0,1742569
gyrAp,0.3333333333333333,2,2,GGAGGGGATAGAATCTAGAA,0,1743788
gyrAp,0.3333333333333333,2,2,GGAGGATGGTGGAGACTTCT,0,1770406
gyrAp,0.3333333333333333,2,2,GGACGGTCTTAGGTAAGAGC,0,1756220
gyrAp,0.3333333333333333,2,2,GGACCGGACTAGGGGAGAGC,0,1754716
gyrAp,0.3333333333333333,2,2,GGACAACAGGCTACAGCCTC,0,1752901
gyrAp,0.3333333333333333,2,2,GGAACACGCAAGGTTCATCT,0,1743055
gyrAp,0.3333333333333333,2,2,GCTTTATATGGCGCCGCGGT,0,1743131
gyrAp,0.3333333333333333,2,2,GCTTCAATTGGCTTCACTGA,0,1743871
gyrAp,0.3333333333333333,2,2,GCTTATACCGTAGGCCGGAT,0,1743024
gyrAp,0.3333333333333333,2,2,GCTCGCATGTTGGAAAAAGT,0,1765533
gyrAp,0.3333333333333333,2,2,GCTATGTCTGCGCGTGGGTT,0,1759995
gyrAp,0.3333333333333333,2,2,GCTAGACGTATAAGCGCGGT,0,1761310
gyrAp,0.3333333333333333,2,2,GCTAATTTAGTATTCCGGAC,0,1753724
gyrAp,0.3333333333333333,2,2,GCGTCAGCAACTGTACCCGT,0,1744465
gyrAp,0.3333333333333333,2,2,GCGTAACAACCGCGGTGAGC,0,1763624
gyrAp,0.3333333333333333,2,2,GCGTAAAGTGCTATAGTAGG,0,1744326
gyrAp,0.3333333333333333,2,2,GCGGTCAGGTCCACAGGCGC,0,1743127
gyrAp,0.3333333333333333,2,2,GCGGTAAAGATAGGATGGAA,0,1751488
gyrAp,0.3333333333333333,2,2,GCGGGAAGCCGGTATATCGA,0,1744272
gyrAp,0.3333333333333333,2,2,GCGGCAGCCTGGCATGAGTG,0,1763697
gyrAp,0.3333333333333333,2,2,GCGCGATCGCAGGGGGGTAC,0,1742662
gyrAp,0.3333333333333333,2,2,GCGCGATAGGCAATCATCAG,0,1749912
gyrAp,0.3333333333333333,2,2,GCGCAGTAGGCCAGGACATA,0,1767573
gyrAp,0.3333333333333333,2,2,GCGATTGTACCTTGATGGGC,0,1750763
gyrAp,0.3333333333333333,2,2,GCCTGTGTCGATCTCCGAGG,0,1759710
gyrAp,0.3333333333333333,2,2,GCCCAAAGCTTGGATAGAAG,0,1768929
gyrAp,0.3333333333333333,2,2,GCCATGAATGCAAGTGATGA,0,1756073
gyrAp,0.3333333333333333,2,2,GCCATAAGTTCTGCCAAACT,0,1768178
gyrAp,0.3333333333333333,2,2,GCCACGTTTTATGTCGGATA,0,1753068
gyrAp,0.3333333333333333,2,2,GCATTTACGAGGTGTCTAAT,0,1757816
gyrAp,0.3333333333333333,2,2,GCAGGGAGGCCCAGCGGTGA,0,1757449
gyrAp,0.3333333333333333,2,2,GCAGCAATTCTCCTCAGATT,0,1767496
gyrAp,0.3333333333333333,2,2,GCACCGTCAACTTGCAGAGT,0,1743023
gyrAp,0.3333333333333333,2,2,GCAAGCTGGACATCGTGGTA,0,1758373
gyrAp,0.3333333333333333,2,2,GCAACCTAGTAGTTCGAGTT,0,1742043
gyrAp,0.3333333333333333,2,2,GATTGCGACTACAGGAATCA,0,1756002
gyrAp,0.3333333333333333,2,2,GATGTAGGAGGTGCGGGAGT,0,1755606
gyrAp,0.3333333333333333,2,2,GATGGGGGATTGCCCGAAGT,0,1758506
gyrAp,0.3333333333333333,2,2,GATCTTACTACGATGGAGGA,0,1748160
gyrAp,0.3333333333333333,2,2,GATCGTTCTGGGGGCGATGC,0,1744513
gyrAp,0.3333333333333333,2,2,GATATTGCTCGTTATACCTT,0,1751550
gyrAp,0.3333333333333333,2,2,GAGTCCACCATAACGTGTCC,0,1743828
gyrAp,0.3333333333333333,2,2,GAGGTCACGTGGTTATATTA,0,1754166
gyrAp,0.3333333333333333,2,2,GAGCGGTATATTTTTCAAGT,0,1752012
gyrAp,0.3333333333333333,2,2,GAGCGAGTACCTAGTTTACT,0,1744195
gyrAp,0.3333333333333333,2,2,GAGCACGTCTAAAATGTCAG,0,1747623
gyrAp,0.3333333333333333,2,2,GACTTTTTCAGTCGCCCCAA,0,1747193
gyrAp,0.3333333333333333,2,2,GACTTCCCGGGTTCTCTGTT,0,1763723
gyrAp,0.3333333333333333,2,2,GACTGGATAAGACCCCGTTC,0,1762499
gyrAp,0.3333333333333333,2,2,GACTATTTTGTGTGATGGGG,0,1743245
gyrAp,0.3333333333333333,2,2,GACTACGTTGCCAGGTTACA,0,1744216
gyrAp,0.3333333333333333,2,2,GACGTAATTAATAGGATAAG,0,1747944
gyrAp,0.3333333333333333,2,2,GACGGCCGACTTTACACTAT,0,1743700
gyrAp,0.3333333333333333,2,2,GACCGAGACCAGGGGGCGCT,0,1746292
gyrAp,0.3333333333333333,2,2,GACACTGATCGCACAGCGCA,0,1768703
gyrAp,0.3333333333333333,2,2,GACACAAGGCTAAAGACGGC,0,1758863
gyrAp,0.3333333333333333,2,2,GAATAGAAGGTCAGCAATGG,0,1764592
gyrAp,0.3333333333333333,2,2,GAAGTATAAGGTCACTATGT,0,1748079
gyrAp,0.3333333333333333,2,2,GAAGGCGCTCCCTGTGACGT,0,1742974
gyrAp,0.3333333333333333,2,2,GAAGGCCCGTACTCCGGTAG,0,1755401
gyrAp,0.3333333333333333,2,2,GAAGCCGAGGGAAACCACCG,0,1751685
gyrAp,0.3333333333333333,2,2,GAACTTGAAGCCATCAACCT,0,1754492
gyrAp,0.3333333333333333,2,2,GAAAGTTCCCTGGAGTCCCT,0,1768809
gyrAp,0.3333333333333333,2,2,GAAAGAGATCACCAGACCTG,0,1748316
gyrAp,0.3333333333333333,2,2,GAAAATAGCACGCGTCTCCA,0,1767115
gyrAp,0.3333333333333333,2,2,CTTTTTACGATTTTGACTGT,0,1745434
gyrAp,0.3333333333333333,2,2,CTTTCCGGGGAATCTCCAGA,0,1755257
gyrAp,0.3333333333333333,2,2,CTTGTCATTAGTTGACCCAC,0,1753618
gyrAp,0.3333333333333333,2,2,CTTGGTCGGCACTAGGAGAG,0,1767569
gyrAp,0.3333333333333333,2,2,CTTGCTAAACTACCTAGGCT,0,1762367
gyrAp,0.3333333333333333,2,2,CTTGCCACGTCAGGCCGAAA,0,1750603
gyrAp,0.3333333333333333,2,2,CTTATTAACCCGGTGCTAAT,0,1750375
gyrAp,0.3333333333333333,2,2,CTTATCTCTGAGATTAACCT,0,1746555
gyrAp,0.3333333333333333,2,2,CTTAAGTGCTTGCCGTAGGG,0,1766935
gyrAp,0.3333333333333333,2,2,CTTAAAGGAAGGGTGCACAT,0,1751875
gyrAp,0.3333333333333333,2,2,CTGTTAAAACGCCTGCAAGC,0,1743599
gyrAp,0.3333333333333333,2,2,CTGGTTTGCCGGAATCTGGT,0,1749241
gyrAp,0.3333333333333333,2,2,CTGGTTCGGAAAATCGGACA,0,1764771
gyrAp,0.3333333333333333,2,2,CTGGGAGCCCTCTTTGATAG,0,1754860
gyrAp,0.3333333333333333,2,2,CTGGAAACGACTACCTTACG,0,1748935
gyrAp,0.3333333333333333,2,2,CTGCGTGAATCGATTTACCA,0,1748795
gyrAp,0.3333333333333333,2,2,CTGCAAGTGCCTGGGACCTC,0,1747394
gyrAp,0.3333333333333333,2,2,CTGATTAACGTTTCACATTT,0,1742129
gyrAp,0.3333333333333333,2,2,CTGAGCTACCCGCTTCAACG,0,1768733
gyrAp,0.3333333333333333,2,2,CTGAGCCAAGGTGCCATTAA,0,1770085
gyrAp,0.3333333333333333,2,2,CTGACACGACTGCGTAGAAA,0,1758342
gyrAp,0.3333333333333333,2,2,CTCTGCTACATACGTCCTGC,0,1750451
gyrAp,0.3333333333333333,2,2,CTCTAAGCCCGTGCATCTGG,0,1758678
gyrAp,0.3333333333333333,2,2,CTCGCGGGGGTTCCCCGGGG,0,1742044
gyrAp,0.3333333333333333,2,2,CTCCGTTAGTCCGTTGCGGT,0,1762902
gyrAp,0.3333333333333333,2,2,CTCCAGGTTTAAAAGTAGAT,0,1742156
gyrAp,0.3333333333333333,2,2,CTCCAGGGAAACCCGTAAGT,0,1764588
gyrAp,0.3333333333333333,2,2,CTCAGGGGGATGCTAGCAAC,0,1741438
gyrAp,0.3333333333333333,2,2,CTCACTCCAAAATCAGCGAG,0,1768917
gyrAp,0.3333333333333333,2,2,CTATGGTGCTCGGAGTGGGA,0,1770428
gyrAp,0.3333333333333333,2,2,CTATGCACGTCTAGGAAGCT,0,1760765
gyrAp,0.3333333333333333,2,2,CTATGACATATCCTTCACGT,0,1744239
gyrAp,0.3333333333333333,2,2,CTATCCCTAGCACCCCGTCA,0,1759738
gyrAp,0.3333333333333333,2,2,CTAGATTCGGTTTGCGGGGG,0,1764779
gyrAp,0.3333333333333333,2,2,CTAGACAGAATGCACATGGG,0,1755979
gyrAp,0.3333333333333333,2,2,CTAGAATCAGGTTATAAACA,0,1765720
gyrAp,0.3333333333333333,2,2,CTACTCGATCAAATGAAGTT,0,1748755
gyrAp,0.3333333333333333,2,2,CTAATGCTTTCTTAGGTAAG,0,1742256
gyrAp,0.3333333333333333,2,2,CTAATACGAAGGGAACGGAT,0,1742994
gyrAp,0.3333333333333333,2,2,CTAAATGTTGCATGATCTGG,0,1758341
gyrAp,0.3333333333333333,2,2,CGTTTAGCCGGGTTACGTAT,0,1741715
gyrAp,0.3333333333333333,2,2,CGTGTACGCCTAACTTCGGT,0,1749703
gyrAp,0.3333333333333333,2,2,CGTGGCGGGCGTGTGTTACT,0,1761152
gyrAp,0.3333333333333333,2,2,CGTCCAAAGTCTTAAATACC,0,1747674
gyrAp,0.3333333333333333,2,2,CGTATAATTCTCTCCTGTGA,0,1752571
gyrAp,0.3333333333333333,2,2,CGTAACATGACTCTATTAGT,0,1747719
gyrAp,0.3333333333333333,2,2,CGGTTGAAACGATCGCATTG,0,1767589
gyrAp,0.3333333333333333,2,2,CGGTCCGGTCCCTGAGACAT,0,1753114
gyrAp,0.3333333333333333,2,2,CGGTAGAGTAACAATACCGA,0,1760950
gyrAp,0.3333333333333333,2,2,CGGGGAACGAGTGAACTGAA,0,1756857
gyrAp,0.3333333333333333,2,2,CGGGCAATTGCGAGATGGGG,0,1757378
gyrAp,0.3333333333333333,2,2,CGGCGTGGGTCTTCGATACT,0,1744866
gyrAp,0.3333333333333333,2,2,CGGCCACGCTCGTGCACGTT,0,1747794
gyrAp,0.3333333333333333,2,2,CGGAGCGATGTGGACAATCC,0,1762371
gyrAp,0.3333333333333333,2,2,CGGAATAATCGAGGCGGGAA,0,1768842
gyrAp,0.3333333333333333,2,2,CGGAAGCCTGGCCTTAGAGG,0,1751205
gyrAp,0.3333333333333333,2,2,CGGAACAAGTCCATCTACAT,0,1757189
gyrAp,0.3333333333333333,2,2,CGCTGGCTTTTCCCCATCGC,0,1741806
gyrAp,0.3333333333333333,2,2,CGCTGGACGGACCGGCCATC,0,1760730
gyrAp,0.3333333333333333,2,2,CGCTCCTACCGGCCTTCGTT,0,1753045
gyrAp,0.3333333333333333,2,2,CGCTCACGCCAAGGCTCTCA,0,1755835
gyrAp,0.3333333333333333,2,2,CGCTCACCAGCTCTTCGCGT,0,1768037
gyrAp,0.3333333333333333,2,2,CGCGCCGGGCGGCCGGCAAA,0,1755663
gyrAp,0.3333333333333333,2,2,CGCGAGTAGCGCCCGCAGCT,0,1767690
gyrAp,0.3333333333333333,2,2,CGCCCCGCGGCCGTGAGGGT,0,1751952
gyrAp,0.3333333333333333,2,2,CGCATTTGCTATGGGGTACA,0,1759462
gyrAp,0.3333333333333333,2,2,CGATGGAGTTGAATCTTAGA,0,1761105
gyrAp,0.3333333333333333,2,2,CGAGTTCCATGTCCGACAAG,0,1747425
gyrAp,0.3333333333333333,2,2,CGAGGAGGGTAGGACGCAGG,0,1769637
gyrAp,0.3333333333333333,2,2,CGAGCGCGCATGTTTATTCC,0,1760602
gyrAp,0.3333333333333333,2,2,CGAGATAACGAGTTTCGACG,0,1763352
gyrAp,0.3333333333333333,2,2,CGACTCTCTGTGGCACCCAC,0,1748875
gyrAp,0.3333333333333333,2,2,CGACTCCGCGGCTCGATCCA,0,1760715
gyrAp,0.3333333333333333,2,2,CGACGTGGGGACTGCAGTCA,0,1769436
gyrAp,0.3333333333333333,2,2,CCTGAGTCACAATATGCCCA,0,1745347
gyrAp,0.3333333333333333,2,2,CCTGAAGGCGGTTTTCTACC,0,1744882
gyrAp,0.3333333333333333,2,2,CCTATCCGACCAGGAACCAT,0,1760615
gyrAp,0.3333333333333333,2,2,CCTATACGAGTGTAGGCAGT,0,1746325
gyrAp,0.3333333333333333,2,2,CCTACGGTGTGGCTAAAGAA,0,1762194
gyrAp,0.3333333333333333,2,2,CCGTACACGTGCGTACTCCA,0,1748074
gyrAp,0.3333333333333333,2,2,CCGGTCTTCAATTATTCATG,0,1753203
gyrAp,0.3333333333333333,2,2,CCGCGCGGTGGGTTATTAGA,0,1748468
gyrAp,0.3333333333333333,2,2,CCGATTACTAAAGGGAGTGT,0,1745005
gyrAp,0.3333333333333333,2,2,CCGAGTCCGGATGCAAAAGG,0,1744938
gyrAp,0.3333333333333333,2,2,CCGAATCCGAGTGATTCCAC,0,1765098
gyrAp,0.3333333333333333,2,2,CCCCTCAGTCATGGAACGCG,0,1754269
gyrAp,0.3333333333333333,2,2,CCCCTATATCTCCGATTGCT,0,1750254
gyrAp,0.3333333333333333,2,2,CCCCATAGGTCTTGTTTGCG,0,1750419
gyrAp,0.3333333333333333,2,2,CCCATAGAAATACCTGACCC,0,1751256
gyrAp,0.3333333333333333,2,2,CCCACAAAGAGCTCAGTGGA,0,1755409
gyrAp,0.3333333333333333,2,2,CCACATGCGACGGTCGCATG,0,1763856
gyrAp,0.3333333333333333,2,2,CCAATGCGAAGGTTGCGCCC,0,1754184
gyrAp,0.3333333333333333,2,2,CCAACGCTTCACCTCACTGT,0,1769103
gyrAp,0.3333333333333333,2,2,CATTATTCAGAACCTACACA,0,1747179
gyrAp,0.3333333333333333,2,2,CATGGCACTATTCCTACAAT,0,1741651
gyrAp,0.3333333333333333,2,2,CATGCGAGGCAGAAGCGTTT,0,1751706
gyrAp,0.3333333333333333,2,2,CATATTCTAAATAAGCGTTC,0,1743897
gyrAp,0.3333333333333333,2,2,CATAGTCGAGGATGTACCAC,0,1752816
gyrAp,0.3333333333333333,2,2,CATAGATCTTTCGCAATACA,0,1747687
gyrAp,0.3333333333333333,2,2,CATACGAGCCCCTTCCATGC,0,1750533
gyrAp,0.3333333333333333,2,2,CAGTGCCGGAGATACTAAGT,0,1744543
gyrAp,0.3333333333333333,2,2,CAGTCCGTCGTACTCACCCG,0,1751869
gyrAp,0.3333333333333333,2,2,CAGGACAAAAGCAATTTCTG,0,1754306
gyrAp,0.3333333333333333,2,2,CAGGAATTATCTGAGACAAC,0,1764282
gyrAp,0.3333333333333333,2,2,CAGCTGTTGGGCGTACCAAT,0,1742258
gyrAp,0.3333333333333333,2,2,CAGCACAGGGGACACTAAAG,0,1754654
gyrAp,0.3333333333333333,2,2,CACTCCCCCATTCTTGCCTC,0,1756618
gyrAp,0.3333333333333333,2,2,CACGTGGACGACTTTACTCA,0,1759409
gyrAp,0.3333333333333333,2,2,CACGGCCCCTGGCGGGACTG,0,1761440
gyrAp,0.3333333333333333,2,2,CACCATTCCGTAATGTCAGC,0,1745006
gyrAp,0.3333333333333333,2,2,CACAGGCGAGGTCTACGCGT,0,1749311
gyrAp,0.3333333333333333,2,2,CACAAGCCCCATTCCCTATA,0,1750848
gyrAp,0.3333333333333333,2,2,CAATTTGGTGGTATCTGGAC,0,1765222
gyrAp,0.3333333333333333,2,2,CAAGAGCTTTCACGAAATTG,0,1749218
gyrAp,0.3333333333333333,2,2,CAACATCTCAGCGTGCTTAC,0,1761408
gyrAp,0.3333333333333333,2,2,CAACACGGTTAATAACTACC,0,1754372
gyrAp,0.3333333333333333,2,2,CAAAGAACTTACCAGTCGCT,0,1765589
gyrAp,0.3333333333333333,2,2,ATTTGTCGAGTCGCACTATA,0,1744671
gyrAp,0.3333333333333333,2,2,ATTGTTGAGCACCTCAGGTA,0,1758223
gyrAp,0.3333333333333333,2,2,ATTGGTACCTAAAGGAATTG,0,1742636
gyrAp,0.3333333333333333,2,2,ATTGCATCAATTAACTGGAA,0,1760389
gyrAp,0.3333333333333333,2,2,ATTCGGGCATACGCAAAGGA,0,1759781
gyrAp,0.3333333333333333,2,2,ATTCCTTGGAAGAGAAGTAC,0,1745751
gyrAp,0.3333333333333333,2,2,ATGTAGCTGGTCCAAACCCT,0,1757373
gyrAp,0.3333333333333333,2,2,ATGGTCAACCAGGTGTTGAG,0,1760561
gyrAp,0.3333333333333333,2,2,ATGGTACAGTAGGTAGGTAA,0,1756937
gyrAp,0.3333333333333333,2,2,ATGCTCCAGTTATGTCCACC,0,1769816
gyrAp,0.3333333333333333,2,2,ATGCAACATCCAATTCTGGT,0,1755565
gyrAp,0.3333333333333333,2,2,ATGAGATCAATACGCGATCT,0,1763724
gyrAp,0.3333333333333333,2,2,ATCTTTAGAGCTAAGCCGTC,0,1745783
gyrAp,0.3333333333333333,2,2,ATCTTGCCGATAAACCCCTG,0,1750267
gyrAp,0.3333333333333333,2,2,ATCTGGACCTCGGAGTTGTA,0,1750474
gyrAp,0.3333333333333333,2,2,ATCGTTTACGAACGGACACT,0,1752524
gyrAp,0.3333333333333333,2,2,ATCGTGGACGCTGGCGAGGG,0,1746116
gyrAp,0.3333333333333333,2,2,ATCGGATGGATGAGGATCGT,0,1759008
gyrAp,0.3333333333333333,2,2,ATCCTCCTGTTGGTCATTTC,0,1770031
gyrAp,0.3333333333333333,2,2,ATCCGGAGGTCATGGCACCC,0,1748747
gyrAp,0.3333333333333333,2,2,ATCAGGTGGATTCACCGTGA,0,1756105
gyrAp,0.3333333333333333,2,2,ATATGTCGATTGAAAGCTTA,0,1746942
gyrAp,0.3333333333333333,2,2,ATAATACCTGTAGCATTCTT,0,1746580
gyrAp,0.3333333333333333,2,2,AGTTGCTGCATCGCGATCAT,0,1758454
gyrAp,0.3333333333333333,2,2,AGTGGACATCGCCGAAAGGC,0,1761566
gyrAp,0.3333333333333333,2,2,AGTGCACGCAAACCCACCCA,0,1747315
gyrAp,0.3333333333333333,2,2,AGTCGCAGCAAAGACTGTTG,0,1766261
gyrAp,0.3333333333333333,2,2,AGTCCTCAGGTCCTAACGTG,0,1761017
gyrAp,0.3333333333333333,2,2,AGTCCATGCAACGAATTATA,0,1759601
gyrAp,0.3333333333333333,2,2,AGTAGGAATAAGTGCTGGCC,0,1744365
gyrAp,0.3333333333333333,2,2,AGGTTGTCGAGTACTGCGAG,0,1767553
gyrAp,0.3333333333333333,2,2,AGGTGGGCAGTGTTTAACGT,0,1746945
gyrAp,0.3333333333333333,2,2,AGGGATCAAGCCACGGAACC,0,1755665
gyrAp,0.3333333333333333,2,2,AGGGAAAGTGGAGAACAGTT,0,1748992
gyrAp,0.3333333333333333,2,2,AGGCCATTGCTCATACAATG,0,1742045
gyrAp,0.3333333333333333,2,2,AGGAGGGTGACTAGGAGCGG,0,1751189
gyrAp,0.3333333333333333,2,2,AGGACTCTACGAAGGGCTGC,0,1769038
gyrAp,0.3333333333333333,2,2,AGGACAGTTCGGCGCCAGGC,0,1765191
gyrAp,0.3333333333333333,2,2,AGGAACTCATTCCAAGTCAG,0,1745159
gyrAp,0.3333333333333333,2,2,AGGAAATGCTTGCCCGGTTG,0,1760531
gyrAp,0.3333333333333333,2,2,AGCTTATCGGTGCAATTACG,0,1766897
gyrAp,0.3333333333333333,2,2,AGCGCGACATCTTTGCTGGA,0,1761441
gyrAp,0.3333333333333333,2,2,AGCGCACAGTGATATGATTT,0,1750299
gyrAp,0.3333333333333333,2,2,AGCGACGAATCCTGCTGAGA,0,1742453
gyrAp,0.3333333333333333,2,2,AGCCTGATTGTAAAGGGCGA,0,1746282
gyrAp,0.3333333333333333,2,2,AGCAACGAGTCTATACCGGG,0,1747194
gyrAp,0.3333333333333333,2,2,AGATTAACCCTGACGCGGAA,0,1760211
gyrAp,0.3333333333333333,2,2,AGATGATCGACGTCATCTGC,0,1749752
gyrAp,0.3333333333333333,2,2,AGACGTTGGGGGTCTCCAGT,0,1743958
gyrAp,0.3333333333333333,2,2,AGACCGCCCTCTTGCGACAG,0,1742616
gyrAp,0.3333333333333333,2,2,AGACCACATAGGCCAGCATG,0,1766333
gyrAp,0.3333333333333333,2,2,AGAAGTCTAATACAAAAGCC,0,1751586
gyrAp,0.3333333333333333,2,2,AGAAAGGGTACTGCCAGTCT,0,1762959
gyrAp,0.3333333333333333,2,2,ACTTCTTCAGAGGCAACGTT,0,1742510
gyrAp,0.3333333333333333,2,2,ACTTAATTCTGTTGGAAAGG,0,1745229
gyrAp,0.3333333333333333,2,2,ACTGTTTGGTCGGGTGCCCA,0,1761371
gyrAp,0.3333333333333333,2,2,ACGTTTAAGCGACAACAATG,0,1745723
gyrAp,0.3333333333333333,2,2,ACGTTGGCGTATCTATCAAT,0,1753756
gyrAp,0.3333333333333333,2,2,ACGGGAGACGTTACAGGTGC,0,1749641
gyrAp,0.3333333333333333,2,2,ACGGATCTCAACGTTTTTGA,0,1741490
gyrAp,0.3333333333333333,2,2,ACGGACGAAGCTGGGGCGCC,0,1755144
gyrAp,0.3333333333333333,2,2,ACGCTCAAAGTGTTAACATG,0,1764333
gyrAp,0.3333333333333333,2,2,ACGCTACTTTATTCAACGCT,0,1754153
gyrAp,0.3333333333333333,2,2,ACGCGACACCGCACGTGTCT,0,1765552
gyrAp,0.3333333333333333,2,2,ACGCCCGATCCAAGGGTGAA,0,1750797
gyrAp,0.3333333333333333,2,2,ACGCCACCGCGCGTCGCGCG,0,1752066
gyrAp,0.3333333333333333,2,2,ACCCTGTAAAGGCCAAACTG,0,1760758
gyrAp,0.3333333333333333,2,2,ACCCGAGGATCGACATGTGA,0,1760865
gyrAp,0.3333333333333333,2,2,ACCATGGGTTGAGGTGGGTT,0,1768406
gyrAp,0.3333333333333333,2,2,ACCACTGGACCACACGCGAG,0,1748657
gyrAp,0.3333333333333333,2,2,ACCACACATGGCGTTTGGGA,0,1752486
gyrAp,0.3333333333333333,2,2,ACATTGTAGTTGGTAGATGA,0,1768021
gyrAp,0.3333333333333333,2,2,ACAGGTGTGGATTGTAGTGT,0,1754611
gyrAp,0.3333333333333333,2,2,ACAGGGGGTTGGTTGTGAGC,0,1757612
gyrAp,0.3333333333333333,2,2,ACACCACCCTTACAGACCCT,0,1744293
gyrAp,0.3333333333333333,2,2,ACACACCTTCGGATATATCA,0,1751502
gyrAp,0.3333333333333333,2,2,ACAAACAATGTCCGTGCGGT,0,1747114
gyrAp,0.3333333333333333,2,2,AATTGCTTTAAATGGGACAG,0,1755148
gyrAp,0.3333333333333333,2,2,AATTGATTTGGCGAGCGACG,0,1757983
gyrAp,0.3333333333333333,2,2,AATGTGGCTCAATTTTTGTG,0,1757614
gyrAp,0.3333333333333333,2,2,AATGATGATACGGTTTATTT,0,1766087
gyrAp,0.3333333333333333,2,2,AATGAATGTTATAGTAACGA,0,1759526
gyrAp,0.3333333333333333,2,2,AAGTTGCACTGACCAGTCAC,0,1750442
gyrAp,0.3333333333333333,2,2,AAGTTGATGAAGATGGATTG,0,1743484
gyrAp,0.3333333333333333,2,2,AAGTGTTCACTTTTTCTTAT,0,1746119
gyrAp,0.3333333333333333,2,2,AAGGTTAGCGTACCACTCAT,0,1755480
gyrAp,0.3333333333333333,2,2,AAGGTCCCGAGTGTGAAATT,0,1751866
gyrAp,0.3333333333333333,2,2,AAGGGTATCCGTATCGTTCC,0,1762254
gyrAp,0.3333333333333333,2,2,AAGGCTCTCCCAAGTGTCCC,0,1763321
gyrAp,0.3333333333333333,2,2,AAGGAGGATCATCCACAGTA,0,1742727
gyrAp,0.3333333333333333,2,2,AAGCTGGGATCTAGTAAGAT,0,1766317
gyrAp,0.3333333333333333,2,2,AAGCGTAACGGACGCGCGAG,0,1769693
gyrAp,0.3333333333333333,2,2,AAGCCTGATCTGCAGATGAC,0,1766839
gyrAp,0.3333333333333333,2,2,AAGCCCGAGAGACAAATAGC,0,1748653
gyrAp,0.3333333333333333,2,2,AAGCACCTCTGACTTCGACT,0,1766949
gyrAp,0.3333333333333333,2,2,AACTTACATACAAAAAAGGT,0,1760230
gyrAp,0.3333333333333333,2,2,AACTATTCTTGATATTGCAG,0,1747187
gyrAp,0.3333333333333333,2,2,AACGTGGGTGCAATTTCGTG,0,1768312
gyrAp,0.3333333333333333,2,2,AACCTCGCAATGAATGAACT,0,1750714
gyrAp,0.3333333333333333,2,2,AACCAGCGCTCAAACGGTGA,0,1755713
gyrAp,0.3333333333333333,2,2,AAATCGGTTTTTAAACGAAT,0,1748666
gyrAp,0.3333333333333333,2,2,AAATAGGACAGAGCGATTCT,0,1742776
gyrAp,0.3333333333333333,2,2,AAAGGAAACCCGTTACGCGG,0,1760180
gyrAp,0.3333333333333333,2,2,AAAGCTTGCCAACAATGAGT,0,1770002
gyrAp,0.3333333333333333,2,2,AAAGCACTGTTCCACTACTG,0,1765983
gyrAp,0.3333333333333333,2,2,AAAGAGGGGCGGGGCCACGA,0,1741496
gyrAp,0.3333333333333333,2,2,AAAGACGTTTACTCACTAAT,0,1767356
gyrAp,0.3333333333333333,2,2,AAACAAACAGCAACGGGAGC,0,1754652
gyrAp,0.3333333333333333,2,2,AAAAGGCCAAATAATTTTAA,0,1747305
gyrAp,0.3333333333333333,2,2,AAAAACGTCGCGCAGCTCCC,0,1745554
gyrAp,0.5,1,1,TTTTTTTTGTTGCTTATAAT,0,1751273
gyrAp,0.5,1,1,TTTTTTTACACTTAACCTCG,0,1753197
gyrAp,0.5,1,1,TTTTTTGCGAGGCCTTAGCA,0,1768162
gyrAp,0.5,1,1,TTTTTGTTCTGGTTAAAGTG,0,1752650
gyrAp,0.5,1,1,TTTTTCGAAGGACCTGTGCT,0,1753988
gyrAp,0.5,1,1,TTTTTAATCCCTGTTATTCA,0,1743835
gyrAp,0.5,1,1,TTTTGTTCTCTCTGTAGTCC,0,1767559
gyrAp,0.5,1,1,TTTTGGTTGGATGTAAATGT,0,1748950
gyrAp,0.5,1,1,TTTTGCCAACTCTTCAAGCA,0,1751397
gyrAp,0.5,1,1,TTTTGAGTTGAAGAGACAGG,0,1750840
gyrAp,0.5,1,1,TTTTCCCGGCATAAGCAGTG,0,1757610
gyrAp,0.5,1,1,TTTTCAATAATCTGTATAAT,0,1754569
gyrAp,0.5,1,1,TTTTATAGAATTCCAAGATT,0,1750716
gyrAp,0.5,1,1,TTTTAGTTTGCCGGATGTCC,0,1747331
gyrAp,0.5,1,1,TTTGTTCGTCGGTACGATTG,0,1766972
gyrAp,0.5,1,1,TTTGTTCGGCTGCCCCTCTA,0,1749711
gyrAp,0.5,1,1,TTTGTGAGATCGATAAACAG,0,1757012
gyrAp,0.5,1,1,TTTGTAATGGCTTGTAAACG,0,1741717
gyrAp,0.5,1,1,TTTGGTCAAAAAATGAACAC,0,1762206
gyrAp,0.5,1,1,TTTGCCCCGGGGCAGTCCAG,0,1766902
gyrAp,0.5,1,1,TTTGCAAGGAATCCGTAAGT,0,1770315
gyrAp,0.5,1,1,TTTCTGCAGCGGGACCTGTG,0,1743297
gyrAp,0.5,1,1,TTTCTGACAACTACACACGG,0,1756787
gyrAp,0.5,1,1,TTTCTCGTAAGACTGTATCT,0,1751622
gyrAp,0.5,1,1,TTTCGGCATGGGTGACCAGC,0,1756858
gyrAp,0.5,1,1,TTTCGATTCATCGGGGGAGT,0,1765156
gyrAp,0.5,1,1,TTTCGAGGTGCTTAGGAATC,0,1746529
gyrAp,0.5,1,1,TTTCCAGAGAAGGTGATTTT,0,1754557
gyrAp,0.5,1,1,TTTATTCGTTTAAGGTTTAG,0,1742127
gyrAp,0.5,1,1,TTTATCACCCCGGTTTAATA,0,1748598
gyrAp,0.5,1,1,TTTAATGTGCGTCTCCAAGG,0,1750849
gyrAp,0.5,1,1,TTTAATGCTCTAAAATATAC,0,1768823
gyrAp,0.5,1,1,TTTAACCTTGAAGTTTCCAG,0,1746599
gyrAp,0.5,1,1,TTGTTTCCGCAGGGATTCGG,0,1769277
gyrAp,0.5,1,1,TTGTGTCTACTCAGCTGGGA,0,1745873
gyrAp,0.5,1,1,TTGTGCAGTTACTTGGGGCA,0,1767361
gyrAp,0.5,1,1,TTGTGATCATACATAGTTTA,0,1746625
gyrAp,0.5,1,1,TTGTCTCATAGCGCAGTTGG,0,1762963
gyrAp,0.5,1,1,TTGTCCTCGAAGCGTGCATT,0,1761296
gyrAp,0.5,1,1,TTGTATGGGAGTGTAAACAA,0,1763854
gyrAp,0.5,1,1,TTGTAGCCGGGACACCGTGA,0,1745457
gyrAp,0.5,1,1,TTGGTCACATAGGTGGGTCT,0,1746645
gyrAp,0.5,1,1,TTGGGTTTTTCAGGACCTCA,0,1747890
gyrAp,0.5,1,1,TTGGGAATACACGTGTCAGA,0,1766958
gyrAp,0.5,1,1,TTGGCTGGAACAAAGGGTGT,0,1757645
gyrAp,0.5,1,1,TTGGACTTAAGAGTGTTCTG,0,1747798
gyrAp,0.5,1,1,TTGGAATAAGCTTACGACTG,0,1741948
gyrAp,0.5,1,1,TTGGAACCTACTCGAAAATA,0,1748216
gyrAp,0.5,1,1,TTGCGGCTTGAGACAAGCTA,0,1747094
gyrAp,0.5,1,1,TTGCCTCGGGGCCATCGAGT,0,1761179
gyrAp,0.5,1,1,TTGCATTCGCAAAACAAATC,0,1745365
gyrAp,0.5,1,1,TTGATTGGTCAGCACCTTTC,0,1751452
gyrAp,0.5,1,1,TTGATGCGCTACTTCGCGAG,0,1741907
gyrAp,0.5,1,1,TTGATCTCTTACGGTGTTGC,0,1745972
gyrAp,0.5,1,1,TTGAGTTTTCGACCCAGCAT,0,1758419
gyrAp,0.5,1,1,TTGAGAATTAGACCGTGCAG,0,1748006
gyrAp,0.5,1,1,TTCTTTGGGGGATGTACCGA,0,1758020
gyrAp,0.5,1,1,TTCTTGAGTCGGGGCAATAC,0,1744704
gyrAp,0.5,1,1,TTCTTATTTGCTAAGTCTTA,0,1746486
gyrAp,0.5,1,1,TTCTTAAAGCTTCCTAATTC,0,1767072
gyrAp,0.5,1,1,TTCTGGGTCCTCAGCAAATC,0,1766100
gyrAp,0.5,1,1,TTCTCCTTGTAGAGCCAGGC,0,1767935
gyrAp,0.5,1,1,TTCTCCCCGATTATGATGTA,0,1765353
gyrAp,0.5,1,1,TTCTCCCATCTAGTGACGGT,0,1767908
gyrAp,0.5,1,1,TTCGTAGACCTCCATACGGG,0,1767657
gyrAp,0.5,1,1,TTCGGGCCTCTAGGTGCTTA,0,1746783
gyrAp,0.5,1,1,TTCGGGAACCGATAAGCACA,0,1742186
gyrAp,0.5,1,1,TTCGGAATGACCCTCAATCG,0,1762441
gyrAp,0.5,1,1,TTCGCAAGGTAAGCCACCGA,0,1759837
gyrAp,0.5,1,1,TTCGAGTATGCAGATACAAT,0,1764552
gyrAp,0.5,1,1,TTCGAGATACGCAAATTTTC,0,1747742
gyrAp,0.5,1,1,TTCCTCAAAATCAGCGTTAA,0,1741658
gyrAp,0.5,1,1,TTCCTACAGCTGGGAATTTA,0,1751948
gyrAp,0.5,1,1,TTCCATCGTAGACCGGCGCA,0,1745985
gyrAp,0.5,1,1,TTCAAACAGTAGTTGCACTG,0,1746170
gyrAp,0.5,1,1,TTATTTTTTCCATAGTCTTA,0,1744305
gyrAp,0.5,1,1,TTATTGGAAGGCGGGAGCAT,0,1741696
gyrAp,0.5,1,1,TTATTAAGATTATGTTACGC,0,1745199
gyrAp,0.5,1,1,TTATGGGGCCTAAGGATTAC,0,1756425
gyrAp,0.5,1,1,TTATGATCTAGAATGGTCAG,0,1768624
gyrAp,0.5,1,1,TTATCTGCAACGTCGGATAG,0,1758343
gyrAp,0.5,1,1,TTATCTAACATTTGAAGAAA,0,1765087
gyrAp,0.5,1,1,TTATCACCGTAGGGTGAGAA,0,1742550
gyrAp,0.5,1,1,TTATATTGCGGATCAGCAAA,0,1744617
gyrAp,0.5,1,1,TTATAGTGAAGCTGAGATTC,0,1746716
gyrAp,0.5,1,1,TTAGTTCGGCTCGGTACTCT,0,1746400
gyrAp,0.5,1,1,TTAGTTCGATCGGTAAGGGA,0,1757712
gyrAp,0.5,1,1,TTAGTGGTCAAACCCATTAA,0,1753503
gyrAp,0.5,1,1,TTAGTCATTATGTCTGCCTC,0,1748545
gyrAp,0.5,1,1,TTAGTCATGTCTCTGGCTGT,0,1756595
gyrAp,0.5,1,1,TTAGACCGTAAAGTACTCTA,0,1750815
gyrAp,0.5,1,1,TTACTTCTGGTCGTTACATG,0,1749078
gyrAp,0.5,1,1,TTACGTAAGCGATGTTGTCA,0,1764043
gyrAp,0.5,1,1,TTACGAGGCTGTGTTCTAAC,0,1752485
gyrAp,0.5,1,1,TTACGAAACGGCTGGGCTCT,0,1761083
gyrAp,0.5,1,1,TTACATGCGTTATTAGCAAG,0,1759644
gyrAp,0.5,1,1,TTAAGAGACGAGCGATCACT,0,1766244
gyrAp,0.5,1,1,TTAACCACACGGAAGCCGGC,0,1753153
gyrAp,0.5,1,1,TTAAAGGTGTAATTACTCGG,0,1749642
gyrAp,0.5,1,1,TGTTTTTGGACAGAATCTAA,0,1770075
gyrAp,0.5,1,1,TGTTTGCGTTTAAGGCCTCA,0,1769337
gyrAp,0.5,1,1,TGTTGCGCTTAGCTAGATGT,0,1754805
gyrAp,0.5,1,1,TGTTGCCTGCGGGTAGAACG,0,1745849
gyrAp,0.5,1,1,TGTTCCTGGGCGAGCCTCCG,0,1744913
gyrAp,0.5,1,1,TGTTAGTACGACTTAACTGA,0,1742828
gyrAp,0.5,1,1,TGTTACTTTGACCTATACCA,0,1760568
gyrAp,0.5,1,1,TGTGTGGCGTTTAATTGGCA,0,1743061
gyrAp,0.5,1,1,TGTGGTATTAAACGGAGTGT,0,1760336
gyrAp,0.5,1,1,TGTGGAGTAATGATGTCACT,0,1744040
gyrAp,0.5,1,1,TGTGCGAAATACGTTTCACA,0,1753495
gyrAp,0.5,1,1,TGTGCCATCGTACGTAATGT,0,1757752
gyrAp,0.5,1,1,TGTCTAGGGATATGCCGGGA,0,1761585
gyrAp,0.5,1,1,TGTCCTCGTGGACGAAGGCT,0,1757544
gyrAp,0.5,1,1,TGTCACACTCCACAGCACCT,0,1743205
gyrAp,0.5,1,1,TGTCAAAGCGTTACCCTCAC,0,1770704
gyrAp,0.5,1,1,TGTAGGAGCTTATGATTATA,0,1746748
gyrAp,0.5,1,1,TGTAACCAACGACAGGTCAT,0,1753665
gyrAp,0.5,1,1,TGGTTAGTTGATGGGCGCGG,0,1757416
gyrAp,0.5,1,1,TGGTGGACACAATTTCGCGA,0,1750082
gyrAp,0.5,1,1,TGGTGCTCAATTTTGAGGAG,0,1760236
gyrAp,0.5,1,1,TGGTGCCTTCGAGCGGACGA,0,1758218
gyrAp,0.5,1,1,TGGTATAAGGTAGGATACCA,0,1766819
gyrAp,0.5,1,1,TGGGTCTCCCTGAGCGGCTC,0,1756445
gyrAp,0.5,1,1,TGGGGGGACGGCTGCCGAAG,0,1755642
gyrAp,0.5,1,1,TGGGGCATGCTTCGGTATGT,0,1751845
gyrAp,0.5,1,1,TGGGGATCATATACTAACCC,0,1753394
gyrAp,0.5,1,1,TGGGCGCGGAAATAGCACAT,0,1766065
gyrAp,0.5,1,1,TGGGACTGGCCTTACTATAG,0,1748513
gyrAp,0.5,1,1,TGGCTTCGGTACGCGTTATG,0,1753641
gyrAp,0.5,1,1,TGGCTGAGAGGTACCCTTTG,0,1742638
gyrAp,0.5,1,1,TGGCTAATCTGCGCGATGTA,0,1742525
gyrAp,0.5,1,1,TGGCTAAGTCAGTATCCCTA,0,1749468
gyrAp,0.5,1,1,TGGCCGATCACATTTATGTG,0,1749325
gyrAp,0.5,1,1,TGGCCGACGGAAATCGGCCC,0,1746321
gyrAp,0.5,1,1,TGGCCCCCGGTACCCCGGCC,0,1752793
gyrAp,0.5,1,1,TGGCCACCGTGCATAGGTCG,0,1741510
gyrAp,0.5,1,1,TGGCCAATCGGCACAGAGTA,0,1760972
gyrAp,0.5,1,1,TGGCATACCCGGCGCGGTAA,0,1745185
gyrAp,0.5,1,1,TGGCAGGTTCGGTAGGGAGG,0,1755883
gyrAp,0.5,1,1,TGGCAGCACAGGACTCTTGC,0,1755645
gyrAp,0.5,1,1,TGGAGGGGTAGCATTAGGTT,0,1745539
gyrAp,0.5,1,1,TGGAGCCATAAATGGCACTT,0,1742157
gyrAp,0.5,1,1,TGGACCGCTAGTTTACTTCG,0,1754049
gyrAp,0.5,1,1,TGGAAGTTCGAAGTATGCAA,0,1756400
gyrAp,0.5,1,1,TGGAAGGCGCAGTTCGGGAT,0,1762320
gyrAp,0.5,1,1,TGCTTGTGGTATTACTGAAC,0,1743025
gyrAp,0.5,1,1,TGCTGAGTTAGCGACGACAT,0,1760933
gyrAp,0.5,1,1,TGCTGACCCGATATAGTATT,0,1741672
gyrAp,0.5,1,1,TGCTCCCCTACCGTCTCAGC,0,1757255
gyrAp,0.5,1,1,TGCTATAGGATCTACTAGGC,0,1770570
gyrAp,0.5,1,1,TGCGGGTTTAAACATTCATA,0,1767002
gyrAp,0.5,1,1,TGCGCTTCGCGTTGCAAAAA,0,1761162
gyrAp,0.5,1,1,TGCGCCCTAGGGGGTTCGAT,0,1756476
gyrAp,0.5,1,1,TGCCGGCGAGCATCCCTCAA,0,1752232
gyrAp,0.5,1,1,TGCCGCCTACTATGGGCACG,0,1759550
gyrAp,0.5,1,1,TGCCGCATAACAGTGTAGTA,0,1750719
gyrAp,0.5,1,1,TGCCCAACATACCCGAGTGC,0,1765485
gyrAp,0.5,1,1,TGCATGAAGTGTCGGACGTG,0,1748514
gyrAp,0.5,1,1,TGCATATATATACATCTCTT,0,1749497
gyrAp,0.5,1,1,TGCACCGCACAGGTCCCGCT,0,1751093
gyrAp,0.5,1,1,TGCACACGCAACCCTATTGC,0,1770667
gyrAp,0.5,1,1,TGCAATTTGTAGGGTCTAAA,0,1762468
gyrAp,0.5,1,1,TGCAATATTAATAACTGGTC,0,1752961
gyrAp,0.5,1,1,TGATTTCTAAAAGCCACGGT,0,1742825
gyrAp,0.5,1,1,TGATGTAACACGTGGTCTTA,0,1747573
gyrAp,0.5,1,1,TGATGGGTCGAGGCGGACCC,0,1758283
gyrAp,0.5,1,1,TGATGCCCCTTTCTACATGT,0,1749845
gyrAp,0.5,1,1,TGATCAGTATGAGGTCCCGA,0,1770201
gyrAp,0.5,1,1,TGAGTTTATCGACGAGGGTG,0,1744178
gyrAp,0.5,1,1,TGAGGGCGTGAAAATGGTTG,0,1760592
gyrAp,0.5,1,1,TGAGATCGCACTGATAGTGA,0,1747215
gyrAp,0.5,1,1,TGAGACCTCAGAGGCATCCA,0,1768668
gyrAp,0.5,1,1,TGACTCACGGATAATAACTT,0,1759014
gyrAp,0.5,1,1,TGACTATTGCGTGGCAACCT,0,1743337
gyrAp,0.5,1,1,TGACTAACAGATGGATCGGT,0,1764994
gyrAp,0.5,1,1,TGACCGCTTCGAGAACGTGC,0,1770145
gyrAp,0.5,1,1,TGACCCATCTTGCTACCTTT,0,1749111
gyrAp,0.5,1,1,TGACCACCTGAACTTAGTTC,0,1745055
gyrAp,0.5,1,1,TGACCACATTATTCCCACGA,0,1752334
gyrAp,0.5,1,1,TGACATTCATAGACTTTAGA,0,1754039
gyrAp,0.5,1,1,TGACATATTGGGGGTAGTCC,0,1743869
gyrAp,0.5,1,1,TGACAGAGCCTAGGTCCGGG,0,1761630
gyrAp,0.5,1,1,TGACAAAGTTTTGGACGTTC,0,1746554
gyrAp,0.5,1,1,TGAATTCCATTGGGGCCTCT,0,1768146
gyrAp,0.5,1,1,TGAATCTATGTTGCGGGGTG,0,1760816
gyrAp,0.5,1,1,TGAAGGGCGTGGTGGTCAAC,0,1755351
gyrAp,0.5,1,1,TGAAGCAGCTGACGATAGGA,0,1743193
gyrAp,0.5,1,1,TGAAGAGTCCGCTATAGCCT,0,1757800
gyrAp,0.5,1,1,TGAACTTTTCATGGGAATAC,0,1764485
gyrAp,0.5,1,1,TGAAATGACGGCGTCATATT,0,1759481
gyrAp,0.5,1,1,TGAAACTAACGCCGGGGGAT,0,1744383
gyrAp,0.5,1,1,TCTTTTCGATGGAGCTCATG,0,1764765
gyrAp,0.5,1,1,TCTTTACCAGGGGGCATCGC,0,1748642
gyrAp,0.5,1,1,TCTTGAGTACTCATGATGAA,0,1745350
gyrAp,0.5,1,1,TCTTCACGGTTCACAGTCAG,0,1767625
gyrAp,0.5,1,1,TCTTCAAGAGCGGGTACGTG,0,1741903
gyrAp,0.5,1,1,TCTGTGCTGCGAAAATCAAG,0,1769294
gyrAp,0.5,1,1,TCTGGTGCTAGGCCTGTGGT,0,1763404
gyrAp,0.5,1,1,TCTGCCGTCGTATTCTCTGA,0,1766103
gyrAp,0.5,1,1,TCTCTTGGCCCACGTTTGGA,0,1759280
gyrAp,0.5,1,1,TCTCGGATTTGGCTGTTCGG,0,1751513
gyrAp,0.5,1,1,TCTCGGAGGTCGGAATGGCG,0,1758891
gyrAp,0.5,1,1,TCTCCTGTCCTCCGTAATAG,0,1757475
gyrAp,0.5,1,1,TCTCCGGTATGTTTCTCTCA,0,1761350
gyrAp,0.5,1,1,TCTCCGCCGTAGGTGTTGCA,0,1758542
gyrAp,0.5,1,1,TCTCCCGCCCGCGATCGTTG,0,1755736
gyrAp,0.5,1,1,TCTCATAAGTTGGCGACGTC,0,1767114
gyrAp,0.5,1,1,TCTCAGCTACACAAGAAAAA,0,1767693
gyrAp,0.5,1,1,TCTCACAACGCTCCAGGCTG,0,1752652
gyrAp,0.5,1,1,TCTAGTACATTTAGGAATAT,0,1755390
gyrAp,0.5,1,1,TCTAGCACCATCGAAATTGC,0,1769870
gyrAp,0.5,1,1,TCTAGACTCTTTTGTGTACA,0,1745240
gyrAp,0.5,1,1,TCTAGAAATTGGTCGCCCAC,0,1758060
gyrAp,0.5,1,1,TCTAAAGGGGTAGCTCTCCT,0,1744940
gyrAp,0.5,1,1,TCTAAAAGTTGGACCGAGCT,0,1751232
gyrAp,0.5,1,1,TCGTTGTCAGGTGTACCCGT,0,1760391
gyrAp,0.5,1,1,TCGTTACAGTACCTACCCCT,0,1759774
gyrAp,0.5,1,1,TCGTGCAGTGGCCTGATGCT,0,1751750
gyrAp,0.5,1,1,TCGTGAAGGCTAGGCTTGGC,0,1760048
gyrAp,0.5,1,1,TCGTCGGTCGCATACGATAC,0,1757622
gyrAp,0.5,1,1,TCGTCGCATGCATTAGTACA,0,1766646
gyrAp,0.5,1,1,TCGTAGTGCTTGCAGAGTGT,0,1764110
gyrAp,0.5,1,1,TCGTAATTAAGGTATAATCG,0,1755191
gyrAp,0.5,1,1,TCGGTGCGCAGACGCACTTG,0,1749057
gyrAp,0.5,1,1,TCGGGAGATAGTGATAGGAA,0,1753205
gyrAp,0.5,1,1,TCGGGACCTTGGACCGTGTG,0,1757140
gyrAp,0.5,1,1,TCGGCTGTAGTAGTATTGTT,0,1755909
gyrAp,0.5,1,1,TCGGCTCTCTTGTATCAGGT,0,1746161
gyrAp,0.5,1,1,TCGGAGAGATCTGGCTTTTA,0,1742972
gyrAp,0.5,1,1,TCGGACTAACCGGCATTGTG,0,1743295
gyrAp,0.5,1,1,TCGCTTGGTAGTACAACAGA,0,1742467
gyrAp,0.5,1,1,TCGCTTACCGGGTTCAGTAA,0,1769211
gyrAp,0.5,1,1,TCGCTGCGGGGACAGCTACT,0,1759427
gyrAp,0.5,1,1,TCGCTCAACCATGGCTTGAG,0,1766512
gyrAp,0.5,1,1,TCGCCCCGTCCCCGTATCTG,0,1752438
gyrAp,0.5,1,1,TCGCAGTCAACGAGTCTGCT,0,1755764
gyrAp,0.5,1,1,TCGCAGACACGGGCAGCAAG,0,1750169
gyrAp,0.5,1,1,TCGAGTAGGTCGAGTCTATA,0,1764070
gyrAp,0.5,1,1,TCGAGGATTCGCGGCTTCTA,0,1766582
gyrAp,0.5,1,1,TCGACGGGGAGCAATTAGAG,0,1768944
gyrAp,0.5,1,1,TCGACGGGATGGAATTTGGA,0,1761797
gyrAp,0.5,1,1,TCGAAAGCCTCTGGTAAATC,0,1759334
gyrAp,0.5,1,1,TCGAAAGCCAGTTTACGCTA,0,1743369
gyrAp,0.5,1,1,TCCTGACAGAATGGCACACA,0,1759980
gyrAp,0.5,1,1,TCCTCGGTCCAACAGCTCGC,0,1760145
gyrAp,0.5,1,1,TCCTCCCGCCTACTGGTCTA,0,1765556
gyrAp,0.5,1,1,TCCTCCCACTGGTCTATTCC,0,1753160
gyrAp,0.5,1,1,TCCTCAATAGTGGCATCCCC,0,1752517
gyrAp,0.5,1,1,TCCGTCATAGCACATTACGT,0,1763064
gyrAp,0.5,1,1,TCCGTAGCAAGGCGGTACCC,0,1753179
gyrAp,0.5,1,1,TCCGGGAGGATGTTCTAGTG,0,1744297
gyrAp,0.5,1,1,TCCGCTCAGTTTTGACCAGG,0,1755821
gyrAp,0.5,1,1,TCCGACCGCTCCCACTACAT,0,1761414
gyrAp,0.5,1,1,TCCCTTTGATCCGCGGCCAA,0,1758743
gyrAp,0.5,1,1,TCCCGATTCATCCGCCTTGC,0,1762947
gyrAp,0.5,1,1,TCCCGAAGGGCTTATCGAGA,0,1749040
gyrAp,0.5,1,1,TCCCACTATCTGAGTGGGCA,0,1757253
gyrAp,0.5,1,1,TCCCACGTTGTAACAATTGA,0,1758130
gyrAp,0.5,1,1,TCCCAACAATAGGTGGGTGC,0,1758171
gyrAp,0.5,1,1,TCCAGGTTAGGGGCCTCAGC,0,1747566
gyrAp,0.5,1,1,TCCAGAGCTTCCTACAATAT,0,1745368
gyrAp,0.5,1,1,TCCAATATGAATAGTCGCGC,0,1752406
gyrAp,0.5,1,1,TCCAAGAGGGGCACGTCAAC,0,1768379
gyrAp,0.5,1,1,TCATTGGTAGGGATCCCCAC,0,1752862
gyrAp,0.5,1,1,TCATTGGGGGAGCCCATTGT,0,1759256
gyrAp,0.5,1,1,TCATTCGCGTCCTAGAAACG,0,1750723
gyrAp,0.5,1,1,TCATGTTGGGGTTACTGGTT,0,1746822
gyrAp,0.5,1,1,TCATGCTTACTATAGGATTA,0,1744654
gyrAp,0.5,1,1,TCATGAAAACGGTGGTGTAT,0,1756643
gyrAp,0.5,1,1,TCATAGAACCGTTGTTAAGC,0,1756224
gyrAp,0.5,1,1,TCAGGCCTGTGTCCAGGTAA,0,1755196
gyrAp,0.5,1,1,TCAGGACGATGAGTTGGAGG,0,1759880
gyrAp,0.5,1,1,TCAGCTTACAGCACTCTTTA,0,1748584
gyrAp,0.5,1,1,TCAGCAAGGTCCCTTGACGG,0,1752569
gyrAp,0.5,1,1,TCAGAGTTTCGCTACGCGCT,0,1746564
gyrAp,0.5,1,1,TCACTGTAAAGGTGCGCGAA,0,1750933
gyrAp,0.5,1,1,TCACTAAAGTGGGGAATTAG,0,1764986
gyrAp,0.5,1,1,TCACGACCCGGGCCGACCTC,0,1762218
gyrAp,0.5,1,1,TCACCTTATGGTTATTAGAT,0,1741952
gyrAp,0.5,1,1,TCACAATACGAACCGTAGGG,0,1748629
gyrAp,0.5,1,1,TCAAGTAAGGTTCCACCGCT,0,1748590
gyrAp,0.5,1,1,TCAAGGGCCGGTCAATACGA,0,1742441
gyrAp,0.5,1,1,TCAAACGGTCCCACTAAAAT,0,1748053
gyrAp,0.5,1,1,TATTTAAAAGGGTTATGAGA,0,1763564
gyrAp,0.5,1,1,TATTGCCCTGCTGCGTAAAT,0,1762331
gyrAp,0.5,1,1,TATTGAGCGTAAAGGACTAG,0,1745889
gyrAp,0.5,1,1,TATTCCAGATTAGACGGACG,0,1752997
gyrAp,0.5,1,1,TATTCACGGAGGCCTCCCCA,0,1763388
gyrAp,0.5,1,1,TATTCACACGGCTTGAGTGA,0,1766928
gyrAp,0.5,1,1,TATTATCGCATTTGGCTGAT,0,1756660
gyrAp,0.5,1,1,TATTACTATCCTAAGGCACG,0,1754555
gyrAp,0.5,1,1,TATTAATCAGAGAAGGGCCG,0,1768404
gyrAp,0.5,1,1,TATGTCAAATTTAATGGTGA,0,1742978
gyrAp,0.5,1,1,TATGGTCTCATCGCCACGAA,0,1754451
gyrAp,0.5,1,1,TATGCATGCAACTCGGGAAC,0,1762772
gyrAp,0.5,1,1,TATGATGTGGAACTAGGTCC,0,1762931
gyrAp,0.5,1,1,TATGATGCACCAAGTTTAAC,0,1752917
gyrAp,0.5,1,1,TATGATGAACACACGGACGT,0,1758897
gyrAp,0.5,1,1,TATGACTTAAATTTAACATG,0,1747135
gyrAp,0.5,1,1,TATGACCATTAACCTGTGCA,0,1754417
gyrAp,0.5,1,1,TATCTTCTACCAGGTAGCGG,0,1750105
gyrAp,0.5,1,1,TATCTCACTCAGCTCCGCTC,0,1748263
gyrAp,0.5,1,1,TATCGAGGCATAATTTGAGG,0,1757485
gyrAp,0.5,1,1,TATCCTATGGACCCGTAAGA,0,1750765
gyrAp,0.5,1,1,TATCCATATAAATGGTATAC,0,1759681
gyrAp,0.5,1,1,TATCAAAGTCGCATATCCGA,0,1747829
gyrAp,0.5,1,1,TATAGTCTGTATTTGTCTTT,0,1749841
gyrAp,0.5,1,1,TATACGGTTCGCCGAAGCAA,0,1752022
gyrAp,0.5,1,1,TATAATAGCGTGTATATGAC,0,1747498
gyrAp,0.5,1,1,TATAAGTTCTCAGTAAAGCA,0,1757105
gyrAp,0.5,1,1,TAGTGAAGCAATTACCCACC,0,1751809
gyrAp,0.5,1,1,TAGTCATGGGGGCAGAGTCC,0,1753378
gyrAp,0.5,1,1,TAGGTGACGTTTAATAGGAC,0,1757542
gyrAp,0.5,1,1,TAGGGCAGATTTAGGTACAA,0,1758345
gyrAp,0.5,1,1,TAGGCCGCTGAACGGTACAT,0,1770454
gyrAp,0.5,1,1,TAGGCATACTTTAGGCTGAT,0,1765484
gyrAp,0.5,1,1,TAGGCACGTGTGAAAACTAA,0,1765311
gyrAp,0.5,1,1,TAGGATGTCCAAAGTCTAAG,0,1753007
gyrAp,0.5,1,1,TAGGAGTTGTCGGGTAATTC,0,1745291
gyrAp,0.5,1,1,TAGGACGGTTATACTGGAAA,0,1751432
gyrAp,0.5,1,1,TAGGAACCGTCGGTCGCCAC,0,1769677
gyrAp,0.5,1,1,TAGGAAATGACCTGCGGTAC,0,1753108
gyrAp,0.5,1,1,TAGCTTAATAACTATGCTTT,0,1754727
gyrAp,0.5,1,1,TAGCTCCCGGCCGCGGCGCA,0,1760525
gyrAp,0.5,1,1,TAGCGCCTTTGTCCGCAGGG,0,1762713
gyrAp,0.5,1,1,TAGCCTCGAAGGGGGTCTTT,0,1750912
gyrAp,0.5,1,1,TAGCAGTTGAAAGGATGGGA,0,1759399
gyrAp,0.5,1,1,TAGCAGATAACAAGTCCTGT,0,1761340
gyrAp,0.5,1,1,TAGCAACAAAGCGCGATACG,0,1750575
gyrAp,0.5,1,1,TAGATTACTGCACCAGTGGA,0,1760062
gyrAp,0.5,1,1,TAGATTACCTTTAAGACTAA,0,1758624
gyrAp,0.5,1,1,TAGATGTTTCGATTCGCAGG,0,1762440
gyrAp,0.5,1,1,TAGATGGTCGTAAAGAGGGA,0,1745730
gyrAp,0.5,1,1,TAGAGATCCATTAAGCTATT,0,1751352
gyrAp,0.5,1,1,TAGAAATTAGCTGACATGTA,0,1750945
gyrAp,0.5,1,1,TACTTCTACATAAGACTCTT,0,1758393
gyrAp,0.5,1,1,TACTTCGACATACCTTGCGT,0,1742711
gyrAp,0.5,1,1,TACTGTGGCATAGCCGAGAT,0,1742313
gyrAp,0.5,1,1,TACTACGATGGCCGCACCAT,0,1750414
gyrAp,0.5,1,1,TACGAGCCGAAAGGCCTGGT,0,1756662
gyrAp,0.5,1,1,TACCGGAAGCGTCTGTGTCT,0,1763240
gyrAp,0.5,1,1,TACCCCAGCTGCCTAGCGGT,0,1746912
gyrAp,0.5,1,1,TACCATGGACTGGCCGGTCT,0,1754189
gyrAp,0.5,1,1,TACATGTAACCATAGCGTTG,0,1751272
gyrAp,0.5,1,1,TACATGATAAGGAGTCTATA,0,1761143
gyrAp,0.5,1,1,TACAGTATTCCGCGACTTAA,0,1742348
gyrAp,0.5,1,1,TACAGCAGGTGCGGACCTGG,0,1756760
gyrAp,0.5,1,1,TAATTTCTGTACAGGACTTA,0,1760333
gyrAp,0.5,1,1,TAATTCCACCAGAGGCGTGC,0,1758928
gyrAp,0.5,1,1,TAATCATAAATCGTAACATC,0,1746142
gyrAp,0.5,1,1,TAATCACGGGCTCTTACGAC,0,1747084
gyrAp,0.5,1,1,TAATATGTCCATCTCTCCGT,0,1757343
gyrAp,0.5,1,1,TAATACGTGTGGTGTCGTTG,0,1744920
gyrAp,0.5,1,1,TAAGTGAGATCGTTACGACC,0,1755610
gyrAp,0.5,1,1,TAAGTACGGTCAGGAAGAGT,0,1746252
gyrAp,0.5,1,1,TAAGTAAATTTAGCTGAGGT,0,1744291
gyrAp,0.5,1,1,TAAGCTTGGGCTTATCTCAA,0,1769578
gyrAp,0.5,1,1,TAAGCGCTAATAATGCTGAC,0,1760662
gyrAp,0.5,1,1,TAAGCCACGAACGGGGAGTT,0,1760209
gyrAp,0.5,1,1,TAAGCACGGCTCCAGTAATC,0,1757601
gyrAp,0.5,1,1,TAAGATCTTGCGATGGTCTT,0,1762089
gyrAp,0.5,1,1,TAACGTATGGGTACACGTGT,0,1754449
gyrAp,0.5,1,1,TAACCGTGGTACTGTAAAGT,0,1745408
gyrAp,0.5,1,1,TAACCCTGGCATCTACTCCT,0,1746478
gyrAp,0.5,1,1,TAACCATAGTCGGGCATTCT,0,1753504
gyrAp,0.5,1,1,TAACCAAGAACGCTTTCAGA,0,1745101
gyrAp,0.5,1,1,TAACACGTCACGTGGGGCTT,0,1749654
gyrAp,0.5,1,1,TAAATGTTTATCAGTTGTTA,0,1744970
gyrAp,0.5,1,1,TAAATCCCGTCTACTATGCA,0,1743280
gyrAp,0.5,1,1,TAAATATCGCGAGTTGCCGA,0,1766984
gyrAp,0.5,1,1,TAAAGGAGCCAGATCTTGAA,0,1744578
gyrAp,0.5,1,1,TAAACGGTGAGTCAACGAGG,0,1754021
gyrAp,0.5,1,1,TAAAAGCTTAGAAACGGTTG,0,1756828
gyrAp,0.5,1,1,GTTTTAACCGGAAGGTAGGC,0,1753895
gyrAp,0.5,1,1,GTTTATTACTGATTGCTATA,0,1742664
gyrAp,0.5,1,1,GTTTACGGGTATCCCGTGAC,0,1750645
gyrAp,0.5,1,1,GTTTAACTGATCTTTCTAGC,0,1750650
gyrAp,0.5,1,1,GTTGTGGACTTTGCTGTGTG,0,1757384
gyrAp,0.5,1,1,GTTGTGCATCGATGTGGCGG,0,1757884
gyrAp,0.5,1,1,GTTGTATAAGGTTATTGTGC,0,1752673
gyrAp,0.5,1,1,GTTGCAAGCTTTTTACACGT,0,1759024
gyrAp,0.5,1,1,GTTGAAGGAATCGGGTGGAA,0,1748579
gyrAp,0.5,1,1,GTTCTTAACACCTGAACTCA,0,1754612
gyrAp,0.5,1,1,GTTCTGTAAACGGGCTACCT,0,1757358
gyrAp,0.5,1,1,GTTCTCGGCTACTGCTAATT,0,1748638
gyrAp,0.5,1,1,GTTCGTGAATCGATTCTGTG,0,1747218
gyrAp,0.5,1,1,GTTCGCCCCCTGCCCAGCGT,0,1764023
gyrAp,0.5,1,1,GTTCCGGTAGACGCTGGGTC,0,1764587
gyrAp,0.5,1,1,GTTATCCGCCGTGTTTCGCC,0,1767265
gyrAp,0.5,1,1,GTTATAACGGTAGCCTGGGG,0,1757771
gyrAp,0.5,1,1,GTTAGTTTCCAATCACGCGC,0,1746823
gyrAp,0.5,1,1,GTTAGTAGCTTTGCCAATAA,0,1761748
gyrAp,0.5,1,1,GTTAGAGAAGTGCTGTAGAA,0,1758392
gyrAp,0.5,1,1,GTTAGAATTTGAGGGTTTTG,0,1741588
gyrAp,0.5,1,1,GTTAAGCGGCCGCCACTTAA,0,1748907
gyrAp,0.5,1,1,GTTAACTTCGCTTAGAAGAA,0,1755167
gyrAp,0.5,1,1,GTGTGCCCAAGATTAGCTCT,0,1750811
gyrAp,0.5,1,1,GTGTGCACATTGGTTTCTAC,0,1743060
gyrAp,0.5,1,1,GTGTCAGGGATTTCTTCCAC,0,1744463
gyrAp,0.5,1,1,GTGTAGATCTCCGCCGGAGT,0,1758465
gyrAp,0.5,1,1,GTGTAGAATTCTACGGCTTA,0,1770326
gyrAp,0.5,1,1,GTGGGGTGGTTGGTTTACTG,0,1748797
gyrAp,0.5,1,1,GTGGGGTCTAGAACCGGACT,0,1754622
gyrAp,0.5,1,1,GTGGGGCCATTAGAGTCGCA,0,1746811
gyrAp,0.5,1,1,GTGGCTTCAATTTAGGCGGA,0,1749632
gyrAp,0.5,1,1,GTGGCACGGGTGTCCAAAAC,0,1746477
gyrAp,0.5,1,1,GTGCGGTCGATTGCGGCCGA,0,1741481
gyrAp,0.5,1,1,GTGCGATCCGGCTTCGGTTA,0,1751066
gyrAp,0.5,1,1,GTGCATGTTTCATCCGTTAA,0,1742603
gyrAp,0.5,1,1,GTGAGTCTAGCTCTCCGACC,0,1769957
gyrAp,0.5,1,1,GTGACTTGAAGTTTTTTGGG,0,1754782
gyrAp,0.5,1,1,GTGACTGGACGAGATTTGCG,0,1768096
gyrAp,0.5,1,1,GTGACAGGTCAACCCTGTTA,0,1743644
gyrAp,0.5,1,1,GTGAATAGACAGCTCTTATT,0,1751399
gyrAp,0.5,1,1,GTCTTAATATCTTTTGGGTT,0,1750996
gyrAp,0.5,1,1,GTCTGTGACGTATCAATCAG,0,1769989
gyrAp,0.5,1,1,GTCTGGTTTTGCGTCAAGTA,0,1758470
gyrAp,0.5,1,1,GTCTGGTGCACAGCCTAACA,0,1748173
gyrAp,0.5,1,1,GTCTCGTGTTAAGCCGGTAC,0,1742676
gyrAp,0.5,1,1,GTCTCAATTACGGTAGCTAG,0,1763158
gyrAp,0.5,1,1,GTCTATACTCTAGACGATGG,0,1760793
gyrAp,0.5,1,1,GTCTAGTAGGAGATTGATCT,0,1750269
gyrAp,0.5,1,1,GTCTAAAGTTTGTTGTATGC,0,1749865
gyrAp,0.5,1,1,GTCGTTTGTGAATGCGTTTA,0,1743345
gyrAp,0.5,1,1,GTCGTGCCATTCTGTCTAAG,0,1763439
gyrAp,0.5,1,1,GTCGTAATGACAACTACTAG,0,1747428
gyrAp,0.5,1,1,GTCGGAGGTAGTTCGGGCTA,0,1743450
gyrAp,0.5,1,1,GTCGAGAGCCATATGCATTG,0,1767094
gyrAp,0.5,1,1,GTCGAACGGCTTTCTTTTAG,0,1767764
gyrAp,0.5,1,1,GTCCTGGCGCATAAGGTACC,0,1741914
gyrAp,0.5,1,1,GTCCGTCCAGGAGAAACAGC,0,1757530
gyrAp,0.5,1,1,GTCCGGGTAAGGCTTGGGAG,0,1743840
gyrAp,0.5,1,1,GTCCGCTTGCGTTTAACGAT,0,1742471
gyrAp,0.5,1,1,GTCCATTCCAGGATAGGTTA,0,1748998
gyrAp,0.5,1,1,GTCCATCGTAGGCACTCGGT,0,1754969
gyrAp,0.5,1,1,GTCATCGGCCAGACGGGGAA,0,1745490
gyrAp,0.5,1,1,GTCAGGAACAATTGCTGCTA,0,1743751
gyrAp,0.5,1,1,GTCAGCTTTAGCCATCGGCA,0,1748955
gyrAp,0.5,1,1,GTCAGCCGGCAGTACTGCTA,0,1765754
gyrAp,0.5,1,1,GTCAGAACCGTTCCGGCAGT,0,1751797
gyrAp,0.5,1,1,GTCACTCATAGAACTGTGAG,0,1748166
gyrAp,0.5,1,1,GTCAATGCGAGATGATCATG,0,1764597
gyrAp,0.5,1,1,GTCAACCTTATGACCTCACG,0,1752980
gyrAp,0.5,1,1,GTATTTCTTGTTGACCCGGA,0,1766204
gyrAp,0.5,1,1,GTATTCGGCGTCATCCCGGT,0,1770863
gyrAp,0.5,1,1,GTATGGTCGTTTCTTCATGT,0,1758979
gyrAp,0.5,1,1,GTATGGCCGGTGAGATGTGG,0,1765506
gyrAp,0.5,1,1,GTATGGAAAGTTTAGGGTTG,0,1742302
gyrAp,0.5,1,1,GTAGTGTACGAGCACGGGAA,0,1767430
gyrAp,0.5,1,1,GTAGCACCAAGCTGGCTCAT,0,1768033
gyrAp,0.5,1,1,GTACTAAGCGAGTGAGACAT,0,1744507
gyrAp,0.5,1,1,GTACCAGGACTTGCAGTATT,0,1743625
gyrAp,0.5,1,1,GTACATTTTTCCCAGACTGA,0,1741891
gyrAp,0.5,1,1,GTACAGGTGGGAATGGCGAT,0,1742522
gyrAp,0.5,1,1,GTACAAGTGTACCAGGCAAA,0,1755273
gyrAp,0.5,1,1,GTAATGCTTGGGACTCTGAG,0,1765640
gyrAp,0.5,1,1,GTAATGAACCTAGCGAAAGC,0,1744349
gyrAp,0.5,1,1,GTAATCGACGTGGGCGGAAT,0,1746125
gyrAp,0.5,1,1,GTAAGCATTAGTAGTGGGCA,0,1747024
gyrAp,0.5,1,1,GTAACCTCCGCCCAGCAAAT,0,1764478
gyrAp,0.5,1,1,GTAACCCTGCAGACCATAGA,0,1765893
gyrAp,0.5,1,1,GTAACCCCGTAGGAGTCAGC,0,1746048
gyrAp,0.5,1,1,GTAAAGTCTAAGAGAAATGG,0,1741921
gyrAp,0.5,1,1,GTAAAGCCATCGTTGCCTTT,0,1757291
gyrAp,0.5,1,1,GGTTTTCTGATTGAGCTTGA,0,1746174
gyrAp,0.5,1,1,GGTTTGCGGACAATACCGGT,0,1748728
gyrAp,0.5,1,1,GGTTTATTTTATCTGCCTAC,0,1748111
gyrAp,0.5,1,1,GGTTTACTTCATTCTTCAAG,0,1764281
gyrAp,0.5,1,1,GGTTCTGGAGATGAATCCCT,0,1770198
gyrAp,0.5,1,1,GGTTATGACTTATCTCGTGT,0,1742108
gyrAp,0.5,1,1,GGTTATACACGGGGGGGGTG,0,1754595
gyrAp,0.5,1,1,GGTTAGGTCGAGTTAGCCCA,0,1751008
gyrAp,0.5,1,1,GGTTACCGATACAGCCGCTG,0,1763566
gyrAp,0.5,1,1,GGTTACACTCGCGGCAAATA,0,1768412
gyrAp,0.5,1,1,GGTGTCTACACGCCTGTTTC,0,1745777
gyrAp,0.5,1,1,GGTGTACCACTCCTTTAAGT,0,1768007
gyrAp,0.5,1,1,GGTGGGCACACGTATGCAAA,0,1757936
gyrAp,0.5,1,1,GGTGCATTGACTCGGTGCAG,0,1763600
gyrAp,0.5,1,1,GGTGACGTGTGCGTTCTCTC,0,1766192
gyrAp,0.5,1,1,GGTCTCTGATAAACTGGAAG,0,1763425
gyrAp,0.5,1,1,GGTCGCTGTTAGACACCTGC,0,1744621
gyrAp,0.5,1,1,GGTCGCACCGAGTGTTAAAG,0,1746183
gyrAp,0.5,1,1,GGTCGAGTGAACAAGCGCCC,0,1741695
gyrAp,0.5,1,1,GGTCCCACGCGGAGAATTAA,0,1752488
gyrAp,0.5,1,1,GGTCATAGATGATCCCTTCG,0,1769452
gyrAp,0.5,1,1,GGTCAGATTAGCTTGTTACT,0,1749118
gyrAp,0.5,1,1,GGTCAGACACGCATTTTTAT,0,1756096
gyrAp,0.5,1,1,GGTCACTGTAGGTAATGGGT,0,1746792
gyrAp,0.5,1,1,GGTCACATGTCTCTGCGTTA,0,1755620
gyrAp,0.5,1,1,GGTCAATCCCCGCGTATACA,0,1743022
gyrAp,0.5,1,1,GGTCAAGCGCTTCTGCAAAT,0,1758720
gyrAp,0.5,1,1,GGTAGACTCCCACCGTTGGG,0,1756413
gyrAp,0.5,1,1,GGTACTTGGTCCAACGAAGA,0,1769317
gyrAp,0.5,1,1,GGTACCCTCGTGGGTTTATT,0,1743294
gyrAp,0.5,1,1,GGTACCCGGACCTCCCGTGC,0,1752037
gyrAp,0.5,1,1,GGTACCAATTCTTGAACGAT,0,1749544
gyrAp,0.5,1,1,GGTAATTGAGAATGTCTCAG,0,1749614
gyrAp,0.5,1,1,GGTAAGCTGAGGCCCGCAAA,0,1755464
gyrAp,0.5,1,1,GGTAAGAACCGACACGAGTT,0,1760094
gyrAp,0.5,1,1,GGGTTTTACACTTCTACAGC,0,1757609
gyrAp,0.5,1,1,GGGTTTGTGAGCCAGGAGCT,0,1749372
gyrAp,0.5,1,1,GGGTGCATGCCGTTATGGTA,0,1763859
gyrAp,0.5,1,1,GGGTATGAGACAGGACAGTT,0,1744835
gyrAp,0.5,1,1,GGGTATCCCTAGTTAATTAC,0,1743373
gyrAp,0.5,1,1,GGGTAGATGGAGGTGGTCAT,0,1742484
gyrAp,0.5,1,1,GGGTACAAGGGCGGAGGTTT,0,1756368
gyrAp,0.5,1,1,GGGTAATGCATCCGCTTGTA,0,1760410
gyrAp,0.5,1,1,GGGTAACTTCGTACATACAG,0,1765705
gyrAp,0.5,1,1,GGGGTTTAACGAAGGTATAA,0,1745634
gyrAp,0.5,1,1,GGGGTTGTAAGCCATCTTCC,0,1756963
gyrAp,0.5,1,1,GGGGTCCCAGGTCGTTGAAG,0,1757929
gyrAp,0.5,1,1,GGGGTCAGCTAGGCATGCGT,0,1764522
gyrAp,0.5,1,1,GGGGTAGGTGATTGCCCAAG,0,1769161
gyrAp,0.5,1,1,GGGGGGGAGCCGGTCTTCTT,0,1743792
gyrAp,0.5,1,1,GGGGGGACACCCGAGCCTCA,0,1753214
gyrAp,0.5,1,1,GGGGCTCGTAAAGAGACGTT,0,1749307
gyrAp,0.5,1,1,GGGCGGTTCTTCCGATCGAC,0,1757074
gyrAp,0.5,1,1,GGGCGGTCTGGCATGCAAAT,0,1741757
gyrAp,0.5,1,1,GGGCGAATTTACGTGGTACC,0,1764888
gyrAp,0.5,1,1,GGGCCAGCGGGACTCGGCAG,0,1754719
gyrAp,0.5,1,1,GGGCATCATGGGGGCTGTAC,0,1745746
gyrAp,0.5,1,1,GGGATTCAGAAGGCTGTCGT,0,1743580
gyrAp,0.5,1,1,GGGATCTAGTCATCGCGAAA,0,1760489
gyrAp,0.5,1,1,GGGAGAGTTTGCACTAAGGA,0,1761107
gyrAp,0.5,1,1,GGGAGACTAGCATTTAAACC,0,1766352
gyrAp,0.5,1,1,GGGACCATTGTGGTGTGCAT,0,1743601
gyrAp,0.5,1,1,GGGAATGCTTGCGCCACATA,0,1753737
gyrAp,0.5,1,1,GGGAACCCCATTAAATGTAT,0,1751118
gyrAp,0.5,1,1,GGGAAAATCGGTCTCAAGGT,0,1763706
gyrAp,0.5,1,1,GGCTTTGTAAGTGTTGTCCT,0,1754527
gyrAp,0.5,1,1,GGCTTATAAGTTGTCATTTT,0,1757554
gyrAp,0.5,1,1,GGCTGTGTAGGAGGTACAGA,0,1759839
gyrAp,0.5,1,1,GGCTGGTTATTTACCTGTTC,0,1769033
gyrAp,0.5,1,1,GGCTGCCGTGGTCCCGATGT,0,1761708
gyrAp,0.5,1,1,GGCTCGGCAGTGCGTCAAGT,0,1758809
gyrAp,0.5,1,1,GGCTCATTAAGATGTCTATA,0,1754332
gyrAp,0.5,1,1,GGCTATTGGCAGCCGTTACT,0,1749519
gyrAp,0.5,1,1,GGCTACTGTCGCGGAGGCCT,0,1766064
gyrAp,0.5,1,1,GGCTACCTGTACCACATGGA,0,1765245
gyrAp,0.5,1,1,GGCGGTTTCGGCGTACGGTC,0,1767133
gyrAp,0.5,1,1,GGCGGCATGAAGTAGTTCAA,0,1766213
gyrAp,0.5,1,1,GGCGCGTAATCCTGCCGACG,0,1743017
gyrAp,0.5,1,1,GGCGCGGACAACAGTCAAGA,0,1761829
gyrAp,0.5,1,1,GGCGCGACCATACAGGGGTT,0,1743734
gyrAp,0.5,1,1,GGCGCACAACGCCTACCGGG,0,1760121
gyrAp,0.5,1,1,GGCGAATCTCAGGGTCCTGT,0,1767006
gyrAp,0.5,1,1,GGCCTAGGGTCCCCAAGTAG,0,1742179
gyrAp,0.5,1,1,GGCCGACCCGCAAGACAACT,0,1741455
gyrAp,0.5,1,1,GGCCGACAGCTTGGGACGCT,0,1756707
gyrAp,0.5,1,1,GGCCCCTCCAGGTTGGCTAT,0,1746090
gyrAp,0.5,1,1,GGCCATCACACGTCGAAAAC,0,1766683
gyrAp,0.5,1,1,GGCCAGGTGCCTGACTGGTT,0,1747319
gyrAp,0.5,1,1,GGCATCACGTTTGGGCTCCC,0,1746345
gyrAp,0.5,1,1,GGCATATCAATATAACCATG,0,1754272
gyrAp,0.5,1,1,GGCAGGTATCATTCCGGAGG,0,1755926
gyrAp,0.5,1,1,GGCAATGCATGTGTCTAGAG,0,1764053
gyrAp,0.5,1,1,GGCAATCGGGCTGCCGCGGT,0,1744378
gyrAp,0.5,1,1,GGCAATAAAAGGGTTGCATA,0,1755664
gyrAp,0.5,1,1,GGCAAGCCTGTCATTTGTAA,0,1754752
gyrAp,0.5,1,1,GGCAACCAGGGTATTTGTTC,0,1750992
gyrAp,0.5,1,1,GGCAAACATACCAACATGAC,0,1766101
gyrAp,0.5,1,1,GGATTGGAAAACTTAGGTTT,0,1755726
gyrAp,0.5,1,1,GGATTGCGTGCGACATAGAT,0,1762417
gyrAp,0.5,1,1,GGATCTACGAGTGGAGAGCA,0,1763228
gyrAp,0.5,1,1,GGATCCGGCCATCGAGCCTA,0,1761936
gyrAp,0.5,1,1,GGATATTACTCAAACGGCGC,0,1744233
gyrAp,0.5,1,1,GGATACAAGGCCGCCACTGC,0,1757801
gyrAp,0.5,1,1,GGAGTGGAATTTAGCAACTC,0,1745651
gyrAp,0.5,1,1,GGAGTACGAGTTCCTGTACT,0,1745346
gyrAp,0.5,1,1,GGAGGTTCGACGCGACATAC,0,1751128
gyrAp,0.5,1,1,GGACTAGGCCACAGGAGTGG,0,1754310
gyrAp,0.5,1,1,GGACGGCGTGGATCGCCTAT,0,1770880
gyrAp,0.5,1,1,GGACGGACCTAAAGCTCTTA,0,1750913
gyrAp,0.5,1,1,GGACCTTAGAAGCTAACCAA,0,1756689
gyrAp,0.5,1,1,GGACCCAGACTCCCACGATG,0,1758196
gyrAp,0.5,1,1,GGACCATAAGTAATCTGTTT,0,1758597
gyrAp,0.5,1,1,GGACATGCTCATTCATACAC,0,1757772
gyrAp,0.5,1,1,GGACAGTTTCTGCCCTATTT,0,1759436
gyrAp,0.5,1,1,GGACAATACCGTGTTGTTTG,0,1745666
gyrAp,0.5,1,1,GGACAACAATCCTTCGGTTC,0,1765235
gyrAp,0.5,1,1,GGAATGATCACACAGAAATT,0,1767277
gyrAp,0.5,1,1,GGAATAAGATTCTCATCGTT,0,1760032
gyrAp,0.5,1,1,GGAAGTGGTGCAGCTCAATA,0,1754526
gyrAp,0.5,1,1,GGAAGGGTGCTGTACAGGGG,0,1744916
gyrAp,0.5,1,1,GGAAATGGGCTTATGTTGCA,0,1744416
gyrAp,0.5,1,1,GCTTTTATGCGAAGTGCGGC,0,1753892
gyrAp,0.5,1,1,GCTTGCGCAGTGTAACCGCT,0,1764890
gyrAp,0.5,1,1,GCTTCTAACCCCTAACCTAT,0,1757148
gyrAp,0.5,1,1,GCTTCCTCGCATTACGCCAG,0,1767576
gyrAp,0.5,1,1,GCTTCCCGCTCAACTAAAAT,0,1754077
gyrAp,0.5,1,1,GCTTCAACCCCACACCCTCG,0,1750845
gyrAp,0.5,1,1,GCTTAGCGAGTCTTCAGATT,0,1745647
gyrAp,0.5,1,1,GCTTAAGCGAGGAGTTGACC,0,1752951
gyrAp,0.5,1,1,GCTTAACGCCCATCCTCGCC,0,1766478
gyrAp,0.5,1,1,GCTGTGCGGTGTACCGAGAG,0,1759925
gyrAp,0.5,1,1,GCTGTAAAGTGATGTAACGA,0,1754941
gyrAp,0.5,1,1,GCTGGGTTGCCAGAATTATT,0,1764141
gyrAp,0.5,1,1,GCTGGGAGTCTCGCCGCGAA,0,1750197
gyrAp,0.5,1,1,GCTGATAGGTTGTAAGAGTA,0,1746373
gyrAp,0.5,1,1,GCTGACGTAGCGACACATAT,0,1758318
gyrAp,0.5,1,1,GCTGACCCGGGTAGTGCCGC,0,1748615
gyrAp,0.5,1,1,GCTCTATAGTCCACGCAAGA,0,1745363
gyrAp,0.5,1,1,GCTCTAGGCAGCGTGCACGG,0,1747050
gyrAp,0.5,1,1,GCTCGTGCGCCAATACACCT,0,1743103
gyrAp,0.5,1,1,GCTCGTAAATAGTCAATAGT,0,1757299
gyrAp,0.5,1,1,GCTCGCTACATGAACATCTG,0,1759739
gyrAp,0.5,1,1,GCTCCAAAATGTACTAAGGC,0,1770267
gyrAp,0.5,1,1,GCTCACACTTGCAACGCTGT,0,1753134
gyrAp,0.5,1,1,GCTATCAGACAAGTTTGCTC,0,1763347
gyrAp,0.5,1,1,GCTACGAGGTTGGCCGACGA,0,1744403
gyrAp,0.5,1,1,GCTAACGGCAAGGAACCTGC,0,1752696
gyrAp,0.5,1,1,GCGTTTTAGGCAAATCACTG,0,1744396
gyrAp,0.5,1,1,GCGTTTCCAGGGTCGCTTCA,0,1760673
gyrAp,0.5,1,1,GCGTGTCACGCCTATGCGCT,0,1747414
gyrAp,0.5,1,1,GCGTGGGAGCCCTCCAGCAA,0,1753398
gyrAp,0.5,1,1,GCGTGCTAAGTTAACGGCCA,0,1765155
gyrAp,0.5,1,1,GCGTCGGCTCGAAATAAACT,0,1742247
gyrAp,0.5,1,1,GCGGGCAATGACAGCTAGCG,0,1744663
gyrAp,0.5,1,1,GCGGGAGATATTTCACGAAC,0,1751123
gyrAp,0.5,1,1,GCGGCGCGGTCCGTCAGGTC,0,1744208
gyrAp,0.5,1,1,GCGGACAAGGCCGCGTCAGA,0,1753242
gyrAp,0.5,1,1,GCGCTCATATGTTGAAGTTC,0,1759639
gyrAp,0.5,1,1,GCGCGACAGGACAACACTAC,0,1748410
gyrAp,0.5,1,1,GCGCCTCCTAACAGTTCCCT,0,1751369
gyrAp,0.5,1,1,GCGCATACTTTTGCGTTCAT,0,1756954
gyrAp,0.5,1,1,GCGCAGTTAAGAACCCAGAC,0,1760260
gyrAp,0.5,1,1,GCGCAGGACTGGAGTTCTGC,0,1762773
gyrAp,0.5,1,1,GCGATTACGCAACCTCTGAT,0,1754447
gyrAp,0.5,1,1,GCGAAATTTCAAGCCCACCC,0,1750340
gyrAp,0.5,1,1,GCGAAAACTTTACGTTCCCG,0,1760516
gyrAp,0.5,1,1,GCCTAGACGTTGGACATCTC,0,1748705
gyrAp,0.5,1,1,GCCGTCTCGATTGCACCCAG,0,1767558
gyrAp,0.5,1,1,GCCGCGTGGATTACCTCTTT,0,1770566
gyrAp,0.5,1,1,GCCGCATCCCTATTTGACCA,0,1742086
gyrAp,0.5,1,1,GCCGCACTTTATTATGAGGG,0,1752726
gyrAp,0.5,1,1,GCCGCAAGTGAATCGTTCTC,0,1758015
gyrAp,0.5,1,1,GCCCGCCTTTCACCGGCGAT,0,1753757
gyrAp,0.5,1,1,GCCCGCCGCAAGTTAGTTTC,0,1743691
gyrAp,0.5,1,1,GCCCCCTGAATAAGGCACAT,0,1744213
gyrAp,0.5,1,1,GCCCCAGGCAACCAGGAAGG,0,1745331
gyrAp,0.5,1,1,GCCCACCAAGTAAGTCAGTG,0,1754629
gyrAp,0.5,1,1,GCCCAAACACGGAGTATCGA,0,1752648
gyrAp,0.5,1,1,GCCAGAGCTGGCTGGTGGTT,0,1763563
gyrAp,0.5,1,1,GCCACGCGGGAAAGGCGATT,0,1746425
gyrAp,0.5,1,1,GCCACAATGAGAGAAACTAA,0,1753853
gyrAp,0.5,1,1,GCATTTGTATCGGACTCGTT,0,1743468
gyrAp,0.5,1,1,GCATTAGAGACTCGATGAAT,0,1761987
gyrAp,0.5,1,1,GCATTACCCCGAAAACATGG,0,1746404
gyrAp,0.5,1,1,GCATGTGGGACCTTAGTCAC,0,1766630
gyrAp,0.5,1,1,GCATGCCCGAGAATAATCGT,0,1746985
gyrAp,0.5,1,1,GCATCTGCGCTGCAGAATGT,0,1752595
gyrAp,0.5,1,1,GCATAGCTACGCCGTCCGGC,0,1756929
gyrAp,0.5,1,1,GCAGTTATGGTATCAACATA,0,1751711
gyrAp,0.5,1,1,GCAGGTCGTGTTTGTAGTCA,0,1752962
gyrAp,0.5,1,1,GCAGGTAGGGTTGAAGGAAT,0,1767632
gyrAp,0.5,1,1,GCAGGTACGGGGTGTTAAAG,0,1769449
gyrAp,0.5,1,1,GCAGCTGTTTCCGGGAGAAC,0,1749387
gyrAp,0.5,1,1,GCAGCTCGTAGGGGTCAGAC,0,1768154
gyrAp,0.5,1,1,GCACGTATACGACAAATGAT,0,1753113
gyrAp,0.5,1,1,GCACGTACGCTAAGGCGAGA,0,1750377
gyrAp,0.5,1,1,GCACGGCGTCACCACCAAGT,0,1753466
gyrAp,0.5,1,1,GCACGACAATGGGTCAGGTA,0,1754207
gyrAp,0.5,1,1,GCAAGCCCTGCAAACGATCC,0,1747771
gyrAp,0.5,1,1,GCAACTACTTGCCAGTGGCA,0,1745909
gyrAp,0.5,1,1,GCAACTACCCAGCTAGAGGT,0,1765672
gyrAp,0.5,1,1,GATTTCGATTGGCGTTGATC,0,1750863
gyrAp,0.5,1,1,GATTTATGAAACGGGGTTGG,0,1763509
gyrAp,0.5,1,1,GATTGGTTACAATTCGGGCA,0,1750200
gyrAp,0.5,1,1,GATTGACCGTCTGTTGGGAA,0,1745443
gyrAp,0.5,1,1,GATTCTGCAGCATTATGTCC,0,1744325
gyrAp,0.5,1,1,GATTCCTGTGCGATATGTAC,0,1751897
gyrAp,0.5,1,1,GATTCCGTACATTAATCGGA,0,1749359
gyrAp,0.5,1,1,GATGTGATTTTCAACTGAAC,0,1746966
gyrAp,0.5,1,1,GATGACTGCGGGCATGACTA,0,1766050
gyrAp,0.5,1,1,GATCTGATCGTACACCGCAA,0,1744808
gyrAp,0.5,1,1,GATCTCTTCGCGCGCACAAC,0,1762929
gyrAp,0.5,1,1,GATCCTTTAATTACAAGAAC,0,1760396
gyrAp,0.5,1,1,GATCAGTTCCACAAATGGCG,0,1767678
gyrAp,0.5,1,1,GATCACGGCTCATACTAGTC,0,1749386
gyrAp,0.5,1,1,GATATTCGACTGGACCTCGT,0,1743775
gyrAp,0.5,1,1,GATATGGATAGGTAAGTATA,0,1766337
gyrAp,0.5,1,1,GATATCGGCCCCGATTCCCA,0,1761696
gyrAp,0.5,1,1,GATATCCGAATATTAACTTC,0,1741569
gyrAp,0.5,1,1,GATAGCAGGAGTACCGCATT,0,1762543
gyrAp,0.5,1,1,GATAACCGCATGAGTGCGTA,0,1743559
gyrAp,0.5,1,1,GATAACCGACTGGCACCCAC,0,1749578
gyrAp,0.5,1,1,GAGTTCGTAGTCTGCGGAAC,0,1748289
gyrAp,0.5,1,1,GAGTGTTACAGAGGTTGGGC,0,1759546
gyrAp,0.5,1,1,GAGTGTGCGCGACAGCTAGT,0,1762575
gyrAp,0.5,1,1,GAGTGGCAACTATACATAGT,0,1761387
gyrAp,0.5,1,1,GAGGTTACTGACTCATTAAC,0,1750116
gyrAp,0.5,1,1,GAGGTGAGTTAAAGAGCAAT,0,1767508
gyrAp,0.5,1,1,GAGGTCTCCGCAGAAAGGCT,0,1747554
gyrAp,0.5,1,1,GAGGTACATTAAAATTCGGA,0,1760658
gyrAp,0.5,1,1,GAGGGTAGTTCTGCAGCGTC,0,1762803
gyrAp,0.5,1,1,GAGCGTGGATTACGCACCGG,0,1760299
gyrAp,0.5,1,1,GAGCGTCGCAGGATGATCTC,0,1768810
gyrAp,0.5,1,1,GAGCGGTCTTCGGCGACATT,0,1744697
gyrAp,0.5,1,1,GAGCGCACTCCGGGCGGAAG,0,1756005
gyrAp,0.5,1,1,GAGCCGGTATGATACGGGTC,0,1765790
gyrAp,0.5,1,1,GAGCAATTACCAAACGGGAG,0,1745387
gyrAp,0.5,1,1,GAGAGGACTGTTGCGATAGA,0,1763065
gyrAp,0.5,1,1,GAGAGATCACTCTACGGTGG,0,1749126
gyrAp,0.5,1,1,GAGACCAACCCCTCCTTATG,0,1761138
gyrAp,0.5,1,1,GACTGGTTGACGTCAGTAAT,0,1768035
gyrAp,0.5,1,1,GACGTACTGCCCCACGCACG,0,1762527
gyrAp,0.5,1,1,GACGCTCTCATTCTAGGGTT,0,1764155
gyrAp,0.5,1,1,GACGCTATTTTACATCGGTA,0,1765592
gyrAp,0.5,1,1,GACGCGAGGGCAAGTCACAC,0,1759101
gyrAp,0.5,1,1,GACGCATCAAGTATCAGAGA,0,1763950
gyrAp,0.5,1,1,GACGATGGAATGGATCGGAT,0,1748232
gyrAp,0.5,1,1,GACGAATCGAGGCCTTCATG,0,1758491
gyrAp,0.5,1,1,GACGAAACCACCAGCTAGGG,0,1755445
gyrAp,0.5,1,1,GACCTGTGCTGCGCCCCGGC,0,1755078
gyrAp,0.5,1,1,GACCTGCCAGGCCGCGGGGC,0,1753321
gyrAp,0.5,1,1,GACCTCGTGCCCGCCGACTG,0,1754145
gyrAp,0.5,1,1,GACCTAGAGAGGACGACATG,0,1755822
gyrAp,0.5,1,1,GACCGCTGGTAGTTCCGGCG,0,1741497
gyrAp,0.5,1,1,GACCGCACTTTGTGTCAAAA,0,1749569
gyrAp,0.5,1,1,GACCCTCGATACACCCGGAT,0,1741550
gyrAp,0.5,1,1,GACCCCTAGTCCGTTCTTCT,0,1752190
gyrAp,0.5,1,1,GACCAGAGGATGTGGCAGCT,0,1769469
gyrAp,0.5,1,1,GACATTTATCCCATTAGCCA,0,1746749
gyrAp,0.5,1,1,GACATCTAATCTATTAACAG,0,1744506
gyrAp,0.5,1,1,GACACTTGGGTGGGGTTCTC,0,1745370
gyrAp,0.5,1,1,GACAATAGATAAACCTGCGG,0,1748748
gyrAp,0.5,1,1,GACAAAAGCGATCTGCGACA,0,1757239
gyrAp,0.5,1,1,GAATTTTCCGTCCCTGAGGT,0,1759556
gyrAp,0.5,1,1,GAATTGCTTCAGCATCGCCG,0,1762901
gyrAp,0.5,1,1,GAATTACTGCTTCAGTATAT,0,1745317
gyrAp,0.5,1,1,GAATGGACCATGATCACCCC,0,1763275
gyrAp,0.5,1,1,GAATGCCTAGGAAGTGACAT,0,1766495
gyrAp,0.5,1,1,GAATCCCTTACAGTACAAGG,0,1755529
gyrAp,0.5,1,1,GAATATCGACCGTGTAGCTC,0,1758999
gyrAp,0.5,1,1,GAATAGGACCAGTCTTTTAA,0,1761314
gyrAp,0.5,1,1,GAATAACTATCGGTCTTGGT,0,1761557
gyrAp,0.5,1,1,GAAGTTACTTGGTTCTACGG,0,1769133
gyrAp,0.5,1,1,GAAGGCCGCACGCTGCGAAA,0,1758564
gyrAp,0.5,1,1,GAAGGATGCTGTTACTTTGT,0,1762777
gyrAp,0.5,1,1,GAAGCGGGTGATGGGAACGT,0,1758846
gyrAp,0.5,1,1,GAAGACGTTTAACAGCCTTA,0,1762328
gyrAp,0.5,1,1,GAAGAAGAGGCGATTTGCCC,0,1763532
gyrAp,0.5,1,1,GAAGAACTTGTGCTGGACCA,0,1761659
gyrAp,0.5,1,1,GAACTAGATTAAATTTTCTC,0,1752538
gyrAp,0.5,1,1,GAACGGTCCGTGCGGGCCTA,0,1747531
gyrAp,0.5,1,1,GAACGCGCAATGAACCGCTG,0,1755455
gyrAp,0.5,1,1,GAACCGCAGTGCTTAGTATT,0,1751660
gyrAp,0.5,1,1,GAAATTGCGTAGACGCACAT,0,1748994
gyrAp,0.5,1,1,GAAATTAGCTCGCACCGACC,0,1747232
gyrAp,0.5,1,1,GAAATTACTCGACCCAGGAC,0,1750745
gyrAp,0.5,1,1,GAAAGCTTCGGAAGCCCCTG,0,1747445
gyrAp,0.5,1,1,GAAACTGACATGCACATTAA,0,1765467
gyrAp,0.5,1,1,GAAACGGTGTGTCACCACGG,0,1760335
gyrAp,0.5,1,1,GAAAAGGTGGCTCGAAAAGA,0,1746578
gyrAp,0.5,1,1,GAAAAGGGCCATGTACAGTC,0,1763686
gyrAp,0.5,1,1,CTTTTTGGAAGTTGCCGCTA,0,1751641
gyrAp,0.5,1,1,CTTTTTCTTCTTTTGTTTGT,0,1759876
gyrAp,0.5,1,1,CTTTGGATGTCTGCGCTCAC,0,1766671
gyrAp,0.5,1,1,CTTTGGATCAGTGGTTCACA,0,1770553
gyrAp,0.5,1,1,CTTTGATTCTGTGGCAGGAT,0,1749672
gyrAp,0.5,1,1,CTTTGAACGCTACTTCAGGT,0,1758892
gyrAp,0.5,1,1,CTTTCTGTAATTAGCCCCCA,0,1743829
gyrAp,0.5,1,1,CTTTCATACGATCGAGCAAA,0,1749344
gyrAp,0.5,1,1,CTTTACTTATGTGCGCTCGA,0,1761835
gyrAp,0.5,1,1,CTTGGATATGCGCGTATCCA,0,1746134
gyrAp,0.5,1,1,CTTGATTAAGACCGGCACTT,0,1759335
gyrAp,0.5,1,1,CTTGAGATGGGGCATCTGCA,0,1750619
gyrAp,0.5,1,1,CTTGAACATTTTGCGGCGGT,0,1751605
gyrAp,0.5,1,1,CTTCGTAAGTTCATGAATCA,0,1744061
gyrAp,0.5,1,1,CTTATGGCAACGACAATCGG,0,1753254
gyrAp,0.5,1,1,CTTAGACTACAGCAATTATT,0,1747608
gyrAp,0.5,1,1,CTTACGTTCGCGAACTTCCC,0,1761226
gyrAp,0.5,1,1,CTTACCGGTAAATAACGTGG,0,1750891
gyrAp,0.5,1,1,CTTACAACTGAGGCCGTAAT,0,1765373
gyrAp,0.5,1,1,CTTAATGCGATTGGTTCTAT,0,1769263
gyrAp,0.5,1,1,CTTAAGGGGCAGTCTAGGGT,0,1754421
gyrAp,0.5,1,1,CTTAAATAGCAAAAGGGCGC,0,1766368
gyrAp,0.5,1,1,CTGTGCTGGGCCTTTCTTGA,0,1742438
gyrAp,0.5,1,1,CTGTGAAGCGGAGCCGCAAA,0,1742023
gyrAp,0.5,1,1,CTGGTACATGACAAACACTC,0,1755286
gyrAp,0.5,1,1,CTGGGCCACACTTAACGGCA,0,1753722
gyrAp,0.5,1,1,CTGGCCCAAGGAGGTTGAGT,0,1768130
gyrAp,0.5,1,1,CTGGCCCAACCTGCAACAAT,0,1748520
gyrAp,0.5,1,1,CTGGATCAGACAGGTTGGGG,0,1755630
gyrAp,0.5,1,1,CTGGATAAATGTGTGGGGTT,0,1767187
gyrAp,0.5,1,1,CTGCGATGTGCGCTGGTTCT,0,1742346
gyrAp,0.5,1,1,CTGCCGGAGATCAATCAGGG,0,1747092
gyrAp,0.5,1,1,CTGCACATGGGGGGACGCTT,0,1764126
gyrAp,0.5,1,1,CTGATGTGGGAACACATGAT,0,1770627
gyrAp,0.5,1,1,CTGATAAGAGAATGGAGCCC,0,1756214
gyrAp,0.5,1,1,CTGAGGTCTGAAGGAATCAG,0,1744971
gyrAp,0.5,1,1,CTGAGCAGGAATGAGGAAAG,0,1758222
gyrAp,0.5,1,1,CTGAGATAGCAAAGCGATGC,0,1752034
gyrAp,0.5,1,1,CTGAGAGGTCAGTCCTAATG,0,1757755
gyrAp,0.5,1,1,CTGACTGACGCGGACTGCTG,0,1751268
gyrAp,0.5,1,1,CTGACAAATGTCTTTATTTC,0,1762582
gyrAp,0.5,1,1,CTGAAAGGCAGGTATGCCAC,0,1756512
gyrAp,0.5,1,1,CTGAAACAGTTGCGCAGACT,0,1749385
gyrAp,0.5,1,1,CTCTGGCAACGCGACTATCG,0,1765516
gyrAp,0.5,1,1,CTCTGAGAATCCGGGCTGCA,0,1749314
gyrAp,0.5,1,1,CTCTAGCCACACCCGTCTCC,0,1751388
gyrAp,0.5,1,1,CTCTACCGTTTCTGTTCAGC,0,1765491
gyrAp,0.5,1,1,CTCGCTCCCCGTTAGCCCTT,0,1766481
gyrAp,0.5,1,1,CTCGCCTTATGATCGAGTAG,0,1752002
gyrAp,0.5,1,1,CTCGCCGTACGACACTCCTC,0,1749671
gyrAp,0.5,1,1,CTCGAGTAAAGTCTCAAGTA,0,1746709
gyrAp,0.5,1,1,CTCGAAGACCTAAGCACGTG,0,1770635
gyrAp,0.5,1,1,CTCGAACTTACCCTACTTAT,0,1751740
gyrAp,0.5,1,1,CTCCTGATCGTGACGGATGT,0,1750498
gyrAp,0.5,1,1,CTCCGTAGGTTCCGAGGTTG,0,1754875
gyrAp,0.5,1,1,CTCCGGCCGTTGCGTACAGG,0,1743306
gyrAp,0.5,1,1,CTCCGCTCTGAATCTACAAT,0,1749393
gyrAp,0.5,1,1,CTCCCGCAGTGGTGAGATCT,0,1750937
gyrAp,0.5,1,1,CTCCCCGATAAACAAGGGTG,0,1768415
gyrAp,0.5,1,1,CTCCACTGATTAGGCGCCTG,0,1742892
gyrAp,0.5,1,1,CTCAGGGCTCGGCATGGGCA,0,1759682
gyrAp,0.5,1,1,CTCAGGGAAGAGTATCGAAA,0,1751327
gyrAp,0.5,1,1,CTCACGAGTAGGAGCAGATA,0,1750930
gyrAp,0.5,1,1,CTCACCTCACCAAGCTACCC,0,1763695
gyrAp,0.5,1,1,CTCACATAAAGGTTATTACC,0,1745186
gyrAp,0.5,1,1,CTATTTTGATCCGCATAATA,0,1754830
gyrAp,0.5,1,1,CTATGTACAATCCAGTGCCA,0,1753933
gyrAp,0.5,1,1,CTATCTCTGCACCTGTCAAT,0,1759810
gyrAp,0.5,1,1,CTATAGCAGCAAGTGAATGA,0,1746480
gyrAp,0.5,1,1,CTATAGAGGATCGTTAAGGC,0,1745102
gyrAp,0.5,1,1,CTATACTGCCTCGTGTATAG,0,1741827
gyrAp,0.5,1,1,CTATAAACCTAATGCCGACG,0,1755892
gyrAp,0.5,1,1,CTAGTCGGTGATAGCGGACT,0,1762509
gyrAp,0.5,1,1,CTAGTACATATAGGAATCGT,0,1752303
gyrAp,0.5,1,1,CTAGGTGCTCGGGCGGCAAT,0,1765124
gyrAp,0.5,1,1,CTAGGCAGCGGTAGCCTATC,0,1758119
gyrAp,0.5,1,1,CTACTAAAGTGTAAGGCAAG,0,1749764
gyrAp,0.5,1,1,CTACCGACCCGAGCGGCCCC,0,1768155
gyrAp,0.5,1,1,CTACAGGGAGGGTTGGCACA,0,1743332
gyrAp,0.5,1,1,CTAAGGTTCCTGACGTTTAA,0,1750847
gyrAp,0.5,1,1,CTAAGGTCAAAATGTGCCTC,0,1766996
gyrAp,0.5,1,1,CGTTTCGGCTGCATTCCCGA,0,1759254
gyrAp,0.5,1,1,CGTTGGCGCACCTCCCGGGA,0,1766940
gyrAp,0.5,1,1,CGTTCCATACACATCCTCCA,0,1756866
gyrAp,0.5,1,1,CGTGTTGCTACTGTCTTGGC,0,1751499
gyrAp,0.5,1,1,CGTGTACCTTGACGTGATAT,0,1756336
gyrAp,0.5,1,1,CGTGGCCAGCATATCTTCCC,0,1749428
gyrAp,0.5,1,1,CGTGCGTGTTGTGCGGTGAA,0,1762657
gyrAp,0.5,1,1,CGTGCGATTCACAGGGCGTC,0,1768672
gyrAp,0.5,1,1,CGTGCCTGACTCGGTCCCAG,0,1757491
gyrAp,0.5,1,1,CGTGAATAAAGCTCAATACC,0,1744886
gyrAp,0.5,1,1,CGTCTGGCACGTCCGACGTT,0,1743417
gyrAp,0.5,1,1,CGTCTACTTCTGACAAGTAC,0,1745971
gyrAp,0.5,1,1,CGTCGCTCTGGGTACGGGAT,0,1761541
gyrAp,0.5,1,1,CGTATTCATTGGAGACATAA,0,1762438
gyrAp,0.5,1,1,CGTATAGAATGCCATACACG,0,1745054
gyrAp,0.5,1,1,CGTAGGGTTCACCAGCTATC,0,1748876
gyrAp,0.5,1,1,CGTAGCTGCGTTGCCAAACC,0,1768321
gyrAp,0.5,1,1,CGTACTGGGTGAGCGTCTAC,0,1753862
gyrAp,0.5,1,1,CGTACCAAGATCCGTACAAG,0,1747311
gyrAp,0.5,1,1,CGGTGCCTTCGTTACGTCTA,0,1756352
gyrAp,0.5,1,1,CGGTCGAGATTTAATCTGGA,0,1743588
gyrAp,0.5,1,1,CGGGGTGCCTAAACCGATGA,0,1761996
gyrAp,0.5,1,1,CGGGGACGTGCCCACGCTTT,0,1760671
gyrAp,0.5,1,1,CGGGCTAGAGATGGAGGACT,0,1751429
gyrAp,0.5,1,1,CGGGACGAGGATCAATTGTG,0,1767963
gyrAp,0.5,1,1,CGGGACCCTGTTGGCGGCTA,0,1749242
gyrAp,0.5,1,1,CGGGACAGTGTAAAGTACCA,0,1763386
gyrAp,0.5,1,1,CGGGACACATGGCGACGGGA,0,1746290
gyrAp,0.5,1,1,CGGCCTTTCAGTCGCGCGAT,0,1750376
gyrAp,0.5,1,1,CGGCCTGGATTAACGGGTTC,0,1770661
gyrAp,0.5,1,1,CGGCCTCGTAGTTGTTTTTG,0,1741764
gyrAp,0.5,1,1,CGGCCAGGCACAGTTCAATA,0,1754150
gyrAp,0.5,1,1,CGGCCACACAGGGCGACCTT,0,1766190
gyrAp,0.5,1,1,CGGCCAAACCATGAGTCAAA,0,1760276
gyrAp,0.5,1,1,CGGCATCTCCAGGTGTTATT,0,1748215
gyrAp,0.5,1,1,CGGATAAAAAGTGAAGTCAA,0,1752751
gyrAp,0.5,1,1,CGGAGTTAGCTTTTACCCTA,0,1743672
gyrAp,0.5,1,1,CGGAGATCTCCCGGCTCATA,0,1761994
gyrAp,0.5,1,1,CGGAGATCAGACTGGCTCTT,0,1741968
gyrAp,0.5,1,1,CGGAAGTGTTTAGGTTATTG,0,1764013
gyrAp,0.5,1,1,CGGAACGTAGCACTTTAAAA,0,1762242
gyrAp,0.5,1,1,CGGAACAAAAGAAATTTAAG,0,1769426
gyrAp,0.5,1,1,CGGAAAATTTTTCTTGCTTT,0,1746406
gyrAp,0.5,1,1,CGCTTTCTAATTTTAGACGT,0,1765578
gyrAp,0.5,1,1,CGCTGTCGAGTACGTGGACG,0,1763492
gyrAp,0.5,1,1,CGCTGGAGGGACGAGTATCG,0,1764227
gyrAp,0.5,1,1,CGCGTTGGCGAACCGTCTCG,0,1746479
gyrAp,0.5,1,1,CGCGTGAACACACCGGTTAA,0,1757072
gyrAp,0.5,1,1,CGCGGCAGACCCAATTACGT,0,1754240
gyrAp,0.5,1,1,CGCGCTGCCGGGAGATTATA,0,1756574
gyrAp,0.5,1,1,CGCGAGATCGCCAGTCAGGC,0,1744812
gyrAp,0.5,1,1,CGCGAAGGGATGGTCAAATT,0,1765053
gyrAp,0.5,1,1,CGCGAAAGTTGATACGCGAA,0,1770426
gyrAp,0.5,1,1,CGCCTAATAACCGTGCGTGT,0,1755276
gyrAp,0.5,1,1,CGCCGGACGCTACGTGTGCC,0,1764389
gyrAp,0.5,1,1,CGCCACTTCCCTTCTTATAC,0,1768097
gyrAp,0.5,1,1,CGCATGGAGGGGGACCAATA,0,1747774
gyrAp,0.5,1,1,CGCATAGTACCAGTTGATGA,0,1760462
gyrAp,0.5,1,1,CGCAGGCCCCCCGAGGTCAG,0,1766769
gyrAp,0.5,1,1,CGCACGTCGAATTTGCTGTA,0,1759676
gyrAp,0.5,1,1,CGCACATTTCACACCCGTTC,0,1765093
gyrAp,0.5,1,1,CGATCGATCACCAGTGGGCA,0,1750580
gyrAp,0.5,1,1,CGATAGGGCGGCTCCCGCCA,0,1756911
gyrAp,0.5,1,1,CGAGTCCAGGGCATTAAACT,0,1756082
gyrAp,0.5,1,1,CGAGCAGACGGCGCGTTTGG,0,1743863
gyrAp,0.5,1,1,CGAGAGTAGAGACATAGTTT,0,1767519
gyrAp,0.5,1,1,CGAGAAGGTGGGTGGCTCGT,0,1741725
gyrAp,0.5,1,1,CGAGAAATTAGGTCCAGGGA,0,1758040
gyrAp,0.5,1,1,CGACGGTGAAAATCTGGAGA,0,1770132
gyrAp,0.5,1,1,CGACCGCCCATTGGCTGAGG,0,1766102
gyrAp,0.5,1,1,CGACCAACCCGCTGGGGGCA,0,1747216
gyrAp,0.5,1,1,CGAATGCAACCAGACTGAAA,0,1768794
gyrAp,0.5,1,1,CGAATAGTTCATATGCGTGC,0,1743504
gyrAp,0.5,1,1,CGAAGATGGCACTATGACTG,0,1757001
gyrAp,0.5,1,1,CGAAGAGACGCGGGACAAGT,0,1755884
gyrAp,0.5,1,1,CGAAACACGCTGATGCCGGT,0,1747073
gyrAp,0.5,1,1,CCTTTCATCACGATAATGCC,0,1765122
gyrAp,0.5,1,1,CCTTTACGCTGCACGGGTAC,0,1752410
gyrAp,0.5,1,1,CCTTCAAATGGAACGGGCGA,0,1754613
gyrAp,0.5,1,1,CCTTACACCCCGAACGTCAC,0,1769800
gyrAp,0.5,1,1,CCTTAATGCTTAATGAGTCC,0,1755240
gyrAp,0.5,1,1,CCTGGGTGGCTGAGAGAAAC,0,1763972
gyrAp,0.5,1,1,CCTGGGAGAAAGATTTTCTT,0,1766774
gyrAp,0.5,1,1,CCTGGAAGAATACCCCGGCG,0,1754594
gyrAp,0.5,1,1,CCTGCGTTTATTTGCCGATG,0,1746410
gyrAp,0.5,1,1,CCTGCGGGGCACGCCTAGCG,0,1767263
gyrAp,0.5,1,1,CCTGCATCCATCGCCTCCAG,0,1754837
gyrAp,0.5,1,1,CCTGAACCCAGTGACCGCTC,0,1751893
gyrAp,0.5,1,1,CCTCTTGGTGAGCCATCTGC,0,1766610
gyrAp,0.5,1,1,CCTCTCAGCCGCGAAAAACT,0,1750243
gyrAp,0.5,1,1,CCTCGCTATCCTGATCCTTT,0,1743496
gyrAp,0.5,1,1,CCTCGCCTCGATGCGGTACT,0,1749925
gyrAp,0.5,1,1,CCTCCTGTTTTGCAACTTGC,0,1766810
gyrAp,0.5,1,1,CCTCATGCCCACGCAGAGCC,0,1747231
gyrAp,0.5,1,1,CCTATTATGCGCCGTGAATG,0,1769047
gyrAp,0.5,1,1,CCTAGGTATGGTCGCGTCTT,0,1763995
gyrAp,0.5,1,1,CCGTTTCTTTCGGGGCGAGA,0,1744262
gyrAp,0.5,1,1,CCGTTAGGAGCCGGGATACC,0,1754196
gyrAp,0.5,1,1,CCGTGGGGCGAATATCAGTG,0,1756690
gyrAp,0.5,1,1,CCGTCTGTAACCATCTAGCA,0,1747242
gyrAp,0.5,1,1,CCGTATCCTCGTAGTCATAC,0,1756055
gyrAp,0.5,1,1,CCGGTTGATGCTGGTGATAG,0,1767954
gyrAp,0.5,1,1,CCGGTGTCGTTTATGGGCAT,0,1770738
gyrAp,0.5,1,1,CCGGTCCACGGAGCAGTCGC,0,1769817
gyrAp,0.5,1,1,CCGGGAAATCGAAGGTTCTG,0,1762806
gyrAp,0.5,1,1,CCGGCTGCACCCCGGCAGGC,0,1762805
gyrAp,0.5,1,1,CCGGCCTCCGATTCAAGCCA,0,1742259
gyrAp,0.5,1,1,CCGGACTATACAATGCACGG,0,1763764
gyrAp,0.5,1,1,CCGCTGACAGCTAAAAAAAA,0,1750961
gyrAp,0.5,1,1,CCGCCTAAAAAACTTCAGAA,0,1744756
gyrAp,0.5,1,1,CCGCAGTCTGGGGGGGTGCA,0,1760362
gyrAp,0.5,1,1,CCGCAATAGCTGTTTCTACT,0,1747047
gyrAp,0.5,1,1,CCGCAACACGGTCACCAACT,0,1746869
gyrAp,0.5,1,1,CCGATGCGACAGTCGTGCGA,0,1762576
gyrAp,0.5,1,1,CCGACGTCCGCCGTGGAATC,0,1757833
gyrAp,0.5,1,1,CCGAAGAGGTAGCTCGTTTT,0,1753393
gyrAp,0.5,1,1,CCGAACGGGTCTATTTCATG,0,1768433
gyrAp,0.5,1,1,CCCTTCGATTTACAAAATCA,0,1745116
gyrAp,0.5,1,1,CCCTGGGGACTCTATACGCA,0,1760794
gyrAp,0.5,1,1,CCCTCGCAAGGATTATATGA,0,1742646
gyrAp,0.5,1,1,CCCTCAATCGTGACAGTCCG,0,1744969
gyrAp,0.5,1,1,CCCTATGTGAACAGTACCAG,0,1758691
gyrAp,0.5,1,1,CCCTACTTGGGAATCCTTAA,0,1745719
gyrAp,0.5,1,1,CCCGTGATGTTCAGACGTAG,0,1746374
gyrAp,0.5,1,1,CCCGTAGAGGGTGAGAGCCA,0,1757141
gyrAp,0.5,1,1,CCCGGTAGACAAATGTTGTA,0,1747352
gyrAp,0.5,1,1,CCCGCGGTTAGTTACGCACT,0,1752675
gyrAp,0.5,1,1,CCCGCCTTTACACTCGTTGA,0,1741710
gyrAp,0.5,1,1,CCCGCCCGTGCCGAAGTGAT,0,1755950
gyrAp,0.5,1,1,CCCGATGGGTTTCAAATTAC,0,1768022
gyrAp,0.5,1,1,CCCGAGTTTATGGACGGCCT,0,1751689
gyrAp,0.5,1,1,CCCCTTTGTAACTCATTCGA,0,1767403
gyrAp,0.5,1,1,CCCCGCCCGAAAATTCCGCT,0,1748961
gyrAp,0.5,1,1,CCCCCTTTACGGAACACACT,0,1746242
gyrAp,0.5,1,1,CCCCCGGCACAAACAAGCGG,0,1767418
gyrAp,0.5,1,1,CCCATGGGCAATTAACTGCC,0,1750928
gyrAp,0.5,1,1,CCCATGGAAATCCCGTGGCC,0,1752140
gyrAp,0.5,1,1,CCCACACAGCAATTGCACAC,0,1741994
gyrAp,0.5,1,1,CCCAATTCATAGCCTCTAGC,0,1760423
gyrAp,0.5,1,1,CCCAATGGAATGAGGGTCGC,0,1755325
gyrAp,0.5,1,1,CCCAAGGTCCTGAGTTGTAG,0,1761374
gyrAp,0.5,1,1,CCATTTTCGGTACCTTGGCT,0,1762620
gyrAp,0.5,1,1,CCATTCGCAGACTCAAGATC,0,1742675
gyrAp,0.5,1,1,CCATGTCTCCCTAGACTCTT,0,1756006
gyrAp,0.5,1,1,CCATGTCACACCTCTCTGGC,0,1764089
gyrAp,0.5,1,1,CCATGCAGTTACGCGGCTGT,0,1745644
gyrAp,0.5,1,1,CCATGCACGTTGGATTCACC,0,1757252
gyrAp,0.5,1,1,CCATCGTTCACGATAATCGG,0,1749169
gyrAp,0.5,1,1,CCATCAATTTGCAAATAATC,0,1752739
gyrAp,0.5,1,1,CCATAAGCGCGCCGTGTTGC,0,1751051
gyrAp,0.5,1,1,CCAGTCGTCTAGTATGATCT,0,1763580
gyrAp,0.5,1,1,CCAGTAGGGGTGCTGGCAAC,0,1766124
gyrAp,0.5,1,1,CCAGGTATGGTGCAGACTTT,0,1747590
gyrAp,0.5,1,1,CCAGGTAAATGGGTGTCCCG,0,1753302
gyrAp,0.5,1,1,CCAGGATTTGATATTCAAGT,0,1755115
gyrAp,0.5,1,1,CCAGGATAGAGTCTGCACCG,0,1764324
gyrAp,0.5,1,1,CCAGACTCGTAAGGTCAACT,0,1753200
gyrAp,0.5,1,1,CCACGTATAATACTGCGACG,0,1750422
gyrAp,0.5,1,1,CCACGGCTACTCACAAGAGG,0,1760057
gyrAp,0.5,1,1,CCACGCCATTATTCACAGGA,0,1756334
gyrAp,0.5,1,1,CCACCTCGGACTTATCCTGG,0,1745611
gyrAp,0.5,1,1,CCACATTTTGAGGCCGCTAA,0,1757578
gyrAp,0.5,1,1,CCACACGGTTGCTTCATAAG,0,1754335
gyrAp,0.5,1,1,CCAATGGCCCAGGTGCGTGA,0,1747621
gyrAp,0.5,1,1,CCAAGTTGGTGATAGTCTAC,0,1768857
gyrAp,0.5,1,1,CCAAGCGCGCCCCACATTTA,0,1766734
gyrAp,0.5,1,1,CCAAGAAGTGTGACCAGTGC,0,1750877
gyrAp,0.5,1,1,CCAACGAGTATGTGGCCTAT,0,1765050
gyrAp,0.5,1,1,CATTTGCGATCTATACTTGC,0,1766022
gyrAp,0.5,1,1,CATTGTTAGCTAGACAGACA,0,1769163
gyrAp,0.5,1,1,CATTGTCATCCCCAAGGACA,0,1750782
gyrAp,0.5,1,1,CATTGGCGAGGAATCGCGGT,0,1743607
gyrAp,0.5,1,1,CATTCAGTCCGGCCACGTCA,0,1747342
gyrAp,0.5,1,1,CATTATAGAACCTTTAAAGG,0,1746915
gyrAp,0.5,1,1,CATTACATGGGTACAAGGGG,0,1753860
gyrAp,0.5,1,1,CATGTCGGGGCATCATGAAA,0,1745742
gyrAp,0.5,1,1,CATGTCACATCGGAGATCCG,0,1746680
gyrAp,0.5,1,1,CATGTAGAAAGCCTCTAGAG,0,1760116
gyrAp,0.5,1,1,CATGTACCTAGTTATGGGGG,0,1751514
gyrAp,0.5,1,1,CATGGGCATTGGGAACGAAG,0,1743988
gyrAp,0.5,1,1,CATGAAAGGGTAGTACCAGT,0,1757377
gyrAp,0.5,1,1,CATGAAAATGATCACGTCGT,0,1763353
gyrAp,0.5,1,1,CATCTTCGCGCGGGGGAAAT,0,1757915
gyrAp,0.5,1,1,CATCGCGCCGGACGGTGTAT,0,1763465
gyrAp,0.5,1,1,CATCGCGCATCCCCCATACA,0,1750809
gyrAp,0.5,1,1,CATCCGTTTCGAGCCAAAGC,0,1765325
gyrAp,0.5,1,1,CATCCGCGGTAAGACTTGCT,0,1756650
gyrAp,0.5,1,1,CATCCCCACATTGCTTCGGT,0,1752800
gyrAp,0.5,1,1,CATCAGTTACGGCCCTTCTG,0,1755910
gyrAp,0.5,1,1,CATCACGCACGTAAGATGAA,0,1755405
gyrAp,0.5,1,1,CATATTCATAAAGTCTGTTT,0,1744619
gyrAp,0.5,1,1,CATATACACCAACTTACGCG,0,1750646
gyrAp,0.5,1,1,CATACAGGCACGTACTGCGT,0,1746326
gyrAp,0.5,1,1,CATACAGATTAACCGCCGTG,0,1766772
gyrAp,0.5,1,1,CATAAGGGGAAACGGTACCT,0,1770857
gyrAp,0.5,1,1,CAGTTGCTCAACGCGTATGG,0,1743004
gyrAp,0.5,1,1,CAGTGTCTGCTGCGGTGTTT,0,1753863
gyrAp,0.5,1,1,CAGTGCTTGTGAACGGGTCT,0,1759391
gyrAp,0.5,1,1,CAGTATGCATGAGCCGGACG,0,1768756
gyrAp,0.5,1,1,CAGTAGTCCAAACTAAATAT,0,1755752
gyrAp,0.5,1,1,CAGTAGCGCAAAGAAGGGAC,0,1756494
gyrAp,0.5,1,1,CAGTACAAAATAAAGGAACC,0,1764626
gyrAp,0.5,1,1,CAGGTGTCTAGCTTAGATAG,0,1751129
gyrAp,0.5,1,1,CAGGCCAAAAGCCTATCGAC,0,1758763
gyrAp,0.5,1,1,CAGGCATGTCATCAAGTACA,0,1755756
gyrAp,0.5,1,1,CAGGAACAGTCACGCACTCA,0,1766536
gyrAp,0.5,1,1,CAGCGGGCTAACACAGTATA,0,1763567
gyrAp,0.5,1,1,CAGCGCTAACACGATACAAT,0,1759737
gyrAp,0.5,1,1,CAGCGAGGAGACAATTAGCT,0,1762920
gyrAp,0.5,1,1,CAGCGACATACGTATTAGGT,0,1766063
gyrAp,0.5,1,1,CAGCCCGTGGCAAGCAGGTG,0,1770243
gyrAp,0.5,1,1,CAGCCATCTCTTATCTAGCT,0,1746476
gyrAp,0.5,1,1,CAGCACACCACAATCTTACT,0,1746274
gyrAp,0.5,1,1,CAGATCCGCACCTATACTAC,0,1742100
gyrAp,0.5,1,1,CAGATCAGTTAATGTGGTAG,0,1752408
gyrAp,0.5,1,1,CAGATAATTAACTCTACACT,0,1747593
gyrAp,0.5,1,1,CAGAGCGCATAGTTGACTTC,0,1744978
gyrAp,0.5,1,1,CAGAATTGGACCTCCCTAAA,0,1765358
gyrAp,0.5,1,1,CAGAATCGATCCTCACGTTT,0,1750914
gyrAp,0.5,1,1,CAGAACCCGGGCCACGGTTA,0,1751920
gyrAp,0.5,1,1,CAGAAACACACCAGGAGGAT,0,1744045
gyrAp,0.5,1,1,CACTTTTTCTGTTCATACGA,0,1757287
gyrAp,0.5,1,1,CACTTGCAGAATGGTCTTAC,0,1747673
gyrAp,0.5,1,1,CACTGGGACCATGATCGGGT,0,1748911
gyrAp,0.5,1,1,CACTGGCATTTTGTATCTCT,0,1742067
gyrAp,0.5,1,1,CACTCGTCTCCCTAGGCACA,0,1761207
gyrAp,0.5,1,1,CACTCGGCGCAATTAGAGTT,0,1755107
gyrAp,0.5,1,1,CACTCGGAGTGGGTTCGTTT,0,1767282
gyrAp,0.5,1,1,CACGTACCGACCAAACCTTA,0,1754076
gyrAp,0.5,1,1,CACGCTCAGACTCTAGCACT,0,1768341
gyrAp,0.5,1,1,CACGCATTCGATAACCCAGA,0,1769355
gyrAp,0.5,1,1,CACCTCGTCTTGTGAATCAT,0,1752272
gyrAp,0.5,1,1,CACCGTTGCTGGGATGATTG,0,1756261
gyrAp,0.5,1,1,CACACGCTGACGCTTCCCAT,0,1767102
gyrAp,0.5,1,1,CACACGAGTGGCTTATTCCA,0,1755260
gyrAp,0.5,1,1,CACAAGTTGGTGAGCGTACC,0,1756225
gyrAp,0.5,1,1,CAATTTGAATTCGACAATGG,0,1764416
gyrAp,0.5,1,1,CAATTGGTATGTGGACCCAA,0,1760012
gyrAp,0.5,1,1,CAATGTGTTCACTGGGGCGG,0,1744238
gyrAp,0.5,1,1,CAATCGTAACCCTTACTTCC,0,1770327
gyrAp,0.5,1,1,CAAGTCTTTCTGGCACGGAT,0,1748925
gyrAp,0.5,1,1,CAAGTCCGCGCCTAGGGACG,0,1747279
gyrAp,0.5,1,1,CAAGCTATCTGTGTAGTGTG,0,1766384
gyrAp,0.5,1,1,CAAGAGATGGTAAGCCGGGA,0,1758697
gyrAp,0.5,1,1,CAAGAAAGCATGTGAGAAGA,0,1758931
gyrAp,0.5,1,1,CAACTTTAATAGTGTCGTAG,0,1761186
gyrAp,0.5,1,1,CAACTCTAGGTGGAGGCTGA,0,1759047
gyrAp,0.5,1,1,CAACTACTTCAGGCGGGGAT,0,1754816
gyrAp,0.5,1,1,CAACGACTCCATGGTGTAAG,0,1753877
gyrAp,0.5,1,1,CAACCCGCGAGCACCGGGCA,0,1747367
gyrAp,0.5,1,1,CAACCCCTGAAAAAGTATCC,0,1764409
gyrAp,0.5,1,1,CAACCCCGTTCACTTGTCGT,0,1755750
gyrAp,0.5,1,1,CAACAGCCCCGAGATGTTTT,0,1764153
gyrAp,0.5,1,1,CAACACGGTCTTGATAATGC,0,1759054
gyrAp,0.5,1,1,CAACAAAACCCGTCCAGCCA,0,1753701
gyrAp,0.5,1,1,CAAATTGATGCGACCGTCCA,0,1758622
gyrAp,0.5,1,1,CAAATTCATCCCAACCACGT,0,1755438
gyrAp,0.5,1,1,CAAATGATTACATTGTCTAC,0,1748651
gyrAp,0.5,1,1,CAAATATGTTCGTTTCGGTT,0,1750754
gyrAp,0.5,1,1,CAAAGTTGTAGCCAGGGCGT,0,1746275
gyrAp,0.5,1,1,CAAAGAGTAGGGCGAGCGCC,0,1763601
gyrAp,0.5,1,1,CAAACCCGCACTCTTGGGAC,0,1761474
gyrAp,0.5,1,1,ATTTGTTTTGTAAAAGCCAT,0,1765223
gyrAp,0.5,1,1,ATTTGCAGGAGAACAAGGGA,0,1769197
gyrAp,0.5,1,1,ATTTCGGCGTCGCCTATCAA,0,1762054
gyrAp,0.5,1,1,ATTTAGTGGCGGCGTCCCGA,0,1768175
gyrAp,0.5,1,1,ATTTACGCAAAGAACAGAGG,0,1765662
gyrAp,0.5,1,1,ATTTAATCACCGGTGTTATC,0,1753172
gyrAp,0.5,1,1,ATTGTCGGGGCTACGTCTAC,0,1754558
gyrAp,0.5,1,1,ATTGTACATCATGTCCCGTG,0,1741652
gyrAp,0.5,1,1,ATTGGCTAAGGGACCGCTAT,0,1752996
gyrAp,0.5,1,1,ATTGGAACCCGGGCCTGCAG,0,1752861
gyrAp,0.5,1,1,ATTGCCTCTAGCGCCAGATG,0,1756837
gyrAp,0.5,1,1,ATTGAGATAGACGGGTTCGC,0,1757149
gyrAp,0.5,1,1,ATTCTTTGAGCATATGAATT,0,1746874
gyrAp,0.5,1,1,ATTCTGTGAACCCCACTAGA,0,1742075
gyrAp,0.5,1,1,ATTCTCCTCCCTACGTGCCA,0,1767160
gyrAp,0.5,1,1,ATTCTATTTTGCCACTCCAT,0,1761925
gyrAp,0.5,1,1,ATTCTATGAGGTCCTAGGAA,0,1760137
gyrAp,0.5,1,1,ATTCTAGCTTCTAAACAGCT,0,1769476
gyrAp,0.5,1,1,ATTCGTCACCGGACAGGAAT,0,1762365
gyrAp,0.5,1,1,ATTCGAACCGGACCCTAAAC,0,1749751
gyrAp,0.5,1,1,ATTCGAAAGGCCGGATCTGT,0,1756433
gyrAp,0.5,1,1,ATTCCCCATATCTCATATCT,0,1757548
gyrAp,0.5,1,1,ATTCCACATTGATCCTAGAT,0,1762271
gyrAp,0.5,1,1,ATTCATGCACTCCGTGAGAG,0,1763030
gyrAp,0.5,1,1,ATTCACTCTCGTGCTATTCT,0,1767173
gyrAp,0.5,1,1,ATTCACGGTTCTATTCCTGG,0,1759107
gyrAp,0.5,1,1,ATTCACCAGCTGCTATGACA,0,1767506
gyrAp,0.5,1,1,ATTCACACTGGCCTTGGAAA,0,1767851
gyrAp,0.5,1,1,ATTCAATAGTGTACCATACA,0,1752735
gyrAp,0.5,1,1,ATTATATTGTGGGGTAGATT,0,1749026
gyrAp,0.5,1,1,ATTAGTGTTCTGCAATTTTG,0,1760132
gyrAp,0.5,1,1,ATTAAAGCAAACGTATCGGT,0,1748473
gyrAp,0.5,1,1,ATGTTGAAGGCAATGTGTGC,0,1761088
gyrAp,0.5,1,1,ATGTTAGGAACTGTGGGCTC,0,1745267
gyrAp,0.5,1,1,ATGTTAGAAGAGGCTGGTCG,0,1747572
gyrAp,0.5,1,1,ATGTGTACCGTTTTGATCTA,0,1742158
gyrAp,0.5,1,1,ATGTCTGTTTGTGTCATTGT,0,1762898
gyrAp,0.5,1,1,ATGTCGCGGGAAACATTTAT,0,1765555
gyrAp,0.5,1,1,ATGTCCAATAGATCTGTAGC,0,1742503
gyrAp,0.5,1,1,ATGTCATTGTGAGACGGACT,0,1748612
gyrAp,0.5,1,1,ATGTATGGAAGCGCTACATG,0,1758598
gyrAp,0.5,1,1,ATGTAGTTTGACGCCCATTC,0,1768905
gyrAp,0.5,1,1,ATGTACTGTATTGTTCACTG,0,1766611
gyrAp,0.5,1,1,ATGGTATTTGTATGGAGTCA,0,1743194
gyrAp,0.5,1,1,ATGGGTGAACGAGATGTATC,0,1768559
gyrAp,0.5,1,1,ATGGGTATACCCCTGGGCGT,0,1762447
gyrAp,0.5,1,1,ATGGGCTATAAACAGCTCCT,0,1767984
gyrAp,0.5,1,1,ATGGGACATACAACGTAAAG,0,1763140
gyrAp,0.5,1,1,ATGGGAAGTTTTTGTCTAAC,0,1745446
gyrAp,0.5,1,1,ATGGCTCCTCTATCATAGGT,0,1763301
gyrAp,0.5,1,1,ATGGCCCCATCCTGTTCGTA,0,1758427
gyrAp,0.5,1,1,ATGGCCCAGCGAACAAGCCA,0,1764195
gyrAp,0.5,1,1,ATGGATTTTCGAAAGGTGGA,0,1766991
gyrAp,0.5,1,1,ATGCTGGCATGCGTGTTTCA,0,1767007
gyrAp,0.5,1,1,ATGCGGTTGCGCGATGGATT,0,1760275
gyrAp,0.5,1,1,ATGCGCGCGGTACAGGTATC,0,1758367
gyrAp,0.5,1,1,ATGCCTCGCTGGCTTTGATA,0,1750130
gyrAp,0.5,1,1,ATGCCACCGGTCATTTTAAA,0,1754391
gyrAp,0.5,1,1,ATGCATTTACTATCACCAAT,0,1743662
gyrAp,0.5,1,1,ATGCAAGGTGTAGATCCGCC,0,1763696
gyrAp,0.5,1,1,ATGATGTTCACGCGTGGTCC,0,1762329
gyrAp,0.5,1,1,ATGATGGCCTTACTATATGG,0,1750632
gyrAp,0.5,1,1,ATGAGTGCGTGGCGGAGCTA,0,1762127
gyrAp,0.5,1,1,ATGAGTATTTCATCGGCTGA,0,1763093
gyrAp,0.5,1,1,ATGAGGTCCGTAACAAGGTT,0,1759001
gyrAp,0.5,1,1,ATGAGCTGACCTAGTACGGT,0,1766214
gyrAp,0.5,1,1,ATGACTCGCATACTCATGAT,0,1759320
gyrAp,0.5,1,1,ATGACGCGGCCTTCGTTTAG,0,1754691
gyrAp,0.5,1,1,ATGACGATCGGAAAATCTAA,0,1768136
gyrAp,0.5,1,1,ATGACCGATGAACTTCTTCG,0,1745172
gyrAp,0.5,1,1,ATGACATTGAAATTACTCAA,0,1746445
gyrAp,0.5,1,1,ATGACAGCTCGGAATCCAAG,0,1742305
gyrAp,0.5,1,1,ATCTTAACGTGGGCTGATGG,0,1758285
gyrAp,0.5,1,1,ATCTGTCGCGGGGTTGTAAT,0,1747409
gyrAp,0.5,1,1,ATCTGTAGCTCGAACGTATA,0,1763744
gyrAp,0.5,1,1,ATCTCGGGCTTCCGCGACCT,0,1742181
gyrAp,0.5,1,1,ATCTAATTTGCTGTGAGTTC,0,1759406
gyrAp,0.5,1,1,ATCGCGGGATTATGCTCGAT,0,1751300
gyrAp,0.5,1,1,ATCCTGCGCCGACTGTCACT,0,1744351
gyrAp,0.5,1,1,ATCCTCTAGCGAACGGTGGC,0,1745515
gyrAp,0.5,1,1,ATCCTCCCTCAGGCAAGAGA,0,1757667
gyrAp,0.5,1,1,ATCCTCCCAAAGTCTTTTCA,0,1744582
gyrAp,0.5,1,1,ATCCGTGCGCGAAGGCTTAT,0,1755465
gyrAp,0.5,1,1,ATCCATTGCTTGTCGTATAT,0,1746032
gyrAp,0.5,1,1,ATCCAGCGCCTGAAATCTTC,0,1750830
gyrAp,0.5,1,1,ATCCACCTAATCAAGGCAAG,0,1744883
gyrAp,0.5,1,1,ATCATTTATATTAGTACTGA,0,1762787
gyrAp,0.5,1,1,ATCATAGCCCGGGCTAGTAA,0,1744385
gyrAp,0.5,1,1,ATCAGACCCCTGCGTTCTTT,0,1756446
gyrAp,0.5,1,1,ATCAACAAAACGGTCACCTC,0,1757984
gyrAp,0.5,1,1,ATATTGATCATCGGGAAGTC,0,1760329
gyrAp,0.5,1,1,ATATTCTTGGGCAATCCTCG,0,1753110
gyrAp,0.5,1,1,ATATGCGAGGCGTCTTTGCA,0,1760857
gyrAp,0.5,1,1,ATATATAGGATTACAGGGCT,0,1756515
gyrAp,0.5,1,1,ATATAAGTGGGAGGACTTTA,0,1748561
gyrAp,0.5,1,1,ATAGTTACATATGGTGTAGA,0,1764958
gyrAp,0.5,1,1,ATAGTCGGGATATGAAAAGA,0,1752818
gyrAp,0.5,1,1,ATAGTCATACTTACATAGAC,0,1766263
gyrAp,0.5,1,1,ATAGGTTGGACCATTCTAAA,0,1748979
gyrAp,0.5,1,1,ATAGCTGCAGAAGCCAGCAA,0,1769092
gyrAp,0.5,1,1,ATAGCTAGGTTCAAATCGTT,0,1746825
gyrAp,0.5,1,1,ATAGCGCACGGCCCACGAGA,0,1758187
gyrAp,0.5,1,1,ATACTATCCGGCACTCCTAG,0,1748260
gyrAp,0.5,1,1,ATACTACGACGTGCGAGGCA,0,1745404
gyrAp,0.5,1,1,ATACGGGTGGTGGTACAGCT,0,1760657
gyrAp,0.5,1,1,ATACGCCATCGAGAGCCCAA,0,1756891
gyrAp,0.5,1,1,ATACGAAGTACCCCGGACCA,0,1754732
gyrAp,0.5,1,1,ATACCTGTTCGGGGACTGTG,0,1742019
gyrAp,0.5,1,1,ATACCAGTTGTCTTGGAGGC,0,1762077
gyrAp,0.5,1,1,ATACATCTTCACGATAGGTT,0,1761904
gyrAp,0.5,1,1,ATAATTTGGTGAAAGAAAGG,0,1756415
gyrAp,0.5,1,1,ATAATCCCTCTACAATCTGG,0,1766370
gyrAp,0.5,1,1,ATAAGCGGTTCAAGCTCAGA,0,1753966
gyrAp,0.5,1,1,ATAACGTATGATCCCATCTT,0,1748147
gyrAp,0.5,1,1,ATAACCCCGGTTAATCGGGT,0,1754682
gyrAp,0.5,1,1,ATAACCCCCGTTGAGTGTTC,0,1742005
gyrAp,0.5,1,1,ATAACACGCTCCCTTGGTGG,0,1748975
gyrAp,0.5,1,1,ATAACAAACCACGAGCCGCC,0,1758489
gyrAp,0.5,1,1,ATAAATAATCCAGTTGATGT,0,1744712
gyrAp,0.5,1,1,ATAAAAGCGAATTAGGCCAG,0,1762466
gyrAp,0.5,1,1,AGTTTATTAGATCCGAACGC,0,1744445
gyrAp,0.5,1,1,AGTTTAGCTGCGTATCGTCT,0,1745115
gyrAp,0.5,1,1,AGTTGGTGAGGTTAACTCGA,0,1758456
gyrAp,0.5,1,1,AGTTGCGGAGCCTCGTATGA,0,1751569
gyrAp,0.5,1,1,AGTTAAAAGGCTCATATGCG,0,1765192
gyrAp,0.5,1,1,AGTGTCATGGATCCGACCCT,0,1750393
gyrAp,0.5,1,1,AGTGTACGGCGCAATGGGGT,0,1758360
gyrAp,0.5,1,1,AGTGGCTGCTTGAGTCCTGT,0,1763407
gyrAp,0.5,1,1,AGTGATTCCGGCTCTCCGTT,0,1760011
gyrAp,0.5,1,1,AGTGATACAGCTAGAAAGGT,0,1758961
gyrAp,0.5,1,1,AGTCTGCTCGAACGGAGGAT,0,1751917
gyrAp,0.5,1,1,AGTCTCAAGAAATCGGGTAA,0,1763413
gyrAp,0.5,1,1,AGTCGTCTCCTAAGACAGAG,0,1751325
gyrAp,0.5,1,1,AGTCCCTTACTGGATCTTAC,0,1768780
gyrAp,0.5,1,1,AGTCCCCCACATGGTCTTCG,0,1761749
gyrAp,0.5,1,1,AGTCAAGTACAAGAACCCAG,0,1768623
gyrAp,0.5,1,1,AGTATTGACCCATTTCTTTT,0,1765317
gyrAp,0.5,1,1,AGTATGGACCTTGCGCTGCT,0,1759302
gyrAp,0.5,1,1,AGTATGAGACGAGGGAAAGC,0,1741795
gyrAp,0.5,1,1,AGTATGACAGTCTTTCTGAG,0,1757672
gyrAp,0.5,1,1,AGTATCTGTGTCACTCGAAG,0,1761406
gyrAp,0.5,1,1,AGTAGGGAGTTACCAATGCA,0,1753069
gyrAp,0.5,1,1,AGTAGAGTTTTTCCTTTTCC,0,1750728
gyrAp,0.5,1,1,AGTACATGAGATATTGAAGC,0,1746027
gyrAp,0.5,1,1,AGTAAGGCCAATCCAAATGG,0,1744744
gyrAp,0.5,1,1,AGTAACGTGCTGCATCAATC,0,1754958
gyrAp,0.5,1,1,AGTAAATCGGTTGAGCTTGA,0,1753475
gyrAp,0.5,1,1,AGTAAACCTGTGCTGGCCCT,0,1756062
gyrAp,0.5,1,1,AGGTTTCTAGATAGCCGGGG,0,1753725
gyrAp,0.5,1,1,AGGTTTATTCGGGTTTCGCT,0,1748918
gyrAp,0.5,1,1,AGGTTTACATCGAGCTGTAA,0,1753978
gyrAp,0.5,1,1,AGGTTAATCAGGTGATGTGA,0,1767227
gyrAp,0.5,1,1,AGGTGCCTTACGGTACCGTG,0,1769799
gyrAp,0.5,1,1,AGGTCGCGTATAGTTACTCT,0,1760831
gyrAp,0.5,1,1,AGGTATGGCTGGTTACGCTA,0,1750813
gyrAp,0.5,1,1,AGGTATCCTAAGGGCGAGCT,0,1769982
gyrAp,0.5,1,1,AGGTAAGGTGTCGGATTTTG,0,1751858
gyrAp,0.5,1,1,AGGGTCTCTGCCGAAAGCAA,0,1745891
gyrAp,0.5,1,1,AGGGTATAGCGTTTGAAGTT,0,1755731
gyrAp,0.5,1,1,AGGGGTCACGCCGCGAAGTC,0,1749086
gyrAp,0.5,1,1,AGGGGGCTAGTGGTAGAAAA,0,1768969
gyrAp,0.5,1,1,AGGGCTACGGTTAGGAGTAT,0,1753997
gyrAp,0.5,1,1,AGGGCCTTGTTTTTCCCGCC,0,1751296
gyrAp,0.5,1,1,AGGGCCGTAATCTAACTAGG,0,1757541
gyrAp,0.5,1,1,AGGGCAGAATCGTCCGTACA,0,1741797
gyrAp,0.5,1,1,AGGGATCGAAAGGCCTAGCC,0,1767844
gyrAp,0.5,1,1,AGGGAGACGGAAGGTGGGCA,0,1753294
gyrAp,0.5,1,1,AGGGAACAGATAATAGTGTA,0,1759061
gyrAp,0.5,1,1,AGGCTGCCTATGAATGCTAC,0,1768625
gyrAp,0.5,1,1,AGGCGGGGGAAAGGACCAAC,0,1758417
gyrAp,0.5,1,1,AGGCGAGGAAGTTAGACGCA,0,1745249
gyrAp,0.5,1,1,AGGCGAATGTTCAACATCTG,0,1760843
gyrAp,0.5,1,1,AGGCCCTCGTAATGGCTGTA,0,1751178
gyrAp,0.5,1,1,AGGCCCCGACCCCTTAATAA,0,1753771
gyrAp,0.5,1,1,AGGCATGCGCAGTAGGAATG,0,1749701
gyrAp,0.5,1,1,AGGCATCGATGAGCGCAGCT,0,1743901
gyrAp,0.5,1,1,AGGCAGGCTCAGATCAATCC,0,1759718
gyrAp,0.5,1,1,AGGATAGTGGCTCTATGGAA,0,1751870
gyrAp,0.5,1,1,AGGACTTACCACCTGTCTCA,0,1741630
gyrAp,0.5,1,1,AGGACCCAATGGAGCGCAGC,0,1756324
gyrAp,0.5,1,1,AGGAATCTAACGAATTATAG,0,1765052
gyrAp,0.5,1,1,AGGAAGTTCCAGATCGAGTA,0,1769751
gyrAp,0.5,1,1,AGGAAGTGTGTAGGAAGAGC,0,1748578
gyrAp,0.5,1,1,AGGAAGAAGTATATCCAAAA,0,1746718
gyrAp,0.5,1,1,AGCTTCTAAGTCGTGGATCC,0,1742022
gyrAp,0.5,1,1,AGCTGCTTAATCATCGTGGA,0,1763895
gyrAp,0.5,1,1,AGCTGCCCCGGCTACAGTCC,0,1767465
gyrAp,0.5,1,1,AGCTCTAAGGGGCCGTCCGA,0,1762126
gyrAp,0.5,1,1,AGCTCAGAGAGTGATAGAGG,0,1745672
gyrAp,0.5,1,1,AGCGGAGTGCTGGCCGTTCC,0,1757420
gyrAp,0.5,1,1,AGCGCTAAGCAGGTCGAAAA,0,1751623
gyrAp,0.5,1,1,AGCGCGATCAGGATTGAACA,0,1761117
gyrAp,0.5,1,1,AGCGCCCAAACCAAAATTGT,0,1770160
gyrAp,0.5,1,1,AGCGAACTCAGACGCATCCT,0,1770225
gyrAp,0.5,1,1,AGCCGCGGTTGAGAGAGACT,0,1748004
gyrAp,0.5,1,1,AGCCGATATACTTATGAGCT,0,1769247
gyrAp,0.5,1,1,AGCCCTTTAGCTGTTGACCC,0,1764817
gyrAp,0.5,1,1,AGCCCTACACGCCGATGCAA,0,1756178
gyrAp,0.5,1,1,AGCCCGTTGACTTTATATGC,0,1762627
gyrAp,0.5,1,1,AGCCAATAACCGGAAATTTG,0,1750421
gyrAp,0.5,1,1,AGCATCGTCCTGTCTCGCGT,0,1758757
gyrAp,0.5,1,1,AGCATCCGTCGGTACAGGCC,0,1753812
gyrAp,0.5,1,1,AGCATATGTTAGCGGTGCCT,0,1741853
gyrAp,0.5,1,1,AGCACCATTTAGAGCTATTT,0,1747108
gyrAp,0.5,1,1,AGCACACAAGATGTCGGTTA,0,1759557
gyrAp,0.5,1,1,AGATGCGTCCTGTGTTCAAG,0,1766523
gyrAp,0.5,1,1,AGATCTCGACTAAAGGCCCG,0,1750025
gyrAp,0.5,1,1,AGATCTCAAAGAAATTTACG,0,1748270
gyrAp,0.5,1,1,AGATCCACTAGAGCAGGATG,0,1755145
gyrAp,0.5,1,1,AGATAGGTAAATTAACAGCA,0,1746102
gyrAp,0.5,1,1,AGATACCCACGCAATTGCTG,0,1741709
gyrAp,0.5,1,1,AGATACAGGTCCTTCCAGCT,0,1754068
gyrAp,0.5,1,1,AGAGTTCAGACACTTAGGAC,0,1767997
gyrAp,0.5,1,1,AGAGCGGTAAGATCCTGCAG,0,1746532
gyrAp,0.5,1,1,AGAGCAAGAGCTGCAATAGC,0,1748014
gyrAp,0.5,1,1,AGAGATATGCGCGGGCTGTC,0,1749630
gyrAp,0.5,1,1,AGACTGTAGCCTGAGACGAG,0,1742279
gyrAp,0.5,1,1,AGACTCGGGTTTTGTGGAAA,0,1768947
gyrAp,0.5,1,1,AGACCGGCGTGAGTGGGTCT,0,1762213
gyrAp,0.5,1,1,AGACAGACAAGGCGTCTCAT,0,1769912
gyrAp,0.5,1,1,AGAATCGTTCCACGATGTAT,0,1768053
gyrAp,0.5,1,1,AGAAGGCGCCTCCGGAATAT,0,1759926
gyrAp,0.5,1,1,AGAAGGACATTAGTCGGGTA,0,1754315
gyrAp,0.5,1,1,AGAACTGGGTCTTACGGTCC,0,1766061
gyrAp,0.5,1,1,AGAACTGCATCGTGAAACAG,0,1746039
gyrAp,0.5,1,1,AGAACTAGAGGGAAATTTAG,0,1761995
gyrAp,0.5,1,1,AGAACCTATTGTGCGGTAAG,0,1756749
gyrAp,0.5,1,1,AGAAACGATCAAGAATTTGG,0,1768432
gyrAp,0.5,1,1,ACTTTTCCTTCGCGCTACAG,0,1750042
gyrAp,0.5,1,1,ACTTTTAACTCCTCACTGTG,0,1759971
gyrAp,0.5,1,1,ACTTTGCTTTTGAAGGGTTG,0,1765574
gyrAp,0.5,1,1,ACTTTAGGACCAGGATGACT,0,1754168
gyrAp,0.5,1,1,ACTTGTTGGTATTCTTATGG,0,1741654
gyrAp,0.5,1,1,ACTTGGTACCCAGAACGGCT,0,1760301
gyrAp,0.5,1,1,ACTTCGTCTTATTTTGGCGA,0,1749205
gyrAp,0.5,1,1,ACTTCGGGTGCGTCCCGGAA,0,1742781
gyrAp,0.5,1,1,ACTTACTTTGGACGAGAATT,0,1756779
gyrAp,0.5,1,1,ACTGTTTGATGCCGGTTTTT,0,1760883
gyrAp,0.5,1,1,ACTGTTATGCCGGCTCTCCA,0,1748583
gyrAp,0.5,1,1,ACTGGTTCTGGCTCGTGCGC,0,1762387
gyrAp,0.5,1,1,ACTGGATCACGTTACAGCAG,0,1747418
gyrAp,0.5,1,1,ACTGCTAATTATACTTGGAA,0,1770280
gyrAp,0.5,1,1,ACTGCTAATCCTTAAGAGAC,0,1763412
gyrAp,0.5,1,1,ACTGATGGGCCTAGCCGAGG,0,1766270
gyrAp,0.5,1,1,ACTGATAGGTTCTGCACCGT,0,1764892
gyrAp,0.5,1,1,ACTCTGTAGGGCAGGTAGCG,0,1756369
gyrAp,0.5,1,1,ACTCGAAGCAATAGAAACCT,0,1767729
gyrAp,0.5,1,1,ACTCACGCGACCTGTGGTTT,0,1764972
gyrAp,0.5,1,1,ACTACGAGTAGCGTAATTGT,0,1756832
gyrAp,0.5,1,1,ACGTTTAATGTTCAGCCCGC,0,1755163
gyrAp,0.5,1,1,ACGTTGATTACTAACCATAT,0,1770670
gyrAp,0.5,1,1,ACGTTCGCTAGCATTGCTAA,0,1762533
gyrAp,0.5,1,1,ACGTTCAACATAGGCATATA,0,1756288
gyrAp,0.5,1,1,ACGTGTGTATGCGGGAAGGC,0,1764977
gyrAp,0.5,1,1,ACGTGGCACAAGTCCGCCTC,0,1745369
gyrAp,0.5,1,1,ACGTGCGAGCTCATAATATT,0,1763139
gyrAp,0.5,1,1,ACGTCTTATGTAGCACGGGA,0,1749792
gyrAp,0.5,1,1,ACGTATTCCATGTAAATGGC,0,1759811
gyrAp,0.5,1,1,ACGTATCGGGGTTCATGGCT,0,1761382
gyrAp,0.5,1,1,ACGGGTTGAGCCACAGATCG,0,1753551
gyrAp,0.5,1,1,ACGGGGTACGGTAACATCCA,0,1755076
gyrAp,0.5,1,1,ACGGGCCGGGCGGCCTCGGT,0,1754425
gyrAp,0.5,1,1,ACGGGCCAGAGGATTCCCCT,0,1747645
gyrAp,0.5,1,1,ACGGCTCCCCTGAGAATGAA,0,1759053
gyrAp,0.5,1,1,ACGGCGTTCAAAGTGTTACT,0,1770351
gyrAp,0.5,1,1,ACGGCCAGCTGAGAACGCTC,0,1766136
gyrAp,0.5,1,1,ACGGCAAACTGAGAGGACGA,0,1741570
gyrAp,0.5,1,1,ACGGATATACTCAATTGAGA,0,1763452
gyrAp,0.5,1,1,ACGCATAACACAGTGACTCA,0,1749616
gyrAp,0.5,1,1,ACGCAATCAGGCCGCGGTTC,0,1755857
gyrAp,0.5,1,1,ACGCAACTTGTATGTTGGTA,0,1743873
gyrAp,0.5,1,1,ACGAGCTTTATAGAGCTGTT,0,1765945
gyrAp,0.5,1,1,ACGAACCCCCGCCAGCACTT,0,1754813
gyrAp,0.5,1,1,ACCTTAGTAGACTTTAGTGC,0,1766319
gyrAp,0.5,1,1,ACCTGAGACGCGACAGATCC,0,1742053
gyrAp,0.5,1,1,ACCTCATTGATTAGATGGTC,0,1765816
gyrAp,0.5,1,1,ACCTCATAAGAGAACTCCCG,0,1752079
gyrAp,0.5,1,1,ACCTAGGGCCAGCAATCCAG,0,1766335
gyrAp,0.5,1,1,ACCGTTGCACTTACTAGGTG,0,1763450
gyrAp,0.5,1,1,ACCGTCAACTGGTTCGATAG,0,1757320
gyrAp,0.5,1,1,ACCGGCCCACTTCTAGTTGT,0,1750069
gyrAp,0.5,1,1,ACCGCACCCTCATGTGGGAA,0,1744551
gyrAp,0.5,1,1,ACCCTTAAATCGTCGATACT,0,1749407
gyrAp,0.5,1,1,ACCCAGCATCCACATTCGGA,0,1766737
gyrAp,0.5,1,1,ACCCACTTTTGCAACGCAAT,0,1764004
gyrAp,0.5,1,1,ACCATTTACAGCGAATTGAA,0,1753381
gyrAp,0.5,1,1,ACCATTGTGCACTTGAACCG,0,1770675
gyrAp,0.5,1,1,ACCATTAGAACGAGTTCAAA,0,1741694
gyrAp,0.5,1,1,ACCATAATGATATCTCACGC,0,1769534
gyrAp,0.5,1,1,ACCAGTGAGACAATTCTGTT,0,1756380
gyrAp,0.5,1,1,ACCAGTACTGGGTGAAACGC,0,1762893
gyrAp,0.5,1,1,ACCACTGGTTACCAGAACCT,0,1764462
gyrAp,0.5,1,1,ACCACGGACATGCATGGCCA,0,1744975
gyrAp,0.5,1,1,ACCAACAATTAACGGGTTGA,0,1767867
gyrAp,0.5,1,1,ACCAAATAGAACGGTCCAAG,0,1762119
gyrAp,0.5,1,1,ACATTCCCAGCTATACATGC,0,1762123
gyrAp,0.5,1,1,ACATGTAGGCTGATGAAGAC,0,1756801
gyrAp,0.5,1,1,ACATGCCATAACGTGCTCGT,0,1746620
gyrAp,0.5,1,1,ACATCTGACAGGATGGGATA,0,1764056
gyrAp,0.5,1,1,ACATCATTGCGATTGCAGTC,0,1763603
gyrAp,0.5,1,1,ACATAGTGTACATATCGAGC,0,1742207
gyrAp,0.5,1,1,ACATAGTGATATCACTGCAT,0,1759542
gyrAp,0.5,1,1,ACATAAAGATGGTGGCCAAT,0,1752863
gyrAp,0.5,1,1,ACAGGTGCGAGCCACATATT,0,1758169
gyrAp,0.5,1,1,ACAGCTACCCACTCGTAACT,0,1760908
gyrAp,0.5,1,1,ACAGCCAGCCCATGGATCTA,0,1746147
gyrAp,0.5,1,1,ACAGATAACCAGAAAGGGTC,0,1741778
gyrAp,0.5,1,1,ACAGAGCAACCCGGTAGGGC,0,1757474
gyrAp,0.5,1,1,ACACTGCTACGCCCGGTACA,0,1767505
gyrAp,0.5,1,1,ACACTGCATGTCTAGAGGAT,0,1755312
gyrAp,0.5,1,1,ACACGTCTTGCTCGATCACT,0,1765370
gyrAp,0.5,1,1,ACACGTCTGAGGTCTACGCC,0,1744514
gyrAp,0.5,1,1,ACACGGGAATACAAGCAGGT,0,1753285
gyrAp,0.5,1,1,ACACGGAGCGCTATACCTGG,0,1746951
gyrAp,0.5,1,1,ACACGCGATACAACGGTTCT,0,1769459
gyrAp,0.5,1,1,ACACCCTACATAATGTTTCT,0,1746034
gyrAp,0.5,1,1,ACACAACGAGGACCATCATG,0,1765688
gyrAp,0.5,1,1,ACAATTGATCAGTATTCTTA,0,1766013
gyrAp,0.5,1,1,ACAAGGTCGGCGTTTCAACG,0,1765438
gyrAp,0.5,1,1,ACAACCGCAGAGATGCTGAA,0,1765158
gyrAp,0.5,1,1,ACAAATTCTTAGCCGTTGAC,0,1745866
gyrAp,0.5,1,1,ACAAAATAGGTAACGCGCAT,0,1764803
gyrAp,0.5,1,1,AATTTTATGACGGGTCAACC,0,1762095
gyrAp,0.5,1,1,AATTTTAGATAGCCTCGCGT,0,1744751
gyrAp,0.5,1,1,AATTTGAGCATAAAGTAAAA,0,1752270
gyrAp,0.5,1,1,AATTGTAGCGTACCATTCTA,0,1762776
gyrAp,0.5,1,1,AATTCCCATTGGAATATTGG,0,1744695
gyrAp,0.5,1,1,AATTATCCCGTCTTTTCTCA,0,1746981
gyrAp,0.5,1,1,AATTAGAGCCACAAGGTTGA,0,1744703
gyrAp,0.5,1,1,AATGTGGGCGTTATAGGGCA,0,1755225
gyrAp,0.5,1,1,AATGTGCGAGTCATTTATAG,0,1745194
gyrAp,0.5,1,1,AATGTCTGGGATAAGTAAAG,0,1757208
gyrAp,0.5,1,1,AATGTAGGATATTGTTATTG,0,1756424
gyrAp,0.5,1,1,AATGGGGGGCCGTTCATAGC,0,1742786
gyrAp,0.5,1,1,AATGGATCGGCTAAATTAGA,0,1753354
gyrAp,0.5,1,1,AATGCGTGCGGATACCGGAC,0,1742074
gyrAp,0.5,1,1,AATGAGTTTTGTTGCGATCG,0,1742753
gyrAp,0.5,1,1,AATGAGTACTATGGCTCATC,0,1749207
gyrAp,0.5,1,1,AATGACCCGGGTAGTGGTTC,0,1743267
gyrAp,0.5,1,1,AATCTCGGTTTCAAATCCGT,0,1755341
gyrAp,0.5,1,1,AATCGGGACAACAGTACCTG,0,1763470
gyrAp,0.5,1,1,AATCGCTTACCAAAGTTGTT,0,1750033
gyrAp,0.5,1,1,AATCCTGATCTTAATGGTGC,0,1747053
gyrAp,0.5,1,1,AATCCTAGAAAACAATAATC,0,1766318
gyrAp,0.5,1,1,AATCCCCTGCGCTAGAAGGA,0,1767761
gyrAp,0.5,1,1,AATCATATTTACGGTCAGTA,0,1745489
gyrAp,0.5,1,1,AATCAATAATCCGTTGTTTC,0,1743335
gyrAp,0.5,1,1,AATATCGCTGGATGACCAGG,0,1746591
gyrAp,0.5,1,1,AATAGATCCGGGCTATCCGT,0,1765336
gyrAp,0.5,1,1,AAGTTTGTGGACATGCGGCA,0,1766995
gyrAp,0.5,1,1,AAGTTTATTCCTTCTCGGCG,0,1761303
gyrAp,0.5,1,1,AAGTTCAATCCCGGTGGTAG,0,1766323
gyrAp,0.5,1,1,AAGTGTTATCTTATGTTTAT,0,1759110
gyrAp,0.5,1,1,AAGTGGGTATCATGGTAAGA,0,1769228
gyrAp,0.5,1,1,AAGTGGGATGGTGACCTCAA,0,1769983
gyrAp,0.5,1,1,AAGTGGCATTAGGTTATTTT,0,1763698
gyrAp,0.5,1,1,AAGTCCTAAAACTCCGCCAC,0,1764055
gyrAp,0.5,1,1,AAGTCCCGTGTAGTTCTGGA,0,1754960
gyrAp,0.5,1,1,AAGTCCCGTCTGGAGCGCGT,0,1756337
gyrAp,0.5,1,1,AAGTAAAATCCCGTGAACGC,0,1746916
gyrAp,0.5,1,1,AAGGTGTGAGCGACATACGT,0,1744608
gyrAp,0.5,1,1,AAGGTGACTCTAATGAACGC,0,1755643
gyrAp,0.5,1,1,AAGGGGCAGTCCCCCGCGGT,0,1743771
gyrAp,0.5,1,1,AAGGGCTGTGCGGTAGTCCG,0,1769997
gyrAp,0.5,1,1,AAGGGACCTCGCAAGCCTAG,0,1755648
gyrAp,0.5,1,1,AAGGCTTATCCACCTTCGAA,0,1761175
gyrAp,0.5,1,1,AAGGCGTGGGATTGGGTTAC,0,1754823
gyrAp,0.5,1,1,AAGGCCACGAATGACGCTCT,0,1748137
gyrAp,0.5,1,1,AAGGAGGCTTTGGTATTCGC,0,1758782
gyrAp,0.5,1,1,AAGCTTATTTCTGGTGCCCT,0,1763886
gyrAp,0.5,1,1,AAGCTGGCCTGCCATACGGT,0,1748225
gyrAp,0.5,1,1,AAGCTAACAGTAACGCGATC,0,1755499
gyrAp,0.5,1,1,AAGCGGCGGCGTTTCTGTCG,0,1753785
gyrAp,0.5,1,1,AAGCCTTTGACTTATTTCTG,0,1758706
gyrAp,0.5,1,1,AAGCCATCTATCGTCCAAAG,0,1749250
gyrAp,0.5,1,1,AAGCAGACGGCTCCACGAAG,0,1760698
gyrAp,0.5,1,1,AAGCAAGGGGGGGGGGACGC,0,1750217
gyrAp,0.5,1,1,AAGCAAATCAAATGCTGATT,0,1766537
gyrAp,0.5,1,1,AAGATTAAGGACTTTCATTA,0,1754729
gyrAp,0.5,1,1,AAGATACGCGTTTAAGCAGT,0,1745307
gyrAp,0.5,1,1,AAGAGCAGCAATTGGACTAT,0,1763533
gyrAp,0.5,1,1,AAGAGCAGATTCTCCTTGCT,0,1762712
gyrAp,0.5,1,1,AAGAGATCCCAGACCAACGG,0,1766255
gyrAp,0.5,1,1,AAGACGAGATTGAAAACCTG,0,1768446
gyrAp,0.5,1,1,AACTTCTCTTGCACCTGGAA,0,1757464
gyrAp,0.5,1,1,AACTGGTCGTGATATGACAG,0,1764685
gyrAp,0.5,1,1,AACTGGCAAGAGCAATGTCT,0,1763726
gyrAp,0.5,1,1,AACTGCATCCCGCGGGGATT,0,1757360
gyrAp,0.5,1,1,AACTACAGCTAGGCACCTGA,0,1760665
gyrAp,0.5,1,1,AACGAAGCAGTGGTTACTTA,0,1746087
gyrAp,0.5,1,1,AACCTGGGAGGTCTGAACTG,0,1763766
gyrAp,0.5,1,1,AACCGAGCCGAATCAAGTCT,0,1753171
gyrAp,0.5,1,1,AACCCTCACATACACCTCGT,0,1750202
gyrAp,0.5,1,1,AACCACGGAAACCGCAAAGC,0,1770732
gyrAp,0.5,1,1,AACCACCAGCCAGCACTTAA,0,1770039
gyrAp,0.5,1,1,AACACTACTGAGATATGAAA,0,1748522
gyrAp,0.5,1,1,AACACAGACTGAAGCGGTTA,0,1769048
gyrAp,0.5,1,1,AACAAAGAAGGTTGTAGCTG,0,1755095
gyrAp,0.5,1,1,AAATGGGAACGGGCCTTGGG,0,1744653
gyrAp,0.5,1,1,AAATAGGCCAGGACAATCGC,0,1761404
gyrAp,0.5,1,1,AAATACCGTTGGGTACGATT,0,1748005
gyrAp,0.5,1,1,AAAGTGATTGATTGCTGCGA,0,1747156
gyrAp,0.5,1,1,AAAGTACCACGATGAACCGA,0,1753215
gyrAp,0.5,1,1,AAAGGAAGTGAATTTGCGGG,0,1750558
gyrAp,0.5,1,1,AAAGCTAGGTCCGCCAAACT,0,1760192
gyrAp,0.5,1,1,AAAGCGTCCACTATAATTTA,0,1764427
gyrAp,0.5,1,1,AAACGTCCCAGATCAGTTGG,0,1747562
gyrAp,0.5,1,1,AAACGGCATCCGTGAATAAC,0,1751982
gyrAp,0.5,1,1,AAACCCTAAAAGATAAGATC,0,1768377
gyrAp,0.5,1,1,AAACATAATGCTGTTATACA,0,1765575
gyrAp,0.5,1,1,AAACAGTCACTCTTGTTAAT,0,1763536
gyrAp,0.5,1,1,AAAATTTTGCTACAGTGACA,0,1745556
gyrAp,0.5,1,1,AAAATCATGTTGGAGATTAA,0,1753284
gyrAp,0.5,1,1,AAAACACAGGAAGGGAACAT,0,1764704
gyrAp,59.0,58,0,AAGCTACGGGGCGTCCGGGG,58,1748403
gyrAp,55.0,54,0,GGACCAGGTGCGTACTGAGT,54,1761019
gyrAp,49.0,48,0,CTATCCTGGCTGCGATCCAG,48,1742533
gyrAp,44.0,43,0,AGAATTTTTCAAGAGGCTCT,43,1759600
gyrAp,41.0,40,0,TCGAGGTTGCTGATTGGGCA,40,1750289
gyrAp,39.0,38,0,GTTTTGTCACCCCGCGCATT,38,1760501
gyrAp,38.0,37,0,CCGCGCATGCGGGGATTCTA,37,1758866
gyrAp,38.0,37,0,AATCAGTTCGTCTCAGGAGA,37,1743383
gyrAp,37.0,36,0,GAGAGCCGCAATCGTATGTT,36,1744933
gyrAp,36.0,35,0,GTTACCTGTATATTGGACAG,35,1758767
gyrAp,35.0,34,0,ATACAACAGGCGTCCTAGGC,34,1749846
gyrAp,34.0,33,0,TTTCTGTTTACGTACTGTTT,33,1768907
gyrAp,32.0,31,0,TGTGTCGTTGAAAATGGTCA,31,1754118
gyrAp,32.0,31,0,GCTCTTAATTCCTCCCATGT,31,1753177
gyrAp,32.0,31,0,GCCTAGCGAATCCCTAGCCT,31,1770242
gyrAp,32.0,31,0,ACGCGCCAGACGGTCAGATG,31,1751360
gyrAp,32.0,31,0,ACATCGGGAGAAAATGGAAT,31,1769216
gyrAp,30.0,29,0,TGGTCGTGCTTAGAGAGGAA,29,1748358
gyrAp,30.0,29,0,TCACGGGTACTGCACTTTGT,29,1742688
gyrAp,30.0,29,0,CTAGGGGCGCTGATCAGCCA,29,1758663
gyrAp,30.0,29,0,AGTGCAGGTACGAAAGTAGG,29,1753476
gyrAp,30.0,29,0,AAACCATCTTCAAGAAGAAA,29,1759276
gyrAp,29.0,28,0,CTATGGCCACAGACCCCCGA,28,1757289
gyrAp,28.0,27,0,TATAGAAATTCTGTCCTTTA,27,1745745
gyrAp,28.0,27,0,GGGCAAAATTCATACAGCGC,27,1748235
gyrAp,28.0,27,0,CAGCTGGTCACGACGCAGTT,27,1766882
gyrAp,27.0,26,0,TGAAGGCAAGGGTCTGGAGC,26,1762774
gyrAp,27.0,26,0,CTAATCCGGAATGCCAGAGC,26,1764514
gyrAp,27.0,26,0,ATATAGTAGTCAATGTCGGA,26,1748115
gyrAp,27.0,26,0,AAAACGGCGTGGCCCTCCGG,26,1769404
gyrAp,26.0,25,0,GTGTCGCGCTCACCTTTTAA,25,1757478
gyrAp,26.0,25,0,GTGAAATACAGGCGAGCCGG,25,1765101
gyrAp,26.0,25,0,GGGATGTGGGTAGTTTGGGA,25,1745517
gyrAp,26.0,25,0,GCTGCATGCTGTTTCGATTG,25,1748314
gyrAp,26.0,25,0,CTAGCTAGATTAGGAACTAA,25,1764142
gyrAp,26.0,25,0,CATTAACCTTTCCTATTTTA,25,1766923
gyrAp,26.0,25,0,CAACGGCTAACGGGCCATTC,25,1748692
gyrAp,26.0,25,0,ACCATAGTCTAAGATTCGTT,25,1769150
gyrAp,25.0,24,0,TCCCCGGGCGGAAAGCAGAC,24,1763620
gyrAp,25.0,24,0,TATCATACTAAAGTAGTCCC,24,1748341
gyrAp,25.0,24,0,GTAGGGCTGCCTGCTGTCGC,24,1760790
gyrAp,25.0,24,0,CAGATCACTGGTTGTTGGTC,24,1769577
gyrAp,25.0,24,0,ATCGACTATAGGATGCTTAG,24,1749342
gyrAp,24.0,23,0,TGTCTCATTACGGACACCCG,23,1758118
gyrAp,24.0,23,0,GTAGGATCTGCAACTCCGCA,23,1749737
gyrAp,24.0,23,0,GCTTAGGGCCTGAATACTTA,23,1765936
gyrAp,24.0,23,0,GCGCGTGGTGATCGTACCGA,23,1763996
gyrAp,24.0,23,0,GATCATGAGGTACTGAATAC,23,1751236
gyrAp,24.0,23,0,CTATATAGGGTATACCTGGG,23,1766080
gyrAp,24.0,23,0,CACAGTCAACGTTAAGACTA,23,1750599
gyrAp,24.0,23,0,ACGAACGCACGTCACATTAT,23,1755226
gyrAp,23.0,22,0,TGTCGTAACAGTTACTGACT,22,1750266
gyrAp,23.0,22,0,CGGTGATGCAAGCGACGGAA,22,1766249
gyrAp,23.0,22,0,CCCATCGTAGACCGCACACC,22,1760926
gyrAp,23.0,22,0,CAACAACTCCTTCCCCATCT,22,1742919
gyrAp,23.0,22,0,AGGTCACCGCCAGCTGGATT,22,1769093
gyrAp,23.0,22,0,AAGGCGTTCAATTCGATGAC,22,1770026
gyrAp,22.0,21,0,TCGGGAGCCACCGTTGTGAG,21,1741508
gyrAp,22.0,21,0,TAGCCCATCTTTGATTGTCT,21,1750131
gyrAp,22.0,21,0,GTAAGCTATCAGCTGTCCCG,21,1760420
gyrAp,22.0,21,0,CGATCGCAACCATTAGGAGT,21,1742966
gyrAp,22.0,21,0,CACGTATCTGGATTAGTATG,21,1760033
gyrAp,22.0,21,0,ATTAGAGAGGGCGACATGGT,21,1754498
gyrAp,22.0,21,0,AGTCGAGACATGTTATCCCC,21,1755732
gyrAp,22.0,21,0,AAGTGATGCTAGCTACCGAT,21,1752371
gyrAp,22.0,21,0,AACTTCAGGCAGTTCATCGT,21,1768216
gyrAp,21.0,20,0,TGAATTGTGGCCTAACACGA,20,1752663
gyrAp,21.0,20,0,TCTCCAGTACGTACGAACGA,20,1753932
gyrAp,21.0,20,0,TCGTGCACTGAGGAGCGACC,20,1762726
gyrAp,21.0,20,0,GTGCAGGCTAAGCACAGTCC,20,1763054
gyrAp,21.0,20,0,CGATGTGAGGACTTCATGGT,20,1747204
gyrAp,21.0,20,0,CATGTTTAGTTGCCGGTGGT,20,1766470
gyrAp,21.0,20,0,CAGTGACAGTGTTGCCATAG,20,1758161
gyrAp,21.0,20,0,ATCAGAACGCGGACCCATGA,20,1757351
gyrAp,21.0,20,0,AGTGCGGAAGGTTTCTGGTG,20,1767033
gyrAp,21.0,20,0,AGATAACTACGTGTGGTCCG,20,1768568
gyrAp,21.0,20,0,AAATGATCGACCGGCCTTGG,20,1754092
gyrAp,20.0,19,0,TTTTGACCGGCCATCGCTTG,19,1753056
gyrAp,20.0,19,0,GGCCGAACTATTCCCTCACA,19,1747172
gyrAp,20.0,19,0,GCTTCTATATGGTTGCGCGC,19,1765387
gyrAp,20.0,19,0,GATGGTACATCGTGAGTCAT,19,1755481
gyrAp,20.0,19,0,GAGCGCAGTCCGCATTGTAA,19,1743827
gyrAp,20.0,19,0,CTAAGTAATAATATCTGCGC,19,1754271
gyrAp,20.0,19,0,CATCCTGACGTTGGTCGCGG,19,1754234
gyrAp,20.0,19,0,AGCTGACCGTCCTCGGCGCA,19,1743684
gyrAp,20.0,19,0,AATGCAGCCTGGTAGTGGCG,19,1753065
gyrAp,20.0,19,0,AATATCGGCACTTCTTAGCA,19,1746769
gyrAp,20.0,19,0,AAGAGTCGTGGTCGGCAGCG,19,1761461
gyrAp,20.0,19,0,AACGTTACAATTTAAGTTCC,19,1769373
gyrAp,19.0,18,0,TTTTAATTTCCCATGACCAC,18,1759796
gyrAp,19.0,18,0,TGAACTGTATGATCTCGCGG,18,1764343
gyrAp,19.0,18,0,TAATAGAACTGTTCCATGCT,18,1767961
gyrAp,19.0,18,0,GGGTCCCTTAAATCCGGGTT,18,1754857
gyrAp,19.0,18,0,CAAAGGTGCACTCATCTCCA,18,1759823
gyrAp,19.0,18,0,AGTCGTTATCGTATGAATCC,18,1747447
gyrAp,18.0,17,0,TGCCATTTGCAGAGCGCTGG,17,1745868
gyrAp,18.0,17,0,GTGCAAAAGGTGCTTCAGTT,17,1757122
gyrAp,18.0,17,0,GGTATACATGCCCATTGCTT,17,1767417
gyrAp,18.0,17,0,GGCGCTCAACAGATAGCGAA,17,1746352
gyrAp,18.0,17,0,GCGTATTAGGCTTATAGTCT,17,1742923
gyrAp,18.0,17,0,GAAAACCCACAGATGTCTTT,17,1758520
gyrAp,18.0,17,0,CTTTATATATCGTCAAACTC,17,1754552
gyrAp,18.0,17,0,CCGGGGCTTACCGACTTCTG,17,1761257
gyrAp,18.0,17,0,CAATAACTGTTTTCAAGTGT,17,1758886
gyrAp,18.0,17,0,ATATTGGACTCACAGTCGAG,17,1749931
gyrAp,18.0,17,0,ACGACATCATGCACGTATTA,17,1768481
gyrAp,18.0,17,0,AAAAGTCGCGCACTTTACCT,17,1766354
gyrAp,17.0,16,0,TGCTTATTGGACTTTATGAG,16,1748560
gyrAp,17.0,16,0,TCTGGGTTCACTTAAGAGCT,16,1754699
gyrAp,17.0,16,0,TAAACGCGGGGAGGCATCTT,16,1767432
gyrAp,17.0,16,0,GCCGGCCGAGAGGCTACCCC,16,1744923
gyrAp,17.0,16,0,GACTGCTCCACCAAGCACTT,16,1769106
gyrAp,17.0,16,0,CTTCCGGAAACAAAGACGGA,16,1750148
gyrAp,17.0,16,0,CTGATGATCGGACAACAGGA,16,1762293
gyrAp,17.0,16,0,CGTCAATAAAGCGCTCTGCA,16,1757715
gyrAp,17.0,16,0,CGCTGTTTTCTTAACAAACG,16,1753663
gyrAp,17.0,16,0,ATTGAACGTAACCAGTGGAA,16,1749777
gyrAp,16.0,15,0,TGCCCATAAATAGGCAAAGT,15,1758353
gyrAp,16.0,15,0,TACAGTCCTTTCCGGTCCGT,15,1752676
gyrAp,16.0,15,0,TAATCTTATGCTATCCTTGA,15,1748724
gyrAp,16.0,15,0,GCGATAGCCAGGGGATCAAT,15,1759687
gyrAp,16.0,15,0,CGTTACTAATGCCTCAGGCA,15,1758312
gyrAp,16.0,15,0,CGTCGATTGTAAACGCACCT,15,1755619
gyrAp,16.0,15,0,CGTCATGCATGCCTGTTTGG,15,1745649
gyrAp,16.0,15,0,AAAGGACTGTTTGAGACCCC,15,1752785
gyrAp,15.0,14,0,TTTTAAGCGTTACGGAGCCT,14,1764152
gyrAp,15.0,14,0,TTCTTCTAGGTTCTGGATTG,14,1761237
gyrAp,15.0,14,0,TGTCTCTATGACTCTTACAA,14,1748511
gyrAp,15.0,14,0,GTTGCTGTTGGCCGCTCCAC,14,1759967
gyrAp,15.0,14,0,GTGAATGAAGTGTTAGTGCT,14,1746615
gyrAp,15.0,14,0,GCTACGCTCGGAAGCAGTGA,14,1767842
gyrAp,15.0,14,0,CTCAAGCCTTCCGTGAAACT,14,1766822
gyrAp,15.0,14,0,CATCCGCAGAGCGACAGCGG,14,1749823
gyrAp,15.0,14,0,CATCATAGTCCCCGTGGCGA,14,1751329
gyrAp,15.0,14,0,ATGTTAGTAGACATCGAGTC,14,1742010
gyrAp,15.0,14,0,AGAGAGGATGCCTTTCGTTC,14,1765092
gyrAp,15.0,14,0,ACCAGCATCGGCACACTTAC,14,1744867
gyrAp,15.0,14,0,AATAGGTACCATGTTCAGTG,14,1744026
gyrAp,14.0,13,0,TTTCCCCTAGTCTGCGTTAA,13,1741943
gyrAp,14.0,13,0,TTGAAGGCTCGAACGCTGAC,13,1768843
gyrAp,14.0,13,0,TTCCGAAGATGAACTTCACG,13,1747314
gyrAp,14.0,13,0,TTAAAGGCATCTCAAGAATT,13,1756051
gyrAp,14.0,13,0,TGTGGGTCCGCATTTTATTG,13,1749187
gyrAp,14.0,13,0,TAACCCAGCTTCTGGCCGCT,13,1755058
gyrAp,14.0,13,0,GTATTCCCGCTTTAGTGGTG,13,1759507
gyrAp,14.0,13,0,CTTATTCCGAAATGACCGAT,13,1767915
gyrAp,14.0,13,0,CTGATTATGGAGGGCTTGAA,13,1760437
gyrAp,14.0,13,0,CCGGCCATTCAACTCATTGG,13,1757453
gyrAp,14.0,13,0,CCGAGCGATCCGGGCACCCT,13,1744473
gyrAp,14.0,13,0,CCCTCGCCCGGTACATCATG,13,1752138
gyrAp,14.0,13,0,AGCGAGGCATCAACAACTCA,13,1754918
gyrAp,14.0,13,0,AACCGCAGTGCTTTGTGGAG,13,1764149
gyrAp,13.0,12,0,TGCGTAACACCCTAGATGAT,12,1745664
gyrAp,13.0,12,0,TCGAGGAAAGCGAAGACATT,12,1751872
gyrAp,13.0,12,0,TAGGCAGTCACGTAAAAATG,12,1746367
gyrAp,13.0,12,0,GTTTTACATTCGCGCATGGA,12,1752363
gyrAp,13.0,12,0,CTCACTTGCTGGTTCGAGGG,12,1750871
gyrAp,13.0,12,0,CCGCATCAGTATCGCACTAG,12,1753032
gyrAp,13.0,12,0,CATCCGCGCCAGACCATCAG,12,1764609
gyrAp,13.0,12,0,CACGAGATCTTTCGTTTTAT,12,1744116
gyrAp,13.0,12,0,ATTGAACCGTGCGTGTGATT,12,1749769
gyrAp,13.0,12,0,ATCGCTTCCATATCCCGTTG,12,1759000
gyrAp,13.0,12,0,ACGTGGAGGTTAGGGGCAAG,12,1743276
gyrAp,12.0,11,0,TTTGCGCCGAATGTTCGGCC,11,1745712
gyrAp,12.0,11,0,GGTCTAAAACAATTGTTCGC,11,1745854
gyrAp,12.0,11,0,GGGAGGGTCCACGTCGCTTT,11,1749380
gyrAp,12.0,11,0,GGATATGGGGAAAGCAGAGG,11,1750869
gyrAp,12.0,11,0,GGAGCGAGTGGATTCTCCTA,11,1757646
gyrAp,12.0,11,0,GCCCGTTACCGGTCACCTGG,11,1743876
gyrAp,12.0,11,0,GCATAGGGTGTTGATGTCAT,11,1743505
gyrAp,12.0,11,0,GAAGATTGATACTAGCGCGT,11,1747740
gyrAp,12.0,11,0,CTCTGCCTTCTGAAGACCTT,11,1750559
gyrAp,12.0,11,0,CGGCGCTCGGGGACCGGGCG,11,1755517
gyrAp,12.0,11,0,CCTTATGTTATTTAACCCCA,11,1754034
gyrAp,12.0,11,0,CCAATTTACATGATAGTTCC,11,1743575
gyrAp,12.0,11,0,CAAATTCCCTCCGGGCTACT,11,1751450
gyrAp,12.0,11,0,AATTCTGCCCGGCCTTACGG,11,1755216
gyrAp,11.0,10,0,TTTAAACTGTATGAATTAGA,10,1751628
gyrAp,11.0,10,0,TTCACGCGAGCCGGGCTCCT,10,1763092
gyrAp,11.0,10,0,TGCCTTAGGGGTGTTGATCG,10,1755784
gyrAp,11.0,10,0,TATAGGAGACTGATAGTCTA,10,1759866
gyrAp,11.0,10,0,GTCACAAAAGAACCACTGTG,10,1764589
gyrAp,11.0,10,0,GGAAGCAGGTACGGTGTCCT,10,1762150
gyrAp,11.0,10,0,GCGGGCTGATTGCGGTTCTC,10,1750058
gyrAp,11.0,10,0,CTGTAACAGATAGTAAGTCT,10,1752437
gyrAp,11.0,10,0,CTGAACGACGTCTAGATGCC,10,1749321
gyrAp,11.0,10,0,CTCGCTTTCTAATGGGGTGC,10,1756175
gyrAp,11.0,10,0,CGTTCGACTTTTATCGGTGT,10,1766840
gyrAp,11.0,10,0,CCGCGCATCAGAGACCGGTG,10,1762042
gyrAp,11.0,10,0,CAGGGAGAGAGGGAATTTAA,10,1764629
gyrAp,11.0,10,0,CAAATATTATGAATCGCCCA,10,1749913
gyrAp,11.0,10,0,ATAGTGTGAGCATATAGTGT,10,1756071
gyrAp,11.0,10,0,AGTAATCTAATCAAATCTTC,10,1746632
gyrAp,11.0,10,0,ACTCTACGACGGTTGCGCCG,10,1758295
gyrAp,11.0,10,0,AAGCCTCGGAAATTCAGGGT,10,1743673
gyrAp,10.0,9,0,TCCGGCGAAAATTAAAAGGT,9,1768539
gyrAp,10.0,9,0,TACTCTCCCCATTTCTCAGT,9,1764818
gyrAp,10.0,9,0,GTCCAAATTACTTGCGGGCT,9,1746626
gyrAp,10.0,9,0,CTCATACTCAGTTTGCTCAA,9,1743064
gyrAp,10.0,9,0,CGCAGGCGCAGGGTGGTTAG,9,1764894
gyrAp,10.0,9,0,CGATACCCGTTGCGCTGGCT,9,1742109
gyrAp,10.0,9,0,AGTGGATGGTTATGTACGTT,9,1762815
gyrAp,10.0,9,0,AGGTCCTCACAAGGTATTCC,9,1749948
gyrAp,10.0,9,0,ACCCAATGAAGTCCGTGGTT,9,1758559
gyrAp,9.0,8,0,TTCAAACGGCGGTTATGGGT,8,1746770
gyrAp,9.0,8,0,TAATAGATTGTCAGACAACC,8,1766550
gyrAp,9.0,8,0,GTCAGGCATTTCCGGTATAA,8,1770682
gyrAp,9.0,8,0,GAAGCGTTGGTTTGAAATTC,8,1759484
gyrAp,9.0,8,0,CTTTTGACGTCGGCGTTGGG,8,1742658
gyrAp,9.0,8,0,CGTATCCAAGGATACATCTA,8,1768502
gyrAp,9.0,8,0,CGGCCCAGTTAATGGATGCA,8,1766803
gyrAp,9.0,8,0,CCGCGTCGGCCTGTACTCAT,8,1761262
gyrAp,9.0,8,0,ATTTCGCGCCAACTAATGCA,8,1763180
gyrAp,9.0,8,0,ATGTGTTCAGTCTGTGGATA,8,1760894
gyrAp,9.0,8,0,AGGTGCGTCCAAGGCTTGTT,8,1750861
gyrAp,8.0,7,0,TTAGAAATGCTTTTCGCCTA,7,1757834
gyrAp,8.0,7,0,TGGGACATACCGCTTAACGA,7,1747321
gyrAp,8.0,7,0,TGCAAAAAGTCCGATACAAT,7,1756333
gyrAp,8.0,7,0,TAGGCACACATATCTTGGCC,7,1753890
gyrAp,8.0,7,0,GTCTGCGTAATGCTCACTGG,7,1743735
gyrAp,8.0,7,0,GGTTGAACACGCGCCACACC,7,1764419
gyrAp,8.0,7,0,GCCTCCCCCAATTTGGGATC,7,1754472
gyrAp,8.0,7,0,CCTGGAGTCATCCTTCTTGG,7,1761195
gyrAp,8.0,7,0,ATGGACGCATTCTCCTAATT,7,1746256
gyrAp,8.0,7,0,ATACGAAGCAAAACCGACTC,7,1762751
gyrAp,8.0,7,0,AGTTATCCTAAAGGGTGCGT,7,1767965
gyrAp,8.0,7,0,ACTCACATGGCAATTTTCCC,7,1744219
gyrAp,8.0,7,0,ACGAGAGCAGTCCGTCAGGC,7,1765962
gyrAp,8.0,7,0,ACAGTGTCAGGAAGCTCAGT,7,1747775
gyrAp,8.0,7,0,AATAGGCGTATCCGCGCAAT,7,1763022
gyrAp,7.0,6,0,TTTTAGTGCCTCTTCCGTAT,6,1761916
gyrAp,7.0,6,0,GGGCTGAATGCAAGTCCGAA,6,1744921
gyrAp,7.0,6,0,GATTGCAATTAGCTCGCATA,6,1757957
gyrAp,7.0,6,0,CTACATATCGTAGTGGAAGG,6,1757631
gyrAp,7.0,6,0,CGGTCCTCCGCTCCGCCTGA,6,1751906
gyrAp,7.0,6,0,CCTCGGTGATTCTACGACAA,6,1754852
gyrAp,7.0,6,0,CACTCTGGGCAACCACTCAT,6,1766699
gyrAp,7.0,6,0,CAAGATTAGCCGCCATATCT,6,1754084
gyrAp,7.0,6,0,AATTAAGGTACTCATTATAA,6,1760544
gyrAp,7.0,6,0,AATAGACGACGTTCGTAAAG,6,1764405
gyrAp,6.0,5,0,GGTCAGGCGACTTGAATTGT,5,1768558
gyrAp,6.0,5,0,GCTGGAACAGTCTATTGACA,5,1767934
gyrAp,6.0,5,0,CTGCACACGGTCTGCGACGG,5,1767509
gyrAp,6.0,5,0,CTGATGTAAACGGACAAACT,5,1759522
gyrAp,6.0,5,0,CTACGATGTGTTTGAAGCTC,5,1757735
gyrAp,6.0,5,0,CGGCTGCCTGGCAGCGTGGA,5,1759771
gyrAp,6.0,5,0,CGACGAGAATACACGGGGTA,5,1756385
gyrAp,6.0,5,0,CCACAATCATGTCAATCACT,5,1743745
gyrAp,6.0,5,0,CCAATGGCGTTCCTCTCTCC,5,1757174
gyrAp,5.0,4,0,TTTAGGACGAACCTATAGGG,4,1752293
gyrAp,5.0,4,0,TGACCCTGCCTGTCTGGAAG,4,1750693
gyrAp,5.0,4,0,TCCGATAGTATCGGCAGGGC,4,1760720
gyrAp,5.0,4,0,TATGAGTACGTGCGTGCTAT,4,1764201
gyrAp,5.0,4,0,GGGTCCAACTTATCTATAAG,4,1754036
gyrAp,5.0,4,0,GGCTAAATAAGGCTTCGAGC,4,1753970
gyrAp,5.0,4,0,GCTCACCTTCTAGGGCTTAG,4,1743246
gyrAp,5.0,4,0,GACTCGGCCCTTTACGTAAG,4,1742180
gyrAp,5.0,4,0,CTGATAATGGACTGAACAGT,4,1767735
gyrAp,5.0,4,0,CTCAACGAGGTATCGAATCA,4,1741525
gyrAp,5.0,4,0,ATCGCCTCTGGGTTCGACAA,4,1753755
gyrAp,5.0,4,0,AATCTAGGGCGGTTAAGTTG,4,1769107
gyrAp,5.0,4,0,AAGATTGAGTGTTCACAGCG,4,1747252
gyrAp,5.0,4,0,AACGGATGTTGGTGGTGACT,4,1747587
gyrAp,4.0,3,0,TTTATCACATTATATTAGTT,3,1745946
gyrAp,4.0,3,0,TTCGTCGTTTTATGAAGCAT,3,1753178
gyrAp,4.0,3,0,TCAACATTCACATTCCAGTC,3,1769654
gyrAp,4.0,3,0,GCGTTAATGGATATTACACC,3,1759339
gyrAp,4.0,3,0,GACTTCGACTCTCACGCAGG,3,1749599
gyrAp,4.0,3,0,GAAAGTTCCTTTATCAGTTC,3,1768185
gyrAp,4.0,3,0,CTTCTTGGGATTCTGTGTGT,3,1754673
gyrAp,4.0,3,0,CTACTAATAGTCAACTTTAA,3,1767810
gyrAp,4.0,3,0,CATCAAGACGCGAACCTCTG,3,1748939
gyrAp,4.0,3,0,ACGATTCTTTGATCACGCCA,3,1744054
gyrAp,4.0,3,0,ACAAATGAATATCTATCCTA,3,1752101
gyrAp,3.0,2,0,TCATGGTTTTTTAAAATAAA,2,1759293
gyrAp,3.0,2,0,TCAAATGGAATGGCCACGTT,2,1758291
gyrAp,3.0,2,0,GTCAACATTTTTGTCACCTC,2,1750658
gyrAp,3.0,2,0,GGACATTAACAACAACCGGT,2,1751597
gyrAp,3.0,2,0,GCTTGAGATTGATGGTTGTC,2,1748456
gyrAp,3.0,2,0,GCAAGAACGTTGCCCTTCCT,2,1761258
gyrAp,3.0,2,0,GAGGAAGGCGTACGCAATCG,2,1747777
gyrAp,3.0,2,0,CCTCCACAGGCATCAGCAGT,2,1747851
gyrAp,3.0,2,0,ATTATTGTTGCCCCGCTTTT,2,1743896
gyrAp,3.0,2,0,ATGTTAAACACATTTTCTGA,2,1759599
gyrAp,3.0,2,0,ATCACGGTTGCGGAATACCC,2,1757937
gyrAp,3.0,2,0,ATAGTGGCTGCTTATGTTCA,2,1766234
gyrAp,3.0,2,0,AGGCATACATGACAGGCTCA,2,1757483
gyrAp,3.0,2,0,AATTCCAAGACTTTTCGGGT,2,1748952
gyrAp,3.0,2,0,AAGCACATTCTAAAGGTGAT,2,1756451
gyrAp,3.0,2,0,AACCGTACCCTTACAGTATC,2,1760596
gyrAp,2.0,1,0,TTCAAACCCAGGTGGTCGAT,1,1754470
gyrAp,2.0,1,0,TCTCTCCCTGGAATTTCTTA,1,1757041
gyrAp,2.0,1,0,TCGATTTCTATTTCGAAAGA,1,1755221
gyrAp,2.0,1,0,TATGATTATCCTTGCACGCT,1,1750682
gyrAp,2.0,1,0,GTTTTTCATGTCGGGTTATC,1,1743923
gyrAp,2.0,1,0,GTGATTTCGTATTTGCCTCT,1,1770333
gyrAp,2.0,1,0,GGTGTCCCCCAAACCATCAA,1,1762472
gyrAp,2.0,1,0,GGCCATTCGAGGTATCCGGA,1,1747662
gyrAp,2.0,1,0,GCAATCCGCGATCTATTCAA,1,1743979
gyrAp,2.0,1,0,CTGTGAGGAACAGGCCATGC,1,1754121
gyrAp,2.0,1,0,CTCGCTATATGGGGTAAATC,1,1745025
gyrAp,2.0,1,0,CTACCTGGATAGTTGATGTC,1,1744150
gyrAp,2.0,1,0,CGTGTGCAGCACAGGATAAG,1,1742046
gyrAp,2.0,1,0,CGTCGGTGACTGGTTCGGGG,1,1754976
gyrAp,2.0,1,0,CCGATTCTTTGGGAGCAGGA,1,1770612
gyrAp,2.0,1,0,CACAACGTTATCGATGGACT,1,1762857
gyrAp,2.0,1,0,ATGTACATGGTCACCAGGTG,1,1746272
gyrAp,2.0,1,0,ATGGCAGAAACATCACGCCT,1,1742504
gyrAp,2.0,1,0,ATATGCGATCACCCGTGCCA,1,1761919
gyrAp,2.0,1,0,ATACCCACCAGACGCTTACT,1,1746387
gyrAp,2.0,1,0,AGCAGTGACGGCGAGGGCGA,1,1752783
gyrAp,2.0,1,0,AGAGCCAAACACCGCGATGG,1,1762590
gyrAp,2.0,1,0,ACCGATTTCGTCCATTGTGT,1,1754476
gyrAp,2.0,1,0,ACCCTTGCGGTAAGCCTTTT,1,1743589
gyrAp,2.0,1,0,ACACGAAGACAATTGGGCGT,1,1760357
gyrAp,2.0,1,0,AAGCCCTCGATTCGAGTCCT,1,1741984
gyrAp,2.0,1,0,AAATATCAGGGTTTTCGACT,1,1759141
gyrAp,2.0,1,0,AAAATCGAGACAGGGCGTCC,1,1745756
