name,relative_counts,ct,ct_0,barcode,ct_1,barcode_ind
xdhAp1,2.9308855291576674,1818,462,AGGGGCAGCGGCTCATCTAA,1356,3934780
xdhAp1,1.46875,77,31,AGAGCCGGAAGGATCATCAC,46,3980897
xdhAp1,1.736842105263158,50,18,AACCGGATAAACCGTCAAAA,32,3947597
xdhAp1,1.2222222222222223,38,17,AAAGCTCCACGTTGCGATCA,21,3937430
xdhAp1,1.9230769230769231,36,12,GTCGAGCCTTTTGTAAAAGT,24,3967351
xdhAp1,1.8333333333333333,32,11,GTGGTCGATTATCATACGGT,21,3961098
xdhAp1,0.4166666666666667,15,11,CCCTTCGGCTTGCCACCCAA,4,3973255
xdhAp1,2.6666666666666665,31,8,GCGACGTCGGCAGATACCGG,23,3936516
xdhAp1,2.0,25,8,CGCTGTGTCTATATCGGGAA,17,3941533
xdhAp1,1.6666666666666667,22,8,CCATTGCAGAGAGGCGGAAC,14,3929139
xdhAp1,2.875,29,7,TGGGTGGACTATACCCAGTT,22,3951604
xdhAp1,2.5,26,7,CCGTATCCTGACCGCTCCTT,19,3929062
xdhAp1,1.375,17,7,AGCCTACCTTTATTAGCGCA,10,3941654
xdhAp1,2.75,28,7,AACGGAACGCGCCCGCATAT,21,3933570
xdhAp1,2.142857142857143,20,6,TGCAACACGGAATGGCTCTG,14,3967553
xdhAp1,4.285714285714286,35,6,GCCCATATAGGCCGCCGGAG,29,3935286
xdhAp1,1.0,12,6,CCACGGTATATGAGAGGAGA,6,3974877
xdhAp1,2.1666666666666665,17,5,TGCCACACCCGGACGGCTTC,12,3930756
xdhAp1,0.5,7,5,TAATGCACCGGTCGTGTCTA,2,3957410
xdhAp1,0.8333333333333334,9,5,GGACAGCTCGTAATTATTCG,4,3944022
xdhAp1,1.3333333333333333,12,5,GCGCCCCGGGTCCCGTTATA,7,3929076
xdhAp1,1.3333333333333333,12,5,CGTTATGTGCCAGGCATTAG,7,3965098
xdhAp1,2.4,15,4,GGCTAAAGTAACAATTTAGT,11,3930916
xdhAp1,3.8,22,4,GAGGAGGGTCGCCAATTGTA,18,3930116
xdhAp1,2.4,15,4,CTCCAAGCAAGTCTTAGATA,11,3929636
xdhAp1,7.4,40,4,CCTTGGGTCGCCCCATGTAT,36,3937619
xdhAp1,2.6,16,4,CCCCTACTATGTGATGCTAA,12,3946102
xdhAp1,0.6,6,4,CACTCTGCAAACCACCATAA,2,3976172
xdhAp1,3.6,21,4,AGCTTCTTAGCCCCACTCGT,17,3945444
xdhAp1,5.4,30,4,AGCTACTCGCTCATAGCATA,26,3930208
xdhAp1,6.4,35,4,ACTTACTCGGAAGCAAAAGC,31,3943345
xdhAp1,1.2,9,4,AAGGCCACCGGTCCATTCAT,5,3944365
xdhAp1,4.8,27,4,AACGTGCATAAGAGCTATGT,23,3934644
xdhAp1,6.75,29,3,TTTCAGGAAGTGCTTGAGTT,26,3933368
xdhAp1,0.5,4,3,TGGGATTTTATCCCGCGACA,1,3964233
xdhAp1,2.25,11,3,GTGCGGCACGAACCTATACA,8,3964406
xdhAp1,2.0,10,3,GGTTTCTCTACAGGTAAGTG,7,3976921
xdhAp1,3.75,17,3,GATGGCTGCGTTCTCGCCTG,14,3954962
xdhAp1,2.0,10,3,GAAAACGCTGGTCTTTTCAC,7,3942239
xdhAp1,9.5,40,3,CTCACTGACCGGTTCGTAGA,37,3943316
xdhAp1,2.5,12,3,CTAGTTCAAGCGTGTCGGTA,9,3939519
xdhAp1,3.75,17,3,CGGTGTTCACAGATGATTCA,14,3960488
xdhAp1,4.25,19,3,CGGGGTTCATACATTTCGTC,16,3948365
xdhAp1,4.0,18,3,CGATCTTCATGTTAAGCACT,15,3950002
xdhAp1,6.5,28,3,CCAGAGAGATATGCCAATGA,25,3969810
xdhAp1,1.5,8,3,CATGAAACTCAATAAATCTT,5,3931115
xdhAp1,0.5,4,3,CACGCACGTCGATCTACCAT,1,3944974
xdhAp1,9.0,38,3,CACAATGCGAAGCCTCGGAA,35,3980377
xdhAp1,2.75,13,3,CAATTGTTCGAGAGACCCAT,10,3974365
xdhAp1,7.25,31,3,ATATGTTGTCACATTTGGGT,28,3973357
xdhAp1,2.75,13,3,ACTGCCCGTATCGATCAGGC,10,3959987
xdhAp1,0.5,4,3,ACACCCGGTTGTTCCTCGTA,1,3931906
xdhAp1,5.0,22,3,AACGTTCCTGGGGCGGCGAG,19,3953241
xdhAp1,3.25,15,3,AACCGATACTCCGTCGCTCA,12,3973356
xdhAp1,0.6666666666666666,3,2,TTTGCTAGGTTTGTCTTGCG,1,3963482
xdhAp1,8.0,25,2,TTTGCGTTGGCGGCATTCGT,23,3966218
xdhAp1,2.0,7,2,TTGGAGTGCAGTGAAAGGTA,5,3968632
xdhAp1,3.6666666666666665,12,2,TTGAGTATAGGACCTATAGA,10,3962500
xdhAp1,2.0,7,2,TTCAGATTGTCCGAGTTTCG,5,3962137
xdhAp1,5.0,16,2,TTATATACGTGGCATAAGTA,14,3966052
xdhAp1,3.0,10,2,TTAACCGATCCACGGACAAT,8,3951743
xdhAp1,2.6666666666666665,9,2,TGGTGTAGACAATTATCCAG,7,3934646
xdhAp1,14.666666666666666,45,2,TGCCATGATCTTTGACGGCC,43,3962821
xdhAp1,7.0,22,2,TATGGAGTAGTACCAATATG,20,3934793
xdhAp1,1.0,4,2,TAGGTTACCATGGGCCGGGA,2,3935264
xdhAp1,0.6666666666666666,3,2,TACTAGATTTTATCAGTTGG,1,3940183
xdhAp1,2.6666666666666665,9,2,GTGGCAGCACAGATAGATGG,7,3944860
xdhAp1,3.6666666666666665,12,2,GTCCCACTCCGCAGAATGGT,10,3974330
xdhAp1,1.0,4,2,GTCACGGGTTTTCCAACATA,2,3940052
xdhAp1,0.6666666666666666,3,2,GTATCGGGTCGCCTGACTTC,1,3943992
xdhAp1,0.6666666666666666,3,2,GTACCATTCGCCTCTAATCA,1,3957615
xdhAp1,0.6666666666666666,3,2,GTAAAGGTCAGGCCTGCGGT,1,3969282
xdhAp1,1.0,4,2,GGTGAATGGATTCAAGCCAT,2,3967603
xdhAp1,8.666666666666666,27,2,GGCTATGAACAACATGGAAT,25,3955196
xdhAp1,0.6666666666666666,3,2,GGCCAGAGCTCATGACTGTC,1,3943954
xdhAp1,2.0,7,2,GGACGGCATCACGCAAACAT,5,3946638
xdhAp1,7.333333333333333,23,2,GCTTAGGTAAGTCACCGATG,21,3943924
xdhAp1,4.0,13,2,GCTAGGGACAACGGGGCCAA,11,3932501
xdhAp1,9.0,28,2,GCGGGTTTCCGGGTAACCTT,26,3964969
xdhAp1,3.6666666666666665,12,2,GCGCTTATGTCGTGCAGGCG,10,3977234
xdhAp1,2.0,7,2,GCGCACGCTTAAATACGCGA,5,3980102
xdhAp1,0.6666666666666666,3,2,GCCATGCTGTGTGTATAACT,1,3958365
xdhAp1,1.0,4,2,GATATGCAGTCAAGGCATCA,2,3969054
xdhAp1,5.333333333333333,17,2,GAGGACTGACGGTTTTCATA,15,3934261
xdhAp1,2.3333333333333335,8,2,GAATATCATCATTGGATGGC,6,3974376
xdhAp1,8.666666666666666,27,2,CTGCACCAGATCTCGCAAAT,25,3961726
xdhAp1,7.0,22,2,CTGAGGGACCGCCATTTAAT,20,3940175
xdhAp1,2.0,7,2,CGTTCGGGGAGTGCCACTGT,5,3936242
xdhAp1,3.0,10,2,CGTCCGTTACCGCAGTACCA,8,3946075
xdhAp1,3.3333333333333335,11,2,CGTAATTGGCTCCAGGCTAC,9,3967156
xdhAp1,6.666666666666667,21,2,CGAGTTAGTCGGATTAAATG,19,3965443
xdhAp1,4.333333333333333,14,2,CGAATATGAGTTACCCGGGT,12,3937622
xdhAp1,9.666666666666666,30,2,CGAAGCTATAATTAGGCTCT,28,3939533
xdhAp1,6.666666666666667,21,2,CCTCCCGCATCTGACCGGGA,19,3960648
xdhAp1,8.0,25,2,CCGACCACCTACGGCGAGAT,23,3978741
xdhAp1,5.333333333333333,17,2,CCCGGTTGTTTAACGCTAAA,15,3941640
xdhAp1,1.0,4,2,CCAGAGGCACATATGTGTGC,2,3970214
xdhAp1,9.0,28,2,CCACTGTGGCTGTTCTCGTA,26,3944824
xdhAp1,16.666666666666668,51,2,CCACATCAGCCACCATTCCT,49,3966809
xdhAp1,2.0,7,2,CATTTGCCTGGTAGTACGTT,5,3958676
xdhAp1,0.6666666666666666,3,2,CATTGTACCGCGGCTGTCCA,1,3933035
xdhAp1,0.6666666666666666,3,2,ATTGAACTTAATATTAAGGG,1,3933301
xdhAp1,1.0,4,2,ATGATGTATAACATTGTACA,2,3947669
xdhAp1,11.0,34,2,ATCTTAAACCTCATGCCTGA,32,3975706
xdhAp1,4.0,13,2,ATCAGGGGAGGCTTGCCATA,11,3949029
xdhAp1,1.0,4,2,ATAATATCCGGATATTTTGT,2,3947469
xdhAp1,1.0,4,2,AGTTATTACCCTTGGATCGG,2,3954630
xdhAp1,1.6666666666666667,6,2,AGTCTTTAGGGTTTTGCGCA,4,3943541
xdhAp1,8.333333333333334,26,2,AGTCAGTACAATACAATCAA,24,3956464
xdhAp1,2.0,7,2,AGGCTCTCAAGCGTTGTGTC,5,3951323
xdhAp1,0.6666666666666666,3,2,AGCGGTAGAATACATCACAG,1,3940291
xdhAp1,2.0,7,2,AGCCGACAATGCTCCCATGT,5,3951739
xdhAp1,11.0,34,2,AGCATTACGGATAAGTGCCC,32,3957823
xdhAp1,1.3333333333333333,5,2,AGCACTCAGAAGAGTTGACC,3,3939857
xdhAp1,5.333333333333333,17,2,ACGTCGTCAAGAGAGGTAGC,15,3953482
xdhAp1,4.0,13,2,ACCGACATACACGATTTACT,11,3930666
xdhAp1,7.333333333333333,23,2,ACCAGTCAGCCTCTACGCTT,21,3931748
xdhAp1,3.3333333333333335,11,2,ACATTTCACGGCGGTACCAC,9,3948596
xdhAp1,10.333333333333334,32,2,AATGCTGGACTGCTGGCAGA,30,3946832
xdhAp1,1.3333333333333333,5,2,AATCCGTGAATTCTCCGAGT,3,3952549
xdhAp1,12.0,37,2,AAGCGTTCTTCTCCTCCAAA,35,3951023
xdhAp1,2.3333333333333335,8,2,AAGCACGTGAAGTTCAGAGT,6,3935177
xdhAp1,6.666666666666667,21,2,AACTTCCGCGCGTCAACTGA,19,3938504
xdhAp1,6.0,19,2,AACGCCTTCATACGCGCTAA,17,3963717
xdhAp1,9.333333333333334,29,2,AACATGTTCGGTCGGGACTA,27,3979089
xdhAp1,1.0,4,2,AAAGTAGGGGGGTTTCACGT,2,3972119
xdhAp1,11.0,22,1,TTTCCTAATCATGTGTAATA,21,3970563
xdhAp1,8.0,16,1,TTTCAAGACAAGTTGATTGA,15,3947099
xdhAp1,4.0,8,1,TTTATATGGTTTTAGCCAAG,7,3935780
xdhAp1,5.0,10,1,TTGTCCATATGCGTGGACCC,9,3974268
xdhAp1,1.5,3,1,TTGCGGAAATCCATTCGTTA,2,3961044
xdhAp1,3.5,7,1,TTGCCTATGAGGCACTACCA,6,3944763
xdhAp1,4.0,8,1,TTCTTGTTGACTTGCCCTCT,7,3956614
xdhAp1,13.0,26,1,TTCGTACGAACAGGCGCCGT,25,3947020
xdhAp1,1.0,2,1,TTCGGCGTCTCTACTATTAG,1,3932709
xdhAp1,17.5,35,1,TTCGGAGAACTTTCGGCCGG,34,3952214
xdhAp1,9.0,18,1,TTCCAGAAGGGCTCCGCCGT,17,3981256
xdhAp1,9.5,19,1,TTCATCCGCGCCATCGAAGC,18,3938118
xdhAp1,11.0,22,1,TTATCGTTGGTACGTTCCCC,21,3946431
xdhAp1,2.5,5,1,TTAACCGTCAGGATATCGAA,4,3963555
xdhAp1,12.5,25,1,TTAAAAAGGAATATACGCGT,24,3937487
xdhAp1,5.0,10,1,TGTTCTAATAGCGATAAATT,9,3941619
xdhAp1,10.0,20,1,TGTGTGTTCCGTCCTTTGAA,19,3931909
xdhAp1,9.5,19,1,TGTAGTGCATGGCCGGAATT,18,3970325
xdhAp1,10.0,20,1,TGGGTTAAGGCGTCCGACCT,19,3943759
xdhAp1,5.5,11,1,TGGGGATCGCTATCCTGCAG,10,3976294
xdhAp1,8.0,16,1,TGCTGCCGATTGGTGCGGTA,15,3928956
xdhAp1,5.5,11,1,TGCCAGCTGAGTAAGAACGT,10,3939931
xdhAp1,12.0,24,1,TGATAAGATCCGGGCCACCT,23,3957347
xdhAp1,14.5,29,1,TGAGGGCAAAATCGTGGCAT,28,3957342
xdhAp1,9.5,19,1,TGACCGCTGACTAACGTACG,18,3957810
xdhAp1,3.5,7,1,TGAAGCAATTTCATAGTCAG,6,3937755
xdhAp1,1.0,2,1,TCTGACATCGTTGGCAAAAT,1,3946415
xdhAp1,2.0,4,1,TCTAGCTGTAGGTCACTCTT,3,3960580
xdhAp1,9.0,18,1,TCCGGGACTAGCGATCGTAA,17,3951990
xdhAp1,14.5,29,1,TCCCGACATTGTACAACTTA,28,3970878
xdhAp1,1.5,3,1,TCATGCAGTAAGCGGAGTTT,2,3973443
xdhAp1,2.5,5,1,TCATCGAAAAGTCTCGTCGT,4,3929723
xdhAp1,1.0,2,1,TCAGCCCATTATTGTTTATA,1,3958774
xdhAp1,15.5,31,1,TATTCCATGCAGGCGGACTT,30,3963973
xdhAp1,4.5,9,1,TATAGTGTTTTCTAATCTTT,8,3953418
xdhAp1,11.5,23,1,TAGGCCGTATACAAGCCTCA,22,3933221
xdhAp1,16.5,33,1,TACGAGCTCGTCAAACATTG,32,3932859
xdhAp1,16.0,32,1,TAAGGATTGCCGGGGCTATT,31,3941332
xdhAp1,3.5,7,1,GTTTCCAAAAGGCAGTGACG,6,3981234
xdhAp1,5.5,11,1,GTTCCCTTTTCGGTGGCGGT,10,3932107
xdhAp1,4.5,9,1,GTTCATTAGGGCAAACGCAA,8,3947679
xdhAp1,13.5,27,1,GTGCGGAAGCGAGGTATCTA,26,3935837
xdhAp1,10.0,20,1,GTCGGTACACCGGTCTAGAT,19,3980397
xdhAp1,15.0,30,1,GTAAACTATTTGCCGTAATT,29,3931341
xdhAp1,1.5,3,1,GGTAAGCGACTTCCATACTC,2,3967654
xdhAp1,7.0,14,1,GGGTCACCAGGAGCGCTAAT,13,3961689
xdhAp1,6.0,12,1,GGCGTTTATCTCGGTGAATC,11,3970168
xdhAp1,8.0,16,1,GGCCTCTTAAAACTCGGAAG,15,3943689
xdhAp1,10.5,21,1,GGCCTAACACCTGCTGCTAT,20,3958507
xdhAp1,1.0,2,1,GGCCGCGGAAACTGTTTTAA,1,3966085
xdhAp1,7.5,15,1,GGCCAGGTGTGAATGGACAT,14,3971569
xdhAp1,1.5,3,1,GGATTAGGACGGACAGACTC,2,3980994
xdhAp1,6.0,12,1,GGAATTCGTACTTTTAGGCG,11,3950700
xdhAp1,6.0,12,1,GCTTGCTCGCTTAATGAATT,11,3934402
xdhAp1,5.5,11,1,GCTTCACAAGCTTCTCACCC,10,3932035
xdhAp1,3.0,6,1,GCTGGAACTTCTAGGTTAAA,5,3929557
xdhAp1,7.0,14,1,GCTCGACCGCTTGTGCAAAA,13,3957019
xdhAp1,3.0,6,1,GCTAAGTAATTCGCGAGACG,5,3948267
xdhAp1,5.5,11,1,GCGCACTAATTATGTATCGA,10,3959624
xdhAp1,2.0,4,1,GCCCCAGGGTTCTGGCAAGG,3,3973609
xdhAp1,5.0,10,1,GATCTCCGTGCCTAAGATCA,9,3938390
xdhAp1,3.5,7,1,GATCGGTAAGACACTGGCTT,6,3958745
xdhAp1,4.0,8,1,GATCCAGTAGCGTCTTTGTA,7,3981147
xdhAp1,10.5,21,1,GATCATCCCAGCAGTGCTTG,20,3966248
xdhAp1,7.0,14,1,GAGCCCAAAAGGGAGTTATG,13,3981289
xdhAp1,11.5,23,1,GAGCATAGCGTGCGGTTTCG,22,3981487
xdhAp1,3.5,7,1,GACGGTCGTCCCGCTGCGGA,6,3935841
xdhAp1,1.0,2,1,GACGCAACCATGTTCGCCAA,1,3951432
xdhAp1,3.0,6,1,GACCGGTAACGTAAGCCCCT,5,3951243
xdhAp1,7.0,14,1,GAAACCTTGGCAGACGCACA,13,3941914
xdhAp1,4.0,8,1,CTTGAGACAGAGTCGTCGAT,7,3959079
xdhAp1,2.5,5,1,CTTCTAGCTGAGCCATCCCA,4,3929642
xdhAp1,8.5,17,1,CTTAATGATTTAGGATTGCA,16,3980853
xdhAp1,11.5,23,1,CTGTTCTTCTGAACGGTAGG,22,3935742
xdhAp1,6.5,13,1,CTGTCGGACGACGGAGCTTT,12,3975505
xdhAp1,11.5,23,1,CTGAAATGCGAGGGACGCAG,22,3981448
xdhAp1,9.0,18,1,CTCTTGTGTGCTAGTCGTTG,17,3971307
xdhAp1,7.5,15,1,CTCTGCGGCGGCCAGGCAAA,14,3932863
xdhAp1,8.0,16,1,CTCTCTTACAAGCCCTGGAG,15,3945563
xdhAp1,8.5,17,1,CTATATACGTTCCGCCCTCC,16,3967813
xdhAp1,8.5,17,1,CTACGTTCGCCTAGGACAAG,16,3940732
xdhAp1,3.0,6,1,CTAAAGAACAGGAAAGAGAT,5,3966062
xdhAp1,8.5,17,1,CTAAACATTGAATGCCTAAC,16,3980692
xdhAp1,4.5,9,1,CGTTAGGGTGCATCTTAATG,8,3959740
xdhAp1,12.5,25,1,CGTGAGATCACTCCCAGTGA,24,3938658
xdhAp1,3.0,6,1,CGGGATGGCAAGGGGCCATT,5,3949528
xdhAp1,3.5,7,1,CGGCTCGTCAATACTCGTAA,6,3951680
xdhAp1,2.5,5,1,CGCCCAGTGAATTCGTTATT,4,3936028
xdhAp1,7.0,14,1,CGAGGTAATAAAAAGGTGTA,13,3940117
xdhAp1,9.5,19,1,CGAGGCTCCATGGAGTCCCA,18,3958067
xdhAp1,6.0,12,1,CGAGCTGTTGAACTTGTCAA,11,3980225
xdhAp1,13.0,26,1,CGAGACATCCCAGCCGTATC,25,3935533
xdhAp1,5.5,11,1,CGACATGCACTCACACTGGA,10,3979804
xdhAp1,9.0,18,1,CCTGGCTGGTCTTCGTAAGG,17,3933568
xdhAp1,5.0,10,1,CCTCCAAGGGTTTCTGGGCA,9,3976388
xdhAp1,3.5,7,1,CCGGGTAAGAGTGCCAGACT,6,3936763
xdhAp1,9.5,19,1,CCCATAGGAAGCATGCTGGC,18,3943432
xdhAp1,2.0,4,1,CCAGCGTTTTGAGGTGGGCA,3,3963230
xdhAp1,6.0,12,1,CCACTGTACAAATATACAAA,11,3963581
xdhAp1,6.5,13,1,CCACGTACTTCTCAGTCAAA,12,3966792
xdhAp1,11.0,22,1,CCACACGGTTACGGGTTGAA,21,3981116
xdhAp1,3.5,7,1,CATCTTTCCCCCAAAAATCA,6,3935179
xdhAp1,8.5,17,1,CATCGGAAAGGGAAAGCTAT,16,3948568
xdhAp1,1.5,3,1,CATCCGTCAACATATGAAGA,2,3936470
xdhAp1,7.5,15,1,CATACAAACGTAGATGTAAT,14,3948841
xdhAp1,1.0,2,1,CAGGGCTTCCCACAATTAAA,1,3935502
xdhAp1,5.5,11,1,CAGCAAGGGGTTAAAATACT,10,3963656
xdhAp1,1.0,2,1,CAGACCTGCAGCCACTCCTT,1,3975232
xdhAp1,5.5,11,1,CACGAAATAGTACGAGGTAG,10,3930539
xdhAp1,11.0,22,1,CACAAAACTGTCGTACATTT,21,3950291
xdhAp1,21.5,43,1,CACAAAAATTTCCGTCCCTG,42,3930212
xdhAp1,12.0,24,1,CAACAAGGCATCCCTATACT,23,3953519
xdhAp1,5.5,11,1,CAAAGCGGGTTATAGCCGAT,10,3972547
xdhAp1,2.5,5,1,ATTTACCGACGTATTGACTA,4,3973401
xdhAp1,32.5,65,1,ATGTCCTACCATCTGTCTCA,64,3968798
xdhAp1,1.0,2,1,ATGCCTGCAAAGCGTTTCCT,1,3966217
xdhAp1,13.0,26,1,ATGACGAAACAGTGAGGACT,25,3930546
xdhAp1,6.0,12,1,ATCTCACCCGGCAAGGTGCT,11,3975890
xdhAp1,3.0,6,1,ATCGGGCAGAACAGGGATGT,5,3935692
xdhAp1,11.5,23,1,AGTGTGTTTAGGAGCTACAG,22,3958107
xdhAp1,1.0,2,1,AGTCGGACCTAAATATCTGC,1,3948763
xdhAp1,3.5,7,1,AGGGCACTCAGCTCCTAACT,6,3953108
xdhAp1,4.5,9,1,AGCTAGTACCTATTGCCCTC,8,3974671
xdhAp1,1.0,2,1,AGAGCGGTGCTTTTCGCCTG,1,3931500
xdhAp1,11.0,22,1,AGAGAGTGCCGTCGTTAGCA,21,3959704
xdhAp1,18.0,36,1,AGACTGGGTGCCCCGCAAGT,35,3953682
xdhAp1,8.0,16,1,ACTTCACTTGTTCGCTTGGG,15,3981240
xdhAp1,11.0,22,1,ACTGGCTTGATGGAGTCGGT,21,3972456
xdhAp1,5.5,11,1,ACGCAGTCGGTTTGCATAGG,10,3973455
xdhAp1,5.0,10,1,ACGAGTACTAAAGTAGGAAT,9,3965751
xdhAp1,6.0,12,1,ACCTCCAGTTGCAATGCTTA,11,3947255
xdhAp1,11.5,23,1,ACCGGACCAGATGCACGCGG,22,3947706
xdhAp1,15.5,31,1,ACATGCGGGCTGACAACAAT,30,3966036
xdhAp1,4.0,8,1,ACATAGGTCCCTTTGGAAGC,7,3967726
xdhAp1,5.5,11,1,AATCAGCCATGTTTGCCGTC,10,3952033
xdhAp1,4.0,8,1,AAGTTGGGCCTGAAATGAAC,7,3952762
xdhAp1,9.5,19,1,AAGGTCCTTGGGTCGTCGCT,18,3965697
xdhAp1,1.0,2,1,AAGGAGCAAGCTAAGGTTTT,1,3956402
xdhAp1,5.0,10,1,AAGCTGCTATCGTAAAGCTT,9,3939115
xdhAp1,7.5,15,1,AAGCACTCCTAGGGCATGAG,14,3947323
xdhAp1,7.5,15,1,AAAGGCAAACAGTGAATATC,14,3935176
xdhAp1,8.0,16,1,AAACGATGGACAACGCGACT,15,3948091
xdhAp1,12.0,24,1,AAACCGGTAATCGAACGGAT,23,3945088
xdhAp1,0.1,9,9,GCGTTCGCCGGCCATCGGCA,0,3960984
xdhAp1,0.1,9,9,ACGACCCACGACAACATTAA,0,3940621
xdhAp1,0.1,9,9,AAGCGGGTGTATCTAGACAT,0,3961982
xdhAp1,0.1111111111111111,8,8,TCAGTAGAGTCTAAGTAAGA,0,3944859
xdhAp1,0.125,7,7,TAGAGGGCTTATCTCATACG,0,3957462
xdhAp1,0.125,7,7,TACGGTTCGCTGAGGCGCCA,0,3933739
xdhAp1,0.125,7,7,GTTCCAAGTGACCTGTCTCA,0,3943626
xdhAp1,0.125,7,7,GTGAAGGTAATATCGGCATG,0,3947782
xdhAp1,0.125,7,7,GCTCTCACTTGTGGGAGACG,0,3936097
xdhAp1,0.125,7,7,CTGACACGTGGATCAGAATT,0,3940051
xdhAp1,0.125,7,7,CTCGGGGTTCTCCCTTGCAA,0,3930560
xdhAp1,0.125,7,7,AGTCAGCAGATTTCCGTTGC,0,3976451
xdhAp1,0.14285714285714285,6,6,TGGGTCAGGGACTGTTTTAT,0,3945749
xdhAp1,0.14285714285714285,6,6,TCTGCTTCAAAACGCTGGCA,0,3975264
xdhAp1,0.14285714285714285,6,6,TAGCAGGCGTATGCCGCGGT,0,3950502
xdhAp1,0.14285714285714285,6,6,TAGATGAGGTTCAACGACTG,0,3929012
xdhAp1,0.14285714285714285,6,6,GGCTGATCCGCTCAATGGTG,0,3951794
xdhAp1,0.14285714285714285,6,6,CCTCCAACTTCTACATGAGC,0,3965799
xdhAp1,0.14285714285714285,6,6,CAACGGCCCCGTATCCCCAT,0,3962466
xdhAp1,0.16666666666666666,5,5,TTGTTTACGTTGAACATTGT,0,3956869
xdhAp1,0.16666666666666666,5,5,TTCACGGTTAGGAGTTCATC,0,3966491
xdhAp1,0.16666666666666666,5,5,TTATTGAAGGAGCATATCGA,0,3955545
xdhAp1,0.16666666666666666,5,5,TGTCATTTAGACTTATCTTC,0,3935346
xdhAp1,0.16666666666666666,5,5,TCCCTGTGCTCGGCCCTGGG,0,3937364
xdhAp1,0.16666666666666666,5,5,TCCAAAGAAGGGTTTGCGCC,0,3974288
xdhAp1,0.16666666666666666,5,5,GTTGTAAGTGCTCTGGCACG,0,3948933
xdhAp1,0.16666666666666666,5,5,GTTCATCGGGTGTTCGTCCC,0,3945350
xdhAp1,0.16666666666666666,5,5,GTCATCATGGCCAAGCCCTA,0,3933561
xdhAp1,0.16666666666666666,5,5,GTAGCGGAGGACAATAGGAT,0,3929947
xdhAp1,0.16666666666666666,5,5,GGTAGCAAGTCCCGGCGGAT,0,3929435
xdhAp1,0.16666666666666666,5,5,GGCTAAAACCCCGGCGGGTA,0,3977335
xdhAp1,0.16666666666666666,5,5,GGATGACAGTCGAGAGTTAG,0,3973592
xdhAp1,0.16666666666666666,5,5,GCAGGGTGCAGTAGGAGCGT,0,3930061
xdhAp1,0.16666666666666666,5,5,GATCCTAACATTAGTGGAAG,0,3972177
xdhAp1,0.16666666666666666,5,5,CTCCGAGGCCATCACCGCGA,0,3952942
xdhAp1,0.16666666666666666,5,5,CGTCGGAGGTGAAAACGATA,0,3944223
xdhAp1,0.16666666666666666,5,5,CGAAGCAATGCCGGTCGCCT,0,3934989
xdhAp1,0.16666666666666666,5,5,CCATGGTCTCGACAACATTG,0,3936300
xdhAp1,0.16666666666666666,5,5,CATATCCGTGCAGATAACAG,0,3945926
xdhAp1,0.16666666666666666,5,5,CAGCAAAGGCCACGAGCATC,0,3945293
xdhAp1,0.16666666666666666,5,5,CAATGGTACAATTGGTCGCT,0,3943751
xdhAp1,0.16666666666666666,5,5,CAATCGTAAGTATATCCCAG,0,3938657
xdhAp1,0.16666666666666666,5,5,CAACTCTGCAATAGATCCAA,0,3948236
xdhAp1,0.16666666666666666,5,5,ATTTGCGGGCGTTCCTTCAA,0,3948024
xdhAp1,0.16666666666666666,5,5,ATTGTGAGTCAACAACGGGT,0,3981480
xdhAp1,0.16666666666666666,5,5,ATTCCAGCGTTACGGGGAGA,0,3950990
xdhAp1,0.16666666666666666,5,5,ATGCTCACAATATCGTACAT,0,3953327
xdhAp1,0.16666666666666666,5,5,ATCGCGACAATACGCGCAGT,0,3949655
xdhAp1,0.16666666666666666,5,5,AGTTGCTTAAAGGAAATAGG,0,3955685
xdhAp1,0.16666666666666666,5,5,ACCTTGTGCAACCGCGGGGG,0,3958108
xdhAp1,0.16666666666666666,5,5,ACACATAGAACGGTCACCAG,0,3942597
xdhAp1,0.16666666666666666,5,5,AAGGGAGGGTTCCGGGGTCT,0,3944620
xdhAp1,0.16666666666666666,5,5,AAAGACTTTTCGCCCTGCTC,0,3952661
xdhAp1,0.16666666666666666,5,5,AAAGAAAGTCCTCTATATTA,0,3953412
xdhAp1,0.2,4,4,TTTGTTTGCGGATTCAGTAG,0,3953367
xdhAp1,0.2,4,4,TGTCTATCTTACAACGCCGC,0,3964446
xdhAp1,0.2,4,4,TGTCCGAGCATAGCGTCATG,0,3981482
xdhAp1,0.2,4,4,TGGTATATCCTCCAGGAGAT,0,3939108
xdhAp1,0.2,4,4,TGGGCTTCGAAGCCACGAAA,0,3964954
xdhAp1,0.2,4,4,TGGCTAAAACGGTCCTACTT,0,3970196
xdhAp1,0.2,4,4,TGGCACCCCGGCATTACACG,0,3951939
xdhAp1,0.2,4,4,TGGAATATCACCGTGGCGAG,0,3929952
xdhAp1,0.2,4,4,TGATAGGATTACACTGTCCA,0,3981497
xdhAp1,0.2,4,4,TGACTCTACACAAGTTGATA,0,3948848
xdhAp1,0.2,4,4,TCTCTAGATCTTGCCCACCT,0,3946500
xdhAp1,0.2,4,4,TCGACATCTCGGGCACTTTT,0,3953416
xdhAp1,0.2,4,4,TCGAAGAGTTGGTACTCTCC,0,3960978
xdhAp1,0.2,4,4,TCCACCCTTCCCATGTAATG,0,3962675
xdhAp1,0.2,4,4,TATTCGCTTGGATAGCAGGA,0,3959874
xdhAp1,0.2,4,4,TAACAGGGTAAGTAGTCATC,0,3942073
xdhAp1,0.2,4,4,GTTGTTAGAGATCCGGGCCG,0,3937675
xdhAp1,0.2,4,4,GTTCTTTGAAAACAGGCTTC,0,3935991
xdhAp1,0.2,4,4,GTGTTTTATTCAGAGAAAGT,0,3969171
xdhAp1,0.2,4,4,GTGTGTTATTGGCGCAAAGC,0,3981004
xdhAp1,0.2,4,4,GTGGCTGTCTGAAATGAAGA,0,3958963
xdhAp1,0.2,4,4,GTGCAATCCGTCTATATATT,0,3952708
xdhAp1,0.2,4,4,GGGACAACCTAGAAGTGTCG,0,3937561
xdhAp1,0.2,4,4,GGCTGGCGAAGCGTTAGTCC,0,3955948
xdhAp1,0.2,4,4,GCGGGCCGTAGACGTCAATG,0,3957591
xdhAp1,0.2,4,4,GCGGAAATGAATGCGTGACT,0,3946945
xdhAp1,0.2,4,4,GCGAGCGATATAATCTCAGG,0,3952280
xdhAp1,0.2,4,4,GCCCGACCATTTACCACCGT,0,3932000
xdhAp1,0.2,4,4,GCAGCCTGGCTTTGGCTAAG,0,3937397
xdhAp1,0.2,4,4,GCACTGGACTACAGTCCGGG,0,3971070
xdhAp1,0.2,4,4,GCACCAAAGTCTACTGCTCA,0,3951550
xdhAp1,0.2,4,4,GATGTCGTCAATAAGTGTTC,0,3930294
xdhAp1,0.2,4,4,GACGATATGACAACCTCAGT,0,3956706
xdhAp1,0.2,4,4,GACCGCTTGTTGCTTGTCGT,0,3953051
xdhAp1,0.2,4,4,CTTGAAAGCTTCTCGATTCT,0,3944127
xdhAp1,0.2,4,4,CTGGAAGCGCGAGCTGGAAC,0,3966602
xdhAp1,0.2,4,4,CGTGGCGCCACGTTAGAGGG,0,3935389
xdhAp1,0.2,4,4,CGCTTACGCACGAGGTTGCG,0,3931903
xdhAp1,0.2,4,4,CCTCGCTCGGGATGGCCACA,0,3978549
xdhAp1,0.2,4,4,CCGCACAGCTTTCGTCCCCC,0,3941521
xdhAp1,0.2,4,4,CCCTCCTTTGTTGACTGCCG,0,3936026
xdhAp1,0.2,4,4,CCCGTGAGTCCTACTATTTG,0,3965033
xdhAp1,0.2,4,4,CATTGCTCTCCGGGACAGGA,0,3944917
xdhAp1,0.2,4,4,CATGTGGCCCCCTCGAGGGT,0,3934035
xdhAp1,0.2,4,4,CATACTACTGCACATACCAT,0,3954175
xdhAp1,0.2,4,4,CAGGGTCAAGAGGGTAGGAA,0,3930467
xdhAp1,0.2,4,4,CACGCTGGGGGTGAAGTAAA,0,3957198
xdhAp1,0.2,4,4,CACGACTCCAGTAGTTTGTT,0,3951678
xdhAp1,0.2,4,4,CACCCAGATAGGGTTTTTTA,0,3945128
xdhAp1,0.2,4,4,CAATTCTGCCGCGTACTTCA,0,3980587
xdhAp1,0.2,4,4,CAAACGCAACACCCGGTCCC,0,3971220
xdhAp1,0.2,4,4,ATCTAACCAGTGTAACCTTG,0,3935348
xdhAp1,0.2,4,4,ATCCATCGACTGGTGTCCGC,0,3929104
xdhAp1,0.2,4,4,ATACAAAAATGGGTCCTGGT,0,3966926
xdhAp1,0.2,4,4,ATAATTATTTCGCATGTCTC,0,3968807
xdhAp1,0.2,4,4,AGTTTCTCTTCGCGCTTGTT,0,3967999
xdhAp1,0.2,4,4,AGGTAATTCTGGACCCGCAG,0,3955241
xdhAp1,0.2,4,4,AGGAAAGGCCTGGTCAATCG,0,3956034
xdhAp1,0.2,4,4,AGCGTATTAGACGAAAAGTA,0,3956469
xdhAp1,0.2,4,4,AGCCTTCATCTGGGTTCTGT,0,3946665
xdhAp1,0.2,4,4,AGCATGTTCGATAAAAGTTG,0,3932700
xdhAp1,0.2,4,4,ACTCTGGCAGTGAAAATCCT,0,3979066
xdhAp1,0.2,4,4,ACTATGTCTCTGCCTCTCAT,0,3929146
xdhAp1,0.2,4,4,ACTATCATCGTTCTATGCAT,0,3978818
xdhAp1,0.2,4,4,ACGTACCCGCAAGGTAGACT,0,3945489
xdhAp1,0.2,4,4,ACCGACCCGCTTAGTGAATT,0,3940683
xdhAp1,0.2,4,4,ACAGGAACCCACGTGCGTCT,0,3957278
xdhAp1,0.2,4,4,ACAGCCTCCTCGCGTTAGAC,0,3945751
xdhAp1,0.2,4,4,ACACAACGATAGTCTCGAAC,0,3975691
xdhAp1,0.2,4,4,AATTGTTCAAGCGGGCCATT,0,3948508
xdhAp1,0.2,4,4,AATCCAGATCTTATGGCACA,0,3977515
xdhAp1,0.2,4,4,AACTCGATCCATGGGTGAGT,0,3965882
xdhAp1,0.2,4,4,AACTATGTCAATGCTCAGTC,0,3941442
xdhAp1,0.25,3,3,TTTGGTTCGTATAAGACTGG,0,3938184
xdhAp1,0.25,3,3,TTTCTGAAGTCCATCGGAAC,0,3946056
xdhAp1,0.25,3,3,TTTCATATTTTCCCGTTACC,0,3969870
xdhAp1,0.25,3,3,TTGTCAGGCTGGATAAGGAA,0,3956490
xdhAp1,0.25,3,3,TTGGTACTTGTCTATCCCTG,0,3935971
xdhAp1,0.25,3,3,TTGGAAATCGGATGGTCACT,0,3962047
xdhAp1,0.25,3,3,TTGACCGGGCACTCAAGGAG,0,3931180
xdhAp1,0.25,3,3,TTCTCCTCAGTATCAATATG,0,3970873
xdhAp1,0.25,3,3,TTCGTGGAGGAAAGTACTTA,0,3937595
xdhAp1,0.25,3,3,TTCGAGACGGCAAACACACG,0,3958099
xdhAp1,0.25,3,3,TTCAGCTGGATACTGTCTGT,0,3973260
xdhAp1,0.25,3,3,TTATGTCTGTCGGGGGTGAT,0,3963829
xdhAp1,0.25,3,3,TTATGGGGTCTCGGAGCACA,0,3952265
xdhAp1,0.25,3,3,TTAGAACTCCTCCTATACAA,0,3951039
xdhAp1,0.25,3,3,TTACGATTCTACACTGAGCA,0,3932870
xdhAp1,0.25,3,3,TGTTTGAGGCCGATTTGTGA,0,3936127
xdhAp1,0.25,3,3,TGTTTCGGACTCGTCCCGAT,0,3929955
xdhAp1,0.25,3,3,TGTGCGGAGATTCGGCCCCT,0,3977548
xdhAp1,0.25,3,3,TGTCGGTACTCTTACCACCA,0,3933541
xdhAp1,0.25,3,3,TGTCGGCCTATATAAGTCAG,0,3961732
xdhAp1,0.25,3,3,TGGTCTACAGCTGAGTATAC,0,3944048
xdhAp1,0.25,3,3,TGGGTGGTGGCCCTTAATAA,0,3937810
xdhAp1,0.25,3,3,TGGGTAGCCAGCCGGTTGAA,0,3928946
xdhAp1,0.25,3,3,TGGCGCAGGTTGCTGTCTAT,0,3930221
xdhAp1,0.25,3,3,TGGCACCTAAAATTAATCGT,0,3948393
xdhAp1,0.25,3,3,TGGAAGTATATAGGCTTATG,0,3957834
xdhAp1,0.25,3,3,TGCTGCACTTCAACCGTCGT,0,3939174
xdhAp1,0.25,3,3,TGCTAAGCTAGAAACGACAC,0,3960468
xdhAp1,0.25,3,3,TGCTAACTTAAATTTAAACA,0,3979894
xdhAp1,0.25,3,3,TGCGTCGAAATCACGCTGTA,0,3956041
xdhAp1,0.25,3,3,TGCGGAACAACTTTAATCTT,0,3966891
xdhAp1,0.25,3,3,TGCCGATAAAGCCCTCTCTC,0,3946240
xdhAp1,0.25,3,3,TGCATACACATCGCTAGGTC,0,3952240
xdhAp1,0.25,3,3,TGCATAAGTGACTCCACGTC,0,3945046
xdhAp1,0.25,3,3,TGCACGGTCACAATTGAAGT,0,3934396
xdhAp1,0.25,3,3,TGATTTACGCCGACTAACGA,0,3939672
xdhAp1,0.25,3,3,TGACGGTGCCTGTCCAAAAA,0,3944709
xdhAp1,0.25,3,3,TGACGCAACGCCGGCCGAGT,0,3932133
xdhAp1,0.25,3,3,TGACGAACGCTATGTGGGTA,0,3940672
xdhAp1,0.25,3,3,TGACACGATAAACAAAGCCT,0,3938815
xdhAp1,0.25,3,3,TCTTTTCAATGTCTAGACGT,0,3945129
xdhAp1,0.25,3,3,TCTTAAATTTTACCCCATTG,0,3964383
xdhAp1,0.25,3,3,TCTGGTTGCACATTCGGATT,0,3946477
xdhAp1,0.25,3,3,TCTCGGATGGCGCGAGTAAT,0,3932217
xdhAp1,0.25,3,3,TCTCATCTCATTGGATCTTA,0,3968383
xdhAp1,0.25,3,3,TCGGGGGGGTAGAGTGTGAA,0,3974411
xdhAp1,0.25,3,3,TCGACCCGGAGAATTCCCGC,0,3976053
xdhAp1,0.25,3,3,TCGAACACACGCCGGTCAAC,0,3962032
xdhAp1,0.25,3,3,TCCTGCATAAGGGATCCAAA,0,3950272
xdhAp1,0.25,3,3,TCCTCATTGCGTGAGCCGAC,0,3956619
xdhAp1,0.25,3,3,TCCGCAAGTGTGAGGTCAAC,0,3951091
xdhAp1,0.25,3,3,TCCGAAACAGGCATTCGGCC,0,3959245
xdhAp1,0.25,3,3,TCATGAAGCATTTGCGAGAA,0,3964820
xdhAp1,0.25,3,3,TCATCCGTCCACCGCATCAA,0,3946389
xdhAp1,0.25,3,3,TCAGCCCGCTAACATGTTGA,0,3944720
xdhAp1,0.25,3,3,TCACAAGCTTCGAATTGATC,0,3956837
xdhAp1,0.25,3,3,TCAACTAGCATGATTGGGTA,0,3947085
xdhAp1,0.25,3,3,TATGTCTGGGGATGCATATT,0,3933894
xdhAp1,0.25,3,3,TATGCCTTCTGCAATGTATA,0,3962848
xdhAp1,0.25,3,3,TATGCATCACAAGAAAACTA,0,3931153
xdhAp1,0.25,3,3,TAGGGTGATACGAGACTTTG,0,3937705
xdhAp1,0.25,3,3,TAGGACAAAACTATGTAGTC,0,3958894
xdhAp1,0.25,3,3,TAGCCTTTTTAAATTGATAT,0,3955810
xdhAp1,0.25,3,3,TAGACAGGAAGGAGGGGCAG,0,3935923
xdhAp1,0.25,3,3,TACGGCCCTTCCGCTATTAA,0,3981456
xdhAp1,0.25,3,3,TACGCATTAACGTCAGCGCT,0,3947915
xdhAp1,0.25,3,3,TACCTTCAGCTTGCAGGTCT,0,3936615
xdhAp1,0.25,3,3,TACAATGTAATTCAACTTTC,0,3938896
xdhAp1,0.25,3,3,TAAGGGGTGCCTGAGTGTAC,0,3973280
xdhAp1,0.25,3,3,TAACGATGACCCAGGAGAGA,0,3981134
xdhAp1,0.25,3,3,TAAAGTTTTATACGCCCAAG,0,3934477
xdhAp1,0.25,3,3,GTTTGCTCATAAAGGTAATC,0,3977330
xdhAp1,0.25,3,3,GTTCCCCTCCGAGCACAGGA,0,3950725
xdhAp1,0.25,3,3,GTTACAGATATTTAGAGATT,0,3934142
xdhAp1,0.25,3,3,GTGGACAGTGTCCGCATCCT,0,3932497
xdhAp1,0.25,3,3,GTGCATCCGGACTCATGGCT,0,3977697
xdhAp1,0.25,3,3,GTCATAAACTCAATCGTGGG,0,3929219
xdhAp1,0.25,3,3,GTAACATGGGTACGTGACTA,0,3965883
xdhAp1,0.25,3,3,GGTTCCCTTCAGCGTCTCGC,0,3951753
xdhAp1,0.25,3,3,GGTCGTTTTGCTTCTGATCG,0,3963544
xdhAp1,0.25,3,3,GGTCAGGTTTCCAGAGTTTA,0,3932532
xdhAp1,0.25,3,3,GGTCAACACCGGCGAAAATA,0,3958870
xdhAp1,0.25,3,3,GGGTTACATTACGGGAATCA,0,3950255
xdhAp1,0.25,3,3,GGGCTGATGAAGACGAAGGT,0,3973402
xdhAp1,0.25,3,3,GGGCAAATTAAAACTGAGAA,0,3959697
xdhAp1,0.25,3,3,GGCGACCACTTGCCCGCCTA,0,3929894
xdhAp1,0.25,3,3,GGCCAAGGTTTTATCGCGTT,0,3960128
xdhAp1,0.25,3,3,GGCATTGATTGTGAGATTCC,0,3943525
xdhAp1,0.25,3,3,GGCAGATCGACTTACGTGTT,0,3953956
xdhAp1,0.25,3,3,GGCACGGATGCTGGGATCGT,0,3931429
xdhAp1,0.25,3,3,GGATCTAGCCAATTCCAGTT,0,3978955
xdhAp1,0.25,3,3,GGAGTGCCATGTCGGGGTTA,0,3953425
xdhAp1,0.25,3,3,GGAGTATTGAATGGGTCCAT,0,3944691
xdhAp1,0.25,3,3,GGAAGGCTTGCAGGCTGCAT,0,3933763
xdhAp1,0.25,3,3,GCTTTTGATTTCTCTCTTAT,0,3955518
xdhAp1,0.25,3,3,GCTGTGCCCGTCTCGAGCCG,0,3948759
xdhAp1,0.25,3,3,GCTGAATATAGAATGCATGT,0,3948178
xdhAp1,0.25,3,3,GCTCCCGGCTTCCCCCCTGT,0,3964823
xdhAp1,0.25,3,3,GCTCATGCAGTCAGTCCGAG,0,3959886
xdhAp1,0.25,3,3,GCGTTCAATACCGGCCGAGA,0,3959241
xdhAp1,0.25,3,3,GCGGGGATTTTCAAATTCAC,0,3956515
xdhAp1,0.25,3,3,GCGGAATTCCGCACACAGTC,0,3934033
xdhAp1,0.25,3,3,GCGACATGCGAATCCGAGGC,0,3957702
xdhAp1,0.25,3,3,GCGAATTTCAGGTCGCCATA,0,3963551
xdhAp1,0.25,3,3,GCGAAACAACGATGCCGATA,0,3970630
xdhAp1,0.25,3,3,GCCCTCCTGGGGAGCAGTTC,0,3979500
xdhAp1,0.25,3,3,GCCCGGGTTATGATTTCATG,0,3952885
xdhAp1,0.25,3,3,GCCCCGTGAAAGAAAGCTGA,0,3951236
xdhAp1,0.25,3,3,GCCCACTGTGACCCTGAAGT,0,3943283
xdhAp1,0.25,3,3,GCACTGTTCGCCGTATACTT,0,3964109
xdhAp1,0.25,3,3,GCAATAGTCGTTCGGCACTT,0,3955226
xdhAp1,0.25,3,3,GCAACTTTGCATAAGGCACA,0,3967384
xdhAp1,0.25,3,3,GCAACATGTTACAGCCAAGC,0,3960596
xdhAp1,0.25,3,3,GATGTTGGGGATAATCCGTC,0,3936294
xdhAp1,0.25,3,3,GATAACGAAAGTGATGCGGC,0,3931379
xdhAp1,0.25,3,3,GATAAATGCGACATTGACGC,0,3974566
xdhAp1,0.25,3,3,GATAAATCCTCAGGTTTTGG,0,3969241
xdhAp1,0.25,3,3,GAGTCCCGGAGAGTGGCGTG,0,3938210
xdhAp1,0.25,3,3,GAGGTTGCTTGAGGCTCCAA,0,3938077
xdhAp1,0.25,3,3,GAGGGGCTCCGAGGTTCCCA,0,3936926
xdhAp1,0.25,3,3,GAGCCGGGTCCCGGGGGAAC,0,3929344
xdhAp1,0.25,3,3,GAGATTCAGAATGTCAACCT,0,3942259
xdhAp1,0.25,3,3,GACAAATTCACTATGTGTTA,0,3970867
xdhAp1,0.25,3,3,GAATGTCTGGAGGGCTGCAA,0,3969190
xdhAp1,0.25,3,3,GAAAGGGCGGTTAAAATTTA,0,3958388
xdhAp1,0.25,3,3,GAAAACGTCTCCCCCGGGGA,0,3950044
xdhAp1,0.25,3,3,CTTTATTTGCAACGGGTCGG,0,3958070
xdhAp1,0.25,3,3,CTTGGATGTGATTAGTGTGT,0,3937444
xdhAp1,0.25,3,3,CTCGCAAATTCAGCTCGCTA,0,3967652
xdhAp1,0.25,3,3,CTCAATTAGTCACGTACCAA,0,3930934
xdhAp1,0.25,3,3,CTAGGAAGCCACGCTCCAAT,0,3952241
xdhAp1,0.25,3,3,CTAGAATTAAGGTGTTGGAA,0,3936795
xdhAp1,0.25,3,3,CTACTAGACGGCCGTTTGAG,0,3949760
xdhAp1,0.25,3,3,CTAATGCTGTAACGCGCGCA,0,3955918
xdhAp1,0.25,3,3,CGTGGTGTTTGGGATCTGTG,0,3981348
xdhAp1,0.25,3,3,CGTGGGGATAATAATTATTA,0,3931155
xdhAp1,0.25,3,3,CGTATCATAGTGTCGGCTAC,0,3942585
xdhAp1,0.25,3,3,CGTACCGCGCGCCTGCCGGA,0,3938295
xdhAp1,0.25,3,3,CGGTGATGGCTTACCTGGTT,0,3945390
xdhAp1,0.25,3,3,CGGGGACCGCGCGGCGACAA,0,3933886
xdhAp1,0.25,3,3,CGGCCTATACACTCACCCAT,0,3981222
xdhAp1,0.25,3,3,CGCGGGAGCACCGGGGGCTA,0,3929506
xdhAp1,0.25,3,3,CGCGCGTGATATGTTTCCTA,0,3954851
xdhAp1,0.25,3,3,CGCCCTGACAGGATTTTTTA,0,3958678
xdhAp1,0.25,3,3,CGATTACAGTGTCGAACTAT,0,3943098
xdhAp1,0.25,3,3,CGAGGTAGTGTTTCCCACCA,0,3956914
xdhAp1,0.25,3,3,CGAGAGCCTTACTGTACTTG,0,3966164
xdhAp1,0.25,3,3,CGAAACACGTCCGTTGTTCT,0,3955087
xdhAp1,0.25,3,3,CCTTTATATTGAACCTCGAC,0,3947094
xdhAp1,0.25,3,3,CCTGCAGAGCCAATGTAGCC,0,3979215
xdhAp1,0.25,3,3,CCTCACTTGAGGTCTCATCA,0,3950479
xdhAp1,0.25,3,3,CCTACGGGTCAGTATGTAAC,0,3936056
xdhAp1,0.25,3,3,CCGTTTGCAACCGACTACAA,0,3978437
xdhAp1,0.25,3,3,CCGTCCCAGTATTAGGTTTC,0,3962327
xdhAp1,0.25,3,3,CCGGCGGTTATGCAACAACA,0,3955881
xdhAp1,0.25,3,3,CCGACGGGTTCCGTCAGACC,0,3932977
xdhAp1,0.25,3,3,CCGACAGTTACTCACTGTGT,0,3942257
xdhAp1,0.25,3,3,CCGAATAAAATAATCACGAC,0,3932954
xdhAp1,0.25,3,3,CCCTATGCATAAACAAGCAT,0,3968139
xdhAp1,0.25,3,3,CCCCGAACGAATTGTTTTGC,0,3970318
xdhAp1,0.25,3,3,CCCAGGGGGAGGAAGCTTAA,0,3964068
xdhAp1,0.25,3,3,CCCACCGGCACCCGCTTCCG,0,3933752
xdhAp1,0.25,3,3,CCATTAACTCTGTACACGAT,0,3952015
xdhAp1,0.25,3,3,CCATGGCCGGCAAGTCCCAC,0,3951535
xdhAp1,0.25,3,3,CCATGGATATACAAGTCAGA,0,3975986
xdhAp1,0.25,3,3,CCAGTGGGACCGAAGCGGTC,0,3941537
xdhAp1,0.25,3,3,CCAGGCACACCCCAAACGCA,0,3955613
xdhAp1,0.25,3,3,CCACCATTTCTCTAAAAGGT,0,3931289
xdhAp1,0.25,3,3,CCAACGATGGAAAATGGATT,0,3977359
xdhAp1,0.25,3,3,CATCATTCTAGCATGACTGG,0,3930389
xdhAp1,0.25,3,3,CATAGGAGGCTTATGGCTTT,0,3952292
xdhAp1,0.25,3,3,CAGGTAAACCGTAGCCTGAC,0,3979151
xdhAp1,0.25,3,3,CAGGCTCGGATCACATTGGC,0,3950872
xdhAp1,0.25,3,3,CAGGCGCCTTAAAGCTTGAC,0,3938229
xdhAp1,0.25,3,3,CAGCGTAATCACCAACTGTT,0,3935465
xdhAp1,0.25,3,3,CAGCGGGGAAAACTTAAGTT,0,3955180
xdhAp1,0.25,3,3,CAGCGACGCCGAAGGTCACA,0,3950254
xdhAp1,0.25,3,3,CAGCCTCTGCCTAAAATCCT,0,3966807
xdhAp1,0.25,3,3,CAGCATTTTTTGGGCTGGAT,0,3937992
xdhAp1,0.25,3,3,CAGACGATTCAAAGGATTTG,0,3936229
xdhAp1,0.25,3,3,CAGAACTTACATGAACTCGT,0,3970118
xdhAp1,0.25,3,3,CACGAACGCGGCACTTCTAT,0,3965868
xdhAp1,0.25,3,3,CACCTATTACGCGGTCTGGA,0,3936296
xdhAp1,0.25,3,3,CACCGATGCTGGACGTTGCG,0,3941998
xdhAp1,0.25,3,3,CACATGATTACTCTATTTGA,0,3930471
xdhAp1,0.25,3,3,CACATCTGAGAACTGGAAGA,0,3940349
xdhAp1,0.25,3,3,CAATGTCATCCTGGCACCTT,0,3944128
xdhAp1,0.25,3,3,CAAGAATGACCCACTTGAAA,0,3949488
xdhAp1,0.25,3,3,CAACTGGTTTAAGTGAACCT,0,3957555
xdhAp1,0.25,3,3,ATTCGCGGCATCACGGATTT,0,3936112
xdhAp1,0.25,3,3,ATTAGGCGAGGACGGAAATT,0,3936356
xdhAp1,0.25,3,3,ATGGTCGGGCTGTCCCCAGC,0,3952936
xdhAp1,0.25,3,3,ATGATTAAAAACAGGGCTAA,0,3939357
xdhAp1,0.25,3,3,ATGAGTCTCACGCCTCGTTC,0,3943378
xdhAp1,0.25,3,3,ATCTCGCACGACCCGTAGAA,0,3975078
xdhAp1,0.25,3,3,ATCCGTGACCGTTCGGCTCG,0,3948444
xdhAp1,0.25,3,3,ATCAGTTAATCCACTAAGGC,0,3931369
xdhAp1,0.25,3,3,ATATGCTTTTTTAGGGCTCG,0,3962028
xdhAp1,0.25,3,3,ATACCGTTGCTAATATGAAT,0,3957236
xdhAp1,0.25,3,3,ATAACAGGCCATCTGTAGGC,0,3980943
xdhAp1,0.25,3,3,ATAACACTCTCGCTCGCGTT,0,3951801
xdhAp1,0.25,3,3,AGTGTGTGATAAAAGACTGC,0,3977001
xdhAp1,0.25,3,3,AGTAGGCCCACACTGGCTGC,0,3946383
xdhAp1,0.25,3,3,AGGGGCTCTGAGCAGTGGAT,0,3972704
xdhAp1,0.25,3,3,AGGCGCTCTACAATAAACGA,0,3929808
xdhAp1,0.25,3,3,AGCTTCTGTTGTTTGACAAA,0,3955637
xdhAp1,0.25,3,3,AGCGTCCGGCGGGCTCAGCC,0,3932964
xdhAp1,0.25,3,3,AGATGAACCAGACCGACATC,0,3968998
xdhAp1,0.25,3,3,AGAGTAATACGCATTCCGCT,0,3977886
xdhAp1,0.25,3,3,AGACTAGCGGGGCTTAAGTT,0,3956474
xdhAp1,0.25,3,3,AGAACCAAGATACCCCGAGT,0,3953328
xdhAp1,0.25,3,3,ACTTATACTCCCCAGAATTG,0,3944028
xdhAp1,0.25,3,3,ACTCTTTGTATCCCTCGAGA,0,3936445
xdhAp1,0.25,3,3,ACTATGGCCCAGAAAGCCCT,0,3950643
xdhAp1,0.25,3,3,ACTAACACCCTAGCGGTATT,0,3940812
xdhAp1,0.25,3,3,ACGTATACAATGGTTTTGTT,0,3973480
xdhAp1,0.25,3,3,ACGTAGGTCTGTCAGGCGAA,0,3952602
xdhAp1,0.25,3,3,ACGCAAACGAGGGAGCGATT,0,3958327
xdhAp1,0.25,3,3,ACGAAGCCCGTGGGAGCCCA,0,3933767
xdhAp1,0.25,3,3,ACCAGCGCCCCAGTGCTTAA,0,3942217
xdhAp1,0.25,3,3,ACCAGCCCGAGTCAGTGGCA,0,3980902
xdhAp1,0.25,3,3,ACATCAAAGTTCAATGTTAG,0,3954382
xdhAp1,0.25,3,3,ACAGGCCCCCGAACATTACA,0,3961539
xdhAp1,0.25,3,3,ACAGACGTTATTTGGCCCAC,0,3968442
xdhAp1,0.25,3,3,ACACCGACACCCTGGGATAT,0,3965264
xdhAp1,0.25,3,3,ACAATTATTCCTCAGGAGTT,0,3953032
xdhAp1,0.25,3,3,ACAACTGCAACATATCAGAA,0,3968523
xdhAp1,0.25,3,3,AATTACGGGTCCATCTTTCA,0,3949662
xdhAp1,0.25,3,3,AATGGAGAATATTTCGGTGC,0,3973700
xdhAp1,0.25,3,3,AATGAATTCATGGCGCCTCT,0,3931556
xdhAp1,0.25,3,3,AATCGGCTAGGGCTATCTGC,0,3968385
xdhAp1,0.25,3,3,AATCCCGTGGCCACACCAAT,0,3971447
xdhAp1,0.25,3,3,AATATACCATTATGGGTTTG,0,3943996
xdhAp1,0.25,3,3,AAGGCGCCGTAAAATACGCA,0,3936446
xdhAp1,0.25,3,3,AAGAGGATGGGTGTCTCCCT,0,3937278
xdhAp1,0.25,3,3,AAGACACTTGGGTGACCCCT,0,3936302
xdhAp1,0.25,3,3,AACTTTGGACAAGCGTTTGC,0,3966514
xdhAp1,0.25,3,3,AACGCTGGTGTACGAATAGG,0,3951852
xdhAp1,0.25,3,3,AACCCGTAATATATAGCGGG,0,3934822
xdhAp1,0.25,3,3,AACAACTAGCACGCTGGGAT,0,3935215
xdhAp1,0.25,3,3,AAATATCTGAGAGAGTAGGT,0,3933475
xdhAp1,0.25,3,3,AAAGGTCATCGGCATGAGTA,0,3946968
xdhAp1,0.25,3,3,AAACCGGACTTACTTCACCT,0,3944923
xdhAp1,0.25,3,3,AAAAGCGTTAAGCCGGACTG,0,3970171
xdhAp1,0.3333333333333333,2,2,TTTTGAGTGCTCCATAACTG,0,3929974
xdhAp1,0.3333333333333333,2,2,TTTGTGGCATGCTCCTTTAA,0,3964958
xdhAp1,0.3333333333333333,2,2,TTTGTCCATACTGAAAGTAG,0,3957654
xdhAp1,0.3333333333333333,2,2,TTTGGCCACACTATGCTTAT,0,3958998
xdhAp1,0.3333333333333333,2,2,TTTCGGGGCAGCGCTGAAAT,0,3949090
xdhAp1,0.3333333333333333,2,2,TTTCCGTCACATAGGTCGTG,0,3962365
xdhAp1,0.3333333333333333,2,2,TTTCCGGTCTACCCGGATCG,0,3972716
xdhAp1,0.3333333333333333,2,2,TTTCACGCAATTCGGACTCG,0,3935825
xdhAp1,0.3333333333333333,2,2,TTTCACATGACAGACCTCGT,0,3948940
xdhAp1,0.3333333333333333,2,2,TTGTGGCTCAACTAGAGAAC,0,3929285
xdhAp1,0.3333333333333333,2,2,TTGTGAGTCAGCTTACAAAG,0,3946971
xdhAp1,0.3333333333333333,2,2,TTGTCGTTGTTTAACCGGTC,0,3945142
xdhAp1,0.3333333333333333,2,2,TTGTCGCTAGGCCTCTCCCT,0,3962057
xdhAp1,0.3333333333333333,2,2,TTGTATTCCCATGGCATTGA,0,3964218
xdhAp1,0.3333333333333333,2,2,TTGGTACCTTCTTCACCATA,0,3930752
xdhAp1,0.3333333333333333,2,2,TTGGCCGACAGGGCTCAGAG,0,3966342
xdhAp1,0.3333333333333333,2,2,TTGGAGGCGACTCTCTATAT,0,3935933
xdhAp1,0.3333333333333333,2,2,TTGATTGACATACGAGGACG,0,3977840
xdhAp1,0.3333333333333333,2,2,TTGATACTCTCCGCGAGTCC,0,3942233
xdhAp1,0.3333333333333333,2,2,TTGACCGATTGGATAAAAAC,0,3956787
xdhAp1,0.3333333333333333,2,2,TTGACACGTACCCCCGGTGC,0,3953102
xdhAp1,0.3333333333333333,2,2,TTGAAATGGGGTTCGCTCAC,0,3963217
xdhAp1,0.3333333333333333,2,2,TTCTTCGTTCGTAGTCCCTT,0,3947508
xdhAp1,0.3333333333333333,2,2,TTCTGGGGTCTGTAGCCAAA,0,3972503
xdhAp1,0.3333333333333333,2,2,TTCTGCTTGTTCACCCCAAC,0,3970957
xdhAp1,0.3333333333333333,2,2,TTCGTTACTGGCTTCACCAT,0,3974929
xdhAp1,0.3333333333333333,2,2,TTCGTCTAAATTCTATGTTC,0,3935472
xdhAp1,0.3333333333333333,2,2,TTCGCCTTTCACAACTACGG,0,3938177
xdhAp1,0.3333333333333333,2,2,TTCGCATCGATACCTTCTAA,0,3959476
xdhAp1,0.3333333333333333,2,2,TTCGAATGCGTCTGTAAATG,0,3951442
xdhAp1,0.3333333333333333,2,2,TTCCGGTCCCTGACCGTATG,0,3973404
xdhAp1,0.3333333333333333,2,2,TTCCGGGGGACTACGGGTTG,0,3941162
xdhAp1,0.3333333333333333,2,2,TTCCAGGCCACATGTTCCTT,0,3946674
xdhAp1,0.3333333333333333,2,2,TTCATTTCCTCGGAGGACCA,0,3979686
xdhAp1,0.3333333333333333,2,2,TTCAGTGGACCCGCTTTAAC,0,3963577
xdhAp1,0.3333333333333333,2,2,TTCAGTCCTTGAGCTGGTAC,0,3943266
xdhAp1,0.3333333333333333,2,2,TTCAAATGTCAAAGAACCGA,0,3958113
xdhAp1,0.3333333333333333,2,2,TTCAAAGCGATGCGATACAG,0,3962654
xdhAp1,0.3333333333333333,2,2,TTATGTACTGGCTTCCCGTT,0,3967167
xdhAp1,0.3333333333333333,2,2,TTATGCCTTGGCAGCCCGGT,0,3952038
xdhAp1,0.3333333333333333,2,2,TTATAGAAGAAGCCAGTCCT,0,3975450
xdhAp1,0.3333333333333333,2,2,TTAGTATTAGGGTTTTTTGG,0,3971208
xdhAp1,0.3333333333333333,2,2,TTACATATAAGATATCCCTA,0,3929635
xdhAp1,0.3333333333333333,2,2,TTACAACGGAAATGTTCTGA,0,3928952
xdhAp1,0.3333333333333333,2,2,TTAATAGCAGGAGTCATAAT,0,3964729
xdhAp1,0.3333333333333333,2,2,TTAACCCGTGTCTGCGTGGA,0,3967365
xdhAp1,0.3333333333333333,2,2,TTAACCACGGTGGCCTATCT,0,3964643
xdhAp1,0.3333333333333333,2,2,TGTTGCCCCGGATGGACATA,0,3944998
xdhAp1,0.3333333333333333,2,2,TGTGTAGTAAAAAACAGAAG,0,3971763
xdhAp1,0.3333333333333333,2,2,TGTGGGCAGCGCGTAACCCT,0,3947362
xdhAp1,0.3333333333333333,2,2,TGTGGCAGTCTAATTGTAGA,0,3934288
xdhAp1,0.3333333333333333,2,2,TGTCCCCTATCTTAGACAAA,0,3970221
xdhAp1,0.3333333333333333,2,2,TGTATGAGTCTGTTCCGCTA,0,3931753
xdhAp1,0.3333333333333333,2,2,TGTAGATGTATGATGAACGG,0,3944292
xdhAp1,0.3333333333333333,2,2,TGTAGAGGTTAAACCTGTGA,0,3936646
xdhAp1,0.3333333333333333,2,2,TGGTTAGGATGCACAAGCGC,0,3981415
xdhAp1,0.3333333333333333,2,2,TGGTGTAACCCTGTGCGGGT,0,3931152
xdhAp1,0.3333333333333333,2,2,TGGTCAGAACCAAAACCGAT,0,3945111
xdhAp1,0.3333333333333333,2,2,TGGTAATGAGTAGGATCTCG,0,3956478
xdhAp1,0.3333333333333333,2,2,TGGGTCAATAGCCTTTCGCT,0,3956868
xdhAp1,0.3333333333333333,2,2,TGGCGTTGTTACACAATCAC,0,3941004
xdhAp1,0.3333333333333333,2,2,TGGCGGACATTGAAACGGTG,0,3943867
xdhAp1,0.3333333333333333,2,2,TGGCCCCGAGCGCTTCATCT,0,3967846
xdhAp1,0.3333333333333333,2,2,TGGATTATTAGTGTGACGAT,0,3956012
xdhAp1,0.3333333333333333,2,2,TGCTAGGGCAGCACCAGTAG,0,3948890
xdhAp1,0.3333333333333333,2,2,TGCTACAGAGGGACTTTCGG,0,3947781
xdhAp1,0.3333333333333333,2,2,TGCGTTAATATCTAATTTTC,0,3940758
xdhAp1,0.3333333333333333,2,2,TGCGTGAAATGGTTTTCCGA,0,3941633
xdhAp1,0.3333333333333333,2,2,TGCGGGTCATAGTCACCTAT,0,3954039
xdhAp1,0.3333333333333333,2,2,TGCCGGAGACATACGCGAGT,0,3939124
xdhAp1,0.3333333333333333,2,2,TGCAGGTCAGGCAGCCTTGT,0,3966289
xdhAp1,0.3333333333333333,2,2,TGCAGACCATAACAGGGAAA,0,3958394
xdhAp1,0.3333333333333333,2,2,TGCAATTCTATTTCAGGGCG,0,3935367
xdhAp1,0.3333333333333333,2,2,TGCAAGATTGACCGGTCATC,0,3955066
xdhAp1,0.3333333333333333,2,2,TGCAAAGGCGTAGGGAAGAT,0,3954665
xdhAp1,0.3333333333333333,2,2,TGATTGAAGGCTCACCGCCA,0,3973083
xdhAp1,0.3333333333333333,2,2,TGATTCCGGACAACCGAAAG,0,3935230
xdhAp1,0.3333333333333333,2,2,TGATGGCCTTTAGCTCATAT,0,3973273
xdhAp1,0.3333333333333333,2,2,TGATGCTCTGAAGATCCCGA,0,3969824
xdhAp1,0.3333333333333333,2,2,TGATGAAACTGGACCACCTA,0,3973829
xdhAp1,0.3333333333333333,2,2,TGATCAATGTCAGACAGCCA,0,3933283
xdhAp1,0.3333333333333333,2,2,TGATATAAGCGGATTGCAAT,0,3944498
xdhAp1,0.3333333333333333,2,2,TGAGGGTGACCGATTCCCGG,0,3961164
xdhAp1,0.3333333333333333,2,2,TGAGGATGCTGGCTGCTCGT,0,3964750
xdhAp1,0.3333333333333333,2,2,TGAGCCTTCGGGGCCATCAT,0,3931098
xdhAp1,0.3333333333333333,2,2,TGACTCCTTCCTGGCGCTGT,0,3961347
xdhAp1,0.3333333333333333,2,2,TGAAATAATGCGGCGTATAA,0,3962328
xdhAp1,0.3333333333333333,2,2,TCTTGGGACATTACACGGCA,0,3948266
xdhAp1,0.3333333333333333,2,2,TCTTGGCTACCAAGAAACGA,0,3968188
xdhAp1,0.3333333333333333,2,2,TCTTCCTGGTTGCTGATGAT,0,3981212
xdhAp1,0.3333333333333333,2,2,TCTTATCGGTATGGAATCAC,0,3953370
xdhAp1,0.3333333333333333,2,2,TCTTACTTAGGGGGGCTTCT,0,3944577
xdhAp1,0.3333333333333333,2,2,TCTGCCGGATTTTTCGTGTG,0,3954014
xdhAp1,0.3333333333333333,2,2,TCTGCCGCGTTGGATCCTGT,0,3963429
xdhAp1,0.3333333333333333,2,2,TCTGCATCCCTCCATCGCGC,0,3970217
xdhAp1,0.3333333333333333,2,2,TCTGAGGGGATGGATGTTCA,0,3963364
xdhAp1,0.3333333333333333,2,2,TCTCTTGCTCCCCTTTGGCA,0,3937555
xdhAp1,0.3333333333333333,2,2,TCTCTATACCAAGGGTTGGA,0,3935629
xdhAp1,0.3333333333333333,2,2,TCTCATGAAGTTTCTGGAAG,0,3939275
xdhAp1,0.3333333333333333,2,2,TCTCATACTAGGCTTGCCCT,0,3940924
xdhAp1,0.3333333333333333,2,2,TCTCAGACTGGAATAGGCGC,0,3934486
xdhAp1,0.3333333333333333,2,2,TCTATCGTCTGGTGGCTTAT,0,3970291
xdhAp1,0.3333333333333333,2,2,TCTACGTAAATAAGGATGGA,0,3933130
xdhAp1,0.3333333333333333,2,2,TCGTTGACCTAAGCTTTTTG,0,3946385
xdhAp1,0.3333333333333333,2,2,TCGTCGCGCACGCGATTTCT,0,3936933
xdhAp1,0.3333333333333333,2,2,TCGTAGCTGCGCTTGCTATG,0,3930922
xdhAp1,0.3333333333333333,2,2,TCGTAAGATGGCGGAATTTG,0,3941836
xdhAp1,0.3333333333333333,2,2,TCGGGACCCGGTAGTGCTAT,0,3970206
xdhAp1,0.3333333333333333,2,2,TCGGCAGCGCATTAACTGGC,0,3957802
xdhAp1,0.3333333333333333,2,2,TCGGAGTGAACCTGGAAAGA,0,3942736
xdhAp1,0.3333333333333333,2,2,TCGGAGCATCTGTGAATCAC,0,3934448
xdhAp1,0.3333333333333333,2,2,TCGCTCCCAAGGTGCCTCAA,0,3955979
xdhAp1,0.3333333333333333,2,2,TCGCGGCATAGTTGGATCCA,0,3942742
xdhAp1,0.3333333333333333,2,2,TCGCAAGACTCCATCGCTTC,0,3947003
xdhAp1,0.3333333333333333,2,2,TCGAGGACCCATCATGTACG,0,3951297
xdhAp1,0.3333333333333333,2,2,TCGAGCCACCCCGGTATCCT,0,3970640
xdhAp1,0.3333333333333333,2,2,TCGAGAGACATCCCCAAGGG,0,3938741
xdhAp1,0.3333333333333333,2,2,TCGACATGTGTGTGCAGTTA,0,3950744
xdhAp1,0.3333333333333333,2,2,TCCTCTCCGAGTCCGAAAAT,0,3976083
xdhAp1,0.3333333333333333,2,2,TCCTCCAATATAGTGATACG,0,3942223
xdhAp1,0.3333333333333333,2,2,TCCGTGTCGGGTGTCGTAAG,0,3930257
xdhAp1,0.3333333333333333,2,2,TCCGTCAGAGTCATGGATTA,0,3957772
xdhAp1,0.3333333333333333,2,2,TCCGTACATAGGTACGGCCT,0,3932338
xdhAp1,0.3333333333333333,2,2,TCCGGCGTCCCCAAGGGGTA,0,3976481
xdhAp1,0.3333333333333333,2,2,TCCGGCCGATAGCTGCTATA,0,3929696
xdhAp1,0.3333333333333333,2,2,TCCGCGGACAGTGCGCATCT,0,3959409
xdhAp1,0.3333333333333333,2,2,TCCGACGAGGGGTAGCCTGG,0,3978904
xdhAp1,0.3333333333333333,2,2,TCCCTTTATTGCCGCCAATA,0,3957341
xdhAp1,0.3333333333333333,2,2,TCCCTTAAGAGGTCTTCCAT,0,3945841
xdhAp1,0.3333333333333333,2,2,TCCCTGTGTGTACAACCCCA,0,3935374
xdhAp1,0.3333333333333333,2,2,TCCCGACGGCGGTAAATCGT,0,3960147
xdhAp1,0.3333333333333333,2,2,TCCCCATGACATCTCCATGA,0,3956698
xdhAp1,0.3333333333333333,2,2,TCCAAAAAGCTCTGATGTTC,0,3945525
xdhAp1,0.3333333333333333,2,2,TCATCAATGTGAACGATTGT,0,3936821
xdhAp1,0.3333333333333333,2,2,TCATAAGGGAGCAAGAGATA,0,3957398
xdhAp1,0.3333333333333333,2,2,TCAGTGCTCCAGTCAGAAGT,0,3955413
xdhAp1,0.3333333333333333,2,2,TCAGGTTCTCTCGAGTTCGT,0,3939128
xdhAp1,0.3333333333333333,2,2,TCAGCTGGGATGGTATCCCC,0,3958328
xdhAp1,0.3333333333333333,2,2,TCAGCTCGGAGTCGGTTAGA,0,3952042
xdhAp1,0.3333333333333333,2,2,TCAGAGGTGCAGATCAAGTT,0,3936899
xdhAp1,0.3333333333333333,2,2,TCACCTAGACAAGGGGGGCA,0,3929843
xdhAp1,0.3333333333333333,2,2,TCACCGCAACTGTTTATTAC,0,3967502
xdhAp1,0.3333333333333333,2,2,TCACCAGTCCTCTAGGCAGT,0,3980882
xdhAp1,0.3333333333333333,2,2,TCACAGTCAAAACTGGTTTT,0,3972545
xdhAp1,0.3333333333333333,2,2,TCACAACCTGATGGCCTATT,0,3960258
xdhAp1,0.3333333333333333,2,2,TCAATAAAGTGGGTTTGTTG,0,3955280
xdhAp1,0.3333333333333333,2,2,TCAAGTATGTGTCTTAGGGT,0,3970567
xdhAp1,0.3333333333333333,2,2,TCAAACATGATCAGAGTATC,0,3936313
xdhAp1,0.3333333333333333,2,2,TATTTCGCACAGTGCAACGA,0,3940854
xdhAp1,0.3333333333333333,2,2,TATTGCTTTCGTGCTTCCAC,0,3968352
xdhAp1,0.3333333333333333,2,2,TATTCCAGCGTCTTTCGCTA,0,3947649
xdhAp1,0.3333333333333333,2,2,TATTACCTGGGGCTATGGGT,0,3970570
xdhAp1,0.3333333333333333,2,2,TATGTAATTACTTTTCTCGT,0,3940252
xdhAp1,0.3333333333333333,2,2,TATGGGGCGTAAGGAAAATG,0,3941993
xdhAp1,0.3333333333333333,2,2,TATGGATCTCCAGCTTAGCG,0,3971562
xdhAp1,0.3333333333333333,2,2,TATGCTGTCACGTTCACAGA,0,3968560
xdhAp1,0.3333333333333333,2,2,TATGCCTCAGGCTGGACATA,0,3956308
xdhAp1,0.3333333333333333,2,2,TATCACTATACCGTCAAAGG,0,3930334
xdhAp1,0.3333333333333333,2,2,TATATATGACGGAGAGGAGG,0,3974167
xdhAp1,0.3333333333333333,2,2,TATAACCCTTCTCACAGTAT,0,3951020
xdhAp1,0.3333333333333333,2,2,TATAACAGGAACCAGGGATT,0,3978974
xdhAp1,0.3333333333333333,2,2,TAGTTTTGACACTTGGTGTT,0,3980504
xdhAp1,0.3333333333333333,2,2,TAGTGATCACTGGCCTGCAG,0,3929019
xdhAp1,0.3333333333333333,2,2,TAGGTCTATGGATGGTTCAC,0,3940895
xdhAp1,0.3333333333333333,2,2,TAGGTCCCGATGGATACCGA,0,3936292
xdhAp1,0.3333333333333333,2,2,TAGGGTGCTTCTCGGGGCTC,0,3970955
xdhAp1,0.3333333333333333,2,2,TAGGGTATCCAGAGTCGATA,0,3953717
xdhAp1,0.3333333333333333,2,2,TAGGCACCCTCGTGACATCG,0,3979052
xdhAp1,0.3333333333333333,2,2,TAGCTCACGATGTTCGGTAG,0,3950353
xdhAp1,0.3333333333333333,2,2,TAGACGTTGTGTCTTAGAAG,0,3947257
xdhAp1,0.3333333333333333,2,2,TACTTTATCGTGTTCCCTTA,0,3968629
xdhAp1,0.3333333333333333,2,2,TACTTGGGTCTTTAGTTAGA,0,3946005
xdhAp1,0.3333333333333333,2,2,TACTCCCCTATCCTTTCGGA,0,3971188
xdhAp1,0.3333333333333333,2,2,TACTATTACACTTTATTGGG,0,3980844
xdhAp1,0.3333333333333333,2,2,TACTAGATGCTATTTAATGG,0,3931968
xdhAp1,0.3333333333333333,2,2,TACGGTGAGCCATGTGTCAA,0,3933317
xdhAp1,0.3333333333333333,2,2,TACGATCTTGTGGACCCTGT,0,3964937
xdhAp1,0.3333333333333333,2,2,TACCGATGGACCTGTGACCA,0,3975750
xdhAp1,0.3333333333333333,2,2,TACCGAAGAATATGAATCAT,0,3936857
xdhAp1,0.3333333333333333,2,2,TACCAACGGTTTGATGGCTT,0,3956410
xdhAp1,0.3333333333333333,2,2,TACATAAGAATTTCCTTATG,0,3973325
xdhAp1,0.3333333333333333,2,2,TACAGGATTAACCTCTGAGT,0,3964272
xdhAp1,0.3333333333333333,2,2,TACACGCCAGTGAACGGGAA,0,3963578
xdhAp1,0.3333333333333333,2,2,TACAACGTTTCTGCGCGATC,0,3942735
xdhAp1,0.3333333333333333,2,2,TAATTTTGTGAGAAGGAGAC,0,3966199
xdhAp1,0.3333333333333333,2,2,TAATCATACTTATGTATATA,0,3965255
xdhAp1,0.3333333333333333,2,2,TAATACCTTAAAGCATGGCA,0,3945383
xdhAp1,0.3333333333333333,2,2,TAAGTCCGTACCCTAGAGAC,0,3973261
xdhAp1,0.3333333333333333,2,2,TAACTTCGGAATTCATGACA,0,3942621
xdhAp1,0.3333333333333333,2,2,TAACTGCCCCCGAAGGCGAT,0,3966306
xdhAp1,0.3333333333333333,2,2,GTTTCGCTGACTCGATGGCT,0,3972952
xdhAp1,0.3333333333333333,2,2,GTTTAGGTCCAATTACGGAG,0,3958437
xdhAp1,0.3333333333333333,2,2,GTTGGCAACTTACAAGATGC,0,3950317
xdhAp1,0.3333333333333333,2,2,GTTCTGTACATCTTCAGGCG,0,3970262
xdhAp1,0.3333333333333333,2,2,GTTCTCCAGTATGTCCTGGC,0,3951653
xdhAp1,0.3333333333333333,2,2,GTTCGACGCTTCAATCGATG,0,3948336
xdhAp1,0.3333333333333333,2,2,GTTCGACCAGTGTTGTATCT,0,3978142
xdhAp1,0.3333333333333333,2,2,GTTCCCTGGGCAGAAAATTC,0,3943413
xdhAp1,0.3333333333333333,2,2,GTTATCGAGTCAAAATCCGG,0,3938894
xdhAp1,0.3333333333333333,2,2,GTTACTGTACCATATCCCAC,0,3964070
xdhAp1,0.3333333333333333,2,2,GTTACCGAGGCGTGGGTAGC,0,3941643
xdhAp1,0.3333333333333333,2,2,GTTAACGCTCTTCTGACTGA,0,3952411
xdhAp1,0.3333333333333333,2,2,GTTAAACCACAATTTGTTGG,0,3943074
xdhAp1,0.3333333333333333,2,2,GTGTGGTCTCACGGTCACAA,0,3950053
xdhAp1,0.3333333333333333,2,2,GTGTATTGCCTTCCGCTTAC,0,3941631
xdhAp1,0.3333333333333333,2,2,GTGGCGACTATGCGCTAAGT,0,3961921
xdhAp1,0.3333333333333333,2,2,GTGGCATGGATTCATAATCA,0,3962850
xdhAp1,0.3333333333333333,2,2,GTGGAGCGGCGACCTAGCAA,0,3938916
xdhAp1,0.3333333333333333,2,2,GTGCTCCGCGAATGACCAAG,0,3950809
xdhAp1,0.3333333333333333,2,2,GTGCTCCCAACTCCGACAGT,0,3972472
xdhAp1,0.3333333333333333,2,2,GTGCCCTTACGGATAGGACC,0,3968781
xdhAp1,0.3333333333333333,2,2,GTGCACCGCCACCCTCCCAA,0,3957521
xdhAp1,0.3333333333333333,2,2,GTGCAATACGACTTTAGGTA,0,3942677
xdhAp1,0.3333333333333333,2,2,GTGAGTTCGGATCACTCTCT,0,3981243
xdhAp1,0.3333333333333333,2,2,GTGAGGCGACTTCACTCGAC,0,3936472
xdhAp1,0.3333333333333333,2,2,GTCTCGACAGTTAGATGGTT,0,3946868
xdhAp1,0.3333333333333333,2,2,GTCCCGTCCAAGCCAATTGT,0,3932108
xdhAp1,0.3333333333333333,2,2,GTCATCCGATATTGGCGCGA,0,3950056
xdhAp1,0.3333333333333333,2,2,GTCACGCTAGGCGTCGTTTC,0,3939859
xdhAp1,0.3333333333333333,2,2,GTCAAGGAGACACTGTAAGG,0,3962640
xdhAp1,0.3333333333333333,2,2,GTCAACAATCAACTGAGGCA,0,3964447
xdhAp1,0.3333333333333333,2,2,GTATGGCGGGACGTCACACG,0,3971124
xdhAp1,0.3333333333333333,2,2,GTATCGCTCATACGTGGACG,0,3939372
xdhAp1,0.3333333333333333,2,2,GTATCGACCAGCTGGGTTGT,0,3951026
xdhAp1,0.3333333333333333,2,2,GTATATCATAAACTCTCGGT,0,3936621
xdhAp1,0.3333333333333333,2,2,GTATAGTTCACGTGGGCTAA,0,3933565
xdhAp1,0.3333333333333333,2,2,GTAGTTCGTGGCCCATGATT,0,3953147
xdhAp1,0.3333333333333333,2,2,GTAGGCCCGCCGCTCCCGAG,0,3947006
xdhAp1,0.3333333333333333,2,2,GTAGCTGAAGTTCCTAAGTA,0,3974749
xdhAp1,0.3333333333333333,2,2,GTAGATGTTGGGAATAGTTC,0,3966460
xdhAp1,0.3333333333333333,2,2,GTACGCACGGGCTCGAAGTT,0,3951677
xdhAp1,0.3333333333333333,2,2,GTACATGCCAACTTGCCTAC,0,3966560
xdhAp1,0.3333333333333333,2,2,GTAAAGGTGCTGCCAGACTG,0,3932696
xdhAp1,0.3333333333333333,2,2,GGTTTCTCCTGACGCTATTT,0,3963702
xdhAp1,0.3333333333333333,2,2,GGTTTCTCAAGGGGTCTTAA,0,3942987
xdhAp1,0.3333333333333333,2,2,GGTTGTGGCCACCGCCCTAC,0,3936761
xdhAp1,0.3333333333333333,2,2,GGTTCCCACCTGAGCCAGCC,0,3967448
xdhAp1,0.3333333333333333,2,2,GGTTCCATTCTTCGACTGAT,0,3937266
xdhAp1,0.3333333333333333,2,2,GGTCTACATGTTAACCCATC,0,3963549
xdhAp1,0.3333333333333333,2,2,GGTCTAACGAAAGACAAACA,0,3931335
xdhAp1,0.3333333333333333,2,2,GGTCGGTATCGGTTTCCCGC,0,3967254
xdhAp1,0.3333333333333333,2,2,GGTCGGATAAATGCGACGCA,0,3931320
xdhAp1,0.3333333333333333,2,2,GGTCGCTGAGAGTTCTTTTT,0,3938002
xdhAp1,0.3333333333333333,2,2,GGTCGCAGGTCCCCTGGCTT,0,3974401
xdhAp1,0.3333333333333333,2,2,GGTAGTGGCGTAGGAATGGC,0,3938958
xdhAp1,0.3333333333333333,2,2,GGTAGCGAGTAGCTGCGCCC,0,3980118
xdhAp1,0.3333333333333333,2,2,GGTAATAGAAAGCTATCAAA,0,3931543
xdhAp1,0.3333333333333333,2,2,GGGTTACGTGCGAATACCAT,0,3940413
xdhAp1,0.3333333333333333,2,2,GGGTGGGCTCACACTTGTAC,0,3948864
xdhAp1,0.3333333333333333,2,2,GGGTGGGAGTAGGCACCTTG,0,3929574
xdhAp1,0.3333333333333333,2,2,GGGTCAGTGTATGAGTGAGC,0,3936223
xdhAp1,0.3333333333333333,2,2,GGGTATCCCATCATCGGGAG,0,3977191
xdhAp1,0.3333333333333333,2,2,GGGGTTTAGATCACAGGACA,0,3971206
xdhAp1,0.3333333333333333,2,2,GGGGTTGCTCAGATTAAAAC,0,3934399
xdhAp1,0.3333333333333333,2,2,GGGGTAGCAGTGCGTCACGA,0,3973364
xdhAp1,0.3333333333333333,2,2,GGGGGGTAGGGCCTTGCTAA,0,3962456
xdhAp1,0.3333333333333333,2,2,GGGGCCGGGATGTTTTATTC,0,3974737
xdhAp1,0.3333333333333333,2,2,GGGCTACGCGGCCTTATCGT,0,3941079
xdhAp1,0.3333333333333333,2,2,GGGCAGCAGGCCGAAGTAAT,0,3934652
xdhAp1,0.3333333333333333,2,2,GGGCAGAGCTCGCTGAAAAG,0,3972536
xdhAp1,0.3333333333333333,2,2,GGCTTTACTGTGGTAGGCCC,0,3936443
xdhAp1,0.3333333333333333,2,2,GGCTAGTGACCAAGAATCGC,0,3958624
xdhAp1,0.3333333333333333,2,2,GGCGTTCTAAGCATTACAAA,0,3935683
xdhAp1,0.3333333333333333,2,2,GGCGTCTGTATGGGCAATAT,0,3931157
xdhAp1,0.3333333333333333,2,2,GGCGATTATTACGTATCGTA,0,3954020
xdhAp1,0.3333333333333333,2,2,GGCGAATATAGGGTCCCGCG,0,3954405
xdhAp1,0.3333333333333333,2,2,GGCCGTCATTACAGCGGATA,0,3941949
xdhAp1,0.3333333333333333,2,2,GGCCGCAGTTCGGGTCACCT,0,3929478
xdhAp1,0.3333333333333333,2,2,GGCCCCTGCCGGTAAGCAGG,0,3981304
xdhAp1,0.3333333333333333,2,2,GGCAGTGAACATTAATTCTT,0,3956289
xdhAp1,0.3333333333333333,2,2,GGCACGTCGCATGGGTGCGC,0,3937991
xdhAp1,0.3333333333333333,2,2,GGCACGCCCGGTGGGCAAAT,0,3948538
xdhAp1,0.3333333333333333,2,2,GGCAACATCAAATCCGAGTG,0,3952511
xdhAp1,0.3333333333333333,2,2,GGATTAGGGCCTGGTATTAC,0,3940394
xdhAp1,0.3333333333333333,2,2,GGATGGTTTTTGAGACCATA,0,3952999
xdhAp1,0.3333333333333333,2,2,GGATGGCTGGAACACAGGCA,0,3943089
xdhAp1,0.3333333333333333,2,2,GGATCTTCCTTGAGACTTAA,0,3931749
xdhAp1,0.3333333333333333,2,2,GGATAAAGCCCATGCAATTT,0,3971673
xdhAp1,0.3333333333333333,2,2,GGAGTGTCAACTAGCGGCTC,0,3980398
xdhAp1,0.3333333333333333,2,2,GGAGCGGTACCGCGCTCTAA,0,3964600
xdhAp1,0.3333333333333333,2,2,GGACGATGGGTCGGCGCAAT,0,3947500
xdhAp1,0.3333333333333333,2,2,GGACCCACAGGATAAACGTC,0,3976104
xdhAp1,0.3333333333333333,2,2,GGACCACCCGGACGTAGGGA,0,3938571
xdhAp1,0.3333333333333333,2,2,GGACAAGCGGAGTCTCAGTG,0,3940296
xdhAp1,0.3333333333333333,2,2,GGAACAGTCCTTCGGACACA,0,3949840
xdhAp1,0.3333333333333333,2,2,GGAAATCCGTCCTCTCTAAC,0,3930737
xdhAp1,0.3333333333333333,2,2,GGAAAGGTTAGGCACGACTC,0,3931512
xdhAp1,0.3333333333333333,2,2,GCTTTTCAACTACTGGTGTA,0,3958026
xdhAp1,0.3333333333333333,2,2,GCTTTGGGTGCGCCACTTCA,0,3933019
xdhAp1,0.3333333333333333,2,2,GCTTGCCTTTGGGCACCGCA,0,3966603
xdhAp1,0.3333333333333333,2,2,GCTTCTGATTTGGGGCAAAA,0,3978085
xdhAp1,0.3333333333333333,2,2,GCTTCACTACGGCAGGCGGA,0,3955370
xdhAp1,0.3333333333333333,2,2,GCTGGGTCGGGCGCTGGCAG,0,3937136
xdhAp1,0.3333333333333333,2,2,GCTGCCAAGTTTGGTCTGAA,0,3976606
xdhAp1,0.3333333333333333,2,2,GCTGCATGGTTTCTCTCTAA,0,3976247
xdhAp1,0.3333333333333333,2,2,GCTGATGGTCGGGTGTCCAT,0,3949273
xdhAp1,0.3333333333333333,2,2,GCTGAACGATTGATAGAAGC,0,3974041
xdhAp1,0.3333333333333333,2,2,GCTCGTCTACCATACCGTGG,0,3941743
xdhAp1,0.3333333333333333,2,2,GCTCCGGTATGCAACACATA,0,3971381
xdhAp1,0.3333333333333333,2,2,GCTAAGAGGGCTGTTCGATT,0,3970370
xdhAp1,0.3333333333333333,2,2,GCGTTGCAGTGGTGGGTTTT,0,3980368
xdhAp1,0.3333333333333333,2,2,GCGTGTAAGGGGTTTTTTTA,0,3934842
xdhAp1,0.3333333333333333,2,2,GCGTCTCATGTGGACGCAAT,0,3936834
xdhAp1,0.3333333333333333,2,2,GCGTCGTATCGCGCTGTTTT,0,3929177
xdhAp1,0.3333333333333333,2,2,GCGTAGTCGGTATGAGATCG,0,3953212
xdhAp1,0.3333333333333333,2,2,GCGGGTGGGCGGTAAATAAT,0,3959162
xdhAp1,0.3333333333333333,2,2,GCGGGGGTCTCTTCATTCAC,0,3940221
xdhAp1,0.3333333333333333,2,2,GCGGCAAGCGAAGGGCGGAG,0,3937588
xdhAp1,0.3333333333333333,2,2,GCGCTGCCGTCCTCGATCTA,0,3944490
xdhAp1,0.3333333333333333,2,2,GCGCTCACCGTCCAGTAGGC,0,3975678
xdhAp1,0.3333333333333333,2,2,GCGCTATTTCTGTTCAGCCG,0,3971458
xdhAp1,0.3333333333333333,2,2,GCGCCACGGTTTACCATGGG,0,3956065
xdhAp1,0.3333333333333333,2,2,GCGCACTATAGCGCTGGCTT,0,3944547
xdhAp1,0.3333333333333333,2,2,GCGCAAATGTCTCGGTCAAA,0,3931522
xdhAp1,0.3333333333333333,2,2,GCGATTAAACTGCCAGAATT,0,3941680
xdhAp1,0.3333333333333333,2,2,GCCTGGACGGTTGCCTAATG,0,3938580
xdhAp1,0.3333333333333333,2,2,GCCTCCCTATCCGCTGATAG,0,3955288
xdhAp1,0.3333333333333333,2,2,GCCGGTCGCGCGCTAGAGAG,0,3948755
xdhAp1,0.3333333333333333,2,2,GCCGGGTGTCCCGAGGCTTT,0,3956776
xdhAp1,0.3333333333333333,2,2,GCCGCGTTCTTGGTCCAGAA,0,3948599
xdhAp1,0.3333333333333333,2,2,GCCCTCATCTTGGGTACCAA,0,3966828
xdhAp1,0.3333333333333333,2,2,GCCCATCAAACATTAATATA,0,3937916
xdhAp1,0.3333333333333333,2,2,GCCAGGCGCAAATCCCTTCA,0,3960802
xdhAp1,0.3333333333333333,2,2,GCCAATGTTACGCACGAGAC,0,3965144
xdhAp1,0.3333333333333333,2,2,GCATTTGTTGTAGCCGACCT,0,3972072
xdhAp1,0.3333333333333333,2,2,GCATTGTTACGTATAATCGG,0,3948264
xdhAp1,0.3333333333333333,2,2,GCATGCCGGTATCTAAACTA,0,3968322
xdhAp1,0.3333333333333333,2,2,GCATGAATGGATTTCCCATC,0,3940569
xdhAp1,0.3333333333333333,2,2,GCATATGGTGGCATCTTCGC,0,3941350
xdhAp1,0.3333333333333333,2,2,GCATAACAGACGTATCAGGC,0,3950038
xdhAp1,0.3333333333333333,2,2,GCAGTCTAATGAGGATAGGT,0,3939216
xdhAp1,0.3333333333333333,2,2,GCAGGTTGTATTATAAGGCC,0,3946840
xdhAp1,0.3333333333333333,2,2,GCAGATGCGGATGCGCCGTG,0,3948500
xdhAp1,0.3333333333333333,2,2,GCACTTTAATGCTGGAAATA,0,3969470
xdhAp1,0.3333333333333333,2,2,GCACTTGTCGTACTCTGTCC,0,3936950
xdhAp1,0.3333333333333333,2,2,GCACTCGATGAAAAGTATGT,0,3937520
xdhAp1,0.3333333333333333,2,2,GCACGTAAATTCAAGGCGGA,0,3956215
xdhAp1,0.3333333333333333,2,2,GCACCCGTGAATGTCGCGCT,0,3962366
xdhAp1,0.3333333333333333,2,2,GCACAGTTCATGATGCAACG,0,3950037
xdhAp1,0.3333333333333333,2,2,GCAATGTAAAGTTCACCTCG,0,3962714
xdhAp1,0.3333333333333333,2,2,GCAAGGGTGGCATTCTAGTG,0,3946311
xdhAp1,0.3333333333333333,2,2,GATTGGTGGGCGTACGTCAA,0,3955482
xdhAp1,0.3333333333333333,2,2,GATTCTAGGAGCCAAGGAAA,0,3944704
xdhAp1,0.3333333333333333,2,2,GATTAAATGGCCTCGGGCTT,0,3931776
xdhAp1,0.3333333333333333,2,2,GATGGCTCTGATGGGGCAGA,0,3954033
xdhAp1,0.3333333333333333,2,2,GATGCTCACAGTACTAAGAT,0,3937893
xdhAp1,0.3333333333333333,2,2,GATGACTATCACTTTTCGTC,0,3943593
xdhAp1,0.3333333333333333,2,2,GATGAAGAACCGAGCCATTT,0,3968447
xdhAp1,0.3333333333333333,2,2,GATCGTAACTCGTTCTCAAC,0,3973359
xdhAp1,0.3333333333333333,2,2,GATCGCATGACCCCTTTCGT,0,3976284
xdhAp1,0.3333333333333333,2,2,GATCGACGGGGTCCACAGAC,0,3971073
xdhAp1,0.3333333333333333,2,2,GATCGACCTGAGATACGGGT,0,3935760
xdhAp1,0.3333333333333333,2,2,GATCCGTGGTGAGTTTTCTA,0,3971699
xdhAp1,0.3333333333333333,2,2,GATAATGTAGACACTGGGTC,0,3939819
xdhAp1,0.3333333333333333,2,2,GATAAAATCGTACAAAATTT,0,3941577
xdhAp1,0.3333333333333333,2,2,GAGTTCGGACCTCCTCGATC,0,3961327
xdhAp1,0.3333333333333333,2,2,GAGTGATAAGCCGGATCATA,0,3937436
xdhAp1,0.3333333333333333,2,2,GAGTCCGTCGGTCAAACGAC,0,3935634
xdhAp1,0.3333333333333333,2,2,GAGTCACTTCGTCAATTTAT,0,3970619
xdhAp1,0.3333333333333333,2,2,GAGGCTTAGAGCGACTTCGA,0,3961060
xdhAp1,0.3333333333333333,2,2,GAGGATCGACTAATCTCACG,0,3935433
xdhAp1,0.3333333333333333,2,2,GAGCTTGGTGTTCACTCGAA,0,3957787
xdhAp1,0.3333333333333333,2,2,GAGCTATCACTTGCACCTTA,0,3960450
xdhAp1,0.3333333333333333,2,2,GAGCATTGGGTATTCCGAAA,0,3964981
xdhAp1,0.3333333333333333,2,2,GAGATGCAAGGAGCAAGCGT,0,3974496
xdhAp1,0.3333333333333333,2,2,GAGATCATGTGGGCGCCTCT,0,3962521
xdhAp1,0.3333333333333333,2,2,GACGGCCTTCACCCATTCAG,0,3950699
xdhAp1,0.3333333333333333,2,2,GACGACCGATTTCTCTTAAG,0,3962527
xdhAp1,0.3333333333333333,2,2,GACCTCAGGTAAACATACAG,0,3937560
xdhAp1,0.3333333333333333,2,2,GACCGGTTGCTAGCACACGG,0,3943919
xdhAp1,0.3333333333333333,2,2,GACCCAGGGGCTACCTCTGT,0,3956032
xdhAp1,0.3333333333333333,2,2,GACCCACGATAGAGCTGGTA,0,3960043
xdhAp1,0.3333333333333333,2,2,GACATTATTAGTCTAATGTA,0,3940056
xdhAp1,0.3333333333333333,2,2,GACATAGCCGGTGCAGGGGA,0,3934387
xdhAp1,0.3333333333333333,2,2,GACAGATGGTGGACCTCTGT,0,3972473
xdhAp1,0.3333333333333333,2,2,GAAGGCTTACACAGCCTCGT,0,3970591
xdhAp1,0.3333333333333333,2,2,GAAGCTGCCCGGGTCCTGCG,0,3935108
xdhAp1,0.3333333333333333,2,2,GAACCGTGCTTGAGCTTCAA,0,3930881
xdhAp1,0.3333333333333333,2,2,GAACCCAAGGGTATCGTCTC,0,3973158
xdhAp1,0.3333333333333333,2,2,GAAATGACTCTCGCGGGTTC,0,3961944
xdhAp1,0.3333333333333333,2,2,GAAATACTTCGGGCAATGAA,0,3962578
xdhAp1,0.3333333333333333,2,2,GAAACCCACGGATAGTTGTT,0,3933392
xdhAp1,0.3333333333333333,2,2,GAAAATTTTCTGTACCGTGT,0,3968994
xdhAp1,0.3333333333333333,2,2,GAAAAAAAGTCATTGGCAGC,0,3974464
xdhAp1,0.3333333333333333,2,2,CTTTTGGTCATCGGCTAAAT,0,3953259
xdhAp1,0.3333333333333333,2,2,CTTTGCGTTAACGCTTCAAG,0,3979987
xdhAp1,0.3333333333333333,2,2,CTTTATAATTGATGTGTATG,0,3970667
xdhAp1,0.3333333333333333,2,2,CTTGGTTGACCCATCTATAT,0,3945572
xdhAp1,0.3333333333333333,2,2,CTTGGTGGGCAGCTGTGAGG,0,3965257
xdhAp1,0.3333333333333333,2,2,CTTGCGTCAGCTTCTCCCGC,0,3944865
xdhAp1,0.3333333333333333,2,2,CTTCGCCGGTTCCATACAAC,0,3959457
xdhAp1,0.3333333333333333,2,2,CTTCCTGCGGCATCAACTAG,0,3971101
xdhAp1,0.3333333333333333,2,2,CTTCCAGAGATAACCATCGT,0,3974995
xdhAp1,0.3333333333333333,2,2,CTTCCACAGAAGTGTCGCGT,0,3941935
xdhAp1,0.3333333333333333,2,2,CTTATAGCCCTGTGTGTTCA,0,3946595
xdhAp1,0.3333333333333333,2,2,CTTAGGTGTCCTGTCATGTC,0,3971610
xdhAp1,0.3333333333333333,2,2,CTTACCTGGCTGCCGACCAA,0,3965041
xdhAp1,0.3333333333333333,2,2,CTTAAAAAGCGTAAAATCCT,0,3957815
xdhAp1,0.3333333333333333,2,2,CTGTACTCGCTAACTATTGC,0,3933817
xdhAp1,0.3333333333333333,2,2,CTGTACCAACGAGGGTACCT,0,3954140
xdhAp1,0.3333333333333333,2,2,CTGGTGTGTCGCCGTTACGT,0,3968993
xdhAp1,0.3333333333333333,2,2,CTGGCGATAGGTCAACCAGT,0,3938355
xdhAp1,0.3333333333333333,2,2,CTGCGGGACCATGACCTCGA,0,3962210
xdhAp1,0.3333333333333333,2,2,CTGCGACACATCGTATCCTT,0,3965568
xdhAp1,0.3333333333333333,2,2,CTGATGGCACGGGACATTTA,0,3948748
xdhAp1,0.3333333333333333,2,2,CTGAGTACGGCGTTTCCGAT,0,3959210
xdhAp1,0.3333333333333333,2,2,CTGAGGCAGGAAGTTTCTTG,0,3957959
xdhAp1,0.3333333333333333,2,2,CTGAGAATCGCATGGCCGTA,0,3958582
xdhAp1,0.3333333333333333,2,2,CTGAATGGGAACAGTAAATT,0,3968800
xdhAp1,0.3333333333333333,2,2,CTCTTTGCTCCAAAGCCCTG,0,3943381
xdhAp1,0.3333333333333333,2,2,CTCTTACTAGGACGCGTCGG,0,3951612
xdhAp1,0.3333333333333333,2,2,CTCGTCACTGATTGCCTAAG,0,3949294
xdhAp1,0.3333333333333333,2,2,CTCGTAGACGCCCACCGCTC,0,3957281
xdhAp1,0.3333333333333333,2,2,CTCCTGGCTAAATCGTCAAA,0,3934511
xdhAp1,0.3333333333333333,2,2,CTCATCGAAGAAAGTGTCCG,0,3950018
xdhAp1,0.3333333333333333,2,2,CTATGGGATTTCATTAGAGG,0,3968212
xdhAp1,0.3333333333333333,2,2,CTATGCAAATGGACTAAGTC,0,3941675
xdhAp1,0.3333333333333333,2,2,CTAGTCAGCGAAATCAGTAG,0,3934834
xdhAp1,0.3333333333333333,2,2,CTAGGATATTGCTACGTACA,0,3946435
xdhAp1,0.3333333333333333,2,2,CTAGCTGGCCTCCCTCTATC,0,3942490
xdhAp1,0.3333333333333333,2,2,CTAGATCGGCCTTTTATTGT,0,3954836
xdhAp1,0.3333333333333333,2,2,CTAGACACTACGTCTTTAGA,0,3943468
xdhAp1,0.3333333333333333,2,2,CTACGGGATTTATAAGTCAG,0,3938004
xdhAp1,0.3333333333333333,2,2,CTACGGATACAGGTTATCTT,0,3938434
xdhAp1,0.3333333333333333,2,2,CTACCGAGGGGCCATGTGAG,0,3968876
xdhAp1,0.3333333333333333,2,2,CTACATACTCGCGATACTGC,0,3960259
xdhAp1,0.3333333333333333,2,2,CTACAAGTCCCGTGTCGTTC,0,3936355
xdhAp1,0.3333333333333333,2,2,CTAACTCGTTGCAGTTGAAC,0,3948447
xdhAp1,0.3333333333333333,2,2,CTAAACGGGCGACGAGGGGT,0,3955743
xdhAp1,0.3333333333333333,2,2,CGTTGACGTTGATCCCAGGC,0,3951865
xdhAp1,0.3333333333333333,2,2,CGTTATGGTGCACCGGGGGA,0,3953892
xdhAp1,0.3333333333333333,2,2,CGTGTCCAGGAATACGAGGT,0,3972466
xdhAp1,0.3333333333333333,2,2,CGTGTAATGCAAACCTGAGA,0,3962043
xdhAp1,0.3333333333333333,2,2,CGTGGTTAATTCATCCTTCG,0,3979142
xdhAp1,0.3333333333333333,2,2,CGTGCTACTAAAAGGCTAAA,0,3961696
xdhAp1,0.3333333333333333,2,2,CGTCCTAAACCGGGTCTTCC,0,3976145
xdhAp1,0.3333333333333333,2,2,CGTCCATAGTCAGTTAATTA,0,3952013
xdhAp1,0.3333333333333333,2,2,CGTCACCGAGGGCGAAACCA,0,3930918
xdhAp1,0.3333333333333333,2,2,CGTCACCGACTTAGCTGGCC,0,3947827
xdhAp1,0.3333333333333333,2,2,CGTCAAACAAACCGACGTTT,0,3976174
xdhAp1,0.3333333333333333,2,2,CGTAGTCCCGCTTGACACTC,0,3969899
xdhAp1,0.3333333333333333,2,2,CGTAAATTGATAATCGAGGT,0,3930923
xdhAp1,0.3333333333333333,2,2,CGGTGGCCACGTGATCACGG,0,3935621
xdhAp1,0.3333333333333333,2,2,CGGGTTCGAGGTTGGCTCGA,0,3944656
xdhAp1,0.3333333333333333,2,2,CGGGTAAGAGAATATAGCGT,0,3935220
xdhAp1,0.3333333333333333,2,2,CGGGGTACGGATTAACGGGT,0,3952481
xdhAp1,0.3333333333333333,2,2,CGGGATGGCGACTGCAAAAA,0,3941505
xdhAp1,0.3333333333333333,2,2,CGGGACGCACAAGGCACGGT,0,3967633
xdhAp1,0.3333333333333333,2,2,CGGCTCAGTTCCTACCCGGC,0,3969732
xdhAp1,0.3333333333333333,2,2,CGGCTATTTCGTGCGCGCTT,0,3960691
xdhAp1,0.3333333333333333,2,2,CGGCGTAAAGTGGCCGGGTT,0,3969416
xdhAp1,0.3333333333333333,2,2,CGGCCGGCACCATACGCAAC,0,3981451
xdhAp1,0.3333333333333333,2,2,CGGCCAGCACATGGTAACTA,0,3937432
xdhAp1,0.3333333333333333,2,2,CGGAGTCCAGGGGCAATGGA,0,3974770
xdhAp1,0.3333333333333333,2,2,CGGAGAACTGCCTGTTAGAA,0,3957078
xdhAp1,0.3333333333333333,2,2,CGCTGGCATAAAATTGGGAC,0,3962563
xdhAp1,0.3333333333333333,2,2,CGCTCCAGACCCGCTATAGC,0,3949455
xdhAp1,0.3333333333333333,2,2,CGCTAACATTTCATGGTGGA,0,3937536
xdhAp1,0.3333333333333333,2,2,CGCGTTTGGCTGTAGGAAGA,0,3955880
xdhAp1,0.3333333333333333,2,2,CGCGGCAGGTATGGACACAT,0,3939170
xdhAp1,0.3333333333333333,2,2,CGCCCTGGGAAACAAGTATC,0,3965702
xdhAp1,0.3333333333333333,2,2,CGCCCGCCACAACGGCTGCC,0,3940434
xdhAp1,0.3333333333333333,2,2,CGCCAGTGCCATCCGTTTCT,0,3964789
xdhAp1,0.3333333333333333,2,2,CGCATCCGGATGACCGTCAC,0,3980256
xdhAp1,0.3333333333333333,2,2,CGCAGAATGCGCTGTCGTCA,0,3956577
xdhAp1,0.3333333333333333,2,2,CGCACCATCTGTGATATAGG,0,3953107
xdhAp1,0.3333333333333333,2,2,CGCAAGTGGTAAAGTCATGT,0,3962045
xdhAp1,0.3333333333333333,2,2,CGCAAAATGATAGCGAAGAA,0,3960489
xdhAp1,0.3333333333333333,2,2,CGATGCTGCAATCCTGATTA,0,3932944
xdhAp1,0.3333333333333333,2,2,CGATATTGGGTCCACCGTTA,0,3944164
xdhAp1,0.3333333333333333,2,2,CGACTCCGTGTAGGACCGAC,0,3958464
xdhAp1,0.3333333333333333,2,2,CGACTACCTGTATCGAACGC,0,3930874
xdhAp1,0.3333333333333333,2,2,CGAATAAAGAGAGGTTCGCA,0,3945720
xdhAp1,0.3333333333333333,2,2,CCTTGATGATGCCAAAACCA,0,3959537
xdhAp1,0.3333333333333333,2,2,CCTTAGTGTGCGCTCCCATT,0,3951684
xdhAp1,0.3333333333333333,2,2,CCTTACTGCAGCGCAACTTA,0,3941260
xdhAp1,0.3333333333333333,2,2,CCTTAACAGTCGCTAGAATC,0,3975656
xdhAp1,0.3333333333333333,2,2,CCTGTCAACTAGACAGACCC,0,3969993
xdhAp1,0.3333333333333333,2,2,CCTGGCACTAGGGTAGTAAC,0,3980539
xdhAp1,0.3333333333333333,2,2,CCTGCCAACAAGTCCCCGGA,0,3950258
xdhAp1,0.3333333333333333,2,2,CCTCATGTATCTGAGACAGC,0,3963455
xdhAp1,0.3333333333333333,2,2,CCTCAGTTCCGCTACGAGGG,0,3961344
xdhAp1,0.3333333333333333,2,2,CCGTTTGAGCTACGTTAAAT,0,3936835
xdhAp1,0.3333333333333333,2,2,CCGTCCTCGAGTCAAACCTC,0,3959201
xdhAp1,0.3333333333333333,2,2,CCGTAGGCTGTGTATGTACA,0,3933835
xdhAp1,0.3333333333333333,2,2,CCGGTAAATGGCCTTAGTAA,0,3939111
xdhAp1,0.3333333333333333,2,2,CCGGAGGGCCGACCCGTCCA,0,3933265
xdhAp1,0.3333333333333333,2,2,CCGGACTTACGGTCGTTAGA,0,3936477
xdhAp1,0.3333333333333333,2,2,CCGCTTGAAGATTCTTATTG,0,3933026
xdhAp1,0.3333333333333333,2,2,CCGCTGTGTCATTGTAGGTT,0,3939710
xdhAp1,0.3333333333333333,2,2,CCGCTGTCTTCCAATCATCA,0,3956419
xdhAp1,0.3333333333333333,2,2,CCGCCGCGGTCACTATGCGG,0,3965635
xdhAp1,0.3333333333333333,2,2,CCGCATCAGGAACGTAGCAG,0,3970069
xdhAp1,0.3333333333333333,2,2,CCGATGTTGGGGAGCTCGTT,0,3971214
xdhAp1,0.3333333333333333,2,2,CCGAGTACGGGACTCCATAT,0,3944767
xdhAp1,0.3333333333333333,2,2,CCGAATCTATCACTCCTTTG,0,3973791
xdhAp1,0.3333333333333333,2,2,CCCTCGATCACGCCTTAGTA,0,3975001
xdhAp1,0.3333333333333333,2,2,CCCTCACCATTACAGAGGAT,0,3950209
xdhAp1,0.3333333333333333,2,2,CCCTAGCACATCGAGGTATA,0,3964219
xdhAp1,0.3333333333333333,2,2,CCCTACCCGGTGATGCAAGA,0,3938689
xdhAp1,0.3333333333333333,2,2,CCCGTGGAATTTCAACAAGT,0,3978055
xdhAp1,0.3333333333333333,2,2,CCCGCAAGCCATGTTTTACT,0,3930789
xdhAp1,0.3333333333333333,2,2,CCCGAGTCCCCGGCTCTTAG,0,3968333
xdhAp1,0.3333333333333333,2,2,CCCCTACAATGACCTGGGAC,0,3932633
xdhAp1,0.3333333333333333,2,2,CCCCGAGATCCTAGACCTGT,0,3960941
xdhAp1,0.3333333333333333,2,2,CCCCACCTAATTGCCGCGGA,0,3980478
xdhAp1,0.3333333333333333,2,2,CCCATTTAGCCTTAACCCAG,0,3961853
xdhAp1,0.3333333333333333,2,2,CCCATATGCACGGGCTCCAA,0,3928959
xdhAp1,0.3333333333333333,2,2,CCCAGCCGGCGGGTATGAAG,0,3934141
xdhAp1,0.3333333333333333,2,2,CCATTCGGCATACGTTGTAT,0,3951431
xdhAp1,0.3333333333333333,2,2,CCATTCCATAGGGCTGCGCA,0,3934638
xdhAp1,0.3333333333333333,2,2,CCATGCTTAATACCGCGTGG,0,3936315
xdhAp1,0.3333333333333333,2,2,CCATAGGTGATCTTGGGTAT,0,3951445
xdhAp1,0.3333333333333333,2,2,CCAGTCCATCGGCATCAGGC,0,3963597
xdhAp1,0.3333333333333333,2,2,CCAGGGCAAGCTCATGTATG,0,3960401
xdhAp1,0.3333333333333333,2,2,CCACTCTGTCCCAGCCGCTA,0,3955147
xdhAp1,0.3333333333333333,2,2,CCACTCTAAAGTCGAATAAT,0,3938400
xdhAp1,0.3333333333333333,2,2,CCACATTTACTCGATTGTGA,0,3949404
xdhAp1,0.3333333333333333,2,2,CCACACTATACGCTCATGCG,0,3956624
xdhAp1,0.3333333333333333,2,2,CCACAACCGTCTGGTCTAAG,0,3952701
xdhAp1,0.3333333333333333,2,2,CCACAAATACCGACGGACCT,0,3931095
xdhAp1,0.3333333333333333,2,2,CCAACATGCTCTAGCGGCGA,0,3955457
xdhAp1,0.3333333333333333,2,2,CCAACAATCCTCGTATGACC,0,3977910
xdhAp1,0.3333333333333333,2,2,CATTTGGTAAGCGAATATTG,0,3943507
xdhAp1,0.3333333333333333,2,2,CATTAATTGAGGGCAACAGT,0,3961779
xdhAp1,0.3333333333333333,2,2,CATGTCGGTCCCTATGTAGC,0,3929065
xdhAp1,0.3333333333333333,2,2,CATGCGGTACCAACAGCTCA,0,3959161
xdhAp1,0.3333333333333333,2,2,CATGCGGCCAGGCTAATCTG,0,3943695
xdhAp1,0.3333333333333333,2,2,CATGCATCACCTCAACGTCG,0,3973205
xdhAp1,0.3333333333333333,2,2,CATGACTGGCTAGTTCAGAA,0,3961879
xdhAp1,0.3333333333333333,2,2,CATCTCGCCCCCGACCGAGG,0,3936657
xdhAp1,0.3333333333333333,2,2,CATCCTGATGGCCACTTATA,0,3958820
xdhAp1,0.3333333333333333,2,2,CATCCGTGTGTAAAACGGAT,0,3958927
xdhAp1,0.3333333333333333,2,2,CATCACGTTTCATCCAATCA,0,3967353
xdhAp1,0.3333333333333333,2,2,CATACTGGGAAGGATACAAA,0,3930277
xdhAp1,0.3333333333333333,2,2,CATACTACTAACTCCAGCCT,0,3965998
xdhAp1,0.3333333333333333,2,2,CATACGGGTAGTCTAGTTGT,0,3965943
xdhAp1,0.3333333333333333,2,2,CATAATCGGGCGACTCGCGG,0,3938117
xdhAp1,0.3333333333333333,2,2,CATAAGGCGGTTTGAGAGAT,0,3946076
xdhAp1,0.3333333333333333,2,2,CATAACCTCTTCAGGACCTC,0,3973173
xdhAp1,0.3333333333333333,2,2,CAGTTTTGGACAACTCCGCG,0,3946118
xdhAp1,0.3333333333333333,2,2,CAGTTCACGCGCTGCAGACA,0,3943955
xdhAp1,0.3333333333333333,2,2,CAGTCCTCCGATGCGGTATC,0,3931608
xdhAp1,0.3333333333333333,2,2,CAGCGGGATTATTGGGTTTT,0,3929294
xdhAp1,0.3333333333333333,2,2,CAGCGCTGCGGATGTCGCAA,0,3975739
xdhAp1,0.3333333333333333,2,2,CAGCGATGCACGGAGTCAAG,0,3957826
xdhAp1,0.3333333333333333,2,2,CAGCAAGGTCTCCGTCAAAT,0,3963825
xdhAp1,0.3333333333333333,2,2,CAGAGACATAATAGAATGCT,0,3930177
xdhAp1,0.3333333333333333,2,2,CAGAAAAAGGGCTAATCGTA,0,3961507
xdhAp1,0.3333333333333333,2,2,CACTTTGTGTTCTGTGCACT,0,3979945
xdhAp1,0.3333333333333333,2,2,CACTCTAGGGCGAATCTGAT,0,3932695
xdhAp1,0.3333333333333333,2,2,CACTCAATAGCTAGAGTTGC,0,3966672
xdhAp1,0.3333333333333333,2,2,CACTCAAGGTTATATGCGAT,0,3950091
xdhAp1,0.3333333333333333,2,2,CACTACCGCAAGAAGGTTTA,0,3966124
xdhAp1,0.3333333333333333,2,2,CACGGTTTAGAAACACTGAT,0,3957870
xdhAp1,0.3333333333333333,2,2,CACGCTTTAAACAGGCTCAG,0,3952335
xdhAp1,0.3333333333333333,2,2,CACGATATCGGCTTTCCCGG,0,3941098
xdhAp1,0.3333333333333333,2,2,CACCCCTCCCGGACTCCTAG,0,3942255
xdhAp1,0.3333333333333333,2,2,CACAACTGGAAACCAAGAGG,0,3946409
xdhAp1,0.3333333333333333,2,2,CAATCGTCATGGGTTTTTAT,0,3959554
xdhAp1,0.3333333333333333,2,2,CAATCGCGGACAAGCTGATG,0,3961373
xdhAp1,0.3333333333333333,2,2,CAAGGTCAGCCTACGAGACT,0,3945846
xdhAp1,0.3333333333333333,2,2,CAAGCGTTAGTAGCCGCGCA,0,3969450
xdhAp1,0.3333333333333333,2,2,CAAGCCCCTCATGAGATACT,0,3940277
xdhAp1,0.3333333333333333,2,2,CAAGATCATGAATCCTTGGG,0,3940786
xdhAp1,0.3333333333333333,2,2,CAAGAGTTAGCGGCTGGATA,0,3932798
xdhAp1,0.3333333333333333,2,2,CAACTAAGCGGCTGTCCGGC,0,3933545
xdhAp1,0.3333333333333333,2,2,CAACGGTGCGCGGGGGTGCT,0,3963208
xdhAp1,0.3333333333333333,2,2,CAACGACACCTTAAGACTAG,0,3930729
xdhAp1,0.3333333333333333,2,2,CAACATATAGCGTTAAGTCA,0,3953551
xdhAp1,0.3333333333333333,2,2,CAACAAGTATTGACGTACTC,0,3963606
xdhAp1,0.3333333333333333,2,2,CAAATTGCGCCAGGACAACG,0,3941630
xdhAp1,0.3333333333333333,2,2,CAAATGTATGTAATACCGGT,0,3937974
xdhAp1,0.3333333333333333,2,2,CAAATGCTGCACGTTACAGT,0,3945449
xdhAp1,0.3333333333333333,2,2,CAAATCAGGCATACATATTG,0,3936654
xdhAp1,0.3333333333333333,2,2,CAAACGGTCCAGCCGGCAGG,0,3953433
xdhAp1,0.3333333333333333,2,2,CAAAATCTGCATCGCAGAAT,0,3975838
xdhAp1,0.3333333333333333,2,2,ATTTTTAGTCTTTTATGATT,0,3954675
xdhAp1,0.3333333333333333,2,2,ATTTATTGGGTTGCATGCAT,0,3947476
xdhAp1,0.3333333333333333,2,2,ATTTAACTGGCCCCTCATGT,0,3937602
xdhAp1,0.3333333333333333,2,2,ATTGCCAGACTGCACTCTCG,0,3948747
xdhAp1,0.3333333333333333,2,2,ATTATGAGCAATTGCTCGGT,0,3968435
xdhAp1,0.3333333333333333,2,2,ATTAGGGAAAAACTAAATAT,0,3956819
xdhAp1,0.3333333333333333,2,2,ATTAGAATCTTACCTCTTAA,0,3930565
xdhAp1,0.3333333333333333,2,2,ATTACCCTGGTTGACGTGGG,0,3937790
xdhAp1,0.3333333333333333,2,2,ATGTCTCTGGTCCTGGTAGT,0,3950570
xdhAp1,0.3333333333333333,2,2,ATGGTGTGGTAGGATGCTTT,0,3939183
xdhAp1,0.3333333333333333,2,2,ATGGCCACCGGTCGGTGATT,0,3970826
xdhAp1,0.3333333333333333,2,2,ATGCTCTAGCGCGGAACCTA,0,3930676
xdhAp1,0.3333333333333333,2,2,ATGCGCACACTGCCCTGTAG,0,3933815
xdhAp1,0.3333333333333333,2,2,ATGCCTTGACTATACGTGGT,0,3932792
xdhAp1,0.3333333333333333,2,2,ATGAGTTCGATGCACGTGAA,0,3971609
xdhAp1,0.3333333333333333,2,2,ATGAGCTTCTCGTACCGATA,0,3952117
xdhAp1,0.3333333333333333,2,2,ATGAGACTCACCGGCGCCCC,0,3965923
xdhAp1,0.3333333333333333,2,2,ATGACGAGATCTCCGACAAT,0,3935544
xdhAp1,0.3333333333333333,2,2,ATGAAATAATTCCTGTGTTT,0,3936833
xdhAp1,0.3333333333333333,2,2,ATCTTCGTGGTGGGACCCTA,0,3976790
xdhAp1,0.3333333333333333,2,2,ATCTCTAAGGCCACGCCCTC,0,3957937
xdhAp1,0.3333333333333333,2,2,ATCTCATACATATACCACGG,0,3961655
xdhAp1,0.3333333333333333,2,2,ATCTATTTGGGTGAATCCTT,0,3940288
xdhAp1,0.3333333333333333,2,2,ATCGTGGATCATAGAAAGGA,0,3949836
xdhAp1,0.3333333333333333,2,2,ATCGTCACAACTTGGAGCAT,0,3950320
xdhAp1,0.3333333333333333,2,2,ATCGGAACACAGCTAGAGGC,0,3961436
xdhAp1,0.3333333333333333,2,2,ATCGCATGTACTCCTCTGTA,0,3946057
xdhAp1,0.3333333333333333,2,2,ATCGAAGGTGACCGTAGTGA,0,3940518
xdhAp1,0.3333333333333333,2,2,ATCCTCTCTGGTGGGCGCAT,0,3941301
xdhAp1,0.3333333333333333,2,2,ATCCACCCCTCTCTCAACAG,0,3953469
xdhAp1,0.3333333333333333,2,2,ATCAAATGGTCTAACGACGT,0,3933104
xdhAp1,0.3333333333333333,2,2,ATATGTTTCAGTATGATTTT,0,3959426
xdhAp1,0.3333333333333333,2,2,ATATGGTCTAGGGGATTCTT,0,3957256
xdhAp1,0.3333333333333333,2,2,ATATGGCGTGCTACGGATCC,0,3944733
xdhAp1,0.3333333333333333,2,2,ATATGGAGAGGCCAGCCAGA,0,3964288
xdhAp1,0.3333333333333333,2,2,ATATCCTGTTGCGAGGTTTT,0,3949740
xdhAp1,0.3333333333333333,2,2,ATATCAGTGTGCCTTCGCGC,0,3966102
xdhAp1,0.3333333333333333,2,2,ATAGTATTTCACTCATCTTC,0,3941593
xdhAp1,0.3333333333333333,2,2,ATAGCTTTTAAGTTTGACTT,0,3968451
xdhAp1,0.3333333333333333,2,2,ATAGCGGTGTCTGGGCCTAT,0,3954353
xdhAp1,0.3333333333333333,2,2,ATACTCCTCGATAGGTTGGA,0,3964545
xdhAp1,0.3333333333333333,2,2,ATACGGAGCAACAGACAAGA,0,3953167
xdhAp1,0.3333333333333333,2,2,ATACCAAACTTGATATTACA,0,3936440
xdhAp1,0.3333333333333333,2,2,ATACATACAGTTTTCGGAGA,0,3972237
xdhAp1,0.3333333333333333,2,2,ATACACAATGGGCATGACTA,0,3969233
xdhAp1,0.3333333333333333,2,2,ATACACAATCCAAGCTAGAT,0,3932864
xdhAp1,0.3333333333333333,2,2,ATAACCCACGACTTCCTACC,0,3948489
xdhAp1,0.3333333333333333,2,2,AGTTTGTTCGGTGAAATTTA,0,3970823
xdhAp1,0.3333333333333333,2,2,AGTTTAGGCGTCCGCAACTC,0,3954308
xdhAp1,0.3333333333333333,2,2,AGTTCGCGGAAAGAGGTACG,0,3965305
xdhAp1,0.3333333333333333,2,2,AGTGCTTGTACTGGGGAGAC,0,3945616
xdhAp1,0.3333333333333333,2,2,AGTCGTATGACACTTGCAGG,0,3979570
xdhAp1,0.3333333333333333,2,2,AGTCATATACGATGAAGATG,0,3958603
xdhAp1,0.3333333333333333,2,2,AGTAGTTCACAATGTGGAGC,0,3952080
xdhAp1,0.3333333333333333,2,2,AGTAGTATCCGAATGGGGAA,0,3974562
xdhAp1,0.3333333333333333,2,2,AGTACAGGGTGAGTGTGCGA,0,3957690
xdhAp1,0.3333333333333333,2,2,AGGTTATAGAGGCTGCGAGT,0,3981314
xdhAp1,0.3333333333333333,2,2,AGGTGGGGGTCGCAAGCAGG,0,3929015
xdhAp1,0.3333333333333333,2,2,AGGTCAGTGATCGTCTATGT,0,3977459
xdhAp1,0.3333333333333333,2,2,AGGTATGCATGCCAAGTCTA,0,3976994
xdhAp1,0.3333333333333333,2,2,AGGTAGCAGGCAAGAATGGG,0,3931554
xdhAp1,0.3333333333333333,2,2,AGGGTTGATGGAATAGTCCT,0,3959462
xdhAp1,0.3333333333333333,2,2,AGGGGTCCAGCCTTGCGTCC,0,3970795
xdhAp1,0.3333333333333333,2,2,AGGGGTATGGACTTATCGCT,0,3968868
xdhAp1,0.3333333333333333,2,2,AGGGCAACTAAGAAGGTGTG,0,3962298
xdhAp1,0.3333333333333333,2,2,AGGGAACCATAGGGATTCTA,0,3931469
xdhAp1,0.3333333333333333,2,2,AGGCGGACGGGATCGGGTTC,0,3962555
xdhAp1,0.3333333333333333,2,2,AGGCCGGTTGCGCACGTATG,0,3957882
xdhAp1,0.3333333333333333,2,2,AGGCAGTGACTCATCAAAAG,0,3933337
xdhAp1,0.3333333333333333,2,2,AGGCACCGCTGTCCTGAGTC,0,3931896
xdhAp1,0.3333333333333333,2,2,AGGAGTTCCTTGTTAGGTTG,0,3944169
xdhAp1,0.3333333333333333,2,2,AGGACCAATATAACCATGGT,0,3930470
xdhAp1,0.3333333333333333,2,2,AGGAAGGAGTCATTGCGACT,0,3951519
xdhAp1,0.3333333333333333,2,2,AGGAAGCATGAGTTCGGACT,0,3956830
xdhAp1,0.3333333333333333,2,2,AGCTTGCAAGCAGATCCCAG,0,3944758
xdhAp1,0.3333333333333333,2,2,AGCTGGTTTGCGTAATACTG,0,3978420
xdhAp1,0.3333333333333333,2,2,AGCTGGCCGAAGGGAATGTG,0,3933209
xdhAp1,0.3333333333333333,2,2,AGCTAGCGACTGTATTAGTG,0,3967103
xdhAp1,0.3333333333333333,2,2,AGCGTTCCCGGCCTACTGCC,0,3952048
xdhAp1,0.3333333333333333,2,2,AGCCTCAGGTATAGCTTTTC,0,3950323
xdhAp1,0.3333333333333333,2,2,AGCCGTCGGCACTGGTAGCA,0,3945385
xdhAp1,0.3333333333333333,2,2,AGCCCAACCATAGCAACGTA,0,3945436
xdhAp1,0.3333333333333333,2,2,AGCACCGGCCTTTGGTTCAC,0,3969973
xdhAp1,0.3333333333333333,2,2,AGCAAGTCCTCTACCGAGGC,0,3950448
xdhAp1,0.3333333333333333,2,2,AGCAAGAGAGATCCTTATCT,0,3961684
xdhAp1,0.3333333333333333,2,2,AGATGGGCTTGAATGCACGG,0,3933823
xdhAp1,0.3333333333333333,2,2,AGATCCGGACTGTTCTGAAG,0,3960940
xdhAp1,0.3333333333333333,2,2,AGAGTAGTCCATAAATTACA,0,3936945
xdhAp1,0.3333333333333333,2,2,AGAGGGTTACGCATGTAAGG,0,3967003
xdhAp1,0.3333333333333333,2,2,AGAAGGGCTGCGTTAGGCGT,0,3980836
xdhAp1,0.3333333333333333,2,2,AGAAGCGGACTGATTAACTT,0,3960973
xdhAp1,0.3333333333333333,2,2,AGAAAGATAATTCGGAGAGT,0,3939962
xdhAp1,0.3333333333333333,2,2,ACTTTGTGCGTTTAGTTACA,0,3965632
xdhAp1,0.3333333333333333,2,2,ACTTGGAAAGAGCTAACAAG,0,3936866
xdhAp1,0.3333333333333333,2,2,ACTTGCGCGTCGCTAGCAAT,0,3976689
xdhAp1,0.3333333333333333,2,2,ACTGGACATAATTGAATAGT,0,3950287
xdhAp1,0.3333333333333333,2,2,ACTGCCGCCCGACGCAGACT,0,3937277
xdhAp1,0.3333333333333333,2,2,ACTGACGTTTAGGTCACAAA,0,3942665
xdhAp1,0.3333333333333333,2,2,ACTGACCCAATGGACTGTCA,0,3980007
xdhAp1,0.3333333333333333,2,2,ACTCGAGGTTGCACTGTAAG,0,3973233
xdhAp1,0.3333333333333333,2,2,ACTCCGTGTTGAAGCCAGGA,0,3953415
xdhAp1,0.3333333333333333,2,2,ACTCCCAAGAATGACTGGGA,0,3979180
xdhAp1,0.3333333333333333,2,2,ACTATGGACTTGGTCCTGAA,0,3966361
xdhAp1,0.3333333333333333,2,2,ACTATCTGCTCGCTTTGCCT,0,3952355
xdhAp1,0.3333333333333333,2,2,ACTATCTATCGACAATAATC,0,3955993
xdhAp1,0.3333333333333333,2,2,ACTAAGCGCAGCATAGGCAA,0,3969829
xdhAp1,0.3333333333333333,2,2,ACTAAGCAAACCCACCGAGG,0,3957495
xdhAp1,0.3333333333333333,2,2,ACGTTCGGGTTTGGTCATCG,0,3930081
xdhAp1,0.3333333333333333,2,2,ACGTTAGTCCGGCAAAAGGT,0,3959848
xdhAp1,0.3333333333333333,2,2,ACGTGATGGACCAAGTTCTC,0,3932860
xdhAp1,0.3333333333333333,2,2,ACGTGATCAATCCGGTTGTT,0,3945107
xdhAp1,0.3333333333333333,2,2,ACGTATCCCATGCCCCCGGG,0,3978464
xdhAp1,0.3333333333333333,2,2,ACGTAGGCAAAAACGAGTGA,0,3932689
xdhAp1,0.3333333333333333,2,2,ACGCTGGACGATGTGAGGCC,0,3972293
xdhAp1,0.3333333333333333,2,2,ACGCTAAAGTAAGCGGCACG,0,3965254
xdhAp1,0.3333333333333333,2,2,ACGCTAAAGAACTTTCGGGC,0,3973104
xdhAp1,0.3333333333333333,2,2,ACGCAACCCCTCCCGGCGCT,0,3946738
xdhAp1,0.3333333333333333,2,2,ACGATTATTCACGCGCCTAA,0,3972027
xdhAp1,0.3333333333333333,2,2,ACGATGCGGTGAGCAAAGTG,0,3945053
xdhAp1,0.3333333333333333,2,2,ACGAGTTCCACAACCAAATC,0,3962116
xdhAp1,0.3333333333333333,2,2,ACGAGTATCGAGAGACCGCT,0,3955181
xdhAp1,0.3333333333333333,2,2,ACGAGGAGTCTTAAGGTTCA,0,3938337
xdhAp1,0.3333333333333333,2,2,ACGAGCCAAGACCTGGGACA,0,3943186
xdhAp1,0.3333333333333333,2,2,ACGACGATCGAAGCGCGGCG,0,3944216
xdhAp1,0.3333333333333333,2,2,ACGAAGTCGAGGCTTTAACC,0,3932753
xdhAp1,0.3333333333333333,2,2,ACCTACCAATGCTAAGATAT,0,3936921
xdhAp1,0.3333333333333333,2,2,ACCGTTCGAACATGCCGACT,0,3962797
xdhAp1,0.3333333333333333,2,2,ACCGCGAGCAGCCCTAAAGA,0,3967640
xdhAp1,0.3333333333333333,2,2,ACCGCCTAGACTAAGCACGA,0,3947854
xdhAp1,0.3333333333333333,2,2,ACCGAGCATGCGCGGTTTGA,0,3974048
xdhAp1,0.3333333333333333,2,2,ACCCTTACTACTGGTCCAGT,0,3956255
xdhAp1,0.3333333333333333,2,2,ACCCGCGCGGCAAGGTCGAG,0,3966513
xdhAp1,0.3333333333333333,2,2,ACCCCGAGAAAAACTCCCGT,0,3955847
xdhAp1,0.3333333333333333,2,2,ACCCAATAGTAGGGCAGCAT,0,3949357
xdhAp1,0.3333333333333333,2,2,ACCAATTGTCCGACGTAACG,0,3974042
xdhAp1,0.3333333333333333,2,2,ACCAAGGAGATGAAGGGACG,0,3970061
xdhAp1,0.3333333333333333,2,2,ACATTAACGTATGGGGCAGT,0,3948989
xdhAp1,0.3333333333333333,2,2,ACATGTTGTGACATATACCA,0,3979141
xdhAp1,0.3333333333333333,2,2,ACATCCTTGAGCGACGGAGA,0,3937558
xdhAp1,0.3333333333333333,2,2,ACAGCCGCAGGCGCGTAAGT,0,3943127
xdhAp1,0.3333333333333333,2,2,ACAGCCATCATTCACCCGGT,0,3961694
xdhAp1,0.3333333333333333,2,2,ACAGAGGGAGCCTGTAGAGA,0,3969327
xdhAp1,0.3333333333333333,2,2,ACACTTTCTCTACAAGGATG,0,3953856
xdhAp1,0.3333333333333333,2,2,ACACTCACACCTTGGGAACA,0,3938176
xdhAp1,0.3333333333333333,2,2,ACACGGCTATTCGGTCACTG,0,3981436
xdhAp1,0.3333333333333333,2,2,ACACAGTGACTGAGCCCAGC,0,3972275
xdhAp1,0.3333333333333333,2,2,ACAATCGAGATCCTATGATC,0,3962937
xdhAp1,0.3333333333333333,2,2,ACAAATAAAGCGACCAATTA,0,3963316
xdhAp1,0.3333333333333333,2,2,AATTTCTCATTCAGGATTAC,0,3966808
xdhAp1,0.3333333333333333,2,2,AATTGATTACACACCACTTC,0,3972283
xdhAp1,0.3333333333333333,2,2,AATGTCGGATCGACCTATGT,0,3974618
xdhAp1,0.3333333333333333,2,2,AATCTGGACTTGATCACTGT,0,3951648
xdhAp1,0.3333333333333333,2,2,AATCGCGACCACGGAAGTGT,0,3950992
xdhAp1,0.3333333333333333,2,2,AATCAGCCGACTAGGCAAGA,0,3929013
xdhAp1,0.3333333333333333,2,2,AATCACAAAACTTCTGGAAT,0,3954290
xdhAp1,0.3333333333333333,2,2,AATATTGTCGCCGCGGGATG,0,3947716
xdhAp1,0.3333333333333333,2,2,AATATAGACAGGAAGGGGTC,0,3934144
xdhAp1,0.3333333333333333,2,2,AATAGTCGTCCGTCGTGTTG,0,3952030
xdhAp1,0.3333333333333333,2,2,AAGTTTGATCGGATGACTAT,0,3957763
xdhAp1,0.3333333333333333,2,2,AAGTTCCTTTATAGCCTCCT,0,3937424
xdhAp1,0.3333333333333333,2,2,AAGTACTGCCCCATTTCTAT,0,3954021
xdhAp1,0.3333333333333333,2,2,AAGGTAATCGGGAAACTGCA,0,3946834
xdhAp1,0.3333333333333333,2,2,AAGGCCTTCTAGGGAGATTC,0,3976502
xdhAp1,0.3333333333333333,2,2,AAGCTACTATTGATGGTAGC,0,3945592
xdhAp1,0.3333333333333333,2,2,AAGCGTGCGGCCGAGGTGCC,0,3953152
xdhAp1,0.3333333333333333,2,2,AAGCGACCACTCGCGGGAGC,0,3941407
xdhAp1,0.3333333333333333,2,2,AAGCAACCAATGTGAGCCAT,0,3957156
xdhAp1,0.3333333333333333,2,2,AAGATTGATGTCATATTCCA,0,3950033
xdhAp1,0.3333333333333333,2,2,AAGATCATTGGTGTGTTGCT,0,3947688
xdhAp1,0.3333333333333333,2,2,AAGAAACTAATCACAGCTAG,0,3948443
xdhAp1,0.3333333333333333,2,2,AACTGTTGTAATGAGCCTAA,0,3931257
xdhAp1,0.3333333333333333,2,2,AACTGGTGGGGGCATCCGGG,0,3943961
xdhAp1,0.3333333333333333,2,2,AACTGGGTATTTATTAATTC,0,3946391
xdhAp1,0.3333333333333333,2,2,AACTCGCCTTTTCAAACGAA,0,3970209
xdhAp1,0.3333333333333333,2,2,AACTAGCGCCATGCCATCAG,0,3968703
xdhAp1,0.3333333333333333,2,2,AACTACCCCCCACGGCCTTT,0,3962725
xdhAp1,0.3333333333333333,2,2,AACGTCACCCCACAGGTGGG,0,3975107
xdhAp1,0.3333333333333333,2,2,AACGGTACTTTTATAGCCGT,0,3937729
xdhAp1,0.3333333333333333,2,2,AACGCTAGCGTCTCGCACCC,0,3944170
xdhAp1,0.3333333333333333,2,2,AACGATTCTCGGTCATGATT,0,3938929
xdhAp1,0.3333333333333333,2,2,AACCTTCCCAACCGGTAGTA,0,3936045
xdhAp1,0.3333333333333333,2,2,AACCCGTATGGATTTAGGGG,0,3972156
xdhAp1,0.3333333333333333,2,2,AACCATTAGCTGCCAGAGAA,0,3948617
xdhAp1,0.3333333333333333,2,2,AACATATCCGACCTCCGACA,0,3959304
xdhAp1,0.3333333333333333,2,2,AACACGTTGGGCGTCTGTAA,0,3960750
xdhAp1,0.3333333333333333,2,2,AACACGTTGCCCGGGGAAAC,0,3934596
xdhAp1,0.3333333333333333,2,2,AACACATTTCCGCCATTAAT,0,3964539
xdhAp1,0.3333333333333333,2,2,AAATTCCGTATAAGTCTAGT,0,3958909
xdhAp1,0.3333333333333333,2,2,AAATTAACCGTTGGGACCTA,0,3939107
xdhAp1,0.3333333333333333,2,2,AAATCCTTTCGCTACTATAT,0,3952652
xdhAp1,0.3333333333333333,2,2,AAATCCGGGCATAAAGCTGC,0,3959871
xdhAp1,0.3333333333333333,2,2,AAAGGAATTCATCCTCGGGG,0,3947541
xdhAp1,0.3333333333333333,2,2,AAAGACTGGCGTATCCGAGG,0,3963564
xdhAp1,0.3333333333333333,2,2,AAAGACCTCAAATCTCCCCA,0,3944866
xdhAp1,0.3333333333333333,2,2,AAAGACACACATGTTCCAAC,0,3975233
xdhAp1,0.3333333333333333,2,2,AAACGAGCTAAACATTTAAT,0,3968995
xdhAp1,0.3333333333333333,2,2,AAACCGAATTAATTTGGGCT,0,3945403
xdhAp1,0.3333333333333333,2,2,AAACCATGCCAAGTGCCAAG,0,3935856
xdhAp1,0.3333333333333333,2,2,AAAAGGGTAGATCTGATCTT,0,3947074
xdhAp1,0.3333333333333333,2,2,AAAAGCTGACACTACTGGTT,0,3970933
xdhAp1,0.3333333333333333,2,2,AAAACGCGGATGTCAGAGGT,0,3938119
xdhAp1,0.3333333333333333,2,2,AAAACAGTAGCATAGTATCG,0,3980615
xdhAp1,0.3333333333333333,2,2,AAAAATATACCGTATAATGA,0,3937573
xdhAp1,0.5,1,1,TTTTTATAGGGCTAAAAGAG,0,3942450
xdhAp1,0.5,1,1,TTTTGCAATCTAGTCCAACG,0,3956290
xdhAp1,0.5,1,1,TTTTGCAACGTGCTCCCTGC,0,3931465
xdhAp1,0.5,1,1,TTTTCTATTGATAAGGAACA,0,3969580
xdhAp1,0.5,1,1,TTTTATAATATCGGAACAAT,0,3966044
xdhAp1,0.5,1,1,TTTTAGTGCACCACCTAAAC,0,3935630
xdhAp1,0.5,1,1,TTTTAGGATACGAACTGTGA,0,3935035
xdhAp1,0.5,1,1,TTTGTGGGTTTCAGAGACTG,0,3980181
xdhAp1,0.5,1,1,TTTGTAAGTGACAGTTAACA,0,3936442
xdhAp1,0.5,1,1,TTTGGGCCTCTTAGCTGCTT,0,3941786
xdhAp1,0.5,1,1,TTTGGATATTCCTTGACAGA,0,3937190
xdhAp1,0.5,1,1,TTTGGAGCGACACCGTAGCA,0,3957872
xdhAp1,0.5,1,1,TTTGGAACAGGTGACAAAGA,0,3981258
xdhAp1,0.5,1,1,TTTGCGTCGCATGGGACCTA,0,3977549
xdhAp1,0.5,1,1,TTTGCGGAGCGCCAGTATCC,0,3958389
xdhAp1,0.5,1,1,TTTGCCAGAGTTGCTCCTTC,0,3963470
xdhAp1,0.5,1,1,TTTGCCAAACGAGCCGATAA,0,3980927
xdhAp1,0.5,1,1,TTTGCATCTATTAGGTTGGC,0,3976833
xdhAp1,0.5,1,1,TTTGCACAGGAGTCCGATAA,0,3970536
xdhAp1,0.5,1,1,TTTGAGGATTATTCTGGACA,0,3954220
xdhAp1,0.5,1,1,TTTGAGCTGGGATAACTCCC,0,3979878
xdhAp1,0.5,1,1,TTTGAAGGTTGGTTTTTTGT,0,3962796
xdhAp1,0.5,1,1,TTTCTAGGGTTGCCGCGCAG,0,3947368
xdhAp1,0.5,1,1,TTTCGGTAAACTCGACACGC,0,3962211
xdhAp1,0.5,1,1,TTTCGGCGCTCTGCGTAAAC,0,3931996
xdhAp1,0.5,1,1,TTTCGGAGAGGAAGTCAGAT,0,3938523
xdhAp1,0.5,1,1,TTTCGCACCACCCGTGTTGC,0,3971079
xdhAp1,0.5,1,1,TTTCCTTAGGATAAACCATT,0,3971879
xdhAp1,0.5,1,1,TTTCCTCTACGCCCACCCGG,0,3957123
xdhAp1,0.5,1,1,TTTCCGTAGTTAAGGCGCAT,0,3939996
xdhAp1,0.5,1,1,TTTCATAGAAAGCTCTGCAA,0,3969142
xdhAp1,0.5,1,1,TTTCACCTGCGGGACGGCTA,0,3935521
xdhAp1,0.5,1,1,TTTCACCCCGGGCCTCCGAG,0,3935040
xdhAp1,0.5,1,1,TTTCAACGTTTTTCAGTCAT,0,3940429
xdhAp1,0.5,1,1,TTTATTCGTTAACATCTAGC,0,3973648
xdhAp1,0.5,1,1,TTTATGTGCGGCTTCCCAAT,0,3932222
xdhAp1,0.5,1,1,TTTATAAGCGGTACTCTCAC,0,3974601
xdhAp1,0.5,1,1,TTTAGGAGACCCTTGGCGAC,0,3933814
xdhAp1,0.5,1,1,TTTAGCCTCATGGTCGCTTA,0,3936848
xdhAp1,0.5,1,1,TTTAGCCATCAACTGGGGTA,0,3939860
xdhAp1,0.5,1,1,TTTAGACGGGATGCGCATCC,0,3972276
xdhAp1,0.5,1,1,TTTACTTCCTCAGGACGAGT,0,3944918
xdhAp1,0.5,1,1,TTTACGGTCTCGGCTACTAA,0,3978900
xdhAp1,0.5,1,1,TTTAATCGCTACTGGTAAAT,0,3947063
xdhAp1,0.5,1,1,TTTAATAGGATTGTAATTAG,0,3960544
xdhAp1,0.5,1,1,TTGTTTAGTTGCGCATCTTA,0,3934303
xdhAp1,0.5,1,1,TTGTTACGTTGCTGAAAATA,0,3942260
xdhAp1,0.5,1,1,TTGTTAAACAGATGCGTTAG,0,3968712
xdhAp1,0.5,1,1,TTGTGCAAGGCCATCTGGCG,0,3939608
xdhAp1,0.5,1,1,TTGTGAAGTGTGTCAGGTCT,0,3951103
xdhAp1,0.5,1,1,TTGTCTATTCAATCAGACGC,0,3961992
xdhAp1,0.5,1,1,TTGTCGTCGAATGTGATGAT,0,3979535
xdhAp1,0.5,1,1,TTGTATATAGATTAGCGCAT,0,3962819
xdhAp1,0.5,1,1,TTGGTTACGTGTGCCCGCGG,0,3932284
xdhAp1,0.5,1,1,TTGGTCCGAGCATATTGGAT,0,3979783
xdhAp1,0.5,1,1,TTGGTATTCCGCACGGTTGT,0,3947681
xdhAp1,0.5,1,1,TTGGGTTTTTCGGGACTCTC,0,3952012
xdhAp1,0.5,1,1,TTGGGTGTCCGCTCGCGGCA,0,3940820
xdhAp1,0.5,1,1,TTGGGTAAGTGGGCCACCAA,0,3936179
xdhAp1,0.5,1,1,TTGGGGCAAAAAGCACCCAC,0,3936456
xdhAp1,0.5,1,1,TTGGCTCCCGTCATTGTTAT,0,3948368
xdhAp1,0.5,1,1,TTGGCGAAGGAAGAACGATA,0,3962031
xdhAp1,0.5,1,1,TTGGCCTCATGTCGCTTAGG,0,3947064
xdhAp1,0.5,1,1,TTGGCCCAGGCTTACCCGAC,0,3934461
xdhAp1,0.5,1,1,TTGGCATTATAGGCACTATT,0,3966909
xdhAp1,0.5,1,1,TTGGATCTGGTGGACAACCT,0,3945500
xdhAp1,0.5,1,1,TTGGACATGTTGATAGTCAC,0,3937937
xdhAp1,0.5,1,1,TTGGAAAGTGCTACCAATTT,0,3941000
xdhAp1,0.5,1,1,TTGCTTCTAAATAGGCGACG,0,3946412
xdhAp1,0.5,1,1,TTGCTGGGCATACGGTCCAG,0,3948990
xdhAp1,0.5,1,1,TTGCGTTTCGGCAAATTGAG,0,3970938
xdhAp1,0.5,1,1,TTGCGTTTATGGGGACTGTT,0,3965630
xdhAp1,0.5,1,1,TTGCGTCGCAGCGGCCACTT,0,3940825
xdhAp1,0.5,1,1,TTGCGGGAGGTTTAGGGATC,0,3945339
xdhAp1,0.5,1,1,TTGCGCTTCTCGCTCTCTGT,0,3967668
xdhAp1,0.5,1,1,TTGCGCGTCCGACGCGACAG,0,3944653
xdhAp1,0.5,1,1,TTGCGCCGGTATCCTATGTT,0,3933105
xdhAp1,0.5,1,1,TTGCGCACCGGAGAGCCCAT,0,3937175
xdhAp1,0.5,1,1,TTGCGACTGCAGTAGTCGGG,0,3954764
xdhAp1,0.5,1,1,TTGCCTGTCTCTCACAGACG,0,3930162
xdhAp1,0.5,1,1,TTGCCTGACCCGAGTGGCAG,0,3967105
xdhAp1,0.5,1,1,TTGCCGTGAAGAATGGTAAG,0,3929652
xdhAp1,0.5,1,1,TTGCCCGGTAACTATGTTTA,0,3930866
xdhAp1,0.5,1,1,TTGCACTACTTAATGAGGCG,0,3958146
xdhAp1,0.5,1,1,TTGCAATATGAAGTCTCCAA,0,3958289
xdhAp1,0.5,1,1,TTGACTGGGTTGTCACGCAA,0,3939398
xdhAp1,0.5,1,1,TTGACGCCTCGCCGCCTTCG,0,3934185
xdhAp1,0.5,1,1,TTGACGATACTGCCCTGGGG,0,3975517
xdhAp1,0.5,1,1,TTGACCGGCACCAGTATTTC,0,3969235
xdhAp1,0.5,1,1,TTGAATGGCCGTGGTAGGTT,0,3929734
xdhAp1,0.5,1,1,TTGAATACGGGGATCTAAGT,0,3961140
xdhAp1,0.5,1,1,TTGAAGGCGAACGTGACACA,0,3965049
xdhAp1,0.5,1,1,TTGAAATGCGATCGGGCAGG,0,3929224
xdhAp1,0.5,1,1,TTGAAACATCCGGACCTGGG,0,3967795
xdhAp1,0.5,1,1,TTCTTCTTGTCCGCCCCTGT,0,3960636
xdhAp1,0.5,1,1,TTCTGGCGATCTGGGGCGTG,0,3940987
xdhAp1,0.5,1,1,TTCTGCCGTATGTCTGCCAT,0,3934540
xdhAp1,0.5,1,1,TTCTGATGGACGGCACTAGG,0,3935616
xdhAp1,0.5,1,1,TTCTCTTCCACACTGCGAAA,0,3936059
xdhAp1,0.5,1,1,TTCTACCTTGGATAGCTGGA,0,3945843
xdhAp1,0.5,1,1,TTCGTGGAGAGAGTGCGTAA,0,3978374
xdhAp1,0.5,1,1,TTCGGTTAGTAAACTGTGGG,0,3958211
xdhAp1,0.5,1,1,TTCGGGTTAAGCAGAAAAAT,0,3948562
xdhAp1,0.5,1,1,TTCGGGGTACGCAGATGAGG,0,3939488
xdhAp1,0.5,1,1,TTCGGGCGCGAGGGATCAGT,0,3947498
xdhAp1,0.5,1,1,TTCGGCTGCGGGTTGTCTAT,0,3950793
xdhAp1,0.5,1,1,TTCGGAAAAGGCATAGATCG,0,3950290
xdhAp1,0.5,1,1,TTCGCGGCGTAGGCGAAAAT,0,3958201
xdhAp1,0.5,1,1,TTCGCGAGCGTATATTAGGC,0,3934658
xdhAp1,0.5,1,1,TTCGATTTCGGTAGCGTTCA,0,3958655
xdhAp1,0.5,1,1,TTCGAAGTGTATTGTTTCAT,0,3942913
xdhAp1,0.5,1,1,TTCCTAATTGACGACGGTAT,0,3971939
xdhAp1,0.5,1,1,TTCCGTTGACAGCTCAATTA,0,3929212
xdhAp1,0.5,1,1,TTCCGTCGGGAGGTTGATTT,0,3936457
xdhAp1,0.5,1,1,TTCCGGCGCATTAGGGCCAC,0,3955095
xdhAp1,0.5,1,1,TTCCGGCGAAAGCAGATCAT,0,3980812
xdhAp1,0.5,1,1,TTCCGCTTTCTAAGGGAGAT,0,3952820
xdhAp1,0.5,1,1,TTCCGCTCAAATACTCAGGG,0,3959253
xdhAp1,0.5,1,1,TTCCGATCACTGCGTGCACA,0,3935731
xdhAp1,0.5,1,1,TTCCCGGATCGGGAGGTCCG,0,3948044
xdhAp1,0.5,1,1,TTCCCGAGGTCATCCCTTAT,0,3961586
xdhAp1,0.5,1,1,TTCCCCGCGGAGTTTTACCA,0,3956052
xdhAp1,0.5,1,1,TTCCATACAAGCTATCGCTC,0,3940200
xdhAp1,0.5,1,1,TTCCAGTTACTATTCTGGGA,0,3976531
xdhAp1,0.5,1,1,TTCCAAGCTAAGTAAGGCCA,0,3943567
xdhAp1,0.5,1,1,TTCCAAAAAGGAATAGGACA,0,3972752
xdhAp1,0.5,1,1,TTCATGGTGGTGCGATGTTC,0,3968305
xdhAp1,0.5,1,1,TTCAGTCTCAAAGTATTGCA,0,3967669
xdhAp1,0.5,1,1,TTCAGTAGGGAACTAGATCA,0,3937428
xdhAp1,0.5,1,1,TTCAGCCGATGGGTTGTAAA,0,3962289
xdhAp1,0.5,1,1,TTCACATGCCCAACGTTCTT,0,3972709
xdhAp1,0.5,1,1,TTCACACCTTTTGGGGATGC,0,3972362
xdhAp1,0.5,1,1,TTCACAAATGGCACTATCTG,0,3949102
xdhAp1,0.5,1,1,TTCAATGCGTGCCTGGGCTT,0,3942873
xdhAp1,0.5,1,1,TTCAATAAGGTGATATAAGG,0,3951797
xdhAp1,0.5,1,1,TTCAAGTTCCGTTGTTGATA,0,3973283
xdhAp1,0.5,1,1,TTCAAGAAGATAGTTCCGGA,0,3974298
xdhAp1,0.5,1,1,TTCAAACGCAAGCTACGTTA,0,3977587
xdhAp1,0.5,1,1,TTCAAAAATATCGCAATGGC,0,3931784
xdhAp1,0.5,1,1,TTATTTTCGAGATACCGACG,0,3945346
xdhAp1,0.5,1,1,TTATTAAGACCGCCTCGTTC,0,3957531
xdhAp1,0.5,1,1,TTATGTCGTCCGTTTAACTA,0,3946399
xdhAp1,0.5,1,1,TTATGGATGATGCCGGACCG,0,3969940
xdhAp1,0.5,1,1,TTATGCTTCGAATCTTGGTG,0,3936052
xdhAp1,0.5,1,1,TTATGCTCGCTTTGCCGCCC,0,3958004
xdhAp1,0.5,1,1,TTATGAGTATTAATCAAGTA,0,3932706
xdhAp1,0.5,1,1,TTATGACTGGGCAATGTTTT,0,3949712
xdhAp1,0.5,1,1,TTATGAAGTGAAGAAATGGT,0,3981502
xdhAp1,0.5,1,1,TTATCTTAGACCGTGCCCAG,0,3965640
xdhAp1,0.5,1,1,TTATCGTAGGGAATGACAAT,0,3938057
xdhAp1,0.5,1,1,TTATAGTCATTAGTACTGGA,0,3972555
xdhAp1,0.5,1,1,TTATAAAGAGCAGATTCACT,0,3929598
xdhAp1,0.5,1,1,TTATAAACCAAAATTTTCAG,0,3952517
xdhAp1,0.5,1,1,TTAGTTACGGTCCCTGCTTA,0,3941003
xdhAp1,0.5,1,1,TTAGTCGTTGGGGATCCTAT,0,3966392
xdhAp1,0.5,1,1,TTAGTCAGTACGGTCATATG,0,3946206
xdhAp1,0.5,1,1,TTAGTACAGGGAGCGCAGCT,0,3937652
xdhAp1,0.5,1,1,TTAGGTATTGTATGACTTTG,0,3969406
xdhAp1,0.5,1,1,TTAGGGTTAATTTCCTTGTG,0,3974429
xdhAp1,0.5,1,1,TTAGGCTTCCCGGACCAGCA,0,3945685
xdhAp1,0.5,1,1,TTAGCTCCTATGGACTCTGA,0,3942753
xdhAp1,0.5,1,1,TTAGAGCGATCGTGGCTGAA,0,3939288
xdhAp1,0.5,1,1,TTAGACTCACGTCACAAAAG,0,3934737
xdhAp1,0.5,1,1,TTAGACCGCTTTCAGTTCCC,0,3972374
xdhAp1,0.5,1,1,TTACTTATGGAGCTTTCGGA,0,3936555
xdhAp1,0.5,1,1,TTACTCTGATTCGCCAGCAG,0,3939858
xdhAp1,0.5,1,1,TTACGCGCGAACACAGGCGC,0,3936156
xdhAp1,0.5,1,1,TTACGATGCGTTTTCAAGTA,0,3978193
xdhAp1,0.5,1,1,TTACCGTTAATAATTCACCC,0,3941930
xdhAp1,0.5,1,1,TTACCCGTCATTAGCTAATA,0,3964204
xdhAp1,0.5,1,1,TTACCCCTGACGCTTCTATG,0,3944861
xdhAp1,0.5,1,1,TTACCCCTAGTTGAGAGGCA,0,3981408
xdhAp1,0.5,1,1,TTACCATCACGCATCGCGGA,0,3948398
xdhAp1,0.5,1,1,TTACCATATGTAATTGGCAG,0,3977708
xdhAp1,0.5,1,1,TTACCAGCAATATCTCCAGA,0,3935461
xdhAp1,0.5,1,1,TTACAAGTCTCCTTCCCGCC,0,3944922
xdhAp1,0.5,1,1,TTAATCCAGAGCATATGATA,0,3948081
xdhAp1,0.5,1,1,TTAAGTTTCCGCGAGCTCTG,0,3957776
xdhAp1,0.5,1,1,TTAAGTTATTGATTTTCCTT,0,3943557
xdhAp1,0.5,1,1,TTAAGTGCATAGAGAAGGCA,0,3944340
xdhAp1,0.5,1,1,TTAAGGCATGGGGGTACGCC,0,3960506
xdhAp1,0.5,1,1,TTAACGCGGGACGTAGAGTT,0,3930192
xdhAp1,0.5,1,1,TTAACGACCTTGGACGGCCG,0,3973015
xdhAp1,0.5,1,1,TTAACATAAGGCCAGGAGAT,0,3963422
xdhAp1,0.5,1,1,TTAAATGTGGATGCATCGAG,0,3965233
xdhAp1,0.5,1,1,TTAAATCTAATTTGCCGAAG,0,3973421
xdhAp1,0.5,1,1,TTAAATACGACTTTTCCAGT,0,3949880
xdhAp1,0.5,1,1,TTAAATAATGTGCATCTACT,0,3963467
xdhAp1,0.5,1,1,TGTTTGCATTTACACGCTGC,0,3948840
xdhAp1,0.5,1,1,TGTTTCTGCAAGCGCGCAAT,0,3936416
xdhAp1,0.5,1,1,TGTTTCGCGCCCGGCCCACC,0,3980963
xdhAp1,0.5,1,1,TGTTGTGCGAGCACGTAACC,0,3929722
xdhAp1,0.5,1,1,TGTTCCAGCAGCTCTTGATA,0,3937851
xdhAp1,0.5,1,1,TGTTCACGAGTCCGTTCCCG,0,3965777
xdhAp1,0.5,1,1,TGTTATAACCGGTATACCGG,0,3943750
xdhAp1,0.5,1,1,TGTTAGTTGTCTGTATTCTC,0,3966992
xdhAp1,0.5,1,1,TGTTAGGGTCTGTGCTCAGA,0,3980055
xdhAp1,0.5,1,1,TGTGTTTTCTAACTTTTGGG,0,3981171
xdhAp1,0.5,1,1,TGTGGGCTGCCACACAAAGC,0,3967392
xdhAp1,0.5,1,1,TGTGGGCAAGCTTCTGAGCT,0,3945418
xdhAp1,0.5,1,1,TGTGGCACCCGTCTAGGGCA,0,3951242
xdhAp1,0.5,1,1,TGTGGAAGGCGCCATGTTAG,0,3943388
xdhAp1,0.5,1,1,TGTGCGTGGTCCGCCTAATA,0,3956030
xdhAp1,0.5,1,1,TGTGATCCATCGTATGCGTC,0,3975440
xdhAp1,0.5,1,1,TGTCTGCGATTCACGAAAAG,0,3975663
xdhAp1,0.5,1,1,TGTCTGAGATTGCTAAAATC,0,3938811
xdhAp1,0.5,1,1,TGTCTCTGTCGAGGGTGTTC,0,3941106
xdhAp1,0.5,1,1,TGTCTCTATTTAGGTAGAAA,0,3938179
xdhAp1,0.5,1,1,TGTCGTGTGCTTGAGCCCTA,0,3960121
xdhAp1,0.5,1,1,TGTCGGTAGGGGTATTGCTA,0,3951446
xdhAp1,0.5,1,1,TGTCGGCCTCGCTTTAAGAC,0,3976153
xdhAp1,0.5,1,1,TGTCCTGTACGTAACTTTTT,0,3942384
xdhAp1,0.5,1,1,TGTCCGTGCCGACAGATACA,0,3969322
xdhAp1,0.5,1,1,TGTCCGATACCTCCCAACCA,0,3968558
xdhAp1,0.5,1,1,TGTCCATGCACATCGCAAAA,0,3929218
xdhAp1,0.5,1,1,TGTCCAAGCGCGCCCCACTT,0,3945810
xdhAp1,0.5,1,1,TGTCCAACTTGATGGATGAT,0,3945430
xdhAp1,0.5,1,1,TGTCAGTATGATAGCAGGCG,0,3978071
xdhAp1,0.5,1,1,TGTCAGGGCCATCCGAACTT,0,3939036
xdhAp1,0.5,1,1,TGTCACTTATTACCGCGGGT,0,3943380
xdhAp1,0.5,1,1,TGTAGGGCCGGCTTCACGTG,0,3980415
xdhAp1,0.5,1,1,TGTACCCATAGACGAAGGTA,0,3973121
xdhAp1,0.5,1,1,TGTACACAGGGTGTAATCGT,0,3981343
xdhAp1,0.5,1,1,TGTAATCTGTGTTGTTGGGG,0,3937670
xdhAp1,0.5,1,1,TGTAAGGTTACCGGGTAAGA,0,3939820
xdhAp1,0.5,1,1,TGTAACATACGTAAAAAGAG,0,3966470
xdhAp1,0.5,1,1,TGTAACAGTCGAGTCATCAC,0,3971703
xdhAp1,0.5,1,1,TGGTTTACTGGGGGGTGGGT,0,3948661
xdhAp1,0.5,1,1,TGGTTCGCATTTTCAAAAGT,0,3974849
xdhAp1,0.5,1,1,TGGTTCGAATTCCACTTCGT,0,3962209
xdhAp1,0.5,1,1,TGGTTAAGCACAGTACAAGT,0,3939762
xdhAp1,0.5,1,1,TGGTGAAGACAGGACACGAG,0,3971698
xdhAp1,0.5,1,1,TGGTCCGTACCTGCGATACT,0,3930336
xdhAp1,0.5,1,1,TGGTCCAATCGGCCTGGTCA,0,3947959
xdhAp1,0.5,1,1,TGGTCAGCTAGAGCACGATA,0,3956028
xdhAp1,0.5,1,1,TGGTCAGCAGGCGGACAGGA,0,3964821
xdhAp1,0.5,1,1,TGGTATGCACGCGAGGGGTT,0,3976457
xdhAp1,0.5,1,1,TGGTAGCTTAGATAAGGGAT,0,3960149
xdhAp1,0.5,1,1,TGGGTGATTATAAATGTGAT,0,3964373
xdhAp1,0.5,1,1,TGGGTACACCACGGCTTAAT,0,3939347
xdhAp1,0.5,1,1,TGGGGCACTAGCGTTCCTTC,0,3970029
xdhAp1,0.5,1,1,TGGGCGGGATTATATAAGGC,0,3963679
xdhAp1,0.5,1,1,TGGGCGCATTGCAATGTAGG,0,3955932
xdhAp1,0.5,1,1,TGGGAGTGGCGAGTACTACA,0,3965266
xdhAp1,0.5,1,1,TGGGAGGCGTCGTCATGTAG,0,3971511
xdhAp1,0.5,1,1,TGGGAAAGTACGGTCGCCTT,0,3977258
xdhAp1,0.5,1,1,TGGCTGTTCACGAGGAGGGC,0,3940959
xdhAp1,0.5,1,1,TGGCTGAACCGGGCAGCGTC,0,3949666
xdhAp1,0.5,1,1,TGGCGTTAGTTAAATTAGAA,0,3981422
xdhAp1,0.5,1,1,TGGCGGTTATGTGAAAGATA,0,3973390
xdhAp1,0.5,1,1,TGGCGGAGCAAGGTGCAGTA,0,3938926
xdhAp1,0.5,1,1,TGGCCTCGTTGATGTCAAGA,0,3956668
xdhAp1,0.5,1,1,TGGCCGCTTGCGGTAAGTCA,0,3939554
xdhAp1,0.5,1,1,TGGAGTTGGAACCTAGGTAC,0,3947594
xdhAp1,0.5,1,1,TGGAGGCTTGCAGGTGGTGC,0,3977322
xdhAp1,0.5,1,1,TGGAGCATGGAATTGAGGAC,0,3953545
xdhAp1,0.5,1,1,TGGAGCATAGGCCACTTCCA,0,3934265
xdhAp1,0.5,1,1,TGGACGTACCTTGGTCTAAC,0,3961023
xdhAp1,0.5,1,1,TGGACCTGCTCCTCTCCACC,0,3936103
xdhAp1,0.5,1,1,TGGACCGCATAGCAACGAAA,0,3950381
xdhAp1,0.5,1,1,TGGACAACATCGCATCTGTC,0,3974502
xdhAp1,0.5,1,1,TGGAACGCCACACAGTTATT,0,3974609
xdhAp1,0.5,1,1,TGGAACCCACCGCAGGTACT,0,3951284
xdhAp1,0.5,1,1,TGCTTTGTTAGCGCAGCACT,0,3937556
xdhAp1,0.5,1,1,TGCTTGTACGAAATCGACCG,0,3974588
xdhAp1,0.5,1,1,TGCTTGAGCCCGCTAATATC,0,3963820
xdhAp1,0.5,1,1,TGCTGCTATGTGGGGCGGTG,0,3965151
xdhAp1,0.5,1,1,TGCTCGGTACTTGATAAGCC,0,3935204
xdhAp1,0.5,1,1,TGCTCGCCGGTCCTCCAATG,0,3963057
xdhAp1,0.5,1,1,TGCTCAAATTGCTGTGGTCA,0,3930783
xdhAp1,0.5,1,1,TGCTAGTGAGGATCCTCTTC,0,3955064
xdhAp1,0.5,1,1,TGCTAGTCGGCCCGGAGAGG,0,3975526
xdhAp1,0.5,1,1,TGCTAGTACCAATATCTTTT,0,3973462
xdhAp1,0.5,1,1,TGCTAGGCCAGGATGACAGG,0,3946510
xdhAp1,0.5,1,1,TGCTAGCTAAGTCATCCGAC,0,3972715
xdhAp1,0.5,1,1,TGCGTGAGTCGGTATGTTAC,0,3935032
xdhAp1,0.5,1,1,TGCGGTTGAAGGACCGCGCA,0,3958689
xdhAp1,0.5,1,1,TGCCTCACCTAACAATATCA,0,3950183
xdhAp1,0.5,1,1,TGCCGGGAGTTCGTTCTATG,0,3951288
xdhAp1,0.5,1,1,TGCCCTGTCGGTTATCCCCT,0,3939181
xdhAp1,0.5,1,1,TGCCCTACCGTCGTAGGGTC,0,3933039
xdhAp1,0.5,1,1,TGCCCCCGACTTGGCGCCAT,0,3966550
xdhAp1,0.5,1,1,TGCCAGCAGCATACGTGGGA,0,3981495
xdhAp1,0.5,1,1,TGCCAGAGTCATCGAATGAT,0,3962418
xdhAp1,0.5,1,1,TGCATTTGTCCCCGGTTTGT,0,3962412
xdhAp1,0.5,1,1,TGCATTGACCATATTGATGT,0,3981041
xdhAp1,0.5,1,1,TGCATGTCAAAGCCTGGTTT,0,3940178
xdhAp1,0.5,1,1,TGCATAATTTGGCGGGTTAT,0,3942620
xdhAp1,0.5,1,1,TGCAGTGGGCTTGGTCATAG,0,3962295
xdhAp1,0.5,1,1,TGCAGCACAGGTCAGGCATA,0,3953565
xdhAp1,0.5,1,1,TGCAGCACAGCACAATTTAT,0,3954597
xdhAp1,0.5,1,1,TGCAGATGCTCAGAGGTTAA,0,3950074
xdhAp1,0.5,1,1,TGCACGCTGGGCGGACCATT,0,3971202
xdhAp1,0.5,1,1,TGCAATTGGACCGAAAGCAT,0,3978722
xdhAp1,0.5,1,1,TGCAAGGTTCTTGAGGATAA,0,3947415
xdhAp1,0.5,1,1,TGCAACTGAGCTTGACGAGA,0,3955290
xdhAp1,0.5,1,1,TGCAACTAGGCAGTAGCAGA,0,3966540
xdhAp1,0.5,1,1,TGATTCTTCATGGGCGGCGA,0,3966195
xdhAp1,0.5,1,1,TGATTAAGGGGGTTAGTTGT,0,3967255
xdhAp1,0.5,1,1,TGATGTTCACCCAAGCAGCG,0,3979655
xdhAp1,0.5,1,1,TGATGTGTTAAGCGGAGCAA,0,3981089
xdhAp1,0.5,1,1,TGATGTCTTAACATTAAGGC,0,3931747
xdhAp1,0.5,1,1,TGATGTCATGGCGCTTGACG,0,3963348
xdhAp1,0.5,1,1,TGATGGAATGACTGACAAAC,0,3935186
xdhAp1,0.5,1,1,TGATCTTGAATGCATGAAAA,0,3952515
xdhAp1,0.5,1,1,TGATCTGAGTATCAGAACGG,0,3948404
xdhAp1,0.5,1,1,TGATCTATCTGCCACGGCCT,0,3958271
xdhAp1,0.5,1,1,TGATCGTATGCTGGCGACTA,0,3973115
xdhAp1,0.5,1,1,TGATCACACCCCACCGTCGT,0,3969929
xdhAp1,0.5,1,1,TGATATCGTTGGGGCCATTT,0,3976004
xdhAp1,0.5,1,1,TGATAGACCCGGACGACAGT,0,3967055
xdhAp1,0.5,1,1,TGATAACTTCCGAATGTGGT,0,3938246
xdhAp1,0.5,1,1,TGAGTTTAAAAATTGTTGTC,0,3937217
xdhAp1,0.5,1,1,TGAGTCCTCTCGACATCGAA,0,3953248
xdhAp1,0.5,1,1,TGAGGTGCGTCAATCATGAT,0,3972083
xdhAp1,0.5,1,1,TGAGGCAAAAGCTAGTGCGT,0,3930398
xdhAp1,0.5,1,1,TGAGGATGGAAGTATTCATA,0,3950941
xdhAp1,0.5,1,1,TGAGGAGTAAAGATACTGCT,0,3941512
xdhAp1,0.5,1,1,TGAGCTAGCGTGGCATATTT,0,3972663
xdhAp1,0.5,1,1,TGAGCCCTTCCGGGAAGCGT,0,3942811
xdhAp1,0.5,1,1,TGAGAAGGCTTAAGGTCAGG,0,3942922
xdhAp1,0.5,1,1,TGACTCTGGTGACCGAGTTT,0,3973501
xdhAp1,0.5,1,1,TGACGTACCGTCAAATAGGC,0,3970732
xdhAp1,0.5,1,1,TGACGCCTCGTATAGGGCGC,0,3980460
xdhAp1,0.5,1,1,TGACGAACACATGGTAGTCT,0,3962155
xdhAp1,0.5,1,1,TGACCTTCAGCCCTGACCTG,0,3961032
xdhAp1,0.5,1,1,TGACCTCAGCTGTCTCCGAT,0,3937796
xdhAp1,0.5,1,1,TGACCCACGTTGCATTTTAA,0,3949753
xdhAp1,0.5,1,1,TGACCATAGGCAGGGTGTCG,0,3941951
xdhAp1,0.5,1,1,TGACAGTAGCAGGTCGGATT,0,3958762
xdhAp1,0.5,1,1,TGAATCTTTCGATATGTATG,0,3977883
xdhAp1,0.5,1,1,TGAATCAGTCGTAAATCTAT,0,3978255
xdhAp1,0.5,1,1,TGAAGTACCTTAGGGTTGAT,0,3971909
xdhAp1,0.5,1,1,TGAAGACCAGGTTTAAGGAG,0,3929948
xdhAp1,0.5,1,1,TGAACGAGTAACGTGCATGC,0,3965866
xdhAp1,0.5,1,1,TGAACCCCGAGTGCCCGTCA,0,3950118
xdhAp1,0.5,1,1,TGAAAGGGGTTGTCCTAGCT,0,3952383
xdhAp1,0.5,1,1,TCTTTGATCAGCGATGGCAT,0,3937015
xdhAp1,0.5,1,1,TCTTTCTGTGCGTGCAACGA,0,3932172
xdhAp1,0.5,1,1,TCTTTCATGAATCTATCGAA,0,3942971
xdhAp1,0.5,1,1,TCTTGTTAAGGGCGTTGCGG,0,3941359
xdhAp1,0.5,1,1,TCTTGGTAGCACTCGCTTCA,0,3938436
xdhAp1,0.5,1,1,TCTTGGGTTTATGTTCTTTT,0,3974154
xdhAp1,0.5,1,1,TCTTGCCTACTCAGGATCTT,0,3955791
xdhAp1,0.5,1,1,TCTTGACCAGCTAGGCCTAC,0,3965032
xdhAp1,0.5,1,1,TCTTGAAAGTAAATTATGAG,0,3959720
xdhAp1,0.5,1,1,TCTTCGGTGGACGTATCAGC,0,3968513
xdhAp1,0.5,1,1,TCTTCGGCCTTACCGACAGG,0,3956751
xdhAp1,0.5,1,1,TCTTCAAATAGACAAGCCCC,0,3948086
xdhAp1,0.5,1,1,TCTTACCTCCGCGTGGGAGC,0,3932290
xdhAp1,0.5,1,1,TCTGGGTCTGAAGGTTATAT,0,3953740
xdhAp1,0.5,1,1,TCTGGAGTCGCCTGACTTGA,0,3935941
xdhAp1,0.5,1,1,TCTGCTATGACTGACCTGGC,0,3937663
xdhAp1,0.5,1,1,TCTGCGTTTAGTGTGGCCCA,0,3930980
xdhAp1,0.5,1,1,TCTGCGTGGAAGTGGATGAG,0,3971716
xdhAp1,0.5,1,1,TCTGCAGTAGCTGCTGTACA,0,3931162
xdhAp1,0.5,1,1,TCTGATGCCGATATATATGA,0,3951607
xdhAp1,0.5,1,1,TCTGAGGCCCTAACGTGGCA,0,3934523
xdhAp1,0.5,1,1,TCTGACTAACTAGAGAAATT,0,3964631
xdhAp1,0.5,1,1,TCTCGTCGAGGGATCCTATA,0,3967165
xdhAp1,0.5,1,1,TCTCGGGCAAGTCTTCTTGG,0,3980094
xdhAp1,0.5,1,1,TCTCGGAGGATATGACAGTG,0,3929215
xdhAp1,0.5,1,1,TCTCCCTGCATGTGCAATTG,0,3937387
xdhAp1,0.5,1,1,TCTCCCTCCTATCCGCTACT,0,3941124
xdhAp1,0.5,1,1,TCTCATTGGCACGACGCCGG,0,3932691
xdhAp1,0.5,1,1,TCTCAGTAGTTGATTGGCAT,0,3936109
xdhAp1,0.5,1,1,TCTCAGGACTGCGCTGAGCT,0,3952488
xdhAp1,0.5,1,1,TCTATATTAGGCTTTGTCCG,0,3962398
xdhAp1,0.5,1,1,TCTATATGGACAGACGTTCA,0,3966139
xdhAp1,0.5,1,1,TCTATAGGAGCTGGGGGGGT,0,3965407
xdhAp1,0.5,1,1,TCTATAAGCGATGAAGGTGT,0,3973481
xdhAp1,0.5,1,1,TCTAGTGGAAGTTTGGCGAC,0,3981488
xdhAp1,0.5,1,1,TCTAGTACTCAGAAGGCTCT,0,3950822
xdhAp1,0.5,1,1,TCTAGCATAGCGTAATGCTA,0,3955772
xdhAp1,0.5,1,1,TCTACCTGACTATGTTGCTA,0,3977189
xdhAp1,0.5,1,1,TCTACCTCGACAACCAGGAT,0,3971655
xdhAp1,0.5,1,1,TCTACAGTGATCACTGCCAC,0,3933164
xdhAp1,0.5,1,1,TCTAAGTTCGTACGTACGGA,0,3937708
xdhAp1,0.5,1,1,TCTAACCCCAAAGAGGTTGC,0,3932304
xdhAp1,0.5,1,1,TCGTTGCTTGGTAAATGAAG,0,3979068
xdhAp1,0.5,1,1,TCGTTCTAGTTTTACGGCGG,0,3980673
xdhAp1,0.5,1,1,TCGTTAAACCCCTTCGTATT,0,3938199
xdhAp1,0.5,1,1,TCGTGGACTGGGTGAAAAGA,0,3971157
xdhAp1,0.5,1,1,TCGTCTAAGCGGATCATTGG,0,3953557
xdhAp1,0.5,1,1,TCGTCATCGGTTCCCATTTG,0,3975909
xdhAp1,0.5,1,1,TCGTAAGAACTCTCACGAGT,0,3960550
xdhAp1,0.5,1,1,TCGGTTTATGCCAATGCTTA,0,3978573
xdhAp1,0.5,1,1,TCGGTGACTCAAACAGGAAA,0,3933391
xdhAp1,0.5,1,1,TCGGTCGTTCTTTCTAATTT,0,3943327
xdhAp1,0.5,1,1,TCGGTAATAGACCTTGGCTG,0,3953306
xdhAp1,0.5,1,1,TCGGGCGCGGGGTCCGTGAC,0,3945299
xdhAp1,0.5,1,1,TCGGCTGCGACGATGACATA,0,3967360
xdhAp1,0.5,1,1,TCGGCGTGCAGACGCCCGTG,0,3933262
xdhAp1,0.5,1,1,TCGGATGAACAACGAAGCCC,0,3955994
xdhAp1,0.5,1,1,TCGGATCTTTTAACTTTAGT,0,3954986
xdhAp1,0.5,1,1,TCGGAAGCGCGATAGTGTGT,0,3950950
xdhAp1,0.5,1,1,TCGCTTTACCTGAACTCCTG,0,3975389
xdhAp1,0.5,1,1,TCGCTGGGTACCCTGTCGAT,0,3932745
xdhAp1,0.5,1,1,TCGCTATGCCTTTCATAACT,0,3959459
xdhAp1,0.5,1,1,TCGCTATCAGGTACGGATTC,0,3971250
xdhAp1,0.5,1,1,TCGCTAATCTTGAGCTCAAC,0,3931245
xdhAp1,0.5,1,1,TCGCGGCGTTCTTCGGGAAT,0,3936061
xdhAp1,0.5,1,1,TCGCGCTAGAGTAGTAAGGT,0,3935710
xdhAp1,0.5,1,1,TCGCCGCTATTCACGTTGTT,0,3949697
xdhAp1,0.5,1,1,TCGCCGCAGAAGCGTGCAAA,0,3931907
xdhAp1,0.5,1,1,TCGCCCTGACCTACGATCTA,0,3966385
xdhAp1,0.5,1,1,TCGCCCGGGCGCTAAGTCCA,0,3943073
xdhAp1,0.5,1,1,TCGCCCGACTTTTGATGAAC,0,3972112
xdhAp1,0.5,1,1,TCGCCCACATAAGTTCGGTT,0,3929847
xdhAp1,0.5,1,1,TCGCATTCGGGATAGTTATA,0,3957370
xdhAp1,0.5,1,1,TCGCATGGCCGTTTCGTAGC,0,3953253
xdhAp1,0.5,1,1,TCGATTTCCACGTAAATCAT,0,3954995
xdhAp1,0.5,1,1,TCGATTCTCGCCCCCACATT,0,3945840
xdhAp1,0.5,1,1,TCGATTCGAGCCGGGGCATA,0,3941158
xdhAp1,0.5,1,1,TCGATGTACGTCGTTCAAGA,0,3937485
xdhAp1,0.5,1,1,TCGATACAATTGAAGAGACA,0,3940447
xdhAp1,0.5,1,1,TCGAGGGTCGGCCGCCGGTA,0,3932785
xdhAp1,0.5,1,1,TCGACCTTTCGATACCCTGT,0,3962501
xdhAp1,0.5,1,1,TCGACCTGTGTGGACAATGT,0,3942667
xdhAp1,0.5,1,1,TCGACCTGTGGCTGGCACGA,0,3948016
xdhAp1,0.5,1,1,TCGACACTGTCCGTGGGCCA,0,3948701
xdhAp1,0.5,1,1,TCGAAGATTAAGTCTACTTT,0,3971253
xdhAp1,0.5,1,1,TCGAAGACTGGCATTAGGGA,0,3934191
xdhAp1,0.5,1,1,TCGAACGGTCTGATTTATAT,0,3956161
xdhAp1,0.5,1,1,TCGAACGAAATTAGCCTCAG,0,3942269
xdhAp1,0.5,1,1,TCCTTTGAAGATTCATTTTA,0,3980832
xdhAp1,0.5,1,1,TCCTTCTCGCTCTGCAGACT,0,3970320
xdhAp1,0.5,1,1,TCCTTCGTGATCCATGCCGA,0,3966318
xdhAp1,0.5,1,1,TCCTGGAGGCGCACGAGGGT,0,3957811
xdhAp1,0.5,1,1,TCCTGCGGCCCGCTTAAAGA,0,3960492
xdhAp1,0.5,1,1,TCCTGACGACAAAGGTTCAG,0,3964463
xdhAp1,0.5,1,1,TCCTCGGGGACCACTTAAAT,0,3951682
xdhAp1,0.5,1,1,TCCTAGTACCGGTTCTCACT,0,3931046
xdhAp1,0.5,1,1,TCCTAGGTTACGTTGACGGT,0,3952530
xdhAp1,0.5,1,1,TCCGTTAATGGTTCTATTGG,0,3965684
xdhAp1,0.5,1,1,TCCGTCTGAAATAAGGCTCT,0,3965384
xdhAp1,0.5,1,1,TCCGTACCTATTTGCCCAGT,0,3948321
xdhAp1,0.5,1,1,TCCGGTAACTTTTTCTTTGT,0,3965250
xdhAp1,0.5,1,1,TCCGGACCACCGGTAATAAT,0,3978413
xdhAp1,0.5,1,1,TCCGCTTCAAAAAACGATAG,0,3931447
xdhAp1,0.5,1,1,TCCGCTATTTTTTTATGCGT,0,3939749
xdhAp1,0.5,1,1,TCCGCGTCACAATGTGCCAT,0,3962472
xdhAp1,0.5,1,1,TCCGACGAATTGTGTACCCA,0,3969918
xdhAp1,0.5,1,1,TCCGAATAGGATGTGTCGGC,0,3967004
xdhAp1,0.5,1,1,TCCCTTCTACGACTGTCGGT,0,3967396
xdhAp1,0.5,1,1,TCCCTCTTCCCCAGTGAGCG,0,3938899
xdhAp1,0.5,1,1,TCCCTATGAATTCATTCTAG,0,3940109
xdhAp1,0.5,1,1,TCCCGTTTTTCTAAAGAATC,0,3933010
xdhAp1,0.5,1,1,TCCCGTGCGTGGCCGTCGAT,0,3960761
xdhAp1,0.5,1,1,TCCCGGTCGCGTGGGTTTCT,0,3932790
xdhAp1,0.5,1,1,TCCCGGCTTGCAATTTTATA,0,3975947
xdhAp1,0.5,1,1,TCCCGGAAACAGTGCAACGG,0,3940100
xdhAp1,0.5,1,1,TCCCGAGCTCCTGACATTCA,0,3950806
xdhAp1,0.5,1,1,TCCCGAAGGCTCAGAATTCA,0,3968850
xdhAp1,0.5,1,1,TCCCCTTGGATGGGGTGGTA,0,3960409
xdhAp1,0.5,1,1,TCCCCGGCAATCAGTTGCTC,0,3977463
xdhAp1,0.5,1,1,TCCCATCCCGCAGGTCTATT,0,3973936
xdhAp1,0.5,1,1,TCCCAGCCGCGTATGGTGGC,0,3945442
xdhAp1,0.5,1,1,TCCAGGCTTATCCGGCTTTA,0,3937183
xdhAp1,0.5,1,1,TCCAGCCGACGTACGAAACG,0,3956039
xdhAp1,0.5,1,1,TCCACTTGAACTGAAGCAGC,0,3951740
xdhAp1,0.5,1,1,TCCACTACCTGATGATGACC,0,3946890
xdhAp1,0.5,1,1,TCCAAGGAGAGCGTTGCGTA,0,3979130
xdhAp1,0.5,1,1,TCCAACGAATGGCATTCGAG,0,3949011
xdhAp1,0.5,1,1,TCCAAACAAGATTGGCAGTT,0,3944163
xdhAp1,0.5,1,1,TCATTTTCAAATCTCTTAAT,0,3944342
xdhAp1,0.5,1,1,TCATTTGGTCACGCAATAGT,0,3957973
xdhAp1,0.5,1,1,TCATTTAGCCTAACAACTTG,0,3949486
xdhAp1,0.5,1,1,TCATTTACCCGTGAAAGATT,0,3966556
xdhAp1,0.5,1,1,TCATTGGGGTCAACCCGCGA,0,3962251
xdhAp1,0.5,1,1,TCATTGGGGATCGGCTTGGA,0,3939620
xdhAp1,0.5,1,1,TCATCGGGTGATTTTCCTCG,0,3951541
xdhAp1,0.5,1,1,TCATCCTGCCGAAGGTCTGT,0,3978279
xdhAp1,0.5,1,1,TCATCCCGGGAGGACCAAGA,0,3931064
xdhAp1,0.5,1,1,TCATATTGCCACCGCTGGAC,0,3935682
xdhAp1,0.5,1,1,TCATAGTGGGTTACTGTACA,0,3944165
xdhAp1,0.5,1,1,TCATACATTGACGTCCTTTT,0,3935918
xdhAp1,0.5,1,1,TCAGTTACCAACGCGGAGTT,0,3980292
xdhAp1,0.5,1,1,TCAGTAGGTCACGAGTGGAC,0,3981283
xdhAp1,0.5,1,1,TCAGGTTGTACTGGTATTTT,0,3957703
xdhAp1,0.5,1,1,TCAGGTATCCGGATCCTCCT,0,3941194
xdhAp1,0.5,1,1,TCAGGCATTTGTCGGATTTC,0,3952020
xdhAp1,0.5,1,1,TCAGGCATGGTATAAGGGGT,0,3950826
xdhAp1,0.5,1,1,TCAGCTTTTGTAGTTAGTCG,0,3973747
xdhAp1,0.5,1,1,TCAGATGTAGACCTAAATAA,0,3943690
xdhAp1,0.5,1,1,TCAGATCAAACGGTTGCCGG,0,3961361
xdhAp1,0.5,1,1,TCAGATAACCATTCGATCAT,0,3956956
xdhAp1,0.5,1,1,TCAGAGTGTGTAAGCAGTCA,0,3970612
xdhAp1,0.5,1,1,TCAGAACGCCCAGGTAGGAC,0,3949410
xdhAp1,0.5,1,1,TCACTCAAGTAAGATGGCTC,0,3965408
xdhAp1,0.5,1,1,TCACTAAAGGGTCCTACAGC,0,3929823
xdhAp1,0.5,1,1,TCACGAGATTGTTGCGCCTG,0,3972560
xdhAp1,0.5,1,1,TCACCTCCCGAAGTAAGAGT,0,3952086
xdhAp1,0.5,1,1,TCACCGGTGTTTGAGTGCTT,0,3972465
xdhAp1,0.5,1,1,TCACCGGTACAAGAGATGGG,0,3978605
xdhAp1,0.5,1,1,TCACCGCAGCCACTTGGTCC,0,3976821
xdhAp1,0.5,1,1,TCACCCTCTCTTTCGATGTC,0,3941333
xdhAp1,0.5,1,1,TCACCCTCGGGGTTCATTTC,0,3960826
xdhAp1,0.5,1,1,TCACCCGGAACTGAATTATA,0,3955151
xdhAp1,0.5,1,1,TCACATAAATATATATGCCG,0,3960969
xdhAp1,0.5,1,1,TCACACTCGCGATAAAGGAC,0,3967005
xdhAp1,0.5,1,1,TCACAAATCCAGTAGATATT,0,3945850
xdhAp1,0.5,1,1,TCAATTTGAATACCAGAATT,0,3949118
xdhAp1,0.5,1,1,TCAATCGTACATAATGGAGT,0,3978446
xdhAp1,0.5,1,1,TCAATCCCACTAGCTATTGA,0,3933279
xdhAp1,0.5,1,1,TCAAGGATCAACTGCTAAGA,0,3965567
xdhAp1,0.5,1,1,TCAAGCACAGTCGTCGAGGT,0,3955921
xdhAp1,0.5,1,1,TCAACTAAGAAGTGACCGAA,0,3962571
xdhAp1,0.5,1,1,TCAACGGGTTTTGTCCGGAT,0,3955403
xdhAp1,0.5,1,1,TCAACGAAGCAAAGAGACAT,0,3934082
xdhAp1,0.5,1,1,TCAACCAAGACGCCTCGCAG,0,3978461
xdhAp1,0.5,1,1,TCAAATGATTCCAGGACTTT,0,3959050
xdhAp1,0.5,1,1,TCAAATCACCGTTTATTATT,0,3929964
xdhAp1,0.5,1,1,TCAAAAATCCCCGAAAGTCA,0,3958841
xdhAp1,0.5,1,1,TATTTCGCGGTTGCGTTTCT,0,3968555
xdhAp1,0.5,1,1,TATTTATCGTAATCAAGGTC,0,3930390
xdhAp1,0.5,1,1,TATTGTTATAATGCTCACTC,0,3944294
xdhAp1,0.5,1,1,TATTGTAAATAGGTATTAAC,0,3934137
xdhAp1,0.5,1,1,TATTGGAAGTTAAAAGTACA,0,3941186
xdhAp1,0.5,1,1,TATTCGTTTGCTCTGGTGTC,0,3941511
xdhAp1,0.5,1,1,TATTCGTTGAGACACGTTAG,0,3933023
xdhAp1,0.5,1,1,TATTCGCGTTCAGGAAAGTA,0,3955565
xdhAp1,0.5,1,1,TATTCCCATTGTCATGGAAC,0,3959546
xdhAp1,0.5,1,1,TATTCACCTTTTGTTAGGGT,0,3979637
xdhAp1,0.5,1,1,TATTACTTCGTCATTCTAGT,0,3962200
xdhAp1,0.5,1,1,TATTACCAAAGATCACAGTT,0,3963599
xdhAp1,0.5,1,1,TATTACACGATCCATGTCAA,0,3942133
xdhAp1,0.5,1,1,TATGTTGAGGCAACACGCTT,0,3956044
xdhAp1,0.5,1,1,TATGTCTGTCGCGCGGCGGC,0,3976858
xdhAp1,0.5,1,1,TATGTATTTGTGAAGTAATC,0,3933168
xdhAp1,0.5,1,1,TATGGGGCGTACTCCGATGG,0,3950428
xdhAp1,0.5,1,1,TATGGCTAAGTCTATAGTGC,0,3958225
xdhAp1,0.5,1,1,TATGGCCTACAGGAGAGATA,0,3979498
xdhAp1,0.5,1,1,TATGCCCCAGGGTTGCGTTG,0,3964163
xdhAp1,0.5,1,1,TATGATTACTACCTTTCTAT,0,3937580
xdhAp1,0.5,1,1,TATGACTTCTATTAAGTAGA,0,3942124
xdhAp1,0.5,1,1,TATGACATTTCGTCCCGGGT,0,3969151
xdhAp1,0.5,1,1,TATGAATTCTTTAGCATTAG,0,3938370
xdhAp1,0.5,1,1,TATGAAGATTAATTAAATCC,0,3937410
xdhAp1,0.5,1,1,TATCTTGACATAGTCGCCGA,0,3970853
xdhAp1,0.5,1,1,TATCTTCAGGGTGAAGCTTC,0,3942079
xdhAp1,0.5,1,1,TATCGCCGTCGCCAAAATGC,0,3940044
xdhAp1,0.5,1,1,TATCCTCTTGGGAAGGACTG,0,3950729
xdhAp1,0.5,1,1,TATCCGCGGGAGACATGCAT,0,3976394
xdhAp1,0.5,1,1,TATCCGCATTCCTTAGACCT,0,3981476
xdhAp1,0.5,1,1,TATCAGTGCAGACTGATGCT,0,3980053
xdhAp1,0.5,1,1,TATCAGCTGCCCGCCAACTA,0,3942616
xdhAp1,0.5,1,1,TATCAGACTGGCGCTTGAGA,0,3973275
xdhAp1,0.5,1,1,TATCAAATTTCACTGCTTTA,0,3954045
xdhAp1,0.5,1,1,TATATTTTGCATAATAGGGT,0,3950122
xdhAp1,0.5,1,1,TATATCGCTTAATTATAAAC,0,3946833
xdhAp1,0.5,1,1,TATATAATAACCGCTGAGTC,0,3971513
xdhAp1,0.5,1,1,TATACGGTGGTACCTACCCC,0,3954462
xdhAp1,0.5,1,1,TATACGCCTATCGATGTCGT,0,3977721
xdhAp1,0.5,1,1,TATACCTCCGGTGTGCAGGG,0,3931724
xdhAp1,0.5,1,1,TATACCAACGTCTTGCCTCC,0,3930156
xdhAp1,0.5,1,1,TATAATCTCAGCTGCCTTGA,0,3929116
xdhAp1,0.5,1,1,TATAATCCACAGACTATTTC,0,3929637
xdhAp1,0.5,1,1,TAGTCAAATCCACCGCCGAG,0,3937592
xdhAp1,0.5,1,1,TAGGTTCGTCGAGTATTGAT,0,3964206
xdhAp1,0.5,1,1,TAGGTGGACTAACGTTGGCG,0,3960575
xdhAp1,0.5,1,1,TAGGTGACAACCAAGGGATC,0,3949632
xdhAp1,0.5,1,1,TAGGTCGGTGACCGCCACTA,0,3959358
xdhAp1,0.5,1,1,TAGGTCCCGACACGGGCAGA,0,3958599
xdhAp1,0.5,1,1,TAGGTATTAATGCATTTGCC,0,3977941
xdhAp1,0.5,1,1,TAGGGTTAGACGATTTTCCA,0,3967058
xdhAp1,0.5,1,1,TAGGGGATCAACGATCCGGC,0,3974563
xdhAp1,0.5,1,1,TAGGGGAACCCCGCGGCGAT,0,3977936
xdhAp1,0.5,1,1,TAGGGCGTTGAGAGGGCTAG,0,3933398
xdhAp1,0.5,1,1,TAGGGAGAGAGCGGTTCGAA,0,3953431
xdhAp1,0.5,1,1,TAGGGAACTGCTTAGAGCCA,0,3932729
xdhAp1,0.5,1,1,TAGGCTGAAGCCGGCAACCG,0,3976886
xdhAp1,0.5,1,1,TAGGCTGAAGCAAAAAAGCC,0,3980141
xdhAp1,0.5,1,1,TAGGCGTCAAGCTTCCAAAT,0,3961475
xdhAp1,0.5,1,1,TAGGCAAGATTAATAGCGGC,0,3961487
xdhAp1,0.5,1,1,TAGGAGTCTAGCTGTACGCG,0,3949809
xdhAp1,0.5,1,1,TAGGACACTCAGGAGTCATA,0,3945139
xdhAp1,0.5,1,1,TAGGAATCTAAACTTTCACT,0,3952050
xdhAp1,0.5,1,1,TAGGAAAGTCGTACGACAGT,0,3963882
xdhAp1,0.5,1,1,TAGCTACCCATGGTTGCTAA,0,3959592
xdhAp1,0.5,1,1,TAGCTACCAGGAACGGACCT,0,3964123
xdhAp1,0.5,1,1,TAGCCGGTTAATTATACCGC,0,3944334
xdhAp1,0.5,1,1,TAGCCAGGCGCTATAAAGGC,0,3959833
xdhAp1,0.5,1,1,TAGCATTCTGGACCAAATCA,0,3929656
xdhAp1,0.5,1,1,TAGCAAGTAAGCACAACTGA,0,3953732
xdhAp1,0.5,1,1,TAGCAAGGGGGCAAATACAG,0,3955225
xdhAp1,0.5,1,1,TAGATCCGATACGAACGGTA,0,3978054
xdhAp1,0.5,1,1,TAGATATTCGAGAAATGAGA,0,3953650
xdhAp1,0.5,1,1,TAGATACACCGCGCGGCCGT,0,3958430
xdhAp1,0.5,1,1,TAGAGTGGGGAATTTGATTT,0,3931323
xdhAp1,0.5,1,1,TAGACGCGTGCTCTGATATC,0,3959169
xdhAp1,0.5,1,1,TAGACGCCCGTGCACCTCTA,0,3957108
xdhAp1,0.5,1,1,TAGACGCAATTCCCCCACCT,0,3956699
xdhAp1,0.5,1,1,TAGAAATATGAAGTGCACGG,0,3948093
xdhAp1,0.5,1,1,TACTTGTTTTAACCTCGACC,0,3934518
xdhAp1,0.5,1,1,TACTTGTCGGGGTCGTGCAA,0,3934433
xdhAp1,0.5,1,1,TACTTGTCCAGCTCTGGGGT,0,3973927
xdhAp1,0.5,1,1,TACTTAACGAATATCAGATT,0,3948349
xdhAp1,0.5,1,1,TACTGGATACCCCTCGCGGG,0,3974498
xdhAp1,0.5,1,1,TACGTTGATCCCATCCAGAG,0,3967881
xdhAp1,0.5,1,1,TACGTGTAATTTAAAACAAG,0,3964568
xdhAp1,0.5,1,1,TACGTCTGTTCGCGTATTGT,0,3959660
xdhAp1,0.5,1,1,TACGGTGACCAGAGATTTAT,0,3929813
xdhAp1,0.5,1,1,TACGGGACGAAAGTAGTTTA,0,3961247
xdhAp1,0.5,1,1,TACGGCAACCGTAGATCTGC,0,3978515
xdhAp1,0.5,1,1,TACGCATACGCGCCCTGAAA,0,3932296
xdhAp1,0.5,1,1,TACGATGTTCATGGTCACCC,0,3978060
xdhAp1,0.5,1,1,TACGAGTTGTTATAGGGTTG,0,3951692
xdhAp1,0.5,1,1,TACGAACCCGTACTCTCGGC,0,3932955
xdhAp1,0.5,1,1,TACCTGTGGGATCGTTCAAG,0,3973399
xdhAp1,0.5,1,1,TACCTACGATAGCTTTCCCG,0,3978228
xdhAp1,0.5,1,1,TACCGGTAAGCCGGATCATC,0,3970180
xdhAp1,0.5,1,1,TACCGGAAGAGAATTCTGCA,0,3974683
xdhAp1,0.5,1,1,TACCCTGACCGAACTAATGA,0,3972146
xdhAp1,0.5,1,1,TACCCTACCTTTCTACCAGG,0,3977174
xdhAp1,0.5,1,1,TACCCGCAGGACTGTTAATT,0,3939655
xdhAp1,0.5,1,1,TACATTCGGGTTCAGCAGAT,0,3946526
xdhAp1,0.5,1,1,TACATCAGGGTCTTGTCGCA,0,3944867
xdhAp1,0.5,1,1,TACATCAAGGTAAATTACAT,0,3937211
xdhAp1,0.5,1,1,TACATATTTCGGGATAGGTT,0,3933990
xdhAp1,0.5,1,1,TACAGTTTATAGGTTCGGCA,0,3936764
xdhAp1,0.5,1,1,TACAGGACGACGGCCATGCT,0,3935789
xdhAp1,0.5,1,1,TACAGCCCAAATCTACTGAA,0,3935670
xdhAp1,0.5,1,1,TACAGACAATCTTATTCTGG,0,3947757
xdhAp1,0.5,1,1,TACACAATAGTAATTCGAGC,0,3945660
xdhAp1,0.5,1,1,TACAATTGAATAGATCATAC,0,3961406
xdhAp1,0.5,1,1,TACAAGCTTCGAGGTAACAG,0,3942483
xdhAp1,0.5,1,1,TACAACGGGTGTCTACTTTG,0,3967888
xdhAp1,0.5,1,1,TACAACGACGAAAAGATGGG,0,3950709
xdhAp1,0.5,1,1,TACAAATCGTACGAACCACA,0,3933794
xdhAp1,0.5,1,1,TACAAAAAGGCGGTTAACTC,0,3951462
xdhAp1,0.5,1,1,TAATTTTTGATCAACCGGGA,0,3935602
xdhAp1,0.5,1,1,TAATTTTATGGCATGCTAAA,0,3968563
xdhAp1,0.5,1,1,TAATTTCTATATATTGCAGT,0,3981156
xdhAp1,0.5,1,1,TAATTGGCGCATACGTTAAC,0,3954895
xdhAp1,0.5,1,1,TAATTAGATGGTAGCGTACA,0,3950233
xdhAp1,0.5,1,1,TAATGTGAAATGGGGGGACT,0,3967509
xdhAp1,0.5,1,1,TAATGATTTCACCTGATTTT,0,3940385
xdhAp1,0.5,1,1,TAATGAATAGTTCCTTGGTG,0,3968186
xdhAp1,0.5,1,1,TAATCGTATGGACACAGACT,0,3972993
xdhAp1,0.5,1,1,TAATCGCCCAGATAGCACAT,0,3959694
xdhAp1,0.5,1,1,TAATAGTGTGGTTCAGACTG,0,3974414
xdhAp1,0.5,1,1,TAATAGAATTCGCAGCACGG,0,3955562
xdhAp1,0.5,1,1,TAATACAAGAGGGGCAAGTG,0,3941686
xdhAp1,0.5,1,1,TAAGTTCTCGCGACTTTCAA,0,3963310
xdhAp1,0.5,1,1,TAAGTCTGAATATGAACTAA,0,3965355
xdhAp1,0.5,1,1,TAAGGGCAACATATCGTCCA,0,3949288
xdhAp1,0.5,1,1,TAAGGGAGACAGAACGGTGC,0,3955369
xdhAp1,0.5,1,1,TAAGGCTATCTTCTCAGAGA,0,3952142
xdhAp1,0.5,1,1,TAAGGCCCGGCGGAACGTCG,0,3941761
xdhAp1,0.5,1,1,TAAGGCACTCAGAGAATGGA,0,3942598
xdhAp1,0.5,1,1,TAAGCCAGCAGGAACTACAT,0,3961162
xdhAp1,0.5,1,1,TAAGCACCGGCTACTGGGTA,0,3960309
xdhAp1,0.5,1,1,TAAGATCCGCCACAACTGCC,0,3963826
xdhAp1,0.5,1,1,TAAGAAGGAGGCAGTTTAAA,0,3967121
xdhAp1,0.5,1,1,TAACTTGTCTGACTTCCTGC,0,3980193
xdhAp1,0.5,1,1,TAACTAGACGTTACAAATGT,0,3977199
xdhAp1,0.5,1,1,TAACGTAATCGGATCATCGG,0,3964751
xdhAp1,0.5,1,1,TAACGGTCGTGAGGCGCTAA,0,3964292
xdhAp1,0.5,1,1,TAACGGACACGACGAGCTTG,0,3942043
xdhAp1,0.5,1,1,TAACGACTGCTAGTTGTGCC,0,3967354
xdhAp1,0.5,1,1,TAACGACCCCCGTTATCCGA,0,3945845
xdhAp1,0.5,1,1,TAACCTTCGCAAGGCACCCA,0,3954035
xdhAp1,0.5,1,1,TAACATCGAAACTTACGTAC,0,3968469
xdhAp1,0.5,1,1,TAAATGGTTGGCTCCTCAAC,0,3929281
xdhAp1,0.5,1,1,TAAATCTACCTGGCAGTGAC,0,3971291
xdhAp1,0.5,1,1,TAAATCATACTCTCCTGATA,0,3968180
xdhAp1,0.5,1,1,TAAATAGGGACAATAACCAT,0,3956465
xdhAp1,0.5,1,1,TAAAGTAGGAGAAGCGGAAA,0,3971121
xdhAp1,0.5,1,1,TAAAGCTCACATTATTTTTT,0,3952768
xdhAp1,0.5,1,1,TAAACGGTATGCACTCCAAC,0,3972505
xdhAp1,0.5,1,1,TAAACAGAAGTTTGCACGCA,0,3946313
xdhAp1,0.5,1,1,TAAAATGGGCATTGGGTAGC,0,3946438
xdhAp1,0.5,1,1,TAAAAGAAGATCGGGCACAT,0,3950445
xdhAp1,0.5,1,1,TAAAACGGGGCGGCTGACGG,0,3942812
xdhAp1,0.5,1,1,TAAAAAATTCTTGGGGTCAG,0,3963352
xdhAp1,0.5,1,1,GTTTTCTTGATATAGGAATA,0,3970517
xdhAp1,0.5,1,1,GTTTTCTTAGGCATTGCTCG,0,3942125
xdhAp1,0.5,1,1,GTTTTCCCGGTTATAGCTTG,0,3938937
xdhAp1,0.5,1,1,GTTTTAAGGAGCTAATAAAT,0,3939528
xdhAp1,0.5,1,1,GTTTTAACAGTTGGGTTTGC,0,3959092
xdhAp1,0.5,1,1,GTTTGTACTAGCACGCCATG,0,3943406
xdhAp1,0.5,1,1,GTTTGCCGGGTTAAGCCGTC,0,3940553
xdhAp1,0.5,1,1,GTTTGAGGTCAAGCATCGTT,0,3946547
xdhAp1,0.5,1,1,GTTTCTGCGGCGCGCCTTTT,0,3955084
xdhAp1,0.5,1,1,GTTTCACATCGGAGCATCAC,0,3929090
xdhAp1,0.5,1,1,GTTTATAGTTTTGTCGGGTA,0,3979930
xdhAp1,0.5,1,1,GTTTACGTCTTCTCCCATTG,0,3965576
xdhAp1,0.5,1,1,GTTTAATAATGGTAATCCAC,0,3960926
xdhAp1,0.5,1,1,GTTTAACCGGCGTCCCTGGT,0,3941755
xdhAp1,0.5,1,1,GTTGTACGGCGGAGCAAGAT,0,3957422
xdhAp1,0.5,1,1,GTTGTACACCTATGAGTGTG,0,3977115
xdhAp1,0.5,1,1,GTTGGGTGGGGCTAATGTAG,0,3943191
xdhAp1,0.5,1,1,GTTGGCGGTTCGCAGATAGA,0,3972103
xdhAp1,0.5,1,1,GTTGGCATAATCAAATTATT,0,3972278
xdhAp1,0.5,1,1,GTTGCCGGTATTTGTCTCAC,0,3943719
xdhAp1,0.5,1,1,GTTGACGGCCTGTTAATCTT,0,3936167
xdhAp1,0.5,1,1,GTTGAACCGGAGCTCATTGC,0,3967427
xdhAp1,0.5,1,1,GTTGAAAGACCGTCCATGTT,0,3946544
xdhAp1,0.5,1,1,GTTGAAACCGGTATGGAACA,0,3940883
xdhAp1,0.5,1,1,GTTCGTTCGGAGCTGTCAGG,0,3956234
xdhAp1,0.5,1,1,GTTCGGAGTCCCGGTAACAT,0,3959445
xdhAp1,0.5,1,1,GTTCCGGAGAAAAGTCGCGG,0,3930877
xdhAp1,0.5,1,1,GTTATGGGATTCCCTACTAA,0,3937629
xdhAp1,0.5,1,1,GTTATGCGTCGCGGCTGGGT,0,3943948
xdhAp1,0.5,1,1,GTTATAAGTGCTAGGCTTCC,0,3971590
xdhAp1,0.5,1,1,GTTAGTCTTTGCGGGTTATC,0,3933437
xdhAp1,0.5,1,1,GTTAGGCCATGAAATAGAGG,0,3941126
xdhAp1,0.5,1,1,GTTACTTGAACACGGGGCCG,0,3945451
xdhAp1,0.5,1,1,GTTACTCACGATCTCGTGAA,0,3951737
xdhAp1,0.5,1,1,GTTACGTTCGTGACCCCCGT,0,3970296
xdhAp1,0.5,1,1,GTTAATAGCCCAAAGCTCTT,0,3932610
xdhAp1,0.5,1,1,GTTAAGGGCCTGAGCCGGAT,0,3929254
xdhAp1,0.5,1,1,GTGTTTTAGGCTCCACACGA,0,3972234
xdhAp1,0.5,1,1,GTGTTTCGGACTTATACTCG,0,3942617
xdhAp1,0.5,1,1,GTGTTGCACTCGGTAACTTC,0,3944277
xdhAp1,0.5,1,1,GTGTTCCTGTGGCTGCCCAG,0,3946921
xdhAp1,0.5,1,1,GTGTGTCTCTTGAGGCAAGA,0,3963103
xdhAp1,0.5,1,1,GTGTGTCCCCGCAGATCACG,0,3941541
xdhAp1,0.5,1,1,GTGTGGCCACCGGTTAAACA,0,3948513
xdhAp1,0.5,1,1,GTGTCCCAACGGGTCCTATA,0,3958967
xdhAp1,0.5,1,1,GTGTATTGATCAGCTGTCTT,0,3938802
xdhAp1,0.5,1,1,GTGTAGTAAGTGCGTCAAAG,0,3931377
xdhAp1,0.5,1,1,GTGGTTTCTATCCTCATTTA,0,3940163
xdhAp1,0.5,1,1,GTGGTTGGTTGAAGTGTCTT,0,3957946
xdhAp1,0.5,1,1,GTGGTCAGTCTAGCGATGCC,0,3972998
xdhAp1,0.5,1,1,GTGGGGATTTAAGGTGAGAC,0,3976461
xdhAp1,0.5,1,1,GTGGGATTGTCAATCTGCGG,0,3954063
xdhAp1,0.5,1,1,GTGGGACTCTTGCTCAAGAA,0,3937895
xdhAp1,0.5,1,1,GTGGCTGGTACCTAGCACGC,0,3975388
xdhAp1,0.5,1,1,GTGGCAGGAGGACTGGAGCA,0,3946210
xdhAp1,0.5,1,1,GTGGACATTTTTGTGTAACG,0,3973597
xdhAp1,0.5,1,1,GTGCTTGCGTAGTTGTGGTT,0,3970613
xdhAp1,0.5,1,1,GTGCTTCGCTACCGGTGTTT,0,3950750
xdhAp1,0.5,1,1,GTGCTTCATCCGTCTGTGCG,0,3960042
xdhAp1,0.5,1,1,GTGCTGACTCGGAATGCTAA,0,3957318
xdhAp1,0.5,1,1,GTGCTATCCAACTTGAATAC,0,3969583
xdhAp1,0.5,1,1,GTGCGTGCAACGTTCCCTGA,0,3976695
xdhAp1,0.5,1,1,GTGCGTAATCCAAGAGCGAC,0,3931274
xdhAp1,0.5,1,1,GTGCGCCACCTGCGTAGCAT,0,3932707
xdhAp1,0.5,1,1,GTGCCTGAATGTCCTCGTCG,0,3934443
xdhAp1,0.5,1,1,GTGCCGGATACGCTCCACCA,0,3952998
xdhAp1,0.5,1,1,GTGCCGCCATTTGAACACGA,0,3956810
xdhAp1,0.5,1,1,GTGCCCTTAAATTTGTGCAT,0,3950925
xdhAp1,0.5,1,1,GTGCAGTGCATACACAGTCG,0,3935091
xdhAp1,0.5,1,1,GTGCAGGATGGGCTTTCTTT,0,3970409
xdhAp1,0.5,1,1,GTGCAGCATCATCGTGGCAA,0,3956870
xdhAp1,0.5,1,1,GTGCACTTCGGGCAAACTCC,0,3944372
xdhAp1,0.5,1,1,GTGATCAGTGTAGGACCATG,0,3956067
xdhAp1,0.5,1,1,GTGATCACAGCGTCACGTCA,0,3953330
xdhAp1,0.5,1,1,GTGATCAATGTGCGTTCTAG,0,3941459
xdhAp1,0.5,1,1,GTGAGTTATCGACATGGGTT,0,3962895
xdhAp1,0.5,1,1,GTGAGTCAAGTGATCGACAC,0,3976959
xdhAp1,0.5,1,1,GTGAGGGGAATAGTCACTTC,0,3934398
xdhAp1,0.5,1,1,GTGAGCCCGGCAGGCTCGTA,0,3961585
xdhAp1,0.5,1,1,GTGAATTCGACATTGTTGGG,0,3963798
xdhAp1,0.5,1,1,GTGAATTAATACACCGGGGA,0,3980298
xdhAp1,0.5,1,1,GTGAATCCGTCCAGCTTTGG,0,3958190
xdhAp1,0.5,1,1,GTCTTGTCCACGAGTAGTTT,0,3957604
xdhAp1,0.5,1,1,GTCTTGCGCTTTGCAGGCCT,0,3977321
xdhAp1,0.5,1,1,GTCTTCGATGGACAGTGTGG,0,3957611
xdhAp1,0.5,1,1,GTCTGTACTGCTATTACTTT,0,3930777
xdhAp1,0.5,1,1,GTCTGGAGAACAGCGACTTG,0,3958235
xdhAp1,0.5,1,1,GTCTCGTCTTGGTGCAGCGG,0,3946503
xdhAp1,0.5,1,1,GTCTCCTTGGACCGAATATG,0,3932188
xdhAp1,0.5,1,1,GTCTCAACTATTCAACATGT,0,3952648
xdhAp1,0.5,1,1,GTCTAAGACTGTGTTGGTCC,0,3962969
xdhAp1,0.5,1,1,GTCGTTGATTTTCTGAGATG,0,3960899
xdhAp1,0.5,1,1,GTCGTCTTGTTCAGATTAGA,0,3972290
xdhAp1,0.5,1,1,GTCGTCGAAAATCCTCAGTC,0,3937730
xdhAp1,0.5,1,1,GTCGGTTCCCTTCTTCTTAT,0,3947106
xdhAp1,0.5,1,1,GTCGGCGCGCCTACAGCTTT,0,3952711
xdhAp1,0.5,1,1,GTCGCTGCATCGCCGTCGTG,0,3981211
xdhAp1,0.5,1,1,GTCGCGACGGCGCCCCCATG,0,3955487
xdhAp1,0.5,1,1,GTCGCCCAGCTTCGAAAATG,0,3945576
xdhAp1,0.5,1,1,GTCGAAACAAGAAGGCCAGT,0,3954854
xdhAp1,0.5,1,1,GTCCTTGGAGGGCCTCGCTC,0,3945550
xdhAp1,0.5,1,1,GTCCCGATGGGGGGGCTGCA,0,3939526
xdhAp1,0.5,1,1,GTCCCCTTCAATCTTCGCTA,0,3957349
xdhAp1,0.5,1,1,GTCCCATGGAGTCCATTGTG,0,3943475
xdhAp1,0.5,1,1,GTCCCAGTCGCGGTGGAATG,0,3933748
xdhAp1,0.5,1,1,GTCCATTGCAATGTCTTCTG,0,3979131
xdhAp1,0.5,1,1,GTCCATTATCGTCTGAGGAA,0,3942569
xdhAp1,0.5,1,1,GTCCATCCTCGAACGCCGAA,0,3970219
xdhAp1,0.5,1,1,GTCCATAGGAGCGTCAGTCA,0,3939657
xdhAp1,0.5,1,1,GTCCATAATAAAATTTTCAG,0,3933580
xdhAp1,0.5,1,1,GTCCAGCCTCCTTATCTGGA,0,3941358
xdhAp1,0.5,1,1,GTCATTCGGACTATCCGGTG,0,3934562
xdhAp1,0.5,1,1,GTCATAAGAACGCTATATTA,0,3968389
xdhAp1,0.5,1,1,GTCAGCGTACGAGAACTGTC,0,3944677
xdhAp1,0.5,1,1,GTCAGACACGTCACTATGCA,0,3947289
xdhAp1,0.5,1,1,GTCACTGTTCTGCGAAGTCA,0,3949833
xdhAp1,0.5,1,1,GTCACTCATGGGGCTCAGCG,0,3979929
xdhAp1,0.5,1,1,GTCACTACACTTATAAAATC,0,3966213
xdhAp1,0.5,1,1,GTCACATGTGCCCTATGGGT,0,3958251
xdhAp1,0.5,1,1,GTCACATCGCGCAGAACACT,0,3964144
xdhAp1,0.5,1,1,GTCACAGCGGAATTTACCCC,0,3931886
xdhAp1,0.5,1,1,GTCACACTTGATTTAGGTGA,0,3931160
xdhAp1,0.5,1,1,GTCAAGTGTGTGGTATGTAA,0,3971386
xdhAp1,0.5,1,1,GTCAAGTATGTTTGTCGGAT,0,3973102
xdhAp1,0.5,1,1,GTCAACGTGTTGCCATATCC,0,3950262
xdhAp1,0.5,1,1,GTCAAAGTAGGTTAGCATCG,0,3963680
xdhAp1,0.5,1,1,GTATTTTGTTGGGCGAACGA,0,3942827
xdhAp1,0.5,1,1,GTATTGGCTACCGAGAAAGT,0,3947177
xdhAp1,0.5,1,1,GTATTCATTAGGGTGCAAAG,0,3974440
xdhAp1,0.5,1,1,GTATTATCTTCGCATTTAAA,0,3952484
xdhAp1,0.5,1,1,GTATGTCCGGATTGCCCGCC,0,3954669
xdhAp1,0.5,1,1,GTATGGCGTTAAGCTCCCAG,0,3958736
xdhAp1,0.5,1,1,GTATGGCACCCGACCTTCAG,0,3968141
xdhAp1,0.5,1,1,GTATGACCGCGGGTCCGTAC,0,3936769
xdhAp1,0.5,1,1,GTATCGGTGAAAGGGGTGAT,0,3946147
xdhAp1,0.5,1,1,GTATCACATTATCGACCCAA,0,3961800
xdhAp1,0.5,1,1,GTATATGTACGAATGACGAG,0,3937435
xdhAp1,0.5,1,1,GTATAGGTCAAGGCTTAACA,0,3967814
xdhAp1,0.5,1,1,GTAGTTAGGGCTTCGGCCGT,0,3949535
xdhAp1,0.5,1,1,GTAGTTACGCGCGATGTAGA,0,3946258
xdhAp1,0.5,1,1,GTAGTCATTAGGGGATGTTT,0,3968958
xdhAp1,0.5,1,1,GTAGTATATAAGGGTCATCA,0,3929207
xdhAp1,0.5,1,1,GTAGGTAGATTCCTAGTGGA,0,3946973
xdhAp1,0.5,1,1,GTAGGGTGCAGTGGTATTTG,0,3950582
xdhAp1,0.5,1,1,GTAGGACAAGTAACATGGGA,0,3936651
xdhAp1,0.5,1,1,GTAGCGCCTGCTCCGCGCGT,0,3976544
xdhAp1,0.5,1,1,GTAGCACAGCTGAACTTGGA,0,3978771
xdhAp1,0.5,1,1,GTAGAGCCAACTATCGTGAC,0,3970984
xdhAp1,0.5,1,1,GTAGACACGCGATCATACGG,0,3942908
xdhAp1,0.5,1,1,GTACTGATCAGCGCAACACG,0,3978370
xdhAp1,0.5,1,1,GTACTCGGGATGCGCTCACA,0,3958123
xdhAp1,0.5,1,1,GTACGTCGATCAGTGCGATA,0,3976331
xdhAp1,0.5,1,1,GTACGGGGTGTTGCCCAGTG,0,3940681
xdhAp1,0.5,1,1,GTACGGCCTCTAGATCAACC,0,3953938
xdhAp1,0.5,1,1,GTACGGATTAACAGAGAATA,0,3931100
xdhAp1,0.5,1,1,GTACGACACGCCGGTCCACT,0,3952432
xdhAp1,0.5,1,1,GTACGAAGTCCCGTAATCAG,0,3974130
xdhAp1,0.5,1,1,GTACCGTGGATCCGGAACGT,0,3945353
xdhAp1,0.5,1,1,GTACCGGTCGTTGGACGTTA,0,3979734
xdhAp1,0.5,1,1,GTACCCGCGATGGGTCTGTA,0,3969002
xdhAp1,0.5,1,1,GTACCATCTACGGATTAGCA,0,3929936
xdhAp1,0.5,1,1,GTACATTACCCGTTCAAGTG,0,3956037
xdhAp1,0.5,1,1,GTACATGGGTAGTACTCGCG,0,3962311
xdhAp1,0.5,1,1,GTACATCACTTATGGAAACT,0,3953329
xdhAp1,0.5,1,1,GTACATATTGACAAACTTTG,0,3943308
xdhAp1,0.5,1,1,GTACAGTCTGGTTCACGTTC,0,3952060
xdhAp1,0.5,1,1,GTACAGCCTTCGTTTCCACA,0,3929068
xdhAp1,0.5,1,1,GTACAGAGCACAAGGCCCGC,0,3948490
xdhAp1,0.5,1,1,GTAATTTACCCCACATGAGT,0,3972753
xdhAp1,0.5,1,1,GTAATGGTTAACCACGGGAC,0,3937223
xdhAp1,0.5,1,1,GTAACTTTCCCATGAGAAAC,0,3943861
xdhAp1,0.5,1,1,GTAACGTGGACCCCCATATA,0,3943757
xdhAp1,0.5,1,1,GTAACGCTTTCCTTTCCCAA,0,3945439
xdhAp1,0.5,1,1,GTAACCTCAGACGCTGGCTA,0,3972082
xdhAp1,0.5,1,1,GTAACCACGACCAGACTCGA,0,3946382
xdhAp1,0.5,1,1,GTAACAGGCATAAGGCGCGT,0,3966704
xdhAp1,0.5,1,1,GTAAATAAAACGGGGTTTCA,0,3968809
xdhAp1,0.5,1,1,GTAAAGTGTGTGAGCCGTAC,0,3929332
xdhAp1,0.5,1,1,GTAAAATTGGCGTCCATTGG,0,3954136
xdhAp1,0.5,1,1,GTAAAAGAGAGTCACAGCCT,0,3964757
xdhAp1,0.5,1,1,GGTTTTGTGAAAATAACACG,0,3945966
xdhAp1,0.5,1,1,GGTTTGGGACAGGGCACCAA,0,3952276
xdhAp1,0.5,1,1,GGTTTGCACGGGGATATTTT,0,3950644
xdhAp1,0.5,1,1,GGTTTCAGCGAGTCGTCGAA,0,3968554
xdhAp1,0.5,1,1,GGTTCCTCGGAGTGCCCAGG,0,3972919
xdhAp1,0.5,1,1,GGTTCCACCATAGTTATATA,0,3950605
xdhAp1,0.5,1,1,GGTTATACAATCCTCAGCAT,0,3930754
xdhAp1,0.5,1,1,GGTTAGCCCTACGCCGCTCA,0,3934458
xdhAp1,0.5,1,1,GGTTAATTACATCATAAAGT,0,3968184
xdhAp1,0.5,1,1,GGTTAACTGCTGTTGGCAGG,0,3969210
xdhAp1,0.5,1,1,GGTGTTATGGCTACTCCCAT,0,3945078
xdhAp1,0.5,1,1,GGTGTGGAATAACCCTCCAT,0,3960186
xdhAp1,0.5,1,1,GGTGTGCAAATATGTTCCTT,0,3974472
xdhAp1,0.5,1,1,GGTGGTGTGACACCGACTGT,0,3973878
xdhAp1,0.5,1,1,GGTGGGTACTACTGCGTCAC,0,3938816
xdhAp1,0.5,1,1,GGTGGGCGAATCGTTATGTA,0,3958046
xdhAp1,0.5,1,1,GGTGGCTGCCGCGGCATAAC,0,3979900
xdhAp1,0.5,1,1,GGTGGCATACGAGTAAGGGA,0,3951295
xdhAp1,0.5,1,1,GGTGGATACAATTGAAAGAG,0,3945450
xdhAp1,0.5,1,1,GGTGCTCGGCAAGTTCGGGT,0,3953085
xdhAp1,0.5,1,1,GGTGCCTACCCGCGCAAGTA,0,3953468
xdhAp1,0.5,1,1,GGTGCCGTAACGCCAGCGCA,0,3978335
xdhAp1,0.5,1,1,GGTGCACTATCGGGTGCTGA,0,3940055
xdhAp1,0.5,1,1,GGTGCACACTGCTAGTTATT,0,3956841
xdhAp1,0.5,1,1,GGTGCAATAAGGCAAAACAT,0,3962407
xdhAp1,0.5,1,1,GGTGATGACGTACAATTCAT,0,3963772
xdhAp1,0.5,1,1,GGTGAGGTAGCACCTCACGA,0,3939185
xdhAp1,0.5,1,1,GGTGAGCGGTTAGCATTCAC,0,3939773
xdhAp1,0.5,1,1,GGTGAGATATGAACCAGAGT,0,3972847
xdhAp1,0.5,1,1,GGTCTTTTACCTAACGAACG,0,3974031
xdhAp1,0.5,1,1,GGTCTCGAGACGACCACTTG,0,3959086
xdhAp1,0.5,1,1,GGTCTCCTTTTTGGACAAGT,0,3969527
xdhAp1,0.5,1,1,GGTCGCTCTCTCCTTATGCT,0,3946842
xdhAp1,0.5,1,1,GGTCCGCGATCAGTATAGCA,0,3941825
xdhAp1,0.5,1,1,GGTCCATCGCACCAACGCAA,0,3959942
xdhAp1,0.5,1,1,GGTCCACTACTACGTCTACT,0,3948376
xdhAp1,0.5,1,1,GGTCACCAGGAGAACTGTGA,0,3949234
xdhAp1,0.5,1,1,GGTCACATTAGCCACTGCCC,0,3953556
xdhAp1,0.5,1,1,GGTATGTATGAGAGTACTCC,0,3955798
xdhAp1,0.5,1,1,GGTATCCACCCAGTGCGTTG,0,3971518
xdhAp1,0.5,1,1,GGTAGTCGGGCATTTTTATT,0,3931675
xdhAp1,0.5,1,1,GGTAGTCCGGACAAATTCGC,0,3967845
xdhAp1,0.5,1,1,GGTAGGACCGAAGTCCCCTA,0,3969290
xdhAp1,0.5,1,1,GGTACTTTGGACTAGCGAAT,0,3971068
xdhAp1,0.5,1,1,GGTAAGTAGGGGTTGCGGCA,0,3931472
xdhAp1,0.5,1,1,GGTAAGAAACATACAGTTCC,0,3937789
xdhAp1,0.5,1,1,GGTAAAGTAGCTGTTACAAG,0,3976413
xdhAp1,0.5,1,1,GGGTTATACGCCGGTCGATC,0,3949078
xdhAp1,0.5,1,1,GGGTTACATGCACTCTACGT,0,3963980
xdhAp1,0.5,1,1,GGGTCCGACTTCAGCTGCAG,0,3951369
xdhAp1,0.5,1,1,GGGTATTGCCCGCTCGGCCA,0,3942481
xdhAp1,0.5,1,1,GGGTATTCTAAATGTAAAGG,0,3934691
xdhAp1,0.5,1,1,GGGTATGCAGTACGGAAAGA,0,3954517
xdhAp1,0.5,1,1,GGGTATGACGGGCTCTGCTA,0,3964706
xdhAp1,0.5,1,1,GGGGTTAGATAAGATTCCGT,0,3964895
xdhAp1,0.5,1,1,GGGGTGTGTGTACTCTCAAC,0,3956683
xdhAp1,0.5,1,1,GGGGTATAAATACCTTGATG,0,3935334
xdhAp1,0.5,1,1,GGGGGTGTGCATAGACACTG,0,3940432
xdhAp1,0.5,1,1,GGGGGGTAGGCGGCCGGCCA,0,3929350
xdhAp1,0.5,1,1,GGGGGGCGTCCGAGGATCCT,0,3962139
xdhAp1,0.5,1,1,GGGGCTTACCCAAGTAGATG,0,3957562
xdhAp1,0.5,1,1,GGGGCTGACCGGTCGGTCCT,0,3944336
xdhAp1,0.5,1,1,GGGGCGCTGTCGCATACTTT,0,3957173
xdhAp1,0.5,1,1,GGGGCCTGGTCCTCTGGCCT,0,3959969
xdhAp1,0.5,1,1,GGGGCATTAGCGTAGATTGG,0,3963314
xdhAp1,0.5,1,1,GGGGCAAAATAAAACATGTC,0,3959630
xdhAp1,0.5,1,1,GGGGACGCGGTGGCGATTGC,0,3979928
xdhAp1,0.5,1,1,GGGCTTTGTGGCACTGAACA,0,3973186
xdhAp1,0.5,1,1,GGGCTTCGAGACTGCCGACC,0,3942191
xdhAp1,0.5,1,1,GGGCTGCATTTACATTTCGA,0,3939481
xdhAp1,0.5,1,1,GGGCTGAGGTCAAAGCGGTG,0,3936410
xdhAp1,0.5,1,1,GGGCTGAACGGTGTATTGCA,0,3971578
xdhAp1,0.5,1,1,GGGCGGTCGATAGTGCCGAC,0,3962567
xdhAp1,0.5,1,1,GGGCGGGAAGTAGGTAAAAA,0,3946841
xdhAp1,0.5,1,1,GGGCGCTGAATACACCTTTG,0,3966689
xdhAp1,0.5,1,1,GGGCGAGGACGTTGCCGCGA,0,3933986
xdhAp1,0.5,1,1,GGGCCGGGGCTTCTGAATTT,0,3975391
xdhAp1,0.5,1,1,GGGCCAGGGGCGCTTGTCAG,0,3951862
xdhAp1,0.5,1,1,GGGCACATCAGGGAGCTCTC,0,3948542
xdhAp1,0.5,1,1,GGGCAAATTCGAAGCGGGCA,0,3957466
xdhAp1,0.5,1,1,GGGATTCAAAAGCTTTCTGT,0,3933669
xdhAp1,0.5,1,1,GGGATGTTGTCGAGCGGCCA,0,3971914
xdhAp1,0.5,1,1,GGGATATACTCGACCTGCAT,0,3970951
xdhAp1,0.5,1,1,GGGATAGGTACGGCATGTAG,0,3972192
xdhAp1,0.5,1,1,GGGATACTCGAAGAGTTAGC,0,3961129
xdhAp1,0.5,1,1,GGGAGGCGCTCGACTCGTTA,0,3963399
xdhAp1,0.5,1,1,GGGAGCGGGTGCTCAGATCG,0,3967102
xdhAp1,0.5,1,1,GGGAGACCGGGTGCCGTGGA,0,3952021
xdhAp1,0.5,1,1,GGGACGTTCCCCGTCTATAA,0,3941011
xdhAp1,0.5,1,1,GGGACCTAGTTCCGCATTCA,0,3968625
xdhAp1,0.5,1,1,GGGAATGTTCTTCGAGTAAA,0,3951714
xdhAp1,0.5,1,1,GGGAAGTCAAAGTTCTAACA,0,3978659
xdhAp1,0.5,1,1,GGGAAAACAATCAAGGAACC,0,3977839
xdhAp1,0.5,1,1,GGCTTTCCTAGGGACACGTT,0,3980912
xdhAp1,0.5,1,1,GGCTTACGGACTATCAGCCA,0,3956295
xdhAp1,0.5,1,1,GGCTTAAAGCCTTACTACTA,0,3964303
xdhAp1,0.5,1,1,GGCTGTCCAGTCCTTGCACG,0,3947753
xdhAp1,0.5,1,1,GGCTGGGTACGTTTGTAGGT,0,3969161
xdhAp1,0.5,1,1,GGCTGGCGCAGGGTCCGAAA,0,3945706
xdhAp1,0.5,1,1,GGCTGCATGCGAGAACTAAG,0,3965406
xdhAp1,0.5,1,1,GGCTGCACCGCGGATACCAC,0,3978927
xdhAp1,0.5,1,1,GGCTGATACGTTTATATCTG,0,3937664
xdhAp1,0.5,1,1,GGCTCTCTGCGTTAGAATAT,0,3929898
xdhAp1,0.5,1,1,GGCTCGGCGATCCAGAACGA,0,3972074
xdhAp1,0.5,1,1,GGCTCAGCAGCAATAGCGTT,0,3948291
xdhAp1,0.5,1,1,GGCTCACGGTAGTGCTAATA,0,3963835
xdhAp1,0.5,1,1,GGCTATTAGCACCACGAGAC,0,3941399
xdhAp1,0.5,1,1,GGCTATAACAGTAGCGGTAA,0,3951748
xdhAp1,0.5,1,1,GGCTAGGCTTGGTACCAAAC,0,3934639
xdhAp1,0.5,1,1,GGCTAATTCGAGCCATGGAT,0,3979476
xdhAp1,0.5,1,1,GGCTAAAAGTCTTCTCGGGA,0,3950969
xdhAp1,0.5,1,1,GGCGTCTAACGAAAATATCA,0,3977109
xdhAp1,0.5,1,1,GGCGGGGTTCTCCGCATGTG,0,3966410
xdhAp1,0.5,1,1,GGCGGGGAGGCCATAGTTCT,0,3964344
xdhAp1,0.5,1,1,GGCGGGCATCTCATGCCGAT,0,3930358
xdhAp1,0.5,1,1,GGCGGCGCCCGTATGCCAGG,0,3962042
xdhAp1,0.5,1,1,GGCGGCAACTATATCGGCTT,0,3951756
xdhAp1,0.5,1,1,GGCGGATCCTACAAGCAAAG,0,3969137
xdhAp1,0.5,1,1,GGCGCTCCCTATGGTCGTTG,0,3929126
xdhAp1,0.5,1,1,GGCGAGGGGGATCTGGTCCA,0,3941300
xdhAp1,0.5,1,1,GGCGAGGAAGTTTTGGCTAT,0,3969115
xdhAp1,0.5,1,1,GGCGACCTATGGGCACTAGG,0,3979904
xdhAp1,0.5,1,1,GGCGACAGTCTGCGGAGTAG,0,3960094
xdhAp1,0.5,1,1,GGCGACAGCAATGGAGAAAG,0,3934898
xdhAp1,0.5,1,1,GGCCTGTATTTGTTACCAGG,0,3933116
xdhAp1,0.5,1,1,GGCCGTGGACCACTAGTAAA,0,3942192
xdhAp1,0.5,1,1,GGCCGTGAGTAAGTCTTAGG,0,3976246
xdhAp1,0.5,1,1,GGCCGAACATCCGTTTTACA,0,3932076
xdhAp1,0.5,1,1,GGCCCTATGCCGACTCGAAG,0,3938129
xdhAp1,0.5,1,1,GGCCCTACTCGGCCACCCTA,0,3975296
xdhAp1,0.5,1,1,GGCCCATCAATTGGGAAATC,0,3947787
xdhAp1,0.5,1,1,GGCCCACGCCTTAGTTAGGG,0,3952222
xdhAp1,0.5,1,1,GGCCAGTGGGGCACGCCTTG,0,3968586
xdhAp1,0.5,1,1,GGCCAGAGAATCGGTATACC,0,3954145
xdhAp1,0.5,1,1,GGCCAACTTATGTTTGAGTG,0,3954703
xdhAp1,0.5,1,1,GGCATGGTCAAGAGATGTTC,0,3950009
xdhAp1,0.5,1,1,GGCATCGTATGGGGGCATAC,0,3960510
xdhAp1,0.5,1,1,GGCAGGTATGGAGGGTCTGG,0,3949031
xdhAp1,0.5,1,1,GGCAGGGTCAGACCAATGGC,0,3958583
xdhAp1,0.5,1,1,GGCAGGCGAATATGACCTTC,0,3934602
xdhAp1,0.5,1,1,GGCAGCTGTACTTTTAGGTC,0,3930381
xdhAp1,0.5,1,1,GGCAGCGGGCCTCTCGTCAG,0,3950509
xdhAp1,0.5,1,1,GGCAGCGGAACACTTCTCAG,0,3946966
xdhAp1,0.5,1,1,GGCACTGGCCTACGCCAACT,0,3964788
xdhAp1,0.5,1,1,GGCACCTTTTTAGGAAATAC,0,3964199
xdhAp1,0.5,1,1,GGCAATAGGGATGCGGGCAA,0,3971776
xdhAp1,0.5,1,1,GGCAACTATTTGGCCTTAGC,0,3931280
xdhAp1,0.5,1,1,GGCAAATTGGCATCATAAAT,0,3967218
xdhAp1,0.5,1,1,GGCAAAGTCCATTCAAAGCA,0,3979550
xdhAp1,0.5,1,1,GGATTTAACTGTACATTCCT,0,3934383
xdhAp1,0.5,1,1,GGATGCCCTCGAGGCACAGA,0,3966159
xdhAp1,0.5,1,1,GGATCTAGGGTTTTTCAGGG,0,3945615
xdhAp1,0.5,1,1,GGATATATGGTGGTACACAA,0,3948930
xdhAp1,0.5,1,1,GGAGTTGCCCTATCAGGTAT,0,3945878
xdhAp1,0.5,1,1,GGAGTTCAAATGGTTCTTAC,0,3933707
xdhAp1,0.5,1,1,GGAGTGTGCCTGTAATATTG,0,3962557
xdhAp1,0.5,1,1,GGAGTGATAGAGCACGGCCT,0,3973293
xdhAp1,0.5,1,1,GGAGTCTCCTTGCGTCTCAA,0,3965734
xdhAp1,0.5,1,1,GGAGGGAAGGGGCCAACCCC,0,3974745
xdhAp1,0.5,1,1,GGAGCTAGGGATTTGAGGGT,0,3932374
xdhAp1,0.5,1,1,GGAGCGGGGACTTCCCTTAC,0,3947484
xdhAp1,0.5,1,1,GGAGCATCGACACAGTGTGC,0,3929595
xdhAp1,0.5,1,1,GGAGATGGTGACATCTCAAT,0,3937930
xdhAp1,0.5,1,1,GGAGAGGATGTGTTATCGAG,0,3953209
xdhAp1,0.5,1,1,GGACTTATTATCTTTAAAGT,0,3969694
xdhAp1,0.5,1,1,GGACTTAGATCTAGAGCATA,0,3949228
xdhAp1,0.5,1,1,GGACTGGCATCAGGGTAGGT,0,3936391
xdhAp1,0.5,1,1,GGACTAGAGGTTATACACTG,0,3944445
xdhAp1,0.5,1,1,GGACGTGTAGCATCCGATAT,0,3951533
xdhAp1,0.5,1,1,GGACGTAGCGCGAAAGCCAT,0,3940084
xdhAp1,0.5,1,1,GGACGGTCATTAAGGATTAT,0,3931450
xdhAp1,0.5,1,1,GGACATGATCATGAACGGTA,0,3953918
xdhAp1,0.5,1,1,GGACAGAAAATATAGATTAA,0,3965824
xdhAp1,0.5,1,1,GGACACGCAGGTGACGTCAT,0,3978969
xdhAp1,0.5,1,1,GGACACCAGACACGTTTTTT,0,3934445
xdhAp1,0.5,1,1,GGACAAGATTATGTCTAATA,0,3981125
xdhAp1,0.5,1,1,GGACAAAATAGCCTTGGATG,0,3970202
xdhAp1,0.5,1,1,GGAATTAAGTTGGTTTACCT,0,3941189
xdhAp1,0.5,1,1,GGAATAGACCACATTCCCTG,0,3937464
xdhAp1,0.5,1,1,GGAACAGCTGCCTTAGACCC,0,3933210
xdhAp1,0.5,1,1,GGAAATGTAACTAACTTTTA,0,3965426
xdhAp1,0.5,1,1,GCTTTTTTGATAACCGAGCG,0,3943511
xdhAp1,0.5,1,1,GCTTTTATGATGTCTCCGGT,0,3935649
xdhAp1,0.5,1,1,GCTTTGCTGGGCGAGAGACT,0,3962624
xdhAp1,0.5,1,1,GCTTTGATATAAATACCTTC,0,3968327
xdhAp1,0.5,1,1,GCTTTAACATGGTCAACCTT,0,3955857
xdhAp1,0.5,1,1,GCTTGGTCTATACGTATTAG,0,3929183
xdhAp1,0.5,1,1,GCTTGGAAATCACTTCCACA,0,3960426
xdhAp1,0.5,1,1,GCTTCGGCTTGCCGGTTATA,0,3941689
xdhAp1,0.5,1,1,GCTTCCCCGGCTAGGCACAG,0,3935508
xdhAp1,0.5,1,1,GCTTACACGCCTCGATTGAT,0,3967253
xdhAp1,0.5,1,1,GCTGTGTCCCAGAATCGAGA,0,3948379
xdhAp1,0.5,1,1,GCTGTGGGAGATCCACTGAA,0,3981508
xdhAp1,0.5,1,1,GCTGTCCAGTCAGGCTATGT,0,3975712
xdhAp1,0.5,1,1,GCTGTACATGTAGGGGAGTA,0,3948188
xdhAp1,0.5,1,1,GCTGTAAGTGTCAGGGCAAA,0,3934079
xdhAp1,0.5,1,1,GCTGGTGAGTCACTCAACCC,0,3932926
xdhAp1,0.5,1,1,GCTGGCCTTCATTACCTTCA,0,3940928
xdhAp1,0.5,1,1,GCTGGCCCCACTGGCCAATC,0,3962679
xdhAp1,0.5,1,1,GCTGCCTGCCTTAAGAAAAA,0,3954487
xdhAp1,0.5,1,1,GCTGCCACAAAACCACCGCA,0,3974592
xdhAp1,0.5,1,1,GCTGATGTAATACTTTCGGC,0,3964389
xdhAp1,0.5,1,1,GCTGATGGTCGTCGCGAAAG,0,3930328
xdhAp1,0.5,1,1,GCTGATCTTGTCATACGCTA,0,3946794
xdhAp1,0.5,1,1,GCTGAACTTGGCCGCGAAAA,0,3972647
xdhAp1,0.5,1,1,GCTCTCTACCACTACGGGGA,0,3960752
xdhAp1,0.5,1,1,GCTCTACGATCAACGTCGGC,0,3932039
xdhAp1,0.5,1,1,GCTCGAAGACAAAGTGTGTT,0,3979217
xdhAp1,0.5,1,1,GCTCCTCACCGCCCCAACAG,0,3941658
xdhAp1,0.5,1,1,GCTCCCTGCACCATACGACT,0,3969773
xdhAp1,0.5,1,1,GCTCCACACTCATACTCTAC,0,3941153
xdhAp1,0.5,1,1,GCTCAAGCTATTACGAGCGG,0,3977024
xdhAp1,0.5,1,1,GCTATTCTTTTCAACCCCAT,0,3954607
xdhAp1,0.5,1,1,GCTATTCGGAAATACGCCCA,0,3966170
xdhAp1,0.5,1,1,GCTATTCAATCAAGCGGAAA,0,3947525
xdhAp1,0.5,1,1,GCTATGGATGAGGTCATATT,0,3945643
xdhAp1,0.5,1,1,GCTATAATCAGTGATTAACT,0,3934649
xdhAp1,0.5,1,1,GCTAGCTAACGCTGTTGATT,0,3938141
xdhAp1,0.5,1,1,GCTAGATATAGCCGCGATTT,0,3965319
xdhAp1,0.5,1,1,GCTACTTGCTGTTAAACCTA,0,3951131
xdhAp1,0.5,1,1,GCTACTAGGACGTAAAACCT,0,3937915
xdhAp1,0.5,1,1,GCTACCTGTAAGTTATCTAA,0,3960724
xdhAp1,0.5,1,1,GCTACACGTGCGCGGCAGAC,0,3947788
xdhAp1,0.5,1,1,GCTAATCCGCCGTGTCGAGC,0,3976786
xdhAp1,0.5,1,1,GCTAATAGCAGGGGAAACTC,0,3950489
xdhAp1,0.5,1,1,GCTAACGTAGACTACTTATA,0,3968278
xdhAp1,0.5,1,1,GCTAACAATGCATCGGAGCA,0,3956361
xdhAp1,0.5,1,1,GCTAAATAAGGCGATGAGAT,0,3974491
xdhAp1,0.5,1,1,GCTAAAGGCTTGGTTCGCTA,0,3974670
xdhAp1,0.5,1,1,GCGTTGTACAAAGCGCATAA,0,3931683
xdhAp1,0.5,1,1,GCGTGTATGCTAGTTTCACG,0,3968671
xdhAp1,0.5,1,1,GCGTGGCAGTATGCCCGGGA,0,3967434
xdhAp1,0.5,1,1,GCGTGCCGGAGGTATTTAAA,0,3969888
xdhAp1,0.5,1,1,GCGTCTATCAAAAGCATCGA,0,3936248
xdhAp1,0.5,1,1,GCGTAGGTGCTTGTCATGTC,0,3966473
xdhAp1,0.5,1,1,GCGGTTTGCGTGGGTCTATG,0,3942560
xdhAp1,0.5,1,1,GCGGTTCTAGTCGTATCGAC,0,3952010
xdhAp1,0.5,1,1,GCGGTGCTGTATTGCATCGA,0,3973929
xdhAp1,0.5,1,1,GCGGTCTCTGTGGGTCCTGT,0,3939922
xdhAp1,0.5,1,1,GCGGTAAATAGCGGGCGGCT,0,3956227
xdhAp1,0.5,1,1,GCGGGGTTACGTGTAACTGT,0,3968167
xdhAp1,0.5,1,1,GCGGCCAGAGGTCTGGGACT,0,3929145
xdhAp1,0.5,1,1,GCGGAGCTAGAAGCCACTAA,0,3948370
xdhAp1,0.5,1,1,GCGGAATGACAAAGTAGAGC,0,3941286
xdhAp1,0.5,1,1,GCGCTGATTCGCATTCTATT,0,3932373
xdhAp1,0.5,1,1,GCGCTGAAGCGATAGAGGTG,0,3939083
xdhAp1,0.5,1,1,GCGCTCGAGACCGCGACAGT,0,3958044
xdhAp1,0.5,1,1,GCGCTATTCGAACGCCGCGG,0,3945973
xdhAp1,0.5,1,1,GCGCTATAGAACTTCGCTGT,0,3934893
xdhAp1,0.5,1,1,GCGCGTGCCGGATTGATTTT,0,3951248
xdhAp1,0.5,1,1,GCGCCGCGAATTAGTCTGAT,0,3931798
xdhAp1,0.5,1,1,GCGCCGACAGTGAAAAAGAT,0,3959869
xdhAp1,0.5,1,1,GCGCATGAGGCTATGGCCAT,0,3979803
xdhAp1,0.5,1,1,GCGCAGGACGCACTATAGAC,0,3957966
xdhAp1,0.5,1,1,GCGCACACCTGTGACCCCAT,0,3978495
xdhAp1,0.5,1,1,GCGCAAAATGGATCGAAACC,0,3958173
xdhAp1,0.5,1,1,GCGATTGCCTTACGTCTGCG,0,3967356
xdhAp1,0.5,1,1,GCGATCATATCAAGATTTAG,0,3946596
xdhAp1,0.5,1,1,GCGAGTATTGTAGCCTATAC,0,3931520
xdhAp1,0.5,1,1,GCGAGAGCCTGGATAATCTC,0,3981076
xdhAp1,0.5,1,1,GCGACTACTAGCCGCCCGAA,0,3946321
xdhAp1,0.5,1,1,GCGACGAGATGACTCAGAAA,0,3973525
xdhAp1,0.5,1,1,GCGACCGAAGAAAATGTTGT,0,3945678
xdhAp1,0.5,1,1,GCGAAAGCTCTCTAATGCTT,0,3973827
xdhAp1,0.5,1,1,GCCTTTGGTGGTTCGCATCA,0,3954297
xdhAp1,0.5,1,1,GCCTTGCCCGGGAGTTCAAG,0,3968235
xdhAp1,0.5,1,1,GCCTCTTTGTCACCGAAGAG,0,3959350
xdhAp1,0.5,1,1,GCCTCTACAAGCCCCGCATA,0,3934792
xdhAp1,0.5,1,1,GCCTCCTAATCGCACTAAAT,0,3931202
xdhAp1,0.5,1,1,GCCTATGCTTTGTTCTCGCT,0,3952460
xdhAp1,0.5,1,1,GCCTATCTCACTACGTCCTA,0,3934327
xdhAp1,0.5,1,1,GCCTATCCGCCTGATAAACC,0,3948756
xdhAp1,0.5,1,1,GCCTAGTCACAATCGCCAAC,0,3972913
xdhAp1,0.5,1,1,GCCGTTTTATTCAGTTAAGT,0,3970668
xdhAp1,0.5,1,1,GCCGTGTGTCGGTCTCACAG,0,3935934
xdhAp1,0.5,1,1,GCCGTGTGATAAGGAATTGA,0,3943469
xdhAp1,0.5,1,1,GCCGTATTCCGTAGGCTCTA,0,3942602
xdhAp1,0.5,1,1,GCCGTAAACCGGGGAATACA,0,3954570
xdhAp1,0.5,1,1,GCCGGGACCCCAGATCTACA,0,3970429
xdhAp1,0.5,1,1,GCCGGCGCGACAAAGGGCCA,0,3972792
xdhAp1,0.5,1,1,GCCGGCAAAAAGGCGACCGT,0,3966765
xdhAp1,0.5,1,1,GCCGCGCTGAATTCGAGATG,0,3971064
xdhAp1,0.5,1,1,GCCGCATTCGTCATCTATCG,0,3953213
xdhAp1,0.5,1,1,GCCGAGTTATGTGATCGGAT,0,3938127
xdhAp1,0.5,1,1,GCCGACGCTTCCACGACTGT,0,3959085
xdhAp1,0.5,1,1,GCCCTGTGTTTAAGCTCGAT,0,3958978
xdhAp1,0.5,1,1,GCCCTCGGCGCTTCCGTCAT,0,3959535
xdhAp1,0.5,1,1,GCCCTCATGCGCGAAAAGGA,0,3943521
xdhAp1,0.5,1,1,GCCCTCAATATCGGCCTGAG,0,3934572
xdhAp1,0.5,1,1,GCCCTACTAACCTTTGACAG,0,3949066
xdhAp1,0.5,1,1,GCCCGGAGTTCTGTCACTAG,0,3938585
xdhAp1,0.5,1,1,GCCCGGAGTGTTGGTCGGGA,0,3946859
xdhAp1,0.5,1,1,GCCCGAGAGATGCGGGAGGA,0,3974395
xdhAp1,0.5,1,1,GCCCGAGACACAAGGGAGTC,0,3953491
xdhAp1,0.5,1,1,GCCCGAAAATGCTTCATTGT,0,3966158
xdhAp1,0.5,1,1,GCCCCCCAGTAGGCAAATGC,0,3971957
xdhAp1,0.5,1,1,GCCCATGCATGGTGCCCAGA,0,3964986
xdhAp1,0.5,1,1,GCCCATAAATGCCCGCTAAC,0,3930108
xdhAp1,0.5,1,1,GCCCAGCCTATCAATCGACC,0,3955549
xdhAp1,0.5,1,1,GCCCACAGAGCCCCAATAAC,0,3964250
xdhAp1,0.5,1,1,GCCATTGACCCACGCTCCGG,0,3948603
xdhAp1,0.5,1,1,GCCATTACTGGAGGCCAGGG,0,3974927
xdhAp1,0.5,1,1,GCCATGGGCCGAAAACAATC,0,3965446
xdhAp1,0.5,1,1,GCCACTTTGCTCAATACACG,0,3950338
xdhAp1,0.5,1,1,GCCACGAAATCAGGAGGTCG,0,3980370
xdhAp1,0.5,1,1,GCCACAATGGAAAGCTACGT,0,3932604
xdhAp1,0.5,1,1,GCCAAACCCGGCTTATGTGT,0,3979017
xdhAp1,0.5,1,1,GCATTGGATGTATTCGCTAT,0,3959012
xdhAp1,0.5,1,1,GCATGGTGCCGGTCTGAAAG,0,3954017
xdhAp1,0.5,1,1,GCATGGGGTCTAAGGCACCG,0,3948631
xdhAp1,0.5,1,1,GCATGGAAGGCTTACAGGAC,0,3979843
xdhAp1,0.5,1,1,GCATGACGTGGGCCAACTCA,0,3967867
xdhAp1,0.5,1,1,GCATCACCAGTTTATAAACA,0,3941895
xdhAp1,0.5,1,1,GCATATACGAACATAATATC,0,3976194
xdhAp1,0.5,1,1,GCATACACTCGGATGATGAT,0,3931438
xdhAp1,0.5,1,1,GCAGTGGAAAAAGATGTATG,0,3956760
xdhAp1,0.5,1,1,GCAGTGCAGTACGAATCAGG,0,3930169
xdhAp1,0.5,1,1,GCAGTCGTTTTATTAGGCCT,0,3966354
xdhAp1,0.5,1,1,GCAGTCACCGACTCGGGGGT,0,3935724
xdhAp1,0.5,1,1,GCAGTAGAGCTAGGCGCCGT,0,3930322
xdhAp1,0.5,1,1,GCAGGTTACGTGGGACATAA,0,3975367
xdhAp1,0.5,1,1,GCAGGGAGTTACCGCACCCC,0,3973591
xdhAp1,0.5,1,1,GCAGGAAGGATCCCACGGCG,0,3951806
xdhAp1,0.5,1,1,GCAGCACTGAGGCTCCAATG,0,3944457
xdhAp1,0.5,1,1,GCAGCAATCTGTACGAAATG,0,3959307
xdhAp1,0.5,1,1,GCAGATACCTATAGAGGAGC,0,3950405
xdhAp1,0.5,1,1,GCAGAGGTAATATGCATAAC,0,3977595
xdhAp1,0.5,1,1,GCACTGTTTATATCGCAGAG,0,3958764
xdhAp1,0.5,1,1,GCACGTTTCCGATTCTTGAA,0,3958681
xdhAp1,0.5,1,1,GCACGGATTGGGAGGTCATC,0,3951322
xdhAp1,0.5,1,1,GCACGCAGCGTGGAAAGTAC,0,3950335
xdhAp1,0.5,1,1,GCACCGCGGCGGAACGGGCT,0,3956059
xdhAp1,0.5,1,1,GCACCCTAGCTAGTCTTAAG,0,3935175
xdhAp1,0.5,1,1,GCACCATCCGGCTGATGCGA,0,3962966
xdhAp1,0.5,1,1,GCACCACTGACTAGGGAACT,0,3958454
xdhAp1,0.5,1,1,GCACCAACTCATATATCCTG,0,3935293
xdhAp1,0.5,1,1,GCACAGGTTGGACGTGCAGG,0,3949741
xdhAp1,0.5,1,1,GCACAGGTCTGGAGAGCTTA,0,3970863
xdhAp1,0.5,1,1,GCACAGCGCGCTTTTTCTCT,0,3954320
xdhAp1,0.5,1,1,GCAATTAATTCATGGGTAGG,0,3929834
xdhAp1,0.5,1,1,GCAAGTCTTTAGCTTACGGA,0,3939864
xdhAp1,0.5,1,1,GCAACTTGTCCTTTAAGACA,0,3966168
xdhAp1,0.5,1,1,GCAACGAGATTCTTAGCGAT,0,3955792
xdhAp1,0.5,1,1,GCAACGACGCCGCTGGCAAC,0,3977152
xdhAp1,0.5,1,1,GCAAATCGACCAACTCCCTA,0,3949027
xdhAp1,0.5,1,1,GCAAAATTAATAGCACTGAG,0,3947417
xdhAp1,0.5,1,1,GATTTCTGCACGCTAAGAGT,0,3973453
xdhAp1,0.5,1,1,GATTGCGGGTGGCAGTCACA,0,3954449
xdhAp1,0.5,1,1,GATTGCAGCTATATATTGAT,0,3931324
xdhAp1,0.5,1,1,GATTGAAACCAATTTCTGAC,0,3961949
xdhAp1,0.5,1,1,GATTCTTGTGAGCTACCATA,0,3967101
xdhAp1,0.5,1,1,GATTCCGTTGGTACAAGGAT,0,3978894
xdhAp1,0.5,1,1,GATTATTCTCGTGAACGCCT,0,3953763
xdhAp1,0.5,1,1,GATTATGTCATGACTTTGAT,0,3932783
xdhAp1,0.5,1,1,GATTAGTGCTGCCAGGAAGA,0,3952945
xdhAp1,0.5,1,1,GATTAGATTATTAAGATGGG,0,3974620
xdhAp1,0.5,1,1,GATTACTCCGCAAACGCCAA,0,3967973
xdhAp1,0.5,1,1,GATTACAGTAATGGCCTACA,0,3979901
xdhAp1,0.5,1,1,GATGTCTCGCACCTGCGCAT,0,3977497
xdhAp1,0.5,1,1,GATGTCCGAGGTTCTTGACT,0,3931326
xdhAp1,0.5,1,1,GATGTCACTGCGCATTAGAA,0,3946465
xdhAp1,0.5,1,1,GATGTATCATCTATATGAAT,0,3968337
xdhAp1,0.5,1,1,GATGTATATATTTGCCCAAT,0,3930709
xdhAp1,0.5,1,1,GATGGTTAACAATCGTCAAT,0,3972325
xdhAp1,0.5,1,1,GATGGCGTCAGCACCGCTTT,0,3978372
xdhAp1,0.5,1,1,GATGCTTCGATGCCAAGTTG,0,3974855
xdhAp1,0.5,1,1,GATGCAACGAACGGCTCCAT,0,3944278
xdhAp1,0.5,1,1,GATCTTGGGTACGGACGAAG,0,3933753
xdhAp1,0.5,1,1,GATCTGTGTATGCATGAATA,0,3951871
xdhAp1,0.5,1,1,GATCTCCCCACTAACACTTG,0,3936957
xdhAp1,0.5,1,1,GATCGCTGGTAGTCGAACAC,0,3934845
xdhAp1,0.5,1,1,GATCCGGCGCTTTCAGTTGC,0,3961592
xdhAp1,0.5,1,1,GATCCCGACATCCGGTCAAA,0,3977132
xdhAp1,0.5,1,1,GATCAGTGGGCCTGCCCCCT,0,3944423
xdhAp1,0.5,1,1,GATCAAGCGCATGGGGCCAA,0,3947319
xdhAp1,0.5,1,1,GATATGTCCCCTCGTACCGC,0,3943910
xdhAp1,0.5,1,1,GATATAAATTCGCTGGGTAT,0,3977915
xdhAp1,0.5,1,1,GATAGATCGCTGCCGCCCGC,0,3951254
xdhAp1,0.5,1,1,GATACTTAACCTGAACGCGT,0,3947180
xdhAp1,0.5,1,1,GATACTGCCCCTGCGACTTA,0,3929596
xdhAp1,0.5,1,1,GATACCATAGGAAGAATTCC,0,3979918
xdhAp1,0.5,1,1,GATACAAGTTGCATGAATAG,0,3940287
xdhAp1,0.5,1,1,GATAAACACATTCAAATGGT,0,3941632
xdhAp1,0.5,1,1,GAGTTGCATTTTAGCCTGGA,0,3946736
xdhAp1,0.5,1,1,GAGTTCTTTGCGCTTCCAAA,0,3963724
xdhAp1,0.5,1,1,GAGTGGGTTGGAGTTAAGTG,0,3946953
xdhAp1,0.5,1,1,GAGTGGGCGATCATAATGGG,0,3975244
xdhAp1,0.5,1,1,GAGTGCCCGAGGCTTAACTA,0,3936799
xdhAp1,0.5,1,1,GAGTCAGGGCAACATGCGCC,0,3954181
xdhAp1,0.5,1,1,GAGTCAAGGCTTGACAAATT,0,3933689
xdhAp1,0.5,1,1,GAGTAGGCCTATTAAGACGT,0,3952578
xdhAp1,0.5,1,1,GAGGTCGGTATGGATGGACT,0,3938007
xdhAp1,0.5,1,1,GAGGGGTAGCAATTTCGACA,0,3938074
xdhAp1,0.5,1,1,GAGGGGAGACCGTGATAAAA,0,3950886
xdhAp1,0.5,1,1,GAGGGCTCGATAGCGTTACA,0,3971704
xdhAp1,0.5,1,1,GAGGGCCAGCTCATATCCCT,0,3952025
xdhAp1,0.5,1,1,GAGGGAGTGCATATCTTAAT,0,3964624
xdhAp1,0.5,1,1,GAGGGACCGCGGATCGTACC,0,3978700
xdhAp1,0.5,1,1,GAGGCTCAGACGGTTAGGTG,0,3940504
xdhAp1,0.5,1,1,GAGGCGGTAAGAGGTGCGAG,0,3974931
xdhAp1,0.5,1,1,GAGGCGGCGTGGCCGCGCAA,0,3957797
xdhAp1,0.5,1,1,GAGGCCTCAAGTCTGAGGGG,0,3934977
xdhAp1,0.5,1,1,GAGGCAGCACCCTCGTATAT,0,3965948
xdhAp1,0.5,1,1,GAGGCAATGCGTTGAACCAA,0,3972513
xdhAp1,0.5,1,1,GAGGAGCCTGAACGTCCGAT,0,3933227
xdhAp1,0.5,1,1,GAGGACACTAGCCGGAGTAT,0,3928960
xdhAp1,0.5,1,1,GAGCTTTAGGCCCCTCATTG,0,3971209
xdhAp1,0.5,1,1,GAGCTTCAGGCGCTCTTTAA,0,3940367
xdhAp1,0.5,1,1,GAGCGTTACCCTCAACAGGG,0,3933183
xdhAp1,0.5,1,1,GAGCGTGTCTTCGTGTATTT,0,3945309
xdhAp1,0.5,1,1,GAGCGGGAAGCCTATGACAT,0,3975660
xdhAp1,0.5,1,1,GAGCGATGTAAAGAGGGGCA,0,3959939
xdhAp1,0.5,1,1,GAGCGACGCCAATGGGGTGG,0,3970980
xdhAp1,0.5,1,1,GAGCCGCCGTGACAATGCCC,0,3966386
xdhAp1,0.5,1,1,GAGCCCTTAATTGGAGCGCT,0,3962212
xdhAp1,0.5,1,1,GAGCCCGCTTAAGGCGGTAT,0,3956300
xdhAp1,0.5,1,1,GAGCCCCAGTGAACCCCTAA,0,3967468
xdhAp1,0.5,1,1,GAGCCAGTGAGACGCCACAT,0,3950309
xdhAp1,0.5,1,1,GAGCCACATAACCGATAGAA,0,3938049
xdhAp1,0.5,1,1,GAGCATCTACACACAGTCGG,0,3966472
xdhAp1,0.5,1,1,GAGCACCTTGGCACGAAGAT,0,3945241
xdhAp1,0.5,1,1,GAGCAATTTGTTTCATAATA,0,3968471
xdhAp1,0.5,1,1,GAGCAATCGTAACCGGCTTT,0,3948829
xdhAp1,0.5,1,1,GAGATAATTGTAAAGGAAGT,0,3941853
xdhAp1,0.5,1,1,GAGAGGGGGGTCGATCGAGC,0,3964860
xdhAp1,0.5,1,1,GAGAGCCCGAATAGCGAGAT,0,3933427
xdhAp1,0.5,1,1,GAGACTAGGGATATGTCATT,0,3969696
xdhAp1,0.5,1,1,GAGACGTTGCTTCGCCGACA,0,3968178
xdhAp1,0.5,1,1,GAGACAGTTGAGAAGGTAGG,0,3961001
xdhAp1,0.5,1,1,GAGAATGAGCTCCCTACTCC,0,3949661
xdhAp1,0.5,1,1,GAGAAGGGTGAATCTGGTCT,0,3940172
xdhAp1,0.5,1,1,GAGAAGGCCTTCGGTGCATC,0,3943166
xdhAp1,0.5,1,1,GAGAAAAAGACCGAGCGTGA,0,3933390
xdhAp1,0.5,1,1,GACTGGGCTGGAGAATATAA,0,3929966
xdhAp1,0.5,1,1,GACTGGATTCGGGCGCCGTT,0,3951315
xdhAp1,0.5,1,1,GACTGCCCACAGTTTCTTGA,0,3948896
xdhAp1,0.5,1,1,GACTCCTGTGATGCTACGAT,0,3955488
xdhAp1,0.5,1,1,GACTCCCTTTAATACTGCCC,0,3963356
xdhAp1,0.5,1,1,GACGTGTATGATCCCCTGGA,0,3971024
xdhAp1,0.5,1,1,GACGTCGCTGCATGGCAGTT,0,3952413
xdhAp1,0.5,1,1,GACGTACGCGCGGTTATCGC,0,3974396
xdhAp1,0.5,1,1,GACGGTCTCATCATTTATGA,0,3948859
xdhAp1,0.5,1,1,GACGGGTAGAGGGCATGCCT,0,3960287
xdhAp1,0.5,1,1,GACGGGTAACTCAATATACG,0,3938874
xdhAp1,0.5,1,1,GACGGCTGCCCATGAACAAT,0,3945547
xdhAp1,0.5,1,1,GACGGCGCACGGCAGAAGAC,0,3975529
xdhAp1,0.5,1,1,GACGCGGACCTCCGGATTGT,0,3946875
xdhAp1,0.5,1,1,GACGCATACAACAAGGCTCA,0,3941638
xdhAp1,0.5,1,1,GACGAACGTCACACCAAGGA,0,3952650
xdhAp1,0.5,1,1,GACCTTGTATGTCAGAAGTT,0,3953423
xdhAp1,0.5,1,1,GACCTGATTGCCGGAGGATT,0,3981000
xdhAp1,0.5,1,1,GACCTATGCAACGATAAGTC,0,3941419
xdhAp1,0.5,1,1,GACCGGAATCTTAGCGGAAC,0,3976384
xdhAp1,0.5,1,1,GACCCTCGAGAACTCTGTTT,0,3946241
xdhAp1,0.5,1,1,GACCCGCTGTTCAGACAGAA,0,3938581
xdhAp1,0.5,1,1,GACCCCGGAGTCGTTATATA,0,3947720
xdhAp1,0.5,1,1,GACCCCCCGCAGATATGCCC,0,3978432
xdhAp1,0.5,1,1,GACCCAAACGCCCGACTCAT,0,3967115
xdhAp1,0.5,1,1,GACCAGTTACGTCATGCTCT,0,3956700
xdhAp1,0.5,1,1,GACCACTATATTCAAGGATC,0,3931650
xdhAp1,0.5,1,1,GACCAAGGGAAAATTTCATG,0,3942238
xdhAp1,0.5,1,1,GACATACTGCCGCAATTCAG,0,3969096
xdhAp1,0.5,1,1,GACAGCAAGCATTCATTGAC,0,3973234
xdhAp1,0.5,1,1,GACACGATTGCAATTATGTA,0,3962150
xdhAp1,0.5,1,1,GACAATAAAAAGAATAGGTC,0,3962462
xdhAp1,0.5,1,1,GACAAAACAGTAATTGCGAA,0,3973324
xdhAp1,0.5,1,1,GAATTTCCCCTGAGCCGTAT,0,3942378
xdhAp1,0.5,1,1,GAATTCTAATTAGGCGGAAC,0,3934573
xdhAp1,0.5,1,1,GAATGTGGTCCCCCGTACTC,0,3953210
xdhAp1,0.5,1,1,GAATGGAATGCTGGTTGGAC,0,3956132
xdhAp1,0.5,1,1,GAATGCTGTCTTTTCCACAC,0,3980150
xdhAp1,0.5,1,1,GAATCTTCTCGGGGGCCTCA,0,3931736
xdhAp1,0.5,1,1,GAATCGTCCGACTTTAGACT,0,3972281
xdhAp1,0.5,1,1,GAATCGCCCACGGAGACGAG,0,3965137
xdhAp1,0.5,1,1,GAATCCTAAGGAATGGTGAG,0,3931452
xdhAp1,0.5,1,1,GAATACCATTTCTTCAAGTC,0,3955477
xdhAp1,0.5,1,1,GAATAAAGTACATGCCGCTC,0,3951392
xdhAp1,0.5,1,1,GAATAAAGGCATCACCTGTG,0,3976374
xdhAp1,0.5,1,1,GAAGTTAAGCCGCAACGCCG,0,3954026
xdhAp1,0.5,1,1,GAAGTGTGTGTGGTCATGCT,0,3979299
xdhAp1,0.5,1,1,GAAGGCCCGGAATCCACATA,0,3957895
xdhAp1,0.5,1,1,GAAGGCAATGGGCGAATGGG,0,3950976
xdhAp1,0.5,1,1,GAAGGATGATAGACAGCTTT,0,3939166
xdhAp1,0.5,1,1,GAAGCGGACCCAGCGCGGGT,0,3929683
xdhAp1,0.5,1,1,GAAGCCATCCGCATCGGGTG,0,3958115
xdhAp1,0.5,1,1,GAACTTCAATTCGCTTGTGT,0,3939270
xdhAp1,0.5,1,1,GAACTGCTCCTCTCGAGCGC,0,3976186
xdhAp1,0.5,1,1,GAACGGGATGCGTAAGGGAC,0,3968207
xdhAp1,0.5,1,1,GAACGCGACGCATTAAGAAC,0,3965256
xdhAp1,0.5,1,1,GAACGAGTACAATAACAGGG,0,3970170
xdhAp1,0.5,1,1,GAACCGCAACAAACACACGG,0,3953976
xdhAp1,0.5,1,1,GAACCCTCTTCGGGGGCAAA,0,3970131
xdhAp1,0.5,1,1,GAACCCGGTCTCTGGTCCTT,0,3953148
xdhAp1,0.5,1,1,GAACCCGACGGCGTGTGGTA,0,3966104
xdhAp1,0.5,1,1,GAACAACAAAACGAAGCTAT,0,3972014
xdhAp1,0.5,1,1,GAAATGCTGTTATATAGATG,0,3942300
xdhAp1,0.5,1,1,GAAATATATACTGGGGTTTA,0,3956488
xdhAp1,0.5,1,1,GAAAGGGACTCGGGAAAGAA,0,3936154
xdhAp1,0.5,1,1,GAAAAGCTTACCGATTGTTG,0,3976187
xdhAp1,0.5,1,1,GAAAACCACTTGTTTCGAGG,0,3941006
xdhAp1,0.5,1,1,GAAAACACGGGGTCGTCGGT,0,3932264
xdhAp1,0.5,1,1,CTTTTTTCAACTACGTGTAT,0,3934790
xdhAp1,0.5,1,1,CTTTTCTATATTATACCATA,0,3972397
xdhAp1,0.5,1,1,CTTTTCTACGTTAGCGTGCG,0,3962523
xdhAp1,0.5,1,1,CTTTGGAAGTTGTTTGAATA,0,3952168
xdhAp1,0.5,1,1,CTTTCTTGGAGTGAAAACGC,0,3968037
xdhAp1,0.5,1,1,CTTTCTTATAGGCCGGCGGT,0,3973566
xdhAp1,0.5,1,1,CTTTCGCCTCCTTCGCTCCA,0,3956697
xdhAp1,0.5,1,1,CTTTCGATGTGGTTTTCACT,0,3974487
xdhAp1,0.5,1,1,CTTTCGACACTGGATTTCGT,0,3935578
xdhAp1,0.5,1,1,CTTTCACCTAATCTTTCCTA,0,3944326
xdhAp1,0.5,1,1,CTTTAGTTCTGGTTCAGTCA,0,3941108
xdhAp1,0.5,1,1,CTTTAGCGCCCCCAGTTGGC,0,3981418
xdhAp1,0.5,1,1,CTTTACAAAGGTTGGCCAAC,0,3962465
xdhAp1,0.5,1,1,CTTTAAGGCCAATTTCGATG,0,3976763
xdhAp1,0.5,1,1,CTTGTGTTCTTGTATAAGTC,0,3950802
xdhAp1,0.5,1,1,CTTGTCTCATCAGGCTTGAC,0,3938510
xdhAp1,0.5,1,1,CTTGGGAAGTCTTTGTTGGA,0,3965517
xdhAp1,0.5,1,1,CTTGCTGTGGGGCTTCTTTT,0,3945699
xdhAp1,0.5,1,1,CTTGCGGGGGTTAGTAATGA,0,3955916
xdhAp1,0.5,1,1,CTTGAGAATGGCTCATGGCT,0,3951029
xdhAp1,0.5,1,1,CTTGACACAATGCGGGTAAA,0,3937062
xdhAp1,0.5,1,1,CTTGAATAAGTTAATCGCAT,0,3967307
xdhAp1,0.5,1,1,CTTGAACGTTCCCGCGACTT,0,3930218
xdhAp1,0.5,1,1,CTTCTGGCGCGAATCGATAC,0,3953364
xdhAp1,0.5,1,1,CTTCTGATCAGATAGAGGCG,0,3957782
xdhAp1,0.5,1,1,CTTCCTACGTGGTCGCGGTC,0,3980100
xdhAp1,0.5,1,1,CTTCCGGCATGATGTGCTGT,0,3937569
xdhAp1,0.5,1,1,CTTCCGAAGTCCAACGGACG,0,3947702
xdhAp1,0.5,1,1,CTTATGTCCCCCTGTCAGAT,0,3954511
xdhAp1,0.5,1,1,CTTATCGCGCTACCGAAAGT,0,3971585
xdhAp1,0.5,1,1,CTTATCGACTCCTATTAGTA,0,3965765
xdhAp1,0.5,1,1,CTTATCGAATACGGAAGGAA,0,3930038
xdhAp1,0.5,1,1,CTTATACCCGCAAGAAAGCG,0,3935576
xdhAp1,0.5,1,1,CTTAGGTTCTATATGCCCGC,0,3935619
xdhAp1,0.5,1,1,CTTAGGGAAATGACCCACAT,0,3959373
xdhAp1,0.5,1,1,CTTAGGAGTACAGCTAGAAC,0,3935325
xdhAp1,0.5,1,1,CTTAGCCAGCCGCTAACACC,0,3953914
xdhAp1,0.5,1,1,CTTAGCATAATAGGTCTGTG,0,3949544
xdhAp1,0.5,1,1,CTTAGATCGCAGAGGAGCGG,0,3937457
xdhAp1,0.5,1,1,CTTAAGTTGGTAGAGCTCCT,0,3939135
xdhAp1,0.5,1,1,CTTAACTTAGTGGGGGTTCT,0,3964162
xdhAp1,0.5,1,1,CTTAAAGTAGCGTGGCCTTA,0,3941349
xdhAp1,0.5,1,1,CTGTTGGTATCAATTCATCA,0,3960263
xdhAp1,0.5,1,1,CTGTGGATCGGATACACAAA,0,3949745
xdhAp1,0.5,1,1,CTGTGCCTTATACAGTAAGA,0,3938823
xdhAp1,0.5,1,1,CTGTGCACGTACTCCGATGG,0,3960543
xdhAp1,0.5,1,1,CTGTACTAAGCGTAGTCGGA,0,3963605
xdhAp1,0.5,1,1,CTGGTTCGTACAGAGCATGA,0,3971449
xdhAp1,0.5,1,1,CTGGTATGCAGAGCCGGTAC,0,3938085
xdhAp1,0.5,1,1,CTGGTAGTTAACCGTACCTG,0,3973095
xdhAp1,0.5,1,1,CTGGTAATAGCTTTGCGGAT,0,3937994
xdhAp1,0.5,1,1,CTGGTAAAACTCTTTCGAGC,0,3951435
xdhAp1,0.5,1,1,CTGGGTAGTAAGGACTCATG,0,3948458
xdhAp1,0.5,1,1,CTGGGTAATTCTGTACATTC,0,3940582
xdhAp1,0.5,1,1,CTGGGGTCCATCTCAGAGAG,0,3971970
xdhAp1,0.5,1,1,CTGGGGCAGCCCGGATCCGT,0,3943908
xdhAp1,0.5,1,1,CTGGGCCTTTATGTACGCGG,0,3959206
xdhAp1,0.5,1,1,CTGGGCCGAGCATTCATGAC,0,3960140
xdhAp1,0.5,1,1,CTGGCGCGCCTGTAAGAGTA,0,3981048
xdhAp1,0.5,1,1,CTGGCATATGGGTATCCTCA,0,3946857
xdhAp1,0.5,1,1,CTGCTTCTCAAATACGTCTT,0,3954762
xdhAp1,0.5,1,1,CTGCGTGGTGAGTTTGAACA,0,3941265
xdhAp1,0.5,1,1,CTGCGTCGAGGTAATTTACT,0,3950330
xdhAp1,0.5,1,1,CTGCGCTATTTTGCTGCAAC,0,3936590
xdhAp1,0.5,1,1,CTGCGCTATTCCGTGGGGGT,0,3944349
xdhAp1,0.5,1,1,CTGCCGAGCAAATCAGCAGG,0,3957157
xdhAp1,0.5,1,1,CTGCCAATCGCGAAAAACTA,0,3963590
xdhAp1,0.5,1,1,CTGCAGCGAGTTTACCCCCA,0,3957817
xdhAp1,0.5,1,1,CTGATTTGCGCTGTATTAAC,0,3951582
xdhAp1,0.5,1,1,CTGATGGGAAACTATGTGAT,0,3968208
xdhAp1,0.5,1,1,CTGATGCGCACGAGAATTCC,0,3935606
xdhAp1,0.5,1,1,CTGATCCTGCTGTCAGTTAT,0,3958872
xdhAp1,0.5,1,1,CTGATACTGGATGAGAGAAT,0,3933756
xdhAp1,0.5,1,1,CTGACTATCAAAGTCAATCT,0,3931381
xdhAp1,0.5,1,1,CTGAATAGCGCCCGGACGCT,0,3939818
xdhAp1,0.5,1,1,CTGAAGAGCCCAATGCCGGG,0,3946594
xdhAp1,0.5,1,1,CTGAACCTAATACTCTATGG,0,3951492
xdhAp1,0.5,1,1,CTCTTGCGGGTGCGAGGTTC,0,3946098
xdhAp1,0.5,1,1,CTCTGTGGAGACCGATACCA,0,3973572
xdhAp1,0.5,1,1,CTCTGTGACGTTGGAGCGAT,0,3935314
xdhAp1,0.5,1,1,CTCTGGGGGGAGAAGTTATG,0,3953942
xdhAp1,0.5,1,1,CTCTGACGGAATTCGACCAT,0,3945490
xdhAp1,0.5,1,1,CTCTCTGTGTCTTGCTACCT,0,3951518
xdhAp1,0.5,1,1,CTCTCAATTGGCTAAAGTCA,0,3964435
xdhAp1,0.5,1,1,CTCTATTGCAACTCTCTAAG,0,3950808
xdhAp1,0.5,1,1,CTCTAGGTTGATTGTTATGT,0,3930669
xdhAp1,0.5,1,1,CTCTAGGAAGACCTCCAGTA,0,3971997
xdhAp1,0.5,1,1,CTCTAATTTCAGGATCGATC,0,3939768
xdhAp1,0.5,1,1,CTCTAAGTAACTTGAGGCAG,0,3942818
xdhAp1,0.5,1,1,CTCGTTGATAGACCCCATGA,0,3962072
xdhAp1,0.5,1,1,CTCGTACGAAGGCGGGGGCA,0,3948499
xdhAp1,0.5,1,1,CTCGTACAGTTTTCGAGATA,0,3971991
xdhAp1,0.5,1,1,CTCGGTATGGTCGGTCGCTA,0,3962087
xdhAp1,0.5,1,1,CTCGGGCGCAGATAAGTTGT,0,3967435
xdhAp1,0.5,1,1,CTCGGAGCTCTAATCGCGCA,0,3956547
xdhAp1,0.5,1,1,CTCGCTTATTCAGGCTGATG,0,3962403
xdhAp1,0.5,1,1,CTCGCCATTCCCCTGTAATA,0,3970872
xdhAp1,0.5,1,1,CTCGACACGTCTCTGTCGGT,0,3960939
xdhAp1,0.5,1,1,CTCCTTTTTTGGTTGATTTC,0,3966949
xdhAp1,0.5,1,1,CTCCTGTCTGCGCGTTGCCA,0,3931048
xdhAp1,0.5,1,1,CTCCGTTACCTTAGACTATA,0,3953103
xdhAp1,0.5,1,1,CTCCGGGATTGTTCGATACG,0,3969328
xdhAp1,0.5,1,1,CTCCGCTACCTTGGTTGGCT,0,3941885
xdhAp1,0.5,1,1,CTCCGCGATCTGATTCCAGT,0,3944689
xdhAp1,0.5,1,1,CTCCGCATGCATGACGACGC,0,3964388
xdhAp1,0.5,1,1,CTCCGAGTGCAAGGAGTTAA,0,3939358
xdhAp1,0.5,1,1,CTCCGAGTCTTTGGTTTCCG,0,3938893
xdhAp1,0.5,1,1,CTCCCGACAATTGGAGGCCT,0,3934108
xdhAp1,0.5,1,1,CTCCAACCTATACGTAGAGG,0,3965400
xdhAp1,0.5,1,1,CTCATTCAGGTATTGGAGAC,0,3974845
xdhAp1,0.5,1,1,CTCATTCAATTGTGACGCTA,0,3967889
xdhAp1,0.5,1,1,CTCATGACCAAAGGTAGCTC,0,3939654
xdhAp1,0.5,1,1,CTCATACACAAGTGCGGTGG,0,3940315
xdhAp1,0.5,1,1,CTCATAAATGGGAGCCTCAT,0,3935853
xdhAp1,0.5,1,1,CTCAGGGTAGACGCCTTATG,0,3962698
xdhAp1,0.5,1,1,CTCAGGCCCACCCGCCCCTT,0,3938803
xdhAp1,0.5,1,1,CTCAGGCATATATCTCGGTA,0,3969189
xdhAp1,0.5,1,1,CTCAGACATAACTCGGTCAT,0,3973998
xdhAp1,0.5,1,1,CTCACTGTATCTACCAGTTC,0,3943810
xdhAp1,0.5,1,1,CTCACTGGACCGCGGACCAT,0,3934974
xdhAp1,0.5,1,1,CTCACAAAGGCGTTTAGTTC,0,3963494
xdhAp1,0.5,1,1,CTCAATTCTTACGTATTCTT,0,3957617
xdhAp1,0.5,1,1,CTCAATATTGTGATGTTGCG,0,3959587
xdhAp1,0.5,1,1,CTATTATGCTCGTTGCGACG,0,3961173
xdhAp1,0.5,1,1,CTATGCACTGATCGCTACTT,0,3932558
xdhAp1,0.5,1,1,CTATGATCGAATTGTTATTT,0,3930882
xdhAp1,0.5,1,1,CTATGATATGGGCTCATCAG,0,3955811
xdhAp1,0.5,1,1,CTATGATACCATATACGATG,0,3957132
xdhAp1,0.5,1,1,CTATGAGTTACGTATTTGGT,0,3948567
xdhAp1,0.5,1,1,CTATCGTCAACCCTGCGATA,0,3964394
xdhAp1,0.5,1,1,CTATCAATTACCTATATGGG,0,3969205
xdhAp1,0.5,1,1,CTATAATTGTGACGTCCTGT,0,3973063
xdhAp1,0.5,1,1,CTATAAAGTTCCAACGGGTC,0,3974169
xdhAp1,0.5,1,1,CTAGTTCCAGGGATCATTTA,0,3951636
xdhAp1,0.5,1,1,CTAGTAGGAGGTGGGGGTGC,0,3941025
xdhAp1,0.5,1,1,CTAGTAACGATGATCGGGGG,0,3967269
xdhAp1,0.5,1,1,CTAGGTGTTGGATGTTCAGT,0,3930714
xdhAp1,0.5,1,1,CTAGGCTCCGCATGACTTGT,0,3976101
xdhAp1,0.5,1,1,CTAGGCCCGACCTCGGTTTT,0,3971203
xdhAp1,0.5,1,1,CTAGGCCATGGACAGTATGG,0,3958047
xdhAp1,0.5,1,1,CTAGGAAAGGTCGATCGTAT,0,3951111
xdhAp1,0.5,1,1,CTAGCCCCAGGCGCAGATAC,0,3946723
xdhAp1,0.5,1,1,CTAGCATCAACTGCGGGGAT,0,3953941
xdhAp1,0.5,1,1,CTAGCACTTCGGATACTAGG,0,3981153
xdhAp1,0.5,1,1,CTAGCAAACCCAGGTGGGGG,0,3929727
xdhAp1,0.5,1,1,CTAGATAGTACTGGAAACAA,0,3946471
xdhAp1,0.5,1,1,CTACTGCTAATGCCGTGACT,0,3975186
xdhAp1,0.5,1,1,CTACGTCTTGTTGCATCTTT,0,3981140
xdhAp1,0.5,1,1,CTACGCAGCAAGCGGAAGAT,0,3977050
xdhAp1,0.5,1,1,CTACGATTCTCCCCGAACAA,0,3961978
xdhAp1,0.5,1,1,CTACGAGCTACAGCTGTGAA,0,3952498
xdhAp1,0.5,1,1,CTACCGAGCCTCGCATCTTA,0,3960354
xdhAp1,0.5,1,1,CTACCCGTGGAGTTACACGT,0,3973695
xdhAp1,0.5,1,1,CTACATTTGGCCGATTTAAC,0,3929821
xdhAp1,0.5,1,1,CTACAAGAGGGATACCGAAA,0,3963372
xdhAp1,0.5,1,1,CTACAACTTTCAAGATAAAA,0,3936632
xdhAp1,0.5,1,1,CTACAACGCCTACCTGTGAC,0,3965821
xdhAp1,0.5,1,1,CTAATTTCTTTATGTACCTG,0,3953345
xdhAp1,0.5,1,1,CTAATTACTCATTCTTCATA,0,3947172
xdhAp1,0.5,1,1,CTAATTACGATCACCCCCCA,0,3960647
xdhAp1,0.5,1,1,CTAATGGAATTTACATCAAC,0,3936650
xdhAp1,0.5,1,1,CTAAGGTCAGGAGGTGCCGG,0,3944455
xdhAp1,0.5,1,1,CTAAGCTGGACACAGTAGGC,0,3970036
xdhAp1,0.5,1,1,CTAAGCGCGCCGTCTGATTT,0,3929681
xdhAp1,0.5,1,1,CTAAGACGATTAGAGAGGAG,0,3944174
xdhAp1,0.5,1,1,CTAACCCGTGTTATCCTACT,0,3941317
xdhAp1,0.5,1,1,CTAACCCGCAACAAAGATTC,0,3953743
xdhAp1,0.5,1,1,CTAAATGAGACTTACAAAAG,0,3957819
xdhAp1,0.5,1,1,CTAAATAAGTCGCGCATAGG,0,3973986
xdhAp1,0.5,1,1,CTAAAGGCGAATTGCAAAGA,0,3978412
xdhAp1,0.5,1,1,CTAAAGAAACCATGAGAGAT,0,3965101
xdhAp1,0.5,1,1,CGTTTTCATGGTGGATACCT,0,3962077
xdhAp1,0.5,1,1,CGTTTTAGGCATCGCTCGTA,0,3946697
xdhAp1,0.5,1,1,CGTTTGTCAAAGGTATGCTA,0,3964527
xdhAp1,0.5,1,1,CGTTGAATGTGACAGGCCCT,0,3936078
xdhAp1,0.5,1,1,CGTTCGTCTGGGAAAAGCAA,0,3935171
xdhAp1,0.5,1,1,CGTTCCTGTGCCCCCGAGTA,0,3933270
xdhAp1,0.5,1,1,CGTTATCAGGTCTTCTTGTT,0,3957266
xdhAp1,0.5,1,1,CGTTAGTGACTCGGTCTAAT,0,3974033
xdhAp1,0.5,1,1,CGTTAGCTGTCGTGCAATTT,0,3955639
xdhAp1,0.5,1,1,CGTTAATACGTCCCGGGATC,0,3929592
xdhAp1,0.5,1,1,CGTGTTACACGGGTTTATCT,0,3941846
xdhAp1,0.5,1,1,CGTGTCGGATTTAAGAGACT,0,3973112
xdhAp1,0.5,1,1,CGTGTCGATATTTAAAGCTA,0,3969860
xdhAp1,0.5,1,1,CGTGTCAAACTAGGGTATTC,0,3967632
xdhAp1,0.5,1,1,CGTGTATCCTCGAAATCGAG,0,3934665
xdhAp1,0.5,1,1,CGTGGTTGTAGAACTACGGT,0,3957762
xdhAp1,0.5,1,1,CGTGGTCTGCGGCCGCAACT,0,3947610
xdhAp1,0.5,1,1,CGTGGTCATAGGGTCACAGG,0,3965801
xdhAp1,0.5,1,1,CGTGGGAAGCCGAAGCCGAT,0,3942422
xdhAp1,0.5,1,1,CGTGGCAAATCTACAAATAC,0,3955080
xdhAp1,0.5,1,1,CGTGCTTCAGAATCGGAAAG,0,3962729
xdhAp1,0.5,1,1,CGTGCTTAGGAGAATCCGGT,0,3962285
xdhAp1,0.5,1,1,CGTGCTGGGCGACTCGTGGT,0,3944882
xdhAp1,0.5,1,1,CGTGCCGTGTCGTATTCATA,0,3950048
xdhAp1,0.5,1,1,CGTGCCCCGCCGAGGGGTGC,0,3932223
xdhAp1,0.5,1,1,CGTGCCAACTGATGGTTGAT,0,3964899
xdhAp1,0.5,1,1,CGTGATTCAGCTTCCTGGAC,0,3932562
xdhAp1,0.5,1,1,CGTGAGTGTTCTCTTCAGCG,0,3947130
xdhAp1,0.5,1,1,CGTGAGACGGAGTAACATGT,0,3942980
xdhAp1,0.5,1,1,CGTCTGCGGCTTGATGTAAT,0,3968317
xdhAp1,0.5,1,1,CGTCTCAAAATGGTGTCTCT,0,3965054
xdhAp1,0.5,1,1,CGTCTATATTGACAGTCCCG,0,3937954
xdhAp1,0.5,1,1,CGTCGCAAAGGACCCTAGCT,0,3947262
xdhAp1,0.5,1,1,CGTCCGGCTCATTCGCACAA,0,3978882
xdhAp1,0.5,1,1,CGTCACGATGTTCCCGGAAT,0,3964581
xdhAp1,0.5,1,1,CGTCACCCACATGTGGGTAA,0,3956838
xdhAp1,0.5,1,1,CGTCAAGGCGGTGAACCCGG,0,3946671
xdhAp1,0.5,1,1,CGTATTTTGCACGTTGGACG,0,3974507
xdhAp1,0.5,1,1,CGTATTTGGCTCATCCGGTC,0,3949400
xdhAp1,0.5,1,1,CGTATGCCCGCATGGCACTA,0,3956718
xdhAp1,0.5,1,1,CGTATCGCATTGATAATCCA,0,3930894
xdhAp1,0.5,1,1,CGTATAAATACAACCTGAAA,0,3944838
xdhAp1,0.5,1,1,CGTAGTAGCCTGCCAGTTAC,0,3956834
xdhAp1,0.5,1,1,CGTAGGACTGGGTACCAAGA,0,3941997
xdhAp1,0.5,1,1,CGTAGATCACTCATGGTCCC,0,3962040
xdhAp1,0.5,1,1,CGTAGAATGAGGATGCTGGT,0,3940390
xdhAp1,0.5,1,1,CGTACTTGTATCGCCGTCTT,0,3972801
xdhAp1,0.5,1,1,CGTACGCAAATCAACATAGA,0,3973664
xdhAp1,0.5,1,1,CGTACCACGGTCAATCGTGC,0,3958399
xdhAp1,0.5,1,1,CGTACATGGGGCCAGCGCCT,0,3980609
xdhAp1,0.5,1,1,CGTAAGTCTGGTCATTTCCA,0,3943807
xdhAp1,0.5,1,1,CGTAACACCTTCTACGATAT,0,3968848
xdhAp1,0.5,1,1,CGTAAAGCTTGTTGGGAGTG,0,3941188
xdhAp1,0.5,1,1,CGGTTTTGCTCCATGTGTTT,0,3958958
xdhAp1,0.5,1,1,CGGTTTTCCAGGGGCCTTTG,0,3962483
xdhAp1,0.5,1,1,CGGTTTCTTTTCGATATAAC,0,3960825
xdhAp1,0.5,1,1,CGGTTGTTTCGTGAGTGGCT,0,3931053
xdhAp1,0.5,1,1,CGGTTCGGACGTACGCTTGC,0,3945455
xdhAp1,0.5,1,1,CGGTGGGACTGTGGCGTAAA,0,3938449
xdhAp1,0.5,1,1,CGGTGGACGAGTTACAATGC,0,3948497
xdhAp1,0.5,1,1,CGGTGAGGAAACGTTAGCTT,0,3954259
xdhAp1,0.5,1,1,CGGTCCGTACCTGGAATATC,0,3943865
xdhAp1,0.5,1,1,CGGTCCGAATCCATGAAGGT,0,3978147
xdhAp1,0.5,1,1,CGGTCCACGAAACGATGAAT,0,3934203
xdhAp1,0.5,1,1,CGGTATGGATCTTGGCATTT,0,3952653
xdhAp1,0.5,1,1,CGGTATCAAATGGACGGTGT,0,3967438
xdhAp1,0.5,1,1,CGGTAGCAATTTCCGGACGA,0,3961198
xdhAp1,0.5,1,1,CGGTAGATGACACCGTGACC,0,3970575
xdhAp1,0.5,1,1,CGGTAGAGATTCGGTTCTCG,0,3969315
xdhAp1,0.5,1,1,CGGTACTTGGCTGCTGTCTC,0,3962036
xdhAp1,0.5,1,1,CGGTACTCCGCGATTGCCCC,0,3930391
xdhAp1,0.5,1,1,CGGTACACGTAGACCAGTGG,0,3951600
xdhAp1,0.5,1,1,CGGTAAGACTTGAGTGTACG,0,3952415
xdhAp1,0.5,1,1,CGGTAACGAACCTCAGTTAC,0,3942632
xdhAp1,0.5,1,1,CGGGTTGGACACGGGTACAA,0,3970443
xdhAp1,0.5,1,1,CGGGTGGGTCACCCCCGAGG,0,3949576
xdhAp1,0.5,1,1,CGGGTCGTGGGAAGAAATCG,0,3979328
xdhAp1,0.5,1,1,CGGGTCGCCGGCTATGAAAC,0,3963805
xdhAp1,0.5,1,1,CGGGTCACCGCCGCACTTTA,0,3948598
xdhAp1,0.5,1,1,CGGGGTCTGTGGGGAATATC,0,3969737
xdhAp1,0.5,1,1,CGGGGTACCAGCAGTGAATG,0,3954253
xdhAp1,0.5,1,1,CGGGGGGTCTAAAGGTTAAC,0,3966731
xdhAp1,0.5,1,1,CGGGGGGGCATCCGCATGTA,0,3937668
xdhAp1,0.5,1,1,CGGGGATAGATTGGATCGAT,0,3963518
xdhAp1,0.5,1,1,CGGGCTAGAGTCCACACTGT,0,3931975
xdhAp1,0.5,1,1,CGGGCCTACCTAGCACGGAA,0,3933526
xdhAp1,0.5,1,1,CGGGCCAACGTCTATAAGAT,0,3960854
xdhAp1,0.5,1,1,CGGGAGCGGAAGGTCGTCCT,0,3946430
xdhAp1,0.5,1,1,CGGGACTTAAGGGAGGGATG,0,3952489
xdhAp1,0.5,1,1,CGGGAATGGAGAGAGTTAAT,0,3966598
xdhAp1,0.5,1,1,CGGGAAGAGGCTAGGTATTC,0,3948944
xdhAp1,0.5,1,1,CGGCTTCAGGAGAATGTTCA,0,3950510
xdhAp1,0.5,1,1,CGGCTGGTGTTGACTGCCTG,0,3953642
xdhAp1,0.5,1,1,CGGCTGCGAACATATTGCGT,0,3936587
xdhAp1,0.5,1,1,CGGCGTTACCGAATCGGGCC,0,3971829
xdhAp1,0.5,1,1,CGGCCTTAACCCTAGATCAT,0,3973867
xdhAp1,0.5,1,1,CGGCCTCCCGGCAAGCAATA,0,3950758
xdhAp1,0.5,1,1,CGGCCGGTTTGCGTCGATGA,0,3970730
xdhAp1,0.5,1,1,CGGCCATCCAGGTACACGAC,0,3934828
xdhAp1,0.5,1,1,CGGCCAGAGAGTCGGCCCGT,0,3941150
xdhAp1,0.5,1,1,CGGCCACCATTTCAGACCTA,0,3970048
xdhAp1,0.5,1,1,CGGCAGCTTAGTAAATGCGC,0,3974205
xdhAp1,0.5,1,1,CGGCACGGCGCCAGATATCG,0,3940933
xdhAp1,0.5,1,1,CGGCACCCTACTGTCATCCA,0,3978386
xdhAp1,0.5,1,1,CGGATTCAACCGTGGCTCTG,0,3971742
xdhAp1,0.5,1,1,CGGATGCAAGGTAATGCCAG,0,3963428
xdhAp1,0.5,1,1,CGGATGAGGGGAACTTACCC,0,3974476
xdhAp1,0.5,1,1,CGGATCGTCAAAGGGAGCGG,0,3951285
xdhAp1,0.5,1,1,CGGATCCCGGTCTCTTATCG,0,3973322
xdhAp1,0.5,1,1,CGGATCAAGCTCGCTCCGGT,0,3956226
xdhAp1,0.5,1,1,CGGATACACGCTCTAAGCCT,0,3969844
xdhAp1,0.5,1,1,CGGAGTTCTCAGTTAATTGC,0,3944560
xdhAp1,0.5,1,1,CGGAGTACATGGGACGACTA,0,3931737
xdhAp1,0.5,1,1,CGGAGCTTGAAATTTGTATG,0,3947053
xdhAp1,0.5,1,1,CGGAGCTCTTCAAGCAGCTA,0,3978772
xdhAp1,0.5,1,1,CGGAGCGTAAAGAGTTATGA,0,3928950
xdhAp1,0.5,1,1,CGGAGATGTACAGAATCCAT,0,3935807
xdhAp1,0.5,1,1,CGGAGAGAACAACGTGGATC,0,3939534
xdhAp1,0.5,1,1,CGGACAGTCCATGGCAAGAC,0,3948327
xdhAp1,0.5,1,1,CGGACACGTTAGGAAGACTA,0,3968049
xdhAp1,0.5,1,1,CGGAATGGAGTAGGGCTGCG,0,3961191
xdhAp1,0.5,1,1,CGGAACATAATTTTGTGGCG,0,3962632
xdhAp1,0.5,1,1,CGGAAACCGCTTGTTTTGAG,0,3977916
xdhAp1,0.5,1,1,CGCTTTCCCCGAAGAGGGCA,0,3952251
xdhAp1,0.5,1,1,CGCTTGAGAGCGTAAGCAAT,0,3974084
xdhAp1,0.5,1,1,CGCTTATAACTGGTCTATTC,0,3967708
xdhAp1,0.5,1,1,CGCTTACCATCAGAGACTCC,0,3976064
xdhAp1,0.5,1,1,CGCTGGCGTCTATCCCTCGG,0,3954846
xdhAp1,0.5,1,1,CGCTGGCATGGGATACACGT,0,3954412
xdhAp1,0.5,1,1,CGCTGCTATGCCCGGGTACG,0,3930225
xdhAp1,0.5,1,1,CGCTGCACCGCGCGTACTCC,0,3973538
xdhAp1,0.5,1,1,CGCTCCTTGACACGGATAGG,0,3937404
xdhAp1,0.5,1,1,CGCTCCATTATGTCTGGGCA,0,3944808
xdhAp1,0.5,1,1,CGCTACTTCCATTCCTCACG,0,3968000
xdhAp1,0.5,1,1,CGCTAATGACGCACCGCAAG,0,3935603
xdhAp1,0.5,1,1,CGCTAAAATGCGGGGCACTG,0,3946127
xdhAp1,0.5,1,1,CGCGTGCAGACAGGTAATCC,0,3941858
xdhAp1,0.5,1,1,CGCGTCTGGACCGTCAATGC,0,3975565
xdhAp1,0.5,1,1,CGCGTCCTTCAAGGTCTCGA,0,3935926
xdhAp1,0.5,1,1,CGCGGTGTGGTTGCAGCCAG,0,3970922
xdhAp1,0.5,1,1,CGCGCTCGTTCTACAACCTT,0,3972541
xdhAp1,0.5,1,1,CGCGCCGACAGTGTAAGGCA,0,3972782
xdhAp1,0.5,1,1,CGCGCATAGGCTGCGAACTT,0,3950767
xdhAp1,0.5,1,1,CGCCTGAGCACTGTGGCGTC,0,3973904
xdhAp1,0.5,1,1,CGCCTCACAGTCGAGTAAAG,0,3977772
xdhAp1,0.5,1,1,CGCCTAGAGTGCTCCACTGT,0,3946666
xdhAp1,0.5,1,1,CGCCGTATTTTGTTCTTATT,0,3944299
xdhAp1,0.5,1,1,CGCCGGAGGCTGAAGTAGAT,0,3970998
xdhAp1,0.5,1,1,CGCCCAACAACCAGAACTTC,0,3960264
xdhAp1,0.5,1,1,CGCATCCGTTAACGTCTCTG,0,3936919
xdhAp1,0.5,1,1,CGCAGGCTGTATGTCCGGGC,0,3957936
xdhAp1,0.5,1,1,CGCACGTTCAATTGAGTACC,0,3941635
xdhAp1,0.5,1,1,CGCACGCGCGCGCGGCAAGT,0,3948077
xdhAp1,0.5,1,1,CGCACCATTCTCACTGCGTT,0,3956955
xdhAp1,0.5,1,1,CGCACAAGGGGAGTACTTAA,0,3964149
xdhAp1,0.5,1,1,CGCAATTGATTACACTAAAG,0,3972034
xdhAp1,0.5,1,1,CGCAATGGGGACGTAGCGGC,0,3967656
xdhAp1,0.5,1,1,CGCAAGTACAGAGAGTATCC,0,3931846
xdhAp1,0.5,1,1,CGCAACGGACAGTCATTCAT,0,3933216
xdhAp1,0.5,1,1,CGCAAAGAGTAGGTCGGTTT,0,3968929
xdhAp1,0.5,1,1,CGATTTTACGCAGCAGACTG,0,3943669
xdhAp1,0.5,1,1,CGATTTATGGTGGGCGTCAA,0,3958395
xdhAp1,0.5,1,1,CGATTGTCGCTGCTGAGCGG,0,3935311
xdhAp1,0.5,1,1,CGATTGGCCTTCGGGAGGGT,0,3935460
xdhAp1,0.5,1,1,CGATTCCAAGCCACGTTACA,0,3955558
xdhAp1,0.5,1,1,CGATTAATTCGGAGGCAGTA,0,3952176
xdhAp1,0.5,1,1,CGATGATAGAAGACAACGTT,0,3980627
xdhAp1,0.5,1,1,CGATAGCATCACGTAAGTAC,0,3942283
xdhAp1,0.5,1,1,CGATACCCATTCGGCACTGT,0,3971538
xdhAp1,0.5,1,1,CGAGTGATTCGCCAAGACGT,0,3964837
xdhAp1,0.5,1,1,CGAGTGATTCCTCCTAAATA,0,3970212
xdhAp1,0.5,1,1,CGAGTATACGGGATTCCACT,0,3970028
xdhAp1,0.5,1,1,CGAGGAGAGAAGTTCAAAGA,0,3963184
xdhAp1,0.5,1,1,CGAGCTGGGCGTTGTGCTGG,0,3976249
xdhAp1,0.5,1,1,CGAGCTAGCGGGGACAGGCA,0,3968771
xdhAp1,0.5,1,1,CGAGCGAGTACGAACTTAAA,0,3964449
xdhAp1,0.5,1,1,CGAGCCGAGCCCAGGTGAAC,0,3956825
xdhAp1,0.5,1,1,CGAGCCCTTGTTGAACAGCC,0,3931497
xdhAp1,0.5,1,1,CGAGCACCGTCATAGATGTC,0,3962965
xdhAp1,0.5,1,1,CGAGATGAATAATGAATACC,0,3980635
xdhAp1,0.5,1,1,CGAGATACATAGGCAGTCAG,0,3938868
xdhAp1,0.5,1,1,CGAGAGTTATGGGGGCGACT,0,3972492
xdhAp1,0.5,1,1,CGAGAGTGTGTGATAGTTGC,0,3974589
xdhAp1,0.5,1,1,CGAGACGGTCGAAGCGGTGT,0,3963206
xdhAp1,0.5,1,1,CGAGACCCCGTTGTTGCCAT,0,3962625
xdhAp1,0.5,1,1,CGAGACCATCAGACTGTAAC,0,3940095
xdhAp1,0.5,1,1,CGAGACCACGTATTGGTCTC,0,3955039
xdhAp1,0.5,1,1,CGAGAATGTCATTGATGGAG,0,3944659
xdhAp1,0.5,1,1,CGACTTTTAAATTAGTATGC,0,3930791
xdhAp1,0.5,1,1,CGACTCGTGCGAGGACGGAC,0,3941185
xdhAp1,0.5,1,1,CGACTCCTCAGTAGTTGATG,0,3975726
xdhAp1,0.5,1,1,CGACTCATACCACTTTCGCA,0,3956519
xdhAp1,0.5,1,1,CGACGGAATAATGGCCGATT,0,3943989
xdhAp1,0.5,1,1,CGACGACAGAGTGATATACA,0,3946591
xdhAp1,0.5,1,1,CGACCTTATCGTAGGGCTGT,0,3965556
xdhAp1,0.5,1,1,CGACCTATAAGATGGCGAAA,0,3939145
xdhAp1,0.5,1,1,CGACCGATGAACTCCGGACT,0,3969015
xdhAp1,0.5,1,1,CGACATGGACGGAGTAAACT,0,3977193
xdhAp1,0.5,1,1,CGACAGTGAAGTGCCCTCAA,0,3967352
xdhAp1,0.5,1,1,CGACAGAGGACGTAATGGGA,0,3977245
xdhAp1,0.5,1,1,CGAATGATGACCGTTCTGAA,0,3940811
xdhAp1,0.5,1,1,CGAATGACTGAGAATCTCCA,0,3973601
xdhAp1,0.5,1,1,CGAAGTGACACGTATGGATG,0,3930407
xdhAp1,0.5,1,1,CGAAGAACCATGATCAATGT,0,3974960
xdhAp1,0.5,1,1,CGAACCTCCGATTTAGGTTA,0,3934506
xdhAp1,0.5,1,1,CGAAACGTTAACGGGACAGA,0,3946852
xdhAp1,0.5,1,1,CCTTTGGAAGTTAAGCCGAA,0,3937626
xdhAp1,0.5,1,1,CCTTTATTTACCTATGACGA,0,3970228
xdhAp1,0.5,1,1,CCTTTACCGCATCTGCTCTA,0,3953852
xdhAp1,0.5,1,1,CCTTGCCCGGCCCTTCATAT,0,3976248
xdhAp1,0.5,1,1,CCTTGATAGGTCTTAACAGC,0,3949962
xdhAp1,0.5,1,1,CCTTCTTTCGAGTCTTTTCG,0,3958406
xdhAp1,0.5,1,1,CCTTCGACTATTCACTGGGT,0,3970981
xdhAp1,0.5,1,1,CCTTCCTTCACTGGTATTAG,0,3930770
xdhAp1,0.5,1,1,CCTTATGCACGAAAACTTCC,0,3962559
xdhAp1,0.5,1,1,CCTGTGTTCCATACAAGAAG,0,3977760
xdhAp1,0.5,1,1,CCTGTGAGGCACGATCAATA,0,3974622
xdhAp1,0.5,1,1,CCTGTAATAAACCACAACAC,0,3971403
xdhAp1,0.5,1,1,CCTGGTGAACAACTTTTTCC,0,3975677
xdhAp1,0.5,1,1,CCTGGTCGGGAAGCTGGCGG,0,3932343
xdhAp1,0.5,1,1,CCTGGGCAGCAACGAAGGAA,0,3961166
xdhAp1,0.5,1,1,CCTGGATGTCGGTCGTGAAA,0,3953220
xdhAp1,0.5,1,1,CCTGCTCCATTGATGTGTGC,0,3946384
xdhAp1,0.5,1,1,CCTGCTACTATACATGTATG,0,3962561
xdhAp1,0.5,1,1,CCTGCTACGGGGCGATGCCT,0,3930751
xdhAp1,0.5,1,1,CCTGACTCCTCAGCATCGAG,0,3947661
xdhAp1,0.5,1,1,CCTCTGCATACCTGTGTTTG,0,3969915
xdhAp1,0.5,1,1,CCTCTCTGCGGCGGGATTAT,0,3956373
xdhAp1,0.5,1,1,CCTCTCGGGGAACAGAGTCC,0,3942886
xdhAp1,0.5,1,1,CCTCTCGCACAGAAGCAGTT,0,3981027
xdhAp1,0.5,1,1,CCTCGGCCTTGCGTATAATG,0,3956694
xdhAp1,0.5,1,1,CCTCCTCTATTTCGCATGTC,0,3979059
xdhAp1,0.5,1,1,CCTCCAAATCGCGTACTCTT,0,3949289
xdhAp1,0.5,1,1,CCTCACCACTGACCCTACGA,0,3962058
xdhAp1,0.5,1,1,CCTCAAGATGCCTCGCGTCT,0,3974916
xdhAp1,0.5,1,1,CCTATGACCTTTAGGATCGG,0,3935307
xdhAp1,0.5,1,1,CCTATACCCCACGGGTACAA,0,3946607
xdhAp1,0.5,1,1,CCTAGTCGTAGGCATATCAG,0,3966021
xdhAp1,0.5,1,1,CCTAGGGCAATGCATCCGTA,0,3933618
xdhAp1,0.5,1,1,CCTAGGCTATCCTATAAAGG,0,3953168
xdhAp1,0.5,1,1,CCTAGATTTTGGGCTCCCCG,0,3964939
xdhAp1,0.5,1,1,CCTACCATACCATGCAACGT,0,3932641
xdhAp1,0.5,1,1,CCTAACCTCATCTATTCATA,0,3930300
xdhAp1,0.5,1,1,CCGTTTTAAAATTTGAATCT,0,3980287
xdhAp1,0.5,1,1,CCGTTTGGGCTTCAGAACCA,0,3941304
xdhAp1,0.5,1,1,CCGTTTAGGTCTTTTGCCGG,0,3945056
xdhAp1,0.5,1,1,CCGTTCTCTTCCGCCCCTGC,0,3971848
xdhAp1,0.5,1,1,CCGTTCAGGGACTTTGCGGA,0,3968879
xdhAp1,0.5,1,1,CCGTTCACCCATCCAGCAAA,0,3955106
xdhAp1,0.5,1,1,CCGTGTACACGTGGCCATAT,0,3977010
xdhAp1,0.5,1,1,CCGTGCCACTGCCTAAGCGT,0,3953357
xdhAp1,0.5,1,1,CCGTGATTTACCCAAAAGTA,0,3957568
xdhAp1,0.5,1,1,CCGTAGTGACTTTTATCACA,0,3936766
xdhAp1,0.5,1,1,CCGTAGCCTCCGACAGCATC,0,3931240
xdhAp1,0.5,1,1,CCGTACCGCGGGAGTCATAC,0,3941247
xdhAp1,0.5,1,1,CCGTAATCGCCCCCCAAATG,0,3980674
xdhAp1,0.5,1,1,CCGGTTTTTACATTGGGCTG,0,3970819
xdhAp1,0.5,1,1,CCGGTTTCCCGCCAGCCTGG,0,3965035
xdhAp1,0.5,1,1,CCGGTTGGGCATCCAGGATA,0,3965104
xdhAp1,0.5,1,1,CCGGTCTGTTTGTAGACGGC,0,3935166
xdhAp1,0.5,1,1,CCGGTCAACCCCTGTTCAGA,0,3951325
xdhAp1,0.5,1,1,CCGGGTGGCTTGGATGGAAC,0,3944693
xdhAp1,0.5,1,1,CCGGGTAGTTCTCTCGCGGA,0,3931655
xdhAp1,0.5,1,1,CCGGGCAGTAGAGAATGGCA,0,3950101
xdhAp1,0.5,1,1,CCGGGCAAGAAGGATTCATG,0,3950019
xdhAp1,0.5,1,1,CCGGGATCACCGAGGCAAGA,0,3951606
xdhAp1,0.5,1,1,CCGGCGTTAAAGCGGATTAT,0,3952011
xdhAp1,0.5,1,1,CCGGATGGTTATCCATCCGG,0,3942738
xdhAp1,0.5,1,1,CCGGAGGCCGACGCATGCTC,0,3949681
xdhAp1,0.5,1,1,CCGGACTTGTGATCGTCTAT,0,3976760
xdhAp1,0.5,1,1,CCGGAATAAAGCCGTCTACT,0,3938218
xdhAp1,0.5,1,1,CCGCTTCGGTAACAGAGCCA,0,3938820
xdhAp1,0.5,1,1,CCGCTGAGGCGGGTTCATAG,0,3969453
xdhAp1,0.5,1,1,CCGCTCTAGGGAGATGTCGT,0,3956121
xdhAp1,0.5,1,1,CCGCTCGACCCTACTGGGCG,0,3973527
xdhAp1,0.5,1,1,CCGCGAGCCGCATTCAATCT,0,3972493
xdhAp1,0.5,1,1,CCGCGAATACATAGAGGACT,0,3981419
xdhAp1,0.5,1,1,CCGCATCGGCTGTCTAGCAG,0,3975074
xdhAp1,0.5,1,1,CCGAGACCAGCACTAGGGAC,0,3946245
xdhAp1,0.5,1,1,CCGACTCTAAGTATTATGTG,0,3963423
xdhAp1,0.5,1,1,CCGACTCATGGTCATATCTC,0,3956750
xdhAp1,0.5,1,1,CCGACCTCAGCGAAGCCTGC,0,3955615
xdhAp1,0.5,1,1,CCGACACTCACAGCAATGTA,0,3966779
xdhAp1,0.5,1,1,CCGACAAAGACAGAGTGGCG,0,3932450
xdhAp1,0.5,1,1,CCGAATGCGGGTAGTTATCT,0,3949184
xdhAp1,0.5,1,1,CCGAATACGGGTGACGCAGT,0,3968561
xdhAp1,0.5,1,1,CCGAAGTGTTGATAACTGCG,0,3978517
xdhAp1,0.5,1,1,CCGAAGCGCCGTGCACGGAT,0,3954800
xdhAp1,0.5,1,1,CCGAAGATACCTAGTCATGC,0,3963575
xdhAp1,0.5,1,1,CCCTTTGAGTAAAGGCGAAT,0,3947691
xdhAp1,0.5,1,1,CCCTTGTGGCGATCTACTAT,0,3948013
xdhAp1,0.5,1,1,CCCTTGTGCAGGGTGCTACC,0,3942925
xdhAp1,0.5,1,1,CCCTTGTATACGAAGGAAGT,0,3948052
xdhAp1,0.5,1,1,CCCTGTGGAACTTGTTAATG,0,3964143
xdhAp1,0.5,1,1,CCCTGCAATTGTCTCACGTA,0,3971834
xdhAp1,0.5,1,1,CCCTCTGCGGAATCTTCCAT,0,3971937
xdhAp1,0.5,1,1,CCCTCGTAAAGAGTGTGTAT,0,3958019
xdhAp1,0.5,1,1,CCCTCGGGCGTGTGGGACGT,0,3967443
xdhAp1,0.5,1,1,CCCTCGCACTCGTCATGAGT,0,3977950
xdhAp1,0.5,1,1,CCCTCCGATTCATGCATTAT,0,3952532
xdhAp1,0.5,1,1,CCCTCATTAGGTGCTAAACC,0,3939514
xdhAp1,0.5,1,1,CCCTATCAGGGGCGATAGTT,0,3963995
xdhAp1,0.5,1,1,CCCGTTCAAGGGTGGTAAGT,0,3959985
xdhAp1,0.5,1,1,CCCGGACGGTTGTCCTCTGT,0,3959306
xdhAp1,0.5,1,1,CCCGGAAGAAAAGACTGAAA,0,3945408
xdhAp1,0.5,1,1,CCCCTGGCTACCGTCGCATG,0,3954667
xdhAp1,0.5,1,1,CCCCTGAGGCACCAAGAGTC,0,3947226
xdhAp1,0.5,1,1,CCCCTCTCACTATCGGTTGT,0,3961813
xdhAp1,0.5,1,1,CCCCGTAAGGCACCGGACGG,0,3952173
xdhAp1,0.5,1,1,CCCCGATTCACGCCGATGGC,0,3958649
xdhAp1,0.5,1,1,CCCCATAAACTGGGCTAGTT,0,3966283
xdhAp1,0.5,1,1,CCCATGCAAACCTATGTCCT,0,3961322
xdhAp1,0.5,1,1,CCCATACTGGACACTCTAGA,0,3939884
xdhAp1,0.5,1,1,CCCATACGTAGGACACGGAC,0,3937103
xdhAp1,0.5,1,1,CCCAGTTGATACTTCTACTC,0,3959131
xdhAp1,0.5,1,1,CCCAGTAGAGGGGTTCTTTG,0,3934306
xdhAp1,0.5,1,1,CCCAGCTCGGCCTATTAATC,0,3931574
xdhAp1,0.5,1,1,CCCAGAGGCCACTTCAGGAT,0,3977527
xdhAp1,0.5,1,1,CCCAAGTGTGTGATATGAGA,0,3940875
xdhAp1,0.5,1,1,CCATTTTGGGATGCATTTTT,0,3950609
xdhAp1,0.5,1,1,CCATTTCTAGGTCTGATCCT,0,3963247
xdhAp1,0.5,1,1,CCATTGCCCACCTACGTTTC,0,3938225
xdhAp1,0.5,1,1,CCATTCGTCTATTAGTTGCA,0,3934805
xdhAp1,0.5,1,1,CCATTCGTCAGCGGTTACCA,0,3937176
xdhAp1,0.5,1,1,CCATTCGATGGGATCGTCAA,0,3964215
xdhAp1,0.5,1,1,CCATTCCTGCCGAGTCCCCT,0,3970882
xdhAp1,0.5,1,1,CCATTACCCAGGCTTGTTAT,0,3942635
xdhAp1,0.5,1,1,CCATTACACAGAGCTACCTA,0,3931570
xdhAp1,0.5,1,1,CCATGATTACCCCCTCCTAT,0,3966876
xdhAp1,0.5,1,1,CCATCGTTGCGGTGGAAACA,0,3958017
xdhAp1,0.5,1,1,CCATAGGAAAATATATAGAC,0,3934267
xdhAp1,0.5,1,1,CCATAGGAAAAGTTACAGCG,0,3975949
xdhAp1,0.5,1,1,CCATAGCGCAGGGGTTACGG,0,3946322
xdhAp1,0.5,1,1,CCATAGACATACAGGCGGCG,0,3929105
xdhAp1,0.5,1,1,CCATACCTCCCTGTAAGAGT,0,3975224
xdhAp1,0.5,1,1,CCATAAACCTCACCCGGCCC,0,3939547
xdhAp1,0.5,1,1,CCAGTGTCCAAATGTTCCTT,0,3942232
xdhAp1,0.5,1,1,CCAGTCGCCCTGGCGAGTTG,0,3951869
xdhAp1,0.5,1,1,CCAGGTATATCTAGACGGGA,0,3939929
xdhAp1,0.5,1,1,CCAGGCACTACCTGAGCAAG,0,3945853
xdhAp1,0.5,1,1,CCAGGATCAGTTCGCTGGCA,0,3949460
xdhAp1,0.5,1,1,CCAGCCTGAGGAACTACATA,0,3944218
xdhAp1,0.5,1,1,CCAGCCGCAGTAGGAAGGTC,0,3957693
xdhAp1,0.5,1,1,CCAGCATGCGGCGAGAAAGA,0,3934563
xdhAp1,0.5,1,1,CCAGCAATCTATCTAGGCGT,0,3956339
xdhAp1,0.5,1,1,CCAGAGTCAAGGTTACACAG,0,3952480
xdhAp1,0.5,1,1,CCAGAGAGGCTTGCGTTTAG,0,3965996
xdhAp1,0.5,1,1,CCAGACAATCGCTCGGAAGC,0,3972106
xdhAp1,0.5,1,1,CCAGAAGCGGACTCATTTGT,0,3948176
xdhAp1,0.5,1,1,CCACTGCTTTTCCACCCAGG,0,3970864
xdhAp1,0.5,1,1,CCACTAAAGCGGCGCGAGTT,0,3943260
xdhAp1,0.5,1,1,CCACCTTGAACAATGTGTGT,0,3941074
xdhAp1,0.5,1,1,CCACCGAAAAGATCGGCAAG,0,3967163
xdhAp1,0.5,1,1,CCACCCGCGGAGAGGAATTA,0,3934227
xdhAp1,0.5,1,1,CCACATCGTTAAATGGGTGC,0,3970301
xdhAp1,0.5,1,1,CCACATATGCACACACATGG,0,3932901
xdhAp1,0.5,1,1,CCACAGTAAAAACTCGTGAG,0,3977583
xdhAp1,0.5,1,1,CCACACACTGGAGTACCCAG,0,3971288
xdhAp1,0.5,1,1,CCAATCGGCGATTATTTATA,0,3939453
xdhAp1,0.5,1,1,CCAATCCCACTATAAGGGTA,0,3930080
xdhAp1,0.5,1,1,CCAATCAGGAAAGTGTAAGA,0,3948242
xdhAp1,0.5,1,1,CCAAGCGCAACACTTATGTT,0,3944890
xdhAp1,0.5,1,1,CCAACTTCATTAACAGAGAT,0,3952505
xdhAp1,0.5,1,1,CCAACGCACTCATCAATTCA,0,3950653
xdhAp1,0.5,1,1,CCAAACTGGCTAAAAACACA,0,3965938
xdhAp1,0.5,1,1,CCAAAATTCGTTTCATCAGT,0,3978946
xdhAp1,0.5,1,1,CATTTTTGCATGCCGAGGGT,0,3964793
xdhAp1,0.5,1,1,CATTTTAGACTCTTAAAGCC,0,3975601
xdhAp1,0.5,1,1,CATTTGGTGACTTTTGTTTC,0,3952429
xdhAp1,0.5,1,1,CATTTGAATTTACCTCCGCC,0,3965411
xdhAp1,0.5,1,1,CATTTCCTGCATGACACACA,0,3967909
xdhAp1,0.5,1,1,CATTGTCCACTGAAGGAAGT,0,3958684
xdhAp1,0.5,1,1,CATTGTCATTGCCCACCTAT,0,3936150
xdhAp1,0.5,1,1,CATTGGACAGATATGGCAGT,0,3947700
xdhAp1,0.5,1,1,CATTCGCTGTCATCTCTGGT,0,3963906
xdhAp1,0.5,1,1,CATTCCTAAGGCGGCGGGAA,0,3980453
xdhAp1,0.5,1,1,CATTCAAGGACGGCATTCGC,0,3950260
xdhAp1,0.5,1,1,CATTATTCGAGAAGCGGCGA,0,3941113
xdhAp1,0.5,1,1,CATTATGAGATATGTAACAC,0,3975053
xdhAp1,0.5,1,1,CATTACCTAACATTAATTCC,0,3937758
xdhAp1,0.5,1,1,CATGTCGCTATGGTCTCGTT,0,3949677
xdhAp1,0.5,1,1,CATGTATTTCAAGGTGGGTG,0,3952177
xdhAp1,0.5,1,1,CATGTAATACTGCTACCGCA,0,3960466
xdhAp1,0.5,1,1,CATGGTTACTCGTACGGGTC,0,3970203
xdhAp1,0.5,1,1,CATGGTCGAAAACACGAAAC,0,3971204
xdhAp1,0.5,1,1,CATGGCCACCTGCATGGAAT,0,3941448
xdhAp1,0.5,1,1,CATGCTGGTTTACCTATCGT,0,3964630
xdhAp1,0.5,1,1,CATGCTAGTGGTCCTAAGAA,0,3981393
xdhAp1,0.5,1,1,CATGATCGCTTCGGGACCGG,0,3952863
xdhAp1,0.5,1,1,CATGAGTGAAGCGTAACCAG,0,3981216
xdhAp1,0.5,1,1,CATCGGAGACATACAGTCTT,0,3968908
xdhAp1,0.5,1,1,CATCGAAGACGCGCACGAAA,0,3965874
xdhAp1,0.5,1,1,CATCCTCGCGTTTACAAGGC,0,3970369
xdhAp1,0.5,1,1,CATCCAATTAAACCTCAAAC,0,3937394
xdhAp1,0.5,1,1,CATATCAATTACGGCGTGTA,0,3948838
xdhAp1,0.5,1,1,CATATAGAATGGGTACAACG,0,3934930
xdhAp1,0.5,1,1,CATAGGGTCAGTGCGGTTCT,0,3971350
xdhAp1,0.5,1,1,CATAGCTCGCATGTAGGTAT,0,3943001
xdhAp1,0.5,1,1,CATAGCTAACCTGCCTGTTA,0,3968503
xdhAp1,0.5,1,1,CATACTTTGGCCGTCCAGTG,0,3946445
xdhAp1,0.5,1,1,CATAAGACACCACGTGGAAT,0,3946912
xdhAp1,0.5,1,1,CATAACCGGTCAGACTGGTC,0,3930209
xdhAp1,0.5,1,1,CAGTTTCACGTTGTGGGTGC,0,3941816
xdhAp1,0.5,1,1,CAGTTCGTTCAGAGAGGGGT,0,3973903
xdhAp1,0.5,1,1,CAGTGTCCACTTTGGCTCCG,0,3946872
xdhAp1,0.5,1,1,CAGTGTACGGACCCGGGCTC,0,3971457
xdhAp1,0.5,1,1,CAGTGGTGAATCAAATAGGA,0,3953392
xdhAp1,0.5,1,1,CAGTCGTTAATCTTAGGGTC,0,3965529
xdhAp1,0.5,1,1,CAGTAGTGTCTGTGCGACCT,0,3943134
xdhAp1,0.5,1,1,CAGTAGACAAAACGAGACGC,0,3978277
xdhAp1,0.5,1,1,CAGGTTTTAGCGATACAGTT,0,3949075
xdhAp1,0.5,1,1,CAGGTTCCTTGACGCGTATA,0,3960265
xdhAp1,0.5,1,1,CAGGTGCCACGTGGAGCCAA,0,3978245
xdhAp1,0.5,1,1,CAGGTCGGATTACAGACAGT,0,3933822
xdhAp1,0.5,1,1,CAGGTATAACCCAGGTCATG,0,3968013
xdhAp1,0.5,1,1,CAGGGTCGCTCCCCATTTTA,0,3948986
xdhAp1,0.5,1,1,CAGGGTAATATGGGACGTTG,0,3969872
xdhAp1,0.5,1,1,CAGGGCGTAGTTCAGATGAA,0,3955543
xdhAp1,0.5,1,1,CAGGGCACCTTACACGATCT,0,3937130
xdhAp1,0.5,1,1,CAGGGCAAAAGCCCTCTTAG,0,3956010
xdhAp1,0.5,1,1,CAGGCTGAGGTATCATTCCG,0,3952171
xdhAp1,0.5,1,1,CAGGCCTTGAAGAGGATATC,0,3935411
xdhAp1,0.5,1,1,CAGGCCCAAAAGGTTACCGA,0,3930760
xdhAp1,0.5,1,1,CAGGCCAGACATGCAACGTC,0,3980014
xdhAp1,0.5,1,1,CAGGAGGGGGGCAAGAGTAA,0,3932132
xdhAp1,0.5,1,1,CAGCTGTCATCTAATACAAT,0,3954258
xdhAp1,0.5,1,1,CAGCGCTTCGGTTCACGCGA,0,3968074
xdhAp1,0.5,1,1,CAGCCTCCCGAACTACTTAC,0,3932605
xdhAp1,0.5,1,1,CAGCACCGGGTGACGACAGT,0,3973320
xdhAp1,0.5,1,1,CAGCACCAAGTACGATTTTG,0,3937215
xdhAp1,0.5,1,1,CAGCAAGACCCTGAAAGCGG,0,3965687
xdhAp1,0.5,1,1,CAGATGCATAGACCAGAACC,0,3980198
xdhAp1,0.5,1,1,CAGATACCTATAGGAAGAGG,0,3939866
xdhAp1,0.5,1,1,CAGATACCCGCCCGCGATAG,0,3941423
xdhAp1,0.5,1,1,CAGAGCACCAGGATTGCCTC,0,3944520
xdhAp1,0.5,1,1,CAGACTTCATGGATTGATAG,0,3951717
xdhAp1,0.5,1,1,CAGACCATGTTGGACAGTCA,0,3951291
xdhAp1,0.5,1,1,CAGACAGATCTAGCTCAAAC,0,3958408
xdhAp1,0.5,1,1,CAGAAGCCAGCAATCCCCTG,0,3954381
xdhAp1,0.5,1,1,CAGAACTTGACAGAAAGACG,0,3969938
xdhAp1,0.5,1,1,CAGAACTCACAGGATGCGGA,0,3933670
xdhAp1,0.5,1,1,CAGAACCAGATTTATGTATT,0,3951894
xdhAp1,0.5,1,1,CACTTTGGAGAGTGCTACGG,0,3962901
xdhAp1,0.5,1,1,CACTTCTCGACGCGGTCGTA,0,3932302
xdhAp1,0.5,1,1,CACTTCCGGTACCTCTTGAA,0,3956695
xdhAp1,0.5,1,1,CACTCTATTTATTGGTTAGG,0,3965135
xdhAp1,0.5,1,1,CACTCACGGGTTAGTAACTC,0,3945318
xdhAp1,0.5,1,1,CACTAGCCAATGGATCGACT,0,3954837
xdhAp1,0.5,1,1,CACTACTGTTCGGGCCGAGC,0,3960835
xdhAp1,0.5,1,1,CACTAAGTAGTAAGGGGGAT,0,3949073
xdhAp1,0.5,1,1,CACGTTCTCAAGAGTCGTAA,0,3930672
xdhAp1,0.5,1,1,CACGTTATGGCAGGTTTAAA,0,3979985
xdhAp1,0.5,1,1,CACGTGAACGAGAGATAGCA,0,3981210
xdhAp1,0.5,1,1,CACGTCTGACGGACCTTCCT,0,3952175
xdhAp1,0.5,1,1,CACGGATGTGCAGCCCGATC,0,3930155
xdhAp1,0.5,1,1,CACGGATATCCAGTCGCAAA,0,3929949
xdhAp1,0.5,1,1,CACGGACGTATTTGGCCTCT,0,3942891
xdhAp1,0.5,1,1,CACGCTCGTCCGTCTGGGAC,0,3969291
xdhAp1,0.5,1,1,CACGCCACAACTATCACCTA,0,3952220
xdhAp1,0.5,1,1,CACGCATATTTCGGTCTAGG,0,3943387
xdhAp1,0.5,1,1,CACGCATACGTCACCGAGAT,0,3945757
xdhAp1,0.5,1,1,CACGATGTTTGTTCGGTACG,0,3933490
xdhAp1,0.5,1,1,CACGATCACTCGTGAGGCAT,0,3932333
xdhAp1,0.5,1,1,CACGAGGGTACAGAAGGGCT,0,3944454
xdhAp1,0.5,1,1,CACCTTATTTACTAACAGTA,0,3929470
xdhAp1,0.5,1,1,CACCTTAAGTACGTTAGTAC,0,3969674
xdhAp1,0.5,1,1,CACCTTAAGCGCCCTGGTAC,0,3946265
xdhAp1,0.5,1,1,CACCTCACACTTGTCTTGTA,0,3939726
xdhAp1,0.5,1,1,CACCTATGTTGAGTTCTTTT,0,3959632
xdhAp1,0.5,1,1,CACCGTTTCCTGAGTCCATT,0,3979453
xdhAp1,0.5,1,1,CACCGTCCCGTTAACTACAT,0,3964935
xdhAp1,0.5,1,1,CACCGTAGACTGAGCAGATT,0,3936079
xdhAp1,0.5,1,1,CACCGCATTTCTAGCAACCC,0,3972377
xdhAp1,0.5,1,1,CACCGCATGACCAGCTATAG,0,3972948
xdhAp1,0.5,1,1,CACCGAATGGACTGGTCGTT,0,3939983
xdhAp1,0.5,1,1,CACCCTTATTAATAAACAGC,0,3968689
xdhAp1,0.5,1,1,CACCACCATCACCTGCGGGG,0,3943798
xdhAp1,0.5,1,1,CACATTCGAGCCGCGTGGAG,0,3947131
xdhAp1,0.5,1,1,CACATGGGCCACCCGGGTCT,0,3956982
xdhAp1,0.5,1,1,CACATGCCATTGGGTCATAC,0,3941441
xdhAp1,0.5,1,1,CACATCCATAACCTTCGCGA,0,3934689
xdhAp1,0.5,1,1,CACATAGGACCGTATTCGAA,0,3955426
xdhAp1,0.5,1,1,CACAGGCGTAATTCAGACAT,0,3948706
xdhAp1,0.5,1,1,CACACTGACAGATGGGCGCA,0,3933057
xdhAp1,0.5,1,1,CACACGCCACGCAATTATCT,0,3951128
xdhAp1,0.5,1,1,CACACGAGAGGCCACATTTG,0,3955279
xdhAp1,0.5,1,1,CACAATAGGCCGGGTACGAC,0,3968384
xdhAp1,0.5,1,1,CACAACCTTGAGACAAGGTC,0,3934403
xdhAp1,0.5,1,1,CACAAAAGCAATCCTGGTGT,0,3980913
xdhAp1,0.5,1,1,CAATTGAGGAGTCAATTTAC,0,3946058
xdhAp1,0.5,1,1,CAATTCTTTAAAGGAATCAG,0,3959538
xdhAp1,0.5,1,1,CAATTATCCATAGAGTGATC,0,3959194
xdhAp1,0.5,1,1,CAATGTGCCCAGTTTTCCCA,0,3971258
xdhAp1,0.5,1,1,CAATGGAGTTGATCCAGCTG,0,3934463
xdhAp1,0.5,1,1,CAATGACTCAGGGGCCTACC,0,3978611
xdhAp1,0.5,1,1,CAATGACACTGGTGTGCGTC,0,3932113
xdhAp1,0.5,1,1,CAATGAATTAGAAAGTAAAC,0,3977773
xdhAp1,0.5,1,1,CAATCTCATTTATGAGTCAA,0,3952344
xdhAp1,0.5,1,1,CAATCCGTTTTAAAGGCTAA,0,3942003
xdhAp1,0.5,1,1,CAATCCCAATTATTCCACCG,0,3959830
xdhAp1,0.5,1,1,CAATACAGAGTGGACAGCGG,0,3952291
xdhAp1,0.5,1,1,CAATAAGCCACTTTCACACC,0,3947544
xdhAp1,0.5,1,1,CAAGTTCCTCCTAAACACTG,0,3954904
xdhAp1,0.5,1,1,CAAGTGTCCGATGATCTACA,0,3950815
xdhAp1,0.5,1,1,CAAGGTGACTATGAATTTGC,0,3933929
xdhAp1,0.5,1,1,CAAGGCGTGCGTGATGACTA,0,3931760
xdhAp1,0.5,1,1,CAAGGCCTTTGGTCCGGTAA,0,3975531
xdhAp1,0.5,1,1,CAAGGCCTGCCTCAGAGGGT,0,3932640
xdhAp1,0.5,1,1,CAAGGCACGCGCCCGGTCGG,0,3978535
xdhAp1,0.5,1,1,CAAGGCAAAAAACCTCGCGT,0,3945233
xdhAp1,0.5,1,1,CAAGCTTGTTCATAAGCCCA,0,3930825
xdhAp1,0.5,1,1,CAAGCTTACAATCTTAGCCG,0,3968581
xdhAp1,0.5,1,1,CAAGCTATATGTAGCACATT,0,3960721
xdhAp1,0.5,1,1,CAAGCTAAATTCGACCTTTG,0,3933638
xdhAp1,0.5,1,1,CAAGCGTTTATCAAGGGTAA,0,3929213
xdhAp1,0.5,1,1,CAAGATGCGTACATTTACGT,0,3933002
xdhAp1,0.5,1,1,CAAGATACATGGACTGCGGG,0,3973994
xdhAp1,0.5,1,1,CAAGAGCTGCCGATCATGAA,0,3939482
xdhAp1,0.5,1,1,CAAGACCCATGTTCGACGTT,0,3954785
xdhAp1,0.5,1,1,CAAGAATCTGTAGAAGTTTA,0,3943647
xdhAp1,0.5,1,1,CAAGAATCGGAAGGAGAACT,0,3954860
xdhAp1,0.5,1,1,CAAGAATCGAGTTTCGTTCA,0,3952378
xdhAp1,0.5,1,1,CAAGAAGTAATTTGATGGGA,0,3972889
xdhAp1,0.5,1,1,CAAGAAGCGATATAACTGAT,0,3956458
xdhAp1,0.5,1,1,CAACTTTTAAGATGGTCAGC,0,3939022
xdhAp1,0.5,1,1,CAACTTGCCCACGCGAGACT,0,3958069
xdhAp1,0.5,1,1,CAACGATCTTAATGAAATAC,0,3971810
xdhAp1,0.5,1,1,CAACGAAGGGCTAATGGTGC,0,3958713
xdhAp1,0.5,1,1,CAACCCCCGTCATGCCGGAG,0,3962951
xdhAp1,0.5,1,1,CAACCACGACCCGATATGGC,0,3965865
xdhAp1,0.5,1,1,CAACATGCGAGTTGCCGCAG,0,3943666
xdhAp1,0.5,1,1,CAACAGTCAGGTGACGCGCA,0,3930317
xdhAp1,0.5,1,1,CAACACATGCTAGAGTACAT,0,3949672
xdhAp1,0.5,1,1,CAACACAAGTTTAGTGCAAC,0,3948889
xdhAp1,0.5,1,1,CAAATTTTGGAGGCGCTGAT,0,3933901
xdhAp1,0.5,1,1,CAAATTTAGTCGGGTATGCG,0,3936181
xdhAp1,0.5,1,1,CAAATTACGATACGAGGACA,0,3942740
xdhAp1,0.5,1,1,CAAAGGTTCTTAAATTCCTT,0,3953163
xdhAp1,0.5,1,1,CAAAGGTCTCAAGCAGTCAC,0,3939692
xdhAp1,0.5,1,1,CAAAGGAACGTTCTCGCTCA,0,3946255
xdhAp1,0.5,1,1,CAAACGTAGCACACTCGCAT,0,3947348
xdhAp1,0.5,1,1,CAAACGCTTTCTTCTATAGG,0,3934640
xdhAp1,0.5,1,1,CAAACGATCCATACAGGCTA,0,3969297
xdhAp1,0.5,1,1,CAAACAGTGCCGGCAATCCT,0,3954099
xdhAp1,0.5,1,1,CAAAATGGTAACCCGTACGC,0,3972226
xdhAp1,0.5,1,1,CAAAAGCCCAAGTGTGAACG,0,3944976
xdhAp1,0.5,1,1,CAAAAACTTCAGCATTTCTG,0,3955052
xdhAp1,0.5,1,1,ATTTTTTGAATACGAGCTCT,0,3953658
xdhAp1,0.5,1,1,ATTTTAAATAGGTCCCCCCC,0,3931249
xdhAp1,0.5,1,1,ATTTGTAGCCGGCCATTTGC,0,3966163
xdhAp1,0.5,1,1,ATTTGGTACCATCCGCTCGG,0,3974015
xdhAp1,0.5,1,1,ATTTGCTAATACTAAGAGAT,0,3938936
xdhAp1,0.5,1,1,ATTTGAGGGTCGCATTACAG,0,3937997
xdhAp1,0.5,1,1,ATTTCCGATAAATCTGTCTG,0,3970175
xdhAp1,0.5,1,1,ATTTCATCTGTTGAACCGCT,0,3929543
xdhAp1,0.5,1,1,ATTTCAGGGGCTGGCACGCT,0,3941982
xdhAp1,0.5,1,1,ATTTATTCAGTATGCCAACA,0,3963720
xdhAp1,0.5,1,1,ATTTATGTATCAATCCTTGG,0,3950859
xdhAp1,0.5,1,1,ATTTATGGCTATGAGTTTGT,0,3950621
xdhAp1,0.5,1,1,ATTTATGACCTTGTATGCAT,0,3944512
xdhAp1,0.5,1,1,ATTTATACGCCTCCGAAAGA,0,3935625
xdhAp1,0.5,1,1,ATTTAGACAAAGCCAGACAA,0,3936233
xdhAp1,0.5,1,1,ATTTACGGATCGTCGGCGCC,0,3949751
xdhAp1,0.5,1,1,ATTGTGCCCGAGAGACAGGT,0,3953161
xdhAp1,0.5,1,1,ATTGTGATCGGGAAGGGATA,0,3981472
xdhAp1,0.5,1,1,ATTGTCTCGGGCGGGTCAAA,0,3958342
xdhAp1,0.5,1,1,ATTGTCGTGATCCGAAACCA,0,3929817
xdhAp1,0.5,1,1,ATTGTCAGCATTTTCTAAGC,0,3960419
xdhAp1,0.5,1,1,ATTGTATCGGTACAAACTGT,0,3970256
xdhAp1,0.5,1,1,ATTGTAGGCAGCTGTTCATT,0,3948284
xdhAp1,0.5,1,1,ATTGTAGAATATCTGCCTTT,0,3975187
xdhAp1,0.5,1,1,ATTGGTGTGGACGCGTTACA,0,3933532
xdhAp1,0.5,1,1,ATTGCGCGCGTTATGTAAAT,0,3945626
xdhAp1,0.5,1,1,ATTGCCGTGTCGGAGCGTCA,0,3971363
xdhAp1,0.5,1,1,ATTGCCACTGTGTACGATTG,0,3942213
xdhAp1,0.5,1,1,ATTGCAAGTAGCGTATCAGT,0,3932787
xdhAp1,0.5,1,1,ATTGAGTCGAGACTAACCTT,0,3971067
xdhAp1,0.5,1,1,ATTGAAGGCCCGTCAAGCTC,0,3932780
xdhAp1,0.5,1,1,ATTCTGCGAGCTTCTCCGAA,0,3953009
xdhAp1,0.5,1,1,ATTCTCTGTGACCTTGGCAT,0,3948622
xdhAp1,0.5,1,1,ATTCTATGACAGGTCGCGAT,0,3947400
xdhAp1,0.5,1,1,ATTCTAAAGTTCACACACGA,0,3978959
xdhAp1,0.5,1,1,ATTCGTTCCGTAAGTGTCTT,0,3958966
xdhAp1,0.5,1,1,ATTCGTCACCGAAGCAGGAC,0,3981280
xdhAp1,0.5,1,1,ATTCGTACAGGTGAGTAAGC,0,3951548
xdhAp1,0.5,1,1,ATTCGGGGGCATACAAAGGA,0,3973500
xdhAp1,0.5,1,1,ATTCCTTGGTCAACCAGATT,0,3949625
xdhAp1,0.5,1,1,ATTCCTGTACACGTTGCTAT,0,3933493
xdhAp1,0.5,1,1,ATTCCGGCTATGTCCAGGTA,0,3969229
xdhAp1,0.5,1,1,ATTCCGCATGGGCGCCCCAC,0,3936797
xdhAp1,0.5,1,1,ATTCCGAAATGAGTATCGCC,0,3933073
xdhAp1,0.5,1,1,ATTCATTACCTATTGTTCTC,0,3971144
xdhAp1,0.5,1,1,ATTCATGGCATAAGCTGCTC,0,3934112
xdhAp1,0.5,1,1,ATTATTTGAGCACCTCGCTA,0,3958906
xdhAp1,0.5,1,1,ATTATCTGTGGTGAACTCAC,0,3958959
xdhAp1,0.5,1,1,ATTATCCGGTGAAGTAAAGT,0,3947546
xdhAp1,0.5,1,1,ATTATCCACTTTGCAGTCCA,0,3959411
xdhAp1,0.5,1,1,ATTATACCTCAGTAGCGCGT,0,3974787
xdhAp1,0.5,1,1,ATTATAACCGAAGTGCTAGA,0,3942603
xdhAp1,0.5,1,1,ATTAGTCTAATCCGACCAGG,0,3953257
xdhAp1,0.5,1,1,ATTAGGCGAGGGATGCATGC,0,3949120
xdhAp1,0.5,1,1,ATTAGGATATCCGGCGGAAC,0,3967942
xdhAp1,0.5,1,1,ATTAGACGTTTCCACCCTAG,0,3945498
xdhAp1,0.5,1,1,ATTACTTGACTCGCATATAA,0,3978514
xdhAp1,0.5,1,1,ATTACGTAGCAGAGCTGTAG,0,3953360
xdhAp1,0.5,1,1,ATTAATGGCGTATAGGGGGA,0,3933994
xdhAp1,0.5,1,1,ATTAATGACTCCACAGTGGA,0,3964159
xdhAp1,0.5,1,1,ATTAACTAACGCTAGTCGTT,0,3937669
xdhAp1,0.5,1,1,ATTAACGTCGCGTCTAGCTG,0,3963553
xdhAp1,0.5,1,1,ATGTTTGACAAACATGACAG,0,3962294
xdhAp1,0.5,1,1,ATGTTGACCGAGGTCGATGG,0,3955133
xdhAp1,0.5,1,1,ATGTTCTCAGACTTACAGGC,0,3973612
xdhAp1,0.5,1,1,ATGTGGCTTGAGGATTCGCT,0,3962947
xdhAp1,0.5,1,1,ATGTCAGGCTGGCCTGGGGT,0,3932130
xdhAp1,0.5,1,1,ATGTATTGTCAGCACAACTC,0,3942533
xdhAp1,0.5,1,1,ATGTACCGAAATGAAAGATA,0,3976458
xdhAp1,0.5,1,1,ATGGTTTAGTTTATGGCAGG,0,3951873
xdhAp1,0.5,1,1,ATGGTTCGTTGGGAGCCCTA,0,3976693
xdhAp1,0.5,1,1,ATGGTGCCAATATGCGCATA,0,3956721
xdhAp1,0.5,1,1,ATGGTGCAGTAGGGTTCCAA,0,3942607
xdhAp1,0.5,1,1,ATGGTCTGTAATCCATCCGT,0,3944113
xdhAp1,0.5,1,1,ATGGGTGCAACAGATGGAAC,0,3980346
xdhAp1,0.5,1,1,ATGGGGGTACATTGCTTGAC,0,3976912
xdhAp1,0.5,1,1,ATGGGCTTCTAAGGAGCATG,0,3933420
xdhAp1,0.5,1,1,ATGGCTGACTATAAGGCCTA,0,3975835
xdhAp1,0.5,1,1,ATGGAGGTTCCTAACCCGAA,0,3958899
xdhAp1,0.5,1,1,ATGCTCAGTAGCTCTGCCCC,0,3933571
xdhAp1,0.5,1,1,ATGCGTGGTAAGCCAGTTGT,0,3973641
xdhAp1,0.5,1,1,ATGCGTATCTCGTGCAATCT,0,3929022
xdhAp1,0.5,1,1,ATGCGCCCGCGAATGAAACG,0,3973543
xdhAp1,0.5,1,1,ATGCCTGCACGGTCGAATAC,0,3967896
xdhAp1,0.5,1,1,ATGCATTTTAGCCGCTTGCT,0,3950979
xdhAp1,0.5,1,1,ATGCAGTGCGTGACTCGCTT,0,3952559
xdhAp1,0.5,1,1,ATGCAGCTCGGACATTGTGG,0,3933770
xdhAp1,0.5,1,1,ATGCAAGTTACGTATCCTTT,0,3945252
xdhAp1,0.5,1,1,ATGATGTGGCGCCTGCCCAG,0,3960124
xdhAp1,0.5,1,1,ATGATGCCGTTTGTCGGGCT,0,3931440
xdhAp1,0.5,1,1,ATGATGCAACCACACAAGCG,0,3953445
xdhAp1,0.5,1,1,ATGATCCCTTAAGTTTGGTT,0,3941311
xdhAp1,0.5,1,1,ATGATATTAGGCTCTTGACA,0,3932512
xdhAp1,0.5,1,1,ATGAGTCGGATTAACATTGA,0,3981081
xdhAp1,0.5,1,1,ATGAGGGACTATGTAATCTA,0,3953925
xdhAp1,0.5,1,1,ATGAGGCCTTCTGCCATTGT,0,3967141
xdhAp1,0.5,1,1,ATGAGCTAGACTGCTGCAAG,0,3944805
xdhAp1,0.5,1,1,ATGAGAATCGAATTGGGGTT,0,3956890
xdhAp1,0.5,1,1,ATGAAGTGACTCTTACCTGC,0,3976395
xdhAp1,0.5,1,1,ATGAAGGCCTCGGTCCCGGT,0,3935438
xdhAp1,0.5,1,1,ATGAAGAGGCGAGCTGAGTC,0,3975705
xdhAp1,0.5,1,1,ATGAACAAAACTCTCGACCT,0,3971454
xdhAp1,0.5,1,1,ATCTTTCATATCTGTTGGGT,0,3975447
xdhAp1,0.5,1,1,ATCTTCTAGCTTAAGCGGGC,0,3963570
xdhAp1,0.5,1,1,ATCTGTAGTCTCAACATGTT,0,3958559
xdhAp1,0.5,1,1,ATCTGGCTTACCATTCACGT,0,3932811
xdhAp1,0.5,1,1,ATCTGGCAAGCGTGTTTCCT,0,3972507
xdhAp1,0.5,1,1,ATCTGATAACATCTTTGCTG,0,3950688
xdhAp1,0.5,1,1,ATCTGACCACTCGCTCACGG,0,3933222
xdhAp1,0.5,1,1,ATCTCCGCAGTAATCGTAAT,0,3949878
xdhAp1,0.5,1,1,ATCTCCCTCACAGAGGTAAC,0,3946013
xdhAp1,0.5,1,1,ATCTAGCGAATATTAATCCA,0,3936765
xdhAp1,0.5,1,1,ATCGTACGCAGTGAGGCTTT,0,3960411
xdhAp1,0.5,1,1,ATCGGTGATTATACACTCTA,0,3946942
xdhAp1,0.5,1,1,ATCGGACTTATGGTGCTCTT,0,3946326
xdhAp1,0.5,1,1,ATCGGACACTACGGCAGATT,0,3979009
xdhAp1,0.5,1,1,ATCGCTCATATCAACAACCA,0,3953879
xdhAp1,0.5,1,1,ATCGCGTCACTACATAAACC,0,3938087
xdhAp1,0.5,1,1,ATCGCGCCGCATAGACAGAG,0,3933536
xdhAp1,0.5,1,1,ATCGCGCACTTGTTCGGACT,0,3966393
xdhAp1,0.5,1,1,ATCGCCTTTTGCGAGCAAAG,0,3945721
xdhAp1,0.5,1,1,ATCGCCTTTTCGTGCTCGAC,0,3979242
xdhAp1,0.5,1,1,ATCGATGTCTAATCCATGGG,0,3932765
xdhAp1,0.5,1,1,ATCGACGATTTGCAAGCGTG,0,3967465
xdhAp1,0.5,1,1,ATCCTGGGGAAGGGTGCGTT,0,3952963
xdhAp1,0.5,1,1,ATCCTGCCACAATGATCGGA,0,3962598
xdhAp1,0.5,1,1,ATCCTCGGCCGCGATATTTA,0,3960931
xdhAp1,0.5,1,1,ATCCTCCTGCGATCCATCGA,0,3944134
xdhAp1,0.5,1,1,ATCCGGATACTTGTGACGCC,0,3972566
xdhAp1,0.5,1,1,ATCCGCTGTAGGCGGAAGGT,0,3956301
xdhAp1,0.5,1,1,ATCCGAGGTTATAGCTTATG,0,3965182
xdhAp1,0.5,1,1,ATCCCCGCTTCCGCCATCAC,0,3977286
xdhAp1,0.5,1,1,ATCCATCGGTGCTGTCTAAC,0,3966928
xdhAp1,0.5,1,1,ATCCACGCAAGGACCCTCCC,0,3980233
xdhAp1,0.5,1,1,ATCCAAAAAGCACCTCAAGT,0,3929244
xdhAp1,0.5,1,1,ATCATTGCAAGAATACCGAT,0,3956022
xdhAp1,0.5,1,1,ATCATCTAGGAAGTGGCTGA,0,3948462
xdhAp1,0.5,1,1,ATCATCGCCTCGGATCTTGG,0,3960742
xdhAp1,0.5,1,1,ATCATCAACGTTTTGGGCGG,0,3938497
xdhAp1,0.5,1,1,ATCATACTATGGTAAGACGC,0,3963141
xdhAp1,0.5,1,1,ATCATAACGCTCACGCTAGA,0,3942820
xdhAp1,0.5,1,1,ATCAGTGGTGCAGTTTTTTT,0,3937402
xdhAp1,0.5,1,1,ATCAGGGGGGTCCTGAAGAA,0,3934278
xdhAp1,0.5,1,1,ATCAGGCGTTAATCGTTGTC,0,3947690
xdhAp1,0.5,1,1,ATCAGCTGTTGCAAGCGGCA,0,3977267
xdhAp1,0.5,1,1,ATCAGCTATTGAGAGCTTCG,0,3937715
xdhAp1,0.5,1,1,ATCACTCATACGCGGATGTT,0,3941990
xdhAp1,0.5,1,1,ATCACCGTCCTCTACATCCG,0,3948186
xdhAp1,0.5,1,1,ATCAATCACAAAAGAAAAGG,0,3965249
xdhAp1,0.5,1,1,ATCAAGTATCTTCGTATTCG,0,3942303
xdhAp1,0.5,1,1,ATCAAAATAACTACTTGACC,0,3963065
xdhAp1,0.5,1,1,ATCAAAAGCAGCCTAAACTA,0,3964656
xdhAp1,0.5,1,1,ATATTTTTACTACGCTATGA,0,3949868
xdhAp1,0.5,1,1,ATATTTGTCCAATCTTCTAT,0,3975195
xdhAp1,0.5,1,1,ATATTAGCTGCATTTGAAGG,0,3935242
xdhAp1,0.5,1,1,ATATTACAGGATATTGACAC,0,3937917
xdhAp1,0.5,1,1,ATATGTTAGGTTGGTGGAAG,0,3949072
xdhAp1,0.5,1,1,ATATGTCGAGCGATACCTAT,0,3942258
xdhAp1,0.5,1,1,ATATGGTTGAGGGCTAGGCA,0,3945804
xdhAp1,0.5,1,1,ATATGATCATGCGGTTAACG,0,3930685
xdhAp1,0.5,1,1,ATATCGGAGCACGGTCGAAA,0,3973118
xdhAp1,0.5,1,1,ATATAAACTTAGTCAACAGC,0,3934081
xdhAp1,0.5,1,1,ATAGTGATCGTCGGCCCATG,0,3938583
xdhAp1,0.5,1,1,ATAGGGCCAATCGTTCACTT,0,3977441
xdhAp1,0.5,1,1,ATAGGCTGTCAGGGTAGGAA,0,3946992
xdhAp1,0.5,1,1,ATAGCGCACCTTTGGATATG,0,3942996
xdhAp1,0.5,1,1,ATAGCCCCGACATCTGACCA,0,3973545
xdhAp1,0.5,1,1,ATAGCAATGTTCGAGCACTT,0,3943964
xdhAp1,0.5,1,1,ATAGATGGGATGTAGCCGCT,0,3968232
xdhAp1,0.5,1,1,ATAGACTCTAGGGTACAGTC,0,3935144
xdhAp1,0.5,1,1,ATAGACAAACTTAAGCGTAT,0,3960739
xdhAp1,0.5,1,1,ATACTCAATCTTTTCCCTAG,0,3943963
xdhAp1,0.5,1,1,ATACGATGATAGACTGATAT,0,3929147
xdhAp1,0.5,1,1,ATACGATAGGACCTGTATTA,0,3962536
xdhAp1,0.5,1,1,ATACCTTCCATGCATCTGAT,0,3940677
xdhAp1,0.5,1,1,ATACCTGCAGAAGTGGCAGG,0,3935111
xdhAp1,0.5,1,1,ATACCGGATCTATCGCTACA,0,3970314
xdhAp1,0.5,1,1,ATAAGTTGATATTATTCGTG,0,3981435
xdhAp1,0.5,1,1,ATAAGTTAGAGCGGATTAGC,0,3977975
xdhAp1,0.5,1,1,ATAAGTGAAATTTCTTTCCT,0,3932975
xdhAp1,0.5,1,1,ATAAGTACTTAGAAGCAGAA,0,3966391
xdhAp1,0.5,1,1,ATAAGGTAAGTAAGCCATCT,0,3946478
xdhAp1,0.5,1,1,ATAAGCCAGGTCAAGAAAAC,0,3940922
xdhAp1,0.5,1,1,ATAAGCATTATTAACCTGAC,0,3938578
xdhAp1,0.5,1,1,AGTTTTTGCACACCTGTTTG,0,3957935
xdhAp1,0.5,1,1,AGTTTTGCCAGATGCGTGAC,0,3958086
xdhAp1,0.5,1,1,AGTTTCTTTATTTGGCGTCG,0,3949067
xdhAp1,0.5,1,1,AGTTGGGTGAGATGAGTCGG,0,3954176
xdhAp1,0.5,1,1,AGTTGGATCGAGTGTCTAGA,0,3941455
xdhAp1,0.5,1,1,AGTTCGCCTTCGTTCCGGGA,0,3953308
xdhAp1,0.5,1,1,AGTTCGCCCGAAGTTGGCTA,0,3937300
xdhAp1,0.5,1,1,AGTTCCAGCAAACCATGCCC,0,3939752
xdhAp1,0.5,1,1,AGTTCAGCGCAGCTTCCGGG,0,3932874
xdhAp1,0.5,1,1,AGTTATTTAAGGGATTTCTT,0,3929735
xdhAp1,0.5,1,1,AGTTACTCTTGCTTTAAAAT,0,3948100
xdhAp1,0.5,1,1,AGTTACGGAACCCTTATGAT,0,3930604
xdhAp1,0.5,1,1,AGTTACCCACCGCTGCTCTT,0,3939054
xdhAp1,0.5,1,1,AGTGTGTAAAAAACTAATCA,0,3931448
xdhAp1,0.5,1,1,AGTGTGCTCTGTAAGGTTTC,0,3931419
xdhAp1,0.5,1,1,AGTGTACGCTGCCTAGGAGA,0,3973593
xdhAp1,0.5,1,1,AGTGGTCCCTCAGGCTCCCT,0,3936168
xdhAp1,0.5,1,1,AGTGGGTGATAAGTAAGATA,0,3978400
xdhAp1,0.5,1,1,AGTGGATGCCCCGCGACTCA,0,3954286
xdhAp1,0.5,1,1,AGTGCGTGACCTAGGGTCAA,0,3976834
xdhAp1,0.5,1,1,AGTGCCGTAGTCTGGACACA,0,3976521
xdhAp1,0.5,1,1,AGTGCCCTGAATAAACCTGA,0,3943957
xdhAp1,0.5,1,1,AGTCTTCCTCTTGCTGAATT,0,3954115
xdhAp1,0.5,1,1,AGTCTACGCAGATCTTGATT,0,3942503
xdhAp1,0.5,1,1,AGTCGTGCAGTATGGTACTT,0,3980508
xdhAp1,0.5,1,1,AGTCGCTGAACATTTCTATC,0,3943258
xdhAp1,0.5,1,1,AGTCCTGTCATACAGCCTCA,0,3949951
xdhAp1,0.5,1,1,AGTCCTAGATCTCATGTAAC,0,3935187
xdhAp1,0.5,1,1,AGTCCCTGTGCCAGGCGCCT,0,3964242
xdhAp1,0.5,1,1,AGTCCAGACATCAGGACTGA,0,3954062
xdhAp1,0.5,1,1,AGTCCACAACTCAAACAGGG,0,3947804
xdhAp1,0.5,1,1,AGTCATGAGGAGTTCCCTTG,0,3965583
xdhAp1,0.5,1,1,AGTCATAGGTATTCAGAAAT,0,3976825
xdhAp1,0.5,1,1,AGTAGGGTCAAGGACGGTCA,0,3932348
xdhAp1,0.5,1,1,AGTAGGCTGTTATGCCCCTA,0,3943985
xdhAp1,0.5,1,1,AGTAGAACAGCGTCATCGTC,0,3944416
xdhAp1,0.5,1,1,AGTACCTGCCAGAGACCCAG,0,3959367
xdhAp1,0.5,1,1,AGTACCCGCCGAGAGGTCAA,0,3981306
xdhAp1,0.5,1,1,AGTAACAGTTGCGCCGAAGT,0,3958014
xdhAp1,0.5,1,1,AGTAAATCAGCGATTATCAA,0,3945847
xdhAp1,0.5,1,1,AGGTTGGTGAAACTGCAAGT,0,3952649
xdhAp1,0.5,1,1,AGGTTGGCGGTACTCGATTG,0,3944280
xdhAp1,0.5,1,1,AGGTTGGAATTTATACTCTA,0,3960798
xdhAp1,0.5,1,1,AGGTTACTAAGAGTGGCACG,0,3964282
xdhAp1,0.5,1,1,AGGTGCCCATTGGACAGGTC,0,3941245
xdhAp1,0.5,1,1,AGGTGATCCCGGCTGGTGGT,0,3957358
xdhAp1,0.5,1,1,AGGTGAATAGTTTAGAATAA,0,3959187
xdhAp1,0.5,1,1,AGGTCGGAACAGAGACCCGT,0,3931934
xdhAp1,0.5,1,1,AGGTCCTTCCAACGTCTTAG,0,3970133
xdhAp1,0.5,1,1,AGGTCCGGCGGGAAGCCCGC,0,3962875
xdhAp1,0.5,1,1,AGGTCAGGTGACTCGCCATA,0,3944730
xdhAp1,0.5,1,1,AGGTACGTCCGTTTTGTACG,0,3966437
xdhAp1,0.5,1,1,AGGGTTCCATCAGCTTAGAA,0,3956125
xdhAp1,0.5,1,1,AGGGTGGGGAACAAGTCGTT,0,3979439
xdhAp1,0.5,1,1,AGGGTGCACAACAAGTCGCT,0,3930165
xdhAp1,0.5,1,1,AGGGTAGCGTGCATTAAGGT,0,3936584
xdhAp1,0.5,1,1,AGGGGGGCCGGGAGCCAGGG,0,3945054
xdhAp1,0.5,1,1,AGGGGCATGTAATGGGCTCA,0,3970319
xdhAp1,0.5,1,1,AGGGGATCCGGGCGAAAAAA,0,3952244
xdhAp1,0.5,1,1,AGGGCTACGGCCCCGTCGAT,0,3977761
xdhAp1,0.5,1,1,AGGCTTGAGGCTTTTAAGGC,0,3967250
xdhAp1,0.5,1,1,AGGCTTAGGTGAGGTATTTT,0,3970321
xdhAp1,0.5,1,1,AGGCTTACGCGGGTTCCTAT,0,3973985
xdhAp1,0.5,1,1,AGGCTGACCGCTCCTTAAAT,0,3949694
xdhAp1,0.5,1,1,AGGCTCCGTAATCTTACAAC,0,3937251
xdhAp1,0.5,1,1,AGGCTAACTTCCACCTCGAG,0,3942128
xdhAp1,0.5,1,1,AGGCGTTACAAGAAAATAAC,0,3963912
xdhAp1,0.5,1,1,AGGCGCTCACCCAAAGGGGT,0,3955929
xdhAp1,0.5,1,1,AGGCCCACCGTTGGCTCAAG,0,3955491
xdhAp1,0.5,1,1,AGGCCAGGCTCACCGAGCGT,0,3944130
xdhAp1,0.5,1,1,AGGCATTGGGAACTCGACGA,0,3958544
xdhAp1,0.5,1,1,AGGCAGGGTGAACCCTCCGT,0,3950446
xdhAp1,0.5,1,1,AGGCAGAGTTGGATAGTGAG,0,3940588
xdhAp1,0.5,1,1,AGGATGGTTAGTAGCGTTCG,0,3934412
xdhAp1,0.5,1,1,AGGATGCTTAATGCTTCATC,0,3934395
xdhAp1,0.5,1,1,AGGATCCACAGTTTTTTATG,0,3947468
xdhAp1,0.5,1,1,AGGAGTCCATTTGGCGTGAA,0,3981439
xdhAp1,0.5,1,1,AGGAGCTTCCGAGTCTAGCA,0,3938139
xdhAp1,0.5,1,1,AGGACCAGGTGCTGCCCGCA,0,3953555
xdhAp1,0.5,1,1,AGGAAGTGGTGGACCTTCCA,0,3945130
xdhAp1,0.5,1,1,AGCTTTCACGATTCCGACCC,0,3964381
xdhAp1,0.5,1,1,AGCTTTAATGTACAAGATCC,0,3934932
xdhAp1,0.5,1,1,AGCTTAGACGAATAGTCTTT,0,3936680
xdhAp1,0.5,1,1,AGCTGTCTAGATCGCATCCC,0,3977550
xdhAp1,0.5,1,1,AGCTGACTGCATGATCTGGT,0,3952938
xdhAp1,0.5,1,1,AGCTCAACTACGATGGGCCG,0,3961143
xdhAp1,0.5,1,1,AGCTATTGGTGCTATGAGAA,0,3948369
xdhAp1,0.5,1,1,AGCTAAATTTAGCCATAGGC,0,3976911
xdhAp1,0.5,1,1,AGCGTGTGGGAAGCCATTTG,0,3950878
xdhAp1,0.5,1,1,AGCGTGCGAAATGCCAATGG,0,3957146
xdhAp1,0.5,1,1,AGCGTAGAGCTTTGTCGGGT,0,3975832
xdhAp1,0.5,1,1,AGCGGTAGAAAACGAGGCAA,0,3954255
xdhAp1,0.5,1,1,AGCGGATTGCCGCTATCCCC,0,3952458
xdhAp1,0.5,1,1,AGCGGATGATCCCGTGCCAT,0,3942670
xdhAp1,0.5,1,1,AGCGGAGTCGCCGTATGGCT,0,3962145
xdhAp1,0.5,1,1,AGCGCGGAATGAAAACAGTT,0,3953421
xdhAp1,0.5,1,1,AGCGATATTTGTGGCCAACG,0,3959380
xdhAp1,0.5,1,1,AGCGAGGATTTTTGTGTTAG,0,3934446
xdhAp1,0.5,1,1,AGCGACCCGATAACAGGTGG,0,3976865
xdhAp1,0.5,1,1,AGCGACATCCGACTCTAATT,0,3953568
xdhAp1,0.5,1,1,AGCCTCGAGCTGGATCCAAT,0,3961881
xdhAp1,0.5,1,1,AGCCTATCGACAGCCCTGGC,0,3933235
xdhAp1,0.5,1,1,AGCCTAAATCATTGCTTTAT,0,3929043
xdhAp1,0.5,1,1,AGCCGTGCGCGGCGCGGGTG,0,3966988
xdhAp1,0.5,1,1,AGCCCTCTGGTGGGTACGAA,0,3971525
xdhAp1,0.5,1,1,AGCCCGTATTCTTATTGTCG,0,3930211
xdhAp1,0.5,1,1,AGCCCGGTCATATCATGCTA,0,3957352
xdhAp1,0.5,1,1,AGCCCGCTGATCGCGGCGAG,0,3929297
xdhAp1,0.5,1,1,AGCCCCGCGCCGAAGGGGCG,0,3977065
xdhAp1,0.5,1,1,AGCCCATGGCGTGCAGTATT,0,3975050
xdhAp1,0.5,1,1,AGCCAATATGGGTTTCCAGG,0,3941208
xdhAp1,0.5,1,1,AGCATGTTCACCTGAAGTTG,0,3956543
xdhAp1,0.5,1,1,AGCATGGGGCATGTATGCTC,0,3932584
xdhAp1,0.5,1,1,AGCATGATTTTGAGCCCCAC,0,3942250
xdhAp1,0.5,1,1,AGCATAGCGTAAGTGCCTGG,0,3937440
xdhAp1,0.5,1,1,AGCAGTTACACCACTTCCGG,0,3972141
xdhAp1,0.5,1,1,AGCAGCGAGCTCTCGCATAC,0,3949527
xdhAp1,0.5,1,1,AGCACGTAAGTGCGTCGCAT,0,3943042
xdhAp1,0.5,1,1,AGCACGACGGTTTATATTCT,0,3956406
xdhAp1,0.5,1,1,AGCACCCGGTAAGTACAAGC,0,3970870
xdhAp1,0.5,1,1,AGCAATCCCTGCATGATTGG,0,3929287
xdhAp1,0.5,1,1,AGCAAGATATGGAATGGTAA,0,3959527
xdhAp1,0.5,1,1,AGATTTGTCTATGAACCGGA,0,3973263
xdhAp1,0.5,1,1,AGATTTGCCTGTTAGGGTCC,0,3965636
xdhAp1,0.5,1,1,AGATTTGCCGGGGACTGAGT,0,3967995
xdhAp1,0.5,1,1,AGATTATCGGACCTCACACA,0,3972474
xdhAp1,0.5,1,1,AGATTATATATGGGAGTGCC,0,3970675
xdhAp1,0.5,1,1,AGATGTGTTAAACGTACCTT,0,3960271
xdhAp1,0.5,1,1,AGATGTCTTTATACAGGCTA,0,3948371
xdhAp1,0.5,1,1,AGATGCACCGTAGTAGATAA,0,3962888
xdhAp1,0.5,1,1,AGATGACTCTTTAGTTCCTA,0,3949070
xdhAp1,0.5,1,1,AGATCGGCCGACCCAAGTCA,0,3945287
xdhAp1,0.5,1,1,AGATCGGCACATAAAAAAAG,0,3971713
xdhAp1,0.5,1,1,AGATCGAGTGAAGCATGGTT,0,3981307
xdhAp1,0.5,1,1,AGATAGCCACACTGGTACTA,0,3952814
xdhAp1,0.5,1,1,AGAGGTCTATGTTAGGTGTT,0,3963300
xdhAp1,0.5,1,1,AGAGGGTACATCTAATCAGG,0,3965604
xdhAp1,0.5,1,1,AGAGGCTCTAAATATGTGGT,0,3952856
xdhAp1,0.5,1,1,AGAGGCGGCTAAAGCACACC,0,3947082
xdhAp1,0.5,1,1,AGAGGACGACTGAGCGATAG,0,3933782
xdhAp1,0.5,1,1,AGAGCAACTACTTTGTTCTT,0,3967850
xdhAp1,0.5,1,1,AGAGATAATCATATTAACAT,0,3958020
xdhAp1,0.5,1,1,AGAGAGGGGGTCGTGTTCAC,0,3934785
xdhAp1,0.5,1,1,AGAGACGCTGACGCCTTCAG,0,3938347
xdhAp1,0.5,1,1,AGAGACCCCCGCCTTCCTAA,0,3929977
xdhAp1,0.5,1,1,AGAGACAAATAGGCACTGAG,0,3966986
xdhAp1,0.5,1,1,AGAGAACAGATATATAGCCT,0,3956796
xdhAp1,0.5,1,1,AGACGCTTTAACGAGCAGGC,0,3948770
xdhAp1,0.5,1,1,AGAATGGTAGAATGGACACT,0,3960839
xdhAp1,0.5,1,1,AGAAGGTCAGGTCAGCCGTA,0,3967008
xdhAp1,0.5,1,1,AGAAGGCGCGTGCTCTAACA,0,3952698
xdhAp1,0.5,1,1,AGAAGCAGGCTGCTCGACAG,0,3972939
xdhAp1,0.5,1,1,AGAAGACATCACGATCATGT,0,3952666
xdhAp1,0.5,1,1,AGAAGAACCGTATCCCACAA,0,3957433
xdhAp1,0.5,1,1,AGAACGATGATTGGCGTCGA,0,3975364
xdhAp1,0.5,1,1,AGAAATAGTTGGAAACTAAC,0,3962046
xdhAp1,0.5,1,1,AGAAAGACGGGAAATCTGAA,0,3973854
xdhAp1,0.5,1,1,AGAAACTGGGACGGTCAATT,0,3968818
xdhAp1,0.5,1,1,AGAAACAAGCACGGAGGCAG,0,3973199
xdhAp1,0.5,1,1,ACTTTTTTCTCTGCAATGTA,0,3970420
xdhAp1,0.5,1,1,ACTTTGTCTGCCACTTCTAG,0,3960571
xdhAp1,0.5,1,1,ACTTTCTCCCTTAAGGTTTC,0,3944590
xdhAp1,0.5,1,1,ACTTGTATGATTGCAAGGAC,0,3961039
xdhAp1,0.5,1,1,ACTTGCTAGCAGAGTCCCCT,0,3979683
xdhAp1,0.5,1,1,ACTTGCCGGGGGCTTATACA,0,3954304
xdhAp1,0.5,1,1,ACTTCTCGTGGTATGGAGGT,0,3941195
xdhAp1,0.5,1,1,ACTTCCAGGGATACAGTGTA,0,3966203
xdhAp1,0.5,1,1,ACTTATTGTATACCTGGACT,0,3930163
xdhAp1,0.5,1,1,ACTTATGTTTTTCTCGGTAC,0,3971345
xdhAp1,0.5,1,1,ACTTATGCGCGGCGACCATC,0,3942671
xdhAp1,0.5,1,1,ACTTAGCCACACTGAAAAGA,0,3935836
xdhAp1,0.5,1,1,ACTTAGCCAAAAACCGCCGA,0,3954538
xdhAp1,0.5,1,1,ACTTAGAGCCCAGGGGCTGG,0,3958348
xdhAp1,0.5,1,1,ACTTACCTACATTTTCCTGC,0,3954239
xdhAp1,0.5,1,1,ACTTAACTCACGGCGTATTA,0,3977041
xdhAp1,0.5,1,1,ACTGTTTTTTAGGGCGCTGG,0,3954990
xdhAp1,0.5,1,1,ACTGTCGCATGCACTCGCGA,0,3977870
xdhAp1,0.5,1,1,ACTGGTGTCAACAAGGCTCT,0,3968597
xdhAp1,0.5,1,1,ACTGGGGCGCAGGTGGCTTC,0,3948980
xdhAp1,0.5,1,1,ACTGGGGAACTCCCTGCATA,0,3965000
xdhAp1,0.5,1,1,ACTGCTATTGCCGGGCCGGT,0,3953060
xdhAp1,0.5,1,1,ACTGCAGGATGCGCACAGGA,0,3933509
xdhAp1,0.5,1,1,ACTGCAAGCTAATAATGAGC,0,3948505
xdhAp1,0.5,1,1,ACTGATACGTGTGACCGCTT,0,3943866
xdhAp1,0.5,1,1,ACTGACTGGTGTGACAATTC,0,3968892
xdhAp1,0.5,1,1,ACTGACCGCGTTGGAGTCCG,0,3934190
xdhAp1,0.5,1,1,ACTGAACCAATCGCGGCAAT,0,3950922
xdhAp1,0.5,1,1,ACTCTGGAATGGAGCGGTCA,0,3972169
xdhAp1,0.5,1,1,ACTCTGCCAAGAGTTAGTGA,0,3958759
xdhAp1,0.5,1,1,ACTCGCTGAGTTTGCCGAAC,0,3950358
xdhAp1,0.5,1,1,ACTCGCCCTCGAATCCACAG,0,3936547
xdhAp1,0.5,1,1,ACTCGATACGATATTCGAGC,0,3933119
xdhAp1,0.5,1,1,ACTCCTAGCTAAGTTAGGAG,0,3971366
xdhAp1,0.5,1,1,ACTCCGGGTTCATGGGGGGA,0,3935627
xdhAp1,0.5,1,1,ACTCAGTTTTATCAAGATAG,0,3981068
xdhAp1,0.5,1,1,ACTCAATCGGCTATGTGCTC,0,3953893
xdhAp1,0.5,1,1,ACTATTGCAGAAGTTACTAT,0,3930832
xdhAp1,0.5,1,1,ACTATCATCAGCTTCAAGCA,0,3931392
xdhAp1,0.5,1,1,ACTATAGGATTACCTGACGG,0,3969640
xdhAp1,0.5,1,1,ACTACTATGATTGAAGGTTT,0,3971389
xdhAp1,0.5,1,1,ACTACATCTTATGCACGTAT,0,3941141
xdhAp1,0.5,1,1,ACTAATTTTCGGCGCCAACA,0,3944645
xdhAp1,0.5,1,1,ACTAACGGGGATTAGGGCTC,0,3929854
xdhAp1,0.5,1,1,ACGTTGCGCCCCGACCCTAA,0,3978944
xdhAp1,0.5,1,1,ACGTTCCCGTTATGATATTT,0,3956363
xdhAp1,0.5,1,1,ACGTCGATTAAGAGCTAATA,0,3970699
xdhAp1,0.5,1,1,ACGTCATTTAAGAACGGATC,0,3936839
xdhAp1,0.5,1,1,ACGTCAGGTCACCCCTCTCC,0,3947157
xdhAp1,0.5,1,1,ACGTATAGGTAAATCTCTTC,0,3965326
xdhAp1,0.5,1,1,ACGGTCTGTTTAATCCATAA,0,3963839
xdhAp1,0.5,1,1,ACGGTCGTAGATAGGGTGGA,0,3957629
xdhAp1,0.5,1,1,ACGGTCAAGTCGATATGACC,0,3963823
xdhAp1,0.5,1,1,ACGGGTCCATGCGGTTCGGA,0,3940408
xdhAp1,0.5,1,1,ACGGGGTGTGGTAATCGATG,0,3937710
xdhAp1,0.5,1,1,ACGGGGGGATCTTTGAAAAG,0,3928943
xdhAp1,0.5,1,1,ACGGGATCGATGGTTTCGCA,0,3952636
xdhAp1,0.5,1,1,ACGGGAGTAGGGAGGCCCCT,0,3970007
xdhAp1,0.5,1,1,ACGGGAGAGGGGGAACTCCC,0,3929647
xdhAp1,0.5,1,1,ACGGGACCCTAAAATACCAG,0,3958254
xdhAp1,0.5,1,1,ACGGCTCAATGGGTCTCAAT,0,3957841
xdhAp1,0.5,1,1,ACGGCCTTTGGGATGGGGTT,0,3971185
xdhAp1,0.5,1,1,ACGGCCTCGAATATCGCCTT,0,3952259
xdhAp1,0.5,1,1,ACGGAGAGACGCGGTTTTTG,0,3963987
xdhAp1,0.5,1,1,ACGGACGGGAGACACAGTTA,0,3947425
xdhAp1,0.5,1,1,ACGCTTCTATGTACGCGTAT,0,3977021
xdhAp1,0.5,1,1,ACGCTGCATGTAAGACGTGA,0,3962827
xdhAp1,0.5,1,1,ACGCTCAGACCAACCGAATG,0,3968486
xdhAp1,0.5,1,1,ACGCTAACCTTCACGCCGTA,0,3958994
xdhAp1,0.5,1,1,ACGCGGGGCGTCTTACCGAT,0,3970748
xdhAp1,0.5,1,1,ACGCGCGATGTCTGGGGGTT,0,3966462
xdhAp1,0.5,1,1,ACGCGAGACTCCTACGAACA,0,3933180
xdhAp1,0.5,1,1,ACGCCGGGAAGCCAATAATA,0,3965322
xdhAp1,0.5,1,1,ACGCATTGTAAGATTAATTA,0,3965629
xdhAp1,0.5,1,1,ACGCATACGTAGAAGGAGCC,0,3943495
xdhAp1,0.5,1,1,ACGCACCCCAAGTCTGATTG,0,3968468
xdhAp1,0.5,1,1,ACGATTCCTTTTCCTTTCGT,0,3929806
xdhAp1,0.5,1,1,ACGATCGGGTGGGGTGCCTC,0,3941790
xdhAp1,0.5,1,1,ACGAGGTTCCGGGCAGTTCC,0,3960310
xdhAp1,0.5,1,1,ACGAGGGCGTGAGTATATCT,0,3929931
xdhAp1,0.5,1,1,ACGACGTCGGACGTGCGAGC,0,3976478
xdhAp1,0.5,1,1,ACGACGGTGACTCGTCCCCT,0,3933705
xdhAp1,0.5,1,1,ACGACCCAGCAGATGGTATA,0,3956828
xdhAp1,0.5,1,1,ACGACCACGACTACGCGCTG,0,3935632
xdhAp1,0.5,1,1,ACCTTCGTTCAGACTTGATT,0,3978725
xdhAp1,0.5,1,1,ACCTTCGGGCGTTCATTGTC,0,3962886
xdhAp1,0.5,1,1,ACCTTCAGCCGACACCCCTT,0,3952242
xdhAp1,0.5,1,1,ACCTTACGTCGAAAAAGTTC,0,3965530
xdhAp1,0.5,1,1,ACCTTACGCTTGGGAGAAAT,0,3962292
xdhAp1,0.5,1,1,ACCTGTCGGGATGGGTCAAA,0,3971867
xdhAp1,0.5,1,1,ACCTGGTCTGCGGTCTATGA,0,3979689
xdhAp1,0.5,1,1,ACCTGGTATCGGGATTCAAC,0,3966668
xdhAp1,0.5,1,1,ACCTGCGATTTCGGGCCGCC,0,3963788
xdhAp1,0.5,1,1,ACCTACTTTACATATTGGAG,0,3971304
xdhAp1,0.5,1,1,ACCTAATTTGGCAGGCCATG,0,3946108
xdhAp1,0.5,1,1,ACCGTTTAGCTAGGTCTAGG,0,3940168
xdhAp1,0.5,1,1,ACCGGGTATGTAACTAATTT,0,3967198
xdhAp1,0.5,1,1,ACCGGGGGGCATCTCAGTAA,0,3956857
xdhAp1,0.5,1,1,ACCGGATGGGACGCAAAGAT,0,3943727
xdhAp1,0.5,1,1,ACCGCATATCAACCAGACTA,0,3944191
xdhAp1,0.5,1,1,ACCGCAGGCACTTTCGAACA,0,3949218
xdhAp1,0.5,1,1,ACCGCACATCAGTGGTCCCT,0,3979761
xdhAp1,0.5,1,1,ACCGACTCGTGAGTCAACCA,0,3975580
xdhAp1,0.5,1,1,ACCCTTCGAGGCCATTACGA,0,3952414
xdhAp1,0.5,1,1,ACCCTGTGCAGACGCTGCAA,0,3943091
xdhAp1,0.5,1,1,ACCCTGGAATTTTCCACCGG,0,3935360
xdhAp1,0.5,1,1,ACCCGCTGCTTCAAAGGCCT,0,3959375
xdhAp1,0.5,1,1,ACCCCTCCCTGTGTCACATT,0,3968191
xdhAp1,0.5,1,1,ACCCCCAGGCGAGGCTGTTA,0,3929877
xdhAp1,0.5,1,1,ACCCCAGCGACTTCTCCCTT,0,3972563
xdhAp1,0.5,1,1,ACCCACATGGTTAAGTTGAT,0,3964536
xdhAp1,0.5,1,1,ACCATGTATTGTAACATGTT,0,3948758
xdhAp1,0.5,1,1,ACCATAGTGCGTCGGTGGAT,0,3965694
xdhAp1,0.5,1,1,ACCATAGGCCTGGGTTATAT,0,3978807
xdhAp1,0.5,1,1,ACCAGTTGGAATTATGCTTC,0,3946016
xdhAp1,0.5,1,1,ACCAGTTCTCGAAGTTCACT,0,3950934
xdhAp1,0.5,1,1,ACCAATCGGTCCAATGATAT,0,3930566
xdhAp1,0.5,1,1,ACCAAGGTAAAGTAGCCCTC,0,3962690
xdhAp1,0.5,1,1,ACCAAGGATAGCATTGTAAT,0,3973731
xdhAp1,0.5,1,1,ACATTGACTGCCCATCTCGT,0,3955635
xdhAp1,0.5,1,1,ACATTCATGTAGGGACGGCA,0,3946335
xdhAp1,0.5,1,1,ACATTATCCTGTTCGAATGA,0,3977850
xdhAp1,0.5,1,1,ACATGCGACGCTGTATGCCC,0,3960096
xdhAp1,0.5,1,1,ACATGCACTTGGCACAAAGA,0,3941932
xdhAp1,0.5,1,1,ACATGAGTCATGAGATCGAC,0,3948017
xdhAp1,0.5,1,1,ACATGAGGATTGGAAGCCTT,0,3960239
xdhAp1,0.5,1,1,ACATCGTGAATTGATTCTCC,0,3946209
xdhAp1,0.5,1,1,ACATCGCGAGGCGATACAGT,0,3945024
xdhAp1,0.5,1,1,ACATCCGAGACCGGGTGAAT,0,3946667
xdhAp1,0.5,1,1,ACATCAGAGTAGCTGAAACA,0,3944444
xdhAp1,0.5,1,1,ACATATCATGGAGTTGCATT,0,3972633
xdhAp1,0.5,1,1,ACATAAGGGTGATGGTAAAA,0,3951971
xdhAp1,0.5,1,1,ACATAAGAGATTAGACGCAA,0,3955641
xdhAp1,0.5,1,1,ACAGTTGTACTGGGTATTTT,0,3957297
xdhAp1,0.5,1,1,ACAGTATCTCGCTAGGCCGG,0,3930402
xdhAp1,0.5,1,1,ACAGTACACTGGCCGGGCAT,0,3952719
xdhAp1,0.5,1,1,ACAGGCTGTATTACCGCATC,0,3931643
xdhAp1,0.5,1,1,ACAGGATTTAGTTATCAACA,0,3967859
xdhAp1,0.5,1,1,ACAGGACCATTCCGGAATGG,0,3944678
xdhAp1,0.5,1,1,ACAGCGGTCGGTTCCCACCT,0,3931779
xdhAp1,0.5,1,1,ACAGCACCAGCCGGCTAATT,0,3942373
xdhAp1,0.5,1,1,ACAGAAGTGTTATATTAACA,0,3936234
xdhAp1,0.5,1,1,ACACTTCCGTCTTTATATGA,0,3973196
xdhAp1,0.5,1,1,ACACTATTCCTGAGGAAGAT,0,3954573
xdhAp1,0.5,1,1,ACACGTTCATCAGCGACCGT,0,3937503
xdhAp1,0.5,1,1,ACACGTAGGGCTCCGTTGAC,0,3963284
xdhAp1,0.5,1,1,ACACGGTGACTTCAATATAG,0,3965451
xdhAp1,0.5,1,1,ACACCTTGAAGGCCTTTGAT,0,3962037
xdhAp1,0.5,1,1,ACACCTGTTGTTGGACCGAT,0,3931914
xdhAp1,0.5,1,1,ACACCTGAGTGCCTTAGTGC,0,3967466
xdhAp1,0.5,1,1,ACACCTCTCAATATAGGAGT,0,3952651
xdhAp1,0.5,1,1,ACACCGGCCAGACGGCCAAC,0,3932485
xdhAp1,0.5,1,1,ACACATCGCGTACGGTAAGA,0,3935168
xdhAp1,0.5,1,1,ACACATAGATTCTCCTCGTG,0,3929711
xdhAp1,0.5,1,1,ACACAGATGACGCACCCAAC,0,3976279
xdhAp1,0.5,1,1,ACACAATTGTTAGAAATTTT,0,3939637
xdhAp1,0.5,1,1,ACAATTGTAGTCAGCAAACA,0,3945136
xdhAp1,0.5,1,1,ACAATTACTCATTACTCAGA,0,3966108
xdhAp1,0.5,1,1,ACAATGTCCCCACATCAGGT,0,3975365
xdhAp1,0.5,1,1,ACAAGTAATGCGGTGGGTCA,0,3929441
xdhAp1,0.5,1,1,ACAAGCGTGTAATGGAGCTG,0,3932378
xdhAp1,0.5,1,1,ACAAGCCTGGTCGTCATAGT,0,3942804
xdhAp1,0.5,1,1,ACAAGCCCCTCTCCGGAGTG,0,3949746
xdhAp1,0.5,1,1,ACAAGCAGGTGGGGTCTGTC,0,3933913
xdhAp1,0.5,1,1,ACAAGCAGAGCTTCACTGAC,0,3978068
xdhAp1,0.5,1,1,ACAAGCACGGGGGAAACCAC,0,3969107
xdhAp1,0.5,1,1,ACAAGATTGTCCTACGGCGG,0,3977350
xdhAp1,0.5,1,1,ACAAGATCATTGGGCGATCG,0,3972865
xdhAp1,0.5,1,1,ACAACTAAGTGGGCAACATC,0,3963094
xdhAp1,0.5,1,1,AATTTGGTTTTGGAGCCACA,0,3937568
xdhAp1,0.5,1,1,AATTTCAACGAAGGCTAGAT,0,3959355
xdhAp1,0.5,1,1,AATTGTTACCTACAAGCACT,0,3941405
xdhAp1,0.5,1,1,AATTGCTTTTGCACTGTCAG,0,3954973
xdhAp1,0.5,1,1,AATTGCGGTACGTTTCTATA,0,3969874
xdhAp1,0.5,1,1,AATTCTTAGAGGGTTGACGT,0,3964238
xdhAp1,0.5,1,1,AATTCTACAGGGACATGACG,0,3940440
xdhAp1,0.5,1,1,AATTCATTAGCGTCGAGGAT,0,3981051
xdhAp1,0.5,1,1,AATTCACAGGTTCTGACACC,0,3967171
xdhAp1,0.5,1,1,AATTCAAATACGGATTATGC,0,3973647
xdhAp1,0.5,1,1,AATTAAGACTGTACACCGGA,0,3955596
xdhAp1,0.5,1,1,AATGTGGCTCTCCCTACACA,0,3981364
xdhAp1,0.5,1,1,AATGTCTACAAGACGTGCCA,0,3978276
xdhAp1,0.5,1,1,AATGTCCACACAGCACAAAA,0,3952081
xdhAp1,0.5,1,1,AATGTAGGGGTATACAGACT,0,3981427
xdhAp1,0.5,1,1,AATGGCAAAATTGTTACCAT,0,3948394
xdhAp1,0.5,1,1,AATGCTGAATACACGCAAAT,0,3963937
xdhAp1,0.5,1,1,AATGCCGGTTGTGCGAGAAG,0,3966783
xdhAp1,0.5,1,1,AATGCCACGATGTGGATTCT,0,3973768
xdhAp1,0.5,1,1,AATGAGCATGGCCATACCGT,0,3979168
xdhAp1,0.5,1,1,AATCTTGATATTTAGGTGAT,0,3958295
xdhAp1,0.5,1,1,AATCTCCTCCAGTATCTTTA,0,3973832
xdhAp1,0.5,1,1,AATCTATGGCGCTTGAGGCC,0,3966879
xdhAp1,0.5,1,1,AATCTAACCGCCGTAGCTTT,0,3975155
xdhAp1,0.5,1,1,AATCGCGACACCAAGATTAT,0,3969616
xdhAp1,0.5,1,1,AATCCCGATCTAATTCATAT,0,3931775
xdhAp1,0.5,1,1,AATCCCATACCCCGTCCTTT,0,3939106
xdhAp1,0.5,1,1,AATCATGAGAGATCAGCACG,0,3971170
xdhAp1,0.5,1,1,AATCACCAGGGGGGTAGCAT,0,3963530
xdhAp1,0.5,1,1,AATATTCACCGGTCCGTTGA,0,3952301
xdhAp1,0.5,1,1,AATATGTGCTGTTTAGAGAA,0,3966875
xdhAp1,0.5,1,1,AATATGGATTCATAGATTTA,0,3941408
xdhAp1,0.5,1,1,AATATCGTAACTAGACACCC,0,3963160
xdhAp1,0.5,1,1,AATAGGTGTCATAGTCCGAC,0,3944208
xdhAp1,0.5,1,1,AATACGGCCCCAAGCTAGTA,0,3932694
xdhAp1,0.5,1,1,AATACGATCTCCCTGACTAC,0,3957960
xdhAp1,0.5,1,1,AATAATGGGGTCGTTGAATT,0,3980589
xdhAp1,0.5,1,1,AATAACATTTACTTCACCGT,0,3948635
xdhAp1,0.5,1,1,AATAAATTACCCAGCCATGT,0,3942484
xdhAp1,0.5,1,1,AATAAAGGCTTGCTTATTGA,0,3966416
xdhAp1,0.5,1,1,AAGTTTTACTACGCGTCGGA,0,3949690
xdhAp1,0.5,1,1,AAGTGGTGTCTAATGAATCA,0,3943972
xdhAp1,0.5,1,1,AAGTGGGACAAATACGCCGT,0,3950339
xdhAp1,0.5,1,1,AAGTGCGGAACTCTCAACCC,0,3953249
xdhAp1,0.5,1,1,AAGTGCACTACGCAGCTTTC,0,3943200
xdhAp1,0.5,1,1,AAGTAACTTAAGAGGGCGTA,0,3933384
xdhAp1,0.5,1,1,AAGGTCGAGGGTACTCATAT,0,3954491
xdhAp1,0.5,1,1,AAGGTCATGGGAGTAAACTC,0,3971387
xdhAp1,0.5,1,1,AAGGTCAAGGCGACATATTC,0,3940104
xdhAp1,0.5,1,1,AAGGTATGATTCCTGAAGAT,0,3946609
xdhAp1,0.5,1,1,AAGGGTCCGGGAGCTGCTAA,0,3958860
xdhAp1,0.5,1,1,AAGGGGTGTTATGGCCCTCA,0,3945127
xdhAp1,0.5,1,1,AAGGGATGGCAAGGGTGTAT,0,3940461
xdhAp1,0.5,1,1,AAGGGAGCTGCCGTTGTATG,0,3953965
xdhAp1,0.5,1,1,AAGGCGAGCGGGATAAACCC,0,3949660
xdhAp1,0.5,1,1,AAGGATCCCGCGAAGCATAA,0,3957164
xdhAp1,0.5,1,1,AAGGACCGTCGGAGTGAGCT,0,3933574
xdhAp1,0.5,1,1,AAGGAAGACCCCTTCTGGGG,0,3966516
xdhAp1,0.5,1,1,AAGGAAAAGGTCCACCACCC,0,3929291
xdhAp1,0.5,1,1,AAGCTTTAGGCAACGTTCTC,0,3930919
xdhAp1,0.5,1,1,AAGCTCTACTCTCCCAGATT,0,3943192
xdhAp1,0.5,1,1,AAGCGTGTGTTTGACCATAT,0,3945646
xdhAp1,0.5,1,1,AAGCGGGCAATGTGGCGCGG,0,3957165
xdhAp1,0.5,1,1,AAGCGAGGCTCGCCTGGCAG,0,3948177
xdhAp1,0.5,1,1,AAGCCCAAGGAGTGGCCGGG,0,3952687
xdhAp1,0.5,1,1,AAGATTTCTAGTAAGTCGTA,0,3970681
xdhAp1,0.5,1,1,AAGATGTGGGCATCCTTAAC,0,3950536
xdhAp1,0.5,1,1,AAGATGTATGCACCGCTTAG,0,3942513
xdhAp1,0.5,1,1,AAGATGGCTGGTTTCATTAC,0,3964636
xdhAp1,0.5,1,1,AAGATGAGGCACCTCGGCAG,0,3942992
xdhAp1,0.5,1,1,AAGATCATCCCGCAATACCC,0,3945864
xdhAp1,0.5,1,1,AAGAGAGGACCTTGTCTTCA,0,3957295
xdhAp1,0.5,1,1,AAGAGAAAGTCAGCGTAACC,0,3964032
xdhAp1,0.5,1,1,AAGACTAACGCCATGTATGA,0,3952382
xdhAp1,0.5,1,1,AAGACATATCAAGCCGCTAA,0,3960051
xdhAp1,0.5,1,1,AAGAAAGTTAGATATATCCA,0,3935535
xdhAp1,0.5,1,1,AACTTTTCGAGAGGCGGGGA,0,3935462
xdhAp1,0.5,1,1,AACTTTATCGTTCCACAAAC,0,3943870
xdhAp1,0.5,1,1,AACTTTACTTTATAGCCGGC,0,3979774
xdhAp1,0.5,1,1,AACTTCGTTTCCGTATATAC,0,3959686
xdhAp1,0.5,1,1,AACGTCGGATATGGCATCTC,0,3936659
xdhAp1,0.5,1,1,AACGGCAATGATATGTGTGG,0,3966474
xdhAp1,0.5,1,1,AACGACGTGCACTTGTGACA,0,3968150
xdhAp1,0.5,1,1,AACGAAGTTCGTGACTACAC,0,3972943
xdhAp1,0.5,1,1,AACCTTGACTCGTTTTCGTA,0,3937623
xdhAp1,0.5,1,1,AACCTTAGGGTTGAATTACC,0,3950664
xdhAp1,0.5,1,1,AACCTGTGATGGCAGCTCGG,0,3952416
xdhAp1,0.5,1,1,AACCTCGACATGAGCCTTGC,0,3934422
xdhAp1,0.5,1,1,AACCTCAAGCCAGTGGACGG,0,3943478
xdhAp1,0.5,1,1,AACCGGTTTGGGTTACGGCC,0,3953276
xdhAp1,0.5,1,1,AACCGGCAAAACGAGCGCAG,0,3953150
xdhAp1,0.5,1,1,AACCGCTTATGACATGTGCT,0,3957888
xdhAp1,0.5,1,1,AACCGCTGCCGGCAAAAGTT,0,3952690
xdhAp1,0.5,1,1,AACCGCCTGCGCGGTTTCAG,0,3960157
xdhAp1,0.5,1,1,AACCACTAAAATAAGCAGAT,0,3949214
xdhAp1,0.5,1,1,AACAGGGAGCTCCCTGACGC,0,3972836
xdhAp1,0.5,1,1,AACAGCGGGAGTGTCAGTCA,0,3944598
xdhAp1,0.5,1,1,AACAGCCCATCCTACAGTCC,0,3935826
xdhAp1,0.5,1,1,AACAGAGAATCGGCAGAAGG,0,3972285
xdhAp1,0.5,1,1,AACAGAAGGGCGCCACGTGA,0,3943116
xdhAp1,0.5,1,1,AACACTCAAATGCGGGCGGA,0,3975326
xdhAp1,0.5,1,1,AACACAGAAAGGACACTGAT,0,3939629
xdhAp1,0.5,1,1,AACAATTGAGACCCGTTTCG,0,3932873
xdhAp1,0.5,1,1,AACAATGGTTCCGAAGCATG,0,3948703
xdhAp1,0.5,1,1,AACAAGTCACTGGAGTCGGG,0,3951354
xdhAp1,0.5,1,1,AAATTGGGCGTGCAAAGTAA,0,3954970
xdhAp1,0.5,1,1,AAATGTTGTCCAGGGCGATG,0,3949834
xdhAp1,0.5,1,1,AAATGGTTGGTATCCAGCTA,0,3969246
xdhAp1,0.5,1,1,AAATGGGCCGAGGCACCCGG,0,3972546
xdhAp1,0.5,1,1,AAATGGAACTAGGCTAATGA,0,3947264
xdhAp1,0.5,1,1,AAATGCGCGGCCCGATTTGT,0,3974238
xdhAp1,0.5,1,1,AAATGCATACACAGACAAAA,0,3929896
xdhAp1,0.5,1,1,AAATCGGTTCGTGGATTAAA,0,3976682
xdhAp1,0.5,1,1,AAATCACGTCGGGATATGCT,0,3976075
xdhAp1,0.5,1,1,AAATATAGACCCGACGTGGC,0,3939817
xdhAp1,0.5,1,1,AAATACCTATATCATTTTAC,0,3953151
xdhAp1,0.5,1,1,AAAGTCACTAGGGCACCCGT,0,3956137
xdhAp1,0.5,1,1,AAAGCTAGCTATTCGACGTT,0,3969232
xdhAp1,0.5,1,1,AAAGATCCCGTTGGCCACTA,0,3968535
xdhAp1,0.5,1,1,AAAGACGTTGTCACTTCATA,0,3959626
xdhAp1,0.5,1,1,AAACTTCTATCGGTAGAATG,0,3966370
xdhAp1,0.5,1,1,AAACTAAGATTAAGAGTGTT,0,3957024
xdhAp1,0.5,1,1,AAACGGTAGTGGAGGGTTTA,0,3934258
xdhAp1,0.5,1,1,AAACGCAGGCCCGGACGTTG,0,3966300
xdhAp1,0.5,1,1,AAACGATTAGGTTGCTAACT,0,3979636
xdhAp1,0.5,1,1,AAACATTCTGTCCAACCCGA,0,3933992
xdhAp1,0.5,1,1,AAACACATGATGACATAAGC,0,3977268
xdhAp1,0.5,1,1,AAAATGTAGAGCCCCCGTAC,0,3955850
xdhAp1,0.5,1,1,AAAAGTGAACATCAAGGGGA,0,3931347
xdhAp1,0.5,1,1,AAAAGGAATAGTATGTTGTT,0,3958505
xdhAp1,0.5,1,1,AAAAGCCTGCCTGCGCATTA,0,3935581
xdhAp1,0.5,1,1,AAAAGATCCTATACATCTCG,0,3947426
xdhAp1,0.5,1,1,AAAACGTAACGGGGGGAGGT,0,3973896
xdhAp1,0.5,1,1,AAAACAATGGCTTCGCGATT,0,3930929
xdhAp1,0.5,1,1,AAAAACTATGGTGGTTATCA,0,3948212
xdhAp1,0.5,1,1,AAAAAAGAGATTTTTATGGA,0,3971856
xdhAp1,51.0,50,0,AAAGACGGTCTTAAACAAGA,50,3952531
xdhAp1,49.0,48,0,GCACCAGAATGCCAATCCAT,48,3941309
xdhAp1,46.0,45,0,GTTTTCTTTCATGTCTGACG,45,3957712
xdhAp1,42.0,41,0,GCTACCATGTGTTGGTCTTA,41,3949487
xdhAp1,32.0,31,0,TTTAACCACTCTGATTCTGT,31,3953597
xdhAp1,32.0,31,0,ACTTTGACAAACGGTGTTAC,31,3965651
xdhAp1,32.0,31,0,AACGCTGGTGTCAGAAGTAT,31,3980760
xdhAp1,31.0,30,0,GTCTATTGGTGCTCACGAGT,30,3958875
xdhAp1,31.0,30,0,CGTCTGATTAACGCTCGCAA,30,3954131
xdhAp1,30.0,29,0,CTTCTGCTAATTGGCGCCCC,29,3937010
xdhAp1,30.0,29,0,AGCGCATTAAGTTCTAAACC,29,3962051
xdhAp1,30.0,29,0,AAGCTGCGGCTTACTCTAAC,29,3959322
xdhAp1,29.0,28,0,TATTCAGCCTGCGCTGCTGA,28,3945115
xdhAp1,29.0,28,0,GCGAAGCGTATGCTACAAAA,28,3941539
xdhAp1,29.0,28,0,CAGAAATCGAATGTTCTGAA,28,3934908
xdhAp1,29.0,28,0,ACGTGACGCCTTGCTATTCA,28,3976272
xdhAp1,28.0,27,0,GATTGGGTGTGCGCCGTGCA,27,3950443
xdhAp1,28.0,27,0,CTGCGCTCACTATAGCCAGT,27,3942167
xdhAp1,28.0,27,0,CCAGCAAAACACCTGAGGTG,27,3936359
xdhAp1,27.0,26,0,GATAGATGGCCATACTGAAC,26,3974394
xdhAp1,27.0,26,0,CCAGTTGGACGGATGGAGTC,26,3943553
xdhAp1,27.0,26,0,AATCCCTCAGGTAAGAATAC,26,3946948
xdhAp1,27.0,26,0,AAGGCCAGCTCCTCTAACGT,26,3940450
xdhAp1,26.0,25,0,GTTAACATTCAGACTGCACC,25,3966046
xdhAp1,26.0,25,0,CGACTCCTTATAGCGAAAAG,25,3937504
xdhAp1,26.0,25,0,ATACAAGCCTTTTAAAATAC,25,3973746
xdhAp1,25.0,24,0,TTTGGTCTCTCGGAAGGTCT,24,3950167
xdhAp1,25.0,24,0,GTGGTCCGGGTATCACCTAT,24,3948251
xdhAp1,25.0,24,0,GTCGCACCAGGCTACAGCCG,24,3971670
xdhAp1,25.0,24,0,GCACACAGAAGTGCCCGAAA,24,3959129
xdhAp1,24.0,23,0,TGTTGAAGGGCGGCGAAGCA,23,3957492
xdhAp1,24.0,23,0,TGGCCAATCCCTCCAGTGAT,23,3976757
xdhAp1,24.0,23,0,TAAACAGATATGACCCAGTA,23,3946143
xdhAp1,24.0,23,0,GAAGACAATGCCCGGGAGAA,23,3943973
xdhAp1,24.0,23,0,CCAACGCTACGATTCCAATC,23,3946247
xdhAp1,24.0,23,0,CACTCTCAGCCCCCGTTGGT,23,3979216
xdhAp1,24.0,23,0,CACAGCGGCGCGATACCCTC,23,3973507
xdhAp1,23.0,22,0,TGCGTCTTGCGGCTGCGGGA,22,3957619
xdhAp1,23.0,22,0,TAATAGCTCCTACGGGTGGT,22,3945047
xdhAp1,23.0,22,0,GTCTTACCCTAATCCCGGTG,22,3970643
xdhAp1,23.0,22,0,CTATTTTAACGCATATGTAT,22,3951252
xdhAp1,23.0,22,0,ATGAGTACCAAACGGTCGCA,22,3943372
xdhAp1,23.0,22,0,AGGAGGCTATGTTGAGTCCA,22,3930214
xdhAp1,22.0,21,0,TCCTTGAGGGTAGGCTACGA,21,3940909
xdhAp1,22.0,21,0,TCCAGGAACGCTATCGCGGA,21,3934916
xdhAp1,22.0,21,0,GTCCTTTAACAGGGGGAGGG,21,3971158
xdhAp1,22.0,21,0,GCACGGGACGGCCCCGGGTA,21,3971570
xdhAp1,22.0,21,0,CTAGACCATGTATCTCGGCA,21,3946805
xdhAp1,22.0,21,0,CCTCTGTCTGGTATCTGAGA,21,3961230
xdhAp1,22.0,21,0,CCTATCTGTTGCCATAAAGG,21,3955809
xdhAp1,22.0,21,0,CCCAGGCTGACGGGTGACAG,21,3940624
xdhAp1,22.0,21,0,CCCAAGTGCTCAATAAATGG,21,3976764
xdhAp1,22.0,21,0,AACCATCATTTTTACAGGAG,21,3962922
xdhAp1,21.0,20,0,TGGTGTTCAGTTTTATAGAC,20,3961052
xdhAp1,21.0,20,0,TAAAAGCGCAAGATGCCCTC,20,3951032
xdhAp1,21.0,20,0,GCGATGTGTGTGGACAGATC,20,3980290
xdhAp1,21.0,20,0,CATTCAACTCCGACAGACAC,20,3963636
xdhAp1,21.0,20,0,ATCCGACAAGCATGTATTAT,20,3929892
xdhAp1,21.0,20,0,AGCCACTACGTCGCCCAGCT,20,3939215
xdhAp1,20.0,19,0,TTCGTCAGCGTGTCTAACTA,19,3933989
xdhAp1,20.0,19,0,TCCTAGGCGGCTTTGCTGTA,19,3946025
xdhAp1,20.0,19,0,TCCGGGTGCACTTTCCAGTA,19,3942745
xdhAp1,20.0,19,0,GTCCACCCAATGGTTCTTGT,19,3931797
xdhAp1,20.0,19,0,GCATACTTGTATTAGTTTAC,19,3965349
xdhAp1,20.0,19,0,CGGTTGACTGTGGTATCATG,19,3979459
xdhAp1,20.0,19,0,CGAGTTTGACGAGCATGGTA,19,3980221
xdhAp1,20.0,19,0,CCACATCATAAACGGCCTAC,19,3971120
xdhAp1,20.0,19,0,ATCTTCGAAATTCCCCCTGC,19,3932601
xdhAp1,20.0,19,0,AAGTTCCACGCATAAGGCTA,19,3978783
xdhAp1,19.0,18,0,TTGGTAATACCGGCTCCTGA,18,3962676
xdhAp1,19.0,18,0,TTATTCGTCGCCGGGCTGGG,18,3976849
xdhAp1,19.0,18,0,CGGGCATTTTCAGTCTAAGA,18,3949732
xdhAp1,19.0,18,0,CCGTCATTAAGCGTTGACAA,18,3964577
xdhAp1,19.0,18,0,AGGTGAATATTAGCGACGTT,18,3933880
xdhAp1,19.0,18,0,AAGTATGGTAGGGTATATCA,18,3946426
xdhAp1,18.0,17,0,TTTCTGTCGCTCATATTAGA,17,3931754
xdhAp1,18.0,17,0,TGGGGCAGTACCGCGCGAGC,17,3931164
xdhAp1,18.0,17,0,CATCAGTAGTGTGGCATGAG,17,3943677
xdhAp1,18.0,17,0,CAGCCACTCATCCCGTTAGT,17,3961716
xdhAp1,18.0,17,0,ATTGTACGTAGGCCTGGACA,17,3932406
xdhAp1,18.0,17,0,AAATTCCCGCAGAATCTCCA,17,3953960
xdhAp1,17.0,16,0,TTTTTGGCCACAAAATCCAT,16,3929579
xdhAp1,17.0,16,0,TTACCACCGACGAGGACATT,16,3981421
xdhAp1,17.0,16,0,TCTACACCGTCACGTTATTC,16,3962035
xdhAp1,17.0,16,0,GTTGGAGGCGAATGAGACTG,16,3940633
xdhAp1,17.0,16,0,GCCGGCTGCACCCCTAAATC,16,3967170
xdhAp1,17.0,16,0,CGAAACTGGAGAATTCCTCA,16,3953274
xdhAp1,17.0,16,0,CCACGCCTACTGTCGCGTCA,16,3964212
xdhAp1,17.0,16,0,CATTTGCCCAGATCGAGTCG,16,3954898
xdhAp1,17.0,16,0,CATCGTTAACCCGGCTTCGA,16,3933159
xdhAp1,17.0,16,0,CAGTTATTGCAAAGAGCTCA,16,3969587
xdhAp1,17.0,16,0,CAGGTCGGTTTCTTCACATG,16,3975610
xdhAp1,17.0,16,0,CAATTCCAATAGTCGCTCTT,16,3962825
xdhAp1,17.0,16,0,ATTGAAGGCTACCTTGGGGA,16,3946142
xdhAp1,17.0,16,0,ATGTATAGGATGGGTCTCGC,16,3937179
xdhAp1,17.0,16,0,ACCTGCTATCTACTCAGTTT,16,3938664
xdhAp1,17.0,16,0,AAGAGTAGGGTGCATGCGCA,16,3933484
xdhAp1,16.0,15,0,TTTTTAATGCGATACGCCAT,15,3934259
xdhAp1,16.0,15,0,TCCCGTACAGATTGACGGGG,15,3952946
xdhAp1,16.0,15,0,TCAATGCCTGAGCACCTTAT,15,3964549
xdhAp1,16.0,15,0,TAGACTTTAGTTGTCGTTGA,15,3941793
xdhAp1,16.0,15,0,TACTGTACGGGCATTAACTA,15,3966669
xdhAp1,16.0,15,0,TAACGATAATCATTCTCCCT,15,3953104
xdhAp1,16.0,15,0,GTTTCAAGGCACGCCTCATT,15,3940827
xdhAp1,16.0,15,0,GGTTCGGAGTCATTGGGCTT,15,3954547
xdhAp1,16.0,15,0,GGCTTCAGTAGATGGTGCCC,15,3948545
xdhAp1,16.0,15,0,CGTCTGCGCTCTGCCATCTT,15,3970494
xdhAp1,16.0,15,0,CCCTTAGGAAAGTAAACTGA,15,3973168
xdhAp1,16.0,15,0,CCCACATGTCGCCAACCTAC,15,3971013
xdhAp1,16.0,15,0,ATTACTACCCACAGCTAATG,15,3963783
xdhAp1,15.0,14,0,TCCGAAGCCCTGACTTATAA,14,3972539
xdhAp1,15.0,14,0,TCAGCAGACCCATGGGTATA,14,3963618
xdhAp1,15.0,14,0,TAATAAAATGCCCTACGTTC,14,3941759
xdhAp1,15.0,14,0,GTATTGTGTAGGCTTCAAAA,14,3937516
xdhAp1,15.0,14,0,GGCATAAAATGGCGAATACA,14,3934228
xdhAp1,15.0,14,0,GACCGATAACGGCAGGACGA,14,3980395
xdhAp1,15.0,14,0,CGACGACGGGGTAATTGTAT,14,3975802
xdhAp1,15.0,14,0,CCTCCGGAGATGGTCAAAAA,14,3947754
xdhAp1,15.0,14,0,ACCCGGCACGTCGAGGACAT,14,3959716
xdhAp1,15.0,14,0,AATCAGCTCGCAAATCGCAA,14,3953739
xdhAp1,14.0,13,0,TTACGTTTACCAGAGTTCAG,13,3962826
xdhAp1,14.0,13,0,TGGAGTCATTGAATTCACGT,13,3942986
xdhAp1,14.0,13,0,TCGCAACACACGTTTGTTTT,13,3981507
xdhAp1,14.0,13,0,TCCGGTGTGGCCGGCCTTCA,13,3959914
xdhAp1,14.0,13,0,GTTTGATAACGGGAAACTAA,13,3965030
xdhAp1,14.0,13,0,GTGCATCCGACTCGTCCTAC,13,3962936
xdhAp1,14.0,13,0,GTCCGGTGTTCACCTTTTTT,13,3973461
xdhAp1,14.0,13,0,GGTATTCCGCCGGAGATTCT,13,3956193
xdhAp1,14.0,13,0,GGCGCAATGGTCCTGTCGTT,13,3948968
xdhAp1,14.0,13,0,GCCCATATCCGTGGAACGTC,13,3946946
xdhAp1,14.0,13,0,GCACCACTGTTGACTATCCT,13,3979005
xdhAp1,14.0,13,0,CTGCCAGGTGTGAAGTCTGG,13,3966233
xdhAp1,14.0,13,0,CGTGGCACCACCGTACAAAT,13,3970595
xdhAp1,14.0,13,0,CGCGACATTGGGTTCGTCTC,13,3934867
xdhAp1,14.0,13,0,AGTGGAAATTGGTGTTGGAA,13,3958856
xdhAp1,14.0,13,0,AGTCCTGCCGGTAACACCCT,13,3949700
xdhAp1,14.0,13,0,AATTCATGGTCCTTCTAGGT,13,3968388
xdhAp1,14.0,13,0,AACGGATACCGACACGATGG,13,3957226
xdhAp1,14.0,13,0,AACCGACTCCATGCCCGCCT,13,3975452
xdhAp1,14.0,13,0,AAAAACGAGGTAGTCGGTAC,13,3968312
xdhAp1,13.0,12,0,TTTATACAAGGTTCTGCAGC,12,3965059
xdhAp1,13.0,12,0,TTGGTGACGGACCGTTCATT,12,3973011
xdhAp1,13.0,12,0,TTGCGGATAAGGCCTTGGTT,12,3975727
xdhAp1,13.0,12,0,TTGAACGAAGAGGTGAAGAA,12,3929440
xdhAp1,13.0,12,0,TCATGGCGCGCCCCTACTTA,12,3967481
xdhAp1,13.0,12,0,GTAATATCATGTGAAGTCCC,12,3928942
xdhAp1,13.0,12,0,CGTCCCACTTATCGACGTGT,12,3974351
xdhAp1,13.0,12,0,CGGACGGAAGTGCGGTTCAG,12,3952088
xdhAp1,13.0,12,0,CGATACCTGTGCCGTCAGCG,12,3950010
xdhAp1,13.0,12,0,CCGGGGTTATATGTATGAAT,12,3963649
xdhAp1,13.0,12,0,AGAGGGCCTTGTTGCCCGAC,12,3966038
xdhAp1,13.0,12,0,AGAAGGCATGGATAAGGTGG,12,3937181
xdhAp1,12.0,11,0,TTTGCCTGTAGTTAACCCCC,11,3977944
xdhAp1,12.0,11,0,TGTCCGATCGTTGAGGCGAT,11,3972439
xdhAp1,12.0,11,0,TAATCCCCAGTCTGTTCATA,11,3976308
xdhAp1,12.0,11,0,GCGTACCTTTCTATTGAGTA,11,3937425
xdhAp1,12.0,11,0,GCGGCTTGTGAGGGCATGAG,11,3942699
xdhAp1,12.0,11,0,CGCTTTCTTATTCCGACTTT,11,3945438
xdhAp1,12.0,11,0,CACTAATTGTACCGCAGTAT,11,3946081
xdhAp1,12.0,11,0,ATTGGTGTTACATGCTTCAA,11,3945414
xdhAp1,12.0,11,0,AGGCTTACATGCGGGAGTAC,11,3975336
xdhAp1,12.0,11,0,ACAGGAAACTAGCTATATAA,11,3951562
xdhAp1,12.0,11,0,ACACAGTGTCACCAGTGCTT,11,3930385
xdhAp1,11.0,10,0,TTGCCATATATGATTCTCAT,10,3951090
xdhAp1,11.0,10,0,TGTGTAGGGAATTAGTACGT,10,3948931
xdhAp1,11.0,10,0,TCTGCGGATTACCCCATCGT,10,3945750
xdhAp1,11.0,10,0,TCTCATCCTCAAACAATGTT,10,3972468
xdhAp1,11.0,10,0,TCATACCAGTTGGTTGTTCA,10,3955988
xdhAp1,11.0,10,0,GGTGTACCGGGAAACGCCGA,10,3932849
xdhAp1,11.0,10,0,GGATGAACATAGAAGCGATT,10,3943344
xdhAp1,11.0,10,0,GCAATAGCGGGGACTGCGAT,10,3954298
xdhAp1,11.0,10,0,GAGTCTCATGAGGAGCTTAT,10,3935857
xdhAp1,11.0,10,0,GAGAGACTATCCTGACCAAG,10,3950256
xdhAp1,11.0,10,0,CTAGGATGCGCTAAAGGTGA,10,3963546
xdhAp1,11.0,10,0,CGCGCGAGCAGATAACAGGT,10,3968209
xdhAp1,11.0,10,0,CAGGTGCTTCCACATGGCGC,10,3939952
xdhAp1,11.0,10,0,CACTTGTTCAAAGGGCCTCA,10,3960467
xdhAp1,11.0,10,0,ATTTGGGTATTCAATAGCTG,10,3930161
xdhAp1,11.0,10,0,ATGAGGTCGGGACTATGGAG,10,3964816
xdhAp1,11.0,10,0,AGGATCCGGTTAAAAGAATA,10,3981440
xdhAp1,11.0,10,0,AGAATAATGTAGACCCTAGG,10,3933838
xdhAp1,11.0,10,0,ACGGTCCTGTCTAACCTGGT,10,3934548
xdhAp1,10.0,9,0,TTTTACATCTGTGCGCGGGC,9,3966039
xdhAp1,10.0,9,0,TTGGGTACGGCGGACCTGAT,9,3941355
xdhAp1,10.0,9,0,TTGCCCAAAGTGGCAAAACA,9,3976690
xdhAp1,10.0,9,0,TTAAAGTCAGCAGGAGAGTC,9,3945927
xdhAp1,10.0,9,0,TGTCCAAACGGTTGCGGTTA,9,3934394
xdhAp1,10.0,9,0,TATGAGCCCCGGGATACATC,9,3956314
xdhAp1,10.0,9,0,TATCCTGCCACCGTCTCGAC,9,3970909
xdhAp1,10.0,9,0,GTGAGAAACTACGCGTGACT,9,3947178
xdhAp1,10.0,9,0,CTGGCTCACTTTCATCCGCA,9,3981229
xdhAp1,10.0,9,0,CTCCGGTGCGCCACAAGACA,9,3977679
xdhAp1,10.0,9,0,CTAGTTGAACTTTCTGGCTA,9,3964436
xdhAp1,10.0,9,0,CTACACGACCAGCCGGTAGA,9,3942420
xdhAp1,10.0,9,0,CATTAGAAGTCAGATAGTAG,9,3946033
xdhAp1,10.0,9,0,ATTCTACATCTTACGGTTAT,9,3971825
xdhAp1,10.0,9,0,AGTTAGTCCCACGAACGAGA,9,3976223
xdhAp1,9.0,8,0,TCTGACTAAACGCGACACAC,8,3949575
xdhAp1,9.0,8,0,TAAGACCGTCGGAGTGTTAC,8,3964968
xdhAp1,9.0,8,0,GTTCCGATTCCAAAGTGAAC,8,3965310
xdhAp1,9.0,8,0,GTCGTAGTCAAGAGTTTGAC,8,3960911
xdhAp1,9.0,8,0,GTCAGTGCGTGGTTAGATCA,8,3931856
xdhAp1,9.0,8,0,GGTAGGCAGGGCTATGGCAT,8,3949446
xdhAp1,9.0,8,0,GGGTACCGTTGCTTGATTCA,8,3966215
xdhAp1,9.0,8,0,GATGTAACCGTCGCCTTCGG,8,3931169
xdhAp1,9.0,8,0,GAAGAAAGCCTATGCATAGA,8,3975222
xdhAp1,9.0,8,0,CTTTTATCCCTGACGTGCAA,8,3939038
xdhAp1,9.0,8,0,CTTTATCTGTGAGGCCCGTC,8,3973850
xdhAp1,9.0,8,0,CGTCGTAGGGTAGCGACAAA,8,3930511
xdhAp1,9.0,8,0,CGCCAACTTAATGTCAGGTG,8,3961884
xdhAp1,9.0,8,0,CCAACACATGCCTTTTGGGT,8,3936986
xdhAp1,9.0,8,0,CATGTGCGCGTTTTTTCCAT,8,3929766
xdhAp1,9.0,8,0,CACCTTTGTTACCTTCAATT,8,3946468
xdhAp1,9.0,8,0,ATCACAGTGCACTCACGAAC,8,3957050
xdhAp1,8.0,7,0,TCTCATTAAAAGAAGAGCTG,7,3951691
xdhAp1,8.0,7,0,TCGGACAGGGTTTCATTCTA,7,3934264
xdhAp1,8.0,7,0,GCTCGGATTGGTCTGACGAT,7,3938120
xdhAp1,8.0,7,0,GAAGAATCCCACTCTTCCAT,7,3938762
xdhAp1,8.0,7,0,CGAACACTACGGCCTCTCTG,7,3960732
xdhAp1,8.0,7,0,ATCCATTTACCTCGCTTCCT,7,3951921
xdhAp1,8.0,7,0,ATATGCGCACAGACGCGGAA,7,3955231
xdhAp1,8.0,7,0,ACTAGGGGCGAGATCTTCCA,7,3957515
xdhAp1,8.0,7,0,AACTAGGATATCTCCGTTAT,7,3981270
xdhAp1,7.0,6,0,TGTCCAGTCAAACCAAAGCA,6,3976945
xdhAp1,7.0,6,0,TGGTGTCTTCTCCGAGCCTG,6,3958293
xdhAp1,7.0,6,0,TATAGTACAATTAGACGTCT,6,3934339
xdhAp1,7.0,6,0,TACTTTGTACGTTTTCTCCC,6,3953517
xdhAp1,7.0,6,0,GCTATTCGGCACACGTTCGC,6,3968397
xdhAp1,7.0,6,0,GATGAGCGGTATGTGTGGGT,6,3948184
xdhAp1,7.0,6,0,GAACCGCGCTCTTAAGCTAC,6,3939658
xdhAp1,7.0,6,0,CGAAGTCAGGTAAACGTCGT,6,3969008
xdhAp1,7.0,6,0,CATAAACATATCTAATCTAC,6,3979598
xdhAp1,7.0,6,0,CAAGGGCCGTATCATGCTAT,6,3971249
xdhAp1,7.0,6,0,AGATCTCTCGCCAGGGCGCC,6,3969326
xdhAp1,7.0,6,0,ACGAATTCCGCTGCCATTAC,6,3949212
xdhAp1,7.0,6,0,AATGCGCCGACAAGAGAAAC,6,3967751
xdhAp1,7.0,6,0,AACTTTGACTTATGGTCATA,6,3964034
xdhAp1,6.0,5,0,TGGGGGGCTTCAACCGTGCA,5,3944750
xdhAp1,6.0,5,0,TCGTGAGCCAGGTCCCCAGG,5,3940763
xdhAp1,6.0,5,0,TCGCATAATACAGACTATAC,5,3938126
xdhAp1,6.0,5,0,TCCATAGTTTAGCAAAGGAT,5,3962623
xdhAp1,6.0,5,0,TAATATTAGTATGAACAATC,5,3977016
xdhAp1,6.0,5,0,GTCCCTATTATTGATACTGA,5,3955331
xdhAp1,6.0,5,0,GGTGTCAGACGCACAAGGGT,5,3937753
xdhAp1,6.0,5,0,GGTGATAATAGCAGGGTCCT,5,3946243
xdhAp1,6.0,5,0,GGGGCCGAGTGAACTCGTAG,5,3951564
xdhAp1,6.0,5,0,GCTGGATCGCGCCGGTCTTG,5,3947012
xdhAp1,6.0,5,0,GCTAGTGGGAGGAGAGGTGG,5,3930541
xdhAp1,6.0,5,0,GATTTGGTCGCACACGACAA,5,3959890
xdhAp1,6.0,5,0,CCAGGTGGTACCCCGACATA,5,3949856
xdhAp1,6.0,5,0,CCACTATTCTACTCAGATGC,5,3947723
xdhAp1,6.0,5,0,ATAGCCTCTAGGTATTTTGA,5,3949216
xdhAp1,6.0,5,0,AGCAGATGCACGTGGTCCGT,5,3946944
xdhAp1,6.0,5,0,ACATAAACTACTCCCGCTGC,5,3929223
xdhAp1,5.0,4,0,TTTTATTGGTCTCGTTGGGT,4,3948837
xdhAp1,5.0,4,0,TCAAGAATGTCACTCGACCT,4,3972253
xdhAp1,5.0,4,0,TAAAATCCCTTGATGGCGCT,4,3972567
xdhAp1,5.0,4,0,GTATCTGAATCCATCTCGTT,4,3941110
xdhAp1,5.0,4,0,GTAGTCTGGAGTTACGACAT,4,3957656
xdhAp1,5.0,4,0,GGCAGATCAGCTCCTACCCG,4,3949365
xdhAp1,5.0,4,0,GGATAGCGTTAGGTCAATAA,4,3929209
xdhAp1,5.0,4,0,GCATGATCTCAGGCCGAGCG,4,3931435
xdhAp1,5.0,4,0,CGAGGCTTGCGGCGGTCGCT,4,3943171
xdhAp1,5.0,4,0,CGACGTCGCGCCGGCTACGA,4,3961328
xdhAp1,5.0,4,0,CAAGCATACTTGTGTACGGC,4,3929361
xdhAp1,5.0,4,0,ATAGCCGGGGATGTAAGGAT,4,3971700
xdhAp1,5.0,4,0,AGTGTCGCATTCGAGGGATA,4,3964284
xdhAp1,5.0,4,0,AGTCCTTTGGGCAGTTTGCG,4,3980672
xdhAp1,5.0,4,0,AAGGGGCAAATCCAGCAAGA,4,3932174
xdhAp1,5.0,4,0,AAGCGAGCAATTACGCCATT,4,3948726
xdhAp1,5.0,4,0,AACTGAAGCCCTAATGGCGT,4,3968762
xdhAp1,4.0,3,0,TTAAACGAGTTTCTCAAGAT,3,3935219
xdhAp1,4.0,3,0,TCGGTGGATTACTATCGGCC,3,3948746
xdhAp1,4.0,3,0,TCAGATGTGCCTAAATTCGA,3,3939400
xdhAp1,4.0,3,0,TATAAACGGGCGTACTCTCA,3,3952203
xdhAp1,4.0,3,0,GTTACCCTGCGTAATGACGG,3,3954896
xdhAp1,4.0,3,0,GTGGGGCATGCCGGCGCGGC,3,3964208
xdhAp1,4.0,3,0,GGAGCACAAGGCGGTGCGAA,3,3929051
xdhAp1,4.0,3,0,GCGGTTTGGGAATCCACGTC,3,3948985
xdhAp1,4.0,3,0,GCCATGGGTCGTCTTGTAAA,3,3936479
xdhAp1,4.0,3,0,CTTTGCATACTTGAGGTTAA,3,3954395
xdhAp1,4.0,3,0,CTTCCCCGCTCTGTGACATA,3,3941365
xdhAp1,4.0,3,0,CTCGGAATGATATCCTCTGT,3,3942573
xdhAp1,4.0,3,0,CCGGAACAAGGGCTCCGGAT,3,3941710
xdhAp1,4.0,3,0,ATATTTATAGCAACGCGGGT,3,3974362
xdhAp1,4.0,3,0,AGAGGCAACTGATCTGCCAG,3,3932951
xdhAp1,4.0,3,0,AGACCTAAGGCCATACAACG,3,3935910
xdhAp1,4.0,3,0,AAAGTAGACCCGGAATGACG,3,3966535
xdhAp1,3.0,2,0,TTTTGTGGACGCCTTTCACG,2,3965325
xdhAp1,3.0,2,0,TCTCGTTAACAAGTGTGCAA,2,3954399
xdhAp1,3.0,2,0,TCGGTCGTCTCCCAACAAAG,2,3972084
xdhAp1,3.0,2,0,TCATACTTGAATGAGCAGAC,2,3967852
xdhAp1,3.0,2,0,GTACTCCATGCTTTCAATAT,2,3931423
xdhAp1,3.0,2,0,GTAATAGTAGCTCCTCCCTA,2,3976721
xdhAp1,3.0,2,0,GGCCACTTAAGGCACGGAGT,2,3953746
xdhAp1,3.0,2,0,GCCTGACATGAGTTCTTCTG,2,3981266
xdhAp1,3.0,2,0,GCAACTTGTAATTTCATTCT,2,3964445
xdhAp1,3.0,2,0,GAATTATATCATAAGTTTCT,2,3948203
xdhAp1,3.0,2,0,GAACCTGAGTATATGTGATT,2,3942977
xdhAp1,3.0,2,0,CGGCGTCGCGGCGTCTCAGA,2,3957231
xdhAp1,3.0,2,0,CACGGGCGATAGTTAGTTTC,2,3975370
xdhAp1,3.0,2,0,CAAATGCTAGCGCGCCCCGG,2,3966827
xdhAp1,3.0,2,0,ATGAGATGGGATCATGACCA,2,3977127
xdhAp1,3.0,2,0,ATATACAGACCTCCAGATAT,2,3934995
xdhAp1,3.0,2,0,ACCTAAAGGGATGGGGTGCT,2,3972172
xdhAp1,3.0,2,0,AAATGTTTGTGTACAAAAAG,2,3971851
xdhAp1,2.0,1,0,TTTGACATTATCTATCTGGA,1,3968989
xdhAp1,2.0,1,0,TTGGTGTATTGACGTACTCT,1,3937650
xdhAp1,2.0,1,0,TCTACAGTGCATCTTTACAC,1,3935784
xdhAp1,2.0,1,0,TCGATAGACCATAGTCCGAT,1,3955404
xdhAp1,2.0,1,0,TCCTTCGGGCTTTAATAACA,1,3936335
xdhAp1,2.0,1,0,TCCACTTTGTGCAACATTCA,1,3943645
xdhAp1,2.0,1,0,TATAAGCTCAAGAGTTGTCC,1,3944355
xdhAp1,2.0,1,0,TACCGGAGGAATCTAGGGGT,1,3950232
xdhAp1,2.0,1,0,TAATTGTTAGGTACCCTAAT,1,3976409
xdhAp1,2.0,1,0,TAATATTCGCACCTCCTTCT,1,3930064
xdhAp1,2.0,1,0,GTGATGCCGGATACTATTAC,1,3936225
xdhAp1,2.0,1,0,GGCATACAAGAGCAACTACA,1,3938297
xdhAp1,2.0,1,0,GGATCCAGGAGCATTACATT,1,3948602
xdhAp1,2.0,1,0,GGAACCCTACCGATCAACGG,1,3961657
xdhAp1,2.0,1,0,GCTGCTAAGTGAGGGTCGGT,1,3949926
xdhAp1,2.0,1,0,GCTAGCGATGGTCAAAGTCG,1,3953162
xdhAp1,2.0,1,0,GAGGTATACTCGATGCCGGG,1,3951447
xdhAp1,2.0,1,0,GACGCTGTTGATGTGTTTCT,1,3952864
xdhAp1,2.0,1,0,CTCAGCCTGTGCAGCTGGCA,1,3940317
xdhAp1,2.0,1,0,CTCAAGTGCACCGGTCTGTA,1,3947005
xdhAp1,2.0,1,0,CGCATCAACGCGCTGGAGAT,1,3960822
xdhAp1,2.0,1,0,CGATTGTCCTAAGGGCATCA,1,3948012
xdhAp1,2.0,1,0,CGACCACGGGCATCTCGGAT,1,3980619
xdhAp1,2.0,1,0,CGACACTCCAGTTGACCTCC,1,3951150
xdhAp1,2.0,1,0,CCGGGTCTAACAAGGTCCCC,1,3947793
xdhAp1,2.0,1,0,CCAGCTCTTTCTTGGTTCTA,1,3977188
xdhAp1,2.0,1,0,CATCGGCAGCGGGTTCCATC,1,3930293
xdhAp1,2.0,1,0,CATCAAGCATCTTTCGTCAC,1,3957765
xdhAp1,2.0,1,0,CAGGCGCGTTAGCGTGTGGA,1,3934400
xdhAp1,2.0,1,0,CACACCACAGACCGGCCACT,1,3950804
xdhAp1,2.0,1,0,ATTGCGTTGAATGTTACGTA,1,3968992
xdhAp1,2.0,1,0,ATGACAGATTACAGTCGTGG,1,3970062
xdhAp1,2.0,1,0,ATCCCGTACCCAGGGAGGCC,1,3963368
xdhAp1,2.0,1,0,AGTAGGTACACATCTCTGTC,1,3956945
xdhAp1,2.0,1,0,AGAACTCGTCTCAACGAGCC,1,3952482
xdhAp1,2.0,1,0,ACTTCTGTCCTGGCACGCGA,1,3939277
xdhAp1,2.0,1,0,ACGGTAATTGACGCCTGGTA,1,3971584
xdhAp1,2.0,1,0,ACATACGAAGATGGCTGGGT,1,3940970
