name,relative_counts,ct,ct_0,barcode,ct_1,barcode_ind
furpa,0.7804878048780488,71,40,TTATTGCCTATTGAAATCAA,31,1294251
furpa,3.128205128205128,159,38,GTCCCACTCTGCAGAGTGCA,121,1287571
furpa,0.3157894736842105,48,37,TACCGACATGCAAAATGACA,11,1346229
furpa,0.21739130434782608,26,22,CCCACAGCCCACACTTAAAT,4,1277481
furpa,1.375,36,15,CTCAAGCGTAGGTACCATAG,21,1271922
furpa,0.5833333333333334,17,11,CCTTTTTGTAGGCCAATTGT,6,1276754
furpa,1.8181818181818181,29,10,TCAACACAATGTTTTGCAGG,19,1294478
furpa,0.7272727272727273,17,10,ACCTCGCCACAACAAGAGGT,7,1345370
furpa,2.111111111111111,26,8,GTGCGCATTTCAGGCTCTTT,18,1272733
furpa,1.75,20,7,GGGCACTCAATCTTTGGACT,13,1282930
furpa,6.625,59,7,GATCGTCGAGCCTATGTATA,52,1304606
furpa,0.625,11,7,CTCTGTCTATTGGCTTATGG,4,1352290
furpa,4.0,33,6,TGTTGAACGAGGTTCTAATG,27,1293037
furpa,0.2857142857142857,7,6,GGTCAACACTCGCGATACAT,1,1311990
furpa,1.7142857142857142,17,6,GGAAAGTTAAGACCGTGTGC,11,1286822
furpa,1.7142857142857142,17,6,GAAATGTGGTTGGCTGATGA,11,1329132
furpa,2.5714285714285716,23,6,CTGATCACAGTCCGTCACTC,17,1333665
furpa,2.5714285714285716,23,6,CATTTCTAGGTCGGTAGATT,17,1281187
furpa,0.7142857142857143,10,6,CAACTCGTGCCATCCGCTCA,4,1313066
furpa,0.7142857142857143,10,6,ATTGTACATACCTTAGTTTC,4,1284860
furpa,1.0,12,6,ATTCCGACTTGCAACGCAGA,6,1343646
furpa,1.0,12,6,ACTTTTAATCTGGTCTTCCG,6,1276174
furpa,2.0,19,6,ACTCCTCAGCGATCCTGCAG,13,1334602
furpa,0.3333333333333333,6,5,TGTTGTTCGAGGCCTCTGAG,1,1313311
furpa,3.6666666666666665,26,5,TGGTCTGTCTAGGTACCGGA,21,1288801
furpa,2.1666666666666665,17,5,TCACGCAGCGGTTCGGACAA,12,1274790
furpa,0.3333333333333333,6,5,TCAACCCGGGAGCCGGAACA,1,1271774
furpa,5.0,34,5,TAGGTCGGATCACTCGTGTA,29,1276917
furpa,8.0,52,5,TAAGTATGTGACATCGCAAG,47,1279440
furpa,1.5,13,5,GTCCGTCGAAGTAGATAGCT,8,1323382
furpa,1.8333333333333333,15,5,GGTCCAGTGCCTGGGTCTTC,10,1288727
furpa,8.833333333333334,57,5,GGGGACAAAGATGTCTCAGA,52,1277952
furpa,2.8333333333333335,21,5,GGGCATGATCCTGAAGCCGA,16,1306694
furpa,2.6666666666666665,20,5,GGCTCGAGGATGTTCATCCT,15,1291187
furpa,2.0,16,5,GGCTACGCCCGCGAAGACTA,11,1282932
furpa,2.1666666666666665,17,5,GCTGGCTTCACTCAAATTAT,12,1285635
furpa,0.3333333333333333,6,5,CTACAGTAGGGTTTGCCACA,1,1279801
furpa,7.833333333333333,51,5,CGCCTCGCCACTTGTTCGTT,46,1297177
furpa,1.0,10,5,CGACCTCCCTCGGTGGATTT,5,1294410
furpa,4.5,31,5,CCAGTGGGTAGCGTTAATTG,26,1308652
furpa,0.8333333333333334,9,5,CAACAGAGACTGTGTATGAT,4,1313578
furpa,1.1666666666666667,11,5,ATTCCAACTTCAAGACTGCC,6,1294050
furpa,1.5,13,5,ATTCAGTTTGAGTTACAGCT,8,1272524
furpa,3.0,22,5,ATCTGAACGGGATTGCTTAA,17,1298113
furpa,1.1666666666666667,11,5,AGGAGGTCTCGAAATAGCGC,6,1284812
furpa,3.8,22,4,TTGCCAACTTATCGATCGTG,18,1282363
furpa,2.4,15,4,TTGAGTTTGGTCACTTCTCC,11,1290039
furpa,0.4,5,4,TTCTGTTTAGTACTCTGTCA,1,1315468
furpa,3.0,18,4,TTCCATGACGATAGGGCCTA,14,1310233
furpa,1.0,8,4,TGTCATCCCAGTAGGCAGCA,4,1271323
furpa,2.4,15,4,TGGACAGTTGACCGTCCTCG,11,1349800
furpa,1.8,12,4,TGCGCGAGTTCTGCCGAATT,8,1305861
furpa,4.8,27,4,TGCCATAGTGACTGGCATCG,23,1276106
furpa,5.4,30,4,TCGAAAATTTCTGCATGTGA,26,1278849
furpa,2.2,14,4,TCAAGTCCGCTCGTTGGAAT,10,1295480
furpa,2.4,15,4,TAGCATTTTTAAGGGTTCTG,11,1285464
furpa,8.2,44,4,TACCTCGCGGACCTGAGATA,40,1305630
furpa,3.2,19,4,TAAAGGGCTAAGAGCTACAG,15,1314280
furpa,2.6,16,4,GTTAACCCCATGCAAACTAA,12,1273532
furpa,1.2,9,4,GTGAATGCCTCCCCGTAATC,5,1299539
furpa,3.0,18,4,GTACGTTTTAACTGACGTCT,14,1341022
furpa,1.4,10,4,GGCGAAGACATGTGGTGATT,6,1325216
furpa,7.2,39,4,GCATGGTGCCACCGCTAGGT,35,1352731
furpa,0.6,6,4,GCATACTATTGAGTAATATT,2,1296917
furpa,3.4,20,4,GATAAACGTCTGCGGAGATC,16,1315255
furpa,4.4,25,4,GACCCCGGTGACAAGGACCG,21,1302955
furpa,4.0,23,4,CTAGTCACACTGGCGCTTTG,19,1303281
furpa,0.8,7,4,CTACCAACACTCGTACACTC,3,1331969
furpa,30.6,156,4,CGGCACATGGGAAGTCGGAT,152,1275692
furpa,18.0,93,4,CGCAGCAGGCTTAGACGAGT,89,1290098
furpa,4.2,24,4,CGCAATAAGGTGCGCAGATT,20,1310787
furpa,0.6,6,4,CCCGACGATTGGCACTCAAC,2,1341232
furpa,1.4,10,4,CATGCGGGGAGTGTATCGAG,6,1320867
furpa,0.6,6,4,CACAGATACCCTCAGACTGG,2,1328923
furpa,7.2,39,4,CAAGTTAGAAAGTAACCCCA,35,1276577
furpa,4.4,25,4,CAACTAAAACTCTGCGGTCA,21,1289594
furpa,1.8,12,4,ATTTGAAAGTTGGCCCCTCT,8,1310337
furpa,1.8,12,4,ATCTAATCGTTAACCCTGGA,8,1294148
furpa,1.4,10,4,ATCGCTAGCTAGCACTCATG,6,1304203
furpa,2.2,14,4,ATAACGTGATCTTTCGGAGT,10,1294995
furpa,12.8,67,4,AGTAATTTCGTCAGAGCATG,63,1347008
furpa,2.4,15,4,AGCCTTGATTCGATTTAATT,11,1355969
furpa,2.6,16,4,AGCCTAGCAACGCTCAACTC,12,1290529
furpa,3.2,19,4,AGCCAATCCGACGCAATCAC,15,1293002
furpa,1.4,10,4,AGCATGAGCGATGTACTATA,6,1328643
furpa,3.2,19,4,ACCACAGCCGTGGCTGCGTG,15,1336199
furpa,0.8,7,4,ACAGCTACCTAGGACTGGTT,3,1348837
furpa,7.8,42,4,ACAACCGTGTCCTGAAGTGC,38,1286030
furpa,12.6,66,4,AAGCGTTGAGAGAGCGCAGA,62,1352499
furpa,2.5,12,3,TTTTGTTTCAAGACACCCTC,9,1328076
furpa,1.25,7,3,TTGTAACGGAATTGAAACAG,4,1305306
furpa,11.25,47,3,TTAGTGCCAAGAAGGTCGTC,44,1352152
furpa,5.25,23,3,TTACCTATGAGGCTCTAGTG,20,1283876
furpa,2.25,11,3,TGTGGCTTCGTAGGGTAGTA,8,1308768
furpa,0.5,4,3,TGTAATGGATGGCTCGCACT,1,1299281
furpa,6.5,28,3,TGGGTTTTTTGGTGCCCTCA,25,1350265
furpa,3.25,15,3,TGCGGACTTAACCTATCGAA,12,1283440
furpa,5.75,25,3,TCACGGCCTCCTAAGCCGTT,22,1316524
furpa,8.5,36,3,TATGGCGGACGGGGTTATTA,33,1323803
furpa,2.25,11,3,TATCGGCTGTATGATTAGCT,8,1292670
furpa,2.0,10,3,TAGTCCGGCTACAACCATCA,7,1340370
furpa,2.0,10,3,TAACAAGGCAAGTATCCGGT,7,1345040
furpa,5.5,24,3,GTAGTAGGTAGACGGTACGG,21,1299520
furpa,2.0,10,3,GTAGTAATTTTCGGTTGCCT,7,1327403
furpa,1.25,7,3,GGGTATGAATAATAATGGCT,4,1278915
furpa,7.5,32,3,GGGGTAGGTTGGGATACGAT,29,1347632
furpa,5.5,24,3,GGGACTTCGGTGTTTTATTT,21,1271177
furpa,2.0,10,3,GGAGAGCAGATGTGTCTCCT,7,1322848
furpa,6.5,28,3,GCGTCCCGGTAGTAACACGT,25,1328294
furpa,10.0,42,3,GCCGAAAGCGCTCCATAAGA,39,1308281
furpa,5.0,22,3,GCCCTGCCTAGTCACATGGT,19,1319429
furpa,6.0,26,3,GCACGCGGTCTAACATCCCT,23,1284062
furpa,0.75,5,3,GATTCGGCAGCACGTACGCG,2,1331090
furpa,4.5,20,3,GATAGAGACCCGTCTCGTCT,17,1326444
furpa,4.25,19,3,GAGATGTAGCAAATGCACCG,16,1280440
furpa,4.25,19,3,CTTGAAACCGGCCTGCGACT,16,1315364
furpa,1.75,9,3,CTGCGTCAATGAAGGGCACT,6,1318732
furpa,4.5,20,3,CTGCAGCGCCGGGATACGAG,17,1272066
furpa,11.5,48,3,CTGCAAAGGTGCGTCGACGG,45,1288384
furpa,5.75,25,3,CTCGGTCACCTGGCGTTTCT,22,1317788
furpa,0.5,4,3,CTAGCATACGCAGAGAGGTA,1,1289770
furpa,1.5,8,3,CTACCATATCCGTCTTCAGT,5,1322169
furpa,5.75,25,3,CTACATTGAGCTTCATGGGT,22,1286287
furpa,4.5,20,3,CGTGTACACGGAAACAAGCA,17,1305273
furpa,5.25,23,3,CGGTTCTTCCGAGGACTTCG,20,1271990
furpa,1.25,7,3,CGGCTCCCCATGGCATCCCG,4,1354085
furpa,2.0,10,3,CGCACGCGTTTATTCCGCAT,7,1308113
furpa,5.25,23,3,CGAGATCGAAAGCATAGATT,20,1284809
furpa,3.25,15,3,CCTGGTCTCAGCTGACTTCG,12,1339931
furpa,3.25,15,3,CCTCTAGCAGCGTTTACTAG,12,1322688
furpa,2.5,12,3,CCTCACCCGACTGGCATCAT,9,1310751
furpa,6.25,27,3,CCGTGGTTTGGGAACGGAAC,24,1342427
furpa,4.5,20,3,CCGAGGTCAAGCTTTCTGCG,17,1346644
furpa,2.25,11,3,CCCGGTTAGGACTTTCCCCA,8,1309987
furpa,1.75,9,3,CCCAGTCACACTTAGCGCCA,6,1341557
furpa,3.0,14,3,CCAGGGGGTTGTCCAGTGAA,11,1290027
furpa,0.5,4,3,CCACTTCTGTGAGCACTAGC,1,1294769
furpa,3.5,16,3,CACGATCCGGTCCGAATAAT,13,1274092
furpa,8.75,37,3,CACCTTCATCTGTCACGGCC,34,1297097
furpa,1.5,8,3,CACCCAGGGCCTGACGTTGG,5,1301355
furpa,0.5,4,3,CACACGCACCACATCTATTT,1,1279522
furpa,6.25,27,3,ATTTAGGGCAGCCATATCGT,24,1290668
furpa,0.75,5,3,ATGCGATCAGATAGGCGCCA,2,1337284
furpa,0.75,5,3,ATACCTTAAGAAGTAACTGA,2,1302518
furpa,2.25,11,3,AGTGAGCCAATTCCTCCGCT,8,1271175
furpa,0.5,4,3,AGGGCCATCAAAGAACGATT,1,1340273
furpa,6.25,27,3,AGGGAGCTGTCTACGTAGAA,24,1296685
furpa,4.5,20,3,AGGATCCGGCATCTGGTACA,17,1286758
furpa,2.75,13,3,AGCTGTATTCTTAGACCTGT,10,1357014
furpa,5.5,24,3,AGCGGTAAAGGCAGAGACTT,21,1280697
furpa,10.75,45,3,ACCGGATGCACGTGACTTTC,42,1288383
furpa,0.5,4,3,ACACGTCGTCTAGGTTCTCT,1,1306500
furpa,6.75,29,3,AACCCCTCATCCCAAACTGG,26,1333922
furpa,9.0,38,3,AACATGGTCGTGTTCGTAAG,35,1297103
furpa,4.25,19,3,AAACCCGTAAGCACCTGGCC,16,1290687
furpa,1.0,4,2,TTTCATTGCTTGGTTTCTGT,2,1327028
furpa,6.0,19,2,TTTAAGAGGTTAGGTTCCAA,17,1276503
furpa,3.3333333333333335,11,2,TTGTCCATTCACCGGCTTGG,9,1324614
furpa,3.3333333333333335,11,2,TTGCACTCCGTCTTTAATAA,9,1292282
furpa,4.0,13,2,TTCGGCTTAAAGATCGTATA,11,1301847
furpa,3.6666666666666665,12,2,TTCGGACATATAACCGACGC,10,1342941
furpa,1.3333333333333333,5,2,TTCAAAGAATGCCTTGGTTC,3,1322167
furpa,8.0,25,2,TTATCGGGTTGCCGGAATCT,23,1283610
furpa,4.0,13,2,TTACCCTGATCTGGAGCGGT,11,1340539
furpa,5.333333333333333,17,2,TTAAGGTTATCGGCTAAGCC,15,1312719
furpa,2.3333333333333335,8,2,TGTTATGCAGTGGTTGACTC,6,1272103
furpa,8.0,25,2,TGTATTGTAACGATACGCAA,23,1326472
furpa,28.666666666666668,87,2,TGTAGATATGCGGGGCCGCA,85,1288202
furpa,0.6666666666666666,3,2,TGGGTAGTGTATCTTCACGG,1,1332336
furpa,10.0,31,2,TGGACGTGCAACGAACCCTT,29,1342985
furpa,2.0,7,2,TGCCGTATGCATCATTTGCG,5,1309592
furpa,0.6666666666666666,3,2,TGCAGCCGGTTCTTTAAGAA,1,1284473
furpa,0.6666666666666666,3,2,TCGTGGTGTTAGTTGAAAAC,1,1275238
furpa,7.666666666666667,24,2,TCGCGATGTATGAATGCGAT,22,1299770
furpa,7.666666666666667,24,2,TCGAAAGTCAGCCCGTGTTG,22,1334249
furpa,7.0,22,2,TCCGAAACTGGTGTTACGTG,20,1288671
furpa,4.333333333333333,14,2,TCCCTTGACAGCATTCGCAT,12,1332307
furpa,4.0,13,2,TCATTACCGGAACTTAGTTA,11,1284188
furpa,2.6666666666666665,9,2,TCATCAACTGCATGGGTCAA,7,1316128
furpa,1.3333333333333333,5,2,TCAGTTCAACAGCTTACCAT,3,1274168
furpa,5.666666666666667,18,2,TCAGGGGACCTGTGGGAATC,16,1313358
furpa,4.0,13,2,TCAACCCTTAGGCAAGCCTG,11,1316922
furpa,2.0,7,2,TATTGAAACGGCGGAACGAC,5,1295604
furpa,3.3333333333333335,11,2,TATTCACGCGTATTACGGTA,9,1271886
furpa,3.6666666666666665,12,2,TACGGCCCATTACATGCCTT,10,1310530
furpa,3.3333333333333335,11,2,TACAGCTTTGAGCCAACATC,9,1283439
furpa,2.0,7,2,TAATGGCTGTTGTAATCTTA,5,1291799
furpa,3.0,10,2,TAATATCGTAACGCCAGACT,8,1283374
furpa,1.0,4,2,TAACCTAATTCGCTATTTCT,2,1320038
furpa,2.6666666666666665,9,2,TAACACGTCCGTCAGGGGAT,7,1319551
furpa,3.6666666666666665,12,2,TAAAATCTTTATACTTTGGG,10,1351262
furpa,11.0,34,2,GTTTAGTCGCGTTCGCGAAT,32,1318769
furpa,15.0,46,2,GTTGGGCTTACATGGAAGCA,44,1352117
furpa,5.666666666666667,18,2,GTTGCATCTCTCCTGTGTAC,16,1291074
furpa,0.6666666666666666,3,2,GTTCTACCGACAGGGCCGAG,1,1309743
furpa,3.6666666666666665,12,2,GTGGCCATGCTGGAGTGGCA,10,1339295
furpa,6.666666666666667,21,2,GTGAGAGGAGACTATTCTCA,19,1283317
furpa,1.0,4,2,GTGAGAAACCCCTGAACTTG,2,1277399
furpa,5.666666666666667,18,2,GTCTTTGCAGCCATTAAGTA,16,1346184
furpa,2.3333333333333335,8,2,GTCGGTATTCGCAGCTGTGC,6,1356644
furpa,0.6666666666666666,3,2,GTCCTCGTGCGCACCGCGTA,1,1312774
furpa,6.0,19,2,GTCCGGAAGCCCTGGCGATT,17,1307237
furpa,7.0,22,2,GTCACATACCTATGTTCTGT,20,1299222
furpa,2.0,7,2,GTATGCCGGTAAGTCCAGAG,5,1292150
furpa,6.333333333333333,20,2,GGTATTTGGGGGCGTCTAAA,18,1356531
furpa,10.333333333333334,32,2,GGGTGCAATAGTGTACGCGC,30,1288400
furpa,2.6666666666666665,9,2,GGGGCTTTTAAGGTTTCGGG,7,1312334
furpa,2.6666666666666665,9,2,GGGATTATAGGAGTTCGCAA,7,1301845
furpa,5.666666666666667,18,2,GGAGTTCAAAGAGTGCTCAG,16,1277290
furpa,4.333333333333333,14,2,GGAGTGACCGATCATGCCAT,12,1313310
furpa,8.0,25,2,GGACTTTAAGCGAAACCAGT,23,1343661
furpa,7.0,22,2,GGACAGGCGAAATCTGTAGG,20,1320594
furpa,7.333333333333333,23,2,GGAAAATGCGTATAATCATA,21,1275371
furpa,11.333333333333334,35,2,GCTCTTGGTAAAAGTTACAT,33,1327886
furpa,3.6666666666666665,12,2,GCTCTGGATAGTTCGAATGC,10,1299733
furpa,1.6666666666666667,6,2,GCGGTGTTTGGGAAGCTCAT,4,1330158
furpa,16.0,49,2,GCGCGACCGGATTTACCCGT,47,1313517
furpa,8.666666666666666,27,2,GCGCCATCTGCCACTGATGT,25,1330463
furpa,2.6666666666666665,9,2,GCCTAGCGGTGAGATTTCCT,7,1291554
furpa,3.3333333333333335,11,2,GCCGGTCGAGTATGAGATTA,9,1315871
furpa,8.333333333333334,26,2,GCAGATACGGGGGTCTACAA,24,1285462
furpa,1.3333333333333333,5,2,GCACGTCGAGGCAGACGTTT,3,1275237
furpa,1.3333333333333333,5,2,GCAATGTTCGACCCTAATAC,3,1275528
furpa,10.666666666666666,33,2,GCAATAGCAAATTACGTCAA,31,1294129
furpa,1.0,4,2,GCAAGCTCAGCGTACTTGGT,2,1272067
furpa,0.6666666666666666,3,2,GATTATCGAGCCTAAAGTTA,1,1308204
furpa,0.6666666666666666,3,2,GATACTGTTTGTAGGATTTA,1,1287643
furpa,14.0,43,2,GATACTCTCTTAGTTCCCGC,41,1333460
furpa,6.333333333333333,20,2,GAGAGCGGCGGATGGTGCAA,18,1327266
furpa,7.666666666666667,24,2,GACTTGCAAGACAACATTAT,22,1271937
furpa,7.0,22,2,GACTGGGAATTTTCTGAGCT,20,1306211
furpa,10.666666666666666,33,2,GACTAGCGCTTCCGCAGAGT,31,1281879
furpa,1.6666666666666667,6,2,GACGATAAGTATATGGGGGT,4,1315829
furpa,2.3333333333333335,8,2,GACCAGAAGGTTCACCTTGC,6,1350334
furpa,4.666666666666667,15,2,GAAAGGGTCTGAAAAACGTC,13,1311278
furpa,21.333333333333332,65,2,GAAAAGATCACGACGACTGT,63,1304899
furpa,6.333333333333333,20,2,CTTTGTCTTTCGACGTCTAT,18,1272212
furpa,7.0,22,2,CTTACATCCGACGCACAGTG,20,1352343
furpa,8.666666666666666,27,2,CTGTCGAAGCAATCTTTAGT,25,1308835
furpa,14.333333333333334,44,2,CTGGCTTGCCCCCGGGATCT,42,1347017
furpa,9.0,28,2,CTGGACCCTCCATTGTCCGT,26,1325353
furpa,6.0,19,2,CTGCCAATCCGTCAACACAT,17,1303787
furpa,5.666666666666667,18,2,CTGATCATCTGTGCGTCGAT,16,1355494
furpa,3.3333333333333335,11,2,CTGACCACAGTTCAGACGAA,9,1297894
furpa,0.6666666666666666,3,2,CTCGTATCACGATAGCCCGA,1,1292752
furpa,2.0,7,2,CTCCTCTTCCGCCCGCTGTT,5,1317789
furpa,10.0,31,2,CTCCCAGGTTATTACACCGA,29,1313724
furpa,3.0,10,2,CTCATCTCGCCGACACAACC,8,1353380
furpa,9.0,28,2,CTCAGCACGTCTCGCCTCAC,26,1307170
furpa,6.333333333333333,20,2,CTCACGTCCTGATCGGCAAC,18,1299104
furpa,4.0,13,2,CTAGCCTACAGTCACATTTG,11,1302873
furpa,13.0,40,2,CTAGCAGGTTTGGCAAACCA,38,1337239
furpa,3.0,10,2,CTAGAAACGCACTCTGTACC,8,1285320
furpa,2.3333333333333335,8,2,CGTCCCGATTTAAGGCCTGG,6,1307825
furpa,7.333333333333333,23,2,CGTCCCACAACGTACAACGC,21,1294994
furpa,0.6666666666666666,3,2,CGTATCTGACAAACGCCATT,1,1327249
furpa,8.666666666666666,27,2,CGGTCTCCGAGGCTTCGCTT,25,1333321
furpa,1.3333333333333333,5,2,CGGGATCGTTATGTTCGACT,3,1324365
furpa,6.333333333333333,20,2,CGCGTAGACCGTTCAGTCGG,18,1281504
furpa,13.333333333333334,41,2,CGCCAAGGGTCGCTTTATAT,39,1289800
furpa,4.666666666666667,15,2,CGCACCAAGCCACATGCGAT,13,1342635
furpa,5.333333333333333,17,2,CGAATGACTTGAGATCCTTA,15,1291555
furpa,5.0,16,2,CCTGGCGAGAACCAGTTGCA,14,1334235
furpa,3.0,10,2,CCTCGCGGGATTCTAGACCC,8,1272185
furpa,1.0,4,2,CCTCCAAATCTCGCCAACAA,2,1322355
furpa,4.0,13,2,CCTCAACATCATGGTACTTC,11,1299349
furpa,15.666666666666666,48,2,CCTAGTAAGCATTGGCTAGC,46,1320640
furpa,2.0,7,2,CCGCTGGCTTAACTAATAAC,5,1353369
furpa,5.0,16,2,CCGCCACAGAAAATTGGTAT,14,1323915
furpa,1.6666666666666667,6,2,CCGCATATGGCGGTCTCTGC,4,1349638
furpa,8.333333333333334,26,2,CCCTTGAAGTTAGACCCGAT,24,1307007
furpa,2.0,7,2,CCCGTAGAAATTCCTAGCAT,5,1294127
furpa,9.0,28,2,CCCGGTGCCGATGAAAGGGG,26,1308642
furpa,6.0,19,2,CCAGATATATCTGATTATTT,17,1272652
furpa,8.333333333333334,26,2,CCACTATTCATTTCCATAGA,24,1277186
furpa,0.6666666666666666,3,2,CCAACTGGGCTCCCACGGCT,1,1302438
furpa,2.3333333333333335,8,2,CATTTCTATTTGTATAAACG,6,1309003
furpa,3.3333333333333335,11,2,CATTCGCTAGGATTTATTTA,9,1343559
furpa,0.6666666666666666,3,2,CATTCAATGTTGCGCATCGT,1,1305932
furpa,4.666666666666667,15,2,CATTAGAAGCCGGATCCACA,13,1272225
furpa,7.333333333333333,23,2,CATGTTGCATGGCAGGTTAG,21,1280184
furpa,0.6666666666666666,3,2,CATGTGTCAAAGCTGAGCCC,1,1293144
furpa,3.6666666666666665,12,2,CATCGGGGGGCCTGGGGCCA,10,1283377
furpa,2.3333333333333335,8,2,CATCCCGCCGGGTCGCCTAC,6,1309846
furpa,4.666666666666667,15,2,CATATTGGGTACCTGGGCGA,13,1311147
furpa,7.666666666666667,24,2,CAGTCGCGTGTCTAATGCGT,22,1286875
furpa,5.0,16,2,CAGGTACGAACCCCCCAACA,14,1281570
furpa,8.666666666666666,27,2,CAGATCTCATTAAAAGTCTT,25,1331622
furpa,6.0,19,2,CACTAAGGCCTCCTTGCATC,17,1288961
furpa,1.6666666666666667,6,2,CACGGTATGATACTTGCTTA,4,1282478
furpa,5.666666666666667,18,2,CACGGCAGTAGTTGAGCGTC,16,1293946
furpa,0.6666666666666666,3,2,ATTCTAAGTTGAGTTTACCT,1,1272444
furpa,3.6666666666666665,12,2,ATTCGTTTGGAACTACGAGC,10,1327040
furpa,7.666666666666667,24,2,ATTACGCCTGTGTAATACTC,22,1276527
furpa,9.333333333333334,29,2,ATGGAAGGTGCGTAAGCAAA,27,1317848
furpa,6.333333333333333,20,2,ATGCGTTTACCGGTTTCGAT,18,1322994
furpa,2.3333333333333335,8,2,ATGAGCGTCCTGCCATACAA,6,1334344
furpa,3.6666666666666665,12,2,ATCTGCTAGGCTCGACTTCC,10,1340726
furpa,2.0,7,2,ATCGGGAACGTATCCCTGGG,5,1280640
furpa,1.0,4,2,ATAGTTGTTTATTTTAGGAG,2,1338281
furpa,0.6666666666666666,3,2,AGTTTTAGAAAATATGCTTG,1,1287665
furpa,6.666666666666667,21,2,AGTGTGGTTCAAATCCTCAA,19,1291813
furpa,0.6666666666666666,3,2,AGGTTGATAGGTGCGCTACA,1,1286671
furpa,10.0,31,2,AGGGACGATTTCTGTATTCA,29,1305631
furpa,4.0,13,2,AGGACTGCGTGGGTCTAACT,11,1339264
furpa,2.0,7,2,AGGACATATCCTTGCCTGCG,5,1298439
furpa,0.6666666666666666,3,2,AGGAACATTTCCTGTTCCCA,1,1335517
furpa,5.0,16,2,AGCGCTATGGACGTGCACGT,14,1344932
furpa,5.666666666666667,18,2,AGACAGCCCTTGGGCGTACA,16,1304233
furpa,0.6666666666666666,3,2,AGAAGGATGGGGAGCATGCG,1,1291505
furpa,7.333333333333333,23,2,ACTCTGATCCCGAGGCCGGG,21,1331364
furpa,7.666666666666667,24,2,ACTCTGAATGCGTCGGCGAA,22,1348733
furpa,8.333333333333334,26,2,ACGTCACTAAGGATGAGATA,24,1290028
furpa,2.6666666666666665,9,2,ACGGGAGGGTTTCAGGAAGT,7,1318085
furpa,8.666666666666666,27,2,ACGGAGCCTTAGGCATTCGA,25,1283683
furpa,5.0,16,2,ACGCTGGCGTGGCGTATACG,14,1347836
furpa,9.0,28,2,ACGAGACCAATGTTAAGGCT,26,1314933
furpa,2.3333333333333335,8,2,ACCACAAGACCCTGCATAAT,6,1354282
furpa,7.0,22,2,ACACTTCCCTTGCTAGTGAT,20,1298062
furpa,11.333333333333334,35,2,ACACGAGGAAATGTCATAAT,33,1292156
furpa,1.3333333333333333,5,2,ACACACTACTACATACTCTC,3,1341678
furpa,1.0,4,2,ACAATGTATCACAGACCTAC,2,1272164
furpa,0.6666666666666666,3,2,ACAATCGTCACGGAGAGTAG,1,1289964
furpa,12.0,37,2,ACAATCCTACTTGCTCGCCA,35,1347718
furpa,1.6666666666666667,6,2,AATCCTCTAGCTGGAGGGTT,4,1315578
furpa,16.0,49,2,AATCACCAAGAGCATCTCCT,47,1284470
furpa,4.333333333333333,14,2,AATACAATAGTTTTCCTGGT,12,1325367
furpa,2.6666666666666665,9,2,AAGGTGAACGATTCAAAATT,7,1274494
furpa,6.333333333333333,20,2,AAGGATCCGGAATGAGCCGC,18,1290894
furpa,0.6666666666666666,3,2,AAGCTTTACGTACTGCGGGT,1,1281503
furpa,0.6666666666666666,3,2,AAGCCGGTCTGGGTGCTGTA,1,1295425
furpa,6.0,19,2,AAGCAAGCCGCTCGACCCAG,17,1336771
furpa,5.333333333333333,17,2,AACGCAGTATATCACGCCGA,15,1284943
furpa,5.333333333333333,17,2,AACACTCATGTTTTGCGCCA,15,1289217
furpa,7.666666666666667,24,2,AAATGAGTGACCACGCACCC,22,1348372
furpa,0.6666666666666666,3,2,AAATATAATCGGCTTCGATT,1,1340911
furpa,4.666666666666667,15,2,AAACTCATGGGTTGCCCGCT,13,1328037
furpa,4.5,9,1,TTTTTATCCCGGACCCACCA,8,1280276
furpa,5.0,10,1,TTTTATGTAGGGATTTTCAT,9,1332078
furpa,2.0,4,1,TTTGTCTTAGATTCCGTTCT,3,1344011
furpa,6.5,13,1,TTTGCTGCGTCGAGGTTAAT,12,1279633
furpa,12.0,24,1,TTTCGTGTGGTCCCAAGGGT,23,1276716
furpa,16.0,32,1,TTTCGTCATGAGGGTGAGGA,31,1309330
furpa,11.0,22,1,TTTCGAGATGGTACATAAAC,21,1333502
furpa,16.5,33,1,TTTCCTGGCGTACGTAATGT,32,1309007
furpa,7.5,15,1,TTTCCCCCCGTTGCTTGGGG,14,1287170
furpa,7.5,15,1,TTTCATCGTAAACTCCACAG,14,1350675
furpa,2.0,4,1,TTTCAACAGCTTGACGAAAG,3,1306078
furpa,1.0,2,1,TTTACTTTGATTCGAATCCA,1,1336303
furpa,10.5,21,1,TTGTGGGCCTGCGAGTGCAT,20,1315370
furpa,4.0,8,1,TTGTGGCACAACTGGAATGT,7,1310397
furpa,12.5,25,1,TTGTCAAGTTGGCTAGGAAA,24,1284551
furpa,12.5,25,1,TTGGCTTACACACACCGACA,24,1336816
furpa,14.0,28,1,TTGCGTTAATAGCGAATAAC,27,1354895
furpa,16.5,33,1,TTGCGGAATACACTTAGACC,32,1331025
furpa,14.0,28,1,TTGCGCTAGTGGTATGATTG,27,1342347
furpa,6.0,12,1,TTGAGTTGTTGTTTGTGGTG,11,1308062
furpa,10.0,20,1,TTCTGATGTCCGCGTCCCAG,19,1271639
furpa,25.0,50,1,TTCTCTTAACACCAAGTATA,49,1306685
furpa,9.5,19,1,TTCGTGGAGGCCTTCCGAGA,18,1300465
furpa,19.5,39,1,TTCGGAGGAGCCCTAACCGG,38,1336064
furpa,6.5,13,1,TTCCTGATGGATAGGCGCCA,12,1277194
furpa,10.5,21,1,TTCATTTCGGTTGCAGCTTG,20,1283546
furpa,1.0,2,1,TTCAGTAAAACAAATAGGTT,1,1304692
furpa,2.0,4,1,TTCAGGATATTATCAAGTCT,3,1334622
furpa,3.5,7,1,TTATTGATAGTCACGCTGGT,6,1321170
furpa,1.5,3,1,TTATCCCCTCTCACGTTTCC,2,1286580
furpa,3.0,6,1,TTAGTTATGTGGGATTGGCT,5,1287437
furpa,7.5,15,1,TTAATTTGTGCTCATAGAAC,14,1340257
furpa,6.5,13,1,TTAATGAGCATCTTCATTAT,12,1331152
furpa,3.5,7,1,TTAACTAAGAGCATCGGTTT,6,1274547
furpa,13.5,27,1,TTAACCCAGCGTCCAGCCTC,26,1345387
furpa,9.5,19,1,TGTTGAGCTAAGAAACCTAA,18,1319030
furpa,1.0,2,1,TGTTAGCTTACCTGAAGCGT,1,1326826
furpa,4.5,9,1,TGTGTCTCTACCCGGCTCGG,8,1291597
furpa,3.5,7,1,TGTGGCAACTGGCATGACTC,6,1274002
furpa,6.5,13,1,TGTGATACCGGTTGGCACAG,12,1286364
furpa,5.0,10,1,TGTATAAACGTGCCTTCTAC,9,1279678
furpa,2.5,5,1,TGTAATTATATAAGACGTAA,4,1328364
furpa,12.0,24,1,TGGGACAAGATATCGATATG,23,1357035
furpa,4.5,9,1,TGGCCTCTTGCTATTCAAAT,8,1283496
furpa,8.5,17,1,TGGCCCGATCTGGGCCAGGC,16,1295606
furpa,1.5,3,1,TGGACTTGTTAAAAACCCAA,2,1354472
furpa,10.0,20,1,TGGAACTACTCGCATTCAGA,19,1272286
furpa,2.5,5,1,TGCTGTGGTAACCGGATCGC,4,1312594
furpa,6.5,13,1,TGCGGGCTGGACACCATAGT,12,1351661
furpa,12.0,24,1,TGCCTTCCGTACGAAGCTGA,23,1346421
furpa,10.0,20,1,TGCCTGACGGAGGCCAGCTT,19,1323814
furpa,5.5,11,1,TGCCGTCCTCTTGAGCAGAT,10,1309209
furpa,1.0,2,1,TGCATGGGTTGAATAATTAG,1,1290136
furpa,8.0,16,1,TGCAGTCACAATGAAGCGAT,15,1316335
furpa,6.0,12,1,TGCACGACATCAACGATCCT,11,1346018
furpa,4.0,8,1,TGAGTCATTGCGGCCTACTG,7,1275576
furpa,1.5,3,1,TGAGGTCTCAACGGGGGTTT,2,1297143
furpa,8.5,17,1,TGAATTACCTATCACCCCAA,16,1277256
furpa,1.0,2,1,TGAAACTCTCATGTCTGCGA,1,1335101
furpa,1.0,2,1,TCTTGGATCATACCCGGCAT,1,1288835
furpa,5.0,10,1,TCTTGCATTAATTGGACAGA,9,1284402
furpa,9.0,18,1,TCTTCGTATCGCAATATGGT,17,1329741
furpa,6.5,13,1,TCTGTCGGTCGATCTCGGCT,12,1341363
furpa,17.0,34,1,TCTGATCGTATTTTTCCATT,33,1330940
furpa,10.0,20,1,TCTCGACGCCTTGAATGTTT,19,1282444
furpa,2.0,4,1,TCTCCTAGGGCGTGGTCCCG,3,1337382
furpa,9.5,19,1,TCTCCCCTATAGGCCCACAT,18,1271216
furpa,1.0,2,1,TCGTTGACCCGGACTATACG,1,1321286
furpa,23.0,46,1,TCGTTAGCACTTTGTCTTCA,45,1328232
furpa,2.0,4,1,TCGTTACAGGCGTCTTACTT,3,1339763
furpa,3.0,6,1,TCGCTGATGCCACTGTACAG,5,1351466
furpa,12.5,25,1,TCGCAAGAGTCAAAGACACT,24,1290966
furpa,3.5,7,1,TCGACCCCGCCGGATTCGTA,6,1311699
furpa,28.5,57,1,TCCTTTGTGAGTGTTTCAAT,56,1316518
furpa,3.0,6,1,TCCGTCTTTTCAGCTCGTTT,5,1277651
furpa,6.5,13,1,TCCGCGCGCCTCTGAGCATG,12,1338052
furpa,12.0,24,1,TCCATGCAGCTATTCAAGGG,23,1286500
furpa,2.5,5,1,TCCACGAGACCGGGGAGAGA,4,1287994
furpa,4.5,9,1,TCCACCCTGATGGAATGACA,8,1278975
furpa,3.5,7,1,TCCACATACAAATATCCGTG,6,1354690
furpa,1.0,2,1,TCCACACTGGCGTAGTAACT,1,1320325
furpa,5.5,11,1,TCATTAATGGACGGGGGGTC,10,1323948
furpa,10.0,20,1,TCAGGTATTGGGTGAGGAGT,19,1303360
furpa,11.0,22,1,TCAGGATTGTTTCGGGTCAG,21,1333978
furpa,8.5,17,1,TCAGCGCTTAAACTACTGAC,16,1284944
furpa,12.0,24,1,TCAGATCGGTTACTCGAAGT,23,1345468
furpa,8.0,16,1,TCACGGCGGCTTGGCTTTAA,15,1304183
furpa,5.5,11,1,TCACAATGGCAACATGGTGA,10,1340426
furpa,9.0,18,1,TCAATATGGCCCATCGTGCT,17,1331007
furpa,8.5,17,1,TCAAATGCGACCAAGGGTAT,16,1337428
furpa,7.0,14,1,TCAAAATGATATGAGTAACA,13,1292714
furpa,20.0,40,1,TATTGAATCGTTCGGAAATC,39,1280313
furpa,1.5,3,1,TATGTGCCATTGGCAATGAT,2,1274359
furpa,7.0,14,1,TATCTCCGCGCTCCGGCACA,13,1315314
furpa,14.0,28,1,TATCGAGACGGTTCTACTGA,27,1278378
furpa,6.5,13,1,TATAGTGACCCCCCGGATTA,12,1298620
furpa,10.0,20,1,TATACCAGGTTGCGCGATGC,19,1352076
furpa,1.0,2,1,TATACATTTTGTCGCACCTC,1,1321449
furpa,13.0,26,1,TAGGTCCGGATGTAACAGTT,25,1273785
furpa,3.5,7,1,TAGGTACTGTGTATCGTTGT,6,1273836
furpa,2.5,5,1,TAGGACTTAGGTGACTACCA,4,1302670
furpa,8.5,17,1,TAGGAACGATCTCACAGCAT,16,1281555
furpa,20.5,41,1,TAGCAAGTCAATATGCGAAT,40,1336068
furpa,2.0,4,1,TAGAAGATGCTGGGGAAGTT,3,1352724
furpa,4.5,9,1,TACTTTTGTCAAAGGATAGA,8,1325665
furpa,10.0,20,1,TACTTTCTTGGCAGAGCTTC,19,1293947
furpa,5.5,11,1,TACTCGGGGCTCCACGCTAA,10,1353524
furpa,5.0,10,1,TACGCTTAACAACTTGAAGT,9,1285096
furpa,7.0,14,1,TACGCGAGCATGACCAACAA,13,1353064
furpa,3.0,6,1,TACCTGACACACATTAATAC,5,1279111
furpa,9.0,18,1,TACCTCGCTCGCAACTCGTG,17,1345754
furpa,3.5,7,1,TACCCTCCCAAACGCAATAG,6,1299529
furpa,4.5,9,1,TACAGTTCTACTAGGGCCTG,8,1331407
furpa,16.5,33,1,TACAACTTGAACGTTATCCT,32,1339942
furpa,3.0,6,1,TAATCAGGGGACTTCGGCCG,5,1311783
furpa,14.0,28,1,TAATAGTTGCACCGGCAAAC,27,1315416
furpa,9.0,18,1,TAATAGACTACCATTCTTAG,17,1320191
furpa,1.5,3,1,TAAGACTCTGTGATGTTTCA,2,1340179
furpa,2.0,4,1,TAACTTGCCATACCCTGTGG,3,1339223
furpa,5.5,11,1,TAACTGCTGGGGTTGCTGCG,10,1291586
furpa,5.0,10,1,TAACGAATAGCTTCATACGG,9,1334039
furpa,16.0,32,1,TAAACCTGCTCTCGCGCATC,31,1319697
furpa,6.0,12,1,GTTGGGCGCGCAACTCTCGA,11,1307985
furpa,2.5,5,1,GTTGCCTATGGTCCGCGACA,4,1285837
furpa,3.5,7,1,GTTCTGAAAACTCTATTAAT,6,1329504
furpa,9.5,19,1,GTTAGCGCAACGACAGGCAA,18,1312947
furpa,1.5,3,1,GTTAGAATAGCATGAATATT,2,1281507
furpa,3.0,6,1,GTTACCGATCACTATAAAAG,5,1292538
furpa,11.0,22,1,GTGTGTAGGCAGGGATAGAG,21,1327329
furpa,6.5,13,1,GTGTGCCAGTAAATAAACGG,12,1334336
furpa,2.0,4,1,GTGGGACCCGGGTCCGTAGA,3,1285661
furpa,7.5,15,1,GTGCGTTCTGTGGTAGTGCA,14,1291802
furpa,13.0,26,1,GTGCAATCATGGGGTGCGGG,25,1327429
furpa,7.0,14,1,GTGATGACTAGGGCCAAACC,13,1295153
furpa,19.5,39,1,GTGACCCGTACTCAGTGACA,38,1284956
furpa,8.5,17,1,GTCTTGTCCTTCGCACGTTT,16,1336982
furpa,1.0,2,1,GTCGTTGGTTCTCTATTGCT,1,1324060
furpa,5.5,11,1,GTCGGCATAAGGTCTCAATA,10,1295495
furpa,8.5,17,1,GTCGCACAAACCAGAATCTA,16,1339979
furpa,10.0,20,1,GTCCTTGGCCTTGCTTCATC,19,1296065
furpa,5.0,10,1,GTCAGTACGCAGCCGTAATG,9,1309914
furpa,6.5,13,1,GTATTCCGCTCCATCGCCCC,12,1334480
furpa,5.5,11,1,GTATTCAGCGCGAAACGCAA,10,1285380
furpa,3.0,6,1,GTATGCGGATTTGGCCTTGC,5,1288356
furpa,9.5,19,1,GTATCGGTCTATCCAAAAAC,18,1311078
furpa,9.5,19,1,GTATATGCAAAATATCAGGT,18,1296013
furpa,6.5,13,1,GTAGTCGTCATTATTGTGCC,12,1327892
furpa,8.0,16,1,GTACCACGTTCTGGTAGCAA,15,1312358
furpa,10.0,20,1,GTAATTTCCGTTTGCACAAT,19,1285549
furpa,8.0,16,1,GTAACTTAACCGTGTTATGT,15,1328020
furpa,5.5,11,1,GTAACTCAGGGACTTATCGA,10,1323878
furpa,11.0,22,1,GTAACATGGCTCTAGGTCTC,21,1306771
furpa,9.5,19,1,GTAAAGCGCCGCTAAGTGGT,18,1295276
furpa,5.0,10,1,GGTTGACTTTAGTCGGGAAG,9,1335196
furpa,6.5,13,1,GGTTCTGCTGGACATCACGG,12,1346118
furpa,4.5,9,1,GGTTCCTGTGGACAGCGGTA,8,1356431
furpa,7.5,15,1,GGTTCCCCAGGAAAACTTGA,14,1345299
furpa,17.0,34,1,GGTTCCAGCGATTGGTTCTA,33,1351444
furpa,2.0,4,1,GGTGTGGACAGCCGATCGGT,3,1353971
furpa,4.0,8,1,GGTGAGCTAGCAATGGTCAC,7,1346085
furpa,4.0,8,1,GGTCTCCGGGTGGGTCCTCC,7,1356890
furpa,1.5,3,1,GGTCGAGAAAGTAAGCAATA,2,1337190
furpa,8.5,17,1,GGTCCTGCTTGCGGTTGTGG,16,1309070
furpa,10.0,20,1,GGTATGTCTCGAGGGCAGCA,19,1350580
furpa,13.0,26,1,GGGTGCGAGGGGTAGGTTCA,25,1299521
furpa,11.5,23,1,GGGTCTGGGACCATTATAAG,22,1280508
furpa,3.0,6,1,GGGTATTGCATGTTCCGGTA,5,1278767
furpa,13.0,26,1,GGGCTGGAAGGACACTTTAA,25,1272318
furpa,7.0,14,1,GGGCTCGTCTCCTCATAACC,13,1283608
furpa,11.0,22,1,GGGCAAGTTTAAATCAACCT,21,1347184
furpa,10.0,20,1,GGGCAACCCCCTCTTAAAGA,19,1315471
furpa,8.0,16,1,GGGAGCCCCATGAAAAAAAT,15,1334234
furpa,9.0,18,1,GGCGAGCCCCGAAACACAGT,17,1354075
furpa,3.0,6,1,GGCCTCCGTAACGCTACTCC,5,1327623
furpa,35.5,71,1,GGCCCTAGCGCCGAAAGATT,70,1277187
furpa,11.0,22,1,GGCCAGATGGTCATTCCAGA,21,1275579
furpa,11.0,22,1,GGCATGATGTCCGTATCTAC,21,1336565
furpa,3.5,7,1,GGCATATTGCACTGCAGCTT,6,1286963
furpa,14.0,28,1,GGCACTTCGCTTTGTAAGAG,27,1342775
furpa,1.5,3,1,GGCACGGCACATTCAGAACC,2,1276533
furpa,1.5,3,1,GGATATCGGACGGGTATGCT,2,1349830
furpa,3.0,6,1,GGAGGTCAGGATGCTAGTAT,5,1301357
furpa,11.5,23,1,GGACAATACTGGGTGATGGG,22,1341016
furpa,9.5,19,1,GGAATGAGCGCCCGCAAAAT,18,1277747
furpa,9.0,18,1,GGAAAAAGCACCAGGACCTA,17,1321049
furpa,18.0,36,1,GCTTTCAATACTAACATGTC,35,1288455
furpa,1.0,2,1,GCTGACCGGAGTTGGGCACT,1,1287935
furpa,11.5,23,1,GCGTCCTGTACAGCTTTTGT,22,1300430
furpa,8.5,17,1,GCGTAGAAAACCCATACGCT,16,1329805
furpa,2.0,4,1,GCGGTCATGCGCCCTGATCG,3,1296697
furpa,1.5,3,1,GCGGGTCGTGCGGTACGGGT,2,1275444
furpa,5.5,11,1,GCGCTTTTAATTTGGCGACT,10,1339625
furpa,6.0,12,1,GCGCTGCGAGATTAAGCGCA,11,1288450
furpa,1.0,2,1,GCGCTGCAAGGAACATAATA,1,1311079
furpa,5.0,10,1,GCGCCTCGTAGGAGCCACGC,9,1326105
furpa,2.5,5,1,GCCTGGGATAAAGTTGCCCT,4,1352437
furpa,9.5,19,1,GCCGTTATACTTTGTTCGTA,18,1275498
furpa,1.0,2,1,GCCGTAGGGCCGTCATTTTC,1,1325837
furpa,9.5,19,1,GCCGGCCGCTGTGTATAGAG,18,1319695
furpa,1.0,2,1,GCCCGACCGGATGCACCACA,1,1345535
furpa,1.5,3,1,GCCCCATACGTGTTCAGTCA,2,1352390
furpa,17.5,35,1,GCCCAGTGGTAAATATACAT,34,1279030
furpa,5.0,10,1,GCCATACCTGAACGGCGTGG,9,1300618
furpa,8.5,17,1,GCATGGCGCCGGGCTTCGTT,16,1279225
furpa,17.0,34,1,GCATCATTATACGCGAATAA,33,1273977
furpa,9.0,18,1,GCATAACCCTTCTGGCACCC,17,1320464
furpa,3.5,7,1,GCACTTGGGTGAACTTAGGT,6,1313637
furpa,4.0,8,1,GCACCAAGGTCGATACAACG,7,1287688
furpa,12.5,25,1,GCAATAACTTTCGAGACGGT,24,1345713
furpa,11.5,23,1,GCAAGAGCGAGTTAGGCATC,22,1291558
furpa,7.5,15,1,GCAACCCAGTATTAGCCTTG,14,1314921
furpa,2.5,5,1,GCAAAGGATTGTCAGCCCCT,4,1291887
furpa,13.5,27,1,GATTCGGCGATTCCGATAGT,26,1318751
furpa,5.0,10,1,GATGAGAACGAATCCTACCT,9,1276226
furpa,12.0,24,1,GATCCTGAGCGTTCACTGCT,23,1341588
furpa,1.5,3,1,GATCCACTCCATAACTAAAC,2,1300303
furpa,8.5,17,1,GATAGATGCCGTACATGGCC,16,1297536
furpa,5.5,11,1,GATACTGAGGTTCGATGTTC,10,1275240
furpa,15.5,31,1,GAGTCGCTACTCTGTGCATT,30,1282855
furpa,1.0,2,1,GAGTAAAGCTGCGGAATGTA,1,1280141
furpa,10.5,21,1,GAGGGCCGCCCCTATCGTAA,20,1319719
furpa,12.0,24,1,GAGGAGTACTTGGGAAAAAT,23,1347007
furpa,11.0,22,1,GAGCTGGGATCCACCTACTG,21,1313063
furpa,5.5,11,1,GAGCTCTAAGGACTTCCGCT,10,1288280
furpa,14.5,29,1,GAGCCGATGCAGGGTGGGCA,28,1328442
furpa,6.0,12,1,GAGCCACGTGGGGCCGATCT,11,1320120
furpa,4.0,8,1,GAGCACTCACGTCTCGGAAA,7,1335422
furpa,16.5,33,1,GAGATTCTCTTGTCCCATCT,32,1331004
furpa,6.0,12,1,GAGATGGCCCTCGATAGGAG,11,1285619
furpa,12.0,24,1,GAGAAGCCGATCGAAAGCTT,23,1274572
furpa,9.5,19,1,GACTGAGACGCACCTCAGGT,18,1333096
furpa,1.0,2,1,GACCTTGACGCATTTAACCT,1,1337234
furpa,5.0,10,1,GACCCGCGTCGTCGCACGCA,9,1289403
furpa,3.5,7,1,GACCAAGGGCGAACATTCAG,6,1357605
furpa,10.5,21,1,GACAGCGCACTGAGCCAGAT,20,1299065
furpa,6.5,13,1,GAATGGGAGAAGTATAGCGA,12,1273372
furpa,9.5,19,1,GAAGAAATAGGCAACTGAGA,18,1305356
furpa,1.0,2,1,GAACTCGTCAGCTGTAGGAA,1,1295612
furpa,8.0,16,1,GAACTAAAAGCCAGTTAGAA,15,1289909
furpa,5.5,11,1,GAACGGTTCCGTACCTTTAG,10,1343207
furpa,7.5,15,1,GAACCACAATTGTTTAACTA,14,1290406
furpa,7.0,14,1,GAAAACGCGGCGTTAAACTT,13,1332092
furpa,3.5,7,1,CTTTGGGACTCATCATCGAT,6,1292590
furpa,9.0,18,1,CTTTCTGTGCGATAAGGGGG,17,1315396
furpa,4.0,8,1,CTTTCTGCCAGTCTACTGAA,7,1334729
furpa,6.0,12,1,CTTTCACATCCTTTTGGACA,11,1300910
furpa,14.5,29,1,CTTTACTTCGATTATACAAA,28,1333458
furpa,4.5,9,1,CTTGGTCGTACGCTTGACCT,8,1284639
furpa,5.5,11,1,CTTGGCCTCCAGGTCCGGCT,10,1303555
furpa,30.0,60,1,CTTCAAACAGTCAACGTACT,59,1326421
furpa,4.5,9,1,CTTATGTTTAAGATTCTGAT,8,1283632
furpa,2.0,4,1,CTTAGGTGTACACCCTTGTG,3,1277137
furpa,11.5,23,1,CTGTTGGGTTAGAGCACTCT,22,1320130
furpa,17.5,35,1,CTGTGTACTACTTCCGTACA,34,1311449
furpa,14.0,28,1,CTGGTTATTCGGAACGGGAG,27,1275978
furpa,10.0,20,1,CTGGTAAGTGACCCGGGGGG,19,1283372
furpa,16.0,32,1,CTGGGCTTCGGAGGTACCCA,31,1294698
furpa,5.0,10,1,CTGGCGTGAGTCCCTTATCA,9,1286033
furpa,6.5,13,1,CTGCTAGCTAACCAGTGCCT,12,1273179
furpa,5.0,10,1,CTGAGGCGTCAAAGCAGTCA,9,1327374
furpa,3.5,7,1,CTGACTTCGCGTCATCCCCA,6,1357039
furpa,7.5,15,1,CTGAACCAGTTCCATCGATG,14,1341018
furpa,8.0,16,1,CTCTAAAGGGCCGCACACAG,15,1321778
furpa,12.5,25,1,CTCGTTGGATTAACGCAGGG,24,1273146
furpa,1.0,2,1,CTCGTCATACAATCGCACAT,1,1290676
furpa,1.5,3,1,CTCGCTATTTCGCAAAGAAG,2,1302923
furpa,6.0,12,1,CTCCTTGTGTATTACTGTTC,11,1338986
furpa,5.0,10,1,CTCCGTGCCTATTTGTTGTT,9,1307202
furpa,13.0,26,1,CTCCGTAGCAATCTGATTCG,25,1288200
furpa,12.5,25,1,CTCAGTTCGGCGTTGCCGCT,24,1292760
furpa,7.0,14,1,CTATGGCCACGATCATTTAT,13,1332902
furpa,2.0,4,1,CTATCAAATTCTTTTAGTAC,3,1327922
furpa,9.5,19,1,CTACGGTCTCCAACTGCTTG,18,1295541
furpa,4.5,9,1,CTACGCTGAGCAGTATAGGA,8,1279317
furpa,9.0,18,1,CTACCTAGCTCTGTCACTGC,17,1320921
furpa,4.0,8,1,CTACCGGAAAAAGTATGGCA,7,1318925
furpa,8.0,16,1,CTAATCTGCCAGAAAAACTC,15,1276665
furpa,8.0,16,1,CTAAGCTACCCGCACGAATC,15,1307187
furpa,7.5,15,1,CTAAATCTAGAGTCAACCCC,14,1286908
furpa,8.0,16,1,CGTGTAACCCAGGCTGTGGT,15,1312144
furpa,1.0,2,1,CGTGATATTGGAATAGATCT,1,1304729
furpa,3.0,6,1,CGTGAATATGGCGCGGCGCC,5,1317022
furpa,2.0,4,1,CGTCTGCGCTGCGTGGGTTG,3,1286907
furpa,3.5,7,1,CGTCTACTTAGTATAGTCCC,6,1278311
furpa,22.0,44,1,CGTCGGTCCATGTACATACA,43,1298326
furpa,1.0,2,1,CGTCGGAATTGGAGTAAGCT,1,1303553
furpa,10.0,20,1,CGTCGAGCATGAGGCCTCGT,19,1326568
furpa,10.5,21,1,CGTATTCGTACATCAATGTG,20,1280584
furpa,8.0,16,1,CGTATCAAGTGTAGCTGGCC,15,1295129
furpa,8.5,17,1,CGTACAAACCATCAAAGTAG,16,1291560
furpa,6.5,13,1,CGGTCTCAGGAGTTCATGGC,12,1352405
furpa,5.0,10,1,CGGGGCGTACGTCATTGGGA,9,1288672
furpa,13.5,27,1,CGGGACCCCCCTTTGACGCG,26,1312556
furpa,4.0,8,1,CGGGAACGCTGCCATGTTCT,7,1303789
furpa,13.5,27,1,CGGCGTAAATTCATCTTCTT,26,1338879
furpa,7.5,15,1,CGGAGCTAACTCTTTCAGAC,14,1288102
furpa,1.5,3,1,CGGAGCGTATCGAGGGACGA,2,1308114
furpa,6.0,12,1,CGGAGACTCTGATTACAAGA,11,1328153
furpa,7.5,15,1,CGGACCTCGGTACATGGGAA,14,1279875
furpa,1.0,2,1,CGCTTATTAGGCGCGCTGGT,1,1354191
furpa,10.0,20,1,CGCGTATCCCGAGGTCGTGT,19,1288554
furpa,9.5,19,1,CGCCTGTATGAGACATATAT,18,1345146
furpa,7.5,15,1,CGCCGGTACAGTATCTATAT,14,1304952
furpa,1.0,2,1,CGCCCTTTGCGACAGTGGTT,1,1284942
furpa,5.0,10,1,CGCATAACCATCCGACACTC,9,1321356
furpa,2.5,5,1,CGCACGTATTTGCTACAAAT,4,1327007
furpa,3.5,7,1,CGCAACCAGGGCTTGGGGAC,6,1307317
furpa,6.5,13,1,CGATATCGCATGCGGCAGGC,12,1276539
furpa,1.0,2,1,CGACTCGGTTAGGGGAAGAG,1,1330049
furpa,7.5,15,1,CGACGCCAGCGCTGTCTATG,14,1317937
furpa,11.0,22,1,CGAACAGGTTACGAGAGAGA,21,1292605
furpa,8.0,16,1,CCTGTGTACGAGTGTTCAAT,15,1321971
furpa,2.5,5,1,CCTATTGGCCCGCCGACAGG,4,1287000
furpa,3.0,6,1,CCTATTCCGTTGACAGTAGT,5,1339974
furpa,5.0,10,1,CCGTTCATTCAAGTGGGCAT,9,1307769
furpa,7.5,15,1,CCGGGCCAGTGAATCGGCAT,14,1329244
furpa,9.5,19,1,CCGGACGGGCGAGTTCGTGG,18,1303330
furpa,6.0,12,1,CCGCCGAGAGGACTTCAGAA,11,1348752
furpa,4.5,9,1,CCGCACATGGGATCATTGTA,8,1291299
furpa,10.5,21,1,CCGAGATGTCGGAAAGCGGC,20,1278418
furpa,1.0,2,1,CCCGTATCGTTGGGGATCGC,1,1349655
furpa,1.5,3,1,CCCGCGACGAGATTCCTTTT,2,1284191
furpa,12.0,24,1,CCCCGTTGTGGAATTTAGGG,23,1344270
furpa,12.5,25,1,CCCCGCGAGCCCGTTGGGAG,24,1278036
furpa,9.0,18,1,CCCCATAACCGGGAGATTGA,17,1346524
furpa,6.5,13,1,CCCACTGACTATGCCGCCCC,12,1276706
furpa,12.5,25,1,CCATGCTTGTTGCTAATTGT,24,1345779
furpa,2.0,4,1,CCATCGGATACCTTGCAGAT,3,1320167
furpa,7.5,15,1,CCAGCCGACCTCAGGTTCTC,14,1345868
furpa,13.5,27,1,CCAAGAAATCATGTTAACCT,26,1326550
furpa,6.0,12,1,CCAACGTCGTTCTAAATCTT,11,1320579
furpa,1.0,2,1,CCAAAAACCACCGCAGTACG,1,1319736
furpa,8.5,17,1,CATTTCGATGATCATAGGGT,16,1311039
furpa,5.0,10,1,CATGCTTGAGACGCGATCAT,9,1351676
furpa,1.0,2,1,CATCGTGTTTCGTGATAGGG,1,1333219
furpa,5.0,10,1,CATCGCTATGAATCGGAAGA,9,1322858
furpa,13.5,27,1,CATCACTCGTCACCGTGCTC,26,1307780
furpa,13.5,27,1,CATCACAGGCTAGGACTCCT,26,1297350
furpa,4.5,9,1,CATATGGGTTATCGCCGTAT,8,1331465
furpa,2.0,4,1,CAGTGGCATTGCTCAACAGA,3,1341578
furpa,13.0,26,1,CAGTCCGGATGTGCGACAAT,25,1301616
furpa,38.0,76,1,CAGTAATTACTGTCTGCAAG,75,1345310
furpa,3.5,7,1,CAGGCGCGTAATATATGGAG,6,1302060
furpa,2.0,4,1,CAGGAGTACATAGGGTTGGT,3,1338474
furpa,6.5,13,1,CAGCTATAGGAAATCCCCTT,12,1286902
furpa,11.5,23,1,CAGCTAAAGGGTACCCAGAT,22,1355288
furpa,4.0,8,1,CAGCGTATTTTTGATAAGTA,7,1351238
furpa,7.5,15,1,CAGCCGTTTAGTCGTGTGTG,14,1298209
furpa,10.5,21,1,CAGCAATATAGTACATAAAT,20,1330993
furpa,2.0,4,1,CAGCAACCGGCCATGGAGGA,3,1352387
furpa,10.0,20,1,CACGGTTTTAGTTTATTGCA,19,1344728
furpa,5.0,10,1,CACGCCACCACTGCGGTTTC,9,1348906
furpa,5.0,10,1,CAATTTAACCCACCCACTAA,9,1293590
furpa,10.5,21,1,CAATATACAGATAAGTTGGA,20,1308298
furpa,16.0,32,1,CAATACATACTACAGTGTGC,31,1341047
furpa,11.5,23,1,CAAGGGGCGCCTCAGCGCGG,22,1331520
furpa,4.0,8,1,CAACTTACTCTTTGTAGACT,7,1305154
furpa,9.0,18,1,CAACTGGGTTGGTGTAGCTA,17,1337897
furpa,12.0,24,1,CAACGTCACCTTCACTAATG,23,1273426
furpa,6.0,12,1,CAACATGGGCATAGGAATTC,11,1278503
furpa,14.5,29,1,CAACAGCACGCCCCTCATTA,28,1314207
furpa,7.0,14,1,CAAATACGCAATAGGCGGGG,13,1294599
furpa,3.0,6,1,CAAAATTGATTCATAATGAT,5,1335793
furpa,4.0,8,1,ATTTCAAAGTAGTAGATGCT,7,1330524
furpa,13.0,26,1,ATTTAGATTCAGACAATTAA,25,1344135
furpa,10.5,21,1,ATTCGGAACTAACAGAGATT,20,1287581
furpa,8.5,17,1,ATGTGTTGGAGCGTACATCT,16,1353146
furpa,11.5,23,1,ATGGTGCATGTAGAGTGGTA,22,1309896
furpa,1.5,3,1,ATGGCGGCGCACAATAGGAT,2,1279221
furpa,16.5,33,1,ATGATCATCTACTCAGCTGG,32,1302321
furpa,11.5,23,1,ATCTGTACAGATCGAAGTGT,22,1282503
furpa,6.0,12,1,ATCGTCTATTTTGTGGTTTG,11,1304202
furpa,16.5,33,1,ATCGGTATCCGGGGATCGTT,32,1332782
furpa,16.5,33,1,ATCGGTAACGTATAAACTTC,32,1312409
furpa,13.0,26,1,ATCGCATAGGGCAGGGTCCG,25,1274685
furpa,6.5,13,1,ATCCGATAGAAACCCGGAAT,12,1303286
furpa,3.0,6,1,ATCATCAAGGGGAAACCCTA,5,1333322
furpa,1.0,2,1,ATATAAACGAATAGGTAGGA,1,1312675
furpa,3.0,6,1,ATAGCTTGCGTTGCGAGTGT,5,1316327
furpa,5.0,10,1,ATAGCTCGACGGGCCATGAC,9,1282742
furpa,7.5,15,1,ATACTTCACTGGCATGATAT,14,1272186
furpa,12.0,24,1,ATACGCACTCTAGATCAATG,23,1303872
furpa,10.0,20,1,ATAAGACCCGAAGACTTTGG,19,1332090
furpa,9.5,19,1,ATAACGACGCCATGGTTCTT,18,1349086
furpa,19.0,38,1,AGTTGCTAGCCGATCAGATT,37,1331788
furpa,2.5,5,1,AGTTGAGGTCGCATATATTA,4,1321332
furpa,5.0,10,1,AGTGGTCCGAGGCAGTGGAC,9,1334031
furpa,11.5,23,1,AGTGCGTTTGACAGCCAGAA,22,1336453
furpa,4.5,9,1,AGTAGGCGGAAAGAGGCATC,8,1293287
furpa,1.0,2,1,AGGTTAAGTCCAGCGCCTCA,1,1328249
furpa,4.0,8,1,AGGTCTTATGGTCCTAGTAC,7,1321740
furpa,17.0,34,1,AGGGTAGAGAATGCAGCCAC,33,1273072
furpa,5.5,11,1,AGGGAGGCGTGTTGTCTAAG,10,1326238
furpa,8.5,17,1,AGGCTGCTAAGAAGTGAACA,16,1289900
furpa,6.5,13,1,AGGAGCAATCATGTCCTAAT,12,1299287
furpa,4.5,9,1,AGCTAGAGTCTTGTTGCGAT,8,1338974
furpa,8.5,17,1,AGCGGATCTGTATCTTAGGT,16,1341889
furpa,7.0,14,1,AGCCGTACCGAGCTGAAGTG,13,1341354
furpa,6.0,12,1,AGCCGCTAGTATGAATTTGC,11,1297030
furpa,1.5,3,1,AGCCCCCGCTGAATCCCTGA,2,1331982
furpa,5.5,11,1,AGATGCCACCTTAAGCAAAG,10,1337381
furpa,14.0,28,1,AGATCCAGGCGGGTTCGCAG,27,1275042
furpa,15.5,31,1,AGAGTCCTGGTAACCTGTGC,30,1319343
furpa,9.5,19,1,AGAGGATTAAGCTGTTGTTA,18,1273907
furpa,3.0,6,1,AGACGGATCACACAAGGGTA,5,1334050
furpa,7.0,14,1,AGAAGACGCTCGTAACCTGG,13,1311161
furpa,7.5,15,1,ACTTGGTTGAGACCTTGAAT,14,1354311
furpa,9.5,19,1,ACTCCAAATCGACGGAATCG,18,1279876
furpa,1.0,2,1,ACTCACCTTGCGCAGAGACC,1,1334254
furpa,17.5,35,1,ACTACCACGTCTCGTCCAAC,34,1312239
furpa,6.0,12,1,ACGTTCTATACTTGCACCGG,11,1287588
furpa,5.0,10,1,ACGTCTGGACGCTGTGCGAA,9,1299847
furpa,5.0,10,1,ACGTCAATCCCAACCTCGAC,9,1300172
furpa,6.5,13,1,ACGGTCTACCGCCAACGGAA,12,1289717
furpa,1.0,2,1,ACGGGGACCATCACATACAT,1,1342276
furpa,1.0,2,1,ACGCTTCTTGCTTGTAGTCT,1,1347173
furpa,3.5,7,1,ACGCTACGGCTAAGCTGCTT,6,1275781
furpa,8.5,17,1,ACGCGAAGATATCGCCTTAC,16,1273597
furpa,13.5,27,1,ACGACTATATGATCTGCAGT,26,1273672
furpa,4.0,8,1,ACGACTAGCAAACATGAGCG,7,1271814
furpa,5.0,10,1,ACGACCGCTTATATCGGTAA,9,1311906
furpa,9.0,18,1,ACCGCTTACGCTCACTGAGT,17,1331330
furpa,7.5,15,1,ACCGACGATTCTCCACCTCT,14,1322773
furpa,1.0,2,1,ACCCATTAAAACCTCACCGG,1,1286353
furpa,2.0,4,1,ACCCACGACGCGGGCATCGC,3,1320430
furpa,7.0,14,1,ACATGAAGTGTACCGTTCAT,13,1297777
furpa,4.5,9,1,ACAGGAATACAGATGGACCT,8,1306596
furpa,6.0,12,1,ACAGATTCGCGAGCTGCATC,11,1313701
furpa,16.0,32,1,ACAGAGGCAGAACGTAAGGA,31,1286152
furpa,7.0,14,1,ACACTCAGGTGACCCTTGTC,13,1303303
furpa,9.5,19,1,AATGTTACGTGTCGTAGCTA,18,1278421
furpa,15.0,30,1,AATGTGGCCTCGGGATGTAC,29,1275694
furpa,11.5,23,1,AATGCGATAAATGCTGAAGT,22,1327890
furpa,8.0,16,1,AATGACTCATTAACGAACCA,15,1347287
furpa,20.0,40,1,AATCAACAGTCGGAGACGAT,39,1326425
furpa,13.5,27,1,AATAGTTGCAGGGGTTCGCG,26,1328992
furpa,8.0,16,1,AATAGCGTGTGAATGAATCG,15,1292367
furpa,1.0,2,1,AATAACGCGCAATAGATCTA,1,1288243
furpa,7.5,15,1,AATAAACCGCGGCGCATGGC,14,1341077
furpa,11.0,22,1,AAGTTCTTTATGTCTGTCGC,21,1337312
furpa,8.0,16,1,AAGTCTTGTAAATTCTCTTC,15,1288396
furpa,1.0,2,1,AAGTAGTGTAACAGTTAGAC,1,1299993
furpa,16.5,33,1,AAGGGTGTCAGCTGTTCAAC,32,1347248
furpa,8.0,16,1,AAGGGTCGGACCGGGATCTC,15,1315854
furpa,6.5,13,1,AAGGCAGGGTTCCCAGTGTA,12,1285091
furpa,9.5,19,1,AAGCGCAGCTACTCACGGAA,18,1326347
furpa,1.0,2,1,AAGCAACCGAGATACGGCTA,1,1282170
furpa,11.0,22,1,AAGATGTCATGCCTCGATCC,21,1303804
furpa,5.5,11,1,AAGACGCAGGGAACTATGTA,10,1297082
furpa,5.5,11,1,AAGAACCCCATCAGGGTTAA,10,1354307
furpa,8.0,16,1,AAGAAAACGCATACTCTCCT,15,1299305
furpa,1.0,2,1,AACTTCTTTCAGTCTAAAGG,1,1338079
furpa,10.0,20,1,AACTGTACACTGATGGTTAT,19,1306686
furpa,12.0,24,1,AACTGCCGCAAGTGTACTGC,23,1312281
furpa,2.5,5,1,AACGGTATCCCTTTTCGGTC,4,1325087
furpa,2.5,5,1,AACGCTTGGTGACGCTGACG,4,1349478
furpa,10.5,21,1,AACGCCCCATGGTACTGTGT,20,1307667
furpa,4.0,8,1,AACCAGCAGGTAGAATATTG,7,1334351
furpa,24.5,49,1,AAAGAGCGCAGGGGGTTCAA,48,1323403
furpa,10.0,20,1,AAAATTAGAGTCCCTTAGCT,19,1297037
furpa,2.5,5,1,AAAACCGGTAGGTGAGGAGA,4,1328021
furpa,0.037037037037037035,26,26,GGGATAGATCAAGGCCGATC,0,1315934
furpa,0.07142857142857142,13,13,TATGTGCTATACTTGTCTTT,0,1317086
furpa,0.09090909090909091,10,10,TTAATACACTCTCAACAGAT,0,1323083
furpa,0.1111111111111111,8,8,CACCGGCTACTGCCCATAAA,0,1308209
furpa,0.1111111111111111,8,8,AACAGTCGAGGGGTCATTAA,0,1313314
furpa,0.125,7,7,TTTCACGTCAGGCCGACACT,0,1296747
furpa,0.125,7,7,TTCTAGTATGTTCTAATCTG,0,1355013
furpa,0.125,7,7,TGCGAGTCCCTGTAACATCT,0,1277486
furpa,0.125,7,7,GGCATTTCCGCTTGGGGTAA,0,1334120
furpa,0.125,7,7,GCGCGCAGTAATTGAGATAG,0,1312822
furpa,0.125,7,7,GATGATCGAGGCGAGTTGCC,0,1291891
furpa,0.125,7,7,GACATAACGATGGATGTATA,0,1277039
furpa,0.125,7,7,CATTCGACGGCAGTCTTTCT,0,1349657
furpa,0.125,7,7,AGGCACACCAACAGCGCTCG,0,1277398
furpa,0.125,7,7,ACATCGCGCCTTGGATAGGT,0,1293112
furpa,0.125,7,7,AAACGCTGTCATCCGCGGAA,0,1314204
furpa,0.14285714285714285,6,6,TTGGTGGTATTCCGGCAATT,0,1272891
furpa,0.14285714285714285,6,6,TTAAGTCTGCCGCGCGGGGT,0,1349017
furpa,0.14285714285714285,6,6,TGTCGGTATCCAGACCGGAT,0,1271869
furpa,0.14285714285714285,6,6,TGGCTCTATCCTCCGATCCC,0,1306146
furpa,0.14285714285714285,6,6,TGCAGCGCTACCTTCCTCAA,0,1275916
furpa,0.14285714285714285,6,6,GGTCCCCTGCGGATTTCAAG,0,1347759
furpa,0.14285714285714285,6,6,GGGAAGGTGTAATACAGCGA,0,1281289
furpa,0.14285714285714285,6,6,GGATGCGTTCTGGATATCAT,0,1271714
furpa,0.14285714285714285,6,6,GCTTGTTCCAAGAGAAACGT,0,1286230
furpa,0.14285714285714285,6,6,GCTCTTGAAAACATGGCCGT,0,1281273
furpa,0.14285714285714285,6,6,GAGGTGCTGACACTCGCATG,0,1271983
furpa,0.14285714285714285,6,6,GACGCTAATTCGGCGTTACT,0,1321855
furpa,0.14285714285714285,6,6,CTGCCCAGGGAGATGGACGA,0,1295611
furpa,0.14285714285714285,6,6,CTGAGTCGCCGAGCCTGCTC,0,1273530
furpa,0.14285714285714285,6,6,CTATGGTAGCAACCGTGTGT,0,1273675
furpa,0.14285714285714285,6,6,CGGAGTACGACCGCTGATCT,0,1317223
furpa,0.14285714285714285,6,6,CGATGTCTATTTGTTGGACT,0,1345014
furpa,0.14285714285714285,6,6,CCATTTGGAATTCATAAGCT,0,1273189
furpa,0.14285714285714285,6,6,CCAAATGACGATCTCTTTCG,0,1313574
furpa,0.14285714285714285,6,6,ATGGAGGGTACTATTGCACT,0,1287650
furpa,0.14285714285714285,6,6,ATAACGTTGCCGCCCCGTGT,0,1287019
furpa,0.14285714285714285,6,6,AAAGTTACGCACGCGGAAGT,0,1272664
furpa,0.16666666666666666,5,5,TTCGCGTGTATTACGACTTG,0,1315034
furpa,0.16666666666666666,5,5,TGCCTCCCGAACATAATGGA,0,1331349
furpa,0.16666666666666666,5,5,TGAGTCTGACCTTTTATTCT,0,1332065
furpa,0.16666666666666666,5,5,TGACCCGTGGGAGACGTTTT,0,1350966
furpa,0.16666666666666666,5,5,TGACCCATCAAAGAAATGTT,0,1284757
furpa,0.16666666666666666,5,5,TCCAAAGGTATAAACCTCAA,0,1298461
furpa,0.16666666666666666,5,5,TATAGGTTCATATCAGGAAT,0,1277648
furpa,0.16666666666666666,5,5,TAGAAGTCGGCTATTGGGTG,0,1315028
furpa,0.16666666666666666,5,5,TACGCTGGATTCGACACGAA,0,1317784
furpa,0.16666666666666666,5,5,GTTTCAAGTCTAGCTGCTTA,0,1337932
furpa,0.16666666666666666,5,5,GTGCTAGCGAGATTATTGAT,0,1314902
furpa,0.16666666666666666,5,5,GGGTTGACAACTTCATCACA,0,1315581
furpa,0.16666666666666666,5,5,GGGGGCTGGGCGAAAACATA,0,1286205
furpa,0.16666666666666666,5,5,GCTTATTGATGCGTTAGCTG,0,1276829
furpa,0.16666666666666666,5,5,GCGCTGATTGTTGGCTCTGG,0,1329707
furpa,0.16666666666666666,5,5,GCCCGACCACTTTAGGTCCA,0,1274924
furpa,0.16666666666666666,5,5,GCCATAGGCAACATGAGGTA,0,1305079
furpa,0.16666666666666666,5,5,GACTTGTGAATCAGGTTATA,0,1307375
furpa,0.16666666666666666,5,5,GACGTACGGTAGCTTGCTTT,0,1314287
furpa,0.16666666666666666,5,5,GAACAAAGGTTGTTCTTGCT,0,1274398
furpa,0.16666666666666666,5,5,GAAACCGGCTTGATAATATT,0,1274045
furpa,0.16666666666666666,5,5,CTGTGCACAGTACCATTCCG,0,1319776
furpa,0.16666666666666666,5,5,CTGGAGGCCATGTCGGAGCA,0,1293431
furpa,0.16666666666666666,5,5,CTGCACTCCACGATTGGGTT,0,1301832
furpa,0.16666666666666666,5,5,CTCACGTCTCTGACCGCTTA,0,1305548
furpa,0.16666666666666666,5,5,CGTGGTAGACAAAAGACATA,0,1278965
furpa,0.16666666666666666,5,5,CGGAGCCTCGTGGTATGATT,0,1289290
furpa,0.16666666666666666,5,5,CGACTTCGGCCGTGGCAAAA,0,1277760
furpa,0.16666666666666666,5,5,CCGGACTGTATCAGGCGTGT,0,1274244
furpa,0.16666666666666666,5,5,CCCATAAGATCCCAAGCTCA,0,1353444
furpa,0.16666666666666666,5,5,CCCAACCCAAAAATTGTCAC,0,1285629
furpa,0.16666666666666666,5,5,CATGCGGCTGAGTTGTCGTA,0,1320572
furpa,0.16666666666666666,5,5,CATAAAGCGTTGGCTAAATG,0,1280669
furpa,0.16666666666666666,5,5,CACCGCCAGATAGTAGCTCG,0,1274064
furpa,0.16666666666666666,5,5,CAATTCGCTAGCCGTTGCGT,0,1280302
furpa,0.16666666666666666,5,5,ATCAGCGCAATACTTAACCT,0,1309653
furpa,0.16666666666666666,5,5,AGCGTCAGAGCTCACAAGAA,0,1276240
furpa,0.16666666666666666,5,5,AGCATGGTACTCCCGAGAAT,0,1282304
furpa,0.16666666666666666,5,5,AGAATCGGGTCCAGATGCAG,0,1308069
furpa,0.16666666666666666,5,5,ACTGGTGAGTCGTGACTCCC,0,1322027
furpa,0.16666666666666666,5,5,AATTTACCTGCCGCATCCCA,0,1349252
furpa,0.16666666666666666,5,5,AATTCATGCAGCGCGAGGGC,0,1347418
furpa,0.16666666666666666,5,5,AACGGTAATTTGGTGTATAG,0,1271647
furpa,0.16666666666666666,5,5,AACAGTCTGAGGCCAGGCAT,0,1334680
furpa,0.16666666666666666,5,5,AAAACAACCGGCCCGGCCAT,0,1310556
furpa,0.2,4,4,TTTGACCTAGGGAGGGCTGA,0,1274734
furpa,0.2,4,4,TTTAAGGGAGGGCACGAAGA,0,1278029
furpa,0.2,4,4,TTGCACTGTATTGAGCGAGA,0,1291874
furpa,0.2,4,4,TTCTAAGTGTTGGGATACGT,0,1276572
furpa,0.2,4,4,TTCAGCTTCTAATTCACCGC,0,1313757
furpa,0.2,4,4,TTATGCAGTCCACTTACTTT,0,1336124
furpa,0.2,4,4,TGTTATCTAATGACCACTCA,0,1335016
furpa,0.2,4,4,TGTGGTGAAAGACAGGGTTC,0,1343870
furpa,0.2,4,4,TGTGGCCCCTAAAAGCGGGA,0,1340228
furpa,0.2,4,4,TGGCAAGGTAAGTCACATCG,0,1320448
furpa,0.2,4,4,TGGATCTTGTGTCCTAGGGT,0,1351482
furpa,0.2,4,4,TGACAATGTAGGTTGCCACT,0,1306341
furpa,0.2,4,4,TGAAAATCCACGCCCTATAT,0,1356886
furpa,0.2,4,4,TCTGGCTAATGGCCCTTGCG,0,1336458
furpa,0.2,4,4,TCTCTCTCTTCACATTATAT,0,1315773
furpa,0.2,4,4,TCTCGGAACGCAAATCATCA,0,1328983
furpa,0.2,4,4,TCGCGTACATCCTAAACCCT,0,1284309
furpa,0.2,4,4,TCCGTTTCTGGCAGCACACC,0,1309000
furpa,0.2,4,4,TCACACAGCTTAACCAGGCA,0,1328365
furpa,0.2,4,4,TATTTCATACGTTGGAGTCT,0,1321561
furpa,0.2,4,4,TATCGCCTATAAACGGGGAA,0,1337285
furpa,0.2,4,4,TACTCAACAATACACGCCCT,0,1303700
furpa,0.2,4,4,TACGGACACAGAATGCACGT,0,1322260
furpa,0.2,4,4,TACGAGCCTATAGACCGCGA,0,1320599
furpa,0.2,4,4,TAATGGGGTCTCACGGCTGG,0,1317097
furpa,0.2,4,4,GTTTCGCCAGGCATAACCGG,0,1313802
furpa,0.2,4,4,GTTACCACAACTCACACACA,0,1318950
furpa,0.2,4,4,GTGTCCGACCGCAGCAAGTG,0,1304340
furpa,0.2,4,4,GTAAATCGGGGGGAGGTGCG,0,1277549
furpa,0.2,4,4,GGTGATTGTCCTCTTAAGGT,0,1292153
furpa,0.2,4,4,GGTCATTCCCCAAAGGAATA,0,1309601
furpa,0.2,4,4,GGGTTCCGTAGGTATACGAG,0,1272968
furpa,0.2,4,4,GGCTTATGTACTAATCTAGC,0,1356371
furpa,0.2,4,4,GGAGTCGCTCAACGGACTTT,0,1276876
furpa,0.2,4,4,GGAACCGGCCATGCGACAAG,0,1293221
furpa,0.2,4,4,GCTTTGGAATCACGGGGCTA,0,1271787
furpa,0.2,4,4,GCTTAAGCTGTACCACACAC,0,1291884
furpa,0.2,4,4,GCTGGGCTTCGTAAATTTCA,0,1350149
furpa,0.2,4,4,GCTATTCTAGAAAAAAATGG,0,1280772
furpa,0.2,4,4,GCGGCAGCCACTCGATAAAC,0,1275497
furpa,0.2,4,4,GCCGCGGCGCCCTGCAGCTC,0,1301697
furpa,0.2,4,4,GCATATTCTAAGCCCATCCC,0,1290965
furpa,0.2,4,4,GCACGAGTTGAGTAGCATCA,0,1279051
furpa,0.2,4,4,GATTTTTCTAAAAAGCTAGC,0,1274677
furpa,0.2,4,4,GAGGTGTTGGTCTCCTACGG,0,1339684
furpa,0.2,4,4,GACCTGGGAAAGGGTAGTAA,0,1273184
furpa,0.2,4,4,GAATAAGTATGAGACGTTTT,0,1333923
furpa,0.2,4,4,GAAGGCGCTTGTAGTTTCCG,0,1302604
furpa,0.2,4,4,GAAACTGTTGACTGAAAGTA,0,1337092
furpa,0.2,4,4,GAAACCGAGCGGGTTAGTCA,0,1285737
furpa,0.2,4,4,CTTTACTCAGCGTGTTGACA,0,1329254
furpa,0.2,4,4,CTTGCCAACAGCCTCATGCA,0,1354089
furpa,0.2,4,4,CTGTATGTACAATATGTTCC,0,1276640
furpa,0.2,4,4,CTGTATACTCATTACAGATG,0,1289592
furpa,0.2,4,4,CTCTTTATTTTTCATAAGGT,0,1340965
furpa,0.2,4,4,CTCGCCTGTCGTGCGCATAT,0,1332475
furpa,0.2,4,4,CTCGAGAACTACGGCGCGAT,0,1334686
furpa,0.2,4,4,CTCACTTCCGCTATGCTCTT,0,1326599
furpa,0.2,4,4,CTACCTGAAATGAATTGCAG,0,1278964
furpa,0.2,4,4,CTACATTTGCGTGGTGGCCC,0,1337652
furpa,0.2,4,4,CGTCAAGCTGGGCCACATCG,0,1285337
furpa,0.2,4,4,CGTATTGGGTGGGTGAGGAT,0,1293725
furpa,0.2,4,4,CGTATCACCGGCGATTAGAG,0,1300076
furpa,0.2,4,4,CGGTAGCGCGTATTACCATT,0,1336558
furpa,0.2,4,4,CGGGCACCGGTAAATCTTAT,0,1300054
furpa,0.2,4,4,CGGGATGGACCAGGAAATCC,0,1294121
furpa,0.2,4,4,CGCGCAATAGCTTATTTCTA,0,1274997
furpa,0.2,4,4,CGCCGGGTAAAGATTGGCTG,0,1338766
furpa,0.2,4,4,CGATTACAGTAGGCAGCAAG,0,1310087
furpa,0.2,4,4,CGACTATGGTTTCTCAAGGG,0,1341932
furpa,0.2,4,4,CCTTGCAGGACAGTCTGGGG,0,1343834
furpa,0.2,4,4,CCGCCGCTACGACTGCGGAT,0,1351988
furpa,0.2,4,4,CCCTCCGACGGTACGATTGT,0,1288590
furpa,0.2,4,4,CCCACGCGGTAACCGGTTCA,0,1349118
furpa,0.2,4,4,CCATAGGTATCGTGTAGACC,0,1302098
furpa,0.2,4,4,CCACAGTGGTTAGGGCGACA,0,1287506
furpa,0.2,4,4,CCAAGAAGAGTGGAGTATCA,0,1336268
furpa,0.2,4,4,CATTGCACAAGTGCGGAGAT,0,1279893
furpa,0.2,4,4,CATGCCTGGGGAGCAGATAT,0,1347456
furpa,0.2,4,4,CATCGAAGACCATTATGGAG,0,1343043
furpa,0.2,4,4,CATCCGTCATAGGGAATCTC,0,1324059
furpa,0.2,4,4,CAGGTCCCACTATAACTGTG,0,1351972
furpa,0.2,4,4,CAGCCGTACCCTATCAGCTT,0,1287150
furpa,0.2,4,4,CACGAGCGATCCAATACCAG,0,1349176
furpa,0.2,4,4,CAATGTCAACTCATTCGCTG,0,1332569
furpa,0.2,4,4,ATTAGAAATTTAAGGTATTT,0,1336258
furpa,0.2,4,4,ATGGTGGGACCGAGATAATA,0,1357750
furpa,0.2,4,4,ATGCACGATCTTTGTCTGCT,0,1356918
furpa,0.2,4,4,ATCTGGTATGAGGCACCTTG,0,1349660
furpa,0.2,4,4,ATCGTGCTTGCAACCGATTG,0,1274084
furpa,0.2,4,4,ATCGATCAAATGAGGGCCCT,0,1303557
furpa,0.2,4,4,ATCCTTTAGACCGGGCGGAT,0,1306132
furpa,0.2,4,4,ATATCGCCGAGTGGATAATG,0,1313164
furpa,0.2,4,4,ATATATGCTGCATAGCACAT,0,1285900
furpa,0.2,4,4,ATACGAGGATTGCGTACCTG,0,1299768
furpa,0.2,4,4,ATAAAGTAGGCACTCAGCTC,0,1339621
furpa,0.2,4,4,AGGTCTCAATCTCTTTCGTT,0,1303714
furpa,0.2,4,4,AGGCGCACGCAAGGCAGCCA,0,1351846
furpa,0.2,4,4,AGGCATGTTGTTGGCGCGGG,0,1276916
furpa,0.2,4,4,AGGATGATCGATGGAGCTGG,0,1348557
furpa,0.2,4,4,AGGAACTTGACAAATTACAA,0,1300008
furpa,0.2,4,4,AGCTTAATTGTCTACAATAC,0,1343214
furpa,0.2,4,4,AGCAGGCGCTTTAGTCTGTC,0,1289861
furpa,0.2,4,4,AGATGAAGCACCTAGAGATG,0,1351483
furpa,0.2,4,4,AGAGTCGTAGGCACAGCGAG,0,1311925
furpa,0.2,4,4,ACTTATAGTTCCCTAACTCT,0,1320037
furpa,0.2,4,4,ACTGGCTAATAGCTAAACAG,0,1275577
furpa,0.2,4,4,ACGGCTCCTAAGCGCTTGAT,0,1283061
furpa,0.2,4,4,ACGGCTCAATGAGGTGTAAT,0,1274712
furpa,0.2,4,4,ACGGAATACCGCCTAGAAGT,0,1357319
furpa,0.2,4,4,ACGACTTGGGACGCTAGATG,0,1273674
furpa,0.2,4,4,ACGAATATTCGTGTCACCCT,0,1312829
furpa,0.2,4,4,ACGAAACGGCCAGCGCACAC,0,1350807
furpa,0.2,4,4,ACCGTCCTTGGTTACTCAGA,0,1303965
furpa,0.2,4,4,ACCGAAAATCCAACGTCGGT,0,1276973
furpa,0.2,4,4,ACAGTGCCGCAGATTTATGG,0,1351345
furpa,0.2,4,4,ACAGAGGTCAGGATGTAGTC,0,1312620
furpa,0.2,4,4,AATATTTGCATTGGGTTTAC,0,1280755
furpa,0.2,4,4,AATAGTTTGATGGATCTGAC,0,1284818
furpa,0.2,4,4,AATAAGAACACTGGACATGT,0,1304293
furpa,0.2,4,4,AAGTATAGCTCCCTATTCAA,0,1312709
furpa,0.2,4,4,AAGCTCCAGCAAGTTTTGAC,0,1335275
furpa,0.2,4,4,AAGATAGTGTGGACATCCAT,0,1311712
furpa,0.2,4,4,AAGACCAGCTGGAGGCAGTA,0,1287542
furpa,0.2,4,4,AACTAAATCTGGCGGATAGA,0,1335459
furpa,0.25,3,3,TTTTCAAAGCCCGGAGGCAG,0,1344201
furpa,0.25,3,3,TTTGTAGCATAGATCGACAA,0,1287986
furpa,0.25,3,3,TTTGCCCCATTGTATCGGTT,0,1301563
furpa,0.25,3,3,TTGTTGAAGTCCGCTCTGCA,0,1314899
furpa,0.25,3,3,TTGGTATAGCAAACATCACA,0,1328562
furpa,0.25,3,3,TTGGCACGACGTATGCCGTA,0,1291064
furpa,0.25,3,3,TTGCCTGGCTCTCAATCGGT,0,1338833
furpa,0.25,3,3,TTGCCATTGACACTGGAATT,0,1309327
furpa,0.25,3,3,TTCGGGGTGAAACCTGCGCA,0,1323180
furpa,0.25,3,3,TTCGGGACCTTATCAGCGAT,0,1296962
furpa,0.25,3,3,TTCGATGTAGCACGTCTAAT,0,1275646
furpa,0.25,3,3,TTCGACAATACCGCCGTGTG,0,1277042
furpa,0.25,3,3,TTCCCAACGATGTTAAAACA,0,1302949
furpa,0.25,3,3,TTCATAAGCGTTGAATACGA,0,1310738
furpa,0.25,3,3,TTCAGTTTGAGGTGGGGTGG,0,1346968
furpa,0.25,3,3,TTCAGGGCACGATGCCCCAC,0,1281961
furpa,0.25,3,3,TTCAGAGGTGCACTCTTGTT,0,1337673
furpa,0.25,3,3,TTACATGGGTAGCGGCATAT,0,1344324
furpa,0.25,3,3,TTAATCCGGAAGGCCCTGAA,0,1292805
furpa,0.25,3,3,TTAAGGGTCCCACTGTCGGG,0,1293434
furpa,0.25,3,3,TGTTGCCGATTAGGAGAGCT,0,1342432
furpa,0.25,3,3,TGTGTATGAGCTAGATTAGC,0,1332862
furpa,0.25,3,3,TGTCGGGTGGATTGGAACTA,0,1291190
furpa,0.25,3,3,TGGTCTCGGCTAAAAGGAAA,0,1294087
furpa,0.25,3,3,TGGTATGCCGATGCACATGC,0,1277991
furpa,0.25,3,3,TGGTAAGTCGGCTCAATACT,0,1318918
furpa,0.25,3,3,TGGTAACTCCACCTGTGCAT,0,1311645
furpa,0.25,3,3,TGGGGGTGACCCCGATGAGG,0,1315661
furpa,0.25,3,3,TGGGGATGAGAGGTGTGGCC,0,1328991
furpa,0.25,3,3,TGGGCAGTACGAAGCGGAAG,0,1288670
furpa,0.25,3,3,TGGGATCTTTTGATTATTCA,0,1320752
furpa,0.25,3,3,TGGCTTGAAGCTCGGCAACA,0,1318034
furpa,0.25,3,3,TGGAGGTTTTCTGCATACTT,0,1303524
furpa,0.25,3,3,TGGACTATATGTGACCAGGT,0,1272655
furpa,0.25,3,3,TGGACACCACTATTTTATCT,0,1282509
furpa,0.25,3,3,TGCTTCTCAAGATACAGTAA,0,1284949
furpa,0.25,3,3,TGCTGTCAACGGATGGATCA,0,1321796
furpa,0.25,3,3,TGCTCCCCGAAACGGTGCGA,0,1316635
furpa,0.25,3,3,TGCTCCCAACACGTCTCTCA,0,1293028
furpa,0.25,3,3,TGCGATGGCAATTTATTGGT,0,1287245
furpa,0.25,3,3,TGCCAAACAGGTAGGGGACG,0,1319698
furpa,0.25,3,3,TGATATCGGGGCCGCGCTGA,0,1308213
furpa,0.25,3,3,TGAAGGGGTCCAACATAGAT,0,1308596
furpa,0.25,3,3,TGAAGATCTCAAGTGATATT,0,1296739
furpa,0.25,3,3,TGAAGACACTGAACTTGTGT,0,1303505
furpa,0.25,3,3,TCTTTGCCGGGGAGTTCACA,0,1330052
furpa,0.25,3,3,TCTGGTACAGTTGAACTCGG,0,1299903
furpa,0.25,3,3,TCTGGCGAATTAAAGCGTTG,0,1295138
furpa,0.25,3,3,TCTGCTCTGCAAATAGGTCC,0,1350774
furpa,0.25,3,3,TCTCCAACTGCCGCCGCTGT,0,1331916
furpa,0.25,3,3,TCTAGGTCGTTCCCTGTAAG,0,1346345
furpa,0.25,3,3,TCGCAGGGAGGGGATCAAAC,0,1331202
furpa,0.25,3,3,TCGAGGGGGGAAGCAGCGAA,0,1299291
furpa,0.25,3,3,TCGAGAGGGTTAAAGTAGAG,0,1289514
furpa,0.25,3,3,TCCTAACGACGGTAGTCTTT,0,1309885
furpa,0.25,3,3,TCCGGCTTCCGGAACAGGCT,0,1325543
furpa,0.25,3,3,TCCGGCTAGAGACTTCCGGT,0,1344621
furpa,0.25,3,3,TCCGGCTAAATACTCATGGA,0,1274524
furpa,0.25,3,3,TCCGATTTGCACACTCCGTT,0,1304508
furpa,0.25,3,3,TCCCGTTCTCTACGCGCTCA,0,1334532
furpa,0.25,3,3,TCCCAGCGCCTCTGCATGTT,0,1287864
furpa,0.25,3,3,TCCAGCGGTGTTCAGGACTA,0,1325917
furpa,0.25,3,3,TCATACATACACATGTTGCA,0,1312980
furpa,0.25,3,3,TCATACACCCAATAATACAT,0,1304867
furpa,0.25,3,3,TCAGTTAATAGTTTCACCAC,0,1285291
furpa,0.25,3,3,TCAGGCAGTAAGAGTGTGGT,0,1343878
furpa,0.25,3,3,TCAGACACGTCACATTTAAA,0,1276107
furpa,0.25,3,3,TCACTTTACACCATCTCGTT,0,1338661
furpa,0.25,3,3,TCACTACTCTCAATCGAATA,0,1285694
furpa,0.25,3,3,TCACACCAATCCATTATGAA,0,1289437
furpa,0.25,3,3,TATGTAGGGGTACCCGCTAT,0,1293366
furpa,0.25,3,3,TATCTCCCGAGCACAATATT,0,1323246
furpa,0.25,3,3,TATACGGTTACTTCTCAGAT,0,1277030
furpa,0.25,3,3,TAGTACGGTTTTGTTTGCAA,0,1289147
furpa,0.25,3,3,TAGGCTGACACTCGCTTGTG,0,1335152
furpa,0.25,3,3,TAGGCCTAATGCGATATGCT,0,1319761
furpa,0.25,3,3,TAGGAAAGGACAGACCCGTA,0,1303054
furpa,0.25,3,3,TACGGATTTAGGGCGACTCA,0,1287792
furpa,0.25,3,3,TACCCGAACGAATGGATAAT,0,1356893
furpa,0.25,3,3,TACCATGCGTAGTCATCGTA,0,1310890
furpa,0.25,3,3,TACAGGTCTCCATAATTAAT,0,1277652
furpa,0.25,3,3,TAATCGCTCAATGTCATACT,0,1334174
furpa,0.25,3,3,TAACTCGTCGATGGGCCGAA,0,1293215
furpa,0.25,3,3,TAACGAGGTACTGGTGGTGG,0,1301571
furpa,0.25,3,3,TAACCTGGGCTACGAGTCAT,0,1328760
furpa,0.25,3,3,TAACACTCATTACCTTCACC,0,1344966
furpa,0.25,3,3,GTTGTAACATAACACGCATA,0,1304475
furpa,0.25,3,3,GTTGGCGAAAACTTTAGTGT,0,1286323
furpa,0.25,3,3,GTTCTGGGCTGGACAAGGCA,0,1310601
furpa,0.25,3,3,GTTCGGTTTGTTTTACCAGT,0,1303792
furpa,0.25,3,3,GTTAATGTCGGCGTGGTTAG,0,1314212
furpa,0.25,3,3,GTGTCCGGTGTCCGTTCACT,0,1337811
furpa,0.25,3,3,GTGGTGAAATAGCCCACAAA,0,1301255
furpa,0.25,3,3,GTGGGTGAAGTCTTGCCCGG,0,1293369
furpa,0.25,3,3,GTGGGAGACGTGTGTTTTCA,0,1286638
furpa,0.25,3,3,GTGCTCGCATTACCGGTAGA,0,1285769
furpa,0.25,3,3,GTGATGGTGCTGCTTCGGGG,0,1271578
furpa,0.25,3,3,GTCGCGGGCTCACACACGAC,0,1318260
furpa,0.25,3,3,GTCGCCAGAAGTGCACTAGA,0,1349585
furpa,0.25,3,3,GTCGAAGGCGCGACATCAGT,0,1329850
furpa,0.25,3,3,GTCCGGTCTTAGCGAACAGG,0,1294556
furpa,0.25,3,3,GTCCACAATGGGACGTTATT,0,1318228
furpa,0.25,3,3,GTCATAGCGTATGGAGAATG,0,1346238
furpa,0.25,3,3,GTCAAGACTAGGCGCGTCAC,0,1345308
furpa,0.25,3,3,GTATAGCTTGAATGTGGTTC,0,1285119
furpa,0.25,3,3,GTACCCCCGGGCGGGGTCAC,0,1308558
furpa,0.25,3,3,GTAACGGAAGACTCGACCGA,0,1286754
furpa,0.25,3,3,GGTTTCATAATCATCCGAAA,0,1280735
furpa,0.25,3,3,GGTTCCGATTGGCTTCTTTG,0,1295012
furpa,0.25,3,3,GGTTAATACTGCGTCGTAGT,0,1336344
furpa,0.25,3,3,GGTGCGGGGCACTGATTATA,0,1295371
furpa,0.25,3,3,GGTCGTGACTCGGAATTCGG,0,1320391
furpa,0.25,3,3,GGTCAATGCCTAGGACGCTT,0,1322809
furpa,0.25,3,3,GGTATTCAATCCGCCTCCAT,0,1276359
furpa,0.25,3,3,GGGTTCGTCCAATCTCGATC,0,1289765
furpa,0.25,3,3,GGGTGACTACTAATATGTTA,0,1348201
furpa,0.25,3,3,GGGTAAATAATGTCGCCGTG,0,1284954
furpa,0.25,3,3,GGGGTTCCGGCATATGTCTC,0,1280504
furpa,0.25,3,3,GGGCTCACTCTCTCCAAGAG,0,1325525
furpa,0.25,3,3,GGGCTCACATAGCGGACGTC,0,1283880
furpa,0.25,3,3,GGCTGTCCCATTAGCCTATC,0,1332546
furpa,0.25,3,3,GGCTCGGGGGTCCACTTACA,0,1309268
furpa,0.25,3,3,GGCTACGCCCAAAAGTTCAT,0,1274857
furpa,0.25,3,3,GGCGTAAGTATGGGCATCAC,0,1351322
furpa,0.25,3,3,GGCGACGTTCGGCGAAGCTC,0,1322161
furpa,0.25,3,3,GGCAGGCATGCGCGCGCACA,0,1274587
furpa,0.25,3,3,GGAGCGCACGAGCGAGACTG,0,1284064
furpa,0.25,3,3,GGAGCAGGAGGAAGTCCGAC,0,1276928
furpa,0.25,3,3,GGAGACGCACCAAAAGGTGA,0,1331975
furpa,0.25,3,3,GGAGACCACATGATGGATGG,0,1293761
furpa,0.25,3,3,GGAGAAACTGGCAATTTGGT,0,1327726
furpa,0.25,3,3,GGACGAAGGGTCACTAGACA,0,1284740
furpa,0.25,3,3,GGAATCATACGCGGCGGTAA,0,1318567
furpa,0.25,3,3,GGAAGCTGGAGCGTTGTCAC,0,1348305
furpa,0.25,3,3,GGAAACGCGTCGCCTAGGCG,0,1285474
furpa,0.25,3,3,GCTTAGGACCACGCACCGTG,0,1334460
furpa,0.25,3,3,GCTGTAGTCTTTAGTCCTGT,0,1356975
furpa,0.25,3,3,GCTCCAGAATCCGCGTGATC,0,1323293
furpa,0.25,3,3,GCTATTTGAAAGCGTATTCT,0,1282146
furpa,0.25,3,3,GCTATTCTGATGATCAAAGA,0,1323027
furpa,0.25,3,3,GCTATCAAATACACGCCTCT,0,1295546
furpa,0.25,3,3,GCTATAGGAGGTCGGCCTAA,0,1314821
furpa,0.25,3,3,GCTAGTCTACGGCACCTTTG,0,1292672
furpa,0.25,3,3,GCTAGGGAACTGAATCGTGT,0,1322152
furpa,0.25,3,3,GCTACGCCGAAGTAAATGGG,0,1324771
furpa,0.25,3,3,GCTACCACCAAACCCTACTA,0,1354594
furpa,0.25,3,3,GCGTCGTAACATACTTAGAA,0,1324440
furpa,0.25,3,3,GCGTAGCACTCGGCTATTAT,0,1272738
furpa,0.25,3,3,GCGGTAGCGTGGATCGGCAT,0,1308834
furpa,0.25,3,3,GCGGTACGAACAAATTGCCC,0,1326420
furpa,0.25,3,3,GCGGGTTCGATGGGACGACA,0,1315864
furpa,0.25,3,3,GCGGGGATTGCAGGACGCCG,0,1306217
furpa,0.25,3,3,GCGCTCCATTCGGCCTTTGC,0,1355195
furpa,0.25,3,3,GCGCCCCATACGCGCAAACA,0,1340768
furpa,0.25,3,3,GCGACTGGGCTTCCAACCCT,0,1272898
furpa,0.25,3,3,GCGAAACTACGGCATCATAC,0,1343914
furpa,0.25,3,3,GCCTCCAGCTCCATGTGAAT,0,1305271
furpa,0.25,3,3,GCCGTCGGGCAGTATCGGAG,0,1299139
furpa,0.25,3,3,GCCGTATGACTCCTATGCAT,0,1273515
furpa,0.25,3,3,GCCCTGTCCAGACTACATGT,0,1323110
furpa,0.25,3,3,GCCCACATTTGTATATCTAT,0,1272303
furpa,0.25,3,3,GCCACCCGGCAAGGACATCG,0,1278639
furpa,0.25,3,3,GCCACAACAGTTCAACGGCT,0,1321166
furpa,0.25,3,3,GCATTGTCAGAGTAATCATG,0,1279982
furpa,0.25,3,3,GCATTGAATAAATCGCCTTC,0,1319976
furpa,0.25,3,3,GCATTAGTGTATCTAAGCTG,0,1346948
furpa,0.25,3,3,GCAGATCAGCAGTGCGATGT,0,1285097
furpa,0.25,3,3,GCACACTATACTGAGCATTG,0,1345024
furpa,0.25,3,3,GCAACAACCGCCACTCGCAA,0,1324372
furpa,0.25,3,3,GATGTAAGTGGCCTATTTAC,0,1321860
furpa,0.25,3,3,GATACCATGGGTTATATAAC,0,1303364
furpa,0.25,3,3,GAGTCCGTGTCCGGCATGGT,0,1343404
furpa,0.25,3,3,GAGTCAGGGCTCCGCCTATT,0,1335063
furpa,0.25,3,3,GAGGGCTTGGCAGACACGTC,0,1297796
furpa,0.25,3,3,GAGGCATCGGGGTATTTGCG,0,1322953
furpa,0.25,3,3,GAGCGATTTCGTCTAAACAC,0,1315810
furpa,0.25,3,3,GAGCCCTCAGTAAAGGTGAG,0,1297418
furpa,0.25,3,3,GAGATTTGTACTTCCAGAAC,0,1297918
furpa,0.25,3,3,GAGATGCCTCTAGGTCGTCA,0,1335606
furpa,0.25,3,3,GAGAGCGCCAAATTCAGCGT,0,1285684
furpa,0.25,3,3,GAGAGCATGACGTCATATAC,0,1343739
furpa,0.25,3,3,GACTGACTTGATTAACTTTG,0,1341185
furpa,0.25,3,3,GACTACTACCGATATGACGC,0,1307112
furpa,0.25,3,3,GACCTTATCTTGATGTTTGA,0,1321481
furpa,0.25,3,3,GACCGTCTCGGGGTAACACT,0,1299905
furpa,0.25,3,3,GACCCTCTGAACTTCTCCGT,0,1289102
furpa,0.25,3,3,GACAAGTGAATTATCGCGCT,0,1307828
furpa,0.25,3,3,GAATTGTGCGCGCGAGTCCG,0,1290610
furpa,0.25,3,3,GAAGTCCATGGGAAGCGAAC,0,1301343
furpa,0.25,3,3,GAAGCCCACGTGTACTCTGC,0,1308897
furpa,0.25,3,3,GAAGACTAGAGTAGATCCAA,0,1271496
furpa,0.25,3,3,GAACCACCAGTTACGTGTCT,0,1277492
furpa,0.25,3,3,GAACAGAGTCAGGATACTAC,0,1339611
furpa,0.25,3,3,GAAACCGCAGATTGCTCGTG,0,1287794
furpa,0.25,3,3,CTTTTTGCGCCTACAGAAGA,0,1286163
furpa,0.25,3,3,CTTGTGGGTGCTGCATGATG,0,1332848
furpa,0.25,3,3,CTTGGTCGGAGACACCTGTA,0,1278494
furpa,0.25,3,3,CTTGGATTAGGTGTGAACTA,0,1303703
furpa,0.25,3,3,CTTGACAGGGTTAGATGGGT,0,1293633
furpa,0.25,3,3,CTTATATCGCCTCGGGCACT,0,1334010
furpa,0.25,3,3,CTGTTGACAATTACTGCTTA,0,1356794
furpa,0.25,3,3,CTGTACCTCGGCAACTAGGA,0,1304408
furpa,0.25,3,3,CTCTTCACGTTGGAACCGAA,0,1311848
furpa,0.25,3,3,CTCTGAGTGTGTACTCCGAA,0,1344304
furpa,0.25,3,3,CTCTCGACAGAAGCCCGCGG,0,1352996
furpa,0.25,3,3,CTCGGGGAATTTTGACATAA,0,1316319
furpa,0.25,3,3,CTCGCAGATTATCACCCATA,0,1325112
furpa,0.25,3,3,CTCAGGCAATGATCGCTGAA,0,1284334
furpa,0.25,3,3,CTCACTATGTGGCAGGTATC,0,1292149
furpa,0.25,3,3,CTCACACCCCATCCGCGTAG,0,1318388
furpa,0.25,3,3,CTATGCGCCTATTCGTGTAC,0,1325156
furpa,0.25,3,3,CTAGGTGTGCCACAGGCACA,0,1330645
furpa,0.25,3,3,CTAAGGGGCACGAGATGTAT,0,1276040
furpa,0.25,3,3,CGTTTAACGACGCCGAGCGA,0,1294817
furpa,0.25,3,3,CGTTACGACCCTCCTACTTC,0,1283233
furpa,0.25,3,3,CGTGCCTCCTACTGTGGGAG,0,1287653
furpa,0.25,3,3,CGTGACCAATGTAGGTGCTC,0,1352087
furpa,0.25,3,3,CGTGACACGGTGAGCAGGAA,0,1298164
furpa,0.25,3,3,CGTACAATTACAGCCTCTAC,0,1341733
furpa,0.25,3,3,CGGTTTCTTGAATGTCGATA,0,1351381
furpa,0.25,3,3,CGGCTGATTCCCAGCAGGTA,0,1277850
furpa,0.25,3,3,CGGCTCGGTCTTTATAGGTT,0,1305740
furpa,0.25,3,3,CGGCACCGGACCATACTCGA,0,1278795
furpa,0.25,3,3,CGCGTCCATGACTACAACAT,0,1342151
furpa,0.25,3,3,CGCGAGCTTTGGGACTGGAC,0,1271772
furpa,0.25,3,3,CGCATCACCGTCCGCCTCTA,0,1346952
furpa,0.25,3,3,CGCATACATACTCGTAGGGA,0,1309270
furpa,0.25,3,3,CGCAGTGGAGGTCGTAGTTG,0,1324297
furpa,0.25,3,3,CGAGTTGGATCGATACCGGC,0,1329015
furpa,0.25,3,3,CGAGTGGATCAAGTATGCCG,0,1295990
furpa,0.25,3,3,CGAGAGTCGATCATCCAGTA,0,1352450
furpa,0.25,3,3,CGACGGAAGTAGATCTAAAT,0,1328462
furpa,0.25,3,3,CGACGCATCCCCTAGCTGCA,0,1354980
furpa,0.25,3,3,CGACCCCCGTCAATATATTA,0,1295375
furpa,0.25,3,3,CGACAGTATGCTTAGCTTCG,0,1290677
furpa,0.25,3,3,CCTTTGTGTCAACCACAGGT,0,1320043
furpa,0.25,3,3,CCTTTGTGTATCTCATTACA,0,1330124
furpa,0.25,3,3,CCTGGCACGCGCGTATACCT,0,1316271
furpa,0.25,3,3,CCTCGATCCCGGCATCCCGA,0,1279588
furpa,0.25,3,3,CCTCCTTAGCGTGGGCACAT,0,1282531
furpa,0.25,3,3,CCTAGAATGCGCCGAGACGT,0,1353437
furpa,0.25,3,3,CCGTTTTCCCAGAGGGAGCA,0,1276445
furpa,0.25,3,3,CCGTTTAGAGTAAAATGACA,0,1276303
furpa,0.25,3,3,CCGCCATCAACACTTCTCAA,0,1323813
furpa,0.25,3,3,CCGCATCATTACCGAAGTGT,0,1317637
furpa,0.25,3,3,CCGATACGCCCAAGTGGAGC,0,1277855
furpa,0.25,3,3,CCCTTAATCCTTATGCACGA,0,1312277
furpa,0.25,3,3,CCCTGGTCCCACCCGTGTGT,0,1298070
furpa,0.25,3,3,CCCGACTTCGAACCATAACG,0,1298009
furpa,0.25,3,3,CCCGAAAAGTTAAGTGTCCA,0,1354355
furpa,0.25,3,3,CCCCCCGCCTCTATGTCTTC,0,1312758
furpa,0.25,3,3,CCCAAAAAACAGTGACTCAG,0,1320264
furpa,0.25,3,3,CCAGATGCGCCCTCGTCCTG,0,1319103
furpa,0.25,3,3,CCAGATCATAGAGCGAAGAT,0,1316894
furpa,0.25,3,3,CCACCTTCAATTGAAACCAT,0,1291549
furpa,0.25,3,3,CCACACGATCAGTTGTGGGG,0,1331922
furpa,0.25,3,3,CATTTTTTCATAGTTGTCGT,0,1347965
furpa,0.25,3,3,CATTGGTCGTGTTAACGTGT,0,1350955
furpa,0.25,3,3,CATCGTTCTCATGTCATAAG,0,1313932
furpa,0.25,3,3,CAGTGACAGGGCGACTTGTT,0,1281432
furpa,0.25,3,3,CAGTATTACTCTGACACCCT,0,1337238
furpa,0.25,3,3,CAGTAGCCCGGAGCCCAAAA,0,1303182
furpa,0.25,3,3,CAGGGAGGCGTTATATTCTG,0,1319181
furpa,0.25,3,3,CAGGCCCTGTACCTGCATCC,0,1278010
furpa,0.25,3,3,CAGGCACAGCAGTTAGTCCA,0,1280512
furpa,0.25,3,3,CAGGAGGAATGAGTCTGGGA,0,1274440
furpa,0.25,3,3,CAGCGGTTGACAAGGTACTA,0,1297851
furpa,0.25,3,3,CAGCGACGTGTAAAAATCTT,0,1341579
furpa,0.25,3,3,CAGCCAAATCACGTCGTAAT,0,1278491
furpa,0.25,3,3,CAGATTCAGCTAGACATGTA,0,1323725
furpa,0.25,3,3,CAGACAGGATTCTACGACAC,0,1327888
furpa,0.25,3,3,CACTGAACCGTCGTAGTTCA,0,1307027
furpa,0.25,3,3,CACTACGAAGAGCGAGTCCA,0,1332166
furpa,0.25,3,3,CACCGGCACCGAATTACGTT,0,1308060
furpa,0.25,3,3,CACCATGAGCACAACTTTCG,0,1305687
furpa,0.25,3,3,CACCAGGTGTTTACAGGAAG,0,1281949
furpa,0.25,3,3,CACATAAAGCCAGGCTGAAG,0,1286852
furpa,0.25,3,3,CACAGTGACTGGCGTTACAG,0,1289404
furpa,0.25,3,3,CACAAGGGTTAGAGTATCGT,0,1298760
furpa,0.25,3,3,CAAGCCAGCACACTATCGAG,0,1305622
furpa,0.25,3,3,CAACTTCCACTACCTCTATA,0,1307223
furpa,0.25,3,3,CAAACAGAAATATTCGGATT,0,1288327
furpa,0.25,3,3,ATTTGCCAGATAGTGTCCAA,0,1321780
furpa,0.25,3,3,ATTGGATATGTTCTCCGCTA,0,1336214
furpa,0.25,3,3,ATTGGACGCTTACCCCCATT,0,1349572
furpa,0.25,3,3,ATTCGGGACTGTCAGACCAT,0,1341362
furpa,0.25,3,3,ATTCCCACACTAGGGCACGT,0,1301952
furpa,0.25,3,3,ATGTTAAAATCATGCGGTAG,0,1301194
furpa,0.25,3,3,ATGTATGGCTACATGCCTCG,0,1282365
furpa,0.25,3,3,ATGCTGCGAGAGCGCCATGA,0,1310590
furpa,0.25,3,3,ATGCGGTAACATATGGGTTG,0,1356315
furpa,0.25,3,3,ATGATAGGGACTTGACGACA,0,1290065
furpa,0.25,3,3,ATGAAACTGCTGCTTGTAAT,0,1298469
furpa,0.25,3,3,ATCGTCAACACGCAGGGGGA,0,1290771
furpa,0.25,3,3,ATCGCCACTAAAGAGGAATT,0,1306967
furpa,0.25,3,3,ATCGCACGAATAAGTAAGAC,0,1357799
furpa,0.25,3,3,ATCGAGTGCGCAGAGATAAT,0,1274136
furpa,0.25,3,3,ATCATTTTTCTTTGCCAAGC,0,1304964
furpa,0.25,3,3,ATCAGCGGTTCAAGTCACAT,0,1294799
furpa,0.25,3,3,ATATTAAATGGCCGTCACGT,0,1284135
furpa,0.25,3,3,ATATCGGCTCTAGGTCTATA,0,1339689
furpa,0.25,3,3,ATAGGCAAACGAAAATCAGC,0,1308547
furpa,0.25,3,3,ATACTCGCCACGAAACATCT,0,1350050
furpa,0.25,3,3,ATACGGAACTCTCGGAATCG,0,1290615
furpa,0.25,3,3,ATACGAGGCTTTAATCTGAC,0,1334245
furpa,0.25,3,3,ATAAGGCTCAAAAAATTCCA,0,1312985
furpa,0.25,3,3,AGTTCAGTTGTACCGTCGCG,0,1349916
furpa,0.25,3,3,AGTGGGGTGGCGCTCACGAT,0,1348429
furpa,0.25,3,3,AGTCTCTGCATATTCTAATG,0,1321206
furpa,0.25,3,3,AGTCGCGCGCCCCGGACAAC,0,1286468
furpa,0.25,3,3,AGTCCTGCGCAGTCAAAGGA,0,1326524
furpa,0.25,3,3,AGTCACCAGGATACCCACAT,0,1318620
furpa,0.25,3,3,AGGTTATCGGGTCAAGATCT,0,1271281
furpa,0.25,3,3,AGGGCCGCTTCGCTGCCCCA,0,1290875
furpa,0.25,3,3,AGGCAAAAGCCATATTGGTC,0,1351498
furpa,0.25,3,3,AGGAGGAAGGGGGGCTCACA,0,1287078
furpa,0.25,3,3,AGGAGCGGCTATGCACCGTT,0,1339357
furpa,0.25,3,3,AGCTGTGGAGCCCGATACTC,0,1335988
furpa,0.25,3,3,AGCTGCTACTGATTGCGACG,0,1284589
furpa,0.25,3,3,AGCTCAAACACCAGGCTAAC,0,1323669
furpa,0.25,3,3,AGCGCCATAGTTGTTTTTTA,0,1279178
furpa,0.25,3,3,AGCGAGGGGCTGGTTGCATT,0,1271934
furpa,0.25,3,3,AGCGAGCTTTGTTAACAGGT,0,1277600
furpa,0.25,3,3,AGCCTAGAAAACTTCCTAAC,0,1286203
furpa,0.25,3,3,AGCCCTGCGTAGACCTAAGA,0,1310346
furpa,0.25,3,3,AGCCCAGCAGCAGAAGAAGC,0,1272157
furpa,0.25,3,3,AGCCCAAGTCCGTTAAAGTG,0,1320048
furpa,0.25,3,3,AGCCAAAAACGAACGAGTGT,0,1273204
furpa,0.25,3,3,AGCAGCCCAGGACATAATGG,0,1278168
furpa,0.25,3,3,AGCAGACGCGTAAGACCATA,0,1282457
furpa,0.25,3,3,AGCAAAGGTTTTTACTCATG,0,1328331
furpa,0.25,3,3,AGATGTAAGTGAAGATAAAA,0,1294533
furpa,0.25,3,3,AGATGCGGAGGCATTATCCA,0,1291618
furpa,0.25,3,3,AGATAAGCGAATTTGAAGAC,0,1289402
furpa,0.25,3,3,AGAGTTACGCAACCGGATGC,0,1293989
furpa,0.25,3,3,AGAGCGGTAGTTAAATGTAA,0,1339867
furpa,0.25,3,3,AGAGCAGGCACGACTCTAGT,0,1324234
furpa,0.25,3,3,AGACGTGTAACTGAGTTGTT,0,1336828
furpa,0.25,3,3,AGACCCTCAGTTTAAGTCGT,0,1338278
furpa,0.25,3,3,AGACACCGGTATCCTTCCCT,0,1340656
furpa,0.25,3,3,AGAAGGGCAGGGTTAATGCT,0,1352811
furpa,0.25,3,3,AGAACCAAATGGCGCTCTAT,0,1323135
furpa,0.25,3,3,ACTTAGACGGGCGCCACACA,0,1292452
furpa,0.25,3,3,ACTGTTCGGCTCTCCATAGT,0,1330573
furpa,0.25,3,3,ACTGTAAATTAGGGGTACAA,0,1288100
furpa,0.25,3,3,ACTGCATAACGCTGTGAACA,0,1310096
furpa,0.25,3,3,ACTGCACTGTTCGAGGATAC,0,1349164
furpa,0.25,3,3,ACTCGGAGGCCATCGTACGT,0,1271507
furpa,0.25,3,3,ACTCCAGTTTATACGGTGAC,0,1327437
furpa,0.25,3,3,ACTCAAGTGGAGCTTTGGAG,0,1328825
furpa,0.25,3,3,ACTAGCCTAAGTTGGAAGCT,0,1344823
furpa,0.25,3,3,ACTACACTAGACAGGTGAGG,0,1291762
furpa,0.25,3,3,ACGTCGTTGTCCGGAAACAT,0,1287104
furpa,0.25,3,3,ACGTCGTTAAATCGGTCTTC,0,1357446
furpa,0.25,3,3,ACGTATATTTTAGCGTTAGT,0,1293432
furpa,0.25,3,3,ACGGGATGAAACTCATGGGG,0,1331838
furpa,0.25,3,3,ACGCGGCGGAGGGAGGAAAG,0,1331689
furpa,0.25,3,3,ACGCCGAGGTGCGAACAGAA,0,1271494
furpa,0.25,3,3,ACCTTTTGTATAACCCAAGA,0,1324448
furpa,0.25,3,3,ACCTTGTGAGACTAAGTCTC,0,1300909
furpa,0.25,3,3,ACCTAGAATTCGAAGTATTT,0,1354087
furpa,0.25,3,3,ACCTAGAAGATGACCACGTG,0,1310027
furpa,0.25,3,3,ACCGGTACCCGGTAGAGGCT,0,1313163
furpa,0.25,3,3,ACCGGGGTGGTGCACACCTC,0,1324374
furpa,0.25,3,3,ACCGGAGGCTCGCGTGCCTA,0,1333953
furpa,0.25,3,3,ACCGCTCGGTACTGTCCAGG,0,1298868
furpa,0.25,3,3,ACCCAGTAGACCACTCGAAA,0,1326381
furpa,0.25,3,3,ACCCAGACGCGCGCGTTTAC,0,1335281
furpa,0.25,3,3,ACCATCATGCACTCATGGAC,0,1307987
furpa,0.25,3,3,ACCAGTTATGGGTGACCGCA,0,1317603
furpa,0.25,3,3,ACATTCTCCTGTGCTCTCGC,0,1327531
furpa,0.25,3,3,ACATGAGGTAACGGGGTCGG,0,1293578
furpa,0.25,3,3,ACATCTGGTCTCATGGGATG,0,1271941
furpa,0.25,3,3,ACAGTGACAGTTGTGCGGAT,0,1272302
furpa,0.25,3,3,ACAGCGCCATCCTTACGTAT,0,1290318
furpa,0.25,3,3,ACAGCCTTGGCGCGGTAGGC,0,1281366
furpa,0.25,3,3,ACAGCAAGGTCACAGTAAGA,0,1346790
furpa,0.25,3,3,ACACTGCACAGTATGACTCT,0,1284760
furpa,0.25,3,3,ACACAGTAAAAGTGCGGGTA,0,1344921
furpa,0.25,3,3,ACAAAGTCCCACGATGCAAT,0,1338500
furpa,0.25,3,3,AATTTTAAACACGCGTATGC,0,1297952
furpa,0.25,3,3,AATGGAGAGTACCAACCTAA,0,1297526
furpa,0.25,3,3,AATCGTCACAGATGCTCCTG,0,1310666
furpa,0.25,3,3,AATCACGGGGAGCCGCCAAC,0,1330330
furpa,0.25,3,3,AATCAATCGGCCGACGGCAG,0,1301032
furpa,0.25,3,3,AATAGTTTCCCAGAGTGTTA,0,1322416
furpa,0.25,3,3,AAGTTCTACGGTGTGTCGTT,0,1349175
furpa,0.25,3,3,AAGGGTAATCTTAAAACGTC,0,1309407
furpa,0.25,3,3,AAGGGGTGAGAAACACTCAT,0,1341366
furpa,0.25,3,3,AAGGGAAGCGTCGGGACCAC,0,1275350
furpa,0.25,3,3,AAGGCGGATAGTCCGCTCCA,0,1308344
furpa,0.25,3,3,AAGGACGTAAAAGTCATCAT,0,1294468
furpa,0.25,3,3,AAGGAACGACCGCCGGAGGT,0,1301147
furpa,0.25,3,3,AAGCTAGTATGAGAACAACG,0,1338524
furpa,0.25,3,3,AACGTTGATATTGGTGATTA,0,1291462
furpa,0.25,3,3,AACGGTGTGACAGACAATTT,0,1292046
furpa,0.25,3,3,AACGCTTGATTTCGGGGGTA,0,1272200
furpa,0.25,3,3,AACGACATGCATCCACAGTG,0,1286239
furpa,0.25,3,3,AACCGGCGAAATGATGCCTT,0,1325064
furpa,0.25,3,3,AACAGGCAGAGTTATCGAAA,0,1339608
furpa,0.25,3,3,AACAAGCGGTCCGGCGAGAG,0,1325086
furpa,0.25,3,3,AAAGGGGAATACTCTAAATG,0,1331270
furpa,0.25,3,3,AAACGACTCAAACTGCCGAT,0,1297192
furpa,0.25,3,3,AAACCCTTATTCTGCGTGAA,0,1292859
furpa,0.25,3,3,AAAATCGGCCGTCCGACGAT,0,1335858
furpa,0.25,3,3,AAAATCCCGGATCTGATACA,0,1307140
furpa,0.25,3,3,AAAAGTTGCCTAGGGGGGGG,0,1286752
furpa,0.25,3,3,AAAAATAGGTTGCATTGTAT,0,1307776
furpa,0.3333333333333333,2,2,TTTTGGTTAGCAGAGGTGGA,0,1323828
furpa,0.3333333333333333,2,2,TTTTGCGGTAGTGTGGGCAG,0,1344996
furpa,0.3333333333333333,2,2,TTTTGACTCCGAGCCATGAT,0,1314066
furpa,0.3333333333333333,2,2,TTTTCTACCTCGTTAATGAG,0,1272279
furpa,0.3333333333333333,2,2,TTTTCGTCTTTTAAGCTAAA,0,1302539
furpa,0.3333333333333333,2,2,TTTTAGCGGGGCTTGTTGCG,0,1281328
furpa,0.3333333333333333,2,2,TTTTACGGTGGTTAGAGCGA,0,1322265
furpa,0.3333333333333333,2,2,TTTGGTACCGGTACTGAGAC,0,1295478
furpa,0.3333333333333333,2,2,TTTGCAAAATTTAACGACTG,0,1355273
furpa,0.3333333333333333,2,2,TTTGAGCAATAAGCCGCACA,0,1315025
furpa,0.3333333333333333,2,2,TTTCTTTGGATTGAACTCGT,0,1322246
furpa,0.3333333333333333,2,2,TTTCTTAGACGAGGCCGTGG,0,1301230
furpa,0.3333333333333333,2,2,TTTCGGTAATCATAGTCGGA,0,1344114
furpa,0.3333333333333333,2,2,TTTCGGAGACTACATAGACC,0,1326975
furpa,0.3333333333333333,2,2,TTTCGCCCCCCGGGCATTTG,0,1299182
furpa,0.3333333333333333,2,2,TTTCCGTACAGCACCTTTCA,0,1320538
furpa,0.3333333333333333,2,2,TTTCCCAGCAAAAAATGTCA,0,1328158
furpa,0.3333333333333333,2,2,TTTCAGGTTTTGCTCCAAGG,0,1299963
furpa,0.3333333333333333,2,2,TTTATTGAAGTAAGACTTCA,0,1356770
furpa,0.3333333333333333,2,2,TTTATGGAGCGAGATTCGGC,0,1337014
furpa,0.3333333333333333,2,2,TTTAGTTGTTTTTGAAATGA,0,1286674
furpa,0.3333333333333333,2,2,TTTAGGGACGGCTTCGTTAT,0,1331170
furpa,0.3333333333333333,2,2,TTTACTGGAACACCCACTCT,0,1280202
furpa,0.3333333333333333,2,2,TTTAATCACTTCGCTTCAAT,0,1320646
furpa,0.3333333333333333,2,2,TTTAATAGAAATGCATCGGT,0,1296415
furpa,0.3333333333333333,2,2,TTTAAGTTGGATGCCAGGAT,0,1353300
furpa,0.3333333333333333,2,2,TTGTTGTGCCAGGATTATAA,0,1343776
furpa,0.3333333333333333,2,2,TTGTTAACATTAATTTTTAC,0,1335024
furpa,0.3333333333333333,2,2,TTGTCTAAAGGTAACAAAAG,0,1296751
furpa,0.3333333333333333,2,2,TTGTCACCGTGAGACTTGCC,0,1319430
furpa,0.3333333333333333,2,2,TTGTCAAGGGCCACCAAGGC,0,1334204
furpa,0.3333333333333333,2,2,TTGTCAAGCAGCTCAACAAG,0,1305743
furpa,0.3333333333333333,2,2,TTGTACAAGGCGGCGTGGTT,0,1283112
furpa,0.3333333333333333,2,2,TTGGGTTTCACGAAGTTCCT,0,1277073
furpa,0.3333333333333333,2,2,TTGGGGAAGACTTCTGTCTT,0,1318184
furpa,0.3333333333333333,2,2,TTGGGCCAACCGAGCTCGCC,0,1293139
furpa,0.3333333333333333,2,2,TTGGGACGTAGCCTGCTGTG,0,1338953
furpa,0.3333333333333333,2,2,TTGGCTATACTCGCTGCTAT,0,1313094
furpa,0.3333333333333333,2,2,TTGGACGCGTCCCAGTCGGG,0,1306928
furpa,0.3333333333333333,2,2,TTGGACCGCTGGGGTTCGGA,0,1300277
furpa,0.3333333333333333,2,2,TTGGACAACACTTCTAGTGT,0,1357543
furpa,0.3333333333333333,2,2,TTGGAAGGCTAATAATACAT,0,1306421
furpa,0.3333333333333333,2,2,TTGATGCACGCCCGCTAAGT,0,1292085
furpa,0.3333333333333333,2,2,TTGAGTTGAATACAGGCGGA,0,1319374
furpa,0.3333333333333333,2,2,TTGAGTATGACCGCCGGCTC,0,1336869
furpa,0.3333333333333333,2,2,TTGACGTTTTACCGTGACAC,0,1326106
furpa,0.3333333333333333,2,2,TTCTGGATAGCATATTCTAG,0,1308422
furpa,0.3333333333333333,2,2,TTCTCCCAGCTTAACTACTG,0,1346703
furpa,0.3333333333333333,2,2,TTCTAGCTTACCCTAGGCCT,0,1300263
furpa,0.3333333333333333,2,2,TTCGTATCTTTTTGAAGGCT,0,1317422
furpa,0.3333333333333333,2,2,TTCGGTACCAAGACCATCCG,0,1311646
furpa,0.3333333333333333,2,2,TTCGCTGCGCTAGCCGATAC,0,1302944
furpa,0.3333333333333333,2,2,TTCGCCCCTCCGCAATTGAG,0,1346393
furpa,0.3333333333333333,2,2,TTCGAGATTAAGGCTTCTGT,0,1309706
furpa,0.3333333333333333,2,2,TTCCTAAGTACCGCCACGAG,0,1296614
furpa,0.3333333333333333,2,2,TTCCGCCGGCGACGGTGGTT,0,1303378
furpa,0.3333333333333333,2,2,TTCCGCATTTATTGTTGGGC,0,1291812
furpa,0.3333333333333333,2,2,TTCCCCTTTGGTTTAACTTA,0,1273920
furpa,0.3333333333333333,2,2,TTCATTCAGTATTTACTTCT,0,1286493
furpa,0.3333333333333333,2,2,TTCATGGGCAAAGCGACACA,0,1305401
furpa,0.3333333333333333,2,2,TTCAGCGTGTTTGTTGTGCG,0,1317280
furpa,0.3333333333333333,2,2,TTCAGACTACGTTCGTCCCA,0,1335509
furpa,0.3333333333333333,2,2,TTATTTTGTGTGGGTTTCGG,0,1309180
furpa,0.3333333333333333,2,2,TTATTATTGCAAAACTTTTT,0,1344506
furpa,0.3333333333333333,2,2,TTATCTCGAAACGGGGCAAG,0,1325907
furpa,0.3333333333333333,2,2,TTATCGGTGGTCCGTTCAGA,0,1302885
furpa,0.3333333333333333,2,2,TTATAGAACCACGCGGCTCA,0,1276557
furpa,0.3333333333333333,2,2,TTATAAACGTGCGAATAGCG,0,1290401
furpa,0.3333333333333333,2,2,TTAGTGCGCACCTTTGGCCA,0,1311930
furpa,0.3333333333333333,2,2,TTAGTGATTTCTATACAAAG,0,1323372
furpa,0.3333333333333333,2,2,TTAGGTGCATAGATGTCTCG,0,1352709
furpa,0.3333333333333333,2,2,TTAGGGGGACGCACGTAAGT,0,1341317
furpa,0.3333333333333333,2,2,TTAGCGAGATCACTGGGACA,0,1344009
furpa,0.3333333333333333,2,2,TTAGCACAATGCCCTGGGAT,0,1354512
furpa,0.3333333333333333,2,2,TTACTCTCAGAGCTACTACA,0,1338846
furpa,0.3333333333333333,2,2,TTACGAGAGTCCGAGCGCTA,0,1316684
furpa,0.3333333333333333,2,2,TTACCGCTACGAGTAGACTG,0,1355844
furpa,0.3333333333333333,2,2,TTACCCCTTAGGGGTATGGT,0,1289930
furpa,0.3333333333333333,2,2,TTACCAGAATTCTATGCTAG,0,1352536
furpa,0.3333333333333333,2,2,TTACCACGGCCTTTCACCAA,0,1321172
furpa,0.3333333333333333,2,2,TTACACGCTGGCTGTACGGC,0,1314059
furpa,0.3333333333333333,2,2,TTAATTGAAGATTCGTCAAC,0,1311330
furpa,0.3333333333333333,2,2,TTAATCGATAACGCTTTTTT,0,1307877
furpa,0.3333333333333333,2,2,TTAACCATCAGCAACAATTA,0,1286601
furpa,0.3333333333333333,2,2,TGTTCGACTAAAGCGAGAGA,0,1338515
furpa,0.3333333333333333,2,2,TGTTACAAGTGCTATACATT,0,1354582
furpa,0.3333333333333333,2,2,TGTGGATCTCCTATGACTTC,0,1312683
furpa,0.3333333333333333,2,2,TGTGAGGCAACTCGGCATTC,0,1348430
furpa,0.3333333333333333,2,2,TGTCTGCATTCCCCCGTACT,0,1314839
furpa,0.3333333333333333,2,2,TGTCTCCCTGCCCATGGCCA,0,1356509
furpa,0.3333333333333333,2,2,TGTCCGGTGGTGTCCAGCCC,0,1271815
furpa,0.3333333333333333,2,2,TGTATTAGTCTTCCTCGTTA,0,1333971
furpa,0.3333333333333333,2,2,TGTAGGTCAGGATAGCGTCG,0,1278911
furpa,0.3333333333333333,2,2,TGTAATCCAACTTGTATCAT,0,1345420
furpa,0.3333333333333333,2,2,TGTAATACAACTATCGCCCA,0,1273233
furpa,0.3333333333333333,2,2,TGGTTAGTTAATTAGATCAT,0,1355186
furpa,0.3333333333333333,2,2,TGGTACGCTCCGACGTTTCC,0,1289491
furpa,0.3333333333333333,2,2,TGGGTTTATCAGCTGTACTT,0,1327110
furpa,0.3333333333333333,2,2,TGGGTTACTATCACTGGGAT,0,1282893
furpa,0.3333333333333333,2,2,TGGGGCGGACTCAGATTTAT,0,1292668
furpa,0.3333333333333333,2,2,TGGCGGTAACCAATTGGTGG,0,1281948
furpa,0.3333333333333333,2,2,TGGCCTCACGTGCGGCTACG,0,1281078
furpa,0.3333333333333333,2,2,TGGCAGGCCCGGTGATAAAC,0,1339924
furpa,0.3333333333333333,2,2,TGGCACGATTTCTGTCCTCG,0,1301316
furpa,0.3333333333333333,2,2,TGGCAAAATTTGTAACAGCG,0,1326453
furpa,0.3333333333333333,2,2,TGGATGGGGCGGATGGGCGG,0,1322471
furpa,0.3333333333333333,2,2,TGGATGCAGCCATGAAACAA,0,1355257
furpa,0.3333333333333333,2,2,TGGATCGCAACACTACTTAG,0,1346593
furpa,0.3333333333333333,2,2,TGGAGGCTCCAGTGAGGTAT,0,1278416
furpa,0.3333333333333333,2,2,TGGAGCAACCGTGGGGGCTA,0,1306927
furpa,0.3333333333333333,2,2,TGGACCCTTAGAATTGCTGC,0,1331757
furpa,0.3333333333333333,2,2,TGGACCACCCGAGTAGTTAG,0,1287989
furpa,0.3333333333333333,2,2,TGGAATCCTCGTTATGCAAG,0,1331399
furpa,0.3333333333333333,2,2,TGGAAGTACAGACTTGCCCC,0,1285036
furpa,0.3333333333333333,2,2,TGCTTTAATGACAAGTGATA,0,1286050
furpa,0.3333333333333333,2,2,TGCTGACGTTGACCTCGAAA,0,1271829
furpa,0.3333333333333333,2,2,TGCTCCCAACGTTATATGTA,0,1346237
furpa,0.3333333333333333,2,2,TGCTCCAAGGACCCGTTCAG,0,1336335
furpa,0.3333333333333333,2,2,TGCTATACATGTAGTGGCAA,0,1290892
furpa,0.3333333333333333,2,2,TGCGTTGACGCCTGTGAAGG,0,1323233
furpa,0.3333333333333333,2,2,TGCGTGAGTGTATTTCTATA,0,1310975
furpa,0.3333333333333333,2,2,TGCGTCAGCCAAGACGCATT,0,1315646
furpa,0.3333333333333333,2,2,TGCGGGTCCAACCCAAGTCA,0,1325309
furpa,0.3333333333333333,2,2,TGCGGAGCCCAAATCATGAC,0,1305084
furpa,0.3333333333333333,2,2,TGCGCCCCGCTTGACAGAAA,0,1292442
furpa,0.3333333333333333,2,2,TGCGAGTGTTTAGAGTGGAT,0,1332959
furpa,0.3333333333333333,2,2,TGCCTTCATGGGCTAGGTAT,0,1300784
furpa,0.3333333333333333,2,2,TGCCTCATCGTCGTCAGACC,0,1315923
furpa,0.3333333333333333,2,2,TGCCGATTTCTGATCACTGG,0,1299917
furpa,0.3333333333333333,2,2,TGCCGATTGCACAAAAAAAT,0,1346477
furpa,0.3333333333333333,2,2,TGCCCACAGGGCTGAGTGAT,0,1279618
furpa,0.3333333333333333,2,2,TGCCAGTCCCCGGCCGACGT,0,1284306
furpa,0.3333333333333333,2,2,TGCCAGTCATGCGGGCTGTG,0,1293978
furpa,0.3333333333333333,2,2,TGCCAGAAGGTCGTACTACG,0,1314286
furpa,0.3333333333333333,2,2,TGCATACAGAAGCGCATACA,0,1277744
furpa,0.3333333333333333,2,2,TGCACCGTTTAAGCACGCTA,0,1308604
furpa,0.3333333333333333,2,2,TGCACAACAACTATTGTCTC,0,1305458
furpa,0.3333333333333333,2,2,TGCAATCCGAACATGCCGTA,0,1289204
furpa,0.3333333333333333,2,2,TGCAAGTGAACAGAGTTTGG,0,1341933
furpa,0.3333333333333333,2,2,TGATTGTGTTTGCCACTAGC,0,1302688
furpa,0.3333333333333333,2,2,TGATTCAACTGAACGTCCTC,0,1347392
furpa,0.3333333333333333,2,2,TGATGGGGTTCACAAACAGT,0,1346145
furpa,0.3333333333333333,2,2,TGATCAGTTCAAAAATACAG,0,1322694
furpa,0.3333333333333333,2,2,TGATATTCCGATATCAACAG,0,1280915
furpa,0.3333333333333333,2,2,TGATAGACGCGGCGTGTGTG,0,1294560
furpa,0.3333333333333333,2,2,TGAGTCTCCGGACATGGCCT,0,1299766
furpa,0.3333333333333333,2,2,TGAGTAAATTCAGATTCTGT,0,1301040
furpa,0.3333333333333333,2,2,TGAGGTCTGACGGGTGGCAG,0,1294605
furpa,0.3333333333333333,2,2,TGAGGATGTGCGAACATCTC,0,1307363
furpa,0.3333333333333333,2,2,TGAGATATAACGCGAAAACC,0,1347069
furpa,0.3333333333333333,2,2,TGACGTGAGCCTACGGCTCT,0,1332716
furpa,0.3333333333333333,2,2,TGACGAAAAAGCCCACAGAC,0,1341478
furpa,0.3333333333333333,2,2,TGACCTATGTTTACCATAAA,0,1307359
furpa,0.3333333333333333,2,2,TGACCGTTTACCTGTCAGGA,0,1271531
furpa,0.3333333333333333,2,2,TGACCGCGTTAGTACTTGGA,0,1302454
furpa,0.3333333333333333,2,2,TGACCCGTTCACCTATTGCC,0,1294993
furpa,0.3333333333333333,2,2,TGACCAAGGGCGCCTGTAGA,0,1328017
furpa,0.3333333333333333,2,2,TGACATGGGCAGCCCTCACA,0,1353004
furpa,0.3333333333333333,2,2,TGACAGGATCGATGACACCA,0,1287114
furpa,0.3333333333333333,2,2,TGACACGGGGACCGCCAGGT,0,1294702
furpa,0.3333333333333333,2,2,TGAATCACTCTGCAAGCGTC,0,1299965
furpa,0.3333333333333333,2,2,TGAAGCCGGTCCTTAGAATG,0,1323973
furpa,0.3333333333333333,2,2,TGAACAGGTTCGTGAGAGTT,0,1355703
furpa,0.3333333333333333,2,2,TCTTTATTACCAAGGAGGGT,0,1349391
furpa,0.3333333333333333,2,2,TCTTTAAGTGGCTATAGTCG,0,1311498
furpa,0.3333333333333333,2,2,TCTTGCTCCATAGAAATCTG,0,1305240
furpa,0.3333333333333333,2,2,TCTTGCAGCTGTCCACGTAA,0,1318155
furpa,0.3333333333333333,2,2,TCTTATTGCCTGTTAATTGT,0,1281053
furpa,0.3333333333333333,2,2,TCTTACTTTGACTAATCTTC,0,1337075
furpa,0.3333333333333333,2,2,TCTGTTCGCGTGATCGACCA,0,1283707
furpa,0.3333333333333333,2,2,TCTGTCGTTATCCCTCAGGT,0,1305461
furpa,0.3333333333333333,2,2,TCTGTAGGCAACGTAGCCAC,0,1349671
furpa,0.3333333333333333,2,2,TCTGGATGCACGATTATACA,0,1274759
furpa,0.3333333333333333,2,2,TCTGCTTGAGAGTCGCGCTG,0,1342169
furpa,0.3333333333333333,2,2,TCTGAAGCTCGATTACAGGC,0,1282761
furpa,0.3333333333333333,2,2,TCTCTCGTTTCATGATGCGA,0,1311174
furpa,0.3333333333333333,2,2,TCTCGGAGTTCAGGTATGTG,0,1279169
furpa,0.3333333333333333,2,2,TCTCCAGCTACCCGTCTCAG,0,1287558
furpa,0.3333333333333333,2,2,TCTCATGAGACGCGAGGAAT,0,1299851
furpa,0.3333333333333333,2,2,TCTCAGACGGTATCAAAAGT,0,1347837
furpa,0.3333333333333333,2,2,TCTATGCCCCGGGGGACCCA,0,1317292
furpa,0.3333333333333333,2,2,TCTATCCAGGGCTAATGCCT,0,1290408
furpa,0.3333333333333333,2,2,TCTACCTATGTGCTTATCGT,0,1298004
furpa,0.3333333333333333,2,2,TCTACCGCAGATCGATGATC,0,1320142
furpa,0.3333333333333333,2,2,TCTACATATCTAGAGGCGGA,0,1337757
furpa,0.3333333333333333,2,2,TCTAACTCTTTCGGTTTTTG,0,1297895
furpa,0.3333333333333333,2,2,TCGTTCTGAAAGTCTGCACT,0,1281424
furpa,0.3333333333333333,2,2,TCGTGTTTGTTTGCTTATTT,0,1338747
furpa,0.3333333333333333,2,2,TCGTGTCTTGGCTTCATTGC,0,1347197
furpa,0.3333333333333333,2,2,TCGTGCTAGACCTGTCATGC,0,1292402
furpa,0.3333333333333333,2,2,TCGTCATGTGGTTCGGCCTA,0,1286816
furpa,0.3333333333333333,2,2,TCGTAGTCAGCTTGGGATCT,0,1310912
furpa,0.3333333333333333,2,2,TCGGTATTTAACGGGCCAAA,0,1320918
furpa,0.3333333333333333,2,2,TCGGCTTCTATCACGGACCA,0,1296416
furpa,0.3333333333333333,2,2,TCGGCCATTACTCTGGGCTT,0,1320676
furpa,0.3333333333333333,2,2,TCGCTTTGCACTAGAATTCC,0,1327847
furpa,0.3333333333333333,2,2,TCGCGTTAAAACGACTTTAG,0,1340863
furpa,0.3333333333333333,2,2,TCGCGCTTCCGTACGACGAA,0,1330853
furpa,0.3333333333333333,2,2,TCGCGCCTATAGGACAAGTC,0,1320581
furpa,0.3333333333333333,2,2,TCGCCCAAATGAGCTCACCA,0,1329852
furpa,0.3333333333333333,2,2,TCGCCACGAGTTACTTAACA,0,1325053
furpa,0.3333333333333333,2,2,TCGATGTTGCTACCCTTGTT,0,1277752
furpa,0.3333333333333333,2,2,TCGAGTGTGGAGCATACCAT,0,1328116
furpa,0.3333333333333333,2,2,TCGACGGTGAGTATTACTGT,0,1293433
furpa,0.3333333333333333,2,2,TCGACGCACGTTGCTTCATT,0,1335997
furpa,0.3333333333333333,2,2,TCGACCAAGGCCGGGAAGAG,0,1357252
furpa,0.3333333333333333,2,2,TCGAATGAAACGTCCAACTT,0,1345714
furpa,0.3333333333333333,2,2,TCGAACCATCGTTTTGGCAT,0,1345729
furpa,0.3333333333333333,2,2,TCCTTCACATTCGCGGAAGC,0,1350808
furpa,0.3333333333333333,2,2,TCCTCAACTTAAAATCGAGC,0,1348851
furpa,0.3333333333333333,2,2,TCCTAGTCGCGCGCAAGACG,0,1340080
furpa,0.3333333333333333,2,2,TCCGTGGTAATTGCCTTGCG,0,1271860
furpa,0.3333333333333333,2,2,TCCGTCCTATTGTACCGGGG,0,1338653
furpa,0.3333333333333333,2,2,TCCCTTGTGACCCTATACTC,0,1285042
furpa,0.3333333333333333,2,2,TCCCGGATACCACAGTACCT,0,1282949
furpa,0.3333333333333333,2,2,TCCCGACTAGAGAGACCAAG,0,1319825
furpa,0.3333333333333333,2,2,TCCCACAAGGAGGTGATGAA,0,1280865
furpa,0.3333333333333333,2,2,TCCCAAGCGTCCCGTACAGC,0,1356061
furpa,0.3333333333333333,2,2,TCCATTCCTGGACCTTCGTA,0,1292373
furpa,0.3333333333333333,2,2,TCCATCACTTCCGAACTTAA,0,1350951
furpa,0.3333333333333333,2,2,TCCAGGTAGTTACGCCGTGT,0,1346096
furpa,0.3333333333333333,2,2,TCCAGAGCAATAAGTTGGAA,0,1356582
furpa,0.3333333333333333,2,2,TCCACCTTGTATCCATCCAA,0,1315183
furpa,0.3333333333333333,2,2,TCCACATGATCTTGCACGGG,0,1321264
furpa,0.3333333333333333,2,2,TCCACAGGAGCAGTCCGCTA,0,1289638
furpa,0.3333333333333333,2,2,TCCAAGGCATTCATAGATCA,0,1305233
furpa,0.3333333333333333,2,2,TCCAAGCCGGATTACGGTAT,0,1287670
furpa,0.3333333333333333,2,2,TCATTTCCGTTTATGAATGA,0,1296290
furpa,0.3333333333333333,2,2,TCATCCGTTTAAAGTGCCAG,0,1300560
furpa,0.3333333333333333,2,2,TCATCAGCTAGGCTAGGATT,0,1305365
furpa,0.3333333333333333,2,2,TCATATGACAAGGGTAATCG,0,1356095
furpa,0.3333333333333333,2,2,TCATAGCCAACCTGAATGTT,0,1292763
furpa,0.3333333333333333,2,2,TCAGTTCGCCCGACGTCTCT,0,1320882
furpa,0.3333333333333333,2,2,TCAGTCGAGAAATTGCTCGC,0,1313247
furpa,0.3333333333333333,2,2,TCAGTAAGATATGCCCACGT,0,1286783
furpa,0.3333333333333333,2,2,TCAGGTGCGGAAGCACTTCA,0,1290070
furpa,0.3333333333333333,2,2,TCAGGCGTTGTTTGGACGCT,0,1308226
furpa,0.3333333333333333,2,2,TCAGGCAGGATCGAGCATCT,0,1327894
furpa,0.3333333333333333,2,2,TCAGGCAGCGAGCATACATC,0,1282094
furpa,0.3333333333333333,2,2,TCAGGACCTTTAGCAGTAGT,0,1289015
furpa,0.3333333333333333,2,2,TCAGATTGTTGGCGACTTGG,0,1306001
furpa,0.3333333333333333,2,2,TCACTGCCGAACAAATGCTA,0,1350182
furpa,0.3333333333333333,2,2,TCACTCCAGCAAAGCAGCCC,0,1306068
furpa,0.3333333333333333,2,2,TCACGCCCCCCATGAAGTTC,0,1271326
furpa,0.3333333333333333,2,2,TCACAAATGCGGAATCGCCC,0,1319325
furpa,0.3333333333333333,2,2,TCAATCACTTGATGCCCCGC,0,1276624
furpa,0.3333333333333333,2,2,TCAAAGGGTACTCCGAAACC,0,1296643
furpa,0.3333333333333333,2,2,TCAAAGCCAGCTCCTCCGGG,0,1307680
furpa,0.3333333333333333,2,2,TATTGTCAAAACGTGGGCAG,0,1309976
furpa,0.3333333333333333,2,2,TATTCGCGGTGCTGTCCCGA,0,1299384
furpa,0.3333333333333333,2,2,TATTATTGGGTCTAGATTCT,0,1305710
furpa,0.3333333333333333,2,2,TATGTTTGTATCTCGGCAAT,0,1327976
furpa,0.3333333333333333,2,2,TATGTCTTGTGGGCGCACGG,0,1277047
furpa,0.3333333333333333,2,2,TATGTAGACAAAGAGGACAG,0,1355444
furpa,0.3333333333333333,2,2,TATGGTTTTTAGTGTTTACC,0,1282715
furpa,0.3333333333333333,2,2,TATGCTTTACGCAAAGTGTC,0,1307176
furpa,0.3333333333333333,2,2,TATGCAGATGCGTGTTTAAG,0,1341248
furpa,0.3333333333333333,2,2,TATGATTCATAAGTAAAGCT,0,1286694
furpa,0.3333333333333333,2,2,TATGATAGTGCCACAAATGG,0,1290609
furpa,0.3333333333333333,2,2,TATGACGGAAGTGCTCCACA,0,1286094
furpa,0.3333333333333333,2,2,TATCTTGCGATGAGTTCAAG,0,1302917
furpa,0.3333333333333333,2,2,TATCGTCTATCTGGACTGAC,0,1319910
furpa,0.3333333333333333,2,2,TATCAACGGGTTTGGGCTAG,0,1313934
furpa,0.3333333333333333,2,2,TATATCTTGGTAGATTAGAG,0,1318088
furpa,0.3333333333333333,2,2,TATAGTCAACTCTACTGTGT,0,1313888
furpa,0.3333333333333333,2,2,TATAGATGCGTGAGAGTCGA,0,1311992
furpa,0.3333333333333333,2,2,TATACCATCAGTAGTTGGTA,0,1333870
furpa,0.3333333333333333,2,2,TAGGTTCGTAGTTGTGGTGG,0,1325436
furpa,0.3333333333333333,2,2,TAGGCTTCCCGTTACCATGG,0,1317293
furpa,0.3333333333333333,2,2,TAGGCTCAGTGATGTCCCGG,0,1286369
furpa,0.3333333333333333,2,2,TAGGCAACATTCCTTACGCC,0,1273353
furpa,0.3333333333333333,2,2,TAGGATTTTTCCAGCGAACA,0,1306595
furpa,0.3333333333333333,2,2,TAGGATGGTTTAAGGAATAT,0,1347716
furpa,0.3333333333333333,2,2,TAGCTTGAATCCTGGCACTA,0,1333018
furpa,0.3333333333333333,2,2,TAGCTATAGGTCTCAAGGTG,0,1298911
furpa,0.3333333333333333,2,2,TAGCGGCCTGAATAATAGCC,0,1351623
furpa,0.3333333333333333,2,2,TAGCGGCCGCGGCTCCCCTC,0,1340972
furpa,0.3333333333333333,2,2,TAGCCGAAACGCATCTAAAC,0,1310977
furpa,0.3333333333333333,2,2,TAGCCCCAACCTCCCTACAA,0,1285178
furpa,0.3333333333333333,2,2,TAGAGGGATTCTTTAGTCCC,0,1293785
furpa,0.3333333333333333,2,2,TAGACAGGGCTTCTCTACAT,0,1299476
furpa,0.3333333333333333,2,2,TAGAACTACAGTCCTTGGTC,0,1274438
furpa,0.3333333333333333,2,2,TACTTTAGTCCCTGATTTCC,0,1290472
furpa,0.3333333333333333,2,2,TACTATGAGGAACGCTTAAA,0,1299587
furpa,0.3333333333333333,2,2,TACTATACTAAGTTTGATGG,0,1289970
furpa,0.3333333333333333,2,2,TACTAAGTCTGGCCATCCAA,0,1342150
furpa,0.3333333333333333,2,2,TACGTTCTTGCGATAGTAAA,0,1341404
furpa,0.3333333333333333,2,2,TACGTCGGGTTGTGTAAAAT,0,1310447
furpa,0.3333333333333333,2,2,TACGGGGGCAGAACAATCGA,0,1280515
furpa,0.3333333333333333,2,2,TACCTTTCAATTTACGCCGC,0,1314228
furpa,0.3333333333333333,2,2,TACCTTAGCCATAGTATATG,0,1276895
furpa,0.3333333333333333,2,2,TACCGTCCTGTAATTCCCCA,0,1296229
furpa,0.3333333333333333,2,2,TACCGATAAAAGGGCTCGGG,0,1274041
furpa,0.3333333333333333,2,2,TACATACCGTTTAGGAAGTC,0,1315849
furpa,0.3333333333333333,2,2,TACACCTTCAGCGTGTTGGC,0,1284178
furpa,0.3333333333333333,2,2,TACACCATACAGTGCTTAGA,0,1297960
furpa,0.3333333333333333,2,2,TAATGACCAAGCTGTAAAAT,0,1305561
furpa,0.3333333333333333,2,2,TAATACCTTGCGTGTAGCCT,0,1277201
furpa,0.3333333333333333,2,2,TAAGGTAGTGAACGCTATTA,0,1279926
furpa,0.3333333333333333,2,2,TAAGATTTCACTGAGGAGAG,0,1331284
furpa,0.3333333333333333,2,2,TAAGACACGCTCCCGGGAAG,0,1285685
furpa,0.3333333333333333,2,2,TAACGACGATCCACTCCTTT,0,1315204
furpa,0.3333333333333333,2,2,TAACCTTTATGTGGTCGGGA,0,1275328
furpa,0.3333333333333333,2,2,TAACAGATGCTTTGATAGTT,0,1334244
furpa,0.3333333333333333,2,2,TAAATTTGATCGTGCCTAAG,0,1351775
furpa,0.3333333333333333,2,2,TAAATTGGAGCGCGTTAGTT,0,1329301
furpa,0.3333333333333333,2,2,TAAATCTAGATCGCATATGT,0,1335531
furpa,0.3333333333333333,2,2,TAAATAGACAGGCCACCAGA,0,1306653
furpa,0.3333333333333333,2,2,TAAAGTCAAGAGCGTCGCTA,0,1323784
furpa,0.3333333333333333,2,2,TAAACTTCCCACTCACTGAT,0,1341621
furpa,0.3333333333333333,2,2,TAAACACGCGGTATGAAAGC,0,1337490
furpa,0.3333333333333333,2,2,TAAAACGCGAGGCATTTGCT,0,1331530
furpa,0.3333333333333333,2,2,GTTTGCGGTGGCATAGGAAC,0,1327966
furpa,0.3333333333333333,2,2,GTTTGCCCATGTCTCTACCT,0,1352823
furpa,0.3333333333333333,2,2,GTTTGAGTCTTCCATGACGT,0,1347188
furpa,0.3333333333333333,2,2,GTTTAGCCGGCTATCAGGGA,0,1334857
furpa,0.3333333333333333,2,2,GTTGCCATTCTGATCCTTCA,0,1350141
furpa,0.3333333333333333,2,2,GTTGATACGCGTATTCCGCA,0,1297445
furpa,0.3333333333333333,2,2,GTTGAGTGCCTTAGTTCCGA,0,1334034
furpa,0.3333333333333333,2,2,GTTGAAGACAGTTCCTCTGC,0,1346340
furpa,0.3333333333333333,2,2,GTTCTATTCCAAATGATCAT,0,1346950
furpa,0.3333333333333333,2,2,GTTCGCAGAATCTGGGAGCA,0,1337593
furpa,0.3333333333333333,2,2,GTTCATATCGAAATCGTCTG,0,1303984
furpa,0.3333333333333333,2,2,GTTATAGAGTGCAGCTGTCA,0,1310691
furpa,0.3333333333333333,2,2,GTTAGAGTCCACGTCCCGTT,0,1334722
furpa,0.3333333333333333,2,2,GTTAGACGGCATAATTATCA,0,1283978
furpa,0.3333333333333333,2,2,GTTACTTTCTTCGGCAGGCA,0,1310740
furpa,0.3333333333333333,2,2,GTTACGGCAGCTCTGAGATC,0,1272653
furpa,0.3333333333333333,2,2,GTTACACGGCAAGCGCCGTA,0,1323889
furpa,0.3333333333333333,2,2,GTTAATTTGGTTCGAACTAG,0,1324845
furpa,0.3333333333333333,2,2,GTTAATCCCGTTTTGAGAGA,0,1315734
furpa,0.3333333333333333,2,2,GTTAATAGGGATTTCTAGAC,0,1322426
furpa,0.3333333333333333,2,2,GTTAAGAGGTGGGTTGAGCA,0,1341818
furpa,0.3333333333333333,2,2,GTTAAAAGACATGTCAGGTC,0,1344922
furpa,0.3333333333333333,2,2,GTGTTCTCGGCACAAGACTG,0,1311695
furpa,0.3333333333333333,2,2,GTGTTAGTTCACTAGGGACA,0,1328089
furpa,0.3333333333333333,2,2,GTGTCTCTGGTAAAATTTAT,0,1311810
furpa,0.3333333333333333,2,2,GTGTCGTCTGTCTGTGAGAT,0,1284017
furpa,0.3333333333333333,2,2,GTGTAGCCGGACGCAGTCAG,0,1316379
furpa,0.3333333333333333,2,2,GTGTAACTATATGGCTGCGC,0,1326098
furpa,0.3333333333333333,2,2,GTGTAACAGAGGAAACGGAG,0,1324179
furpa,0.3333333333333333,2,2,GTGGTTACTGGCAATTCAAC,0,1278077
furpa,0.3333333333333333,2,2,GTGGGCCTTAGAAGCGCCCT,0,1334679
furpa,0.3333333333333333,2,2,GTGGCCACTCTAGCTTTAGA,0,1323624
furpa,0.3333333333333333,2,2,GTGGAAGCGCATCAGTTAAG,0,1271930
furpa,0.3333333333333333,2,2,GTGCTATATGACCTCAGATC,0,1284884
furpa,0.3333333333333333,2,2,GTGCTAGGCAGGTGGCATCT,0,1331393
furpa,0.3333333333333333,2,2,GTGATTGATTGCTTTCTTTG,0,1328724
furpa,0.3333333333333333,2,2,GTGAGGGACGGACCGCCTTC,0,1273614
furpa,0.3333333333333333,2,2,GTGAGGCCCGTGCATAGAGA,0,1286479
furpa,0.3333333333333333,2,2,GTGACATTCGGTAGTTTGGA,0,1278208
furpa,0.3333333333333333,2,2,GTGAAGCAGTTCCTGCCCCA,0,1271987
furpa,0.3333333333333333,2,2,GTCTTCGGCCTGATCCCAGG,0,1329094
furpa,0.3333333333333333,2,2,GTCTGGTACCATCCGTTCCT,0,1338628
furpa,0.3333333333333333,2,2,GTCTGAGCATCCTCTTTCTT,0,1308377
furpa,0.3333333333333333,2,2,GTCTCCCAGGTCTGTCCGCT,0,1342934
furpa,0.3333333333333333,2,2,GTCTCAGGTTTGTTCACATA,0,1301438
furpa,0.3333333333333333,2,2,GTCTCACGTAAGATTTAATC,0,1329428
furpa,0.3333333333333333,2,2,GTCTATTGAGCCACACCTCA,0,1326338
furpa,0.3333333333333333,2,2,GTCTAGCGGAGCATGGGTTT,0,1293113
furpa,0.3333333333333333,2,2,GTCTACTTAGCCCCCAGCTG,0,1303172
furpa,0.3333333333333333,2,2,GTCGTTGGCGGGGCGGCAAA,0,1271541
furpa,0.3333333333333333,2,2,GTCGTTACACTCGGACACGG,0,1344986
furpa,0.3333333333333333,2,2,GTCGGTGAAGGCCGGAGTCT,0,1345653
furpa,0.3333333333333333,2,2,GTCCTCAACCGGCAATCTTC,0,1290856
furpa,0.3333333333333333,2,2,GTCCTATAAGGGAAGGGATT,0,1313209
furpa,0.3333333333333333,2,2,GTCCGGGGCCTCATATAGAT,0,1301700
furpa,0.3333333333333333,2,2,GTCCGGGCGACAACGGAGGT,0,1297901
furpa,0.3333333333333333,2,2,GTCCCGGTATCGTTACGCCG,0,1280742
furpa,0.3333333333333333,2,2,GTCCAGAGGTACTTTGCGAG,0,1326905
furpa,0.3333333333333333,2,2,GTCATATTAAACGCTTCTGA,0,1278927
furpa,0.3333333333333333,2,2,GTCAGAGGCCCGGTGCAGCG,0,1320152
furpa,0.3333333333333333,2,2,GTCACGTGGGAATCTTTTTC,0,1292296
furpa,0.3333333333333333,2,2,GTCAAGATGTGACGCTTTGT,0,1300393
furpa,0.3333333333333333,2,2,GTATGCAGAAAATAAGATAT,0,1291308
furpa,0.3333333333333333,2,2,GTATCACCACCGTCTAATAC,0,1311008
furpa,0.3333333333333333,2,2,GTAGGCCCAGTTTCGCGCAA,0,1339423
furpa,0.3333333333333333,2,2,GTAGGCAGACTACGTTCTAC,0,1310791
furpa,0.3333333333333333,2,2,GTAGACTGAACTTTATACGG,0,1301566
furpa,0.3333333333333333,2,2,GTAGAATGCAGGCACTTTAG,0,1340039
furpa,0.3333333333333333,2,2,GTACTTCGAGCTAGCTAGTT,0,1285031
furpa,0.3333333333333333,2,2,GTACGGGACAATGTGTTTTG,0,1354316
furpa,0.3333333333333333,2,2,GTACGCACGTCCCCTCGTGC,0,1351553
furpa,0.3333333333333333,2,2,GTACGACCTAAGATGCAATT,0,1357318
furpa,0.3333333333333333,2,2,GTACCCCATATTACTACCAG,0,1349880
furpa,0.3333333333333333,2,2,GTACCCAGAAATATAAGTGC,0,1349577
furpa,0.3333333333333333,2,2,GTACAAAAAACGGCCTTTAA,0,1310879
furpa,0.3333333333333333,2,2,GTAATTGCCTAAAGATAAAA,0,1334997
furpa,0.3333333333333333,2,2,GTAATCCCTGATCGGGAGCG,0,1355457
furpa,0.3333333333333333,2,2,GTAATAGCAACGGCCAAACG,0,1357435
furpa,0.3333333333333333,2,2,GTAAGGAGGGCCGCTTGCCT,0,1332916
furpa,0.3333333333333333,2,2,GGTTGTCCCATGGGATTTTA,0,1279249
furpa,0.3333333333333333,2,2,GGTTGCTAGAACAAATTTAA,0,1346904
furpa,0.3333333333333333,2,2,GGTTCATTCCCGGATTTTGA,0,1289595
furpa,0.3333333333333333,2,2,GGTTATCACCGATAACAAGT,0,1294326
furpa,0.3333333333333333,2,2,GGTTAGGTACGGACCTCTGG,0,1355054
furpa,0.3333333333333333,2,2,GGTGTCCTTCTCGCGAACCA,0,1331971
furpa,0.3333333333333333,2,2,GGTGGTATAAAAACCAGTCA,0,1284827
furpa,0.3333333333333333,2,2,GGTGGGTCCGGTATTCATTA,0,1331333
furpa,0.3333333333333333,2,2,GGTGCCTGCAGTTAGACCAT,0,1315993
furpa,0.3333333333333333,2,2,GGTGCAGGTGTTAAATGATG,0,1312636
furpa,0.3333333333333333,2,2,GGTGAGGACATAATCGGTGA,0,1281337
furpa,0.3333333333333333,2,2,GGTCTCGTGAAGCACGCATA,0,1305501
furpa,0.3333333333333333,2,2,GGTCGTTGAATAGTTATCAG,0,1330908
furpa,0.3333333333333333,2,2,GGTCCTATACAGGAGCATTA,0,1326097
furpa,0.3333333333333333,2,2,GGTCCAGAACTGACATGGGT,0,1307837
furpa,0.3333333333333333,2,2,GGTCAGAATTGATCATATAG,0,1309772
furpa,0.3333333333333333,2,2,GGTCACACGTTTCGATATAT,0,1349664
furpa,0.3333333333333333,2,2,GGTAGGTAGTTTGGCAGTCC,0,1291665
furpa,0.3333333333333333,2,2,GGGTTTAGCTTCAACTTTAA,0,1293015
furpa,0.3333333333333333,2,2,GGGTTGTGCGCGATATATTC,0,1293836
furpa,0.3333333333333333,2,2,GGGTTACCAAGCTGAAAGCG,0,1343733
furpa,0.3333333333333333,2,2,GGGTGGTCCTCAGTAAAGAA,0,1313426
furpa,0.3333333333333333,2,2,GGGTGCCTGCGGTCAAAGCA,0,1320056
furpa,0.3333333333333333,2,2,GGGTCGTCCCTGTACACTGA,0,1343513
furpa,0.3333333333333333,2,2,GGGTCGGCTATGTTATTGGT,0,1323069
furpa,0.3333333333333333,2,2,GGGTCCGGAGAGGGCCAGTA,0,1279848
furpa,0.3333333333333333,2,2,GGGTCCACCGTGCTAGATTG,0,1293754
furpa,0.3333333333333333,2,2,GGGTCAGTATGAAGTATTCA,0,1313897
furpa,0.3333333333333333,2,2,GGGTATACCCTGTTCAGCAT,0,1328772
furpa,0.3333333333333333,2,2,GGGTAGTATACTGCATACTT,0,1283348
furpa,0.3333333333333333,2,2,GGGTAGAATAAATTGACGTA,0,1339404
furpa,0.3333333333333333,2,2,GGGGGTAGTAAGTATAGTGA,0,1273739
furpa,0.3333333333333333,2,2,GGGGCTAGGGGGTATTGCCC,0,1349803
furpa,0.3333333333333333,2,2,GGGGAGTGGTTATCAGTCGT,0,1332948
furpa,0.3333333333333333,2,2,GGGGAACGCAGGGGAGAAGG,0,1325661
furpa,0.3333333333333333,2,2,GGGGAACCGGGTTGGGGCCA,0,1330386
furpa,0.3333333333333333,2,2,GGGCTTCTAGTAGGCGACTT,0,1271194
furpa,0.3333333333333333,2,2,GGGCTGCTTAGTGGGCGGTA,0,1342269
furpa,0.3333333333333333,2,2,GGGCGTATTAAATACCAGAG,0,1312890
furpa,0.3333333333333333,2,2,GGGCCATTCTCTTTGAGTCC,0,1345366
furpa,0.3333333333333333,2,2,GGGATTTAGTTCAGGATCTC,0,1311729
furpa,0.3333333333333333,2,2,GGGAGGTCGCTCTTTTCTAA,0,1318440
furpa,0.3333333333333333,2,2,GGGACGGCGAGTACTCCGGT,0,1336949
furpa,0.3333333333333333,2,2,GGCGTGTGATGCGTAGACTC,0,1324634
furpa,0.3333333333333333,2,2,GGCGTATGACCCTCTGGTCC,0,1291556
furpa,0.3333333333333333,2,2,GGCGCTAGGAGATAACCTTA,0,1277809
furpa,0.3333333333333333,2,2,GGCGCAATTACACCTTTTAT,0,1287724
furpa,0.3333333333333333,2,2,GGCGATGGTATAGGATGTAG,0,1326750
furpa,0.3333333333333333,2,2,GGCGATGCCTGCGAGCGAGG,0,1317479
furpa,0.3333333333333333,2,2,GGCGACCATCTTGGTGATTA,0,1345079
furpa,0.3333333333333333,2,2,GGCATTGATAACGAGCATTT,0,1315664
furpa,0.3333333333333333,2,2,GGCAAGCCAGAGGGAGCATT,0,1345658
furpa,0.3333333333333333,2,2,GGATTTGTGACCGCCGTCAA,0,1288967
furpa,0.3333333333333333,2,2,GGATTTGATGACGGAGTGCG,0,1308107
furpa,0.3333333333333333,2,2,GGATGCGATCTATCTATGGA,0,1276816
furpa,0.3333333333333333,2,2,GGATCATGAGATTCTCGTGC,0,1319759
furpa,0.3333333333333333,2,2,GGATATGTCCGATTTGCCTA,0,1350948
furpa,0.3333333333333333,2,2,GGATAGTAGAGAAATGGATT,0,1304263
furpa,0.3333333333333333,2,2,GGATAGGCAATACCGTGGAT,0,1322648
furpa,0.3333333333333333,2,2,GGATAGCGTTTAGTGAACTG,0,1318775
furpa,0.3333333333333333,2,2,GGATAGCAGTATCCTTAGTA,0,1288020
furpa,0.3333333333333333,2,2,GGAGATTTTCTCCCGGTTGC,0,1301829
furpa,0.3333333333333333,2,2,GGACTTGCATACCCGTGGAT,0,1319427
furpa,0.3333333333333333,2,2,GGACTTCTGTAAGACTGGAA,0,1302193
furpa,0.3333333333333333,2,2,GGACTTAACTATAGGGGTTT,0,1272443
furpa,0.3333333333333333,2,2,GGACGTGAGCTGGTAGAATT,0,1276222
furpa,0.3333333333333333,2,2,GGACGGCGAAGTTATGCTAT,0,1281608
furpa,0.3333333333333333,2,2,GGACGCACCTGCGGCTTGAA,0,1328588
furpa,0.3333333333333333,2,2,GGACATATCGACAGGCCGAT,0,1292377
furpa,0.3333333333333333,2,2,GGAAGTGCGAAAGCACAACT,0,1322204
furpa,0.3333333333333333,2,2,GGAAGCGAAGGGTTATGACG,0,1324690
furpa,0.3333333333333333,2,2,GGAACTGGGTCCAGGTTACG,0,1307293
furpa,0.3333333333333333,2,2,GCTTTTCGAGGTCAGACAGA,0,1312941
furpa,0.3333333333333333,2,2,GCTTTTACGTAGAGCACGTT,0,1306870
furpa,0.3333333333333333,2,2,GCTTTGTTAATGCTTGCGAT,0,1306903
furpa,0.3333333333333333,2,2,GCTTGTGGGGGTTGTATCAT,0,1316789
furpa,0.3333333333333333,2,2,GCTTATATTGGTCACCGAAA,0,1292469
furpa,0.3333333333333333,2,2,GCTTAGCAAGACAGTATCCG,0,1275649
furpa,0.3333333333333333,2,2,GCTGTGGCGGCAACAGGCCA,0,1319502
furpa,0.3333333333333333,2,2,GCTGTACCTACGTGTGTAGC,0,1313878
furpa,0.3333333333333333,2,2,GCTGGTATGTGTTGTGTAGA,0,1355391
furpa,0.3333333333333333,2,2,GCTGGCGTCTATAAGAGCAA,0,1317085
furpa,0.3333333333333333,2,2,GCTGGCGTCGGAGAATACGC,0,1296004
furpa,0.3333333333333333,2,2,GCTGCTTGCTAGCATGTTGC,0,1295453
furpa,0.3333333333333333,2,2,GCTGCAACAAGGTCGGCATG,0,1272099
furpa,0.3333333333333333,2,2,GCTGATCCGGAGAGATTCAG,0,1311950
furpa,0.3333333333333333,2,2,GCTGAGGGGTCAGTGCTGAG,0,1342715
furpa,0.3333333333333333,2,2,GCTCTCTAAAAATAAACATT,0,1331580
furpa,0.3333333333333333,2,2,GCTCGGAGAATATAGGGTCC,0,1315524
furpa,0.3333333333333333,2,2,GCTCCGGGACCCACGCCGGC,0,1343927
furpa,0.3333333333333333,2,2,GCTACTGACGCTTCACACTG,0,1316745
furpa,0.3333333333333333,2,2,GCTACGTCCCCTGTTGTACA,0,1297924
furpa,0.3333333333333333,2,2,GCTAAGGGTGCTGTGTGAGA,0,1337440
furpa,0.3333333333333333,2,2,GCTAAGAAGACGACCGAGAG,0,1327967
furpa,0.3333333333333333,2,2,GCGTTGTTGAAGTCCAATCT,0,1301993
furpa,0.3333333333333333,2,2,GCGTGCACACTCATAGCGCA,0,1355353
furpa,0.3333333333333333,2,2,GCGGTCAATGATCCCTAGTC,0,1296284
furpa,0.3333333333333333,2,2,GCGGTAGATATGGCAGTGGG,0,1354058
furpa,0.3333333333333333,2,2,GCGGCGCTGAAGGTAGATCG,0,1272799
furpa,0.3333333333333333,2,2,GCGGATTTTCAGTTATCTGC,0,1309468
furpa,0.3333333333333333,2,2,GCGGAAATGATCCCCGTCAT,0,1316331
furpa,0.3333333333333333,2,2,GCGCTTCATTGAATAGGCAT,0,1338518
furpa,0.3333333333333333,2,2,GCGCTTCATAGGGGTTATTC,0,1341687
furpa,0.3333333333333333,2,2,GCGCTAAATCCACGCGGTGT,0,1297045
furpa,0.3333333333333333,2,2,GCGCCTCGTTAACGCGGCCC,0,1336460
furpa,0.3333333333333333,2,2,GCGCATGCGCTAACTGTACT,0,1322567
furpa,0.3333333333333333,2,2,GCGCAGCCGAGTAGACGATT,0,1293130
furpa,0.3333333333333333,2,2,GCGATCTGTACAGCACTGTA,0,1330588
furpa,0.3333333333333333,2,2,GCGAGGCTAACTGACAGTAA,0,1338208
furpa,0.3333333333333333,2,2,GCGACGTGGTGTTCTGGAGA,0,1299274
furpa,0.3333333333333333,2,2,GCGACCTAGATTTCAGACGC,0,1337661
furpa,0.3333333333333333,2,2,GCCTTCCGGTCATCCCTGGT,0,1278551
furpa,0.3333333333333333,2,2,GCCTCAGGTGACTTCTTATC,0,1323551
furpa,0.3333333333333333,2,2,GCCTAATTCGTGCACCTTCC,0,1283969
furpa,0.3333333333333333,2,2,GCCGCTGCCTCATGATACGT,0,1313092
furpa,0.3333333333333333,2,2,GCCCTAGGCGAGTGATCTAT,0,1272340
furpa,0.3333333333333333,2,2,GCCCAACGCGAGTGTCACTG,0,1308284
furpa,0.3333333333333333,2,2,GCCATGTCCAGCCTACCAAC,0,1346300
furpa,0.3333333333333333,2,2,GCCAGGTAAGTACCGCTATA,0,1330672
furpa,0.3333333333333333,2,2,GCCAGGTAAGGCCGCCAAAA,0,1278987
furpa,0.3333333333333333,2,2,GCCAGCACTAGGAGCCACAA,0,1292420
furpa,0.3333333333333333,2,2,GCCAGACGCTTAACTATAAC,0,1347120
furpa,0.3333333333333333,2,2,GCCAACATTGGCTCTCTTTG,0,1274736
furpa,0.3333333333333333,2,2,GCATGTTAGCACGTGGTGCA,0,1352434
furpa,0.3333333333333333,2,2,GCATGTACGGCGGGGTTCAT,0,1328592
furpa,0.3333333333333333,2,2,GCATCAAAGGGTTTAGTGTC,0,1314542
furpa,0.3333333333333333,2,2,GCAGTGCGCCCAAAGCTGAA,0,1324566
furpa,0.3333333333333333,2,2,GCAGGGTGAGCGAGTTAGAA,0,1341189
furpa,0.3333333333333333,2,2,GCAGGCCCGTGGCACACCTA,0,1355426
furpa,0.3333333333333333,2,2,GCAGCAGTTCATACACGTAT,0,1274198
furpa,0.3333333333333333,2,2,GCACTGCGTATAGTGCAAAC,0,1282598
furpa,0.3333333333333333,2,2,GCACTATGGTGCCCTAGATA,0,1327988
furpa,0.3333333333333333,2,2,GCACGGGACGTTCTAAGGGA,0,1296899
furpa,0.3333333333333333,2,2,GCACCCCAGTGGCTTCGTGT,0,1290618
furpa,0.3333333333333333,2,2,GCAAGTGGGGTGGGGCAGCG,0,1291516
furpa,0.3333333333333333,2,2,GCAACGGACCGTAGGGTACA,0,1289958
furpa,0.3333333333333333,2,2,GCAACCGGCTCCTTTACCTC,0,1321566
furpa,0.3333333333333333,2,2,GCAAAAACGAGAGAGGACGT,0,1290062
furpa,0.3333333333333333,2,2,GATTTTTCGCCTTCAACAAG,0,1319642
furpa,0.3333333333333333,2,2,GATTTTCTTTTAACGGGGAT,0,1274575
furpa,0.3333333333333333,2,2,GATTGGGGAAAGTCACAGCC,0,1310230
furpa,0.3333333333333333,2,2,GATTGAGAATCACTCGTCCC,0,1310526
furpa,0.3333333333333333,2,2,GATTCGTTGCCTCCTACATG,0,1294538
furpa,0.3333333333333333,2,2,GATTCATTATTGTTTCTTTC,0,1288863
furpa,0.3333333333333333,2,2,GATGTTAACGATGGAGAATA,0,1302448
furpa,0.3333333333333333,2,2,GATGGCCATAATTTCGCACT,0,1295723
furpa,0.3333333333333333,2,2,GATGAAAGGGGCACGTGGTG,0,1274874
furpa,0.3333333333333333,2,2,GATCGGAATAGAGGTTGCCT,0,1296244
furpa,0.3333333333333333,2,2,GATCGAGCTTACTGATCCCA,0,1335233
furpa,0.3333333333333333,2,2,GATCCTCGAGGGATACGCCG,0,1346843
furpa,0.3333333333333333,2,2,GATCCAAACCCTAGGCGCTT,0,1314454
furpa,0.3333333333333333,2,2,GATCACTTATCAAAATGATA,0,1308440
furpa,0.3333333333333333,2,2,GATATATGTAGTTAAAGCCT,0,1298832
furpa,0.3333333333333333,2,2,GATATATGGGACCGAAGAAG,0,1284292
furpa,0.3333333333333333,2,2,GATATAAAGGTGAATATTCA,0,1341254
furpa,0.3333333333333333,2,2,GATAGCCATGCAGGTATATT,0,1290058
furpa,0.3333333333333333,2,2,GATACTTTGCAATACAATAC,0,1272584
furpa,0.3333333333333333,2,2,GATACGGATGTGTAGGAGGT,0,1272649
furpa,0.3333333333333333,2,2,GATAACATTCAATGACGGCT,0,1272594
furpa,0.3333333333333333,2,2,GAGTTCGGTAACCAATTCGG,0,1297999
furpa,0.3333333333333333,2,2,GAGTCTGCGCTAGGTCCCCT,0,1340244
furpa,0.3333333333333333,2,2,GAGGTGCATTCGAAGCTAGT,0,1294827
furpa,0.3333333333333333,2,2,GAGGTAGGTCGGACATAGCT,0,1282686
furpa,0.3333333333333333,2,2,GAGGGAGTACGGCGAGTCAT,0,1331221
furpa,0.3333333333333333,2,2,GAGGAGGCTTAGGTCGCGCT,0,1333858
furpa,0.3333333333333333,2,2,GAGGACGCCTCTTTCTGCTT,0,1357308
furpa,0.3333333333333333,2,2,GAGCGTCATGGTCCGTATTA,0,1353386
furpa,0.3333333333333333,2,2,GAGCGGCGTGGAGAACGTGC,0,1295297
furpa,0.3333333333333333,2,2,GAGCGATCTTAGGCATTTTG,0,1272907
furpa,0.3333333333333333,2,2,GAGCAGTGGCGTCGTCGCCA,0,1350736
furpa,0.3333333333333333,2,2,GAGATATCAATTCGTGCTTA,0,1328178
furpa,0.3333333333333333,2,2,GAGATAAGGTCATCATGCTA,0,1296293
furpa,0.3333333333333333,2,2,GAGATAAATTACATACAGGT,0,1304114
furpa,0.3333333333333333,2,2,GAGAGTTCCTCGAAGTCAAA,0,1325092
furpa,0.3333333333333333,2,2,GAGAGGATCTCCAAACAGGA,0,1314233
furpa,0.3333333333333333,2,2,GAGAGCATGGGTGTATTTTT,0,1275242
furpa,0.3333333333333333,2,2,GAGACGGGGATGAGAAGTCT,0,1271648
furpa,0.3333333333333333,2,2,GACTTGCGGATGAAGCATTG,0,1321679
furpa,0.3333333333333333,2,2,GACTGCTGGGTTATATATAT,0,1315042
furpa,0.3333333333333333,2,2,GACTGCCCGCCACGTTTATT,0,1294448
furpa,0.3333333333333333,2,2,GACTCTGCGGATGAATTGAG,0,1317830
furpa,0.3333333333333333,2,2,GACTCGATTGACCCAGCTTA,0,1274632
furpa,0.3333333333333333,2,2,GACTAGGTTACTGTTATTCT,0,1351146
furpa,0.3333333333333333,2,2,GACGTCACAGTCATATTCGT,0,1278202
furpa,0.3333333333333333,2,2,GACGCTGGTATATCATGTGC,0,1294569
furpa,0.3333333333333333,2,2,GACGCTCATTTCATTTACTT,0,1345679
furpa,0.3333333333333333,2,2,GACGCGACCCCTCTTAGGAT,0,1297572
furpa,0.3333333333333333,2,2,GACGAAAAACATCTGGAGTT,0,1275758
furpa,0.3333333333333333,2,2,GACCTCGTTTATTTCTTTCA,0,1282071
furpa,0.3333333333333333,2,2,GACCTCATCAAGGAAAGCTC,0,1340291
furpa,0.3333333333333333,2,2,GACCGTTAGCGGGTTGGAAG,0,1337501
furpa,0.3333333333333333,2,2,GACCCTCTGAATTGGCTAAC,0,1300730
furpa,0.3333333333333333,2,2,GACCCTCCGCGATACGCAAT,0,1283069
furpa,0.3333333333333333,2,2,GACCATTCGCGATCCAGCGT,0,1298913
furpa,0.3333333333333333,2,2,GACCAGATTCCTAAGCAGCG,0,1333549
furpa,0.3333333333333333,2,2,GACCACGAATCTATTAAGGC,0,1310702
furpa,0.3333333333333333,2,2,GACAGTATTGTGATGACAAG,0,1284002
furpa,0.3333333333333333,2,2,GACACTGGTTCAGTACGGTT,0,1340272
furpa,0.3333333333333333,2,2,GACACGTAGGTTACTGTGGC,0,1320249
furpa,0.3333333333333333,2,2,GACACGCCAAACGTGGTAGG,0,1301612
furpa,0.3333333333333333,2,2,GACACCTAGTTGCATCGGAG,0,1297266
furpa,0.3333333333333333,2,2,GACACCGGGTTCTTACGTCG,0,1291092
furpa,0.3333333333333333,2,2,GACACAGGCGTTGGTTCGAA,0,1302690
furpa,0.3333333333333333,2,2,GACAAATCCCCAATAACAAA,0,1272041
furpa,0.3333333333333333,2,2,GAATTTGGGCGCACAGGTGA,0,1274544
furpa,0.3333333333333333,2,2,GAATCCAATGGAGTAGACTG,0,1354656
furpa,0.3333333333333333,2,2,GAATATTGAGAAAGTCCGAG,0,1322643
furpa,0.3333333333333333,2,2,GAAGGTGGAGACACTGCGCC,0,1272125
furpa,0.3333333333333333,2,2,GAAGGACTTCCCGGCTGAGT,0,1353174
furpa,0.3333333333333333,2,2,GAACTGAGTAGAGGCTGGAA,0,1297100
furpa,0.3333333333333333,2,2,GAACTATAACCCCAGTTCGT,0,1298585
furpa,0.3333333333333333,2,2,GAACGCACGTTTGAAGTGGT,0,1304838
furpa,0.3333333333333333,2,2,GAACCTCCACCGGAACAGTG,0,1282931
furpa,0.3333333333333333,2,2,GAACCGCAAAGTGATTTCAC,0,1312385
furpa,0.3333333333333333,2,2,GAACAGGCTCCGGTTTAGAG,0,1297843
furpa,0.3333333333333333,2,2,GAAATATCCGGAGGGCTATT,0,1295852
furpa,0.3333333333333333,2,2,GAAATAGACACCGAAAGAGA,0,1288095
furpa,0.3333333333333333,2,2,GAAAGGGTTTATGTGCTTGT,0,1291616
furpa,0.3333333333333333,2,2,GAAACACACGGTTTTCATTA,0,1345073
furpa,0.3333333333333333,2,2,CTTTTTCGGTGTAGGACGCA,0,1332266
furpa,0.3333333333333333,2,2,CTTTTATCAGTCTTGTATTT,0,1335062
furpa,0.3333333333333333,2,2,CTTTGCCCGACGTGAGCCAC,0,1299957
furpa,0.3333333333333333,2,2,CTTTCTGCGGTTGATAACTA,0,1348356
furpa,0.3333333333333333,2,2,CTTTATGGGACAACTGCGTC,0,1313573
furpa,0.3333333333333333,2,2,CTTTAGCCATGGAGAGGGAT,0,1301851
furpa,0.3333333333333333,2,2,CTTGCTGTCGAAACTACTCC,0,1280458
furpa,0.3333333333333333,2,2,CTTGATAGGTAGTTGGCTCA,0,1282877
furpa,0.3333333333333333,2,2,CTTGATAATGCTGCATGTTG,0,1327664
furpa,0.3333333333333333,2,2,CTTGAATGGTCGATGTAAAT,0,1346957
furpa,0.3333333333333333,2,2,CTTCTGCTTAGAGATAAGTG,0,1334608
furpa,0.3333333333333333,2,2,CTTCGCGGGCGTAGGTGTGA,0,1316325
furpa,0.3333333333333333,2,2,CTTATTGCGACTCCAGACCA,0,1347623
furpa,0.3333333333333333,2,2,CTTATTAACACCGCAGGGGA,0,1299724
furpa,0.3333333333333333,2,2,CTTAGTACCGTGTTGAACTC,0,1273182
furpa,0.3333333333333333,2,2,CTGTTCCTAGGCGAGAAGCC,0,1300071
furpa,0.3333333333333333,2,2,CTGTGTACCATGGTATGGGT,0,1350180
furpa,0.3333333333333333,2,2,CTGTCTTGAGTCGGGAATGC,0,1335025
furpa,0.3333333333333333,2,2,CTGTCGAACTCGGACTGTAG,0,1294091
furpa,0.3333333333333333,2,2,CTGTATTACCTCAGGCCCTG,0,1344492
furpa,0.3333333333333333,2,2,CTGTAGGAACCGGACTAATT,0,1352288
furpa,0.3333333333333333,2,2,CTGGGTGAACCTCATTTGTC,0,1327148
furpa,0.3333333333333333,2,2,CTGGCTCCAGAGTTCCTTGC,0,1346530
furpa,0.3333333333333333,2,2,CTGGCCACTTGTGTACTACT,0,1315195
furpa,0.3333333333333333,2,2,CTGCAATCCATGCAGGTGGA,0,1354924
furpa,0.3333333333333333,2,2,CTGCAAAGTGTGGTCCTGCA,0,1296729
furpa,0.3333333333333333,2,2,CTGATGGCGCTTTGCCGATA,0,1339314
furpa,0.3333333333333333,2,2,CTGATCGCTGGGAAATCGCG,0,1296936
furpa,0.3333333333333333,2,2,CTGATCAGGTTCGGGAGGTT,0,1346078
furpa,0.3333333333333333,2,2,CTGAGCTCTGGTTGCATTCA,0,1314442
furpa,0.3333333333333333,2,2,CTGAAGCCCACGTACGATTT,0,1320381
furpa,0.3333333333333333,2,2,CTCTTTATTGCCCTCAGCGC,0,1297025
furpa,0.3333333333333333,2,2,CTCTTGGGAATATCGGTCGC,0,1335014
furpa,0.3333333333333333,2,2,CTCTTGCTCCTAGGTTACTA,0,1288008
furpa,0.3333333333333333,2,2,CTCTGAGACATATTTATGCG,0,1353847
furpa,0.3333333333333333,2,2,CTCTCTTGGCAGTACTGGAT,0,1272187
furpa,0.3333333333333333,2,2,CTCTCCTTCGTAGTGAACGC,0,1340866
furpa,0.3333333333333333,2,2,CTCTAGGGCAACATGAACAC,0,1312944
furpa,0.3333333333333333,2,2,CTCTAATCGTGTCTTTTAAT,0,1287607
furpa,0.3333333333333333,2,2,CTCTAATAGAATTAGGCATC,0,1348975
furpa,0.3333333333333333,2,2,CTCGGGTTAGTCCATATGCA,0,1310028
furpa,0.3333333333333333,2,2,CTCCGACAAGGGCTCTAGAC,0,1286289
furpa,0.3333333333333333,2,2,CTCCCTCGTGACCTTGGTGG,0,1347129
furpa,0.3333333333333333,2,2,CTCCCAGTGTGTCCAATGCG,0,1290642
furpa,0.3333333333333333,2,2,CTCCATGGTCCATCTTCAAA,0,1297223
furpa,0.3333333333333333,2,2,CTCCACCTCTCGTGTAGGAT,0,1348670
furpa,0.3333333333333333,2,2,CTCAGAGTCTTCAAAGACTG,0,1283527
furpa,0.3333333333333333,2,2,CTCACGGTGTCTTAGTTCGG,0,1331619
furpa,0.3333333333333333,2,2,CTCACACAGTGAGATATTGC,0,1308007
furpa,0.3333333333333333,2,2,CTCAATCGGTGACGGGGGAT,0,1293839
furpa,0.3333333333333333,2,2,CTCAACGAGGCGCAAGGTCT,0,1282818
furpa,0.3333333333333333,2,2,CTATTCAAGCCCAAAATAAG,0,1286586
furpa,0.3333333333333333,2,2,CTATGACTTATCACTTGGAA,0,1328173
furpa,0.3333333333333333,2,2,CTATACGATTGCACCACCAA,0,1282663
furpa,0.3333333333333333,2,2,CTAGTGCCGAGGTAAGGGTT,0,1337824
furpa,0.3333333333333333,2,2,CTAGTATCGGGAACCTCCGT,0,1291873
furpa,0.3333333333333333,2,2,CTAGGGTGAAATTCCCTGCA,0,1312427
furpa,0.3333333333333333,2,2,CTAGCCCGGCGCAATCTATC,0,1324682
furpa,0.3333333333333333,2,2,CTACGTCGTAAGTTAGTTGA,0,1301235
furpa,0.3333333333333333,2,2,CTAATATGTCAGTTAGCTTA,0,1333899
furpa,0.3333333333333333,2,2,CTAAGGCCTAACCGGTTCCA,0,1281510
furpa,0.3333333333333333,2,2,CTAACGTCGTATCCTAGCCT,0,1304656
furpa,0.3333333333333333,2,2,CTAACGTATCGCGGGCAAAG,0,1286412
furpa,0.3333333333333333,2,2,CTAACCCGTTTAGAGGGCAT,0,1277729
furpa,0.3333333333333333,2,2,CTAAATAAGGCCAATGGATC,0,1284479
furpa,0.3333333333333333,2,2,CGTTGCTGCGTGCGCAAGTT,0,1321339
furpa,0.3333333333333333,2,2,CGTTCCTAGGCGATCAGGCG,0,1315148
furpa,0.3333333333333333,2,2,CGTTAGTTGGCTACTCATAT,0,1278852
furpa,0.3333333333333333,2,2,CGTTACCTTTACTGATTGCC,0,1272970
furpa,0.3333333333333333,2,2,CGTTAAGTTAAAGGTAGAGC,0,1354149
furpa,0.3333333333333333,2,2,CGTTAACATAGTGTAATTAG,0,1300661
furpa,0.3333333333333333,2,2,CGTGGGTTTAGGGGCTTTTT,0,1306915
furpa,0.3333333333333333,2,2,CGTCGCAACTGCCGCCGTCT,0,1327166
furpa,0.3333333333333333,2,2,CGTCCTGGCTGAATATGTCT,0,1278755
furpa,0.3333333333333333,2,2,CGTAGTCTCTGAAGTCTGGT,0,1350016
furpa,0.3333333333333333,2,2,CGTAATTTGGTGCACTAGAT,0,1351250
furpa,0.3333333333333333,2,2,CGGTTGGTTAGTCCGTGGGT,0,1318954
furpa,0.3333333333333333,2,2,CGGTTGAGTTAACCCAAAAA,0,1324680
furpa,0.3333333333333333,2,2,CGGTTCCGCGGCAGATCCCG,0,1335781
furpa,0.3333333333333333,2,2,CGGTTAAAAAGTCTCGGGAA,0,1339306
furpa,0.3333333333333333,2,2,CGGTGTGGGGGAGTAGACAG,0,1311894
furpa,0.3333333333333333,2,2,CGGTGAACGAAAATGCTTTC,0,1349534
furpa,0.3333333333333333,2,2,CGGTGAAACGGCTCTCAACT,0,1306112
furpa,0.3333333333333333,2,2,CGGTAACGCAGGGCAGTCTA,0,1280542
furpa,0.3333333333333333,2,2,CGGGTTGTATCTGTCATTCT,0,1297423
furpa,0.3333333333333333,2,2,CGGGTGGCCTGTTTTATTAG,0,1346202
furpa,0.3333333333333333,2,2,CGGGTCGGGTGCTTAAGACT,0,1338842
furpa,0.3333333333333333,2,2,CGGGCTCCCAACTTAGCGAT,0,1305221
furpa,0.3333333333333333,2,2,CGGGAGGCCGCTCCCGTACT,0,1285459
furpa,0.3333333333333333,2,2,CGGGACGATACGGCGGACGG,0,1357073
furpa,0.3333333333333333,2,2,CGGCGCTCGACCCCCTGGGT,0,1329799
furpa,0.3333333333333333,2,2,CGGCACAAGGTATCTTTTTA,0,1316673
furpa,0.3333333333333333,2,2,CGGCAATCGCTATATTCTTC,0,1280832
furpa,0.3333333333333333,2,2,CGGATTAACGAAAGAGATGG,0,1296844
furpa,0.3333333333333333,2,2,CGGAGGTCTGCGTCATCAGG,0,1339894
furpa,0.3333333333333333,2,2,CGGAGGGATTCCTCGTGTTT,0,1344620
furpa,0.3333333333333333,2,2,CGGAGGCATGGGATTTCCTA,0,1340614
furpa,0.3333333333333333,2,2,CGGACCTTTTCCACCTGCGG,0,1277189
furpa,0.3333333333333333,2,2,CGCTTGCGTGCGATATACTA,0,1313672
furpa,0.3333333333333333,2,2,CGCTTCGGTATAAGGCTAAC,0,1286594
furpa,0.3333333333333333,2,2,CGCTTCCCGCTGGCGTCACA,0,1325113
furpa,0.3333333333333333,2,2,CGCTTACTGTATATACGCTT,0,1333577
furpa,0.3333333333333333,2,2,CGCTCGGGCATGTCGGGTAT,0,1284953
furpa,0.3333333333333333,2,2,CGCGGCGAACTGCCCCAATC,0,1295198
furpa,0.3333333333333333,2,2,CGCGATGCACTCCTAAGTAT,0,1307488
furpa,0.3333333333333333,2,2,CGCCGTCGGTGGTGCCCCCT,0,1279115
furpa,0.3333333333333333,2,2,CGCCGCGAGATACTAAAGTA,0,1279357
furpa,0.3333333333333333,2,2,CGCCCTGCACTTGAGAGTCA,0,1308899
furpa,0.3333333333333333,2,2,CGCCATGAAGGGTTTGAGAC,0,1328773
furpa,0.3333333333333333,2,2,CGCCATACCTCTTCCTGCCC,0,1303979
furpa,0.3333333333333333,2,2,CGCACGACGCCGCCAAGGAC,0,1327673
furpa,0.3333333333333333,2,2,CGCAAGTCTTATAATCGGCG,0,1330135
furpa,0.3333333333333333,2,2,CGATTTGGTTGACAATTGAT,0,1301775
furpa,0.3333333333333333,2,2,CGATTGGGCGTACGTTACCC,0,1294624
furpa,0.3333333333333333,2,2,CGATTACATGGTCCAGGGGT,0,1299945
furpa,0.3333333333333333,2,2,CGATTACAGGTAATTCTTAA,0,1340318
furpa,0.3333333333333333,2,2,CGATCCGCGTCGGTATCGTT,0,1340480
furpa,0.3333333333333333,2,2,CGATCACCCAGTGTGTACCA,0,1311999
furpa,0.3333333333333333,2,2,CGATATGCATTGAGTGCCGT,0,1298975
furpa,0.3333333333333333,2,2,CGAGGGGTCTAACGAAAGGT,0,1334171
furpa,0.3333333333333333,2,2,CGAGAACCCAAATATAGGAG,0,1318125
furpa,0.3333333333333333,2,2,CGACTCTTAACATGCGATGC,0,1286207
furpa,0.3333333333333333,2,2,CGACGGTTTAGCAGGGACAG,0,1317281
furpa,0.3333333333333333,2,2,CGACGGAAACTGTGACTTAT,0,1354288
furpa,0.3333333333333333,2,2,CGAATTAGAAGCTGCATGTG,0,1279581
furpa,0.3333333333333333,2,2,CGAATGCCGAGTTGAATAGA,0,1331209
furpa,0.3333333333333333,2,2,CGAAGTACGGCTTGCTTGGC,0,1333792
furpa,0.3333333333333333,2,2,CGAAGGGGCGAACAATTCGA,0,1352548
furpa,0.3333333333333333,2,2,CGAACAAGAAGGAGGTCTGT,0,1311811
furpa,0.3333333333333333,2,2,CGAAACCTATGAGTCCAGGT,0,1321717
furpa,0.3333333333333333,2,2,CCTTTCATGGTAAGACAAAG,0,1299966
furpa,0.3333333333333333,2,2,CCTTGCCGGGCAATTTTCGA,0,1327820
furpa,0.3333333333333333,2,2,CCTTCCCTAAGAATGTGTGA,0,1349198
furpa,0.3333333333333333,2,2,CCTTCCAACGCTAGACAAGG,0,1347429
furpa,0.3333333333333333,2,2,CCTGCTACCCAACGGGCGAA,0,1296628
furpa,0.3333333333333333,2,2,CCTGCCGTACATTACTAGGA,0,1330561
furpa,0.3333333333333333,2,2,CCTGATTTCGGCCCACTGTG,0,1310191
furpa,0.3333333333333333,2,2,CCTGATCGGCCTCAGTCTCA,0,1314814
furpa,0.3333333333333333,2,2,CCTGACGTGGGATGCCTTAA,0,1272265
furpa,0.3333333333333333,2,2,CCTCTTAAATAGAATCGTTT,0,1275780
furpa,0.3333333333333333,2,2,CCTCTCCGTGCCTCTTAGTT,0,1277669
furpa,0.3333333333333333,2,2,CCTCTAGGAATCCGCCGTTT,0,1315883
furpa,0.3333333333333333,2,2,CCTCGTCACTTTTACTACGT,0,1355389
furpa,0.3333333333333333,2,2,CCTCGTAGGTTCCAGAAGCC,0,1278851
furpa,0.3333333333333333,2,2,CCTCGAGTGTTTAGTATTCA,0,1346045
furpa,0.3333333333333333,2,2,CCTCCTCCGTGAATGCGCGG,0,1277654
furpa,0.3333333333333333,2,2,CCTCCACCAAGTGTGGCCTT,0,1285742
furpa,0.3333333333333333,2,2,CCTCAGTTTGCCATATCGCC,0,1319478
furpa,0.3333333333333333,2,2,CCTAGGGCATGTGCGTCCCC,0,1346461
furpa,0.3333333333333333,2,2,CCTACGGGCCACAATATGAA,0,1302263
furpa,0.3333333333333333,2,2,CCTACCACTTTGGCCTATTA,0,1282817
furpa,0.3333333333333333,2,2,CCGTTGCTGACGGTAGGCCA,0,1316645
furpa,0.3333333333333333,2,2,CCGTGCGCAAATTCATGTTT,0,1330680
furpa,0.3333333333333333,2,2,CCGTGATAAAGGGCGACGCG,0,1328031
furpa,0.3333333333333333,2,2,CCGTCCACCTGTGCTGTGCC,0,1337283
furpa,0.3333333333333333,2,2,CCGTAGTTTACGTGGGAGCT,0,1291024
furpa,0.3333333333333333,2,2,CCGTAGGTTCCCGTTAGGGC,0,1349986
furpa,0.3333333333333333,2,2,CCGTAGCCATATATCACGAT,0,1319022
furpa,0.3333333333333333,2,2,CCGGTTTCTAGCTTGAATGA,0,1302335
furpa,0.3333333333333333,2,2,CCGGTTAATCCGGGGGTATA,0,1356493
furpa,0.3333333333333333,2,2,CCGGTGGGGACTACAAGAGG,0,1287094
furpa,0.3333333333333333,2,2,CCGGTCCTGTGCCAGATGCG,0,1325617
furpa,0.3333333333333333,2,2,CCGGGTTATGAGACATTTAG,0,1347987
furpa,0.3333333333333333,2,2,CCGGGTCCGACTTCCAAGAG,0,1311803
furpa,0.3333333333333333,2,2,CCGGACGAAAGTGATCGACT,0,1320039
furpa,0.3333333333333333,2,2,CCGCTGGGACCGGAAGAGAT,0,1302878
furpa,0.3333333333333333,2,2,CCGCTAATGTCGGGGACGAA,0,1347458
furpa,0.3333333333333333,2,2,CCGCGGGTCTTCAGCTTCCC,0,1345305
furpa,0.3333333333333333,2,2,CCGCCTTATATGACTAACCA,0,1271715
furpa,0.3333333333333333,2,2,CCGCATAAACAACCTTTTTC,0,1356001
furpa,0.3333333333333333,2,2,CCGATTGGATCAGGTAAAAG,0,1273838
furpa,0.3333333333333333,2,2,CCGAGCCAAAGCCGTGCCTC,0,1272921
furpa,0.3333333333333333,2,2,CCGACGGAAGAGGCATCGAC,0,1327412
furpa,0.3333333333333333,2,2,CCCTATTAGGAGGTGCCCAG,0,1341406
furpa,0.3333333333333333,2,2,CCCTATGTTACGAACACGTT,0,1304008
furpa,0.3333333333333333,2,2,CCCTAAGTGCGTAATGTCCA,0,1281089
furpa,0.3333333333333333,2,2,CCCGTTTTATAGTATTTAAC,0,1324664
furpa,0.3333333333333333,2,2,CCCGTGCATGGCCACATCAC,0,1347057
furpa,0.3333333333333333,2,2,CCCGTCAAGAGGTCTGAGAT,0,1297032
furpa,0.3333333333333333,2,2,CCCGTAAGGTGAACAAGTTG,0,1284000
furpa,0.3333333333333333,2,2,CCCGGGATATACAAGCCTAC,0,1312892
furpa,0.3333333333333333,2,2,CCCGATCCCTACGACTGTAC,0,1352994
furpa,0.3333333333333333,2,2,CCCGAATAGGCCGGGGCAGG,0,1278251
furpa,0.3333333333333333,2,2,CCCCGCGCAGGTTAGTTATA,0,1277849
furpa,0.3333333333333333,2,2,CCCCGACATTATAAGCAGTA,0,1274931
furpa,0.3333333333333333,2,2,CCCCCGCTGACTTGTGCGGA,0,1340821
furpa,0.3333333333333333,2,2,CCCCAACCGATACTTGGTTA,0,1346560
furpa,0.3333333333333333,2,2,CCCAGTTCAGAGATTTAATG,0,1328651
furpa,0.3333333333333333,2,2,CCCAGGTATGAGAGTTTAGG,0,1273686
furpa,0.3333333333333333,2,2,CCCAGGCCCAGTTTTTGACC,0,1306876
furpa,0.3333333333333333,2,2,CCCACTACGGCTGTACAAGT,0,1321762
furpa,0.3333333333333333,2,2,CCCAACCCCATCCCTACGAC,0,1316333
furpa,0.3333333333333333,2,2,CCCAAAATGTCGCATTGGGA,0,1334330
furpa,0.3333333333333333,2,2,CCATTCCAATCCTCCAAGAT,0,1301767
furpa,0.3333333333333333,2,2,CCATTCATACAAATATAACA,0,1336594
furpa,0.3333333333333333,2,2,CCATGTTGATAATATTTCCA,0,1281885
furpa,0.3333333333333333,2,2,CCATGGACCAAATATGCCTA,0,1282753
furpa,0.3333333333333333,2,2,CCATCCGAAACGTATACACT,0,1275575
furpa,0.3333333333333333,2,2,CCATCCCAGGTAGCAGGAAC,0,1319907
furpa,0.3333333333333333,2,2,CCATCACCGCGCTATAGACC,0,1340765
furpa,0.3333333333333333,2,2,CCAGTTATATCCGCTCTGAA,0,1337651
furpa,0.3333333333333333,2,2,CCAGTGGCCGAGATCTCCCC,0,1310091
furpa,0.3333333333333333,2,2,CCAGGTAAATGCAAATATGT,0,1324760
furpa,0.3333333333333333,2,2,CCAGCTTTTACCGTCAATAA,0,1295944
furpa,0.3333333333333333,2,2,CCAGCGATTGGGGCGACGGT,0,1317815
furpa,0.3333333333333333,2,2,CCAGAGTAACGTGGCAATAG,0,1301607
furpa,0.3333333333333333,2,2,CCAGAAGCGCAGTCGGAGGG,0,1310600
furpa,0.3333333333333333,2,2,CCACGTGACATTTGCTGCTC,0,1299000
furpa,0.3333333333333333,2,2,CCACCTGTTGCCACACCCAC,0,1302199
furpa,0.3333333333333333,2,2,CCACCTCGATGTCACAGAAA,0,1279026
furpa,0.3333333333333333,2,2,CCACCCGCGATCAACTCCGA,0,1322367
furpa,0.3333333333333333,2,2,CCAATAACACGTCCGTTTTA,0,1334508
furpa,0.3333333333333333,2,2,CCAAGGGCGTTGGACCTACT,0,1341021
furpa,0.3333333333333333,2,2,CCAAATCGAGCACTAACTCA,0,1338457
furpa,0.3333333333333333,2,2,CCAAACGACGGAATTCCTGT,0,1338597
furpa,0.3333333333333333,2,2,CATTTTACCTTCAGTGCCAT,0,1341181
furpa,0.3333333333333333,2,2,CATTTGTTTGCGTACATAAT,0,1290092
furpa,0.3333333333333333,2,2,CATTGTAGGCTCAACCTCGA,0,1321164
furpa,0.3333333333333333,2,2,CATTGCGTTCTTTGGAGTAT,0,1318522
furpa,0.3333333333333333,2,2,CATTCTCATCGCATCCACTA,0,1347920
furpa,0.3333333333333333,2,2,CATTCGGTACTGGCGCACGT,0,1272742
furpa,0.3333333333333333,2,2,CATTCCACGTTTGAGAGTTT,0,1290480
furpa,0.3333333333333333,2,2,CATGGAACTATGCGACAAGC,0,1308217
furpa,0.3333333333333333,2,2,CATGCCAACGCACTGGCATA,0,1298845
furpa,0.3333333333333333,2,2,CATGCAATACTAAGGTACGG,0,1345262
furpa,0.3333333333333333,2,2,CATGAAGTCTGGCATCGTGT,0,1313167
furpa,0.3333333333333333,2,2,CATCTAGGAGACTGCCCGGT,0,1345766
furpa,0.3333333333333333,2,2,CATCTAACGAGTGGATCGCA,0,1305931
furpa,0.3333333333333333,2,2,CATCGTACTACCTACGTCTA,0,1298510
furpa,0.3333333333333333,2,2,CATCGCACCACGGATCAACT,0,1326213
furpa,0.3333333333333333,2,2,CATCATATCCAAACGCCTAG,0,1357120
furpa,0.3333333333333333,2,2,CATCATAAATCCGGTGCGAA,0,1333611
furpa,0.3333333333333333,2,2,CATCAGTCGGCTTCGCGACA,0,1282185
furpa,0.3333333333333333,2,2,CATAGCTCGTCATGGTGGGT,0,1281862
furpa,0.3333333333333333,2,2,CATAATCGGGGGTCCCCTCT,0,1294476
furpa,0.3333333333333333,2,2,CATAATAATATAGTACTTGT,0,1285132
furpa,0.3333333333333333,2,2,CATAAGGGCCAGAGAAACTC,0,1300037
furpa,0.3333333333333333,2,2,CATAAGACTGTTGATACGGC,0,1331770
furpa,0.3333333333333333,2,2,CAGTTATCATTCCCAGGTGC,0,1323487
furpa,0.3333333333333333,2,2,CAGTGTTAGAGTATTTTGAT,0,1291367
furpa,0.3333333333333333,2,2,CAGTGTATTGTCCAACATGC,0,1345716
furpa,0.3333333333333333,2,2,CAGTGCGGGCTCAATGTAGG,0,1341008
furpa,0.3333333333333333,2,2,CAGTCCGTTGCTTTCGTTTC,0,1319982
furpa,0.3333333333333333,2,2,CAGGGGCTGAAACCGTCAGT,0,1288816
furpa,0.3333333333333333,2,2,CAGGCGGATCCGCGACAATA,0,1313448
furpa,0.3333333333333333,2,2,CAGGCCAGGTTATTGACTCA,0,1279248
furpa,0.3333333333333333,2,2,CAGGCAGAGAGCTACGGTTA,0,1278597
furpa,0.3333333333333333,2,2,CAGGATGATTTAGACAAGTC,0,1278272
furpa,0.3333333333333333,2,2,CAGGACCGGGTGATGTTAAT,0,1301498
furpa,0.3333333333333333,2,2,CAGCGCATCACCAACTATCT,0,1341842
furpa,0.3333333333333333,2,2,CAGCCCCGCTAGTTCTGTTG,0,1301192
furpa,0.3333333333333333,2,2,CAGCATCAGTGTATATGTAG,0,1313097
furpa,0.3333333333333333,2,2,CAGAAAATGGTAGAGTCGTA,0,1271534
furpa,0.3333333333333333,2,2,CACTGGAAAAGTAGTGTGCT,0,1287995
furpa,0.3333333333333333,2,2,CACTCGTGCAACCTCTAAAA,0,1333151
furpa,0.3333333333333333,2,2,CACTCGCATCACGGCGGCGA,0,1347871
furpa,0.3333333333333333,2,2,CACTCAACGGTGGTGTCCTT,0,1337891
furpa,0.3333333333333333,2,2,CACTATGGAACGCTGAAGGA,0,1339995
furpa,0.3333333333333333,2,2,CACGGCTAAGGTATCTATTT,0,1320659
furpa,0.3333333333333333,2,2,CACGGCTAACTTCTGACCCC,0,1292113
furpa,0.3333333333333333,2,2,CACGCGATTGCCTCGTGGCT,0,1289360
furpa,0.3333333333333333,2,2,CACGACAACTAAGGCGCAAG,0,1340394
furpa,0.3333333333333333,2,2,CACCTTGGACCCCACGCTTG,0,1319100
furpa,0.3333333333333333,2,2,CACCTCGCCTCGACTCTTGA,0,1342694
furpa,0.3333333333333333,2,2,CACCTCGCACCACGAAAACC,0,1309886
furpa,0.3333333333333333,2,2,CACCGTGAAGATGGGTGTGA,0,1275509
furpa,0.3333333333333333,2,2,CACCGGCGCTCTTCGTACAG,0,1305953
furpa,0.3333333333333333,2,2,CACCCAGTATATGAGGGGAT,0,1334984
furpa,0.3333333333333333,2,2,CACCAGAGTGTCTGTGACGT,0,1354572
furpa,0.3333333333333333,2,2,CACCACTTTCATCTCTCGCT,0,1332937
furpa,0.3333333333333333,2,2,CACCACGGAGTGCTACGCTC,0,1329517
furpa,0.3333333333333333,2,2,CACCAAGCACAGAGATGTGA,0,1353455
furpa,0.3333333333333333,2,2,CACATTTTATGCTCCCTCGG,0,1290203
furpa,0.3333333333333333,2,2,CACAGGCACAGGTGCTGTAC,0,1340383
furpa,0.3333333333333333,2,2,CACAGCACGCTCATACCCTG,0,1281322
furpa,0.3333333333333333,2,2,CACACTGTCTTAAGCATGAT,0,1336351
furpa,0.3333333333333333,2,2,CACACCCCACTTGGTTGGGT,0,1339408
furpa,0.3333333333333333,2,2,CACACCCACAGGCATGATTC,0,1321743
furpa,0.3333333333333333,2,2,CAATTCAAACTTGACAGAAG,0,1298672
furpa,0.3333333333333333,2,2,CAATGGGTGAGGAACGACCT,0,1303565
furpa,0.3333333333333333,2,2,CAATGCTAGATGGGACTTCA,0,1324363
furpa,0.3333333333333333,2,2,CAATCCATTAACTTTGGTAT,0,1294392
furpa,0.3333333333333333,2,2,CAATCACCAACATCGAAACA,0,1279294
furpa,0.3333333333333333,2,2,CAATACAGAGCTTTGCGCGC,0,1316350
furpa,0.3333333333333333,2,2,CAATAACGTCTCTTCCAGTT,0,1309883
furpa,0.3333333333333333,2,2,CAAGTACTGTGCCCGATAAG,0,1294990
furpa,0.3333333333333333,2,2,CAAGGAGGCTGTTTCAGAAT,0,1273980
furpa,0.3333333333333333,2,2,CAAGCTTGTTCATTTACGGA,0,1293710
furpa,0.3333333333333333,2,2,CAAGCGTCGGTTGGGACTTA,0,1347999
furpa,0.3333333333333333,2,2,CAAGCGGACCCATCGAATCT,0,1287984
furpa,0.3333333333333333,2,2,CAAGCAGCAACGTTCCGCTA,0,1278145
furpa,0.3333333333333333,2,2,CAAGCACACGCTGTGATAAG,0,1306844
furpa,0.3333333333333333,2,2,CAACTTCGTCCGGATAAGCA,0,1304064
furpa,0.3333333333333333,2,2,CAACTGAACGCCGTGTACCA,0,1276194
furpa,0.3333333333333333,2,2,CAACGGCGCGTTGGTTGGGA,0,1300279
furpa,0.3333333333333333,2,2,CAACAGGGGACTGGATGCAT,0,1286997
furpa,0.3333333333333333,2,2,CAACAGAGCTTTATGCTTGT,0,1318596
furpa,0.3333333333333333,2,2,CAACAACGCCTCACGCCACG,0,1333989
furpa,0.3333333333333333,2,2,CAAAGGTGGACTAGGCAGAC,0,1335659
furpa,0.3333333333333333,2,2,CAAAGGCCATGCTGATGGCG,0,1308352
furpa,0.3333333333333333,2,2,CAAAACTAAGTAAGTCTTCA,0,1353316
furpa,0.3333333333333333,2,2,CAAAAACTAACAACGTCCAC,0,1300795
furpa,0.3333333333333333,2,2,ATTTTGGTTTGTTGGATAAT,0,1343946
furpa,0.3333333333333333,2,2,ATTTTAGGCTGAAGCTGGCT,0,1310454
furpa,0.3333333333333333,2,2,ATTTGGTTGGATTTAGGATT,0,1314058
furpa,0.3333333333333333,2,2,ATTTGCATCTACCCTCAGCA,0,1278412
furpa,0.3333333333333333,2,2,ATTTCTATCCTAGCGGAGTA,0,1324512
furpa,0.3333333333333333,2,2,ATTTACTTTGCTATCTGGGT,0,1354449
furpa,0.3333333333333333,2,2,ATTGTTGTTCTTCCGGACTC,0,1289824
furpa,0.3333333333333333,2,2,ATTGTGCCGCCGTCCAGCCA,0,1305642
furpa,0.3333333333333333,2,2,ATTGGTAATCGATAGTAAGA,0,1338639
furpa,0.3333333333333333,2,2,ATTGGGTTTGTATCCATACG,0,1292826
furpa,0.3333333333333333,2,2,ATTGGGATTTGGGGCGGTTT,0,1295283
furpa,0.3333333333333333,2,2,ATTGGCTAATGCGTACCATA,0,1357261
furpa,0.3333333333333333,2,2,ATTGGAATGCACGCTGTGCC,0,1309672
furpa,0.3333333333333333,2,2,ATTGCGCAACCCTGTCTGCG,0,1352464
furpa,0.3333333333333333,2,2,ATTGAGACGGCAGGACAAAA,0,1297429
furpa,0.3333333333333333,2,2,ATTCGTAAAATTGTTTTAGT,0,1345673
furpa,0.3333333333333333,2,2,ATTCGGATGGGCATCGTTGT,0,1276752
furpa,0.3333333333333333,2,2,ATTCGCTTGCCTGGGCTGGC,0,1339084
furpa,0.3333333333333333,2,2,ATTCGCTCGAGAGTTTGCAT,0,1295450
furpa,0.3333333333333333,2,2,ATTCGCCACACATGGAGACA,0,1352556
furpa,0.3333333333333333,2,2,ATTATTTAACAATCTAATAG,0,1330447
furpa,0.3333333333333333,2,2,ATTAGTCTAAAGCATTCAGA,0,1281327
furpa,0.3333333333333333,2,2,ATTAGGCATGTCAAGGCCCA,0,1275574
furpa,0.3333333333333333,2,2,ATTACGTGTTTTGATCGTGA,0,1317749
furpa,0.3333333333333333,2,2,ATTACAATGCGTTCATTGAC,0,1299365
furpa,0.3333333333333333,2,2,ATTAATCTAACGCCTAAAGC,0,1315896
furpa,0.3333333333333333,2,2,ATTAAGCCGGGACTGCCTGC,0,1273873
furpa,0.3333333333333333,2,2,ATTAACCACCAAAGCCAGGC,0,1281014
furpa,0.3333333333333333,2,2,ATTAAAGAACGACACGGTGT,0,1324675
furpa,0.3333333333333333,2,2,ATGTTACCCCTCCTTACGTT,0,1296230
furpa,0.3333333333333333,2,2,ATGTTAACTGGCGAAGCATG,0,1350658
furpa,0.3333333333333333,2,2,ATGTGGAGTTGTGCTTGGGG,0,1324075
furpa,0.3333333333333333,2,2,ATGTCTGGGATCCTATACTA,0,1318255
furpa,0.3333333333333333,2,2,ATGTATGTGGGTATCCCATG,0,1291458
furpa,0.3333333333333333,2,2,ATGTAGTAGGACGACATTTT,0,1325614
furpa,0.3333333333333333,2,2,ATGGTGTCCAAGCGTTTCCT,0,1337528
furpa,0.3333333333333333,2,2,ATGGTGAAACAACGGGGTAC,0,1351736
furpa,0.3333333333333333,2,2,ATGGTAGTCGTAGGTGGCTT,0,1350650
furpa,0.3333333333333333,2,2,ATGGTACGTCGTCGGCTAGT,0,1332904
furpa,0.3333333333333333,2,2,ATGGGCTTCCATTTGGGCCA,0,1326699
furpa,0.3333333333333333,2,2,ATGGGCCGCGCTAACCTGCA,0,1302225
furpa,0.3333333333333333,2,2,ATGGCATACACGTATGTATT,0,1321354
furpa,0.3333333333333333,2,2,ATGGCAGCGAATGGACTAAA,0,1305321
furpa,0.3333333333333333,2,2,ATGGCAGAGGTCATCTCCGC,0,1277211
furpa,0.3333333333333333,2,2,ATGGACGCTCCTTCTGTTAG,0,1347637
furpa,0.3333333333333333,2,2,ATGCTGGTTTTCTGATTGCA,0,1316380
furpa,0.3333333333333333,2,2,ATGCGCTTAGGTCCGCCACT,0,1304074
furpa,0.3333333333333333,2,2,ATGCGAGTGGACGTTGATGG,0,1299237
furpa,0.3333333333333333,2,2,ATGCCGGAGGGTGACTGAGA,0,1349877
furpa,0.3333333333333333,2,2,ATGCCACAAGCAAGAAACCT,0,1311876
furpa,0.3333333333333333,2,2,ATGCATTTACGGTAAATGTT,0,1304185
furpa,0.3333333333333333,2,2,ATGAGTGTGCGTAGTGTCTC,0,1301356
furpa,0.3333333333333333,2,2,ATGAGCGGTTACCGAACGGC,0,1319998
furpa,0.3333333333333333,2,2,ATGAGAACTACTGTAACAAT,0,1285171
furpa,0.3333333333333333,2,2,ATGAATAAGAGCATAACTTG,0,1287162
furpa,0.3333333333333333,2,2,ATCTTGAAGAGGAGTTATGT,0,1348633
furpa,0.3333333333333333,2,2,ATCTGGGGGCTTGCTCGCCT,0,1317244
furpa,0.3333333333333333,2,2,ATCTGCGTTCCCATCACACA,0,1279934
furpa,0.3333333333333333,2,2,ATCTAGAAGAGTAGGTGCTA,0,1302010
furpa,0.3333333333333333,2,2,ATCGTCCCGGCTTCAAACCT,0,1298705
furpa,0.3333333333333333,2,2,ATCGGAGCGGCACCACCGAA,0,1345614
furpa,0.3333333333333333,2,2,ATCGCTATGGGCGCCGATAT,0,1356828
furpa,0.3333333333333333,2,2,ATCGATCCGACGAACGGTCT,0,1329011
furpa,0.3333333333333333,2,2,ATCGACCGCCTCTCGCGCGT,0,1352762
furpa,0.3333333333333333,2,2,ATCGACAGGTATTTGGAGCT,0,1346905
furpa,0.3333333333333333,2,2,ATCCTTTAAGAGTGCGTCGT,0,1345249
furpa,0.3333333333333333,2,2,ATCCGCGTGACTGGTATTGT,0,1279186
furpa,0.3333333333333333,2,2,ATCCGATTTCGTTATCGAGC,0,1349540
furpa,0.3333333333333333,2,2,ATCCAGTGGCGAAGAGCGTC,0,1347638
furpa,0.3333333333333333,2,2,ATCATCTGTGGACTTACGAC,0,1344274
furpa,0.3333333333333333,2,2,ATCAGAGCGGCCGGAGCCAT,0,1352957
furpa,0.3333333333333333,2,2,ATCACGGCGCTAGTCGGAGT,0,1344329
furpa,0.3333333333333333,2,2,ATCAACCGGCGTCAAGTCTT,0,1282377
furpa,0.3333333333333333,2,2,ATATTCCCAAGTGACCCCAC,0,1323989
furpa,0.3333333333333333,2,2,ATATTACCGCTCACAGGGTA,0,1280591
furpa,0.3333333333333333,2,2,ATATACGCTGCATCCGGGAA,0,1328495
furpa,0.3333333333333333,2,2,ATAGTTTGCAGGTCTCTAAA,0,1313090
furpa,0.3333333333333333,2,2,ATAGTTGACCTTAATGTTTA,0,1282679
furpa,0.3333333333333333,2,2,ATAGTCGGGTGATGTTGCTA,0,1332636
furpa,0.3333333333333333,2,2,ATAGGGCGCTTGTCTATCCA,0,1328226
furpa,0.3333333333333333,2,2,ATAGGGAATTAAGTCGCCAA,0,1337124
furpa,0.3333333333333333,2,2,ATACTTCCCGCCTCCGCAAC,0,1294643
furpa,0.3333333333333333,2,2,ATACTTACGCATAAACGGTA,0,1312549
furpa,0.3333333333333333,2,2,ATACTATTGGGTAAAAATTC,0,1278559
furpa,0.3333333333333333,2,2,ATACGGCACAAGCAAAAGGA,0,1291562
furpa,0.3333333333333333,2,2,ATACGATATGTGCCCACGTT,0,1326556
furpa,0.3333333333333333,2,2,ATACCCTCGTCCGACGAGGA,0,1321724
furpa,0.3333333333333333,2,2,ATACAAAAGTGTTGGAGTTG,0,1329667
furpa,0.3333333333333333,2,2,ATAATCCGACTCTGAATCCT,0,1276877
furpa,0.3333333333333333,2,2,ATAACAGGCAAATTACACCT,0,1354371
furpa,0.3333333333333333,2,2,AGTTTGTAAGTTACCCTGTC,0,1302331
furpa,0.3333333333333333,2,2,AGTTTCCCACTATTCGACTT,0,1307362
furpa,0.3333333333333333,2,2,AGTTGTTGAAATACCGTCAT,0,1328509
furpa,0.3333333333333333,2,2,AGTTCTATAAGGTGTGCATA,0,1342942
furpa,0.3333333333333333,2,2,AGTTAGCCGAACCATCTAAT,0,1314077
furpa,0.3333333333333333,2,2,AGTTACATCTGCCTAACTAA,0,1309414
furpa,0.3333333333333333,2,2,AGTGTAGTGTACTCTATCCA,0,1340792
furpa,0.3333333333333333,2,2,AGTGGGATGTGTAATTATAA,0,1345691
furpa,0.3333333333333333,2,2,AGTGATCCTAGCCTAGTTAA,0,1303857
furpa,0.3333333333333333,2,2,AGTCTGCATCGGAACCGCAG,0,1275705
furpa,0.3333333333333333,2,2,AGTCTACAATCTTTCGCCAT,0,1332179
furpa,0.3333333333333333,2,2,AGTCGCAGCTTTGACCAACA,0,1276812
furpa,0.3333333333333333,2,2,AGTCCCACCCTATTAAATGA,0,1348630
furpa,0.3333333333333333,2,2,AGTCACAAGGGGTCCTTCGT,0,1331029
furpa,0.3333333333333333,2,2,AGTCAATGGAGGGGTTTGAG,0,1292307
furpa,0.3333333333333333,2,2,AGTATTCTTCAGATTACACC,0,1297043
furpa,0.3333333333333333,2,2,AGTATTACCCGACGAACCCT,0,1277258
furpa,0.3333333333333333,2,2,AGTACCGAGCAGCAGATGTG,0,1307227
furpa,0.3333333333333333,2,2,AGTAAACTCCAGCTCTGGAG,0,1335410
furpa,0.3333333333333333,2,2,AGGTGCACAATGAAAGGGCA,0,1333609
furpa,0.3333333333333333,2,2,AGGTCTTTCCGATTATTGTT,0,1293516
furpa,0.3333333333333333,2,2,AGGTCACTGAGCTGGGCCAA,0,1351996
furpa,0.3333333333333333,2,2,AGGTATGAGCGGAACTGTTG,0,1319280
furpa,0.3333333333333333,2,2,AGGTACCTAGGTACATTGCT,0,1346355
furpa,0.3333333333333333,2,2,AGGTAAGGTCGTTAGCGCAG,0,1282011
furpa,0.3333333333333333,2,2,AGGGTTGGAAGATTGATATA,0,1293185
furpa,0.3333333333333333,2,2,AGGGCTAACGACATCGGAGA,0,1288034
furpa,0.3333333333333333,2,2,AGGGCGGTGTTGAGAGACTT,0,1331843
furpa,0.3333333333333333,2,2,AGGGCCAATACTGCGGTCCT,0,1313071
furpa,0.3333333333333333,2,2,AGGCTTCGGAGCTCCGCATG,0,1337714
furpa,0.3333333333333333,2,2,AGGCTCTGGTTTCCTATGTA,0,1341830
furpa,0.3333333333333333,2,2,AGGCGGCACGCGGACTGGTT,0,1318099
furpa,0.3333333333333333,2,2,AGGCGAAGTCTTCGATCTCC,0,1336136
furpa,0.3333333333333333,2,2,AGGCAAATCGTATTGGGCTT,0,1332558
furpa,0.3333333333333333,2,2,AGGATTGCTGGGGGGTTTGC,0,1289490
furpa,0.3333333333333333,2,2,AGGATCCCGGTGCCCCCGTT,0,1312617
furpa,0.3333333333333333,2,2,AGGACCTGAACCGAATTGGA,0,1343025
furpa,0.3333333333333333,2,2,AGGAAAGAGATTGTTGAAAA,0,1344092
furpa,0.3333333333333333,2,2,AGCTTCCTCTGTGCTCTTAT,0,1352235
furpa,0.3333333333333333,2,2,AGCTCAAGCAGTGCATGATC,0,1271991
furpa,0.3333333333333333,2,2,AGCTACACAGGATTATATTC,0,1279860
furpa,0.3333333333333333,2,2,AGCGTCATTCCCGCACACTA,0,1336385
furpa,0.3333333333333333,2,2,AGCGGTTTAAACGTTAACAG,0,1295230
furpa,0.3333333333333333,2,2,AGCGCCTCTTTAAGAAGGTA,0,1291078
furpa,0.3333333333333333,2,2,AGCGCCGTCCCTATTGTTGG,0,1272317
furpa,0.3333333333333333,2,2,AGCGAGCGAGACATGATACC,0,1277343
furpa,0.3333333333333333,2,2,AGCCTTCAGACTTCTATTGA,0,1286547
furpa,0.3333333333333333,2,2,AGCCTAATAATTTGAGTCAG,0,1318352
furpa,0.3333333333333333,2,2,AGCCGGCTACCTCTCGCTCA,0,1310667
furpa,0.3333333333333333,2,2,AGCCGCTCTCTAGCGGGAGT,0,1276209
furpa,0.3333333333333333,2,2,AGCCCATGTCACCGCGGTTG,0,1272662
furpa,0.3333333333333333,2,2,AGCCAGGCCCATGAGCGGGT,0,1272650
furpa,0.3333333333333333,2,2,AGCATCTTTTAAGCGGGCGA,0,1313054
furpa,0.3333333333333333,2,2,AGCACGTGTTACGTAACATA,0,1292456
furpa,0.3333333333333333,2,2,AGCAACGAACATTGTTACTG,0,1346840
furpa,0.3333333333333333,2,2,AGCAACCTTGCCGGAATCAA,0,1328192
furpa,0.3333333333333333,2,2,AGCAAACTTTCGGCTTCAAT,0,1334533
furpa,0.3333333333333333,2,2,AGATTCCGGGTGGGCGTCGG,0,1283942
furpa,0.3333333333333333,2,2,AGATGGCTAGACAAAGCAGT,0,1276110
furpa,0.3333333333333333,2,2,AGATCGTTACTTCCCATGCG,0,1282870
furpa,0.3333333333333333,2,2,AGATCAACTCTCTGTGCAAA,0,1303582
furpa,0.3333333333333333,2,2,AGATACTTTTTGGTTTAATC,0,1330554
furpa,0.3333333333333333,2,2,AGATACGGACTTGAGAGGTC,0,1278599
furpa,0.3333333333333333,2,2,AGAGTCCTTGTATACAGTTT,0,1285691
furpa,0.3333333333333333,2,2,AGAGGAAACCGCATTTGGGA,0,1311432
furpa,0.3333333333333333,2,2,AGAGCTGCTGCTTGTCTATA,0,1350549
furpa,0.3333333333333333,2,2,AGAGCCCGTCCAAGAGCATT,0,1314472
furpa,0.3333333333333333,2,2,AGAGCAACTCAACTAAATAA,0,1334462
furpa,0.3333333333333333,2,2,AGAGATTGGACTAAGTGCTG,0,1313992
furpa,0.3333333333333333,2,2,AGACTTTAATAGCGTCAATT,0,1310921
furpa,0.3333333333333333,2,2,AGACCGGCCCGGTTAACCCG,0,1351806
furpa,0.3333333333333333,2,2,AGACCGACGTGTAGGCCGGG,0,1318233
furpa,0.3333333333333333,2,2,AGACAGCGACGGTTGATGGG,0,1293611
furpa,0.3333333333333333,2,2,AGACAGAGTACTTCTGAATC,0,1287425
furpa,0.3333333333333333,2,2,AGAATGTTGCCACATCCAGC,0,1346350
furpa,0.3333333333333333,2,2,AGAACTGTTATTGGGACATA,0,1303621
furpa,0.3333333333333333,2,2,ACTTTTCCCTTAAAGGCACT,0,1295022
furpa,0.3333333333333333,2,2,ACTTTTATAAACCTACATTA,0,1350702
furpa,0.3333333333333333,2,2,ACTTGTCGTCAGTGGCTGCC,0,1279809
furpa,0.3333333333333333,2,2,ACTTGATCCCGTTGTCAGGT,0,1286043
furpa,0.3333333333333333,2,2,ACTTCGTTGGTCCCTAAGCT,0,1271332
furpa,0.3333333333333333,2,2,ACTTATGCAATTGTCGGCTA,0,1348384
furpa,0.3333333333333333,2,2,ACTTATCGCGGGACCATCGT,0,1272807
furpa,0.3333333333333333,2,2,ACTGCTGCCTGGGTGCTAAT,0,1274793
furpa,0.3333333333333333,2,2,ACTGCTCTAATTGACCAATT,0,1299290
furpa,0.3333333333333333,2,2,ACTGATTTTAGTGATGACTA,0,1291731
furpa,0.3333333333333333,2,2,ACTCTTTAGAATAAAACTGA,0,1337088
furpa,0.3333333333333333,2,2,ACTCGGGACAAACGACACTT,0,1347262
furpa,0.3333333333333333,2,2,ACTCGAGCGTCTGATGCGGT,0,1297040
furpa,0.3333333333333333,2,2,ACTCACGGTCGGGCTTTAGA,0,1349138
furpa,0.3333333333333333,2,2,ACTCACGATGGACCCGGTAG,0,1271995
furpa,0.3333333333333333,2,2,ACTATGACGGGAACATACGG,0,1321875
furpa,0.3333333333333333,2,2,ACTACATCCGATTGTTAACT,0,1305051
furpa,0.3333333333333333,2,2,ACTAATCTCAGGTATTTCAC,0,1328938
furpa,0.3333333333333333,2,2,ACTAACTGGGAGCCAGGGTG,0,1287813
furpa,0.3333333333333333,2,2,ACTAAATGTACTAGATGGTC,0,1271324
furpa,0.3333333333333333,2,2,ACTAAATGGAATGCATCGAT,0,1313635
furpa,0.3333333333333333,2,2,ACGTTAGTCGGGGCAGTTGA,0,1272590
furpa,0.3333333333333333,2,2,ACGTCTAATATGGTGCTATT,0,1279029
furpa,0.3333333333333333,2,2,ACGTCGAGACACATACCAGT,0,1345715
furpa,0.3333333333333333,2,2,ACGTCCGTTTCAGTAGGGAT,0,1344050
furpa,0.3333333333333333,2,2,ACGTACCGCTACTGTCTCGG,0,1327497
furpa,0.3333333333333333,2,2,ACGTACAACTTTACCGGCCA,0,1341074
furpa,0.3333333333333333,2,2,ACGGTTCGAGTAGATGTGAT,0,1305052
furpa,0.3333333333333333,2,2,ACGGTCCAATCGCGGTGCAG,0,1346039
furpa,0.3333333333333333,2,2,ACGGGACGACTATTCCCCGT,0,1304667
furpa,0.3333333333333333,2,2,ACGGCGCCCACCAGCTCCCT,0,1295449
furpa,0.3333333333333333,2,2,ACGGCGCAGCAGCTCGGTTC,0,1344461
furpa,0.3333333333333333,2,2,ACGCTGAGCTCCCCGGTCCC,0,1300805
furpa,0.3333333333333333,2,2,ACGCCTGAAGGGATCACAAA,0,1312153
furpa,0.3333333333333333,2,2,ACGCCAAATAAGCTGTAAAG,0,1273740
furpa,0.3333333333333333,2,2,ACGCAATGTGTCAGAGGTCT,0,1277970
furpa,0.3333333333333333,2,2,ACGATTACGATCAACCTGGG,0,1333735
furpa,0.3333333333333333,2,2,ACGATCGTCATTGGAGACCC,0,1292207
furpa,0.3333333333333333,2,2,ACGATCGGCATAGGAGCTCG,0,1323798
furpa,0.3333333333333333,2,2,ACGATCCAGGCCGGCGAAGT,0,1288824
furpa,0.3333333333333333,2,2,ACGATCAACCTCGTGGGCTC,0,1330991
furpa,0.3333333333333333,2,2,ACGAGGGCAGCCGCAATAGA,0,1343569
furpa,0.3333333333333333,2,2,ACGAGCGGACACCGTCAAAG,0,1274957
furpa,0.3333333333333333,2,2,ACGAGAAATCCAAGGGGCCT,0,1305734
furpa,0.3333333333333333,2,2,ACGACTCCAAGGCTCCAAAA,0,1326017
furpa,0.3333333333333333,2,2,ACGACCGTCCAACGGCGTAA,0,1346766
furpa,0.3333333333333333,2,2,ACGAATTCGGAGGTTGGAGT,0,1280216
furpa,0.3333333333333333,2,2,ACGAAGGGGACTCAGCTAGG,0,1328833
furpa,0.3333333333333333,2,2,ACGAAAATTGATCAAATGCT,0,1325908
furpa,0.3333333333333333,2,2,ACCTTCGGCTGGACAATACA,0,1337826
furpa,0.3333333333333333,2,2,ACCTTAGTAGGTATGAAGTG,0,1336556
furpa,0.3333333333333333,2,2,ACCGTTCCAGCGTTTTATAT,0,1294261
furpa,0.3333333333333333,2,2,ACCGGGTCCAACATGGCATG,0,1346901
furpa,0.3333333333333333,2,2,ACCGGGAGGTATTCAACGCA,0,1353967
furpa,0.3333333333333333,2,2,ACCGGATAACACTTTCGAGT,0,1302732
furpa,0.3333333333333333,2,2,ACCGCCTGCGTACGGGATAA,0,1281235
furpa,0.3333333333333333,2,2,ACCGATTATCCTCAATGATG,0,1346436
furpa,0.3333333333333333,2,2,ACCGACAAGCCCGATATTAT,0,1280405
furpa,0.3333333333333333,2,2,ACCCGCAAGATTGCCTCCCC,0,1339803
furpa,0.3333333333333333,2,2,ACCCCTTTCATTCCTCTCAG,0,1272971
furpa,0.3333333333333333,2,2,ACCCACAGGTGGGGACACGA,0,1286047
furpa,0.3333333333333333,2,2,ACCATCACGCGTTAATAATT,0,1324170
furpa,0.3333333333333333,2,2,ACCAATATTCTTATGCTCAC,0,1335976
furpa,0.3333333333333333,2,2,ACCAAGCTTCAGAGGCTGAC,0,1339004
furpa,0.3333333333333333,2,2,ACATGTCATGATTCGTGAGG,0,1332455
furpa,0.3333333333333333,2,2,ACATGATCCTTTAAGACAGA,0,1314688
furpa,0.3333333333333333,2,2,ACATCGAGTCAAATCGGCGT,0,1319426
furpa,0.3333333333333333,2,2,ACATAAGTACCCCTTTCTCC,0,1271680
furpa,0.3333333333333333,2,2,ACATAAGACCCTCCGACAAA,0,1314677
furpa,0.3333333333333333,2,2,ACAGTAGTAACTGTTGGGCA,0,1303631
furpa,0.3333333333333333,2,2,ACAGGCAATCAGTCCCCAGA,0,1289209
furpa,0.3333333333333333,2,2,ACAGCGGGCTCGCCGCTACC,0,1311670
furpa,0.3333333333333333,2,2,ACAGACCGCTCAATAGTGCT,0,1347986
furpa,0.3333333333333333,2,2,ACACGTCATGGCGTCAGTCC,0,1316090
furpa,0.3333333333333333,2,2,ACACGATCGGCTCTGGCTGA,0,1318089
furpa,0.3333333333333333,2,2,ACACCTCGTCGAACGGCATA,0,1328652
furpa,0.3333333333333333,2,2,ACACAGGTTAATGCTCGGGA,0,1355124
furpa,0.3333333333333333,2,2,ACACACTCCCTGGCCGGGTA,0,1338067
furpa,0.3333333333333333,2,2,ACAATAAGCATTTTTCCTAT,0,1310217
furpa,0.3333333333333333,2,2,ACAAGGCATCTATTCCTTTG,0,1297388
furpa,0.3333333333333333,2,2,ACAACGAGCGTTTTTCTGTG,0,1303890
furpa,0.3333333333333333,2,2,ACAACATGTTGCACGCGACA,0,1286171
furpa,0.3333333333333333,2,2,ACAAAGGTGGTCGTGGCAGA,0,1275605
furpa,0.3333333333333333,2,2,ACAAAAGGATCCAGAATTAA,0,1310529
furpa,0.3333333333333333,2,2,AATTTGCTGGCAATGTATGT,0,1298348
furpa,0.3333333333333333,2,2,AATTGCAAACAATAACTCTG,0,1336081
furpa,0.3333333333333333,2,2,AATTGAGCTCACCGTCCAGC,0,1312156
furpa,0.3333333333333333,2,2,AATTCAACTGAGCTCTCGTA,0,1287151
furpa,0.3333333333333333,2,2,AATTATGTCCCAGGGGCTGA,0,1281030
furpa,0.3333333333333333,2,2,AATTATGAGCAAAAACAATG,0,1316479
furpa,0.3333333333333333,2,2,AATTAGTTTCGTTTAAGCCA,0,1344612
furpa,0.3333333333333333,2,2,AATGTTAGCCGCCCCTTTTA,0,1304525
furpa,0.3333333333333333,2,2,AATGTCCGGGTCTATGTCCA,0,1339695
furpa,0.3333333333333333,2,2,AATGCGTACCATCATAGTAG,0,1323817
furpa,0.3333333333333333,2,2,AATGCATGATTCCCACCTAG,0,1303617
furpa,0.3333333333333333,2,2,AATGACTCAATCCCGGTCCT,0,1290444
furpa,0.3333333333333333,2,2,AATCACGCGAACCAGAAGTA,0,1271819
furpa,0.3333333333333333,2,2,AATCACCTGACTATTCACCA,0,1320876
furpa,0.3333333333333333,2,2,AATCAAGAACGAGTGGCTAC,0,1352498
furpa,0.3333333333333333,2,2,AATATTAATTGCGCCGACCT,0,1299307
furpa,0.3333333333333333,2,2,AATAGTAAGTCAGTGCTATA,0,1293656
furpa,0.3333333333333333,2,2,AATAGGTCCGAGTTACCGAT,0,1311284
furpa,0.3333333333333333,2,2,AATAGGCTAGAAAGAAATAC,0,1313296
furpa,0.3333333333333333,2,2,AATAGCGGCGCATGATGGAT,0,1356067
furpa,0.3333333333333333,2,2,AATACTTGAAAGTTGGGCTC,0,1302814
furpa,0.3333333333333333,2,2,AATAATACAAAGCGAGCCGA,0,1318996
furpa,0.3333333333333333,2,2,AAGTTCCTGTCATCGCAGCC,0,1271723
furpa,0.3333333333333333,2,2,AAGTTCACCCTGGGAACAGT,0,1284710
furpa,0.3333333333333333,2,2,AAGTGCGCCATTGCCGGGTT,0,1277031
furpa,0.3333333333333333,2,2,AAGTCCACCCGCTGTCCTCT,0,1342429
furpa,0.3333333333333333,2,2,AAGGTTCGCCACTAAACTCA,0,1283001
furpa,0.3333333333333333,2,2,AAGGGCACTCACCTTATGGG,0,1349870
furpa,0.3333333333333333,2,2,AAGGCACAACGAGATAGGGT,0,1348774
furpa,0.3333333333333333,2,2,AAGGAGTATTTTATCTCCAA,0,1325799
furpa,0.3333333333333333,2,2,AAGCGTGGAAGCCCCCCTCT,0,1350898
furpa,0.3333333333333333,2,2,AAGCCGCACACCTATCCAAC,0,1312078
furpa,0.3333333333333333,2,2,AAGCCACGCAGATCTCCTCA,0,1290511
furpa,0.3333333333333333,2,2,AAGAGTCCGCCGCTTGAGCA,0,1319795
furpa,0.3333333333333333,2,2,AAGAGCTGAAGATATAGGTA,0,1305368
furpa,0.3333333333333333,2,2,AAGACTGCCGCAAGTCACTT,0,1280339
furpa,0.3333333333333333,2,2,AAGACCTTCGGGATTGCATT,0,1322818
furpa,0.3333333333333333,2,2,AACTGCCCGCTCAAGACGCA,0,1346151
furpa,0.3333333333333333,2,2,AACTGAGGCTTGACACTTTC,0,1316763
furpa,0.3333333333333333,2,2,AACTCTATAATTCACGCGTC,0,1287990
furpa,0.3333333333333333,2,2,AACTCCAAACTATGCCAAGA,0,1316587
furpa,0.3333333333333333,2,2,AACGGTGTTAACCGTTGGGA,0,1277738
furpa,0.3333333333333333,2,2,AACGCGGAGGATTACAAAGC,0,1295588
furpa,0.3333333333333333,2,2,AACCCCTTAGGGACTTACGT,0,1309620
furpa,0.3333333333333333,2,2,AACCACCCATTGCAACAAAT,0,1301751
furpa,0.3333333333333333,2,2,AACCAATGCACAAGAGCGAT,0,1284707
furpa,0.3333333333333333,2,2,AACATTATTGCATTGAAGCG,0,1277603
furpa,0.3333333333333333,2,2,AACATGCCCACAAAAAGTGT,0,1329842
furpa,0.3333333333333333,2,2,AACAGGTAACAGCTCCACTC,0,1295721
furpa,0.3333333333333333,2,2,AACACTCCTCCTATTAGGGA,0,1281274
furpa,0.3333333333333333,2,2,AACACGGCTAGTCCTCTCAG,0,1309132
furpa,0.3333333333333333,2,2,AACACCGCGCAGGTTCTGGG,0,1357209
furpa,0.3333333333333333,2,2,AACAAACTCGCTCATGGCTT,0,1338741
furpa,0.3333333333333333,2,2,AAATCCGGCACTGTTTACAA,0,1291754
furpa,0.3333333333333333,2,2,AAATCCCAAACATTCTTATA,0,1277819
furpa,0.3333333333333333,2,2,AAATATTCTTGGGTCATAAC,0,1305939
furpa,0.3333333333333333,2,2,AAATATTATTGAATGGATGC,0,1295701
furpa,0.3333333333333333,2,2,AAATACTAAATACCGGTTAA,0,1336496
furpa,0.3333333333333333,2,2,AAAGTTCAACTTCGGCATGT,0,1298019
furpa,0.3333333333333333,2,2,AAAGTCAGAGGGAATCGGAT,0,1339639
furpa,0.3333333333333333,2,2,AAAGGTCGGAGTTCCCTGCA,0,1315434
furpa,0.3333333333333333,2,2,AAAGGGGGGCTCGGTTCCCA,0,1287655
furpa,0.3333333333333333,2,2,AAAGCTCATTAACGTTCGCT,0,1307079
furpa,0.3333333333333333,2,2,AAAGCAAATTCCCGAGACAA,0,1299498
furpa,0.3333333333333333,2,2,AAAGAGTGTATTGCAAAATA,0,1301063
furpa,0.3333333333333333,2,2,AAAGAAAGTGATAGATATTT,0,1297651
furpa,0.3333333333333333,2,2,AAACGCTTGCGTTAATAATT,0,1345895
furpa,0.3333333333333333,2,2,AAACGCTCACCTTCCCTGTA,0,1289977
furpa,0.3333333333333333,2,2,AAACGCCACGAATAACCATA,0,1326853
furpa,0.3333333333333333,2,2,AAACAACGACGGAGCATTGA,0,1334350
furpa,0.3333333333333333,2,2,AAAATTCCGCAAGTGTACTC,0,1300732
furpa,0.3333333333333333,2,2,AAAATCCTGTAGCGCGTAGG,0,1298550
furpa,0.3333333333333333,2,2,AAAATATCAGGGGACGGTCT,0,1347767
furpa,0.3333333333333333,2,2,AAAAGCAACAGGGTGAGTGA,0,1292227
furpa,0.3333333333333333,2,2,AAAACTTTGGCTCCGCGAAT,0,1283411
furpa,0.3333333333333333,2,2,AAAACGAAGGCTTGTTTAGT,0,1303501
furpa,0.3333333333333333,2,2,AAAACAAACATTTGAGAAGC,0,1344622
furpa,0.3333333333333333,2,2,AAAAAGGACGGTATCTTAGG,0,1326188
furpa,0.5,1,1,TTTTTGTGCCGTGACCTTGG,0,1325717
furpa,0.5,1,1,TTTTTCTAAGTCGTTCTGGT,0,1353078
furpa,0.5,1,1,TTTTTACAATTTAAATTCAA,0,1299286
furpa,0.5,1,1,TTTTGTCTGCCGGGCTTCCT,0,1272329
furpa,0.5,1,1,TTTTGTCAGTAGGCTGCTTT,0,1336336
furpa,0.5,1,1,TTTTGCGGACCTACAAGGCT,0,1314915
furpa,0.5,1,1,TTTTGCGCCTTGGTTGCCCC,0,1321720
furpa,0.5,1,1,TTTTGCCTGCCAACATAGGT,0,1274508
furpa,0.5,1,1,TTTTGCATCACTGCAGCTAT,0,1325523
furpa,0.5,1,1,TTTTGATTAAGTGTTCTTGA,0,1327037
furpa,0.5,1,1,TTTTGAAAAAGCCACCGTTC,0,1310448
furpa,0.5,1,1,TTTTCTTTTTTTTTGCGCTA,0,1307519
furpa,0.5,1,1,TTTTCTGAGGTAAGTTCATG,0,1281587
furpa,0.5,1,1,TTTTCTCCTCGGTTCACCAG,0,1271857
furpa,0.5,1,1,TTTTCTAATACTAGAGGGAA,0,1283592
furpa,0.5,1,1,TTTTCGTGCCCATGGTAACG,0,1348579
furpa,0.5,1,1,TTTTCACGGAAGCATCGAGA,0,1286295
furpa,0.5,1,1,TTTTAGAACCCTCGTTCCGC,0,1304790
furpa,0.5,1,1,TTTTAAAGGGTATGTGGAAG,0,1316405
furpa,0.5,1,1,TTTGTTTGTAGAGCGAGGTT,0,1299778
furpa,0.5,1,1,TTTGTTGGGTAGTACCCAAT,0,1321050
furpa,0.5,1,1,TTTGTGGCTGAGCGGTCCAG,0,1281029
furpa,0.5,1,1,TTTGTAGCACTCGCGCATGC,0,1310276
furpa,0.5,1,1,TTTGGTTTTTGTCCTTCTCG,0,1355747
furpa,0.5,1,1,TTTGGTGGGTGAAGGGGTCT,0,1315405
furpa,0.5,1,1,TTTGGTGGCGAAACACGATT,0,1339751
furpa,0.5,1,1,TTTGGTGCCGGCTTCCTGCA,0,1320648
furpa,0.5,1,1,TTTGGTAGAGTGTAGGGGTC,0,1287671
furpa,0.5,1,1,TTTGGGGGAGTTCTGGGTGA,0,1325026
furpa,0.5,1,1,TTTGGGCTTGGATCCAAGGT,0,1356539
furpa,0.5,1,1,TTTGGAAGCGTGGATACTGC,0,1276537
furpa,0.5,1,1,TTTGCGTAAGAACCCAGAGC,0,1344455
furpa,0.5,1,1,TTTGCGCTTCTTCCTGCGGA,0,1315092
furpa,0.5,1,1,TTTGCAACTTCATGTAAAAA,0,1336960
furpa,0.5,1,1,TTTGAGGGAAACCCCAAACG,0,1290457
furpa,0.5,1,1,TTTGAGGATGGGGCAGACGA,0,1306853
furpa,0.5,1,1,TTTGAGCGCACCCGACGAAT,0,1303459
furpa,0.5,1,1,TTTGAGACAATGCTCCGTCG,0,1302691
furpa,0.5,1,1,TTTGACGGGTGTGGAGGGCA,0,1282370
furpa,0.5,1,1,TTTGAATGCTATAATCCGCA,0,1304173
furpa,0.5,1,1,TTTGAAACGCAGTACATTGA,0,1280910
furpa,0.5,1,1,TTTCTGTTTACGACCGAGAC,0,1280577
furpa,0.5,1,1,TTTCTCGTGTGTCTATCCGG,0,1291356
furpa,0.5,1,1,TTTCTACATTCGACCTGACG,0,1305222
furpa,0.5,1,1,TTTCGGATCTTTATCATTCA,0,1280691
furpa,0.5,1,1,TTTCGCCCAGGATGAAATTA,0,1335865
furpa,0.5,1,1,TTTCGACTAAGTGACGCGCA,0,1287008
furpa,0.5,1,1,TTTCCTATCTTGCCGCGAGC,0,1339930
furpa,0.5,1,1,TTTCCGCTGTTGGATCCTTC,0,1281973
furpa,0.5,1,1,TTTCCCCTTTATCAGATTCA,0,1290644
furpa,0.5,1,1,TTTCCATGGGTTGCGGAGCA,0,1316893
furpa,0.5,1,1,TTTCCAGTTCTCAACCCCTA,0,1273508
furpa,0.5,1,1,TTTCATTCCGGGATAGAAAT,0,1276140
furpa,0.5,1,1,TTTCATCACAAAATATTTGA,0,1293295
furpa,0.5,1,1,TTTCAGGCGGTGGGGGGGCG,0,1342636
furpa,0.5,1,1,TTTCAGGACAGGCGGCAGGG,0,1325302
furpa,0.5,1,1,TTTCACTTTAGATGACTGTA,0,1314595
furpa,0.5,1,1,TTTCACGCCGGGAGGCTGCA,0,1336568
furpa,0.5,1,1,TTTCACAGCACCAGTGTTGT,0,1291429
furpa,0.5,1,1,TTTCAAGGGATGGCTCTTGG,0,1324889
furpa,0.5,1,1,TTTATCTCGAGACTATAGAT,0,1290768
furpa,0.5,1,1,TTTATATCAAATCGTGTCTT,0,1336406
furpa,0.5,1,1,TTTATAGGTCAGGTCGTACC,0,1298008
furpa,0.5,1,1,TTTAGTTACGGACGGACGAA,0,1286676
furpa,0.5,1,1,TTTAGGACTGGCCATCAAAA,0,1350258
furpa,0.5,1,1,TTTAGCAAGGGGATCAGTTC,0,1300089
furpa,0.5,1,1,TTTACGCCATGAACGCCACA,0,1281716
furpa,0.5,1,1,TTTACCTGCGTGCCTACGCG,0,1318179
furpa,0.5,1,1,TTTACAGTCTTGATGGTACC,0,1335319
furpa,0.5,1,1,TTTACACTAGAAGAGCGTCA,0,1294048
furpa,0.5,1,1,TTTAAGGGGCCTGGGCTAAT,0,1323732
furpa,0.5,1,1,TTTAACTCTCGGTATAAATT,0,1328239
furpa,0.5,1,1,TTTAACGCGTCACCAGCTGC,0,1295986
furpa,0.5,1,1,TTTAAATTAATGAAGCAACA,0,1288589
furpa,0.5,1,1,TTTAAATAGGCCCAGACCTT,0,1298289
furpa,0.5,1,1,TTGTTATGGCGGCTTCGTTA,0,1284643
furpa,0.5,1,1,TTGTTATCACTTGCCTCCGA,0,1355382
furpa,0.5,1,1,TTGTTAGTTAGCTAATTCGA,0,1346738
furpa,0.5,1,1,TTGTTAGGCTTTCTCTGTAA,0,1341231
furpa,0.5,1,1,TTGTTACCCGTGTTCGCGCA,0,1324521
furpa,0.5,1,1,TTGTGACCAGATAGGGCGTG,0,1304388
furpa,0.5,1,1,TTGTCTAGTTAGTCGCGTAG,0,1334242
furpa,0.5,1,1,TTGTCATAGATGAATAGGTA,0,1341408
furpa,0.5,1,1,TTGTATCATAATATTTGCTC,0,1281062
furpa,0.5,1,1,TTGTACTTTAGCATTTAAGG,0,1282965
furpa,0.5,1,1,TTGGTTGCAGCATGCGCTCT,0,1325261
furpa,0.5,1,1,TTGGTGGGACAGATGCAACA,0,1307930
furpa,0.5,1,1,TTGGTGGCCGGTCCTGGGTG,0,1352245
furpa,0.5,1,1,TTGGTGCTGAATGTATTCAA,0,1326523
furpa,0.5,1,1,TTGGTGATCCCCACAATCAT,0,1306591
furpa,0.5,1,1,TTGGTCGTCACGTTCTTAGA,0,1331471
furpa,0.5,1,1,TTGGGTGTCTTATACAGAAG,0,1289243
furpa,0.5,1,1,TTGGGGAGGTTGCAAAGACA,0,1303560
furpa,0.5,1,1,TTGGGGACCAACCGTCGATG,0,1316403
furpa,0.5,1,1,TTGGGCATTCTTTAGCGGGT,0,1332670
furpa,0.5,1,1,TTGGGCATCGTGAGGACGAA,0,1341194
furpa,0.5,1,1,TTGGGCAGACGGTCGAGAGT,0,1334043
furpa,0.5,1,1,TTGGCGTGTCTGGATACCGC,0,1287084
furpa,0.5,1,1,TTGGCCCTACTGCAAGTGTA,0,1352341
furpa,0.5,1,1,TTGGATTGTTGTTGCCATTA,0,1288386
furpa,0.5,1,1,TTGGATGTATGATGCTCCGT,0,1347994
furpa,0.5,1,1,TTGGAGTTTGATTTGGCGGG,0,1353997
furpa,0.5,1,1,TTGGAGCCGCGTCTCGATTA,0,1297512
furpa,0.5,1,1,TTGGACCCCCACGCTCGTTC,0,1281396
furpa,0.5,1,1,TTGCTGTGGCGTTACACACT,0,1295938
furpa,0.5,1,1,TTGCTGGCACAGGCCTGTAG,0,1298328
furpa,0.5,1,1,TTGCTGCAGAAGGATGGTAG,0,1331207
furpa,0.5,1,1,TTGCTCGTCGTTGCTACGTA,0,1314227
furpa,0.5,1,1,TTGCTCAACGCGGTTGCGAA,0,1309713
furpa,0.5,1,1,TTGCGTTCAGGGACAGCATT,0,1316695
furpa,0.5,1,1,TTGCGTGGTTAATAGGAATG,0,1297646
furpa,0.5,1,1,TTGCGGTTCCCTGGACTTGG,0,1331088
furpa,0.5,1,1,TTGCGGTCCAACCTCGCGGA,0,1336206
furpa,0.5,1,1,TTGCGGAGTACGCTAAGTCC,0,1331527
furpa,0.5,1,1,TTGCGCGATTCCTCGATTAT,0,1306136
furpa,0.5,1,1,TTGCGCCGCCTACGGTTTAA,0,1289631
furpa,0.5,1,1,TTGCGACGCCGAAAATCAAT,0,1349574
furpa,0.5,1,1,TTGCGACGAAGCACTGTTGG,0,1356370
furpa,0.5,1,1,TTGCCTTCCCGGTTTACAAC,0,1335226
furpa,0.5,1,1,TTGCCTGTCGAGGAAGACGG,0,1330767
furpa,0.5,1,1,TTGCCGAGGTTTCGCCTTGT,0,1349582
furpa,0.5,1,1,TTGCCATACCCACGCCCCCA,0,1305413
furpa,0.5,1,1,TTGCAGAGTAAATGTTGGGA,0,1329090
furpa,0.5,1,1,TTGCAAGAATGGGTGTGACT,0,1326332
furpa,0.5,1,1,TTGATTCTGGCCAACTCTAC,0,1342649
furpa,0.5,1,1,TTGATCGGCCCCATACAACC,0,1276410
furpa,0.5,1,1,TTGAGTCCCTGCTCCATAAA,0,1293982
furpa,0.5,1,1,TTGAGCGCGTGAAGCCTGCC,0,1291937
furpa,0.5,1,1,TTGACTGGATCGTCCGTGAG,0,1328161
furpa,0.5,1,1,TTGACGTTGCCCCATTGTGC,0,1310270
furpa,0.5,1,1,TTGACGGAGCTTTTCTGAAT,0,1333513
furpa,0.5,1,1,TTGACGGAGACTATCCATAG,0,1283230
furpa,0.5,1,1,TTGACGGAAGCTTGTGGCCA,0,1280059
furpa,0.5,1,1,TTGACCGATCGTTCCTCAAT,0,1276185
furpa,0.5,1,1,TTGACCGACCGGCGGGCGTC,0,1278135
furpa,0.5,1,1,TTGACAGCGAAGTCTATAAG,0,1357649
furpa,0.5,1,1,TTGACAAGGGACGGGCGAGC,0,1353367
furpa,0.5,1,1,TTGAATGCCGCACATGTTCG,0,1287097
furpa,0.5,1,1,TTGAAGGGTCGGACTGAAGT,0,1301843
furpa,0.5,1,1,TTGAAGGGCCAAATTGAGAG,0,1298500
furpa,0.5,1,1,TTGAACTTAACTGTGGATAT,0,1308963
furpa,0.5,1,1,TTCTTTCGGAGACGTTGCCG,0,1295894
furpa,0.5,1,1,TTCTTTCAGGTGTCGCATAT,0,1326120
furpa,0.5,1,1,TTCTTGAAGTATTAATATTC,0,1295221
furpa,0.5,1,1,TTCTGTCGTAGACTCAGAGA,0,1343841
furpa,0.5,1,1,TTCTGCTACCCTTCGATTAT,0,1316422
furpa,0.5,1,1,TTCTGAAGGCTGTATAGCCC,0,1278655
furpa,0.5,1,1,TTCTCTTTGCATGTTATTTG,0,1306814
furpa,0.5,1,1,TTCTCTTCGGAACCTAAGCT,0,1331417
furpa,0.5,1,1,TTCTCGCACGGTTGGCGTTT,0,1320280
furpa,0.5,1,1,TTCTCCTGCCTTGACTGCCT,0,1337211
furpa,0.5,1,1,TTCTCCGAAGCCAAAGCCAA,0,1332523
furpa,0.5,1,1,TTCTCACCCGGTTCGACACT,0,1340161
furpa,0.5,1,1,TTCTCAACAAGGGGCTTGGC,0,1279045
furpa,0.5,1,1,TTCTCAAAAACATCGTAACA,0,1313326
furpa,0.5,1,1,TTCTATCTGCAGTTGAAGCA,0,1324292
furpa,0.5,1,1,TTCTATACGCTTATTATAGG,0,1352231
furpa,0.5,1,1,TTCTATACAAGTGTAAATAC,0,1303976
furpa,0.5,1,1,TTCTAGACACGGGATTGTTG,0,1303050
furpa,0.5,1,1,TTCTACCACCCGAGGCGGTC,0,1357111
furpa,0.5,1,1,TTCTAATGCTGGTTGGTCAG,0,1346642
furpa,0.5,1,1,TTCTAAAGCCGGTGTCATTA,0,1328647
furpa,0.5,1,1,TTCGTTGTCCTTAGGCCACA,0,1356802
furpa,0.5,1,1,TTCGTTGATGTCTCGTCAAG,0,1326291
furpa,0.5,1,1,TTCGTTAACTATTTAGGGTC,0,1285994
furpa,0.5,1,1,TTCGTATCAGGGGATTAACG,0,1330992
furpa,0.5,1,1,TTCGTACAGCCGGGTTATGT,0,1335686
furpa,0.5,1,1,TTCGGGCCATGTCTTTCGCA,0,1346143
furpa,0.5,1,1,TTCGGCGCTGGACAGCAAAG,0,1338140
furpa,0.5,1,1,TTCGGCCCCATGAAGTAGGT,0,1330419
furpa,0.5,1,1,TTCGGAGAGCTAGCATAGCT,0,1349725
furpa,0.5,1,1,TTCGCTGGCTGAATGGGTGA,0,1337797
furpa,0.5,1,1,TTCGCTGCTCAATCCCGCTG,0,1315971
furpa,0.5,1,1,TTCGCTAATCGGGCGCCCGA,0,1312559
furpa,0.5,1,1,TTCGCGCACAAGACCTTCCA,0,1297802
furpa,0.5,1,1,TTCGCCATTGAGGCACTCTC,0,1291517
furpa,0.5,1,1,TTCGCCAGTTAAAGAGAACC,0,1308358
furpa,0.5,1,1,TTCGATGCGGACAACTCACT,0,1321628
furpa,0.5,1,1,TTCGAGATGGAATACGAGTC,0,1277268
furpa,0.5,1,1,TTCGAGAAATCTCGAGGAGG,0,1321901
furpa,0.5,1,1,TTCGACGCAGGACTCTCGGA,0,1345612
furpa,0.5,1,1,TTCCTCGTAACTAAAACGGG,0,1320393
furpa,0.5,1,1,TTCCTCACAGCACTGTCAAT,0,1342106
furpa,0.5,1,1,TTCCTAAGAAATCACACAAT,0,1301864
furpa,0.5,1,1,TTCCGTAGAACTACATGGGG,0,1311560
furpa,0.5,1,1,TTCCGGAACAAAGGTCTCTG,0,1299387
furpa,0.5,1,1,TTCCGCAGTCAAGTGATAAA,0,1303737
furpa,0.5,1,1,TTCCGCACTTGGGCGAGGGT,0,1305157
furpa,0.5,1,1,TTCCGAACATGTACTTTTAA,0,1334160
furpa,0.5,1,1,TTCCGAAAAACCCATAATAT,0,1343839
furpa,0.5,1,1,TTCCCGCGATACCCTAACGT,0,1347523
furpa,0.5,1,1,TTCCCGCACACCCGTAGGAC,0,1281917
furpa,0.5,1,1,TTCCCGATTTCCACATACCG,0,1296810
furpa,0.5,1,1,TTCCATCACTATCGGCCCGG,0,1291661
furpa,0.5,1,1,TTCCACGTACTTGCCAAACT,0,1273603
furpa,0.5,1,1,TTCATTCTGGCAGCCCGCGC,0,1349906
furpa,0.5,1,1,TTCATTCGCATTACCGAAGC,0,1311770
furpa,0.5,1,1,TTCATCGTCGGCAACGACCG,0,1273247
furpa,0.5,1,1,TTCATCGACCCGAGGTAGGA,0,1273978
furpa,0.5,1,1,TTCATCCACAGCACGGCTGT,0,1323102
furpa,0.5,1,1,TTCATACCTGCGTGTTATGT,0,1296349
furpa,0.5,1,1,TTCAGTTGAGGACGGGCACA,0,1326392
furpa,0.5,1,1,TTCAGGCAATAAGATGAGGA,0,1324125
furpa,0.5,1,1,TTCAGCTTGAAGACCTCCTC,0,1325384
furpa,0.5,1,1,TTCACGTTTACGCTCCATAC,0,1274599
furpa,0.5,1,1,TTCACCCCGTATGTCATCAA,0,1305821
furpa,0.5,1,1,TTCACAGCCTGTACACTCGG,0,1281648
furpa,0.5,1,1,TTCACAGCATGCTGTGCAAT,0,1331900
furpa,0.5,1,1,TTCACAATCTACACTAGAAC,0,1302822
furpa,0.5,1,1,TTCAATCTTGGCCTTTCCGT,0,1282148
furpa,0.5,1,1,TTCAATAGATGCCCACGTTC,0,1327163
furpa,0.5,1,1,TTCAATACTTGCCATGGAAA,0,1324801
furpa,0.5,1,1,TTCAAGGGAACAAGAAGACC,0,1288473
furpa,0.5,1,1,TTCAAGCTACAGCTACGCCC,0,1321301
furpa,0.5,1,1,TTCAAGCGGTTAGAAGCGGA,0,1334908
furpa,0.5,1,1,TTCAAAATGAGTTAGGATCA,0,1343930
furpa,0.5,1,1,TTATTTTTGAAGTACTATGA,0,1283041
furpa,0.5,1,1,TTATTTCCGGCAATCTCTAT,0,1315819
furpa,0.5,1,1,TTATTTCACGACCTAACGTT,0,1277056
furpa,0.5,1,1,TTATTGTGCACAGAATTTCT,0,1347015
furpa,0.5,1,1,TTATTGTATTACGTTCTTAG,0,1314374
furpa,0.5,1,1,TTATTCGGTGTAGAAGGAGT,0,1349088
furpa,0.5,1,1,TTATTCACAGGCAATATTGA,0,1300743
furpa,0.5,1,1,TTATGTGGATCCTAATTACT,0,1322076
furpa,0.5,1,1,TTATGGGGCCGGTCAATTCG,0,1344556
furpa,0.5,1,1,TTATGCTTTGCTGATGCGGA,0,1291729
furpa,0.5,1,1,TTATGCTGGAAGGTCCGCAG,0,1272206
furpa,0.5,1,1,TTATGCGACGTGGGACGAAA,0,1304301
furpa,0.5,1,1,TTATGCACCCGTAGAGCCAT,0,1315184
furpa,0.5,1,1,TTATGATGTGCGACTTCTGA,0,1312055
furpa,0.5,1,1,TTATCTTCCGCGGTGCCACT,0,1298824
furpa,0.5,1,1,TTATCTGGCACGCAATCAAT,0,1307864
furpa,0.5,1,1,TTATCTAATTTCCTATCGGA,0,1298435
furpa,0.5,1,1,TTATCAACCGCTCACGCTCT,0,1328503
furpa,0.5,1,1,TTATAGTGGCCTCCACACGG,0,1294051
furpa,0.5,1,1,TTATAGTGCCAGAGAGTGGG,0,1314467
furpa,0.5,1,1,TTATAATTTGTCACTAATGC,0,1280582
furpa,0.5,1,1,TTATAAGCTCAGGCGCTTAT,0,1341219
furpa,0.5,1,1,TTAGTTGCGCCCAGCGCAAC,0,1310336
furpa,0.5,1,1,TTAGTTGAGATCTAACAAAT,0,1337352
furpa,0.5,1,1,TTAGTGTGGTCCTATAAACG,0,1318646
furpa,0.5,1,1,TTAGTGTACTGGTATATCTG,0,1293223
furpa,0.5,1,1,TTAGTCTGGGTAAGCCGCTA,0,1316962
furpa,0.5,1,1,TTAGTCACAAAGTCGTAGTA,0,1313890
furpa,0.5,1,1,TTAGTATTTCTGGACTTACT,0,1353470
furpa,0.5,1,1,TTAGTATTGGTACACGTCTC,0,1314562
furpa,0.5,1,1,TTAGTATTCAAGGTGATGTC,0,1321889
furpa,0.5,1,1,TTAGTATCTCGGTGGCGGTT,0,1321178
furpa,0.5,1,1,TTAGTACAAGCAAGCCGTAC,0,1305173
furpa,0.5,1,1,TTAGGGCGGATATCTACGTA,0,1317118
furpa,0.5,1,1,TTAGGGCCAGTCAGGCTTGT,0,1290772
furpa,0.5,1,1,TTAGGGAGTCGTGATTTGGG,0,1302083
furpa,0.5,1,1,TTAGGCTCCCGGACAAAGCC,0,1298942
furpa,0.5,1,1,TTAGGATGTCAAGTGTGAAC,0,1275453
furpa,0.5,1,1,TTAGGATGGCGCGTTACAAT,0,1290693
furpa,0.5,1,1,TTAGGACCGGGGTCATGCGG,0,1337606
furpa,0.5,1,1,TTAGCCTCCGGCGGGCTGTC,0,1309278
furpa,0.5,1,1,TTAGCCCCCATAGTTTGGAG,0,1291465
furpa,0.5,1,1,TTAGACTTGAGATGTTCTTT,0,1286690
furpa,0.5,1,1,TTAGACCACATTCGTAGCTA,0,1325482
furpa,0.5,1,1,TTACTACCAGTCATCGCAAG,0,1289956
furpa,0.5,1,1,TTACGTTCTCACGTGCCCTG,0,1346505
furpa,0.5,1,1,TTACGTGCCGTATTACTTTA,0,1274642
furpa,0.5,1,1,TTACGGTTTGAGATTCGCGG,0,1298001
furpa,0.5,1,1,TTACGGCAACACACATCAGT,0,1303025
furpa,0.5,1,1,TTACGGACACCATAAGGACC,0,1330115
furpa,0.5,1,1,TTACGCCGACGGGCGTGGTT,0,1279284
furpa,0.5,1,1,TTACGACGAAGGGGTATCAG,0,1295456
furpa,0.5,1,1,TTACCTCACTTTGTACACCC,0,1289014
furpa,0.5,1,1,TTACCCGCTGAATATGTCGT,0,1317689
furpa,0.5,1,1,TTACCCGATGCAGGTCCCAA,0,1342219
furpa,0.5,1,1,TTACCCCTAATCTAAAGAAA,0,1312989
furpa,0.5,1,1,TTACACTAGCGACGGGAAGC,0,1330009
furpa,0.5,1,1,TTACACAACTGTCGTGTACT,0,1291280
furpa,0.5,1,1,TTACAAGGATGTGCGTTTAG,0,1324300
furpa,0.5,1,1,TTACAAAAAGGCGAGCGTTC,0,1295948
furpa,0.5,1,1,TTAATTGTCTGGGTTTGATT,0,1313786
furpa,0.5,1,1,TTAATTCCTTCGGCGCTCGC,0,1280964
furpa,0.5,1,1,TTAATGTGCTGCTACTATGG,0,1319974
furpa,0.5,1,1,TTAATCTGCACTAGAAGTAC,0,1279959
furpa,0.5,1,1,TTAATCGGATAGCAACCAGC,0,1323470
furpa,0.5,1,1,TTAAGGCCCGTGAAGCGCAG,0,1277429
furpa,0.5,1,1,TTAAGGAGCAAGCGCCGTCA,0,1348779
furpa,0.5,1,1,TTAAGCGTAAGTCTTTCTTA,0,1274640
furpa,0.5,1,1,TTAAGCATCCGGGGAGAGTC,0,1271665
furpa,0.5,1,1,TTAACTCGCGGCGCTTACTT,0,1308551
furpa,0.5,1,1,TTAACGTGTTGAATAGTTAT,0,1298478
furpa,0.5,1,1,TTAACGGCATTACGGGGTCT,0,1305950
furpa,0.5,1,1,TTAAAGATGAACGTTGAAAC,0,1278863
furpa,0.5,1,1,TTAAAGAATCGAATCTCAAG,0,1280909
furpa,0.5,1,1,TTAAACTGAACTCGCCATCT,0,1354383
furpa,0.5,1,1,TGTTTGTCGGGAAGCCTGCA,0,1345984
furpa,0.5,1,1,TGTTTGCACAGGGTATTCAC,0,1341137
furpa,0.5,1,1,TGTTTCGTTATAGCTCCCCA,0,1284174
furpa,0.5,1,1,TGTTTCCAAGGCGTGCTGGT,0,1295855
furpa,0.5,1,1,TGTTTATCGCACGCGGGAAT,0,1353047
furpa,0.5,1,1,TGTTTAGCGCGCTAATTGCT,0,1308149
furpa,0.5,1,1,TGTTGTTTATACTAAGGGAG,0,1323186
furpa,0.5,1,1,TGTTGTGTAGTTAGGTTGTC,0,1325161
furpa,0.5,1,1,TGTTGCCGGCAGAGAGCAGC,0,1344993
furpa,0.5,1,1,TGTTGACTGAGAAATTTCCC,0,1316060
furpa,0.5,1,1,TGTTATTGGATATCATCACT,0,1282522
furpa,0.5,1,1,TGTTATCGTTACGCCGAGTA,0,1346557
furpa,0.5,1,1,TGTTATATGCCAAAAACAAC,0,1330540
furpa,0.5,1,1,TGTTAGGTCCGGAGCGTGTA,0,1341989
furpa,0.5,1,1,TGTGTCAGTCGTAGCAAAGT,0,1288099
furpa,0.5,1,1,TGTGTATTTCGACCGTGCTG,0,1286708
furpa,0.5,1,1,TGTGTAATTCGTCCCCCGGC,0,1354083
furpa,0.5,1,1,TGTGTAATGGCTTGCGGAGC,0,1308588
furpa,0.5,1,1,TGTGGTTTTATTGGTCGCAG,0,1273177
furpa,0.5,1,1,TGTGGGATAATCAGTCTTCG,0,1292996
furpa,0.5,1,1,TGTGGATTATTGACACTTGC,0,1302686
furpa,0.5,1,1,TGTGGACGTACCAGGCGGCT,0,1311627
furpa,0.5,1,1,TGTGACTGCGGAGTCATATG,0,1339102
furpa,0.5,1,1,TGTGACGATAGGATGGGAGT,0,1356681
furpa,0.5,1,1,TGTGAAGTGTGGGATCGAAA,0,1329847
furpa,0.5,1,1,TGTGAAGGGATATGCCGGAA,0,1304300
furpa,0.5,1,1,TGTGAAGAAGGACCGTCACA,0,1290106
furpa,0.5,1,1,TGTGAACCATAGAACGATAA,0,1279891
furpa,0.5,1,1,TGTCTGCGTTACCCTGCGTG,0,1312566
furpa,0.5,1,1,TGTCTGAGATTTGGTTCGGT,0,1302283
furpa,0.5,1,1,TGTCTCTCTCGGGTTCCCGA,0,1318917
furpa,0.5,1,1,TGTCTAGGACACCCGTTTGA,0,1354419
furpa,0.5,1,1,TGTCGGTTGCGGCAGCATAT,0,1318224
furpa,0.5,1,1,TGTCGGTCCAGTTCCCTCAG,0,1315094
furpa,0.5,1,1,TGTCGCGTAGAAAAGGATCT,0,1296109
furpa,0.5,1,1,TGTCGAGTTTCCGACCGACA,0,1294342
furpa,0.5,1,1,TGTCCTGGTCTCAGACGATT,0,1328616
furpa,0.5,1,1,TGTCCCGTTTCTAGATAACA,0,1300341
furpa,0.5,1,1,TGTCCCGAGTTGGGTTCGGC,0,1301488
furpa,0.5,1,1,TGTCCCAATTTGAGAATGTT,0,1316144
furpa,0.5,1,1,TGTCCATCTAGCTTCGGACG,0,1303363
furpa,0.5,1,1,TGTCATTTGGGCACAATAAG,0,1334121
furpa,0.5,1,1,TGTCATAGCAATGAACAGCT,0,1347472
furpa,0.5,1,1,TGTCAGTGTCAATTCCGGAC,0,1325572
furpa,0.5,1,1,TGTCACCCGCACTCAGTGCG,0,1340375
furpa,0.5,1,1,TGTCAATTGAGATCTCCCTA,0,1287654
furpa,0.5,1,1,TGTCAATGGTATTTATCGGT,0,1338778
furpa,0.5,1,1,TGTATTTTACTAGGGGGATA,0,1312685
furpa,0.5,1,1,TGTATTGACCAAAGCCACAG,0,1337293
furpa,0.5,1,1,TGTAGGTAGCCCATACGGAA,0,1342104
furpa,0.5,1,1,TGTAGGCGACGTCCTCACGG,0,1319702
furpa,0.5,1,1,TGTAGCTAGCTCAAAATCAC,0,1284083
furpa,0.5,1,1,TGTACTCGCTGGCCTGGGAA,0,1285483
furpa,0.5,1,1,TGTACTAGGGGCTGGTACTA,0,1285687
furpa,0.5,1,1,TGTACGGTATGCTATTCATG,0,1300662
furpa,0.5,1,1,TGTACGGGGCGGCGTGGCGA,0,1303803
furpa,0.5,1,1,TGTACGAACACATTCTCCGT,0,1355321
furpa,0.5,1,1,TGTAACGTTGGTACCGGACC,0,1283075
furpa,0.5,1,1,TGTAACACTCTCGTGAACAA,0,1323343
furpa,0.5,1,1,TGTAAAATTTGTATTAAGCT,0,1294622
furpa,0.5,1,1,TGTAAAACGGGGCCTACCCT,0,1337500
furpa,0.5,1,1,TGGTTTTTCAACACAAGGGG,0,1278760
furpa,0.5,1,1,TGGTTGGGTCTGGACGGCCC,0,1282072
furpa,0.5,1,1,TGGTTGGGACGGCGGTCCAG,0,1327792
furpa,0.5,1,1,TGGTTAGGCGGGTGTTGCAG,0,1319337
furpa,0.5,1,1,TGGTTAGCCGGCCGGGATCA,0,1274809
furpa,0.5,1,1,TGGTGTCCCCCAGGATAGTG,0,1297932
furpa,0.5,1,1,TGGTGGGGTCTGCCATATAA,0,1321865
furpa,0.5,1,1,TGGTGGGACCCACTCTGCCT,0,1287576
furpa,0.5,1,1,TGGTGGAGTACGAGATCACT,0,1337518
furpa,0.5,1,1,TGGTGCCAGCTTTTAGGTTG,0,1283506
furpa,0.5,1,1,TGGTGACGTCCCACCCTTCA,0,1323965
furpa,0.5,1,1,TGGTCTTGTGCAGTAGATAA,0,1321160
furpa,0.5,1,1,TGGTCGTTTAGCTGCCTTTT,0,1319903
furpa,0.5,1,1,TGGTCGGATACTGGAATTTC,0,1293708
furpa,0.5,1,1,TGGTCGCCCAGTGATCGATC,0,1304206
furpa,0.5,1,1,TGGTCGAAGACGTCCACAAC,0,1281984
furpa,0.5,1,1,TGGTATCTTGGTAGACTGAC,0,1296843
furpa,0.5,1,1,TGGTAGCGAAGGTTCCACGA,0,1306417
furpa,0.5,1,1,TGGTAGCAGGCATGTGCATC,0,1322844
furpa,0.5,1,1,TGGTAGACGAGAGTCATCTA,0,1335922
furpa,0.5,1,1,TGGTAAATTACCTGTCACGT,0,1283206
furpa,0.5,1,1,TGGGTCAGCAGTCTTAGAAA,0,1280529
furpa,0.5,1,1,TGGGTAATGTAATCGCATCA,0,1333115
furpa,0.5,1,1,TGGGGTGCCGTAAATCATAA,0,1342504
furpa,0.5,1,1,TGGGCTTACGGCGTCTAATA,0,1281646
furpa,0.5,1,1,TGGGCGACGACCTGCACGCG,0,1298583
furpa,0.5,1,1,TGGGATGGAGGACTGCGTCG,0,1297927
furpa,0.5,1,1,TGGGAGGAGCATGAATCCAA,0,1276531
furpa,0.5,1,1,TGGGACTAATTCCGAAGACT,0,1337742
furpa,0.5,1,1,TGGGAATCTCAGTTGGGGGT,0,1308490
furpa,0.5,1,1,TGGGAAGTCTGGCTAGGGAC,0,1298074
furpa,0.5,1,1,TGGGAAGCATTCGGGATTTT,0,1321477
furpa,0.5,1,1,TGGCTTCCCCGAGGGGGGTT,0,1277337
furpa,0.5,1,1,TGGCTCACATGGGAAAACAT,0,1346012
furpa,0.5,1,1,TGGCTAATGCTAAGGACATA,0,1311448
furpa,0.5,1,1,TGGCTAACCCATTAGAGCGA,0,1279251
furpa,0.5,1,1,TGGCTAAAATTGTCGGAGGG,0,1326521
furpa,0.5,1,1,TGGCGCTAGTCATTACATAC,0,1289013
furpa,0.5,1,1,TGGCGCTACGGAGCAACTCC,0,1280193
furpa,0.5,1,1,TGGCGCATTGTCAATGTTAA,0,1353950
furpa,0.5,1,1,TGGCCTCGTCAAAAAATCAG,0,1352223
furpa,0.5,1,1,TGGCCGTCAACCGAAGTGTC,0,1280743
furpa,0.5,1,1,TGGCCCGAAAATATCAGACG,0,1357620
furpa,0.5,1,1,TGGCCAGGTAGAACTGGCTT,0,1314458
furpa,0.5,1,1,TGGCATGAACGTGCACCACA,0,1325963
furpa,0.5,1,1,TGGCATCGAATTGGGAAAGT,0,1314488
furpa,0.5,1,1,TGGCAGGCTTATAGGGATAG,0,1301833
furpa,0.5,1,1,TGGCACTGCTTCGGACCTTA,0,1330267
furpa,0.5,1,1,TGGCACGCGTGCGTATTTAT,0,1277041
furpa,0.5,1,1,TGGCAATAGTTTCCCCACAG,0,1277021
furpa,0.5,1,1,TGGATTGTAACTTTTCCTTT,0,1271751
furpa,0.5,1,1,TGGATTGGGCGTCATAGATA,0,1351651
furpa,0.5,1,1,TGGATGTGGTGGTACAACGT,0,1318458
furpa,0.5,1,1,TGGATGAGGCATAGAGATTT,0,1327771
furpa,0.5,1,1,TGGATCCGTTTAACGGAGGA,0,1304383
furpa,0.5,1,1,TGGATATTGAGGAGTCGTTC,0,1290459
furpa,0.5,1,1,TGGATACTATCGGACCGCAA,0,1354073
furpa,0.5,1,1,TGGAGTTGTTTGTTATTGTG,0,1298971
furpa,0.5,1,1,TGGAGTGCGAGTTGTTGACG,0,1351851
furpa,0.5,1,1,TGGAGTCAGGAACCACTGGC,0,1298045
furpa,0.5,1,1,TGGAGGGCGCAATGTCCGGT,0,1301932
furpa,0.5,1,1,TGGAGGGACTGGTGACACTA,0,1310450
furpa,0.5,1,1,TGGAGGACATGCTCCTTGCG,0,1288344
furpa,0.5,1,1,TGGAGCAATCAAGAGCGGGG,0,1275546
furpa,0.5,1,1,TGGACTGACGGTGAGGCCCA,0,1277827
furpa,0.5,1,1,TGGACTCTACAAGTACGTGA,0,1295817
furpa,0.5,1,1,TGGACCGACCTTAAATACTA,0,1333027
furpa,0.5,1,1,TGGACCCGGGCTATATCCAA,0,1287747
furpa,0.5,1,1,TGGACCATTTGCTTGACACT,0,1336208
furpa,0.5,1,1,TGGAATCGATGGAGTCGTCT,0,1273358
furpa,0.5,1,1,TGGAAGGGGTGAAGGTTGCC,0,1347264
furpa,0.5,1,1,TGGAAGAGCGAGGGAGATGA,0,1337584
furpa,0.5,1,1,TGCTTCACGCCATTTTTGTG,0,1304605
furpa,0.5,1,1,TGCTTAGTGACTACCACATG,0,1279867
furpa,0.5,1,1,TGCTTAGGTTATGTCTGAGT,0,1356134
furpa,0.5,1,1,TGCTTAAGGTTGGTATTACA,0,1312711
furpa,0.5,1,1,TGCTGTGCACGTATACCGGT,0,1310349
furpa,0.5,1,1,TGCTGGAGTGCCAAGTAACT,0,1302647
furpa,0.5,1,1,TGCTGCAGCAGCAGTCTGCA,0,1318135
furpa,0.5,1,1,TGCTGAGAGCTCGCCTTCGT,0,1318527
furpa,0.5,1,1,TGCTCTTAGGCGCCAGACGG,0,1274701
furpa,0.5,1,1,TGCTCTCGGTTGTAGATTCG,0,1306752
furpa,0.5,1,1,TGCTCGTCATCCGGTGCGAT,0,1325018
furpa,0.5,1,1,TGCTCGTCAACTGTATCAGC,0,1321779
furpa,0.5,1,1,TGCTCGACTCACGACGAAAG,0,1343108
furpa,0.5,1,1,TGCTCGAATTTGCGGTAAAA,0,1345408
furpa,0.5,1,1,TGCTAGTGTGCACTCGGATA,0,1274870
furpa,0.5,1,1,TGCTAGCTAACTCGTTGGGA,0,1309533
furpa,0.5,1,1,TGCTACTATCTGCGTAAGCT,0,1334488
furpa,0.5,1,1,TGCTACCACACCTTACTTAC,0,1337832
furpa,0.5,1,1,TGCTAATACCGAGGGTAACC,0,1356914
furpa,0.5,1,1,TGCGTTATCAGGGAGGATCT,0,1311659
furpa,0.5,1,1,TGCGTTAGTTAGCCATTGCG,0,1321408
furpa,0.5,1,1,TGCGTCTGTGGGCCTAGGAG,0,1357467
furpa,0.5,1,1,TGCGTACCGTCGTTAATATG,0,1342460
furpa,0.5,1,1,TGCGTAATTCAGAACAAGCT,0,1330048
furpa,0.5,1,1,TGCGGTTCACTGGCCAGAGT,0,1345396
furpa,0.5,1,1,TGCGGTATGGTCATGACGGT,0,1325478
furpa,0.5,1,1,TGCGGTACGGCCCATTGAAG,0,1305241
furpa,0.5,1,1,TGCGCGGCATTTTTGGGCGC,0,1322295
furpa,0.5,1,1,TGCGCCATGCCTTTCTGTGG,0,1318568
furpa,0.5,1,1,TGCGCAGGCTAATGCTCTGG,0,1302442
furpa,0.5,1,1,TGCGCACCAGGCCAATCAGC,0,1356423
furpa,0.5,1,1,TGCGATTCCTCCGATCTGAA,0,1317233
furpa,0.5,1,1,TGCGATTATCTTTTAATAGG,0,1298027
furpa,0.5,1,1,TGCCTGTTGGCTGTTTTAAA,0,1306912
furpa,0.5,1,1,TGCCTACGTGCTTCAGCCTT,0,1302962
furpa,0.5,1,1,TGCCTACGTCTGTCGCAGTT,0,1277087
furpa,0.5,1,1,TGCCGTAGATTTAGGGGGCG,0,1328022
furpa,0.5,1,1,TGCCGCGGTGCAACCTAAAT,0,1303968
furpa,0.5,1,1,TGCCGCCTCATAATTTTCTC,0,1288913
furpa,0.5,1,1,TGCCGCACCCACTGGGGCGT,0,1308211
furpa,0.5,1,1,TGCCGATACGGGCATGACGT,0,1288157
furpa,0.5,1,1,TGCCGAGATCATTGGCGAAT,0,1312723
furpa,0.5,1,1,TGCCCGGTGCGGTTCAGCTG,0,1335193
furpa,0.5,1,1,TGCCCGGTACAATTCGATGT,0,1301352
furpa,0.5,1,1,TGCCCCTGGGCCACGACCGT,0,1286105
furpa,0.5,1,1,TGCCCACGATATGCAACGCT,0,1354076
furpa,0.5,1,1,TGCCAGTGATGAGCAAGGCG,0,1322887
furpa,0.5,1,1,TGCCAGTCTGCTTACTTGGG,0,1318602
furpa,0.5,1,1,TGCCACGCCGCCGGCACGTG,0,1297314
furpa,0.5,1,1,TGCCACATTGCGTATAGGCA,0,1289239
furpa,0.5,1,1,TGCATTCCACGAAACACTAC,0,1323757
furpa,0.5,1,1,TGCATCCAGGCGTTCTTTCG,0,1301590
furpa,0.5,1,1,TGCATATTGACTATCGGGGG,0,1324672
furpa,0.5,1,1,TGCATATTAGCACTGTCCAA,0,1347136
furpa,0.5,1,1,TGCAGATGGAAATGGTCAAC,0,1335085
furpa,0.5,1,1,TGCAGAGTCAGCTTGTCCGT,0,1308846
furpa,0.5,1,1,TGCAGAGACGGAGGGAGATC,0,1278756
furpa,0.5,1,1,TGCACGTTGGCGAGGACGTT,0,1308438
furpa,0.5,1,1,TGCACGCTCAGAATTATTCG,0,1352180
furpa,0.5,1,1,TGCACGATACAGGAACCGGT,0,1301158
furpa,0.5,1,1,TGCACGAGCCACTGCGCTAT,0,1357478
furpa,0.5,1,1,TGCACATCATCATTGTACGA,0,1273509
furpa,0.5,1,1,TGCAAGGGGGGTATGTCGCG,0,1350140
furpa,0.5,1,1,TGCAAGCGATCTTTCTGAAT,0,1300466
furpa,0.5,1,1,TGCAACTCTATCGCTCTTTT,0,1322630
furpa,0.5,1,1,TGCAAATACTCTCAGGAATG,0,1300188
furpa,0.5,1,1,TGATTTTGAGTGCACCACGT,0,1341719
furpa,0.5,1,1,TGATTTACGGTGATTATCGC,0,1341825
furpa,0.5,1,1,TGATTGTCAACTAGGTCGAG,0,1273456
furpa,0.5,1,1,TGATTGCCTCGAACCGATAG,0,1353523
furpa,0.5,1,1,TGATTATCTCTCGCATACAT,0,1299639
furpa,0.5,1,1,TGATGTGGTAGGTGGCAGGT,0,1317221
furpa,0.5,1,1,TGATGGGCGTGCCTTCGGCA,0,1273178
furpa,0.5,1,1,TGATGGCCCCTTGGTGACAG,0,1313010
furpa,0.5,1,1,TGATGATGTTACCCAGCTAA,0,1282504
furpa,0.5,1,1,TGATGAGTGGCTCAAAGCAT,0,1340834
furpa,0.5,1,1,TGATCGTTGGCCGTACATAT,0,1323220
furpa,0.5,1,1,TGATCGTACGCTTTTGAATT,0,1324181
furpa,0.5,1,1,TGATCCTGATGTTGTTCACA,0,1288096
furpa,0.5,1,1,TGATCACGGTGAAACGCTCT,0,1277668
furpa,0.5,1,1,TGATATACTTTAGATTTCTT,0,1334181
furpa,0.5,1,1,TGATATACTGACTAGAAGGC,0,1357029
furpa,0.5,1,1,TGATAGTATCTGATCTGCCT,0,1340692
furpa,0.5,1,1,TGAGTTAAGGTCGTTCTCCA,0,1289091
furpa,0.5,1,1,TGAGTGGATATGACGGTGCC,0,1309215
furpa,0.5,1,1,TGAGTATCGTGGCTGGGGGT,0,1338772
furpa,0.5,1,1,TGAGGTCTCCGCGGGCAGAG,0,1292119
furpa,0.5,1,1,TGAGGTCTCAACGGGGGGGG,0,1297146
furpa,0.5,1,1,TGAGGCTTAGGACATCTCAG,0,1271354
furpa,0.5,1,1,TGAGCTAGGTCCTTGTAAGA,0,1333825
furpa,0.5,1,1,TGAGCCAGTGATAGACCCCT,0,1290199
furpa,0.5,1,1,TGAGATATACAAATCCTGGG,0,1301243
furpa,0.5,1,1,TGAGATAGCTTCCGAACCGA,0,1329203
furpa,0.5,1,1,TGAGAGGGGGCGTATAGAGC,0,1350203
furpa,0.5,1,1,TGAGAATTCTTGTAATCGAA,0,1298763
furpa,0.5,1,1,TGAGAAATCACGTGACGAAG,0,1308326
furpa,0.5,1,1,TGACTTGTATCCGGGGCGGT,0,1295248
furpa,0.5,1,1,TGACTTACCGCGCATATCTG,0,1334161
furpa,0.5,1,1,TGACGTTCCACTCCAATGGA,0,1344665
furpa,0.5,1,1,TGACGTAGAATAGTACTCCA,0,1320987
furpa,0.5,1,1,TGACGACGATTTCCCACGTG,0,1314631
furpa,0.5,1,1,TGACCCTGGTGAAAAAGCAG,0,1308378
furpa,0.5,1,1,TGACCCCCCGCAGACGTAAT,0,1321091
furpa,0.5,1,1,TGACCCAGAACAGTTTATGG,0,1272695
furpa,0.5,1,1,TGACCAAAAGCTCTCTGGCA,0,1327751
furpa,0.5,1,1,TGACAGTAAAGCTTGGTGTG,0,1316460
furpa,0.5,1,1,TGACACTTGCCTAGTCCAAG,0,1286024
furpa,0.5,1,1,TGACAAAGGCGACCGGCAAA,0,1349820
furpa,0.5,1,1,TGAATTTCCTCCGGCGGGTC,0,1273776
furpa,0.5,1,1,TGAATTTCCTACACGATAAG,0,1338640
furpa,0.5,1,1,TGAATTTACAATCTATATGT,0,1308283
furpa,0.5,1,1,TGAATTAGTGAAAAGTTCCT,0,1342498
furpa,0.5,1,1,TGAATGCTAGGATTTGACTC,0,1348278
furpa,0.5,1,1,TGAATGCAATTCATTATAAA,0,1299643
furpa,0.5,1,1,TGAATATCTAACGGCGACCG,0,1339696
furpa,0.5,1,1,TGAATACTGAACTGCTAACG,0,1312749
furpa,0.5,1,1,TGAAGTTAGTTATTACAGTC,0,1308279
furpa,0.5,1,1,TGAAGGGACTTGGTTGTAGG,0,1295352
furpa,0.5,1,1,TGAACTTAGCCCTTAACGTT,0,1345757
furpa,0.5,1,1,TGAACTATTGTACGGCATCC,0,1324474
furpa,0.5,1,1,TGAACGTAAATCCTGCCGCC,0,1282775
furpa,0.5,1,1,TGAACCGCCGCCCAGGCAAC,0,1308064
furpa,0.5,1,1,TGAACCACTCGGGCGAAGGA,0,1303858
furpa,0.5,1,1,TGAACACAGGTCCTACCCGG,0,1306923
furpa,0.5,1,1,TGAACAATGCATTAGTAGAT,0,1305684
furpa,0.5,1,1,TGAACAAGCAATATTTATGG,0,1357332
furpa,0.5,1,1,TGAAATTGAACGACATCCCA,0,1302921
furpa,0.5,1,1,TCTTTTCCCTTTAGGGTTCA,0,1336563
furpa,0.5,1,1,TCTTTCTATGGTATCTTGAG,0,1303958
furpa,0.5,1,1,TCTTTCCGGGCTCTTGGCAT,0,1353091
furpa,0.5,1,1,TCTTTATTCCGCCTGAGGGA,0,1329050
furpa,0.5,1,1,TCTTTACGCCTGGAGCGGTC,0,1303477
furpa,0.5,1,1,TCTTTACCCAAGCCTCTCGT,0,1341205
furpa,0.5,1,1,TCTTTAAGTTCCGGAACTTA,0,1285908
furpa,0.5,1,1,TCTTGGGTCGCTTTTGCGTG,0,1312540
furpa,0.5,1,1,TCTTGCTTGTCTCGTAATTA,0,1289955
furpa,0.5,1,1,TCTTGCAAGGAAAGATTATG,0,1333761
furpa,0.5,1,1,TCTTGAGCTCTGACTGCGGG,0,1349591
furpa,0.5,1,1,TCTTGAGCGGGGTCGGCCAG,0,1276976
furpa,0.5,1,1,TCTTGACATGGGTCTTCTTT,0,1294832
furpa,0.5,1,1,TCTTCTTATTCACAAAGCTT,0,1281808
furpa,0.5,1,1,TCTTCATTGGAGGGGCCGTT,0,1347475
furpa,0.5,1,1,TCTTCAGAACTCGACACCAT,0,1289560
furpa,0.5,1,1,TCTTATTCATAGGAAGGTAC,0,1278949
furpa,0.5,1,1,TCTTATCGCTAGCATGTGAC,0,1352900
furpa,0.5,1,1,TCTTAAGAAGCACTTCCAAG,0,1321763
furpa,0.5,1,1,TCTGTCCCGTGCACACCGAA,0,1284536
furpa,0.5,1,1,TCTGTCAATAAGTACGAAAA,0,1328818
furpa,0.5,1,1,TCTGTAGTCCAGACGTTAAT,0,1355664
furpa,0.5,1,1,TCTGTAGAACTTGTGGGGCA,0,1322172
furpa,0.5,1,1,TCTGGTTGAGGTGCGTGGAA,0,1280064
furpa,0.5,1,1,TCTGGTCCCATACGTCACTG,0,1354531
furpa,0.5,1,1,TCTGGGTACACAAAGAATGG,0,1290439
furpa,0.5,1,1,TCTGGAGGAGTCTAGATTAC,0,1290864
furpa,0.5,1,1,TCTGCTATAGCTTATTCCAC,0,1350420
furpa,0.5,1,1,TCTGCGGTTTGCGGCTCTGA,0,1334446
furpa,0.5,1,1,TCTGCCCGACAAAATCCAGA,0,1280377
furpa,0.5,1,1,TCTGCAGGTGCAGTTTCAGG,0,1282706
furpa,0.5,1,1,TCTGATGGACCGGAGCTTTG,0,1319633
furpa,0.5,1,1,TCTGATGCAGCCTCAACCTC,0,1311570
furpa,0.5,1,1,TCTGAGGTTCAGGGTGCCTT,0,1342162
furpa,0.5,1,1,TCTGAGGATTTTTTACTAAG,0,1342420
furpa,0.5,1,1,TCTGACGTTACGTCGCACTT,0,1308996
furpa,0.5,1,1,TCTGACAAAAGGCGGGATCA,0,1326560
furpa,0.5,1,1,TCTGAATACACAGCGTAGCA,0,1355059
furpa,0.5,1,1,TCTGAAGCTATGGGCGAAGA,0,1347132
furpa,0.5,1,1,TCTCTTGGAGGTAAGTTAGT,0,1297084
furpa,0.5,1,1,TCTCTGGCCAAATACTTCAG,0,1337298
furpa,0.5,1,1,TCTCTGGCACTATAGCTCAT,0,1318955
furpa,0.5,1,1,TCTCTGCGATTCGTATTGTA,0,1282505
furpa,0.5,1,1,TCTCTCTGAACACTGATCCC,0,1334793
furpa,0.5,1,1,TCTCTCCTCGTTGATATCAG,0,1277567
furpa,0.5,1,1,TCTCTAGCCGGGCCTGACGA,0,1352332
furpa,0.5,1,1,TCTCGTTGTCGATCGGCTAA,0,1322995
furpa,0.5,1,1,TCTCGTTCTAAGGCCACGAA,0,1313185
furpa,0.5,1,1,TCTCGTGTCACAAATACACT,0,1353992
furpa,0.5,1,1,TCTCGGGCTGTTTGGCCGAG,0,1305049
furpa,0.5,1,1,TCTCGGGAGCCAAGGTAAAT,0,1306065
furpa,0.5,1,1,TCTCGCAAAGCCGAAGTAGT,0,1320463
furpa,0.5,1,1,TCTCGACAGCATAGTACCAG,0,1320123
furpa,0.5,1,1,TCTCCGTGTATCGGTTCGAA,0,1317638
furpa,0.5,1,1,TCTCCATTAGGCTCGATCTT,0,1318102
furpa,0.5,1,1,TCTCATCGAGCCTAGAGGTC,0,1349908
furpa,0.5,1,1,TCTCAGGCAAGAAACGGGCG,0,1319349
furpa,0.5,1,1,TCTCACGTGGATCAGTACCA,0,1329231
furpa,0.5,1,1,TCTATTGTAGTAGGGATGTT,0,1276982
furpa,0.5,1,1,TCTATGTCTGACAACTAAGC,0,1279413
furpa,0.5,1,1,TCTATCGGCTGCAGCTGGTA,0,1288183
furpa,0.5,1,1,TCTACGGACATCATCTTTAA,0,1357238
furpa,0.5,1,1,TCTAATTTCCCGGGGAGGCT,0,1298545
furpa,0.5,1,1,TCTAATTAGAACCATTTCCT,0,1346962
furpa,0.5,1,1,TCTAACTGTGGACTAAGCAT,0,1357113
furpa,0.5,1,1,TCTAACATTGTTTCCACAAC,0,1292999
furpa,0.5,1,1,TCTAAATAAGAGGCATTCGT,0,1337822
furpa,0.5,1,1,TCGTTGATGCTCGTCACTGA,0,1308859
furpa,0.5,1,1,TCGTTCTCAGAAAGTCCTCT,0,1313433
furpa,0.5,1,1,TCGTTCGCATATTACGAGGA,0,1281605
furpa,0.5,1,1,TCGTTAAGTAGTACCACCTG,0,1323931
furpa,0.5,1,1,TCGTGGCCAACAGTTTCGTA,0,1313132
furpa,0.5,1,1,TCGTGGATAGGACAGGCTTA,0,1285117
furpa,0.5,1,1,TCGTGCCTGAGTAGTCTACA,0,1286969
furpa,0.5,1,1,TCGTGCAAGAGTTGTGTCGT,0,1315180
furpa,0.5,1,1,TCGTGCAAAGTGCGTAGATG,0,1312898
furpa,0.5,1,1,TCGTCATGTGGACGTTCCTG,0,1283676
furpa,0.5,1,1,TCGTCAACACACCGCGAGGT,0,1277742
furpa,0.5,1,1,TCGTATGTTATACCAACTGA,0,1333815
furpa,0.5,1,1,TCGTATGCAGGGGAGTCCAG,0,1274276
furpa,0.5,1,1,TCGTAATGCTATCTAGCTGC,0,1305736
furpa,0.5,1,1,TCGGTTTGTGTACCGGCCCA,0,1332608
furpa,0.5,1,1,TCGGTTCTCACAGCACTGAT,0,1290310
furpa,0.5,1,1,TCGGTCTCGTAATTCACCCG,0,1324852
furpa,0.5,1,1,TCGGGTTTCAAACACTATGA,0,1339082
furpa,0.5,1,1,TCGGGGTACTTGCGACGATC,0,1274142
furpa,0.5,1,1,TCGGGGGGCTGCGGGGCCGA,0,1294541
furpa,0.5,1,1,TCGGGGGATCCATGGGTACT,0,1312485
furpa,0.5,1,1,TCGGGGCGATTATGAGAATA,0,1313898
furpa,0.5,1,1,TCGGGGACGAGCTCGCGCAG,0,1320269
furpa,0.5,1,1,TCGGGCCTATGAGTACTTAG,0,1279362
furpa,0.5,1,1,TCGGGATGGCATGGAGTCGG,0,1284881
furpa,0.5,1,1,TCGGGAGAGGTTCTATGACA,0,1340364
furpa,0.5,1,1,TCGGGACTTGTTAAGGTGTC,0,1334978
furpa,0.5,1,1,TCGGCTGCGCTTTGTCATCG,0,1314372
furpa,0.5,1,1,TCGGCTCGAGCTATTATACC,0,1318834
furpa,0.5,1,1,TCGGCTAAGCCATATGGGCA,0,1327225
furpa,0.5,1,1,TCGGCGACAGTGCATTCGGT,0,1316203
furpa,0.5,1,1,TCGGCCACGCTGAGTGAATG,0,1271374
furpa,0.5,1,1,TCGGCACACTCTTATGTCAC,0,1298475
furpa,0.5,1,1,TCGGATCTGCAGTAAAAATC,0,1348335
furpa,0.5,1,1,TCGGAGTTCGTGGGTTATAC,0,1329952
furpa,0.5,1,1,TCGGAGTAATGGCTCTAACA,0,1278410
furpa,0.5,1,1,TCGGAGCGGACACTAGAAAC,0,1345250
furpa,0.5,1,1,TCGGAACCAACCTGATAAGT,0,1291403
furpa,0.5,1,1,TCGCTTAAATTTGTATGTTT,0,1306593
furpa,0.5,1,1,TCGCTCTAAAAAATGCGAGT,0,1304997
furpa,0.5,1,1,TCGCTACTATTCGCGCCAAG,0,1314549
furpa,0.5,1,1,TCGCTAACCATGATTTAGGA,0,1309738
furpa,0.5,1,1,TCGCGGACTGCCTGGTTTAC,0,1323280
furpa,0.5,1,1,TCGCGCTAAAGCTTTCTCTC,0,1282684
furpa,0.5,1,1,TCGCGCAGGGTTTATTGACG,0,1304546
furpa,0.5,1,1,TCGCGCAACTCCGCTTACAA,0,1303201
furpa,0.5,1,1,TCGCGAGTGATATGAGTCTG,0,1329012
furpa,0.5,1,1,TCGCCTTAATAGATTTTATT,0,1309075
furpa,0.5,1,1,TCGCCGGGATAAATCGTTAG,0,1283394
furpa,0.5,1,1,TCGCCGATGGTAACGTTTTG,0,1289089
furpa,0.5,1,1,TCGCCGATACGATGCGCGAT,0,1298186
furpa,0.5,1,1,TCGCCAATGAGTCAGACTGA,0,1331915
furpa,0.5,1,1,TCGCATACCTTATTCTTCAT,0,1277346
furpa,0.5,1,1,TCGCAGCTAATCAAATACCA,0,1299460
furpa,0.5,1,1,TCGCAGACGTATGGTGCGAC,0,1315224
furpa,0.5,1,1,TCGCACTGCATATCACATTG,0,1322516
furpa,0.5,1,1,TCGCACAGTACCTCATCGTA,0,1354486
furpa,0.5,1,1,TCGCAATGAACAAAAGGAAC,0,1299101
furpa,0.5,1,1,TCGATCTTGTGCTTACAGGC,0,1276354
furpa,0.5,1,1,TCGATATGCACCGTAACCCG,0,1311000
furpa,0.5,1,1,TCGATACATCAGATGGCCGT,0,1338568
furpa,0.5,1,1,TCGAGTTCCTGCAGCGGCTG,0,1282268
furpa,0.5,1,1,TCGAGTGGGCTGGTAACAAC,0,1332933
furpa,0.5,1,1,TCGAGTCCCACGTGTGACTG,0,1353855
furpa,0.5,1,1,TCGAGTAAAAAGGACTCGGC,0,1319442
furpa,0.5,1,1,TCGAGGCCGTTGACCTGGAA,0,1286680
furpa,0.5,1,1,TCGAGAACGTAGTAATCGGA,0,1274321
furpa,0.5,1,1,TCGAATTCTGTGCGAAAATC,0,1314898
furpa,0.5,1,1,TCGAATGTCTGAAGCTTCAT,0,1346705
furpa,0.5,1,1,TCGAATGCTACCCCTAACTC,0,1329044
furpa,0.5,1,1,TCGAATCCGAGATCTAAACC,0,1280261
furpa,0.5,1,1,TCCTTTGGCCACGCAATGTA,0,1309028
furpa,0.5,1,1,TCCTGTTAACTGCCTCTAAA,0,1288341
furpa,0.5,1,1,TCCTGGCGTGCAGAACAGCA,0,1317490
furpa,0.5,1,1,TCCTCATCCACTCGCGCTCT,0,1343403
furpa,0.5,1,1,TCCTATACGAGATGTCTGTA,0,1283895
furpa,0.5,1,1,TCCTATAAATTGCCCCATTT,0,1335032
furpa,0.5,1,1,TCCTAATGGAAAAGTCAGGA,0,1273640
furpa,0.5,1,1,TCCTAAAGGTTAGCAGAGGC,0,1349983
furpa,0.5,1,1,TCCGTTTCTTATCTCCATAC,0,1303048
furpa,0.5,1,1,TCCGTTGAGGAAGTAGACCC,0,1334935
furpa,0.5,1,1,TCCGTGATCAACCGCCTACA,0,1293029
furpa,0.5,1,1,TCCGTATGTCTTGACGGATT,0,1291470
furpa,0.5,1,1,TCCGGTCGTTGGTTTGGAAT,0,1333632
furpa,0.5,1,1,TCCGGGTCAATTGCGGGATA,0,1320577
furpa,0.5,1,1,TCCGGGCAGTATCGTTATAG,0,1278638
furpa,0.5,1,1,TCCGGGAAAAACGGAAGCTC,0,1330745
furpa,0.5,1,1,TCCGGAGGATTACGTGGCAA,0,1341753
furpa,0.5,1,1,TCCGCGGGGACCCACCAAGA,0,1277480
furpa,0.5,1,1,TCCGCGAGAAAAACATCGAC,0,1302968
furpa,0.5,1,1,TCCGCGACCGTAGCCATGTT,0,1296840
furpa,0.5,1,1,TCCGCCTTGTTTCTGAACGG,0,1323291
furpa,0.5,1,1,TCCGCCCGGTGCCGTTTTAC,0,1279550
furpa,0.5,1,1,TCCGCATACATACACTACCA,0,1346902
furpa,0.5,1,1,TCCGATCGTATGGTGACGGC,0,1345406
furpa,0.5,1,1,TCCGATATAGCTCTGAACCG,0,1338940
furpa,0.5,1,1,TCCGAGGCCGACCACGTCAT,0,1300387
furpa,0.5,1,1,TCCGACGGCGTATTAGGCTC,0,1351504
furpa,0.5,1,1,TCCGACAGGCAGATGGCTAT,0,1350740
furpa,0.5,1,1,TCCCTTAGGGATCTTAGTGG,0,1271724
furpa,0.5,1,1,TCCCTGCTAATCTTAATTAG,0,1283947
furpa,0.5,1,1,TCCCGTAGTTCGAGGTCCAT,0,1291481
furpa,0.5,1,1,TCCCGGGAGGTATACAACGA,0,1316626
furpa,0.5,1,1,TCCCGGATCGGAGGGGTATA,0,1307113
furpa,0.5,1,1,TCCCGCTGAGAATATGACTA,0,1328808
furpa,0.5,1,1,TCCCGAGTATTCCAACATTA,0,1289542
furpa,0.5,1,1,TCCCGACGTTGGATATTATA,0,1340536
furpa,0.5,1,1,TCCCCTAGTCGGAGCCCGGA,0,1296232
furpa,0.5,1,1,TCCCCTAGAAGGCGATACAA,0,1274419
furpa,0.5,1,1,TCCCCGCGATCGGGTACGTT,0,1357798
furpa,0.5,1,1,TCCCCCACGCTACCTCACGT,0,1352566
furpa,0.5,1,1,TCCCCATCAGGAGACTCAAG,0,1287985
furpa,0.5,1,1,TCCCACGGAGAAGAATTGGG,0,1281534
furpa,0.5,1,1,TCCCAAGGTAAATGTCCCGT,0,1341024
furpa,0.5,1,1,TCCATTTTTCGTCCAGTCGG,0,1347890
furpa,0.5,1,1,TCCATTAAAGAGTTACCTCG,0,1273677
furpa,0.5,1,1,TCCATGGGATTATTCGTTAA,0,1299528
furpa,0.5,1,1,TCCATGCTTCTAACCTAGAC,0,1347254
furpa,0.5,1,1,TCCATCTTTTGGGGCAGTAT,0,1343359
furpa,0.5,1,1,TCCATCTTTGTCACGAAGCC,0,1272088
furpa,0.5,1,1,TCCATCGTATCAGATCCAGT,0,1316356
furpa,0.5,1,1,TCCATCCGCAGGGTCCAGTA,0,1315814
furpa,0.5,1,1,TCCAGTGTGAGTCCCACTCT,0,1322819
furpa,0.5,1,1,TCCAGTGGTTAAAAGTCACT,0,1334567
furpa,0.5,1,1,TCCAGGTCGGACCAACATGG,0,1280967
furpa,0.5,1,1,TCCAGGTATGTGAAGGCGCG,0,1311929
furpa,0.5,1,1,TCCAGGGAGGCGTGAGCGCA,0,1287718
furpa,0.5,1,1,TCCAGGCACAAGCTTAGGTA,0,1291285
furpa,0.5,1,1,TCCAGGATATAGATATAGCT,0,1329351
furpa,0.5,1,1,TCCAGCCGTTGATCGCCTGA,0,1271653
furpa,0.5,1,1,TCCAGAACTGTCCAACGATG,0,1276447
furpa,0.5,1,1,TCCAGAAATAATAGCCTGTA,0,1271717
furpa,0.5,1,1,TCCACGCGTGTCAACTGGCG,0,1299293
furpa,0.5,1,1,TCCACCGACAACGAGGGTAG,0,1274863
furpa,0.5,1,1,TCCACCCGATATCTCTTATG,0,1304192
furpa,0.5,1,1,TCCACATCGCAAACTCCGCC,0,1292386
furpa,0.5,1,1,TCCACAGGGGACGCCATATT,0,1353268
furpa,0.5,1,1,TCCACAATTTGCTTAGCCGC,0,1313393
furpa,0.5,1,1,TCCAATCGGCGTAACATATT,0,1341191
furpa,0.5,1,1,TCCAAGTTCTGTTCTTGAGA,0,1329674
furpa,0.5,1,1,TCCAACGGTACGAGTTTAAG,0,1302281
furpa,0.5,1,1,TCATTTAGTAGACCCAAAGG,0,1318820
furpa,0.5,1,1,TCATTAGGCCTCTATGTGCG,0,1315648
furpa,0.5,1,1,TCATTACATATGCAGTGGAT,0,1272115
furpa,0.5,1,1,TCATGGATTGTGGATAAGGT,0,1320582
furpa,0.5,1,1,TCATGGAATGCTATGCAGAG,0,1271989
furpa,0.5,1,1,TCATGAACCCCTTCATAAGC,0,1324438
furpa,0.5,1,1,TCATCGCAAATCGTTTTGGT,0,1310497
furpa,0.5,1,1,TCATCGACAGATTTATCCCA,0,1320665
furpa,0.5,1,1,TCATCCTGACTTTGGATGCA,0,1355029
furpa,0.5,1,1,TCATATTCGCACCCTGAGAT,0,1297420
furpa,0.5,1,1,TCATACGGGTGCAAGCCCTG,0,1285844
furpa,0.5,1,1,TCATACACGGCACCATGCGA,0,1306622
furpa,0.5,1,1,TCATAACTCGAGTACCAATT,0,1288394
furpa,0.5,1,1,TCAGTTCTCTGCCCTCATCA,0,1335195
furpa,0.5,1,1,TCAGTGTGGTGTCATTCGAT,0,1356871
furpa,0.5,1,1,TCAGTGACCTTTAGAATGCC,0,1284001
furpa,0.5,1,1,TCAGTCAGAGTGGAATGAGC,0,1273449
furpa,0.5,1,1,TCAGTACGGTTGCAGGGGTT,0,1327339
furpa,0.5,1,1,TCAGTACGGGGCTGGTTTAG,0,1272113
furpa,0.5,1,1,TCAGCTGGGTGTAGGATTAG,0,1281793
furpa,0.5,1,1,TCAGCATATTTTTCATTGAT,0,1303877
furpa,0.5,1,1,TCACTGACCGCAGCAGCGCC,0,1324893
furpa,0.5,1,1,TCACTCGGCTAAGTCTCCTG,0,1340000
furpa,0.5,1,1,TCACTCCCTGTGCTCTCGTA,0,1338049
furpa,0.5,1,1,TCACGTTGTACAGTGGTGGA,0,1285593
furpa,0.5,1,1,TCACGTATCGGTGCCAGAGC,0,1338562
furpa,0.5,1,1,TCACGGACGCATAATCGACA,0,1351923
furpa,0.5,1,1,TCACGCAGGCATGCCGCCGT,0,1313471
furpa,0.5,1,1,TCACGCAAGGTTACAGCGGG,0,1302244
furpa,0.5,1,1,TCACCGCGCGAGGCCCCCCT,0,1331621
furpa,0.5,1,1,TCACCGATGCTGAACACGCC,0,1319552
furpa,0.5,1,1,TCACCCAGCGGACTGCAAAG,0,1279641
furpa,0.5,1,1,TCACCAGGTGTCTCATGCGG,0,1304032
furpa,0.5,1,1,TCACAGCGCATGCAAGGGTC,0,1272324
furpa,0.5,1,1,TCACAAGGGTCGGGAGAGAC,0,1285910
furpa,0.5,1,1,TCACAAATAGCACCTTTGCC,0,1344167
furpa,0.5,1,1,TCAATTTAAGAGGTATAAAC,0,1308854
furpa,0.5,1,1,TCAATGTCATCAAGAATGAC,0,1332012
furpa,0.5,1,1,TCAAGTGAGCTGATAAAGCC,0,1319985
furpa,0.5,1,1,TCAAGGTTAATACTAACGCT,0,1289749
furpa,0.5,1,1,TCAAGGGGGTCTGTGATGGA,0,1307537
furpa,0.5,1,1,TCAAGGGGCTTAGTGGTCAG,0,1353370
furpa,0.5,1,1,TCAAGGCGCAATGTTAAGGT,0,1327802
furpa,0.5,1,1,TCAAGGATGCCACCCGCTTC,0,1308307
furpa,0.5,1,1,TCAAGCTGTCATTCGGATTT,0,1291204
furpa,0.5,1,1,TCAAGCGTTCACAATTTGAA,0,1335398
furpa,0.5,1,1,TCAAGAAGAAGTGGCCTCAT,0,1305238
furpa,0.5,1,1,TCAACTGCTGTTGCGCGAGT,0,1327841
furpa,0.5,1,1,TCAACGTGAGGACTAAGCAG,0,1291557
furpa,0.5,1,1,TCAACGGTTTCGGAACTGCC,0,1280673
furpa,0.5,1,1,TCAACCTGCTCTATCGGTGA,0,1318909
furpa,0.5,1,1,TCAACCTACGCATAGGCTTG,0,1311494
furpa,0.5,1,1,TCAACATCTATTTTGGTTTA,0,1287758
furpa,0.5,1,1,TCAAACGCCAAGGCACACTC,0,1327109
furpa,0.5,1,1,TCAAAACTTGGACATACTTA,0,1315257
furpa,0.5,1,1,TCAAAAAATGCGAGGGCAGG,0,1329711
furpa,0.5,1,1,TATTTTTTCGAAGTCTCATA,0,1331632
furpa,0.5,1,1,TATTTGGAGAGTAATATCAC,0,1276491
furpa,0.5,1,1,TATTTGAGACCTGCTCCTGC,0,1285715
furpa,0.5,1,1,TATTTCCCACGCCAGAATAC,0,1280827
furpa,0.5,1,1,TATTTCAGACTGTAAGTGCG,0,1342719
furpa,0.5,1,1,TATTTAAGGTGGCTTTTGCA,0,1276749
furpa,0.5,1,1,TATTGTTTGTATAGCAGTAC,0,1291225
furpa,0.5,1,1,TATTGGTTTTACGGGAGTAG,0,1275864
furpa,0.5,1,1,TATTGGGAGAAGAGAGGATA,0,1325641
furpa,0.5,1,1,TATTGCCTATAGTGAGCTGG,0,1273599
furpa,0.5,1,1,TATTGCACGCTCCGTAACTT,0,1295808
furpa,0.5,1,1,TATTCTGCTAGGGAATTAGG,0,1351964
furpa,0.5,1,1,TATTCTAACCTACATGGAGC,0,1282836
furpa,0.5,1,1,TATTCGGTCGGGCCTTTCGT,0,1322702
furpa,0.5,1,1,TATTCGATCTTAGGATGACT,0,1279463
furpa,0.5,1,1,TATTCAGGTTGATATCGGCG,0,1326650
furpa,0.5,1,1,TATTAGCTGTTGACACGGGA,0,1301620
furpa,0.5,1,1,TATTACTGAAGCGCCGTCTT,0,1291810
furpa,0.5,1,1,TATTAATCACCATTCAGCAA,0,1278582
furpa,0.5,1,1,TATGTTTGATTTTATATGCC,0,1339742
furpa,0.5,1,1,TATGTGTGGCTCTCTAAGGG,0,1323349
furpa,0.5,1,1,TATGTGGAGCGAGGTCATGG,0,1337607
furpa,0.5,1,1,TATGTCTCGAGATCAAATCT,0,1285018
furpa,0.5,1,1,TATGTCCTACGATATACGAC,0,1344289
furpa,0.5,1,1,TATGGTCGTGTACCCTAAAG,0,1280390
furpa,0.5,1,1,TATGGTAGCAGGCAACTCTT,0,1311099
furpa,0.5,1,1,TATGGAGTGTTACTAGGGGA,0,1271176
furpa,0.5,1,1,TATGCGCGTGCATGCACGGG,0,1337177
furpa,0.5,1,1,TATGCCACTTCAGCACGCTT,0,1274332
furpa,0.5,1,1,TATGATAATTAGTGGTTCCA,0,1326428
furpa,0.5,1,1,TATGAGTTCCCCGGCTAGCT,0,1290889
furpa,0.5,1,1,TATGAGCGGTCCTAAACAGG,0,1287601
furpa,0.5,1,1,TATGACCACGGTATCCTTTA,0,1341871
furpa,0.5,1,1,TATCTTTCATGCATAGAACG,0,1337701
furpa,0.5,1,1,TATCTAAGGGCATAGATAAA,0,1313990
furpa,0.5,1,1,TATCTAAACACGTCATTGCA,0,1336557
furpa,0.5,1,1,TATCGTTCGATACGTGAATG,0,1338223
furpa,0.5,1,1,TATCGGTAGGGCTATGTAAC,0,1286487
furpa,0.5,1,1,TATCCGTTCTATCTTCGTCA,0,1353254
furpa,0.5,1,1,TATCCCTACCTTGGGGTTGA,0,1289367
furpa,0.5,1,1,TATCATGCATCCAAGCCCAC,0,1343340
furpa,0.5,1,1,TATCATACAGCGGCGTAGTT,0,1330531
furpa,0.5,1,1,TATCATAAGTTTACGCGGCC,0,1311377
furpa,0.5,1,1,TATCAGGTACAAGCGTCCAC,0,1279591
furpa,0.5,1,1,TATCAAGACATCGACCAGAG,0,1292318
furpa,0.5,1,1,TATCAAAGCCTTAGAAGGAT,0,1318678
furpa,0.5,1,1,TATATTGGGAGTCTTACTTG,0,1308033
furpa,0.5,1,1,TATATGTTTGAGAAAGGGCA,0,1352213
furpa,0.5,1,1,TATATGGCGCTCAGGGCGGA,0,1341508
furpa,0.5,1,1,TATATAAGAAGCCGGGCCGA,0,1293373
furpa,0.5,1,1,TATAGTTACTTTGGTTCGTT,0,1301005
furpa,0.5,1,1,TATAGTTACCTTGAAGCGCT,0,1285388
furpa,0.5,1,1,TATAGTGGTCCGGTAAAACC,0,1309520
furpa,0.5,1,1,TATAGTACACTTCAGGTCAG,0,1312721
furpa,0.5,1,1,TATAGCTAAAGGGAGAACAT,0,1274399
furpa,0.5,1,1,TATAGCAGTCGGCAGTCGTG,0,1311503
furpa,0.5,1,1,TATAGAACCTTGGGATGACT,0,1311947
furpa,0.5,1,1,TATACGGGTTCATTCAAGCA,0,1317184
furpa,0.5,1,1,TATACATATTAATACCCATG,0,1324725
furpa,0.5,1,1,TATAATCGGTTGCAAGTAGT,0,1305963
furpa,0.5,1,1,TATAAAAATCGTGTGAATAG,0,1305369
furpa,0.5,1,1,TAGTGTCTCTTTCATATCTT,0,1332689
furpa,0.5,1,1,TAGTAGACTGGAATTCGGTG,0,1276552
furpa,0.5,1,1,TAGGTTATGGAATAGGTCGT,0,1354918
furpa,0.5,1,1,TAGGTGCGTTCTCAACGATA,0,1315329
furpa,0.5,1,1,TAGGTACTCACTGGGTGTTA,0,1304028
furpa,0.5,1,1,TAGGGTCTTATATGCATCAA,0,1274887
furpa,0.5,1,1,TAGGGTCTGCATTTACAATA,0,1354919
furpa,0.5,1,1,TAGGGGTTGTGGAAGCTGGC,0,1352906
furpa,0.5,1,1,TAGGGGATCGACGTTCCAGT,0,1347358
furpa,0.5,1,1,TAGGGACCTTCCCTGTCGGC,0,1336760
furpa,0.5,1,1,TAGGCTTGGAATGTTTCTGG,0,1344542
furpa,0.5,1,1,TAGGCTATAGTTTGGAATTC,0,1283460
furpa,0.5,1,1,TAGGCGTATCGCGGGAAGCC,0,1352172
furpa,0.5,1,1,TAGGCGCGATGTGCAATCCT,0,1286996
furpa,0.5,1,1,TAGGCGATGTATGGGCATCA,0,1342103
furpa,0.5,1,1,TAGGCCCCACCGCAGCGGGA,0,1297047
furpa,0.5,1,1,TAGGAAACCCCGGGCGTGTA,0,1326859
furpa,0.5,1,1,TAGCTTGGATAGCGCACAGT,0,1282557
furpa,0.5,1,1,TAGCTGGAGCGTCTATCACC,0,1337906
furpa,0.5,1,1,TAGCTCCGGGCGGACAAAGC,0,1309758
furpa,0.5,1,1,TAGCTCAGCGCCCTACCGTC,0,1347586
furpa,0.5,1,1,TAGCTAGGATGAGTGAGTCA,0,1337753
furpa,0.5,1,1,TAGCTAAAGGTTTACATATA,0,1351882
furpa,0.5,1,1,TAGCGTCTGCCTCGAATGCA,0,1317758
furpa,0.5,1,1,TAGCGCTTCAAACCATCAGT,0,1350965
furpa,0.5,1,1,TAGCCCGTTGGCCACCAGAT,0,1280521
furpa,0.5,1,1,TAGCAGGCGCCACGGTCGCA,0,1284848
furpa,0.5,1,1,TAGCACCCGGCAGACTGTGA,0,1324944
furpa,0.5,1,1,TAGCAATGCCAAATTAACAG,0,1302024
furpa,0.5,1,1,TAGCAAGTGGTGCTCAGAGA,0,1343929
furpa,0.5,1,1,TAGATTAATTCGTCCTCACG,0,1283329
furpa,0.5,1,1,TAGATGTCCCCAAGCGAGTG,0,1352995
furpa,0.5,1,1,TAGATGTATTCCCTCTGTCA,0,1319101
furpa,0.5,1,1,TAGATGACGCGTAGTACCAT,0,1292120
furpa,0.5,1,1,TAGATAGACATACTCGAAAG,0,1302687
furpa,0.5,1,1,TAGATACCGCGTTCAAAAGG,0,1341635
furpa,0.5,1,1,TAGAGGTTAAGTTGTAGTTC,0,1344199
furpa,0.5,1,1,TAGAGGCCGGGGCCGGCTGA,0,1317714
furpa,0.5,1,1,TAGACTGGATAGGTAGGGGA,0,1324537
furpa,0.5,1,1,TAGACGTCCTGTGTCGTTCC,0,1355211
furpa,0.5,1,1,TAGACGCTCGGAACGCGGTC,0,1313365
furpa,0.5,1,1,TAGACAGCGACACGGGTTCG,0,1335419
furpa,0.5,1,1,TAGACACTTTAGGATTGATG,0,1356742
furpa,0.5,1,1,TAGAACCCTATAGACTGCCG,0,1319141
furpa,0.5,1,1,TACTTGAGATCTCGTGAAGG,0,1308481
furpa,0.5,1,1,TACTTCTCGAAGCTAGGTAA,0,1321187
furpa,0.5,1,1,TACTTCCGCACACCGGTTCT,0,1348036
furpa,0.5,1,1,TACTGTTGCAGGTTTTACAT,0,1279578
furpa,0.5,1,1,TACTGTTCGCGCTATTCGCA,0,1290032
furpa,0.5,1,1,TACTGTCTCGAAGCCTCGAT,0,1342933
furpa,0.5,1,1,TACTGCTATCGACAGGAAAC,0,1332635
furpa,0.5,1,1,TACTGCGCTGCTCAGTTCCA,0,1321528
furpa,0.5,1,1,TACTGAGGGCGGATCAATCT,0,1299271
furpa,0.5,1,1,TACTCCTTGCTGCCGGATTG,0,1332921
furpa,0.5,1,1,TACTCCTCGACGGTCGTTGC,0,1324597
furpa,0.5,1,1,TACTCAGCGGGTATTAGGAT,0,1318599
furpa,0.5,1,1,TACTCAGATTCGGAAGAACT,0,1345571
furpa,0.5,1,1,TACTAGTGTGGACCCACCCA,0,1301380
furpa,0.5,1,1,TACTACGCGGAAACCAAGAG,0,1313999
furpa,0.5,1,1,TACTACGAGATTTTAGTTCT,0,1293030
furpa,0.5,1,1,TACTACCATCCCACTAACGT,0,1300396
furpa,0.5,1,1,TACGTTCGGAGGCGAGAGTA,0,1308368
furpa,0.5,1,1,TACGTCACGTATCCCCTATC,0,1339919
furpa,0.5,1,1,TACGTATCCAGGTCCCATGT,0,1333333
furpa,0.5,1,1,TACGTACGTACTCGGATAAG,0,1328074
furpa,0.5,1,1,TACGTACCTTATTGCGGCGT,0,1290103
furpa,0.5,1,1,TACGGGCCATGGGACCATAC,0,1302234
furpa,0.5,1,1,TACGGGAGGGATGTTCTTTG,0,1295310
furpa,0.5,1,1,TACGCTTAAAGTAAGGGCCT,0,1356003
furpa,0.5,1,1,TACGCTCCACTAACGTGCCC,0,1340334
furpa,0.5,1,1,TACGCGCGACTGCATCATAA,0,1288533
furpa,0.5,1,1,TACGCCGCCGCGGTACGTGT,0,1336015
furpa,0.5,1,1,TACGCCGCAACTGGTCCTCA,0,1283122
furpa,0.5,1,1,TACGCCCGAGATCGCCAGTA,0,1286876
furpa,0.5,1,1,TACGCCAGGCATGCTTGGCT,0,1310510
furpa,0.5,1,1,TACGAGGATGGTATAATCGC,0,1321606
furpa,0.5,1,1,TACGAATGACGAAAATGTGA,0,1340483
furpa,0.5,1,1,TACCTTACAGCGCCTAATGT,0,1357124
furpa,0.5,1,1,TACCTGGATGCGAGGGTCAG,0,1306276
furpa,0.5,1,1,TACCTGCGATTGACCGAGTG,0,1353969
furpa,0.5,1,1,TACCTGATCCACGAACAAGC,0,1310689
furpa,0.5,1,1,TACCTCAATGAGAGTAAAAT,0,1317687
furpa,0.5,1,1,TACCGTTTCTTGCGGCATGT,0,1342637
furpa,0.5,1,1,TACCGTAAGACCGACTGGAT,0,1299120
furpa,0.5,1,1,TACCGAAGTCACGTGCGGGG,0,1334404
furpa,0.5,1,1,TACCCTTGCGCAGGCCGTCG,0,1344866
furpa,0.5,1,1,TACCATTCTATGGTTCCCTC,0,1311024
furpa,0.5,1,1,TACCATCGAGTTTCACCATA,0,1315586
furpa,0.5,1,1,TACCAGCTCACCTCATAAAT,0,1328524
furpa,0.5,1,1,TACCAGCATCGAACCGGGTG,0,1288012
furpa,0.5,1,1,TACCACTTGCCTGAAAGATT,0,1350889
furpa,0.5,1,1,TACCACGCAGCCGGCACCTC,0,1315519
furpa,0.5,1,1,TACCAAACGTCCCGAAGCCT,0,1349407
furpa,0.5,1,1,TACATTTATCCATCAACATG,0,1271321
furpa,0.5,1,1,TACATGGTGTGAGGACGAAT,0,1312710
furpa,0.5,1,1,TACATCCGCTGTTGTCCAAA,0,1304432
furpa,0.5,1,1,TACATCATTGCCACGCGGGC,0,1296225
furpa,0.5,1,1,TACATAGGCGAATCCATTCT,0,1309107
furpa,0.5,1,1,TACAGCCCGCATAGTTCCTC,0,1306240
furpa,0.5,1,1,TACAGCACAAGGGGGCAATA,0,1292611
furpa,0.5,1,1,TACAGCAATGGTTTCGATTA,0,1293871
furpa,0.5,1,1,TACACGTTGTGAGACTCTTG,0,1316192
furpa,0.5,1,1,TACACGACCGCCTCGTACAT,0,1332984
furpa,0.5,1,1,TACACCGGCGTCCGTACAGA,0,1288921
furpa,0.5,1,1,TACACCCGCAATGGCGCAAG,0,1282217
furpa,0.5,1,1,TACAAGGCGAATTATGATCA,0,1301514
furpa,0.5,1,1,TACAACATGCGATGTAGTAG,0,1274764
furpa,0.5,1,1,TACAAACCGATATGTAAGAG,0,1347337
furpa,0.5,1,1,TACAAAAAACCACCACTACA,0,1320278
furpa,0.5,1,1,TAATTGCGAATCATGGTGTT,0,1319224
furpa,0.5,1,1,TAATTCGTTCAATGGCATGA,0,1306894
furpa,0.5,1,1,TAATTCAGATGGAACTCGGG,0,1331156
furpa,0.5,1,1,TAATTATTACCGCGATACTG,0,1307016
furpa,0.5,1,1,TAATGTTGAGGTATACACGG,0,1348908
furpa,0.5,1,1,TAATGTGAGTTGGTGCCCTT,0,1349342
furpa,0.5,1,1,TAATGTCGGCAGACTTGCCA,0,1312622
furpa,0.5,1,1,TAATGTCCTTGGTATGCGAA,0,1324837
furpa,0.5,1,1,TAATGCTGTCAGTTAGGAAC,0,1318362
furpa,0.5,1,1,TAATGCGCTCTTTGCATACA,0,1324190
furpa,0.5,1,1,TAATGAGAATTGTAAGACTA,0,1330111
furpa,0.5,1,1,TAATCTTCGATTCACCCTCG,0,1281092
furpa,0.5,1,1,TAATCTTCACTGCCGGCGCT,0,1304681
furpa,0.5,1,1,TAATCTGCTTTCCGGAGGAC,0,1291997
furpa,0.5,1,1,TAATCTGACAAAGTGGCACG,0,1290462
furpa,0.5,1,1,TAATCTAAAGTTAAGTAGGG,0,1293300
furpa,0.5,1,1,TAATCGTACGCGCACATTTA,0,1273513
furpa,0.5,1,1,TAATCGCAAGGCTCCAGCTG,0,1339465
furpa,0.5,1,1,TAATCGACAGTCACATCAGA,0,1338168
furpa,0.5,1,1,TAATCCAAGGTGTGCTTCTA,0,1344380
furpa,0.5,1,1,TAATCAGTCATTTGGAAGGT,0,1282687
furpa,0.5,1,1,TAATCAGTAATGTCTAGGGT,0,1285475
furpa,0.5,1,1,TAATCAGGCACGCAAAATGT,0,1311872
furpa,0.5,1,1,TAATCAAGCGCCCTTCTTTT,0,1322405
furpa,0.5,1,1,TAATATGTCGCTCGCGTACC,0,1318342
furpa,0.5,1,1,TAATAGAGGGAGCATGGCTT,0,1332915
furpa,0.5,1,1,TAAGTTTTCACAGATCGAGA,0,1286143
furpa,0.5,1,1,TAAGTTAATGAATCCGGACA,0,1304161
furpa,0.5,1,1,TAAGTCCTGGTTTCTGCTAA,0,1331105
furpa,0.5,1,1,TAAGTATTTTGTTTGGTAAA,0,1337066
furpa,0.5,1,1,TAAGTAGCGTTAGGTGGCCT,0,1300804
furpa,0.5,1,1,TAAGGTCAGGGGAGGCACGA,0,1321276
furpa,0.5,1,1,TAAGGTAACGTACCACGGGT,0,1289173
furpa,0.5,1,1,TAAGGACCGCCTGCCTACGC,0,1305030
furpa,0.5,1,1,TAAGCTATTCGGCTTTTTGG,0,1300467
furpa,0.5,1,1,TAAGCGGGTCTTCTAGAAAT,0,1309332
furpa,0.5,1,1,TAAGCCTATTTGTGGATATA,0,1326326
furpa,0.5,1,1,TAAGCCCCGTAGCTACCCAG,0,1290357
furpa,0.5,1,1,TAAGCCAACGGGGCACCGAC,0,1331847
furpa,0.5,1,1,TAAGCACGTGTTCCGCGACT,0,1313764
furpa,0.5,1,1,TAAGCACATGGTCCGACTCT,0,1272801
furpa,0.5,1,1,TAAGAATTTAATCGCCGACT,0,1336433
furpa,0.5,1,1,TAAGAATAAATGCGTCTCAA,0,1316519
furpa,0.5,1,1,TAAGAAAATACGTTTCTATA,0,1338091
furpa,0.5,1,1,TAACTGTCGAGAAAGCGTAG,0,1332610
furpa,0.5,1,1,TAACTGGGAGCAGAGCGTAC,0,1299108
furpa,0.5,1,1,TAACTGCAGAGACTTGTGAA,0,1290259
furpa,0.5,1,1,TAACGTTGCCGCGATCTGTA,0,1327910
furpa,0.5,1,1,TAACGTTATCGGATACGGAT,0,1277990
furpa,0.5,1,1,TAACGGTTCCGGAGGTGTTG,0,1326968
furpa,0.5,1,1,TAACGGCACTAAGTGAAGAA,0,1318832
furpa,0.5,1,1,TAACGCTAAGGACCTGCAGA,0,1341820
furpa,0.5,1,1,TAACGACAAAAGGGTTTAGA,0,1333346
furpa,0.5,1,1,TAACCTACATATAGGAACCC,0,1325688
furpa,0.5,1,1,TAACCGCTGACCGGTGTAGT,0,1336912
furpa,0.5,1,1,TAACCCTGTACACGTAGGGT,0,1296115
furpa,0.5,1,1,TAACCAATATGCTTCACAGT,0,1311018
furpa,0.5,1,1,TAACCAAAATTGGCGCTCGA,0,1316221
furpa,0.5,1,1,TAACATTCACCAGGGCAGTC,0,1299131
furpa,0.5,1,1,TAACATAACCAGCGCTAGCT,0,1313241
furpa,0.5,1,1,TAACAAGGGTTTAGTGTCCT,0,1304374
furpa,0.5,1,1,TAAATTGCAATCGGACCAGG,0,1313470
furpa,0.5,1,1,TAAATTGATACCAAGCCGAG,0,1289488
furpa,0.5,1,1,TAAATATTTCTTCTGACTGG,0,1319823
furpa,0.5,1,1,TAAAGTCGGAATCGATCCAG,0,1313062
furpa,0.5,1,1,TAAAGGGTCCGGTCGTCCTA,0,1329791
furpa,0.5,1,1,TAAAGGGGCCAAAGATTTTT,0,1345800
furpa,0.5,1,1,TAAAGCCTCAGGGGCATAGA,0,1330657
furpa,0.5,1,1,TAAAGAGGAAACTTACATTT,0,1356883
furpa,0.5,1,1,TAAACCTCGGATCTCTAAGT,0,1313608
furpa,0.5,1,1,TAAACAGAATGTCGTGACGC,0,1338227
furpa,0.5,1,1,TAAAATCTAATGGGCCAGGA,0,1273425
furpa,0.5,1,1,TAAAATCCTTGACGGTCACT,0,1328641
furpa,0.5,1,1,TAAAAGATTGCACACGTGGT,0,1333279
furpa,0.5,1,1,TAAAACTTGCTACGGGTCGT,0,1273979
furpa,0.5,1,1,TAAAACGGGAACAATTATTG,0,1279232
furpa,0.5,1,1,TAAAACCATCCTACGAAGAG,0,1307997
furpa,0.5,1,1,TAAAACAGACGAGTCTCCAA,0,1275182
furpa,0.5,1,1,GTTTTTTTGATTTTCTTGCT,0,1338384
furpa,0.5,1,1,GTTTTGTCTATAAGGGTCTA,0,1316326
furpa,0.5,1,1,GTTTTCTGATCCTAAGCGCT,0,1293829
furpa,0.5,1,1,GTTTTCAGTTCCTCCTAAAC,0,1332360
furpa,0.5,1,1,GTTTTAAAATGCTGTTAAGG,0,1287744
furpa,0.5,1,1,GTTTGTGAAACGTTCCCTCC,0,1328225
furpa,0.5,1,1,GTTTGGGCGATATCGCAATT,0,1277808
furpa,0.5,1,1,GTTTGGGACGGCGACTCAGA,0,1335790
furpa,0.5,1,1,GTTTGAAAAATAGACCGTGA,0,1306114
furpa,0.5,1,1,GTTTCGCTGTGTAGTTTGGT,0,1280961
furpa,0.5,1,1,GTTTCATCGAATTCGGATAA,0,1293280
furpa,0.5,1,1,GTTTACCGTCGAACTTAACG,0,1296906
furpa,0.5,1,1,GTTTAATTTCAAGGCGAACC,0,1332035
furpa,0.5,1,1,GTTTAAGACCTAGATTGGGT,0,1289664
furpa,0.5,1,1,GTTGTTCGCAAACTCGTGAT,0,1284256
furpa,0.5,1,1,GTTGTTATTTGCACCGAACT,0,1292521
furpa,0.5,1,1,GTTGTAGACCTAGTGTTACC,0,1277095
furpa,0.5,1,1,GTTGTACCTCTAGCGTCGAA,0,1271499
furpa,0.5,1,1,GTTGTACACCAGAACGGTGT,0,1283717
furpa,0.5,1,1,GTTGTAATAGCGGGAAATTA,0,1281249
furpa,0.5,1,1,GTTGTAAAGATACTCGTGCT,0,1307423
furpa,0.5,1,1,GTTGGGTGCGGCGAAGGGGT,0,1276330
furpa,0.5,1,1,GTTGGGGTGCACGGCCTATG,0,1298541
furpa,0.5,1,1,GTTGGGCGCATATGTCGGAC,0,1324168
furpa,0.5,1,1,GTTGGGAAGGAGTTATGGTT,0,1281278
furpa,0.5,1,1,GTTGCGTCAGCGAGCGACAT,0,1280528
furpa,0.5,1,1,GTTGCCACACCTACAGGCTT,0,1325846
furpa,0.5,1,1,GTTGCACCCTGCGCCCAAGG,0,1271716
furpa,0.5,1,1,GTTGATGTCAGCCCCATCAT,0,1294278
furpa,0.5,1,1,GTTGATAGGTCTGGGGTAAA,0,1286209
furpa,0.5,1,1,GTTGAAATGTTATCACTTGT,0,1281183
furpa,0.5,1,1,GTTCTGTTTGGAGTGATACA,0,1322088
furpa,0.5,1,1,GTTCTCTATCTGGTACTTTC,0,1347717
furpa,0.5,1,1,GTTCTCACGACACTATCACC,0,1304466
furpa,0.5,1,1,GTTCTACAAGTGTATAAACA,0,1333929
furpa,0.5,1,1,GTTCGTTGTGTACTATATTA,0,1342808
furpa,0.5,1,1,GTTCGTTCGACACCACCCAA,0,1304027
furpa,0.5,1,1,GTTCGGTAATATTATACGTA,0,1298119
furpa,0.5,1,1,GTTCGGCTCCAAAAAGCCGG,0,1310540
furpa,0.5,1,1,GTTCGATGTAGTGGTCGGCG,0,1346941
furpa,0.5,1,1,GTTCCTTTGATACGAGCTAC,0,1326341
furpa,0.5,1,1,GTTCCCCGACAACGTCGAGT,0,1297711
furpa,0.5,1,1,GTTCCAAACTTGTGCCGAAT,0,1328649
furpa,0.5,1,1,GTTCATGGCATCGATAAAAG,0,1284624
furpa,0.5,1,1,GTTCATATGCGGTCCTAGGT,0,1278648
furpa,0.5,1,1,GTTCAGATGTGTTCGCGGAA,0,1274481
furpa,0.5,1,1,GTTCACCTAATTACTAATCT,0,1271571
furpa,0.5,1,1,GTTATGTATTGGAGCTATGG,0,1348113
furpa,0.5,1,1,GTTATGGGTATTTTCTTTTA,0,1325781
furpa,0.5,1,1,GTTATACACGAACGGGGTTG,0,1295279
furpa,0.5,1,1,GTTAGTAGGTACCTCGTCTC,0,1302534
furpa,0.5,1,1,GTTAGTACCGCCATGATCTC,0,1306371
furpa,0.5,1,1,GTTAGCAAACCAGGACTTTA,0,1277331
furpa,0.5,1,1,GTTAGAAAGGACAGGCGTTC,0,1352961
furpa,0.5,1,1,GTTACTTGTACATAGTCGCA,0,1338437
furpa,0.5,1,1,GTTACCGATACTGTGACTTC,0,1339178
furpa,0.5,1,1,GTTACCATCATAGTAGAAAG,0,1278526
furpa,0.5,1,1,GTTACCAATTAGACTGGCTC,0,1322466
furpa,0.5,1,1,GTTACAGAATAGTCGAAAAG,0,1304955
furpa,0.5,1,1,GTTACAATTTGGCGCTATAC,0,1272833
furpa,0.5,1,1,GTTAATGGAAAGATCCATTG,0,1272457
furpa,0.5,1,1,GTTAATGAGTAGAATACACA,0,1319488
furpa,0.5,1,1,GTTAAATCAAACATTGCCTT,0,1336477
furpa,0.5,1,1,GTTAAAGATTATTTAGCGTT,0,1271924
furpa,0.5,1,1,GTTAAACATGAATAAGCCAC,0,1348407
furpa,0.5,1,1,GTGTTTTCATAACAGGACGC,0,1349495
furpa,0.5,1,1,GTGTTTGGACCCGGCGTAAT,0,1281782
furpa,0.5,1,1,GTGTTTGACTTGCATATTTA,0,1323967
furpa,0.5,1,1,GTGTTGGCGAGTTTACATAG,0,1288737
furpa,0.5,1,1,GTGTTCGCAGATAATTTTCG,0,1315706
furpa,0.5,1,1,GTGTGTTCACCTCGTTCTAG,0,1318031
furpa,0.5,1,1,GTGTGTGTAGTAGTTCTTGG,0,1275597
furpa,0.5,1,1,GTGTGCATTCCCGACAAGGT,0,1296927
furpa,0.5,1,1,GTGTGAGTGTGTTAACGAGT,0,1298110
furpa,0.5,1,1,GTGTCTGGCAAACAGGGCGA,0,1293485
furpa,0.5,1,1,GTGTCTGACAGCTCACCTGA,0,1340662
furpa,0.5,1,1,GTGTCGGCTAGAGAGCTCGA,0,1280647
furpa,0.5,1,1,GTGTCGAAAGAAGCGACTGG,0,1319674
furpa,0.5,1,1,GTGTCAATGGATCGTAGATC,0,1309545
furpa,0.5,1,1,GTGTAGCGTATAACAGTTGG,0,1278266
furpa,0.5,1,1,GTGTACGCAGCCGCCCTAGA,0,1283029
furpa,0.5,1,1,GTGTAATTAGGAGAGTGGTC,0,1303473
furpa,0.5,1,1,GTGTAAGCTGGCTAGCATTA,0,1307920
furpa,0.5,1,1,GTGTAAACGATTGTTCAGGT,0,1336252
furpa,0.5,1,1,GTGGTTCAATCTTTTGAAGA,0,1339069
furpa,0.5,1,1,GTGGTGTCATGGGCCGATCA,0,1320015
furpa,0.5,1,1,GTGGTATCTTTCGCGGCCGG,0,1331164
furpa,0.5,1,1,GTGGGTGCTCTCCTTCGCAT,0,1316321
furpa,0.5,1,1,GTGGGTCGGACCCCCTCTCC,0,1285561
furpa,0.5,1,1,GTGGGTACACGGGCACCCTG,0,1308372
furpa,0.5,1,1,GTGGGGTCCTCCTTTTTTTT,0,1327242
furpa,0.5,1,1,GTGGGGCTGAACAGGAGGTA,0,1307991
furpa,0.5,1,1,GTGGGGAAGCAATCGACGTC,0,1327228
furpa,0.5,1,1,GTGGGCATCGGCCGATAGAA,0,1351382
furpa,0.5,1,1,GTGGGACTCAGACTCCACCA,0,1288218
furpa,0.5,1,1,GTGGCTGAATGAGTGAGCCT,0,1277757
furpa,0.5,1,1,GTGGCGTTGCACTTTGCGTA,0,1294632
furpa,0.5,1,1,GTGGCGCCCCGGGTTAGTGT,0,1320631
furpa,0.5,1,1,GTGGCCGTGCTGCGTAGGGT,0,1321359
furpa,0.5,1,1,GTGGCCCGTACAAATTATTC,0,1274245
furpa,0.5,1,1,GTGGCACTGTGTTACTACTC,0,1350228
furpa,0.5,1,1,GTGGCAACGCATTCTGGAGT,0,1324240
furpa,0.5,1,1,GTGGATCGGAGGCGAATAAG,0,1276449
furpa,0.5,1,1,GTGGAGATGGCCTCTTCGAC,0,1285022
furpa,0.5,1,1,GTGGACGTGCGCATGGATCG,0,1322993
furpa,0.5,1,1,GTGCTTCGGCTTATTTGGAT,0,1316913
furpa,0.5,1,1,GTGCTGGGATGCATTTGCTA,0,1330212
furpa,0.5,1,1,GTGCTCTTAAATCGCCGCCA,0,1326624
furpa,0.5,1,1,GTGCTCAGGGTGCCTAATGC,0,1295792
furpa,0.5,1,1,GTGCGGTCGCGTTTTCGATA,0,1290042
furpa,0.5,1,1,GTGCGGGTCGAGCCTATAAC,0,1336495
furpa,0.5,1,1,GTGCGCGTCCTGTGAGAGTG,0,1329895
furpa,0.5,1,1,GTGCGCCTGTTTGGAACAGG,0,1300394
furpa,0.5,1,1,GTGCGCAGGGCAGACGGTCT,0,1278928
furpa,0.5,1,1,GTGCGATGGTATTTGCTCGT,0,1349108
furpa,0.5,1,1,GTGCGAGTACTTCTAGAGTC,0,1331627
furpa,0.5,1,1,GTGCCTCCAAATCGGGAATG,0,1336281
furpa,0.5,1,1,GTGCCCTTTATCAGGACGTC,0,1330354
furpa,0.5,1,1,GTGCATGAATGCTCTTGAAA,0,1304960
furpa,0.5,1,1,GTGCAAGATACCTAATGAGT,0,1333403
furpa,0.5,1,1,GTGCAACGCACCGGTTTTTT,0,1312483
furpa,0.5,1,1,GTGATTGTGTTGGTGCGGGA,0,1336607
furpa,0.5,1,1,GTGATTATTGATCACACGGA,0,1303874
furpa,0.5,1,1,GTGATAATTCTCTATCAAGG,0,1279864
furpa,0.5,1,1,GTGATAATGGACGACGGCCC,0,1349221
furpa,0.5,1,1,GTGAGTTCGACACAGGTCTC,0,1341360
furpa,0.5,1,1,GTGAGGTTAGAATATTTGTT,0,1289720
furpa,0.5,1,1,GTGAGGCGCCAAATATAGGT,0,1348431
furpa,0.5,1,1,GTGAGCGTCACACCAAATAA,0,1341113
furpa,0.5,1,1,GTGAGATGTCGCCAATGACT,0,1290033
furpa,0.5,1,1,GTGAGATGATGTAAGACGGA,0,1328164
furpa,0.5,1,1,GTGACTACAGATTGTGGTGG,0,1330229
furpa,0.5,1,1,GTGACCTAAAAACGACGCCA,0,1302897
furpa,0.5,1,1,GTGACAGTTCCTGTCTAGGG,0,1354638
furpa,0.5,1,1,GTGAATACCGTTTTAAGCAT,0,1271309
furpa,0.5,1,1,GTGAAGTGTTCACCCCCGCG,0,1345071
furpa,0.5,1,1,GTGAAGGTCTAACGATTTGT,0,1332462
furpa,0.5,1,1,GTGAAATCAATCGTTAAATT,0,1347997
furpa,0.5,1,1,GTCTTTCTAAAAGGGCGCGT,0,1325014
furpa,0.5,1,1,GTCTTGAGTGCCATAGGTTG,0,1271936
furpa,0.5,1,1,GTCTTGAAGGTGCCGGAATG,0,1315188
furpa,0.5,1,1,GTCTTAAGAGTTCTCGCATA,0,1282595
furpa,0.5,1,1,GTCTGTGCCATCAATCGTAC,0,1299346
furpa,0.5,1,1,GTCTGGCTGGGGGGGGTTAT,0,1349043
furpa,0.5,1,1,GTCTGCATCTTCACATTAAG,0,1343849
furpa,0.5,1,1,GTCTCTGTTCACAACTGCTA,0,1357165
furpa,0.5,1,1,GTCTCGACGTTTGATCAATT,0,1281543
furpa,0.5,1,1,GTCTCGACCTGACTCGATTT,0,1290690
furpa,0.5,1,1,GTCTCCTGAGAGAGGGCTGA,0,1319128
furpa,0.5,1,1,GTCTCCGCGTGCTGTTCGTA,0,1345123
furpa,0.5,1,1,GTCTAGGCTGTAAACGTCAG,0,1316862
furpa,0.5,1,1,GTCTACTCCGACGGGAAGAG,0,1305179
furpa,0.5,1,1,GTCTACAGCGATGTCGGATA,0,1278178
furpa,0.5,1,1,GTCTAAAGTATAGTTACAAT,0,1320868
furpa,0.5,1,1,GTCGTCGGTTGCGAAGTCTA,0,1302170
furpa,0.5,1,1,GTCGTATTCTTGCTAGACGG,0,1323011
furpa,0.5,1,1,GTCGTAGTTGAGAAGGGTTT,0,1349069
furpa,0.5,1,1,GTCGGTTTGGCAGACCAGGT,0,1301565
furpa,0.5,1,1,GTCGGATGTCGGGGACGCCA,0,1303891
furpa,0.5,1,1,GTCGGAGGGGTCAGAAAGTC,0,1298626
furpa,0.5,1,1,GTCGCTCATAGTAAGTATAC,0,1345228
furpa,0.5,1,1,GTCGCGAAAGTCGATGGCAG,0,1356793
furpa,0.5,1,1,GTCGCCTATTTTCAGGCTGG,0,1296418
furpa,0.5,1,1,GTCGCCAATTGTAGATGCGA,0,1356036
furpa,0.5,1,1,GTCGCAACAGTGAATTGGGA,0,1283570
furpa,0.5,1,1,GTCGATATGACTCGGCAGCA,0,1329856
furpa,0.5,1,1,GTCGATACCCAGCATCGTAG,0,1300998
furpa,0.5,1,1,GTCGAGCTCGGGAAAGGCTA,0,1302883
furpa,0.5,1,1,GTCGAGACTTGCTTAGCGCC,0,1290172
furpa,0.5,1,1,GTCGACTCAAGTGACATGCG,0,1318084
furpa,0.5,1,1,GTCGACTACGGACAACAGGC,0,1318404
furpa,0.5,1,1,GTCGAAGGTTAGTAATTGGT,0,1302555
furpa,0.5,1,1,GTCCTGGGCGTGGATATGCT,0,1277278
furpa,0.5,1,1,GTCCTGGGAGAGTTTCAGAC,0,1330210
furpa,0.5,1,1,GTCCTGCCCCACAATGGGAC,0,1294136
furpa,0.5,1,1,GTCCTCTTTGAAAGGGATAG,0,1303058
furpa,0.5,1,1,GTCCTCGCGCACACACGCGT,0,1294133
furpa,0.5,1,1,GTCCGTTACTGAAGCATCAG,0,1297417
furpa,0.5,1,1,GTCCGGCATTACCGCGTGCT,0,1339990
furpa,0.5,1,1,GTCCGAGGATAGAACTCTCA,0,1314698
furpa,0.5,1,1,GTCCCTTGTTATCTTCGAGT,0,1314913
furpa,0.5,1,1,GTCCCCGCTAAGCTGTTCCT,0,1291883
furpa,0.5,1,1,GTCCCCATGTACAGTACCCT,0,1325016
furpa,0.5,1,1,GTCCCACCTATAGCAACCAT,0,1335516
furpa,0.5,1,1,GTCCCACAAGTGTGTTTGCA,0,1303937
furpa,0.5,1,1,GTCCATTCGCAAACTCCTCA,0,1322758
furpa,0.5,1,1,GTCCATTAAGGCATAATTGT,0,1318797
furpa,0.5,1,1,GTCCATGCGGGGGAACCGGC,0,1307478
furpa,0.5,1,1,GTCCAACATTCTCCATCATA,0,1350984
furpa,0.5,1,1,GTCATTACTCTGGTGACACC,0,1296871
furpa,0.5,1,1,GTCATCCGACCGTGCTTTTA,0,1336104
furpa,0.5,1,1,GTCATAATAAGTTAAGTAAG,0,1274316
furpa,0.5,1,1,GTCAGCGGGCATTGCAGGAT,0,1271618
furpa,0.5,1,1,GTCAGCAGAGTAGTCTTAAT,0,1289164
furpa,0.5,1,1,GTCACTTGTGAGTGGTGAGG,0,1305353
furpa,0.5,1,1,GTCACTCCTTGCTCCGAAAG,0,1305844
furpa,0.5,1,1,GTCACGGCCTGGCGCGTCAT,0,1303021
furpa,0.5,1,1,GTCACGCGTGGTCGCGGTAA,0,1339817
furpa,0.5,1,1,GTCACGCGTCGTGGCTAATA,0,1327743
furpa,0.5,1,1,GTCACGACTTACCTGCTATA,0,1279112
furpa,0.5,1,1,GTCACCGGGTTGGCCAATAA,0,1345867
furpa,0.5,1,1,GTCACCATTCGTAGTGGTTC,0,1288151
furpa,0.5,1,1,GTCACAGGCTTGGTGAGGTT,0,1281463
furpa,0.5,1,1,GTCACACGAGGAAGCCTTGT,0,1324963
furpa,0.5,1,1,GTCAATGAGTGTAGGCGGGA,0,1328501
furpa,0.5,1,1,GTCAATAAGTACTCCTATAT,0,1296736
furpa,0.5,1,1,GTCAAGTGTTGGGCACGACC,0,1285899
furpa,0.5,1,1,GTCAAGAGGTACAAACACGA,0,1323401
furpa,0.5,1,1,GTCAACTGGTTCTCGGTTGA,0,1349307
furpa,0.5,1,1,GTCAACTACCTCTACCAGCC,0,1277857
furpa,0.5,1,1,GTATTTGCGTCAATGATTGG,0,1311802
furpa,0.5,1,1,GTATTTGACTTGACAACCGA,0,1325062
furpa,0.5,1,1,GTATTACGATATGTAATTCA,0,1310814
furpa,0.5,1,1,GTATTAACTGAAAAAACATG,0,1343060
furpa,0.5,1,1,GTATTAACACTTGCCCCTTG,0,1285766
furpa,0.5,1,1,GTATTAAAATCTTAACGGGA,0,1351573
furpa,0.5,1,1,GTATGTTTAATTCACTTTCT,0,1281647
furpa,0.5,1,1,GTATGTCAAATTTTATTTAA,0,1279462
furpa,0.5,1,1,GTATGGATAAAAATCTGCAA,0,1279118
furpa,0.5,1,1,GTATGAAGACTATCCAAGTA,0,1276315
furpa,0.5,1,1,GTATCCAAGCGTCACCTCCC,0,1289608
furpa,0.5,1,1,GTATCATTCTTTAGGGGCGC,0,1351206
furpa,0.5,1,1,GTATCAATCGGGAGAGGCGA,0,1343420
furpa,0.5,1,1,GTATAGTTCTTCCTCGGTCG,0,1355051
furpa,0.5,1,1,GTATAGCGCGTCCGTGGGCG,0,1294401
furpa,0.5,1,1,GTAGTGTTAGATGACCGGAC,0,1294292
furpa,0.5,1,1,GTAGTAGCGGCACGTCATGG,0,1310094
furpa,0.5,1,1,GTAGTAGATTCAAGGCGTAA,0,1320068
furpa,0.5,1,1,GTAGTAAGACATCACGTATG,0,1282770
furpa,0.5,1,1,GTAGTAAAGTGCGCAGCATG,0,1290911
furpa,0.5,1,1,GTAGGTGGGAATGGTAAGAG,0,1342525
furpa,0.5,1,1,GTAGGTCGAAGTTAGTCACC,0,1315096
furpa,0.5,1,1,GTAGGCCCACGTGCGGCATG,0,1356348
furpa,0.5,1,1,GTAGGCAGTATTGCGGGCGA,0,1285056
furpa,0.5,1,1,GTAGCGGTGACGACTTGATA,0,1308898
furpa,0.5,1,1,GTAGCGGAAACGCACTACAT,0,1309577
furpa,0.5,1,1,GTAGCCGCGTTTCCCAGGCT,0,1296749
furpa,0.5,1,1,GTAGCAGGGTCATTTTTGCA,0,1328662
furpa,0.5,1,1,GTAGCACTATCAAATGCAAG,0,1332395
furpa,0.5,1,1,GTAGATAGGTTCGCGCTTCG,0,1294232
furpa,0.5,1,1,GTAGATACCATCAATTTGAT,0,1328018
furpa,0.5,1,1,GTAGAGCTCCATTGTTCGGG,0,1283810
furpa,0.5,1,1,GTAGAGCAGCGGATTTCGTA,0,1325019
furpa,0.5,1,1,GTAGAGAATGGTGACGTAAG,0,1306605
furpa,0.5,1,1,GTAGAACGAACGTGTAAATT,0,1349222
furpa,0.5,1,1,GTACTTCTCGCAGAGGGCTG,0,1339636
furpa,0.5,1,1,GTACTCTTTGGGCGGCACAC,0,1325627
furpa,0.5,1,1,GTACTATATGGTGGGTATTC,0,1350642
furpa,0.5,1,1,GTACTAAACAACCGAGGTGA,0,1305175
furpa,0.5,1,1,GTACGTCCATGGCCCGCGCT,0,1297583
furpa,0.5,1,1,GTACGTACACGTCACATCGT,0,1291842
furpa,0.5,1,1,GTACGGGGTTGCTAAGAGCG,0,1311360
furpa,0.5,1,1,GTACGGAGGTACAGGGGAAG,0,1346970
furpa,0.5,1,1,GTACCTCGAGTTCTTCTATC,0,1330728
furpa,0.5,1,1,GTACCCCCGATCCCCGACCT,0,1278222
furpa,0.5,1,1,GTACATTTGAAGAACAATCT,0,1331154
furpa,0.5,1,1,GTACATCCCTGGTGTCGGAT,0,1302817
furpa,0.5,1,1,GTACAGTAGTAGACGCGTGT,0,1320385
furpa,0.5,1,1,GTACAGCATCTCCTATCTTA,0,1319038
furpa,0.5,1,1,GTACACGGGGGATCAGTCCC,0,1335224
furpa,0.5,1,1,GTACACCCCGTAAGAATTCA,0,1285175
furpa,0.5,1,1,GTACACCAAATAGCGAAAAC,0,1331145
furpa,0.5,1,1,GTACAAGTTAAGATTGGTCA,0,1291358
furpa,0.5,1,1,GTACAAAGTACCCATTACCT,0,1329897
furpa,0.5,1,1,GTAATCCAGGGAAACGCATT,0,1304665
furpa,0.5,1,1,GTAATAGTGCTAACGTGCGG,0,1344445
furpa,0.5,1,1,GTAAGTTGCTGCGGCCGAAC,0,1351909
furpa,0.5,1,1,GTAAGTTGACTAAGTCAGCG,0,1298269
furpa,0.5,1,1,GTAAGTACTTATCTCGGATG,0,1280802
furpa,0.5,1,1,GTAAGCGTGGTGAGGCGCGT,0,1299383
furpa,0.5,1,1,GTAAGCATGTTCAGGCGTAT,0,1356809
furpa,0.5,1,1,GTAAGCATGCTTAGGTCCCG,0,1343710
furpa,0.5,1,1,GTAAGACGTCGCGGACTATG,0,1345858
furpa,0.5,1,1,GTAACTCTCTAGGCGGGGAA,0,1299646
furpa,0.5,1,1,GTAACCTCGGCCCCGCGCTT,0,1341151
furpa,0.5,1,1,GTAACCCATCAGACGCGAGG,0,1346603
furpa,0.5,1,1,GTAACAGCTTCGTCTCAGTA,0,1291759
furpa,0.5,1,1,GTAACAGCGCTCCGGGATTA,0,1277135
furpa,0.5,1,1,GTAACAAAGATCCCCAGGCT,0,1274128
furpa,0.5,1,1,GTAAAAGCTGCGTCTCCAGC,0,1286635
furpa,0.5,1,1,GTAAAAAACCTGAACATCAT,0,1271609
furpa,0.5,1,1,GGTTTGGAACGTTTACCCCT,0,1271577
furpa,0.5,1,1,GGTTTCTCCAGACGGCCGAC,0,1271939
furpa,0.5,1,1,GGTTTCGCGTTGTTCGATCG,0,1338175
furpa,0.5,1,1,GGTTTCCTCACTTGACAGGG,0,1314035
furpa,0.5,1,1,GGTTGATTAGAGGACTTAAT,0,1301657
furpa,0.5,1,1,GGTTCTTGGTTGGGCTATCG,0,1283133
furpa,0.5,1,1,GGTTCGCGGGATCACTTGAA,0,1292399
furpa,0.5,1,1,GGTTCGCCCGTCTATTCCCC,0,1326908
furpa,0.5,1,1,GGTTCGATTGCTGATTCCTG,0,1274252
furpa,0.5,1,1,GGTTCCTGTCTGAGGGCTTT,0,1334742
furpa,0.5,1,1,GGTTCCGGCCTTCCGTTCCT,0,1285253
furpa,0.5,1,1,GGTTCATTCCAAGTCGTGTG,0,1288195
furpa,0.5,1,1,GGTTCACCGCAGACTAGCGG,0,1307823
furpa,0.5,1,1,GGTTCAACGGAGTCTACATA,0,1352987
furpa,0.5,1,1,GGTTATGCTTCGTCTCTAGA,0,1312121
furpa,0.5,1,1,GGTTAGCCGCCTTTGAATAT,0,1314107
furpa,0.5,1,1,GGTTACTTGGTATACTCAGC,0,1281451
furpa,0.5,1,1,GGTGTTAGATTACTCTGCCA,0,1292105
furpa,0.5,1,1,GGTGTGACCATCATGCAGTG,0,1339131
furpa,0.5,1,1,GGTGTCTTATGCAGATGTTT,0,1321482
furpa,0.5,1,1,GGTGTCGATGGGACACCCTT,0,1324615
furpa,0.5,1,1,GGTGTAGTTCCCGTTGACAT,0,1289252
furpa,0.5,1,1,GGTGTAGGTCTTAGGTCCAC,0,1330292
furpa,0.5,1,1,GGTGGTTTGAATACATCCAC,0,1301429
furpa,0.5,1,1,GGTGGCACACACACTCGTCA,0,1321688
furpa,0.5,1,1,GGTGGACTTCTAACACATAG,0,1339999
furpa,0.5,1,1,GGTGCGGCGATTCCGATCAA,0,1307601
furpa,0.5,1,1,GGTGCGAAATCCTTTAAAAT,0,1289962
furpa,0.5,1,1,GGTGCATTTTTGCGACGGGA,0,1284955
furpa,0.5,1,1,GGTGCATGTGTCGTAAATGC,0,1350734
furpa,0.5,1,1,GGTGATTAGCTTGGAGCAGC,0,1323441
furpa,0.5,1,1,GGTGATCGAGGTATAGGCAT,0,1300127
furpa,0.5,1,1,GGTGACTGCTTGTGCATCTT,0,1355753
furpa,0.5,1,1,GGTGAATATTTCGTCCCATG,0,1354566
furpa,0.5,1,1,GGTGAAGATGAAGACCATCG,0,1334653
furpa,0.5,1,1,GGTCTTCCGAACGGCGATCG,0,1297081
furpa,0.5,1,1,GGTCTGCGGATAAAGTAGAT,0,1297101
furpa,0.5,1,1,GGTCTCGCGAATAGAAAAAC,0,1300463
furpa,0.5,1,1,GGTCTCGCAGCGGCCGAGCC,0,1295540
furpa,0.5,1,1,GGTCTAAAGATAGCCTCCGT,0,1341132
furpa,0.5,1,1,GGTCGTTATTACAAATTTCT,0,1306797
furpa,0.5,1,1,GGTCGGTCCACATGTGACGT,0,1299936
furpa,0.5,1,1,GGTCGGCGCGGATTTTTCGA,0,1277748
furpa,0.5,1,1,GGTCGCAGCCGGGAGTAAAA,0,1328150
furpa,0.5,1,1,GGTCCTTTCTAGCTTTAGGG,0,1308836
furpa,0.5,1,1,GGTCCGAATCCCTCCGTGGT,0,1274591
furpa,0.5,1,1,GGTCCCTTAGGCAATCCAAC,0,1332525
furpa,0.5,1,1,GGTCATAGACGAAGGGAAAT,0,1323224
furpa,0.5,1,1,GGTCATAAATCGAACAGGTC,0,1322301
furpa,0.5,1,1,GGTCACACTGGCATTGCCGT,0,1332674
furpa,0.5,1,1,GGTCAAGTCCTAATACCATG,0,1303384
furpa,0.5,1,1,GGTATTCTAGCCCACTTTTG,0,1323034
furpa,0.5,1,1,GGTATGTAGAGGAGCTCATT,0,1304716
furpa,0.5,1,1,GGTATGGTTCTCGTCTATTA,0,1310481
furpa,0.5,1,1,GGTATCTGACCTTCTGCCGT,0,1355708
furpa,0.5,1,1,GGTATCGAGATAGCCTGGCT,0,1304035
furpa,0.5,1,1,GGTAGTCCACAAGAACTGGA,0,1309474
furpa,0.5,1,1,GGTAGGTAGTAATCCACGTG,0,1350530
furpa,0.5,1,1,GGTAGGAGTTGATCGCAACA,0,1315015
furpa,0.5,1,1,GGTAGCTCTGTAGTCAACAG,0,1329492
furpa,0.5,1,1,GGTACTGTAAAACAGCCACT,0,1338435
furpa,0.5,1,1,GGTACGGAGCGGCCTCCAAG,0,1292014
furpa,0.5,1,1,GGTACGGACCGAAACGGAAT,0,1279131
furpa,0.5,1,1,GGTACCCCGCCCCAGGAAAG,0,1278991
furpa,0.5,1,1,GGTACCCCCAGCGTATTTGT,0,1318017
furpa,0.5,1,1,GGTAAGGGGCGACAAAGGAG,0,1340252
furpa,0.5,1,1,GGTAAGCGTTCACTTTCCAC,0,1298143
furpa,0.5,1,1,GGTAAGAGTTATGTGGGAGT,0,1326790
furpa,0.5,1,1,GGTAACCTTCAAGGCGGTGA,0,1338832
furpa,0.5,1,1,GGTAACCGAGACCCTTTGAA,0,1311933
furpa,0.5,1,1,GGTAAAGACGGGGCTACATC,0,1289300
furpa,0.5,1,1,GGGTTTCCGTCGATCTGAGG,0,1275412
furpa,0.5,1,1,GGGTTGCCGGGGAGCCCAAT,0,1323530
furpa,0.5,1,1,GGGTTCGTCCAAACCACGCA,0,1315397
furpa,0.5,1,1,GGGTTCCGCTCCTACCTTCC,0,1311791
furpa,0.5,1,1,GGGTTCAGAGTGGGAACACT,0,1338760
furpa,0.5,1,1,GGGTTAGGCCCCTAGCTACT,0,1285767
furpa,0.5,1,1,GGGTTACCCCGAATTTTTAC,0,1298625
furpa,0.5,1,1,GGGTTAAGGTTAAGGAGACT,0,1281101
furpa,0.5,1,1,GGGTTAACACTTATTGTCCC,0,1289707
furpa,0.5,1,1,GGGTGTTACCACCGACCATG,0,1349535
furpa,0.5,1,1,GGGTGTGTTAGGTGTAATGC,0,1327124
furpa,0.5,1,1,GGGTGCTCTGCGCAGTAACA,0,1337191
furpa,0.5,1,1,GGGTGCCAGGCTTCAAATTC,0,1322850
furpa,0.5,1,1,GGGTGCAGTCTATATAACCA,0,1339487
furpa,0.5,1,1,GGGTCTTACCAGCGGAACAT,0,1345275
furpa,0.5,1,1,GGGTCTATCATTCTTGGGGG,0,1319381
furpa,0.5,1,1,GGGTCGATGTTCCCGTACTT,0,1313762
furpa,0.5,1,1,GGGTCCGGCCGTTGGTGACG,0,1302129
furpa,0.5,1,1,GGGTCCACAGCGCTGAACCT,0,1298764
furpa,0.5,1,1,GGGTCATTGGATATAGCGCT,0,1333100
furpa,0.5,1,1,GGGTCATATCGACGCATTGG,0,1317999
furpa,0.5,1,1,GGGTCAGAGCGAAGGGGCCT,0,1353474
furpa,0.5,1,1,GGGTCAAATCCCTTGCAGAT,0,1282701
furpa,0.5,1,1,GGGTAGGAACCATTAGCTCC,0,1282082
furpa,0.5,1,1,GGGTAATTAATATTGCCCTC,0,1274816
furpa,0.5,1,1,GGGTAAGACGGCCCGTAAGA,0,1311499
furpa,0.5,1,1,GGGTAAGAATATAGTTTTCA,0,1286271
furpa,0.5,1,1,GGGGTTGGAACTTTAGGAAA,0,1283170
furpa,0.5,1,1,GGGGTTCTACAGAAGAAATT,0,1276713
furpa,0.5,1,1,GGGGTGATCGGATGGAGTCT,0,1305943
furpa,0.5,1,1,GGGGTCTGAATTGGTTTAAG,0,1301759
furpa,0.5,1,1,GGGGTCTCAAACTACAACAA,0,1339787
furpa,0.5,1,1,GGGGTAGTATTCGACTAAAG,0,1341576
furpa,0.5,1,1,GGGGTAGGTGCTCCCGAAGG,0,1300537
furpa,0.5,1,1,GGGGTAAATAAGTAATTTAC,0,1301034
furpa,0.5,1,1,GGGGTAAACAATGTCGCTTG,0,1351389
furpa,0.5,1,1,GGGGGTATATATACGACTCA,0,1305756
furpa,0.5,1,1,GGGGGTAGGTACTTATTGGG,0,1336779
furpa,0.5,1,1,GGGGGTAGAATTCAAATAGT,0,1340730
furpa,0.5,1,1,GGGGGGTCCATCTAGCATGG,0,1275016
furpa,0.5,1,1,GGGGGGTACGAACTAGGGCG,0,1309530
furpa,0.5,1,1,GGGGGGATGCTCGTAACGGT,0,1315553
furpa,0.5,1,1,GGGGGCTTTTACCTGTAAAC,0,1271720
furpa,0.5,1,1,GGGGGCGTAGTGAACACGAG,0,1313722
furpa,0.5,1,1,GGGGCTATATAGCTTGCTAC,0,1275658
furpa,0.5,1,1,GGGGCCGGTAGCTTAGTGAC,0,1338809
furpa,0.5,1,1,GGGGCATAACCATCAGATCG,0,1327044
furpa,0.5,1,1,GGGGATGATCCGTGTAGAAC,0,1344553
furpa,0.5,1,1,GGGGATATACCAGTTAAATT,0,1296839
furpa,0.5,1,1,GGGGAGGTAGTCCTCCGGCA,0,1273293
furpa,0.5,1,1,GGGGAGGAGCTGAACCCACG,0,1271370
furpa,0.5,1,1,GGGGAGCGCGCATAGGCCAG,0,1321969
furpa,0.5,1,1,GGGCTTGGGAATTTTAGAGT,0,1294790
furpa,0.5,1,1,GGGCTTCAATGGATGTTATA,0,1290272
furpa,0.5,1,1,GGGCTGGTCCTTCGCATGTT,0,1299385
furpa,0.5,1,1,GGGCTAGCTTTGGATCCATG,0,1323884
furpa,0.5,1,1,GGGCTAACTCACGTTGGATG,0,1356308
furpa,0.5,1,1,GGGCGTTGAGAGACGCAGAC,0,1290164
furpa,0.5,1,1,GGGCGTCGGCGGGTCGCTCT,0,1331103
furpa,0.5,1,1,GGGCGTAGATTCCAGATTTG,0,1291550
furpa,0.5,1,1,GGGCGGGCACCGGACCTAAT,0,1301702
furpa,0.5,1,1,GGGCGCTACACAGTGTTGGT,0,1278057
furpa,0.5,1,1,GGGCGCACCCGGGACCAGTT,0,1297633
furpa,0.5,1,1,GGGCGACCCAGTCACGGCTA,0,1303897
furpa,0.5,1,1,GGGCCTAAGGGTGCAAGCGT,0,1312821
furpa,0.5,1,1,GGGCCGTTCTGGCTAGGAAG,0,1307372
furpa,0.5,1,1,GGGCCACTTTCCTGTGCCTC,0,1350011
furpa,0.5,1,1,GGGCATCCGAGTCCGCTGCA,0,1333187
furpa,0.5,1,1,GGGCATCATATCATCGATAG,0,1318104
furpa,0.5,1,1,GGGCATCAGTGCCCGTAACA,0,1275078
furpa,0.5,1,1,GGGCAGTTCTTGTAGTACTA,0,1320825
furpa,0.5,1,1,GGGCAGGGATAATGTCAGCT,0,1283446
furpa,0.5,1,1,GGGCACAGCGATTTATAATG,0,1274751
furpa,0.5,1,1,GGGCACACTCGGAGAACACC,0,1350088
furpa,0.5,1,1,GGGATTTTTGTCAAGCTGAT,0,1299292
furpa,0.5,1,1,GGGATCGGGGATCCCCAACC,0,1290400
furpa,0.5,1,1,GGGATCGCGGTTGTTATAAG,0,1354434
furpa,0.5,1,1,GGGATATTTTTGGGCACTGC,0,1273451
furpa,0.5,1,1,GGGATAAGCCAAAGGAGCTG,0,1285828
furpa,0.5,1,1,GGGAGTTTCTAAAGTGTCAA,0,1277086
furpa,0.5,1,1,GGGAGTGTAAGTGCCATCAA,0,1357152
furpa,0.5,1,1,GGGAGATGAACTCGGTCGCC,0,1335857
furpa,0.5,1,1,GGGAGACCTGCGTGGTTAGC,0,1277743
furpa,0.5,1,1,GGGACTGTAATAAGCAAAAC,0,1325460
furpa,0.5,1,1,GGGACTCTCGACTCACGCTA,0,1281325
furpa,0.5,1,1,GGGACTCCCCCGACGGATAC,0,1300760
furpa,0.5,1,1,GGGACTAATGTCTCCACATT,0,1329088
furpa,0.5,1,1,GGGACGTGAAGTGTCTAATC,0,1282769
furpa,0.5,1,1,GGGACGCCTTAGACTATATT,0,1347930
furpa,0.5,1,1,GGGACCGATGCGTCGGAAGC,0,1330810
furpa,0.5,1,1,GGGACCCCCATTTAGCTGAA,0,1355857
furpa,0.5,1,1,GGGAATGGCGCAGATGCAGA,0,1292238
furpa,0.5,1,1,GGGAACACATGTGGGGCGTC,0,1327057
furpa,0.5,1,1,GGGAACAAGTAGGCGGTGTC,0,1309331
furpa,0.5,1,1,GGGAAAGTCTAATCGATACT,0,1331557
furpa,0.5,1,1,GGCTTGGGATTAGCGCCCCA,0,1325182
furpa,0.5,1,1,GGCTTACAGGTAAATTATGT,0,1284763
furpa,0.5,1,1,GGCTTAAAACTCAATACGAG,0,1271940
furpa,0.5,1,1,GGCTGTAGTTATGTGTAAAA,0,1305360
furpa,0.5,1,1,GGCTGCGGGAATTAGGAACA,0,1295059
furpa,0.5,1,1,GGCTGAGAGCACCTCATTGC,0,1354647
furpa,0.5,1,1,GGCTGACATGGTCACAAACT,0,1278547
furpa,0.5,1,1,GGCTCGTCTTCGGTGGTACG,0,1288626
furpa,0.5,1,1,GGCTCGGGGTAGAAGATTCG,0,1321803
furpa,0.5,1,1,GGCTCGGGAGGCAGCAAGTA,0,1295619
furpa,0.5,1,1,GGCTCCGAAGTTCTCGAGCT,0,1303506
furpa,0.5,1,1,GGCTCCACATCGTCAATCGG,0,1287597
furpa,0.5,1,1,GGCTCAATAGTGAAATTTGA,0,1309916
furpa,0.5,1,1,GGCTAGTCAGTGTAAGGAAA,0,1338882
furpa,0.5,1,1,GGCTACCTAGTGCACAGCCG,0,1318033
furpa,0.5,1,1,GGCTAATGCGAACGTACATT,0,1282938
furpa,0.5,1,1,GGCTAAGACACGTGAGTCAG,0,1276246
furpa,0.5,1,1,GGCTAACCTGCAAGGGTTTT,0,1321798
furpa,0.5,1,1,GGCGTTTCCACTAGCAAACC,0,1352735
furpa,0.5,1,1,GGCGTTAGGATAAGGTATCG,0,1281081
furpa,0.5,1,1,GGCGTGTACGGGGTGGAACG,0,1326058
furpa,0.5,1,1,GGCGTCCTCCCATGTCCGAG,0,1333757
furpa,0.5,1,1,GGCGGCTAGCAGGACAGAAC,0,1325421
furpa,0.5,1,1,GGCGCACCCAAGAGACACCG,0,1348893
furpa,0.5,1,1,GGCGATTGGTCGTTGGGTAG,0,1352273
furpa,0.5,1,1,GGCGATCTTTCGCAAGGGAC,0,1327276
furpa,0.5,1,1,GGCGAGCGGAACCTAACGTT,0,1273192
furpa,0.5,1,1,GGCCTGACCTAAACTGAATA,0,1309272
furpa,0.5,1,1,GGCCTCTACAGGATACTAGC,0,1288270
furpa,0.5,1,1,GGCCTCCCAGAACAATTCTC,0,1281350
furpa,0.5,1,1,GGCCGGGTCTACACGTTTGG,0,1274173
furpa,0.5,1,1,GGCCGCCTTTCATTACGGAT,0,1281541
furpa,0.5,1,1,GGCCGACGCAAATCATAACG,0,1275856
furpa,0.5,1,1,GGCCGACATGTGAACCGACA,0,1272592
furpa,0.5,1,1,GGCCCTACAACGGGAGTAGT,0,1284872
furpa,0.5,1,1,GGCCCAAGCAAGTGTAGATG,0,1323464
furpa,0.5,1,1,GGCCCAACCAGGAACAAAAA,0,1284607
furpa,0.5,1,1,GGCCATGTCGATATCGGTAT,0,1332299
furpa,0.5,1,1,GGCCATCCGCAGCGTAGTAC,0,1337330
furpa,0.5,1,1,GGCCATCCAGAATGACGACT,0,1275445
furpa,0.5,1,1,GGCCAGACTGTTCAAGTGGT,0,1309356
furpa,0.5,1,1,GGCCAGAATTGACGGTGATA,0,1271495
furpa,0.5,1,1,GGCCACTACAAGAACGAGAT,0,1343053
furpa,0.5,1,1,GGCCAACTTACCTCGAATTG,0,1354474
furpa,0.5,1,1,GGCCAAAAAAAGACAATAAT,0,1310026
furpa,0.5,1,1,GGCATTGGCCTCCTAGACCT,0,1333173
furpa,0.5,1,1,GGCATCGCATCCCCTCGGAA,0,1272607
furpa,0.5,1,1,GGCAGTTCTTGCAGTTAAAA,0,1333194
furpa,0.5,1,1,GGCAGTGGTGTGAATTTCAG,0,1312510
furpa,0.5,1,1,GGCAGTATTCTGTCATGAGG,0,1282606
furpa,0.5,1,1,GGCAGTAAAGATTCCTAGTC,0,1346463
furpa,0.5,1,1,GGCAGGGTGTGCCTCCTTAC,0,1298615
furpa,0.5,1,1,GGCAGCACCAGAAGACCAAC,0,1291201
furpa,0.5,1,1,GGCAGATGGTATACGGGGAT,0,1309143
furpa,0.5,1,1,GGCACTGTATCGGTGGGTGT,0,1285708
furpa,0.5,1,1,GGCACGGTTGGCAGCCTGTA,0,1343530
furpa,0.5,1,1,GGCACGGCAATTTTCATGTG,0,1281506
furpa,0.5,1,1,GGCACGACTTATGGGCTTTT,0,1320818
furpa,0.5,1,1,GGCACACGGGAACGCGCAGG,0,1299428
furpa,0.5,1,1,GGCACAAACCAAAGTCTGCT,0,1305251
furpa,0.5,1,1,GGCAATTCATCGTCATTTAA,0,1338047
furpa,0.5,1,1,GGCAATAGTTTCATGTCCCG,0,1321398
furpa,0.5,1,1,GGCAAGCGTTGGAAGGCGGT,0,1343143
furpa,0.5,1,1,GGCAAGCCTGCCTATTAATA,0,1294152
furpa,0.5,1,1,GGCAACCGCGGGGGACGGCG,0,1314042
furpa,0.5,1,1,GGCAAATTCGAATAAGTGAT,0,1342009
furpa,0.5,1,1,GGATTGCTGCGTGATACCCG,0,1304913
furpa,0.5,1,1,GGATTGAATATATACCGGAC,0,1301278
furpa,0.5,1,1,GGATTAGGTATCAATTCTGT,0,1311708
furpa,0.5,1,1,GGATGTCGAGGCGTACACAG,0,1328863
furpa,0.5,1,1,GGATGCAGTCCTGATAGTGT,0,1295551
furpa,0.5,1,1,GGATGAGGCATGCTAATTTC,0,1275446
furpa,0.5,1,1,GGATGAATCTGCCATTCTGC,0,1310229
furpa,0.5,1,1,GGATCTTCAACGCTATTCAC,0,1343703
furpa,0.5,1,1,GGATCTATTTGACCGCGTCT,0,1275152
furpa,0.5,1,1,GGATCGGTAACATTCCAAGG,0,1278051
furpa,0.5,1,1,GGATCCTCTTCCTTGTCTGA,0,1305024
furpa,0.5,1,1,GGATCATGACGTCTTCTTGA,0,1291809
furpa,0.5,1,1,GGATCAAGGTTCATTCGGAC,0,1352860
furpa,0.5,1,1,GGATATTCCTGTCTTATAGG,0,1277033
furpa,0.5,1,1,GGATACCGGTGTCTCCGCAT,0,1357663
furpa,0.5,1,1,GGATAAGTTTCCCAGACGGC,0,1303376
furpa,0.5,1,1,GGATAACGGATAGTTCACCC,0,1342131
furpa,0.5,1,1,GGAGTTTGACAATAGAGCGT,0,1279630
furpa,0.5,1,1,GGAGTGTTCCGTCGCTTCTC,0,1349444
furpa,0.5,1,1,GGAGTCTGCCGACAACCCGA,0,1356766
furpa,0.5,1,1,GGAGTCTAACAACGCCTCTT,0,1328985
furpa,0.5,1,1,GGAGTATACGACCCCTTTCG,0,1291667
furpa,0.5,1,1,GGAGGTTGGCACCGTAACAC,0,1346594
furpa,0.5,1,1,GGAGGTGAGATGCCTGTATC,0,1334136
furpa,0.5,1,1,GGAGGTATTTCCTAGATTGT,0,1343645
furpa,0.5,1,1,GGAGGATGTGGCTGCAAGAA,0,1333524
furpa,0.5,1,1,GGAGGAGCTTATGACTTATT,0,1316898
furpa,0.5,1,1,GGAGCGGTAGTCCATAAGGA,0,1342381
furpa,0.5,1,1,GGAGCAAACCGAGTTCAACC,0,1340186
furpa,0.5,1,1,GGAGACGGTACCTCTGAATG,0,1310547
furpa,0.5,1,1,GGAGACCGTCGATATGAAAT,0,1291965
furpa,0.5,1,1,GGAGAATAGACGAAGCATGT,0,1320000
furpa,0.5,1,1,GGACTTGGAACATTGATTAG,0,1325959
furpa,0.5,1,1,GGACTGGCTTCTAACCTAGT,0,1356673
furpa,0.5,1,1,GGACTGCGCGGGGTTTTTCC,0,1288426
furpa,0.5,1,1,GGACGTCACAGCTAAACCCC,0,1341344
furpa,0.5,1,1,GGACGGAGCCAGAGGTTCCA,0,1357581
furpa,0.5,1,1,GGACGGAAGCGGGGGCGTTA,0,1329427
furpa,0.5,1,1,GGACGATCAGGCGGGCCGGG,0,1335860
furpa,0.5,1,1,GGACGACGTTACGTTCGAGT,0,1271533
furpa,0.5,1,1,GGACCACGTAGGACCCGCGG,0,1310545
furpa,0.5,1,1,GGACATGTTATCGATACGAT,0,1349253
furpa,0.5,1,1,GGACAGACGGTAAGACCACA,0,1289148
furpa,0.5,1,1,GGACACTGAAGGAGATTTAA,0,1310136
furpa,0.5,1,1,GGAATGTGAGCCTTTTAGGT,0,1316639
furpa,0.5,1,1,GGAATGGAGCGTTGCGCCAG,0,1280840
furpa,0.5,1,1,GGAATGCATGTAGACTCAGC,0,1327885
furpa,0.5,1,1,GGAATCTTGAGGAGGAGTGA,0,1341623
furpa,0.5,1,1,GGAAGTGTCGGTGGGCAAGT,0,1335783
furpa,0.5,1,1,GGAAGTCTGTATGTATATAT,0,1334599
furpa,0.5,1,1,GGAACCTTTGACTTGTTAAG,0,1291120
furpa,0.5,1,1,GGAACCGTAGTCAGGGTTGC,0,1296458
furpa,0.5,1,1,GGAAATCCAGAGACTCCGAA,0,1302598
furpa,0.5,1,1,GGAAATCACTCATCTTTGCC,0,1314996
furpa,0.5,1,1,GGAAACGGCATTTGAGTGGC,0,1308992
furpa,0.5,1,1,GGAAAAGGCGGAAGGATTTA,0,1303181
furpa,0.5,1,1,GGAAAAGCGAACATAAGCTA,0,1302059
furpa,0.5,1,1,GGAAAAGCAAAGCACTAGCC,0,1314568
furpa,0.5,1,1,GCTTTTGGTTCTCCGCAACA,0,1283598
furpa,0.5,1,1,GCTTTGGACACGCGTAGGGA,0,1332370
furpa,0.5,1,1,GCTTTCAAGCGAAAGCCCCA,0,1276644
furpa,0.5,1,1,GCTTTAGGGTACGGGTCTTA,0,1312742
furpa,0.5,1,1,GCTTTAGCTGGTCCCCGGGG,0,1312283
furpa,0.5,1,1,GCTTGTGCTTATAACGGCGT,0,1300335
furpa,0.5,1,1,GCTTGTACTTTTCCAATCTT,0,1356738
furpa,0.5,1,1,GCTTGGGCCTGGCTGACATC,0,1302189
furpa,0.5,1,1,GCTTGGCGGACAAGACCCAT,0,1307594
furpa,0.5,1,1,GCTTGGCAATCTGGTAGACT,0,1324130
furpa,0.5,1,1,GCTTGCATGTCCTACACCAA,0,1353329
furpa,0.5,1,1,GCTTGATTGTTGCAAAGATT,0,1307984
furpa,0.5,1,1,GCTTGAGCTAGTGCGACCTA,0,1330858
furpa,0.5,1,1,GCTTCTCGGGGCCACTTGTT,0,1273041
furpa,0.5,1,1,GCTTCACCGTTTCTAGTGGT,0,1347636
furpa,0.5,1,1,GCTTATTCTTCGTCAACCAT,0,1348392
furpa,0.5,1,1,GCTTATCTCCACATAGCGTC,0,1286389
furpa,0.5,1,1,GCTTAGGCAGCAATCTTTCA,0,1303967
furpa,0.5,1,1,GCTTAGGATAAGCGACGTAG,0,1310157
furpa,0.5,1,1,GCTGTCATCTTCAGATACAT,0,1343741
furpa,0.5,1,1,GCTGGGCCGCTGTAGGACGT,0,1300968
furpa,0.5,1,1,GCTGGCTTACGATCACCTTG,0,1320647
furpa,0.5,1,1,GCTGGCCTCGAATCACTGGC,0,1302645
furpa,0.5,1,1,GCTGGCCTCAGTTAAAATCG,0,1305655
furpa,0.5,1,1,GCTGCTGAAGTAGCACATAG,0,1285697
furpa,0.5,1,1,GCTGCGCTGATTGTGCTACA,0,1291049
furpa,0.5,1,1,GCTGCGCGCACCTGACCGCC,0,1301564
furpa,0.5,1,1,GCTGCGAGACCTAGTGGCTT,0,1331921
furpa,0.5,1,1,GCTGCCAGGGTGGGGACCTG,0,1275180
furpa,0.5,1,1,GCTGACGGGACTGCATGCAT,0,1310500
furpa,0.5,1,1,GCTGAAAGCACAGGTCCCCT,0,1276943
furpa,0.5,1,1,GCTCTTGAGGTAGAGGTTTT,0,1309197
furpa,0.5,1,1,GCTCTTCGTGCGGCATCTTC,0,1280146
furpa,0.5,1,1,GCTCTGTTAATGCTTCTGTG,0,1318595
furpa,0.5,1,1,GCTCTGGGCATGATGGTGCT,0,1308906
furpa,0.5,1,1,GCTCTCGGGTCCGTCTCATT,0,1317087
furpa,0.5,1,1,GCTCTCGCGATAGACGTGCC,0,1283545
furpa,0.5,1,1,GCTCGTTAGCGGCCCGTTTA,0,1354390
furpa,0.5,1,1,GCTCGGTTACGGTATCCATT,0,1299950
furpa,0.5,1,1,GCTCGCGTACGTCTGAACCT,0,1346958
furpa,0.5,1,1,GCTCGCGGACCCGGTTTTCT,0,1283877
furpa,0.5,1,1,GCTCGATAGGATGTGATTAA,0,1290726
furpa,0.5,1,1,GCTCGAAAGCGGCCGAAATA,0,1346001
furpa,0.5,1,1,GCTCCTACGCACTTGCCGAA,0,1305242
furpa,0.5,1,1,GCTCCCGTGCATGGTGGACA,0,1283314
furpa,0.5,1,1,GCTCCATGGATAAATGCCAC,0,1297948
furpa,0.5,1,1,GCTCAGTGAGTATTCATGGA,0,1324957
furpa,0.5,1,1,GCTCAAAGTACGTGACTTTA,0,1283848
furpa,0.5,1,1,GCTCAAACTGCAATATCACG,0,1350476
furpa,0.5,1,1,GCTATGCACCGACAGCTCGT,0,1290952
furpa,0.5,1,1,GCTAGGGCTCGGCCTGAAGG,0,1272145
furpa,0.5,1,1,GCTAGGATGTGAGCTGGGGA,0,1282518
furpa,0.5,1,1,GCTAGGAAGGACAGATCGGA,0,1334016
furpa,0.5,1,1,GCTAGCTATCGTCCGAGCTA,0,1277409
furpa,0.5,1,1,GCTAGCGGCTTACGTTTGAA,0,1289772
furpa,0.5,1,1,GCTAATAGCCGATAGGTTTC,0,1337380
furpa,0.5,1,1,GCTAAGTTGGAACAACTTCC,0,1331295
furpa,0.5,1,1,GCTAAGTGACGGGGTAATAA,0,1300478
furpa,0.5,1,1,GCTAACGAGCGATACCTTAT,0,1356361
furpa,0.5,1,1,GCTAAAGAGTCTGCGCATCT,0,1329304
furpa,0.5,1,1,GCGTTTAACGAACCCGCAGA,0,1289151
furpa,0.5,1,1,GCGTTCACTCCCGGGAACAT,0,1347834
furpa,0.5,1,1,GCGTTCAAATGTGTAATAAA,0,1275628
furpa,0.5,1,1,GCGTTAGTTTGTCCACGGCC,0,1314493
furpa,0.5,1,1,GCGTGTGCGTATGTGTAGTT,0,1308903
furpa,0.5,1,1,GCGTGTGAAGGGTGGCCTAT,0,1295791
furpa,0.5,1,1,GCGTGCTAATGGCCAGAGGC,0,1288357
furpa,0.5,1,1,GCGTGCACAGTAATCGTGTG,0,1307932
furpa,0.5,1,1,GCGTCTGAGTCTATATACAT,0,1334188
furpa,0.5,1,1,GCGTCTGAGCATGCTGATCT,0,1332304
furpa,0.5,1,1,GCGTCTCTAGCACAAAGCTG,0,1344152
furpa,0.5,1,1,GCGTCCGTAGAACGACTCTG,0,1295321
furpa,0.5,1,1,GCGTCATGGTGAAATATGCT,0,1350599
furpa,0.5,1,1,GCGTCACCCAAAATCGGGAG,0,1325900
furpa,0.5,1,1,GCGTAAGAGGCCGAGGAGAT,0,1286702
furpa,0.5,1,1,GCGGTTTTGGTGTCCACCGT,0,1306212
furpa,0.5,1,1,GCGGTTCCGAGTCTCCTGGC,0,1310133
furpa,0.5,1,1,GCGGTTATATTCATTTTGAG,0,1328828
furpa,0.5,1,1,GCGGTCCCGGTCCTTTGTCT,0,1330595
furpa,0.5,1,1,GCGGGTGTACCGCCAGAGCA,0,1356359
furpa,0.5,1,1,GCGGGTAGATCAGTAGTCCA,0,1311951
furpa,0.5,1,1,GCGGGGTTTGCCCAGGGCGA,0,1347061
furpa,0.5,1,1,GCGGGGGAATGGTGCCGGGT,0,1338083
furpa,0.5,1,1,GCGGGATGGCATCATGGTTG,0,1344887
furpa,0.5,1,1,GCGGCTAAGTTCTGGCGGTT,0,1330523
furpa,0.5,1,1,GCGGCCTCCTGCATGCGGAG,0,1291569
furpa,0.5,1,1,GCGGCCTCATTCAAGGTTCT,0,1307741
furpa,0.5,1,1,GCGGCCGTTGATTTAGGTTT,0,1334246
furpa,0.5,1,1,GCGGCCCTCTCCTGGGGTGA,0,1327111
furpa,0.5,1,1,GCGGCCCCGGTGGCTATTCA,0,1330736
furpa,0.5,1,1,GCGGCATGAGCCTAGTGGGA,0,1299530
furpa,0.5,1,1,GCGGCAGAGTATCGCACCTC,0,1307553
furpa,0.5,1,1,GCGGCAGACCGGTACCTTAT,0,1310900
furpa,0.5,1,1,GCGGCAAAAAGGTCGCTCCA,0,1299783
furpa,0.5,1,1,GCGGATGTCTGTTTAATACC,0,1324567
furpa,0.5,1,1,GCGGAACACGTTCTGATGTA,0,1303395
furpa,0.5,1,1,GCGCTTTTAAACGGAAAAGC,0,1272007
furpa,0.5,1,1,GCGCTGGCACGCTGCGCTGA,0,1279205
furpa,0.5,1,1,GCGCGTCTCCTAGAGGCAGG,0,1277513
furpa,0.5,1,1,GCGCGTCGACTTAAGTTCAC,0,1319905
furpa,0.5,1,1,GCGCGGAAATATCTCAGCGC,0,1349387
furpa,0.5,1,1,GCGCCCGCTGCCCCGCACCA,0,1303649
furpa,0.5,1,1,GCGCCACGATCTAGGGAAAG,0,1354403
furpa,0.5,1,1,GCGCATAGACGTACATCAAT,0,1299130
furpa,0.5,1,1,GCGCAGTTGTACGTCAACGT,0,1283704
furpa,0.5,1,1,GCGCAGCGTCCCGTAGGGTA,0,1306981
furpa,0.5,1,1,GCGCACCATTAATTGCGTGT,0,1273919
furpa,0.5,1,1,GCGCAACTCCTGCGGTGTGA,0,1313642
furpa,0.5,1,1,GCGCAAACAGTAAATACCGC,0,1348035
furpa,0.5,1,1,GCGATTTAAATGGCACTAAA,0,1275194
furpa,0.5,1,1,GCGATTCACAATCCCCGGAC,0,1320788
furpa,0.5,1,1,GCGATCGCGCCATTTGCGCA,0,1287955
furpa,0.5,1,1,GCGATCCTTCTTAATGGCAA,0,1296591
furpa,0.5,1,1,GCGATAGTTTTTTCCATTAA,0,1275648
furpa,0.5,1,1,GCGATACTGCTCTGGATTAT,0,1284262
furpa,0.5,1,1,GCGAGTTAGGTGTATTTGCC,0,1291230
furpa,0.5,1,1,GCGAGATACTCAGGTCTTGT,0,1353388
furpa,0.5,1,1,GCGAGAGTAGCACACAGGAA,0,1293769
furpa,0.5,1,1,GCGAGACACCAAGGGTGTCA,0,1304796
furpa,0.5,1,1,GCGACTTGTGTTATGGAGTT,0,1293370
furpa,0.5,1,1,GCGACTTATACGATGGCCTT,0,1308593
furpa,0.5,1,1,GCGACTATCACGTGTTCTCT,0,1271925
furpa,0.5,1,1,GCGACTACGCGTGGCGTCCA,0,1278309
furpa,0.5,1,1,GCGACCATTGATCTGCGGCT,0,1292261
furpa,0.5,1,1,GCGAATTGACCCGACTTGGG,0,1333597
furpa,0.5,1,1,GCGAATGACGTCCACCTCGA,0,1351766
furpa,0.5,1,1,GCGAATAAGGATGATTCCAG,0,1349658
furpa,0.5,1,1,GCGAACGCTGCGACAGGTCG,0,1351653
furpa,0.5,1,1,GCGAAATCCGGTGCGTCAAA,0,1305688
furpa,0.5,1,1,GCGAAACTCGGAGCGCAATA,0,1284138
furpa,0.5,1,1,GCGAAAATAGCGCCGCGTTG,0,1344320
furpa,0.5,1,1,GCCTTTCGGGGTGGGGTATT,0,1292231
furpa,0.5,1,1,GCCTTTCGATTAGATGCGGC,0,1311703
furpa,0.5,1,1,GCCTTTACGATCCGCATAAT,0,1293397
furpa,0.5,1,1,GCCTTGTGGCCGAGGCGGCC,0,1316094
furpa,0.5,1,1,GCCTTGCCAATAAGGGGAAA,0,1309106
furpa,0.5,1,1,GCCTTCCACCATAATAACGG,0,1281586
furpa,0.5,1,1,GCCTTAACAGCAAACCAACT,0,1315535
furpa,0.5,1,1,GCCTGGCGAACAAAAGCCCA,0,1334805
furpa,0.5,1,1,GCCTGCGTATGACGTTCCAG,0,1284564
furpa,0.5,1,1,GCCTGAACTGCACTGTAAGT,0,1354261
furpa,0.5,1,1,GCCTATGACTTCTATTGTAT,0,1326023
furpa,0.5,1,1,GCCTAGCGCAAACCGTCGTT,0,1352550
furpa,0.5,1,1,GCCTACTGATAAGTTCAGGT,0,1305923
furpa,0.5,1,1,GCCTACGCAGGCGGATGCTT,0,1342699
furpa,0.5,1,1,GCCTAATGCTCCCGCTCATA,0,1296063
furpa,0.5,1,1,GCCTAATGATAGGGAGGCGA,0,1340832
furpa,0.5,1,1,GCCGTTGCACTGATTCCCCT,0,1316468
furpa,0.5,1,1,GCCGTTCCTCGTCGTGTTTG,0,1303823
furpa,0.5,1,1,GCCGTTAATAGCGCTGCTGT,0,1331600
furpa,0.5,1,1,GCCGTGGCGAGCCCGACATG,0,1276899
furpa,0.5,1,1,GCCGTCTATGGTGCCACATC,0,1315667
furpa,0.5,1,1,GCCGTATTATGGGCTCAAAC,0,1333681
furpa,0.5,1,1,GCCGGTGAAGTATCAGAGCG,0,1329380
furpa,0.5,1,1,GCCGGTCCTATGGTTGGATA,0,1275378
furpa,0.5,1,1,GCCGGCTCCCTTGTGGTAAA,0,1295078
furpa,0.5,1,1,GCCGGCGCTACATCTAAAAT,0,1300338
furpa,0.5,1,1,GCCGGACTAGCGTATTTGCG,0,1291079
furpa,0.5,1,1,GCCGGAAATCGGGCTTAGTG,0,1338176
furpa,0.5,1,1,GCCGCCATGGCCAATAGGCC,0,1323958
furpa,0.5,1,1,GCCGAGATTTAAAGATACTG,0,1292161
furpa,0.5,1,1,GCCGACTGTAACGCGCCCGG,0,1309710
furpa,0.5,1,1,GCCGAATACGTGCTTCAAGC,0,1275652
furpa,0.5,1,1,GCCCTTTAATAATGTTTGTG,0,1281758
furpa,0.5,1,1,GCCCTTGGACCGTCACTTTT,0,1325712
furpa,0.5,1,1,GCCCTGAGCTTTCTCTCTTC,0,1301835
furpa,0.5,1,1,GCCCTCTAACGCGTCACAAT,0,1353434
furpa,0.5,1,1,GCCCTACGGCGAGTAAAGGT,0,1293552
furpa,0.5,1,1,GCCCGTCCACGTAGCTACCT,0,1348916
furpa,0.5,1,1,GCCCCTATATTTTGCGAATG,0,1305457
furpa,0.5,1,1,GCCCCAGTGTAATCCGTAAT,0,1297478
furpa,0.5,1,1,GCCCATCTTGGGCGCGATTA,0,1293135
furpa,0.5,1,1,GCCCAATTGACGTGTACAGG,0,1298378
furpa,0.5,1,1,GCCCAATGGGGGTCCTCCTT,0,1327326
furpa,0.5,1,1,GCCCAAGTGGCGATAAGCAT,0,1314763
furpa,0.5,1,1,GCCATGGGACTTTAACCGTA,0,1277336
furpa,0.5,1,1,GCCATGAAATCTTTATTTCT,0,1332906
furpa,0.5,1,1,GCCATATTAAATCGCCTCTT,0,1292281
furpa,0.5,1,1,GCCATATGTTCATGGCAGAG,0,1330592
furpa,0.5,1,1,GCCAGTTGAAGTTATGGTAG,0,1319774
furpa,0.5,1,1,GCCAGTGGTGGCTCGGTTTC,0,1299354
furpa,0.5,1,1,GCCAGTGATTGGGGGTCCGT,0,1317080
furpa,0.5,1,1,GCCAGGCTGCGTCTGTCTTA,0,1300472
furpa,0.5,1,1,GCCAGCTGGAAGGGGACGAC,0,1286366
furpa,0.5,1,1,GCCACGGTACGGATTGCCCA,0,1295472
furpa,0.5,1,1,GCCACGCATCACGTGAGGTA,0,1289441
furpa,0.5,1,1,GCCAAGGTTCATGCAAGACC,0,1274319
furpa,0.5,1,1,GCCAACGTTTCTCCTAGCAA,0,1354646
furpa,0.5,1,1,GCCAAATAAGAGTTCTCCGC,0,1357622
furpa,0.5,1,1,GCCAAACGGCATGTGCGTAC,0,1314131
furpa,0.5,1,1,GCATTTTGCGAACTCGCAAA,0,1334852
furpa,0.5,1,1,GCATTGCTCATTATAAAGAA,0,1347131
furpa,0.5,1,1,GCATTGACAGATGAAGTGTC,0,1340014
furpa,0.5,1,1,GCATTAGCAATTATTCGATT,0,1340110
furpa,0.5,1,1,GCATTACACGCTGGGGTAAG,0,1328609
furpa,0.5,1,1,GCATGTAATCACGCGACCTC,0,1343824
furpa,0.5,1,1,GCATGGGAGAGGTCCTAGCA,0,1323820
furpa,0.5,1,1,GCATGGCCAAACATACTCTC,0,1324671
furpa,0.5,1,1,GCATGATACTTCCATGGGGA,0,1315920
furpa,0.5,1,1,GCATGAGACCGAGAGGAGAG,0,1299907
furpa,0.5,1,1,GCATGACTTATGGCTGTGGC,0,1282627
furpa,0.5,1,1,GCATCTGTCTCGGATCGTAC,0,1343192
furpa,0.5,1,1,GCATCTGGCCAGTGATGGGA,0,1318864
furpa,0.5,1,1,GCATCTATAAGAAGGCATGT,0,1316900
furpa,0.5,1,1,GCATCGCGACCTGTCCAGCA,0,1305262
furpa,0.5,1,1,GCATCCTAAATGTTATTGGC,0,1285693
furpa,0.5,1,1,GCATCCGATCTTCCCATCCG,0,1277405
furpa,0.5,1,1,GCATCATGCGAGGTCACTTC,0,1334399
furpa,0.5,1,1,GCATATCGGCGGACCCCCTA,0,1296816
furpa,0.5,1,1,GCATATCCCTCGCTCAGTTT,0,1337294
furpa,0.5,1,1,GCATATATGGGACTCTACTG,0,1291282
furpa,0.5,1,1,GCATAGTTTAAGTAATAGGA,0,1289172
furpa,0.5,1,1,GCATAGTGCGAGCGGTTACG,0,1321704
furpa,0.5,1,1,GCATAGCCTGATCTAGTAAC,0,1283790
furpa,0.5,1,1,GCATAAGATTGGATGTCATT,0,1289105
furpa,0.5,1,1,GCAGTTCATAGCGGAGAAGT,0,1274068
furpa,0.5,1,1,GCAGTTAAAGACCAGTCAAG,0,1286286
furpa,0.5,1,1,GCAGTGCGTACTTCCCTGGC,0,1331518
furpa,0.5,1,1,GCAGTCACAATGCATCTCAG,0,1279415
furpa,0.5,1,1,GCAGTAGTGTGCGGATGTTA,0,1284552
furpa,0.5,1,1,GCAGGGTTATCGCAGACACC,0,1287050
furpa,0.5,1,1,GCAGGGTGTCCCGTGCATTT,0,1331642
furpa,0.5,1,1,GCAGGGCCAGTCATATATTT,0,1346365
furpa,0.5,1,1,GCAGGGATGACATAGGACTC,0,1288016
furpa,0.5,1,1,GCAGGGACCGTGTCCGTGTC,0,1337717
furpa,0.5,1,1,GCAGGATTCGCCCAACGAGA,0,1344899
furpa,0.5,1,1,GCAGGATTACAACGTAAATT,0,1289401
furpa,0.5,1,1,GCAGCTAGCTTAGGCGGTTT,0,1331933
furpa,0.5,1,1,GCAGCGGGCTGGGGTCATGT,0,1328292
furpa,0.5,1,1,GCAGCGGAGGTTCGTTTTCC,0,1354688
furpa,0.5,1,1,GCAGCGATCCCATCTCGTTC,0,1355628
furpa,0.5,1,1,GCAGCCGTAAAGCAGCCAGA,0,1331075
furpa,0.5,1,1,GCAGCCATCTTTTATGTTCC,0,1294749
furpa,0.5,1,1,GCAGATCAATCCTGATGTTT,0,1345687
furpa,0.5,1,1,GCAGAGCCGGCAACAGGGGG,0,1297593
furpa,0.5,1,1,GCAGACAGGTCGTCCGGTCC,0,1308559
furpa,0.5,1,1,GCACTTATATGCTCTGCACA,0,1279280
furpa,0.5,1,1,GCACTCAAAAAGGTAGTGAA,0,1272203
furpa,0.5,1,1,GCACTACTATCGCTTCATTG,0,1284257
furpa,0.5,1,1,GCACTAAAAAGAGTGCGCTG,0,1334873
furpa,0.5,1,1,GCACGTTCCATTTGGGGGTC,0,1324362
furpa,0.5,1,1,GCACGTCGTGGGTAGCTAAT,0,1288477
furpa,0.5,1,1,GCACGGGAGGGGACATCCTA,0,1296128
furpa,0.5,1,1,GCACGGCGATCGGAGTTCGT,0,1299926
furpa,0.5,1,1,GCACGGCGAGTACATTATTA,0,1277415
furpa,0.5,1,1,GCACGGAGATGTGTTGAGTC,0,1330333
furpa,0.5,1,1,GCACGCCGACCTAAGTGTGC,0,1345722
furpa,0.5,1,1,GCACGCACACCCGATGTTGC,0,1343925
furpa,0.5,1,1,GCACGATTACAGGTTGACAG,0,1315323
furpa,0.5,1,1,GCACGATGGTCCCTATAGGA,0,1279307
furpa,0.5,1,1,GCACGAGCATGACTACAGAC,0,1339602
furpa,0.5,1,1,GCACGACTATCGGGATCCAC,0,1308977
furpa,0.5,1,1,GCACGAAGAGGCGGACATCT,0,1340113
furpa,0.5,1,1,GCACGAACACTTGGAGCGAG,0,1276057
furpa,0.5,1,1,GCACGAAATAGCAACTCGGA,0,1329728
furpa,0.5,1,1,GCACCTTTCACATAGGACCA,0,1319206
furpa,0.5,1,1,GCACCTACATACACTGTAAA,0,1341530
furpa,0.5,1,1,GCACCCGTACAGCGACTAAT,0,1295834
furpa,0.5,1,1,GCACCCGCCAAATTATTGAA,0,1349299
furpa,0.5,1,1,GCACCCCGTCTGTCAAGTAA,0,1352855
furpa,0.5,1,1,GCACCCATAGATCGTAAGGC,0,1284006
furpa,0.5,1,1,GCACATGCACTAGCCTGAGG,0,1292587
furpa,0.5,1,1,GCACATCGGGTACAGCTCGC,0,1303600
furpa,0.5,1,1,GCACAGTTTAAATGGGCTGA,0,1313280
furpa,0.5,1,1,GCACAAAAGAAACTTAAGTC,0,1340070
furpa,0.5,1,1,GCAATCTCTCAGTCCTTCTT,0,1272654
furpa,0.5,1,1,GCAATCCTAAGTGCTTCGGT,0,1287746
furpa,0.5,1,1,GCAAGCCGCCGTATGTAATA,0,1308566
furpa,0.5,1,1,GCAAGACAGGTAGACAAGAA,0,1308866
furpa,0.5,1,1,GCAACTCGATACACCTCGGG,0,1350413
furpa,0.5,1,1,GCAACTCCGTGGCAAGTGAA,0,1288831
furpa,0.5,1,1,GCAACTCAGATGCCCGGGAG,0,1298207
furpa,0.5,1,1,GCAACTAACTACGTTCACAT,0,1290874
furpa,0.5,1,1,GCAACCTAGCCGGTAGAGAG,0,1349223
furpa,0.5,1,1,GCAACCGGACATCGGAAATG,0,1302731
furpa,0.5,1,1,GCAACCGATGCACCTAACAC,0,1318735
furpa,0.5,1,1,GCAAAGAATTCTAGTGAATC,0,1303196
furpa,0.5,1,1,GCAAACTCTGTACTACCGTT,0,1350403
furpa,0.5,1,1,GCAAACCGGCACGTTGATAA,0,1313643
furpa,0.5,1,1,GCAAAAGTGTACTAAGCAGG,0,1324230
furpa,0.5,1,1,GCAAAACTTTTAATTCGTGC,0,1310301
furpa,0.5,1,1,GATTTGCAGAGTCGCGATTA,0,1291803
furpa,0.5,1,1,GATTTGACGTTTTCAGATGG,0,1320272
furpa,0.5,1,1,GATTCGTGCAGCTATCTGAT,0,1314404
furpa,0.5,1,1,GATTACTCGCCTTAAGTTCA,0,1311518
furpa,0.5,1,1,GATTACGATAGCCAAAAGTC,0,1343747
furpa,0.5,1,1,GATTACACAGGACCTCTTGC,0,1297041
furpa,0.5,1,1,GATTAAGTTACACCCTGCAG,0,1289216
furpa,0.5,1,1,GATGTTTATGAAATACTCAT,0,1301378
furpa,0.5,1,1,GATGGTGGGAGGGTATATCA,0,1273872
furpa,0.5,1,1,GATGGGGGGTCTGGGTCACT,0,1314124
furpa,0.5,1,1,GATGGCAGGACCCTACAATG,0,1351020
furpa,0.5,1,1,GATGCTGTAGGTCTCCTGAG,0,1282970
furpa,0.5,1,1,GATGCTCAAGAGCCAACGAA,0,1345802
furpa,0.5,1,1,GATGCGTGCGTGCTGTGAAT,0,1278129
furpa,0.5,1,1,GATGCCGGTCAGGACCACGC,0,1275135
furpa,0.5,1,1,GATGCAGGTATTTATAGAAG,0,1332778
furpa,0.5,1,1,GATGAGGGTCGCTTCGAGCA,0,1354864
furpa,0.5,1,1,GATGAGACACCCCACACTAC,0,1354844
furpa,0.5,1,1,GATGAACATAGCCCGACACC,0,1319832
furpa,0.5,1,1,GATGAAAGGGAAGGTGCTTT,0,1335114
furpa,0.5,1,1,GATCTTTCAAGGGCCTTTCT,0,1290403
furpa,0.5,1,1,GATCTGCATGCGGCAGATGT,0,1343532
furpa,0.5,1,1,GATCTGATATATTCCCGAGG,0,1282460
furpa,0.5,1,1,GATCTCGCGGGGAAATGAAT,0,1346476
furpa,0.5,1,1,GATCTATCTCACGAATCTGG,0,1299675
furpa,0.5,1,1,GATCTACGAAGTCTTTGCTT,0,1328035
furpa,0.5,1,1,GATCGTAAGTTCACCCTGCA,0,1299722
furpa,0.5,1,1,GATCCTGTCCTGCGCATCAG,0,1337360
furpa,0.5,1,1,GATCCGTAGAGGACATTGAC,0,1301515
furpa,0.5,1,1,GATCCGACCGCTCGTAAGCC,0,1342059
furpa,0.5,1,1,GATCCAGTGGTACGAGGGAA,0,1331985
furpa,0.5,1,1,GATCCAGTATCCAGCTGTAC,0,1340822
furpa,0.5,1,1,GATCACTATTCGCCGTCTGG,0,1297117
furpa,0.5,1,1,GATCAATCACCTATCTGCGT,0,1321519
furpa,0.5,1,1,GATATTTGACCTTAGACATA,0,1284248
furpa,0.5,1,1,GATATGCGGCTTCTTTCTAC,0,1352320
furpa,0.5,1,1,GATATGATGCGGTTTAAGGT,0,1295867
furpa,0.5,1,1,GATATAACAGGTGCTTCGAT,0,1279033
furpa,0.5,1,1,GATAGTTAAGGCGTCTACTG,0,1328049
furpa,0.5,1,1,GATAGTCCACCAGCGGATCT,0,1331070
furpa,0.5,1,1,GATAGAATGGAATAGTTCCC,0,1294516
furpa,0.5,1,1,GATACGTCGCCGTCGTTGAG,0,1307220
furpa,0.5,1,1,GATACGCGGCTGGCAAGCTT,0,1347722
furpa,0.5,1,1,GATACGCCGCAGCTTCAACA,0,1304499
furpa,0.5,1,1,GATACCTTACAACTATCCTT,0,1343705
furpa,0.5,1,1,GATACCTACCGGGCAGCCAA,0,1331335
furpa,0.5,1,1,GATACCGGGCTCATAAATCA,0,1283498
furpa,0.5,1,1,GATAAGTTACTTAGTACTAT,0,1303190
furpa,0.5,1,1,GATAACTGAGATACGGATTG,0,1326623
furpa,0.5,1,1,GAGTTGACTTTCATCTTAAC,0,1341179
furpa,0.5,1,1,GAGTTATTGTTAGGGCGAGG,0,1357162
furpa,0.5,1,1,GAGTGTGGTCGCGATACCGT,0,1323749
furpa,0.5,1,1,GAGTGGCCTGCTTGTGACCC,0,1344610
furpa,0.5,1,1,GAGTGACCAAGATCTTAAAT,0,1316062
furpa,0.5,1,1,GAGTCTGCGCCCCTTCTTAT,0,1350052
furpa,0.5,1,1,GAGTCATTTAGGGCCGCGAT,0,1297908
furpa,0.5,1,1,GAGTATAGTCTTCTATAAAG,0,1277428
furpa,0.5,1,1,GAGTAGGCTTCAACTGCTTG,0,1338579
furpa,0.5,1,1,GAGTACCGGCGCGGAACTCT,0,1278598
furpa,0.5,1,1,GAGGTGTGGCGACATATGTC,0,1276613
furpa,0.5,1,1,GAGGTGTCGCATGGCGACGG,0,1304250
furpa,0.5,1,1,GAGGTGAATCCCAGTTCGGC,0,1304509
furpa,0.5,1,1,GAGGTCGTCAAAGTCGATCA,0,1287927
furpa,0.5,1,1,GAGGTATCCACGACATCGAA,0,1313723
furpa,0.5,1,1,GAGGGGGCCAACTCACCTAG,0,1308355
furpa,0.5,1,1,GAGGGCGTCCTAGGTAAAGT,0,1347362
furpa,0.5,1,1,GAGGGCAGCGACTCCCTCCA,0,1274340
furpa,0.5,1,1,GAGGGATTAAAGGCTAGGTA,0,1322802
furpa,0.5,1,1,GAGGGAGCCGCTTCGGCTGA,0,1356826
furpa,0.5,1,1,GAGGGACATAATGGAATTTG,0,1279665
furpa,0.5,1,1,GAGGCTCCTATACGGATCTG,0,1284172
furpa,0.5,1,1,GAGGCTCCACGTAAATGGTA,0,1280838
furpa,0.5,1,1,GAGGCGTGACGGATCTATTC,0,1323219
furpa,0.5,1,1,GAGGCGTAACATCATGCTGG,0,1279659
furpa,0.5,1,1,GAGGATTCGCCCCGAAGTAC,0,1277505
furpa,0.5,1,1,GAGGATCGTGGTTCCAGGAT,0,1316404
furpa,0.5,1,1,GAGGATACGACCTAATGTAA,0,1294207
furpa,0.5,1,1,GAGGACGAACTGGTTATCAT,0,1344145
furpa,0.5,1,1,GAGGACAGCAACAAGGGTTA,0,1326358
furpa,0.5,1,1,GAGCTGTTGTTCATTGATTA,0,1304763
furpa,0.5,1,1,GAGCTCGTTACCTTGTGAAA,0,1298782
furpa,0.5,1,1,GAGCGTAAGGCAATCCACTT,0,1321092
furpa,0.5,1,1,GAGCGGTGTGGCTGAATTAA,0,1322911
furpa,0.5,1,1,GAGCGGCAGCCGTAGAAAAC,0,1291942
furpa,0.5,1,1,GAGCGAGAATTCCGGCGGCA,0,1297669
furpa,0.5,1,1,GAGCCCCGCATAATTGCTTC,0,1325290
furpa,0.5,1,1,GAGCCCCCAAATAGGGTTTA,0,1328645
furpa,0.5,1,1,GAGCCCACAGAGTTCACGTT,0,1294331
furpa,0.5,1,1,GAGCATTACAACTGAGCCCT,0,1303815
furpa,0.5,1,1,GAGCACGGTCTGGTGATTCA,0,1320502
furpa,0.5,1,1,GAGATTTTGGATGGTAGACA,0,1349067
furpa,0.5,1,1,GAGATTCGGGGCAGAATTAG,0,1289919
furpa,0.5,1,1,GAGATTCAATTTGCGCTCAT,0,1302929
furpa,0.5,1,1,GAGATCTATTTTTGACATTT,0,1336516
furpa,0.5,1,1,GAGATCATAGAGCGCTGGGA,0,1357311
furpa,0.5,1,1,GAGATAGATCCGCGGGAGAG,0,1299613
furpa,0.5,1,1,GAGATACAGAGTCGGTTCTA,0,1324762
furpa,0.5,1,1,GAGAGGCTAGGAGCTCTCCT,0,1309613
furpa,0.5,1,1,GAGAGAACAAGTACCTCGAG,0,1328925
furpa,0.5,1,1,GAGACTGGCCTATACGAATC,0,1327324
furpa,0.5,1,1,GAGACTAGATCTGATCTCTA,0,1283708
furpa,0.5,1,1,GAGACTAAGCTTGGTTTTTC,0,1303861
furpa,0.5,1,1,GAGACATCGCGCTGTCCAGG,0,1308775
furpa,0.5,1,1,GAGACATAAGGGGGATGATA,0,1314625
furpa,0.5,1,1,GAGACAGGAATTCCGGAGTT,0,1330856
furpa,0.5,1,1,GAGAATGTCGATTACTTGAT,0,1339703
furpa,0.5,1,1,GAGAATGAAACTACCAGGGC,0,1328289
furpa,0.5,1,1,GAGAATCAGATACTTAGGCA,0,1345863
furpa,0.5,1,1,GAGAATAAATAACTGTAAGC,0,1307043
furpa,0.5,1,1,GAGAACGGTCTCCAGGTGGT,0,1308644
furpa,0.5,1,1,GAGAACCTCGCCCGGGCCGG,0,1273151
furpa,0.5,1,1,GAGAAATTGGAGAAGGACCA,0,1337788
furpa,0.5,1,1,GACTTTCCGTTATTTTCGGA,0,1275355
furpa,0.5,1,1,GACTTGGACGTTTGGACGAG,0,1341489
furpa,0.5,1,1,GACTTCGTGTCGACATGTGA,0,1327898
furpa,0.5,1,1,GACTTCAGATTTACTTATTA,0,1311952
furpa,0.5,1,1,GACTTATGTGATTAAGCGTG,0,1275584
furpa,0.5,1,1,GACTTAATTTCTAGACCAAC,0,1342190
furpa,0.5,1,1,GACTTAAACCTGCGTCGGGG,0,1339040
furpa,0.5,1,1,GACTGTCTGGAGCGCATAAA,0,1310841
furpa,0.5,1,1,GACTGTCTACTGGTCGTCAG,0,1292011
furpa,0.5,1,1,GACTGTCCAACTACGTGACA,0,1327296
furpa,0.5,1,1,GACTGCTTATGCTGCGGAAG,0,1334939
furpa,0.5,1,1,GACTCTCGGCGGCCGAACTT,0,1309129
furpa,0.5,1,1,GACTCTCGAGGGTTGGCTAT,0,1306748
furpa,0.5,1,1,GACTCGTTACCAGGCGAGCG,0,1276989
furpa,0.5,1,1,GACTATCTACGTGTTTTTCT,0,1287530
furpa,0.5,1,1,GACTATCCCGCTTGGAAGGA,0,1336840
furpa,0.5,1,1,GACTATCCAGGGTTCAGGAT,0,1322730
furpa,0.5,1,1,GACTAGCAACACTTATGTAA,0,1272901
furpa,0.5,1,1,GACTACGGACGTGATAGTAT,0,1354738
furpa,0.5,1,1,GACTACAGGGTTACTCTAAA,0,1307523
furpa,0.5,1,1,GACTAAGGAAAGGGCCTCTG,0,1271181
furpa,0.5,1,1,GACTAACAATGGACAAGGAA,0,1284882
furpa,0.5,1,1,GACGGTGGCGGTGCGACGGC,0,1316819
furpa,0.5,1,1,GACGGTATGTACGGCCAGTT,0,1300190
furpa,0.5,1,1,GACGGGCTCCGCCAGATCCA,0,1322562
furpa,0.5,1,1,GACGGGAGCCGAACCCTTAA,0,1355425
furpa,0.5,1,1,GACGGGAATTCGGCTACTCA,0,1333292
furpa,0.5,1,1,GACGGCGAGCCATGGTTATC,0,1313387
furpa,0.5,1,1,GACGGACCCTGCCCTGACGG,0,1346561
furpa,0.5,1,1,GACGCTGCTATATCTTGGGT,0,1342845
furpa,0.5,1,1,GACGCTAGGGATGACTGCCA,0,1321684
furpa,0.5,1,1,GACGAGTAAGTGTTATTGCA,0,1324536
furpa,0.5,1,1,GACGAGAATTTGGACGGTAT,0,1290782
furpa,0.5,1,1,GACGAAATGCTCCCGTAACG,0,1341899
furpa,0.5,1,1,GACCTGGACAAAACCTCACA,0,1293575
furpa,0.5,1,1,GACCTCACTATGGCATAGAG,0,1273242
furpa,0.5,1,1,GACCGTCTGTACGGGCTTGT,0,1275599
furpa,0.5,1,1,GACCGGTTCTTTCCTCGTCT,0,1278264
furpa,0.5,1,1,GACCGAGTATGCTAGTGTAA,0,1350505
furpa,0.5,1,1,GACCCTGCCACCTGATGCCC,0,1353135
furpa,0.5,1,1,GACCCTCTAACCCGAATAGG,0,1338463
furpa,0.5,1,1,GACCCACTATGTGACTCCGG,0,1349846
furpa,0.5,1,1,GACCATTACAAAAGCTCGGT,0,1350056
furpa,0.5,1,1,GACCACCTTCGTCGAATGAC,0,1306810
furpa,0.5,1,1,GACATGCTTCGCGAAGCTTG,0,1356854
furpa,0.5,1,1,GACATCCCGTCTCAATTCAG,0,1303566
furpa,0.5,1,1,GACATCACACGCGAGATATT,0,1271425
furpa,0.5,1,1,GACAGCCTCAACGGTATCTA,0,1314208
furpa,0.5,1,1,GACAGCCCATGTACCGTGCT,0,1297492
furpa,0.5,1,1,GACAGAATACCCTTGGTTGC,0,1336133
furpa,0.5,1,1,GACAAACTACAACTCAACCC,0,1304905
furpa,0.5,1,1,GAATTGTTGACTGGGCCCTG,0,1279786
furpa,0.5,1,1,GAATTGGCGTGGACATCACC,0,1282538
furpa,0.5,1,1,GAATTGGACTGGACTCCTAT,0,1355811
furpa,0.5,1,1,GAATTCTCGGTCGCAGATGG,0,1289837
furpa,0.5,1,1,GAATTCAGAACTGATGCGTT,0,1342468
furpa,0.5,1,1,GAATGTTTGAAGGTTTCGAC,0,1308371
furpa,0.5,1,1,GAATGTTCGGGTCTGAAGAG,0,1309396
furpa,0.5,1,1,GAATGGCTGTATTAGATCCC,0,1302204
furpa,0.5,1,1,GAATGGATATGGTGTGATAA,0,1288868
furpa,0.5,1,1,GAATGCATGTCGATAAAGAT,0,1347734
furpa,0.5,1,1,GAATCGTCACCGACCTCTGG,0,1354855
furpa,0.5,1,1,GAATCCGTATGCCATTACCG,0,1306598
furpa,0.5,1,1,GAATCCATGATGGGCAATTT,0,1280970
furpa,0.5,1,1,GAATATTGAGGACAGCACCA,0,1290991
furpa,0.5,1,1,GAATAGGCCTTTTCGGTCCT,0,1338102
furpa,0.5,1,1,GAAGTTTTAAATTGCGATGG,0,1323879
furpa,0.5,1,1,GAAGTTCGAGTGCACTCCGT,0,1314755
furpa,0.5,1,1,GAAGTTCCATCTGTATCTTC,0,1284883
furpa,0.5,1,1,GAAGTCCTATGCGCCTTCCA,0,1329487
furpa,0.5,1,1,GAAGTCAAGGCGGCCCGAGA,0,1286817
furpa,0.5,1,1,GAAGTAGAAGCTTCTAGTCC,0,1292523
furpa,0.5,1,1,GAAGGTTACCGGTATTAGGA,0,1322481
furpa,0.5,1,1,GAAGGTAACTTTTTCAGGTT,0,1294224
furpa,0.5,1,1,GAAGGGTTCTCATAGCTGTT,0,1321685
furpa,0.5,1,1,GAAGGCTCCGTGTTAAGCCA,0,1351109
furpa,0.5,1,1,GAAGCTCTCTCGTAACTCCA,0,1340330
furpa,0.5,1,1,GAAGCTCGTGTGAGTCTTAA,0,1314456
furpa,0.5,1,1,GAAGCCAGCTCCCCTTAATG,0,1316828
furpa,0.5,1,1,GAAGCATCGGAAATATAAGA,0,1304378
furpa,0.5,1,1,GAAGCATATTTATCAGGTGT,0,1330000
furpa,0.5,1,1,GAAGCACATTCTCTAAAGTT,0,1281180
furpa,0.5,1,1,GAAGATCAGCGGTATTGCGA,0,1275105
furpa,0.5,1,1,GAAGAGCTTACGATTAGAGA,0,1338439
furpa,0.5,1,1,GAAGACTTAAATGGGCGCGA,0,1317849
furpa,0.5,1,1,GAAGACATTCTCGCGACACT,0,1326686
furpa,0.5,1,1,GAAGAAGGCTTGGTAGCATA,0,1280393
furpa,0.5,1,1,GAAGAAGGCCACACACTGTC,0,1350614
furpa,0.5,1,1,GAAGAAGACCGGAATCAAGC,0,1338220
furpa,0.5,1,1,GAACTACCAGAGTCTCCATC,0,1332718
furpa,0.5,1,1,GAACTAAACATGTATAGAGG,0,1316324
furpa,0.5,1,1,GAACGTCCAAGATGCAGCCG,0,1298229
furpa,0.5,1,1,GAACGGAATCGCCCATGTAG,0,1308479
furpa,0.5,1,1,GAACGCCCGACTCAAGGTAA,0,1342074
furpa,0.5,1,1,GAACGCCCATTGTTATGTCA,0,1340712
furpa,0.5,1,1,GAACGAGTGTTGCTGTTGGG,0,1285361
furpa,0.5,1,1,GAACGACCAGTGCATTTGAG,0,1309991
furpa,0.5,1,1,GAACCTTGTCCACTCCATTA,0,1311576
furpa,0.5,1,1,GAACCCGGTTCAAGCAAGGT,0,1346019
furpa,0.5,1,1,GAACCCGCGAACGTTAACGG,0,1290674
furpa,0.5,1,1,GAACCATTCGTAATCTCGAA,0,1334537
furpa,0.5,1,1,GAACATGTGCCGTCACTCGC,0,1287507
furpa,0.5,1,1,GAACATACATCGTGAAGCGA,0,1311523
furpa,0.5,1,1,GAACACGGCTGGCCTCGATA,0,1344544
furpa,0.5,1,1,GAACACCCCTGTAGGCCCTA,0,1294789
furpa,0.5,1,1,GAACACCAGCAAGGGGAGGC,0,1275305
furpa,0.5,1,1,GAAATTAACCCCCCCTCACA,0,1333525
furpa,0.5,1,1,GAAATGCTCCAGGGGCGGAC,0,1341079
furpa,0.5,1,1,GAAAGGTTGCATTCACCGTG,0,1340639
furpa,0.5,1,1,GAAAGCTAACCCTCTCCATC,0,1332970
furpa,0.5,1,1,GAAAGAGATCGGATGTTTGT,0,1350442
furpa,0.5,1,1,GAAACTCGGGAAGATCTGTA,0,1349257
furpa,0.5,1,1,GAAACGGTACCAAGCTCCTA,0,1300121
furpa,0.5,1,1,GAAACCGGTTACCAAATCAT,0,1286214
furpa,0.5,1,1,GAAAACTCTGTTTATTGTTG,0,1342701
furpa,0.5,1,1,GAAAACTACCCACGCTGAAT,0,1305048
furpa,0.5,1,1,GAAAACATGGTGCGCAAGGT,0,1334692
furpa,0.5,1,1,GAAAAATAACCAGATTCAGT,0,1333140
furpa,0.5,1,1,GAAAAAGGAGTCTCTTTGAT,0,1301424
furpa,0.5,1,1,CTTTTTCTAATCACGACAGG,0,1352129
furpa,0.5,1,1,CTTTTTAAACCCTGTTTTAG,0,1278768
furpa,0.5,1,1,CTTTTCCAAATCCAAAACTG,0,1350187
furpa,0.5,1,1,CTTTGGTCTCTGCTATTGTT,0,1347741
furpa,0.5,1,1,CTTTGGGGCATTACGTGGGG,0,1348676
furpa,0.5,1,1,CTTTGATCCATGTTTGCCGG,0,1333957
furpa,0.5,1,1,CTTTCTATCTTCATTAGAGC,0,1287660
furpa,0.5,1,1,CTTTCCACAATCACTGGGAT,0,1350410
furpa,0.5,1,1,CTTTCATGTTAAACGTTTGC,0,1279954
furpa,0.5,1,1,CTTTCAAACTCGATTCATAG,0,1344281
furpa,0.5,1,1,CTTTATATAGGTTCAATTGC,0,1295058
furpa,0.5,1,1,CTTTAGTGGGGGGGTTCAAC,0,1348094
furpa,0.5,1,1,CTTTAGGTATACAAAAATAC,0,1325325
furpa,0.5,1,1,CTTTAGACTAGCTTTACCCC,0,1286267
furpa,0.5,1,1,CTTTACCTCTGCACGTGTTA,0,1347905
furpa,0.5,1,1,CTTTAAGACTTAGTTTGTGG,0,1353536
furpa,0.5,1,1,CTTTAACGGTTTCCGGTCCT,0,1316856
furpa,0.5,1,1,CTTGTTGGGATCGGTTCACA,0,1300040
furpa,0.5,1,1,CTTGTCGGAAGCTGGCGCGC,0,1315863
furpa,0.5,1,1,CTTGTATGGTAAAGAAAGTC,0,1290184
furpa,0.5,1,1,CTTGTACTACTCAATGGAAT,0,1296737
furpa,0.5,1,1,CTTGTACCGCGGGGTTATGT,0,1318753
furpa,0.5,1,1,CTTGTAATTGCCAAGAACAT,0,1347355
furpa,0.5,1,1,CTTGGGTTTCTGGACCGGTC,0,1348170
furpa,0.5,1,1,CTTGGGTTAGCCAACGCGTT,0,1346966
furpa,0.5,1,1,CTTGCTCTATGGGGAGTCGC,0,1327214
furpa,0.5,1,1,CTTGATTTGATATTAACGTT,0,1289398
furpa,0.5,1,1,CTTGAGAAGGTTAATACGAT,0,1322647
furpa,0.5,1,1,CTTGACATACTGGAAAGCCT,0,1347089
furpa,0.5,1,1,CTTGAATAGACGAAAAATTA,0,1318626
furpa,0.5,1,1,CTTCTGTACTCTGCTTGTGT,0,1293007
furpa,0.5,1,1,CTTCTGAAGATCGGCGCTTT,0,1315898
furpa,0.5,1,1,CTTCTCTCTCGATCGTCCCG,0,1287991
furpa,0.5,1,1,CTTCTACGGCGATCGGACAC,0,1300611
furpa,0.5,1,1,CTTCGTCATCCGTTCACCGA,0,1298468
furpa,0.5,1,1,CTTCGTAGCTGGATGCTTTA,0,1279514
furpa,0.5,1,1,CTTCGCTAAATTACCATTTG,0,1281643
furpa,0.5,1,1,CTTCGAACAGACTGTATAAG,0,1322806
furpa,0.5,1,1,CTTCCTTGATTAATTAAGGA,0,1324930
furpa,0.5,1,1,CTTCCTGCCAACTGGGCGAC,0,1325466
furpa,0.5,1,1,CTTCCGCGTTCATGGAGGGA,0,1341637
furpa,0.5,1,1,CTTCCGCGCAGGGCCTAAGA,0,1331599
furpa,0.5,1,1,CTTCAGGGTATTAATTTATA,0,1339766
furpa,0.5,1,1,CTTCAGAATCCTTATGATAA,0,1281641
furpa,0.5,1,1,CTTATTGGTAATCTACCATG,0,1272264
furpa,0.5,1,1,CTTATTAAACCATTTGCCTA,0,1289319
furpa,0.5,1,1,CTTATGGAAGTCCCATAAAA,0,1286781
furpa,0.5,1,1,CTTATCTGAAGAAGGGCAGG,0,1350342
furpa,0.5,1,1,CTTATAGGACCTTGCCAGCA,0,1276224
furpa,0.5,1,1,CTTAGATTCCGTTGTCGCGT,0,1329717
furpa,0.5,1,1,CTTACGACCTTGGTGAACTA,0,1290709
furpa,0.5,1,1,CTTACCTTGTCGCACACGAC,0,1297186
furpa,0.5,1,1,CTTACACTTTTTTCCAAGTG,0,1276996
furpa,0.5,1,1,CTTACACCGTTTCCGAGTAC,0,1278777
furpa,0.5,1,1,CTTAATGACCCGTCAGCTTA,0,1279513
furpa,0.5,1,1,CTTAAGCGTACCACTGCGAA,0,1272073
furpa,0.5,1,1,CTTAAGCGCTATCCCAGACT,0,1298393
furpa,0.5,1,1,CTTAACTTGCGAAAGAAAGC,0,1321512
furpa,0.5,1,1,CTTAACTCTCAAAGAACTCT,0,1307928
furpa,0.5,1,1,CTGTTTCCGTGAACGCCACA,0,1345090
furpa,0.5,1,1,CTGTTGTGAGTCGGTTGTGA,0,1312082
furpa,0.5,1,1,CTGTTCGGCTCCGTTCACCT,0,1321739
furpa,0.5,1,1,CTGTTACATTGCGCGAGTAA,0,1313703
furpa,0.5,1,1,CTGTGAGGGGAAGGTCAGAG,0,1355234
furpa,0.5,1,1,CTGTCGTGGGATCCAACTAT,0,1289364
furpa,0.5,1,1,CTGTCGGCGCCGTTAAGAGG,0,1349460
furpa,0.5,1,1,CTGTCGCCCTGGTCATTCAG,0,1290150
furpa,0.5,1,1,CTGTAGTGAGCACCGCCCTG,0,1319946
furpa,0.5,1,1,CTGTAGGGGACACTTACATA,0,1337403
furpa,0.5,1,1,CTGTAGCCCGATCAGACGAC,0,1356734
furpa,0.5,1,1,CTGTACGTCGTGCGCGGTAT,0,1285458
furpa,0.5,1,1,CTGTACGCGCCACGTAAAGC,0,1273713
furpa,0.5,1,1,CTGTACGATGGATAGGATTG,0,1333029
furpa,0.5,1,1,CTGTAAGCCTACGTTTATAA,0,1278772
furpa,0.5,1,1,CTGGTTTAGACATCATCGGC,0,1299283
furpa,0.5,1,1,CTGGTTGTTCCAAGGGCGAT,0,1281428
furpa,0.5,1,1,CTGGTTGTAGGCGATAGTCA,0,1300286
furpa,0.5,1,1,CTGGTTGGAGATAAGGCGAA,0,1280260
furpa,0.5,1,1,CTGGTTAATTCAGGATAGAA,0,1339411
furpa,0.5,1,1,CTGGTGTTCTAATCTACGTT,0,1314984
furpa,0.5,1,1,CTGGTCAGTTTGCAGGCACT,0,1306754
furpa,0.5,1,1,CTGGTATCGGATCGTAAATA,0,1353082
furpa,0.5,1,1,CTGGTACTAAGCTAGCCGTC,0,1339466
furpa,0.5,1,1,CTGGGTACGCGCTTTGGAAT,0,1317279
furpa,0.5,1,1,CTGGGGTAAATAGGACTGAG,0,1294411
furpa,0.5,1,1,CTGGGGGACGTCCGACCTTG,0,1280088
furpa,0.5,1,1,CTGGGCGGTCATACCGCTTG,0,1296922
furpa,0.5,1,1,CTGGCTAGCGGTCGCTGGTA,0,1346598
furpa,0.5,1,1,CTGGCGCTGGGACAAGGTAT,0,1302918
furpa,0.5,1,1,CTGGCGAATGCTAATCAGCA,0,1274725
furpa,0.5,1,1,CTGGCCCAAGGGGCTTGATT,0,1301496
furpa,0.5,1,1,CTGGAGGTCGGACGGTATAT,0,1329093
furpa,0.5,1,1,CTGGAGGGCTATCGGTGTAG,0,1300212
furpa,0.5,1,1,CTGGAGCCCGTCTTCACAAG,0,1306985
furpa,0.5,1,1,CTGGAGACGTCTTCGTAAGA,0,1348781
furpa,0.5,1,1,CTGGACCTACCGCCGGGTGT,0,1277358
furpa,0.5,1,1,CTGGAACGCAAAGGGCAATT,0,1281284
furpa,0.5,1,1,CTGGAAAGGTAGCACGGGGC,0,1338748
furpa,0.5,1,1,CTGCTGGTGTACAATGACTA,0,1357715
furpa,0.5,1,1,CTGCTGCTCATCGAGCATTT,0,1281045
furpa,0.5,1,1,CTGCTGCATTAAGTTTCCAA,0,1327210
furpa,0.5,1,1,CTGCTGCAAACCCTGGCATT,0,1354196
furpa,0.5,1,1,CTGCTCTGCCTTGCGCGAGT,0,1329708
furpa,0.5,1,1,CTGCTCACGCCGGCAGGCAG,0,1316938
furpa,0.5,1,1,CTGCTAAGTTTCTTTAGAAT,0,1311152
furpa,0.5,1,1,CTGCGTGTGAACCCGGCGGG,0,1288598
furpa,0.5,1,1,CTGCGTGTCCTGTCTACGCA,0,1331273
furpa,0.5,1,1,CTGCGTCTAATCACAAAAAG,0,1339259
furpa,0.5,1,1,CTGCGGGTCGAGTGGAGGTA,0,1335157
furpa,0.5,1,1,CTGCGGCACCCAAACGTCAC,0,1347577
furpa,0.5,1,1,CTGCGCTGTGAGTTACTACG,0,1316007
furpa,0.5,1,1,CTGCGCGACTCGTGTTCACG,0,1283256
furpa,0.5,1,1,CTGCGCCAGCTCCCCGCATG,0,1285707
furpa,0.5,1,1,CTGCCTGCGGGATCTTACCC,0,1280031
furpa,0.5,1,1,CTGCCCAGTTGCCCTCCGTC,0,1293303
furpa,0.5,1,1,CTGCCATTGCTCTCAGAAAT,0,1331604
furpa,0.5,1,1,CTGCATGATCTAGTTAGAAT,0,1321176
furpa,0.5,1,1,CTGCAGCACATCTCCCGTGT,0,1274573
furpa,0.5,1,1,CTGCAATATGCACAGGCTAA,0,1338125
furpa,0.5,1,1,CTGATGGCTTCGGTTGGACT,0,1348811
furpa,0.5,1,1,CTGATGGCTGGCACTCGACA,0,1300727
furpa,0.5,1,1,CTGATGAGACCGGTTGGCGC,0,1280752
furpa,0.5,1,1,CTGATCGGATGTGGGCGATT,0,1354975
furpa,0.5,1,1,CTGATAGAGTCGAGAGTGCT,0,1303053
furpa,0.5,1,1,CTGATACTGGTTCCCACTAC,0,1286110
furpa,0.5,1,1,CTGAGTGATAGCTCTCGGTC,0,1339183
furpa,0.5,1,1,CTGAGTCTAACATCACGAGC,0,1293478
furpa,0.5,1,1,CTGAGTCATGTAATAGCTCT,0,1272688
furpa,0.5,1,1,CTGAGGGGCAAGTCCCATTG,0,1319826
furpa,0.5,1,1,CTGAGCCGAAGAAGATAGGA,0,1272593
furpa,0.5,1,1,CTGAGATGGTATGTTGTGGA,0,1310396
furpa,0.5,1,1,CTGACGCCCTGGCTCCCATG,0,1280578
furpa,0.5,1,1,CTGACCCATGGGGAACGTCT,0,1276302
furpa,0.5,1,1,CTGACAAAGCGAAGTACCAC,0,1349808
furpa,0.5,1,1,CTGAATGCCCCCAACAAGAG,0,1339410
furpa,0.5,1,1,CTGAAATTGCGACGCGAGGG,0,1317565
furpa,0.5,1,1,CTGAAATGAGTCATCGGCTG,0,1291638
furpa,0.5,1,1,CTGAAACCGCTTCCGCCCGA,0,1295909
furpa,0.5,1,1,CTGAAAACTGGTCCGATGTA,0,1354750
furpa,0.5,1,1,CTCTTTAGGGTAATGTACAT,0,1343208
furpa,0.5,1,1,CTCTTCAGAGGACGGTGCCT,0,1335929
furpa,0.5,1,1,CTCTTATGTTGACCTTATCA,0,1281018
furpa,0.5,1,1,CTCTGGGATCCGATAAGATC,0,1308426
furpa,0.5,1,1,CTCTGGATGATATGCAAGAA,0,1336794
furpa,0.5,1,1,CTCTGATACGGGTTGCGATT,0,1279047
furpa,0.5,1,1,CTCTCTTGGATACGTCCCGG,0,1326703
furpa,0.5,1,1,CTCTCTTCAGAATCTCCCTA,0,1320041
furpa,0.5,1,1,CTCTCTAGGAGGATGGATGT,0,1334467
furpa,0.5,1,1,CTCTCGTTTCCCACGTGGTT,0,1317640
furpa,0.5,1,1,CTCTCGCCTTCTTACGGTGT,0,1300728
furpa,0.5,1,1,CTCTCCATAGCTCAGTGGGA,0,1289621
furpa,0.5,1,1,CTCTATTCCGCCAGAAAGCA,0,1275524
furpa,0.5,1,1,CTCTACCTCGCTTTTTATCA,0,1344945
furpa,0.5,1,1,CTCGTTCTTCGTAGGGGTTT,0,1278718
furpa,0.5,1,1,CTCGTCATCTGAGTTGATAA,0,1354473
furpa,0.5,1,1,CTCGTCAGTAACCACTGGTA,0,1322012
furpa,0.5,1,1,CTCGTCACTTAAAACGGGCC,0,1276646
furpa,0.5,1,1,CTCGTATAATTGTTAATTAC,0,1333694
furpa,0.5,1,1,CTCGTAGGCTAGCAGATTCT,0,1339741
furpa,0.5,1,1,CTCGGTCCGTAATCGAGCAA,0,1311036
furpa,0.5,1,1,CTCGGGTTCGCGGCTATGTG,0,1321857
furpa,0.5,1,1,CTCGGCAGGCGCTGATAATA,0,1337269
furpa,0.5,1,1,CTCGGCAGCCAGTCGGACAA,0,1296555
furpa,0.5,1,1,CTCGCTTGGAGAGTTGCTCG,0,1298145
furpa,0.5,1,1,CTCGCTCACGCGCCGAAATT,0,1357216
furpa,0.5,1,1,CTCGCCCCTTGTCTGACCCC,0,1313307
furpa,0.5,1,1,CTCGCACCAGGCTTGTGTGT,0,1324123
furpa,0.5,1,1,CTCGATTGAAACTCAACTTA,0,1353395
furpa,0.5,1,1,CTCGATGCAACAGTCTACAC,0,1344871
furpa,0.5,1,1,CTCGATCGAGCTGCCTCAGT,0,1303646
furpa,0.5,1,1,CTCGAACAAGGATGCGAGCA,0,1318952
furpa,0.5,1,1,CTCGAAATGAGGGGTCCCGG,0,1330646
furpa,0.5,1,1,CTCCTTACGGCCTTAATTGA,0,1288537
furpa,0.5,1,1,CTCCTGCTTTAGCTACGGGA,0,1298071
furpa,0.5,1,1,CTCCTGCAAGTCTAAGTCTT,0,1314218
furpa,0.5,1,1,CTCCTGCAACCCGCGCATCA,0,1339546
furpa,0.5,1,1,CTCCTCCGTCATCTTGGGTT,0,1283543
furpa,0.5,1,1,CTCCTCACCATGGGGCGTGA,0,1295699
furpa,0.5,1,1,CTCCTACATATCGCGGGGCT,0,1278552
furpa,0.5,1,1,CTCCGTACCACCGGTTGAAT,0,1294240
furpa,0.5,1,1,CTCCGGTTTTGGGGGACGCA,0,1333752
furpa,0.5,1,1,CTCCGGTGGGCATGAATATA,0,1331540
furpa,0.5,1,1,CTCCCGCGAGCACCATGTGA,0,1277294
furpa,0.5,1,1,CTCCCCTCTAGGTAGTGATG,0,1291456
furpa,0.5,1,1,CTCCCCTCGCAATAAAGTGT,0,1339872
furpa,0.5,1,1,CTCCCAACGTTCCATGCTGT,0,1343439
furpa,0.5,1,1,CTCCATCTCGAGCCGATCTG,0,1284413
furpa,0.5,1,1,CTCCATACTAAGGAATCGAT,0,1279586
furpa,0.5,1,1,CTCCACGTGGATTGGGCTTT,0,1332305
furpa,0.5,1,1,CTCCACCATATCGCTTCCAA,0,1332079
furpa,0.5,1,1,CTCCAATTGGGGGATATCCC,0,1282373
furpa,0.5,1,1,CTCCAAGGCGACACCGTGCG,0,1280156
furpa,0.5,1,1,CTCCAAAGCGACACGAAGTT,0,1345132
furpa,0.5,1,1,CTCATCTTATATCCTGCCCA,0,1293242
furpa,0.5,1,1,CTCATAGTGTGATGGAAAGA,0,1285177
furpa,0.5,1,1,CTCAGGCAACACATGCGAAA,0,1338060
furpa,0.5,1,1,CTCAGCCTGCTCACAAACGA,0,1306706
furpa,0.5,1,1,CTCACTGACCACATTTGTAT,0,1277758
furpa,0.5,1,1,CTCACTCGCGCGGCCTTGCG,0,1297566
furpa,0.5,1,1,CTCACGACCTCCGCTAATGA,0,1305153
furpa,0.5,1,1,CTCACATGTCATAGAGAGCA,0,1345876
furpa,0.5,1,1,CTCACAGGGCTAAGGCGTAC,0,1336641
furpa,0.5,1,1,CTCACACCCTTATCCTTCGT,0,1283294
furpa,0.5,1,1,CTCAATGAATCTATAAGGTC,0,1309943
furpa,0.5,1,1,CTCAAGGGAGGTAGGAACCA,0,1341507
furpa,0.5,1,1,CTATTGTACTAATGTGGATG,0,1314213
furpa,0.5,1,1,CTATTCTATGTGATAGTTTG,0,1294065
furpa,0.5,1,1,CTATTCCGCTGAGAATCATG,0,1306764
furpa,0.5,1,1,CTATTCAAGTCCGTTGACCC,0,1341487
furpa,0.5,1,1,CTATTATGTCGGTTGGATAA,0,1335737
furpa,0.5,1,1,CTATGTCGCTGGTTGTCCCT,0,1348699
furpa,0.5,1,1,CTATGGGCACAATACCTTGA,0,1311507
furpa,0.5,1,1,CTATGGGAGGGCTCCGTGCA,0,1355163
furpa,0.5,1,1,CTATGGAGTCAGACTGGAAA,0,1334605
furpa,0.5,1,1,CTATGGAGGCGAGTCGGGGT,0,1273135
furpa,0.5,1,1,CTATGCTGCTGGCATTACGA,0,1328753
furpa,0.5,1,1,CTATGAAGAATGTACAGGAT,0,1332409
furpa,0.5,1,1,CTATCGTACAAGTTGAGGGC,0,1275813
furpa,0.5,1,1,CTATCGGTAGAATAGTTCTG,0,1329250
furpa,0.5,1,1,CTATCGGGAGTCCTTACAGA,0,1303119
furpa,0.5,1,1,CTATCGATATTCACGTAGTA,0,1325079
furpa,0.5,1,1,CTATCCTTCCGACCGAGCCC,0,1325484
furpa,0.5,1,1,CTATCCTGTCGAGGGGTTGA,0,1289519
furpa,0.5,1,1,CTATCCTCGCCACATGGGTA,0,1299560
furpa,0.5,1,1,CTATCCCCCTGCCTAATAAT,0,1281950
furpa,0.5,1,1,CTATCCATCGAGAACGGAGT,0,1345324
furpa,0.5,1,1,CTATATGTATGAGAATGCAC,0,1274630
furpa,0.5,1,1,CTATAGCTAACGTCAAAAGA,0,1306428
furpa,0.5,1,1,CTATAGAGGCGATTAGTGAG,0,1292920
furpa,0.5,1,1,CTATAATTAAATTGTGGGTT,0,1349883
furpa,0.5,1,1,CTATAACGCTGATTACAGGT,0,1355381
furpa,0.5,1,1,CTATAACCCATCTCTCATCA,0,1305505
furpa,0.5,1,1,CTAGTTACTCGAGGACAGTA,0,1348121
furpa,0.5,1,1,CTAGGTCCTGCTGTGGGCGT,0,1320292
furpa,0.5,1,1,CTAGGTATGCCACTTTCCTA,0,1322560
furpa,0.5,1,1,CTAGGTAGGTATGCAACAGA,0,1273680
furpa,0.5,1,1,CTAGGCGGACGGTAGAGGGT,0,1349547
furpa,0.5,1,1,CTAGGAGTCTAAATCTCCAC,0,1343838
furpa,0.5,1,1,CTAGGACTATGAATCGAGTT,0,1347359
furpa,0.5,1,1,CTAGCTCCTGAGTAGGGTTC,0,1286122
furpa,0.5,1,1,CTAGCCTCGATTTAGTGACT,0,1273606
furpa,0.5,1,1,CTAGCCCTCTGCGTGTCTGA,0,1350204
furpa,0.5,1,1,CTAGCATCTTCGGCTCTCGC,0,1280008
furpa,0.5,1,1,CTAGCACAGCCCCACGTTAG,0,1294537
furpa,0.5,1,1,CTAGATATTGGTAAACTTAG,0,1276879
furpa,0.5,1,1,CTAGAGGGCTGTAGAACTCG,0,1336261
furpa,0.5,1,1,CTAGACAAAGTCGGGTACAA,0,1288729
furpa,0.5,1,1,CTACTTTTCTTTCCATTAGT,0,1314373
furpa,0.5,1,1,CTACTTTCCCAAAGCCATAT,0,1350327
furpa,0.5,1,1,CTACTGGACCCGCGGGAGAT,0,1338884
furpa,0.5,1,1,CTACTGCATGTGCTGACCGC,0,1335604
furpa,0.5,1,1,CTACTGAGAGTTGATACAAA,0,1349496
furpa,0.5,1,1,CTACTCTAACCGGTGCGAGT,0,1354072
furpa,0.5,1,1,CTACTCCTGCAATGGTATGG,0,1310345
furpa,0.5,1,1,CTACTACGCTCTTATTGTCG,0,1293867
furpa,0.5,1,1,CTACGGTCCCGGCAAGGAGC,0,1335572
furpa,0.5,1,1,CTACGGGTGTTGCAGGTGAT,0,1296200
furpa,0.5,1,1,CTACGCCAGGGGGGCTTGTT,0,1271503
furpa,0.5,1,1,CTACCTATCGTAGACTTGCG,0,1279191
furpa,0.5,1,1,CTACCTAAGGAACAACGGAT,0,1312484
furpa,0.5,1,1,CTACCATACATCCTCTCGGC,0,1324355
furpa,0.5,1,1,CTACCAATGGAACCCCGTAA,0,1297369
furpa,0.5,1,1,CTACAGGTCTCCGAAGCGCC,0,1276988
furpa,0.5,1,1,CTACAGAGGGTGCCGCGGGT,0,1273074
furpa,0.5,1,1,CTAATTCCTACCGGCCTCAA,0,1330935
furpa,0.5,1,1,CTAATTCATATGGTGGTACT,0,1280229
furpa,0.5,1,1,CTAATTAGCTGGTAATACTC,0,1326631
furpa,0.5,1,1,CTAATGTCCGAGGGATCGTG,0,1352224
furpa,0.5,1,1,CTAATGAACCAATACGCGAC,0,1333109
furpa,0.5,1,1,CTAATCGTTGCAGTGAATGC,0,1307922
furpa,0.5,1,1,CTAATACTAAATTTTTCCAA,0,1331344
furpa,0.5,1,1,CTAATACAAGTTATCGGTTT,0,1305405
furpa,0.5,1,1,CTAAGGTGGGAGACGGCATC,0,1343910
furpa,0.5,1,1,CTAAGCTTAGGCTTCTTTAC,0,1301266
furpa,0.5,1,1,CTAACTGCGCTCACCCCTAG,0,1285490
furpa,0.5,1,1,CTAACTCCTTCCGTGTACGT,0,1327468
furpa,0.5,1,1,CTAACTCAGGCCTACAAGCT,0,1344347
furpa,0.5,1,1,CTAACTCACAACGGATGCCT,0,1320910
furpa,0.5,1,1,CTAAATCGGGTCATGGAGCG,0,1336959
furpa,0.5,1,1,CTAAACGATGTTCGTAGTTC,0,1289412
furpa,0.5,1,1,CTAAACCCCTCACCCTGGCT,0,1345390
furpa,0.5,1,1,CTAAACACAGGCTTCGTATA,0,1328238
furpa,0.5,1,1,CGTTTGCCGTGGGGCAGGCT,0,1317510
furpa,0.5,1,1,CGTTTATTGAGGTCTTCATT,0,1308117
furpa,0.5,1,1,CGTTGTCACTACTAAAAGAT,0,1357004
furpa,0.5,1,1,CGTTGGGCTAGCTGCGGAAG,0,1324786
furpa,0.5,1,1,CGTTGGCGGACGGGTATTAC,0,1324678
furpa,0.5,1,1,CGTTGAGGCTTCGCCGTCGG,0,1321878
furpa,0.5,1,1,CGTTCTTTTCATTTGCTGGA,0,1349765
furpa,0.5,1,1,CGTTCTGAAGCTGAGGAGGT,0,1304436
furpa,0.5,1,1,CGTTCTCAGAATCCAGTAAT,0,1349922
furpa,0.5,1,1,CGTTCTACACATCCTGCGCC,0,1277690
furpa,0.5,1,1,CGTTCGTAGGGGTCGTCGGT,0,1347589
furpa,0.5,1,1,CGTTCGCACAGATGGGGTCT,0,1291292
furpa,0.5,1,1,CGTTCCCCTGAAGGTGGAGA,0,1271408
furpa,0.5,1,1,CGTTCCACAAGCGGGTCAGA,0,1302867
furpa,0.5,1,1,CGTTATGGACGCTAGGCGAG,0,1281957
furpa,0.5,1,1,CGTTATGATAAATGCGAGAG,0,1307818
furpa,0.5,1,1,CGTTATCAATAGTGCCTTAT,0,1349402
furpa,0.5,1,1,CGTTATAAATTCACCCCACA,0,1332853
furpa,0.5,1,1,CGTTAGACTAAGACTACATG,0,1326807
furpa,0.5,1,1,CGTTACCGCCCCCACCGACT,0,1282526
furpa,0.5,1,1,CGTTAATTGGGCGAAGGCGT,0,1280498
furpa,0.5,1,1,CGTGTTAGATCCTGCTGGTT,0,1280383
furpa,0.5,1,1,CGTGTGTTCCAAGAATACGG,0,1299100
furpa,0.5,1,1,CGTGTGCATAATTACAGAGT,0,1354152
furpa,0.5,1,1,CGTGTAAGAAGACTACACGG,0,1311015
furpa,0.5,1,1,CGTGGGCATGCACAAGGGTT,0,1321059
furpa,0.5,1,1,CGTGGGATCCCTATATAATT,0,1281985
furpa,0.5,1,1,CGTGGCTCCGTGGAGGACGC,0,1293598
furpa,0.5,1,1,CGTGGCGGACCAACATAATA,0,1281880
furpa,0.5,1,1,CGTGGCATTGGAAGATGTAT,0,1341592
furpa,0.5,1,1,CGTGCTAAAGGTAATCAGTT,0,1332070
furpa,0.5,1,1,CGTGCCTTGGTAGGCCCTGT,0,1347774
furpa,0.5,1,1,CGTGCCTCCTCTATTATCCG,0,1295004
furpa,0.5,1,1,CGTGCCGGTCAAGTTGAGTG,0,1324842
furpa,0.5,1,1,CGTGCACCGTAGGGAGGGAG,0,1292602
furpa,0.5,1,1,CGTGATGTGTTTCTTGCTCT,0,1287091
furpa,0.5,1,1,CGTGAGCGTTCGAGAGACGA,0,1285690
furpa,0.5,1,1,CGTGACCCGTCGCACTGACC,0,1288600
furpa,0.5,1,1,CGTGAACGCTCGGCGCAAAA,0,1284003
furpa,0.5,1,1,CGTCTGTTTGTCGCTAGACA,0,1293035
furpa,0.5,1,1,CGTCTGGCTCGAGGCCGTGA,0,1320494
furpa,0.5,1,1,CGTCTCTTACTGCGCGATGC,0,1325233
furpa,0.5,1,1,CGTCTCCTTCAATGTTTGGA,0,1316750
furpa,0.5,1,1,CGTCTCAACCGGCCTGGAAG,0,1280753
furpa,0.5,1,1,CGTCTACTTACCGGAAGAGA,0,1342178
furpa,0.5,1,1,CGTCGGTGTTGGTATTCGCT,0,1340042
furpa,0.5,1,1,CGTCGCTCAGGATGTACAGT,0,1351484
furpa,0.5,1,1,CGTCGATGAGCTACGATCGG,0,1296419
furpa,0.5,1,1,CGTCCTTGTGATGGTGCCTA,0,1275156
furpa,0.5,1,1,CGTCCTTCTCTAAACGCCAG,0,1329733
furpa,0.5,1,1,CGTCCTAGAATGTACCCACA,0,1344566
furpa,0.5,1,1,CGTCCTACATAATTCTTATT,0,1330050
furpa,0.5,1,1,CGTCCAACTGGCCCTAATTG,0,1310937
furpa,0.5,1,1,CGTCATGGGTACGCACTACG,0,1338978
furpa,0.5,1,1,CGTCAGCGCGAGGTCAAAAT,0,1296678
furpa,0.5,1,1,CGTAGTTACGAAAAGTGAAG,0,1280513
furpa,0.5,1,1,CGTAGTGCAAATGACGTCCT,0,1314638
furpa,0.5,1,1,CGTAGTCGCCGGCTAAGTGC,0,1324239
furpa,0.5,1,1,CGTAGCCTGTATGGTCCCAT,0,1334397
furpa,0.5,1,1,CGTACTTTCGGATTCCGAAC,0,1284708
furpa,0.5,1,1,CGTACTGGGGCGGCAATCCA,0,1305510
furpa,0.5,1,1,CGTACGCCTCGACAGCTACC,0,1326749
furpa,0.5,1,1,CGTACGCATAAGCCTAGCAT,0,1282743
furpa,0.5,1,1,CGTACCGATGTAAAACAGAT,0,1329537
furpa,0.5,1,1,CGTAATTTTAGAATCTCCAC,0,1332365
furpa,0.5,1,1,CGTAATTAGATTTGCTTTAT,0,1356108
furpa,0.5,1,1,CGTAAGTTTAACCGCAGGCA,0,1276930
furpa,0.5,1,1,CGTAAGAGCGTGTGGCTCCT,0,1283619
furpa,0.5,1,1,CGTAACAATGGCGGGCTGTC,0,1331175
furpa,0.5,1,1,CGTAAACCTTTCGGATAGTC,0,1318948
furpa,0.5,1,1,CGGTTTGGCTCTGGGTTATG,0,1293243
furpa,0.5,1,1,CGGTTGCTGTACCGCTTCTT,0,1337232
furpa,0.5,1,1,CGGTTGCAGAAAGGTACCAG,0,1316453
furpa,0.5,1,1,CGGTTCTACCCGGGATTGAA,0,1322385
furpa,0.5,1,1,CGGTTCGCCTCAATAGACAG,0,1291309
furpa,0.5,1,1,CGGTTAGGGGTAGAGTGGCT,0,1302942
furpa,0.5,1,1,CGGTTACTTCCCGTGTCTAT,0,1289905
furpa,0.5,1,1,CGGTTAACGTCGGCGTCGTC,0,1284819
furpa,0.5,1,1,CGGTTAAAGTATGACGCAGA,0,1298177
furpa,0.5,1,1,CGGTGTCTCCGGAGGCATTA,0,1301712
furpa,0.5,1,1,CGGTGTCAATAGCCATTTAC,0,1283795
furpa,0.5,1,1,CGGTGTAATCCCCGAATTAT,0,1337392
furpa,0.5,1,1,CGGTGGGCCCCTGCAGAGGA,0,1341723
furpa,0.5,1,1,CGGTGGATTACTCGTTGTTA,0,1346558
furpa,0.5,1,1,CGGTGAAGGAACCACTACGG,0,1276927
furpa,0.5,1,1,CGGTGAAAGCATAAGCGCCG,0,1322957
furpa,0.5,1,1,CGGTGAAACCTGGGACAGCT,0,1306344
furpa,0.5,1,1,CGGTCTGTGCCACGAGCAGT,0,1304558
furpa,0.5,1,1,CGGTCGTCGGACGGATCGCA,0,1288153
furpa,0.5,1,1,CGGTCCACGAGAGGGTCATT,0,1277677
furpa,0.5,1,1,CGGTCATATTCGGCACTTAC,0,1346720
furpa,0.5,1,1,CGGTAGGATTGATCGAACGG,0,1280744
furpa,0.5,1,1,CGGTAAATCATGGAGGGATT,0,1296061
furpa,0.5,1,1,CGGGTGGACATCGGGAAACA,0,1319714
furpa,0.5,1,1,CGGGTCGCCTCAATGCAGGA,0,1308489
furpa,0.5,1,1,CGGGTAGTGACTCCACGTTT,0,1330215
furpa,0.5,1,1,CGGGTAGGGATACGCGGTCC,0,1338914
furpa,0.5,1,1,CGGGGGGGTACATGTAGTCA,0,1316506
furpa,0.5,1,1,CGGGGGAGGCTCGAAATAAG,0,1308273
furpa,0.5,1,1,CGGGGGACGTCCCAATTCCT,0,1272824
furpa,0.5,1,1,CGGGGCGTCAGGCAAATTCA,0,1327569
furpa,0.5,1,1,CGGGGCGATTCCCATAGAGA,0,1322990
furpa,0.5,1,1,CGGGGCGAGCGCAACGCCTA,0,1289161
furpa,0.5,1,1,CGGGGCCTCCATAACATGGT,0,1348184
furpa,0.5,1,1,CGGGGATCGCGGTCCAAGTC,0,1329700
furpa,0.5,1,1,CGGGGATCAATTGCTGCAAC,0,1324238
furpa,0.5,1,1,CGGGGAGATCTCAACGCCAT,0,1277863
furpa,0.5,1,1,CGGGGACCGCCCTAGGTGAC,0,1339543
furpa,0.5,1,1,CGGGCTGTGTACAGGTCACC,0,1289361
furpa,0.5,1,1,CGGGCTAGATGGCATGACGA,0,1317435
furpa,0.5,1,1,CGGGCTAAGGGGTACTTAAA,0,1331926
furpa,0.5,1,1,CGGGCGGTGGTCTGACACCT,0,1297565
furpa,0.5,1,1,CGGGCGGTACTCGGCATGGG,0,1309469
furpa,0.5,1,1,CGGGCCGGGCGCACTAAGCA,0,1314119
furpa,0.5,1,1,CGGGCCGACAAGACCATGTA,0,1349791
furpa,0.5,1,1,CGGGATGATTGGTCGCCCAT,0,1298153
furpa,0.5,1,1,CGGGAAAGGTGCAAAGGACC,0,1346183
furpa,0.5,1,1,CGGCTTACTGTTTGGATAAA,0,1312243
furpa,0.5,1,1,CGGCTGATCAAATTTCGCCC,0,1327805
furpa,0.5,1,1,CGGCTAATCATCACGCGGGA,0,1289713
furpa,0.5,1,1,CGGCTAATAGGCCTCGGCTC,0,1335401
furpa,0.5,1,1,CGGCGTTAGTCCGTCTGTTG,0,1344476
furpa,0.5,1,1,CGGCGGCCTCTATGTTAAAT,0,1301439
furpa,0.5,1,1,CGGCGAGCTGGACGTCAAAT,0,1280963
furpa,0.5,1,1,CGGCGACCCGGAGCCAGAAA,0,1354460
furpa,0.5,1,1,CGGCGAATAACGCGACTTTG,0,1334349
furpa,0.5,1,1,CGGCCCTCACGGAATAGGAA,0,1294768
furpa,0.5,1,1,CGGCCCGATAAAAGATTGAT,0,1288527
furpa,0.5,1,1,CGGCCATGAGAGGAATTCGC,0,1310089
furpa,0.5,1,1,CGGCCATATGAGTGTGTATG,0,1287930
furpa,0.5,1,1,CGGCAGGTGTTATTCACCAT,0,1355151
furpa,0.5,1,1,CGGCAGAGCAACGTGTTGCA,0,1299378
furpa,0.5,1,1,CGGCAATCTAGTTGACAATA,0,1334153
furpa,0.5,1,1,CGGCAAGGGCTTGCCCACGC,0,1306175
furpa,0.5,1,1,CGGCAAGGGAGGAGACTGAG,0,1319563
furpa,0.5,1,1,CGGCAAGGCAAAGCGGTAGA,0,1326072
furpa,0.5,1,1,CGGCAACTGTACATAAGTAC,0,1315895
furpa,0.5,1,1,CGGATTGGTGATCGGTTAAG,0,1304556
furpa,0.5,1,1,CGGATTGCGAGGCTTTATGC,0,1327490
furpa,0.5,1,1,CGGATTGAACGCAACTTACA,0,1357510
furpa,0.5,1,1,CGGATGTGTGTCCGCCGCGA,0,1342990
furpa,0.5,1,1,CGGATGTGGGGAATGGAGGG,0,1297518
furpa,0.5,1,1,CGGATGTCAGCAGCACATAG,0,1309395
furpa,0.5,1,1,CGGATGCGCGTGTAAATACC,0,1285488
furpa,0.5,1,1,CGGATCCGCATTTGGTCGGT,0,1356747
furpa,0.5,1,1,CGGATAACGTTGAGGTGACA,0,1289184
furpa,0.5,1,1,CGGAGGCATCTCGTGGAGAC,0,1310677
furpa,0.5,1,1,CGGAGAGCTCTGGTTTTAGT,0,1336220
furpa,0.5,1,1,CGGACTATATTTGGATCTGA,0,1307865
furpa,0.5,1,1,CGGACGCTGGCAAAATGTTT,0,1275994
furpa,0.5,1,1,CGGACGCTAGCGTGATTCAC,0,1322164
furpa,0.5,1,1,CGGACGCCACAGCAGGGGAC,0,1308867
furpa,0.5,1,1,CGGACCATCAGCGACCAATG,0,1352338
furpa,0.5,1,1,CGGACAGGACCCGTGAGACA,0,1333094
furpa,0.5,1,1,CGGACAGAGTAGAGATGCTT,0,1273124
furpa,0.5,1,1,CGGAATTTTTGGTTGAGTTC,0,1298634
furpa,0.5,1,1,CGGAATTTTGTACGCTGACT,0,1292345
furpa,0.5,1,1,CGCTTTCGCCGATAGTGTGG,0,1332924
furpa,0.5,1,1,CGCTTTCAACGTTTCGAACT,0,1311861
furpa,0.5,1,1,CGCTTACTATGTCTTGCACC,0,1338572
furpa,0.5,1,1,CGCTGTAGAACGCTGAATCG,0,1286818
furpa,0.5,1,1,CGCTGGGGAGGCGGCCAATG,0,1310271
furpa,0.5,1,1,CGCTGGCGGGTTGCCGATTT,0,1309892
furpa,0.5,1,1,CGCTGCCTGCGAAAGGGTTA,0,1299584
furpa,0.5,1,1,CGCTGCATTAACGAATTGAG,0,1282199
furpa,0.5,1,1,CGCTGCACATATAGTTGCTT,0,1274343
furpa,0.5,1,1,CGCTGACTATCCTTTCAAGT,0,1344505
furpa,0.5,1,1,CGCTCTTAGTCACTGCGTAT,0,1295484
furpa,0.5,1,1,CGCTCCTTGTTGCCATTTTG,0,1320940
furpa,0.5,1,1,CGCTCCTGAGCCAGGACTGT,0,1322396
furpa,0.5,1,1,CGCTCCAAAGAGAGCTCGAG,0,1345943
furpa,0.5,1,1,CGCTCATTTGAGCGGTCTTC,0,1337189
furpa,0.5,1,1,CGCTCATAAACTGACACTTA,0,1302520
furpa,0.5,1,1,CGCTCAAAGCGATGGCGAAG,0,1338382
furpa,0.5,1,1,CGCTATCGTCAGGGCGCTAC,0,1324956
furpa,0.5,1,1,CGCTAGCCCGGCGAGTACGA,0,1330125
furpa,0.5,1,1,CGCTACATGGGAGCTGCAAA,0,1310456
furpa,0.5,1,1,CGCGTGGTAGTGCTTTACAC,0,1351297
furpa,0.5,1,1,CGCGTGCCACACAGAACCAT,0,1274251
furpa,0.5,1,1,CGCGTGACCATTCCAAGGCT,0,1306877
furpa,0.5,1,1,CGCGTCTAGTCGTAATTCCC,0,1356492
furpa,0.5,1,1,CGCGTCAAGTTACAGCTCTA,0,1339620
furpa,0.5,1,1,CGCGTATGTAATAGCTAGCT,0,1287741
furpa,0.5,1,1,CGCGTAGGCTATGGGTCCCT,0,1353304
furpa,0.5,1,1,CGCGTACGCTCTACCGAGGT,0,1306023
furpa,0.5,1,1,CGCGTAATCTGTACGCCTCC,0,1355932
furpa,0.5,1,1,CGCGGGCTTAGCGCCGGATT,0,1304571
furpa,0.5,1,1,CGCGGGCGCAGCCGTAGATA,0,1286467
furpa,0.5,1,1,CGCGGGAGCCCGGACGGTAG,0,1311857
furpa,0.5,1,1,CGCGGGACGCTGGGTATGGA,0,1326657
furpa,0.5,1,1,CGCGGCTGGGGCTTCGCCGT,0,1281016
furpa,0.5,1,1,CGCGCTGTCACAGGAGTCGT,0,1353192
furpa,0.5,1,1,CGCGCTGAGATTATTTAACG,0,1282508
furpa,0.5,1,1,CGCGCTCCACTGGAATCCTG,0,1357711
furpa,0.5,1,1,CGCGCGTTGGGCCGCATCAT,0,1320227
furpa,0.5,1,1,CGCGCGTGCGCATGTGATTC,0,1345615
furpa,0.5,1,1,CGCGCGTGCCTCATTTAGCC,0,1286146
furpa,0.5,1,1,CGCGAGTCCGAAGATAATAA,0,1307923
furpa,0.5,1,1,CGCGAAACGGTAGTCCCGTG,0,1325711
furpa,0.5,1,1,CGCCTCCCAGGACTGCTTTA,0,1324594
furpa,0.5,1,1,CGCCTAGTGGATATCGGAAG,0,1294198
furpa,0.5,1,1,CGCCGTGCCTTAGTCAGCCC,0,1347866
furpa,0.5,1,1,CGCCGGGTATGATTATCGCT,0,1317125
furpa,0.5,1,1,CGCCGGCTGGGCTTGCCTTC,0,1345266
furpa,0.5,1,1,CGCCGGACCAAGCCCGAACA,0,1308205
furpa,0.5,1,1,CGCCGCTCGTGAGGAATTGA,0,1294998
furpa,0.5,1,1,CGCCGCTACACTTGCAGCGA,0,1311286
furpa,0.5,1,1,CGCCGCCTACACGTTGACGT,0,1274338
furpa,0.5,1,1,CGCCGCCAGTTAGAACACCT,0,1345746
furpa,0.5,1,1,CGCCCGTTTGCAGATTAGTA,0,1300228
furpa,0.5,1,1,CGCCCGACGGTCGAGCTCTG,0,1291168
furpa,0.5,1,1,CGCCCCGGCCGCCGAGCATA,0,1311642
furpa,0.5,1,1,CGCCATAGTCGGGAAAAGAG,0,1272134
furpa,0.5,1,1,CGCATTGTCCAGAGGGTTGA,0,1354244
furpa,0.5,1,1,CGCATGTCTGTTCTGGACTG,0,1293120
furpa,0.5,1,1,CGCATGTAGGCTCAACACTG,0,1352086
furpa,0.5,1,1,CGCATGAACTGGGTTACTTT,0,1300794
furpa,0.5,1,1,CGCAGGTCTGGATGGACACC,0,1339797
furpa,0.5,1,1,CGCAGGGAAAACCGAGAGGA,0,1302080
furpa,0.5,1,1,CGCAGCGTCTCGACATAGCG,0,1343002
furpa,0.5,1,1,CGCAGCGGTAGATGGAGGTG,0,1357207
furpa,0.5,1,1,CGCAGAGGTGTGCGGCGGGA,0,1351074
furpa,0.5,1,1,CGCACGGGTAAAGCATGATC,0,1312891
furpa,0.5,1,1,CGCACCTGCTAAAGCGTAAC,0,1324118
furpa,0.5,1,1,CGCACCCGGCCTGGTCGTAC,0,1295985
furpa,0.5,1,1,CGCACCAGTATAACGATTAG,0,1337095
furpa,0.5,1,1,CGCACATCCCTGCTTTGAAT,0,1337314
furpa,0.5,1,1,CGCACACTAGCTGCGGTGCC,0,1332789
furpa,0.5,1,1,CGCAATTCCAGCTTCGGCAA,0,1274935
furpa,0.5,1,1,CGCAAAGGAGTTTTGTTTTC,0,1282610
furpa,0.5,1,1,CGCAAAAAGGTGGGCCGGTA,0,1281072
furpa,0.5,1,1,CGATTCCCCATAGACGTAGG,0,1273618
furpa,0.5,1,1,CGATTAGGTTGTTGTCTTCA,0,1320328
furpa,0.5,1,1,CGATTACTTAGAGGGAGGAT,0,1348794
furpa,0.5,1,1,CGATTAACTTCTACTGTTCA,0,1282691
furpa,0.5,1,1,CGATCCCCCACCGCGCCCAA,0,1345538
furpa,0.5,1,1,CGATCAATTCTCAGTTATGT,0,1280025
furpa,0.5,1,1,CGATACTTGGACTCAAGGGG,0,1298922
furpa,0.5,1,1,CGATAATCGCCCGTCTTGTG,0,1330051
furpa,0.5,1,1,CGAGTGTGTTTCGAGTTAAT,0,1302194
furpa,0.5,1,1,CGAGTGCCCATTTATAGCTG,0,1336094
furpa,0.5,1,1,CGAGTCTCTGCTTGAAGTGG,0,1325906
furpa,0.5,1,1,CGAGTATTGTACAGGGATGA,0,1343789
furpa,0.5,1,1,CGAGTAGGCCCTTCAGATGA,0,1349727
furpa,0.5,1,1,CGAGTAACATGGGCCTGTGC,0,1355695
furpa,0.5,1,1,CGAGGTTCATGGTATCGTAG,0,1294822
furpa,0.5,1,1,CGAGGTCCGTGACCTTAATG,0,1307999
furpa,0.5,1,1,CGAGGTCACCGTGCGTGTTA,0,1325286
furpa,0.5,1,1,CGAGGGCTGAAGCGAGTGTA,0,1320429
furpa,0.5,1,1,CGAGGCCCTCGTGCTGACAT,0,1317696
furpa,0.5,1,1,CGAGGCAAGCCCCAGCGCAT,0,1352085
furpa,0.5,1,1,CGAGCGGCTCCCCGCGTACC,0,1343137
furpa,0.5,1,1,CGAGCCGACTTCCAAAAGGA,0,1349930
furpa,0.5,1,1,CGAGCATGTCCAGAGTATGA,0,1357041
furpa,0.5,1,1,CGAGCACAACCGGCGACCTT,0,1352795
furpa,0.5,1,1,CGAGAGTTCGTTACGATGTA,0,1321052
furpa,0.5,1,1,CGAGAGAGCCTTGCACGACC,0,1333672
furpa,0.5,1,1,CGAGACTTGACCTAGCGTCA,0,1293506
furpa,0.5,1,1,CGACTTTACGACCGCCCCCT,0,1311696
furpa,0.5,1,1,CGACTTGGCCAGGCCTTAAC,0,1302576
furpa,0.5,1,1,CGACTTCGTTCTCTAAGAGG,0,1307499
furpa,0.5,1,1,CGACTCGAGCCCAAAGTGGC,0,1298398
furpa,0.5,1,1,CGACTCCTCGGGAATGAAAG,0,1314021
furpa,0.5,1,1,CGACGTTAGCGTCGTAGAAT,0,1329994
furpa,0.5,1,1,CGACGGACCCACGTTTTTCC,0,1320771
furpa,0.5,1,1,CGACGCCTCTGAAGGCGCGC,0,1312077
furpa,0.5,1,1,CGACGATAGAGCCGTACGCA,0,1294669
furpa,0.5,1,1,CGACGATACGGTGTGTTTTT,0,1298146
furpa,0.5,1,1,CGACGAGGCGCACTACTTCC,0,1336346
furpa,0.5,1,1,CGACCTCGGGCTAGTGATAC,0,1337411
furpa,0.5,1,1,CGACCTCATGTGAGTTTCTG,0,1314056
furpa,0.5,1,1,CGACCTAGTCCCCAGGGGTT,0,1301706
furpa,0.5,1,1,CGACCGTTAATACATGCTTA,0,1316683
furpa,0.5,1,1,CGACCGGAGCCGCCTAAACA,0,1294757
furpa,0.5,1,1,CGACCCGCTAATCGAGGGCG,0,1349292
furpa,0.5,1,1,CGACCAGGATCCGCCAGGTT,0,1328094
furpa,0.5,1,1,CGACAGTCCTCCAAGCCATG,0,1286444
furpa,0.5,1,1,CGACACTAATCAGGGCAAAA,0,1345259
furpa,0.5,1,1,CGACAACTAACCGCCACCCA,0,1318531
furpa,0.5,1,1,CGACAAATGCGCGTGGAGCT,0,1310585
furpa,0.5,1,1,CGAATGTGCTGCAATGCAAT,0,1287446
furpa,0.5,1,1,CGAATGGAAAAGTTTGCGAG,0,1288447
furpa,0.5,1,1,CGAATGCTGACGTGTGCGTA,0,1317255
furpa,0.5,1,1,CGAATCTGCTAGAGTTGGGG,0,1339116
furpa,0.5,1,1,CGAATCGTAGGGCTTGGGAG,0,1282456
furpa,0.5,1,1,CGAAGGGAGATTCATCGTCA,0,1302729
furpa,0.5,1,1,CGAAGCGGAGTTCCTTTCCT,0,1346491
furpa,0.5,1,1,CGAAGCAGGCTAATGTTGTT,0,1326067
furpa,0.5,1,1,CGAACGATAAGGCCGACGGC,0,1275784
furpa,0.5,1,1,CGAACCCGGGACTTGAACAT,0,1274545
furpa,0.5,1,1,CGAAATGCTACAAGTCTGCT,0,1330391
furpa,0.5,1,1,CGAAAACGCTCGCCTGGACT,0,1313689
furpa,0.5,1,1,CCTTTTCCGGTGGCCTCGAT,0,1342435
furpa,0.5,1,1,CCTTTCTTCTATGAGGTCGG,0,1314005
furpa,0.5,1,1,CCTTTAGTTGAGGCAAGTGA,0,1342772
furpa,0.5,1,1,CCTTGTGTCAGACAGACAAT,0,1343071
furpa,0.5,1,1,CCTTCTGGTGATCCAATGCA,0,1344659
furpa,0.5,1,1,CCTTCGATACCCATTATGCG,0,1320769
furpa,0.5,1,1,CCTTCAAGGTGCCTGCGTCG,0,1295448
furpa,0.5,1,1,CCTTCAAGCGTTCTCTTTCC,0,1287253
furpa,0.5,1,1,CCTTATTGGCCCGCACGCTG,0,1330654
furpa,0.5,1,1,CCTTACTTCCGCCCGGCACC,0,1326041
furpa,0.5,1,1,CCTTACGCCTTTCCCCTGAG,0,1352436
furpa,0.5,1,1,CCTTACATCAGTCGTTTCAC,0,1320060
furpa,0.5,1,1,CCTTAAAACCCTTGCGGATC,0,1275656
furpa,0.5,1,1,CCTGTTGGGGGGTATAAAAC,0,1351598
furpa,0.5,1,1,CCTGTTAGTTCTGACTGTTA,0,1332981
furpa,0.5,1,1,CCTGTGACGTGTCCAGGGTT,0,1280235
furpa,0.5,1,1,CCTGTCTGCTGGGAGTACAA,0,1325055
furpa,0.5,1,1,CCTGTCCCGGACGCCTCGTG,0,1273913
furpa,0.5,1,1,CCTGTAGAGACTATATGTAA,0,1342704
furpa,0.5,1,1,CCTGGTTAAAGACAGGTTTT,0,1316402
furpa,0.5,1,1,CCTGGTGCTCTGTCGGCTCG,0,1278914
furpa,0.5,1,1,CCTGGTGAATAGTTTACAAC,0,1310712
furpa,0.5,1,1,CCTGGCTTGAGCAGGTAGCA,0,1348897
furpa,0.5,1,1,CCTGGCGAATTCTTTGCGTC,0,1353927
furpa,0.5,1,1,CCTGGCCCCGAACACCAACT,0,1342380
furpa,0.5,1,1,CCTGGACTCAGGTCAGGAGT,0,1318130
furpa,0.5,1,1,CCTGGAACACTTAGCTGAGG,0,1277193
furpa,0.5,1,1,CCTGCGCCAGCGTACCCGAG,0,1308702
furpa,0.5,1,1,CCTGCAGAGGCCTGCACTAG,0,1336293
furpa,0.5,1,1,CCTGCAATGGCGTATCCATG,0,1323358
furpa,0.5,1,1,CCTGCAAGGGTCATCTGTAA,0,1333408
furpa,0.5,1,1,CCTGATTGAAGATGCTCGTA,0,1272323
furpa,0.5,1,1,CCTGATCTCAAAAGGGTGCA,0,1313839
furpa,0.5,1,1,CCTGAGTCCACCACTCGGAT,0,1298167
furpa,0.5,1,1,CCTGACGAGACTTTACAGGT,0,1309041
furpa,0.5,1,1,CCTGAATCCTTAGGTGGACC,0,1314054
furpa,0.5,1,1,CCTGAACTTGTTAACTGGCA,0,1353463
furpa,0.5,1,1,CCTGAAACAGGCATCTCCCT,0,1353877
furpa,0.5,1,1,CCTCTGTCCTTTCCACTACA,0,1304627
furpa,0.5,1,1,CCTCTGTACCTCAAACTACA,0,1320136
furpa,0.5,1,1,CCTCTCCGTAACCCAACGCT,0,1302540
furpa,0.5,1,1,CCTCTAGCGCGGGTTTGTTG,0,1291077
furpa,0.5,1,1,CCTCGCTACCCATTGGTTCT,0,1316756
furpa,0.5,1,1,CCTCCTTTTGTCATTATTCT,0,1347655
furpa,0.5,1,1,CCTCACCACGAACATCCGTG,0,1355630
furpa,0.5,1,1,CCTATTTATACCAGTCAGCA,0,1340636
furpa,0.5,1,1,CCTATGAACTTCGTTCTCGG,0,1326851
furpa,0.5,1,1,CCTAGTTTGTTCATACCAGT,0,1322609
furpa,0.5,1,1,CCTAGCACCTTATCTATCGA,0,1326102
furpa,0.5,1,1,CCTACCCTTTCCTATGGGCA,0,1283376
furpa,0.5,1,1,CCTACCATGCGCACCAGGGT,0,1318616
furpa,0.5,1,1,CCTACCAAGTGATGCAACAG,0,1336694
furpa,0.5,1,1,CCTACAGGGCCGGAAGCCTT,0,1341149
furpa,0.5,1,1,CCTACAAACATGGGTTTAAT,0,1285903
furpa,0.5,1,1,CCTAATACGGTTGTCGGAGC,0,1300070
furpa,0.5,1,1,CCTAAGCTGGGCAGCATTAT,0,1352653
furpa,0.5,1,1,CCGTTTAAGGATATTAGCTG,0,1309392
furpa,0.5,1,1,CCGTTCTTGACAGGACGTAA,0,1276510
furpa,0.5,1,1,CCGTTCTCTCTTAACGGGTG,0,1311005
furpa,0.5,1,1,CCGTTCGAGAGGTTGCGTGT,0,1353012
furpa,0.5,1,1,CCGTTCATTGTCTTAATGGT,0,1326724
furpa,0.5,1,1,CCGTTATTTGGCTTCTGACG,0,1287513
furpa,0.5,1,1,CCGTTATCAGTGTTATAGAA,0,1308747
furpa,0.5,1,1,CCGTTAACGGGCAAGCGATG,0,1318419
furpa,0.5,1,1,CCGTGGAGCAGGCTTCGTAT,0,1299465
furpa,0.5,1,1,CCGTGCCCAGTCTCATCGAC,0,1302587
furpa,0.5,1,1,CCGTGCACTAGCAATGAAAT,0,1298912
furpa,0.5,1,1,CCGTCCTGCTTTGAATCTAA,0,1285620
furpa,0.5,1,1,CCGTCAGGCAGGATCTTCGA,0,1290186
furpa,0.5,1,1,CCGTATGGGAACGAGGTTTT,0,1346657
furpa,0.5,1,1,CCGTATAATCCTTGCGCTCT,0,1293842
furpa,0.5,1,1,CCGTACGTTTACGAAACCGA,0,1295047
furpa,0.5,1,1,CCGTAACAGCTGGGGATGAA,0,1304614
furpa,0.5,1,1,CCGGTTTGCAAGTATTAACT,0,1305751
furpa,0.5,1,1,CCGGTTGCTGTCTTATAGTC,0,1297008
furpa,0.5,1,1,CCGGTTATGGCGCTATCCAG,0,1347005
furpa,0.5,1,1,CCGGTGGGTTGTGGCTCCAA,0,1313213
furpa,0.5,1,1,CCGGTCCTTAGTCCACAGAG,0,1296453
furpa,0.5,1,1,CCGGTACACATGTGAGAAAA,0,1297925
furpa,0.5,1,1,CCGGGTTGGCAGTTGCGACT,0,1293856
furpa,0.5,1,1,CCGGGGGGATCTGCGAGCGT,0,1330936
furpa,0.5,1,1,CCGGGCGAAGGCTGTCACTT,0,1292603
furpa,0.5,1,1,CCGGGCCGTCGCTGGGCAAT,0,1312762
furpa,0.5,1,1,CCGGGACGAGGATCCCACCT,0,1337413
furpa,0.5,1,1,CCGGCTTGGGAAATCCTGGG,0,1348133
furpa,0.5,1,1,CCGGCGAGTAGCGGCCCCTA,0,1340803
furpa,0.5,1,1,CCGGCCGAGCCTTGCCGGCT,0,1340211
furpa,0.5,1,1,CCGGCCATGCGGCGAGAGGG,0,1340766
furpa,0.5,1,1,CCGGCACGCATGTCAGTCCC,0,1320351
furpa,0.5,1,1,CCGGATGCGAGGTCCAGTAG,0,1331978
furpa,0.5,1,1,CCGGATCTATAGTTTGTGAT,0,1332362
furpa,0.5,1,1,CCGGATACGATGACTCGGAT,0,1343612
furpa,0.5,1,1,CCGGAGAGGCGGCGTCAACG,0,1320139
furpa,0.5,1,1,CCGGACTGGTTCAATGGGCG,0,1324501
furpa,0.5,1,1,CCGGAACGGTTGCGTGAGTT,0,1279511
furpa,0.5,1,1,CCGCTTAAGCAAAAATACGA,0,1315313
furpa,0.5,1,1,CCGCTCTACGAAGAAGTCTA,0,1284259
furpa,0.5,1,1,CCGCTAATAAGTTTGATTTG,0,1297930
furpa,0.5,1,1,CCGCGCCAGGTTAGTACCCT,0,1303719
furpa,0.5,1,1,CCGCCGTTCGGACCTTCTGT,0,1329908
furpa,0.5,1,1,CCGCCCCAGTGCGCGTTAAT,0,1281268
furpa,0.5,1,1,CCGCCCATTTACGCGGGCAT,0,1282964
furpa,0.5,1,1,CCGCCCAACGTGGATAAAAT,0,1310130
furpa,0.5,1,1,CCGCCACACCCCCGTGGAGG,0,1300624
furpa,0.5,1,1,CCGCATGCCACCCCGGCCAG,0,1328875
furpa,0.5,1,1,CCGCAGTGCTCGTCCAACTT,0,1281234
furpa,0.5,1,1,CCGCAAGGTTCTGCCTTGCA,0,1315808
furpa,0.5,1,1,CCGCAAGACTTGTTGAATAT,0,1355361
furpa,0.5,1,1,CCGATTGTTACCCTCACACA,0,1337291
furpa,0.5,1,1,CCGATTCCCGGCATTTTCGA,0,1324679
furpa,0.5,1,1,CCGATGGGTCGAATTAACCG,0,1343427
furpa,0.5,1,1,CCGATCCCGGGAACTTGAAT,0,1353084
furpa,0.5,1,1,CCGAGGTGTGTTGTCTCATG,0,1327172
furpa,0.5,1,1,CCGAGGGCCGGTCTGCAAAT,0,1335501
furpa,0.5,1,1,CCGAGGAATATTATCCAAGA,0,1328907
furpa,0.5,1,1,CCGAGCAAAGATCGGCAGGT,0,1278247
furpa,0.5,1,1,CCGAGATCAAGGGGCCTCAC,0,1315473
furpa,0.5,1,1,CCGACTGTGGCAGGGAGAAA,0,1332368
furpa,0.5,1,1,CCGACTATTGATACATTCTG,0,1319837
furpa,0.5,1,1,CCGACGACGCTCTCGAGGGA,0,1327612
furpa,0.5,1,1,CCGACCTCTAGCGGAGCTCT,0,1344782
furpa,0.5,1,1,CCGACCGGGTAACAGCTCTC,0,1324960
furpa,0.5,1,1,CCGACAGCGGCGTCTGATTT,0,1306314
furpa,0.5,1,1,CCGAATTAGTATCCAAATGG,0,1275000
furpa,0.5,1,1,CCGAACGAAAGCAACGAGGT,0,1314017
furpa,0.5,1,1,CCGAAACGCCGTATTTAACG,0,1282149
furpa,0.5,1,1,CCCTTTGTGCGGAAAAGGAA,0,1310986
furpa,0.5,1,1,CCCTTGTTCCTTCGTTAAGG,0,1336715
furpa,0.5,1,1,CCCTTGAGAAGGCGAAAACG,0,1353181
furpa,0.5,1,1,CCCTTGAACCATGTGGGGAA,0,1298334
furpa,0.5,1,1,CCCTTCCAGGTGGGGCTACA,0,1285377
furpa,0.5,1,1,CCCTGTTTGAAAGGATAGTA,0,1335903
furpa,0.5,1,1,CCCTCTTGTGGTGCAGACGC,0,1352313
furpa,0.5,1,1,CCCTCTTAGGGACCGTATGG,0,1346462
furpa,0.5,1,1,CCCTCGCCGCATGAATGAGG,0,1299664
furpa,0.5,1,1,CCCTCCCGATCTTCGATGAT,0,1293440
furpa,0.5,1,1,CCCTCAGGGTCCTGTTACTC,0,1326655
furpa,0.5,1,1,CCCTCACCCAATGGAAGTTT,0,1297501
furpa,0.5,1,1,CCCGTTGGTTGCCTCATATT,0,1344833
furpa,0.5,1,1,CCCGTTGGCATGCGCCATCC,0,1317544
furpa,0.5,1,1,CCCGTGGGGAATACTTGAAC,0,1318965
furpa,0.5,1,1,CCCGGTTGAATACACTCAGT,0,1331421
furpa,0.5,1,1,CCCGGTGGGGGCTCTGTTTA,0,1332400
furpa,0.5,1,1,CCCGGTGAAACTCCCCAGGA,0,1295851
furpa,0.5,1,1,CCCGGCCATCGTAGGCACAC,0,1328352
furpa,0.5,1,1,CCCGGATAAGATGTATCCCT,0,1273391
furpa,0.5,1,1,CCCGGAATGTGCGACGTTGA,0,1328721
furpa,0.5,1,1,CCCGCTTCACCCCTTGGCTT,0,1344780
furpa,0.5,1,1,CCCGCCGGACGAGGTTGACC,0,1289767
furpa,0.5,1,1,CCCGCACTATGCTGGAAGAT,0,1326261
furpa,0.5,1,1,CCCGATTTTTTTCTAGGGCG,0,1350473
furpa,0.5,1,1,CCCGAGGCCCTTCGAAAGTC,0,1306871
furpa,0.5,1,1,CCCGAGCTGGGCACCCCAGG,0,1277778
furpa,0.5,1,1,CCCGAGATCGGAGGGTATGC,0,1353016
furpa,0.5,1,1,CCCGACTGTCACTAGAACTC,0,1333101
furpa,0.5,1,1,CCCGACCCACCGACGCAAAG,0,1333153
furpa,0.5,1,1,CCCGAATATATATGCAGCAT,0,1329823
furpa,0.5,1,1,CCCCTTAAGGGGAGTAAATA,0,1298278
furpa,0.5,1,1,CCCCTGGTGCCCATAGCATA,0,1330328
furpa,0.5,1,1,CCCCTGATCATGGACAGATG,0,1318821
furpa,0.5,1,1,CCCCTCTGTTACTTGGCCTT,0,1307135
furpa,0.5,1,1,CCCCTATGTGCGTATATCCT,0,1281285
furpa,0.5,1,1,CCCCGTCACCACTGTCTCAC,0,1300580
furpa,0.5,1,1,CCCCGGTTCAGGATTTTTGT,0,1357555
furpa,0.5,1,1,CCCCGGGGGATAGGGCGGGA,0,1318667
furpa,0.5,1,1,CCCCGGAGCTTTCTTGTCGA,0,1288098
furpa,0.5,1,1,CCCCGCGTATAATAAGTTCC,0,1304762
furpa,0.5,1,1,CCCCGCAATGTTTCTAAGAG,0,1276609
furpa,0.5,1,1,CCCCGAGGAGTATTTTATTT,0,1295726
furpa,0.5,1,1,CCCCCTTAACCCAACAGGAT,0,1343935
furpa,0.5,1,1,CCCCCGTTAAGCCTTTGTTC,0,1304069
furpa,0.5,1,1,CCCCCACTGCGGCACATGAC,0,1326656
furpa,0.5,1,1,CCCCCAATTTAATTCATCGA,0,1303338
furpa,0.5,1,1,CCCATTTGAAGCTCCCCTCT,0,1351839
furpa,0.5,1,1,CCCATTTCGAGCGGGGCCTA,0,1321205
furpa,0.5,1,1,CCCATGCGTCCCCTCGCTCA,0,1322737
furpa,0.5,1,1,CCCATGATACACTGTCACTA,0,1289297
furpa,0.5,1,1,CCCAGTTCCCATTGAAGGTC,0,1303203
furpa,0.5,1,1,CCCAGGCGCAGAAGTATCGG,0,1343923
furpa,0.5,1,1,CCCACGAGACAGAATGCCGA,0,1336775
furpa,0.5,1,1,CCCACATCCGGGTAAGCGGG,0,1321173
furpa,0.5,1,1,CCCACATAGTACCGCTAAAA,0,1306800
furpa,0.5,1,1,CCCAAGACCTAGCCGAGGGT,0,1354405
furpa,0.5,1,1,CCCAAAGGCGAAGGATCGGG,0,1310334
furpa,0.5,1,1,CCCAAAGCCGCGGAGTCAGA,0,1332279
furpa,0.5,1,1,CCCAAAATAGGGGACCGGCG,0,1304125
furpa,0.5,1,1,CCATTTTCACGTCCGGCTAG,0,1313883
furpa,0.5,1,1,CCATTTAGTATAACTCCTGC,0,1297937
furpa,0.5,1,1,CCATTAGCTAACTGTAGGTC,0,1348808
furpa,0.5,1,1,CCATTAGCCCCATGGTTTCC,0,1276747
furpa,0.5,1,1,CCATGTGGCAGGCCCGACGA,0,1278193
furpa,0.5,1,1,CCATGGTACGACCTTCCTGA,0,1348988
furpa,0.5,1,1,CCATGGCATGTCACGTGCGT,0,1272656
furpa,0.5,1,1,CCATGGCATATCCATCCTAA,0,1333253
furpa,0.5,1,1,CCATGAGGAGTTATACTGCT,0,1301997
furpa,0.5,1,1,CCATGACGGTAGTGAGTTAC,0,1288353
furpa,0.5,1,1,CCATGACAGCCTTCACATCA,0,1282944
furpa,0.5,1,1,CCATCTGGTTCCTCTTTATC,0,1283908
furpa,0.5,1,1,CCATCTGAATGATTTTGCAT,0,1300912
furpa,0.5,1,1,CCATCTCCCGCACCATGATG,0,1351320
furpa,0.5,1,1,CCATCGTTTAACCGTACAAC,0,1340963
furpa,0.5,1,1,CCATCGTGCTGAACTCACTC,0,1322883
furpa,0.5,1,1,CCATCGCGCGGTTGTATTCT,0,1290909
furpa,0.5,1,1,CCATCACAGTCCAAGAACAA,0,1349290
furpa,0.5,1,1,CCATCAACAGGGTTCGGATA,0,1327308
furpa,0.5,1,1,CCATATTCTTATTGATGTTA,0,1281238
furpa,0.5,1,1,CCATAGGATGCAAATATTTT,0,1345125
furpa,0.5,1,1,CCATAGCTCAGACCATCATT,0,1314752
furpa,0.5,1,1,CCATACTTAGAACCGAATGT,0,1309195
furpa,0.5,1,1,CCATACCGATTCGACTGTGA,0,1339034
furpa,0.5,1,1,CCATAAAAGGGATTCATGTG,0,1306621
furpa,0.5,1,1,CCAGTTCATCCTTTGCTTGC,0,1329155
furpa,0.5,1,1,CCAGTGGCCTGGGAGAAGTG,0,1351857
furpa,0.5,1,1,CCAGTCGAAGACCGCCTGAG,0,1330031
furpa,0.5,1,1,CCAGGTTTTTTACATTTGGC,0,1288535
furpa,0.5,1,1,CCAGGGGACCAACGAGCGAA,0,1340841
furpa,0.5,1,1,CCAGGGGAACAAATCCTCTC,0,1315372
furpa,0.5,1,1,CCAGCTATCATCGAATTGGG,0,1332911
furpa,0.5,1,1,CCAGCGCTAGCCAAGTAACC,0,1338376
furpa,0.5,1,1,CCAGCCATGGAGAACGGGGT,0,1306674
furpa,0.5,1,1,CCAGCACAGGCATACGGATC,0,1278983
furpa,0.5,1,1,CCAGACGTAACTGGCAAATG,0,1357343
furpa,0.5,1,1,CCAGACCCATCACCGGTACA,0,1303712
furpa,0.5,1,1,CCAGAAGGGCTACCCCATGA,0,1285555
furpa,0.5,1,1,CCACTTGTAGCGCAAGGGCT,0,1330735
furpa,0.5,1,1,CCACTTCTACGTGGTACGCA,0,1274193
furpa,0.5,1,1,CCACTGTTCGTCAATTTTGA,0,1323054
furpa,0.5,1,1,CCACTGGGCAGATACATGTT,0,1277859
furpa,0.5,1,1,CCACGTTCTGCGGGATGTCT,0,1317166
furpa,0.5,1,1,CCACGTACGGCTGTTCGCTA,0,1300917
furpa,0.5,1,1,CCACGTAAATACTAGATACA,0,1292071
furpa,0.5,1,1,CCACGTAAAATCGACTTTAA,0,1343429
furpa,0.5,1,1,CCACGATTAACTTGAGATCG,0,1316455
furpa,0.5,1,1,CCACGAGTCCGGGTCATACT,0,1337268
furpa,0.5,1,1,CCACGACTGGGAAGAGGCGT,0,1277444
furpa,0.5,1,1,CCACGACTCATAGGTATTGT,0,1333580
furpa,0.5,1,1,CCACCGCGGGGTCGCGGAAT,0,1336667
furpa,0.5,1,1,CCACCGCCTGAATGCTGGAT,0,1346845
furpa,0.5,1,1,CCACACTGAAACCACCGATA,0,1351958
furpa,0.5,1,1,CCAATTTCCTACCCTGAAAC,0,1306323
furpa,0.5,1,1,CCAATGGCCTAATCTTCGGT,0,1301938
furpa,0.5,1,1,CCAATCTTCGAATTCGCGTT,0,1298101
furpa,0.5,1,1,CCAATCTGACTCTTGCGGAC,0,1288994
furpa,0.5,1,1,CCAATCACCAAATTGTCTCT,0,1298919
furpa,0.5,1,1,CCAAGTTATACTCCGCAATT,0,1286210
furpa,0.5,1,1,CCAAGGCTACTGGTGACGTT,0,1317974
furpa,0.5,1,1,CCAAGGCGCGTAGGATATCG,0,1296750
furpa,0.5,1,1,CCAAGGCAGGCGCGAAACAA,0,1336396
furpa,0.5,1,1,CCAAGCGGGGGTGGAGTATA,0,1280497
furpa,0.5,1,1,CCAAGCGCGTTATCCAAAAA,0,1276993
furpa,0.5,1,1,CCAACTGTTGGTCTTACAGA,0,1292804
furpa,0.5,1,1,CCAACTATCTATCATAGAAG,0,1350298
furpa,0.5,1,1,CCAACGGTTGTCGGCAAGTA,0,1300203
furpa,0.5,1,1,CCAACCTCTCATGTGGCGGA,0,1327154
furpa,0.5,1,1,CCAACCGCAATGGGCCTTGT,0,1335064
furpa,0.5,1,1,CCAACACTTGGGAACTATCA,0,1335100
furpa,0.5,1,1,CCAAAGGCGATATAAGTCCC,0,1292157
furpa,0.5,1,1,CCAAAGCTGTTGCCTGTCGT,0,1335301
furpa,0.5,1,1,CCAAAAGGCTTACCGTTGTT,0,1289526
furpa,0.5,1,1,CATTTTTCTGTGGAGCGGCC,0,1321726
furpa,0.5,1,1,CATTTTTACTAGAATCTTAT,0,1321547
furpa,0.5,1,1,CATTTTCGCAACTCAGCTTA,0,1324702
furpa,0.5,1,1,CATTTTACAGGTAGCATAAC,0,1340207
furpa,0.5,1,1,CATTTGCTTCATTGGACTTA,0,1321479
furpa,0.5,1,1,CATTTCCGATTCGTGCGTAG,0,1303497
furpa,0.5,1,1,CATTTACGCATCGGGATAGG,0,1278485
furpa,0.5,1,1,CATTGTTGACGACAGAAGTC,0,1294697
furpa,0.5,1,1,CATTGTGCATATGTTAGAGC,0,1333023
furpa,0.5,1,1,CATTGGTTGAATAGCCATTG,0,1298168
furpa,0.5,1,1,CATTGATGCATGCGGGGAGC,0,1334250
furpa,0.5,1,1,CATTCGTGCGGTTTATGTTC,0,1273600
furpa,0.5,1,1,CATTCCTAACGCGTCTTGTG,0,1328469
furpa,0.5,1,1,CATTCACCGTCCAACGCGAG,0,1322465
furpa,0.5,1,1,CATTATTGAACATCTCTCAT,0,1344886
furpa,0.5,1,1,CATTAGGGAGTATCGCGATT,0,1335510
furpa,0.5,1,1,CATTAACATGTGTTCCACGC,0,1296621
furpa,0.5,1,1,CATTAAATTAAGTTTGCCCT,0,1306328
furpa,0.5,1,1,CATGTTTGATCCCAGGCTTG,0,1278920
furpa,0.5,1,1,CATGTTTCTCCCCATAGTGC,0,1281430
furpa,0.5,1,1,CATGTTCATGGCCGATTCCT,0,1293577
furpa,0.5,1,1,CATGTCTACAACGGAAAATG,0,1318253
furpa,0.5,1,1,CATGTCATTCCATGCACGTT,0,1280994
furpa,0.5,1,1,CATGTATGAATCCTCTGGCC,0,1326394
furpa,0.5,1,1,CATGTACACTCTCAGGCAAG,0,1299932
furpa,0.5,1,1,CATGTAAGGGTGTTCATCGA,0,1281131
furpa,0.5,1,1,CATGTAACAATGATTTTAGC,0,1296283
furpa,0.5,1,1,CATGGGTGGACACAAACCTT,0,1285295
furpa,0.5,1,1,CATGCTGCAAGCTCGCAGGG,0,1295084
furpa,0.5,1,1,CATGCGTGACGAGATGACAG,0,1278315
furpa,0.5,1,1,CATGCATGCAATCATTTGAT,0,1353652
furpa,0.5,1,1,CATGCACGGAATTTACCCCA,0,1344883
furpa,0.5,1,1,CATGCACAGGTGGATGGGAT,0,1326967
furpa,0.5,1,1,CATGATATTCAGCGGTCGCA,0,1303699
furpa,0.5,1,1,CATGAATGGATTCCCCGCCT,0,1351586
furpa,0.5,1,1,CATGAAGGTATCCCGGTATC,0,1342782
furpa,0.5,1,1,CATCTTTATCGTGGCGATGC,0,1293843
furpa,0.5,1,1,CATCTTGTGACTCTAATTCA,0,1310153
furpa,0.5,1,1,CATCTGGGGCTAGGTTTGAA,0,1317549
furpa,0.5,1,1,CATCTCAGAGGGGATGCACT,0,1342426
furpa,0.5,1,1,CATCGCTAGGTGGGACACGC,0,1354293
furpa,0.5,1,1,CATCCGTATAAGAGGCCAAA,0,1312934
furpa,0.5,1,1,CATCCGTAAGAGGGGTATAC,0,1355914
furpa,0.5,1,1,CATCCCTGTGCATAGTGAGA,0,1337896
furpa,0.5,1,1,CATCCCAGACACCAGCAGCC,0,1329522
furpa,0.5,1,1,CATCCATTCTGGAGTGCATG,0,1297928
furpa,0.5,1,1,CATCCATGCTAAGCCCCTGT,0,1313523
furpa,0.5,1,1,CATCATAGAAATAAGGGTAG,0,1310232
furpa,0.5,1,1,CATCACTATGAGACCTAGCA,0,1273983
furpa,0.5,1,1,CATCAATCGCTCGAGATTCC,0,1354881
furpa,0.5,1,1,CATATTAGTGAGGGGCAAAC,0,1287889
furpa,0.5,1,1,CATATTAAGGTTAGTGCCGA,0,1291317
furpa,0.5,1,1,CATATATCGCTGCACCGTTA,0,1322874
furpa,0.5,1,1,CATAGGGGCCACTACACGAG,0,1335151
furpa,0.5,1,1,CATAGGGAAGGGGTATCTAA,0,1334461
furpa,0.5,1,1,CATAGCGACCAAGTGCCGTG,0,1330708
furpa,0.5,1,1,CATACTAGCAGTTGGTACGA,0,1316633
furpa,0.5,1,1,CATACGATCTAGGAACCTAC,0,1315707
furpa,0.5,1,1,CATAATTGCATGCGGTTACA,0,1286606
furpa,0.5,1,1,CATAATCAATATGCGGAGTT,0,1356424
furpa,0.5,1,1,CATAAGATTGTTATTCAGAG,0,1347198
furpa,0.5,1,1,CATAAGAGAATACTCACAGA,0,1344975
furpa,0.5,1,1,CATAACGAGTCAGCATGCGA,0,1340116
furpa,0.5,1,1,CATAACCTGACACATTTTCG,0,1286965
furpa,0.5,1,1,CATAACCAGCGCGTCAGTGC,0,1297446
furpa,0.5,1,1,CATAACACATGGACTGCAAC,0,1332124
furpa,0.5,1,1,CAGTTTGCACCAAGCTAATG,0,1337290
furpa,0.5,1,1,CAGTTTGAGCGCCTGGGAGC,0,1273035
furpa,0.5,1,1,CAGTTGGCCTCCAGTAAAAC,0,1334429
furpa,0.5,1,1,CAGTTGCGTTCGGTGGGCGG,0,1296622
furpa,0.5,1,1,CAGTTGAGTGAAAAGAGAAT,0,1299731
furpa,0.5,1,1,CAGTTGACCCCTCGAGATGT,0,1341735
furpa,0.5,1,1,CAGTTCTGGAGAAAGCAGAT,0,1271931
furpa,0.5,1,1,CAGTTATTGTCTGCCCAAAC,0,1306865
furpa,0.5,1,1,CAGTTAGTGCTTAAGAGAAC,0,1301648
furpa,0.5,1,1,CAGTTAGGCGGCATAATTGC,0,1273267
furpa,0.5,1,1,CAGTTAGCCACACAACACGA,0,1274496
furpa,0.5,1,1,CAGTTACCGGTCTTGTGAAC,0,1306315
furpa,0.5,1,1,CAGTGTTTGAGTCATAATTA,0,1320121
furpa,0.5,1,1,CAGTGTCCGTGTAGACCTAT,0,1333262
furpa,0.5,1,1,CAGTGGTCTACGATGAACGC,0,1282120
furpa,0.5,1,1,CAGTGGGTAGAAACTACGCC,0,1289709
furpa,0.5,1,1,CAGTGGCCGTCGCGAAAGTA,0,1302945
furpa,0.5,1,1,CAGTGATCTAACACTACGGT,0,1351714
furpa,0.5,1,1,CAGTGACCGTGGATCTGGAC,0,1303368
furpa,0.5,1,1,CAGTGACCCTAGCTGCTATA,0,1295404
furpa,0.5,1,1,CAGTCTTTCTTATGGACGAT,0,1311923
furpa,0.5,1,1,CAGTCGCCGGTAAACCCAAT,0,1328911
furpa,0.5,1,1,CAGTCAGGGCGTTGAAACAC,0,1298671
furpa,0.5,1,1,CAGTAGTAGCGGTATATGGT,0,1274326
furpa,0.5,1,1,CAGTAGGTTATCTGGGTATA,0,1298761
furpa,0.5,1,1,CAGTAATAGCCTACAAGTTA,0,1355290
furpa,0.5,1,1,CAGGTTGGATAATACATCAC,0,1274200
furpa,0.5,1,1,CAGGTTGCCCCGTCGTTGTG,0,1336566
furpa,0.5,1,1,CAGGTTATATCCTCTACCGT,0,1277943
furpa,0.5,1,1,CAGGTGTTTGGGGCAAAGCT,0,1339932
furpa,0.5,1,1,CAGGTGCCGTCTTTTCTACC,0,1288918
furpa,0.5,1,1,CAGGTCTAATATTCATATCG,0,1303276
furpa,0.5,1,1,CAGGTAGCGTTCTTATTGAA,0,1294235
furpa,0.5,1,1,CAGGGTTAAACCTACGCTAA,0,1282527
furpa,0.5,1,1,CAGGGGCTGTTAGCGCAAGT,0,1304978
furpa,0.5,1,1,CAGGGGCATGCTATCCAGGA,0,1301389
furpa,0.5,1,1,CAGGGCGACGTGTTCGCTTG,0,1327123
furpa,0.5,1,1,CAGGGCAGATATCAGATCGG,0,1295941
furpa,0.5,1,1,CAGGGACGTCGAATGCCGAT,0,1336205
furpa,0.5,1,1,CAGGCTATCCTTATCGGCAG,0,1287344
furpa,0.5,1,1,CAGGCGTGACTGTTATGAAC,0,1356882
furpa,0.5,1,1,CAGGCATCACAATTGGGTAG,0,1328764
furpa,0.5,1,1,CAGGCAATGGGGTTCCCTAG,0,1281734
furpa,0.5,1,1,CAGGAGTGCGGCCATCTGTT,0,1325578
furpa,0.5,1,1,CAGGAGATGTTTTGGCGAAA,0,1354598
furpa,0.5,1,1,CAGGAATATTCGCTAGTAGT,0,1327675
furpa,0.5,1,1,CAGCTTGATGCCAGGGAATC,0,1308788
furpa,0.5,1,1,CAGCTCACTTTACTGACTCA,0,1278770
furpa,0.5,1,1,CAGCGTCTTATACGATGTCT,0,1351566
furpa,0.5,1,1,CAGCGGGCTTCTTGTTCTCG,0,1277297
furpa,0.5,1,1,CAGCGGCAGTACTGGTGTAG,0,1326918
furpa,0.5,1,1,CAGCCTTGGACTAACGCTGA,0,1339574
furpa,0.5,1,1,CAGCCTGGAACCATCCCCGG,0,1300268
furpa,0.5,1,1,CAGCCTCTTGGCTACACGTC,0,1346976
furpa,0.5,1,1,CAGCCTCACTAAACAGGCGC,0,1345307
furpa,0.5,1,1,CAGCCGCAATAAGCTTAGTG,0,1353655
furpa,0.5,1,1,CAGCCCTTAGATGATTATTC,0,1343740
furpa,0.5,1,1,CAGCCCTGCCTGAGCACGAC,0,1331266
furpa,0.5,1,1,CAGCCCTCATTTACTTCGAG,0,1300685
furpa,0.5,1,1,CAGCCCGCTTGCGCCCGAAC,0,1326837
furpa,0.5,1,1,CAGCCAGTTCATCGGCAGAG,0,1317563
furpa,0.5,1,1,CAGCATGTGACGCCAAAATA,0,1324025
furpa,0.5,1,1,CAGCATCTAAAGACAGTCCA,0,1346196
furpa,0.5,1,1,CAGATCGGGCTGTGGAATCC,0,1328359
furpa,0.5,1,1,CAGATAGGTACCCGCATCAC,0,1349858
furpa,0.5,1,1,CAGAGTTTGACGGTAATGAT,0,1353366
furpa,0.5,1,1,CAGAGTGAGTGCGTCACATT,0,1314825
furpa,0.5,1,1,CAGAGGCGCGCAAATTTACC,0,1339066
furpa,0.5,1,1,CAGAGACTTTTTCTGTGTAG,0,1309488
furpa,0.5,1,1,CAGAGACCTTTCTGTCCGGC,0,1355458
furpa,0.5,1,1,CAGACTTTCGGGAACCAATG,0,1330186
furpa,0.5,1,1,CAGACTCCTGGGCACGAACA,0,1321364
furpa,0.5,1,1,CAGACCTCAACGGCTCCCCA,0,1284488
furpa,0.5,1,1,CAGACCCGATCGTCGTAACT,0,1293627
furpa,0.5,1,1,CAGACATCACCTCATACTAC,0,1293795
furpa,0.5,1,1,CAGAAGTTACAATTTAATCT,0,1344502
furpa,0.5,1,1,CAGAAGAATTACCGGACCCA,0,1327650
furpa,0.5,1,1,CAGAACTGAACTTTGATGAG,0,1281667
furpa,0.5,1,1,CAGAAAGAAGCACAACCCTA,0,1291991
furpa,0.5,1,1,CACTTTTAACATCACAACAT,0,1292550
furpa,0.5,1,1,CACTTCCCCCGCTCCGTTTT,0,1354586
furpa,0.5,1,1,CACTGTGTACCCGGTAACCT,0,1316375
furpa,0.5,1,1,CACTGGCGGCCACACTCGGT,0,1281264
furpa,0.5,1,1,CACTGAACAAGAGGTGCGAT,0,1328407
furpa,0.5,1,1,CACTCCTGGGCAGGGGTCAT,0,1316590
furpa,0.5,1,1,CACTCCCCTTCTGGGGAACT,0,1315033
furpa,0.5,1,1,CACTCAGGTATGAGGAAGTA,0,1330041
furpa,0.5,1,1,CACTCAAAAGCACTAGCAGC,0,1313070
furpa,0.5,1,1,CACTACAGTATCACGTATCA,0,1345828
furpa,0.5,1,1,CACTACAATATTTTGCAAAG,0,1315584
furpa,0.5,1,1,CACTACAAGGCTACTGGCGG,0,1272895
furpa,0.5,1,1,CACTAATTATCTTATGCCGG,0,1274588
furpa,0.5,1,1,CACTAAACTCGCGTCTCGAC,0,1285120
furpa,0.5,1,1,CACGTGGCTGAAGGATTGTG,0,1274741
furpa,0.5,1,1,CACGTGCTGCAACGCGATTA,0,1271833
furpa,0.5,1,1,CACGTCCCTTTAGGACCTGC,0,1305995
furpa,0.5,1,1,CACGGTTATGACAATCAGAT,0,1292800
furpa,0.5,1,1,CACGGTGCAAGAGTAAACTG,0,1276042
furpa,0.5,1,1,CACGGTCCTCTCTCCCTCAG,0,1274365
furpa,0.5,1,1,CACGGTCATAAAGTCCCTAT,0,1327180
furpa,0.5,1,1,CACGGCATTAAAGGAGCCTG,0,1332585
furpa,0.5,1,1,CACGCGGACGCTGGACATGT,0,1344309
furpa,0.5,1,1,CACGCGCAATCTCTTATGTA,0,1351399
furpa,0.5,1,1,CACGCCGCCGCCGCCAGACA,0,1296740
furpa,0.5,1,1,CACGATGGTAATGCATTCCG,0,1277745
furpa,0.5,1,1,CACGAGTAGGCACCCCTCCA,0,1349195
furpa,0.5,1,1,CACGAAGTGAACAAATCAGA,0,1301006
furpa,0.5,1,1,CACGAACAAACTCCCGCCAA,0,1271286
furpa,0.5,1,1,CACGAAACGGGCTAAGTGCT,0,1347055
furpa,0.5,1,1,CACCTTAGTGATAACAAATG,0,1353743
furpa,0.5,1,1,CACCTGCGGTTCCGACGCAG,0,1276278
furpa,0.5,1,1,CACCTGCAGTTTCGCGAGCT,0,1322334
furpa,0.5,1,1,CACCTAGAATAGAGGTACCA,0,1314384
furpa,0.5,1,1,CACCGTGGGTTCTCCGTCTT,0,1324715
furpa,0.5,1,1,CACCGCTTATGAAACATGAT,0,1350867
furpa,0.5,1,1,CACCGCGATGCTCGTATGCT,0,1306239
furpa,0.5,1,1,CACCGACCGAGGAGGGCCGT,0,1297574
furpa,0.5,1,1,CACCCTCTTAGCGCCGTACG,0,1284971
furpa,0.5,1,1,CACCCTCGAGTTGCTTGTTC,0,1304551
furpa,0.5,1,1,CACCCGGTATAAGACGCGCA,0,1308206
furpa,0.5,1,1,CACCCCTAGGCGAGCAATCA,0,1275504
furpa,0.5,1,1,CACCATGCGGGCTCCTGGTG,0,1280828
furpa,0.5,1,1,CACCAGTCCCTGTGACTGGG,0,1289322
furpa,0.5,1,1,CACCAAAAACAATAGGTTCA,0,1332849
furpa,0.5,1,1,CACATCGCGGAAATTGCACT,0,1357438
furpa,0.5,1,1,CACATCCCCACCGAGCCAGC,0,1292311
furpa,0.5,1,1,CACATAGCCCCTCGATGCCC,0,1325111
furpa,0.5,1,1,CACAGTCCTAATAGACCTAA,0,1309836
furpa,0.5,1,1,CACAGTACCTTAACAAAGCA,0,1275309
furpa,0.5,1,1,CACAGGTTGCGACGCTCTAA,0,1353275
furpa,0.5,1,1,CACAGGGCTTGCGAGGGATA,0,1290155
furpa,0.5,1,1,CACAGGCACTATCACTCAAC,0,1343518
furpa,0.5,1,1,CACAGAGATCATGTGGGCCA,0,1271429
furpa,0.5,1,1,CACAGACGTGTTATCCCAGT,0,1280745
furpa,0.5,1,1,CACAGAACGTAGTTATTTGG,0,1323226
furpa,0.5,1,1,CACACTGGCACACGAGCGGG,0,1346929
furpa,0.5,1,1,CACACGTACGGGTTGCATAT,0,1355256
furpa,0.5,1,1,CACACGAGGGGGCTGGCATC,0,1355977
furpa,0.5,1,1,CACACCGAAATCGAAATTTT,0,1287885
furpa,0.5,1,1,CACACCAGCCGAGGTACATG,0,1307115
furpa,0.5,1,1,CACAATCCCCCGAGAACGTG,0,1354692
furpa,0.5,1,1,CACAACTCTGCGCTGGCAGC,0,1315598
furpa,0.5,1,1,CACAACAGGTTCATGCCCAT,0,1299961
furpa,0.5,1,1,CAATTTCAAAAGCGATTCGT,0,1332306
furpa,0.5,1,1,CAATTTAAGAGTACGTATAA,0,1317724
furpa,0.5,1,1,CAATTTAAGACTGAGATCAC,0,1278486
furpa,0.5,1,1,CAATTGAGGTTGGCCTTGCT,0,1289427
furpa,0.5,1,1,CAATTCAGTTCTTCTAGATA,0,1275929
furpa,0.5,1,1,CAATTCACATGGGAGTAGAG,0,1299015
furpa,0.5,1,1,CAATTAATCAAGTGGAGGAA,0,1289380
furpa,0.5,1,1,CAATTAAAACCGCATCGTTA,0,1317487
furpa,0.5,1,1,CAATGTCTCCTTACTATTAA,0,1280363
furpa,0.5,1,1,CAATGGTAGGCATGGCAGGA,0,1340774
furpa,0.5,1,1,CAATGGCCAAGAGACTCGAA,0,1278007
furpa,0.5,1,1,CAATGGAATCGAGCATGTAT,0,1305742
furpa,0.5,1,1,CAATGCTTTCTATGACACTT,0,1322777
furpa,0.5,1,1,CAATGCCCTACCTTAACTCC,0,1275763
furpa,0.5,1,1,CAATGCACAGATGCCAGGGA,0,1330601
furpa,0.5,1,1,CAATGAGGACGCGGCGACAT,0,1279967
furpa,0.5,1,1,CAATCGGACTTTATTTCGCT,0,1292024
furpa,0.5,1,1,CAATCAGATGTCGCTGCTGT,0,1276666
furpa,0.5,1,1,CAATCACTAGGACTCACCGC,0,1288606
furpa,0.5,1,1,CAATAGCGTTCACGGTCTCG,0,1308904
furpa,0.5,1,1,CAATAGCGTCACGGAGGGGT,0,1308478
furpa,0.5,1,1,CAATACTGCGCTCTACACCA,0,1272596
furpa,0.5,1,1,CAATAAACCCGGCCCTGCAG,0,1281407
furpa,0.5,1,1,CAAGTTTAGGCTCTAAGAGG,0,1285294
furpa,0.5,1,1,CAAGTTGTAGATGTTACTGG,0,1283479
furpa,0.5,1,1,CAAGTCTCCGCCTTGGGCAT,0,1296940
furpa,0.5,1,1,CAAGTAGAAGTGATACTAGA,0,1309108
furpa,0.5,1,1,CAAGGTTCAATCAGGATAGG,0,1308890
furpa,0.5,1,1,CAAGGAGTTTTACCTAGCGA,0,1284102
furpa,0.5,1,1,CAAGGACGACAGACAATTTG,0,1294540
furpa,0.5,1,1,CAAGCTACGGTTTCCTGGCT,0,1304215
furpa,0.5,1,1,CAAGCTACAGAGTTATCTTG,0,1326042
furpa,0.5,1,1,CAAGCGCGTCAGGTCGCGGT,0,1325054
furpa,0.5,1,1,CAAGCCACAAGTTGGAGTTT,0,1316137
furpa,0.5,1,1,CAAGCACATGGTTTGTTCTT,0,1306497
furpa,0.5,1,1,CAAGACCTGCCTGTTCGAAA,0,1307527
furpa,0.5,1,1,CAAGACCCTAAGTCATTCTT,0,1303451
furpa,0.5,1,1,CAAGACACTGTGTTCGAGCC,0,1328179
furpa,0.5,1,1,CAACTGTGTTAGCGTCAGAA,0,1285020
furpa,0.5,1,1,CAACTCTATTTATGTGCCAG,0,1315782
furpa,0.5,1,1,CAACTAGTGTATAGATTTGA,0,1287451
furpa,0.5,1,1,CAACTAATGCTGAGGTCAAT,0,1343355
furpa,0.5,1,1,CAACGTTTAGACACGGATCC,0,1305274
furpa,0.5,1,1,CAACGGGTCCCCCACCGAAC,0,1345381
furpa,0.5,1,1,CAACGGCTATTAGTGGGTGC,0,1291797
furpa,0.5,1,1,CAACGGCTAAAAAACTTCGA,0,1313644
furpa,0.5,1,1,CAACGCTTTTATGAGGACGT,0,1301999
furpa,0.5,1,1,CAACGCTGGTTTGAGGTGAG,0,1305491
furpa,0.5,1,1,CAACGACTTATTCAAATAGT,0,1275079
furpa,0.5,1,1,CAACCTCGCATCTATTCCAT,0,1321534
furpa,0.5,1,1,CAACCTCACGCAGGGTATTA,0,1309522
furpa,0.5,1,1,CAACCGCGCCATCATAGGGC,0,1342441
furpa,0.5,1,1,CAACCCGTGAGCCGGCCAGG,0,1333147
furpa,0.5,1,1,CAACCCGTCTCGTTGATGCT,0,1349558
furpa,0.5,1,1,CAACAGAGGTAGCATTCGCA,0,1345122
furpa,0.5,1,1,CAACACAGTGCGTTGTAAGA,0,1281585
furpa,0.5,1,1,CAACACAGTGATTTGAGGTG,0,1321413
furpa,0.5,1,1,CAACACACGGCGGTCCCCCT,0,1276383
furpa,0.5,1,1,CAACAATTATCGCGCATGAC,0,1337513
furpa,0.5,1,1,CAAATTCGTGACCATCAAGA,0,1283448
furpa,0.5,1,1,CAAATCTGAATCACATTCCC,0,1350651
furpa,0.5,1,1,CAAAGTCATCCCCTTTCTGT,0,1272074
furpa,0.5,1,1,CAAAGACGCAGTTGGGGGCG,0,1302823
furpa,0.5,1,1,CAAACTTTTATTCGGCGGAC,0,1280905
furpa,0.5,1,1,CAAACTTTCTTTCCGGTGTG,0,1332814
furpa,0.5,1,1,CAAACATCTACGTACTTTCT,0,1312940
furpa,0.5,1,1,CAAAATTACAACTGGTGGGA,0,1350959
furpa,0.5,1,1,CAAAATGCGGTAGCCACTGT,0,1296288
furpa,0.5,1,1,CAAAAAGGACCATTCGAAAA,0,1328589
furpa,0.5,1,1,ATTTTTTTTCGCGCGATTTC,0,1344793
furpa,0.5,1,1,ATTTTTCTGTTCTTAAACAA,0,1290071
furpa,0.5,1,1,ATTTTTCCACAGAAAGGAGA,0,1290267
furpa,0.5,1,1,ATTTTGTTGGGGGGGCCATG,0,1286641
furpa,0.5,1,1,ATTTTGTTATCTTCGCAATT,0,1315517
furpa,0.5,1,1,ATTTTCTTTTGGTCGGAAAA,0,1346397
furpa,0.5,1,1,ATTTTCTTGTGATGAGGTCC,0,1300736
furpa,0.5,1,1,ATTTTCGGTGGCAAAAAATG,0,1348381
furpa,0.5,1,1,ATTTTCATTATCCTCACGCG,0,1336581
furpa,0.5,1,1,ATTTTCACTCCCTACTGAAA,0,1340528
furpa,0.5,1,1,ATTTTAAGGGTTATGCATCA,0,1282744
furpa,0.5,1,1,ATTTGTTCGCTTCGCTTATG,0,1301995
furpa,0.5,1,1,ATTTGGGTGCTTCCTATTTA,0,1344763
furpa,0.5,1,1,ATTTGGGCCAAGTCTCCTTA,0,1274584
furpa,0.5,1,1,ATTTGGACTGGAAACTCAAA,0,1331163
furpa,0.5,1,1,ATTTGCTGCTACAAGTTGTG,0,1304847
furpa,0.5,1,1,ATTTGCGGACTATAGGTTAA,0,1357322
furpa,0.5,1,1,ATTTCTTAAACGACAGTGGT,0,1306801
furpa,0.5,1,1,ATTTCGTGCATGACTCAATG,0,1278704
furpa,0.5,1,1,ATTTCGCTACACAGTATTTG,0,1343087
furpa,0.5,1,1,ATTTAGGGTTTAGAGTAAGG,0,1327169
furpa,0.5,1,1,ATTTAGCACCTTCATAGCCT,0,1324779
furpa,0.5,1,1,ATTTACTTCCGGAATGCACT,0,1320833
furpa,0.5,1,1,ATTTACGAACCGTGAGGTTA,0,1301930
furpa,0.5,1,1,ATTGTTGGGTGTGTTGTTGG,0,1279856
furpa,0.5,1,1,ATTGTGTGTATCCGTTTCCA,0,1322364
furpa,0.5,1,1,ATTGTGCGGAAAAGAAGAGG,0,1351690
furpa,0.5,1,1,ATTGTGACCTCCTGGCTTCT,0,1287056
furpa,0.5,1,1,ATTGTCCGCTAAACATACTA,0,1279623
furpa,0.5,1,1,ATTGTACCCCATAGTAGATT,0,1311875
furpa,0.5,1,1,ATTGGTGTAATAGTGATCAT,0,1344608
furpa,0.5,1,1,ATTGGTGGTATATGTGTCTG,0,1278109
furpa,0.5,1,1,ATTGGTGGCGTCGATGGATG,0,1308310
furpa,0.5,1,1,ATTGGGATGCCGCCACTGTA,0,1327145
furpa,0.5,1,1,ATTGGAGGTTGAACGATGAC,0,1325489
furpa,0.5,1,1,ATTGCTTAGTCAATACAGTT,0,1310086
furpa,0.5,1,1,ATTGCCTATGTATGGTCGGT,0,1288060
furpa,0.5,1,1,ATTGCCGACCCCCAGTAGCG,0,1335156
furpa,0.5,1,1,ATTGCCCTAAAATGTTCATT,0,1345808
furpa,0.5,1,1,ATTGCCCCTCAAAGAGGATT,0,1304216
furpa,0.5,1,1,ATTGATACGCCGGGCTTGTT,0,1328568
furpa,0.5,1,1,ATTGAGCTGCTGAGAAAGAA,0,1354138
furpa,0.5,1,1,ATTGACTAGCGGTTGCGGCA,0,1275151
furpa,0.5,1,1,ATTGAATACGATTATCTCGG,0,1295395
furpa,0.5,1,1,ATTGAAATCGGCCTTCGTCG,0,1304901
furpa,0.5,1,1,ATTCTGTGAGCTTGTTGGCA,0,1354040
furpa,0.5,1,1,ATTCTGACTGGCGAGGCTTG,0,1311199
furpa,0.5,1,1,ATTCGTACTTTATTTAACGG,0,1292801
furpa,0.5,1,1,ATTCGGGTTACGAAATTGGG,0,1350513
furpa,0.5,1,1,ATTCGGACTTCGGTAAGAAT,0,1305062
furpa,0.5,1,1,ATTCGCGCCTTCCCACTTTA,0,1352432
furpa,0.5,1,1,ATTCGAGTGAATCCTTGGTC,0,1333520
furpa,0.5,1,1,ATTCGAGGACCGTCCGATTT,0,1281063
furpa,0.5,1,1,ATTCGACTTTCCACCTCTTC,0,1334343
furpa,0.5,1,1,ATTCCTGTAGGTCTGGATCA,0,1279761
furpa,0.5,1,1,ATTCCCGTTCATACGGATTG,0,1330649
furpa,0.5,1,1,ATTCCAGCATTGGGGTTTTA,0,1301391
furpa,0.5,1,1,ATTCATGCGTGGTTTATTCA,0,1317225
furpa,0.5,1,1,ATTCAGGGCGATTGAGTAAG,0,1274435
furpa,0.5,1,1,ATTCAGGAGCTTAGAATTGA,0,1322573
furpa,0.5,1,1,ATTATTGCATATCTCCTATA,0,1327006
furpa,0.5,1,1,ATTATTAGGGGCAGAGGGAT,0,1341323
furpa,0.5,1,1,ATTATGTCAACGATTATATT,0,1311763
furpa,0.5,1,1,ATTATGAGACGACACAGATA,0,1336452
furpa,0.5,1,1,ATTATCGTGGAGGGCGTACG,0,1336962
furpa,0.5,1,1,ATTATAGAAAAGCATTCTTG,0,1310446
furpa,0.5,1,1,ATTATACTAGGCGTAATCGA,0,1285278
furpa,0.5,1,1,ATTAGTTGTACATGCGTGTG,0,1303122
furpa,0.5,1,1,ATTAGTGGTACTGATCAACG,0,1289766
furpa,0.5,1,1,ATTAGTGGACAATCGATGAC,0,1274134
furpa,0.5,1,1,ATTAGGCATACGCTGGGACG,0,1326823
furpa,0.5,1,1,ATTAGGAATTCATAGGTAGA,0,1337351
furpa,0.5,1,1,ATTAGCATAGAGCGACGCGC,0,1283946
furpa,0.5,1,1,ATTAGACGGATACCAAATGG,0,1329606
furpa,0.5,1,1,ATTACTTGCGAAGCGATTTA,0,1330663
furpa,0.5,1,1,ATTACTCGACACTATAGGAC,0,1308005
furpa,0.5,1,1,ATTACTAAAAGAGGACGTTG,0,1290669
furpa,0.5,1,1,ATTACGATGAAGTACTGGGG,0,1326660
furpa,0.5,1,1,ATTACACCGGTTGATGGAGA,0,1294628
furpa,0.5,1,1,ATTAATCCGTGGCACCGGCA,0,1281940
furpa,0.5,1,1,ATTAATAACACTGTATGCTT,0,1333896
furpa,0.5,1,1,ATTAAGGTGACTGCCATTAA,0,1339132
furpa,0.5,1,1,ATGTTTAGTCATCACCTACG,0,1321863
furpa,0.5,1,1,ATGTTGGCCATATTACACGT,0,1339556
furpa,0.5,1,1,ATGTTGGAAAGTATTTAGAA,0,1312086
furpa,0.5,1,1,ATGTTCGCTACTCCCAGGCT,0,1333737
furpa,0.5,1,1,ATGTTCCCAATTTGTGATTT,0,1348671
furpa,0.5,1,1,ATGTTCAACCGTTATCCCGT,0,1276247
furpa,0.5,1,1,ATGTTAATTTGTTGGCCCTC,0,1281276
furpa,0.5,1,1,ATGTGTAGAATCGGAAGACT,0,1336230
furpa,0.5,1,1,ATGTGAGTGAGAGCCAACTA,0,1338629
furpa,0.5,1,1,ATGTCGGGGGGGCAATGGCC,0,1301627
furpa,0.5,1,1,ATGTCGAATACGGGCGCACA,0,1339927
furpa,0.5,1,1,ATGTCCGAGACGTAGACTTC,0,1271775
furpa,0.5,1,1,ATGTATGTAATCTTTCTCCA,0,1323131
furpa,0.5,1,1,ATGTATCCTTGGCGAGGGGG,0,1320606
furpa,0.5,1,1,ATGTAGGGTTTCTGCAATCG,0,1297763
furpa,0.5,1,1,ATGTAGGGTAAAATGGCGAC,0,1296900
furpa,0.5,1,1,ATGTAGAGCAGCCGCCTCAG,0,1343928
furpa,0.5,1,1,ATGTAATGGGATCACCAATG,0,1325760
furpa,0.5,1,1,ATGTAACCGCAAATTGTTGC,0,1333464
furpa,0.5,1,1,ATGGTTCTCCCGAACTATCA,0,1342695
furpa,0.5,1,1,ATGGTGCTCGCTATGAAAGA,0,1321761
furpa,0.5,1,1,ATGGTACCGTCGCGGCGTGC,0,1275181
furpa,0.5,1,1,ATGGGTTTCCCGGGCCATAG,0,1329727
furpa,0.5,1,1,ATGGGGGACTGCGATCCGAT,0,1333647
furpa,0.5,1,1,ATGGGGCCATCTATTCGGCC,0,1345874
furpa,0.5,1,1,ATGGGCAAGTATATTTTACT,0,1327349
furpa,0.5,1,1,ATGGGACTGGTTCCATGAAT,0,1273137
furpa,0.5,1,1,ATGGGAACTCGGCCCGTCTT,0,1299103
furpa,0.5,1,1,ATGGGAAAATATTCTGCCTA,0,1340837
furpa,0.5,1,1,ATGGCTGTGTGTGGGTTTTT,0,1329355
furpa,0.5,1,1,ATGGCTACGCGACCCTGCGA,0,1329009
furpa,0.5,1,1,ATGGCGGGAGCTTCTTCGCC,0,1274025
furpa,0.5,1,1,ATGGCATGTCTACAGATACC,0,1310839
furpa,0.5,1,1,ATGGATGAATGGAATGATCC,0,1346347
furpa,0.5,1,1,ATGGATCTATTCTAGGCCCG,0,1336826
furpa,0.5,1,1,ATGGAGATAGGACCATGACA,0,1273656
furpa,0.5,1,1,ATGGAATGATGCAGATGATG,0,1301946
furpa,0.5,1,1,ATGGAAGCCCCGAGCTGCCA,0,1289405
furpa,0.5,1,1,ATGGAACTGGTCGTCCTTGT,0,1344322
furpa,0.5,1,1,ATGGAAACCTCTTTCATAAC,0,1328664
furpa,0.5,1,1,ATGCTTAGTTCGAGATGTGT,0,1282529
furpa,0.5,1,1,ATGCTTAATCTGACGTTACG,0,1326966
furpa,0.5,1,1,ATGCTGGTACCATACGGGCT,0,1352534
furpa,0.5,1,1,ATGCTGATTGCAATGTTTCG,0,1304286
furpa,0.5,1,1,ATGCTCCGGAATTGAGATGT,0,1341146
furpa,0.5,1,1,ATGCTCACTTGAGGAATTAG,0,1273914
furpa,0.5,1,1,ATGCTACGTAAATCATTCGG,0,1314986
furpa,0.5,1,1,ATGCTAATGTATATACTGTA,0,1354171
furpa,0.5,1,1,ATGCGTGGATGCGGCTAACT,0,1274859
furpa,0.5,1,1,ATGCGTCTGGTACTATCATT,0,1341241
furpa,0.5,1,1,ATGCGGTTGAAGGATACCGT,0,1333518
furpa,0.5,1,1,ATGCGGAGGCTTAGAAGACA,0,1351893
furpa,0.5,1,1,ATGCGAGGGTAGTCTGGGAC,0,1299525
furpa,0.5,1,1,ATGCGACCGTTCAGTGGATA,0,1311760
furpa,0.5,1,1,ATGCCTGGAACTGAGTGCTG,0,1275427
furpa,0.5,1,1,ATGCCGGTATAGTCCGGTGT,0,1357526
furpa,0.5,1,1,ATGCCCGGGCCTGGCCTGAT,0,1295446
furpa,0.5,1,1,ATGCCACGGAATGCCACGGC,0,1292184
furpa,0.5,1,1,ATGCATGGAAGTCTCAAACG,0,1300894
furpa,0.5,1,1,ATGCAGGAGGCTTCGAAAGC,0,1352593
furpa,0.5,1,1,ATGCAGCGTCGTTAGGGAGC,0,1339869
furpa,0.5,1,1,ATGCACAATCATTATCCACA,0,1351569
furpa,0.5,1,1,ATGCAACTCCGTTAGCTAGT,0,1288699
furpa,0.5,1,1,ATGATTATATAAAGTGGGTC,0,1296438
furpa,0.5,1,1,ATGATGTACTCAGGCATAAA,0,1317282
furpa,0.5,1,1,ATGATAGGGCCGAGTAATAC,0,1292376
furpa,0.5,1,1,ATGAGGTGGCCAAAACATTT,0,1334184
furpa,0.5,1,1,ATGAGGCCTCACACGTCAAA,0,1291016
furpa,0.5,1,1,ATGAGCGTTGGAGGCTGGAT,0,1340446
furpa,0.5,1,1,ATGAGCGTCACCCGTTCCCG,0,1275712
furpa,0.5,1,1,ATGAGCGCGGTGAATCGAGT,0,1316939
furpa,0.5,1,1,ATGAGAAAAGAGGAAATACG,0,1309274
furpa,0.5,1,1,ATGACTCAATGGTCGTTGGA,0,1341631
furpa,0.5,1,1,ATGACGGAAGTGGACTAGGG,0,1310903
furpa,0.5,1,1,ATGACCATCGAAAACTACAC,0,1289104
furpa,0.5,1,1,ATGACATCGGGGGGCCGGGA,0,1341253
furpa,0.5,1,1,ATGAATTTGATAAGTCTTCC,0,1271778
furpa,0.5,1,1,ATGAATCGCAGGCTTCGCCC,0,1305040
furpa,0.5,1,1,ATGAATAACAAAGAGCGCGC,0,1324057
furpa,0.5,1,1,ATGAAACGTCGCCTTATTAC,0,1324366
furpa,0.5,1,1,ATCTTCGTCGGGTAATGTTA,0,1307354
furpa,0.5,1,1,ATCTCTTATGTTATTCCTAG,0,1350086
furpa,0.5,1,1,ATCTCGTGCACAACGTGCAA,0,1285942
furpa,0.5,1,1,ATCTCGACCCAAATGTACTA,0,1279804
furpa,0.5,1,1,ATCTCCTGTGCTGGGAACGA,0,1279450
furpa,0.5,1,1,ATCTCAGTCTGCCTTCAACA,0,1297405
furpa,0.5,1,1,ATCTCAGGGTGCCAGCTGTG,0,1274000
furpa,0.5,1,1,ATCTAGGTACTAAAACGCGA,0,1310901
furpa,0.5,1,1,ATCTAATGAGCCTCACGCGC,0,1344564
furpa,0.5,1,1,ATCTAAGCAGAGACTTGCTA,0,1316901
furpa,0.5,1,1,ATCGTTTGTTAATGGGTATT,0,1351451
furpa,0.5,1,1,ATCGTTTCTCGATGGTGTTT,0,1284346
furpa,0.5,1,1,ATCGTTCAAGTGGGGCGCTC,0,1274197
furpa,0.5,1,1,ATCGTTATAGAACGTGTGAA,0,1291119
furpa,0.5,1,1,ATCGTCGCATCAGTCGAGAT,0,1316707
furpa,0.5,1,1,ATCGTAGGGCGCCCTGTCTG,0,1323816
furpa,0.5,1,1,ATCGGGTGTCAAAAAGCGTG,0,1339798
furpa,0.5,1,1,ATCGGGTGCTAAGCCGCGGA,0,1275796
furpa,0.5,1,1,ATCGGGATGTCATACAGCGT,0,1311271
furpa,0.5,1,1,ATCGGCACAGAGCCGGATGT,0,1342254
furpa,0.5,1,1,ATCGCGTCGGTGGTGGCGGG,0,1292706
furpa,0.5,1,1,ATCGCCCTTCGAATCATCAT,0,1333950
furpa,0.5,1,1,ATCGCCCGACGTCCAATGGA,0,1289715
furpa,0.5,1,1,ATCGCATCAATCCATAACAT,0,1319632
furpa,0.5,1,1,ATCGAGTAATACGCCATCAC,0,1277510
furpa,0.5,1,1,ATCGAGGGGAAGTTTATAAG,0,1328358
furpa,0.5,1,1,ATCCTTTTGAAGATATGAAC,0,1298015
furpa,0.5,1,1,ATCCTCGAGTGTTTTAAATT,0,1285521
furpa,0.5,1,1,ATCCTCCTCGGCATTTCTTT,0,1319383
furpa,0.5,1,1,ATCCTCCCCTATCAGACTAA,0,1271856
furpa,0.5,1,1,ATCCTCATCGGCCATTAGCT,0,1326669
furpa,0.5,1,1,ATCCTCATCCTCTAAATGGC,0,1349411
furpa,0.5,1,1,ATCCTCACCCCTAAGGACGC,0,1295203
furpa,0.5,1,1,ATCCTAGACCCACAGTTTAT,0,1328608
furpa,0.5,1,1,ATCCGTGTACTTGTTCTGCA,0,1315160
furpa,0.5,1,1,ATCCGCCGTCTACGTCATCA,0,1337657
furpa,0.5,1,1,ATCCGCAGCTAAGATTAGTG,0,1277479
furpa,0.5,1,1,ATCCGCACGAGGATACTAAG,0,1335225
furpa,0.5,1,1,ATCCCCGTCAGCCGGCGCGC,0,1329275
furpa,0.5,1,1,ATCCCCGAACGGAACAGAGG,0,1288813
furpa,0.5,1,1,ATCCCCCACTTGGGAGCCTC,0,1352271
furpa,0.5,1,1,ATCATTCCTGGATCCGTTAA,0,1343049
furpa,0.5,1,1,ATCATCTAGTCTGACCAAGG,0,1309137
furpa,0.5,1,1,ATCATCCTTAGCTAGATATC,0,1327615
furpa,0.5,1,1,ATCATAACCGTGAGCGAGGC,0,1278619
furpa,0.5,1,1,ATCAGTTTGCTGTCACTGCT,0,1298075
furpa,0.5,1,1,ATCAGTGGCGTACTTGTTAT,0,1355297
furpa,0.5,1,1,ATCAGCAAAATGAGCGGACT,0,1272472
furpa,0.5,1,1,ATCAGACTAGCTTGATCTAA,0,1318957
furpa,0.5,1,1,ATCACTCTTCCCTACACGTA,0,1326195
furpa,0.5,1,1,ATCACGCAGGCTGACAATGG,0,1335990
furpa,0.5,1,1,ATCACCTCATCGCTCCTTTT,0,1325621
furpa,0.5,1,1,ATCACCCTATCATCTCGCGA,0,1333224
furpa,0.5,1,1,ATCACACCCTAACGGAGAGT,0,1304124
furpa,0.5,1,1,ATCAATTGTTCGTTGACGAC,0,1301838
furpa,0.5,1,1,ATATTGCCGCAACAGTCGAT,0,1305087
furpa,0.5,1,1,ATATTCCATACAATGCTCCT,0,1334112
furpa,0.5,1,1,ATATTCCAATCACGGCCCAT,0,1283888
furpa,0.5,1,1,ATATTAGAAATTGCTAAATC,0,1271733
furpa,0.5,1,1,ATATTACTATGTGAATTCCC,0,1340548
furpa,0.5,1,1,ATATGTAAGACAAGTGTGAA,0,1275368
furpa,0.5,1,1,ATATGGTACATCCGTCAATA,0,1291879
furpa,0.5,1,1,ATATGGCGAGTTGCGGATTT,0,1309487
furpa,0.5,1,1,ATATGCTGACCCAGTTACCC,0,1301562
furpa,0.5,1,1,ATATGATAAGGAATACGAGA,0,1300984
furpa,0.5,1,1,ATATGAGCGTAGTCCACAGT,0,1289259
furpa,0.5,1,1,ATATCTTCTCTTCGCGGCCT,0,1341949
furpa,0.5,1,1,ATATCGAACGCGTACAAATC,0,1331833
furpa,0.5,1,1,ATATCCGTCCCCCCGAGTCC,0,1299918
furpa,0.5,1,1,ATATCCGGGCTGATCTTAAA,0,1299908
furpa,0.5,1,1,ATATCCATGGGGGGCAGTTT,0,1320499
furpa,0.5,1,1,ATATCAGCCCGTCCCTGTGG,0,1279171
furpa,0.5,1,1,ATATATGCAGCCCCGTGAGA,0,1329008
furpa,0.5,1,1,ATATACGCTCGGTACATCTT,0,1351588
furpa,0.5,1,1,ATATAATCAGCACGGAGCCC,0,1300108
furpa,0.5,1,1,ATAGTTGCACCCTCTCCCAA,0,1315052
furpa,0.5,1,1,ATAGTTCTAAAGGTGAGCCT,0,1329511
furpa,0.5,1,1,ATAGTTCACGTATTCTCACG,0,1338638
furpa,0.5,1,1,ATAGTGCGAATCTACGTGGG,0,1332708
furpa,0.5,1,1,ATAGTCTCAATTCAGGCGTT,0,1324304
furpa,0.5,1,1,ATAGTAGAAAGTATGCAGGG,0,1342950
furpa,0.5,1,1,ATAGTACGCAATATCCTCCA,0,1321256
furpa,0.5,1,1,ATAGTACATTTTGGAGTAAT,0,1306213
furpa,0.5,1,1,ATAGGTACGCAGTGAATGGT,0,1303510
furpa,0.5,1,1,ATAGGCACAAGCACAATCGT,0,1344580
furpa,0.5,1,1,ATAGGATAGGCTTGTTCCAG,0,1272918
furpa,0.5,1,1,ATAGCGTATTACCCTATTGC,0,1311009
furpa,0.5,1,1,ATAGCGCCGTGACATGCATC,0,1317090
furpa,0.5,1,1,ATAGCCTGCTTCACGCTCAG,0,1351495
furpa,0.5,1,1,ATAGCAGAGCCGGCTGACTT,0,1329431
furpa,0.5,1,1,ATAGATTCTAAAATCCCCAG,0,1290984
furpa,0.5,1,1,ATAGACTTTTGGACTCCAGC,0,1343873
furpa,0.5,1,1,ATAGACGCGCCATGTCAGCA,0,1286246
furpa,0.5,1,1,ATACTGGTAATATAGCGATG,0,1281508
furpa,0.5,1,1,ATACTGGGTCCACCCATCAA,0,1308687
furpa,0.5,1,1,ATACTGAACCTTGCTTAAGT,0,1292906
furpa,0.5,1,1,ATACTCCTCCAACTAGACAC,0,1272812
furpa,0.5,1,1,ATACTACGAGTAAGGAGCTA,0,1324500
furpa,0.5,1,1,ATACGTCAATGTAGCTACCA,0,1330401
furpa,0.5,1,1,ATACGCTTCGTAATTATGCT,0,1295295
furpa,0.5,1,1,ATACGCTGCGCGCCAGATAG,0,1274205
furpa,0.5,1,1,ATACGCGCGACCTTGTCCCA,0,1314817
furpa,0.5,1,1,ATACGAACTGGTGACGCGAG,0,1303964
furpa,0.5,1,1,ATACCTTGTACACTCGCATT,0,1332260
furpa,0.5,1,1,ATACCTAGCGCTCAACTTTT,0,1291584
furpa,0.5,1,1,ATACCGGACGCGGTTCGAGG,0,1284176
furpa,0.5,1,1,ATACCGCATTTTGCTAGTTT,0,1348150
furpa,0.5,1,1,ATACCCTTTCTGTCCCCTTT,0,1326920
furpa,0.5,1,1,ATACCCATCACGTACGGTGA,0,1284959
furpa,0.5,1,1,ATACCATGGAACACAGACTT,0,1346217
furpa,0.5,1,1,ATACCAGTATTATCATTGGT,0,1348640
furpa,0.5,1,1,ATACATGTCTCCGTTACAAC,0,1317152
furpa,0.5,1,1,ATACAGCATAGATCGTGTCT,0,1325798
furpa,0.5,1,1,ATACACCCGGGATTCCTGCC,0,1324938
furpa,0.5,1,1,ATACACATTAGAACTCCTGG,0,1339525
furpa,0.5,1,1,ATAATGCCAACGCGTGGTCA,0,1357633
furpa,0.5,1,1,ATAATCTCTATCTTACCGGG,0,1306348
furpa,0.5,1,1,ATAATAGCAAAGTCATACTA,0,1352544
furpa,0.5,1,1,ATAAGACTATCTGCGCGCAG,0,1315966
furpa,0.5,1,1,ATAACTCAGGTCAATTCGGG,0,1274323
furpa,0.5,1,1,ATAACCATTTGGCCTCGAAA,0,1352192
furpa,0.5,1,1,ATAACAGACCCGCTAGCTTG,0,1284268
furpa,0.5,1,1,ATAACACCGATGTTACTTTC,0,1348178
furpa,0.5,1,1,ATAAAGTTCCAATCCGGTAA,0,1321792
furpa,0.5,1,1,ATAAAGTATGTGCTCGCGCA,0,1332599
furpa,0.5,1,1,ATAAAACGACGCCTGGCCTT,0,1315135
furpa,0.5,1,1,AGTTTTTCACCCGTTGGCGA,0,1352682
furpa,0.5,1,1,AGTTTGCATATATTGGTTAT,0,1319139
furpa,0.5,1,1,AGTTTCTTCGGGGCGATCGT,0,1321582
furpa,0.5,1,1,AGTTGGTACGTGTAGTAACC,0,1331079
furpa,0.5,1,1,AGTTGGGGGTCAGAAGATAG,0,1343893
furpa,0.5,1,1,AGTTGCTACCTGTCCGGACC,0,1274062
furpa,0.5,1,1,AGTTGCGTGGTTATGCTTTA,0,1287904
furpa,0.5,1,1,AGTTGAGTGTGATACGATGT,0,1293985
furpa,0.5,1,1,AGTTGAGCCGCTCGAGTTCT,0,1285299
furpa,0.5,1,1,AGTTGACCCGGACCTCACTA,0,1307578
furpa,0.5,1,1,AGTTCGGAGGCATCGTGGAC,0,1329161
furpa,0.5,1,1,AGTTCCTCCGACGCTCTTCA,0,1284322
furpa,0.5,1,1,AGTTCCTCACTTCTCAGGGA,0,1335234
furpa,0.5,1,1,AGTTCATACCCCCGGTTTCA,0,1321974
furpa,0.5,1,1,AGTTAGAGACCGGTTATGAC,0,1311159
furpa,0.5,1,1,AGTTACAGCTCTTGTCACGA,0,1273879
furpa,0.5,1,1,AGTTAAATTTTGGTGCGATT,0,1340115
furpa,0.5,1,1,AGTGTTGGTATAGAACGTAG,0,1293894
furpa,0.5,1,1,AGTGTGTTATCATGAGGCAG,0,1276894
furpa,0.5,1,1,AGTGTCAGTTGGTTGCCACT,0,1343366
furpa,0.5,1,1,AGTGGGCATTCCAGTGGACA,0,1334827
furpa,0.5,1,1,AGTGGGCAGGTCCAGTTGAC,0,1272920
furpa,0.5,1,1,AGTGCCAACACAAGTGCCCC,0,1355773
furpa,0.5,1,1,AGTGCATCTCGCATTTGCCG,0,1332449
furpa,0.5,1,1,AGTGCAAGATCATACACGCT,0,1287502
furpa,0.5,1,1,AGTGAGTAAGGGTGTCCGAC,0,1285824
furpa,0.5,1,1,AGTGAGGAACCATCCTAGAC,0,1280027
furpa,0.5,1,1,AGTGAATTTCGGAGATGGAT,0,1336259
furpa,0.5,1,1,AGTGAAGGGCCACTGAGAAT,0,1333064
furpa,0.5,1,1,AGTCTGGTACCGCATACCAC,0,1351113
furpa,0.5,1,1,AGTCTGACAACACGTGCTGT,0,1342520
furpa,0.5,1,1,AGTCTCTGGGTGGCCCCTGT,0,1290347
furpa,0.5,1,1,AGTCTAAGTACATTCAGAGT,0,1276298
furpa,0.5,1,1,AGTCGTTTACGGGATCTAGG,0,1294794
furpa,0.5,1,1,AGTCGTTAATTCTGCGGCTT,0,1292361
furpa,0.5,1,1,AGTCGGTGGAAGGGCAGAGT,0,1304428
furpa,0.5,1,1,AGTCGGTACCCGGGTTTTAA,0,1304322
furpa,0.5,1,1,AGTCGGCCCACATATGAATA,0,1276545
furpa,0.5,1,1,AGTCGGATGAACCGTCGTCG,0,1276368
furpa,0.5,1,1,AGTCGGAGATAAGTGCTTTA,0,1304664
furpa,0.5,1,1,AGTCCTTGTAGGTGCTTGGA,0,1294968
furpa,0.5,1,1,AGTCCCGAGGGATCGGGACC,0,1285173
furpa,0.5,1,1,AGTCCATGATAATCGCCATC,0,1285987
furpa,0.5,1,1,AGTCCATACCAAAATCTTGC,0,1348070
furpa,0.5,1,1,AGTCATTTACTCACTCGTAG,0,1326389
furpa,0.5,1,1,AGTCAGGTCTGCACTTCTCT,0,1341845
furpa,0.5,1,1,AGTCAGCTGAATGCACTGGC,0,1287831
furpa,0.5,1,1,AGTCAGAGAGGGTGCTTTTC,0,1347425
furpa,0.5,1,1,AGTCAGAAATACAGTTCAAA,0,1330375
furpa,0.5,1,1,AGTCACGGAGATGAGAGGAT,0,1329110
furpa,0.5,1,1,AGTCAACTGGGGAAGCTTCA,0,1277712
furpa,0.5,1,1,AGTCAACTATCGTTAGGCAG,0,1291279
furpa,0.5,1,1,AGTATTTTAGTCTCGGGGCA,0,1301781
furpa,0.5,1,1,AGTATTCCGGTTTACCGACT,0,1279105
furpa,0.5,1,1,AGTATGGTGAACTCAGGTCG,0,1271280
furpa,0.5,1,1,AGTATGCACTATTAATTTTA,0,1280081
furpa,0.5,1,1,AGTATCCGACTAGGCCACGA,0,1271482
furpa,0.5,1,1,AGTATAGCTTAGATTCTAGT,0,1281293
furpa,0.5,1,1,AGTATAACTGTTATTCGAAT,0,1354709
furpa,0.5,1,1,AGTATAAATGTGAGAGTATC,0,1343333
furpa,0.5,1,1,AGTAGTGGATATTATCCGTA,0,1295897
furpa,0.5,1,1,AGTAGGTTGCGCGGTACTTG,0,1331763
furpa,0.5,1,1,AGTAGGTAGGCTATAAGGAC,0,1313917
furpa,0.5,1,1,AGTAGAGAATTGCGCAACCT,0,1348782
furpa,0.5,1,1,AGTACTCCCGCAGCGAGATT,0,1345891
furpa,0.5,1,1,AGTACGACACAGCGTGCCTG,0,1311363
furpa,0.5,1,1,AGTAATCAAGATCTTGACCA,0,1273455
furpa,0.5,1,1,AGTAACGTGCGTTAACATTG,0,1344602
furpa,0.5,1,1,AGGTTTATGATCAAAGACAT,0,1343563
furpa,0.5,1,1,AGGTTAGCGGGCGAGCGCCT,0,1338595
furpa,0.5,1,1,AGGTGTTACCGTTTGGGACG,0,1305459
furpa,0.5,1,1,AGGTGGTACTCAACACGCTT,0,1277114
furpa,0.5,1,1,AGGTGGGTCGAGTTTTGAAA,0,1311988
furpa,0.5,1,1,AGGTGGATACCAGCTCAGAG,0,1288458
furpa,0.5,1,1,AGGTGCAGGCCTTGTTTTAA,0,1334419
furpa,0.5,1,1,AGGTCGTGGTAGCTTTACCA,0,1305264
furpa,0.5,1,1,AGGTCGTATCCAGAGAATTA,0,1307472
furpa,0.5,1,1,AGGTCCTAATCAGATAGCGG,0,1308837
furpa,0.5,1,1,AGGTCATGCTCGAACCCTGT,0,1295580
furpa,0.5,1,1,AGGTCATCCGTCTCTAAGGC,0,1293576
furpa,0.5,1,1,AGGTATGAGAATCCGAATTG,0,1317210
furpa,0.5,1,1,AGGTAGTCACTGATGCTACT,0,1343711
furpa,0.5,1,1,AGGTAGAGCGCATGAACCAT,0,1343731
furpa,0.5,1,1,AGGTACGGGCCTATTGCCTG,0,1311083
furpa,0.5,1,1,AGGTACCATGTCGTAGTTAA,0,1349888
furpa,0.5,1,1,AGGGTTTGCACGACAGAAGG,0,1303191
furpa,0.5,1,1,AGGGTGAGGACTGGGGTATT,0,1335873
furpa,0.5,1,1,AGGGTGAATCTCGTGTAGGA,0,1327585
furpa,0.5,1,1,AGGGTGAAATTACCGCATTG,0,1275848
furpa,0.5,1,1,AGGGTCTCAGAAGAGCGCAG,0,1302279
furpa,0.5,1,1,AGGGTATAAAGCCAGCAAAA,0,1305691
furpa,0.5,1,1,AGGGTACCTTGCTAATTTAT,0,1309855
furpa,0.5,1,1,AGGGGTACGTAAGAGCGAGC,0,1289037
furpa,0.5,1,1,AGGGGGGTCGAGAGGTCTCC,0,1343847
furpa,0.5,1,1,AGGGGGAAATGAAAGGAAGG,0,1315582
furpa,0.5,1,1,AGGGGCAGTGTTCAGAGGCA,0,1336084
furpa,0.5,1,1,AGGGGATATAGTTTCGTTCC,0,1271718
furpa,0.5,1,1,AGGGGAGCAGGCCTGAGAGC,0,1328190
furpa,0.5,1,1,AGGGGAAGGTAATCCCTACT,0,1353297
furpa,0.5,1,1,AGGGCTTTCTCTACAGCAGA,0,1302018
furpa,0.5,1,1,AGGGCTGCTTGAGAAAATTA,0,1302107
furpa,0.5,1,1,AGGGCTGCTGCGTAGACGCA,0,1311368
furpa,0.5,1,1,AGGGCTCAGGTAAAACTCAG,0,1303023
furpa,0.5,1,1,AGGGCTAGTCACAAAAATCG,0,1335821
furpa,0.5,1,1,AGGGCTAGTATCGTTTTGAT,0,1346309
furpa,0.5,1,1,AGGGCTACAAGAAGGACCCA,0,1326711
furpa,0.5,1,1,AGGGCGGTGCTCACATCAGA,0,1355295
furpa,0.5,1,1,AGGGCGCTCTGAATCTAAAT,0,1330814
furpa,0.5,1,1,AGGGCGCCACAACGTACCGT,0,1329827
furpa,0.5,1,1,AGGGCCGCTACGCGGCCTTC,0,1274925
furpa,0.5,1,1,AGGGCCAGGATAGCGGCCGA,0,1310804
furpa,0.5,1,1,AGGGATATTGGGGTTCCTCG,0,1295445
furpa,0.5,1,1,AGGGAGACACTACGGACTAC,0,1314669
furpa,0.5,1,1,AGGGAACCGAGAGTTTCTTT,0,1352531
furpa,0.5,1,1,AGGCTGTGGGATGCTATAGG,0,1282404
furpa,0.5,1,1,AGGCTGCTGTTTTCAAGACA,0,1300042
furpa,0.5,1,1,AGGCTATACTAAAGTTATGG,0,1317115
furpa,0.5,1,1,AGGCTACTTCATCAGTGAAA,0,1304386
furpa,0.5,1,1,AGGCGTCATTCTGTTGTGCC,0,1332613
furpa,0.5,1,1,AGGCGCCTAATGATGGTAGT,0,1340117
furpa,0.5,1,1,AGGCGAGCCACACTGTCTCG,0,1279798
furpa,0.5,1,1,AGGCGAATCACTGTATGTGA,0,1276687
furpa,0.5,1,1,AGGCCTGACGGCCTACCATC,0,1346380
furpa,0.5,1,1,AGGCCTAAAGTAATCCGTGA,0,1344778
furpa,0.5,1,1,AGGCCGTCCAGAGCGAAAGA,0,1346059
furpa,0.5,1,1,AGGCCGTATGGGTAGTGTTA,0,1331080
furpa,0.5,1,1,AGGCCGGTTGCCGTGGCCTC,0,1321104
furpa,0.5,1,1,AGGCCGGGGCTGTTAGAGCA,0,1354911
furpa,0.5,1,1,AGGCCCTTCCCCTGCTCTCC,0,1338086
furpa,0.5,1,1,AGGCCCGAATCATAAAGATC,0,1355584
furpa,0.5,1,1,AGGCCAGGGGACAGTCCTTT,0,1346743
furpa,0.5,1,1,AGGCCACAAAATTATTTAGG,0,1274656
furpa,0.5,1,1,AGGCCAATATTACACCCGTC,0,1334534
furpa,0.5,1,1,AGGCAGGTCCGTGCACGCGG,0,1352591
furpa,0.5,1,1,AGGCACGTATACCCAAGTGC,0,1317357
furpa,0.5,1,1,AGGCACCGGCCCACGCGAAA,0,1284252
furpa,0.5,1,1,AGGATTTCGCGGGGGCCGAG,0,1279358
furpa,0.5,1,1,AGGATTGCAAGCCATGGTTA,0,1339978
furpa,0.5,1,1,AGGATTACCCATGACTACGG,0,1334403
furpa,0.5,1,1,AGGATCCGGGTACACAGTTT,0,1324839
furpa,0.5,1,1,AGGATAGTGGGAAGGCCGCT,0,1297432
furpa,0.5,1,1,AGGATACCTCTCCCGGTTTT,0,1288974
furpa,0.5,1,1,AGGAGTTACCTTTAGACATG,0,1310225
furpa,0.5,1,1,AGGAGGCGCAACCTGTGGAA,0,1293847
furpa,0.5,1,1,AGGAGGACTCAGGAAAGGAG,0,1283615
furpa,0.5,1,1,AGGAGCTACTTAGTGGTAAA,0,1343031
furpa,0.5,1,1,AGGAGAGTAAACACTGGGAA,0,1274624
furpa,0.5,1,1,AGGACTTCTTGCTCCCAACT,0,1305937
furpa,0.5,1,1,AGGACTTATTTAAATCCCAG,0,1323660
furpa,0.5,1,1,AGGACTGCTTCAGTTATTGC,0,1306484
furpa,0.5,1,1,AGGACCCTGACCGCTAATTC,0,1348990
furpa,0.5,1,1,AGGACCAAACGCCGGCTGGT,0,1342170
furpa,0.5,1,1,AGGAAGTATTTGACCGATAG,0,1273927
furpa,0.5,1,1,AGGAAGAGGTAAGGAAAGGA,0,1302946
furpa,0.5,1,1,AGGAAAGGGCCGACGTAGAT,0,1301522
furpa,0.5,1,1,AGCTTTGAAGCCACAGGGAC,0,1330394
furpa,0.5,1,1,AGCTTTCCAGTAGGCCGCGG,0,1276758
furpa,0.5,1,1,AGCTTGGACAATTGGGGATG,0,1333472
furpa,0.5,1,1,AGCTTGCGGTCACCGGCCAC,0,1353609
furpa,0.5,1,1,AGCTTGCGCCGCGCACGTCC,0,1298204
furpa,0.5,1,1,AGCTTCGACTGAGGAGGAGG,0,1298728
furpa,0.5,1,1,AGCTTAGGCGCTCTCGGCAA,0,1283074
furpa,0.5,1,1,AGCTTAACTCAGTTGGCGGT,0,1338431
furpa,0.5,1,1,AGCTTAACGTCGCTGACTCA,0,1271672
furpa,0.5,1,1,AGCTTAAAGGACAATATCCC,0,1281968
furpa,0.5,1,1,AGCTGTTTATTGCAAAGAAC,0,1295887
furpa,0.5,1,1,AGCTGCTTTAGCGTCGGGCA,0,1347838
furpa,0.5,1,1,AGCTGACCGATCTCCACCGC,0,1300599
furpa,0.5,1,1,AGCTCTGGTTAGGGCCACAT,0,1284254
furpa,0.5,1,1,AGCTCTAGGCATGCGCAGGT,0,1302940
furpa,0.5,1,1,AGCTCTACATAGGAGTCGCG,0,1354432
furpa,0.5,1,1,AGCTCTAATTTCGGTCTATC,0,1283606
furpa,0.5,1,1,AGCTCCCGTTTCTGGGCTTA,0,1345844
furpa,0.5,1,1,AGCTACATAGGAGAAATAGA,0,1290093
furpa,0.5,1,1,AGCTACACTGTCACCTGGTG,0,1333698
furpa,0.5,1,1,AGCGTGGGAGAGTGCTCCAA,0,1319143
furpa,0.5,1,1,AGCGTCCTGGCAAGGAAGGC,0,1335746
furpa,0.5,1,1,AGCGTAGGGCTTCGTAGATC,0,1285487
furpa,0.5,1,1,AGCGTACCAATTATCGTTTG,0,1298465
furpa,0.5,1,1,AGCGGTTAATGATATGACGG,0,1307900
furpa,0.5,1,1,AGCGGATAAGGCACAACAGA,0,1283874
furpa,0.5,1,1,AGCGGAGGCAAAGTCCGGAT,0,1276920
furpa,0.5,1,1,AGCGGACCGCAGCACCCAAT,0,1330859
furpa,0.5,1,1,AGCGCTTATGCGTCCAGAAT,0,1288161
furpa,0.5,1,1,AGCGCTGAGCGCAGATCCCG,0,1337159
furpa,0.5,1,1,AGCGCGGTTCGGATGCACAG,0,1324525
furpa,0.5,1,1,AGCGCGCTTCACCTCGGTTC,0,1298732
furpa,0.5,1,1,AGCGCCCAATATAGCGTAGT,0,1342774
furpa,0.5,1,1,AGCGCATGCTCTTGGGTCGG,0,1282887
furpa,0.5,1,1,AGCGATTAGGCCGAGCAGTC,0,1330004
furpa,0.5,1,1,AGCGAGCTACGTCTGGGTAT,0,1284761
furpa,0.5,1,1,AGCGAGCCCGACTCATACGA,0,1275785
furpa,0.5,1,1,AGCCTGTCTTAGGCGTTTCC,0,1325995
furpa,0.5,1,1,AGCCTCGTCCAATTTATCGT,0,1293995
furpa,0.5,1,1,AGCCTATAGGGCAATCGTTG,0,1324759
furpa,0.5,1,1,AGCCGGCTGCTCGATATTCT,0,1318822
furpa,0.5,1,1,AGCCGGATATTGTGGTCTCT,0,1319104
furpa,0.5,1,1,AGCCGCGAACAAAGTACCCT,0,1311793
furpa,0.5,1,1,AGCCGAGAAGTTGGTTACGA,0,1315417
furpa,0.5,1,1,AGCCGACAGACTCACCTATT,0,1301882
furpa,0.5,1,1,AGCCCTCCATTGATTATTCA,0,1348527
furpa,0.5,1,1,AGCCCTATGGGAATGTAGTG,0,1281332
furpa,0.5,1,1,AGCCCCTTACGGCTGAGTGG,0,1271215
furpa,0.5,1,1,AGCCATCAGTCTGGCAAAAA,0,1294705
furpa,0.5,1,1,AGCCACGTGGTGTGGAATCG,0,1291125
furpa,0.5,1,1,AGCCACCAGTCCGCGGGGGT,0,1337433
furpa,0.5,1,1,AGCCACACTCATGCATAGGG,0,1356921
furpa,0.5,1,1,AGCATTGACACATCAGAGCA,0,1311866
furpa,0.5,1,1,AGCATTAATACGTAGGTGCA,0,1309717
furpa,0.5,1,1,AGCATGTTATCACAGTCTTG,0,1324647
furpa,0.5,1,1,AGCATGACAACGGTGACTGT,0,1280374
furpa,0.5,1,1,AGCATCCCTCACGCCTGCGG,0,1303398
furpa,0.5,1,1,AGCATAGATCACGTACCGTG,0,1346953
furpa,0.5,1,1,AGCAGTTTTCGGTACACGAG,0,1340555
furpa,0.5,1,1,AGCAGCCGAGTTACTGGCTA,0,1341133
furpa,0.5,1,1,AGCAGCCCATTTGTATGTCT,0,1316762
furpa,0.5,1,1,AGCAGAACACGGGTGGCTTA,0,1315939
furpa,0.5,1,1,AGCACGTGGAGGGGAACCTT,0,1293329
furpa,0.5,1,1,AGCACGTAGCTGTCCAGAAT,0,1322305
furpa,0.5,1,1,AGCACGGTCTGGATAAGCAG,0,1273997
furpa,0.5,1,1,AGCACGGCGGCAGTTAAGAT,0,1276961
furpa,0.5,1,1,AGCACGGAGGGGATACTGTT,0,1309748
furpa,0.5,1,1,AGCACCGCTTGTATGCCTCG,0,1337307
furpa,0.5,1,1,AGCAATTAGAGCCACTTCTG,0,1330855
furpa,0.5,1,1,AGCAAGTAGAGTTAGGGGTT,0,1328233
furpa,0.5,1,1,AGCAAGCCTAAGCCTCTCGC,0,1283559
furpa,0.5,1,1,AGCAACTTGCTGTTCATTAG,0,1343222
furpa,0.5,1,1,AGCAACATTAATGGAGCCAG,0,1319755
furpa,0.5,1,1,AGATTTTAAGTCTGGATAAT,0,1289822
furpa,0.5,1,1,AGATTCGACGTGCAAACTCC,0,1348179
furpa,0.5,1,1,AGATTAACGTCCCTCGTTAG,0,1277889
furpa,0.5,1,1,AGATGTTTGGTCGTCCGCTA,0,1310541
furpa,0.5,1,1,AGATGGCTTTCAGATGGTAA,0,1286159
furpa,0.5,1,1,AGATGCTGGTCAGCCGTCTC,0,1274059
furpa,0.5,1,1,AGATGCTGGGCCAAGGAAAT,0,1292237
furpa,0.5,1,1,AGATCTGTCTTTACGTCTCA,0,1335512
furpa,0.5,1,1,AGATCCTCGTGTAGTCTTTC,0,1290683
furpa,0.5,1,1,AGATCACTACTCATCCTTAA,0,1285992
furpa,0.5,1,1,AGATCAATAAATAACACTCA,0,1316395
furpa,0.5,1,1,AGATATGTCGAGTTCCCACT,0,1348933
furpa,0.5,1,1,AGATAGGTTGTGTAAAAACA,0,1332440
furpa,0.5,1,1,AGATAGGGCGTACAGGTATT,0,1325612
furpa,0.5,1,1,AGATACCTTCTGTTGTGAGC,0,1296366
furpa,0.5,1,1,AGATACCTAGCAAAATTATA,0,1353498
furpa,0.5,1,1,AGATACATTCCACAATGCGC,0,1350053
furpa,0.5,1,1,AGAGTTGCAGGTCAAGCCTT,0,1347367
furpa,0.5,1,1,AGAGTGAACTAGCGCGTTTG,0,1282654
furpa,0.5,1,1,AGAGTCTTAAGTCCTACACA,0,1321687
furpa,0.5,1,1,AGAGTCCGGCGGAGGCGTTA,0,1284173
furpa,0.5,1,1,AGAGTCAAAGCTACTTCCAC,0,1325973
furpa,0.5,1,1,AGAGTATCCTGGAAATAGTC,0,1341832
furpa,0.5,1,1,AGAGTATAAACTAATGCGTT,0,1305396
furpa,0.5,1,1,AGAGGTCACGAAACCGTATA,0,1293404
furpa,0.5,1,1,AGAGGGAATGAAACCTGCGC,0,1347389
furpa,0.5,1,1,AGAGGCTATTAAGGCGGTAT,0,1333871
furpa,0.5,1,1,AGAGGATCGGAGGCCGTGGA,0,1349399
furpa,0.5,1,1,AGAGCGTTGCAAGGGTATGT,0,1322011
furpa,0.5,1,1,AGAGCCCAGAATTCCAGAAG,0,1321341
furpa,0.5,1,1,AGAGCATCGGAACAACGCTG,0,1334952
furpa,0.5,1,1,AGAGATTAGCTCCGGCAGGA,0,1279936
furpa,0.5,1,1,AGAGATCAGCTCCCTCATCC,0,1326914
furpa,0.5,1,1,AGAGACTATTTGTAATAACA,0,1305696
furpa,0.5,1,1,AGAGAAATTCGGCCCAGGAA,0,1298717
furpa,0.5,1,1,AGACTGGTTATGAACTATAC,0,1286746
furpa,0.5,1,1,AGACTGGAATTTTCTTGTAC,0,1324439
furpa,0.5,1,1,AGACTGCTTGAAGTGATGGG,0,1340485
furpa,0.5,1,1,AGACTGATACTACTTAATTA,0,1349400
furpa,0.5,1,1,AGACTCGGACGATCATTTTT,0,1305569
furpa,0.5,1,1,AGACTACATACTGCCCACGT,0,1288274
furpa,0.5,1,1,AGACGTGTCGTAGTTAGACT,0,1302948
furpa,0.5,1,1,AGACGTCCGTCCAGGCATAA,0,1328572
furpa,0.5,1,1,AGACGCAATTAAAGACAGCA,0,1317945
furpa,0.5,1,1,AGACGAAGCAACCCCATGGT,0,1348569
furpa,0.5,1,1,AGACCTGGACAAGGAAACCG,0,1300547
furpa,0.5,1,1,AGACCTCTTGGCCCGGTAGC,0,1316744
furpa,0.5,1,1,AGACCGGCAATCGGATATGA,0,1326374
furpa,0.5,1,1,AGACCGCTGAACACGTAGCT,0,1272811
furpa,0.5,1,1,AGACCGCGGAATGCTGCAAT,0,1333546
furpa,0.5,1,1,AGACCGAGGGCGGGTTGCTT,0,1325674
furpa,0.5,1,1,AGACCGAAGTTATCAACGGC,0,1356373
furpa,0.5,1,1,AGACCCACAGGGCGTCGTGA,0,1301120
furpa,0.5,1,1,AGACAGTAGAGCAGACGGCA,0,1278735
furpa,0.5,1,1,AGACAGAAGGGGTTAAGTTA,0,1311552
furpa,0.5,1,1,AGACACCCCTGGCTGGGTCA,0,1309153
furpa,0.5,1,1,AGACAATGCAGTGCTGCGGG,0,1354239
furpa,0.5,1,1,AGACAACCAGACCTCCGGCA,0,1330058
furpa,0.5,1,1,AGAATTCTTCGGCGCCATCC,0,1324708
furpa,0.5,1,1,AGAATTATAGTACCGCATCT,0,1356645
furpa,0.5,1,1,AGAATTAGAGCTTGAGCCAA,0,1339490
furpa,0.5,1,1,AGAATGTGTATTACCTCCCT,0,1333889
furpa,0.5,1,1,AGAATCGCTGTACCCTCTCG,0,1303278
furpa,0.5,1,1,AGAAGATTTATCGGGGGCTT,0,1341502
furpa,0.5,1,1,AGAAGATGTGGCGCGCCTCC,0,1318849
furpa,0.5,1,1,AGAACACTATATGGAAGGAC,0,1295463
furpa,0.5,1,1,AGAACACTACGACCCCCGCC,0,1305685
furpa,0.5,1,1,AGAAATACTGTAAGGGAAGC,0,1317368
furpa,0.5,1,1,AGAAATACTACGCTAAGAAC,0,1304296
furpa,0.5,1,1,AGAAAAAAGGATATAAACAT,0,1290515
furpa,0.5,1,1,ACTTTTGATAGGCCAAAGAT,0,1356856
furpa,0.5,1,1,ACTTTGGGAAGCAATGTTAA,0,1316322
furpa,0.5,1,1,ACTTTGAGCAGCAGCCCTTT,0,1301615
furpa,0.5,1,1,ACTTTGAAGTGAGCACGCTG,0,1341134
furpa,0.5,1,1,ACTTTACGAATCTGCCCTAG,0,1357099
furpa,0.5,1,1,ACTTTACCCCTTAGCTGGAG,0,1341421
furpa,0.5,1,1,ACTTGTGTTTACGCGCTTGC,0,1306343
furpa,0.5,1,1,ACTTGCACCAGTGGGAGGTA,0,1314501
furpa,0.5,1,1,ACTTGATAGGTTCTCCCTCA,0,1351230
furpa,0.5,1,1,ACTTCTATCGAATGGTACTG,0,1314225
furpa,0.5,1,1,ACTTCGTACACAGCCCGTGT,0,1337213
furpa,0.5,1,1,ACTTCGGTATAAAGGCGGTA,0,1285721
furpa,0.5,1,1,ACTTCCTGCGGTTACGGTGA,0,1333161
furpa,0.5,1,1,ACTTCCGTTGATCCATATAG,0,1277613
furpa,0.5,1,1,ACTTCCAAGTATACATTCTC,0,1344845
furpa,0.5,1,1,ACTTCAGCCAGGCGGTGCGC,0,1301802
furpa,0.5,1,1,ACTTATCCGCATTCGGGGAT,0,1286689
furpa,0.5,1,1,ACTTATATACTCGCTCTAGT,0,1355272
furpa,0.5,1,1,ACTTACTCTAAAAGACTTAG,0,1298817
furpa,0.5,1,1,ACTTACGGCACTTGTGGGAT,0,1296066
furpa,0.5,1,1,ACTGTTTGTGGAGTTTCATG,0,1323760
furpa,0.5,1,1,ACTGTCCGCGCTTTCGAACA,0,1311006
furpa,0.5,1,1,ACTGTCATTCTACATTTCTC,0,1272108
furpa,0.5,1,1,ACTGTAGGTCATATCAGAAC,0,1316193
furpa,0.5,1,1,ACTGGGTAACAACGTCAGGA,0,1333920
furpa,0.5,1,1,ACTGGGCTAGGACTCAAGCA,0,1316532
furpa,0.5,1,1,ACTGGGCACTGGCGCATCAC,0,1319026
furpa,0.5,1,1,ACTGGCTGCGGTGGCTATTA,0,1329685
furpa,0.5,1,1,ACTGGCGCGTCCCAAGGTCT,0,1334282
furpa,0.5,1,1,ACTGGCATCCCTAAATCACG,0,1325322
furpa,0.5,1,1,ACTGGATGTGACAACCACTG,0,1304449
furpa,0.5,1,1,ACTGGATGGGATGCCGTCAC,0,1328809
furpa,0.5,1,1,ACTGGAAGGGGCGCTTCGGA,0,1338085
furpa,0.5,1,1,ACTGCTCTCGAACGTGCGCC,0,1346706
furpa,0.5,1,1,ACTGCCTGTTTTGAATACTA,0,1314508
furpa,0.5,1,1,ACTGATCTACGATCTGGCGG,0,1296354
furpa,0.5,1,1,ACTGACTTCCAAGCCACTTC,0,1272675
furpa,0.5,1,1,ACTGAAGCTTGTAGTTAGGA,0,1271701
furpa,0.5,1,1,ACTGAAGCCTCGATTCAAGA,0,1326745
furpa,0.5,1,1,ACTGAACTAGCGGTCGTCTG,0,1356533
furpa,0.5,1,1,ACTCTCCGCTTATGTTAGTG,0,1337326
furpa,0.5,1,1,ACTCTAACGCGCAAATTGTA,0,1290992
furpa,0.5,1,1,ACTCGTGGATCTCAGAAGAG,0,1283976
furpa,0.5,1,1,ACTCGTAGGATCGGGATCGA,0,1305899
furpa,0.5,1,1,ACTCGGTAAGTGCCCCAAGT,0,1355352
furpa,0.5,1,1,ACTCGGGACCCCTAGAAGAA,0,1342818
furpa,0.5,1,1,ACTCGCGCGTCCGATTACAT,0,1299938
furpa,0.5,1,1,ACTCGCGCATTTACGTACTG,0,1353864
furpa,0.5,1,1,ACTCGCCATAACGTAGTGTT,0,1311441
furpa,0.5,1,1,ACTCGAATGTGGCCCCTACC,0,1347963
furpa,0.5,1,1,ACTCCGGATGATGAGGCTGC,0,1292727
furpa,0.5,1,1,ACTCCCATCGATAGCCATGT,0,1295746
furpa,0.5,1,1,ACTCCCAGGCTTTAGAAGTT,0,1353319
furpa,0.5,1,1,ACTCCAGTTAGCTCTCACCT,0,1305961
furpa,0.5,1,1,ACTCCACTCTCTAGTGATTA,0,1343642
furpa,0.5,1,1,ACTCATTGGTTAGGGCGCCA,0,1346878
furpa,0.5,1,1,ACTCATGGGGGTATCATCAG,0,1288907
furpa,0.5,1,1,ACTCAGTCGCTTAACTATAC,0,1304628
furpa,0.5,1,1,ACTCAGAACCGAGATGGTTA,0,1291180
furpa,0.5,1,1,ACTCACTTCTCTCCAAACTC,0,1353484
furpa,0.5,1,1,ACTCACGGGAGTTTATGCAT,0,1345961
furpa,0.5,1,1,ACTCACCGGCCCGGTGCGCA,0,1277454
furpa,0.5,1,1,ACTATCTGGTTGGTGTAGGC,0,1323056
furpa,0.5,1,1,ACTAGGATGGCAGTTGGCAT,0,1341824
furpa,0.5,1,1,ACTAGCTTGCGCCGGTTGCG,0,1315110
furpa,0.5,1,1,ACTAGATAGGGTGTGAAAGG,0,1295292
furpa,0.5,1,1,ACTAGAGGGGTATGGTCTTA,0,1332541
furpa,0.5,1,1,ACTAGACCCCGTGGCGCCCG,0,1327764
furpa,0.5,1,1,ACTAGAAAGATCCAGATGCG,0,1302444
furpa,0.5,1,1,ACTACGCTGACTGAACTCGT,0,1328989
furpa,0.5,1,1,ACTAAGGTAGAGGCAACTGT,0,1291229
furpa,0.5,1,1,ACGTTTGGCTTCGCTGACGA,0,1277212
furpa,0.5,1,1,ACGTTGGGCACAACGAGTGA,0,1347489
furpa,0.5,1,1,ACGTTCGCCTTTTGCGTGCG,0,1271197
furpa,0.5,1,1,ACGTTCATGCTATGCCTTTC,0,1271687
furpa,0.5,1,1,ACGTTAGACGAGCTCATCCA,0,1329598
furpa,0.5,1,1,ACGTGTCATTGGATTTGCGG,0,1293597
furpa,0.5,1,1,ACGTGGTACGCTTCCATTCA,0,1295608
furpa,0.5,1,1,ACGTGCGACAGTGCGAGATA,0,1300194
furpa,0.5,1,1,ACGTGCCTATCTGGGACAAA,0,1298644
furpa,0.5,1,1,ACGTGATAACACAGGCACGC,0,1284333
furpa,0.5,1,1,ACGTGACGTACACTTGTTAG,0,1315655
furpa,0.5,1,1,ACGTGAATATCTGGTGCGGT,0,1287048
furpa,0.5,1,1,ACGTCGCGAGGTAAGTAATT,0,1321750
furpa,0.5,1,1,ACGTCATGCCAAAGTTCACA,0,1317994
furpa,0.5,1,1,ACGTAGGGATAGAAAACCTT,0,1319754
furpa,0.5,1,1,ACGTAGGAAAATCTTGCAAG,0,1275352
furpa,0.5,1,1,ACGTACGTAAGTCGTGGAAC,0,1275361
furpa,0.5,1,1,ACGTACGAAAAATGAAAAAG,0,1312578
furpa,0.5,1,1,ACGTACATGAAGCGAATTCG,0,1301254
furpa,0.5,1,1,ACGGTGTCGCACAGTGTAAT,0,1316458
furpa,0.5,1,1,ACGGTGCGGATGCTTACAGT,0,1317326
furpa,0.5,1,1,ACGGTATTGGTACTGGGAAG,0,1346440
furpa,0.5,1,1,ACGGTACATCGCCTCCCGAT,0,1351568
furpa,0.5,1,1,ACGGGTATACTTTAGCGTCA,0,1349011
furpa,0.5,1,1,ACGGGAGTCGAAGAATTTCT,0,1339513
furpa,0.5,1,1,ACGGGAAGGCCCACTATGGT,0,1316369
furpa,0.5,1,1,ACGGGAAGCGGTAGTACCAT,0,1341089
furpa,0.5,1,1,ACGGCTGCAATGTGCTTCCG,0,1314471
furpa,0.5,1,1,ACGGCCTCTTCTTGAACTCT,0,1347909
furpa,0.5,1,1,ACGGCCGTTGACGTGAAGGT,0,1342140
furpa,0.5,1,1,ACGGCCGCGTCATTAGGGTG,0,1298863
furpa,0.5,1,1,ACGGCAGAAATCATATATGT,0,1274791
furpa,0.5,1,1,ACGGACTTGGTTTTAGTTTT,0,1348686
furpa,0.5,1,1,ACGGAATTTGCTCGCGTTCC,0,1277330
furpa,0.5,1,1,ACGGAATCGCGGATGTTGGT,0,1283352
furpa,0.5,1,1,ACGGAAAAAAAAGTACCATC,0,1317488
furpa,0.5,1,1,ACGCTTCCCCTCGACATAGC,0,1308999
furpa,0.5,1,1,ACGCTGTCGTGCCATGTTCA,0,1277992
furpa,0.5,1,1,ACGCTCGCGGGACTCCAGCC,0,1320250
furpa,0.5,1,1,ACGCGTACCCCAATACTTCT,0,1283438
furpa,0.5,1,1,ACGCGGCGAGAGGCGCTAGC,0,1324386
furpa,0.5,1,1,ACGCGGACAGAATAAGTCGT,0,1315681
furpa,0.5,1,1,ACGCGCCAAACTGTGCCTTT,0,1300043
furpa,0.5,1,1,ACGCCTGAAGCCTTAGTTTT,0,1280749
furpa,0.5,1,1,ACGCCTAGTCTTGCAGAATA,0,1333750
furpa,0.5,1,1,ACGCCCATGAAAAAGGACAT,0,1356484
furpa,0.5,1,1,ACGCCCAGTCTGTCGGGGGC,0,1310884
furpa,0.5,1,1,ACGCCATGCGTGGATATCCG,0,1312079
furpa,0.5,1,1,ACGCATTCGTGACAAGGTCA,0,1292032
furpa,0.5,1,1,ACGCACCTAAGGCCGCACGC,0,1329600
furpa,0.5,1,1,ACGCAAATATGGCGGCCCCA,0,1303706
furpa,0.5,1,1,ACGATTGCATCGGTACCTCT,0,1301433
furpa,0.5,1,1,ACGATTCCATTGTATGCGTG,0,1355120
furpa,0.5,1,1,ACGATCCCATTCGGACATGT,0,1300860
furpa,0.5,1,1,ACGATCCAATCGCGAGTCAG,0,1301857
furpa,0.5,1,1,ACGATAGTGAGGGGTTGCTC,0,1278707
furpa,0.5,1,1,ACGAGAGGCGTGGCAGGGAC,0,1294404
furpa,0.5,1,1,ACGAGAAAATCTCGGTTTTA,0,1275590
furpa,0.5,1,1,ACGACTGTGCATTAAGTAAT,0,1320273
furpa,0.5,1,1,ACGACTAGATTTTGTTTGCG,0,1307228
furpa,0.5,1,1,ACGACGTGATCCTCGAAAAG,0,1345660
furpa,0.5,1,1,ACGACCTCTCTAAGGAACTA,0,1344390
furpa,0.5,1,1,ACGACCTCGCGCCTTAAACT,0,1280751
furpa,0.5,1,1,ACGACAAACATGCCAGGTAC,0,1333412
furpa,0.5,1,1,ACGAATTGTAGTGACATACA,0,1355119
furpa,0.5,1,1,ACGAATTGGTCAGATAATGC,0,1333886
furpa,0.5,1,1,ACGAAGTGTGCGGCACCATG,0,1352077
furpa,0.5,1,1,ACGAAGGTAGGTTGTTGTCA,0,1357277
furpa,0.5,1,1,ACGAACCACTGCAATAGTTT,0,1348428
furpa,0.5,1,1,ACGAAAAGGTCCCTCCTGAG,0,1332173
furpa,0.5,1,1,ACCTTGATAAAGCTGGTATT,0,1286973
furpa,0.5,1,1,ACCTGTCAGGTTACCCGTGT,0,1276635
furpa,0.5,1,1,ACCTGCCGTTCACGCGAACA,0,1281194
furpa,0.5,1,1,ACCTCTAAAAGTAGTCAAGA,0,1342947
furpa,0.5,1,1,ACCTCCGGAGCGGATACGGG,0,1299910
furpa,0.5,1,1,ACCTCAAGGTGTAATCGCAG,0,1273685
furpa,0.5,1,1,ACCTCAAGACAGATTATGGA,0,1340069
furpa,0.5,1,1,ACCTAGTGTCCATCGGCGTG,0,1304979
furpa,0.5,1,1,ACCTAGTAACAGCTCTTTGC,0,1324307
furpa,0.5,1,1,ACCGTTTTGAAAGCAGGACA,0,1301256
furpa,0.5,1,1,ACCGTTCGTTACAGCTGTGC,0,1336235
furpa,0.5,1,1,ACCGTGTGGATGAATGGTAC,0,1293994
furpa,0.5,1,1,ACCGTCGATGGGTGTGGGAA,0,1277822
furpa,0.5,1,1,ACCGTCGAGGAGCGGTACAT,0,1309275
furpa,0.5,1,1,ACCGTCCAATGCGTAATCTG,0,1353264
furpa,0.5,1,1,ACCGTCAGGGCACACATTAG,0,1272798
furpa,0.5,1,1,ACCGTAGAGGCCGATACAAT,0,1357613
furpa,0.5,1,1,ACCGGTTAATTCTGAGGACA,0,1307663
furpa,0.5,1,1,ACCGGTCAATTTGCTAGAAA,0,1327618
furpa,0.5,1,1,ACCGGGTCGTTTCCTAGGAC,0,1343117
furpa,0.5,1,1,ACCGGCGAATCCGCCAATAT,0,1317415
furpa,0.5,1,1,ACCGGAAACCATTTAAAATG,0,1317975
furpa,0.5,1,1,ACCGCTCTCAGAACGGCTAG,0,1343813
furpa,0.5,1,1,ACCGCGGCAACTCTCCAGCA,0,1275349
furpa,0.5,1,1,ACCGCGCATGCGCGGATGTC,0,1281017
furpa,0.5,1,1,ACCGCCGTGCATGAGGGACT,0,1354280
furpa,0.5,1,1,ACCGCCGCCCGTCTCGGTTT,0,1281459
furpa,0.5,1,1,ACCGCCGCCATACTTGTGTC,0,1344540
furpa,0.5,1,1,ACCGATTAACTAGCCGTGGT,0,1293497
furpa,0.5,1,1,ACCGACGAGAATGCGCGAGA,0,1355702
furpa,0.5,1,1,ACCGAAGTGCCACAGAAAGA,0,1315093
furpa,0.5,1,1,ACCGAAGTCGCCCCTAGTAT,0,1301486
furpa,0.5,1,1,ACCCTGTATGTCGTAGCCAA,0,1318463
furpa,0.5,1,1,ACCCTGGGCTTAACACGCCT,0,1355378
furpa,0.5,1,1,ACCCTGAGGGTGACACTTCG,0,1292081
furpa,0.5,1,1,ACCCTCCACTATTTAGCTAT,0,1299650
furpa,0.5,1,1,ACCCTATAGATAGCCATATT,0,1294754
furpa,0.5,1,1,ACCCTAGGATCAAGCGTTTT,0,1323085
furpa,0.5,1,1,ACCCGTGCGGTTGCCCTTAA,0,1314060
furpa,0.5,1,1,ACCCGGTTTTTGCTTCGGAT,0,1350892
furpa,0.5,1,1,ACCCGGTCTTAGCATCGTGC,0,1310461
furpa,0.5,1,1,ACCCGGGAGGAATATGGGTC,0,1282791
furpa,0.5,1,1,ACCCCTTGTGTAACAGAATC,0,1282597
furpa,0.5,1,1,ACCCCTAGGCTGCGAGAATC,0,1280934
furpa,0.5,1,1,ACCCATCCGCTAGACATCAT,0,1316132
furpa,0.5,1,1,ACCCAGTACATCATTTACCA,0,1313585
furpa,0.5,1,1,ACCCAATAGCGCTATGTTTG,0,1331874
furpa,0.5,1,1,ACCATTTTGAAAACGGCTTG,0,1293493
furpa,0.5,1,1,ACCATGGAAAGACACTAGGT,0,1347486
furpa,0.5,1,1,ACCATCCATATGGTCTAAAT,0,1331740
furpa,0.5,1,1,ACCATACATTTTACCCACCT,0,1325462
furpa,0.5,1,1,ACCATAATTCTTGATTTCTG,0,1307880
furpa,0.5,1,1,ACCAGGTCCGTCCGTCACAA,0,1281113
furpa,0.5,1,1,ACCAGGAGAGGCGGGACGCC,0,1290013
furpa,0.5,1,1,ACCAGGACAGTGTAACGAGT,0,1343171
furpa,0.5,1,1,ACCAGCTGTCTACGCCGGAT,0,1290513
furpa,0.5,1,1,ACCACTGCCCCGGAAGTTTT,0,1293371
furpa,0.5,1,1,ACCACTGCAGTCAGCTCGAC,0,1299125
furpa,0.5,1,1,ACCACGCCTCCATTCTGGCT,0,1299652
furpa,0.5,1,1,ACCACCTTTTGAGCCCAATC,0,1350274
furpa,0.5,1,1,ACCACCTTACGCTGCACGTT,0,1352188
furpa,0.5,1,1,ACCACAAGTTCGTCGTATGG,0,1294999
furpa,0.5,1,1,ACCAATTGGGGTCGCTCAAG,0,1306664
furpa,0.5,1,1,ACCAATCGGGCAGGGGCATA,0,1287002
furpa,0.5,1,1,ACCAAGGGGAAACTACCATA,0,1326399
furpa,0.5,1,1,ACATTTTTGCGGATGAGACT,0,1291135
furpa,0.5,1,1,ACATTTTAACATTTCGGACT,0,1280147
furpa,0.5,1,1,ACATTTGGGCGTAACGAGTT,0,1292306
furpa,0.5,1,1,ACATTTGCACTAGATCAGGA,0,1339619
furpa,0.5,1,1,ACATTTCTCCGCATAATAAT,0,1338895
furpa,0.5,1,1,ACATTTCATAGTTATCGAAA,0,1311652
furpa,0.5,1,1,ACATTCGTGTGCGGGGTCAC,0,1291075
furpa,0.5,1,1,ACATTCCATTCCGATGTTGG,0,1338939
furpa,0.5,1,1,ACATTCCAGGGGGCACTGTA,0,1337308
furpa,0.5,1,1,ACATTACTGGATTCCAGCGG,0,1283682
furpa,0.5,1,1,ACATGTGCGGTGAGTAGTGG,0,1328725
furpa,0.5,1,1,ACATGTATCCACGGGACTGG,0,1289153
furpa,0.5,1,1,ACATGGTATGTTTTCAAACT,0,1347970
furpa,0.5,1,1,ACATGGAGGCGAGTATCAAA,0,1289022
furpa,0.5,1,1,ACATGCACCTGGGCTTGGGT,0,1318958
furpa,0.5,1,1,ACATGAACAAACCTGTACAA,0,1304046
furpa,0.5,1,1,ACATCGTACTAATGTTATAC,0,1290969
furpa,0.5,1,1,ACATCGCTTCTAAACGGGAC,0,1336353
furpa,0.5,1,1,ACATATGCACCGGCGAATTT,0,1294787
furpa,0.5,1,1,ACATAGTCGAAAAGGGCGCC,0,1283603
furpa,0.5,1,1,ACAGTTCGGAGCTTACGGGT,0,1334168
furpa,0.5,1,1,ACAGTGCCCAAATCCAAGTT,0,1319914
furpa,0.5,1,1,ACAGTCCCCGCAGGTAGACA,0,1340356
furpa,0.5,1,1,ACAGGTCGGAGATGTCGTCC,0,1296439
furpa,0.5,1,1,ACAGGTAATGGGTTTGACTG,0,1294262
furpa,0.5,1,1,ACAGGTAACAAGCATGAGGA,0,1281349
furpa,0.5,1,1,ACAGGCTGGCAAACAGGAGC,0,1318129
furpa,0.5,1,1,ACAGGCTCCCGAACATGGGA,0,1350698
furpa,0.5,1,1,ACAGGCAATCCCGAGGCTAT,0,1293442
furpa,0.5,1,1,ACAGCTTAAAGCTATAGGTT,0,1296984
furpa,0.5,1,1,ACAGCTCCTCTACCAGACTT,0,1354542
furpa,0.5,1,1,ACAGCCTTCTGAAGGCACTC,0,1290941
furpa,0.5,1,1,ACAGCCGTCTAAGTGTGATC,0,1287863
furpa,0.5,1,1,ACAGCCCTTTCGTCCGGCCC,0,1344389
furpa,0.5,1,1,ACAGCCACCCCGCGTCTGTA,0,1273252
furpa,0.5,1,1,ACAGCATTGCGGACTACTAG,0,1288288
furpa,0.5,1,1,ACAGATTCGCATCGCGGCCT,0,1308306
furpa,0.5,1,1,ACAGATACGAAGAGCATTCG,0,1344754
furpa,0.5,1,1,ACAGAAACATTAGTTTCAGA,0,1332742
furpa,0.5,1,1,ACACTGACAAAAGCTATACG,0,1353705
furpa,0.5,1,1,ACACTCTTAAGCCTAAAGGA,0,1325457
furpa,0.5,1,1,ACACGGGGTGGTGAATAAAC,0,1328169
furpa,0.5,1,1,ACACGACTGGGGCGCCCAGG,0,1316512
furpa,0.5,1,1,ACACCTTTCACCTGCTCCAC,0,1342091
furpa,0.5,1,1,ACACCTTGCAAGAGTTAAAT,0,1352564
furpa,0.5,1,1,ACACCTCTAGCCACCCGAGG,0,1315572
furpa,0.5,1,1,ACACCGCGACCCGAGGCAAC,0,1322470
furpa,0.5,1,1,ACACCGCAGCTGGGGGTGCA,0,1303500
furpa,0.5,1,1,ACACCCGGTCTGCGATTGCT,0,1336100
furpa,0.5,1,1,ACACAGTTATCTGCCATGCT,0,1309521
furpa,0.5,1,1,ACACACACATCCGGAAGCTT,0,1275086
furpa,0.5,1,1,ACAATTTCGGCATGGCTTGC,0,1289419
furpa,0.5,1,1,ACAATTGGCGAGAAATATAG,0,1274189
furpa,0.5,1,1,ACAATGTAGCTTAACTTGTG,0,1329619
furpa,0.5,1,1,ACAATCCTCCTCGCAATCGC,0,1273032
furpa,0.5,1,1,ACAATATCCAATTAGTATCG,0,1316784
furpa,0.5,1,1,ACAAGGTTTACTAGGCTGGA,0,1298833
furpa,0.5,1,1,ACAAGCCGCGTGGGTCGGGC,0,1272290
furpa,0.5,1,1,ACAAGCCGCACAGGTTCAAT,0,1301492
furpa,0.5,1,1,ACAAGCAGAGATTATTACGA,0,1345386
furpa,0.5,1,1,ACAAGATAGAAGTTGTTTTA,0,1315118
furpa,0.5,1,1,ACAAGAATGCCGGCAACTGT,0,1346091
furpa,0.5,1,1,ACAACTGTATTGGAGGCCGC,0,1273088
furpa,0.5,1,1,ACAACTCAAGCTGTCACACT,0,1354377
furpa,0.5,1,1,ACAACGATTAGACGTCTCAC,0,1282075
furpa,0.5,1,1,ACAAATTTAGAAGAGCCACG,0,1296735
furpa,0.5,1,1,ACAAATGGAATCCCCCGGAG,0,1279533
furpa,0.5,1,1,ACAAATGAAAACTATAGGGG,0,1353742
furpa,0.5,1,1,ACAAATCAGCACGAAGGTGG,0,1289903
furpa,0.5,1,1,ACAAAGCTTTTGGGTTGTGA,0,1300660
furpa,0.5,1,1,ACAAAGCCCGCAGCTCCGCA,0,1348778
furpa,0.5,1,1,AATTTTTTAAATTTTTTGTT,0,1322029
furpa,0.5,1,1,AATTTTTAGGTAGGTGTTGT,0,1307965
furpa,0.5,1,1,AATTTTCATGTGGAATCATT,0,1296025
furpa,0.5,1,1,AATTTTCAAGTAAGTAGATG,0,1335420
furpa,0.5,1,1,AATTTGTTATAAATCGGATT,0,1295502
furpa,0.5,1,1,AATTTGGGCCGCGTAAAGGA,0,1304727
furpa,0.5,1,1,AATTTCCTTTATAGCTGGCC,0,1345537
furpa,0.5,1,1,AATTTACGATTCCGGACTAA,0,1281170
furpa,0.5,1,1,AATTGTTGTTAGGAGTTGCA,0,1328030
furpa,0.5,1,1,AATTGGGGGAGTAACATATG,0,1300074
furpa,0.5,1,1,AATTGGACTAGGACCAGTAA,0,1355255
furpa,0.5,1,1,AATTGCTTGGGCCTGCCGCA,0,1355638
furpa,0.5,1,1,AATTGCCGTTCGATCTGAGT,0,1324942
furpa,0.5,1,1,AATTGAAGCTTGCCCATTGA,0,1297384
furpa,0.5,1,1,AATTCTGTGCATACGTGAAA,0,1287207
furpa,0.5,1,1,AATTCGCTTTTCCAATCAAT,0,1328581
furpa,0.5,1,1,AATTCGCGCCTAAGCATTTA,0,1300484
furpa,0.5,1,1,AATTCAGGTTATTGGGTACT,0,1281650
furpa,0.5,1,1,AATTCAGGCACATTTTGGGT,0,1278789
furpa,0.5,1,1,AATTATCTGGAGACGGCCCG,0,1327971
furpa,0.5,1,1,AATTATCAGGCTGATCAGCA,0,1274707
furpa,0.5,1,1,AATTATAATCTGAATACAGC,0,1293663
furpa,0.5,1,1,AATTAATTAGGTAAGAGGCA,0,1315571
furpa,0.5,1,1,AATGTTGCAATCTGGAACTA,0,1311082
furpa,0.5,1,1,AATGTAGCAGCTGCCTCGGA,0,1314295
furpa,0.5,1,1,AATGTACTACAGTGCAGGTG,0,1284023
furpa,0.5,1,1,AATGTACGAAATAATAGTGA,0,1302458
furpa,0.5,1,1,AATGGTGTGTGGCTAGCTAT,0,1342563
furpa,0.5,1,1,AATGGTCTGCAAAACCAGGC,0,1309990
furpa,0.5,1,1,AATGGTATGTAAACAACGGA,0,1351521
furpa,0.5,1,1,AATGGGTGCAATCATAGTCC,0,1322635
furpa,0.5,1,1,AATGGCTGTACTGGGACGAG,0,1312732
furpa,0.5,1,1,AATGGATATGATACAGTGGC,0,1282091
furpa,0.5,1,1,AATGGACTTGGCGTCATTGT,0,1323081
furpa,0.5,1,1,AATGGACCGGGGCTAGCGCA,0,1278553
furpa,0.5,1,1,AATGCGCGCACGATTATCTT,0,1342489
furpa,0.5,1,1,AATGCGACGCGTAGCTTGGA,0,1287683
furpa,0.5,1,1,AATGCCAATGTAATACAGTG,0,1275302
furpa,0.5,1,1,AATGATTTAGTTGTTCGTCG,0,1343562
furpa,0.5,1,1,AATGATACATCAACAGTTAT,0,1300110
furpa,0.5,1,1,AATGACCCATCTAGGGTAAT,0,1306399
furpa,0.5,1,1,AATGAAATATAGTACGGCTT,0,1274626
furpa,0.5,1,1,AATCTTACCAACAATAGCCC,0,1301888
furpa,0.5,1,1,AATCTGTCGGGCCTCTGACG,0,1348777
furpa,0.5,1,1,AATCTGTCAGAATGAACGTA,0,1345736
furpa,0.5,1,1,AATCTGCGCGGCGCGCGTAT,0,1310470
furpa,0.5,1,1,AATCTATGGAAGCCCTGCTA,0,1304502
furpa,0.5,1,1,AATCGTGCGAGCACCGCAAA,0,1333921
furpa,0.5,1,1,AATCGTAGGCCATGGCCGGT,0,1297011
furpa,0.5,1,1,AATCGCCTTTATCTCTACAA,0,1300162
furpa,0.5,1,1,AATCGCCTAATAGTCGCGAC,0,1272746
furpa,0.5,1,1,AATCGATCCGTAGCGAATCG,0,1271926
furpa,0.5,1,1,AATCGAAGAATGGAAAATCC,0,1272631
furpa,0.5,1,1,AATCCTCAGCCAGTTGATGA,0,1335891
furpa,0.5,1,1,AATCCCTGTATGATAAACAC,0,1286241
furpa,0.5,1,1,AATCCACGTGAAGCATTAGA,0,1335823
furpa,0.5,1,1,AATCCACCCTGAGTGGAATT,0,1356967
furpa,0.5,1,1,AATCCAATCTGATTTGGTAG,0,1309802
furpa,0.5,1,1,AATCCAAGTTGGTTTTGAGA,0,1356201
furpa,0.5,1,1,AATCATGTCGCTCGAGATAT,0,1335434
furpa,0.5,1,1,AATCATGTCGATAGATATCC,0,1279787
furpa,0.5,1,1,AATCATCGGAAAGAAACAAA,0,1339196
furpa,0.5,1,1,AATCAGGCATAAAAGGGCAG,0,1335956
furpa,0.5,1,1,AATCAGCCATAAGTAGCATA,0,1291467
furpa,0.5,1,1,AATCACGTCTTTACGGGCCA,0,1296298
furpa,0.5,1,1,AATCAAGAGTGGAGGCATGA,0,1283678
furpa,0.5,1,1,AATCAACCGCGCTCTAGGGC,0,1333512
furpa,0.5,1,1,AATATTTCCCGACGGGACCT,0,1335682
furpa,0.5,1,1,AATATTGGCAGTACCGCTGC,0,1274462
furpa,0.5,1,1,AATATTGACTTATTTTCTGC,0,1336772
furpa,0.5,1,1,AATATTCCAACCTTTTCTTA,0,1287007
furpa,0.5,1,1,AATATAACGCCACTGACTTG,0,1348681
furpa,0.5,1,1,AATAGTCACCCACGGTGATA,0,1329729
furpa,0.5,1,1,AATAGAGATGCGAGTCGTAC,0,1303400
furpa,0.5,1,1,AATAGACTCCTATAGTTGGG,0,1297179
furpa,0.5,1,1,AATAGAAACGTCATGCACTA,0,1345251
furpa,0.5,1,1,AATACTGGCCCTGGTCCGTC,0,1308791
furpa,0.5,1,1,AATACGTAGTCATGGGCTTT,0,1326423
furpa,0.5,1,1,AATACCCTTGACCCAAAGCT,0,1304798
furpa,0.5,1,1,AATAAGTCACGCAACGACTA,0,1351578
furpa,0.5,1,1,AATAAGGAGGAGGGTGTAGC,0,1347257
furpa,0.5,1,1,AATAAGGACACTCAAGTGCC,0,1280471
furpa,0.5,1,1,AATAACCGCTAAAGCGCGGG,0,1314281
furpa,0.5,1,1,AAGTTTGCAGGAGGTCACGA,0,1284877
furpa,0.5,1,1,AAGTTTATATCTTAGGTTTT,0,1316949
furpa,0.5,1,1,AAGTTGTTAAGGGATTTTGT,0,1320051
furpa,0.5,1,1,AAGTTGCGTGATAACCGCGA,0,1303985
furpa,0.5,1,1,AAGTTGCACAAGTAATGTTG,0,1294143
furpa,0.5,1,1,AAGTTACGAACCGTGGAGAT,0,1347467
furpa,0.5,1,1,AAGTGCCCCCTACTGCAGAG,0,1325212
furpa,0.5,1,1,AAGTGAGACGTTCGACAAAG,0,1353704
furpa,0.5,1,1,AAGTCTTCGTCGGATGCCTA,0,1316982
furpa,0.5,1,1,AAGTCTGGCATGCCAGGGGT,0,1331701
furpa,0.5,1,1,AAGTCGGCGAGTCCTGGGAT,0,1312895
furpa,0.5,1,1,AAGTCGGAAACAGGCGTATC,0,1353745
furpa,0.5,1,1,AAGTCGCAGCGGGGCTCGAG,0,1353968
furpa,0.5,1,1,AAGTCACTGCGGACGTCAGC,0,1303313
furpa,0.5,1,1,AAGTCACATTGCCTTCTTTG,0,1336938
furpa,0.5,1,1,AAGTAGGAGTGAATTAGTAA,0,1291296
furpa,0.5,1,1,AAGTACTTTCCGCTGGAGGG,0,1272223
furpa,0.5,1,1,AAGTACGATGAGGCATGTTC,0,1314754
furpa,0.5,1,1,AAGTAAGGTAAACCGACCTC,0,1315516
furpa,0.5,1,1,AAGTAAATAGGGCGTCCCAT,0,1330783
furpa,0.5,1,1,AAGGTTTGTAACATCTACTT,0,1287399
furpa,0.5,1,1,AAGGTGGGCGTGCAACGAGG,0,1334796
furpa,0.5,1,1,AAGGTATGTACGGTGCCCAG,0,1352567
furpa,0.5,1,1,AAGGGTTATTTGCCGCACAG,0,1297083
furpa,0.5,1,1,AAGGGGTTGGGTGGATGAGA,0,1355440
furpa,0.5,1,1,AAGGGGTCATTCCTCAACAA,0,1284386
furpa,0.5,1,1,AAGGGGCCCGGGGTGTATGT,0,1281601
furpa,0.5,1,1,AAGGGAGTAGTACATATCAA,0,1344441
furpa,0.5,1,1,AAGGCTACCTCTATATAAGT,0,1338652
furpa,0.5,1,1,AAGGCGAGGACTACGATCCG,0,1346606
furpa,0.5,1,1,AAGGCCACCCCTAGGGGATA,0,1273989
furpa,0.5,1,1,AAGGCAGGTAAGAAAATAAA,0,1313755
furpa,0.5,1,1,AAGGCAGATGCAAAACAATT,0,1340365
furpa,0.5,1,1,AAGGCACGGAAACTTCGGTC,0,1294877
furpa,0.5,1,1,AAGGCAATCCAAGGTAATAA,0,1290556
furpa,0.5,1,1,AAGGCAAAAGTGCGCTCACC,0,1301014
furpa,0.5,1,1,AAGGATGCGAAGCGGATACA,0,1280672
furpa,0.5,1,1,AAGGATAATTGTCAAGTCTA,0,1309172
furpa,0.5,1,1,AAGGAGCACGATCGCCCAAG,0,1289656
furpa,0.5,1,1,AAGGAGATGCACAATGGTCT,0,1291846
furpa,0.5,1,1,AAGGACGTCCAAGACTTTCA,0,1334610
furpa,0.5,1,1,AAGGAATTCTCATTAATTCT,0,1281022
furpa,0.5,1,1,AAGGAAGTCAGGGCTAATGT,0,1300408
furpa,0.5,1,1,AAGCTTGTGTGTTTTGAAAA,0,1274702
furpa,0.5,1,1,AAGCTGGTGCCGTCCGCCAA,0,1339800
furpa,0.5,1,1,AAGCTCTCGACCTACCGGAG,0,1286477
furpa,0.5,1,1,AAGCTAGCTAGTAGACTTAT,0,1295936
furpa,0.5,1,1,AAGCGTATAGTACATAGGAC,0,1314844
furpa,0.5,1,1,AAGCGGCTCGTCGCCAGTTG,0,1351526
furpa,0.5,1,1,AAGCGCTGCGGTAGGGGTAA,0,1314502
furpa,0.5,1,1,AAGCGCGGTCTATGTTTCAT,0,1346891
furpa,0.5,1,1,AAGCGCAACCGGGACACTTA,0,1307407
furpa,0.5,1,1,AAGCCTACTTACGTCCTATC,0,1314906
furpa,0.5,1,1,AAGCCGGAACTGTATTGCCC,0,1345306
furpa,0.5,1,1,AAGCATTCTGTCCAATTAGA,0,1326799
furpa,0.5,1,1,AAGCAGCGAGCATCCATCCG,0,1325566
furpa,0.5,1,1,AAGATTTTGAGATAAAGACA,0,1310275
furpa,0.5,1,1,AAGATGTGGCAAGTGTCGTC,0,1325843
furpa,0.5,1,1,AAGATATGGGGGCTGTCGAA,0,1344501
furpa,0.5,1,1,AAGAGTCAAGCATCCAGTCC,0,1286637
furpa,0.5,1,1,AAGAGTATGGATGACGGGCT,0,1300422
furpa,0.5,1,1,AAGAGTACCTCTTGAATCTC,0,1324015
furpa,0.5,1,1,AAGAGCGTATGGTAAAGATA,0,1283408
furpa,0.5,1,1,AAGAGCGGTACTGATGTCCT,0,1290212
furpa,0.5,1,1,AAGAGATCAGATTCACTCCT,0,1290621
furpa,0.5,1,1,AAGAGAACCGTCGAAGCGGC,0,1276314
furpa,0.5,1,1,AAGAAGGTTCACACGGAGGC,0,1302133
furpa,0.5,1,1,AAGAACCCCAGTACCCCCAT,0,1295696
furpa,0.5,1,1,AAGAAATAGCAGGAATTCGT,0,1308455
furpa,0.5,1,1,AAGAAACGCGCGACTGGTTA,0,1324390
furpa,0.5,1,1,AAGAAAAAGCCGGAGTGATT,0,1311556
furpa,0.5,1,1,AACTTGTGCCACTATTAACC,0,1323505
furpa,0.5,1,1,AACTTGGGATACAGGACTGA,0,1302928
furpa,0.5,1,1,AACTTCTCTACAGTTTTCAA,0,1352791
furpa,0.5,1,1,AACTTCCCGGGCGGGGTTTC,0,1354374
furpa,0.5,1,1,AACTGTATCGCTTACCCTTA,0,1279988
furpa,0.5,1,1,AACTGCTCGGCAAACTATAC,0,1338517
furpa,0.5,1,1,AACTGCAATATTGGTTAAGT,0,1317894
furpa,0.5,1,1,AACTGAGGTGGCCGGTTCAG,0,1349586
furpa,0.5,1,1,AACTCTCTTTTCTATGGATG,0,1301149
furpa,0.5,1,1,AACTCTAGATTAGAGGCACG,0,1273282
furpa,0.5,1,1,AACTCTAGAGGTTGATTCGA,0,1298675
furpa,0.5,1,1,AACTCGGATGGGTCTATCAA,0,1311845
furpa,0.5,1,1,AACTCCTTTGACCCGTCGTG,0,1278435
furpa,0.5,1,1,AACTCATCACTGCTTGATAC,0,1318799
furpa,0.5,1,1,AACTATTTCGCGGTTGAGTG,0,1343662
furpa,0.5,1,1,AACTATGGTGCGGCCACCAC,0,1327356
furpa,0.5,1,1,AACTAGCATTAGAAACCAGT,0,1301950
furpa,0.5,1,1,AACTACCACGCAGCACTAGA,0,1276223
furpa,0.5,1,1,AACTAAGGGGACGTACGCTA,0,1336891
furpa,0.5,1,1,AACTAAAAGCGTCCAAATGT,0,1349266
furpa,0.5,1,1,AACGTGCATCGCGTTCCCTT,0,1326305
furpa,0.5,1,1,AACGTATGATACGGACCCCA,0,1318477
furpa,0.5,1,1,AACGTAAAGGCGCGCGGCTT,0,1293897
furpa,0.5,1,1,AACGGTCATGGGCAGTTGGG,0,1330001
furpa,0.5,1,1,AACGGTACGTTTTATAGCGC,0,1290416
furpa,0.5,1,1,AACGGGTTCCCAGGCTAAGA,0,1296224
furpa,0.5,1,1,AACGGGATCGCGCAATCGCT,0,1341941
furpa,0.5,1,1,AACGGCTCACGCTATGTTGC,0,1317701
furpa,0.5,1,1,AACGGCAAAGCGTATGAACA,0,1322683
furpa,0.5,1,1,AACGGATAGAATATTGACAA,0,1296238
furpa,0.5,1,1,AACGCCTCCACGCCATAATA,0,1313652
furpa,0.5,1,1,AACGCCCCGTCACTTCCATC,0,1286582
furpa,0.5,1,1,AACGATTATATGGCTGGCTA,0,1324683
furpa,0.5,1,1,AACGATCCCGATGTTCACTC,0,1335569
furpa,0.5,1,1,AACGATCATCGTAGGTCCGA,0,1290897
furpa,0.5,1,1,AACGAGAGTGCGGATATCCT,0,1306498
furpa,0.5,1,1,AACGACATCCAACCCTGGAA,0,1294290
furpa,0.5,1,1,AACCTTTCCCCGCCACCTTC,0,1306221
furpa,0.5,1,1,AACCTCCATATTGTTTGTGG,0,1345493
furpa,0.5,1,1,AACCTAATGCACCATAGACG,0,1274131
furpa,0.5,1,1,AACCGTACAATGTGCTGGGT,0,1356063
furpa,0.5,1,1,AACCGGCTTCGCGGGTGTTA,0,1280835
furpa,0.5,1,1,AACCGGCTGAGGTGTGCAGG,0,1285478
furpa,0.5,1,1,AACCGCCGGCGATAGGGCAC,0,1292916
furpa,0.5,1,1,AACCGATGGTCCAGTCTTTG,0,1342040
furpa,0.5,1,1,AACCGAGCCCATTACTCGTG,0,1299256
furpa,0.5,1,1,AACCGACACGCTGCTACGAG,0,1284576
furpa,0.5,1,1,AACCGAATATTGTAGTATTA,0,1279383
furpa,0.5,1,1,AACCCTTATAATTTGCCAGG,0,1308829
furpa,0.5,1,1,AACCCTGCTGAATCAATTAG,0,1352061
furpa,0.5,1,1,AACCCTAGGAGAAATTAGAG,0,1352828
furpa,0.5,1,1,AACCCCCGGAGCCTGGACGA,0,1317168
furpa,0.5,1,1,AACCCAAGACCGCGATGTTT,0,1306921
furpa,0.5,1,1,AACCAGTAACCCACATAAGT,0,1280190
furpa,0.5,1,1,AACCAATAGTCAGTCCGTGT,0,1348268
furpa,0.5,1,1,AACATTTCCTGCGAAAGGAG,0,1317287
furpa,0.5,1,1,AACATTTATGAACGCAGTTT,0,1317298
furpa,0.5,1,1,AACATTGCATTATGCTTTAA,0,1277090
furpa,0.5,1,1,AACATCTCCGGTGCCCTAAA,0,1321272
furpa,0.5,1,1,AACATCCATTGGGTGTCTGG,0,1278211
furpa,0.5,1,1,AACAGGTTGAACTAGAAATC,0,1344273
furpa,0.5,1,1,AACAGCGCGATATTAAGAGT,0,1291147
furpa,0.5,1,1,AACAGAGACTGATTGTAAGA,0,1282696
furpa,0.5,1,1,AACAGACAACTACTAGACCG,0,1357404
furpa,0.5,1,1,AACACGTATCTTTGGCACGT,0,1281182
furpa,0.5,1,1,AACACGAGCGGTCTAGGCAA,0,1325898
furpa,0.5,1,1,AACACACGCCATTTGTACTA,0,1320633
furpa,0.5,1,1,AACAAGGCCCTGAGTTCACT,0,1301268
furpa,0.5,1,1,AACAAATCGATGAAGCCGTC,0,1303235
furpa,0.5,1,1,AAATTTGCCGTGGACGGCTG,0,1302924
furpa,0.5,1,1,AAATTCCCGATGCGGCACAT,0,1340204
furpa,0.5,1,1,AAATTATATAGTTTTAGTTA,0,1336685
furpa,0.5,1,1,AAATGTGGCTCCGCGGGCGG,0,1347090
furpa,0.5,1,1,AAATGGTTTTTGACAATGCT,0,1346792
furpa,0.5,1,1,AAATGGGACGTCCATACGCA,0,1305433
furpa,0.5,1,1,AAATGCTGTCGTCGTCCCCC,0,1279360
furpa,0.5,1,1,AAATGCAGCCTGAAACACAA,0,1288964
furpa,0.5,1,1,AAATGAGCTATGCCTAGGCC,0,1274683
furpa,0.5,1,1,AAATGACATAGCTCTATTTC,0,1321788
furpa,0.5,1,1,AAATCCTCGTTGAATTAATA,0,1293390
furpa,0.5,1,1,AAATCAGTGCATAAAGGTTC,0,1281531
furpa,0.5,1,1,AAATATGCATTCGTGTGTCC,0,1304971
furpa,0.5,1,1,AAATATATCCGTCATCGTAT,0,1309913
furpa,0.5,1,1,AAAGTCTTGTTAGTATGTTA,0,1310743
furpa,0.5,1,1,AAAGTCCAATAGCAGGACCT,0,1292103
furpa,0.5,1,1,AAAGTAAACCACTCCTATCC,0,1282872
furpa,0.5,1,1,AAAGGTCACTACTCCCTATG,0,1339256
furpa,0.5,1,1,AAAGGTCAATTTGAGAACCC,0,1298542
furpa,0.5,1,1,AAAGGGAGGGTTCCCACGCA,0,1349050
furpa,0.5,1,1,AAAGGCTCGAACTCCTTGCT,0,1313811
furpa,0.5,1,1,AAAGGCCACCGGCGGCTCGG,0,1278596
furpa,0.5,1,1,AAAGGCAGTTAATGTGAACA,0,1309848
furpa,0.5,1,1,AAAGGATAGCGGCTTTTGAA,0,1276610
furpa,0.5,1,1,AAAGGAACTCCTTGCGCTGC,0,1334777
furpa,0.5,1,1,AAAGCTGAGGGGTCGCGCGA,0,1278715
furpa,0.5,1,1,AAAGCGTGGGCTTTTGGGGA,0,1299099
furpa,0.5,1,1,AAAGCCCAGCTGGGTTCGTA,0,1317328
furpa,0.5,1,1,AAAGCATAGTTGTAGTCGGA,0,1313531
furpa,0.5,1,1,AAAGCAGTGATCCCGATCGT,0,1284217
furpa,0.5,1,1,AAAGATTGCCATGCGATTCC,0,1273199
furpa,0.5,1,1,AAAGATTGAGCGTCATGCGT,0,1333229
furpa,0.5,1,1,AAAGACATTACATGCCATTG,0,1315850
furpa,0.5,1,1,AAAGACAATGTCCTCTGTGG,0,1333515
furpa,0.5,1,1,AAAGAATGGACAGGCATGAC,0,1292715
furpa,0.5,1,1,AAAGAAATTGGGACTTAGTT,0,1284907
furpa,0.5,1,1,AAACTTTGTCTGGCAACTTA,0,1298151
furpa,0.5,1,1,AAACTTTCCATCAAGTAAAA,0,1292060
furpa,0.5,1,1,AAACTTCAGGTACATAACTA,0,1335326
furpa,0.5,1,1,AAACTCTTGTGCTGAGATAG,0,1329166
furpa,0.5,1,1,AAACTCTCGGTAGGCTGGAT,0,1305842
furpa,0.5,1,1,AAACGTGTGCGCACTAATGC,0,1283395
furpa,0.5,1,1,AAACGGCGATAGCTCGCGGA,0,1352781
furpa,0.5,1,1,AAACGAGGTTGCTAACACAT,0,1314246
furpa,0.5,1,1,AAACGAGCGCGGTAGTCCTT,0,1291148
furpa,0.5,1,1,AAACCTGTCTCGATGCTAAA,0,1301956
furpa,0.5,1,1,AAACCTAGTGGCAGCCAAAA,0,1308556
furpa,0.5,1,1,AAACCGTAAGTCTTCCGGAT,0,1278219
furpa,0.5,1,1,AAACCGAACTTCTCCTCGAC,0,1299189
furpa,0.5,1,1,AAACCAACCCTGCCTCCCAG,0,1277402
furpa,0.5,1,1,AAACATGGGTTAAGGCTAGC,0,1321395
furpa,0.5,1,1,AAACATATAGCAGACAGAAC,0,1294389
furpa,0.5,1,1,AAACAGTGTTAACCCGCTGG,0,1306506
furpa,0.5,1,1,AAACACCGATAGATCATGTT,0,1288930
furpa,0.5,1,1,AAACAAGAATAGACCCGTCC,0,1339163
furpa,0.5,1,1,AAAATTGCGAACGCTGTCGT,0,1281898
furpa,0.5,1,1,AAAAGTAACAAAAACATTAC,0,1325662
furpa,0.5,1,1,AAAACTCTCTCGGGGATGCC,0,1281085
furpa,0.5,1,1,AAAACGGTGACGGACTAATT,0,1332684
furpa,0.5,1,1,AAAACGGCGCGGGCCAGCCC,0,1281400
furpa,0.5,1,1,AAAACCCATGTCCCGTCGGC,0,1320046
furpa,0.5,1,1,AAAAATTCTTATGGTCATTA,0,1351018
furpa,0.5,1,1,AAAAATTATCTCGTTCAATG,0,1295309
furpa,0.5,1,1,AAAAAGGGTCGTCCCCGGAC,0,1293281
furpa,89.0,88,0,TAAGCACCGGTAACCCATTA,88,1275376
furpa,66.0,65,0,TTGGCAAGGTGGGGGCGCCC,65,1273441
furpa,65.0,64,0,ATCCGTCACATACGATGGTG,64,1307609
furpa,60.0,59,0,TTGACATGGACCGAACATCG,59,1283226
furpa,57.0,56,0,CAACAAGTCCGGCCATGTAA,56,1304919
furpa,53.0,52,0,GTCAAATAGCCAGTACGGAA,52,1331014
furpa,48.0,47,0,ATCGCAGGAGCCGCGATCCA,47,1327267
furpa,47.0,46,0,GGCCTTGTCAAGCGAACCAA,46,1328241
furpa,45.0,44,0,TAATTGGGTGACATCATCAA,44,1276664
furpa,45.0,44,0,GTTTGGGTGCTGTACAATGA,44,1288205
furpa,45.0,44,0,GAGTAATCACACCACCGCGT,44,1285404
furpa,44.0,43,0,TGAGGATAGCAACGATGAGT,43,1331013
furpa,44.0,43,0,GTGCTCCTCTGTTAAACGCT,43,1325844
furpa,44.0,43,0,AGCCATTCGCACGCCGGGAG,43,1284471
furpa,44.0,43,0,AAGGCTCAAGGCCGACACAA,43,1299288
furpa,42.0,41,0,ACCAGAAGCCCTCGTTTTAT,41,1297882
furpa,41.0,40,0,GTCGAGTGGTATTAGTCTCC,40,1280336
furpa,41.0,40,0,GGAAAAGGAGCACGTCAAAT,40,1342129
furpa,41.0,40,0,CGATGTTGACCATTTAGGTT,40,1321480
furpa,41.0,40,0,CCGAGGTTAGTGCACCTACA,40,1334292
furpa,41.0,40,0,ATCAATATCCACACTCGACC,40,1294693
furpa,40.0,39,0,ACTGGGGGCGATCCGGCGCA,39,1318035
furpa,39.0,38,0,GTCAAGGAAGGTTGTCAGGC,38,1311201
furpa,38.0,37,0,TCTACGTCGAGTCCCGCAGC,37,1311548
furpa,38.0,37,0,TAGATCGACGCGTACTTCAG,37,1318285
furpa,38.0,37,0,GAGCGCCCTCGTGCTGTAGG,37,1349013
furpa,37.0,36,0,GTGCGTTTCCAATCGGGAGC,36,1271601
furpa,36.0,35,0,GCTGTCGTTTGTAACGAGAG,35,1283814
furpa,36.0,35,0,CGACACCGGCGACCCTATTT,35,1338893
furpa,36.0,35,0,CACCGTTATTGTAGCGGAGT,35,1285118
furpa,36.0,35,0,ACACCCTCCATGCACATGTT,35,1341442
furpa,35.0,34,0,TCTGGGACCAGCCGACGCTA,34,1354553
furpa,35.0,34,0,CTTCGACCCAGCGCCTTATG,34,1354810
furpa,35.0,34,0,CAACATCTGTACAGTGGGTA,34,1275787
furpa,35.0,34,0,ATATCGCATCGCCGTAACGG,34,1311755
furpa,35.0,34,0,AGCCTCGAACTTTTAATGTG,34,1345899
furpa,35.0,34,0,ACCCACATTGACGTAACTCG,34,1316282
furpa,34.0,33,0,CTCAGGTGGATTAGGTGGAT,33,1322689
furpa,34.0,33,0,AGCCGTTATTGTTGTGCAGC,33,1332210
furpa,33.0,32,0,TCCAGAACTTCTCCTTTGTT,32,1309064
furpa,33.0,32,0,GCCAGGAGGTCACATCGTTA,32,1284948
furpa,33.0,32,0,CCAAGACGCGGGTAGTCTGC,32,1313887
furpa,32.0,31,0,TAAGCTCGATGTCGGGCTGT,31,1354882
furpa,32.0,31,0,GGCAAGGTTGACGAGTGCGC,31,1286363
furpa,32.0,31,0,GACGCGTAGCTCCGACTGCA,31,1347082
furpa,32.0,31,0,CTGCAATCCACATCCAGCCT,31,1297708
furpa,32.0,31,0,CTCGCGCCAAAATCTGGAAA,31,1333093
furpa,32.0,31,0,CTAATAATCCAAATTGAGGC,31,1274804
furpa,32.0,31,0,CGGCTTATTAATTCGTTTTG,31,1317155
furpa,32.0,31,0,AGCAGACGGGGGTACCAATA,31,1331084
furpa,31.0,30,0,TTTACTGACAAAACTCGTAG,30,1318348
furpa,31.0,30,0,TTCGACGGTGCGAATTCGGG,30,1296981
furpa,31.0,30,0,TGTATAGTTGATTATGTCCT,30,1287754
furpa,31.0,30,0,TGCTTTTCCGTCGTTCGAAA,30,1306789
furpa,31.0,30,0,TGCCTTAGCTCCTAAGTGAC,30,1305299
furpa,31.0,30,0,TCTTAGTAATGTTACATTCG,30,1304429
furpa,31.0,30,0,TACCATCGAGTGTGTGGTTA,30,1338485
furpa,31.0,30,0,GTCTAATCATGGAGGAGGAA,30,1291571
furpa,31.0,30,0,GAGGTCGTCCCCCTGGCCGG,30,1346664
furpa,31.0,30,0,GAGAAGCGTCAAGAACGGAC,30,1332864
furpa,31.0,30,0,CTATCACGCCAACTGGGACA,30,1292378
furpa,31.0,30,0,CGCAGATAATTGCCAGCACA,30,1279361
furpa,31.0,30,0,CGATGTATTTGCCTACTCTA,30,1288385
furpa,31.0,30,0,CCTATCACGGCCTACCCAGT,30,1288427
furpa,31.0,30,0,CAAAGCGAGTGCAAAGTAGA,30,1350333
furpa,30.0,29,0,TCATCTAAAGCAAACCGCGA,29,1276670
furpa,30.0,29,0,TCAACAACAGGTGTCGTTAC,29,1322252
furpa,30.0,29,0,GTTGAGACTATGCAGGACTT,29,1281539
furpa,30.0,29,0,GTTGACGACCGGAGTAGGCG,29,1282751
furpa,30.0,29,0,GAGCACAGTTCTCTTCAAGT,29,1308784
furpa,30.0,29,0,CGAGTGCAAAGAAGCACTGA,29,1315199
furpa,30.0,29,0,CCGAATTTGGATCCGGTAAT,29,1327243
furpa,30.0,29,0,AATCCGGCAAGCGGCCTCCC,29,1308309
furpa,30.0,29,0,AAAGGTCATGCCAATGCATT,29,1338479
furpa,29.0,28,0,TCGTTCCCTATGGCAATCTG,28,1345315
furpa,29.0,28,0,TCAATAACTGATCGGCCGGG,28,1288390
furpa,29.0,28,0,GCGGACAACCTGTCATACTG,28,1273830
furpa,29.0,28,0,GATGGAGCTATCCGTCGTTG,28,1333686
furpa,29.0,28,0,GAGATTCAGGCTTGTCACGC,28,1285002
furpa,29.0,28,0,CTCTGAGCCCCAATGTGGCG,28,1328163
furpa,29.0,28,0,CGAACGGTGGCTACCTTCCA,28,1281059
furpa,29.0,28,0,CCTATAATTGGCGAGGTACG,28,1345304
furpa,29.0,28,0,ATGATAGTAGGGAATAACGA,28,1345909
furpa,29.0,28,0,AGAAGCTCAACACGGCCGAA,28,1304314
furpa,28.0,27,0,TTGATAAAGTGCACCGACGT,27,1300380
furpa,28.0,27,0,TGCAGTCTAGGCACCTAATA,27,1334398
furpa,28.0,27,0,TGAGGCCGGACCCGGATTTA,27,1327408
furpa,28.0,27,0,GTTTCACGCTTCCCATTGAC,27,1340059
furpa,28.0,27,0,GTCGCACTTAGTACAGTGAT,27,1280220
furpa,28.0,27,0,GCACACATCCGTGAAATTCA,27,1349662
furpa,28.0,27,0,CTCCACACTGACGCGCCGGT,27,1310410
furpa,28.0,27,0,CGTCACTGAACGCTGTCGTT,27,1330902
furpa,28.0,27,0,CATGCACTGTTAGTTGCTCT,27,1287463
furpa,28.0,27,0,CAATTACTTGTAGAATGTAA,27,1284012
furpa,28.0,27,0,AGACCCACTGATGTACAGGC,27,1296348
furpa,28.0,27,0,ACCCAGTTTCGCCAAGTCCG,27,1339351
furpa,28.0,27,0,AATCGGTATCCGTCCTAGCA,27,1273430
furpa,27.0,26,0,TTTTGTTTGTCCCAAAGGTC,26,1326438
furpa,27.0,26,0,TTAGCATAACCAGGTAGGGC,26,1271865
furpa,27.0,26,0,TTACCCATTACGCTATATTG,26,1292111
furpa,27.0,26,0,TCGCCGGAGTATAAAAATCT,26,1287083
furpa,27.0,26,0,TCCGTCGTATGTATGCAGCT,26,1300288
furpa,27.0,26,0,GGCAACTTTCCCAATAGTCT,26,1296821
furpa,27.0,26,0,GCCGAACCCTATTATCACAA,26,1354490
furpa,27.0,26,0,GCATAACGAACGCTCGCAGG,26,1330084
furpa,27.0,26,0,CGTTCCCTCGTCCATTGTCG,26,1323467
furpa,27.0,26,0,CGGGGCGGGGGAAATCTAGT,26,1318094
furpa,27.0,26,0,CCGTATAGTCGCCCAATAAC,26,1271379
furpa,27.0,26,0,CCGCTCTATCCAGATGTGTA,26,1300988
furpa,27.0,26,0,CAATGTTGGCCTGAAGACAT,26,1340176
furpa,27.0,26,0,ATCAGGACGTCATACCAAGT,26,1305312
furpa,27.0,26,0,AAGGATGGGGGAATTTTAAG,26,1319629
furpa,26.0,25,0,TTGACGTCGTACTCAGGCTG,25,1338094
furpa,26.0,25,0,TTATCTTAGTAAGCCAACAT,25,1333459
furpa,26.0,25,0,TGCGGATTCTTTACACGACA,25,1279624
furpa,26.0,25,0,TGACTATTACGCAACCGGCA,25,1356933
furpa,26.0,25,0,TCGGCGTGTTAATCTGCTTA,25,1333326
furpa,26.0,25,0,TCATACTACGCTGAAGTCCT,25,1337595
furpa,26.0,25,0,TATTCAGGGAAGAGCCAACG,25,1324262
furpa,26.0,25,0,GTGACGCGTTTCGGGCACCT,25,1336338
furpa,26.0,25,0,GGGTTCATTCGCTTCGTTCA,25,1291501
furpa,26.0,25,0,GGGTATATTCAACGAAACAC,25,1288501
furpa,26.0,25,0,GATACAGGCGATTCAAGCGT,25,1316272
furpa,26.0,25,0,GAGGGGCATGGCAGGGTCTG,25,1354320
furpa,26.0,25,0,GAACGAGGTTGATCCCAAAA,25,1353576
furpa,26.0,25,0,CTAAGCCAGGTGGGATACAA,25,1301039
furpa,26.0,25,0,CCGTTTCCCTACACTGACTG,25,1292369
furpa,26.0,25,0,CCAATGGGATGGATACGGAG,25,1319561
furpa,26.0,25,0,ATAACTCTTATATCCCTGCA,25,1300072
furpa,26.0,25,0,ACCAAGCCACGTATAATCTC,25,1311625
furpa,26.0,25,0,AAGTCGAAATTCTTTATCTT,25,1308765
furpa,26.0,25,0,AACACGGAGGGCAACAAGAT,25,1329732
furpa,25.0,24,0,TTGTGTAAGCACTTTTATAT,24,1315922
furpa,25.0,24,0,TTAGAGTGGTACACTGATCT,24,1273257
furpa,25.0,24,0,TGGGTGATTGCTGCAGTTCC,24,1284100
furpa,25.0,24,0,TGCGGTGGAGCGCACATGAG,24,1353476
furpa,25.0,24,0,TAGCTCAGCACGCAGGATTA,24,1311205
furpa,25.0,24,0,TACACTGAAGGTAGGAAACG,24,1336602
furpa,25.0,24,0,GTCGATTACACAGCGGGTAC,24,1301190
furpa,25.0,24,0,GGTGACCGACCGAGTTCTTC,24,1307602
furpa,25.0,24,0,GCCTTTCCCGCATCAGCACG,24,1278929
furpa,25.0,24,0,GATACGTGTAAAGCAGGGTA,24,1283550
furpa,25.0,24,0,GAGCCCTGCGAAGTATGGAT,24,1342366
furpa,25.0,24,0,GAACTCCGTAGTGGTAATCT,24,1328257
furpa,25.0,24,0,CTGGTACCCGTCCTAGGTCG,24,1302703
furpa,25.0,24,0,CGTTGTAGTGACGGGACACG,24,1290858
furpa,25.0,24,0,CGTGTTAAACAACGTTTATC,24,1319689
furpa,25.0,24,0,CGTCCGCAGGCCCTTCGTTA,24,1333482
furpa,25.0,24,0,CCCACAACTTATAGTGTCTA,24,1323031
furpa,25.0,24,0,AGTGGTACCGCATAGGGGCA,24,1296412
furpa,25.0,24,0,AGACCCAATCTTAGTCAACA,24,1313169
furpa,25.0,24,0,AAGGTTCACAAAGCAGACCG,24,1295657
furpa,24.0,23,0,TTGCGCGTTTCACCCGGTGT,23,1293726
furpa,24.0,23,0,TTATGCGGGGGACTGATTCA,23,1345301
furpa,24.0,23,0,TGCGGGTGTAAAAGGGGTAG,23,1336254
furpa,24.0,23,0,TCGGACTGCCATCAATCCAC,23,1290573
furpa,24.0,23,0,TCCCCTACTACAATTCGACA,23,1334701
furpa,24.0,23,0,TAGACAGTGAACCGGCCTGT,23,1295613
furpa,24.0,23,0,TAATTGTTTCAATTTTACTT,23,1291934
furpa,24.0,23,0,GCGTTAACTCAGGGCTCACA,23,1310284
furpa,24.0,23,0,GACTGTGAAGCCTTGTGTGT,23,1287782
furpa,24.0,23,0,GAATCCTGTGATGCTCACAT,23,1333410
furpa,24.0,23,0,CTGACCACATACGGCTTGGC,23,1310449
furpa,24.0,23,0,CTATGGGGATAGATCATAGC,23,1318912
furpa,24.0,23,0,CGTTTGTGTGGTGCCCGGAC,23,1319585
furpa,24.0,23,0,CGCCTCTATTGCACGGCTCG,23,1274858
furpa,24.0,23,0,CGAATGCCGTGCACATTGCA,23,1336067
furpa,24.0,23,0,ATGAGCTGATCTGTGCCTGT,23,1278175
furpa,24.0,23,0,ATCTTGGACGGCGTCACGCG,23,1285494
furpa,24.0,23,0,AGTAAGTACCAGTGGCGAAA,23,1323413
furpa,24.0,23,0,AATACACCCATAGTACGATA,23,1332303
furpa,24.0,23,0,AAATCATGGGATAGTCATTC,23,1320143
furpa,23.0,22,0,TTGCGTACACGTGCATTGTA,22,1345474
furpa,23.0,22,0,TGTTGCCCGGGACTTTATTA,22,1296942
furpa,23.0,22,0,TCTCTCATAATACCAAAGCC,22,1300274
furpa,23.0,22,0,TCGTTCGAGGCCGCTCTACG,22,1276112
furpa,23.0,22,0,TCCATAAAACATTCCCGCGC,22,1326422
furpa,23.0,22,0,TACTGTGGGATGGACGAACT,22,1286044
furpa,23.0,22,0,TACATTTGAACTTCAGGCCC,22,1342042
furpa,23.0,22,0,GGCGAAATCGCTATTAGGAC,22,1273081
furpa,23.0,22,0,GGACCAGTGCGCATTCTCCG,22,1308277
furpa,23.0,22,0,GCTGCGGTAGGCTGCATCAG,22,1311578
furpa,23.0,22,0,GATGGCGAATCAGTATCCTC,22,1323222
furpa,23.0,22,0,CTTGGTACAAGTCGCAGTCA,22,1302800
furpa,23.0,22,0,CGTCGTCGCGATCACGGCCG,22,1289610
furpa,23.0,22,0,CGGACGTGAAGTGGGATCAG,22,1302726
furpa,23.0,22,0,CGCCATGATTAGATTCATTA,22,1336564
furpa,23.0,22,0,CCTGATTCACCGTGTGCGCT,22,1296459
furpa,23.0,22,0,CAACACTACCGGACGTCGAT,22,1299445
furpa,23.0,22,0,ATGGGGTCTGCCCATTTTGT,22,1303827
furpa,23.0,22,0,ATAAGTAGACCACTGTACGT,22,1328656
furpa,23.0,22,0,ACCAGCCCTGCCAAACTAAC,22,1279935
furpa,23.0,22,0,AATGTGTTAGTGGGAGCACA,22,1271202
furpa,22.0,21,0,TTCGTACCTAGGGCACCGAA,21,1321401
furpa,22.0,21,0,TTACGGGATGATTTGAAACC,21,1305117
furpa,22.0,21,0,TGGTTCGGTAAACTTGGCAG,21,1311439
furpa,22.0,21,0,TGGCGTAGCCAAGTGCTCCC,21,1335575
furpa,22.0,21,0,TCGTTATTCAAATGAGCGTA,21,1314140
furpa,22.0,21,0,TAGTGCCGTATTATAGCATA,21,1323812
furpa,22.0,21,0,GTCATCGTAGATATGGATGT,21,1271341
furpa,22.0,21,0,GATCGCGGTATTGAACGATT,21,1299187
furpa,22.0,21,0,GACTAATTCGTGCTACCCTG,21,1347298
furpa,22.0,21,0,CTCATTGTAAGGTTACAACC,21,1294785
furpa,22.0,21,0,CGTACCCCCCGGGTTGGGAA,21,1328295
furpa,22.0,21,0,CGGTTGCGTTGAGTGTGGCA,21,1336006
furpa,22.0,21,0,CGGGTTTAATTCATACTGAA,21,1286168
furpa,22.0,21,0,CGGGACCAAGAATGTCAGTA,21,1291988
furpa,22.0,21,0,CGAGAAAGAATCACGCTTTC,21,1278566
furpa,22.0,21,0,CGAACGAGATTGAGGCTCCT,21,1291815
furpa,22.0,21,0,ATTGAATGCAAGCATCATTG,21,1330065
furpa,22.0,21,0,ATGGATTTCCTAGCCCTTTG,21,1354694
furpa,22.0,21,0,ACGGTGGCCCTGTGCGGGAG,21,1272552
furpa,22.0,21,0,AACCAGGCATATACAGGCAT,21,1304039
furpa,22.0,21,0,AAACATGCGCCGACAAGGAG,21,1318782
furpa,21.0,20,0,TTTTGGGGTAAGGTGAGGAA,20,1297447
furpa,21.0,20,0,TTGAGTATCCAGAGGTAGAA,20,1327215
furpa,21.0,20,0,TGTTTTCCAGGTCTCTCTAA,20,1289124
furpa,21.0,20,0,TCTTCGCCCTGGTTAAGGTG,20,1353595
furpa,21.0,20,0,GGTACTTATCGCAAGTAATT,20,1287184
furpa,21.0,20,0,GCCTTTCTTGGTGCCAAACA,20,1328159
furpa,21.0,20,0,GCCATTTCAATATAACCAAA,20,1294090
furpa,21.0,20,0,GCATGCTCTGAAATCGTGAA,20,1277930
furpa,21.0,20,0,GATGAGGATAGTGGTCCTTA,20,1354192
furpa,21.0,20,0,CTGTCACTCTTGTCCCCTAA,20,1336097
furpa,21.0,20,0,CTCAGGGCGGATGGTCCTAC,20,1320158
furpa,21.0,20,0,CGTGAATATAGCATGCTATC,20,1280709
furpa,21.0,20,0,ATGTCCTGGGAGGATGCTCT,20,1287750
furpa,21.0,20,0,ATCCGACCACAGTCTCTGTG,20,1349615
furpa,21.0,20,0,ACCAATCATCCGTGTGTCTT,20,1328464
furpa,21.0,20,0,ACAATAGATTGGTGGTCTGG,20,1304624
furpa,21.0,20,0,ACAAGCTCCGGATGCGGGAA,20,1291833
furpa,21.0,20,0,AATATGTGAAGGACAACAGG,20,1284185
furpa,21.0,20,0,AAAAGCCGATCAATTTTTCA,20,1337255
furpa,20.0,19,0,TTGAGGCCATCGTAAAGGAC,19,1317234
furpa,20.0,19,0,TGTTGAACAGCCCGTTTGCT,19,1316130
furpa,20.0,19,0,TGGGTCCTGATTTCGACGTC,19,1277293
furpa,20.0,19,0,TCGTTCAAACTGCATTACTG,19,1349225
furpa,20.0,19,0,TCCGCTATACCGGCAGACGG,19,1314007
furpa,20.0,19,0,TAGCCTAGGCGGGGGCGCCA,19,1351220
furpa,20.0,19,0,GTGGCTAGCCGGTAGAAATA,19,1288223
furpa,20.0,19,0,GTGCGTGGACTCGTGACCGG,19,1320643
furpa,20.0,19,0,GTGAGATTACTCTATTTTAC,19,1287468
furpa,20.0,19,0,GTCCGGTATAGGTCTCTACT,19,1309039
furpa,20.0,19,0,GGTGCCTCCCCTGATTTTTG,19,1305256
furpa,20.0,19,0,GCTCGATGGGCCGCCAGATT,19,1288438
furpa,20.0,19,0,GCGTTGAGGAGCGCCGCTCG,19,1316764
furpa,20.0,19,0,GATACTTATCGCTCTTCCCC,19,1276301
furpa,20.0,19,0,GAACAAGTTGATAAAGATAG,19,1291798
furpa,20.0,19,0,CTGTGCGCTACCACTTAGAA,19,1326839
furpa,20.0,19,0,CTAGTCATACACATGCGGAT,19,1345407
furpa,20.0,19,0,CGGGGATTCCAAAGGCCCTA,19,1291817
furpa,20.0,19,0,CCTGTAGGGTGTTTCCGTGA,19,1302003
furpa,20.0,19,0,CCTATTTCTCATGGAACGAG,19,1281528
furpa,20.0,19,0,CCATGTTATCATGTACTTTC,19,1299073
furpa,20.0,19,0,CAGGCAGGGGGCAACCTCGT,19,1326104
furpa,20.0,19,0,CAATACAAGGGTAGCGTATA,19,1354060
furpa,20.0,19,0,ATGAAGGGGCGTAACGTCCT,19,1349840
furpa,20.0,19,0,ATCCATTCGTCGAGTGCTGT,19,1344725
furpa,20.0,19,0,ATATGGCGCGCGGCGCGTGA,19,1274431
furpa,20.0,19,0,ATATCCTGAAGAACCTTCGT,19,1320687
furpa,20.0,19,0,ACTGAAAACGGTTATAGGAC,19,1354249
furpa,20.0,19,0,ACCGCGTGGGCATCCGAGAC,19,1277299
furpa,20.0,19,0,ACCAGGAGAGCAGCAGCAAA,19,1304392
furpa,20.0,19,0,AAGTGAGCGTATCAGGCGCG,19,1285639
furpa,19.0,18,0,TTAACATTGCATGATGATAA,18,1306612
furpa,19.0,18,0,TGGTCACATGTTCCACTACT,18,1347479
furpa,19.0,18,0,TGCAAGAGCTGCCGATTCAG,18,1357662
furpa,19.0,18,0,TGAAGGGCATGACACGCTCT,18,1348892
furpa,19.0,18,0,TAGGATAGCTCGCGGACGAA,18,1331003
furpa,19.0,18,0,TAGCTCGTGATACGTTACCC,18,1306866
furpa,19.0,18,0,GTTATGGGCGCCTGACACCA,18,1303914
furpa,19.0,18,0,GTGCGATCTTATGAATACCA,18,1312984
furpa,19.0,18,0,GCTTCTTGTTCGTTAAGATG,18,1352258
furpa,19.0,18,0,GCTGTAACCGTCTTTAGACT,18,1278761
furpa,19.0,18,0,GCCACACTCCTTCTCGGGCG,18,1310120
furpa,19.0,18,0,GATACTCTCGAGGTTTCGGA,18,1306456
furpa,19.0,18,0,GAGCAAATGACCGAGCATCT,18,1311615
furpa,19.0,18,0,GAAGCTAGCATCGTTAGAAC,18,1320135
furpa,19.0,18,0,CTTCTTCGTCTTCCTTCACC,18,1328466
furpa,19.0,18,0,CGCCCTCATAGCGGGGACTA,18,1290794
furpa,19.0,18,0,CCTTTGGTGGCATGCATAAG,18,1349654
furpa,19.0,18,0,CCACCGAAGCGTCACAGAAT,18,1276289
furpa,19.0,18,0,CATGCCATGGTGCCAATCGT,18,1328265
furpa,19.0,18,0,CAGGACTTTGAAAGGCATAT,18,1282145
furpa,19.0,18,0,ATTTCGGCGTGACTGAGTAA,18,1295607
furpa,19.0,18,0,ACTTTTTCGACCGTAAGTCC,18,1344794
furpa,19.0,18,0,ACGCGTCAATGTATTGGTGC,18,1306976
furpa,19.0,18,0,ACATTGGATTTTGCATTTGT,18,1341743
furpa,19.0,18,0,ACAAGGGTAGTGATTATCTA,18,1320917
furpa,19.0,18,0,AACCGCATGCGTACCGGATG,18,1297813
furpa,18.0,17,0,TGTCACGCGGACTAGATCAA,17,1288040
furpa,18.0,17,0,TGGCACCAACTAACACGGCG,17,1308282
furpa,18.0,17,0,TCCGGTTTGCTCTTACGATT,17,1312173
furpa,18.0,17,0,GTCATAATTACCTGTGAGAT,17,1271178
furpa,18.0,17,0,GTCAATATCTGGAGTGACCG,17,1328362
furpa,18.0,17,0,GTACCTGTGATAATACCGGG,17,1300855
furpa,18.0,17,0,GCGAGCTACGTTGAACAGAA,17,1289957
furpa,18.0,17,0,GCATCCTCACATTCTGCTCA,17,1328228
furpa,18.0,17,0,GCACTCCATTCTAGAATTGC,17,1305629
furpa,18.0,17,0,GACCTGGCTTCTGTGTCTGT,17,1278328
furpa,18.0,17,0,CTGCGCGAACCAAAGAACAT,17,1284427
furpa,18.0,17,0,CTATCCCAAGTACTCACGTC,17,1339976
furpa,18.0,17,0,CGGGTGTGCTTGGCGCTACA,17,1335992
furpa,18.0,17,0,CGAAGGTATCCATGCGTAAG,17,1313988
furpa,18.0,17,0,CCATGCAAGTCCCATCTTGA,17,1347026
furpa,18.0,17,0,CCAACCAGCTATCGCCCCAT,17,1288410
furpa,18.0,17,0,CATTCGCTCTTGCTTTAGGA,17,1288245
furpa,18.0,17,0,CAGCGCTAAACACATGCTCA,17,1299458
furpa,18.0,17,0,CAGAAACTGGTTTCTAACCC,17,1351383
furpa,18.0,17,0,ATGCTGAACACTGTACCTGC,17,1329573
furpa,18.0,17,0,ATCATGTCGGTACTAATCAA,17,1294134
furpa,18.0,17,0,AGACCGTGCACTCTCGGTGC,17,1325890
furpa,18.0,17,0,ACTATTTTGGCTGCCTTCGC,17,1337315
furpa,18.0,17,0,ACGTTAGATCGGCCAATATA,17,1329874
furpa,18.0,17,0,AATGACTTCCGCTTTATTTT,17,1285236
furpa,18.0,17,0,AATAGTATTCACCTCCTTGT,17,1355259
furpa,18.0,17,0,AAGTATTGCCTGTTGTCTGT,17,1326450
furpa,18.0,17,0,AAGATCTCACTCAGCCATTT,17,1325896
furpa,18.0,17,0,AAATGCATCCTACCATGGAC,17,1312672
furpa,18.0,17,0,AAACTTATAGTCGAAGAACG,17,1301086
furpa,17.0,16,0,TTGTTCCCCAGGCAACTGTC,16,1310391
furpa,17.0,16,0,TTCGTTTTCTATTTGTTATA,16,1293500
furpa,17.0,16,0,TTCGCAAATTATATAATTAA,16,1345999
furpa,17.0,16,0,TGTTATGCCTTCAGTTTCGC,16,1335566
furpa,17.0,16,0,TCGTTTGATCGCCTACACCA,16,1306753
furpa,17.0,16,0,TCCCCCACGGTCTAAGCCGA,16,1319074
furpa,17.0,16,0,TCAGATGGGTTGTCTATGCC,16,1327882
furpa,17.0,16,0,TATTAGGTACTCTGAGGATG,16,1313304
furpa,17.0,16,0,TAGGCACACGAAAATGCTCG,16,1310031
furpa,17.0,16,0,TAATGAAGGGAAAGGGTGTA,16,1305302
furpa,17.0,16,0,GTTATTAACCTACTAGGGTG,16,1275243
furpa,17.0,16,0,GGGTAGGCAACACTGTCGTT,16,1330399
furpa,17.0,16,0,GGATCGTCACGTGAAATAAA,16,1275721
furpa,17.0,16,0,GCCACGGTGTGAACTGGTGA,16,1327778
furpa,17.0,16,0,GAGATATGCCTCGATACGAG,16,1292681
furpa,17.0,16,0,GACTGCTAAACCGGGCATAC,16,1304969
furpa,17.0,16,0,GACCGGCAGGCACAGGGAGC,16,1271859
furpa,17.0,16,0,CTTATATGGCCATGGTAACG,16,1285465
furpa,17.0,16,0,CTGTCTAGGGGCGGGGCGCC,16,1293760
furpa,17.0,16,0,CTGCGCAGGATAAACACGGT,16,1302543
furpa,17.0,16,0,CGGTGTGCACAGTTGTTAAT,16,1352212
furpa,17.0,16,0,CGCTAATCGACGAATACTGC,16,1347039
furpa,17.0,16,0,CGCCTCCGTAGATTCCAACG,16,1339573
furpa,17.0,16,0,CGATTAGCGGAAACGGGCTT,16,1354441
furpa,17.0,16,0,CGAAAACGATCATAGGGAGT,16,1321966
furpa,17.0,16,0,CCTGCTGCGCGAGGATCGTG,16,1330213
furpa,17.0,16,0,CCATGAACGTTTTCGGGTAC,16,1344672
furpa,17.0,16,0,CCACGTTCACGGTACGATTC,16,1325390
furpa,17.0,16,0,CAGTACGCGACGCTTTAAGT,16,1301885
furpa,17.0,16,0,AGGCCGGTTCCCGGCGTTCG,16,1293337
furpa,17.0,16,0,AGGATGGGTCATCCGAGGCC,16,1334910
furpa,17.0,16,0,AGCTATAGCTCCCCAATGGT,16,1318259
furpa,17.0,16,0,ACGTCCTGTTTACTGGCTGT,16,1302434
furpa,17.0,16,0,ACCGCAGTCCCATCTTCCAG,16,1357606
furpa,17.0,16,0,AATCTCGCTCCTGTGTGTCG,16,1319593
furpa,16.0,15,0,TTTCCAGACGGTGGCTAGTG,15,1287449
furpa,16.0,15,0,TTTAAGTTCCTCCTGACGTG,15,1306697
furpa,16.0,15,0,TTCTGTACCCACTTGGTACT,15,1334730
furpa,16.0,15,0,TTCGGGATGCTTCTACGTTA,15,1335243
furpa,16.0,15,0,TTAAGTGACGTATACCCTGG,15,1271863
furpa,16.0,15,0,TGCGTGGGTATTCATTCCTC,15,1296546
furpa,16.0,15,0,TCTCGTGTGAACGTACACTA,15,1312567
furpa,16.0,15,0,TCGAGTAGTTAAACCCCCAA,15,1304938
furpa,16.0,15,0,TACAAATTAGCCATCGGGCG,15,1348738
furpa,16.0,15,0,TAAGAAATTCATCTTGGCAA,15,1272505
furpa,16.0,15,0,GTGGTACGGTCGTGGATCCA,15,1352125
furpa,16.0,15,0,GTCTGGGTTTACAAGGGTCA,15,1333624
furpa,16.0,15,0,GTCCACCCAGTAACGATCAG,15,1291688
furpa,16.0,15,0,GGTCACATTGCTTATATAAG,15,1314371
furpa,16.0,15,0,GGGGCTATTGCTTGGGGAGG,15,1307238
furpa,16.0,15,0,GGCCTTAGAGCAAGGAGAAG,15,1282188
furpa,16.0,15,0,GGCCGTTCGAAGAAACAGAT,15,1322641
furpa,16.0,15,0,GCGTTACCGGATAGCCAACA,15,1277543
furpa,16.0,15,0,GCCAAATTCGATTGTGCACC,15,1350184
furpa,16.0,15,0,GATTTACTCCGCCAACTATT,15,1353645
furpa,16.0,15,0,GACGTTCCGGGAAACTGCTG,15,1338001
furpa,16.0,15,0,GAACCAGCTATGGCATGAAA,15,1273484
furpa,16.0,15,0,CTTTACCATGCCAATGTCAT,15,1271784
furpa,16.0,15,0,CTACGGGGTCACTCCCAAAG,15,1277563
furpa,16.0,15,0,CTAATGAGGAAAATATCACC,15,1314592
furpa,16.0,15,0,CGTTGTCTGGGGCGCTGCTA,15,1348664
furpa,16.0,15,0,CGTGCTGATTGACCGGGGCT,15,1319575
furpa,16.0,15,0,CGGTCGTAGAACCACGGTGA,15,1329812
furpa,16.0,15,0,CGGACATGTCAGTCCGCGTG,15,1271331
furpa,16.0,15,0,CGCTCATGGCTTCTAAGGAA,15,1331521
furpa,16.0,15,0,ATGCAAGCAGTACAACAGCA,15,1287796
furpa,16.0,15,0,ATGACGTGCTAAATAACCAA,15,1330112
furpa,16.0,15,0,ATCGTCCCAGCAGAGTGCGA,15,1303567
furpa,16.0,15,0,AGGTCACATCCGCGGTTTGC,15,1305973
furpa,16.0,15,0,ACAGAATAACCGAGCAACAA,15,1281525
furpa,16.0,15,0,ACAATTGATGGTTTGCCCCT,15,1337415
furpa,16.0,15,0,AATTTGGCGGGAGTAGAGGG,15,1281111
furpa,16.0,15,0,AAGATAGGTTGCTAATTTCA,15,1277544
furpa,16.0,15,0,AACTGCCATTGGTCTATGGT,15,1318529
furpa,15.0,14,0,TTGCGGGAATCCCGATGTTC,14,1312981
furpa,15.0,14,0,TTCTCAGATGTGCACTCGTG,14,1272499
furpa,15.0,14,0,TGGCTCGGGACTGACCGTGG,14,1344016
furpa,15.0,14,0,TGATGTTGAGGCAGCGCAGG,14,1334197
furpa,15.0,14,0,TGAGGTCGTGCCGTACGCAG,14,1353857
furpa,15.0,14,0,TCACATAAGTTTGGTTACCG,14,1307120
furpa,15.0,14,0,TAATCTCGGTACGTGTGCAT,14,1287498
furpa,15.0,14,0,TAATAATCTATCCCTGATGG,14,1351409
furpa,15.0,14,0,GGTTAGGAGCGATTAGACTT,14,1335105
furpa,15.0,14,0,GGGTGTGTGAGGATCGGGTA,14,1273673
furpa,15.0,14,0,GGGCTTACATGCGGTAGGCA,14,1277209
furpa,15.0,14,0,GGCTTGATGTTATCGGGCTA,14,1327369
furpa,15.0,14,0,GGCACGTATACTGAGAAGGA,14,1354879
furpa,15.0,14,0,GGATCGCAGCCTAAGCGTAT,14,1334417
furpa,15.0,14,0,GCTCTGAACGAGGGGTTGAA,14,1315161
furpa,15.0,14,0,GATGAATTCCACACCTGGTC,14,1337591
furpa,15.0,14,0,GAGAGGTATAATAGTCGGCG,14,1298777
furpa,15.0,14,0,GAAAATGTGGGTTATTCGCT,14,1273828
furpa,15.0,14,0,CTGGGTACTAGGTAAGCCAT,14,1288457
furpa,15.0,14,0,CGCTCAAGAATTTTCTTGTC,14,1307524
furpa,15.0,14,0,CGATCATTCTAGTCGGCTCA,14,1323350
furpa,15.0,14,0,CCGATAGTGAGGTGGTCGCG,14,1272858
furpa,15.0,14,0,CCCTTACTTCAGCGTATAGC,14,1356177
furpa,15.0,14,0,CCAACAATCTCTTCGCTTAA,14,1328244
furpa,15.0,14,0,CACGCGGACCACTGGTACAA,14,1336090
furpa,15.0,14,0,CAATCCTGATTTGACGACAA,14,1297539
furpa,15.0,14,0,AGCCAGTACACAGTACGAAA,14,1298589
furpa,15.0,14,0,AGAGAAGAGGGCAGCTTGGC,14,1325136
furpa,15.0,14,0,ACAGGTACCCACGTACTAAG,14,1326551
furpa,15.0,14,0,ACAGGAGAGGGGGGCGTCCT,14,1343704
furpa,15.0,14,0,ACAACAATCGTAAGAAACCC,14,1304835
furpa,15.0,14,0,AATTCCACCGTTCAGGTACA,14,1333711
furpa,15.0,14,0,AAGGTCAGGGGTCGATTTGG,14,1336951
furpa,14.0,13,0,TTCCTGGATTCTCTCCTCTG,13,1315309
furpa,14.0,13,0,TTAGGGGGCGCCAGGGAATT,13,1303592
furpa,14.0,13,0,TTAGGACGTACGGTAATCCA,13,1280367
furpa,14.0,13,0,TGCCTAGATTGGGGCTAAGA,13,1334374
furpa,14.0,13,0,TCTGCCAACAGATGAGTGTA,13,1287391
furpa,14.0,13,0,TCGTCCTAGTAGCCCTTCTA,13,1357328
furpa,14.0,13,0,TATCTTTGCGGATACAGTGT,13,1305470
furpa,14.0,13,0,GTTACGGGAGTCTTAGAGCG,13,1320682
furpa,14.0,13,0,GTGTCTATGGAGGCCATGGT,13,1279173
furpa,14.0,13,0,GGTGGAAAGGGCCATTGCGT,13,1287933
furpa,14.0,13,0,GGTAATCGACAACAATGCGT,13,1331522
furpa,14.0,13,0,GGATTCAGATAGCTCCGGTG,13,1336510
furpa,14.0,13,0,GCTCCTCCTGCAGCCTTGTA,13,1301915
furpa,14.0,13,0,GCGTTTCGCTATCGAAGATC,13,1282073
furpa,14.0,13,0,GCGTGTGGGGAGTTCCGAAA,13,1332230
furpa,14.0,13,0,GCGTAGTTCAGACTCCGCTT,13,1273075
furpa,14.0,13,0,GCGGCTTTACCAGTCGTCTT,13,1319973
furpa,14.0,13,0,GCAGGACGGAAGGTCCCACT,13,1347331
furpa,14.0,13,0,GAGCTCCTATCCGCATTAGT,13,1279183
furpa,14.0,13,0,GACCGGTTTTTCTCAGCGAC,13,1323400
furpa,14.0,13,0,GAAACAACTGGGCAGGGGGA,13,1342706
furpa,14.0,13,0,CTGTCTCCCCGGGTCCAACA,13,1272334
furpa,14.0,13,0,CTGCCTTAATCCTTTGCCGT,13,1288395
furpa,14.0,13,0,CTACGTGGAAAGTACCGGTA,13,1306965
furpa,14.0,13,0,CGTCCTCATTGCCCTCAAAT,13,1299925
furpa,14.0,13,0,CCGCGCATTCTGAGGCTCAT,13,1352122
furpa,14.0,13,0,CCCAGCAATTGCCGGTACAC,13,1293767
furpa,14.0,13,0,CATTGGTGCCAACACGCTTG,13,1320180
furpa,14.0,13,0,CAATTATGCAAGTCGTCTGC,13,1286995
furpa,14.0,13,0,CAACAATGGTACGGAATTTA,13,1334056
furpa,14.0,13,0,ATTATTGACGCATATTGTTT,13,1319654
furpa,14.0,13,0,ATCGGTTTGGCCGGTTTCCT,13,1327617
furpa,14.0,13,0,ATCGGAAGAGACTGACCAGC,13,1298376
furpa,14.0,13,0,AGTTCAACTCGTACCTATCA,13,1349256
furpa,14.0,13,0,AGTCCCCTCTTCGAGACAGC,13,1319758
furpa,14.0,13,0,AGGTTACAGGCTGCCTCAAC,13,1326408
furpa,14.0,13,0,AGGCTAGAGGTTGCCTTGGA,13,1315740
furpa,14.0,13,0,AGCTCCACGTCACTAACACC,13,1300856
furpa,14.0,13,0,AGATGATTTTTGTATTAACG,13,1305304
furpa,14.0,13,0,ACTTAGGCGGTTTTTTAACA,13,1287527
furpa,14.0,13,0,ACTAACGTCGGGCTTTCACC,13,1290064
furpa,14.0,13,0,ACGTCGGTTAGTCAGCGACT,13,1293004
furpa,13.0,12,0,TCAAGGGATTGTACAATAGT,12,1290809
furpa,13.0,12,0,TACAGTCGCCAACCACAGCT,12,1341834
furpa,13.0,12,0,GTTAGTACGCGATTGCGAAA,12,1347046
furpa,13.0,12,0,GCCACAGATGGCTCATGCTA,12,1321489
furpa,13.0,12,0,CTCAGGTAGATCGTAAGGAC,12,1350630
furpa,13.0,12,0,CGTGCTCCGTTTAGAATAGA,12,1339305
furpa,13.0,12,0,CCTCTAGGCAATGTCGTCTT,12,1271325
furpa,13.0,12,0,CCGATTTAGAGACTTGGTCT,12,1348600
furpa,13.0,12,0,CATATATTAATTGCGTTAGG,12,1320988
furpa,13.0,12,0,CAATAGTGTAGTTCCGTCCG,12,1295131
furpa,13.0,12,0,CAACTGGTTCCACTTCGACC,12,1320724
furpa,13.0,12,0,CAAAAAGCCCAAACGGAATA,12,1273071
furpa,13.0,12,0,ATTGCCCTCGCGAACGAGTT,12,1276689
furpa,13.0,12,0,ATGTGTAAAGCCAGGATCAG,12,1336160
furpa,13.0,12,0,ATGGTTAGGACATGGTATTC,12,1301484
furpa,13.0,12,0,ATCTTGCACGGCGGTATAAT,12,1295093
furpa,13.0,12,0,AGATGTATTTGGGTTTAGGT,12,1288469
furpa,13.0,12,0,AGAGGCATTCGGCGCAGCGC,12,1353098
furpa,13.0,12,0,AGACGGGGACACTACCACGC,12,1325839
furpa,13.0,12,0,AATCAGAGTATTGTGATATG,12,1281877
furpa,13.0,12,0,AATACTTCGCGCCAATGTGG,12,1311115
furpa,13.0,12,0,AACGGTTTGTGGAATGCATG,12,1272502
furpa,13.0,12,0,AAACGTTCCACGTTGATACG,12,1314103
furpa,12.0,11,0,TGTATGCCTTAGGCTCCTAG,11,1329158
furpa,12.0,11,0,TGGATAGGCTTATGTCCTAT,11,1280314
furpa,12.0,11,0,TGGACCCGGAGTGTTCCCGG,11,1323916
furpa,12.0,11,0,TGCCGTAAAGGACGCAAGTA,11,1275778
furpa,12.0,11,0,TGATACCATATCCTTCAGAT,11,1286725
furpa,12.0,11,0,TCTGGGTTCTAATAGTATTT,11,1279655
furpa,12.0,11,0,TCCGCCTTGGATCCTCGGGG,11,1296361
furpa,12.0,11,0,TCCACTGGCCATAGCACAGA,11,1284652
furpa,12.0,11,0,TATAGATTCTGGACTCCACT,11,1340301
furpa,12.0,11,0,GTATGCAGTGATTGTAGTGT,11,1303870
furpa,12.0,11,0,GTATCAAGTGGAGTAGGTGT,11,1338526
furpa,12.0,11,0,GTAAACAGCGCGGTGACCTC,11,1340590
furpa,12.0,11,0,GGGTAACAAGGCTGGGGATT,11,1315363
furpa,12.0,11,0,GGGATGGGCGGCAAGTATTC,11,1291819
furpa,12.0,11,0,GGACACACGTGGCGACAAAT,11,1326821
furpa,12.0,11,0,GGAAATGTCCCTCAGAGCGG,11,1311870
furpa,12.0,11,0,GCTATCGGCATTTTCCTGCA,11,1296997
furpa,12.0,11,0,GCCCGCATGCACTTAATTTT,11,1338519
furpa,12.0,11,0,GATCGCTTATCACGTCAAGA,11,1304994
furpa,12.0,11,0,GATAGCTAGTAGCGCTCTCA,11,1316495
furpa,12.0,11,0,GACCGGTAACGAGACAAGCG,11,1323480
furpa,12.0,11,0,GAACTGAAATCTCGTTTTCT,11,1272747
furpa,12.0,11,0,CTGTCAGGTCGGTTTGGCTT,11,1333739
furpa,12.0,11,0,CTACATTGGGGCGGAAGATG,11,1354820
furpa,12.0,11,0,CTAAACAAAGTAGTTTTCCT,11,1350301
furpa,12.0,11,0,CGTATGCATCCGAGTCGTCT,11,1312894
furpa,12.0,11,0,CGGTCCATCTGTACGCCGAC,11,1303865
furpa,12.0,11,0,CCTGGAGTACTGGCCTTGCG,11,1337992
furpa,12.0,11,0,CCCGCCCGGGCTGGCGAAAA,11,1331798
furpa,12.0,11,0,CCATTTCCCAGGAGGGATAG,11,1298828
furpa,12.0,11,0,CCAGCACTACACTTTTGTCT,11,1320985
furpa,12.0,11,0,CCACCCGCGCGCGCGTTAGC,11,1354452
furpa,12.0,11,0,CATGCTTTGAATTACTATAC,11,1280973
furpa,12.0,11,0,CAGGGCTTTTAATCCTTGAG,11,1346130
furpa,12.0,11,0,CAACGTAGCCACATGGCGTC,11,1336270
furpa,12.0,11,0,CAAACGGCATACGCAAGTGA,11,1315379
furpa,12.0,11,0,ATTGCAACATTTCTCTCCAG,11,1310220
furpa,12.0,11,0,ATTCCCCCGCATGTCCAGAT,11,1298078
furpa,12.0,11,0,ATCCTAGCTCGATCCTGCTT,11,1281884
furpa,12.0,11,0,ATACGTGTCCCACGTTCCTT,11,1276361
furpa,12.0,11,0,ATAACAAGGGGTGCTGTGGA,11,1352532
furpa,12.0,11,0,AGGCCAAGGCATTGGAGCGT,11,1324731
furpa,12.0,11,0,AGCGGGACTCCTCACTGGTC,11,1346034
furpa,12.0,11,0,ACTGGTGCATTTTTCTTGTA,11,1337279
furpa,12.0,11,0,AATATAAATCTCACTGTGGC,11,1289397
furpa,12.0,11,0,AATAGGTGGGGCATGTGAAA,11,1283575
furpa,12.0,11,0,AAGGATCGCTATACGCGATA,11,1323408
furpa,12.0,11,0,AACTATATTTGCGTAAGTAC,11,1336561
furpa,11.0,10,0,TTTGACAATTCATTGGAAAC,10,1285208
furpa,11.0,10,0,TTTCATGCTACTTTTGAAAA,10,1310011
furpa,11.0,10,0,TTCGGGGAAGTGTCAACTTT,10,1321334
furpa,11.0,10,0,TTCCTCTTAGTGAGGTGCTT,10,1341027
furpa,11.0,10,0,TGTACACGATTACTAGGCTA,10,1313009
furpa,11.0,10,0,TGGCGGTGTCAATTTGAATA,10,1319869
furpa,11.0,10,0,TGGATTTGGCGCTTAGTTTG,10,1300672
furpa,11.0,10,0,TGGAGATTCCAAAGGTCCTC,10,1353313
furpa,11.0,10,0,TCCTACAAATTACATTTAAT,10,1293607
furpa,11.0,10,0,TAGGCCACTACTGGAATGCT,10,1283800
furpa,11.0,10,0,TAGCGTCATATTCGGTAGGA,10,1332485
furpa,11.0,10,0,TACGGGGGGCAGGTGTGTGC,10,1314682
furpa,11.0,10,0,TACACCCGCGGAATGACTTC,10,1343042
furpa,11.0,10,0,GTATGACCTAGACTTGTATT,10,1325439
furpa,11.0,10,0,GTATATAGCTAGCCATTGCA,10,1286070
furpa,11.0,10,0,GTAGATGACTCCAATCCCTC,10,1339582
furpa,11.0,10,0,GGTATGACAATTCAATAACA,10,1279132
furpa,11.0,10,0,GGACGGTCACGGCGTCTTGA,10,1303863
furpa,11.0,10,0,GCTCGCCGCTAGAATGCTAG,10,1310251
furpa,11.0,10,0,GCTACGCCATAGCGATTATA,10,1287441
furpa,11.0,10,0,GCGCTTTTGACCACCGAATG,10,1322389
furpa,11.0,10,0,GATTTACTCAGTTACAGCAT,10,1290101
furpa,11.0,10,0,CTTGTGTTGTAGTTTGTTGG,10,1314964
furpa,11.0,10,0,CTTAATTTCTTGTAAGGCTA,10,1317548
furpa,11.0,10,0,CGGCTCTTATACGTGGAAGG,10,1275262
furpa,11.0,10,0,CCTCGCTACCGACATGTGCC,10,1332371
furpa,11.0,10,0,CCTAGGTGTTCATGTCGAAC,10,1323923
furpa,11.0,10,0,CCGGGCGAGATGTTGTTTGT,10,1351392
furpa,11.0,10,0,CCCTTTGAACCGTTAACTTG,10,1312889
furpa,11.0,10,0,CCCGGCATAAACTGAGGATC,10,1320057
furpa,11.0,10,0,CCAGTTTTTGTCTGCTGCCC,10,1271340
furpa,11.0,10,0,ATTGGATGCATGTGGCCGCG,10,1309146
furpa,11.0,10,0,ATGCGGCGGGGTGGTATTCA,10,1345199
furpa,11.0,10,0,ATAGCGAACGTGGTTTTACA,10,1330117
furpa,11.0,10,0,ATAAAATTCGGTCACAACCA,10,1307711
furpa,11.0,10,0,AGGGCTGTAATCCTCGTTCG,10,1346108
furpa,11.0,10,0,ACGGCAGGACTCTCCACACA,10,1347644
furpa,11.0,10,0,ACAGAAGCCCTGTGTAAGTG,10,1306741
furpa,11.0,10,0,AAGTATAACGGCGCTTCCTT,10,1344005
furpa,11.0,10,0,AACATTCGCGCGTGGCCCAC,10,1355648
furpa,10.0,9,0,TTGGTCAGAAATATGGACTA,9,1337233
furpa,10.0,9,0,TCTTGCCACGTTAGCGAGTT,9,1344634
furpa,10.0,9,0,TCTGGACGACGCTGACAGAT,9,1338058
furpa,10.0,9,0,TCACCTTTAAGTTACGCGTG,9,1305358
furpa,10.0,9,0,TAGAGCTGGTGTCTTGGACA,9,1315645
furpa,10.0,9,0,TACACGCGCAATTGGTCTCG,9,1295662
furpa,10.0,9,0,GTGAGTTAACAGCTATACTT,9,1352599
furpa,10.0,9,0,GGGAGTTGGCGCATTTTCTT,9,1349119
furpa,10.0,9,0,GGCTTTATTACGCATGAGAG,9,1316195
furpa,10.0,9,0,GGACCTCGCTGGATCCGACT,9,1316515
furpa,10.0,9,0,GCTGCCTCTGATCCTGATGG,9,1330082
furpa,10.0,9,0,GCGGTCACCCTCCGGCTGTT,9,1288398
furpa,10.0,9,0,GCACCAAGGGATGTGTGAGG,9,1340057
furpa,10.0,9,0,GATGTTGCGGTTGAAAAGGA,9,1271808
furpa,10.0,9,0,CTACAGTATAATCGCGATAG,9,1320117
furpa,10.0,9,0,CCTGCCTTTAGGGGAGGGGG,9,1291664
furpa,10.0,9,0,CATCGGGATTAGGCTATAAG,9,1342888
furpa,10.0,9,0,CAAGTCAAGACGTCCATTAC,9,1345317
furpa,10.0,9,0,ATTACAGACAGCGGGCACCC,9,1350751
furpa,10.0,9,0,ATGTCGGGCAGATTATAAAT,9,1351421
furpa,10.0,9,0,ATCGAAGGCCGTGATATGCC,9,1341012
furpa,10.0,9,0,AGTAGGCGTGAGCCTAGTGT,9,1351341
furpa,10.0,9,0,AGCCACTATAAAAAGGTGCT,9,1329497
furpa,10.0,9,0,AGCACCTCTGGTTGCGGCGC,9,1340974
furpa,10.0,9,0,ACTTACATGGGGGGCGCGCA,9,1352052
furpa,10.0,9,0,ACGGATTGTACTCTGAGTCC,9,1341315
furpa,10.0,9,0,AAAGATCCTGTCTGATCGAA,9,1317026
furpa,9.0,8,0,TTCTTATAGGCGGGACGTGA,8,1320125
furpa,9.0,8,0,TGTCCACGTTGGGGAGCCAA,8,1273856
furpa,9.0,8,0,TCCCACTCGGTGGGAGCTTA,8,1307595
furpa,9.0,8,0,TCCCACTCGGTCGCGTCCTC,8,1290038
furpa,9.0,8,0,TCAACAGTTGTGTTCGTCGT,8,1290680
furpa,9.0,8,0,TACGGGTGTCTTTTCCGGCA,8,1333504
furpa,9.0,8,0,TACCCCTGAAAAAAGGTCTC,8,1344631
furpa,9.0,8,0,TAACACGTGAAGAGTTCGAC,8,1341239
furpa,9.0,8,0,TAACACGGTGCAAGCTCTGA,8,1308616
furpa,9.0,8,0,GTTACTTCAACTCTTTTTCG,8,1291588
furpa,9.0,8,0,GTGCCGTAGTAGCAGGACCC,8,1296742
furpa,9.0,8,0,GTCTCTGCCCGCCTACTACA,8,1313108
furpa,9.0,8,0,GTCAAGATCACTCTGGGAGC,8,1275868
furpa,9.0,8,0,GCTGACAACCTGCAGTTTTT,8,1310092
furpa,9.0,8,0,CTGTGGTGAACTGGTGGAAT,8,1294096
furpa,9.0,8,0,CTGGACATGGGAATGTTTTG,8,1302888
furpa,9.0,8,0,CTAGTTAGGAGAAGAGAAGT,8,1300914
furpa,9.0,8,0,CGTGCCCAATCCCTGTGGAT,8,1338851
furpa,9.0,8,0,CGGCTTAGAATTTCTACTGG,8,1320501
furpa,9.0,8,0,CGGCTGTGAGTTGGAACTCA,8,1273446
furpa,9.0,8,0,CCTGCTGAGAAATGTATCTC,8,1288215
furpa,9.0,8,0,CCGAGAGCGTATAATTGAAA,8,1272210
furpa,9.0,8,0,CAACCTATCCGGGGGTCTTT,8,1334681
furpa,9.0,8,0,AGTCACGTCCAACAGGGATT,8,1349677
furpa,9.0,8,0,AGAGTCTCATGGGGGAGCTA,8,1328301
furpa,9.0,8,0,AGAAGAATGTTTTCTATGGA,8,1297348
furpa,9.0,8,0,ACTCGAGCAACCCACGATAA,8,1284988
furpa,9.0,8,0,ACGTGTGTTCCGTCTACCCC,8,1295943
furpa,9.0,8,0,ACCGGTTTAAGCCACCGGAC,8,1308861
furpa,9.0,8,0,ACATTACTCCTCGTTGTTAT,8,1329521
furpa,9.0,8,0,ACATCCCCCGAGTGTCCAGG,8,1327385
furpa,9.0,8,0,ACAAGTCAATAGTGTGGAAG,8,1287572
furpa,9.0,8,0,AAGTCGCGTCGGCATCTTGT,8,1332824
furpa,9.0,8,0,AAGGTAAGGGCTATGGCAAA,8,1273623
furpa,8.0,7,0,TTTCAGTAGTACTTATTCGA,7,1289849
furpa,8.0,7,0,TTGAGTTACCGCAAAGAGAG,7,1336948
furpa,8.0,7,0,TGGCTTCACGCACGATCTCT,7,1339447
furpa,8.0,7,0,TGCGCCCCGGGGTCATGAGC,7,1327436
furpa,8.0,7,0,TCTGTGAGCTTGTTGGCCTA,7,1284499
furpa,8.0,7,0,TCGTATTCGAATCGTTGACA,7,1280879
furpa,8.0,7,0,TCCCGGGGGCTTCTAGATAA,7,1348603
furpa,8.0,7,0,TCAAGTCTGTCGATGGTTCT,7,1322354
furpa,8.0,7,0,TATACGCAGCGGGAGCTCTT,7,1298377
furpa,8.0,7,0,TAAACAACCCGGCATCATCT,7,1346344
furpa,8.0,7,0,GTTGAGACCCTGGTGGGACT,7,1302727
furpa,8.0,7,0,GTGTCGGGATCACGCGATTG,7,1326721
furpa,8.0,7,0,GTCCAACCAAATCCGAGATG,7,1287659
furpa,8.0,7,0,GGCTTCGCGCATGATTTTGG,7,1355125
furpa,8.0,7,0,GGAAGAGGCTCTAGGTCGTA,7,1347339
furpa,8.0,7,0,GAACCGATGCTACGAGATAC,7,1286144
furpa,8.0,7,0,CTCATGTGAAACATCCGGGT,7,1334444
furpa,8.0,7,0,CTAGTCAAAAACAGTAGTGA,7,1309604
furpa,8.0,7,0,CGGTTGTTCGTGAGAGACGA,7,1343561
furpa,8.0,7,0,CGGTAAAAGACTAAGGGGGT,7,1287869
furpa,8.0,7,0,CGCTAATCGAGGATCCTAGG,7,1334990
furpa,8.0,7,0,CGAGAGGATATTGTTAACAA,7,1300916
furpa,8.0,7,0,CATGCATGAACAGCGGAGAT,7,1312306
furpa,8.0,7,0,CAGTCTCGGGCTTACCAGGA,7,1279116
furpa,8.0,7,0,CAGCGCGAGCACATTGATCT,7,1301422
furpa,8.0,7,0,CACGGTTCTTCTTGTCGGCA,7,1312538
furpa,8.0,7,0,CACGGTAAATCCGTCGTCGG,7,1349189
furpa,8.0,7,0,ATTCTATTCCGGTGCTCCCT,7,1325903
furpa,8.0,7,0,ATACGCGGGTTGTTTGCCCT,7,1326119
furpa,8.0,7,0,AGTGTCCGGGCACGATTTTC,7,1350272
furpa,8.0,7,0,AGGATGGCCCAGTGCCAGGA,7,1280348
furpa,8.0,7,0,AGCATTGACTGCATCTGGGA,7,1326435
furpa,8.0,7,0,AGCATTATAACGATTTATGT,7,1280926
furpa,8.0,7,0,AGATCATCCTCCGCTTTCGT,7,1283168
furpa,8.0,7,0,AGAAATAAGTTGATGCCCAT,7,1284794
furpa,8.0,7,0,ACTCTCCAGCAACCACGTTG,7,1312676
furpa,8.0,7,0,ACGCGTAATCATTCCTAGTA,7,1310989
furpa,8.0,7,0,ACCGTAGGCTTCGTAGTCTA,7,1321260
furpa,8.0,7,0,ACCCCGCAAAACCATCATGT,7,1314685
furpa,8.0,7,0,ACAGCTCTAGGGTACGTATT,7,1279723
furpa,8.0,7,0,AAGTGTACACTTTTAGTATC,7,1298157
furpa,8.0,7,0,AAACGCCAGTAACACAAATC,7,1341025
furpa,7.0,6,0,TTTACCGGCGTTCAGTGTCT,6,1313879
furpa,7.0,6,0,TTCCTTGCAGTATCATATCG,6,1311288
furpa,7.0,6,0,TGTCCGACCCCCCTGAGTGC,6,1344242
furpa,7.0,6,0,TGACGCATCGTCATGAGCAA,6,1303717
furpa,7.0,6,0,TGAACAGGCATTTTTGTCAG,6,1273844
furpa,7.0,6,0,TCCTCTCGTTTCAGCCGAGC,6,1283270
furpa,7.0,6,0,TCATCTTGCGCTTCTATAGG,6,1347021
furpa,7.0,6,0,TCACGCCCCGAATGTGCGCC,6,1280168
furpa,7.0,6,0,TATGCGCCTCAGCCGCAACT,6,1305327
furpa,7.0,6,0,TATAACTGCGCGGACCTCAT,6,1284657
furpa,7.0,6,0,TACTTCACATCACGGTAGAC,6,1345480
furpa,7.0,6,0,GTTCACCGTGCAGCCTATCA,6,1309893
furpa,7.0,6,0,GTTAGGGTTGTGAAACGCCT,6,1289899
furpa,7.0,6,0,GTCTGGCATAGCGAGAATAA,6,1303323
furpa,7.0,6,0,GTCACAACTTGAACAACCTG,6,1302643
furpa,7.0,6,0,GTAGGGAACAAGAAGGCCCT,6,1279474
furpa,7.0,6,0,GTAAAGCTAGGGACCATCGA,6,1318037
furpa,7.0,6,0,GGTGGAGGCGATCTATCGCT,6,1316266
furpa,7.0,6,0,GGCAGCATATCGTCGGGAAG,6,1287640
furpa,7.0,6,0,GGATGTGTGTAATTGCAGAA,6,1306751
furpa,7.0,6,0,GGATGCCGGAGCTTCTTGAT,6,1354503
furpa,7.0,6,0,GGACCCAGACTCAGAATCTT,6,1311571
furpa,7.0,6,0,GCTGGAGACCATGTCGGTAA,6,1289251
furpa,7.0,6,0,GCGACGCATAGTGACTGCTA,6,1309534
furpa,7.0,6,0,GCCCTTGATCTCACGGTACT,6,1343934
furpa,7.0,6,0,GAGGACCGGTGTTGAATGGA,6,1299522
furpa,7.0,6,0,CTCCTAAGAGTGTAACGTCT,6,1290715
furpa,7.0,6,0,CTCCGGACCCTGAAATTCCT,6,1341200
furpa,7.0,6,0,CTCACGCTAAGCTCTTAACA,6,1283116
furpa,7.0,6,0,CTACTTGTCTTTGGTAAGTC,6,1329995
furpa,7.0,6,0,CGTAGTTATCTGCGCCTCCA,6,1345295
furpa,7.0,6,0,CGGTCTAGCTTCGGGATTGG,6,1315577
furpa,7.0,6,0,CCCACATCATTTGATCCGCA,6,1324253
furpa,7.0,6,0,CCAGACGAATTTTACGCCAG,6,1312983
furpa,7.0,6,0,CACCCCGCATATCGACCATG,6,1317301
furpa,7.0,6,0,CAATTTTATCAGCAAGCCGT,6,1340980
furpa,7.0,6,0,CAAAACCGAGGTCTCAATTA,6,1341944
furpa,7.0,6,0,ATGGAGAAGGTAAACAACGT,6,1287455
furpa,7.0,6,0,ATCCATTGCATCACCTTTGA,6,1318457
furpa,7.0,6,0,AGCGTCCTTGACGTGTAGCA,6,1316517
furpa,7.0,6,0,AGATGCTACGCTTGTACGGT,6,1331327
furpa,7.0,6,0,ACGGGCATGTATGCAGTTAT,6,1301790
furpa,7.0,6,0,ACAAAACCGGACTGGGGCGC,6,1332823
furpa,7.0,6,0,AACATTGTATAACGTTACGA,6,1292811
furpa,6.0,5,0,TTTAGTATGTGATTATTAGA,5,1339166
furpa,6.0,5,0,TTCTCTGGCTGAAGCTTACA,5,1284963
furpa,6.0,5,0,TGCGTAATCTAGGGACGCGT,5,1281709
furpa,6.0,5,0,TGCGGTACGCAAGGAGTATC,5,1326718
furpa,6.0,5,0,TGAGCCGTTAGTCAAAGACT,5,1302174
furpa,6.0,5,0,TGACGAGTAAGGTAACGGCC,5,1277191
furpa,6.0,5,0,TCGATCATGAGGAATGAGAC,5,1357720
furpa,6.0,5,0,TCCGATGTTGGCGTATCCCT,5,1308167
furpa,6.0,5,0,TATTGATCTCCGCAAAGCGT,5,1293880
furpa,6.0,5,0,TAGGCATCTTGTTAGATCAT,5,1278053
furpa,6.0,5,0,TAGACGGCAGCGTTCTCACC,5,1317540
furpa,6.0,5,0,TAACGTCAAACGGGCCAGGT,5,1354443
furpa,6.0,5,0,GTTTTTTCGTTCGGCGACAT,5,1278252
furpa,6.0,5,0,GTCGCTAGCTCACGAAAGAT,5,1335120
furpa,6.0,5,0,GTAGGTTCAGGTGCTGCACT,5,1329253
furpa,6.0,5,0,GCGTTTATTGATTTTTTAAT,5,1311088
furpa,6.0,5,0,GCGCGAAGACAAGACAACGG,5,1319983
furpa,6.0,5,0,GCACCGGTTCCTCCGTAGGT,5,1300168
furpa,6.0,5,0,CTATTGCCCGTCCCACGAAT,5,1313553
furpa,6.0,5,0,CGTAATGTCATTTAAAATGG,5,1288531
furpa,6.0,5,0,CGATCACTGTTGTCCACATT,5,1316138
furpa,6.0,5,0,CGATATATCTACGACGCGGT,5,1311716
furpa,6.0,5,0,CGAAGAAACTCACGAACGCA,5,1346082
furpa,6.0,5,0,CCGTACTTTACCTTCATAGG,5,1307533
furpa,6.0,5,0,CCGAAAGCCTGAAATCCTCA,5,1279039
furpa,6.0,5,0,CAGGATATGCGCGCGGTATA,5,1329265
furpa,6.0,5,0,CAACACAATGGTGACATCGA,5,1354628
furpa,6.0,5,0,ATTGTTCTTCATCGACAGGC,5,1317634
furpa,6.0,5,0,ATTCTACTCACCTAGAAAGC,5,1337166
furpa,6.0,5,0,ATGCGCCGCGACGCACTGAG,5,1301161
furpa,6.0,5,0,ATCTTCGTAGTCACCAAGAA,5,1349324
furpa,6.0,5,0,ATCCGATCGGAGGAATGGGG,5,1308272
furpa,6.0,5,0,AGTGCTATGAGTCCCGGTTT,5,1311229
furpa,6.0,5,0,AGTACATGGCGCCACCTTGT,5,1348969
furpa,6.0,5,0,AGGTCGGTTTGGTGACTTGA,5,1307558
furpa,6.0,5,0,AGGAATCTTAATCTCAATCC,5,1278121
furpa,6.0,5,0,AGCTTTCGCCCAAGTAATAA,5,1306419
furpa,6.0,5,0,ACGGCGTGTGTTGGCCTGAA,5,1281886
furpa,6.0,5,0,ACATCCTAAAAAGTCGTCGG,5,1288576
furpa,6.0,5,0,AATCCAAATTCCCTACTGGA,5,1340366
furpa,6.0,5,0,AATAACATCTCAAGGGATGC,5,1299954
furpa,6.0,5,0,AAGTTGCTCAGTCAATTTAA,5,1291800
furpa,6.0,5,0,AAGGGTGCTTCGCAGCCATT,5,1333613
furpa,6.0,5,0,AAATGCAAGCGGACGACCGT,5,1321510
furpa,5.0,4,0,TTTGGGCAGGGACCGGCGGA,4,1336881
furpa,5.0,4,0,TTGCGGCCCCTTGAAGTACT,4,1310531
furpa,5.0,4,0,TGTAAGAACGGTAAGGGCGA,4,1284946
furpa,5.0,4,0,TGGTCACAGATGGCTATTTT,4,1349945
furpa,5.0,4,0,TGGAAGGACGCACCGGGGTT,4,1321094
furpa,5.0,4,0,TGCGCACTCGGGACAATTCT,4,1296904
furpa,5.0,4,0,TGAGAGCTAATTACAATGTA,4,1285403
furpa,5.0,4,0,TGAGAGACAGAGGCAGTGGG,4,1298364
furpa,5.0,4,0,TCTATGCATTGCGGGGTTTG,4,1296851
furpa,5.0,4,0,TCGAGTGGGAGAACTAGGTC,4,1307012
furpa,5.0,4,0,TAACGTGTTCTGTATTCCTA,4,1292448
furpa,5.0,4,0,GTCTAGCTCACATTGCCCAC,4,1344247
furpa,5.0,4,0,GTAGTACGGATAGTCTGCGG,4,1281272
furpa,5.0,4,0,GGGGTTGGCGTGCCTAAACA,4,1351675
furpa,5.0,4,0,GGGATCGCATGGTTGAAAGC,4,1325141
furpa,5.0,4,0,GGATGCTCTTAAGTAGAAGA,4,1350860
furpa,5.0,4,0,GGAAGTTCCGGGTTTAGGAT,4,1295451
furpa,5.0,4,0,GCTTGCGCCCCCTAGACTCA,4,1310699
furpa,5.0,4,0,GCTGTTGCGCGGACTGGAGA,4,1281446
furpa,5.0,4,0,GCTGTTATGCTTTAAGCCCC,4,1292101
furpa,5.0,4,0,GCGCTAGTTAGATCCGCGGA,4,1309117
furpa,5.0,4,0,GCCGATGGTTAGTCTCACAG,4,1285408
furpa,5.0,4,0,GCAATATCCGTCACTGCCCG,4,1320426
furpa,5.0,4,0,GCAACGCGAACATCTTTGAG,4,1287657
furpa,5.0,4,0,GAGCACTCAGCACGCGTAGG,4,1314386
furpa,5.0,4,0,CTTAACACGACCATGCACAT,4,1271866
furpa,5.0,4,0,CTGGTACTAAGGCAACGATT,4,1332163
furpa,5.0,4,0,CTGGATTAGGCCCCGTGTAG,4,1349123
furpa,5.0,4,0,CTGACGCTCCCCTGAACGGG,4,1271527
furpa,5.0,4,0,CGTATTCCACTAATGGTTGC,4,1292055
furpa,5.0,4,0,CGGCTGGACTCCTGGCATTA,4,1289043
furpa,5.0,4,0,CGCCATGGGTGCCTATCATT,4,1309612
furpa,5.0,4,0,CGCACCGTACTGGTCCGGCG,4,1354751
furpa,5.0,4,0,CCTCCGAATCCGCCGCATGC,4,1278268
furpa,5.0,4,0,CCTATACATATAAGATCGGG,4,1318956
furpa,5.0,4,0,CCGTCTTCCTAAGCATATTT,4,1338284
furpa,5.0,4,0,CCATCAATGGAACCACCGCA,4,1345760
furpa,5.0,4,0,CACAGATACACAACCCCTTA,4,1319978
furpa,5.0,4,0,CAAGGATTCAATGGCATTTA,4,1324516
furpa,5.0,4,0,CAAACCGAGCCCAAGAAGTT,4,1335329
furpa,5.0,4,0,ATTTGGCTTACTAGTGTTAT,4,1330249
furpa,5.0,4,0,ATCTTCATGAGTAGTGACAG,4,1283223
furpa,5.0,4,0,ATCTAAGCTGCTTGGAAGCA,4,1299642
furpa,5.0,4,0,ATAGCGTGAGAGCAAGTAGC,4,1333462
furpa,5.0,4,0,ATACTAGAGGATGTACCTTG,4,1334334
furpa,5.0,4,0,AGTTGACGTCGTGTCATCGC,4,1319696
furpa,5.0,4,0,AGGGACCTCGGGATTACCTC,4,1346095
furpa,5.0,4,0,AGGACACGGGGAGGCGTATC,4,1354334
furpa,5.0,4,0,ACCCACTCACATAGAGTCTT,4,1315714
furpa,5.0,4,0,AATCTGGGCGAAGTTTTTGC,4,1291752
furpa,4.0,3,0,TTGACGATAAAAGTGAGAAG,3,1316263
furpa,4.0,3,0,TTCTCAAGTCCCAATAGAAC,3,1317645
furpa,4.0,3,0,TTCCGTGCAGAGCCTTACTC,3,1287164
furpa,4.0,3,0,TTATTCTCTTTAGTCCCGGA,3,1286052
furpa,4.0,3,0,TGTACAGGGCTATTTAGGGT,3,1272609
furpa,4.0,3,0,TGATCAACGCCACCATCTCT,3,1324051
furpa,4.0,3,0,TCAATTTCACACACTATGGA,3,1338880
furpa,4.0,3,0,TCAAATCCAGGGAGGGAAGT,3,1304920
furpa,4.0,3,0,TATTCGTGGGCCTGTACCGG,3,1309429
furpa,4.0,3,0,TATCCACAAGAACGCTGCAA,3,1348304
furpa,4.0,3,0,TATAGTTAGACGTCGAACCA,3,1328322
furpa,4.0,3,0,TACCAACCGGATTAGTAAAA,3,1300202
furpa,4.0,3,0,TACATGCACATATATTTATT,3,1283638
furpa,4.0,3,0,TAAAGAAGTCAGACCTATTC,3,1324083
furpa,4.0,3,0,GTTGGCAGCCCGGGCGTACC,3,1308592
furpa,4.0,3,0,GTGAGACGGATCTGACGACT,3,1315376
furpa,4.0,3,0,GTACGAGATAAAACTCGGTA,3,1291695
furpa,4.0,3,0,GGTGCAGAATTGGCGAGTGC,3,1328368
furpa,4.0,3,0,GGCGGCACAGTTTATGCTTC,3,1319494
furpa,4.0,3,0,GGAAGCTCGGATCTACCTAC,3,1331293
furpa,4.0,3,0,GCTAGCATTTTATCATCCTC,3,1354982
furpa,4.0,3,0,GATCGGTAGTTTCTGTCTAG,3,1327399
furpa,4.0,3,0,GAACTACTTTAAAATGGTAT,3,1325923
furpa,4.0,3,0,GAAAAACTCGCGTGCGCGTA,3,1282779
furpa,4.0,3,0,CTTGAACACTCGACGTTGCC,3,1305298
furpa,4.0,3,0,CTGAATTGTTGATAACTCCC,3,1284546
furpa,4.0,3,0,CTCTCATCCCAGCGGTTAGT,3,1321007
furpa,4.0,3,0,CTAGGTGAATACTGATCTAC,3,1331852
furpa,4.0,3,0,CGGTGTGCGCTAGTCCGTCG,3,1316496
furpa,4.0,3,0,CCTTTAAGGAGGTCTGCAAC,3,1281073
furpa,4.0,3,0,CCCTGTCTGGTTGACATATT,3,1333539
furpa,4.0,3,0,CCCGCACAACCTGCTATCGA,3,1344920
furpa,4.0,3,0,ATTTAGCGGGCCAGCATGCT,3,1340166
furpa,4.0,3,0,ATCGTAGAGTTGATGCCCCG,3,1314462
furpa,4.0,3,0,ATCCTCTCTGACATGGAGTC,3,1350952
furpa,4.0,3,0,ATATTTCGGGGGAACATCCT,3,1284662
furpa,4.0,3,0,ATAGGATCGTAGGGGAATGA,3,1352398
furpa,4.0,3,0,AGGGTCTGACGTTTTTTAGT,3,1275706
furpa,4.0,3,0,AGCAATACGATTCAGACATT,3,1271933
furpa,4.0,3,0,ACCTGGTAGAATAATACAAG,3,1316940
furpa,4.0,3,0,AATCGAACCGATTTTGACCT,3,1330255
furpa,4.0,3,0,AACGAATTGAGGAGTAAGGG,3,1352249
furpa,4.0,3,0,AAATGAGACCGCCCAAAGAA,3,1287680
furpa,4.0,3,0,AAAGTAATGAAGTGGCTGAG,3,1357316
furpa,3.0,2,0,TTTGTGGAAGCAGTGAGACC,2,1287860
furpa,3.0,2,0,TTCAACCACGTCGCTTTACG,2,1279890
furpa,3.0,2,0,TCTTAGAGTTAGATTCGGCA,2,1322999
furpa,3.0,2,0,TCGACATTCGTTCCCTCAGA,2,1326596
furpa,3.0,2,0,TCACGGGGGGAACGATCATT,2,1290148
furpa,3.0,2,0,TAGAATTGCTCGCAAACAAC,2,1281060
furpa,3.0,2,0,TAAACGGGGCCATTGGACTC,2,1291805
furpa,3.0,2,0,GTTGGTGCGAATATGTGTTG,2,1303866
furpa,3.0,2,0,GTCTAGAAAACCGCCGGTGT,2,1287432
furpa,3.0,2,0,GTCCCTCAAGTGCCAAATTC,2,1333819
furpa,3.0,2,0,GGTTGTTCGTATCTTTGGAA,2,1285911
furpa,3.0,2,0,GGTCTGAACATTTAGCACTG,2,1352296
furpa,3.0,2,0,GGGGCACAAAGTTCCAGGGT,2,1339194
furpa,3.0,2,0,GGCACTCCATAAGCGAATAT,2,1339607
furpa,3.0,2,0,GGATACGCGACATTTACTTT,2,1288866
furpa,3.0,2,0,GGAGATCGGAGACCAAGGTT,2,1321630
furpa,3.0,2,0,GGAGAAAGTCTGCATCCGTT,2,1310056
furpa,3.0,2,0,GCTCACGAATTCTAGGTTAC,2,1297898
furpa,3.0,2,0,GCTATGAAGTTAGTACAGCT,2,1339200
furpa,3.0,2,0,GCGGTTCCGGGGAGGGGGGT,2,1304844
furpa,3.0,2,0,GCGGTGCGCACGCCGCCAAC,2,1328290
furpa,3.0,2,0,GCCTTTGCGTTGGACGGATA,2,1343643
furpa,3.0,2,0,CTCTGACTGAACGGTGCGTA,2,1337246
furpa,3.0,2,0,CTCGGATGTACACATTATCA,2,1278419
furpa,3.0,2,0,CTCACCTTTCCTGTGAAGAG,2,1338044
furpa,3.0,2,0,CTCAAATGTAGAAAGATCTA,2,1301036
furpa,3.0,2,0,CTCAAAACTGTCACAAGCAT,2,1282929
furpa,3.0,2,0,CTACGTAGTCTCCTTCGGGT,2,1342356
furpa,3.0,2,0,CGGCAACGTTTAGCAGCTCG,2,1296795
furpa,3.0,2,0,CGCAGTACAGTCTGAATACT,2,1340929
furpa,3.0,2,0,CCGCTGTGGTCTGTTTTGTC,2,1347592
furpa,3.0,2,0,CCGATAGAATATCGGGAAAC,2,1304929
furpa,3.0,2,0,CCCCTAATCTAAAATAGAAC,2,1296907
furpa,3.0,2,0,CATTTTGTTTTCTAGTGGAT,2,1277927
furpa,3.0,2,0,CAGAGGCCGTGAATCAGGTT,2,1331950
furpa,3.0,2,0,CAAATGGCGCAAACCTCGCT,2,1336420
furpa,3.0,2,0,ATTTCCACAACAATATCTTA,2,1327974
furpa,3.0,2,0,ATCGTTTCCTTTCACTCGGT,2,1347340
furpa,3.0,2,0,AGTGCCCCCGCGGTTGTAGT,2,1342929
furpa,3.0,2,0,ACTAGCCGATCGAGGCTATA,2,1271336
furpa,3.0,2,0,ACAAGATTAATACCCTGCAG,2,1336476
furpa,3.0,2,0,AAAGACGCTGGCTTCTCGCA,2,1347795
furpa,3.0,2,0,AAACGGATACGCAACCGAGA,2,1283157
furpa,2.0,1,0,TTTTTCTACTCAGCAGGGGT,1,1338130
furpa,2.0,1,0,TTTGCAGCCGTACGTTTGGC,1,1296991
furpa,2.0,1,0,TTTCCGTGATAAATGTTAGT,1,1285232
furpa,2.0,1,0,TTGTTGACGGCAAGGTGGGA,1,1308078
furpa,2.0,1,0,TTGAATTTAACGCCATGAGT,1,1281977
furpa,2.0,1,0,TTAGTCGGTTGGAATGGCAA,1,1354380
furpa,2.0,1,0,TTAATATCCGATCCTCACAA,1,1335994
furpa,2.0,1,0,TTAAAAGTTTTACGTATACC,1,1292241
furpa,2.0,1,0,TGTTGAACACCGCGGTCATG,1,1312172
furpa,2.0,1,0,TGTTCGATCCCGCAGATAGG,1,1279324
furpa,2.0,1,0,TGGTCGTTCCCTAAGAAACT,1,1278762
furpa,2.0,1,0,TGGCATTGCTCTTTTACTGT,1,1289359
furpa,2.0,1,0,TGGAGATCGGCGTGTGCAGC,1,1323416
furpa,2.0,1,0,TGCCACACGCAAGGTCAACT,1,1315402
furpa,2.0,1,0,TGATAGATGGTCATCAACTA,1,1271870
furpa,2.0,1,0,TGATAAACCGTTTTCTCGAT,1,1313064
furpa,2.0,1,0,TGAGGTTACGGGGCAACAAA,1,1341441
furpa,2.0,1,0,TGACTGCAACGGCCGAGTAC,1,1322547
furpa,2.0,1,0,TGACAGAAAGACGCCTAGAA,1,1272668
furpa,2.0,1,0,TCTCGGTTCGGCCGTTTCCT,1,1272606
furpa,2.0,1,0,TCGTAGGCTACTGGGACCGT,1,1331342
furpa,2.0,1,0,TCAGCCGCTCGCACTGTGTT,1,1277731
furpa,2.0,1,0,TCACTCGCCGGTTCCAGGCA,1,1336143
furpa,2.0,1,0,TATCGTTCCGTCGGAAGCGT,1,1295642
furpa,2.0,1,0,TACCTGTACGGCTAGTCAAG,1,1278562
furpa,2.0,1,0,TAAGCCCTAATGCACATTAT,1,1342467
furpa,2.0,1,0,GTGTTCACAGCATTGCGTCT,1,1335663
furpa,2.0,1,0,GTGTGGCATCCGCGTTGTAT,1,1316288
furpa,2.0,1,0,GTGGTTCACTACGTAACCCG,1,1327775
furpa,2.0,1,0,GTCGGTATGGTCGCCTGTCA,1,1336130
furpa,2.0,1,0,GTCCATATGAGCTACCGTTC,1,1321194
furpa,2.0,1,0,GTACCGCAGTAATAGGGCTT,1,1329485
furpa,2.0,1,0,GGTCGATAACGACTAAGGTG,1,1291295
furpa,2.0,1,0,GGTACGGAGCGGGCACTGCA,1,1347176
furpa,2.0,1,0,GGCCTCGTCCCAGGTGAGGA,1,1295748
furpa,2.0,1,0,GGAGCGGTAAGGCCTTATAA,1,1321979
furpa,2.0,1,0,GCGCCAAGTAAGGCGAGCAT,1,1327711
furpa,2.0,1,0,GCGAGCGGACTTGGGCGAGA,1,1288446
furpa,2.0,1,0,GCCATATCGGGAGGTTTGGG,1,1302786
furpa,2.0,1,0,GCCAAAAAGCGATCTATATC,1,1355856
furpa,2.0,1,0,GCAGTTTGTAGAGTGGCGAG,1,1333468
furpa,2.0,1,0,GCACGCGCTTCCACAAACCG,1,1331801
furpa,2.0,1,0,GATTGGATTTTCAGTGACTT,1,1281502
furpa,2.0,1,0,GATTGCGGAATATTTGGAAA,1,1309012
furpa,2.0,1,0,GATAGCATATCGCGAACCAA,1,1311074
furpa,2.0,1,0,GACGTCGAAATAAACGGAAG,1,1333110
furpa,2.0,1,0,GACGCATTGAATCATGGGGT,1,1283601
furpa,2.0,1,0,GACATCCCCGTCCTGATTCA,1,1319570
furpa,2.0,1,0,GAATATGTCAGCTCGTATGT,1,1329389
furpa,2.0,1,0,GAACGCACGTACACGATCAT,1,1284475
furpa,2.0,1,0,CTTTCGGCAATCAAGAGCTG,1,1344243
furpa,2.0,1,0,CTTTACAGACTCGGTTCCTC,1,1277355
furpa,2.0,1,0,CTTCCGGGGACTAGCTGTAA,1,1304900
furpa,2.0,1,0,CTTCAGTAGACGCTGGCCGA,1,1316387
furpa,2.0,1,0,CTTATTTATCGTCGCAAGGG,1,1337605
furpa,2.0,1,0,CTGTGCACGCGGTCCCTTTC,1,1345769
furpa,2.0,1,0,CTGGACGAGAGAGTTAATGG,1,1321255
furpa,2.0,1,0,CTCGCGCATGGATAGTGTAC,1,1302834
furpa,2.0,1,0,CTCCATTTAGTAAAGCGCCT,1,1342294
furpa,2.0,1,0,CTCCAATTGTAATAAAGCCT,1,1334238
furpa,2.0,1,0,CTCAATTAAATGTGTCGTCT,1,1299022
furpa,2.0,1,0,CTCAACGATCCCGCGGCCCC,1,1272717
furpa,2.0,1,0,CTATCTGAAATGAGTCCAGG,1,1280144
furpa,2.0,1,0,CTAGAAGGCAGAATCCCACG,1,1329245
furpa,2.0,1,0,CTAACTATATCTCACCGGCG,1,1330306
furpa,2.0,1,0,CGTCCCCACATCCTGACATA,1,1309740
furpa,2.0,1,0,CGGTAGTGATACTAAACCCC,1,1334548
furpa,2.0,1,0,CGGGCGCACGCGTTAGATCT,1,1355484
furpa,2.0,1,0,CGGATCCAACTACTCGCCAA,1,1325065
furpa,2.0,1,0,CGGAGAGACGGGAAATCTGT,1,1289856
furpa,2.0,1,0,CGCTATTCACCAGGTCACCT,1,1332877
furpa,2.0,1,0,CGATATGCAGCGGTAGGTCC,1,1330219
furpa,2.0,1,0,CCTGTAAATAGTATCCAACC,1,1329739
furpa,2.0,1,0,CCTAGATACTATGCCCCCAT,1,1337522
furpa,2.0,1,0,CCGCCGAGTTGTTAAGATTA,1,1318139
furpa,2.0,1,0,CCGATTTGGGAGAATAACCA,1,1337720
furpa,2.0,1,0,CCGAGCTACTCATCTTATAC,1,1349339
furpa,2.0,1,0,CCCGTCTGGAACCTAAGTCA,1,1281514
furpa,2.0,1,0,CCCCTAGTAGAAACAGAGAT,1,1281713
furpa,2.0,1,0,CCACTTGCAACCTCTTCGTA,1,1304445
furpa,2.0,1,0,CATGGCCCTATTGGTGCTTA,1,1282638
furpa,2.0,1,0,CACTGGGCTGGACAACTAGA,1,1354017
furpa,2.0,1,0,CACGTACGGTATCATTCCGT,1,1326429
furpa,2.0,1,0,CAATCGAGTGACCGGTGGTT,1,1348786
furpa,2.0,1,0,CAATAGTTTACCCGCGTCGG,1,1286092
furpa,2.0,1,0,CAACGCCCTTTACGGTTCTC,1,1305308
furpa,2.0,1,0,ATGTCACAGTTATATAATGT,1,1309009
furpa,2.0,1,0,ATGGCGGGCAAACAAAGACA,1,1313030
furpa,2.0,1,0,ATCCTTACAACAATCTTTGG,1,1289114
furpa,2.0,1,0,ATATAATCTGGATCCCTCAC,1,1278336
furpa,2.0,1,0,ATAGATAGAGGGTCGTCTTG,1,1285580
furpa,2.0,1,0,AGTGTGTTGCGCGTACGAGT,1,1279293
furpa,2.0,1,0,AGTGTGCTAGTCAGCTGCTC,1,1333669
furpa,2.0,1,0,AGGTGCGTTGGTTGGTCTGC,1,1297666
furpa,2.0,1,0,AGGCTCGCACCGACAAATAA,1,1284717
furpa,2.0,1,0,AGCGCGTCTCTATAAGCAAA,1,1299245
furpa,2.0,1,0,AGATGGCCTCGAGCGTACGG,1,1354021
furpa,2.0,1,0,ACTTCGTGTAATATGCACGT,1,1295284
furpa,2.0,1,0,ACGGAGCGGATTTTGATCCT,1,1338478
furpa,2.0,1,0,ACACGACAGTACCCTGTAGA,1,1271327
furpa,2.0,1,0,AAGGTCGCAAAGCGCGCGAG,1,1273085
furpa,2.0,1,0,AAGGCAGAGAAAGGGTTGCG,1,1305493
furpa,2.0,1,0,AAGCTCTCGGATTCACACTG,1,1292790
furpa,2.0,1,0,AACGAATTGAGTACAACTCG,1,1354309
furpa,2.0,1,0,AACATCCGTCCAAGAAGAAA,1,1285463
furpa,2.0,1,0,AAAAAGCTACCCATAATCGA,1,1328389
