name,relative_counts,ct,ct_0,barcode,ct_1,barcode_ind
ratA_yfjF_predicted,0.5573770491803278,378,243,TTCCCATCCGTTAATGCGGC,135,3011014
ratA_yfjF_predicted,0.5333333333333333,228,149,CACCCTTGCTTGTTACCTAA,79,3020562
ratA_yfjF_predicted,0.4222222222222222,190,134,AGGTAATGCTACCATGAGAC,56,2991963
ratA_yfjF_predicted,1.699248120300752,357,132,TTGGGACAAGGTATACTGAT,225,3005897
ratA_yfjF_predicted,0.42718446601941745,145,102,ATGTTAACAGCGATGAGGAT,43,2994519
ratA_yfjF_predicted,0.17,115,99,ATCTGCTGGGATATTCTTCT,16,2991838
ratA_yfjF_predicted,0.3076923076923077,117,90,GGTGCGTATTTATCTATACT,27,2993219
ratA_yfjF_predicted,0.2111111111111111,107,89,GGTGGATTAAGTAGGCGCTT,18,2992288
ratA_yfjF_predicted,1.2906976744186047,195,85,GGGGAACGCTGGGGGTGATA,110,2991817
ratA_yfjF_predicted,0.023529411764705882,85,84,GGGTTAAAGACGAGTGCGTA,1,3002333
ratA_yfjF_predicted,0.7875,141,79,GGGTTTACTAAATTCCACCT,62,3001980
ratA_yfjF_predicted,0.02531645569620253,79,78,AATTTTTTGGCAATGCCTAT,1,3005425
ratA_yfjF_predicted,0.9615384615384616,151,77,AGGGGGTTTCCGTACGTAAA,74,2996581
ratA_yfjF_predicted,0.5064935064935064,114,76,ATAATTTGGATGTTCGCTTT,38,2993449
ratA_yfjF_predicted,0.2876712328767123,92,72,GCTTCGCATTCTGGAGTCGT,20,2997078
ratA_yfjF_predicted,0.027777777777777776,72,71,GGGGAGTCCCGAAGCGGATG,1,2992171
ratA_yfjF_predicted,0.373134328358209,90,66,TCTACGCTTGCGTAAATGTG,24,3006203
ratA_yfjF_predicted,0.029850746268656716,67,66,GTAAGATTGCTCATAGAGGA,1,3014092
ratA_yfjF_predicted,0.36363636363636365,88,65,AACGTGGATAGGGCCGGACT,23,2991933
ratA_yfjF_predicted,0.2923076923076923,82,64,TATGTAGCGGTGGTTGTTCT,18,2998754
ratA_yfjF_predicted,0.9538461538461539,125,64,CGCAGTCGTGAGAACGGCTA,61,2993346
ratA_yfjF_predicted,1.078125,131,63,CGGGGGCCTCAGCCTGTCAA,68,3013019
ratA_yfjF_predicted,0.7142857142857143,106,62,GGTACGCTCTTAAGACCGTT,44,3013128
ratA_yfjF_predicted,0.3548387096774194,82,61,AATTCAGTTTGGTCCGTTCT,21,2999223
ratA_yfjF_predicted,0.03278688524590164,61,60,TACGTCCCTTCGGTACCTAA,1,2992648
ratA_yfjF_predicted,1.05,121,59,TTCCCTCGACGGTACAACAG,62,3018073
ratA_yfjF_predicted,0.9833333333333333,117,59,ACCACCATATGAGTACGTCT,58,2997631
ratA_yfjF_predicted,0.15517241379310345,65,57,GCGCGGACATAACGCATACG,8,3019685
ratA_yfjF_predicted,0.42105263157894735,79,56,GTGGACCTTCCAGGCCCAAT,23,3000129
ratA_yfjF_predicted,0.7678571428571429,97,55,AGGTATCTTCTCATAGGATG,42,2999694
ratA_yfjF_predicted,0.18181818181818182,63,54,ACCGGTCACTAGCACCGCAA,9,2996908
ratA_yfjF_predicted,0.3148148148148148,69,53,GCTTGGGGGCGCTAGGAACG,16,3016509
ratA_yfjF_predicted,0.037037037037037035,54,53,CGTCAACGAGATTAGGCAAT,1,3013302
ratA_yfjF_predicted,0.6346153846153846,83,51,GTGCAAGCTCACCGCGAGAG,32,3007531
ratA_yfjF_predicted,0.6730769230769231,85,51,GCATTGCAAATCCCTAGAAT,34,3007197
ratA_yfjF_predicted,0.0392156862745098,51,50,GTTGTAGCGGAAGACTCGCG,1,3006791
ratA_yfjF_predicted,0.5294117647058824,76,50,GGGTACGCCAACCCATTATC,26,2996232
ratA_yfjF_predicted,0.061224489795918366,50,48,GATAGCTGGATCGGGACTTA,2,3015451
ratA_yfjF_predicted,0.10204081632653061,52,48,CGCACTGCTAGCACAGGATG,4,3003543
ratA_yfjF_predicted,0.5714285714285714,75,48,CATCCGCTGGGCCAGTGCAT,27,2995737
ratA_yfjF_predicted,1.375,112,47,GACCACGATGTCCAAAACTT,65,2993067
ratA_yfjF_predicted,0.0425531914893617,47,46,GCGCCATATCCTAGCGGTCG,1,2995111
ratA_yfjF_predicted,0.9787234042553191,91,46,GATGAAACGGTCCCCGTAAA,45,2997194
ratA_yfjF_predicted,0.5106382978723404,69,46,GAGGAGTGCGTGCTGTCGTA,23,2991892
ratA_yfjF_predicted,0.06382978723404255,48,46,CACTACTTGACTATGGGAAT,2,2994741
ratA_yfjF_predicted,0.5106382978723404,69,46,CACAATTCTCGTTTCATAGG,23,3000897
ratA_yfjF_predicted,0.3191489361702128,60,46,ACTCACCCAAGGAGCATCGC,14,3016437
ratA_yfjF_predicted,0.043478260869565216,46,45,CGATGAAACGATCCAGGATC,1,3013129
ratA_yfjF_predicted,0.8478260869565217,83,45,CCGCATTTCGATAGAGCTAG,38,3015665
ratA_yfjF_predicted,0.2391304347826087,55,45,CAGAACTTAATGATTCAGGC,10,3005246
ratA_yfjF_predicted,0.1956521739130435,53,45,AACAGTTCGAATCGTTACGA,8,3009060
ratA_yfjF_predicted,0.6,70,44,GTACGGTCGGACCATGGGCA,26,2994379
ratA_yfjF_predicted,0.044444444444444446,45,44,CCGACACTGCAAGTTCTACG,1,2996234
ratA_yfjF_predicted,0.6136363636363636,69,43,TGATACTCCTGTTGGGAAAC,26,3004399
ratA_yfjF_predicted,0.9545454545454546,84,43,GGGGCGAGTAACTGTGTTTG,41,2993175
ratA_yfjF_predicted,1.0909090909090908,90,43,ATGGTGCATGGGAAACATTA,47,3013756
ratA_yfjF_predicted,0.11363636363636363,47,43,AGGCATGCTCAACATAAACC,4,2997277
ratA_yfjF_predicted,0.045454545454545456,44,43,ACCAACGACCGCTAACGGCA,1,2992009
ratA_yfjF_predicted,2.409090909090909,148,43,AAAGTCGTGGGCATACCTGG,105,3007234
ratA_yfjF_predicted,0.7727272727272727,76,43,AAACCTCAGCCCCGTAGCTG,33,3000358
ratA_yfjF_predicted,0.5813953488372093,66,42,TACAACCAATACTTGATCGT,24,3019913
ratA_yfjF_predicted,0.627906976744186,68,42,GCATCTTATGATAGGTCGAA,26,2995179
ratA_yfjF_predicted,0.9302325581395349,81,42,CCCGAGTTGCTTTCTTTAAT,39,2994007
ratA_yfjF_predicted,0.046511627906976744,43,42,AAGTCCAGTCAGTGTAGGAC,1,2994065
ratA_yfjF_predicted,0.42857142857142855,58,41,TTTCCATACAAGCGACGCTC,17,3004970
ratA_yfjF_predicted,0.07142857142857142,43,41,GGGGCGCCGCAACCATGCCA,2,2992762
ratA_yfjF_predicted,0.9285714285714286,79,41,GGATACCGACTGGCGACCTT,38,2992936
ratA_yfjF_predicted,0.6904761904761905,69,41,AAGTCGTCACCCGCTCATGT,28,2992906
ratA_yfjF_predicted,0.7804878048780488,71,40,TTTCTGCTTGGAAAGGTCGG,31,3009629
ratA_yfjF_predicted,0.36585365853658536,54,40,CGTTATGATTTGTGGTGGGA,14,3002970
ratA_yfjF_predicted,0.04878048780487805,41,40,AATTATGGAGGATAGTGGGA,1,2998643
ratA_yfjF_predicted,0.225,47,39,TGGAGCTGCTATTCTAATCT,8,2993951
ratA_yfjF_predicted,0.65,64,39,ATCCGAGAAACGGGGGTCAT,25,3018410
ratA_yfjF_predicted,0.35,52,39,ACCATCGGAAACTAATGTCT,13,2991832
ratA_yfjF_predicted,1.5,98,39,ACCAAAAAGTCCCCGACTCG,59,3000893
ratA_yfjF_predicted,0.8461538461538461,70,38,TCAAAGAACACATGATAATA,32,3001345
ratA_yfjF_predicted,0.05128205128205128,39,38,TAAATCCAGCGCACGTAACA,1,3015988
ratA_yfjF_predicted,1.4102564102564104,92,38,GTTATTCCCACTGGGCGTCC,54,3009938
ratA_yfjF_predicted,0.6410256410256411,62,38,ATTTGACCTTACAGCTCAGC,24,3000923
ratA_yfjF_predicted,1.4102564102564104,92,38,ACTGGTGGTCCAAAAGGTCT,54,3013278
ratA_yfjF_predicted,1.5263157894736843,94,37,TGCTCTAGGATTTGTGTCAA,57,2999764
ratA_yfjF_predicted,0.2894736842105263,47,37,TCCGGAAGGATATACAGGCA,10,3006682
ratA_yfjF_predicted,1.605263157894737,97,37,GGTTTTTGCCTTTAGCCAGT,60,2995755
ratA_yfjF_predicted,0.6842105263157895,62,37,CATTTACAGGAATATAGTTG,25,3001300
ratA_yfjF_predicted,0.7105263157894737,63,37,CAGTGGTGTATGCGGCGGCT,26,3005437
ratA_yfjF_predicted,0.8421052631578947,68,37,CACGCCGCCATCGTAGGATC,31,3010207
ratA_yfjF_predicted,0.23684210526315788,45,37,ATCGAATTCTGCAACAAGGT,8,3007141
ratA_yfjF_predicted,0.47368421052631576,54,37,AAAAATGGCTTCGTGACCGT,17,2993603
ratA_yfjF_predicted,0.6756756756756757,60,36,TGAGTTCTGGTCGAGTTTAC,24,2994429
ratA_yfjF_predicted,1.162162162162162,78,36,TCGTGGGGATACGTGGAAAA,42,3018185
ratA_yfjF_predicted,0.8378378378378378,66,36,TCGAGACGTAACGGTACCAT,30,3004431
ratA_yfjF_predicted,1.6756756756756757,97,36,GCGGCTGGAGCGCTCGGTTG,61,2991891
ratA_yfjF_predicted,1.1081081081081081,76,36,GAGGCTCCAATCTGACGAGA,40,3001816
ratA_yfjF_predicted,0.5135135135135135,54,36,CGACCTTTCATTATTATGTT,18,3007069
ratA_yfjF_predicted,0.05405405405405406,37,36,CAACAAGAGATCGAAGACCT,1,2996966
ratA_yfjF_predicted,0.8108108108108109,65,36,CAAATTTCGAGGACGGCGGT,29,2993033
ratA_yfjF_predicted,0.05405405405405406,37,36,ACGGTGGGTCAGGGATTTAC,1,3012224
ratA_yfjF_predicted,0.6388888888888888,57,35,TGCCGTGCTACTTATGGGCA,22,3005828
ratA_yfjF_predicted,1.3888888888888888,84,35,GTTCTTGCTCCCAAGAGGTT,49,3007538
ratA_yfjF_predicted,1.4722222222222223,87,35,GGGTCACAATTACTGATTCA,52,3005551
ratA_yfjF_predicted,1.0555555555555556,72,35,GCTGTGTGAACCGCAGTGGT,37,2996410
ratA_yfjF_predicted,0.75,61,35,GCGTTCGTCGATTTGCCATA,26,3012275
ratA_yfjF_predicted,0.2777777777777778,44,35,CCTTCCTATTCCCGCGAGCA,9,2993626
ratA_yfjF_predicted,0.9722222222222222,69,35,CCTCCACTGGTCCACAGTTG,34,3010026
ratA_yfjF_predicted,0.5,52,35,CAGCGGACGGTTGTCATCGT,17,2997994
ratA_yfjF_predicted,0.3333333333333333,46,35,ATCTTCATTGCTATCCGACG,11,3013485
ratA_yfjF_predicted,1.1111111111111112,74,35,AGAGAACATGTACGGGGTTA,39,3001231
ratA_yfjF_predicted,0.7777777777777778,62,35,ACCCAGCTGAAATGGACGGA,27,3010215
ratA_yfjF_predicted,0.2857142857142857,43,34,TTGTCGCTTTATTTGCGCTC,9,2998916
ratA_yfjF_predicted,0.5714285714285714,53,34,TGGGGCTTTCTGTATAACGA,19,2996169
ratA_yfjF_predicted,0.5714285714285714,53,34,TCCGGGTAAAGGCCGCTCAT,19,2998576
ratA_yfjF_predicted,0.5714285714285714,53,34,GTGTTATCGTCATAACTCAA,19,3011268
ratA_yfjF_predicted,0.5142857142857142,51,34,CTCGGCGCTTCCCACAAAAT,17,3008272
ratA_yfjF_predicted,0.05714285714285714,35,34,CATATCATTCAGCCGGTCGG,1,3000996
ratA_yfjF_predicted,1.1764705882352942,72,33,TTTGTGACACATCTCAATGA,39,2994446
ratA_yfjF_predicted,0.08823529411764706,35,33,TTACCCATGGGCGGTCGATT,2,3003494
ratA_yfjF_predicted,0.7352941176470589,57,33,TATCTTTCCAAGCCACCGGT,24,2995166
ratA_yfjF_predicted,0.058823529411764705,34,33,CGGTTAGGAACAAAACTCTG,1,3012415
ratA_yfjF_predicted,0.6764705882352942,55,33,CGGGACCTACGTGCCAGGCC,22,3021210
ratA_yfjF_predicted,1.0588235294117647,68,33,ACCATGGCAACTGCAGCGAG,35,3004439
ratA_yfjF_predicted,1.088235294117647,69,33,AAGTACGCGAAAATGCACAA,36,2995703
ratA_yfjF_predicted,1.1470588235294117,71,33,AAGAGGTTCTTGGTCATTGG,38,2994202
ratA_yfjF_predicted,0.9090909090909091,61,32,TGGTTTACTAGACCAGCAAA,29,2992592
ratA_yfjF_predicted,1.9393939393939394,95,32,TGGACAAACTGGTACAGAAG,63,3008628
ratA_yfjF_predicted,0.8484848484848485,59,32,GTTCGTGACTTACACGACTC,27,2992495
ratA_yfjF_predicted,0.6060606060606061,51,32,GTACCGTCGCATTGTCATTT,19,3004702
ratA_yfjF_predicted,0.06060606060606061,33,32,GTAACTCGGCCACTGGGGGG,1,3010907
ratA_yfjF_predicted,1.0,64,32,CTAGCTAGGCCCGGACTCCT,32,3008024
ratA_yfjF_predicted,0.21212121212121213,38,32,CCATGAGCTAGTGGCTGAAT,6,2995769
ratA_yfjF_predicted,0.18181818181818182,37,32,CAAAGAGGTTGTGGGTTCCA,5,3001626
ratA_yfjF_predicted,0.09090909090909091,34,32,ATGGAACATACAACAATGTC,2,3014083
ratA_yfjF_predicted,0.06060606060606061,33,32,ATCTGCTATATGGTAGCTTT,1,2993935
ratA_yfjF_predicted,0.5151515151515151,48,32,AGAGCGTTGGTTAATATATT,16,3008326
ratA_yfjF_predicted,0.8484848484848485,59,32,AACATCACAAAGGGGTGTCT,27,2993262
ratA_yfjF_predicted,0.96875,61,31,TTTTCTGGTCCCGATCATGT,30,2996427
ratA_yfjF_predicted,0.25,38,31,TTCATGGACGAGGAGATATA,7,3014277
ratA_yfjF_predicted,0.78125,55,31,TGCTATATAACAGATATCCC,24,2992629
ratA_yfjF_predicted,1.375,74,31,TAGTCCATAGCGTAGTGTCC,43,3000736
ratA_yfjF_predicted,1.28125,71,31,GTTATTATACTCTTGAACGT,40,3000971
ratA_yfjF_predicted,0.78125,55,31,GTTAGAGGAGTTGTATTATC,24,3008081
ratA_yfjF_predicted,0.40625,43,31,ATCGTCAGCACGAATGTATG,12,2999877
ratA_yfjF_predicted,0.96875,61,31,ATCCTGGTGTGTTCTGGAAT,30,2997792
ratA_yfjF_predicted,2.6875,116,31,ACTACACGTCGTAATCTTCC,85,3007249
ratA_yfjF_predicted,0.75,54,31,AACCGTGTGGACTCCGCCTA,23,3005162
ratA_yfjF_predicted,0.967741935483871,59,30,TTTGGCGGAGATCGCACTGC,29,3006188
ratA_yfjF_predicted,0.12903225806451613,33,30,TATGTTGGGGCTAGCGGCGA,3,3012802
ratA_yfjF_predicted,0.06451612903225806,31,30,GGAACTTGTTTTGTATAGGG,1,3019506
ratA_yfjF_predicted,0.7419354838709677,52,30,GCGGTTCCAAAGCTGGACAC,22,3013455
ratA_yfjF_predicted,0.06451612903225806,31,30,CTTGCGAATACAGTTGTGAG,1,2999871
ratA_yfjF_predicted,2.4516129032258065,105,30,ATTTCAACAACGTTAGCTGT,75,3002024
ratA_yfjF_predicted,0.6774193548387096,50,30,ATGCCCGCGGGGTATATTCC,20,2996821
ratA_yfjF_predicted,0.0967741935483871,32,30,AGCTCTGCCCTGTGCGTGGA,2,2992249
ratA_yfjF_predicted,2.6774193548387095,112,30,ACGCGACTCCATTGTATGGG,82,3014260
ratA_yfjF_predicted,0.8666666666666667,54,29,TTAGTCATGGGGCCATCTAC,25,2996922
ratA_yfjF_predicted,0.6333333333333333,47,29,TTAATTTGGTCTCAGTGTTA,18,3006577
ratA_yfjF_predicted,1.3333333333333333,68,29,TCCGAAAGGCTAGAAAGCAG,39,2995535
ratA_yfjF_predicted,0.8,52,29,TAGCTAAGACTCCGCGTTAA,23,3012136
ratA_yfjF_predicted,0.8666666666666667,54,29,GGCTACCCGGTTGCCCTCAC,25,2995872
ratA_yfjF_predicted,1.1,61,29,GCCATAATGCTCTCCGGGAA,32,3017060
ratA_yfjF_predicted,0.06666666666666667,30,29,GACTTCAGGGTTTGAGAGAT,1,2992744
ratA_yfjF_predicted,0.5666666666666667,45,29,CACCGGTTCCAAGTTCTCCA,16,3000912
ratA_yfjF_predicted,0.06666666666666667,30,29,ATGAGGGAGGAACTGCCCGT,1,2994380
ratA_yfjF_predicted,0.1,31,29,AGCCAGGAATGAACCGGGCG,2,2998215
ratA_yfjF_predicted,0.8275862068965517,51,28,TTTTCCAGATGGGTATACCT,23,3000007
ratA_yfjF_predicted,0.13793103448275862,31,28,TCCCTAGCCGACTATAGCTC,3,3009999
ratA_yfjF_predicted,1.2758620689655173,64,28,TCCAGATTCGGTAAATTCCT,36,3018643
ratA_yfjF_predicted,0.7586206896551724,49,28,TCCACGTGTCATCACAGATT,21,3005569
ratA_yfjF_predicted,0.6896551724137931,47,28,TAGATCGGCCGGTGCAGCAT,19,3001097
ratA_yfjF_predicted,0.8620689655172413,52,28,GTTTCACTACGGTGAGATTC,24,3001381
ratA_yfjF_predicted,0.5862068965517241,44,28,GTGGGGCAAAATAGATAGAG,16,3018408
ratA_yfjF_predicted,0.9655172413793104,55,28,GCAAGGAACTTCGCTGATTG,27,2998008
ratA_yfjF_predicted,1.4137931034482758,68,28,CGTGTGTTCGCATAAGGGAA,40,3019673
ratA_yfjF_predicted,1.6206896551724137,74,28,ACGAATCTTACAGAAAATTG,46,2995149
ratA_yfjF_predicted,0.06896551724137931,29,28,AATTAATCTAGTGTTGACAA,1,3004353
ratA_yfjF_predicted,0.9655172413793104,55,28,AAGGAGAGCGGTACCATCAG,27,3004283
ratA_yfjF_predicted,0.07142857142857142,28,27,TGTTAAGCCCGGTAGTTAAT,1,2993477
ratA_yfjF_predicted,2.0,82,27,TGTGGAAAGGGTAGACGGCG,55,2996134
ratA_yfjF_predicted,0.39285714285714285,37,27,TCATGTATGCGGCTGGAGAT,10,3017460
ratA_yfjF_predicted,1.2142857142857142,60,27,TAGGTTGTAGCACATCTTCA,33,2998781
ratA_yfjF_predicted,0.07142857142857142,28,27,GTGTGAGTCCGCGGAGTGGT,1,2995453
ratA_yfjF_predicted,0.07142857142857142,28,27,GTGCCGGCACTCGATAATAT,1,2994472
ratA_yfjF_predicted,1.6785714285714286,73,27,GCGTCACTCGCTCCTGACTA,46,2992175
ratA_yfjF_predicted,1.8928571428571428,79,27,GCGCGGAGGTCGCCTCCTGA,52,3001656
ratA_yfjF_predicted,0.07142857142857142,28,27,GCGATGCGGCAACCAAACCA,1,3015896
ratA_yfjF_predicted,0.75,47,27,CTAAGTAACTTTGCGTTTCA,20,3014131
ratA_yfjF_predicted,0.6428571428571429,44,27,CACAGTTACGTCCAAAAGAT,17,2999872
ratA_yfjF_predicted,0.07142857142857142,28,27,CAAAATGATTGCAGGTATCA,1,2993070
ratA_yfjF_predicted,1.8214285714285714,77,27,AGAGAAGGAGACGATTGCCA,50,3018574
ratA_yfjF_predicted,0.07407407407407407,27,26,TCTCACGAAGGCCAATATAT,1,2995373
ratA_yfjF_predicted,0.07407407407407407,27,26,TCATCGTCATACTTGTACAG,1,2994961
ratA_yfjF_predicted,1.4444444444444444,64,26,GTGTCGGTCGCAATACAAGG,38,3009214
ratA_yfjF_predicted,3.814814814814815,128,26,GGCCGAGTCACACTTGGTGT,102,3010359
ratA_yfjF_predicted,2.7037037037037037,98,26,GGCAACTATTGTTTTGTCCT,72,3002258
ratA_yfjF_predicted,0.07407407407407407,27,26,GGACGAATCGGCTTCTGCGG,1,2996202
ratA_yfjF_predicted,0.18518518518518517,30,26,GATCTGAAGGCGAGTGGTGT,4,3018442
ratA_yfjF_predicted,0.07407407407407407,27,26,CTAGTGACGCGGGCCGCGTT,1,2994517
ratA_yfjF_predicted,0.3333333333333333,34,26,CGTGAGTTGTTCCCCGGCAA,8,3005408
ratA_yfjF_predicted,0.6666666666666666,43,26,CAAAAAATCTAATTGCGGAT,17,2999856
ratA_yfjF_predicted,1.7407407407407407,72,26,AGTCTTCTTTTCCAAACGTT,46,3006925
ratA_yfjF_predicted,0.07407407407407407,27,26,AGATACATGCTGCTTATTTT,1,3000860
ratA_yfjF_predicted,0.6666666666666666,43,26,AGAGCCGGCACGCGCTCCCG,17,3011394
ratA_yfjF_predicted,0.7407407407407407,45,26,ACTCTATACGCTGGTCCGGC,19,3010060
ratA_yfjF_predicted,0.7407407407407407,45,26,AACTATACCTACCGGAAGGG,19,3006920
ratA_yfjF_predicted,0.07692307692307693,26,25,TTTCTGCCATTTGCAACGAT,1,3008897
ratA_yfjF_predicted,0.07692307692307693,26,25,GTAAAACAATAATTCTATGT,1,3014386
ratA_yfjF_predicted,1.1153846153846154,53,25,GGTTCGTGCCCATATTTAAA,28,3001132
ratA_yfjF_predicted,1.1538461538461537,54,25,GGTTATTATCCATACATGAT,29,3012055
ratA_yfjF_predicted,1.1538461538461537,54,25,GCGATGGTTATCTAAGTTCC,29,3012343
ratA_yfjF_predicted,0.9230769230769231,48,25,GAATATCCGGGGTGGAAGAC,23,3009830
ratA_yfjF_predicted,0.07692307692307693,26,25,CGGCACTCACAGGCGTATCT,1,3007055
ratA_yfjF_predicted,0.8461538461538461,46,25,CCAAGTACAGAAACCGGCCA,21,3003818
ratA_yfjF_predicted,0.6153846153846154,40,25,CAGGGAGCATAGGCCAAAGG,15,3015484
ratA_yfjF_predicted,1.0769230769230769,52,25,ATCTTCCAGCAACTTACCAG,27,3010804
ratA_yfjF_predicted,0.8461538461538461,46,25,AGTCCTGCCATCGGTCAGAA,21,2993199
ratA_yfjF_predicted,0.07692307692307693,26,25,ACGTTCGACGCGATAGACGG,1,2999730
ratA_yfjF_predicted,0.7692307692307693,44,25,ACCAGTAATAGCTAAATCCT,19,2995497
ratA_yfjF_predicted,0.8461538461538461,46,25,AATGCCGGGAGTGGCGTGCA,21,2998660
ratA_yfjF_predicted,2.1538461538461537,80,25,AATCGCGAGCCCTTCTGGAT,55,3002297
ratA_yfjF_predicted,0.9615384615384616,49,25,AAGAAGGCGATGGTATAAGC,24,2996464
ratA_yfjF_predicted,0.07692307692307693,26,25,AAACAGGTAGGTGAACACTC,1,3014283
ratA_yfjF_predicted,1.76,67,24,TTGCTACGTTGCTATCCTTC,43,3000561
ratA_yfjF_predicted,0.08,25,24,TTCTAGAGTGTGGTCGTCTG,1,3011205
ratA_yfjF_predicted,1.36,57,24,TCTGTCTTCCCGCACTTGAA,33,3021220
ratA_yfjF_predicted,0.08,25,24,TACAACCCACCTCCTATGAT,1,3021698
ratA_yfjF_predicted,4.92,146,24,GTTTGACGAGTAAAGTTGCT,122,3010950
ratA_yfjF_predicted,0.96,47,24,GGGTGGGCGTAGCGGATAAT,23,2997835
ratA_yfjF_predicted,1.04,49,24,GCTCGCTAGGGAGCTCTGAG,25,2996823
ratA_yfjF_predicted,0.44,34,24,GCGTATCCCAGTATTAAGTT,10,3016156
ratA_yfjF_predicted,1.12,51,24,CCGTTCGAAGTACCGTCCTT,27,3016535
ratA_yfjF_predicted,1.28,55,24,CAATCCCCATAATGTGGGTA,31,3016518
ratA_yfjF_predicted,1.24,54,24,ATCCATCGGTATTACACAAT,30,3013229
ratA_yfjF_predicted,0.08,25,24,ATCACGGTATTTCGTACTGG,1,3008187
ratA_yfjF_predicted,0.08,25,24,AGTTACCCTCGGTATAAGTT,1,2992236
ratA_yfjF_predicted,1.24,54,24,AATCGCCAAGTTTCGCAGTC,30,3005579
ratA_yfjF_predicted,0.08,25,24,AACTATCTGTAGGTACATGA,1,3017874
ratA_yfjF_predicted,1.1666666666666667,50,23,TTTTTCATAATGTTTATGTT,27,3019856
ratA_yfjF_predicted,0.375,31,23,TTTTAACTGATGTGAAGCGC,8,2991761
ratA_yfjF_predicted,1.4166666666666667,56,23,TGTTAAAACTCGCCAAGCCA,33,2992721
ratA_yfjF_predicted,0.08333333333333333,24,23,TGCTTCTCCAAAAGGGTCTG,1,2991833
ratA_yfjF_predicted,1.6666666666666667,62,23,TGATCTCCGCGCTTCGTGGA,39,3005080
ratA_yfjF_predicted,1.2083333333333333,51,23,TCCAGCCTTAATGCTAGTAC,28,3004966
ratA_yfjF_predicted,0.08333333333333333,24,23,TAACAACCCTCAACCCACAA,1,3013941
ratA_yfjF_predicted,1.125,49,23,GTTTGCTGCGTTTCCAAATT,26,2997452
ratA_yfjF_predicted,0.375,31,23,GTCATCTTAGTACCATGGGT,8,3000400
ratA_yfjF_predicted,1.2083333333333333,51,23,GTACTGTTGATAGGGCGATA,28,3009327
ratA_yfjF_predicted,0.08333333333333333,24,23,GGTGTATGCAACAGGCTCAT,1,3012997
ratA_yfjF_predicted,1.4166666666666667,56,23,GCTAGAGGGGTTCTAACAAC,33,3008122
ratA_yfjF_predicted,1.6666666666666667,62,23,GCAGATTCGACTTTAAGCGT,39,3010566
ratA_yfjF_predicted,1.625,61,23,GCACGGTTCATGTGGAGCGT,38,3014960
ratA_yfjF_predicted,1.25,52,23,GACCATTGAGCAGGGAGGTG,29,3003705
ratA_yfjF_predicted,0.6666666666666666,38,23,CTTCAAATCAAGGGATCGGA,15,3003182
ratA_yfjF_predicted,0.5833333333333334,36,23,CGTGTCTCGCCGTAACTGTA,13,2995785
ratA_yfjF_predicted,1.0,46,23,CGGGTTCGTAGTGACTAACG,23,2997638
ratA_yfjF_predicted,0.6666666666666666,38,23,CACTAAGTACCCTAGGCTAA,15,2999965
ratA_yfjF_predicted,7.0,190,23,CACAGAGCAAGATTCCCAAG,167,3015688
ratA_yfjF_predicted,1.25,52,23,AGGGGCCATGTGGGATGACT,29,3007442
ratA_yfjF_predicted,0.08333333333333333,24,23,AGGCTTTATAACGTCTTTGA,1,3001456
ratA_yfjF_predicted,2.4166666666666665,80,23,AGCCGTTACTGTGGGCGCTG,57,3006864
ratA_yfjF_predicted,1.8333333333333333,66,23,AGAAGCGGTGTACTTGAGGC,43,2998022
ratA_yfjF_predicted,2.125,73,23,ACGTTGTAACGTTACCCTTG,50,3021130
ratA_yfjF_predicted,0.5,34,23,ACATACCCGAAGGCGGCCTT,11,3009668
ratA_yfjF_predicted,1.0,46,23,AAAATGAGCTTAGCATTCGC,23,3010343
ratA_yfjF_predicted,1.0,44,22,TTAACATCTGTGGGTCGTCT,22,3019345
ratA_yfjF_predicted,2.130434782608696,70,22,TCTCCAATCCAGCAAGCTAT,48,3013046
ratA_yfjF_predicted,0.08695652173913043,23,22,TACTAACACTCGCCACACGG,1,3002022
ratA_yfjF_predicted,1.7391304347826086,61,22,GTACGGTCATATCCTGTTCT,39,2997301
ratA_yfjF_predicted,0.08695652173913043,23,22,GCGAACTTAACCAGCTACAA,1,3002278
ratA_yfjF_predicted,1.2608695652173914,50,22,GATTCTCTTGATTCCGCAAT,28,3012803
ratA_yfjF_predicted,0.08695652173913043,23,22,GAGGGCCAGCCATATGCCGA,1,3010090
ratA_yfjF_predicted,5.0,136,22,GAGGAATGGCAAGTTGTATT,114,3012781
ratA_yfjF_predicted,1.391304347826087,53,22,GAATCACCTGACAAGCATCA,31,3005898
ratA_yfjF_predicted,0.08695652173913043,23,22,CTGTACTTGTGTTCGACAGC,1,3000034
ratA_yfjF_predicted,0.6521739130434783,36,22,CGAGCTGAAAAAAACGCAGA,14,3002341
ratA_yfjF_predicted,0.9565217391304348,43,22,CGAAACAAGAAACAATATAT,21,3011674
ratA_yfjF_predicted,0.6956521739130435,37,22,CAACCCGGAGGATAGACTAA,15,3002310
ratA_yfjF_predicted,2.3043478260869565,74,22,ATGAATGATTGAACATGATT,52,3006886
ratA_yfjF_predicted,0.08695652173913043,23,22,AGTCCTCTGCTACAGGAAAC,1,3011438
ratA_yfjF_predicted,0.08695652173913043,23,22,AGTATTTTGGGTTAACGTTT,1,2995002
ratA_yfjF_predicted,1.9130434782608696,65,22,ACTTATGCCCGTACTAACCC,43,3009224
ratA_yfjF_predicted,7.260869565217392,188,22,ACCATCACAGTAGCGCACAC,166,2991934
ratA_yfjF_predicted,0.8260869565217391,40,22,AATAACCTCACCCGTTATAG,18,2996938
ratA_yfjF_predicted,1.3181818181818181,49,21,TTTGAGCGAAGGAGGCCAAA,28,2994604
ratA_yfjF_predicted,0.09090909090909091,22,21,TTACGCAAGGTAAGGCTCCA,1,2992256
ratA_yfjF_predicted,0.6818181818181818,35,21,TCCCCAATACTCACAGCCCA,14,3004786
ratA_yfjF_predicted,3.9545454545454546,107,21,TATGAGTCTCGGCGTTGTGT,86,3001335
ratA_yfjF_predicted,0.6363636363636364,34,21,TATGACGTTGGCTCTCGGGT,13,2996397
ratA_yfjF_predicted,1.7727272727272727,59,21,GTTTAGATTATGCCTCCGCC,38,2998332
ratA_yfjF_predicted,1.3181818181818181,49,21,GTGAGAAGGTGCCGGCGACC,28,3016902
ratA_yfjF_predicted,2.909090909090909,84,21,GGCTCTGCAGACTTCTGCGT,63,2997424
ratA_yfjF_predicted,1.2727272727272727,48,21,GGCACCGCCGACACTGGTTG,27,3005089
ratA_yfjF_predicted,0.36363636363636365,28,21,GATTATACGGATAAGAGCGT,7,3011472
ratA_yfjF_predicted,0.6818181818181818,35,21,GACTTCTTAATCGTCATTTT,14,2999814
ratA_yfjF_predicted,1.3181818181818181,49,21,GAAGATTACCCAGTATTTGC,28,3008217
ratA_yfjF_predicted,1.9545454545454546,63,21,CTGGCGTCCTAGGTCTTGTA,42,2996438
ratA_yfjF_predicted,3.4545454545454546,96,21,CTGGATGCAGGGGCCACACA,75,3000915
ratA_yfjF_predicted,1.1363636363636365,45,21,CTGCGTCCGGGTGGGCAAGA,24,3020170
ratA_yfjF_predicted,0.09090909090909091,22,21,CGCGCTAGTGCGACCCCTTT,1,3007880
ratA_yfjF_predicted,1.5,53,21,CCACAATGTAAGTGTGTTAA,32,3000506
ratA_yfjF_predicted,0.09090909090909091,22,21,CATCCGAAGCGGGGGCTGTT,1,2995219
ratA_yfjF_predicted,1.1818181818181819,46,21,ATTCCTCACTGTAAGAATAG,25,3016750
ratA_yfjF_predicted,2.3636363636363638,72,21,AGGTGATTGTGGAGCATCAT,51,3007989
ratA_yfjF_predicted,1.2272727272727273,47,21,AGCGCGAATCGGCGAATTGA,26,3008410
ratA_yfjF_predicted,1.0454545454545454,43,21,AGAACTCTCCTACAGTAATG,22,3013692
ratA_yfjF_predicted,2.909090909090909,84,21,ACCATGTGGCGCGTTACTAG,63,2996664
ratA_yfjF_predicted,5.636363636363637,144,21,ACAACAATAGACGAACAGAT,123,3000063
ratA_yfjF_predicted,3.227272727272727,91,21,AATTTGTGCCCCTGCGTCAG,70,3000023
ratA_yfjF_predicted,1.4090909090909092,51,21,AAAATTGGTGGACCGCACAG,30,2996989
ratA_yfjF_predicted,0.5714285714285714,31,20,TTTTTGAAATTTGGGGGTCC,11,2993455
ratA_yfjF_predicted,0.8095238095238095,36,20,TTTCATTGAATAACAGGTGG,16,3020218
ratA_yfjF_predicted,1.1428571428571428,43,20,TTTAATGCGTGAGAGCAACA,23,2995508
ratA_yfjF_predicted,0.09523809523809523,21,20,TTGCCTCTTTGCACCGGTAC,1,2995947
ratA_yfjF_predicted,3.5714285714285716,94,20,TGTGTTAGTGCCGTCGTTCA,74,3010288
ratA_yfjF_predicted,2.142857142857143,64,20,TATTCTCAAGTTTGTGCCCG,44,3019557
ratA_yfjF_predicted,1.3333333333333333,47,20,TAAAAAGCACCCGCCGGTCA,27,3000024
ratA_yfjF_predicted,1.4761904761904763,50,20,GGGCGTCGTAAGCTTGCTCT,30,3001975
ratA_yfjF_predicted,0.09523809523809523,21,20,GGCGTGGAATTAGACCTAAG,1,3002966
ratA_yfjF_predicted,1.1428571428571428,43,20,GCTGCAGGAGGCGCTCTTTG,23,3005457
ratA_yfjF_predicted,1.0476190476190477,41,20,GCGTCAGAGTACACGATGTT,21,3009444
ratA_yfjF_predicted,1.1428571428571428,43,20,GAATTCCGAATCGAGCTCCT,23,3012196
ratA_yfjF_predicted,1.1904761904761905,44,20,GAATGGCTCACACTATGGGG,24,3013443
ratA_yfjF_predicted,1.3333333333333333,47,20,CTCTGCGAATATATGACTAG,27,2997799
ratA_yfjF_predicted,1.5238095238095237,51,20,CGCCATACGCACAGGGGAAT,31,2995877
ratA_yfjF_predicted,1.0952380952380953,42,20,CGAACACGGCACGGTTTCTC,22,3008681
ratA_yfjF_predicted,0.19047619047619047,23,20,CCGCAAAATTACGCCTTTAT,3,2994567
ratA_yfjF_predicted,1.3333333333333333,47,20,CCATCGTAAAAGGCCGCGAA,27,3004481
ratA_yfjF_predicted,1.9523809523809523,60,20,CCAATGTGGCTCTGTATTCA,40,2992352
ratA_yfjF_predicted,0.5714285714285714,31,20,CATAACGATTAGTTATCGAA,11,3005954
ratA_yfjF_predicted,1.7142857142857142,55,20,CACGGCCTATCCTTACAGCA,35,3004842
ratA_yfjF_predicted,2.0,61,20,ATTATGGCGCCACTCGGCGA,41,2999117
ratA_yfjF_predicted,1.5714285714285714,52,20,ATGTTCATGACCTTTATCCT,32,3015743
ratA_yfjF_predicted,1.5714285714285714,52,20,AGCAGCTGGAGGTTGAACTC,32,3002274
ratA_yfjF_predicted,0.09523809523809523,21,20,AGATTCAGTCATCGGAGATA,1,3004988
ratA_yfjF_predicted,0.9047619047619048,38,20,AGAACTGACTCCAGAAGGAA,18,3007065
ratA_yfjF_predicted,0.38095238095238093,27,20,ACGCAAGGTGAGACTCTGAT,7,3002305
ratA_yfjF_predicted,0.09523809523809523,21,20,AAAATCGGAACTAAGTTCTG,1,3012672
ratA_yfjF_predicted,1.85,55,19,TTTTGTTCTCCGTGTCGGCA,36,2992651
ratA_yfjF_predicted,0.1,20,19,TTTGGTATACGTGACCATGG,1,3005293
ratA_yfjF_predicted,1.15,41,19,TTTGACACTGTCTAAGTCAT,22,3008915
ratA_yfjF_predicted,0.9,36,19,TGATAAACGGGCGCGTGTTT,17,3013688
ratA_yfjF_predicted,1.05,39,19,TCTGCATATCAGCACCTCTA,20,2996660
ratA_yfjF_predicted,1.35,45,19,TCGGGCTTATATGATGACTA,26,3006841
ratA_yfjF_predicted,0.1,20,19,GTGGACCGGATCATAATTAG,1,2995544
ratA_yfjF_predicted,0.1,20,19,GGAGATGGGATTTCGATGAT,1,3011560
ratA_yfjF_predicted,0.8,34,19,GCTACATTGGGGTGGACACA,15,2999113
ratA_yfjF_predicted,2.95,77,19,GCACACTTTACAGTTTCTCC,58,3004114
ratA_yfjF_predicted,2.6,70,19,GATGTATGCGTCGATGCACG,51,3007722
ratA_yfjF_predicted,0.5,28,19,CTCGTCCAGACGGTTTTGAG,9,2996166
ratA_yfjF_predicted,1.55,49,19,CGCCTCGGGAGTTTGCTTTT,30,2992998
ratA_yfjF_predicted,1.15,41,19,CGCCCATGCCAGTAGAACTG,22,3010908
ratA_yfjF_predicted,0.9,36,19,CGAATGGACTCGGCTGTCGC,17,2994293
ratA_yfjF_predicted,0.1,20,19,CCTGGCTAAGAATACGGGGA,1,3001835
ratA_yfjF_predicted,2.3,64,19,CCTGAGATTACCTATTCGTT,45,3008797
ratA_yfjF_predicted,0.1,20,19,CATCGCAAATTTTGTTGGCG,1,3000193
ratA_yfjF_predicted,1.75,53,19,ATCGCGGATATCATCTATAG,34,3020616
ratA_yfjF_predicted,0.85,35,19,ACGCTTAATGTAATCGTAGT,16,3020198
ratA_yfjF_predicted,0.45,27,19,AAGGTGAGATCACCGAATGA,8,3006167
ratA_yfjF_predicted,0.10526315789473684,19,18,TTTGCCGTCTACACGGAAGC,1,3001426
ratA_yfjF_predicted,1.631578947368421,48,18,TTGCCGCGGCACGTTGATAA,30,3018018
ratA_yfjF_predicted,1.263157894736842,41,18,TGTTTGTCTCACTCCTGCGA,23,3001939
ratA_yfjF_predicted,1.1578947368421053,39,18,TGCACGCGCACCTTTAGCTT,21,3007637
ratA_yfjF_predicted,1.6842105263157894,49,18,TGATTCTTCTCGGCCTCCGC,31,3021318
ratA_yfjF_predicted,3.4210526315789473,82,18,TGACAAGCCGATCTGAAGGG,64,3013436
ratA_yfjF_predicted,1.894736842105263,53,18,TCTATACTGTGACCTCGGAA,35,2994926
ratA_yfjF_predicted,0.10526315789473684,19,18,TCGCGTTGAATCTACTTAAT,1,3015634
ratA_yfjF_predicted,1.0526315789473684,37,18,TCGCCGGACAAGGGTCCAAC,19,3008988
ratA_yfjF_predicted,0.47368421052631576,26,18,TATGACGGTTGCTGCGCTCT,8,3001534
ratA_yfjF_predicted,0.47368421052631576,26,18,GTTGCAAGGATTAGTTTGAT,8,3011514
ratA_yfjF_predicted,0.47368421052631576,26,18,GTTACTCTCCGGTTATATTT,8,3000255
ratA_yfjF_predicted,2.0526315789473686,56,18,GTAGACCCGTAGCGCTGCAG,38,3006838
ratA_yfjF_predicted,1.5263157894736843,46,18,GTAAGCATGTCAATTGAGAC,28,3001894
ratA_yfjF_predicted,1.3157894736842106,42,18,GGTCTTGGGCCATGGTTAGG,24,3005357
ratA_yfjF_predicted,2.3684210526315788,62,18,GGCGTTGAGCTTACCCGTTA,44,2993751
ratA_yfjF_predicted,0.7894736842105263,32,18,GGCAAATCGCTAGACTCCAA,14,3002320
ratA_yfjF_predicted,0.10526315789473684,19,18,GGAGGTTCGGACGTGGAGTC,1,3004285
ratA_yfjF_predicted,1.4736842105263157,45,18,CGACTTCTGAAAGGGGGATA,27,3003719
ratA_yfjF_predicted,0.10526315789473684,19,18,CCGCTTCTCCTGGGTTGTCA,1,3013691
ratA_yfjF_predicted,0.47368421052631576,26,18,CCCGGACGTGGTGTTATATA,8,2997222
ratA_yfjF_predicted,1.4210526315789473,44,18,CCCGCGTCTCTTTAACGGAA,26,3017361
ratA_yfjF_predicted,1.5263157894736843,46,18,CCATACCAGGTTCCATGACA,28,3007360
ratA_yfjF_predicted,1.631578947368421,48,18,CAGATTTCGAGATCGGACGA,30,3016687
ratA_yfjF_predicted,0.10526315789473684,19,18,CAGACGCGGGCAACGTCCCC,1,2996168
ratA_yfjF_predicted,2.0,55,18,CACGGGTCGCAACATTAAAT,37,2998983
ratA_yfjF_predicted,1.5263157894736843,46,18,CAATGCAAAAGACACCGGGT,28,3011964
ratA_yfjF_predicted,1.105263157894737,38,18,ATCGGGTGAACATCGAAATA,20,3019632
ratA_yfjF_predicted,0.47368421052631576,26,18,ATCGAGGTCAATAAACGCGT,8,2993625
ratA_yfjF_predicted,1.0,36,18,ATATAAATTGGCGCGAGGAT,18,3012890
ratA_yfjF_predicted,1.0,36,18,AGGGAGTCGATTAACCTAAT,18,2999190
ratA_yfjF_predicted,1.6842105263157894,49,18,AGGCTAAGGTTCCTTTGTCG,31,3007832
ratA_yfjF_predicted,1.8421052631578947,52,18,ACTTTCCAGGTTAGTAACGA,34,3020675
ratA_yfjF_predicted,0.10526315789473684,19,18,ACGATCGAAAGTATTTGGCG,1,3002581
ratA_yfjF_predicted,2.1578947368421053,58,18,ACCCATATCAGTAATATGAG,40,3020815
ratA_yfjF_predicted,0.6111111111111112,27,17,TTACTCCATTGCTATGCCCG,10,3010840
ratA_yfjF_predicted,1.8888888888888888,50,17,TGCCCCCTTCCCATTTGACT,33,2993488
ratA_yfjF_predicted,0.4444444444444444,24,17,TGATGAGGATGCACGCGCTA,7,3014939
ratA_yfjF_predicted,0.1111111111111111,18,17,TCTCACGGGTCTGACGTCCT,1,3020249
ratA_yfjF_predicted,4.0,88,17,TCACTAAAGTTCGGCGGTAC,71,3007855
ratA_yfjF_predicted,0.1111111111111111,18,17,TAGCAAGCTATTTGTGCCAG,1,3006747
ratA_yfjF_predicted,2.7222222222222223,65,17,GTTGTTCATTAGGGACTCCT,48,2992950
ratA_yfjF_predicted,1.2777777777777777,39,17,GTTAGCTTGGGGACGCGAAT,22,3003675
ratA_yfjF_predicted,2.5,61,17,GTAGTTCTGTAAATATACAA,44,3003637
ratA_yfjF_predicted,4.444444444444445,96,17,GTAAGTAAGAGCCAAGCTAT,79,3002411
ratA_yfjF_predicted,1.6666666666666667,46,17,GGAACAGTTGCTCTGACTTA,29,3020403
ratA_yfjF_predicted,2.9444444444444446,69,17,GCTCGAAAAAAGACGTACTA,52,2996107
ratA_yfjF_predicted,0.1111111111111111,18,17,GCGCCTCTCATCCAACTTTA,1,3016005
ratA_yfjF_predicted,1.5,43,17,GATGCAAGTCACGGAGGGTC,26,3015193
ratA_yfjF_predicted,1.5,43,17,GATCCGCATGAACCTTCTAA,26,2996212
ratA_yfjF_predicted,0.3333333333333333,22,17,GAGTCCGCTCAGACGTGGGT,5,3012995
ratA_yfjF_predicted,2.0555555555555554,53,17,CTCGGCGGTGGGGGATAATT,36,3011766
ratA_yfjF_predicted,1.7222222222222223,47,17,CTAAGTATGCCCGATGACTT,30,2994022
ratA_yfjF_predicted,1.4444444444444444,42,17,CGTGTATAGAATTGTTAGCT,25,3003877
ratA_yfjF_predicted,0.1111111111111111,18,17,CGTGAGACCAAGCAGCAGCT,1,3015417
ratA_yfjF_predicted,1.5555555555555556,44,17,CGGATCCCAACCCACCGTAA,27,3010100
ratA_yfjF_predicted,1.9444444444444444,51,17,CCGGGAGGGTGAGTAGAGCA,34,3007796
ratA_yfjF_predicted,1.3888888888888888,41,17,CCGGCTCTAACTATCATGAT,24,3000794
ratA_yfjF_predicted,4.666666666666667,100,17,CCATCGTTCGCGGACTCAGA,83,3010208
ratA_yfjF_predicted,0.1111111111111111,18,17,CATAGTGCTAGCACTTGTGT,1,3018653
ratA_yfjF_predicted,1.3888888888888888,41,17,ATCTTAGTACTACGGCTACA,24,2997050
ratA_yfjF_predicted,1.7777777777777777,48,17,ATAATTAACATTGAGTTGAA,31,2999376
ratA_yfjF_predicted,2.2777777777777777,57,17,AGGGGGTCGTTAGCTCGCTA,40,3001461
ratA_yfjF_predicted,0.5555555555555556,26,17,AGCTACACCTATTTCACGGG,9,3015567
ratA_yfjF_predicted,1.6111111111111112,45,17,AGATGCGCGGTGACAATTTC,28,2993860
ratA_yfjF_predicted,2.4444444444444446,60,17,ACGGGGTTGGTGAACTTGTA,43,3001834
ratA_yfjF_predicted,0.1111111111111111,18,17,ACACCGGCTTAACCAAAAGT,1,3019344
ratA_yfjF_predicted,1.7222222222222223,47,17,AATGGCCTTTGAAGGCATTT,30,3004143
ratA_yfjF_predicted,0.1111111111111111,18,17,AACGTAACTAAAGACGTACA,1,3008722
ratA_yfjF_predicted,3.588235294117647,76,16,TTTTCTAGCACATTCTATCG,60,3004691
ratA_yfjF_predicted,2.588235294117647,59,16,TTACTGGCCAAATCCTTCAA,43,3005553
ratA_yfjF_predicted,3.3529411764705883,72,16,TGTGGGCCGACCTGGACGCA,56,3009827
ratA_yfjF_predicted,1.4705882352941178,40,16,TGTACGCTCGCAATGACATC,24,2995168
ratA_yfjF_predicted,0.11764705882352941,17,16,TCGCTGATAGGTATTGACCA,1,2998808
ratA_yfjF_predicted,2.0588235294117645,50,16,TACTGATATTAAGGGAGGAG,34,2995069
ratA_yfjF_predicted,2.2941176470588234,54,16,GTGCTGTCAGGACCGGAAAA,38,3004674
ratA_yfjF_predicted,2.176470588235294,52,16,GTCTACCCAAACTTAGTATT,36,3009997
ratA_yfjF_predicted,1.5294117647058822,41,16,GCTCTGTTGTCTACTGACGG,25,2994203
ratA_yfjF_predicted,1.2941176470588236,37,16,GCTCCCGGCTACACTTTAGA,21,3014762
ratA_yfjF_predicted,1.2352941176470589,36,16,GCCGCATCAGGTTAACTCAA,20,3002080
ratA_yfjF_predicted,1.8823529411764706,47,16,GCACCAGTGTAAGAGCAGGC,31,2991840
ratA_yfjF_predicted,1.411764705882353,39,16,GCAAATGTTTAGTTATTGTG,23,3005827
ratA_yfjF_predicted,2.5294117647058822,58,16,GATTCCGGTTAACGAGTTTG,42,3006301
ratA_yfjF_predicted,0.23529411764705882,19,16,GAGCGAGACCGGCCGTGTCA,3,2994278
ratA_yfjF_predicted,0.29411764705882354,20,16,GAGCCTAGACCTACCAATGG,4,3020721
ratA_yfjF_predicted,0.11764705882352941,17,16,CTTTGGGTTTAGGTCCTACC,1,2994745
ratA_yfjF_predicted,0.4117647058823529,22,16,CTCCCTCTGTGAGTCCTACT,6,2992858
ratA_yfjF_predicted,0.11764705882352941,17,16,CTAAAAGGGGAACATACGAA,1,2997116
ratA_yfjF_predicted,0.11764705882352941,17,16,CGTGTCATAGTGGATCGGTC,1,2992461
ratA_yfjF_predicted,1.7058823529411764,44,16,CGGCCGGGGAAACGCCGAGT,28,3005516
ratA_yfjF_predicted,2.764705882352941,62,16,CGCGCCCGTCGATAATACGA,46,2999963
ratA_yfjF_predicted,0.11764705882352941,17,16,CGCCAGTGACCCTAAGTCTC,1,3012163
ratA_yfjF_predicted,1.8235294117647058,46,16,CGAGAGTGCGAATAAATACG,30,3001506
ratA_yfjF_predicted,1.588235294117647,42,16,CCGAAGTGTCCGTTCCATTT,26,3017025
ratA_yfjF_predicted,0.11764705882352941,17,16,CAGTCAGTGAATATCAGATT,1,3008520
ratA_yfjF_predicted,2.823529411764706,63,16,ATATATGCGGGCGGCTGATC,47,3006247
ratA_yfjF_predicted,0.17647058823529413,18,16,AGTGATATGGGCTGCGATGC,2,3007572
ratA_yfjF_predicted,2.6470588235294117,60,16,AGCTACGTATGCAGCCTTAT,44,3002626
ratA_yfjF_predicted,1.4705882352941178,40,16,AGAGTGACTACCTCATCGAA,24,3012148
ratA_yfjF_predicted,2.2941176470588234,54,16,ACTTACGGTGCTAGTCCACT,38,3002306
ratA_yfjF_predicted,4.588235294117647,93,16,ACGGAAGTCGATTAAATGTC,77,3000999
ratA_yfjF_predicted,0.11764705882352941,17,16,ACGATAGCCGTCACGCAGAG,1,3018614
ratA_yfjF_predicted,0.7058823529411765,27,16,ACCGTGACATTCTCTACGTG,11,2994401
ratA_yfjF_predicted,1.6470588235294117,43,16,AAAGGGGTCGGTTGAGAATG,27,3016014
ratA_yfjF_predicted,4.125,80,15,TTTGTATCCGACTACTAACT,65,3004968
ratA_yfjF_predicted,2.0,46,15,TTGGTCGATTATACGATGCA,31,3015591
ratA_yfjF_predicted,0.1875,17,15,TTCAAACACTTAGACATCCC,2,3012078
ratA_yfjF_predicted,0.4375,21,15,TTAGGTAAGCTTTCTGCGAT,6,2995222
ratA_yfjF_predicted,0.125,16,15,TGGGGTATAACCTACATGAA,1,3005544
ratA_yfjF_predicted,2.375,52,15,TGGGGGAGTCGCCTCAGAAT,37,3012533
ratA_yfjF_predicted,1.125,32,15,TGCCATTACCAATACGCAGA,17,3000268
ratA_yfjF_predicted,0.125,16,15,TGAGTGGGAATTTCCAACGA,1,3007847
ratA_yfjF_predicted,1.1875,33,15,TACTGGCGGAACTCACCTTT,18,3012791
ratA_yfjF_predicted,3.5625,71,15,GTACTCTAGGAGCATTAGAG,56,2996844
ratA_yfjF_predicted,2.1875,49,15,GGCACAGTGGGTCTCATCCG,34,3017753
ratA_yfjF_predicted,0.125,16,15,GCTTAAAACCGAGACGCGTA,1,3001911
ratA_yfjF_predicted,0.8125,27,15,GCTCATGGGGATCCCGGCAA,12,3001042
ratA_yfjF_predicted,0.125,16,15,GATACCATGGGAAACTGACT,1,3000537
ratA_yfjF_predicted,3.625,72,15,GAGTTTGGGCCTCGGTGTAT,57,3021596
ratA_yfjF_predicted,0.125,16,15,GAGTACGAGAACCGGTCTCT,1,3007388
ratA_yfjF_predicted,1.75,42,15,GAGCGACCGATGCCGTGGCA,27,2992741
ratA_yfjF_predicted,0.8125,27,15,CTTGAGTGGCCATGGGAAGA,12,3011532
ratA_yfjF_predicted,1.3125,35,15,CTGTTCCACCAGCATACTCT,20,2993591
ratA_yfjF_predicted,1.8125,43,15,CGTCGAACGCCGCAATCTGT,28,3010784
ratA_yfjF_predicted,0.125,16,15,CGGGCACCAGCTTAACGTAA,1,3009158
ratA_yfjF_predicted,1.6875,41,15,CGAGGGCCAGTACTCTTTGA,26,3005752
ratA_yfjF_predicted,2.9375,61,15,CGACCAACCTTCGAATGGTG,46,3019495
ratA_yfjF_predicted,1.0625,31,15,CCTTTATCAGCCGTTGTTGG,16,2993001
ratA_yfjF_predicted,0.25,18,15,CCTTCGGCCAGTCATCTGTA,3,2999626
ratA_yfjF_predicted,1.4375,37,15,CCTCTGACAGGCCATTTTTC,22,2994583
ratA_yfjF_predicted,3.75,74,15,CCTCCCGCCTTCGGGCTGAA,59,3019057
ratA_yfjF_predicted,0.375,20,15,CCTCATGCTTCAAGATCCGT,5,3008042
ratA_yfjF_predicted,1.5,38,15,CCTAATGAAAGAACGCGATT,23,3018963
ratA_yfjF_predicted,0.6875,25,15,CCGAATGGGTTGTAATGGGT,10,3000302
ratA_yfjF_predicted,1.4375,37,15,CATTAAGACACCCGTTAGCA,22,2996605
ratA_yfjF_predicted,1.5,38,15,CATAACGGCAGATTGATTGG,23,3004180
ratA_yfjF_predicted,0.75,26,15,CAGCAGCGTCTGCGTGGCGT,11,2996076
ratA_yfjF_predicted,0.125,16,15,CAATTAGGAGCGAACCCTAG,1,3017843
ratA_yfjF_predicted,2.3125,51,15,AGCAGGGATAGTCCGCCGTT,36,3009651
ratA_yfjF_predicted,1.0625,31,15,AGATAACGTATCTCCTTCAA,16,3000957
ratA_yfjF_predicted,2.375,52,15,ACGCTGGGAACCCCGCTGTT,37,2996611
ratA_yfjF_predicted,1.6875,41,15,ACCAAGCTCTGGAAGGATAT,26,2997383
ratA_yfjF_predicted,2.0,46,15,AATGATTAGTGTGAAGCATC,31,2992238
ratA_yfjF_predicted,2.5625,55,15,AAGCCACCAGACTTGGGGAG,40,2992822
ratA_yfjF_predicted,3.1875,65,15,AACAATGCGCCCGGCCAGCT,50,3011321
ratA_yfjF_predicted,1.2666666666666666,32,14,TTTCTCGAGGAAGCTTGTTG,18,3007690
ratA_yfjF_predicted,1.7333333333333334,39,14,TTACACCCGGTGTCACTCTA,25,3004374
ratA_yfjF_predicted,0.13333333333333333,15,14,TGTCTTGTAGTGGAAACTTT,1,3000005
ratA_yfjF_predicted,1.6666666666666667,38,14,TCCTCTGATGCAGAATAGGT,24,2993790
ratA_yfjF_predicted,2.4,49,14,TCAACTATGATTGACACCTC,35,3017415
ratA_yfjF_predicted,2.2,46,14,TATGGTGTCGTTGACAAGGC,32,2999570
ratA_yfjF_predicted,0.9333333333333333,27,14,TATAGGTAGGTGACACCCAC,13,2992029
ratA_yfjF_predicted,2.066666666666667,44,14,TAGACATTAAAGAGCCGCGA,30,3018382
ratA_yfjF_predicted,0.13333333333333333,15,14,TACACTCGATGTCTCTCCAT,1,3015487
ratA_yfjF_predicted,8.933333333333334,147,14,GTTTCGAACCCATTGGGCGT,133,2996075
ratA_yfjF_predicted,0.13333333333333333,15,14,GTCATGTGCGCTGCCCATGT,1,3019184
ratA_yfjF_predicted,0.13333333333333333,15,14,GTCAGCCATTATCCCCAGTT,1,2998182
ratA_yfjF_predicted,4.4,79,14,GTATTAATCTCATTTAGCAA,65,3006653
ratA_yfjF_predicted,0.13333333333333333,15,14,GTATAGCTCGGGGCTCGAAC,1,3006784
ratA_yfjF_predicted,2.2666666666666666,47,14,GTATACCTCCCAACCTGGAA,33,3009441
ratA_yfjF_predicted,2.533333333333333,51,14,GTACGGATGACCTCATGCCC,37,3014318
ratA_yfjF_predicted,2.1333333333333333,45,14,GGCTTATCGCGAGGCGATCC,31,2994610
ratA_yfjF_predicted,2.066666666666667,44,14,GGCGACTACGTTTTACGTCA,30,2998917
ratA_yfjF_predicted,1.8666666666666667,41,14,GCGCATCGACAGCGCGTTGC,27,3003179
ratA_yfjF_predicted,1.5333333333333334,36,14,GCGACGCATTGCCAAACTTG,22,2995181
ratA_yfjF_predicted,0.26666666666666666,17,14,GCCGTACACTCTAGCAATGT,3,3010419
ratA_yfjF_predicted,2.066666666666667,44,14,GATGACTGGGAACCAACAAA,30,2999147
ratA_yfjF_predicted,0.13333333333333333,15,14,CTGGGAAGAGAGCTGACGGA,1,3003132
ratA_yfjF_predicted,2.2,46,14,CTGCTGTCGCGTACAAGGAT,32,2999906
ratA_yfjF_predicted,0.4666666666666667,20,14,CTCGAAGCTAAATGGCCTAT,6,3001211
ratA_yfjF_predicted,0.6666666666666666,23,14,CGGTCGCACCGCATGCGAGG,9,2998924
ratA_yfjF_predicted,1.8,40,14,CGGGGCTGTATAAACGGGTC,26,3004747
ratA_yfjF_predicted,0.13333333333333333,15,14,CGAAGGTTTGACCCGAAAAA,1,3005881
ratA_yfjF_predicted,2.4,49,14,CAGTATCGCCGCTCTGTTAA,35,2994664
ratA_yfjF_predicted,0.8,25,14,CACGGTCCTGACACACAGAT,11,3012017
ratA_yfjF_predicted,0.9333333333333333,27,14,ATTTTTAATCGGCGCAATGA,13,3008896
ratA_yfjF_predicted,2.8,55,14,ATCCGCTCCGAAGCTTATGC,41,3005678
ratA_yfjF_predicted,2.066666666666667,44,14,ATAGGTCTAGAAAATCTCTG,30,3005281
ratA_yfjF_predicted,1.8,40,14,AGTTCGCCTAAGTCATGCCG,26,2993003
ratA_yfjF_predicted,1.6666666666666667,38,14,AGCTACAAGTTGCGTATGCG,24,3011686
ratA_yfjF_predicted,2.0,43,14,AGATTGTCTATCGGCTGCGA,29,3004438
ratA_yfjF_predicted,1.1333333333333333,30,14,AGAGTAAACGCGTCCCGCAG,16,3017157
ratA_yfjF_predicted,4.866666666666666,86,14,AGACCCCAGTAAGTGACACT,72,3003707
ratA_yfjF_predicted,2.0,43,14,ACATCCAGGCCGAAACCAGT,29,3016726
ratA_yfjF_predicted,0.13333333333333333,15,14,AAGGGGTACCCAGGTGCAGC,1,3001503
ratA_yfjF_predicted,0.13333333333333333,15,14,AAGGCCGGACGTATAAGCAT,1,2996291
ratA_yfjF_predicted,1.9285714285714286,39,13,TTGCGTCACTGATGTGACCA,26,3013277
ratA_yfjF_predicted,0.14285714285714285,14,13,TTCGTCTAGTTTCTCTTTGC,1,2991868
ratA_yfjF_predicted,1.2142857142857142,29,13,TTAGGAGGGCTGACGGCCCA,16,3021748
ratA_yfjF_predicted,2.2857142857142856,44,13,TGTCGCGTTCTCTTACAGCT,31,3011790
ratA_yfjF_predicted,3.2142857142857144,57,13,TGGACTGGGATCAAAAGTCT,44,2999366
ratA_yfjF_predicted,1.5,33,13,TGATGCAGACGAAGGGCTTG,20,2993746
ratA_yfjF_predicted,0.14285714285714285,14,13,TGACCCGTTCTCGGATCCTT,1,3008121
ratA_yfjF_predicted,3.0,54,13,TCGGCATCCAAGGTCATGGA,41,2994062
ratA_yfjF_predicted,0.14285714285714285,14,13,TCCACGTCTTAGGAAGTTAC,1,3001348
ratA_yfjF_predicted,4.0,68,13,TCAGACAAGCATTAGCTGAA,55,2994952
ratA_yfjF_predicted,1.6428571428571428,35,13,TATACTCACAGCCGAGGAAT,22,2995327
ratA_yfjF_predicted,3.642857142857143,63,13,TAGGCCACTGAGTTTAGCAA,50,2998648
ratA_yfjF_predicted,2.7857142857142856,51,13,TAACGCACTTCGTACCGTTC,38,3020357
ratA_yfjF_predicted,1.9285714285714286,39,13,GTGGTGGTGGTGAGGGGTCT,26,3020221
ratA_yfjF_predicted,3.2142857142857144,57,13,GTCAGTCCCTATGTGCTTAT,44,3009547
ratA_yfjF_predicted,0.21428571428571427,15,13,GTATATATCAGAAGATAGTA,2,3003501
ratA_yfjF_predicted,1.9285714285714286,39,13,GGGGCAGGAGAACAACATAT,26,3003805
ratA_yfjF_predicted,3.0,54,13,GGAGCTAATCTTGTTCGTTC,41,3012881
ratA_yfjF_predicted,2.642857142857143,49,13,GCTCAGTGCGTAGTTTCCAC,36,3002029
ratA_yfjF_predicted,0.14285714285714285,14,13,GCGTGCATTTCGTTCCCGTT,1,3020208
ratA_yfjF_predicted,2.4285714285714284,46,13,GCGGTAGGGCTCTTTCTTAT,33,3018865
ratA_yfjF_predicted,1.5714285714285714,34,13,GCGAACGAAGGTTCTTACCA,21,3011973
ratA_yfjF_predicted,0.14285714285714285,14,13,GCGAAATGTATACCACGCCT,1,2995167
ratA_yfjF_predicted,0.2857142857142857,16,13,GCATCCGTATCCTTCCGGGT,3,2991852
ratA_yfjF_predicted,1.5714285714285714,34,13,GACTGTAATCTATTACCCGT,21,2998940
ratA_yfjF_predicted,3.2857142857142856,58,13,GAATAGAACTAGGGTTTCTA,45,2997886
ratA_yfjF_predicted,0.14285714285714285,14,13,GAAGATGTGGAACTCGGGGT,1,3011374
ratA_yfjF_predicted,1.8571428571428572,38,13,GAAACTGCGGTCATTTTAAT,25,3013932
ratA_yfjF_predicted,1.7142857142857142,36,13,CTGGGGTAGGCCCTCCGTTA,23,3007724
ratA_yfjF_predicted,0.9285714285714286,25,13,CTCGCACGTGCTCATTTACC,12,2992611
ratA_yfjF_predicted,1.6428571428571428,35,13,CTCCCTTACGTCGGGTACTC,22,2998519
ratA_yfjF_predicted,2.5714285714285716,48,13,CGGACTTATGCATATCCACA,35,2995701
ratA_yfjF_predicted,4.357142857142857,73,13,CGAAATGGATCGTGAGCGAT,60,3010429
ratA_yfjF_predicted,1.1428571428571428,28,13,CCCTACGGCGGAGTCTGCCT,15,2998179
ratA_yfjF_predicted,0.14285714285714285,14,13,CCCAGGAGTAGTGAGAGCAA,1,3003714
ratA_yfjF_predicted,2.142857142857143,42,13,CAAGCTGATGCGAGTCGCGG,29,2993853
ratA_yfjF_predicted,1.9285714285714286,39,13,ATTAGACGAATATCCGTCTT,26,3015434
ratA_yfjF_predicted,2.7142857142857144,50,13,ATGCTCGGCGTTGGGGCATA,37,3000862
ratA_yfjF_predicted,1.4285714285714286,32,13,ATACTTGGAAACAAGCTCCC,19,3011927
ratA_yfjF_predicted,1.7142857142857142,36,13,ATACCTACCATTTGCAACAC,23,3017542
ratA_yfjF_predicted,2.2857142857142856,44,13,ATAAATATGTGATCAAAACT,31,3018632
ratA_yfjF_predicted,2.0,40,13,AGGGGGTACAGTATGTCCGT,27,3001431
ratA_yfjF_predicted,0.21428571428571427,15,13,AGGAACAATGATGGGTACAT,2,3012622
ratA_yfjF_predicted,0.14285714285714285,14,13,AGAGTTCTCCTTATGCCAGT,1,2997372
ratA_yfjF_predicted,0.5,19,13,AGAAAGGGGGGGCACGGTGT,6,3011534
ratA_yfjF_predicted,2.2857142857142856,44,13,ACGCGGGTCCGAATTCCAGA,31,2994905
ratA_yfjF_predicted,3.357142857142857,59,13,ACAGTAACTTTGAACTAGAG,46,3010994
ratA_yfjF_predicted,2.0714285714285716,41,13,AAGTCAGCAAAGAAAGCCCA,28,3007042
ratA_yfjF_predicted,0.21428571428571427,15,13,AAGGTATCCACAGCTGCCAG,2,2995198
ratA_yfjF_predicted,4.357142857142857,73,13,AACGAGCCTAGAACGATCGT,60,3012926
ratA_yfjF_predicted,2.642857142857143,49,13,AACGACGTGGACCCATGTTT,36,3005628
ratA_yfjF_predicted,2.5,47,13,AACGAATCCTGCCTGATGGC,34,3008703
ratA_yfjF_predicted,0.7857142857142857,23,13,AACATGCTTTTCTGGCAGCT,10,3005597
ratA_yfjF_predicted,1.7692307692307692,34,12,TTGGTTTAGATTTCTGGGAT,22,3016329
ratA_yfjF_predicted,1.2307692307692308,27,12,TTGGGAAGCTCGTCGTACAT,15,3013363
ratA_yfjF_predicted,2.3076923076923075,41,12,TTCATTATTGCGGTGGTAAG,29,2998223
ratA_yfjF_predicted,0.15384615384615385,13,12,TTAAGATCGTGGGTGTTGAT,1,3006370
ratA_yfjF_predicted,2.1538461538461537,39,12,TCTTCTAGACGATTATGTAG,27,3000166
ratA_yfjF_predicted,2.5384615384615383,44,12,TCGTGAGCTCGGCTCGTCTA,32,2995688
ratA_yfjF_predicted,2.3076923076923075,41,12,TCCCCCTATCGGGCGGGTCA,29,3016585
ratA_yfjF_predicted,1.6923076923076923,33,12,TATATTTGGCGTTGCCGCGC,21,2992412
ratA_yfjF_predicted,0.15384615384615385,13,12,TACAACACACGCGGCGGAAA,1,2998965
ratA_yfjF_predicted,4.153846153846154,65,12,GTGGGCGCATAGGTGTGTTG,53,2992498
ratA_yfjF_predicted,0.15384615384615385,13,12,GTCAGACTGTTTGGAGTTGA,1,3015191
ratA_yfjF_predicted,3.1538461538461537,52,12,GTATCCTATGACCGATCCTG,40,3010214
ratA_yfjF_predicted,2.076923076923077,38,12,GGTGAAGCTCCACTTGGTGT,26,3007431
ratA_yfjF_predicted,0.15384615384615385,13,12,GGACTGGCATACGTCTCTGT,1,3020260
ratA_yfjF_predicted,0.15384615384615385,13,12,GCGCGCTACCCAATCCGGGT,1,3017993
ratA_yfjF_predicted,0.6153846153846154,19,12,GCGAGACTAATGGCTACCAC,7,3004508
ratA_yfjF_predicted,1.8461538461538463,35,12,GCACTACAGACAACAGCTGA,23,3003542
ratA_yfjF_predicted,1.0769230769230769,25,12,GATCTCCATGGCTTCAAAGC,13,3002407
ratA_yfjF_predicted,0.15384615384615385,13,12,GATAAGCGTTATCCGCGTGC,1,2999649
ratA_yfjF_predicted,1.3076923076923077,28,12,GAGCCATGTAAGTAGGTAGT,16,3019411
ratA_yfjF_predicted,1.2307692307692308,27,12,GAAGCCGGCTAGTAAAAATG,15,3003402
ratA_yfjF_predicted,2.0,37,12,GAAACTGGAAAACAGAATGG,25,3006728
ratA_yfjF_predicted,3.076923076923077,51,12,CTTATTCATCCCAATTTACA,39,3005811
ratA_yfjF_predicted,1.9230769230769231,36,12,CGGCATTATGTGCCTTCTTA,24,2998474
ratA_yfjF_predicted,0.15384615384615385,13,12,CGCTGGCCCCCCTGTGCACA,1,2995256
ratA_yfjF_predicted,2.4615384615384617,43,12,CCTGGATTGAGAATGTTATA,31,3017979
ratA_yfjF_predicted,0.15384615384615385,13,12,CCCGACTCATAACCTTACCA,1,2996937
ratA_yfjF_predicted,2.3076923076923075,41,12,CATCAATTTTGGGACCAAGA,29,3005707
ratA_yfjF_predicted,1.5384615384615385,31,12,CATAAGTTCGGGAGAACTAC,19,2992852
ratA_yfjF_predicted,0.15384615384615385,13,12,CAGATTACTACTTGATACAA,1,3015592
ratA_yfjF_predicted,5.384615384615385,81,12,CAACAAGGATACTAAACGCA,69,2998402
ratA_yfjF_predicted,2.769230769230769,47,12,ATTTCATGTGCAAACCCGCT,35,3001502
ratA_yfjF_predicted,4.0,63,12,ATCGTCTCTATACTGCCCGA,51,2997976
ratA_yfjF_predicted,3.0,50,12,ATAGAGCCCAAATTGAGCCC,38,2993453
ratA_yfjF_predicted,3.076923076923077,51,12,AGTTGTGATGGATGTTTACT,39,2999883
ratA_yfjF_predicted,2.3076923076923075,41,12,ACCATCACGCTTTGTAACGG,29,3012673
ratA_yfjF_predicted,0.15384615384615385,13,12,AATCTAATCACAATTACGTT,1,2995115
ratA_yfjF_predicted,2.230769230769231,40,12,AAGGTTGCGAATGGTAGGTC,28,3006962
ratA_yfjF_predicted,0.9230769230769231,23,12,AACCGGGCACAGTCTGATCT,11,3018030
ratA_yfjF_predicted,1.2307692307692308,27,12,AACCCCAGTCTTCCTTTTCT,15,2999543
ratA_yfjF_predicted,0.15384615384615385,13,12,AAAACGTCGTAATTTGCTTA,1,3004703
ratA_yfjF_predicted,1.3333333333333333,26,11,TTGACTACGACCACTTCGTG,15,3011015
ratA_yfjF_predicted,0.16666666666666666,12,11,TTCGCCCACGTCACTTTGTT,1,3013690
ratA_yfjF_predicted,1.3333333333333333,26,11,TTAGCTTAAAAGTTAAAGGA,15,3005093
ratA_yfjF_predicted,1.25,25,11,TTACCTCTGCATAACGCGGC,14,2996334
ratA_yfjF_predicted,6.25,85,11,TTAACAAAAAGTTCTAAATA,74,3021631
ratA_yfjF_predicted,0.16666666666666666,12,11,TGTGCATGCTGAGGTTTAGC,1,3001943
ratA_yfjF_predicted,3.6666666666666665,54,11,TGCCAGGAGCGCAAGCAAGA,43,2995511
ratA_yfjF_predicted,2.5833333333333335,41,11,TCCTATAGTGTTTTAGGCAG,30,3015431
ratA_yfjF_predicted,1.4166666666666667,27,11,TCCCTCTCGTCTTACTTAGA,16,3007555
ratA_yfjF_predicted,2.9166666666666665,45,11,TCCCACGGGGAGAGTCTTAA,34,2995925
ratA_yfjF_predicted,3.1666666666666665,48,11,TATGCACGGACCTGGGTTCT,37,2995007
ratA_yfjF_predicted,2.5,40,11,TATGAGGCTACCTTCGGGTC,29,3010323
ratA_yfjF_predicted,3.25,49,11,TACTCAATACTCCGAGTAAC,38,3019253
ratA_yfjF_predicted,0.16666666666666666,12,11,TACGGATGGTGAGCCGGGTA,1,2995625
ratA_yfjF_predicted,0.25,13,11,TAACTCACGCTAATCCTAAC,2,3021559
ratA_yfjF_predicted,0.5,16,11,GTTTCAGAACAGAGCGTAAA,5,3004615
ratA_yfjF_predicted,2.0,34,11,GTACTAAACCGTCACGCTTA,23,2992535
ratA_yfjF_predicted,0.16666666666666666,12,11,GTAACTACCACACAGCGAAG,1,2999195
ratA_yfjF_predicted,4.0,58,11,GGCAGTCTTTGGCAAGCCAG,47,2997701
ratA_yfjF_predicted,3.5,52,11,GCGAAGGCGGGCACCCGGGT,41,3014262
ratA_yfjF_predicted,3.0833333333333335,47,11,GCAGTCAAGCTTTCAACCAG,36,3008989
ratA_yfjF_predicted,2.6666666666666665,42,11,CTGTGTTATCTATGACCGAA,31,3000428
ratA_yfjF_predicted,2.4166666666666665,39,11,CTCGTAACCTTACCTCCGTG,28,3012403
ratA_yfjF_predicted,2.8333333333333335,44,11,CTCCGAACGGTGTGTTCGAC,33,3016010
ratA_yfjF_predicted,2.5,40,11,CTATCCCTGACTTCATGCCA,29,3015009
ratA_yfjF_predicted,0.16666666666666666,12,11,CTATACACTGAACTACGCTT,1,2994192
ratA_yfjF_predicted,3.1666666666666665,48,11,CGCTGCTCGCGTGCTTCGTA,37,2996564
ratA_yfjF_predicted,0.25,13,11,CGATGTACTTGTAACGAGAC,2,3005895
ratA_yfjF_predicted,5.833333333333333,80,11,CGAAGTAGGCGGAATCCGAT,69,3001323
ratA_yfjF_predicted,2.0,34,11,CCCTTGCGAGGAGATCGAGG,23,2997536
ratA_yfjF_predicted,2.0833333333333335,35,11,CCCGTACAGTGGTCTTCGGT,24,3016816
ratA_yfjF_predicted,1.9166666666666667,33,11,CCCCTGGGGTCTAACTTAGA,22,3017938
ratA_yfjF_predicted,3.4166666666666665,51,11,CCCCTAGCGGACTAAATCGG,40,3021139
ratA_yfjF_predicted,3.1666666666666665,48,11,CCCCGACCTCTATGGAGTAG,37,3009296
ratA_yfjF_predicted,0.4166666666666667,15,11,CCAGTTGCGAAGGGATCGTA,4,2999088
ratA_yfjF_predicted,1.5,28,11,CCAATGTTCCCGATACATAT,17,3020093
ratA_yfjF_predicted,2.8333333333333335,44,11,CACGTTGGCTTTTACGACAT,33,3015416
ratA_yfjF_predicted,2.0833333333333335,35,11,CAATCAACTATGCGAGCACC,24,2997468
ratA_yfjF_predicted,3.5,52,11,CAAGACAGCGCACTGAGCAA,41,3011280
ratA_yfjF_predicted,1.1666666666666667,24,11,ATCCAAATGTAAAACGATCT,13,3009839
ratA_yfjF_predicted,2.25,37,11,ATATTTGGAAGAAGGCCTGG,26,3018191
ratA_yfjF_predicted,1.5833333333333333,29,11,ATAGCAATCTCGTTTGGACT,18,3006786
ratA_yfjF_predicted,1.8333333333333333,32,11,AGTCCTTAACCTGGAACATG,21,2992786
ratA_yfjF_predicted,0.5,16,11,AGTAGTTTCGTTCTTACGGT,5,2994546
ratA_yfjF_predicted,4.0,58,11,AGCCCGTCATCCATCCTCTG,47,3009693
ratA_yfjF_predicted,1.1666666666666667,24,11,ACTGTTCTGATTGCACCTGC,13,2992720
ratA_yfjF_predicted,0.16666666666666666,12,11,ACTCCCGCGCCGCATACGAC,1,2993227
ratA_yfjF_predicted,2.6666666666666665,42,11,ACGTCAGATATATCCAGCGT,31,3016258
ratA_yfjF_predicted,0.16666666666666666,12,11,AATATGTTACAGAATTTAGT,1,3020296
ratA_yfjF_predicted,0.18181818181818182,11,10,TTTTTAGTTTTGCCAGTCAT,1,2993245
ratA_yfjF_predicted,3.3636363636363638,46,10,TTGTCATCCGGGAACTCGCA,36,2993745
ratA_yfjF_predicted,2.0,31,10,TTGACCTTGTGGGTGCGTAA,21,2994750
ratA_yfjF_predicted,0.9090909090909091,19,10,TTCAAGTGGGCTTTCAATAA,9,3009608
ratA_yfjF_predicted,3.090909090909091,43,10,TGTCGAACGCGTATATAGTT,33,2992501
ratA_yfjF_predicted,3.8181818181818183,51,10,TGGTATATCAAGGAGGGTCG,41,2994037
ratA_yfjF_predicted,1.5454545454545454,26,10,TGGGCCTGGCTCAATAGTTT,16,3015467
ratA_yfjF_predicted,5.636363636363637,71,10,TGCTATTTGAGCTATACTTC,61,3021653
ratA_yfjF_predicted,1.0,20,10,TGCGTGGCCACCGAGAGCAT,10,3015500
ratA_yfjF_predicted,2.0,31,10,TCGGTTTTCTAAAAGAAGAG,21,2993430
ratA_yfjF_predicted,1.0909090909090908,21,10,TAGGCTCTTCCGTAAGAAAA,11,3019444
ratA_yfjF_predicted,2.6363636363636362,38,10,TAGGACCCTGAATAACGTCT,28,3008819
ratA_yfjF_predicted,2.0,31,10,TAATAATTATTAGCGGCAAG,21,3013820
ratA_yfjF_predicted,0.18181818181818182,11,10,GTTGTTAACTCGCCCGGCAT,1,3007400
ratA_yfjF_predicted,0.18181818181818182,11,10,GTTATAGTCCTACCGATATA,1,2997797
ratA_yfjF_predicted,0.18181818181818182,11,10,GTATTAGGAGGTTTTTAGAA,1,2994712
ratA_yfjF_predicted,0.18181818181818182,11,10,GTAAGACTAACATGTTTCAC,1,2999786
ratA_yfjF_predicted,3.0,42,10,GGTCACAGCATGCAAGAAGT,32,3019318
ratA_yfjF_predicted,3.090909090909091,43,10,GGGACCGCTGACTACCCCCA,33,2994904
ratA_yfjF_predicted,2.4545454545454546,36,10,GCGGTGTGGAAGGGACTTAA,26,3015882
ratA_yfjF_predicted,1.7272727272727273,28,10,GCCTCAGCCGGTTGCAATGA,18,3001973
ratA_yfjF_predicted,3.0,42,10,GCCATGCTGCAGTCCACGAC,32,2996665
ratA_yfjF_predicted,0.18181818181818182,11,10,GACTATGCACCAACGAGCGG,1,2998232
ratA_yfjF_predicted,0.18181818181818182,11,10,GAAGACTCGGTAGGCGGCTA,1,3004047
ratA_yfjF_predicted,2.3636363636363638,35,10,CTTACGGAGGAAAATCCTGC,25,3001977
ratA_yfjF_predicted,1.3636363636363635,24,10,CTTAACCTGAAAGTTTCTAT,14,3010569
ratA_yfjF_predicted,2.090909090909091,32,10,CTGCGGCGGTTATATCGAAG,22,2995267
ratA_yfjF_predicted,0.18181818181818182,11,10,CTCCCCCAGCCTCAGATCCT,1,2994981
ratA_yfjF_predicted,0.18181818181818182,11,10,CTAAGTTGTTTCTGTGGGCA,1,2993317
ratA_yfjF_predicted,3.8181818181818183,51,10,CGGGTCGTTAGATTAGACGC,41,3017846
ratA_yfjF_predicted,2.8181818181818183,40,10,CGGAGTACGATTTTCTGGTC,30,3001039
ratA_yfjF_predicted,1.7272727272727273,28,10,CGGAGGGTAGGAATCCCTGT,18,3012867
ratA_yfjF_predicted,3.090909090909091,43,10,CGCTGTTCGAAAGCCTAAGA,33,3001147
ratA_yfjF_predicted,2.272727272727273,34,10,CGACACAACAGCGCGATTAA,24,3012181
ratA_yfjF_predicted,3.272727272727273,45,10,CCTGTTACGCTCGTTGAAAA,35,3010299
ratA_yfjF_predicted,0.18181818181818182,11,10,CCTACCTGTGGGCGCACTTT,1,3015706
ratA_yfjF_predicted,0.18181818181818182,11,10,CCCTGGACAAAAGCTAGATT,1,3009543
ratA_yfjF_predicted,0.2727272727272727,12,10,CCCGTGTGTCGTGATTCGGC,2,3002275
ratA_yfjF_predicted,1.8181818181818181,29,10,CATGGGTTCAGGCATAGTAA,19,2994253
ratA_yfjF_predicted,6.636363636363637,82,10,CAGGGCCGCTAACGAGCTTA,72,2999769
ratA_yfjF_predicted,2.5454545454545454,37,10,CAGCTTAAAGCGTGCTCGGT,27,3021443
ratA_yfjF_predicted,2.727272727272727,39,10,CAAGAATTTACCATGCAAGT,29,2995590
ratA_yfjF_predicted,1.0909090909090908,21,10,ATTTGGTTTTTGAACTGGAG,11,3016058
ratA_yfjF_predicted,0.18181818181818182,11,10,ATTAAAAGCATGTGCGATTG,1,3020028
ratA_yfjF_predicted,0.9090909090909091,19,10,AGTTTTGAGACGATAGCAGC,9,2999062
ratA_yfjF_predicted,0.18181818181818182,11,10,AGGAACACGTTTTCAGTCCT,1,2999855
ratA_yfjF_predicted,0.18181818181818182,11,10,ACTGAGGACCCGTGTTCTGT,1,3014955
ratA_yfjF_predicted,3.5454545454545454,48,10,ACTCCATGCCGGAGACATGT,38,3016286
ratA_yfjF_predicted,0.18181818181818182,11,10,ACGTCAATGGGTGCCGTCTT,1,3000197
ratA_yfjF_predicted,1.7272727272727273,28,10,ACGGAAACCCGTCGGGCCAC,18,2995555
ratA_yfjF_predicted,3.3636363636363638,46,10,ACCCCTTTTGGCTAGGGAAG,36,2996273
ratA_yfjF_predicted,3.4545454545454546,47,10,ACCCAAGGAGAGATCGCGCG,37,3007163
ratA_yfjF_predicted,2.8181818181818183,40,10,ACAGTATGTGCCACAATAAA,30,3013413
ratA_yfjF_predicted,2.1818181818181817,33,10,AACACTGAACCACCCCCCGC,23,2997113
ratA_yfjF_predicted,1.9090909090909092,30,10,AAACTGTCGAAGGCGGTAGA,20,3008823
ratA_yfjF_predicted,3.1,39,9,TTTCACCAATGGTCGGTTCC,30,3003283
ratA_yfjF_predicted,2.2,30,9,TTTAAACCGCAATTCTACGA,21,3021304
ratA_yfjF_predicted,1.9,27,9,TTGGCCATGGCCCAGCAAAA,18,3012252
ratA_yfjF_predicted,0.2,10,9,TTATTACCCTGGAATGCTAA,1,3004533
ratA_yfjF_predicted,4.7,55,9,TGCGGAAACAAAAGGTTACA,46,3015679
ratA_yfjF_predicted,2.9,37,9,TGCCGTTTTATGCCCTGCTC,28,3013366
ratA_yfjF_predicted,1.7,25,9,TCTTTCTTTACGTCAACCCT,16,2993653
ratA_yfjF_predicted,0.2,10,9,TCCTCTGAGGAGTTTGCTTA,1,3006943
ratA_yfjF_predicted,3.1,39,9,TAGGCGATCGCGATCCGCTT,30,3012481
ratA_yfjF_predicted,1.3,21,9,TAAATCCCTGTCCTTATCGA,12,3018892
ratA_yfjF_predicted,2.2,30,9,GTTTGAAGGGGATTTTCATC,21,3011951
ratA_yfjF_predicted,0.9,17,9,GTTGTGAGTTGAGTGGTCAA,8,3000934
ratA_yfjF_predicted,0.2,10,9,GTTGCGCCGCAATGGTCCTT,1,2993677
ratA_yfjF_predicted,1.0,18,9,GTTCTCAATCCAGAATTCGC,9,3009375
ratA_yfjF_predicted,1.8,26,9,GTGTAGCACGTAAGGCGGCA,17,3011880
ratA_yfjF_predicted,1.2,20,9,GTCCCGGGTACTAACTCGAC,11,2996822
ratA_yfjF_predicted,3.2,40,9,GTAGCGCCGAGTGGAGTTCT,31,2996778
ratA_yfjF_predicted,0.7,15,9,GGTTTAACGTCGCCGTCATC,6,3019285
ratA_yfjF_predicted,1.3,21,9,GGTTAGGCGGGCTGTTACGA,12,3008432
ratA_yfjF_predicted,1.9,27,9,GGGTCGCAAGTTGTTAGTTA,18,2994714
ratA_yfjF_predicted,2.7,35,9,GGGTAAGAAGGTGTTTGGCA,26,3004008
ratA_yfjF_predicted,0.6,14,9,GGGGTCGGTCGGGGAGCTAT,5,2998898
ratA_yfjF_predicted,4.4,52,9,GGGGTATATCGGCTGCTAGG,43,3019400
ratA_yfjF_predicted,1.9,27,9,GGACGTGTTGCGGGTATAGA,18,3011760
ratA_yfjF_predicted,0.2,10,9,GGAATCTTCACAGTGTTGGA,1,3007378
ratA_yfjF_predicted,0.2,10,9,GCGGCTATTCTCCGATTTAG,1,2999909
ratA_yfjF_predicted,3.7,45,9,GCGAGCAGTTAAGTCCGTTG,36,3010522
ratA_yfjF_predicted,1.4,22,9,GCGACGGCACGGCTCCAGGC,13,3005788
ratA_yfjF_predicted,2.8,36,9,GATCTCCTTTATGCTGGTTC,27,3010315
ratA_yfjF_predicted,3.5,43,9,GAACTGGTCGTTGTCCCGTG,34,2995993
ratA_yfjF_predicted,2.5,33,9,GAAAAAATGACAGCCGCCTT,24,3006505
ratA_yfjF_predicted,1.2,20,9,CTTAGGGTTAGACACATATA,11,3014104
ratA_yfjF_predicted,4.4,52,9,CTGCTTCATCTGGCAGACAT,43,2997748
ratA_yfjF_predicted,1.1,19,9,CTAGAGAGTGAAAACTAATT,10,3016127
ratA_yfjF_predicted,1.4,22,9,CTACCACATAAGAATAGGCA,13,2999111
ratA_yfjF_predicted,10.3,111,9,CGTGACACGGTGACTCGCGG,102,2995910
ratA_yfjF_predicted,1.6,24,9,CGGTTAACTAAATCTGAATA,15,3016930
ratA_yfjF_predicted,2.4,32,9,CGCACGGGGTCTGGACCCGG,23,3009864
ratA_yfjF_predicted,0.8,16,9,CGATACCTCACTGGGATTCA,7,3009916
ratA_yfjF_predicted,3.4,42,9,CCTAACTCATAGAGAGGTAA,33,3018270
ratA_yfjF_predicted,1.9,27,9,CCGGGTCCGACGCGAGGGGC,18,2998208
ratA_yfjF_predicted,2.6,34,9,CCGGCAGAATCAAGGCAGCT,25,2991937
ratA_yfjF_predicted,0.2,10,9,CCCGCTGACCGGTCCAACTC,1,3013565
ratA_yfjF_predicted,0.2,10,9,CCCATAACTCTCTTTGCGAT,1,3006548
ratA_yfjF_predicted,2.3,31,9,CCAGCTAGCGAAAACTGGAC,22,3020265
ratA_yfjF_predicted,1.9,27,9,CAGTCACATGCCGCCTGAAA,18,3006137
ratA_yfjF_predicted,3.2,40,9,CAGATAGGCTTCGCATGAAT,31,2992613
ratA_yfjF_predicted,0.2,10,9,CACCCTAGGGGCCGTCTCTG,1,3008948
ratA_yfjF_predicted,2.5,33,9,CAATACTGTCACTTGAAAGT,24,2997611
ratA_yfjF_predicted,3.5,43,9,CAACCGCACTTGACGTGGAT,34,3003186
ratA_yfjF_predicted,2.0,28,9,CAACCAATGATATATTCCCA,19,3016729
ratA_yfjF_predicted,1.9,27,9,ATGAACGCCCGCACCAGATG,18,3011218
ratA_yfjF_predicted,1.5,23,9,AGCCGGGTTCGTTTGTGGAC,14,2992270
ratA_yfjF_predicted,1.5,23,9,ACTACTCGGGAGAAGCCTAG,14,3005259
ratA_yfjF_predicted,3.5,43,9,ACGTTCAACACGGCTGTTAA,34,3018902
ratA_yfjF_predicted,5.8,66,9,ACGGCCGAACATGTCCTGTG,57,3008559
ratA_yfjF_predicted,5.4,62,9,ACGGATTCGTAGGTTGGTTA,53,2996647
ratA_yfjF_predicted,2.9,37,9,ACGGATCTCGTGTTCACTCC,28,3004816
ratA_yfjF_predicted,1.5,23,9,ACCGGATCTATGCGAACTAC,14,3013786
ratA_yfjF_predicted,0.3,11,9,ACATTAAAAACCCGATAAGC,2,2997914
ratA_yfjF_predicted,0.3,11,9,AATTGAGTATCTAGTTCTGA,2,2998441
ratA_yfjF_predicted,0.2,10,9,AAGAGGAATCCTAAACACAT,1,2999469
ratA_yfjF_predicted,0.2,10,9,AAGACGTAGGATAGGCTCGA,1,2996655
ratA_yfjF_predicted,2.1,29,9,AAAATGGCCAAATCGTTTTA,20,3006134
ratA_yfjF_predicted,1.0,18,9,AAAACTCGGCAGCACCCGTA,9,3012556
ratA_yfjF_predicted,2.5555555555555554,30,8,TTTGATCCAGTACGAGACCT,22,2999625
ratA_yfjF_predicted,3.888888888888889,42,8,TTGCATGCCTGTGGGTCCTG,34,3009196
ratA_yfjF_predicted,2.111111111111111,26,8,TTGAATCGTTGCGTCTCTGC,18,3014494
ratA_yfjF_predicted,2.3333333333333335,28,8,TTCTCGACTAAGCGACGAAT,20,3017272
ratA_yfjF_predicted,0.2222222222222222,9,8,TTCGTTCGTCCAGCAGTTTG,1,3018650
ratA_yfjF_predicted,2.6666666666666665,31,8,TGTTTTCGTCCTCCTCAGCA,23,2998334
ratA_yfjF_predicted,4.555555555555555,48,8,TGAACATCCGCAAGGCTTGC,40,3009164
ratA_yfjF_predicted,2.7777777777777777,32,8,TCTAGCAATCGGCCCATGTG,24,3001808
ratA_yfjF_predicted,1.7777777777777777,23,8,TCGCCGGCGGAACTGTACTT,15,3021487
ratA_yfjF_predicted,3.0,34,8,TCCGAGTATCCAAAACGCCC,26,3013673
ratA_yfjF_predicted,3.2222222222222223,36,8,TCACTATGGACTGGGTGAAT,28,3020005
ratA_yfjF_predicted,4.222222222222222,45,8,TATGATGCCGCGAGGGGCGC,37,3001457
ratA_yfjF_predicted,0.2222222222222222,9,8,TAGGTACCTAGATGCAGTGT,1,2997686
ratA_yfjF_predicted,1.4444444444444444,20,8,TAGGGAGTGGGAAACCGATC,12,3003296
ratA_yfjF_predicted,2.0,25,8,TACTCATTCTTAATGGATAT,17,3016622
ratA_yfjF_predicted,2.7777777777777777,32,8,TACCATTGACCGGAATGTTC,24,3019670
ratA_yfjF_predicted,1.1111111111111112,17,8,TACAGGTATAACCCGCAGCA,9,3010824
ratA_yfjF_predicted,3.3333333333333335,37,8,GTTGAACTGGGTAGAGAACC,29,2995739
ratA_yfjF_predicted,5.555555555555555,57,8,GTTACACTGGTCCCAAAATA,49,3007801
ratA_yfjF_predicted,2.4444444444444446,29,8,GTGCGCCGAAATGCAACTCC,21,3005344
ratA_yfjF_predicted,2.7777777777777777,32,8,GTGATCCAGTCCAGCTAAAT,24,2993238
ratA_yfjF_predicted,4.333333333333333,46,8,GGACGGTGATCATTAAAAAT,38,2995388
ratA_yfjF_predicted,0.3333333333333333,10,8,GCGGAGAAGTGAAAAAATAC,2,3005758
ratA_yfjF_predicted,3.2222222222222223,36,8,GCACTTGTATATGTTTCTTA,28,2996907
ratA_yfjF_predicted,3.4444444444444446,38,8,GATTCTCAGGAGAGCTTATA,30,3021128
ratA_yfjF_predicted,4.555555555555555,48,8,GAGTCCGGTTGGGTCAATCA,40,3010544
ratA_yfjF_predicted,4.0,43,8,CTTTTCAACGAGCCATCGAT,35,3005829
ratA_yfjF_predicted,2.5555555555555554,30,8,CTTGGTTCGCGGTACACCAT,22,3001209
ratA_yfjF_predicted,3.3333333333333335,37,8,CTGTAGAACCGTAGGCATAC,29,2998821
ratA_yfjF_predicted,10.333333333333334,100,8,CTGGATGGGGAGGGCGGTGG,92,3015525
ratA_yfjF_predicted,0.3333333333333333,10,8,CTGCGCAGGAGGGAGTAGCG,2,3018573
ratA_yfjF_predicted,2.111111111111111,26,8,CTCGTTGCTATAGTGGAGGC,18,3010405
ratA_yfjF_predicted,7.777777777777778,77,8,CGCAAACCCTCTATTGCGGG,69,3017098
ratA_yfjF_predicted,2.4444444444444446,29,8,CCTCGCTGTAACAAGACAAC,21,3013757
ratA_yfjF_predicted,0.2222222222222222,9,8,CCTCAGAACACGATCGTTTA,1,3010144
ratA_yfjF_predicted,0.2222222222222222,9,8,CCGGTAAAACCGGCGAGTTA,1,3020790
ratA_yfjF_predicted,2.5555555555555554,30,8,CATGAACGTCACAATGTCGA,22,2995015
ratA_yfjF_predicted,0.3333333333333333,10,8,CATACTCGCTTATCGCAAGT,2,3018697
ratA_yfjF_predicted,3.888888888888889,42,8,CAGGAGTATAATAGGTATCC,34,3018424
ratA_yfjF_predicted,0.2222222222222222,9,8,CAGGAGCATAATGCGACATT,1,2998757
ratA_yfjF_predicted,4.555555555555555,48,8,CAGGACCTGGCTTGGTACGA,40,3009544
ratA_yfjF_predicted,4.888888888888889,51,8,ATCAGTGAGAAATGTACTCT,43,3010633
ratA_yfjF_predicted,1.4444444444444444,20,8,AGCCACGACTGGGGCCGTAT,12,2999299
ratA_yfjF_predicted,2.3333333333333335,28,8,ACGTTCATAGGTAGCGTCCA,20,2999542
ratA_yfjF_predicted,0.2222222222222222,9,8,AATTCGATTTGGCTCAGCCC,1,3003923
ratA_yfjF_predicted,0.2222222222222222,9,8,AATGTCTGGGTGAAACCTGG,1,3004811
ratA_yfjF_predicted,2.3333333333333335,28,8,AATCTTATGCTGTAGTACCC,20,3007040
ratA_yfjF_predicted,2.3333333333333335,28,8,AACCCGTGTTATTGCGCAAT,20,3017747
ratA_yfjF_predicted,14.555555555555555,138,8,AAATCAAGTAGCGTATATAA,130,2993441
ratA_yfjF_predicted,0.25,8,7,TTTTTCTCCTGTGGTCAGGG,1,3019560
ratA_yfjF_predicted,4.0,38,7,TTTGTTATTCTGCCCCTACG,31,3006135
ratA_yfjF_predicted,1.0,14,7,TTCGTACGGAATACCTTCAA,7,3001149
ratA_yfjF_predicted,2.875,29,7,TTCACAGCTGGGCCGTGAAC,22,2999907
ratA_yfjF_predicted,3.0,30,7,TTACTCGTGTTCCCGTTCCC,23,3007327
ratA_yfjF_predicted,0.25,8,7,TGTTGCGGAAGATATTTTAG,1,2996744
ratA_yfjF_predicted,3.375,33,7,TGGGCATTGCCGCGCCGGTG,26,2992650
ratA_yfjF_predicted,0.25,8,7,TGCGGTATTACATTAGCTCG,1,3012922
ratA_yfjF_predicted,0.25,8,7,TGCATATTTGATCTGAATAG,1,3020550
ratA_yfjF_predicted,4.5,42,7,TGCAGATAACGCATTTGGTG,35,3001770
ratA_yfjF_predicted,0.25,8,7,TGATCATTTTATACTTACAG,1,3011289
ratA_yfjF_predicted,6.875,61,7,TCTCGTCTTTAGCCGTGTCC,54,2992373
ratA_yfjF_predicted,1.625,19,7,TCTCAACGATGCCACTGGTA,12,3010514
ratA_yfjF_predicted,1.625,19,7,TCAGTACTCTCAAGCACGTG,12,3003802
ratA_yfjF_predicted,1.0,14,7,TATGGTATAGTCGGTAATTA,7,3006139
ratA_yfjF_predicted,2.75,28,7,TATGAGGTCTTGTCGATTTT,21,3019834
ratA_yfjF_predicted,4.375,41,7,GTGGCTCGTTAACAGTCCTA,34,3019464
ratA_yfjF_predicted,2.0,22,7,GTGCTAGGCGTCTTGTCCAT,15,3009479
ratA_yfjF_predicted,7.75,68,7,GTGATCAACGATGGTCATAG,61,3016072
ratA_yfjF_predicted,5.625,51,7,GGGGCTTGACTGGTTCGCCA,44,3015645
ratA_yfjF_predicted,6.0,54,7,GGGCGTTGCCGGGGAATGAC,47,2999766
ratA_yfjF_predicted,0.5,10,7,GGCGTCATTCGTCGGTCTTA,3,3003716
ratA_yfjF_predicted,1.125,15,7,GCTGTCAGATCACTGCAAAC,8,3007394
ratA_yfjF_predicted,3.0,30,7,GCGTGCTCTCACTCGTGGTC,23,3021154
ratA_yfjF_predicted,3.25,32,7,GCGTAGTCATGCGCACACGC,25,3000565
ratA_yfjF_predicted,1.0,14,7,GCGGTAAGCCCCTCGACAAA,7,3003307
ratA_yfjF_predicted,5.25,48,7,GCGGCGGTCGCTCCGACACT,41,3002334
ratA_yfjF_predicted,3.25,32,7,GCGAGCTATTCCGTCTACGG,25,2992205
ratA_yfjF_predicted,3.375,33,7,GCCCGCGCCGGGACCCAGTA,26,3021133
ratA_yfjF_predicted,3.25,32,7,GCCCAGAGTTTTATAATAAA,25,3010009
ratA_yfjF_predicted,3.125,31,7,GATGAAACCACCAATAGGAC,24,3002974
ratA_yfjF_predicted,0.25,8,7,CTTTCCCTCACCTCGTTACT,1,3007792
ratA_yfjF_predicted,0.25,8,7,CTCGTACGTACCAAGATGGA,1,3007203
ratA_yfjF_predicted,2.875,29,7,CTAGTTAACTCTTAGGCTAT,22,2998420
ratA_yfjF_predicted,2.375,25,7,CGTTTTGGTGCGCGGCCGTA,18,3004099
ratA_yfjF_predicted,2.75,28,7,CGGAGTGGGGTTAAAGCATA,21,2994426
ratA_yfjF_predicted,3.875,37,7,CCTGTTCGTACTTTGTGTTA,30,2997006
ratA_yfjF_predicted,3.375,33,7,CCTAGAACTCACCACATTGC,26,2997085
ratA_yfjF_predicted,3.375,33,7,CCGTGTACGGGAACTCCCTT,26,2992854
ratA_yfjF_predicted,2.125,23,7,CCGGTGGACTATGAGGTATA,16,2995109
ratA_yfjF_predicted,3.5,34,7,CCGGTGACCGCTTTCGTTGG,27,2993071
ratA_yfjF_predicted,3.0,30,7,CCGGTAGGCGTGATGAGAAC,23,2999406
ratA_yfjF_predicted,2.625,27,7,CCAACCCGGCGATCCGGGTT,20,3002261
ratA_yfjF_predicted,0.625,11,7,CATTCAGTGTTAATACGGAC,4,2993482
ratA_yfjF_predicted,3.25,32,7,CATATGTTAAGTATTAGTTC,25,3012587
ratA_yfjF_predicted,3.875,37,7,CATAGTAAGGGTCGTTAGAT,30,3012945
ratA_yfjF_predicted,1.25,16,7,CAGCACGACTCTCAAAACGG,9,3015192
ratA_yfjF_predicted,2.75,28,7,ATTTCACAAAACCATCAGAA,21,3017521
ratA_yfjF_predicted,2.25,24,7,ATTCTCCTTGGACTGCGGCT,17,3020642
ratA_yfjF_predicted,4.75,44,7,ATGTGAGCGTGTACCCCAAT,37,3021473
ratA_yfjF_predicted,2.875,29,7,ATGCGCCCCTCTAGTTACTC,22,2992041
ratA_yfjF_predicted,0.875,13,7,ATGATTGAGCGACAACGTAA,6,3010928
ratA_yfjF_predicted,0.75,12,7,ATGAGAGATGTTTTGCGGGG,5,3005564
ratA_yfjF_predicted,4.75,44,7,ATCCGTCTCTCTAGCTTAAC,37,3002417
ratA_yfjF_predicted,5.875,53,7,ATAGCAGTAGCCCATCCTTA,46,3003694
ratA_yfjF_predicted,0.5,10,7,AGTAATGTGTCAGAAAAGAT,3,3015346
ratA_yfjF_predicted,1.625,19,7,AGTAACAACCCCCCACTGAG,12,3009718
ratA_yfjF_predicted,2.25,24,7,AGCCGGGTATTCATATGACT,17,3010437
ratA_yfjF_predicted,2.0,22,7,AGCACTTCATGATATCCGGA,15,3010549
ratA_yfjF_predicted,4.5,42,7,AGAGGAGCGTAGATTGAATA,35,3003682
ratA_yfjF_predicted,4.5,42,7,AGAGACACGCCACGCTGAAT,35,2996801
ratA_yfjF_predicted,4.0,38,7,ACTTTCATATCCTTCAGGGT,31,3020446
ratA_yfjF_predicted,1.875,21,7,ACGATTGACAGCCGTGGGGG,14,3007491
ratA_yfjF_predicted,3.875,37,7,ACGATGGGCAACTATTGCTA,30,3020040
ratA_yfjF_predicted,0.75,12,7,ACCAAGACTACCATCACCGC,5,3018866
ratA_yfjF_predicted,3.625,35,7,ACACTATGCGTTGTGCAGGA,28,3021284
ratA_yfjF_predicted,2.875,29,7,AAGTGCGGCAAAACGCGGAC,22,3019347
ratA_yfjF_predicted,2.375,25,7,AAGCAGACACCCGGAGAGGC,18,3020504
ratA_yfjF_predicted,2.125,23,7,AACGGGGCTTAACTCTACAT,16,3010242
ratA_yfjF_predicted,3.857142857142857,32,6,TTTTTTCAGGGACGCAGTGA,26,2994697
ratA_yfjF_predicted,0.2857142857142857,7,6,TTTTAGGAGCATGAATAGTT,1,2991872
ratA_yfjF_predicted,4.285714285714286,35,6,TTTGCCTGCTTCAGGTACAG,29,2999667
ratA_yfjF_predicted,2.2857142857142856,21,6,TTTCGTCTTGCACACGGCAT,15,3002423
ratA_yfjF_predicted,4.714285714285714,38,6,TGTGCTGTGGTTAGACCCTT,32,2996150
ratA_yfjF_predicted,3.142857142857143,27,6,TGTCGAAAAACGCGCGCTTT,21,3009038
ratA_yfjF_predicted,4.428571428571429,36,6,TGGTGCCCACGGGGCAAATG,30,3006924
ratA_yfjF_predicted,0.2857142857142857,7,6,TGGCCTTGCCGATTGTCGTG,1,3000003
ratA_yfjF_predicted,0.2857142857142857,7,6,TGCGTGGTTATGCAGACGGT,1,3015878
ratA_yfjF_predicted,0.2857142857142857,7,6,TCTTATAATACAGGGAGTGG,1,3010842
ratA_yfjF_predicted,5.142857142857143,41,6,TCGGACCCGCGAGTGAATTA,35,3000276
ratA_yfjF_predicted,1.1428571428571428,13,6,TCATATGCGTTTCAGCTACA,7,3004898
ratA_yfjF_predicted,10.0,75,6,TAGACCATGACTGGTTCCAT,69,2998186
ratA_yfjF_predicted,0.2857142857142857,7,6,TAGAACCGATCCTACAACAC,1,2993767
ratA_yfjF_predicted,4.0,33,6,TACACAACGAAGTCCTACCT,27,2994226
ratA_yfjF_predicted,6.714285714285714,52,6,GTGTCCTGATCGTGTGTCCC,46,3012657
ratA_yfjF_predicted,0.2857142857142857,7,6,GTGACGACTCAACACAGGAC,1,3015787
ratA_yfjF_predicted,0.2857142857142857,7,6,GGGGCGGTTGGGAATCTGTT,1,3006953
ratA_yfjF_predicted,5.714285714285714,45,6,GGCACCAAAGCAGTCCAGAA,39,3005706
ratA_yfjF_predicted,6.714285714285714,52,6,GGCAAATTGATCGGTTTTCT,46,3006503
ratA_yfjF_predicted,0.7142857142857143,10,6,GGAGGCCGTTCGTTCAAGAG,4,3000508
ratA_yfjF_predicted,3.4285714285714284,29,6,GAGGCACTTTTGTCTCAGCT,23,3010892
ratA_yfjF_predicted,3.4285714285714284,29,6,CTTGTTGATAAAAGGACCTT,23,3002597
ratA_yfjF_predicted,4.428571428571429,36,6,CTGCTACCTTTCAGGATAAG,30,3020560
ratA_yfjF_predicted,0.2857142857142857,7,6,CTCTCGTTCGTGGAGGCTGG,1,3005182
ratA_yfjF_predicted,0.2857142857142857,7,6,CTCGGAGGCAGTAGAACTAT,1,3000866
ratA_yfjF_predicted,1.7142857142857142,17,6,CTCGCCTAAAGGCTTGTCAC,11,3002707
ratA_yfjF_predicted,1.4285714285714286,15,6,CTAGCCTACTCAGTTCCTCT,9,3007530
ratA_yfjF_predicted,3.142857142857143,27,6,CTACTCACGAAAGAGTAGTC,21,3005665
ratA_yfjF_predicted,0.2857142857142857,7,6,CTACCCTTGACGGGTTAGGA,1,2994654
ratA_yfjF_predicted,4.571428571428571,37,6,CTACACTTTCTTGAAGCGGG,31,3015893
ratA_yfjF_predicted,0.2857142857142857,7,6,CGTGTCCCAAATACCGTCAT,1,3005274
ratA_yfjF_predicted,6.0,47,6,CGTAAGCTGAACACGTTACC,41,3010155
ratA_yfjF_predicted,4.857142857142857,39,6,CGGTTGCGGTCAAAGCTGCA,33,3005571
ratA_yfjF_predicted,4.0,33,6,CGGGGAATGATTTTTTCAGG,27,3009367
ratA_yfjF_predicted,4.714285714285714,38,6,CGCGCAACGGTAGAGATAAT,32,3008390
ratA_yfjF_predicted,0.8571428571428571,11,6,CGATAGCCTGTTCACTCTCC,5,3007130
ratA_yfjF_predicted,0.2857142857142857,7,6,CGAGTGGGTGCGCGGACGGC,1,3012973
ratA_yfjF_predicted,0.2857142857142857,7,6,CCTTCTTTGCCGAGTGGGTG,1,3019858
ratA_yfjF_predicted,5.428571428571429,43,6,CCGCGAGTATGTGATTATCA,37,3018890
ratA_yfjF_predicted,3.857142857142857,32,6,CCGAAGCTGGTAGTCTACGC,26,3007294
ratA_yfjF_predicted,4.142857142857143,34,6,CCCCCACCATGTTTCGCTGA,28,3011216
ratA_yfjF_predicted,3.142857142857143,27,6,CAGTTCAACTACGACATGTG,21,3012608
ratA_yfjF_predicted,3.857142857142857,32,6,CAGTCCTGGCCTTGTAAGCC,26,2997229
ratA_yfjF_predicted,5.142857142857143,41,6,CAATACTTATCCCGCGTTTG,35,2994376
ratA_yfjF_predicted,0.7142857142857143,10,6,CAAAGCGGTGTATTTTTTTT,4,3011139
ratA_yfjF_predicted,0.2857142857142857,7,6,ATGAATCAACCTGCCTTGCT,1,3018288
ratA_yfjF_predicted,4.285714285714286,35,6,AGGACCTTGTTCTCCGCTAG,29,2996031
ratA_yfjF_predicted,0.42857142857142855,8,6,AGCGGCTATTGATGAAAAGG,2,3001215
ratA_yfjF_predicted,3.2857142857142856,28,6,ACTTAGTAGATTACAAGGTG,22,2998600
ratA_yfjF_predicted,3.2857142857142856,28,6,ACCGGGTATCCATCTCACCC,22,2992987
ratA_yfjF_predicted,2.857142857142857,25,6,ACCAGGCAAGCCAAATTTGT,19,2993688
ratA_yfjF_predicted,3.2857142857142856,28,6,ACAGCTCAGGTATGAACGTT,22,2992267
ratA_yfjF_predicted,0.2857142857142857,7,6,ACACCACTTTACTGTCGCAT,1,2996840
ratA_yfjF_predicted,29.428571428571427,211,6,AATACGTAAGAGATCTATAA,205,3018903
ratA_yfjF_predicted,0.2857142857142857,7,6,AACCGGTATTGCAAGTCATA,1,3003479
ratA_yfjF_predicted,6.142857142857143,48,6,AAATGAGACTTAACGTGACC,42,3005221
ratA_yfjF_predicted,4.0,28,5,TTTTTTCCACATTCCTATTG,23,3017288
ratA_yfjF_predicted,0.3333333333333333,6,5,TTTCACGTCAATGAACTCAG,1,2999129
ratA_yfjF_predicted,5.166666666666667,35,5,TTGTGCCGAGGTACTGCTTT,30,2999196
ratA_yfjF_predicted,13.0,82,5,TTGCTTCCCTCGTGTGTATC,77,3005195
ratA_yfjF_predicted,1.6666666666666667,14,5,TTATGGATTGGCATCGCGGT,9,2999584
ratA_yfjF_predicted,0.3333333333333333,6,5,TGTTAGGCCCTAACATAGTG,1,2994363
ratA_yfjF_predicted,2.5,19,5,TGGTAGGGGCGGCAGTAATT,14,2998272
ratA_yfjF_predicted,4.833333333333333,33,5,TGGTACGCCCCGTGAGCTAT,28,3006589
ratA_yfjF_predicted,6.833333333333333,45,5,TGCAATATTGGCAGCCTCCC,40,3021017
ratA_yfjF_predicted,11.833333333333334,75,5,TGATTAGGAGTGATGTCTGT,70,3005649
ratA_yfjF_predicted,3.0,22,5,TGAGCCCGGGTGTTGATGAA,17,3013352
ratA_yfjF_predicted,5.166666666666667,35,5,TCGTACTGATTGCCTGATCA,30,3000956
ratA_yfjF_predicted,0.3333333333333333,6,5,TCCCTAGATTTAATGGAAGA,1,2997422
ratA_yfjF_predicted,4.0,28,5,TATGGATAAGCCTTGGAAAT,23,3009413
ratA_yfjF_predicted,8.5,55,5,TAGTCGGTGCAGAAGCACAT,50,3005644
ratA_yfjF_predicted,4.0,28,5,TAGGAGGTTTTCGGACAATC,23,3014201
ratA_yfjF_predicted,6.0,40,5,TACCCGGGTTTTGAATGTAA,35,3014336
ratA_yfjF_predicted,0.3333333333333333,6,5,TACCCCGGGGACCCAGTAAA,1,3005204
ratA_yfjF_predicted,4.5,31,5,TACAGCCCGTGCGGGCGATC,26,3006439
ratA_yfjF_predicted,6.666666666666667,44,5,TAATCCTGGCGATGCAGCTG,39,3008325
ratA_yfjF_predicted,0.3333333333333333,6,5,TAAAGTGTCCGCTCAAGGGA,1,3011791
ratA_yfjF_predicted,0.3333333333333333,6,5,GTTGACATGCGAGGTAGCAT,1,3015881
ratA_yfjF_predicted,6.5,43,5,GTGTCGGAGTCACTGAAGAC,38,3011233
ratA_yfjF_predicted,0.3333333333333333,6,5,GTCCCATATAGGGGTACCTA,1,2993618
ratA_yfjF_predicted,6.666666666666667,44,5,GGTATCACGTTCAAGATAGG,39,3007451
ratA_yfjF_predicted,0.3333333333333333,6,5,GGGCCAGAAAACGAAATCCT,1,2995733
ratA_yfjF_predicted,0.3333333333333333,6,5,GGCTAGAGTCTGATTCACCT,1,2994881
ratA_yfjF_predicted,10.333333333333334,66,5,GCTGACGCCGCATATAGTGT,61,2997401
ratA_yfjF_predicted,2.6666666666666665,20,5,GCGTAGTAGTTATATTCTCG,15,3004915
ratA_yfjF_predicted,0.3333333333333333,6,5,GCGCAATCGGAGTTTTGTAA,1,3002129
ratA_yfjF_predicted,6.166666666666667,41,5,GCCCTTATCGTGTAGAGTAC,36,3015092
ratA_yfjF_predicted,20.833333333333332,129,5,GCCCTCGACGTGGTGCTCTA,124,2998220
ratA_yfjF_predicted,20.5,127,5,GCCCCATCTGGCGTGTAGAA,122,3020898
ratA_yfjF_predicted,3.1666666666666665,23,5,GCATGACCCCGATCAGATCT,18,2995260
ratA_yfjF_predicted,5.5,37,5,GCAATTAAACCCGATTGCAG,32,3003552
ratA_yfjF_predicted,7.5,49,5,GATGCCCGAATCCGGGAAAC,44,3021785
ratA_yfjF_predicted,5.666666666666667,38,5,GACGTATTGATTCACCCATT,33,3017950
ratA_yfjF_predicted,5.333333333333333,36,5,GACCAGAGTATCAGAACCGT,31,3017105
ratA_yfjF_predicted,0.3333333333333333,6,5,GACATCTTCAGCTAACCATC,1,2994957
ratA_yfjF_predicted,5.5,37,5,GACATCACCAACAAGTCTGA,32,3004002
ratA_yfjF_predicted,4.833333333333333,33,5,GAATATTGAGGCGATCGACC,28,3020737
ratA_yfjF_predicted,1.5,13,5,CTGGCTCCAGGCCGAGAAGT,8,3006516
ratA_yfjF_predicted,3.0,22,5,CTCGAATTTACAAACATGTT,17,3016614
ratA_yfjF_predicted,6.166666666666667,41,5,CTAGAACTGCACGACTCGGA,36,2999252
ratA_yfjF_predicted,3.5,25,5,CTAATGGTTGGTAGCTCAAC,20,3010565
ratA_yfjF_predicted,4.166666666666667,29,5,CGTCCCTAGTTGACGCCTTT,24,2992800
ratA_yfjF_predicted,6.166666666666667,41,5,CGTATTTTGATTGTTAACCC,36,2998476
ratA_yfjF_predicted,0.3333333333333333,6,5,CGGTGACAGACATACACGGA,1,3008067
ratA_yfjF_predicted,5.0,34,5,CGGATCATTATTTACACGGT,29,2991945
ratA_yfjF_predicted,0.3333333333333333,6,5,CGATGGACGGTCTACAGGCT,1,2992866
ratA_yfjF_predicted,4.833333333333333,33,5,CGATAGCGGCATCCTAGGCG,28,3001919
ratA_yfjF_predicted,7.333333333333333,48,5,CCTAGTGAAATTAATGTTTG,43,3007252
ratA_yfjF_predicted,0.3333333333333333,6,5,CCGCGGTCCCGTACTATCCA,1,3008186
ratA_yfjF_predicted,4.166666666666667,29,5,CCCGCGACCAAGGGTTTGGG,24,3003800
ratA_yfjF_predicted,0.6666666666666666,8,5,CCATTCGGGCGGCCTCCAGA,3,2997847
ratA_yfjF_predicted,0.3333333333333333,6,5,CCAGGGGACTCTAACCTACA,1,3013657
ratA_yfjF_predicted,2.1666666666666665,17,5,CATCGCCGTGGACTAAGTGT,12,3013791
ratA_yfjF_predicted,7.5,49,5,CAAGGTGAACAATCTATATG,44,3016658
ratA_yfjF_predicted,0.3333333333333333,6,5,CAACTGAGCAGCAACGTTGA,1,2997629
ratA_yfjF_predicted,0.3333333333333333,6,5,CAAAAAATAAATTACGTGAC,1,2992040
ratA_yfjF_predicted,0.3333333333333333,6,5,AGCGTGCGGGATAGGGCTTA,1,3014129
ratA_yfjF_predicted,4.833333333333333,33,5,AGCATTTATTAGCAGCGCAT,28,2997232
ratA_yfjF_predicted,1.1666666666666667,11,5,AGAGGTCTCGCAAATTTATA,6,3016541
ratA_yfjF_predicted,0.3333333333333333,6,5,ACGGTCCATCGACATAGACC,1,3007673
ratA_yfjF_predicted,9.0,58,5,ACGGCTCCTTCGTATATGTA,53,3000653
ratA_yfjF_predicted,2.8333333333333335,21,5,AATTTTCAATCTGGGCCTAC,16,3001415
ratA_yfjF_predicted,2.5,19,5,AATATCATTAAAGTTGCTTG,14,3010150
ratA_yfjF_predicted,5.5,37,5,AACTCGAATATCTCAGAGGG,32,2993133
ratA_yfjF_predicted,7.0,46,5,AAAACGACACTCTTATAGTA,41,2992882
ratA_yfjF_predicted,2.4,15,4,TTTATAACTCTTCATTTTAC,11,3014347
ratA_yfjF_predicted,1.2,9,4,TTTAACCTTCTGGAAGTAAG,5,3014418
ratA_yfjF_predicted,12.6,66,4,TTGCGTCGTTAGCACCATCT,62,3011076
ratA_yfjF_predicted,3.4,20,4,TTCGCCCAATGTAGTAAAGA,16,2999034
ratA_yfjF_predicted,2.8,17,4,TTCCGTTGCAGAAGGCAGCT,13,3020060
ratA_yfjF_predicted,0.4,5,4,TTAGAACGTGAGTGGCGTAA,1,3006042
ratA_yfjF_predicted,1.6,11,4,TGTGTAGTACTTGCTAGTTG,7,3016315
ratA_yfjF_predicted,0.4,5,4,TGTGCGAAGGGATCGTCAGA,1,2998343
ratA_yfjF_predicted,0.4,5,4,TGTGACACGGCTCATGGCAA,1,3000331
ratA_yfjF_predicted,0.6,6,4,TGCATGACAGAGACCACGGA,2,2997084
ratA_yfjF_predicted,0.4,5,4,TCTTTGCTTTAATACGCCTT,1,3020063
ratA_yfjF_predicted,0.4,5,4,TCTTTGATAGTCCTGTCCAG,1,3001641
ratA_yfjF_predicted,0.4,5,4,TCTTACTCAAGAACCGTGCC,1,3020364
ratA_yfjF_predicted,5.2,29,4,TCTGAGCTTGTTCCACCGAC,25,3014010
ratA_yfjF_predicted,0.4,5,4,TCGTCTATTTTCAAGAATTA,1,3009848
ratA_yfjF_predicted,6.2,34,4,TCCGCACTGTCATGCAACCT,30,2993011
ratA_yfjF_predicted,8.4,45,4,TCAGAAAAGTGCTGAGACCA,41,3006422
ratA_yfjF_predicted,0.4,5,4,TATGAAGCGGGTCACGCGGT,1,3011801
ratA_yfjF_predicted,8.0,43,4,TAATGTATTCCAATGAATAC,39,2998629
ratA_yfjF_predicted,0.4,5,4,TAACTTTCGCTATGTCATGA,1,2994286
ratA_yfjF_predicted,8.6,46,4,TAAAGCGAGCTCCATTATGC,42,3021206
ratA_yfjF_predicted,7.0,38,4,GTTCAGCGGCATAAGCGTGC,34,3015938
ratA_yfjF_predicted,4.4,25,4,GTGGATCGCTAAAGATAACA,21,3007250
ratA_yfjF_predicted,0.4,5,4,GTGACGGGGAGGCGTCGCTA,1,3009044
ratA_yfjF_predicted,0.4,5,4,GTATCCAGTTAGTATGTACC,1,2997105
ratA_yfjF_predicted,11.8,62,4,GTAGATGGTTAATGTGACAC,58,3016458
ratA_yfjF_predicted,9.0,48,4,GGTTTGCGGAGCGATTAGTA,44,3010739
ratA_yfjF_predicted,3.8,22,4,GGTCGCCGCCGGGTGCAACT,18,3018302
ratA_yfjF_predicted,1.6,11,4,GGAAGGCGGCCTTCCACTAG,7,3008551
ratA_yfjF_predicted,0.8,7,4,GCCGTAGCACCTCATTACTC,3,3017363
ratA_yfjF_predicted,5.2,29,4,GCCCCAGAATGAGACAATAA,25,3007350
ratA_yfjF_predicted,7.2,39,4,GATCGGGGGGTCCTATACTC,35,2995869
ratA_yfjF_predicted,6.8,37,4,GATATTGATGAACTGGACCC,33,3010974
ratA_yfjF_predicted,0.4,5,4,GAAATTGGCGCCTGTATCGT,1,2992194
ratA_yfjF_predicted,6.0,33,4,CTGTGGCGGGCCGATGCCAC,29,3018319
ratA_yfjF_predicted,5.8,32,4,CTCTTTAAGGGCTCCTAACA,28,3016944
ratA_yfjF_predicted,14.4,75,4,CTCCATACAGAATGCGTCCG,71,3015337
ratA_yfjF_predicted,10.4,55,4,CTAGTGCTCTGTCACAACCT,51,3003549
ratA_yfjF_predicted,0.8,7,4,CGTTTAGCGTGCAACATGCA,3,3019373
ratA_yfjF_predicted,4.2,24,4,CGTTTAATGTCGGATCCCTG,20,2993446
ratA_yfjF_predicted,0.4,5,4,CGTCCTTAAATCCTTGGACG,1,2997621
ratA_yfjF_predicted,0.4,5,4,CGGTTACAGGCTAACGCGAC,1,3010794
ratA_yfjF_predicted,3.0,18,4,CGGTCGTGTTAGGTTTCTAT,14,3019380
ratA_yfjF_predicted,0.4,5,4,CGGCGATTTCTATGAGCTCA,1,3017414
ratA_yfjF_predicted,2.4,15,4,CGCCATTACTCTAATTGTTG,11,3013523
ratA_yfjF_predicted,5.2,29,4,CGATGGCACAGGCCGAGCTC,25,3014589
ratA_yfjF_predicted,0.4,5,4,CCGTTTTCCCCGTTGCTCCC,1,3014628
ratA_yfjF_predicted,9.4,50,4,CCGGGGCCGGAACACACGAC,46,3008875
ratA_yfjF_predicted,5.0,28,4,CCGCTAACCCAGCCAGTATC,24,3018196
ratA_yfjF_predicted,0.4,5,4,CCGAGTAGATCCCCTCTTTT,1,2997328
ratA_yfjF_predicted,3.8,22,4,CCCTACTATGGGGATATGAA,18,2998194
ratA_yfjF_predicted,3.0,18,4,CCAATGATGACTTTGTATTC,14,3003546
ratA_yfjF_predicted,4.6,26,4,CAAGGTAGGATTCGTCAATG,22,3009710
ratA_yfjF_predicted,0.4,5,4,ATTTATGCAAGGGGCTTAAC,1,3013002
ratA_yfjF_predicted,0.4,5,4,ATTCAGTTAGAGGAGAGGTT,1,3021332
ratA_yfjF_predicted,6.8,37,4,ATGTGTCACCCAGCTCCGCA,33,3020753
ratA_yfjF_predicted,2.6,16,4,ATGGGTGCTCTGGAGGGCTT,12,3014537
ratA_yfjF_predicted,5.0,28,4,ATGGGGAGAATAGCATAGGC,24,3005909
ratA_yfjF_predicted,0.4,5,4,ATGGGAATGCGCATGATTGG,1,3003223
ratA_yfjF_predicted,7.0,38,4,ATGCCGTAAGGCCTCAATAA,34,3006074
ratA_yfjF_predicted,12.4,65,4,ATGAATGCATTAATAACGAG,61,2996079
ratA_yfjF_predicted,0.4,5,4,ATCTCCCAGGATCAGTTCCG,1,2992438
ratA_yfjF_predicted,4.4,25,4,ATAGTTAATCTGCCCAAACT,21,2998316
ratA_yfjF_predicted,2.0,13,4,AGGTAAAAATGGACATATAT,9,2996940
ratA_yfjF_predicted,12.4,65,4,AGCGGCACTTTATAAAGGAA,61,3000301
ratA_yfjF_predicted,12.2,64,4,ACCCCTCACTTATAACCCAA,60,3018545
ratA_yfjF_predicted,5.4,30,4,ACCACCCGAAGGATCTGCCT,26,3004890
ratA_yfjF_predicted,2.2,14,4,AATCGGGCGGGCCTCTCCAC,10,3006918
ratA_yfjF_predicted,5.0,28,4,AATACATAAGCGTCTCAGCT,24,3018143
ratA_yfjF_predicted,5.6,31,4,AAGTAGCATTTCAAATTTTC,27,3009954
ratA_yfjF_predicted,6.2,34,4,AAGCTCATTGCGCATCTTAG,30,3018664
ratA_yfjF_predicted,4.8,27,4,AAGATATATTCCATAGCATA,23,3002926
ratA_yfjF_predicted,5.2,29,4,AAATTGGACGCCCATCGGCA,25,3017392
ratA_yfjF_predicted,5.25,23,3,TTGACGGGCGCAGGCGGCGT,20,3020226
ratA_yfjF_predicted,6.5,28,3,TTCTTGCTCGGTTCTGTATC,25,3008726
ratA_yfjF_predicted,0.5,4,3,TTCGGCCCTACTGAATTGCT,1,3016912
ratA_yfjF_predicted,14.0,58,3,TTCGGCAGACATCATAAAGA,55,3000920
ratA_yfjF_predicted,5.0,22,3,TTAGGGCCGCCGTCGAGCTA,19,3011067
ratA_yfjF_predicted,4.0,18,3,TGTGATATAGCGCTACCTAA,15,3007277
ratA_yfjF_predicted,5.0,22,3,TGTACTCGTATGAGTAGCTA,19,3011659
ratA_yfjF_predicted,0.5,4,3,TGCGGCCGAGGAGGCAGAAT,1,3019117
ratA_yfjF_predicted,5.5,24,3,TGACCAATATTGAGGGCAGA,21,3001406
ratA_yfjF_predicted,4.0,18,3,TGACACGGCGCCTCAGATCG,15,3002942
ratA_yfjF_predicted,2.0,10,3,TCGACCACTCTGGTCATATA,7,3002479
ratA_yfjF_predicted,7.75,33,3,TCCATAAGTTCAGCAGATTA,30,2994719
ratA_yfjF_predicted,7.5,32,3,TCACAACGTCGGGTGTTCGT,29,3010313
ratA_yfjF_predicted,2.75,13,3,TCACAACAATGACCCTCAGC,10,2996153
ratA_yfjF_predicted,0.5,4,3,TATCAGTAGTAAGTCGCTCG,1,3020909
ratA_yfjF_predicted,2.5,12,3,TATCAAGCCCTTTCCAGTTC,9,3003011
ratA_yfjF_predicted,22.5,92,3,TATATGACGGTGTTGTTCCT,89,3012864
ratA_yfjF_predicted,3.0,14,3,TAACATAACTTCCCTCCAGC,11,2999191
ratA_yfjF_predicted,7.0,30,3,GTTGCGCTAGGTGTAGCCTG,27,3018447
ratA_yfjF_predicted,0.5,4,3,GTGCATGGGACTTCCAGACG,1,3010558
ratA_yfjF_predicted,6.25,27,3,GTCAGTTTTGGCATTGAAAT,24,2997122
ratA_yfjF_predicted,0.5,4,3,GGTTTCGGTCGGGAGGTGAG,1,3002273
ratA_yfjF_predicted,1.0,6,3,GGTTTCACCGATCTTCATCT,3,2998672
ratA_yfjF_predicted,8.25,35,3,GGTGTCTCAATGCTATTGCC,32,3008879
ratA_yfjF_predicted,6.5,28,3,GGCGCTAGTATTTCTTCCGA,25,3013075
ratA_yfjF_predicted,1.75,9,3,GGCAGGGCGGGTTCGAATGG,6,2995196
ratA_yfjF_predicted,0.5,4,3,GCTTGTTTATTATATTCTAT,1,3011955
ratA_yfjF_predicted,7.0,30,3,GCTAAGCAGAAACCATTGTT,27,3015163
ratA_yfjF_predicted,3.25,15,3,GCGCCGCTGAATTCCATATT,12,3002994
ratA_yfjF_predicted,8.5,36,3,GCGATGTAACTGAGGTACGG,33,3018698
ratA_yfjF_predicted,8.5,36,3,GAGAGGCCTGGCGTTTCACC,33,3019234
ratA_yfjF_predicted,7.25,31,3,GACTTCGATGTCTACTTCGG,28,3003922
ratA_yfjF_predicted,9.75,41,3,GACGAGCTGGGCCTTAGGTC,38,3013879
ratA_yfjF_predicted,6.0,26,3,GACCGGGGGCCTAGCCGAAC,23,3005554
ratA_yfjF_predicted,8.0,34,3,CTGTAAGCAGGATCTAAGTT,31,2996878
ratA_yfjF_predicted,4.75,21,3,CTGGGGAGGACAGTCGTATA,18,3019301
ratA_yfjF_predicted,6.0,26,3,CTACACAGCGGCCTGCGCGG,23,2994696
ratA_yfjF_predicted,6.25,27,3,CGGAGGTGCCATTCCGAAAA,24,3013153
ratA_yfjF_predicted,6.25,27,3,CGCGACACGGGGGTTGATTG,24,3007075
ratA_yfjF_predicted,19.0,78,3,CGATTGGACGCCTGACGTAA,75,3020728
ratA_yfjF_predicted,4.25,19,3,CGAGTGCCTTGTGTCAGTCC,16,3013492
ratA_yfjF_predicted,0.5,4,3,CGAGAAGCCTTCGTTAGATG,1,3015380
ratA_yfjF_predicted,9.0,38,3,CCTGAGCCATCCCCTGCTGT,35,2994357
ratA_yfjF_predicted,10.5,44,3,CCTACAGATAAACCCTTCAA,41,3011945
ratA_yfjF_predicted,16.0,66,3,CCATCTGGTAACCCTTCCAA,63,2992125
ratA_yfjF_predicted,8.75,37,3,CATTCGCAGGGGATCACTCA,34,2999854
ratA_yfjF_predicted,0.5,4,3,CATGTGGCTAGATGCGGTCT,1,3019325
ratA_yfjF_predicted,2.25,11,3,CATGCCTTCCTGCCAGGAGG,8,3017022
ratA_yfjF_predicted,7.5,32,3,CATCTGCTGTAAATTAAGTG,29,3011441
ratA_yfjF_predicted,1.75,9,3,CATACGATATTGCTGATTTG,6,3005654
ratA_yfjF_predicted,14.25,59,3,CAGATTAACCGAAGGCTAAA,56,2995534
ratA_yfjF_predicted,0.5,4,3,CAATCTATTAGTGCGCTATA,1,3004511
ratA_yfjF_predicted,7.0,30,3,CAAGCCAGTCACCTACGGAG,27,3003034
ratA_yfjF_predicted,1.0,6,3,ATTATTGCGAGCTTTCCTGA,3,2995927
ratA_yfjF_predicted,11.75,49,3,ATGTCCGTTTTATATCCATT,46,2994151
ratA_yfjF_predicted,11.0,46,3,ATGCGGCTTTTCCAGGCTCA,43,3004740
ratA_yfjF_predicted,0.5,4,3,ATGCCCTTGTCCTGCATTGG,1,3004464
ratA_yfjF_predicted,4.0,18,3,ATCTGCAGTACAGGGGTTAA,15,3021160
ratA_yfjF_predicted,3.5,16,3,ATATATACCCACGGGACAAA,13,3009664
ratA_yfjF_predicted,0.5,4,3,AGGCTTAGACCCTTATGGCG,1,2992179
ratA_yfjF_predicted,0.5,4,3,AGATGTGTGCACGGTGCCAA,1,3011975
ratA_yfjF_predicted,6.75,29,3,ACTATGGGCAGATTCAGCAT,26,3000067
ratA_yfjF_predicted,6.0,26,3,ACGAAGTAGGTTATCCTATT,23,3019348
ratA_yfjF_predicted,0.5,4,3,AATGCAGGAGGAGGAGAGAA,1,3005517
ratA_yfjF_predicted,3.75,17,3,AACTTTAAGTAGAAATTAGT,14,3011998
ratA_yfjF_predicted,3.75,17,3,AACGGCATGGGATATTCGAT,14,3003784
ratA_yfjF_predicted,7.5,32,3,AACGGAGAAGGGTAGAGTTT,29,3017616
ratA_yfjF_predicted,16.0,66,3,AAAGCAAACGCCATCTTGAT,63,3019102
ratA_yfjF_predicted,16.0,49,2,TTTCCAACCGATGAGTCGTA,47,3003674
ratA_yfjF_predicted,15.0,46,2,TTGTGGACGATATCACGGAG,44,3006216
ratA_yfjF_predicted,9.333333333333334,29,2,TTGATCTACCGATGGGGAGA,27,3021196
ratA_yfjF_predicted,0.6666666666666666,3,2,TTCCGTTCCTTCCCACCCAC,1,3020752
ratA_yfjF_predicted,0.6666666666666666,3,2,TTAATAATGATTTGGCCGTC,1,3007518
ratA_yfjF_predicted,10.0,31,2,TGTCAATTATACAGCGTATA,29,3004772
ratA_yfjF_predicted,8.666666666666666,27,2,TCTTGAGAAGAGCACCCTTG,25,3017840
ratA_yfjF_predicted,0.6666666666666666,3,2,TCCCTATCCAGACGACGTCA,1,3007950
ratA_yfjF_predicted,10.0,31,2,TATTGCCGTGTCGAGAAGAC,29,3007070
ratA_yfjF_predicted,8.666666666666666,27,2,TATTAAATACAATCAGAAAA,25,3002950
ratA_yfjF_predicted,10.666666666666666,33,2,TATATAGCTGTGGTGTCGCA,31,2998873
ratA_yfjF_predicted,2.6666666666666665,9,2,TATACCTGTGCAATCCTCCT,7,2993567
ratA_yfjF_predicted,7.666666666666667,24,2,TACATTTTTGAACAACGGTC,22,3016971
ratA_yfjF_predicted,3.0,10,2,TAAGTCAATAGCGGCATATC,8,3001435
ratA_yfjF_predicted,6.666666666666667,21,2,TAAGCAGTACTCAACCAACG,19,2992533
ratA_yfjF_predicted,4.333333333333333,14,2,TAACACTCCCTTTGACGTTC,12,3007684
ratA_yfjF_predicted,0.6666666666666666,3,2,GTTCTACATCCGTTTCGTCG,1,3020622
ratA_yfjF_predicted,8.666666666666666,27,2,GTTCATCGCGCATCGCCCTT,25,3002586
ratA_yfjF_predicted,17.666666666666668,54,2,GTGGTGAATGTCTAGACTAT,52,2998806
ratA_yfjF_predicted,8.333333333333334,26,2,GTCCGGCCTCCAGCATGTTG,24,2995372
ratA_yfjF_predicted,5.333333333333333,17,2,GTCATTCATACCTGCCACGG,15,3020079
ratA_yfjF_predicted,0.6666666666666666,3,2,GTACTGGCTTGTCCTGGTCA,1,2993114
ratA_yfjF_predicted,7.666666666666667,24,2,GTAAATATCACCGTTCAGAG,22,3014937
ratA_yfjF_predicted,11.666666666666666,36,2,GGGAGCTCGAAGGAGGCTCT,34,3008392
ratA_yfjF_predicted,2.3333333333333335,8,2,GGAGCTATAAGTTTTGTTCT,6,3017640
ratA_yfjF_predicted,24.333333333333332,74,2,GCGTGTTGATGTATTCGCTC,72,3015084
ratA_yfjF_predicted,10.666666666666666,33,2,GCGAGTTCTCTAAACCAGCA,31,3009342
ratA_yfjF_predicted,5.0,16,2,GCCGAGGTCGTAGCCATTGG,14,3000210
ratA_yfjF_predicted,10.0,31,2,GCCCCCGTTGACGGATGGGG,29,3006965
ratA_yfjF_predicted,2.3333333333333335,8,2,GCCCACATACTAAGGACCTA,6,3016232
ratA_yfjF_predicted,0.6666666666666666,3,2,GCAGTAAGCCGGAGCGGCCC,1,3005060
ratA_yfjF_predicted,8.0,25,2,GCAGGTACGCGTACGGAGCT,23,2999881
ratA_yfjF_predicted,1.3333333333333333,5,2,GCAATCGCATAGCCCTTATC,3,2993451
ratA_yfjF_predicted,5.0,16,2,GATTTCGACGGGCACTTTTG,14,3011160
ratA_yfjF_predicted,8.666666666666666,27,2,GATCCCCTAATCGCAGCCAG,25,3000562
ratA_yfjF_predicted,7.666666666666667,24,2,GATACGGGCCTGTTCTGGTT,22,3012072
ratA_yfjF_predicted,12.666666666666666,39,2,GAGACCAGGTCCCGCAGGTG,37,2996364
ratA_yfjF_predicted,13.0,40,2,GACTGTAGGATATCTGGTCC,38,2995138
ratA_yfjF_predicted,16.0,49,2,CTGTGTGTAGCGTATATCCA,47,3010247
ratA_yfjF_predicted,10.666666666666666,33,2,CTGGAGGTCGGTATAAAATT,31,3018911
ratA_yfjF_predicted,0.6666666666666666,3,2,CTCACTCCCCTCTCAGTGGT,1,3005005
ratA_yfjF_predicted,3.0,10,2,CGTTTCCTTCTCGCCTGTCG,8,3017130
ratA_yfjF_predicted,1.0,4,2,CGGGTTTGCCCCGCAACCGT,2,3021647
ratA_yfjF_predicted,19.0,58,2,CGGACTTCGGTTTCATAAGC,56,3012734
ratA_yfjF_predicted,29.0,88,2,CGCTTAAACCGTACTGCTGA,86,3011754
ratA_yfjF_predicted,5.0,16,2,CGCCGCGGTCGCACAGTGGA,14,3010105
ratA_yfjF_predicted,7.666666666666667,24,2,CGACACGTAGTGGATCTATG,22,2992197
ratA_yfjF_predicted,12.666666666666666,39,2,CGAACAGCCACTCCTCGGTT,37,3021073
ratA_yfjF_predicted,0.6666666666666666,3,2,CCTTGCTCGGAGTCAAAGTT,1,2999477
ratA_yfjF_predicted,8.0,25,2,CCTACTGGCCACAAGGGCTG,23,3009117
ratA_yfjF_predicted,6.333333333333333,20,2,CCAGCATGTTTGCTTCGCTA,18,3004999
ratA_yfjF_predicted,5.0,16,2,CATGCCACACGAGGGGGTCG,14,3016943
ratA_yfjF_predicted,4.333333333333333,14,2,CATACGGGACTTTGTGGGCT,12,3006304
ratA_yfjF_predicted,10.333333333333334,32,2,CAGTAGGGATCCATAGTGAT,30,3019447
ratA_yfjF_predicted,1.0,4,2,CACTTAACTACAAACTCTTC,2,3007584
ratA_yfjF_predicted,11.0,34,2,ATTTCAAATGCTTGGGGCGT,32,3019972
ratA_yfjF_predicted,13.666666666666666,42,2,ATGTGGTGCGTCGGGGTCCG,40,2994641
ratA_yfjF_predicted,1.3333333333333333,5,2,ATGTAAGTGTGTCCTACTAA,3,3017596
ratA_yfjF_predicted,22.333333333333332,68,2,ATCAAACCTCGGCACTTTCT,66,2996123
ratA_yfjF_predicted,1.0,4,2,AGTTAGAGTAGTGGCATTAT,2,3020342
ratA_yfjF_predicted,0.6666666666666666,3,2,AGTGGTACAACATCAAGACT,1,3005273
ratA_yfjF_predicted,12.333333333333334,38,2,AGTCCGGGCTCTCAGTGACC,36,3003524
ratA_yfjF_predicted,10.666666666666666,33,2,AGCTGGATAGCCTCGAAATC,31,3009496
ratA_yfjF_predicted,14.0,43,2,AGCCATAACGCGATTCGTCG,41,3012149
ratA_yfjF_predicted,0.6666666666666666,3,2,AGATAATTTTTGTCGTATCC,1,3000998
ratA_yfjF_predicted,6.333333333333333,20,2,ACTATATACGCCAGTCAGTG,18,2999427
ratA_yfjF_predicted,9.333333333333334,29,2,ACGGGGTAAGTTCGCCCTCG,27,2995343
ratA_yfjF_predicted,10.0,31,2,ACGACCCTTTATGGTGAGGG,29,3008306
ratA_yfjF_predicted,31.666666666666668,96,2,ACCATATAAAATGATCTTAA,94,3020362
ratA_yfjF_predicted,12.333333333333334,38,2,AATTAATTGAGCTAATTATG,36,2995262
ratA_yfjF_predicted,17.0,52,2,AAGACCTATTAATACCTGCC,50,3005169
ratA_yfjF_predicted,10.0,31,2,AACGAGTCCACAACCGACTG,29,3002793
ratA_yfjF_predicted,14.333333333333334,44,2,AACAAGCTCCGTGGGCGGCT,42,2992034
ratA_yfjF_predicted,8.0,16,1,TTTGCATACCTTTTCGGAAT,15,3004775
ratA_yfjF_predicted,9.5,19,1,TTTAGCGTGGGCCATGAATA,18,3009550
ratA_yfjF_predicted,15.0,30,1,TTGTGTACTACGATATAACT,29,3009303
ratA_yfjF_predicted,1.0,2,1,TTGGGCGAACTCGTAGATCA,1,3011710
ratA_yfjF_predicted,1.0,2,1,TTGCTCATAAGTGAACAATG,1,2999119
ratA_yfjF_predicted,11.0,22,1,TTGCACACGGCTATATTTTC,21,2995013
ratA_yfjF_predicted,20.0,40,1,TTGATCGGAAGATTTGTATA,39,3014430
ratA_yfjF_predicted,53.5,107,1,TTCTGTGTGTTTATGCCTGA,106,3006258
ratA_yfjF_predicted,11.5,23,1,TGTATTTTGTATGCAAAGAT,22,2996493
ratA_yfjF_predicted,72.0,144,1,TGGTTATATCTCCCGAAGGC,143,3017109
ratA_yfjF_predicted,9.5,19,1,TGGTGCTACCCCCACGTTCA,18,3019927
ratA_yfjF_predicted,20.5,41,1,TGGACGAGACTATTATCCTT,40,3008200
ratA_yfjF_predicted,1.0,2,1,TGAGAGGACGGCGACACGTC,1,3002093
ratA_yfjF_predicted,1.5,3,1,TCTGGTTGGCTTGCGATGTG,2,3012475
ratA_yfjF_predicted,13.0,26,1,TCTAGAGGAACGAGTAAAAT,25,3010474
ratA_yfjF_predicted,1.0,2,1,TCACACGGCCGATACTCACC,1,2993946
ratA_yfjF_predicted,12.5,25,1,TATAACGAAGTAACCGCACT,24,3009111
ratA_yfjF_predicted,6.0,12,1,TAGGGCGAACGACTTAATCT,11,3005614
ratA_yfjF_predicted,13.5,27,1,TAGCTTGACTTAACTATAAT,26,3018301
ratA_yfjF_predicted,14.5,29,1,TAGAGAACGTGAGTCGCCAA,28,3019406
ratA_yfjF_predicted,2.0,4,1,TAAGCGCACGTTCACACGTA,3,3019407
ratA_yfjF_predicted,23.0,46,1,TAAAAATTTGATATGGGTTA,45,3018164
ratA_yfjF_predicted,18.0,36,1,GTCTCGTCAGATGCCGTAAC,35,3002365
ratA_yfjF_predicted,2.5,5,1,GTCAGGTGCCTCAGGTTGTG,4,3019158
ratA_yfjF_predicted,9.0,18,1,GTCAGAGCAGGGCGGTGCCT,17,2993859
ratA_yfjF_predicted,1.0,2,1,GTCAGACTCTTTGGCGCTTG,1,2991776
ratA_yfjF_predicted,24.0,48,1,GGTTGTGACTACTACCCGAG,47,3013196
ratA_yfjF_predicted,4.5,9,1,GGGTGGCACCGTACGAATCT,8,3003146
ratA_yfjF_predicted,12.5,25,1,GGCGTCCGCAGGCGCATTCC,24,3016168
ratA_yfjF_predicted,21.0,42,1,GGCCGGTAAAGGAAACGGTT,41,3012888
ratA_yfjF_predicted,23.0,46,1,GGCATGGCTTGGAGGCATGT,45,3014429
ratA_yfjF_predicted,19.0,38,1,GGAGGGAATTATACCGCCAG,37,3017642
ratA_yfjF_predicted,1.0,2,1,GGACGGCCCCCATACAAACA,1,3021202
ratA_yfjF_predicted,7.5,15,1,GCTGCGACATGAATCTCACT,14,3006085
ratA_yfjF_predicted,26.5,53,1,GCGCTCCCGCGATTTCTGAT,52,3008346
ratA_yfjF_predicted,19.5,39,1,GCGCCTATCCGCCGGTTACG,38,3016570
ratA_yfjF_predicted,22.5,45,1,GATTTGGCAAAGCCTCTGCA,44,3012345
ratA_yfjF_predicted,3.5,7,1,GATGGTGGTCTCGGCATTGT,6,3001682
ratA_yfjF_predicted,2.0,4,1,GACCTTTGGAACGGGGAGGT,3,3014717
ratA_yfjF_predicted,6.0,12,1,CTTTCAGCTAATCGATATAC,11,2999517
ratA_yfjF_predicted,12.5,25,1,CTTCGGCGGCAGGAAGTGTG,24,3021679
ratA_yfjF_predicted,19.0,38,1,CTTCGACGCGAGGGATAAGG,37,2999509
ratA_yfjF_predicted,11.0,22,1,CTGGTTTCCCGTCGAGACCG,21,2997202
ratA_yfjF_predicted,1.5,3,1,CTCTTCATGAGCTGGTCGAG,2,3010797
ratA_yfjF_predicted,1.0,2,1,CTAGGCTATAATCAATGAGT,1,2999297
ratA_yfjF_predicted,10.0,20,1,CGTTGAGTCGTGCACGAGCC,19,3018430
ratA_yfjF_predicted,19.5,39,1,CGATAACCCCAGACTCCTAA,38,3011075
ratA_yfjF_predicted,19.5,39,1,CGAGGTGTCACAGGCTCAAT,38,3007575
ratA_yfjF_predicted,11.5,23,1,CGAGAAGAATATTCTAGGAC,22,3010205
ratA_yfjF_predicted,10.5,21,1,CCTTGCAACCAACAGAGTCA,20,3009110
ratA_yfjF_predicted,3.5,7,1,CCGCGACCAGGTTCACTGTT,6,3006037
ratA_yfjF_predicted,1.0,2,1,CCAAATTCATGCGCAGTCTT,1,2997650
ratA_yfjF_predicted,15.0,30,1,CATGTATACACGTCCCACCT,29,3010097
ratA_yfjF_predicted,16.0,32,1,CAGTGCCTGATCATTAGTGC,31,3001350
ratA_yfjF_predicted,1.0,2,1,CACGTAGGTTCTCTCATGAA,1,3009074
ratA_yfjF_predicted,1.0,2,1,CACGAATCGGGCGTGTAAAC,1,3018260
ratA_yfjF_predicted,1.0,2,1,ATTCTTAAATGTTGATTGAC,1,3002130
ratA_yfjF_predicted,13.5,27,1,ATGTACCCTTGTCGTGCCAT,26,3003940
ratA_yfjF_predicted,24.5,49,1,ATATTAAACCAACTGCTGAG,48,3006758
ratA_yfjF_predicted,18.0,36,1,ATAGCGGCTGCGGTAGCTCA,35,3021368
ratA_yfjF_predicted,24.5,49,1,AGTTTCACCGCCCACAGGAA,48,2997933
ratA_yfjF_predicted,13.0,26,1,AGTAGCGTAAACTGCTGGCC,25,3014535
ratA_yfjF_predicted,35.0,70,1,AGGGCCATCGTGCAGCCTTC,69,2999368
ratA_yfjF_predicted,1.0,2,1,AGGATCATTCTAAGGCGCCA,1,2994605
ratA_yfjF_predicted,8.0,16,1,AGGAGCAACCACAGCAAGGG,15,3018418
ratA_yfjF_predicted,36.5,73,1,AGATCAACCGGCGGCTGAGC,72,3012267
ratA_yfjF_predicted,1.0,2,1,ACGCGTTAGCTGTCCACATT,1,3000804
ratA_yfjF_predicted,18.0,36,1,ACGCAGGGGGCCTGAACCAG,35,3015433
ratA_yfjF_predicted,5.5,11,1,ACCGCCAACCAATCAGGTTA,10,2993953
ratA_yfjF_predicted,13.0,26,1,ACCCCGTAAGCAAGCGATCC,25,2996668
ratA_yfjF_predicted,39.0,78,1,ACCACAATAAACCTCGTACA,77,2999385
ratA_yfjF_predicted,1.0,2,1,AATGTAAACTTGGTAGGCCA,1,3014639
ratA_yfjF_predicted,21.5,43,1,AAGCCTCGGTTGCTGCATTA,42,3021633
ratA_yfjF_predicted,1.5,3,1,AAACAACCCATGTTATGGCT,2,3008064
ratA_yfjF_predicted,0.011904761904761904,83,83,GGACAATTGATCCTAAGCGA,0,2999128
ratA_yfjF_predicted,0.013513513513513514,73,73,GGCTCATCACACATATCGCT,0,2991982
ratA_yfjF_predicted,0.016129032258064516,61,61,CGTGTAGGTCAACATCTTAA,0,3003379
ratA_yfjF_predicted,0.016129032258064516,61,61,ACGAGGGCTTCTTCACCACG,0,2992689
ratA_yfjF_predicted,0.01639344262295082,60,60,TCGTGGTACCAGTCATCCAT,0,3002060
ratA_yfjF_predicted,0.01694915254237288,58,58,GGTTTCGTTAAATATGTTCA,0,2992702
ratA_yfjF_predicted,0.01694915254237288,58,58,AGATCGTATAATATCTCGAT,0,2995564
ratA_yfjF_predicted,0.017241379310344827,57,57,CAAATGGCCCCACCGAGGCA,0,2998237
ratA_yfjF_predicted,0.017543859649122806,56,56,CTGTCTAGTCGAGGGGAAAA,0,2992960
ratA_yfjF_predicted,0.017857142857142856,55,55,ATGACAGCCCGAGCATTCAA,0,3007233
ratA_yfjF_predicted,0.01818181818181818,54,54,TGATTCACCGTCATGCAGCT,0,2997512
ratA_yfjF_predicted,0.018518518518518517,53,53,TCCGGCTCCCCTGAGATTGA,0,2997299
ratA_yfjF_predicted,0.018518518518518517,53,53,CGAAGGCCAAGGCAAGAATT,0,3004719
ratA_yfjF_predicted,0.018518518518518517,53,53,CCGATAAAGGTAGCCCAATT,0,2994387
ratA_yfjF_predicted,0.018867924528301886,52,52,CCTGTGTACTGTCAGGAGGG,0,2995164
ratA_yfjF_predicted,0.019230769230769232,51,51,TAGCCAGCAACAGAATAGAT,0,3013188
ratA_yfjF_predicted,0.019230769230769232,51,51,GAGTGCCACGGGTCTGGTCC,0,3012417
ratA_yfjF_predicted,0.019230769230769232,51,51,CAACGTGCGGCTTCTGAACT,0,3011133
ratA_yfjF_predicted,0.02,49,49,CTGGGTTTGAGCATGTCTTA,0,2992349
ratA_yfjF_predicted,0.02040816326530612,48,48,AAACACAGAAGGGATGCCCT,0,3011109
ratA_yfjF_predicted,0.020833333333333332,47,47,TTCCTATTGATAGACAGTCA,0,2997630
ratA_yfjF_predicted,0.020833333333333332,47,47,GAATGTCGGGCTCGTTGACA,0,3011108
ratA_yfjF_predicted,0.020833333333333332,47,47,CATCACGATGCCAGGTGAAC,0,3009685
ratA_yfjF_predicted,0.020833333333333332,47,47,AGACAAGGCTACCCGTTCGA,0,2998195
ratA_yfjF_predicted,0.02127659574468085,46,46,TTGCGGCGGTCCATCTAATA,0,2994117
ratA_yfjF_predicted,0.02127659574468085,46,46,GCGCTATCAAATTGGTACGT,0,3003721
ratA_yfjF_predicted,0.02127659574468085,46,46,AGTCTCCCCTGAGTTGTTAT,0,2992024
ratA_yfjF_predicted,0.02127659574468085,46,46,ACGTTATCGGCACACTTTGA,0,2993744
ratA_yfjF_predicted,0.021739130434782608,45,45,TTGCCTTGGAATGGCGACTA,0,2992193
ratA_yfjF_predicted,0.021739130434782608,45,45,GTTACAACACCGGACTGGAA,0,3007106
ratA_yfjF_predicted,0.021739130434782608,45,45,CATTTTGGAATGTCTGGGTC,0,2994190
ratA_yfjF_predicted,0.021739130434782608,45,45,CAGGGATGCCAATTAATATT,0,3006553
ratA_yfjF_predicted,0.021739130434782608,45,45,ATGATTGCCTGACGTGTGCA,0,2995139
ratA_yfjF_predicted,0.021739130434782608,45,45,ACACTGAGACTCTTAGGATG,0,2992371
ratA_yfjF_predicted,0.021739130434782608,45,45,AAGGACGCCGGGTCCGAGCA,0,3006029
ratA_yfjF_predicted,0.022222222222222223,44,44,TCAAGGTCACGCTTGTCTTC,0,3007109
ratA_yfjF_predicted,0.022222222222222223,44,44,GTAAAGGGGGCTCTTGGCTG,0,2996284
ratA_yfjF_predicted,0.022222222222222223,44,44,CTCTCAATATTATGCTACTC,0,3004748
ratA_yfjF_predicted,0.022222222222222223,44,44,AGTTTCAGCGCTGCGGACGT,0,3004874
ratA_yfjF_predicted,0.022222222222222223,44,44,AAGCGTACAAGACTCATATG,0,3000429
ratA_yfjF_predicted,0.022727272727272728,43,43,GTCGGGCGTAACAGAGATAC,0,2992150
ratA_yfjF_predicted,0.022727272727272728,43,43,GGCCTGTCCTAACTGGGAAT,0,3004369
ratA_yfjF_predicted,0.022727272727272728,43,43,CCTCAAGAACGGGTGGGACA,0,3012047
ratA_yfjF_predicted,0.022727272727272728,43,43,CCAGTGGGGGCAGTAGCCCA,0,2998616
ratA_yfjF_predicted,0.022727272727272728,43,43,AGGGCTAACCCAGGCTATGT,0,2994421
ratA_yfjF_predicted,0.023255813953488372,42,42,TCTAGTGCGCTAGTGCATCT,0,3017562
ratA_yfjF_predicted,0.023255813953488372,42,42,TCAACGAGCGCTCATGTCTT,0,3007204
ratA_yfjF_predicted,0.023255813953488372,42,42,ACTCTGACAGTTCTCAAATC,0,3000773
ratA_yfjF_predicted,0.023809523809523808,41,41,GGCCACGCGCGGGCACTCCA,0,3017129
ratA_yfjF_predicted,0.023809523809523808,41,41,CGAAGATGCGTGAGTAGATG,0,3005460
ratA_yfjF_predicted,0.023809523809523808,41,41,CCGCATACTCTTCGCAGTCG,0,3013671
ratA_yfjF_predicted,0.024390243902439025,40,40,TACCGTTAGTTCAGATCGAA,0,3000817
ratA_yfjF_predicted,0.024390243902439025,40,40,GGCGCTACTCGGGATCAGGC,0,3000824
ratA_yfjF_predicted,0.024390243902439025,40,40,GCGGGAAAATGTCCGCATGT,0,3006797
ratA_yfjF_predicted,0.024390243902439025,40,40,CGATTTCACACCGCACCATA,0,3007896
ratA_yfjF_predicted,0.024390243902439025,40,40,CCTTATCTTGAGACCGATAT,0,2999143
ratA_yfjF_predicted,0.024390243902439025,40,40,ATCAGTCGCGTAAATGCCGT,0,3003145
ratA_yfjF_predicted,0.025,39,39,TTTCGTATGAGTCATGTTAT,0,3019439
ratA_yfjF_predicted,0.025,39,39,TTGATAGCCAGCTCCCTGAA,0,2991935
ratA_yfjF_predicted,0.025,39,39,TATCGCACATCGTCATACTG,0,3021688
ratA_yfjF_predicted,0.025,39,39,TATACGATGAATCTGTGGTA,0,2994201
ratA_yfjF_predicted,0.025,39,39,GTACGTGGTGTCGGTTCGGG,0,3012975
ratA_yfjF_predicted,0.025,39,39,CACCCTTCGTAGTTGCCCAA,0,3009752
ratA_yfjF_predicted,0.025,39,39,AGGCTCCATCAAAGTGCGGT,0,2994064
ratA_yfjF_predicted,0.025,39,39,AGACACCAATGAGTATGTAA,0,2994755
ratA_yfjF_predicted,0.025,39,39,ACATCCCCGAGTCAGGTAAA,0,2997044
ratA_yfjF_predicted,0.02564102564102564,38,38,TTAATGGCGGCTACGATAGT,0,3001174
ratA_yfjF_predicted,0.02564102564102564,38,38,GATCAACCGACGAAGCTCAT,0,2998193
ratA_yfjF_predicted,0.02564102564102564,38,38,GAATGGATCCGGGCAAGGTT,0,3014008
ratA_yfjF_predicted,0.02564102564102564,38,38,CCTGCATACGCAAATCACGG,0,2998671
ratA_yfjF_predicted,0.02564102564102564,38,38,ACTTTTGATACTGAAAGCAA,0,3001514
ratA_yfjF_predicted,0.02564102564102564,38,38,ACACGGGATCAGGCTTTCTG,0,2998174
ratA_yfjF_predicted,0.02631578947368421,37,37,TTCCTAAGCACTAATGTTTA,0,3006065
ratA_yfjF_predicted,0.02631578947368421,37,37,TTAGCGAACTGTTACGCTGT,0,2994954
ratA_yfjF_predicted,0.02631578947368421,37,37,GGCTTTTATCGTCTAGAATG,0,3004476
ratA_yfjF_predicted,0.02631578947368421,37,37,ATAGTATGACCACATGACCG,0,3017436
ratA_yfjF_predicted,0.02631578947368421,37,37,AGAACCTGAGGTGTCGAACT,0,3007717
ratA_yfjF_predicted,0.02702702702702703,36,36,GTGGTCGTCGCGGGGTGGGA,0,2994422
ratA_yfjF_predicted,0.02702702702702703,36,36,GCTTTTGTGCTCACGTTTAC,0,3010183
ratA_yfjF_predicted,0.02702702702702703,36,36,CAACGGATGTAGTCAAATCT,0,2999946
ratA_yfjF_predicted,0.02702702702702703,36,36,ACTGAAAACCTATGGACTCG,0,3004117
ratA_yfjF_predicted,0.027777777777777776,35,35,TGGTGGTCGTCGCGGGAGTG,0,3000150
ratA_yfjF_predicted,0.027777777777777776,35,35,TCGGCGTGCTAGGAGAGTGA,0,3013940
ratA_yfjF_predicted,0.027777777777777776,35,35,TACCCCATGGACCTGAAAGA,0,2996044
ratA_yfjF_predicted,0.027777777777777776,35,35,GCGGGTAGGAGTCTGAACCA,0,3000569
ratA_yfjF_predicted,0.027777777777777776,35,35,GCATACCCCGGGAACAGTCT,0,3001677
ratA_yfjF_predicted,0.027777777777777776,35,35,CTCAGCCGGCGACGACCGAT,0,3000582
ratA_yfjF_predicted,0.027777777777777776,35,35,AGACGACGTGTCATTTCTGT,0,2993113
ratA_yfjF_predicted,0.027777777777777776,35,35,AAGCGTTAATAATGCGTCAG,0,2994548
ratA_yfjF_predicted,0.02857142857142857,34,34,TTCTGTTTTTAATTCGGTTT,0,3013276
ratA_yfjF_predicted,0.02857142857142857,34,34,TGTAAGGCAAACTTCTGATC,0,2992848
ratA_yfjF_predicted,0.02857142857142857,34,34,TCGGAGTGTTTCGATTTCTT,0,3002896
ratA_yfjF_predicted,0.02857142857142857,34,34,GGGGGTTCTATTCGCCGCTA,0,3019204
ratA_yfjF_predicted,0.02857142857142857,34,34,GGAACCAGCGTGGGTACCAA,0,3002442
ratA_yfjF_predicted,0.02857142857142857,34,34,GCTGTAAAATATCGCGACAC,0,2995218
ratA_yfjF_predicted,0.02857142857142857,34,34,CTTCCTCAGGTGCGCATGCT,0,2994636
ratA_yfjF_predicted,0.02857142857142857,34,34,CGGTAGCGCACGCGGAATAA,0,3002303
ratA_yfjF_predicted,0.02857142857142857,34,34,CCAAGTGTCAGACCCTGGGG,0,3003779
ratA_yfjF_predicted,0.02857142857142857,34,34,ATGGCTGCAGGGGAAATGTA,0,3013620
ratA_yfjF_predicted,0.02857142857142857,34,34,ATAGGGTATAACGACAAGAG,0,3009266
ratA_yfjF_predicted,0.02857142857142857,34,34,AGGCTAGTGGATCAGGTGGG,0,3016878
ratA_yfjF_predicted,0.02857142857142857,34,34,AGCGGTATATCTAGTGAAGC,0,3015774
ratA_yfjF_predicted,0.029411764705882353,33,33,TACAGCGCGGGTAAGGTGTC,0,2999915
ratA_yfjF_predicted,0.029411764705882353,33,33,GCTTGGTTCATCACGATCGG,0,2993971
ratA_yfjF_predicted,0.029411764705882353,33,33,GCTGGCTTTCGACCGATTGC,0,2992667
ratA_yfjF_predicted,0.029411764705882353,33,33,GATACAATCCCTTGTGGGGA,0,2994900
ratA_yfjF_predicted,0.029411764705882353,33,33,GACGGCAATCGCCTCGCGTT,0,3006456
ratA_yfjF_predicted,0.029411764705882353,33,33,CGTGTCTTGCGGACTGGAAT,0,2992813
ratA_yfjF_predicted,0.029411764705882353,33,33,CGTCTTTCATGCGCGATGAT,0,2994235
ratA_yfjF_predicted,0.029411764705882353,33,33,CGCGACCTCCATCGGTGGTT,0,3014866
ratA_yfjF_predicted,0.029411764705882353,33,33,CGCATCTACCGATCAGCCGA,0,2997391
ratA_yfjF_predicted,0.029411764705882353,33,33,ACTTCAACAAAACGGTATCT,0,3002874
ratA_yfjF_predicted,0.030303030303030304,32,32,TGTCTAGGACAACGCGAGCC,0,3003104
ratA_yfjF_predicted,0.030303030303030304,32,32,TGGTTATCTGGATTTGCACG,0,3019784
ratA_yfjF_predicted,0.030303030303030304,32,32,TCTACATATCGCCTCAGCTT,0,3003055
ratA_yfjF_predicted,0.030303030303030304,32,32,GTTCACACTAGCGCTTCTGT,0,3021343
ratA_yfjF_predicted,0.030303030303030304,32,32,GCTGCGCGCACAGGCACGTA,0,3019109
ratA_yfjF_predicted,0.030303030303030304,32,32,GCTCGGTCGCAAACATTAAC,0,3001310
ratA_yfjF_predicted,0.030303030303030304,32,32,CGGGCCAAGGTACATAGAAT,0,2993423
ratA_yfjF_predicted,0.030303030303030304,32,32,CACACGTAAATGATATGCCA,0,3014403
ratA_yfjF_predicted,0.030303030303030304,32,32,ATATGGCAAAACGGATCTGG,0,3002916
ratA_yfjF_predicted,0.03125,31,31,TGAGCTGTAGCCCAGGACAG,0,3002893
ratA_yfjF_predicted,0.03125,31,31,TCGGTTGGCTTGTACGAGTA,0,2993835
ratA_yfjF_predicted,0.03125,31,31,TATACGTAGACAAGTATGGA,0,3003300
ratA_yfjF_predicted,0.03125,31,31,TAGCTTGGTCAGATCGGGAC,0,3009237
ratA_yfjF_predicted,0.03125,31,31,GTCAGGCGCGCAGCCTATTT,0,2994319
ratA_yfjF_predicted,0.03125,31,31,GGTTGGACCTATGCCTCTAA,0,3007611
ratA_yfjF_predicted,0.03125,31,31,GCTAGGGATTGAAGCATTAA,0,2996784
ratA_yfjF_predicted,0.03125,31,31,CTTTCCCATGTGGACTATTG,0,2994515
ratA_yfjF_predicted,0.03125,31,31,CGGCTTTCTCGTAGTAGTTC,0,3001836
ratA_yfjF_predicted,0.03125,31,31,ATTACGGTAATTTCAGGGAT,0,2994953
ratA_yfjF_predicted,0.03125,31,31,ATGTTCAGGTGTCCACCGAA,0,3012940
ratA_yfjF_predicted,0.03125,31,31,ATACAGCGTGGGATAACTCG,0,3006287
ratA_yfjF_predicted,0.03125,31,31,AGATCTACGTGATTTAGCGG,0,2992104
ratA_yfjF_predicted,0.03125,31,31,ACCGCCTTTCTTGAGGTGCA,0,2998780
ratA_yfjF_predicted,0.03125,31,31,ACACCTTGTGTAATGAGCCC,0,2993196
ratA_yfjF_predicted,0.03125,31,31,AAACTAGGACTGGTGAGATC,0,3017720
ratA_yfjF_predicted,0.03225806451612903,30,30,TTGGTCATATCGTTACGTTG,0,3010145
ratA_yfjF_predicted,0.03225806451612903,30,30,TTCACTACGGAAAACCTCAT,0,2995238
ratA_yfjF_predicted,0.03225806451612903,30,30,TGGCGTAGCGTAAATCAGGC,0,3015880
ratA_yfjF_predicted,0.03225806451612903,30,30,TAAGTATACGGTCTTCTTTA,0,2997386
ratA_yfjF_predicted,0.03225806451612903,30,30,GTTTGTCTGATCGAGCTGCT,0,3007594
ratA_yfjF_predicted,0.03225806451612903,30,30,GTTGTCAAAGACTAACCGGT,0,2993976
ratA_yfjF_predicted,0.03225806451612903,30,30,GTGTACTGTAGCTGCTTTGT,0,3009935
ratA_yfjF_predicted,0.03225806451612903,30,30,GTCCTCGGAAGAACACACAT,0,3015323
ratA_yfjF_predicted,0.03225806451612903,30,30,GTACTTCCCGTTTAAGTCCT,0,3002558
ratA_yfjF_predicted,0.03225806451612903,30,30,GGGATCGGCGTGCTTCGGCT,0,3004808
ratA_yfjF_predicted,0.03225806451612903,30,30,GCGCCGAAGACTGTTGAGTT,0,3015811
ratA_yfjF_predicted,0.03225806451612903,30,30,GCACTCCAAAGATTCGACGT,0,3012402
ratA_yfjF_predicted,0.03225806451612903,30,30,GCAAAGTTGCGTTGAAATTG,0,3006527
ratA_yfjF_predicted,0.03225806451612903,30,30,CTGTGCCCCGATTGAAGCTT,0,2996836
ratA_yfjF_predicted,0.03225806451612903,30,30,CTGCGCTGGCAGGTGGTATG,0,2994168
ratA_yfjF_predicted,0.03225806451612903,30,30,CTACGCTTAGAAAAGATCTT,0,3013614
ratA_yfjF_predicted,0.03225806451612903,30,30,CGCTGTAGGAGTCGAGCCTA,0,3002894
ratA_yfjF_predicted,0.03225806451612903,30,30,CGAGGTGTCGCCGGTGGGGG,0,2995781
ratA_yfjF_predicted,0.03225806451612903,30,30,CCTGAATCGCCGGTGTCTCA,0,2993236
ratA_yfjF_predicted,0.03225806451612903,30,30,CATTGTGCAAGTGAGTAGCT,0,3000559
ratA_yfjF_predicted,0.03225806451612903,30,30,CATAGTGCCTGATATGCGAA,0,3011192
ratA_yfjF_predicted,0.03225806451612903,30,30,ATGGTAATGTCGATAATACC,0,2998023
ratA_yfjF_predicted,0.03225806451612903,30,30,ATAACCAGACTTCGCGTTAA,0,3017023
ratA_yfjF_predicted,0.03225806451612903,30,30,AGGTCCATATGGTCAGCTAC,0,2997788
ratA_yfjF_predicted,0.03333333333333333,29,29,TTCAGCAATAGAAGCACGTA,0,3012828
ratA_yfjF_predicted,0.03333333333333333,29,29,TGATTAAAAGTCAAGCACTA,0,3012414
ratA_yfjF_predicted,0.03333333333333333,29,29,TCCGGAAGAAGAATGGGGCT,0,3003820
ratA_yfjF_predicted,0.03333333333333333,29,29,TATATGGACTACAACTCCGA,0,2998061
ratA_yfjF_predicted,0.03333333333333333,29,29,TAGCCGTGTTTGGTGTATCG,0,3019683
ratA_yfjF_predicted,0.03333333333333333,29,29,GTACTACCCAGAGACATTTT,0,2998986
ratA_yfjF_predicted,0.03333333333333333,29,29,GGCATGTCGCTGAGGGAACA,0,3005896
ratA_yfjF_predicted,0.03333333333333333,29,29,GCGCAGTCCTTGTGCATGTA,0,2993697
ratA_yfjF_predicted,0.03333333333333333,29,29,GAGGTAAGCACCAACGGCAG,0,3010422
ratA_yfjF_predicted,0.03333333333333333,29,29,CTTAGGCCGACCGCGGCTTT,0,3008008
ratA_yfjF_predicted,0.03333333333333333,29,29,CTGTTCCGTCGGGAGAGTTA,0,2993973
ratA_yfjF_predicted,0.03333333333333333,29,29,CTGCAGCACGAGCGTATAGT,0,3015157
ratA_yfjF_predicted,0.03333333333333333,29,29,CTCCGACTTCTGTGCGATTC,0,3002546
ratA_yfjF_predicted,0.03333333333333333,29,29,CCCCCCCGCGTTAGACGGTT,0,3016271
ratA_yfjF_predicted,0.03333333333333333,29,29,CCACCTTATAGAGCAGGACA,0,3019654
ratA_yfjF_predicted,0.03333333333333333,29,29,CAAATCGAAAGTGGGATCGC,0,3020349
ratA_yfjF_predicted,0.03333333333333333,29,29,AGTCTATTGTTCTGAGACTC,0,3007439
ratA_yfjF_predicted,0.03333333333333333,29,29,AGGTTACGCTCGGCGAACGG,0,3001662
ratA_yfjF_predicted,0.03333333333333333,29,29,AGAGTCCAGTGAAAAACTTA,0,3012750
ratA_yfjF_predicted,0.03333333333333333,29,29,AAGCGGTTTCCAGAGACAAA,0,3019730
ratA_yfjF_predicted,0.034482758620689655,28,28,TACTAAACTGGGACGCCGAC,0,3006119
ratA_yfjF_predicted,0.034482758620689655,28,28,GTTCTGGTCCATTAAACGGA,0,2996633
ratA_yfjF_predicted,0.034482758620689655,28,28,GGGTTGAAACGGCCTGAAGC,0,2999668
ratA_yfjF_predicted,0.034482758620689655,28,28,GGCTGCCGCCGCGTGCGGTT,0,2996692
ratA_yfjF_predicted,0.034482758620689655,28,28,GCGCTTCAACGAGAAAAAGT,0,2995923
ratA_yfjF_predicted,0.034482758620689655,28,28,GCAGCAGCATGGTGGGTTTG,0,3008518
ratA_yfjF_predicted,0.034482758620689655,28,28,GACCCTGCAAGGATCCGACA,0,3019811
ratA_yfjF_predicted,0.034482758620689655,28,28,GAACGCAAGGTTGGTACTTC,0,3016532
ratA_yfjF_predicted,0.034482758620689655,28,28,CTAGGCGTGACTTCAAGTAA,0,3019235
ratA_yfjF_predicted,0.034482758620689655,28,28,CGGCATGCGTGTGATTCCAT,0,3001079
ratA_yfjF_predicted,0.034482758620689655,28,28,CGCGCTTTAGGTTGACTCTC,0,3000189
ratA_yfjF_predicted,0.034482758620689655,28,28,CATCCCGTATGGTATTTTAG,0,3009234
ratA_yfjF_predicted,0.034482758620689655,28,28,CAGGCCGGGTTTTTATGTTG,0,3019240
ratA_yfjF_predicted,0.034482758620689655,28,28,CAAGACAGCCTGTAGCATGG,0,3006967
ratA_yfjF_predicted,0.034482758620689655,28,28,ATGCAGGAGCCGGAGCACGT,0,3000894
ratA_yfjF_predicted,0.034482758620689655,28,28,AGGCAACTAATTTTAGTGAA,0,3019808
ratA_yfjF_predicted,0.034482758620689655,28,28,AGGACCTGGCTCACGGCTCA,0,3014019
ratA_yfjF_predicted,0.034482758620689655,28,28,ACTCAGAGAAGCATTCCATA,0,3007793
ratA_yfjF_predicted,0.034482758620689655,28,28,AATAAAAGTCCGCTCTGATC,0,3020975
ratA_yfjF_predicted,0.034482758620689655,28,28,AAGATAATCCGGCTGGTTCT,0,2995140
ratA_yfjF_predicted,0.034482758620689655,28,28,AAAGTTCAGAGTCGCGCAAA,0,3002394
ratA_yfjF_predicted,0.03571428571428571,27,27,TTGGCCACGTTTATTTTATG,0,2994473
ratA_yfjF_predicted,0.03571428571428571,27,27,TGTCGTGTCCTGTACGACCA,0,2997856
ratA_yfjF_predicted,0.03571428571428571,27,27,TCTTTTATAAGGTAGCGGGG,0,2995771
ratA_yfjF_predicted,0.03571428571428571,27,27,TCCGGTGAACAACTCACGGT,0,2997822
ratA_yfjF_predicted,0.03571428571428571,27,27,TCCGCTGCATCTCTAAGAAT,0,2999875
ratA_yfjF_predicted,0.03571428571428571,27,27,TCATGGTCACACCTGTCATG,0,2993564
ratA_yfjF_predicted,0.03571428571428571,27,27,TCACCCCGAAACGTAGCTTA,0,3011776
ratA_yfjF_predicted,0.03571428571428571,27,27,TATGTGGACCGCTACTTCTT,0,3009025
ratA_yfjF_predicted,0.03571428571428571,27,27,TACCGGAACAGCCTCCGGCG,0,3006683
ratA_yfjF_predicted,0.03571428571428571,27,27,GTTTTAGATCAAGGTGCAGC,0,3007505
ratA_yfjF_predicted,0.03571428571428571,27,27,GTAGCCAAGGCGTAAACAAG,0,3003904
ratA_yfjF_predicted,0.03571428571428571,27,27,GGTTAACTGATAGAAAGGTA,0,3020075
ratA_yfjF_predicted,0.03571428571428571,27,27,GGGGGTATGAAATTCGATTA,0,3003355
ratA_yfjF_predicted,0.03571428571428571,27,27,GGGCGAAATAAGGGGCACTA,0,3001210
ratA_yfjF_predicted,0.03571428571428571,27,27,GCCAGAGCCAGTTTTACATG,0,3013540
ratA_yfjF_predicted,0.03571428571428571,27,27,GCACCGATGTCTATGATCCA,0,3015901
ratA_yfjF_predicted,0.03571428571428571,27,27,GATCACCCTCTGGGTTGCAA,0,3004458
ratA_yfjF_predicted,0.03571428571428571,27,27,GAGCCTGAAACGCGCAACTG,0,3011106
ratA_yfjF_predicted,0.03571428571428571,27,27,CTCGGAGCTGCTTACTGAGT,0,3007412
ratA_yfjF_predicted,0.03571428571428571,27,27,CTAGGAGTGGTTCCTCTCGG,0,3001702
ratA_yfjF_predicted,0.03571428571428571,27,27,CCTCTGTTAGTCTCAATTAT,0,3009458
ratA_yfjF_predicted,0.03571428571428571,27,27,CCGTGCAATGGGTCGCCCAA,0,3009124
ratA_yfjF_predicted,0.03571428571428571,27,27,CCCAGGCTACTTCCTTAATC,0,2994751
ratA_yfjF_predicted,0.03571428571428571,27,27,CCAACTCCTTGGTCAGAGTC,0,2995422
ratA_yfjF_predicted,0.03571428571428571,27,27,CATGTACTCATACAACGTCC,0,2998833
ratA_yfjF_predicted,0.03571428571428571,27,27,CAGCGTGGGCATTTACACCC,0,3008884
ratA_yfjF_predicted,0.03571428571428571,27,27,ATGGAGCCACCAGAACCGGT,0,3002385
ratA_yfjF_predicted,0.03571428571428571,27,27,ATATATATTTACGAAAGTAG,0,3001175
ratA_yfjF_predicted,0.03571428571428571,27,27,AGTTCAGCAAGGAGAGAAGA,0,2994169
ratA_yfjF_predicted,0.03571428571428571,27,27,AGGTATGGGCACCCCGACTA,0,3012032
ratA_yfjF_predicted,0.03571428571428571,27,27,AGGGGGAACCCAGCGCACGA,0,2994994
ratA_yfjF_predicted,0.03571428571428571,27,27,AGACGCCGAGGCGTTGTATT,0,3002143
ratA_yfjF_predicted,0.03571428571428571,27,27,AATTAGAGAGGCTTAATATT,0,2998938
ratA_yfjF_predicted,0.037037037037037035,26,26,TTTTCTGCTCCTGGATGTTT,0,2992444
ratA_yfjF_predicted,0.037037037037037035,26,26,TTTGTGCTCTTGCCGAGTAG,0,3005586
ratA_yfjF_predicted,0.037037037037037035,26,26,TTTGGGCTTGAATGTCTAAT,0,3002616
ratA_yfjF_predicted,0.037037037037037035,26,26,TGGTGGGCACAAAACCATAA,0,2996939
ratA_yfjF_predicted,0.037037037037037035,26,26,TGCCCATACTACCACTAACA,0,3013241
ratA_yfjF_predicted,0.037037037037037035,26,26,TCGGCCTGTAGATCTGTGGG,0,3016453
ratA_yfjF_predicted,0.037037037037037035,26,26,TCCAAGGCCCTAAAGTCTGT,0,2994399
ratA_yfjF_predicted,0.037037037037037035,26,26,TCAGCTTAGCTATAAGCGGA,0,3003286
ratA_yfjF_predicted,0.037037037037037035,26,26,TAGATGACCTGTCTCCTGGG,0,3006070
ratA_yfjF_predicted,0.037037037037037035,26,26,TACCGACTGTTCTCTATCAT,0,3018047
ratA_yfjF_predicted,0.037037037037037035,26,26,TAAGGCCACCCTTTTCAGTC,0,3001766
ratA_yfjF_predicted,0.037037037037037035,26,26,GTTGTAATACTCCATTACAT,0,3011935
ratA_yfjF_predicted,0.037037037037037035,26,26,GTTCGGCTACGGGGGTCCAT,0,2999865
ratA_yfjF_predicted,0.037037037037037035,26,26,GTTCCCATCGAGCATGACTG,0,3007232
ratA_yfjF_predicted,0.037037037037037035,26,26,GTTACTGGTCGCGCCCATTC,0,3004512
ratA_yfjF_predicted,0.037037037037037035,26,26,GTCAAGTTCGTCCGTGGCTG,0,2998598
ratA_yfjF_predicted,0.037037037037037035,26,26,GGTATCACAGTGGGGTGGAT,0,2994061
ratA_yfjF_predicted,0.037037037037037035,26,26,GGGGGTGGATGGCAGCGATC,0,3002094
ratA_yfjF_predicted,0.037037037037037035,26,26,GGCAAGGAATATTATGTGAT,0,2994481
ratA_yfjF_predicted,0.037037037037037035,26,26,GGACAAATGTGTCTAAACTT,0,3015868
ratA_yfjF_predicted,0.037037037037037035,26,26,GCCTAAGTGTCTAATATTGA,0,2993267
ratA_yfjF_predicted,0.037037037037037035,26,26,GATCTTCGGATCCCTTACTT,0,2997371
ratA_yfjF_predicted,0.037037037037037035,26,26,CTTTCTAGTATGGCGGCGAA,0,2995264
ratA_yfjF_predicted,0.037037037037037035,26,26,CTTTAATAGGCTTCTGTCGC,0,3014938
ratA_yfjF_predicted,0.037037037037037035,26,26,CTGAACCTGGGGTATAGGGG,0,2992411
ratA_yfjF_predicted,0.037037037037037035,26,26,CCAGTTTATTGCGCCCGTGA,0,2992172
ratA_yfjF_predicted,0.037037037037037035,26,26,CCAGCAGGGTCTGCATACAA,0,2999224
ratA_yfjF_predicted,0.037037037037037035,26,26,CAGTTGTCTCGCCTCGAGTA,0,2996646
ratA_yfjF_predicted,0.037037037037037035,26,26,CAATTGGATTCTTTGTGCTA,0,3001501
ratA_yfjF_predicted,0.037037037037037035,26,26,ATGTGGACCGCTAACTCTTT,0,2995979
ratA_yfjF_predicted,0.037037037037037035,26,26,ACGGTCGGCAAAGGCGGACT,0,3004001
ratA_yfjF_predicted,0.037037037037037035,26,26,ACCTTTATCAACGATCCGGT,0,3004478
ratA_yfjF_predicted,0.037037037037037035,26,26,ACCTAATAATTTCCTCATAC,0,3005791
ratA_yfjF_predicted,0.037037037037037035,26,26,AATAACCTAAAAACCAGTCA,0,2995239
ratA_yfjF_predicted,0.037037037037037035,26,26,AAGTACCGGTTCCGCGTATT,0,2994495
ratA_yfjF_predicted,0.037037037037037035,26,26,AAACCCGATTGGGTACGCAA,0,3015255
ratA_yfjF_predicted,0.038461538461538464,25,25,TGTGGATGTTGAGTGAAAGT,0,2998597
ratA_yfjF_predicted,0.038461538461538464,25,25,TCGGAACCGAGCCCGATTCA,0,3017859
ratA_yfjF_predicted,0.038461538461538464,25,25,GTTTCAACATTGCGCAGTTG,0,3013326
ratA_yfjF_predicted,0.038461538461538464,25,25,GTTCTTGTAGCATTTTGTAT,0,3016263
ratA_yfjF_predicted,0.038461538461538464,25,25,GTGTAGGCGGAGTTAACTTC,0,3000066
ratA_yfjF_predicted,0.038461538461538464,25,25,GTAGGGCCGCCCGGCGTTAG,0,2992152
ratA_yfjF_predicted,0.038461538461538464,25,25,GGTGGTATTGGCAAAAAGTT,0,3006803
ratA_yfjF_predicted,0.038461538461538464,25,25,GGTGATACGAAAATGGTTAC,0,3001515
ratA_yfjF_predicted,0.038461538461538464,25,25,GGTCCGGAGTACCCAAGTGT,0,3017314
ratA_yfjF_predicted,0.038461538461538464,25,25,GGTAGCGGGGCAATGCTGTA,0,2996137
ratA_yfjF_predicted,0.038461538461538464,25,25,GGGGTCCCAGGGTATACGTT,0,3013048
ratA_yfjF_predicted,0.038461538461538464,25,25,GGCCCACCGCTAAGCGAAGG,0,2992149
ratA_yfjF_predicted,0.038461538461538464,25,25,GCGATTGTGCGTAAGCGGAG,0,3004112
ratA_yfjF_predicted,0.038461538461538464,25,25,GCCATGATCACATGTATCTT,0,3006882
ratA_yfjF_predicted,0.038461538461538464,25,25,GACGGCAAAGGTCACAATTC,0,3012304
ratA_yfjF_predicted,0.038461538461538464,25,25,GACGGAGTACGGTCTAGATC,0,3013722
ratA_yfjF_predicted,0.038461538461538464,25,25,CTCTGCCAACTACATCGTAA,0,3005018
ratA_yfjF_predicted,0.038461538461538464,25,25,CGGAAAGTGTGTGGGCCTAA,0,2993892
ratA_yfjF_predicted,0.038461538461538464,25,25,CGCTAGTGGAAAATTCCCGT,0,3001949
ratA_yfjF_predicted,0.038461538461538464,25,25,CGCCCACCGTCTCAGCACGG,0,3012536
ratA_yfjF_predicted,0.038461538461538464,25,25,CGCAACGCGAAACGCGGTAA,0,3018640
ratA_yfjF_predicted,0.038461538461538464,25,25,CGACTCTATTCTTGATTTGT,0,3007558
ratA_yfjF_predicted,0.038461538461538464,25,25,CCTCTACATAGAGGGCGTAC,0,3019438
ratA_yfjF_predicted,0.038461538461538464,25,25,CCGTTAGCAGGTCCGATATT,0,3018486
ratA_yfjF_predicted,0.038461538461538464,25,25,CCGTGGCTTGACATTTCTGA,0,2995892
ratA_yfjF_predicted,0.038461538461538464,25,25,CCAAGGGCTGAAAGTTACCA,0,2999810
ratA_yfjF_predicted,0.038461538461538464,25,25,CAACGTACTTACCGGGCAGT,0,3012641
ratA_yfjF_predicted,0.038461538461538464,25,25,ATTATGTTTGTATGGCTAGT,0,3011093
ratA_yfjF_predicted,0.038461538461538464,25,25,ATCCGGTTGGATCTTCCGAC,0,3002873
ratA_yfjF_predicted,0.038461538461538464,25,25,AGTTCACATTGGCGAACGCT,0,3010767
ratA_yfjF_predicted,0.038461538461538464,25,25,ACGCTTCAAAAGTAAAATAT,0,2995868
ratA_yfjF_predicted,0.038461538461538464,25,25,AACCGAGGTAATTAATAAAA,0,2992999
ratA_yfjF_predicted,0.04,24,24,TTTTCGAAGGGGTGCCCTGC,0,3000875
ratA_yfjF_predicted,0.04,24,24,TTGGAAGTAGATTTTTAATG,0,2994797
ratA_yfjF_predicted,0.04,24,24,TTATAGGCGGCAACATGCTC,0,3013422
ratA_yfjF_predicted,0.04,24,24,TTAGGCACTTGGAATTATGT,0,3011353
ratA_yfjF_predicted,0.04,24,24,TTAACGACGAGGGCTTAGTT,0,2996428
ratA_yfjF_predicted,0.04,24,24,TCGCGGCCGACGTAGGAGTC,0,3014681
ratA_yfjF_predicted,0.04,24,24,TAGGGCAGCGCAAGGACGTG,0,3002457
ratA_yfjF_predicted,0.04,24,24,GTTGACATGGTCCAGAGTTC,0,3008553
ratA_yfjF_predicted,0.04,24,24,GTGTAAGGTCCATCGGAATC,0,2991797
ratA_yfjF_predicted,0.04,24,24,GGTTTGGCATGAGCAGCGAT,0,3000564
ratA_yfjF_predicted,0.04,24,24,GGGCCAATTAATGGCAGGAG,0,2996983
ratA_yfjF_predicted,0.04,24,24,GGCTAGGATAGTAGAACAAT,0,3008275
ratA_yfjF_predicted,0.04,24,24,GCGTCGAACGGGTGCTCCAG,0,3004422
ratA_yfjF_predicted,0.04,24,24,GCGGTGTCCAACTTCGTACG,0,3007519
ratA_yfjF_predicted,0.04,24,24,GATGGATTGCCTCTATATGG,0,3016073
ratA_yfjF_predicted,0.04,24,24,GACAATTGAATACCCATTAT,0,2995471
ratA_yfjF_predicted,0.04,24,24,GACAACCGTGATAATGGAGA,0,3011800
ratA_yfjF_predicted,0.04,24,24,CGGTGAGAGGATAAGGGGTG,0,2992969
ratA_yfjF_predicted,0.04,24,24,CCCGAAAATGCTATTCTTGG,0,3001454
ratA_yfjF_predicted,0.04,24,24,CCAACTCTTGGCCGGACCCA,0,3007504
ratA_yfjF_predicted,0.04,24,24,CAGCAGTCCTCGCGGTAGAA,0,2993290
ratA_yfjF_predicted,0.04,24,24,CACGTCAGGATATCAGAGCA,0,2997702
ratA_yfjF_predicted,0.04,24,24,ATTAGGTGAACGAACTCGAA,0,3010122
ratA_yfjF_predicted,0.04,24,24,ATGCCTCCCTGGACCCATTG,0,3003609
ratA_yfjF_predicted,0.04,24,24,ATCCCTGCTTCCGTCACCCA,0,3008674
ratA_yfjF_predicted,0.04,24,24,ATCCACCGTGAAACGCGGGT,0,2995734
ratA_yfjF_predicted,0.04,24,24,AGGGCGCACCACGCTGCCAG,0,3004913
ratA_yfjF_predicted,0.04,24,24,AGAAGAGTCTGAACTTTTTG,0,3020139
ratA_yfjF_predicted,0.04,24,24,ACGGGCAGGCTCGGCAGTCG,0,3001832
ratA_yfjF_predicted,0.04,24,24,ACCGTTGTCCGGGGTTTTTT,0,3012276
ratA_yfjF_predicted,0.04,24,24,AACAGCTGGATAGCACTAGA,0,2994660
ratA_yfjF_predicted,0.04,24,24,AAATATGGGCATACACTATG,0,3005183
ratA_yfjF_predicted,0.04,24,24,AAACCGTCACGGGGGTGTTA,0,2995825
ratA_yfjF_predicted,0.041666666666666664,23,23,TTTTTGGCAGTGGACTAGAC,0,3015771
ratA_yfjF_predicted,0.041666666666666664,23,23,TTTGAAGAGGCTTTTGGTAT,0,2996917
ratA_yfjF_predicted,0.041666666666666664,23,23,TTTAAGTTTAATCCCGGAGC,0,2997936
ratA_yfjF_predicted,0.041666666666666664,23,23,TTCCTAACCTTACCTCCGTT,0,3007769
ratA_yfjF_predicted,0.041666666666666664,23,23,TTCAGAGCCGTCCGCTTTTT,0,2992250
ratA_yfjF_predicted,0.041666666666666664,23,23,TTAGGAAGGCCTAGGATGCG,0,3010984
ratA_yfjF_predicted,0.041666666666666664,23,23,TTAGAGAAAATCAAATTATG,0,2996616
ratA_yfjF_predicted,0.041666666666666664,23,23,TTAATAGACGAAATGGCTGA,0,2996437
ratA_yfjF_predicted,0.041666666666666664,23,23,TGTTGGCATTTACGTCTGCA,0,3004252
ratA_yfjF_predicted,0.041666666666666664,23,23,TGTCTTATTAGACAGGGTTA,0,2992760
ratA_yfjF_predicted,0.041666666666666664,23,23,TGGCGAACACAAGAAACCGA,0,3007659
ratA_yfjF_predicted,0.041666666666666664,23,23,TGCGTGCACGTCCACTAAGC,0,3014533
ratA_yfjF_predicted,0.041666666666666664,23,23,TGAGGCTCATCATACCTAGT,0,3006625
ratA_yfjF_predicted,0.041666666666666664,23,23,TCTGTTGCATTCTGGCTTTG,0,2992376
ratA_yfjF_predicted,0.041666666666666664,23,23,TCAGCTATATTCGATCATTT,0,3016623
ratA_yfjF_predicted,0.041666666666666664,23,23,TATTCCCATGTGGGAACTCG,0,3002304
ratA_yfjF_predicted,0.041666666666666664,23,23,TAGGAGACGAAGGGATGAAC,0,3000377
ratA_yfjF_predicted,0.041666666666666664,23,23,GTGTCCACCCTAGCTACGGG,0,3009404
ratA_yfjF_predicted,0.041666666666666664,23,23,GTGTCACGAACGGGCTATAT,0,2999508
ratA_yfjF_predicted,0.041666666666666664,23,23,GTGGACTGTTCAAATTAGAG,0,3000868
ratA_yfjF_predicted,0.041666666666666664,23,23,GTGATGCCTTGGGCTGACTA,0,2997749
ratA_yfjF_predicted,0.041666666666666664,23,23,GTCGTGGGATCAAGCGTACA,0,3018409
ratA_yfjF_predicted,0.041666666666666664,23,23,GTCAATCGTGTGCTTGGTCT,0,3016132
ratA_yfjF_predicted,0.041666666666666664,23,23,GGTGGGATAGGATTGGTACT,0,2993861
ratA_yfjF_predicted,0.041666666666666664,23,23,GGTCCTCGCAGCCGCGTGTA,0,3018381
ratA_yfjF_predicted,0.041666666666666664,23,23,GGTATTTAACGTATTACCCG,0,3007742
ratA_yfjF_predicted,0.041666666666666664,23,23,GCTGTGAGCTAGCGCGATCA,0,3014563
ratA_yfjF_predicted,0.041666666666666664,23,23,GCTCGGACTTCCTTAACCTA,0,3002821
ratA_yfjF_predicted,0.041666666666666664,23,23,GCGCATCATGGAAAGTTAGG,0,3000077
ratA_yfjF_predicted,0.041666666666666664,23,23,GATTGGGGCTGAATGAGGAT,0,3011746
ratA_yfjF_predicted,0.041666666666666664,23,23,GAGCAAACGGCTGTGGACAA,0,3005091
ratA_yfjF_predicted,0.041666666666666664,23,23,CTTCGAGAGCAAAATTCGGA,0,3015050
ratA_yfjF_predicted,0.041666666666666664,23,23,CTGCGTTTCAGGCCTCTCTA,0,3003373
ratA_yfjF_predicted,0.041666666666666664,23,23,CTCAGGGGTCGAGAGGCTTA,0,3004563
ratA_yfjF_predicted,0.041666666666666664,23,23,CTATGGAAAATGAGACCGGC,0,2996809
ratA_yfjF_predicted,0.041666666666666664,23,23,CTATGCGATCGGTCCGCATA,0,3000026
ratA_yfjF_predicted,0.041666666666666664,23,23,CGGCGTTATGACATCTACGG,0,2995614
ratA_yfjF_predicted,0.041666666666666664,23,23,CGGAGTTTACCCCCGCCATG,0,3001609
ratA_yfjF_predicted,0.041666666666666664,23,23,CGACGGCAAGTCGAAGCGCT,0,3008869
ratA_yfjF_predicted,0.041666666666666664,23,23,CCGAAGCGAAAAAAGACGTG,0,3009141
ratA_yfjF_predicted,0.041666666666666664,23,23,CCCGGGGATTCTTACACGGT,0,3021255
ratA_yfjF_predicted,0.041666666666666664,23,23,CACGGTAAGCGAGAGTAGAT,0,3020667
ratA_yfjF_predicted,0.041666666666666664,23,23,CACATCGTGCAAGTCACGCA,0,3010697
ratA_yfjF_predicted,0.041666666666666664,23,23,ATTCAAAAGGTTATTCTTGG,0,3002441
ratA_yfjF_predicted,0.041666666666666664,23,23,ATGTCTACCGCATAAGATGG,0,3007450
ratA_yfjF_predicted,0.041666666666666664,23,23,ATACGGGTCGAAGATAGGCA,0,2997290
ratA_yfjF_predicted,0.041666666666666664,23,23,AGTGTCCTCGGTCTGTCCAA,0,2994023
ratA_yfjF_predicted,0.041666666666666664,23,23,AGGTCCTACGGGGAAAGCGT,0,2995926
ratA_yfjF_predicted,0.041666666666666664,23,23,AGGTAGCTCGGAGTAGTCTT,0,2997045
ratA_yfjF_predicted,0.041666666666666664,23,23,AGCGAGGCCGCGGCCCGCTG,0,2997735
ratA_yfjF_predicted,0.041666666666666664,23,23,AGACCTGGTTACCATCGTCA,0,3015670
ratA_yfjF_predicted,0.041666666666666664,23,23,ACTGCGAAGTTTATTAGCGC,0,2991938
ratA_yfjF_predicted,0.041666666666666664,23,23,ACCATTATTAATGTATAGTT,0,3000972
ratA_yfjF_predicted,0.041666666666666664,23,23,ACATCTTGACAGCATTATAG,0,2993283
ratA_yfjF_predicted,0.041666666666666664,23,23,ACAGGCGACGAGGTTCAGCT,0,3012918
ratA_yfjF_predicted,0.041666666666666664,23,23,AATATTCGAAAGTATGGCGA,0,3007332
ratA_yfjF_predicted,0.041666666666666664,23,23,AAGAGTTTTGAGTTTTCTTT,0,3000527
ratA_yfjF_predicted,0.041666666666666664,23,23,AAACAAGAAAAACGGGAAGT,0,3006410
ratA_yfjF_predicted,0.043478260869565216,22,22,TTGTTTTTTACGCCGTAGAT,0,3019580
ratA_yfjF_predicted,0.043478260869565216,22,22,TTGTACATAGACTATATGAG,0,3009978
ratA_yfjF_predicted,0.043478260869565216,22,22,TTAACGTAGGAATTTTCTTC,0,2999464
ratA_yfjF_predicted,0.043478260869565216,22,22,TGAGCACTAGAACGCGCACA,0,3004049
ratA_yfjF_predicted,0.043478260869565216,22,22,TCAGGCGTTACGAGAAGTTC,0,3014534
ratA_yfjF_predicted,0.043478260869565216,22,22,TATGTAGAAGCCAGTCTATG,0,3003744
ratA_yfjF_predicted,0.043478260869565216,22,22,GTTAGATTGTTTTAATGTGA,0,3011219
ratA_yfjF_predicted,0.043478260869565216,22,22,GTGGTTAATGCAGGCATAGT,0,3017488
ratA_yfjF_predicted,0.043478260869565216,22,22,GTCTCGCACCTGTCGCTGGT,0,2993288
ratA_yfjF_predicted,0.043478260869565216,22,22,GCTGTTGCAGGCCTTTCGTC,0,3013151
ratA_yfjF_predicted,0.043478260869565216,22,22,GCTATCCACTAATAGGGGAT,0,2993367
ratA_yfjF_predicted,0.043478260869565216,22,22,GCGGGTACAAGGGCAAAATT,0,3006063
ratA_yfjF_predicted,0.043478260869565216,22,22,GCATGTCATTACCAAAAAAG,0,3005808
ratA_yfjF_predicted,0.043478260869565216,22,22,GCAACAAATTAACAACAGGT,0,3001241
ratA_yfjF_predicted,0.043478260869565216,22,22,GATGGAGTACAAGCTCAATA,0,3011320
ratA_yfjF_predicted,0.043478260869565216,22,22,GATCTCCACCGTGCAAGCTA,0,3006454
ratA_yfjF_predicted,0.043478260869565216,22,22,GATATTTACGGCGCCAGGTT,0,3013557
ratA_yfjF_predicted,0.043478260869565216,22,22,CTTATCGAAGAAGGAAGATG,0,3019381
ratA_yfjF_predicted,0.043478260869565216,22,22,CTGGCGCCCAATGCCCCTAG,0,3001979
ratA_yfjF_predicted,0.043478260869565216,22,22,CTACTTCCCTAACTGGCTTT,0,3000662
ratA_yfjF_predicted,0.043478260869565216,22,22,CTAACGGGGAACCCTAACAC,0,2993454
ratA_yfjF_predicted,0.043478260869565216,22,22,CGGAGCCAAGACGGTTAACT,0,2994748
ratA_yfjF_predicted,0.043478260869565216,22,22,CGAATAAATAGCAAATTTGA,0,2996132
ratA_yfjF_predicted,0.043478260869565216,22,22,CCTTTGCTGGCCTCTTATAG,0,3019701
ratA_yfjF_predicted,0.043478260869565216,22,22,CCTAGTTTACAGCTGGCGTT,0,2996792
ratA_yfjF_predicted,0.043478260869565216,22,22,CCGCTTGGCTTAAAGAGTAT,0,3012942
ratA_yfjF_predicted,0.043478260869565216,22,22,CATTTGTAGCCCCAAATTCC,0,3015809
ratA_yfjF_predicted,0.043478260869565216,22,22,CAGTTAGGAACGGCTGTCTA,0,3011078
ratA_yfjF_predicted,0.043478260869565216,22,22,CACCGCCTGGGACTCGCAGA,0,2995632
ratA_yfjF_predicted,0.043478260869565216,22,22,ATATTAATATACCACGACCG,0,3013068
ratA_yfjF_predicted,0.043478260869565216,22,22,AGTCATCGGTGTGGGACTGA,0,3000191
ratA_yfjF_predicted,0.043478260869565216,22,22,AGCGGAGTACGCGAAGGCTT,0,3019780
ratA_yfjF_predicted,0.043478260869565216,22,22,AGAATCTGACATCATATGTG,0,3004768
ratA_yfjF_predicted,0.043478260869565216,22,22,ACGTTGTTCATGCGGTCTGT,0,3011491
ratA_yfjF_predicted,0.043478260869565216,22,22,ACGCGGTCCACGCAGACAAG,0,2993606
ratA_yfjF_predicted,0.043478260869565216,22,22,ACAGACACGAGTAACATACC,0,3012900
ratA_yfjF_predicted,0.045454545454545456,21,21,TTTCTCGGGAAACTACCGCA,0,3013481
ratA_yfjF_predicted,0.045454545454545456,21,21,TTGGCTCTTTCCGGGAGAAT,0,3000745
ratA_yfjF_predicted,0.045454545454545456,21,21,TTGAGGGTACTAATGTGACG,0,3017337
ratA_yfjF_predicted,0.045454545454545456,21,21,TTCTGAATGGACAGCGGAGA,0,2997657
ratA_yfjF_predicted,0.045454545454545456,21,21,TTCGCTCATGGTTGCAAAAG,0,3001646
ratA_yfjF_predicted,0.045454545454545456,21,21,TTATACGAGAACTTGAACCC,0,3001262
ratA_yfjF_predicted,0.045454545454545456,21,21,TTACTCCGGTTAATGTTCAA,0,3010710
ratA_yfjF_predicted,0.045454545454545456,21,21,TGTGATAGTAGCGTCTGCTA,0,3008483
ratA_yfjF_predicted,0.045454545454545456,21,21,TGTCGTCGGTTAATCGAAAC,0,3018913
ratA_yfjF_predicted,0.045454545454545456,21,21,TCTGATTAGCGCATCTCTCA,0,3018895
ratA_yfjF_predicted,0.045454545454545456,21,21,TCGTTCTATTCGTAGTGGAA,0,3010820
ratA_yfjF_predicted,0.045454545454545456,21,21,TCACGCATCTCAAGACACGC,0,3014611
ratA_yfjF_predicted,0.045454545454545456,21,21,TATCTGGCCCGCGTTCTCGA,0,3012155
ratA_yfjF_predicted,0.045454545454545456,21,21,TACCCTGGAGCGGAGCGCCC,0,2995020
ratA_yfjF_predicted,0.045454545454545456,21,21,TAATTTGTAAACGAGGATCT,0,3010177
ratA_yfjF_predicted,0.045454545454545456,21,21,TAAGTACGAGGGGGCAGATA,0,2992372
ratA_yfjF_predicted,0.045454545454545456,21,21,TAACCCTCTGGTAGGACACA,0,3004802
ratA_yfjF_predicted,0.045454545454545456,21,21,GTTTCACCTGATATTGTGGG,0,3014333
ratA_yfjF_predicted,0.045454545454545456,21,21,GTTCAAACATTTCCTCTGAA,0,3015610
ratA_yfjF_predicted,0.045454545454545456,21,21,GTTATCGTGGTATTACATGA,0,3000744
ratA_yfjF_predicted,0.045454545454545456,21,21,GTGCGCTAACTACATTCGAC,0,3004372
ratA_yfjF_predicted,0.045454545454545456,21,21,GGTTACATAGCCGGTGCGCA,0,2997995
ratA_yfjF_predicted,0.045454545454545456,21,21,GGCTTGCCCGATGAAGCATA,0,3009440
ratA_yfjF_predicted,0.045454545454545456,21,21,GGCCAAGAGTGTAATATTAT,0,2999030
ratA_yfjF_predicted,0.045454545454545456,21,21,GCTTAGCATTAATACCTTAC,0,2999039
ratA_yfjF_predicted,0.045454545454545456,21,21,GCGGTGTGGGGTAGATACTA,0,3005312
ratA_yfjF_predicted,0.045454545454545456,21,21,GCGAACCTCTTTCGCACGCA,0,2993134
ratA_yfjF_predicted,0.045454545454545456,21,21,GCCAACAAGTGGACATCGAG,0,3011356
ratA_yfjF_predicted,0.045454545454545456,21,21,GCACTCTGGTGCCTAAACTT,0,2997725
ratA_yfjF_predicted,0.045454545454545456,21,21,GCACCCAGAGGGCAATACGA,0,2994514
ratA_yfjF_predicted,0.045454545454545456,21,21,GAGGACATAAATCGTTAGGG,0,3014197
ratA_yfjF_predicted,0.045454545454545456,21,21,GAACTTGATCGCAGCCCTCT,0,3021632
ratA_yfjF_predicted,0.045454545454545456,21,21,CTTCTCATACATGAAATGAG,0,2998887
ratA_yfjF_predicted,0.045454545454545456,21,21,CTTCGACCCAGAGGGGAGTC,0,3019055
ratA_yfjF_predicted,0.045454545454545456,21,21,CTGTAACTGTCACGACACTG,0,2998062
ratA_yfjF_predicted,0.045454545454545456,21,21,CGGCCTGTTTCTGAGACTCA,0,3012601
ratA_yfjF_predicted,0.045454545454545456,21,21,CGGCCGAGTCCTGCGCTCCA,0,3014868
ratA_yfjF_predicted,0.045454545454545456,21,21,CCAGATAGGTATGAAAGTCG,0,3020670
ratA_yfjF_predicted,0.045454545454545456,21,21,CATTCACGCCGCGTGCTAGG,0,2995424
ratA_yfjF_predicted,0.045454545454545456,21,21,CAATTTTCATAGATTCATCT,0,3000431
ratA_yfjF_predicted,0.045454545454545456,21,21,ATGGTATCGACTGATGCAAT,0,2997310
ratA_yfjF_predicted,0.045454545454545456,21,21,AGTGGGACTACTCAACGGCA,0,3011013
ratA_yfjF_predicted,0.045454545454545456,21,21,AGCGGCTATTTCAATTACGG,0,3006073
ratA_yfjF_predicted,0.045454545454545456,21,21,ACTTAGCCACGTTGACTTGC,0,2993232
ratA_yfjF_predicted,0.045454545454545456,21,21,ACGGTTTGATTGTCGTGGAT,0,3003858
ratA_yfjF_predicted,0.045454545454545456,21,21,ACGAATACAGAGGGCATTGT,0,3016498
ratA_yfjF_predicted,0.045454545454545456,21,21,ACCTGCGTGGGACGCTACAA,0,3015650
ratA_yfjF_predicted,0.045454545454545456,21,21,ACACTGTCGGGAACAGACAG,0,2997525
ratA_yfjF_predicted,0.045454545454545456,21,21,AATTTGTGAAGTTTCATGTT,0,2994968
ratA_yfjF_predicted,0.045454545454545456,21,21,AAGAGATCTCGCGGGACAGG,0,3009387
ratA_yfjF_predicted,0.045454545454545456,21,21,AACGCTAGTTGGGACTGGCA,0,3013853
ratA_yfjF_predicted,0.047619047619047616,20,20,TTTGCAGACTGCGTGACTAT,0,3019578
ratA_yfjF_predicted,0.047619047619047616,20,20,TTTAATGTTTCAGTTTAAGA,0,2993630
ratA_yfjF_predicted,0.047619047619047616,20,20,TTGCGGGCAACGAGCTTGAT,0,2997121
ratA_yfjF_predicted,0.047619047619047616,20,20,TTGCCTTTTTTGTTTGGCGT,0,3006117
ratA_yfjF_predicted,0.047619047619047616,20,20,TGTGCGACCACAATTTCGAA,0,3015277
ratA_yfjF_predicted,0.047619047619047616,20,20,TCGTTACGTTTAAGTTGATT,0,3017760
ratA_yfjF_predicted,0.047619047619047616,20,20,TCGCTTCCTCAGGGGGACCC,0,2995057
ratA_yfjF_predicted,0.047619047619047616,20,20,TCCGCGTGGCTCTCCCAGGG,0,3020150
ratA_yfjF_predicted,0.047619047619047616,20,20,TCCCCTTATAGGCCGCGTGA,0,3007824
ratA_yfjF_predicted,0.047619047619047616,20,20,TAAGTCATCAAAGAAAAACA,0,3005459
ratA_yfjF_predicted,0.047619047619047616,20,20,GTGCATCCGAAGGAGGCTCG,0,2998136
ratA_yfjF_predicted,0.047619047619047616,20,20,GTCTGGCCTTGCGCGGCGCT,0,2994659
ratA_yfjF_predicted,0.047619047619047616,20,20,GGTTTTCAAGGATGCCGCCT,0,3019727
ratA_yfjF_predicted,0.047619047619047616,20,20,GGTGGTCAGGTGGGAGGACT,0,3008578
ratA_yfjF_predicted,0.047619047619047616,20,20,GGCATTACCTAGGAAAACAC,0,3014625
ratA_yfjF_predicted,0.047619047619047616,20,20,GGCACGGCCGGGCGCCGACG,0,3006068
ratA_yfjF_predicted,0.047619047619047616,20,20,GGAAAGTGATACGTGCATAA,0,2993031
ratA_yfjF_predicted,0.047619047619047616,20,20,GCGGCGGGTTATCGGGAATA,0,3016536
ratA_yfjF_predicted,0.047619047619047616,20,20,GCCACTTTGTCTTGAGATGA,0,3006695
ratA_yfjF_predicted,0.047619047619047616,20,20,GATGTGAGGGTCGGTCGTTT,0,3010310
ratA_yfjF_predicted,0.047619047619047616,20,20,GATGATCCGTCTAATGTGAG,0,3011757
ratA_yfjF_predicted,0.047619047619047616,20,20,GACACCTTGGGCCAGGTGAG,0,3000534
ratA_yfjF_predicted,0.047619047619047616,20,20,GAAAGCATAAGGGTGCGTTG,0,3004482
ratA_yfjF_predicted,0.047619047619047616,20,20,CTGTTCGTCATTGGAATGTT,0,3000303
ratA_yfjF_predicted,0.047619047619047616,20,20,CTGTATCAGAGCATCAAATG,0,3010949
ratA_yfjF_predicted,0.047619047619047616,20,20,CTCGAGATTATAGTCGCTTA,0,2999870
ratA_yfjF_predicted,0.047619047619047616,20,20,CGTGGTATAGATCGTGACTT,0,3005436
ratA_yfjF_predicted,0.047619047619047616,20,20,CGTACTCATTGTGGCTGGCG,0,2998010
ratA_yfjF_predicted,0.047619047619047616,20,20,CGGTTACCCTTTGAGCGCGG,0,2997070
ratA_yfjF_predicted,0.047619047619047616,20,20,CGCGGCTATACCGGCGGCAA,0,2994713
ratA_yfjF_predicted,0.047619047619047616,20,20,CCCGGGGACACGGCGAGTCA,0,2994933
ratA_yfjF_predicted,0.047619047619047616,20,20,CCCGACACGAGTCCCTCCAT,0,3013240
ratA_yfjF_predicted,0.047619047619047616,20,20,CCACTGGAGCGCTCGCAACT,0,3020587
ratA_yfjF_predicted,0.047619047619047616,20,20,CAGTTAATTGTCTGCGCTCT,0,3007747
ratA_yfjF_predicted,0.047619047619047616,20,20,ATGTGACGCTCCGAAGAGTT,0,3011017
ratA_yfjF_predicted,0.047619047619047616,20,20,ATATATGATAAAGGAGGGTA,0,2999882
ratA_yfjF_predicted,0.047619047619047616,20,20,ATAGTTTCTTAGGAGGCATT,0,3004300
ratA_yfjF_predicted,0.047619047619047616,20,20,AGGCCGCTCAGAAGATGTAC,0,3000913
ratA_yfjF_predicted,0.047619047619047616,20,20,ACGGAACTGGTTCGGCATAT,0,3000222
ratA_yfjF_predicted,0.047619047619047616,20,20,ACGCTTTAGGGTACTTAAAA,0,2999036
ratA_yfjF_predicted,0.047619047619047616,20,20,ACGACAAGGAAGGTGCGCCA,0,3001278
ratA_yfjF_predicted,0.047619047619047616,20,20,ACCTACTTGAGATAATGTGA,0,2994063
ratA_yfjF_predicted,0.047619047619047616,20,20,ACCGTCCTGGATCGTCACTA,0,3008047
ratA_yfjF_predicted,0.047619047619047616,20,20,ACCCTGAGGTGTGCAGGCAT,0,2995533
ratA_yfjF_predicted,0.047619047619047616,20,20,ACAGGCGTGGGCAGAAGTGT,0,3006027
ratA_yfjF_predicted,0.047619047619047616,20,20,ACAAAATTAGGAAATGATCA,0,2997906
ratA_yfjF_predicted,0.047619047619047616,20,20,AAGCGCATTTGATCGCAAAT,0,3003418
ratA_yfjF_predicted,0.047619047619047616,20,20,AAGATTGAATGGGACAGCTA,0,3001412
ratA_yfjF_predicted,0.047619047619047616,20,20,AACACGGAGACCAATTATAT,0,2996763
ratA_yfjF_predicted,0.047619047619047616,20,20,AAATCGATATGTCCCACTCT,0,2995257
ratA_yfjF_predicted,0.047619047619047616,20,20,AAAGCCCTTGGGCTTCCAGG,0,2999048
ratA_yfjF_predicted,0.047619047619047616,20,20,AAAGCACAGATCCACTATTA,0,3010555
ratA_yfjF_predicted,0.047619047619047616,20,20,AAACGGTGCATCAAAGGCAT,0,3011577
ratA_yfjF_predicted,0.05,19,19,TTGTTGTTTCCCAACCGTAC,0,3012197
ratA_yfjF_predicted,0.05,19,19,TTGGGCAATAGTCGAGAGCA,0,3011882
ratA_yfjF_predicted,0.05,19,19,TTGGAGGAGAAATGGCAGGT,0,2997560
ratA_yfjF_predicted,0.05,19,19,TTGCTATTTTTCCGCCTAGT,0,3020871
ratA_yfjF_predicted,0.05,19,19,TTCGAGGCGGAGAGGTAAGA,0,3002615
ratA_yfjF_predicted,0.05,19,19,TTATGGCTCATCGCTATAGG,0,2995180
ratA_yfjF_predicted,0.05,19,19,TTATATGATTGACGGGGACA,0,3018031
ratA_yfjF_predicted,0.05,19,19,TTATAGCCGTGATCAGCATA,0,3003135
ratA_yfjF_predicted,0.05,19,19,TGTGCAGATGTAAGTCTTCA,0,2991942
ratA_yfjF_predicted,0.05,19,19,TGTAAATGCAAGTTTGACGA,0,3019804
ratA_yfjF_predicted,0.05,19,19,TGGTTCTTAGTGGACAATTG,0,3001242
ratA_yfjF_predicted,0.05,19,19,TGGTTCGGAGTGGCTTTTGG,0,2994279
ratA_yfjF_predicted,0.05,19,19,TGGACATAGACACTTTAGGT,0,3009593
ratA_yfjF_predicted,0.05,19,19,TGATGCACCTGTCTAGGAAC,0,3014486
ratA_yfjF_predicted,0.05,19,19,TGACTGGCAGCGGGGCGTAT,0,3005589
ratA_yfjF_predicted,0.05,19,19,TGACCTTGATACTCAACACA,0,2999265
ratA_yfjF_predicted,0.05,19,19,TGACAAGGTTGAGCGCGCAG,0,3019040
ratA_yfjF_predicted,0.05,19,19,TCTGGACACGCCAGGGTGAA,0,3006417
ratA_yfjF_predicted,0.05,19,19,TCGAGAATCCCGGCCTGTCT,0,3010717
ratA_yfjF_predicted,0.05,19,19,TCATCATAGGGACGGTATGC,0,2996767
ratA_yfjF_predicted,0.05,19,19,TACGACATAACTCCCCAATT,0,3005338
ratA_yfjF_predicted,0.05,19,19,TAACTAACTGATTCGACCGA,0,2999510
ratA_yfjF_predicted,0.05,19,19,TAAAATAGGAAAATGTCCAC,0,3004011
ratA_yfjF_predicted,0.05,19,19,GTTGCCCTCTTTTTTCTTAG,0,2991809
ratA_yfjF_predicted,0.05,19,19,GGTGGAACACCTTGTGACAC,0,2999734
ratA_yfjF_predicted,0.05,19,19,GGCAGCCGGTCCCAGCGACT,0,3006248
ratA_yfjF_predicted,0.05,19,19,GCTTGCCCGAGGATGAGCAT,0,3019207
ratA_yfjF_predicted,0.05,19,19,GATGATGGCCCTACCTTGAT,0,3015137
ratA_yfjF_predicted,0.05,19,19,GAGAACCATATTCCGCCAGG,0,3001938
ratA_yfjF_predicted,0.05,19,19,GACTCTGGGGGAATGGACGA,0,2998312
ratA_yfjF_predicted,0.05,19,19,GAATGGCTGCTTGACACTGG,0,2998134
ratA_yfjF_predicted,0.05,19,19,GAAGAACACTCAGACGTACG,0,3006282
ratA_yfjF_predicted,0.05,19,19,GAAAGAGCCACTTCTATTCG,0,2994360
ratA_yfjF_predicted,0.05,19,19,GAAACATATTCGAGCTATAC,0,3001171
ratA_yfjF_predicted,0.05,19,19,CTTCGTGCGCGTGTGCGCGC,0,3013816
ratA_yfjF_predicted,0.05,19,19,CTTAAATTCGTGCCCAATTA,0,2996791
ratA_yfjF_predicted,0.05,19,19,CTGAGAGGTGCTGTCATCGG,0,3000544
ratA_yfjF_predicted,0.05,19,19,CTGACCGATGCGGACGCTGC,0,3018211
ratA_yfjF_predicted,0.05,19,19,CTCGTGGGAGTGGCGACCTA,0,3014143
ratA_yfjF_predicted,0.05,19,19,CTCGCCTCTACACATGACAG,0,2997163
ratA_yfjF_predicted,0.05,19,19,CTCATTACCACGTAAGCCTG,0,2995992
ratA_yfjF_predicted,0.05,19,19,CGTTTCAACCTTTACGAATT,0,2992880
ratA_yfjF_predicted,0.05,19,19,CGTTCTAGCATTGCTTGGGT,0,3013227
ratA_yfjF_predicted,0.05,19,19,CGTATTCTCCTGCGATTCCA,0,3001238
ratA_yfjF_predicted,0.05,19,19,CGAGTAGCGAGATAATTTTT,0,2996653
ratA_yfjF_predicted,0.05,19,19,CGAACGCTGTAGGAAGTTAG,0,2998966
ratA_yfjF_predicted,0.05,19,19,CCGAATATAGCGTTTGACAA,0,3001867
ratA_yfjF_predicted,0.05,19,19,CCATCCGTGAGGATTTATTA,0,3020678
ratA_yfjF_predicted,0.05,19,19,CCACAACTAAACGTGAGATA,0,3009726
ratA_yfjF_predicted,0.05,19,19,CCAATGATCAGTTCCAGGAT,0,3009799
ratA_yfjF_predicted,0.05,19,19,CATGGGATCCGAAATCCGAA,0,2995556
ratA_yfjF_predicted,0.05,19,19,CATATAACTTGGTCCACAGA,0,2993975
ratA_yfjF_predicted,0.05,19,19,CATACTGCTCATTTGAAAAT,0,3016657
ratA_yfjF_predicted,0.05,19,19,CAGGTGATCTTGGCGGCCTA,0,3002935
ratA_yfjF_predicted,0.05,19,19,CAGACAGCAGGCGTATTGTA,0,3000921
ratA_yfjF_predicted,0.05,19,19,CAAGATGCCTAATGTTGCGA,0,2995850
ratA_yfjF_predicted,0.05,19,19,CAAGAATACACTACTGTTGT,0,3009692
ratA_yfjF_predicted,0.05,19,19,CAACGCGCACCCATCAATTT,0,3004118
ratA_yfjF_predicted,0.05,19,19,ATTCCCCGGGTTACAAACTA,0,2992814
ratA_yfjF_predicted,0.05,19,19,ATGCCGATGTGTAGCGAAAG,0,3001247
ratA_yfjF_predicted,0.05,19,19,ATATATACTTTGATCTTGCT,0,3014704
ratA_yfjF_predicted,0.05,19,19,AGTTTGGGAGTGGAACCCCA,0,3011720
ratA_yfjF_predicted,0.05,19,19,AGTGGGATTTGGAGCCGGTG,0,3002456
ratA_yfjF_predicted,0.05,19,19,AGTGAAGGTTTGGCTCTGGT,0,3004933
ratA_yfjF_predicted,0.05,19,19,AGCGTTTTGCACCCTAACCT,0,2996399
ratA_yfjF_predicted,0.05,19,19,AGAGGGTAAGTCGGAGTAGC,0,2999410
ratA_yfjF_predicted,0.05,19,19,ACTGGGGAAGAGGTACCGGA,0,3014015
ratA_yfjF_predicted,0.05,19,19,ACTAGGTACGATAGGGCTTT,0,3001363
ratA_yfjF_predicted,0.05,19,19,ACATATCCCATGTCTATGGA,0,2992042
ratA_yfjF_predicted,0.05,19,19,AATGCTTGTCTATAGGAGGA,0,3006678
ratA_yfjF_predicted,0.05,19,19,AAGGGCTCTCCAACTGGCCT,0,3021313
ratA_yfjF_predicted,0.05,19,19,AAGAATAAGATTCGTATTAA,0,2994962
ratA_yfjF_predicted,0.05,19,19,AACCGATCTTGCGTGGGCTG,0,3002202
ratA_yfjF_predicted,0.05263157894736842,18,18,TTTGTTTTTGTGGACAGGGA,0,3012589
ratA_yfjF_predicted,0.05263157894736842,18,18,TTTGATCCCGCGCGAGAAAT,0,2994951
ratA_yfjF_predicted,0.05263157894736842,18,18,TTGGTAAAAGGTTCTTGCTA,0,3000173
ratA_yfjF_predicted,0.05263157894736842,18,18,TTCTCTCTGTCTGTTATGGT,0,3012024
ratA_yfjF_predicted,0.05263157894736842,18,18,TTCAGGTCATGCACAGACTC,0,2993136
ratA_yfjF_predicted,0.05263157894736842,18,18,TGTGCCTTGGCCCTGGTCAG,0,2992350
ratA_yfjF_predicted,0.05263157894736842,18,18,TGTGCCTATAAGCAATTCCA,0,2995338
ratA_yfjF_predicted,0.05263157894736842,18,18,TGGTATCTCGCGAGCGGCTG,0,3016081
ratA_yfjF_predicted,0.05263157894736842,18,18,TGCATAGAATCATTATAGTG,0,3001392
ratA_yfjF_predicted,0.05263157894736842,18,18,TGCAGCTACGTCAGTATTAG,0,2995810
ratA_yfjF_predicted,0.05263157894736842,18,18,TGCAAGCAACCCATCATTCC,0,3015235
ratA_yfjF_predicted,0.05263157894736842,18,18,TGAAAGGGGTCACCCAAGGC,0,3009190
ratA_yfjF_predicted,0.05263157894736842,18,18,TCGGGGACGGGACTTCCTGT,0,3007292
ratA_yfjF_predicted,0.05263157894736842,18,18,TCCCGCGCGCATCCAGACAA,0,3015934
ratA_yfjF_predicted,0.05263157894736842,18,18,TATTTCGCGTGGCACTAAAG,0,3007410
ratA_yfjF_predicted,0.05263157894736842,18,18,TATTCTACTTTCCCAAGGGG,0,3000525
ratA_yfjF_predicted,0.05263157894736842,18,18,TATCTTGATCATTTAAAAGC,0,3018295
ratA_yfjF_predicted,0.05263157894736842,18,18,TAGAGGCCTAAGAACGTGCT,0,2996834
ratA_yfjF_predicted,0.05263157894736842,18,18,TACTGGGTTCTTGCTGGTAT,0,2994282
ratA_yfjF_predicted,0.05263157894736842,18,18,TAAGGCCTAGTTCTCAATCA,0,3020538
ratA_yfjF_predicted,0.05263157894736842,18,18,GTTTGTATGCCCGTTGGAGG,0,3007413
ratA_yfjF_predicted,0.05263157894736842,18,18,GTTTGACATAGAATAGCATC,0,3006875
ratA_yfjF_predicted,0.05263157894736842,18,18,GTTGACGGGTATGTCAAGAA,0,2992378
ratA_yfjF_predicted,0.05263157894736842,18,18,GTGGGGTGAGTAGGGGTTGT,0,3008911
ratA_yfjF_predicted,0.05263157894736842,18,18,GTATGGGCCGAGGCACACGT,0,2997523
ratA_yfjF_predicted,0.05263157894736842,18,18,GTAGTATGCGGGTGGCATTC,0,3019600
ratA_yfjF_predicted,0.05263157894736842,18,18,GGTAAAAAAATGAACCAGCA,0,3019483
ratA_yfjF_predicted,0.05263157894736842,18,18,GGCGCATCATAAATCCAGTA,0,3010219
ratA_yfjF_predicted,0.05263157894736842,18,18,GGAGCAGTCTTCCTAGGACC,0,2998246
ratA_yfjF_predicted,0.05263157894736842,18,18,GCTTCTGGCCCTCAACGTAA,0,3021223
ratA_yfjF_predicted,0.05263157894736842,18,18,GCTTAGACTGGCAACTATGC,0,3010637
ratA_yfjF_predicted,0.05263157894736842,18,18,GCTTAATGCATCTTAACTCA,0,2994236
ratA_yfjF_predicted,0.05263157894736842,18,18,GCTCTTTTTATGGCCTTCTT,0,3014920
ratA_yfjF_predicted,0.05263157894736842,18,18,GCGTTACCCCGTCACGGCAT,0,3014919
ratA_yfjF_predicted,0.05263157894736842,18,18,GCGAGCCGACAAATGTCTTT,0,2997423
ratA_yfjF_predicted,0.05263157894736842,18,18,GCACAGACGAATGCCCGGGA,0,3002309
ratA_yfjF_predicted,0.05263157894736842,18,18,GATTAACGATGCTTTGGCCT,0,3009268
ratA_yfjF_predicted,0.05263157894736842,18,18,GACTTTCGTCCGCTTCCAAA,0,3009871
ratA_yfjF_predicted,0.05263157894736842,18,18,GACAAGAATGATTGCTAAAT,0,3020928
ratA_yfjF_predicted,0.05263157894736842,18,18,GAATCGTTAATAGGTTAATG,0,3009512
ratA_yfjF_predicted,0.05263157894736842,18,18,CTTTACGGTCATCTTTGGAT,0,3009735
ratA_yfjF_predicted,0.05263157894736842,18,18,CTTCGGGGCGGAGTCGAAGT,0,2996628
ratA_yfjF_predicted,0.05263157894736842,18,18,CTTAAGGTACGTCGTATTGA,0,2999318
ratA_yfjF_predicted,0.05263157894736842,18,18,CTCTTCAGATACGGGAGTAA,0,2995922
ratA_yfjF_predicted,0.05263157894736842,18,18,CTACGTCAATTGGGGGGCTT,0,3000266
ratA_yfjF_predicted,0.05263157894736842,18,18,CGTTTACCACTGATTGGCAT,0,3003522
ratA_yfjF_predicted,0.05263157894736842,18,18,CGTCCCTCCGAAACAAGTCT,0,2992838
ratA_yfjF_predicted,0.05263157894736842,18,18,CGGACGTAGTGGGTCCGTAT,0,3000768
ratA_yfjF_predicted,0.05263157894736842,18,18,CGGAATAGTGAGTCGCAAAA,0,3008794
ratA_yfjF_predicted,0.05263157894736842,18,18,CGAGGAGAAAGGCCCGATTG,0,3002789
ratA_yfjF_predicted,0.05263157894736842,18,18,CCTAGCGCTAAGTGGACCGT,0,3004753
ratA_yfjF_predicted,0.05263157894736842,18,18,CCCATAGGCTTTACTACCCG,0,2994686
ratA_yfjF_predicted,0.05263157894736842,18,18,CCCACTTGGCAACACGACTG,0,3000586
ratA_yfjF_predicted,0.05263157894736842,18,18,CCCACATGAATCATTGAACC,0,3009846
ratA_yfjF_predicted,0.05263157894736842,18,18,CCAAACACCGGGGGTCTTCA,0,3011678
ratA_yfjF_predicted,0.05263157894736842,18,18,CATGAGATACACCTTCCGAC,0,2992354
ratA_yfjF_predicted,0.05263157894736842,18,18,CATACCAGGCCTTAAATCTC,0,3004547
ratA_yfjF_predicted,0.05263157894736842,18,18,CAGGTCGTCCCCAGGCCGAG,0,3008816
ratA_yfjF_predicted,0.05263157894736842,18,18,CAGCGAACCCGCAGTTATGG,0,3008409
ratA_yfjF_predicted,0.05263157894736842,18,18,CACAAAAGAGACGGTCGTTC,0,3003161
ratA_yfjF_predicted,0.05263157894736842,18,18,ATTGTGCTTACGATTGATAT,0,3019589
ratA_yfjF_predicted,0.05263157894736842,18,18,ATGCGCGCTCCCGCCGTAGC,0,3004420
ratA_yfjF_predicted,0.05263157894736842,18,18,ATCGTGAAAGGGCTGAAATG,0,3003924
ratA_yfjF_predicted,0.05263157894736842,18,18,ATCGCGAAGTCCTAAGGAAC,0,3004460
ratA_yfjF_predicted,0.05263157894736842,18,18,ATAACTACACGCAGAGCGGG,0,3017261
ratA_yfjF_predicted,0.05263157894736842,18,18,AGTTTGTTGGACTATCCTTT,0,2997220
ratA_yfjF_predicted,0.05263157894736842,18,18,AGGTCGTGTCTAACTCGCGG,0,2995826
ratA_yfjF_predicted,0.05263157894736842,18,18,AGGATCAGGGTCATTGATTA,0,3004955
ratA_yfjF_predicted,0.05263157894736842,18,18,AGGAACTTCGAATCGTGGTT,0,3015216
ratA_yfjF_predicted,0.05263157894736842,18,18,AGCCTGTAACCGGCCTCGAG,0,3019671
ratA_yfjF_predicted,0.05263157894736842,18,18,ACTCGCGCGAGAACTTATAG,0,2995285
ratA_yfjF_predicted,0.05263157894736842,18,18,ACGTTTCCACAGCAGTAATC,0,2993519
ratA_yfjF_predicted,0.05263157894736842,18,18,ACATTACCCAAACGGGTCAT,0,2996345
ratA_yfjF_predicted,0.05263157894736842,18,18,ACAGTATGAAACATAGGGAT,0,2995994
ratA_yfjF_predicted,0.05263157894736842,18,18,AATTTTCAGCTCCGACTGGA,0,3010815
ratA_yfjF_predicted,0.05263157894736842,18,18,AATGCCACTTGTGCGTATGC,0,3013336
ratA_yfjF_predicted,0.05263157894736842,18,18,AAGTTGGGCACTCTTGAGTA,0,3004335
ratA_yfjF_predicted,0.05263157894736842,18,18,AAGAGGATGCAGGCACGCAA,0,2993796
ratA_yfjF_predicted,0.05263157894736842,18,18,AACGTCAAGGTCAAAGAATA,0,3014996
ratA_yfjF_predicted,0.05263157894736842,18,18,AACCGTTAAAAAATGGTCGA,0,3007509
ratA_yfjF_predicted,0.05263157894736842,18,18,AAACCCGGCTAACCGCACCT,0,3002061
ratA_yfjF_predicted,0.05555555555555555,17,17,TTTTGGAATGGTTCACAAAC,0,3017523
ratA_yfjF_predicted,0.05555555555555555,17,17,TTTAGAACTTCTAGTTTGGA,0,3003786
ratA_yfjF_predicted,0.05555555555555555,17,17,TTGGTCTTACTTGTTCGGCA,0,3005178
ratA_yfjF_predicted,0.05555555555555555,17,17,TTCCAGCAGGGAACAGGTGC,0,3016588
ratA_yfjF_predicted,0.05555555555555555,17,17,TTAATAAACACTTCACGGAC,0,3003793
ratA_yfjF_predicted,0.05555555555555555,17,17,TTAAAACCGTGAACGAGTAA,0,3008849
ratA_yfjF_predicted,0.05555555555555555,17,17,TGTAGCACATAAAACCCATG,0,2996582
ratA_yfjF_predicted,0.05555555555555555,17,17,TGATATCCTTTCTCAAGGAG,0,3008529
ratA_yfjF_predicted,0.05555555555555555,17,17,TGAATATCGTCTGCGACGTG,0,3011038
ratA_yfjF_predicted,0.05555555555555555,17,17,TGAACTAAAAGGATTCCCAT,0,3007828
ratA_yfjF_predicted,0.05555555555555555,17,17,TCTACCCATCAGAATAGTGA,0,2997726
ratA_yfjF_predicted,0.05555555555555555,17,17,TCCCTTGCTCATTCTTGAAG,0,2992985
ratA_yfjF_predicted,0.05555555555555555,17,17,TCCCATATATCGGCTTCACT,0,3014315
ratA_yfjF_predicted,0.05555555555555555,17,17,TCAGCCCATTAGCAGGCTGA,0,3001150
ratA_yfjF_predicted,0.05555555555555555,17,17,TATTGAGGGCATATTAACCT,0,3006186
ratA_yfjF_predicted,0.05555555555555555,17,17,TAGATCCATCAATGGAGTTG,0,3007598
ratA_yfjF_predicted,0.05555555555555555,17,17,TACTGGTTTAGACCCTAATA,0,2992180
ratA_yfjF_predicted,0.05555555555555555,17,17,TACGACAGCTCTCTTTCCCG,0,3019991
ratA_yfjF_predicted,0.05555555555555555,17,17,TACCGTAGATTAAGAGGTCT,0,2998151
ratA_yfjF_predicted,0.05555555555555555,17,17,TAATCATTTGACTAAGGTTT,0,2992101
ratA_yfjF_predicted,0.05555555555555555,17,17,TAAGAGTTCCAGTGCACAAC,0,2998075
ratA_yfjF_predicted,0.05555555555555555,17,17,GTTGCCGGTCGGACCACAAT,0,2993914
ratA_yfjF_predicted,0.05555555555555555,17,17,GTGTTAGGTCCGCTTATCTA,0,3005032
ratA_yfjF_predicted,0.05555555555555555,17,17,GTGCCGCTCTATAGCAAGTA,0,3011676
ratA_yfjF_predicted,0.05555555555555555,17,17,GTGACTGAGCAGAATGCACA,0,3019389
ratA_yfjF_predicted,0.05555555555555555,17,17,GTCTTTAGATCTTAGTAGGG,0,3016599
ratA_yfjF_predicted,0.05555555555555555,17,17,GTCTCTCACTTTCATCGCAA,0,3012390
ratA_yfjF_predicted,0.05555555555555555,17,17,GTCCGATCGGTCAACCCTGT,0,3010782
ratA_yfjF_predicted,0.05555555555555555,17,17,GTATTACGAACCTCAACTGT,0,2994780
ratA_yfjF_predicted,0.05555555555555555,17,17,GGTGCAGCTAATCGCGATCA,0,3006120
ratA_yfjF_predicted,0.05555555555555555,17,17,GGGGGGTCCGGCTTCTTTGT,0,3003780
ratA_yfjF_predicted,0.05555555555555555,17,17,GGGGATTTCAACTTCGGAAT,0,3000374
ratA_yfjF_predicted,0.05555555555555555,17,17,GGGCCGGGGGGTCTGCAGGG,0,3011229
ratA_yfjF_predicted,0.05555555555555555,17,17,GGCGTCCGGCTGTATCCTAG,0,2991835
ratA_yfjF_predicted,0.05555555555555555,17,17,GGCCACTGGGGTAAGAACCA,0,3020835
ratA_yfjF_predicted,0.05555555555555555,17,17,GGATAATTACAACTATTCAT,0,3012182
ratA_yfjF_predicted,0.05555555555555555,17,17,GCTTAAACTCAGGGCCATTC,0,3011890
ratA_yfjF_predicted,0.05555555555555555,17,17,GCCTTTGGTAGAGAAAAATT,0,3007831
ratA_yfjF_predicted,0.05555555555555555,17,17,GCCTAGCCAGGAGCTGACTC,0,2998314
ratA_yfjF_predicted,0.05555555555555555,17,17,GCCACTCGGCGCAAAATTCT,0,2997047
ratA_yfjF_predicted,0.05555555555555555,17,17,GCAGTTTCAATGCGGATGCA,0,3009829
ratA_yfjF_predicted,0.05555555555555555,17,17,GCAACAAGAATAGGACGGGA,0,3003452
ratA_yfjF_predicted,0.05555555555555555,17,17,GATAGGAGTATACGAGTAGG,0,2995236
ratA_yfjF_predicted,0.05555555555555555,17,17,GAGGGTGTCAAGGAACGATT,0,3008757
ratA_yfjF_predicted,0.05555555555555555,17,17,CTTTTTAGGGTGCCCGGCCA,0,3010646
ratA_yfjF_predicted,0.05555555555555555,17,17,CTTTTACTATTCCCCCAAAG,0,3015979
ratA_yfjF_predicted,0.05555555555555555,17,17,CTTCTTGGCTATAGGGCCGT,0,2999295
ratA_yfjF_predicted,0.05555555555555555,17,17,CTGGGACTGAGAGGTCATCG,0,3006805
ratA_yfjF_predicted,0.05555555555555555,17,17,CTATGGGGACAACTTACGAA,0,3015681
ratA_yfjF_predicted,0.05555555555555555,17,17,CTATGGGACCCTCCAGACAT,0,2992151
ratA_yfjF_predicted,0.05555555555555555,17,17,CTAGGTTTATCAGGGCCTCG,0,3020672
ratA_yfjF_predicted,0.05555555555555555,17,17,CTAGGGGGCACCCTGAACAT,0,3001768
ratA_yfjF_predicted,0.05555555555555555,17,17,CTAACTGTCTTTGCTTAAAT,0,3008848
ratA_yfjF_predicted,0.05555555555555555,17,17,CTAACTACTGCTCTATTGAT,0,2999054
ratA_yfjF_predicted,0.05555555555555555,17,17,CTAAAACAATGTCGAAGGAC,0,3014348
ratA_yfjF_predicted,0.05555555555555555,17,17,CGTTTTCGTCTCGGCGAATT,0,3008084
ratA_yfjF_predicted,0.05555555555555555,17,17,CGTCCCGTGGTCGTTTATCA,0,3015621
ratA_yfjF_predicted,0.05555555555555555,17,17,CGTCCAATGAGTGCGCATAT,0,3017830
ratA_yfjF_predicted,0.05555555555555555,17,17,CGGTCTTTGATTCCCTTGAA,0,2996563
ratA_yfjF_predicted,0.05555555555555555,17,17,CGGTCACCGACGATTTGAGA,0,3013327
ratA_yfjF_predicted,0.05555555555555555,17,17,CGGGGGTACAGAAAGAATGG,0,3019025
ratA_yfjF_predicted,0.05555555555555555,17,17,CGGGGGAAACCTGCTTTCAA,0,2994255
ratA_yfjF_predicted,0.05555555555555555,17,17,CGGCGGTAATACGGGATGTT,0,3007315
ratA_yfjF_predicted,0.05555555555555555,17,17,CGGCGCAGGATCAGTCACTC,0,3002767
ratA_yfjF_predicted,0.05555555555555555,17,17,CGACGTGTCCAGGGTTCGCC,0,3003156
ratA_yfjF_predicted,0.05555555555555555,17,17,CGAATAAGTGCTGATGTACA,0,3012344
ratA_yfjF_predicted,0.05555555555555555,17,17,CCTTTTACGTGATCACGGCA,0,3018400
ratA_yfjF_predicted,0.05555555555555555,17,17,CCTTTCCTCTCTTCAATCGC,0,2994643
ratA_yfjF_predicted,0.05555555555555555,17,17,CCTTACTCGGATACTGGACA,0,2996403
ratA_yfjF_predicted,0.05555555555555555,17,17,CCTGGCTCGGACAAGTCCGT,0,2993263
ratA_yfjF_predicted,0.05555555555555555,17,17,CCTCACTTCCGCCATCGCGA,0,3014293
ratA_yfjF_predicted,0.05555555555555555,17,17,CCTATTCCCTTTCACTAGAA,0,2992767
ratA_yfjF_predicted,0.05555555555555555,17,17,CCGCGCGCCAGAGGTTCACG,0,3008914
ratA_yfjF_predicted,0.05555555555555555,17,17,CCCGGATACGCCATGCGAGT,0,2994182
ratA_yfjF_predicted,0.05555555555555555,17,17,CCCATATAGCGTTGGTGTAT,0,2991803
ratA_yfjF_predicted,0.05555555555555555,17,17,CATCCTTTCCCAAGACGTCA,0,3013769
ratA_yfjF_predicted,0.05555555555555555,17,17,CAGCTTAAGGCAACTATATG,0,3001909
ratA_yfjF_predicted,0.05555555555555555,17,17,CACCGCGATCGCCAAGCCAG,0,3018616
ratA_yfjF_predicted,0.05555555555555555,17,17,CACACGGCGTTTATCGTCGC,0,3004911
ratA_yfjF_predicted,0.05555555555555555,17,17,CAATAGGGGTTTAATACCTG,0,3012376
ratA_yfjF_predicted,0.05555555555555555,17,17,ATGTGGGGGAACTCATTACG,0,3018946
ratA_yfjF_predicted,0.05555555555555555,17,17,ATGGGCTGACAGGAACCCCG,0,3020006
ratA_yfjF_predicted,0.05555555555555555,17,17,ATCCACCCAAAAGCGACGTC,0,2999346
ratA_yfjF_predicted,0.05555555555555555,17,17,AGTTAGAGAGGTCTTTGCAG,0,2991983
ratA_yfjF_predicted,0.05555555555555555,17,17,AGTTACTTCGTAGCTAGCCT,0,3012185
ratA_yfjF_predicted,0.05555555555555555,17,17,AGTCTATGAGCTACTCCCGT,0,3007803
ratA_yfjF_predicted,0.05555555555555555,17,17,AGGGAATTTCATGAGTGGTG,0,3020628
ratA_yfjF_predicted,0.05555555555555555,17,17,AGCATCGGCCACCCAAGGGG,0,2998779
ratA_yfjF_predicted,0.05555555555555555,17,17,AGAGCAGTGTACGTCACAAG,0,3003777
ratA_yfjF_predicted,0.05555555555555555,17,17,AGAAGTTCAAAGTTTACAGC,0,2993604
ratA_yfjF_predicted,0.05555555555555555,17,17,ACGCGGTATGATGGCGCCCA,0,2994781
ratA_yfjF_predicted,0.05555555555555555,17,17,ACGCGCGCAAACGGCCGAGG,0,2998718
ratA_yfjF_predicted,0.05555555555555555,17,17,ACGCCAGACTTCGGACAGCT,0,2997610
ratA_yfjF_predicted,0.05555555555555555,17,17,ACCGAGTCCGCAAAGTTACA,0,2996598
ratA_yfjF_predicted,0.05555555555555555,17,17,ACATCTTATAACTTGAAACT,0,3019441
ratA_yfjF_predicted,0.05555555555555555,17,17,AATTGGTGTGGCTAGCCAAT,0,2999998
ratA_yfjF_predicted,0.05555555555555555,17,17,AATACAACGTAACAGGGATG,0,2998674
ratA_yfjF_predicted,0.05555555555555555,17,17,AATAATTGAGGTTATTTGGT,0,3008506
ratA_yfjF_predicted,0.05555555555555555,17,17,AAAGATGGCTTTCGGAGTTT,0,3006138
ratA_yfjF_predicted,0.058823529411764705,16,16,TTTTGTGTCCGTGGGCCGGT,0,2997812
ratA_yfjF_predicted,0.058823529411764705,16,16,TTTTAGTGGTGTGCGGAATA,0,3003467
ratA_yfjF_predicted,0.058823529411764705,16,16,TTTTACCGCCCCCCCCCACG,0,3020555
ratA_yfjF_predicted,0.058823529411764705,16,16,TTTGTTTTAGACCCGTCTTC,0,3015124
ratA_yfjF_predicted,0.058823529411764705,16,16,TTTCGAATCTTATTCCCATG,0,3000404
ratA_yfjF_predicted,0.058823529411764705,16,16,TTGGCTACAGGAGTCTTTTC,0,3020405
ratA_yfjF_predicted,0.058823529411764705,16,16,TTGCACTTTCGGGCAGCAGG,0,3001797
ratA_yfjF_predicted,0.058823529411764705,16,16,TTCTGATAAGTTTGTGCGTG,0,3006163
ratA_yfjF_predicted,0.058823529411764705,16,16,TTCCTAGGTATAAACCAGGT,0,3011803
ratA_yfjF_predicted,0.058823529411764705,16,16,TTCCACATAAGACAGCGTTT,0,3012607
ratA_yfjF_predicted,0.058823529411764705,16,16,TGTGATTACCCGCGACAGTC,0,2998417
ratA_yfjF_predicted,0.058823529411764705,16,16,TGTATATTGGTTGGCGGAGT,0,2999633
ratA_yfjF_predicted,0.058823529411764705,16,16,TGGTTTATCGTAATAGTGAG,0,3002577
ratA_yfjF_predicted,0.058823529411764705,16,16,TGGTTCCCGAGCAATATGCA,0,3012824
ratA_yfjF_predicted,0.058823529411764705,16,16,TGGGGACTGTGCACCCATAT,0,3012510
ratA_yfjF_predicted,0.058823529411764705,16,16,TGCATAGGCTTCGCTCCGCA,0,3007886
ratA_yfjF_predicted,0.058823529411764705,16,16,TGATTCGCGTCTTCTTTCGG,0,2997421
ratA_yfjF_predicted,0.058823529411764705,16,16,TGATCCAACCGCTATCTACT,0,3020982
ratA_yfjF_predicted,0.058823529411764705,16,16,TGAGGATTTATGGGAGAACT,0,3002578
ratA_yfjF_predicted,0.058823529411764705,16,16,TCTTAGGCTGAGTCGCCTGT,0,3000936
ratA_yfjF_predicted,0.058823529411764705,16,16,TCTCTCACGTCACACGCGAT,0,3017200
ratA_yfjF_predicted,0.058823529411764705,16,16,TCGTTCAGATCTTCACAGAG,0,2997603
ratA_yfjF_predicted,0.058823529411764705,16,16,TCAGTTATCGGCTAACCATG,0,2997200
ratA_yfjF_predicted,0.058823529411764705,16,16,TCACTTCGCCTGCACGTTGG,0,3003548
ratA_yfjF_predicted,0.058823529411764705,16,16,TAGGACGGTGCTGTCCTATG,0,3013235
ratA_yfjF_predicted,0.058823529411764705,16,16,TAACCGCATGCATGACGGTA,0,3005685
ratA_yfjF_predicted,0.058823529411764705,16,16,GTTGTTGATAACGGCTAATG,0,3006840
ratA_yfjF_predicted,0.058823529411764705,16,16,GTTGCAATCGGCAGTCTCAG,0,3012480
ratA_yfjF_predicted,0.058823529411764705,16,16,GTTATCTGGATCAGGCCCCA,0,3006530
ratA_yfjF_predicted,0.058823529411764705,16,16,GTGGCAGGACAGCACCTATA,0,3020206
ratA_yfjF_predicted,0.058823529411764705,16,16,GTGCGAGTAGTCAATGACAC,0,3007705
ratA_yfjF_predicted,0.058823529411764705,16,16,GTGAGTGTGCAATTTTGCCA,0,3001281
ratA_yfjF_predicted,0.058823529411764705,16,16,GTCGCAGCTTCCGGTAGAAG,0,3002422
ratA_yfjF_predicted,0.058823529411764705,16,16,GTCCGTATGCCGCTTGGCTG,0,3002472
ratA_yfjF_predicted,0.058823529411764705,16,16,GTCCGTAGCGGACTTAAGTA,0,2998935
ratA_yfjF_predicted,0.058823529411764705,16,16,GTATGTGCAATGAATGAACA,0,3018702
ratA_yfjF_predicted,0.058823529411764705,16,16,GTAGTACCCGCAACGGGTCT,0,3011646
ratA_yfjF_predicted,0.058823529411764705,16,16,GTAATTTTTAGGGGTCCTAT,0,3015755
ratA_yfjF_predicted,0.058823529411764705,16,16,GTAATCGGCTTAGGCCAGCA,0,3002252
ratA_yfjF_predicted,0.058823529411764705,16,16,GGTGTGCGGATAGAATCCGT,0,3012825
ratA_yfjF_predicted,0.058823529411764705,16,16,GGTCCTTTCGTACTTCATAA,0,3016389
ratA_yfjF_predicted,0.058823529411764705,16,16,GGGTCTCCTCCTATAGGGAG,0,3010285
ratA_yfjF_predicted,0.058823529411764705,16,16,GGGTCGTATAACCTATTCGT,0,3014102
ratA_yfjF_predicted,0.058823529411764705,16,16,GGCCATCCATATTCCTTCAC,0,2992466
ratA_yfjF_predicted,0.058823529411764705,16,16,GGAGGATTAACATTCTTCCA,0,3007560
ratA_yfjF_predicted,0.058823529411764705,16,16,GGACGGAGACTTCAGATACT,0,3005720
ratA_yfjF_predicted,0.058823529411764705,16,16,GCTTAGGCACGGAAGCACGT,0,3010421
ratA_yfjF_predicted,0.058823529411764705,16,16,GCTGCTCTGTGAAGTGGTGG,0,3000424
ratA_yfjF_predicted,0.058823529411764705,16,16,GCTAGCCCGGGCGTCAAAAT,0,3002168
ratA_yfjF_predicted,0.058823529411764705,16,16,GCGCTGCTTCAGTCAACCCC,0,3018278
ratA_yfjF_predicted,0.058823529411764705,16,16,GCGCAGCAGTTATGCCCTCT,0,3016257
ratA_yfjF_predicted,0.058823529411764705,16,16,GAGGGGAACTGTTGTTCCTA,0,2999417
ratA_yfjF_predicted,0.058823529411764705,16,16,GACTCCATATATTCATATAA,0,3013306
ratA_yfjF_predicted,0.058823529411764705,16,16,GACTCAGAAGTGTAGTCGGA,0,3001182
ratA_yfjF_predicted,0.058823529411764705,16,16,GACGATTATGGAATGCACCG,0,3018649
ratA_yfjF_predicted,0.058823529411764705,16,16,GAACTAAAATCTACCAAATG,0,3009549
ratA_yfjF_predicted,0.058823529411764705,16,16,GAACGGCGATCGCTTCAGTA,0,3000019
ratA_yfjF_predicted,0.058823529411764705,16,16,GAACCCCACCAAGAACCAAT,0,3010184
ratA_yfjF_predicted,0.058823529411764705,16,16,GAAATGAAGCCGACTACAAA,0,3006321
ratA_yfjF_predicted,0.058823529411764705,16,16,CTTTGCTAGAGTTGTATTCT,0,3001504
ratA_yfjF_predicted,0.058823529411764705,16,16,CTTGATTGGCCACTAATCCT,0,3009066
ratA_yfjF_predicted,0.058823529411764705,16,16,CTTACAAGAAATGCGACCTA,0,3005714
ratA_yfjF_predicted,0.058823529411764705,16,16,CTGTCACATTTGATCACACG,0,3018458
ratA_yfjF_predicted,0.058823529411764705,16,16,CTCCTCAGGGGGTCCCAAGA,0,2996824
ratA_yfjF_predicted,0.058823529411764705,16,16,CTCCATAAACAGCAGCCGAT,0,2995145
ratA_yfjF_predicted,0.058823529411764705,16,16,CTCATAGTTATATCGGCACG,0,3003304
ratA_yfjF_predicted,0.058823529411764705,16,16,CTCAACAACCAACAGCTGAG,0,2996151
ratA_yfjF_predicted,0.058823529411764705,16,16,CTATCGGGCTTTGGAGCTTA,0,3009442
ratA_yfjF_predicted,0.058823529411764705,16,16,CTAGTAGTTTCGTCTGTTTC,0,2994970
ratA_yfjF_predicted,0.058823529411764705,16,16,CTAAACGTTGTGGAGCACTG,0,3021590
ratA_yfjF_predicted,0.058823529411764705,16,16,CGTCCATACGCTACCTCACG,0,2991950
ratA_yfjF_predicted,0.058823529411764705,16,16,CGTCACTGCTTCGGGGCTCT,0,3001863
ratA_yfjF_predicted,0.058823529411764705,16,16,CGGGGCTTTTGATCGTAGAT,0,3000373
ratA_yfjF_predicted,0.058823529411764705,16,16,CGGGAACGCGGGACCGGGAT,0,3016591
ratA_yfjF_predicted,0.058823529411764705,16,16,CGATTCCCCCGGCTTTCGGA,0,3012108
ratA_yfjF_predicted,0.058823529411764705,16,16,CCTGACACAGTGCGGGTCCG,0,3019515
ratA_yfjF_predicted,0.058823529411764705,16,16,CCTCGATATAGGAAGTCCAG,0,2994635
ratA_yfjF_predicted,0.058823529411764705,16,16,CCGTCTTAGTGGGATGTCAC,0,3006335
ratA_yfjF_predicted,0.058823529411764705,16,16,CCGCTCTCCCGCACTTCCTC,0,3015454
ratA_yfjF_predicted,0.058823529411764705,16,16,CCGCCCGGGACTTCTGAGGG,0,3011273
ratA_yfjF_predicted,0.058823529411764705,16,16,CCCGGATTGGTGGGTATAAC,0,3020073
ratA_yfjF_predicted,0.058823529411764705,16,16,CCCCGGTTTCGAAAGCTTAT,0,3009316
ratA_yfjF_predicted,0.058823529411764705,16,16,CCAGGCTCTACCGAGTGTAG,0,2999402
ratA_yfjF_predicted,0.058823529411764705,16,16,CATGTCTAAATGAAAATGTA,0,2995906
ratA_yfjF_predicted,0.058823529411764705,16,16,CAGTTTCCTGATTTTCCCAA,0,2994959
ratA_yfjF_predicted,0.058823529411764705,16,16,CAGTAAGTTCTAGACATGGG,0,3020653
ratA_yfjF_predicted,0.058823529411764705,16,16,CAAAGTTCACAGCTGCTGAT,0,3001606
ratA_yfjF_predicted,0.058823529411764705,16,16,ATTCCAACGTATGTAACGCT,0,3001986
ratA_yfjF_predicted,0.058823529411764705,16,16,ATTACCCATATAAAGCATAT,0,3010176
ratA_yfjF_predicted,0.058823529411764705,16,16,ATCACACCCTGGCGTTGGGT,0,3002128
ratA_yfjF_predicted,0.058823529411764705,16,16,ATCAATACGAGAAGGTATAT,0,3016102
ratA_yfjF_predicted,0.058823529411764705,16,16,ATAGTAATGGCACCTAACGT,0,2997921
ratA_yfjF_predicted,0.058823529411764705,16,16,AGGTACGATGTCGGAGGTAT,0,3003905
ratA_yfjF_predicted,0.058823529411764705,16,16,AGGGCTTAAATGGTTTCACA,0,3012083
ratA_yfjF_predicted,0.058823529411764705,16,16,AGCGCGGCTGTTTTTAAGGT,0,3014884
ratA_yfjF_predicted,0.058823529411764705,16,16,AGCCGGGTAACGCAGGGTAC,0,3009271
ratA_yfjF_predicted,0.058823529411764705,16,16,AGATAGTTAAAGGTAGGGAC,0,3016105
ratA_yfjF_predicted,0.058823529411764705,16,16,AGACGGGAGGTTAGCAAAGA,0,2994663
ratA_yfjF_predicted,0.058823529411764705,16,16,ACTGTGGGCACAGATTCTGT,0,2992600
ratA_yfjF_predicted,0.058823529411764705,16,16,ACTCTCGACCGGACCGGATG,0,3017685
ratA_yfjF_predicted,0.058823529411764705,16,16,ACGCAATCCACCCGCCTCTT,0,3000516
ratA_yfjF_predicted,0.058823529411764705,16,16,ACCACTGCGTGCCTCGAGGA,0,3015756
ratA_yfjF_predicted,0.058823529411764705,16,16,ACAGTATGCCTCGCGTGATT,0,3009804
ratA_yfjF_predicted,0.058823529411764705,16,16,ACAATCTCCGTTTTGAGAAA,0,3013888
ratA_yfjF_predicted,0.058823529411764705,16,16,ACAAAGAACGTCCGGCCAGA,0,3007894
ratA_yfjF_predicted,0.058823529411764705,16,16,AATTGGGACCTAGTCTCGGG,0,2997946
ratA_yfjF_predicted,0.058823529411764705,16,16,AATGCTTCCTGGATATGACC,0,2995205
ratA_yfjF_predicted,0.058823529411764705,16,16,AATAAGCGTGCCCACTAATA,0,3000190
ratA_yfjF_predicted,0.058823529411764705,16,16,AAGTTTGCGTTGCTAAGCTT,0,3015600
ratA_yfjF_predicted,0.058823529411764705,16,16,AACTTTCCTCTCCAACATTT,0,3000132
ratA_yfjF_predicted,0.058823529411764705,16,16,AACGTTAATTACGCCAGATG,0,3007359
ratA_yfjF_predicted,0.058823529411764705,16,16,AACGTCATGCCTAGGTGACC,0,3010826
ratA_yfjF_predicted,0.058823529411764705,16,16,AACATTCGTAGGTGGCACAA,0,3010001
ratA_yfjF_predicted,0.058823529411764705,16,16,AAAGAGAGCTGGCCTCGGGT,0,2994677
ratA_yfjF_predicted,0.0625,15,15,TTTGCTACGGTTTACTCAGA,0,3011804
ratA_yfjF_predicted,0.0625,15,15,TTTCTATACTAGAATCCATA,0,3002592
ratA_yfjF_predicted,0.0625,15,15,TTTCCGGCGTGAACTTTAAT,0,2996584
ratA_yfjF_predicted,0.0625,15,15,TTCCTGGCAAATATTATGGT,0,3006458
ratA_yfjF_predicted,0.0625,15,15,TTCCTCATCAAGTGGACACA,0,2994229
ratA_yfjF_predicted,0.0625,15,15,TTCCGGGCTAACGGTGGTGG,0,3015253
ratA_yfjF_predicted,0.0625,15,15,TTCCCGGTACCGCACGGCTA,0,2999557
ratA_yfjF_predicted,0.0625,15,15,TGTAGTGCTAAATGCTGGCT,0,2993972
ratA_yfjF_predicted,0.0625,15,15,TGCCAACGGCTATGAATTTA,0,3001121
ratA_yfjF_predicted,0.0625,15,15,TGCAAAAAGCAATATTGTGG,0,2994902
ratA_yfjF_predicted,0.0625,15,15,TGAGGCTTGGATGTAGCTAC,0,3006526
ratA_yfjF_predicted,0.0625,15,15,TCTCCCAGCCCTAGCCCAAC,0,3013562
ratA_yfjF_predicted,0.0625,15,15,TCTATCCGACTTATGCTAGA,0,3001177
ratA_yfjF_predicted,0.0625,15,15,TCGGGTCATCGGTGGTATGT,0,3012388
ratA_yfjF_predicted,0.0625,15,15,TCGGGCATCGGGTAGAATCT,0,3010887
ratA_yfjF_predicted,0.0625,15,15,TCCTTGATCAAAATAGTTAT,0,3016708
ratA_yfjF_predicted,0.0625,15,15,TCCGTCCCTCCTAAAGGGAC,0,2996651
ratA_yfjF_predicted,0.0625,15,15,TCCAGTAGAAAATGGTCTGA,0,3010149
ratA_yfjF_predicted,0.0625,15,15,TCCACGAGCTGCTGCACCAG,0,3002463
ratA_yfjF_predicted,0.0625,15,15,TCAGACGCTTGCCGGTCCTA,0,3020322
ratA_yfjF_predicted,0.0625,15,15,TCAGAAATGATGCTCCGATC,0,3001270
ratA_yfjF_predicted,0.0625,15,15,TCACGTACCCTAGGATATAT,0,3001781
ratA_yfjF_predicted,0.0625,15,15,TATCTCTAGCGTTGAAACTA,0,3008408
ratA_yfjF_predicted,0.0625,15,15,TACTTAGTTTTAATAAGCGA,0,3005835
ratA_yfjF_predicted,0.0625,15,15,TACAGTCACATAGGGCAAGT,0,3011623
ratA_yfjF_predicted,0.0625,15,15,TACACTACAGGTCCGAATAG,0,2998451
ratA_yfjF_predicted,0.0625,15,15,TAAGGTTACAATTAACGGAC,0,2997790
ratA_yfjF_predicted,0.0625,15,15,TAACTTCTTTTCAGGACCCT,0,3000550
ratA_yfjF_predicted,0.0625,15,15,TAACTAGCTGGCCCCCGCGC,0,3009443
ratA_yfjF_predicted,0.0625,15,15,TAACATCCAGATTGGTATGG,0,3016992
ratA_yfjF_predicted,0.0625,15,15,GTTCGGCGCGATGATTTTCG,0,3019467
ratA_yfjF_predicted,0.0625,15,15,GTTCCAGACATTTTCTGGCA,0,3005346
ratA_yfjF_predicted,0.0625,15,15,GTCGTGCCAGCGCACATGTT,0,2994915
ratA_yfjF_predicted,0.0625,15,15,GTCGTAGCAGACGTGGAGCT,0,2994257
ratA_yfjF_predicted,0.0625,15,15,GTCGGCCCATGCTAGTAAAA,0,2996009
ratA_yfjF_predicted,0.0625,15,15,GTCGCAGGGTGAGAAAGCTG,0,3003834
ratA_yfjF_predicted,0.0625,15,15,GTAGGCTCCTTATCCCGTCG,0,3014588
ratA_yfjF_predicted,0.0625,15,15,GTAAGAGGGAGTTCACCTCA,0,3002256
ratA_yfjF_predicted,0.0625,15,15,GGTGCCCAAAGGTTCGCGAA,0,3008143
ratA_yfjF_predicted,0.0625,15,15,GGTCTACTAACACAAATCGG,0,3004638
ratA_yfjF_predicted,0.0625,15,15,GGGCGGGCGGTACTCAGTGT,0,2996317
ratA_yfjF_predicted,0.0625,15,15,GGGATTTTGTACTTTTCCGA,0,3013333
ratA_yfjF_predicted,0.0625,15,15,GGCTGGTACAGCAGAAGTAG,0,3007068
ratA_yfjF_predicted,0.0625,15,15,GGATTATTCCTGGAGGGAAA,0,2997776
ratA_yfjF_predicted,0.0625,15,15,GGAATATTTCCCAAGTAGGA,0,3018869
ratA_yfjF_predicted,0.0625,15,15,GGAAGGGGCATCCACATTCC,0,3006684
ratA_yfjF_predicted,0.0625,15,15,GCTTTTGGGGGAGAAGGGCT,0,3005529
ratA_yfjF_predicted,0.0625,15,15,GCTTGTCGGCGAATTCTGCC,0,3004325
ratA_yfjF_predicted,0.0625,15,15,GCTCATTCCGAGCACGCTTC,0,2998851
ratA_yfjF_predicted,0.0625,15,15,GCTAATTCACATGAGAGAGT,0,3008073
ratA_yfjF_predicted,0.0625,15,15,GCGTGTAGCGACGTACGGTA,0,3006268
ratA_yfjF_predicted,0.0625,15,15,GCGGAACAACGCAAGTATGT,0,3014199
ratA_yfjF_predicted,0.0625,15,15,GCCGGTGAATTATATCAAGT,0,3017364
ratA_yfjF_predicted,0.0625,15,15,GCAGGGTGATACATAAAGGA,0,3009018
ratA_yfjF_predicted,0.0625,15,15,GATTACGCGTCAGCATCTCG,0,3009609
ratA_yfjF_predicted,0.0625,15,15,GAGTCACCCCTACTTCTATT,0,3020992
ratA_yfjF_predicted,0.0625,15,15,GACTGGCCAAGGTATCACCT,0,3002961
ratA_yfjF_predicted,0.0625,15,15,CTTTTAACCAGGTGCGCTTG,0,3009545
ratA_yfjF_predicted,0.0625,15,15,CTTGTCCTACAATATCGGAC,0,3018199
ratA_yfjF_predicted,0.0625,15,15,CTTCAGGGTCGTGGTTGTGG,0,3012478
ratA_yfjF_predicted,0.0625,15,15,CTGCAACGATTGACTAGGCA,0,2998614
ratA_yfjF_predicted,0.0625,15,15,CTGACCGCTGTTCGCGCTGT,0,3016217
ratA_yfjF_predicted,0.0625,15,15,CTACGATATCGCTCCTTCGT,0,3012100
ratA_yfjF_predicted,0.0625,15,15,CTACAAATTATCCGCCCCTT,0,3009679
ratA_yfjF_predicted,0.0625,15,15,CGTTTTTGGGGCGACGGGTT,0,3008667
ratA_yfjF_predicted,0.0625,15,15,CGTCGCTTAATCCGAAGTAT,0,3000187
ratA_yfjF_predicted,0.0625,15,15,CGTAGGAGGGATATAATGAC,0,3014373
ratA_yfjF_predicted,0.0625,15,15,CGGCGTCTTAATCATATGGC,0,2995827
ratA_yfjF_predicted,0.0625,15,15,CGCGAGTGGGAGGAGGCGAA,0,3016621
ratA_yfjF_predicted,0.0625,15,15,CGCATAAGCGATCCAGCGCA,0,3010358
ratA_yfjF_predicted,0.0625,15,15,CGATCGAGTTAGTTATGGAA,0,3011066
ratA_yfjF_predicted,0.0625,15,15,CGACCGCCGTCCCGATTTGA,0,3002887
ratA_yfjF_predicted,0.0625,15,15,CGAATGTCGAACGGGATTGA,0,3009416
ratA_yfjF_predicted,0.0625,15,15,CGAAGTGCGAATGGCCTATT,0,3004441
ratA_yfjF_predicted,0.0625,15,15,CCGGTTAGAAAAGATCCGGC,0,2994358
ratA_yfjF_predicted,0.0625,15,15,CCCAAACGAGTCCGGCGAGA,0,3008099
ratA_yfjF_predicted,0.0625,15,15,CCAGGATTGAGGGGTACCTG,0,2997825
ratA_yfjF_predicted,0.0625,15,15,CCAGAGGCCGGCCCTGTCTT,0,2998175
ratA_yfjF_predicted,0.0625,15,15,CAGGGCCGGTTTACGTAAAT,0,3020486
ratA_yfjF_predicted,0.0625,15,15,CAGATAGTGTGTAAATGAAG,0,3006801
ratA_yfjF_predicted,0.0625,15,15,CACGCGTATTTCAAGACTAG,0,2999501
ratA_yfjF_predicted,0.0625,15,15,ATTGGGTAGGTGCCCAATAT,0,3012433
ratA_yfjF_predicted,0.0625,15,15,ATTGCATTTCAGTAAGACGT,0,3005518
ratA_yfjF_predicted,0.0625,15,15,ATTGACATCGGCTCAATCCG,0,3013190
ratA_yfjF_predicted,0.0625,15,15,ATTCATCTGGAACCTCTGTA,0,3007175
ratA_yfjF_predicted,0.0625,15,15,ATGGTCCTATTGATACAAAA,0,3005952
ratA_yfjF_predicted,0.0625,15,15,ATGGTCCCCTCGCGTTGCGT,0,3004550
ratA_yfjF_predicted,0.0625,15,15,ATGAAGTTTCGAACTGGGGG,0,2993791
ratA_yfjF_predicted,0.0625,15,15,ATCTCGGACTTGGATTAAGA,0,2992265
ratA_yfjF_predicted,0.0625,15,15,ATCCGTTGGTATTCACAGTT,0,3011738
ratA_yfjF_predicted,0.0625,15,15,ATCCCAATGTAGAGCCTCCA,0,2996206
ratA_yfjF_predicted,0.0625,15,15,ATCCAAGGTGGCACAATGTC,0,3012815
ratA_yfjF_predicted,0.0625,15,15,ATAGGACTTCGATACTGGTT,0,2993265
ratA_yfjF_predicted,0.0625,15,15,AGTTCTTCAGAGAAATCACA,0,3001586
ratA_yfjF_predicted,0.0625,15,15,AGTACTTTAAAACAGCCTTC,0,3005215
ratA_yfjF_predicted,0.0625,15,15,AGGGGCATCGGGCCTAAGGA,0,2993893
ratA_yfjF_predicted,0.0625,15,15,AGGGAGGCACAAGGGAAGGA,0,2997648
ratA_yfjF_predicted,0.0625,15,15,AGGGAAAACGCTCCTGCGCA,0,3000706
ratA_yfjF_predicted,0.0625,15,15,AGGCCTCAAAGTAGGGCCGA,0,3000737
ratA_yfjF_predicted,0.0625,15,15,AGGCATGGCTCTTAAGATTA,0,2996527
ratA_yfjF_predicted,0.0625,15,15,AGCTTTTGGAGATCTCATTA,0,3015027
ratA_yfjF_predicted,0.0625,15,15,AGCAAGGGAGAAATCTTAGA,0,2997948
ratA_yfjF_predicted,0.0625,15,15,AGATGTGGGTAGAAGAACGC,0,2994656
ratA_yfjF_predicted,0.0625,15,15,AGATGCCCGGTCGTGGTTAT,0,3003392
ratA_yfjF_predicted,0.0625,15,15,ACTTTGAACAAAGTCCTAAG,0,2992938
ratA_yfjF_predicted,0.0625,15,15,ACGCGGAACGGCCCGGCCTT,0,3010022
ratA_yfjF_predicted,0.0625,15,15,ACGCAGGGGTGGAGTGTAAA,0,3011281
ratA_yfjF_predicted,0.0625,15,15,ACCCTGAGCGGGATCCTATG,0,3016758
ratA_yfjF_predicted,0.0625,15,15,ACATAACCCGGGAGACTCAA,0,3005938
ratA_yfjF_predicted,0.0625,15,15,ACACCGGTCCCCGAACGGAA,0,2994653
ratA_yfjF_predicted,0.0625,15,15,AATGGATTGTTCGATGCCTT,0,3016210
ratA_yfjF_predicted,0.0625,15,15,AATGCGACGACGCATCTAAA,0,3008492
ratA_yfjF_predicted,0.0625,15,15,AATCTGGCCGCGAGAGAAGG,0,2999024
ratA_yfjF_predicted,0.0625,15,15,AAGCTGCCGCGGTATTTATA,0,2993520
ratA_yfjF_predicted,0.0625,15,15,AAATGCAGAAAGATCTCCAA,0,2992196
ratA_yfjF_predicted,0.0625,15,15,AAAGAGTGGCGGAACAGGAC,0,3005552
ratA_yfjF_predicted,0.06666666666666667,14,14,TTTTGCGAGCGCGGGTCCAG,0,2992294
ratA_yfjF_predicted,0.06666666666666667,14,14,TTTGAGGGGAAAGGCGAGAG,0,3003889
ratA_yfjF_predicted,0.06666666666666667,14,14,TTTGAATGCTGGTCCAGATG,0,3003255
ratA_yfjF_predicted,0.06666666666666667,14,14,TTGGCTGTGAGTTCAAGAAC,0,2994444
ratA_yfjF_predicted,0.06666666666666667,14,14,TTCTCGCCGCTGATTGGGTG,0,3002965
ratA_yfjF_predicted,0.06666666666666667,14,14,TTCGCTCGACCGTCGTTGAC,0,3015784
ratA_yfjF_predicted,0.06666666666666667,14,14,TTCCAAAGAGGGTCATTCCT,0,2996289
ratA_yfjF_predicted,0.06666666666666667,14,14,TTCACGATTGGGCCTTAACA,0,3014241
ratA_yfjF_predicted,0.06666666666666667,14,14,TGTACCTGTTTTCAACATGT,0,3006692
ratA_yfjF_predicted,0.06666666666666667,14,14,TGGTATTGTCCGGGCGTGGA,0,3011138
ratA_yfjF_predicted,0.06666666666666667,14,14,TGGTAGATAAAAAGGTCACA,0,3013301
ratA_yfjF_predicted,0.06666666666666667,14,14,TGGAGGAGAACCGATAGTTT,0,3011352
ratA_yfjF_predicted,0.06666666666666667,14,14,TGATGTTAGCGCAGTGTTAT,0,3001839
ratA_yfjF_predicted,0.06666666666666667,14,14,TGAATGATTTTATCCCGTCA,0,3017466
ratA_yfjF_predicted,0.06666666666666667,14,14,TCTGGTAGTTCCGGCAGGCC,0,2995470
ratA_yfjF_predicted,0.06666666666666667,14,14,TCGTGTGGTCCATCCAGGGA,0,3001043
ratA_yfjF_predicted,0.06666666666666667,14,14,TCCGTTTAAACCTAGTACGA,0,3001972
ratA_yfjF_predicted,0.06666666666666667,14,14,TCCATCAGAGTGACTATGAA,0,2995612
ratA_yfjF_predicted,0.06666666666666667,14,14,TCACGTAAGACGTCGGTGAA,0,2999022
ratA_yfjF_predicted,0.06666666666666667,14,14,TATTCGAGCTGAGGGGGAAA,0,3020429
ratA_yfjF_predicted,0.06666666666666667,14,14,TATTCCATGTTACGCACGAC,0,3012585
ratA_yfjF_predicted,0.06666666666666667,14,14,TATTACCATTATTCCGAACA,0,3008025
ratA_yfjF_predicted,0.06666666666666667,14,14,TATAAAACCCGGTGAGGCTT,0,2994525
ratA_yfjF_predicted,0.06666666666666667,14,14,TAGTTACACAGACTGGGTAT,0,3011599
ratA_yfjF_predicted,0.06666666666666667,14,14,TAGATCGTACTGTGACAAGT,0,3016236
ratA_yfjF_predicted,0.06666666666666667,14,14,TAGATAAACATTGGCGCCGA,0,3013323
ratA_yfjF_predicted,0.06666666666666667,14,14,TAGACTGGACGAGGCTCTAG,0,3011920
ratA_yfjF_predicted,0.06666666666666667,14,14,TACATATTCATAGTGTATGT,0,3002704
ratA_yfjF_predicted,0.06666666666666667,14,14,TAAGAAATACTGTGTGAATC,0,3006270
ratA_yfjF_predicted,0.06666666666666667,14,14,TAACGGTTAGCAAATGTAAA,0,3016539
ratA_yfjF_predicted,0.06666666666666667,14,14,TAACATTACGAGCAGCGAGC,0,3016457
ratA_yfjF_predicted,0.06666666666666667,14,14,TAAAGCGCGCCTTTAGCAAC,0,2993673
ratA_yfjF_predicted,0.06666666666666667,14,14,GTTCCCTGAGCAGTTACCAA,0,3006726
ratA_yfjF_predicted,0.06666666666666667,14,14,GTTATCCGACTGAGGTGTAC,0,3002796
ratA_yfjF_predicted,0.06666666666666667,14,14,GTTAGCGAGAATATTGCGAG,0,3011661
ratA_yfjF_predicted,0.06666666666666667,14,14,GTTAAACCACCACTCTGTCC,0,2998057
ratA_yfjF_predicted,0.06666666666666667,14,14,GTGTGTGTACTCTCATATGC,0,3006336
ratA_yfjF_predicted,0.06666666666666667,14,14,GTGGGTATACGATTGGATCT,0,3009426
ratA_yfjF_predicted,0.06666666666666667,14,14,GTCTCCCCAAACTATGGAGA,0,3013615
ratA_yfjF_predicted,0.06666666666666667,14,14,GTCTACGGGACTGAGCCTCC,0,3021157
ratA_yfjF_predicted,0.06666666666666667,14,14,GTCGGGAAGTGTACAATAAA,0,3005423
ratA_yfjF_predicted,0.06666666666666667,14,14,GTCGGACTTAAGAGGAATAT,0,3016331
ratA_yfjF_predicted,0.06666666666666667,14,14,GTCGCGTAATTACAGGATTG,0,3011084
ratA_yfjF_predicted,0.06666666666666667,14,14,GTATCACGAAACTACCAGCA,0,2997896
ratA_yfjF_predicted,0.06666666666666667,14,14,GTATATTAAGGACTGACTCC,0,3000500
ratA_yfjF_predicted,0.06666666666666667,14,14,GTAGTTTATTTCGCTTATAA,0,3016454
ratA_yfjF_predicted,0.06666666666666667,14,14,GTAGGTGTGAAAGTATCCAA,0,2996765
ratA_yfjF_predicted,0.06666666666666667,14,14,GTAAGTAAAACAAGCTGAGA,0,3020295
ratA_yfjF_predicted,0.06666666666666667,14,14,GGTGTCCAAGGTCAGGAATG,0,2996645
ratA_yfjF_predicted,0.06666666666666667,14,14,GGTGCATCAGGCACCCGGTG,0,3000326
ratA_yfjF_predicted,0.06666666666666667,14,14,GGTAAGGGAAACCTGGACTA,0,3016386
ratA_yfjF_predicted,0.06666666666666667,14,14,GGGGGTACGGACAATTTACA,0,3016270
ratA_yfjF_predicted,0.06666666666666667,14,14,GGGCCAATTTTCACCGGGAC,0,3000668
ratA_yfjF_predicted,0.06666666666666667,14,14,GGGAAACGTCAGACTGTTTT,0,3002444
ratA_yfjF_predicted,0.06666666666666667,14,14,GGCCAGCGCGTTTTCCCTCG,0,3001372
ratA_yfjF_predicted,0.06666666666666667,14,14,GGATGGTTGCAACATAACAA,0,2998605
ratA_yfjF_predicted,0.06666666666666667,14,14,GGAGTACACCGGCCCATACA,0,2996192
ratA_yfjF_predicted,0.06666666666666667,14,14,GGAAGAGCGCTTACCGGCCT,0,2999198
ratA_yfjF_predicted,0.06666666666666667,14,14,GCTTAGTTAGTGTTCAGTGT,0,3009157
ratA_yfjF_predicted,0.06666666666666667,14,14,GCTGTGTGGAGTCGCATGTG,0,3011709
ratA_yfjF_predicted,0.06666666666666667,14,14,GCTGGTACGTCGTCACATTG,0,3012350
ratA_yfjF_predicted,0.06666666666666667,14,14,GCCGTCACTTAAGCTTTGCA,0,3009299
ratA_yfjF_predicted,0.06666666666666667,14,14,GCCAGCGTCCGCATGGCTTT,0,2994786
ratA_yfjF_predicted,0.06666666666666667,14,14,GCATTGAGCTTTTTGCAATG,0,2996606
ratA_yfjF_predicted,0.06666666666666667,14,14,GCATGTCTCATCTGTTGTCG,0,3016572
ratA_yfjF_predicted,0.06666666666666667,14,14,GATCTGAGGCAAAGGCCATT,0,3017678
ratA_yfjF_predicted,0.06666666666666667,14,14,GATCGGTCCTGTTCGAGGAC,0,3016261
ratA_yfjF_predicted,0.06666666666666667,14,14,GATCGGGCTCAACCACTACT,0,3001117
ratA_yfjF_predicted,0.06666666666666667,14,14,GATCCCAGGTGACTCGCTAC,0,3001002
ratA_yfjF_predicted,0.06666666666666667,14,14,GACATTAACGAGCTCCTACG,0,3017675
ratA_yfjF_predicted,0.06666666666666667,14,14,GAAGCCCCTTGACACACGGA,0,2995811
ratA_yfjF_predicted,0.06666666666666667,14,14,GAAATGCAGAAATACACTAA,0,3004480
ratA_yfjF_predicted,0.06666666666666667,14,14,GAAAGGACGGGCTGGGAGTC,0,3010595
ratA_yfjF_predicted,0.06666666666666667,14,14,CTTTGCCCCTCTACCTGCAG,0,3000895
ratA_yfjF_predicted,0.06666666666666667,14,14,CTGTGAGCCACTTCCAATCG,0,2992594
ratA_yfjF_predicted,0.06666666666666667,14,14,CTGCTGCGTGATTCTCGGAC,0,3011457
ratA_yfjF_predicted,0.06666666666666667,14,14,CTGATGGCGTGCACCGATGT,0,3007423
ratA_yfjF_predicted,0.06666666666666667,14,14,CTGATAACCATCGGTTGATA,0,3000665
ratA_yfjF_predicted,0.06666666666666667,14,14,CTCTGAAACTGTTGTGGAAT,0,3003561
ratA_yfjF_predicted,0.06666666666666667,14,14,CTCGTGTATTTGACCTCGCT,0,3018124
ratA_yfjF_predicted,0.06666666666666667,14,14,CTCGGCTTACTTGGATAGAT,0,3012099
ratA_yfjF_predicted,0.06666666666666667,14,14,CTATACAAATCATATGCCAG,0,3007635
ratA_yfjF_predicted,0.06666666666666667,14,14,CTAGTCCTGTAATAGCCGAG,0,3007452
ratA_yfjF_predicted,0.06666666666666667,14,14,CTAGGGCTACCGCGTTGTTT,0,3009277
ratA_yfjF_predicted,0.06666666666666667,14,14,CTACCGTTACCCTCGGCCTA,0,2995978
ratA_yfjF_predicted,0.06666666666666667,14,14,CGTTTCGGGTCTGGTCTAGG,0,3013700
ratA_yfjF_predicted,0.06666666666666667,14,14,CGTTGTATAGTGTAGAACGC,0,3018891
ratA_yfjF_predicted,0.06666666666666667,14,14,CGTGGCCGGGAGTTCCACAA,0,3014715
ratA_yfjF_predicted,0.06666666666666667,14,14,CGTCTCCTTACCAGTCTTAC,0,3000085
ratA_yfjF_predicted,0.06666666666666667,14,14,CGTCGCTCGGTGCCATCCGA,0,3000154
ratA_yfjF_predicted,0.06666666666666667,14,14,CGGTTGTGATCTTTGGAACT,0,3020468
ratA_yfjF_predicted,0.06666666666666667,14,14,CGGTGTAGGCATACTTAAGT,0,2992375
ratA_yfjF_predicted,0.06666666666666667,14,14,CGGGACAGACATCACACCGC,0,3012605
ratA_yfjF_predicted,0.06666666666666667,14,14,CGGATCGCTTTAGGTCTTCG,0,2994710
ratA_yfjF_predicted,0.06666666666666667,14,14,CGCGGATTCAGCTCGTTAGT,0,3018668
ratA_yfjF_predicted,0.06666666666666667,14,14,CGATTTACTTATCTTTCGGA,0,3000317
ratA_yfjF_predicted,0.06666666666666667,14,14,CCTCAGCAAGCGTATTAGAC,0,3015638
ratA_yfjF_predicted,0.06666666666666667,14,14,CCGGGTTTGCTCAACCGGCA,0,3005029
ratA_yfjF_predicted,0.06666666666666667,14,14,CCGACTCGGGTCCTTAAGCT,0,3010660
ratA_yfjF_predicted,0.06666666666666667,14,14,CCCCAGTGTTCTGTTTCTGA,0,3018681
ratA_yfjF_predicted,0.06666666666666667,14,14,CCCAGGACGGATGCGTTGCA,0,2994545
ratA_yfjF_predicted,0.06666666666666667,14,14,CCCAAGTAGTCGTCGTTTAT,0,3005314
ratA_yfjF_predicted,0.06666666666666667,14,14,CCAGCGGGTGTTGCCGGCTC,0,3008886
ratA_yfjF_predicted,0.06666666666666667,14,14,CAGGACACCGGTTAGCGACA,0,2994807
ratA_yfjF_predicted,0.06666666666666667,14,14,CACTAGGGCTTTTATCATTG,0,3019054
ratA_yfjF_predicted,0.06666666666666667,14,14,CACATGCCAGGCCGCTGAGA,0,3017365
ratA_yfjF_predicted,0.06666666666666667,14,14,CACACTGTGAGTACAATCTG,0,3001353
ratA_yfjF_predicted,0.06666666666666667,14,14,CAATAAGAGTTTGAATTACT,0,2994445
ratA_yfjF_predicted,0.06666666666666667,14,14,ATTGAGACGAGTGTACTTTG,0,2999112
ratA_yfjF_predicted,0.06666666666666667,14,14,ATTCTTCAAAATCTCGGTGA,0,3003835
ratA_yfjF_predicted,0.06666666666666667,14,14,ATTAGAAAATAACTCGGTGG,0,3015165
ratA_yfjF_predicted,0.06666666666666667,14,14,ATTAACTAAATGGGGGAGAT,0,2991958
ratA_yfjF_predicted,0.06666666666666667,14,14,ATGTCACACGCGAAGGAAAC,0,3016373
ratA_yfjF_predicted,0.06666666666666667,14,14,ATGGATCTTTACTTAGAAAT,0,3016188
ratA_yfjF_predicted,0.06666666666666667,14,14,ATGATGAAATTGTGACATAA,0,3012898
ratA_yfjF_predicted,0.06666666666666667,14,14,ATCGGATAAATTCGGGGGGC,0,3020279
ratA_yfjF_predicted,0.06666666666666667,14,14,ATCGCTGTAGGTCAGGCCAT,0,3005370
ratA_yfjF_predicted,0.06666666666666667,14,14,ATATTTTTTTTGCGTATGTC,0,2995466
ratA_yfjF_predicted,0.06666666666666667,14,14,ATACCATTGCCTCGCCCTTG,0,3015189
ratA_yfjF_predicted,0.06666666666666667,14,14,AGTTTCCAACATTCGTCTAG,0,3015086
ratA_yfjF_predicted,0.06666666666666667,14,14,AGTGGGGTGACAACGCAGAC,0,2994443
ratA_yfjF_predicted,0.06666666666666667,14,14,AGTAGCATAGATCGGCGTAT,0,2995782
ratA_yfjF_predicted,0.06666666666666667,14,14,AGGGGGCTTCAACACTAATT,0,3003301
ratA_yfjF_predicted,0.06666666666666667,14,14,AGGGACGGAAAAGGGCGAAC,0,3018326
ratA_yfjF_predicted,0.06666666666666667,14,14,AGGCTCCAAAGGGTTTAGAC,0,2996023
ratA_yfjF_predicted,0.06666666666666667,14,14,AGGACCCGGGTCCATCATTC,0,2994485
ratA_yfjF_predicted,0.06666666666666667,14,14,AGCGACGGGAGGGCATGCTA,0,3010517
ratA_yfjF_predicted,0.06666666666666667,14,14,AGATTCTACCGAAAGTAGAC,0,3010864
ratA_yfjF_predicted,0.06666666666666667,14,14,AGATGCGGTAACCGTTAGAG,0,2996432
ratA_yfjF_predicted,0.06666666666666667,14,14,ACTTTCGTTAAAAGGGGGAG,0,2994955
ratA_yfjF_predicted,0.06666666666666667,14,14,ACTTCAGCGCAGGGGGGCTT,0,3015338
ratA_yfjF_predicted,0.06666666666666667,14,14,ACTGATATATCGGCAGTAAT,0,3003285
ratA_yfjF_predicted,0.06666666666666667,14,14,ACTACTGATGCCTAAACTTA,0,3018069
ratA_yfjF_predicted,0.06666666666666667,14,14,ACGTTCTTGAGCCTCAAAAG,0,3020012
ratA_yfjF_predicted,0.06666666666666667,14,14,ACGTCATCAATCGCTTTCGG,0,2997008
ratA_yfjF_predicted,0.06666666666666667,14,14,ACGGTGGGGCAACACACAGA,0,3008632
ratA_yfjF_predicted,0.06666666666666667,14,14,ACCTAGTTTATTTTAACATG,0,3012321
ratA_yfjF_predicted,0.06666666666666667,14,14,ACATTTTGCATTTTTGAGGT,0,3001613
ratA_yfjF_predicted,0.06666666666666667,14,14,ACATCTTATTGTCAACGGAC,0,3003708
ratA_yfjF_predicted,0.06666666666666667,14,14,ACAGCGCGGACGTTTCAAGC,0,2997117
ratA_yfjF_predicted,0.06666666666666667,14,14,ACACCCCTGCAGTGCTGGCA,0,3019414
ratA_yfjF_predicted,0.06666666666666667,14,14,AATGGACCAGTAATCAGGTG,0,3005862
ratA_yfjF_predicted,0.06666666666666667,14,14,AAGTCCTGTGGGCAATGTGA,0,3008683
ratA_yfjF_predicted,0.06666666666666667,14,14,AAGTCAAGGCGTTTCCTCGA,0,3006961
ratA_yfjF_predicted,0.06666666666666667,14,14,AAGAGTAGCTAATTATCTGG,0,2998158
ratA_yfjF_predicted,0.06666666666666667,14,14,AAAGAGGACAGGAAATTTGG,0,3002919
ratA_yfjF_predicted,0.06666666666666667,14,14,AAAGAGCTACATAGCTTTGT,0,3017793
ratA_yfjF_predicted,0.06666666666666667,14,14,AAAATGTATGCGCTCGTTTA,0,3008343
ratA_yfjF_predicted,0.07142857142857142,13,13,TTTTTTGACATAGTAAAGAT,0,2998400
ratA_yfjF_predicted,0.07142857142857142,13,13,TTTTATTGAACTGGTAGTGG,0,3011360
ratA_yfjF_predicted,0.07142857142857142,13,13,TTGGTGAAACACCCAAAGTT,0,2994722
ratA_yfjF_predicted,0.07142857142857142,13,13,TTGAACGAGAATTGCATCGC,0,2995495
ratA_yfjF_predicted,0.07142857142857142,13,13,TTCTCGCCTTTAATCGCCAA,0,3018868
ratA_yfjF_predicted,0.07142857142857142,13,13,TTCGGCCCTGATGTATGTTC,0,3013186
ratA_yfjF_predicted,0.07142857142857142,13,13,TTACATTAACCTCGGACACG,0,2997612
ratA_yfjF_predicted,0.07142857142857142,13,13,TGTCGAAGCATCAACCCTGG,0,3004509
ratA_yfjF_predicted,0.07142857142857142,13,13,TGGTCGCGTTTCCCCCCGAC,0,3018729
ratA_yfjF_predicted,0.07142857142857142,13,13,TGGGTCGCGCAGTAACACCC,0,2994316
ratA_yfjF_predicted,0.07142857142857142,13,13,TGGGGTCATTCCCATGATAT,0,3011419
ratA_yfjF_predicted,0.07142857142857142,13,13,TGCGTCATCATGACATTAAT,0,3002497
ratA_yfjF_predicted,0.07142857142857142,13,13,TGCGCGCCTTGCAGAAGGTT,0,3017170
ratA_yfjF_predicted,0.07142857142857142,13,13,TGCACTTTGTTGAAATTGGT,0,3005501
ratA_yfjF_predicted,0.07142857142857142,13,13,TGATTTTTTTGGGTTTATAA,0,3013175
ratA_yfjF_predicted,0.07142857142857142,13,13,TCGTACGGTCGTGCCTAGTT,0,3006689
ratA_yfjF_predicted,0.07142857142857142,13,13,TCGCCAGAGAACAGGATCTT,0,2996398
ratA_yfjF_predicted,0.07142857142857142,13,13,TCAGTCGGAGGGCGCGTTGA,0,3005102
ratA_yfjF_predicted,0.07142857142857142,13,13,TCAGCGGGCCAACTTGTATT,0,3014006
ratA_yfjF_predicted,0.07142857142857142,13,13,TCACGTCATGAGGCTGGGCA,0,2999455
ratA_yfjF_predicted,0.07142857142857142,13,13,TCACGAAAGCTGGGTCCAGG,0,3020113
ratA_yfjF_predicted,0.07142857142857142,13,13,TCAAAGTTCCCTTTCAGTTA,0,3005841
ratA_yfjF_predicted,0.07142857142857142,13,13,TATGCGCGAGCCATACTCTC,0,2996732
ratA_yfjF_predicted,0.07142857142857142,13,13,TATATGCAACTTGGACCGAC,0,3003969
ratA_yfjF_predicted,0.07142857142857142,13,13,TAGTTTAGACTTTACGTTCG,0,3010485
ratA_yfjF_predicted,0.07142857142857142,13,13,TAGCTCAGGCATTTTACATC,0,2996167
ratA_yfjF_predicted,0.07142857142857142,13,13,TAGCCGAAATCAGGTAATCC,0,3005641
ratA_yfjF_predicted,0.07142857142857142,13,13,TAGCCAGGCATCTGTTCTAA,0,3010491
ratA_yfjF_predicted,0.07142857142857142,13,13,TAATCCCCCGCGCTGTATGT,0,2997182
ratA_yfjF_predicted,0.07142857142857142,13,13,TAAATACGCCTGAACTCGAT,0,3003913
ratA_yfjF_predicted,0.07142857142857142,13,13,TAAACCCTGTATCCCATGTT,0,2993631
ratA_yfjF_predicted,0.07142857142857142,13,13,GTTTGCAACATGTCGCGTGT,0,2993869
ratA_yfjF_predicted,0.07142857142857142,13,13,GTTGTTCTGGGGCGCGTAAA,0,2999661
ratA_yfjF_predicted,0.07142857142857142,13,13,GTTGCTCCTCCCTCAAGGGG,0,3012012
ratA_yfjF_predicted,0.07142857142857142,13,13,GTTGCGAATCGCCGGCAAAG,0,3004539
ratA_yfjF_predicted,0.07142857142857142,13,13,GTGGTTTTTAGCCCGCAATA,0,3006463
ratA_yfjF_predicted,0.07142857142857142,13,13,GTGGGGTCCAGCAGCGCGAC,0,3012479
ratA_yfjF_predicted,0.07142857142857142,13,13,GTGATGCAAGCTACCGTACG,0,3010665
ratA_yfjF_predicted,0.07142857142857142,13,13,GTCTCCTGATGAATAAGAGT,0,3013072
ratA_yfjF_predicted,0.07142857142857142,13,13,GTCTATAGCGTTAAAAGAAG,0,3004052
ratA_yfjF_predicted,0.07142857142857142,13,13,GTCGTCTGTTTGGCCCTGTC,0,2992081
ratA_yfjF_predicted,0.07142857142857142,13,13,GTCCTATATTTGCGCAGCGC,0,3014953
ratA_yfjF_predicted,0.07142857142857142,13,13,GTCCTAAGAAGGCGGAAGTT,0,2998755
ratA_yfjF_predicted,0.07142857142857142,13,13,GTCCGCGTTCCTGTCCCCTC,0,3001680
ratA_yfjF_predicted,0.07142857142857142,13,13,GTCCAGCTTGCCACTCGCGG,0,2998513
ratA_yfjF_predicted,0.07142857142857142,13,13,GTCACTCCACAGTGAAGTCA,0,3019958
ratA_yfjF_predicted,0.07142857142857142,13,13,GTAGTGCTAGCTTCAGTGTA,0,3009406
ratA_yfjF_predicted,0.07142857142857142,13,13,GTAAAGATGCCTTTACTCTG,0,2992964
ratA_yfjF_predicted,0.07142857142857142,13,13,GGTTGACTCTCGTCCCGGTC,0,3002702
ratA_yfjF_predicted,0.07142857142857142,13,13,GGTCATCCAGGTGCTGAGTG,0,3017417
ratA_yfjF_predicted,0.07142857142857142,13,13,GGTACTCAGCCAAGCCCCCA,0,3019492
ratA_yfjF_predicted,0.07142857142857142,13,13,GGGGTTCGCCTCGGCTAATT,0,3000130
ratA_yfjF_predicted,0.07142857142857142,13,13,GGGGGTTGGCGCTAGTAATA,0,3004887
ratA_yfjF_predicted,0.07142857142857142,13,13,GGGGAGAGCAGTCATGCAGA,0,3003282
ratA_yfjF_predicted,0.07142857142857142,13,13,GGGCGACATAGCAGCACCAT,0,3009930
ratA_yfjF_predicted,0.07142857142857142,13,13,GGGAACCGTTTTCATAACCC,0,3012720
ratA_yfjF_predicted,0.07142857142857142,13,13,GGCTCAATATGTTGCAACTA,0,3020498
ratA_yfjF_predicted,0.07142857142857142,13,13,GGCGACTACGGTAACCGTTA,0,3014967
ratA_yfjF_predicted,0.07142857142857142,13,13,GGCACGTTGCCTACGCCCCC,0,2994651
ratA_yfjF_predicted,0.07142857142857142,13,13,GCTTGGCGTATTGAGAGTAC,0,3006969
ratA_yfjF_predicted,0.07142857142857142,13,13,GCTCCGTTTCATCGGGGAGA,0,3019289
ratA_yfjF_predicted,0.07142857142857142,13,13,GCTCCGCCTCTCGAGGTATA,0,3018329
ratA_yfjF_predicted,0.07142857142857142,13,13,GCTATCTCAGGAGGTTCTGC,0,3016262
ratA_yfjF_predicted,0.07142857142857142,13,13,GCTAGCCCACGCGATGGAAC,0,3003189
ratA_yfjF_predicted,0.07142857142857142,13,13,GCTACCGTTACGCCATATAT,0,3011199
ratA_yfjF_predicted,0.07142857142857142,13,13,GCGTGTAAAGGAGTGTGTAC,0,3016679
ratA_yfjF_predicted,0.07142857142857142,13,13,GCGGGGTCCATCTTTAATAA,0,2998649
ratA_yfjF_predicted,0.07142857142857142,13,13,GCGGGCAATTTCTCCCAGTT,0,3021431
ratA_yfjF_predicted,0.07142857142857142,13,13,GCATTATCTAGCTCGATTAA,0,2994516
ratA_yfjF_predicted,0.07142857142857142,13,13,GCATCGCGTACTACGTGCGT,0,3009218
ratA_yfjF_predicted,0.07142857142857142,13,13,GCAGTGCACGGCAACTCGAG,0,2999482
ratA_yfjF_predicted,0.07142857142857142,13,13,GCAGGGCTCCTACCGTGGGA,0,3014184
ratA_yfjF_predicted,0.07142857142857142,13,13,GCAGGAAATGTCCTAGCCTA,0,3019183
ratA_yfjF_predicted,0.07142857142857142,13,13,GCAAACCTATTTCCCTGCAG,0,3011884
ratA_yfjF_predicted,0.07142857142857142,13,13,GATTACCCATCGATTAGTCG,0,2997118
ratA_yfjF_predicted,0.07142857142857142,13,13,GATAGGTGAAAGAACGTGTA,0,3018383
ratA_yfjF_predicted,0.07142857142857142,13,13,GAGCGGTCGGTAAGATCAGA,0,3001383
ratA_yfjF_predicted,0.07142857142857142,13,13,GACTAACTTAGGTGAGACGT,0,3019046
ratA_yfjF_predicted,0.07142857142857142,13,13,GACGGTTGGCACTGATCATT,0,3004730
ratA_yfjF_predicted,0.07142857142857142,13,13,GACCAGTCATTCTGTGCCAG,0,3016728
ratA_yfjF_predicted,0.07142857142857142,13,13,GACAAGTAAATTCTTCGGAT,0,3017076
ratA_yfjF_predicted,0.07142857142857142,13,13,GAATCCTACAGACGAAATGG,0,3000791
ratA_yfjF_predicted,0.07142857142857142,13,13,GAACTTTTGGGCCGGAAACA,0,2998644
ratA_yfjF_predicted,0.07142857142857142,13,13,GAACTTAATTATGTATCGCT,0,3009016
ratA_yfjF_predicted,0.07142857142857142,13,13,GAAACTAGGTACAAACACTA,0,2991821
ratA_yfjF_predicted,0.07142857142857142,13,13,CTGCCTTTGACCCCAGGGTT,0,2992116
ratA_yfjF_predicted,0.07142857142857142,13,13,CTGAAGTAACCGGAGGGCGT,0,2993389
ratA_yfjF_predicted,0.07142857142857142,13,13,CTCGTCCTATTGGTTCTCCA,0,2994026
ratA_yfjF_predicted,0.07142857142857142,13,13,CTATTCCATTCGAGGCTTGA,0,3020186
ratA_yfjF_predicted,0.07142857142857142,13,13,CTAGATCATGCTAAAAAGCT,0,3000496
ratA_yfjF_predicted,0.07142857142857142,13,13,CTAAGGTAACCATACGTGAA,0,3001466
ratA_yfjF_predicted,0.07142857142857142,13,13,CGGTCCGGAGCGACTCTTTA,0,2994853
ratA_yfjF_predicted,0.07142857142857142,13,13,CGGGGTGATCTCAGGACTAT,0,2992815
ratA_yfjF_predicted,0.07142857142857142,13,13,CGGCGGTGTTATATTAATTT,0,2993135
ratA_yfjF_predicted,0.07142857142857142,13,13,CGGACTGCCAAGTGCACCTA,0,3020286
ratA_yfjF_predicted,0.07142857142857142,13,13,CGGAAATAATTCTGGTTAAG,0,3014918
ratA_yfjF_predicted,0.07142857142857142,13,13,CGCTGTCGTTCCATAATGCT,0,2998652
ratA_yfjF_predicted,0.07142857142857142,13,13,CGCGGTGGTCCGCCTTTAGA,0,3011323
ratA_yfjF_predicted,0.07142857142857142,13,13,CGCACGTGTATTTATCAAAA,0,2995722
ratA_yfjF_predicted,0.07142857142857142,13,13,CGATTGCGCGGTCAAGTCAG,0,3006414
ratA_yfjF_predicted,0.07142857142857142,13,13,CGAGTCAACTTAGTTATTGC,0,2996429
ratA_yfjF_predicted,0.07142857142857142,13,13,CGACCATCAAACGGAGAGCG,0,2994925
ratA_yfjF_predicted,0.07142857142857142,13,13,CGAATAAAGATTGACCGCAG,0,3015633
ratA_yfjF_predicted,0.07142857142857142,13,13,CCGTCCCATAGAACGAAGCG,0,3018044
ratA_yfjF_predicted,0.07142857142857142,13,13,CCGGGGATAGAGCAGTGCCA,0,2996693
ratA_yfjF_predicted,0.07142857142857142,13,13,CCGAACGTCGCAGGTCTAGT,0,3020933
ratA_yfjF_predicted,0.07142857142857142,13,13,CCCGGAGGGGGCAGGAACAG,0,3017724
ratA_yfjF_predicted,0.07142857142857142,13,13,CCCGATTTCCTTGTCGGGCA,0,3006051
ratA_yfjF_predicted,0.07142857142857142,13,13,CCCCTAATTGCACTTTTTCC,0,3010200
ratA_yfjF_predicted,0.07142857142857142,13,13,CCCATATGATAGGCTATGTT,0,2997369
ratA_yfjF_predicted,0.07142857142857142,13,13,CCATTACGTAAATCGCATGA,0,3004269
ratA_yfjF_predicted,0.07142857142857142,13,13,CCAGTTCTTGGAAAGATGGA,0,2996855
ratA_yfjF_predicted,0.07142857142857142,13,13,CCAGAATTTTCAGGTTCGCT,0,3006118
ratA_yfjF_predicted,0.07142857142857142,13,13,CCACATGTCAGGTCGTGAAG,0,3007825
ratA_yfjF_predicted,0.07142857142857142,13,13,CCACAGCATTTTCACATGGT,0,3002895
ratA_yfjF_predicted,0.07142857142857142,13,13,CCAAGCGAGTTAAGTACGGA,0,3009460
ratA_yfjF_predicted,0.07142857142857142,13,13,CCAAGAGTTAGAGGGGTTCA,0,3017704
ratA_yfjF_predicted,0.07142857142857142,13,13,CCAACCCTCCGATACCTGCG,0,2994034
ratA_yfjF_predicted,0.07142857142857142,13,13,CCAACACATACGTTGCCCAT,0,2996734
ratA_yfjF_predicted,0.07142857142857142,13,13,CATTTGCGTCGGGGCTCTCC,0,2997762
ratA_yfjF_predicted,0.07142857142857142,13,13,CATGTCAGCGTCCCGATCTA,0,2992032
ratA_yfjF_predicted,0.07142857142857142,13,13,CATCGAATCAAGCAATTCTT,0,3009594
ratA_yfjF_predicted,0.07142857142857142,13,13,CATCCGGACCCCCTCCTACA,0,2995012
ratA_yfjF_predicted,0.07142857142857142,13,13,CATAACGTTTAATATTCTTG,0,3014560
ratA_yfjF_predicted,0.07142857142857142,13,13,CAGTCTAGCCGGAATCCCGT,0,2995319
ratA_yfjF_predicted,0.07142857142857142,13,13,CAGTCAAAGCTCCGAACTCG,0,2996795
ratA_yfjF_predicted,0.07142857142857142,13,13,CAGGATAGTGGCGTATTCGT,0,3002943
ratA_yfjF_predicted,0.07142857142857142,13,13,CAGAGCCAGGAGCACAGCAG,0,3009215
ratA_yfjF_predicted,0.07142857142857142,13,13,CACTCGATAAGTCATCTGGT,0,2997804
ratA_yfjF_predicted,0.07142857142857142,13,13,CACGGTCGCCAACGACCAAT,0,3005618
ratA_yfjF_predicted,0.07142857142857142,13,13,CACCACGGATTTAAAACCGT,0,3002733
ratA_yfjF_predicted,0.07142857142857142,13,13,CACATGGTTCTGAGTCAAAT,0,2995075
ratA_yfjF_predicted,0.07142857142857142,13,13,CAATTAGAGCCAGTCGCTGT,0,3005218
ratA_yfjF_predicted,0.07142857142857142,13,13,CAAGGGTGAAGCTAACCGGT,0,2992301
ratA_yfjF_predicted,0.07142857142857142,13,13,CAACCCGCCATCAAAGGGAG,0,3020784
ratA_yfjF_predicted,0.07142857142857142,13,13,CAAAGCTGAACTTCAAAGAG,0,2997385
ratA_yfjF_predicted,0.07142857142857142,13,13,CAAACCTAACGCAAGGTTAG,0,2993281
ratA_yfjF_predicted,0.07142857142857142,13,13,ATTGACTGGATGGCGAGATA,0,3009036
ratA_yfjF_predicted,0.07142857142857142,13,13,ATTCCGTTTAACGATATAGC,0,3018644
ratA_yfjF_predicted,0.07142857142857142,13,13,ATTAACATTTGGTAGTAAGC,0,3002824
ratA_yfjF_predicted,0.07142857142857142,13,13,ATGGAACGGGACCCATTGGG,0,3003597
ratA_yfjF_predicted,0.07142857142857142,13,13,ATGCGCAAAGTTCCAACTAG,0,3003187
ratA_yfjF_predicted,0.07142857142857142,13,13,ATGCAGGTATGTCAGGGGCA,0,2995988
ratA_yfjF_predicted,0.07142857142857142,13,13,ATACGTCTATCAGGTCACGA,0,2991819
ratA_yfjF_predicted,0.07142857142857142,13,13,ATAACCGGCGTTCTCGATGG,0,2995635
ratA_yfjF_predicted,0.07142857142857142,13,13,AGGGGTGAATATCAAGACAC,0,2993974
ratA_yfjF_predicted,0.07142857142857142,13,13,AGGGGGGATGGACCGGGTGC,0,2997262
ratA_yfjF_predicted,0.07142857142857142,13,13,AGCACTATATTATTATAAAT,0,3009096
ratA_yfjF_predicted,0.07142857142857142,13,13,AGATCCCGCGAGACATTGAA,0,3005878
ratA_yfjF_predicted,0.07142857142857142,13,13,ACTATACAAGTGCGCTTGTC,0,3007205
ratA_yfjF_predicted,0.07142857142857142,13,13,ACTACAGGTCGGTCGGAACT,0,3012880
ratA_yfjF_predicted,0.07142857142857142,13,13,ACGCACCGCTCCGTCCATAC,0,3008309
ratA_yfjF_predicted,0.07142857142857142,13,13,ACGAGTATTGGAACGAGCAT,0,2992819
ratA_yfjF_predicted,0.07142857142857142,13,13,ACGAGGGGTCTGAATTAAGC,0,2996187
ratA_yfjF_predicted,0.07142857142857142,13,13,ACGAGGGGCGTATAAGAAAA,0,3006661
ratA_yfjF_predicted,0.07142857142857142,13,13,ACCTTTCAATTAAGCGAAGA,0,3013979
ratA_yfjF_predicted,0.07142857142857142,13,13,ACCGGCGCGCGTCGAGCTCT,0,3006498
ratA_yfjF_predicted,0.07142857142857142,13,13,ACCCCCCCATGTCGCTATGT,0,2993795
ratA_yfjF_predicted,0.07142857142857142,13,13,ACCCAGGTACAAAAACGATA,0,2998583
ratA_yfjF_predicted,0.07142857142857142,13,13,ACCCAATAGTATTGGCAGAG,0,3015254
ratA_yfjF_predicted,0.07142857142857142,13,13,AAGTGGATTGGGTACATAAT,0,2996666
ratA_yfjF_predicted,0.07142857142857142,13,13,AAGCCTCTCAAGCGGGACGC,0,2997931
ratA_yfjF_predicted,0.07142857142857142,13,13,AAGACAACAGTGTCATGCTG,0,2993786
ratA_yfjF_predicted,0.07142857142857142,13,13,AACTGTGGACCATTCCTGTC,0,2994858
ratA_yfjF_predicted,0.07142857142857142,13,13,AACTGTACTGCCCTGTTGCC,0,3021707
ratA_yfjF_predicted,0.07142857142857142,13,13,AACGGCGGTCGAAGTGCGAA,0,3018912
ratA_yfjF_predicted,0.07142857142857142,13,13,AACCGCGGGACCAGCGGTGG,0,3000156
ratA_yfjF_predicted,0.07142857142857142,13,13,AACCAGGAGAAGTCGCTTAG,0,2996839
ratA_yfjF_predicted,0.07142857142857142,13,13,AACACTTTACGGTGTAAGCT,0,3002431
ratA_yfjF_predicted,0.07142857142857142,13,13,AAAGAGTGGTTAGTAACCTC,0,3007670
ratA_yfjF_predicted,0.07142857142857142,13,13,AAAAGCGAAGTTTGTTAGAC,0,2993045
ratA_yfjF_predicted,0.07142857142857142,13,13,AAAAGAACTATCGTTTTCGA,0,3000188
ratA_yfjF_predicted,0.07142857142857142,13,13,AAAACTAGACAGTAAAGGGT,0,2996986
ratA_yfjF_predicted,0.07692307692307693,12,12,TTTTAGCGATATGCAACAGA,0,2994608
ratA_yfjF_predicted,0.07692307692307693,12,12,TTTGTAAATGACCAGCTGAA,0,3009958
ratA_yfjF_predicted,0.07692307692307693,12,12,TTTGCTGGGCGGCAATGGGT,0,3011329
ratA_yfjF_predicted,0.07692307692307693,12,12,TTTATACTTATTATGCTCGG,0,3019509
ratA_yfjF_predicted,0.07692307692307693,12,12,TTTAACCAGTTTCTATAAAC,0,2995669
ratA_yfjF_predicted,0.07692307692307693,12,12,TTGGTCTTTACGAGGTGAGG,0,3007481
ratA_yfjF_predicted,0.07692307692307693,12,12,TTCGCATGAAGAAAACGGGA,0,2993788
ratA_yfjF_predicted,0.07692307692307693,12,12,TTCCTGAAATCGGGCTTCTC,0,3006988
ratA_yfjF_predicted,0.07692307692307693,12,12,TTACAAGGATACTAAGAGAA,0,3011497
ratA_yfjF_predicted,0.07692307692307693,12,12,TGTTAAGGACACGAATCGGT,0,3018985
ratA_yfjF_predicted,0.07692307692307693,12,12,TGGCCCAACACGACTCTACA,0,3001700
ratA_yfjF_predicted,0.07692307692307693,12,12,TGGACTCTCTCCTGCTGGTA,0,3001077
ratA_yfjF_predicted,0.07692307692307693,12,12,TGCCAACCAACTTGTGGGAT,0,2997632
ratA_yfjF_predicted,0.07692307692307693,12,12,TGATTATATACATCTCCTCG,0,3005429
ratA_yfjF_predicted,0.07692307692307693,12,12,TGATCCAGTGTCGTGTTATA,0,3007569
ratA_yfjF_predicted,0.07692307692307693,12,12,TGAGGGATCAGGTTTGCCCG,0,3016478
ratA_yfjF_predicted,0.07692307692307693,12,12,TCGGAGCCGGGAATCGCAGC,0,2998638
ratA_yfjF_predicted,0.07692307692307693,12,12,TCGGACTCTAGGAGCCTGGA,0,3003111
ratA_yfjF_predicted,0.07692307692307693,12,12,TCCTTTGATGAGGGGCTGGA,0,3018297
ratA_yfjF_predicted,0.07692307692307693,12,12,TCCCTGCTTCGTATGACTAT,0,3020275
ratA_yfjF_predicted,0.07692307692307693,12,12,TCCAATGGCCGCTCACCTGG,0,3010989
ratA_yfjF_predicted,0.07692307692307693,12,12,TCAGGATTTACTCGGTAATC,0,2995616
ratA_yfjF_predicted,0.07692307692307693,12,12,TCAGAATGCTCGCAATTTTA,0,2999026
ratA_yfjF_predicted,0.07692307692307693,12,12,TCAAAGGTCTTACTCGCGCT,0,3018034
ratA_yfjF_predicted,0.07692307692307693,12,12,TATGTCGAAAGCTCATGAGT,0,3004378
ratA_yfjF_predicted,0.07692307692307693,12,12,TATGAACGGTCAGGCGACAC,0,3008080
ratA_yfjF_predicted,0.07692307692307693,12,12,TATAGTACGTCGAGTACGTT,0,2997208
ratA_yfjF_predicted,0.07692307692307693,12,12,TAGCCCCGATGGGTTCTCAG,0,2995434
ratA_yfjF_predicted,0.07692307692307693,12,12,TAGAGAGGAACGAGTATGTT,0,2998340
ratA_yfjF_predicted,0.07692307692307693,12,12,TAGAACTTCGCGAGATATTG,0,2995033
ratA_yfjF_predicted,0.07692307692307693,12,12,TACGTTTTTTTAAAATAACT,0,2997587
ratA_yfjF_predicted,0.07692307692307693,12,12,TAACGAGCAATGCATTGATG,0,3019703
ratA_yfjF_predicted,0.07692307692307693,12,12,TAAAGGGCCAGCCAGCAGGG,0,2996860
ratA_yfjF_predicted,0.07692307692307693,12,12,GTTGCACTCGGTCCGTGGGG,0,3005159
ratA_yfjF_predicted,0.07692307692307693,12,12,GTTCTTATCAATGATGCGTT,0,3010552
ratA_yfjF_predicted,0.07692307692307693,12,12,GTGTTCGGTAATTTCATTCC,0,3011096
ratA_yfjF_predicted,0.07692307692307693,12,12,GTGGGGGACGTGTGGACATT,0,3000927
ratA_yfjF_predicted,0.07692307692307693,12,12,GTCTTCGGAGCCGGTGCCTG,0,3011792
ratA_yfjF_predicted,0.07692307692307693,12,12,GTAGAGTTGGTCTACCTAGA,0,3012279
ratA_yfjF_predicted,0.07692307692307693,12,12,GTAACTGGCGTATGCGCACT,0,3004896
ratA_yfjF_predicted,0.07692307692307693,12,12,GGTCATTCAGGGGACGACGT,0,3020438
ratA_yfjF_predicted,0.07692307692307693,12,12,GGTACTCTGCGATTTGATCA,0,3009464
ratA_yfjF_predicted,0.07692307692307693,12,12,GGGAATGGTTGTGATTGAGA,0,3013324
ratA_yfjF_predicted,0.07692307692307693,12,12,GGCATTGAACTGAGACTTGA,0,2992289
ratA_yfjF_predicted,0.07692307692307693,12,12,GGACTACCGGTCGCATCACC,0,3008931
ratA_yfjF_predicted,0.07692307692307693,12,12,GCTTGTGTGAGCGAGGAGCC,0,2993200
ratA_yfjF_predicted,0.07692307692307693,12,12,GCGCAGTGTTCGCGACATCA,0,2996698
ratA_yfjF_predicted,0.07692307692307693,12,12,GCCCCAATTAACCTAGCATA,0,3011613
ratA_yfjF_predicted,0.07692307692307693,12,12,GCCAGGTAACTCAGACGCTT,0,2995558
ratA_yfjF_predicted,0.07692307692307693,12,12,GCAAGCCGGAATTTCAGCTT,0,2997395
ratA_yfjF_predicted,0.07692307692307693,12,12,GCAAACTTCGCGTCACGCGC,0,3017485
ratA_yfjF_predicted,0.07692307692307693,12,12,GATTGCCTAAAACATTTGTA,0,2995930
ratA_yfjF_predicted,0.07692307692307693,12,12,GATTAAACGACTACCCATCC,0,3008471
ratA_yfjF_predicted,0.07692307692307693,12,12,GATCCGGCATCCGTGCGCAT,0,3004900
ratA_yfjF_predicted,0.07692307692307693,12,12,GATCACCCCGTAGTGTAAGG,0,2992496
ratA_yfjF_predicted,0.07692307692307693,12,12,GAGAGAAATGATTTTGAGAC,0,3011747
ratA_yfjF_predicted,0.07692307692307693,12,12,GAGACGGCCCGGACGTAAGA,0,2992103
ratA_yfjF_predicted,0.07692307692307693,12,12,GACTTTCGCCCGGTAAGTAT,0,2997198
ratA_yfjF_predicted,0.07692307692307693,12,12,GACTTCAAACAGCAAAGCCG,0,2996332
ratA_yfjF_predicted,0.07692307692307693,12,12,GACGGCTATCGATTTATAGG,0,2998465
ratA_yfjF_predicted,0.07692307692307693,12,12,GACCTTGGGAACGCGACAGG,0,2996467
ratA_yfjF_predicted,0.07692307692307693,12,12,GACCGGTAGAGATGGCAACC,0,3010699
ratA_yfjF_predicted,0.07692307692307693,12,12,GACAGCCGAGGTGCTAACGA,0,3001982
ratA_yfjF_predicted,0.07692307692307693,12,12,GAATCGGTTGAACGCTATCA,0,2992850
ratA_yfjF_predicted,0.07692307692307693,12,12,GAAGTGTGACACTAGGTATA,0,3002547
ratA_yfjF_predicted,0.07692307692307693,12,12,GAACTTGTTTTCCCATGAAA,0,3002177
ratA_yfjF_predicted,0.07692307692307693,12,12,GAAAGCTCTGAACAGCACTT,0,2995557
ratA_yfjF_predicted,0.07692307692307693,12,12,CTTTCCATGGCTTACGGGTT,0,2998121
ratA_yfjF_predicted,0.07692307692307693,12,12,CTTAGTGGTACTGCCTAAGA,0,2998176
ratA_yfjF_predicted,0.07692307692307693,12,12,CTGTGAACCCTTGGCCGGAC,0,3009435
ratA_yfjF_predicted,0.07692307692307693,12,12,CTGGTTTTTAGTTCGAAGGA,0,2995207
ratA_yfjF_predicted,0.07692307692307693,12,12,CTGGACGGTCAAGCCTCGTA,0,2999628
ratA_yfjF_predicted,0.07692307692307693,12,12,CTGCACTAAGCACATGCGAT,0,3015729
ratA_yfjF_predicted,0.07692307692307693,12,12,CTCTGTTTACAGTTATGTGG,0,3013409
ratA_yfjF_predicted,0.07692307692307693,12,12,CTCTGGGTGCGTGTAATCAG,0,3010578
ratA_yfjF_predicted,0.07692307692307693,12,12,CTCAATGAACCCTGGTACAT,0,3001521
ratA_yfjF_predicted,0.07692307692307693,12,12,CTATCGTACAGACCTGTTCC,0,2993233
ratA_yfjF_predicted,0.07692307692307693,12,12,CTACATGCGCGACATGATGT,0,3000475
ratA_yfjF_predicted,0.07692307692307693,12,12,CTAACATGCTCTGCTACCGG,0,2992174
ratA_yfjF_predicted,0.07692307692307693,12,12,CGTTAGGTGCATAGTCATAA,0,3007751
ratA_yfjF_predicted,0.07692307692307693,12,12,CGTGTTGCACATTGTTTTCA,0,2998958
ratA_yfjF_predicted,0.07692307692307693,12,12,CGTGCAGGCACCGACGTTGT,0,3013085
ratA_yfjF_predicted,0.07692307692307693,12,12,CGTGATCTATGTCCTCCTCG,0,3008850
ratA_yfjF_predicted,0.07692307692307693,12,12,CGTCTTTCTTCGGGCAGCGG,0,3020916
ratA_yfjF_predicted,0.07692307692307693,12,12,CGGTCCCAGGTGAGAGCAGG,0,2996221
ratA_yfjF_predicted,0.07692307692307693,12,12,CGCGGGCGTAGTCTTGAACT,0,3001603
ratA_yfjF_predicted,0.07692307692307693,12,12,CGCCAGACCAGGGTCGGTAT,0,2995496
ratA_yfjF_predicted,0.07692307692307693,12,12,CGCAGGTGGAAGTTGTGCCG,0,2992766
ratA_yfjF_predicted,0.07692307692307693,12,12,CGCAAAGAAGGTTTTCTGCA,0,3002207
ratA_yfjF_predicted,0.07692307692307693,12,12,CGAGTAGTAGCTCGCTCAAT,0,2999251
ratA_yfjF_predicted,0.07692307692307693,12,12,CGAGCGTCACATGGCCGCGT,0,3007862
ratA_yfjF_predicted,0.07692307692307693,12,12,CGAGACGTGGCTTTCACTTA,0,3010291
ratA_yfjF_predicted,0.07692307692307693,12,12,CGACACAGGCTAAATATTAG,0,3016909
ratA_yfjF_predicted,0.07692307692307693,12,12,CCTTGCCCTCTATGCGGCCA,0,3014276
ratA_yfjF_predicted,0.07692307692307693,12,12,CCTGCGTCAGGCCAGTTGGG,0,2999032
ratA_yfjF_predicted,0.07692307692307693,12,12,CCGGCGGGGCGGTTCATGAC,0,3017026
ratA_yfjF_predicted,0.07692307692307693,12,12,CCGCTCGCTTGTGTGCGGAA,0,2993264
ratA_yfjF_predicted,0.07692307692307693,12,12,CCCGAAGAACCTTCGGTCGT,0,2996339
ratA_yfjF_predicted,0.07692307692307693,12,12,CCCAGACCCAAGATCCCGAC,0,2999565
ratA_yfjF_predicted,0.07692307692307693,12,12,CCATGGGGTGTCCCTACCTG,0,2992387
ratA_yfjF_predicted,0.07692307692307693,12,12,CCAGTATCTTGGCTTGGGTG,0,2999458
ratA_yfjF_predicted,0.07692307692307693,12,12,CCAAAGCCGTATGGATCCCA,0,2999322
ratA_yfjF_predicted,0.07692307692307693,12,12,CATGGTCCATTGCGGGTAAA,0,3010140
ratA_yfjF_predicted,0.07692307692307693,12,12,CATGCCTTAAACCGCTTCTA,0,2996721
ratA_yfjF_predicted,0.07692307692307693,12,12,CATGCCGAGTCATCCGACCA,0,3008485
ratA_yfjF_predicted,0.07692307692307693,12,12,CATCCGCTATAAATATATTC,0,2992074
ratA_yfjF_predicted,0.07692307692307693,12,12,CAGTATGCTCGTAGTATGCG,0,3004302
ratA_yfjF_predicted,0.07692307692307693,12,12,CAGCGGCATTATAGTATAAT,0,3000981
ratA_yfjF_predicted,0.07692307692307693,12,12,CAGATCACGAGATAAATCGG,0,3020677
ratA_yfjF_predicted,0.07692307692307693,12,12,CAGAACTTTCACCCATGGCA,0,2999622
ratA_yfjF_predicted,0.07692307692307693,12,12,CACTCCGGCTTGGGCGCATC,0,2996565
ratA_yfjF_predicted,0.07692307692307693,12,12,CACTAATTCAATACCGGAGG,0,3014633
ratA_yfjF_predicted,0.07692307692307693,12,12,CACCGAAATCTGGCTGGCTA,0,3004355
ratA_yfjF_predicted,0.07692307692307693,12,12,CAATCAAATCAAAGCGTTAT,0,3013109
ratA_yfjF_predicted,0.07692307692307693,12,12,ATTGTGTGGTTCTGAACGGG,0,3016163
ratA_yfjF_predicted,0.07692307692307693,12,12,ATTGGAGTCAGTGCCCGGTA,0,2992356
ratA_yfjF_predicted,0.07692307692307693,12,12,ATTCCGATCAAGGCCGATGA,0,3018701
ratA_yfjF_predicted,0.07692307692307693,12,12,ATTCACCCGGCAAGTTGACT,0,3012019
ratA_yfjF_predicted,0.07692307692307693,12,12,ATTATTAAGTTGTATAGGCT,0,3008721
ratA_yfjF_predicted,0.07692307692307693,12,12,ATGTCTATCGCCTTTGGACG,0,3020147
ratA_yfjF_predicted,0.07692307692307693,12,12,ATGGATGAGATTTAGGAGTG,0,3010981
ratA_yfjF_predicted,0.07692307692307693,12,12,ATCTGTAATGCGTAGCGGAC,0,3012919
ratA_yfjF_predicted,0.07692307692307693,12,12,ATCCATTCGCTGTATCCAAA,0,3007415
ratA_yfjF_predicted,0.07692307692307693,12,12,ATCATTGTTTGGGTAGCTGA,0,3003929
ratA_yfjF_predicted,0.07692307692307693,12,12,ATCAATGACGTGTCTAGCCT,0,2993156
ratA_yfjF_predicted,0.07692307692307693,12,12,AGTTATCAATTCCTTTGTCG,0,3005250
ratA_yfjF_predicted,0.07692307692307693,12,12,AGTGTGCGCCACGGGTTTTA,0,2991875
ratA_yfjF_predicted,0.07692307692307693,12,12,AGTGCATGGACACATTAGAA,0,3010473
ratA_yfjF_predicted,0.07692307692307693,12,12,AGTCGGTCTGGCATAAATTG,0,3011248
ratA_yfjF_predicted,0.07692307692307693,12,12,AGTCCCCCCGGTCCTATGCT,0,3016661
ratA_yfjF_predicted,0.07692307692307693,12,12,AGGGTACAAGGTATTGTCTG,0,3010486
ratA_yfjF_predicted,0.07692307692307693,12,12,AGGAGCGCCTTATAGGGAGG,0,2997821
ratA_yfjF_predicted,0.07692307692307693,12,12,AGGAAGATAAACGGGGCTCT,0,3017653
ratA_yfjF_predicted,0.07692307692307693,12,12,AGCGGAGTTTTCAGCGCTCA,0,3002344
ratA_yfjF_predicted,0.07692307692307693,12,12,AGCGCTACGAAGATTAACGA,0,3003297
ratA_yfjF_predicted,0.07692307692307693,12,12,AGCGATCGGCGTGATGTGGA,0,3021257
ratA_yfjF_predicted,0.07692307692307693,12,12,AGCGAAGATGAGGTTTAAAG,0,3018848
ratA_yfjF_predicted,0.07692307692307693,12,12,AGCAGCTGGTAATGATTGTG,0,3000378
ratA_yfjF_predicted,0.07692307692307693,12,12,AGCAGAACCAATAATAGAAT,0,3008446
ratA_yfjF_predicted,0.07692307692307693,12,12,AGAGCCCGATGACATTGGTA,0,3006709
ratA_yfjF_predicted,0.07692307692307693,12,12,ACTGGCGCGATTCGTACCTC,0,3006547
ratA_yfjF_predicted,0.07692307692307693,12,12,ACTCGACTTAGCCGTGGGGT,0,3000434
ratA_yfjF_predicted,0.07692307692307693,12,12,ACTCCAGAGTGATACCTGGC,0,3006691
ratA_yfjF_predicted,0.07692307692307693,12,12,ACGGTTGAGCGCACTTTTAG,0,3003260
ratA_yfjF_predicted,0.07692307692307693,12,12,ACGGAGTCCAACAAGAGCGG,0,3016082
ratA_yfjF_predicted,0.07692307692307693,12,12,ACGCCGTTAACCTCGAGGAA,0,3001155
ratA_yfjF_predicted,0.07692307692307693,12,12,ACAGCTGCATAGGCGCTCGA,0,3003581
ratA_yfjF_predicted,0.07692307692307693,12,12,ACAGCGCCTCAGCACGAGTC,0,3003353
ratA_yfjF_predicted,0.07692307692307693,12,12,AATGAGAGACCTTGCCTGCA,0,3002771
ratA_yfjF_predicted,0.07692307692307693,12,12,AATCGCGGGGCGCATGAGGT,0,2995301
ratA_yfjF_predicted,0.07692307692307693,12,12,AATATGTGGAATATCGAGGT,0,2996297
ratA_yfjF_predicted,0.07692307692307693,12,12,AAGTCCCATAGACAGGAACT,0,3012596
ratA_yfjF_predicted,0.07692307692307693,12,12,AAGACTGCTATATATGCGAC,0,3007719
ratA_yfjF_predicted,0.07692307692307693,12,12,AACTGTGACAATCGATTGTA,0,3017689
ratA_yfjF_predicted,0.07692307692307693,12,12,AAATGGTAAACTGTAGGTTT,0,3003500
ratA_yfjF_predicted,0.07692307692307693,12,12,AAAGCGTCGAACGCTGTTTA,0,3017643
ratA_yfjF_predicted,0.07692307692307693,12,12,AAAGATATAAGGGTTCAGAG,0,3019060
ratA_yfjF_predicted,0.07692307692307693,12,12,AAAGAATTGCCATTAAGTAG,0,3003485
ratA_yfjF_predicted,0.07692307692307693,12,12,AAACCAGTGACTCGCATGCC,0,2999001
ratA_yfjF_predicted,0.08333333333333333,11,11,TTTTACTGAACTACCTGGGT,0,3014154
ratA_yfjF_predicted,0.08333333333333333,11,11,TTTCCGTTAAGACATAAGTG,0,2992082
ratA_yfjF_predicted,0.08333333333333333,11,11,TTTCCCGAATTGTGTCCGTC,0,2999371
ratA_yfjF_predicted,0.08333333333333333,11,11,TTTCAACCTATAGCATGAAT,0,3021464
ratA_yfjF_predicted,0.08333333333333333,11,11,TTGGTCGAGGCGGCACCTAG,0,3003159
ratA_yfjF_predicted,0.08333333333333333,11,11,TTGCCACTATCGCCGCGGGG,0,3010337
ratA_yfjF_predicted,0.08333333333333333,11,11,TTGCAACCACTTATGAGATT,0,3006852
ratA_yfjF_predicted,0.08333333333333333,11,11,TTGCAAAAGTACGTATGACA,0,3003702
ratA_yfjF_predicted,0.08333333333333333,11,11,TTGAGGTCCCTGGGTTGCAA,0,3016980
ratA_yfjF_predicted,0.08333333333333333,11,11,TTCTGGCCAGGGAATTCCCA,0,3020415
ratA_yfjF_predicted,0.08333333333333333,11,11,TTCCGTAGTATCGGAGAGTC,0,2999280
ratA_yfjF_predicted,0.08333333333333333,11,11,TTATTAATTAATGATTTTTC,0,3017367
ratA_yfjF_predicted,0.08333333333333333,11,11,TTATGGTTTAGATCACCCTT,0,2997892
ratA_yfjF_predicted,0.08333333333333333,11,11,TTAATGCTATCATGCGCGAG,0,3015161
ratA_yfjF_predicted,0.08333333333333333,11,11,TGTGGATCCCTTATGCCAAA,0,3009177
ratA_yfjF_predicted,0.08333333333333333,11,11,TGGTGCATCTCTGTCGATGT,0,3006397
ratA_yfjF_predicted,0.08333333333333333,11,11,TGGGTCAGTGCCCGCCAACG,0,2995083
ratA_yfjF_predicted,0.08333333333333333,11,11,TGGGGTGGAGACCGCAATCC,0,3001916
ratA_yfjF_predicted,0.08333333333333333,11,11,TGGCGGCGTCTAATTCAATC,0,2991767
ratA_yfjF_predicted,0.08333333333333333,11,11,TGGCGGACATTCAGAACCGT,0,3018163
ratA_yfjF_predicted,0.08333333333333333,11,11,TGGCGCATAGGCGTTTTAGC,0,3014648
ratA_yfjF_predicted,0.08333333333333333,11,11,TGCTTTCTTAACCGGATGTA,0,2996405
ratA_yfjF_predicted,0.08333333333333333,11,11,TGCTGCGATGGTTCGAGCGT,0,3013522
ratA_yfjF_predicted,0.08333333333333333,11,11,TGCGTTCTAGTTATTGTAGA,0,2992861
ratA_yfjF_predicted,0.08333333333333333,11,11,TGCGGTACTCTCCTTTTGGT,0,3017844
ratA_yfjF_predicted,0.08333333333333333,11,11,TGCGAGTGGCCTTACTAGGT,0,3008801
ratA_yfjF_predicted,0.08333333333333333,11,11,TGCCCCAGACGACCCCCGGG,0,3020669
ratA_yfjF_predicted,0.08333333333333333,11,11,TGCATTGTCACCGACCACTG,0,2995451
ratA_yfjF_predicted,0.08333333333333333,11,11,TGATGTCGTCAATCAAGAGT,0,3018153
ratA_yfjF_predicted,0.08333333333333333,11,11,TGACTAAACGACATCTGCGA,0,3000958
ratA_yfjF_predicted,0.08333333333333333,11,11,TGAACTGGGCGGAGACTACG,0,3009530
ratA_yfjF_predicted,0.08333333333333333,11,11,TCTTCAAAATGAGTCCATAT,0,3012351
ratA_yfjF_predicted,0.08333333333333333,11,11,TCTGTTTTCCCGAAACTATC,0,3005615
ratA_yfjF_predicted,0.08333333333333333,11,11,TCGTCTTCGCTGCCACAATG,0,3015919
ratA_yfjF_predicted,0.08333333333333333,11,11,TCGGCGGAATCAGTCATTAA,0,2999404
ratA_yfjF_predicted,0.08333333333333333,11,11,TCGGCAACTCAATGGTCAAA,0,3002222
ratA_yfjF_predicted,0.08333333333333333,11,11,TCCTGTAGTCCGCTCTCTAT,0,3014752
ratA_yfjF_predicted,0.08333333333333333,11,11,TCCGTGTACTCTCTCGTCTG,0,3009223
ratA_yfjF_predicted,0.08333333333333333,11,11,TCCGTACTGGTGCACTCGTA,0,3002386
ratA_yfjF_predicted,0.08333333333333333,11,11,TCCATGTGCGTTCCCACCAA,0,2997764
ratA_yfjF_predicted,0.08333333333333333,11,11,TCAGTTGTAGGCGGACGTAG,0,3017663
ratA_yfjF_predicted,0.08333333333333333,11,11,TCACGACCGTACACTAACTG,0,3010661
ratA_yfjF_predicted,0.08333333333333333,11,11,TATAATTGTCGTGCAATGTC,0,2994204
ratA_yfjF_predicted,0.08333333333333333,11,11,TATAAGCTGCTTCAGGATAT,0,3004855
ratA_yfjF_predicted,0.08333333333333333,11,11,TAGTAAACGCTGGGGACAAT,0,3006241
ratA_yfjF_predicted,0.08333333333333333,11,11,TAGGAGTACGGCTAAGTCCA,0,3015093
ratA_yfjF_predicted,0.08333333333333333,11,11,TAGCTATCTGCAGCAAGGTA,0,3004769
ratA_yfjF_predicted,0.08333333333333333,11,11,TAGATGCGGAACCGGTAGCT,0,3016785
ratA_yfjF_predicted,0.08333333333333333,11,11,TAGAGTTCGGGGTCGTCCGG,0,2995807
ratA_yfjF_predicted,0.08333333333333333,11,11,TAGAACGAAGGACGTTCTTC,0,2996667
ratA_yfjF_predicted,0.08333333333333333,11,11,TACTATGACCAAGAGCGAGA,0,2996287
ratA_yfjF_predicted,0.08333333333333333,11,11,TACTAGCCCCCCTCACTGAA,0,3001429
ratA_yfjF_predicted,0.08333333333333333,11,11,TACCCGGCGTGGTATCATAA,0,2993865
ratA_yfjF_predicted,0.08333333333333333,11,11,TACATTTCCCCGTCGCCAAT,0,2998801
ratA_yfjF_predicted,0.08333333333333333,11,11,TAATTGAATCCGGCCCTAGT,0,3011619
ratA_yfjF_predicted,0.08333333333333333,11,11,TAATCAGGTGCCAGTCTAAG,0,3013346
ratA_yfjF_predicted,0.08333333333333333,11,11,TAACAACGCCTCACTTTCGT,0,2994892
ratA_yfjF_predicted,0.08333333333333333,11,11,GTTTTTATGTCGTGGATAGC,0,3015155
ratA_yfjF_predicted,0.08333333333333333,11,11,GTTTGTTTGTAGAATACTCC,0,3015437
ratA_yfjF_predicted,0.08333333333333333,11,11,GTTTGGCCGAAGGAGCTAAA,0,2996265
ratA_yfjF_predicted,0.08333333333333333,11,11,GTTCTCCTAAGGTCGTGTGC,0,3019017
ratA_yfjF_predicted,0.08333333333333333,11,11,GTGTTGATCTTACTCTGTGG,0,3017705
ratA_yfjF_predicted,0.08333333333333333,11,11,GTGGGTAGTTGTCTAGTGAC,0,3010073
ratA_yfjF_predicted,0.08333333333333333,11,11,GTGGGATCTTCACGAACAAG,0,2998676
ratA_yfjF_predicted,0.08333333333333333,11,11,GTGCGGCCATACAAACTCAA,0,2999148
ratA_yfjF_predicted,0.08333333333333333,11,11,GTGCATACGACAATTACATG,0,3010330
ratA_yfjF_predicted,0.08333333333333333,11,11,GTGCACTTGAACGACTCGTG,0,3003303
ratA_yfjF_predicted,0.08333333333333333,11,11,GTGAAGCTGATCCGATGGTC,0,3009595
ratA_yfjF_predicted,0.08333333333333333,11,11,GTGAAGCCTAGGGTACTCGC,0,2998011
ratA_yfjF_predicted,0.08333333333333333,11,11,GTCTCTGCGAATGTGGTAGT,0,3008019
ratA_yfjF_predicted,0.08333333333333333,11,11,GTCTCGTCACGCGCCAAGAG,0,2994979
ratA_yfjF_predicted,0.08333333333333333,11,11,GTCGTAGACTCCACGAACAC,0,3011808
ratA_yfjF_predicted,0.08333333333333333,11,11,GTCCATAAGGTTCCACCGAA,0,2993286
ratA_yfjF_predicted,0.08333333333333333,11,11,GTATTTACTCGGCTCAAAGC,0,3019417
ratA_yfjF_predicted,0.08333333333333333,11,11,GTATATGATCTCACCACGGG,0,3017829
ratA_yfjF_predicted,0.08333333333333333,11,11,GTAATGGCGGCTTAGATATA,0,3018166
ratA_yfjF_predicted,0.08333333333333333,11,11,GGTTGTGCGCCCTAAAATAA,0,2996201
ratA_yfjF_predicted,0.08333333333333333,11,11,GGTCGGCTTAGGGAACAGCT,0,3010103
ratA_yfjF_predicted,0.08333333333333333,11,11,GGGTCGGCCCTATCAGAGAA,0,3002062
ratA_yfjF_predicted,0.08333333333333333,11,11,GGGGGTGTATACCTAGTAAG,0,2995340
ratA_yfjF_predicted,0.08333333333333333,11,11,GGGGGTGAGGTTTATCCTTC,0,3008588
ratA_yfjF_predicted,0.08333333333333333,11,11,GGGCGTCTTAGACCACTTCG,0,2991764
ratA_yfjF_predicted,0.08333333333333333,11,11,GGGCATTCTTATGTGAGTGT,0,3009826
ratA_yfjF_predicted,0.08333333333333333,11,11,GGCTATGTAGGTACAACACT,0,3015614
ratA_yfjF_predicted,0.08333333333333333,11,11,GGCTAGCCCTCCGTTAATCC,0,3012435
ratA_yfjF_predicted,0.08333333333333333,11,11,GGCGTGTGACTTTGGCACGG,0,3012928
ratA_yfjF_predicted,0.08333333333333333,11,11,GGCGCGCTAAATATTCTTAC,0,3008172
ratA_yfjF_predicted,0.08333333333333333,11,11,GGCAGCAGGCCGACCTGACC,0,3017923
ratA_yfjF_predicted,0.08333333333333333,11,11,GGCAACCCCCGGGGGTAGGA,0,3001344
ratA_yfjF_predicted,0.08333333333333333,11,11,GGATCAGAACTCCAGCTTAT,0,2993619
ratA_yfjF_predicted,0.08333333333333333,11,11,GGAATGAATGGCGCACTTCA,0,3008719
ratA_yfjF_predicted,0.08333333333333333,11,11,GCTGTCGGGGCTCGCCGCCA,0,2997796
ratA_yfjF_predicted,0.08333333333333333,11,11,GCTAGATCAAGCATTTCCCC,0,3015400
ratA_yfjF_predicted,0.08333333333333333,11,11,GCGTCTCGATTGGTCCCATA,0,3015498
ratA_yfjF_predicted,0.08333333333333333,11,11,GCGGTTTATGAACAGACCCG,0,3000401
ratA_yfjF_predicted,0.08333333333333333,11,11,GCGCTAGCTCCCACACACTT,0,3018401
ratA_yfjF_predicted,0.08333333333333333,11,11,GCGCAATTGCACTGGCACCT,0,3018838
ratA_yfjF_predicted,0.08333333333333333,11,11,GCCTATCTCCATGGGTCGCA,0,3014635
ratA_yfjF_predicted,0.08333333333333333,11,11,GCCGGTCCCGCTTTGGCGTC,0,3017059
ratA_yfjF_predicted,0.08333333333333333,11,11,GCCAGTGGTCAGACTATAGA,0,3008445
ratA_yfjF_predicted,0.08333333333333333,11,11,GCCAGCGCCGCGCGCCATTG,0,3003499
ratA_yfjF_predicted,0.08333333333333333,11,11,GCAGATGGGGTCGATGTTAC,0,3016542
ratA_yfjF_predicted,0.08333333333333333,11,11,GCAATGTGAAGTGATCCTTA,0,3007188
ratA_yfjF_predicted,0.08333333333333333,11,11,GATGGCCACCGAGTGGAGCG,0,3014025
ratA_yfjF_predicted,0.08333333333333333,11,11,GAGGCTGAGAAATTGAGCAA,0,3006482
ratA_yfjF_predicted,0.08333333333333333,11,11,GACTGATTAGGGTTGAGTAC,0,2992073
ratA_yfjF_predicted,0.08333333333333333,11,11,GACTCTGAGTTGATGGGCCT,0,3019281
ratA_yfjF_predicted,0.08333333333333333,11,11,GACGTGGATTTATGGCTGGT,0,2999835
ratA_yfjF_predicted,0.08333333333333333,11,11,GAAGAACTCGTTATGCTTCG,0,2998811
ratA_yfjF_predicted,0.08333333333333333,11,11,GAACGCTGGGGCATTTCTTC,0,3016471
ratA_yfjF_predicted,0.08333333333333333,11,11,GAAAGGGAACGCTATCGGAC,0,2996067
ratA_yfjF_predicted,0.08333333333333333,11,11,GAAAAGATTCCCAACTCAAA,0,3001212
ratA_yfjF_predicted,0.08333333333333333,11,11,CTTGGCTTCTATCATCGTAT,0,2994339
ratA_yfjF_predicted,0.08333333333333333,11,11,CTTCGGCACATTTTGGCGGC,0,3003329
ratA_yfjF_predicted,0.08333333333333333,11,11,CTTCCGTACGCGTTGTCGGG,0,3006066
ratA_yfjF_predicted,0.08333333333333333,11,11,CTTACCTTTCAACCAGTCTT,0,3011652
ratA_yfjF_predicted,0.08333333333333333,11,11,CTGCACTGGTTTATTAAAAC,0,3015152
ratA_yfjF_predicted,0.08333333333333333,11,11,CTGCAAACAGGTGGGCAGTA,0,3020391
ratA_yfjF_predicted,0.08333333333333333,11,11,CTGAGGTTGGGTCCATGGAG,0,3020887
ratA_yfjF_predicted,0.08333333333333333,11,11,CTGAGGGCAGGATGGGCAGA,0,3007110
ratA_yfjF_predicted,0.08333333333333333,11,11,CTCTACGGTGGAATTATGAG,0,3005839
ratA_yfjF_predicted,0.08333333333333333,11,11,CTCGCTGAGAACTCTTTGGT,0,3008435
ratA_yfjF_predicted,0.08333333333333333,11,11,CTCCTTACCCCACCAATATT,0,3007647
ratA_yfjF_predicted,0.08333333333333333,11,11,CTCCTATAGCCTTGTTTAGT,0,3019698
ratA_yfjF_predicted,0.08333333333333333,11,11,CTCACCTTAAGGCTTATATG,0,2996111
ratA_yfjF_predicted,0.08333333333333333,11,11,CTATCTGTCACGCGACGTGT,0,3007316
ratA_yfjF_predicted,0.08333333333333333,11,11,CTATCAATGCCCATCTGAAG,0,3017980
ratA_yfjF_predicted,0.08333333333333333,11,11,CGTTACCTCTCTGAGAAATT,0,3017790
ratA_yfjF_predicted,0.08333333333333333,11,11,CGTGTTTCCCCGTGCGAGCT,0,2998693
ratA_yfjF_predicted,0.08333333333333333,11,11,CGTGTTAGATTTACCACACT,0,3014969
ratA_yfjF_predicted,0.08333333333333333,11,11,CGTGGTTATTGCCTTAACGT,0,3019699
ratA_yfjF_predicted,0.08333333333333333,11,11,CGTATTTGTAGAATTGTGCT,0,3002848
ratA_yfjF_predicted,0.08333333333333333,11,11,CGTATAAACAAGCGATGGCG,0,3019676
ratA_yfjF_predicted,0.08333333333333333,11,11,CGTAGAGCAACCGTGACCCA,0,2996723
ratA_yfjF_predicted,0.08333333333333333,11,11,CGTACTAAGGTTATGAATGC,0,2999567
ratA_yfjF_predicted,0.08333333333333333,11,11,CGGTGCGCGGTTGGAAGCCC,0,3005383
ratA_yfjF_predicted,0.08333333333333333,11,11,CGGTCTTTACATGACATACT,0,3001879
ratA_yfjF_predicted,0.08333333333333333,11,11,CGGGGTTTGTTTATGCGCGT,0,3021363
ratA_yfjF_predicted,0.08333333333333333,11,11,CGGCGCACAAGAACAGACTT,0,3014993
ratA_yfjF_predicted,0.08333333333333333,11,11,CGGCCGGTTGGCAGAAACGT,0,3002475
ratA_yfjF_predicted,0.08333333333333333,11,11,CGCTTCGGATTCGTGAGTAA,0,3013376
ratA_yfjF_predicted,0.08333333333333333,11,11,CGCTGTCAGGCCCAGGCCAG,0,3003840
ratA_yfjF_predicted,0.08333333333333333,11,11,CGCTGCCTTGGATTGGCCGG,0,2996825
ratA_yfjF_predicted,0.08333333333333333,11,11,CGCCAGATCAGTTTCACGAA,0,3006632
ratA_yfjF_predicted,0.08333333333333333,11,11,CGCAGCTGATACCAAGGACA,0,3002849
ratA_yfjF_predicted,0.08333333333333333,11,11,CGATTCCCCTCGCTGAAAGC,0,3000060
ratA_yfjF_predicted,0.08333333333333333,11,11,CCTCCCAGCGTCAGGGTCCA,0,2991921
ratA_yfjF_predicted,0.08333333333333333,11,11,CCTAGTCAGTTAAGCTCACT,0,3019782
ratA_yfjF_predicted,0.08333333333333333,11,11,CCTAGGGTAATGATCCTGAT,0,3002734
ratA_yfjF_predicted,0.08333333333333333,11,11,CCGTAACGTCCAATCGGGAC,0,3005563
ratA_yfjF_predicted,0.08333333333333333,11,11,CCGATTTTTGAGGCGTAAGG,0,3018128
ratA_yfjF_predicted,0.08333333333333333,11,11,CCCCCTAATCCCTCAGGAGG,0,3011923
ratA_yfjF_predicted,0.08333333333333333,11,11,CCCCCCGTACCCTGAGGACA,0,3007851
ratA_yfjF_predicted,0.08333333333333333,11,11,CCCCACCGCTCTTGAAGACG,0,3021044
ratA_yfjF_predicted,0.08333333333333333,11,11,CCCATGATCTGGATTATCAA,0,3011889
ratA_yfjF_predicted,0.08333333333333333,11,11,CCCAAAAGTCGTCTAGGCCG,0,3003916
ratA_yfjF_predicted,0.08333333333333333,11,11,CCAGCCCTCACCCAGTTATA,0,3019689
ratA_yfjF_predicted,0.08333333333333333,11,11,CCAGCCAGGCCACCACAGTA,0,3000664
ratA_yfjF_predicted,0.08333333333333333,11,11,CCACGTAAACGGAATTCCCA,0,3002281
ratA_yfjF_predicted,0.08333333333333333,11,11,CCAAGCCGGCGGGGTTACTA,0,2999953
ratA_yfjF_predicted,0.08333333333333333,11,11,CATTTTAGTCAAGGGTGCAG,0,3012816
ratA_yfjF_predicted,0.08333333333333333,11,11,CATTATATGGGCTGGGACAG,0,3016030
ratA_yfjF_predicted,0.08333333333333333,11,11,CATGGGGGCGTAACTGGGGA,0,3008307
ratA_yfjF_predicted,0.08333333333333333,11,11,CATCGGGGTTTGCAGAGACG,0,2993806
ratA_yfjF_predicted,0.08333333333333333,11,11,CAGTAGCAATTTCTCGCAAA,0,3004780
ratA_yfjF_predicted,0.08333333333333333,11,11,CAGTAACCCCGCTTGTAACG,0,3012749
ratA_yfjF_predicted,0.08333333333333333,11,11,CAGCCCTGGACACGATACAG,0,3009786
ratA_yfjF_predicted,0.08333333333333333,11,11,CAGCCCCACGCAATCGACGG,0,3000363
ratA_yfjF_predicted,0.08333333333333333,11,11,CACATAAAGATCCGCCGTTA,0,2993912
ratA_yfjF_predicted,0.08333333333333333,11,11,CACAGTGCTTCCCTGCTATG,0,3011831
ratA_yfjF_predicted,0.08333333333333333,11,11,CAATTTTTTTCGCAGTTCGT,0,3010221
ratA_yfjF_predicted,0.08333333333333333,11,11,CAATTAAGAGCAGCTTCAGA,0,3006198
ratA_yfjF_predicted,0.08333333333333333,11,11,CAATCGATGTAGTTGGTATA,0,3014405
ratA_yfjF_predicted,0.08333333333333333,11,11,CAAGACTGGTCAAGTAGTCC,0,3007741
ratA_yfjF_predicted,0.08333333333333333,11,11,CAACGGGAAGTCCCAGTCAT,0,3016244
ratA_yfjF_predicted,0.08333333333333333,11,11,ATTTTGTCAAATGTAGGCTA,0,3002865
ratA_yfjF_predicted,0.08333333333333333,11,11,ATTGGCCGCCACCTCGTAAC,0,3003742
ratA_yfjF_predicted,0.08333333333333333,11,11,ATTATGACCTGTTTAAGTAA,0,3015236
ratA_yfjF_predicted,0.08333333333333333,11,11,ATGTCGTATTATAGCAAGGC,0,3004692
ratA_yfjF_predicted,0.08333333333333333,11,11,ATGCTCACGGCCTGTCGCCT,0,2991907
ratA_yfjF_predicted,0.08333333333333333,11,11,ATGCGGACGAAGTAGGGCTA,0,2992257
ratA_yfjF_predicted,0.08333333333333333,11,11,ATCACAGTTGGTAAACCCAC,0,3009059
ratA_yfjF_predicted,0.08333333333333333,11,11,ATATTCACCTGCTCCATAAA,0,3011123
ratA_yfjF_predicted,0.08333333333333333,11,11,ATATGTCTCCCGGGGTAGAT,0,3016138
ratA_yfjF_predicted,0.08333333333333333,11,11,ATAGTGAGACGGTCGTAGTC,0,3013134
ratA_yfjF_predicted,0.08333333333333333,11,11,ATAGGTTTGGAGCAAAATAC,0,3003936
ratA_yfjF_predicted,0.08333333333333333,11,11,ATAGGCATGCCGTTTTATCG,0,3007630
ratA_yfjF_predicted,0.08333333333333333,11,11,ATACGCAGTTGTACCATTCC,0,3004326
ratA_yfjF_predicted,0.08333333333333333,11,11,ATAAGATTCAACGGGAGTGT,0,2998585
ratA_yfjF_predicted,0.08333333333333333,11,11,ATAACTCAACACACAGATTC,0,3011501
ratA_yfjF_predicted,0.08333333333333333,11,11,AGTGCCCGATGAACGCGTAT,0,3001070
ratA_yfjF_predicted,0.08333333333333333,11,11,AGTCCTCTGCTGTTTGTAGG,0,3016057
ratA_yfjF_predicted,0.08333333333333333,11,11,AGTAGTGCCAATAAGTCATA,0,2997563
ratA_yfjF_predicted,0.08333333333333333,11,11,AGTAGGGCTACTCCTTTATT,0,3009035
ratA_yfjF_predicted,0.08333333333333333,11,11,AGGTCCTCACTAAGTCCTAT,0,2995772
ratA_yfjF_predicted,0.08333333333333333,11,11,AGGGTGCACGGCGCCACGCG,0,2992788
ratA_yfjF_predicted,0.08333333333333333,11,11,AGGGATCTGTTGCGATCAAT,0,3004724
ratA_yfjF_predicted,0.08333333333333333,11,11,AGGCGAGCACAATGTCGAAT,0,3017233
ratA_yfjF_predicted,0.08333333333333333,11,11,AGGCCCGCAGACCGCAATGG,0,3006596
ratA_yfjF_predicted,0.08333333333333333,11,11,AGGATAAGAAAGTAGTGCGC,0,3017369
ratA_yfjF_predicted,0.08333333333333333,11,11,AGGAGTAAACCGCTTCAAGT,0,3005979
ratA_yfjF_predicted,0.08333333333333333,11,11,AGGAGATCTACTTAGGATTC,0,3010513
ratA_yfjF_predicted,0.08333333333333333,11,11,AGGACACTTACACATCAATA,0,3016999
ratA_yfjF_predicted,0.08333333333333333,11,11,AGCCTGCCACTATTATTAGT,0,2991968
ratA_yfjF_predicted,0.08333333333333333,11,11,AGCCCCAGAGCGAGTACCGA,0,3012126
ratA_yfjF_predicted,0.08333333333333333,11,11,AGATAACCCCGTGAGGACAG,0,3012920
ratA_yfjF_predicted,0.08333333333333333,11,11,AGAGAGACCCAGAAATCCGA,0,3017106
ratA_yfjF_predicted,0.08333333333333333,11,11,AGACGGCCGGTTGACTCCCC,0,3010362
ratA_yfjF_predicted,0.08333333333333333,11,11,AGAAGCCTCTATCCACTCAT,0,3015466
ratA_yfjF_predicted,0.08333333333333333,11,11,ACTTTTACGTTACAACACCG,0,2997433
ratA_yfjF_predicted,0.08333333333333333,11,11,ACTTCAAAGAAGCTTACCTA,0,3004991
ratA_yfjF_predicted,0.08333333333333333,11,11,ACTGGCATAGAGGGAAGTCA,0,2992847
ratA_yfjF_predicted,0.08333333333333333,11,11,ACTAACAAGTCGGCAAAAGA,0,3012485
ratA_yfjF_predicted,0.08333333333333333,11,11,ACGTGTCACCTGGTTGGTTG,0,3000470
ratA_yfjF_predicted,0.08333333333333333,11,11,ACGTCTACCTGGGCGAATCC,0,3015218
ratA_yfjF_predicted,0.08333333333333333,11,11,ACGGTAAGGAACCTCGGTCA,0,3016806
ratA_yfjF_predicted,0.08333333333333333,11,11,ACGGGCATTATCTCACCGCC,0,3012675
ratA_yfjF_predicted,0.08333333333333333,11,11,ACGGCCCTCATAACCTGTTT,0,3012300
ratA_yfjF_predicted,0.08333333333333333,11,11,ACCGGTCGCTCCAAGTGCGT,0,3020457
ratA_yfjF_predicted,0.08333333333333333,11,11,ACCACTGTGACTGCATATTG,0,2999419
ratA_yfjF_predicted,0.08333333333333333,11,11,ACATGTAAGTTCATTATACT,0,2992432
ratA_yfjF_predicted,0.08333333333333333,11,11,ACAGTTGGAAACGGACGTTG,0,2996788
ratA_yfjF_predicted,0.08333333333333333,11,11,ACACACATACTTGCAACAAT,0,2994854
ratA_yfjF_predicted,0.08333333333333333,11,11,AATGCTGAATTCGGCGGCAA,0,3001657
ratA_yfjF_predicted,0.08333333333333333,11,11,AATGAGCTGCACGAATATAC,0,2998784
ratA_yfjF_predicted,0.08333333333333333,11,11,AAGTTCACGGTCCTCAGCTT,0,3019077
ratA_yfjF_predicted,0.08333333333333333,11,11,AAGTCTTCTACCGAACACAA,0,3003082
ratA_yfjF_predicted,0.08333333333333333,11,11,AAGTCGTAGAATGCAGGCAT,0,3009986
ratA_yfjF_predicted,0.08333333333333333,11,11,AAGGCTCATCCGAGTTTTCC,0,3006729
ratA_yfjF_predicted,0.08333333333333333,11,11,AAGGAGAGGGTAACGTTCAC,0,3018980
ratA_yfjF_predicted,0.08333333333333333,11,11,AAGATGTGTTGGCAGAATGA,0,2992691
ratA_yfjF_predicted,0.08333333333333333,11,11,AACGAGATGCCCCCGGATTC,0,3001229
ratA_yfjF_predicted,0.08333333333333333,11,11,AAATGCGATGGTTCAGCGAA,0,2994295
ratA_yfjF_predicted,0.08333333333333333,11,11,AAACTTACACCACAGCCGGA,0,3008895
ratA_yfjF_predicted,0.08333333333333333,11,11,AAAATCCGCATAGTTAAAGC,0,2992905
ratA_yfjF_predicted,0.09090909090909091,10,10,TTTGTGTCAAAGACGACTCC,0,3000644
ratA_yfjF_predicted,0.09090909090909091,10,10,TTTCCGGCAACCGGTTCCCG,0,3015373
ratA_yfjF_predicted,0.09090909090909091,10,10,TTTCCCACTGTCCAAAACTA,0,3001376
ratA_yfjF_predicted,0.09090909090909091,10,10,TTTAGATTTAGAGCGGGGCA,0,3020867
ratA_yfjF_predicted,0.09090909090909091,10,10,TTTACACCATCGGGTCCATA,0,2996188
ratA_yfjF_predicted,0.09090909090909091,10,10,TTGTTTGCCCCACGTAGTAC,0,3012457
ratA_yfjF_predicted,0.09090909090909091,10,10,TTGTAAGTGGGTGGTTGGCG,0,3002897
ratA_yfjF_predicted,0.09090909090909091,10,10,TTGGTATGGTCCTAGATACG,0,3018010
ratA_yfjF_predicted,0.09090909090909091,10,10,TTGGATAGCCGTTCTTATAG,0,3003754
ratA_yfjF_predicted,0.09090909090909091,10,10,TTGGATAGATTTTTCCTCAT,0,3005872
ratA_yfjF_predicted,0.09090909090909091,10,10,TTGGAAAATAAGGAATCTTA,0,3010953
ratA_yfjF_predicted,0.09090909090909091,10,10,TTGCCTATGGGTGCCGTGAG,0,3000200
ratA_yfjF_predicted,0.09090909090909091,10,10,TTGCAACGTGCCGGTATGAG,0,2996325
ratA_yfjF_predicted,0.09090909090909091,10,10,TTGATGCAATATAGTAAGGA,0,3012663
ratA_yfjF_predicted,0.09090909090909091,10,10,TTGAATCCCACGCTGGTTTG,0,3006360
ratA_yfjF_predicted,0.09090909090909091,10,10,TTCTAGGACAACGTGTGTGC,0,3003357
ratA_yfjF_predicted,0.09090909090909091,10,10,TTCGTATGGCTACCGTGGAA,0,3006624
ratA_yfjF_predicted,0.09090909090909091,10,10,TTCGGTATCCGGCTTGACTT,0,3000076
ratA_yfjF_predicted,0.09090909090909091,10,10,TTCGCGCTTGATTAGCGGTC,0,3007661
ratA_yfjF_predicted,0.09090909090909091,10,10,TTCCGTTCACCCGGGTTCGT,0,3015617
ratA_yfjF_predicted,0.09090909090909091,10,10,TTCATAGGGGTGGCAGCTGG,0,3006951
ratA_yfjF_predicted,0.09090909090909091,10,10,TTCAAGAGAGCCCTGCACAT,0,3005481
ratA_yfjF_predicted,0.09090909090909091,10,10,TTATCTCCTAGTTGGTGCTG,0,3016935
ratA_yfjF_predicted,0.09090909090909091,10,10,TTATACCTTTTCGTGAAATT,0,2996649
ratA_yfjF_predicted,0.09090909090909091,10,10,TGTGACCGGTCTTGTATTTA,0,3008268
ratA_yfjF_predicted,0.09090909090909091,10,10,TGTATATTCCTTTCGTCGTT,0,2992237
ratA_yfjF_predicted,0.09090909090909091,10,10,TGTAATTTGTAATCACCTGC,0,3000892
ratA_yfjF_predicted,0.09090909090909091,10,10,TGGTTCGTGTGATGCGTTTC,0,3017360
ratA_yfjF_predicted,0.09090909090909091,10,10,TGGGAAGGTATGCAATAGCA,0,3010151
ratA_yfjF_predicted,0.09090909090909091,10,10,TGCCTAGGATTGTATCAGTT,0,3007391
ratA_yfjF_predicted,0.09090909090909091,10,10,TGCCCATGGTATTCGTGTGA,0,3002149
ratA_yfjF_predicted,0.09090909090909091,10,10,TGCATATCATATTTGACCTT,0,3002882
ratA_yfjF_predicted,0.09090909090909091,10,10,TGCAGTCGTGAACTCGGGTT,0,3020016
ratA_yfjF_predicted,0.09090909090909091,10,10,TGCAGGGATCGGGCTGAGGT,0,3013503
ratA_yfjF_predicted,0.09090909090909091,10,10,TGCACCGTCACCCTATAATC,0,3000287
ratA_yfjF_predicted,0.09090909090909091,10,10,TGCAAGATGCGCCGTCTCCC,0,3006233
ratA_yfjF_predicted,0.09090909090909091,10,10,TGACTCTGGAGTATAAGGAG,0,2994028
ratA_yfjF_predicted,0.09090909090909091,10,10,TGAATCGTCACACTTCCTTT,0,3018291
ratA_yfjF_predicted,0.09090909090909091,10,10,TGAACACGTGAAGTGTACGA,0,2997221
ratA_yfjF_predicted,0.09090909090909091,10,10,TCTGGGGCAATCCACCGTTC,0,2995638
ratA_yfjF_predicted,0.09090909090909091,10,10,TCTCTGGGAGACGACAGGTA,0,3000754
ratA_yfjF_predicted,0.09090909090909091,10,10,TCTACTCGGGCTAGAAAGGT,0,2996145
ratA_yfjF_predicted,0.09090909090909091,10,10,TCGTGTCGATGAACCAGGGT,0,3018932
ratA_yfjF_predicted,0.09090909090909091,10,10,TCGGCTAAGTAAAAGATTTG,0,3007771
ratA_yfjF_predicted,0.09090909090909091,10,10,TCGGCCTCAGTATGCCGTTC,0,3021774
ratA_yfjF_predicted,0.09090909090909091,10,10,TCGACTTGTGGATCGTACTA,0,2996835
ratA_yfjF_predicted,0.09090909090909091,10,10,TCCGAGACAGGCCGGCTAAA,0,3002881
ratA_yfjF_predicted,0.09090909090909091,10,10,TCCATCAATTAAGGGAATTT,0,3002179
ratA_yfjF_predicted,0.09090909090909091,10,10,TCCAGAGCCACGGGTAAAGC,0,3014335
ratA_yfjF_predicted,0.09090909090909091,10,10,TCAATCCTGCCCATGGAACC,0,3004814
ratA_yfjF_predicted,0.09090909090909091,10,10,TATTACTTACACAGCTCTGT,0,3001484
ratA_yfjF_predicted,0.09090909090909091,10,10,TATATCCGGGCAACCATCCG,0,3017182
ratA_yfjF_predicted,0.09090909090909091,10,10,TAGGCCTTAGGATCCGACTC,0,2998919
ratA_yfjF_predicted,0.09090909090909091,10,10,TAGATTCATATCGGGTGGCG,0,2999518
ratA_yfjF_predicted,0.09090909090909091,10,10,TAGATAGATTTCTGATAGGG,0,2993489
ratA_yfjF_predicted,0.09090909090909091,10,10,TACGCGGAAGGCTAATCGAC,0,3016009
ratA_yfjF_predicted,0.09090909090909091,10,10,TACGATCAGTCAGGCGAGGC,0,3013647
ratA_yfjF_predicted,0.09090909090909091,10,10,TACCACTCGTAAATATGGTG,0,3020359
ratA_yfjF_predicted,0.09090909090909091,10,10,TACATCGCAGCTACCACTTT,0,3019111
ratA_yfjF_predicted,0.09090909090909091,10,10,TACAGTCCACTACAATTTTA,0,2997224
ratA_yfjF_predicted,0.09090909090909091,10,10,TACAGCATAGCAGAACCGGA,0,3010126
ratA_yfjF_predicted,0.09090909090909091,10,10,TAACTGATCGCCGGCTCGAT,0,3000689
ratA_yfjF_predicted,0.09090909090909091,10,10,TAAATAATATTCGAAAGTTG,0,2992102
ratA_yfjF_predicted,0.09090909090909091,10,10,GTTTTACGTCAGACCGCATT,0,2999474
ratA_yfjF_predicted,0.09090909090909091,10,10,GTTTGATTCTTTCGTAGACT,0,3013842
ratA_yfjF_predicted,0.09090909090909091,10,10,GTTTGAAAAGCTATAATGGG,0,3001661
ratA_yfjF_predicted,0.09090909090909091,10,10,GTTTAGGATTCCCTTTCAAC,0,2997683
ratA_yfjF_predicted,0.09090909090909091,10,10,GTTCGCGTGTTATTGCGTTA,0,3014865
ratA_yfjF_predicted,0.09090909090909091,10,10,GTTAGTTGTGTGCTGTTGCT,0,3002362
ratA_yfjF_predicted,0.09090909090909091,10,10,GTGTGTCAACACTGTGGTCT,0,2999792
ratA_yfjF_predicted,0.09090909090909091,10,10,GTGTACACGGACCCACCGCG,0,3013171
ratA_yfjF_predicted,0.09090909090909091,10,10,GTGGCATCATGGTAACGTTT,0,3019270
ratA_yfjF_predicted,0.09090909090909091,10,10,GTGGCAGGCACTTAGATTGA,0,2995480
ratA_yfjF_predicted,0.09090909090909091,10,10,GTGGAGTAGCTTTGTTTCCA,0,3008969
ratA_yfjF_predicted,0.09090909090909091,10,10,GTGGACGTGATTGAGCCTAG,0,3019952
ratA_yfjF_predicted,0.09090909090909091,10,10,GTGACTACGAAGTTCAACAG,0,3012807
ratA_yfjF_predicted,0.09090909090909091,10,10,GTGAATATGTCGAAGAAGTC,0,2993388
ratA_yfjF_predicted,0.09090909090909091,10,10,GTCTGACATTGCCCAGGGTA,0,3012943
ratA_yfjF_predicted,0.09090909090909091,10,10,GTCGCACAAGCCATCACTAT,0,3009862
ratA_yfjF_predicted,0.09090909090909091,10,10,GTATATATGGCACGGCCAAA,0,2996127
ratA_yfjF_predicted,0.09090909090909091,10,10,GTAGCGCATGCCGAATCGCT,0,3002636
ratA_yfjF_predicted,0.09090909090909091,10,10,GTAATCGGGATTCGCTCCCA,0,2991874
ratA_yfjF_predicted,0.09090909090909091,10,10,GGTTAGAGTACCACTTTGTG,0,3000747
ratA_yfjF_predicted,0.09090909090909091,10,10,GGTGGGACGGCGCTGACCTG,0,3010458
ratA_yfjF_predicted,0.09090909090909091,10,10,GGTGCCTATGCGCAATTACT,0,3003442
ratA_yfjF_predicted,0.09090909090909091,10,10,GGTCGTGGTTTGGGCGGTAG,0,3008074
ratA_yfjF_predicted,0.09090909090909091,10,10,GGTACGCACGCCAACTGCCA,0,3000526
ratA_yfjF_predicted,0.09090909090909091,10,10,GGGTCACACGTAGTTGAGTG,0,3008304
ratA_yfjF_predicted,0.09090909090909091,10,10,GGGGTCGGCCGCAGTACTAG,0,3020849
ratA_yfjF_predicted,0.09090909090909091,10,10,GGGGCGTGCCAGACTACCAA,0,2996349
ratA_yfjF_predicted,0.09090909090909091,10,10,GGGCTGCTGCCAATTCGATC,0,3018259
ratA_yfjF_predicted,0.09090909090909091,10,10,GGGCGCGCCATCCCAAGGGA,0,2996669
ratA_yfjF_predicted,0.09090909090909091,10,10,GGGCCTCCCTTGGGCCGAGA,0,3009637
ratA_yfjF_predicted,0.09090909090909091,10,10,GGGCCCTTTGTAGTCAGAAG,0,3021325
ratA_yfjF_predicted,0.09090909090909091,10,10,GGGACTTACGTTTAACTGGA,0,2997791
ratA_yfjF_predicted,0.09090909090909091,10,10,GGGAAAAACATAATAGTAAC,0,3015684
ratA_yfjF_predicted,0.09090909090909091,10,10,GGCGGAGAACTCGAAAAAAT,0,3005368
ratA_yfjF_predicted,0.09090909090909091,10,10,GGATGGCCTGGACTCATGTA,0,2998692
ratA_yfjF_predicted,0.09090909090909091,10,10,GGATACAGCCCTCCGGTTGT,0,3002754
ratA_yfjF_predicted,0.09090909090909091,10,10,GGAGGGCTCCGCACATGTTG,0,2993483
ratA_yfjF_predicted,0.09090909090909091,10,10,GGAGGCAAGTACGTCGCCTG,0,2996092
ratA_yfjF_predicted,0.09090909090909091,10,10,GGAAGTTCTAATATTGCCGG,0,2998236
ratA_yfjF_predicted,0.09090909090909091,10,10,GGAAACGTAGCTTTACTATG,0,2997820
ratA_yfjF_predicted,0.09090909090909091,10,10,GCTCTGCACGCGGGCCATTC,0,3013977
ratA_yfjF_predicted,0.09090909090909091,10,10,GCTCTCTGCGCTTGCGCGCT,0,3002445
ratA_yfjF_predicted,0.09090909090909091,10,10,GCTACAGACTCGTGACTGGG,0,3013207
ratA_yfjF_predicted,0.09090909090909091,10,10,GCGTGTCAGTTACTTTGACT,0,3017895
ratA_yfjF_predicted,0.09090909090909091,10,10,GCGCCAGGTTTGACACATAG,0,2999136
ratA_yfjF_predicted,0.09090909090909091,10,10,GCGATTGCCATTGGTATAGA,0,3021057
ratA_yfjF_predicted,0.09090909090909091,10,10,GCGAGACCTCTGCTATTGTG,0,3008917
ratA_yfjF_predicted,0.09090909090909091,10,10,GCCTCCGGAGACTCAGTACT,0,2995856
ratA_yfjF_predicted,0.09090909090909091,10,10,GCCCTCTACGGCCAGTTATA,0,3006391
ratA_yfjF_predicted,0.09090909090909091,10,10,GCCCGACATCAGATGTTGCA,0,3013466
ratA_yfjF_predicted,0.09090909090909091,10,10,GCACGCGAAAGTATACTCAG,0,3017162
ratA_yfjF_predicted,0.09090909090909091,10,10,GCACACCGTCGTGTAGGCAT,0,3015274
ratA_yfjF_predicted,0.09090909090909091,10,10,GCAACTAACTGTGGTTCCAT,0,3000444
ratA_yfjF_predicted,0.09090909090909091,10,10,GCAACGTAAATTACTCGTGA,0,3001959
ratA_yfjF_predicted,0.09090909090909091,10,10,GATTCGCCCGGCTCACGTTC,0,3015935
ratA_yfjF_predicted,0.09090909090909091,10,10,GATTAGGGGTGATTAGCAAT,0,3000223
ratA_yfjF_predicted,0.09090909090909091,10,10,GATGAAGGTATCGTAGTACA,0,2998255
ratA_yfjF_predicted,0.09090909090909091,10,10,GATCGCGGCTTTGATGACAC,0,3015727
ratA_yfjF_predicted,0.09090909090909091,10,10,GAGCACATCATGATCTGTGT,0,3013966
ratA_yfjF_predicted,0.09090909090909091,10,10,GAGACTCTGGGGTTTGTGGG,0,3007083
ratA_yfjF_predicted,0.09090909090909091,10,10,GAGAAGTATCAACTGCGATT,0,2993327
ratA_yfjF_predicted,0.09090909090909091,10,10,GAGAAGATCGTCAAGCGTCG,0,2992979
ratA_yfjF_predicted,0.09090909090909091,10,10,GAATGGGGGCCAGATCTGAA,0,2995376
ratA_yfjF_predicted,0.09090909090909091,10,10,GAATAGGGTCACTTGCACAT,0,2998445
ratA_yfjF_predicted,0.09090909090909091,10,10,GAATAGAAGAACACATGAGG,0,2994744
ratA_yfjF_predicted,0.09090909090909091,10,10,GAACCAACTCTCGTTTAATG,0,3003129
ratA_yfjF_predicted,0.09090909090909091,10,10,GAACAGGCTTAAGTGCAAAT,0,3005708
ratA_yfjF_predicted,0.09090909090909091,10,10,GAAATAGGTAAGAGAGTATT,0,3007680
ratA_yfjF_predicted,0.09090909090909091,10,10,GAAACGTTCCCCGCGGATAC,0,3013007
ratA_yfjF_predicted,0.09090909090909091,10,10,GAAAAAGGGTGCTTGGCTCT,0,3010393
ratA_yfjF_predicted,0.09090909090909091,10,10,CTTGGTGCGGTATCACACGG,0,3009388
ratA_yfjF_predicted,0.09090909090909091,10,10,CTTGCAGACATGTTCTAAGA,0,3005857
ratA_yfjF_predicted,0.09090909090909091,10,10,CTTCTAAGTCTACCTGAAGT,0,3008199
ratA_yfjF_predicted,0.09090909090909091,10,10,CTTACAGTGAAATGGAGTAT,0,3010435
ratA_yfjF_predicted,0.09090909090909091,10,10,CTGTAGTTTCGCGCCGGTCC,0,3003254
ratA_yfjF_predicted,0.09090909090909091,10,10,CTCTTCAAGGCTACTTTCTC,0,3001128
ratA_yfjF_predicted,0.09090909090909091,10,10,CTCAAGAGAGGACGCGTTGT,0,2998492
ratA_yfjF_predicted,0.09090909090909091,10,10,CTCAACGGCTCTGCTGAAAG,0,2999302
ratA_yfjF_predicted,0.09090909090909091,10,10,CTAGCTTGATTCGAAAGGGA,0,2994527
ratA_yfjF_predicted,0.09090909090909091,10,10,CTAAGCAGCCTTGCATTCGT,0,3016495
ratA_yfjF_predicted,0.09090909090909091,10,10,CTAAATGCGAGGGAAAACTG,0,3012046
ratA_yfjF_predicted,0.09090909090909091,10,10,CGTGGCGCTTTAGGCATAAC,0,2995905
ratA_yfjF_predicted,0.09090909090909091,10,10,CGTGAAAACATCCCTGCTTG,0,3000495
ratA_yfjF_predicted,0.09090909090909091,10,10,CGTCTGTGAGTCAGTTTCCT,0,3004260
ratA_yfjF_predicted,0.09090909090909091,10,10,CGTAGGGTGTGACTATGTGT,0,3008044
ratA_yfjF_predicted,0.09090909090909091,10,10,CGGTCGGTTCAACCTGAATG,0,2997836
ratA_yfjF_predicted,0.09090909090909091,10,10,CGGCCCCGGGTACGTGGAAC,0,3018480
ratA_yfjF_predicted,0.09090909090909091,10,10,CGGATAAAGTGTTTAAGATT,0,3005956
ratA_yfjF_predicted,0.09090909090909091,10,10,CGCTACGACCGTGGGAGGCA,0,2994297
ratA_yfjF_predicted,0.09090909090909091,10,10,CGCGGGCCTCCCAGAGCAGC,0,3004721
ratA_yfjF_predicted,0.09090909090909091,10,10,CGCGAAGAGAACGACTTTCT,0,3001388
ratA_yfjF_predicted,0.09090909090909091,10,10,CGCCAGGCGAGGAACTTTTA,0,3015996
ratA_yfjF_predicted,0.09090909090909091,10,10,CGCACTTTTCAAGCATGCGG,0,2999604
ratA_yfjF_predicted,0.09090909090909091,10,10,CGATGGTTTCTCGAGTGGCA,0,3017827
ratA_yfjF_predicted,0.09090909090909091,10,10,CGAGCGTGGTTTTCCTTTGA,0,2996722
ratA_yfjF_predicted,0.09090909090909091,10,10,CGACATGGCAAGCAGCTGCT,0,2998797
ratA_yfjF_predicted,0.09090909090909091,10,10,CGACAATGGGAGGCCGGAGT,0,3017396
ratA_yfjF_predicted,0.09090909090909091,10,10,CGAACCATTCTCGGAGCTTG,0,3001898
ratA_yfjF_predicted,0.09090909090909091,10,10,CGAACACTTCCATCACTTGA,0,3012280
ratA_yfjF_predicted,0.09090909090909091,10,10,CCTGCGTTGAAGCGACTCGA,0,3001120
ratA_yfjF_predicted,0.09090909090909091,10,10,CCTCGGTGACGATGGAACGC,0,3007238
ratA_yfjF_predicted,0.09090909090909091,10,10,CCGTACATCGCGCGGCTCAA,0,3003325
ratA_yfjF_predicted,0.09090909090909091,10,10,CCGGTTGGTGACGTAACTAA,0,3021092
ratA_yfjF_predicted,0.09090909090909091,10,10,CCGGTAGGGTGTAGGATAGT,0,3006333
ratA_yfjF_predicted,0.09090909090909091,10,10,CCGGGGGTCTCAAACGCATG,0,3000168
ratA_yfjF_predicted,0.09090909090909091,10,10,CCGGAACGTACCGGACGCTT,0,3013425
ratA_yfjF_predicted,0.09090909090909091,10,10,CCGCCTGAAGTTCAGTATAT,0,2996689
ratA_yfjF_predicted,0.09090909090909091,10,10,CCCTGGTCCGACCGGTCGTA,0,3010935
ratA_yfjF_predicted,0.09090909090909091,10,10,CCCGTAGCAAGCCCATAGTA,0,2992747
ratA_yfjF_predicted,0.09090909090909091,10,10,CCCGTAGACATTCTGCTAGA,0,3009837
ratA_yfjF_predicted,0.09090909090909091,10,10,CCCGGCCATATCCAGCGGAT,0,3014859
ratA_yfjF_predicted,0.09090909090909091,10,10,CCATCATAACAAATCTGTAC,0,3019993
ratA_yfjF_predicted,0.09090909090909091,10,10,CCAGGTCGCATCTCCATTTC,0,3015000
ratA_yfjF_predicted,0.09090909090909091,10,10,CCAGGGGACCTGGATAATAT,0,3002156
ratA_yfjF_predicted,0.09090909090909091,10,10,CCAGGCTCTCAGTTAAATAT,0,2999422
ratA_yfjF_predicted,0.09090909090909091,10,10,CCAGACCGCCGGATATCGTC,0,2996443
ratA_yfjF_predicted,0.09090909090909091,10,10,CCACTTGATGCACCCCCGTG,0,3002995
ratA_yfjF_predicted,0.09090909090909091,10,10,CCACTTAGATTGTCCTGCGT,0,3015619
ratA_yfjF_predicted,0.09090909090909091,10,10,CCACCTTCGTAACCGGGGAA,0,2992939
ratA_yfjF_predicted,0.09090909090909091,10,10,CATTTGACGACGAGGGAGGA,0,3007846
ratA_yfjF_predicted,0.09090909090909091,10,10,CATGGTTGTACACTTTTTAG,0,3008942
ratA_yfjF_predicted,0.09090909090909091,10,10,CATGCGTCGTTGGGGAGGCA,0,3008274
ratA_yfjF_predicted,0.09090909090909091,10,10,CATCTGCAGCTAGGTCAATA,0,3016937
ratA_yfjF_predicted,0.09090909090909091,10,10,CATCCTATTCGCAGGGGCTG,0,3009936
ratA_yfjF_predicted,0.09090909090909091,10,10,CAGGTCTCAGGGTCGGTCTG,0,3007687
ratA_yfjF_predicted,0.09090909090909091,10,10,CAGGACTGACCGAAACGCAG,0,3008944
ratA_yfjF_predicted,0.09090909090909091,10,10,CAGCAGTGCGATTAACGCGA,0,2995425
ratA_yfjF_predicted,0.09090909090909091,10,10,CAGCAGGGATGTTAGGATGT,0,3005935
ratA_yfjF_predicted,0.09090909090909091,10,10,CACTTGGTAAGGCAAACCTG,0,2994479
ratA_yfjF_predicted,0.09090909090909091,10,10,CACGATTCTAATCTGGCTCG,0,3000790
ratA_yfjF_predicted,0.09090909090909091,10,10,CACACTGCCTGATTGTTTTG,0,3015397
ratA_yfjF_predicted,0.09090909090909091,10,10,CAATTCTACGGCGCGTAGCA,0,2996139
ratA_yfjF_predicted,0.09090909090909091,10,10,CAATTAACGTGACGAGGATG,0,2995909
ratA_yfjF_predicted,0.09090909090909091,10,10,CAATGGTTCGCGCCGGCTAT,0,2994868
ratA_yfjF_predicted,0.09090909090909091,10,10,CAAGTTATACAACCCGCAAT,0,3008825
ratA_yfjF_predicted,0.09090909090909091,10,10,CAAATAAACCGGAGACCCAG,0,3021148
ratA_yfjF_predicted,0.09090909090909091,10,10,ATTTTCCCATGCGCACCGAT,0,2996426
ratA_yfjF_predicted,0.09090909090909091,10,10,ATGTGGCGTTTTATGACCAT,0,3004208
ratA_yfjF_predicted,0.09090909090909091,10,10,ATGTCGGACATCGGGAGCTC,0,3000714
ratA_yfjF_predicted,0.09090909090909091,10,10,ATGCTTTCGCGCACTGCACA,0,3000381
ratA_yfjF_predicted,0.09090909090909091,10,10,ATGCATGATCGATCTGGCAA,0,3018367
ratA_yfjF_predicted,0.09090909090909091,10,10,ATCTTGCCGTTGAGGGGGAC,0,3000694
ratA_yfjF_predicted,0.09090909090909091,10,10,ATCTTCTCAAAAGGTCGGAA,0,3000749
ratA_yfjF_predicted,0.09090909090909091,10,10,ATCGAGACACGCGTTACTGA,0,2992442
ratA_yfjF_predicted,0.09090909090909091,10,10,ATCCGCACGAGTACGGGACT,0,2995078
ratA_yfjF_predicted,0.09090909090909091,10,10,ATCCCTCTGCGCAATAACCA,0,3005694
ratA_yfjF_predicted,0.09090909090909091,10,10,ATCCAGCGAACCGACAAGGG,0,2993772
ratA_yfjF_predicted,0.09090909090909091,10,10,ATAGGCCAGGCTGGATGGTT,0,3014299
ratA_yfjF_predicted,0.09090909090909091,10,10,ATAGCGTTTCCCTAAGTCCT,0,3000598
ratA_yfjF_predicted,0.09090909090909091,10,10,ATAATCTCGGCATAGCCCTT,0,3006546
ratA_yfjF_predicted,0.09090909090909091,10,10,AGTGTCCACTCGATGTGTCC,0,3020947
ratA_yfjF_predicted,0.09090909090909091,10,10,AGTGATTTGGGACCGGAAAG,0,3002880
ratA_yfjF_predicted,0.09090909090909091,10,10,AGTCGATATGGAAGACCCTA,0,3009542
ratA_yfjF_predicted,0.09090909090909091,10,10,AGTCCTCGGACAAATTAAGT,0,3001266
ratA_yfjF_predicted,0.09090909090909091,10,10,AGTATTCGTATTTTATTAGT,0,2991946
ratA_yfjF_predicted,0.09090909090909091,10,10,AGTACTAGGCCTCACTGTCT,0,3015452
ratA_yfjF_predicted,0.09090909090909091,10,10,AGGGGATTATCACATCTAGG,0,3012434
ratA_yfjF_predicted,0.09090909090909091,10,10,AGGCGCATCCGTGCCGGGTA,0,2994008
ratA_yfjF_predicted,0.09090909090909091,10,10,AGGCCCCTAGTCCAGGTCGG,0,3019137
ratA_yfjF_predicted,0.09090909090909091,10,10,AGGAACTGCCTCGACAGGTC,0,3000838
ratA_yfjF_predicted,0.09090909090909091,10,10,AGCTCTAGCTGGTATACCGG,0,3000705
ratA_yfjF_predicted,0.09090909090909091,10,10,AGCGGACCATCCAACATGAG,0,3014182
ratA_yfjF_predicted,0.09090909090909091,10,10,AGCCCCGGGTTATTGGCATG,0,2999231
ratA_yfjF_predicted,0.09090909090909091,10,10,AGCCACTCCTGTCAAGCCGA,0,3006656
ratA_yfjF_predicted,0.09090909090909091,10,10,AGATCACCGCACGTAGGGGG,0,2998266
ratA_yfjF_predicted,0.09090909090909091,10,10,AGACTTGCGGATGGCACCCA,0,3010599
ratA_yfjF_predicted,0.09090909090909091,10,10,AGACGGTTCACGCAGCGAAT,0,2992026
ratA_yfjF_predicted,0.09090909090909091,10,10,ACTGTCTCAGATATTTCGGA,0,3017164
ratA_yfjF_predicted,0.09090909090909091,10,10,ACTGGTGAGTAAATTCTCCT,0,3008098
ratA_yfjF_predicted,0.09090909090909091,10,10,ACTGGTCGGCAGCACAGTTA,0,3004387
ratA_yfjF_predicted,0.09090909090909091,10,10,ACTCGCCGACCTAGGCAGGA,0,3017586
ratA_yfjF_predicted,0.09090909090909091,10,10,ACTCATACGCTTATGGACCA,0,2994320
ratA_yfjF_predicted,0.09090909090909091,10,10,ACTACTCATCTACCCTGCAG,0,2996411
ratA_yfjF_predicted,0.09090909090909091,10,10,ACGTCAAGCCGTAGTATAAT,0,2997300
ratA_yfjF_predicted,0.09090909090909091,10,10,ACGGTTATAACATCGAACCT,0,3000962
ratA_yfjF_predicted,0.09090909090909091,10,10,ACGCTTGAACCTGCTAGCTC,0,3017992
ratA_yfjF_predicted,0.09090909090909091,10,10,ACGCCTTGCGAACTCAACGT,0,2996084
ratA_yfjF_predicted,0.09090909090909091,10,10,ACGCCACCGTAAATAGAACT,0,2999912
ratA_yfjF_predicted,0.09090909090909091,10,10,ACGCACTTTGCGATGGTACA,0,2993680
ratA_yfjF_predicted,0.09090909090909091,10,10,ACCTTCAGGGGTCGAATGAA,0,3003545
ratA_yfjF_predicted,0.09090909090909091,10,10,ACCTCACCAGACGGAGCAAC,0,2992768
ratA_yfjF_predicted,0.09090909090909091,10,10,ACCGCTCTGTTTGGCAAGGC,0,3014382
ratA_yfjF_predicted,0.09090909090909091,10,10,ACCGAGGTTAGTCGCGCTCT,0,3010933
ratA_yfjF_predicted,0.09090909090909091,10,10,ACCCGAGACGCCACCATATA,0,3012930
ratA_yfjF_predicted,0.09090909090909091,10,10,ACCATGGAATTGGCCATTCC,0,3000873
ratA_yfjF_predicted,0.09090909090909091,10,10,ACACTTAATGCCTCAGCTGC,0,2995230
ratA_yfjF_predicted,0.09090909090909091,10,10,ACACTGAGGTAGCGTATCTG,0,3014152
ratA_yfjF_predicted,0.09090909090909091,10,10,ACACTATTTCGTGATAATGG,0,2995783
ratA_yfjF_predicted,0.09090909090909091,10,10,ACAACGATGCTACCTCCGGC,0,3007964
ratA_yfjF_predicted,0.09090909090909091,10,10,AATGCTTATCTTAGCCCAAA,0,3011312
ratA_yfjF_predicted,0.09090909090909091,10,10,AATGAAGCTAACATCTCGTA,0,3015764
ratA_yfjF_predicted,0.09090909090909091,10,10,AATCGGAGTTATGCTCCGCA,0,3012291
ratA_yfjF_predicted,0.09090909090909091,10,10,AATCGCAACGTAGCTGCAAT,0,3004684
ratA_yfjF_predicted,0.09090909090909091,10,10,AATAGTTTTAGATATTCATG,0,3017311
ratA_yfjF_predicted,0.09090909090909091,10,10,AATAGTTACGCTCTGAGTTT,0,3002544
ratA_yfjF_predicted,0.09090909090909091,10,10,AAGGGAAGTTGTGCTAGATC,0,3008254
ratA_yfjF_predicted,0.09090909090909091,10,10,AAGCTATTTGTTCAGTACAC,0,3006455
ratA_yfjF_predicted,0.09090909090909091,10,10,AAGCCTGGAGAGGTTTTTTG,0,2996290
ratA_yfjF_predicted,0.09090909090909091,10,10,AACTAAGCCTACAGAAAGCA,0,3010309
ratA_yfjF_predicted,0.09090909090909091,10,10,AACGTAATTGCCGTTCACCA,0,3014208
ratA_yfjF_predicted,0.09090909090909091,10,10,AACGGTAACACGGAGCGAGG,0,3009428
ratA_yfjF_predicted,0.09090909090909091,10,10,AACCGGCTACTATGGCTAAT,0,3016220
ratA_yfjF_predicted,0.09090909090909091,10,10,AACCGAGCCCAGAGCTAGGC,0,3004195
ratA_yfjF_predicted,0.09090909090909091,10,10,AAACTTGGTACGTATGAGCT,0,3011414
ratA_yfjF_predicted,0.09090909090909091,10,10,AAACAACAGTGTGGGTCCCT,0,2999891
ratA_yfjF_predicted,0.1,9,9,TTTCTTGATCGTCAAATTAC,0,2997585
ratA_yfjF_predicted,0.1,9,9,TTTCGTGATTTGCGATTTCT,0,3006221
ratA_yfjF_predicted,0.1,9,9,TTCTTGTGGTTGATATGGTC,0,3019489
ratA_yfjF_predicted,0.1,9,9,TTCGTGGGTTGAGAATTCTT,0,3005337
ratA_yfjF_predicted,0.1,9,9,TTCGCCGTAGAATGTACTCA,0,3013113
ratA_yfjF_predicted,0.1,9,9,TTCAGAAACTCCAAGGGCGA,0,3017390
ratA_yfjF_predicted,0.1,9,9,TTCAATCAGTCCGGAGCGCT,0,3006172
ratA_yfjF_predicted,0.1,9,9,TTCAAGGCTGCTCTAAATCT,0,3005659
ratA_yfjF_predicted,0.1,9,9,TTATCTTCCTAAATGGGGGA,0,2996845
ratA_yfjF_predicted,0.1,9,9,TTATCGTAAAATTGGGTTCT,0,3009483
ratA_yfjF_predicted,0.1,9,9,TGTTTCCTCAACGCTCGTTT,0,3011335
ratA_yfjF_predicted,0.1,9,9,TGTTCAACCGAAACTTCGTC,0,3018572
ratA_yfjF_predicted,0.1,9,9,TGTTATTTACGACTGACTCG,0,3018534
ratA_yfjF_predicted,0.1,9,9,TGTTAAATCTAAGAACGCTG,0,3004704
ratA_yfjF_predicted,0.1,9,9,TGTCTCATATGCTCGTAAAA,0,3000740
ratA_yfjF_predicted,0.1,9,9,TGTATCGCGCGGATACGGAG,0,3016692
ratA_yfjF_predicted,0.1,9,9,TGTAATGAGTCAACCGCCCA,0,3021173
ratA_yfjF_predicted,0.1,9,9,TGGTTATGATAAACACCAGA,0,2997464
ratA_yfjF_predicted,0.1,9,9,TGGGATGGCACCACAGGCGG,0,3006867
ratA_yfjF_predicted,0.1,9,9,TGGCCCGAGCTCCTTGGAGT,0,2998244
ratA_yfjF_predicted,0.1,9,9,TGGACCTTTCACGATTCCAT,0,3021569
ratA_yfjF_predicted,0.1,9,9,TGGACAAGTAAAGACAAGTG,0,3012299
ratA_yfjF_predicted,0.1,9,9,TGCTCTGGACCACGGGTCCA,0,3004005
ratA_yfjF_predicted,0.1,9,9,TGCGTCCCCGAAGAGTACGT,0,3005161
ratA_yfjF_predicted,0.1,9,9,TGCGGGAGAGGACGAAATTA,0,3014561
ratA_yfjF_predicted,0.1,9,9,TGCCCTTACCACCGATCACG,0,3009099
ratA_yfjF_predicted,0.1,9,9,TGCCCGGGTACCATACGAAG,0,3019286
ratA_yfjF_predicted,0.1,9,9,TGCCCATGCCCCCATGGCAG,0,3011683
ratA_yfjF_predicted,0.1,9,9,TGCACATCTGGACGTGGGCT,0,3010519
ratA_yfjF_predicted,0.1,9,9,TGATGTGGGGTGGGACTTGC,0,3021488
ratA_yfjF_predicted,0.1,9,9,TGATATATCTGGATCAGCAT,0,3001592
ratA_yfjF_predicted,0.1,9,9,TGAGTTTATATGCGACAGCC,0,2995834
ratA_yfjF_predicted,0.1,9,9,TCTCGCTAGGAACTATAGTA,0,2998987
ratA_yfjF_predicted,0.1,9,9,TCTAACTACCTCGTGGAAAA,0,3021444
ratA_yfjF_predicted,0.1,9,9,TCGTGGACTGCCACTCGTAG,0,3006165
ratA_yfjF_predicted,0.1,9,9,TCGTATCTCGTAACAGCGTA,0,3017284
ratA_yfjF_predicted,0.1,9,9,TCGGGCATCCACCAACGGCA,0,2994498
ratA_yfjF_predicted,0.1,9,9,TCGAGGGCCTAATGATGCGG,0,2999765
ratA_yfjF_predicted,0.1,9,9,TCCTTAACAAGATATGTTTG,0,3008103
ratA_yfjF_predicted,0.1,9,9,TCCTCGGCGGAGCTTCACGC,0,3016334
ratA_yfjF_predicted,0.1,9,9,TCCATGGACTGGCTGTCAGT,0,3021492
ratA_yfjF_predicted,0.1,9,9,TCCATCCTTTGTTCCGGGGA,0,3016354
ratA_yfjF_predicted,0.1,9,9,TCATGGCCAAAGACACCAAT,0,2996942
ratA_yfjF_predicted,0.1,9,9,TCAGAATGGGCTCGCCAACG,0,2995502
ratA_yfjF_predicted,0.1,9,9,TCAAGGGAAGCGGAAATGCT,0,3016086
ratA_yfjF_predicted,0.1,9,9,TATTGCGGAGTCCCGCGGAA,0,3006024
ratA_yfjF_predicted,0.1,9,9,TATTCGCCTGGACGTGGTGG,0,3014071
ratA_yfjF_predicted,0.1,9,9,TATTAAAACACGGTACCTGC,0,3011963
ratA_yfjF_predicted,0.1,9,9,TATGGGAGGCACAACAAGCT,0,3013980
ratA_yfjF_predicted,0.1,9,9,TATCGATCGAGGATGATGGA,0,3012157
ratA_yfjF_predicted,0.1,9,9,TAGGTTCGAAGCAGTGCTAG,0,2996319
ratA_yfjF_predicted,0.1,9,9,TAGCTTATCCGTTCTTCGTT,0,3018275
ratA_yfjF_predicted,0.1,9,9,TAGCGCACGACCCCAAGTGT,0,3016529
ratA_yfjF_predicted,0.1,9,9,TAGCAAACCAGAAGGGCTCA,0,2992750
ratA_yfjF_predicted,0.1,9,9,TAGATGAAATAATCGGGTTG,0,3001763
ratA_yfjF_predicted,0.1,9,9,TAGAAAATATAAGATGGTGT,0,3003825
ratA_yfjF_predicted,0.1,9,9,TACTCTACCGTACCTATGCA,0,3005036
ratA_yfjF_predicted,0.1,9,9,TACTCGGGGGAATGACTTAG,0,3001701
ratA_yfjF_predicted,0.1,9,9,TACGACCTCAATACCTAGGA,0,3006910
ratA_yfjF_predicted,0.1,9,9,TACACGTACGCAAGAGTCGT,0,3012319
ratA_yfjF_predicted,0.1,9,9,TAATGCTTATCCACGCCATT,0,3012621
ratA_yfjF_predicted,0.1,9,9,TAATAGAGTGGACGCGTACG,0,3011535
ratA_yfjF_predicted,0.1,9,9,TAACCCAGTTTCCTAGCAGA,0,3011493
ratA_yfjF_predicted,0.1,9,9,TAACCCAGTCTACGGCATCG,0,3005171
ratA_yfjF_predicted,0.1,9,9,GTTTCCACCCACTAGGCTAT,0,3013451
ratA_yfjF_predicted,0.1,9,9,GTTGCAAAGGTAAGCGGACT,0,3016560
ratA_yfjF_predicted,0.1,9,9,GTTAACCAACGCGTCCGCGG,0,2996065
ratA_yfjF_predicted,0.1,9,9,GTGTTTGGAGGGTCGCCGAA,0,3006390
ratA_yfjF_predicted,0.1,9,9,GTGTCGGGTGCACAATCACC,0,3003136
ratA_yfjF_predicted,0.1,9,9,GTGAAAGTTTTCCCGATATA,0,2997823
ratA_yfjF_predicted,0.1,9,9,GTCGAGTTGGGGGGCGGCCC,0,2994611
ratA_yfjF_predicted,0.1,9,9,GTCGAGTATAAAACGTCCTA,0,3007179
ratA_yfjF_predicted,0.1,9,9,GTCCCAGGCCGATCATAGCC,0,2994406
ratA_yfjF_predicted,0.1,9,9,GTCAGTATGTAAGATCGGAT,0,3006756
ratA_yfjF_predicted,0.1,9,9,GTCAATGCTAGTTTATCTCA,0,3005910
ratA_yfjF_predicted,0.1,9,9,GTCAACTCAAGACTTCGATG,0,3002266
ratA_yfjF_predicted,0.1,9,9,GTATTAAGGCAAACAGGAAT,0,3019812
ratA_yfjF_predicted,0.1,9,9,GTATGGTGCGCCTGATCTTA,0,3006431
ratA_yfjF_predicted,0.1,9,9,GTATCTAACAACATCACAAG,0,3013695
ratA_yfjF_predicted,0.1,9,9,GTACACGAAAAGAAACGGGT,0,3010089
ratA_yfjF_predicted,0.1,9,9,GTACACACCGGTCCCGTTAG,0,3009940
ratA_yfjF_predicted,0.1,9,9,GTAATGGGTTCTTGCCGGTA,0,2993910
ratA_yfjF_predicted,0.1,9,9,GTAACTCCGACTCAAAGATC,0,3016160
ratA_yfjF_predicted,0.1,9,9,GGTTTAGTCTTGGCAATTAG,0,3016480
ratA_yfjF_predicted,0.1,9,9,GGTTCGGGTAGAACCGTCAG,0,2994153
ratA_yfjF_predicted,0.1,9,9,GGTTACTCATGGGATTTCAC,0,3002593
ratA_yfjF_predicted,0.1,9,9,GGTGGGATCAGCGTTCCAGG,0,2997058
ratA_yfjF_predicted,0.1,9,9,GGTGACTATTAGAACGCCAC,0,3010340
ratA_yfjF_predicted,0.1,9,9,GGTCATTCGGTCCTGGCACA,0,2997020
ratA_yfjF_predicted,0.1,9,9,GGTCATAGAGGTGTCCTGCC,0,3000914
ratA_yfjF_predicted,0.1,9,9,GGTAGTCCAATACCATGGTA,0,2996069
ratA_yfjF_predicted,0.1,9,9,GGTAAATTGTGATCGGGTTT,0,3016012
ratA_yfjF_predicted,0.1,9,9,GGGTTTATGCGGATGACTAG,0,3013176
ratA_yfjF_predicted,0.1,9,9,GGGGTGTAAACGCAGATTCG,0,3004687
ratA_yfjF_predicted,0.1,9,9,GGGGCAGGCTTCTCACGCCC,0,2999830
ratA_yfjF_predicted,0.1,9,9,GGGCTGATCCTTTTGGCGGC,0,3001252
ratA_yfjF_predicted,0.1,9,9,GGGATTCTGTCAAGCCCGAG,0,2997304
ratA_yfjF_predicted,0.1,9,9,GGGATGGGCTAAAGTCAGTG,0,3019309
ratA_yfjF_predicted,0.1,9,9,GGGAGTCTTCTCGTGTATGT,0,3002392
ratA_yfjF_predicted,0.1,9,9,GGGACCGGACGCATATACTC,0,3002648
ratA_yfjF_predicted,0.1,9,9,GGCTCAGTGTATGCGACGTA,0,3007826
ratA_yfjF_predicted,0.1,9,9,GGCGCCCCGCCCCGGCTCCT,0,3019280
ratA_yfjF_predicted,0.1,9,9,GGCATTTAACATGCGAAGTC,0,3017742
ratA_yfjF_predicted,0.1,9,9,GGCAAGAACGTAAGGGGAGC,0,3014119
ratA_yfjF_predicted,0.1,9,9,GGATGGAGAGGCCTACCGGA,0,3019090
ratA_yfjF_predicted,0.1,9,9,GGATCTATCGCCCAGGCTTC,0,3009709
ratA_yfjF_predicted,0.1,9,9,GGAGAAGAACACAGTTCGCG,0,3016113
ratA_yfjF_predicted,0.1,9,9,GGAAGGTATCCCGCGAATTG,0,3006639
ratA_yfjF_predicted,0.1,9,9,GCTTAACACGGGCATCGTAT,0,3013881
ratA_yfjF_predicted,0.1,9,9,GCTGCAAAATGGCGCCGTCA,0,3010211
ratA_yfjF_predicted,0.1,9,9,GCTGATAACCGTCTAGCAGC,0,3003160
ratA_yfjF_predicted,0.1,9,9,GCTATGCTTAGGCGCTATAC,0,3004506
ratA_yfjF_predicted,0.1,9,9,GCGGGAACGTGCGGAAGGGT,0,3019420
ratA_yfjF_predicted,0.1,9,9,GCGCTCCCTATCCCCCTGGC,0,2998347
ratA_yfjF_predicted,0.1,9,9,GCCTACGTTATTGTAAGCCC,0,3007180
ratA_yfjF_predicted,0.1,9,9,GCCGGTGATATTAGCGGCGT,0,2996434
ratA_yfjF_predicted,0.1,9,9,GCCCGTGGGCATGGCCAGAA,0,3012535
ratA_yfjF_predicted,0.1,9,9,GCCCAAAGAAATCACGACTA,0,3004517
ratA_yfjF_predicted,0.1,9,9,GCCAGTGGTTTCCAAGGGGG,0,3010368
ratA_yfjF_predicted,0.1,9,9,GCCAAGGTCCAAAGAGGACA,0,3011041
ratA_yfjF_predicted,0.1,9,9,GCATGAATAGTATTGGCTGG,0,3000777
ratA_yfjF_predicted,0.1,9,9,GCAGTTGACTTCTTGATCAA,0,3018856
ratA_yfjF_predicted,0.1,9,9,GATTTTTTGCGTATGCTCAA,0,3014761
ratA_yfjF_predicted,0.1,9,9,GATTGGGAAGCATGGGTTCC,0,2993747
ratA_yfjF_predicted,0.1,9,9,GATGGTCCTCACTTATTGCC,0,3014292
ratA_yfjF_predicted,0.1,9,9,GATCAGTCTCTTCACGCACT,0,2998181
ratA_yfjF_predicted,0.1,9,9,GAGTGGACATTCACCTCGTA,0,2993206
ratA_yfjF_predicted,0.1,9,9,GAGTGACGGAAGATAAATGT,0,2998738
ratA_yfjF_predicted,0.1,9,9,GAGTACATCCTGTATAGTTG,0,2998881
ratA_yfjF_predicted,0.1,9,9,GAGAAAAGCGATCGACAGTA,0,3009070
ratA_yfjF_predicted,0.1,9,9,GACGTGGTATACGTGGGTCA,0,2995569
ratA_yfjF_predicted,0.1,9,9,GAATATTTACCAACGCGTAC,0,3016918
ratA_yfjF_predicted,0.1,9,9,GAAGGGGTAGCAGATTGAAC,0,3007480
ratA_yfjF_predicted,0.1,9,9,GAAGAGATGCCGTCCTGTGC,0,3012407
ratA_yfjF_predicted,0.1,9,9,CTTTGACTACAAGATGGCAG,0,3010746
ratA_yfjF_predicted,0.1,9,9,CTTTCACCCTACGTGGCGCC,0,3011319
ratA_yfjF_predicted,0.1,9,9,CTTTAAAGGTACTGAAAAAT,0,2991800
ratA_yfjF_predicted,0.1,9,9,CTTGTCGATCGTCTCATGAT,0,2998556
ratA_yfjF_predicted,0.1,9,9,CTTGTAGACGGACCCGTCCG,0,3005800
ratA_yfjF_predicted,0.1,9,9,CTTGGGACGGCTTTTATAAT,0,2992380
ratA_yfjF_predicted,0.1,9,9,CTGTTCCGTTGAGATACACG,0,2996535
ratA_yfjF_predicted,0.1,9,9,CTGTTACTATTTTGATTCTC,0,3012325
ratA_yfjF_predicted,0.1,9,9,CTGTCCTCCCGGGCCTGGAC,0,2994077
ratA_yfjF_predicted,0.1,9,9,CTGTAGCCGTTGCTCTGGCA,0,3016103
ratA_yfjF_predicted,0.1,9,9,CTGCGTAGGGCACACATCCT,0,3003265
ratA_yfjF_predicted,0.1,9,9,CTGCCAAAATGTTAGGAATA,0,3014941
ratA_yfjF_predicted,0.1,9,9,CTGACTCCAGTTGTCAGTAA,0,2992509
ratA_yfjF_predicted,0.1,9,9,CTCTCATCCCCTTTTCTATG,0,3007328
ratA_yfjF_predicted,0.1,9,9,CTCCTACTGCCAGCTACCGT,0,3017492
ratA_yfjF_predicted,0.1,9,9,CTCCGTCCGACCTCTGTGGA,0,3000853
ratA_yfjF_predicted,0.1,9,9,CTATACAAAGCGGAGTTACA,0,3017996
ratA_yfjF_predicted,0.1,9,9,CTAGTTATCGCTATAGTGGT,0,2994716
ratA_yfjF_predicted,0.1,9,9,CTAAGCCATAGTTCCGTTCA,0,3001280
ratA_yfjF_predicted,0.1,9,9,CGTTTTCAACACATCCTGAG,0,3003397
ratA_yfjF_predicted,0.1,9,9,CGTGGGTGGTGGCAAAACCA,0,2995536
ratA_yfjF_predicted,0.1,9,9,CGTGGCGCCAAAGCCATACT,0,3018438
ratA_yfjF_predicted,0.1,9,9,CGTGCGCCTACAAATGTCGT,0,3010934
ratA_yfjF_predicted,0.1,9,9,CGTGAGAACGTGCGAGGCAT,0,3006366
ratA_yfjF_predicted,0.1,9,9,CGTAGGAACGCAGCCTTAAA,0,3019945
ratA_yfjF_predicted,0.1,9,9,CGGTATCAAGCGGCGCATAG,0,2999634
ratA_yfjF_predicted,0.1,9,9,CGGGTTACCCCCCGTTAGAG,0,2997920
ratA_yfjF_predicted,0.1,9,9,CGGGGTTATAGTATGGGGTA,0,3007814
ratA_yfjF_predicted,0.1,9,9,CGCTCACAGGTGCGTGCAAA,0,2993681
ratA_yfjF_predicted,0.1,9,9,CGCGCTGAGCAAGGGGATCA,0,2998313
ratA_yfjF_predicted,0.1,9,9,CGATTTTACTGGGCTACGCA,0,3002802
ratA_yfjF_predicted,0.1,9,9,CGATTGAAACTATCTGATCA,0,2995595
ratA_yfjF_predicted,0.1,9,9,CCTTCGTGACAGGTTCCTAG,0,3020000
ratA_yfjF_predicted,0.1,9,9,CCTCGGATGTTCTGAGTTCT,0,2991848
ratA_yfjF_predicted,0.1,9,9,CCTCGATCTCAAGTCTCGAT,0,2993837
ratA_yfjF_predicted,0.1,9,9,CCTCGACCGCTCAATTATCA,0,2993656
ratA_yfjF_predicted,0.1,9,9,CCGTTAGTCGGTTGGGACTC,0,3018513
ratA_yfjF_predicted,0.1,9,9,CCGTCATTCAGGTGCCCGCA,0,3013364
ratA_yfjF_predicted,0.1,9,9,CCGGCGCGGAACTTCCTGCA,0,3011536
ratA_yfjF_predicted,0.1,9,9,CCGGCACGATCTCCATAAGA,0,3005632
ratA_yfjF_predicted,0.1,9,9,CCGCTAAGGGGAGCCATCAT,0,3016345
ratA_yfjF_predicted,0.1,9,9,CCCTAGATTATAACTCGTCA,0,2994972
ratA_yfjF_predicted,0.1,9,9,CCCGGCGCCCCTGTTTCCCT,0,2991936
ratA_yfjF_predicted,0.1,9,9,CCCCGTGCAACATGGTTCAT,0,2995313
ratA_yfjF_predicted,0.1,9,9,CCCCCGACCTACCCGGGGAG,0,3007609
ratA_yfjF_predicted,0.1,9,9,CCCATCCCTATCCTTTTGCC,0,3003864
ratA_yfjF_predicted,0.1,9,9,CCATTTACGCGCCCCCGAGT,0,3000392
ratA_yfjF_predicted,0.1,9,9,CCATCATCTAAAAAATTATA,0,3007078
ratA_yfjF_predicted,0.1,9,9,CCATCAATTCCACTTCATAA,0,3004385
ratA_yfjF_predicted,0.1,9,9,CCATAGCGCTCACAAGGGTT,0,3019374
ratA_yfjF_predicted,0.1,9,9,CCAGCGTCATCTCGATAAGA,0,2998138
ratA_yfjF_predicted,0.1,9,9,CCAAATCTGTCGGTCTTGTG,0,3004432
ratA_yfjF_predicted,0.1,9,9,CCAAAGTGTGGCAAACTTGT,0,3005078
ratA_yfjF_predicted,0.1,9,9,CATCTTGGGAATTAGGTTCC,0,2996233
ratA_yfjF_predicted,0.1,9,9,CATATAGATGCACCATCCCA,0,3011736
ratA_yfjF_predicted,0.1,9,9,CATAGGCGCCTGCGGCGGAA,0,3006941
ratA_yfjF_predicted,0.1,9,9,CAGTGGGTTTAATTCATATA,0,3002860
ratA_yfjF_predicted,0.1,9,9,CAGGACAATCCTAGATTTCT,0,3006064
ratA_yfjF_predicted,0.1,9,9,CAGCCACATTCTACACCGGG,0,2997112
ratA_yfjF_predicted,0.1,9,9,CAGAATGAAAACCGGTCGTG,0,3009317
ratA_yfjF_predicted,0.1,9,9,CACTATTATGTTGCGGGCCT,0,2997393
ratA_yfjF_predicted,0.1,9,9,CACCTACGGTTTCGCTCTTT,0,2997046
ratA_yfjF_predicted,0.1,9,9,CACAGCGGGTACCCTTTCAG,0,3007199
ratA_yfjF_predicted,0.1,9,9,CACAGAGGCAACGGCCTCAT,0,3010500
ratA_yfjF_predicted,0.1,9,9,CACAATACGGTTAGGGAACG,0,3001066
ratA_yfjF_predicted,0.1,9,9,CAATGCAGCGCGGATTTTAC,0,2997091
ratA_yfjF_predicted,0.1,9,9,CAAGATGACCGGCGATAGAG,0,3000876
ratA_yfjF_predicted,0.1,9,9,CAACGTACAACGATCGAGAT,0,2996866
ratA_yfjF_predicted,0.1,9,9,CAAACATCTTAACGAATAGC,0,3013081
ratA_yfjF_predicted,0.1,9,9,ATTTCGAGCCACATTTTCCT,0,3011251
ratA_yfjF_predicted,0.1,9,9,ATTGTGCTGAGATAATGCTG,0,3002180
ratA_yfjF_predicted,0.1,9,9,ATTGAAAGGAGGCACGAGGT,0,3015217
ratA_yfjF_predicted,0.1,9,9,ATTATAACCGATTGGTACGC,0,2996066
ratA_yfjF_predicted,0.1,9,9,ATTACAGCAAGGGATCCGTC,0,2999457
ratA_yfjF_predicted,0.1,9,9,ATGTAGACGCCCATCCCGGT,0,3010067
ratA_yfjF_predicted,0.1,9,9,ATGGTGAGATGCCCTTATGA,0,3002703
ratA_yfjF_predicted,0.1,9,9,ATGCGCTGCGACCTGTTATC,0,3017427
ratA_yfjF_predicted,0.1,9,9,ATCGCTGAGTTGCCTACGAG,0,2996656
ratA_yfjF_predicted,0.1,9,9,ATCCGCTGACTTAGCTCACA,0,2999473
ratA_yfjF_predicted,0.1,9,9,ATCATTGGCCCCGGGAACGC,0,3001455
ratA_yfjF_predicted,0.1,9,9,ATCAGCGTGACCGGGCGTGT,0,3002772
ratA_yfjF_predicted,0.1,9,9,ATAGGCGGTAATCGGAAAGC,0,2995702
ratA_yfjF_predicted,0.1,9,9,ATAAGGAGACTAGGGTGGTT,0,3002447
ratA_yfjF_predicted,0.1,9,9,AGTGGGAGTTTTAAATACAC,0,3000943
ratA_yfjF_predicted,0.1,9,9,AGTGGAGATAGTCAGGTATG,0,3009750
ratA_yfjF_predicted,0.1,9,9,AGTCAACACGTATCACGTCC,0,3013101
ratA_yfjF_predicted,0.1,9,9,AGTACCCAAATGCGAGAGCT,0,3004854
ratA_yfjF_predicted,0.1,9,9,AGGTGTAGTGAATCTCACCA,0,3018586
ratA_yfjF_predicted,0.1,9,9,AGGTGAGTGGCACCTGGACA,0,3015594
ratA_yfjF_predicted,0.1,9,9,AGGGTTCGGGGACACACGTT,0,3015861
ratA_yfjF_predicted,0.1,9,9,AGGATTAGCTCTTGGTGCTT,0,3008643
ratA_yfjF_predicted,0.1,9,9,AGGAGCCGATTTTACGTCGG,0,2997831
ratA_yfjF_predicted,0.1,9,9,AGGACTCATCGCCAAAAGCA,0,2996252
ratA_yfjF_predicted,0.1,9,9,AGGAAAGTGTTCTTCAGAGA,0,3012370
ratA_yfjF_predicted,0.1,9,9,AGCTAGGAGACTTACAATTC,0,3005683
ratA_yfjF_predicted,0.1,9,9,AGCGCCCGTCAGGTCGCCAC,0,2997679
ratA_yfjF_predicted,0.1,9,9,AGCCTCGAGACTCTGAGCAA,0,3009454
ratA_yfjF_predicted,0.1,9,9,AGCCGGAGGAGTCGATGGCA,0,3015623
ratA_yfjF_predicted,0.1,9,9,AGCCACAATTGTTAGTTCGT,0,2992465
ratA_yfjF_predicted,0.1,9,9,AGCAAGCATCATTGCAAGGA,0,2998466
ratA_yfjF_predicted,0.1,9,9,AGATATCGATCCTTGACTTC,0,3006652
ratA_yfjF_predicted,0.1,9,9,AGAGTTAAGGAGAGTGAGTC,0,3001356
ratA_yfjF_predicted,0.1,9,9,AGAGGAAGAGATTCACAGAG,0,3004234
ratA_yfjF_predicted,0.1,9,9,AGAGACCTGTGCGGTAGGCT,0,3003414
ratA_yfjF_predicted,0.1,9,9,AGAGAAGCGTTTATTGTCGC,0,3009749
ratA_yfjF_predicted,0.1,9,9,AGAATTGGGTGGCAGAATTT,0,2991941
ratA_yfjF_predicted,0.1,9,9,AGAAGCTGGGCGTGTCGGGA,0,3019451
ratA_yfjF_predicted,0.1,9,9,ACTGGTCCGTCTCTCGCGAG,0,3007642
ratA_yfjF_predicted,0.1,9,9,ACTGACAGGCCGTGCACGCT,0,3002758
ratA_yfjF_predicted,0.1,9,9,ACTACCCCACCTGCAGTGAT,0,3008468
ratA_yfjF_predicted,0.1,9,9,ACGGGGTGCCGACGACTAGA,0,3019460
ratA_yfjF_predicted,0.1,9,9,ACGCTTTGGCGTAAAGGGGA,0,3004012
ratA_yfjF_predicted,0.1,9,9,ACGCAAGCCCGCGGTACGGC,0,3009305
ratA_yfjF_predicted,0.1,9,9,ACGAAGGTTAAAGGCTGAAA,0,3013617
ratA_yfjF_predicted,0.1,9,9,ACCCATTTGGCTCAGTTAGT,0,3014033
ratA_yfjF_predicted,0.1,9,9,ACCAGGAGCGGTGCATCGGT,0,2991940
ratA_yfjF_predicted,0.1,9,9,ACCACGGGGGAAATTACGTA,0,3014971
ratA_yfjF_predicted,0.1,9,9,ACAGGATGATCTCGGCTGTC,0,3011713
ratA_yfjF_predicted,0.1,9,9,ACAGCTAAGAGGGTAGAGGT,0,2996203
ratA_yfjF_predicted,0.1,9,9,ACAAGGGGCATTGCGACGAT,0,3019553
ratA_yfjF_predicted,0.1,9,9,AATTAACTCTACAGAGGTCC,0,3013737
ratA_yfjF_predicted,0.1,9,9,AATCTCCTCGTGAGTGGAAA,0,2994041
ratA_yfjF_predicted,0.1,9,9,AATCCATCCTGAATACCCGG,0,3003188
ratA_yfjF_predicted,0.1,9,9,AATCAGATAGGAGTTGCCTT,0,3010903
ratA_yfjF_predicted,0.1,9,9,AATATTATGAGGGGCAAAAT,0,3016632
ratA_yfjF_predicted,0.1,9,9,AATATATCCCACCGCTTTAT,0,3013480
ratA_yfjF_predicted,0.1,9,9,AATAGAAACGATAGCCTACC,0,3001319
ratA_yfjF_predicted,0.1,9,9,AAGTCGGCACTCGCTGGGTT,0,3017296
ratA_yfjF_predicted,0.1,9,9,AAGGCTCAGACTCGACGAAC,0,3016438
ratA_yfjF_predicted,0.1,9,9,AAGACTTGGCCTGCCTGGTC,0,3008537
ratA_yfjF_predicted,0.1,9,9,AACCGATTGTACTAATGCGA,0,3012462
ratA_yfjF_predicted,0.1,9,9,AACATACGGTGGTCCTGGCG,0,2999762
ratA_yfjF_predicted,0.1,9,9,AACACGTAATAGGGAGTCAG,0,3006471
ratA_yfjF_predicted,0.1,9,9,AACAACGTACCGTAGGGTAA,0,3014720
ratA_yfjF_predicted,0.1,9,9,AAAGGTTTGTGTTACATTCT,0,3001660
ratA_yfjF_predicted,0.1,9,9,AAAGCGGAAGGTGTTACTTC,0,3002212
ratA_yfjF_predicted,0.1,9,9,AAACGTCAACACACCTGCAG,0,2996409
ratA_yfjF_predicted,0.1111111111111111,8,8,TTTTCTTTCACAGAGAGCCA,0,2995055
ratA_yfjF_predicted,0.1111111111111111,8,8,TTTTCGTAGTTTTACTTTGG,0,3008086
ratA_yfjF_predicted,0.1111111111111111,8,8,TTTGGTCCGTATGACAATCA,0,3003171
ratA_yfjF_predicted,0.1111111111111111,8,8,TTTCTATTCTCGGGTAGTTC,0,2992084
ratA_yfjF_predicted,0.1111111111111111,8,8,TTTCGGGTATTAACCACTTT,0,3011794
ratA_yfjF_predicted,0.1111111111111111,8,8,TTGGTTCACGCTAGGACGGC,0,3000746
ratA_yfjF_predicted,0.1111111111111111,8,8,TTGGTGGCGTCTGATTCTGC,0,3000359
ratA_yfjF_predicted,0.1111111111111111,8,8,TTGGCAAATTTGACTTCGGT,0,2992383
ratA_yfjF_predicted,0.1111111111111111,8,8,TTGAATGTACGCGTCGCCGC,0,2993410
ratA_yfjF_predicted,0.1111111111111111,8,8,TTCGTTAGCCAGTATGTCTC,0,2993857
ratA_yfjF_predicted,0.1111111111111111,8,8,TTCCGACCATAGACCCGAAA,0,2997883
ratA_yfjF_predicted,0.1111111111111111,8,8,TTCCACGCAGAACAGTCCGC,0,3009477
ratA_yfjF_predicted,0.1111111111111111,8,8,TTCACATCGGATCATGGCTT,0,3018809
ratA_yfjF_predicted,0.1111111111111111,8,8,TTATGAATATGGCTTAGTCA,0,3012313
ratA_yfjF_predicted,0.1111111111111111,8,8,TTATAGCAATGCATAAAAGG,0,2991915
ratA_yfjF_predicted,0.1111111111111111,8,8,TTAGTAGGCATCAGATGGTG,0,3004794
ratA_yfjF_predicted,0.1111111111111111,8,8,TTAGAAGTGAAATTCTCTCT,0,3003842
ratA_yfjF_predicted,0.1111111111111111,8,8,TTAAGGCTGGCTCACTAAAG,0,3011141
ratA_yfjF_predicted,0.1111111111111111,8,8,TTAAAAAAGTATTGAACTTC,0,2993760
ratA_yfjF_predicted,0.1111111111111111,8,8,TGTTGCGCCCATAAGTCAAA,0,3006175
ratA_yfjF_predicted,0.1111111111111111,8,8,TGTCTATAGACTTATCGACT,0,3016953
ratA_yfjF_predicted,0.1111111111111111,8,8,TGTCACGAGGTTCCGTAGGT,0,3008027
ratA_yfjF_predicted,0.1111111111111111,8,8,TGTACCGTATCTACAGTGAT,0,2998560
ratA_yfjF_predicted,0.1111111111111111,8,8,TGTAAGAACGACGGCTTGCA,0,3002253
ratA_yfjF_predicted,0.1111111111111111,8,8,TGGTGAAACGAAAATTCACG,0,3002448
ratA_yfjF_predicted,0.1111111111111111,8,8,TGGTCAGGTTTCTGGAACTG,0,3008581
ratA_yfjF_predicted,0.1111111111111111,8,8,TGGGTTTCCATGGTAAATAG,0,3015675
ratA_yfjF_predicted,0.1111111111111111,8,8,TGGGACGCGCGCGACAACGA,0,3015503
ratA_yfjF_predicted,0.1111111111111111,8,8,TGGCTGCTGTAGTGGGAATG,0,2998412
ratA_yfjF_predicted,0.1111111111111111,8,8,TGGCGCGATGCTGCAACTAC,0,3017027
ratA_yfjF_predicted,0.1111111111111111,8,8,TGGCCCGAGATGATATAGAG,0,3007744
ratA_yfjF_predicted,0.1111111111111111,8,8,TGGCCCAACGTTGCCCCCAG,0,3007720
ratA_yfjF_predicted,0.1111111111111111,8,8,TGGAGAACAATGAATTTTCT,0,3005963
ratA_yfjF_predicted,0.1111111111111111,8,8,TGGACAGGCATCTGCTATTG,0,3015957
ratA_yfjF_predicted,0.1111111111111111,8,8,TGGAAGGAGTCAGGACTTAT,0,3005410
ratA_yfjF_predicted,0.1111111111111111,8,8,TGCGCTGCCATTCACGATTT,0,2999023
ratA_yfjF_predicted,0.1111111111111111,8,8,TGCCTTGTCCTTTATGTCAA,0,2996731
ratA_yfjF_predicted,0.1111111111111111,8,8,TGCCGGCTCCTGGGCGTCCT,0,2999348
ratA_yfjF_predicted,0.1111111111111111,8,8,TGCCGCGTCACGTAAAGGAT,0,3017195
ratA_yfjF_predicted,0.1111111111111111,8,8,TGCCAATCATCGTGTGAAAA,0,3006798
ratA_yfjF_predicted,0.1111111111111111,8,8,TGCATTGTTATGATCCTGCA,0,3009511
ratA_yfjF_predicted,0.1111111111111111,8,8,TGATTTCGGTCTGGCTTGTT,0,2995332
ratA_yfjF_predicted,0.1111111111111111,8,8,TGATTCGCATATGCGTGGTT,0,3017239
ratA_yfjF_predicted,0.1111111111111111,8,8,TGATTAGAGGCGCGCACATT,0,3009515
ratA_yfjF_predicted,0.1111111111111111,8,8,TGATATTTTGGGTTACTTGT,0,3016613
ratA_yfjF_predicted,0.1111111111111111,8,8,TGATATTTGGGGGCTATACT,0,3006919
ratA_yfjF_predicted,0.1111111111111111,8,8,TGACAAACATCGAACGATAA,0,3021463
ratA_yfjF_predicted,0.1111111111111111,8,8,TGAAGCCTTCAAGCGATGAA,0,2999465
ratA_yfjF_predicted,0.1111111111111111,8,8,TGAAGCCGTTATAGGGCTCG,0,3000001
ratA_yfjF_predicted,0.1111111111111111,8,8,TCTTTGAATACATATGCCAG,0,3005759
ratA_yfjF_predicted,0.1111111111111111,8,8,TCTTCCGTGGCCGTTGCATT,0,3021085
ratA_yfjF_predicted,0.1111111111111111,8,8,TCTGGTGCGTGATTACATGG,0,3012974
ratA_yfjF_predicted,0.1111111111111111,8,8,TCTGGGGATGGAGAAGCTTA,0,3004418
ratA_yfjF_predicted,0.1111111111111111,8,8,TCTGCCCACGTCTCCGCAAC,0,2995812
ratA_yfjF_predicted,0.1111111111111111,8,8,TCTCAATGGGAGGCATGCAT,0,3017018
ratA_yfjF_predicted,0.1111111111111111,8,8,TCTATGCCGAATTGTCAAGG,0,3012983
ratA_yfjF_predicted,0.1111111111111111,8,8,TCTAAGGGTCTGCCATTCCT,0,3006223
ratA_yfjF_predicted,0.1111111111111111,8,8,TCGTAGTAATTACCAGTCCT,0,2999228
ratA_yfjF_predicted,0.1111111111111111,8,8,TCGTAGCTGTAGAAACACTT,0,3016932
ratA_yfjF_predicted,0.1111111111111111,8,8,TCGGTCAGTCTCCCACAGGA,0,3012227
ratA_yfjF_predicted,0.1111111111111111,8,8,TCGGGGTGCTGAATGATAGA,0,2992681
ratA_yfjF_predicted,0.1111111111111111,8,8,TCGCTTAGACCCAATCCTGT,0,3011714
ratA_yfjF_predicted,0.1111111111111111,8,8,TCGCACGCTTGCCAGGTATC,0,3018491
ratA_yfjF_predicted,0.1111111111111111,8,8,TCGCAAAAGGTCTTCTTAAC,0,3004965
ratA_yfjF_predicted,0.1111111111111111,8,8,TCCTCTCACCGATTTGATCG,0,3008482
ratA_yfjF_predicted,0.1111111111111111,8,8,TCCGTTTGGGGGATGGCGTG,0,2996813
ratA_yfjF_predicted,0.1111111111111111,8,8,TCCGTTCCAACGAGCATCCT,0,3020893
ratA_yfjF_predicted,0.1111111111111111,8,8,TCCGGGGGGGCGGCAGGAAG,0,3010493
ratA_yfjF_predicted,0.1111111111111111,8,8,TCCCGAGAGCGCCATGGCTA,0,3009145
ratA_yfjF_predicted,0.1111111111111111,8,8,TCCATACTCAAAAGGCCCCA,0,2996567
ratA_yfjF_predicted,0.1111111111111111,8,8,TCATCTTCCAGCCGCCCCCA,0,3002964
ratA_yfjF_predicted,0.1111111111111111,8,8,TCAGTCTGAGAGCGGGCGGT,0,2992811
ratA_yfjF_predicted,0.1111111111111111,8,8,TCACCCGTCAGGCCTTATTA,0,3005565
ratA_yfjF_predicted,0.1111111111111111,8,8,TCAAATGGCGACCGGCGGCC,0,3002649
ratA_yfjF_predicted,0.1111111111111111,8,8,TATGTGGAGGGGCTACTGGT,0,2994049
ratA_yfjF_predicted,0.1111111111111111,8,8,TATGATATGAAGTCACCAAG,0,2997676
ratA_yfjF_predicted,0.1111111111111111,8,8,TATCGCGGGACTGCTCAGTA,0,3003746
ratA_yfjF_predicted,0.1111111111111111,8,8,TATCAGATAACGACTTTTTT,0,2998337
ratA_yfjF_predicted,0.1111111111111111,8,8,TATAGTACGCCCAGGTGATT,0,3001352
ratA_yfjF_predicted,0.1111111111111111,8,8,TAGGCTAATGAGCATGGTGG,0,3006485
ratA_yfjF_predicted,0.1111111111111111,8,8,TAGCATAAGCGGCCGGTGAT,0,3010302
ratA_yfjF_predicted,0.1111111111111111,8,8,TACATCGGCTGTGTGGGCGC,0,2996479
ratA_yfjF_predicted,0.1111111111111111,8,8,TACAGGAGCCGTGCCGATTG,0,2999701
ratA_yfjF_predicted,0.1111111111111111,8,8,TACAGACCAATGCAATAAAT,0,2995805
ratA_yfjF_predicted,0.1111111111111111,8,8,TAAGATAAGGGATCTACCAC,0,3004989
ratA_yfjF_predicted,0.1111111111111111,8,8,TAACGTTTGCAAGTGATAGG,0,3006989
ratA_yfjF_predicted,0.1111111111111111,8,8,TAACAGTCTTGATTTGGCTC,0,2996885
ratA_yfjF_predicted,0.1111111111111111,8,8,TAAAGGACGTCCGGTTTAAA,0,3006354
ratA_yfjF_predicted,0.1111111111111111,8,8,TAAAATGTCATGGGCGACGC,0,3014787
ratA_yfjF_predicted,0.1111111111111111,8,8,GTTTTTATACAGTCTGACAT,0,3013555
ratA_yfjF_predicted,0.1111111111111111,8,8,GTTGTGAATCAGGCTTCACC,0,3015238
ratA_yfjF_predicted,0.1111111111111111,8,8,GTTATATCTCACCCTGGGTC,0,3009311
ratA_yfjF_predicted,0.1111111111111111,8,8,GTGTTTCCTAGTAATTCTGT,0,2994873
ratA_yfjF_predicted,0.1111111111111111,8,8,GTGTGGCTGCGGCCATTAAG,0,3007313
ratA_yfjF_predicted,0.1111111111111111,8,8,GTGTAAATAGGTCGCGACAG,0,2999736
ratA_yfjF_predicted,0.1111111111111111,8,8,GTGGACCCCGCAAGCCTGGT,0,3015904
ratA_yfjF_predicted,0.1111111111111111,8,8,GTCTCAATCGAGGGCCATCA,0,2992435
ratA_yfjF_predicted,0.1111111111111111,8,8,GTCGTGTACGCTGTGTGGCG,0,3005339
ratA_yfjF_predicted,0.1111111111111111,8,8,GTCGTAACTTTTTGAGCCAA,0,3015457
ratA_yfjF_predicted,0.1111111111111111,8,8,GTCGGGTTAACGCACGATAC,0,3005498
ratA_yfjF_predicted,0.1111111111111111,8,8,GTCGGCTCAAACAAAAAAGG,0,3014374
ratA_yfjF_predicted,0.1111111111111111,8,8,GTCCTCTGCAGATGCTGAAT,0,3001251
ratA_yfjF_predicted,0.1111111111111111,8,8,GTCACTGATCGGGTTCCGCT,0,2994908
ratA_yfjF_predicted,0.1111111111111111,8,8,GTATTTGGAGTCAACACTTG,0,3005622
ratA_yfjF_predicted,0.1111111111111111,8,8,GTATGGTTTTTCAACGCACA,0,3001584
ratA_yfjF_predicted,0.1111111111111111,8,8,GTATAGATCGTGCCCGCGCT,0,3020008
ratA_yfjF_predicted,0.1111111111111111,8,8,GGTTACGCGTCTTGCTAGCG,0,3008168
ratA_yfjF_predicted,0.1111111111111111,8,8,GGTCCACGCTTACGCACATC,0,3018706
ratA_yfjF_predicted,0.1111111111111111,8,8,GGTAAAACGACCTGCCCGTA,0,3014134
ratA_yfjF_predicted,0.1111111111111111,8,8,GGGTGATAGGCGGGCGGGGT,0,2993128
ratA_yfjF_predicted,0.1111111111111111,8,8,GGGTCAAGGTGCATTAGTCC,0,3004267
ratA_yfjF_predicted,0.1111111111111111,8,8,GGGGTTCGCGCGCTATAGGC,0,3013020
ratA_yfjF_predicted,0.1111111111111111,8,8,GGGGTCCCCCGACCAATTTT,0,3005058
ratA_yfjF_predicted,0.1111111111111111,8,8,GGGCGAATAGTTAATCACAA,0,3001230
ratA_yfjF_predicted,0.1111111111111111,8,8,GGCTGAGTGGGATTAGGGTC,0,3011162
ratA_yfjF_predicted,0.1111111111111111,8,8,GGCTACTCCATAGGCTCCGG,0,2999066
ratA_yfjF_predicted,0.1111111111111111,8,8,GGCGGAGGTCTAACGTGAAC,0,3016965
ratA_yfjF_predicted,0.1111111111111111,8,8,GGCCTTTTGGATGTGTACAT,0,3008580
ratA_yfjF_predicted,0.1111111111111111,8,8,GGCATCCGTATGTTGATTCG,0,2996662
ratA_yfjF_predicted,0.1111111111111111,8,8,GGATTAGCCCGTGACAAAGG,0,2992823
ratA_yfjF_predicted,0.1111111111111111,8,8,GGATGTGGTTGCCCGTCAAA,0,2996208
ratA_yfjF_predicted,0.1111111111111111,8,8,GGACTTACGCGCATCGCGAG,0,3021730
ratA_yfjF_predicted,0.1111111111111111,8,8,GGACGACTGATTTTTGCCCA,0,3015636
ratA_yfjF_predicted,0.1111111111111111,8,8,GGACACCCGTAAGCGTTGTC,0,2992849
ratA_yfjF_predicted,0.1111111111111111,8,8,GGACAAATTGATTCACCACA,0,3000008
ratA_yfjF_predicted,0.1111111111111111,8,8,GGAATGGGTCTCGGAGTAAC,0,3013244
ratA_yfjF_predicted,0.1111111111111111,8,8,GCTTCACAACGGTGACAGGG,0,3018104
ratA_yfjF_predicted,0.1111111111111111,8,8,GCTGGGGCCTCCTTAAGAGG,0,2992887
ratA_yfjF_predicted,0.1111111111111111,8,8,GCTGCTCAAATGAACTGCCT,0,3010740
ratA_yfjF_predicted,0.1111111111111111,8,8,GCTGACTGTTCGCAAGGCAT,0,3005655
ratA_yfjF_predicted,0.1111111111111111,8,8,GCTAGCGCCACATAACATCT,0,3021061
ratA_yfjF_predicted,0.1111111111111111,8,8,GCGTTTACGTCGAACTTGCT,0,3016241
ratA_yfjF_predicted,0.1111111111111111,8,8,GCGTGGACTATTGAGGTATC,0,3003887
ratA_yfjF_predicted,0.1111111111111111,8,8,GCGTCCGCTCCCCGGTTCCT,0,3008441
ratA_yfjF_predicted,0.1111111111111111,8,8,GCGGGCTTAGGCGATTGCTA,0,2993092
ratA_yfjF_predicted,0.1111111111111111,8,8,GCGGGACCTATAGGGATAAC,0,3001978
ratA_yfjF_predicted,0.1111111111111111,8,8,GCGAAATGGTCCCAGGTCAA,0,2998073
ratA_yfjF_predicted,0.1111111111111111,8,8,GCCGACCGTGGTAGAGAAGT,0,3003803
ratA_yfjF_predicted,0.1111111111111111,8,8,GCCCAACCCGTCCGGGTTAC,0,3012123
ratA_yfjF_predicted,0.1111111111111111,8,8,GCACCAGCAAGACGAGTTAT,0,3003782
ratA_yfjF_predicted,0.1111111111111111,8,8,GCACAACTGATTACCGTGAG,0,3013158
ratA_yfjF_predicted,0.1111111111111111,8,8,GCAAGTGCATCATAGGTCTG,0,3004251
ratA_yfjF_predicted,0.1111111111111111,8,8,GATTTTGGCTTCAGCAAGCT,0,2992980
ratA_yfjF_predicted,0.1111111111111111,8,8,GATGACCGGAGTGTCGGATA,0,3018160
ratA_yfjF_predicted,0.1111111111111111,8,8,GATCTATATTTAACCCATCA,0,3019765
ratA_yfjF_predicted,0.1111111111111111,8,8,GATCGTGGAGCTTCCCTTCA,0,3020273
ratA_yfjF_predicted,0.1111111111111111,8,8,GATCGGATCGGGTACTGCGT,0,3003035
ratA_yfjF_predicted,0.1111111111111111,8,8,GATCGGAGGGGCGCATTCTT,0,3019796
ratA_yfjF_predicted,0.1111111111111111,8,8,GATAGGGTAGCACGTTAGAC,0,3015682
ratA_yfjF_predicted,0.1111111111111111,8,8,GATACGAGGACAGAACCACT,0,2993939
ratA_yfjF_predicted,0.1111111111111111,8,8,GAGTGCTCCCGTCTGTGAAC,0,3011266
ratA_yfjF_predicted,0.1111111111111111,8,8,GAGTGAATAAACCCACGGGA,0,2993369
ratA_yfjF_predicted,0.1111111111111111,8,8,GAGTACCTATAATTAGACAC,0,3003613
ratA_yfjF_predicted,0.1111111111111111,8,8,GAGGGTGAGATTCCCTCGTT,0,2996771
ratA_yfjF_predicted,0.1111111111111111,8,8,GAGGAAGAAAAGCGCGGCCA,0,3000811
ratA_yfjF_predicted,0.1111111111111111,8,8,GAGCTTTGCCGTAGACAACC,0,3015982
ratA_yfjF_predicted,0.1111111111111111,8,8,GACTATTTGAATGGGCAAAC,0,3018857
ratA_yfjF_predicted,0.1111111111111111,8,8,GAATTCATGCTCAGCCGTAT,0,3006334
ratA_yfjF_predicted,0.1111111111111111,8,8,GAATCGCATCCTGTAGCTTC,0,3013738
ratA_yfjF_predicted,0.1111111111111111,8,8,GAAGACTTTCGTTCACTGCT,0,3008591
ratA_yfjF_predicted,0.1111111111111111,8,8,GAACAGTTGGCCGGTGGTTA,0,3009587
ratA_yfjF_predicted,0.1111111111111111,8,8,GAAATTAGCCTTTAGTTTCC,0,3004618
ratA_yfjF_predicted,0.1111111111111111,8,8,CTTTTGTTTCCCTGGGGAAA,0,3000827
ratA_yfjF_predicted,0.1111111111111111,8,8,CTTGGGACGATATGAGCACC,0,2994711
ratA_yfjF_predicted,0.1111111111111111,8,8,CTTCCGATTCTTCATCTGCA,0,3003927
ratA_yfjF_predicted,0.1111111111111111,8,8,CTTACTTAGGGCACAAAGCA,0,2996629
ratA_yfjF_predicted,0.1111111111111111,8,8,CTTAAGATCGATAAATAGGC,0,3000722
ratA_yfjF_predicted,0.1111111111111111,8,8,CTTAACACTGTGTATGACGT,0,3009049
ratA_yfjF_predicted,0.1111111111111111,8,8,CTGGATTCCGGTCAACATGT,0,2993198
ratA_yfjF_predicted,0.1111111111111111,8,8,CTGGACAGCGGTTCGCCCAC,0,2993082
ratA_yfjF_predicted,0.1111111111111111,8,8,CTGCGTCTATCCCCTGCCAC,0,3000764
ratA_yfjF_predicted,0.1111111111111111,8,8,CTCTACCATGTGCAGGTTCG,0,2999333
ratA_yfjF_predicted,0.1111111111111111,8,8,CTCGGCAGCACGATCTATGC,0,2994995
ratA_yfjF_predicted,0.1111111111111111,8,8,CTCGGACGCTAGGCCGTATT,0,3005690
ratA_yfjF_predicted,0.1111111111111111,8,8,CTCGCGCACAGACAAAACGT,0,3004540
ratA_yfjF_predicted,0.1111111111111111,8,8,CTCGACCAATGTACGTGGAT,0,3015833
ratA_yfjF_predicted,0.1111111111111111,8,8,CTAGCCCATATCACATGCAG,0,3019225
ratA_yfjF_predicted,0.1111111111111111,8,8,CGTTGCATTGAATTCCGCGG,0,3016411
ratA_yfjF_predicted,0.1111111111111111,8,8,CGTTCCCACTTTAATCCAAA,0,3005224
ratA_yfjF_predicted,0.1111111111111111,8,8,CGTGGACTTGGGTGGTTGGG,0,3006080
ratA_yfjF_predicted,0.1111111111111111,8,8,CGTGATTAACTCTTTATGGG,0,3018930
ratA_yfjF_predicted,0.1111111111111111,8,8,CGTCCAGCGTGGACCCGGTA,0,2998883
ratA_yfjF_predicted,0.1111111111111111,8,8,CGTATATCATCCAGCCGAAC,0,2996275
ratA_yfjF_predicted,0.1111111111111111,8,8,CGTATATAGTCCAACAGTCT,0,2999556
ratA_yfjF_predicted,0.1111111111111111,8,8,CGGTTAGAAAGGGATAGCCG,0,3019157
ratA_yfjF_predicted,0.1111111111111111,8,8,CGGTGCTTTGTGAGCAGTTC,0,3013982
ratA_yfjF_predicted,0.1111111111111111,8,8,CGGGTCTGAGGTGTCAAATG,0,3015955
ratA_yfjF_predicted,0.1111111111111111,8,8,CGGCGTACTAGGACGCCTAC,0,3010121
ratA_yfjF_predicted,0.1111111111111111,8,8,CGGCCGGACTACGCCCGAGT,0,3003214
ratA_yfjF_predicted,0.1111111111111111,8,8,CGGAGTTTAGCCAGTAAAGA,0,2999847
ratA_yfjF_predicted,0.1111111111111111,8,8,CGGAGACTATGCAACCTTAT,0,3016475
ratA_yfjF_predicted,0.1111111111111111,8,8,CGCTTCATGCACTACACCGA,0,2992025
ratA_yfjF_predicted,0.1111111111111111,8,8,CGCTGCGTGTCAAAGATTTT,0,3017246
ratA_yfjF_predicted,0.1111111111111111,8,8,CGCTATGCGCTCCCCCTTAC,0,2996670
ratA_yfjF_predicted,0.1111111111111111,8,8,CGCGTACGCACTTGGCCGCA,0,3009757
ratA_yfjF_predicted,0.1111111111111111,8,8,CGCGGATCTGCCATAAGTAC,0,3009407
ratA_yfjF_predicted,0.1111111111111111,8,8,CGCCAGTTAGTCGAGCGTGT,0,3005754
ratA_yfjF_predicted,0.1111111111111111,8,8,CGCAAGGTTACTCGTTGTTA,0,2998200
ratA_yfjF_predicted,0.1111111111111111,8,8,CGATTCCTAATGTTCATGCG,0,3000964
ratA_yfjF_predicted,0.1111111111111111,8,8,CGATCAGGACGAGGCTTCGT,0,3003787
ratA_yfjF_predicted,0.1111111111111111,8,8,CGACTCTCAACCCCGGGCTC,0,2998241
ratA_yfjF_predicted,0.1111111111111111,8,8,CGAATCCACGGTAGCTCTTA,0,3011614
ratA_yfjF_predicted,0.1111111111111111,8,8,CGAAGCTGGAGAGATTGACC,0,2997832
ratA_yfjF_predicted,0.1111111111111111,8,8,CCTTTCTATGAGTCTGCCTG,0,3015911
ratA_yfjF_predicted,0.1111111111111111,8,8,CCTTTCACACTGTGATACGA,0,3016626
ratA_yfjF_predicted,0.1111111111111111,8,8,CCTTACGGGGATATTTGATC,0,2993081
ratA_yfjF_predicted,0.1111111111111111,8,8,CCTGCCGCACTGGTGTTCTT,0,2994011
ratA_yfjF_predicted,0.1111111111111111,8,8,CCTATATCGTTTAGGTTTTT,0,3011292
ratA_yfjF_predicted,0.1111111111111111,8,8,CCTAAATCGAATATCACGGA,0,3011113
ratA_yfjF_predicted,0.1111111111111111,8,8,CCTAAACGCTTACATGGAGA,0,3017266
ratA_yfjF_predicted,0.1111111111111111,8,8,CCGCTGGGAGTAACTGTTTG,0,3006367
ratA_yfjF_predicted,0.1111111111111111,8,8,CCGCGTAGCTTGCTGATCAG,0,3013140
ratA_yfjF_predicted,0.1111111111111111,8,8,CCGAGGCCAGGAGACAGAAT,0,3003158
ratA_yfjF_predicted,0.1111111111111111,8,8,CCGAATGCCAGTTAGGGGGG,0,3001038
ratA_yfjF_predicted,0.1111111111111111,8,8,CCCTGGGCTATTCGGCGGTG,0,2999397
ratA_yfjF_predicted,0.1111111111111111,8,8,CCCCGCATGTGGGGATATAA,0,2993192
ratA_yfjF_predicted,0.1111111111111111,8,8,CCCCCGATCGATTCCAGTTA,0,3008749
ratA_yfjF_predicted,0.1111111111111111,8,8,CCCAGTACATATTGACTGGC,0,3015949
ratA_yfjF_predicted,0.1111111111111111,8,8,CCATCCTCTCCGGACTGGTA,0,2997179
ratA_yfjF_predicted,0.1111111111111111,8,8,CCAGGCTCGTTAATGGCCGT,0,2997685
ratA_yfjF_predicted,0.1111111111111111,8,8,CCACCATTGCATCGCGCATC,0,3002653
ratA_yfjF_predicted,0.1111111111111111,8,8,CATGCGCAAAAACCTAGCGG,0,3015876
ratA_yfjF_predicted,0.1111111111111111,8,8,CATCTTACGCTTTATCGGCC,0,3005832
ratA_yfjF_predicted,0.1111111111111111,8,8,CATCGGTTATTGAACCGATA,0,3009817
ratA_yfjF_predicted,0.1111111111111111,8,8,CATACGAGATCAATACTGAG,0,3000070
ratA_yfjF_predicted,0.1111111111111111,8,8,CAGTTTTCTAAGTAATGCTT,0,3000812
ratA_yfjF_predicted,0.1111111111111111,8,8,CAGTCAGATAGCGCCCACTG,0,3010279
ratA_yfjF_predicted,0.1111111111111111,8,8,CAGTATGTTGTCGGATCCAC,0,2991775
ratA_yfjF_predicted,0.1111111111111111,8,8,CAGGTGTTATCGTGGGACCA,0,3012707
ratA_yfjF_predicted,0.1111111111111111,8,8,CAGCCTACTTTCCAACGCGT,0,2997201
ratA_yfjF_predicted,0.1111111111111111,8,8,CAGACCGCCATGAAGTGTTT,0,3013717
ratA_yfjF_predicted,0.1111111111111111,8,8,CAGAAATGAGGGAAACTTAG,0,3007113
ratA_yfjF_predicted,0.1111111111111111,8,8,CACTTGGCATCCGTAATGCA,0,3013696
ratA_yfjF_predicted,0.1111111111111111,8,8,CACGGGTTCAGACAACATGC,0,3010394
ratA_yfjF_predicted,0.1111111111111111,8,8,CACACGCATTCTGCTCGTTC,0,3009280
ratA_yfjF_predicted,0.1111111111111111,8,8,CACACAGGGACATAACGGCT,0,2994824
ratA_yfjF_predicted,0.1111111111111111,8,8,CAAGAATTGCATAATTGTTC,0,2992653
ratA_yfjF_predicted,0.1111111111111111,8,8,CAACCCCGCGTAGGTGAAAG,0,3002308
ratA_yfjF_predicted,0.1111111111111111,8,8,CAACATCGGGTCCGTGTGGG,0,3000449
ratA_yfjF_predicted,0.1111111111111111,8,8,CAAAATCTTCTGTGTGTCGG,0,3003964
ratA_yfjF_predicted,0.1111111111111111,8,8,ATTTGCTACTTTATTGGCAG,0,3010212
ratA_yfjF_predicted,0.1111111111111111,8,8,ATTTACGGTCACGAAATAAG,0,2994178
ratA_yfjF_predicted,0.1111111111111111,8,8,ATTCTAAGTTCGAATAGCCA,0,3005035
ratA_yfjF_predicted,0.1111111111111111,8,8,ATTAGCAACGATGTCATCGA,0,3011380
ratA_yfjF_predicted,0.1111111111111111,8,8,ATGTACCTCGACCACATAGT,0,3004450
ratA_yfjF_predicted,0.1111111111111111,8,8,ATGGGCTCCGGTTCTTATAA,0,3012347
ratA_yfjF_predicted,0.1111111111111111,8,8,ATCTTGCTGAGGCAATCGAT,0,3003143
ratA_yfjF_predicted,0.1111111111111111,8,8,ATCTCGACGACGATTAGAAA,0,3017876
ratA_yfjF_predicted,0.1111111111111111,8,8,ATCGGGATCGTGCAATGGAT,0,2995961
ratA_yfjF_predicted,0.1111111111111111,8,8,ATCGGGAGCATTTTGTTTTA,0,3003008
ratA_yfjF_predicted,0.1111111111111111,8,8,ATCGATGGGCCTGGGTAGAT,0,3017551
ratA_yfjF_predicted,0.1111111111111111,8,8,ATCCGACCACTGCGGCAATG,0,3016756
ratA_yfjF_predicted,0.1111111111111111,8,8,ATCAGTGTGTACGTCCTTCG,0,2997898
ratA_yfjF_predicted,0.1111111111111111,8,8,ATCAGCGATGTATATGATCA,0,3021060
ratA_yfjF_predicted,0.1111111111111111,8,8,ATCACTGGAATAAGCTTAAA,0,2994793
ratA_yfjF_predicted,0.1111111111111111,8,8,ATCAATGCTCTTAGCTCTGC,0,2994661
ratA_yfjF_predicted,0.1111111111111111,8,8,ATATCGGTTGCTAATGAGTC,0,3000322
ratA_yfjF_predicted,0.1111111111111111,8,8,ATATCAGTGCACAATCGGTT,0,3006597
ratA_yfjF_predicted,0.1111111111111111,8,8,ATAGTAAGTTGAGACATTCC,0,3011250
ratA_yfjF_predicted,0.1111111111111111,8,8,ATAGGGCGGATTTTATTGAA,0,2994144
ratA_yfjF_predicted,0.1111111111111111,8,8,ATACTGATGTTATGACCAGT,0,3014125
ratA_yfjF_predicted,0.1111111111111111,8,8,ATAATTCGGTTGACCCACGT,0,3006226
ratA_yfjF_predicted,0.1111111111111111,8,8,AGTGCGGGGCGCCCGAATGG,0,2993401
ratA_yfjF_predicted,0.1111111111111111,8,8,AGTCACTGTTGAACCTCGCC,0,3017295
ratA_yfjF_predicted,0.1111111111111111,8,8,AGTAAGTTCTATTGACAAAC,0,3012377
ratA_yfjF_predicted,0.1111111111111111,8,8,AGGTTGAGGCGATAGTCCAT,0,3012295
ratA_yfjF_predicted,0.1111111111111111,8,8,AGGTCGTCATATACGCCCCC,0,2993955
ratA_yfjF_predicted,0.1111111111111111,8,8,AGGCGCATGCGCGTACGTGG,0,2998554
ratA_yfjF_predicted,0.1111111111111111,8,8,AGGATTCAGGGCATGCGCAG,0,3015435
ratA_yfjF_predicted,0.1111111111111111,8,8,AGCTGTTTCCAGATCCTCCG,0,3015016
ratA_yfjF_predicted,0.1111111111111111,8,8,AGCCGGCAAATCACCATCAG,0,3011835
ratA_yfjF_predicted,0.1111111111111111,8,8,AGCAGTACTCCAGAGTGGAG,0,2998864
ratA_yfjF_predicted,0.1111111111111111,8,8,AGCAGAAACGAAGTGATACT,0,3012567
ratA_yfjF_predicted,0.1111111111111111,8,8,AGCAAGTGCTCGGTGCTATG,0,2996335
ratA_yfjF_predicted,0.1111111111111111,8,8,AGATATTTGCCAGACAAGAT,0,3017321
ratA_yfjF_predicted,0.1111111111111111,8,8,AGAGGGCTTAAGTGACAGTT,0,3009734
ratA_yfjF_predicted,0.1111111111111111,8,8,AGAGCATAGCAATGAACAGT,0,3016544
ratA_yfjF_predicted,0.1111111111111111,8,8,AGAGCAGAATTGCCTGTATT,0,2995341
ratA_yfjF_predicted,0.1111111111111111,8,8,AGAGAAAGCGCTTGGGTTTA,0,2995221
ratA_yfjF_predicted,0.1111111111111111,8,8,AGACTGTATCGGACAGGGCA,0,3007601
ratA_yfjF_predicted,0.1111111111111111,8,8,AGACTGTATATGGACATTGG,0,3009465
ratA_yfjF_predicted,0.1111111111111111,8,8,AGAAGCGGTAGGAAGCCGGC,0,3013815
ratA_yfjF_predicted,0.1111111111111111,8,8,ACTTGGTCCCCGAATTTTCC,0,3003139
ratA_yfjF_predicted,0.1111111111111111,8,8,ACTTGCTTCCATAGAGAGCG,0,3009017
ratA_yfjF_predicted,0.1111111111111111,8,8,ACTTCTTGTCCCGCTATCCT,0,3002360
ratA_yfjF_predicted,0.1111111111111111,8,8,ACTGGCGACCTCGGTAATCT,0,2993785
ratA_yfjF_predicted,0.1111111111111111,8,8,ACTCTCATCACGATGGACCA,0,3014239
ratA_yfjF_predicted,0.1111111111111111,8,8,ACTCGCCGGGGGCGAAAGGC,0,3002452
ratA_yfjF_predicted,0.1111111111111111,8,8,ACTATTTATAGTGCAGTGGT,0,2999949
ratA_yfjF_predicted,0.1111111111111111,8,8,ACTATACCCAGCTGCGATTT,0,3003374
ratA_yfjF_predicted,0.1111111111111111,8,8,ACGTGCGCGCCGGCCTGTGT,0,3013689
ratA_yfjF_predicted,0.1111111111111111,8,8,ACGGGGTATTTGGACCCGGT,0,3006828
ratA_yfjF_predicted,0.1111111111111111,8,8,ACGGGGGAACGACCCGTTTG,0,3011558
ratA_yfjF_predicted,0.1111111111111111,8,8,ACGGAGGGTTAAGGAGGTGA,0,2998695
ratA_yfjF_predicted,0.1111111111111111,8,8,ACGATGTCCTAAAGCGTAAG,0,3014084
ratA_yfjF_predicted,0.1111111111111111,8,8,ACGAAAAGGCGGAACGTCAC,0,2992948
ratA_yfjF_predicted,0.1111111111111111,8,8,ACCTCCAAAAAATGACCTAT,0,3013716
ratA_yfjF_predicted,0.1111111111111111,8,8,ACCGTCTAATACAATCGCTG,0,3007888
ratA_yfjF_predicted,0.1111111111111111,8,8,ACCGGGCCAGCACTTTTTCT,0,3002389
ratA_yfjF_predicted,0.1111111111111111,8,8,ACCACTCGGTCTCTTACGGA,0,3002402
ratA_yfjF_predicted,0.1111111111111111,8,8,ACCAAGAGTCGTCTTCTTTT,0,3016344
ratA_yfjF_predicted,0.1111111111111111,8,8,ACAGGGCAGACGGATAGGGA,0,3011949
ratA_yfjF_predicted,0.1111111111111111,8,8,ACAGCGTTCGGTTCTTAATG,0,3013543
ratA_yfjF_predicted,0.1111111111111111,8,8,ACAGCGGCAAAGTGGTGCAA,0,2991894
ratA_yfjF_predicted,0.1111111111111111,8,8,ACACCTCCATATACTTCGTA,0,3007636
ratA_yfjF_predicted,0.1111111111111111,8,8,AATTCGTATCAACAGTGATT,0,2995429
ratA_yfjF_predicted,0.1111111111111111,8,8,AATGCGACCTACTTAGGTAG,0,2996460
ratA_yfjF_predicted,0.1111111111111111,8,8,AATCTGCTTAAAGGTGGCTA,0,3006926
ratA_yfjF_predicted,0.1111111111111111,8,8,AAGGCGCGAAGCAGCAATGA,0,3013687
ratA_yfjF_predicted,0.1111111111111111,8,8,AAGATTAGATATCAGGGCTA,0,3018850
ratA_yfjF_predicted,0.1111111111111111,8,8,AAGAATGCCGGTCCGCGGTG,0,3008759
ratA_yfjF_predicted,0.1111111111111111,8,8,AACGCCTGCTTATCAGCTTC,0,3001213
ratA_yfjF_predicted,0.1111111111111111,8,8,AACACGCACGTTCCGCTAAG,0,3000708
ratA_yfjF_predicted,0.1111111111111111,8,8,AAATGCTATTATACACCAAT,0,3017809
ratA_yfjF_predicted,0.1111111111111111,8,8,AAAGAGGCGTCATTGAGCTC,0,2998315
ratA_yfjF_predicted,0.1111111111111111,8,8,AAAGACTACTGTAGTCTAAC,0,2993153
ratA_yfjF_predicted,0.1111111111111111,8,8,AAACTCTGGGTAGTGTTTGT,0,3009667
ratA_yfjF_predicted,0.1111111111111111,8,8,AAACGCGCCCTGGGCCCTGA,0,2995349
ratA_yfjF_predicted,0.1111111111111111,8,8,AAAATGGGTTTATAAGTGAT,0,3009488
ratA_yfjF_predicted,0.125,7,7,TTTTGGGAACTTCTGCTCGC,0,3011132
ratA_yfjF_predicted,0.125,7,7,TTTTCATACAATAGTTCTAA,0,3015140
ratA_yfjF_predicted,0.125,7,7,TTTGATAAGGAAAATTAATA,0,3005987
ratA_yfjF_predicted,0.125,7,7,TTTCTAAGCCTCGCCTAGAC,0,3005984
ratA_yfjF_predicted,0.125,7,7,TTGTCAGCAATCGACTTGGA,0,3015529
ratA_yfjF_predicted,0.125,7,7,TTGCCAGGTAATATGTCTTC,0,3004707
ratA_yfjF_predicted,0.125,7,7,TTGACTGCTACCCAACCTTG,0,2992415
ratA_yfjF_predicted,0.125,7,7,TTGACGCCGCACGCTAAAAT,0,3013058
ratA_yfjF_predicted,0.125,7,7,TTCTTCTTTACACCGTGCAG,0,3013921
ratA_yfjF_predicted,0.125,7,7,TTCCACGGCCGGGAGATGCG,0,3012326
ratA_yfjF_predicted,0.125,7,7,TTCATCTTTGATGATGCGAT,0,3008075
ratA_yfjF_predicted,0.125,7,7,TTCAACACCTGGTGTCTTAC,0,3012445
ratA_yfjF_predicted,0.125,7,7,TTATAGCATCAGACTGCCCT,0,3013947
ratA_yfjF_predicted,0.125,7,7,TTAGAAACGTTCCGCGGCGT,0,3014997
ratA_yfjF_predicted,0.125,7,7,TTACGCGACTCGATAATAGC,0,2999114
ratA_yfjF_predicted,0.125,7,7,TTAATGTTCAACGGAGCGCC,0,3012901
ratA_yfjF_predicted,0.125,7,7,TGTTGGCCGTTAAACTGAGA,0,3007580
ratA_yfjF_predicted,0.125,7,7,TGTTCGGATCGTTCGTTCTT,0,3008789
ratA_yfjF_predicted,0.125,7,7,TGTGAACCTTACGTCAGTCG,0,3005776
ratA_yfjF_predicted,0.125,7,7,TGTCTTCTGACACTAACTTT,0,2997223
ratA_yfjF_predicted,0.125,7,7,TGTCTGGATCACGTCGAATA,0,3016957
ratA_yfjF_predicted,0.125,7,7,TGTCCTTCCACGGCCAATCA,0,3020594
ratA_yfjF_predicted,0.125,7,7,TGTCCTACCTCGTTAAGATT,0,3000949
ratA_yfjF_predicted,0.125,7,7,TGTCCCCTGGGAACCACGAC,0,3000840
ratA_yfjF_predicted,0.125,7,7,TGTCCCACAGTTACATTCAT,0,3001663
ratA_yfjF_predicted,0.125,7,7,TGTAACAATGTAAATCGAAT,0,2998799
ratA_yfjF_predicted,0.125,7,7,TGGTCTGGCGCTACAATTAT,0,2998282
ratA_yfjF_predicted,0.125,7,7,TGGGTGCGAGGCTGTCGGCG,0,3011972
ratA_yfjF_predicted,0.125,7,7,TGGGAGGTCGATGTTCCTCG,0,3019729
ratA_yfjF_predicted,0.125,7,7,TGGCTCGCTGTTTATTGGTC,0,3021115
ratA_yfjF_predicted,0.125,7,7,TGGCGACCAGTCGTTCTCGA,0,3017676
ratA_yfjF_predicted,0.125,7,7,TGGCAGAGCACGTTCACAAT,0,2996926
ratA_yfjF_predicted,0.125,7,7,TGGAGTGCGTACTTGTAGCA,0,3010156
ratA_yfjF_predicted,0.125,7,7,TGGACTAAACCAACACAGGT,0,3010275
ratA_yfjF_predicted,0.125,7,7,TGCTTTCATGGACGCCGGAT,0,3009128
ratA_yfjF_predicted,0.125,7,7,TGCGTTCCGACTGCAGGTTA,0,3012724
ratA_yfjF_predicted,0.125,7,7,TGCGGTGTAAATTCACACTG,0,2993456
ratA_yfjF_predicted,0.125,7,7,TGCGCTAGACTTCAAAGGAG,0,3019097
ratA_yfjF_predicted,0.125,7,7,TGCATAATTAGAATAGATGT,0,3019611
ratA_yfjF_predicted,0.125,7,7,TGATGCAGGCTCAGTGTCGT,0,2999430
ratA_yfjF_predicted,0.125,7,7,TGAGTAGCCAATCGTAAAGA,0,2996728
ratA_yfjF_predicted,0.125,7,7,TGAGCCTATTGGTTTTTAGG,0,3017139
ratA_yfjF_predicted,0.125,7,7,TGAGCCGGGTAGTGGCATAC,0,2997227
ratA_yfjF_predicted,0.125,7,7,TGAGAGATTTTGAATTGCTC,0,3011086
ratA_yfjF_predicted,0.125,7,7,TGAGAGACGAAGTTAGTCCG,0,3016011
ratA_yfjF_predicted,0.125,7,7,TGACGTGCCCAGCCTCTCGC,0,3009513
ratA_yfjF_predicted,0.125,7,7,TGACATGGCTAAAAATAGAG,0,3007346
ratA_yfjF_predicted,0.125,7,7,TCTTCGGCATGTTACAAACG,0,3016631
ratA_yfjF_predicted,0.125,7,7,TCTTATTAAGAGTGTGAGGA,0,2997110
ratA_yfjF_predicted,0.125,7,7,TCTTATATGACATAAGTTCT,0,3020990
ratA_yfjF_predicted,0.125,7,7,TCTGGGGGCAATGACGCCTT,0,3005646
ratA_yfjF_predicted,0.125,7,7,TCTGGATTGTCACGCACTGA,0,2999200
ratA_yfjF_predicted,0.125,7,7,TCTCTTAGCGTGACCCAGGA,0,3012235
ratA_yfjF_predicted,0.125,7,7,TCTCTTAAAGTCGGCTCACA,0,2992712
ratA_yfjF_predicted,0.125,7,7,TCTCCGGTAGAAGGTCATCA,0,3014110
ratA_yfjF_predicted,0.125,7,7,TCTCAGCGCATACACCCTTG,0,3002401
ratA_yfjF_predicted,0.125,7,7,TCTATCATGGGTCGCAGACA,0,3009614
ratA_yfjF_predicted,0.125,7,7,TCTAATTACGGGGGCCTCTG,0,2999934
ratA_yfjF_predicted,0.125,7,7,TCGTGCCTGTAAGGTATGGG,0,3006205
ratA_yfjF_predicted,0.125,7,7,TCGGGCGTACACCGTCTGGG,0,2998489
ratA_yfjF_predicted,0.125,7,7,TCGGAAGTATGAAGCAGTTG,0,2993513
ratA_yfjF_predicted,0.125,7,7,TCGAATCTTTCACAGCAAGG,0,3012301
ratA_yfjF_predicted,0.125,7,7,TCCTTCATAAAGTATCGTAC,0,3015234
ratA_yfjF_predicted,0.125,7,7,TCCGAGGCGCGTGCATTAAG,0,2995846
ratA_yfjF_predicted,0.125,7,7,TCCCAAAAAGGATTGTGGGA,0,3003375
ratA_yfjF_predicted,0.125,7,7,TCCAGGACACAACATTTGAG,0,3015744
ratA_yfjF_predicted,0.125,7,7,TCATCTTAGTATGCGTATTG,0,2994637
ratA_yfjF_predicted,0.125,7,7,TCAGAAATAAAAGACCGCAA,0,3004479
ratA_yfjF_predicted,0.125,7,7,TCAACCGCGCTGCGTACAAT,0,2993525
ratA_yfjF_predicted,0.125,7,7,TATTCGGTGCCTTTCAGACC,0,2997294
ratA_yfjF_predicted,0.125,7,7,TATTCAGCTTGCCTTTCAGG,0,3006005
ratA_yfjF_predicted,0.125,7,7,TATGGTGGTTCAGGCCTATT,0,2993226
ratA_yfjF_predicted,0.125,7,7,TATGCAGTTAAAGTAATGGG,0,3020118
ratA_yfjF_predicted,0.125,7,7,TATCTGACAGGTTATCCGGC,0,2993798
ratA_yfjF_predicted,0.125,7,7,TATCGCGGTCTCACTATGTT,0,3021087
ratA_yfjF_predicted,0.125,7,7,TATCAATCGAGATGCGACTA,0,3008760
ratA_yfjF_predicted,0.125,7,7,TATAGTACTAATGCGTTATA,0,2992239
ratA_yfjF_predicted,0.125,7,7,TAGGGGAGATTTGCCCTGTT,0,3001119
ratA_yfjF_predicted,0.125,7,7,TAGGATGCTCATGAGTCCAG,0,3010434
ratA_yfjF_predicted,0.125,7,7,TAGCGTGCCCCACGTTCACT,0,3010800
ratA_yfjF_predicted,0.125,7,7,TAGCACGGGGGTTATTAGAC,0,3007940
ratA_yfjF_predicted,0.125,7,7,TAGAATATGTAAGGGGCGCA,0,2995169
ratA_yfjF_predicted,0.125,7,7,TACTTACGCGTAGGACATGT,0,3000855
ratA_yfjF_predicted,0.125,7,7,TACGACGGCCCGTCGATTGC,0,3007749
ratA_yfjF_predicted,0.125,7,7,TACCTGATGCTCAAAATCGA,0,3012852
ratA_yfjF_predicted,0.125,7,7,TACCTAATGAATGACAGCGT,0,2998662
ratA_yfjF_predicted,0.125,7,7,TACCGCCCGTATAAACCTTA,0,2998403
ratA_yfjF_predicted,0.125,7,7,TACCAACTTGCGTGAGAAGC,0,3004247
ratA_yfjF_predicted,0.125,7,7,TACAATTGAGGGGGCTAAGT,0,3001486
ratA_yfjF_predicted,0.125,7,7,TAATTGAGCGGGCAGTGTCG,0,3005355
ratA_yfjF_predicted,0.125,7,7,TAAGCATTTTCGGCACTATA,0,3001127
ratA_yfjF_predicted,0.125,7,7,TAACACAGAGCATTACCGCG,0,2992711
ratA_yfjF_predicted,0.125,7,7,TAAAGCTGGCGCAAGATTGA,0,3008286
ratA_yfjF_predicted,0.125,7,7,TAAAGCGTTCCGACATGTAA,0,3000376
ratA_yfjF_predicted,0.125,7,7,TAAAGAGTCGGGGACGGGTG,0,3018977
ratA_yfjF_predicted,0.125,7,7,GTTTGCCTGTTGCATACTAC,0,3004701
ratA_yfjF_predicted,0.125,7,7,GTTTATGCCTTTGACCTAGT,0,3002946
ratA_yfjF_predicted,0.125,7,7,GTTGACTCGTATATGCCTCA,0,3015121
ratA_yfjF_predicted,0.125,7,7,GTTAACTCGAGCGGCGTTAT,0,2994969
ratA_yfjF_predicted,0.125,7,7,GTGTAGACCTGGTGGTGGAG,0,3012981
ratA_yfjF_predicted,0.125,7,7,GTGGCGCATCCCCTGCATAG,0,3008649
ratA_yfjF_predicted,0.125,7,7,GTGGCATGTCTGCCGACCAG,0,3016794
ratA_yfjF_predicted,0.125,7,7,GTGCCCCTCACTATTCACGA,0,3012643
ratA_yfjF_predicted,0.125,7,7,GTCTCTCGTGGGCCATGGCA,0,3019524
ratA_yfjF_predicted,0.125,7,7,GTCTATCCTAGGTAGACGCA,0,3013706
ratA_yfjF_predicted,0.125,7,7,GTATTCCGAATCGTTGGAAA,0,3009597
ratA_yfjF_predicted,0.125,7,7,GTATATGCAATGAGGCTGAT,0,3019590
ratA_yfjF_predicted,0.125,7,7,GTATAACTTGCAAAGAGTAT,0,2996236
ratA_yfjF_predicted,0.125,7,7,GTAGTTGTCCTTCCCGCGAG,0,3006832
ratA_yfjF_predicted,0.125,7,7,GTAGTTCGTTGGTTCCTTAA,0,3011417
ratA_yfjF_predicted,0.125,7,7,GTAGTACACGCTGGTAGCTT,0,3018960
ratA_yfjF_predicted,0.125,7,7,GTAGCACAGAAGTCCTCTAC,0,2997979
ratA_yfjF_predicted,0.125,7,7,GTAATAGGAAGGGCAATCCC,0,2996736
ratA_yfjF_predicted,0.125,7,7,GTAAGCGGTGTTCGTCCACG,0,2997405
ratA_yfjF_predicted,0.125,7,7,GTAACTTGGATTACTGGAGG,0,2992108
ratA_yfjF_predicted,0.125,7,7,GGTTGTAAACAATGACAAGG,0,3016391
ratA_yfjF_predicted,0.125,7,7,GGTGAGGGTGCACAATGAAA,0,3016000
ratA_yfjF_predicted,0.125,7,7,GGTCCTTGGCGCATGGCTTT,0,3016177
ratA_yfjF_predicted,0.125,7,7,GGTATAGCCAATGAATGAAT,0,3014725
ratA_yfjF_predicted,0.125,7,7,GGGTTTGGTTCGGCAAAGTA,0,3017595
ratA_yfjF_predicted,0.125,7,7,GGGTCAGGTATTTTACAAAA,0,3015900
ratA_yfjF_predicted,0.125,7,7,GGGTATGGATCCGAAATTAT,0,2999352
ratA_yfjF_predicted,0.125,7,7,GGGGTTTGGGAGATTGTCTT,0,2995184
ratA_yfjF_predicted,0.125,7,7,GGGGTGCGTCGCAAGTGAGT,0,3019358
ratA_yfjF_predicted,0.125,7,7,GGGGGGAACGCGTGATAGTT,0,3001337
ratA_yfjF_predicted,0.125,7,7,GGGGCCTAAGACAGCGGGTT,0,2992505
ratA_yfjF_predicted,0.125,7,7,GGGCAGTGATGCGTAAGCAG,0,2999310
ratA_yfjF_predicted,0.125,7,7,GGGCAAGAGGGGTAAACATC,0,3006686
ratA_yfjF_predicted,0.125,7,7,GGGATTCGGCCGGTGTCCCC,0,3009068
ratA_yfjF_predicted,0.125,7,7,GGCTTTGGCATAAACGAAAT,0,3013102
ratA_yfjF_predicted,0.125,7,7,GGCTGTTGTCTCAGGAAGCC,0,3012884
ratA_yfjF_predicted,0.125,7,7,GGCTCGCAATGAGCTATAAG,0,2998557
ratA_yfjF_predicted,0.125,7,7,GGCTATCAGAACTATACCCG,0,3018585
ratA_yfjF_predicted,0.125,7,7,GGCGCAGCCAGAGAATGTTC,0,3002354
ratA_yfjF_predicted,0.125,7,7,GGCCTCGCTTACCGTAAAAC,0,3006946
ratA_yfjF_predicted,0.125,7,7,GGCCATGCTTCCGTCGTGTA,0,2992796
ratA_yfjF_predicted,0.125,7,7,GGCCACTAAATAGTGCTCTC,0,3008158
ratA_yfjF_predicted,0.125,7,7,GGCCAACATCAGCGTGTTCT,0,2997469
ratA_yfjF_predicted,0.125,7,7,GGCATTCGTGGTATGACGGG,0,3009438
ratA_yfjF_predicted,0.125,7,7,GGCATTCCGGAATCACAGAG,0,3008940
ratA_yfjF_predicted,0.125,7,7,GGCATGGTAAGTCCCATCCA,0,3009313
ratA_yfjF_predicted,0.125,7,7,GGATGGTACTTCCGAGAAGT,0,3001792
ratA_yfjF_predicted,0.125,7,7,GGATGCACAGCCATGACTCT,0,3006892
ratA_yfjF_predicted,0.125,7,7,GGATCGGTCAGAGGCCCTTT,0,3000813
ratA_yfjF_predicted,0.125,7,7,GGAGGCGTTGACTACAGATT,0,3009395
ratA_yfjF_predicted,0.125,7,7,GGAGGAGAATGGAGCCGCCC,0,3014727
ratA_yfjF_predicted,0.125,7,7,GGAGGACCGTGCTATTCCTA,0,3018262
ratA_yfjF_predicted,0.125,7,7,GGACAGTGGAACAGAATAAA,0,3006421
ratA_yfjF_predicted,0.125,7,7,GGAATCCCAGATTTAGAACA,0,3018333
ratA_yfjF_predicted,0.125,7,7,GGAAGGCACCATGCAACCAT,0,2993864
ratA_yfjF_predicted,0.125,7,7,GGAAACCAACGGCAGAACGC,0,3009343
ratA_yfjF_predicted,0.125,7,7,GGAAAATACCCGTCCGTAGG,0,2994625
ratA_yfjF_predicted,0.125,7,7,GCTTGGTCGTATAGTGTAAG,0,2997284
ratA_yfjF_predicted,0.125,7,7,GCTCTTACGGGCTGAGCCAT,0,3000010
ratA_yfjF_predicted,0.125,7,7,GCTCTCAGCCCCGATCATGT,0,3001195
ratA_yfjF_predicted,0.125,7,7,GCTCGGAGTACAAAGCCGGG,0,3011197
ratA_yfjF_predicted,0.125,7,7,GCTATTCGGAGCTGATCCCG,0,3007794
ratA_yfjF_predicted,0.125,7,7,GCTATTATCGCAGGACCAGG,0,2997034
ratA_yfjF_predicted,0.125,7,7,GCGTTTGAATCCCTGTTTGG,0,2999362
ratA_yfjF_predicted,0.125,7,7,GCGTTTACGTGCTTTGGTCT,0,3003014
ratA_yfjF_predicted,0.125,7,7,GCGTTGTGACTCCATTCGAA,0,3000061
ratA_yfjF_predicted,0.125,7,7,GCGTCCCTGCTCGTATCTAC,0,3015871
ratA_yfjF_predicted,0.125,7,7,GCGCGATTATGAACAGACGG,0,3000591
ratA_yfjF_predicted,0.125,7,7,GCGAATACTGAGATCGGCCC,0,3018671
ratA_yfjF_predicted,0.125,7,7,GCGAACTGGTATCCTTATTA,0,2993610
ratA_yfjF_predicted,0.125,7,7,GCCTTTGTACCATCTAGTAA,0,3012933
ratA_yfjF_predicted,0.125,7,7,GCCTGGTTGGAATAAGGGGT,0,3008180
ratA_yfjF_predicted,0.125,7,7,GCCGAGAAATAGATCGTGTT,0,3017909
ratA_yfjF_predicted,0.125,7,7,GCCGAATGTCTAAAAATAAG,0,3002801
ratA_yfjF_predicted,0.125,7,7,GCCCAGCGGTCGGGAGGAAA,0,3016158
ratA_yfjF_predicted,0.125,7,7,GCCCACCTTGCTCTCGTAGA,0,2997677
ratA_yfjF_predicted,0.125,7,7,GCCAGGGCTATAAGCACTGG,0,3017087
ratA_yfjF_predicted,0.125,7,7,GCCACACACTCTAGCAAGTG,0,3004071
ratA_yfjF_predicted,0.125,7,7,GCATTCCGTCAACTTCGGCC,0,3011711
ratA_yfjF_predicted,0.125,7,7,GCATGCCGAGGCAGCTTTAA,0,3007865
ratA_yfjF_predicted,0.125,7,7,GCAGTAAATCATAATTGGGA,0,3015924
ratA_yfjF_predicted,0.125,7,7,GCAGGTACGGGGACTGGATC,0,2999566
ratA_yfjF_predicted,0.125,7,7,GCAACGCTTTACAATTCGTT,0,3020469
ratA_yfjF_predicted,0.125,7,7,GCAAATTCTGACCTACCATC,0,3005315
ratA_yfjF_predicted,0.125,7,7,GATTAGGTAGATTGACCCTA,0,3018431
ratA_yfjF_predicted,0.125,7,7,GATGCCCTTGAAAGAATCAT,0,3000016
ratA_yfjF_predicted,0.125,7,7,GATCAGGCGCAGGGGTCCGC,0,2997754
ratA_yfjF_predicted,0.125,7,7,GATCAATATTCTGCTGAAAG,0,3012051
ratA_yfjF_predicted,0.125,7,7,GAGTTATCAAAGTAACGAAA,0,3001314
ratA_yfjF_predicted,0.125,7,7,GAGTGGCCATTGTACTCCGC,0,3013023
ratA_yfjF_predicted,0.125,7,7,GAGTAATATGAGCATACTAT,0,3010610
ratA_yfjF_predicted,0.125,7,7,GAGTAAATCCTTTCCTTTAC,0,3001860
ratA_yfjF_predicted,0.125,7,7,GAGCCTTAGGAAAAGCTGAG,0,3010891
ratA_yfjF_predicted,0.125,7,7,GAGCAAGGAGTCAGAACCGA,0,3013330
ratA_yfjF_predicted,0.125,7,7,GAGATACCCGCCTCTCCTCA,0,3000864
ratA_yfjF_predicted,0.125,7,7,GAGAAGCGTATATTGACGTA,0,3016691
ratA_yfjF_predicted,0.125,7,7,GACTTGGCGTAGAAAGACAA,0,2997674
ratA_yfjF_predicted,0.125,7,7,GACTGCAAAGCTCAGGCCTA,0,3015221
ratA_yfjF_predicted,0.125,7,7,GACCGACAAAAGCTCAAGTG,0,3003075
ratA_yfjF_predicted,0.125,7,7,GACACTCGGCCGGAACCCTT,0,3018095
ratA_yfjF_predicted,0.125,7,7,GAACGTAACACGCCGTGCTA,0,2998997
ratA_yfjF_predicted,0.125,7,7,GAACGGGGCAGCTGGATCCG,0,2999627
ratA_yfjF_predicted,0.125,7,7,CTTATGCAAATGCGTTACTT,0,2993160
ratA_yfjF_predicted,0.125,7,7,CTGTTGAACATGATGGTTGT,0,2993764
ratA_yfjF_predicted,0.125,7,7,CTGTCAATATTACTTCAAAG,0,2991913
ratA_yfjF_predicted,0.125,7,7,CTGAGATGCATGGAGACGAC,0,2992440
ratA_yfjF_predicted,0.125,7,7,CTGAGAGGCAGGGGAAAGGA,0,3000878
ratA_yfjF_predicted,0.125,7,7,CTCTGCTTGGAGCTTAATAA,0,3019290
ratA_yfjF_predicted,0.125,7,7,CTCGTGACTATGCCCTAACC,0,3007773
ratA_yfjF_predicted,0.125,7,7,CTCGCGTGACGGTACTAGGC,0,2992743
ratA_yfjF_predicted,0.125,7,7,CTCCCTTCACCCGTTGAATG,0,3016384
ratA_yfjF_predicted,0.125,7,7,CTCACCACGTTGCTCCTCAT,0,2999975
ratA_yfjF_predicted,0.125,7,7,CTCAAAAAGAAAAACGATCT,0,3016159
ratA_yfjF_predicted,0.125,7,7,CTATCGCCAGGGTATGGACC,0,3009201
ratA_yfjF_predicted,0.125,7,7,CTACCGGGTTCCCGTGCGCG,0,3001985
ratA_yfjF_predicted,0.125,7,7,CTAACCTGCGAGATCGCTTC,0,3017368
ratA_yfjF_predicted,0.125,7,7,CTAAAGCGATAGGAGATATT,0,3021286
ratA_yfjF_predicted,0.125,7,7,CGTTCGCATAGCGAGTGTCA,0,2995983
ratA_yfjF_predicted,0.125,7,7,CGTGGGATCAAACGTTTACA,0,2999351
ratA_yfjF_predicted,0.125,7,7,CGTGCCTATCCGACATGTAC,0,2994171
ratA_yfjF_predicted,0.125,7,7,CGTCGTCTGTGGCGGATAAA,0,3019909
ratA_yfjF_predicted,0.125,7,7,CGTCGAGGGCCACTCTCGTA,0,2991966
ratA_yfjF_predicted,0.125,7,7,CGTATTTCGGGACTCGGACG,0,3018867
ratA_yfjF_predicted,0.125,7,7,CGTAACGTCTGCCACCGATG,0,3016499
ratA_yfjF_predicted,0.125,7,7,CGTAACAGCCTGGGTAGTTG,0,3001284
ratA_yfjF_predicted,0.125,7,7,CGTAACACCTCGTATAATCC,0,2994886
ratA_yfjF_predicted,0.125,7,7,CGGTCGACAACCTTACAGGC,0,2997591
ratA_yfjF_predicted,0.125,7,7,CGGTATGTCGCCAACTCCCC,0,3013837
ratA_yfjF_predicted,0.125,7,7,CGGGGGGATACTTCTATTAT,0,3012865
ratA_yfjF_predicted,0.125,7,7,CGGGCCGCGGTCTAACGTGT,0,3017175
ratA_yfjF_predicted,0.125,7,7,CGGGATGCAACTGTCCAGTC,0,2996949
ratA_yfjF_predicted,0.125,7,7,CGGCCACGAGCAAAACCAGA,0,3014566
ratA_yfjF_predicted,0.125,7,7,CGGCATGAAAAAACATGAAT,0,3006308
ratA_yfjF_predicted,0.125,7,7,CGGATACGGCGGCACGCTTG,0,3015733
ratA_yfjF_predicted,0.125,7,7,CGGAATTAGGATCAGTGGGT,0,3003155
ratA_yfjF_predicted,0.125,7,7,CGCGCGTCTCATTAAATCGA,0,2993318
ratA_yfjF_predicted,0.125,7,7,CGCGATCGATCGCGGCGTGC,0,3015635
ratA_yfjF_predicted,0.125,7,7,CGCCGCAATGTACTTCATCG,0,3002863
ratA_yfjF_predicted,0.125,7,7,CGCCCTTTTTCCGCAGCTAC,0,2993450
ratA_yfjF_predicted,0.125,7,7,CGCACGTCGTCGAACCTTCA,0,3009929
ratA_yfjF_predicted,0.125,7,7,CGCACGGAGCTATGGAGTTG,0,3006727
ratA_yfjF_predicted,0.125,7,7,CGATTTGAACGTAATAAGAT,0,3001470
ratA_yfjF_predicted,0.125,7,7,CGATCACGTCTACGTTTCAG,0,3013282
ratA_yfjF_predicted,0.125,7,7,CGAGCGGGCAGCTTGGCCAT,0,3015637
ratA_yfjF_predicted,0.125,7,7,CGACTCGGCTAGTGGCTACT,0,2994244
ratA_yfjF_predicted,0.125,7,7,CGAATAGTTCAGATGCAGTG,0,2996435
ratA_yfjF_predicted,0.125,7,7,CGAACACTAAAGAAATCAGT,0,2993812
ratA_yfjF_predicted,0.125,7,7,CCTGTCAAAAGTCTCCCTGG,0,3021436
ratA_yfjF_predicted,0.125,7,7,CCTGTATGCTTAAAAGTTCT,0,3000682
ratA_yfjF_predicted,0.125,7,7,CCTCTCAGCGCATTACAAGG,0,2992473
ratA_yfjF_predicted,0.125,7,7,CCTAGGGTATGCCACTGAGG,0,3015049
ratA_yfjF_predicted,0.125,7,7,CCTACCGGTAGGGCGGATAC,0,3001020
ratA_yfjF_predicted,0.125,7,7,CCGTTTTTAACGTACCGTCT,0,2994506
ratA_yfjF_predicted,0.125,7,7,CCGTTTTGAGGGTTAAGCTC,0,3016731
ratA_yfjF_predicted,0.125,7,7,CCGTTACACATTTGCGCGAC,0,2992769
ratA_yfjF_predicted,0.125,7,7,CCGTATCACCGGTAGAAGGG,0,3001264
ratA_yfjF_predicted,0.125,7,7,CCGGTCTTGATCATCTGTGA,0,2998468
ratA_yfjF_predicted,0.125,7,7,CCGGGTCGTTGATGTATCCT,0,3006774
ratA_yfjF_predicted,0.125,7,7,CCGGCAGATTGATCGCCGCG,0,2998199
ratA_yfjF_predicted,0.125,7,7,CCGCGTGTCACTAGGGATGG,0,3010049
ratA_yfjF_predicted,0.125,7,7,CCGAGACTAGGCATCGTTTC,0,3017721
ratA_yfjF_predicted,0.125,7,7,CCCGGAGCGTACAAAACTAA,0,2995838
ratA_yfjF_predicted,0.125,7,7,CCCGCTGCAATGTGTTTCAC,0,2997209
ratA_yfjF_predicted,0.125,7,7,CCCATTAACGAGACATTATG,0,2998033
ratA_yfjF_predicted,0.125,7,7,CCCAATTTTTGGGTGGCTAA,0,3007255
ratA_yfjF_predicted,0.125,7,7,CCCAATCGGATTCGGTCCGC,0,3017287
ratA_yfjF_predicted,0.125,7,7,CCAGTCAAGGGGCGGGGTCA,0,3001047
ratA_yfjF_predicted,0.125,7,7,CCAGGTGCGGGGCGTCACTA,0,2992775
ratA_yfjF_predicted,0.125,7,7,CCAGGGTGAGCGATCCTGGT,0,3010621
ratA_yfjF_predicted,0.125,7,7,CCACTCGTACGCGGTTACTA,0,3001045
ratA_yfjF_predicted,0.125,7,7,CCAATATAAGTATGTATCAA,0,3008750
ratA_yfjF_predicted,0.125,7,7,CCAACGACAAGCAACGCTCC,0,2994243
ratA_yfjF_predicted,0.125,7,7,CATGAGATGTACCGATTGAG,0,2999788
ratA_yfjF_predicted,0.125,7,7,CATCAGGATAGGGACCGCAA,0,3008680
ratA_yfjF_predicted,0.125,7,7,CATCAGCGCGGGGCAGTTCT,0,3004623
ratA_yfjF_predicted,0.125,7,7,CATACTTCCTCTTATGCCTC,0,2999589
ratA_yfjF_predicted,0.125,7,7,CATACGCCACGAACGCGGAC,0,2993038
ratA_yfjF_predicted,0.125,7,7,CAGTTGACAGCGGATGCAAG,0,2996080
ratA_yfjF_predicted,0.125,7,7,CAGTGCGAGGCCCGCCGTAC,0,3013142
ratA_yfjF_predicted,0.125,7,7,CAGTATGGGGGTCTCTAAGT,0,3012869
ratA_yfjF_predicted,0.125,7,7,CAGGAAAAGCAGAGGTGGCT,0,3003715
ratA_yfjF_predicted,0.125,7,7,CAGCTGGCCTTGGTCTCCTT,0,2996181
ratA_yfjF_predicted,0.125,7,7,CAGCCTGAAAGAATACACCC,0,3018532
ratA_yfjF_predicted,0.125,7,7,CAGCCGTCGGCTTAAACTGC,0,3004477
ratA_yfjF_predicted,0.125,7,7,CAGACCACCGGCAGGACTCA,0,3006251
ratA_yfjF_predicted,0.125,7,7,CACTGCATTGAAGCAATGCG,0,3017949
ratA_yfjF_predicted,0.125,7,7,CACTCCGGTGTGCGACTTTT,0,3002033
ratA_yfjF_predicted,0.125,7,7,CACTCAATATTCGGATGATT,0,3014846
ratA_yfjF_predicted,0.125,7,7,CACTATATGTTCTGACTGCA,0,2994975
ratA_yfjF_predicted,0.125,7,7,CACCCGGCAGTACCGACAGG,0,3019810
ratA_yfjF_predicted,0.125,7,7,CACCAGCTCAAATAAGCGGA,0,2998832
ratA_yfjF_predicted,0.125,7,7,CACAGCCAGAGAGCTCGTAT,0,3006202
ratA_yfjF_predicted,0.125,7,7,CACACCTAACCAGCATAAAA,0,3015418
ratA_yfjF_predicted,0.125,7,7,CAAGGCATTCGAAAAGTTCA,0,3010245
ratA_yfjF_predicted,0.125,7,7,CAACGGGGTACAATGACAAT,0,2995086
ratA_yfjF_predicted,0.125,7,7,CAAATGACCGCTTTGCCCGT,0,3020776
ratA_yfjF_predicted,0.125,7,7,CAAAGGTGGCGCCATGGCCA,0,3007551
ratA_yfjF_predicted,0.125,7,7,CAAAGACCTATTAGGATGCT,0,2997954
ratA_yfjF_predicted,0.125,7,7,ATTTTGGTTTGCGTGTAGAT,0,3010025
ratA_yfjF_predicted,0.125,7,7,ATTCAAGACACACGTCCTAG,0,3004367
ratA_yfjF_predicted,0.125,7,7,ATTAGTGTTCACTTTGGAAA,0,2992773
ratA_yfjF_predicted,0.125,7,7,ATGTGAAGTAACGATATATC,0,3021249
ratA_yfjF_predicted,0.125,7,7,ATGGGATTTAGATTCGGAAT,0,2993553
ratA_yfjF_predicted,0.125,7,7,ATGGCCGCCTCCGTATCTTG,0,3005263
ratA_yfjF_predicted,0.125,7,7,ATGCGTGTCTCTTCAATGAA,0,3009576
ratA_yfjF_predicted,0.125,7,7,ATGCGCCTAGCAATATCTGA,0,3006859
ratA_yfjF_predicted,0.125,7,7,ATGAGGGATTTCAATCTATG,0,2997559
ratA_yfjF_predicted,0.125,7,7,ATGACAGAAGAAACCTGCAG,0,3014551
ratA_yfjF_predicted,0.125,7,7,ATGAACTCGGAGCGTCGTCG,0,3009037
ratA_yfjF_predicted,0.125,7,7,ATCTCTATTTCGTGGAGACA,0,3020076
ratA_yfjF_predicted,0.125,7,7,ATCGGTTGCAAACGGCTGCA,0,2993954
ratA_yfjF_predicted,0.125,7,7,ATCGGGCGAAACCAAAAAGC,0,3009645
ratA_yfjF_predicted,0.125,7,7,ATCGAGTTCAGGGGGGTCCG,0,3001123
ratA_yfjF_predicted,0.125,7,7,ATCCTAGATTCGTATACAGA,0,3002068
ratA_yfjF_predicted,0.125,7,7,ATCCGTTTCGACTATGCTTT,0,3003918
ratA_yfjF_predicted,0.125,7,7,ATCCGCAATGTGAATGTCTT,0,3020470
ratA_yfjF_predicted,0.125,7,7,ATCCATTAGTGATGGGTTCC,0,3013170
ratA_yfjF_predicted,0.125,7,7,ATCACGCAGCACGCAAGATT,0,3015786
ratA_yfjF_predicted,0.125,7,7,ATATTTTCTACAGACGGCCT,0,2996737
ratA_yfjF_predicted,0.125,7,7,ATAGCTAATAATCTCGACAG,0,2992778
ratA_yfjF_predicted,0.125,7,7,ATAGATAACAAACTACGCGA,0,3018631
ratA_yfjF_predicted,0.125,7,7,ATACTGACCTACCTCTCTGT,0,3017269
ratA_yfjF_predicted,0.125,7,7,ATACCCTTCGTGTGCGGAAA,0,2995028
ratA_yfjF_predicted,0.125,7,7,ATACAGTTCTTTATGATCCG,0,3021039
ratA_yfjF_predicted,0.125,7,7,ATACAGGCCCTTGTGTCTCC,0,2993628
ratA_yfjF_predicted,0.125,7,7,ATAATTTGGCTGGACGTAAC,0,2997975
ratA_yfjF_predicted,0.125,7,7,ATAACGACGAGAAAAATGCA,0,3007503
ratA_yfjF_predicted,0.125,7,7,AGTTTTATGGCCCTGTCTCG,0,3008845
ratA_yfjF_predicted,0.125,7,7,AGTGCTAAAGGTAAGCCCTA,0,3001157
ratA_yfjF_predicted,0.125,7,7,AGTGCGTACATTACAAAATA,0,2994747
ratA_yfjF_predicted,0.125,7,7,AGTACCAAATGGTTAAAAAG,0,2996140
ratA_yfjF_predicted,0.125,7,7,AGGTGGACGCCGATATGGTG,0,3005409
ratA_yfjF_predicted,0.125,7,7,AGGTCACCTCATACACACGA,0,3002717
ratA_yfjF_predicted,0.125,7,7,AGGTAGTTGCTGAGGGCCTT,0,3008258
ratA_yfjF_predicted,0.125,7,7,AGGTAACTTTTTCAACAAAC,0,2997195
ratA_yfjF_predicted,0.125,7,7,AGGGTGTGCTGAGTGTCGCC,0,3012109
ratA_yfjF_predicted,0.125,7,7,AGGGTACCATTACACAGGGA,0,3005595
ratA_yfjF_predicted,0.125,7,7,AGGGGATAACGCTTTTGTCA,0,3006881
ratA_yfjF_predicted,0.125,7,7,AGGCTCGCGCCGTTTGCTGA,0,3014378
ratA_yfjF_predicted,0.125,7,7,AGGCTACTCCGTAGGGAATT,0,3012895
ratA_yfjF_predicted,0.125,7,7,AGGCCTACCTTACGCAAGCA,0,2999116
ratA_yfjF_predicted,0.125,7,7,AGGCCACCGGACCGCAGGAC,0,3008329
ratA_yfjF_predicted,0.125,7,7,AGGACAGCTGGCTTTAGATT,0,3009867
ratA_yfjF_predicted,0.125,7,7,AGCGTGTGTAAACATCTATT,0,3008023
ratA_yfjF_predicted,0.125,7,7,AGCCCCAGTAGTTTACACGA,0,3020696
ratA_yfjF_predicted,0.125,7,7,AGCCAGTGACGGGCAAACCT,0,3001424
ratA_yfjF_predicted,0.125,7,7,AGCATGACATATAGCATTAA,0,2997260
ratA_yfjF_predicted,0.125,7,7,AGAGTTTCGCCAGGTCTCCA,0,3005679
ratA_yfjF_predicted,0.125,7,7,AGAGTGAGTCCAACGAAATG,0,2996562
ratA_yfjF_predicted,0.125,7,7,AGAGTAGAATAACCAGGGTA,0,2992251
ratA_yfjF_predicted,0.125,7,7,AGAGATAACAGGTATAATCC,0,3003106
ratA_yfjF_predicted,0.125,7,7,AGACCTAAATCAAGTTTTGT,0,3010231
ratA_yfjF_predicted,0.125,7,7,AGACCCGTTGTTACGCAACA,0,2997018
ratA_yfjF_predicted,0.125,7,7,ACTTCTCTACAATTATGCAA,0,3016166
ratA_yfjF_predicted,0.125,7,7,ACTCACAGAGAATATACCGA,0,3021382
ratA_yfjF_predicted,0.125,7,7,ACTACCCGCGATTTAGATAT,0,3010424
ratA_yfjF_predicted,0.125,7,7,ACTAACGGTCATCAATTAGG,0,3008758
ratA_yfjF_predicted,0.125,7,7,ACGTTGGCTGCCGACCATGA,0,3007243
ratA_yfjF_predicted,0.125,7,7,ACGTTGCACATGTTCGGGGT,0,2993173
ratA_yfjF_predicted,0.125,7,7,ACGTCCGGTTTCATACATCA,0,3001935
ratA_yfjF_predicted,0.125,7,7,ACGGCCGGGGCATTCTGAAA,0,2992855
ratA_yfjF_predicted,0.125,7,7,ACGGATATCTAAGATTTTAA,0,3012349
ratA_yfjF_predicted,0.125,7,7,ACCCTAGCGAAGGTGATACA,0,3000375
ratA_yfjF_predicted,0.125,7,7,ACATCCGACGTTACGCAGCT,0,2994208
ratA_yfjF_predicted,0.125,7,7,ACAGCGCATTCACGGTTCAA,0,2994225
ratA_yfjF_predicted,0.125,7,7,ACAGCCCTATTGTAGTTAAA,0,3000462
ratA_yfjF_predicted,0.125,7,7,ACAGATTGTGTTTTAGGAAG,0,3013813
ratA_yfjF_predicted,0.125,7,7,ACACTAGCGCCACTTTCCTC,0,3005342
ratA_yfjF_predicted,0.125,7,7,ACACGTCAAAGCGACCTGCT,0,3005296
ratA_yfjF_predicted,0.125,7,7,ACACGCGGTATAAAGACGAA,0,3011230
ratA_yfjF_predicted,0.125,7,7,ACACCGTTGCTCGGCTGCGG,0,3002500
ratA_yfjF_predicted,0.125,7,7,ACACCCACGTAGGTCTTTTC,0,3007685
ratA_yfjF_predicted,0.125,7,7,ACACAGTCCGGGGCGCTCAG,0,2995141
ratA_yfjF_predicted,0.125,7,7,AATTTGCCCATCCTGAAACG,0,3005566
ratA_yfjF_predicted,0.125,7,7,AATTCTTTCACCTCACATAG,0,3003233
ratA_yfjF_predicted,0.125,7,7,AATGTGGTCTCGTGTTAGCG,0,3004051
ratA_yfjF_predicted,0.125,7,7,AATGGTGCTACTGCTGAGGA,0,3017665
ratA_yfjF_predicted,0.125,7,7,AATGAGAGTCCATCGAGGAC,0,3009193
ratA_yfjF_predicted,0.125,7,7,AATATGCTGATCGTGCGTAC,0,2992528
ratA_yfjF_predicted,0.125,7,7,AATACACCTTAGGCAGGTAC,0,3000286
ratA_yfjF_predicted,0.125,7,7,AATAAGGAAGCGTACATTAT,0,2992394
ratA_yfjF_predicted,0.125,7,7,AAGGTGCCCATGGGGCGAAG,0,2995615
ratA_yfjF_predicted,0.125,7,7,AAGGTCCTGGAGTTCTGTTA,0,3011239
ratA_yfjF_predicted,0.125,7,7,AAGGGCCTCTGGGCAATATG,0,3000642
ratA_yfjF_predicted,0.125,7,7,AAGGGATCATCTTTGACTGG,0,2992527
ratA_yfjF_predicted,0.125,7,7,AAGCTAGTGGGTGTCTCGCG,0,2995879
ratA_yfjF_predicted,0.125,7,7,AAGAGTCTACTGTCCACTAG,0,3003484
ratA_yfjF_predicted,0.125,7,7,AACGTCTTGGTAGCATAGTG,0,3006708
ratA_yfjF_predicted,0.125,7,7,AACGTAAGCATATGTCGTCA,0,3007850
ratA_yfjF_predicted,0.125,7,7,AACGCCTTGTAGTGTAGCCA,0,2994264
ratA_yfjF_predicted,0.125,7,7,AACCTCGCCAAGCTAATTTC,0,2994742
ratA_yfjF_predicted,0.125,7,7,AACATGCTCATTCTCTAGAA,0,2995318
ratA_yfjF_predicted,0.125,7,7,AAATGGGGCTGCACAGCACG,0,3009078
ratA_yfjF_predicted,0.125,7,7,AAATATCAAGATAGTAGCAT,0,3011413
ratA_yfjF_predicted,0.125,7,7,AAATACGTTCCAGCGATTTC,0,3021652
ratA_yfjF_predicted,0.125,7,7,AAATAACGCTGTTGTTTACT,0,2998067
ratA_yfjF_predicted,0.125,7,7,AAAGAGTCATTGCCCACTGG,0,2995643
ratA_yfjF_predicted,0.125,7,7,AAACTGCGTAAAATGAGCAA,0,3003180
ratA_yfjF_predicted,0.125,7,7,AAACCCATCGGTTGCAACCC,0,2992595
ratA_yfjF_predicted,0.125,7,7,AAACCAGTGGTGTGGTTAAA,0,2999740
ratA_yfjF_predicted,0.125,7,7,AAACACGTGAGATCTTGATT,0,3004236
ratA_yfjF_predicted,0.125,7,7,AAAAGCTGACGGGGGGGTGA,0,2993425
ratA_yfjF_predicted,0.125,7,7,AAAAATACCATAACTGTGCC,0,3019171
ratA_yfjF_predicted,0.14285714285714285,6,6,TTTTCGAAAAAGATTGTACA,0,3020843
ratA_yfjF_predicted,0.14285714285714285,6,6,TTTGGCGAAGCATCCCCGGG,0,3010888
ratA_yfjF_predicted,0.14285714285714285,6,6,TTTGCTCCACGATTAAGGAG,0,3008846
ratA_yfjF_predicted,0.14285714285714285,6,6,TTTCCTGCCCGGGATGAGAA,0,3000194
ratA_yfjF_predicted,0.14285714285714285,6,6,TTTATGTGATTCAATTGGCA,0,3010281
ratA_yfjF_predicted,0.14285714285714285,6,6,TTTACGTTGCGTGGATCATA,0,3021430
ratA_yfjF_predicted,0.14285714285714285,6,6,TTGTTCGCGGGGCCTTGCTT,0,2994927
ratA_yfjF_predicted,0.14285714285714285,6,6,TTGTGGCTTCTACTTACTAC,0,3019581
ratA_yfjF_predicted,0.14285714285714285,6,6,TTGGTTTACGTGTAGCGTAC,0,3007086
ratA_yfjF_predicted,0.14285714285714285,6,6,TTGGTCGGCTGGCCGGAATG,0,3020064
ratA_yfjF_predicted,0.14285714285714285,6,6,TTGGCCCATGCGGAGGGCGG,0,3004942
ratA_yfjF_predicted,0.14285714285714285,6,6,TTGGACACAGCGAAACGCTG,0,2993485
ratA_yfjF_predicted,0.14285714285714285,6,6,TTGCGGAAGGATGTCTGCAA,0,3003087
ratA_yfjF_predicted,0.14285714285714285,6,6,TTGAGCCTAACGGTAAGCCG,0,3020304
ratA_yfjF_predicted,0.14285714285714285,6,6,TTGAAGACTCATGTACAGAT,0,2993901
ratA_yfjF_predicted,0.14285714285714285,6,6,TTCTTGGTCGCATAATGGTT,0,3000178
ratA_yfjF_predicted,0.14285714285714285,6,6,TTCTTGCGATTGAGATATAC,0,3012784
ratA_yfjF_predicted,0.14285714285714285,6,6,TTCTCCTGCATCATTTTCTT,0,3019065
ratA_yfjF_predicted,0.14285714285714285,6,6,TTCGGTCTATCGGATCATGC,0,3016990
ratA_yfjF_predicted,0.14285714285714285,6,6,TTCGAACGGTGAAATGAGGC,0,3014376
ratA_yfjF_predicted,0.14285714285714285,6,6,TTCCGGGGCACTCGAGAACA,0,3009869
ratA_yfjF_predicted,0.14285714285714285,6,6,TTCCGGATCGTGGGTCTCCG,0,3007695
ratA_yfjF_predicted,0.14285714285714285,6,6,TTCACACGGATTTCGAAGCA,0,3013069
ratA_yfjF_predicted,0.14285714285714285,6,6,TTATGATTGTCATACAGCAG,0,3014325
ratA_yfjF_predicted,0.14285714285714285,6,6,TTAAACCATTACTTCTGATA,0,3006860
ratA_yfjF_predicted,0.14285714285714285,6,6,TGTTAATCGAGCTTGTGAAA,0,3018945
ratA_yfjF_predicted,0.14285714285714285,6,6,TGTGCCTCGTAGATTAACCG,0,3001081
ratA_yfjF_predicted,0.14285714285714285,6,6,TGTCTGGTCCTATTGCTGCC,0,3011299
ratA_yfjF_predicted,0.14285714285714285,6,6,TGTCGGCTTTCAAAGCTTTG,0,2991896
ratA_yfjF_predicted,0.14285714285714285,6,6,TGTCACCTCTCTGCATGAGC,0,3013547
ratA_yfjF_predicted,0.14285714285714285,6,6,TGTAGGGCTGGGTCTCACGT,0,3018102
ratA_yfjF_predicted,0.14285714285714285,6,6,TGGTGACCTTCAGGCTTGTG,0,3003620
ratA_yfjF_predicted,0.14285714285714285,6,6,TGGGGGTCCGAGTGCCACTT,0,3017080
ratA_yfjF_predicted,0.14285714285714285,6,6,TGGGCTGGAGGACCCGTCGG,0,3015149
ratA_yfjF_predicted,0.14285714285714285,6,6,TGGCCTGCTAACCCTCTTCA,0,3002732
ratA_yfjF_predicted,0.14285714285714285,6,6,TGGATCCTGCAGCAGCTGTC,0,3019941
ratA_yfjF_predicted,0.14285714285714285,6,6,TGGAAGCTAGCGTCCACACG,0,3014086
ratA_yfjF_predicted,0.14285714285714285,6,6,TGCGGGTTTCTAGTATGGTA,0,3011712
ratA_yfjF_predicted,0.14285714285714285,6,6,TGCGAGCGGGCGTATCAGGG,0,3012154
ratA_yfjF_predicted,0.14285714285714285,6,6,TGCCTCGTGTGACCAGCACG,0,3006654
ratA_yfjF_predicted,0.14285714285714285,6,6,TGCCGGAACCCAACGATTCC,0,3004069
ratA_yfjF_predicted,0.14285714285714285,6,6,TGCCCGGAAAGTTATAAATT,0,3009425
ratA_yfjF_predicted,0.14285714285714285,6,6,TGCATACGGGCGACGGACGT,0,3018871
ratA_yfjF_predicted,0.14285714285714285,6,6,TGATCGATTTGCGCAATGAG,0,3004529
ratA_yfjF_predicted,0.14285714285714285,6,6,TGAGGATAAACGCAACGCTG,0,3019962
ratA_yfjF_predicted,0.14285714285714285,6,6,TGAGAGCCGTTGCCGTCGGC,0,2994746
ratA_yfjF_predicted,0.14285714285714285,6,6,TGACCCAATCAGGGCTATTA,0,3016925
ratA_yfjF_predicted,0.14285714285714285,6,6,TGACATATTCAGCCAGGGTT,0,3018732
ratA_yfjF_predicted,0.14285714285714285,6,6,TGAATAATTAACGTGTATGC,0,3004240
ratA_yfjF_predicted,0.14285714285714285,6,6,TCTGTAGATTCATGGCAACA,0,2997583
ratA_yfjF_predicted,0.14285714285714285,6,6,TCTGAAGTCAGAACCCTTGT,0,3016749
ratA_yfjF_predicted,0.14285714285714285,6,6,TCTAATGCGTACATTGAGAA,0,2996837
ratA_yfjF_predicted,0.14285714285714285,6,6,TCGTGTGCGTCGCTCTTTTG,0,3008191
ratA_yfjF_predicted,0.14285714285714285,6,6,TCGTCTAGCGCGACTAGATA,0,3001595
ratA_yfjF_predicted,0.14285714285714285,6,6,TCGGGGCAACATCATCCCAT,0,3015041
ratA_yfjF_predicted,0.14285714285714285,6,6,TCGGCATATCCAGGCCGCTA,0,2998730
ratA_yfjF_predicted,0.14285714285714285,6,6,TCGGCAGCGTCGCATAGTAA,0,2992195
ratA_yfjF_predicted,0.14285714285714285,6,6,TCGAACGATTATCCGAGGAT,0,3003710
ratA_yfjF_predicted,0.14285714285714285,6,6,TCCTCAAAAGCTGTGCGCGT,0,3008431
ratA_yfjF_predicted,0.14285714285714285,6,6,TCCCTGTTCGAGCGCGGCTG,0,2994447
ratA_yfjF_predicted,0.14285714285714285,6,6,TCCCTGCTCGTCATCGCTCC,0,2995620
ratA_yfjF_predicted,0.14285714285714285,6,6,TCCCTAGGACGGTAACGCAG,0,3011691
ratA_yfjF_predicted,0.14285714285714285,6,6,TCCCAAGGTTACCCTGTTCC,0,2997307
ratA_yfjF_predicted,0.14285714285714285,6,6,TCCAAGGCGTCACAGTCACA,0,3001671
ratA_yfjF_predicted,0.14285714285714285,6,6,TCCAACTAGCGTAAGCCGTG,0,3008138
ratA_yfjF_predicted,0.14285714285714285,6,6,TCAGGTTTTCCTCCGGGTTT,0,2998717
ratA_yfjF_predicted,0.14285714285714285,6,6,TCAGCCCGTTTCTTCTCGTT,0,2997590
ratA_yfjF_predicted,0.14285714285714285,6,6,TCACGTATTAGCAATATCGT,0,3018089
ratA_yfjF_predicted,0.14285714285714285,6,6,TCACCTTCTGACTCCCAGGA,0,3019832
ratA_yfjF_predicted,0.14285714285714285,6,6,TCACCGATTCCTTTCTCAGT,0,3009588
ratA_yfjF_predicted,0.14285714285714285,6,6,TCAATGGACTCTCGATTCAG,0,3000995
ratA_yfjF_predicted,0.14285714285714285,6,6,TCAATGCGTCTTAGATGCAA,0,3000497
ratA_yfjF_predicted,0.14285714285714285,6,6,TATTGACCGTCACCTTTACT,0,3020462
ratA_yfjF_predicted,0.14285714285714285,6,6,TATATGGTAACCAATGAATA,0,2996106
ratA_yfjF_predicted,0.14285714285714285,6,6,TAGGTAAGATACTGAATTGT,0,3016956
ratA_yfjF_predicted,0.14285714285714285,6,6,TAGCGAACGCCCGGTTGACG,0,2998760
ratA_yfjF_predicted,0.14285714285714285,6,6,TAGCAGTTGTGCATGTGTAC,0,3009312
ratA_yfjF_predicted,0.14285714285714285,6,6,TAGCACTACAATAAGTTTAA,0,2997961
ratA_yfjF_predicted,0.14285714285714285,6,6,TAGATGTGACCCGACATCGA,0,3000219
ratA_yfjF_predicted,0.14285714285714285,6,6,TAGAACTCAGACGTTTTCAA,0,3007177
ratA_yfjF_predicted,0.14285714285714285,6,6,TACGAGCGAATCGAAAGGGT,0,3017746
ratA_yfjF_predicted,0.14285714285714285,6,6,TACCCAGTCTTTAGGCCTTA,0,3019769
ratA_yfjF_predicted,0.14285714285714285,6,6,TAATGTGTGGAACCTCAGAG,0,3007076
ratA_yfjF_predicted,0.14285714285714285,6,6,TAATGTGCACTAACAAAGTA,0,3012664
ratA_yfjF_predicted,0.14285714285714285,6,6,TAATATGGTACGATGCCGAA,0,3005098
ratA_yfjF_predicted,0.14285714285714285,6,6,TAAGGCACAACTTTCCTTGG,0,3008214
ratA_yfjF_predicted,0.14285714285714285,6,6,TAAGACCCATACGTGTGACA,0,3000925
ratA_yfjF_predicted,0.14285714285714285,6,6,TAAAGTAAACCCCCACACGT,0,2998988
ratA_yfjF_predicted,0.14285714285714285,6,6,GTTTCGGTCTAAAAATGCAT,0,2992507
ratA_yfjF_predicted,0.14285714285714285,6,6,GTTTCAGCTTGGCACAGCTT,0,2999520
ratA_yfjF_predicted,0.14285714285714285,6,6,GTTGCCCTGGTAGCTAACGA,0,2995809
ratA_yfjF_predicted,0.14285714285714285,6,6,GTTCCCTGGTATTCCCTGGA,0,3005936
ratA_yfjF_predicted,0.14285714285714285,6,6,GTTAGTCTCTATGACAAGCT,0,2998396
ratA_yfjF_predicted,0.14285714285714285,6,6,GTTAGTCATGGGATAACATG,0,3010946
ratA_yfjF_predicted,0.14285714285714285,6,6,GTTAGAGAACAGCTGTCGTG,0,3002163
ratA_yfjF_predicted,0.14285714285714285,6,6,GTTACAGGATGCCTCACTAC,0,3006461
ratA_yfjF_predicted,0.14285714285714285,6,6,GTTACACAACGGACCTGTTG,0,3010944
ratA_yfjF_predicted,0.14285714285714285,6,6,GTGTCTCGAGCCCCCGCAGC,0,3018841
ratA_yfjF_predicted,0.14285714285714285,6,6,GTGGCTACTTCGGCCCTTTA,0,3021108
ratA_yfjF_predicted,0.14285714285714285,6,6,GTGGCGTAAGGGCAAGGCTG,0,3005947
ratA_yfjF_predicted,0.14285714285714285,6,6,GTGCGCCCGCGGGTATGTGG,0,3012505
ratA_yfjF_predicted,0.14285714285714285,6,6,GTCTTAGTCGGGTGAACTCT,0,2992794
ratA_yfjF_predicted,0.14285714285714285,6,6,GTCTGAGGGACTAAGTCTAA,0,3007936
ratA_yfjF_predicted,0.14285714285714285,6,6,GTCTCTTCGTAAGGGTTGGT,0,3007108
ratA_yfjF_predicted,0.14285714285714285,6,6,GTCGTGTTCGTCCACGTGTG,0,3015779
ratA_yfjF_predicted,0.14285714285714285,6,6,GTCGCGTCGGATAGGCGTCA,0,3006142
ratA_yfjF_predicted,0.14285714285714285,6,6,GTCGATTGGCGATGGCAGTC,0,2999317
ratA_yfjF_predicted,0.14285714285714285,6,6,GTCCATCCAAGGATGCCTCA,0,3012401
ratA_yfjF_predicted,0.14285714285714285,6,6,GTATATTCTAAATTTACTCG,0,3003183
ratA_yfjF_predicted,0.14285714285714285,6,6,GTAGTGACATGTATCGCCCG,0,3008576
ratA_yfjF_predicted,0.14285714285714285,6,6,GTACTCCGAGACGAAATGAA,0,3001976
ratA_yfjF_predicted,0.14285714285714285,6,6,GTACTCATCTCCGGGAATGT,0,2996998
ratA_yfjF_predicted,0.14285714285714285,6,6,GTACATCCTCTGCCTGGTCG,0,3001857
ratA_yfjF_predicted,0.14285714285714285,6,6,GTAATTTGTAACCTTCGGGC,0,2994170
ratA_yfjF_predicted,0.14285714285714285,6,6,GTAATCGGCGGTTCGAGTAA,0,2993110
ratA_yfjF_predicted,0.14285714285714285,6,6,GGTTCTTTAGCGTTATTATA,0,3000078
ratA_yfjF_predicted,0.14285714285714285,6,6,GGTTAGTGTAATAAGGATAC,0,3001295
ratA_yfjF_predicted,0.14285714285714285,6,6,GGTGCCGATAGGGTTGGAAG,0,2995758
ratA_yfjF_predicted,0.14285714285714285,6,6,GGTCTCTGCAGGTAGTCGAT,0,2991905
ratA_yfjF_predicted,0.14285714285714285,6,6,GGTCTATCCCTACCGCACCA,0,3007597
ratA_yfjF_predicted,0.14285714285714285,6,6,GGTCCTATCATGTACACGGT,0,2993690
ratA_yfjF_predicted,0.14285714285714285,6,6,GGTCACTCTGCAAAGCACGT,0,2999594
ratA_yfjF_predicted,0.14285714285714285,6,6,GGTAGGCCAAGGTTAATCTA,0,2999997
ratA_yfjF_predicted,0.14285714285714285,6,6,GGGGGTGGCGAGGCTTAGTA,0,2996663
ratA_yfjF_predicted,0.14285714285714285,6,6,GGGGGTCGTGGATAGCTCTT,0,3014962
ratA_yfjF_predicted,0.14285714285714285,6,6,GGGCCACATCACATTTTTAA,0,3014632
ratA_yfjF_predicted,0.14285714285714285,6,6,GGGACCTTACCGGCGGCAAT,0,3008577
ratA_yfjF_predicted,0.14285714285714285,6,6,GGCTATCCACTCTTTACTAT,0,3010525
ratA_yfjF_predicted,0.14285714285714285,6,6,GGCGTCCTCACGTGAGCTTT,0,3003498
ratA_yfjF_predicted,0.14285714285714285,6,6,GGCGCTTTACATTGCCTCGG,0,3000973
ratA_yfjF_predicted,0.14285714285714285,6,6,GGCCCGGGCAAGTTATCACT,0,3009655
ratA_yfjF_predicted,0.14285714285714285,6,6,GGCAAGTTACCGTTTATGAG,0,3001073
ratA_yfjF_predicted,0.14285714285714285,6,6,GGATGTAGAGTTGCACTTCA,0,3017877
ratA_yfjF_predicted,0.14285714285714285,6,6,GGATCCATACGTATCACGTA,0,3003009
ratA_yfjF_predicted,0.14285714285714285,6,6,GGAGCTCCTTGCAACTCAAC,0,3005686
ratA_yfjF_predicted,0.14285714285714285,6,6,GGACTACGTCCGGACAAATA,0,3021077
ratA_yfjF_predicted,0.14285714285714285,6,6,GGACACACTTCATGAAGCTC,0,3011080
ratA_yfjF_predicted,0.14285714285714285,6,6,GGAATTGTGAAGGCAGTATT,0,2994640
ratA_yfjF_predicted,0.14285714285714285,6,6,GGAACATTTAAACTACGGGG,0,2993347
ratA_yfjF_predicted,0.14285714285714285,6,6,GCTTTAAAACGCATGTAGGA,0,2995719
ratA_yfjF_predicted,0.14285714285714285,6,6,GCTGGCACAAATGGTAATGC,0,2996520
ratA_yfjF_predicted,0.14285714285714285,6,6,GCTCTACCATCCTATAGGTT,0,3001952
ratA_yfjF_predicted,0.14285714285714285,6,6,GCTCAAGGGGTCCAAACCAA,0,2997869
ratA_yfjF_predicted,0.14285714285714285,6,6,GCTATGGGGACTTAACTTAT,0,3019908
ratA_yfjF_predicted,0.14285714285714285,6,6,GCTAGCGGAGAGGCTCCGCG,0,3017467
ratA_yfjF_predicted,0.14285714285714285,6,6,GCTAGATGTATAAAACTTGA,0,3010241
ratA_yfjF_predicted,0.14285714285714285,6,6,GCGTTCACAAAGAACGTCCA,0,3016031
ratA_yfjF_predicted,0.14285714285714285,6,6,GCGTACGCGGAACTGAACGT,0,3020567
ratA_yfjF_predicted,0.14285714285714285,6,6,GCGGCGGGCGGTATGGTTGA,0,2994074
ratA_yfjF_predicted,0.14285714285714285,6,6,GCGGATATTAAGTACCACCC,0,3009276
ratA_yfjF_predicted,0.14285714285714285,6,6,GCGCTTCGAAGGCTGACTCG,0,3003527
ratA_yfjF_predicted,0.14285714285714285,6,6,GCGCGAATAGATTTAGGTAC,0,3010389
ratA_yfjF_predicted,0.14285714285714285,6,6,GCGAACGAATTATAGTGAGT,0,3019619
ratA_yfjF_predicted,0.14285714285714285,6,6,GCCTGGAGTTTCGCAGATTG,0,3009061
ratA_yfjF_predicted,0.14285714285714285,6,6,GCCGTCTCCTCGACGGACCT,0,3007235
ratA_yfjF_predicted,0.14285714285714285,6,6,GCCGGAGAACTTTGGACTAT,0,3021601
ratA_yfjF_predicted,0.14285714285714285,6,6,GCCGCGCGAGTCGTTCCGAT,0,3010143
ratA_yfjF_predicted,0.14285714285714285,6,6,GCCGACAGAGCGACTCACAT,0,3021285
ratA_yfjF_predicted,0.14285714285714285,6,6,GCCGACAAAGAGTGGCAGAT,0,3019592
ratA_yfjF_predicted,0.14285714285714285,6,6,GCATTATTACGCTAAGGTCG,0,3019807
ratA_yfjF_predicted,0.14285714285714285,6,6,GCATGTAAGGACATACACAC,0,3007440
ratA_yfjF_predicted,0.14285714285714285,6,6,GCACGCCCTGCTGCGTATAC,0,3013666
ratA_yfjF_predicted,0.14285714285714285,6,6,GATGTCGGAGCGCCTGTTTA,0,2998844
ratA_yfjF_predicted,0.14285714285714285,6,6,GATGACGTCAAGTTCGCATC,0,3008220
ratA_yfjF_predicted,0.14285714285714285,6,6,GATCGTTCGTAAGAGGTCAT,0,3019172
ratA_yfjF_predicted,0.14285714285714285,6,6,GATCCAAATTGTCATCCAAG,0,3019247
ratA_yfjF_predicted,0.14285714285714285,6,6,GATATACACAGACCCGTGGC,0,3005090
ratA_yfjF_predicted,0.14285714285714285,6,6,GATAGCGTCCCGTAATGGAT,0,3005619
ratA_yfjF_predicted,0.14285714285714285,6,6,GATAGACGAGAGTGAAGCCA,0,2996675
ratA_yfjF_predicted,0.14285714285714285,6,6,GATAAGGATTGTATGAATGA,0,3001005
ratA_yfjF_predicted,0.14285714285714285,6,6,GAGGGGGGCAGTATTCTAGG,0,3010570
ratA_yfjF_predicted,0.14285714285714285,6,6,GAGGGGAACGGCACAATGTC,0,3005061
ratA_yfjF_predicted,0.14285714285714285,6,6,GAGCGGTTTGTACATCGGAT,0,3018344
ratA_yfjF_predicted,0.14285714285714285,6,6,GAGCGCGCTCGCTTACGCCT,0,3008650
ratA_yfjF_predicted,0.14285714285714285,6,6,GAGCCCCTTCGTTTGGTGCT,0,2994067
ratA_yfjF_predicted,0.14285714285714285,6,6,GAGCACGACACGCCAATTCG,0,3008791
ratA_yfjF_predicted,0.14285714285714285,6,6,GACCGGTACTTGCGCGACGT,0,3015109
ratA_yfjF_predicted,0.14285714285714285,6,6,GACCGCGTGCCGCATTAACA,0,2993247
ratA_yfjF_predicted,0.14285714285714285,6,6,GACCACCGCGAAGTCCACGA,0,3018722
ratA_yfjF_predicted,0.14285714285714285,6,6,GACAGATAGATTTTGTGTCC,0,3016075
ratA_yfjF_predicted,0.14285714285714285,6,6,GACACCTATGACCAAGTGTA,0,2996764
ratA_yfjF_predicted,0.14285714285714285,6,6,GACAAGGCGTTCCCTGAGCT,0,2996583
ratA_yfjF_predicted,0.14285714285714285,6,6,GAATTCAAGGGCCTTAGTCC,0,2993282
ratA_yfjF_predicted,0.14285714285714285,6,6,GAATGTATGTGTGGTAAGAA,0,2998913
ratA_yfjF_predicted,0.14285714285714285,6,6,GAAGAAGTCATTGAGATGTC,0,3020563
ratA_yfjF_predicted,0.14285714285714285,6,6,GAACGTGGTATTCAACACTT,0,3008661
ratA_yfjF_predicted,0.14285714285714285,6,6,CTTTATTCACCTTCGAGCTG,0,2999254
ratA_yfjF_predicted,0.14285714285714285,6,6,CTTTATGTGGCCGAATGCTA,0,3009526
ratA_yfjF_predicted,0.14285714285714285,6,6,CTTGTGCACGGGCGGGACCC,0,3000415
ratA_yfjF_predicted,0.14285714285714285,6,6,CTTGGTTGAGTATGATGCTT,0,2995854
ratA_yfjF_predicted,0.14285714285714285,6,6,CTTGGTTCGTTCGATGCGGG,0,3006651
ratA_yfjF_predicted,0.14285714285714285,6,6,CTTGGCCACGGCTTTAGAAC,0,3000669
ratA_yfjF_predicted,0.14285714285714285,6,6,CTTCTTACTAAGGGGACCTT,0,3015921
ratA_yfjF_predicted,0.14285714285714285,6,6,CTTAGTCGTCCTGACACCAT,0,2994228
ratA_yfjF_predicted,0.14285714285714285,6,6,CTTAGACAAACTTCGTCCTT,0,3004305
ratA_yfjF_predicted,0.14285714285714285,6,6,CTTAAATCCATACGCACTAA,0,3016854
ratA_yfjF_predicted,0.14285714285714285,6,6,CTGGCGCGGCCACGGGTGAT,0,3009225
ratA_yfjF_predicted,0.14285714285714285,6,6,CTGCTACGTTGCATTCCAGT,0,3006230
ratA_yfjF_predicted,0.14285714285714285,6,6,CTGCGTGCTTGATCGGCGTA,0,3019833
ratA_yfjF_predicted,0.14285714285714285,6,6,CTGCGTGCGGATTGCAAGAC,0,2991846
ratA_yfjF_predicted,0.14285714285714285,6,6,CTGCGTCGGCCAGTGGCCGT,0,3001316
ratA_yfjF_predicted,0.14285714285714285,6,6,CTGAGTGAAGCGCATAAACG,0,3005265
ratA_yfjF_predicted,0.14285714285714285,6,6,CTCCGGCTTAAATGGCTGTT,0,3010851
ratA_yfjF_predicted,0.14285714285714285,6,6,CTCACTCCTGTTGGCTCTGT,0,3013858
ratA_yfjF_predicted,0.14285714285714285,6,6,CTCAAAAGGACTATTCGAGA,0,2995623
ratA_yfjF_predicted,0.14285714285714285,6,6,CTATTCTGACGAGTGGCGAC,0,3013059
ratA_yfjF_predicted,0.14285714285714285,6,6,CTATTCGAGTGCACGGTAGA,0,3002225
ratA_yfjF_predicted,0.14285714285714285,6,6,CTAGGCGGTCGGTCTTCACG,0,3002138
ratA_yfjF_predicted,0.14285714285714285,6,6,CTACTGGCCTCAGCGGTTCA,0,3015826
ratA_yfjF_predicted,0.14285714285714285,6,6,CTACCGAATTTAATCGAGAA,0,3012189
ratA_yfjF_predicted,0.14285714285714285,6,6,CGTTTCCTGTCTATCCTTGT,0,3010716
ratA_yfjF_predicted,0.14285714285714285,6,6,CGTGGCTGTCATTTACCAAA,0,3016891
ratA_yfjF_predicted,0.14285714285714285,6,6,CGTGCGATTGGTTTTGTATG,0,3009275
ratA_yfjF_predicted,0.14285714285714285,6,6,CGTCCCTACACCTCGCACAG,0,3000440
ratA_yfjF_predicted,0.14285714285714285,6,6,CGTATTCGCCTATCACGGTC,0,3014629
ratA_yfjF_predicted,0.14285714285714285,6,6,CGTAAGATCGGAAGCATCGG,0,3010706
ratA_yfjF_predicted,0.14285714285714285,6,6,CGGTTCACGTTTAGTTTGTA,0,3013011
ratA_yfjF_predicted,0.14285714285714285,6,6,CGGTGCGTGAGTGCTTGTGG,0,3005433
ratA_yfjF_predicted,0.14285714285714285,6,6,CGGTCGTAAAGCAATGTCTG,0,2999209
ratA_yfjF_predicted,0.14285714285714285,6,6,CGGGTTAACAGTTAGTCTCT,0,3015530
ratA_yfjF_predicted,0.14285714285714285,6,6,CGGCTGCCGAACTATCATAT,0,3017495
ratA_yfjF_predicted,0.14285714285714285,6,6,CGGAACTTTCCCTAGGCACT,0,3004614
ratA_yfjF_predicted,0.14285714285714285,6,6,CGCTTCGTATGAACGGAGGT,0,3019403
ratA_yfjF_predicted,0.14285714285714285,6,6,CGCGCATACTCTGATGTGCT,0,2996279
ratA_yfjF_predicted,0.14285714285714285,6,6,CGCGCACGTCGGGTGGCCCG,0,3016388
ratA_yfjF_predicted,0.14285714285714285,6,6,CGCGATCAAGGAGCTATATC,0,2998578
ratA_yfjF_predicted,0.14285714285714285,6,6,CGCCGGGACGTAGCTGTTGG,0,2992302
ratA_yfjF_predicted,0.14285714285714285,6,6,CGCCCCAGATTGTTATCCGA,0,2994520
ratA_yfjF_predicted,0.14285714285714285,6,6,CGCCCAATCCGTAGAAAACT,0,3008889
ratA_yfjF_predicted,0.14285714285714285,6,6,CGCATTGCCGCCTACTATTA,0,3014484
ratA_yfjF_predicted,0.14285714285714285,6,6,CGCATCCAAGGGGGCGCTAG,0,3018013
ratA_yfjF_predicted,0.14285714285714285,6,6,CGCATATACCCTCCCGTTAA,0,3009650
ratA_yfjF_predicted,0.14285714285714285,6,6,CGCACATTGTCCGTTGCGCT,0,2992199
ratA_yfjF_predicted,0.14285714285714285,6,6,CGCACACAGTTATTAGCGTA,0,3004298
ratA_yfjF_predicted,0.14285714285714285,6,6,CGATGTTGTACAATGTCAAT,0,3020619
ratA_yfjF_predicted,0.14285714285714285,6,6,CGATCGGCAGCATGCCGTTT,0,3005260
ratA_yfjF_predicted,0.14285714285714285,6,6,CGATATGGCAGGAGCGGAGC,0,2993775
ratA_yfjF_predicted,0.14285714285714285,6,6,CGAGTAGCAGGGGTGGTCCA,0,3021490
ratA_yfjF_predicted,0.14285714285714285,6,6,CGAGGGGACGTTTAAAGGAA,0,3017075
ratA_yfjF_predicted,0.14285714285714285,6,6,CGAGCACCCCGGGCAGTTCT,0,3010488
ratA_yfjF_predicted,0.14285714285714285,6,6,CCTTTTGTTGTTCTATCAGG,0,2997279
ratA_yfjF_predicted,0.14285714285714285,6,6,CCTTTGGCGGCCGAGCGCCT,0,3003466
ratA_yfjF_predicted,0.14285714285714285,6,6,CCTTGCGTGCTGCAAGCTGG,0,3007114
ratA_yfjF_predicted,0.14285714285714285,6,6,CCTTAAGATGCGCTTGGGAC,0,3009362
ratA_yfjF_predicted,0.14285714285714285,6,6,CCTGTTGCAAGTTGTGATAC,0,2996305
ratA_yfjF_predicted,0.14285714285714285,6,6,CCTGTCACGCTGGTAAGCAA,0,3015486
ratA_yfjF_predicted,0.14285714285714285,6,6,CCTGGGTGGCGTCTCCCCCA,0,3003555
ratA_yfjF_predicted,0.14285714285714285,6,6,CCTGCCGGGTTTAACGTCAT,0,2999323
ratA_yfjF_predicted,0.14285714285714285,6,6,CCTGATGCGTAGTAGAAGGT,0,3004360
ratA_yfjF_predicted,0.14285714285714285,6,6,CCTAGCATATGCTGAATACC,0,2995787
ratA_yfjF_predicted,0.14285714285714285,6,6,CCTAGATATTCTAAGCATAT,0,3007420
ratA_yfjF_predicted,0.14285714285714285,6,6,CCGTGCGTAGCTGAGCCCGC,0,2993915
ratA_yfjF_predicted,0.14285714285714285,6,6,CCGGTGGCACATCGACCCGA,0,3018961
ratA_yfjF_predicted,0.14285714285714285,6,6,CCGGCTACGGACGTGGTCTT,0,3009478
ratA_yfjF_predicted,0.14285714285714285,6,6,CCCTCGCGCACTCCGGAAAT,0,3016330
ratA_yfjF_predicted,0.14285714285714285,6,6,CCCTATCCCGGTTCGGGATA,0,3004053
ratA_yfjF_predicted,0.14285714285714285,6,6,CCCGAACGCCCGGAGAGATC,0,3003977
ratA_yfjF_predicted,0.14285714285714285,6,6,CCCCTTCATCCGGCGCTGTG,0,3011737
ratA_yfjF_predicted,0.14285714285714285,6,6,CCCCACGAGGTCCGTAGCGC,0,3016908
ratA_yfjF_predicted,0.14285714285714285,6,6,CCATGCTTGCGGCTAACGGA,0,2997564
ratA_yfjF_predicted,0.14285714285714285,6,6,CCAGGTTGCAAAAAGCTATA,0,2993124
ratA_yfjF_predicted,0.14285714285714285,6,6,CCAGGCGACGAGCGAATCAT,0,2997703
ratA_yfjF_predicted,0.14285714285714285,6,6,CCACGCGACATCAGACTCAC,0,3004972
ratA_yfjF_predicted,0.14285714285714285,6,6,CCACCGAGGGCACGGCGTAG,0,3019143
ratA_yfjF_predicted,0.14285714285714285,6,6,CCACAAGGTCTAATTTGGAC,0,3005600
ratA_yfjF_predicted,0.14285714285714285,6,6,CCAATGGCCTGACCGCGACG,0,3002169
ratA_yfjF_predicted,0.14285714285714285,6,6,CCAATGACGGTGGTTTAAAC,0,3018373
ratA_yfjF_predicted,0.14285714285714285,6,6,CCAAAGGTAAAGCCATGATT,0,2999699
ratA_yfjF_predicted,0.14285714285714285,6,6,CATTAGAGTCTCGTAGACAA,0,3008517
ratA_yfjF_predicted,0.14285714285714285,6,6,CATGGCTGATGATTAGGTAG,0,3017237
ratA_yfjF_predicted,0.14285714285714285,6,6,CATGAGGGGGGTTCCCTAAA,0,3001659
ratA_yfjF_predicted,0.14285714285714285,6,6,CATCTCGGTGCACCTGGAGT,0,3004503
ratA_yfjF_predicted,0.14285714285714285,6,6,CATCGTAGTCGCCTCGTACA,0,2994808
ratA_yfjF_predicted,0.14285714285714285,6,6,CATCAAGACCACCTCCTGAT,0,2998707
ratA_yfjF_predicted,0.14285714285714285,6,6,CAGTGGCATATCCAGGAATA,0,3011030
ratA_yfjF_predicted,0.14285714285714285,6,6,CAGTCGTTGTGGTAATGAGT,0,3003589
ratA_yfjF_predicted,0.14285714285714285,6,6,CAGTAGAACGGAGGGGCTGG,0,3019036
ratA_yfjF_predicted,0.14285714285714285,6,6,CAGGTGCGGACTCACTACTT,0,2991879
ratA_yfjF_predicted,0.14285714285714285,6,6,CAGGCTAGACCGCGAGCGCC,0,2992419
ratA_yfjF_predicted,0.14285714285714285,6,6,CAGGCCTACGATGACCGTCT,0,3017940
ratA_yfjF_predicted,0.14285714285714285,6,6,CAGCTCTGGGGGACACAATT,0,3020522
ratA_yfjF_predicted,0.14285714285714285,6,6,CAGCCATTCAGCTCCAAAAG,0,3017718
ratA_yfjF_predicted,0.14285714285714285,6,6,CAGCATTTGGGCTTCCAGAG,0,2998758
ratA_yfjF_predicted,0.14285714285714285,6,6,CAGCATTAAGGCTAATCGGA,0,2993069
ratA_yfjF_predicted,0.14285714285714285,6,6,CAGCACGAGACCTAGGAGCA,0,3014795
ratA_yfjF_predicted,0.14285714285714285,6,6,CAGAGTGTGAAGCGTGTGGA,0,3013762
ratA_yfjF_predicted,0.14285714285714285,6,6,CAGAGATGATTTCGGACTTT,0,3013487
ratA_yfjF_predicted,0.14285714285714285,6,6,CAGAATCGCTTCAGTAATCA,0,2993032
ratA_yfjF_predicted,0.14285714285714285,6,6,CACTGCTGTTAACACATAAA,0,3012529
ratA_yfjF_predicted,0.14285714285714285,6,6,CACTGCCCCGGCTCCTCCCA,0,3016207
ratA_yfjF_predicted,0.14285714285714285,6,6,CACCTCTAGCCTAATCTCAA,0,3016683
ratA_yfjF_predicted,0.14285714285714285,6,6,CACCGCTTCAGCTATACCCA,0,3009636
ratA_yfjF_predicted,0.14285714285714285,6,6,CACCCTTTCCGGTATGTGCG,0,3004809
ratA_yfjF_predicted,0.14285714285714285,6,6,CACCCTGCCCATTCTACTCT,0,2997734
ratA_yfjF_predicted,0.14285714285714285,6,6,CACCACTCCACAACATGGCC,0,2998333
ratA_yfjF_predicted,0.14285714285714285,6,6,CAATTGCGGCTAGAGATATA,0,3006628
ratA_yfjF_predicted,0.14285714285714285,6,6,CAATGGACAGAGGACTACGA,0,3007514
ratA_yfjF_predicted,0.14285714285714285,6,6,CAATCCCCGTCCTCATTGAG,0,3006885
ratA_yfjF_predicted,0.14285714285714285,6,6,CAAGGTGTTGAGCAAGGGAT,0,3003078
ratA_yfjF_predicted,0.14285714285714285,6,6,CAACGCGGCCGATTAGCATT,0,3015051
ratA_yfjF_predicted,0.14285714285714285,6,6,CAACCGTGAGTAGGCGTGGG,0,3002651
ratA_yfjF_predicted,0.14285714285714285,6,6,CAAATCGGGATATACTCGAA,0,2999899
ratA_yfjF_predicted,0.14285714285714285,6,6,ATTGGTGCTCCAGAGGATCG,0,3005981
ratA_yfjF_predicted,0.14285714285714285,6,6,ATTCCGGTGAACAAGCAGCG,0,3008522
ratA_yfjF_predicted,0.14285714285714285,6,6,ATTATCGTTAGTAATGGTGA,0,3008327
ratA_yfjF_predicted,0.14285714285714285,6,6,ATGTTAACCACTACATCCCT,0,3003693
ratA_yfjF_predicted,0.14285714285714285,6,6,ATGTGTAATTATCTTCAGTA,0,3017167
ratA_yfjF_predicted,0.14285714285714285,6,6,ATGTAATAAGCCTGTCTCGA,0,3021381
ratA_yfjF_predicted,0.14285714285714285,6,6,ATGGGTAGCCTGTGGCATTA,0,3003038
ratA_yfjF_predicted,0.14285714285714285,6,6,ATGGCGGCGCCATGTGCCAG,0,3011083
ratA_yfjF_predicted,0.14285714285714285,6,6,ATGCGGGAACCTCATTCTTG,0,3013248
ratA_yfjF_predicted,0.14285714285714285,6,6,ATGATAGAGACACTCGCGTA,0,2998617
ratA_yfjF_predicted,0.14285714285714285,6,6,ATGAAGACCGGGAGATGTTA,0,3009382
ratA_yfjF_predicted,0.14285714285714285,6,6,ATGAACCGCGGAATCGGCCA,0,3017662
ratA_yfjF_predicted,0.14285714285714285,6,6,ATCTCCCATAACTGCCACCA,0,2994367
ratA_yfjF_predicted,0.14285714285714285,6,6,ATCAGGTACTTTAAAGTAAG,0,3018082
ratA_yfjF_predicted,0.14285714285714285,6,6,ATCACGAGGAGAAGACATAC,0,3001216
ratA_yfjF_predicted,0.14285714285714285,6,6,ATATTCCTGTCCCAAGGCTA,0,3007785
ratA_yfjF_predicted,0.14285714285714285,6,6,ATATCTCATGAACGCTGCCT,0,3015627
ratA_yfjF_predicted,0.14285714285714285,6,6,ATATCGCACTCATCGCGTCG,0,3005167
ratA_yfjF_predicted,0.14285714285714285,6,6,ATATCGATGTACAACGCCGA,0,3016874
ratA_yfjF_predicted,0.14285714285714285,6,6,ATATAGATTCGGGCCAACTC,0,2994083
ratA_yfjF_predicted,0.14285714285714285,6,6,ATAGTCTTGCTGGTTCTATA,0,2992434
ratA_yfjF_predicted,0.14285714285714285,6,6,ATAGACGGCACCCCACAAAG,0,2996380
ratA_yfjF_predicted,0.14285714285714285,6,6,ATACTGATCGTGTCGGCAGG,0,3015206
ratA_yfjF_predicted,0.14285714285714285,6,6,ATACTACTCTGTCATGTAGC,0,3002224
ratA_yfjF_predicted,0.14285714285714285,6,6,ATACAAGTCAGAGGAGCCTA,0,3009868
ratA_yfjF_predicted,0.14285714285714285,6,6,ATAACGAATAATTGTACTAA,0,3010007
ratA_yfjF_predicted,0.14285714285714285,6,6,AGTTTCTCGTGGGTGTGCTT,0,2992941
ratA_yfjF_predicted,0.14285714285714285,6,6,AGTTCCCGTTAGGGACTTAA,0,3006613
ratA_yfjF_predicted,0.14285714285714285,6,6,AGTGTTGGTTCTTATGAGGA,0,2993254
ratA_yfjF_predicted,0.14285714285714285,6,6,AGTGGTCGATGTGGTTTTTC,0,3017913
ratA_yfjF_predicted,0.14285714285714285,6,6,AGTCTGCATAGGGAGTTAGG,0,2994613
ratA_yfjF_predicted,0.14285714285714285,6,6,AGTAACCGCGTTCACAGGTT,0,2993784
ratA_yfjF_predicted,0.14285714285714285,6,6,AGGTCGATTTTTTTCTGAGA,0,3004330
ratA_yfjF_predicted,0.14285714285714285,6,6,AGGGTCATCCCCGCTGGCTT,0,2999985
ratA_yfjF_predicted,0.14285714285714285,6,6,AGGGGTATACGGTCTAATTA,0,3009140
ratA_yfjF_predicted,0.14285714285714285,6,6,AGGCGGATCAGAAAATCAAT,0,3004153
ratA_yfjF_predicted,0.14285714285714285,6,6,AGGCATCGTTTACTCCTTGT,0,3018364
ratA_yfjF_predicted,0.14285714285714285,6,6,AGGATGACACCATGATACTG,0,2993948
ratA_yfjF_predicted,0.14285714285714285,6,6,AGGAGTGGCACAGTCGCGAG,0,3012554
ratA_yfjF_predicted,0.14285714285714285,6,6,AGGAGTAAGTCTTTACTGTT,0,3008991
ratA_yfjF_predicted,0.14285714285714285,6,6,AGCTTTTCAACCTCTAGGTA,0,3014925
ratA_yfjF_predicted,0.14285714285714285,6,6,AGCTTCGGTCAGAGTTGATA,0,3001655
ratA_yfjF_predicted,0.14285714285714285,6,6,AGCTCCCGGGTTGAAGAAGC,0,3007161
ratA_yfjF_predicted,0.14285714285714285,6,6,AGCTCCCATACGCCGCCTGA,0,3001022
ratA_yfjF_predicted,0.14285714285714285,6,6,AGCTAAGCTTACGTAAAGAA,0,2994684
ratA_yfjF_predicted,0.14285714285714285,6,6,AGCGGGTAAGGACGTATGCG,0,3000329
ratA_yfjF_predicted,0.14285714285714285,6,6,AGCGCTGATTACATTCTGTA,0,3006351
ratA_yfjF_predicted,0.14285714285714285,6,6,AGCGCGGGCAAAGAGACAGT,0,3019576
ratA_yfjF_predicted,0.14285714285714285,6,6,AGCCAGGCTTACGCGCCTAT,0,2996285
ratA_yfjF_predicted,0.14285714285714285,6,6,AGCATGACCAGCCCGGGCGG,0,3004936
ratA_yfjF_predicted,0.14285714285714285,6,6,AGCACGAGCGAAGGCACACG,0,3011995
ratA_yfjF_predicted,0.14285714285714285,6,6,AGATGAACCCATATTCTATT,0,2998918
ratA_yfjF_predicted,0.14285714285714285,6,6,AGATAGTAACTACACGACGA,0,3015201
ratA_yfjF_predicted,0.14285714285714285,6,6,AGAGTTTATTGGGCATAATG,0,3014742
ratA_yfjF_predicted,0.14285714285714285,6,6,AGACTGATCCGGTTGATATT,0,3019295
ratA_yfjF_predicted,0.14285714285714285,6,6,AGACGGCCCATCCTTTTGCG,0,3012025
ratA_yfjF_predicted,0.14285714285714285,6,6,AGACCCTTCGTCGTGCGACT,0,3001103
ratA_yfjF_predicted,0.14285714285714285,6,6,AGACCATCTTCCACGGCAGA,0,3001439
ratA_yfjF_predicted,0.14285714285714285,6,6,AGAATGCTGGCTAGCTGCAT,0,3005959
ratA_yfjF_predicted,0.14285714285714285,6,6,AGAAGATTTCTTGAGCACAA,0,3017822
ratA_yfjF_predicted,0.14285714285714285,6,6,AGAAGATTGTAAAGCCCGCC,0,3014570
ratA_yfjF_predicted,0.14285714285714285,6,6,AGAAATAAGGTGCGTTTTAA,0,3013542
ratA_yfjF_predicted,0.14285714285714285,6,6,ACTGTTGCGGGGCACTAGAG,0,3004668
ratA_yfjF_predicted,0.14285714285714285,6,6,ACTGTATTAGAGTACCTGTA,0,2992601
ratA_yfjF_predicted,0.14285714285714285,6,6,ACTGCACATCCGACACGGCG,0,3020042
ratA_yfjF_predicted,0.14285714285714285,6,6,ACTCCGACAACGTTCTGCGG,0,3002314
ratA_yfjF_predicted,0.14285714285714285,6,6,ACTCCATACAAGGTGGTTGG,0,2999144
ratA_yfjF_predicted,0.14285714285714285,6,6,ACTCACCAACTGAGGCTGTC,0,2993904
ratA_yfjF_predicted,0.14285714285714285,6,6,ACTAGGCTCCTGTATGACGG,0,2992264
ratA_yfjF_predicted,0.14285714285714285,6,6,ACTAAGGGTGTCGTGGGACT,0,2993950
ratA_yfjF_predicted,0.14285714285714285,6,6,ACGTTAGCCGTAGCGAATTT,0,3008497
ratA_yfjF_predicted,0.14285714285714285,6,6,ACGTGGCTAGAACGCATGCA,0,2994721
ratA_yfjF_predicted,0.14285714285714285,6,6,ACGTGAATAACTCCCGGGGT,0,2996213
ratA_yfjF_predicted,0.14285714285714285,6,6,ACGTCTGCACCGGCACTCGC,0,2999911
ratA_yfjF_predicted,0.14285714285714285,6,6,ACGTCTAGCGCCTGCACTGT,0,3012322
ratA_yfjF_predicted,0.14285714285714285,6,6,ACGTCCGGGGTCGCGGTGTA,0,3008137
ratA_yfjF_predicted,0.14285714285714285,6,6,ACGTCATCTGTAACTTTGGA,0,3010641
ratA_yfjF_predicted,0.14285714285714285,6,6,ACGGAATCCGCAACTACAAC,0,3001884
ratA_yfjF_predicted,0.14285714285714285,6,6,ACGAGCTATCATTGTCTGAA,0,3002766
ratA_yfjF_predicted,0.14285714285714285,6,6,ACGAGCATAAGCTAAGTCTC,0,3015846
ratA_yfjF_predicted,0.14285714285714285,6,6,ACGAGATCACCTGGCACCTT,0,2998306
ratA_yfjF_predicted,0.14285714285714285,6,6,ACCTTTGACGGGGAGCGGGG,0,3000131
ratA_yfjF_predicted,0.14285714285714285,6,6,ACCTCCGACCTATGGAGTTG,0,2999089
ratA_yfjF_predicted,0.14285714285714285,6,6,ACCGCTTGCCGGCCTCGACT,0,3000529
ratA_yfjF_predicted,0.14285714285714285,6,6,ACCGCGCAGGTCAAGCGTTT,0,3002803
ratA_yfjF_predicted,0.14285714285714285,6,6,ACCGCCTACTTGGGGGGCGC,0,3002427
ratA_yfjF_predicted,0.14285714285714285,6,6,ACCCCGTCTTGGGGTCCGGA,0,3004391
ratA_yfjF_predicted,0.14285714285714285,6,6,ACCAGTTGGATCTCCCGTTA,0,3018492
ratA_yfjF_predicted,0.14285714285714285,6,6,ACCAACTTCTAAGTCTAATA,0,3001006
ratA_yfjF_predicted,0.14285714285714285,6,6,ACATCTGTTTCCCCACCGTG,0,3016991
ratA_yfjF_predicted,0.14285714285714285,6,6,ACATCCCGTTGGTAATAGAT,0,2994788
ratA_yfjF_predicted,0.14285714285714285,6,6,ACATCCCGGTCCACAGGGTT,0,3003122
ratA_yfjF_predicted,0.14285714285714285,6,6,ACAGTTGCATGCGGTTATTA,0,2998890
ratA_yfjF_predicted,0.14285714285714285,6,6,ACAGGGGTAATCGCGCGGCG,0,3013850
ratA_yfjF_predicted,0.14285714285714285,6,6,ACAGCGCTGCCAAGGTGTCA,0,2994553
ratA_yfjF_predicted,0.14285714285714285,6,6,ACAGCAGGGGCTCTATGACT,0,3007046
ratA_yfjF_predicted,0.14285714285714285,6,6,ACAGAAGGTAGAAGTGAGGA,0,2993053
ratA_yfjF_predicted,0.14285714285714285,6,6,ACAATGCGGTCGCTCTAGAA,0,3002599
ratA_yfjF_predicted,0.14285714285714285,6,6,ACAACTAAGACCAGCTTAAT,0,2995317
ratA_yfjF_predicted,0.14285714285714285,6,6,ACAACGCGCTACCCTGCATA,0,2998535
ratA_yfjF_predicted,0.14285714285714285,6,6,AATTCGTGTAGGTATGCGGA,0,3013185
ratA_yfjF_predicted,0.14285714285714285,6,6,AATGCAACCAGCACGGCGAA,0,3017393
ratA_yfjF_predicted,0.14285714285714285,6,6,AATCGTGTCAACGGTCATCC,0,2996170
ratA_yfjF_predicted,0.14285714285714285,6,6,AATCGGATTCTCGAGTCTGG,0,3017241
ratA_yfjF_predicted,0.14285714285714285,6,6,AATATGAGATAGCGATTCAC,0,2995543
ratA_yfjF_predicted,0.14285714285714285,6,6,AAGTCGTCTCCAGGAGCCAA,0,3014609
ratA_yfjF_predicted,0.14285714285714285,6,6,AAGGTCGCTACATGAATACC,0,3012132
ratA_yfjF_predicted,0.14285714285714285,6,6,AAGGAGCGCTCATGGTTGTA,0,3008015
ratA_yfjF_predicted,0.14285714285714285,6,6,AAGCGTCCGTGAAATGAGAA,0,2998459
ratA_yfjF_predicted,0.14285714285714285,6,6,AAGCCCCGAAAGTATATCGG,0,2998269
ratA_yfjF_predicted,0.14285714285714285,6,6,AAGCAAATTTTGGATCCGTG,0,2991876
ratA_yfjF_predicted,0.14285714285714285,6,6,AAGCAAAATTTCTGGCGGCA,0,3003550
ratA_yfjF_predicted,0.14285714285714285,6,6,AAGATTGCCATGCGCAATGG,0,2998124
ratA_yfjF_predicted,0.14285714285714285,6,6,AAGAATGCGCATTTTCATGT,0,3000281
ratA_yfjF_predicted,0.14285714285714285,6,6,AACTCAGAAGAAGAGCACTA,0,3021300
ratA_yfjF_predicted,0.14285714285714285,6,6,AACGGAAGTGGAGTGAGGGG,0,3011091
ratA_yfjF_predicted,0.14285714285714285,6,6,AACCCTAGCATATTGGAGCA,0,3013130
ratA_yfjF_predicted,0.14285714285714285,6,6,AACATTATCCTAACAGGCTC,0,3005411
ratA_yfjF_predicted,0.14285714285714285,6,6,AACATGTTGGGAGCTAGACT,0,3004827
ratA_yfjF_predicted,0.14285714285714285,6,6,AACATCCGCTTCCAGGCTTC,0,2996149
ratA_yfjF_predicted,0.14285714285714285,6,6,AACACCATAAAGCTGAACTA,0,2993507
ratA_yfjF_predicted,0.14285714285714285,6,6,AAAGGTCCCACGGAAGGATG,0,2995714
ratA_yfjF_predicted,0.14285714285714285,6,6,AAAAGCCGTTAAGAAAGGCA,0,3018298
ratA_yfjF_predicted,0.14285714285714285,6,6,AAAAACTAGGACTTAAACAT,0,3014921
ratA_yfjF_predicted,0.14285714285714285,6,6,AAAAAACTTATACATGGAAC,0,3020759
ratA_yfjF_predicted,0.16666666666666666,5,5,TTTTTGTCTGTGTGTTTTCT,0,3012238
ratA_yfjF_predicted,0.16666666666666666,5,5,TTTTCGAGGGCGGGGGGTTT,0,3010195
ratA_yfjF_predicted,0.16666666666666666,5,5,TTTTAGTACGTGGTAATGGT,0,3006146
ratA_yfjF_predicted,0.16666666666666666,5,5,TTTGTACACCGCAAGCAAAT,0,2992351
ratA_yfjF_predicted,0.16666666666666666,5,5,TTTGGGCTCGGGTCTCCAAT,0,3003836
ratA_yfjF_predicted,0.16666666666666666,5,5,TTTCGGACACTAAGCTCAGC,0,3012089
ratA_yfjF_predicted,0.16666666666666666,5,5,TTTAGTCTGTGTCTTAACCT,0,3004828
ratA_yfjF_predicted,0.16666666666666666,5,5,TTTAGGCAGTGAGCCGCACC,0,3019901
ratA_yfjF_predicted,0.16666666666666666,5,5,TTTAGGACACTGTAGTTGGG,0,2996243
ratA_yfjF_predicted,0.16666666666666666,5,5,TTTACCATGACCGCTGACTG,0,2991818
ratA_yfjF_predicted,0.16666666666666666,5,5,TTGTTGTAGTTTGGTATAAA,0,3014550
ratA_yfjF_predicted,0.16666666666666666,5,5,TTGTGGCGGTATTGGTGTCC,0,3013004
ratA_yfjF_predicted,0.16666666666666666,5,5,TTGTGGAGAGTTGCGGGATA,0,3021660
ratA_yfjF_predicted,0.16666666666666666,5,5,TTGTGACGTAACGAAACGTG,0,3007276
ratA_yfjF_predicted,0.16666666666666666,5,5,TTGTCGAGTATAACTGGCTT,0,2995014
ratA_yfjF_predicted,0.16666666666666666,5,5,TTGTCACCGCCGATCGGCAG,0,3008854
ratA_yfjF_predicted,0.16666666666666666,5,5,TTGTAGGCCACCGCGCGGCC,0,2995849
ratA_yfjF_predicted,0.16666666666666666,5,5,TTGGTGCAGTCACATCGCAG,0,2997614
ratA_yfjF_predicted,0.16666666666666666,5,5,TTGGTACACGGCGGGGAATG,0,3020886
ratA_yfjF_predicted,0.16666666666666666,5,5,TTGGGTCGTTGAGGGGCTAA,0,3000635
ratA_yfjF_predicted,0.16666666666666666,5,5,TTGGGGGACTTCGAGAACTG,0,3021513
ratA_yfjF_predicted,0.16666666666666666,5,5,TTGGCTTGGGTCCAAAGTCG,0,3010331
ratA_yfjF_predicted,0.16666666666666666,5,5,TTGGCGGAAGTGATCATTGC,0,3014759
ratA_yfjF_predicted,0.16666666666666666,5,5,TTGGCGCGGAACTATAAACC,0,2993390
ratA_yfjF_predicted,0.16666666666666666,5,5,TTGGAGAAAATATGTTGTCT,0,3020601
ratA_yfjF_predicted,0.16666666666666666,5,5,TTGGACCCGGATAATGGTCA,0,3003615
ratA_yfjF_predicted,0.16666666666666666,5,5,TTGGAATCCGCTAGATTTTC,0,2999599
ratA_yfjF_predicted,0.16666666666666666,5,5,TTGATTGAAACCATTCGCAT,0,2995060
ratA_yfjF_predicted,0.16666666666666666,5,5,TTGATCCTATTGCTTCGGGC,0,2992703
ratA_yfjF_predicted,0.16666666666666666,5,5,TTCTTGCGGTGCCGCCACGT,0,3021310
ratA_yfjF_predicted,0.16666666666666666,5,5,TTCTAGAACTGGCTGCTGTG,0,2996566
ratA_yfjF_predicted,0.16666666666666666,5,5,TTCCGTTGAATGGTATGGGC,0,3018984
ratA_yfjF_predicted,0.16666666666666666,5,5,TTCCGTTCAACCCAAAAGGT,0,2994384
ratA_yfjF_predicted,0.16666666666666666,5,5,TTCCCGTGTGATTTTCTGGG,0,3013789
ratA_yfjF_predicted,0.16666666666666666,5,5,TTCAAGTGTACCACTCCTGG,0,2997738
ratA_yfjF_predicted,0.16666666666666666,5,5,TTATTGATCTCCCGTACGAC,0,2999194
ratA_yfjF_predicted,0.16666666666666666,5,5,TTAGTAGCGAAACCGTCTCA,0,3011415
ratA_yfjF_predicted,0.16666666666666666,5,5,TGTTTCCGGGAACACTAAGG,0,3000151
ratA_yfjF_predicted,0.16666666666666666,5,5,TGTTCTATTCTTTAAGCGGA,0,3019835
ratA_yfjF_predicted,0.16666666666666666,5,5,TGTTATGGTACAAGATTCTC,0,3001468
ratA_yfjF_predicted,0.16666666666666666,5,5,TGTGTATCGCGCCGGCTTTC,0,3018962
ratA_yfjF_predicted,0.16666666666666666,5,5,TGTGGCGTGTTGGGCAATAT,0,3003752
ratA_yfjF_predicted,0.16666666666666666,5,5,TGTGCTAGTCGGTCCCCCGC,0,3009577
ratA_yfjF_predicted,0.16666666666666666,5,5,TGTGCGGCCTTTGGCACGTT,0,3010775
ratA_yfjF_predicted,0.16666666666666666,5,5,TGTGCCGAAAAGAACGTGGT,0,3012091
ratA_yfjF_predicted,0.16666666666666666,5,5,TGTCGCGTCTCTTTACCTGG,0,3020948
ratA_yfjF_predicted,0.16666666666666666,5,5,TGTCAGTACGCTGTTCATGC,0,2998599
ratA_yfjF_predicted,0.16666666666666666,5,5,TGTAGAGGGATGCGTCTAAT,0,3005166
ratA_yfjF_predicted,0.16666666666666666,5,5,TGGTTGGTTTCTACCACAGA,0,3000209
ratA_yfjF_predicted,0.16666666666666666,5,5,TGGTTGCGGTTAGCGGAGAT,0,3006450
ratA_yfjF_predicted,0.16666666666666666,5,5,TGGTTCGAGGGCCAAGTGAC,0,3001518
ratA_yfjF_predicted,0.16666666666666666,5,5,TGGTGGGGCTGTTGGATCGT,0,3003367
ratA_yfjF_predicted,0.16666666666666666,5,5,TGGTGGATTCGGGGCTCTAC,0,3014068
ratA_yfjF_predicted,0.16666666666666666,5,5,TGGTGAAGGTATTGACTTGC,0,3010551
ratA_yfjF_predicted,0.16666666666666666,5,5,TGGGAGTCAGCTGTACGCAT,0,3008770
ratA_yfjF_predicted,0.16666666666666666,5,5,TGGCTTTACAGTTTCGTGAT,0,2991869
ratA_yfjF_predicted,0.16666666666666666,5,5,TGGCTCTGAATGCCGTGATC,0,3004489
ratA_yfjF_predicted,0.16666666666666666,5,5,TGGCGCCATTCCCTGTGTTT,0,3008533
ratA_yfjF_predicted,0.16666666666666666,5,5,TGCGTGCCAGGACCACGACC,0,3017878
ratA_yfjF_predicted,0.16666666666666666,5,5,TGCGGGACAGTATTAGTACC,0,2994856
ratA_yfjF_predicted,0.16666666666666666,5,5,TGCGCACGGCCAGAGGATGA,0,3015139
ratA_yfjF_predicted,0.16666666666666666,5,5,TGCCGTGGGCGGGTCTTGAG,0,3020445
ratA_yfjF_predicted,0.16666666666666666,5,5,TGCCGGTCATCCTCCGGACT,0,2998968
ratA_yfjF_predicted,0.16666666666666666,5,5,TGCATTAGCAAGAAAATTAG,0,3015959
ratA_yfjF_predicted,0.16666666666666666,5,5,TGATGGGATTCGACAACCTG,0,3017768
ratA_yfjF_predicted,0.16666666666666666,5,5,TGATGCTTCAAAGTTCCTGC,0,3014237
ratA_yfjF_predicted,0.16666666666666666,5,5,TGATCCTGAGTTTCAGTTGC,0,3002323
ratA_yfjF_predicted,0.16666666666666666,5,5,TGAGTGGATACCCTGCATCA,0,3011193
ratA_yfjF_predicted,0.16666666666666666,5,5,TGAGGGTCTAGACGCTTCGA,0,3007273
ratA_yfjF_predicted,0.16666666666666666,5,5,TGACTTCATCAGATTCGATG,0,3007268
ratA_yfjF_predicted,0.16666666666666666,5,5,TGACGGTCCAGGGGGCATAG,0,3004423
ratA_yfjF_predicted,0.16666666666666666,5,5,TGACATGATTTAACGACGCT,0,2992439
ratA_yfjF_predicted,0.16666666666666666,5,5,TGAATCAAAATCGACTCATT,0,3003817
ratA_yfjF_predicted,0.16666666666666666,5,5,TGAAGTCCCCAGATTTTCGT,0,3007269
ratA_yfjF_predicted,0.16666666666666666,5,5,TGAACCAGGGAGCTATCGCG,0,3008364
ratA_yfjF_predicted,0.16666666666666666,5,5,TCTTTCTCATCTATTATCGT,0,3004172
ratA_yfjF_predicted,0.16666666666666666,5,5,TCTGTCAGATGGCGGCACGC,0,3010420
ratA_yfjF_predicted,0.16666666666666666,5,5,TCTCTCCGACCGTCCTTCTA,0,3021265
ratA_yfjF_predicted,0.16666666666666666,5,5,TCTCGGGGATACAAGGCGAC,0,3007457
ratA_yfjF_predicted,0.16666666666666666,5,5,TCTCGAGTTATAGTAGGGTG,0,2998696
ratA_yfjF_predicted,0.16666666666666666,5,5,TCTCCTAGGGAAGGCCTCGA,0,3017389
ratA_yfjF_predicted,0.16666666666666666,5,5,TCTATATTCTCACCGTAGAG,0,3000142
ratA_yfjF_predicted,0.16666666666666666,5,5,TCTACTACATAAAGTATAAC,0,3005164
ratA_yfjF_predicted,0.16666666666666666,5,5,TCTACGAGCTTGTCCCCCAT,0,3002338
ratA_yfjF_predicted,0.16666666666666666,5,5,TCGTGCATCGGCGCAGGTAG,0,2997913
ratA_yfjF_predicted,0.16666666666666666,5,5,TCGGGAGGGTTAATTTGGCA,0,3016885
ratA_yfjF_predicted,0.16666666666666666,5,5,TCGCGGGACGGGCGTACCAG,0,2998631
ratA_yfjF_predicted,0.16666666666666666,5,5,TCGCCTTGGATGGGGTAATG,0,2994127
ratA_yfjF_predicted,0.16666666666666666,5,5,TCGAGTAATTGCCCTTGTAC,0,3012444
ratA_yfjF_predicted,0.16666666666666666,5,5,TCGACGCGTCTAGGTGAGAG,0,3006899
ratA_yfjF_predicted,0.16666666666666666,5,5,TCCTGTGTATGGGGCAACGC,0,3008908
ratA_yfjF_predicted,0.16666666666666666,5,5,TCCTGCTCGGAGCGGTGCGG,0,3007088
ratA_yfjF_predicted,0.16666666666666666,5,5,TCCCTACTCGATGGAGATTC,0,2995503
ratA_yfjF_predicted,0.16666666666666666,5,5,TCCCGTTAGCGATTGGGTGT,0,3000820
ratA_yfjF_predicted,0.16666666666666666,5,5,TCCCATTTTACATAACATGG,0,3002361
ratA_yfjF_predicted,0.16666666666666666,5,5,TCCAATCCGCGAGGTCTGGA,0,3015328
ratA_yfjF_predicted,0.16666666666666666,5,5,TCATGAGATGATGCACTAAT,0,3016606
ratA_yfjF_predicted,0.16666666666666666,5,5,TCATCTGCCAATTAATATCG,0,2995778
ratA_yfjF_predicted,0.16666666666666666,5,5,TCACGATATGCTCCGTTCGT,0,2991964
ratA_yfjF_predicted,0.16666666666666666,5,5,TCACCTCGTACTCGACGGCA,0,3018648
ratA_yfjF_predicted,0.16666666666666666,5,5,TCACCGCTATCTAAAGTCTG,0,3002505
ratA_yfjF_predicted,0.16666666666666666,5,5,TCAATTCTGTCAGAGGGGGT,0,2999391
ratA_yfjF_predicted,0.16666666666666666,5,5,TCAAGTCAGACTAAAAGTGT,0,2994944
ratA_yfjF_predicted,0.16666666666666666,5,5,TCAAATATTTTGCCATGATC,0,3005975
ratA_yfjF_predicted,0.16666666666666666,5,5,TCAAACCCATTTCTCGCTAG,0,2999463
ratA_yfjF_predicted,0.16666666666666666,5,5,TCAAAAGATAGTTTGTTATT,0,3002884
ratA_yfjF_predicted,0.16666666666666666,5,5,TATTTCAAAACATCTGAAGC,0,3018875
ratA_yfjF_predicted,0.16666666666666666,5,5,TATTTAGGGCGGTCGCTTGC,0,3008273
ratA_yfjF_predicted,0.16666666666666666,5,5,TATTGAGATGAAACCAAACG,0,3008305
ratA_yfjF_predicted,0.16666666666666666,5,5,TATTCGGTTACGCGCGCAAC,0,2997184
ratA_yfjF_predicted,0.16666666666666666,5,5,TATGTTCGTGTAGGTCCCGT,0,3010855
ratA_yfjF_predicted,0.16666666666666666,5,5,TATGCTCGCTAGCAAAAAGA,0,2999969
ratA_yfjF_predicted,0.16666666666666666,5,5,TATCGGCCCCTGCATCCCCC,0,3012708
ratA_yfjF_predicted,0.16666666666666666,5,5,TATATGCCTAGTCGCGCCAC,0,2994432
ratA_yfjF_predicted,0.16666666666666666,5,5,TATATACACTGTGGCAGCAG,0,3013801
ratA_yfjF_predicted,0.16666666666666666,5,5,TATAATGGTCCGGACACTGC,0,2998982
ratA_yfjF_predicted,0.16666666666666666,5,5,TATAACACGTGTCCAGTCAA,0,3003906
ratA_yfjF_predicted,0.16666666666666666,5,5,TAGGTCGGGACTGTGGCACA,0,3014363
ratA_yfjF_predicted,0.16666666666666666,5,5,TAGGGGCGGCGGCCTTTCCA,0,3002640
ratA_yfjF_predicted,0.16666666666666666,5,5,TAGGCCCAGGCCTGTTTTAT,0,3016877
ratA_yfjF_predicted,0.16666666666666666,5,5,TAGCCTTTTATTGCCTTTTT,0,3011297
ratA_yfjF_predicted,0.16666666666666666,5,5,TAGAAACATAAATAGTGTGG,0,3017744
ratA_yfjF_predicted,0.16666666666666666,5,5,TACTTATGTCCCATACTCGT,0,2992927
ratA_yfjF_predicted,0.16666666666666666,5,5,TACTTATCAATAATTCTCTT,0,3013067
ratA_yfjF_predicted,0.16666666666666666,5,5,TACTCCGTGTCCTCAAACGA,0,3019039
ratA_yfjF_predicted,0.16666666666666666,5,5,TACGGGTAATGATTAGTTGA,0,3010216
ratA_yfjF_predicted,0.16666666666666666,5,5,TACGATGACTAATAAGTTAG,0,3021174
ratA_yfjF_predicted,0.16666666666666666,5,5,TACCTAGTATTGTTGTAACT,0,3005227
ratA_yfjF_predicted,0.16666666666666666,5,5,TACCAGGGTGCAAGGGCCAC,0,3001946
ratA_yfjF_predicted,0.16666666666666666,5,5,TACAGCAGATATCGGAGTCA,0,3015969
ratA_yfjF_predicted,0.16666666666666666,5,5,TAATGAAAGGGGTACTCCAT,0,3003313
ratA_yfjF_predicted,0.16666666666666666,5,5,TAACTACCACGGTTGCATAA,0,2997895
ratA_yfjF_predicted,0.16666666666666666,5,5,TAACGCGGCCATTATGAGAC,0,2992690
ratA_yfjF_predicted,0.16666666666666666,5,5,TAACCTGGTGGCCCACTAGG,0,2998867
ratA_yfjF_predicted,0.16666666666666666,5,5,TAACCCGCCGTCGTGGGTTC,0,3007266
ratA_yfjF_predicted,0.16666666666666666,5,5,TAAAGATTAGCGTCTCAGAC,0,3011322
ratA_yfjF_predicted,0.16666666666666666,5,5,TAAAATTATACATGCTCAAA,0,3007643
ratA_yfjF_predicted,0.16666666666666666,5,5,GTTTGGGGTAGGGAGTATGT,0,3016161
ratA_yfjF_predicted,0.16666666666666666,5,5,GTTTGGAGTGTGGGTCGTAA,0,2995331
ratA_yfjF_predicted,0.16666666666666666,5,5,GTTTCTCTTAATCGTCCGTA,0,2994135
ratA_yfjF_predicted,0.16666666666666666,5,5,GTTTCAGTACGAGTCGCAAT,0,2994818
ratA_yfjF_predicted,0.16666666666666666,5,5,GTTTACAAAGGTAGGGTCTC,0,3021112
ratA_yfjF_predicted,0.16666666666666666,5,5,GTTGCTTTTTGATTCTTCTA,0,2994119
ratA_yfjF_predicted,0.16666666666666666,5,5,GTTGCCGTGCCTGGAAGAGA,0,2995895
ratA_yfjF_predicted,0.16666666666666666,5,5,GTTGACAATTTTTCTCAATT,0,3008536
ratA_yfjF_predicted,0.16666666666666666,5,5,GTTCAATGGCCCTCATCGGA,0,3000020
ratA_yfjF_predicted,0.16666666666666666,5,5,GTGTAGGGCCACTGGGACCT,0,2997106
ratA_yfjF_predicted,0.16666666666666666,5,5,GTGTACGTCTCCTCCAGAGT,0,2993908
ratA_yfjF_predicted,0.16666666666666666,5,5,GTGGTTCCGGCCCAGTATGG,0,3001004
ratA_yfjF_predicted,0.16666666666666666,5,5,GTGGCATTTCGCGTCTCGCC,0,2999995
ratA_yfjF_predicted,0.16666666666666666,5,5,GTGAGTAGACGCTACCTTCT,0,3017313
ratA_yfjF_predicted,0.16666666666666666,5,5,GTGACTGAAAGGCCCGATGC,0,2995756
ratA_yfjF_predicted,0.16666666666666666,5,5,GTCTTGGTATCCAGGAAAGA,0,2996056
ratA_yfjF_predicted,0.16666666666666666,5,5,GTCGGTGGATTTGGGGACTA,0,3001531
ratA_yfjF_predicted,0.16666666666666666,5,5,GTCGGGCTCTATGGGCAGGG,0,2998341
ratA_yfjF_predicted,0.16666666666666666,5,5,GTCCTTACGCCAACTCTATT,0,2996333
ratA_yfjF_predicted,0.16666666666666666,5,5,GTCCCATTTTACTTACGAAC,0,3015885
ratA_yfjF_predicted,0.16666666666666666,5,5,GTCAGTTCGCGCGCATACTG,0,2992188
ratA_yfjF_predicted,0.16666666666666666,5,5,GTATTCCCATGTTCGAAGTA,0,3006711
ratA_yfjF_predicted,0.16666666666666666,5,5,GTATCAATGGATCAGTGCAA,0,3002508
ratA_yfjF_predicted,0.16666666666666666,5,5,GTAGTTCTTTTCTACCCGAA,0,3002455
ratA_yfjF_predicted,0.16666666666666666,5,5,GTAGAATAAGAACAAACAGC,0,2996709
ratA_yfjF_predicted,0.16666666666666666,5,5,GTACTGAGAGTAACGGAGAA,0,3006564
ratA_yfjF_predicted,0.16666666666666666,5,5,GTACGTGACCAGGTGAATCT,0,3002410
ratA_yfjF_predicted,0.16666666666666666,5,5,GTACCGTAGCTGTTAATTTT,0,3013905
ratA_yfjF_predicted,0.16666666666666666,5,5,GTACATATCACTTCGTCAAG,0,3014135
ratA_yfjF_predicted,0.16666666666666666,5,5,GTAACCCAACTGCATAGTTA,0,3019481
ratA_yfjF_predicted,0.16666666666666666,5,5,GGTTTTGGGTAAACGACCTC,0,3006500
ratA_yfjF_predicted,0.16666666666666666,5,5,GGTTTGGAGGAAGAGACTTT,0,2995547
ratA_yfjF_predicted,0.16666666666666666,5,5,GGTTGGCAATTTCGCGATAT,0,3005866
ratA_yfjF_predicted,0.16666666666666666,5,5,GGTTAAGCCTTCATCATGGT,0,3008210
ratA_yfjF_predicted,0.16666666666666666,5,5,GGTGTTCATATTCGGTACCG,0,3017166
ratA_yfjF_predicted,0.16666666666666666,5,5,GGTGGAGATAACGTCATATC,0,2999631
ratA_yfjF_predicted,0.16666666666666666,5,5,GGTCTGACTGAAGTCCAGCA,0,3012886
ratA_yfjF_predicted,0.16666666666666666,5,5,GGTCGTTTAACTTAATTAGT,0,2999897
ratA_yfjF_predicted,0.16666666666666666,5,5,GGTATGGGACGGTGTTGAAA,0,3018317
ratA_yfjF_predicted,0.16666666666666666,5,5,GGTATCCTACAACATACAAT,0,3010841
ratA_yfjF_predicted,0.16666666666666666,5,5,GGTAGTCCCAAAGGGTAAAA,0,3019555
ratA_yfjF_predicted,0.16666666666666666,5,5,GGTACTAGATCACACGGGCT,0,3009652
ratA_yfjF_predicted,0.16666666666666666,5,5,GGTAACGGTTAGTATCTGCT,0,3014842
ratA_yfjF_predicted,0.16666666666666666,5,5,GGGGTGCGGTCACTCGCGTA,0,3017520
ratA_yfjF_predicted,0.16666666666666666,5,5,GGGGATGGGGTGGGCAATAG,0,2992089
ratA_yfjF_predicted,0.16666666666666666,5,5,GGGGAACTATTCGTATCTGT,0,3014419
ratA_yfjF_predicted,0.16666666666666666,5,5,GGGATGATCGCATCTTTTTC,0,3008062
ratA_yfjF_predicted,0.16666666666666666,5,5,GGGACGTTCAGGAAGTCACC,0,3015908
ratA_yfjF_predicted,0.16666666666666666,5,5,GGGAAGCACCCGTAAGTATA,0,2992292
ratA_yfjF_predicted,0.16666666666666666,5,5,GGCTCTGCTGGTCATTGCTA,0,3005014
ratA_yfjF_predicted,0.16666666666666666,5,5,GGCTAACTAGGGAGGTAAAC,0,3008020
ratA_yfjF_predicted,0.16666666666666666,5,5,GGCGTGCCACAGGTTGTTTT,0,2995498
ratA_yfjF_predicted,0.16666666666666666,5,5,GGCGGGTGGTACCCGTGCTT,0,2992290
ratA_yfjF_predicted,0.16666666666666666,5,5,GGCGGACTAATAGCACAGCC,0,2996843
ratA_yfjF_predicted,0.16666666666666666,5,5,GGATGCACGCTGGTAGATCT,0,3018269
ratA_yfjF_predicted,0.16666666666666666,5,5,GGAGTCAACAGAGGGTAATT,0,3020697
ratA_yfjF_predicted,0.16666666666666666,5,5,GGAGGCTCAATCGCAGAAGG,0,3008283
ratA_yfjF_predicted,0.16666666666666666,5,5,GGACGCCAAGACTTAACATT,0,3001869
ratA_yfjF_predicted,0.16666666666666666,5,5,GGACAGAACATTTCCGTACA,0,2994644
ratA_yfjF_predicted,0.16666666666666666,5,5,GGACAAGCGAAGTGACAAGG,0,3011660
ratA_yfjF_predicted,0.16666666666666666,5,5,GCTTGTGAAGGCTGGTCACG,0,3020440
ratA_yfjF_predicted,0.16666666666666666,5,5,GCTGGTCATGCACCCCCTGA,0,3001098
ratA_yfjF_predicted,0.16666666666666666,5,5,GCTATCGCTTAGTGTCTCTC,0,3020912
ratA_yfjF_predicted,0.16666666666666666,5,5,GCGTGCCGGGCATCCATCCC,0,3010752
ratA_yfjF_predicted,0.16666666666666666,5,5,GCGGGTAGTCGTTACAGTGC,0,2996048
ratA_yfjF_predicted,0.16666666666666666,5,5,GCGGGAGGCCTCACCTTTGT,0,3003393
ratA_yfjF_predicted,0.16666666666666666,5,5,GCGGGAACCGATATACCCCA,0,3017524
ratA_yfjF_predicted,0.16666666666666666,5,5,GCGGCACCCGTTGCAGTCTC,0,3009742
ratA_yfjF_predicted,0.16666666666666666,5,5,GCGAGCCACGGCCGCGGCAG,0,3006794
ratA_yfjF_predicted,0.16666666666666666,5,5,GCGACTCGTCCAGTGTCCCA,0,2996517
ratA_yfjF_predicted,0.16666666666666666,5,5,GCCGGACAGACTCGGGGTCT,0,3015920
ratA_yfjF_predicted,0.16666666666666666,5,5,GCCCCGAAAACGAAGACAGT,0,2997082
ratA_yfjF_predicted,0.16666666666666666,5,5,GCATTTTCCGCAAACAACAC,0,3013510
ratA_yfjF_predicted,0.16666666666666666,5,5,GCATTTTCCAACTCACACCC,0,3017171
ratA_yfjF_predicted,0.16666666666666666,5,5,GCATTATCTCAAGACCGTGG,0,3010829
ratA_yfjF_predicted,0.16666666666666666,5,5,GCATGTTTTAAGCTGCTCGC,0,2995708
ratA_yfjF_predicted,0.16666666666666666,5,5,GCAGTGCGGAAACGGGAGCC,0,2994594
ratA_yfjF_predicted,0.16666666666666666,5,5,GCAGTCACCTCTCACGGTCG,0,3008363
ratA_yfjF_predicted,0.16666666666666666,5,5,GCAGCTGGATCAAGTCGCTA,0,3012049
ratA_yfjF_predicted,0.16666666666666666,5,5,GCAATTCATCGCTGCGTGGT,0,2991924
ratA_yfjF_predicted,0.16666666666666666,5,5,GCAAGCCTAAGCACGATTCC,0,3003417
ratA_yfjF_predicted,0.16666666666666666,5,5,GCAAAGCAATGTGTAAATGT,0,3008022
ratA_yfjF_predicted,0.16666666666666666,5,5,GATTTCTCGAGGATATCCGG,0,3015731
ratA_yfjF_predicted,0.16666666666666666,5,5,GATTTACCCCAGTATTGACC,0,3009805
ratA_yfjF_predicted,0.16666666666666666,5,5,GATGGTCGAGACGCGCAAGG,0,2993078
ratA_yfjF_predicted,0.16666666666666666,5,5,GATGGATGTAATGTTAGTAG,0,3007506
ratA_yfjF_predicted,0.16666666666666666,5,5,GATGCGCTGCTGTCCAATTG,0,3021031
ratA_yfjF_predicted,0.16666666666666666,5,5,GATCGTCGTGTATGCACTCC,0,3015108
ratA_yfjF_predicted,0.16666666666666666,5,5,GATCGCTACTAAGTCTAGGG,0,3010272
ratA_yfjF_predicted,0.16666666666666666,5,5,GATCCATGAAATGCTATAGA,0,3006104
ratA_yfjF_predicted,0.16666666666666666,5,5,GATCACGAGCTGAGAAGGAG,0,3001416
ratA_yfjF_predicted,0.16666666666666666,5,5,GATCACAGCGAACCGACACT,0,3002142
ratA_yfjF_predicted,0.16666666666666666,5,5,GATCAACACGGCGTGACAGG,0,2997024
ratA_yfjF_predicted,0.16666666666666666,5,5,GATATCTTATGCAAAACTAA,0,3001474
ratA_yfjF_predicted,0.16666666666666666,5,5,GATAACACGAGGGAGGATAA,0,3009524
ratA_yfjF_predicted,0.16666666666666666,5,5,GAGTTCCTTAAGCAGCCACC,0,3019762
ratA_yfjF_predicted,0.16666666666666666,5,5,GAGGTTCAGGGGCCACTTGT,0,3000403
ratA_yfjF_predicted,0.16666666666666666,5,5,GAGGGTTAGCGGCACTGATA,0,3015596
ratA_yfjF_predicted,0.16666666666666666,5,5,GAGCAGCGCGTTAACCATTC,0,3017223
ratA_yfjF_predicted,0.16666666666666666,5,5,GAGCACGAAGATTAACGTCC,0,3009907
ratA_yfjF_predicted,0.16666666666666666,5,5,GAGATCATGTTCGGACTAGA,0,3008521
ratA_yfjF_predicted,0.16666666666666666,5,5,GAGATACTCATGTGAGGGAG,0,2992749
ratA_yfjF_predicted,0.16666666666666666,5,5,GAGACAAGGGTCGTCGATCC,0,3015923
ratA_yfjF_predicted,0.16666666666666666,5,5,GACTCCCTGGAATCGTGGAA,0,2996886
ratA_yfjF_predicted,0.16666666666666666,5,5,GACTCATATACTATTGGGCA,0,3020458
ratA_yfjF_predicted,0.16666666666666666,5,5,GACGTCTTTATAGTTCATCG,0,3021682
ratA_yfjF_predicted,0.16666666666666666,5,5,GACGTCCATAGTTTAGTCAT,0,3013838
ratA_yfjF_predicted,0.16666666666666666,5,5,GACGGGCACGATATGAATGC,0,3007401
ratA_yfjF_predicted,0.16666666666666666,5,5,GACGACCGCCCTTAGACGTA,0,3009051
ratA_yfjF_predicted,0.16666666666666666,5,5,GACCGATTCAGTTCATTCAA,0,2997203
ratA_yfjF_predicted,0.16666666666666666,5,5,GACCCTCGCAGGCAGTGGCC,0,3013719
ratA_yfjF_predicted,0.16666666666666666,5,5,GACCCGGGAGCTTGACCCGC,0,3010137
ratA_yfjF_predicted,0.16666666666666666,5,5,GACCATATCCCGTCTTCAGG,0,3010495
ratA_yfjF_predicted,0.16666666666666666,5,5,GACAAGTAGCCTCATCAGAT,0,3010243
ratA_yfjF_predicted,0.16666666666666666,5,5,GACAACTCCCCCGAATAATT,0,3013238
ratA_yfjF_predicted,0.16666666666666666,5,5,GAATTTTTCTTGAGAGCGTT,0,3012003
ratA_yfjF_predicted,0.16666666666666666,5,5,GAATTACACACAGCTTGGTC,0,3006872
ratA_yfjF_predicted,0.16666666666666666,5,5,GAATGATTATTATGGAATTT,0,3007988
ratA_yfjF_predicted,0.16666666666666666,5,5,GAATCCAAAACTCAGCATCT,0,3020595
ratA_yfjF_predicted,0.16666666666666666,5,5,GAATACTGGCCGGTTGTGCT,0,3018429
ratA_yfjF_predicted,0.16666666666666666,5,5,GAAGTTGTATGCGGCACAGA,0,3005008
ratA_yfjF_predicted,0.16666666666666666,5,5,GAAGATCGGCTGCCAGAAAT,0,3019556
ratA_yfjF_predicted,0.16666666666666666,5,5,GAAGATCACGCACTATCAAT,0,3006402
ratA_yfjF_predicted,0.16666666666666666,5,5,GAAATCGTCGTTAAATCAGA,0,2995645
ratA_yfjF_predicted,0.16666666666666666,5,5,GAAAGTGCGCTCGGTGCACC,0,3021719
ratA_yfjF_predicted,0.16666666666666666,5,5,CTTTTTCTCGTGCAAGGCAG,0,2995274
ratA_yfjF_predicted,0.16666666666666666,5,5,CTTTAGACAGTGGGTAGGTG,0,3015273
ratA_yfjF_predicted,0.16666666666666666,5,5,CTTGGATAATTCCGCTCAAA,0,3010092
ratA_yfjF_predicted,0.16666666666666666,5,5,CTTCGGAAGCCAGATCCGCG,0,3017679
ratA_yfjF_predicted,0.16666666666666666,5,5,CTTCCTATCTAATCACATGA,0,3012838
ratA_yfjF_predicted,0.16666666666666666,5,5,CTTCATGTAGCCCTTTAGAA,0,3005359
ratA_yfjF_predicted,0.16666666666666666,5,5,CTTATTTGACCGACAACGCA,0,2998946
ratA_yfjF_predicted,0.16666666666666666,5,5,CTTAGATTTCGAGGGATCTC,0,3018915
ratA_yfjF_predicted,0.16666666666666666,5,5,CTTAGAGAGGACAAATCGCG,0,3010135
ratA_yfjF_predicted,0.16666666666666666,5,5,CTTACCCATTTTGTCTGGAT,0,3005181
ratA_yfjF_predicted,0.16666666666666666,5,5,CTGTGCGCACATAGTACCAC,0,3016793
ratA_yfjF_predicted,0.16666666666666666,5,5,CTGTAGCGGTAAAGTGGAAA,0,3018324
ratA_yfjF_predicted,0.16666666666666666,5,5,CTGTAAACGGGTACTTCTAT,0,2997342
ratA_yfjF_predicted,0.16666666666666666,5,5,CTGGCACGTCCTATCAGTTA,0,3018015
ratA_yfjF_predicted,0.16666666666666666,5,5,CTGCGGATGCACTAGACATC,0,3017110
ratA_yfjF_predicted,0.16666666666666666,5,5,CTGCGATGGGATTCATCATA,0,3003447
ratA_yfjF_predicted,0.16666666666666666,5,5,CTGCCAACAAGAAATTGGTT,0,2994819
ratA_yfjF_predicted,0.16666666666666666,5,5,CTGCATTATATAATAAGGAA,0,2993917
ratA_yfjF_predicted,0.16666666666666666,5,5,CTCTCCAGATGTGTGTAAGC,0,3018619
ratA_yfjF_predicted,0.16666666666666666,5,5,CTCTAAGTCGATAAGTAAGG,0,2993876
ratA_yfjF_predicted,0.16666666666666666,5,5,CTCGTAGGGCTGGGCTGATT,0,2999993
ratA_yfjF_predicted,0.16666666666666666,5,5,CTCGAGTACATTACGCCCTG,0,3019370
ratA_yfjF_predicted,0.16666666666666666,5,5,CTCCCTTATCTCGTTAGCGG,0,3009244
ratA_yfjF_predicted,0.16666666666666666,5,5,CTCCATAACCTAATGCATAC,0,3009166
ratA_yfjF_predicted,0.16666666666666666,5,5,CTCATAGCCTACTGCGAGAA,0,3013718
ratA_yfjF_predicted,0.16666666666666666,5,5,CTCAGCCAGAGATGGGGATT,0,2991899
ratA_yfjF_predicted,0.16666666666666666,5,5,CTCACAATGATGCTCAGCCC,0,2992878
ratA_yfjF_predicted,0.16666666666666666,5,5,CTCAAACTCTCATCGGATCT,0,3002794
ratA_yfjF_predicted,0.16666666666666666,5,5,CTATTGAGGATGATCACGGA,0,3001937
ratA_yfjF_predicted,0.16666666666666666,5,5,CTATTAATAGAAGGGGACAA,0,3000592
ratA_yfjF_predicted,0.16666666666666666,5,5,CTACTAATCAACCGGCCGCA,0,3012138
ratA_yfjF_predicted,0.16666666666666666,5,5,CTAATGAATAAATCAAGAAA,0,3009098
ratA_yfjF_predicted,0.16666666666666666,5,5,CTAATATTATAACTATGTTG,0,3000205
ratA_yfjF_predicted,0.16666666666666666,5,5,CTAAGCCAGTCTTATGAAAC,0,3000924
ratA_yfjF_predicted,0.16666666666666666,5,5,CGTTTAAGGCCGACAATCTG,0,3002002
ratA_yfjF_predicted,0.16666666666666666,5,5,CGTTCGGAGATGAATCATGA,0,2998110
ratA_yfjF_predicted,0.16666666666666666,5,5,CGTTATCTTCGGTACTATAA,0,3001689
ratA_yfjF_predicted,0.16666666666666666,5,5,CGTGTTGGGTTCTGGCCTCT,0,3013682
ratA_yfjF_predicted,0.16666666666666666,5,5,CGTCTGGAGCTCTCCAATTC,0,3007048
ratA_yfjF_predicted,0.16666666666666666,5,5,CGTCGAGAGGGGGTCGCCGA,0,2992076
ratA_yfjF_predicted,0.16666666666666666,5,5,CGTCCTCGACTCGCGTCGAA,0,3006968
ratA_yfjF_predicted,0.16666666666666666,5,5,CGTCCCCATGATGTGCAGCT,0,3005298
ratA_yfjF_predicted,0.16666666666666666,5,5,CGTAACGCGCGTTCATGAGA,0,3007688
ratA_yfjF_predicted,0.16666666666666666,5,5,CGGTTGGAGTTCATCCTGAG,0,3010253
ratA_yfjF_predicted,0.16666666666666666,5,5,CGGTCGTGGGTTTAGTCCCC,0,3021743
ratA_yfjF_predicted,0.16666666666666666,5,5,CGGTATCATCGAGGGCTCGT,0,3018235
ratA_yfjF_predicted,0.16666666666666666,5,5,CGGGCAACGCACTTTTCGAA,0,3015383
ratA_yfjF_predicted,0.16666666666666666,5,5,CGGGAGGGGTTAATCTATTA,0,3016070
ratA_yfjF_predicted,0.16666666666666666,5,5,CGCTTCTGACCCCTGAAAAC,0,3021452
ratA_yfjF_predicted,0.16666666666666666,5,5,CGCTCCGCATCACTCTGCGT,0,3017371
ratA_yfjF_predicted,0.16666666666666666,5,5,CGCGAGCCACAAGCATTAGC,0,3003209
ratA_yfjF_predicted,0.16666666666666666,5,5,CGCCCGATGCTGGAGAGGTT,0,3013739
ratA_yfjF_predicted,0.16666666666666666,5,5,CGCCATATGTACGACGTGAA,0,2995799
ratA_yfjF_predicted,0.16666666666666666,5,5,CGCATCCCTCACCCGGCTGA,0,2994534
ratA_yfjF_predicted,0.16666666666666666,5,5,CGCAGGTACCTGCGTTATAC,0,3010403
ratA_yfjF_predicted,0.16666666666666666,5,5,CGCACCCGTTTACCCAATAT,0,3020065
ratA_yfjF_predicted,0.16666666666666666,5,5,CGCACCCCAGAAGTAGAGCT,0,3020599
ratA_yfjF_predicted,0.16666666666666666,5,5,CGATTTCATGAAGAGAATTC,0,3016568
ratA_yfjF_predicted,0.16666666666666666,5,5,CGATAAGGGTTATGATCACA,0,3019845
ratA_yfjF_predicted,0.16666666666666666,5,5,CGAGTGGCTTATAGCGAAGA,0,3012846
ratA_yfjF_predicted,0.16666666666666666,5,5,CGAGTAAGGTCGAAGCGGTT,0,2998339
ratA_yfjF_predicted,0.16666666666666666,5,5,CGAGGGTCTATGCGTTTCTT,0,3018183
ratA_yfjF_predicted,0.16666666666666666,5,5,CGAGGCATACGTTTAAAGAC,0,2997083
ratA_yfjF_predicted,0.16666666666666666,5,5,CGAGACATTGAAAAAACGTT,0,3000997
ratA_yfjF_predicted,0.16666666666666666,5,5,CGACAGTCATCCCGGACGGT,0,3011484
ratA_yfjF_predicted,0.16666666666666666,5,5,CGAAGTCCCGCTAACGCGGA,0,3014777
ratA_yfjF_predicted,0.16666666666666666,5,5,CGAAGGCGGCCCAGAACAGC,0,3005390
ratA_yfjF_predicted,0.16666666666666666,5,5,CGAAGCGTGACTTATAGTCT,0,3004013
ratA_yfjF_predicted,0.16666666666666666,5,5,CGAACCAATAAGAATATGTT,0,2999270
ratA_yfjF_predicted,0.16666666666666666,5,5,CGAAAATACACTTTCTGAGC,0,2999597
ratA_yfjF_predicted,0.16666666666666666,5,5,CCTGTGATCCATGTTCGGAT,0,3010773
ratA_yfjF_predicted,0.16666666666666666,5,5,CCTCCTTTTATATAGGTGCG,0,3012503
ratA_yfjF_predicted,0.16666666666666666,5,5,CCTAGACAGGCGAGGATCGA,0,2999028
ratA_yfjF_predicted,0.16666666666666666,5,5,CCTACCCACCTTGGAGAGTT,0,3020851
ratA_yfjF_predicted,0.16666666666666666,5,5,CCTAATTTTGGAAACGTGCT,0,2992177
ratA_yfjF_predicted,0.16666666666666666,5,5,CCGTATGCGCGGCAGAAAAA,0,3008317
ratA_yfjF_predicted,0.16666666666666666,5,5,CCGTAAAACTGTTACTGCCA,0,3016559
ratA_yfjF_predicted,0.16666666666666666,5,5,CCGGCTAAAGTGAAAGGTAT,0,3006598
ratA_yfjF_predicted,0.16666666666666666,5,5,CCGGCAGCTTGTAGCGTTGG,0,3005160
ratA_yfjF_predicted,0.16666666666666666,5,5,CCGGAGCTCGTACGCATCAA,0,3011315
ratA_yfjF_predicted,0.16666666666666666,5,5,CCGCTGGAAGCAAGTCCCCG,0,3011742
ratA_yfjF_predicted,0.16666666666666666,5,5,CCGCTGCGCAATCAGTGTGC,0,2997773
ratA_yfjF_predicted,0.16666666666666666,5,5,CCCTCTATGTGTGCAGTCCA,0,3004070
ratA_yfjF_predicted,0.16666666666666666,5,5,CCCTCCTTCGGCGATGCTGG,0,3004165
ratA_yfjF_predicted,0.16666666666666666,5,5,CCCGGGGACGCGAACCCAGG,0,3002301
ratA_yfjF_predicted,0.16666666666666666,5,5,CCCGCTTCGCATTCCAGGTT,0,3009878
ratA_yfjF_predicted,0.16666666666666666,5,5,CCAGGCAGCCGGCTGGACGT,0,2995091
ratA_yfjF_predicted,0.16666666666666666,5,5,CCAGCCGACATTTCTGAGGA,0,3009115
ratA_yfjF_predicted,0.16666666666666666,5,5,CCACTCGGAGGACAATTTCT,0,3008362
ratA_yfjF_predicted,0.16666666666666666,5,5,CCACGTAACTATCATCACGC,0,3007312
ratA_yfjF_predicted,0.16666666666666666,5,5,CCACGGACCGCTAGCAGCCG,0,3007799
ratA_yfjF_predicted,0.16666666666666666,5,5,CCAACAGGGTACGTAAAACG,0,3016985
ratA_yfjF_predicted,0.16666666666666666,5,5,CATTTAGAGTCTGGGCCGGA,0,3001078
ratA_yfjF_predicted,0.16666666666666666,5,5,CATTTACATAGTCTTCGGCC,0,3009000
ratA_yfjF_predicted,0.16666666666666666,5,5,CATTGAGCTATCTTTTTTGG,0,3009527
ratA_yfjF_predicted,0.16666666666666666,5,5,CATTATACTCCTGTTCAGTC,0,3011717
ratA_yfjF_predicted,0.16666666666666666,5,5,CATGTTTAGTGGATCGGGTC,0,3016004
ratA_yfjF_predicted,0.16666666666666666,5,5,CATGTGGGTGCAGATCACAC,0,2999142
ratA_yfjF_predicted,0.16666666666666666,5,5,CATGTGCGCCTTCGGTGGGG,0,3012513
ratA_yfjF_predicted,0.16666666666666666,5,5,CATGCAGGCGATGGGTAGGA,0,3005906
ratA_yfjF_predicted,0.16666666666666666,5,5,CATCTTTATCCTGGTGATGC,0,2996503
ratA_yfjF_predicted,0.16666666666666666,5,5,CATCGTTAGCAGCTAGGATA,0,3015613
ratA_yfjF_predicted,0.16666666666666666,5,5,CATCCGCATCTAAGCAGCCA,0,3012924
ratA_yfjF_predicted,0.16666666666666666,5,5,CATATTCAGTTGTAGGCGCA,0,3019781
ratA_yfjF_predicted,0.16666666666666666,5,5,CATATCGCCGGTTCCACACT,0,2997165
ratA_yfjF_predicted,0.16666666666666666,5,5,CATAGCGTTAAATTGCTAGT,0,2992113
ratA_yfjF_predicted,0.16666666666666666,5,5,CAGTTTTACTCATGTCTGAT,0,3009447
ratA_yfjF_predicted,0.16666666666666666,5,5,CAGTAGGTTTACATTTCCAG,0,3001767
ratA_yfjF_predicted,0.16666666666666666,5,5,CAGGTAATTTTCGAGCCGCT,0,3007955
ratA_yfjF_predicted,0.16666666666666666,5,5,CAGGACTGCCGCAGCGGGTG,0,3003699
ratA_yfjF_predicted,0.16666666666666666,5,5,CAGCTCCGGGAATTTTCCGA,0,3020519
ratA_yfjF_predicted,0.16666666666666666,5,5,CAGCGGACGAATATGAGCGG,0,3010334
ratA_yfjF_predicted,0.16666666666666666,5,5,CAGAGCGCACGCAAGCAGGC,0,2995793
ratA_yfjF_predicted,0.16666666666666666,5,5,CAGACTACCGTGACTTAAAA,0,3007583
ratA_yfjF_predicted,0.16666666666666666,5,5,CACTGACGTTACGTCGGCTG,0,3005452
ratA_yfjF_predicted,0.16666666666666666,5,5,CACGTCGGAGGGTCTGGGAA,0,2992010
ratA_yfjF_predicted,0.16666666666666666,5,5,CACGTAGCTGCTGACAGCGA,0,3000289
ratA_yfjF_predicted,0.16666666666666666,5,5,CACGGAAGTCAGGCTGGATT,0,3010076
ratA_yfjF_predicted,0.16666666666666666,5,5,CACCATCAGGAATGCGAGCT,0,3001477
ratA_yfjF_predicted,0.16666666666666666,5,5,CACATAGACAGCTTAAGCTG,0,3009005
ratA_yfjF_predicted,0.16666666666666666,5,5,CACACTAGACAGATGTAAGA,0,3002099
ratA_yfjF_predicted,0.16666666666666666,5,5,CACAAGAACGGCGAATAACT,0,3012754
ratA_yfjF_predicted,0.16666666666666666,5,5,CAATGCGTTTTACAATAATT,0,3002096
ratA_yfjF_predicted,0.16666666666666666,5,5,CAATCGGAATTGACTTCGGA,0,3011310
ratA_yfjF_predicted,0.16666666666666666,5,5,CAATCCAAGGCATTTGTCAC,0,3017608
ratA_yfjF_predicted,0.16666666666666666,5,5,CAATCCAAGGAGTTCAGACG,0,3011212
ratA_yfjF_predicted,0.16666666666666666,5,5,CAATAACAACTAGGCATTTT,0,3004006
ratA_yfjF_predicted,0.16666666666666666,5,5,CAAGCTGTCCGTGAGTTTTC,0,3002955
ratA_yfjF_predicted,0.16666666666666666,5,5,CAACGAAATGACTAAGGAAT,0,2996641
ratA_yfjF_predicted,0.16666666666666666,5,5,CAACAGGTTTGCGAACGCTA,0,3004332
ratA_yfjF_predicted,0.16666666666666666,5,5,CAAACTACTAACCCACTACG,0,3010480
ratA_yfjF_predicted,0.16666666666666666,5,5,CAAACCTGGAGCTATAATCG,0,2997211
ratA_yfjF_predicted,0.16666666666666666,5,5,ATTTCGCGTGGCAATAACAT,0,2999358
ratA_yfjF_predicted,0.16666666666666666,5,5,ATTTACCCTCCCCCCATGGT,0,3012694
ratA_yfjF_predicted,0.16666666666666666,5,5,ATTTAATCATGACAATGGCT,0,3010567
ratA_yfjF_predicted,0.16666666666666666,5,5,ATTGCTAGAAAAACCGAAAA,0,3005536
ratA_yfjF_predicted,0.16666666666666666,5,5,ATTCGTGACCCGACTGTAAC,0,2994096
ratA_yfjF_predicted,0.16666666666666666,5,5,ATTCGAGTATAACAGAGCTT,0,2996710
ratA_yfjF_predicted,0.16666666666666666,5,5,ATTCCCCCTCATAGTTTGCT,0,2999513
ratA_yfjF_predicted,0.16666666666666666,5,5,ATTCAAGTAGGCTAACTAGG,0,2994866
ratA_yfjF_predicted,0.16666666666666666,5,5,ATTATGAGCAGTCTTCCGTA,0,3003198
ratA_yfjF_predicted,0.16666666666666666,5,5,ATTATCGGTCGAAATCAAGG,0,3019979
ratA_yfjF_predicted,0.16666666666666666,5,5,ATTAGTCAATGATTCGGTTT,0,3009321
ratA_yfjF_predicted,0.16666666666666666,5,5,ATTACCAGACAGGAGGTCTT,0,2995371
ratA_yfjF_predicted,0.16666666666666666,5,5,ATGTAACGTCGCCTTATTGA,0,3016537
ratA_yfjF_predicted,0.16666666666666666,5,5,ATGGATGCTGGGAACGTCAT,0,3001844
ratA_yfjF_predicted,0.16666666666666666,5,5,ATGGAGCTAGACATTCTAAA,0,3001583
ratA_yfjF_predicted,0.16666666666666666,5,5,ATGGAAGCTGATGGATACCG,0,2996932
ratA_yfjF_predicted,0.16666666666666666,5,5,ATGCTCCGCACATCAGGACC,0,3017032
ratA_yfjF_predicted,0.16666666666666666,5,5,ATGAGTGTATCTAGTTCAGA,0,3011685
ratA_yfjF_predicted,0.16666666666666666,5,5,ATGAGCCGCAGAGCGGGCGG,0,3011308
ratA_yfjF_predicted,0.16666666666666666,5,5,ATGAGATGACTGCAGATGAG,0,3005522
ratA_yfjF_predicted,0.16666666666666666,5,5,ATGACGGTGCTAGTGCCACC,0,2998976
ratA_yfjF_predicted,0.16666666666666666,5,5,ATGACCTGAAATGAAAGTCA,0,2999296
ratA_yfjF_predicted,0.16666666666666666,5,5,ATCGTTATGTTCGGGACTGC,0,3000774
ratA_yfjF_predicted,0.16666666666666666,5,5,ATCGCCGGAAGGGAGTATTA,0,3009840
ratA_yfjF_predicted,0.16666666666666666,5,5,ATCCTTTTAGGTCGGAAGTC,0,3010504
ratA_yfjF_predicted,0.16666666666666666,5,5,ATCCGCACCGAGTATCTTGC,0,2998109
ratA_yfjF_predicted,0.16666666666666666,5,5,ATCCCGTTCTGAACATTAGG,0,3013659
ratA_yfjF_predicted,0.16666666666666666,5,5,ATCCAAGCTCATAGAAGCGC,0,3020767
ratA_yfjF_predicted,0.16666666666666666,5,5,ATCACTATCAAAAGTGCGGA,0,3007849
ratA_yfjF_predicted,0.16666666666666666,5,5,ATCACTAAAGGTAGGGGATC,0,3018798
ratA_yfjF_predicted,0.16666666666666666,5,5,ATCAAGCGCTTCTCCCCCCG,0,2996785
ratA_yfjF_predicted,0.16666666666666666,5,5,ATATGATCTTCGTCAGGGAG,0,3013697
ratA_yfjF_predicted,0.16666666666666666,5,5,ATATATTTACAATTGATGGT,0,3004089
ratA_yfjF_predicted,0.16666666666666666,5,5,ATATACTAGACTACAAACTC,0,2992742
ratA_yfjF_predicted,0.16666666666666666,5,5,ATAGTCATTGTGACGCGACG,0,3001864
ratA_yfjF_predicted,0.16666666666666666,5,5,ATAGTAAGGCAATACACTAG,0,3004953
ratA_yfjF_predicted,0.16666666666666666,5,5,ATAGCCGTCCTCATCCCGCT,0,3005209
ratA_yfjF_predicted,0.16666666666666666,5,5,ATACTCAGGGACCCTGTACA,0,3015851
ratA_yfjF_predicted,0.16666666666666666,5,5,ATAAAGTGCCGAGGGATCAT,0,3006696
ratA_yfjF_predicted,0.16666666666666666,5,5,AGTTTGGAATAGCTCTGACC,0,2995986
ratA_yfjF_predicted,0.16666666666666666,5,5,AGTTACCTCCTATTGTGACC,0,3019156
ratA_yfjF_predicted,0.16666666666666666,5,5,AGTGTAGATAAAGTGGCCGT,0,3000402
ratA_yfjF_predicted,0.16666666666666666,5,5,AGTGGCCGTGTAACAGCCAA,0,3017444
ratA_yfjF_predicted,0.16666666666666666,5,5,AGTGAGTTGTGTCGGATTCC,0,2992083
ratA_yfjF_predicted,0.16666666666666666,5,5,AGTCGTACAGCCACCTCGGT,0,2997673
ratA_yfjF_predicted,0.16666666666666666,5,5,AGTCGGGCAGTTAAGCAAAA,0,3015291
ratA_yfjF_predicted,0.16666666666666666,5,5,AGTCGATAGGGCCATTTGTG,0,3000922
ratA_yfjF_predicted,0.16666666666666666,5,5,AGTCCGGGTCATCGGTTGGA,0,3021528
ratA_yfjF_predicted,0.16666666666666666,5,5,AGTACGTGTAGGGCGGAACG,0,3014782
ratA_yfjF_predicted,0.16666666666666666,5,5,AGTACGGTGCAGGATCCTTA,0,2996857
ratA_yfjF_predicted,0.16666666666666666,5,5,AGGTTGACTCCCAGGATTCT,0,3012770
ratA_yfjF_predicted,0.16666666666666666,5,5,AGGCGCACTGGGTCCAAGAG,0,3014972
ratA_yfjF_predicted,0.16666666666666666,5,5,AGGATCCCGGGGATGGCAGT,0,3017265
ratA_yfjF_predicted,0.16666666666666666,5,5,AGGAGTGATGAGAAGTAATA,0,3011684
ratA_yfjF_predicted,0.16666666666666666,5,5,AGGAGTCTCAAGTCTCACGA,0,3009943
ratA_yfjF_predicted,0.16666666666666666,5,5,AGCTCAAATTAATTGTTGCA,0,2995339
ratA_yfjF_predicted,0.16666666666666666,5,5,AGCTACAAACGTAAGGTGCA,0,3019583
ratA_yfjF_predicted,0.16666666666666666,5,5,AGCGTCCAGCAACTACCCGG,0,3011448
ratA_yfjF_predicted,0.16666666666666666,5,5,AGCGCTCCTGGCTGGCGGCA,0,2994960
ratA_yfjF_predicted,0.16666666666666666,5,5,AGCGCAGCTAATGGAACATC,0,3010188
ratA_yfjF_predicted,0.16666666666666666,5,5,AGCCTCACCCCTCTAGTTGA,0,3013465
ratA_yfjF_predicted,0.16666666666666666,5,5,AGCCGCTTGTTAGCCCTCCC,0,3012777
ratA_yfjF_predicted,0.16666666666666666,5,5,AGCCCCACACGTTGCTTTGG,0,3011786
ratA_yfjF_predicted,0.16666666666666666,5,5,AGCACGGGGTCTAAGCACGT,0,3006752
ratA_yfjF_predicted,0.16666666666666666,5,5,AGATAGGTTAGAGGCGTAGC,0,3018780
ratA_yfjF_predicted,0.16666666666666666,5,5,AGAGCAAACGTTTACATCGT,0,3018284
ratA_yfjF_predicted,0.16666666666666666,5,5,AGACTCTTTTTTAGGGACGG,0,3012537
ratA_yfjF_predicted,0.16666666666666666,5,5,AGACGAATTTTCGTTGAGAA,0,3002186
ratA_yfjF_predicted,0.16666666666666666,5,5,AGACACTTAATGATTTAACT,0,3000568
ratA_yfjF_predicted,0.16666666666666666,5,5,AGACACCGGTTGGCTTTCTT,0,2995085
ratA_yfjF_predicted,0.16666666666666666,5,5,AGACACACGATAGCCGTTCA,0,3013143
ratA_yfjF_predicted,0.16666666666666666,5,5,AGAATAAACTGTCGGCTTAG,0,3013283
ratA_yfjF_predicted,0.16666666666666666,5,5,AGAAGTCTTCGGGCGCCTGT,0,3013939
ratA_yfjF_predicted,0.16666666666666666,5,5,AGAAGCTGGGGAAGTCTGAT,0,3003970
ratA_yfjF_predicted,0.16666666666666666,5,5,ACTTGCCGGTACCCAGTTAA,0,3004636
ratA_yfjF_predicted,0.16666666666666666,5,5,ACTGGCTACTTTCACTGGCT,0,2998697
ratA_yfjF_predicted,0.16666666666666666,5,5,ACTCCGGTATCACTCAACAT,0,3016080
ratA_yfjF_predicted,0.16666666666666666,5,5,ACTATCGGGTGAATTGACTC,0,3001287
ratA_yfjF_predicted,0.16666666666666666,5,5,ACTACCCCGAGCTCTACTTG,0,2993137
ratA_yfjF_predicted,0.16666666666666666,5,5,ACTAAGTACAAACTTACAAA,0,3018177
ratA_yfjF_predicted,0.16666666666666666,5,5,ACTAACGGGTCTCATTAGAA,0,3009814
ratA_yfjF_predicted,0.16666666666666666,5,5,ACGTTTATCGGAAGTCAGGT,0,3011217
ratA_yfjF_predicted,0.16666666666666666,5,5,ACGTGGACCTTGTACCGGCA,0,3017413
ratA_yfjF_predicted,0.16666666666666666,5,5,ACGGTTTAATAGCATTGTCG,0,2997937
ratA_yfjF_predicted,0.16666666666666666,5,5,ACGGTGGAATATGCCCGTGA,0,2993765
ratA_yfjF_predicted,0.16666666666666666,5,5,ACGGTGACATCCTCGCTAAT,0,3012380
ratA_yfjF_predicted,0.16666666666666666,5,5,ACGGTAAACAGAGACCGTCA,0,2995541
ratA_yfjF_predicted,0.16666666666666666,5,5,ACGGCCACAAAGCTTTACTA,0,2993854
ratA_yfjF_predicted,0.16666666666666666,5,5,ACGCTGGCGAAGCCGGAGAC,0,2993752
ratA_yfjF_predicted,0.16666666666666666,5,5,ACGCTGCGTATGTGGGTCAT,0,3016652
ratA_yfjF_predicted,0.16666666666666666,5,5,ACGATCTTACCGTGATTAGA,0,2999369
ratA_yfjF_predicted,0.16666666666666666,5,5,ACCTTAACCCAATGACCTAG,0,3004440
ratA_yfjF_predicted,0.16666666666666666,5,5,ACCTGTGGGAGTTAATCCTT,0,3009502
ratA_yfjF_predicted,0.16666666666666666,5,5,ACCTGAGCAATAAGATTTTT,0,3010290
ratA_yfjF_predicted,0.16666666666666666,5,5,ACCTCAGACCTGGGGTCTCA,0,3013802
ratA_yfjF_predicted,0.16666666666666666,5,5,ACCATCCCCGCTCCCCTCCA,0,3002190
ratA_yfjF_predicted,0.16666666666666666,5,5,ACCAGCTGATTGGATGGGTA,0,3004086
ratA_yfjF_predicted,0.16666666666666666,5,5,ACCAGAGAAAAAATTCTAGT,0,3011579
ratA_yfjF_predicted,0.16666666666666666,5,5,ACCACGACGCGCAATGAGTG,0,3014627
ratA_yfjF_predicted,0.16666666666666666,5,5,ACCACACATCGGACCCAGGA,0,3011161
ratA_yfjF_predicted,0.16666666666666666,5,5,ACATGATTTATCCGATGTCT,0,3001696
ratA_yfjF_predicted,0.16666666666666666,5,5,ACAGCCAGTATGTGGGATGT,0,2999890
ratA_yfjF_predicted,0.16666666666666666,5,5,ACACTGCACCTGGTAAGGCC,0,2997003
ratA_yfjF_predicted,0.16666666666666666,5,5,ACACCAAGGACGTGTCCGTC,0,3010293
ratA_yfjF_predicted,0.16666666666666666,5,5,AATTGGCCGACATAAAGGAC,0,3004549
ratA_yfjF_predicted,0.16666666666666666,5,5,AATTCATGAAAGCTTCACAG,0,3007459
ratA_yfjF_predicted,0.16666666666666666,5,5,AATATCGCACGGATCTTCCT,0,3010344
ratA_yfjF_predicted,0.16666666666666666,5,5,AATAGCACCTGGAACCGATT,0,2993524
ratA_yfjF_predicted,0.16666666666666666,5,5,AAGTTCAGCGTAAGCCCGGC,0,2995430
ratA_yfjF_predicted,0.16666666666666666,5,5,AAGTGATAGTAGACAAAGTA,0,3002052
ratA_yfjF_predicted,0.16666666666666666,5,5,AAGTCTTTGCTCTGATACGG,0,2999321
ratA_yfjF_predicted,0.16666666666666666,5,5,AAGGTAGTTGTCTCCATAGC,0,2993894
ratA_yfjF_predicted,0.16666666666666666,5,5,AAGGGTACAGTCGTGTTCGA,0,3012670
ratA_yfjF_predicted,0.16666666666666666,5,5,AAGGAACAGATCTGAGTAAA,0,3002701
ratA_yfjF_predicted,0.16666666666666666,5,5,AAGGAAATCGAGTTCGACAA,0,3011194
ratA_yfjF_predicted,0.16666666666666666,5,5,AAGATACTCCGGCTTCCGCT,0,2999763
ratA_yfjF_predicted,0.16666666666666666,5,5,AAGAGGCGGGAAGCATCCAA,0,3004939
ratA_yfjF_predicted,0.16666666666666666,5,5,AAGACCAAAAGGGCTTCCGA,0,3013001
ratA_yfjF_predicted,0.16666666666666666,5,5,AAGAACGGGCGAGATATTAG,0,3004456
ratA_yfjF_predicted,0.16666666666666666,5,5,AACTAGGATACTGGGTCGAT,0,3004568
ratA_yfjF_predicted,0.16666666666666666,5,5,AACGGCATGGGTGCGATTGC,0,3007201
ratA_yfjF_predicted,0.16666666666666666,5,5,AACGCCAGTGCCTAATAACT,0,2998985
ratA_yfjF_predicted,0.16666666666666666,5,5,AACATAAACGATAGCGGATA,0,3010370
ratA_yfjF_predicted,0.16666666666666666,5,5,AAATTTTATGTAACATCAGA,0,3010783
ratA_yfjF_predicted,0.16666666666666666,5,5,AAATGTTATTGCCCCAGAGT,0,3019961
ratA_yfjF_predicted,0.16666666666666666,5,5,AAATGCAAGGCCACCGTTTA,0,2996587
ratA_yfjF_predicted,0.16666666666666666,5,5,AAATATTATCAGGTCTAATT,0,2999939
ratA_yfjF_predicted,0.16666666666666666,5,5,AAATACTACTACCCGTCACT,0,3012885
ratA_yfjF_predicted,0.16666666666666666,5,5,AAAGTACTAACAGAAACTCA,0,2998030
ratA_yfjF_predicted,0.16666666666666666,5,5,AAAGGTCGTGGCAAGATGTT,0,3018325
ratA_yfjF_predicted,0.16666666666666666,5,5,AAAGAGATCCAGTACCCATC,0,2991804
ratA_yfjF_predicted,0.16666666666666666,5,5,AAACTCCAAAGGTCATAGAT,0,3018712
ratA_yfjF_predicted,0.16666666666666666,5,5,AAACCGAGGGGTTCTAATGT,0,2992200
ratA_yfjF_predicted,0.16666666666666666,5,5,AAAACCGTTTCATCGGCACG,0,3011272
ratA_yfjF_predicted,0.2,4,4,TTTTTCGACACTGTATGAAT,0,3002364
ratA_yfjF_predicted,0.2,4,4,TTTTCCTGTGTATACGCTTG,0,3014643
ratA_yfjF_predicted,0.2,4,4,TTTTAAGATGCTAGCTAGGC,0,3008579
ratA_yfjF_predicted,0.2,4,4,TTTGGCTGTGGGCCATATGC,0,3012048
ratA_yfjF_predicted,0.2,4,4,TTTGCCTGTGCTACAAATTT,0,2992722
ratA_yfjF_predicted,0.2,4,4,TTTCTGCCGTATGATTGAGT,0,3012982
ratA_yfjF_predicted,0.2,4,4,TTTCTAATACTGCGGAAATG,0,2999579
ratA_yfjF_predicted,0.2,4,4,TTTCGATTCACTATCATAGT,0,3001824
ratA_yfjF_predicted,0.2,4,4,TTTATTTGGGCGAGTATCAT,0,3016774
ratA_yfjF_predicted,0.2,4,4,TTTATCTTCAATTTGGTAGA,0,3016123
ratA_yfjF_predicted,0.2,4,4,TTTATATCCCATCAGTCTTA,0,3020276
ratA_yfjF_predicted,0.2,4,4,TTTAGGCTAGCGGGCTGCAA,0,3012111
ratA_yfjF_predicted,0.2,4,4,TTGTCTATGGGTAGGGCCGT,0,3019284
ratA_yfjF_predicted,0.2,4,4,TTGTAACTTTGGTGACAATT,0,2999401
ratA_yfjF_predicted,0.2,4,4,TTGGGTACATAGAGACATAA,0,3017951
ratA_yfjF_predicted,0.2,4,4,TTGGACCCAGCATACTGAAG,0,3010146
ratA_yfjF_predicted,0.2,4,4,TTGCTTCGGGGGTCTTCCTA,0,3018012
ratA_yfjF_predicted,0.2,4,4,TTGCTCAGGGCTAGTCATCA,0,3015848
ratA_yfjF_predicted,0.2,4,4,TTGCCACTTGTGCTAGGTTT,0,2992724
ratA_yfjF_predicted,0.2,4,4,TTGCAAATGTAGGTTTCGTA,0,3016767
ratA_yfjF_predicted,0.2,4,4,TTGATCTGCCTCCAAAATAT,0,3005944
ratA_yfjF_predicted,0.2,4,4,TTGAGCTAAATGGTAATTCT,0,2993274
ratA_yfjF_predicted,0.2,4,4,TTGACTAACCTATATCAGGA,0,3014234
ratA_yfjF_predicted,0.2,4,4,TTCTGACCCTCGGGTCAATT,0,3008434
ratA_yfjF_predicted,0.2,4,4,TTCGGAGCTGGGGAGTTCTT,0,3009069
ratA_yfjF_predicted,0.2,4,4,TTCCTTGGTCCTTTTCGTTC,0,3007772
ratA_yfjF_predicted,0.2,4,4,TTCCGTACGCCAGGGGCCGA,0,3020385
ratA_yfjF_predicted,0.2,4,4,TTCCGCGGCTAGCCTCATCA,0,3013426
ratA_yfjF_predicted,0.2,4,4,TTCAGCTAAACGTATTCACC,0,3002032
ratA_yfjF_predicted,0.2,4,4,TTCACCCGGTGCCGAGTTGT,0,3012143
ratA_yfjF_predicted,0.2,4,4,TTCAATATTCGCTTACGGTC,0,3003745
ratA_yfjF_predicted,0.2,4,4,TTATTGTGCCTTGCGATATG,0,2999418
ratA_yfjF_predicted,0.2,4,4,TTATATTTACGGGCGGTCCA,0,3006868
ratA_yfjF_predicted,0.2,4,4,TTAGGTTCCTCAGGCCTCTA,0,2995559
ratA_yfjF_predicted,0.2,4,4,TTAACTGCGACCTTTCAGGA,0,2997306
ratA_yfjF_predicted,0.2,4,4,TTAAATCTAGAGGTCACCTA,0,2999221
ratA_yfjF_predicted,0.2,4,4,TGTTGCAATTCATACTACCA,0,3005863
ratA_yfjF_predicted,0.2,4,4,TGTTGAAAGTACTTACCTTG,0,3014198
ratA_yfjF_predicted,0.2,4,4,TGTTCACACGAATAAGGTCT,0,2992158
ratA_yfjF_predicted,0.2,4,4,TGTGTTGACGTCTCCGACGA,0,2994683
ratA_yfjF_predicted,0.2,4,4,TGTGGTCAGGAGCGAGCAAT,0,3002495
ratA_yfjF_predicted,0.2,4,4,TGTGGAATGAAGTTGAATAT,0,2995689
ratA_yfjF_predicted,0.2,4,4,TGTCAGACTCTGCGATTTTA,0,3012727
ratA_yfjF_predicted,0.2,4,4,TGTCACGGAGTGCTCCGGAC,0,3012764
ratA_yfjF_predicted,0.2,4,4,TGTAGCAAGTTGCGCATCAG,0,3003736
ratA_yfjF_predicted,0.2,4,4,TGGTTTTCCACTTCGCCGAA,0,3000000
ratA_yfjF_predicted,0.2,4,4,TGGTTAGCTTGAAAAGGAAT,0,3015020
ratA_yfjF_predicted,0.2,4,4,TGGTGGGATCCGTCTCCCCA,0,3010065
ratA_yfjF_predicted,0.2,4,4,TGGTGCCACAATGTACTTCA,0,2997736
ratA_yfjF_predicted,0.2,4,4,TGGTGACCACTCTGAGATCC,0,2997178
ratA_yfjF_predicted,0.2,4,4,TGGTATACAAAACAATATAT,0,3012277
ratA_yfjF_predicted,0.2,4,4,TGGGTTCGACACGTGACAAA,0,3010374
ratA_yfjF_predicted,0.2,4,4,TGGGCGGGTAAGTCCCTCGG,0,3017582
ratA_yfjF_predicted,0.2,4,4,TGGGCGGGCTTATAGCGTCG,0,3012635
ratA_yfjF_predicted,0.2,4,4,TGGGCCACGCAGTCTACATA,0,3019661
ratA_yfjF_predicted,0.2,4,4,TGGGATGTCGATCACATGTG,0,3019323
ratA_yfjF_predicted,0.2,4,4,TGGGAACACTGCCTTACCCA,0,3003876
ratA_yfjF_predicted,0.2,4,4,TGGCTTGTAAATTATGAGTG,0,3015709
ratA_yfjF_predicted,0.2,4,4,TGGCTGTCACTGCATTAGCA,0,3013829
ratA_yfjF_predicted,0.2,4,4,TGGCAAAACTTTGATGCCTT,0,2993099
ratA_yfjF_predicted,0.2,4,4,TGGACTTATTTAAATTTGAG,0,3016680
ratA_yfjF_predicted,0.2,4,4,TGCTTTCGATAGTATGTGCC,0,2995289
ratA_yfjF_predicted,0.2,4,4,TGCTTGAAGGACACGCGGCG,0,2995589
ratA_yfjF_predicted,0.2,4,4,TGCTGCACCTGAACCGTGAG,0,3010254
ratA_yfjF_predicted,0.2,4,4,TGCTGAATCGGTGCCACTAC,0,3012028
ratA_yfjF_predicted,0.2,4,4,TGCGGTACACCTCAGTTTGG,0,3005184
ratA_yfjF_predicted,0.2,4,4,TGCGATGCTTGCGGCCGCGA,0,3013524
ratA_yfjF_predicted,0.2,4,4,TGCCTCTCGGACGGATAAGA,0,3004971
ratA_yfjF_predicted,0.2,4,4,TGCCCACTAGATGTGCTTAA,0,3004536
ratA_yfjF_predicted,0.2,4,4,TGCCAGTGTTGAAGGACCAA,0,3001639
ratA_yfjF_predicted,0.2,4,4,TGATGGCAGTCATCTTGGCG,0,3012439
ratA_yfjF_predicted,0.2,4,4,TGATAGCAAACATCGGCCTT,0,2997014
ratA_yfjF_predicted,0.2,4,4,TGAGGCTCGTGCCAAACGGC,0,3005499
ratA_yfjF_predicted,0.2,4,4,TGAGGCTAAGCCGGTTTCTG,0,3006026
ratA_yfjF_predicted,0.2,4,4,TGAGGAGCGAATTGCCCCGC,0,3014764
ratA_yfjF_predicted,0.2,4,4,TGACTCCGCGATCATAGAAG,0,3019642
ratA_yfjF_predicted,0.2,4,4,TGAATTGTGGCAGCGTGCTT,0,3017093
ratA_yfjF_predicted,0.2,4,4,TGAATTCCTAGACAGAGATA,0,3009226
ratA_yfjF_predicted,0.2,4,4,TGAACACAAAGGGCTTCGTA,0,2999601
ratA_yfjF_predicted,0.2,4,4,TCTTCCTTAAAGATATGGAA,0,3015726
ratA_yfjF_predicted,0.2,4,4,TCTGTACAATTGCCGGAACA,0,3020140
ratA_yfjF_predicted,0.2,4,4,TCTGGTGCTGGGGGTCATGG,0,2996456
ratA_yfjF_predicted,0.2,4,4,TCTGGAATCCTGAACAGTTA,0,3006680
ratA_yfjF_predicted,0.2,4,4,TCTCTGAAAAGACTACCGCG,0,3006291
ratA_yfjF_predicted,0.2,4,4,TCTCAGCATAAAGCGTTACT,0,3020156
ratA_yfjF_predicted,0.2,4,4,TCTCAACTATCGTTGCAAAG,0,3007236
ratA_yfjF_predicted,0.2,4,4,TCTATTGAACATGCGTAGCA,0,3015603
ratA_yfjF_predicted,0.2,4,4,TCTACTATCACCTGCGGACG,0,3013414
ratA_yfjF_predicted,0.2,4,4,TCGTTCTGCCAGTGCACGCC,0,3017589
ratA_yfjF_predicted,0.2,4,4,TCGTGTGATGTTCGCGTGTT,0,3000989
ratA_yfjF_predicted,0.2,4,4,TCGTCAAGTTCCTGCATATA,0,3014485
ratA_yfjF_predicted,0.2,4,4,TCGTAAGAGGGTACCCGTAG,0,2999778
ratA_yfjF_predicted,0.2,4,4,TCGGTCATGACCATACGCTG,0,3018148
ratA_yfjF_predicted,0.2,4,4,TCGGTAGACCGAGGATCACA,0,3008144
ratA_yfjF_predicted,0.2,4,4,TCGGCTTCTCATGAACTGAT,0,3019474
ratA_yfjF_predicted,0.2,4,4,TCGGATCATTGATTGGCGAT,0,3008847
ratA_yfjF_predicted,0.2,4,4,TCGGACGCAATGTGAGGCGA,0,3005356
ratA_yfjF_predicted,0.2,4,4,TCGCCGTACGCGTGGAAATA,0,2997470
ratA_yfjF_predicted,0.2,4,4,TCGCCCATGGAATCTCTGTC,0,2999951
ratA_yfjF_predicted,0.2,4,4,TCGATTATCCTTGTTCACTT,0,3020080
ratA_yfjF_predicted,0.2,4,4,TCGAACAGCCGTCCATGAAG,0,2998587
ratA_yfjF_predicted,0.2,4,4,TCCGGGGCAAGAAAAAAGTT,0,3020339
ratA_yfjF_predicted,0.2,4,4,TCCGCAGAATTCCCACGAAC,0,3021699
ratA_yfjF_predicted,0.2,4,4,TCCGCAAGGTCAATGATGGA,0,2995982
ratA_yfjF_predicted,0.2,4,4,TCCCCATAAAACATACGAAG,0,3012330
ratA_yfjF_predicted,0.2,4,4,TCCCAGCGTGGACCCCTCGT,0,2992541
ratA_yfjF_predicted,0.2,4,4,TCCCACAGATTACCCCGTCA,0,3021437
ratA_yfjF_predicted,0.2,4,4,TCCATTTTGGGGACGCTCAC,0,3006122
ratA_yfjF_predicted,0.2,4,4,TCCATAATTGGTTATAGGTC,0,3007366
ratA_yfjF_predicted,0.2,4,4,TCCACTGTCCGTCAGATCAG,0,2999843
ratA_yfjF_predicted,0.2,4,4,TCCACGTGTTGTTCCTGGCC,0,3000530
ratA_yfjF_predicted,0.2,4,4,TCCACCTTGATCTTAATGAC,0,2994911
ratA_yfjF_predicted,0.2,4,4,TCATTTGAGTCTTGACCACT,0,2995134
ratA_yfjF_predicted,0.2,4,4,TCATGGTCTGCGGGGACCGT,0,3013740
ratA_yfjF_predicted,0.2,4,4,TCATCGGATGCCGGGTAGAA,0,2999878
ratA_yfjF_predicted,0.2,4,4,TCAGTTTTTGTGGATCCAGA,0,3016302
ratA_yfjF_predicted,0.2,4,4,TCAGTAACTTGTACGGCGGA,0,3018425
ratA_yfjF_predicted,0.2,4,4,TCAGGAGACCCAAGGGACCA,0,3004010
ratA_yfjF_predicted,0.2,4,4,TCAGGAAGCACGGTATCGTC,0,3011327
ratA_yfjF_predicted,0.2,4,4,TCAGCTCGGTCCCAAGGAAC,0,3016790
ratA_yfjF_predicted,0.2,4,4,TCAGCAATCGCTTGTGTAGC,0,3013768
ratA_yfjF_predicted,0.2,4,4,TCACTTTTTTCGGATACGAC,0,3015326
ratA_yfjF_predicted,0.2,4,4,TCACGGGTGGGCGTCCGTTG,0,3001908
ratA_yfjF_predicted,0.2,4,4,TCAAGAATCAGTGCCCTCCT,0,3002175
ratA_yfjF_predicted,0.2,4,4,TCAACACTTTTATTGACTTA,0,2999864
ratA_yfjF_predicted,0.2,4,4,TATGTTATACGGATCCACTT,0,2992626
ratA_yfjF_predicted,0.2,4,4,TATGTATCATGCGTGTAATG,0,2994162
ratA_yfjF_predicted,0.2,4,4,TATGATTATTTTTTGTTTAA,0,3003734
ratA_yfjF_predicted,0.2,4,4,TATATCCTCGGATAAGAGAT,0,3017100
ratA_yfjF_predicted,0.2,4,4,TAGGTTTTACTCTCAGGAAA,0,3008839
ratA_yfjF_predicted,0.2,4,4,TAGGGGATGCGAGTCGCCGG,0,3005391
ratA_yfjF_predicted,0.2,4,4,TAGGCTACGAACTGCTCCTG,0,3013021
ratA_yfjF_predicted,0.2,4,4,TAGGCAACGTCTAGCGTCAG,0,2995995
ratA_yfjF_predicted,0.2,4,4,TAGCTCGGTGGTTTGCACAA,0,2996298
ratA_yfjF_predicted,0.2,4,4,TAGATTGGACCCCCTGCGTA,0,3014120
ratA_yfjF_predicted,0.2,4,4,TAGACTCTGAAGTCGGCGGA,0,3001717
ratA_yfjF_predicted,0.2,4,4,TAGACGTACTCACCGTCGCT,0,2999922
ratA_yfjF_predicted,0.2,4,4,TAGAAGCTTGGGCACATCAG,0,3019468
ratA_yfjF_predicted,0.2,4,4,TACTTGAGGGTTATTTTGGA,0,3016189
ratA_yfjF_predicted,0.2,4,4,TACTGAGGGGTGCTTAATTG,0,3020525
ratA_yfjF_predicted,0.2,4,4,TACGGGGACCGTGCGCGGGT,0,2993332
ratA_yfjF_predicted,0.2,4,4,TACCCTTAAAATTCGGTCGG,0,3008535
ratA_yfjF_predicted,0.2,4,4,TACCCTATGTGTAAGTAGCA,0,3018167
ratA_yfjF_predicted,0.2,4,4,TACCCCTAAATGAGCGTTCA,0,2995158
ratA_yfjF_predicted,0.2,4,4,TACCCAGCTAGCGGTTTTCT,0,3010095
ratA_yfjF_predicted,0.2,4,4,TACATCCGCCATGTCACTGA,0,3010588
ratA_yfjF_predicted,0.2,4,4,TAATTTCGGTAGGAAAAATC,0,2993877
ratA_yfjF_predicted,0.2,4,4,TAATGGGTTAACCTGTGCCT,0,3014706
ratA_yfjF_predicted,0.2,4,4,TAATCTTCGGGGAAGCATTG,0,3002973
ratA_yfjF_predicted,0.2,4,4,TAATCAGTGTTAAAGCCGGC,0,2998338
ratA_yfjF_predicted,0.2,4,4,TAAGGGACATGGGAGCCATG,0,3003713
ratA_yfjF_predicted,0.2,4,4,TAACTATCCGATTTTTGTGT,0,3006284
ratA_yfjF_predicted,0.2,4,4,TAAATGCCATTCGCTGTTTA,0,3001914
ratA_yfjF_predicted,0.2,4,4,GTTTTCGGAGTGCACAGGTA,0,3017165
ratA_yfjF_predicted,0.2,4,4,GTTTGCATAGGTTGTTCAGA,0,3012845
ratA_yfjF_predicted,0.2,4,4,GTTTCTCCTGCCCGCTGAGC,0,2998805
ratA_yfjF_predicted,0.2,4,4,GTTGTAGGGTGCGCGACGAC,0,3004428
ratA_yfjF_predicted,0.2,4,4,GTTGGAAATATCCTCGGGAC,0,3012260
ratA_yfjF_predicted,0.2,4,4,GTTGATGGATAAAATTATAG,0,2997226
ratA_yfjF_predicted,0.2,4,4,GTTGATAGGTCAATTTACCT,0,2993394
ratA_yfjF_predicted,0.2,4,4,GTTGAGGGGCTCGGTATCAC,0,2998895
ratA_yfjF_predicted,0.2,4,4,GTTGACCGACAGAATCTGAC,0,3015402
ratA_yfjF_predicted,0.2,4,4,GTTCTCGGTGTATTAACCTT,0,3002299
ratA_yfjF_predicted,0.2,4,4,GTTCCCGTAGCCTTCTTAAT,0,2993462
ratA_yfjF_predicted,0.2,4,4,GTTCCCGAGTCAAGCTACAT,0,3004206
ratA_yfjF_predicted,0.2,4,4,GTTCCAAACTCATTGCGCTC,0,3016695
ratA_yfjF_predicted,0.2,4,4,GTTAAGCATTAGTGTTGTTG,0,3012853
ratA_yfjF_predicted,0.2,4,4,GTTAACATCAGTAATTTGGG,0,3010289
ratA_yfjF_predicted,0.2,4,4,GTGTTTTACTTACGTTTGGG,0,3021383
ratA_yfjF_predicted,0.2,4,4,GTGTTGGCATTCATGGTTAC,0,3001615
ratA_yfjF_predicted,0.2,4,4,GTGTGCGACCGCAGCATAAT,0,3005214
ratA_yfjF_predicted,0.2,4,4,GTGTGCCGAGTGATCTGCCA,0,2992414
ratA_yfjF_predicted,0.2,4,4,GTGGTATAGGTTAGGAACGT,0,2992923
ratA_yfjF_predicted,0.2,4,4,GTGGCGAGAATTTGGGGATG,0,3014331
ratA_yfjF_predicted,0.2,4,4,GTGGCATTGAACCCACTGTC,0,3016409
ratA_yfjF_predicted,0.2,4,4,GTGCGTTGCCCGAGGGGGTC,0,3013521
ratA_yfjF_predicted,0.2,4,4,GTGACCGTCTCGGTATCACA,0,3019376
ratA_yfjF_predicted,0.2,4,4,GTCTCCCATAGTTTGAGAAA,0,2998362
ratA_yfjF_predicted,0.2,4,4,GTCGATAAAAAACACGTATG,0,2992915
ratA_yfjF_predicted,0.2,4,4,GTCCTAGACGAATAATGTGG,0,2994877
ratA_yfjF_predicted,0.2,4,4,GTCCGCAAAATATCTGCTAG,0,3020128
ratA_yfjF_predicted,0.2,4,4,GTCCGAAACGTTTCCTGGAC,0,2993223
ratA_yfjF_predicted,0.2,4,4,GTCATTACGGTGACCCAAAG,0,3002368
ratA_yfjF_predicted,0.2,4,4,GTCATGTCTTCCTGAGGGCA,0,3019442
ratA_yfjF_predicted,0.2,4,4,GTCAACAATGTCCAGCATGA,0,3002255
ratA_yfjF_predicted,0.2,4,4,GTATCCTTATCTTTCGGAAA,0,2993000
ratA_yfjF_predicted,0.2,4,4,GTAGGGGTATCAGCTCGATA,0,3018135
ratA_yfjF_predicted,0.2,4,4,GTAGGAGGAATAGTACGTTC,0,2998258
ratA_yfjF_predicted,0.2,4,4,GTAGCAGTTAAAGTCTTCGG,0,2997287
ratA_yfjF_predicted,0.2,4,4,GTAGAAGAACTTCATGGCGT,0,2997305
ratA_yfjF_predicted,0.2,4,4,GTACTCGTGCGCGGTAGTGT,0,3005231
ratA_yfjF_predicted,0.2,4,4,GTACCAATAGTTATAGATCC,0,3019646
ratA_yfjF_predicted,0.2,4,4,GTACAACACTCGTCGGTTTC,0,2994356
ratA_yfjF_predicted,0.2,4,4,GTAAGGGTATCAGCACGGCA,0,2997619
ratA_yfjF_predicted,0.2,4,4,GGTTGTTAAGGAATTCTGAG,0,2998360
ratA_yfjF_predicted,0.2,4,4,GGTTGTGGACCGGGGTAATA,0,3013784
ratA_yfjF_predicted,0.2,4,4,GGTTCTCGTTGATATATCTA,0,3013100
ratA_yfjF_predicted,0.2,4,4,GGTGTGTCCCAAGGGGTTGG,0,3020763
ratA_yfjF_predicted,0.2,4,4,GGTGGCCACCAGAATTGTGA,0,3005568
ratA_yfjF_predicted,0.2,4,4,GGTGCGGACTATCACGCTCT,0,2999253
ratA_yfjF_predicted,0.2,4,4,GGTGAATGAGACGAGGTATT,0,2997420
ratA_yfjF_predicted,0.2,4,4,GGTCGTCTCCATCATGGTAC,0,2996455
ratA_yfjF_predicted,0.2,4,4,GGTCGGTTCCTCGGCCTGGC,0,3002501
ratA_yfjF_predicted,0.2,4,4,GGTCACCACGAGGTAGTAAT,0,3016876
ratA_yfjF_predicted,0.2,4,4,GGTAATGTAATCCGGGAAGC,0,3017924
ratA_yfjF_predicted,0.2,4,4,GGGTGACAGTAAAGGTGAGC,0,3019896
ratA_yfjF_predicted,0.2,4,4,GGGTCTTGCCGTCAGTTATC,0,3004446
ratA_yfjF_predicted,0.2,4,4,GGGTCCCGCAGGAGATGCTC,0,3017310
ratA_yfjF_predicted,0.2,4,4,GGGTCATACGGGACGGAGAC,0,3001283
ratA_yfjF_predicted,0.2,4,4,GGGTACAATGTCATCTTCGT,0,2994790
ratA_yfjF_predicted,0.2,4,4,GGGGGCATCCGCATCCGCCG,0,3003311
ratA_yfjF_predicted,0.2,4,4,GGGGGATCTCGGTCCGCGAT,0,2992851
ratA_yfjF_predicted,0.2,4,4,GGGGATATGCTCCGAGTGTG,0,3011155
ratA_yfjF_predicted,0.2,4,4,GGGCTGCAGTTCAAGGAGCT,0,3001007
ratA_yfjF_predicted,0.2,4,4,GGGCTCGGGGCACTGTTTAG,0,3010624
ratA_yfjF_predicted,0.2,4,4,GGGCCTCGTTGCTCTTAGAG,0,2998970
ratA_yfjF_predicted,0.2,4,4,GGGCACATCAGACCAAATTA,0,3019463
ratA_yfjF_predicted,0.2,4,4,GGGACTTTTCCTCAGTTGAT,0,3019968
ratA_yfjF_predicted,0.2,4,4,GGGACTATGTTCGTTAATAG,0,3017477
ratA_yfjF_predicted,0.2,4,4,GGGACCTTGCGTGATATGAC,0,3017494
ratA_yfjF_predicted,0.2,4,4,GGGAATTCTGGGGTATATCG,0,3019082
ratA_yfjF_predicted,0.2,4,4,GGCTAGTGAAATAAAAGGTT,0,3005393
ratA_yfjF_predicted,0.2,4,4,GGCTACCTCCGGCCGAGTAC,0,3017002
ratA_yfjF_predicted,0.2,4,4,GGCGTTATAACCGTTTCTAA,0,3007479
ratA_yfjF_predicted,0.2,4,4,GGCGTCGCAGGGGGTTTATC,0,3007532
ratA_yfjF_predicted,0.2,4,4,GGCGGCCATCTTCATTTGGG,0,3009118
ratA_yfjF_predicted,0.2,4,4,GGCACGTCCGTTGGTTTCGC,0,3006486
ratA_yfjF_predicted,0.2,4,4,GGCACCGGTTGAGCAACCCC,0,3005454
ratA_yfjF_predicted,0.2,4,4,GGATGCGGAGGGTGAACTAA,0,2998302
ratA_yfjF_predicted,0.2,4,4,GGATCAAAAGATCCTTAACA,0,3017634
ratA_yfjF_predicted,0.2,4,4,GGAGTGTGACAGCCGGTCTA,0,3007169
ratA_yfjF_predicted,0.2,4,4,GGACGAATTCTGATGCTACA,0,2992513
ratA_yfjF_predicted,0.2,4,4,GGACAGAGTCGTTACGATTC,0,3011841
ratA_yfjF_predicted,0.2,4,4,GGAAGGACAGATTAGTTATT,0,3003406
ratA_yfjF_predicted,0.2,4,4,GCTTGAGCGCACTAACGTGT,0,3010664
ratA_yfjF_predicted,0.2,4,4,GCTTAGCGCCCGCTACCCGA,0,3016727
ratA_yfjF_predicted,0.2,4,4,GCTGACAGCTGGAACGGATG,0,3005192
ratA_yfjF_predicted,0.2,4,4,GCTCTCCATTTAGGTTCGTA,0,3008226
ratA_yfjF_predicted,0.2,4,4,GCTCGTACCCCTGTGTCTCG,0,3008101
ratA_yfjF_predicted,0.2,4,4,GCTCGGTGAAGATTGATACA,0,3014459
ratA_yfjF_predicted,0.2,4,4,GCTCGGGCATTGGCATTTCC,0,3012102
ratA_yfjF_predicted,0.2,4,4,GCTCGCTAATTTTTTACTGC,0,3011981
ratA_yfjF_predicted,0.2,4,4,GCTCGAGATAATCAGTCCAC,0,3016399
ratA_yfjF_predicted,0.2,4,4,GCTCAAGCCTTTAACGCCAA,0,3005650
ratA_yfjF_predicted,0.2,4,4,GCTAGTCCTCCTCATTAATT,0,3017916
ratA_yfjF_predicted,0.2,4,4,GCTACAAGTCTGCGGGATTG,0,3016583
ratA_yfjF_predicted,0.2,4,4,GCGTGGCGAGGTTAGCTCGT,0,3000595
ratA_yfjF_predicted,0.2,4,4,GCGGTGGGGTTTTCCGTAGG,0,3016029
ratA_yfjF_predicted,0.2,4,4,GCGGTCGTTACGTATCCGTG,0,3010123
ratA_yfjF_predicted,0.2,4,4,GCGCCAATAATAATGCTGGT,0,3015943
ratA_yfjF_predicted,0.2,4,4,GCCTGGTCCAGGCTGCTCAG,0,2999372
ratA_yfjF_predicted,0.2,4,4,GCCTCGCTTACTGAAGCAGA,0,2998536
ratA_yfjF_predicted,0.2,4,4,GCCTCACCCCGGGGTGAGTT,0,3009236
ratA_yfjF_predicted,0.2,4,4,GCCTAGATGGACGTGATAAC,0,3017529
ratA_yfjF_predicted,0.2,4,4,GCCGTGGTAATAAGATTTTC,0,2993007
ratA_yfjF_predicted,0.2,4,4,GCCGGTAGCTGGGTACAGAG,0,2993461
ratA_yfjF_predicted,0.2,4,4,GCCGCGAGCAATGGGATGCC,0,2999027
ratA_yfjF_predicted,0.2,4,4,GCCGCCGTCTGACTCCTCCC,0,2996920
ratA_yfjF_predicted,0.2,4,4,GCCCGGCGTTACTCTCTATC,0,2994241
ratA_yfjF_predicted,0.2,4,4,GCCCATCTCGTAAGTATAGT,0,2996363
ratA_yfjF_predicted,0.2,4,4,GCCCATATCTTATTTTAGTC,0,3017590
ratA_yfjF_predicted,0.2,4,4,GCCCAGGAGGCCAATCGGTT,0,3003662
ratA_yfjF_predicted,0.2,4,4,GCCCAAGGGTATTGGATCTT,0,2995949
ratA_yfjF_predicted,0.2,4,4,GCCAGAAGGCTCACAATTAA,0,3011468
ratA_yfjF_predicted,0.2,4,4,GCATTCACCCCTGCTATAAT,0,3007349
ratA_yfjF_predicted,0.2,4,4,GCATAGCTATGGTACTTCCA,0,2993157
ratA_yfjF_predicted,0.2,4,4,GCAGGTTATGAGTTGTTCCG,0,3016597
ratA_yfjF_predicted,0.2,4,4,GCACTGGTATATCTACTTCC,0,2999131
ratA_yfjF_predicted,0.2,4,4,GCACTATGCGTTCGGCTAAA,0,2998006
ratA_yfjF_predicted,0.2,4,4,GCACCCGCGATCTTCTGTTA,0,3004158
ratA_yfjF_predicted,0.2,4,4,GCAATTTTGCCACGCCGGTA,0,3008941
ratA_yfjF_predicted,0.2,4,4,GCAACCAAGATTTCGATTTT,0,3003302
ratA_yfjF_predicted,0.2,4,4,GCAACAGTCCCTTTGTTATT,0,3004727
ratA_yfjF_predicted,0.2,4,4,GATTTCCATAACGGGCCTGT,0,3014905
ratA_yfjF_predicted,0.2,4,4,GATGTGGTAGATATTTGCCC,0,3001075
ratA_yfjF_predicted,0.2,4,4,GATGAGCCTGACCTGGTAAC,0,3004329
ratA_yfjF_predicted,0.2,4,4,GATCTGCTATGATGTCTGTG,0,3016353
ratA_yfjF_predicted,0.2,4,4,GATCTCCACGTGTAAGTCTT,0,3008843
ratA_yfjF_predicted,0.2,4,4,GAGTAACCTGTAAACGGTAC,0,3011555
ratA_yfjF_predicted,0.2,4,4,GAGGAAGTGCAAGTCCGAGA,0,3021030
ratA_yfjF_predicted,0.2,4,4,GAGCTTACTGAGGGTTCGTA,0,3003077
ratA_yfjF_predicted,0.2,4,4,GAGAGTTAGGAATAGATCTT,0,2999643
ratA_yfjF_predicted,0.2,4,4,GAGAGGCATCTGACCCGTCC,0,3015376
ratA_yfjF_predicted,0.2,4,4,GAGAACCCGACAGTCCAGTC,0,2994233
ratA_yfjF_predicted,0.2,4,4,GACTGGGCTAAGAAAGTCTG,0,3001658
ratA_yfjF_predicted,0.2,4,4,GACTCATTCGGACTAGGTCA,0,3004354
ratA_yfjF_predicted,0.2,4,4,GACTACCACATGTAGTGGAT,0,2996982
ratA_yfjF_predicted,0.2,4,4,GACGTGGATCCAGACAAGGT,0,3001739
ratA_yfjF_predicted,0.2,4,4,GACGGTGGAAGGCAAGGTGC,0,3003971
ratA_yfjF_predicted,0.2,4,4,GACGGGCAACGACTATATAC,0,3017741
ratA_yfjF_predicted,0.2,4,4,GACGCCGAGAATGAATGGTG,0,2994835
ratA_yfjF_predicted,0.2,4,4,GACGCCAACGCCAAGGCTAG,0,3017312
ratA_yfjF_predicted,0.2,4,4,GACCTGAGTCTCATGACGGA,0,3021269
ratA_yfjF_predicted,0.2,4,4,GACAGCTAAGGCGCTAATCG,0,2994665
ratA_yfjF_predicted,0.2,4,4,GAATGTGGCGCTACGCCTAT,0,3005640
ratA_yfjF_predicted,0.2,4,4,GAATATTATAGTACCTAACT,0,3001709
ratA_yfjF_predicted,0.2,4,4,GAAGTCTTGTGTGGACAGCG,0,3003172
ratA_yfjF_predicted,0.2,4,4,GAACGATTGGGCCGCTTGAA,0,3017127
ratA_yfjF_predicted,0.2,4,4,GAACCTCATAATTGTGGGTC,0,3008689
ratA_yfjF_predicted,0.2,4,4,GAACAACTGACGGAATTCGA,0,2995819
ratA_yfjF_predicted,0.2,4,4,GAAAAACCGTGCCCTGCGAC,0,3018981
ratA_yfjF_predicted,0.2,4,4,CTTTAGTCTGGGCTCCTACA,0,3004048
ratA_yfjF_predicted,0.2,4,4,CTTTACCGCTCCCCATTATG,0,2995991
ratA_yfjF_predicted,0.2,4,4,CTTTAATAGTGGGGGGTGTA,0,3006750
ratA_yfjF_predicted,0.2,4,4,CTTGTCGGTGTGTACCGGAT,0,3016565
ratA_yfjF_predicted,0.2,4,4,CTTGGCCCTATCATTATCGT,0,2998382
ratA_yfjF_predicted,0.2,4,4,CTTATATAGAGCCGTTATAG,0,3011625
ratA_yfjF_predicted,0.2,4,4,CTTACGTGATGTTTAGATTT,0,3007829
ratA_yfjF_predicted,0.2,4,4,CTTACCGCTCCATTTACGAA,0,3015438
ratA_yfjF_predicted,0.2,4,4,CTTAAGTACCTGACTAACCG,0,3000283
ratA_yfjF_predicted,0.2,4,4,CTGTGGTCGGTCTAGGTTCT,0,3018533
ratA_yfjF_predicted,0.2,4,4,CTGTCACGAAGGGACATTGA,0,3009789
ratA_yfjF_predicted,0.2,4,4,CTGGGTCCCCAGCTAATCCT,0,3004776
ratA_yfjF_predicted,0.2,4,4,CTGGCAGCTGTTGAATAGGA,0,3008994
ratA_yfjF_predicted,0.2,4,4,CTGCTGAGGTGTGTGAAAGA,0,2992449
ratA_yfjF_predicted,0.2,4,4,CTGCTCAGACGGCATATGCA,0,3007596
ratA_yfjF_predicted,0.2,4,4,CTGACATTGGACGCCGCGCA,0,2995320
ratA_yfjF_predicted,0.2,4,4,CTGAATAAAAGGTTGCGGCA,0,2999121
ratA_yfjF_predicted,0.2,4,4,CTCTTCGAGAGTACTTTTTT,0,3004402
ratA_yfjF_predicted,0.2,4,4,CTCTTACTTTTACCTACGAT,0,3015595
ratA_yfjF_predicted,0.2,4,4,CTCTGGACCTAAGTGATCGC,0,3020772
ratA_yfjF_predicted,0.2,4,4,CTCTCTATAGCCCGCACAAA,0,3004686
ratA_yfjF_predicted,0.2,4,4,CTCGTCATCATGACGTTCGT,0,3018318
ratA_yfjF_predicted,0.2,4,4,CTCGACTAAGTTATCCCTCA,0,2996569
ratA_yfjF_predicted,0.2,4,4,CTCCTATACTCGAATACGTT,0,2996725
ratA_yfjF_predicted,0.2,4,4,CTCCGATTCGGGCAGCGGAG,0,3010262
ratA_yfjF_predicted,0.2,4,4,CTCCCAGGGGTGATCCCGGA,0,2998383
ratA_yfjF_predicted,0.2,4,4,CTCCAATTGTGCGTCACGAT,0,2995999
ratA_yfjF_predicted,0.2,4,4,CTCAGAGAACCTTTGTAGCG,0,2993285
ratA_yfjF_predicted,0.2,4,4,CTCAAGTTAAGTTAAAAGAG,0,2998261
ratA_yfjF_predicted,0.2,4,4,CTATTTGTACTTACCCGGCG,0,3017758
ratA_yfjF_predicted,0.2,4,4,CTATGTATGGACTCAACCGG,0,3002150
ratA_yfjF_predicted,0.2,4,4,CTATGGGAACTGACAAAGGT,0,3017148
ratA_yfjF_predicted,0.2,4,4,CTATCGCGTCGTCTTGATCA,0,2996701
ratA_yfjF_predicted,0.2,4,4,CTAGTCTCGTTCTTTCCGAA,0,3013968
ratA_yfjF_predicted,0.2,4,4,CTAGCAACCCGCGCATCAAA,0,2998699
ratA_yfjF_predicted,0.2,4,4,CTACTTGCCACGCCCCATCA,0,3018804
ratA_yfjF_predicted,0.2,4,4,CTACTGACTCGGATGGGCTT,0,3013925
ratA_yfjF_predicted,0.2,4,4,CTACTGAAGTCAATCTAGTT,0,3014295
ratA_yfjF_predicted,0.2,4,4,CTACAAATCCTCCCCTGTCC,0,3015501
ratA_yfjF_predicted,0.2,4,4,CTAAGCGTGATAGACTAGCT,0,2996372
ratA_yfjF_predicted,0.2,4,4,CTAAATCGTGGCCCGCGAAC,0,2998871
ratA_yfjF_predicted,0.2,4,4,CTAAACCGGGGCTCGGCCTT,0,3019623
ratA_yfjF_predicted,0.2,4,4,CGTTTGGTATGTTCAACTTG,0,3000494
ratA_yfjF_predicted,0.2,4,4,CGTGGACTCAGGTCGTAGGA,0,2991897
ratA_yfjF_predicted,0.2,4,4,CGTCTGCTCGCGGATCTAAG,0,3004092
ratA_yfjF_predicted,0.2,4,4,CGTCGATGTCTGCTTAACTT,0,3001999
ratA_yfjF_predicted,0.2,4,4,CGTATTTGATCGCCGAATCC,0,3005992
ratA_yfjF_predicted,0.2,4,4,CGTATGTATCGATCTGGTTT,0,2996772
ratA_yfjF_predicted,0.2,4,4,CGTAGGAGGCGTCTAATTAG,0,3000528
ratA_yfjF_predicted,0.2,4,4,CGTAAGTTCAAAATCATGCG,0,3021195
ratA_yfjF_predicted,0.2,4,4,CGGTTGCCGCTAGGCAAGCG,0,3011611
ratA_yfjF_predicted,0.2,4,4,CGGTGTAAGGTTCGGAGGTT,0,3013981
ratA_yfjF_predicted,0.2,4,4,CGGGTTTTCCATATCGATGA,0,2995099
ratA_yfjF_predicted,0.2,4,4,CGGGTTTCAGAGAGCGCCAG,0,3015208
ratA_yfjF_predicted,0.2,4,4,CGGGGTTTGGGTGCCGCGAG,0,2992252
ratA_yfjF_predicted,0.2,4,4,CGGGCTGAGTACTGGACCCT,0,3014048
ratA_yfjF_predicted,0.2,4,4,CGGGATTGCGGTGGGATCGA,0,2992910
ratA_yfjF_predicted,0.2,4,4,CGGGACCAGGCTGACAAGTA,0,2995619
ratA_yfjF_predicted,0.2,4,4,CGGCTGTCCGTAATTCATGA,0,3009961
ratA_yfjF_predicted,0.2,4,4,CGGCGCCAGGGCCAGGCTTT,0,3014183
ratA_yfjF_predicted,0.2,4,4,CGGCATTCGCCCCTTCTGGC,0,3010147
ratA_yfjF_predicted,0.2,4,4,CGGCAGAGGCAAGGAGCGCT,0,2998015
ratA_yfjF_predicted,0.2,4,4,CGGAGCTCGCGGGCAGTGCA,0,3019334
ratA_yfjF_predicted,0.2,4,4,CGGACGTGCAACAAGTGGCG,0,3019818
ratA_yfjF_predicted,0.2,4,4,CGGACGGCTGTCGCTTGCAT,0,3013348
ratA_yfjF_predicted,0.2,4,4,CGCGCTAAAGGGGCACAGGG,0,3008395
ratA_yfjF_predicted,0.2,4,4,CGCGCACGGTTTAACATAAG,0,3003642
ratA_yfjF_predicted,0.2,4,4,CGCCTGGTATACCGCAAACT,0,3020207
ratA_yfjF_predicted,0.2,4,4,CGCCTGGCCTAAACCCTATC,0,3017569
ratA_yfjF_predicted,0.2,4,4,CGCATGTAGTCCCGGTTCCC,0,2993676
ratA_yfjF_predicted,0.2,4,4,CGCATACGACCTTCTGTATG,0,2999461
ratA_yfjF_predicted,0.2,4,4,CGATCGTCTCGGGTAGTTTC,0,3010127
ratA_yfjF_predicted,0.2,4,4,CGAGACGTAACCGGTCCCCC,0,2993235
ratA_yfjF_predicted,0.2,4,4,CGACTCTCCGGAACTGACCC,0,3019371
ratA_yfjF_predicted,0.2,4,4,CGACTCCGCCACGGGTGAAT,0,2995565
ratA_yfjF_predicted,0.2,4,4,CGACGTGGTCTTGCAGCTGA,0,3001789
ratA_yfjF_predicted,0.2,4,4,CGACGGTGTCAGGCCAAGCT,0,3020813
ratA_yfjF_predicted,0.2,4,4,CGACCGGGTGTACTCCCGGC,0,3004695
ratA_yfjF_predicted,0.2,4,4,CGAATGGTCACTGCTCCGCC,0,3002203
ratA_yfjF_predicted,0.2,4,4,CGAAGTTGTGCATAATCGTG,0,3016511
ratA_yfjF_predicted,0.2,4,4,CCTTCTGCAGTGATGTGCGG,0,3017709
ratA_yfjF_predicted,0.2,4,4,CCTGCACCATACAGATGTAC,0,3009800
ratA_yfjF_predicted,0.2,4,4,CCTCTTTCTCCTCAGGCGAT,0,3011070
ratA_yfjF_predicted,0.2,4,4,CCTCCATGAGGCCATGTTGC,0,3000663
ratA_yfjF_predicted,0.2,4,4,CCGTTTCATCCCACTTCGTC,0,3013545
ratA_yfjF_predicted,0.2,4,4,CCGTTCCTCAAGGTCGTCGG,0,2996108
ratA_yfjF_predicted,0.2,4,4,CCGTACACTTAGTGTAGCTG,0,3007345
ratA_yfjF_predicted,0.2,4,4,CCGTAACCTCGGCAATCCTG,0,3000770
ratA_yfjF_predicted,0.2,4,4,CCGGTGATTTTCGGACCCCC,0,3008926
ratA_yfjF_predicted,0.2,4,4,CCGGGCATGTACAGACCCCG,0,3019846
ratA_yfjF_predicted,0.2,4,4,CCGCTTTTGGTAAAGGGGAT,0,2995952
ratA_yfjF_predicted,0.2,4,4,CCGCCGTTATAATAGTTGAC,0,3010923
ratA_yfjF_predicted,0.2,4,4,CCGCATCCCCGCGATCGCAT,0,3005197
ratA_yfjF_predicted,0.2,4,4,CCGACCGGCGTAAACGGTAG,0,3002602
ratA_yfjF_predicted,0.2,4,4,CCGAAGATTCGCTTCAAGAG,0,3002051
ratA_yfjF_predicted,0.2,4,4,CCCTTGCGAAATTTCCGAAA,0,3015240
ratA_yfjF_predicted,0.2,4,4,CCCTACCGTCCTACACGCAG,0,3008175
ratA_yfjF_predicted,0.2,4,4,CCCGCCATCTACTAAAAAGT,0,3013173
ratA_yfjF_predicted,0.2,4,4,CCCGATCGTACCCGCGTCTT,0,2998494
ratA_yfjF_predicted,0.2,4,4,CCCCAGCACAGTTCGGTCCA,0,2993563
ratA_yfjF_predicted,0.2,4,4,CCCCAAGGGGCTCTGGAGGA,0,3011731
ratA_yfjF_predicted,0.2,4,4,CCCACGAAACTCACGTTCGT,0,2991893
ratA_yfjF_predicted,0.2,4,4,CCCAATATCGACGATGTCAC,0,3014049
ratA_yfjF_predicted,0.2,4,4,CCCAAAAGTGCACTCAAGGA,0,3013924
ratA_yfjF_predicted,0.2,4,4,CCATTTAGGGGGTACACAGA,0,3010693
ratA_yfjF_predicted,0.2,4,4,CCATTATCGGCCGACGCAAG,0,3000678
ratA_yfjF_predicted,0.2,4,4,CCATGTTTTCGGCAGAGAAT,0,2998608
ratA_yfjF_predicted,0.2,4,4,CCATGGAGGACTGAAGTGAT,0,3012104
ratA_yfjF_predicted,0.2,4,4,CCATACATGGAAGGGATCCG,0,2997370
ratA_yfjF_predicted,0.2,4,4,CCAGTTACAGCCGTGCATGA,0,3002206
ratA_yfjF_predicted,0.2,4,4,CCAGTGTATCACTATCCAAG,0,3011325
ratA_yfjF_predicted,0.2,4,4,CCAGCGTGCCCATTATCGGG,0,3003960
ratA_yfjF_predicted,0.2,4,4,CCAGAGCGATCGTACTCATC,0,3004937
ratA_yfjF_predicted,0.2,4,4,CCACTGCAAGGTGCGTTTGA,0,3013624
ratA_yfjF_predicted,0.2,4,4,CCACTACCCCGGGATGGTTG,0,2999014
ratA_yfjF_predicted,0.2,4,4,CCACCGTCGAGCTATAGGCG,0,3014320
ratA_yfjF_predicted,0.2,4,4,CCACACATTTCGGGCGCAGG,0,3000088
ratA_yfjF_predicted,0.2,4,4,CCAAGGCTCCTCAGTATACA,0,2994999
ratA_yfjF_predicted,0.2,4,4,CCAACCATATACGTATACGT,0,3006269
ratA_yfjF_predicted,0.2,4,4,CATTTGTACTTGGGCGCATC,0,3004770
ratA_yfjF_predicted,0.2,4,4,CATTAGTATAGCAGGGCGCA,0,3021522
ratA_yfjF_predicted,0.2,4,4,CATTACTCTACATTCGTCTA,0,2994449
ratA_yfjF_predicted,0.2,4,4,CATCTAGTTCCGGCTCAGCG,0,2996444
ratA_yfjF_predicted,0.2,4,4,CATCGGTCGAAGGCCTTCCC,0,3003816
ratA_yfjF_predicted,0.2,4,4,CATCCATGGTAGGGCTCGGC,0,3009744
ratA_yfjF_predicted,0.2,4,4,CATCAGTCGGTAGGTAAGCT,0,3005278
ratA_yfjF_predicted,0.2,4,4,CATACGATTCGGATCTGTGT,0,3006793
ratA_yfjF_predicted,0.2,4,4,CAGTTTTCCCACAACGCGCA,0,3014569
ratA_yfjF_predicted,0.2,4,4,CAGTGAGTCCGCCGAAGCAG,0,2995790
ratA_yfjF_predicted,0.2,4,4,CAGGCTCTCAAGGGAAAGAT,0,3007338
ratA_yfjF_predicted,0.2,4,4,CAGCTTTATACGATATTGCT,0,3002251
ratA_yfjF_predicted,0.2,4,4,CAGCCTTGTTCTGCAGAAGG,0,2998325
ratA_yfjF_predicted,0.2,4,4,CAGCCTTGTACACGTAGAGA,0,3013887
ratA_yfjF_predicted,0.2,4,4,CAGCCTCGAATTGCGCGGTT,0,2998516
ratA_yfjF_predicted,0.2,4,4,CAGCCCGTTCTCTCGACAGC,0,3003645
ratA_yfjF_predicted,0.2,4,4,CAGCATAATATTCGTGCCTT,0,2992202
ratA_yfjF_predicted,0.2,4,4,CAGCAATCGTGCGTTCTAGA,0,3016200
ratA_yfjF_predicted,0.2,4,4,CAGATTGGCGCCCAGCTTGT,0,2998645
ratA_yfjF_predicted,0.2,4,4,CAGAGTTATTCGTACCTTTA,0,2996724
ratA_yfjF_predicted,0.2,4,4,CAGAGGTCGTCCTTATCACG,0,3007437
ratA_yfjF_predicted,0.2,4,4,CAGACTTCGGACAGCTACGT,0,3008868
ratA_yfjF_predicted,0.2,4,4,CAGACGGGGACAGCCTGACA,0,3002127
ratA_yfjF_predicted,0.2,4,4,CAGACCTGACTACTCGAGTA,0,2995538
ratA_yfjF_predicted,0.2,4,4,CAGAACTCTGTAAGCTTTAT,0,2995981
ratA_yfjF_predicted,0.2,4,4,CACTAACAGATTCGGGCTGG,0,3006025
ratA_yfjF_predicted,0.2,4,4,CACGTTCCGGATCGCTATGA,0,3009908
ratA_yfjF_predicted,0.2,4,4,CACGGTAGGTGGGAAACGTA,0,3006152
ratA_yfjF_predicted,0.2,4,4,CACGCGTAGAGGGAAGCTTG,0,3015964
ratA_yfjF_predicted,0.2,4,4,CACGATCCGAATTGCACCGT,0,3002178
ratA_yfjF_predicted,0.2,4,4,CACCTCTCCAGCAGCATCGA,0,3012530
ratA_yfjF_predicted,0.2,4,4,CACCTATATTGGTTCAAGTA,0,3014503
ratA_yfjF_predicted,0.2,4,4,CACCGGCCCGACGTCATGTA,0,3000918
ratA_yfjF_predicted,0.2,4,4,CACCCCTTACCGGGCTAGGC,0,2993161
ratA_yfjF_predicted,0.2,4,4,CACCCAATGCTCGCCTCACA,0,3014541
ratA_yfjF_predicted,0.2,4,4,CACAGGTATCATATGAGGCG,0,3003903
ratA_yfjF_predicted,0.2,4,4,CACACGGCTCACGACATTCC,0,2993393
ratA_yfjF_predicted,0.2,4,4,CACACGGAGAGAAGTACCTC,0,3000641
ratA_yfjF_predicted,0.2,4,4,CAATGGACCTCTCCAAGGTT,0,2998363
ratA_yfjF_predicted,0.2,4,4,CAAGTAAAGTCAAAGTACGC,0,3008626
ratA_yfjF_predicted,0.2,4,4,CAAGGAGCTTAATCTTCTTC,0,3015162
ratA_yfjF_predicted,0.2,4,4,CAACTCATTTCCTTGCCCGA,0,3002899
ratA_yfjF_predicted,0.2,4,4,CAACGTTTGCACACGACGGA,0,3004257
ratA_yfjF_predicted,0.2,4,4,CAACGGGATGGTGGTTTGAC,0,2998419
ratA_yfjF_predicted,0.2,4,4,CAACATGTGGCGCGATGGCT,0,3003131
ratA_yfjF_predicted,0.2,4,4,CAACATCCCTTACTCATCGG,0,3019687
ratA_yfjF_predicted,0.2,4,4,CAAAGGGGCGCTGTCTGAAT,0,2993614
ratA_yfjF_predicted,0.2,4,4,CAAAATCGTCGGCCACGGAT,0,3008448
ratA_yfjF_predicted,0.2,4,4,ATTTTTCGGGCTTCTCCGGA,0,3004951
ratA_yfjF_predicted,0.2,4,4,ATTGGTACCGGCAATGAAAA,0,2994821
ratA_yfjF_predicted,0.2,4,4,ATTGAATGCCAGGGATGAAA,0,2999790
ratA_yfjF_predicted,0.2,4,4,ATTCGAAGCGCCAGGTTAAA,0,3005859
ratA_yfjF_predicted,0.2,4,4,ATTCAGATGTGGGCACGCGT,0,3010896
ratA_yfjF_predicted,0.2,4,4,ATTCAAATTTCGCCTCGGGT,0,3013556
ratA_yfjF_predicted,0.2,4,4,ATGTTGATTTGCCCTACCGG,0,2994789
ratA_yfjF_predicted,0.2,4,4,ATGTACACGACATGCAGAGT,0,3009553
ratA_yfjF_predicted,0.2,4,4,ATGTAATCTTAGCAGGGAAA,0,3001905
ratA_yfjF_predicted,0.2,4,4,ATGGTGTGCGTGTGCGAGTT,0,3018831
ratA_yfjF_predicted,0.2,4,4,ATGGGGTCATCATGGCAGAC,0,3010408
ratA_yfjF_predicted,0.2,4,4,ATGGCGTACCCGAGATCAAG,0,3006607
ratA_yfjF_predicted,0.2,4,4,ATGGCGAACTGGGCGGTGTC,0,2996914
ratA_yfjF_predicted,0.2,4,4,ATGGCAGCAGTGTTTTCCCT,0,3019469
ratA_yfjF_predicted,0.2,4,4,ATGGAGCAAAATCATTATAT,0,3017508
ratA_yfjF_predicted,0.2,4,4,ATGGACGTTCTGACTACAGC,0,3006862
ratA_yfjF_predicted,0.2,4,4,ATGGAAGTAGTCAACATTGA,0,2993705
ratA_yfjF_predicted,0.2,4,4,ATGCGGCGCAACGTTTGTTC,0,3004156
ratA_yfjF_predicted,0.2,4,4,ATGACGGCAAAAACGAACCA,0,2996936
ratA_yfjF_predicted,0.2,4,4,ATCTTGGGCCTAGGCAGGCC,0,3013118
ratA_yfjF_predicted,0.2,4,4,ATCTTGGACTATTTTAAAAA,0,2999235
ratA_yfjF_predicted,0.2,4,4,ATCTTGAGTGGTTGCTCGTC,0,3011598
ratA_yfjF_predicted,0.2,4,4,ATCTTCAAGACGGTCCTCGT,0,3020044
ratA_yfjF_predicted,0.2,4,4,ATCGGTTAAGGTCGGATGAC,0,3002069
ratA_yfjF_predicted,0.2,4,4,ATCGGAGCCCTGACGGGGGG,0,2997706
ratA_yfjF_predicted,0.2,4,4,ATCGACTCCCTCGACTCCAT,0,3002918
ratA_yfjF_predicted,0.2,4,4,ATCCTATAAGTAGTGTTAAC,0,2996320
ratA_yfjF_predicted,0.2,4,4,ATCCGGGCTCAACTATGCGC,0,3007039
ratA_yfjF_predicted,0.2,4,4,ATCCCCGAGTGCAAGGTTAT,0,3003579
ratA_yfjF_predicted,0.2,4,4,ATCCACTGATGCTATAAGTA,0,3019844
ratA_yfjF_predicted,0.2,4,4,ATCATCTGGTGAGCCAGGCA,0,3013115
ratA_yfjF_predicted,0.2,4,4,ATCAGCAGCGCCGGACTGAT,0,3017429
ratA_yfjF_predicted,0.2,4,4,ATCAGACTCTAGTACGAACC,0,2997923
ratA_yfjF_predicted,0.2,4,4,ATCACGGGGTTTGGACAGTG,0,2994402
ratA_yfjF_predicted,0.2,4,4,ATATTGGTTGTTTGGGCGAC,0,3018935
ratA_yfjF_predicted,0.2,4,4,ATATAGGCGGATGATGATAA,0,2997922
ratA_yfjF_predicted,0.2,4,4,ATATAATCTCGTCCCTATTG,0,3017825
ratA_yfjF_predicted,0.2,4,4,ATAGGTTGGGCGGCCTCGGC,0,3007144
ratA_yfjF_predicted,0.2,4,4,ATAGGCTACCCCGCGCCAAA,0,3016267
ratA_yfjF_predicted,0.2,4,4,ATAGGACGGATACCTTCGAT,0,2991901
ratA_yfjF_predicted,0.2,4,4,ATAGATTTACGCTTCCATGC,0,3016604
ratA_yfjF_predicted,0.2,4,4,ATAGATTCTGCGCCCAAGTG,0,3008930
ratA_yfjF_predicted,0.2,4,4,ATACGCCATCCATGAAGCCG,0,2993085
ratA_yfjF_predicted,0.2,4,4,ATACGCAACGGGTATCACGT,0,2993251
ratA_yfjF_predicted,0.2,4,4,ATACAGTTTGGGCGCGAGCA,0,2992377
ratA_yfjF_predicted,0.2,4,4,ATAATCTATATTGACCGGTC,0,3011416
ratA_yfjF_predicted,0.2,4,4,ATAAAGTAAGTCTTGGTAAG,0,3007672
ratA_yfjF_predicted,0.2,4,4,ATAAACCTTACAGCGCTATC,0,3001703
ratA_yfjF_predicted,0.2,4,4,AGTTTAATCACTAACGTATT,0,3000571
ratA_yfjF_predicted,0.2,4,4,AGTTGATGGGTCACGTGATG,0,3013926
ratA_yfjF_predicted,0.2,4,4,AGTTGAACTAAATCCTTTGA,0,3018692
ratA_yfjF_predicted,0.2,4,4,AGTTCCTTCACTAGCGTTAA,0,2998431
ratA_yfjF_predicted,0.2,4,4,AGTTAAGCAGGGTGTCACTT,0,3002140
ratA_yfjF_predicted,0.2,4,4,AGTGTTCACTGTCAACTTGA,0,2992748
ratA_yfjF_predicted,0.2,4,4,AGTGCTTCAAGCCGCGGGAA,0,3010848
ratA_yfjF_predicted,0.2,4,4,AGTCTCCTCCGAATGACGGT,0,3011153
ratA_yfjF_predicted,0.2,4,4,AGTCGGTACTTGTGACCAGT,0,3004254
ratA_yfjF_predicted,0.2,4,4,AGTCCTACAACGTCACCACT,0,2995957
ratA_yfjF_predicted,0.2,4,4,AGTAGTCTCTTGGCCCCACT,0,2999324
ratA_yfjF_predicted,0.2,4,4,AGTAATTAGTGTCTGAGTAT,0,3017561
ratA_yfjF_predicted,0.2,4,4,AGGTTTGGGTGAGGGGAAAG,0,3012674
ratA_yfjF_predicted,0.2,4,4,AGGTGGTCAGTCTAAGGAGG,0,3014780
ratA_yfjF_predicted,0.2,4,4,AGGTCTGAATCGCATGTATC,0,2994518
ratA_yfjF_predicted,0.2,4,4,AGGGTCGCACATTTTCGGTG,0,3011114
ratA_yfjF_predicted,0.2,4,4,AGGGGACGGCGGGCTGGATC,0,3006866
ratA_yfjF_predicted,0.2,4,4,AGGGCTCAATACGAGTTTCA,0,3020569
ratA_yfjF_predicted,0.2,4,4,AGGCTCGTAGTTATCGAGGG,0,2995773
ratA_yfjF_predicted,0.2,4,4,AGGCCTGGGTACGCTCTAGA,0,3005340
ratA_yfjF_predicted,0.2,4,4,AGGATTCCAGATAAGGGCCG,0,3019160
ratA_yfjF_predicted,0.2,4,4,AGGAGCAATGGCCCAGCCGA,0,2999256
ratA_yfjF_predicted,0.2,4,4,AGGACGACCATCGTTTGGGT,0,2996327
ratA_yfjF_predicted,0.2,4,4,AGCTGCAGGTTTACGACAAC,0,2993682
ratA_yfjF_predicted,0.2,4,4,AGCTCGTATGGGTTCGCCCG,0,3001944
ratA_yfjF_predicted,0.2,4,4,AGCTCAAATAAGACGAGTAT,0,3004303
ratA_yfjF_predicted,0.2,4,4,AGCTAAACACCGGGAGCGCA,0,3016369
ratA_yfjF_predicted,0.2,4,4,AGCGTATTTTTCTACACGGT,0,3015663
ratA_yfjF_predicted,0.2,4,4,AGCGCACAAGGGAGCACGTA,0,3006227
ratA_yfjF_predicted,0.2,4,4,AGCGAATCTGGTGGCTCTTG,0,3009521
ratA_yfjF_predicted,0.2,4,4,AGCCGGAACAGATTACCTTC,0,3016895
ratA_yfjF_predicted,0.2,4,4,AGCCGCCCACTTCGGTTTCT,0,3002584
ratA_yfjF_predicted,0.2,4,4,AGCCCGGCGCGATGCTAGGT,0,2994586
ratA_yfjF_predicted,0.2,4,4,AGCCCACGTAGCGCCCTGGA,0,3015903
ratA_yfjF_predicted,0.2,4,4,AGCCATGGATCTTTCCAGAC,0,3003799
ratA_yfjF_predicted,0.2,4,4,AGCCAGGTAAAAGCAAACGC,0,2995079
ratA_yfjF_predicted,0.2,4,4,AGCAGGCCGTCGTCCAAAAT,0,3010769
ratA_yfjF_predicted,0.2,4,4,AGCAGCGTGATGTTCGTGGC,0,3020627
ratA_yfjF_predicted,0.2,4,4,AGATTGTCAGATGTAGCATA,0,2994456
ratA_yfjF_predicted,0.2,4,4,AGATCTGCTATCCGGAGCCT,0,3001721
ratA_yfjF_predicted,0.2,4,4,AGATCGTACGGTATAACATA,0,2997454
ratA_yfjF_predicted,0.2,4,4,AGATCCTACTGGTCCTCCAC,0,2994549
ratA_yfjF_predicted,0.2,4,4,AGATAGAGTGATACAGCGCA,0,3006742
ratA_yfjF_predicted,0.2,4,4,AGAGGGTTCTGCGTCCGGAG,0,2992912
ratA_yfjF_predicted,0.2,4,4,AGAGGGTCAGGGCGGAAAAA,0,3002047
ratA_yfjF_predicted,0.2,4,4,AGACTCACCTGGGAGCAGAT,0,3003639
ratA_yfjF_predicted,0.2,4,4,AGACCATGGTCAATACCGTA,0,3017941
ratA_yfjF_predicted,0.2,4,4,AGAATCACGGTATGTGGATC,0,2994855
ratA_yfjF_predicted,0.2,4,4,AGAACGGTAAACATGTTTTT,0,2994092
ratA_yfjF_predicted,0.2,4,4,AGAACATATGCATAGGCTCT,0,3000808
ratA_yfjF_predicted,0.2,4,4,AGAAATTCGAACTGATACGC,0,3011635
ratA_yfjF_predicted,0.2,4,4,ACTTTCCGTAAGGGGAAGGC,0,2995831
ratA_yfjF_predicted,0.2,4,4,ACTTCGAGGCGGACGAACGC,0,3003573
ratA_yfjF_predicted,0.2,4,4,ACTTCGAACAAATGGTTATA,0,3009657
ratA_yfjF_predicted,0.2,4,4,ACTTAGGCTTTATGGTCGAT,0,3010678
ratA_yfjF_predicted,0.2,4,4,ACTGGCACCTGAGGGGGTTG,0,3016600
ratA_yfjF_predicted,0.2,4,4,ACTGAAAGCTTTCGGGCAGT,0,3013305
ratA_yfjF_predicted,0.2,4,4,ACTCTAGACCATTTTGAAGA,0,3017684
ratA_yfjF_predicted,0.2,4,4,ACTCGTATCGCAACCTATAT,0,3003133
ratA_yfjF_predicted,0.2,4,4,ACTCCTATGATATTTGGAGA,0,3018078
ratA_yfjF_predicted,0.2,4,4,ACTATAACCGTTGGACGTTA,0,2997109
ratA_yfjF_predicted,0.2,4,4,ACTACTCGGCTAAACACATG,0,3007145
ratA_yfjF_predicted,0.2,4,4,ACGGTGGTAGAGATACCAAA,0,3006289
ratA_yfjF_predicted,0.2,4,4,ACGGTCGTCTCTCTGTCTGG,0,2992166
ratA_yfjF_predicted,0.2,4,4,ACGGGTCGGCGGTTCGGAAC,0,2992253
ratA_yfjF_predicted,0.2,4,4,ACGGGTCCTCAACGCTAACA,0,2998792
ratA_yfjF_predicted,0.2,4,4,ACGGCTTGGCCCTGTGTCTC,0,2993613
ratA_yfjF_predicted,0.2,4,4,ACGGATCATGCATTTCGAAG,0,3021755
ratA_yfjF_predicted,0.2,4,4,ACGGACCTACAGTACAAAAG,0,2999967
ratA_yfjF_predicted,0.2,4,4,ACGCGTCATCAGACACCGTT,0,3014708
ratA_yfjF_predicted,0.2,4,4,ACGATTCGACCTTTGTGTGT,0,3020859
ratA_yfjF_predicted,0.2,4,4,ACGATGTTAGAGGTGGGGAG,0,3020168
ratA_yfjF_predicted,0.2,4,4,ACGATATCAACTGCGCTCCT,0,3009195
ratA_yfjF_predicted,0.2,4,4,ACGAAATAGGAGTTGCCCTG,0,2995370
ratA_yfjF_predicted,0.2,4,4,ACCTTTAACCCCCGTAGGTT,0,2995997
ratA_yfjF_predicted,0.2,4,4,ACCTCACTCGCTCAATGGAC,0,3014128
ratA_yfjF_predicted,0.2,4,4,ACCGGACTCCCCCCTTTTGT,0,3011354
ratA_yfjF_predicted,0.2,4,4,ACCATAATTGAATAACAATG,0,3018385
ratA_yfjF_predicted,0.2,4,4,ACCAGGCCCGTGGGCACCTG,0,2993607
ratA_yfjF_predicted,0.2,4,4,ACCACAATACACATTCTTCG,0,3004875
ratA_yfjF_predicted,0.2,4,4,ACATACGACCTCGTTGGCTC,0,3009632
ratA_yfjF_predicted,0.2,4,4,ACAGTTGGAGCTCGAAGAGA,0,3016238
ratA_yfjF_predicted,0.2,4,4,ACAGTTAATTGATTGTTAGC,0,3017001
ratA_yfjF_predicted,0.2,4,4,ACAGCTCTTGCTGCGATCAG,0,3017660
ratA_yfjF_predicted,0.2,4,4,ACAGCACTTTAAGTCACGAT,0,3006144
ratA_yfjF_predicted,0.2,4,4,ACACTGTCCGAAACCTTCAA,0,3008107
ratA_yfjF_predicted,0.2,4,4,ACAATTACGTCCCCTACGCC,0,3000346
ratA_yfjF_predicted,0.2,4,4,ACAAGTAATCTGTCGCGTGT,0,2996377
ratA_yfjF_predicted,0.2,4,4,ACAAGGGACCCAATGGACCA,0,3021142
ratA_yfjF_predicted,0.2,4,4,ACAACATAAACAGGGCACAA,0,3003475
ratA_yfjF_predicted,0.2,4,4,ACAAAAAGTGAGTATGTAAT,0,3013964
ratA_yfjF_predicted,0.2,4,4,AATTTTGTGAATTAAATGAT,0,3021403
ratA_yfjF_predicted,0.2,4,4,AATTCGGTGGCTACCATAAT,0,3015060
ratA_yfjF_predicted,0.2,4,4,AATGCTTGACTATCCATAAG,0,3002769
ratA_yfjF_predicted,0.2,4,4,AATGACACAGTCACGGGTAA,0,3003925
ratA_yfjF_predicted,0.2,4,4,AATCTCGTAACCAAGCAGTT,0,2998106
ratA_yfjF_predicted,0.2,4,4,AATCGTCGCCTAGCTGTCCC,0,3003965
ratA_yfjF_predicted,0.2,4,4,AATCGGCCTTATAGGGCATC,0,3012887
ratA_yfjF_predicted,0.2,4,4,AATCAGTGAGCGCCACACTA,0,3020425
ratA_yfjF_predicted,0.2,4,4,AATATTAAGCTCAATCATTC,0,3011094
ratA_yfjF_predicted,0.2,4,4,AATACCTCGATGGATCTTGT,0,3004397
ratA_yfjF_predicted,0.2,4,4,AATAAGACTTACACAGGTAT,0,3015651
ratA_yfjF_predicted,0.2,4,4,AATAACCTCACGTTTCGATG,0,2994256
ratA_yfjF_predicted,0.2,4,4,AAGTTGGTTGGGGGAACCAG,0,3005905
ratA_yfjF_predicted,0.2,4,4,AAGTGTTGGCTGCAGTACCT,0,3001274
ratA_yfjF_predicted,0.2,4,4,AAGTGGGCTGGGAGGGTCTG,0,3006633
ratA_yfjF_predicted,0.2,4,4,AAGTAAATGGCGATTCATAT,0,3009920
ratA_yfjF_predicted,0.2,4,4,AAGGCTCTAGCACATCCGTG,0,2997872
ratA_yfjF_predicted,0.2,4,4,AAGCACTAGTGGCCGCTGCT,0,3014885
ratA_yfjF_predicted,0.2,4,4,AAGAGCCCAGGGGCACTTGC,0,3003154
ratA_yfjF_predicted,0.2,4,4,AACGAAAACGCCGTACGGTG,0,3015652
ratA_yfjF_predicted,0.2,4,4,AACCTTTCTATGTTCCCGAC,0,3002349
ratA_yfjF_predicted,0.2,4,4,AACCAGCCAGCTTTTCAGAT,0,3006865
ratA_yfjF_predicted,0.2,4,4,AACCACTATAACGTGCCTGC,0,3014946
ratA_yfjF_predicted,0.2,4,4,AACAGACTCGGGGACCTCAT,0,2992704
ratA_yfjF_predicted,0.2,4,4,AACACTTTTGTTCTATCATA,0,3004463
ratA_yfjF_predicted,0.2,4,4,AAATGTATAGTACGGATTAG,0,3014233
ratA_yfjF_predicted,0.2,4,4,AAATGCCCGATCGCCTAAAA,0,3005430
ratA_yfjF_predicted,0.2,4,4,AAAGTCACACGTAATTCCTG,0,3002453
ratA_yfjF_predicted,0.2,4,4,AAAGACCCAAACGCTGGCGT,0,3015372
ratA_yfjF_predicted,0.2,4,4,AAAGACAATGTAACCATCAG,0,2995127
ratA_yfjF_predicted,0.2,4,4,AAAATAGTACTAATTGGCTA,0,3007390
ratA_yfjF_predicted,0.2,4,4,AAAAGGTCGGTGAAGGCCTA,0,3012606
ratA_yfjF_predicted,0.25,3,3,TTTTTGAGCTCGCGGACCTC,0,3008928
ratA_yfjF_predicted,0.25,3,3,TTTTTAACGCCCCGACGCTG,0,2998141
ratA_yfjF_predicted,0.25,3,3,TTTTGTGAGGATTGTAAACG,0,3018200
ratA_yfjF_predicted,0.25,3,3,TTTTGCCGAAACTCTGAACT,0,3008669
ratA_yfjF_predicted,0.25,3,3,TTTGTGCGTCAACGGCACCA,0,3013967
ratA_yfjF_predicted,0.25,3,3,TTTGCGGCTTGCACGGGCAG,0,3001227
ratA_yfjF_predicted,0.25,3,3,TTTGCATGGTCTGCTATCCG,0,3007058
ratA_yfjF_predicted,0.25,3,3,TTTGAATTAGCCACAGCGAT,0,3002031
ratA_yfjF_predicted,0.25,3,3,TTTCGGGAATAGTTTAGTCC,0,3018173
ratA_yfjF_predicted,0.25,3,3,TTTAAGCATCGACCGAGATG,0,3000059
ratA_yfjF_predicted,0.25,3,3,TTGTTACGTCCGCGGGAAAG,0,2994424
ratA_yfjF_predicted,0.25,3,3,TTGTGCGTCAAACGGTTAAC,0,3020307
ratA_yfjF_predicted,0.25,3,3,TTGTGCCCCGGTGCGATTAA,0,3010681
ratA_yfjF_predicted,0.25,3,3,TTGTCTGGATGACCGAACGC,0,3013822
ratA_yfjF_predicted,0.25,3,3,TTGTCATTTGCCACTTCCGA,0,3004758
ratA_yfjF_predicted,0.25,3,3,TTGGTTTTGTGGTGAGTTCT,0,2998945
ratA_yfjF_predicted,0.25,3,3,TTGGTGCCAAGTCTATTGTT,0,3018299
ratA_yfjF_predicted,0.25,3,3,TTGGTCGAGCTGGTGAGCCT,0,3013625
ratA_yfjF_predicted,0.25,3,3,TTGGCGCTTATGTTAACCCT,0,3016151
ratA_yfjF_predicted,0.25,3,3,TTGCCGAAAAATGCTTCGGT,0,2998787
ratA_yfjF_predicted,0.25,3,3,TTGCAACTAATACTCAGTGC,0,2998727
ratA_yfjF_predicted,0.25,3,3,TTGATCATCACACGTAGAGG,0,2999320
ratA_yfjF_predicted,0.25,3,3,TTGAACTCATACTAACATTG,0,2998265
ratA_yfjF_predicted,0.25,3,3,TTCTGAGCAAGTGCTCAGCA,0,3002658
ratA_yfjF_predicted,0.25,3,3,TTCTCCTGAGCGTTCTCCCG,0,3000336
ratA_yfjF_predicted,0.25,3,3,TTCGTAGTTTACTGAGCGGA,0,2998072
ratA_yfjF_predicted,0.25,3,3,TTCGCCCTGACGCGACGAAC,0,3009350
ratA_yfjF_predicted,0.25,3,3,TTCCTGAAGCTGGACCGTAT,0,3002925
ratA_yfjF_predicted,0.25,3,3,TTCCTATCTCCAATATCAGC,0,3008356
ratA_yfjF_predicted,0.25,3,3,TTCCCTGGGGTCACGACAAC,0,3017730
ratA_yfjF_predicted,0.25,3,3,TTCCCCGAAACCACAATCAA,0,3018181
ratA_yfjF_predicted,0.25,3,3,TTCATCTGTGCGCGACAAGC,0,3017263
ratA_yfjF_predicted,0.25,3,3,TTCATATAAGTGCCCGCATA,0,3020481
ratA_yfjF_predicted,0.25,3,3,TTCAGTCCAAAGTTTGGAGT,0,2998147
ratA_yfjF_predicted,0.25,3,3,TTCACTACGTAACGTAGTGA,0,3017885
ratA_yfjF_predicted,0.25,3,3,TTCAATACACTGTAACGGCT,0,3011892
ratA_yfjF_predicted,0.25,3,3,TTCAAACATAAGCGCAACAT,0,3010365
ratA_yfjF_predicted,0.25,3,3,TTATTAAATGTCTTCCGTTC,0,3015535
ratA_yfjF_predicted,0.25,3,3,TTATCGAGTCGTCCTTGATT,0,2998224
ratA_yfjF_predicted,0.25,3,3,TTAGCTAAACTGATGGTGTT,0,3005414
ratA_yfjF_predicted,0.25,3,3,TTACTTGACTGGCTTTCCGA,0,3019926
ratA_yfjF_predicted,0.25,3,3,TTACTACTTGGTTTGTCCAT,0,3008195
ratA_yfjF_predicted,0.25,3,3,TTACGGAGTGCTAACAGGAA,0,2996373
ratA_yfjF_predicted,0.25,3,3,TTACCGTGTTTGTACTAAAA,0,3008842
ratA_yfjF_predicted,0.25,3,3,TTAATTGAGGCTTGAGTTTG,0,3002353
ratA_yfjF_predicted,0.25,3,3,TTAACTGAGGTTAGTTTAAT,0,2993753
ratA_yfjF_predicted,0.25,3,3,TGTTTAGGTTAGGAGACTCC,0,2997768
ratA_yfjF_predicted,0.25,3,3,TGTTGTCGGCGTTGTCCAGA,0,3019872
ratA_yfjF_predicted,0.25,3,3,TGTTCTGGGTGTGTGTAGAT,0,3015029
ratA_yfjF_predicted,0.25,3,3,TGTCTTCGCAGCCCATGAGG,0,3018898
ratA_yfjF_predicted,0.25,3,3,TGTCATTATTATCATCGGAA,0,2997947
ratA_yfjF_predicted,0.25,3,3,TGTCAATTGTGGCGCAAAAT,0,3009116
ratA_yfjF_predicted,0.25,3,3,TGTATGCTCGGACTTGTCGT,0,3021683
ratA_yfjF_predicted,0.25,3,3,TGTACGGTGCGCACCACATT,0,2994318
ratA_yfjF_predicted,0.25,3,3,TGTAAAGTACGACTGGAGGT,0,3014045
ratA_yfjF_predicted,0.25,3,3,TGTAAAATGTGCTGGATTTC,0,3010020
ratA_yfjF_predicted,0.25,3,3,TGGTTAGTAGGTGGGACTCC,0,2997642
ratA_yfjF_predicted,0.25,3,3,TGGTGGCCGCCTGACGGAGC,0,2994667
ratA_yfjF_predicted,0.25,3,3,TGGTATGCCCCAATCAGTGA,0,3005294
ratA_yfjF_predicted,0.25,3,3,TGGGGGTAAGCGGCCATAGA,0,3017428
ratA_yfjF_predicted,0.25,3,3,TGGGCTCATATGTCTCAAAG,0,3007766
ratA_yfjF_predicted,0.25,3,3,TGGGCGATTGTCATGGTCGT,0,2991836
ratA_yfjF_predicted,0.25,3,3,TGGGCACGTCTGTACAGGAT,0,2997514
ratA_yfjF_predicted,0.25,3,3,TGGCTCTAAGTCAGGGTGGG,0,2999664
ratA_yfjF_predicted,0.25,3,3,TGGCGTACAATACGAGGTTA,0,3021566
ratA_yfjF_predicted,0.25,3,3,TGGCGCAGCAAGCCAGTGTC,0,3012619
ratA_yfjF_predicted,0.25,3,3,TGGCATGCTTGTATACCTGG,0,3018286
ratA_yfjF_predicted,0.25,3,3,TGGCACAGCCGTTTAGTAGG,0,3006101
ratA_yfjF_predicted,0.25,3,3,TGGATCTGCAAGGCGTATCT,0,3007901
ratA_yfjF_predicted,0.25,3,3,TGGATATGGGCAAACAAGAA,0,2995762
ratA_yfjF_predicted,0.25,3,3,TGCTACTAAAATTCGGTACT,0,2993391
ratA_yfjF_predicted,0.25,3,3,TGCGTGGTGCAGGGACACCT,0,2995593
ratA_yfjF_predicted,0.25,3,3,TGCGCCTCACCAAGAGTAGT,0,3004429
ratA_yfjF_predicted,0.25,3,3,TGCCAAAATCGAAACTGGGG,0,2998203
ratA_yfjF_predicted,0.25,3,3,TGCAGTGCATCGGGCTGACA,0,3021071
ratA_yfjF_predicted,0.25,3,3,TGATCCTCCTCCACGTAGGT,0,3013761
ratA_yfjF_predicted,0.25,3,3,TGAGTTAGCTATAAAAACTG,0,3007253
ratA_yfjF_predicted,0.25,3,3,TGAGGTGAGTTCGAATTCAA,0,2995156
ratA_yfjF_predicted,0.25,3,3,TGAGGCAAGTTGAACCCGGT,0,2999727
ratA_yfjF_predicted,0.25,3,3,TGAGAAGATCGAAATTGGGC,0,3003103
ratA_yfjF_predicted,0.25,3,3,TGACTACAGCTGTTGACCCT,0,3010074
ratA_yfjF_predicted,0.25,3,3,TGACGGATATACCCCAATAC,0,2992119
ratA_yfjF_predicted,0.25,3,3,TGACCAGTTGCGGCTGTGTC,0,3014062
ratA_yfjF_predicted,0.25,3,3,TGAATTCGATGAGACTGCGT,0,3008924
ratA_yfjF_predicted,0.25,3,3,TGAACCGATTACAGGCAGTG,0,3016078
ratA_yfjF_predicted,0.25,3,3,TGAACATAAAAGGGGATTTG,0,3000841
ratA_yfjF_predicted,0.25,3,3,TCTGTTTCTTAACGTATAAG,0,3015159
ratA_yfjF_predicted,0.25,3,3,TCTGTTGAGTGACCGCCAAA,0,3017984
ratA_yfjF_predicted,0.25,3,3,TCTGTGTGTCACTCACCAGG,0,2996658
ratA_yfjF_predicted,0.25,3,3,TCTGCTGCACTCTGATTAGA,0,3012504
ratA_yfjF_predicted,0.25,3,3,TCTGCTATTATAACGCCTGA,0,2999400
ratA_yfjF_predicted,0.25,3,3,TCTGATTGATGCGAACCATT,0,3016477
ratA_yfjF_predicted,0.25,3,3,TCTCTTCCACGAATCGGGTG,0,3000432
ratA_yfjF_predicted,0.25,3,3,TCTCTCAGTGACTTTTGGGA,0,3014740
ratA_yfjF_predicted,0.25,3,3,TCTCGCAAGGCTGTTACTTC,0,3015453
ratA_yfjF_predicted,0.25,3,3,TCTCCAGGTGGTAATAAATG,0,3011065
ratA_yfjF_predicted,0.25,3,3,TCTCACTTGCTTAAGAAAGC,0,3010091
ratA_yfjF_predicted,0.25,3,3,TCTATCGTGTGAAAATGCAT,0,3011471
ratA_yfjF_predicted,0.25,3,3,TCTACTTGGTACACTGGGCT,0,2995263
ratA_yfjF_predicted,0.25,3,3,TCTAAAGCGTCATCCACGCC,0,2995204
ratA_yfjF_predicted,0.25,3,3,TCGTTGCGCTGGGGGCCATG,0,2995505
ratA_yfjF_predicted,0.25,3,3,TCGTCCGAAACCCTCGGGAA,0,2993856
ratA_yfjF_predicted,0.25,3,3,TCGTCCATGTGTTTCACAGA,0,3007208
ratA_yfjF_predicted,0.25,3,3,TCGGGCTCTTCGGGCTAGCT,0,2998882
ratA_yfjF_predicted,0.25,3,3,TCGGGCGTGGCGTAATTCTC,0,3015972
ratA_yfjF_predicted,0.25,3,3,TCGGCTGGGTTCTGGTGGGA,0,3000738
ratA_yfjF_predicted,0.25,3,3,TCGGATTGTACAAAAACCAC,0,3010538
ratA_yfjF_predicted,0.25,3,3,TCGCTTGCGATCTTTGTTCA,0,2997645
ratA_yfjF_predicted,0.25,3,3,TCGCGCAGCGAACACAACAC,0,3019749
ratA_yfjF_predicted,0.25,3,3,TCGCGAAAAGATACGTCCAA,0,3017289
ratA_yfjF_predicted,0.25,3,3,TCGCCCCCGTGTGTGCGAGA,0,3012763
ratA_yfjF_predicted,0.25,3,3,TCGAGGCAGTCCGCATCAGT,0,3019975
ratA_yfjF_predicted,0.25,3,3,TCGACTTCATATCTTAAGTC,0,2997107
ratA_yfjF_predicted,0.25,3,3,TCGACGATCACATCGACAAT,0,3008543
ratA_yfjF_predicted,0.25,3,3,TCGAATACCTGTACATTATT,0,2993899
ratA_yfjF_predicted,0.25,3,3,TCCTTCGCTTGGCCTTCTGC,0,3010259
ratA_yfjF_predicted,0.25,3,3,TCCTCCGCCGCAGTTGTTAC,0,2996740
ratA_yfjF_predicted,0.25,3,3,TCCTCAGGTGTCACGCTATA,0,2995818
ratA_yfjF_predicted,0.25,3,3,TCCTATGCATCAGCGGCTCC,0,2999511
ratA_yfjF_predicted,0.25,3,3,TCCTAGGAGCCACGCCCTGT,0,3020351
ratA_yfjF_predicted,0.25,3,3,TCCGTGCGGATGACTCTCAG,0,3016335
ratA_yfjF_predicted,0.25,3,3,TCCGTGAGCCAAGAGTCTGT,0,2995881
ratA_yfjF_predicted,0.25,3,3,TCCGGGGCGGCGCCCGGTTA,0,3014722
ratA_yfjF_predicted,0.25,3,3,TCCGCTTCGGAGCATTTTTC,0,3015849
ratA_yfjF_predicted,0.25,3,3,TCCGATGAACCAATCCTAGG,0,3012240
ratA_yfjF_predicted,0.25,3,3,TCCCTAAGTGTACCCATAGT,0,3019132
ratA_yfjF_predicted,0.25,3,3,TCCCAGTAAGTCGGCGGTTG,0,3009801
ratA_yfjF_predicted,0.25,3,3,TCCAGTGACTCGACCTGCAG,0,3010142
ratA_yfjF_predicted,0.25,3,3,TCCAATATCCCAATTATGAG,0,3015616
ratA_yfjF_predicted,0.25,3,3,TCCAACGTTCAGGATTGTGC,0,3012086
ratA_yfjF_predicted,0.25,3,3,TCAGGGGCGCTTCGCCTAGA,0,3019466
ratA_yfjF_predicted,0.25,3,3,TCAGGCTGATTAGCGGTATC,0,3010819
ratA_yfjF_predicted,0.25,3,3,TCACTTTGGGGAGCGGGCTA,0,2996235
ratA_yfjF_predicted,0.25,3,3,TCACGGTATTGTTGGTGTAT,0,3020241
ratA_yfjF_predicted,0.25,3,3,TCACGCGCCGGGACCGTTAT,0,3012164
ratA_yfjF_predicted,0.25,3,3,TCAATCTCTACGAACCTATG,0,3000169
ratA_yfjF_predicted,0.25,3,3,TCAACATTAAAGCGGCCCTA,0,3002102
ratA_yfjF_predicted,0.25,3,3,TCAAAAGTCAAGTTTGAGAC,0,2995687
ratA_yfjF_predicted,0.25,3,3,TATTAGCGTTTACTTTCAAT,0,3001118
ratA_yfjF_predicted,0.25,3,3,TATTACTCGATGGGGTGCTA,0,3010930
ratA_yfjF_predicted,0.25,3,3,TATGTAGGATAGGCTGTGAC,0,3011996
ratA_yfjF_predicted,0.25,3,3,TATGTACTAGGGTCCTTTAT,0,3013449
ratA_yfjF_predicted,0.25,3,3,TATGCGATGCTGATTACATT,0,2994266
ratA_yfjF_predicted,0.25,3,3,TATGACTATCCACCCTACGG,0,2994252
ratA_yfjF_predicted,0.25,3,3,TATCTCATTGTAAAACTACG,0,2994131
ratA_yfjF_predicted,0.25,3,3,TATCAGCTATGCAATATGGA,0,3004098
ratA_yfjF_predicted,0.25,3,3,TATCAACGAACTGAGTACCA,0,3020324
ratA_yfjF_predicted,0.25,3,3,TATAGCCGTTTCCCTCGCCG,0,3013832
ratA_yfjF_predicted,0.25,3,3,TATACCGTCGGAGCCAGTAA,0,3006823
ratA_yfjF_predicted,0.25,3,3,TATACCCACCTGAGGTGCTA,0,3009821
ratA_yfjF_predicted,0.25,3,3,TAGGATTTGAGCTAAACTAG,0,2992817
ratA_yfjF_predicted,0.25,3,3,TAGCTGGGGACTGTAATAGT,0,2999771
ratA_yfjF_predicted,0.25,3,3,TAGCATGGTGGCCTATTCTT,0,3001100
ratA_yfjF_predicted,0.25,3,3,TAGCAATCACTGCCATGTGT,0,3014436
ratA_yfjF_predicted,0.25,3,3,TAGATTCACGTACTGTCTGC,0,3002041
ratA_yfjF_predicted,0.25,3,3,TAGATCTCATCAAGGCGGGA,0,2996389
ratA_yfjF_predicted,0.25,3,3,TAGACTTAGTTATTTGCACG,0,2992478
ratA_yfjF_predicted,0.25,3,3,TAGACCTTCGAATGTTGTGC,0,2997774
ratA_yfjF_predicted,0.25,3,3,TACTGGGGTGGTTTCGCACA,0,3009114
ratA_yfjF_predicted,0.25,3,3,TACTCCCACGCAAGTTTGAT,0,3008297
ratA_yfjF_predicted,0.25,3,3,TACGTGAGCCATGATTACCG,0,3017921
ratA_yfjF_predicted,0.25,3,3,TACGACCAAACAGACAAAGT,0,2999438
ratA_yfjF_predicted,0.25,3,3,TACCTGGTCCTCTAACATAC,0,3020134
ratA_yfjF_predicted,0.25,3,3,TACATCGGGATTACCGGCAG,0,3007938
ratA_yfjF_predicted,0.25,3,3,TACAGTATCTGGCCTGATAG,0,3014026
ratA_yfjF_predicted,0.25,3,3,TACAGTATCTCGAAAGAGGC,0,3019259
ratA_yfjF_predicted,0.25,3,3,TACAGCATCTGGACAGGCAT,0,2993271
ratA_yfjF_predicted,0.25,3,3,TACAAGTAGTGAATGGGTGC,0,2997538
ratA_yfjF_predicted,0.25,3,3,TACAAATACGAGCAGTAAAA,0,3002345
ratA_yfjF_predicted,0.25,3,3,TAATGATTACGGACTCCGTA,0,3001382
ratA_yfjF_predicted,0.25,3,3,TAATCTGCGGCGACAACGGT,0,2992037
ratA_yfjF_predicted,0.25,3,3,TAATACGTGTCCCCCGGACT,0,3011137
ratA_yfjF_predicted,0.25,3,3,TAAGATTGGGTACGGCTATA,0,3020452
ratA_yfjF_predicted,0.25,3,3,TAAGAACGGGTTTCCCTTAG,0,3011572
ratA_yfjF_predicted,0.25,3,3,TAAGAACGCGAAAAGCCTCA,0,3002449
ratA_yfjF_predicted,0.25,3,3,TAACGGTTACAGGAGACATA,0,3018093
ratA_yfjF_predicted,0.25,3,3,TAACGAGTAACAGCGCGCAG,0,3001602
ratA_yfjF_predicted,0.25,3,3,TAAACTGTATTGCTAAAGCC,0,2996770
ratA_yfjF_predicted,0.25,3,3,TAAAAAAGCTGTACCACCAT,0,2998242
ratA_yfjF_predicted,0.25,3,3,GTTTTAATGATGGTTCTATT,0,3011208
ratA_yfjF_predicted,0.25,3,3,GTTGGTTCACATGACCGTTT,0,3011974
ratA_yfjF_predicted,0.25,3,3,GTTGCATCTGGGTGAAACTT,0,3001206
ratA_yfjF_predicted,0.25,3,3,GTTGATAATTCCTTTGTCCT,0,3019585
ratA_yfjF_predicted,0.25,3,3,GTTCGGCTCTTACGCTGCTA,0,2996292
ratA_yfjF_predicted,0.25,3,3,GTTCGCATAGCACACATTGT,0,3013135
ratA_yfjF_predicted,0.25,3,3,GTTCCTAACGATAGGGTCTA,0,3013896
ratA_yfjF_predicted,0.25,3,3,GTTCAGTAGAACAAATTGTC,0,2998432
ratA_yfjF_predicted,0.25,3,3,GTTAATAGTGCATACGAGTC,0,3018323
ratA_yfjF_predicted,0.25,3,3,GTGTGCAAAACTCCCTCTTA,0,3010936
ratA_yfjF_predicted,0.25,3,3,GTGTGACCGGTCCTTATTCG,0,3020870
ratA_yfjF_predicted,0.25,3,3,GTGTCGAAATGAAATAGGAG,0,3008271
ratA_yfjF_predicted,0.25,3,3,GTGTATTCGCTCGCCAGCTT,0,3019491
ratA_yfjF_predicted,0.25,3,3,GTGGTTTTTGCAGCGGGCCG,0,3007711
ratA_yfjF_predicted,0.25,3,3,GTGATCGATCGATGGTACGA,0,3005222
ratA_yfjF_predicted,0.25,3,3,GTGAGTTAACGGGGTCTTGT,0,2999874
ratA_yfjF_predicted,0.25,3,3,GTGAGACACCGTTCGCGACC,0,2998524
ratA_yfjF_predicted,0.25,3,3,GTGAATTTCGATCGACCGGC,0,3006371
ratA_yfjF_predicted,0.25,3,3,GTCTTTCCATTTACAAGGAC,0,3007644
ratA_yfjF_predicted,0.25,3,3,GTCTGAGATGGGGGTTCTTA,0,3008328
ratA_yfjF_predicted,0.25,3,3,GTCTGACTCGGTATAACGAT,0,3000439
ratA_yfjF_predicted,0.25,3,3,GTCGTACACGGAGAAAGACG,0,3004166
ratA_yfjF_predicted,0.25,3,3,GTCGCTGGGATAGGATGATT,0,2999037
ratA_yfjF_predicted,0.25,3,3,GTCGCCGGTCTGCGAGAAGT,0,3016296
ratA_yfjF_predicted,0.25,3,3,GTCCGATCCGAGCTCCTTAC,0,3019149
ratA_yfjF_predicted,0.25,3,3,GTCCATTGGTAAAGATTCGA,0,3013900
ratA_yfjF_predicted,0.25,3,3,GTCATTGGCAATATCATATG,0,3015371
ratA_yfjF_predicted,0.25,3,3,GTCATGAGCCTCTTTTGATT,0,3018711
ratA_yfjF_predicted,0.25,3,3,GTCATCATTGAACTCGTATC,0,2993174
ratA_yfjF_predicted,0.25,3,3,GTCAGCAGACGGTAATGTGG,0,3013648
ratA_yfjF_predicted,0.25,3,3,GTCAGACCGCAGATCGCCGA,0,3010246
ratA_yfjF_predicted,0.25,3,3,GTCACAAGGTCAACTCTATA,0,2997953
ratA_yfjF_predicted,0.25,3,3,GTCAAAAACGGTAAATTATA,0,2992862
ratA_yfjF_predicted,0.25,3,3,GTATGAGAAATTGGATACCA,0,3009592
ratA_yfjF_predicted,0.25,3,3,GTATCGACAGTGCGCCTCCC,0,3017386
ratA_yfjF_predicted,0.25,3,3,GTAGCTCGTTGTATTCACGG,0,3013902
ratA_yfjF_predicted,0.25,3,3,GTAGCACGTCTCTGTATCGT,0,3020094
ratA_yfjF_predicted,0.25,3,3,GTACGGATGGGTATACGTAA,0,2993484
ratA_yfjF_predicted,0.25,3,3,GTACATGAAGGCACCGACTA,0,3015705
ratA_yfjF_predicted,0.25,3,3,GTACAGGATCTCGTCCCGTC,0,3020007
ratA_yfjF_predicted,0.25,3,3,GTACAATTAACAGCCCTGGA,0,3014253
ratA_yfjF_predicted,0.25,3,3,GTAACGTCCATCCAGTAATG,0,3016576
ratA_yfjF_predicted,0.25,3,3,GTAACCTGGGAACTATCCCG,0,3017654
ratA_yfjF_predicted,0.25,3,3,GTAAACGAGACATTGGTCAA,0,3012904
ratA_yfjF_predicted,0.25,3,3,GTAAAATGTATATGCATCTC,0,3017619
ratA_yfjF_predicted,0.25,3,3,GGTTTGGGTTCACAAACCCT,0,2999671
ratA_yfjF_predicted,0.25,3,3,GGTTATTATATAAGGTCTAT,0,3007748
ratA_yfjF_predicted,0.25,3,3,GGTGTACTCATGCGGTAGCC,0,3019977
ratA_yfjF_predicted,0.25,3,3,GGTGGCCTAGAGCTGACACG,0,3001201
ratA_yfjF_predicted,0.25,3,3,GGTCTTATTAGTGCTGCGGA,0,2994362
ratA_yfjF_predicted,0.25,3,3,GGTCTGTAGTTGAATGTCCC,0,2993234
ratA_yfjF_predicted,0.25,3,3,GGTCTAGTACGGGGATAAAT,0,3003619
ratA_yfjF_predicted,0.25,3,3,GGTCTACCGGTGCGACACGA,0,2997780
ratA_yfjF_predicted,0.25,3,3,GGTATATCCGCGACGAAACA,0,3009640
ratA_yfjF_predicted,0.25,3,3,GGTAGAGGTGCATTTGAGGT,0,3009753
ratA_yfjF_predicted,0.25,3,3,GGTACCCGCGCTCACGGGTC,0,3003560
ratA_yfjF_predicted,0.25,3,3,GGTAAGCTGTCAGTCGCTGT,0,3004018
ratA_yfjF_predicted,0.25,3,3,GGTAAAGAGTCCGAGCGGGC,0,3013478
ratA_yfjF_predicted,0.25,3,3,GGTAAAATCGTTCAAGCCAT,0,2995003
ratA_yfjF_predicted,0.25,3,3,GGGTTTGCGTATCTCCCGTG,0,3003017
ratA_yfjF_predicted,0.25,3,3,GGGTTGGAGTAGCGGTTAGC,0,3002241
ratA_yfjF_predicted,0.25,3,3,GGGTTCACATACACGGCTGT,0,3000332
ratA_yfjF_predicted,0.25,3,3,GGGTGATGAGTATTGGGAGG,0,2997750
ratA_yfjF_predicted,0.25,3,3,GGGTGATCCATCAAAACTCA,0,3013250
ratA_yfjF_predicted,0.25,3,3,GGGTCGGGGTGTGCGTAATT,0,3019490
ratA_yfjF_predicted,0.25,3,3,GGGTATGGCGTTCACTCCTG,0,2995087
ratA_yfjF_predicted,0.25,3,3,GGGTACGAGAACCCCTTAAG,0,2994181
ratA_yfjF_predicted,0.25,3,3,GGGTAACAGGTCTACCCCCT,0,3006732
ratA_yfjF_predicted,0.25,3,3,GGGGTTGGTGTACAGGTCAC,0,3011336
ratA_yfjF_predicted,0.25,3,3,GGGGTTGCGTGGTTCTAAAT,0,3005385
ratA_yfjF_predicted,0.25,3,3,GGGGGAATGGGACTGGTTAT,0,3003946
ratA_yfjF_predicted,0.25,3,3,GGGGCAGAGACTGTGTTTGG,0,3012458
ratA_yfjF_predicted,0.25,3,3,GGGGAGCCAGGTCATTTCGT,0,3019164
ratA_yfjF_predicted,0.25,3,3,GGGGACCGGTCCCGAGTGAT,0,3010213
ratA_yfjF_predicted,0.25,3,3,GGGGAAAACTACAAAAGGGT,0,3002977
ratA_yfjF_predicted,0.25,3,3,GGGCGTCGCCCCCATACGAC,0,2994247
ratA_yfjF_predicted,0.25,3,3,GGGCGACGGCAAGAAATAGT,0,3012389
ratA_yfjF_predicted,0.25,3,3,GGGCCGTCGGGTATTACTGG,0,3006757
ratA_yfjF_predicted,0.25,3,3,GGGCAACAGGTTCGCGACAC,0,3018490
ratA_yfjF_predicted,0.25,3,3,GGGATTACCTTCTTCATTCG,0,2994386
ratA_yfjF_predicted,0.25,3,3,GGGAGGGCTTCAACGCGGAT,0,3010456
ratA_yfjF_predicted,0.25,3,3,GGGACGATTAACGACGTACA,0,2992273
ratA_yfjF_predicted,0.25,3,3,GGCTGCTGTGCGTTACTGGT,0,2993186
ratA_yfjF_predicted,0.25,3,3,GGCCTGCGAATGTGCTCAGA,0,3008216
ratA_yfjF_predicted,0.25,3,3,GGCCGAACGGGGCTTCCGGT,0,2993397
ratA_yfjF_predicted,0.25,3,3,GGCAGTTGGAGACCGCCATT,0,3014443
ratA_yfjF_predicted,0.25,3,3,GGCAGTTACCAGTCAAATGC,0,2994381
ratA_yfjF_predicted,0.25,3,3,GGCACAACTTACGTTGGTAA,0,3004801
ratA_yfjF_predicted,0.25,3,3,GGATGCTCTCCGTTGCTCTT,0,3017755
ratA_yfjF_predicted,0.25,3,3,GGATGCAACAGAGGCTTAGC,0,3004427
ratA_yfjF_predicted,0.25,3,3,GGATAACACTATGCACCAGT,0,3002986
ratA_yfjF_predicted,0.25,3,3,GGAGAAGATCGAGCATGCGC,0,3014417
ratA_yfjF_predicted,0.25,3,3,GGACTCTCGGCGGACCCCCA,0,3007873
ratA_yfjF_predicted,0.25,3,3,GGACATGTGAGCGCGTTGTC,0,3019023
ratA_yfjF_predicted,0.25,3,3,GGACACAAGTGCAAAAACGT,0,2998544
ratA_yfjF_predicted,0.25,3,3,GGACAAGTACGATACAAGTG,0,3010028
ratA_yfjF_predicted,0.25,3,3,GGAAATTTCGGGATTCGCAA,0,3018639
ratA_yfjF_predicted,0.25,3,3,GGAAATTAGTTTGAGTCGGT,0,3010526
ratA_yfjF_predicted,0.25,3,3,GGAAAGATTCGTCTCATGCG,0,3007621
ratA_yfjF_predicted,0.25,3,3,GCTTCTCAGGCAACCGCATT,0,2996494
ratA_yfjF_predicted,0.25,3,3,GCTTCGCTAAGCATCGCTAA,0,3018201
ratA_yfjF_predicted,0.25,3,3,GCTTAGGCCATCGAATGAAC,0,3001312
ratA_yfjF_predicted,0.25,3,3,GCTGTTCGATGAAGCCGGCT,0,3004406
ratA_yfjF_predicted,0.25,3,3,GCTGGCCCTACAATAGTTTA,0,2995321
ratA_yfjF_predicted,0.25,3,3,GCTCGTGGAAGCGCGCCAAA,0,3002596
ratA_yfjF_predicted,0.25,3,3,GCTATTTAGTTTTTGGGAAA,0,2998154
ratA_yfjF_predicted,0.25,3,3,GCTATACGGTAGCTATTAGA,0,3020092
ratA_yfjF_predicted,0.25,3,3,GCGTTAACTCAGGCTGACTG,0,2996499
ratA_yfjF_predicted,0.25,3,3,GCGTCGATAACGACCGCGCA,0,3011407
ratA_yfjF_predicted,0.25,3,3,GCGTATGTTGGCCCGATTAA,0,2999679
ratA_yfjF_predicted,0.25,3,3,GCGGTCGTTTCGCGAACACT,0,2999154
ratA_yfjF_predicted,0.25,3,3,GCGGTCAAATATAATATCCT,0,2997230
ratA_yfjF_predicted,0.25,3,3,GCGGATCGGGTGCCGTGGCC,0,2995873
ratA_yfjF_predicted,0.25,3,3,GCGGAAATAAACCTCACCTG,0,3001851
ratA_yfjF_predicted,0.25,3,3,GCGCTGGAGCGCTATTTATT,0,3019075
ratA_yfjF_predicted,0.25,3,3,GCGCCGGAGTGTTAAACTTT,0,3003917
ratA_yfjF_predicted,0.25,3,3,GCGACAGAAAACAGTTAAGA,0,3012323
ratA_yfjF_predicted,0.25,3,3,GCCTTGGCGCGAGCATGGGC,0,3010688
ratA_yfjF_predicted,0.25,3,3,GCCTCTTCCGGTCTTGCCTT,0,3002027
ratA_yfjF_predicted,0.25,3,3,GCCTCCAGCCAGCGCCGGTC,0,2993368
ratA_yfjF_predicted,0.25,3,3,GCCTACTACTAAAGCTGGCC,0,3001176
ratA_yfjF_predicted,0.25,3,3,GCCGTTTCCTTGGAGATGTA,0,3011148
ratA_yfjF_predicted,0.25,3,3,GCCCGGAGATGGCACTGAAA,0,3019216
ratA_yfjF_predicted,0.25,3,3,GCCCGCGGGAATCTGTGCGG,0,3012303
ratA_yfjF_predicted,0.25,3,3,GCCCGAGTCAGCGGCACATA,0,2993515
ratA_yfjF_predicted,0.25,3,3,GCCCCAGAATCATCTACGCT,0,3008393
ratA_yfjF_predicted,0.25,3,3,GCCATGTCGTAACATACCCT,0,3007092
ratA_yfjF_predicted,0.25,3,3,GCCAAGGGCAAGGGGGCCTG,0,2995746
ratA_yfjF_predicted,0.25,3,3,GCATCGGAACTTAAGCTGCT,0,3007520
ratA_yfjF_predicted,0.25,3,3,GCAGGACAGGGTTATGACCA,0,2997285
ratA_yfjF_predicted,0.25,3,3,GCAGGAACTAGATCTTTCGG,0,3018405
ratA_yfjF_predicted,0.25,3,3,GCACTGGACCTTGCGCCTGC,0,3007867
ratA_yfjF_predicted,0.25,3,3,GCACTCTGTTGAACCCCCGA,0,3011888
ratA_yfjF_predicted,0.25,3,3,GCACGCGCGCCTGACCGTCT,0,2999825
ratA_yfjF_predicted,0.25,3,3,GCACAGGCTGCTAAAATACT,0,2994916
ratA_yfjF_predicted,0.25,3,3,GCACAGAAAATTAAGGCCGG,0,2992888
ratA_yfjF_predicted,0.25,3,3,GCAATCTGAGTGCTCCCCCA,0,3007614
ratA_yfjF_predicted,0.25,3,3,GCAAATCACGGGATCCCCTG,0,2996282
ratA_yfjF_predicted,0.25,3,3,GATTGCTTCCCTCTCCGAGG,0,2998819
ratA_yfjF_predicted,0.25,3,3,GATTAGATTAGGTGTCGCTT,0,3011825
ratA_yfjF_predicted,0.25,3,3,GATGCTAAAGCGCATATACA,0,3008016
ratA_yfjF_predicted,0.25,3,3,GATGCGCCGGAGTGACGACC,0,2992610
ratA_yfjF_predicted,0.25,3,3,GATGAGTTACTGACCCATAG,0,3012257
ratA_yfjF_predicted,0.25,3,3,GATCCGTACAATACGGATAC,0,2997688
ratA_yfjF_predicted,0.25,3,3,GATCCGAGATCGAATCGGCA,0,2998790
ratA_yfjF_predicted,0.25,3,3,GATCCCGGGAACGTAACTCT,0,3013152
ratA_yfjF_predicted,0.25,3,3,GATCAGGAAAGATGCGTACA,0,3000437
ratA_yfjF_predicted,0.25,3,3,GATCAAAGTCCGAAACGCAA,0,3004057
ratA_yfjF_predicted,0.25,3,3,GATACTAACCGCACTTTCCG,0,3021716
ratA_yfjF_predicted,0.25,3,3,GAGTGTAGATCAACGAGTGG,0,2998046
ratA_yfjF_predicted,0.25,3,3,GAGTCTTGCCTGTACGGAGC,0,3001197
ratA_yfjF_predicted,0.25,3,3,GAGTACGGCAAAGCTCGCGG,0,3002136
ratA_yfjF_predicted,0.25,3,3,GAGGGTGGTAGCCGGACAGT,0,3016725
ratA_yfjF_predicted,0.25,3,3,GAGGGACCCCAAAGAGTAAG,0,3020713
ratA_yfjF_predicted,0.25,3,3,GAGGACAGAGCATTACACGG,0,2998064
ratA_yfjF_predicted,0.25,3,3,GAGGAATACGTGGGCTTCAT,0,3003134
ratA_yfjF_predicted,0.25,3,3,GAGCTTAATTGGATGGAAAT,0,2999609
ratA_yfjF_predicted,0.25,3,3,GAGCCTGTCTGAAACAGGGG,0,3017015
ratA_yfjF_predicted,0.25,3,3,GAGCCACATCCGCTGAGGTA,0,3012015
ratA_yfjF_predicted,0.25,3,3,GAGAGGATTCAGAACAGGGT,0,3010924
ratA_yfjF_predicted,0.25,3,3,GAGAATCCCTATATGTCGTT,0,3007178
ratA_yfjF_predicted,0.25,3,3,GACTGGCAGTTCTAATTCTG,0,3020154
ratA_yfjF_predicted,0.25,3,3,GACGGCCATTTAGACATTTC,0,2998262
ratA_yfjF_predicted,0.25,3,3,GACGCTTTCCAAATGAGAGA,0,3009206
ratA_yfjF_predicted,0.25,3,3,GACCGCCCTGTGTGGCTTCG,0,3002254
ratA_yfjF_predicted,0.25,3,3,GACCAAGAATCGAACGAATG,0,3021578
ratA_yfjF_predicted,0.25,3,3,GACAAGAATACACGCGCGCG,0,3004299
ratA_yfjF_predicted,0.25,3,3,GAATTTGCTGATATAAAATC,0,3020892
ratA_yfjF_predicted,0.25,3,3,GAATTAGACCCCGGCGTCCA,0,2992271
ratA_yfjF_predicted,0.25,3,3,GAATGCGACGACGGCCAGGA,0,3007881
ratA_yfjF_predicted,0.25,3,3,GAATGCACATCTTTAGGTAT,0,3016371
ratA_yfjF_predicted,0.25,3,3,GAATATAGCCTTTCATAGAT,0,3014298
ratA_yfjF_predicted,0.25,3,3,GAATAGTAGCGTCAGCTATT,0,3005941
ratA_yfjF_predicted,0.25,3,3,GAAGTAGGTGATGCATTGGT,0,3013903
ratA_yfjF_predicted,0.25,3,3,GAAGGACATGATTCGAGCTC,0,2996827
ratA_yfjF_predicted,0.25,3,3,GAAGAACACATTCCACTTGC,0,2993269
ratA_yfjF_predicted,0.25,3,3,GAACCCGACGTCGCGTAGAC,0,3006396
ratA_yfjF_predicted,0.25,3,3,GAACAGGATGGACTTGATAA,0,3000872
ratA_yfjF_predicted,0.25,3,3,GAAATCATCTTATCCAGAGT,0,3012026
ratA_yfjF_predicted,0.25,3,3,GAAAGTCGGCGAGCATGGAC,0,3011306
ratA_yfjF_predicted,0.25,3,3,GAAACACTCCCTCGAAAGAA,0,2997842
ratA_yfjF_predicted,0.25,3,3,CTTTTCTAGTGGGTCGAACT,0,3012766
ratA_yfjF_predicted,0.25,3,3,CTTTTAGGGGTTGCCGAGTC,0,3014901
ratA_yfjF_predicted,0.25,3,3,CTTTGGGAGGAGTAGAGTTA,0,2996014
ratA_yfjF_predicted,0.25,3,3,CTTTGCCACTGGGTGCGTTC,0,2996786
ratA_yfjF_predicted,0.25,3,3,CTTTGAGCTCACTGTGAACT,0,3008174
ratA_yfjF_predicted,0.25,3,3,CTTGTTTAGGTAATTGTGCA,0,3001091
ratA_yfjF_predicted,0.25,3,3,CTTGGTGAATCAGCAGCACA,0,3020435
ratA_yfjF_predicted,0.25,3,3,CTTCTTTTGGCATGCACCGA,0,3009715
ratA_yfjF_predicted,0.25,3,3,CTTCTTATGATTTCCCGCGC,0,3014910
ratA_yfjF_predicted,0.25,3,3,CTTCTCATAGCAAATGCAAT,0,3001105
ratA_yfjF_predicted,0.25,3,3,CTTACGTTGGAAGATAGTGA,0,3013088
ratA_yfjF_predicted,0.25,3,3,CTTACGTCCGGGCGCGGTGA,0,3003256
ratA_yfjF_predicted,0.25,3,3,CTGTGTACATAGGCTGAAGT,0,3014467
ratA_yfjF_predicted,0.25,3,3,CTGTCATTGTCAGGAGCAGG,0,2999789
ratA_yfjF_predicted,0.25,3,3,CTGTATGTACGTGTTACAGG,0,3021470
ratA_yfjF_predicted,0.25,3,3,CTGGTGGTCCCACGCTTAGA,0,3010703
ratA_yfjF_predicted,0.25,3,3,CTGGTGGCAGTACTCTCCGA,0,3004995
ratA_yfjF_predicted,0.25,3,3,CTGGTCCACCTGCAAGGCGA,0,3017074
ratA_yfjF_predicted,0.25,3,3,CTGGGACGGAACGGTTGCTT,0,3015232
ratA_yfjF_predicted,0.25,3,3,CTGGCGTTCCGCTTGGTACG,0,3012006
ratA_yfjF_predicted,0.25,3,3,CTGGCGTGTTATACATTAAA,0,2997697
ratA_yfjF_predicted,0.25,3,3,CTGGAGCAAAGTGGTTTAAT,0,3004795
ratA_yfjF_predicted,0.25,3,3,CTGATTGGCCATAAACGACC,0,3014316
ratA_yfjF_predicted,0.25,3,3,CTGATGCTCCGAACAGTTGA,0,2995220
ratA_yfjF_predicted,0.25,3,3,CTGAGATTTGTTTGTCTGAA,0,2997432
ratA_yfjF_predicted,0.25,3,3,CTGAATAGTGCCGCGGTTCG,0,3014340
ratA_yfjF_predicted,0.25,3,3,CTGAACGGGCAGCATCAGAA,0,2997146
ratA_yfjF_predicted,0.25,3,3,CTCTGCTTGTACACGACCAT,0,3013974
ratA_yfjF_predicted,0.25,3,3,CTCTCTTCTCAATTGATATT,0,3015593
ratA_yfjF_predicted,0.25,3,3,CTCTATGCTATAAGGCCACT,0,2992903
ratA_yfjF_predicted,0.25,3,3,CTCGTTACAAAGCCATCTAA,0,2993008
ratA_yfjF_predicted,0.25,3,3,CTCGGCCAAAAAGTCTGTTG,0,3017910
ratA_yfjF_predicted,0.25,3,3,CTCGGACAATGGATTGTCGG,0,3017238
ratA_yfjF_predicted,0.25,3,3,CTCGACGAGCCTCATATACG,0,2993947
ratA_yfjF_predicted,0.25,3,3,CTCCTACGGACAGTGGCTTT,0,2994277
ratA_yfjF_predicted,0.25,3,3,CTCCGTGGGCCGGTGCGTTC,0,3006610
ratA_yfjF_predicted,0.25,3,3,CTCATCTTCATTCTTTTTGT,0,3003749
ratA_yfjF_predicted,0.25,3,3,CTCACCCGTGATGTAGGCCT,0,3001018
ratA_yfjF_predicted,0.25,3,3,CTATTACTGGAAGTCACCTA,0,3007610
ratA_yfjF_predicted,0.25,3,3,CTATGGCTTGCACAGTTGCG,0,2999655
ratA_yfjF_predicted,0.25,3,3,CTATGACAGACCTGGTCGCA,0,3016071
ratA_yfjF_predicted,0.25,3,3,CTATCCCATTCGGTCAGACC,0,3011422
ratA_yfjF_predicted,0.25,3,3,CTATATGGAAAGAATCTCGG,0,3008790
ratA_yfjF_predicted,0.25,3,3,CTATAAAGAATTTCTGGGAA,0,2991994
ratA_yfjF_predicted,0.25,3,3,CTAGTTTCTCATCGGATACC,0,3014492
ratA_yfjF_predicted,0.25,3,3,CTAGTAGGTGTTCGCCGCAA,0,3014132
ratA_yfjF_predicted,0.25,3,3,CTAGCGAGGGGGGCCTCGAC,0,2993118
ratA_yfjF_predicted,0.25,3,3,CTACGTATGGAGTGGGTATA,0,3009235
ratA_yfjF_predicted,0.25,3,3,CTACGCGTAAGCTCGTTAGC,0,3010129
ratA_yfjF_predicted,0.25,3,3,CTACCTTTGGTTAGCCTAAA,0,3011562
ratA_yfjF_predicted,0.25,3,3,CTACCGGAAAGAGTGCGGTT,0,3000741
ratA_yfjF_predicted,0.25,3,3,CTACCCTCATGGCTGCGTCT,0,3005567
ratA_yfjF_predicted,0.25,3,3,CTACATTGTTCGACCCCTGC,0,3004266
ratA_yfjF_predicted,0.25,3,3,CTAATCCCCTTATTTAATAG,0,3014564
ratA_yfjF_predicted,0.25,3,3,CTAAGCCGTCCAATGCAAAG,0,3005033
ratA_yfjF_predicted,0.25,3,3,CGTTTTGTCTAGCGAAAAAT,0,3002741
ratA_yfjF_predicted,0.25,3,3,CGTTTCATCCTTACTTGTCC,0,3005322
ratA_yfjF_predicted,0.25,3,3,CGTTGCCCAGTAATCGGATA,0,3014185
ratA_yfjF_predicted,0.25,3,3,CGTTACCCCAATGTATTCAT,0,3000463
ratA_yfjF_predicted,0.25,3,3,CGTGCCGGATATACACACCG,0,3005692
ratA_yfjF_predicted,0.25,3,3,CGTGCCGCGGAAGAGAAGGG,0,2994658
ratA_yfjF_predicted,0.25,3,3,CGTCACTGTTATCTCGGATC,0,3008575
ratA_yfjF_predicted,0.25,3,3,CGTACACTCTGGGCCGCGGC,0,3010476
ratA_yfjF_predicted,0.25,3,3,CGGTTGCGGGATCGAGATGT,0,2996476
ratA_yfjF_predicted,0.25,3,3,CGGTGTGTGGGTCAAACCTC,0,3007336
ratA_yfjF_predicted,0.25,3,3,CGGTGGCTGCCGCAACATGG,0,3017049
ratA_yfjF_predicted,0.25,3,3,CGGGGAGGAGCGTAGTTCCA,0,3002035
ratA_yfjF_predicted,0.25,3,3,CGGGGAGCCACTGCTACTTC,0,3005771
ratA_yfjF_predicted,0.25,3,3,CGGGGAAACTTTACTGCCAA,0,3012751
ratA_yfjF_predicted,0.25,3,3,CGGGCGCGTCGCGTATTGGA,0,3005432
ratA_yfjF_predicted,0.25,3,3,CGGCCTGCACCCTAGACGGA,0,2996402
ratA_yfjF_predicted,0.25,3,3,CGGCCGTGCATCGTAGTCCG,0,3005081
ratA_yfjF_predicted,0.25,3,3,CGGCAGAGCGAGATCGCAGA,0,2993970
ratA_yfjF_predicted,0.25,3,3,CGGCAAAACTCTTGGATAGC,0,3021662
ratA_yfjF_predicted,0.25,3,3,CGGATTAAGGGCTAGCCCAA,0,3014626
ratA_yfjF_predicted,0.25,3,3,CGCTTAAACATTGAGTCCCT,0,2992386
ratA_yfjF_predicted,0.25,3,3,CGCTGGCCCGTCGAACTAAA,0,3001181
ratA_yfjF_predicted,0.25,3,3,CGCTGCCACCACCTGCACAC,0,3010249
ratA_yfjF_predicted,0.25,3,3,CGCTCGCGAGGTCCCAAGAT,0,3006377
ratA_yfjF_predicted,0.25,3,3,CGCGTGTGTTCACTTAAAAT,0,3019421
ratA_yfjF_predicted,0.25,3,3,CGCGTGGACAACTGATTGGA,0,3011069
ratA_yfjF_predicted,0.25,3,3,CGCGGGCGCGTGGTTAGTCA,0,3008891
ratA_yfjF_predicted,0.25,3,3,CGCGCAGTTTTTTTGCTGAT,0,2994193
ratA_yfjF_predicted,0.25,3,3,CGCGACTAAGGTGCTTTGCC,0,3000256
ratA_yfjF_predicted,0.25,3,3,CGCCTAGGATTATCTGGTTA,0,3019874
ratA_yfjF_predicted,0.25,3,3,CGCCAAGATGCCTGCACTAG,0,2992499
ratA_yfjF_predicted,0.25,3,3,CGCAGTTTCCTCCGCATAAA,0,3005902
ratA_yfjF_predicted,0.25,3,3,CGCAGCTATTTGGAACTCGC,0,2993068
ratA_yfjF_predicted,0.25,3,3,CGATTTGCACATGAGTCACC,0,3000643
ratA_yfjF_predicted,0.25,3,3,CGATGCTGGGTAATGCCATA,0,3005297
ratA_yfjF_predicted,0.25,3,3,CGATATGGTATGAGCTAAGG,0,3017505
ratA_yfjF_predicted,0.25,3,3,CGAGGACAGGCTCACCGTAG,0,3004958
ratA_yfjF_predicted,0.25,3,3,CGAGCATAACCTTAGATTAG,0,3008795
ratA_yfjF_predicted,0.25,3,3,CGAGACAGATTTCCTCTCGA,0,3019656
ratA_yfjF_predicted,0.25,3,3,CGACTGATGATCGTAGGAAG,0,2998309
ratA_yfjF_predicted,0.25,3,3,CGACGCAGTTTGGTCGTTAG,0,3012355
ratA_yfjF_predicted,0.25,3,3,CGAAGAGACCATACTCCACT,0,3009185
ratA_yfjF_predicted,0.25,3,3,CGAACAATAAACATAGTGGG,0,2997002
ratA_yfjF_predicted,0.25,3,3,CGAAAGACTTTCTATCCTTG,0,2995487
ratA_yfjF_predicted,0.25,3,3,CGAAAAGCGTAAAAGCGCAA,0,3019929
ratA_yfjF_predicted,0.25,3,3,CCTTTGATTTCTACTAGCAT,0,3001074
ratA_yfjF_predicted,0.25,3,3,CCTTTACCCCCTGTTCGGAC,0,3021532
ratA_yfjF_predicted,0.25,3,3,CCTGTGATGTGGTAACGAAT,0,2998923
ratA_yfjF_predicted,0.25,3,3,CCTCTGTTACGGCTACTTCT,0,2992820
ratA_yfjF_predicted,0.25,3,3,CCTCTAATACGGCTGGTCGC,0,3005225
ratA_yfjF_predicted,0.25,3,3,CCTCTAAAGATTGGCGGACT,0,3002791
ratA_yfjF_predicted,0.25,3,3,CCTCGTCAGACGACTAGGCC,0,3001907
ratA_yfjF_predicted,0.25,3,3,CCTCAAGGCGTAAGGCGATT,0,3005916
ratA_yfjF_predicted,0.25,3,3,CCTATAGTCGCTCGTCATGC,0,3007840
ratA_yfjF_predicted,0.25,3,3,CCTAAAAAGGGAGTGCGGTG,0,3015490
ratA_yfjF_predicted,0.25,3,3,CCGTTATGACAGAATAGGAT,0,3000696
ratA_yfjF_predicted,0.25,3,3,CCGTGTAAGAAGAGTCGATC,0,2996300
ratA_yfjF_predicted,0.25,3,3,CCGTGCTAAAGAGGACTCAC,0,2995705
ratA_yfjF_predicted,0.25,3,3,CCGTCCGGTGGGGGCGTTAG,0,3012474
ratA_yfjF_predicted,0.25,3,3,CCGTCATACACCGACCAAGC,0,3002391
ratA_yfjF_predicted,0.25,3,3,CCGTATCTTTGCAAATTGCG,0,3002844
ratA_yfjF_predicted,0.25,3,3,CCGGCCTACATCTAGGTTCC,0,3012186
ratA_yfjF_predicted,0.25,3,3,CCGGCCCTGGTGTATAAAGT,0,3014099
ratA_yfjF_predicted,0.25,3,3,CCGCTTGCACCAAGCAGGGC,0,3012493
ratA_yfjF_predicted,0.25,3,3,CCGCTACCCCCACATCCCGA,0,3018213
ratA_yfjF_predicted,0.25,3,3,CCGCCCGGCACGAGGTCGGT,0,3021733
ratA_yfjF_predicted,0.25,3,3,CCGATTGCCAATTGGCCACT,0,3003928
ratA_yfjF_predicted,0.25,3,3,CCGACGAAGGCTGTCCTCCA,0,3021413
ratA_yfjF_predicted,0.25,3,3,CCGAAAGGACGGGGAAGCTT,0,3011047
ratA_yfjF_predicted,0.25,3,3,CCCTGGGGGTGTGGCGTCCG,0,3014705
ratA_yfjF_predicted,0.25,3,3,CCCTACCCGCGAGGGCTGTC,0,3003963
ratA_yfjF_predicted,0.25,3,3,CCCGGCCGCGAGCCTAAGCT,0,3012899
ratA_yfjF_predicted,0.25,3,3,CCCCTAACCCGTTGCCACAT,0,3020335
ratA_yfjF_predicted,0.25,3,3,CCCATTCCGTCAAGTGCGTC,0,3019510
ratA_yfjF_predicted,0.25,3,3,CCCATTAACGACGACACTTG,0,2999686
ratA_yfjF_predicted,0.25,3,3,CCCAACAAGAACTGGTACGG,0,3018144
ratA_yfjF_predicted,0.25,3,3,CCCAAACGCCACTCCCAAGA,0,2993862
ratA_yfjF_predicted,0.25,3,3,CCATTAGACTATTCGTGTCA,0,3003830
ratA_yfjF_predicted,0.25,3,3,CCATGCCAGTTACCCTGCTT,0,3001309
ratA_yfjF_predicted,0.25,3,3,CCATGATATGACCTCTAGTA,0,2994521
ratA_yfjF_predicted,0.25,3,3,CCATCGGCCGGGTAATCACA,0,3019610
ratA_yfjF_predicted,0.25,3,3,CCAGTTGCAATAGCGGGTCC,0,3016566
ratA_yfjF_predicted,0.25,3,3,CCAGCTGGTGGTTAACGCGG,0,3010063
ratA_yfjF_predicted,0.25,3,3,CCAGCGTCCGTTTCGATATG,0,3017362
ratA_yfjF_predicted,0.25,3,3,CCAGAAGTTAAAATGCTCCA,0,3013787
ratA_yfjF_predicted,0.25,3,3,CCACTTATTATCTGACCTTC,0,3018306
ratA_yfjF_predicted,0.25,3,3,CCACGATCGGTGCATGCCAT,0,3016230
ratA_yfjF_predicted,0.25,3,3,CCACGATATACGCGTTGGCT,0,2999258
ratA_yfjF_predicted,0.25,3,3,CCACCGCTATTGGTGAGGTT,0,3005266
ratA_yfjF_predicted,0.25,3,3,CCACCCGTTTTCTCCCTCCT,0,3017187
ratA_yfjF_predicted,0.25,3,3,CCAAGCGTCCTCTCGTGAGT,0,3003789
ratA_yfjF_predicted,0.25,3,3,CCAACAGTTTGACAGAGTTG,0,3014455
ratA_yfjF_predicted,0.25,3,3,CCAAATCTGTCTCCCTGTAG,0,3000349
ratA_yfjF_predicted,0.25,3,3,CATTTTTCCCATTATTGTGA,0,3002773
ratA_yfjF_predicted,0.25,3,3,CATTTGTATTTCACAGAGGG,0,3018043
ratA_yfjF_predicted,0.25,3,3,CATTCCCGGCAAGCGGCCTA,0,3005179
ratA_yfjF_predicted,0.25,3,3,CATGGCGTCGTGAACTGATA,0,3011665
ratA_yfjF_predicted,0.25,3,3,CATCGTATACGTCCGTGTGG,0,3002132
ratA_yfjF_predicted,0.25,3,3,CATCGAGGGAGAAAATTTCA,0,3000917
ratA_yfjF_predicted,0.25,3,3,CATCGACCAGGAACCACTAT,0,3009507
ratA_yfjF_predicted,0.25,3,3,CATCCTGTGCGAGCAAATGG,0,3021090
ratA_yfjF_predicted,0.25,3,3,CATATATTCAAGTTGGGAGC,0,2993220
ratA_yfjF_predicted,0.25,3,3,CATACCTTATTGTGTAATTG,0,3016025
ratA_yfjF_predicted,0.25,3,3,CATACATCGCTCTCGTCAGA,0,2993717
ratA_yfjF_predicted,0.25,3,3,CATACACACAAGGTTATAAC,0,3017484
ratA_yfjF_predicted,0.25,3,3,CAGTTATGAAAGGGAATGAT,0,3011334
ratA_yfjF_predicted,0.25,3,3,CAGTGTGCTTCGTTAACTAT,0,3008443
ratA_yfjF_predicted,0.25,3,3,CAGTGGATAATACGCCGGGT,0,3009240
ratA_yfjF_predicted,0.25,3,3,CAGGTTCACCTAGTGCCGTT,0,3010583
ratA_yfjF_predicted,0.25,3,3,CAGGCCGAGTGACCAATGGC,0,3005052
ratA_yfjF_predicted,0.25,3,3,CAGGCATCTATCACCAACAG,0,2995711
ratA_yfjF_predicted,0.25,3,3,CAGGCAGACTTAAGAGTGCT,0,3004417
ratA_yfjF_predicted,0.25,3,3,CAGGAGGGTAGATGTCTCCT,0,2992895
ratA_yfjF_predicted,0.25,3,3,CAGCTACAAAATGCCAGCCT,0,3003128
ratA_yfjF_predicted,0.25,3,3,CAGCGAATTTATGCGCCGAT,0,3015766
ratA_yfjF_predicted,0.25,3,3,CAGCATATCCGCAAGCGCCC,0,3003381
ratA_yfjF_predicted,0.25,3,3,CAGCAACGTAAAATCGTGAC,0,3005490
ratA_yfjF_predicted,0.25,3,3,CAGATCTATTTAGCCCCCGG,0,3010346
ratA_yfjF_predicted,0.25,3,3,CAGAAGCAGAGTCCGGGAGT,0,3016981
ratA_yfjF_predicted,0.25,3,3,CAGAAACTATCGTCAGGCCA,0,2999203
ratA_yfjF_predicted,0.25,3,3,CACTTTCTTTGGTAGATATC,0,3004914
ratA_yfjF_predicted,0.25,3,3,CACGGGGCCGGTTATAGCAG,0,3004483
ratA_yfjF_predicted,0.25,3,3,CACCTCCTCGAGACCCTTGG,0,3019843
ratA_yfjF_predicted,0.25,3,3,CACCTATGGCCTTTTATGCA,0,3016131
ratA_yfjF_predicted,0.25,3,3,CACCGTAAATACGGGCACAT,0,2992921
ratA_yfjF_predicted,0.25,3,3,CACCGGTTTCATGCTTCTAT,0,3018011
ratA_yfjF_predicted,0.25,3,3,CACCGCCTACCGCCAGTTTT,0,3020924
ratA_yfjF_predicted,0.25,3,3,CACCATTACAAGCCTTGACT,0,3006511
ratA_yfjF_predicted,0.25,3,3,CACATTGCAACTGGGGAGGA,0,2994556
ratA_yfjF_predicted,0.25,3,3,CACAGTCGAGGCAACTTGAT,0,2995956
ratA_yfjF_predicted,0.25,3,3,CACAAGTATCGGTCCTGCAG,0,2999201
ratA_yfjF_predicted,0.25,3,3,CAATGCCAGGGACTGACCCC,0,3003821
ratA_yfjF_predicted,0.25,3,3,CAATCAAACTTCAACTGTTT,0,3005180
ratA_yfjF_predicted,0.25,3,3,CAAGGCCTGTGCACATTGCC,0,2995097
ratA_yfjF_predicted,0.25,3,3,CAAGAATCGTTTGCCGGAAA,0,3001901
ratA_yfjF_predicted,0.25,3,3,CAACTGTCATTGTTCCACTC,0,3010102
ratA_yfjF_predicted,0.25,3,3,CAACTAGGAGCGCCCGCGTT,0,3009227
ratA_yfjF_predicted,0.25,3,3,CAACGAGCATTGCGTAACCT,0,3006799
ratA_yfjF_predicted,0.25,3,3,CAAATCCCGCTTTAAATAAC,0,2992310
ratA_yfjF_predicted,0.25,3,3,CAAAGGATTCATCTGAGAAC,0,2995667
ratA_yfjF_predicted,0.25,3,3,ATTTTTTAAGAGCTGTGTAA,0,3011811
ratA_yfjF_predicted,0.25,3,3,ATTTCGTAAATGCCGGGGAC,0,3020041
ratA_yfjF_predicted,0.25,3,3,ATTGTCGGTGTTATTGAACG,0,3006102
ratA_yfjF_predicted,0.25,3,3,ATTGGTTTGGAAGGCCTTTA,0,3014653
ratA_yfjF_predicted,0.25,3,3,ATTGGGGATGAATTTTGGTC,0,2993467
ratA_yfjF_predicted,0.25,3,3,ATTGCGGTCCCCCGTCGCGT,0,3008979
ratA_yfjF_predicted,0.25,3,3,ATTGATCATGTCGGCTCTTT,0,3015243
ratA_yfjF_predicted,0.25,3,3,ATTGAGGCCAAAGGTGCCAA,0,2996487
ratA_yfjF_predicted,0.25,3,3,ATTCGTAATCCGAACCGGTC,0,3001217
ratA_yfjF_predicted,0.25,3,3,ATTCGACCTATGCCCGGCTT,0,3000140
ratA_yfjF_predicted,0.25,3,3,ATTCCTTCTGCCGTTCGCAT,0,3014854
ratA_yfjF_predicted,0.25,3,3,ATTAGCAGTTTTTTCCACAT,0,3015918
ratA_yfjF_predicted,0.25,3,3,ATTAGCAGGCAATCACGAGC,0,2992353
ratA_yfjF_predicted,0.25,3,3,ATGGTATCGTGGCCGGATAC,0,3019869
ratA_yfjF_predicted,0.25,3,3,ATGGCGTATGGACAGACGTA,0,3017446
ratA_yfjF_predicted,0.25,3,3,ATGGCACCGAGGCAGCCTCG,0,2995598
ratA_yfjF_predicted,0.25,3,3,ATGGATTACTATTTAATGCG,0,3004897
ratA_yfjF_predicted,0.25,3,3,ATGCTGCAGACGGTATGGAG,0,2995268
ratA_yfjF_predicted,0.25,3,3,ATGCCTCCAGAGGATGTCTG,0,3015390
ratA_yfjF_predicted,0.25,3,3,ATGCCGCTCACACATGGGTG,0,3003358
ratA_yfjF_predicted,0.25,3,3,ATGATTGTCATCAGAGATGG,0,3015017
ratA_yfjF_predicted,0.25,3,3,ATGAGCTCAATTATAACTGC,0,2999225
ratA_yfjF_predicted,0.25,3,3,ATCTGCGTTGGAACGAAGAG,0,3011997
ratA_yfjF_predicted,0.25,3,3,ATCTGCACTTTGGATGGCAT,0,2993178
ratA_yfjF_predicted,0.25,3,3,ATCTCATGGTTCTATTATGC,0,2999693
ratA_yfjF_predicted,0.25,3,3,ATCGTCCAGTGGGGATGGTC,0,2999571
ratA_yfjF_predicted,0.25,3,3,ATCGGGAGCACAGAGGTGCG,0,3015825
ratA_yfjF_predicted,0.25,3,3,ATCGCAACCGATGATGCTAC,0,2992511
ratA_yfjF_predicted,0.25,3,3,ATCCGCCAAGCGATGCTTAC,0,2992799
ratA_yfjF_predicted,0.25,3,3,ATCCGAATGTATTTAGAAAC,0,3018839
ratA_yfjF_predicted,0.25,3,3,ATCCGAACAGCGGAGGCTTT,0,3013558
ratA_yfjF_predicted,0.25,3,3,ATCCATTCAAGATACGCTCA,0,3016681
ratA_yfjF_predicted,0.25,3,3,ATCATTTCACCGTATTGATC,0,3014689
ratA_yfjF_predicted,0.25,3,3,ATCATGCTCAGGCTATAGTC,0,3003212
ratA_yfjF_predicted,0.25,3,3,ATCAACTCCTCGCGCCAGGG,0,3016229
ratA_yfjF_predicted,0.25,3,3,ATATGTCGCGATAGAAACTG,0,3003492
ratA_yfjF_predicted,0.25,3,3,ATATCGTTGCCAGCGTACTC,0,3015449
ratA_yfjF_predicted,0.25,3,3,ATATCGTGACGGGGCTGAGC,0,2997800
ratA_yfjF_predicted,0.25,3,3,ATATCAGTGAGATTGGTAGT,0,3012324
ratA_yfjF_predicted,0.25,3,3,ATATATGGGTTCATTTTGTC,0,3007446
ratA_yfjF_predicted,0.25,3,3,ATATATCGTACACCTGATCC,0,2995463
ratA_yfjF_predicted,0.25,3,3,ATATAGGTGTTTAGGGAGCG,0,3008923
ratA_yfjF_predicted,0.25,3,3,ATAGTTTGCTGGTCCTGAGC,0,3019534
ratA_yfjF_predicted,0.25,3,3,ATAGGCCGTGTGGGGTAATG,0,3005520
ratA_yfjF_predicted,0.25,3,3,ATAGCTGGGCGTCTACACCC,0,3002063
ratA_yfjF_predicted,0.25,3,3,ATAGAGGGTCGGTCGTATGG,0,3019300
ratA_yfjF_predicted,0.25,3,3,ATAGACATTGCTCTCGGAAT,0,3012645
ratA_yfjF_predicted,0.25,3,3,ATACCTACGACCGAGCTTAT,0,3004485
ratA_yfjF_predicted,0.25,3,3,ATACATAGGATATTTCAAAT,0,3006309
ratA_yfjF_predicted,0.25,3,3,ATACAGGGGATTAAGGGGAT,0,2992244
ratA_yfjF_predicted,0.25,3,3,ATAATTGGTTGCATATCCTA,0,3011543
ratA_yfjF_predicted,0.25,3,3,ATAATGGTTCGTAGCCTTGT,0,3003025
ratA_yfjF_predicted,0.25,3,3,ATAAGTTACGCCAATAAAGA,0,3006928
ratA_yfjF_predicted,0.25,3,3,ATAAGATCTGTTTAATATTG,0,2992787
ratA_yfjF_predicted,0.25,3,3,AGTTGAAGGATGCCTGATGT,0,3012387
ratA_yfjF_predicted,0.25,3,3,AGTTCGGCTTCCAAACATAG,0,3014266
ratA_yfjF_predicted,0.25,3,3,AGTTATCCCGATGAGTTCCA,0,2997811
ratA_yfjF_predicted,0.25,3,3,AGTGTCCCTAAGACCACCGG,0,3013105
ratA_yfjF_predicted,0.25,3,3,AGTGGACAGTAATATATTGG,0,3012288
ratA_yfjF_predicted,0.25,3,3,AGTGCATTATGTGATTTGCG,0,3011409
ratA_yfjF_predicted,0.25,3,3,AGTATATACAAACGTTGGAA,0,3018819
ratA_yfjF_predicted,0.25,3,3,AGGTGCAGCGGAACAGGATG,0,2993338
ratA_yfjF_predicted,0.25,3,3,AGGTGAAGTTTCAAATCCGT,0,3013678
ratA_yfjF_predicted,0.25,3,3,AGGGCGGCATGTGAACAGGA,0,3008788
ratA_yfjF_predicted,0.25,3,3,AGGGCCATTGATGGAGAGCC,0,2996501
ratA_yfjF_predicted,0.25,3,3,AGGGACGGGCGATTTAATGA,0,2996632
ratA_yfjF_predicted,0.25,3,3,AGGGACAGTTCTCAGAGTTG,0,3002176
ratA_yfjF_predicted,0.25,3,3,AGGCTATGGAGCCTCTAAAA,0,2992385
ratA_yfjF_predicted,0.25,3,3,AGGCGTATCGGCGCACTGCG,0,3012999
ratA_yfjF_predicted,0.25,3,3,AGGCCTTTGACGTTACGTAA,0,3000134
ratA_yfjF_predicted,0.25,3,3,AGCTTGACGAATGGAGTGAG,0,3018652
ratA_yfjF_predicted,0.25,3,3,AGCTTAAACTTGCCTACTAC,0,3011795
ratA_yfjF_predicted,0.25,3,3,AGCGGTAAATATATTCGATA,0,3015455
ratA_yfjF_predicted,0.25,3,3,AGCGGGTTTCAAGTCATTGT,0,3014178
ratA_yfjF_predicted,0.25,3,3,AGCGCATCCATCAGGAATGG,0,3011159
ratA_yfjF_predicted,0.25,3,3,AGCGATCCACCGGTCACCAA,0,3001068
ratA_yfjF_predicted,0.25,3,3,AGCCGGGCGCTCCAATAGGC,0,2995672
ratA_yfjF_predicted,0.25,3,3,AGCCCTGCAAGTACGAGCGA,0,3004072
ratA_yfjF_predicted,0.25,3,3,AGCCATAAATGCTGGTATTT,0,3011235
ratA_yfjF_predicted,0.25,3,3,AGCATCGCACGCATACTAGC,0,2993585
ratA_yfjF_predicted,0.25,3,3,AGCAGTGGATGTACGTTCCT,0,2994792
ratA_yfjF_predicted,0.25,3,3,AGCAATCATTGGGCCAGGCT,0,3005978
ratA_yfjF_predicted,0.25,3,3,AGATGTGAGGATCGGATAAG,0,3009768
ratA_yfjF_predicted,0.25,3,3,AGATGAGGTGAGAACGGATT,0,3000330
ratA_yfjF_predicted,0.25,3,3,AGATCTATGGTACGGCATCT,0,2995951
ratA_yfjF_predicted,0.25,3,3,AGATACACATATCGTAGTGT,0,3006243
ratA_yfjF_predicted,0.25,3,3,AGAGTGAATAGGCCGTATGT,0,3018812
ratA_yfjF_predicted,0.25,3,3,AGACCATTTGATCGCCCGAA,0,3012725
ratA_yfjF_predicted,0.25,3,3,AGAATGCCCACATACCGTTC,0,3003602
ratA_yfjF_predicted,0.25,3,3,AGAAGAACTCATGGTCATGT,0,2999822
ratA_yfjF_predicted,0.25,3,3,ACTTTTTGTGGGACTATTGT,0,3005940
ratA_yfjF_predicted,0.25,3,3,ACTGGCAACGTGATTAGGGT,0,2991985
ratA_yfjF_predicted,0.25,3,3,ACTGCGAGCGACTTACCTAG,0,3005711
ratA_yfjF_predicted,0.25,3,3,ACTCTAGCGGCAAGGGAGCT,0,3004642
ratA_yfjF_predicted,0.25,3,3,ACTCGAGATGCTGTGTAGCG,0,3001430
ratA_yfjF_predicted,0.25,3,3,ACTCATCTAGATAGTGGTCA,0,3001814
ratA_yfjF_predicted,0.25,3,3,ACTATTAGTTTCGGGTTTCA,0,3006626
ratA_yfjF_predicted,0.25,3,3,ACTATCTGTTGTACCGGAAT,0,3001872
ratA_yfjF_predicted,0.25,3,3,ACGTTACATCGCTTCGCAGC,0,3010457
ratA_yfjF_predicted,0.25,3,3,ACGTGAAGATAGTTCAGGAC,0,3001775
ratA_yfjF_predicted,0.25,3,3,ACGTCATATCTATACAGTCC,0,3015142
ratA_yfjF_predicted,0.25,3,3,ACGGTGCGCTGGACAGAACA,0,3004164
ratA_yfjF_predicted,0.25,3,3,ACGGAGTCGCGAACAGATGC,0,2992467
ratA_yfjF_predicted,0.25,3,3,ACGGAGGTGTGGCACCTCAG,0,2994702
ratA_yfjF_predicted,0.25,3,3,ACGCTATTAATTGAGCGAAC,0,3004004
ratA_yfjF_predicted,0.25,3,3,ACGCAATCTCGAGCAGTGGC,0,3006704
ratA_yfjF_predicted,0.25,3,3,ACGAGTGTAGCACATTCATC,0,3008851
ratA_yfjF_predicted,0.25,3,3,ACGAGGCCTTAGGATACAGA,0,2996138
ratA_yfjF_predicted,0.25,3,3,ACGAATGTCAGGTGTCACTG,0,3019096
ratA_yfjF_predicted,0.25,3,3,ACCTTGTTTTACATCACGAT,0,3014394
ratA_yfjF_predicted,0.25,3,3,ACCTGGGGCTATCTATCTTG,0,2999319
ratA_yfjF_predicted,0.25,3,3,ACCGTTTGTTTACCGGAGGG,0,3005755
ratA_yfjF_predicted,0.25,3,3,ACCGATCACCATGCGGCTCT,0,3013744
ratA_yfjF_predicted,0.25,3,3,ACCCACTATAACGTTTGATG,0,3008866
ratA_yfjF_predicted,0.25,3,3,ACCAAGATTTACTCAATCAT,0,3008793
ratA_yfjF_predicted,0.25,3,3,ACCAACTCCAGGGCACCATC,0,3002223
ratA_yfjF_predicted,0.25,3,3,ACATTGGCGTGTGGTATTTC,0,3013694
ratA_yfjF_predicted,0.25,3,3,ACATGGCAGGTATATCCTAG,0,3002768
ratA_yfjF_predicted,0.25,3,3,ACAGGTCGAAACACAATGTT,0,3021673
ratA_yfjF_predicted,0.25,3,3,ACAGCCAGAGGGAGGCATAA,0,3018988
ratA_yfjF_predicted,0.25,3,3,ACAGAGGGGAGCATAGGTTA,0,3011956
ratA_yfjF_predicted,0.25,3,3,ACAGAAAAGTGTGACGTCAG,0,3007143
ratA_yfjF_predicted,0.25,3,3,ACACCCAACAGCTGCCCGTA,0,2993115
ratA_yfjF_predicted,0.25,3,3,ACAATGATTCGCTTCACAAC,0,3006733
ratA_yfjF_predicted,0.25,3,3,ACAACTAATAGTCCGCACTC,0,3011376
ratA_yfjF_predicted,0.25,3,3,ACAAATTGTCTTAAATAAAC,0,3019094
ratA_yfjF_predicted,0.25,3,3,ACAAATTCGTATGTTGAGTG,0,3011225
ratA_yfjF_predicted,0.25,3,3,AATTGTTAGTCAGGGCATCT,0,2994715
ratA_yfjF_predicted,0.25,3,3,AATTGGGGACGACCCATATT,0,3011285
ratA_yfjF_predicted,0.25,3,3,AATTCAAGTGTAATCCAATA,0,3008389
ratA_yfjF_predicted,0.25,3,3,AATTACTCTGTCCTGGGTAT,0,2993165
ratA_yfjF_predicted,0.25,3,3,AATCTTTTTTGGCGATGCTA,0,3015118
ratA_yfjF_predicted,0.25,3,3,AATCTGTGGCCGGAGGGATG,0,2999947
ratA_yfjF_predicted,0.25,3,3,AATCGCTAAGCCTCGGCCCA,0,3002779
ratA_yfjF_predicted,0.25,3,3,AATCGCGGACTGAAAATACT,0,2998719
ratA_yfjF_predicted,0.25,3,3,AATAGAGGTGTTTACGGGCT,0,3008621
ratA_yfjF_predicted,0.25,3,3,AAGTCGAGGTAGTTGTACGG,0,2993353
ratA_yfjF_predicted,0.25,3,3,AAGTAGATCCATTGGAGCAA,0,3019574
ratA_yfjF_predicted,0.25,3,3,AAGGGTCGTGTTGCCACTTG,0,3002173
ratA_yfjF_predicted,0.25,3,3,AAGGCTGGGATTGTGGCCGA,0,2999227
ratA_yfjF_predicted,0.25,3,3,AAGCCTCAAGATCGCCAACT,0,3012014
ratA_yfjF_predicted,0.25,3,3,AAGATGGAACGTCTTTAGTC,0,3014091
ratA_yfjF_predicted,0.25,3,3,AAGATCCTTTGCCAACAACA,0,3003593
ratA_yfjF_predicted,0.25,3,3,AAGAGCGTGGCACACGGATG,0,2995428
ratA_yfjF_predicted,0.25,3,3,AAGAACGAGCCTCGTACGAG,0,3000896
ratA_yfjF_predicted,0.25,3,3,AACTGCCAAGATCACTATAA,0,2997684
ratA_yfjF_predicted,0.25,3,3,AACTAGAGGGCGGTTCCATC,0,2993079
ratA_yfjF_predicted,0.25,3,3,AACGTCGTCGATCCAGTCTC,0,3014870
ratA_yfjF_predicted,0.25,3,3,AACGTACCCTCCGCAGCATC,0,2999420
ratA_yfjF_predicted,0.25,3,3,AACGCGGCCACACTTCCGGA,0,3014607
ratA_yfjF_predicted,0.25,3,3,AACGCCTCAGAGACTAGCAT,0,2992723
ratA_yfjF_predicted,0.25,3,3,AACGAGATCCTGGCTGACAC,0,3017707
ratA_yfjF_predicted,0.25,3,3,AACCTCGATGGGCTACAAGG,0,3007658
ratA_yfjF_predicted,0.25,3,3,AACCGGAACGGCGTATATTA,0,2995709
ratA_yfjF_predicted,0.25,3,3,AAATCTTCATGCGTGCGCTA,0,3020412
ratA_yfjF_predicted,0.25,3,3,AAATACATTGCGAAAGGACA,0,2993605
ratA_yfjF_predicted,0.25,3,3,AAAGAGCTCGCACTTACGGT,0,3003308
ratA_yfjF_predicted,0.25,3,3,AAACGAAACTACTGTTCTCC,0,3001205
ratA_yfjF_predicted,0.25,3,3,AAACAGACATCCTCAATTCA,0,2996001
ratA_yfjF_predicted,0.25,3,3,AAAATAAGCGGGTGCTTCGG,0,3011735
ratA_yfjF_predicted,0.3333333333333333,2,2,TTTTTTGATCGCTGATTTAG,0,3016569
ratA_yfjF_predicted,0.3333333333333333,2,2,TTTTTCTCGTTACGTTATCT,0,3006222
ratA_yfjF_predicted,0.3333333333333333,2,2,TTTTTCTAAGTATGGCTCGC,0,3003941
ratA_yfjF_predicted,0.3333333333333333,2,2,TTTTTCGCGCAAGGGGGACA,0,3013923
ratA_yfjF_predicted,0.3333333333333333,2,2,TTTTGTCACACGTACCGTTA,0,3021000
ratA_yfjF_predicted,0.3333333333333333,2,2,TTTTGACCATAGGGGAACGT,0,3010489
ratA_yfjF_predicted,0.3333333333333333,2,2,TTTTACCGCCCCCCCCCCAC,0,3020557
ratA_yfjF_predicted,0.3333333333333333,2,2,TTTGACGTTTTGTTCCCGGA,0,3011750
ratA_yfjF_predicted,0.3333333333333333,2,2,TTTCCTCCCTGTTGTACTGG,0,2997558
ratA_yfjF_predicted,0.3333333333333333,2,2,TTTCCAGGGTCCATCTTGGG,0,3016693
ratA_yfjF_predicted,0.3333333333333333,2,2,TTTCAGTGCTGCGCGAAGCC,0,3015421
ratA_yfjF_predicted,0.3333333333333333,2,2,TTTCAACTCAGACCGCAAGA,0,3011637
ratA_yfjF_predicted,0.3333333333333333,2,2,TTTATGGTCCAAACTTATGT,0,3007291
ratA_yfjF_predicted,0.3333333333333333,2,2,TTTAACCTGTGTTGTTGCAG,0,3006658
ratA_yfjF_predicted,0.3333333333333333,2,2,TTTAAAACACCTCCTTTAGC,0,3007041
ratA_yfjF_predicted,0.3333333333333333,2,2,TTGTTTTTGACTCCCCACTC,0,3021322
ratA_yfjF_predicted,0.3333333333333333,2,2,TTGTTCATGTCGCTGACGAT,0,3001780
ratA_yfjF_predicted,0.3333333333333333,2,2,TTGTGAGGATACGTCCCCTA,0,3009482
ratA_yfjF_predicted,0.3333333333333333,2,2,TTGTATCGTTTTGGTGGAAT,0,3008014
ratA_yfjF_predicted,0.3333333333333333,2,2,TTGGTTTGTCAGGCATGCCC,0,3004074
ratA_yfjF_predicted,0.3333333333333333,2,2,TTGGTTGACTACGCTAAACT,0,2993821
ratA_yfjF_predicted,0.3333333333333333,2,2,TTGGTGCATACAGCTGCAAT,0,2999042
ratA_yfjF_predicted,0.3333333333333333,2,2,TTGGGTGCCCAGTCTGAGTC,0,3004912
ratA_yfjF_predicted,0.3333333333333333,2,2,TTGGCTTCTGCCGGGTGGGT,0,3000345
ratA_yfjF_predicted,0.3333333333333333,2,2,TTGGCTGTCCAACTTCGCTA,0,3017554
ratA_yfjF_predicted,0.3333333333333333,2,2,TTGGCGCGCCAGACGAAAGT,0,3003219
ratA_yfjF_predicted,0.3333333333333333,2,2,TTGGAAGCCTTTATGACAAC,0,3018672
ratA_yfjF_predicted,0.3333333333333333,2,2,TTGCTAGTAAACAGGATAAC,0,3011615
ratA_yfjF_predicted,0.3333333333333333,2,2,TTGCCTGTCGAGATTGGGTC,0,3003739
ratA_yfjF_predicted,0.3333333333333333,2,2,TTGCCCCACTTGGACCGTTA,0,2995114
ratA_yfjF_predicted,0.3333333333333333,2,2,TTGCCAAAAGCGGCTTCGGA,0,3014898
ratA_yfjF_predicted,0.3333333333333333,2,2,TTGCACCCGTTGCTCACAGC,0,3007679
ratA_yfjF_predicted,0.3333333333333333,2,2,TTGATTCGTAGTAAATTCTT,0,3000877
ratA_yfjF_predicted,0.3333333333333333,2,2,TTCTTTGCACAGTGTCGTCA,0,3005165
ratA_yfjF_predicted,0.3333333333333333,2,2,TTCTTGCTTATCTACAACTC,0,3009476
ratA_yfjF_predicted,0.3333333333333333,2,2,TTCTTCAGAAATTCGAACGT,0,3007116
ratA_yfjF_predicted,0.3333333333333333,2,2,TTCTGCATAGAGATACGTGA,0,2992079
ratA_yfjF_predicted,0.3333333333333333,2,2,TTCTGCAACTCTTGCCAAGA,0,3013685
ratA_yfjF_predicted,0.3333333333333333,2,2,TTCTGACCTCCCAAGGCGGT,0,2997051
ratA_yfjF_predicted,0.3333333333333333,2,2,TTCTAGTAAAGGTTACATAT,0,3005884
ratA_yfjF_predicted,0.3333333333333333,2,2,TTCGGTTGGGACTTAGATTA,0,3001749
ratA_yfjF_predicted,0.3333333333333333,2,2,TTCGCGACGAGGCCAACTTG,0,2999021
ratA_yfjF_predicted,0.3333333333333333,2,2,TTCGAGAAAAAGAACCCGAT,0,2999041
ratA_yfjF_predicted,0.3333333333333333,2,2,TTCCATGCTGGGCTGCCGGT,0,2995692
ratA_yfjF_predicted,0.3333333333333333,2,2,TTCCATATTATAATTCTGAT,0,3017030
ratA_yfjF_predicted,0.3333333333333333,2,2,TTCCAACTGACAGGCGCGCA,0,3001307
ratA_yfjF_predicted,0.3333333333333333,2,2,TTCATTATTACTTAAACTGG,0,3012678
ratA_yfjF_predicted,0.3333333333333333,2,2,TTCAGGTCTCACCTGCCGAG,0,3010577
ratA_yfjF_predicted,0.3333333333333333,2,2,TTCAGCCTGGCAATAGGCCA,0,3017275
ratA_yfjF_predicted,0.3333333333333333,2,2,TTCACTAAAATGTCGGTTGG,0,3020770
ratA_yfjF_predicted,0.3333333333333333,2,2,TTATTAACGGTTAGACAGTC,0,2992030
ratA_yfjF_predicted,0.3333333333333333,2,2,TTATGAACTACGGATCTCGG,0,3004643
ratA_yfjF_predicted,0.3333333333333333,2,2,TTATAGCGAGGGTAATAGCG,0,3020618
ratA_yfjF_predicted,0.3333333333333333,2,2,TTATAAACCCTTATAGATTC,0,3017584
ratA_yfjF_predicted,0.3333333333333333,2,2,TTAGTATGAGCGATAAGTCG,0,2999791
ratA_yfjF_predicted,0.3333333333333333,2,2,TTAGTAGTCGCGGGCGGATG,0,2999918
ratA_yfjF_predicted,0.3333333333333333,2,2,TTAGGATTCGGTGTTTGAAT,0,3000081
ratA_yfjF_predicted,0.3333333333333333,2,2,TTAGCATACGTTCCATGTGA,0,3004969
ratA_yfjF_predicted,0.3333333333333333,2,2,TTAGCAATCCGCCAATGGGA,0,2998369
ratA_yfjF_predicted,0.3333333333333333,2,2,TTAGATTCTTGGATCATATG,0,3020771
ratA_yfjF_predicted,0.3333333333333333,2,2,TTACTCATTTGAATTGGTTA,0,3005779
ratA_yfjF_predicted,0.3333333333333333,2,2,TTACGTTTCGAACGTGACTA,0,3013986
ratA_yfjF_predicted,0.3333333333333333,2,2,TTACGTCAAACGCATAATCT,0,3017572
ratA_yfjF_predicted,0.3333333333333333,2,2,TTAATCGTTAAGGGCAGCGA,0,3006681
ratA_yfjF_predicted,0.3333333333333333,2,2,TTAAGACTCAGCCACCAGAC,0,3009300
ratA_yfjF_predicted,0.3333333333333333,2,2,TGTTACGATGGTGCATCGAT,0,3003939
ratA_yfjF_predicted,0.3333333333333333,2,2,TGTGGAATGACTTCAGCGAG,0,3004693
ratA_yfjF_predicted,0.3333333333333333,2,2,TGTGACTGTCAAAGCGACAT,0,3016246
ratA_yfjF_predicted,0.3333333333333333,2,2,TGTCTCGCGAAGGTATGAAC,0,3016129
ratA_yfjF_predicted,0.3333333333333333,2,2,TGTCGGCCGATCAATAGGCT,0,2998800
ratA_yfjF_predicted,0.3333333333333333,2,2,TGTATACGCCCGCACATCAC,0,2996184
ratA_yfjF_predicted,0.3333333333333333,2,2,TGTAGAGGTCTGATGCATGG,0,2993523
ratA_yfjF_predicted,0.3333333333333333,2,2,TGGTGGCTTCGTCGTAGCCC,0,3020891
ratA_yfjF_predicted,0.3333333333333333,2,2,TGGTGGACCTCGCATACAAA,0,3001464
ratA_yfjF_predicted,0.3333333333333333,2,2,TGGTCAAGTTTCTGGGTAAG,0,3009807
ratA_yfjF_predicted,0.3333333333333333,2,2,TGGTCAAGGACTCGTCCCAG,0,3012804
ratA_yfjF_predicted,0.3333333333333333,2,2,TGGTAGTTTCAGCGCTAGAA,0,2991855
ratA_yfjF_predicted,0.3333333333333333,2,2,TGGTAGTTGAAGTGCATTGA,0,3012948
ratA_yfjF_predicted,0.3333333333333333,2,2,TGGTAACCTCTCTATGAGGA,0,3021055
ratA_yfjF_predicted,0.3333333333333333,2,2,TGGGTGAGCCGACGACGGCC,0,3017740
ratA_yfjF_predicted,0.3333333333333333,2,2,TGGGGCGGTCTAGAAATGCA,0,3014649
ratA_yfjF_predicted,0.3333333333333333,2,2,TGGGGCCTTTGAATTCTACT,0,2993284
ratA_yfjF_predicted,0.3333333333333333,2,2,TGGGAGCGTTCGTTGTTGGT,0,3013655
ratA_yfjF_predicted,0.3333333333333333,2,2,TGGGACTCCAACATTGTACT,0,3017084
ratA_yfjF_predicted,0.3333333333333333,2,2,TGGGAACTCCACAGGTACCC,0,3011378
ratA_yfjF_predicted,0.3333333333333333,2,2,TGGCCGTCCATGTACCGCGA,0,2995393
ratA_yfjF_predicted,0.3333333333333333,2,2,TGGCCGACTCGACTGCGTCG,0,2994945
ratA_yfjF_predicted,0.3333333333333333,2,2,TGGCATAATAATGCTATTTT,0,3002852
ratA_yfjF_predicted,0.3333333333333333,2,2,TGGACATTGTTTTGTAAGAC,0,3006890
ratA_yfjF_predicted,0.3333333333333333,2,2,TGGACATTCTAGTATAAATC,0,2999935
ratA_yfjF_predicted,0.3333333333333333,2,2,TGGACATCTGCCAACTTCGA,0,2998491
ratA_yfjF_predicted,0.3333333333333333,2,2,TGGACAACCGAGGCGCGAGC,0,3004461
ratA_yfjF_predicted,0.3333333333333333,2,2,TGGAATGACCGGGATTTGTA,0,2991871
ratA_yfjF_predicted,0.3333333333333333,2,2,TGCTGGGCAGATCCCTGCTA,0,3010372
ratA_yfjF_predicted,0.3333333333333333,2,2,TGCTACCTCGAACGGCACTC,0,3012883
ratA_yfjF_predicted,0.3333333333333333,2,2,TGCGTACCAGTCGTCGGTCG,0,2998495
ratA_yfjF_predicted,0.3333333333333333,2,2,TGCGCCGCTAGCTTAACGTC,0,3010360
ratA_yfjF_predicted,0.3333333333333333,2,2,TGCGAGATAAGGATAAGCGT,0,3010912
ratA_yfjF_predicted,0.3333333333333333,2,2,TGCCTTACGGTTCAGTAAAT,0,3006432
ratA_yfjF_predicted,0.3333333333333333,2,2,TGCCGTGGAGCGATATCACG,0,2993176
ratA_yfjF_predicted,0.3333333333333333,2,2,TGCCAGCTCCTACAAACCGT,0,3014468
ratA_yfjF_predicted,0.3333333333333333,2,2,TGATGGTTTAGATGGTCTGT,0,3007953
ratA_yfjF_predicted,0.3333333333333333,2,2,TGATGGAGGTGCGGCATCCG,0,3015802
ratA_yfjF_predicted,0.3333333333333333,2,2,TGATCAACACATGTATTGCA,0,3006453
ratA_yfjF_predicted,0.3333333333333333,2,2,TGATAGTCGAGACAGCCGAT,0,3014438
ratA_yfjF_predicted,0.3333333333333333,2,2,TGAGTCTCTAGGTAGGACGA,0,3015459
ratA_yfjF_predicted,0.3333333333333333,2,2,TGAGTAGTGAGTCACTGGTC,0,3017181
ratA_yfjF_predicted,0.3333333333333333,2,2,TGAGGAGATGGTCATAATGC,0,2993902
ratA_yfjF_predicted,0.3333333333333333,2,2,TGAGGACGCGCCTAGGGCGA,0,3008584
ratA_yfjF_predicted,0.3333333333333333,2,2,TGAGAGAAGGATGTAGCTTC,0,3004736
ratA_yfjF_predicted,0.3333333333333333,2,2,TGACGGCGACCGTTACGGGG,0,3005581
ratA_yfjF_predicted,0.3333333333333333,2,2,TGACCGACCCACTCGGGATA,0,2997419
ratA_yfjF_predicted,0.3333333333333333,2,2,TGACCAAGCCTATACTGAAC,0,3002748
ratA_yfjF_predicted,0.3333333333333333,2,2,TGAAGACAACTGTGAAACGA,0,3000318
ratA_yfjF_predicted,0.3333333333333333,2,2,TGAAAACGACAATTTGTGAT,0,3001687
ratA_yfjF_predicted,0.3333333333333333,2,2,TCTTTTTCCGAAAGATGTGT,0,2996177
ratA_yfjF_predicted,0.3333333333333333,2,2,TCTTCTCACTAGGCTACGGC,0,3020292
ratA_yfjF_predicted,0.3333333333333333,2,2,TCTGCTTTTAATACATGGTG,0,3008673
ratA_yfjF_predicted,0.3333333333333333,2,2,TCTGCGGGGAGCTCAACACA,0,2997709
ratA_yfjF_predicted,0.3333333333333333,2,2,TCTGAGTGGGTTAGCCGGTA,0,3011470
ratA_yfjF_predicted,0.3333333333333333,2,2,TCTCTCGGGGAATGAATAAT,0,3008046
ratA_yfjF_predicted,0.3333333333333333,2,2,TCTCGCATGCCGACGACTGA,0,3006614
ratA_yfjF_predicted,0.3333333333333333,2,2,TCTATCGTTGGCTGGCTTCA,0,2992599
ratA_yfjF_predicted,0.3333333333333333,2,2,TCTAGCATTACTTCCCCCTG,0,3008792
ratA_yfjF_predicted,0.3333333333333333,2,2,TCTAGAGGGAGCGTTTTAAC,0,3015910
ratA_yfjF_predicted,0.3333333333333333,2,2,TCTAAGCCTATTTTACAAGG,0,2995972
ratA_yfjF_predicted,0.3333333333333333,2,2,TCTAACACACATGGATATAG,0,3014242
ratA_yfjF_predicted,0.3333333333333333,2,2,TCGTGGACCTGATTAACAAA,0,3018371
ratA_yfjF_predicted,0.3333333333333333,2,2,TCGTGAGCGATCCTTCTCGA,0,2992392
ratA_yfjF_predicted,0.3333333333333333,2,2,TCGTCTGAAGGCCCGGCGTT,0,3010991
ratA_yfjF_predicted,0.3333333333333333,2,2,TCGTCGTAAGATCCAGCACC,0,3012637
ratA_yfjF_predicted,0.3333333333333333,2,2,TCGGTTCAGGCTTTTACCAC,0,3005620
ratA_yfjF_predicted,0.3333333333333333,2,2,TCGGTCGTGGCTTGGTTATT,0,3019584
ratA_yfjF_predicted,0.3333333333333333,2,2,TCGGCATACCGTACGTTCCA,0,3013933
ratA_yfjF_predicted,0.3333333333333333,2,2,TCGCTGCGAAACGGGTTAGC,0,3010030
ratA_yfjF_predicted,0.3333333333333333,2,2,TCGCTGAGAGATCAACTACA,0,2993508
ratA_yfjF_predicted,0.3333333333333333,2,2,TCGCTCGAAGATTGTGCCGT,0,3005013
ratA_yfjF_predicted,0.3333333333333333,2,2,TCGCTACAGAAATCTGCTGG,0,3017425
ratA_yfjF_predicted,0.3333333333333333,2,2,TCGCGGCGGCCTTTAGTATT,0,3005007
ratA_yfjF_predicted,0.3333333333333333,2,2,TCGCCTATACCAAGGGTAGC,0,2997789
ratA_yfjF_predicted,0.3333333333333333,2,2,TCGCCGATCGAAGCTCTTCT,0,3018651
ratA_yfjF_predicted,0.3333333333333333,2,2,TCGCCATGCCTATGTCCTGA,0,3011881
ratA_yfjF_predicted,0.3333333333333333,2,2,TCGATTGTAAGACTTCTGCA,0,3008712
ratA_yfjF_predicted,0.3333333333333333,2,2,TCGAGTTCTAGATACTCATT,0,3013493
ratA_yfjF_predicted,0.3333333333333333,2,2,TCGAGTCTTTCGAGACCTAG,0,3009556
ratA_yfjF_predicted,0.3333333333333333,2,2,TCGAGGGGTTGAGGACGTGC,0,3018363
ratA_yfjF_predicted,0.3333333333333333,2,2,TCGAGAAAGCTGTAAAGAGA,0,3015723
ratA_yfjF_predicted,0.3333333333333333,2,2,TCGAATGGCTCCAAAGCACA,0,2998105
ratA_yfjF_predicted,0.3333333333333333,2,2,TCGAATGCCCCATAAGCAAG,0,2997942
ratA_yfjF_predicted,0.3333333333333333,2,2,TCCTTTCGGCTCACGCTCGG,0,2994584
ratA_yfjF_predicted,0.3333333333333333,2,2,TCCTGCAAAAAGTTGGTTCA,0,3016061
ratA_yfjF_predicted,0.3333333333333333,2,2,TCCTAAATCCGTTAGCCACT,0,3012568
ratA_yfjF_predicted,0.3333333333333333,2,2,TCCGTAGGGCGTTGCGGTAG,0,3013773
ratA_yfjF_predicted,0.3333333333333333,2,2,TCCGGTTGCAGATCAGGGAC,0,3008556
ratA_yfjF_predicted,0.3333333333333333,2,2,TCCGGGCGTACGCTGCTTCA,0,3000445
ratA_yfjF_predicted,0.3333333333333333,2,2,TCCGGCTTGGTTAGCGTATA,0,3013209
ratA_yfjF_predicted,0.3333333333333333,2,2,TCCGCTGTTGTAGCGGCTGT,0,3013000
ratA_yfjF_predicted,0.3333333333333333,2,2,TCCGAAGTTTCTACAGATCA,0,3005709
ratA_yfjF_predicted,0.3333333333333333,2,2,TCCCTTGCAATCGCACTTCT,0,2996905
ratA_yfjF_predicted,0.3333333333333333,2,2,TCCCGTGGCAGCGTCAGCCC,0,2997713
ratA_yfjF_predicted,0.3333333333333333,2,2,TCCCGGATTCCAACGGGCTT,0,3017797
ratA_yfjF_predicted,0.3333333333333333,2,2,TCCCCATCCGGCGTCGGTGA,0,3005837
ratA_yfjF_predicted,0.3333333333333333,2,2,TCCCATGGGAGCAATACTCA,0,3014032
ratA_yfjF_predicted,0.3333333333333333,2,2,TCCCACTTATGGTAGCTCCC,0,3009024
ratA_yfjF_predicted,0.3333333333333333,2,2,TCCAGTCGTAAGGAAGTGCT,0,2996386
ratA_yfjF_predicted,0.3333333333333333,2,2,TCCACGTATGTACAGTAACT,0,3005379
ratA_yfjF_predicted,0.3333333333333333,2,2,TCCACGGTAGGTTGAGAGGT,0,2998021
ratA_yfjF_predicted,0.3333333333333333,2,2,TCCAAATTAAGTATCGACGA,0,2992679
ratA_yfjF_predicted,0.3333333333333333,2,2,TCATAGCAGGTCAGCTTATG,0,3002510
ratA_yfjF_predicted,0.3333333333333333,2,2,TCATACGGCAAGTAGTGCTC,0,3001359
ratA_yfjF_predicted,0.3333333333333333,2,2,TCAGAGGCAGCTGCTCATTC,0,3020674
ratA_yfjF_predicted,0.3333333333333333,2,2,TCACCATGAACCGGCATGGA,0,3011245
ratA_yfjF_predicted,0.3333333333333333,2,2,TCAATCCGAATCTTCACGAT,0,3012264
ratA_yfjF_predicted,0.3333333333333333,2,2,TCAATAGTTGGCATGGGCTC,0,3014751
ratA_yfjF_predicted,0.3333333333333333,2,2,TCAAGATAAAGGGAACATGA,0,3020433
ratA_yfjF_predicted,0.3333333333333333,2,2,TATTTGTTTACGAAGGTCAT,0,3003162
ratA_yfjF_predicted,0.3333333333333333,2,2,TATTTGAATACTGCAACAGC,0,3004297
ratA_yfjF_predicted,0.3333333333333333,2,2,TATTGGATGAAGCACACGGG,0,3006740
ratA_yfjF_predicted,0.3333333333333333,2,2,TATTACCTTATAAGTTTTTC,0,3004649
ratA_yfjF_predicted,0.3333333333333333,2,2,TATGTGAACATAAGGTGCAT,0,2994254
ratA_yfjF_predicted,0.3333333333333333,2,2,TATGGGAGACCGCTAGCACA,0,3015144
ratA_yfjF_predicted,0.3333333333333333,2,2,TATGCATTACTCCACTTTAT,0,3001258
ratA_yfjF_predicted,0.3333333333333333,2,2,TATCTGTTGCTGCCTCAAAG,0,2996078
ratA_yfjF_predicted,0.3333333333333333,2,2,TATAGAGCGCTAATGATATT,0,3005989
ratA_yfjF_predicted,0.3333333333333333,2,2,TATAATTAACAGGGATTCTC,0,2996073
ratA_yfjF_predicted,0.3333333333333333,2,2,TATAATACTGTAACTCAATG,0,3002617
ratA_yfjF_predicted,0.3333333333333333,2,2,TATAAGTCTCGTGTGGCGCT,0,3017791
ratA_yfjF_predicted,0.3333333333333333,2,2,TAGGTTGGTGCCATCGCCTA,0,3020302
ratA_yfjF_predicted,0.3333333333333333,2,2,TAGGGTGTCCGCTCCGATGA,0,2998437
ratA_yfjF_predicted,0.3333333333333333,2,2,TAGGGTCTGGTACCCATGCT,0,2992967
ratA_yfjF_predicted,0.3333333333333333,2,2,TAGGGTCGGCGTTACCGTCC,0,2993536
ratA_yfjF_predicted,0.3333333333333333,2,2,TAGGACACATACCGGATTTC,0,3016053
ratA_yfjF_predicted,0.3333333333333333,2,2,TAGGACACAGGGGGGTGTCG,0,3013857
ratA_yfjF_predicted,0.3333333333333333,2,2,TAGCTTACGACTAAGACCGT,0,3011328
ratA_yfjF_predicted,0.3333333333333333,2,2,TAGCTGATTTCCGCCTATCA,0,2994617
ratA_yfjF_predicted,0.3333333333333333,2,2,TAGATGGGGCTAACATATCG,0,2994099
ratA_yfjF_predicted,0.3333333333333333,2,2,TAGAGTCATGGTGTCTGCGG,0,3010941
ratA_yfjF_predicted,0.3333333333333333,2,2,TACTTTGCTACCTCACACCA,0,3001873
ratA_yfjF_predicted,0.3333333333333333,2,2,TACTCGTCACAGCCATATCT,0,2997902
ratA_yfjF_predicted,0.3333333333333333,2,2,TACTACGGGTGGACGGGGGG,0,3017842
ratA_yfjF_predicted,0.3333333333333333,2,2,TACTACAGCTAGGAAGCCCC,0,3005951
ratA_yfjF_predicted,0.3333333333333333,2,2,TACGTCCGCTTGTAACAAGC,0,3010619
ratA_yfjF_predicted,0.3333333333333333,2,2,TACGTAGACCGAAAGGTATA,0,3019879
ratA_yfjF_predicted,0.3333333333333333,2,2,TACGGGGATTAGTTTGTATG,0,3000788
ratA_yfjF_predicted,0.3333333333333333,2,2,TACGGCTCGTATTCTTTGGC,0,2994138
ratA_yfjF_predicted,0.3333333333333333,2,2,TACGGAATTAGAGTCGCAGT,0,3004293
ratA_yfjF_predicted,0.3333333333333333,2,2,TACGCAAGCCTTACGTGGCG,0,3017107
ratA_yfjF_predicted,0.3333333333333333,2,2,TACGAATAAGAGCCGGCCCG,0,3019170
ratA_yfjF_predicted,0.3333333333333333,2,2,TACCGCCAGTGCTTCAATGG,0,3011547
ratA_yfjF_predicted,0.3333333333333333,2,2,TACATGATAGCGCAAGGGAA,0,3018121
ratA_yfjF_predicted,0.3333333333333333,2,2,TACAGTTGGTTATGATCGGT,0,3008365
ratA_yfjF_predicted,0.3333333333333333,2,2,TAATTTGATGCGCACTTCGG,0,3007428
ratA_yfjF_predicted,0.3333333333333333,2,2,TAATTGGCTGCTGATAAAAC,0,2994239
ratA_yfjF_predicted,0.3333333333333333,2,2,TAATTCGGTTCCGCGGCTCC,0,3009583
ratA_yfjF_predicted,0.3333333333333333,2,2,TAATAGTTCTCTTCAGAGAA,0,2995980
ratA_yfjF_predicted,0.3333333333333333,2,2,TAAGCGTTCCTTGGAGAAAA,0,2997246
ratA_yfjF_predicted,0.3333333333333333,2,2,TAAGAGACTTTTCGATTTAA,0,3004973
ratA_yfjF_predicted,0.3333333333333333,2,2,TAACGTTCTAGGCCCCCGTG,0,3014203
ratA_yfjF_predicted,0.3333333333333333,2,2,TAACGCGAGTTCGCGGACAG,0,3020607
ratA_yfjF_predicted,0.3333333333333333,2,2,TAACCCGCATCCAGCGGTCT,0,3003237
ratA_yfjF_predicted,0.3333333333333333,2,2,TAACCCCCAGAAGAGTGCAG,0,2995326
ratA_yfjF_predicted,0.3333333333333333,2,2,TAACAAAGGGACTGAAACGG,0,3009505
ratA_yfjF_predicted,0.3333333333333333,2,2,TAAAGGTAGGTAATAACGCT,0,3006718
ratA_yfjF_predicted,0.3333333333333333,2,2,TAAAATCTCGTACTACGCGA,0,2999585
ratA_yfjF_predicted,0.3333333333333333,2,2,GTTTCCATTTTGAGGAACGG,0,3016285
ratA_yfjF_predicted,0.3333333333333333,2,2,GTTTCACGGAAGAATTGACT,0,3020058
ratA_yfjF_predicted,0.3333333333333333,2,2,GTTTAGTAGTCGTGCTGCCA,0,2991845
ratA_yfjF_predicted,0.3333333333333333,2,2,GTTTAGGCCGATCTAATTGA,0,3001071
ratA_yfjF_predicted,0.3333333333333333,2,2,GTTGTGTGTACGAGATTCCG,0,2994150
ratA_yfjF_predicted,0.3333333333333333,2,2,GTTGGGACTCGCCTCATATG,0,3018279
ratA_yfjF_predicted,0.3333333333333333,2,2,GTTGCGTAAACATGTGTTCT,0,2998430
ratA_yfjF_predicted,0.3333333333333333,2,2,GTTGCCGGGATGTCACCTGG,0,2999467
ratA_yfjF_predicted,0.3333333333333333,2,2,GTTGAAAACCGAAAACTTCA,0,2997524
ratA_yfjF_predicted,0.3333333333333333,2,2,GTTCGTTACCTGCTCGTCTT,0,2994931
ratA_yfjF_predicted,0.3333333333333333,2,2,GTTCGCTAGATCGGGCTTGG,0,3016754
ratA_yfjF_predicted,0.3333333333333333,2,2,GTTCCGTCGACAGCGTCTGC,0,3002555
ratA_yfjF_predicted,0.3333333333333333,2,2,GTTCCGGTCAACTAAGTATT,0,2995296
ratA_yfjF_predicted,0.3333333333333333,2,2,GTTCAACGTAAGCCGTAGTT,0,3011588
ratA_yfjF_predicted,0.3333333333333333,2,2,GTTATAGACGACACCCTAGA,0,2992408
ratA_yfjF_predicted,0.3333333333333333,2,2,GTTAGTTTAGACCATGAAAT,0,3010755
ratA_yfjF_predicted,0.3333333333333333,2,2,GTGTGAGGCTGCTGGGAGCG,0,3004996
ratA_yfjF_predicted,0.3333333333333333,2,2,GTGTCTCAGCTATCCACACA,0,3012418
ratA_yfjF_predicted,0.3333333333333333,2,2,GTGGGTGTCCAGCGTGCACT,0,3011696
ratA_yfjF_predicted,0.3333333333333333,2,2,GTGGATCTCCGCAGTTTTGC,0,2995679
ratA_yfjF_predicted,0.3333333333333333,2,2,GTGCTGTCTCTACAGTAAAC,0,3009304
ratA_yfjF_predicted,0.3333333333333333,2,2,GTGCTGACGCCGACGAATAT,0,3018061
ratA_yfjF_predicted,0.3333333333333333,2,2,GTGCGTGAGAGTGAGAAACA,0,2997879
ratA_yfjF_predicted,0.3333333333333333,2,2,GTGCGGTGCTTGGACCTTGG,0,3016584
ratA_yfjF_predicted,0.3333333333333333,2,2,GTGAGCCGTGCTAACTCCGG,0,2995031
ratA_yfjF_predicted,0.3333333333333333,2,2,GTGACCAGACTCTCGCCTAT,0,3006356
ratA_yfjF_predicted,0.3333333333333333,2,2,GTGAACTTTGACCGCTACAA,0,3019640
ratA_yfjF_predicted,0.3333333333333333,2,2,GTCTTGTGTTACTTGCTGTC,0,3006679
ratA_yfjF_predicted,0.3333333333333333,2,2,GTCTGCCCGCATCGACTTTG,0,2991766
ratA_yfjF_predicted,0.3333333333333333,2,2,GTCTCTTAGCTTTCACGGTA,0,3009148
ratA_yfjF_predicted,0.3333333333333333,2,2,GTCTCGGTTAACGTTTCGCG,0,3012679
ratA_yfjF_predicted,0.3333333333333333,2,2,GTCGAGATAGATCTCAGACT,0,2993799
ratA_yfjF_predicted,0.3333333333333333,2,2,GTCGAACCCGACGAGTCTAC,0,2999572
ratA_yfjF_predicted,0.3333333333333333,2,2,GTCCTCACATTACGTAATGC,0,3010058
ratA_yfjF_predicted,0.3333333333333333,2,2,GTCCGGTCAGCCTGCCGGGG,0,2991960
ratA_yfjF_predicted,0.3333333333333333,2,2,GTCCCGGCAGATTTTGGTGG,0,3009982
ratA_yfjF_predicted,0.3333333333333333,2,2,GTCCCCGTAGGCGACCCCAA,0,3001069
ratA_yfjF_predicted,0.3333333333333333,2,2,GTCAGGTGAGTAACAATCAG,0,3020148
ratA_yfjF_predicted,0.3333333333333333,2,2,GTCACCTATGGCAGCCTTTC,0,3001013
ratA_yfjF_predicted,0.3333333333333333,2,2,GTATTTACCCGGAGGCTCAT,0,3000634
ratA_yfjF_predicted,0.3333333333333333,2,2,GTATTGTGAAAGTGTAGGTA,0,3020762
ratA_yfjF_predicted,0.3333333333333333,2,2,GTATAGAAAAACGACTATGT,0,3013397
ratA_yfjF_predicted,0.3333333333333333,2,2,GTAGTGGGTATCTACGGCGT,0,3013245
ratA_yfjF_predicted,0.3333333333333333,2,2,GTAGTCAGACACTCCAGCGA,0,3017722
ratA_yfjF_predicted,0.3333333333333333,2,2,GTAGGTATCTCAAGCCATTA,0,3007567
ratA_yfjF_predicted,0.3333333333333333,2,2,GTAGCTTAAATCACTTCAAA,0,3005318
ratA_yfjF_predicted,0.3333333333333333,2,2,GTAGCAGCAAACGCTTTTGT,0,2995116
ratA_yfjF_predicted,0.3333333333333333,2,2,GTACGATATCACCGGGCACC,0,2993396
ratA_yfjF_predicted,0.3333333333333333,2,2,GTACAGTATAATCCCGCCGG,0,2998875
ratA_yfjF_predicted,0.3333333333333333,2,2,GTAATTCGCTGTAACGGCTA,0,2999715
ratA_yfjF_predicted,0.3333333333333333,2,2,GTAATGGACAGGGTGTATCT,0,3020225
ratA_yfjF_predicted,0.3333333333333333,2,2,GTAATCTAAAAGTTGTCCTG,0,3013681
ratA_yfjF_predicted,0.3333333333333333,2,2,GTAAATAATTAACAAAGCTG,0,3017729
ratA_yfjF_predicted,0.3333333333333333,2,2,GGTTTGGAGCTGGTGGTTGT,0,3006884
ratA_yfjF_predicted,0.3333333333333333,2,2,GGTTTCTCTTAATATGGCTC,0,2998299
ratA_yfjF_predicted,0.3333333333333333,2,2,GGTTGTTGGGGTATTTAGGG,0,3018587
ratA_yfjF_predicted,0.3333333333333333,2,2,GGTTGTTAGCTTTTAAGGTC,0,2994634
ratA_yfjF_predicted,0.3333333333333333,2,2,GGTTATGATTACCTTGCTAC,0,3006746
ratA_yfjF_predicted,0.3333333333333333,2,2,GGTTATCCACTGAGTGAAAT,0,3014422
ratA_yfjF_predicted,0.3333333333333333,2,2,GGTTACCCCGTTAATCATCC,0,3012443
ratA_yfjF_predicted,0.3333333333333333,2,2,GGTGTTGTGATCCGGACCAG,0,3010197
ratA_yfjF_predicted,0.3333333333333333,2,2,GGTGGGTGACTAACAGTAGG,0,3017687
ratA_yfjF_predicted,0.3333333333333333,2,2,GGTGCACACGACATCGGAAT,0,3012230
ratA_yfjF_predicted,0.3333333333333333,2,2,GGTGACCAGTGGGTCCTACT,0,3016052
ratA_yfjF_predicted,0.3333333333333333,2,2,GGTGACAGTCGGCGGATACC,0,2993992
ratA_yfjF_predicted,0.3333333333333333,2,2,GGTCCACCGGGTCACCCCTC,0,3001870
ratA_yfjF_predicted,0.3333333333333333,2,2,GGTCAATTGTTAGGGGGAGT,0,2999884
ratA_yfjF_predicted,0.3333333333333333,2,2,GGTATACTAGCTGTCTTCGC,0,3003157
ratA_yfjF_predicted,0.3333333333333333,2,2,GGTATAATCTAAAATGCCAC,0,2992856
ratA_yfjF_predicted,0.3333333333333333,2,2,GGTACGAACACTTTTGGAAT,0,3005261
ratA_yfjF_predicted,0.3333333333333333,2,2,GGTACACGGCGTGACACTTG,0,3020443
ratA_yfjF_predicted,0.3333333333333333,2,2,GGTACACAACCAATTTGATC,0,2994568
ratA_yfjF_predicted,0.3333333333333333,2,2,GGGTTATGTCGCTACCTCGG,0,2998434
ratA_yfjF_predicted,0.3333333333333333,2,2,GGGTGGTCCCTACAGGCACC,0,3021646
ratA_yfjF_predicted,0.3333333333333333,2,2,GGGTGAATATTGCTGTTCTA,0,2992883
ratA_yfjF_predicted,0.3333333333333333,2,2,GGGTACACTCCCCGAAGACT,0,3001532
ratA_yfjF_predicted,0.3333333333333333,2,2,GGGGTACTACTTTCCCTTCA,0,2996049
ratA_yfjF_predicted,0.3333333333333333,2,2,GGGGGTAGTGCACACTGATC,0,3008315
ratA_yfjF_predicted,0.3333333333333333,2,2,GGGGGATAATAGGTTGCGAT,0,3010613
ratA_yfjF_predicted,0.3333333333333333,2,2,GGGCGAGGCCAGCATTTGGT,0,3012682
ratA_yfjF_predicted,0.3333333333333333,2,2,GGGCCTCGCTCGCGAAGGAA,0,3000955
ratA_yfjF_predicted,0.3333333333333333,2,2,GGGCCGGCCGCCTCTTTAGT,0,3002800
ratA_yfjF_predicted,0.3333333333333333,2,2,GGGCCGATACCGACCCCTCT,0,2999773
ratA_yfjF_predicted,0.3333333333333333,2,2,GGGCACAAGGAAGCATATTG,0,3011694
ratA_yfjF_predicted,0.3333333333333333,2,2,GGGATTCACGCTGCTCAGGT,0,3007482
ratA_yfjF_predicted,0.3333333333333333,2,2,GGGATAATACCGGATGGGCG,0,3018182
ratA_yfjF_predicted,0.3333333333333333,2,2,GGGAACCCCGGTTGTGATCA,0,2997893
ratA_yfjF_predicted,0.3333333333333333,2,2,GGCTGGCGCTGAACCGATAA,0,3005403
ratA_yfjF_predicted,0.3333333333333333,2,2,GGCTCGCTATACGGCCTCGG,0,3008867
ratA_yfjF_predicted,0.3333333333333333,2,2,GGCTCCAATACTCGGATGGA,0,3013913
ratA_yfjF_predicted,0.3333333333333333,2,2,GGCTAGAGACCCATATTAAG,0,3002983
ratA_yfjF_predicted,0.3333333333333333,2,2,GGCGTAGTAATGCGTGGCAC,0,3003425
ratA_yfjF_predicted,0.3333333333333333,2,2,GGCGGAGGCTCCGGGTGGCT,0,3012728
ratA_yfjF_predicted,0.3333333333333333,2,2,GGCCGGCGGTTGGTTACCAA,0,2997616
ratA_yfjF_predicted,0.3333333333333333,2,2,GGCCGCTTACCGGGTTGGTA,0,2998884
ratA_yfjF_predicted,0.3333333333333333,2,2,GGCCCGGGAAGACTCAGGGG,0,2997956
ratA_yfjF_predicted,0.3333333333333333,2,2,GGCCCCAAAATGTTACGAAA,0,2995229
ratA_yfjF_predicted,0.3333333333333333,2,2,GGCCCACGGTATAGGGGTCA,0,3016875
ratA_yfjF_predicted,0.3333333333333333,2,2,GGCCACATACACTCTCGAGA,0,3000242
ratA_yfjF_predicted,0.3333333333333333,2,2,GGCAGTAGTCTTAGCCTATC,0,3002404
ratA_yfjF_predicted,0.3333333333333333,2,2,GGCAGAGGGGGACTCTTACT,0,3020960
ratA_yfjF_predicted,0.3333333333333333,2,2,GGCAAGGCAAGTATGGGGCT,0,2999674
ratA_yfjF_predicted,0.3333333333333333,2,2,GGCAAGCGTGAGGCGTACTG,0,3004445
ratA_yfjF_predicted,0.3333333333333333,2,2,GGCAAACGCTAATGCCCACC,0,3019508
ratA_yfjF_predicted,0.3333333333333333,2,2,GGATGTAGTCTGTTTGTCAC,0,3015398
ratA_yfjF_predicted,0.3333333333333333,2,2,GGATGAACGCGTGTCTAACG,0,3005781
ratA_yfjF_predicted,0.3333333333333333,2,2,GGATCGGAATTTTCAGTTGT,0,2995473
ratA_yfjF_predicted,0.3333333333333333,2,2,GGATCCACGTGCGAAAAGAA,0,3000510
ratA_yfjF_predicted,0.3333333333333333,2,2,GGATCAGTTAAACTTCGCTT,0,2998885
ratA_yfjF_predicted,0.3333333333333333,2,2,GGATATTTTCTATGCTGAAA,0,3000501
ratA_yfjF_predicted,0.3333333333333333,2,2,GGAGTTGTTGTCTCCGTCCA,0,2997108
ratA_yfjF_predicted,0.3333333333333333,2,2,GGAGGTTTTATAGTCAGTTG,0,3018563
ratA_yfjF_predicted,0.3333333333333333,2,2,GGAGGTGACTTGACTGATTG,0,3003980
ratA_yfjF_predicted,0.3333333333333333,2,2,GGAGGGGCGCAACTCACTTT,0,3000384
ratA_yfjF_predicted,0.3333333333333333,2,2,GGAGATCCCGAGGATAACTC,0,3005955
ratA_yfjF_predicted,0.3333333333333333,2,2,GGAGAGGTTGTAAGCGAGTT,0,2993201
ratA_yfjF_predicted,0.3333333333333333,2,2,GGACTAATGACAGGTGCAAC,0,3009449
ratA_yfjF_predicted,0.3333333333333333,2,2,GGACCTTTACGACCGAAGAA,0,2992632
ratA_yfjF_predicted,0.3333333333333333,2,2,GGACCGTAAGAGAGAAATAC,0,2997243
ratA_yfjF_predicted,0.3333333333333333,2,2,GGAATGCCAATCTGGTCGTG,0,3004690
ratA_yfjF_predicted,0.3333333333333333,2,2,GGAACGATCGTGTACGCATC,0,2999711
ratA_yfjF_predicted,0.3333333333333333,2,2,GGAACAGTCCGCCTATTGGA,0,3009630
ratA_yfjF_predicted,0.3333333333333333,2,2,GGAAAGGGCCAAAAATATAC,0,2999844
ratA_yfjF_predicted,0.3333333333333333,2,2,GGAAAGGACTTCGGTGGGCA,0,3006761
ratA_yfjF_predicted,0.3333333333333333,2,2,GCTTGCCCAGCGGGATACCG,0,2993560
ratA_yfjF_predicted,0.3333333333333333,2,2,GCTGTTCAATGCATGTGCTG,0,2998782
ratA_yfjF_predicted,0.3333333333333333,2,2,GCTGTCATCCTCGGCAGATC,0,2997255
ratA_yfjF_predicted,0.3333333333333333,2,2,GCTGCCTATAAATGAGTGCG,0,3014200
ratA_yfjF_predicted,0.3333333333333333,2,2,GCTCTGTGACGTTGTGAGAA,0,2999213
ratA_yfjF_predicted,0.3333333333333333,2,2,GCTCGAGATGCTCCGCTAGT,0,3004777
ratA_yfjF_predicted,0.3333333333333333,2,2,GCTCCGGCATAAGTGCTAAA,0,3016203
ratA_yfjF_predicted,0.3333333333333333,2,2,GCTCCATTGGTGATCGTTAC,0,3008885
ratA_yfjF_predicted,0.3333333333333333,2,2,GCTAGTAGTAACCTGCAAAC,0,3008732
ratA_yfjF_predicted,0.3333333333333333,2,2,GCTAATCACAATCCTTGCCA,0,3006987
ratA_yfjF_predicted,0.3333333333333333,2,2,GCTAAGCCAACATGATGTTC,0,2993627
ratA_yfjF_predicted,0.3333333333333333,2,2,GCTAACTCATTGGCCAACGG,0,2993408
ratA_yfjF_predicted,0.3333333333333333,2,2,GCGTGTAGGGGTAGGTAGGT,0,3021360
ratA_yfjF_predicted,0.3333333333333333,2,2,GCGTGGAAAACCCGCCCCTG,0,3016771
ratA_yfjF_predicted,0.3333333333333333,2,2,GCGTCTTGTTTTGTCATCAT,0,3002642
ratA_yfjF_predicted,0.3333333333333333,2,2,GCGTACTTGGTCCACAAGGG,0,3017779
ratA_yfjF_predicted,0.3333333333333333,2,2,GCGTACACGGCCATTGTGCT,0,3019159
ratA_yfjF_predicted,0.3333333333333333,2,2,GCGGTGTCAGGGCTTTAATA,0,3014726
ratA_yfjF_predicted,0.3333333333333333,2,2,GCGGTGGATCACCGGCCTGA,0,2998835
ratA_yfjF_predicted,0.3333333333333333,2,2,GCGGTGCGGCTCGTCGCGTA,0,3016213
ratA_yfjF_predicted,0.3333333333333333,2,2,GCGGGATTTTGCTCAGCTTA,0,3008903
ratA_yfjF_predicted,0.3333333333333333,2,2,GCGGCGTGGTGTCGGATCTC,0,2996466
ratA_yfjF_predicted,0.3333333333333333,2,2,GCGGATGGTCGCCGGAGGGA,0,3007090
ratA_yfjF_predicted,0.3333333333333333,2,2,GCGGAGGAGACGCCAAGAGT,0,3013658
ratA_yfjF_predicted,0.3333333333333333,2,2,GCGCCTGGCACGTACGCCAC,0,3008805
ratA_yfjF_predicted,0.3333333333333333,2,2,GCGCCTACGACAGCACCGAC,0,2995885
ratA_yfjF_predicted,0.3333333333333333,2,2,GCGCCTACGAAGATGGTGCT,0,2997651
ratA_yfjF_predicted,0.3333333333333333,2,2,GCGCCGAGGGTAAGAAACCC,0,3011173
ratA_yfjF_predicted,0.3333333333333333,2,2,GCGCCCGGGGCGCTGTTACG,0,3007869
ratA_yfjF_predicted,0.3333333333333333,2,2,GCGATAAAGTTGCGATCGGA,0,3012811
ratA_yfjF_predicted,0.3333333333333333,2,2,GCGAGGAGGAGTAGCTGTCA,0,3014332
ratA_yfjF_predicted,0.3333333333333333,2,2,GCGACGTGCCGATAGCCTTA,0,3008532
ratA_yfjF_predicted,0.3333333333333333,2,2,GCGAACAAAGGACCAGGTGA,0,3001476
ratA_yfjF_predicted,0.3333333333333333,2,2,GCCTTGTTGAATTATCTATG,0,3013378
ratA_yfjF_predicted,0.3333333333333333,2,2,GCCTTGAACTCTAGAATATA,0,3010849
ratA_yfjF_predicted,0.3333333333333333,2,2,GCCTATTTGGTGGTTGCCGA,0,2995395
ratA_yfjF_predicted,0.3333333333333333,2,2,GCCGTTGTGGCCTCCATGGG,0,3005763
ratA_yfjF_predicted,0.3333333333333333,2,2,GCCGCAGCGCTACGGGCTTA,0,2996650
ratA_yfjF_predicted,0.3333333333333333,2,2,GCCGAACGGTTATATATATC,0,3012526
ratA_yfjF_predicted,0.3333333333333333,2,2,GCCATTCCGCGCGCCTAATG,0,3005043
ratA_yfjF_predicted,0.3333333333333333,2,2,GCCATTAAAAACGTGAGAAA,0,2997517
ratA_yfjF_predicted,0.3333333333333333,2,2,GCCATGCCCACGTCGGCAGC,0,2992046
ratA_yfjF_predicted,0.3333333333333333,2,2,GCCACGGAATCGCCTTCTAG,0,3011449
ratA_yfjF_predicted,0.3333333333333333,2,2,GCCACGATTATCGGCTCTCC,0,3016408
ratA_yfjF_predicted,0.3333333333333333,2,2,GCATGTAGGGACTTGCCGAA,0,3002788
ratA_yfjF_predicted,0.3333333333333333,2,2,GCATAAACAGCGACGGAGCC,0,2998435
ratA_yfjF_predicted,0.3333333333333333,2,2,GCAGTCTTGTACTCAGCTAG,0,3008342
ratA_yfjF_predicted,0.3333333333333333,2,2,GCAGCCGGTGAGTGCTAAAA,0,3018824
ratA_yfjF_predicted,0.3333333333333333,2,2,GCAGAGGTCTCACCGGCGAT,0,3020673
ratA_yfjF_predicted,0.3333333333333333,2,2,GCACTGGTTCGGAGTTTACC,0,3016199
ratA_yfjF_predicted,0.3333333333333333,2,2,GCACCTATGTCGGTAAAACA,0,2994221
ratA_yfjF_predicted,0.3333333333333333,2,2,GCACAGGAGCCACTGCTCCA,0,3003591
ratA_yfjF_predicted,0.3333333333333333,2,2,GCAACCATGGACAACCTTGG,0,3019477
ratA_yfjF_predicted,0.3333333333333333,2,2,GCAACACTCAGTCAGAAGGG,0,3015331
ratA_yfjF_predicted,0.3333333333333333,2,2,GATTTAACAGCGGCCTAGGT,0,3020561
ratA_yfjF_predicted,0.3333333333333333,2,2,GATTGTGCATCTAGCGCTGT,0,3019702
ratA_yfjF_predicted,0.3333333333333333,2,2,GATTGTGAAGCCCCGTCCAT,0,3004202
ratA_yfjF_predicted,0.3333333333333333,2,2,GATTGGATATGCACTGGTAG,0,3001437
ratA_yfjF_predicted,0.3333333333333333,2,2,GATTGATCGCCACCGTCTTT,0,3014157
ratA_yfjF_predicted,0.3333333333333333,2,2,GATGTTTTTTTTTGGAGACT,0,3018568
ratA_yfjF_predicted,0.3333333333333333,2,2,GATGTGTCCGGATTGGAATT,0,3020114
ratA_yfjF_predicted,0.3333333333333333,2,2,GATGTATGCTTGGAGTGTAT,0,2998252
ratA_yfjF_predicted,0.3333333333333333,2,2,GATGATACGTGCTGAGCAGT,0,3000709
ratA_yfjF_predicted,0.3333333333333333,2,2,GATGAGTATACATTTGTGTC,0,3001023
ratA_yfjF_predicted,0.3333333333333333,2,2,GATCTGGCTCCCTGGATGTC,0,3019093
ratA_yfjF_predicted,0.3333333333333333,2,2,GATCTGAGTCTCGTATGCTA,0,3002816
ratA_yfjF_predicted,0.3333333333333333,2,2,GATCGGTCTTGTCGAGAGGT,0,2998964
ratA_yfjF_predicted,0.3333333333333333,2,2,GATCGCTTCAGGAAGTCGTA,0,2999192
ratA_yfjF_predicted,0.3333333333333333,2,2,GATCATGAGACCGATAATAT,0,3016859
ratA_yfjF_predicted,0.3333333333333333,2,2,GATAGTGATGGTTACAAGAA,0,2993424
ratA_yfjF_predicted,0.3333333333333333,2,2,GATACCAGTCCCCCTGACAA,0,3016611
ratA_yfjF_predicted,0.3333333333333333,2,2,GATAACAGAGGCATAACAAC,0,3020527
ratA_yfjF_predicted,0.3333333333333333,2,2,GAGTTGGGCTAGTAATAAGC,0,3012311
ratA_yfjF_predicted,0.3333333333333333,2,2,GAGTTGCCGGAAAAAGGCGG,0,3014767
ratA_yfjF_predicted,0.3333333333333333,2,2,GAGTTAGGCGTTTTCATGTA,0,3008330
ratA_yfjF_predicted,0.3333333333333333,2,2,GAGTGAGGGGATGGTCACCT,0,2995621
ratA_yfjF_predicted,0.3333333333333333,2,2,GAGTACAATATTCGACCAAC,0,3000978
ratA_yfjF_predicted,0.3333333333333333,2,2,GAGGTACATGGAACCCAATG,0,3002148
ratA_yfjF_predicted,0.3333333333333333,2,2,GAGCCTATACTGTGTCCCAT,0,3003725
ratA_yfjF_predicted,0.3333333333333333,2,2,GAGCCGTACTCTTTTGCACG,0,2996884
ratA_yfjF_predicted,0.3333333333333333,2,2,GAGCAGGTGGCCTTACGAGT,0,3007991
ratA_yfjF_predicted,0.3333333333333333,2,2,GAGCAGGCCAGCTCCACACA,0,3008962
ratA_yfjF_predicted,0.3333333333333333,2,2,GAGATGTTTGAGGGATCTCC,0,3009146
ratA_yfjF_predicted,0.3333333333333333,2,2,GAGATACTGCCAGGAGGCAT,0,2991970
ratA_yfjF_predicted,0.3333333333333333,2,2,GAGACGCCGGGTAATGCGTT,0,2999197
ratA_yfjF_predicted,0.3333333333333333,2,2,GAGACCAAGATCTTGTGCCT,0,3003706
ratA_yfjF_predicted,0.3333333333333333,2,2,GACTTGTCAGTTGGGTTATG,0,3013208
ratA_yfjF_predicted,0.3333333333333333,2,2,GACTCATGCTAGACCCGTTG,0,3012617
ratA_yfjF_predicted,0.3333333333333333,2,2,GACGCTCGGCGGAAACACGC,0,2992063
ratA_yfjF_predicted,0.3333333333333333,2,2,GACGCTAAGGTGTCCCTACT,0,3020323
ratA_yfjF_predicted,0.3333333333333333,2,2,GACCCCTTCGTAACCTGCTT,0,3011778
ratA_yfjF_predicted,0.3333333333333333,2,2,GACCAAAGTTGTCAACATGC,0,3007870
ratA_yfjF_predicted,0.3333333333333333,2,2,GACAGTAAGTCTGGCCTAAC,0,2998270
ratA_yfjF_predicted,0.3333333333333333,2,2,GACACGTTTCTATTTGCGAT,0,3017568
ratA_yfjF_predicted,0.3333333333333333,2,2,GACACCTCCTAGCGATGTGC,0,3016233
ratA_yfjF_predicted,0.3333333333333333,2,2,GACACCAAGGACATCAGGGC,0,3001219
ratA_yfjF_predicted,0.3333333333333333,2,2,GACAAAGGGATGAGTCCGCT,0,3013261
ratA_yfjF_predicted,0.3333333333333333,2,2,GAATTAAAATATGCGCGTGA,0,2993637
ratA_yfjF_predicted,0.3333333333333333,2,2,GAATGTGAACGGAGTCTCCA,0,2998630
ratA_yfjF_predicted,0.3333333333333333,2,2,GAATAATTAGCGATGAGCCG,0,3002731
ratA_yfjF_predicted,0.3333333333333333,2,2,GAAGTGGTTATTGCTGGAGC,0,3020647
ratA_yfjF_predicted,0.3333333333333333,2,2,GAAGTGACGCTAGAAATAGC,0,3017823
ratA_yfjF_predicted,0.3333333333333333,2,2,GAAGAGTCGTTGACCCAGCA,0,3011723
ratA_yfjF_predicted,0.3333333333333333,2,2,GAAGACGCGGCGTGCGAACG,0,2998249
ratA_yfjF_predicted,0.3333333333333333,2,2,GAACTGAGCGACCTCGACAT,0,3014020
ratA_yfjF_predicted,0.3333333333333333,2,2,GAAAGTGTTGGATTGCCGTG,0,3017439
ratA_yfjF_predicted,0.3333333333333333,2,2,GAAAGGTGACCTTCAGCCTA,0,2991765
ratA_yfjF_predicted,0.3333333333333333,2,2,CTTTGTGTTGATGTCACTTT,0,2999523
ratA_yfjF_predicted,0.3333333333333333,2,2,CTTTGGGTCAACTCCCGAGA,0,2994561
ratA_yfjF_predicted,0.3333333333333333,2,2,CTTTGATAAATAATAATACA,0,2995279
ratA_yfjF_predicted,0.3333333333333333,2,2,CTTTCGCCTAGACCAAATCC,0,2997588
ratA_yfjF_predicted,0.3333333333333333,2,2,CTTTCAGAACTATGTGAGAA,0,3020196
ratA_yfjF_predicted,0.3333333333333333,2,2,CTTTAAGAGTACTTATAAAT,0,2993713
ratA_yfjF_predicted,0.3333333333333333,2,2,CTTCTGTCCGCGAGTACTAC,0,3006947
ratA_yfjF_predicted,0.3333333333333333,2,2,CTTCTGGGGTCTGGCGTACT,0,3003626
ratA_yfjF_predicted,0.3333333333333333,2,2,CTTCCGGCAACTGAATAAAT,0,3017043
ratA_yfjF_predicted,0.3333333333333333,2,2,CTTAGGGTACTGTGCCGCTG,0,3006199
ratA_yfjF_predicted,0.3333333333333333,2,2,CTTACGTCATCACCGCGTCG,0,3018088
ratA_yfjF_predicted,0.3333333333333333,2,2,CTTACGGAGTGGCCCCCGCC,0,3003377
ratA_yfjF_predicted,0.3333333333333333,2,2,CTTACCTTAACGAAATCCGT,0,2993197
ratA_yfjF_predicted,0.3333333333333333,2,2,CTTAAGACTTCCGATAAGAC,0,2996266
ratA_yfjF_predicted,0.3333333333333333,2,2,CTGGTTATTCAGACTTCCGG,0,3011049
ratA_yfjF_predicted,0.3333333333333333,2,2,CTGGGCTACACAACCGAAAG,0,3001704
ratA_yfjF_predicted,0.3333333333333333,2,2,CTGGGCCATCGCTAATCAGT,0,3009520
ratA_yfjF_predicted,0.3333333333333333,2,2,CTGGCCATAATAATGCCATC,0,3020882
ratA_yfjF_predicted,0.3333333333333333,2,2,CTGGACACTAATCCGGGTCA,0,2998886
ratA_yfjF_predicted,0.3333333333333333,2,2,CTGCTGTCAGCCCCGGGGCT,0,3012269
ratA_yfjF_predicted,0.3333333333333333,2,2,CTGCCTTAGATTCACCCGCA,0,3012160
ratA_yfjF_predicted,0.3333333333333333,2,2,CTGCCATCGTTGCGAGACAT,0,2993925
ratA_yfjF_predicted,0.3333333333333333,2,2,CTGCATGCTTTTTACCATTT,0,3015685
ratA_yfjF_predicted,0.3333333333333333,2,2,CTGATTGCAGGGCCGTTGAT,0,3010294
ratA_yfjF_predicted,0.3333333333333333,2,2,CTGATGAATAGCGGATTAAT,0,3003299
ratA_yfjF_predicted,0.3333333333333333,2,2,CTGATATATCAGTAATCCGA,0,3011856
ratA_yfjF_predicted,0.3333333333333333,2,2,CTGAGATTGTAATTCAATAG,0,2996573
ratA_yfjF_predicted,0.3333333333333333,2,2,CTGAGACCCCAAAGCCGTTA,0,3003312
ratA_yfjF_predicted,0.3333333333333333,2,2,CTCTTTTGTCAAGGTCTCAG,0,3011557
ratA_yfjF_predicted,0.3333333333333333,2,2,CTCTTTACTCCAAAATCCGT,0,3005810
ratA_yfjF_predicted,0.3333333333333333,2,2,CTCTTAGTAATCGTTCTGCA,0,3017656
ratA_yfjF_predicted,0.3333333333333333,2,2,CTCTGGATGACGAGTCGTAA,0,3005985
ratA_yfjF_predicted,0.3333333333333333,2,2,CTCTCCCCGATACAGGTGGG,0,3015572
ratA_yfjF_predicted,0.3333333333333333,2,2,CTCGGTGCGCGGGGGACAGT,0,3019911
ratA_yfjF_predicted,0.3333333333333333,2,2,CTCGGGCTCGGCGGAATGCG,0,3017587
ratA_yfjF_predicted,0.3333333333333333,2,2,CTCGCGGTCCCGGTACCTCT,0,3015620
ratA_yfjF_predicted,0.3333333333333333,2,2,CTCCTTGTTTCACGGAGAGC,0,3001551
ratA_yfjF_predicted,0.3333333333333333,2,2,CTCCTTCGATATTCCTTACT,0,2995829
ratA_yfjF_predicted,0.3333333333333333,2,2,CTCCGGCACGTGTTGATGAC,0,3019603
ratA_yfjF_predicted,0.3333333333333333,2,2,CTCCGGATACCAATGTATAA,0,2995423
ratA_yfjF_predicted,0.3333333333333333,2,2,CTCCCTTCTTGACGGCTCGG,0,3010286
ratA_yfjF_predicted,0.3333333333333333,2,2,CTCCCGTTGGGTAACAAGTA,0,2995874
ratA_yfjF_predicted,0.3333333333333333,2,2,CTCCCAATGGAGTCGGGTGT,0,3011340
ratA_yfjF_predicted,0.3333333333333333,2,2,CTCAGTTCTTCCGTCCCCGC,0,3005378
ratA_yfjF_predicted,0.3333333333333333,2,2,CTCAGAGGTATGAAAGGCCG,0,3000984
ratA_yfjF_predicted,0.3333333333333333,2,2,CTCACAAAAGACCGGCAAGG,0,2998893
ratA_yfjF_predicted,0.3333333333333333,2,2,CTCAATCCCAAAAAACTTTA,0,3004327
ratA_yfjF_predicted,0.3333333333333333,2,2,CTATGCAGATCCGTCGTGGC,0,3009573
ratA_yfjF_predicted,0.3333333333333333,2,2,CTATGACGTCCTGAGAGGAA,0,3008844
ratA_yfjF_predicted,0.3333333333333333,2,2,CTATCACTACCAGCTTCTTG,0,3019064
ratA_yfjF_predicted,0.3333333333333333,2,2,CTAGTTGGACATCATAGATG,0,3004088
ratA_yfjF_predicted,0.3333333333333333,2,2,CTAGGGGCTGGCCGACCGCC,0,3010952
ratA_yfjF_predicted,0.3333333333333333,2,2,CTAGCTAGCCCAGTTCAGTA,0,3009828
ratA_yfjF_predicted,0.3333333333333333,2,2,CTACTCTAACGCATAAGGAT,0,3003663
ratA_yfjF_predicted,0.3333333333333333,2,2,CTACGGTTGTACGGGTAAGT,0,3018271
ratA_yfjF_predicted,0.3333333333333333,2,2,CTACGGACTTTCCCCTTACT,0,3008971
ratA_yfjF_predicted,0.3333333333333333,2,2,CTACGACACTTGCTCCCTCA,0,3000201
ratA_yfjF_predicted,0.3333333333333333,2,2,CTAATTAATACTGTATAAGT,0,2994834
ratA_yfjF_predicted,0.3333333333333333,2,2,CGTTTCAAGTCCATGAACGC,0,3013172
ratA_yfjF_predicted,0.3333333333333333,2,2,CGTTCCAAGTTTTATCTCAA,0,3016983
ratA_yfjF_predicted,0.3333333333333333,2,2,CGTTAGCATTACGGAGGTGG,0,3006472
ratA_yfjF_predicted,0.3333333333333333,2,2,CGTGGTTACGTTGGTACGAT,0,2994843
ratA_yfjF_predicted,0.3333333333333333,2,2,CGTGGTGTACTTGGACTGAT,0,3006305
ratA_yfjF_predicted,0.3333333333333333,2,2,CGTGGGCACGAGACACAGCT,0,3006328
ratA_yfjF_predicted,0.3333333333333333,2,2,CGTGGCTGAGTCCTGCGTTC,0,3006671
ratA_yfjF_predicted,0.3333333333333333,2,2,CGTCTTGCCCAAGTTGCAAT,0,3005395
ratA_yfjF_predicted,0.3333333333333333,2,2,CGTCGTTGGCGGGGGCGAGC,0,3008629
ratA_yfjF_predicted,0.3333333333333333,2,2,CGTCGTGGGCGCTGGATTCC,0,2994423
ratA_yfjF_predicted,0.3333333333333333,2,2,CGTCCTTTCCTGGGAGCCAC,0,3011134
ratA_yfjF_predicted,0.3333333333333333,2,2,CGTCCGCCGAGATCTCGAAT,0,3004126
ratA_yfjF_predicted,0.3333333333333333,2,2,CGTCATGCTACGTAAGGCCC,0,3017944
ratA_yfjF_predicted,0.3333333333333333,2,2,CGTCAGCCGGAATTACCTAA,0,2994260
ratA_yfjF_predicted,0.3333333333333333,2,2,CGTATTGAATGTGTTACTGA,0,3019770
ratA_yfjF_predicted,0.3333333333333333,2,2,CGTAGAGGCTCCTAACTTTC,0,2998555
ratA_yfjF_predicted,0.3333333333333333,2,2,CGTACCGGAGCGATTGCCGC,0,3011824
ratA_yfjF_predicted,0.3333333333333333,2,2,CGGTCTTCTACTTATACCCT,0,3000117
ratA_yfjF_predicted,0.3333333333333333,2,2,CGGTAGGGGCGAGTAGTATC,0,2996024
ratA_yfjF_predicted,0.3333333333333333,2,2,CGGTAGAAAGTCCATGAATT,0,3013908
ratA_yfjF_predicted,0.3333333333333333,2,2,CGGTAATATCTTCGGGACTG,0,2993243
ratA_yfjF_predicted,0.3333333333333333,2,2,CGGGGTTTTCAATTATTGAA,0,3014389
ratA_yfjF_predicted,0.3333333333333333,2,2,CGGGCCTAGGGGGTCACCGT,0,3005631
ratA_yfjF_predicted,0.3333333333333333,2,2,CGGGATTGGGCGAGGCGCGT,0,3012069
ratA_yfjF_predicted,0.3333333333333333,2,2,CGGCTGGCATTCCTGATCAT,0,2995990
ratA_yfjF_predicted,0.3333333333333333,2,2,CGGCGACGATCGGGAAAAGA,0,3018535
ratA_yfjF_predicted,0.3333333333333333,2,2,CGGCAGGCCGGTCCTCCTGC,0,3007347
ratA_yfjF_predicted,0.3333333333333333,2,2,CGGAGCTGCGCCCGGAATTG,0,3004766
ratA_yfjF_predicted,0.3333333333333333,2,2,CGGACCAATCGATGAAAGCT,0,2993261
ratA_yfjF_predicted,0.3333333333333333,2,2,CGGAAGTTGGCATGGGGCCT,0,2992357
ratA_yfjF_predicted,0.3333333333333333,2,2,CGCTTTTTTGCGACAGGTGT,0,3014270
ratA_yfjF_predicted,0.3333333333333333,2,2,CGCTGAGGCTAGTCTGCAGC,0,3009912
ratA_yfjF_predicted,0.3333333333333333,2,2,CGCTGAAGTGCGAGGTAGCT,0,3014388
ratA_yfjF_predicted,0.3333333333333333,2,2,CGCTCTCTCACTGTTCGCCC,0,3006115
ratA_yfjF_predicted,0.3333333333333333,2,2,CGCGTTGCATTCAAGATCAA,0,3016259
ratA_yfjF_predicted,0.3333333333333333,2,2,CGCGCCGCCCATGACAAAGA,0,3009281
ratA_yfjF_predicted,0.3333333333333333,2,2,CGCCGATAGCGACCAGATCT,0,3011690
ratA_yfjF_predicted,0.3333333333333333,2,2,CGCCCGGTATCTTCAATGGA,0,3003528
ratA_yfjF_predicted,0.3333333333333333,2,2,CGCCCGACTGTTACCCTGCA,0,3010927
ratA_yfjF_predicted,0.3333333333333333,2,2,CGCATTGGCGAAACATGAAA,0,3002040
ratA_yfjF_predicted,0.3333333333333333,2,2,CGCATGCGCCGAACGCCTAA,0,2999979
ratA_yfjF_predicted,0.3333333333333333,2,2,CGCATCAAGAATCACACGGG,0,3010598
ratA_yfjF_predicted,0.3333333333333333,2,2,CGCACGTGGTCCAACCGTCT,0,2993938
ratA_yfjF_predicted,0.3333333333333333,2,2,CGCAATCAAGACCGAGCCTC,0,3019092
ratA_yfjF_predicted,0.3333333333333333,2,2,CGCAAGAGTGGATAACTTTG,0,2992986
ratA_yfjF_predicted,0.3333333333333333,2,2,CGATCATATATCGTAGCGTT,0,3014153
ratA_yfjF_predicted,0.3333333333333333,2,2,CGATAAAGGGTAGTGATGAC,0,3011976
ratA_yfjF_predicted,0.3333333333333333,2,2,CGACGGGCGTTGAACCAAAT,0,3002676
ratA_yfjF_predicted,0.3333333333333333,2,2,CGACACGCGCATTCATTGCG,0,3012488
ratA_yfjF_predicted,0.3333333333333333,2,2,CGACAAAGCATCGTGACAGG,0,2996607
ratA_yfjF_predicted,0.3333333333333333,2,2,CGAATTCACGCTGGCGGGTA,0,3019737
ratA_yfjF_predicted,0.3333333333333333,2,2,CGAATAGTATTTTGCTTAAA,0,3002792
ratA_yfjF_predicted,0.3333333333333333,2,2,CGAAGTTGGACCGGTGAAAC,0,3020521
ratA_yfjF_predicted,0.3333333333333333,2,2,CGAAGTGCATCCCGCTGGGG,0,3013225
ratA_yfjF_predicted,0.3333333333333333,2,2,CGAACTGAGCGGTCGGTAGT,0,2996967
ratA_yfjF_predicted,0.3333333333333333,2,2,CCTTGGGGGGGGAGTGTTGA,0,3014124
ratA_yfjF_predicted,0.3333333333333333,2,2,CCTTATAATCAATAAGTCAG,0,3002357
ratA_yfjF_predicted,0.3333333333333333,2,2,CCTTAAATCCCTCCGATCAA,0,3009552
ratA_yfjF_predicted,0.3333333333333333,2,2,CCTGGCGACACTAACCACTC,0,3017504
ratA_yfjF_predicted,0.3333333333333333,2,2,CCTGCTAAGAAGGATTTCTC,0,2994491
ratA_yfjF_predicted,0.3333333333333333,2,2,CCTGCACCACGTCGCAGATA,0,3017731
ratA_yfjF_predicted,0.3333333333333333,2,2,CCTGATCGAAGCGCAGTCAA,0,2996876
ratA_yfjF_predicted,0.3333333333333333,2,2,CCTCTTTGAAACACAAGCAT,0,2997707
ratA_yfjF_predicted,0.3333333333333333,2,2,CCTCTGGACGATCTGATTCA,0,2999731
ratA_yfjF_predicted,0.3333333333333333,2,2,CCTCGCTCGGAGATAGTGGA,0,2996342
ratA_yfjF_predicted,0.3333333333333333,2,2,CCTAACGGGGCCGGTCAGCA,0,3003683
ratA_yfjF_predicted,0.3333333333333333,2,2,CCTAACGGATAGCTCTAGCA,0,2991823
ratA_yfjF_predicted,0.3333333333333333,2,2,CCGTGATGACGAGGCGTAGA,0,3009922
ratA_yfjF_predicted,0.3333333333333333,2,2,CCGTCTGTTTTTATTTCCTG,0,3000946
ratA_yfjF_predicted,0.3333333333333333,2,2,CCGTATGAGCACCCTTGGGC,0,3001993
ratA_yfjF_predicted,0.3333333333333333,2,2,CCGTAGCCGTAGAAAGCTAA,0,3018603
ratA_yfjF_predicted,0.3333333333333333,2,2,CCGGTGTGGCCGGAGCATCA,0,3007422
ratA_yfjF_predicted,0.3333333333333333,2,2,CCGGCTTTCCTCAATCAACC,0,3002922
ratA_yfjF_predicted,0.3333333333333333,2,2,CCGGCCTCAGGACGCAAGTC,0,3000414
ratA_yfjF_predicted,0.3333333333333333,2,2,CCGGCCGTTGGGAACCCCTT,0,2994428
ratA_yfjF_predicted,0.3333333333333333,2,2,CCGGAGTATTCAATGATTCT,0,3008830
ratA_yfjF_predicted,0.3333333333333333,2,2,CCGGAACTGCCGCCCTCTGT,0,3008095
ratA_yfjF_predicted,0.3333333333333333,2,2,CCGCCCTGCGGTTAGGTCCC,0,3008092
ratA_yfjF_predicted,0.3333333333333333,2,2,CCGCCATACTACACGTACAC,0,3016374
ratA_yfjF_predicted,0.3333333333333333,2,2,CCGCATTCCGAGTCAACGAT,0,3019118
ratA_yfjF_predicted,0.3333333333333333,2,2,CCGCATAGTGGGTTGGGTGG,0,3019208
ratA_yfjF_predicted,0.3333333333333333,2,2,CCGATTCGGGCCATGGCGAA,0,3002462
ratA_yfjF_predicted,0.3333333333333333,2,2,CCGATTATACGAAGCGAGGC,0,3003184
ratA_yfjF_predicted,0.3333333333333333,2,2,CCGATCCAGGTCTCAAGGCT,0,3001290
ratA_yfjF_predicted,0.3333333333333333,2,2,CCGAGCGACGGGACGACCGC,0,3007656
ratA_yfjF_predicted,0.3333333333333333,2,2,CCGACCGGGCAAAGGACTCC,0,3015195
ratA_yfjF_predicted,0.3333333333333333,2,2,CCGAAGTGAGAATTGCGTTG,0,3009769
ratA_yfjF_predicted,0.3333333333333333,2,2,CCCTTCGGGCAATTGTCTTA,0,3009998
ratA_yfjF_predicted,0.3333333333333333,2,2,CCCTTACATTTCATAGCCAT,0,3004519
ratA_yfjF_predicted,0.3333333333333333,2,2,CCCTTAATAAGGCGGTTTGA,0,3021654
ratA_yfjF_predicted,0.3333333333333333,2,2,CCCTGGAGTCGGCCAGACAC,0,3002706
ratA_yfjF_predicted,0.3333333333333333,2,2,CCCTGCCGTTTCGACACTAG,0,3011437
ratA_yfjF_predicted,0.3333333333333333,2,2,CCCTCAAATGTCCCGTGAAG,0,3014123
ratA_yfjF_predicted,0.3333333333333333,2,2,CCCGCCCGAGGCCGAAGATA,0,3013765
ratA_yfjF_predicted,0.3333333333333333,2,2,CCCGACCCTCTTTGCGGGGT,0,3002520
ratA_yfjF_predicted,0.3333333333333333,2,2,CCCATGACCAATTTCTCCGA,0,3020121
ratA_yfjF_predicted,0.3333333333333333,2,2,CCCATCCAGAGAGCTCGCGG,0,2992542
ratA_yfjF_predicted,0.3333333333333333,2,2,CCCATCAACGGATGGAAAAT,0,3015259
ratA_yfjF_predicted,0.3333333333333333,2,2,CCCAGGGCGGTTTACATTAA,0,3014521
ratA_yfjF_predicted,0.3333333333333333,2,2,CCATGTCCACGAAACCTGGA,0,3007999
ratA_yfjF_predicted,0.3333333333333333,2,2,CCATCATAACAGTTAAGGAT,0,3007945
ratA_yfjF_predicted,0.3333333333333333,2,2,CCATCACACCACAGAGTGCG,0,2996439
ratA_yfjF_predicted,0.3333333333333333,2,2,CCATATTTATAATACCTTTA,0,2994404
ratA_yfjF_predicted,0.3333333333333333,2,2,CCATAGGGCATTTCACTCGA,0,2996981
ratA_yfjF_predicted,0.3333333333333333,2,2,CCAGTGGTCCTTCGTTTTCC,0,3020962
ratA_yfjF_predicted,0.3333333333333333,2,2,CCAGGTGCAGTACATGGGTT,0,3000136
ratA_yfjF_predicted,0.3333333333333333,2,2,CCAGCTCTCTTATCTCAATT,0,2994218
ratA_yfjF_predicted,0.3333333333333333,2,2,CCACCATGCCGGTCTATGGC,0,2995009
ratA_yfjF_predicted,0.3333333333333333,2,2,CCAATGTAATCGGAGGGTGA,0,3003109
ratA_yfjF_predicted,0.3333333333333333,2,2,CCAAGTTACGATACCGCCTG,0,3007663
ratA_yfjF_predicted,0.3333333333333333,2,2,CCAAGACCACAGGTTTACTC,0,3008197
ratA_yfjF_predicted,0.3333333333333333,2,2,CCAAATAGTGCTAGGTGTAC,0,2999550
ratA_yfjF_predicted,0.3333333333333333,2,2,CCAAAACCGGCACATCACTA,0,3012660
ratA_yfjF_predicted,0.3333333333333333,2,2,CCAAAAATACCAGTCTTACG,0,2995261
ratA_yfjF_predicted,0.3333333333333333,2,2,CATTTAAGCGCACCGCGCCT,0,2992176
ratA_yfjF_predicted,0.3333333333333333,2,2,CATTACGTCCGATGCAGGTT,0,2997694
ratA_yfjF_predicted,0.3333333333333333,2,2,CATGTCCCTTCGATGGATGT,0,2998943
ratA_yfjF_predicted,0.3333333333333333,2,2,CATGCCATGGCTTGTCTTCA,0,2993743
ratA_yfjF_predicted,0.3333333333333333,2,2,CATGAACAGATTTTAAGCGG,0,3002795
ratA_yfjF_predicted,0.3333333333333333,2,2,CATCTAGCCACTTCATTGGC,0,2997145
ratA_yfjF_predicted,0.3333333333333333,2,2,CATCTAACTGAGCCATAGCC,0,2999931
ratA_yfjF_predicted,0.3333333333333333,2,2,CATCCTTCGGGTTGGAACGT,0,3004096
ratA_yfjF_predicted,0.3333333333333333,2,2,CATCCTTACTTGTTCAGCCC,0,3016636
ratA_yfjF_predicted,0.3333333333333333,2,2,CATCCGTCGTGTTCTGAGTG,0,3003544
ratA_yfjF_predicted,0.3333333333333333,2,2,CATCCATTAAGTTCCACTAC,0,2992122
ratA_yfjF_predicted,0.3333333333333333,2,2,CATCCAGGCGGTTCGCGGTG,0,3018482
ratA_yfjF_predicted,0.3333333333333333,2,2,CATCATAACGCTCTCAGACA,0,3016501
ratA_yfjF_predicted,0.3333333333333333,2,2,CATAGTCTTTAGGTCAACGG,0,3002279
ratA_yfjF_predicted,0.3333333333333333,2,2,CATAAACGTTGAGATAGGTT,0,3005918
ratA_yfjF_predicted,0.3333333333333333,2,2,CAGTTATACTAGATCGATTT,0,2996180
ratA_yfjF_predicted,0.3333333333333333,2,2,CAGTCCATGAAGACTCTGTT,0,3015031
ratA_yfjF_predicted,0.3333333333333333,2,2,CAGGGGTCCTCCGTTGTGGC,0,2996135
ratA_yfjF_predicted,0.3333333333333333,2,2,CAGGCAACTTCATCCTTATT,0,3000004
ratA_yfjF_predicted,0.3333333333333333,2,2,CAGGATGAGGAATAACAGGA,0,3007406
ratA_yfjF_predicted,0.3333333333333333,2,2,CAGCTGGAGGTGCGTCGTTA,0,2995375
ratA_yfjF_predicted,0.3333333333333333,2,2,CAGCTATGCCAGGATAATTA,0,3015883
ratA_yfjF_predicted,0.3333333333333333,2,2,CAGCACCTAGGTACTACTCG,0,3009129
ratA_yfjF_predicted,0.3333333333333333,2,2,CAGCAAGTAGTTTACATTGT,0,2992242
ratA_yfjF_predicted,0.3333333333333333,2,2,CAGATGCGACCTCGTACGCA,0,2992416
ratA_yfjF_predicted,0.3333333333333333,2,2,CAGATATGTCGATAACTAAT,0,2999483
ratA_yfjF_predicted,0.3333333333333333,2,2,CAGACAATAAGCATGTAACG,0,3000560
ratA_yfjF_predicted,0.3333333333333333,2,2,CACTGACTGCGGCAATATCT,0,2996956
ratA_yfjF_predicted,0.3333333333333333,2,2,CACTCGTCCCCGGGCTTAAG,0,2995286
ratA_yfjF_predicted,0.3333333333333333,2,2,CACTCACTGGCCGCGAGAGC,0,3000304
ratA_yfjF_predicted,0.3333333333333333,2,2,CACGTGTCCGCGCGCAAGCT,0,2999816
ratA_yfjF_predicted,0.3333333333333333,2,2,CACGGAAGTGGCCATGCATG,0,2995143
ratA_yfjF_predicted,0.3333333333333333,2,2,CACCGGCGTCCTTTTTATCG,0,2992500
ratA_yfjF_predicted,0.3333333333333333,2,2,CACCCGACGTGGCAAGGTAA,0,3012531
ratA_yfjF_predicted,0.3333333333333333,2,2,CACCCATCTAAGCCGGACCC,0,2997871
ratA_yfjF_predicted,0.3333333333333333,2,2,CACCATTTATCTGCAGCGTT,0,3014351
ratA_yfjF_predicted,0.3333333333333333,2,2,CACCAAAGGAAATGACTATC,0,3009612
ratA_yfjF_predicted,0.3333333333333333,2,2,CACATTCCCAAAGTTCGTAC,0,3009965
ratA_yfjF_predicted,0.3333333333333333,2,2,CACAGGGCGGTAGCCAGGAG,0,3010812
ratA_yfjF_predicted,0.3333333333333333,2,2,CACACCGGCTTTAACCTCGC,0,3015156
ratA_yfjF_predicted,0.3333333333333333,2,2,CACAACTGGAGGGGGATAGA,0,2997235
ratA_yfjF_predicted,0.3333333333333333,2,2,CAATTGGGCTATTGTCCAAG,0,2997543
ratA_yfjF_predicted,0.3333333333333333,2,2,CAATTCGTGGGCATCACTAT,0,3012067
ratA_yfjF_predicted,0.3333333333333333,2,2,CAATGGGGTGGTCTCGGCGC,0,3017257
ratA_yfjF_predicted,0.3333333333333333,2,2,CAATGGAGACTACCACTGGA,0,3021723
ratA_yfjF_predicted,0.3333333333333333,2,2,CAATCCGAGTGCTAGTTCAG,0,3008779
ratA_yfjF_predicted,0.3333333333333333,2,2,CAATACAACAAATGTGTCCT,0,2996362
ratA_yfjF_predicted,0.3333333333333333,2,2,CAAGTGGGTATGAGAGTTCG,0,3018370
ratA_yfjF_predicted,0.3333333333333333,2,2,CAAGTCAGAATAAATACGGC,0,2993527
ratA_yfjF_predicted,0.3333333333333333,2,2,CAAGGCCTTTTCCATATTCT,0,2996071
ratA_yfjF_predicted,0.3333333333333333,2,2,CAAGACCAGCATAGCTTCTA,0,2993942
ratA_yfjF_predicted,0.3333333333333333,2,2,CAACGTCGCGAGCTTTCCCA,0,3006776
ratA_yfjF_predicted,0.3333333333333333,2,2,CAACATCGCCTAGTCCTCGT,0,3020573
ratA_yfjF_predicted,0.3333333333333333,2,2,CAAATAGATTGAAACGTTGA,0,2997733
ratA_yfjF_predicted,0.3333333333333333,2,2,CAAACGTTGTGTGGCACCCT,0,3018237
ratA_yfjF_predicted,0.3333333333333333,2,2,CAAAACTAATGGTGCAGATG,0,3018678
ratA_yfjF_predicted,0.3333333333333333,2,2,ATTTCGGACGGTATGTGTAT,0,3006108
ratA_yfjF_predicted,0.3333333333333333,2,2,ATTTAAATCCGGGACACCCC,0,3009730
ratA_yfjF_predicted,0.3333333333333333,2,2,ATTGTGTTGAGCTTGACCCC,0,3017550
ratA_yfjF_predicted,0.3333333333333333,2,2,ATTGTAGGGCATCATCTCGT,0,3008662
ratA_yfjF_predicted,0.3333333333333333,2,2,ATTGGCCTGGGTACCAAAGT,0,3016901
ratA_yfjF_predicted,0.3333333333333333,2,2,ATTGCCCAGGACTTATGGAT,0,2994298
ratA_yfjF_predicted,0.3333333333333333,2,2,ATTGCACATGGTTGAAAATG,0,3005770
ratA_yfjF_predicted,0.3333333333333333,2,2,ATTCCGTTTACAAAAACAAT,0,3020141
ratA_yfjF_predicted,0.3333333333333333,2,2,ATTCCGGTCACTCTCTAAGG,0,3007186
ratA_yfjF_predicted,0.3333333333333333,2,2,ATTCCGCACCCGGTCAAACT,0,3006204
ratA_yfjF_predicted,0.3333333333333333,2,2,ATTCATGGGGAAATGGAGAT,0,3019628
ratA_yfjF_predicted,0.3333333333333333,2,2,ATTCAGTTAAGTGGGAAGTT,0,2996047
ratA_yfjF_predicted,0.3333333333333333,2,2,ATTAACCAAGTCTACGAGGC,0,2993727
ratA_yfjF_predicted,0.3333333333333333,2,2,ATGTTTCGTTCAGCAGCAAG,0,3020931
ratA_yfjF_predicted,0.3333333333333333,2,2,ATGTTCTACGGAAGTGGTAG,0,3012963
ratA_yfjF_predicted,0.3333333333333333,2,2,ATGTTCGATGTTCGGAACAC,0,3014069
ratA_yfjF_predicted,0.3333333333333333,2,2,ATGTCATACGTCATTAACAG,0,2999347
ratA_yfjF_predicted,0.3333333333333333,2,2,ATGTCAGTAAGGATAGGGGG,0,3006963
ratA_yfjF_predicted,0.3333333333333333,2,2,ATGGTCATGTTCTCCTCGGC,0,2992881
ratA_yfjF_predicted,0.3333333333333333,2,2,ATGGGGGCTATATGTTAAAA,0,3007941
ratA_yfjF_predicted,0.3333333333333333,2,2,ATGGGCCACCAATGTCGGTC,0,2996635
ratA_yfjF_predicted,0.3333333333333333,2,2,ATGGCCTTCACCGGCTTCTT,0,3011440
ratA_yfjF_predicted,0.3333333333333333,2,2,ATGGATTTGATTTACTCCCT,0,3018789
ratA_yfjF_predicted,0.3333333333333333,2,2,ATGGAATCGCAGGGATTTGC,0,2995931
ratA_yfjF_predicted,0.3333333333333333,2,2,ATGCTAAGGCTCTTTCCGCA,0,3018794
ratA_yfjF_predicted,0.3333333333333333,2,2,ATGCCTGACCGGGATGAAGT,0,3019669
ratA_yfjF_predicted,0.3333333333333333,2,2,ATGCCGCAACGGCTAAAGCA,0,2993562
ratA_yfjF_predicted,0.3333333333333333,2,2,ATGATATTGTCAGTTATAAG,0,3020858
ratA_yfjF_predicted,0.3333333333333333,2,2,ATGATACACCTGACTTGGCC,0,3020138
ratA_yfjF_predicted,0.3333333333333333,2,2,ATGAGTTACGCAGTATAGCG,0,3005279
ratA_yfjF_predicted,0.3333333333333333,2,2,ATGACCTGTAATCTCTAGCA,0,3007254
ratA_yfjF_predicted,0.3333333333333333,2,2,ATCTGGCCTGGGGGTGTAAA,0,3015158
ratA_yfjF_predicted,0.3333333333333333,2,2,ATCTGAGTTTGCATACGGTG,0,3001102
ratA_yfjF_predicted,0.3333333333333333,2,2,ATCTGACTGGATCTGGGTGG,0,3019361
ratA_yfjF_predicted,0.3333333333333333,2,2,ATCGTGGTAAGTTCGTAATC,0,2992789
ratA_yfjF_predicted,0.3333333333333333,2,2,ATCGGGCCACATATGATATG,0,2998813
ratA_yfjF_predicted,0.3333333333333333,2,2,ATCGCACAACTGGATGCATA,0,2992879
ratA_yfjF_predicted,0.3333333333333333,2,2,ATCGAATTGTGACAGATACG,0,3010571
ratA_yfjF_predicted,0.3333333333333333,2,2,ATCCGCATCACTAATACGTA,0,3010396
ratA_yfjF_predicted,0.3333333333333333,2,2,ATCCGCAACGTTTTCATCTT,0,3002388
ratA_yfjF_predicted,0.3333333333333333,2,2,ATCCAACGGTTGGCCTTCAC,0,3008824
ratA_yfjF_predicted,0.3333333333333333,2,2,ATCAGACGGTGTCACTTGTC,0,3003234
ratA_yfjF_predicted,0.3333333333333333,2,2,ATCAAGTGAGACTCCAGTCC,0,3009100
ratA_yfjF_predicted,0.3333333333333333,2,2,ATATTGTTGGTTCGTAAGAT,0,3014282
ratA_yfjF_predicted,0.3333333333333333,2,2,ATATTAAGAATAAAATGGAT,0,3016068
ratA_yfjF_predicted,0.3333333333333333,2,2,ATATCCGGTTAAGTCCAAAA,0,2997708
ratA_yfjF_predicted,0.3333333333333333,2,2,ATATAGCATATTGCTCCATG,0,3016651
ratA_yfjF_predicted,0.3333333333333333,2,2,ATAGTGCAATACGCTGAAAC,0,3020668
ratA_yfjF_predicted,0.3333333333333333,2,2,ATAGTGATTTAACACGTAGC,0,3008943
ratA_yfjF_predicted,0.3333333333333333,2,2,ATAGTCGGCACACAATTTGT,0,2994038
ratA_yfjF_predicted,0.3333333333333333,2,2,ATAGGTTTACTACAACAATA,0,2992963
ratA_yfjF_predicted,0.3333333333333333,2,2,ATAGGGGCTTAAGGCTTCCG,0,3007251
ratA_yfjF_predicted,0.3333333333333333,2,2,ATAGCGGCACCGGTATGAAA,0,3001787
ratA_yfjF_predicted,0.3333333333333333,2,2,ATAGACTTGGTTGAGCTCAT,0,2995344
ratA_yfjF_predicted,0.3333333333333333,2,2,ATAGAAGCTTCGACCCATTA,0,2994657
ratA_yfjF_predicted,0.3333333333333333,2,2,ATACTAAATGCTGATAAGTT,0,3000961
ratA_yfjF_predicted,0.3333333333333333,2,2,ATACATTGGACGGAACCGTA,0,3001129
ratA_yfjF_predicted,0.3333333333333333,2,2,ATACAAGGAGTGTAGGCCGG,0,2995848
ratA_yfjF_predicted,0.3333333333333333,2,2,ATAATCGTCCGACATTATTC,0,2998533
ratA_yfjF_predicted,0.3333333333333333,2,2,ATAAGTGGTTCCTACGTTGA,0,2994027
ratA_yfjF_predicted,0.3333333333333333,2,2,ATAAGATCATCCAGTCGGCA,0,3003756
ratA_yfjF_predicted,0.3333333333333333,2,2,ATAACGGTTGATCCAACGGT,0,3021669
ratA_yfjF_predicted,0.3333333333333333,2,2,ATAACCAATGTGGTTACCAG,0,3008149
ratA_yfjF_predicted,0.3333333333333333,2,2,ATAAATATCCAAGGTGATTC,0,2997104
ratA_yfjF_predicted,0.3333333333333333,2,2,AGTTAAGCAAGCGGGGCCTT,0,3012508
ratA_yfjF_predicted,0.3333333333333333,2,2,AGTGTGTGACATGTTGATTA,0,3004160
ratA_yfjF_predicted,0.3333333333333333,2,2,AGTGGAAATGCTGCTAAAAC,0,3006950
ratA_yfjF_predicted,0.3333333333333333,2,2,AGTGCTAGTGGCCAAGTCCA,0,2999964
ratA_yfjF_predicted,0.3333333333333333,2,2,AGTGCCAGGGGCTTCGAAGT,0,3007704
ratA_yfjF_predicted,0.3333333333333333,2,2,AGTGCAGGATAGCTCATGCA,0,2998926
ratA_yfjF_predicted,0.3333333333333333,2,2,AGTGATCGAGGGTCATTCGA,0,3013368
ratA_yfjF_predicted,0.3333333333333333,2,2,AGTCAACTCGCCATCTGCGT,0,3013259
ratA_yfjF_predicted,0.3333333333333333,2,2,AGTATGCACCACGTGTGATT,0,3019588
ratA_yfjF_predicted,0.3333333333333333,2,2,AGTAGGTGGAATTAACAGTT,0,2993668
ratA_yfjF_predicted,0.3333333333333333,2,2,AGTAGGTGATTAAGGTACCT,0,3004017
ratA_yfjF_predicted,0.3333333333333333,2,2,AGTAACTGAGCCTGGACTAC,0,3004567
ratA_yfjF_predicted,0.3333333333333333,2,2,AGGTTGCAAACACAGTTCAG,0,3016734
ratA_yfjF_predicted,0.3333333333333333,2,2,AGGTGGGGTGAGCCCGCCGA,0,3003211
ratA_yfjF_predicted,0.3333333333333333,2,2,AGGTGGACCACTTTAACCTC,0,2995405
ratA_yfjF_predicted,0.3333333333333333,2,2,AGGTCAGCGCCTAGCCCTAA,0,3010614
ratA_yfjF_predicted,0.3333333333333333,2,2,AGGTATTGACGTTCAGTTTC,0,3012563
ratA_yfjF_predicted,0.3333333333333333,2,2,AGGTAGCATGGTAGGTTGCT,0,3002504
ratA_yfjF_predicted,0.3333333333333333,2,2,AGGTAATAAGTCCTCACTGC,0,3004945
ratA_yfjF_predicted,0.3333333333333333,2,2,AGGTAAGTGCGGATCGGTGC,0,3013559
ratA_yfjF_predicted,0.3333333333333333,2,2,AGGGTCCTTTTGTTAACTCC,0,3006406
ratA_yfjF_predicted,0.3333333333333333,2,2,AGGGCATACCGTCATGCTCC,0,3015391
ratA_yfjF_predicted,0.3333333333333333,2,2,AGGGATGAAAACATTGCAAT,0,3005295
ratA_yfjF_predicted,0.3333333333333333,2,2,AGGGATACTACGTCACTCCG,0,3021475
ratA_yfjF_predicted,0.3333333333333333,2,2,AGGGAGGCTCGGAACCTAGT,0,3005207
ratA_yfjF_predicted,0.3333333333333333,2,2,AGGCAGCGATGGGACTCTGT,0,3008888
ratA_yfjF_predicted,0.3333333333333333,2,2,AGGATGCCGCGAAGCTCCGT,0,3003859
ratA_yfjF_predicted,0.3333333333333333,2,2,AGGAGGAGACTGCGACTGTA,0,2997917
ratA_yfjF_predicted,0.3333333333333333,2,2,AGGAAGGGGGGGGGTACCAT,0,3006944
ratA_yfjF_predicted,0.3333333333333333,2,2,AGCTGACTCCGGGGAGGATC,0,2999441
ratA_yfjF_predicted,0.3333333333333333,2,2,AGCGGTTGTTACAATTCAGA,0,3014167
ratA_yfjF_predicted,0.3333333333333333,2,2,AGCGGCGGTTCTCTGGACTC,0,3002339
ratA_yfjF_predicted,0.3333333333333333,2,2,AGCGCCTGGACGCAGTAGCG,0,3006154
ratA_yfjF_predicted,0.3333333333333333,2,2,AGCGATTAGGACCAGGTGGA,0,2998111
ratA_yfjF_predicted,0.3333333333333333,2,2,AGCCTTGTGGCACTAATGGT,0,3011836
ratA_yfjF_predicted,0.3333333333333333,2,2,AGCCTGTACTGGTCCCGGGA,0,3010496
ratA_yfjF_predicted,0.3333333333333333,2,2,AGCCCGATTCTTGCTATTCA,0,2995472
ratA_yfjF_predicted,0.3333333333333333,2,2,AGCATGGGGCGCTACGAGAT,0,3020537
ratA_yfjF_predicted,0.3333333333333333,2,2,AGATGCATCTCAGGTGACGA,0,3016524
ratA_yfjF_predicted,0.3333333333333333,2,2,AGATCTCCCACATTCGGCGT,0,3014339
ratA_yfjF_predicted,0.3333333333333333,2,2,AGATCCCAGCCAGTTTTCAC,0,2993088
ratA_yfjF_predicted,0.3333333333333333,2,2,AGATATACTCATGCGAAATG,0,3012438
ratA_yfjF_predicted,0.3333333333333333,2,2,AGATAGCAAACTCCCTAAAT,0,3005525
ratA_yfjF_predicted,0.3333333333333333,2,2,AGAGTCTAGTCAGGTCTCTA,0,3002074
ratA_yfjF_predicted,0.3333333333333333,2,2,AGAGGGGGCGTTCTGATACT,0,2997000
ratA_yfjF_predicted,0.3333333333333333,2,2,AGACTTATGTCCGTCATCGC,0,3017454
ratA_yfjF_predicted,0.3333333333333333,2,2,AGACCCATGCGGTTCCCATG,0,2996408
ratA_yfjF_predicted,0.3333333333333333,2,2,AGAATCGGGTTCTGCTCGGT,0,3019746
ratA_yfjF_predicted,0.3333333333333333,2,2,AGAATAAGTTCTACAATACA,0,3003883
ratA_yfjF_predicted,0.3333333333333333,2,2,AGAAGTCTCCGTCACTCCGT,0,2994180
ratA_yfjF_predicted,0.3333333333333333,2,2,AGAAATAAAGGACCTCGTTA,0,3009199
ratA_yfjF_predicted,0.3333333333333333,2,2,AGAAACGTTCAAGTCAACAC,0,2993845
ratA_yfjF_predicted,0.3333333333333333,2,2,ACTTTGTGACAGCACCCTTA,0,3007566
ratA_yfjF_predicted,0.3333333333333333,2,2,ACTTGCTGTCAATGTACCCG,0,3002594
ratA_yfjF_predicted,0.3333333333333333,2,2,ACTTCCCGAGGACCCGGCGT,0,2997965
ratA_yfjF_predicted,0.3333333333333333,2,2,ACTTCAAGGTGTAATGGAGT,0,2993840
ratA_yfjF_predicted,0.3333333333333333,2,2,ACTTATCTGCGCCCGTCGTG,0,2999115
ratA_yfjF_predicted,0.3333333333333333,2,2,ACTTAGTTGTTTTCGGCTAT,0,3010980
ratA_yfjF_predicted,0.3333333333333333,2,2,ACTTAAAATGTCTGTTTTAA,0,3000681
ratA_yfjF_predicted,0.3333333333333333,2,2,ACTGCATCCGAGGTGCGCAA,0,3007756
ratA_yfjF_predicted,0.3333333333333333,2,2,ACTCATAAGAAAAACCATAA,0,3020603
ratA_yfjF_predicted,0.3333333333333333,2,2,ACTCACGACCAGGTATCTTC,0,2997919
ratA_yfjF_predicted,0.3333333333333333,2,2,ACTAGGACCACGCACCGGGT,0,2997210
ratA_yfjF_predicted,0.3333333333333333,2,2,ACTACAATTCGTTAACGATT,0,2993548
ratA_yfjF_predicted,0.3333333333333333,2,2,ACGTTACCCGGCCGAAACAA,0,3001148
ratA_yfjF_predicted,0.3333333333333333,2,2,ACGTTAAGTGTCGTCCTGCA,0,3010986
ratA_yfjF_predicted,0.3333333333333333,2,2,ACGTCGGTCACATGTGAAGG,0,3003227
ratA_yfjF_predicted,0.3333333333333333,2,2,ACGTACGTTAAAGGGACAGA,0,3005601
ratA_yfjF_predicted,0.3333333333333333,2,2,ACGGTTTCCGTGTTTCCTGT,0,2998901
ratA_yfjF_predicted,0.3333333333333333,2,2,ACGGTCATTGCGGACAAGGG,0,2995452
ratA_yfjF_predicted,0.3333333333333333,2,2,ACGGGAAGGCGACTGCATTC,0,3003170
ratA_yfjF_predicted,0.3333333333333333,2,2,ACGGATCGCTCTTTACGTCG,0,3008904
ratA_yfjF_predicted,0.3333333333333333,2,2,ACGGAAGCCCGATGCAGTAC,0,3000227
ratA_yfjF_predicted,0.3333333333333333,2,2,ACGGAAAATCATACCTTTTG,0,3008076
ratA_yfjF_predicted,0.3333333333333333,2,2,ACGCTGTCAGGTAGTCCGGT,0,3006225
ratA_yfjF_predicted,0.3333333333333333,2,2,ACGCTGGTTCTCCGAGCAGC,0,3004356
ratA_yfjF_predicted,0.3333333333333333,2,2,ACGCTCATCAAGGGGACACG,0,3012698
ratA_yfjF_predicted,0.3333333333333333,2,2,ACGCGTTCTTGCGTTTAAGC,0,3011650
ratA_yfjF_predicted,0.3333333333333333,2,2,ACGCGTGGCAACGGACTGGA,0,2993162
ratA_yfjF_predicted,0.3333333333333333,2,2,ACGCCGACAAATGCGACAGC,0,3005059
ratA_yfjF_predicted,0.3333333333333333,2,2,ACGCACTAATAACTGTCAAC,0,3004784
ratA_yfjF_predicted,0.3333333333333333,2,2,ACGAGCTTGTCTTCGAGTGT,0,3006657
ratA_yfjF_predicted,0.3333333333333333,2,2,ACCTTTAGGATGCTCATCAG,0,3008771
ratA_yfjF_predicted,0.3333333333333333,2,2,ACCTGTCACCCAACCGGCGA,0,3016603
ratA_yfjF_predicted,0.3333333333333333,2,2,ACCTGGGCCTTACTTGGGAA,0,3009048
ratA_yfjF_predicted,0.3333333333333333,2,2,ACCTGCGCAAGTGTCTTCGG,0,3000796
ratA_yfjF_predicted,0.3333333333333333,2,2,ACCTAGGCTTTACAGATGCA,0,3013104
ratA_yfjF_predicted,0.3333333333333333,2,2,ACCGGAAGACTGATAGCCTG,0,2998424
ratA_yfjF_predicted,0.3333333333333333,2,2,ACCGCACAGGTTATTATTGC,0,3010220
ratA_yfjF_predicted,0.3333333333333333,2,2,ACCCTGCTCTTTGAATTCGG,0,3009970
ratA_yfjF_predicted,0.3333333333333333,2,2,ACCCGGCTATCTGCGACCTG,0,2991812
ratA_yfjF_predicted,0.3333333333333333,2,2,ACCCGCGCCCAGTCAGGTCA,0,3011749
ratA_yfjF_predicted,0.3333333333333333,2,2,ACCCCTTGCACGTCCGCAAT,0,3018397
ratA_yfjF_predicted,0.3333333333333333,2,2,ACCATTCAAGAGAGGTGAAT,0,2994675
ratA_yfjF_predicted,0.3333333333333333,2,2,ACCACGTGTTTTTGACCGCT,0,2995270
ratA_yfjF_predicted,0.3333333333333333,2,2,ACATCTCTAAGATTTTGCCA,0,3017315
ratA_yfjF_predicted,0.3333333333333333,2,2,ACAGGCTCGCGTACGCGTCT,0,3004844
ratA_yfjF_predicted,0.3333333333333333,2,2,ACAGGCACGCTCTGTGCAAA,0,3018801
ratA_yfjF_predicted,0.3333333333333333,2,2,ACAGCTGATCTACATCAATG,0,3018731
ratA_yfjF_predicted,0.3333333333333333,2,2,ACAGCGAGTTCGGGTTTCGG,0,3015528
ratA_yfjF_predicted,0.3333333333333333,2,2,ACAGATACACCTACGGAATC,0,3010530
ratA_yfjF_predicted,0.3333333333333333,2,2,ACACTTCCCGTGTATTTTCC,0,3016752
ratA_yfjF_predicted,0.3333333333333333,2,2,ACACGTCGTGGTGCTAACGG,0,3013036
ratA_yfjF_predicted,0.3333333333333333,2,2,ACACCGCCGAGTCACCTTTG,0,3012229
ratA_yfjF_predicted,0.3333333333333333,2,2,ACAACACTCATGCGGTACGT,0,3002652
ratA_yfjF_predicted,0.3333333333333333,2,2,ACAAATGTAGAGTTATGGGT,0,3004658
ratA_yfjF_predicted,0.3333333333333333,2,2,AATTTGCCAAGCGCAGGGCA,0,3012016
ratA_yfjF_predicted,0.3333333333333333,2,2,AATTGCCCCTCAATGATCTA,0,3012379
ratA_yfjF_predicted,0.3333333333333333,2,2,AATTGAACTAACGTACGCAA,0,2992537
ratA_yfjF_predicted,0.3333333333333333,2,2,AATTATGTATTTATTAGGGT,0,3004997
ratA_yfjF_predicted,0.3333333333333333,2,2,AATGGGAGAAGCCTCATGTC,0,3009643
ratA_yfjF_predicted,0.3333333333333333,2,2,AATCTGTACGTGCGAGAGAG,0,3015847
ratA_yfjF_predicted,0.3333333333333333,2,2,AATCTCCGATCAAGGTTAGA,0,2997289
ratA_yfjF_predicted,0.3333333333333333,2,2,AATCGTTCGGACGGTCAAGG,0,3016587
ratA_yfjF_predicted,0.3333333333333333,2,2,AATCAGTGGGTTTAAACAGC,0,3000593
ratA_yfjF_predicted,0.3333333333333333,2,2,AATCACTTGGAGGGGGTATG,0,3015370
ratA_yfjF_predicted,0.3333333333333333,2,2,AATCACTTCTCGTGCGTGTA,0,3010626
ratA_yfjF_predicted,0.3333333333333333,2,2,AATATGACCCCGCCTCTTTA,0,3016124
ratA_yfjF_predicted,0.3333333333333333,2,2,AATATAGATAGTCCGCGGTC,0,3006332
ratA_yfjF_predicted,0.3333333333333333,2,2,AATAAGATGATAGACAGTTC,0,3016292
ratA_yfjF_predicted,0.3333333333333333,2,2,AAGTTTCGTTCCTGGCGTCA,0,2999948
ratA_yfjF_predicted,0.3333333333333333,2,2,AAGTGTATGCTACAGTAGTT,0,3002622
ratA_yfjF_predicted,0.3333333333333333,2,2,AAGTGGGAGTACTACTTGTT,0,2998335
ratA_yfjF_predicted,0.3333333333333333,2,2,AAGTGCGTGAGCGGCAGAGT,0,2997659
ratA_yfjF_predicted,0.3333333333333333,2,2,AAGTATGCTGGAATGAGACA,0,3018885
ratA_yfjF_predicted,0.3333333333333333,2,2,AAGTATGCTCCATTGGTGGA,0,3004741
ratA_yfjF_predicted,0.3333333333333333,2,2,AAGTAGGAATATATGCTAAC,0,3011474
ratA_yfjF_predicted,0.3333333333333333,2,2,AAGGTTCCATAGTGGAACAC,0,3012628
ratA_yfjF_predicted,0.3333333333333333,2,2,AAGGCTGACCCGACAGAATG,0,3009648
ratA_yfjF_predicted,0.3333333333333333,2,2,AAGGCCCAGATCACCGGCAT,0,3008102
ratA_yfjF_predicted,0.3333333333333333,2,2,AAGGCATCGAAGGAATGACA,0,3015111
ratA_yfjF_predicted,0.3333333333333333,2,2,AAGCGAGTGAGGTATTAGAA,0,3017609
ratA_yfjF_predicted,0.3333333333333333,2,2,AAGCCCCAGGAGACCTTTTT,0,2992619
ratA_yfjF_predicted,0.3333333333333333,2,2,AAGCAATGACGGGTAGCGAT,0,3018476
ratA_yfjF_predicted,0.3333333333333333,2,2,AAGATAGAGCATGTCAGGAA,0,3001686
ratA_yfjF_predicted,0.3333333333333333,2,2,AAGAGCCCCTCGCTGTAAGG,0,3015154
ratA_yfjF_predicted,0.3333333333333333,2,2,AAGAGATAATTAGTTTCTAT,0,3004392
ratA_yfjF_predicted,0.3333333333333333,2,2,AAGACTATCGTCAGAACGGT,0,3015715
ratA_yfjF_predicted,0.3333333333333333,2,2,AACTTTATAGTCAAGCTCTC,0,3019930
ratA_yfjF_predicted,0.3333333333333333,2,2,AACTTGCCTGGCGCAGATTA,0,3013228
ratA_yfjF_predicted,0.3333333333333333,2,2,AACTTATATCATCGAGCGTT,0,2998016
ratA_yfjF_predicted,0.3333333333333333,2,2,AACTTATATACGCACGTTGA,0,3010760
ratA_yfjF_predicted,0.3333333333333333,2,2,AACTCCTGCAGACAGCGATC,0,3003506
ratA_yfjF_predicted,0.3333333333333333,2,2,AACGTCTTATTAGTGGGCCG,0,2994985
ratA_yfjF_predicted,0.3333333333333333,2,2,AACGCGAGACGTAAGCGACT,0,3016406
ratA_yfjF_predicted,0.3333333333333333,2,2,AACGCCGCTTAGACTTGATA,0,3007778
ratA_yfjF_predicted,0.3333333333333333,2,2,AACCTTCTTAGACAACGGTC,0,3013365
ratA_yfjF_predicted,0.3333333333333333,2,2,AACCTACTGAGACGACACCC,0,3008066
ratA_yfjF_predicted,0.3333333333333333,2,2,AACCCGATCCTTAATCTAAA,0,3021625
ratA_yfjF_predicted,0.3333333333333333,2,2,AACCCCCCGACGCGGTACAA,0,3000584
ratA_yfjF_predicted,0.3333333333333333,2,2,AAATAATTATTGGTTCATGT,0,2991834
ratA_yfjF_predicted,0.3333333333333333,2,2,AAATAATCTCTGGGTCGGGT,0,2995068
ratA_yfjF_predicted,0.3333333333333333,2,2,AAAGGAATGTTTAGGCAATA,0,3016185
ratA_yfjF_predicted,0.3333333333333333,2,2,AAAGCAAGATTTCACCCGCG,0,3007102
ratA_yfjF_predicted,0.3333333333333333,2,2,AAACTGGACCGGTCCTGCTT,0,3011977
ratA_yfjF_predicted,0.3333333333333333,2,2,AAACATGAGGTGTTTGTTTC,0,2997257
ratA_yfjF_predicted,0.3333333333333333,2,2,AAACAGGTCATAATCGTTCT,0,2994261
ratA_yfjF_predicted,0.3333333333333333,2,2,AAACAGGAGAAGTCACATCT,0,2999738
ratA_yfjF_predicted,0.3333333333333333,2,2,AAACAATTAGAGGCTGACGT,0,3000543
ratA_yfjF_predicted,0.3333333333333333,2,2,AAAAATGGTTGTATTGCGGA,0,3005643
ratA_yfjF_predicted,0.3333333333333333,2,2,AAAAACGTTAAAACCCGAGA,0,3009803
ratA_yfjF_predicted,0.5,1,1,TTTTGTGTTGTGGTGAATAG,0,3002854
ratA_yfjF_predicted,0.5,1,1,TTTTGCGGACCGGCAATCCT,0,3000839
ratA_yfjF_predicted,0.5,1,1,TTTTACCGCCCCCCCCACGC,0,3020556
ratA_yfjF_predicted,0.5,1,1,TTTTACCAAAACACATGGAG,0,3007861
ratA_yfjF_predicted,0.5,1,1,TTTTAACTTGGCTATGGTGC,0,3018099
ratA_yfjF_predicted,0.5,1,1,TTTGTCTCAGATGTTTCTCG,0,3005970
ratA_yfjF_predicted,0.5,1,1,TTTGCCTCTGTGCCGCCCCA,0,2994132
ratA_yfjF_predicted,0.5,1,1,TTTGCAGGTCTTTTTTTCAA,0,2997281
ratA_yfjF_predicted,0.5,1,1,TTTCTGCGCGGAGTAAGTGC,0,3008348
ratA_yfjF_predicted,0.5,1,1,TTTCTCTGCCGGTCTTCCAG,0,2991781
ratA_yfjF_predicted,0.5,1,1,TTTCCTTAGGCCCGCTCATC,0,3010232
ratA_yfjF_predicted,0.5,1,1,TTTATACATGGGCCTCACTG,0,2994606
ratA_yfjF_predicted,0.5,1,1,TTTAGTAGTACCGTTGCAAG,0,3020474
ratA_yfjF_predicted,0.5,1,1,TTTACTATCTCTAGGCACCC,0,3001141
ratA_yfjF_predicted,0.5,1,1,TTTACCTTAGTTTTTCAACG,0,3020369
ratA_yfjF_predicted,0.5,1,1,TTTACCATGCACAGGTTATG,0,3013568
ratA_yfjF_predicted,0.5,1,1,TTTAAATTCTGCTGGCTGAG,0,3011539
ratA_yfjF_predicted,0.5,1,1,TTGTTTAGGCGGTATCTGGA,0,3014375
ratA_yfjF_predicted,0.5,1,1,TTGTGTTTATTTCCTGCCAA,0,3001409
ratA_yfjF_predicted,0.5,1,1,TTGTGCGTTCCGATGCCTGT,0,2993060
ratA_yfjF_predicted,0.5,1,1,TTGTCACAGAACTGTCAATG,0,3005223
ratA_yfjF_predicted,0.5,1,1,TTGTATCTAGTCGCTTTCGG,0,3015211
ratA_yfjF_predicted,0.5,1,1,TTGGTTAACAAGTATCCACT,0,2998152
ratA_yfjF_predicted,0.5,1,1,TTGGGTAGACTTTTAACAAT,0,3004019
ratA_yfjF_predicted,0.5,1,1,TTGGCGCATGGGGGTCGCCC,0,3010785
ratA_yfjF_predicted,0.5,1,1,TTGGATACGAAAGGCGGGTC,0,3006315
ratA_yfjF_predicted,0.5,1,1,TTGGAGGCTGTTACGATTGT,0,2998543
ratA_yfjF_predicted,0.5,1,1,TTGGAGATGTAAAAAGATAT,0,3012545
ratA_yfjF_predicted,0.5,1,1,TTGCGTAGTCTTTTATTGGC,0,3017331
ratA_yfjF_predicted,0.5,1,1,TTGCGGCGCGTGTTTGCTAT,0,3009758
ratA_yfjF_predicted,0.5,1,1,TTGCCCGTCAGAGTCAGGTC,0,3000259
ratA_yfjF_predicted,0.5,1,1,TTGATTTTGTCATGCTTTGA,0,3013622
ratA_yfjF_predicted,0.5,1,1,TTGAGCACGTTCCATTCATG,0,2993569
ratA_yfjF_predicted,0.5,1,1,TTGAATGAATTTAATTATCC,0,3015523
ratA_yfjF_predicted,0.5,1,1,TTGAAGAAAGTGTGATTAAA,0,2996086
ratA_yfjF_predicted,0.5,1,1,TTGAAACTAGCCCGATTCAT,0,2995346
ratA_yfjF_predicted,0.5,1,1,TTCTGTATCTCTTACAAGCA,0,2997480
ratA_yfjF_predicted,0.5,1,1,TTCTGGTAGCTAGGGCTAAA,0,3020280
ratA_yfjF_predicted,0.5,1,1,TTCTACGGGGTCTGGGAAAG,0,2994589
ratA_yfjF_predicted,0.5,1,1,TTCGGATTGTTGGTGCAGGA,0,3010712
ratA_yfjF_predicted,0.5,1,1,TTCGGAGAGGAAAACAGCTG,0,3002465
ratA_yfjF_predicted,0.5,1,1,TTCGGAACTTTAACTTCAAC,0,3000928
ratA_yfjF_predicted,0.5,1,1,TTCGCTCGGCTGAAAATCGG,0,2993409
ratA_yfjF_predicted,0.5,1,1,TTCGCCTACTGCACTGGGGA,0,3008763
ratA_yfjF_predicted,0.5,1,1,TTCGATACCACCGAAAGGAG,0,2996919
ratA_yfjF_predicted,0.5,1,1,TTCGAGAAGCTGGGGTCAGG,0,2995804
ratA_yfjF_predicted,0.5,1,1,TTCCGTGTTGCGACAATGAA,0,3014630
ratA_yfjF_predicted,0.5,1,1,TTCCGGTGCTCAGAGGCGTG,0,3005836
ratA_yfjF_predicted,0.5,1,1,TTCCGGTCAGTCACTCCGCT,0,3011277
ratA_yfjF_predicted,0.5,1,1,TTCCGCCAGAGGCTAAGTCG,0,3019362
ratA_yfjF_predicted,0.5,1,1,TTCCCTCCCCGACGTAAGGG,0,3014809
ratA_yfjF_predicted,0.5,1,1,TTCATAAATCTAAATACACT,0,3012681
ratA_yfjF_predicted,0.5,1,1,TTCAGGCCTGGCCAAACGGA,0,3017612
ratA_yfjF_predicted,0.5,1,1,TTCAGGCAATAATGGTTGTA,0,3000133
ratA_yfjF_predicted,0.5,1,1,TTCAGCAAATGGGTATACCG,0,3000865
ratA_yfjF_predicted,0.5,1,1,TTCACCCACCCGTGTATGAA,0,3011538
ratA_yfjF_predicted,0.5,1,1,TTCACACAATTGCTCTAGTT,0,2995287
ratA_yfjF_predicted,0.5,1,1,TTATTCGTTCCAACGCTAAT,0,3011556
ratA_yfjF_predicted,0.5,1,1,TTATCTAAGGAGTCATTGTC,0,2996294
ratA_yfjF_predicted,0.5,1,1,TTATATTCGGCACATATCGG,0,2999359
ratA_yfjF_predicted,0.5,1,1,TTAGGTACAGAGTGCGGGCT,0,2992155
ratA_yfjF_predicted,0.5,1,1,TTAGGGTGTCGTGGAAGTGT,0,3004144
ratA_yfjF_predicted,0.5,1,1,TTAGGGGAGTCGCCACTAAG,0,2992413
ratA_yfjF_predicted,0.5,1,1,TTAGGGACAGAGTCACAACT,0,3014645
ratA_yfjF_predicted,0.5,1,1,TTAGGCATAGTTTGATTAGT,0,3014743
ratA_yfjF_predicted,0.5,1,1,TTAGGATTGCTCGCAAGACA,0,3011673
ratA_yfjF_predicted,0.5,1,1,TTAGACTCGGATTTACCAAG,0,3010492
ratA_yfjF_predicted,0.5,1,1,TTAGAACACAGAACTCCCGT,0,3002877
ratA_yfjF_predicted,0.5,1,1,TTACTGATTGACACCTGTTG,0,2999095
ratA_yfjF_predicted,0.5,1,1,TTACCGCGAGCATTCGCTGT,0,3005789
ratA_yfjF_predicted,0.5,1,1,TTACAGGGATTTTGGAAATC,0,3002846
ratA_yfjF_predicted,0.5,1,1,TTAATTCATAATGTCACGTT,0,3015599
ratA_yfjF_predicted,0.5,1,1,TTAATGCGCGGTCTCTACGT,0,2998582
ratA_yfjF_predicted,0.5,1,1,TTAATAATCCTGATTCTTGC,0,3009189
ratA_yfjF_predicted,0.5,1,1,TTAAGGCATATATGTACAAT,0,3021586
ratA_yfjF_predicted,0.5,1,1,TGTTTCGCACCCGCCGTGAA,0,2996541
ratA_yfjF_predicted,0.5,1,1,TGTTCGCTCTCAACATATGG,0,3017736
ratA_yfjF_predicted,0.5,1,1,TGTTCGAGTGTATAGCGGTT,0,2999837
ratA_yfjF_predicted,0.5,1,1,TGTGTCGGTTCGCTTGGTGG,0,3007671
ratA_yfjF_predicted,0.5,1,1,TGTGTAGGCTCTTTGTGTTG,0,2997781
ratA_yfjF_predicted,0.5,1,1,TGTGGTGATAGAATTTGGGT,0,3005817
ratA_yfjF_predicted,0.5,1,1,TGTGGTATTGTGACCGGCGA,0,3004785
ratA_yfjF_predicted,0.5,1,1,TGTGCGGGGTCACAAGGTCT,0,2998271
ratA_yfjF_predicted,0.5,1,1,TGTGAAGAGCACGTGGTGTA,0,3012066
ratA_yfjF_predicted,0.5,1,1,TGTCTGATGGAGTGTTAAAT,0,2993611
ratA_yfjF_predicted,0.5,1,1,TGTCGAAAGTCCGCTCACGC,0,3016472
ratA_yfjF_predicted,0.5,1,1,TGTCCGACACACCTGCTTAT,0,3011195
ratA_yfjF_predicted,0.5,1,1,TGTCCCGCATGGTGCCGCTT,0,3000489
ratA_yfjF_predicted,0.5,1,1,TGTCACTCTCATAACAGACG,0,3013257
ratA_yfjF_predicted,0.5,1,1,TGTCACAAGTGTTTCGAAGC,0,3004068
ratA_yfjF_predicted,0.5,1,1,TGGTTTAGTGAAAGTAACTC,0,3010148
ratA_yfjF_predicted,0.5,1,1,TGGGTCATGGGCTCAGAACA,0,3017268
ratA_yfjF_predicted,0.5,1,1,TGGGATTGTACCTAATTCAT,0,3001407
ratA_yfjF_predicted,0.5,1,1,TGGGATTCTGGCGCGTCGTC,0,3015014
ratA_yfjF_predicted,0.5,1,1,TGGGATCGTCGGCCGAGGGT,0,3021474
ratA_yfjF_predicted,0.5,1,1,TGGCCTATGGATTAGCATAA,0,3008562
ratA_yfjF_predicted,0.5,1,1,TGGCCGCCCCCCAGCACCTA,0,3014514
ratA_yfjF_predicted,0.5,1,1,TGGCAGACTGTTTCTGGTCT,0,2993268
ratA_yfjF_predicted,0.5,1,1,TGGACCCCGTTAGACGAGCT,0,3020969
ratA_yfjF_predicted,0.5,1,1,TGGAACTTAAGGTGTGAGAC,0,3001058
ratA_yfjF_predicted,0.5,1,1,TGCTTGTGAAATGCTTTCTC,0,3009582
ratA_yfjF_predicted,0.5,1,1,TGCTTCGTCCATGACTGTTA,0,3006612
ratA_yfjF_predicted,0.5,1,1,TGCTTCGACTCATTGGGACC,0,3009073
ratA_yfjF_predicted,0.5,1,1,TGCTTCCTCCCGGCAGCAGA,0,3019757
ratA_yfjF_predicted,0.5,1,1,TGCTGTGGTACGGTCTCCTG,0,3006847
ratA_yfjF_predicted,0.5,1,1,TGCTCGAGAACGACACAAGA,0,3019633
ratA_yfjF_predicted,0.5,1,1,TGCTATCCCTTTCTGCCGAC,0,3010061
ratA_yfjF_predicted,0.5,1,1,TGCGTATATGAAGGAGAGGC,0,3019363
ratA_yfjF_predicted,0.5,1,1,TGCGCCCCTCCGAGGGTGAC,0,3011906
ratA_yfjF_predicted,0.5,1,1,TGCGATAGCTAAAGAGACCT,0,3000503
ratA_yfjF_predicted,0.5,1,1,TGCCGCCAAGTCTCCATACG,0,2994537
ratA_yfjF_predicted,0.5,1,1,TGCCCTGGGAAAAGAGGGCA,0,3011993
ratA_yfjF_predicted,0.5,1,1,TGCCATGTCCTCAATACTCC,0,3021387
ratA_yfjF_predicted,0.5,1,1,TGCCAACAGTGTGGTCGAAC,0,3007248
ratA_yfjF_predicted,0.5,1,1,TGCACACGCAACCTTGGACG,0,3003635
ratA_yfjF_predicted,0.5,1,1,TGCAATGCAGGTAACCGGAA,0,2997786
ratA_yfjF_predicted,0.5,1,1,TGATCATGGGCACCGGAATT,0,3004235
ratA_yfjF_predicted,0.5,1,1,TGATCAGATTAAACTACTAC,0,3016605
ratA_yfjF_predicted,0.5,1,1,TGATAGCCTTGAAGGCAATA,0,2999100
ratA_yfjF_predicted,0.5,1,1,TGAGTCGCTGAGCTGGCATG,0,3020117
ratA_yfjF_predicted,0.5,1,1,TGAGGGAGTGTTCTCAGGGG,0,2993589
ratA_yfjF_predicted,0.5,1,1,TGAGGACATGTTCATGACTA,0,3010011
ratA_yfjF_predicted,0.5,1,1,TGAGGAACTCACCAGAGGTT,0,3004561
ratA_yfjF_predicted,0.5,1,1,TGACGGATTAATCGGATTTT,0,3001974
ratA_yfjF_predicted,0.5,1,1,TGACATTGCCGGTCACCTGT,0,3016492
ratA_yfjF_predicted,0.5,1,1,TGACATTGACGCATGCCGTG,0,2999629
ratA_yfjF_predicted,0.5,1,1,TGACATTCGTCGCATACGAC,0,3012736
ratA_yfjF_predicted,0.5,1,1,TGAATTAAACCGATGGGACT,0,3015696
ratA_yfjF_predicted,0.5,1,1,TGAATACGGGCAATAATACG,0,3004857
ratA_yfjF_predicted,0.5,1,1,TGAATACGATCAGTAGGACC,0,3012375
ratA_yfjF_predicted,0.5,1,1,TGAATAAGTTCTTAGTACAG,0,3004350
ratA_yfjF_predicted,0.5,1,1,TCTTTGATGTGGTAATCATC,0,3007478
ratA_yfjF_predicted,0.5,1,1,TCTTTAAAATAAAGGCGAAC,0,2998135
ratA_yfjF_predicted,0.5,1,1,TCTTGCGCTTATAACGGTCA,0,3021734
ratA_yfjF_predicted,0.5,1,1,TCTTCGGAGAAAAACTTTCT,0,2998868
ratA_yfjF_predicted,0.5,1,1,TCTTCGGAAAATGGTTCGTA,0,2998506
ratA_yfjF_predicted,0.5,1,1,TCTGTTAGCTGTTAGGAGAT,0,2999217
ratA_yfjF_predicted,0.5,1,1,TCTGTGGTACTCGGATCATG,0,2997660
ratA_yfjF_predicted,0.5,1,1,TCTGTACAACAATCTAAGCC,0,3006858
ratA_yfjF_predicted,0.5,1,1,TCTGGTCAATTCGATGACAG,0,3017525
ratA_yfjF_predicted,0.5,1,1,TCTGAGAAAAATCGCCGGGC,0,3015724
ratA_yfjF_predicted,0.5,1,1,TCTCTACGTACGAAAAGATT,0,3020146
ratA_yfjF_predicted,0.5,1,1,TCTCTACATTCAAAGTTCCG,0,3006200
ratA_yfjF_predicted,0.5,1,1,TCTCGCCGCCCCTTATATCG,0,3011852
ratA_yfjF_predicted,0.5,1,1,TCTCCTTGGCAGATTGCGGC,0,3014372
ratA_yfjF_predicted,0.5,1,1,TCTAGTTAGATGGAGACTCC,0,3003521
ratA_yfjF_predicted,0.5,1,1,TCTAGCTCAGGACTAGCGGT,0,3005913
ratA_yfjF_predicted,0.5,1,1,TCTAGACCGGCTGTACGCCG,0,3011399
ratA_yfjF_predicted,0.5,1,1,TCTACTCATTGCCATCTAAC,0,3002312
ratA_yfjF_predicted,0.5,1,1,TCTACCTCCCTCTAGTTTGA,0,3001941
ratA_yfjF_predicted,0.5,1,1,TCTAATGTCTCGTCTGCTCC,0,3020719
ratA_yfjF_predicted,0.5,1,1,TCTAATGCCAGATATCATTG,0,3013929
ratA_yfjF_predicted,0.5,1,1,TCGTGTAGCAATCTATTGTA,0,2997848
ratA_yfjF_predicted,0.5,1,1,TCGTGGACTGAGGCGGCGCA,0,3010409
ratA_yfjF_predicted,0.5,1,1,TCGTCCCTTTTTGAACTGGG,0,3012027
ratA_yfjF_predicted,0.5,1,1,TCGTCCCAGAGTGCGGGCTT,0,3008282
ratA_yfjF_predicted,0.5,1,1,TCGTCCACTCCGGTAGGGTG,0,2994024
ratA_yfjF_predicted,0.5,1,1,TCGTAGTATTGGCTTGACTA,0,3001109
ratA_yfjF_predicted,0.5,1,1,TCGTAGCATTACTTCCGAGA,0,3019165
ratA_yfjF_predicted,0.5,1,1,TCGGTTGGTGAGAGTCGCTG,0,3017404
ratA_yfjF_predicted,0.5,1,1,TCGGGGGCGGGTGGCCGACC,0,3012849
ratA_yfjF_predicted,0.5,1,1,TCGGCTCTATTTTTCCACTT,0,2998037
ratA_yfjF_predicted,0.5,1,1,TCGGCCCTAGTTATAACGAC,0,3001679
ratA_yfjF_predicted,0.5,1,1,TCGGAACCTCAGTATTTATC,0,2996222
ratA_yfjF_predicted,0.5,1,1,TCGCCCCAGATAGCCGGTGT,0,3019087
ratA_yfjF_predicted,0.5,1,1,TCGCCCAAGGGAACTTGTTG,0,3006800
ratA_yfjF_predicted,0.5,1,1,TCGCATCATGGCTCGACATG,0,3013504
ratA_yfjF_predicted,0.5,1,1,TCGCAATTTAACAAGGATTT,0,2997840
ratA_yfjF_predicted,0.5,1,1,TCGATGTGCTTAACACCTTG,0,2999795
ratA_yfjF_predicted,0.5,1,1,TCGAGTCCAGCCCCTGACCT,0,3012639
ratA_yfjF_predicted,0.5,1,1,TCGAGCTCTAAGGGTTCATT,0,3018840
ratA_yfjF_predicted,0.5,1,1,TCGAACGCAAATAAGAATGA,0,3010615
ratA_yfjF_predicted,0.5,1,1,TCCTTTAATAGCCATTAATG,0,3011494
ratA_yfjF_predicted,0.5,1,1,TCCTTCACCGTCCAATCGTA,0,3018426
ratA_yfjF_predicted,0.5,1,1,TCCTTACCCTTGGTATTATC,0,3020781
ratA_yfjF_predicted,0.5,1,1,TCCTCACTCCATGAGGGTTA,0,2992436
ratA_yfjF_predicted,0.5,1,1,TCCTCAACTGCTGTCCCCCC,0,3001462
ratA_yfjF_predicted,0.5,1,1,TCCTAATTATCCTGCGTGTC,0,3011202
ratA_yfjF_predicted,0.5,1,1,TCCGGTGTATTTGTTATGCC,0,3007099
ratA_yfjF_predicted,0.5,1,1,TCCGCTGGCCGAAAGACCTG,0,3009004
ratA_yfjF_predicted,0.5,1,1,TCCCTGCGGAATCCTTTATT,0,2997241
ratA_yfjF_predicted,0.5,1,1,TCCCATTTACTCCCGTTGAT,0,3011439
ratA_yfjF_predicted,0.5,1,1,TCCCACGTGTAAAGCGCAGA,0,3009522
ratA_yfjF_predicted,0.5,1,1,TCCAGCTCCGTTATGTGCAT,0,3019742
ratA_yfjF_predicted,0.5,1,1,TCCAGCCCAAATGACGCTAT,0,3019018
ratA_yfjF_predicted,0.5,1,1,TCCAACTGATTGCCGCTTAT,0,3010872
ratA_yfjF_predicted,0.5,1,1,TCATTGGAAGGTTAACCGAT,0,3011397
ratA_yfjF_predicted,0.5,1,1,TCATTCACATGGCCCGGGAT,0,3014536
ratA_yfjF_predicted,0.5,1,1,TCATGTAGCATGTATATGCA,0,2993046
ratA_yfjF_predicted,0.5,1,1,TCATGGTATTAAGTCGGATG,0,3017538
ratA_yfjF_predicted,0.5,1,1,TCATCGTGTCGTGATGTGCA,0,2993759
ratA_yfjF_predicted,0.5,1,1,TCATCGGCTATACTCCAGGG,0,3018536
ratA_yfjF_predicted,0.5,1,1,TCATCGAGCACCTGATGTAA,0,3017585
ratA_yfjF_predicted,0.5,1,1,TCATCCATCCATGGCCACAA,0,2997827
ratA_yfjF_predicted,0.5,1,1,TCAGTGTCGAACGAAGATGA,0,2998866
ratA_yfjF_predicted,0.5,1,1,TCAGTATGGCCATGTACATG,0,3016996
ratA_yfjF_predicted,0.5,1,1,TCAGGCAAGTCACGCGCCAT,0,3018642
ratA_yfjF_predicted,0.5,1,1,TCAGAAGCCTGTCTGCAGCA,0,3010108
ratA_yfjF_predicted,0.5,1,1,TCAGAACGTCAGGCTTAGGG,0,3007118
ratA_yfjF_predicted,0.5,1,1,TCACTGTCCACCGGGTTTAA,0,2995113
ratA_yfjF_predicted,0.5,1,1,TCACTATAAGTCTTCAAGAC,0,2996617
ratA_yfjF_predicted,0.5,1,1,TCACGTGCTACTTAACTAAC,0,3006297
ratA_yfjF_predicted,0.5,1,1,TCACGGCTCCGTCATGGCTA,0,3014776
ratA_yfjF_predicted,0.5,1,1,TCACGGATCTCATGCCGTCT,0,3016481
ratA_yfjF_predicted,0.5,1,1,TCACCCAATAACCTTGCCGG,0,3004564
ratA_yfjF_predicted,0.5,1,1,TCACCATATATTTTAGGAAA,0,3007331
ratA_yfjF_predicted,0.5,1,1,TCACATGGCCACGATAAGTA,0,3016091
ratA_yfjF_predicted,0.5,1,1,TCAAGCGCCTCATCTTCATA,0,2991906
ratA_yfjF_predicted,0.5,1,1,TCAACGGATCGGATCGAACA,0,3021296
ratA_yfjF_predicted,0.5,1,1,TCAACCCGGTGGTGAGTTAC,0,3003481
ratA_yfjF_predicted,0.5,1,1,TCAACACATTGATCTCGGCA,0,3007296
ratA_yfjF_predicted,0.5,1,1,TCAAATGCAAGAACGGGTCA,0,3006028
ratA_yfjF_predicted,0.5,1,1,TCAAACATGGTAGACCCGAA,0,2998116
ratA_yfjF_predicted,0.5,1,1,TCAAAAAAGCCTCGCCGTCA,0,3017424
ratA_yfjF_predicted,0.5,1,1,TATTTATGGGTGACTAACCA,0,3020612
ratA_yfjF_predicted,0.5,1,1,TATTGTAGGGGGACATGTAT,0,3008113
ratA_yfjF_predicted,0.5,1,1,TATTCGCGAATGTGGTATCT,0,3014903
ratA_yfjF_predicted,0.5,1,1,TATTAATTTCATCGAGGGTA,0,2993817
ratA_yfjF_predicted,0.5,1,1,TATGTACCGGGCATGATACG,0,3020620
ratA_yfjF_predicted,0.5,1,1,TATGGCCTCTGCAAGCTTCA,0,3017198
ratA_yfjF_predicted,0.5,1,1,TATGGCCAAGTGGTCTTATC,0,3019440
ratA_yfjF_predicted,0.5,1,1,TATGGACACTATCTCGCATC,0,3019741
ratA_yfjF_predicted,0.5,1,1,TATGCACGGTCAGGGTGAGT,0,2999568
ratA_yfjF_predicted,0.5,1,1,TATCTTCAAAACGACAGAAA,0,3004751
ratA_yfjF_predicted,0.5,1,1,TATCTGCGGTTGGAATTACC,0,3015516
ratA_yfjF_predicted,0.5,1,1,TATCTCGACTTTCACGCGGT,0,3005523
ratA_yfjF_predicted,0.5,1,1,TATCGCCATCAGTCTAAAAG,0,3010311
ratA_yfjF_predicted,0.5,1,1,TATCAAGATTTGATGGGCAA,0,3000931
ratA_yfjF_predicted,0.5,1,1,TATAGCCAGAGTGCTCACAA,0,3007260
ratA_yfjF_predicted,0.5,1,1,TATAGCAGTGTCCTCATCCC,0,3007165
ratA_yfjF_predicted,0.5,1,1,TATACCCAGCCAGGCACGAG,0,3012687
ratA_yfjF_predicted,0.5,1,1,TATACAGGCCGGAATTCGGT,0,2996968
ratA_yfjF_predicted,0.5,1,1,TATACAAAGGTCAAGTTCCA,0,3014568
ratA_yfjF_predicted,0.5,1,1,TAGGTAAGGGCTTATTGGTT,0,3000563
ratA_yfjF_predicted,0.5,1,1,TAGGTAACCTGTGCAGCGTA,0,2994069
ratA_yfjF_predicted,0.5,1,1,TAGGGATTGCAGGTTCCAAA,0,3005316
ratA_yfjF_predicted,0.5,1,1,TAGGCGAAAGCAATCTCTAA,0,2992173
ratA_yfjF_predicted,0.5,1,1,TAGGATAGATCAGGGGTGGG,0,2992730
ratA_yfjF_predicted,0.5,1,1,TAGGACTTTACGTGTATCAC,0,2994547
ratA_yfjF_predicted,0.5,1,1,TAGCTTGCGCGCTTGCTTGC,0,3006464
ratA_yfjF_predicted,0.5,1,1,TAGCGGAGGTGGTTCGGGCG,0,3007726
ratA_yfjF_predicted,0.5,1,1,TAGCGAATGTACTAGCAAAT,0,3008453
ratA_yfjF_predicted,0.5,1,1,TAGATGCGCGGCAGTAGTGA,0,3018347
ratA_yfjF_predicted,0.5,1,1,TAGATCATCGCTTCGCCAGG,0,3002038
ratA_yfjF_predicted,0.5,1,1,TAGAGTTTTATTAGGCGATA,0,2998612
ratA_yfjF_predicted,0.5,1,1,TAGAGGTGGACGGAACAGAG,0,3020788
ratA_yfjF_predicted,0.5,1,1,TAGACCGCAAAAATACGCAA,0,2998504
ratA_yfjF_predicted,0.5,1,1,TAGACCCCCGAACCCCCAGC,0,3002762
ratA_yfjF_predicted,0.5,1,1,TAGACATCTTAACTCGCGGC,0,3012594
ratA_yfjF_predicted,0.5,1,1,TAGAAGCGTGCTTCCTCTCA,0,3015175
ratA_yfjF_predicted,0.5,1,1,TAGAAAGATCAGAGGGACCC,0,3011363
ratA_yfjF_predicted,0.5,1,1,TACTTGTTTGTAAATAGGAC,0,2996794
ratA_yfjF_predicted,0.5,1,1,TACTGACATAAGCTGCTCAA,0,3004706
ratA_yfjF_predicted,0.5,1,1,TACTATAGCTTGCGGAGGGA,0,3011333
ratA_yfjF_predicted,0.5,1,1,TACGTCTGAATCATAGCTAT,0,3011716
ratA_yfjF_predicted,0.5,1,1,TACGTATCTGTGTCACGGTT,0,3017537
ratA_yfjF_predicted,0.5,1,1,TACGGCACATATGCGCTAGT,0,3017132
ratA_yfjF_predicted,0.5,1,1,TACGCTGGATGCGCTGATGC,0,3010312
ratA_yfjF_predicted,0.5,1,1,TACCTGGTTTGAATAGAGGG,0,3019436
ratA_yfjF_predicted,0.5,1,1,TACCGGGTATCGCGGGGAAC,0,3011072
ratA_yfjF_predicted,0.5,1,1,TACCCGCGCAGGACTGTCTG,0,3006013
ratA_yfjF_predicted,0.5,1,1,TACCATGGTTTGCTTCGTCT,0,3008873
ratA_yfjF_predicted,0.5,1,1,TACATAAGCTCAAGCGGGAA,0,3000637
ratA_yfjF_predicted,0.5,1,1,TACAGTTCCACGTTTTTGTC,0,3004459
ratA_yfjF_predicted,0.5,1,1,TACAGGTAGTAGTCATGAAT,0,3019402
ratA_yfjF_predicted,0.5,1,1,TACAGACGAATTTAAGTGAT,0,3015334
ratA_yfjF_predicted,0.5,1,1,TACAGAAGTCATACTCCTTC,0,2994238
ratA_yfjF_predicted,0.5,1,1,TAATTTCGACTCTCCGGGCA,0,2993498
ratA_yfjF_predicted,0.5,1,1,TAATATGAGCCAATCGTTGA,0,2999908
ratA_yfjF_predicted,0.5,1,1,TAATATCTGCTTTCTTGCCA,0,2992243
ratA_yfjF_predicted,0.5,1,1,TAAGTCAGTTCACTGCTTGT,0,3011227
ratA_yfjF_predicted,0.5,1,1,TAAGGATACCGGCCACCGTG,0,3015571
ratA_yfjF_predicted,0.5,1,1,TAAGATCCTCACACTTCCTT,0,3004685
ratA_yfjF_predicted,0.5,1,1,TAAGACCGTGTAAAAGCTAC,0,3017922
ratA_yfjF_predicted,0.5,1,1,TAACTCGGCTCGGCCATGTA,0,3006891
ratA_yfjF_predicted,0.5,1,1,TAACTATTGAGTATGTAACC,0,3017939
ratA_yfjF_predicted,0.5,1,1,TAACCCACGGCGTGAGCCCC,0,2991965
ratA_yfjF_predicted,0.5,1,1,TAACCATATGTTAGTCGTGC,0,3006581
ratA_yfjF_predicted,0.5,1,1,TAACAGAGTGAGTGGTACGT,0,3019288
ratA_yfjF_predicted,0.5,1,1,TAACACACAATCGCTCATCT,0,3018092
ratA_yfjF_predicted,0.5,1,1,TAAAGATGCTAGGTCAATTT,0,3016190
ratA_yfjF_predicted,0.5,1,1,TAAAATCGATAGTATGGTTA,0,3020693
ratA_yfjF_predicted,0.5,1,1,GTTTGCGGGCGGATCTGGCG,0,2992031
ratA_yfjF_predicted,0.5,1,1,GTTTCTCCCGATACTATCCG,0,3005559
ratA_yfjF_predicted,0.5,1,1,GTTTCCCTGGCGGTTTTACC,0,3015147
ratA_yfjF_predicted,0.5,1,1,GTTGTTCGACATACGGTCAC,0,2999617
ratA_yfjF_predicted,0.5,1,1,GTTGTGTCCCTAATGGAAGC,0,2999349
ratA_yfjF_predicted,0.5,1,1,GTTGTATGTTCTGCATTAAA,0,2993836
ratA_yfjF_predicted,0.5,1,1,GTTGCCGGGGCCACCATACG,0,2995377
ratA_yfjF_predicted,0.5,1,1,GTTGACTCGCTCTTGTAGTT,0,3008461
ratA_yfjF_predicted,0.5,1,1,GTTGAAGCTCTAAATCGCTT,0,3004220
ratA_yfjF_predicted,0.5,1,1,GTTCTGGGTATACGGGCGCA,0,3012372
ratA_yfjF_predicted,0.5,1,1,GTTCGTAGGGTGTATACAAC,0,3004150
ratA_yfjF_predicted,0.5,1,1,GTTCGATCGTGCATGGCAGC,0,3012966
ratA_yfjF_predicted,0.5,1,1,GTTCCCTTGGCTCGTGCCGT,0,3016062
ratA_yfjF_predicted,0.5,1,1,GTTATGAATTGCGCCGGGAG,0,3016204
ratA_yfjF_predicted,0.5,1,1,GTTAAACGGTCGGCCGGTGG,0,3016234
ratA_yfjF_predicted,0.5,1,1,GTGTGTTGATACAGGAGGTT,0,3001473
ratA_yfjF_predicted,0.5,1,1,GTGTCTGTCCGGCGCAAGGC,0,3011092
ratA_yfjF_predicted,0.5,1,1,GTGTCGTTAGACGACCCTTC,0,3018597
ratA_yfjF_predicted,0.5,1,1,GTGTATTTCTGAGCTTCACA,0,2997326
ratA_yfjF_predicted,0.5,1,1,GTGTACACTACCCACGCACA,0,3020828
ratA_yfjF_predicted,0.5,1,1,GTGGTCCTAGAGGCTTGTTT,0,3013627
ratA_yfjF_predicted,0.5,1,1,GTGGGGATGCCGCTGAGATG,0,3008627
ratA_yfjF_predicted,0.5,1,1,GTGGCCGCGTGACGAACGGC,0,3002915
ratA_yfjF_predicted,0.5,1,1,GTGGCCACTGTGATTGTGTA,0,3018355
ratA_yfjF_predicted,0.5,1,1,GTGGCATTTTGGTGAGGCGA,0,3006075
ratA_yfjF_predicted,0.5,1,1,GTGGCATTGACGCCGGAACT,0,2991870
ratA_yfjF_predicted,0.5,1,1,GTGGACGTATTTTGGCATTG,0,2996344
ratA_yfjF_predicted,0.5,1,1,GTGGAAAATTTGGGACTCCT,0,3020800
ratA_yfjF_predicted,0.5,1,1,GTGCTTGATTACAAACGTAC,0,3009067
ratA_yfjF_predicted,0.5,1,1,GTGCTCAACTAAGCGAGGGA,0,2993756
ratA_yfjF_predicted,0.5,1,1,GTGCGTGGCACAATGCGGCC,0,3008764
ratA_yfjF_predicted,0.5,1,1,GTGCGGGGATTCGGGCGCAT,0,2995847
ratA_yfjF_predicted,0.5,1,1,GTGCGAGTTAAGCGAGAGTC,0,3008540
ratA_yfjF_predicted,0.5,1,1,GTGCCTGAGCGTCAAGCGGC,0,3003026
ratA_yfjF_predicted,0.5,1,1,GTGCATCGGGCGGTAATGAG,0,3002777
ratA_yfjF_predicted,0.5,1,1,GTGATCTCTTTTGAACTGTG,0,2998063
ratA_yfjF_predicted,0.5,1,1,GTGAGTGCTAGTGTCAGCTA,0,3000090
ratA_yfjF_predicted,0.5,1,1,GTGAACTAGCCGTTGCGTGT,0,3012459
ratA_yfjF_predicted,0.5,1,1,GTCTTTCATATCTGCCTTAT,0,3012702
ratA_yfjF_predicted,0.5,1,1,GTCTCAGGTTGTATCTCAAG,0,3021020
ratA_yfjF_predicted,0.5,1,1,GTCTAGCTCATTACCTTGCC,0,2991791
ratA_yfjF_predicted,0.5,1,1,GTCTACCTCGACGCCATCGA,0,3004556
ratA_yfjF_predicted,0.5,1,1,GTCGTTCAGGTATGCCCCTG,0,2997681
ratA_yfjF_predicted,0.5,1,1,GTCGTAACGCACATTAGAAT,0,3002131
ratA_yfjF_predicted,0.5,1,1,GTCGGCTTTACGGTTCAGAC,0,3002742
ratA_yfjF_predicted,0.5,1,1,GTCCGTAGAGTGAGGACGCT,0,3002104
ratA_yfjF_predicted,0.5,1,1,GTCCGGACCGATGTAATTAA,0,3000306
ratA_yfjF_predicted,0.5,1,1,GTCATTGGGGTGCAAGCCGA,0,3006796
ratA_yfjF_predicted,0.5,1,1,GTCACTAGCGTCGGATCATG,0,3009270
ratA_yfjF_predicted,0.5,1,1,GTCACGTGCGCCCAATGTGT,0,3001820
ratA_yfjF_predicted,0.5,1,1,GTCACCAGGCTATCCATATG,0,3021288
ratA_yfjF_predicted,0.5,1,1,GTCACAGTAGACTACGCTGC,0,3001799
ratA_yfjF_predicted,0.5,1,1,GTCAATTAACAGTTCCTTCG,0,2999306
ratA_yfjF_predicted,0.5,1,1,GTCAATCGGAGGGCCGTAAG,0,3011810
ratA_yfjF_predicted,0.5,1,1,GTCAAGTCTTTATAAGGACC,0,3013350
ratA_yfjF_predicted,0.5,1,1,GTCAACCGGCATCAAGAGAC,0,3018256
ratA_yfjF_predicted,0.5,1,1,GTATGTCCCACTTAAAGCTC,0,3012050
ratA_yfjF_predicted,0.5,1,1,GTATGTACTGCGACCAGAGC,0,3020566
ratA_yfjF_predicted,0.5,1,1,GTATCCTCTATGTTTATTAA,0,2994093
ratA_yfjF_predicted,0.5,1,1,GTATAGACCCCGAGCTCTGA,0,3014273
ratA_yfjF_predicted,0.5,1,1,GTATACTTATTACGGACTCA,0,3007392
ratA_yfjF_predicted,0.5,1,1,GTATAAAACTACGCCATGAA,0,2998842
ratA_yfjF_predicted,0.5,1,1,GTAGTTATGGACCTTAATTC,0,3004918
ratA_yfjF_predicted,0.5,1,1,GTAGAGGTCTCACATCCTTA,0,3000807
ratA_yfjF_predicted,0.5,1,1,GTAGAGAATACTCCTCGGCT,0,3014130
ratA_yfjF_predicted,0.5,1,1,GTACCGAGCAGGTATACGTC,0,2998992
ratA_yfjF_predicted,0.5,1,1,GTACAATTCGCCCGATGTCA,0,3011485
ratA_yfjF_predicted,0.5,1,1,GTAATAGCCCTCGGATACTT,0,3001968
ratA_yfjF_predicted,0.5,1,1,GTAAGGACGGTGCAGAATGT,0,2999932
ratA_yfjF_predicted,0.5,1,1,GTAAGACGCTGCGAGTTGGC,0,3006012
ratA_yfjF_predicted,0.5,1,1,GTAACTCGCGCCAACGTAAT,0,3010704
ratA_yfjF_predicted,0.5,1,1,GTAACCCAGACGACACACCT,0,3009273
ratA_yfjF_predicted,0.5,1,1,GTAACAGTTTCGCATATGCC,0,3017232
ratA_yfjF_predicted,0.5,1,1,GTAAATACGCCAGTTACAAA,0,3018551
ratA_yfjF_predicted,0.5,1,1,GGTTTGTAACGTCACATAAT,0,3010361
ratA_yfjF_predicted,0.5,1,1,GGTGTTATAGCCATTAGTAA,0,2996609
ratA_yfjF_predicted,0.5,1,1,GGTGTGAACGATATATCGCG,0,3009977
ratA_yfjF_predicted,0.5,1,1,GGTGTCCCGCCCGACACATT,0,3002043
ratA_yfjF_predicted,0.5,1,1,GGTGTCATTGCGACCAAGAG,0,3001517
ratA_yfjF_predicted,0.5,1,1,GGTGCTTCCTGATTGAACAG,0,3001232
ratA_yfjF_predicted,0.5,1,1,GGTGCTAGCAACCGCCATCT,0,3011269
ratA_yfjF_predicted,0.5,1,1,GGTGCGTCCGCAACGTGTTT,0,2997795
ratA_yfjF_predicted,0.5,1,1,GGTGCCGTGTTATTACACAA,0,3020354
ratA_yfjF_predicted,0.5,1,1,GGTGAAGTTCACTGAGTTGA,0,2996960
ratA_yfjF_predicted,0.5,1,1,GGTCTTTCCAAGCGTGCGTA,0,3015471
ratA_yfjF_predicted,0.5,1,1,GGTCTGTTTTAGCTCCGGCG,0,3021072
ratA_yfjF_predicted,0.5,1,1,GGTCTCGTGCGACTAGCGGC,0,3008287
ratA_yfjF_predicted,0.5,1,1,GGTCGCGTTCACCATGGAGC,0,3019809
ratA_yfjF_predicted,0.5,1,1,GGTCGCCCCGCTGAACAGTC,0,3011400
ratA_yfjF_predicted,0.5,1,1,GGTCGAGTTGGTGCAAATGT,0,2998561
ratA_yfjF_predicted,0.5,1,1,GGTCATTGGGGTTTGCGCTC,0,3010803
ratA_yfjF_predicted,0.5,1,1,GGTCATCCCCGCAACGAGTC,0,3002042
ratA_yfjF_predicted,0.5,1,1,GGTAGGCTGTGAACTGGTTC,0,3004946
ratA_yfjF_predicted,0.5,1,1,GGTAGAAGTATTAGCATCTT,0,3018243
ratA_yfjF_predicted,0.5,1,1,GGTAATACGCCCGTACCATC,0,3015922
ratA_yfjF_predicted,0.5,1,1,GGTAATAAGGCGCGGTGACT,0,3016625
ratA_yfjF_predicted,0.5,1,1,GGGTTTAAGAACTAAGCGAT,0,3003856
ratA_yfjF_predicted,0.5,1,1,GGGTTGGAACGAAGAAAAAA,0,3011119
ratA_yfjF_predicted,0.5,1,1,GGGTTGCTTCCACCAGCCCA,0,3014954
ratA_yfjF_predicted,0.5,1,1,GGGTTATTTTGCTTCGAAGG,0,3011904
ratA_yfjF_predicted,0.5,1,1,GGGTGATTGGGTGTCCGCAA,0,3001883
ratA_yfjF_predicted,0.5,1,1,GGGTCTCTCGCCGCTGACTG,0,3018187
ratA_yfjF_predicted,0.5,1,1,GGGTCACGACACTCACCCAT,0,3011060
ratA_yfjF_predicted,0.5,1,1,GGGTATTGTTAACAGACTAC,0,2999279
ratA_yfjF_predicted,0.5,1,1,GGGTAGTAACTTATGGACGG,0,2992497
ratA_yfjF_predicted,0.5,1,1,GGGTAGCGAGCCTAAAGCGG,0,3007363
ratA_yfjF_predicted,0.5,1,1,GGGTAAAAAGGCGTCAACCA,0,3014446
ratA_yfjF_predicted,0.5,1,1,GGGGTAGTTACTAAGGAAGT,0,3021390
ratA_yfjF_predicted,0.5,1,1,GGGGGTCAGGTCGCTTAAAC,0,3014958
ratA_yfjF_predicted,0.5,1,1,GGGCTCGTTATCGGGGGCAT,0,3018212
ratA_yfjF_predicted,0.5,1,1,GGGCTCGTAACCGGCAGTAG,0,2994365
ratA_yfjF_predicted,0.5,1,1,GGGCGGGTCATACCGTGATA,0,3007813
ratA_yfjF_predicted,0.5,1,1,GGGCGCAGACAAGCACTTGT,0,2995537
ratA_yfjF_predicted,0.5,1,1,GGGCGAGGTTAAGTCGCCGG,0,2999669
ratA_yfjF_predicted,0.5,1,1,GGGCCGCAAAGTTACGCGAA,0,3017777
ratA_yfjF_predicted,0.5,1,1,GGGCAGGCAGGGTCTTCCCC,0,3020919
ratA_yfjF_predicted,0.5,1,1,GGGCACAGGGCAGTATGTCG,0,3013730
ratA_yfjF_predicted,0.5,1,1,GGGATCGCTAGACGGGAGCA,0,2995190
ratA_yfjF_predicted,0.5,1,1,GGGATACAATCAACCCTTGT,0,2995214
ratA_yfjF_predicted,0.5,1,1,GGGACATAACCGGGCTTGTC,0,2999255
ratA_yfjF_predicted,0.5,1,1,GGCTTGCGTCTCTAGAATAT,0,2992877
ratA_yfjF_predicted,0.5,1,1,GGCTTATATTCCCTTTCGTT,0,3001180
ratA_yfjF_predicted,0.5,1,1,GGCTGATGTCAGTCTCACGC,0,3003757
ratA_yfjF_predicted,0.5,1,1,GGCGTGCGCGACATGGCGAG,0,3016967
ratA_yfjF_predicted,0.5,1,1,GGCGTCGAGCGGTCCCCAAG,0,3017540
ratA_yfjF_predicted,0.5,1,1,GGCGTAGTTGAGCCAGGGTG,0,3007624
ratA_yfjF_predicted,0.5,1,1,GGCGAGGGCTTGGTCATAAA,0,2997755
ratA_yfjF_predicted,0.5,1,1,GGCCCTTGCTTGACTCAATC,0,3000802
ratA_yfjF_predicted,0.5,1,1,GGCCATTGCCGCTCAGTGCA,0,2995165
ratA_yfjF_predicted,0.5,1,1,GGCCAGCACACGGCTAACAA,0,3011768
ratA_yfjF_predicted,0.5,1,1,GGCCAATGGAGTATCAACCT,0,2995385
ratA_yfjF_predicted,0.5,1,1,GGCCAAGAGAAAGCGATTAA,0,2999892
ratA_yfjF_predicted,0.5,1,1,GGCATTATTCTTTCTGATAA,0,2992462
ratA_yfjF_predicted,0.5,1,1,GGCATCAGGATTGACGTATC,0,2997571
ratA_yfjF_predicted,0.5,1,1,GGCATAGTGTCTGTCCGTGG,0,3012217
ratA_yfjF_predicted,0.5,1,1,GGCAGTGGGACTAACCTGCG,0,3013803
ratA_yfjF_predicted,0.5,1,1,GGCACGAGTGGGGGACCCAA,0,3013660
ratA_yfjF_predicted,0.5,1,1,GGCACCGTAGCATTTTTTGA,0,2998838
ratA_yfjF_predicted,0.5,1,1,GGCAACTAGGGCTCGTTATC,0,3007767
ratA_yfjF_predicted,0.5,1,1,GGCAAAGGAAGGCGGTTTGC,0,2995379
ratA_yfjF_predicted,0.5,1,1,GGATTCCAGAAGCACAGGGT,0,3009925
ratA_yfjF_predicted,0.5,1,1,GGATGGACGGTGGGCAGGTT,0,3020116
ratA_yfjF_predicted,0.5,1,1,GGATCATCGAATCCTAGATA,0,3005023
ratA_yfjF_predicted,0.5,1,1,GGATATACAACAGATTCGTC,0,3018993
ratA_yfjF_predicted,0.5,1,1,GGATAAGAACCATCAATGCC,0,3020119
ratA_yfjF_predicted,0.5,1,1,GGATAACCGGAGCACAATCG,0,3003213
ratA_yfjF_predicted,0.5,1,1,GGAGGATTTTAGGATTGGAC,0,2994871
ratA_yfjF_predicted,0.5,1,1,GGAGGATCGCGGAATACTCA,0,3003197
ratA_yfjF_predicted,0.5,1,1,GGAGCGGTAAGATTCACGTG,0,3017290
ratA_yfjF_predicted,0.5,1,1,GGAGAATTGATAGGTCTGGG,0,3006151
ratA_yfjF_predicted,0.5,1,1,GGAGAATTCGATTTATGGCC,0,3007987
ratA_yfjF_predicted,0.5,1,1,GGAGAACACGCGATACTTCG,0,3011658
ratA_yfjF_predicted,0.5,1,1,GGACTTGGGACTGAGTTCGA,0,3014843
ratA_yfjF_predicted,0.5,1,1,GGACTTCCTGTTTACCTGAC,0,3007317
ratA_yfjF_predicted,0.5,1,1,GGACAACGGACTTGTCACAA,0,2996354
ratA_yfjF_predicted,0.5,1,1,GGAAGGGTGTCCTTTACAGA,0,3005519
ratA_yfjF_predicted,0.5,1,1,GGAAATGCGGCTTTCTTTCA,0,3001366
ratA_yfjF_predicted,0.5,1,1,GGAAAAAATGCCCCTGCTCA,0,3019378
ratA_yfjF_predicted,0.5,1,1,GCTTGGTGATTCAAGGTGAG,0,3007895
ratA_yfjF_predicted,0.5,1,1,GCTTCCATCACACCAGAATT,0,2999090
ratA_yfjF_predicted,0.5,1,1,GCTTACCCAGTGCAGTTTCA,0,3021678
ratA_yfjF_predicted,0.5,1,1,GCTGTATTAGTATCGAAGTT,0,3003740
ratA_yfjF_predicted,0.5,1,1,GCTGGACGTCGTTATAACTT,0,2993458
ratA_yfjF_predicted,0.5,1,1,GCTGCGGACTGGTTACGGAA,0,3009221
ratA_yfjF_predicted,0.5,1,1,GCTCGGATCCAACCCGCGCC,0,3008104
ratA_yfjF_predicted,0.5,1,1,GCTCCGGTGTTGAATCAGTA,0,2994497
ratA_yfjF_predicted,0.5,1,1,GCTCCAGAACCCCGTGAGTC,0,3000442
ratA_yfjF_predicted,0.5,1,1,GCTCATTACCTTGTCGGTTA,0,3007992
ratA_yfjF_predicted,0.5,1,1,GCTCAGTCATACGAAGGATA,0,3017557
ratA_yfjF_predicted,0.5,1,1,GCTAGTCACGTGTACTATGA,0,3021421
ratA_yfjF_predicted,0.5,1,1,GCTACCAATAGTGGACCTGA,0,3001651
ratA_yfjF_predicted,0.5,1,1,GCTAAGCTTTAGAGCACTAC,0,3002876
ratA_yfjF_predicted,0.5,1,1,GCTAAATCTGGGAGCAGGAT,0,3010352
ratA_yfjF_predicted,0.5,1,1,GCGTTGATGGCTCTGTTCAG,0,3015127
ratA_yfjF_predicted,0.5,1,1,GCGTGTCTGGGTGCCTAGCG,0,3014269
ratA_yfjF_predicted,0.5,1,1,GCGTGGTTGGGTGTACTAAA,0,3016781
ratA_yfjF_predicted,0.5,1,1,GCGTCTCCGGACAGTTGTTT,0,3018059
ratA_yfjF_predicted,0.5,1,1,GCGTACTTCACCCGTTAGAA,0,3017659
ratA_yfjF_predicted,0.5,1,1,GCGTACCTAGAAAAAAGCGT,0,3014556
ratA_yfjF_predicted,0.5,1,1,GCGGTAGCTTTTTTATGCGC,0,3019162
ratA_yfjF_predicted,0.5,1,1,GCGGGGATATCGGAACTGTA,0,2993777
ratA_yfjF_predicted,0.5,1,1,GCGGGCTGATTCGATCGGGA,0,3017285
ratA_yfjF_predicted,0.5,1,1,GCGGGAGTATTGGGGAAAAT,0,2996892
ratA_yfjF_predicted,0.5,1,1,GCGCTCGTGCCGGGTATCAT,0,3020308
ratA_yfjF_predicted,0.5,1,1,GCGCTCGCGATAGTTTCAAA,0,2992240
ratA_yfjF_predicted,0.5,1,1,GCGCTATCAAGGTGCAGACG,0,3018564
ratA_yfjF_predicted,0.5,1,1,GCGCTATAGGGGCAGTTCAT,0,3003654
ratA_yfjF_predicted,0.5,1,1,GCGCGGCGTAATGGGCGTTT,0,3011433
ratA_yfjF_predicted,0.5,1,1,GCGCGAATTAGTCAGAATGG,0,3005990
ratA_yfjF_predicted,0.5,1,1,GCGCAAGGAATCGGGGTTTA,0,3008142
ratA_yfjF_predicted,0.5,1,1,GCGCAAACGGGCTGTGTTCG,0,3021489
ratA_yfjF_predicted,0.5,1,1,GCGATTCGCAGTCGTCCGAT,0,3008147
ratA_yfjF_predicted,0.5,1,1,GCGAGCAGTACGCAGTCCAT,0,3012560
ratA_yfjF_predicted,0.5,1,1,GCGAGCAACGGCGTCGGACG,0,3004312
ratA_yfjF_predicted,0.5,1,1,GCGACATAGATGGGTTAGTT,0,2997801
ratA_yfjF_predicted,0.5,1,1,GCGAAGGTACCATACAACAG,0,3009915
ratA_yfjF_predicted,0.5,1,1,GCCTTTTCGGGATCCTTGGT,0,2999442
ratA_yfjF_predicted,0.5,1,1,GCCTTTGCGTAACCCGGGCC,0,2998981
ratA_yfjF_predicted,0.5,1,1,GCCTGCCGAGGCGATCTACC,0,2999038
ratA_yfjF_predicted,0.5,1,1,GCCTCGGTACGGGCAACCCT,0,2993712
ratA_yfjF_predicted,0.5,1,1,GCCGTTGGATACATAAGGAC,0,3021471
ratA_yfjF_predicted,0.5,1,1,GCCGTCTCTATCCTCTTGGG,0,3016788
ratA_yfjF_predicted,0.5,1,1,GCCGCCCGTCCGTGTTACAT,0,3013758
ratA_yfjF_predicted,0.5,1,1,GCCCGTCGCAATTCCTTGAA,0,3004662
ratA_yfjF_predicted,0.5,1,1,GCCCGCCAGCCTACCTCAAT,0,3007466
ratA_yfjF_predicted,0.5,1,1,GCCCCTCAGATTGAAAGACA,0,3020112
ratA_yfjF_predicted,0.5,1,1,GCCCATGACTGATGTGTTAC,0,2994759
ratA_yfjF_predicted,0.5,1,1,GCCAGTTAATATAGGTGGCG,0,3010283
ratA_yfjF_predicted,0.5,1,1,GCCACGGTAAGGTCAGTCGT,0,2999181
ratA_yfjF_predicted,0.5,1,1,GCCACACTGGGTGCGGTCTA,0,3013295
ratA_yfjF_predicted,0.5,1,1,GCCAAGTCGTGGGTAATACA,0,3015082
ratA_yfjF_predicted,0.5,1,1,GCATTTTGCAACAACAGCGG,0,3017813
ratA_yfjF_predicted,0.5,1,1,GCATTTCTTATAGTTTTCTT,0,3013894
ratA_yfjF_predicted,0.5,1,1,GCATTTAAGTTAATAAGCTA,0,3012013
ratA_yfjF_predicted,0.5,1,1,GCATGCTATACCTAGCGACT,0,2997425
ratA_yfjF_predicted,0.5,1,1,GCATCTTCAATGCTCAGGAG,0,3004723
ratA_yfjF_predicted,0.5,1,1,GCATCGTTGCTCTCCGATTC,0,3019940
ratA_yfjF_predicted,0.5,1,1,GCATCGCCCGTTAAATCCGA,0,3012346
ratA_yfjF_predicted,0.5,1,1,GCAGTTATCGATTCTTAGAT,0,3013796
ratA_yfjF_predicted,0.5,1,1,GCAGTGTTGCACCTGTGGTA,0,3020917
ratA_yfjF_predicted,0.5,1,1,GCAGTGGCGCCGCCTCAGAG,0,3019081
ratA_yfjF_predicted,0.5,1,1,GCAGCGATCGGTGACGAATC,0,3000502
ratA_yfjF_predicted,0.5,1,1,GCAGATCTCAGACGGGCCGA,0,3016097
ratA_yfjF_predicted,0.5,1,1,GCACCACCGGGGCGTGAGGT,0,3008010
ratA_yfjF_predicted,0.5,1,1,GCAATACAGACAAGGGTCGC,0,3013369
ratA_yfjF_predicted,0.5,1,1,GCAAAACGTTTTGGGACTTA,0,3017308
ratA_yfjF_predicted,0.5,1,1,GATGTATACAGACACCTTGG,0,3019528
ratA_yfjF_predicted,0.5,1,1,GATGACTTTCAAACCGTGTC,0,3020149
ratA_yfjF_predicted,0.5,1,1,GATCTCATCACCATCCGTCG,0,3011156
ratA_yfjF_predicted,0.5,1,1,GATCGAGGACAAAGCCATTG,0,2993684
ratA_yfjF_predicted,0.5,1,1,GATCCTCAATAGATTATCCA,0,2995294
ratA_yfjF_predicted,0.5,1,1,GATCCGCATAGGCTACTTTG,0,3007158
ratA_yfjF_predicted,0.5,1,1,GATCCGACTCTGCAATAACA,0,2995596
ratA_yfjF_predicted,0.5,1,1,GATCAGTACATCGCGGAATA,0,2993707
ratA_yfjF_predicted,0.5,1,1,GATATGGGTAGGGATACGTT,0,3006018
ratA_yfjF_predicted,0.5,1,1,GATATGGCTTGTCCCGGCAT,0,3004553
ratA_yfjF_predicted,0.5,1,1,GATAGTCAGTTCGGAGTCCT,0,3015632
ratA_yfjF_predicted,0.5,1,1,GATACGGTCTGCGGAGGGGG,0,3003076
ratA_yfjF_predicted,0.5,1,1,GATACAGCGCGCGGCCTCAG,0,3006617
ratA_yfjF_predicted,0.5,1,1,GATACACATGTTGTGCGCAT,0,3003130
ratA_yfjF_predicted,0.5,1,1,GATAATAGCACATCCTCTAA,0,2995001
ratA_yfjF_predicted,0.5,1,1,GAGTTTTCGCAGAAAACATG,0,2992946
ratA_yfjF_predicted,0.5,1,1,GAGTTCACGGCCGGCATGGC,0,3019516
ratA_yfjF_predicted,0.5,1,1,GAGTGAAGGTCACAATCTCC,0,2993052
ratA_yfjF_predicted,0.5,1,1,GAGTAATCTGCTACTGGTGA,0,2996267
ratA_yfjF_predicted,0.5,1,1,GAGGTTAAGTGCCCATAATC,0,2993084
ratA_yfjF_predicted,0.5,1,1,GAGGGCCATCGTTACCAGAA,0,3016968
ratA_yfjF_predicted,0.5,1,1,GAGGCGAACGAGGCCGAACA,0,2998766
ratA_yfjF_predicted,0.5,1,1,GAGGAAAGTAATGACACACA,0,3017763
ratA_yfjF_predicted,0.5,1,1,GAGCTCCATGAGGCACGGGG,0,3017781
ratA_yfjF_predicted,0.5,1,1,GAGCACGGTAGTTTGCAAGG,0,3001340
ratA_yfjF_predicted,0.5,1,1,GAGACCGGAACACGATGTTA,0,3003258
ratA_yfjF_predicted,0.5,1,1,GAGAATTCGGAGTTTCAAGT,0,3010973
ratA_yfjF_predicted,0.5,1,1,GACTTGACATGGGGGCTTCC,0,3017563
ratA_yfjF_predicted,0.5,1,1,GACTCACATAGCCAGTTTTG,0,2996514
ratA_yfjF_predicted,0.5,1,1,GACTAGAGTGTTGGCACCGG,0,3020059
ratA_yfjF_predicted,0.5,1,1,GACTACTGTAACGCAGACAT,0,2997152
ratA_yfjF_predicted,0.5,1,1,GACGTTGGTTTGTTTCCCCG,0,3002118
ratA_yfjF_predicted,0.5,1,1,GACCTCGCAGACGTCCTATT,0,3016079
ratA_yfjF_predicted,0.5,1,1,GACCGCACCCCTAGATTCAG,0,2991973
ratA_yfjF_predicted,0.5,1,1,GACCCTCTGCATGGGATGAG,0,3007454
ratA_yfjF_predicted,0.5,1,1,GACCCCTGAAATCTTCGGTA,0,3021790
ratA_yfjF_predicted,0.5,1,1,GACATTCCAATGCAAATCAG,0,3014364
ratA_yfjF_predicted,0.5,1,1,GACATGAGGAGATGGAAGAT,0,3004659
ratA_yfjF_predicted,0.5,1,1,GACAGTTAGGTTGAACATGA,0,3016762
ratA_yfjF_predicted,0.5,1,1,GACAGTAGATCGTCGTGTCG,0,3017398
ratA_yfjF_predicted,0.5,1,1,GACAGGTAGCGACTTAAATG,0,3001090
ratA_yfjF_predicted,0.5,1,1,GACACTTGAGCGGTTCAGTC,0,3018328
ratA_yfjF_predicted,0.5,1,1,GACACTCGCCTTTGGCACTA,0,3007718
ratA_yfjF_predicted,0.5,1,1,GAATGGGAATCGGTCAGTGG,0,3018505
ratA_yfjF_predicted,0.5,1,1,GAATGGCAGGTTTCCTTTTA,0,3009043
ratA_yfjF_predicted,0.5,1,1,GAATATTTTGGAATCATTTA,0,2992450
ratA_yfjF_predicted,0.5,1,1,GAAGTTGCGGCCGCGCTGAG,0,2991851
ratA_yfjF_predicted,0.5,1,1,GAAGTATGGAGCTAAATAAA,0,3008126
ratA_yfjF_predicted,0.5,1,1,GAAGATTAGTTCGATTTTGA,0,3017826
ratA_yfjF_predicted,0.5,1,1,GAAGAGGTACAGGCTACGCG,0,2994474
ratA_yfjF_predicted,0.5,1,1,GAACGGGCACCAAGTCTCGG,0,2992908
ratA_yfjF_predicted,0.5,1,1,GAACCATTTAGGTCGCTTAA,0,3014844
ratA_yfjF_predicted,0.5,1,1,GAACATGAGGCGCGTACGAT,0,3021645
ratA_yfjF_predicted,0.5,1,1,GAACAAGGGGACGCAAAGGG,0,3012923
ratA_yfjF_predicted,0.5,1,1,GAAAGTGTGATTCCTTACCC,0,3018852
ratA_yfjF_predicted,0.5,1,1,GAAAGTACAGGAATGACACA,0,2994408
ratA_yfjF_predicted,0.5,1,1,CTTTTAATTTTTAGGTCCAG,0,3009913
ratA_yfjF_predicted,0.5,1,1,CTTTTAACTCTGGATAGAAT,0,3016059
ratA_yfjF_predicted,0.5,1,1,CTTTTAACGTTTTAGGGTTC,0,2994145
ratA_yfjF_predicted,0.5,1,1,CTTTGCTAGGTCTCACACAC,0,3008625
ratA_yfjF_predicted,0.5,1,1,CTTTGACCATTGTATTACTT,0,3011802
ratA_yfjF_predicted,0.5,1,1,CTTTCAGGTGGTAGCGGCCT,0,3016907
ratA_yfjF_predicted,0.5,1,1,CTTGTCTACTTGAAAGCTGA,0,3006277
ratA_yfjF_predicted,0.5,1,1,CTTGCTACTTTTCACCCGCA,0,3018226
ratA_yfjF_predicted,0.5,1,1,CTTGCGTGACAAACGGCATA,0,3012821
ratA_yfjF_predicted,0.5,1,1,CTTGCCACAGGTGCAGTACC,0,3021176
ratA_yfjF_predicted,0.5,1,1,CTTGCATAATTTCAATCAGG,0,3005915
ratA_yfjF_predicted,0.5,1,1,CTTCTTTATGAGATAGTGCG,0,3010640
ratA_yfjF_predicted,0.5,1,1,CTTCTGGGTACCGTGTCTGC,0,3014003
ratA_yfjF_predicted,0.5,1,1,CTTCGTGCTTCCTTGCCCAG,0,2998442
ratA_yfjF_predicted,0.5,1,1,CTTCGGGAGGGAAGACCATA,0,2996385
ratA_yfjF_predicted,0.5,1,1,CTTAGCATTGCTCACTTCAC,0,2998957
ratA_yfjF_predicted,0.5,1,1,CTTAAGTCACAACGTTCGAG,0,3012466
ratA_yfjF_predicted,0.5,1,1,CTGTTGTGGTCTTTGCTCGA,0,3000566
ratA_yfjF_predicted,0.5,1,1,CTGTGGGTGGAGAACCCGAT,0,3016142
ratA_yfjF_predicted,0.5,1,1,CTGTGGACTACTACCGCAGA,0,3003643
ratA_yfjF_predicted,0.5,1,1,CTGTCGTTTGCTTGCGTTAA,0,3016402
ratA_yfjF_predicted,0.5,1,1,CTGTATCCGCAGAGCAGATG,0,3004722
ratA_yfjF_predicted,0.5,1,1,CTGTATCAGCAAACATAGAC,0,3020978
ratA_yfjF_predicted,0.5,1,1,CTGTACGAAACAGGAGCGTT,0,2997540
ratA_yfjF_predicted,0.5,1,1,CTGGTGCAACTAAAAGGGGT,0,3003262
ratA_yfjF_predicted,0.5,1,1,CTGGGTTAATTCCGTCTGAA,0,3020816
ratA_yfjF_predicted,0.5,1,1,CTGGGTAGCCGATGCGTCCT,0,2999268
ratA_yfjF_predicted,0.5,1,1,CTGGGTAAAAAGCGTTACAG,0,2992652
ratA_yfjF_predicted,0.5,1,1,CTGGGGCTTTCCTTCGGTCT,0,2995148
ratA_yfjF_predicted,0.5,1,1,CTGGCGGTTTCGTTCGGACG,0,3007700
ratA_yfjF_predicted,0.5,1,1,CTGGCGGTGCGTGCCAGCAG,0,3000825
ratA_yfjF_predicted,0.5,1,1,CTGCTTAATGTCTATAAACC,0,3009298
ratA_yfjF_predicted,0.5,1,1,CTGCTCCGCCGGGCAACCCT,0,3020101
ratA_yfjF_predicted,0.5,1,1,CTGCGGCGAGCTGGCCCTAT,0,3001263
ratA_yfjF_predicted,0.5,1,1,CTGCCCCTGCTAAGGTGGGG,0,3009843
ratA_yfjF_predicted,0.5,1,1,CTGCATACGCGGCAAATCCA,0,3012073
ratA_yfjF_predicted,0.5,1,1,CTGAGCATATATAAGATTCA,0,3015692
ratA_yfjF_predicted,0.5,1,1,CTCTTGCTCACGAGTTAGTA,0,3019385
ratA_yfjF_predicted,0.5,1,1,CTCTTCCGGGCTAGGTTACC,0,3015725
ratA_yfjF_predicted,0.5,1,1,CTCTTATTTTTCATTTCGGA,0,3020010
ratA_yfjF_predicted,0.5,1,1,CTCTTACATTCGGTCCAACC,0,3006345
ratA_yfjF_predicted,0.5,1,1,CTCTGATAAGGCGGTTAGCC,0,3002451
ratA_yfjF_predicted,0.5,1,1,CTCTGACAGGAAACGACGAG,0,3013339
ratA_yfjF_predicted,0.5,1,1,CTCTACAAATGACAATTCAG,0,3017543
ratA_yfjF_predicted,0.5,1,1,CTCGTAACCCTGCGGTTCGA,0,3005691
ratA_yfjF_predicted,0.5,1,1,CTCGGGAGGGTTTTTACAGT,0,3007745
ratA_yfjF_predicted,0.5,1,1,CTCGGCGGAGATAAATCGCT,0,3019056
ratA_yfjF_predicted,0.5,1,1,CTCGGAGGCAATTAAATTTT,0,3017234
ratA_yfjF_predicted,0.5,1,1,CTCCTGGTCGTGTGCTATCG,0,3018456
ratA_yfjF_predicted,0.5,1,1,CTCCGCCTACATCGTATGAG,0,2999717
ratA_yfjF_predicted,0.5,1,1,CTCCCTTTTCGGGTCTGTGC,0,3009676
ratA_yfjF_predicted,0.5,1,1,CTCCCGGAGTATCTCTACGA,0,3007081
ratA_yfjF_predicted,0.5,1,1,CTCCCCGACTGGAAGATCAA,0,3000975
ratA_yfjF_predicted,0.5,1,1,CTCCATTTGTAACGGGATCT,0,3012167
ratA_yfjF_predicted,0.5,1,1,CTCATTGCGGTGCCTATTGT,0,3018145
ratA_yfjF_predicted,0.5,1,1,CTCAGTACTTGTTGGTTATT,0,3015010
ratA_yfjF_predicted,0.5,1,1,CTCAAGCAGGGAAGTATCTA,0,3004660
ratA_yfjF_predicted,0.5,1,1,CTATTCAAGGATTATACGAA,0,3017447
ratA_yfjF_predicted,0.5,1,1,CTATGTGAAGGGTGCTTTGC,0,3009897
ratA_yfjF_predicted,0.5,1,1,CTATCGAGATTGGACCGAGC,0,3014352
ratA_yfjF_predicted,0.5,1,1,CTATACCGCCTGACTGTTCT,0,3018113
ratA_yfjF_predicted,0.5,1,1,CTATAATACAGTAAATTGCG,0,3012729
ratA_yfjF_predicted,0.5,1,1,CTAGGTCGAAAGAACCGTTC,0,3019866
ratA_yfjF_predicted,0.5,1,1,CTAGGCCTTTGGTCGTAAGC,0,2993371
ratA_yfjF_predicted,0.5,1,1,CTAGGAATGCTATACGTAGG,0,3009870
ratA_yfjF_predicted,0.5,1,1,CTACCCGTAGAAACTGCACT,0,3020518
ratA_yfjF_predicted,0.5,1,1,CTACCAAGATTCGTATGCAG,0,3000465
ratA_yfjF_predicted,0.5,1,1,CTAAGTTCTGCCCCGGCGTA,0,3014562
ratA_yfjF_predicted,0.5,1,1,CTAAGCGAAAGGCCGCCCTC,0,2994779
ratA_yfjF_predicted,0.5,1,1,CTAACGAGCTTAACAGGTAT,0,2994016
ratA_yfjF_predicted,0.5,1,1,CTAAAAATGGTTAGGGCCCA,0,3016656
ratA_yfjF_predicted,0.5,1,1,CGTTTTCGGGTGTAGGCTCT,0,3013892
ratA_yfjF_predicted,0.5,1,1,CGTTTAAACTTTCAATAGAA,0,3001804
ratA_yfjF_predicted,0.5,1,1,CGTTGGTTCCTCGGGACAAA,0,3007389
ratA_yfjF_predicted,0.5,1,1,CGTTGAAGCTGACACCGTGC,0,3017545
ratA_yfjF_predicted,0.5,1,1,CGTTCGTAGCAGGAGATTTG,0,3004700
ratA_yfjF_predicted,0.5,1,1,CGTTCCCGCGCCCGAGGCTA,0,3003944
ratA_yfjF_predicted,0.5,1,1,CGTTATATCTTGCCACGTAA,0,2997693
ratA_yfjF_predicted,0.5,1,1,CGTTACTACAATGATTAAAA,0,2997415
ratA_yfjF_predicted,0.5,1,1,CGTGTCCGTACCCCTTGTCA,0,2996889
ratA_yfjF_predicted,0.5,1,1,CGTGTACAGAGCTAACAACA,0,3003015
ratA_yfjF_predicted,0.5,1,1,CGTGGTGGGTTAATATGTTC,0,3011732
ratA_yfjF_predicted,0.5,1,1,CGTGGCATCTAGAATTAGCG,0,3020460
ratA_yfjF_predicted,0.5,1,1,CGTGCTAGGCTTATCTGGGC,0,3020422
ratA_yfjF_predicted,0.5,1,1,CGTGAAACTCGATAACGTTA,0,3007942
ratA_yfjF_predicted,0.5,1,1,CGTCTGCTACGATTCAGTAC,0,3005371
ratA_yfjF_predicted,0.5,1,1,CGTCGGTCCAAGGTGGTTAT,0,3008247
ratA_yfjF_predicted,0.5,1,1,CGTATAAAGCCTTACACCAG,0,3004192
ratA_yfjF_predicted,0.5,1,1,CGTAGGGGTCTTACGTACAG,0,3018123
ratA_yfjF_predicted,0.5,1,1,CGTAGGCATACGCTCTCCGA,0,3008530
ratA_yfjF_predicted,0.5,1,1,CGTACGGGTGCCGGGCAACT,0,3001608
ratA_yfjF_predicted,0.5,1,1,CGTACGGGGCGAGGAACTTA,0,3005247
ratA_yfjF_predicted,0.5,1,1,CGTACGCGGGTACCTCTCGT,0,2996703
ratA_yfjF_predicted,0.5,1,1,CGTAAAATTTCTAAGGCGTA,0,3009567
ratA_yfjF_predicted,0.5,1,1,CGGTTCTTGCGTGTTCGCGT,0,2992504
ratA_yfjF_predicted,0.5,1,1,CGGTTCTCAACCACTCTATC,0,2994822
ratA_yfjF_predicted,0.5,1,1,CGGTCAGAGTGTTTATGACT,0,2992596
ratA_yfjF_predicted,0.5,1,1,CGGTCACCTTTTTAAGCGGG,0,3021002
ratA_yfjF_predicted,0.5,1,1,CGGGTCAGCGGGTAGATAGG,0,3003006
ratA_yfjF_predicted,0.5,1,1,CGGGTCACTTTTTGAGCGAA,0,3002711
ratA_yfjF_predicted,0.5,1,1,CGGGGTCTAGTGTGTTGCGT,0,3014567
ratA_yfjF_predicted,0.5,1,1,CGGGGGTGTCCACGCACTGA,0,3021599
ratA_yfjF_predicted,0.5,1,1,CGGGCCAGTCTACATGCGAT,0,3008215
ratA_yfjF_predicted,0.5,1,1,CGGGCACCCATTCATACTCC,0,3021441
ratA_yfjF_predicted,0.5,1,1,CGGCTTGCGAGCCGTTACAA,0,3015233
ratA_yfjF_predicted,0.5,1,1,CGGCGGAGTATGACGCATTT,0,3004818
ratA_yfjF_predicted,0.5,1,1,CGGCGCCCTTTGCCATTGAA,0,2995924
ratA_yfjF_predicted,0.5,1,1,CGGCGACATGCATCAACTCA,0,3000284
ratA_yfjF_predicted,0.5,1,1,CGGCCTTCAAATTCTGATTT,0,3009967
ratA_yfjF_predicted,0.5,1,1,CGGCCTCGAAGCGTCCCAAG,0,3009125
ratA_yfjF_predicted,0.5,1,1,CGGCAGCATGATATTTAGAA,0,3006964
ratA_yfjF_predicted,0.5,1,1,CGGATGATTTCACACAGCCT,0,3020558
ratA_yfjF_predicted,0.5,1,1,CGGATATTACCCTGAATCGT,0,3008684
ratA_yfjF_predicted,0.5,1,1,CGGAGGGTCCGCGCGCAACA,0,3009322
ratA_yfjF_predicted,0.5,1,1,CGGAGACCTCCGGGACATAG,0,3014841
ratA_yfjF_predicted,0.5,1,1,CGGACTGAAGCGCAGAGTCT,0,3014202
ratA_yfjF_predicted,0.5,1,1,CGGACAGGTATACGAATAAA,0,3007549
ratA_yfjF_predicted,0.5,1,1,CGGAATTTATATGTCAGCAT,0,2999218
ratA_yfjF_predicted,0.5,1,1,CGGAATGTGGTTGTTCGGGT,0,3009363
ratA_yfjF_predicted,0.5,1,1,CGGAATCCCTTAGAGGTCAG,0,3017575
ratA_yfjF_predicted,0.5,1,1,CGCTTGCTTATCTGTATAGC,0,3003354
ratA_yfjF_predicted,0.5,1,1,CGCTGATCGCTCTGTTCGAT,0,3018510
ratA_yfjF_predicted,0.5,1,1,CGCTAGCTACCGGAGAAGGC,0,2995490
ratA_yfjF_predicted,0.5,1,1,CGCGCTGGGTGGATACCACT,0,3016757
ratA_yfjF_predicted,0.5,1,1,CGCCACTTTTAGGAGTTTTA,0,2996826
ratA_yfjF_predicted,0.5,1,1,CGCATACAGTAAGGGCCAGA,0,3009802
ratA_yfjF_predicted,0.5,1,1,CGCAGCGGCTACCTGTATAG,0,3016894
ratA_yfjF_predicted,0.5,1,1,CGCAGCCTGGATGTCCTATA,0,3008094
ratA_yfjF_predicted,0.5,1,1,CGCAACGGGGATTCGAGTGA,0,3015975
ratA_yfjF_predicted,0.5,1,1,CGCAACCTCAGGTTGACTCT,0,3010498
ratA_yfjF_predicted,0.5,1,1,CGATTGACCCTATTCGTATA,0,2994283
ratA_yfjF_predicted,0.5,1,1,CGATTCAAGAAAATGACAGC,0,3020934
ratA_yfjF_predicted,0.5,1,1,CGATGCAACCGACAAAAGAA,0,3003497
ratA_yfjF_predicted,0.5,1,1,CGATGAACACACCAGAGGTC,0,2996404
ratA_yfjF_predicted,0.5,1,1,CGATCTCCCGGGAACTATAG,0,2992115
ratA_yfjF_predicted,0.5,1,1,CGATCCGAAGTTACTTCCGT,0,3010036
ratA_yfjF_predicted,0.5,1,1,CGATCAGGGACGGTTAGTAT,0,3011034
ratA_yfjF_predicted,0.5,1,1,CGAGTGTGAGTCGGGAAATC,0,3016256
ratA_yfjF_predicted,0.5,1,1,CGAGTCTGACTCCTTGCAGG,0,2997728
ratA_yfjF_predicted,0.5,1,1,CGAGTATTACTGCATAGTTG,0,2998774
ratA_yfjF_predicted,0.5,1,1,CGAGGTCGTACATCGAGTTT,0,3012034
ratA_yfjF_predicted,0.5,1,1,CGAGGCACACCCACGATTCG,0,2994147
ratA_yfjF_predicted,0.5,1,1,CGAGCGCGCACCAGGCGGAA,0,3013882
ratA_yfjF_predicted,0.5,1,1,CGACTCACTGGGCTTTAGTC,0,3008454
ratA_yfjF_predicted,0.5,1,1,CGACGAAACGGATTAACATT,0,2991995
ratA_yfjF_predicted,0.5,1,1,CGACACTGCATGCTGCCGCA,0,3019759
ratA_yfjF_predicted,0.5,1,1,CGACACCAATAAGCCCGTTC,0,3016293
ratA_yfjF_predicted,0.5,1,1,CGACAATGGAGTAATACGTG,0,3005624
ratA_yfjF_predicted,0.5,1,1,CGAATGCGACAACGTAGTAG,0,3019582
ratA_yfjF_predicted,0.5,1,1,CGAACTTGGAAAATTACGCT,0,3008905
ratA_yfjF_predicted,0.5,1,1,CGAAAGTCTAGTCTCCCGTA,0,3009091
ratA_yfjF_predicted,0.5,1,1,CCTTTCGACGGCCGGGGGTA,0,3002923
ratA_yfjF_predicted,0.5,1,1,CCTTCCCGCGATTCAGTCTC,0,3017271
ratA_yfjF_predicted,0.5,1,1,CCTTATCCTCATCGCCCAGC,0,3010639
ratA_yfjF_predicted,0.5,1,1,CCTTAGGGCCAAGGGTGACG,0,2993048
ratA_yfjF_predicted,0.5,1,1,CCTGTATCCAATGCTCCGTC,0,3005287
ratA_yfjF_predicted,0.5,1,1,CCTGGTACTTGCCGACTTCG,0,3019951
ratA_yfjF_predicted,0.5,1,1,CCTGGACCACAGATGCTCGT,0,3008462
ratA_yfjF_predicted,0.5,1,1,CCTGCTACGGCAATCGGGGG,0,3016510
ratA_yfjF_predicted,0.5,1,1,CCTCTCTAAGTGGTGCTGCA,0,3015377
ratA_yfjF_predicted,0.5,1,1,CCTCGTGGACTTAAAATGTC,0,3018248
ratA_yfjF_predicted,0.5,1,1,CCTCGGCCTCGTGGTCCGCC,0,3009376
ratA_yfjF_predicted,0.5,1,1,CCTCATGTGTGCTTGAACAT,0,3012985
ratA_yfjF_predicted,0.5,1,1,CCTATCGACCGATGCGGCTA,0,3015305
ratA_yfjF_predicted,0.5,1,1,CCTATCATGAAATGCTCTGA,0,2992649
ratA_yfjF_predicted,0.5,1,1,CCTATATTGACCAACATCGC,0,3018873
ratA_yfjF_predicted,0.5,1,1,CCTAGCCCACGCCCCAGCTG,0,3018188
ratA_yfjF_predicted,0.5,1,1,CCTAGCAGTATATGACTCTT,0,2997090
ratA_yfjF_predicted,0.5,1,1,CCTAAAGAACCAAGTTACAC,0,2991881
ratA_yfjF_predicted,0.5,1,1,CCGTGGATGATGACGGCTGA,0,3018595
ratA_yfjF_predicted,0.5,1,1,CCGGGGGGAGTCCACATCAA,0,3005037
ratA_yfjF_predicted,0.5,1,1,CCGGCGTGAGTTAGCTACAA,0,2992919
ratA_yfjF_predicted,0.5,1,1,CCGGATTTCGGGTGAACTGT,0,2998837
ratA_yfjF_predicted,0.5,1,1,CCGCTGAGAAGGCATAGCAA,0,2993598
ratA_yfjF_predicted,0.5,1,1,CCGCTACCAGTACTCGCAAT,0,3004087
ratA_yfjF_predicted,0.5,1,1,CCGCCTGGCACCGCCCGGCC,0,3010218
ratA_yfjF_predicted,0.5,1,1,CCGCCTCGAGGGTCTGAGTG,0,3018599
ratA_yfjF_predicted,0.5,1,1,CCGCCTATGAAGCATGCTAT,0,3000388
ratA_yfjF_predicted,0.5,1,1,CCGCCGGATACCCCCTTGAC,0,2998264
ratA_yfjF_predicted,0.5,1,1,CCGCAACCGTGTGGTAGTCT,0,2997453
ratA_yfjF_predicted,0.5,1,1,CCGATCTTATTAGGTGTCAA,0,3004122
ratA_yfjF_predicted,0.5,1,1,CCGAGACATATAATCAAAAA,0,3003622
ratA_yfjF_predicted,0.5,1,1,CCGAATGAGTGGAATATTCG,0,3021692
ratA_yfjF_predicted,0.5,1,1,CCCTGCGACATGATCGTAAC,0,3017267
ratA_yfjF_predicted,0.5,1,1,CCCTACCGTGGTCAAAGTTT,0,3018350
ratA_yfjF_predicted,0.5,1,1,CCCGTGAAGATGTGATTGAA,0,3001052
ratA_yfjF_predicted,0.5,1,1,CCCGATTCACTCGGTCCCAC,0,3012052
ratA_yfjF_predicted,0.5,1,1,CCCGAGAGCCTGGCAATATA,0,3015389
ratA_yfjF_predicted,0.5,1,1,CCCGAAGTAACCCGTCCCTT,0,3005785
ratA_yfjF_predicted,0.5,1,1,CCCCTACGGGTAGTGCCAAC,0,3007579
ratA_yfjF_predicted,0.5,1,1,CCCCGCGCCAAGCTGATCAT,0,3005719
ratA_yfjF_predicted,0.5,1,1,CCCCCCTATTGAGTTTTGTG,0,3018152
ratA_yfjF_predicted,0.5,1,1,CCCCAATACGCACTGAAGCT,0,3004473
ratA_yfjF_predicted,0.5,1,1,CCCACGTGTCGTCCCCCTGT,0,2994294
ratA_yfjF_predicted,0.5,1,1,CCCACCCTTCGGGGCTGTCT,0,3000453
ratA_yfjF_predicted,0.5,1,1,CCCACAGCGGCCAGAGTAGA,0,2995622
ratA_yfjF_predicted,0.5,1,1,CCCACAAGGGTACACAGGGA,0,3016664
ratA_yfjF_predicted,0.5,1,1,CCCAATCCTAAGGAAGGAAT,0,3012595
ratA_yfjF_predicted,0.5,1,1,CCCAAGGAGGATTATAAAAA,0,2994045
ratA_yfjF_predicted,0.5,1,1,CCCAACCATAGCAAGTGGGT,0,2992400
ratA_yfjF_predicted,0.5,1,1,CCATAAAGCCCGACGCACTA,0,2992892
ratA_yfjF_predicted,0.5,1,1,CCAGGTTGGTTAAATCCCGC,0,3020471
ratA_yfjF_predicted,0.5,1,1,CCAGGACGGCTCACTGTGGC,0,3000685
ratA_yfjF_predicted,0.5,1,1,CCAGCAGGCTACGATATAAG,0,3015422
ratA_yfjF_predicted,0.5,1,1,CCAGACAACTCGGTTCTAAG,0,3013759
ratA_yfjF_predicted,0.5,1,1,CCACGCGAACCACCACTACT,0,3011210
ratA_yfjF_predicted,0.5,1,1,CCACCCAAAGGTTCATATGA,0,2996449
ratA_yfjF_predicted,0.5,1,1,CCACCATCGATCCTTAGAAG,0,3020991
ratA_yfjF_predicted,0.5,1,1,CCAAATTTAGTACGTAACAT,0,3011099
ratA_yfjF_predicted,0.5,1,1,CCAAAGACAGAAGCAGTCAT,0,2994122
ratA_yfjF_predicted,0.5,1,1,CATTTGTTTCTAGGTCCCTC,0,2998651
ratA_yfjF_predicted,0.5,1,1,CATTTATAGGAAGTTAACGT,0,2998024
ratA_yfjF_predicted,0.5,1,1,CATTCGATTAATTTGGTCAC,0,3011537
ratA_yfjF_predicted,0.5,1,1,CATGTTCAACGTTTGTTAGG,0,3003449
ratA_yfjF_predicted,0.5,1,1,CATGTACGTCAAACGCCGCG,0,3013123
ratA_yfjF_predicted,0.5,1,1,CATGGGGTTTTTGCAAGGAC,0,3009165
ratA_yfjF_predicted,0.5,1,1,CATGCTTTATGCACGACAGC,0,3020786
ratA_yfjF_predicted,0.5,1,1,CATGATGGAAGCTGAAGTAA,0,3013479
ratA_yfjF_predicted,0.5,1,1,CATCGGCCGCGAAGCCCAAA,0,3003086
ratA_yfjF_predicted,0.5,1,1,CATCGCACCCGCATAAGTCC,0,3002221
ratA_yfjF_predicted,0.5,1,1,CATCGATGCGCTCACGCCGC,0,3002443
ratA_yfjF_predicted,0.5,1,1,CATCGAAACTGTCCGCTCTC,0,3000041
ratA_yfjF_predicted,0.5,1,1,CATCACTAGCTTATTGCCCA,0,2997561
ratA_yfjF_predicted,0.5,1,1,CATATCAAAACGTAGACCTG,0,3020861
ratA_yfjF_predicted,0.5,1,1,CATATATTCATTAACACCTT,0,2998350
ratA_yfjF_predicted,0.5,1,1,CATACCACTGCCTCGCGAGG,0,2993588
ratA_yfjF_predicted,0.5,1,1,CATAAATACCGTGGCGTTAG,0,2993967
ratA_yfjF_predicted,0.5,1,1,CAGTATCGATCGGTTAACAA,0,3003036
ratA_yfjF_predicted,0.5,1,1,CAGGTGGAAACCGGGTAGTA,0,3020217
ratA_yfjF_predicted,0.5,1,1,CAGGTGAACACGACTCGATG,0,2996659
ratA_yfjF_predicted,0.5,1,1,CAGGTCTCGATACTGACGTT,0,3020340
ratA_yfjF_predicted,0.5,1,1,CAGGTACCTGCGTGAATCAC,0,2991849
ratA_yfjF_predicted,0.5,1,1,CAGGGGCAAGCAGCTCCCTG,0,2998952
ratA_yfjF_predicted,0.5,1,1,CAGGGACCGTGCTGTGACCC,0,3001467
ratA_yfjF_predicted,0.5,1,1,CAGGCTTGAAAGGGCCGGAT,0,3016562
ratA_yfjF_predicted,0.5,1,1,CAGGCTCTTATCCCTAGTGG,0,2996475
ratA_yfjF_predicted,0.5,1,1,CAGGCTCACTTTTTCGCCAG,0,3020018
ratA_yfjF_predicted,0.5,1,1,CAGGACTTCTTAGAGGTGGA,0,3005757
ratA_yfjF_predicted,0.5,1,1,CAGGACTCCGCGAGAGCCAC,0,3005226
ratA_yfjF_predicted,0.5,1,1,CAGGAATAGGGTAATTAGCA,0,3010464
ratA_yfjF_predicted,0.5,1,1,CAGCTCCAACAACCACTTTT,0,3015113
ratA_yfjF_predicted,0.5,1,1,CAGCTACGCTCAGAGCCACC,0,2996787
ratA_yfjF_predicted,0.5,1,1,CAGCGCTGGATCGTGCGACC,0,3001289
ratA_yfjF_predicted,0.5,1,1,CAGCCCCGAGACGTATGTTA,0,3005347
ratA_yfjF_predicted,0.5,1,1,CAGAGGGGCTGCTCACCGCA,0,3018874
ratA_yfjF_predicted,0.5,1,1,CAGAGGCATGTCCCGGAAAA,0,3007764
ratA_yfjF_predicted,0.5,1,1,CAGAGCAGTCTTAATAGAAT,0,2995749
ratA_yfjF_predicted,0.5,1,1,CAGAGAATAACGAACCACTT,0,3019692
ratA_yfjF_predicted,0.5,1,1,CAGACTGTCAGGACCGGCGT,0,2993522
ratA_yfjF_predicted,0.5,1,1,CAGACGCCGTCATGCATCTC,0,3014559
ratA_yfjF_predicted,0.5,1,1,CAGACGAGACCGAGGGTTGG,0,3013410
ratA_yfjF_predicted,0.5,1,1,CACTTGAACGCACGTGCGGA,0,2993028
ratA_yfjF_predicted,0.5,1,1,CACGTTAACGTTCTATGTGA,0,3009332
ratA_yfjF_predicted,0.5,1,1,CACGGGCTCTGGTTGTTGTA,0,3017639
ratA_yfjF_predicted,0.5,1,1,CACGGATTGCTTCTGGGAGT,0,2996025
ratA_yfjF_predicted,0.5,1,1,CACGAGAACCTTACTCCCCT,0,3014952
ratA_yfjF_predicted,0.5,1,1,CACCTAAGTTTGGTGGGCGT,0,2994551
ratA_yfjF_predicted,0.5,1,1,CACCGGCAGGGATCGTAGCA,0,3004774
ratA_yfjF_predicted,0.5,1,1,CACCCTGGGAAGCGGATGGT,0,2996370
ratA_yfjF_predicted,0.5,1,1,CACCCACGCGATGAGCCTGT,0,3011985
ratA_yfjF_predicted,0.5,1,1,CACCATTCACCCATAGTTCA,0,2993392
ratA_yfjF_predicted,0.5,1,1,CACCAATCACCTAGAAGGCG,0,3013934
ratA_yfjF_predicted,0.5,1,1,CACATTTCACCCGGGTTCCC,0,3008426
ratA_yfjF_predicted,0.5,1,1,CACATCTTAGTGGTCCCCCT,0,3015429
ratA_yfjF_predicted,0.5,1,1,CACATCCATCTTGCAGTCTT,0,3016892
ratA_yfjF_predicted,0.5,1,1,CACACGTCTCTAACAGTAAG,0,3004412
ratA_yfjF_predicted,0.5,1,1,CACACGCGGAGCGTCCAACC,0,2998267
ratA_yfjF_predicted,0.5,1,1,CACACATGGTAGACTCCGCG,0,3002579
ratA_yfjF_predicted,0.5,1,1,CACAACTTACTCGATCCCTT,0,3000667
ratA_yfjF_predicted,0.5,1,1,CAATTTAAGTGATAATTCGG,0,3003837
ratA_yfjF_predicted,0.5,1,1,CAATTGATGCTCGTAACTGA,0,3012292
ratA_yfjF_predicted,0.5,1,1,CAATTCTTCTATTCTGTGGC,0,3007157
ratA_yfjF_predicted,0.5,1,1,CAATGCACGACGGAGTAGGA,0,3010152
ratA_yfjF_predicted,0.5,1,1,CAATCGCCCGTTAAATGTAT,0,3008079
ratA_yfjF_predicted,0.5,1,1,CAATCACCTAGGCACCTCTC,0,2993225
ratA_yfjF_predicted,0.5,1,1,CAATAGGGTTTCGGGTACAC,0,3003107
ratA_yfjF_predicted,0.5,1,1,CAATACCTACCCGAAATAAC,0,3002387
ratA_yfjF_predicted,0.5,1,1,CAATAAGATAAGGATAAAGC,0,3008366
ratA_yfjF_predicted,0.5,1,1,CAAGTTTAAAATCACGGACT,0,3016530
ratA_yfjF_predicted,0.5,1,1,CAAGTTCGGGGAATCGAGGG,0,3009678
ratA_yfjF_predicted,0.5,1,1,CAAGTTAATCGTCACAATTC,0,2996831
ratA_yfjF_predicted,0.5,1,1,CAAGCATGCTGGCTAGAATC,0,3002197
ratA_yfjF_predicted,0.5,1,1,CAAGCATAAAAATTATAATG,0,3007863
ratA_yfjF_predicted,0.5,1,1,CAAGAGTCCTGGGCTGAGTC,0,3004851
ratA_yfjF_predicted,0.5,1,1,CAAGAACTCTTCCGAGCGGT,0,3018489
ratA_yfjF_predicted,0.5,1,1,CAACTCGCTACGGGGACCGA,0,2993921
ratA_yfjF_predicted,0.5,1,1,CAACGTCAACGGTTGTTCCC,0,3013222
ratA_yfjF_predicted,0.5,1,1,CAACGGTATTTCTCCAGGGA,0,3007307
ratA_yfjF_predicted,0.5,1,1,CAACGCTCAGCCCCTTCCAA,0,2993858
ratA_yfjF_predicted,0.5,1,1,CAACGACAAGCAAGCGGGGG,0,3016742
ratA_yfjF_predicted,0.5,1,1,CAACCGGACGGGGACGAACT,0,3017667
ratA_yfjF_predicted,0.5,1,1,CAAATGCTTATTTGCCACAG,0,3003468
ratA_yfjF_predicted,0.5,1,1,CAAATCTTCGGCTGATGATT,0,3015855
ratA_yfjF_predicted,0.5,1,1,CAAACGGACCTTCACCTATG,0,3010178
ratA_yfjF_predicted,0.5,1,1,CAAACCAGAAAAAAGTCGGG,0,2994270
ratA_yfjF_predicted,0.5,1,1,ATTTTTTTAAGGTAGTGTTC,0,3006759
ratA_yfjF_predicted,0.5,1,1,ATTTTGCTAGATATCTGAGG,0,3008336
ratA_yfjF_predicted,0.5,1,1,ATTGTACGTAGTAGTTATGC,0,2995026
ratA_yfjF_predicted,0.5,1,1,ATTGGACGTAGATATGATCA,0,2997829
ratA_yfjF_predicted,0.5,1,1,ATTGGAACCTGTAGAAACGA,0,3002859
ratA_yfjF_predicted,0.5,1,1,ATTGACAATCACAAGAAGAC,0,3005960
ratA_yfjF_predicted,0.5,1,1,ATTCTTGGGTGTGTGTCTAT,0,3018689
ratA_yfjF_predicted,0.5,1,1,ATTCACCCGATTGTTCTCCG,0,3004998
ratA_yfjF_predicted,0.5,1,1,ATTCAAGTAATTCGTTGAGT,0,3000639
ratA_yfjF_predicted,0.5,1,1,ATTAGTTCGAAACCAGCAAA,0,3007107
ratA_yfjF_predicted,0.5,1,1,ATTAGGGGTTTCAACTCACC,0,3004384
ratA_yfjF_predicted,0.5,1,1,ATTACACCCCGACCAGAGTA,0,2995786
ratA_yfjF_predicted,0.5,1,1,ATTAAAGTCGAGTTGTCGAA,0,3009323
ratA_yfjF_predicted,0.5,1,1,ATGTTTAAAGGGACGCCAGT,0,3004128
ratA_yfjF_predicted,0.5,1,1,ATGTGGCCGGCTACCGAAGA,0,3018998
ratA_yfjF_predicted,0.5,1,1,ATGTCGTGCGAGCGTGCAGC,0,3009241
ratA_yfjF_predicted,0.5,1,1,ATGTCCTGCTCGTCTCGCGA,0,2999451
ratA_yfjF_predicted,0.5,1,1,ATGTCCCTGATTGGAATTCG,0,2994869
ratA_yfjF_predicted,0.5,1,1,ATGGTCTATGGTTGCGTGGT,0,2999834
ratA_yfjF_predicted,0.5,1,1,ATGGGTGGGGGTTCGGTACT,0,3004689
ratA_yfjF_predicted,0.5,1,1,ATGGCCAGACTGTGGGTCTA,0,2994453
ratA_yfjF_predicted,0.5,1,1,ATGGAGCTTTCTCCCCCTGA,0,2999153
ratA_yfjF_predicted,0.5,1,1,ATGCTCGATGGGGAATTGAG,0,3014840
ratA_yfjF_predicted,0.5,1,1,ATGCCTCGGGGGTGTCACCC,0,3014101
ratA_yfjF_predicted,0.5,1,1,ATGATTGAATACCGGTTTTA,0,3014187
ratA_yfjF_predicted,0.5,1,1,ATGAATCATACCCTGAAGTG,0,3007791
ratA_yfjF_predicted,0.5,1,1,ATGAAGGTGCGTGAGTAGGT,0,3012925
ratA_yfjF_predicted,0.5,1,1,ATGAAGCCCTAATCATAATT,0,2998927
ratA_yfjF_predicted,0.5,1,1,ATGAAATATTTCGAGCGCCG,0,3016494
ratA_yfjF_predicted,0.5,1,1,ATCTTTCATTTCGAGTGATG,0,3010401
ratA_yfjF_predicted,0.5,1,1,ATCTTCAGCCTGAAGGACTG,0,3003380
ratA_yfjF_predicted,0.5,1,1,ATCTGACAGCTCGTAACCGT,0,3004551
ratA_yfjF_predicted,0.5,1,1,ATCTCTGCGCAGGTTGGAGG,0,2995918
ratA_yfjF_predicted,0.5,1,1,ATCGGTAGTCTTGAACCTCA,0,3000742
ratA_yfjF_predicted,0.5,1,1,ATCGCGGACAGTATTAGCTA,0,2995806
ratA_yfjF_predicted,0.5,1,1,ATCGCAGGTCTTTCAATCCA,0,2993738
ratA_yfjF_predicted,0.5,1,1,ATCGCACTGGAATCGATTGA,0,3007200
ratA_yfjF_predicted,0.5,1,1,ATCGAAGAAGCGTGCTGATA,0,2994785
ratA_yfjF_predicted,0.5,1,1,ATCGAAACTCCTACACGAGA,0,3020494
ratA_yfjF_predicted,0.5,1,1,ATCCTGGAAAGCTCGACTCT,0,2999380
ratA_yfjF_predicted,0.5,1,1,ATCCGAGTGGTACAGGCGCC,0,3021356
ratA_yfjF_predicted,0.5,1,1,ATCCCCAAGACCTCCAATCT,0,3007765
ratA_yfjF_predicted,0.5,1,1,ATCCAGCTAAAACGCCAGTA,0,3011276
ratA_yfjF_predicted,0.5,1,1,ATCCAGCCAAGATATTTGCG,0,2999999
ratA_yfjF_predicted,0.5,1,1,ATCCACTGTACATACCGCGG,0,3006445
ratA_yfjF_predicted,0.5,1,1,ATCATTCAAGACGGCTAGAC,0,3011968
ratA_yfjF_predicted,0.5,1,1,ATCATGCCACCTGCGCTGCG,0,3010550
ratA_yfjF_predicted,0.5,1,1,ATCATATATGGTGCAAGACA,0,3001200
ratA_yfjF_predicted,0.5,1,1,ATCATAAGACACATGCATCT,0,2995531
ratA_yfjF_predicted,0.5,1,1,ATCAGTACGGGCGTTCTGCG,0,3021764
ratA_yfjF_predicted,0.5,1,1,ATCACTCACGTCTTTTTATG,0,3001427
ratA_yfjF_predicted,0.5,1,1,ATATTCGTCTCGCGACCTGT,0,3011730
ratA_yfjF_predicted,0.5,1,1,ATATCTATGAGGACACCTAG,0,3002996
ratA_yfjF_predicted,0.5,1,1,ATATCGCGTCCGGCGATCGT,0,3015894
ratA_yfjF_predicted,0.5,1,1,ATATACAAACTTTTAGCACG,0,3001285
ratA_yfjF_predicted,0.5,1,1,ATAGGGGAATGTGTGCGGTT,0,3005617
ratA_yfjF_predicted,0.5,1,1,ATAGGGCCTACGCGCAGGAC,0,3018858
ratA_yfjF_predicted,0.5,1,1,ATAGCTTGTTCGGTTCCGAG,0,2996951
ratA_yfjF_predicted,0.5,1,1,ATAGATTCTACCGAGGTTAC,0,3010070
ratA_yfjF_predicted,0.5,1,1,ATAGATGCGCTCCCTACTTT,0,3012971
ratA_yfjF_predicted,0.5,1,1,ATAGATGCAAGTTGAAGCCA,0,3021396
ratA_yfjF_predicted,0.5,1,1,ATAGAGCGCCGCGCTCAAAA,0,2992374
ratA_yfjF_predicted,0.5,1,1,ATACGTATAAGTAGCGCCGG,0,3011596
ratA_yfjF_predicted,0.5,1,1,ATACGATCTCATGAAGTGGA,0,3003614
ratA_yfjF_predicted,0.5,1,1,ATACGAAGTGCTTGCAGTAT,0,3010160
ratA_yfjF_predicted,0.5,1,1,ATACCACGTGAAAGTGTGTT,0,3010850
ratA_yfjF_predicted,0.5,1,1,ATAATCCGGTGCGTTTGTGG,0,3003525
ratA_yfjF_predicted,0.5,1,1,ATAAGTATGCCAACTAGGTC,0,3010398
ratA_yfjF_predicted,0.5,1,1,ATAACAATATTAGAAATTGT,0,2997990
ratA_yfjF_predicted,0.5,1,1,ATAACAAAATAGCCAAAAAG,0,3015509
ratA_yfjF_predicted,0.5,1,1,ATAAACCCGTACCATCCGGC,0,3018799
ratA_yfjF_predicted,0.5,1,1,AGTTTGCAATTGAATAAAGA,0,3008212
ratA_yfjF_predicted,0.5,1,1,AGTTCGTTGATAAGCTTTTA,0,2997183
ratA_yfjF_predicted,0.5,1,1,AGTTCATCATACTAGAGTCC,0,2997325
ratA_yfjF_predicted,0.5,1,1,AGTTAGTCGGTTCAAGGTAG,0,2997258
ratA_yfjF_predicted,0.5,1,1,AGTTAGCTGTAGTAGTAGAA,0,3020219
ratA_yfjF_predicted,0.5,1,1,AGTTACAGTCGAGATGTGAG,0,2997387
ratA_yfjF_predicted,0.5,1,1,AGTGGGACTAAATAAGTTAT,0,3007960
ratA_yfjF_predicted,0.5,1,1,AGTGGACGCCTAGTAAAGCT,0,3014240
ratA_yfjF_predicted,0.5,1,1,AGTGATTCGTTAGCAATCCA,0,3007373
ratA_yfjF_predicted,0.5,1,1,AGTCTATTCTTGTAAGACAT,0,2996549
ratA_yfjF_predicted,0.5,1,1,AGTCGTCCGGTCTAACAGCT,0,3012946
ratA_yfjF_predicted,0.5,1,1,AGTCGCGGCGGCGTAACATA,0,3009379
ratA_yfjF_predicted,0.5,1,1,AGTCGATGAGAAAGCTGTGC,0,3018682
ratA_yfjF_predicted,0.5,1,1,AGTATATAGCCAGCCTTAAG,0,3015382
ratA_yfjF_predicted,0.5,1,1,AGTAGGCCGTATAGTCGCCG,0,3010345
ratA_yfjF_predicted,0.5,1,1,AGTACTCAAGTCTCTAGTAG,0,3020132
ratA_yfjF_predicted,0.5,1,1,AGTAAACTGCGAAGACACAA,0,2997115
ratA_yfjF_predicted,0.5,1,1,AGGTGTGAGAATTGCACCGT,0,2993252
ratA_yfjF_predicted,0.5,1,1,AGGTGCACGCCGTGAGGTCA,0,3010652
ratA_yfjF_predicted,0.5,1,1,AGGTCTTTCTCACTATCATT,0,3016003
ratA_yfjF_predicted,0.5,1,1,AGGGTTGCCGAAATCTGCTA,0,3012700
ratA_yfjF_predicted,0.5,1,1,AGGGTTGACTCATCTTTCTA,0,3018002
ratA_yfjF_predicted,0.5,1,1,AGGGGGACCAGTGTACACTT,0,3014552
ratA_yfjF_predicted,0.5,1,1,AGGGGATTACGGAGGTACTT,0,3009665
ratA_yfjF_predicted,0.5,1,1,AGGGCTTCGCAAGATTAGTG,0,3006982
ratA_yfjF_predicted,0.5,1,1,AGGGCGACATATGGGTCAGG,0,3021268
ratA_yfjF_predicted,0.5,1,1,AGGGACTATTTGTTGAAGTA,0,3014297
ratA_yfjF_predicted,0.5,1,1,AGGGACCACACCCTGAGTGG,0,3016118
ratA_yfjF_predicted,0.5,1,1,AGGCTTCCATGAACTCCCCA,0,3007417
ratA_yfjF_predicted,0.5,1,1,AGGCGCCGGGGCCCTAGCGT,0,2997952
ratA_yfjF_predicted,0.5,1,1,AGGCCGGTATGCTTCTATTG,0,2994827
ratA_yfjF_predicted,0.5,1,1,AGGATCCGCGATAGTTCAGC,0,3012070
ratA_yfjF_predicted,0.5,1,1,AGGAGCATCACTTATGCGTG,0,2999610
ratA_yfjF_predicted,0.5,1,1,AGGAAGCGTTGATAGACCGC,0,2997837
ratA_yfjF_predicted,0.5,1,1,AGCTTGCAGCTTATTGTGGA,0,3014615
ratA_yfjF_predicted,0.5,1,1,AGCTTAGTAATAATAGTTTA,0,3015522
ratA_yfjF_predicted,0.5,1,1,AGCTGTCCCGGCATATAGGA,0,2993905
ratA_yfjF_predicted,0.5,1,1,AGCTGGACCAGGATATTATC,0,3018565
ratA_yfjF_predicted,0.5,1,1,AGCTGCTCAGGCGCCTCATG,0,3020159
ratA_yfjF_predicted,0.5,1,1,AGCTCTCCGAACTGCAGCGG,0,2992006
ratA_yfjF_predicted,0.5,1,1,AGCTCCGAAAAATCGCCAGA,0,2996197
ratA_yfjF_predicted,0.5,1,1,AGCTAATCCAAGGTAACTTG,0,2993407
ratA_yfjF_predicted,0.5,1,1,AGCTAATAGGGGACTCAGAA,0,3005883
ratA_yfjF_predicted,0.5,1,1,AGCGTCATGAGGATCATCCA,0,3001385
ratA_yfjF_predicted,0.5,1,1,AGCGCGATTCGTAGATCCCA,0,3000805
ratA_yfjF_predicted,0.5,1,1,AGCGCGATGACTTAATGGTA,0,2994798
ratA_yfjF_predicted,0.5,1,1,AGCGATTAAGGTATACTACA,0,3021509
ratA_yfjF_predicted,0.5,1,1,AGCCGTTCCCAATAAATATC,0,2992983
ratA_yfjF_predicted,0.5,1,1,AGCCGCGGCGGTTCAAGTGG,0,3005648
ratA_yfjF_predicted,0.5,1,1,AGCCCTGCTGGAACGATTCA,0,3003656
ratA_yfjF_predicted,0.5,1,1,AGCCCGGGAGGGGAAACCGA,0,3006099
ratA_yfjF_predicted,0.5,1,1,AGCCACAAACACCGGGATGT,0,2998579
ratA_yfjF_predicted,0.5,1,1,AGCATTAGGTAACTCCATTT,0,3012996
ratA_yfjF_predicted,0.5,1,1,AGCAATCGTGCTTAGATCAC,0,2995032
ratA_yfjF_predicted,0.5,1,1,AGATTTAATGATTTATCGGC,0,3016936
ratA_yfjF_predicted,0.5,1,1,AGATGGGGGCATAACTAGCA,0,3011117
ratA_yfjF_predicted,0.5,1,1,AGATGCCATGCGTAACCCGG,0,3009080
ratA_yfjF_predicted,0.5,1,1,AGATATTCGAAATCGGCGGA,0,3009716
ratA_yfjF_predicted,0.5,1,1,AGATAAAAGGGCTCAGGAAC,0,3008256
ratA_yfjF_predicted,0.5,1,1,AGAGTGTCCCAGAGGGTTCA,0,3009233
ratA_yfjF_predicted,0.5,1,1,AGAGATACACACTGCATTTT,0,3004209
ratA_yfjF_predicted,0.5,1,1,AGACTCGCAATGTTCCAGAT,0,3005856
ratA_yfjF_predicted,0.5,1,1,AGACGTCTACGGCCTCTCCT,0,2992764
ratA_yfjF_predicted,0.5,1,1,AGACCCAAACAATGCCCTTT,0,2999933
ratA_yfjF_predicted,0.5,1,1,AGACCACTCCGAATAGCAAT,0,2996537
ratA_yfjF_predicted,0.5,1,1,AGACATTAGTATGGGCAGGG,0,3017037
ratA_yfjF_predicted,0.5,1,1,AGAATATCTGCAGGAAGATC,0,2995948
ratA_yfjF_predicted,0.5,1,1,AGAAGCTATACGCGGAGATA,0,2997782
ratA_yfjF_predicted,0.5,1,1,AGAAATGTTTAGTGCGTCCT,0,3010113
ratA_yfjF_predicted,0.5,1,1,AGAAAGGCCTTTTTGGGGAA,0,3005186
ratA_yfjF_predicted,0.5,1,1,AGAAACAATGGTATAGCTAG,0,3019365
ratA_yfjF_predicted,0.5,1,1,AGAAACAACTAGGATTTCAT,0,3015898
ratA_yfjF_predicted,0.5,1,1,ACTTTAGATGGGCTTGCTAG,0,3002831
ratA_yfjF_predicted,0.5,1,1,ACTTTAAAGCCCTTGACCTA,0,3005428
ratA_yfjF_predicted,0.5,1,1,ACTTGGTGGTCAATCTTTGG,0,3003504
ratA_yfjF_predicted,0.5,1,1,ACTTCGATACGACAACTCAC,0,3014171
ratA_yfjF_predicted,0.5,1,1,ACTTACAGCAATCTGGGAGT,0,2994353
ratA_yfjF_predicted,0.5,1,1,ACTGTTCAACTGTGCGATTC,0,3000062
ratA_yfjF_predicted,0.5,1,1,ACTGCACATCTCTCCGAATG,0,2996769
ratA_yfjF_predicted,0.5,1,1,ACTGATGCGTCTGGCGCAGT,0,3002450
ratA_yfjF_predicted,0.5,1,1,ACTGAGGAGACGTTACTTAT,0,2997916
ratA_yfjF_predicted,0.5,1,1,ACTCGCAGACTGCTACTTTC,0,3016135
ratA_yfjF_predicted,0.5,1,1,ACTCGAAGTTCATGCCGCAA,0,3008723
ratA_yfjF_predicted,0.5,1,1,ACTCGAAGGGCCATGTTTCT,0,2996343
ratA_yfjF_predicted,0.5,1,1,ACTCCTGGGTCACCTGACAC,0,2997059
ratA_yfjF_predicted,0.5,1,1,ACTCCCCAAGGGCTCTCACC,0,3005426
ratA_yfjF_predicted,0.5,1,1,ACTCATGAGAGGGGTTACGA,0,3002843
ratA_yfjF_predicted,0.5,1,1,ACTCAGCCTCACGCCTACCT,0,3006341
ratA_yfjF_predicted,0.5,1,1,ACTCACACCCGGCATCTTGG,0,3020096
ratA_yfjF_predicted,0.5,1,1,ACTATTACGAGAAGGGAAGT,0,2994048
ratA_yfjF_predicted,0.5,1,1,ACTATCGGTTGAAGTGCGAG,0,3015325
ratA_yfjF_predicted,0.5,1,1,ACTAGGGATGTACTCTCGCA,0,3004405
ratA_yfjF_predicted,0.5,1,1,ACTAAGGACGGTCGGAGCGA,0,3014087
ratA_yfjF_predicted,0.5,1,1,ACTAAATGTCTGCGCTTTCA,0,3010369
ratA_yfjF_predicted,0.5,1,1,ACTAAACGCATGCATAGACT,0,3001351
ratA_yfjF_predicted,0.5,1,1,ACGTTTTCATCTCGTATTTA,0,3019731
ratA_yfjF_predicted,0.5,1,1,ACGTGGGCGAGTTTAGGGTA,0,3012783
ratA_yfjF_predicted,0.5,1,1,ACGTGGCATTCAGGTCTGAA,0,3017610
ratA_yfjF_predicted,0.5,1,1,ACGTCGCGTATACGTAAACA,0,2995750
ratA_yfjF_predicted,0.5,1,1,ACGTCCGACAACCAAGTAAC,0,3010854
ratA_yfjF_predicted,0.5,1,1,ACGTATATTAGATACCAGCC,0,3009194
ratA_yfjF_predicted,0.5,1,1,ACGGTCCGGTGTGCACAGTA,0,3013541
ratA_yfjF_predicted,0.5,1,1,ACGGTAGCCGTCAAATGACC,0,3020166
ratA_yfjF_predicted,0.5,1,1,ACGGGCTTTATTACCGTAGC,0,3000748
ratA_yfjF_predicted,0.5,1,1,ACGGCTCGTCGGTCGAAGTT,0,3003962
ratA_yfjF_predicted,0.5,1,1,ACGGCTATGGAGATGGGGAA,0,3000192
ratA_yfjF_predicted,0.5,1,1,ACGGCCTACTGGACAGGGGT,0,2996913
ratA_yfjF_predicted,0.5,1,1,ACGGCCGCAGTAACGGCATG,0,2999578
ratA_yfjF_predicted,0.5,1,1,ACGGCACTTTTCGCCCCTTC,0,3017286
ratA_yfjF_predicted,0.5,1,1,ACGGAGCGCTAGTCATAATC,0,2997711
ratA_yfjF_predicted,0.5,1,1,ACGCGACCCACGGCATATGT,0,3004806
ratA_yfjF_predicted,0.5,1,1,ACGCCATGCGCTGATGGAGG,0,3003878
ratA_yfjF_predicted,0.5,1,1,ACGCATTTTGCTTACCCCTC,0,2999859
ratA_yfjF_predicted,0.5,1,1,ACGCACCGTACTCATAAAAA,0,3003445
ratA_yfjF_predicted,0.5,1,1,ACGAGGAAGTGATGGCCCCC,0,3008509
ratA_yfjF_predicted,0.5,1,1,ACGACATGTCACGCAAATTC,0,2992765
ratA_yfjF_predicted,0.5,1,1,ACCTCGCCGTACCGTGAGGG,0,2998540
ratA_yfjF_predicted,0.5,1,1,ACCTAAACATCAACTCAGCA,0,3004675
ratA_yfjF_predicted,0.5,1,1,ACCGGGCAGAGGTTCTATCA,0,2992696
ratA_yfjF_predicted,0.5,1,1,ACCCTACCGGTCCACGCTCT,0,2994174
ratA_yfjF_predicted,0.5,1,1,ACCCGGCCTGCCGCACATAA,0,3010801
ratA_yfjF_predicted,0.5,1,1,ACCCGCTGCCAACTGACGCA,0,3013017
ratA_yfjF_predicted,0.5,1,1,ACCCCGCACTGCCGCGATGA,0,3003890
ratA_yfjF_predicted,0.5,1,1,ACCAGTTAGCCTGTAACCTG,0,3002077
ratA_yfjF_predicted,0.5,1,1,ACCAGGTAGGGGTATAAGGA,0,3017372
ratA_yfjF_predicted,0.5,1,1,ACCAGACCGACCTCAGACGG,0,3006883
ratA_yfjF_predicted,0.5,1,1,ACCACAGGAAGTTACACCCC,0,3001537
ratA_yfjF_predicted,0.5,1,1,ACCAAAGTAGCTCTCGTGTG,0,3016733
ratA_yfjF_predicted,0.5,1,1,ACATTCCGAGTCGAGCAAGC,0,3005524
ratA_yfjF_predicted,0.5,1,1,ACATGGGTTGGAAGCGCTCT,0,2994687
ratA_yfjF_predicted,0.5,1,1,ACATCTATGCAACTGTTCCA,0,2994887
ratA_yfjF_predicted,0.5,1,1,ACATATATTCAACTGGTGAC,0,3018556
ratA_yfjF_predicted,0.5,1,1,ACAGTGTGGGTGCTAATATG,0,3012502
ratA_yfjF_predicted,0.5,1,1,ACAGTGCGTATATACAAAGG,0,3004270
ratA_yfjF_predicted,0.5,1,1,ACAGTGAACACTGTATTAGA,0,3008574
ratA_yfjF_predicted,0.5,1,1,ACAGCCGAGGGCTTCAGCTA,0,3008865
ratA_yfjF_predicted,0.5,1,1,ACAGCATCTGGTCTGTGGGG,0,3018274
ratA_yfjF_predicted,0.5,1,1,ACAGACACTTATAGCTGTTC,0,3009265
ratA_yfjF_predicted,0.5,1,1,ACACTTGCACTTATAGTCCA,0,3001124
ratA_yfjF_predicted,0.5,1,1,ACACTTGACGCTGTGAGTGT,0,3006011
ratA_yfjF_predicted,0.5,1,1,ACACTGACTTTAAACGCTGC,0,3012225
ratA_yfjF_predicted,0.5,1,1,ACACTCATCAGTGGTGCATT,0,2994263
ratA_yfjF_predicted,0.5,1,1,ACACATCATAAACACCCAAG,0,2992379
ratA_yfjF_predicted,0.5,1,1,ACACAGAAAGTTGTGGGAAT,0,3007730
ratA_yfjF_predicted,0.5,1,1,ACAATAGCCCGGCGAGGGAT,0,2995484
ratA_yfjF_predicted,0.5,1,1,ACAAGACGCGGAAGAAAAAG,0,3005830
ratA_yfjF_predicted,0.5,1,1,ACAACAAAATTCTCGCTTGA,0,3015606
ratA_yfjF_predicted,0.5,1,1,ACAAATAAATTCTACCCGTT,0,3003430
ratA_yfjF_predicted,0.5,1,1,ACAAAGATGGAATCGCTGTT,0,3017044
ratA_yfjF_predicted,0.5,1,1,ACAAACGAGCGGAGGGGCCA,0,3002969
ratA_yfjF_predicted,0.5,1,1,AATTTCGGTCATAATGCGTA,0,3021714
ratA_yfjF_predicted,0.5,1,1,AATTCCTACACCTGGTAGTC,0,3006795
ratA_yfjF_predicted,0.5,1,1,AATTAGGCTGGGTGACTAAT,0,3012489
ratA_yfjF_predicted,0.5,1,1,AATTACACTACACTCGGGAC,0,3002972
ratA_yfjF_predicted,0.5,1,1,AATGGTTGTAATCACACTAT,0,3009861
ratA_yfjF_predicted,0.5,1,1,AATGATATTGGTTTCAATAA,0,3010159
ratA_yfjF_predicted,0.5,1,1,AATGACACCGGATCGGTTAG,0,2998734
ratA_yfjF_predicted,0.5,1,1,AATCGTAAGATCCCGGGAAA,0,2996522
ratA_yfjF_predicted,0.5,1,1,AATCGGCGTACCTTCAAAAC,0,3013643
ratA_yfjF_predicted,0.5,1,1,AATCCGACCTTGAACGCAAC,0,3000882
ratA_yfjF_predicted,0.5,1,1,AATCCCGGTGCCCATTAGTG,0,3017515
ratA_yfjF_predicted,0.5,1,1,AATCAACTTTAATACGTGGG,0,3016333
ratA_yfjF_predicted,0.5,1,1,AATAGTGTCCCCCACACATG,0,3016289
ratA_yfjF_predicted,0.5,1,1,AATAGAAATCATCCTTAAAA,0,2993180
ratA_yfjF_predicted,0.5,1,1,AATACTTTGCAATCGTGATT,0,3011198
ratA_yfjF_predicted,0.5,1,1,AATAACTGTCGTGGCAAGAC,0,3020069
ratA_yfjF_predicted,0.5,1,1,AATAAACCTTCCATTAGAAA,0,3021787
ratA_yfjF_predicted,0.5,1,1,AAGTTCCCTTACGTACGGTC,0,2996637
ratA_yfjF_predicted,0.5,1,1,AAGTGGGGACTGCAAGGGAC,0,2996739
ratA_yfjF_predicted,0.5,1,1,AAGTCAAGCAAATCGTTCAA,0,2993844
ratA_yfjF_predicted,0.5,1,1,AAGGTTATCATGGTAGCAAC,0,3004079
ratA_yfjF_predicted,0.5,1,1,AAGGTGTTGTTACCTCGCCC,0,3020178
ratA_yfjF_predicted,0.5,1,1,AAGGGCCCATTATGATCTCC,0,3014307
ratA_yfjF_predicted,0.5,1,1,AAGGCGGCACTCAATCCTCT,0,3020812
ratA_yfjF_predicted,0.5,1,1,AAGGCGATCACCTATTCCCG,0,3000254
ratA_yfjF_predicted,0.5,1,1,AAGGCACCAGCTACCGTGCA,0,3000767
ratA_yfjF_predicted,0.5,1,1,AAGGATCCGAGAGTCCATCA,0,2997798
ratA_yfjF_predicted,0.5,1,1,AAGCTTTTTTTGGTCTAGGT,0,3008519
ratA_yfjF_predicted,0.5,1,1,AAGCGGGCAGTTTTCTACTA,0,2996414
ratA_yfjF_predicted,0.5,1,1,AAGCGATATGACGTTGGACG,0,3020608
ratA_yfjF_predicted,0.5,1,1,AAGCAGGTTTTGTGGTCCCT,0,3015447
ratA_yfjF_predicted,0.5,1,1,AAGAGGTCTAAGTTAGTCTG,0,3021541
ratA_yfjF_predicted,0.5,1,1,AAGACTTGGGGCTTCCCGCA,0,2997824
ratA_yfjF_predicted,0.5,1,1,AAGACCTCCAAATAGACATA,0,3001821
ratA_yfjF_predicted,0.5,1,1,AAGAATTTGCATACGAGAAG,0,3010110
ratA_yfjF_predicted,0.5,1,1,AACTTCCATAACTGAGCACT,0,3003384
ratA_yfjF_predicted,0.5,1,1,AACTGGAATTGAACATCGTG,0,3010634
ratA_yfjF_predicted,0.5,1,1,AACTGCCCATGTCCCGATGC,0,2995634
ratA_yfjF_predicted,0.5,1,1,AACTGATGATAGAGAGTCCA,0,3018362
ratA_yfjF_predicted,0.5,1,1,AACTGAACTAGGATGTTGCC,0,3008947
ratA_yfjF_predicted,0.5,1,1,AACTCTTAGCAAGCATCTAG,0,3002384
ratA_yfjF_predicted,0.5,1,1,AACTCGCGAGTGGTGTGGGC,0,2992044
ratA_yfjF_predicted,0.5,1,1,AACTCCCCTTGCGGGGGCCT,0,3019261
ratA_yfjF_predicted,0.5,1,1,AACTCCATGGCTCCGCCAAG,0,3016017
ratA_yfjF_predicted,0.5,1,1,AACTCACGCCGTGCGCTGAC,0,2992674
ratA_yfjF_predicted,0.5,1,1,AACGTCCTCCATTAAATGTG,0,3008430
ratA_yfjF_predicted,0.5,1,1,AACGTAGCCAACATGCCCGT,0,3014244
ratA_yfjF_predicted,0.5,1,1,AACGCGAGCCTGTTAAACAG,0,3016167
ratA_yfjF_predicted,0.5,1,1,AACGAGCCCACCTACCCTTC,0,3007181
ratA_yfjF_predicted,0.5,1,1,AACCTGGTTCGGGGGCGATG,0,3019806
ratA_yfjF_predicted,0.5,1,1,AACCTCTTCCGTATTAGGTC,0,2996498
ratA_yfjF_predicted,0.5,1,1,AACCCGGTGAAAGGCAAAGA,0,3004241
ratA_yfjF_predicted,0.5,1,1,AACCCATTCCACACGATCAA,0,3009102
ratA_yfjF_predicted,0.5,1,1,AACACCACATATGTGCATTA,0,3019735
ratA_yfjF_predicted,0.5,1,1,AACAATCTGGCTCGTTCTAT,0,3013824
ratA_yfjF_predicted,0.5,1,1,AAATTCAAAGGCGGCTTCCG,0,3014105
ratA_yfjF_predicted,0.5,1,1,AAATGTGCGAGCAAGCAGCT,0,3008883
ratA_yfjF_predicted,0.5,1,1,AAATGATCCAAGGTTCAAGC,0,3009369
ratA_yfjF_predicted,0.5,1,1,AAATCTCACTTCGCACCGAA,0,3001146
ratA_yfjF_predicted,0.5,1,1,AAATCCGTATTAACCTTCGA,0,3014800
ratA_yfjF_predicted,0.5,1,1,AAAGTAGCCTACCAATGTCC,0,3019379
ratA_yfjF_predicted,0.5,1,1,AAAGGGGGGACAGATAGTAC,0,3008494
ratA_yfjF_predicted,0.5,1,1,AAAGGGCATCGCGGGATAAA,0,2998831
ratA_yfjF_predicted,0.5,1,1,AAAGGACTCGGGTCGACGAA,0,3005041
ratA_yfjF_predicted,0.5,1,1,AAAGGACTCATACGCCCCGG,0,3017152
ratA_yfjF_predicted,0.5,1,1,AAACGTTCGGAGGCTGACTA,0,2991895
ratA_yfjF_predicted,0.5,1,1,AAACGACTACATGGGAGAGG,0,3007489
ratA_yfjF_predicted,0.5,1,1,AAACCTCCCAGGACTTAACT,0,3015085
ratA_yfjF_predicted,0.5,1,1,AAACATCTCCCACAACTTAG,0,3008308
ratA_yfjF_predicted,0.5,1,1,AAACAATCTACGCATTAGGA,0,3016016
ratA_yfjF_predicted,0.5,1,1,AAAATCTCAGCTGAACATTT,0,2997077
ratA_yfjF_predicted,0.5,1,1,AAAAGATGGAAGTATTGTCC,0,2993145
ratA_yfjF_predicted,0.5,1,1,AAAACCATCGTTTCTATATT,0,3011435
ratA_yfjF_predicted,0.5,1,1,AAAAATCGGTGATCAGCACA,0,2993648
ratA_yfjF_predicted,0.5,1,1,AAAAAGCGCCATACTCCGTA,0,2998161
ratA_yfjF_predicted,0.5,1,1,AAAAACGGGTATGAATGGTC,0,3019480
ratA_yfjF_predicted,88.0,87,0,TTATAACGAAAGGCCCTGTG,87,3018411
ratA_yfjF_predicted,69.0,68,0,GCTGGCGCAACCGATGACGA,68,3020505
ratA_yfjF_predicted,66.0,65,0,TAGGGTTCGCACAGATTCGA,65,3017863
ratA_yfjF_predicted,65.0,64,0,GCTGTAACGGAAGACTGCGA,64,3002459
ratA_yfjF_predicted,59.0,58,0,TAGGAAACTTAATGTGTGAG,58,3015980
ratA_yfjF_predicted,56.0,55,0,GGAGCGGCTTGCTTAGGAAA,55,3003356
ratA_yfjF_predicted,56.0,55,0,GAATTGGGGCCGAGTGAATG,55,2995103
ratA_yfjF_predicted,53.0,52,0,TTCCGTTTTTGCTTATGCTT,52,3010319
ratA_yfjF_predicted,50.0,49,0,GTGGTAAAGCTTTGGCGCCT,49,2994795
ratA_yfjF_predicted,43.0,42,0,GTTCCTAGGTTCCAAACGTT,42,3017737
ratA_yfjF_predicted,40.0,39,0,TCTTGCTTCTTGTAGTTATT,39,3014261
ratA_yfjF_predicted,40.0,39,0,GACCCTTGGAGCCGCGATCA,39,2998052
ratA_yfjF_predicted,39.0,38,0,GTGTATTATGTTCTGAGACT,38,3021713
ratA_yfjF_predicted,38.0,37,0,GTGAGGTACTTAAACCCTAG,37,2993321
ratA_yfjF_predicted,37.0,36,0,CAACGGACTTACTACACAAC,36,2993561
ratA_yfjF_predicted,36.0,35,0,GATAGTTTTCGTATTCATTC,35,3009134
ratA_yfjF_predicted,36.0,35,0,ATGGTTGATCATACGGTGCG,35,3021301
ratA_yfjF_predicted,31.0,30,0,TATAGACAGCCCGGCATGGC,30,3011090
ratA_yfjF_predicted,31.0,30,0,CCACTCGCTAGCTTTGCTTG,30,3018546
ratA_yfjF_predicted,31.0,30,0,ATATACCGACCTATGGCGCG,30,3004442
ratA_yfjF_predicted,30.0,29,0,TTATAACCTTAATGTGAGTT,29,3013071
ratA_yfjF_predicted,30.0,29,0,GAGATCTAGTCACTCGCCAT,29,3012334
ratA_yfjF_predicted,29.0,28,0,GTCCCGTGGACGAGCAGTAA,28,3007111
ratA_yfjF_predicted,28.0,27,0,TTAAGCCGTCTCACGCTAAT,27,2998505
ratA_yfjF_predicted,28.0,27,0,TCGTTTTGGCGCTGTTACCT,27,3009097
ratA_yfjF_predicted,28.0,27,0,AATAAGACAGATCTAAGTCC,27,2996762
ratA_yfjF_predicted,28.0,27,0,AAGGTGCGTAGGCTGCTCGA,27,3020907
ratA_yfjF_predicted,27.0,26,0,TTCGCAAAAGAGTACCATGT,26,3012733
ratA_yfjF_predicted,27.0,26,0,CGTAAAATGACAGGACTGAT,26,2996883
ratA_yfjF_predicted,25.0,24,0,TTGTAAATTGCCATAGGTGA,24,3011924
ratA_yfjF_predicted,25.0,24,0,TATTGAGAAAATACATTACT,24,3001311
ratA_yfjF_predicted,25.0,24,0,GGGATACAGCGATCCAAGCC,24,3003843
ratA_yfjF_predicted,25.0,24,0,CACATCCTTCATGTCACAGA,24,2996987
ratA_yfjF_predicted,24.0,23,0,CACCAAAAGTGACCAAAAGA,23,3002039
ratA_yfjF_predicted,24.0,23,0,ATGCACGGGAGGGGAAGTTA,23,3014445
ratA_yfjF_predicted,23.0,22,0,GGGCATCTAAACCGATTTCG,22,2993399
ratA_yfjF_predicted,22.0,21,0,CTGCTATCAGAAATATAGTG,21,3017370
ratA_yfjF_predicted,22.0,21,0,CGTACCTTCCCCATCCTATG,21,2992593
ratA_yfjF_predicted,22.0,21,0,AAGCCTAGTCCTGTCGTCTA,21,3013705
ratA_yfjF_predicted,21.0,20,0,ACGAATAACCGGAGGTAGTG,20,3012381
ratA_yfjF_predicted,21.0,20,0,ACAGGTGCCATGCACGGCAT,20,3013103
ratA_yfjF_predicted,20.0,19,0,ATTATCTTGTCGCTCCATTA,19,3015947
ratA_yfjF_predicted,20.0,19,0,AAGGGCTAATATCGGTTAAG,19,3003363
ratA_yfjF_predicted,19.0,18,0,TACGTATGGGTGGGGACTAA,18,3009481
ratA_yfjF_predicted,19.0,18,0,CATGTACGTCGAGGAGTGTA,18,3012577
ratA_yfjF_predicted,17.0,16,0,ACGTGGATAGTAGCCAAGCC,16,3003735
ratA_yfjF_predicted,16.0,15,0,CGCCTCAATTCGGCCCTGGT,15,3001765
ratA_yfjF_predicted,15.0,14,0,TTAAGTGGATCCGAGTTTTT,14,2994932
ratA_yfjF_predicted,13.0,12,0,CCGGCAGTAGCCCATAAGAG,12,3017977
ratA_yfjF_predicted,11.0,10,0,CGGGAACACCCCTTCACCTC,10,3021099
ratA_yfjF_predicted,9.0,8,0,CTGGACAAATTAAGTAAGAG,8,3009555
ratA_yfjF_predicted,9.0,8,0,AAATTCCCGGCGTTATTTAA,8,2991814
ratA_yfjF_predicted,7.0,6,0,ACACAATCTGACCCACCCTT,6,3019805
ratA_yfjF_predicted,6.0,5,0,TTATGTGTCACCGCGGCAAA,5,3003084
ratA_yfjF_predicted,6.0,5,0,TTAACGGGGAGACGCCAGAT,5,3016799
ratA_yfjF_predicted,5.0,4,0,ATTCGTCTTGCAGAATAGCC,4,2997079
ratA_yfjF_predicted,4.0,3,0,GTTCACACATCTTCACCTAT,3,2999630
ratA_yfjF_predicted,4.0,3,0,CCGGTTCACAAGCTTCATTC,3,2994830
ratA_yfjF_predicted,3.0,2,0,CGCAGAGCAGGATCCGGATC,2,3019496
ratA_yfjF_predicted,3.0,2,0,CAGTAAGGCGCAACCGCATA,2,2994272
ratA_yfjF_predicted,3.0,2,0,ATCCCAGGTTTACCGCCCCT,2,3006001
ratA_yfjF_predicted,2.0,1,0,TTCATCGCCGGTTGACCGGG,1,3020634
ratA_yfjF_predicted,2.0,1,0,TATGGCCTGGAAGCTATGTT,1,2997026
ratA_yfjF_predicted,2.0,1,0,TAAAGGGTGTAGATTTTAAG,1,3017645
ratA_yfjF_predicted,2.0,1,0,TAAACGTTTTAGGGACACTT,1,2992657
ratA_yfjF_predicted,2.0,1,0,GGTTCTGCGTAGAAGCCCGA,1,3000514
ratA_yfjF_predicted,2.0,1,0,GGCGTTCGCCTGAACACATT,1,3002425
ratA_yfjF_predicted,2.0,1,0,GGATGTTACACAGTACCCGA,1,3003748
ratA_yfjF_predicted,2.0,1,0,GCCGTCACCAATCACCACAT,1,3011758
ratA_yfjF_predicted,2.0,1,0,CATGGTTAGAACAACAGGAT,1,3004835
ratA_yfjF_predicted,2.0,1,0,ATGATCGAAGAACGTCCAAT,1,3012609
ratA_yfjF_predicted,2.0,1,0,ATCAAAGCCTATTGAATGCC,1,3019942
ratA_yfjF_predicted,2.0,1,0,AGTTCCTTGAAAATAAGGCA,1,2996568
ratA_yfjF_predicted,2.0,1,0,AGTGCCCTGGATGCAGTTAG,1,3001604
ratA_yfjF_predicted,2.0,1,0,AGCTGGGCAACGCCGGCCGT,1,3019058
ratA_yfjF_predicted,2.0,1,0,AGATGCCCCTAGATCAGAAA,1,3014163
ratA_yfjF_predicted,2.0,1,0,ACAGCATTGTTGCCAACGTT,1,2996841
